fra;vaccin;jour;n_dose1;n_dose2;n_dose3;n_dose4;n_rappel;n_cum_dose1;n_cum_dose2;n_cum_dose3;n_cum_dose4;n_cum_rappel
FR;1;2020-12-27;593;0;0;0;0;593;0;0;0;0
FR;1;2020-12-28;649;0;0;0;0;1242;0;0;0;0
FR;1;2020-12-29;368;0;0;0;0;1610;0;0;0;0
FR;1;2020-12-30;433;0;0;0;0;2043;0;0;0;0
FR;1;2020-12-31;360;0;0;0;0;2403;0;0;0;0
FR;1;2021-01-01;1104;0;0;0;0;3507;0;0;0;0
FR;1;2021-01-02;348;1;0;0;0;3855;1;0;0;0
FR;1;2021-01-03;394;0;0;0;0;4249;1;0;0;0
FR;1;2021-01-04;2074;0;0;0;0;6323;1;0;0;0
FR;1;2021-01-05;6808;2;0;0;0;13131;3;0;0;0
FR;1;2021-01-06;12271;4;0;0;0;25402;7;0;0;0
FR;1;2021-01-07;29429;2;0;0;0;54831;9;0;0;0
FR;1;2021-01-08;37106;2;0;0;0;91937;11;0;0;0
FR;1;2021-01-09;11206;2;0;0;0;103143;13;0;0;0
FR;1;2021-01-10;5987;0;0;0;0;109130;13;0;0;0
FR;1;2021-01-11;39912;5;0;0;0;149042;18;0;0;0
FR;1;2021-01-12;62093;6;0;0;0;211135;24;0;0;0
FR;1;2021-01-13;65038;16;0;0;0;276173;40;0;0;0
FR;1;2021-01-14;81420;22;0;0;0;357593;62;0;0;0
FR;1;2021-01-15;68578;7;0;0;0;426171;69;0;0;0
FR;1;2021-01-16;19890;75;0;0;0;446061;144;0;0;0
FR;1;2021-01-17;10895;45;0;0;0;456956;189;0;0;0
FR;1;2021-01-18;82735;167;0;0;0;539691;356;0;0;0
FR;1;2021-01-19;125880;140;0;0;0;665571;496;0;0;0
FR;1;2021-01-20;132355;170;0;0;0;797926;666;0;0;0
FR;1;2021-01-21;153016;143;0;0;0;950942;809;0;0;0
FR;1;2021-01-22;115903;175;0;0;0;1066845;984;0;0;0
FR;1;2021-01-23;36589;56;0;0;0;1103434;1040;0;0;0
FR;1;2021-01-24;9577;48;0;0;0;1113011;1088;0;0;0
FR;1;2021-01-25;74392;1226;0;0;0;1187403;2314;0;0;0
FR;1;2021-01-26;96419;3141;1;0;0;1283822;5455;1;0;0
FR;1;2021-01-27;103611;5676;0;0;0;1387433;11131;1;0;0
FR;1;2021-01-28;120564;14426;0;0;0;1507997;25557;1;0;0
FR;1;2021-01-29;88858;17345;0;0;0;1596855;42902;1;0;0
FR;1;2021-01-30;27969;4223;0;0;0;1624824;47125;1;0;0
FR;1;2021-01-31;5174;1705;0;0;0;1629998;48830;1;0;0
FR;1;2021-02-01;49684;21102;0;0;0;1679682;69932;1;0;0
FR;1;2021-02-02;67772;34611;0;0;0;1747454;104543;1;0;0
FR;1;2021-02-03;67036;37068;0;0;0;1814490;141611;1;0;0
FR;1;2021-02-04;77086;50149;0;0;0;1891576;191760;1;0;0
FR;1;2021-02-05;63393;45423;0;0;0;1954969;237183;1;0;0
FR;1;2021-02-06;19391;10472;0;0;0;1974360;247655;1;0;0
FR;1;2021-02-07;3652;5054;0;0;0;1978012;252709;1;0;0
FR;1;2021-02-08;36474;46084;0;0;0;2014486;298793;1;0;0
FR;1;2021-02-09;50776;72490;0;0;0;2065262;371283;1;0;0
FR;1;2021-02-10;52019;76715;0;0;0;2117281;447998;1;0;0
FR;1;2021-02-11;63331;99026;0;0;0;2180612;547024;1;0;0
FR;1;2021-02-12;55825;74087;0;0;0;2236437;621111;1;0;0
FR;1;2021-02-13;15444;19307;0;0;0;2251881;640418;1;0;0
FR;1;2021-02-14;3739;7246;0;0;0;2255620;647664;1;0;0
FR;1;2021-02-15;24121;73537;0;0;0;2279741;721201;1;0;0
FR;1;2021-02-16;32739;96684;0;0;0;2312480;817885;1;0;0
FR;1;2021-02-17;35077;98724;1;0;0;2347557;916609;2;0;0
FR;1;2021-02-18;49392;113521;0;0;0;2396949;1030130;2;0;0
FR;1;2021-02-19;45351;86410;1;0;0;2442300;1116540;3;0;0
FR;1;2021-02-20;13374;26948;0;0;0;2455674;1143488;3;0;0
FR;1;2021-02-21;2448;6302;0;0;0;2458122;1149790;3;0;0
FR;1;2021-02-22;24693;69429;2;0;0;2482815;1219219;5;0;0
FR;1;2021-02-23;37404;80433;1;0;0;2520219;1299652;6;0;0
FR;1;2021-02-24;40651;77625;1;0;0;2560870;1377277;7;0;0
FR;1;2021-02-25;50121;87843;1;0;0;2610991;1465120;8;0;0
FR;1;2021-02-26;47168;67832;0;0;0;2658159;1532952;8;0;0
FR;1;2021-02-27;15664;20956;0;0;0;2673823;1553908;8;0;0
FR;1;2021-02-28;3548;4390;1;0;0;2677371;1558298;9;0;0
FR;1;2021-03-01;40118;49098;1;0;0;2717489;1607396;10;0;0
FR;1;2021-03-02;55930;61519;2;0;0;2773419;1668915;12;0;0
FR;1;2021-03-03;61162;60509;0;0;0;2834581;1729424;12;0;0
FR;1;2021-03-04;72948;65025;3;0;0;2907529;1794449;15;0;0
FR;1;2021-03-05;74712;59129;3;0;0;2982241;1853578;18;0;0
FR;1;2021-03-06;82421;16053;2;0;0;3064662;1869631;20;0;0
FR;1;2021-03-07;63695;5343;1;0;0;3128357;1874974;21;0;0
FR;1;2021-03-08;60127;42382;2;0;0;3188484;1917356;23;0;0
FR;1;2021-03-09;85931;48179;1;0;0;3274415;1965535;24;0;0
FR;1;2021-03-10;90831;48027;5;0;0;3365246;2013562;29;0;0
FR;1;2021-03-11;104983;53803;1;0;0;3470229;2067365;30;0;0
FR;1;2021-03-12;104063;45191;0;0;0;3574292;2112556;30;0;0
FR;1;2021-03-13;89165;12708;1;0;0;3663457;2125264;31;0;0
FR;1;2021-03-14;44433;3015;1;0;0;3707890;2128279;32;0;0
FR;1;2021-03-15;95445;29047;3;0;0;3803335;2157326;35;0;0
FR;1;2021-03-16;123556;34837;4;0;0;3926891;2192163;39;0;0
FR;1;2021-03-17;129239;34750;4;0;0;4056130;2226913;43;0;0
FR;1;2021-03-18;142821;39687;5;0;0;4198951;2266600;48;0;0
FR;1;2021-03-19;136195;32828;2;0;0;4335146;2299428;50;0;0
FR;1;2021-03-20;75966;10161;1;0;0;4411112;2309589;51;0;0
FR;1;2021-03-21;26469;2467;1;0;0;4437581;2312056;52;0;0
FR;1;2021-03-22;114647;31099;2;0;0;4552228;2343155;54;0;0
FR;1;2021-03-23;142954;38154;1;0;0;4695182;2381309;55;0;0
FR;1;2021-03-24;141933;38757;0;0;0;4837115;2420066;55;0;0
FR;1;2021-03-25;164943;39542;4;0;0;5002058;2459608;59;0;0
FR;1;2021-03-26;166343;37452;4;0;0;5168401;2497060;63;0;0
FR;1;2021-03-27;110853;15239;1;0;0;5279254;2512299;64;0;0
FR;1;2021-03-28;42280;3702;3;0;0;5321534;2516001;67;0;0
FR;1;2021-03-29;129776;49875;4;0;0;5451310;2565876;71;0;0
FR;1;2021-03-30;167637;63472;4;0;0;5618947;2629348;75;0;0
FR;1;2021-03-31;170857;66878;4;0;0;5789804;2696226;79;0;0
FR;1;2021-04-01;194651;79369;11;0;0;5984455;2775595;90;0;0
FR;1;2021-04-02;164385;84309;7;0;0;6148840;2859904;97;0;0
FR;1;2021-04-03;88207;58086;5;0;0;6237047;2917990;102;0;0
FR;1;2021-04-04;33430;17734;0;0;0;6270477;2935724;102;0;0
FR;1;2021-04-05;46353;10144;11;0;0;6316830;2945868;113;0;0
FR;1;2021-04-06;160202;100957;16;0;0;6477032;3046825;129;0;0
FR;1;2021-04-07;196887;108080;16;0;0;6673919;3154905;145;0;0
FR;1;2021-04-08;221974;112297;13;0;0;6895893;3267202;158;0;0
FR;1;2021-04-09;214477;107383;21;0;0;7110370;3374585;179;0;0
FR;1;2021-04-10;117126;73361;14;0;0;7227496;3447946;193;0;0
FR;1;2021-04-11;40802;30242;6;0;0;7268298;3478188;199;0;0
FR;1;2021-04-12;168315;103683;45;0;0;7436613;3581871;244;0;0
FR;1;2021-04-13;203698;128021;96;1;0;7640311;3709892;340;1;0
FR;1;2021-04-14;208483;122648;203;0;0;7848794;3832540;543;1;0
FR;1;2021-04-15;221552;126639;311;0;0;8070346;3959179;854;1;0
FR;1;2021-04-16;205963;125007;307;0;0;8276309;4084186;1161;1;0
FR;1;2021-04-17;122046;67400;102;0;0;8398355;4151586;1263;1;0
FR;1;2021-04-18;35915;20998;39;0;0;8434270;4172584;1302;1;0
FR;1;2021-04-19;163595;121749;429;0;0;8597865;4294333;1731;1;0
FR;1;2021-04-20;189311;148575;530;0;0;8787176;4442908;2261;1;0
FR;1;2021-04-21;193868;146613;754;0;0;8981044;4589521;3015;1;0
FR;1;2021-04-22;208855;162559;777;0;0;9189899;4752080;3792;1;0
FR;1;2021-04-23;198891;156772;666;0;0;9388790;4908852;4458;1;0
FR;1;2021-04-24;126292;95433;145;0;0;9515082;5004285;4603;1;0
FR;1;2021-04-25;53544;30085;46;0;0;9568626;5034370;4649;1;0
FR;1;2021-04-26;181048;138112;537;0;0;9749674;5172482;5186;1;0
FR;1;2021-04-27;221273;161741;898;0;0;9970947;5334223;6084;1;0
FR;1;2021-04-28;238192;154945;1308;1;1;10209139;5489168;7392;2;1
FR;1;2021-04-29;270189;159894;1205;0;0;10479328;5649062;8597;2;1
FR;1;2021-04-30;271897;147968;1068;0;0;10751225;5797030;9665;2;1
FR;1;2021-05-01;141057;40676;172;0;0;10892282;5837706;9837;2;1
FR;1;2021-05-02;81446;28121;80;0;0;10973728;5865827;9917;2;1
FR;1;2021-05-03;250628;146193;797;0;0;11224356;6012020;10714;2;1
FR;1;2021-05-04;265722;186787;1197;0;0;11490078;6198807;11911;2;1
FR;1;2021-05-05;283716;184441;1262;0;0;11773794;6383248;13173;2;1
FR;1;2021-05-06;309804;182905;1493;0;0;12083598;6566153;14666;2;1
FR;1;2021-05-07;283980;195504;1125;0;0;12367578;6761657;15791;2;1
FR;1;2021-05-08;191617;48305;283;0;0;12559195;6809962;16074;2;1
FR;1;2021-05-09;114005;36120;236;0;0;12673200;6846082;16310;2;1
FR;1;2021-05-10;257971;193983;1178;0;0;12931171;7040065;17488;2;1
FR;1;2021-05-11;318750;211084;1461;0;0;13249921;7251149;18949;2;1
FR;1;2021-05-12;356484;185668;1396;0;0;13606405;7436817;20345;2;1
FR;1;2021-05-13;283339;47717;398;0;0;13889744;7484534;20743;2;1
FR;1;2021-05-14;370392;128612;984;0;0;14260136;7613146;21727;2;1
FR;1;2021-05-15;297828;66069;402;0;0;14557964;7679215;22129;2;1
FR;1;2021-05-16;157708;15534;158;0;0;14715672;7694749;22287;2;1
FR;1;2021-05-17;318794;116495;1433;0;0;15034466;7811244;23720;2;1
FR;1;2021-05-18;383006;111116;1793;0;0;15417472;7922360;25513;2;1
FR;1;2021-05-19;395137;102676;2166;0;0;15812609;8025036;27679;2;1
FR;1;2021-05-20;421621;96150;2036;0;0;16234230;8121186;29715;2;1
FR;1;2021-05-21;399676;97240;1752;0;0;16633906;8218426;31467;2;1
FR;1;2021-05-22;275611;41995;601;0;0;16909517;8260421;32068;2;1
FR;1;2021-05-23;122944;11181;224;0;0;17032461;8271602;32292;2;1
FR;1;2021-05-24;243939;26251;564;0;0;17276400;8297853;32856;2;1
FR;1;2021-05-25;366011;131671;2103;1;0;17642411;8429524;34959;3;1
FR;1;2021-05-26;380704;125585;1983;0;0;18023115;8555109;36942;3;1
FR;1;2021-05-27;406014;127993;1966;0;0;18429129;8683102;38908;3;1
FR;1;2021-05-28;365896;145305;1691;0;0;18795025;8828407;40599;3;1
FR;1;2021-05-29;253778;80869;524;0;0;19048803;8909276;41123;3;1
FR;1;2021-05-30;100893;22527;156;0;0;19149696;8931803;41279;3;1
FR;1;2021-05-31;314171;148827;1279;1;1;19463867;9080630;42558;4;2
FR;1;2021-06-01;361079;166580;1720;1;1;19824946;9247210;44278;5;3
FR;1;2021-06-02;364127;153096;1785;0;0;20189073;9400306;46063;5;3
FR;1;2021-06-03;389826;147591;1642;0;0;20578899;9547897;47705;5;3
FR;1;2021-06-04;363265;175575;1485;1;1;20942164;9723472;49190;6;4
FR;1;2021-06-05;258415;112672;596;0;0;21200579;9836144;49786;6;4
FR;1;2021-06-06;126707;37526;215;0;0;21327286;9873670;50001;6;4
FR;1;2021-06-07;299676;207909;1356;0;0;21626962;10081579;51357;6;4
FR;1;2021-06-08;330440;220758;1629;0;0;21957402;10302337;52986;6;4
FR;1;2021-06-09;336264;212337;1600;0;0;22293666;10514674;54586;6;4
FR;1;2021-06-10;343558;202065;1605;0;0;22637224;10716739;56191;6;4
FR;1;2021-06-11;311641;235277;1287;0;0;22948865;10952016;57478;6;4
FR;1;2021-06-12;243968;150648;429;0;0;23192833;11102664;57907;6;4
FR;1;2021-06-13;100295;61006;188;0;0;23293128;11163670;58095;6;4
FR;1;2021-06-14;207628;289021;1311;1;0;23500756;11452691;59406;7;4
FR;1;2021-06-15;256585;282257;1385;1;0;23757341;11734948;60791;8;4
FR;1;2021-06-16;273430;270555;1258;1;0;24030771;12005503;62049;9;4
FR;1;2021-06-17;268000;244448;1227;1;0;24298771;12249951;63276;10;4
FR;1;2021-06-18;260358;295667;1145;1;0;24559129;12545618;64421;11;4
FR;1;2021-06-19;193401;209457;384;0;0;24752530;12755075;64805;11;4
FR;1;2021-06-20;69631;89115;117;0;0;24822161;12844190;64922;11;4
FR;1;2021-06-21;172159;319826;924;1;1;24994320;13164016;65846;12;5
FR;1;2021-06-22;185638;347772;1093;10;2;25179958;13511788;66939;22;7
FR;1;2021-06-23;203974;339379;1046;0;0;25383932;13851167;67985;22;7
FR;1;2021-06-24;203328;281954;1161;0;0;25587260;14133121;69146;22;7
FR;1;2021-06-25;182421;371769;1196;0;0;25769681;14504890;70342;22;7
FR;1;2021-06-26;131302;278277;500;0;0;25900983;14783167;70842;22;7
FR;1;2021-06-27;52361;122956;143;0;0;25953344;14906123;70985;22;7
FR;1;2021-06-28;136458;368281;1055;0;0;26089802;15274404;72040;22;7
FR;1;2021-06-29;154699;390495;1845;0;0;26244501;15664899;73885;22;7
FR;1;2021-06-30;179827;378549;1661;4;2;26424328;16043448;75546;26;9
FR;1;2021-07-01;201004;332167;1886;5;1;26625332;16375615;77432;31;10
FR;1;2021-07-02;193001;367685;1764;5;3;26818333;16743300;79196;36;13
FR;1;2021-07-03;124311;280459;704;3;1;26942644;17023759;79900;39;14
FR;1;2021-07-04;53889;113680;244;0;0;26996533;17137439;80144;39;14
FR;1;2021-07-05;153477;356069;1498;8;2;27150010;17493508;81642;47;16
FR;1;2021-07-06;173158;382532;1597;43;8;27323168;17876040;83239;90;24
FR;1;2021-07-07;190382;362569;1654;24;5;27513550;18238609;84893;114;29
FR;1;2021-07-08;201223;323108;1825;20;9;27714773;18561717;86718;134;38
FR;1;2021-07-09;189608;387184;1851;3;2;27904381;18948901;88569;137;40
FR;1;2021-07-10;129818;281111;814;1;1;28034199;19230012;89383;138;41
FR;1;2021-07-11;57600;102483;260;0;0;28091799;19332495;89643;138;41
FR;1;2021-07-12;149394;417002;1573;4;0;28241193;19749497;91216;142;41
FR;1;2021-07-13;234005;439478;1803;7;2;28475198;20188975;93019;149;43
FR;1;2021-07-14;171616;151578;415;0;0;28646814;20340553;93434;149;43
FR;1;2021-07-15;279327;424815;1855;1;0;28926141;20765368;95289;150;43
FR;1;2021-07-16;290102;401292;1709;3;1;29216243;21166660;96998;153;44
FR;1;2021-07-17;217226;282122;754;1;0;29433469;21448782;97752;154;44
FR;1;2021-07-18;101944;107312;288;0;0;29535413;21556094;98040;154;44
FR;1;2021-07-19;238002;379400;1495;3;0;29773415;21935494;99535;157;44
FR;1;2021-07-20;305505;380952;1466;0;0;30078920;22316446;101001;157;44
FR;1;2021-07-21;333030;353597;1410;4;2;30411950;22670043;102411;161;46
FR;1;2021-07-22;364310;319519;1499;3;2;30776260;22989562;103910;164;48
FR;1;2021-07-23;347511;343743;1582;4;2;31123771;23333305;105492;168;50
FR;1;2021-07-24;238884;241096;695;1;0;31362655;23574401;106187;169;50
FR;1;2021-07-25;112722;76057;214;0;0;31475377;23650458;106401;169;50
FR;1;2021-07-26;298949;290303;1494;2;2;31774326;23940761;107895;171;52
FR;1;2021-07-27;385636;268917;1457;4;2;32159962;24209678;109352;175;54
FR;1;2021-07-28;390037;251617;1460;4;2;32549999;24461295;110812;179;56
FR;1;2021-07-29;405936;228429;1537;2;1;32955935;24689724;112349;181;57
FR;1;2021-07-30;370476;247123;1632;4;1;33326411;24936847;113981;185;58
FR;1;2021-07-31;243320;165105;792;1;0;33569731;25101952;114773;186;58
FR;1;2021-08-01;105485;47230;230;0;0;33675216;25149182;115003;186;58
FR;1;2021-08-02;296832;213289;1473;2;0;33972048;25362471;116476;188;58
FR;1;2021-08-03;330987;209330;1544;2;1;34303035;25571801;118020;190;59
FR;1;2021-08-04;327636;184439;1435;5;3;34630671;25756240;119455;195;62
FR;1;2021-08-05;300969;193579;1478;0;0;34931640;25949819;120933;195;62
FR;1;2021-08-06;290673;224648;1558;3;1;35222313;26174467;122491;198;63
FR;1;2021-08-07;182533;158823;654;4;3;35404846;26333290;123145;202;66
FR;1;2021-08-08;68787;59152;246;0;0;35473633;26392442;123391;202;66
FR;1;2021-08-09;222548;236133;1435;4;3;35696181;26628575;124826;206;69
FR;1;2021-08-10;252381;241008;1485;2;1;35948562;26869583;126311;208;70
FR;1;2021-08-11;235918;232578;1267;5;1;36184480;27102161;127578;213;71
FR;1;2021-08-12;220453;240302;1482;3;1;36404933;27342463;129060;216;72
FR;1;2021-08-13;201532;238528;1351;2;2;36606465;27580991;130411;218;74
FR;1;2021-08-14;122781;174171;645;0;0;36729246;27755162;131056;218;74
FR;1;2021-08-15;34629;46122;195;1;0;36763875;27801284;131251;219;74
FR;1;2021-08-16;156521;289946;1420;0;0;36920396;28091230;132671;219;74
FR;1;2021-08-17;171336;291782;1418;4;1;37091732;28383012;134089;223;75
FR;1;2021-08-18;161158;287203;1382;6;3;37252890;28670215;135471;229;78
FR;1;2021-08-19;148709;277582;1392;1;0;37401599;28947797;136863;230;78
FR;1;2021-08-20;140244;308455;1517;2;2;37541843;29256252;138380;232;80
FR;1;2021-08-21;84183;213266;584;0;0;37626026;29469518;138964;232;80
FR;1;2021-08-22;28524;82685;228;0;0;37654550;29552203;139192;232;80
FR;1;2021-08-23;118494;321235;1416;2;1;37773044;29873438;140608;234;81
FR;1;2021-08-24;126506;319957;1591;5;1;37899550;30193395;142199;239;82
FR;1;2021-08-25;121335;306602;1772;8;3;38020885;30499997;143971;247;85
FR;1;2021-08-26;106446;286163;2153;10;1;38127331;30786160;146124;257;86
FR;1;2021-08-27;107438;321144;2298;8;3;38234769;31107304;148422;265;89
FR;1;2021-08-28;70903;220670;1100;0;0;38305672;31327974;149522;265;89
FR;1;2021-08-29;24121;78124;461;1;0;38329793;31406098;149983;266;89
FR;1;2021-08-30;96767;286534;4307;6;5170;38426560;31692632;154290;272;5259
FR;1;2021-08-31;97952;276477;9265;14;10196;38524512;31969109;163555;286;15455
FR;1;2021-09-01;111199;245261;21082;7;21972;38635711;32214370;184637;293;37427
FR;1;2021-09-02;84218;198060;24498;11;25378;38719929;32412430;209135;304;62805
FR;1;2021-09-03;82043;227661;26924;21;27913;38801972;32640091;236059;325;90718
FR;1;2021-09-04;71387;189704;11134;11;11605;38873359;32829795;247193;336;102323
FR;1;2021-09-05;18575;41197;4117;2;4279;38891934;32870992;251310;338;106602
FR;1;2021-09-06;59222;151693;30155;15;31025;38951156;33022685;281465;353;137627
FR;1;2021-09-07;56220;139739;30189;27;31037;39007376;33162424;311654;380;168664
FR;1;2021-09-08;70078;173816;26902;20;27726;39077454;33336240;338556;400;196390
FR;1;2021-09-09;53248;124445;28578;23;29520;39130702;33460685;367134;423;225910
FR;1;2021-09-10;65194;152027;30403;21;31437;39195896;33612712;397537;444;257347
FR;1;2021-09-11;51802;146581;9713;13;10209;39247698;33759293;407250;457;267556
FR;1;2021-09-12;10693;29247;2478;2;2624;39258391;33788540;409728;459;270180
FR;1;2021-09-13;51233;104609;38690;28;39655;39309624;33893149;448418;487;309835
FR;1;2021-09-14;53065;96109;51196;66;52532;39362689;33989258;499614;553;362367
FR;1;2021-09-15;60138;139211;50411;56;46866;39422827;34128469;550025;609;409233
FR;1;2021-09-16;46394;81375;53236;72;49366;39469221;34209844;603261;681;458599
FR;1;2021-09-17;52991;109377;45002;61;42565;39522212;34319221;648263;742;501164
FR;1;2021-09-18;37768;118442;11785;19;11244;39559980;34437663;660048;761;512408
FR;1;2021-09-19;6464;21032;2030;1;1967;39566444;34458695;662078;762;514375
FR;1;2021-09-20;36360;74877;46129;66;43992;39602804;34533572;708207;828;558367
FR;1;2021-09-21;34033;68150;56161;73;52472;39636837;34601722;764368;901;610839
FR;1;2021-09-22;38632;118375;49774;77;46687;39675469;34720097;814142;978;657526
FR;1;2021-09-23;31825;62670;54412;86;50638;39707294;34782767;868554;1064;708164
FR;1;2021-09-24;36592;89696;43599;92;41818;39743886;34872463;912153;1156;749982
FR;1;2021-09-25;27557;96499;12293;27;12150;39771443;34968962;924446;1183;762132
FR;1;2021-09-26;4346;15217;1766;4;1703;39775789;34984179;926212;1187;763835
FR;1;2021-09-27;27277;60234;42851;89;41516;39803066;35044413;969063;1276;805351
FR;1;2021-09-28;26801;49433;47103;75;44267;39829867;35093846;1016166;1351;849618
FR;1;2021-09-29;35782;80297;47185;86;45426;39865649;35174143;1063351;1437;895044
FR;1;2021-09-30;25886;46124;47428;80;45242;39891535;35220267;1110779;1517;940286
FR;1;2021-10-01;46555;64640;44832;83;44359;39938090;35284907;1155611;1600;984645
FR;1;2021-10-02;32063;62233;16093;32;16272;39970153;35347140;1171704;1632;1000917
FR;1;2021-10-03;4293;8606;2026;3;2036;39974446;35355746;1173730;1635;1002953
FR;1;2021-10-04;28436;44347;47062;78;46870;40002882;35400093;1220792;1713;1049823
FR;1;2021-10-05;23796;41563;49780;116;49079;40026678;35441656;1270572;1829;1098902
FR;1;2021-10-06;34054;61138;57387;102;57032;40060732;35502794;1327959;1931;1155934
FR;1;2021-10-07;20760;39649;52953;75;51762;40081492;35542443;1380912;2006;1207696
FR;1;2021-10-08;34598;59471;60314;83;60976;40116090;35601914;1441226;2089;1268672
FR;1;2021-10-09;27277;47870;25454;29;25951;40143367;35649784;1466680;2118;1294623
FR;1;2021-10-10;3560;5710;2741;7;2839;40146927;35655494;1469421;2125;1297462
FR;1;2021-10-11;24527;38150;54536;88;55129;40171454;35693644;1523957;2213;1352591
FR;1;2021-10-12;22887;36539;57990;126;59001;40194341;35730183;1581947;2339;1411592
FR;1;2021-10-13;32647;47681;64122;124;65560;40226988;35777864;1646069;2463;1477152
FR;1;2021-10-14;21503;34629;53702;102;54209;40248491;35812493;1699771;2565;1531361
FR;1;2021-10-15;32394;48603;72276;165;74894;40280885;35861096;1772047;2730;1606255
FR;1;2021-10-16;25837;35223;34844;45;36366;40306722;35896319;1806891;2775;1642621
FR;1;2021-10-17;3076;4031;3403;2;3311;40309798;35900350;1810294;2777;1645932
FR;1;2021-10-18;22385;34167;66780;131;69604;40332183;35934517;1877074;2908;1715536
FR;1;2021-10-19;20398;33025;75601;136;79470;40352581;35967542;1952675;3044;1795006
FR;1;2021-10-20;29684;43974;96103;176;99664;40382265;36011516;2048778;3220;1894670
FR;1;2021-10-21;19405;35015;83084;107;86936;40401670;36046531;2131862;3327;1981606
FR;1;2021-10-22;29463;47389;103656;195;109497;40431133;36093920;2235518;3522;2091103
FR;1;2021-10-23;22900;34928;44834;57;47325;40454033;36128848;2280352;3579;2138428
FR;1;2021-10-24;2364;3872;3577;6;3740;40456397;36132720;2283929;3585;2142168
FR;1;2021-10-25;22341;30702;81962;143;85712;40478738;36163422;2365891;3728;2227880
FR;1;2021-10-26;19234;27575;86030;162;90214;40497972;36190997;2451921;3890;2318094
FR;1;2021-10-27;26059;39612;107720;252;112541;40524031;36230609;2559641;4142;2430635
FR;1;2021-10-28;18473;26901;86864;150;91515;40542504;36257510;2646505;4292;2522150
FR;1;2021-10-29;25807;39749;114746;201;121429;40568311;36297259;2761251;4493;2643579
FR;1;2021-10-30;17515;28541;49320;76;51899;40585826;36325800;2810571;4569;2695478
FR;1;2021-10-31;2044;3217;3440;2;3681;40587870;36329017;2814011;4571;2699159
FR;1;2021-11-01;7130;4078;3011;3;3254;40595000;36333095;2817022;4574;2702413
FR;1;2021-11-02;21485;33061;92308;157;97608;40616485;36366156;2909330;4731;2800021
FR;1;2021-11-03;25986;41277;117404;215;123709;40642471;36407433;3026734;4946;2923730
FR;1;2021-11-04;19346;30179;105686;212;111752;40661817;36437612;3132420;5158;3035482
FR;1;2021-11-05;26754;42030;138670;227;147207;40688571;36479642;3271090;5385;3182689
FR;1;2021-11-06;18693;29754;63417;123;66368;40707264;36509396;3334507;5508;3249057
FR;1;2021-11-07;1773;3376;4944;6;5296;40709037;36512772;3339451;5514;3254353
FR;1;2021-11-08;17379;32258;125878;224;132396;40726416;36545030;3465329;5738;3386749
FR;1;2021-11-09;19060;37630;159171;336;168824;40745476;36582660;3624500;6074;3555573
FR;1;2021-11-10;28445;48780;181771;439;192242;40773921;36631440;3806271;6513;3747815
FR;1;2021-11-11;3399;5581;12163;26;12956;40777320;36637021;3818434;6539;3760771
FR;1;2021-11-12;25816;46810;174708;241;186274;40803136;36683831;3993142;6780;3947045
FR;1;2021-11-13;18590;29195;76778;111;81717;40821726;36713026;4069920;6891;4028762
FR;1;2021-11-14;1993;3355;6805;5;7383;40823719;36716381;4076725;6896;4036145
FR;1;2021-11-15;18434;34820;156270;303;166020;40842153;36751201;4232995;7199;4202165
FR;1;2021-11-16;20865;37793;191952;378;204665;40863018;36788994;4424947;7577;4406830
FR;1;2021-11-17;28336;45621;193111;399;204857;40891354;36834615;4618058;7976;4611687
FR;1;2021-11-18;20892;37686;182333;458;194261;40912246;36872301;4800391;8434;4805948
FR;1;2021-11-19;30708;53274;230089;529;246455;40942954;36925575;5030480;8963;5052403
FR;1;2021-11-20;23594;33206;96918;200;103545;40966548;36958781;5127398;9163;5155948
FR;1;2021-11-21;2301;4035;9087;18;9981;40968849;36962816;5136485;9181;5165929
FR;1;2021-11-22;21267;30334;175756;465;189235;40990116;36993150;5312241;9646;5355164
FR;1;2021-11-23;23725;40957;221031;538;237651;41013841;37034107;5533272;10184;5592815
FR;1;2021-11-24;30163;49585;217223;703;234300;41044004;37083692;5750495;10887;5827115
FR;1;2021-11-25;23389;43654;244293;719;263803;41067393;37127346;5994788;11606;6090918
FR;1;2021-11-26;30457;66420;356617;834;388311;41097850;37193766;6351405;12440;6479229
FR;1;2021-11-27;21638;45116;202521;371;222473;41119488;37238882;6553926;12811;6701702
FR;1;2021-11-28;3132;9689;54742;63;61037;41122620;37248571;6608668;12874;6762739
FR;1;2021-11-29;17773;49383;326221;841;354147;41140393;37297954;6934889;13715;7116886
FR;1;2021-11-30;22446;64691;430964;949;470517;41162839;37362645;7365853;14664;7587403
FR;1;2021-12-01;24054;69093;442664;1130;481456;41186893;37431738;7808517;15794;8068859
FR;1;2021-12-02;19720;64198;489193;1224;532590;41206613;37495936;8297710;17018;8601449
FR;1;2021-12-03;22684;81642;542541;1303;591458;41229297;37577578;8840251;18321;9192907
FR;1;2021-12-04;16331;53836;298988;652;328795;41245628;37631414;9139239;18973;9521702
FR;1;2021-12-05;3620;13920;81481;143;91066;41249248;37645334;9220720;19116;9612768
FR;1;2021-12-06;16608;62614;415253;1062;454935;41265856;37707948;9635973;20178;10067703
FR;1;2021-12-07;19689;75678;522720;1531;572250;41285545;37783626;10158693;21709;10639953
FR;1;2021-12-08;21439;75423;458168;1541;501849;41306984;37859049;10616861;23250;11141802
FR;1;2021-12-09;19282;73878;492694;1626;540516;41326266;37932927;11109555;24876;11682318
FR;1;2021-12-10;22342;87491;547175;1583;599752;41348608;38020418;11656730;26459;12282070
FR;1;2021-12-11;16483;58912;302648;746;335395;41365091;38079330;11959378;27205;12617465
FR;1;2021-12-12;4323;15941;83155;179;94069;41369414;38095271;12042533;27384;12711534
FR;1;2021-12-13;15378;63603;366762;1095;406108;41384792;38158874;12409295;28479;13117642
FR;1;2021-12-14;19858;80119;464472;1738;514962;41404650;38238993;12873767;30217;13632604
FR;1;2021-12-15;21223;77117;408849;1307;452897;41425873;38316110;13282616;31524;14085501
FR;1;2021-12-16;19838;77209;451601;1574;500388;41445711;38393319;13734217;33098;14585889
FR;1;2021-12-17;22384;86591;479716;1735;530833;41468095;38479910;14213933;34833;15116722
FR;1;2021-12-18;17560;54625;257530;730;288450;41485655;38534535;14471463;35563;15405172
FR;1;2021-12-19;5533;17186;79116;194;90776;41491188;38551721;14550579;35757;15495948
FR;1;2021-12-20;20714;62999;316047;1080;355126;41511902;38614720;14866626;36837;15851074
FR;1;2021-12-21;26036;73036;372564;1420;417933;41537938;38687756;15239190;38257;16269007
FR;1;2021-12-22;24841;65713;310440;1214;349412;41562779;38753469;15549630;39471;16618419
FR;1;2021-12-23;21148;52199;241342;948;272939;41583927;38805668;15790972;40419;16891358
FR;1;2021-12-24;7049;18230;67090;256;77035;41590976;38823898;15858062;40675;16968393
FR;1;2021-12-25;493;2752;5565;15;6537;41591469;38826650;15863627;40690;16974930
FR;1;2021-12-26;2746;7583;26914;68;31445;41594215;38834233;15890541;40758;17006375
FR;1;2021-12-27;18051;53223;234965;707;265629;41612266;38887456;16125506;41465;17272004
FR;1;2021-12-28;23185;61766;291899;1024;330063;41635451;38949222;16417405;42489;17602067
FR;1;2021-12-29;22156;55414;254863;917;288096;41657607;39004636;16672268;43406;17890163
FR;1;2021-12-30;21167;46036;212052;857;239515;41678774;39050672;16884320;44263;18129678
FR;1;2021-12-31;7245;16458;61806;229;70307;41686019;39067130;16946126;44492;18199985
FR;1;2022-01-01;768;2478;5638;29;6571;41686787;39069608;16951764;44521;18206556
FR;1;2022-01-02;3031;8069;28852;50;33515;41689818;39077677;16980616;44571;18240071
FR;1;2022-01-03;18827;51835;228029;783;257275;41708645;39129512;17208645;45354;18497346
FR;1;2022-01-04;24601;64484;299102;1235;337095;41733246;39193996;17507747;46589;18834441
FR;1;2022-01-05;28932;63472;274700;1096;309989;41762178;39257468;17782447;47685;19144430
FR;1;2022-01-06;26318;65795;306729;1392;346364;41788496;39323263;18089176;49077;19490794
FR;1;2022-01-07;31153;74305;349668;1534;393714;41819649;39397568;18438844;50611;19884508
FR;1;2022-01-08;23289;51356;222437;694;251071;41842938;39448924;18661281;51305;20135579
FR;1;2022-01-09;7072;17225;65998;162;76156;41850010;39466149;18727279;51467;20211735
FR;1;2022-01-10;21224;53449;236612;951;266857;41871234;39519598;18963891;52418;20478592
FR;1;2022-01-11;26350;62599;282127;1276;317649;41897584;39582197;19246018;53694;20796241
FR;1;2022-01-12;28535;61824;246084;1103;277840;41926119;39644021;19492102;54797;21074081
FR;1;2022-01-13;24285;59625;262619;1250;295969;41950404;39703646;19754721;56047;21370050
FR;1;2022-01-14;27682;66400;313812;1364;351092;41978086;39770046;20068533;57411;21721142
FR;1;2022-01-15;19235;44282;199229;618;223814;41997321;39814328;20267762;58029;21944956
FR;1;2022-01-16;5131;13001;51479;135;59570;42002452;39827329;20319241;58164;22004526
FR;1;2022-01-17;16647;39609;184727;779;206785;42019099;39866938;20503968;58943;22211311
FR;1;2022-01-18;19183;45452;212278;1149;236903;42038282;39912390;20716246;60092;22448214
FR;1;2022-01-19;20051;43740;175983;894;197108;42058333;39956130;20892229;60986;22645322
FR;1;2022-01-20;16503;40199;183499;1136;204569;42074836;39996329;21075728;62122;22849891
FR;1;2022-01-21;19626;46906;228820;1398;253237;42094462;40043235;21304548;63520;23103128
FR;1;2022-01-22;13822;33077;144438;578;161326;42108284;40076312;21448986;64098;23264454
FR;1;2022-01-23;3340;8828;33383;130;38321;42111624;40085140;21482369;64228;23302775
FR;1;2022-01-24;11689;32522;142104;705;158202;42123313;40117662;21624473;64933;23460977
FR;1;2022-01-25;14062;37784;163284;1049;181480;42137375;40155446;21787757;65982;23642457
FR;1;2022-01-26;14777;36609;150121;927;166158;42152152;40192055;21937878;66909;23808615
FR;1;2022-01-27;12245;32539;143311;878;157778;42164397;40224594;22081189;67787;23966393
FR;1;2022-01-28;16173;53808;198171;1143;222410;42180570;40278402;22279360;68930;24188803
FR;1;2022-01-29;10237;35433;135148;520;151526;42190807;40313835;22414508;69450;24340329
FR;1;2022-01-30;2471;9342;29652;84;34459;42193278;40323177;22444160;69534;24374788
FR;1;2022-01-31;8701;32311;104267;530;117372;42201979;40355488;22548427;70064;24492160
FR;1;2022-02-01;9951;35790;126950;853;141103;42211930;40391278;22675377;70917;24633263
FR;1;2022-02-02;11074;40760;130216;765;145737;42223004;40432038;22805593;71682;24779000
FR;1;2022-02-03;8648;32972;116888;768;130267;42231652;40465010;22922481;72450;24909267
FR;1;2022-02-04;11331;47854;172458;963;192725;42242983;40512864;23094939;73413;25101992
FR;1;2022-02-05;7673;33924;117526;391;133033;42250656;40546788;23212465;73804;25235025
FR;1;2022-02-06;1686;8068;22723;83;26900;42252342;40554856;23235188;73887;25261925
FR;1;2022-02-07;6961;35211;118994;449;134924;42259303;40590067;23354182;74336;25396849
FR;1;2022-02-08;7474;31361;125553;689;140514;42266777;40621428;23479735;75025;25537363
FR;1;2022-02-09;8360;35772;135149;691;152339;42275137;40657200;23614884;75716;25689702
FR;1;2022-02-10;6513;28829;116206;669;129909;42281650;40686029;23731090;76385;25819611
FR;1;2022-02-11;8509;41144;164993;870;185182;42290159;40727173;23896083;77255;26004793
FR;1;2022-02-12;5247;27486;106643;378;120809;42295406;40754659;24002726;77633;26125602
FR;1;2022-02-13;1211;5685;21682;61;25295;42296617;40760344;24024408;77694;26150897
FR;1;2022-02-14;5321;26993;117959;389;132976;42301938;40787337;24142367;78083;26283873
FR;1;2022-02-15;5540;27928;118709;608;132275;42307478;40815265;24261076;78691;26416148
FR;1;2022-02-16;5602;27845;110279;591;122867;42313080;40843110;24371355;79282;26539015
FR;1;2022-02-17;4363;18842;73022;484;80050;42317443;40861952;24444377;79766;26619065
FR;1;2022-02-18;5440;26269;99055;666;107970;42322883;40888221;24543432;80432;26727035
FR;1;2022-02-19;3498;17045;59424;303;65992;42326381;40905266;24602856;80735;26793027
FR;1;2022-02-20;774;3205;10672;35;12292;42327155;40908471;24613528;80770;26805319
FR;1;2022-02-21;3306;14416;52748;286;57583;42330461;40922887;24666276;81056;26862902
FR;1;2022-02-22;3649;15286;51812;489;55526;42334110;40938173;24718088;81545;26918428
FR;1;2022-02-23;4124;17440;57364;508;62441;42338234;40955613;24775452;82053;26980869
FR;1;2022-02-24;3201;12507;43492;431;46250;42341435;40968120;24818944;82484;27027119
FR;1;2022-02-25;4336;19196;64767;691;68602;42345771;40987316;24883711;83175;27095721
FR;1;2022-02-26;2663;12494;41297;305;45047;42348434;40999810;24925008;83480;27140768
FR;1;2022-02-27;631;2159;7105;42;7966;42349065;41001969;24932113;83522;27148734
FR;1;2022-02-28;2531;9945;34871;300;37288;42351596;41011914;24966984;83822;27186022
FR;1;2022-03-01;2538;10138;38207;372;39107;42354134;41022052;25005191;84194;27225129
FR;1;2022-03-02;3344;11718;41475;386;43519;42357478;41033770;25046666;84580;27268648
FR;1;2022-03-03;2222;7291;25812;296;26112;42359700;41041061;25072478;84876;27294760
FR;1;2022-03-04;2598;10089;35187;565;34649;42362298;41051150;25107665;85441;27329409
FR;1;2022-03-05;1626;6251;21836;273;22215;42363924;41057401;25129501;85714;27351624
FR;1;2022-03-06;338;923;2901;37;3095;42364262;41058324;25132402;85751;27354719
FR;1;2022-03-07;1298;4491;16232;241;15686;42365560;41062815;25148634;85992;27370405
FR;1;2022-03-08;1465;4957;16860;301;15671;42367025;41067772;25165494;86293;27386076
FR;1;2022-03-09;1800;6273;19365;362;18722;42368825;41074045;25184859;86655;27404798
FR;1;2022-03-10;1221;4022;14506;291;13520;42370046;41078067;25199365;86946;27418318
FR;1;2022-03-11;1640;6040;21359;477;19496;42371686;41084107;25220724;87423;27437814
FR;1;2022-03-12;1192;4547;15237;273;14770;42372878;41088654;25235961;87696;27452584
FR;1;2022-03-13;227;587;2002;114;1950;42373105;41089241;25237963;87810;27454534
FR;1;2022-03-14;1027;3426;12658;3872;11790;42374132;41092667;25250621;91682;27466324
FR;1;2022-03-15;1184;3637;13647;6842;12102;42375316;41096304;25264268;98524;27478426
FR;1;2022-03-16;1535;4506;15860;11462;14966;42376851;41100810;25280128;109986;27493392
FR;1;2022-03-17;1044;2931;10712;9557;9795;42377895;41103741;25290840;119543;27503187
FR;1;2022-03-18;1601;4522;17314;16411;15735;42379496;41108263;25308154;135954;27518922
FR;1;2022-03-19;1080;3093;11673;8436;11129;42380576;41111356;25319827;144390;27530051
FR;1;2022-03-20;202;493;1528;991;1558;42380778;41111849;25321355;145381;27531609
FR;1;2022-03-21;994;2507;9864;13319;9248;42381772;41114356;25331219;158700;27540857
FR;1;2022-03-22;1123;2872;11182;18572;10174;42382895;41117228;25342401;177272;27551031
FR;1;2022-03-23;1371;3666;12820;19889;12364;42384266;41120894;25355221;197161;27563395
FR;1;2022-03-24;991;2311;9238;15682;8486;42385257;41123205;25364459;212843;27571881
FR;1;2022-03-25;1402;3728;15560;24763;14180;42386659;41126933;25380019;237606;27586061
FR;1;2022-03-26;1053;2699;10439;11276;10078;42387712;41129632;25390458;248882;27596139
FR;1;2022-03-27;212;498;1655;1305;1699;42387924;41130130;25392113;250187;27597838
FR;1;2022-03-28;932;2112;8842;14972;8434;42388856;41132242;25400955;265159;27606272
FR;2;2020-12-27;0;0;0;0;0;0;0;0;0;0
FR;2;2020-12-28;0;0;0;0;0;0;0;0;0;0
FR;2;2020-12-29;0;0;0;0;0;0;0;0;0;0
FR;2;2020-12-30;0;0;0;0;0;0;0;0;0;0
FR;2;2020-12-31;0;0;0;0;0;0;0;0;0;0
FR;2;2021-01-01;0;0;0;0;0;0;0;0;0;0
FR;2;2021-01-02;0;0;0;0;0;0;0;0;0;0
FR;2;2021-01-03;0;0;0;0;0;0;0;0;0;0
FR;2;2021-01-04;0;0;0;0;0;0;0;0;0;0
FR;2;2021-01-05;0;0;0;0;0;0;0;0;0;0
FR;2;2021-01-06;0;0;0;0;0;0;0;0;0;0
FR;2;2021-01-07;0;0;0;0;0;0;0;0;0;0
FR;2;2021-01-08;0;0;0;0;0;0;0;0;0;0
FR;2;2021-01-09;0;0;0;0;0;0;0;0;0;0
FR;2;2021-01-10;0;0;0;0;0;0;0;0;0;0
FR;2;2021-01-11;0;0;0;0;0;0;0;0;0;0
FR;2;2021-01-12;0;0;0;0;0;0;0;0;0;0
FR;2;2021-01-13;0;0;0;0;0;0;0;0;0;0
FR;2;2021-01-14;1702;0;0;0;0;1702;0;0;0;0
FR;2;2021-01-15;390;0;0;0;0;2092;0;0;0;0
FR;2;2021-01-16;312;0;0;0;0;2404;0;0;0;0
FR;2;2021-01-17;80;0;0;0;0;2484;0;0;0;0
FR;2;2021-01-18;3072;0;0;0;0;5556;0;0;0;0
FR;2;2021-01-19;4674;0;0;0;0;10230;0;0;0;0
FR;2;2021-01-20;5133;2;0;0;0;15363;2;0;0;0
FR;2;2021-01-21;5332;4;0;0;0;20695;6;0;0;0
FR;2;2021-01-22;5115;0;0;0;0;25810;6;0;0;0
FR;2;2021-01-23;1863;0;0;0;0;27673;6;0;0;0
FR;2;2021-01-24;160;1;0;0;0;27833;7;0;0;0
FR;2;2021-01-25;3810;1;0;0;0;31643;8;0;0;0
FR;2;2021-01-26;3914;0;0;0;0;35557;8;0;0;0
FR;2;2021-01-27;3595;1;0;0;0;39152;9;0;0;0
FR;2;2021-01-28;3740;1;0;0;0;42892;10;0;0;0
FR;2;2021-01-29;3286;2;0;0;0;46178;12;0;0;0
FR;2;2021-01-30;1129;1;0;0;0;47307;13;0;0;0
FR;2;2021-01-31;45;1;0;0;0;47352;14;0;0;0
FR;2;2021-02-01;3399;2;0;0;0;50751;16;0;0;0
FR;2;2021-02-02;4485;8;0;0;0;55236;24;0;0;0
FR;2;2021-02-03;5214;5;0;0;0;60450;29;0;0;0
FR;2;2021-02-04;4926;6;0;0;0;65376;35;0;0;0
FR;2;2021-02-05;4809;13;0;0;0;70185;48;0;0;0
FR;2;2021-02-06;2037;9;0;0;0;72222;57;0;0;0
FR;2;2021-02-07;97;4;0;0;0;72319;61;0;0;0
FR;2;2021-02-08;7549;16;0;0;0;79868;77;0;0;0
FR;2;2021-02-09;8418;25;0;0;0;88286;102;0;0;0
FR;2;2021-02-10;9336;55;0;0;0;97622;157;0;0;0
FR;2;2021-02-11;10271;77;0;0;0;107893;234;0;0;0
FR;2;2021-02-12;10046;246;0;0;0;117939;480;0;0;0
FR;2;2021-02-13;3115;227;0;0;0;121054;707;0;0;0
FR;2;2021-02-14;349;2;0;0;0;121403;709;0;0;0
FR;2;2021-02-15;3453;3075;0;0;0;124856;3784;0;0;0
FR;2;2021-02-16;5065;3922;0;0;0;129921;7706;0;0;0
FR;2;2021-02-17;4249;4411;0;0;0;134170;12117;0;0;0
FR;2;2021-02-18;5399;5098;0;0;0;139569;17215;0;0;0
FR;2;2021-02-19;5320;4338;0;0;0;144889;21553;0;0;0
FR;2;2021-02-20;1864;1508;0;0;0;146753;23061;0;0;0
FR;2;2021-02-21;239;86;0;0;0;146992;23147;0;0;0
FR;2;2021-02-22;3610;3722;0;0;0;150602;26869;0;0;0
FR;2;2021-02-23;4950;3691;0;0;0;155552;30560;0;0;0
FR;2;2021-02-24;5006;3462;0;0;0;160558;34022;0;0;0
FR;2;2021-02-25;5479;3439;0;0;0;166037;37461;0;0;0
FR;2;2021-02-26;4355;3132;0;0;0;170392;40593;0;0;0
FR;2;2021-02-27;1622;1045;0;0;0;172014;41638;0;0;0
FR;2;2021-02-28;176;32;0;0;0;172190;41670;0;0;0
FR;2;2021-03-01;5171;3752;0;0;0;177361;45422;0;0;0
FR;2;2021-03-02;6526;4719;0;0;0;183887;50141;0;0;0
FR;2;2021-03-03;6531;4892;0;0;0;190418;55033;0;0;0
FR;2;2021-03-04;8393;3971;0;0;0;198811;59004;0;0;0
FR;2;2021-03-05;8023;4064;0;0;0;206834;63068;0;0;0
FR;2;2021-03-06;4782;1684;0;0;0;211616;64752;0;0;0
FR;2;2021-03-07;2371;31;0;0;0;213987;64783;0;0;0
FR;2;2021-03-08;4163;8313;0;0;0;218150;73096;0;0;0
FR;2;2021-03-09;7482;8441;1;0;0;225632;81537;1;0;0
FR;2;2021-03-10;7092;9105;0;0;0;232724;90642;1;0;0
FR;2;2021-03-11;9369;9189;1;0;0;242093;99831;2;0;0
FR;2;2021-03-12;7968;8180;0;0;0;250061;108011;2;0;0
FR;2;2021-03-13;10045;2519;0;0;0;260106;110530;2;0;0
FR;2;2021-03-14;4838;402;0;0;0;264944;110932;2;0;0
FR;2;2021-03-15;10904;3491;0;0;0;275848;114423;2;0;0
FR;2;2021-03-16;16753;4636;1;0;0;292601;119059;3;0;0
FR;2;2021-03-17;20216;3959;0;0;0;312817;123018;3;0;0
FR;2;2021-03-18;23361;4913;0;0;0;336178;127931;3;0;0
FR;2;2021-03-19;23295;4534;0;0;0;359473;132465;3;0;0
FR;2;2021-03-20;25438;1541;0;0;0;384911;134006;3;0;0
FR;2;2021-03-21;17669;146;0;0;0;402580;134152;3;0;0
FR;2;2021-03-22;17780;3078;0;0;0;420360;137230;3;0;0
FR;2;2021-03-23;22681;4194;0;0;0;443041;141424;3;0;0
FR;2;2021-03-24;23952;4986;0;0;0;466993;146410;3;0;0
FR;2;2021-03-25;26735;5040;1;0;0;493728;151450;4;0;0
FR;2;2021-03-26;26973;4264;0;0;0;520701;155714;4;0;0
FR;2;2021-03-27;15913;1316;0;0;0;536614;157030;4;0;0
FR;2;2021-03-28;10560;101;0;0;0;547174;157131;4;0;0
FR;2;2021-03-29;18979;4283;0;0;0;566153;161414;4;0;0
FR;2;2021-03-30;24570;6010;0;0;0;590723;167424;4;0;0
FR;2;2021-03-31;28547;5943;0;0;0;619270;173367;4;0;0
FR;2;2021-04-01;34539;8490;1;0;0;653809;181857;5;0;0
FR;2;2021-04-02;29973;7663;0;0;0;683782;189520;5;0;0
FR;2;2021-04-03;16951;3607;0;0;0;700733;193127;5;0;0
FR;2;2021-04-04;9304;929;2;0;0;710037;194056;7;0;0
FR;2;2021-04-05;12437;812;0;0;0;722474;194868;7;0;0
FR;2;2021-04-06;27134;6939;0;0;0;749608;201807;7;0;0
FR;2;2021-04-07;30923;7167;1;0;0;780531;208974;8;0;0
FR;2;2021-04-08;36877;8800;1;0;0;817408;217774;9;0;0
FR;2;2021-04-09;33824;8586;28;0;0;851232;226360;37;0;0
FR;2;2021-04-10;19676;8979;1;0;0;870908;235339;38;0;0
FR;2;2021-04-11;7939;4262;1;0;0;878847;239601;39;0;0
FR;2;2021-04-12;17119;11216;0;0;0;895966;250817;39;0;0
FR;2;2021-04-13;19445;16373;1;0;0;915411;267190;40;0;0
FR;2;2021-04-14;18055;16269;7;0;0;933466;283459;47;0;0
FR;2;2021-04-15;22183;20752;26;0;0;955649;304211;73;0;0
FR;2;2021-04-16;20704;20042;45;0;0;976353;324253;118;0;0
FR;2;2021-04-17;13250;22443;5;0;0;989603;346696;123;0;0
FR;2;2021-04-18;5907;14388;6;0;0;995510;361084;129;0;0
FR;2;2021-04-19;16824;16245;24;0;0;1012334;377329;153;0;0
FR;2;2021-04-20;19312;21544;38;0;0;1031646;398873;191;0;0
FR;2;2021-04-21;20279;21658;76;0;0;1051925;420531;267;0;0
FR;2;2021-04-22;23804;24840;41;0;0;1075729;445371;308;0;0
FR;2;2021-04-23;24509;25338;76;0;0;1100238;470709;384;0;0
FR;2;2021-04-24;25299;15081;102;0;0;1125537;485790;486;0;0
FR;2;2021-04-25;9592;8592;5;0;0;1135129;494382;491;0;0
FR;2;2021-04-26;17154;17199;21;0;0;1152283;511581;512;0;0
FR;2;2021-04-27;19238;24275;40;0;0;1171521;535856;552;0;0
FR;2;2021-04-28;22330;26175;112;0;0;1193851;562031;664;0;0
FR;2;2021-04-29;25462;30128;69;0;0;1219313;592159;733;0;0
FR;2;2021-04-30;25529;27751;49;1;0;1244842;619910;782;1;0
FR;2;2021-05-01;14979;9866;6;0;0;1259821;629776;788;1;0
FR;2;2021-05-02;6634;9174;2;0;0;1266455;638950;790;1;0
FR;2;2021-05-03;20012;19289;40;0;0;1286467;658239;830;1;0
FR;2;2021-05-04;18280;29030;33;0;0;1304747;687269;863;1;0
FR;2;2021-05-05;18355;29379;48;0;0;1323102;716648;911;1;0
FR;2;2021-05-06;23533;35234;131;0;0;1346635;751882;1042;1;0
FR;2;2021-05-07;25321;33205;97;0;0;1371956;785087;1139;1;0
FR;2;2021-05-08;21332;9707;14;0;0;1393288;794794;1153;1;0
FR;2;2021-05-09;13160;7881;7;0;0;1406448;802675;1160;1;0
FR;2;2021-05-10;32933;22182;48;0;0;1439381;824857;1208;1;0
FR;2;2021-05-11;43589;21054;101;0;0;1482970;845911;1309;1;0
FR;2;2021-05-12;50032;19877;142;0;0;1533002;865788;1451;1;0
FR;2;2021-05-13;51286;5768;31;0;0;1584288;871556;1482;1;0
FR;2;2021-05-14;61337;12921;132;0;0;1645625;884477;1614;1;0
FR;2;2021-05-15;65918;7139;39;0;0;1711543;891616;1653;1;0
FR;2;2021-05-16;43576;2568;10;0;0;1755119;894184;1663;1;0
FR;2;2021-05-17;44739;12561;113;0;0;1799858;906745;1776;1;0
FR;2;2021-05-18;54632;12234;191;0;0;1854490;918979;1967;1;0
FR;2;2021-05-19;57159;10599;281;0;0;1911649;929578;2248;1;0
FR;2;2021-05-20;63427;10843;286;0;0;1975076;940421;2534;1;0
FR;2;2021-05-21;64280;11652;230;0;0;2039356;952073;2764;1;0
FR;2;2021-05-22;61475;4504;65;0;0;2100831;956577;2829;1;0
FR;2;2021-05-23;37529;569;22;0;0;2138360;957146;2851;1;0
FR;2;2021-05-24;17232;2032;33;0;0;2155592;959178;2884;1;0
FR;2;2021-05-25;21099;12231;239;0;0;2176691;971409;3123;1;0
FR;2;2021-05-26;19925;11440;229;0;0;2196616;982849;3352;1;0
FR;2;2021-05-27;22987;12659;181;0;0;2219603;995508;3533;1;0
FR;2;2021-05-28;29384;14951;190;0;0;2248987;1010459;3723;1;0
FR;2;2021-05-29;30411;8177;57;0;0;2279398;1018636;3780;1;0
FR;2;2021-05-30;4646;1813;6;0;0;2284044;1020449;3786;1;0
FR;2;2021-05-31;28580;18713;183;0;0;2312624;1039162;3969;1;0
FR;2;2021-06-01;45703;20023;221;0;0;2358327;1059185;4190;1;0
FR;2;2021-06-02;37458;19294;181;0;0;2395785;1078479;4371;1;0
FR;2;2021-06-03;51260;23355;161;0;0;2447045;1101834;4532;1;0
FR;2;2021-06-04;65504;24049;215;0;0;2512549;1125883;4747;1;0
FR;2;2021-06-05;34594;24024;51;0;0;2547143;1149907;4798;1;0
FR;2;2021-06-06;4946;6199;10;0;0;2552089;1156106;4808;1;0
FR;2;2021-06-07;28158;23055;146;0;0;2580247;1179161;4954;1;0
FR;2;2021-06-08;46370;22922;143;0;0;2626617;1202083;5097;1;0
FR;2;2021-06-09;34277;20916;107;0;0;2660894;1222999;5204;1;0
FR;2;2021-06-10;42631;19137;95;1;0;2703525;1242136;5299;2;0
FR;2;2021-06-11;55277;25225;133;0;0;2758802;1267361;5432;2;0
FR;2;2021-06-12;30556;19782;53;0;0;2789358;1287143;5485;2;0
FR;2;2021-06-13;3327;9181;13;0;0;2792685;1296324;5498;2;0
FR;2;2021-06-14;25294;24167;92;0;0;2817979;1320491;5590;2;0
FR;2;2021-06-15;39025;22853;154;0;0;2857004;1343344;5744;2;0
FR;2;2021-06-16;30154;21456;134;0;0;2887158;1364800;5878;2;0
FR;2;2021-06-17;36897;25867;150;0;0;2924055;1390667;6028;2;0
FR;2;2021-06-18;46840;28793;121;0;0;2970895;1419460;6149;2;0
FR;2;2021-06-19;24523;24893;39;0;0;2995418;1444353;6188;2;0
FR;2;2021-06-20;3737;10062;10;0;0;2999155;1454415;6198;2;0
FR;2;2021-06-21;17520;42834;87;0;0;3016675;1497249;6285;2;0
FR;2;2021-06-22;28353;49541;110;0;0;3045028;1546790;6395;2;0
FR;2;2021-06-23;21782;49564;106;1;1;3066810;1596354;6501;3;1
FR;2;2021-06-24;28369;50288;133;0;0;3095179;1646642;6634;3;1
FR;2;2021-06-25;33392;60376;126;0;0;3128571;1707018;6760;3;1
FR;2;2021-06-26;16368;59236;54;1;0;3144939;1766254;6814;4;1
FR;2;2021-06-27;2564;29322;22;1;0;3147503;1795576;6836;5;1
FR;2;2021-06-28;12633;54337;80;0;0;3160136;1849913;6916;5;1
FR;2;2021-06-29;19837;59880;178;0;0;3179973;1909793;7094;5;1
FR;2;2021-06-30;16315;57846;251;17;0;3196288;1967639;7345;22;1
FR;2;2021-07-01;20472;59884;227;0;0;3216760;2027523;7572;22;1
FR;2;2021-07-02;24067;62122;183;0;0;3240827;2089645;7755;22;1
FR;2;2021-07-03;12106;57078;153;0;0;3252933;2146723;7908;22;1
FR;2;2021-07-04;1957;23309;18;0;0;3254890;2170032;7926;22;1
FR;2;2021-07-05;9165;29358;106;0;0;3264055;2199390;8032;22;1
FR;2;2021-07-06;14569;36193;134;0;0;3278624;2235583;8166;22;1
FR;2;2021-07-07;14398;33665;138;0;0;3293022;2269248;8304;22;1
FR;2;2021-07-08;19708;40289;162;0;0;3312730;2309537;8466;22;1
FR;2;2021-07-09;27088;54260;202;1;1;3339818;2363797;8668;23;2
FR;2;2021-07-10;13380;33658;107;0;0;3353198;2397455;8775;23;2
FR;2;2021-07-11;1801;4336;16;0;0;3354999;2401791;8791;23;2
FR;2;2021-07-12;12957;37262;118;0;0;3367956;2439053;8909;23;2
FR;2;2021-07-13;37106;53233;150;0;0;3405062;2492286;9059;23;2
FR;2;2021-07-14;6600;3571;15;0;0;3411662;2495857;9074;23;2
FR;2;2021-07-15;47220;47027;156;0;0;3458882;2542884;9230;23;2
FR;2;2021-07-16;64303;55821;187;0;0;3523185;2598705;9417;23;2
FR;2;2021-07-17;31588;23931;96;0;0;3554773;2622636;9513;23;2
FR;2;2021-07-18;6085;4896;19;0;0;3560858;2627532;9532;23;2
FR;2;2021-07-19;32981;28686;93;0;0;3593839;2656218;9625;23;2
FR;2;2021-07-20;51982;44560;155;0;0;3645821;2700778;9780;23;2
FR;2;2021-07-21;45243;34783;93;0;0;3691064;2735561;9873;23;2
FR;2;2021-07-22;56267;41114;128;1;0;3747331;2776675;10001;24;2
FR;2;2021-07-23;68270;49094;170;0;0;3815601;2825769;10171;24;2
FR;2;2021-07-24;36159;21577;82;0;0;3851760;2847346;10253;24;2
FR;2;2021-07-25;6735;2658;10;0;0;3858495;2850004;10263;24;2
FR;2;2021-07-26;36286;22468;91;1;0;3894781;2872472;10354;25;2
FR;2;2021-07-27;62342;34630;180;0;0;3957123;2907102;10534;25;2
FR;2;2021-07-28;55278;26461;133;0;0;4012401;2933563;10667;25;2
FR;2;2021-07-29;68434;32775;189;0;0;4080835;2966338;10856;25;2
FR;2;2021-07-30;74413;37775;222;1;1;4155248;3004113;11078;26;3
FR;2;2021-07-31;34744;16173;104;0;0;4189992;3020286;11182;26;3
FR;2;2021-08-01;5393;2292;19;0;0;4195385;3022578;11201;26;3
FR;2;2021-08-02;35845;16206;101;0;0;4231230;3038784;11302;26;3
FR;2;2021-08-03;55945;28280;142;0;0;4287175;3067064;11444;26;3
FR;2;2021-08-04;46615;20860;128;0;0;4333790;3087924;11572;26;3
FR;2;2021-08-05;54600;31580;215;0;0;4388390;3119504;11787;26;3
FR;2;2021-08-06;58063;42385;242;1;0;4446453;3161889;12029;27;3
FR;2;2021-08-07;25130;17601;89;0;0;4471583;3179490;12118;27;3
FR;2;2021-08-08;3829;3671;21;0;0;4475412;3183161;12139;27;3
FR;2;2021-08-09;29281;21137;91;0;0;4504693;3204298;12230;27;3
FR;2;2021-08-10;44977;33514;152;0;0;4549670;3237812;12382;27;3
FR;2;2021-08-11;35256;25162;150;0;0;4584926;3262974;12532;27;3
FR;2;2021-08-12;41874;35733;162;0;0;4626800;3298707;12694;27;3
FR;2;2021-08-13;42578;37009;218;0;0;4669378;3335716;12912;27;3
FR;2;2021-08-14;18499;22268;93;0;0;4687877;3357984;13005;27;3
FR;2;2021-08-15;3791;3815;17;0;0;4691668;3361799;13022;27;3
FR;2;2021-08-16;25068;27220;110;0;0;4716736;3389019;13132;27;3
FR;2;2021-08-17;38246;43483;205;1;0;4754982;3432502;13337;28;3
FR;2;2021-08-18;32241;36386;192;1;1;4787223;3468888;13529;29;4
FR;2;2021-08-19;37422;46600;224;0;0;4824645;3515488;13753;29;4
FR;2;2021-08-20;40550;55582;269;1;0;4865195;3571070;14022;30;4
FR;2;2021-08-21;18111;24293;113;0;0;4883306;3595363;14135;30;4
FR;2;2021-08-22;2901;4322;22;1;1;4886207;3599685;14157;31;5
FR;2;2021-08-23;19237;35152;131;1;1;4905444;3634837;14288;32;6
FR;2;2021-08-24;31932;56029;234;0;0;4937376;3690866;14522;32;6
FR;2;2021-08-25;25925;43421;250;0;0;4963301;3734287;14772;32;6
FR;2;2021-08-26;32339;55770;387;0;0;4995640;3790057;15159;32;6
FR;2;2021-08-27;36992;65560;477;3;1;5032632;3855617;15636;35;7
FR;2;2021-08-28;17808;28456;300;0;0;5050440;3884073;15936;35;7
FR;2;2021-08-29;2654;5033;47;0;0;5053094;3889106;15983;35;7
FR;2;2021-08-30;18406;37746;399;0;762;5071500;3926852;16382;35;769
FR;2;2021-08-31;28070;57504;881;4;1532;5099570;3984356;17263;39;2301
FR;2;2021-09-01;21582;39814;1305;0;2082;5121152;4024170;18568;39;4383
FR;2;2021-09-02;25475;48596;1957;2;3270;5146627;4072766;20525;41;7653
FR;2;2021-09-03;33403;64464;2986;3;4811;5180030;4137230;23511;44;12464
FR;2;2021-09-04;16819;27673;1441;1;2340;5196849;4164903;24952;45;14804
FR;2;2021-09-05;2257;3620;263;0;412;5199106;4168523;25215;45;15216
FR;2;2021-09-06;14028;28731;1768;1;2929;5213134;4197254;26983;46;18145
FR;2;2021-09-07;21094;41043;3019;13;4837;5234228;4238297;30002;59;22982
FR;2;2021-09-08;17236;31907;2729;6;4433;5251464;4270204;32731;65;27415
FR;2;2021-09-09;20966;40432;4425;3;6713;5272430;4310636;37156;68;34128
FR;2;2021-09-10;28186;51092;5278;4;8776;5300616;4361728;42434;72;42904
FR;2;2021-09-11;13649;22329;2401;5;3914;5314265;4384057;44835;77;46818
FR;2;2021-09-12;1821;2796;281;0;500;5316086;4386853;45116;77;47318
FR;2;2021-09-13;11654;21448;2465;4;3990;5327740;4408301;47581;81;51308
FR;2;2021-09-14;18563;32774;5080;13;8995;5346303;4441075;52661;94;60303
FR;2;2021-09-15;14908;28280;5163;3;7778;5361211;4469355;57824;97;68081
FR;2;2021-09-16;16063;32751;6731;14;10514;5377274;4502106;64555;111;78595
FR;2;2021-09-17;20906;47069;8773;10;14559;5398180;4549175;73328;121;93154
FR;2;2021-09-18;9852;20917;3801;6;6021;5408032;4570092;77129;127;99175
FR;2;2021-09-19;1164;2657;395;0;650;5409196;4572749;77524;127;99825
FR;2;2021-09-20;7486;18806;3849;7;6147;5416682;4591555;81373;134;105972
FR;2;2021-09-21;11201;30011;6492;5;10738;5427883;4621566;87865;139;116710
FR;2;2021-09-22;9405;23546;5489;7;8509;5437288;4645112;93354;146;125219
FR;2;2021-09-23;10717;28860;7876;9;12625;5448005;4673972;101230;155;137844
FR;2;2021-09-24;15060;42820;10865;18;17149;5463065;4716792;112095;173;154993
FR;2;2021-09-25;7257;18706;3959;10;6070;5470322;4735498;116054;183;161063
FR;2;2021-09-26;1078;2564;494;0;638;5471400;4738062;116548;183;161701
FR;2;2021-09-27;6308;16447;4285;7;6549;5477708;4754509;120833;190;168250
FR;2;2021-09-28;9240;25532;7759;13;12053;5486948;4780041;128592;203;180303
FR;2;2021-09-29;8076;20206;6065;25;9251;5495024;4800247;134657;228;189554
FR;2;2021-09-30;9861;25778;9495;16;14071;5504885;4826025;144152;244;203625
FR;2;2021-10-01;13963;35611;12905;25;19210;5518848;4861636;157057;269;222835
FR;2;2021-10-02;6869;15864;4843;6;6992;5525717;4877500;161900;275;229827
FR;2;2021-10-03;841;1962;490;1;517;5526558;4879462;162390;276;230344
FR;2;2021-10-04;5816;13927;5511;5;7857;5532374;4893389;167901;281;238201
FR;2;2021-10-05;9047;22531;11119;19;15704;5541421;4915920;179020;300;253905
FR;2;2021-10-06;7776;17747;8236;11;11060;5549197;4933667;187256;311;264965
FR;2;2021-10-07;9192;22186;12369;15;16813;5558389;4955853;199625;326;281778
FR;2;2021-10-08;13420;32019;17343;27;23507;5571809;4987872;216968;353;305285
FR;2;2021-10-09;5996;12818;6039;6;7873;5577805;5000690;223007;359;313158
FR;2;2021-10-10;880;1635;435;2;629;5578685;5002325;223442;361;313787
FR;2;2021-10-11;5599;11614;6454;17;8837;5584284;5013939;229896;378;322624
FR;2;2021-10-12;8031;17755;12532;13;16723;5592315;5031694;242428;391;339347
FR;2;2021-10-13;6935;14847;10244;11;13595;5599250;5046541;252672;402;352942
FR;2;2021-10-14;8312;17925;14984;13;19437;5607562;5064466;267656;415;372379
FR;2;2021-10-15;11842;26255;20893;26;27920;5619404;5090721;288549;441;400299
FR;2;2021-10-16;5136;8729;1815;0;3205;5624540;5099450;290364;441;403504
FR;2;2021-10-17;650;1197;183;0;378;5625190;5100647;290547;441;403882
FR;2;2021-10-18;4554;7434;659;2;1678;5629744;5108081;291206;443;405560
FR;2;2021-10-19;6235;9912;728;5;2066;5635979;5117993;291934;448;407626
FR;2;2021-10-20;5159;8117;756;3;1685;5641138;5126110;292690;451;409311
FR;2;2021-10-21;6085;9969;777;5;2091;5647223;5136079;293467;456;411402
FR;2;2021-10-22;8442;14542;1140;4;2861;5655665;5150621;294607;460;414263
FR;2;2021-10-23;3840;5999;580;0;1237;5659505;5156620;295187;460;415500
FR;2;2021-10-24;493;882;99;0;199;5659998;5157502;295286;460;415699
FR;2;2021-10-25;3357;5389;296;1;827;5663355;5162891;295582;461;416526
FR;2;2021-10-26;4172;7245;1118;4;1992;5667527;5170136;296700;465;418518
FR;2;2021-10-27;3671;6633;1191;5;2000;5671198;5176769;297891;470;420518
FR;2;2021-10-28;4595;7692;1723;3;2733;5675793;5184461;299614;473;423251
FR;2;2021-10-29;5406;11076;2426;4;3662;5681199;5195537;302040;477;426913
FR;2;2021-10-30;2748;4425;971;1;1425;5683947;5199962;303011;478;428338
FR;2;2021-10-31;364;551;138;1;187;5684311;5200513;303149;479;428525
FR;2;2021-11-01;411;558;170;0;260;5684722;5201071;303319;479;428785
FR;2;2021-11-02;3285;6766;1177;0;1758;5688007;5207837;304496;479;430543
FR;2;2021-11-03;3331;6252;1380;2;1963;5691338;5214089;305876;481;432506
FR;2;2021-11-04;3983;7107;1756;4;2487;5695321;5221196;307632;485;434993
FR;2;2021-11-05;5220;10495;2862;5;3938;5700541;5231691;310494;490;438931
FR;2;2021-11-06;2589;4653;1396;0;1802;5703130;5236344;311890;490;440733
FR;2;2021-11-07;507;872;215;0;288;5703637;5237216;312105;490;441021
FR;2;2021-11-08;2575;5380;1199;3;1683;5706212;5242596;313304;493;442704
FR;2;2021-11-09;2748;6958;2389;6;3171;5708960;5249554;315693;499;445875
FR;2;2021-11-10;2582;5709;5087;6;6256;5711542;5255263;320780;505;452131
FR;2;2021-11-11;432;736;730;2;909;5711974;5255999;321510;507;453040
FR;2;2021-11-12;2946;8103;8958;8;10891;5714920;5264102;330468;515;463931
FR;2;2021-11-13;1529;3373;3862;7;4519;5716449;5267475;334330;522;468450
FR;2;2021-11-14;253;614;345;1;488;5716702;5268089;334675;523;468938
FR;2;2021-11-15;1618;3714;4431;9;5323;5718320;5271803;339106;532;474261
FR;2;2021-11-16;2181;5954;8285;14;10061;5720501;5277757;347391;546;484322
FR;2;2021-11-17;1736;4575;6614;8;7831;5722237;5282332;354005;554;492153
FR;2;2021-11-18;2186;5947;9165;11;10984;5724423;5288279;363170;565;503137
FR;2;2021-11-19;2696;7790;12954;19;15459;5727119;5296069;376124;584;518596
FR;2;2021-11-20;1565;3316;5164;5;6061;5728684;5299385;381288;589;524657
FR;2;2021-11-21;246;520;539;0;665;5728930;5299905;381827;589;525322
FR;2;2021-11-22;1274;2633;4466;5;5398;5730204;5302538;386293;594;530720
FR;2;2021-11-23;1612;4322;8183;9;9886;5731816;5306860;394476;603;540606
FR;2;2021-11-24;1420;3808;7455;15;8709;5733236;5310668;401931;618;549315
FR;2;2021-11-25;1809;4898;11440;21;13634;5735045;5315566;413371;639;562949
FR;2;2021-11-26;2534;7786;22638;31;26056;5737579;5323352;436009;670;589005
FR;2;2021-11-27;1497;4135;12254;18;13988;5739076;5327487;448263;688;602993
FR;2;2021-11-28;292;844;1964;3;2291;5739368;5328331;450227;691;605284
FR;2;2021-11-29;1444;4385;15069;23;17230;5740812;5332716;465296;714;622514
FR;2;2021-11-30;1909;6761;26218;36;29973;5742721;5339477;491514;750;652487
FR;2;2021-12-01;1898;6094;26181;29;29494;5744619;5345571;517695;779;681981
FR;2;2021-12-02;1909;6824;37679;52;41915;5746528;5352395;555374;831;723896
FR;2;2021-12-03;2548;10083;53580;112;59283;5749076;5362478;608954;943;783179
FR;2;2021-12-04;1847;6274;37083;38;40743;5750923;5368752;646037;981;823922
FR;2;2021-12-05;458;2293;14247;13;15992;5751381;5371045;660284;994;839914
FR;2;2021-12-06;2453;9894;77672;109;84730;5753834;5380939;737956;1103;924644
FR;2;2021-12-07;3441;15332;122403;238;133674;5757275;5396271;860359;1341;1058318
FR;2;2021-12-08;3716;16044;133161;330;145349;5760991;5412315;993520;1671;1203667
FR;2;2021-12-09;4544;19598;170122;554;185454;5765535;5431913;1163642;2225;1389121
FR;2;2021-12-10;4667;22803;188595;489;206014;5770202;5454716;1352237;2714;1595135
FR;2;2021-12-11;3681;16605;132416;238;144832;5773883;5471321;1484653;2952;1739967
FR;2;2021-12-12;1257;7142;59071;83;65130;5775140;5478463;1543724;3035;1805097
FR;2;2021-12-13;5523;26851;220637;604;242915;5780663;5505314;1764361;3639;2048012
FR;2;2021-12-14;7018;37499;300695;909;332137;5787681;5542813;2065056;4548;2380149
FR;2;2021-12-15;6560;36225;285150;955;315735;5794241;5579038;2350206;5503;2695884
FR;2;2021-12-16;7765;37929;312084;981;343677;5802006;5616967;2662290;6484;3039561
FR;2;2021-12-17;8684;41209;327813;975;360862;5810690;5658176;2990103;7459;3400423
FR;2;2021-12-18;6517;26569;212310;448;233616;5817207;5684745;3202413;7907;3634039
FR;2;2021-12-19;2603;11511;90195;184;100386;5819810;5696256;3292608;8091;3734425
FR;2;2021-12-20;9550;33602;275125;707;303300;5829360;5729858;3567733;8798;4037725
FR;2;2021-12-21;11555;38297;309565;970;341323;5840915;5768155;3877298;9768;4379048
FR;2;2021-12-22;10452;32880;265064;952;292461;5851367;5801035;4142362;10720;4671509
FR;2;2021-12-23;9429;26712;199439;700;221242;5860796;5827747;4341801;11420;4892751
FR;2;2021-12-24;2780;7506;43841;140;49564;5863576;5835253;4385642;11560;4942315
FR;2;2021-12-25;201;706;2000;10;2502;5863777;5835959;4387642;11570;4944817
FR;2;2021-12-26;1322;4208;25143;71;28679;5865099;5840167;4412785;11641;4973496
FR;2;2021-12-27;8075;29924;218369;658;243281;5873174;5870091;4631154;12299;5216777
FR;2;2021-12-28;9842;36348;272053;741;301944;5883016;5906439;4903207;13040;5518721
FR;2;2021-12-29;9492;32285;246087;766;272656;5892508;5938724;5149294;13806;5791377
FR;2;2021-12-30;9450;28134;208796;662;231457;5901958;5966858;5358090;14468;6022834
FR;2;2021-12-31;3009;8398;54972;177;61242;5904967;5975256;5413062;14645;6084076
FR;2;2022-01-01;227;690;2848;7;3336;5905194;5975946;5415910;14652;6087412
FR;2;2022-01-02;1505;4851;29503;74;33390;5906699;5980797;5445413;14726;6120802
FR;2;2022-01-03;9578;35335;266491;807;293841;5916277;6016132;5711904;15533;6414643
FR;2;2022-01-04;12839;45345;342048;1067;376924;5929116;6061477;6053952;16600;6791567
FR;2;2022-01-05;11270;38665;294120;884;323786;5940386;6100142;6348072;17484;7115353
FR;2;2022-01-06;13651;43458;331903;1296;364663;5954037;6143600;6679975;18780;7480016
FR;2;2022-01-07;14225;47618;361052;1268;396372;5968262;6191218;7041027;20048;7876388
FR;2;2022-01-08;7946;28140;201240;514;221661;5976208;6219358;7242267;20562;8098049
FR;2;2022-01-09;2749;9033;62513;137;69536;5978957;6228391;7304780;20699;8167585
FR;2;2022-01-10;10087;31919;232431;857;255031;5989044;6260310;7537211;21556;8422616
FR;2;2022-01-11;11463;36253;265851;1029;290546;6000507;6296563;7803062;22585;8713162
FR;2;2022-01-12;8755;29841;206282;861;226160;6009262;6326404;8009344;23446;8939322
FR;2;2022-01-13;9382;31328;224447;830;244791;6018644;6357732;8233791;24276;9184113
FR;2;2022-01-14;9739;35695;254497;919;277672;6028383;6393427;8488288;25195;9461785
FR;2;2022-01-15;5353;19445;140756;358;153624;6033736;6412872;8629044;25553;9615409
FR;2;2022-01-16;1513;5540;35861;80;39849;6035249;6418412;8664905;25633;9655258
FR;2;2022-01-17;5546;19310;135376;601;147243;6040795;6437722;8800281;26234;9802501
FR;2;2022-01-18;6416;21544;148593;647;160472;6047211;6459266;8948874;26881;9962973
FR;2;2022-01-19;4385;16376;105070;552;113681;6051596;6475642;9053944;27433;10076654
FR;2;2022-01-20;4865;17588;115257;601;123655;6056461;6493230;9169201;28034;10200309
FR;2;2022-01-21;5189;20059;137309;677;147727;6061650;6513289;9306510;28711;10348036
FR;2;2022-01-22;3026;10974;74248;259;80325;6064676;6524263;9380758;28970;10428361
FR;2;2022-01-23;722;2740;15233;41;16840;6065398;6527003;9395991;29011;10445201
FR;2;2022-01-24;3289;12838;75052;428;81007;6068687;6539841;9471043;29439;10526208
FR;2;2022-01-25;3572;14435;79599;495;85440;6072259;6554276;9550642;29934;10611648
FR;2;2022-01-26;2514;10656;58952;363;62982;6074773;6564932;9609594;30297;10674630
FR;2;2022-01-27;2683;11212;64153;388;67885;6077456;6576144;9673747;30685;10742515
FR;2;2022-01-28;3540;18438;91701;430;98960;6080996;6594582;9765448;31115;10841475
FR;2;2022-01-29;1890;9265;48831;163;52917;6082886;6603847;9814279;31278;10894392
FR;2;2022-01-30;466;2252;9453;37;10611;6083352;6606099;9823732;31315;10905003
FR;2;2022-01-31;1884;9612;43810;208;47342;6085236;6615711;9867542;31523;10952345
FR;2;2022-02-01;1905;10050;47014;278;50100;6087141;6625761;9914556;31801;11002445
FR;2;2022-02-02;1603;9033;41088;251;44157;6088744;6634794;9955644;32052;11046602
FR;2;2022-02-03;1714;8936;40499;204;42900;6090458;6643730;9996143;32256;11089502
FR;2;2022-02-04;2148;15224;66610;297;71335;6092606;6658954;10062753;32553;11160837
FR;2;2022-02-05;1360;8542;35929;131;39229;6093966;6667496;10098682;32684;11200066
FR;2;2022-02-06;274;1786;6122;16;6897;6094240;6669282;10104804;32700;11206963
FR;2;2022-02-07;1344;9613;37736;133;41298;6095584;6678895;10142540;32833;11248261
FR;2;2022-02-08;1295;9801;40921;173;43701;6096879;6688696;10183461;33006;11291962
FR;2;2022-02-09;1160;8800;37025;172;40438;6098039;6697496;10220486;33178;11332400
FR;2;2022-02-10;1015;7968;33824;203;36491;6099054;6705464;10254310;33381;11368891
FR;2;2022-02-11;1389;12074;53331;222;57675;6100443;6717538;10307641;33603;11426566
FR;2;2022-02-12;750;6522;27982;83;30798;6101193;6724060;10335623;33686;11457364
FR;2;2022-02-13;198;1333;4832;20;5572;6101391;6725393;10340455;33706;11462936
FR;2;2022-02-14;834;6721;30252;89;33217;6102225;6732114;10370707;33795;11496153
FR;2;2022-02-15;772;6444;28037;140;29977;6102997;6738558;10398744;33935;11526130
FR;2;2022-02-16;652;5334;22028;123;23585;6103649;6743892;10420772;34058;11549715
FR;2;2022-02-17;512;3766;14138;98;14601;6104161;6747658;10434910;34156;11564316
FR;2;2022-02-18;720;5356;20424;133;21118;6104881;6753014;10455334;34289;11585434
FR;2;2022-02-19;426;3039;10526;66;11235;6105307;6756053;10465860;34355;11596669
FR;2;2022-02-20;101;509;1455;3;1602;6105408;6756562;10467315;34358;11598271
FR;2;2022-02-21;416;2678;9106;65;9481;6105824;6759240;10476421;34423;11607752
FR;2;2022-02-22;389;2560;8885;75;8786;6106213;6761800;10485306;34498;11616538
FR;2;2022-02-23;430;2594;8978;82;9258;6106643;6764394;10494284;34580;11625796
FR;2;2022-02-24;312;2024;6788;81;6815;6106955;6766418;10501072;34661;11632611
FR;2;2022-02-25;453;3188;11405;108;11268;6107408;6769606;10512477;34769;11643879
FR;2;2022-02-26;290;1886;6032;49;6337;6107698;6771492;10518509;34818;11650216
FR;2;2022-02-27;72;309;902;5;944;6107770;6771801;10519411;34823;11651160
FR;2;2022-02-28;325;1672;5508;50;5514;6108095;6773473;10524919;34873;11656674
FR;2;2022-03-01;267;1546;5455;44;5173;6108362;6775019;10530374;34917;11661847
FR;2;2022-03-02;294;1428;5226;43;5070;6108656;6776447;10535600;34960;11666917
FR;2;2022-03-03;222;1090;3685;40;3463;6108878;6777537;10539285;35000;11670380
FR;2;2022-03-04;230;1454;4841;73;4486;6109108;6778991;10544126;35073;11674866
FR;2;2022-03-05;167;891;2964;31;2706;6109275;6779882;10547090;35104;11677572
FR;2;2022-03-06;36;176;269;5;309;6109311;6780058;10547359;35109;11677881
FR;2;2022-03-07;151;648;1974;68;1765;6109462;6780706;10549333;35177;11679646
FR;2;2022-03-08;140;646;2257;49;1888;6109602;6781352;10551590;35226;11681534
FR;2;2022-03-09;145;690;2326;36;2027;6109747;6782042;10553916;35262;11683561
FR;2;2022-03-10;110;583;1652;34;1425;6109857;6782625;10555568;35296;11684986
FR;2;2022-03-11;166;746;2755;57;2353;6110023;6783371;10558323;35353;11687339
FR;2;2022-03-12;136;472;1774;27;1543;6110159;6783843;10560097;35380;11688882
FR;2;2022-03-13;25;72;201;29;201;6110184;6783915;10560298;35409;11689083
FR;2;2022-03-14;114;446;1529;529;1259;6110298;6784361;10561827;35938;11690342
FR;2;2022-03-15;139;408;1683;687;1297;6110437;6784769;10563510;36625;11691639
FR;2;2022-03-16;131;443;1949;1609;1524;6110568;6785212;10565459;38234;11693163
FR;2;2022-03-17;92;403;1382;1191;1123;6110660;6785615;10566841;39425;11694286
FR;2;2022-03-18;138;479;1991;1786;1628;6110798;6786094;10568832;41211;11695914
FR;2;2022-03-19;106;318;1205;935;1011;6110904;6786412;10570037;42146;11696925
FR;2;2022-03-20;12;71;173;58;147;6110916;6786483;10570210;42204;11697072
FR;2;2022-03-21;94;285;1155;1474;1021;6111010;6786768;10571365;43678;11698093
FR;2;2022-03-22;110;368;1469;1818;1228;6111120;6787136;10572834;45496;11699321
FR;2;2022-03-23;133;320;1609;3015;1391;6111253;6787456;10574443;48511;11700712
FR;2;2022-03-24;103;270;1135;1525;941;6111356;6787726;10575578;50036;11701653
FR;2;2022-03-25;109;340;1691;2418;1377;6111465;6788066;10577269;52454;11703030
FR;2;2022-03-26;64;233;1163;1215;910;6111529;6788299;10578432;53669;11703940
FR;2;2022-03-27;17;34;140;93;119;6111546;6788333;10578572;53762;11704059
FR;2;2022-03-28;83;257;1070;1533;928;6111629;6788590;10579642;55295;11704987
FR;3;2020-12-27;0;0;0;0;0;0;0;0;0;0
FR;3;2020-12-28;0;0;0;0;0;0;0;0;0;0
FR;3;2020-12-29;0;0;0;0;0;0;0;0;0;0
FR;3;2020-12-30;0;0;0;0;0;0;0;0;0;0
FR;3;2020-12-31;0;0;0;0;0;0;0;0;0;0
FR;3;2021-01-01;0;0;0;0;0;0;0;0;0;0
FR;3;2021-01-02;0;0;0;0;0;0;0;0;0;0
FR;3;2021-01-03;0;0;0;0;0;0;0;0;0;0
FR;3;2021-01-04;0;0;0;0;0;0;0;0;0;0
FR;3;2021-01-05;0;0;0;0;0;0;0;0;0;0
FR;3;2021-01-06;0;0;0;0;0;0;0;0;0;0
FR;3;2021-01-07;0;0;0;0;0;0;0;0;0;0
FR;3;2021-01-08;0;0;0;0;0;0;0;0;0;0
FR;3;2021-01-09;0;0;0;0;0;0;0;0;0;0
FR;3;2021-01-10;0;0;0;0;0;0;0;0;0;0
FR;3;2021-01-11;0;0;0;0;0;0;0;0;0;0
FR;3;2021-01-12;0;0;0;0;0;0;0;0;0;0
FR;3;2021-01-13;0;0;0;0;0;0;0;0;0;0
FR;3;2021-01-14;0;0;0;0;0;0;0;0;0;0
FR;3;2021-01-15;0;0;0;0;0;0;0;0;0;0
FR;3;2021-01-16;0;0;0;0;0;0;0;0;0;0
FR;3;2021-01-17;0;0;0;0;0;0;0;0;0;0
FR;3;2021-01-18;0;0;0;0;0;0;0;0;0;0
FR;3;2021-01-19;0;0;0;0;0;0;0;0;0;0
FR;3;2021-01-20;0;0;0;0;0;0;0;0;0;0
FR;3;2021-01-21;0;0;0;0;0;0;0;0;0;0
FR;3;2021-01-22;0;0;0;0;0;0;0;0;0;0
FR;3;2021-01-23;0;0;0;0;0;0;0;0;0;0
FR;3;2021-01-24;0;0;0;0;0;0;0;0;0;0
FR;3;2021-01-25;0;0;0;0;0;0;0;0;0;0
FR;3;2021-01-26;0;0;0;0;0;0;0;0;0;0
FR;3;2021-01-27;0;0;0;0;0;0;0;0;0;0
FR;3;2021-01-28;0;0;0;0;0;0;0;0;0;0
FR;3;2021-01-29;0;0;0;0;0;0;0;0;0;0
FR;3;2021-01-30;0;0;0;0;0;0;0;0;0;0
FR;3;2021-01-31;0;0;0;0;0;0;0;0;0;0
FR;3;2021-02-01;0;0;0;0;0;0;0;0;0;0
FR;3;2021-02-02;0;0;0;0;0;0;0;0;0;0
FR;3;2021-02-03;0;0;0;0;0;0;0;0;0;0
FR;3;2021-02-04;0;0;0;0;0;0;0;0;0;0
FR;3;2021-02-05;0;0;0;0;0;0;0;0;0;0
FR;3;2021-02-06;1704;0;0;0;0;1704;0;0;0;0
FR;3;2021-02-07;1421;0;0;0;0;3125;0;0;0;0
FR;3;2021-02-08;2779;0;0;0;0;5904;0;0;0;0
FR;3;2021-02-09;6780;0;0;0;0;12684;0;0;0;0
FR;3;2021-02-10;9601;0;0;0;0;22285;0;0;0;0
FR;3;2021-02-11;13606;0;0;0;0;35891;0;0;0;0
FR;3;2021-02-12;13393;0;0;0;0;49284;0;0;0;0
FR;3;2021-02-13;3778;0;0;0;0;53062;0;0;0;0
FR;3;2021-02-14;972;0;0;0;0;54034;0;0;0;0
FR;3;2021-02-15;10475;0;0;0;0;64509;0;0;0;0
FR;3;2021-02-16;12541;0;0;0;0;77050;0;0;0;0
FR;3;2021-02-17;11147;0;0;0;0;88197;0;0;0;0
FR;3;2021-02-18;14933;0;0;0;0;103130;0;0;0;0
FR;3;2021-02-19;14357;1;0;0;0;117487;1;0;0;0
FR;3;2021-02-20;3329;0;0;0;0;120816;1;0;0;0
FR;3;2021-02-21;617;0;0;0;0;121433;1;0;0;0
FR;3;2021-02-22;9159;0;0;0;0;130592;1;0;0;0
FR;3;2021-02-23;11394;1;0;0;0;141986;2;0;0;0
FR;3;2021-02-24;14297;0;0;0;0;156283;2;0;0;0
FR;3;2021-02-25;44927;0;0;0;0;201210;2;0;0;0
FR;3;2021-02-26;61880;0;0;0;0;263090;2;0;0;0
FR;3;2021-02-27;34800;5;0;0;0;297890;7;0;0;0
FR;3;2021-02-28;2463;0;0;0;0;300353;7;0;0;0
FR;3;2021-03-01;20503;9;0;0;0;320856;16;0;0;0
FR;3;2021-03-02;38859;17;0;0;0;359715;33;0;0;0
FR;3;2021-03-03;48726;16;0;0;0;408441;49;0;0;0
FR;3;2021-03-04;82210;19;0;0;0;490651;68;0;0;0
FR;3;2021-03-05;118120;37;0;0;0;608771;105;0;0;0
FR;3;2021-03-06;120708;48;1;0;0;729479;153;1;0;0
FR;3;2021-03-07;55173;26;0;0;0;784652;179;1;0;0
FR;3;2021-03-08;42805;23;0;0;0;827457;202;1;0;0
FR;3;2021-03-09;78969;39;0;0;0;906426;241;1;0;0
FR;3;2021-03-10;80960;42;0;0;0;987386;283;1;0;0
FR;3;2021-03-11;128409;47;0;0;0;1115795;330;1;0;0
FR;3;2021-03-12;182712;75;0;0;0;1298507;405;1;0;0
FR;3;2021-03-13;132138;56;0;0;0;1430645;461;1;0;0
FR;3;2021-03-14;14054;4;0;0;0;1444699;465;1;0;0
FR;3;2021-03-15;52217;39;0;0;0;1496916;504;1;0;0
FR;3;2021-03-16;1207;16;0;0;0;1498123;520;1;0;0
FR;3;2021-03-17;939;17;0;0;0;1499062;537;1;0;0
FR;3;2021-03-18;1562;9;0;0;0;1500624;546;1;0;0
FR;3;2021-03-19;70439;43;0;0;0;1571063;589;1;0;0
FR;3;2021-03-20;65224;40;0;0;0;1636287;629;1;0;0
FR;3;2021-03-21;5754;4;0;0;0;1642041;633;1;0;0
FR;3;2021-03-22;37492;36;0;0;0;1679533;669;1;0;0
FR;3;2021-03-23;84645;59;0;0;0;1764178;728;1;0;0
FR;3;2021-03-24;90927;90;0;0;0;1855105;818;1;0;0
FR;3;2021-03-25;150037;121;0;0;0;2005142;939;1;0;0
FR;3;2021-03-26;165407;149;0;0;0;2170549;1088;1;0;0
FR;3;2021-03-27;68453;93;0;0;0;2239002;1181;1;0;0
FR;3;2021-03-28;6468;19;0;0;0;2245470;1200;1;0;0
FR;3;2021-03-29;54149;68;0;0;0;2299619;1268;1;0;0
FR;3;2021-03-30;93154;96;0;0;0;2392773;1364;1;0;0
FR;3;2021-03-31;63517;84;0;0;0;2456290;1448;1;0;0
FR;3;2021-04-01;86116;102;0;0;0;2542406;1550;1;0;0
FR;3;2021-04-02;86882;146;0;0;0;2629288;1696;1;0;0
FR;3;2021-04-03;35866;113;0;0;0;2665154;1809;1;0;0
FR;3;2021-04-04;3569;14;0;0;0;2668723;1823;1;0;0
FR;3;2021-04-05;4481;26;0;0;0;2673204;1849;1;0;0
FR;3;2021-04-06;29737;78;0;0;0;2702941;1927;1;0;0
FR;3;2021-04-07;32331;70;0;0;0;2735272;1997;1;0;0
FR;3;2021-04-08;78804;234;0;0;0;2814076;2231;1;0;0
FR;3;2021-04-09;161745;409;0;0;0;2975821;2640;1;0;0
FR;3;2021-04-10;75751;330;0;0;0;3051572;2970;1;0;0
FR;3;2021-04-11;7305;44;0;0;0;3058877;3014;1;0;0
FR;3;2021-04-12;51464;200;0;0;0;3110341;3214;1;0;0
FR;3;2021-04-13;86216;312;0;0;0;3196557;3526;1;0;0
FR;3;2021-04-14;67832;337;0;0;0;3264389;3863;1;0;0
FR;3;2021-04-15;93219;365;0;0;0;3357608;4228;1;0;0
FR;3;2021-04-16;112513;565;0;0;0;3470121;4793;1;0;0
FR;3;2021-04-17;53311;318;1;0;0;3523432;5111;2;0;0
FR;3;2021-04-18;9741;32;0;0;0;3533173;5143;2;0;0
FR;3;2021-04-19;25101;232;0;0;0;3558274;5375;2;0;0
FR;3;2021-04-20;45667;391;0;0;0;3603941;5766;2;0;0
FR;3;2021-04-21;38960;456;0;0;0;3642901;6222;2;0;0
FR;3;2021-04-22;54697;776;0;0;0;3697598;6998;2;0;0
FR;3;2021-04-23;70477;1009;0;0;0;3768075;8007;2;0;0
FR;3;2021-04-24;37240;971;0;0;0;3805315;8978;2;0;0
FR;3;2021-04-25;6200;157;0;0;0;3811515;9135;2;0;0
FR;3;2021-04-26;19781;646;0;0;0;3831296;9781;2;0;0
FR;3;2021-04-27;34467;1248;0;0;0;3865763;11029;2;0;0
FR;3;2021-04-28;28955;1925;0;0;0;3894718;12954;2;0;0
FR;3;2021-04-29;45370;5946;0;0;0;3940088;18900;2;0;0
FR;3;2021-04-30;55451;8910;1;0;0;3995539;27810;3;0;0
FR;3;2021-05-01;9507;1964;0;0;0;4005046;29774;3;0;0
FR;3;2021-05-02;3069;491;0;0;0;4008115;30265;3;0;0
FR;3;2021-05-03;13052;3881;0;0;0;4021167;34146;3;0;0
FR;3;2021-05-04;23107;8394;0;0;0;4044274;42540;3;0;0
FR;3;2021-05-05;18746;10568;0;0;0;4063020;53108;3;0;0
FR;3;2021-05-06;34613;20869;0;0;0;4097633;73977;3;0;0
FR;3;2021-05-07;44196;28367;0;0;0;4141829;102344;3;0;0
FR;3;2021-05-08;6776;8836;0;0;0;4148605;111180;3;0;0
FR;3;2021-05-09;1792;2650;0;0;0;4150397;113830;3;0;0
FR;3;2021-05-10;14984;12544;0;0;0;4165381;126374;3;0;0
FR;3;2021-05-11;27090;25701;0;0;0;4192471;152075;3;0;0
FR;3;2021-05-12;17262;27427;0;0;0;4209733;179502;3;0;0
FR;3;2021-05-13;2275;3480;0;0;0;4212008;182982;3;0;0
FR;3;2021-05-14;14509;25701;0;0;0;4226517;208683;3;0;0
FR;3;2021-05-15;7228;20723;0;0;0;4233745;229406;3;0;0
FR;3;2021-05-16;973;2674;0;0;0;4234718;232080;3;0;0
FR;3;2021-05-17;7954;19902;0;0;0;4242672;251982;3;0;0
FR;3;2021-05-18;13402;29612;0;0;0;4256074;281594;3;0;0
FR;3;2021-05-19;9258;31803;0;0;0;4265332;313397;3;0;0
FR;3;2021-05-20;12799;53157;3;0;0;4278131;366554;6;0;0
FR;3;2021-05-21;12759;65461;2;0;0;4290890;432015;8;0;0
FR;3;2021-05-22;4958;33257;1;0;0;4295848;465272;9;0;0
FR;3;2021-05-23;649;2663;0;0;0;4296497;467935;9;0;0
FR;3;2021-05-24;875;4922;0;0;0;4297372;472857;9;0;0
FR;3;2021-05-25;5293;45149;1;0;0;4302665;518006;10;0;0
FR;3;2021-05-26;4965;51006;1;0;0;4307630;569012;11;0;0
FR;3;2021-05-27;6318;77756;3;0;0;4313948;646768;14;0;0
FR;3;2021-05-28;7539;99004;2;0;0;4321487;745772;16;0;0
FR;3;2021-05-29;3344;60226;1;0;0;4324831;805998;17;0;0
FR;3;2021-05-30;544;8232;0;0;0;4325375;814230;17;0;0
FR;3;2021-05-31;2429;35943;3;0;0;4327804;850173;20;0;0
FR;3;2021-06-01;3394;64747;10;0;0;4331198;914920;30;0;0
FR;3;2021-06-02;2720;58279;6;0;0;4333918;973199;36;0;0
FR;3;2021-06-03;3489;87487;10;0;0;4337407;1060686;46;0;0
FR;3;2021-06-04;4103;105020;22;0;0;4341510;1165706;68;0;0
FR;3;2021-06-05;1967;52210;4;0;0;4343477;1217916;72;0;0
FR;3;2021-06-06;503;5397;1;0;0;4343980;1223313;73;0;0
FR;3;2021-06-07;1460;31145;11;0;0;4345440;1254458;84;0;0
FR;3;2021-06-08;2043;47220;18;0;0;4347483;1301678;102;0;0
FR;3;2021-06-09;1782;42356;13;0;0;4349265;1344034;115;0;0
FR;3;2021-06-10;2240;67906;17;0;0;4351505;1411940;132;0;0
FR;3;2021-06-11;2467;96705;34;0;0;4353972;1508645;166;0;0
FR;3;2021-06-12;1171;40816;6;0;0;4355143;1549461;172;0;0
FR;3;2021-06-13;275;3818;3;0;0;4355418;1553279;175;0;0
FR;3;2021-06-14;1035;42622;17;0;0;4356453;1595901;192;0;0
FR;3;2021-06-15;1362;80610;20;0;0;4357815;1676511;212;0;0
FR;3;2021-06-16;1252;65713;19;0;0;4359067;1742224;231;0;0
FR;3;2021-06-17;1654;101765;41;0;0;4360721;1843989;272;0;0
FR;3;2021-06-18;1866;117837;61;0;0;4362587;1961826;333;0;0
FR;3;2021-06-19;800;39358;22;0;0;4363387;2001184;355;0;0
FR;3;2021-06-20;158;3389;0;0;0;4363545;2004573;355;0;0
FR;3;2021-06-21;761;39259;16;0;0;4364306;2043832;371;0;0
FR;3;2021-06-22;1060;69961;52;0;0;4365366;2113793;423;0;0
FR;3;2021-06-23;939;50801;38;0;0;4366305;2164594;461;0;0
FR;3;2021-06-24;1302;77127;48;0;0;4367607;2241721;509;0;0
FR;3;2021-06-25;1399;89900;73;0;0;4369006;2331621;582;0;0
FR;3;2021-06-26;624;33124;29;0;0;4369630;2364745;611;0;0
FR;3;2021-06-27;163;4015;1;0;0;4369793;2368760;612;0;0
FR;3;2021-06-28;646;30428;27;0;0;4370439;2399188;639;0;0
FR;3;2021-06-29;851;56130;95;0;0;4371290;2455318;734;0;0
FR;3;2021-06-30;897;45065;93;0;0;4372187;2500383;827;0;0
FR;3;2021-07-01;1158;65625;108;0;0;4373345;2566008;935;0;0
FR;3;2021-07-02;1291;90353;170;0;0;4374636;2656361;1105;0;0
FR;3;2021-07-03;600;31168;52;0;0;4375236;2687529;1157;0;0
FR;3;2021-07-04;139;4278;3;0;0;4375375;2691807;1160;0;0
FR;3;2021-07-05;605;33908;60;0;0;4375980;2725715;1220;0;0
FR;3;2021-07-06;952;56066;88;0;0;4376932;2781781;1308;0;0
FR;3;2021-07-07;868;43048;79;0;0;4377800;2824829;1387;0;0
FR;3;2021-07-08;1123;60712;99;0;0;4378923;2885541;1486;0;0
FR;3;2021-07-09;1258;68797;128;0;0;4380181;2954338;1614;0;0
FR;3;2021-07-10;639;25044;59;0;0;4380820;2979382;1673;0;0
FR;3;2021-07-11;127;3310;4;0;0;4380947;2982692;1677;0;0
FR;3;2021-07-12;658;23891;59;0;0;4381605;3006583;1736;0;0
FR;3;2021-07-13;1643;34739;90;0;0;4383248;3041322;1826;0;0
FR;3;2021-07-14;260;2646;2;0;0;4383508;3043968;1828;0;0
FR;3;2021-07-15;1930;30676;85;0;0;4385438;3074644;1913;0;0
FR;3;2021-07-16;2518;38870;122;0;0;4387956;3113514;2035;0;0
FR;3;2021-07-17;1042;13750;26;0;0;4388998;3127264;2061;0;0
FR;3;2021-07-18;261;2621;3;0;0;4389259;3129885;2064;0;0
FR;3;2021-07-19;1270;17223;37;0;0;4390529;3147108;2101;0;0
FR;3;2021-07-20;1819;27160;98;0;0;4392348;3174268;2199;0;0
FR;3;2021-07-21;1643;19733;44;0;0;4393991;3194001;2243;0;0
FR;3;2021-07-22;1846;27775;82;0;0;4395837;3221776;2325;0;0
FR;3;2021-07-23;2211;30451;117;0;0;4398048;3252227;2442;0;0
FR;3;2021-07-24;819;7012;25;0;0;4398867;3259239;2467;0;0
FR;3;2021-07-25;208;1355;1;0;0;4399075;3260594;2468;0;0
FR;3;2021-07-26;919;10715;28;0;0;4399994;3271309;2496;0;0
FR;3;2021-07-27;1164;16957;56;0;0;4401158;3288266;2552;0;0
FR;3;2021-07-28;985;12116;40;0;0;4402143;3300382;2592;0;0
FR;3;2021-07-29;1126;15853;63;0;0;4403269;3316235;2655;0;0
FR;3;2021-07-30;1123;18117;79;0;0;4404392;3334352;2734;0;0
FR;3;2021-07-31;405;3743;15;0;0;4404797;3338095;2749;0;0
FR;3;2021-08-01;111;484;1;0;0;4404908;3338579;2750;0;0
FR;3;2021-08-02;413;5160;22;0;0;4405321;3343739;2772;0;0
FR;3;2021-08-03;485;7601;27;0;0;4405806;3351340;2799;0;0
FR;3;2021-08-04;434;4900;26;0;0;4406240;3356240;2825;0;0
FR;3;2021-08-05;427;3746;12;0;0;4406667;3359986;2837;0;0
FR;3;2021-08-06;450;4800;30;0;0;4407117;3364786;2867;0;0
FR;3;2021-08-07;213;1920;11;0;0;4407330;3366706;2878;0;0
FR;3;2021-08-08;242;430;2;0;0;4407572;3367136;2880;0;0
FR;3;2021-08-09;310;2521;11;0;0;4407882;3369657;2891;0;0
FR;3;2021-08-10;357;3890;15;0;0;4408239;3373547;2906;0;0
FR;3;2021-08-11;284;2727;15;0;0;4408523;3376274;2921;0;0
FR;3;2021-08-12;273;2635;12;0;0;4408796;3378909;2933;0;0
FR;3;2021-08-13;274;2266;16;0;0;4409070;3381175;2949;0;0
FR;3;2021-08-14;167;925;1;0;0;4409237;3382100;2950;0;0
FR;3;2021-08-15;55;168;0;0;0;4409292;3382268;2950;0;0
FR;3;2021-08-16;122;1095;8;0;0;4409414;3383363;2958;0;0
FR;3;2021-08-17;186;1512;8;0;0;4409600;3384875;2966;0;0
FR;3;2021-08-18;191;1374;8;0;0;4409791;3386249;2974;0;0
FR;3;2021-08-19;161;1436;10;0;0;4409952;3387685;2984;0;0
FR;3;2021-08-20;162;1638;16;0;0;4410114;3389323;3000;0;0
FR;3;2021-08-21;93;587;2;0;0;4410207;3389910;3002;0;0
FR;3;2021-08-22;38;187;1;0;0;4410245;3390097;3003;0;0
FR;3;2021-08-23;139;940;7;0;0;4410384;3391037;3010;0;0
FR;3;2021-08-24;123;968;10;0;0;4410507;3392005;3020;0;0
FR;3;2021-08-25;135;852;2;0;0;4410642;3392857;3022;0;0
FR;3;2021-08-26;168;876;9;0;0;4410810;3393733;3031;0;0
FR;3;2021-08-27;171;967;9;0;0;4410981;3394700;3040;0;0
FR;3;2021-08-28;95;370;4;0;0;4411076;3395070;3044;0;0
FR;3;2021-08-29;124;134;1;0;0;4411200;3395204;3045;0;0
FR;3;2021-08-30;93;600;0;0;137;4411293;3395804;3045;0;137
FR;3;2021-08-31;124;718;7;0;158;4411417;3396522;3052;0;295
FR;3;2021-09-01;113;483;5;0;126;4411530;3397005;3057;0;421
FR;3;2021-09-02;99;636;22;0;123;4411629;3397641;3079;0;544
FR;3;2021-09-03;112;592;17;0;131;4411741;3398233;3096;0;675
FR;3;2021-09-04;51;298;3;0;59;4411792;3398531;3099;0;734
FR;3;2021-09-05;51;69;5;0;30;4411843;3398600;3104;0;764
FR;3;2021-09-06;111;405;4;0;151;4411954;3399005;3108;0;915
FR;3;2021-09-07;117;479;14;0;133;4412071;3399484;3122;0;1048
FR;3;2021-09-08;114;369;2;0;105;4412185;3399853;3124;0;1153
FR;3;2021-09-09;87;400;8;0;117;4412272;3400253;3132;0;1270
FR;3;2021-09-10;97;426;3;0;105;4412369;3400679;3135;0;1375
FR;3;2021-09-11;71;234;4;0;65;4412440;3400913;3139;0;1440
FR;3;2021-09-12;36;49;1;0;17;4412476;3400962;3140;0;1457
FR;3;2021-09-13;65;331;7;0;112;4412541;3401293;3147;0;1569
FR;3;2021-09-14;66;294;6;0;107;4412607;3401587;3153;0;1676
FR;3;2021-09-15;57;262;3;0;6;4412664;3401849;3156;0;1682
FR;3;2021-09-16;58;342;5;0;5;4412722;3402191;3161;0;1687
FR;3;2021-09-17;49;351;3;0;7;4412771;3402542;3164;0;1694
FR;3;2021-09-18;34;178;1;0;1;4412805;3402720;3165;0;1695
FR;3;2021-09-19;27;32;2;0;1;4412832;3402752;3167;0;1696
FR;3;2021-09-20;76;211;0;0;1;4412908;3402963;3167;0;1697
FR;3;2021-09-21;55;289;6;0;7;4412963;3403252;3173;0;1704
FR;3;2021-09-22;61;230;6;0;7;4413024;3403482;3179;0;1711
FR;3;2021-09-23;34;274;10;0;6;4413058;3403756;3189;0;1717
FR;3;2021-09-24;22;317;12;0;19;4413080;3404073;3201;0;1736
FR;3;2021-09-25;28;156;3;0;3;4413108;3404229;3204;0;1739
FR;3;2021-09-26;15;55;1;0;1;4413123;3404284;3205;0;1740
FR;3;2021-09-27;38;290;3;0;5;4413161;3404574;3208;0;1745
FR;3;2021-09-28;49;259;6;0;10;4413210;3404833;3214;0;1755
FR;3;2021-09-29;32;224;10;0;13;4413242;3405057;3224;0;1768
FR;3;2021-09-30;37;200;8;0;10;4413279;3405257;3232;0;1778
FR;3;2021-10-01;17;170;5;0;6;4413296;3405427;3237;0;1784
FR;3;2021-10-02;14;93;0;0;0;4413310;3405520;3237;0;1784
FR;3;2021-10-03;17;19;1;0;2;4413327;3405539;3238;0;1786
FR;3;2021-10-04;28;164;4;0;4;4413355;3405703;3242;0;1790
FR;3;2021-10-05;15;157;10;0;13;4413370;3405860;3252;0;1803
FR;3;2021-10-06;29;165;7;0;8;4413399;3406025;3259;0;1811
FR;3;2021-10-07;16;146;6;0;6;4413415;3406171;3265;0;1817
FR;3;2021-10-08;20;145;10;0;9;4413435;3406316;3275;0;1826
FR;3;2021-10-09;11;73;1;0;1;4413446;3406389;3276;0;1827
FR;3;2021-10-10;8;16;2;0;2;4413454;3406405;3278;0;1829
FR;3;2021-10-11;13;126;4;0;5;4413467;3406531;3282;0;1834
FR;3;2021-10-12;16;116;4;0;4;4413483;3406647;3286;0;1838
FR;3;2021-10-13;22;118;7;0;5;4413505;3406765;3293;0;1843
FR;3;2021-10-14;16;162;3;0;4;4413521;3406927;3296;0;1847
FR;3;2021-10-15;21;154;8;0;11;4413542;3407081;3304;0;1858
FR;3;2021-10-16;10;80;6;0;8;4413552;3407161;3310;0;1866
FR;3;2021-10-17;9;24;0;0;0;4413561;3407185;3310;0;1866
FR;3;2021-10-18;17;130;2;0;1;4413578;3407315;3312;0;1867
FR;3;2021-10-19;13;131;19;0;21;4413591;3407446;3331;0;1888
FR;3;2021-10-20;18;136;5;0;6;4413609;3407582;3336;0;1894
FR;3;2021-10-21;22;137;17;0;13;4413631;3407719;3353;0;1907
FR;3;2021-10-22;17;128;16;0;20;4413648;3407847;3369;0;1927
FR;3;2021-10-23;11;59;2;0;1;4413659;3407906;3371;0;1928
FR;3;2021-10-24;7;26;0;0;0;4413666;3407932;3371;0;1928
FR;3;2021-10-25;21;154;6;0;6;4413687;3408086;3377;0;1934
FR;3;2021-10-26;17;119;22;0;19;4413704;3408205;3399;0;1953
FR;3;2021-10-27;15;117;9;0;9;4413719;3408322;3408;0;1962
FR;3;2021-10-28;19;130;33;0;36;4413738;3408452;3441;0;1998
FR;3;2021-10-29;10;124;64;0;54;4413748;3408576;3505;0;2052
FR;3;2021-10-30;7;73;11;1;10;4413755;3408649;3516;1;2062
FR;3;2021-10-31;5;23;1;0;1;4413760;3408672;3517;1;2063
FR;3;2021-11-01;5;21;2;0;1;4413765;3408693;3519;1;2064
FR;3;2021-11-02;9;110;8;0;10;4413774;3408803;3527;1;2074
FR;3;2021-11-03;19;125;9;0;9;4413793;3408928;3536;1;2083
FR;3;2021-11-04;15;98;3;0;2;4413808;3409026;3539;1;2085
FR;3;2021-11-05;16;148;8;1;5;4413824;3409174;3547;2;2090
FR;3;2021-11-06;6;67;3;0;3;4413830;3409241;3550;2;2093
FR;3;2021-11-07;6;20;1;0;1;4413836;3409261;3551;2;2094
FR;3;2021-11-08;9;144;7;0;5;4413845;3409405;3558;2;2099
FR;3;2021-11-09;9;156;5;0;5;4413854;3409561;3563;2;2104
FR;3;2021-11-10;11;190;13;0;14;4413865;3409751;3576;2;2118
FR;3;2021-11-11;5;53;3;0;3;4413870;3409804;3579;2;2121
FR;3;2021-11-12;9;165;6;0;4;4413879;3409969;3585;2;2125
FR;3;2021-11-13;5;80;8;0;10;4413884;3410049;3593;2;2135
FR;3;2021-11-14;2;19;0;0;0;4413886;3410068;3593;2;2135
FR;3;2021-11-15;3;196;9;0;9;4413889;3410264;3602;2;2144
FR;3;2021-11-16;2;169;11;0;10;4413891;3410433;3613;2;2154
FR;3;2021-11-17;5;184;10;0;7;4413896;3410617;3623;2;2161
FR;3;2021-11-18;10;186;10;0;11;4413906;3410803;3633;2;2172
FR;3;2021-11-19;5;238;22;0;27;4413911;3411041;3655;2;2199
FR;3;2021-11-20;5;119;5;0;5;4413916;3411160;3660;2;2204
FR;3;2021-11-21;3;31;3;0;3;4413919;3411191;3663;2;2207
FR;3;2021-11-22;10;243;10;0;10;4413929;3411434;3673;2;2217
FR;3;2021-11-23;6;235;15;0;14;4413935;3411669;3688;2;2231
FR;3;2021-11-24;5;252;9;0;17;4413940;3411921;3697;2;2248
FR;3;2021-11-25;9;289;11;0;10;4413949;3412210;3708;2;2258
FR;3;2021-11-26;5;382;33;0;30;4413954;3412592;3741;2;2288
FR;3;2021-11-27;5;177;19;0;20;4413959;3412769;3760;2;2308
FR;3;2021-11-28;2;60;7;0;7;4413961;3412829;3767;2;2315
FR;3;2021-11-29;4;334;19;0;20;4413965;3413163;3786;2;2335
FR;3;2021-11-30;4;427;26;0;29;4413969;3413590;3812;2;2364
FR;3;2021-12-01;18;468;32;0;33;4413987;3414058;3844;2;2397
FR;3;2021-12-02;9;500;33;0;36;4413996;3414558;3877;2;2433
FR;3;2021-12-03;3;579;37;0;38;4413999;3415137;3914;2;2471
FR;3;2021-12-04;3;284;26;0;28;4414002;3415421;3940;2;2499
FR;3;2021-12-05;1;83;5;0;5;4414003;3415504;3945;2;2504
FR;3;2021-12-06;5;519;14;0;16;4414008;3416023;3959;2;2520
FR;3;2021-12-07;4;618;20;0;24;4414012;3416641;3979;2;2544
FR;3;2021-12-08;3;546;29;0;29;4414015;3417187;4008;2;2573
FR;3;2021-12-09;3;605;17;0;22;4414018;3417792;4025;2;2595
FR;3;2021-12-10;9;641;29;0;25;4414027;3418433;4054;2;2620
FR;3;2021-12-11;4;396;10;0;9;4414031;3418829;4064;2;2629
FR;3;2021-12-12;1;122;3;0;3;4414032;3418951;4067;2;2632
FR;3;2021-12-13;2;609;19;0;20;4414034;3419560;4086;2;2652
FR;3;2021-12-14;7;771;18;0;21;4414041;3420331;4104;2;2673
FR;3;2021-12-15;7;735;17;0;21;4414048;3421066;4121;2;2694
FR;3;2021-12-16;9;738;19;0;18;4414057;3421804;4140;2;2712
FR;3;2021-12-17;4;810;18;0;19;4414061;3422614;4158;2;2731
FR;3;2021-12-18;4;416;4;0;5;4414065;3423030;4162;2;2736
FR;3;2021-12-19;3;208;2;0;2;4414068;3423238;4164;2;2738
FR;3;2021-12-20;8;731;23;0;28;4414076;3423969;4187;2;2766
FR;3;2021-12-21;3;816;10;0;14;4414079;3424785;4197;2;2780
FR;3;2021-12-22;6;765;9;0;11;4414085;3425550;4206;2;2791
FR;3;2021-12-23;1;657;9;0;8;4414086;3426207;4215;2;2799
FR;3;2021-12-24;2;276;3;0;6;4414088;3426483;4218;2;2805
FR;3;2021-12-25;0;25;0;0;0;4414088;3426508;4218;2;2805
FR;3;2021-12-26;0;95;1;0;1;4414088;3426603;4219;2;2806
FR;3;2021-12-27;7;545;17;0;19;4414095;3427148;4236;2;2825
FR;3;2021-12-28;1;695;6;0;5;4414096;3427843;4242;2;2830
FR;3;2021-12-29;4;575;14;0;16;4414100;3428418;4256;2;2846
FR;3;2021-12-30;1;605;7;0;10;4414101;3429023;4263;2;2856
FR;3;2021-12-31;0;208;5;0;6;4414101;3429231;4268;2;2862
FR;3;2022-01-01;0;27;0;0;2;4414101;3429258;4268;2;2864
FR;3;2022-01-02;0;83;0;0;0;4414101;3429341;4268;2;2864
FR;3;2022-01-03;3;565;17;0;21;4414104;3429906;4285;2;2885
FR;3;2022-01-04;6;626;9;0;8;4414110;3430532;4294;2;2893
FR;3;2022-01-05;3;558;10;0;14;4414113;3431090;4304;2;2907
FR;3;2022-01-06;4;554;9;0;12;4414117;3431644;4313;2;2919
FR;3;2022-01-07;2;577;11;0;14;4414119;3432221;4324;2;2933
FR;3;2022-01-08;2;286;4;0;5;4414121;3432507;4328;2;2938
FR;3;2022-01-09;0;118;0;0;0;4414121;3432625;4328;2;2938
FR;3;2022-01-10;2;481;12;0;12;4414123;3433106;4340;2;2950
FR;3;2022-01-11;2;535;1;0;1;4414125;3433641;4341;2;2951
FR;3;2022-01-12;3;449;9;0;10;4414128;3434090;4350;2;2961
FR;3;2022-01-13;3;427;11;0;12;4414131;3434517;4361;2;2973
FR;3;2022-01-14;3;483;10;0;12;4414134;3435000;4371;2;2985
FR;3;2022-01-15;0;299;2;0;3;4414134;3435299;4373;2;2988
FR;3;2022-01-16;0;116;1;0;1;4414134;3435415;4374;2;2989
FR;3;2022-01-17;2;352;8;0;10;4414136;3435767;4382;2;2999
FR;3;2022-01-18;2;419;1;0;2;4414138;3436186;4383;2;3001
FR;3;2022-01-19;1;351;5;0;10;4414139;3436537;4388;2;3011
FR;3;2022-01-20;1;380;5;0;3;4414140;3436917;4393;2;3014
FR;3;2022-01-21;2;376;5;0;8;4414142;3437293;4398;2;3022
FR;3;2022-01-22;2;234;1;0;3;4414144;3437527;4399;2;3025
FR;3;2022-01-23;0;82;0;0;1;4414144;3437609;4399;2;3026
FR;3;2022-01-24;2;352;1;0;6;4414146;3437961;4400;2;3032
FR;3;2022-01-25;0;194;0;0;0;4414146;3438155;4400;2;3032
FR;3;2022-01-26;0;89;0;0;0;4414146;3438244;4400;2;3032
FR;3;2022-01-27;0;60;0;0;0;4414146;3438304;4400;2;3032
FR;3;2022-01-28;0;134;0;0;0;4414146;3438438;4400;2;3032
FR;3;2022-01-29;0;110;0;0;0;4414146;3438548;4400;2;3032
FR;3;2022-01-30;0;51;0;0;0;4414146;3438599;4400;2;3032
FR;3;2022-01-31;0;98;0;0;0;4414146;3438697;4400;2;3032
FR;3;2022-02-01;0;111;0;0;1;4414146;3438808;4400;2;3033
FR;3;2022-02-02;0;98;0;0;0;4414146;3438906;4400;2;3033
FR;3;2022-02-03;0;101;0;0;0;4414146;3439007;4400;2;3033
FR;3;2022-02-04;0;124;0;0;0;4414146;3439131;4400;2;3033
FR;3;2022-02-05;0;73;0;0;0;4414146;3439204;4400;2;3033
FR;3;2022-02-06;0;11;0;0;0;4414146;3439215;4400;2;3033
FR;3;2022-02-07;0;89;0;0;1;4414146;3439304;4400;2;3034
FR;3;2022-02-08;0;0;0;0;0;4414146;3439304;4400;2;3034
FR;3;2022-02-09;0;0;0;0;0;4414146;3439304;4400;2;3034
FR;3;2022-02-10;0;0;0;0;0;4414146;3439304;4400;2;3034
FR;3;2022-02-11;0;0;0;0;0;4414146;3439304;4400;2;3034
FR;3;2022-02-12;0;0;0;0;0;4414146;3439304;4400;2;3034
FR;3;2022-02-13;0;0;0;0;0;4414146;3439304;4400;2;3034
FR;3;2022-02-14;0;0;0;0;0;4414146;3439304;4400;2;3034
FR;3;2022-02-15;0;0;0;0;0;4414146;3439304;4400;2;3034
FR;3;2022-02-16;0;0;0;0;0;4414146;3439304;4400;2;3034
FR;3;2022-02-17;0;0;0;0;0;4414146;3439304;4400;2;3034
FR;3;2022-02-18;0;0;0;0;0;4414146;3439304;4400;2;3034
FR;3;2022-02-19;0;0;0;0;0;4414146;3439304;4400;2;3034
FR;3;2022-02-20;0;0;0;0;0;4414146;3439304;4400;2;3034
FR;3;2022-02-21;2;0;0;0;0;4414148;3439304;4400;2;3034
FR;3;2022-02-22;0;0;0;0;0;4414148;3439304;4400;2;3034
FR;3;2022-02-23;0;0;0;0;0;4414148;3439304;4400;2;3034
FR;3;2022-02-24;0;0;0;0;0;4414148;3439304;4400;2;3034
FR;3;2022-02-25;0;0;0;0;0;4414148;3439304;4400;2;3034
FR;3;2022-02-26;0;0;0;0;0;4414148;3439304;4400;2;3034
FR;3;2022-02-27;0;0;0;0;0;4414148;3439304;4400;2;3034
FR;3;2022-02-28;1;0;0;0;0;4414149;3439304;4400;2;3034
FR;3;2022-03-01;1;0;0;0;0;4414150;3439304;4400;2;3034
FR;3;2022-03-02;0;0;0;0;0;4414150;3439304;4400;2;3034
FR;3;2022-03-03;0;0;0;0;0;4414150;3439304;4400;2;3034
FR;3;2022-03-04;0;0;0;0;0;4414150;3439304;4400;2;3034
FR;3;2022-03-05;0;0;0;0;0;4414150;3439304;4400;2;3034
FR;3;2022-03-06;1;0;0;0;0;4414151;3439304;4400;2;3034
FR;3;2022-03-07;0;0;0;0;0;4414151;3439304;4400;2;3034
FR;3;2022-03-08;1;0;0;0;0;4414152;3439304;4400;2;3034
FR;3;2022-03-09;0;0;0;0;0;4414152;3439304;4400;2;3034
FR;3;2022-03-10;0;0;0;0;0;4414152;3439304;4400;2;3034
FR;3;2022-03-11;0;0;0;0;0;4414152;3439304;4400;2;3034
FR;3;2022-03-12;0;0;0;0;0;4414152;3439304;4400;2;3034
FR;3;2022-03-13;0;0;0;0;0;4414152;3439304;4400;2;3034
FR;3;2022-03-14;0;0;0;0;0;4414152;3439304;4400;2;3034
FR;3;2022-03-15;0;0;0;0;0;4414152;3439304;4400;2;3034
FR;3;2022-03-16;0;0;0;0;0;4414152;3439304;4400;2;3034
FR;3;2022-03-17;0;0;0;0;0;4414152;3439304;4400;2;3034
FR;3;2022-03-18;0;0;0;0;0;4414152;3439304;4400;2;3034
FR;3;2022-03-19;0;0;0;0;0;4414152;3439304;4400;2;3034
FR;3;2022-03-20;1;0;0;0;0;4414153;3439304;4400;2;3034
FR;3;2022-03-21;0;0;0;0;0;4414153;3439304;4400;2;3034
FR;3;2022-03-22;0;0;0;0;0;4414153;3439304;4400;2;3034
FR;3;2022-03-23;1;0;0;0;0;4414154;3439304;4400;2;3034
FR;3;2022-03-24;0;0;0;0;0;4414154;3439304;4400;2;3034
FR;3;2022-03-25;1;0;0;0;0;4414155;3439304;4400;2;3034
FR;3;2022-03-26;0;0;0;0;0;4414155;3439304;4400;2;3034
FR;3;2022-03-27;0;0;0;0;0;4414155;3439304;4400;2;3034
FR;3;2022-03-28;0;0;0;0;0;4414155;3439304;4400;2;3034
FR;4;2020-12-27;0;0;0;0;0;0;0;0;0;0
FR;4;2020-12-28;0;0;0;0;0;0;0;0;0;0
FR;4;2020-12-29;0;0;0;0;0;0;0;0;0;0
FR;4;2020-12-30;0;0;0;0;0;0;0;0;0;0
FR;4;2020-12-31;0;0;0;0;0;0;0;0;0;0
FR;4;2021-01-01;0;0;0;0;0;0;0;0;0;0
FR;4;2021-01-02;0;0;0;0;0;0;0;0;0;0
FR;4;2021-01-03;0;0;0;0;0;0;0;0;0;0
FR;4;2021-01-04;0;0;0;0;0;0;0;0;0;0
FR;4;2021-01-05;0;0;0;0;0;0;0;0;0;0
FR;4;2021-01-06;0;0;0;0;0;0;0;0;0;0
FR;4;2021-01-07;0;0;0;0;0;0;0;0;0;0
FR;4;2021-01-08;0;0;0;0;0;0;0;0;0;0
FR;4;2021-01-09;0;0;0;0;0;0;0;0;0;0
FR;4;2021-01-10;0;0;0;0;0;0;0;0;0;0
FR;4;2021-01-11;0;0;0;0;0;0;0;0;0;0
FR;4;2021-01-12;0;0;0;0;0;0;0;0;0;0
FR;4;2021-01-13;0;0;0;0;0;0;0;0;0;0
FR;4;2021-01-14;0;0;0;0;0;0;0;0;0;0
FR;4;2021-01-15;0;0;0;0;0;0;0;0;0;0
FR;4;2021-01-16;0;0;0;0;0;0;0;0;0;0
FR;4;2021-01-17;0;0;0;0;0;0;0;0;0;0
FR;4;2021-01-18;0;0;0;0;0;0;0;0;0;0
FR;4;2021-01-19;0;0;0;0;0;0;0;0;0;0
FR;4;2021-01-20;0;0;0;0;0;0;0;0;0;0
FR;4;2021-01-21;0;0;0;0;0;0;0;0;0;0
FR;4;2021-01-22;0;0;0;0;0;0;0;0;0;0
FR;4;2021-01-23;0;0;0;0;0;0;0;0;0;0
FR;4;2021-01-24;0;0;0;0;0;0;0;0;0;0
FR;4;2021-01-25;0;0;0;0;0;0;0;0;0;0
FR;4;2021-01-26;0;0;0;0;0;0;0;0;0;0
FR;4;2021-01-27;0;0;0;0;0;0;0;0;0;0
FR;4;2021-01-28;0;0;0;0;0;0;0;0;0;0
FR;4;2021-01-29;0;0;0;0;0;0;0;0;0;0
FR;4;2021-01-30;0;0;0;0;0;0;0;0;0;0
FR;4;2021-01-31;0;0;0;0;0;0;0;0;0;0
FR;4;2021-02-01;0;0;0;0;0;0;0;0;0;0
FR;4;2021-02-02;0;0;0;0;0;0;0;0;0;0
FR;4;2021-02-03;0;0;0;0;0;0;0;0;0;0
FR;4;2021-02-04;0;0;0;0;0;0;0;0;0;0
FR;4;2021-02-05;0;0;0;0;0;0;0;0;0;0
FR;4;2021-02-06;0;0;0;0;0;0;0;0;0;0
FR;4;2021-02-07;0;0;0;0;0;0;0;0;0;0
FR;4;2021-02-08;0;0;0;0;0;0;0;0;0;0
FR;4;2021-02-09;0;0;0;0;0;0;0;0;0;0
FR;4;2021-02-10;0;0;0;0;0;0;0;0;0;0
FR;4;2021-02-11;0;0;0;0;0;0;0;0;0;0
FR;4;2021-02-12;0;0;0;0;0;0;0;0;0;0
FR;4;2021-02-13;0;0;0;0;0;0;0;0;0;0
FR;4;2021-02-14;0;0;0;0;0;0;0;0;0;0
FR;4;2021-02-15;0;0;0;0;0;0;0;0;0;0
FR;4;2021-02-16;0;0;0;0;0;0;0;0;0;0
FR;4;2021-02-17;0;0;0;0;0;0;0;0;0;0
FR;4;2021-02-18;0;0;0;0;0;0;0;0;0;0
FR;4;2021-02-19;0;0;0;0;0;0;0;0;0;0
FR;4;2021-02-20;0;0;0;0;0;0;0;0;0;0
FR;4;2021-02-21;0;0;0;0;0;0;0;0;0;0
FR;4;2021-02-22;0;0;0;0;0;0;0;0;0;0
FR;4;2021-02-23;0;0;0;0;0;0;0;0;0;0
FR;4;2021-02-24;0;0;0;0;0;0;0;0;0;0
FR;4;2021-02-25;0;0;0;0;0;0;0;0;0;0
FR;4;2021-02-26;0;0;0;0;0;0;0;0;0;0
FR;4;2021-02-27;0;0;0;0;0;0;0;0;0;0
FR;4;2021-02-28;0;0;0;0;0;0;0;0;0;0
FR;4;2021-03-01;0;0;0;0;0;0;0;0;0;0
FR;4;2021-03-02;0;0;0;0;0;0;0;0;0;0
FR;4;2021-03-03;0;0;0;0;0;0;0;0;0;0
FR;4;2021-03-04;0;0;0;0;0;0;0;0;0;0
FR;4;2021-03-05;0;0;0;0;0;0;0;0;0;0
FR;4;2021-03-06;0;0;0;0;0;0;0;0;0;0
FR;4;2021-03-07;0;0;0;0;0;0;0;0;0;0
FR;4;2021-03-08;0;0;0;0;0;0;0;0;0;0
FR;4;2021-03-09;0;0;0;0;0;0;0;0;0;0
FR;4;2021-03-10;0;0;0;0;0;0;0;0;0;0
FR;4;2021-03-11;0;0;0;0;0;0;0;0;0;0
FR;4;2021-03-12;0;0;0;0;0;0;0;0;0;0
FR;4;2021-03-13;0;0;0;0;0;0;0;0;0;0
FR;4;2021-03-14;0;0;0;0;0;0;0;0;0;0
FR;4;2021-03-15;0;0;0;0;0;0;0;0;0;0
FR;4;2021-03-16;0;0;0;0;0;0;0;0;0;0
FR;4;2021-03-17;0;0;0;0;0;0;0;0;0;0
FR;4;2021-03-18;0;0;0;0;0;0;0;0;0;0
FR;4;2021-03-19;0;0;0;0;0;0;0;0;0;0
FR;4;2021-03-20;0;0;0;0;0;0;0;0;0;0
FR;4;2021-03-21;0;0;0;0;0;0;0;0;0;0
FR;4;2021-03-22;0;0;0;0;0;0;0;0;0;0
FR;4;2021-03-23;0;0;0;0;0;0;0;0;0;0
FR;4;2021-03-24;0;0;0;0;0;0;0;0;0;0
FR;4;2021-03-25;0;0;0;0;0;0;0;0;0;0
FR;4;2021-03-26;0;0;0;0;0;0;0;0;0;0
FR;4;2021-03-27;0;0;0;0;0;0;0;0;0;0
FR;4;2021-03-28;0;0;0;0;0;0;0;0;0;0
FR;4;2021-03-29;0;0;0;0;0;0;0;0;0;0
FR;4;2021-03-30;0;0;0;0;0;0;0;0;0;0
FR;4;2021-03-31;0;0;0;0;0;0;0;0;0;0
FR;4;2021-04-01;0;0;0;0;0;0;0;0;0;0
FR;4;2021-04-02;0;0;0;0;0;0;0;0;0;0
FR;4;2021-04-03;0;0;0;0;0;0;0;0;0;0
FR;4;2021-04-04;0;0;0;0;0;0;0;0;0;0
FR;4;2021-04-05;0;0;0;0;0;0;0;0;0;0
FR;4;2021-04-06;0;0;0;0;0;0;0;0;0;0
FR;4;2021-04-07;0;0;0;0;0;0;0;0;0;0
FR;4;2021-04-08;0;0;0;0;0;0;0;0;0;0
FR;4;2021-04-09;0;0;0;0;0;0;0;0;0;0
FR;4;2021-04-10;0;0;0;0;0;0;0;0;0;0
FR;4;2021-04-11;0;0;0;0;0;0;0;0;0;0
FR;4;2021-04-12;0;0;0;0;0;0;0;0;0;0
FR;4;2021-04-13;0;0;0;0;0;0;0;0;0;0
FR;4;2021-04-14;0;0;0;0;0;0;0;0;0;0
FR;4;2021-04-15;0;0;0;0;0;0;0;0;0;0
FR;4;2021-04-16;0;0;0;0;0;0;0;0;0;0
FR;4;2021-04-17;0;0;0;0;0;0;0;0;0;0
FR;4;2021-04-18;0;0;0;0;0;0;0;0;0;0
FR;4;2021-04-19;0;0;0;0;0;0;0;0;0;0
FR;4;2021-04-20;0;0;0;0;0;0;0;0;0;0
FR;4;2021-04-21;0;0;0;0;0;0;0;0;0;0
FR;4;2021-04-22;0;0;0;0;0;0;0;0;0;0
FR;4;2021-04-23;4094;0;0;0;0;4094;0;0;0;0
FR;4;2021-04-24;1569;0;0;0;0;5663;0;0;0;0
FR;4;2021-04-25;124;0;0;0;0;5787;0;0;0;0
FR;4;2021-04-26;2868;1;0;0;0;8655;1;0;0;0
FR;4;2021-04-27;9519;3;0;0;0;18174;4;0;0;0
FR;4;2021-04-28;9903;6;0;0;0;28077;10;0;0;0
FR;4;2021-04-29;15988;8;0;0;0;44065;18;0;0;0
FR;4;2021-04-30;19223;10;0;0;0;63288;28;0;0;0
FR;4;2021-05-01;1989;6;0;0;0;65277;34;0;0;0
FR;4;2021-05-02;481;0;0;0;0;65758;34;0;0;0
FR;4;2021-05-03;5057;2;0;0;0;70815;36;0;0;0
FR;4;2021-05-04;8396;10;0;0;0;79211;46;0;0;0
FR;4;2021-05-05;6179;7;0;0;0;85390;53;0;0;0
FR;4;2021-05-06;11379;11;0;0;0;96769;64;0;0;0
FR;4;2021-05-07;19115;9;0;0;0;115884;73;0;0;0
FR;4;2021-05-08;2375;6;0;0;0;118259;79;0;0;0
FR;4;2021-05-09;685;3;0;0;0;118944;82;0;0;0
FR;4;2021-05-10;7234;5;1;0;0;126178;87;1;0;0
FR;4;2021-05-11;14311;11;0;0;0;140489;98;1;0;0
FR;4;2021-05-12;10157;15;0;0;0;150646;113;1;0;0
FR;4;2021-05-13;1578;3;0;0;0;152224;116;1;0;0
FR;4;2021-05-14;7753;6;0;0;0;159977;122;1;0;0
FR;4;2021-05-15;3711;8;1;0;0;163688;130;2;0;0
FR;4;2021-05-16;418;1;0;0;0;164106;131;2;0;0
FR;4;2021-05-17;4473;6;0;0;0;168579;137;2;0;0
FR;4;2021-05-18;8743;9;0;0;0;177322;146;2;0;0
FR;4;2021-05-19;5686;7;0;0;0;183008;153;2;0;0
FR;4;2021-05-20;9476;7;0;0;0;192484;160;2;0;0
FR;4;2021-05-21;12782;29;0;0;0;205266;189;2;0;0
FR;4;2021-05-22;5051;15;0;0;0;210317;204;2;0;0
FR;4;2021-05-23;494;4;0;0;0;210811;208;2;0;0
FR;4;2021-05-24;1049;7;0;0;0;211860;215;2;0;0
FR;4;2021-05-25;7617;15;0;0;0;219477;230;2;0;0
FR;4;2021-05-26;7720;16;0;0;0;227197;246;2;0;0
FR;4;2021-05-27;14324;35;0;0;0;241521;281;2;0;0
FR;4;2021-05-28;26576;82;1;0;0;268097;363;3;0;0
FR;4;2021-05-29;11381;18;0;0;0;279478;381;3;0;0
FR;4;2021-05-30;970;6;0;0;0;280448;387;3;0;0
FR;4;2021-05-31;12684;21;0;0;0;293132;408;3;0;0
FR;4;2021-06-01;20242;46;1;0;0;313374;454;4;0;0
FR;4;2021-06-02;14513;33;0;0;0;327887;487;4;0;0
FR;4;2021-06-03;19401;24;1;0;0;347288;511;5;0;0
FR;4;2021-06-04;22506;47;0;0;0;369794;558;5;0;0
FR;4;2021-06-05;9711;32;0;0;0;379505;590;5;0;0
FR;4;2021-06-06;1037;0;0;0;0;380542;590;5;0;0
FR;4;2021-06-07;9223;19;0;0;0;389765;609;5;0;0
FR;4;2021-06-08;14606;31;0;0;0;404371;640;5;0;0
FR;4;2021-06-09;12200;25;0;0;0;416571;665;5;0;0
FR;4;2021-06-10;15395;30;0;0;0;431966;695;5;0;0
FR;4;2021-06-11;16972;55;0;0;0;448938;750;5;0;0
FR;4;2021-06-12;7441;27;0;0;0;456379;777;5;0;0
FR;4;2021-06-13;907;2;0;0;0;457286;779;5;0;0
FR;4;2021-06-14;6646;25;0;0;0;463932;804;5;0;0
FR;4;2021-06-15;10876;37;0;0;0;474808;841;5;0;0
FR;4;2021-06-16;8901;14;0;0;0;483709;855;5;0;0
FR;4;2021-06-17;10892;36;0;0;0;494601;891;5;0;0
FR;4;2021-06-18;12416;45;0;0;0;507017;936;5;0;0
FR;4;2021-06-19;5565;25;0;0;0;512582;961;5;0;0
FR;4;2021-06-20;814;5;0;0;0;513396;966;5;0;0
FR;4;2021-06-21;5079;20;0;0;0;518475;986;5;0;0
FR;4;2021-06-22;7903;26;2;0;0;526378;1012;7;0;0
FR;4;2021-06-23;7090;39;2;0;0;533468;1051;9;0;0
FR;4;2021-06-24;8643;45;1;0;0;542111;1096;10;0;0
FR;4;2021-06-25;10165;39;2;0;0;552276;1135;12;0;0
FR;4;2021-06-26;4838;21;0;0;0;557114;1156;12;0;0
FR;4;2021-06-27;758;3;0;0;0;557872;1159;12;0;0
FR;4;2021-06-28;4812;16;1;0;0;562684;1175;13;0;0
FR;4;2021-06-29;7094;27;2;0;0;569778;1202;15;0;0
FR;4;2021-06-30;6704;40;2;0;0;576482;1242;17;0;0
FR;4;2021-07-01;8183;39;0;0;0;584665;1281;17;0;0
FR;4;2021-07-02;9412;52;1;0;0;594077;1333;18;0;0
FR;4;2021-07-03;4841;19;0;0;0;598918;1352;18;0;0
FR;4;2021-07-04;685;5;0;0;0;599603;1357;18;0;0
FR;4;2021-07-05;4765;19;2;0;0;604368;1376;20;0;0
FR;4;2021-07-06;7712;28;4;0;0;612080;1404;24;0;0
FR;4;2021-07-07;7061;34;2;0;0;619141;1438;26;0;0
FR;4;2021-07-08;9214;38;2;0;0;628355;1476;28;0;0
FR;4;2021-07-09;10270;33;1;0;0;638625;1509;29;0;0
FR;4;2021-07-10;4634;14;2;0;0;643259;1523;31;0;0
FR;4;2021-07-11;579;4;1;0;0;643838;1527;32;0;0
FR;4;2021-07-12;5867;29;0;0;0;649705;1556;32;0;0
FR;4;2021-07-13;14227;29;0;0;0;663932;1585;32;0;0
FR;4;2021-07-14;2280;14;0;0;0;666212;1599;32;0;0
FR;4;2021-07-15;18226;36;0;0;0;684438;1635;32;0;0
FR;4;2021-07-16;22815;70;2;0;0;707253;1705;34;0;0
FR;4;2021-07-17;9734;20;0;0;0;716987;1725;34;0;0
FR;4;2021-07-18;1350;4;0;0;0;718337;1729;34;0;0
FR;4;2021-07-19;12968;28;1;0;0;731305;1757;35;0;0
FR;4;2021-07-20;17321;26;1;0;0;748626;1783;36;0;0
FR;4;2021-07-21;15597;33;0;0;0;764223;1816;36;0;0
FR;4;2021-07-22;18229;43;2;0;0;782452;1859;38;0;0
FR;4;2021-07-23;20397;57;7;0;0;802849;1916;45;0;0
FR;4;2021-07-24;9271;32;0;0;0;812120;1948;45;0;0
FR;4;2021-07-25;1342;8;0;0;0;813462;1956;45;0;0
FR;4;2021-07-26;11020;20;0;0;0;824482;1976;45;0;0
FR;4;2021-07-27;14649;34;3;0;0;839131;2010;48;0;0
FR;4;2021-07-28;12909;25;2;0;0;852040;2035;50;0;0
FR;4;2021-07-29;14061;54;4;0;0;866101;2089;54;0;0
FR;4;2021-07-30;15468;45;2;0;0;881569;2134;56;0;0
FR;4;2021-07-31;6813;14;2;0;0;888382;2148;58;0;0
FR;4;2021-08-01;902;1;0;0;0;889284;2149;58;0;0
FR;4;2021-08-02;7889;28;0;0;0;897173;2177;58;0;0
FR;4;2021-08-03;10784;32;2;0;0;907957;2209;60;0;0
FR;4;2021-08-04;9715;29;0;0;0;917672;2238;60;0;0
FR;4;2021-08-05;9799;41;0;0;0;927471;2279;60;0;0
FR;4;2021-08-06;10169;31;3;0;0;937640;2310;63;0;0
FR;4;2021-08-07;5077;30;1;0;0;942717;2340;64;0;0
FR;4;2021-08-08;1212;13;0;0;0;943929;2353;64;0;0
FR;4;2021-08-09;6317;30;0;0;0;950246;2383;64;0;0
FR;4;2021-08-10;8738;20;0;0;0;958984;2403;64;0;0
FR;4;2021-08-11;7923;33;3;0;0;966907;2436;67;0;0
FR;4;2021-08-12;8577;29;1;0;0;975484;2465;68;0;0
FR;4;2021-08-13;7534;24;0;1;0;983018;2489;68;1;0
FR;4;2021-08-14;3780;20;0;0;0;986798;2509;68;1;0
FR;4;2021-08-15;767;5;0;0;0;987565;2514;68;1;0
FR;4;2021-08-16;3999;16;0;0;0;991564;2530;68;1;0
FR;4;2021-08-17;5610;15;1;0;0;997174;2545;69;1;0
FR;4;2021-08-18;5152;34;0;0;0;1002326;2579;69;1;0
FR;4;2021-08-19;5470;34;3;0;0;1007796;2613;72;1;0
FR;4;2021-08-20;5199;23;1;0;0;1012995;2636;73;1;0
FR;4;2021-08-21;2303;21;1;0;0;1015298;2657;74;1;0
FR;4;2021-08-22;400;2;0;0;0;1015698;2659;74;1;0
FR;4;2021-08-23;2912;18;1;0;0;1018610;2677;75;1;0
FR;4;2021-08-24;3736;15;0;0;0;1022346;2692;75;1;0
FR;4;2021-08-25;3527;25;0;0;0;1025873;2717;75;1;0
FR;4;2021-08-26;3697;20;1;0;0;1029570;2737;76;1;0
FR;4;2021-08-27;3597;31;2;0;0;1033167;2768;78;1;0
FR;4;2021-08-28;1720;10;1;0;0;1034887;2778;79;1;0
FR;4;2021-08-29;386;7;1;0;0;1035273;2785;80;1;0
FR;4;2021-08-30;2000;24;0;0;14;1037273;2809;80;1;14
FR;4;2021-08-31;2472;20;0;0;13;1039745;2829;80;1;27
FR;4;2021-09-01;2070;38;1;0;21;1041815;2867;81;1;48
FR;4;2021-09-02;2298;31;4;0;18;1044113;2898;85;1;66
FR;4;2021-09-03;2351;44;5;0;32;1046464;2942;90;1;98
FR;4;2021-09-04;1370;17;0;0;5;1047834;2959;90;1;103
FR;4;2021-09-05;428;2;0;0;2;1048262;2961;90;1;105
FR;4;2021-09-06;1701;61;0;0;23;1049963;3022;90;1;128
FR;4;2021-09-07;1670;18;0;0;8;1051633;3040;90;1;136
FR;4;2021-09-08;1277;26;3;0;19;1052910;3066;93;1;155
FR;4;2021-09-09;1384;23;2;0;9;1054294;3089;95;1;164
FR;4;2021-09-10;1513;31;2;0;23;1055807;3120;97;1;187
FR;4;2021-09-11;734;11;0;0;3;1056541;3131;97;1;190
FR;4;2021-09-12;167;4;0;0;2;1056708;3135;97;1;192
FR;4;2021-09-13;1307;21;1;0;15;1058015;3156;98;1;207
FR;4;2021-09-14;1489;9;2;0;6;1059504;3165;100;1;213
FR;4;2021-09-15;1087;26;1;0;24;1060591;3191;101;1;237
FR;4;2021-09-16;1094;22;2;0;15;1061685;3213;103;1;252
FR;4;2021-09-17;889;21;1;0;12;1062574;3234;104;1;264
FR;4;2021-09-18;458;5;1;0;4;1063032;3239;105;1;268
FR;4;2021-09-19;181;2;0;0;1;1063213;3241;105;1;269
FR;4;2021-09-20;442;18;0;0;12;1063655;3259;105;1;281
FR;4;2021-09-21;420;11;0;0;7;1064075;3270;105;1;288
FR;4;2021-09-22;372;20;2;0;14;1064447;3290;107;1;302
FR;4;2021-09-23;472;13;1;0;12;1064919;3303;108;1;314
FR;4;2021-09-24;406;13;2;0;9;1065325;3316;110;1;323
FR;4;2021-09-25;281;9;1;0;4;1065606;3325;111;1;327
FR;4;2021-09-26;71;2;0;0;1;1065677;3327;111;1;328
FR;4;2021-09-27;259;10;1;0;8;1065936;3337;112;1;336
FR;4;2021-09-28;312;8;0;0;8;1066248;3345;112;1;344
FR;4;2021-09-29;370;19;1;0;13;1066618;3364;113;1;357
FR;4;2021-09-30;357;39;0;0;20;1066975;3403;113;1;377
FR;4;2021-10-01;395;49;0;0;43;1067370;3452;113;1;420
FR;4;2021-10-02;192;22;1;0;13;1067562;3474;114;1;433
FR;4;2021-10-03;83;1;0;0;0;1067645;3475;114;1;433
FR;4;2021-10-04;352;19;1;0;15;1067997;3494;115;1;448
FR;4;2021-10-05;272;19;2;0;15;1068269;3513;117;1;463
FR;4;2021-10-06;242;22;1;0;18;1068511;3535;118;1;481
FR;4;2021-10-07;251;26;2;0;14;1068762;3561;120;1;495
FR;4;2021-10-08;351;22;2;0;18;1069113;3583;122;1;513
FR;4;2021-10-09;190;6;6;0;7;1069303;3589;128;1;520
FR;4;2021-10-10;91;3;2;0;3;1069394;3592;130;1;523
FR;4;2021-10-11;243;14;1;0;13;1069637;3606;131;1;536
FR;4;2021-10-12;202;14;0;0;13;1069839;3620;131;1;549
FR;4;2021-10-13;217;28;1;0;25;1070056;3648;132;1;574
FR;4;2021-10-14;304;20;4;0;14;1070360;3668;136;1;588
FR;4;2021-10-15;318;24;5;0;25;1070678;3692;141;1;613
FR;4;2021-10-16;163;6;2;0;6;1070841;3698;143;1;619
FR;4;2021-10-17;70;2;0;0;1;1070911;3700;143;1;620
FR;4;2021-10-18;275;16;1;0;12;1071186;3716;144;1;632
FR;4;2021-10-19;205;14;2;0;15;1071391;3730;146;1;647
FR;4;2021-10-20;224;27;3;0;14;1071615;3757;149;1;661
FR;4;2021-10-21;230;17;0;0;13;1071845;3774;149;1;674
FR;4;2021-10-22;206;26;2;0;21;1072051;3800;151;1;695
FR;4;2021-10-23;115;16;1;0;15;1072166;3816;152;1;710
FR;4;2021-10-24;37;4;0;0;1;1072203;3820;152;1;711
FR;4;2021-10-25;205;7;2;0;9;1072408;3827;154;1;720
FR;4;2021-10-26;193;13;0;0;11;1072601;3840;154;1;731
FR;4;2021-10-27;188;11;4;0;11;1072789;3851;158;1;742
FR;4;2021-10-28;179;18;4;0;21;1072968;3869;162;1;763
FR;4;2021-10-29;218;16;2;0;14;1073186;3885;164;1;777
FR;4;2021-10-30;99;2;0;0;1;1073285;3887;164;1;778
FR;4;2021-10-31;55;3;2;0;3;1073340;3890;166;1;781
FR;4;2021-11-01;74;26;4;0;23;1073414;3916;170;1;804
FR;4;2021-11-02;148;20;2;0;21;1073562;3936;172;1;825
FR;4;2021-11-03;125;20;8;1;18;1073687;3956;180;2;843
FR;4;2021-11-04;172;13;1;0;10;1073859;3969;181;2;853
FR;4;2021-11-05;123;17;1;0;16;1073982;3986;182;2;869
FR;4;2021-11-06;77;6;1;0;6;1074059;3992;183;2;875
FR;4;2021-11-07;73;2;2;0;4;1074132;3994;185;2;879
FR;4;2021-11-08;158;16;1;0;16;1074290;4010;186;2;895
FR;4;2021-11-09;150;14;3;0;16;1074440;4024;189;2;911
FR;4;2021-11-10;110;27;6;0;29;1074550;4051;195;2;940
FR;4;2021-11-11;80;8;0;0;8;1074630;4059;195;2;948
FR;4;2021-11-12;94;18;2;0;18;1074724;4077;197;2;966
FR;4;2021-11-13;72;15;2;0;14;1074796;4092;199;2;980
FR;4;2021-11-14;52;5;3;0;7;1074848;4097;202;2;987
FR;4;2021-11-15;93;26;2;0;24;1074941;4123;204;2;1011
FR;4;2021-11-16;98;12;2;0;14;1075039;4135;206;2;1025
FR;4;2021-11-17;111;29;4;0;29;1075150;4164;210;2;1054
FR;4;2021-11-18;95;34;11;0;39;1075245;4198;221;2;1093
FR;4;2021-11-19;78;19;3;0;20;1075323;4217;224;2;1113
FR;4;2021-11-20;60;6;1;0;6;1075383;4223;225;2;1119
FR;4;2021-11-21;61;7;2;0;9;1075444;4230;227;2;1128
FR;4;2021-11-22;99;27;6;0;29;1075543;4257;233;2;1157
FR;4;2021-11-23;71;30;5;0;27;1075614;4287;238;2;1184
FR;4;2021-11-24;84;23;9;0;22;1075698;4310;247;2;1206
FR;4;2021-11-25;83;29;14;0;31;1075781;4339;261;2;1237
FR;4;2021-11-26;78;42;12;0;44;1075859;4381;273;2;1281
FR;4;2021-11-27;31;23;17;0;26;1075890;4404;290;2;1307
FR;4;2021-11-28;46;8;0;0;7;1075936;4412;290;2;1314
FR;4;2021-11-29;80;31;14;0;38;1076016;4443;304;2;1352
FR;4;2021-11-30;57;36;13;0;40;1076073;4479;317;2;1392
FR;4;2021-12-01;68;60;19;0;67;1076141;4539;336;2;1459
FR;4;2021-12-02;95;47;17;0;50;1076236;4586;353;2;1509
FR;4;2021-12-03;98;36;15;0;44;1076334;4622;368;2;1553
FR;4;2021-12-04;67;31;19;0;44;1076401;4653;387;2;1597
FR;4;2021-12-05;55;5;1;0;6;1076456;4658;388;2;1603
FR;4;2021-12-06;91;45;21;0;60;1076547;4703;409;2;1663
FR;4;2021-12-07;75;33;10;0;33;1076622;4736;419;2;1696
FR;4;2021-12-08;63;28;18;0;33;1076685;4764;437;2;1729
FR;4;2021-12-09;57;32;10;0;38;1076742;4796;447;2;1767
FR;4;2021-12-10;59;62;21;0;67;1076801;4858;468;2;1834
FR;4;2021-12-11;24;33;7;0;33;1076825;4891;475;2;1867
FR;4;2021-12-12;21;10;3;0;13;1076846;4901;478;2;1880
FR;4;2021-12-13;64;39;13;0;48;1076910;4940;491;2;1928
FR;4;2021-12-14;53;43;14;0;51;1076963;4983;505;2;1979
FR;4;2021-12-15;54;61;29;0;81;1077017;5044;534;2;2060
FR;4;2021-12-16;29;43;19;0;55;1077046;5087;553;2;2115
FR;4;2021-12-17;35;54;12;0;59;1077081;5141;565;2;2174
FR;4;2021-12-18;47;29;2;0;30;1077128;5170;567;2;2204
FR;4;2021-12-19;14;4;1;0;4;1077142;5174;568;2;2208
FR;4;2021-12-20;32;38;12;0;43;1077174;5212;580;2;2251
FR;4;2021-12-21;24;30;14;0;35;1077198;5242;594;2;2286
FR;4;2021-12-22;35;35;11;0;36;1077233;5277;605;2;2322
FR;4;2021-12-23;38;43;8;0;47;1077271;5320;613;2;2369
FR;4;2021-12-24;22;25;10;0;29;1077293;5345;623;2;2398
FR;4;2021-12-25;7;3;3;0;4;1077300;5348;626;2;2402
FR;4;2021-12-26;4;3;1;0;2;1077304;5351;627;2;2404
FR;4;2021-12-27;26;42;9;0;43;1077330;5393;636;2;2447
FR;4;2021-12-28;24;28;8;0;29;1077354;5421;644;2;2476
FR;4;2021-12-29;44;23;10;0;27;1077398;5444;654;2;2503
FR;4;2021-12-30;36;16;12;0;19;1077434;5460;666;2;2522
FR;4;2021-12-31;18;4;8;0;10;1077452;5464;674;2;2532
FR;4;2022-01-01;4;3;4;0;5;1077456;5467;678;2;2537
FR;4;2022-01-02;38;4;14;0;17;1077494;5471;692;2;2554
FR;4;2022-01-03;36;48;19;1;53;1077530;5519;711;3;2607
FR;4;2022-01-04;25;24;11;1;25;1077555;5543;722;4;2632
FR;4;2022-01-05;40;18;16;0;18;1077595;5561;738;4;2650
FR;4;2022-01-06;41;18;20;0;30;1077636;5579;758;4;2680
FR;4;2022-01-07;18;18;15;0;18;1077654;5597;773;4;2698
FR;4;2022-01-08;7;5;9;0;11;1077661;5602;782;4;2709
FR;4;2022-01-09;15;1;1;0;2;1077676;5603;783;4;2711
FR;4;2022-01-10;34;21;16;0;32;1077710;5624;799;4;2743
FR;4;2022-01-11;21;29;12;0;31;1077731;5653;811;4;2774
FR;4;2022-01-12;29;16;12;0;17;1077760;5669;823;4;2791
FR;4;2022-01-13;46;17;26;0;33;1077806;5686;849;4;2824
FR;4;2022-01-14;19;26;12;0;28;1077825;5712;861;4;2852
FR;4;2022-01-15;10;6;7;0;11;1077835;5718;868;4;2863
FR;4;2022-01-16;9;8;10;0;17;1077844;5726;878;4;2880
FR;4;2022-01-17;22;17;10;0;21;1077866;5743;888;4;2901
FR;4;2022-01-18;15;13;7;0;17;1077881;5756;895;4;2918
FR;4;2022-01-19;26;20;9;0;27;1077907;5776;904;4;2945
FR;4;2022-01-20;29;34;13;0;37;1077936;5810;917;4;2982
FR;4;2022-01-21;6;12;18;1;15;1077942;5822;935;5;2997
FR;4;2022-01-22;27;9;2;0;9;1077969;5831;937;5;3006
FR;4;2022-01-23;5;2;4;0;6;1077974;5833;941;5;3012
FR;4;2022-01-24;13;20;8;0;27;1077987;5853;949;5;3039
FR;4;2022-01-25;19;30;8;1;34;1078006;5883;957;6;3073
FR;4;2022-01-26;17;15;6;1;16;1078023;5898;963;7;3089
FR;4;2022-01-27;15;18;5;0;21;1078038;5916;968;7;3110
FR;4;2022-01-28;12;22;7;0;24;1078050;5938;975;7;3134
FR;4;2022-01-29;14;5;3;0;7;1078064;5943;978;7;3141
FR;4;2022-01-30;16;2;0;0;2;1078080;5945;978;7;3143
FR;4;2022-01-31;17;25;6;0;28;1078097;5970;984;7;3171
FR;4;2022-02-01;9;18;11;0;18;1078106;5988;995;7;3189
FR;4;2022-02-02;16;11;9;2;15;1078122;5999;1004;9;3204
FR;4;2022-02-03;10;19;9;0;22;1078132;6018;1013;9;3226
FR;4;2022-02-04;5;4;7;0;8;1078137;6022;1020;9;3234
FR;4;2022-02-05;6;14;1;0;13;1078143;6036;1021;9;3247
FR;4;2022-02-06;5;2;1;0;2;1078148;6038;1022;9;3249
FR;4;2022-02-07;9;16;6;0;16;1078157;6054;1028;9;3265
FR;4;2022-02-08;13;18;12;1;19;1078170;6072;1040;10;3284
FR;4;2022-02-09;13;11;7;0;14;1078183;6083;1047;10;3298
FR;4;2022-02-10;18;22;8;0;22;1078201;6105;1055;10;3320
FR;4;2022-02-11;17;14;7;0;18;1078218;6119;1062;10;3338
FR;4;2022-02-12;23;5;0;0;3;1078241;6124;1062;10;3341
FR;4;2022-02-13;7;3;3;0;6;1078248;6127;1065;10;3347
FR;4;2022-02-14;16;10;7;0;13;1078264;6137;1072;10;3360
FR;4;2022-02-15;14;7;0;0;6;1078278;6144;1072;10;3366
FR;4;2022-02-16;10;8;9;0;13;1078288;6152;1081;10;3379
FR;4;2022-02-17;8;3;4;0;5;1078296;6155;1085;10;3384
FR;4;2022-02-18;16;13;6;0;17;1078312;6168;1091;10;3401
FR;4;2022-02-19;16;2;1;0;3;1078328;6170;1092;10;3404
FR;4;2022-02-20;6;2;0;0;1;1078334;6172;1092;10;3405
FR;4;2022-02-21;22;3;2;0;3;1078356;6175;1094;10;3408
FR;4;2022-02-22;8;4;8;0;8;1078364;6179;1102;10;3416
FR;4;2022-02-23;15;6;6;0;6;1078379;6185;1108;10;3422
FR;4;2022-02-24;7;3;2;0;3;1078386;6188;1110;10;3425
FR;4;2022-02-25;15;4;7;0;5;1078401;6192;1117;10;3430
FR;4;2022-02-26;24;3;0;0;3;1078425;6195;1117;10;3433
FR;4;2022-02-27;8;0;0;0;0;1078433;6195;1117;10;3433
FR;4;2022-02-28;13;3;2;0;3;1078446;6198;1119;10;3436
FR;4;2022-03-01;5;1;7;0;2;1078451;6199;1126;10;3438
FR;4;2022-03-02;8;2;3;0;4;1078459;6201;1129;10;3442
FR;4;2022-03-03;9;2;1;0;1;1078468;6203;1130;10;3443
FR;4;2022-03-04;6;5;2;1;4;1078474;6208;1132;11;3447
FR;4;2022-03-05;8;2;0;0;2;1078482;6210;1132;11;3449
FR;4;2022-03-06;2;0;1;0;1;1078484;6210;1133;11;3450
FR;4;2022-03-07;8;4;1;0;3;1078492;6214;1134;11;3453
FR;4;2022-03-08;12;0;0;0;0;1078504;6214;1134;11;3453
FR;4;2022-03-09;7;3;2;0;4;1078511;6217;1136;11;3457
FR;4;2022-03-10;4;0;4;0;1;1078515;6217;1140;11;3458
FR;4;2022-03-11;6;1;5;0;0;1078521;6218;1145;11;3458
FR;4;2022-03-12;9;2;0;0;0;1078530;6220;1145;11;3458
FR;4;2022-03-13;4;0;0;0;0;1078534;6220;1145;11;3458
FR;4;2022-03-14;3;0;0;0;0;1078537;6220;1145;11;3458
FR;4;2022-03-15;3;2;1;0;0;1078540;6222;1146;11;3458
FR;4;2022-03-16;4;1;2;0;2;1078544;6223;1148;11;3460
FR;4;2022-03-17;0;0;1;0;1;1078544;6223;1149;11;3461
FR;4;2022-03-18;6;0;0;0;0;1078550;6223;1149;11;3461
FR;4;2022-03-19;1;0;0;0;0;1078551;6223;1149;11;3461
FR;4;2022-03-20;1;0;0;0;0;1078552;6223;1149;11;3461
FR;4;2022-03-21;5;0;0;0;0;1078557;6223;1149;11;3461
FR;4;2022-03-22;0;1;0;0;1;1078557;6224;1149;11;3462
FR;4;2022-03-23;3;4;1;0;5;1078560;6228;1150;11;3467
FR;4;2022-03-24;2;1;0;1;1;1078562;6229;1150;12;3468
FR;4;2022-03-25;2;0;1;0;0;1078564;6229;1151;12;3468
FR;4;2022-03-26;5;5;0;0;5;1078569;6234;1151;12;3473
FR;4;2022-03-27;0;0;0;0;0;1078569;6234;1151;12;3473
FR;4;2022-03-28;1;1;0;0;0;1078570;6235;1151;12;3473
FR;5;2020-12-27;0;0;0;0;0;0;0;0;0;0
FR;5;2020-12-28;0;0;0;0;0;0;0;0;0;0
FR;5;2020-12-29;0;0;0;0;0;0;0;0;0;0
FR;5;2020-12-30;0;0;0;0;0;0;0;0;0;0
FR;5;2020-12-31;0;0;0;0;0;0;0;0;0;0
FR;5;2021-01-01;0;0;0;0;0;0;0;0;0;0
FR;5;2021-01-02;0;0;0;0;0;0;0;0;0;0
FR;5;2021-01-03;0;0;0;0;0;0;0;0;0;0
FR;5;2021-01-04;0;0;0;0;0;0;0;0;0;0
FR;5;2021-01-05;0;0;0;0;0;0;0;0;0;0
FR;5;2021-01-06;0;0;0;0;0;0;0;0;0;0
FR;5;2021-01-07;0;0;0;0;0;0;0;0;0;0
FR;5;2021-01-08;0;0;0;0;0;0;0;0;0;0
FR;5;2021-01-09;0;0;0;0;0;0;0;0;0;0
FR;5;2021-01-10;0;0;0;0;0;0;0;0;0;0
FR;5;2021-01-11;0;0;0;0;0;0;0;0;0;0
FR;5;2021-01-12;0;0;0;0;0;0;0;0;0;0
FR;5;2021-01-13;0;0;0;0;0;0;0;0;0;0
FR;5;2021-01-14;0;0;0;0;0;0;0;0;0;0
FR;5;2021-01-15;0;0;0;0;0;0;0;0;0;0
FR;5;2021-01-16;0;0;0;0;0;0;0;0;0;0
FR;5;2021-01-17;0;0;0;0;0;0;0;0;0;0
FR;5;2021-01-18;0;0;0;0;0;0;0;0;0;0
FR;5;2021-01-19;0;0;0;0;0;0;0;0;0;0
FR;5;2021-01-20;0;0;0;0;0;0;0;0;0;0
FR;5;2021-01-21;0;0;0;0;0;0;0;0;0;0
FR;5;2021-01-22;0;0;0;0;0;0;0;0;0;0
FR;5;2021-01-23;0;0;0;0;0;0;0;0;0;0
FR;5;2021-01-24;0;0;0;0;0;0;0;0;0;0
FR;5;2021-01-25;0;0;0;0;0;0;0;0;0;0
FR;5;2021-01-26;0;0;0;0;0;0;0;0;0;0
FR;5;2021-01-27;0;0;0;0;0;0;0;0;0;0
FR;5;2021-01-28;0;0;0;0;0;0;0;0;0;0
FR;5;2021-01-29;0;0;0;0;0;0;0;0;0;0
FR;5;2021-01-30;0;0;0;0;0;0;0;0;0;0
FR;5;2021-01-31;0;0;0;0;0;0;0;0;0;0
FR;5;2021-02-01;0;0;0;0;0;0;0;0;0;0
FR;5;2021-02-02;0;0;0;0;0;0;0;0;0;0
FR;5;2021-02-03;0;0;0;0;0;0;0;0;0;0
FR;5;2021-02-04;0;0;0;0;0;0;0;0;0;0
FR;5;2021-02-05;0;0;0;0;0;0;0;0;0;0
FR;5;2021-02-06;0;0;0;0;0;0;0;0;0;0
FR;5;2021-02-07;0;0;0;0;0;0;0;0;0;0
FR;5;2021-02-08;0;0;0;0;0;0;0;0;0;0
FR;5;2021-02-09;0;0;0;0;0;0;0;0;0;0
FR;5;2021-02-10;0;0;0;0;0;0;0;0;0;0
FR;5;2021-02-11;0;0;0;0;0;0;0;0;0;0
FR;5;2021-02-12;0;0;0;0;0;0;0;0;0;0
FR;5;2021-02-13;0;0;0;0;0;0;0;0;0;0
FR;5;2021-02-14;0;0;0;0;0;0;0;0;0;0
FR;5;2021-02-15;0;0;0;0;0;0;0;0;0;0
FR;5;2021-02-16;0;0;0;0;0;0;0;0;0;0
FR;5;2021-02-17;0;0;0;0;0;0;0;0;0;0
FR;5;2021-02-18;0;0;0;0;0;0;0;0;0;0
FR;5;2021-02-19;0;0;0;0;0;0;0;0;0;0
FR;5;2021-02-20;0;0;0;0;0;0;0;0;0;0
FR;5;2021-02-21;0;0;0;0;0;0;0;0;0;0
FR;5;2021-02-22;0;0;0;0;0;0;0;0;0;0
FR;5;2021-02-23;0;0;0;0;0;0;0;0;0;0
FR;5;2021-02-24;0;0;0;0;0;0;0;0;0;0
FR;5;2021-02-25;0;0;0;0;0;0;0;0;0;0
FR;5;2021-02-26;0;0;0;0;0;0;0;0;0;0
FR;5;2021-02-27;0;0;0;0;0;0;0;0;0;0
FR;5;2021-02-28;0;0;0;0;0;0;0;0;0;0
FR;5;2021-03-01;0;0;0;0;0;0;0;0;0;0
FR;5;2021-03-02;0;0;0;0;0;0;0;0;0;0
FR;5;2021-03-03;0;0;0;0;0;0;0;0;0;0
FR;5;2021-03-04;0;0;0;0;0;0;0;0;0;0
FR;5;2021-03-05;0;0;0;0;0;0;0;0;0;0
FR;5;2021-03-06;0;0;0;0;0;0;0;0;0;0
FR;5;2021-03-07;0;0;0;0;0;0;0;0;0;0
FR;5;2021-03-08;0;0;0;0;0;0;0;0;0;0
FR;5;2021-03-09;0;0;0;0;0;0;0;0;0;0
FR;5;2021-03-10;0;0;0;0;0;0;0;0;0;0
FR;5;2021-03-11;0;0;0;0;0;0;0;0;0;0
FR;5;2021-03-12;0;0;0;0;0;0;0;0;0;0
FR;5;2021-03-13;0;0;0;0;0;0;0;0;0;0
FR;5;2021-03-14;0;0;0;0;0;0;0;0;0;0
FR;5;2021-03-15;0;0;0;0;0;0;0;0;0;0
FR;5;2021-03-16;0;0;0;0;0;0;0;0;0;0
FR;5;2021-03-17;0;0;0;0;0;0;0;0;0;0
FR;5;2021-03-18;0;0;0;0;0;0;0;0;0;0
FR;5;2021-03-19;0;0;0;0;0;0;0;0;0;0
FR;5;2021-03-20;0;0;0;0;0;0;0;0;0;0
FR;5;2021-03-21;0;0;0;0;0;0;0;0;0;0
FR;5;2021-03-22;0;0;0;0;0;0;0;0;0;0
FR;5;2021-03-23;0;0;0;0;0;0;0;0;0;0
FR;5;2021-03-24;0;0;0;0;0;0;0;0;0;0
FR;5;2021-03-25;0;0;0;0;0;0;0;0;0;0
FR;5;2021-03-26;0;0;0;0;0;0;0;0;0;0
FR;5;2021-03-27;0;0;0;0;0;0;0;0;0;0
FR;5;2021-03-28;0;0;0;0;0;0;0;0;0;0
FR;5;2021-03-29;0;0;0;0;0;0;0;0;0;0
FR;5;2021-03-30;0;0;0;0;0;0;0;0;0;0
FR;5;2021-03-31;0;0;0;0;0;0;0;0;0;0
FR;5;2021-04-01;0;0;0;0;0;0;0;0;0;0
FR;5;2021-04-02;0;0;0;0;0;0;0;0;0;0
FR;5;2021-04-03;0;0;0;0;0;0;0;0;0;0
FR;5;2021-04-04;0;0;0;0;0;0;0;0;0;0
FR;5;2021-04-05;0;0;0;0;0;0;0;0;0;0
FR;5;2021-04-06;0;0;0;0;0;0;0;0;0;0
FR;5;2021-04-07;0;0;0;0;0;0;0;0;0;0
FR;5;2021-04-08;0;0;0;0;0;0;0;0;0;0
FR;5;2021-04-09;0;0;0;0;0;0;0;0;0;0
FR;5;2021-04-10;0;0;0;0;0;0;0;0;0;0
FR;5;2021-04-11;0;0;0;0;0;0;0;0;0;0
FR;5;2021-04-12;0;0;0;0;0;0;0;0;0;0
FR;5;2021-04-13;0;0;0;0;0;0;0;0;0;0
FR;5;2021-04-14;0;0;0;0;0;0;0;0;0;0
FR;5;2021-04-15;0;0;0;0;0;0;0;0;0;0
FR;5;2021-04-16;0;0;0;0;0;0;0;0;0;0
FR;5;2021-04-17;0;0;0;0;0;0;0;0;0;0
FR;5;2021-04-18;0;0;0;0;0;0;0;0;0;0
FR;5;2021-04-19;0;0;0;0;0;0;0;0;0;0
FR;5;2021-04-20;0;0;0;0;0;0;0;0;0;0
FR;5;2021-04-21;0;0;0;0;0;0;0;0;0;0
FR;5;2021-04-22;0;0;0;0;0;0;0;0;0;0
FR;5;2021-04-23;0;0;0;0;0;0;0;0;0;0
FR;5;2021-04-24;0;0;0;0;0;0;0;0;0;0
FR;5;2021-04-25;0;0;0;0;0;0;0;0;0;0
FR;5;2021-04-26;0;0;0;0;0;0;0;0;0;0
FR;5;2021-04-27;0;0;0;0;0;0;0;0;0;0
FR;5;2021-04-28;0;0;0;0;0;0;0;0;0;0
FR;5;2021-04-29;0;0;0;0;0;0;0;0;0;0
FR;5;2021-04-30;0;0;0;0;0;0;0;0;0;0
FR;5;2021-05-01;0;0;0;0;0;0;0;0;0;0
FR;5;2021-05-02;0;0;0;0;0;0;0;0;0;0
FR;5;2021-05-03;0;0;0;0;0;0;0;0;0;0
FR;5;2021-05-04;0;0;0;0;0;0;0;0;0;0
FR;5;2021-05-05;0;0;0;0;0;0;0;0;0;0
FR;5;2021-05-06;0;0;0;0;0;0;0;0;0;0
FR;5;2021-05-07;0;0;0;0;0;0;0;0;0;0
FR;5;2021-05-08;0;0;0;0;0;0;0;0;0;0
FR;5;2021-05-09;0;0;0;0;0;0;0;0;0;0
FR;5;2021-05-10;0;0;0;0;0;0;0;0;0;0
FR;5;2021-05-11;0;0;0;0;0;0;0;0;0;0
FR;5;2021-05-12;0;0;0;0;0;0;0;0;0;0
FR;5;2021-05-13;0;0;0;0;0;0;0;0;0;0
FR;5;2021-05-14;0;0;0;0;0;0;0;0;0;0
FR;5;2021-05-15;0;0;0;0;0;0;0;0;0;0
FR;5;2021-05-16;0;0;0;0;0;0;0;0;0;0
FR;5;2021-05-17;0;0;0;0;0;0;0;0;0;0
FR;5;2021-05-18;0;0;0;0;0;0;0;0;0;0
FR;5;2021-05-19;0;0;0;0;0;0;0;0;0;0
FR;5;2021-05-20;0;0;0;0;0;0;0;0;0;0
FR;5;2021-05-21;0;0;0;0;0;0;0;0;0;0
FR;5;2021-05-22;0;0;0;0;0;0;0;0;0;0
FR;5;2021-05-23;0;0;0;0;0;0;0;0;0;0
FR;5;2021-05-24;0;0;0;0;0;0;0;0;0;0
FR;5;2021-05-25;0;0;0;0;0;0;0;0;0;0
FR;5;2021-05-26;0;0;0;0;0;0;0;0;0;0
FR;5;2021-05-27;0;0;0;0;0;0;0;0;0;0
FR;5;2021-05-28;0;0;0;0;0;0;0;0;0;0
FR;5;2021-05-29;0;0;0;0;0;0;0;0;0;0
FR;5;2021-05-30;0;0;0;0;0;0;0;0;0;0
FR;5;2021-05-31;0;0;0;0;0;0;0;0;0;0
FR;5;2021-06-01;0;0;0;0;0;0;0;0;0;0
FR;5;2021-06-02;0;0;0;0;0;0;0;0;0;0
FR;5;2021-06-03;0;0;0;0;0;0;0;0;0;0
FR;5;2021-06-04;0;0;0;0;0;0;0;0;0;0
FR;5;2021-06-05;0;0;0;0;0;0;0;0;0;0
FR;5;2021-06-06;0;0;0;0;0;0;0;0;0;0
FR;5;2021-06-07;0;0;0;0;0;0;0;0;0;0
FR;5;2021-06-08;0;0;0;0;0;0;0;0;0;0
FR;5;2021-06-09;0;0;0;0;0;0;0;0;0;0
FR;5;2021-06-10;0;0;0;0;0;0;0;0;0;0
FR;5;2021-06-11;0;0;0;0;0;0;0;0;0;0
FR;5;2021-06-12;0;0;0;0;0;0;0;0;0;0
FR;5;2021-06-13;0;0;0;0;0;0;0;0;0;0
FR;5;2021-06-14;0;0;0;0;0;0;0;0;0;0
FR;5;2021-06-15;0;0;0;0;0;0;0;0;0;0
FR;5;2021-06-16;0;0;0;0;0;0;0;0;0;0
FR;5;2021-06-17;0;0;0;0;0;0;0;0;0;0
FR;5;2021-06-18;0;0;0;0;0;0;0;0;0;0
FR;5;2021-06-19;0;0;0;0;0;0;0;0;0;0
FR;5;2021-06-20;0;0;0;0;0;0;0;0;0;0
FR;5;2021-06-21;0;0;0;0;0;0;0;0;0;0
FR;5;2021-06-22;0;0;0;0;0;0;0;0;0;0
FR;5;2021-06-23;0;0;0;0;0;0;0;0;0;0
FR;5;2021-06-24;0;0;0;0;0;0;0;0;0;0
FR;5;2021-06-25;0;0;0;0;0;0;0;0;0;0
FR;5;2021-06-26;0;0;0;0;0;0;0;0;0;0
FR;5;2021-06-27;0;0;0;0;0;0;0;0;0;0
FR;5;2021-06-28;0;0;0;0;0;0;0;0;0;0
FR;5;2021-06-29;0;0;0;0;0;0;0;0;0;0
FR;5;2021-06-30;0;0;0;0;0;0;0;0;0;0
FR;5;2021-07-01;0;0;0;0;0;0;0;0;0;0
FR;5;2021-07-02;0;0;0;0;0;0;0;0;0;0
FR;5;2021-07-03;0;0;0;0;0;0;0;0;0;0
FR;5;2021-07-04;0;0;0;0;0;0;0;0;0;0
FR;5;2021-07-05;0;0;0;0;0;0;0;0;0;0
FR;5;2021-07-06;0;0;0;0;0;0;0;0;0;0
FR;5;2021-07-07;0;0;0;0;0;0;0;0;0;0
FR;5;2021-07-08;0;0;0;0;0;0;0;0;0;0
FR;5;2021-07-09;0;0;0;0;0;0;0;0;0;0
FR;5;2021-07-10;0;0;0;0;0;0;0;0;0;0
FR;5;2021-07-11;0;0;0;0;0;0;0;0;0;0
FR;5;2021-07-12;0;0;0;0;0;0;0;0;0;0
FR;5;2021-07-13;0;0;0;0;0;0;0;0;0;0
FR;5;2021-07-14;0;0;0;0;0;0;0;0;0;0
FR;5;2021-07-15;0;0;0;0;0;0;0;0;0;0
FR;5;2021-07-16;0;0;0;0;0;0;0;0;0;0
FR;5;2021-07-17;0;0;0;0;0;0;0;0;0;0
FR;5;2021-07-18;0;0;0;0;0;0;0;0;0;0
FR;5;2021-07-19;0;0;0;0;0;0;0;0;0;0
FR;5;2021-07-20;0;0;0;0;0;0;0;0;0;0
FR;5;2021-07-21;0;0;0;0;0;0;0;0;0;0
FR;5;2021-07-22;0;0;0;0;0;0;0;0;0;0
FR;5;2021-07-23;0;0;0;0;0;0;0;0;0;0
FR;5;2021-07-24;0;0;0;0;0;0;0;0;0;0
FR;5;2021-07-25;0;0;0;0;0;0;0;0;0;0
FR;5;2021-07-26;0;0;0;0;0;0;0;0;0;0
FR;5;2021-07-27;0;0;0;0;0;0;0;0;0;0
FR;5;2021-07-28;0;0;0;0;0;0;0;0;0;0
FR;5;2021-07-29;0;0;0;0;0;0;0;0;0;0
FR;5;2021-07-30;0;0;0;0;0;0;0;0;0;0
FR;5;2021-07-31;0;0;0;0;0;0;0;0;0;0
FR;5;2021-08-01;0;0;0;0;0;0;0;0;0;0
FR;5;2021-08-02;0;0;0;0;0;0;0;0;0;0
FR;5;2021-08-03;0;0;0;0;0;0;0;0;0;0
FR;5;2021-08-04;0;0;0;0;0;0;0;0;0;0
FR;5;2021-08-05;0;0;0;0;0;0;0;0;0;0
FR;5;2021-08-06;0;0;0;0;0;0;0;0;0;0
FR;5;2021-08-07;0;0;0;0;0;0;0;0;0;0
FR;5;2021-08-08;0;0;0;0;0;0;0;0;0;0
FR;5;2021-08-09;0;0;0;0;0;0;0;0;0;0
FR;5;2021-08-10;0;0;0;0;0;0;0;0;0;0
FR;5;2021-08-11;0;0;0;0;0;0;0;0;0;0
FR;5;2021-08-12;0;0;0;0;0;0;0;0;0;0
FR;5;2021-08-13;0;0;0;0;0;0;0;0;0;0
FR;5;2021-08-14;0;0;0;0;0;0;0;0;0;0
FR;5;2021-08-15;0;0;0;0;0;0;0;0;0;0
FR;5;2021-08-16;0;0;0;0;0;0;0;0;0;0
FR;5;2021-08-17;0;0;0;0;0;0;0;0;0;0
FR;5;2021-08-18;0;0;0;0;0;0;0;0;0;0
FR;5;2021-08-19;0;0;0;0;0;0;0;0;0;0
FR;5;2021-08-20;0;0;0;0;0;0;0;0;0;0
FR;5;2021-08-21;0;0;0;0;0;0;0;0;0;0
FR;5;2021-08-22;0;0;0;0;0;0;0;0;0;0
FR;5;2021-08-23;0;0;0;0;0;0;0;0;0;0
FR;5;2021-08-24;0;0;0;0;0;0;0;0;0;0
FR;5;2021-08-25;0;0;0;0;0;0;0;0;0;0
FR;5;2021-08-26;0;0;0;0;0;0;0;0;0;0
FR;5;2021-08-27;0;0;0;0;0;0;0;0;0;0
FR;5;2021-08-28;0;0;0;0;0;0;0;0;0;0
FR;5;2021-08-29;0;0;0;0;0;0;0;0;0;0
FR;5;2021-08-30;0;0;0;0;0;0;0;0;0;0
FR;5;2021-08-31;0;0;0;0;0;0;0;0;0;0
FR;5;2021-09-01;0;0;0;0;0;0;0;0;0;0
FR;5;2021-09-02;0;0;0;0;0;0;0;0;0;0
FR;5;2021-09-03;0;0;0;0;0;0;0;0;0;0
FR;5;2021-09-04;0;0;0;0;0;0;0;0;0;0
FR;5;2021-09-05;0;0;0;0;0;0;0;0;0;0
FR;5;2021-09-06;0;0;0;0;0;0;0;0;0;0
FR;5;2021-09-07;0;0;0;0;0;0;0;0;0;0
FR;5;2021-09-08;0;0;0;0;0;0;0;0;0;0
FR;5;2021-09-09;0;0;0;0;0;0;0;0;0;0
FR;5;2021-09-10;0;0;0;0;0;0;0;0;0;0
FR;5;2021-09-11;0;0;0;0;0;0;0;0;0;0
FR;5;2021-09-12;0;0;0;0;0;0;0;0;0;0
FR;5;2021-09-13;0;0;0;0;0;0;0;0;0;0
FR;5;2021-09-14;0;0;0;0;0;0;0;0;0;0
FR;5;2021-09-15;0;0;0;0;0;0;0;0;0;0
FR;5;2021-09-16;0;0;0;0;0;0;0;0;0;0
FR;5;2021-09-17;0;0;0;0;0;0;0;0;0;0
FR;5;2021-09-18;0;0;0;0;0;0;0;0;0;0
FR;5;2021-09-19;0;0;0;0;0;0;0;0;0;0
FR;5;2021-09-20;0;0;0;0;0;0;0;0;0;0
FR;5;2021-09-21;0;0;0;0;0;0;0;0;0;0
FR;5;2021-09-22;0;0;0;0;0;0;0;0;0;0
FR;5;2021-09-23;0;0;0;0;0;0;0;0;0;0
FR;5;2021-09-24;0;0;0;0;0;0;0;0;0;0
FR;5;2021-09-25;0;0;0;0;0;0;0;0;0;0
FR;5;2021-09-26;0;0;0;0;0;0;0;0;0;0
FR;5;2021-09-27;0;0;0;0;0;0;0;0;0;0
FR;5;2021-09-28;0;0;0;0;0;0;0;0;0;0
FR;5;2021-09-29;0;0;0;0;0;0;0;0;0;0
FR;5;2021-09-30;0;0;0;0;0;0;0;0;0;0
FR;5;2021-10-01;0;0;0;0;0;0;0;0;0;0
FR;5;2021-10-02;0;0;0;0;0;0;0;0;0;0
FR;5;2021-10-03;0;0;0;0;0;0;0;0;0;0
FR;5;2021-10-04;0;0;0;0;0;0;0;0;0;0
FR;5;2021-10-05;0;0;0;0;0;0;0;0;0;0
FR;5;2021-10-06;0;0;0;0;0;0;0;0;0;0
FR;5;2021-10-07;0;0;0;0;0;0;0;0;0;0
FR;5;2021-10-08;0;0;0;0;0;0;0;0;0;0
FR;5;2021-10-09;0;0;0;0;0;0;0;0;0;0
FR;5;2021-10-10;0;0;0;0;0;0;0;0;0;0
FR;5;2021-10-11;0;0;0;0;0;0;0;0;0;0
FR;5;2021-10-12;0;0;0;0;0;0;0;0;0;0
FR;5;2021-10-13;0;0;0;0;0;0;0;0;0;0
FR;5;2021-10-14;0;0;0;0;0;0;0;0;0;0
FR;5;2021-10-15;0;0;0;0;0;0;0;0;0;0
FR;5;2021-10-16;0;0;0;0;0;0;0;0;0;0
FR;5;2021-10-17;0;0;0;0;0;0;0;0;0;0
FR;5;2021-10-18;0;0;0;0;0;0;0;0;0;0
FR;5;2021-10-19;0;0;0;0;0;0;0;0;0;0
FR;5;2021-10-20;0;0;0;0;0;0;0;0;0;0
FR;5;2021-10-21;0;0;0;0;0;0;0;0;0;0
FR;5;2021-10-22;0;0;0;0;0;0;0;0;0;0
FR;5;2021-10-23;0;0;0;0;0;0;0;0;0;0
FR;5;2021-10-24;0;0;0;0;0;0;0;0;0;0
FR;5;2021-10-25;0;0;0;0;0;0;0;0;0;0
FR;5;2021-10-26;0;0;0;0;0;0;0;0;0;0
FR;5;2021-10-27;0;0;0;0;0;0;0;0;0;0
FR;5;2021-10-28;0;0;0;0;0;0;0;0;0;0
FR;5;2021-10-29;0;0;0;0;0;0;0;0;0;0
FR;5;2021-10-30;0;0;0;0;0;0;0;0;0;0
FR;5;2021-10-31;0;0;0;0;0;0;0;0;0;0
FR;5;2021-11-01;0;0;0;0;0;0;0;0;0;0
FR;5;2021-11-02;0;0;0;0;0;0;0;0;0;0
FR;5;2021-11-03;0;0;0;0;0;0;0;0;0;0
FR;5;2021-11-04;0;0;0;0;0;0;0;0;0;0
FR;5;2021-11-05;0;0;0;0;0;0;0;0;0;0
FR;5;2021-11-06;0;0;0;0;0;0;0;0;0;0
FR;5;2021-11-07;0;0;0;0;0;0;0;0;0;0
FR;5;2021-11-08;0;0;0;0;0;0;0;0;0;0
FR;5;2021-11-09;0;0;0;0;0;0;0;0;0;0
FR;5;2021-11-10;0;0;0;0;0;0;0;0;0;0
FR;5;2021-11-11;0;0;0;0;0;0;0;0;0;0
FR;5;2021-11-12;0;0;0;0;0;0;0;0;0;0
FR;5;2021-11-13;0;0;0;0;0;0;0;0;0;0
FR;5;2021-11-14;0;0;0;0;0;0;0;0;0;0
FR;5;2021-11-15;0;0;0;0;0;0;0;0;0;0
FR;5;2021-11-16;0;0;0;0;0;0;0;0;0;0
FR;5;2021-11-17;0;0;0;0;0;0;0;0;0;0
FR;5;2021-11-18;0;0;0;0;0;0;0;0;0;0
FR;5;2021-11-19;0;0;0;0;0;0;0;0;0;0
FR;5;2021-11-20;0;0;0;0;0;0;0;0;0;0
FR;5;2021-11-21;0;0;0;0;0;0;0;0;0;0
FR;5;2021-11-22;0;0;0;0;0;0;0;0;0;0
FR;5;2021-11-23;0;0;0;0;0;0;0;0;0;0
FR;5;2021-11-24;0;0;0;0;0;0;0;0;0;0
FR;5;2021-11-25;0;0;0;0;0;0;0;0;0;0
FR;5;2021-11-26;0;0;0;0;0;0;0;0;0;0
FR;5;2021-11-27;0;0;0;0;0;0;0;0;0;0
FR;5;2021-11-28;0;0;0;0;0;0;0;0;0;0
FR;5;2021-11-29;0;0;0;0;0;0;0;0;0;0
FR;5;2021-11-30;0;0;0;0;0;0;0;0;0;0
FR;5;2021-12-01;0;0;0;0;0;0;0;0;0;0
FR;5;2021-12-02;0;0;0;0;0;0;0;0;0;0
FR;5;2021-12-03;0;0;0;0;0;0;0;0;0;0
FR;5;2021-12-04;0;0;0;0;0;0;0;0;0;0
FR;5;2021-12-05;0;0;0;0;0;0;0;0;0;0
FR;5;2021-12-06;0;0;0;0;0;0;0;0;0;0
FR;5;2021-12-07;0;0;0;0;0;0;0;0;0;0
FR;5;2021-12-08;0;0;0;0;0;0;0;0;0;0
FR;5;2021-12-09;0;0;0;0;0;0;0;0;0;0
FR;5;2021-12-10;0;0;0;0;0;0;0;0;0;0
FR;5;2021-12-11;0;0;0;0;0;0;0;0;0;0
FR;5;2021-12-12;0;0;0;0;0;0;0;0;0;0
FR;5;2021-12-13;0;0;0;0;0;0;0;0;0;0
FR;5;2021-12-14;28;45;77;0;88;28;45;77;0;88
FR;5;2021-12-15;195;43;37;0;49;223;88;114;0;137
FR;5;2021-12-16;180;21;44;0;48;403;109;158;0;185
FR;5;2021-12-17;310;16;72;0;74;713;125;230;0;259
FR;5;2021-12-18;762;24;22;0;29;1475;149;252;0;288
FR;5;2021-12-19;586;15;15;0;17;2061;164;267;0;305
FR;5;2021-12-20;1219;31;35;0;38;3280;195;302;0;343
FR;5;2021-12-21;1534;22;54;1;60;4814;217;356;1;403
FR;5;2021-12-22;4069;40;37;0;46;8883;257;393;1;449
FR;5;2021-12-23;3040;16;21;0;25;11923;273;414;1;474
FR;5;2021-12-24;759;18;9;0;15;12682;291;423;1;489
FR;5;2021-12-25;61;5;1;0;2;12743;296;424;1;491
FR;5;2021-12-26;623;6;3;0;4;13366;302;427;1;495
FR;5;2021-12-27;4080;25;21;0;23;17446;327;448;1;518
FR;5;2021-12-28;5199;22;41;1;42;22645;349;489;2;560
FR;5;2021-12-29;8101;34;65;2;68;30746;383;554;4;628
FR;5;2021-12-30;5171;18;33;0;39;35917;401;587;4;667
FR;5;2021-12-31;1553;8;10;0;11;37470;409;597;4;678
FR;5;2022-01-01;185;1;2;0;2;37655;410;599;4;680
FR;5;2022-01-02;1489;1;1;0;1;39144;411;600;4;681
FR;5;2022-01-03;3052;36;33;0;32;42196;447;633;4;713
FR;5;2022-01-04;3034;39;33;0;42;45230;486;666;4;755
FR;5;2022-01-05;19311;202;97;1;107;64541;688;763;5;862
FR;5;2022-01-06;3739;133;122;0;142;68280;821;885;5;1004
FR;5;2022-01-07;5006;200;48;2;56;73286;1021;933;7;1060
FR;5;2022-01-08;13648;513;45;0;52;86934;1534;978;7;1112
FR;5;2022-01-09;5755;399;15;0;20;92689;1933;993;7;1132
FR;5;2022-01-10;3452;326;25;0;29;96141;2259;1018;7;1161
FR;5;2022-01-11;3667;284;38;0;41;99808;2543;1056;7;1202
FR;5;2022-01-12;22649;3003;90;0;113;122457;5546;1146;7;1315
FR;5;2022-01-13;4033;622;30;0;32;126490;6168;1176;7;1347
FR;5;2022-01-14;4842;581;43;0;50;131332;6749;1219;7;1397
FR;5;2022-01-15;14678;1746;38;3;49;146010;8495;1257;10;1446
FR;5;2022-01-16;4728;666;3;0;5;150738;9161;1260;10;1451
FR;5;2022-01-17;2294;715;26;0;29;153032;9876;1286;10;1480
FR;5;2022-01-18;2429;869;30;0;40;155461;10745;1316;10;1520
FR;5;2022-01-19;18478;6418;74;2;142;173939;17163;1390;12;1662
FR;5;2022-01-20;1918;1067;24;0;33;175857;18230;1414;12;1695
FR;5;2022-01-21;3074;1369;47;1;59;178931;19599;1461;13;1754
FR;5;2022-01-22;10720;3454;33;1;43;189651;23053;1494;14;1797
FR;5;2022-01-23;2627;1413;5;0;8;192278;24466;1499;14;1805
FR;5;2022-01-24;1157;1340;19;0;23;193435;25806;1518;14;1828
FR;5;2022-01-25;1218;1548;19;2;29;194653;27354;1537;16;1857
FR;5;2022-01-26;10744;12014;50;1;89;205397;39368;1587;17;1946
FR;5;2022-01-27;1291;1689;10;0;17;206688;41057;1597;17;1963
FR;5;2022-01-28;1695;3347;16;0;19;208383;44404;1613;17;1982
FR;5;2022-01-29;6237;8040;68;0;96;214620;52444;1681;17;2078
FR;5;2022-01-30;1509;2950;5;0;18;216129;55394;1686;17;2096
FR;5;2022-01-31;587;1772;23;0;24;216716;57166;1709;17;2120
FR;5;2022-02-01;709;1702;10;0;15;217425;58868;1719;17;2135
FR;5;2022-02-02;6951;15653;52;0;94;224376;74521;1771;17;2229
FR;5;2022-02-03;486;1688;13;0;11;224862;76209;1784;17;2240
FR;5;2022-02-04;937;3001;19;0;31;225799;79210;1803;17;2271
FR;5;2022-02-05;3531;8914;23;0;37;229330;88124;1826;17;2308
FR;5;2022-02-06;736;2397;10;0;19;230066;90521;1836;17;2327
FR;5;2022-02-07;879;1595;22;0;24;230945;92116;1858;17;2351
FR;5;2022-02-08;719;1283;18;0;19;231664;93399;1876;17;2370
FR;5;2022-02-09;4533;12874;44;0;76;236197;106273;1920;17;2446
FR;5;2022-02-10;644;1058;13;0;14;236841;107331;1933;17;2460
FR;5;2022-02-11;793;2026;16;0;21;237634;109357;1949;17;2481
FR;5;2022-02-12;2285;6809;32;0;52;239919;116166;1981;17;2533
FR;5;2022-02-13;465;1539;8;0;8;240384;117705;1989;17;2541
FR;5;2022-02-14;678;1288;10;0;13;241062;118993;1999;17;2554
FR;5;2022-02-15;482;883;9;0;14;241544;119876;2008;17;2568
FR;5;2022-02-16;2976;9122;41;1;58;244520;128998;2049;18;2626
FR;5;2022-02-17;435;803;6;0;7;244955;129801;2055;18;2633
FR;5;2022-02-18;648;1407;13;0;17;245603;131208;2068;18;2650
FR;5;2022-02-19;1370;4314;16;0;28;246973;135522;2084;18;2678
FR;5;2022-02-20;247;879;6;0;8;247220;136401;2090;18;2686
FR;5;2022-02-21;220;605;2;0;4;247440;137006;2092;18;2690
FR;5;2022-02-22;259;544;17;0;17;247699;137550;2109;18;2707
FR;5;2022-02-23;1907;6919;22;1;42;249606;144469;2131;19;2749
FR;5;2022-02-24;181;371;5;1;5;249787;144840;2136;20;2754
FR;5;2022-02-25;333;949;13;0;12;250120;145789;2149;20;2766
FR;5;2022-02-26;970;3065;10;0;14;251090;148854;2159;20;2780
FR;5;2022-02-27;146;506;0;0;3;251236;149360;2159;20;2783
FR;5;2022-02-28;160;366;1;0;1;251396;149726;2160;20;2784
FR;5;2022-03-01;123;278;6;0;7;251519;150004;2166;20;2791
FR;5;2022-03-02;1236;4144;28;3;40;252755;154148;2194;23;2831
FR;5;2022-03-03;117;249;6;0;9;252872;154397;2200;23;2840
FR;5;2022-03-04;192;482;13;0;13;253064;154879;2213;23;2853
FR;5;2022-03-05;675;1990;8;0;16;253739;156869;2221;23;2869
FR;5;2022-03-06;107;260;0;0;0;253846;157129;2221;23;2869
FR;5;2022-03-07;70;228;4;0;3;253916;157357;2225;23;2872
FR;5;2022-03-08;46;128;7;1;7;253962;157485;2232;24;2879
FR;5;2022-03-09;889;3075;23;0;35;254851;160560;2255;24;2914
FR;5;2022-03-10;81;200;7;0;10;254932;160760;2262;24;2924
FR;5;2022-03-11;145;368;14;1;15;255077;161128;2276;25;2939
FR;5;2022-03-12;758;1613;12;1;29;255835;162741;2288;26;2968
FR;5;2022-03-13;76;99;0;0;0;255911;162840;2288;26;2968
FR;5;2022-03-14;67;116;7;1;7;255978;162956;2295;27;2975
FR;5;2022-03-15;81;99;3;0;6;256059;163055;2298;27;2981
FR;5;2022-03-16;878;1821;15;3;34;256937;164876;2313;30;3015
FR;5;2022-03-17;66;122;8;4;10;257003;164998;2321;34;3025
FR;5;2022-03-18;170;318;13;3;18;257173;165316;2334;37;3043
FR;5;2022-03-19;748;1160;12;5;32;257921;166476;2346;42;3075
FR;5;2022-03-20;44;92;1;0;1;257965;166568;2347;42;3076
FR;5;2022-03-21;71;115;10;6;15;258036;166683;2357;48;3091
FR;5;2022-03-22;55;112;8;6;8;258091;166795;2365;54;3099
FR;5;2022-03-23;798;1456;13;8;35;258889;168251;2378;62;3134
FR;5;2022-03-24;67;87;7;7;6;258956;168338;2385;69;3140
FR;5;2022-03-25;220;282;13;8;16;259176;168620;2398;77;3156
FR;5;2022-03-26;701;848;12;6;26;259877;169468;2410;83;3182
FR;5;2022-03-27;74;78;0;0;3;259951;169546;2410;83;3185
FR;5;2022-03-28;72;89;1;2;3;260023;169635;2411;85;3188
FR;6;2020-12-27;0;0;0;0;0;0;0;0;0;0
FR;6;2020-12-28;0;0;0;0;0;0;0;0;0;0
FR;6;2020-12-29;0;0;0;0;0;0;0;0;0;0
FR;6;2020-12-30;0;0;0;0;0;0;0;0;0;0
FR;6;2020-12-31;0;0;0;0;0;0;0;0;0;0
FR;6;2021-01-01;0;0;0;0;0;0;0;0;0;0
FR;6;2021-01-02;0;0;0;0;0;0;0;0;0;0
FR;6;2021-01-03;0;0;0;0;0;0;0;0;0;0
FR;6;2021-01-04;0;0;0;0;0;0;0;0;0;0
FR;6;2021-01-05;0;0;0;0;0;0;0;0;0;0
FR;6;2021-01-06;0;0;0;0;0;0;0;0;0;0
FR;6;2021-01-07;0;0;0;0;0;0;0;0;0;0
FR;6;2021-01-08;0;0;0;0;0;0;0;0;0;0
FR;6;2021-01-09;0;0;0;0;0;0;0;0;0;0
FR;6;2021-01-10;0;0;0;0;0;0;0;0;0;0
FR;6;2021-01-11;0;0;0;0;0;0;0;0;0;0
FR;6;2021-01-12;0;0;0;0;0;0;0;0;0;0
FR;6;2021-01-13;0;0;0;0;0;0;0;0;0;0
FR;6;2021-01-14;0;0;0;0;0;0;0;0;0;0
FR;6;2021-01-15;0;0;0;0;0;0;0;0;0;0
FR;6;2021-01-16;0;0;0;0;0;0;0;0;0;0
FR;6;2021-01-17;0;0;0;0;0;0;0;0;0;0
FR;6;2021-01-18;0;0;0;0;0;0;0;0;0;0
FR;6;2021-01-19;0;0;0;0;0;0;0;0;0;0
FR;6;2021-01-20;0;0;0;0;0;0;0;0;0;0
FR;6;2021-01-21;0;0;0;0;0;0;0;0;0;0
FR;6;2021-01-22;0;0;0;0;0;0;0;0;0;0
FR;6;2021-01-23;0;0;0;0;0;0;0;0;0;0
FR;6;2021-01-24;0;0;0;0;0;0;0;0;0;0
FR;6;2021-01-25;0;0;0;0;0;0;0;0;0;0
FR;6;2021-01-26;0;0;0;0;0;0;0;0;0;0
FR;6;2021-01-27;0;0;0;0;0;0;0;0;0;0
FR;6;2021-01-28;0;0;0;0;0;0;0;0;0;0
FR;6;2021-01-29;0;0;0;0;0;0;0;0;0;0
FR;6;2021-01-30;0;0;0;0;0;0;0;0;0;0
FR;6;2021-01-31;0;0;0;0;0;0;0;0;0;0
FR;6;2021-02-01;0;0;0;0;0;0;0;0;0;0
FR;6;2021-02-02;0;0;0;0;0;0;0;0;0;0
FR;6;2021-02-03;0;0;0;0;0;0;0;0;0;0
FR;6;2021-02-04;0;0;0;0;0;0;0;0;0;0
FR;6;2021-02-05;0;0;0;0;0;0;0;0;0;0
FR;6;2021-02-06;0;0;0;0;0;0;0;0;0;0
FR;6;2021-02-07;0;0;0;0;0;0;0;0;0;0
FR;6;2021-02-08;0;0;0;0;0;0;0;0;0;0
FR;6;2021-02-09;0;0;0;0;0;0;0;0;0;0
FR;6;2021-02-10;0;0;0;0;0;0;0;0;0;0
FR;6;2021-02-11;0;0;0;0;0;0;0;0;0;0
FR;6;2021-02-12;0;0;0;0;0;0;0;0;0;0
FR;6;2021-02-13;0;0;0;0;0;0;0;0;0;0
FR;6;2021-02-14;0;0;0;0;0;0;0;0;0;0
FR;6;2021-02-15;0;0;0;0;0;0;0;0;0;0
FR;6;2021-02-16;0;0;0;0;0;0;0;0;0;0
FR;6;2021-02-17;0;0;0;0;0;0;0;0;0;0
FR;6;2021-02-18;0;0;0;0;0;0;0;0;0;0
FR;6;2021-02-19;0;0;0;0;0;0;0;0;0;0
FR;6;2021-02-20;0;0;0;0;0;0;0;0;0;0
FR;6;2021-02-21;0;0;0;0;0;0;0;0;0;0
FR;6;2021-02-22;0;0;0;0;0;0;0;0;0;0
FR;6;2021-02-23;0;0;0;0;0;0;0;0;0;0
FR;6;2021-02-24;0;0;0;0;0;0;0;0;0;0
FR;6;2021-02-25;0;0;0;0;0;0;0;0;0;0
FR;6;2021-02-26;0;0;0;0;0;0;0;0;0;0
FR;6;2021-02-27;0;0;0;0;0;0;0;0;0;0
FR;6;2021-02-28;0;0;0;0;0;0;0;0;0;0
FR;6;2021-03-01;0;0;0;0;0;0;0;0;0;0
FR;6;2021-03-02;0;0;0;0;0;0;0;0;0;0
FR;6;2021-03-03;0;0;0;0;0;0;0;0;0;0
FR;6;2021-03-04;0;0;0;0;0;0;0;0;0;0
FR;6;2021-03-05;0;0;0;0;0;0;0;0;0;0
FR;6;2021-03-06;0;0;0;0;0;0;0;0;0;0
FR;6;2021-03-07;0;0;0;0;0;0;0;0;0;0
FR;6;2021-03-08;0;0;0;0;0;0;0;0;0;0
FR;6;2021-03-09;0;0;0;0;0;0;0;0;0;0
FR;6;2021-03-10;0;0;0;0;0;0;0;0;0;0
FR;6;2021-03-11;0;0;0;0;0;0;0;0;0;0
FR;6;2021-03-12;0;0;0;0;0;0;0;0;0;0
FR;6;2021-03-13;0;0;0;0;0;0;0;0;0;0
FR;6;2021-03-14;0;0;0;0;0;0;0;0;0;0
FR;6;2021-03-15;0;0;0;0;0;0;0;0;0;0
FR;6;2021-03-16;0;0;0;0;0;0;0;0;0;0
FR;6;2021-03-17;0;0;0;0;0;0;0;0;0;0
FR;6;2021-03-18;0;0;0;0;0;0;0;0;0;0
FR;6;2021-03-19;0;0;0;0;0;0;0;0;0;0
FR;6;2021-03-20;0;0;0;0;0;0;0;0;0;0
FR;6;2021-03-21;0;0;0;0;0;0;0;0;0;0
FR;6;2021-03-22;0;0;0;0;0;0;0;0;0;0
FR;6;2021-03-23;0;0;0;0;0;0;0;0;0;0
FR;6;2021-03-24;0;0;0;0;0;0;0;0;0;0
FR;6;2021-03-25;0;0;0;0;0;0;0;0;0;0
FR;6;2021-03-26;0;0;0;0;0;0;0;0;0;0
FR;6;2021-03-27;0;0;0;0;0;0;0;0;0;0
FR;6;2021-03-28;0;0;0;0;0;0;0;0;0;0
FR;6;2021-03-29;0;0;0;0;0;0;0;0;0;0
FR;6;2021-03-30;0;0;0;0;0;0;0;0;0;0
FR;6;2021-03-31;0;0;0;0;0;0;0;0;0;0
FR;6;2021-04-01;0;0;0;0;0;0;0;0;0;0
FR;6;2021-04-02;0;0;0;0;0;0;0;0;0;0
FR;6;2021-04-03;0;0;0;0;0;0;0;0;0;0
FR;6;2021-04-04;0;0;0;0;0;0;0;0;0;0
FR;6;2021-04-05;0;0;0;0;0;0;0;0;0;0
FR;6;2021-04-06;0;0;0;0;0;0;0;0;0;0
FR;6;2021-04-07;0;0;0;0;0;0;0;0;0;0
FR;6;2021-04-08;0;0;0;0;0;0;0;0;0;0
FR;6;2021-04-09;0;0;0;0;0;0;0;0;0;0
FR;6;2021-04-10;0;0;0;0;0;0;0;0;0;0
FR;6;2021-04-11;0;0;0;0;0;0;0;0;0;0
FR;6;2021-04-12;0;0;0;0;0;0;0;0;0;0
FR;6;2021-04-13;0;0;0;0;0;0;0;0;0;0
FR;6;2021-04-14;0;0;0;0;0;0;0;0;0;0
FR;6;2021-04-15;0;0;0;0;0;0;0;0;0;0
FR;6;2021-04-16;0;0;0;0;0;0;0;0;0;0
FR;6;2021-04-17;0;0;0;0;0;0;0;0;0;0
FR;6;2021-04-18;0;0;0;0;0;0;0;0;0;0
FR;6;2021-04-19;0;0;0;0;0;0;0;0;0;0
FR;6;2021-04-20;0;0;0;0;0;0;0;0;0;0
FR;6;2021-04-21;0;0;0;0;0;0;0;0;0;0
FR;6;2021-04-22;0;0;0;0;0;0;0;0;0;0
FR;6;2021-04-23;0;0;0;0;0;0;0;0;0;0
FR;6;2021-04-24;0;0;0;0;0;0;0;0;0;0
FR;6;2021-04-25;0;0;0;0;0;0;0;0;0;0
FR;6;2021-04-26;0;0;0;0;0;0;0;0;0;0
FR;6;2021-04-27;0;0;0;0;0;0;0;0;0;0
FR;6;2021-04-28;0;0;0;0;0;0;0;0;0;0
FR;6;2021-04-29;0;0;0;0;0;0;0;0;0;0
FR;6;2021-04-30;0;0;0;0;0;0;0;0;0;0
FR;6;2021-05-01;0;0;0;0;0;0;0;0;0;0
FR;6;2021-05-02;0;0;0;0;0;0;0;0;0;0
FR;6;2021-05-03;0;0;0;0;0;0;0;0;0;0
FR;6;2021-05-04;0;0;0;0;0;0;0;0;0;0
FR;6;2021-05-05;0;0;0;0;0;0;0;0;0;0
FR;6;2021-05-06;0;0;0;0;0;0;0;0;0;0
FR;6;2021-05-07;0;0;0;0;0;0;0;0;0;0
FR;6;2021-05-08;0;0;0;0;0;0;0;0;0;0
FR;6;2021-05-09;0;0;0;0;0;0;0;0;0;0
FR;6;2021-05-10;0;0;0;0;0;0;0;0;0;0
FR;6;2021-05-11;0;0;0;0;0;0;0;0;0;0
FR;6;2021-05-12;0;0;0;0;0;0;0;0;0;0
FR;6;2021-05-13;0;0;0;0;0;0;0;0;0;0
FR;6;2021-05-14;0;0;0;0;0;0;0;0;0;0
FR;6;2021-05-15;0;0;0;0;0;0;0;0;0;0
FR;6;2021-05-16;0;0;0;0;0;0;0;0;0;0
FR;6;2021-05-17;0;0;0;0;0;0;0;0;0;0
FR;6;2021-05-18;0;0;0;0;0;0;0;0;0;0
FR;6;2021-05-19;0;0;0;0;0;0;0;0;0;0
FR;6;2021-05-20;0;0;0;0;0;0;0;0;0;0
FR;6;2021-05-21;0;0;0;0;0;0;0;0;0;0
FR;6;2021-05-22;0;0;0;0;0;0;0;0;0;0
FR;6;2021-05-23;0;0;0;0;0;0;0;0;0;0
FR;6;2021-05-24;0;0;0;0;0;0;0;0;0;0
FR;6;2021-05-25;0;0;0;0;0;0;0;0;0;0
FR;6;2021-05-26;0;0;0;0;0;0;0;0;0;0
FR;6;2021-05-27;0;0;0;0;0;0;0;0;0;0
FR;6;2021-05-28;0;0;0;0;0;0;0;0;0;0
FR;6;2021-05-29;0;0;0;0;0;0;0;0;0;0
FR;6;2021-05-30;0;0;0;0;0;0;0;0;0;0
FR;6;2021-05-31;0;0;0;0;0;0;0;0;0;0
FR;6;2021-06-01;0;0;0;0;0;0;0;0;0;0
FR;6;2021-06-02;0;0;0;0;0;0;0;0;0;0
FR;6;2021-06-03;0;0;0;0;0;0;0;0;0;0
FR;6;2021-06-04;0;0;0;0;0;0;0;0;0;0
FR;6;2021-06-05;0;0;0;0;0;0;0;0;0;0
FR;6;2021-06-06;0;0;0;0;0;0;0;0;0;0
FR;6;2021-06-07;0;0;0;0;0;0;0;0;0;0
FR;6;2021-06-08;0;0;0;0;0;0;0;0;0;0
FR;6;2021-06-09;0;0;0;0;0;0;0;0;0;0
FR;6;2021-06-10;0;0;0;0;0;0;0;0;0;0
FR;6;2021-06-11;0;0;0;0;0;0;0;0;0;0
FR;6;2021-06-12;0;0;0;0;0;0;0;0;0;0
FR;6;2021-06-13;0;0;0;0;0;0;0;0;0;0
FR;6;2021-06-14;0;0;0;0;0;0;0;0;0;0
FR;6;2021-06-15;0;0;0;0;0;0;0;0;0;0
FR;6;2021-06-16;0;0;0;0;0;0;0;0;0;0
FR;6;2021-06-17;0;0;0;0;0;0;0;0;0;0
FR;6;2021-06-18;0;0;0;0;0;0;0;0;0;0
FR;6;2021-06-19;0;0;0;0;0;0;0;0;0;0
FR;6;2021-06-20;0;0;0;0;0;0;0;0;0;0
FR;6;2021-06-21;0;0;0;0;0;0;0;0;0;0
FR;6;2021-06-22;0;0;0;0;0;0;0;0;0;0
FR;6;2021-06-23;0;0;0;0;0;0;0;0;0;0
FR;6;2021-06-24;0;0;0;0;0;0;0;0;0;0
FR;6;2021-06-25;0;0;0;0;0;0;0;0;0;0
FR;6;2021-06-26;0;0;0;0;0;0;0;0;0;0
FR;6;2021-06-27;0;0;0;0;0;0;0;0;0;0
FR;6;2021-06-28;0;0;0;0;0;0;0;0;0;0
FR;6;2021-06-29;0;0;0;0;0;0;0;0;0;0
FR;6;2021-06-30;0;0;0;0;0;0;0;0;0;0
FR;6;2021-07-01;0;0;0;0;0;0;0;0;0;0
FR;6;2021-07-02;0;0;0;0;0;0;0;0;0;0
FR;6;2021-07-03;0;0;0;0;0;0;0;0;0;0
FR;6;2021-07-04;0;0;0;0;0;0;0;0;0;0
FR;6;2021-07-05;0;0;0;0;0;0;0;0;0;0
FR;6;2021-07-06;0;0;0;0;0;0;0;0;0;0
FR;6;2021-07-07;0;0;0;0;0;0;0;0;0;0
FR;6;2021-07-08;0;0;0;0;0;0;0;0;0;0
FR;6;2021-07-09;0;0;0;0;0;0;0;0;0;0
FR;6;2021-07-10;0;0;0;0;0;0;0;0;0;0
FR;6;2021-07-11;0;0;0;0;0;0;0;0;0;0
FR;6;2021-07-12;0;0;0;0;0;0;0;0;0;0
FR;6;2021-07-13;0;0;0;0;0;0;0;0;0;0
FR;6;2021-07-14;0;0;0;0;0;0;0;0;0;0
FR;6;2021-07-15;0;0;0;0;0;0;0;0;0;0
FR;6;2021-07-16;0;0;0;0;0;0;0;0;0;0
FR;6;2021-07-17;0;0;0;0;0;0;0;0;0;0
FR;6;2021-07-18;0;0;0;0;0;0;0;0;0;0
FR;6;2021-07-19;0;0;0;0;0;0;0;0;0;0
FR;6;2021-07-20;0;0;0;0;0;0;0;0;0;0
FR;6;2021-07-21;0;0;0;0;0;0;0;0;0;0
FR;6;2021-07-22;0;0;0;0;0;0;0;0;0;0
FR;6;2021-07-23;0;0;0;0;0;0;0;0;0;0
FR;6;2021-07-24;0;0;0;0;0;0;0;0;0;0
FR;6;2021-07-25;0;0;0;0;0;0;0;0;0;0
FR;6;2021-07-26;0;0;0;0;0;0;0;0;0;0
FR;6;2021-07-27;0;0;0;0;0;0;0;0;0;0
FR;6;2021-07-28;0;0;0;0;0;0;0;0;0;0
FR;6;2021-07-29;0;0;0;0;0;0;0;0;0;0
FR;6;2021-07-30;0;0;0;0;0;0;0;0;0;0
FR;6;2021-07-31;0;0;0;0;0;0;0;0;0;0
FR;6;2021-08-01;0;0;0;0;0;0;0;0;0;0
FR;6;2021-08-02;0;0;0;0;0;0;0;0;0;0
FR;6;2021-08-03;0;0;0;0;0;0;0;0;0;0
FR;6;2021-08-04;0;0;0;0;0;0;0;0;0;0
FR;6;2021-08-05;0;0;0;0;0;0;0;0;0;0
FR;6;2021-08-06;0;0;0;0;0;0;0;0;0;0
FR;6;2021-08-07;0;0;0;0;0;0;0;0;0;0
FR;6;2021-08-08;0;0;0;0;0;0;0;0;0;0
FR;6;2021-08-09;0;0;0;0;0;0;0;0;0;0
FR;6;2021-08-10;0;0;0;0;0;0;0;0;0;0
FR;6;2021-08-11;0;0;0;0;0;0;0;0;0;0
FR;6;2021-08-12;0;0;0;0;0;0;0;0;0;0
FR;6;2021-08-13;0;0;0;0;0;0;0;0;0;0
FR;6;2021-08-14;0;0;0;0;0;0;0;0;0;0
FR;6;2021-08-15;0;0;0;0;0;0;0;0;0;0
FR;6;2021-08-16;0;0;0;0;0;0;0;0;0;0
FR;6;2021-08-17;0;0;0;0;0;0;0;0;0;0
FR;6;2021-08-18;0;0;0;0;0;0;0;0;0;0
FR;6;2021-08-19;0;0;0;0;0;0;0;0;0;0
FR;6;2021-08-20;0;0;0;0;0;0;0;0;0;0
FR;6;2021-08-21;0;0;0;0;0;0;0;0;0;0
FR;6;2021-08-22;0;0;0;0;0;0;0;0;0;0
FR;6;2021-08-23;0;0;0;0;0;0;0;0;0;0
FR;6;2021-08-24;0;0;0;0;0;0;0;0;0;0
FR;6;2021-08-25;0;0;0;0;0;0;0;0;0;0
FR;6;2021-08-26;0;0;0;0;0;0;0;0;0;0
FR;6;2021-08-27;0;0;0;0;0;0;0;0;0;0
FR;6;2021-08-28;0;0;0;0;0;0;0;0;0;0
FR;6;2021-08-29;0;0;0;0;0;0;0;0;0;0
FR;6;2021-08-30;0;0;0;0;0;0;0;0;0;0
FR;6;2021-08-31;0;0;0;0;0;0;0;0;0;0
FR;6;2021-09-01;0;0;0;0;0;0;0;0;0;0
FR;6;2021-09-02;0;0;0;0;0;0;0;0;0;0
FR;6;2021-09-03;0;0;0;0;0;0;0;0;0;0
FR;6;2021-09-04;0;0;0;0;0;0;0;0;0;0
FR;6;2021-09-05;0;0;0;0;0;0;0;0;0;0
FR;6;2021-09-06;0;0;0;0;0;0;0;0;0;0
FR;6;2021-09-07;0;0;0;0;0;0;0;0;0;0
FR;6;2021-09-08;0;0;0;0;0;0;0;0;0;0
FR;6;2021-09-09;0;0;0;0;0;0;0;0;0;0
FR;6;2021-09-10;0;0;0;0;0;0;0;0;0;0
FR;6;2021-09-11;0;0;0;0;0;0;0;0;0;0
FR;6;2021-09-12;0;0;0;0;0;0;0;0;0;0
FR;6;2021-09-13;0;0;0;0;0;0;0;0;0;0
FR;6;2021-09-14;0;0;0;0;0;0;0;0;0;0
FR;6;2021-09-15;0;0;0;0;0;0;0;0;0;0
FR;6;2021-09-16;0;0;0;0;0;0;0;0;0;0
FR;6;2021-09-17;0;0;0;0;0;0;0;0;0;0
FR;6;2021-09-18;0;0;0;0;0;0;0;0;0;0
FR;6;2021-09-19;0;0;0;0;0;0;0;0;0;0
FR;6;2021-09-20;0;0;0;0;0;0;0;0;0;0
FR;6;2021-09-21;0;0;0;0;0;0;0;0;0;0
FR;6;2021-09-22;0;0;0;0;0;0;0;0;0;0
FR;6;2021-09-23;0;0;0;0;0;0;0;0;0;0
FR;6;2021-09-24;0;0;0;0;0;0;0;0;0;0
FR;6;2021-09-25;0;0;0;0;0;0;0;0;0;0
FR;6;2021-09-26;0;0;0;0;0;0;0;0;0;0
FR;6;2021-09-27;0;0;0;0;0;0;0;0;0;0
FR;6;2021-09-28;0;0;0;0;0;0;0;0;0;0
FR;6;2021-09-29;0;0;0;0;0;0;0;0;0;0
FR;6;2021-09-30;0;0;0;0;0;0;0;0;0;0
FR;6;2021-10-01;0;0;0;0;0;0;0;0;0;0
FR;6;2021-10-02;0;0;0;0;0;0;0;0;0;0
FR;6;2021-10-03;0;0;0;0;0;0;0;0;0;0
FR;6;2021-10-04;0;0;0;0;0;0;0;0;0;0
FR;6;2021-10-05;0;0;0;0;0;0;0;0;0;0
FR;6;2021-10-06;0;0;0;0;0;0;0;0;0;0
FR;6;2021-10-07;0;0;0;0;0;0;0;0;0;0
FR;6;2021-10-08;0;0;0;0;0;0;0;0;0;0
FR;6;2021-10-09;0;0;0;0;0;0;0;0;0;0
FR;6;2021-10-10;0;0;0;0;0;0;0;0;0;0
FR;6;2021-10-11;0;0;0;0;0;0;0;0;0;0
FR;6;2021-10-12;0;0;0;0;0;0;0;0;0;0
FR;6;2021-10-13;0;0;0;0;0;0;0;0;0;0
FR;6;2021-10-14;0;0;0;0;0;0;0;0;0;0
FR;6;2021-10-15;0;0;0;0;0;0;0;0;0;0
FR;6;2021-10-16;0;0;0;0;0;0;0;0;0;0
FR;6;2021-10-17;0;0;0;0;0;0;0;0;0;0
FR;6;2021-10-18;0;0;0;0;0;0;0;0;0;0
FR;6;2021-10-19;0;0;0;0;0;0;0;0;0;0
FR;6;2021-10-20;0;0;0;0;0;0;0;0;0;0
FR;6;2021-10-21;0;0;0;0;0;0;0;0;0;0
FR;6;2021-10-22;0;0;0;0;0;0;0;0;0;0
FR;6;2021-10-23;0;0;0;0;0;0;0;0;0;0
FR;6;2021-10-24;0;0;0;0;0;0;0;0;0;0
FR;6;2021-10-25;0;0;0;0;0;0;0;0;0;0
FR;6;2021-10-26;0;0;0;0;0;0;0;0;0;0
FR;6;2021-10-27;0;0;0;0;0;0;0;0;0;0
FR;6;2021-10-28;0;0;0;0;0;0;0;0;0;0
FR;6;2021-10-29;0;0;0;0;0;0;0;0;0;0
FR;6;2021-10-30;0;0;0;0;0;0;0;0;0;0
FR;6;2021-10-31;0;0;0;0;0;0;0;0;0;0
FR;6;2021-11-01;0;0;0;0;0;0;0;0;0;0
FR;6;2021-11-02;0;0;0;0;0;0;0;0;0;0
FR;6;2021-11-03;0;0;0;0;0;0;0;0;0;0
FR;6;2021-11-04;0;0;0;0;0;0;0;0;0;0
FR;6;2021-11-05;0;0;0;0;0;0;0;0;0;0
FR;6;2021-11-06;0;0;0;0;0;0;0;0;0;0
FR;6;2021-11-07;0;0;0;0;0;0;0;0;0;0
FR;6;2021-11-08;0;0;0;0;0;0;0;0;0;0
FR;6;2021-11-09;0;0;0;0;0;0;0;0;0;0
FR;6;2021-11-10;0;0;0;0;0;0;0;0;0;0
FR;6;2021-11-11;0;0;0;0;0;0;0;0;0;0
FR;6;2021-11-12;0;0;0;0;0;0;0;0;0;0
FR;6;2021-11-13;0;0;0;0;0;0;0;0;0;0
FR;6;2021-11-14;0;0;0;0;0;0;0;0;0;0
FR;6;2021-11-15;0;0;0;0;0;0;0;0;0;0
FR;6;2021-11-16;0;0;0;0;0;0;0;0;0;0
FR;6;2021-11-17;0;0;0;0;0;0;0;0;0;0
FR;6;2021-11-18;0;0;0;0;0;0;0;0;0;0
FR;6;2021-11-19;0;0;0;0;0;0;0;0;0;0
FR;6;2021-11-20;0;0;0;0;0;0;0;0;0;0
FR;6;2021-11-21;0;0;0;0;0;0;0;0;0;0
FR;6;2021-11-22;0;0;0;0;0;0;0;0;0;0
FR;6;2021-11-23;0;0;0;0;0;0;0;0;0;0
FR;6;2021-11-24;0;0;0;0;0;0;0;0;0;0
FR;6;2021-11-25;0;0;0;0;0;0;0;0;0;0
FR;6;2021-11-26;0;0;0;0;0;0;0;0;0;0
FR;6;2021-11-27;0;0;0;0;0;0;0;0;0;0
FR;6;2021-11-28;0;0;0;0;0;0;0;0;0;0
FR;6;2021-11-29;0;0;0;0;0;0;0;0;0;0
FR;6;2021-11-30;0;0;0;0;0;0;0;0;0;0
FR;6;2021-12-01;0;0;0;0;0;0;0;0;0;0
FR;6;2021-12-02;0;0;0;0;0;0;0;0;0;0
FR;6;2021-12-03;0;0;0;0;0;0;0;0;0;0
FR;6;2021-12-04;0;0;0;0;0;0;0;0;0;0
FR;6;2021-12-05;0;0;0;0;0;0;0;0;0;0
FR;6;2021-12-06;0;0;0;0;0;0;0;0;0;0
FR;6;2021-12-07;0;0;0;0;0;0;0;0;0;0
FR;6;2021-12-08;0;0;0;0;0;0;0;0;0;0
FR;6;2021-12-09;0;0;0;0;0;0;0;0;0;0
FR;6;2021-12-10;0;0;0;0;0;0;0;0;0;0
FR;6;2021-12-11;0;0;0;0;0;0;0;0;0;0
FR;6;2021-12-12;0;0;0;0;0;0;0;0;0;0
FR;6;2021-12-13;0;0;0;0;0;0;0;0;0;0
FR;6;2021-12-14;0;0;0;0;0;0;0;0;0;0
FR;6;2021-12-15;0;0;0;0;0;0;0;0;0;0
FR;6;2021-12-16;0;0;0;0;0;0;0;0;0;0
FR;6;2021-12-17;0;0;0;0;0;0;0;0;0;0
FR;6;2021-12-18;0;0;0;0;0;0;0;0;0;0
FR;6;2021-12-19;0;0;0;0;0;0;0;0;0;0
FR;6;2021-12-20;0;0;0;0;0;0;0;0;0;0
FR;6;2021-12-21;0;0;0;0;0;0;0;0;0;0
FR;6;2021-12-22;0;0;0;0;0;0;0;0;0;0
FR;6;2021-12-23;0;0;0;0;0;0;0;0;0;0
FR;6;2021-12-24;0;0;0;0;0;0;0;0;0;0
FR;6;2021-12-25;0;0;0;0;0;0;0;0;0;0
FR;6;2021-12-26;0;0;0;0;0;0;0;0;0;0
FR;6;2021-12-27;0;0;0;0;0;0;0;0;0;0
FR;6;2021-12-28;0;0;0;0;0;0;0;0;0;0
FR;6;2021-12-29;0;0;0;0;0;0;0;0;0;0
FR;6;2021-12-30;0;0;0;0;0;0;0;0;0;0
FR;6;2021-12-31;0;0;0;0;0;0;0;0;0;0
FR;6;2022-01-01;0;0;0;0;0;0;0;0;0;0
FR;6;2022-01-02;0;0;0;0;0;0;0;0;0;0
FR;6;2022-01-03;0;0;0;0;0;0;0;0;0;0
FR;6;2022-01-04;0;0;0;0;0;0;0;0;0;0
FR;6;2022-01-05;0;0;0;0;0;0;0;0;0;0
FR;6;2022-01-06;0;0;0;0;0;0;0;0;0;0
FR;6;2022-01-07;0;0;0;0;0;0;0;0;0;0
FR;6;2022-01-08;0;0;0;0;0;0;0;0;0;0
FR;6;2022-01-09;0;0;0;0;0;0;0;0;0;0
FR;6;2022-01-10;0;0;0;0;0;0;0;0;0;0
FR;6;2022-01-11;0;0;0;0;0;0;0;0;0;0
FR;6;2022-01-12;0;0;0;0;0;0;0;0;0;0
FR;6;2022-01-13;0;0;0;0;0;0;0;0;0;0
FR;6;2022-01-14;0;0;0;0;0;0;0;0;0;0
FR;6;2022-01-15;0;0;0;0;0;0;0;0;0;0
FR;6;2022-01-16;0;0;0;0;0;0;0;0;0;0
FR;6;2022-01-17;0;0;0;0;0;0;0;0;0;0
FR;6;2022-01-18;0;0;0;0;0;0;0;0;0;0
FR;6;2022-01-19;0;0;0;0;0;0;0;0;0;0
FR;6;2022-01-20;0;0;0;0;0;0;0;0;0;0
FR;6;2022-01-21;0;0;0;0;0;0;0;0;0;0
FR;6;2022-01-22;0;0;0;0;0;0;0;0;0;0
FR;6;2022-01-23;0;0;0;0;0;0;0;0;0;0
FR;6;2022-01-24;0;0;0;0;0;0;0;0;0;0
FR;6;2022-01-25;0;0;0;0;0;0;0;0;0;0
FR;6;2022-01-26;0;0;0;0;0;0;0;0;0;0
FR;6;2022-01-27;0;0;0;0;0;0;0;0;0;0
FR;6;2022-01-28;0;0;0;0;0;0;0;0;0;0
FR;6;2022-01-29;0;0;0;0;0;0;0;0;0;0
FR;6;2022-01-30;0;0;0;0;0;0;0;0;0;0
FR;6;2022-01-31;0;0;0;0;0;0;0;0;0;0
FR;6;2022-02-01;0;0;0;0;0;0;0;0;0;0
FR;6;2022-02-02;0;0;0;0;0;0;0;0;0;0
FR;6;2022-02-03;0;0;0;0;0;0;0;0;0;0
FR;6;2022-02-04;0;0;0;0;0;0;0;0;0;0
FR;6;2022-02-05;0;0;0;0;0;0;0;0;0;0
FR;6;2022-02-06;0;0;0;0;0;0;0;0;0;0
FR;6;2022-02-07;0;0;0;0;0;0;0;0;0;0
FR;6;2022-02-08;0;0;0;0;0;0;0;0;0;0
FR;6;2022-02-09;0;0;0;0;0;0;0;0;0;0
FR;6;2022-02-10;0;0;0;0;0;0;0;0;0;0
FR;6;2022-02-11;0;0;0;0;0;0;0;0;0;0
FR;6;2022-02-12;0;0;0;0;0;0;0;0;0;0
FR;6;2022-02-13;0;0;0;0;0;0;0;0;0;0
FR;6;2022-02-14;0;0;0;0;0;0;0;0;0;0
FR;6;2022-02-15;0;0;0;0;0;0;0;0;0;0
FR;6;2022-02-16;0;0;0;0;0;0;0;0;0;0
FR;6;2022-02-17;0;0;0;0;0;0;0;0;0;0
FR;6;2022-02-18;0;0;0;0;0;0;0;0;0;0
FR;6;2022-02-19;0;0;0;0;0;0;0;0;0;0
FR;6;2022-02-20;0;0;0;0;0;0;0;0;0;0
FR;6;2022-02-21;0;0;0;0;0;0;0;0;0;0
FR;6;2022-02-22;0;0;0;0;0;0;0;0;0;0
FR;6;2022-02-23;0;0;0;0;0;0;0;0;0;0
FR;6;2022-02-24;0;0;0;0;0;0;0;0;0;0
FR;6;2022-02-25;0;0;0;0;0;0;0;0;0;0
FR;6;2022-02-26;0;0;0;0;0;0;0;0;0;0
FR;6;2022-02-27;0;0;0;0;0;0;0;0;0;0
FR;6;2022-02-28;0;0;0;0;0;0;0;0;0;0
FR;6;2022-03-01;0;0;0;0;0;0;0;0;0;0
FR;6;2022-03-02;96;9;2;0;7;96;9;2;0;7
FR;6;2022-03-03;0;0;0;0;0;96;9;2;0;7
FR;6;2022-03-04;90;4;0;0;4;186;13;2;0;11
FR;6;2022-03-05;390;23;2;0;14;576;36;4;0;25
FR;6;2022-03-06;7;1;0;0;0;583;37;4;0;25
FR;6;2022-03-07;335;19;0;0;13;918;56;4;0;38
FR;6;2022-03-08;230;14;0;0;5;1148;70;4;0;43
FR;6;2022-03-09;519;29;2;0;21;1667;99;6;0;64
FR;6;2022-03-10;207;18;0;1;12;1874;117;6;1;76
FR;6;2022-03-11;328;21;6;0;21;2202;138;12;1;97
FR;6;2022-03-12;516;25;1;0;20;2718;163;13;1;117
FR;6;2022-03-13;40;2;0;0;1;2758;165;13;1;118
FR;6;2022-03-14;201;4;2;0;3;2959;169;15;1;121
FR;6;2022-03-15;112;11;2;0;9;3071;180;17;1;130
FR;6;2022-03-16;310;16;1;1;14;3381;196;18;2;144
FR;6;2022-03-17;117;6;1;2;4;3498;202;19;4;148
FR;6;2022-03-18;213;11;0;0;6;3711;213;19;4;154
FR;6;2022-03-19;303;20;2;0;10;4014;233;21;4;164
FR;6;2022-03-20;15;5;0;0;1;4029;238;21;4;165
FR;6;2022-03-21;131;22;1;0;4;4160;260;22;4;169
FR;6;2022-03-22;97;8;0;0;2;4257;268;22;4;171
FR;6;2022-03-23;226;107;3;0;13;4483;375;25;4;184
FR;6;2022-03-24;99;14;1;3;4;4582;389;26;7;188
FR;6;2022-03-25;203;137;2;1;11;4785;526;28;8;199
FR;6;2022-03-26;330;296;7;1;19;5115;822;35;9;218
FR;6;2022-03-27;32;30;1;0;1;5147;852;36;9;219
FR;6;2022-03-28;198;206;8;1;17;5345;1058;44;10;236
FR;0;2020-12-27;593;0;0;0;0;593;0;0;0;0
FR;0;2020-12-28;649;0;0;0;0;1242;0;0;0;0
FR;0;2020-12-29;368;0;0;0;0;1610;0;0;0;0
FR;0;2020-12-30;433;0;0;0;0;2043;0;0;0;0
FR;0;2020-12-31;360;0;0;0;0;2403;0;0;0;0
FR;0;2021-01-01;1104;0;0;0;0;3507;0;0;0;0
FR;0;2021-01-02;348;1;0;0;0;3855;1;0;0;0
FR;0;2021-01-03;394;0;0;0;0;4249;1;0;0;0
FR;0;2021-01-04;2074;0;0;0;0;6323;1;0;0;0
FR;0;2021-01-05;6808;2;0;0;0;13131;3;0;0;0
FR;0;2021-01-06;12271;4;0;0;0;25402;7;0;0;0
FR;0;2021-01-07;29429;2;0;0;0;54831;9;0;0;0
FR;0;2021-01-08;37106;2;0;0;0;91937;11;0;0;0
FR;0;2021-01-09;11206;2;0;0;0;103143;13;0;0;0
FR;0;2021-01-10;5987;0;0;0;0;109130;13;0;0;0
FR;0;2021-01-11;39912;5;0;0;0;149042;18;0;0;0
FR;0;2021-01-12;62093;6;0;0;0;211135;24;0;0;0
FR;0;2021-01-13;65038;16;0;0;0;276173;40;0;0;0
FR;0;2021-01-14;83122;22;0;0;0;359295;62;0;0;0
FR;0;2021-01-15;68968;7;0;0;0;428263;69;0;0;0
FR;0;2021-01-16;20202;75;0;0;0;448465;144;0;0;0
FR;0;2021-01-17;10975;45;0;0;0;459440;189;0;0;0
FR;0;2021-01-18;85807;167;0;0;0;545247;356;0;0;0
FR;0;2021-01-19;130554;140;0;0;0;675801;496;0;0;0
FR;0;2021-01-20;137488;172;0;0;0;813289;668;0;0;0
FR;0;2021-01-21;158348;147;0;0;0;971637;815;0;0;0
FR;0;2021-01-22;121018;175;0;0;0;1092655;990;0;0;0
FR;0;2021-01-23;38452;56;0;0;0;1131107;1046;0;0;0
FR;0;2021-01-24;9737;49;0;0;0;1140844;1095;0;0;0
FR;0;2021-01-25;78202;1227;0;0;0;1219046;2322;0;0;0
FR;0;2021-01-26;100333;3141;1;0;0;1319379;5463;1;0;0
FR;0;2021-01-27;107206;5677;0;0;0;1426585;11140;1;0;0
FR;0;2021-01-28;124304;14427;0;0;0;1550889;25567;1;0;0
FR;0;2021-01-29;92144;17347;0;0;0;1643033;42914;1;0;0
FR;0;2021-01-30;29098;4224;0;0;0;1672131;47138;1;0;0
FR;0;2021-01-31;5219;1706;0;0;0;1677350;48844;1;0;0
FR;0;2021-02-01;53083;21104;0;0;0;1730433;69948;1;0;0
FR;0;2021-02-02;72257;34619;0;0;0;1802690;104567;1;0;0
FR;0;2021-02-03;72250;37073;0;0;0;1874940;141640;1;0;0
FR;0;2021-02-04;82012;50155;0;0;0;1956952;191795;1;0;0
FR;0;2021-02-05;68202;45436;0;0;0;2025154;237231;1;0;0
FR;0;2021-02-06;23132;10481;0;0;0;2048286;247712;1;0;0
FR;0;2021-02-07;5170;5058;0;0;0;2053456;252770;1;0;0
FR;0;2021-02-08;46802;46100;0;0;0;2100258;298870;1;0;0
FR;0;2021-02-09;65974;72515;0;0;0;2166232;371385;1;0;0
FR;0;2021-02-10;70956;76770;0;0;0;2237188;448155;1;0;0
FR;0;2021-02-11;87208;99103;0;0;0;2324396;547258;1;0;0
FR;0;2021-02-12;79264;74333;0;0;0;2403660;621591;1;0;0
FR;0;2021-02-13;22337;19534;0;0;0;2425997;641125;1;0;0
FR;0;2021-02-14;5060;7248;0;0;0;2431057;648373;1;0;0
FR;0;2021-02-15;38049;76612;0;0;0;2469106;724985;1;0;0
FR;0;2021-02-16;50345;100606;0;0;0;2519451;825591;1;0;0
FR;0;2021-02-17;50473;103135;1;0;0;2569924;928726;2;0;0
FR;0;2021-02-18;69724;118619;0;0;0;2639648;1047345;2;0;0
FR;0;2021-02-19;65028;90749;1;0;0;2704676;1138094;3;0;0
FR;0;2021-02-20;18567;28456;0;0;0;2723243;1166550;3;0;0
FR;0;2021-02-21;3304;6388;0;0;0;2726547;1172938;3;0;0
FR;0;2021-02-22;37462;73151;2;0;0;2764009;1246089;5;0;0
FR;0;2021-02-23;53748;84125;1;0;0;2817757;1330214;6;0;0
FR;0;2021-02-24;59954;81087;1;0;0;2877711;1411301;7;0;0
FR;0;2021-02-25;100527;91282;1;0;0;2978238;1502583;8;0;0
FR;0;2021-02-26;113403;70964;0;0;0;3091641;1573547;8;0;0
FR;0;2021-02-27;52086;22006;0;0;0;3143727;1595553;8;0;0
FR;0;2021-02-28;6187;4422;1;0;0;3149914;1599975;9;0;0
FR;0;2021-03-01;65792;52859;1;0;0;3215706;1652834;10;0;0
FR;0;2021-03-02;101315;66255;2;0;0;3317021;1719089;12;0;0
FR;0;2021-03-03;116419;65417;0;0;0;3433440;1784506;12;0;0
FR;0;2021-03-04;163551;69015;3;0;0;3596991;1853521;15;0;0
FR;0;2021-03-05;200855;63230;3;0;0;3797846;1916751;18;0;0
FR;0;2021-03-06;207911;17785;3;0;0;4005757;1934536;21;0;0
FR;0;2021-03-07;121239;5400;1;0;0;4126996;1939936;22;0;0
FR;0;2021-03-08;107095;50718;2;0;0;4234091;1990654;24;0;0
FR;0;2021-03-09;172382;56659;2;0;0;4406473;2047313;26;0;0
FR;0;2021-03-10;178883;57174;5;0;0;4585356;2104487;31;0;0
FR;0;2021-03-11;242761;63039;2;0;0;4828117;2167526;33;0;0
FR;0;2021-03-12;294743;53446;0;0;0;5122860;2220972;33;0;0
FR;0;2021-03-13;231349;15283;1;0;0;5354209;2236255;34;0;0
FR;0;2021-03-14;63325;3421;1;0;0;5417534;2239676;35;0;0
FR;0;2021-03-15;158566;32577;3;0;0;5576100;2272253;38;0;0
FR;0;2021-03-16;141516;39489;5;0;0;5717616;2311742;43;0;0
FR;0;2021-03-17;150394;38726;4;0;0;5868010;2350468;47;0;0
FR;0;2021-03-18;167744;44609;5;0;0;6035754;2395077;52;0;0
FR;0;2021-03-19;229929;37405;2;0;0;6265683;2432482;54;0;0
FR;0;2021-03-20;166628;11742;1;0;0;6432311;2444224;55;0;0
FR;0;2021-03-21;49892;2617;1;0;0;6482203;2446841;56;0;0
FR;0;2021-03-22;169919;34213;2;0;0;6652122;2481054;58;0;0
FR;0;2021-03-23;250280;42407;1;0;0;6902402;2523461;59;0;0
FR;0;2021-03-24;256812;43833;0;0;0;7159214;2567294;59;0;0
FR;0;2021-03-25;341715;44703;5;0;0;7500929;2611997;64;0;0
FR;0;2021-03-26;358723;41865;4;0;0;7859652;2653862;68;0;0
FR;0;2021-03-27;195219;16648;1;0;0;8054871;2670510;69;0;0
FR;0;2021-03-28;59308;3822;3;0;0;8114179;2674332;72;0;0
FR;0;2021-03-29;202904;54226;4;0;0;8317083;2728558;76;0;0
FR;0;2021-03-30;285361;69578;4;0;0;8602444;2798136;80;0;0
FR;0;2021-03-31;262921;72905;4;0;0;8865365;2871041;84;0;0
FR;0;2021-04-01;315306;87961;12;0;0;9180671;2959002;96;0;0
FR;0;2021-04-02;281240;92118;7;0;0;9461911;3051120;103;0;0
FR;0;2021-04-03;141024;61806;5;0;0;9602935;3112926;108;0;0
FR;0;2021-04-04;46303;18677;2;0;0;9649238;3131603;110;0;0
FR;0;2021-04-05;63271;10982;11;0;0;9712509;3142585;121;0;0
FR;0;2021-04-06;217073;107974;16;0;0;9929582;3250559;137;0;0
FR;0;2021-04-07;260141;115317;17;0;0;10189723;3365876;154;0;0
FR;0;2021-04-08;337655;121331;14;0;0;10527378;3487207;168;0;0
FR;0;2021-04-09;410046;116379;49;0;0;10937424;3603586;217;0;0
FR;0;2021-04-10;212553;82670;15;0;0;11149977;3686256;232;0;0
FR;0;2021-04-11;56046;34548;7;0;0;11206023;3720804;239;0;0
FR;0;2021-04-12;236898;115099;45;0;0;11442921;3835903;284;0;0
FR;0;2021-04-13;309359;144706;97;1;0;11752280;3980609;381;1;0
FR;0;2021-04-14;294370;139254;210;0;0;12046650;4119863;591;1;0
FR;0;2021-04-15;336954;147756;337;0;0;12383604;4267619;928;1;0
FR;0;2021-04-16;339180;145614;352;0;0;12722784;4413233;1280;1;0
FR;0;2021-04-17;188607;90161;108;0;0;12911391;4503394;1388;1;0
FR;0;2021-04-18;51563;35418;45;0;0;12962954;4538812;1433;1;0
FR;0;2021-04-19;205520;138226;453;0;0;13168474;4677038;1886;1;0
FR;0;2021-04-20;254290;170510;568;0;0;13422764;4847548;2454;1;0
FR;0;2021-04-21;253107;168727;830;0;0;13675871;5016275;3284;1;0
FR;0;2021-04-22;287356;188175;818;0;0;13963227;5204450;4102;1;0
FR;0;2021-04-23;297971;183119;742;0;0;14261198;5387569;4844;1;0
FR;0;2021-04-24;190400;111485;247;0;0;14451598;5499054;5091;1;0
FR;0;2021-04-25;69460;38834;51;0;0;14521058;5537888;5142;1;0
FR;0;2021-04-26;220851;155958;558;0;0;14741909;5693846;5700;1;0
FR;0;2021-04-27;284497;187267;938;0;0;15026406;5881113;6638;1;0
FR;0;2021-04-28;299380;183051;1420;1;1;15325786;6064164;8058;2;1
FR;0;2021-04-29;357009;195976;1274;0;0;15682795;6260140;9332;2;1
FR;0;2021-04-30;372100;184639;1118;1;0;16054895;6444779;10450;3;1
FR;0;2021-05-01;167532;52512;178;0;0;16222427;6497291;10628;3;1
FR;0;2021-05-02;91630;37786;82;0;0;16314057;6535077;10710;3;1
FR;0;2021-05-03;288749;169365;837;0;0;16602806;6704442;11547;3;1
FR;0;2021-05-04;315505;224221;1230;0;0;16918311;6928663;12777;3;1
FR;0;2021-05-05;326996;224395;1310;0;0;17245307;7153058;14087;3;1
FR;0;2021-05-06;379329;239019;1624;0;0;17624636;7392077;15711;3;1
FR;0;2021-05-07;372612;257086;1222;0;0;17997248;7649163;16933;3;1
FR;0;2021-05-08;222100;66854;297;0;0;18219348;7716017;17230;3;1
FR;0;2021-05-09;129642;46654;243;0;0;18348990;7762671;17473;3;1
FR;0;2021-05-10;313122;228714;1227;0;0;18662112;7991385;18700;3;1
FR;0;2021-05-11;403740;257850;1562;0;0;19065852;8249235;20262;3;1
FR;0;2021-05-12;433935;232987;1538;0;0;19499787;8482222;21800;3;1
FR;0;2021-05-13;338478;56968;429;0;0;19838265;8539190;22229;3;1
FR;0;2021-05-14;453991;167240;1116;0;0;20292256;8706430;23345;3;1
FR;0;2021-05-15;374685;93939;442;0;0;20666941;8800369;23787;3;1
FR;0;2021-05-16;202675;20777;168;0;0;20869616;8821146;23955;3;1
FR;0;2021-05-17;375960;148964;1546;0;0;21245576;8970110;25501;3;1
FR;0;2021-05-18;459783;152971;1984;0;0;21705359;9123081;27485;3;1
FR;0;2021-05-19;467240;145085;2447;0;0;22172599;9268166;29932;3;1
FR;0;2021-05-20;507323;160157;2325;0;0;22679922;9428323;32257;3;1
FR;0;2021-05-21;489497;174382;1984;0;0;23169419;9602705;34241;3;1
FR;0;2021-05-22;347095;79771;667;0;0;23516514;9682476;34908;3;1
FR;0;2021-05-23;161616;14417;246;0;0;23678130;9696893;35154;3;1
FR;0;2021-05-24;263095;33212;597;0;0;23941225;9730105;35751;3;1
FR;0;2021-05-25;400020;189066;2343;1;0;24341245;9919171;38094;4;1
FR;0;2021-05-26;413314;188047;2213;0;0;24754559;10107218;40307;4;1
FR;0;2021-05-27;449643;218444;2150;0;0;25204202;10325662;42457;4;1
FR;0;2021-05-28;429395;259342;1884;0;0;25633597;10585004;44341;4;1
FR;0;2021-05-29;298914;149290;582;0;0;25932511;10734294;44923;4;1
FR;0;2021-05-30;107053;32578;162;0;0;26039564;10766872;45085;4;1
FR;0;2021-05-31;357864;203504;1465;1;1;26397428;10970376;46550;5;2
FR;0;2021-06-01;430418;251396;1952;1;1;26827846;11221772;48502;6;3
FR;0;2021-06-02;418818;230702;1972;0;0;27246664;11452474;50474;6;3
FR;0;2021-06-03;463976;258457;1814;0;0;27710640;11710931;52288;6;3
FR;0;2021-06-04;455378;304691;1722;1;1;28166018;12015622;54010;7;4
FR;0;2021-06-05;304687;188938;651;0;0;28470705;12204560;54661;7;4
FR;0;2021-06-06;133193;49122;226;0;0;28603898;12253682;54887;7;4
FR;0;2021-06-07;338517;262128;1513;0;0;28942415;12515810;56400;7;4
FR;0;2021-06-08;393459;290931;1790;0;0;29335874;12806741;58190;7;4
FR;0;2021-06-09;384523;275634;1720;0;0;29720397;13082375;59910;7;4
FR;0;2021-06-10;403824;289138;1717;1;0;30124221;13371513;61627;8;4
FR;0;2021-06-11;386357;357262;1454;0;0;30510578;13728775;63081;8;4
FR;0;2021-06-12;283136;211273;488;0;0;30793714;13940048;63569;8;4
FR;0;2021-06-13;104804;74007;204;0;0;30898518;14014055;63773;8;4
FR;0;2021-06-14;240603;355835;1420;1;0;31139121;14369890;65193;9;4
FR;0;2021-06-15;307848;385757;1559;1;0;31446969;14755647;66752;10;4
FR;0;2021-06-16;313737;357738;1411;1;0;31760706;15113385;68163;11;4
FR;0;2021-06-17;317443;372116;1418;1;0;32078149;15485501;69581;12;4
FR;0;2021-06-18;321480;442342;1327;1;0;32399629;15927843;70908;13;4
FR;0;2021-06-19;224289;273733;445;0;0;32623918;16201576;71353;13;4
FR;0;2021-06-20;74340;102571;127;0;0;32698258;16304147;71480;13;4
FR;0;2021-06-21;195519;401939;1027;1;1;32893777;16706086;72507;14;5
FR;0;2021-06-22;222954;467300;1257;10;2;33116731;17173386;73764;24;7
FR;0;2021-06-23;233785;439783;1192;1;1;33350516;17613169;74956;25;8
FR;0;2021-06-24;241642;409414;1343;0;0;33592158;18022583;76299;25;8
FR;0;2021-06-25;227377;522084;1397;0;0;33819535;18544667;77696;25;8
FR;0;2021-06-26;153132;370658;583;1;0;33972667;18915325;78279;26;8
FR;0;2021-06-27;55846;156296;166;1;0;34028513;19071621;78445;27;8
FR;0;2021-06-28;154549;453062;1163;0;0;34183062;19524683;79608;27;8
FR;0;2021-06-29;182481;506532;2120;0;0;34365543;20031215;81728;27;8
FR;0;2021-06-30;203743;481500;2007;21;2;34569286;20512715;83735;48;10
FR;0;2021-07-01;230817;457715;2221;5;1;34800103;20970430;85956;53;11
FR;0;2021-07-02;227771;520212;2118;5;3;35027874;21490642;88074;58;14
FR;0;2021-07-03;141858;368724;909;3;1;35169732;21859366;88983;61;15
FR;0;2021-07-04;56670;141272;265;0;0;35226402;22000638;89248;61;15
FR;0;2021-07-05;168012;419354;1666;8;2;35394414;22419992;90914;69;17
FR;0;2021-07-06;196391;474819;1823;43;8;35590805;22894811;92737;112;25
FR;0;2021-07-07;212709;439316;1873;24;5;35803514;23334127;94610;136;30
FR;0;2021-07-08;231268;424147;2088;20;9;36034782;23758274;96698;156;39
FR;0;2021-07-09;228224;510274;2182;4;3;36263006;24268548;98880;160;42
FR;0;2021-07-10;148471;339827;982;1;1;36411477;24608375;99862;161;43
FR;0;2021-07-11;60107;110133;281;0;0;36471584;24718508;100143;161;43
FR;0;2021-07-12;168876;478184;1750;4;0;36640460;25196692;101893;165;43
FR;0;2021-07-13;286981;527479;2043;7;2;36927441;25724171;103936;172;45
FR;0;2021-07-14;180756;157809;432;0;0;37108197;25881980;104368;172;45
FR;0;2021-07-15;346703;502554;2096;1;0;37454900;26384534;106464;173;45
FR;0;2021-07-16;379738;496053;2020;3;1;37834638;26880587;108484;176;46
FR;0;2021-07-17;259590;319823;876;1;0;38094228;27200410;109360;177;46
FR;0;2021-07-18;109640;114833;310;0;0;38203868;27315243;109670;177;46
FR;0;2021-07-19;285221;425337;1626;3;0;38489089;27740580;111296;180;46
FR;0;2021-07-20;376627;452698;1720;0;0;38865716;28193278;113016;180;46
FR;0;2021-07-21;395513;408146;1547;4;2;39261229;28601424;114563;184;48
FR;0;2021-07-22;440652;388451;1711;4;2;39701881;28989875;116274;188;50
FR;0;2021-07-23;438389;423345;1876;4;2;40140270;29413220;118150;192;52
FR;0;2021-07-24;285133;269717;802;1;0;40425403;29682937;118952;193;52
FR;0;2021-07-25;121007;80078;225;0;0;40546410;29763015;119177;193;52
FR;0;2021-07-26;347174;323506;1613;3;2;40893584;30086521;120790;196;54
FR;0;2021-07-27;463791;320538;1696;4;2;41357375;30407059;122486;200;56
FR;0;2021-07-28;459209;290219;1635;4;2;41816584;30697278;124121;204;58
FR;0;2021-07-29;489557;277111;1793;2;1;42306141;30974389;125914;206;59
FR;0;2021-07-30;461480;303060;1935;5;2;42767621;31277449;127849;211;61
FR;0;2021-07-31;285282;185035;913;1;0;43052903;31462484;128762;212;61
FR;0;2021-08-01;111891;50007;250;0;0;43164794;31512491;129012;212;61
FR;0;2021-08-02;340979;234683;1596;2;0;43505773;31747174;130608;214;61
FR;0;2021-08-03;398201;245243;1715;2;1;43903974;31992417;132323;216;62
FR;0;2021-08-04;384400;210228;1589;5;3;44288374;32202645;133912;221;65
FR;0;2021-08-05;365795;228946;1705;0;0;44654169;32431591;135617;221;65
FR;0;2021-08-06;359355;271864;1833;4;1;45013524;32703455;137450;225;66
FR;0;2021-08-07;212953;178374;755;4;3;45226477;32881829;138205;229;69
FR;0;2021-08-08;74070;63266;269;0;0;45300547;32945095;138474;229;69
FR;0;2021-08-09;258456;259821;1537;4;3;45559003;33204916;140011;233;72
FR;0;2021-08-10;306453;278432;1652;2;1;45865456;33483348;141663;235;73
FR;0;2021-08-11;279381;260500;1435;5;1;46144837;33743848;143098;240;74
FR;0;2021-08-12;271177;278699;1657;3;1;46416014;34022547;144755;243;75
FR;0;2021-08-13;251918;277827;1585;3;2;46667932;34300374;146340;246;77
FR;0;2021-08-14;145227;197384;739;0;0;46813159;34497758;147079;246;77
FR;0;2021-08-15;39242;50110;212;1;0;46852401;34547868;147291;247;77
FR;0;2021-08-16;185710;318277;1538;0;0;47038111;34866145;148829;247;77
FR;0;2021-08-17;215378;336792;1632;5;1;47253489;35202937;150461;252;78
FR;0;2021-08-18;198742;324997;1582;7;4;47452231;35527934;152043;259;82
FR;0;2021-08-19;191762;325652;1629;1;0;47643993;35853586;153672;260;82
FR;0;2021-08-20;186155;365698;1803;3;2;47830148;36219284;155475;263;84
FR;0;2021-08-21;104690;238167;700;0;0;47934838;36457451;156175;263;84
FR;0;2021-08-22;31863;87196;251;1;1;47966701;36544647;156426;264;85
FR;0;2021-08-23;140782;357345;1555;3;2;48107483;36901992;157981;267;87
FR;0;2021-08-24;162297;376969;1835;5;1;48269780;37278961;159816;272;88
FR;0;2021-08-25;150922;350900;2024;8;3;48420702;37629861;161840;280;91
FR;0;2021-08-26;142650;342829;2550;10;1;48563352;37972690;164390;290;92
FR;0;2021-08-27;148198;387702;2786;11;4;48711550;38360392;167176;301;96
FR;0;2021-08-28;90526;249506;1405;0;0;48802076;38609898;168581;301;96
FR;0;2021-08-29;27285;83298;510;1;0;48829361;38693196;169091;302;96
FR;0;2021-08-30;117266;324904;4706;6;6083;48946627;39018100;173797;308;6179
FR;0;2021-08-31;128618;334719;10153;18;11899;49075245;39352819;183950;326;18078
FR;0;2021-09-01;134964;285596;22393;7;24201;49210209;39638415;206343;333;42279
FR;0;2021-09-02;112090;247323;26481;13;28789;49322299;39885738;232824;346;71068
FR;0;2021-09-03;117909;292761;29932;24;32887;49440208;40178499;262756;370;103955
FR;0;2021-09-04;89627;217692;12578;12;14009;49529835;40396191;275334;382;117964
FR;0;2021-09-05;21311;44888;4385;2;4723;49551146;40441079;279719;384;122687
FR;0;2021-09-06;75062;180890;31927;16;34128;49626208;40621969;311646;400;156815
FR;0;2021-09-07;79101;181279;33222;40;36015;49705309;40803248;344868;440;192830
FR;0;2021-09-08;88705;206118;29636;26;32283;49794014;41009366;374504;466;225113
FR;0;2021-09-09;75685;165300;33013;26;36359;49869699;41174666;407517;492;261472
FR;0;2021-09-10;94990;203576;35686;25;40341;49964689;41378242;443203;517;301813
FR;0;2021-09-11;66256;169155;12118;18;14191;50030945;41547397;455321;535;316004
FR;0;2021-09-12;12717;32096;2760;2;3143;50043662;41579493;458081;537;319147
FR;0;2021-09-13;64259;126409;41163;32;43772;50107921;41705902;499244;569;362919
FR;0;2021-09-14;73183;129186;56284;79;61640;50181104;41835088;555528;648;424559
FR;0;2021-09-15;76190;167779;55578;59;54674;50257294;42002867;611106;707;479233
FR;0;2021-09-16;63609;114490;59974;86;59900;50320903;42117357;671080;793;539133
FR;0;2021-09-17;74835;156818;53779;71;57143;50395738;42274175;724859;864;596276
FR;0;2021-09-18;48112;139542;15588;25;17270;50443850;42413717;740447;889;613546
FR;0;2021-09-19;7836;23723;2427;1;2619;50451686;42437440;742874;890;616165
FR;0;2021-09-20;44364;93912;49978;73;50152;50496050;42531352;792852;963;666317
FR;0;2021-09-21;45709;98461;62659;78;63224;50541759;42629813;855511;1041;729541
FR;0;2021-09-22;48470;142171;55271;84;55217;50590229;42771984;910782;1125;784758
FR;0;2021-09-23;43048;91817;62299;95;63281;50633277;42863801;973081;1220;848039
FR;0;2021-09-24;52080;132846;54478;110;58995;50685357;42996647;1027559;1330;907034
FR;0;2021-09-25;35123;115370;16256;37;18227;50720480;43112017;1043815;1367;925261
FR;0;2021-09-26;5510;17838;2261;4;2343;50725990;43129855;1046076;1371;927604
FR;0;2021-09-27;33882;76981;47140;96;48078;50759872;43206836;1093216;1467;975682
FR;0;2021-09-28;36402;75232;54868;88;56338;50796274;43282068;1148084;1555;1032020
FR;0;2021-09-29;44260;100746;53261;111;54703;50840534;43382814;1201345;1666;1086723
FR;0;2021-09-30;36141;72141;56931;96;59343;50876675;43454955;1258276;1762;1146066
FR;0;2021-10-01;60930;100470;57742;108;63618;50937605;43555425;1316018;1870;1209684
FR;0;2021-10-02;39138;78212;20937;38;23277;50976743;43633637;1336955;1908;1232961
FR;0;2021-10-03;5234;10588;2517;4;2555;50981977;43644225;1339472;1912;1235516
FR;0;2021-10-04;34632;58457;52578;83;54746;51016609;43702682;1392050;1995;1290262
FR;0;2021-10-05;33130;64270;60911;135;64811;51049739;43766952;1452961;2130;1355073
FR;0;2021-10-06;42101;79072;65631;113;68118;51091840;43846024;1518592;2243;1423191
FR;0;2021-10-07;30219;62007;65330;90;68595;51122059;43908031;1583922;2333;1491786
FR;0;2021-10-08;48389;91657;77669;110;84510;51170448;43999688;1661591;2443;1576296
FR;0;2021-10-09;33474;60767;31500;35;33832;51203922;44060455;1693091;2478;1610128
FR;0;2021-10-10;4539;7364;3180;9;3473;51208461;44067819;1696271;2487;1613601
FR;0;2021-10-11;30382;49904;60995;105;63984;51238843;44117723;1757266;2592;1677585
FR;0;2021-10-12;31136;54424;70526;139;75741;51269979;44172147;1827792;2731;1753326
FR;0;2021-10-13;39821;62674;74374;135;79185;51309800;44234821;1902166;2866;1832511
FR;0;2021-10-14;30135;52736;68693;115;73664;51339935;44287557;1970859;2981;1906175
FR;0;2021-10-15;44575;75036;93182;191;102850;51384510;44362593;2064041;3172;2009025
FR;0;2021-10-16;31146;44038;36667;45;39585;51415656;44406631;2100708;3217;2048610
FR;0;2021-10-17;3805;5254;3586;2;3690;51419461;44411885;2104294;3219;2052300
FR;0;2021-10-18;27231;41747;67442;133;71295;51446692;44453632;2171736;3352;2123595
FR;0;2021-10-19;26851;43082;76350;141;81572;51473543;44496714;2248086;3493;2205167
FR;0;2021-10-20;35085;52254;96867;179;101369;51508628;44548968;2344953;3672;2306536
FR;0;2021-10-21;25742;45138;83878;112;89053;51534370;44594106;2428831;3784;2395589
FR;0;2021-10-22;38128;62085;104814;199;112399;51572498;44656191;2533645;3983;2507988
FR;0;2021-10-23;26866;41002;45417;57;48578;51599364;44697193;2579062;4040;2556566
FR;0;2021-10-24;2901;4784;3676;6;3940;51602265;44701977;2582738;4046;2560506
FR;0;2021-10-25;25924;36252;82266;144;86554;51628189;44738229;2665004;4190;2647060
FR;0;2021-10-26;23616;34952;87170;166;92236;51651805;44773181;2752174;4356;2739296
FR;0;2021-10-27;29933;46373;108924;257;114561;51681738;44819554;2861098;4613;2853857
FR;0;2021-10-28;23266;34741;88624;153;94305;51705004;44854295;2949722;4766;2948162
FR;0;2021-10-29;31441;50965;117238;205;125159;51736445;44905260;3066960;4971;3073321
FR;0;2021-10-30;20369;33041;50302;78;53335;51756814;44938301;3117262;5049;3126656
FR;0;2021-10-31;2468;3794;3581;3;3872;51759282;44942095;3120843;5052;3130528
FR;0;2021-11-01;7620;4683;3187;3;3538;51766902;44946778;3124030;5055;3134066
FR;0;2021-11-02;24927;39957;93495;157;99397;51791829;44986735;3217525;5212;3233463
FR;0;2021-11-03;29461;47674;118801;218;125699;51821290;45034409;3336326;5430;3359162
FR;0;2021-11-04;23516;37397;107446;216;114251;51844806;45071806;3443772;5646;3473413
FR;0;2021-11-05;32113;52690;141541;233;151166;51876919;45124496;3585313;5879;3624579
FR;0;2021-11-06;21365;34480;64817;123;68179;51898284;45158976;3650130;6002;3692758
FR;0;2021-11-07;2359;4270;5162;6;5589;51900643;45163246;3655292;6008;3698347
FR;0;2021-11-08;20121;37798;127085;227;134100;51920764;45201044;3782377;6235;3832447
FR;0;2021-11-09;21967;44758;161568;342;172016;51942731;45245802;3943945;6577;4004463
FR;0;2021-11-10;31148;54706;186877;445;198541;51973879;45300508;4130822;7022;4203004
FR;0;2021-11-11;3916;6378;12896;28;13876;51977795;45306886;4143718;7050;4216880
FR;0;2021-11-12;28865;55096;183674;249;197187;52006660;45361982;4327392;7299;4414067
FR;0;2021-11-13;20196;32663;80650;118;86260;52026856;45394645;4408042;7417;4500327
FR;0;2021-11-14;2300;3993;7153;6;7878;52029156;45398638;4415195;7423;4508205
FR;0;2021-11-15;20148;38756;160712;312;171376;52049304;45437394;4575907;7735;4679581
FR;0;2021-11-16;23146;43928;200250;392;214750;52072450;45481322;4776157;8127;4894331
FR;0;2021-11-17;30188;50409;199739;407;212724;52102638;45531731;4975896;8534;5107055
FR;0;2021-11-18;23183;43853;191519;469;205295;52125821;45575584;5167415;9003;5312350
FR;0;2021-11-19;33487;61321;243068;548;261961;52159308;45636905;5410483;9551;5574311
FR;0;2021-11-20;25224;36647;102088;205;109617;52184532;45673552;5512571;9756;5683928
FR;0;2021-11-21;2611;4593;9631;18;10658;52187143;45678145;5522202;9774;5694586
FR;0;2021-11-22;22650;33237;180238;470;194672;52209793;45711382;5702440;10244;5889258
FR;0;2021-11-23;25414;45544;229234;547;247578;52235207;45756926;5931674;10791;6136836
FR;0;2021-11-24;31672;53668;224696;718;243048;52266879;45810594;6156370;11509;6379884
FR;0;2021-11-25;25290;48870;255758;740;277478;52292169;45859464;6412128;12249;6657362
FR;0;2021-11-26;33074;74630;379300;865;414441;52325243;45934094;6791428;13114;7071803
FR;0;2021-11-27;23171;49451;214811;389;236507;52348414;45983545;7006239;13503;7308310
FR;0;2021-11-28;3472;10601;56713;66;63342;52351886;45994146;7062952;13569;7371652
FR;0;2021-11-29;19301;54133;341323;864;371435;52371187;46048279;7404275;14433;7743087
FR;0;2021-11-30;24416;71915;457221;985;500559;52395603;46120194;7861496;15418;8243646
FR;0;2021-12-01;26038;75715;468896;1159;511050;52421641;46195909;8330392;16577;8754696
FR;0;2021-12-02;21733;71569;526922;1276;574591;52443374;46267478;8857314;17853;9329287
FR;0;2021-12-03;25333;92340;596173;1415;650823;52468707;46359818;9453487;19268;9980110
FR;0;2021-12-04;18248;60425;336116;690;369610;52486955;46420243;9789603;19958;10349720
FR;0;2021-12-05;4134;16301;95734;156;107069;52491089;46436544;9885337;20114;10456789
FR;0;2021-12-06;19157;73072;492960;1171;539741;52510246;46509616;10378297;21285;10996530
FR;0;2021-12-07;23209;91661;645153;1769;705981;52533455;46601277;11023450;23054;11702511
FR;0;2021-12-08;25221;92041;591376;1871;647260;52558676;46693318;11614826;24925;12349771
FR;0;2021-12-09;23886;94113;662843;2180;726030;52582562;46787431;12277669;27105;13075801
FR;0;2021-12-10;27077;110997;735820;2072;805858;52609639;46898428;13013489;29177;13881659
FR;0;2021-12-11;20192;75946;435081;984;480269;52629831;46974374;13448570;30161;14361928
FR;0;2021-12-12;5602;23215;142232;262;159215;52635433;46997589;13590802;30423;14521143
FR;0;2021-12-13;20967;91102;587431;1699;649091;52656400;47088691;14178233;32122;15170234
FR;0;2021-12-14;26964;118477;765276;2647;847259;52683364;47207168;14943509;34769;16017493
FR;0;2021-12-15;28039;114181;694082;2262;768783;52711403;47321349;15637591;37031;16786276
FR;0;2021-12-16;27821;115940;763767;2555;844186;52739224;47437289;16401358;39586;17630462
FR;0;2021-12-17;31417;128680;807631;2710;891847;52770641;47565969;17208989;42296;18522309
FR;0;2021-12-18;24890;81663;469868;1178;522130;52795531;47647632;17678857;43474;19044439
FR;0;2021-12-19;8739;28924;169329;378;191185;52804270;47676556;17848186;43852;19235624
FR;0;2021-12-20;31523;97401;591242;1787;658535;52835793;47773957;18439428;45639;19894159
FR;0;2021-12-21;39152;112201;682207;2391;759365;52874945;47886158;19121635;48030;20653524
FR;0;2021-12-22;39403;99433;575561;2166;641966;52914348;47985591;19697196;50196;21295490
FR;0;2021-12-23;33656;79627;440819;1648;494261;52948004;48065218;20138015;51844;21789751
FR;0;2021-12-24;10612;26055;110953;396;126649;52958616;48091273;20248968;52240;21916400
FR;0;2021-12-25;762;3491;7569;25;9045;52959378;48094764;20256537;52265;21925445
FR;0;2021-12-26;4695;11895;52062;139;60131;52964073;48106659;20308599;52404;21985576
FR;0;2021-12-27;30239;83759;453381;1365;508995;52994312;48190418;20761980;53769;22494571
FR;0;2021-12-28;38251;98859;564007;1766;632083;53032563;48289277;21325987;55535;23126654
FR;0;2021-12-29;39797;88331;501039;1685;560863;53072360;48377608;21827026;57220;23687517
FR;0;2021-12-30;35825;74809;420900;1519;471040;53108185;48452417;22247926;58739;24158557
FR;0;2021-12-31;11825;25076;116801;406;131576;53120010;48477493;22364727;59145;24290133
FR;0;2022-01-01;1184;3199;8492;36;9916;53121194;48480692;22373219;59181;24300049
FR;0;2022-01-02;6063;13008;58370;124;66923;53127257;48493700;22431589;59305;24366972
FR;0;2022-01-03;31496;87819;494589;1591;551222;53158753;48581519;22926178;60896;24918194
FR;0;2022-01-04;40505;110518;641203;2303;714094;53199258;48692037;23567381;63199;25632288
FR;0;2022-01-05;59556;102915;568943;1981;633914;53258814;48794952;24136324;65180;26266202
FR;0;2022-01-06;43753;109958;638783;2688;711211;53302567;48904910;24775107;67868;26977413
FR;0;2022-01-07;50404;122718;710794;2804;790174;53352971;49027628;25485901;70672;27767587
FR;0;2022-01-08;44892;80300;423735;1208;472800;53397863;49107928;25909636;71880;28240387
FR;0;2022-01-09;15591;26776;128527;299;145714;53413454;49134704;26038163;72179;28386101
FR;0;2022-01-10;34799;86196;469096;1808;521961;53448253;49220900;26507259;73987;28908062
FR;0;2022-01-11;41503;99700;548029;2305;608268;53489756;49320600;27055288;76292;29516330
FR;0;2022-01-12;59971;95133;452477;1964;504140;53549727;49415733;27507765;78256;30020470
FR;0;2022-01-13;37749;92019;487133;2080;540837;53587476;49507752;27994898;80336;30561307
FR;0;2022-01-14;42285;103185;568374;2283;628854;53629761;49610937;28563272;82619;31190161
FR;0;2022-01-15;39276;65778;340032;979;377501;53669037;49676715;28903304;83598;31567662
FR;0;2022-01-16;11381;19331;87354;215;99442;53680418;49696046;28990658;83813;31667104
FR;0;2022-01-17;24511;60003;320147;1380;354088;53704929;49756049;29310805;85193;32021192
FR;0;2022-01-18;28045;68297;360909;1796;397434;53732974;49824346;29671714;86989;32418626
FR;0;2022-01-19;42941;66905;281141;1448;310968;53775915;49891251;29952855;88437;32729594
FR;0;2022-01-20;23316;59268;298798;1737;328297;53799231;49950519;30251653;90174;33057891
FR;0;2022-01-21;27897;68722;366199;2077;401046;53827128;50019241;30617852;92251;33458937
FR;0;2022-01-22;27597;47748;218722;838;241706;53854725;50066989;30836574;93089;33700643
FR;0;2022-01-23;6694;13065;48625;171;55176;53861419;50080054;30885199;93260;33755819
FR;0;2022-01-24;16150;47072;217184;1133;239265;53877569;50127126;31102383;94393;33995084
FR;0;2022-01-25;18871;53991;242910;1547;266983;53896440;50181117;31345293;95940;34262067
FR;0;2022-01-26;28052;59383;209129;1292;229245;53924492;50240500;31554422;97232;34491312
FR;0;2022-01-27;16234;45518;207479;1266;225701;53940726;50286018;31761901;98498;34717013
FR;0;2022-01-28;21420;75749;289895;1573;321413;53962146;50361767;32051796;100071;35038426
FR;0;2022-01-29;18378;52853;184050;683;204546;53980524;50414620;32235846;100754;35242972
FR;0;2022-01-30;4462;14597;39110;121;45090;53984986;50429217;32274956;100875;35288062
FR;0;2022-01-31;11189;43818;148106;738;164766;53996175;50473035;32423062;101613;35452828
FR;0;2022-02-01;12574;47671;173985;1131;191237;54008749;50520706;32597047;102744;35644065
FR;0;2022-02-02;19644;65555;171365;1018;190003;54028393;50586261;32768412;103762;35834068
FR;0;2022-02-03;10858;43716;157409;972;173200;54039251;50629977;32925821;104734;36007268
FR;0;2022-02-04;14421;66207;239094;1260;264099;54053672;50696184;33164915;105994;36271367
FR;0;2022-02-05;12570;51467;153479;522;172312;54066242;50747651;33318394;106516;36443679
FR;0;2022-02-06;2701;12264;28856;99;33818;54068943;50759915;33347250;106615;36477497
FR;0;2022-02-07;9193;46524;156758;582;176263;54078136;50806439;33504008;107197;36653760
FR;0;2022-02-08;9501;42463;166504;863;184253;54087637;50848902;33670512;108060;36838013
FR;0;2022-02-09;14066;57457;172225;863;192867;54101703;50906359;33842737;108923;37030880
FR;0;2022-02-10;8190;37877;150051;872;166436;54109893;50944236;33992788;109795;37197316
FR;0;2022-02-11;10708;55258;218347;1092;242896;54120601;50999494;34211135;110887;37440212
FR;0;2022-02-12;8305;40822;134657;461;151662;54128906;51040316;34345792;111348;37591874
FR;0;2022-02-13;1881;8560;26525;81;30881;54130787;51048876;34372317;111429;37622755
FR;0;2022-02-14;6849;35012;148228;478;166219;54137636;51083888;34520545;111907;37788974
FR;0;2022-02-15;6808;35262;146755;748;162272;54144444;51119150;34667300;112655;37951246
FR;0;2022-02-16;9240;42309;132357;715;146523;54153684;51161459;34799657;113370;38097769
FR;0;2022-02-17;5318;23414;87170;582;94663;54159002;51184873;34886827;113952;38192432
FR;0;2022-02-18;6824;33045;119498;799;129122;54165826;51217918;35006325;114751;38321554
FR;0;2022-02-19;5310;24400;69967;369;77258;54171136;51242318;35076292;115120;38398812
FR;0;2022-02-20;1128;4595;12133;38;13903;54172264;51246913;35088425;115158;38412715
FR;0;2022-02-21;3966;17702;61858;351;67071;54176230;51264615;35150283;115509;38479786
FR;0;2022-02-22;4305;18394;60722;564;64337;54180535;51283009;35211005;116073;38544123
FR;0;2022-02-23;6476;26959;66370;591;71747;54187011;51309968;35277375;116664;38615870
FR;0;2022-02-24;3701;14905;50287;513;53073;54190712;51324873;35327662;117177;38668943
FR;0;2022-02-25;5137;23337;76192;799;79887;54195849;51348210;35403854;117976;38748830
FR;0;2022-02-26;3947;17448;47339;354;51401;54199796;51365658;35451193;118330;38800231
FR;0;2022-02-27;857;2974;8007;47;8913;54200653;51368632;35459200;118377;38809144
FR;0;2022-02-28;3030;11986;40382;350;42806;54203683;51380618;35499582;118727;38851950
FR;0;2022-03-01;2934;11963;43675;416;44289;54206617;51392581;35543257;119143;38896239
FR;0;2022-03-02;4978;17301;46734;432;48640;54211595;51409882;35589991;119575;38944879
FR;0;2022-03-03;2570;8632;29504;336;29585;54214165;51418514;35619495;119911;38974464
FR;0;2022-03-04;3116;12034;40043;639;39156;54217281;51430548;35659538;120550;39013620
FR;0;2022-03-05;2866;9157;24810;304;24953;54220147;51439705;35684348;120854;39038573
FR;0;2022-03-06;491;1360;3171;42;3405;54220638;51441065;35687519;120896;39041978
FR;0;2022-03-07;1862;5390;18211;309;17470;54222500;51446455;35705730;121205;39059448
FR;0;2022-03-08;1894;5745;19124;351;17571;54224394;51452200;35724854;121556;39077019
FR;0;2022-03-09;3360;10070;21718;398;20809;54227754;51462270;35746572;121954;39097828
FR;0;2022-03-10;1623;4823;16169;326;14968;54229377;51467093;35762741;122280;39112796
FR;0;2022-03-11;2285;7176;24139;535;21885;54231662;51474269;35786880;122815;39134681
FR;0;2022-03-12;2611;6659;17024;301;16362;54234273;51480928;35803904;123116;39151043
FR;0;2022-03-13;372;760;2203;143;2152;54234645;51481688;35806107;123259;39153195
FR;0;2022-03-14;1412;3992;14196;4402;13059;54236057;51485680;35820303;127661;39166254
FR;0;2022-03-15;1519;4157;15336;7529;13414;54237576;51489837;35835639;135190;39179668
FR;0;2022-03-16;2858;6787;17827;13075;16540;54240434;51496624;35853466;148265;39196208
FR;0;2022-03-17;1319;3462;12104;10754;10933;54241753;51500086;35865570;159019;39207141
FR;0;2022-03-18;2128;5330;19318;18200;17387;54243881;51505416;35884888;177219;39224528
FR;0;2022-03-19;2238;4591;12892;9376;12182;54246119;51510007;35897780;186595;39236710
FR;0;2022-03-20;275;661;1702;1049;1707;54246394;51510668;35899482;187644;39238417
FR;0;2022-03-21;1295;2929;11030;14799;10288;54247689;51513597;35910512;202443;39248705
FR;0;2022-03-22;1385;3361;12659;20396;11413;54249074;51516958;35923171;222839;39260118
FR;0;2022-03-23;2532;5553;14446;22912;13808;54251606;51522511;35937617;245751;39273926
FR;0;2022-03-24;1262;2683;10381;17218;9438;54252868;51525194;35947998;262969;39283364
FR;0;2022-03-25;1937;4487;17267;27190;15584;54254805;51529681;35965265;290159;39298948
FR;0;2022-03-26;2153;4081;11621;12498;11038;54256958;51533762;35976886;302657;39309986
FR;0;2022-03-27;335;640;1796;1398;1822;54257293;51534402;35978682;304055;39311808
FR;0;2022-03-28;1286;2665;9921;16508;9382;54258579;51537067;35988603;320563;39321190
