fra;vaccin;jour;n_dose1;n_dose2;n_dose3;n_dose4;n_complet;n_rappel;n_2_rappel;n_rappel_biv;n_3_rappel;n_cum_dose1;n_cum_dose2;n_cum_dose3;n_cum_dose4;n_cum_complet;n_cum_rappel;n_cum_2_rappel;n_cum_rappel_biv;n_cum_3_rappel
FR;1;2020-12-27;616;0;0;0;55;0;0;0;0;616;0;0;0;55;0;0;0;0
FR;1;2020-12-28;709;1;0;0;44;0;0;0;0;1325;1;0;0;99;0;0;0;0
FR;1;2020-12-29;389;0;0;0;19;0;0;0;0;1714;1;0;0;118;0;0;0;0
FR;1;2020-12-30;456;0;0;0;20;0;0;0;0;2170;1;0;0;138;0;0;0;0
FR;1;2020-12-31;451;1;0;0;21;0;0;0;0;2621;2;0;0;159;0;0;0;0
FR;1;2021-01-01;1198;2;0;0;66;0;0;0;0;3819;4;0;0;225;0;0;0;0
FR;1;2021-01-02;369;4;0;0;29;0;0;0;0;4188;8;0;0;254;0;0;0;0
FR;1;2021-01-03;419;0;0;0;23;0;0;0;0;4607;8;0;0;277;0;0;0;0
FR;1;2021-01-04;2150;5;0;0;51;0;0;0;0;6757;13;0;0;328;0;0;0;0
FR;1;2021-01-05;7790;6;0;0;128;0;0;0;0;14547;19;0;0;456;0;0;0;0
FR;1;2021-01-06;12487;23;0;0;128;0;0;0;0;27034;42;0;0;584;0;0;0;0
FR;1;2021-01-07;29480;24;0;0;159;0;0;0;0;56514;66;0;0;743;0;0;0;0
FR;1;2021-01-08;37170;35;0;0;204;0;0;0;0;93684;101;0;0;947;0;0;0;0
FR;1;2021-01-09;11221;9;0;0;77;0;0;0;0;104905;110;0;0;1024;0;0;0;0
FR;1;2021-01-10;6017;8;0;0;28;0;0;0;0;110922;118;0;0;1052;0;0;0;0
FR;1;2021-01-11;39956;39;0;0;232;0;0;0;0;150878;157;0;0;1284;0;0;0;0
FR;1;2021-01-12;62165;31;0;0;299;0;0;0;0;213043;188;0;0;1583;0;0;0;0
FR;1;2021-01-13;65150;62;0;0;433;0;0;0;0;278193;250;0;0;2016;0;0;0;0
FR;1;2021-01-14;81473;262;0;0;957;0;0;0;0;359666;512;0;0;2973;0;0;0;0
FR;1;2021-01-15;68639;102;0;0;527;0;0;0;0;428305;614;0;0;3500;0;0;0;0
FR;1;2021-01-16;19903;73;0;0;171;0;0;0;0;448208;687;0;0;3671;0;0;0;0
FR;1;2021-01-17;10909;54;0;0;130;0;0;0;0;459117;741;0;0;3801;0;0;0;0
FR;1;2021-01-18;82849;176;0;0;587;0;0;0;0;541966;917;0;0;4388;0;0;0;0
FR;1;2021-01-19;125935;209;0;0;837;0;0;0;0;667901;1126;0;0;5225;0;0;0;0
FR;1;2021-01-20;132439;191;0;0;779;0;0;0;0;800340;1317;0;0;6004;0;0;0;0
FR;1;2021-01-21;153088;196;0;0;896;0;0;0;0;953428;1513;0;0;6900;0;0;0;0
FR;1;2021-01-22;115972;240;0;0;776;0;0;0;0;1069400;1753;0;0;7676;0;0;0;0
FR;1;2021-01-23;36617;84;0;0;207;0;0;0;0;1106017;1837;0;0;7883;0;0;0;0
FR;1;2021-01-24;9589;129;0;0;188;0;0;0;0;1115606;1966;0;0;8071;0;0;0;0
FR;1;2021-01-25;74442;1454;0;0;1772;0;0;0;0;1190048;3420;0;0;9843;0;0;0;0
FR;1;2021-01-26;96471;3705;1;0;4146;0;0;0;0;1286519;7125;1;0;13989;0;0;0;0
FR;1;2021-01-27;103660;6441;0;0;7125;0;0;0;0;1390179;13566;1;0;21114;0;0;0;0
FR;1;2021-01-28;120627;16414;0;0;17203;0;0;0;0;1510806;29980;1;0;38317;0;0;0;0
FR;1;2021-01-29;88904;18799;0;0;19340;0;0;0;0;1599710;48779;1;0;57657;0;0;0;0
FR;1;2021-01-30;27995;4537;0;0;4661;0;0;0;0;1627705;53316;1;0;62318;0;0;0;0
FR;1;2021-01-31;5194;1898;0;0;1936;0;0;0;0;1632899;55214;1;0;64254;0;0;0;0
FR;1;2021-02-01;49752;23043;0;0;23285;0;0;0;0;1682651;78257;1;0;87539;0;0;0;0
FR;1;2021-02-02;67839;38208;0;0;38666;0;0;0;0;1750490;116465;1;0;126205;0;0;0;0
FR;1;2021-02-03;67105;40273;0;0;40708;0;0;0;0;1817595;156738;1;0;166913;0;0;0;0
FR;1;2021-02-04;77156;55121;0;0;55691;0;0;0;0;1894751;211859;1;0;222604;0;0;0;0
FR;1;2021-02-05;63435;48231;0;0;48636;0;0;0;0;1958186;260090;1;0;271240;0;0;0;0
FR;1;2021-02-06;19428;11420;0;0;11527;0;0;0;0;1977614;271510;1;0;282767;0;0;0;0
FR;1;2021-02-07;3669;6069;0;0;6096;0;0;0;0;1981283;277579;1;0;288863;0;0;0;0
FR;1;2021-02-08;36508;48783;0;0;49036;0;0;0;0;2017791;326362;1;0;337899;0;0;0;0
FR;1;2021-02-09;50829;78436;0;0;78963;0;0;0;0;2068620;404798;1;0;416862;0;0;0;0
FR;1;2021-02-10;52088;83470;0;0;83954;0;0;0;0;2120708;488268;1;0;500816;0;0;0;0
FR;1;2021-02-11;63397;105556;0;0;106466;0;0;0;0;2184105;593824;1;0;607282;0;0;0;0
FR;1;2021-02-12;55889;75788;0;0;76474;0;0;0;0;2239994;669612;1;0;683756;0;0;0;0
FR;1;2021-02-13;15469;19310;0;0;19422;0;0;0;0;2255463;688922;1;0;703178;0;0;0;0
FR;1;2021-02-14;3747;7311;0;0;7377;0;0;0;0;2259210;696233;1;0;710555;0;0;0;0
FR;1;2021-02-15;24175;73666;0;0;73924;0;0;0;0;2283385;769899;1;0;784479;0;0;0;0
FR;1;2021-02-16;32788;95519;0;0;95933;0;0;0;0;2316173;865418;1;0;880412;0;0;0;0
FR;1;2021-02-17;35141;102377;20;0;103035;0;0;0;0;2351314;967795;21;0;983447;0;0;0;0
FR;1;2021-02-18;49466;118565;0;0;119562;0;0;0;0;2400780;1086360;21;0;1103009;0;0;0;0
FR;1;2021-02-19;45400;87843;1;0;88788;0;0;0;0;2446180;1174203;22;0;1191797;0;0;0;0
FR;1;2021-02-20;13398;27026;0;0;27202;0;0;0;0;2459578;1201229;22;0;1218999;0;0;0;0
FR;1;2021-02-21;2471;5945;0;0;6013;0;0;0;0;2462049;1207174;22;0;1225012;0;0;0;0
FR;1;2021-02-22;24726;69390;2;0;69690;0;0;0;0;2486775;1276564;24;0;1294702;0;0;0;0
FR;1;2021-02-23;37441;81553;1;0;82257;0;0;0;0;2524216;1358117;25;0;1376959;0;0;0;0
FR;1;2021-02-24;40717;79374;1;0;80074;0;0;0;0;2564933;1437491;26;0;1457033;0;0;0;0
FR;1;2021-02-25;50176;87700;1;0;88798;0;0;0;0;2615109;1525191;27;0;1545831;0;0;0;0
FR;1;2021-02-26;47235;67560;1;0;68448;0;0;0;0;2662344;1592751;28;0;1614279;0;0;0;0
FR;1;2021-02-27;15691;21357;1;0;21570;0;0;0;0;2678035;1614108;29;0;1635849;0;0;0;0
FR;1;2021-02-28;3566;4099;2;0;4172;0;0;0;0;2681601;1618207;31;0;1640021;0;0;0;0
FR;1;2021-03-01;40232;50292;1;0;51030;0;0;0;0;2721833;1668499;32;0;1691051;0;0;0;0
FR;1;2021-03-02;55997;62427;3;0;63607;0;0;0;0;2777830;1730926;35;0;1754658;0;0;0;0
FR;1;2021-03-03;61271;60498;0;0;61938;0;0;0;0;2839101;1791424;35;0;1816596;0;0;0;0
FR;1;2021-03-04;73022;68402;3;0;70620;0;0;0;0;2912123;1859826;38;0;1887216;0;0;0;0
FR;1;2021-03-05;74787;58606;3;0;60507;0;0;0;0;2986910;1918432;41;0;1947723;0;0;0;0
FR;1;2021-03-06;82475;15735;2;0;17443;0;0;0;0;3069385;1934167;43;0;1965166;0;0;0;0
FR;1;2021-03-07;63734;3917;1;0;5461;0;0;0;0;3133119;1938084;44;0;1970627;0;0;0;0
FR;1;2021-03-08;60200;41129;2;0;42416;0;0;0;0;3193319;1979213;46;0;2013043;0;0;0;0
FR;1;2021-03-09;86015;47357;1;0;49360;0;0;0;0;3279334;2026570;47;0;2062403;0;0;0;0
FR;1;2021-03-10;90950;47743;5;0;50016;0;0;0;0;3370284;2074313;52;0;2112419;0;0;0;0
FR;1;2021-03-11;105107;54598;1;0;57675;0;0;0;0;3475391;2128911;53;0;2170094;0;0;0;0
FR;1;2021-03-12;104169;44883;1;0;47881;0;0;0;0;3579560;2173794;54;0;2217975;0;0;0;0
FR;1;2021-03-13;89226;12580;1;0;14797;0;0;0;0;3668786;2186374;55;0;2232772;0;0;0;0
FR;1;2021-03-14;44462;2656;1;0;3989;0;0;0;0;3713248;2189030;56;0;2236761;0;0;0;0
FR;1;2021-03-15;95538;27940;3;0;30291;0;0;0;0;3808786;2216970;59;0;2267052;0;0;0;0
FR;1;2021-03-16;123608;34035;5;0;37583;0;0;0;0;3932394;2251005;64;0;2304635;0;0;0;0
FR;1;2021-03-17;129327;33514;4;0;37570;0;0;0;0;4061721;2284519;68;0;2342205;0;0;0;0
FR;1;2021-03-18;142919;39158;5;0;43836;0;0;0;0;4204640;2323677;73;0;2386041;0;0;0;0
FR;1;2021-03-19;136282;32011;2;0;36603;0;0;0;0;4340922;2355688;75;0;2422644;0;0;0;0
FR;1;2021-03-20;76027;9746;1;0;11962;0;0;0;0;4416949;2365434;76;0;2434606;0;0;0;0
FR;1;2021-03-21;26523;1967;1;0;2957;0;0;0;0;4443472;2367401;77;0;2437563;0;0;0;0
FR;1;2021-03-22;114783;30207;2;0;34040;0;0;0;0;4558255;2397608;79;0;2471603;0;0;0;0
FR;1;2021-03-23;143065;37999;1;0;42790;0;0;0;0;4701320;2435607;80;0;2514393;0;0;0;0
FR;1;2021-03-24;142031;38413;0;0;43286;0;0;0;0;4843351;2474020;80;0;2557679;0;0;0;0
FR;1;2021-03-25;165046;39878;4;0;46038;0;0;0;0;5008397;2513898;84;0;2603717;0;0;0;0
FR;1;2021-03-26;166426;37413;5;1;44034;0;0;0;0;5174823;2551311;89;1;2647751;0;0;0;0
FR;1;2021-03-27;110909;15481;1;0;19492;0;0;0;0;5285732;2566792;90;1;2667243;0;0;0;0
FR;1;2021-03-28;42316;4431;3;0;5986;0;0;0;0;5328048;2571223;93;1;2673229;0;0;0;0
FR;1;2021-03-29;129853;48964;4;0;53632;0;0;0;0;5457901;2620187;97;1;2726861;0;0;0;0
FR;1;2021-03-30;167767;63831;5;0;70844;0;0;0;0;5625668;2684018;102;1;2797705;0;0;0;0
FR;1;2021-03-31;170974;68018;4;0;75543;0;0;0;0;5796642;2752036;106;1;2873248;0;0;0;0
FR;1;2021-04-01;194890;84125;10;0;93634;0;0;0;0;5991532;2836161;116;1;2966882;0;0;0;0
FR;1;2021-04-02;164477;86901;7;0;94726;0;0;0;0;6156009;2923062;123;1;3061608;0;0;0;0
FR;1;2021-04-03;88262;58210;6;0;61758;0;0;0;0;6244271;2981272;129;1;3123366;0;0;0;0
FR;1;2021-04-04;33665;17733;0;0;19233;0;0;0;0;6277936;2999005;129;1;3142599;0;0;0;0
FR;1;2021-04-05;46433;9565;11;0;11442;0;0;0;0;6324369;3008570;140;1;3154041;0;0;0;0
FR;1;2021-04-06;160353;105676;17;0;112165;0;0;0;0;6484722;3114246;157;1;3266206;0;0;0;0
FR;1;2021-04-07;197042;108097;16;0;116936;0;0;0;0;6681764;3222343;173;1;3383142;0;0;0;0
FR;1;2021-04-08;222195;114358;14;0;125720;0;0;0;0;6903959;3336701;187;1;3508862;0;0;0;0
FR;1;2021-04-09;214624;108039;21;0;118938;0;0;0;0;7118583;3444740;208;1;3627800;0;0;0;0
FR;1;2021-04-10;117211;73240;14;0;78389;0;0;0;0;7235794;3517980;222;1;3706189;0;0;0;0
FR;1;2021-04-11;40903;29892;6;0;31796;0;0;0;0;7276697;3547872;228;1;3737985;0;0;0;0
FR;1;2021-04-12;168509;104586;46;0;111836;0;0;0;0;7445206;3652458;274;1;3849821;0;0;0;0
FR;1;2021-04-13;203856;127756;97;1;137104;0;0;0;0;7649062;3780214;371;2;3986925;0;0;0;0
FR;1;2021-04-14;208690;123036;208;0;133268;0;0;0;0;7857752;3903250;579;2;4120193;0;0;0;0
FR;1;2021-04-15;221749;128248;313;0;139298;0;0;0;0;8079501;4031498;892;2;4259491;0;0;0;0
FR;1;2021-04-16;206110;125773;309;0;135444;0;0;0;0;8285611;4157271;1201;2;4394935;0;0;0;0
FR;1;2021-04-17;122112;67118;103;0;72180;0;0;0;0;8407723;4224389;1304;2;4467115;0;0;0;0
FR;1;2021-04-18;35980;21016;42;0;22724;0;0;0;0;8443703;4245405;1346;2;4489839;0;0;0;0
FR;1;2021-04-19;163783;121617;433;0;129168;0;0;0;0;8607486;4367022;1779;2;4619007;0;0;0;0
FR;1;2021-04-20;189491;149801;531;0;158930;0;0;0;0;8796977;4516823;2310;2;4777937;0;0;0;0
FR;1;2021-04-21;194064;147789;760;0;157319;0;0;0;0;8991041;4664612;3070;2;4935256;0;0;0;0
FR;1;2021-04-22;209086;164622;779;0;175852;0;0;0;0;9200127;4829234;3849;2;5111108;0;0;0;0
FR;1;2021-04-23;198999;158148;671;0;169171;0;0;0;0;9399126;4987382;4520;2;5280279;0;0;0;0
FR;1;2021-04-24;126355;95888;148;0;101957;0;0;0;0;9525481;5083270;4668;2;5382236;0;0;0;0
FR;1;2021-04-25;53642;30082;46;0;32839;0;0;0;0;9579123;5113352;4714;2;5415075;0;0;0;0
FR;1;2021-04-26;181174;140327;543;0;149046;0;0;0;0;9760297;5253679;5257;2;5564121;0;0;0;0
FR;1;2021-04-27;221406;162630;901;0;174007;0;0;0;0;9981703;5416309;6158;2;5738128;0;0;0;0
FR;1;2021-04-28;238373;156216;1314;1;168898;1;0;0;0;10220076;5572525;7472;3;5907026;1;0;0;0
FR;1;2021-04-29;270352;161685;1211;0;177293;0;0;0;0;10490428;5734210;8683;3;6084319;1;0;0;0
FR;1;2021-04-30;272030;149048;1074;0;165149;0;0;0;0;10762458;5883258;9757;3;6249468;1;0;0;0
FR;1;2021-05-01;141180;40616;173;0;48644;0;0;0;0;10903638;5923874;9930;3;6298112;1;0;0;0
FR;1;2021-05-02;81564;28243;81;0;32999;0;0;0;0;10985202;5952117;10011;3;6331111;1;0;0;0
FR;1;2021-05-03;250827;142053;803;0;155747;0;0;0;0;11236029;6094170;10814;3;6486858;1;0;0;0
FR;1;2021-05-04;265939;188052;1204;0;203623;0;0;0;0;11501968;6282222;12018;3;6690481;1;0;0;0
FR;1;2021-05-05;283977;186321;1268;0;202985;0;0;0;0;11785945;6468543;13286;3;6893466;1;0;0;0
FR;1;2021-05-06;310084;184603;1502;0;204356;0;0;0;0;12096029;6653146;14788;3;7097822;1;0;0;0
FR;1;2021-05-07;284153;196761;1128;0;214578;0;0;0;0;12380182;6849907;15916;3;7312400;1;0;0;0
FR;1;2021-05-08;191687;51626;285;0;63009;0;0;0;0;12571869;6901533;16201;3;7375409;1;0;0;0
FR;1;2021-05-09;114076;34208;236;0;41380;0;0;0;0;12685945;6935741;16437;3;7416789;1;0;0;0
FR;1;2021-05-10;258240;195097;1188;0;211090;0;0;0;0;12944185;7130838;17625;3;7627879;1;0;0;0
FR;1;2021-05-11;318946;211265;1465;0;231506;0;0;0;0;13263131;7342103;19090;3;7859385;1;0;0;0
FR;1;2021-05-12;356711;186096;1401;0;208403;0;0;0;0;13619842;7528199;20491;3;8067788;1;0;0;0
FR;1;2021-05-13;283473;47324;401;0;64247;0;0;0;0;13903315;7575523;20892;3;8132035;1;0;0;0
FR;1;2021-05-14;370544;128530;998;0;151951;0;0;0;0;14273859;7704053;21890;3;8283986;1;0;0;0
FR;1;2021-05-15;298129;66209;404;0;84917;0;0;0;0;14571988;7770262;22294;3;8368903;1;0;0;0
FR;1;2021-05-16;157797;15470;158;0;26038;0;0;0;0;14729785;7785732;22452;3;8394941;1;0;0;0
FR;1;2021-05-17;318961;116202;1441;0;138165;0;0;0;0;15048746;7901934;23893;3;8533106;1;0;0;0
FR;1;2021-05-18;383394;111693;1801;0;137642;0;0;0;0;15432140;8013627;25694;3;8670748;1;0;0;0
FR;1;2021-05-19;395324;101588;2185;0;128525;0;0;0;0;15827464;8115215;27879;3;8799273;1;0;0;0
FR;1;2021-05-20;421861;95610;2049;0;125075;0;0;0;0;16249325;8210825;29928;3;8924348;1;0;0;0
FR;1;2021-05-21;399843;97454;1765;0;125851;0;0;0;0;16649168;8308279;31693;3;9050199;1;0;0;0
FR;1;2021-05-22;275713;41926;604;0;60950;0;0;0;0;16924881;8350205;32297;3;9111149;1;0;0;0
FR;1;2021-05-23;123034;10969;224;0;20572;0;0;0;0;17047915;8361174;32521;3;9131721;1;0;0;0
FR;1;2021-05-24;244027;26267;569;0;43792;0;0;0;0;17291942;8387441;33090;3;9175513;1;0;0;0
FR;1;2021-05-25;366248;131454;2115;1;158387;0;0;0;0;17658190;8518895;35205;4;9333900;1;0;0;0
FR;1;2021-05-26;380865;127551;1996;0;155875;0;0;0;0;18039055;8646446;37201;4;9489775;1;0;0;0
FR;1;2021-05-27;406209;128364;1978;0;158843;0;0;0;0;18445264;8774810;39179;4;9648618;1;0;0;0
FR;1;2021-05-28;366081;145707;1702;0;174268;0;0;0;0;18811345;8920517;40881;4;9822886;1;0;0;0
FR;1;2021-05-29;253851;81138;527;0;100335;0;0;0;0;19065196;9001655;41408;4;9923221;1;0;0;0
FR;1;2021-05-30;100983;22601;158;0;30835;0;0;0;0;19166179;9024256;41566;4;9954056;1;0;0;0
FR;1;2021-05-31;314351;149246;1287;1;172502;1;0;0;0;19480530;9173502;42853;5;10126558;2;0;0;0
FR;1;2021-06-01;361710;166430;1733;1;194135;1;0;0;0;19842240;9339932;44586;6;10320693;3;0;0;0
FR;1;2021-06-02;365447;154547;1798;0;184087;0;0;0;0;20207687;9494479;46384;6;10504780;3;0;0;0
FR;1;2021-06-03;391506;147438;1654;0;178411;0;0;0;0;20599193;9641917;48038;6;10683191;3;0;0;0
FR;1;2021-06-04;364147;175900;1496;1;205194;1;0;0;0;20963340;9817817;49534;7;10888385;4;0;0;0
FR;1;2021-06-05;258534;112822;597;0;133183;0;0;0;0;21221874;9930639;50131;7;11021568;4;0;0;0
FR;1;2021-06-06;126834;37555;216;0;48192;0;0;0;0;21348708;9968194;50347;7;11069760;4;0;0;0
FR;1;2021-06-07;301136;207765;1368;0;233041;0;0;0;0;21649844;10175959;51715;7;11302801;4;0;0;0
FR;1;2021-06-08;330915;221017;1645;0;248976;0;0;0;0;21980759;10396976;53360;7;11551777;4;0;0;0
FR;1;2021-06-09;336663;210947;1614;0;239704;0;0;0;0;22317422;10607923;54974;7;11791481;4;0;0;0
FR;1;2021-06-10;343949;199507;1615;0;229251;0;0;0;0;22661371;10807430;56589;7;12020732;4;0;0;0
FR;1;2021-06-11;311945;234705;1300;1;262615;0;0;0;0;22973316;11042135;57889;8;12283347;4;0;0;0
FR;1;2021-06-12;244101;150610;438;0;172219;0;0;0;0;23217417;11192745;58327;8;12455566;4;0;0;0
FR;1;2021-06-13;100383;61037;188;0;70699;0;0;0;0;23317800;11253782;58515;8;12526265;4;0;0;0
FR;1;2021-06-14;207884;287573;1320;1;307384;0;0;0;0;23525684;11541355;59835;9;12833649;4;0;0;0
FR;1;2021-06-15;256913;281114;1400;1;304961;0;0;0;0;23782597;11822469;61235;10;13138610;4;0;0;0
FR;1;2021-06-16;273687;270713;1264;1;296150;0;0;0;0;24056284;12093182;62499;11;13434760;4;0;0;0
FR;1;2021-06-17;268260;245103;1241;1;271174;0;0;0;0;24324544;12338285;63740;12;13705934;4;0;0;0
FR;1;2021-06-18;260624;295196;1156;1;321021;0;0;0;0;24585168;12633481;64896;13;14026955;4;0;0;0
FR;1;2021-06-19;193469;209609;388;0;228269;0;0;0;0;24778637;12843090;65284;13;14255224;4;0;0;0
FR;1;2021-06-20;69724;89030;122;0;96869;0;0;0;0;24848361;12932120;65406;13;14352093;4;0;0;0
FR;1;2021-06-21;172400;319785;934;1;338495;1;0;0;0;25020761;13251905;66340;14;14690588;5;0;0;0
FR;1;2021-06-22;185898;348079;1102;10;369145;1;0;0;0;25206659;13599984;67442;24;15059733;6;0;0;0
FR;1;2021-06-23;204245;339644;1050;0;363544;0;0;0;0;25410904;13939628;68492;24;15423277;6;0;0;0
FR;1;2021-06-24;203557;282098;1176;0;306844;0;0;0;0;25614461;14221726;69668;24;15730121;6;0;0;0
FR;1;2021-06-25;182686;371702;1200;0;395710;0;0;0;0;25797147;14593428;70868;24;16125831;6;0;0;0
FR;1;2021-06-26;131415;278609;506;0;295984;0;0;0;0;25928562;14872037;71374;24;16421815;6;0;0;0
FR;1;2021-06-27;52421;122844;146;0;130381;0;0;0;0;25980983;14994881;71520;24;16552196;6;0;0;0
FR;1;2021-06-28;136682;368244;1066;0;386845;0;0;0;0;26117665;15363125;72586;24;16939041;6;0;0;0
FR;1;2021-06-29;154929;391166;1849;0;412259;0;0;0;0;26272594;15754291;74435;24;17351300;6;0;0;0
FR;1;2021-06-30;180077;381966;1668;4;406565;2;0;0;0;26452671;16136257;76103;28;17757865;8;0;0;0
FR;1;2021-07-01;201593;332521;1890;5;360592;0;0;0;0;26654264;16468778;77993;33;18118457;8;0;0;0
FR;1;2021-07-02;193889;367287;1765;5;395483;2;0;0;0;26848153;16836065;79758;38;18513940;10;0;0;0
FR;1;2021-07-03;124485;280409;704;3;299514;1;0;0;0;26972638;17116474;80462;41;18813454;11;0;0;0
FR;1;2021-07-04;53970;113731;244;0;122137;0;0;0;0;27026608;17230205;80706;41;18935591;11;0;0;0
FR;1;2021-07-05;153987;355779;1500;8;379119;0;0;0;0;27180595;17585984;82206;49;19314710;11;0;0;0
FR;1;2021-07-06;173534;382278;1603;45;408166;8;0;0;0;27354129;17968262;83809;94;19722876;19;0;0;0
FR;1;2021-07-07;190875;362300;1659;25;390644;2;0;0;0;27545004;18330562;85468;119;20113520;21;0;0;0
FR;1;2021-07-08;201595;322966;1827;20;353610;2;0;0;0;27746599;18653528;87295;139;20467130;23;0;0;0
FR;1;2021-07-09;189996;387764;1854;3;418164;1;0;0;0;27936595;19041292;89149;142;20885294;24;0;0;0
FR;1;2021-07-10;129968;281184;818;1;302611;0;0;0;0;28066563;19322476;89967;143;21187905;24;0;0;0
FR;1;2021-07-11;57688;102530;263;0;112408;0;0;0;0;28124251;19425006;90230;143;21300313;24;0;0;0
FR;1;2021-07-12;149931;416804;1588;4;442794;0;0;0;0;28274182;19841810;91818;147;21743107;24;0;0;0
FR;1;2021-07-13;234311;438999;1808;8;476176;0;0;0;0;28508493;20280809;93626;155;22219283;24;0;0;0
FR;1;2021-07-14;171931;151300;418;0;176928;0;0;0;0;28680424;20432109;94044;155;22396211;24;0;0;0
FR;1;2021-07-15;279707;424131;1859;1;467101;0;0;0;0;28960131;20856240;95903;156;22863312;24;0;0;0
FR;1;2021-07-16;290447;400518;1711;3;445156;1;0;0;0;29250578;21256758;97614;159;23308468;25;0;0;0
FR;1;2021-07-17;217361;281972;755;1;315437;0;0;0;0;29467939;21538730;98369;160;23623905;25;0;0;0
FR;1;2021-07-18;102032;107205;288;0;123092;0;0;0;0;29569971;21645935;98657;160;23746997;25;0;0;0
FR;1;2021-07-19;238250;378361;1498;3;414400;0;0;0;0;29808221;22024296;100155;163;24161397;25;0;0;0
FR;1;2021-07-20;305777;379723;1471;0;425544;0;0;0;0;30113998;22404019;101626;163;24586941;25;0;0;0
FR;1;2021-07-21;333315;352692;1413;4;404057;1;0;0;0;30447313;22756711;103039;167;24990998;26;0;0;0
FR;1;2021-07-22;364709;318523;1502;3;374926;1;0;0;0;30812022;23075234;104541;170;25365924;27;0;0;0
FR;1;2021-07-23;349412;342721;1589;4;398258;1;0;0;0;31161434;23417955;106130;174;25764182;28;0;0;0
FR;1;2021-07-24;238968;240734;697;1;278061;0;0;0;0;31400402;23658689;106827;175;26042243;28;0;0;0
FR;1;2021-07-25;112813;76013;223;0;93705;0;0;0;0;31513215;23734702;107050;175;26135948;28;0;0;0
FR;1;2021-07-26;299150;289265;1495;2;334973;1;0;0;0;31812365;24023967;108545;177;26470921;29;0;0;0
FR;1;2021-07-27;385873;267856;1459;4;324821;1;0;0;0;32198238;24291823;110004;181;26795742;30;0;0;0
FR;1;2021-07-28;390231;250921;1463;4;307206;1;0;0;0;32588469;24542744;111467;185;27102948;31;0;0;0
FR;1;2021-07-29;406162;227577;1541;2;284266;0;0;0;0;32994631;24770321;113008;187;27387214;31;0;0;0
FR;1;2021-07-30;370762;246479;1639;4;298308;1;0;0;0;33365393;25016800;114647;191;27685522;32;0;0;0
FR;1;2021-07-31;243395;165091;794;1;199411;0;0;0;0;33608788;25181891;115441;192;27884933;32;0;0;0
FR;1;2021-08-01;105614;47204;237;0;61196;0;0;0;0;33714402;25229095;115678;192;27946129;32;0;0;0
FR;1;2021-08-02;297438;212829;1480;2;250606;0;0;0;0;34011840;25441924;117158;194;28196735;32;0;0;0
FR;1;2021-08-03;331354;208673;1557;2;250639;1;0;0;0;34343194;25650597;118715;196;28447374;33;0;0;0
FR;1;2021-08-04;328059;183821;1440;5;223968;3;0;0;0;34671253;25834418;120155;201;28671342;36;0;0;0
FR;1;2021-08-05;301298;193082;1483;0;229374;0;0;0;0;34972551;26027500;121638;201;28900716;36;0;0;0
FR;1;2021-08-06;291006;224082;1560;3;261363;0;0;0;0;35263557;26251582;123198;204;29162079;36;0;0;0
FR;1;2021-08-07;182685;158758;655;5;181662;1;0;0;0;35446242;26410340;123853;209;29343741;37;0;0;0
FR;1;2021-08-08;68897;59102;253;0;67630;0;0;0;0;35515139;26469442;124106;209;29411371;37;0;0;0
FR;1;2021-08-09;222802;235144;1446;4;263848;2;0;0;0;35737941;26704586;125552;213;29675219;39;0;0;0
FR;1;2021-08-10;252764;239823;1492;2;271652;0;0;0;0;35990705;26944409;127044;215;29946871;39;0;0;0
FR;1;2021-08-11;236256;231720;1272;5;261230;0;0;0;0;36226961;27176129;128316;220;30208101;39;0;0;0
FR;1;2021-08-12;220807;239715;1492;3;267804;0;0;0;0;36447768;27415844;129808;223;30475905;39;0;0;0
FR;1;2021-08-13;201733;238488;1360;2;264027;2;0;0;0;36649501;27654332;131168;225;30739932;41;0;0;0
FR;1;2021-08-14;122877;174031;645;0;189533;0;0;0;0;36772378;27828363;131813;225;30929465;41;0;0;0
FR;1;2021-08-15;34711;46113;201;1;50330;0;0;0;0;36807089;27874476;132014;226;30979795;41;0;0;0
FR;1;2021-08-16;156967;289324;1424;0;309892;0;0;0;0;36964056;28163800;133438;226;31289687;41;0;0;0
FR;1;2021-08-17;171626;290951;1422;5;313350;0;0;0;0;37135682;28454751;134860;231;31603037;41;0;0;0
FR;1;2021-08-18;161452;286672;1394;6;307299;3;0;0;0;37297134;28741423;136254;237;31910336;44;0;0;0
FR;1;2021-08-19;148962;277411;1405;1;297252;0;0;0;0;37446096;29018834;137659;238;32207588;44;0;0;0
FR;1;2021-08-20;140533;308910;1535;2;328139;2;0;0;0;37586629;29327744;139194;240;32535727;46;0;0;0
FR;1;2021-08-21;84288;213210;589;0;224528;0;0;0;0;37670917;29540954;139783;240;32760255;46;0;0;0
FR;1;2021-08-22;28585;82696;233;0;86701;0;0;0;0;37699502;29623650;140016;240;32846956;46;0;0;0
FR;1;2021-08-23;118672;320939;1422;2;337671;0;0;0;0;37818174;29944589;141438;242;33184627;46;0;0;0
FR;1;2021-08-24;126687;319598;1604;5;337409;0;0;0;0;37944861;30264187;143042;247;33522036;46;0;0;0
FR;1;2021-08-25;121548;306406;1783;8;323578;2;0;0;0;38066409;30570593;144825;255;33845614;48;0;0;0
FR;1;2021-08-26;106648;286081;2165;10;302376;0;0;0;0;38173057;30856674;146990;265;34147990;48;0;0;0
FR;1;2021-08-27;107659;321592;2303;9;338848;1;0;0;0;38280716;31178266;149293;274;34486838;49;0;0;0
FR;1;2021-08-28;71030;220699;1102;0;231219;0;0;0;0;38351746;31398965;150395;274;34718057;49;0;0;0
FR;1;2021-08-29;24156;78209;469;1;82099;0;0;0;0;38375902;31477174;150864;275;34800156;49;0;0;0
FR;1;2021-08-30;96904;286272;4315;6;299757;4967;0;0;0;38472806;31763446;155179;281;35099913;5016;0;0;0
FR;1;2021-08-31;98136;276231;9295;15;289899;10063;2;0;0;38570942;32039677;164474;296;35389812;15079;2;0;0
FR;1;2021-09-01;112366;245287;21122;8;257668;22158;1;0;0;38683308;32284964;185596;304;35647480;37237;3;0;0
FR;1;2021-09-02;86758;197904;24536;18;208300;25518;0;0;0;38770066;32482868;210132;322;35855780;62755;3;0;0
FR;1;2021-09-03;82433;227481;26958;21;238919;28038;0;0;0;38852499;32710349;237090;343;36094699;90793;3;0;0
FR;1;2021-09-04;71632;189718;11141;11;199300;11712;7;0;0;38924131;32900067;248231;354;36293999;102505;10;0;0
FR;1;2021-09-05;18614;41144;4126;2;43849;4277;0;0;0;38942745;32941211;252357;356;36337848;106782;10;0;0
FR;1;2021-09-06;59826;151363;30182;15;158892;31206;2;0;0;39002571;33092574;282539;371;36496740;137988;12;0;0
FR;1;2021-09-07;57401;139620;30215;30;146738;31253;2;0;0;39059972;33232194;312754;401;36643478;169241;14;0;0
FR;1;2021-09-08;72357;173796;26926;22;182267;27967;4;0;0;39132329;33405990;339680;423;36825745;197208;18;0;0
FR;1;2021-09-09;54514;124426;28638;24;131185;29745;5;0;0;39186843;33530416;368318;447;36956930;226953;23;0;0
FR;1;2021-09-10;66224;152062;30452;24;161149;31692;5;0;0;39253067;33682478;398770;471;37118079;258645;28;0;0
FR;1;2021-09-11;52688;146638;9731;14;154127;10356;0;0;0;39305755;33829116;408501;485;37272206;269001;28;0;0
FR;1;2021-09-12;10800;29270;2491;1;30968;2661;2;0;0;39316555;33858386;410992;486;37303174;271662;30;0;0
FR;1;2021-09-13;51520;104393;38767;31;110925;40096;16;0;0;39368075;33962779;449759;517;37414099;311758;46;0;0
FR;1;2021-09-14;53343;96007;51291;67;102369;53291;42;0;0;39421418;34058786;501050;584;37516468;365049;88;0;0
FR;1;2021-09-15;60592;139225;50499;55;146395;47071;67;0;0;39482010;34198011;551549;639;37662863;412120;155;0;0
FR;1;2021-09-16;46646;81365;53354;70;86259;49612;60;0;0;39528656;34279376;604903;709;37749122;461732;215;0;0
FR;1;2021-09-17;53227;109328;45085;61;115662;42718;61;0;0;39581883;34388704;649988;770;37864784;504450;276;0;0
FR;1;2021-09-18;37887;118498;11797;19;124082;11280;19;0;0;39619770;34507202;661785;789;37988866;515730;295;0;0
FR;1;2021-09-19;6531;21024;2045;1;22128;1985;1;0;0;39626301;34528226;663830;790;38010994;517715;296;0;0
FR;1;2021-09-20;36543;74842;46231;65;78562;44198;30;0;0;39662844;34603068;710061;855;38089556;561913;326;0;0
FR;1;2021-09-21;34209;68098;56270;72;71133;52747;76;0;0;39697053;34671166;766331;927;38160689;614660;402;0;0
FR;1;2021-09-22;38849;118605;49883;76;123024;46935;39;0;0;39735902;34789771;816214;1003;38283713;661595;441;0;0
FR;1;2021-09-23;32043;62891;54515;85;65793;50922;76;0;0;39767945;34852662;870729;1088;38349506;712517;517;0;0
FR;1;2021-09-24;36804;90022;43678;89;94382;41958;57;0;0;39804749;34942684;914407;1177;38443888;754475;574;0;0
FR;1;2021-09-25;27655;96713;12307;27;101065;12188;19;0;0;39832404;35039397;926714;1204;38544953;766663;593;0;0
FR;1;2021-09-26;4390;15201;1777;5;16066;1699;4;0;0;39836794;35054598;928491;1209;38561019;768362;597;0;0
FR;1;2021-09-27;27356;60205;42914;89;63435;41644;79;0;1;39864150;35114803;971405;1298;38624454;810006;676;0;1
FR;1;2021-09-28;26913;49419;47207;76;52036;44494;40;0;0;39891063;35164222;1018612;1374;38676490;854500;716;0;1
FR;1;2021-09-29;35927;80253;47297;88;84639;45624;33;0;0;39926990;35244475;1065909;1462;38761129;900124;749;0;1
FR;1;2021-09-30;26078;46900;47529;80;49258;45479;52;0;0;39953068;35291375;1113438;1542;38810387;945603;801;0;1
FR;1;2021-10-01;47307;66910;44909;83;70792;44634;14;0;0;40000375;35358285;1158347;1625;38881179;990237;815;0;1
FR;1;2021-10-02;32383;62416;16114;32;67224;16325;6;0;0;40032758;35420701;1174461;1657;38948403;1006562;821;0;1
FR;1;2021-10-03;4343;8563;2043;3;9312;2038;4;0;0;40037101;35429264;1176504;1660;38957715;1008600;825;0;1
FR;1;2021-10-04;28986;44427;47117;79;46840;46986;31;0;0;40066087;35473691;1223621;1739;39004555;1055586;856;0;1
FR;1;2021-10-05;24576;41641;49895;116;43137;49352;47;0;0;40090663;35515332;1273516;1855;39047692;1104938;903;0;1
FR;1;2021-10-06;34660;61391;57510;101;64498;57265;25;0;0;40125323;35576723;1331026;1956;39112190;1162203;928;0;1
FR;1;2021-10-07;21083;39915;53053;74;41093;51999;32;0;0;40146406;35616638;1384079;2030;39153283;1214202;960;0;1
FR;1;2021-10-08;35672;59644;60412;83;62871;61169;28;0;0;40182078;35676282;1444491;2113;39216154;1275371;988;0;1
FR;1;2021-10-09;27466;48025;25498;29;52492;26028;10;0;0;40209544;35724307;1469989;2142;39268646;1301399;998;0;1
FR;1;2021-10-10;3727;5810;2759;7;6288;2865;1;0;0;40213271;35730117;1472748;2149;39274934;1304264;999;0;1
FR;1;2021-10-11;24858;38210;54590;88;40294;55272;43;0;0;40238129;35768327;1527338;2237;39315228;1359536;1042;0;1
FR;1;2021-10-12;23386;36580;58078;128;37079;59241;18;0;0;40261515;35804907;1585416;2365;39352307;1418777;1060;0;1
FR;1;2021-10-13;32974;47841;64177;125;50645;65703;22;0;1;40294489;35852748;1649593;2490;39402952;1484480;1082;0;2
FR;1;2021-10-14;21715;34774;53776;103;35680;54373;21;0;0;40316204;35887522;1703369;2593;39438632;1538853;1103;0;2
FR;1;2021-10-15;32757;48763;72338;165;50455;75035;22;0;0;40348961;35936285;1775707;2758;39489087;1613888;1125;0;2
FR;1;2021-10-16;26014;35285;34874;45;38300;36432;13;0;0;40374975;35971570;1810581;2803;39527387;1650320;1138;0;2
FR;1;2021-10-17;3161;4053;3418;2;4496;3319;3;0;0;40378136;35975623;1813999;2805;39531883;1653639;1141;0;2
FR;1;2021-10-18;24353;34877;66853;132;34915;69738;27;0;0;40402489;36010500;1880852;2937;39566798;1723377;1168;0;2
FR;1;2021-10-19;20724;35572;75678;135;33223;79610;40;0;0;40423213;36046072;1956530;3072;39600021;1802987;1208;0;2
FR;1;2021-10-20;29917;44205;96191;178;43278;99882;45;0;0;40453130;36090277;2052721;3250;39643299;1902869;1253;0;2
FR;1;2021-10-21;19804;35052;83202;107;31762;87065;29;0;0;40472934;36125329;2135923;3357;39675061;1989934;1282;0;2
FR;1;2021-10-22;29756;47759;103757;196;44556;109723;58;0;0;40502690;36173088;2239680;3553;39719617;2099657;1340;0;2
FR;1;2021-10-23;23055;35143;44876;57;36130;47386;11;0;0;40525745;36208231;2284556;3610;39755747;2147043;1351;0;2
FR;1;2021-10-24;2407;3841;3585;6;4041;3718;1;0;0;40528152;36212072;2288141;3616;39759788;2150761;1352;0;2
FR;1;2021-10-25;22504;30718;82031;143;29600;85840;36;0;0;40550656;36242790;2370172;3759;39789388;2236601;1388;0;2
FR;1;2021-10-26;19368;27644;86127;162;24737;90358;29;0;0;40570024;36270434;2456299;3921;39814125;2326959;1417;0;2
FR;1;2021-10-27;26223;39610;107827;252;37302;112742;45;0;0;40596247;36310044;2564126;4173;39851427;2439701;1462;0;2
FR;1;2021-10-28;18804;27111;86969;150;23484;91738;34;0;0;40615051;36337155;2651095;4323;39874911;2531439;1496;0;2
FR;1;2021-10-29;25936;40253;114844;202;35487;121683;49;0;0;40640987;36377408;2765939;4525;39910398;2653122;1545;0;2
FR;1;2021-10-30;17714;28718;49373;74;28302;51970;18;0;0;40658701;36406126;2815312;4599;39938700;2705092;1563;0;2
FR;1;2021-10-31;2088;3169;3452;2;3215;3686;2;0;0;40660789;36409295;2818764;4601;39941915;2708778;1565;0;2
FR;1;2021-11-01;8026;4274;3037;3;4358;3294;6;0;0;40668815;36413569;2821801;4604;39946273;2712072;1571;0;2
FR;1;2021-11-02;22916;33218;92416;156;29173;97870;39;0;1;40691731;36446787;2914217;4760;39975446;2809942;1610;0;3
FR;1;2021-11-03;26638;41549;117525;219;36997;123909;56;0;0;40718369;36488336;3031742;4979;40012443;2933851;1666;0;3
FR;1;2021-11-04;19629;30289;105826;213;24184;111970;42;0;0;40737998;36518625;3137568;5192;40036627;3045821;1708;0;3
FR;1;2021-11-05;27034;42298;138800;230;34178;147490;47;0;0;40765032;36560923;3276368;5422;40070805;3193311;1755;0;3
FR;1;2021-11-06;18864;29807;63501;123;27605;66521;24;0;0;40783896;36590730;3339869;5545;40098410;3259832;1779;0;3
FR;1;2021-11-07;1834;3268;4985;6;3025;5302;5;0;0;40785730;36593998;3344854;5551;40101435;3265134;1784;0;3
FR;1;2021-11-08;17881;32247;126022;224;25388;132661;47;0;0;40803611;36626245;3470876;5775;40126823;3397795;1831;0;3
FR;1;2021-11-09;19521;37608;159331;334;26130;169154;63;0;0;40823132;36663853;3630207;6109;40152953;3566949;1894;0;3
FR;1;2021-11-10;28895;49048;181930;441;39012;192547;82;0;0;40852027;36712901;3812137;6550;40191965;3759496;1976;0;3
FR;1;2021-11-11;4192;5930;12239;26;5107;13029;14;0;0;40856219;36718831;3824376;6576;40197072;3772525;1990;0;3
FR;1;2021-11-12;26027;46817;174848;244;35283;186549;76;0;0;40882246;36765648;3999224;6820;40232355;3959074;2066;0;3
FR;1;2021-11-13;18736;29144;76847;111;25370;81792;40;0;0;40900982;36794792;4076071;6931;40257725;4040866;2106;0;3
FR;1;2021-11-14;2051;3240;6827;5;2796;7357;6;0;0;40903033;36798032;4082898;6936;40260521;4048223;2112;0;3
FR;1;2021-11-15;18797;34707;156449;306;24615;166286;59;0;0;40921830;36832739;4239347;7242;40285136;4214509;2171;0;3
FR;1;2021-11-16;21369;37810;192163;380;23316;205080;99;0;1;40943199;36870549;4431510;7622;40308452;4419589;2270;0;4
FR;1;2021-11-17;28675;45549;193256;398;33020;205081;92;0;0;40971874;36916098;4624766;8020;40341472;4624670;2362;0;4
FR;1;2021-11-18;21149;39598;182545;459;25136;194673;85;0;0;40993023;36955696;4807311;8479;40366608;4819343;2447;0;4
FR;1;2021-11-19;30894;53319;230287;532;34813;246784;134;0;0;41023917;37009015;5037598;9011;40401421;5066127;2581;0;4
FR;1;2021-11-20;23776;33214;97002;202;26733;103655;40;0;0;41047693;37042229;5134600;9213;40428154;5169782;2621;0;4
FR;1;2021-11-21;2342;3909;9134;19;2957;9940;16;0;0;41050035;37046138;5143734;9232;40431111;5179722;2637;0;4
FR;1;2021-11-22;21426;30327;175932;467;16944;189481;79;0;0;41071461;37076465;5319666;9699;40448055;5369203;2716;0;4
FR;1;2021-11-23;24031;40970;221266;540;21319;238019;77;0;0;41095492;37117435;5540932;10239;40469374;5607222;2793;0;4
FR;1;2021-11-24;30298;49642;217403;701;31961;234586;67;0;0;41125790;37167077;5758335;10940;40501335;5841808;2860;0;4
FR;1;2021-11-25;23732;44044;244526;718;22070;264227;101;0;0;41149522;37211121;6002861;11658;40523405;6106035;2961;0;4
FR;1;2021-11-26;30618;66640;356842;836;33239;388631;154;0;0;41180140;37277761;6359703;12494;40556644;6494666;3115;0;4
FR;1;2021-11-27;21960;45261;202667;372;26149;222697;112;0;0;41202100;37323022;6562370;12866;40582793;6717363;3227;0;4
FR;1;2021-11-28;3180;9544;54804;63;3468;61017;37;0;0;41205280;37332566;6617174;12929;40586261;6778380;3264;0;4
FR;1;2021-11-29;17905;49469;326438;841;20780;354583;150;0;0;41223185;37382035;6943612;13770;40607041;7132963;3414;0;4
FR;1;2021-11-30;22790;64816;431196;952;23794;470845;266;0;0;41245975;37446851;7374808;14722;40630835;7603808;3680;0;4
FR;1;2021-12-01;25364;69037;442957;1131;28429;481822;271;0;0;41271339;37515888;7817765;15853;40659264;8085630;3951;0;4
FR;1;2021-12-02;20094;64298;489465;1230;18436;532969;274;0;0;41291433;37580186;8307230;17083;40677700;8618599;4225;0;4
FR;1;2021-12-03;22912;82300;542843;1310;30271;591859;308;0;0;41314345;37662486;8850073;18393;40707971;9210458;4533;0;4
FR;1;2021-12-04;16417;53779;299138;654;23205;328998;180;0;0;41330762;37716265;9149211;19047;40731176;9539456;4713;0;4
FR;1;2021-12-05;3635;13773;81549;143;4193;91048;85;0;0;41334397;37730038;9230760;19190;40735369;9630504;4798;0;4
FR;1;2021-12-06;25848;62420;415525;1066;22060;455254;358;0;0;41360245;37792458;9646285;20256;40757429;10085758;5156;0;4
FR;1;2021-12-07;20020;75456;523082;1536;24274;572742;372;0;0;41380265;37867914;10169367;21792;40781703;10658500;5528;0;4
FR;1;2021-12-08;21718;75491;458635;1545;30648;502293;377;0;0;41401983;37943405;10628002;23337;40812351;11160793;5905;0;4
FR;1;2021-12-09;19473;73941;493115;1624;24327;541128;398;0;0;41421456;38017346;11121117;24961;40836678;11701921;6303;0;4
FR;1;2021-12-10;23330;87515;547473;1585;32415;600113;392;0;1;41444786;38104861;11668590;26546;40869093;12302034;6695;0;5
FR;1;2021-12-11;16534;59084;302768;751;25945;335501;278;0;0;41461320;38163945;11971358;27297;40895038;12637535;6973;0;5
FR;1;2021-12-12;4397;15876;83240;179;5242;94047;96;0;0;41465717;38179821;12054598;27476;40900280;12731582;7069;0;5
FR;1;2021-12-13;15761;63395;367087;1094;23902;406371;236;0;0;41481478;38243216;12421685;28570;40924182;13137953;7305;0;5
FR;1;2021-12-14;20870;80107;464902;1749;28635;515359;507;0;1;41502348;38323323;12886587;30319;40952817;13653312;7812;0;6
FR;1;2021-12-15;21630;77287;409187;1309;33003;453257;311;0;1;41523978;38400610;13295774;31628;40985820;14106569;8123;0;7
FR;1;2021-12-16;20070;77050;452010;1577;27919;500750;324;0;0;41544048;38477660;13747784;33205;41013739;14607319;8447;0;7
FR;1;2021-12-17;22629;86369;480032;1737;34640;531056;372;0;0;41566677;38564029;14227816;34942;41048379;15138375;8819;0;7
FR;1;2021-12-18;17610;54545;257662;731;24683;288528;232;0;0;41584287;38618574;14485478;35673;41073062;15426903;9051;0;7
FR;1;2021-12-19;5563;16907;79205;194;5921;90676;117;0;0;41589850;38635481;14564683;35867;41078983;15517579;9168;0;7
FR;1;2021-12-20;20957;62870;316306;1082;26487;355340;286;0;0;41610807;38698351;14880989;36949;41105470;15872919;9454;0;7
FR;1;2021-12-21;26344;72855;372823;1422;30551;418149;338;0;0;41637151;38771206;15253812;38371;41136021;16291068;9792;0;7
FR;1;2021-12-22;24989;65642;310705;1217;29570;349629;361;0;1;41662140;38836848;15564517;39588;41165591;16640697;10153;0;8
FR;1;2021-12-23;21278;52103;241543;958;23338;273075;362;0;0;41683418;38888951;15806060;40546;41188929;16913772;10515;0;8
FR;1;2021-12-24;7130;18268;67173;258;9244;77065;154;0;1;41690548;38907219;15873233;40804;41198173;16990837;10669;0;9
FR;1;2021-12-25;510;2864;5595;15;1797;6539;55;0;0;41691058;38910083;15878828;40819;41199970;16997376;10724;0;9
FR;1;2021-12-26;2751;7568;26960;71;3492;31470;100;0;0;41693809;38917651;15905788;40890;41203462;17028846;10824;0;9
FR;1;2021-12-27;18312;53455;235147;705;25446;265806;365;0;0;41712121;38971106;16140935;41595;41228908;17294652;11189;0;9
FR;1;2021-12-28;23302;61879;292071;1026;26988;330246;595;0;1;41735423;39032985;16433006;42621;41255896;17624898;11784;0;10
FR;1;2021-12-29;22218;55370;255049;921;25254;288245;645;0;1;41757641;39088355;16688055;43542;41281150;17913143;12429;0;11
FR;1;2021-12-30;21240;46405;212183;857;22441;239631;718;0;0;41778881;39134760;16900238;44399;41303591;18152774;13147;0;11
FR;1;2021-12-31;7468;16535;61882;229;8713;70416;347;0;0;41786349;39151295;16962120;44628;41312304;18223190;13494;0;11
FR;1;2022-01-01;1170;2489;5668;30;1543;6577;73;0;0;41787519;39153784;16967788;44658;41313847;18229767;13567;0;11
FR;1;2022-01-02;3096;8074;28896;50;3672;33537;190;0;0;41790615;39161858;16996684;44708;41317519;18263304;13757;0;11
FR;1;2022-01-03;26997;54161;228289;790;27529;257749;964;0;1;41817612;39216019;17224973;45498;41345048;18521053;14721;0;12
FR;1;2022-01-04;26370;64972;299326;1241;29773;337372;1367;0;2;41843982;39280991;17524299;46739;41374821;18858425;16088;0;14
FR;1;2022-01-05;30570;64237;274936;1099;32505;310314;1264;0;0;41874552;39345228;17799235;47838;41407326;19168739;17352;0;14
FR;1;2022-01-06;26861;66194;306957;1404;29267;346631;1569;0;1;41901413;39411422;18106192;49242;41436593;19515370;18921;0;15
FR;1;2022-01-07;31584;74959;349882;1538;34385;394010;1822;0;1;41932997;39486381;18456074;50780;41470978;19909380;20743;0;16
FR;1;2022-01-08;23391;51358;222512;698;25571;251140;913;0;1;41956388;39537739;18678586;51478;41496549;20160520;21656;0;17
FR;1;2022-01-09;7091;17130;66036;163;8165;76142;335;0;0;41963479;39554869;18744622;51641;41504714;20236662;21991;0;17
FR;1;2022-01-10;21814;60573;236837;957;32913;267628;1258;0;1;41985293;39615442;18981459;52598;41537627;20504290;23249;0;18
FR;1;2022-01-11;26785;63427;282347;1280;31190;317862;1837;0;1;42012078;39678869;19263806;53878;41568817;20822152;25086;0;19
FR;1;2022-01-12;28969;62475;246305;1106;35040;278093;1686;0;3;42041047;39741344;19510111;54984;41603857;21100245;26772;0;22
FR;1;2022-01-13;24791;60153;262845;1253;30023;296166;1993;0;4;42065838;39801497;19772956;56237;41633880;21396411;28765;0;26
FR;1;2022-01-14;27972;66682;314057;1366;32103;351309;2475;0;1;42093810;39868179;20087013;57603;41665983;21747720;31240;0;27
FR;1;2022-01-15;19372;44406;199333;619;22460;223870;1363;0;1;42113182;39912585;20286346;58222;41688443;21971590;32603;0;28
FR;1;2022-01-16;5161;12955;51537;135;6020;59557;338;0;0;42118343;39925540;20337883;58357;41694463;22031147;32941;0;28
FR;1;2022-01-17;16884;39660;184865;783;20110;206843;1690;0;2;42135227;39965200;20522748;59140;41714573;22237990;34631;0;30
FR;1;2022-01-18;19460;45956;212462;1154;22982;237063;2456;0;1;42154687;40011156;20735210;60294;41737555;22475053;37087;0;31
FR;1;2022-01-19;20314;43939;176150;898;25466;197206;1977;0;4;42175001;40055095;20911360;61192;41763021;22672259;39064;0;35
FR;1;2022-01-20;16853;40565;183722;1147;20812;204767;2516;0;2;42191854;40095660;21095082;62339;41783833;22877026;41580;0;37
FR;1;2022-01-21;19923;47001;228984;1405;23880;253362;3105;0;1;42211777;40142661;21324066;63744;41807713;23130388;44685;0;38
FR;1;2022-01-22;13845;33331;144509;579;18432;161398;1404;0;2;42225622;40175992;21468575;64323;41826145;23291786;46089;0;40
FR;1;2022-01-23;3379;8763;33439;132;4576;38324;352;0;1;42229001;40184755;21502014;64455;41830721;23330110;46441;0;41
FR;1;2022-01-24;11816;32968;142243;718;17789;158280;2104;0;1;42240817;40217723;21644257;65173;41848510;23488390;48545;0;42
FR;1;2022-01-25;14217;38156;163436;1049;20281;181570;3181;0;1;42255034;40255879;21807693;66222;41868791;23669960;51726;0;43
FR;1;2022-01-26;14865;37722;150273;934;22633;166402;2516;0;1;42269899;40293601;21957966;67156;41891424;23836362;54242;0;44
FR;1;2022-01-27;12341;33337;143471;896;18498;158050;3230;0;3;42282240;40326938;22101437;68052;41909922;23994412;57472;0;47
FR;1;2022-01-28;16331;56907;198337;1144;32663;222396;4007;0;3;42298571;40383845;22299774;69196;41942585;24216808;61479;0;50
FR;1;2022-01-29;10270;35469;135216;525;19611;151542;1879;0;1;42308841;40419314;22434990;69721;41962196;24368350;63358;0;51
FR;1;2022-01-30;2485;9254;29688;86;4827;34449;434;0;1;42311326;40428568;22464678;69807;41967023;24402799;63792;0;52
FR;1;2022-01-31;8759;32460;104354;533;19470;117343;2340;0;3;42320085;40461028;22569032;70340;41986493;24520142;66132;0;55
FR;1;2022-02-01;11010;36446;127095;866;20631;141217;4320;0;1;42331095;40497474;22696127;71206;42007124;24661359;70452;0;56
FR;1;2022-02-02;12168;41572;130370;782;25262;145818;3774;0;9;42343263;40539046;22826497;71988;42032386;24807177;74226;0;65
FR;1;2022-02-03;9518;34055;117034;785;19122;130334;4284;0;4;42352781;40573101;22943531;72773;42051508;24937511;78510;0;69
FR;1;2022-02-04;11543;49685;172589;968;26976;192725;5479;0;5;42364324;40622786;23116120;73741;42078484;25130236;83989;0;74
FR;1;2022-02-05;8000;33921;117593;391;18170;133024;2414;0;3;42372324;40656707;23233713;74132;42096654;25263260;86403;0;77
FR;1;2022-02-06;1706;7995;22754;86;3873;26905;444;0;0;42374030;40664702;23256467;74218;42100527;25290165;86847;0;77
FR;1;2022-02-07;7367;35385;119114;460;18171;134971;3398;0;4;42381397;40700087;23375581;74678;42118698;25425136;90245;0;81
FR;1;2022-02-08;7771;31960;125676;696;14892;140666;4301;0;5;42389168;40732047;23501257;75374;42133590;25565802;94546;0;86
FR;1;2022-02-09;8742;36530;135267;702;17930;152511;3884;0;7;42397910;40768577;23636524;76076;42151520;25718313;98430;0;93
FR;1;2022-02-10;7032;30144;116383;677;13909;130171;4445;0;1;42404942;40798721;23752907;76753;42165429;25848484;102875;0;94
FR;1;2022-02-11;8662;41568;165150;878;18382;185374;5430;0;3;42413604;40840289;23918057;77631;42183811;26033858;108305;0;97
FR;1;2022-02-12;5346;27617;106715;379;12540;120900;2396;0;2;42418950;40867906;24024772;78010;42196351;26154758;110701;0;99
FR;1;2022-02-13;1269;5721;21721;66;2188;25339;402;0;3;42420219;40873627;24046493;78076;42198539;26180097;111103;0;102
FR;1;2022-02-14;5461;27230;118095;395;10644;133123;3385;0;4;42425680;40900857;24164588;78471;42209183;26313220;114488;0;106
FR;1;2022-02-15;5797;28872;118941;611;12221;132572;4883;0;1;42431477;40929729;24283529;79082;42221404;26445792;119371;0;107
FR;1;2022-02-16;5763;28496;110429;597;13763;123059;4153;0;3;42437240;40958225;24393958;79679;42235167;26568851;123524;0;110
FR;1;2022-02-17;4616;19749;73155;489;10129;80262;3999;0;3;42441856;40977974;24467113;80168;42245296;26649113;127523;0;113
FR;1;2022-02-18;5615;26803;99207;673;14176;108168;5519;0;2;42447471;41004777;24566320;80841;42259472;26757281;133042;0;115
FR;1;2022-02-19;3551;17177;59479;305;9570;66060;2267;0;0;42451022;41021954;24625799;81146;42269042;26823341;135309;0;115
FR;1;2022-02-20;794;3258;10706;36;1651;12333;360;0;1;42451816;41025212;24636505;81182;42270693;26835674;135669;0;116
FR;1;2022-02-21;3430;14599;52830;286;7919;57678;3126;0;2;42455246;41039811;24689335;81468;42278612;26893352;138795;0;118
FR;1;2022-02-22;3804;15550;51919;500;9047;55657;4070;0;1;42459050;41055361;24741254;81968;42287659;26949009;142865;0;119
FR;1;2022-02-23;4235;17828;57487;510;10748;62589;3568;0;3;42463285;41073189;24798741;82478;42298407;27011598;146433;0;122
FR;1;2022-02-24;3345;13145;43620;436;7840;46410;3658;0;2;42466630;41086334;24842361;82914;42306247;27058008;150091;0;124
FR;1;2022-02-25;4478;20133;64928;697;12250;68799;5768;0;4;42471108;41106467;24907289;83611;42318497;27126807;155859;0;128
FR;1;2022-02-26;2698;12806;41372;310;7653;45125;2494;0;2;42473806;41119273;24948661;83921;42326150;27171932;158353;0;130
FR;1;2022-02-27;644;2192;7131;42;1207;7994;433;0;0;42474450;41121465;24955792;83963;42327357;27179926;158786;0;130
FR;1;2022-02-28;2614;10501;34969;306;6081;37395;3124;0;0;42477064;41131966;24990761;84269;42333438;27217321;161910;0;130
FR;1;2022-03-01;3592;10762;38707;391;6364;39663;4548;0;4;42480656;41142728;25029468;84660;42339802;27256984;166458;0;134
FR;1;2022-03-02;3685;12287;41871;399;7554;43941;4111;0;1;42484341;41155015;25071339;85059;42347356;27300925;170569;0;135
FR;1;2022-03-03;2463;7994;26186;329;5249;26524;3380;0;1;42486804;41163009;25097525;85388;42352605;27327449;173949;0;136
FR;1;2022-03-04;2691;10550;35468;594;6982;34962;5280;0;3;42489495;41173559;25132993;85982;42359587;27362411;179229;0;139
FR;1;2022-03-05;1823;6369;21972;280;4207;22370;2572;0;1;42491318;41179928;25154965;86262;42363794;27384781;181801;0;140
FR;1;2022-03-06;360;959;2918;38;605;3121;327;0;0;42491678;41180887;25157883;86300;42364399;27387902;182128;0;140
FR;1;2022-03-07;1923;4724;16442;245;3046;15910;2831;0;4;42493601;41185611;25174325;86545;42367445;27403812;184959;0;144
FR;1;2022-03-08;1719;5259;17172;309;3670;16001;3471;0;3;42495320;41190870;25191497;86854;42371115;27419813;188430;0;147
FR;1;2022-03-09;1988;6750;19821;371;4825;19179;3424;0;4;42497308;41197620;25211318;87225;42375940;27438992;191854;0;151
FR;1;2022-03-10;1416;5023;15302;309;3675;14340;2944;0;2;42498724;41202643;25226620;87534;42379615;27453332;194798;0;153
FR;1;2022-03-11;1761;6416;21717;487;4450;19873;4737;0;1;42500485;41209059;25248337;88021;42384065;27473205;199535;0;154
FR;1;2022-03-12;1263;4652;15367;281;3093;14915;2687;0;2;42501748;41213711;25263704;88302;42387158;27488120;202222;0;156
FR;1;2022-03-13;257;614;2119;119;415;2065;468;0;0;42502005;41214325;25265823;88421;42387573;27490185;202690;0;156
FR;1;2022-03-14;1158;3681;13407;3882;2296;12528;6342;0;8;42503163;41218006;25279230;92303;42389869;27502713;209032;0;164
FR;1;2022-03-15;1409;5735;14665;6865;4319;13262;9847;0;8;42504572;41223741;25293895;99168;42394188;27515975;218879;0;172
FR;1;2022-03-16;1697;5091;17401;11521;3602;16465;14126;0;6;42506269;41228832;25311296;110689;42397790;27532440;233005;0;178
FR;1;2022-03-17;1181;3442;11735;9648;2367;10830;11732;0;8;42507450;41232274;25323031;120337;42400157;27543270;244737;0;186
FR;1;2022-03-18;1725;4931;17980;16508;3325;16419;19722;0;14;42509175;41237205;25341011;136845;42403482;27559689;264459;0;200
FR;1;2022-03-19;1126;3302;11891;8460;2277;11362;10142;0;6;42510301;41240507;25352902;145305;42405759;27571051;274601;0;206
FR;1;2022-03-20;224;562;1726;1015;364;1761;1224;0;2;42510525;41241069;25354628;146320;42406123;27572812;275825;0;208
FR;1;2022-03-21;1088;2768;11505;13462;1787;10856;15142;0;10;42511613;41243837;25366133;159782;42407910;27583668;290967;0;218
FR;1;2022-03-22;1282;3215;12264;18716;2156;11252;20619;0;5;42512895;41247052;25378397;178498;42410066;27594920;311586;0;223
FR;1;2022-03-23;1514;4365;16034;20111;2961;15715;21883;0;34;42514409;41251417;25394431;198609;42413027;27610635;333469;0;257
FR;1;2022-03-24;1121;2754;10405;16060;1910;9666;17565;0;15;42515530;41254171;25404836;214669;42414937;27620301;351034;0;272
FR;1;2022-03-25;1540;4364;16758;25315;2882;15409;27960;0;23;42517070;41258535;25421594;239984;42417819;27635710;378994;0;295
FR;1;2022-03-26;1110;3018;10856;11452;2065;10518;12864;0;20;42518180;41261553;25432450;251436;42419884;27646228;391858;0;315
FR;1;2022-03-27;237;546;1750;1383;334;1803;1594;0;1;42518417;41262099;25434200;252819;42420218;27648031;393452;0;316
FR;1;2022-03-28;1086;2490;9981;15885;1558;9602;17230;0;10;42519503;41264589;25444181;268704;42421776;27657633;410682;0;326
FR;1;2022-03-29;1141;2754;11562;25111;1603;10926;26508;0;30;42520644;41267343;25455743;293815;42423379;27668559;437190;0;356
FR;1;2022-03-30;1632;3680;14175;24233;2454;13715;25897;0;19;42522276;41271023;25469918;318048;42425833;27682274;463087;0;375
FR;1;2022-03-31;1281;3032;11701;22700;2060;11214;24021;0;40;42523557;41274055;25481619;340748;42427893;27693488;487108;0;415
FR;1;2022-04-01;2239;4025;18492;28534;2482;17362;30806;0;54;42525796;41278080;25500111;369282;42430375;27710850;517914;0;469
FR;1;2022-04-02;911;1894;8197;9240;1106;7960;10233;0;28;42526707;41279974;25508308;378522;42431481;27718810;528147;0;497
FR;1;2022-04-03;207;382;1433;1058;219;1435;1249;0;1;42526914;41280356;25509741;379580;42431700;27720245;529396;0;498
FR;1;2022-04-04;4274;2608;11385;17680;1696;10776;18900;0;30;42531188;41282964;25521126;397260;42433396;27731021;548296;0;528
FR;1;2022-04-05;2262;2725;13007;31222;1708;12033;32603;0;68;42533450;41285689;25534133;428482;42435104;27743054;580899;0;596
FR;1;2022-04-06;1893;3018;12207;23982;1926;11644;25279;0;62;42535343;41288707;25546340;452464;42437030;27754698;606178;0;658
FR;1;2022-04-07;1694;2754;12360;31120;1651;11827;32196;0;68;42537037;41291461;25558700;483584;42438681;27766525;638374;0;726
FR;1;2022-04-08;1847;3713;17570;40648;2099;16500;42701;0;76;42538884;41295174;25576270;524232;42440780;27783025;681075;0;802
FR;1;2022-04-09;827;2000;8406;12504;1078;8106;13502;0;26;42539711;41297174;25584676;536736;42441858;27791131;694577;0;828
FR;1;2022-04-10;202;654;1837;1855;419;1883;2075;0;6;42539913;41297828;25586513;538591;42442277;27793014;696652;0;834
FR;1;2022-04-11;1108;2269;10973;22372;1322;10687;23480;0;68;42541021;41300097;25597486;560963;42443599;27803701;720132;0;902
FR;1;2022-04-12;1352;2680;12828;38147;1594;12316;38899;0;119;42542373;41302777;25610314;599110;42445193;27816017;759031;0;1021
FR;1;2022-04-13;1284;2894;12278;30627;1790;12008;31399;0;85;42543657;41305671;25622592;629737;42446983;27828025;790430;0;1106
FR;1;2022-04-14;1240;2629;12119;33661;1632;12133;34098;0;87;42544897;41308300;25634711;663398;42448615;27840158;824528;0;1193
FR;1;2022-04-15;1512;3346;14408;33269;2161;13814;34671;0;107;42546409;41311646;25649119;696667;42450776;27853972;859199;0;1300
FR;1;2022-04-16;663;1410;5845;8003;767;5777;8757;0;31;42547072;41313056;25654964;704670;42451543;27859749;867956;0;1331
FR;1;2022-04-17;157;290;930;1121;177;975;1171;0;7;42547229;41313346;25655894;705791;42451720;27860724;869127;0;1338
FR;1;2022-04-18;170;499;2636;1002;313;2660;1187;0;5;42547399;41313845;25658530;706793;42452033;27863384;870314;0;1343
FR;1;2022-04-19;1259;2610;11788;27936;1500;11519;28791;0;69;42548658;41316455;25670318;734729;42453533;27874903;899105;0;1412
FR;1;2022-04-20;1360;2675;12179;26886;1678;12031;27711;0;82;42550018;41319130;25682497;761615;42455211;27886934;926816;0;1494
FR;1;2022-04-21;1245;2465;11554;33285;1514;11785;33623;0;107;42551263;41321595;25694051;794900;42456725;27898719;960439;0;1601
FR;1;2022-04-22;1527;3094;15217;35507;1928;14795;36705;0;120;42552790;41324689;25709268;830407;42458653;27913514;997144;0;1721
FR;1;2022-04-23;767;1590;6738;9894;927;6644;10578;0;30;42553557;41326279;25716006;840301;42459580;27920158;1007722;0;1751
FR;1;2022-04-24;195;378;1376;1524;242;1329;1749;0;7;42553752;41326657;25717382;841825;42459822;27921487;1009471;0;1758
FR;1;2022-04-25;1042;2133;9858;19736;1256;9758;20558;0;64;42554794;41328790;25727240;861561;42461078;27931245;1030029;0;1822
FR;1;2022-04-26;1351;2627;12608;36640;1608;12207;37228;0;163;42556145;41331417;25739848;898201;42462686;27943452;1067257;0;1985
FR;1;2022-04-27;1331;2411;10654;29290;1471;10790;29675;0;123;42557476;41333828;25750502;927491;42464157;27954242;1096932;0;2108
FR;1;2022-04-28;1285;2418;11565;34327;1524;11406;34477;0;127;42558761;41336246;25762067;961818;42465681;27965648;1131409;0;2235
FR;1;2022-04-29;1616;4296;14406;35563;3169;13859;36852;0;153;42560377;41340542;25776473;997381;42468850;27979507;1168261;0;2388
FR;1;2022-04-30;841;4336;6448;9173;3763;6292;9974;0;35;42561218;41344878;25782921;1006554;42472613;27985799;1178235;0;2423
FR;1;2022-05-01;178;288;832;951;190;826;1080;0;5;42561396;41345166;25783753;1007505;42472803;27986625;1179315;0;2428
FR;1;2022-05-02;2099;2619;10383;16956;1774;10308;17637;0;64;42563495;41347785;25794136;1024461;42474577;27996933;1196952;0;2492
FR;1;2022-05-03;1687;2879;12712;32916;1762;12604;33715;0;149;42565182;41350664;25806848;1057377;42476339;28009537;1230667;0;2641
FR;1;2022-05-04;1382;2751;11234;23826;1696;11396;24365;0;96;42566564;41353415;25818082;1081203;42478035;28020933;1255032;0;2737
FR;1;2022-05-05;1501;2738;12201;31862;1722;12124;32410;0;170;42568065;41356153;25830283;1113065;42479757;28033057;1287442;0;2907
FR;1;2022-05-06;1823;3242;14242;34941;1919;13826;36203;0;166;42569888;41359395;25844525;1148006;42481676;28046883;1323645;0;3073
FR;1;2022-05-07;860;1473;5979;9097;878;6013;9731;0;44;42570748;41360868;25850504;1157103;42482554;28052896;1333376;0;3117
FR;1;2022-05-08;190;329;1062;1472;221;1124;1548;0;8;42570938;41361197;25851566;1158575;42482775;28054020;1334924;0;3125
FR;1;2022-05-09;1167;2020;9250;19262;1160;9165;20034;0;93;42572105;41363217;25860816;1177837;42483935;28063185;1354958;0;3218
FR;1;2022-05-10;1512;3050;12616;37145;1961;12215;38043;0;177;42573617;41366267;25873432;1214982;42485896;28075400;1393001;0;3395
FR;1;2022-05-11;1441;2480;9912;26042;1698;9860;26559;0;138;42575058;41368747;25883344;1241024;42487594;28085260;1419560;0;3533
FR;1;2022-05-12;1326;2457;10530;33654;1549;10230;34300;0;188;42576384;41371204;25893874;1274678;42489143;28095490;1453860;0;3721
FR;1;2022-05-13;1618;2808;12770;35855;1686;12418;36950;0;149;42578002;41374012;25906644;1310533;42490829;28107908;1490810;0;3870
FR;1;2022-05-14;783;1330;5481;10217;816;5365;10732;0;51;42578785;41375342;25912125;1320750;42491645;28113273;1501542;0;3921
FR;1;2022-05-15;223;422;1182;1352;246;1252;1497;0;5;42579008;41375764;25913307;1322102;42491891;28114525;1503039;0;3926
FR;1;2022-05-16;972;1786;8081;20138;1005;8145;20550;0;117;42579980;41377550;25921388;1342240;42492896;28122670;1523589;0;4043
FR;1;2022-05-17;1297;2303;11126;36187;1387;10730;36973;0;172;42581277;41379853;25932514;1378427;42494283;28133400;1560562;0;4215
FR;1;2022-05-18;1313;2137;9041;25730;1369;8991;26289;0;99;42582590;41381990;25941555;1404157;42495652;28142391;1586851;0;4314
FR;1;2022-05-19;1207;2404;9857;34005;1415;9952;34208;0;150;42583797;41384394;25951412;1438162;42497067;28152343;1621059;0;4464
FR;1;2022-05-20;1563;2757;12533;37655;1721;12113;38516;0;151;42585360;41387151;25963945;1475817;42498788;28164456;1659575;0;4615
FR;1;2022-05-21;775;1387;5247;9374;880;5164;9944;0;37;42586135;41388538;25969192;1485191;42499668;28169620;1669519;0;4652
FR;1;2022-05-22;194;292;954;1398;204;953;1521;0;10;42586329;41388830;25970146;1486589;42499872;28170573;1671040;0;4662
FR;1;2022-05-23;971;1891;8370;19439;1179;8346;20056;0;79;42587300;41390721;25978516;1506028;42501051;28178919;1691096;0;4741
FR;1;2022-05-24;1289;2448;10728;37252;1440;10598;37825;0;173;42588589;41393169;25989244;1543280;42502491;28189517;1728921;0;4914
FR;1;2022-05-25;1272;2300;8793;23694;1425;8957;24056;0;111;42589861;41395469;25998037;1566974;42503916;28198474;1752977;0;5025
FR;1;2022-05-26;175;385;1585;1155;261;1580;1288;0;24;42590036;41395854;25999622;1568129;42504177;28200054;1754265;0;5049
FR;1;2022-05-27;1120;2192;8790;20457;1377;8538;21410;0;84;42591156;41398046;26008412;1588586;42505554;28208592;1775675;0;5133
FR;1;2022-05-28;486;1059;3692;6543;627;3729;6930;0;37;42591642;41399105;26012104;1595129;42506181;28212321;1782605;0;5170
FR;1;2022-05-29;121;257;708;896;149;719;1005;0;4;42591763;41399362;26012812;1596025;42506330;28213040;1783610;0;5174
FR;1;2022-05-30;832;1744;6559;18537;1045;6592;18991;0;85;42592595;41401106;26019371;1614562;42507375;28219632;1802601;0;5259
FR;1;2022-05-31;1266;2241;9248;34376;1372;9118;34976;0;159;42593861;41403347;26028619;1648938;42508747;28228750;1837577;0;5418
FR;1;2022-06-01;1336;2605;10439;23460;1752;10302;24307;0;116;42595197;41405952;26039058;1672398;42510499;28239052;1861884;0;5534
FR;1;2022-06-02;1228;2309;10670;34153;1448;10248;34986;0;162;42596425;41408261;26049728;1706551;42511947;28249300;1896870;0;5696
FR;1;2022-06-03;1447;2749;12735;37112;1740;12156;38288;0;157;42597872;41411010;26062463;1743663;42513687;28261456;1935158;0;5853
FR;1;2022-06-04;686;1262;4750;8677;759;4826;9167;0;62;42598558;41412272;26067213;1752340;42514446;28266282;1944325;0;5915
FR;1;2022-06-05;134;292;811;1049;150;835;1154;0;3;42598692;41412564;26068024;1753389;42514596;28267117;1945479;0;5918
FR;1;2022-06-06;841;1196;2028;1252;1018;2047;1427;0;9;42599533;41413760;26070052;1754641;42515614;28269164;1946906;0;5927
FR;1;2022-06-07;1264;2343;9185;34057;1440;8845;35156;0;143;42600797;41416103;26079237;1788698;42517054;28278009;1982062;0;6070
FR;1;2022-06-08;1140;2239;8682;27615;1402;8566;28486;0;107;42601937;41418342;26087919;1816313;42518456;28286575;2010548;0;6177
FR;1;2022-06-09;1076;2151;9987;37575;1282;9672;38342;0;148;42603013;41420493;26097906;1853888;42519738;28296247;2048890;0;6325
FR;1;2022-06-10;1336;2861;12424;43134;1824;12015;44363;0;200;42604349;41423354;26110330;1897022;42521562;28308262;2093253;0;6525
FR;1;2022-06-11;661;1451;5136;11085;798;5185;11614;0;50;42605010;41424805;26115466;1908107;42522360;28313447;2104867;0;6575
FR;1;2022-06-12;157;377;1019;1687;189;1077;1788;0;11;42605167;41425182;26116485;1909794;42522549;28314524;2106655;0;6586
FR;1;2022-06-13;951;1840;7014;22226;1135;6871;23067;0;84;42606118;41427022;26123499;1932020;42523684;28321395;2129722;0;6670
FR;1;2022-06-14;1117;2234;9840;42851;1312;9245;43943;0;186;42607235;41429256;26133339;1974871;42524996;28330640;2173665;0;6856
FR;1;2022-06-15;1094;2012;8788;29393;1363;8476;29941;0;169;42608329;41431268;26142127;2004264;42526359;28339116;2203606;0;7025
FR;1;2022-06-16;959;1840;9403;38510;1061;8881;39417;0;188;42609288;41433108;26151530;2042774;42527420;28347997;2243023;0;7213
FR;1;2022-06-17;1229;2568;11916;44864;1483;11382;46004;0;224;42610517;41435676;26163446;2087638;42528903;28359379;2289027;0;7437
FR;1;2022-06-18;564;1277;4319;10544;717;4258;11086;0;62;42611081;41436953;26167765;2098182;42529620;28363637;2300113;0;7499
FR;1;2022-06-19;137;325;1003;1543;173;1082;1609;0;12;42611218;41437278;26168768;2099725;42529793;28364719;2301722;0;7511
FR;1;2022-06-20;861;1710;8493;25049;1009;8157;25910;0;146;42612079;41438988;26177261;2124774;42530802;28372876;2327632;0;7657
FR;1;2022-06-21;1103;2140;9765;47760;1254;8856;49105;0;241;42613182;41441128;26187026;2172534;42532056;28381732;2376737;0;7898
FR;1;2022-06-22;1046;2074;8442;37162;1301;7963;38022;0;231;42614228;41443202;26195468;2209696;42533357;28389695;2414759;0;8129
FR;1;2022-06-23;1054;2181;10125;52819;1210;9408;53828;0;290;42615282;41445383;26205593;2262515;42534567;28399103;2468587;0;8419
FR;1;2022-06-24;1256;2719;12917;65969;1487;11701;67641;0;367;42616538;41448102;26218510;2328484;42536054;28410804;2536228;0;8786
FR;1;2022-06-25;685;1506;5930;18923;792;5712;19722;0;163;42617223;41449608;26224440;2347407;42536846;28416516;2555950;0;8949
FR;1;2022-06-26;167;406;1817;3494;191;1713;3730;0;34;42617390;41450014;26226257;2350901;42537037;28418229;2559680;0;8983
FR;1;2022-06-27;945;1777;9901;45979;943;9127;47114;0;300;42618335;41451791;26236158;2396880;42537980;28427356;2606794;0;9283
FR;1;2022-06-28;1216;2576;13845;86587;1382;12406;88275;0;569;42619551;41454367;26250003;2483467;42539362;28439762;2695069;0;9852
FR;1;2022-06-29;1242;2297;11483;67405;1261;10550;68450;0;487;42620793;41456664;26261486;2550872;42540623;28450312;2763519;0;10339
FR;1;2022-06-30;1291;2487;13518;89967;1438;11828;91769;0;645;42622084;41459151;26275004;2640839;42542061;28462140;2855288;0;10984
FR;1;2022-07-01;1659;3482;20316;109201;1992;17972;111597;0;859;42623743;41462633;26295320;2750040;42544053;28480112;2966885;0;11843
FR;1;2022-07-02;770;1527;8025;33776;751;7254;34802;0;315;42624513;41464160;26303345;2783816;42544804;28487366;3001687;0;12158
FR;1;2022-07-03;230;480;1943;6118;257;1759;6444;0;71;42624743;41464640;26305288;2789934;42545061;28489125;3008131;0;12229
FR;1;2022-07-04;1678;3179;13935;75420;2064;12362;77309;0;589;42626421;41467819;26319223;2865354;42547125;28501487;3085440;0;12818
FR;1;2022-07-05;1507;2858;17696;126371;1512;15152;128485;0;1060;42627928;41470677;26336919;2991725;42548637;28516639;3213925;0;13878
FR;1;2022-07-06;1379;2406;14888;93747;1385;12912;95183;0;815;42629307;41473083;26351807;3085472;42550022;28529551;3309108;0;14693
FR;1;2022-07-07;1444;2538;16939;119493;1406;14010;121588;0;1074;42630751;41475621;26368746;3204965;42551428;28543561;3430696;0;15767
FR;1;2022-07-08;1534;2823;19612;130007;1541;15975;132811;0;1220;42632285;41478444;26388358;3334972;42552969;28559536;3563507;0;16987
FR;1;2022-07-09;663;1281;7311;36022;699;6354;36809;0;392;42632948;41479725;26395669;3370994;42553668;28565890;3600316;0;17379
FR;1;2022-07-10;245;657;2240;6689;412;2032;7068;0;89;42633193;41480382;26397909;3377683;42554080;28567922;3607384;0;17468
FR;1;2022-07-11;1241;2245;14320;84455;1180;11942;86565;0;734;42634434;41482627;26412229;3462138;42555260;28579864;3693949;0;18202
FR;1;2022-07-12;1605;2806;19464;137423;1442;15903;139914;0;1485;42636039;41485433;26431693;3599561;42556702;28595767;3833863;0;19687
FR;1;2022-07-13;1461;2442;14791;89838;1319;12644;91523;0;1002;42637500;41487875;26446484;3689399;42558021;28608411;3925386;0;20689
FR;1;2022-07-14;162;350;1864;5290;195;1773;5437;0;74;42637662;41488225;26448348;3694689;42558216;28610184;3930823;0;20763
FR;1;2022-07-15;1266;2319;14364;80599;1206;12007;82603;0;960;42638928;41490544;26462712;3775288;42559422;28622191;4013426;0;21723
FR;1;2022-07-16;514;1064;5641;23949;556;4894;24590;0;302;42639442;41491608;26468353;3799237;42559978;28627085;4038016;0;22025
FR;1;2022-07-17;163;369;1656;4464;193;1501;4727;0;60;42639605;41491977;26470009;3803701;42560171;28628586;4042743;0;22085
FR;1;2022-07-18;975;2037;11301;59282;1148;9571;61006;0;715;42640580;41494014;26481310;3862983;42561319;28638157;4103749;0;22800
FR;1;2022-07-19;1235;2132;14695;99429;1196;11727;101426;0;1386;42641815;41496146;26496005;3962412;42562515;28649884;4205175;0;24186
FR;1;2022-07-20;1184;2007;12372;74374;1173;10283;75859;0;964;42642999;41498153;26508377;4036786;42563688;28660167;4281034;0;25150
FR;1;2022-07-21;1137;1955;12418;84547;1189;9994;85912;0;1211;42644136;41500108;26520795;4121333;42564877;28670161;4366946;0;26361
FR;1;2022-07-22;1273;2246;14111;85963;1258;11433;87688;0;1264;42645409;41502354;26534906;4207296;42566135;28681594;4454634;0;27625
FR;1;2022-07-23;548;1093;5238;21296;634;4611;21842;0;373;42645957;41503447;26540144;4228592;42566769;28686205;4476476;0;27998
FR;1;2022-07-24;149;306;1327;3700;153;1168;3925;0;65;42646106;41503753;26541471;4232292;42566922;28687373;4480401;0;28063
FR;1;2022-07-25;890;1634;9076;46124;984;7526;47497;0;680;42646996;41505387;26550547;4278416;42567906;28694899;4527898;0;28743
FR;1;2022-07-26;1136;1964;12681;81968;1120;10336;83582;0;1198;42648132;41507351;26563228;4360384;42569026;28705235;4611480;0;29941
FR;1;2022-07-27;1021;1730;9760;58521;1047;8138;59702;0;874;42649153;41509081;26572988;4418905;42570073;28713373;4671182;0;30815
FR;1;2022-07-28;982;1706;9857;61918;1114;7854;63144;0;967;42650135;41510787;26582845;4480823;42571187;28721227;4734326;0;31782
FR;1;2022-07-29;1112;1845;10461;62989;1171;8385;64303;0;1066;42651247;41512632;26593306;4543812;42572358;28729612;4798629;0;32848
FR;1;2022-07-30;395;727;3349;14491;442;2850;14851;0;279;42651642;41513359;26596655;4558303;42572800;28732462;4813480;0;33127
FR;1;2022-07-31;141;264;900;2335;159;766;2477;0;47;42651783;41513623;26597555;4560638;42572959;28733228;4815957;0;33174
FR;1;2022-08-01;881;1473;7260;28968;1087;6122;29961;0;519;42652664;41515096;26604815;4589606;42574046;28739350;4845918;0;33693
FR;1;2022-08-02;930;1487;8238;54049;1000;6634;54688;0;1091;42653594;41516583;26613053;4643655;42575046;28745984;4900606;0;34784
FR;1;2022-08-03;738;1108;6157;37044;753;4939;37774;0;645;42654332;41517691;26619210;4680699;42575799;28750923;4938380;0;35429
FR;1;2022-08-04;651;1081;6264;41453;697;5058;42008;0;850;42654983;41518772;26625474;4722152;42576496;28755981;4980388;0;36279
FR;1;2022-08-05;745;1198;6766;43084;809;5436;43707;0;933;42655728;41519970;26632240;4765236;42577305;28761417;5024095;0;37212
FR;1;2022-08-06;277;465;1993;9000;305;1674;9192;0;218;42656005;41520435;26634233;4774236;42577610;28763091;5033287;0;37430
FR;1;2022-08-07;89;148;520;1557;104;436;1630;0;35;42656094;41520583;26634753;4775793;42577714;28763527;5034917;0;37465
FR;1;2022-08-08;581;1078;3807;21229;833;3141;21627;0;457;42656675;41521661;26638560;4797022;42578547;28766668;5056544;0;37922
FR;1;2022-08-09;669;1056;5683;38481;747;4558;38967;0;794;42657344;41522717;26644243;4835503;42579294;28771226;5095511;0;38716
FR;1;2022-08-10;568;1185;4435;26915;886;3636;27228;0;601;42657912;41523902;26648678;4862418;42580180;28774862;5122739;0;39317
FR;1;2022-08-11;566;920;4315;28210;632;3589;28538;0;634;42658478;41524822;26652993;4890628;42580812;28778451;5151277;0;39951
FR;1;2022-08-12;732;1042;4555;27171;719;3762;27583;0;668;42659210;41525864;26657548;4917799;42581531;28782213;5178860;0;40619
FR;1;2022-08-13;319;371;1248;5111;263;1066;5282;0;116;42659529;41526235;26658796;4922910;42581794;28783279;5184142;0;40735
FR;1;2022-08-14;67;115;277;871;96;236;941;0;24;42659596;41526350;26659073;4923781;42581890;28783515;5185083;0;40759
FR;1;2022-08-15;112;216;574;542;185;535;593;0;16;42659708;41526566;26659647;4924323;42582075;28784050;5185676;0;40775
FR;1;2022-08-16;550;953;3792;21490;712;3221;21691;0;582;42660258;41527519;26663439;4945813;42582787;28787271;5207367;0;41357
FR;1;2022-08-17;548;915;3769;22153;682;3195;22391;0;579;42660806;41528434;26667208;4967966;42583469;28790466;5229758;0;41936
FR;1;2022-08-18;562;899;3942;25451;700;3141;25673;0;630;42661368;41529333;26671150;4993417;42584169;28793607;5255431;0;42566
FR;1;2022-08-19;537;1050;4369;26547;749;3601;26855;0;732;42661905;41530383;26675519;5019964;42584918;28797208;5282286;0;43298
FR;1;2022-08-20;251;422;1290;5371;322;1107;5524;0;138;42662156;41530805;26676809;5025335;42585240;28798315;5287810;0;43436
FR;1;2022-08-21;84;112;287;990;77;253;1013;0;27;42662240;41530917;26677096;5026325;42585317;28798568;5288823;0;43463
FR;1;2022-08-22;511;900;3141;14956;674;2713;15232;0;411;42662751;41531817;26680237;5041281;42585991;28801281;5304055;0;43874
FR;1;2022-08-23;655;1064;4155;28323;748;3486;28405;0;830;42663406;41532881;26684392;5069604;42586739;28804767;5332460;0;44704
FR;1;2022-08-24;568;839;3405;19069;661;2774;19254;0;587;42663974;41533720;26687797;5088673;42587400;28807541;5351714;0;45291
FR;1;2022-08-25;565;937;3832;22919;654;3215;23148;0;655;42664539;41534657;26691629;5111592;42588054;28810756;5374862;0;45946
FR;1;2022-08-26;754;1137;4350;25157;810;3568;25532;0;745;42665293;41535794;26695979;5136749;42588864;28814324;5400394;0;46691
FR;1;2022-08-27;221;432;1324;5308;277;1191;5362;0;192;42665514;41536226;26697303;5142057;42589141;28815515;5405756;0;46883
FR;1;2022-08-28;113;147;298;899;106;280;948;0;33;42665627;41536373;26697601;5142956;42589247;28815795;5406704;0;46916
FR;1;2022-08-29;506;861;2979;14263;638;2519;14573;0;409;42666133;41537234;26700580;5157219;42589885;28818314;5421277;0;47325
FR;1;2022-08-30;745;1111;4626;27719;788;3776;28040;0;793;42666878;41538345;26705206;5184938;42590673;28822090;5449317;0;48118
FR;1;2022-08-31;587;835;3114;17241;614;2624;17503;0;483;42667465;41539180;26708320;5202179;42591287;28824714;5466820;0;48601
FR;1;2022-09-01;701;927;4333;21895;653;3693;22148;0;587;42668166;41540107;26712653;5224074;42591940;28828407;5488968;0;49188
FR;1;2022-09-02;858;1063;4886;27866;762;4083;28154;0;882;42669024;41541170;26717539;5251940;42592702;28832490;5517122;0;50070
FR;1;2022-09-03;322;511;1833;5876;349;1595;6105;0;174;42669346;41541681;26719372;5257816;42593051;28834085;5523227;0;50244
FR;1;2022-09-04;109;137;341;845;73;334;915;0;21;42669455;41541818;26719713;5258661;42593124;28834419;5524142;0;50265
FR;1;2022-09-05;718;872;3051;15698;696;2557;15982;0;499;42670173;41542690;26722764;5274359;42593820;28836976;5540124;0;50764
FR;1;2022-09-06;843;965;4572;31064;612;3712;31285;0;1002;42671016;41543655;26727336;5305423;42594432;28840688;5571409;0;51766
FR;1;2022-09-07;609;706;2921;16444;468;2425;16581;0;550;42671625;41544361;26730257;5321867;42594900;28843113;5587990;0;52316
FR;1;2022-09-08;582;796;3701;24224;543;3041;24305;0;796;42672207;41545157;26733958;5346091;42595443;28846154;5612295;0;53112
FR;1;2022-09-09;782;976;4307;26897;618;3597;27078;0;903;42672989;41546133;26738265;5372988;42596061;28849751;5639373;0;54015
FR;1;2022-09-10;349;573;1680;5590;403;1480;5782;0;203;42673338;41546706;26739945;5378578;42596464;28851231;5645155;0;54218
FR;1;2022-09-11;106;120;313;646;82;293;703;0;17;42673444;41546826;26740258;5379224;42596546;28851524;5645858;0;54235
FR;1;2022-09-12;482;605;2616;12955;426;2233;13235;0;462;42673926;41547431;26742874;5392179;42596972;28853757;5659093;0;54697
FR;1;2022-09-13;647;831;3870;25850;542;3383;25721;0;834;42674573;41548262;26746744;5418029;42597514;28857140;5684814;0;55531
FR;1;2022-09-14;625;724;2881;15702;508;2412;15938;0;537;42675198;41548986;26749625;5433731;42598022;28859552;5700752;0;56068
FR;1;2022-09-15;532;777;3345;23092;549;2851;23156;0;679;42675730;41549763;26752970;5456823;42598571;28862403;5723908;0;56747
FR;1;2022-09-16;726;947;4020;25351;631;3392;25550;0;891;42676456;41550710;26756990;5482174;42599202;28865795;5749458;0;57638
FR;1;2022-09-17;303;428;1397;5979;300;1222;6087;0;227;42676759;41551138;26758387;5488153;42599502;28867017;5755545;0;57865
FR;1;2022-09-18;99;126;310;924;103;278;980;0;34;42676858;41551264;26758697;5489077;42599605;28867295;5756525;0;57899
FR;1;2022-09-19;400;577;2142;12864;379;1837;13018;0;414;42677258;41551841;26760839;5501941;42599984;28869132;5769543;0;58313
FR;1;2022-09-20;564;839;3669;25830;587;3066;25870;0;854;42677822;41552680;26764508;5527771;42600571;28872198;5795413;0;59167
FR;1;2022-09-21;485;690;2628;15862;490;2256;15826;0;561;42678307;41553370;26767136;5543633;42601061;28874454;5811239;0;59728
FR;1;2022-09-22;549;777;3296;22968;517;2695;23156;0;744;42678856;41554147;26770432;5566601;42601578;28877149;5834395;0;60472
FR;1;2022-09-23;767;944;4353;28164;678;3634;28327;0;981;42679623;41555091;26774785;5594765;42602256;28880783;5862722;0;61453
FR;1;2022-09-24;356;539;1591;6706;379;1373;6880;0;300;42679979;41555630;26776376;5601471;42602635;28882156;5869602;0;61753
FR;1;2022-09-25;81;157;321;1072;111;293;1110;0;32;42680060;41555787;26776697;5602543;42602746;28882449;5870712;0;61785
FR;1;2022-09-26;383;654;2182;13078;432;1935;13171;0;412;42680443;41556441;26778879;5615621;42603178;28884384;5883883;0;62197
FR;1;2022-09-27;544;767;3458;25025;541;2794;25223;0;906;42680987;41557208;26782337;5640646;42603719;28887178;5909106;0;63103
FR;1;2022-09-28;525;720;2448;14972;507;2217;15061;0;597;42681512;41557928;26784785;5655618;42604226;28889395;5924167;0;63700
FR;1;2022-09-29;504;697;2999;20366;487;2523;20381;0;767;42682016;41558625;26787784;5675984;42604713;28891918;5944548;0;64467
FR;1;2022-09-30;694;996;3777;24429;705;3160;24678;0;970;42682710;41559621;26791561;5700413;42605418;28895078;5969226;0;65437
FR;1;2022-10-01;352;610;1905;5507;446;1659;5733;0;273;42683062;41560231;26793466;5705920;42605864;28896737;5974959;0;65710
FR;1;2022-10-02;56;120;204;568;82;204;589;0;29;42683118;41560351;26793670;5706488;42605946;28896941;5975548;0;65739
FR;1;2022-10-03;553;875;2226;10042;719;1986;10210;0;489;42683671;41561226;26795896;5716530;42606665;28898927;5985758;0;66228
FR;1;2022-10-04;659;738;2930;18922;506;2481;19010;0;1086;42684330;41561964;26798826;5735452;42607171;28901408;6004768;0;67314
FR;1;2022-10-05;486;726;2099;11114;500;1872;11243;0;723;42684816;41562690;26800925;5746566;42607671;28903280;6016011;0;68037
FR;1;2022-10-06;451;643;2498;15777;465;2063;15959;0;1062;42685267;41563333;26803423;5762343;42608136;28905343;6031970;0;69099
FR;1;2022-10-07;559;772;2694;16068;570;2311;16092;0;1161;42685826;41564105;26806117;5778411;42608706;28907654;6048062;0;70260
FR;1;2022-10-08;242;315;888;3171;248;776;3276;0;291;42686068;41564420;26807005;5781582;42608954;28908430;6051338;0;70551
FR;1;2022-10-09;76;91;151;461;81;135;487;0;51;42686144;41564511;26807156;5782043;42609035;28908565;6051825;0;70602
FR;1;2022-10-10;315;567;1324;4999;474;1240;5096;0;463;42686459;41565078;26808480;5787042;42609509;28909805;6056921;0;71065
FR;1;2022-10-11;336;456;1316;8086;341;1198;8187;0;758;42686795;41565534;26809796;5795128;42609850;28911003;6065108;0;71823
FR;1;2022-10-12;346;481;1078;5222;367;1076;5239;0;521;42687141;41566015;26810874;5800350;42610217;28912079;6070347;0;72344
FR;1;2022-10-13;337;450;1079;6099;360;936;6146;0;629;42687478;41566465;26811953;5806449;42610577;28913015;6076493;0;72973
FR;1;2022-10-14;413;553;1176;6712;468;1049;6781;0;676;42687891;41567018;26813129;5813161;42611045;28914064;6083274;0;73649
FR;1;2022-10-15;212;346;531;1860;298;514;1868;0;226;42688103;41567364;26813660;5815021;42611343;28914578;6085142;0;73875
FR;1;2022-10-16;47;67;111;296;48;118;315;0;48;42688150;41567431;26813771;5815317;42611391;28914696;6085457;0;73923
FR;1;2022-10-17;237;335;742;2653;267;698;2698;0;366;42688387;41567766;26814513;5817970;42611658;28915394;6088155;0;74289
FR;1;2022-10-18;266;319;956;4596;257;833;4700;0;866;42688653;41568085;26815469;5822566;42611915;28916227;6092855;0;75155
FR;1;2022-10-19;286;406;697;3185;339;666;3164;0;502;42688939;41568491;26816166;5825751;42612254;28916893;6096019;0;75657
FR;1;2022-10-20;288;355;903;4369;302;795;4404;0;771;42689227;41568846;26817069;5830120;42612556;28917688;6100423;0;76428
FR;1;2022-10-21;304;421;847;3806;372;743;3878;0;675;42689531;41569267;26817916;5833926;42612928;28918431;6104301;0;77103
FR;1;2022-10-22;135;184;306;1253;162;300;1218;0;210;42689666;41569451;26818222;5835179;42613090;28918731;6105519;0;77313
FR;1;2022-10-23;34;43;65;197;41;59;213;0;25;42689700;41569494;26818287;5835376;42613131;28918790;6105732;0;77338
FR;1;2022-10-24;273;236;479;1603;204;476;1660;0;306;42689973;41569730;26818766;5836979;42613335;28919266;6107392;0;77644
FR;1;2022-10-25;222;258;528;2651;227;449;2707;0;487;42690195;41569988;26819294;5839630;42613562;28919715;6110099;0;78131
FR;1;2022-10-26;235;251;394;1958;240;371;1965;0;438;42690430;41570239;26819688;5841588;42613802;28920086;6112064;0;78569
FR;1;2022-10-27;260;235;490;2167;207;509;2151;0;518;42690690;41570474;26820178;5843755;42614009;28920595;6114215;0;79087
FR;1;2022-10-28;312;333;534;2335;312;471;2402;0;478;42691002;41570807;26820712;5846090;42614321;28921066;6116617;0;79565
FR;1;2022-10-29;99;158;176;716;128;210;708;0;203;42691101;41570965;26820888;5846806;42614449;28921276;6117325;0;79768
FR;1;2022-10-30;38;50;62;184;42;56;189;0;38;42691139;41571015;26820950;5846990;42614491;28921332;6117514;0;79806
FR;1;2022-10-31;135;189;295;796;168;273;863;0;143;42691274;41571204;26821245;5847786;42614659;28921605;6118377;0;79949
FR;1;2022-11-01;72;135;767;115;117;767;134;0;19;42691346;41571339;26822012;5847901;42614776;28922372;6118511;0;79968
FR;1;2022-11-02;269;246;531;985;242;497;1048;0;356;42691615;41571585;26822543;5848886;42615018;28922869;6119559;0;80324
FR;1;2022-11-03;272;238;442;1379;223;403;1418;0;377;42691887;41571823;26822985;5850265;42615241;28923272;6120977;0;80701
FR;1;2022-11-04;233;262;424;1597;242;401;1637;0;438;42692120;41572085;26823409;5851862;42615483;28923673;6122614;0;81139
FR;1;2022-11-05;100;135;273;503;124;255;525;0;111;42692220;41572220;26823682;5852365;42615607;28923928;6123139;0;81250
FR;1;2022-11-06;36;49;32;131;48;35;129;0;33;42692256;41572269;26823714;5852496;42615655;28923963;6123268;0;81283
FR;1;2022-11-07;220;283;326;899;271;319;944;0;212;42692476;41572552;26824040;5853395;42615926;28924282;6124212;0;81495
FR;1;2022-11-08;238;267;472;1709;255;417;1738;0;524;42692714;41572819;26824512;5855104;42616181;28924699;6125950;0;82019
FR;1;2022-11-09;196;256;337;1104;246;303;1141;0;477;42692910;41573075;26824849;5856208;42616427;28925002;6127091;0;82496
FR;1;2022-11-10;216;377;435;1680;369;442;1670;0;605;42693126;41573452;26825284;5857888;42616796;28925444;6128761;0;83101
FR;1;2022-11-11;34;48;105;100;45;92;114;0;44;42693160;41573500;26825389;5857988;42616841;28925536;6128875;0;83145
FR;1;2022-11-12;95;150;257;375;137;256;390;0;101;42693255;41573650;26825646;5858363;42616978;28925792;6129265;0;83246
FR;1;2022-11-13;25;56;28;64;53;31;66;0;26;42693280;41573706;26825674;5858427;42617031;28925823;6129331;0;83272
FR;1;2022-11-14;173;184;271;768;172;275;838;0;235;42693453;41573890;26825945;5859195;42617203;28926098;6130169;0;83507
FR;1;2022-11-15;227;404;394;1300;403;372;1338;0;436;42693680;41574294;26826339;5860495;42617606;28926470;6131507;0;83943
FR;1;2022-11-16;197;272;336;983;266;350;1017;0;359;42693877;41574566;26826675;5861478;42617872;28926820;6132524;0;84302
FR;1;2022-11-17;171;210;297;1207;204;273;1211;0;387;42694048;41574776;26826972;5862685;42618076;28927093;6133735;0;84689
FR;1;2022-11-18;229;269;394;1315;261;383;1349;0;411;42694277;41575045;26827366;5864000;42618337;28927476;6135084;0;85100
FR;1;2022-11-19;120;115;249;441;114;214;474;0;102;42694397;41575160;26827615;5864441;42618451;28927690;6135558;0;85202
FR;1;2022-11-20;35;129;31;66;125;33;74;0;28;42694432;41575289;26827646;5864507;42618576;28927723;6135632;0;85230
FR;1;2022-11-21;174;172;271;640;145;288;677;0;211;42694606;41575461;26827917;5865147;42618721;28928011;6136309;0;85441
FR;1;2022-11-22;157;168;417;1160;151;398;1185;0;409;42694763;41575629;26828334;5866307;42618872;28928409;6137494;0;85850
FR;1;2022-11-23;179;185;246;763;170;247;786;0;241;42694942;41575814;26828580;5867070;42619042;28928656;6138280;0;86091
FR;1;2022-11-24;138;170;288;1212;151;300;1215;0;442;42695080;41575984;26828868;5868282;42619193;28928956;6139495;0;86533
FR;1;2022-11-25;210;247;429;1159;233;418;1191;0;392;42695290;41576231;26829297;5869441;42619426;28929374;6140686;0;86925
FR;1;2022-11-26;90;109;113;323;101;125;311;0;118;42695380;41576340;26829410;5869764;42619527;28929499;6140997;0;87043
FR;1;2022-11-27;18;38;22;72;25;34;78;0;49;42695398;41576378;26829432;5869836;42619552;28929533;6141075;0;87092
FR;1;2022-11-28;211;146;209;665;153;205;708;0;332;42695609;41576524;26829641;5870501;42619705;28929738;6141783;0;87424
FR;1;2022-11-29;171;145;269;1107;130;251;1119;0;458;42695780;41576669;26829910;5871608;42619835;28929989;6142902;0;87882
FR;1;2022-11-30;161;209;235;939;195;238;961;0;323;42695941;41576878;26830145;5872547;42620030;28930227;6143863;0;88205
FR;1;2022-12-01;166;161;716;1097;149;681;1146;0;379;42696107;41577039;26830861;5873644;42620179;28930908;6145009;0;88584
FR;1;2022-12-02;201;199;516;1187;194;512;1235;0;470;42696308;41577238;26831377;5874831;42620373;28931420;6146244;0;89054
FR;1;2022-12-03;102;111;262;532;99;240;529;0;180;42696410;41577349;26831639;5875363;42620472;28931660;6146773;0;89234
FR;1;2022-12-04;27;27;19;138;24;20;129;0;58;42696437;41577376;26831658;5875501;42620496;28931680;6146902;0;89292
FR;1;2022-12-05;148;164;307;867;161;301;900;0;316;42696585;41577540;26831965;5876368;42620657;28931981;6147802;0;89608
FR;1;2022-12-06;156;172;274;1449;158;279;1455;0;739;42696741;41577712;26832239;5877817;42620815;28932260;6149257;0;90347
FR;1;2022-12-07;155;169;256;1187;178;236;1203;0;576;42696896;41577881;26832495;5879004;42620993;28932496;6150460;0;90923
FR;1;2022-12-08;131;145;302;1756;137;259;1797;0;765;42697027;41578026;26832797;5880760;42621130;28932755;6152257;0;91688
FR;1;2022-12-09;202;196;356;1815;169;364;1836;0;721;42697229;41578222;26833153;5882575;42621299;28933119;6154093;0;92409
FR;1;2022-12-10;116;148;341;856;135;324;877;0;292;42697345;41578370;26833494;5883431;42621434;28933443;6154970;0;92701
FR;1;2022-12-11;31;30;32;218;27;30;200;0;62;42697376;41578400;26833526;5883649;42621461;28933473;6155170;0;92763
FR;1;2022-12-12;128;105;296;1100;102;283;1113;0;457;42697504;41578505;26833822;5884749;42621563;28933756;6156283;0;93220
FR;1;2022-12-13;125;129;293;1307;103;268;1321;0;618;42697629;41578634;26834115;5886056;42621666;28934024;6157604;0;93838
FR;1;2022-12-14;105;159;256;867;153;235;892;0;372;42697734;41578793;26834371;5886923;42621819;28934259;6158496;0;94210
FR;1;2022-12-15;139;181;456;1492;168;426;1518;0;691;42697873;41578974;26834827;5888415;42621987;28934685;6160014;0;94901
FR;1;2022-12-16;205;217;569;1344;220;553;1367;0;623;42698078;41579191;26835396;5889759;42622207;28935238;6161381;0;95524
FR;1;2022-12-17;88;93;224;467;82;219;475;0;204;42698166;41579284;26835620;5890226;42622289;28935457;6161856;0;95728
FR;1;2022-12-18;17;22;27;112;19;29;108;0;37;42698183;41579306;26835647;5890338;42622308;28935486;6161964;0;95765
FR;1;2022-12-19;151;131;250;791;139;220;835;0;381;42698334;41579437;26835897;5891129;42622447;28935706;6162799;0;96146
FR;1;2022-12-20;147;162;354;906;149;348;912;0;427;42698481;41579599;26836251;5892035;42622596;28936054;6163711;0;96573
FR;1;2022-12-21;139;112;214;638;122;180;646;0;388;42698620;41579711;26836465;5892673;42622718;28936234;6164357;0;96961
FR;1;2022-12-22;148;111;165;552;121;150;543;0;329;42698768;41579822;26836630;5893225;42622839;28936384;6164900;0;97290
FR;1;2022-12-23;130;157;457;419;141;447;426;0;182;42698898;41579979;26837087;5893644;42622980;28936831;6165326;0;97472
FR;1;2022-12-24;30;27;33;56;29;32;63;0;21;42698928;41580006;26837120;5893700;42623009;28936863;6165389;0;97493
FR;1;2022-12-25;4;11;20;12;12;14;15;0;11;42698932;41580017;26837140;5893712;42623021;28936877;6165404;0;97504
FR;1;2022-12-26;94;90;248;251;89;253;257;0;93;42699026;41580107;26837388;5893963;42623110;28937130;6165661;0;97597
FR;1;2022-12-27;117;160;310;387;151;316;402;0;180;42699143;41580267;26837698;5894350;42623261;28937446;6166063;0;97777
FR;1;2022-12-28;107;143;203;270;129;206;281;0;126;42699250;41580410;26837901;5894620;42623390;28937652;6166344;0;97903
FR;1;2022-12-29;105;105;154;282;105;153;303;0;114;42699355;41580515;26838055;5894902;42623495;28937805;6166647;0;98017
FR;1;2022-12-30;127;123;89;258;115;94;268;0;143;42699482;41580638;26838144;5895160;42623610;28937899;6166915;0;98160
FR;1;2022-12-31;38;35;28;79;40;25;79;0;25;42699520;41580673;26838172;5895239;42623650;28937924;6166994;0;98185
FR;1;2023-01-01;6;12;61;22;12;57;27;0;10;42699526;41580685;26838233;5895261;42623662;28937981;6167021;0;98195
FR;1;2023-01-02;357;139;676;169;146;656;194;0;64;42699883;41580824;26838909;5895430;42623808;28938637;6167215;0;98259
FR;1;2023-01-03;165;104;371;207;102;364;215;0;146;42700048;41580928;26839280;5895637;42623910;28939001;6167430;0;98405
FR;1;2023-01-04;94;99;248;198;100;249;208;0;193;42700142;41581027;26839528;5895835;42624010;28939250;6167638;0;98598
FR;1;2023-01-05;147;127;174;337;137;175;338;0;206;42700289;41581154;26839702;5896172;42624147;28939425;6167976;0;98804
FR;1;2023-01-06;198;144;224;325;147;210;350;0;230;42700487;41581298;26839926;5896497;42624294;28939635;6168326;0;99034
FR;1;2023-01-07;106;89;175;147;92;158;164;0;93;42700593;41581387;26840101;5896644;42624386;28939793;6168490;0;99127
FR;1;2023-01-08;26;19;31;59;18;26;64;0;24;42700619;41581406;26840132;5896703;42624404;28939819;6168554;0;99151
FR;1;2023-01-09;138;126;133;135;123;141;153;0;115;42700757;41581532;26840265;5896838;42624527;28939960;6168707;0;99266
FR;1;2023-01-10;119;132;281;277;129;288;278;0;192;42700876;41581664;26840546;5897115;42624656;28940248;6168985;0;99458
FR;1;2023-01-11;106;111;91;209;120;95;221;0;96;42700982;41581775;26840637;5897324;42624776;28940343;6169206;0;99554
FR;1;2023-01-12;135;120;214;243;115;214;268;0;166;42701117;41581895;26840851;5897567;42624891;28940557;6169474;0;99720
FR;1;2023-01-13;228;164;173;286;162;172;306;0;189;42701345;41582059;26841024;5897853;42625053;28940729;6169780;0;99909
FR;1;2023-01-14;89;64;162;104;66;172;103;0;62;42701434;41582123;26841186;5897957;42625119;28940901;6169883;0;99971
FR;1;2023-01-15;23;36;31;42;33;31;46;0;30;42701457;41582159;26841217;5897999;42625152;28940932;6169929;0;100001
FR;1;2023-01-16;113;104;310;155;98;314;133;0;100;42701570;41582263;26841527;5898154;42625250;28941246;6170062;0;100101
FR;1;2023-01-17;113;100;167;216;99;164;243;0;128;42701683;41582363;26841694;5898370;42625349;28941410;6170305;0;100229
FR;1;2023-01-18;99;89;97;143;88;92;184;0;121;42701782;41582452;26841791;5898513;42625437;28941502;6170489;0;100350
FR;1;2023-01-19;112;78;105;134;76;117;134;0;135;42701894;41582530;26841896;5898647;42625513;28941619;6170623;0;100485
FR;1;2023-01-20;170;148;167;278;149;195;267;0;203;42702064;41582678;26842063;5898925;42625662;28941814;6170890;0;100688
FR;1;2023-01-21;58;71;91;85;71;102;75;0;35;42702122;41582749;26842154;5899010;42625733;28941916;6170965;0;100723
FR;1;2023-01-22;10;9;13;21;7;9;25;0;14;42702132;41582758;26842167;5899031;42625740;28941925;6170990;0;100737
FR;1;2023-01-23;88;84;108;100;87;100;119;0;85;42702220;41582842;26842275;5899131;42625827;28942025;6171109;0;100822
FR;1;2023-01-24;122;76;73;122;89;70;131;0;183;42702342;41582918;26842348;5899253;42625916;28942095;6171240;0;101005
FR;1;2023-01-25;98;118;78;108;119;78;124;0;107;42702440;41583036;26842426;5899361;42626035;28942173;6171364;0;101112
FR;1;2023-01-26;104;105;63;152;94;68;173;0;107;42702544;41583141;26842489;5899513;42626129;28942241;6171537;0;101219
FR;1;2023-01-27;172;371;105;137;387;122;137;0;200;42702716;41583512;26842594;5899650;42626516;28942363;6171674;0;101419
FR;1;2023-01-28;73;74;55;40;76;52;48;0;28;42702789;41583586;26842649;5899690;42626592;28942415;6171722;0;101447
FR;1;2023-01-29;12;22;33;10;20;31;16;0;12;42702801;41583608;26842682;5899700;42626612;28942446;6171738;0;101459
FR;1;2023-01-30;144;108;64;72;110;70;80;0;51;42702945;41583716;26842746;5899772;42626722;28942516;6171818;0;101510
FR;1;2023-01-31;122;84;65;137;73;68;149;0;143;42703067;41583800;26842811;5899909;42626795;28942584;6171967;0;101653
FR;1;2023-02-01;122;140;345;106;138;338;134;0;77;42703189;41583940;26843156;5900015;42626933;28942922;6172101;0;101730
FR;1;2023-02-02;88;96;91;106;91;98;108;0;98;42703277;41584036;26843247;5900121;42627024;28943020;6172209;0;101828
FR;1;2023-02-03;155;146;133;98;146;139;104;0;97;42703432;41584182;26843380;5900219;42627170;28943159;6172313;0;101925
FR;1;2023-02-04;50;78;72;46;85;74;47;0;24;42703482;41584260;26843452;5900265;42627255;28943233;6172360;0;101949
FR;1;2023-02-05;6;8;18;6;7;21;7;0;8;42703488;41584268;26843470;5900271;42627262;28943254;6172367;0;101957
FR;1;2023-02-06;95;76;112;77;83;114;81;0;89;42703583;41584344;26843582;5900348;42627345;28943368;6172448;0;102046
FR;1;2023-02-07;91;75;97;76;76;91;96;0;114;42703674;41584419;26843679;5900424;42627421;28943459;6172544;0;102160
FR;1;2023-02-08;83;93;62;30;92;67;34;0;51;42703757;41584512;26843741;5900454;42627513;28943526;6172578;0;102211
FR;1;2023-02-09;65;65;82;59;75;81;67;0;79;42703822;41584577;26843823;5900513;42627588;28943607;6172645;0;102290
FR;1;2023-02-10;142;131;57;72;134;69;73;0;117;42703964;41584708;26843880;5900585;42627722;28943676;6172718;0;102407
FR;1;2023-02-11;45;52;78;25;49;87;27;0;11;42704009;41584760;26843958;5900610;42627771;28943763;6172745;0;102418
FR;1;2023-02-12;10;9;10;8;13;10;9;0;9;42704019;41584769;26843968;5900618;42627784;28943773;6172754;0;102427
FR;1;2023-02-13;80;111;45;42;112;52;34;0;31;42704099;41584880;26844013;5900660;42627896;28943825;6172788;0;102458
FR;1;2023-02-14;69;70;73;50;69;77;47;0;77;42704168;41584950;26844086;5900710;42627965;28943902;6172835;0;102535
FR;1;2023-02-15;75;99;77;52;107;83;60;0;81;42704243;41585049;26844163;5900762;42628072;28943985;6172895;0;102616
FR;1;2023-02-16;60;75;114;82;63;123;86;0;73;42704303;41585124;26844277;5900844;42628135;28944108;6172981;0;102689
FR;1;2023-02-17;104;124;169;61;129;173;70;0;47;42704407;41585248;26844446;5900905;42628264;28944281;6173051;0;102736
FR;1;2023-02-18;44;56;147;41;56;153;43;0;9;42704451;41585304;26844593;5900946;42628320;28944434;6173094;0;102745
FR;1;2023-02-19;14;0;6;4;2;5;4;0;5;42704465;41585304;26844599;5900950;42628322;28944439;6173098;0;102750
FR;1;2023-02-20;76;73;50;28;77;55;32;0;16;42704541;41585377;26844649;5900978;42628399;28944494;6173130;0;102766
FR;1;2023-02-21;62;74;54;49;78;57;47;0;38;42704603;41585451;26844703;5901027;42628477;28944551;6173177;0;102804
FR;1;2023-02-22;64;77;32;18;78;36;18;0;22;42704667;41585528;26844735;5901045;42628555;28944587;6173195;0;102826
FR;1;2023-02-23;51;78;47;36;76;57;31;0;54;42704718;41585606;26844782;5901081;42628631;28944644;6173226;0;102880
FR;1;2023-02-24;95;111;42;33;112;50;34;0;38;42704813;41585717;26844824;5901114;42628743;28944694;6173260;0;102918
FR;1;2023-02-25;42;49;69;22;56;69;24;0;26;42704855;41585766;26844893;5901136;42628799;28944763;6173284;0;102944
FR;1;2023-02-26;2;3;1;2;1;3;1;0;3;42704857;41585769;26844894;5901138;42628800;28944766;6173285;0;102947
FR;1;2023-02-27;91;77;62;35;77;70;32;0;20;42704948;41585846;26844956;5901173;42628877;28944836;6173317;0;102967
FR;1;2023-02-28;87;72;34;50;68;44;52;0;32;42705035;41585918;26844990;5901223;42628945;28944880;6173369;0;102999
FR;1;2023-03-01;72;89;242;52;87;234;69;0;42;42705107;41586007;26845232;5901275;42629032;28945114;6173438;0;103041
FR;1;2023-03-02;65;63;88;55;64;85;66;0;117;42705172;41586070;26845320;5901330;42629096;28945199;6173504;0;103158
FR;1;2023-03-03;106;107;65;52;106;64;55;0;47;42705278;41586177;26845385;5901382;42629202;28945263;6173559;0;103205
FR;1;2023-03-04;51;46;69;26;43;70;31;0;15;42705329;41586223;26845454;5901408;42629245;28945333;6173590;0;103220
FR;1;2023-03-05;4;2;5;0;3;5;1;0;0;42705333;41586225;26845459;5901408;42629248;28945338;6173591;0;103220
FR;1;2023-03-06;86;57;79;17;63;85;23;0;14;42705419;41586282;26845538;5901425;42629311;28945423;6173614;0;103234
FR;1;2023-03-07;52;71;47;40;68;45;50;0;71;42705471;41586353;26845585;5901465;42629379;28945468;6173664;0;103305
FR;1;2023-03-08;47;65;32;16;68;34;22;0;6;42705518;41586418;26845617;5901481;42629447;28945502;6173686;0;103311
FR;1;2023-03-09;37;54;45;22;49;49;31;0;27;42705555;41586472;26845662;5901503;42629496;28945551;6173717;0;103338
FR;1;2023-03-10;93;97;84;41;97;88;46;0;25;42705648;41586569;26845746;5901544;42629593;28945639;6173763;0;103363
FR;1;2023-03-11;47;39;50;9;33;57;12;0;6;42705695;41586608;26845796;5901553;42629626;28945696;6173775;0;103369
FR;1;2023-03-12;2;10;7;0;12;6;1;0;0;42705697;41586618;26845803;5901553;42629638;28945702;6173776;0;103369
FR;1;2023-03-13;47;57;38;14;53;45;14;0;18;42705744;41586675;26845841;5901567;42629691;28945747;6173790;0;103387
FR;1;2023-03-14;66;46;54;21;50;58;23;0;31;42705810;41586721;26845895;5901588;42629741;28945805;6173813;0;103418
FR;1;2023-03-15;39;59;68;31;59;74;35;0;23;42705849;41586780;26845963;5901619;42629800;28945879;6173848;0;103441
FR;1;2023-03-16;55;49;87;23;53;86;27;0;20;42705904;41586829;26846050;5901642;42629853;28945965;6173875;0;103461
FR;1;2023-03-17;109;86;99;37;100;102;41;0;35;42706013;41586915;26846149;5901679;42629953;28946067;6173916;0;103496
FR;1;2023-03-18;34;33;144;10;28;148;15;0;5;42706047;41586948;26846293;5901689;42629981;28946215;6173931;0;103501
FR;1;2023-03-19;11;2;1;2;3;1;3;0;0;42706058;41586950;26846294;5901691;42629984;28946216;6173934;0;103501
FR;1;2023-03-20;43;55;47;17;45;57;21;0;14;42706101;41587005;26846341;5901708;42630029;28946273;6173955;0;103515
FR;1;2023-03-21;73;60;40;11;65;43;16;0;26;42706174;41587065;26846381;5901719;42630094;28946316;6173971;0;103541
FR;1;2023-03-22;58;53;36;31;53;50;26;0;13;42706232;41587118;26846417;5901750;42630147;28946366;6173997;0;103554
FR;1;2023-03-23;58;47;37;23;48;41;25;0;47;42706290;41587165;26846454;5901773;42630195;28946407;6174022;0;103601
FR;1;2023-03-24;77;103;190;29;106;196;35;0;23;42706367;41587268;26846644;5901802;42630301;28946603;6174057;0;103624
FR;1;2023-03-25;46;49;47;10;46;51;14;0;5;42706413;41587317;26846691;5901812;42630347;28946654;6174071;0;103629
FR;1;2023-03-26;2;3;8;0;0;9;2;0;2;42706415;41587320;26846699;5901812;42630347;28946663;6174073;0;103631
FR;1;2023-03-27;103;58;68;11;61;71;15;0;22;42706518;41587378;26846767;5901823;42630408;28946734;6174088;0;103653
FR;1;2023-03-28;46;38;23;21;41;25;21;0;31;42706564;41587416;26846790;5901844;42630449;28946759;6174109;0;103684
FR;1;2023-03-29;54;45;31;28;44;38;25;0;14;42706618;41587461;26846821;5901872;42630493;28946797;6174134;0;103698
FR;1;2023-03-30;56;41;58;19;44;57;26;0;29;42706674;41587502;26846879;5901891;42630537;28946854;6174160;0;103727
FR;1;2023-03-31;66;84;28;16;82;34;13;0;35;42706740;41587586;26846907;5901907;42630619;28946888;6174173;0;103762
FR;1;2023-04-01;29;53;126;10;50;128;17;0;10;42706769;41587639;26847033;5901917;42630669;28947016;6174190;0;103772
FR;1;2023-04-02;1;1;7;0;1;6;1;0;0;42706770;41587640;26847040;5901917;42630670;28947022;6174191;0;103772
FR;1;2023-04-03;90;49;138;26;45;140;31;0;19;42706860;41587689;26847178;5901943;42630715;28947162;6174222;0;103791
FR;1;2023-04-04;39;50;38;11;42;45;12;0;25;42706899;41587739;26847216;5901954;42630757;28947207;6174234;0;103816
FR;1;2023-04-05;25;40;33;19;37;27;27;0;14;42706924;41587779;26847249;5901973;42630794;28947234;6174261;0;103830
FR;1;2023-04-06;41;44;30;11;41;31;16;0;15;42706965;41587823;26847279;5901984;42630835;28947265;6174277;0;103845
FR;1;2023-04-07;47;63;33;17;62;37;16;0;13;42707012;41587886;26847312;5902001;42630897;28947302;6174293;0;103858
FR;1;2023-04-08;25;32;8;13;25;15;13;0;13;42707037;41587918;26847320;5902014;42630922;28947317;6174306;0;103871
FR;1;2023-04-09;1;2;0;2;1;1;2;0;1;42707038;41587920;26847320;5902016;42630923;28947318;6174308;0;103872
FR;1;2023-04-10;5;14;22;1;14;24;1;0;1;42707043;41587934;26847342;5902017;42630937;28947342;6174309;0;103873
FR;1;2023-04-11;39;50;21;12;49;20;14;0;17;42707082;41587984;26847363;5902029;42630986;28947362;6174323;0;103890
FR;1;2023-04-12;36;34;29;19;32;36;20;0;24;42707118;41588018;26847392;5902048;42631018;28947398;6174343;0;103914
FR;1;2023-04-13;36;33;15;15;34;20;13;0;26;42707154;41588051;26847407;5902063;42631052;28947418;6174356;0;103940
FR;1;2023-04-14;59;69;125;14;78;120;19;0;17;42707213;41588120;26847532;5902077;42631130;28947538;6174375;0;103957
FR;1;2023-04-15;28;28;12;8;28;17;8;0;2;42707241;41588148;26847544;5902085;42631158;28947555;6174383;0;103959
FR;1;2023-04-16;3;2;0;0;2;0;0;0;0;42707244;41588150;26847544;5902085;42631160;28947555;6174383;0;103959
FR;1;2023-04-17;37;38;53;16;42;59;14;0;11;42707281;41588188;26847597;5902101;42631202;28947614;6174397;0;103970
FR;1;2023-04-18;36;38;26;7;33;30;11;0;24;42707317;41588226;26847623;5902108;42631235;28947644;6174408;0;103994
FR;1;2023-04-19;36;57;10;6;57;11;8;0;13;42707353;41588283;26847633;5902114;42631292;28947655;6174416;0;104007
FR;1;2023-04-20;27;39;35;16;39;36;17;0;14;42707380;41588322;26847668;5902130;42631331;28947691;6174433;0;104021
FR;1;2023-04-21;46;56;48;14;53;52;16;0;18;42707426;41588378;26847716;5902144;42631384;28947743;6174449;0;104039
FR;1;2023-04-22;19;21;10;5;18;15;5;0;4;42707445;41588399;26847726;5902149;42631402;28947758;6174454;0;104043
FR;1;2023-04-23;0;1;2;1;1;2;1;0;0;42707445;41588400;26847728;5902150;42631403;28947760;6174455;0;104043
FR;1;2023-04-24;57;39;28;5;37;32;6;0;8;42707502;41588439;26847756;5902155;42631440;28947792;6174461;0;104051
FR;1;2023-04-25;29;34;22;15;30;23;19;0;15;42707531;41588473;26847778;5902170;42631470;28947815;6174480;0;104066
FR;1;2023-04-26;31;24;6;6;24;11;7;0;7;42707562;41588497;26847784;5902176;42631494;28947826;6174487;0;104073
FR;1;2023-04-27;32;35;25;25;30;30;28;0;11;42707594;41588532;26847809;5902201;42631524;28947856;6174515;0;104084
FR;1;2023-04-28;68;50;19;12;44;25;18;0;11;42707662;41588582;26847828;5902213;42631568;28947881;6174533;0;104095
FR;1;2023-04-29;19;19;11;5;18;9;9;0;9;42707681;41588601;26847839;5902218;42631586;28947890;6174542;0;104104
FR;1;2023-04-30;6;0;0;1;0;0;1;0;0;42707687;41588601;26847839;5902219;42631586;28947890;6174543;0;104104
FR;1;2023-05-01;0;6;8;0;6;8;0;0;0;42707687;41588607;26847847;5902219;42631592;28947898;6174543;0;104104
FR;1;2023-05-02;92;38;21;5;42;22;11;0;19;42707779;41588645;26847868;5902224;42631634;28947920;6174554;0;104123
FR;1;2023-05-03;48;25;15;2;22;20;2;0;7;42707827;41588670;26847883;5902226;42631656;28947940;6174556;0;104130
FR;1;2023-05-04;18;30;17;15;30;15;18;0;11;42707845;41588700;26847900;5902241;42631686;28947955;6174574;0;104141
FR;1;2023-05-05;24;29;12;2;29;9;5;0;8;42707869;41588729;26847912;5902243;42631715;28947964;6174579;0;104149
FR;1;2023-05-06;11;7;3;2;8;5;3;0;5;42707880;41588736;26847915;5902245;42631723;28947969;6174582;0;104154
FR;1;2023-05-07;2;1;2;2;1;1;2;0;1;42707882;41588737;26847917;5902247;42631724;28947970;6174584;0;104155
FR;1;2023-05-08;6;0;0;1;0;0;1;0;0;42707888;41588737;26847917;5902248;42631724;28947970;6174585;0;104155
FR;1;2023-05-09;14;16;8;3;14;8;6;0;9;42707902;41588753;26847925;5902251;42631738;28947978;6174591;0;104164
FR;2;2020-12-27;0;0;0;0;0;0;0;0;0;0;0;0;0;0;0;0;0;0
FR;2;2020-12-28;0;0;0;0;0;0;0;0;0;0;0;0;0;0;0;0;0;0
FR;2;2020-12-29;0;0;0;0;0;0;0;0;0;0;0;0;0;0;0;0;0;0
FR;2;2020-12-30;0;0;0;0;0;0;0;0;0;0;0;0;0;0;0;0;0;0
FR;2;2020-12-31;0;0;0;0;0;0;0;0;0;0;0;0;0;0;0;0;0;0
FR;2;2021-01-01;0;0;0;0;0;0;0;0;0;0;0;0;0;0;0;0;0;0
FR;2;2021-01-02;0;0;0;0;0;0;0;0;0;0;0;0;0;0;0;0;0;0
FR;2;2021-01-03;0;0;0;0;0;0;0;0;0;0;0;0;0;0;0;0;0;0
FR;2;2021-01-04;0;0;0;0;0;0;0;0;0;0;0;0;0;0;0;0;0;0
FR;2;2021-01-05;0;0;0;0;0;0;0;0;0;0;0;0;0;0;0;0;0;0
FR;2;2021-01-06;0;0;0;0;0;0;0;0;0;0;0;0;0;0;0;0;0;0
FR;2;2021-01-07;0;0;0;0;0;0;0;0;0;0;0;0;0;0;0;0;0;0
FR;2;2021-01-08;0;0;0;0;0;0;0;0;0;0;0;0;0;0;0;0;0;0
FR;2;2021-01-09;0;0;0;0;0;0;0;0;0;0;0;0;0;0;0;0;0;0
FR;2;2021-01-10;0;0;0;0;0;0;0;0;0;0;0;0;0;0;0;0;0;0
FR;2;2021-01-11;0;0;0;0;0;0;0;0;0;0;0;0;0;0;0;0;0;0
FR;2;2021-01-12;0;0;0;0;0;0;0;0;0;0;0;0;0;0;0;0;0;0
FR;2;2021-01-13;0;0;0;0;0;0;0;0;0;0;0;0;0;0;0;0;0;0
FR;2;2021-01-14;1636;0;0;0;213;0;0;0;0;1636;0;0;0;213;0;0;0;0
FR;2;2021-01-15;398;0;0;0;28;0;0;0;0;2034;0;0;0;241;0;0;0;0
FR;2;2021-01-16;316;0;0;0;12;0;0;0;0;2350;0;0;0;253;0;0;0;0
FR;2;2021-01-17;84;0;0;0;7;0;0;0;0;2434;0;0;0;260;0;0;0;0
FR;2;2021-01-18;3075;3;0;0;27;0;0;0;0;5509;3;0;0;287;0;0;0;0
FR;2;2021-01-19;4681;2;0;0;31;0;0;0;0;10190;5;0;0;318;0;0;0;0
FR;2;2021-01-20;5138;6;0;0;58;0;0;0;0;15328;11;0;0;376;0;0;0;0
FR;2;2021-01-21;5345;9;0;0;55;0;0;0;0;20673;20;0;0;431;0;0;0;0
FR;2;2021-01-22;5119;19;0;0;70;0;0;0;0;25792;39;0;0;501;0;0;0;0
FR;2;2021-01-23;1875;2;0;0;16;0;0;0;0;27667;41;0;0;517;0;0;0;0
FR;2;2021-01-24;163;2;0;0;8;0;0;0;0;27830;43;0;0;525;0;0;0;0
FR;2;2021-01-25;3814;4;0;0;37;0;0;0;0;31644;47;0;0;562;0;0;0;0
FR;2;2021-01-26;3930;6;0;0;42;0;0;0;0;35574;53;0;0;604;0;0;0;0
FR;2;2021-01-27;3606;4;0;0;36;0;0;0;0;39180;57;0;0;640;0;0;0;0
FR;2;2021-01-28;3757;9;0;0;44;0;0;0;0;42937;66;0;0;684;0;0;0;0
FR;2;2021-01-29;3300;6;0;0;42;0;0;0;0;46237;72;0;0;726;0;0;0;0
FR;2;2021-01-30;1133;3;0;0;16;0;0;0;0;47370;75;0;0;742;0;0;0;0
FR;2;2021-01-31;46;2;0;0;9;0;0;0;0;47416;77;0;0;751;0;0;0;0
FR;2;2021-02-01;3408;13;0;0;44;0;0;0;0;50824;90;0;0;795;0;0;0;0
FR;2;2021-02-02;4498;19;0;0;53;0;0;0;0;55322;109;0;0;848;0;0;0;0
FR;2;2021-02-03;5223;12;0;0;83;0;0;0;0;60545;121;0;0;931;0;0;0;0
FR;2;2021-02-04;4941;11;0;0;36;0;0;0;0;65486;132;0;0;967;0;0;0;0
FR;2;2021-02-05;4817;17;0;0;50;0;0;0;0;70303;149;0;0;1017;0;0;0;0
FR;2;2021-02-06;2047;15;0;0;41;0;0;0;0;72350;164;0;0;1058;0;0;0;0
FR;2;2021-02-07;103;6;0;0;20;0;0;0;0;72453;170;0;0;1078;0;0;0;0
FR;2;2021-02-08;7559;27;0;0;86;0;0;0;0;80012;197;0;0;1164;0;0;0;0
FR;2;2021-02-09;8435;31;0;0;100;0;0;0;0;88447;228;0;0;1264;0;0;0;0
FR;2;2021-02-10;9349;63;0;0;183;0;0;0;0;97796;291;0;0;1447;0;0;0;0
FR;2;2021-02-11;10292;132;0;0;256;0;0;0;0;108088;423;0;0;1703;0;0;0;0
FR;2;2021-02-12;10059;276;0;0;430;0;0;0;0;118147;699;0;0;2133;0;0;0;0
FR;2;2021-02-13;3121;223;0;0;261;0;0;0;0;121268;922;0;0;2394;0;0;0;0
FR;2;2021-02-14;358;11;0;0;21;0;0;0;0;121626;933;0;0;2415;0;0;0;0
FR;2;2021-02-15;3460;3129;0;0;3176;0;0;0;0;125086;4062;0;0;5591;0;0;0;0
FR;2;2021-02-16;5076;4164;0;0;4237;0;0;0;0;130162;8226;0;0;9828;0;0;0;0
FR;2;2021-02-17;4259;4554;0;0;4631;0;0;0;0;134421;12780;0;0;14459;0;0;0;0
FR;2;2021-02-18;5406;5179;0;0;5249;0;0;0;0;139827;17959;0;0;19708;0;0;0;0
FR;2;2021-02-19;5329;4491;0;0;4592;0;0;0;0;145156;22450;0;0;24300;0;0;0;0
FR;2;2021-02-20;1872;1520;0;0;1537;0;0;0;0;147028;23970;0;0;25837;0;0;0;0
FR;2;2021-02-21;244;96;0;0;98;0;0;0;0;147272;24066;0;0;25935;0;0;0;0
FR;2;2021-02-22;3614;3782;0;0;3844;0;0;0;0;150886;27848;0;0;29779;0;0;0;0
FR;2;2021-02-23;4956;3740;0;0;3804;0;0;0;0;155842;31588;0;0;33583;0;0;0;0
FR;2;2021-02-24;5017;3558;0;0;3611;0;0;0;0;160859;35146;0;0;37194;0;0;0;0
FR;2;2021-02-25;5501;3495;0;0;3585;0;0;0;0;166360;38641;0;0;40779;0;0;0;0
FR;2;2021-02-26;4368;3179;0;0;3253;0;0;0;0;170728;41820;0;0;44032;0;0;0;0
FR;2;2021-02-27;1629;1067;0;0;1086;0;0;0;0;172357;42887;0;0;45118;0;0;0;0
FR;2;2021-02-28;179;17;0;0;28;0;0;0;0;172536;42904;0;0;45146;0;0;0;0
FR;2;2021-03-01;5193;3763;0;0;3852;0;0;0;0;177729;46667;0;0;48998;0;0;0;0
FR;2;2021-03-02;6542;4728;0;0;4829;0;0;0;0;184271;51395;0;0;53827;0;0;0;0
FR;2;2021-03-03;6544;4955;0;0;5096;0;0;0;0;190815;56350;0;0;58923;0;0;0;0
FR;2;2021-03-04;8412;4210;0;0;4396;0;0;0;0;199227;60560;0;0;63319;0;0;0;0
FR;2;2021-03-05;8037;4054;0;0;4237;0;0;0;0;207264;64614;0;0;67556;0;0;0;0
FR;2;2021-03-06;4791;1683;0;0;1783;0;0;0;0;212055;66297;0;0;69339;0;0;0;0
FR;2;2021-03-07;2373;32;0;0;76;0;0;0;0;214428;66329;0;0;69415;0;0;0;0
FR;2;2021-03-08;4166;8392;0;0;8549;0;0;0;0;218594;74721;0;0;77964;0;0;0;0
FR;2;2021-03-09;7494;8610;1;0;8868;0;0;0;0;226088;83331;1;0;86832;0;0;0;0
FR;2;2021-03-10;7108;9246;0;0;9473;0;0;0;0;233196;92577;1;0;96305;0;0;0;0
FR;2;2021-03-11;9379;9365;1;0;9685;0;0;0;0;242575;101942;2;0;105990;0;0;0;0
FR;2;2021-03-12;7988;8368;0;0;8670;0;0;0;0;250563;110310;2;0;114660;0;0;0;0
FR;2;2021-03-13;10058;2593;0;0;2914;0;0;0;0;260621;112903;2;0;117574;0;0;0;0
FR;2;2021-03-14;4841;380;0;0;539;0;0;0;0;265462;113283;2;0;118113;0;0;0;0
FR;2;2021-03-15;10919;3476;0;0;3765;0;0;0;0;276381;116759;2;0;121878;0;0;0;0
FR;2;2021-03-16;16770;4732;1;0;5282;0;0;0;0;293151;121491;3;0;127160;0;0;0;0
FR;2;2021-03-17;20242;3998;0;0;4672;0;0;0;0;313393;125489;3;0;131832;0;0;0;0
FR;2;2021-03-18;23375;5128;0;0;5957;0;0;0;0;336768;130617;3;0;137789;0;0;0;0
FR;2;2021-03-19;23316;4680;0;0;5443;0;0;0;0;360084;135297;3;0;143232;0;0;0;0
FR;2;2021-03-20;25452;1588;0;0;2345;0;0;0;0;385536;136885;3;0;145577;0;0;0;0
FR;2;2021-03-21;17675;153;0;0;731;0;0;0;0;403211;137038;3;0;146308;0;0;0;0
FR;2;2021-03-22;17791;3268;0;0;3937;0;0;0;0;421002;140306;3;0;150245;0;0;0;0
FR;2;2021-03-23;22707;4288;0;0;5143;0;0;0;0;443709;144594;3;0;155388;0;0;0;0
FR;2;2021-03-24;23966;5096;0;0;5933;0;0;0;0;467675;149690;3;0;161321;0;0;0;0
FR;2;2021-03-25;26762;5257;1;0;6454;0;0;0;0;494437;154947;4;0;167775;0;0;0;0
FR;2;2021-03-26;26992;4236;0;0;5382;0;0;0;0;521429;159183;4;0;173157;0;0;0;0
FR;2;2021-03-27;15923;1369;0;0;1899;0;0;0;0;537352;160552;4;0;175056;0;0;0;0
FR;2;2021-03-28;10563;136;0;0;428;0;0;0;0;547915;160688;4;0;175484;0;0;0;0
FR;2;2021-03-29;19004;4349;0;0;5049;0;0;0;0;566919;165037;4;0;180533;0;0;0;0
FR;2;2021-03-30;24597;6105;0;0;7045;0;0;0;0;591516;171142;4;0;187578;0;0;0;0
FR;2;2021-03-31;28562;5930;0;0;7222;0;0;0;0;620078;177072;4;0;194800;0;0;0;0
FR;2;2021-04-01;34560;8576;1;0;10269;0;0;0;0;654638;185648;5;0;205069;0;0;0;0
FR;2;2021-04-02;29992;7736;0;0;9164;0;0;0;0;684630;193384;5;0;214233;0;0;0;0
FR;2;2021-04-03;16959;4263;0;0;4945;0;0;0;0;701589;197647;5;0;219178;0;0;0;0
FR;2;2021-04-04;9309;1269;2;0;1677;0;0;0;0;710898;198916;7;0;220855;0;0;0;0
FR;2;2021-04-05;12448;797;0;0;1381;0;0;0;0;723346;199713;7;0;222236;0;0;0;0
FR;2;2021-04-06;27159;7359;0;0;8751;0;0;0;0;750505;207072;7;0;230987;0;0;0;0
FR;2;2021-04-07;30931;7070;1;0;8646;0;0;0;0;781436;214142;8;0;239633;0;0;0;0
FR;2;2021-04-08;36896;8591;1;0;10516;0;0;0;0;818332;222733;9;0;250149;0;0;0;0
FR;2;2021-04-09;33856;8389;28;0;10174;0;0;0;0;852188;231122;37;0;260323;0;0;0;0
FR;2;2021-04-10;19689;9270;1;0;10182;0;0;0;0;871877;240392;38;0;270505;0;0;0;0
FR;2;2021-04-11;7943;4240;1;0;4603;0;0;0;0;879820;244632;39;0;275108;0;0;0;0
FR;2;2021-04-12;17137;11028;0;0;11869;0;0;0;0;896957;255660;39;0;286977;0;0;0;0
FR;2;2021-04-13;19465;16036;1;0;17104;0;0;0;0;916422;271696;40;0;304081;0;0;0;0
FR;2;2021-04-14;18071;16446;7;0;17542;0;0;0;0;934493;288142;47;0;321623;0;0;0;0
FR;2;2021-04-15;22208;21891;27;0;23345;0;0;0;0;956701;310033;74;0;344968;0;0;0;0
FR;2;2021-04-16;20721;20643;45;0;21916;0;0;0;0;977422;330676;119;0;366884;0;0;0;0
FR;2;2021-04-17;13258;22496;5;0;23227;0;0;0;0;990680;353172;124;0;390111;0;0;0;0
FR;2;2021-04-18;5911;14397;6;0;14737;0;0;0;0;996591;367569;130;0;404848;0;0;0;0
FR;2;2021-04-19;16850;16394;24;0;17197;0;0;0;0;1013441;383963;154;0;422045;0;0;0;0
FR;2;2021-04-20;19328;21807;38;0;22868;0;0;0;0;1032769;405770;192;0;444913;0;0;0;0
FR;2;2021-04-21;20294;21901;76;0;23051;0;0;0;0;1053063;427671;268;0;467964;0;0;0;0
FR;2;2021-04-22;23824;24956;41;0;26369;0;0;0;0;1076887;452627;309;0;494333;0;0;0;0
FR;2;2021-04-23;24534;25501;76;0;27013;0;0;0;0;1101421;478128;385;0;521346;0;0;0;0
FR;2;2021-04-24;25305;15068;104;0;16506;0;0;0;0;1126726;493196;489;0;537852;0;0;0;0
FR;2;2021-04-25;9597;8622;5;0;9183;0;0;0;0;1136323;501818;494;0;547035;0;0;0;0
FR;2;2021-04-26;17169;17678;21;0;18564;0;0;0;0;1153492;519496;515;0;565599;0;0;0;0
FR;2;2021-04-27;19246;24100;40;0;25284;0;0;0;0;1172738;543596;555;0;590883;0;0;0;0
FR;2;2021-04-28;22343;26459;113;0;27860;0;0;0;0;1195081;570055;668;0;618743;0;0;0;0
FR;2;2021-04-29;25477;30500;70;0;32190;0;0;0;0;1220558;600555;738;0;650933;0;0;0;0
FR;2;2021-04-30;25541;27977;49;1;29627;0;0;0;0;1246099;628532;787;1;680560;0;0;0;0
FR;2;2021-05-01;14988;9853;6;0;10654;0;0;0;0;1261087;638385;793;1;691214;0;0;0;0
FR;2;2021-05-02;6642;9160;2;0;9506;0;0;0;0;1267729;647545;795;1;700720;0;0;0;0
FR;2;2021-05-03;20026;19127;40;0;20334;0;0;0;0;1287755;666672;835;1;721054;0;0;0;0
FR;2;2021-05-04;18288;29202;33;0;30348;0;0;0;0;1306043;695874;868;1;751402;0;0;0;0
FR;2;2021-05-05;18385;29524;48;0;30822;0;0;0;0;1324428;725398;916;1;782224;0;0;0;0
FR;2;2021-05-06;23553;35413;132;0;36986;0;0;0;0;1347981;760811;1048;1;819210;0;0;0;0
FR;2;2021-05-07;25349;33241;97;0;35100;0;0;0;0;1373330;794052;1145;1;854310;0;0;0;0
FR;2;2021-05-08;21343;10697;15;0;11784;0;0;0;0;1394673;804749;1160;1;866094;0;0;0;0
FR;2;2021-05-09;13170;7609;7;0;8284;0;0;0;0;1407843;812358;1167;1;874378;0;0;0;0
FR;2;2021-05-10;32949;21718;50;0;23575;0;0;0;0;1440792;834076;1217;1;897953;0;0;0;0
FR;2;2021-05-11;43616;20904;101;0;23529;0;0;0;0;1484408;854980;1318;1;921482;0;0;0;0
FR;2;2021-05-12;50070;19638;143;0;22518;0;0;0;0;1534478;874618;1461;1;944000;0;0;0;0
FR;2;2021-05-13;51301;5597;31;0;8465;0;0;0;0;1585779;880215;1492;1;952465;0;0;0;0
FR;2;2021-05-14;61361;12883;132;0;16537;0;0;0;0;1647140;893098;1624;1;969002;0;0;0;0
FR;2;2021-05-15;65938;7100;40;0;10650;0;0;0;0;1713078;900198;1664;1;979652;0;0;0;0
FR;2;2021-05-16;43588;2573;10;0;4944;0;0;0;0;1756666;902771;1674;1;984596;0;0;0;0
FR;2;2021-05-17;44756;12447;114;0;15354;0;0;0;0;1801422;915218;1788;1;999950;0;0;0;0
FR;2;2021-05-18;54650;12289;190;0;15972;0;0;0;0;1856072;927507;1978;1;1015922;0;0;0;0
FR;2;2021-05-19;57180;10459;281;0;14499;0;0;0;0;1913252;937966;2259;1;1030421;0;0;0;0
FR;2;2021-05-20;63452;10803;288;0;14898;0;0;0;0;1976704;948769;2547;1;1045319;0;0;0;0
FR;2;2021-05-21;64306;11601;230;0;16026;0;0;0;0;2041010;960370;2777;1;1061345;0;0;0;0
FR;2;2021-05-22;61488;4529;65;0;8499;0;0;0;0;2102498;964899;2842;1;1069844;0;0;0;0
FR;2;2021-05-23;37536;575;22;0;2912;0;0;0;0;2140034;965474;2864;1;1072756;0;0;0;0
FR;2;2021-05-24;17248;2052;35;0;3259;0;0;0;0;2157282;967526;2899;1;1076015;0;0;0;0
FR;2;2021-05-25;21121;12254;241;0;13855;0;0;0;0;2178403;979780;3140;1;1089870;0;0;0;0
FR;2;2021-05-26;19946;11539;230;0;13068;0;0;0;0;2198349;991319;3370;1;1102938;0;0;0;0
FR;2;2021-05-27;23001;12663;182;0;14400;0;0;0;0;2221350;1003982;3552;1;1117338;0;0;0;0
FR;2;2021-05-28;29398;15044;190;0;17225;0;0;0;0;2250748;1019026;3742;1;1134563;0;0;0;0
FR;2;2021-05-29;30425;8196;58;0;10104;0;0;0;0;2281173;1027222;3800;1;1144667;0;0;0;0
FR;2;2021-05-30;4648;1819;6;0;2154;0;0;0;0;2285821;1029041;3806;1;1146821;0;0;0;0
FR;2;2021-05-31;28590;18741;184;0;20820;0;0;0;0;2314411;1047782;3990;1;1167641;0;0;0;0
FR;2;2021-06-01;45744;19915;225;0;23151;0;0;0;0;2360155;1067697;4215;1;1190792;0;0;0;0
FR;2;2021-06-02;37483;19312;182;0;22318;0;0;0;0;2397638;1087009;4397;1;1213110;0;0;0;0
FR;2;2021-06-03;51284;23117;161;0;26971;0;0;0;0;2448922;1110126;4558;1;1240081;0;0;0;0
FR;2;2021-06-04;65519;24088;217;0;29053;0;0;0;0;2514441;1134214;4775;1;1269134;0;0;0;0
FR;2;2021-06-05;34607;24109;52;0;26964;0;0;0;0;2549048;1158323;4827;1;1296098;0;0;0;0
FR;2;2021-06-06;4958;6194;10;0;6613;0;0;0;0;2554006;1164517;4837;1;1302711;0;0;0;0
FR;2;2021-06-07;28177;23016;150;0;25432;0;0;0;0;2582183;1187533;4987;1;1328143;0;0;0;0
FR;2;2021-06-08;46379;22944;143;0;26910;0;0;0;0;2628562;1210477;5130;1;1355053;0;0;0;0
FR;2;2021-06-09;34297;21000;107;0;24132;0;0;0;0;2662859;1231477;5237;1;1379185;0;0;0;0
FR;2;2021-06-10;42644;19081;96;1;23003;0;0;0;0;2705503;1250558;5333;2;1402188;0;0;0;0
FR;2;2021-06-11;55306;25133;134;0;30232;0;0;0;0;2760809;1275691;5467;2;1432420;0;0;0;0
FR;2;2021-06-12;30567;19800;53;0;22654;0;0;0;0;2791376;1295491;5520;2;1455074;0;0;0;0
FR;2;2021-06-13;3333;9197;13;0;9586;0;0;0;0;2794709;1304688;5533;2;1464660;0;0;0;0
FR;2;2021-06-14;25304;24119;92;0;26699;0;0;0;0;2820013;1328807;5625;2;1491359;0;0;0;0
FR;2;2021-06-15;39049;22819;154;0;26567;0;0;0;0;2859062;1351626;5779;2;1517926;0;0;0;0
FR;2;2021-06-16;30168;21368;135;0;24521;0;0;0;0;2889230;1372994;5914;2;1542447;0;0;0;0
FR;2;2021-06-17;36913;25738;150;0;29600;0;0;0;0;2926143;1398732;6064;2;1572047;0;0;0;0
FR;2;2021-06-18;46860;28886;123;0;33589;0;0;0;0;2973003;1427618;6187;2;1605636;0;0;0;0
FR;2;2021-06-19;24527;24940;39;0;27714;0;0;0;0;2997530;1452558;6226;2;1633350;0;0;0;0
FR;2;2021-06-20;3745;10058;9;0;10557;0;0;0;0;3001275;1462616;6235;2;1643907;0;0;0;0
FR;2;2021-06-21;17538;42861;88;0;44873;0;0;0;0;3018813;1505477;6323;2;1688780;0;0;0;0
FR;2;2021-06-22;28367;49617;110;0;53046;0;0;0;0;3047180;1555094;6433;2;1741826;0;0;0;0
FR;2;2021-06-23;21790;49616;107;1;52465;1;0;0;0;3068970;1604710;6540;3;1794291;1;0;0;0
FR;2;2021-06-24;28381;50317;134;0;54048;0;0;0;0;3097351;1655027;6674;3;1848339;1;0;0;0
FR;2;2021-06-25;33402;60489;129;0;64878;0;0;0;0;3130753;1715516;6803;3;1913217;1;0;0;0
FR;2;2021-06-26;16395;59356;54;1;61748;0;0;0;0;3147148;1774872;6857;4;1974965;1;0;0;0
FR;2;2021-06-27;2566;29316;22;1;29898;0;0;0;0;3149714;1804188;6879;5;2004863;1;0;0;0
FR;2;2021-06-28;12641;54341;84;0;56317;0;0;0;0;3162355;1858529;6963;5;2061180;1;0;0;0
FR;2;2021-06-29;19857;59999;178;0;62941;0;0;0;0;3182212;1918528;7141;5;2124121;1;0;0;0
FR;2;2021-06-30;16337;58038;253;17;60722;0;0;0;0;3198549;1976566;7394;22;2184843;1;0;0;0
FR;2;2021-07-01;20497;59874;228;0;63201;0;0;0;0;3219046;2036440;7622;22;2248044;1;0;0;0
FR;2;2021-07-02;24083;62160;184;0;66374;0;0;0;0;3243129;2098600;7806;22;2314418;1;0;0;0
FR;2;2021-07-03;12123;57146;153;0;59485;0;0;0;0;3255252;2155746;7959;22;2373903;1;0;0;0
FR;2;2021-07-04;1961;23303;18;0;23870;0;0;0;0;3257213;2179049;7977;22;2397773;1;0;0;0
FR;2;2021-07-05;9179;29257;106;0;30893;0;0;0;0;3266392;2208306;8083;22;2428666;1;0;0;0
FR;2;2021-07-06;14584;36279;135;0;38958;0;0;0;0;3280976;2244585;8218;22;2467624;1;0;0;0
FR;2;2021-07-07;14421;33663;140;0;36417;0;0;0;0;3295397;2278248;8358;22;2504041;1;0;0;0
FR;2;2021-07-08;19723;40324;162;0;43981;0;0;0;0;3315120;2318572;8520;22;2548022;1;0;0;0
FR;2;2021-07-09;27105;54334;202;1;59484;0;0;0;0;3342225;2372906;8722;23;2607506;1;0;0;0
FR;2;2021-07-10;13389;33708;107;0;36392;0;0;0;0;3355614;2406614;8829;23;2643898;1;0;0;0
FR;2;2021-07-11;1811;4344;16;0;4771;0;0;0;0;3357425;2410958;8845;23;2648669;1;0;0;0
FR;2;2021-07-12;12971;37265;119;0;39920;0;0;0;0;3370396;2448223;8964;23;2688589;1;0;0;0
FR;2;2021-07-13;37120;53146;152;0;60280;0;0;0;0;3407516;2501369;9116;23;2748869;1;0;0;0
FR;2;2021-07-14;6628;3540;15;0;4887;0;0;0;0;3414144;2504909;9131;23;2753756;1;0;0;0
FR;2;2021-07-15;47244;47013;156;0;55209;0;0;0;0;3461388;2551922;9287;23;2808965;1;0;0;0
FR;2;2021-07-16;64320;55755;188;0;66738;0;0;0;0;3525708;2607677;9475;23;2875703;1;0;0;0
FR;2;2021-07-17;31603;23918;96;0;29375;0;0;0;0;3557311;2631595;9571;23;2905078;1;0;0;0
FR;2;2021-07-18;6090;4807;19;0;5952;0;0;0;0;3563401;2636402;9590;23;2911030;1;0;0;0
FR;2;2021-07-19;33007;28599;94;0;34211;0;0;0;0;3596408;2665001;9684;23;2945241;1;0;0;0
FR;2;2021-07-20;51999;44525;155;0;53160;0;0;0;0;3648407;2709526;9839;23;2998401;1;0;0;0
FR;2;2021-07-21;45257;34626;93;0;42128;0;0;0;0;3693664;2744152;9932;23;3040529;1;0;0;0
FR;2;2021-07-22;56280;41081;128;1;50354;0;0;0;0;3749944;2785233;10060;24;3090883;1;0;0;0
FR;2;2021-07-23;68305;48967;170;0;60257;0;0;0;0;3818249;2834200;10230;24;3151140;1;0;0;0
FR;2;2021-07-24;36178;21613;82;0;27471;0;0;0;0;3854427;2855813;10312;24;3178611;1;0;0;0
FR;2;2021-07-25;6751;2609;10;0;3867;0;0;0;0;3861178;2858422;10322;24;3182478;1;0;0;0
FR;2;2021-07-26;36320;22337;91;1;27840;0;0;0;0;3897498;2880759;10413;25;3210318;1;0;0;0
FR;2;2021-07-27;62392;34563;180;0;43711;0;0;0;0;3959890;2915322;10593;25;3254029;1;0;0;0
FR;2;2021-07-28;55326;26425;132;0;34511;0;0;0;0;4015216;2941747;10725;25;3288540;1;0;0;0
FR;2;2021-07-29;68481;32797;189;0;42480;0;0;0;0;4083697;2974544;10914;25;3331020;1;0;0;0
FR;2;2021-07-30;74468;37816;222;1;48606;0;0;0;0;4158165;3012360;11136;26;3379626;1;0;0;0
FR;2;2021-07-31;34778;16207;105;0;21406;0;0;0;0;4192943;3028567;11241;26;3401032;1;0;0;0
FR;2;2021-08-01;5416;2260;19;0;3123;0;0;0;0;4198359;3030827;11260;26;3404155;1;0;0;0
FR;2;2021-08-02;35896;16151;101;0;21054;0;0;0;0;4234255;3046978;11361;26;3425209;1;0;0;0
FR;2;2021-08-03;55988;28259;143;0;35462;0;0;0;0;4290243;3075237;11504;26;3460671;1;0;0;0
FR;2;2021-08-04;46639;20828;128;1;26936;0;0;0;0;4336882;3096065;11632;27;3487607;1;0;0;0
FR;2;2021-08-05;54641;31562;215;0;38738;0;0;0;0;4391523;3127627;11847;27;3526345;1;0;0;0
FR;2;2021-08-06;58098;42398;242;1;50226;0;0;0;0;4449621;3170025;12089;28;3576571;1;0;0;0
FR;2;2021-08-07;25152;17627;89;0;21317;0;0;0;0;4474773;3187652;12178;28;3597888;1;0;0;0
FR;2;2021-08-08;3840;3653;21;0;4311;0;0;0;0;4478613;3191305;12199;28;3602199;1;0;0;0
FR;2;2021-08-09;29308;21023;92;0;24849;0;0;0;0;4507921;3212328;12291;28;3627048;1;0;0;0
FR;2;2021-08-10;45014;33466;155;0;39227;0;0;0;0;4552935;3245794;12446;28;3666275;1;0;0;0
FR;2;2021-08-11;35277;25144;151;0;29743;0;0;0;0;4588212;3270938;12597;28;3696018;1;0;0;0
FR;2;2021-08-12;41905;35691;163;0;41228;0;0;0;0;4630117;3306629;12760;28;3737246;1;0;0;0
FR;2;2021-08-13;42608;37350;218;0;43037;0;0;0;0;4672725;3343979;12978;28;3780283;1;0;0;0
FR;2;2021-08-14;18524;22132;94;0;24763;0;0;0;0;4691249;3366111;13072;28;3805046;1;0;0;0
FR;2;2021-08-15;3865;3795;17;0;4381;0;0;0;0;4695114;3369906;13089;28;3809427;1;0;0;0
FR;2;2021-08-16;25094;27125;111;0;30447;0;0;0;0;4720208;3397031;13200;28;3839874;1;0;0;0
FR;2;2021-08-17;38270;43397;207;2;48381;0;0;0;0;4758478;3440428;13407;30;3888255;1;0;0;0
FR;2;2021-08-18;32254;36353;195;1;40695;0;0;0;0;4790732;3476781;13602;31;3928950;1;0;0;0
FR;2;2021-08-19;37435;46574;224;0;51776;0;0;0;0;4828167;3523355;13826;31;3980726;1;0;0;0
FR;2;2021-08-20;40569;55649;271;1;61576;0;0;0;0;4868736;3579004;14097;32;4042302;1;0;0;0
FR;2;2021-08-21;18121;24321;117;0;27113;0;0;0;0;4886857;3603325;14214;32;4069415;1;0;0;0
FR;2;2021-08-22;2909;4320;22;1;4852;1;0;0;0;4889766;3607645;14236;33;4074267;2;0;0;0
FR;2;2021-08-23;19250;35149;131;1;38038;0;0;0;0;4909016;3642794;14367;34;4112305;2;0;0;0
FR;2;2021-08-24;31952;56036;236;0;60693;0;0;0;0;4940968;3698830;14603;34;4172998;2;0;0;0
FR;2;2021-08-25;25934;43457;251;0;47406;0;0;0;0;4966902;3742287;14854;34;4220404;2;0;0;0
FR;2;2021-08-26;32362;55844;388;0;60582;0;0;0;0;4999264;3798131;15242;34;4280986;2;0;0;0
FR;2;2021-08-27;37004;65680;477;2;71405;0;0;0;0;5036268;3863811;15719;36;4352391;2;0;0;0
FR;2;2021-08-28;17819;28556;300;0;31616;0;0;0;0;5054087;3892367;16019;36;4384007;2;0;0;0
FR;2;2021-08-29;2656;5012;47;0;5623;0;0;0;0;5056743;3897379;16066;36;4389630;2;0;0;0
FR;2;2021-08-30;18418;37727;399;0;40146;756;0;0;0;5075161;3935106;16465;36;4429776;758;0;0;0
FR;2;2021-08-31;28077;57518;887;4;60949;1558;0;0;0;5103238;3992624;17352;40;4490725;2316;0;0;0
FR;2;2021-09-01;21595;39876;1309;0;42256;2129;0;0;0;5124833;4032500;18661;40;4532981;4445;0;0;0
FR;2;2021-09-02;25486;48668;1963;2;50943;3369;0;0;0;5150319;4081168;20624;42;4583924;7814;0;0;0
FR;2;2021-09-03;33414;64574;2988;3;67537;4886;1;0;0;5183733;4145742;23612;45;4651461;12700;1;0;0
FR;2;2021-09-04;16833;27766;1443;1;29557;2386;0;0;0;5200566;4173508;25055;46;4681018;15086;1;0;0
FR;2;2021-09-05;2265;3585;266;0;3941;412;0;0;0;5202831;4177093;25321;46;4684959;15498;1;0;0
FR;2;2021-09-06;14045;28694;1771;1;29759;2945;0;0;0;5216876;4205787;27092;47;4714718;18443;1;0;0
FR;2;2021-09-07;21111;41110;3022;13;42263;4945;0;0;0;5237987;4246897;30114;60;4756981;23388;1;0;0
FR;2;2021-09-08;17248;31921;2735;6;32738;4498;0;0;0;5255235;4278818;32849;66;4789719;27886;1;0;0
FR;2;2021-09-09;20982;40485;4437;3;41229;6842;0;0;0;5276217;4319303;37286;69;4830948;34728;1;0;0
FR;2;2021-09-10;28203;51315;5286;4;51884;8979;1;0;0;5304420;4370618;42572;73;4882832;43707;2;0;0
FR;2;2021-09-11;13655;22461;2405;5;23133;3990;0;0;0;5318075;4393079;44977;78;4905965;47697;2;0;0
FR;2;2021-09-12;1824;2770;292;0;2964;509;0;0;0;5319899;4395849;45269;78;4908929;48206;2;0;0
FR;2;2021-09-13;11659;21441;2474;4;21701;4052;0;0;0;5331558;4417290;47743;82;4930630;52258;2;0;0
FR;2;2021-09-14;18578;32720;5092;13;31678;9055;2;0;0;5350136;4450010;52835;95;4962308;61313;4;0;0
FR;2;2021-09-15;14917;28226;5168;3;26926;7748;9;0;0;5365053;4478236;58003;98;4989234;69061;13;0;0
FR;2;2021-09-16;16079;32798;6737;12;30179;10541;4;0;0;5381132;4511034;64740;110;5019413;79602;17;0;0
FR;2;2021-09-17;20916;47179;8782;10;42825;14631;6;0;0;5402048;4558213;73522;120;5062238;94233;23;0;0
FR;2;2021-09-18;9857;20960;3804;6;19596;6034;1;0;0;5411905;4579173;77326;126;5081834;100267;24;0;0
FR;2;2021-09-19;1166;2590;396;0;2533;631;0;0;0;5413071;4581763;77722;126;5084367;100898;24;0;0
FR;2;2021-09-20;7503;18702;3856;7;17025;6135;4;0;0;5420574;4600465;81578;133;5101392;107033;28;0;0
FR;2;2021-09-21;11215;29983;6495;5;26536;10744;3;0;0;5431789;4630448;88073;138;5127928;117777;31;0;0
FR;2;2021-09-22;9415;23546;5490;6;21194;8526;8;0;0;5441204;4653994;93563;144;5149122;126303;39;0;0
FR;2;2021-09-23;10730;28903;7881;10;24731;12646;10;0;0;5451934;4682897;101444;154;5173853;138949;49;0;0
FR;2;2021-09-24;15075;42945;10878;18;37280;17245;21;0;0;5467009;4725842;112322;172;5211133;156194;70;0;0
FR;2;2021-09-25;7258;18798;3965;9;17152;6120;3;0;0;5474267;4744640;116287;181;5228285;162314;73;0;0
FR;2;2021-09-26;1080;2544;495;0;2490;630;1;0;0;5475347;4747184;116782;181;5230775;162944;74;0;0
FR;2;2021-09-27;6311;16400;4287;8;14792;6533;2;0;0;5481658;4763584;121069;189;5245567;169477;76;0;0
FR;2;2021-09-28;9243;25573;7770;14;21720;12089;7;0;0;5490901;4789157;128839;203;5267287;181566;83;0;0
FR;2;2021-09-29;8081;20199;6067;25;17606;9259;8;0;0;5498982;4809356;134906;228;5284893;190825;91;0;0
FR;2;2021-09-30;9865;25838;9509;16;21639;14099;6;0;0;5508847;4835194;144415;244;5306532;204924;97;0;0
FR;2;2021-10-01;13979;35736;12921;25;30046;19328;9;0;0;5522826;4870930;157336;269;5336578;224252;106;0;0
FR;2;2021-10-02;6875;15933;4850;7;14226;7047;6;0;0;5529701;4886863;162186;276;5350804;231299;112;0;0
FR;2;2021-10-03;841;1908;492;1;1839;502;0;0;0;5530542;4888771;162678;277;5352643;231801;112;0;0
FR;2;2021-10-04;5826;13901;5516;5;12137;7854;6;0;0;5536368;4902672;168194;282;5364780;239655;118;0;0
FR;2;2021-10-05;9058;22571;11125;19;18531;15741;1;0;0;5545426;4925243;179319;301;5383311;255396;119;0;0
FR;2;2021-10-06;7785;17748;8243;11;15274;11091;4;0;0;5553211;4942991;187562;312;5398585;266487;123;0;0
FR;2;2021-10-07;9204;22214;12386;14;18007;16878;6;0;0;5562415;4965205;199948;326;5416592;283365;129;0;0
FR;2;2021-10-08;13432;32143;17349;28;26517;23609;11;0;0;5575847;4997348;217297;354;5443109;306974;140;0;0
FR;2;2021-10-09;6000;12847;6044;6;11381;7897;7;0;0;5581847;5010195;223341;360;5454490;314871;147;0;0
FR;2;2021-10-10;885;1592;436;2;1535;604;1;0;0;5582732;5011787;223777;362;5456025;315475;148;0;0
FR;2;2021-10-11;5607;11543;6455;17;9932;8828;3;0;0;5588339;5023330;230232;379;5465957;324303;151;0;0
FR;2;2021-10-12;8031;17790;12551;13;13921;16790;9;0;0;5596370;5041120;242783;392;5479878;341093;160;0;0
FR;2;2021-10-13;6947;14871;10256;12;11812;13663;7;0;0;5603317;5055991;253039;404;5491690;354756;167;0;0
FR;2;2021-10-14;8314;17940;14996;13;13557;19478;10;0;0;5611631;5073931;268035;417;5505247;374234;177;0;0
FR;2;2021-10-15;11856;26309;20902;26;19412;27981;4;0;0;5623487;5100240;288937;443;5524659;402215;181;0;0
FR;2;2021-10-16;5141;8728;1819;0;8172;3205;2;0;0;5628628;5108968;290756;443;5532831;405420;183;0;0
FR;2;2021-10-17;654;1150;185;0;1083;354;1;0;0;5629282;5110118;290941;443;5533914;405774;184;0;0
FR;2;2021-10-18;4564;7337;665;2;7243;1630;0;0;0;5633846;5117455;291606;445;5541157;407404;184;0;0
FR;2;2021-10-19;6239;9849;732;5;9656;2030;5;0;0;5640085;5127304;292338;450;5550813;409434;189;0;0
FR;2;2021-10-20;5170;8051;759;3;8173;1675;0;0;0;5645255;5135355;293097;453;5558986;411109;189;0;0
FR;2;2021-10-21;6090;9983;780;5;9840;2105;1;0;0;5651345;5145338;293877;458;5568826;413214;190;0;0
FR;2;2021-10-22;8452;14602;1151;4;14478;2891;2;0;0;5659797;5159940;295028;462;5583304;416105;192;0;0
FR;2;2021-10-23;3845;5993;587;0;6125;1235;3;0;0;5663642;5165933;295615;462;5589429;417340;195;0;0
FR;2;2021-10-24;494;882;101;0;900;204;0;0;0;5664136;5166815;295716;462;5590329;417544;195;0;0
FR;2;2021-10-25;3360;5342;307;1;5518;825;2;0;0;5667496;5172157;296023;463;5595847;418369;197;0;0
FR;2;2021-10-26;4177;7236;1134;4;7125;2023;5;0;0;5671673;5179393;297157;467;5602972;420392;202;0;0
FR;2;2021-10-27;3677;6586;1194;5;6448;1989;1;0;0;5675350;5185979;298351;472;5609420;422381;203;0;0
FR;2;2021-10-28;4597;7687;1737;3;7415;2746;1;0;0;5679947;5193666;300088;475;5616835;425127;204;0;0
FR;2;2021-10-29;5414;11082;2438;4;10692;3684;3;0;0;5685361;5204748;302526;479;5627527;428811;207;0;0
FR;2;2021-10-30;2749;4457;976;1;4452;1448;2;0;0;5688110;5209205;303502;480;5631979;430259;209;0;0
FR;2;2021-10-31;364;535;140;1;544;191;1;0;0;5688474;5209740;303642;481;5632523;430450;210;0;0
FR;2;2021-11-01;430;546;181;0;563;267;1;0;0;5688904;5210286;303823;481;5633086;430717;211;0;0
FR;2;2021-11-02;3294;6760;1184;0;6800;1771;5;0;0;5692198;5217046;305007;481;5639886;432488;216;0;0
FR;2;2021-11-03;3340;6226;1389;2;6311;1970;2;0;0;5695538;5223272;306396;483;5646197;434458;218;0;0
FR;2;2021-11-04;3987;7069;1769;4;7109;2495;3;0;0;5699525;5230341;308165;487;5653306;436953;221;0;0
FR;2;2021-11-05;5235;10502;2869;5;10215;3957;6;0;0;5704760;5240843;311034;492;5663521;440910;227;0;0
FR;2;2021-11-06;2597;4684;1407;0;4641;1824;2;0;0;5707357;5245527;312441;492;5668162;442734;229;0;0
FR;2;2021-11-07;506;862;221;0;869;291;2;0;0;5707863;5246389;312662;492;5669031;443025;231;0;0
FR;2;2021-11-08;2578;5348;1207;3;5268;1678;3;0;0;5710441;5251737;313869;495;5674299;444703;234;0;0
FR;2;2021-11-09;2749;6908;2402;5;6442;3182;2;0;0;5713190;5258645;316271;500;5680741;447885;236;0;0
FR;2;2021-11-10;2590;5668;5118;6;4761;6294;7;0;0;5715780;5264313;321389;506;5685502;454179;243;0;0
FR;2;2021-11-11;446;754;755;2;647;938;3;0;0;5716226;5265067;322144;508;5686149;455117;246;0;0
FR;2;2021-11-12;2953;8088;8982;8;6196;10933;9;0;0;5719179;5273155;331126;516;5692345;466050;255;0;0
FR;2;2021-11-13;1539;3374;3872;7;2722;4538;4;0;0;5720718;5276529;334998;523;5695067;470588;259;0;0
FR;2;2021-11-14;258;585;351;1;486;480;3;0;0;5720976;5277114;335349;524;5695553;471068;262;0;0
FR;2;2021-11-15;1621;3655;4449;8;2909;5329;16;0;0;5722597;5280769;339798;532;5698462;476397;278;0;0
FR;2;2021-11-16;2185;5875;8314;14;4152;10083;16;0;0;5724782;5286644;348112;546;5702614;486480;294;0;0
FR;2;2021-11-17;1740;4523;6634;8;3168;7852;5;0;0;5726522;5291167;354746;554;5705782;494332;299;0;0
FR;2;2021-11-18;2192;5920;9188;10;4018;11018;8;0;0;5728714;5297087;363934;564;5709800;505350;307;0;0
FR;2;2021-11-19;2701;7752;12981;19;4832;15480;12;0;0;5731415;5304839;376915;583;5714632;520830;319;0;0
FR;2;2021-11-20;1566;3333;5185;5;2351;6098;3;0;0;5732981;5308172;382100;588;5716983;526928;322;0;0
FR;2;2021-11-21;251;504;543;0;393;656;3;0;0;5733232;5308676;382643;588;5717376;527584;325;0;0
FR;2;2021-11-22;1278;2570;4485;5;1673;5397;9;0;0;5734510;5311246;387128;593;5719049;532981;334;0;0
FR;2;2021-11-23;1617;4277;8207;9;2536;9923;6;0;0;5736127;5315523;395335;602;5721585;542904;340;0;0
FR;2;2021-11-24;1421;3747;7486;14;2246;8736;9;0;0;5737548;5319270;402821;616;5723831;551640;349;0;0
FR;2;2021-11-25;1814;4863;11474;21;2682;13668;6;0;0;5739362;5324133;414295;637;5726513;565308;355;0;0
FR;2;2021-11-26;2541;7735;22676;31;3812;26091;14;0;0;5741903;5331868;436971;668;5730325;591399;369;0;0
FR;2;2021-11-27;1498;4144;12278;19;2127;14042;13;0;0;5743401;5336012;449249;687;5732452;605441;382;0;0
FR;2;2021-11-28;292;836;1976;3;478;2303;5;0;0;5743693;5336848;451225;690;5732930;607744;387;0;0
FR;2;2021-11-29;1449;4349;15099;23;2010;17269;25;0;0;5745142;5341197;466324;713;5734940;625013;412;0;0
FR;2;2021-11-30;1913;6658;26251;36;2640;30013;22;0;0;5747055;5347855;492575;749;5737580;655026;434;0;0
FR;2;2021-12-01;1918;6006;26210;31;2477;29518;20;0;0;5748973;5353861;518785;780;5740057;684544;454;0;0
FR;2;2021-12-02;1916;6780;37736;52;2112;41995;32;0;0;5750889;5360641;556521;832;5742169;726539;486;0;0
FR;2;2021-12-03;2558;10069;53644;111;3592;59391;31;0;0;5753447;5370710;610165;943;5745761;785930;517;0;0
FR;2;2021-12-04;1850;6275;37132;38;2185;40820;16;0;0;5755297;5376985;647297;981;5747946;826750;533;0;0
FR;2;2021-12-05;458;2242;14265;14;533;15990;7;0;0;5755755;5379227;661562;995;5748479;842740;540;0;0
FR;2;2021-12-06;2486;9848;77735;109;2701;84785;25;0;0;5758241;5389075;739297;1104;5751180;927525;565;0;0
FR;2;2021-12-07;3458;15288;122475;238;3742;133797;40;0;0;5761699;5404363;861772;1342;5754922;1061322;605;0;0
FR;2;2021-12-08;3725;15968;133225;330;3846;145413;54;0;0;5765424;5420331;994997;1672;5758768;1206735;659;0;0
FR;2;2021-12-09;4547;19624;170241;554;4165;185638;61;0;0;5769971;5439955;1165238;2226;5762933;1392373;720;0;0
FR;2;2021-12-10;4676;22804;188700;490;5011;206189;69;0;0;5774647;5462759;1353938;2716;5767944;1598562;789;0;0
FR;2;2021-12-11;3687;16621;132469;239;3663;144937;60;0;0;5778334;5479380;1486407;2955;5771607;1743499;849;0;0
FR;2;2021-12-12;1256;7119;59116;83;1016;65169;12;0;0;5779590;5486499;1545523;3038;5772623;1808668;861;0;0
FR;2;2021-12-13;5529;26811;220733;605;5223;243029;159;0;0;5785119;5513310;1766256;3643;5777846;2051697;1020;0;0
FR;2;2021-12-14;7019;37458;300806;909;6136;332278;190;0;0;5792138;5550768;2067062;4552;5783982;2383975;1210;0;0
FR;2;2021-12-15;6555;36216;285264;958;5866;315903;186;0;0;5798693;5586984;2352326;5510;5789848;2699878;1396;0;0
FR;2;2021-12-16;7765;37923;312178;982;6565;343820;186;0;0;5806458;5624907;2664504;6492;5796413;3043698;1582;0;0
FR;2;2021-12-17;8681;41188;327910;976;8020;360987;232;0;0;5815139;5666095;2992414;7468;5804433;3404685;1814;0;0
FR;2;2021-12-18;6515;26527;212374;448;4904;233673;120;0;0;5821654;5692622;3204788;7916;5809337;3638358;1934;0;0
FR;2;2021-12-19;2603;11403;90226;182;1655;100356;26;0;0;5824257;5704025;3295014;8098;5810992;3738714;1960;0;0
FR;2;2021-12-20;9548;33515;275258;707;6587;303403;209;0;0;5833805;5737540;3570272;8805;5817579;4042117;2169;0;0
FR;2;2021-12-21;11567;38269;309663;968;7368;341438;262;0;0;5845372;5775809;3879935;9773;5824947;4383555;2431;0;0
FR;2;2021-12-22;10461;32775;265147;952;6442;292502;316;0;1;5855833;5808584;4145082;10725;5831389;4676057;2747;0;1
FR;2;2021-12-23;9426;26619;199534;701;5874;221293;225;0;0;5865259;5835203;4344616;11426;5837263;4897350;2972;0;1
FR;2;2021-12-24;2783;7466;43866;140;2036;49561;78;0;0;5868042;5842669;4388482;11566;5839299;4946911;3050;0;1
FR;2;2021-12-25;201;670;2003;10;209;2477;15;0;0;5868243;5843339;4390485;11576;5839508;4949388;3065;0;1
FR;2;2021-12-26;1320;4215;25161;71;1052;28693;70;0;0;5869563;5847554;4415646;11647;5840560;4978081;3135;0;1
FR;2;2021-12-27;8076;29927;218437;659;6624;243387;294;0;0;5877639;5877481;4634083;12306;5847184;5221468;3429;0;1
FR;2;2021-12-28;9832;36287;272116;742;6982;302014;957;0;1;5887471;5913768;4906199;13048;5854166;5523482;4386;0;2
FR;2;2021-12-29;9498;32218;246151;765;6402;272696;1088;0;0;5896969;5945986;5152350;13813;5860568;5796178;5474;0;2
FR;2;2021-12-30;9464;28091;208839;663;5970;231479;1155;0;0;5906433;5974077;5361189;14476;5866538;6027657;6629;0;2
FR;2;2021-12-31;3011;8340;54991;176;2169;61233;392;0;0;5909444;5982417;5416180;14652;5868707;6088890;7021;0;2
FR;2;2022-01-01;231;693;2858;7;207;3353;29;0;0;5909675;5983110;5419038;14659;5868914;6092243;7050;0;2
FR;2;2022-01-02;1503;4859;29524;76;1166;33418;217;0;0;5911178;5987969;5448562;14735;5870080;6125661;7267;0;2
FR;2;2022-01-03;9606;35394;266544;806;8498;293919;1672;0;0;5920784;6023363;5715106;15541;5878578;6419580;8939;0;2
FR;2;2022-01-04;12857;45402;342103;1068;9971;377043;2458;0;1;5933641;6068765;6057209;16609;5888549;6796623;11397;0;3
FR;2;2022-01-05;11273;38627;294222;885;8635;323856;2155;0;2;5944914;6107392;6351431;17494;5897184;7120479;13552;0;5
FR;2;2022-01-06;13653;43487;331957;1298;9933;364767;2977;0;1;5958567;6150879;6683388;18792;5907117;7485246;16529;0;6
FR;2;2022-01-07;14224;47606;361123;1271;11231;396464;3159;0;0;5972791;6198485;7044511;20063;5918348;7881710;19688;0;6
FR;2;2022-01-08;7946;28137;201276;515;7209;221703;1531;0;2;5980737;6226622;7245787;20578;5925557;8103413;21219;0;8
FR;2;2022-01-09;2749;8946;62531;137;2069;69497;493;0;0;5983486;6235568;7308318;20715;5927626;8172910;21712;0;8
FR;2;2022-01-10;10100;31906;232509;859;8901;255084;2460;0;0;5993586;6267474;7540827;21574;5936527;8427994;24172;0;8
FR;2;2022-01-11;11466;36236;265948;1030;10055;290654;3380;0;1;6005052;6303710;7806775;22604;5946582;8718648;27552;0;9
FR;2;2022-01-12;8766;29787;206335;863;8716;226176;2798;0;5;6013818;6333497;8013110;23467;5955298;8944824;30350;0;14
FR;2;2022-01-13;9387;31337;224510;831;9038;244858;3463;0;4;6023205;6364834;8237620;24298;5964336;9189682;33813;0;18
FR;2;2022-01-14;9746;35574;254551;920;9841;277655;3979;0;1;6032951;6400408;8492171;25218;5974177;9467337;37792;0;19
FR;2;2022-01-15;5361;19443;140787;363;5321;153647;1929;0;0;6038312;6419851;8632958;25581;5979498;9620984;39721;0;19
FR;2;2022-01-16;1512;5457;35892;81;1619;39818;424;0;0;6039824;6425308;8668850;25662;5981117;9660802;40145;0;19
FR;2;2022-01-17;5546;19264;135421;601;6600;147263;2264;0;2;6045370;6444572;8804271;26263;5987717;9808065;42409;0;21
FR;2;2022-01-18;6422;21480;148647;648;7519;160471;3311;0;0;6051792;6466052;8952918;26911;5995236;9968536;45720;0;21
FR;2;2022-01-19;4398;16304;105112;552;6206;113702;2411;0;1;6056190;6482356;9058030;27463;6001442;10082238;48131;0;22
FR;2;2022-01-20;4873;17572;115304;603;7067;123695;3111;0;2;6061063;6499928;9173334;28066;6008509;10205933;51242;0;24
FR;2;2022-01-21;5198;20041;137357;679;7169;147775;3455;0;1;6066261;6519969;9310691;28745;6015678;10353708;54697;0;25
FR;2;2022-01-22;3033;10956;74265;260;3956;80339;1428;0;0;6069294;6530925;9384956;29005;6019634;10434047;56125;0;25
FR;2;2022-01-23;724;2707;15243;41;1055;16826;238;0;0;6070018;6533632;9400199;29046;6020689;10450873;56363;0;25
FR;2;2022-01-24;3292;12793;75084;431;5843;81019;1994;0;2;6073310;6546425;9475283;29477;6026532;10531892;58357;0;27
FR;2;2022-01-25;3575;14404;79637;496;6650;85462;2879;0;4;6076885;6560829;9554920;29973;6033182;10617354;61236;0;31
FR;2;2022-01-26;2515;10701;58987;363;5330;63036;1958;0;1;6079400;6571530;9613907;30336;6038512;10680390;63194;0;32
FR;2;2022-01-27;2684;11386;64185;391;5738;67972;2462;0;1;6082084;6582916;9678092;30727;6044250;10748362;65656;0;33
FR;2;2022-01-28;3551;18257;91730;430;8611;98907;3399;0;1;6085635;6601173;9769822;31157;6052861;10847269;69055;0;34
FR;2;2022-01-29;1896;9234;48856;164;4170;52929;1374;0;1;6087531;6610407;9818678;31321;6057031;10900198;70429;0;35
FR;2;2022-01-30;464;2206;9457;38;1049;10584;203;0;0;6087995;6612613;9828135;31359;6058080;10910782;70632;0;35
FR;2;2022-01-31;1891;9551;43834;209;4709;47322;1885;0;2;6089886;6622164;9871969;31568;6062789;10958104;72517;0;37
FR;2;2022-02-01;1917;10020;47030;279;4797;50080;2707;0;0;6091803;6632184;9918999;31847;6067586;11008184;75224;0;37
FR;2;2022-02-02;1614;8971;41124;250;4191;44147;2189;0;1;6093417;6641155;9960123;32097;6071777;11052331;77413;0;38
FR;2;2022-02-03;1732;8930;40526;205;4369;42911;2640;0;2;6095149;6650085;10000649;32302;6076146;11095242;80053;0;40
FR;2;2022-02-04;2151;15170;66648;299;7382;71317;3670;0;1;6097300;6665255;10067297;32601;6083528;11166559;83723;0;41
FR;2;2022-02-05;1360;8517;35948;132;4214;39220;1369;0;0;6098660;6673772;10103245;32733;6087742;11205779;85092;0;41
FR;2;2022-02-06;275;1761;6130;16;842;6899;217;0;0;6098935;6675533;10109375;32749;6088584;11212678;85309;0;41
FR;2;2022-02-07;1352;9543;37760;134;4535;41288;1888;0;2;6100287;6685076;10147135;32883;6093119;11253966;87197;0;43
FR;2;2022-02-08;1299;9833;40956;173;4645;43750;2741;0;1;6101586;6694909;10188091;33056;6097764;11297716;89938;0;44
FR;2;2022-02-09;1160;8841;37040;174;3804;40465;1901;0;2;6102746;6703750;10225131;33230;6101568;11338181;91839;0;46
FR;2;2022-02-10;1030;8001;33837;204;3605;36511;2051;0;1;6103776;6711751;10258968;33434;6105173;11374692;93890;0;47
FR;2;2022-02-11;1391;12087;53348;223;5282;57702;2888;0;0;6105167;6723838;10312316;33657;6110455;11432394;96778;0;47
FR;2;2022-02-12;753;6535;27989;86;2792;30808;1113;0;2;6105920;6730373;10340305;33743;6113247;11463202;97891;0;49
FR;2;2022-02-13;200;1340;4836;20;562;5577;141;0;0;6106120;6731713;10345141;33763;6113809;11468779;98032;0;49
FR;2;2022-02-14;836;6732;30274;92;2599;33233;1399;0;1;6106956;6738445;10375415;33855;6116408;11502012;99431;0;50
FR;2;2022-02-15;773;6473;28051;140;2801;29994;1965;0;2;6107729;6744918;10403466;33995;6119209;11532006;101396;0;52
FR;2;2022-02-16;657;5363;22069;124;2528;23635;1569;0;3;6108386;6750281;10425535;34119;6121737;11555641;102965;0;55
FR;2;2022-02-17;518;3786;14152;98;2131;14617;1406;0;2;6108904;6754067;10439687;34217;6123868;11570258;104371;0;57
FR;2;2022-02-18;723;5369;20443;134;3041;21130;1895;0;0;6109627;6759436;10460130;34351;6126909;11591388;106266;0;57
FR;2;2022-02-19;431;3061;10533;66;1699;11247;753;0;2;6110058;6762497;10470663;34417;6128608;11602635;107019;0;59
FR;2;2022-02-20;102;520;1463;3;314;1613;100;0;0;6110160;6763017;10472126;34420;6128922;11604248;107119;0;59
FR;2;2022-02-21;423;2685;9122;65;1569;9499;930;0;0;6110583;6765702;10481248;34485;6130491;11613747;108049;0;59
FR;2;2022-02-22;393;2568;8894;77;1622;8797;1180;0;0;6110976;6768270;10490142;34562;6132113;11622544;109229;0;59
FR;2;2022-02-23;432;2605;8992;82;1522;9269;1022;0;0;6111408;6770875;10499134;34644;6133635;11631813;110251;0;59
FR;2;2022-02-24;314;2039;6805;82;1251;6835;870;0;0;6111722;6772914;10505939;34726;6134886;11638648;111121;0;59
FR;2;2022-02-25;456;3210;11424;107;1979;11287;1560;0;3;6112178;6776124;10517363;34833;6136865;11649935;112681;0;62
FR;2;2022-02-26;297;1892;6038;49;1161;6345;587;0;1;6112475;6778016;10523401;34882;6138026;11656280;113268;0;63
FR;2;2022-02-27;76;313;908;5;214;951;98;0;0;6112551;6778329;10524309;34887;6138240;11657231;113366;0;63
FR;2;2022-02-28;332;1689;5525;53;1088;5531;733;0;0;6112883;6780018;10529834;34940;6139328;11662762;114099;0;63
FR;2;2022-03-01;279;1569;5484;46;952;5201;964;0;2;6113162;6781587;10535318;34986;6140280;11667963;115063;0;65
FR;2;2022-03-02;298;1446;5248;46;878;5092;816;0;1;6113460;6783033;10540566;35032;6141158;11673055;115879;0;66
FR;2;2022-03-03;226;1112;3709;42;721;3486;668;0;1;6113686;6784145;10544275;35074;6141879;11676541;116547;0;67
FR;2;2022-03-04;243;1469;4860;74;983;4506;950;0;1;6113929;6785614;10549135;35148;6142862;11681047;117497;0;68
FR;2;2022-03-05;174;906;2981;34;613;2725;561;0;0;6114103;6786520;10552116;35182;6143475;11683772;118058;0;68
FR;2;2022-03-06;42;188;280;5;110;320;52;0;0;6114145;6786708;10552396;35187;6143585;11684092;118110;0;68
FR;2;2022-03-07;157;659;1989;70;491;1779;472;0;0;6114302;6787367;10554385;35257;6144076;11685871;118582;0;68
FR;2;2022-03-08;144;670;2273;53;461;1908;619;0;0;6114446;6788037;10556658;35310;6144537;11687779;119201;0;68
FR;2;2022-03-09;156;709;2351;37;473;2052;617;0;0;6114602;6788746;10559009;35347;6145010;11689831;119818;0;68
FR;2;2022-03-10;123;603;1695;35;446;1470;456;0;1;6114725;6789349;10560704;35382;6145456;11691301;120274;0;69
FR;2;2022-03-11;172;757;2770;57;505;2369;737;0;1;6114897;6790106;10563474;35439;6145961;11693670;121011;0;70
FR;2;2022-03-12;149;485;1787;27;331;1557;450;0;0;6115046;6790591;10565261;35466;6146292;11695227;121461;0;70
FR;2;2022-03-13;25;75;203;30;45;204;69;0;0;6115071;6790666;10565464;35496;6146337;11695431;121530;0;70
FR;2;2022-03-14;129;470;1572;529;333;1301;951;0;0;6115200;6791136;10567036;36025;6146670;11696732;122481;0;70
FR;2;2022-03-15;139;441;1713;691;333;1333;1186;0;1;6115339;6791577;10568749;36716;6147003;11698065;123667;0;71
FR;2;2022-03-16;142;476;2013;1616;331;1593;2160;0;2;6115481;6792053;10570762;38332;6147334;11699658;125827;0;73
FR;2;2022-03-17;95;413;1412;1192;273;1148;1576;0;1;6115576;6792466;10572174;39524;6147607;11700806;127403;0;74
FR;2;2022-03-18;147;496;2026;1795;335;1669;2313;0;1;6115723;6792962;10574200;41319;6147942;11702475;129716;0;75
FR;2;2022-03-19;108;321;1210;941;219;1015;1259;0;0;6115831;6793283;10575410;42260;6148161;11703490;130975;0;75
FR;2;2022-03-20;13;77;191;59;39;168;115;0;0;6115844;6793360;10575601;42319;6148200;11703658;131090;0;75
FR;2;2022-03-21;98;307;1218;1483;181;1081;1760;0;1;6115942;6793667;10576819;43802;6148381;11704739;132850;0;76
FR;2;2022-03-22;118;391;1533;1830;244;1294;2219;0;0;6116060;6794058;10578352;45632;6148625;11706033;135069;0;76
FR;2;2022-03-23;137;362;1684;3032;232;1475;3374;0;6;6116197;6794420;10580036;48664;6148857;11707508;138443;0;82
FR;2;2022-03-24;117;293;1183;1548;186;1001;1814;0;8;6116314;6794713;10581219;50212;6149043;11708509;140257;0;90
FR;2;2022-03-25;119;361;1807;2451;238;1477;2837;0;8;6116433;6795074;10583026;52663;6149281;11709986;143094;0;98
FR;2;2022-03-26;79;247;1205;1222;138;953;1531;0;5;6116512;6795321;10584231;53885;6149419;11710939;144625;0;103
FR;2;2022-03-27;19;36;154;100;19;133;144;0;0;6116531;6795357;10584385;53985;6149438;11711072;144769;0;103
FR;2;2022-03-28;94;290;1140;1602;189;996;1835;0;6;6116625;6795647;10585525;55587;6149627;11712068;146604;0;109
FR;2;2022-03-29;108;258;1325;2467;167;1105;2760;0;4;6116733;6795905;10586850;58054;6149794;11713173;149364;0;113
FR;2;2022-03-30;91;313;1489;3187;164;1320;3424;0;2;6116824;6796218;10588339;61241;6149958;11714493;152788;0;115
FR;2;2022-03-31;104;284;1277;2332;171;1092;2616;0;3;6116928;6796502;10589616;63573;6150129;11715585;155404;0;118
FR;2;2022-04-01;123;324;1568;2349;164;1323;2667;0;7;6117051;6796826;10591184;65922;6150293;11716908;158071;0;125
FR;2;2022-04-02;81;161;845;891;83;737;1052;0;1;6117132;6796987;10592029;66813;6150376;11717645;159123;0;126
FR;2;2022-04-03;16;53;128;113;27;142;133;0;1;6117148;6797040;10592157;66926;6150403;11717787;159256;0;127
FR;2;2022-04-04;114;249;990;1447;151;799;1693;0;5;6117262;6797289;10593147;68373;6150554;11718586;160949;0;132
FR;2;2022-04-05;143;302;1322;2921;162;1150;3150;0;17;6117405;6797591;10594469;71294;6150716;11719736;164099;0;149
FR;2;2022-04-06;89;261;1308;2522;129;1131;2687;0;10;6117494;6797852;10595777;73816;6150845;11720867;166786;0;159
FR;2;2022-04-07;120;230;1303;2682;141;1042;2958;0;8;6117614;6798082;10597080;76498;6150986;11721909;169744;0;167
FR;2;2022-04-08;126;346;1636;3351;182;1328;3642;0;12;6117740;6798428;10598716;79849;6151168;11723237;173386;0;179
FR;2;2022-04-09;90;219;900;1046;144;732;1288;0;4;6117830;6798647;10599616;80895;6151312;11723969;174674;0;183
FR;2;2022-04-10;37;49;143;162;46;119;200;0;1;6117867;6798696;10599759;81057;6151358;11724088;174874;0;184
FR;2;2022-04-11;88;196;892;1560;122;782;1718;0;6;6117955;6798892;10600651;82617;6151480;11724870;176592;0;190
FR;2;2022-04-12;176;273;1183;2770;175;1062;2903;0;8;6118131;6799165;10601834;85387;6151655;11725932;179495;0;198
FR;2;2022-04-13;147;232;1125;2477;111;989;2671;0;11;6118278;6799397;10602959;87864;6151766;11726921;182166;0;209
FR;2;2022-04-14;116;227;1085;2677;114;919;2911;0;18;6118394;6799624;10604044;90541;6151880;11727840;185077;0;227
FR;2;2022-04-15;114;261;1221;2304;131;1078;2544;0;7;6118508;6799885;10605265;92845;6152011;11728918;187621;0;234
FR;2;2022-04-16;67;108;548;549;68;459;675;0;9;6118575;6799993;10605813;93394;6152079;11729377;188296;0;243
FR;2;2022-04-17;15;28;57;53;17;53;71;0;0;6118590;6800021;10605870;93447;6152096;11729430;188367;0;243
FR;2;2022-04-18;12;35;121;70;18;116;95;0;0;6118602;6800056;10605991;93517;6152114;11729546;188462;0;243
FR;2;2022-04-19;112;237;1120;1750;149;951;1934;0;9;6118714;6800293;10607111;95267;6152263;11730497;190396;0;252
FR;2;2022-04-20;95;243;1111;2172;127;935;2366;0;14;6118809;6800536;10608222;97439;6152390;11731432;192762;0;266
FR;2;2022-04-21;111;233;983;1912;125;838;2141;0;10;6118920;6800769;10609205;99351;6152515;11732270;194903;0;276
FR;2;2022-04-22;100;276;1243;2102;141;1024;2440;0;11;6119020;6801045;10610448;101453;6152656;11733294;197343;0;287
FR;2;2022-04-23;67;156;645;762;107;574;862;0;8;6119087;6801201;10611093;102215;6152763;11733868;198205;0;295
FR;2;2022-04-24;12;30;101;68;12;79;100;0;0;6119099;6801231;10611194;102283;6152775;11733947;198305;0;295
FR;2;2022-04-25;104;204;822;1329;103;711;1528;0;15;6119203;6801435;10612016;103612;6152878;11734658;199833;0;310
FR;2;2022-04-26;110;184;1041;2022;118;879;2219;0;18;6119313;6801619;10613057;105634;6152996;11735537;202052;0;328
FR;2;2022-04-27;98;181;860;1787;122;764;1809;0;7;6119411;6801800;10613917;107421;6153118;11736301;203861;0;335
FR;2;2022-04-28;93;214;949;1931;128;842;2087;0;12;6119504;6802014;10614866;109352;6153246;11737143;205948;0;347
FR;2;2022-04-29;81;282;1133;1697;131;1044;1876;0;11;6119585;6802296;10615999;111049;6153377;11738187;207824;0;358
FR;2;2022-04-30;66;127;471;540;80;430;628;0;9;6119651;6802423;10616470;111589;6153457;11738617;208452;0;367
FR;2;2022-05-01;24;24;84;49;20;85;61;0;1;6119675;6802447;10616554;111638;6153477;11738702;208513;0;368
FR;2;2022-05-02;115;232;764;1217;141;662;1375;0;5;6119790;6802679;10617318;112855;6153618;11739364;209888;0;373
FR;2;2022-05-03;153;233;999;1781;155;938;1895;0;14;6119943;6802912;10618317;114636;6153773;11740302;211783;0;387
FR;2;2022-05-04;90;226;926;1811;116;869;1822;0;13;6120033;6803138;10619243;116447;6153889;11741171;213605;0;400
FR;2;2022-05-05;127;198;857;1732;147;774;1848;0;10;6120160;6803336;10620100;118179;6154036;11741945;215453;0;410
FR;2;2022-05-06;133;246;1101;1855;139;1017;2052;0;16;6120293;6803582;10621201;120034;6154175;11742962;217505;0;426
FR;2;2022-05-07;40;99;470;504;61;406;593;0;4;6120333;6803681;10621671;120538;6154236;11743368;218098;0;430
FR;2;2022-05-08;48;54;107;71;41;102;101;0;0;6120381;6803735;10621778;120609;6154277;11743470;218199;0;430
FR;2;2022-05-09;101;174;654;986;103;604;1130;0;9;6120482;6803909;10622432;121595;6154380;11744074;219329;0;439
FR;2;2022-05-10;121;252;938;1841;155;893;1965;0;23;6120603;6804161;10623370;123436;6154535;11744967;221294;0;462
FR;2;2022-05-11;103;179;816;1879;117;795;1868;0;8;6120706;6804340;10624186;125315;6154652;11745762;223162;0;470
FR;2;2022-05-12;111;174;845;2096;116;803;2213;0;21;6120817;6804514;10625031;127411;6154768;11746565;225375;0;491
FR;2;2022-05-13;100;236;969;2097;122;900;2273;0;13;6120917;6804750;10626000;129508;6154890;11747465;227648;0;504
FR;2;2022-05-14;76;124;451;553;93;411;632;0;6;6120993;6804874;10626451;130061;6154983;11747876;228280;0;510
FR;2;2022-05-15;24;39;94;88;20;108;95;0;1;6121017;6804913;10626545;130149;6155003;11747984;228375;0;511
FR;2;2022-05-16;102;171;601;925;116;537;1037;0;11;6121119;6805084;10627146;131074;6155119;11748521;229412;0;522
FR;2;2022-05-17;95;184;690;1687;119;658;1739;0;8;6121214;6805268;10627836;132761;6155238;11749179;231151;0;530
FR;2;2022-05-18;80;181;643;1431;97;648;1486;0;10;6121294;6805449;10628479;134192;6155335;11749827;232637;0;540
FR;2;2022-05-19;73;161;710;1830;81;752;1816;0;12;6121367;6805610;10629189;136022;6155416;11750579;234453;0;552
FR;2;2022-05-20;107;181;874;1701;111;779;1849;0;17;6121474;6805791;10630063;137723;6155527;11751358;236302;0;569
FR;2;2022-05-21;48;96;398;517;71;339;581;0;8;6121522;6805887;10630461;138240;6155598;11751697;236883;0;577
FR;2;2022-05-22;8;23;69;37;18;57;56;0;0;6121530;6805910;10630530;138277;6155616;11751754;236939;0;577
FR;2;2022-05-23;86;133;498;931;100;469;967;0;7;6121616;6806043;10631028;139208;6155716;11752223;237906;0;584
FR;2;2022-05-24;87;164;627;1626;103;615;1680;0;17;6121703;6806207;10631655;140834;6155819;11752838;239586;0;601
FR;2;2022-05-25;72;146;539;1149;90;494;1260;0;5;6121775;6806353;10632194;141983;6155909;11753332;240846;0;606
FR;2;2022-05-26;12;31;77;45;13;85;56;0;1;6121787;6806384;10632271;142028;6155922;11753417;240902;0;607
FR;2;2022-05-27;44;124;456;818;68;438;893;0;9;6121831;6806508;10632727;142846;6155990;11753855;241795;0;616
FR;2;2022-05-28;28;60;221;244;29;221;266;0;1;6121859;6806568;10632948;143090;6156019;11754076;242061;0;617
FR;2;2022-05-29;13;34;43;25;22;51;28;0;0;6121872;6806602;10632991;143115;6156041;11754127;242089;0;617
FR;2;2022-05-30;65;109;425;755;60;410;806;0;6;6121937;6806711;10633416;143870;6156101;11754537;242895;0;623
FR;2;2022-05-31;76;135;564;1278;92;511;1304;0;12;6122013;6806846;10633980;145148;6156193;11755048;244199;0;635
FR;2;2022-06-01;59;160;564;1075;86;543;1170;0;6;6122072;6807006;10634544;146223;6156279;11755591;245369;0;641
FR;2;2022-06-02;92;178;626;1415;109;593;1521;0;12;6122164;6807184;10635170;147638;6156388;11756184;246890;0;653
FR;2;2022-06-03;71;157;668;1605;96;595;1694;0;19;6122235;6807341;10635838;149243;6156484;11756779;248584;0;672
FR;2;2022-06-04;69;93;283;434;66;269;476;0;11;6122304;6807434;10636121;149677;6156550;11757048;249060;0;683
FR;2;2022-06-05;12;17;63;58;16;47;75;0;1;6122316;6807451;10636184;149735;6156566;11757095;249135;0;684
FR;2;2022-06-06;12;41;93;76;30;92;81;0;4;6122328;6807492;10636277;149811;6156596;11757187;249216;0;688
FR;2;2022-06-07;99;222;667;1535;154;577;1661;0;10;6122427;6807714;10636944;151346;6156750;11757764;250877;0;698
FR;2;2022-06-08;70;119;477;1166;76;411;1262;0;5;6122497;6807833;10637421;152512;6156826;11758175;252139;0;703
FR;2;2022-06-09;93;167;613;1923;108;571;1927;0;18;6122590;6808000;10638034;154435;6156934;11758746;254066;0;721
FR;2;2022-06-10;93;168;650;1683;107;622;1774;0;23;6122683;6808168;10638684;156118;6157041;11759368;255840;0;744
FR;2;2022-06-11;44;85;287;529;42;258;583;0;5;6122727;6808253;10638971;156647;6157083;11759626;256423;0;749
FR;2;2022-06-12;18;38;58;78;27;60;78;0;0;6122745;6808291;10639029;156725;6157110;11759686;256501;0;749
FR;2;2022-06-13;39;121;395;953;63;379;1021;0;6;6122784;6808412;10639424;157678;6157173;11760065;257522;0;755
FR;2;2022-06-14;68;157;599;2088;101;537;2189;0;14;6122852;6808569;10640023;159766;6157274;11760602;259711;0;769
FR;2;2022-06-15;78;104;522;1504;84;444;1641;0;10;6122930;6808673;10640545;161270;6157358;11761046;261352;0;779
FR;2;2022-06-16;127;128;497;1411;123;424;1526;0;12;6123057;6808801;10641042;162681;6157481;11761470;262878;0;791
FR;2;2022-06-17;73;138;589;1817;88;516;1921;0;16;6123130;6808939;10641631;164498;6157569;11761986;264799;0;807
FR;2;2022-06-18;76;93;224;579;81;196;630;0;4;6123206;6809032;10641855;165077;6157650;11762182;265429;0;811
FR;2;2022-06-19;11;17;53;71;7;41;90;0;2;6123217;6809049;10641908;165148;6157657;11762223;265519;0;813
FR;2;2022-06-20;62;125;401;1028;72;392;1105;0;10;6123279;6809174;10642309;166176;6157729;11762615;266624;0;823
FR;2;2022-06-21;108;116;526;2127;105;455;2164;0;22;6123387;6809290;10642835;168303;6157834;11763070;268788;0;845
FR;2;2022-06-22;39;110;462;1889;57;415;1971;0;25;6123426;6809400;10643297;170192;6157891;11763485;270759;0;870
FR;2;2022-06-23;58;109;537;2282;68;452;2400;0;30;6123484;6809509;10643834;172474;6157959;11763937;273159;0;900
FR;2;2022-06-24;66;122;709;3199;65;571;3339;0;38;6123550;6809631;10644543;175673;6158024;11764508;276498;0;938
FR;2;2022-06-25;30;90;298;988;55;254;1041;0;13;6123580;6809721;10644841;176661;6158079;11764762;277539;0;951
FR;2;2022-06-26;30;27;131;194;29;97;236;0;5;6123610;6809748;10644972;176855;6158108;11764859;277775;0;956
FR;2;2022-06-27;79;137;582;2490;94;483;2623;0;39;6123689;6809885;10645554;179345;6158202;11765342;280398;0;995
FR;2;2022-06-28;110;140;812;4817;81;650;4894;0;54;6123799;6810025;10646366;184162;6158283;11765992;285292;0;1049
FR;2;2022-06-29;73;150;776;4436;80;637;4532;0;56;6123872;6810175;10647142;188598;6158363;11766629;289824;0;1105
FR;2;2022-06-30;72;133;834;5177;71;619;5398;0;79;6123944;6810308;10647976;193775;6158434;11767248;295222;0;1184
FR;2;2022-07-01;113;161;1152;6692;95;853;6944;0;92;6124057;6810469;10649128;200467;6158529;11768101;302166;0;1276
FR;2;2022-07-02;69;132;474;1977;82;392;2068;0;27;6124126;6810601;10649602;202444;6158611;11768493;304234;0;1303
FR;2;2022-07-03;23;30;147;334;21;131;357;0;8;6124149;6810631;10649749;202778;6158632;11768624;304591;0;1311
FR;2;2022-07-04;122;184;776;3785;113;612;3971;0;49;6124271;6810815;10650525;206563;6158745;11769236;308562;0;1360
FR;2;2022-07-05;119;188;1121;6818;121;829;6999;0;85;6124390;6811003;10651646;213381;6158866;11770065;315561;0;1445
FR;2;2022-07-06;92;152;951;5807;94;698;5933;0;84;6124482;6811155;10652597;219188;6158960;11770763;321494;0;1529
FR;2;2022-07-07;81;185;1021;6501;116;752;6732;0;101;6124563;6811340;10653618;225689;6159076;11771515;328226;0;1630
FR;2;2022-07-08;65;122;1095;7044;51;758;7235;0;123;6124628;6811462;10654713;232733;6159127;11772273;335461;0;1753
FR;2;2022-07-09;34;62;417;1869;31;299;1919;0;33;6124662;6811524;10655130;234602;6159158;11772572;337380;0;1786
FR;2;2022-07-10;7;17;97;315;8;83;327;0;5;6124669;6811541;10655227;234917;6159166;11772655;337707;0;1791
FR;2;2022-07-11;68;121;683;3826;76;541;3901;0;67;6124737;6811662;10655910;238743;6159242;11773196;341608;0;1858
FR;2;2022-07-12;102;180;1054;6517;107;809;6725;0;119;6124839;6811842;10656964;245260;6159349;11774005;348333;0;1977
FR;2;2022-07-13;65;128;879;4664;76;591;4830;0;78;6124904;6811970;10657843;249924;6159425;11774596;353163;0;2055
FR;2;2022-07-14;6;13;89;250;8;60;269;0;8;6124910;6811983;10657932;250174;6159433;11774656;353432;0;2063
FR;2;2022-07-15;61;129;739;3795;53;560;3961;0;75;6124971;6812112;10658671;253969;6159486;11775216;357393;0;2138
FR;2;2022-07-16;27;54;289;1031;30;242;1077;0;25;6124998;6812166;10658960;255000;6159516;11775458;358470;0;2163
FR;2;2022-07-17;5;12;78;201;6;67;207;0;6;6125003;6812178;10659038;255201;6159522;11775525;358677;0;2169
FR;2;2022-07-18;57;103;514;2510;61;385;2648;0;59;6125060;6812281;10659552;257711;6159583;11775910;361325;0;2228
FR;2;2022-07-19;66;133;770;4258;72;555;4447;0;72;6125126;6812414;10660322;261969;6159655;11776465;365772;0;2300
FR;2;2022-07-20;59;117;582;3179;68;430;3278;0;87;6125185;6812531;10660904;265148;6159723;11776895;369050;0;2387
FR;2;2022-07-21;60;110;673;3680;73;487;3797;0;105;6125245;6812641;10661577;268828;6159796;11777382;372847;0;2492
FR;2;2022-07-22;51;100;700;3550;48;507;3701;0;80;6125296;6812741;10662277;272378;6159844;11777889;376548;0;2572
FR;2;2022-07-23;38;97;290;1175;51;229;1228;0;37;6125334;6812838;10662567;273553;6159895;11778118;377776;0;2609
FR;2;2022-07-24;14;24;69;201;19;68;203;0;7;6125348;6812862;10662636;273754;6159914;11778186;377979;0;2616
FR;2;2022-07-25;50;71;405;1938;60;300;2000;0;56;6125398;6812933;10663041;275692;6159974;11778486;379979;0;2672
FR;2;2022-07-26;57;133;606;3423;67;476;3496;0;113;6125455;6813066;10663647;279115;6160041;11778962;383475;0;2785
FR;2;2022-07-27;42;81;457;2782;50;361;2801;0;89;6125497;6813147;10664104;281897;6160091;11779323;386276;0;2874
FR;2;2022-07-28;29;75;450;2487;37;356;2491;0;78;6125526;6813222;10664554;284384;6160128;11779679;388767;0;2952
FR;2;2022-07-29;68;88;535;2857;63;347;2978;0;73;6125594;6813310;10665089;287241;6160191;11780026;391745;0;3025
FR;2;2022-07-30;22;39;163;776;32;110;796;0;24;6125616;6813349;10665252;288017;6160223;11780136;392541;0;3049
FR;2;2022-07-31;6;13;27;104;12;21;110;0;2;6125622;6813362;10665279;288121;6160235;11780157;392651;0;3051
FR;2;2022-08-01;38;107;323;1262;74;260;1344;0;29;6125660;6813469;10665602;289383;6160309;11780417;393995;0;3080
FR;2;2022-08-02;49;75;325;2061;50;247;2097;0;78;6125709;6813544;10665927;291444;6160359;11780664;396092;0;3158
FR;2;2022-08-03;29;53;260;1611;25;188;1617;0;57;6125738;6813597;10666187;293055;6160384;11780852;397709;0;3215
FR;2;2022-08-04;40;65;306;1692;39;240;1701;0;66;6125778;6813662;10666493;294747;6160423;11781092;399410;0;3281
FR;2;2022-08-05;33;94;328;1881;67;236;1912;0;60;6125811;6813756;10666821;296628;6160490;11781328;401322;0;3341
FR;2;2022-08-06;22;41;106;365;29;82;372;0;10;6125833;6813797;10666927;296993;6160519;11781410;401694;0;3351
FR;2;2022-08-07;7;8;15;69;5;16;71;0;3;6125840;6813805;10666942;297062;6160524;11781426;401765;0;3354
FR;2;2022-08-08;19;35;220;877;22;148;915;0;33;6125859;6813840;10667162;297939;6160546;11781574;402680;0;3387
FR;2;2022-08-09;30;52;279;1474;42;238;1470;0;50;6125889;6813892;10667441;299413;6160588;11781812;404150;0;3437
FR;2;2022-08-10;17;22;213;1134;19;150;1155;0;46;6125906;6813914;10667654;300547;6160607;11781962;405305;0;3483
FR;2;2022-08-11;21;41;174;1038;26;117;1047;0;40;6125927;6813955;10667828;301585;6160633;11782079;406352;0;3523
FR;2;2022-08-12;36;50;184;1046;38;140;1069;0;35;6125963;6814005;10668012;302631;6160671;11782219;407421;0;3558
FR;2;2022-08-13;11;19;47;149;15;53;137;0;5;6125974;6814024;10668059;302780;6160686;11782272;407558;0;3563
FR;2;2022-08-14;1;2;12;52;1;11;54;0;1;6125975;6814026;10668071;302832;6160687;11782283;407612;0;3564
FR;2;2022-08-15;0;5;32;22;2;21;21;0;3;6125975;6814031;10668103;302854;6160689;11782304;407633;0;3567
FR;2;2022-08-16;27;33;144;681;34;120;678;0;33;6126002;6814064;10668247;303535;6160723;11782424;408311;0;3600
FR;2;2022-08-17;18;27;109;738;18;88;744;0;34;6126020;6814091;10668356;304273;6160741;11782512;409055;0;3634
FR;2;2022-08-18;14;30;160;836;14;107;852;0;42;6126034;6814121;10668516;305109;6160755;11782619;409907;0;3676
FR;2;2022-08-19;8;38;118;706;31;88;706;0;33;6126042;6814159;10668634;305815;6160786;11782707;410613;0;3709
FR;2;2022-08-20;6;26;61;197;16;52;201;0;8;6126048;6814185;10668695;306012;6160802;11782759;410814;0;3717
FR;2;2022-08-21;4;14;15;19;6;13;31;0;0;6126052;6814199;10668710;306031;6160808;11782772;410845;0;3717
FR;2;2022-08-22;11;25;116;395;17;73;451;0;13;6126063;6814224;10668826;306426;6160825;11782845;411296;0;3730
FR;2;2022-08-23;12;42;134;671;23;112;679;0;38;6126075;6814266;10668960;307097;6160848;11782957;411975;0;3768
FR;2;2022-08-24;11;28;87;466;21;80;472;0;18;6126086;6814294;10669047;307563;6160869;11783037;412447;0;3786
FR;2;2022-08-25;8;32;109;481;16;69;516;0;17;6126094;6814326;10669156;308044;6160885;11783106;412963;0;3803
FR;2;2022-08-26;16;46;117;720;36;91;713;0;32;6126110;6814372;10669273;308764;6160921;11783197;413676;0;3835
FR;2;2022-08-27;10;19;47;158;16;42;166;0;2;6126120;6814391;10669320;308922;6160937;11783239;413842;0;3837
FR;2;2022-08-28;1;5;5;15;1;7;16;0;1;6126121;6814396;10669325;308937;6160938;11783246;413858;0;3838
FR;2;2022-08-29;24;43;94;400;29;88;396;0;24;6126145;6814439;10669419;309337;6160967;11783334;414254;0;3862
FR;2;2022-08-30;31;54;154;791;34;119;798;0;29;6126176;6814493;10669573;310128;6161001;11783453;415052;0;3891
FR;2;2022-08-31;19;37;85;392;24;79;393;0;25;6126195;6814530;10669658;310520;6161025;11783532;415445;0;3916
FR;2;2022-09-01;19;43;139;600;25;122;609;0;36;6126214;6814573;10669797;311120;6161050;11783654;416054;0;3952
FR;2;2022-09-02;34;57;147;744;34;160;748;0;32;6126248;6814630;10669944;311864;6161084;11783814;416802;0;3984
FR;2;2022-09-03;17;20;83;205;11;67;213;0;7;6126265;6814650;10670027;312069;6161095;11783881;417015;0;3991
FR;2;2022-09-04;8;5;9;31;2;10;30;0;3;6126273;6814655;10670036;312100;6161097;11783891;417045;0;3994
FR;2;2022-09-05;29;32;126;367;24;98;397;0;24;6126302;6814687;10670162;312467;6161121;11783989;417442;0;4018
FR;2;2022-09-06;44;63;158;762;43;153;768;0;36;6126346;6814750;10670320;313229;6161164;11784142;418210;0;4054
FR;2;2022-09-07;21;22;76;375;18;51;387;0;23;6126367;6814772;10670396;313604;6161182;11784193;418597;0;4077
FR;2;2022-09-08;31;58;109;636;41;100;646;0;22;6126398;6814830;10670505;314240;6161223;11784293;419243;0;4099
FR;2;2022-09-09;18;24;126;754;21;74;747;0;48;6126416;6814854;10670631;314994;6161244;11784367;419990;0;4147
FR;2;2022-09-10;14;25;57;117;17;48;131;0;4;6126430;6814879;10670688;315111;6161261;11784415;420121;0;4151
FR;2;2022-09-11;12;5;11;11;3;13;13;0;0;6126442;6814884;10670699;315122;6161264;11784428;420134;0;4151
FR;2;2022-09-12;20;31;70;340;26;56;352;0;16;6126462;6814915;10670769;315462;6161290;11784484;420486;0;4167
FR;2;2022-09-13;15;34;125;670;13;99;674;0;40;6126477;6814949;10670894;316132;6161303;11784583;421160;0;4207
FR;2;2022-09-14;19;23;81;480;20;60;478;0;36;6126496;6814972;10670975;316612;6161323;11784643;421638;0;4243
FR;2;2022-09-15;23;45;126;486;27;102;493;0;47;6126519;6815017;10671101;317098;6161350;11784745;422131;0;4290
FR;2;2022-09-16;22;31;124;563;17;89;585;0;39;6126541;6815048;10671225;317661;6161367;11784834;422716;0;4329
FR;2;2022-09-17;6;20;56;160;15;52;147;0;14;6126547;6815068;10671281;317821;6161382;11784886;422863;0;4343
FR;2;2022-09-18;4;7;13;37;6;10;37;0;3;6126551;6815075;10671294;317858;6161388;11784896;422900;0;4346
FR;2;2022-09-19;26;24;114;353;16;87;381;0;22;6126577;6815099;10671408;318211;6161404;11784983;423281;0;4368
FR;2;2022-09-20;29;27;117;624;21;84;639;0;38;6126606;6815126;10671525;318835;6161425;11785067;423920;0;4406
FR;2;2022-09-21;15;30;100;393;15;78;418;0;22;6126621;6815156;10671625;319228;6161440;11785145;424338;0;4428
FR;2;2022-09-22;19;39;124;581;18;95;619;0;28;6126640;6815195;10671749;319809;6161458;11785240;424957;0;4456
FR;2;2022-09-23;21;38;135;555;22;111;570;0;39;6126661;6815233;10671884;320364;6161480;11785351;425527;0;4495
FR;2;2022-09-24;10;8;52;190;8;37;201;0;7;6126671;6815241;10671936;320554;6161488;11785388;425728;0;4502
FR;2;2022-09-25;9;11;15;29;11;12;33;0;5;6126680;6815252;10671951;320583;6161499;11785400;425761;0;4507
FR;2;2022-09-26;22;41;116;447;27;79;458;0;20;6126702;6815293;10672067;321030;6161526;11785479;426219;0;4527
FR;2;2022-09-27;30;46;162;906;35;108;861;0;52;6126732;6815339;10672229;321936;6161561;11785587;427080;0;4579
FR;2;2022-09-28;15;31;93;421;18;74;439;0;23;6126747;6815370;10672322;322357;6161579;11785661;427519;0;4602
FR;2;2022-09-29;26;48;115;618;23;110;630;0;33;6126773;6815418;10672437;322975;6161602;11785771;428149;0;4635
FR;2;2022-09-30;25;44;111;520;45;84;533;0;31;6126798;6815462;10672548;323495;6161647;11785855;428682;0;4666
FR;2;2022-10-01;11;20;51;128;20;36;129;0;8;6126809;6815482;10672599;323623;6161667;11785891;428811;0;4674
FR;2;2022-10-02;0;5;8;21;4;5;25;0;2;6126809;6815487;10672607;323644;6161671;11785896;428836;0;4676
FR;2;2022-10-03;22;35;85;291;30;69;306;0;22;6126831;6815522;10672692;323935;6161701;11785965;429142;0;4698
FR;2;2022-10-04;17;21;106;601;19;71;620;0;46;6126848;6815543;10672798;324536;6161720;11786036;429762;0;4744
FR;2;2022-10-05;20;31;75;491;26;67;488;0;54;6126868;6815574;10672873;325027;6161746;11786103;430250;0;4798
FR;2;2022-10-06;30;23;74;442;17;71;428;0;65;6126898;6815597;10672947;325469;6161763;11786174;430678;0;4863
FR;2;2022-10-07;21;30;86;499;27;66;503;0;42;6126919;6815627;10673033;325968;6161790;11786240;431181;0;4905
FR;2;2022-10-08;12;8;24;114;3;25;108;0;12;6126931;6815635;10673057;326082;6161793;11786265;431289;0;4917
FR;2;2022-10-09;1;8;15;17;6;11;22;0;5;6126932;6815643;10673072;326099;6161799;11786276;431311;0;4922
FR;2;2022-10-10;18;27;47;223;25;49;218;0;21;6126950;6815670;10673119;326322;6161824;11786325;431529;0;4943
FR;2;2022-10-11;16;15;48;253;11;39;241;0;52;6126966;6815685;10673167;326575;6161835;11786364;431770;0;4995
FR;2;2022-10-12;9;20;52;290;16;36;305;0;56;6126975;6815705;10673219;326865;6161851;11786400;432075;0;5051
FR;2;2022-10-13;11;14;48;271;9;48;261;0;26;6126986;6815719;10673267;327136;6161860;11786448;432336;0;5077
FR;2;2022-10-14;13;30;36;230;18;40;231;0;29;6126999;6815749;10673303;327366;6161878;11786488;432567;0;5106
FR;2;2022-10-15;4;13;22;111;7;17;113;0;15;6127003;6815762;10673325;327477;6161885;11786505;432680;0;5121
FR;2;2022-10-16;0;7;4;11;6;7;8;0;1;6127003;6815769;10673329;327488;6161891;11786512;432688;0;5122
FR;2;2022-10-17;15;19;31;121;18;26;131;0;29;6127018;6815788;10673360;327609;6161909;11786538;432819;0;5151
FR;2;2022-10-18;13;12;68;185;6;34;247;0;46;6127031;6815800;10673428;327794;6161915;11786572;433066;0;5197
FR;2;2022-10-19;8;17;39;184;12;31;223;0;52;6127039;6815817;10673467;327978;6161927;11786603;433289;0;5249
FR;2;2022-10-20;11;29;41;200;15;40;196;0;52;6127050;6815846;10673508;328178;6161942;11786643;433485;0;5301
FR;2;2022-10-21;6;16;60;233;7;53;222;0;31;6127056;6815862;10673568;328411;6161949;11786696;433707;0;5332
FR;2;2022-10-22;8;7;25;102;2;23;103;0;20;6127064;6815869;10673593;328513;6161951;11786719;433810;0;5352
FR;2;2022-10-23;0;3;1;5;3;0;6;0;2;6127064;6815872;10673594;328518;6161954;11786719;433816;0;5354
FR;2;2022-10-24;12;12;16;110;12;16;113;0;20;6127076;6815884;10673610;328628;6161966;11786735;433929;0;5374
FR;2;2022-10-25;12;7;23;138;6;15;145;0;51;6127088;6815891;10673633;328766;6161972;11786750;434074;0;5425
FR;2;2022-10-26;4;3;17;90;2;11;96;0;27;6127092;6815894;10673650;328856;6161974;11786761;434170;0;5452
FR;2;2022-10-27;7;10;18;88;10;20;71;0;27;6127099;6815904;10673668;328944;6161984;11786781;434241;0;5479
FR;2;2022-10-28;5;3;15;91;3;7;92;0;27;6127104;6815907;10673683;329035;6161987;11786788;434333;0;5506
FR;2;2022-10-29;7;8;18;33;6;14;37;0;8;6127111;6815915;10673701;329068;6161993;11786802;434370;0;5514
FR;2;2022-10-30;3;7;5;8;5;2;5;0;1;6127114;6815922;10673706;329076;6161998;11786804;434375;0;5515
FR;2;2022-10-31;2;8;6;49;6;10;48;0;11;6127116;6815930;10673712;329125;6162004;11786814;434423;0;5526
FR;2;2022-11-01;0;5;8;1;5;5;4;0;0;6127116;6815935;10673720;329126;6162009;11786819;434427;0;5526
FR;2;2022-11-02;6;5;12;44;5;12;45;0;11;6127122;6815940;10673732;329170;6162014;11786831;434472;0;5537
FR;2;2022-11-03;6;7;16;77;6;10;75;0;18;6127128;6815947;10673748;329247;6162020;11786841;434547;0;5555
FR;2;2022-11-04;7;12;15;85;10;14;93;0;10;6127135;6815959;10673763;329332;6162030;11786855;434640;0;5565
FR;2;2022-11-05;0;11;13;38;6;17;35;0;6;6127135;6815970;10673776;329370;6162036;11786872;434675;0;5571
FR;2;2022-11-06;0;2;2;1;0;4;0;0;2;6127135;6815972;10673778;329371;6162036;11786876;434675;0;5573
FR;2;2022-11-07;13;8;15;67;6;14;66;0;20;6127148;6815980;10673793;329438;6162042;11786890;434741;0;5593
FR;2;2022-11-08;14;8;18;58;6;14;65;0;27;6127162;6815988;10673811;329496;6162048;11786904;434806;0;5620
FR;2;2022-11-09;4;5;17;56;2;17;50;0;28;6127166;6815993;10673828;329552;6162050;11786921;434856;0;5648
FR;2;2022-11-10;7;10;17;74;7;14;76;0;14;6127173;6816003;10673845;329626;6162057;11786935;434932;0;5662
FR;2;2022-11-11;0;3;9;3;0;10;4;0;0;6127173;6816006;10673854;329629;6162057;11786945;434936;0;5662
FR;2;2022-11-12;2;5;7;19;4;7;19;0;4;6127175;6816011;10673861;329648;6162061;11786952;434955;0;5666
FR;2;2022-11-13;3;2;4;2;1;5;1;0;0;6127178;6816013;10673865;329650;6162062;11786957;434956;0;5666
FR;2;2022-11-14;7;6;13;29;3;10;33;0;7;6127185;6816019;10673878;329679;6162065;11786967;434989;0;5673
FR;2;2022-11-15;8;15;15;35;16;18;32;0;7;6127193;6816034;10673893;329714;6162081;11786985;435021;0;5680
FR;2;2022-11-16;3;6;4;45;6;4;46;0;18;6127196;6816040;10673897;329759;6162087;11786989;435067;0;5698
FR;2;2022-11-17;2;6;12;56;5;9;55;0;22;6127198;6816046;10673909;329815;6162092;11786998;435122;0;5720
FR;2;2022-11-18;3;4;7;41;4;6;44;0;10;6127201;6816050;10673916;329856;6162096;11787004;435166;0;5730
FR;2;2022-11-19;3;3;2;25;3;3;18;0;5;6127204;6816053;10673918;329881;6162099;11787007;435184;0;5735
FR;2;2022-11-20;0;2;6;9;2;6;10;0;26;6127204;6816055;10673924;329890;6162101;11787013;435194;0;5761
FR;2;2022-11-21;6;10;9;31;7;8;34;0;22;6127210;6816065;10673933;329921;6162108;11787021;435228;0;5783
FR;2;2022-11-22;8;8;20;65;6;21;70;0;71;6127218;6816073;10673953;329986;6162114;11787042;435298;0;5854
FR;2;2022-11-23;7;6;8;68;3;5;73;0;8;6127225;6816079;10673961;330054;6162117;11787047;435371;0;5862
FR;2;2022-11-24;2;2;11;50;2;7;57;0;10;6127227;6816081;10673972;330104;6162119;11787054;435428;0;5872
FR;2;2022-11-25;11;8;14;25;11;14;26;0;8;6127238;6816089;10673986;330129;6162130;11787068;435454;0;5880
FR;2;2022-11-26;1;5;4;8;4;7;6;0;0;6127239;6816094;10673990;330137;6162134;11787075;435460;0;5880
FR;2;2022-11-27;2;2;12;2;0;11;4;0;1;6127241;6816096;10674002;330139;6162134;11787086;435464;0;5881
FR;2;2022-11-28;0;2;8;35;1;6;37;0;5;6127241;6816098;10674010;330174;6162135;11787092;435501;0;5886
FR;2;2022-11-29;1;1;10;24;0;4;30;0;8;6127242;6816099;10674020;330198;6162135;11787096;435531;0;5894
FR;2;2022-11-30;2;2;10;47;1;11;44;0;21;6127244;6816101;10674030;330245;6162136;11787107;435575;0;5915
FR;2;2022-12-01;2;12;6;63;9;13;55;0;24;6127246;6816113;10674036;330308;6162145;11787120;435630;0;5939
FR;2;2022-12-02;1;2;12;51;2;10;51;0;27;6127247;6816115;10674048;330359;6162147;11787130;435681;0;5966
FR;2;2022-12-03;1;4;8;19;2;8;18;0;10;6127248;6816119;10674056;330378;6162149;11787138;435699;0;5976
FR;2;2022-12-04;0;0;0;4;0;0;4;0;2;6127248;6816119;10674056;330382;6162149;11787138;435703;0;5978
FR;2;2022-12-05;3;5;8;51;8;4;45;0;16;6127251;6816124;10674064;330433;6162157;11787142;435748;0;5994
FR;2;2022-12-06;3;5;14;45;4;6;48;0;17;6127254;6816129;10674078;330478;6162161;11787148;435796;0;6011
FR;2;2022-12-07;1;5;9;42;3;8;44;0;11;6127255;6816134;10674087;330520;6162164;11787156;435840;0;6022
FR;2;2022-12-08;0;2;11;44;0;6;49;0;16;6127255;6816136;10674098;330564;6162164;11787162;435889;0;6038
FR;2;2022-12-09;0;1;13;52;0;9;57;0;17;6127255;6816137;10674111;330616;6162164;11787171;435946;0;6055
FR;2;2022-12-10;0;3;15;50;1;6;52;0;9;6127255;6816140;10674126;330666;6162165;11787177;435998;0;6064
FR;2;2022-12-11;0;0;2;2;0;2;1;0;3;6127255;6816140;10674128;330668;6162165;11787179;435999;0;6067
FR;2;2022-12-12;1;0;6;37;0;6;36;0;11;6127256;6816140;10674134;330705;6162165;11787185;436035;0;6078
FR;2;2022-12-13;0;3;2;37;2;1;37;0;14;6127256;6816143;10674136;330742;6162167;11787186;436072;0;6092
FR;2;2022-12-14;0;5;8;26;5;3;31;0;14;6127256;6816148;10674144;330768;6162172;11787189;436103;0;6106
FR;2;2022-12-15;0;5;12;43;5;9;44;0;17;6127256;6816153;10674156;330811;6162177;11787198;436147;0;6123
FR;2;2022-12-16;2;4;27;56;3;20;62;0;16;6127258;6816157;10674183;330867;6162180;11787218;436209;0;6139
FR;2;2022-12-17;1;4;10;44;3;6;39;0;5;6127259;6816161;10674193;330911;6162183;11787224;436248;0;6144
FR;2;2022-12-18;1;0;0;0;0;0;0;0;1;6127260;6816161;10674193;330911;6162183;11787224;436248;0;6145
FR;2;2022-12-19;6;5;4;31;6;5;24;0;24;6127266;6816166;10674197;330942;6162189;11787229;436272;0;6169
FR;2;2022-12-20;0;4;6;37;2;7;38;0;24;6127266;6816170;10674203;330979;6162191;11787236;436310;0;6193
FR;2;2022-12-21;0;1;4;13;1;4;13;0;8;6127266;6816171;10674207;330992;6162192;11787240;436323;0;6201
FR;2;2022-12-22;0;5;17;32;2;6;45;0;10;6127266;6816176;10674224;331024;6162194;11787246;436368;0;6211
FR;2;2022-12-23;1;5;15;18;3;12;22;0;4;6127267;6816181;10674239;331042;6162197;11787258;436390;0;6215
FR;2;2022-12-24;0;0;1;1;0;1;1;0;0;6127267;6816181;10674240;331043;6162197;11787259;436391;0;6215
FR;2;2022-12-25;0;1;1;3;0;1;4;0;0;6127267;6816182;10674241;331046;6162197;11787260;436395;0;6215
FR;2;2022-12-26;0;0;7;11;0;5;11;0;3;6127267;6816182;10674248;331057;6162197;11787265;436406;0;6218
FR;2;2022-12-27;0;1;7;5;1;5;7;0;4;6127267;6816183;10674255;331062;6162198;11787270;436413;0;6222
FR;2;2022-12-28;0;2;4;13;2;3;14;0;5;6127267;6816185;10674259;331075;6162200;11787273;436427;0;6227
FR;2;2022-12-29;1;2;4;18;1;5;18;0;7;6127268;6816187;10674263;331093;6162201;11787278;436445;0;6234
FR;2;2022-12-30;1;0;2;8;0;2;7;0;1;6127269;6816187;10674265;331101;6162201;11787280;436452;0;6235
FR;2;2022-12-31;0;0;1;2;0;1;2;0;1;6127269;6816187;10674266;331103;6162201;11787281;436454;0;6236
FR;2;2023-01-01;0;0;0;0;0;0;0;0;0;6127269;6816187;10674266;331103;6162201;11787281;436454;0;6236
FR;2;2023-01-02;5;3;9;21;2;7;23;0;2;6127274;6816190;10674275;331124;6162203;11787288;436477;0;6238
FR;2;2023-01-03;1;0;6;13;0;7;11;0;6;6127275;6816190;10674281;331137;6162203;11787295;436488;0;6244
FR;2;2023-01-04;1;2;9;13;3;7;13;0;6;6127276;6816192;10674290;331150;6162206;11787302;436501;0;6250
FR;2;2023-01-05;0;2;7;6;2;4;7;0;3;6127276;6816194;10674297;331156;6162208;11787306;436508;0;6253
FR;2;2023-01-06;1;0;9;9;0;4;13;0;9;6127277;6816194;10674306;331165;6162208;11787310;436521;0;6262
FR;2;2023-01-07;0;0;4;10;0;4;8;0;5;6127277;6816194;10674310;331175;6162208;11787314;436529;0;6267
FR;2;2023-01-08;0;0;3;3;0;3;3;0;2;6127277;6816194;10674313;331178;6162208;11787317;436532;0;6269
FR;2;2023-01-09;0;2;8;9;2;3;13;0;5;6127277;6816196;10674321;331187;6162210;11787320;436545;0;6274
FR;2;2023-01-10;0;5;4;8;4;3;10;0;6;6127277;6816201;10674325;331195;6162214;11787323;436555;0;6280
FR;2;2023-01-11;3;0;4;7;0;3;9;0;3;6127280;6816201;10674329;331202;6162214;11787326;436564;0;6283
FR;2;2023-01-12;1;0;9;13;0;7;10;0;11;6127281;6816201;10674338;331215;6162214;11787333;436574;0;6294
FR;2;2023-01-13;0;1;5;7;1;3;10;0;3;6127281;6816202;10674343;331222;6162215;11787336;436584;0;6297
FR;2;2023-01-14;0;1;2;6;0;3;6;0;1;6127281;6816203;10674345;331228;6162215;11787339;436590;0;6298
FR;2;2023-01-15;0;0;0;0;0;0;0;0;0;6127281;6816203;10674345;331228;6162215;11787339;436590;0;6298
FR;2;2023-01-16;1;1;5;6;2;2;7;0;1;6127282;6816204;10674350;331234;6162217;11787341;436597;0;6299
FR;2;2023-01-17;1;0;5;4;0;5;3;0;0;6127283;6816204;10674355;331238;6162217;11787346;436600;0;6299
FR;2;2023-01-18;0;0;3;2;0;3;2;0;0;6127283;6816204;10674358;331240;6162217;11787349;436602;0;6299
FR;2;2023-01-19;0;0;1;6;0;1;6;0;6;6127283;6816204;10674359;331246;6162217;11787350;436608;0;6305
FR;2;2023-01-20;0;0;1;8;0;1;8;0;4;6127283;6816204;10674360;331254;6162217;11787351;436616;0;6309
FR;2;2023-01-21;0;0;0;3;0;0;0;0;0;6127283;6816204;10674360;331257;6162217;11787351;436616;0;6309
FR;2;2023-01-22;0;0;0;0;0;0;0;0;0;6127283;6816204;10674360;331257;6162217;11787351;436616;0;6309
FR;2;2023-01-23;0;0;3;3;0;2;3;0;1;6127283;6816204;10674363;331260;6162217;11787353;436619;0;6310
FR;2;2023-01-24;1;3;1;6;3;0;7;0;4;6127284;6816207;10674364;331266;6162220;11787353;436626;0;6314
FR;2;2023-01-25;1;0;0;6;1;0;6;0;0;6127285;6816207;10674364;331272;6162221;11787353;436632;0;6314
FR;2;2023-01-26;1;0;3;7;0;1;9;0;3;6127286;6816207;10674367;331279;6162221;11787354;436641;0;6317
FR;2;2023-01-27;0;2;3;3;1;2;3;0;2;6127286;6816209;10674370;331282;6162222;11787356;436644;0;6319
FR;2;2023-01-28;0;0;0;1;0;0;1;0;0;6127286;6816209;10674370;331283;6162222;11787356;436645;0;6319
FR;2;2023-01-29;0;0;1;0;0;0;1;0;0;6127286;6816209;10674371;331283;6162222;11787356;436646;0;6319
FR;2;2023-01-30;0;1;2;3;1;1;4;0;1;6127286;6816210;10674373;331286;6162223;11787357;436650;0;6320
FR;2;2023-01-31;1;0;3;2;0;2;3;0;0;6127287;6816210;10674376;331288;6162223;11787359;436653;0;6320
FR;2;2023-02-01;0;3;2;0;2;3;0;0;0;6127287;6816213;10674378;331288;6162225;11787362;436653;0;6320
FR;2;2023-02-02;0;2;3;4;1;4;6;0;4;6127287;6816215;10674381;331292;6162226;11787366;436659;0;6324
FR;2;2023-02-03;0;2;1;12;2;0;11;0;9;6127287;6816217;10674382;331304;6162228;11787366;436670;0;6333
FR;2;2023-02-04;0;1;1;0;0;2;0;0;0;6127287;6816218;10674383;331304;6162228;11787368;436670;0;6333
FR;2;2023-02-05;0;0;0;0;0;0;0;0;0;6127287;6816218;10674383;331304;6162228;11787368;436670;0;6333
FR;2;2023-02-06;0;3;2;2;2;3;2;0;0;6127287;6816221;10674385;331306;6162230;11787371;436672;0;6333
FR;2;2023-02-07;2;1;0;0;0;1;0;0;1;6127289;6816222;10674385;331306;6162230;11787372;436672;0;6334
FR;2;2023-02-08;0;0;3;2;0;2;4;0;1;6127289;6816222;10674388;331308;6162230;11787374;436676;0;6335
FR;2;2023-02-09;0;0;1;4;0;2;3;0;3;6127289;6816222;10674389;331312;6162230;11787376;436679;0;6338
FR;2;2023-02-10;0;0;1;3;0;1;2;0;6;6127289;6816222;10674390;331315;6162230;11787377;436681;0;6344
FR;2;2023-02-11;2;2;1;1;0;2;2;0;0;6127291;6816224;10674391;331316;6162230;11787379;436683;0;6344
FR;2;2023-02-12;0;0;0;0;0;0;0;0;0;6127291;6816224;10674391;331316;6162230;11787379;436683;0;6344
FR;2;2023-02-13;3;0;1;5;0;0;5;0;1;6127294;6816224;10674392;331321;6162230;11787379;436688;0;6345
FR;2;2023-02-14;1;2;1;1;2;0;2;0;0;6127295;6816226;10674393;331322;6162232;11787379;436690;0;6345
FR;2;2023-02-15;2;0;1;1;0;1;1;0;0;6127297;6816226;10674394;331323;6162232;11787380;436691;0;6345
FR;2;2023-02-16;1;1;2;1;1;1;2;0;2;6127298;6816227;10674396;331324;6162233;11787381;436693;0;6347
FR;2;2023-02-17;0;0;1;4;0;1;3;0;4;6127298;6816227;10674397;331328;6162233;11787382;436696;0;6351
FR;2;2023-02-18;0;0;4;1;0;4;0;0;1;6127298;6816227;10674401;331329;6162233;11787386;436696;0;6352
FR;2;2023-02-19;0;1;0;0;1;0;0;0;0;6127298;6816228;10674401;331329;6162234;11787386;436696;0;6352
FR;2;2023-02-20;1;0;0;1;0;0;1;0;2;6127299;6816228;10674401;331330;6162234;11787386;436697;0;6354
FR;2;2023-02-21;0;0;0;1;0;0;1;0;2;6127299;6816228;10674401;331331;6162234;11787386;436698;0;6356
FR;2;2023-02-22;1;0;0;3;0;0;3;0;0;6127300;6816228;10674401;331334;6162234;11787386;436701;0;6356
FR;2;2023-02-23;0;0;0;1;0;0;1;0;3;6127300;6816228;10674401;331335;6162234;11787386;436702;0;6359
FR;2;2023-02-24;1;0;1;2;0;0;3;0;0;6127301;6816228;10674402;331337;6162234;11787386;436705;0;6359
FR;2;2023-02-25;0;0;1;2;0;1;2;0;0;6127301;6816228;10674403;331339;6162234;11787387;436707;0;6359
FR;2;2023-02-26;0;0;0;0;0;0;0;0;0;6127301;6816228;10674403;331339;6162234;11787387;436707;0;6359
FR;2;2023-02-27;1;0;1;1;1;1;1;0;0;6127302;6816228;10674404;331340;6162235;11787388;436708;0;6359
FR;2;2023-02-28;1;0;0;0;0;0;0;0;2;6127303;6816228;10674404;331340;6162235;11787388;436708;0;6361
FR;2;2023-03-01;0;2;3;2;1;3;1;0;1;6127303;6816230;10674407;331342;6162236;11787391;436709;0;6362
FR;2;2023-03-02;0;2;2;1;2;1;1;0;1;6127303;6816232;10674409;331343;6162238;11787392;436710;0;6363
FR;2;2023-03-03;1;0;3;1;0;3;1;0;0;6127304;6816232;10674412;331344;6162238;11787395;436711;0;6363
FR;2;2023-03-04;0;0;1;0;0;1;0;0;0;6127304;6816232;10674413;331344;6162238;11787396;436711;0;6363
FR;2;2023-03-05;0;0;0;0;0;0;0;0;0;6127304;6816232;10674413;331344;6162238;11787396;436711;0;6363
FR;2;2023-03-06;0;0;2;1;0;1;2;0;2;6127304;6816232;10674415;331345;6162238;11787397;436713;0;6365
FR;2;2023-03-07;0;1;2;1;1;2;1;0;1;6127304;6816233;10674417;331346;6162239;11787399;436714;0;6366
FR;2;2023-03-08;0;0;0;0;0;0;0;0;2;6127304;6816233;10674417;331346;6162239;11787399;436714;0;6368
FR;2;2023-03-09;0;0;1;1;0;0;2;0;0;6127304;6816233;10674418;331347;6162239;11787399;436716;0;6368
FR;2;2023-03-10;0;0;1;0;0;1;0;0;0;6127304;6816233;10674419;331347;6162239;11787400;436716;0;6368
FR;2;2023-03-11;0;0;4;1;0;3;2;0;0;6127304;6816233;10674423;331348;6162239;11787403;436718;0;6368
FR;2;2023-03-12;0;0;0;0;0;0;0;0;0;6127304;6816233;10674423;331348;6162239;11787403;436718;0;6368
FR;2;2023-03-13;0;0;1;3;0;1;3;0;0;6127304;6816233;10674424;331351;6162239;11787404;436721;0;6368
FR;2;2023-03-14;1;0;0;0;0;0;0;0;0;6127305;6816233;10674424;331351;6162239;11787404;436721;0;6368
FR;2;2023-03-15;0;1;0;3;1;0;3;0;0;6127305;6816234;10674424;331354;6162240;11787404;436724;0;6368
FR;2;2023-03-16;0;1;0;0;1;0;1;0;0;6127305;6816235;10674424;331354;6162241;11787404;436725;0;6368
FR;2;2023-03-17;0;0;1;1;0;1;0;0;0;6127305;6816235;10674425;331355;6162241;11787405;436725;0;6368
FR;2;2023-03-18;0;0;7;0;0;7;0;0;1;6127305;6816235;10674432;331355;6162241;11787412;436725;0;6369
FR;2;2023-03-19;0;0;0;0;0;0;0;0;0;6127305;6816235;10674432;331355;6162241;11787412;436725;0;6369
FR;2;2023-03-20;0;0;1;0;0;1;0;0;0;6127305;6816235;10674433;331355;6162241;11787413;436725;0;6369
FR;2;2023-03-21;0;0;1;2;0;1;2;0;1;6127305;6816235;10674434;331357;6162241;11787414;436727;0;6370
FR;2;2023-03-22;0;0;0;0;0;0;0;0;1;6127305;6816235;10674434;331357;6162241;11787414;436727;0;6371
FR;2;2023-03-23;0;1;0;0;1;0;0;0;1;6127305;6816236;10674434;331357;6162242;11787414;436727;0;6372
FR;2;2023-03-24;0;1;0;2;1;0;2;0;2;6127305;6816237;10674434;331359;6162243;11787414;436729;0;6374
FR;2;2023-03-25;0;0;1;2;0;1;2;0;0;6127305;6816237;10674435;331361;6162243;11787415;436731;0;6374
FR;2;2023-03-26;0;1;1;0;1;1;0;0;0;6127305;6816238;10674436;331361;6162244;11787416;436731;0;6374
FR;2;2023-03-27;0;2;2;0;2;2;0;0;1;6127305;6816240;10674438;331361;6162246;11787418;436731;0;6375
FR;2;2023-03-28;0;0;0;0;0;0;0;0;1;6127305;6816240;10674438;331361;6162246;11787418;436731;0;6376
FR;2;2023-03-29;0;0;0;2;0;0;2;0;0;6127305;6816240;10674438;331363;6162246;11787418;436733;0;6376
FR;2;2023-03-30;0;0;0;0;0;0;0;0;0;6127305;6816240;10674438;331363;6162246;11787418;436733;0;6376
FR;2;2023-03-31;0;1;0;1;1;0;1;0;0;6127305;6816241;10674438;331364;6162247;11787418;436734;0;6376
FR;2;2023-04-01;0;0;1;0;0;0;1;0;0;6127305;6816241;10674439;331364;6162247;11787418;436735;0;6376
FR;2;2023-04-02;0;0;0;0;0;0;0;0;0;6127305;6816241;10674439;331364;6162247;11787418;436735;0;6376
FR;2;2023-04-03;0;1;2;2;1;2;2;0;1;6127305;6816242;10674441;331366;6162248;11787420;436737;0;6377
FR;2;2023-04-04;0;0;0;2;0;0;2;0;0;6127305;6816242;10674441;331368;6162248;11787420;436739;0;6377
FR;2;2023-04-05;0;0;0;0;0;0;0;0;0;6127305;6816242;10674441;331368;6162248;11787420;436739;0;6377
FR;2;2023-04-06;0;1;0;0;1;0;0;0;0;6127305;6816243;10674441;331368;6162249;11787420;436739;0;6377
FR;2;2023-04-07;0;0;0;1;0;0;1;0;0;6127305;6816243;10674441;331369;6162249;11787420;436740;0;6377
FR;2;2023-04-08;0;0;0;0;0;0;0;0;0;6127305;6816243;10674441;331369;6162249;11787420;436740;0;6377
FR;2;2023-04-09;0;0;1;0;0;1;0;0;0;6127305;6816243;10674442;331369;6162249;11787421;436740;0;6377
FR;2;2023-04-10;0;2;0;0;1;1;0;0;0;6127305;6816245;10674442;331369;6162250;11787422;436740;0;6377
FR;2;2023-04-11;0;0;0;0;0;0;0;0;1;6127305;6816245;10674442;331369;6162250;11787422;436740;0;6378
FR;2;2023-04-12;0;0;0;0;0;0;0;0;0;6127305;6816245;10674442;331369;6162250;11787422;436740;0;6378
FR;2;2023-04-13;0;0;2;0;0;2;0;0;0;6127305;6816245;10674444;331369;6162250;11787424;436740;0;6378
FR;2;2023-04-14;0;1;0;1;1;0;1;0;0;6127305;6816246;10674444;331370;6162251;11787424;436741;0;6378
FR;2;2023-04-15;0;0;0;0;0;0;0;0;0;6127305;6816246;10674444;331370;6162251;11787424;436741;0;6378
FR;2;2023-04-16;0;0;0;0;0;0;0;0;0;6127305;6816246;10674444;331370;6162251;11787424;436741;0;6378
FR;2;2023-04-17;1;1;0;0;2;0;0;0;0;6127306;6816247;10674444;331370;6162253;11787424;436741;0;6378
FR;2;2023-04-18;0;0;1;2;0;1;2;0;0;6127306;6816247;10674445;331372;6162253;11787425;436743;0;6378
FR;2;2023-04-19;0;0;0;0;0;0;2;0;0;6127306;6816247;10674445;331372;6162253;11787425;436745;0;6378
FR;2;2023-04-20;0;0;1;1;0;1;1;0;0;6127306;6816247;10674446;331373;6162253;11787426;436746;0;6378
FR;2;2023-04-21;0;0;0;0;0;0;0;0;0;6127306;6816247;10674446;331373;6162253;11787426;436746;0;6378
FR;2;2023-04-22;0;0;0;2;0;0;0;0;2;6127306;6816247;10674446;331375;6162253;11787426;436746;0;6380
FR;2;2023-04-23;0;0;0;0;0;0;0;0;0;6127306;6816247;10674446;331375;6162253;11787426;436746;0;6380
FR;2;2023-04-24;0;0;1;0;0;0;1;0;0;6127306;6816247;10674447;331375;6162253;11787426;436747;0;6380
FR;2;2023-04-25;0;0;0;0;0;0;0;0;0;6127306;6816247;10674447;331375;6162253;11787426;436747;0;6380
FR;2;2023-04-26;0;1;0;0;0;1;0;0;0;6127306;6816248;10674447;331375;6162253;11787427;436747;0;6380
FR;2;2023-04-27;0;0;0;0;0;0;0;0;1;6127306;6816248;10674447;331375;6162253;11787427;436747;0;6381
FR;2;2023-04-28;0;0;0;0;0;0;0;0;2;6127306;6816248;10674447;331375;6162253;11787427;436747;0;6383
FR;2;2023-04-29;0;0;0;1;0;0;1;0;0;6127306;6816248;10674447;331376;6162253;11787427;436748;0;6383
FR;2;2023-04-30;0;0;0;0;0;0;0;0;0;6127306;6816248;10674447;331376;6162253;11787427;436748;0;6383
FR;2;2023-05-01;0;0;0;0;0;0;0;0;0;6127306;6816248;10674447;331376;6162253;11787427;436748;0;6383
FR;2;2023-05-02;0;0;3;1;0;3;1;0;2;6127306;6816248;10674450;331377;6162253;11787430;436749;0;6385
FR;2;2023-05-03;0;1;0;0;0;1;0;0;0;6127306;6816249;10674450;331377;6162253;11787431;436749;0;6385
FR;2;2023-05-04;0;0;0;1;0;0;1;0;0;6127306;6816249;10674450;331378;6162253;11787431;436750;0;6385
FR;2;2023-05-05;0;0;1;1;0;1;1;0;0;6127306;6816249;10674451;331379;6162253;11787432;436751;0;6385
FR;2;2023-05-06;0;0;0;0;0;0;0;0;0;6127306;6816249;10674451;331379;6162253;11787432;436751;0;6385
FR;2;2023-05-07;0;0;0;0;0;0;0;0;0;6127306;6816249;10674451;331379;6162253;11787432;436751;0;6385
FR;2;2023-05-08;0;0;0;0;0;0;0;0;0;6127306;6816249;10674451;331379;6162253;11787432;436751;0;6385
FR;2;2023-05-09;0;1;0;0;0;1;0;0;0;6127306;6816250;10674451;331379;6162253;11787433;436751;0;6385
FR;3;2020-12-27;0;0;0;0;0;0;0;0;0;0;0;0;0;0;0;0;0;0
FR;3;2020-12-28;0;0;0;0;0;0;0;0;0;0;0;0;0;0;0;0;0;0
FR;3;2020-12-29;0;0;0;0;0;0;0;0;0;0;0;0;0;0;0;0;0;0
FR;3;2020-12-30;0;0;0;0;0;0;0;0;0;0;0;0;0;0;0;0;0;0
FR;3;2020-12-31;0;0;0;0;0;0;0;0;0;0;0;0;0;0;0;0;0;0
FR;3;2021-01-01;0;0;0;0;0;0;0;0;0;0;0;0;0;0;0;0;0;0
FR;3;2021-01-02;0;0;0;0;0;0;0;0;0;0;0;0;0;0;0;0;0;0
FR;3;2021-01-03;0;0;0;0;0;0;0;0;0;0;0;0;0;0;0;0;0;0
FR;3;2021-01-04;0;0;0;0;0;0;0;0;0;0;0;0;0;0;0;0;0;0
FR;3;2021-01-05;0;0;0;0;0;0;0;0;0;0;0;0;0;0;0;0;0;0
FR;3;2021-01-06;0;0;0;0;0;0;0;0;0;0;0;0;0;0;0;0;0;0
FR;3;2021-01-07;0;0;0;0;0;0;0;0;0;0;0;0;0;0;0;0;0;0
FR;3;2021-01-08;0;0;0;0;0;0;0;0;0;0;0;0;0;0;0;0;0;0
FR;3;2021-01-09;0;0;0;0;0;0;0;0;0;0;0;0;0;0;0;0;0;0
FR;3;2021-01-10;0;0;0;0;0;0;0;0;0;0;0;0;0;0;0;0;0;0
FR;3;2021-01-11;0;0;0;0;0;0;0;0;0;0;0;0;0;0;0;0;0;0
FR;3;2021-01-12;0;0;0;0;0;0;0;0;0;0;0;0;0;0;0;0;0;0
FR;3;2021-01-13;0;0;0;0;0;0;0;0;0;0;0;0;0;0;0;0;0;0
FR;3;2021-01-14;0;0;0;0;0;0;0;0;0;0;0;0;0;0;0;0;0;0
FR;3;2021-01-15;0;0;0;0;0;0;0;0;0;0;0;0;0;0;0;0;0;0
FR;3;2021-01-16;0;0;0;0;0;0;0;0;0;0;0;0;0;0;0;0;0;0
FR;3;2021-01-17;0;0;0;0;0;0;0;0;0;0;0;0;0;0;0;0;0;0
FR;3;2021-01-18;0;0;0;0;0;0;0;0;0;0;0;0;0;0;0;0;0;0
FR;3;2021-01-19;0;0;0;0;0;0;0;0;0;0;0;0;0;0;0;0;0;0
FR;3;2021-01-20;0;0;0;0;0;0;0;0;0;0;0;0;0;0;0;0;0;0
FR;3;2021-01-21;0;0;0;0;0;0;0;0;0;0;0;0;0;0;0;0;0;0
FR;3;2021-01-22;0;0;0;0;0;0;0;0;0;0;0;0;0;0;0;0;0;0
FR;3;2021-01-23;0;0;0;0;0;0;0;0;0;0;0;0;0;0;0;0;0;0
FR;3;2021-01-24;0;0;0;0;0;0;0;0;0;0;0;0;0;0;0;0;0;0
FR;3;2021-01-25;0;0;0;0;0;0;0;0;0;0;0;0;0;0;0;0;0;0
FR;3;2021-01-26;0;0;0;0;0;0;0;0;0;0;0;0;0;0;0;0;0;0
FR;3;2021-01-27;0;0;0;0;0;0;0;0;0;0;0;0;0;0;0;0;0;0
FR;3;2021-01-28;0;0;0;0;0;0;0;0;0;0;0;0;0;0;0;0;0;0
FR;3;2021-01-29;0;0;0;0;0;0;0;0;0;0;0;0;0;0;0;0;0;0
FR;3;2021-01-30;0;0;0;0;0;0;0;0;0;0;0;0;0;0;0;0;0;0
FR;3;2021-01-31;0;0;0;0;0;0;0;0;0;0;0;0;0;0;0;0;0;0
FR;3;2021-02-01;0;0;0;0;0;0;0;0;0;0;0;0;0;0;0;0;0;0
FR;3;2021-02-02;0;0;0;0;0;0;0;0;0;0;0;0;0;0;0;0;0;0
FR;3;2021-02-03;0;0;0;0;0;0;0;0;0;0;0;0;0;0;0;0;0;0
FR;3;2021-02-04;0;0;0;0;0;0;0;0;0;0;0;0;0;0;0;0;0;0
FR;3;2021-02-05;0;0;0;0;0;0;0;0;0;0;0;0;0;0;0;0;0;0
FR;3;2021-02-06;1474;0;0;0;105;0;0;0;0;1474;0;0;0;105;0;0;0;0
FR;3;2021-02-07;1423;2;0;0;87;0;0;0;0;2897;2;0;0;192;0;0;0;0
FR;3;2021-02-08;2789;1;0;0;177;0;0;0;0;5686;3;0;0;369;0;0;0;0
FR;3;2021-02-09;6786;0;0;0;502;0;0;0;0;12472;3;0;0;871;0;0;0;0
FR;3;2021-02-10;9612;0;0;0;695;0;0;0;0;22084;3;0;0;1566;0;0;0;0
FR;3;2021-02-11;13620;4;0;0;919;0;0;0;0;35704;7;0;0;2485;0;0;0;0
FR;3;2021-02-12;13410;0;0;0;907;0;0;0;0;49114;7;0;0;3392;0;0;0;0
FR;3;2021-02-13;3800;1;0;0;218;0;0;0;0;52914;8;0;0;3610;0;0;0;0
FR;3;2021-02-14;975;1;0;0;53;0;0;0;0;53889;9;0;0;3663;0;0;0;0
FR;3;2021-02-15;10497;2;0;0;719;0;0;0;0;64386;11;0;0;4382;0;0;0;0
FR;3;2021-02-16;12556;5;0;0;871;0;0;0;0;76942;16;0;0;5253;0;0;0;0
FR;3;2021-02-17;11159;1;0;0;717;0;0;0;0;88101;17;0;0;5970;0;0;0;0
FR;3;2021-02-18;14943;2;0;0;985;0;0;0;0;103044;19;0;0;6955;0;0;0;0
FR;3;2021-02-19;14364;1;0;0;846;0;0;0;0;117408;20;0;0;7801;0;0;0;0
FR;3;2021-02-20;3332;0;0;0;178;0;0;0;0;120740;20;0;0;7979;0;0;0;0
FR;3;2021-02-21;620;0;0;0;35;0;0;0;0;121360;20;0;0;8014;0;0;0;0
FR;3;2021-02-22;9171;1;0;0;654;0;0;0;0;130531;21;0;0;8668;0;0;0;0
FR;3;2021-02-23;11406;6;0;0;761;0;0;0;0;141937;27;0;0;9429;0;0;0;0
FR;3;2021-02-24;14305;1;0;0;829;0;0;0;0;156242;28;0;0;10258;0;0;0;0
FR;3;2021-02-25;44935;3;0;0;1814;0;0;0;0;201177;31;0;0;12072;0;0;0;0
FR;3;2021-02-26;61889;13;0;0;2201;0;0;0;0;263066;44;0;0;14273;0;0;0;0
FR;3;2021-02-27;34811;14;0;0;1028;0;0;0;0;297877;58;0;0;15301;0;0;0;0
FR;3;2021-02-28;2464;0;0;0;114;0;0;0;0;300341;58;0;0;15415;0;0;0;0
FR;3;2021-03-01;20521;21;0;0;1067;0;0;0;0;320862;79;0;0;16482;0;0;0;0
FR;3;2021-03-02;38878;25;0;0;1790;0;0;0;0;359740;104;0;0;18272;0;0;0;0
FR;3;2021-03-03;48750;18;0;0;2130;0;0;0;0;408490;122;0;0;20402;0;0;0;0
FR;3;2021-03-04;82229;25;0;0;3194;0;0;0;0;490719;147;0;0;23596;0;0;0;0
FR;3;2021-03-05;118138;43;0;0;4693;0;0;0;0;608857;190;0;0;28289;0;0;0;0
FR;3;2021-03-06;120727;65;1;0;3559;0;0;0;0;729584;255;1;0;31848;0;0;0;0
FR;3;2021-03-07;55186;23;0;0;1729;0;0;0;0;784770;278;1;0;33577;0;0;0;0
FR;3;2021-03-08;42814;29;0;0;2074;0;0;0;0;827584;307;1;0;35651;0;0;0;0
FR;3;2021-03-09;78978;51;0;0;3288;0;0;0;0;906562;358;1;0;38939;0;0;0;0
FR;3;2021-03-10;80985;67;0;0;3243;0;0;0;0;987547;425;1;0;42182;0;0;0;0
FR;3;2021-03-11;128447;66;0;0;4766;0;0;0;0;1115994;491;1;0;46948;0;0;0;0
FR;3;2021-03-12;182719;122;0;0;6279;0;0;0;0;1298713;613;1;0;53227;0;0;0;0
FR;3;2021-03-13;132160;91;0;0;3530;0;0;0;0;1430873;704;1;0;56757;0;0;0;0
FR;3;2021-03-14;14061;6;0;0;550;0;0;0;0;1444934;710;1;0;57307;0;0;0;0
FR;3;2021-03-15;52243;82;0;0;2097;0;0;0;0;1497177;792;1;0;59404;0;0;0;0
FR;3;2021-03-16;1221;51;0;0;105;0;0;0;0;1498398;843;1;0;59509;0;0;0;0
FR;3;2021-03-17;950;56;0;0;95;0;0;0;0;1499348;899;1;0;59604;0;0;0;0
FR;3;2021-03-18;1576;42;0;0;102;0;0;0;0;1500924;941;1;0;59706;0;0;0;0
FR;3;2021-03-19;70458;56;0;0;2060;0;0;0;0;1571382;997;1;0;61766;0;0;0;0
FR;3;2021-03-20;65242;51;0;0;1702;0;0;0;0;1636624;1048;1;0;63468;0;0;0;0
FR;3;2021-03-21;5761;8;0;0;199;0;0;0;0;1642385;1056;1;0;63667;0;0;0;0
FR;3;2021-03-22;37511;50;0;0;1053;0;0;0;0;1679896;1106;1;0;64720;0;0;0;0
FR;3;2021-03-23;84670;87;0;0;2288;0;0;0;0;1764566;1193;1;0;67008;0;0;0;0
FR;3;2021-03-24;90955;99;0;0;2491;0;0;0;0;1855521;1292;1;0;69499;0;0;0;0
FR;3;2021-03-25;150068;149;0;0;3792;0;0;0;0;2005589;1441;1;0;73291;0;0;0;0
FR;3;2021-03-26;165431;157;0;0;4148;0;0;0;0;2171020;1598;1;0;77439;0;0;0;0
FR;3;2021-03-27;68465;101;0;0;2004;0;0;0;0;2239485;1699;1;0;79443;0;0;0;0
FR;3;2021-03-28;6481;20;0;0;238;0;0;0;0;2245966;1719;1;0;79681;0;0;0;0
FR;3;2021-03-29;54171;83;0;0;1480;0;0;0;0;2300137;1802;1;0;81161;0;0;0;0
FR;3;2021-03-30;93185;103;0;0;2564;0;0;0;0;2393322;1905;1;0;83725;0;0;0;0
FR;3;2021-03-31;63547;110;0;0;1964;0;0;0;0;2456869;2015;1;0;85689;0;0;0;0
FR;3;2021-04-01;86136;116;0;0;2496;0;0;0;0;2543005;2131;1;0;88185;0;0;0;0
FR;3;2021-04-02;86915;186;0;0;2766;0;0;0;0;2629920;2317;1;0;90951;0;0;0;0
FR;3;2021-04-03;35876;133;0;0;1164;0;0;0;0;2665796;2450;1;0;92115;0;0;0;0
FR;3;2021-04-04;3577;19;0;0;164;0;0;0;0;2669373;2469;1;0;92279;0;0;0;0
FR;3;2021-04-05;4492;40;0;0;236;0;0;0;0;2673865;2509;1;0;92515;0;0;0;0
FR;3;2021-04-06;29763;105;0;0;1091;0;0;0;0;2703628;2614;1;0;93606;0;0;0;0
FR;3;2021-04-07;32350;113;0;0;1052;0;0;0;0;2735978;2727;1;0;94658;0;0;0;0
FR;3;2021-04-08;78826;274;0;0;2619;0;0;0;0;2814804;3001;1;0;97277;0;0;0;0
FR;3;2021-04-09;161764;454;0;0;5180;0;0;0;0;2976568;3455;1;0;102457;0;0;0;0
FR;3;2021-04-10;75765;365;0;0;2697;0;0;0;0;3052333;3820;1;0;105154;0;0;0;0
FR;3;2021-04-11;7316;47;0;0;306;0;0;0;0;3059649;3867;1;0;105460;0;0;0;0
FR;3;2021-04-12;51484;219;0;0;1738;0;0;0;0;3111133;4086;1;0;107198;0;0;0;0
FR;3;2021-04-13;86236;364;0;0;2911;0;0;0;0;3197369;4450;1;0;110109;0;0;0;0
FR;3;2021-04-14;67847;377;0;0;2429;0;0;0;0;3265216;4827;1;0;112538;0;0;0;0
FR;3;2021-04-15;93246;404;0;0;3442;0;0;0;0;3358462;5231;1;0;115980;0;0;0;0
FR;3;2021-04-16;112532;628;0;0;4343;0;0;0;0;3470994;5859;1;0;120323;0;0;0;0
FR;3;2021-04-17;53319;371;1;0;2277;0;0;0;0;3524313;6230;2;0;122600;0;0;0;0
FR;3;2021-04-18;9752;49;0;0;423;0;0;0;0;3534065;6279;2;0;123023;0;0;0;0
FR;3;2021-04-19;25117;287;0;0;1093;0;0;0;0;3559182;6566;2;0;124116;0;0;0;0
FR;3;2021-04-20;45676;438;0;0;1908;0;0;0;0;3604858;7004;2;0;126024;0;0;0;0
FR;3;2021-04-21;38988;552;0;0;1896;0;0;0;0;3643846;7556;2;0;127920;0;0;0;0
FR;3;2021-04-22;54723;875;0;0;2827;0;0;0;0;3698569;8431;2;0;130747;0;0;0;0
FR;3;2021-04-23;70493;1095;0;0;3697;0;0;0;0;3769062;9526;2;0;134444;0;0;0;0
FR;3;2021-04-24;37253;1101;0;0;2490;0;0;0;0;3806315;10627;2;0;136934;0;0;0;0
FR;3;2021-04-25;6213;158;0;0;446;0;0;0;0;3812528;10785;2;0;137380;0;0;0;0
FR;3;2021-04-26;19792;700;0;0;1435;0;0;0;0;3832320;11485;2;0;138815;0;0;0;0
FR;3;2021-04-27;34486;1337;0;0;2595;0;0;0;0;3866806;12822;2;0;141410;0;0;0;0
FR;3;2021-04-28;28971;2047;0;0;3164;0;0;0;0;3895777;14869;2;0;144574;0;0;0;0
FR;3;2021-04-29;45393;6126;0;0;7945;0;0;0;0;3941170;20995;2;0;152519;0;0;0;0
FR;3;2021-04-30;55465;9117;1;0;11512;0;0;0;0;3996635;30112;3;0;164031;0;0;0;0
FR;3;2021-05-01;9518;2064;0;0;2495;0;0;0;0;4006153;32176;3;0;166526;0;0;0;0
FR;3;2021-05-02;3081;466;0;0;611;0;0;0;0;4009234;32642;3;0;167137;0;0;0;0
FR;3;2021-05-03;13067;3940;0;0;4507;0;0;0;0;4022301;36582;3;0;171644;0;0;0;0
FR;3;2021-05-04;23123;8374;0;0;9441;0;0;0;0;4045424;44956;3;0;181085;0;0;0;0
FR;3;2021-05-05;18768;10832;0;0;11770;0;0;0;0;4064192;55788;3;0;192855;0;0;0;0
FR;3;2021-05-06;34632;21265;0;0;22815;0;0;0;0;4098824;77053;3;0;215670;0;0;0;0
FR;3;2021-05-07;44211;28903;0;0;31206;0;0;0;0;4143035;105956;3;0;246876;0;0;0;0
FR;3;2021-05-08;6786;9190;0;0;9556;0;0;0;0;4149821;115146;3;0;256432;0;0;0;0
FR;3;2021-05-09;1797;2666;0;0;2767;0;0;0;0;4151618;117812;3;0;259199;0;0;0;0
FR;3;2021-05-10;15001;12916;0;0;13609;0;0;0;0;4166619;130728;3;0;272808;0;0;0;0
FR;3;2021-05-11;27100;26273;0;0;27546;0;0;0;0;4193719;157001;3;0;300354;0;0;0;0
FR;3;2021-05-12;17273;28147;0;0;29085;0;0;0;0;4210992;185148;3;0;329439;0;0;0;0
FR;3;2021-05-13;2285;3511;0;0;3632;0;0;0;0;4213277;188659;3;0;333071;0;0;0;0
FR;3;2021-05-14;14521;26084;0;0;26865;0;0;0;0;4227798;214743;3;0;359936;0;0;0;0
FR;3;2021-05-15;7233;21086;0;0;21516;0;0;0;0;4235031;235829;3;0;381452;0;0;0;0
FR;3;2021-05-16;977;2649;0;0;2695;0;0;0;0;4236008;238478;3;0;384147;0;0;0;0
FR;3;2021-05-17;7967;20223;0;0;20667;0;0;0;0;4243975;258701;3;0;404814;0;0;0;0
FR;3;2021-05-18;13418;30157;0;0;30919;0;0;0;0;4257393;288858;3;0;435733;0;0;0;0
FR;3;2021-05-19;9277;30525;0;0;31119;0;0;0;0;4266670;319383;3;0;466852;0;0;0;0
FR;3;2021-05-20;12809;53831;3;0;54758;0;0;0;0;4279479;373214;6;0;521610;0;0;0;0
FR;3;2021-05-21;12771;66184;2;0;67115;0;0;0;0;4292250;439398;8;0;588725;0;0;0;0
FR;3;2021-05-22;4967;33780;1;0;34163;0;0;0;0;4297217;473178;9;0;622888;0;0;0;0
FR;3;2021-05-23;651;2663;0;0;2695;0;0;0;0;4297868;475841;9;0;625583;0;0;0;0
FR;3;2021-05-24;885;4784;0;0;4828;0;0;0;0;4298753;480625;9;0;630411;0;0;0;0
FR;3;2021-05-25;5316;46736;1;0;47143;0;0;0;0;4304069;527361;10;0;677554;0;0;0;0
FR;3;2021-05-26;4982;52191;1;0;52665;0;0;0;0;4309051;579552;11;0;730219;0;0;0;0
FR;3;2021-05-27;6338;79067;3;0;79678;0;0;0;0;4315389;658619;14;0;809897;0;0;0;0
FR;3;2021-05-28;7546;100334;2;0;101140;0;0;0;0;4322935;758953;16;0;911037;0;0;0;0
FR;3;2021-05-29;3350;61184;1;0;61566;0;0;0;0;4326285;820137;17;0;972603;0;0;0;0
FR;3;2021-05-30;551;8078;0;0;8127;0;0;0;0;4326836;828215;17;0;980730;0;0;0;0
FR;3;2021-05-31;2442;35484;3;0;35750;0;0;0;0;4329278;863699;20;0;1016480;0;0;0;0
FR;3;2021-06-01;3418;64902;10;0;65354;0;0;0;0;4332696;928601;30;0;1081834;0;0;0;0
FR;3;2021-06-02;2735;58931;6;0;59266;0;0;0;0;4335431;987532;36;0;1141100;0;0;0;0
FR;3;2021-06-03;3496;87202;10;0;87741;0;0;0;0;4338927;1074734;46;0;1228841;0;0;0;0
FR;3;2021-06-04;4125;105868;22;0;106534;0;0;0;0;4343052;1180602;68;0;1335375;0;0;0;0
FR;3;2021-06-05;1983;52608;4;0;52926;0;0;0;0;4345035;1233210;72;0;1388301;0;0;0;0
FR;3;2021-06-06;511;5269;1;0;5317;0;0;0;0;4345546;1238479;73;0;1393618;0;0;0;0
FR;3;2021-06-07;1487;30716;11;0;30897;0;0;0;0;4347033;1269195;84;0;1424515;0;0;0;0
FR;3;2021-06-08;2066;47426;18;0;47772;0;0;0;0;4349099;1316621;102;0;1472287;0;0;0;0
FR;3;2021-06-09;1796;41807;13;0;42112;0;0;0;0;4350895;1358428;115;0;1514399;0;0;0;0
FR;3;2021-06-10;2261;67663;17;0;68061;0;0;0;0;4353156;1426091;132;0;1582460;0;0;0;0
FR;3;2021-06-11;2493;96636;34;0;97112;0;0;0;0;4355649;1522727;166;0;1679572;0;0;0;0
FR;3;2021-06-12;1179;40557;6;0;40789;0;0;0;0;4356828;1563284;172;0;1720361;0;0;0;0
FR;3;2021-06-13;283;3606;3;0;3641;0;0;0;0;4357111;1566890;175;0;1724002;0;0;0;0
FR;3;2021-06-14;1051;42315;17;0;42485;0;0;0;0;4358162;1609205;192;0;1766487;0;0;0;0
FR;3;2021-06-15;1379;80355;20;0;80660;0;0;0;0;4359541;1689560;212;0;1847147;0;0;0;0
FR;3;2021-06-16;1263;65506;20;0;65779;0;0;0;0;4360804;1755066;232;0;1912926;0;0;0;0
FR;3;2021-06-17;1667;102293;41;0;102679;0;0;0;0;4362471;1857359;273;0;2015605;0;0;0;0
FR;3;2021-06-18;1873;118469;63;0;118939;0;0;0;0;4364344;1975828;336;0;2134544;0;0;0;0
FR;3;2021-06-19;804;39455;22;0;39650;0;0;0;0;4365148;2015283;358;0;2174194;0;0;0;0
FR;3;2021-06-20;162;3194;0;0;3223;0;0;0;0;4365310;2018477;358;0;2177417;0;0;0;0
FR;3;2021-06-21;775;39090;16;0;39248;0;0;0;0;4366085;2057567;374;0;2216665;0;0;0;0
FR;3;2021-06-22;1065;70093;52;0;70363;0;0;0;0;4367150;2127660;426;0;2287028;0;0;0;0
FR;3;2021-06-23;946;50832;39;0;51104;0;0;0;0;4368096;2178492;465;0;2338132;0;0;0;0
FR;3;2021-06-24;1314;77297;48;0;77670;0;0;0;0;4369410;2255789;513;0;2415802;0;0;0;0
FR;3;2021-06-25;1410;90854;73;0;91287;0;0;0;0;4370820;2346643;586;0;2507089;0;0;0;0
FR;3;2021-06-26;631;33111;29;0;33303;0;0;0;0;4371451;2379754;615;0;2540392;0;0;0;0
FR;3;2021-06-27;168;3779;1;0;3803;0;0;0;0;4371619;2383533;616;0;2544195;0;0;0;0
FR;3;2021-06-28;655;29929;27;0;30123;0;0;0;0;4372274;2413462;643;0;2574318;0;0;0;0
FR;3;2021-06-29;856;56655;95;0;56899;0;0;0;0;4373130;2470117;738;0;2631217;0;0;0;0
FR;3;2021-06-30;905;45215;93;0;45483;0;0;0;0;4374035;2515332;831;0;2676700;0;0;0;0
FR;3;2021-07-01;1164;66129;108;0;66478;0;0;0;0;4375199;2581461;939;0;2743178;0;0;0;0
FR;3;2021-07-02;1305;90526;170;0;91008;0;0;0;0;4376504;2671987;1109;0;2834186;0;0;0;0
FR;3;2021-07-03;602;31185;51;0;31386;0;0;0;0;4377106;2703172;1160;0;2865572;0;0;0;0
FR;3;2021-07-04;144;3967;3;0;3997;0;0;0;0;4377250;2707139;1163;0;2869569;0;0;0;0
FR;3;2021-07-05;613;33606;60;0;33807;0;0;0;0;4377863;2740745;1223;0;2903376;0;0;0;0
FR;3;2021-07-06;965;55936;88;0;56247;0;0;0;0;4378828;2796681;1311;0;2959623;0;0;0;0
FR;3;2021-07-07;874;42964;80;0;43262;0;0;0;0;4379702;2839645;1391;0;3002885;0;0;0;0
FR;3;2021-07-08;1127;60812;99;0;61222;0;0;0;0;4380829;2900457;1490;0;3064107;0;0;0;0
FR;3;2021-07-09;1261;68940;128;0;69405;0;0;0;0;4382090;2969397;1618;0;3133512;0;0;0;0
FR;3;2021-07-10;644;25020;59;0;25217;0;0;0;0;4382734;2994417;1677;0;3158729;0;0;0;0
FR;3;2021-07-11;132;3173;4;0;3198;0;0;0;0;4382866;2997590;1681;0;3161927;0;0;0;0
FR;3;2021-07-12;662;23598;59;0;23811;0;0;0;0;4383528;3021188;1740;0;3185738;0;0;0;0
FR;3;2021-07-13;1648;34426;90;0;34916;0;0;0;0;4385176;3055614;1830;0;3220654;0;0;0;0
FR;3;2021-07-14;272;2475;2;0;2532;0;0;0;0;4385448;3058089;1832;0;3223186;0;0;0;0
FR;3;2021-07-15;1941;30416;85;0;30991;0;0;0;0;4387389;3088505;1917;0;3254177;0;0;0;0
FR;3;2021-07-16;2520;38620;122;0;39354;0;0;0;0;4389909;3127125;2039;0;3293531;0;0;0;0
FR;3;2021-07-17;1051;13724;26;0;14032;0;0;0;0;4390960;3140849;2065;0;3307563;0;0;0;0
FR;3;2021-07-18;266;2549;3;0;2597;0;0;0;0;4391226;3143398;2068;0;3310160;0;0;0;0
FR;3;2021-07-19;1280;16884;38;0;17252;0;0;0;0;4392506;3160282;2106;0;3327412;0;0;0;0
FR;3;2021-07-20;1823;26931;98;0;27472;0;0;0;0;4394329;3187213;2204;0;3354884;0;0;0;0
FR;3;2021-07-21;1652;19472;44;0;19977;0;0;0;0;4395981;3206685;2248;0;3374861;0;0;0;0
FR;3;2021-07-22;1856;27647;83;0;28212;0;0;0;0;4397837;3234332;2331;0;3403073;0;0;0;0
FR;3;2021-07-23;2217;30211;117;0;30948;0;0;0;0;4400054;3264543;2448;0;3434021;0;0;0;0
FR;3;2021-07-24;828;6928;25;0;7151;0;0;0;0;4400882;3271471;2473;0;3441172;0;0;0;0
FR;3;2021-07-25;210;1287;1;0;1342;0;0;0;0;4401092;3272758;2474;0;3442514;0;0;0;0
FR;3;2021-07-26;933;10508;28;0;10816;0;0;0;0;4402025;3283266;2502;0;3453330;0;0;0;0
FR;3;2021-07-27;1171;16802;56;0;17165;0;0;0;0;4403196;3300068;2558;0;3470495;0;0;0;0
FR;3;2021-07-28;989;11999;40;0;12311;0;0;0;0;4404185;3312067;2598;0;3482806;0;0;0;0
FR;3;2021-07-29;1127;15676;63;0;16089;0;0;0;0;4405312;3327743;2661;0;3498895;0;0;0;0
FR;3;2021-07-30;1130;17991;79;0;18366;0;0;0;0;4406442;3345734;2740;0;3517261;0;0;0;0
FR;3;2021-07-31;407;3711;15;0;3837;0;0;0;0;4406849;3349445;2755;0;3521098;0;0;0;0
FR;3;2021-08-01;117;443;1;0;465;0;0;0;0;4406966;3349888;2756;0;3521563;0;0;0;0
FR;3;2021-08-02;424;5015;22;0;5136;0;0;0;0;4407390;3354903;2778;0;3526699;0;0;0;0
FR;3;2021-08-03;498;7466;27;0;7599;0;0;0;0;4407888;3362369;2805;0;3534298;0;0;0;0
FR;3;2021-08-04;441;4831;26;0;4977;0;0;0;0;4408329;3367200;2831;0;3539275;0;0;0;0
FR;3;2021-08-05;433;3653;13;0;3763;0;0;0;0;4408762;3370853;2844;0;3543038;0;0;0;0
FR;3;2021-08-06;456;4699;30;0;4800;0;0;0;0;4409218;3375552;2874;0;3547838;0;0;0;0
FR;3;2021-08-07;214;1900;11;0;1946;0;0;0;0;4409432;3377452;2885;0;3549784;0;0;0;0
FR;3;2021-08-08;251;423;2;0;456;0;0;0;0;4409683;3377875;2887;0;3550240;0;0;0;0
FR;3;2021-08-09;320;2377;11;0;2447;0;0;0;0;4410003;3380252;2898;0;3552687;0;0;0;0
FR;3;2021-08-10;369;3735;15;0;3823;0;0;0;0;4410372;3383987;2913;0;3556510;0;0;0;0
FR;3;2021-08-11;291;2640;15;0;2700;0;0;0;0;4410663;3386627;2928;0;3559210;0;0;0;0
FR;3;2021-08-12;279;2563;13;0;2651;0;0;0;0;4410942;3389190;2941;0;3561861;0;0;0;0
FR;3;2021-08-13;279;2254;16;0;2340;0;0;0;0;4411221;3391444;2957;0;3564201;0;0;0;0
FR;3;2021-08-14;172;874;1;0;905;0;0;0;0;4411393;3392318;2958;0;3565106;0;0;0;0
FR;3;2021-08-15;56;174;0;0;183;0;0;0;0;4411449;3392492;2958;0;3565289;0;0;0;0
FR;3;2021-08-16;126;1003;8;0;1042;0;0;0;0;4411575;3393495;2966;0;3566331;0;0;0;0
FR;3;2021-08-17;191;1430;8;0;1471;0;0;0;0;4411766;3394925;2974;0;3567802;0;0;0;0
FR;3;2021-08-18;205;1309;10;0;1351;0;0;0;0;4411971;3396234;2984;0;3569153;0;0;0;0
FR;3;2021-08-19;165;1373;10;0;1420;0;0;0;0;4412136;3397607;2994;0;3570573;0;0;0;0
FR;3;2021-08-20;167;1595;16;0;1657;0;0;0;0;4412303;3399202;3010;0;3572230;0;0;0;0
FR;3;2021-08-21;94;576;2;0;591;0;0;0;0;4412397;3399778;3012;0;3572821;0;0;0;0
FR;3;2021-08-22;42;192;1;0;195;0;0;0;0;4412439;3399970;3013;0;3573016;0;0;0;0
FR;3;2021-08-23;141;885;7;0;930;0;0;0;0;4412580;3400855;3020;0;3573946;0;0;0;0
FR;3;2021-08-24;125;923;10;0;955;0;0;0;0;4412705;3401778;3030;0;3574901;0;0;0;0
FR;3;2021-08-25;137;820;3;0;849;0;0;0;0;4412842;3402598;3033;0;3575750;0;0;0;0
FR;3;2021-08-26;172;824;9;0;872;0;0;0;0;4413014;3403422;3042;0;3576622;0;0;0;0
FR;3;2021-08-27;178;937;9;0;989;0;0;0;0;4413192;3404359;3051;0;3577611;0;0;0;0
FR;3;2021-08-28;101;374;4;0;391;0;0;0;0;4413293;3404733;3055;0;3578002;0;0;0;0
FR;3;2021-08-29;128;129;1;0;162;0;0;0;0;4413421;3404862;3056;0;3578164;0;0;0;0
FR;3;2021-08-30;100;560;0;0;469;108;0;0;0;4413521;3405422;3056;0;3578633;108;0;0;0
FR;3;2021-08-31;134;682;7;0;587;134;0;0;0;4413655;3406104;3063;0;3579220;242;0;0;0
FR;3;2021-09-01;122;461;5;0;383;106;0;0;0;4413777;3406565;3068;0;3579603;348;0;0;0
FR;3;2021-09-02;100;595;22;0;531;105;0;0;0;4413877;3407160;3090;0;3580134;453;0;0;0
FR;3;2021-09-03;116;552;17;0;477;116;0;0;0;4413993;3407712;3107;0;3580611;569;0;0;0
FR;3;2021-09-04;55;295;3;0;256;50;0;0;0;4414048;3408007;3110;0;3580867;619;0;0;0
FR;3;2021-09-05;52;65;5;0;55;25;0;0;0;4414100;3408072;3115;0;3580922;644;0;0;0
FR;3;2021-09-06;118;367;4;0;261;130;0;0;0;4414218;3408439;3119;0;3581183;774;0;0;0
FR;3;2021-09-07;125;431;14;0;347;116;0;0;0;4414343;3408870;3133;0;3581530;890;0;0;0
FR;3;2021-09-08;122;344;2;0;274;87;0;0;0;4414465;3409214;3135;0;3581804;977;0;0;0
FR;3;2021-09-09;94;378;8;0;298;103;0;0;0;4414559;3409592;3143;0;3582102;1080;0;0;0
FR;3;2021-09-10;101;402;3;0;332;93;0;0;0;4414660;3409994;3146;0;3582434;1173;0;0;0
FR;3;2021-09-11;79;232;4;0;177;65;0;0;0;4414739;3410226;3150;0;3582611;1238;0;0;0
FR;3;2021-09-12;37;49;1;0;38;16;0;0;0;4414776;3410275;3151;0;3582649;1254;0;0;0
FR;3;2021-09-13;78;298;7;0;215;102;1;0;0;4414854;3410573;3158;0;3582864;1356;1;0;0
FR;3;2021-09-14;75;271;6;0;191;94;0;0;0;4414929;3410844;3164;0;3583055;1450;1;0;0
FR;3;2021-09-15;64;252;3;0;257;6;0;0;0;4414993;3411096;3167;0;3583312;1456;1;0;0
FR;3;2021-09-16;65;320;6;0;331;6;0;0;0;4415058;3411416;3173;0;3583643;1462;1;0;0
FR;3;2021-09-17;52;327;3;0;339;6;0;0;0;4415110;3411743;3176;0;3583982;1468;1;0;0
FR;3;2021-09-18;37;172;1;0;176;1;0;0;0;4415147;3411915;3177;0;3584158;1469;1;0;0
FR;3;2021-09-19;29;31;2;0;34;1;0;0;0;4415176;3411946;3179;0;3584192;1470;1;0;0
FR;3;2021-09-20;82;188;0;0;196;1;0;0;0;4415258;3412134;3179;0;3584388;1471;1;0;0
FR;3;2021-09-21;60;273;7;0;277;8;0;0;0;4415318;3412407;3186;0;3584665;1479;1;0;0
FR;3;2021-09-22;67;229;6;0;242;7;0;0;0;4415385;3412636;3192;0;3584907;1486;1;0;0
FR;3;2021-09-23;37;257;11;0;261;7;0;0;0;4415422;3412893;3203;0;3585168;1493;1;0;0
FR;3;2021-09-24;29;315;12;0;313;18;0;0;0;4415451;3413208;3215;0;3585481;1511;1;0;0
FR;3;2021-09-25;31;144;3;0;150;3;0;0;0;4415482;3413352;3218;0;3585631;1514;1;0;0
FR;3;2021-09-26;16;57;1;0;59;1;0;0;0;4415498;3413409;3219;0;3585690;1515;1;0;0
FR;3;2021-09-27;49;282;3;0;285;5;0;0;0;4415547;3413691;3222;0;3585975;1520;1;0;0
FR;3;2021-09-28;49;245;6;0;253;8;0;0;0;4415596;3413936;3228;0;3586228;1528;1;0;0
FR;3;2021-09-29;40;218;10;0;222;15;0;0;0;4415636;3414154;3238;0;3586450;1543;1;0;0
FR;3;2021-09-30;40;200;8;0;204;11;0;0;0;4415676;3414354;3246;0;3586654;1554;1;0;0
FR;3;2021-10-01;23;159;6;0;161;8;0;0;0;4415699;3414513;3252;0;3586815;1562;1;0;0
FR;3;2021-10-02;17;88;0;0;89;0;0;0;0;4415716;3414601;3252;0;3586904;1562;1;0;0
FR;3;2021-10-03;19;19;1;0;19;2;0;0;0;4415735;3414620;3253;0;3586923;1564;1;0;0
FR;3;2021-10-04;33;157;4;0;162;4;0;0;0;4415768;3414777;3257;0;3587085;1568;1;0;0
FR;3;2021-10-05;17;148;10;0;153;12;0;0;0;4415785;3414925;3267;0;3587238;1580;1;0;0
FR;3;2021-10-06;34;145;9;0;153;10;0;0;0;4415819;3415070;3276;0;3587391;1590;1;0;0
FR;3;2021-10-07;20;132;6;0;130;6;0;0;0;4415839;3415202;3282;0;3587521;1596;1;0;0
FR;3;2021-10-08;25;136;10;0;141;9;0;0;0;4415864;3415338;3292;0;3587662;1605;1;0;0
FR;3;2021-10-09;17;72;1;0;73;1;0;0;0;4415881;3415410;3293;0;3587735;1606;1;0;0
FR;3;2021-10-10;13;17;2;0;16;3;0;0;0;4415894;3415427;3295;0;3587751;1609;1;0;0
FR;3;2021-10-11;17;117;4;0;122;5;0;0;0;4415911;3415544;3299;0;3587873;1614;1;0;0
FR;3;2021-10-12;22;99;6;0;99;6;0;0;0;4415933;3415643;3305;0;3587972;1620;1;0;0
FR;3;2021-10-13;25;114;9;0;121;7;0;0;0;4415958;3415757;3314;0;3588093;1627;1;0;0
FR;3;2021-10-14;19;138;3;0;139;4;0;0;0;4415977;3415895;3317;0;3588232;1631;1;0;0
FR;3;2021-10-15;24;139;8;0;138;13;0;0;0;4416001;3416034;3325;0;3588370;1644;1;0;0
FR;3;2021-10-16;13;66;6;0;65;8;0;0;0;4416014;3416100;3331;0;3588435;1652;1;0;0
FR;3;2021-10-17;13;24;0;0;26;0;0;0;0;4416027;3416124;3331;0;3588461;1652;1;0;0
FR;3;2021-10-18;18;112;2;0;117;2;0;0;0;4416045;3416236;3333;0;3588578;1654;1;0;0
FR;3;2021-10-19;18;112;19;0;113;21;0;0;0;4416063;3416348;3352;0;3588691;1675;1;0;0
FR;3;2021-10-20;27;124;6;0;126;7;0;0;0;4416090;3416472;3358;0;3588817;1682;1;0;0
FR;3;2021-10-21;28;120;17;0;120;13;0;0;0;4416118;3416592;3375;0;3588937;1695;1;0;0
FR;3;2021-10-22;25;103;18;0;102;21;0;0;0;4416143;3416695;3393;0;3589039;1716;1;0;0
FR;3;2021-10-23;17;53;3;0;53;2;0;0;0;4416160;3416748;3396;0;3589092;1718;1;0;0
FR;3;2021-10-24;7;36;0;0;34;0;0;0;0;4416167;3416784;3396;0;3589126;1718;1;0;0
FR;3;2021-10-25;27;141;7;0;145;7;0;0;0;4416194;3416925;3403;0;3589271;1725;1;0;0
FR;3;2021-10-26;25;96;22;0;93;19;0;0;0;4416219;3417021;3425;0;3589364;1744;1;0;0
FR;3;2021-10-27;19;91;9;0;93;9;0;0;0;4416238;3417112;3434;0;3589457;1753;1;0;0
FR;3;2021-10-28;23;114;33;0;111;36;0;0;0;4416261;3417226;3467;0;3589568;1789;1;0;0
FR;3;2021-10-29;12;98;64;0;92;54;0;0;0;4416273;3417324;3531;0;3589660;1843;1;0;0
FR;3;2021-10-30;11;62;11;1;62;10;0;0;0;4416284;3417386;3542;1;3589722;1853;1;0;0
FR;3;2021-10-31;8;25;1;0;25;1;0;0;0;4416292;3417411;3543;1;3589747;1854;1;0;0
FR;3;2021-11-01;11;22;2;0;23;1;0;0;0;4416303;3417433;3545;1;3589770;1855;1;0;0
FR;3;2021-11-02;11;100;10;0;100;12;0;0;0;4416314;3417533;3555;1;3589870;1867;1;0;0
FR;3;2021-11-03;22;105;10;0;113;10;0;0;0;4416336;3417638;3565;1;3589983;1877;1;0;0
FR;3;2021-11-04;20;88;6;0;93;5;0;0;0;4416356;3417726;3571;1;3590076;1882;1;0;0
FR;3;2021-11-05;19;119;9;1;125;6;1;0;0;4416375;3417845;3580;2;3590201;1888;2;0;0
FR;3;2021-11-06;11;54;3;0;56;3;0;0;0;4416386;3417899;3583;2;3590257;1891;2;0;0
FR;3;2021-11-07;6;23;1;0;24;1;0;0;0;4416392;3417922;3584;2;3590281;1892;2;0;0
FR;3;2021-11-08;12;124;7;0;129;5;0;0;0;4416404;3418046;3591;2;3590410;1897;2;0;0
FR;3;2021-11-09;15;123;6;0;125;6;0;0;0;4416419;3418169;3597;2;3590535;1903;2;0;0
FR;3;2021-11-10;15;130;15;0;128;16;0;0;0;4416434;3418299;3612;2;3590663;1919;2;0;0
FR;3;2021-11-11;12;49;3;0;51;3;0;0;0;4416446;3418348;3615;2;3590714;1922;2;0;0
FR;3;2021-11-12;15;126;6;0;128;5;0;0;0;4416461;3418474;3621;2;3590842;1927;2;0;0
FR;3;2021-11-13;7;66;9;0;61;10;0;0;0;4416468;3418540;3630;2;3590903;1937;2;0;0
FR;3;2021-11-14;3;24;1;0;24;1;0;0;0;4416471;3418564;3631;2;3590927;1938;2;0;0
FR;3;2021-11-15;7;161;11;0;158;12;0;0;0;4416478;3418725;3642;2;3591085;1950;2;0;0
FR;3;2021-11-16;9;125;11;0;120;10;0;0;0;4416487;3418850;3653;2;3591205;1960;2;0;0
FR;3;2021-11-17;8;134;11;0;135;8;0;0;0;4416495;3418984;3664;2;3591340;1968;2;0;0
FR;3;2021-11-18;16;131;10;0;132;11;0;0;0;4416511;3419115;3674;2;3591472;1979;2;0;0
FR;3;2021-11-19;12;178;23;0;173;28;0;0;0;4416523;3419293;3697;2;3591645;2007;2;0;0
FR;3;2021-11-20;6;101;6;0;102;6;0;0;0;4416529;3419394;3703;2;3591747;2013;2;0;0
FR;3;2021-11-21;3;24;4;0;23;4;0;0;0;4416532;3419418;3707;2;3591770;2017;2;0;0
FR;3;2021-11-22;11;185;11;0;185;11;0;0;0;4416543;3419603;3718;2;3591955;2028;2;0;0
FR;3;2021-11-23;10;180;16;0;178;15;0;0;0;4416553;3419783;3734;2;3592133;2043;2;0;0
FR;3;2021-11-24;11;180;9;0;172;17;0;0;0;4416564;3419963;3743;2;3592305;2060;2;0;0
FR;3;2021-11-25;12;197;11;0;196;11;0;0;0;4416576;3420160;3754;2;3592501;2071;2;0;0
FR;3;2021-11-26;10;251;35;0;250;33;1;0;0;4416586;3420411;3789;2;3592751;2104;3;0;0
FR;3;2021-11-27;8;124;20;0;123;21;0;0;0;4416594;3420535;3809;2;3592874;2125;3;0;0
FR;3;2021-11-28;3;56;7;0;57;7;0;0;0;4416597;3420591;3816;2;3592931;2132;3;0;0
FR;3;2021-11-29;5;214;22;0;209;23;1;0;0;4416602;3420805;3838;2;3593140;2155;4;0;0
FR;3;2021-11-30;9;281;31;0;280;33;1;0;0;4416611;3421086;3869;2;3593420;2188;5;0;0
FR;3;2021-12-01;30;315;39;0;313;41;2;0;0;4416641;3421401;3908;2;3593733;2229;7;0;0
FR;3;2021-12-02;9;337;33;0;333;36;0;0;0;4416650;3421738;3941;2;3594066;2265;7;0;0
FR;3;2021-12-03;6;364;37;0;360;38;0;0;0;4416656;3422102;3978;2;3594426;2303;7;0;0
FR;3;2021-12-04;3;201;26;0;197;28;0;0;0;4416659;3422303;4004;2;3594623;2331;7;0;0
FR;3;2021-12-05;1;61;5;0;61;5;0;0;0;4416660;3422364;4009;2;3594684;2336;7;0;0
FR;3;2021-12-06;7;348;14;0;347;15;0;0;0;4416667;3422712;4023;2;3595031;2351;7;0;0
FR;3;2021-12-07;6;410;20;0;404;24;1;0;0;4416673;3423122;4043;2;3595435;2375;8;0;0
FR;3;2021-12-08;8;375;29;0;367;30;1;0;0;4416681;3423497;4072;2;3595802;2405;9;0;0
FR;3;2021-12-09;3;424;17;0;411;22;1;0;0;4416684;3423921;4089;2;3596213;2427;10;0;0
FR;3;2021-12-10;10;443;29;0;440;25;0;0;0;4416694;3424364;4118;2;3596653;2452;10;0;0
FR;3;2021-12-11;4;299;10;0;296;9;2;0;0;4416698;3424663;4128;2;3596949;2461;12;0;0
FR;3;2021-12-12;1;96;3;0;96;3;0;0;0;4416699;3424759;4131;2;3597045;2464;12;0;0
FR;3;2021-12-13;2;432;19;0;426;21;0;0;0;4416701;3425191;4150;2;3597471;2485;12;0;0
FR;3;2021-12-14;8;550;18;0;538;21;1;0;0;4416709;3425741;4168;2;3598009;2506;13;0;0
FR;3;2021-12-15;10;521;17;0;508;21;0;0;0;4416719;3426262;4185;2;3598517;2527;13;0;0
FR;3;2021-12-16;10;526;19;0;520;18;3;0;0;4416729;3426788;4204;2;3599037;2545;16;0;0
FR;3;2021-12-17;5;592;18;0;588;19;0;0;0;4416734;3427380;4222;2;3599625;2564;16;0;0
FR;3;2021-12-18;5;343;4;0;337;5;1;0;0;4416739;3427723;4226;2;3599962;2569;17;0;0
FR;3;2021-12-19;3;176;2;0;174;2;0;0;0;4416742;3427899;4228;2;3600136;2571;17;0;0
FR;3;2021-12-20;10;566;23;0;560;28;0;0;0;4416752;3428465;4251;2;3600696;2599;17;0;0
FR;3;2021-12-21;5;660;10;0;652;13;2;0;0;4416757;3429125;4261;2;3601348;2612;19;0;0
FR;3;2021-12-22;10;612;9;0;606;10;1;0;0;4416767;3429737;4270;2;3601954;2622;20;0;0
FR;3;2021-12-23;4;536;8;0;534;8;0;0;0;4416771;3430273;4278;2;3602488;2630;20;0;0
FR;3;2021-12-24;2;233;3;0;228;6;0;0;0;4416773;3430506;4281;2;3602716;2636;20;0;0
FR;3;2021-12-25;0;24;0;0;24;0;0;0;0;4416773;3430530;4281;2;3602740;2636;20;0;0
FR;3;2021-12-26;0;87;1;0;87;1;0;0;0;4416773;3430617;4282;2;3602827;2637;20;0;0
FR;3;2021-12-27;7;456;17;0;453;20;1;0;0;4416780;3431073;4299;2;3603280;2657;21;0;0
FR;3;2021-12-28;3;572;6;0;571;5;0;0;0;4416783;3431645;4305;2;3603851;2662;21;0;0
FR;3;2021-12-29;5;488;14;0;483;16;0;0;0;4416788;3432133;4319;2;3604334;2678;21;0;0
FR;3;2021-12-30;3;517;7;0;510;10;2;0;0;4416791;3432650;4326;2;3604844;2688;23;0;0
FR;3;2021-12-31;0;182;5;0;178;7;0;0;0;4416791;3432832;4331;2;3605022;2695;23;0;0
FR;3;2022-01-01;0;26;0;0;24;2;0;0;0;4416791;3432858;4331;2;3605046;2697;23;0;0
FR;3;2022-01-02;0;76;0;0;76;0;0;0;0;4416791;3432934;4331;2;3605122;2697;23;0;0
FR;3;2022-01-03;5;489;17;0;479;21;3;0;0;4416796;3433423;4348;2;3605601;2718;26;0;0
FR;3;2022-01-04;7;535;9;0;534;8;0;0;0;4416803;3433958;4357;2;3606135;2726;26;0;0
FR;3;2022-01-05;5;487;10;0;479;14;1;0;0;4416808;3434445;4367;2;3606614;2740;27;0;0
FR;3;2022-01-06;6;464;9;0;459;10;1;0;0;4416814;3434909;4376;2;3607073;2750;28;0;0
FR;3;2022-01-07;2;489;11;0;483;13;1;0;1;4416816;3435398;4387;2;3607556;2763;29;0;1
FR;3;2022-01-08;6;251;4;0;248;5;0;0;0;4416822;3435649;4391;2;3607804;2768;29;0;1
FR;3;2022-01-09;0;116;0;0;116;0;0;0;0;4416822;3435765;4391;2;3607920;2768;29;0;1
FR;3;2022-01-10;2;421;12;0;419;12;0;0;0;4416824;3436186;4403;2;3608339;2780;29;0;1
FR;3;2022-01-11;3;456;1;0;455;1;0;0;0;4416827;3436642;4404;2;3608794;2781;29;0;1
FR;3;2022-01-12;4;393;9;0;390;10;2;0;0;4416831;3437035;4413;2;3609184;2791;31;0;1
FR;3;2022-01-13;3;382;11;0;380;12;1;0;0;4416834;3437417;4424;2;3609564;2803;32;0;1
FR;3;2022-01-14;4;420;10;0;414;13;1;0;0;4416838;3437837;4434;2;3609978;2816;33;0;1
FR;3;2022-01-15;0;275;2;0;271;3;0;0;0;4416838;3438112;4436;2;3610249;2819;33;0;1
FR;3;2022-01-16;1;108;1;0;106;1;1;0;0;4416839;3438220;4437;2;3610355;2820;34;0;1
FR;3;2022-01-17;2;318;8;0;315;9;1;0;0;4416841;3438538;4445;2;3610670;2829;35;0;1
FR;3;2022-01-18;2;359;1;0;355;2;1;0;0;4416843;3438897;4446;2;3611025;2831;36;0;1
FR;3;2022-01-19;2;322;5;0;316;10;0;0;0;4416845;3439219;4451;2;3611341;2841;36;0;1
FR;3;2022-01-20;1;351;5;0;350;3;2;0;0;4416846;3439570;4456;2;3611691;2844;38;0;1
FR;3;2022-01-21;4;337;5;0;331;7;2;0;0;4416850;3439907;4461;2;3612022;2851;40;0;1
FR;3;2022-01-22;2;218;1;0;214;2;3;0;0;4416852;3440125;4462;2;3612236;2853;43;0;1
FR;3;2022-01-23;0;77;0;0;75;1;1;0;0;4416852;3440202;4462;2;3612311;2854;44;0;1
FR;3;2022-01-24;3;316;1;0;308;6;2;0;0;4416855;3440518;4463;2;3612619;2860;46;0;1
FR;3;2022-01-25;0;171;0;0;168;0;1;0;0;4416855;3440689;4463;2;3612787;2860;47;0;1
FR;3;2022-01-26;0;77;0;0;77;0;0;0;0;4416855;3440766;4463;2;3612864;2860;47;0;1
FR;3;2022-01-27;0;52;0;0;52;0;0;0;0;4416855;3440818;4463;2;3612916;2860;47;0;1
FR;3;2022-01-28;0;115;0;0;114;0;0;0;0;4416855;3440933;4463;2;3613030;2860;47;0;1
FR;3;2022-01-29;0;97;0;0;97;0;0;0;0;4416855;3441030;4463;2;3613127;2860;47;0;1
FR;3;2022-01-30;0;50;0;0;50;0;0;0;0;4416855;3441080;4463;2;3613177;2860;47;0;1
FR;3;2022-01-31;0;91;0;0;91;0;0;0;0;4416855;3441171;4463;2;3613268;2860;47;0;1
FR;3;2022-02-01;0;98;0;0;96;1;0;0;0;4416855;3441269;4463;2;3613364;2861;47;0;1
FR;3;2022-02-02;0;85;0;0;83;0;0;0;0;4416855;3441354;4463;2;3613447;2861;47;0;1
FR;3;2022-02-03;0;91;0;0;89;0;0;0;0;4416855;3441445;4463;2;3613536;2861;47;0;1
FR;3;2022-02-04;0;113;0;0;110;0;1;0;0;4416855;3441558;4463;2;3613646;2861;48;0;1
FR;3;2022-02-05;0;68;0;0;68;0;0;0;0;4416855;3441626;4463;2;3613714;2861;48;0;1
FR;3;2022-02-06;0;10;0;0;10;0;0;0;0;4416855;3441636;4463;2;3613724;2861;48;0;1
FR;3;2022-02-07;0;75;0;0;75;0;0;0;0;4416855;3441711;4463;2;3613799;2861;48;0;1
FR;3;2022-02-08;0;0;0;0;0;0;0;0;0;4416855;3441711;4463;2;3613799;2861;48;0;1
FR;3;2022-02-09;0;0;0;0;0;0;0;0;0;4416855;3441711;4463;2;3613799;2861;48;0;1
FR;3;2022-02-10;0;0;0;0;0;0;0;0;0;4416855;3441711;4463;2;3613799;2861;48;0;1
FR;3;2022-02-11;0;0;0;0;0;0;0;0;0;4416855;3441711;4463;2;3613799;2861;48;0;1
FR;3;2022-02-12;0;0;0;0;0;0;0;0;0;4416855;3441711;4463;2;3613799;2861;48;0;1
FR;3;2022-02-13;0;0;0;0;0;0;0;0;0;4416855;3441711;4463;2;3613799;2861;48;0;1
FR;3;2022-02-14;0;0;0;0;0;0;0;0;0;4416855;3441711;4463;2;3613799;2861;48;0;1
FR;3;2022-02-15;0;0;0;0;0;0;0;0;0;4416855;3441711;4463;2;3613799;2861;48;0;1
FR;3;2022-02-16;0;0;0;0;0;0;0;0;0;4416855;3441711;4463;2;3613799;2861;48;0;1
FR;3;2022-02-17;0;0;0;0;0;0;0;0;0;4416855;3441711;4463;2;3613799;2861;48;0;1
FR;3;2022-02-18;0;0;0;0;0;0;0;0;0;4416855;3441711;4463;2;3613799;2861;48;0;1
FR;3;2022-02-19;0;0;0;0;0;0;0;0;0;4416855;3441711;4463;2;3613799;2861;48;0;1
FR;3;2022-02-20;0;0;0;0;0;0;0;0;0;4416855;3441711;4463;2;3613799;2861;48;0;1
FR;3;2022-02-21;2;0;0;0;0;0;0;0;0;4416857;3441711;4463;2;3613799;2861;48;0;1
FR;3;2022-02-22;0;0;0;0;0;0;0;0;0;4416857;3441711;4463;2;3613799;2861;48;0;1
FR;3;2022-02-23;0;0;0;0;0;0;0;0;0;4416857;3441711;4463;2;3613799;2861;48;0;1
FR;3;2022-02-24;0;0;0;0;0;0;0;0;0;4416857;3441711;4463;2;3613799;2861;48;0;1
FR;3;2022-02-25;0;0;0;0;0;0;0;0;0;4416857;3441711;4463;2;3613799;2861;48;0;1
FR;3;2022-02-26;0;0;0;0;0;0;0;0;0;4416857;3441711;4463;2;3613799;2861;48;0;1
FR;3;2022-02-27;0;0;0;0;0;0;0;0;0;4416857;3441711;4463;2;3613799;2861;48;0;1
FR;3;2022-02-28;1;0;0;0;0;0;0;0;0;4416858;3441711;4463;2;3613799;2861;48;0;1
FR;3;2022-03-01;1;0;0;0;0;0;0;0;0;4416859;3441711;4463;2;3613799;2861;48;0;1
FR;3;2022-03-02;0;0;0;0;0;0;0;0;0;4416859;3441711;4463;2;3613799;2861;48;0;1
FR;3;2022-03-03;0;0;0;0;0;0;0;0;0;4416859;3441711;4463;2;3613799;2861;48;0;1
FR;3;2022-03-04;0;0;0;0;0;0;0;0;0;4416859;3441711;4463;2;3613799;2861;48;0;1
FR;3;2022-03-05;0;0;0;0;0;0;0;0;0;4416859;3441711;4463;2;3613799;2861;48;0;1
FR;3;2022-03-06;1;0;0;0;0;0;0;0;0;4416860;3441711;4463;2;3613799;2861;48;0;1
FR;3;2022-03-07;0;0;0;0;0;0;0;0;0;4416860;3441711;4463;2;3613799;2861;48;0;1
FR;3;2022-03-08;1;0;0;0;0;0;0;0;0;4416861;3441711;4463;2;3613799;2861;48;0;1
FR;3;2022-03-09;0;0;0;0;0;0;0;0;0;4416861;3441711;4463;2;3613799;2861;48;0;1
FR;3;2022-03-10;0;0;0;0;0;0;0;0;0;4416861;3441711;4463;2;3613799;2861;48;0;1
FR;3;2022-03-11;0;0;0;0;0;0;0;0;0;4416861;3441711;4463;2;3613799;2861;48;0;1
FR;3;2022-03-12;0;0;0;0;0;0;0;0;0;4416861;3441711;4463;2;3613799;2861;48;0;1
FR;3;2022-03-13;0;0;0;0;0;0;0;0;0;4416861;3441711;4463;2;3613799;2861;48;0;1
FR;3;2022-03-14;0;0;0;0;0;0;0;0;0;4416861;3441711;4463;2;3613799;2861;48;0;1
FR;3;2022-03-15;0;0;0;0;0;0;0;0;0;4416861;3441711;4463;2;3613799;2861;48;0;1
FR;3;2022-03-16;0;0;0;0;0;0;0;0;0;4416861;3441711;4463;2;3613799;2861;48;0;1
FR;3;2022-03-17;0;0;0;0;0;0;0;0;0;4416861;3441711;4463;2;3613799;2861;48;0;1
FR;3;2022-03-18;0;0;0;0;0;0;0;0;0;4416861;3441711;4463;2;3613799;2861;48;0;1
FR;3;2022-03-19;0;0;0;0;0;0;0;0;0;4416861;3441711;4463;2;3613799;2861;48;0;1
FR;3;2022-03-20;1;0;0;0;0;0;0;0;0;4416862;3441711;4463;2;3613799;2861;48;0;1
FR;3;2022-03-21;0;0;0;0;0;0;0;0;0;4416862;3441711;4463;2;3613799;2861;48;0;1
FR;3;2022-03-22;0;0;0;0;0;0;0;0;0;4416862;3441711;4463;2;3613799;2861;48;0;1
FR;3;2022-03-23;1;0;0;0;0;0;0;0;0;4416863;3441711;4463;2;3613799;2861;48;0;1
FR;3;2022-03-24;0;0;0;0;0;0;0;0;0;4416863;3441711;4463;2;3613799;2861;48;0;1
FR;3;2022-03-25;1;0;0;0;0;0;0;0;0;4416864;3441711;4463;2;3613799;2861;48;0;1
FR;3;2022-03-26;0;0;0;0;0;0;0;0;0;4416864;3441711;4463;2;3613799;2861;48;0;1
FR;3;2022-03-27;0;0;0;0;0;0;0;0;0;4416864;3441711;4463;2;3613799;2861;48;0;1
FR;3;2022-03-28;0;0;0;0;0;0;0;0;0;4416864;3441711;4463;2;3613799;2861;48;0;1
FR;3;2022-03-29;0;0;0;0;0;0;0;0;0;4416864;3441711;4463;2;3613799;2861;48;0;1
FR;3;2022-03-30;0;0;0;0;0;0;0;0;0;4416864;3441711;4463;2;3613799;2861;48;0;1
FR;3;2022-03-31;0;0;0;0;0;0;0;0;0;4416864;3441711;4463;2;3613799;2861;48;0;1
FR;3;2022-04-01;0;0;0;0;0;0;0;0;0;4416864;3441711;4463;2;3613799;2861;48;0;1
FR;3;2022-04-02;0;0;0;0;0;0;0;0;0;4416864;3441711;4463;2;3613799;2861;48;0;1
FR;3;2022-04-03;0;0;0;0;0;0;0;0;0;4416864;3441711;4463;2;3613799;2861;48;0;1
FR;3;2022-04-04;0;0;0;0;0;0;0;0;0;4416864;3441711;4463;2;3613799;2861;48;0;1
FR;3;2022-04-05;0;0;0;0;0;0;0;0;0;4416864;3441711;4463;2;3613799;2861;48;0;1
FR;3;2022-04-06;0;0;0;0;0;0;0;0;0;4416864;3441711;4463;2;3613799;2861;48;0;1
FR;3;2022-04-07;0;0;0;0;0;0;0;0;0;4416864;3441711;4463;2;3613799;2861;48;0;1
FR;3;2022-04-08;0;0;0;0;0;0;0;0;0;4416864;3441711;4463;2;3613799;2861;48;0;1
FR;3;2022-04-09;0;0;0;0;0;0;0;0;0;4416864;3441711;4463;2;3613799;2861;48;0;1
FR;3;2022-04-10;0;0;0;0;0;0;0;0;0;4416864;3441711;4463;2;3613799;2861;48;0;1
FR;3;2022-04-11;0;0;0;0;0;0;0;0;0;4416864;3441711;4463;2;3613799;2861;48;0;1
FR;3;2022-04-12;0;0;0;0;0;0;0;0;0;4416864;3441711;4463;2;3613799;2861;48;0;1
FR;3;2022-04-13;0;0;0;0;0;0;0;0;0;4416864;3441711;4463;2;3613799;2861;48;0;1
FR;3;2022-04-14;0;0;0;0;0;0;0;0;0;4416864;3441711;4463;2;3613799;2861;48;0;1
FR;3;2022-04-15;1;0;0;0;0;0;0;0;0;4416865;3441711;4463;2;3613799;2861;48;0;1
FR;3;2022-04-16;0;0;0;0;0;0;0;0;0;4416865;3441711;4463;2;3613799;2861;48;0;1
FR;3;2022-04-17;0;0;0;0;0;0;0;0;0;4416865;3441711;4463;2;3613799;2861;48;0;1
FR;3;2022-04-18;0;0;0;0;0;0;0;0;0;4416865;3441711;4463;2;3613799;2861;48;0;1
FR;3;2022-04-19;0;0;0;0;0;0;0;0;0;4416865;3441711;4463;2;3613799;2861;48;0;1
FR;3;2022-04-20;0;0;0;0;0;0;0;0;0;4416865;3441711;4463;2;3613799;2861;48;0;1
FR;3;2022-04-21;0;0;0;0;0;0;0;0;0;4416865;3441711;4463;2;3613799;2861;48;0;1
FR;3;2022-04-22;0;0;0;0;0;0;0;0;0;4416865;3441711;4463;2;3613799;2861;48;0;1
FR;3;2022-04-23;0;0;0;0;0;0;0;0;0;4416865;3441711;4463;2;3613799;2861;48;0;1
FR;3;2022-04-24;0;0;0;0;0;0;0;0;0;4416865;3441711;4463;2;3613799;2861;48;0;1
FR;3;2022-04-25;0;0;0;0;0;0;0;0;0;4416865;3441711;4463;2;3613799;2861;48;0;1
FR;3;2022-04-26;0;0;0;0;0;0;0;0;0;4416865;3441711;4463;2;3613799;2861;48;0;1
FR;3;2022-04-27;0;0;0;0;0;0;0;0;0;4416865;3441711;4463;2;3613799;2861;48;0;1
FR;3;2022-04-28;0;0;0;0;0;0;0;0;0;4416865;3441711;4463;2;3613799;2861;48;0;1
FR;3;2022-04-29;0;0;0;0;0;0;0;0;0;4416865;3441711;4463;2;3613799;2861;48;0;1
FR;3;2022-04-30;0;0;0;0;0;0;0;0;0;4416865;3441711;4463;2;3613799;2861;48;0;1
FR;3;2022-05-01;0;0;0;0;0;0;0;0;0;4416865;3441711;4463;2;3613799;2861;48;0;1
FR;3;2022-05-02;0;0;0;0;0;0;0;0;0;4416865;3441711;4463;2;3613799;2861;48;0;1
FR;3;2022-05-03;0;0;0;0;0;0;0;0;0;4416865;3441711;4463;2;3613799;2861;48;0;1
FR;3;2022-05-04;0;0;0;0;0;0;0;0;0;4416865;3441711;4463;2;3613799;2861;48;0;1
FR;3;2022-05-05;0;0;0;0;0;0;0;0;0;4416865;3441711;4463;2;3613799;2861;48;0;1
FR;3;2022-05-06;0;0;0;0;0;0;0;0;0;4416865;3441711;4463;2;3613799;2861;48;0;1
FR;3;2022-05-07;0;0;0;0;0;0;0;0;0;4416865;3441711;4463;2;3613799;2861;48;0;1
FR;3;2022-05-08;0;0;0;0;0;0;0;0;0;4416865;3441711;4463;2;3613799;2861;48;0;1
FR;3;2022-05-09;0;0;0;0;0;0;0;0;0;4416865;3441711;4463;2;3613799;2861;48;0;1
FR;3;2022-05-10;0;0;0;0;0;0;0;0;0;4416865;3441711;4463;2;3613799;2861;48;0;1
FR;3;2022-05-11;0;0;0;0;0;0;0;0;0;4416865;3441711;4463;2;3613799;2861;48;0;1
FR;3;2022-05-12;0;0;0;0;0;0;0;0;0;4416865;3441711;4463;2;3613799;2861;48;0;1
FR;3;2022-05-13;0;0;0;0;0;0;0;0;0;4416865;3441711;4463;2;3613799;2861;48;0;1
FR;3;2022-05-14;1;0;0;0;0;0;0;0;0;4416866;3441711;4463;2;3613799;2861;48;0;1
FR;3;2022-05-15;0;0;0;0;0;0;0;0;0;4416866;3441711;4463;2;3613799;2861;48;0;1
FR;3;2022-05-16;0;0;0;0;0;0;0;0;0;4416866;3441711;4463;2;3613799;2861;48;0;1
FR;3;2022-05-17;0;0;0;0;0;0;0;0;0;4416866;3441711;4463;2;3613799;2861;48;0;1
FR;3;2022-05-18;0;0;0;0;0;0;0;0;0;4416866;3441711;4463;2;3613799;2861;48;0;1
FR;3;2022-05-19;0;0;0;0;0;0;0;0;0;4416866;3441711;4463;2;3613799;2861;48;0;1
FR;3;2022-05-20;0;0;0;0;0;0;0;0;0;4416866;3441711;4463;2;3613799;2861;48;0;1
FR;3;2022-05-21;0;0;0;0;0;0;0;0;0;4416866;3441711;4463;2;3613799;2861;48;0;1
FR;3;2022-05-22;0;0;0;0;0;0;0;0;0;4416866;3441711;4463;2;3613799;2861;48;0;1
FR;3;2022-05-23;0;0;0;0;0;0;0;0;0;4416866;3441711;4463;2;3613799;2861;48;0;1
FR;3;2022-05-24;0;0;0;0;0;0;0;0;0;4416866;3441711;4463;2;3613799;2861;48;0;1
FR;3;2022-05-25;0;0;0;0;0;0;0;0;0;4416866;3441711;4463;2;3613799;2861;48;0;1
FR;3;2022-05-26;0;0;0;0;0;0;0;0;0;4416866;3441711;4463;2;3613799;2861;48;0;1
FR;3;2022-05-27;0;0;0;0;0;0;0;0;0;4416866;3441711;4463;2;3613799;2861;48;0;1
FR;3;2022-05-28;0;0;0;0;0;0;0;0;0;4416866;3441711;4463;2;3613799;2861;48;0;1
FR;3;2022-05-29;0;0;0;0;0;0;0;0;0;4416866;3441711;4463;2;3613799;2861;48;0;1
FR;3;2022-05-30;0;0;0;0;0;0;0;0;0;4416866;3441711;4463;2;3613799;2861;48;0;1
FR;3;2022-05-31;0;0;0;0;0;0;0;0;0;4416866;3441711;4463;2;3613799;2861;48;0;1
FR;3;2022-06-01;0;0;0;0;0;0;0;0;0;4416866;3441711;4463;2;3613799;2861;48;0;1
FR;3;2022-06-02;0;0;0;0;0;0;0;0;0;4416866;3441711;4463;2;3613799;2861;48;0;1
FR;3;2022-06-03;0;0;0;0;0;0;0;0;0;4416866;3441711;4463;2;3613799;2861;48;0;1
FR;3;2022-06-04;0;0;0;0;0;0;0;0;0;4416866;3441711;4463;2;3613799;2861;48;0;1
FR;3;2022-06-05;0;0;0;0;0;0;0;0;0;4416866;3441711;4463;2;3613799;2861;48;0;1
FR;3;2022-06-06;0;0;0;0;0;0;0;0;0;4416866;3441711;4463;2;3613799;2861;48;0;1
FR;3;2022-06-07;0;0;0;0;0;0;0;0;0;4416866;3441711;4463;2;3613799;2861;48;0;1
FR;3;2022-06-08;0;0;0;0;0;0;0;0;0;4416866;3441711;4463;2;3613799;2861;48;0;1
FR;3;2022-06-09;0;0;0;0;0;0;0;0;0;4416866;3441711;4463;2;3613799;2861;48;0;1
FR;3;2022-06-10;0;0;0;0;0;0;0;0;0;4416866;3441711;4463;2;3613799;2861;48;0;1
FR;3;2022-06-11;0;0;0;0;0;0;0;0;0;4416866;3441711;4463;2;3613799;2861;48;0;1
FR;3;2022-06-12;0;0;0;0;0;0;0;0;0;4416866;3441711;4463;2;3613799;2861;48;0;1
FR;3;2022-06-13;1;0;0;0;0;0;0;0;0;4416867;3441711;4463;2;3613799;2861;48;0;1
FR;3;2022-06-14;0;0;0;0;0;0;0;0;0;4416867;3441711;4463;2;3613799;2861;48;0;1
FR;3;2022-06-15;0;0;0;0;0;0;0;0;0;4416867;3441711;4463;2;3613799;2861;48;0;1
FR;3;2022-06-16;0;0;0;0;0;0;0;0;0;4416867;3441711;4463;2;3613799;2861;48;0;1
FR;3;2022-06-17;0;0;0;0;0;0;0;0;0;4416867;3441711;4463;2;3613799;2861;48;0;1
FR;3;2022-06-18;0;0;0;0;0;0;0;0;0;4416867;3441711;4463;2;3613799;2861;48;0;1
FR;3;2022-06-19;0;0;0;0;0;0;0;0;0;4416867;3441711;4463;2;3613799;2861;48;0;1
FR;3;2022-06-20;0;0;0;0;0;0;0;0;0;4416867;3441711;4463;2;3613799;2861;48;0;1
FR;3;2022-06-21;0;0;0;0;0;0;0;0;0;4416867;3441711;4463;2;3613799;2861;48;0;1
FR;3;2022-06-22;0;0;0;0;0;0;0;0;0;4416867;3441711;4463;2;3613799;2861;48;0;1
FR;3;2022-06-23;0;0;0;0;0;0;0;0;0;4416867;3441711;4463;2;3613799;2861;48;0;1
FR;3;2022-06-24;0;0;0;0;0;0;0;0;0;4416867;3441711;4463;2;3613799;2861;48;0;1
FR;3;2022-06-25;0;0;0;0;0;0;0;0;0;4416867;3441711;4463;2;3613799;2861;48;0;1
FR;3;2022-06-26;0;0;0;0;0;0;0;0;0;4416867;3441711;4463;2;3613799;2861;48;0;1
FR;3;2022-06-27;0;0;0;0;0;0;0;0;0;4416867;3441711;4463;2;3613799;2861;48;0;1
FR;3;2022-06-28;0;0;0;0;0;0;0;0;0;4416867;3441711;4463;2;3613799;2861;48;0;1
FR;3;2022-06-29;1;0;0;0;0;0;0;0;0;4416868;3441711;4463;2;3613799;2861;48;0;1
FR;3;2022-06-30;0;0;0;0;0;0;0;0;0;4416868;3441711;4463;2;3613799;2861;48;0;1
FR;3;2022-07-01;0;0;0;0;0;0;0;0;0;4416868;3441711;4463;2;3613799;2861;48;0;1
FR;3;2022-07-02;0;0;0;0;0;0;0;0;0;4416868;3441711;4463;2;3613799;2861;48;0;1
FR;3;2022-07-03;0;0;0;0;0;0;0;0;0;4416868;3441711;4463;2;3613799;2861;48;0;1
FR;3;2022-07-04;0;0;0;0;0;0;0;0;0;4416868;3441711;4463;2;3613799;2861;48;0;1
FR;3;2022-07-05;0;0;0;0;0;0;0;0;0;4416868;3441711;4463;2;3613799;2861;48;0;1
FR;3;2022-07-06;0;0;0;0;0;0;0;0;0;4416868;3441711;4463;2;3613799;2861;48;0;1
FR;3;2022-07-07;0;0;0;0;0;0;0;0;0;4416868;3441711;4463;2;3613799;2861;48;0;1
FR;3;2022-07-08;0;0;0;0;0;0;0;0;0;4416868;3441711;4463;2;3613799;2861;48;0;1
FR;3;2022-07-09;0;0;0;0;0;0;0;0;0;4416868;3441711;4463;2;3613799;2861;48;0;1
FR;3;2022-07-10;0;0;0;0;0;0;0;0;0;4416868;3441711;4463;2;3613799;2861;48;0;1
FR;3;2022-07-11;0;0;0;0;0;0;0;0;0;4416868;3441711;4463;2;3613799;2861;48;0;1
FR;3;2022-07-12;0;0;0;0;0;0;0;0;0;4416868;3441711;4463;2;3613799;2861;48;0;1
FR;3;2022-07-13;0;0;0;0;0;0;0;0;0;4416868;3441711;4463;2;3613799;2861;48;0;1
FR;3;2022-07-14;0;0;0;0;0;0;0;0;0;4416868;3441711;4463;2;3613799;2861;48;0;1
FR;3;2022-07-15;0;0;0;0;0;0;0;0;0;4416868;3441711;4463;2;3613799;2861;48;0;1
FR;3;2022-07-16;0;0;0;0;0;0;0;0;0;4416868;3441711;4463;2;3613799;2861;48;0;1
FR;3;2022-07-17;0;0;0;0;0;0;0;0;0;4416868;3441711;4463;2;3613799;2861;48;0;1
FR;3;2022-07-18;0;0;0;0;0;0;0;0;0;4416868;3441711;4463;2;3613799;2861;48;0;1
FR;3;2022-07-19;0;0;0;0;0;0;0;0;0;4416868;3441711;4463;2;3613799;2861;48;0;1
FR;3;2022-07-20;0;0;0;0;0;0;0;0;0;4416868;3441711;4463;2;3613799;2861;48;0;1
FR;3;2022-07-21;0;0;0;0;0;0;0;0;0;4416868;3441711;4463;2;3613799;2861;48;0;1
FR;3;2022-07-22;0;0;0;0;0;0;0;0;0;4416868;3441711;4463;2;3613799;2861;48;0;1
FR;3;2022-07-23;0;0;0;0;0;0;0;0;0;4416868;3441711;4463;2;3613799;2861;48;0;1
FR;3;2022-07-24;0;0;0;0;0;0;0;0;0;4416868;3441711;4463;2;3613799;2861;48;0;1
FR;3;2022-07-25;0;0;0;0;0;0;0;0;0;4416868;3441711;4463;2;3613799;2861;48;0;1
FR;3;2022-07-26;0;0;0;0;0;0;0;0;0;4416868;3441711;4463;2;3613799;2861;48;0;1
FR;3;2022-07-27;0;0;0;0;0;0;0;0;0;4416868;3441711;4463;2;3613799;2861;48;0;1
FR;3;2022-07-28;0;0;0;0;0;0;0;0;0;4416868;3441711;4463;2;3613799;2861;48;0;1
FR;3;2022-07-29;0;0;0;0;0;0;0;0;0;4416868;3441711;4463;2;3613799;2861;48;0;1
FR;3;2022-07-30;0;0;0;0;0;0;0;0;0;4416868;3441711;4463;2;3613799;2861;48;0;1
FR;3;2022-07-31;0;0;0;0;0;0;0;0;0;4416868;3441711;4463;2;3613799;2861;48;0;1
FR;3;2022-08-01;0;0;0;0;0;0;0;0;0;4416868;3441711;4463;2;3613799;2861;48;0;1
FR;3;2022-08-02;0;0;0;0;0;0;0;0;0;4416868;3441711;4463;2;3613799;2861;48;0;1
FR;3;2022-08-03;0;0;0;0;0;0;0;0;0;4416868;3441711;4463;2;3613799;2861;48;0;1
FR;3;2022-08-04;0;0;0;0;0;0;0;0;0;4416868;3441711;4463;2;3613799;2861;48;0;1
FR;3;2022-08-05;0;0;0;0;0;0;0;0;0;4416868;3441711;4463;2;3613799;2861;48;0;1
FR;3;2022-08-06;0;0;0;0;0;0;0;0;0;4416868;3441711;4463;2;3613799;2861;48;0;1
FR;3;2022-08-07;0;0;0;0;0;0;0;0;0;4416868;3441711;4463;2;3613799;2861;48;0;1
FR;3;2022-08-08;0;0;0;0;0;0;0;0;0;4416868;3441711;4463;2;3613799;2861;48;0;1
FR;3;2022-08-09;0;0;0;0;0;0;0;0;0;4416868;3441711;4463;2;3613799;2861;48;0;1
FR;3;2022-08-10;0;0;0;0;0;0;0;0;0;4416868;3441711;4463;2;3613799;2861;48;0;1
FR;3;2022-08-11;0;0;0;0;0;0;0;0;0;4416868;3441711;4463;2;3613799;2861;48;0;1
FR;3;2022-08-12;0;0;0;0;0;0;0;0;0;4416868;3441711;4463;2;3613799;2861;48;0;1
FR;3;2022-08-13;0;0;0;0;0;0;0;0;0;4416868;3441711;4463;2;3613799;2861;48;0;1
FR;3;2022-08-14;0;0;0;0;0;0;0;0;0;4416868;3441711;4463;2;3613799;2861;48;0;1
FR;3;2022-08-15;0;0;0;0;0;0;0;0;0;4416868;3441711;4463;2;3613799;2861;48;0;1
FR;3;2022-08-16;0;0;0;0;0;0;0;0;0;4416868;3441711;4463;2;3613799;2861;48;0;1
FR;3;2022-08-17;0;0;0;0;0;0;0;0;0;4416868;3441711;4463;2;3613799;2861;48;0;1
FR;3;2022-08-18;0;0;0;0;0;0;0;0;0;4416868;3441711;4463;2;3613799;2861;48;0;1
FR;3;2022-08-19;0;0;0;0;0;0;0;0;0;4416868;3441711;4463;2;3613799;2861;48;0;1
FR;3;2022-08-20;0;0;0;0;0;0;0;0;0;4416868;3441711;4463;2;3613799;2861;48;0;1
FR;3;2022-08-21;0;0;0;0;0;0;0;0;0;4416868;3441711;4463;2;3613799;2861;48;0;1
FR;3;2022-08-22;0;0;0;0;0;0;0;0;0;4416868;3441711;4463;2;3613799;2861;48;0;1
FR;3;2022-08-23;0;0;0;0;0;0;0;0;0;4416868;3441711;4463;2;3613799;2861;48;0;1
FR;3;2022-08-24;0;0;0;0;0;0;0;0;0;4416868;3441711;4463;2;3613799;2861;48;0;1
FR;3;2022-08-25;0;0;0;0;0;0;0;0;0;4416868;3441711;4463;2;3613799;2861;48;0;1
FR;3;2022-08-26;0;0;0;0;0;0;0;0;0;4416868;3441711;4463;2;3613799;2861;48;0;1
FR;3;2022-08-27;0;0;0;0;0;0;0;0;0;4416868;3441711;4463;2;3613799;2861;48;0;1
FR;3;2022-08-28;0;0;0;0;0;0;0;0;0;4416868;3441711;4463;2;3613799;2861;48;0;1
FR;3;2022-08-29;0;0;0;0;0;0;0;0;0;4416868;3441711;4463;2;3613799;2861;48;0;1
FR;3;2022-08-30;0;0;0;0;0;0;0;0;0;4416868;3441711;4463;2;3613799;2861;48;0;1
FR;3;2022-08-31;0;0;0;0;0;0;0;0;0;4416868;3441711;4463;2;3613799;2861;48;0;1
FR;3;2022-09-01;0;0;0;0;0;0;0;0;0;4416868;3441711;4463;2;3613799;2861;48;0;1
FR;3;2022-09-02;0;0;0;0;0;0;0;0;0;4416868;3441711;4463;2;3613799;2861;48;0;1
FR;3;2022-09-03;0;0;0;0;0;0;0;0;0;4416868;3441711;4463;2;3613799;2861;48;0;1
FR;3;2022-09-04;0;0;0;0;0;0;0;0;0;4416868;3441711;4463;2;3613799;2861;48;0;1
FR;3;2022-09-05;0;0;0;0;0;0;0;0;0;4416868;3441711;4463;2;3613799;2861;48;0;1
FR;3;2022-09-06;0;0;0;0;0;0;0;0;0;4416868;3441711;4463;2;3613799;2861;48;0;1
FR;3;2022-09-07;0;0;0;0;0;0;0;0;0;4416868;3441711;4463;2;3613799;2861;48;0;1
FR;3;2022-09-08;0;0;0;0;0;0;0;0;0;4416868;3441711;4463;2;3613799;2861;48;0;1
FR;3;2022-09-09;0;0;0;0;0;0;0;0;0;4416868;3441711;4463;2;3613799;2861;48;0;1
FR;3;2022-09-10;0;0;0;0;0;0;0;0;0;4416868;3441711;4463;2;3613799;2861;48;0;1
FR;3;2022-09-11;0;0;0;0;0;0;0;0;0;4416868;3441711;4463;2;3613799;2861;48;0;1
FR;3;2022-09-12;0;0;0;0;0;0;0;0;0;4416868;3441711;4463;2;3613799;2861;48;0;1
FR;3;2022-09-13;0;0;0;0;0;0;0;0;0;4416868;3441711;4463;2;3613799;2861;48;0;1
FR;3;2022-09-14;0;0;0;0;0;0;0;0;0;4416868;3441711;4463;2;3613799;2861;48;0;1
FR;3;2022-09-15;0;0;0;0;0;0;0;0;0;4416868;3441711;4463;2;3613799;2861;48;0;1
FR;3;2022-09-16;0;0;0;0;0;0;0;0;0;4416868;3441711;4463;2;3613799;2861;48;0;1
FR;3;2022-09-17;0;0;0;0;0;0;0;0;0;4416868;3441711;4463;2;3613799;2861;48;0;1
FR;3;2022-09-18;0;0;0;0;0;0;0;0;0;4416868;3441711;4463;2;3613799;2861;48;0;1
FR;3;2022-09-19;0;0;0;0;0;0;0;0;0;4416868;3441711;4463;2;3613799;2861;48;0;1
FR;3;2022-09-20;0;0;0;0;0;0;0;0;0;4416868;3441711;4463;2;3613799;2861;48;0;1
FR;3;2022-09-21;0;0;0;0;0;0;0;0;0;4416868;3441711;4463;2;3613799;2861;48;0;1
FR;3;2022-09-22;0;0;0;0;0;0;0;0;0;4416868;3441711;4463;2;3613799;2861;48;0;1
FR;3;2022-09-23;0;0;0;0;0;0;0;0;0;4416868;3441711;4463;2;3613799;2861;48;0;1
FR;3;2022-09-24;0;0;0;0;0;0;0;0;0;4416868;3441711;4463;2;3613799;2861;48;0;1
FR;3;2022-09-25;0;0;0;0;0;0;0;0;0;4416868;3441711;4463;2;3613799;2861;48;0;1
FR;3;2022-09-26;0;0;0;0;0;0;0;0;0;4416868;3441711;4463;2;3613799;2861;48;0;1
FR;3;2022-09-27;0;0;0;0;0;0;0;0;0;4416868;3441711;4463;2;3613799;2861;48;0;1
FR;3;2022-09-28;0;0;0;0;0;0;0;0;0;4416868;3441711;4463;2;3613799;2861;48;0;1
FR;3;2022-09-29;0;0;0;0;0;0;0;0;0;4416868;3441711;4463;2;3613799;2861;48;0;1
FR;3;2022-09-30;0;0;0;0;0;0;0;0;0;4416868;3441711;4463;2;3613799;2861;48;0;1
FR;3;2022-10-01;0;0;0;0;0;0;0;0;0;4416868;3441711;4463;2;3613799;2861;48;0;1
FR;3;2022-10-02;0;0;0;0;0;0;0;0;0;4416868;3441711;4463;2;3613799;2861;48;0;1
FR;3;2022-10-03;0;0;0;0;0;0;0;0;0;4416868;3441711;4463;2;3613799;2861;48;0;1
FR;3;2022-10-04;0;0;0;0;0;0;0;0;0;4416868;3441711;4463;2;3613799;2861;48;0;1
FR;3;2022-10-05;0;0;0;0;0;0;0;0;0;4416868;3441711;4463;2;3613799;2861;48;0;1
FR;3;2022-10-06;0;0;0;0;0;0;0;0;0;4416868;3441711;4463;2;3613799;2861;48;0;1
FR;3;2022-10-07;0;0;0;0;0;0;0;0;0;4416868;3441711;4463;2;3613799;2861;48;0;1
FR;3;2022-10-08;0;0;0;0;0;0;0;0;0;4416868;3441711;4463;2;3613799;2861;48;0;1
FR;3;2022-10-09;0;0;0;0;0;0;0;0;0;4416868;3441711;4463;2;3613799;2861;48;0;1
FR;3;2022-10-10;0;0;0;0;0;0;0;0;0;4416868;3441711;4463;2;3613799;2861;48;0;1
FR;3;2022-10-11;0;0;0;0;0;0;0;0;0;4416868;3441711;4463;2;3613799;2861;48;0;1
FR;3;2022-10-12;0;0;0;0;0;0;0;0;0;4416868;3441711;4463;2;3613799;2861;48;0;1
FR;3;2022-10-13;0;0;0;0;0;0;0;0;0;4416868;3441711;4463;2;3613799;2861;48;0;1
FR;3;2022-10-14;0;0;0;0;0;0;0;0;0;4416868;3441711;4463;2;3613799;2861;48;0;1
FR;3;2022-10-15;0;0;0;0;0;0;0;0;0;4416868;3441711;4463;2;3613799;2861;48;0;1
FR;3;2022-10-16;0;0;0;0;0;0;0;0;0;4416868;3441711;4463;2;3613799;2861;48;0;1
FR;3;2022-10-17;0;0;0;0;0;0;0;0;0;4416868;3441711;4463;2;3613799;2861;48;0;1
FR;3;2022-10-18;0;0;0;0;0;0;0;0;0;4416868;3441711;4463;2;3613799;2861;48;0;1
FR;3;2022-10-19;0;0;0;0;0;0;0;0;0;4416868;3441711;4463;2;3613799;2861;48;0;1
FR;3;2022-10-20;0;0;0;0;0;0;0;0;0;4416868;3441711;4463;2;3613799;2861;48;0;1
FR;3;2022-10-21;0;0;0;0;0;0;0;0;0;4416868;3441711;4463;2;3613799;2861;48;0;1
FR;3;2022-10-22;0;0;0;0;0;0;0;0;0;4416868;3441711;4463;2;3613799;2861;48;0;1
FR;3;2022-10-23;0;0;0;0;0;0;0;0;0;4416868;3441711;4463;2;3613799;2861;48;0;1
FR;3;2022-10-24;0;0;0;0;0;0;0;0;0;4416868;3441711;4463;2;3613799;2861;48;0;1
FR;3;2022-10-25;0;0;0;0;0;0;0;0;0;4416868;3441711;4463;2;3613799;2861;48;0;1
FR;3;2022-10-26;0;0;0;0;0;0;0;0;0;4416868;3441711;4463;2;3613799;2861;48;0;1
FR;3;2022-10-27;0;0;0;0;0;0;0;0;0;4416868;3441711;4463;2;3613799;2861;48;0;1
FR;3;2022-10-28;0;0;0;0;0;0;0;0;0;4416868;3441711;4463;2;3613799;2861;48;0;1
FR;3;2022-10-29;0;0;0;0;0;0;0;0;0;4416868;3441711;4463;2;3613799;2861;48;0;1
FR;3;2022-10-30;0;0;0;0;0;0;0;0;0;4416868;3441711;4463;2;3613799;2861;48;0;1
FR;3;2022-10-31;0;0;0;0;0;0;0;0;0;4416868;3441711;4463;2;3613799;2861;48;0;1
FR;3;2022-11-01;0;0;0;0;0;0;0;0;0;4416868;3441711;4463;2;3613799;2861;48;0;1
FR;3;2022-11-02;0;0;0;0;0;0;0;0;0;4416868;3441711;4463;2;3613799;2861;48;0;1
FR;3;2022-11-03;0;0;0;0;0;0;0;0;0;4416868;3441711;4463;2;3613799;2861;48;0;1
FR;3;2022-11-04;0;0;0;0;0;0;0;0;0;4416868;3441711;4463;2;3613799;2861;48;0;1
FR;3;2022-11-05;0;0;0;0;0;0;0;0;0;4416868;3441711;4463;2;3613799;2861;48;0;1
FR;3;2022-11-06;0;0;0;0;0;0;0;0;0;4416868;3441711;4463;2;3613799;2861;48;0;1
FR;3;2022-11-07;0;0;0;0;0;0;0;0;0;4416868;3441711;4463;2;3613799;2861;48;0;1
FR;3;2022-11-08;1;0;0;0;0;0;0;0;0;4416869;3441711;4463;2;3613799;2861;48;0;1
FR;3;2022-11-09;0;0;0;0;0;0;0;0;0;4416869;3441711;4463;2;3613799;2861;48;0;1
FR;3;2022-11-10;0;0;0;0;0;0;0;0;0;4416869;3441711;4463;2;3613799;2861;48;0;1
FR;3;2022-11-11;0;0;0;0;0;0;0;0;0;4416869;3441711;4463;2;3613799;2861;48;0;1
FR;3;2022-11-12;0;0;0;0;0;0;0;0;0;4416869;3441711;4463;2;3613799;2861;48;0;1
FR;3;2022-11-13;0;0;0;0;0;0;0;0;0;4416869;3441711;4463;2;3613799;2861;48;0;1
FR;3;2022-11-14;0;0;0;0;0;0;0;0;0;4416869;3441711;4463;2;3613799;2861;48;0;1
FR;3;2022-11-15;0;0;0;0;0;0;0;0;0;4416869;3441711;4463;2;3613799;2861;48;0;1
FR;3;2022-11-16;0;0;0;0;0;0;0;0;0;4416869;3441711;4463;2;3613799;2861;48;0;1
FR;3;2022-11-17;0;0;0;0;0;0;0;0;0;4416869;3441711;4463;2;3613799;2861;48;0;1
FR;3;2022-11-18;0;0;0;0;0;0;0;0;0;4416869;3441711;4463;2;3613799;2861;48;0;1
FR;3;2022-11-19;0;0;0;0;0;0;0;0;0;4416869;3441711;4463;2;3613799;2861;48;0;1
FR;3;2022-11-20;0;0;0;0;0;0;0;0;0;4416869;3441711;4463;2;3613799;2861;48;0;1
FR;3;2022-11-21;0;0;0;0;0;0;0;0;0;4416869;3441711;4463;2;3613799;2861;48;0;1
FR;3;2022-11-22;0;0;0;0;0;0;0;0;0;4416869;3441711;4463;2;3613799;2861;48;0;1
FR;3;2022-11-23;0;0;0;0;0;0;0;0;0;4416869;3441711;4463;2;3613799;2861;48;0;1
FR;3;2022-11-24;0;0;0;0;0;0;0;0;0;4416869;3441711;4463;2;3613799;2861;48;0;1
FR;3;2022-11-25;0;0;0;0;0;0;0;0;0;4416869;3441711;4463;2;3613799;2861;48;0;1
FR;3;2022-11-26;0;0;0;0;0;0;0;0;0;4416869;3441711;4463;2;3613799;2861;48;0;1
FR;3;2022-11-27;0;0;0;0;0;0;0;0;0;4416869;3441711;4463;2;3613799;2861;48;0;1
FR;3;2022-11-28;0;0;0;0;0;0;0;0;0;4416869;3441711;4463;2;3613799;2861;48;0;1
FR;3;2022-11-29;0;0;0;0;0;0;0;0;0;4416869;3441711;4463;2;3613799;2861;48;0;1
FR;3;2022-11-30;0;0;0;0;0;0;0;0;0;4416869;3441711;4463;2;3613799;2861;48;0;1
FR;3;2022-12-01;0;0;0;0;0;0;0;0;0;4416869;3441711;4463;2;3613799;2861;48;0;1
FR;3;2022-12-02;0;0;0;0;0;0;0;0;0;4416869;3441711;4463;2;3613799;2861;48;0;1
FR;3;2022-12-03;0;0;0;0;0;0;0;0;0;4416869;3441711;4463;2;3613799;2861;48;0;1
FR;3;2022-12-04;0;0;0;0;0;0;0;0;0;4416869;3441711;4463;2;3613799;2861;48;0;1
FR;3;2022-12-05;0;0;0;0;0;0;0;0;0;4416869;3441711;4463;2;3613799;2861;48;0;1
FR;3;2022-12-06;0;0;0;0;0;0;0;0;0;4416869;3441711;4463;2;3613799;2861;48;0;1
FR;3;2022-12-07;0;0;0;0;0;0;0;0;0;4416869;3441711;4463;2;3613799;2861;48;0;1
FR;3;2022-12-08;0;0;0;0;0;0;0;0;0;4416869;3441711;4463;2;3613799;2861;48;0;1
FR;3;2022-12-09;0;0;0;0;0;0;0;0;0;4416869;3441711;4463;2;3613799;2861;48;0;1
FR;3;2022-12-10;0;0;0;0;0;0;0;0;0;4416869;3441711;4463;2;3613799;2861;48;0;1
FR;3;2022-12-11;0;0;0;0;0;0;0;0;0;4416869;3441711;4463;2;3613799;2861;48;0;1
FR;3;2022-12-12;0;0;0;0;0;0;0;0;0;4416869;3441711;4463;2;3613799;2861;48;0;1
FR;3;2022-12-13;0;0;0;0;0;0;0;0;0;4416869;3441711;4463;2;3613799;2861;48;0;1
FR;3;2022-12-14;0;0;0;0;0;0;0;0;0;4416869;3441711;4463;2;3613799;2861;48;0;1
FR;3;2022-12-15;0;0;0;0;0;0;0;0;0;4416869;3441711;4463;2;3613799;2861;48;0;1
FR;3;2022-12-16;0;0;0;0;0;0;0;0;0;4416869;3441711;4463;2;3613799;2861;48;0;1
FR;3;2022-12-17;0;0;0;0;0;0;0;0;0;4416869;3441711;4463;2;3613799;2861;48;0;1
FR;3;2022-12-18;0;0;0;0;0;0;0;0;0;4416869;3441711;4463;2;3613799;2861;48;0;1
FR;3;2022-12-19;0;0;0;0;0;0;0;0;0;4416869;3441711;4463;2;3613799;2861;48;0;1
FR;3;2022-12-20;0;0;0;0;0;0;0;0;0;4416869;3441711;4463;2;3613799;2861;48;0;1
FR;3;2022-12-21;0;0;0;0;0;0;0;0;0;4416869;3441711;4463;2;3613799;2861;48;0;1
FR;3;2022-12-22;0;0;0;0;0;0;0;0;0;4416869;3441711;4463;2;3613799;2861;48;0;1
FR;3;2022-12-23;0;0;0;0;0;0;0;0;0;4416869;3441711;4463;2;3613799;2861;48;0;1
FR;3;2022-12-24;0;0;0;0;0;0;0;0;0;4416869;3441711;4463;2;3613799;2861;48;0;1
FR;3;2022-12-25;0;0;0;0;0;0;0;0;0;4416869;3441711;4463;2;3613799;2861;48;0;1
FR;3;2022-12-26;0;0;0;0;0;0;0;0;0;4416869;3441711;4463;2;3613799;2861;48;0;1
FR;3;2022-12-27;0;0;0;0;0;0;0;0;0;4416869;3441711;4463;2;3613799;2861;48;0;1
FR;3;2022-12-28;0;0;0;0;0;0;0;0;0;4416869;3441711;4463;2;3613799;2861;48;0;1
FR;3;2022-12-29;0;0;0;0;0;0;0;0;0;4416869;3441711;4463;2;3613799;2861;48;0;1
FR;3;2022-12-30;0;0;0;0;0;0;0;0;0;4416869;3441711;4463;2;3613799;2861;48;0;1
FR;3;2022-12-31;0;0;0;0;0;0;0;0;0;4416869;3441711;4463;2;3613799;2861;48;0;1
FR;3;2023-01-01;0;0;0;0;0;0;0;0;0;4416869;3441711;4463;2;3613799;2861;48;0;1
FR;3;2023-01-02;0;0;0;0;0;0;0;0;0;4416869;3441711;4463;2;3613799;2861;48;0;1
FR;3;2023-01-03;0;0;0;0;0;0;0;0;0;4416869;3441711;4463;2;3613799;2861;48;0;1
FR;3;2023-01-04;0;0;0;0;0;0;0;0;0;4416869;3441711;4463;2;3613799;2861;48;0;1
FR;3;2023-01-05;0;0;0;0;0;0;0;0;0;4416869;3441711;4463;2;3613799;2861;48;0;1
FR;3;2023-01-06;0;0;0;0;0;0;0;0;0;4416869;3441711;4463;2;3613799;2861;48;0;1
FR;3;2023-01-07;0;0;0;0;0;0;0;0;0;4416869;3441711;4463;2;3613799;2861;48;0;1
FR;3;2023-01-08;0;0;0;0;0;0;0;0;0;4416869;3441711;4463;2;3613799;2861;48;0;1
FR;3;2023-01-09;0;0;0;0;0;0;0;0;0;4416869;3441711;4463;2;3613799;2861;48;0;1
FR;3;2023-01-10;0;0;0;0;0;0;0;0;0;4416869;3441711;4463;2;3613799;2861;48;0;1
FR;3;2023-01-11;0;0;0;0;0;0;0;0;0;4416869;3441711;4463;2;3613799;2861;48;0;1
FR;3;2023-01-12;0;0;0;0;0;0;0;0;0;4416869;3441711;4463;2;3613799;2861;48;0;1
FR;3;2023-01-13;0;0;0;0;0;0;0;0;0;4416869;3441711;4463;2;3613799;2861;48;0;1
FR;3;2023-01-14;0;0;0;0;0;0;0;0;0;4416869;3441711;4463;2;3613799;2861;48;0;1
FR;3;2023-01-15;0;0;0;0;0;0;0;0;0;4416869;3441711;4463;2;3613799;2861;48;0;1
FR;3;2023-01-16;0;0;0;0;0;0;0;0;0;4416869;3441711;4463;2;3613799;2861;48;0;1
FR;3;2023-01-17;0;0;0;0;0;0;0;0;0;4416869;3441711;4463;2;3613799;2861;48;0;1
FR;3;2023-01-18;0;0;0;0;0;0;0;0;0;4416869;3441711;4463;2;3613799;2861;48;0;1
FR;3;2023-01-19;0;0;0;0;0;0;0;0;0;4416869;3441711;4463;2;3613799;2861;48;0;1
FR;3;2023-01-20;0;0;0;0;0;0;0;0;0;4416869;3441711;4463;2;3613799;2861;48;0;1
FR;3;2023-01-21;0;0;0;0;0;0;0;0;0;4416869;3441711;4463;2;3613799;2861;48;0;1
FR;3;2023-01-22;0;0;0;0;0;0;0;0;0;4416869;3441711;4463;2;3613799;2861;48;0;1
FR;3;2023-01-23;0;0;0;0;0;0;0;0;0;4416869;3441711;4463;2;3613799;2861;48;0;1
FR;3;2023-01-24;0;0;0;0;0;0;0;0;0;4416869;3441711;4463;2;3613799;2861;48;0;1
FR;3;2023-01-25;1;0;0;0;0;0;0;0;0;4416870;3441711;4463;2;3613799;2861;48;0;1
FR;3;2023-01-26;0;0;0;0;0;0;0;0;0;4416870;3441711;4463;2;3613799;2861;48;0;1
FR;3;2023-01-27;0;0;0;0;0;0;0;0;0;4416870;3441711;4463;2;3613799;2861;48;0;1
FR;3;2023-01-28;0;0;0;0;0;0;0;0;0;4416870;3441711;4463;2;3613799;2861;48;0;1
FR;3;2023-01-29;0;0;0;0;0;0;0;0;0;4416870;3441711;4463;2;3613799;2861;48;0;1
FR;3;2023-01-30;0;0;0;0;0;0;0;0;0;4416870;3441711;4463;2;3613799;2861;48;0;1
FR;3;2023-01-31;0;0;0;0;0;0;0;0;0;4416870;3441711;4463;2;3613799;2861;48;0;1
FR;3;2023-02-01;0;0;0;0;0;0;0;0;0;4416870;3441711;4463;2;3613799;2861;48;0;1
FR;3;2023-02-02;0;0;0;0;0;0;0;0;0;4416870;3441711;4463;2;3613799;2861;48;0;1
FR;3;2023-02-03;0;0;0;0;0;0;0;0;0;4416870;3441711;4463;2;3613799;2861;48;0;1
FR;3;2023-02-04;0;0;0;0;0;0;0;0;0;4416870;3441711;4463;2;3613799;2861;48;0;1
FR;3;2023-02-05;0;0;0;0;0;0;0;0;0;4416870;3441711;4463;2;3613799;2861;48;0;1
FR;3;2023-02-06;0;0;0;0;0;0;0;0;0;4416870;3441711;4463;2;3613799;2861;48;0;1
FR;3;2023-02-07;0;0;0;0;0;0;0;0;0;4416870;3441711;4463;2;3613799;2861;48;0;1
FR;3;2023-02-08;0;0;0;0;0;0;0;0;0;4416870;3441711;4463;2;3613799;2861;48;0;1
FR;3;2023-02-09;0;0;0;0;0;0;0;0;0;4416870;3441711;4463;2;3613799;2861;48;0;1
FR;3;2023-02-10;0;0;0;0;0;0;0;0;0;4416870;3441711;4463;2;3613799;2861;48;0;1
FR;3;2023-02-11;0;0;0;0;0;0;0;0;0;4416870;3441711;4463;2;3613799;2861;48;0;1
FR;3;2023-02-12;0;0;0;0;0;0;0;0;0;4416870;3441711;4463;2;3613799;2861;48;0;1
FR;3;2023-02-13;0;0;0;0;0;0;0;0;0;4416870;3441711;4463;2;3613799;2861;48;0;1
FR;3;2023-02-14;0;0;0;0;0;0;0;0;0;4416870;3441711;4463;2;3613799;2861;48;0;1
FR;3;2023-02-15;0;0;0;0;0;0;0;0;0;4416870;3441711;4463;2;3613799;2861;48;0;1
FR;3;2023-02-16;0;0;0;0;0;0;0;0;0;4416870;3441711;4463;2;3613799;2861;48;0;1
FR;3;2023-02-17;0;0;0;0;0;0;0;0;0;4416870;3441711;4463;2;3613799;2861;48;0;1
FR;3;2023-02-18;0;0;0;0;0;0;0;0;0;4416870;3441711;4463;2;3613799;2861;48;0;1
FR;3;2023-02-19;0;0;0;0;0;0;0;0;0;4416870;3441711;4463;2;3613799;2861;48;0;1
FR;3;2023-02-20;0;0;0;0;0;0;0;0;0;4416870;3441711;4463;2;3613799;2861;48;0;1
FR;3;2023-02-21;0;0;0;0;0;0;0;0;0;4416870;3441711;4463;2;3613799;2861;48;0;1
FR;3;2023-02-22;0;0;0;0;0;0;0;0;0;4416870;3441711;4463;2;3613799;2861;48;0;1
FR;3;2023-02-23;0;0;0;0;0;0;0;0;0;4416870;3441711;4463;2;3613799;2861;48;0;1
FR;3;2023-02-24;0;0;0;0;0;0;0;0;0;4416870;3441711;4463;2;3613799;2861;48;0;1
FR;3;2023-02-25;0;0;0;0;0;0;0;0;0;4416870;3441711;4463;2;3613799;2861;48;0;1
FR;3;2023-02-26;0;0;0;0;0;0;0;0;0;4416870;3441711;4463;2;3613799;2861;48;0;1
FR;3;2023-02-27;0;0;0;0;0;0;0;0;0;4416870;3441711;4463;2;3613799;2861;48;0;1
FR;3;2023-02-28;0;0;0;0;0;0;0;0;0;4416870;3441711;4463;2;3613799;2861;48;0;1
FR;3;2023-03-01;0;0;0;0;0;0;0;0;0;4416870;3441711;4463;2;3613799;2861;48;0;1
FR;3;2023-03-02;0;0;0;0;0;0;0;0;0;4416870;3441711;4463;2;3613799;2861;48;0;1
FR;3;2023-03-03;0;0;0;0;0;0;0;0;0;4416870;3441711;4463;2;3613799;2861;48;0;1
FR;3;2023-03-04;0;0;0;0;0;0;0;0;0;4416870;3441711;4463;2;3613799;2861;48;0;1
FR;3;2023-03-05;0;0;0;0;0;0;0;0;0;4416870;3441711;4463;2;3613799;2861;48;0;1
FR;3;2023-03-06;0;0;0;0;0;0;0;0;0;4416870;3441711;4463;2;3613799;2861;48;0;1
FR;3;2023-03-07;0;0;0;0;0;0;0;0;0;4416870;3441711;4463;2;3613799;2861;48;0;1
FR;3;2023-03-08;0;0;0;0;0;0;0;0;0;4416870;3441711;4463;2;3613799;2861;48;0;1
FR;3;2023-03-09;0;0;0;0;0;0;0;0;0;4416870;3441711;4463;2;3613799;2861;48;0;1
FR;3;2023-03-10;0;0;0;0;0;0;0;0;0;4416870;3441711;4463;2;3613799;2861;48;0;1
FR;3;2023-03-11;0;0;0;0;0;0;0;0;0;4416870;3441711;4463;2;3613799;2861;48;0;1
FR;3;2023-03-12;0;0;0;0;0;0;0;0;0;4416870;3441711;4463;2;3613799;2861;48;0;1
FR;3;2023-03-13;0;0;0;0;0;0;0;0;0;4416870;3441711;4463;2;3613799;2861;48;0;1
FR;3;2023-03-14;0;0;0;0;0;0;0;0;0;4416870;3441711;4463;2;3613799;2861;48;0;1
FR;3;2023-03-15;0;0;0;0;0;0;0;0;0;4416870;3441711;4463;2;3613799;2861;48;0;1
FR;3;2023-03-16;0;0;0;0;0;0;0;0;0;4416870;3441711;4463;2;3613799;2861;48;0;1
FR;3;2023-03-17;0;0;0;0;0;0;0;0;0;4416870;3441711;4463;2;3613799;2861;48;0;1
FR;3;2023-03-18;0;0;0;0;0;0;0;0;0;4416870;3441711;4463;2;3613799;2861;48;0;1
FR;3;2023-03-19;0;0;0;0;0;0;0;0;0;4416870;3441711;4463;2;3613799;2861;48;0;1
FR;3;2023-03-20;0;0;0;0;0;0;0;0;0;4416870;3441711;4463;2;3613799;2861;48;0;1
FR;3;2023-03-21;0;0;0;0;0;0;0;0;0;4416870;3441711;4463;2;3613799;2861;48;0;1
FR;3;2023-03-22;0;0;0;0;0;0;0;0;0;4416870;3441711;4463;2;3613799;2861;48;0;1
FR;3;2023-03-23;0;0;0;0;0;0;0;0;0;4416870;3441711;4463;2;3613799;2861;48;0;1
FR;3;2023-03-24;0;0;0;0;0;0;0;0;0;4416870;3441711;4463;2;3613799;2861;48;0;1
FR;3;2023-03-25;0;0;0;0;0;0;0;0;0;4416870;3441711;4463;2;3613799;2861;48;0;1
FR;3;2023-03-26;0;0;0;0;0;0;0;0;0;4416870;3441711;4463;2;3613799;2861;48;0;1
FR;3;2023-03-27;0;0;0;0;0;0;0;0;0;4416870;3441711;4463;2;3613799;2861;48;0;1
FR;3;2023-03-28;0;0;0;0;0;0;0;0;0;4416870;3441711;4463;2;3613799;2861;48;0;1
FR;3;2023-03-29;0;0;0;0;0;0;0;0;0;4416870;3441711;4463;2;3613799;2861;48;0;1
FR;3;2023-03-30;0;0;0;0;0;0;0;0;0;4416870;3441711;4463;2;3613799;2861;48;0;1
FR;3;2023-03-31;0;0;0;0;0;0;0;0;0;4416870;3441711;4463;2;3613799;2861;48;0;1
FR;3;2023-04-01;0;0;0;0;0;0;0;0;0;4416870;3441711;4463;2;3613799;2861;48;0;1
FR;3;2023-04-02;0;0;0;0;0;0;0;0;0;4416870;3441711;4463;2;3613799;2861;48;0;1
FR;3;2023-04-03;0;0;0;0;0;0;0;0;0;4416870;3441711;4463;2;3613799;2861;48;0;1
FR;3;2023-04-04;0;0;0;0;0;0;0;0;0;4416870;3441711;4463;2;3613799;2861;48;0;1
FR;3;2023-04-05;0;0;0;0;0;0;0;0;0;4416870;3441711;4463;2;3613799;2861;48;0;1
FR;3;2023-04-06;0;0;0;0;0;0;0;0;0;4416870;3441711;4463;2;3613799;2861;48;0;1
FR;3;2023-04-07;0;0;0;0;0;0;0;0;0;4416870;3441711;4463;2;3613799;2861;48;0;1
FR;3;2023-04-08;0;0;0;0;0;0;0;0;0;4416870;3441711;4463;2;3613799;2861;48;0;1
FR;3;2023-04-09;0;0;0;0;0;0;0;0;0;4416870;3441711;4463;2;3613799;2861;48;0;1
FR;3;2023-04-10;0;0;0;0;0;0;0;0;0;4416870;3441711;4463;2;3613799;2861;48;0;1
FR;3;2023-04-11;0;0;0;0;0;0;0;0;0;4416870;3441711;4463;2;3613799;2861;48;0;1
FR;3;2023-04-12;0;0;0;0;0;0;0;0;0;4416870;3441711;4463;2;3613799;2861;48;0;1
FR;3;2023-04-13;0;0;0;0;0;0;0;0;0;4416870;3441711;4463;2;3613799;2861;48;0;1
FR;3;2023-04-14;0;0;0;0;0;0;0;0;0;4416870;3441711;4463;2;3613799;2861;48;0;1
FR;3;2023-04-15;0;0;0;0;0;0;0;0;0;4416870;3441711;4463;2;3613799;2861;48;0;1
FR;3;2023-04-16;0;0;0;0;0;0;0;0;0;4416870;3441711;4463;2;3613799;2861;48;0;1
FR;3;2023-04-17;0;0;0;0;0;0;0;0;0;4416870;3441711;4463;2;3613799;2861;48;0;1
FR;3;2023-04-18;0;0;0;0;0;0;0;0;0;4416870;3441711;4463;2;3613799;2861;48;0;1
FR;3;2023-04-19;0;0;0;0;0;0;0;0;0;4416870;3441711;4463;2;3613799;2861;48;0;1
FR;3;2023-04-20;0;0;0;0;0;0;0;0;0;4416870;3441711;4463;2;3613799;2861;48;0;1
FR;3;2023-04-21;0;0;0;0;0;0;0;0;0;4416870;3441711;4463;2;3613799;2861;48;0;1
FR;3;2023-04-22;0;0;0;0;0;0;0;0;0;4416870;3441711;4463;2;3613799;2861;48;0;1
FR;3;2023-04-23;0;0;0;0;0;0;0;0;0;4416870;3441711;4463;2;3613799;2861;48;0;1
FR;3;2023-04-24;0;0;0;0;0;0;0;0;0;4416870;3441711;4463;2;3613799;2861;48;0;1
FR;3;2023-04-25;0;0;0;0;0;0;0;0;0;4416870;3441711;4463;2;3613799;2861;48;0;1
FR;3;2023-04-26;0;0;0;0;0;0;0;0;0;4416870;3441711;4463;2;3613799;2861;48;0;1
FR;3;2023-04-27;0;0;0;0;0;0;0;0;0;4416870;3441711;4463;2;3613799;2861;48;0;1
FR;3;2023-04-28;0;0;0;0;0;0;0;0;0;4416870;3441711;4463;2;3613799;2861;48;0;1
FR;3;2023-04-29;0;0;0;0;0;0;0;0;0;4416870;3441711;4463;2;3613799;2861;48;0;1
FR;3;2023-04-30;0;0;0;0;0;0;0;0;0;4416870;3441711;4463;2;3613799;2861;48;0;1
FR;3;2023-05-01;0;0;0;0;0;0;0;0;0;4416870;3441711;4463;2;3613799;2861;48;0;1
FR;3;2023-05-02;0;0;0;0;0;0;0;0;0;4416870;3441711;4463;2;3613799;2861;48;0;1
FR;3;2023-05-03;0;0;0;0;0;0;0;0;0;4416870;3441711;4463;2;3613799;2861;48;0;1
FR;3;2023-05-04;0;0;0;0;0;0;0;0;0;4416870;3441711;4463;2;3613799;2861;48;0;1
FR;3;2023-05-05;0;0;0;0;0;0;0;0;0;4416870;3441711;4463;2;3613799;2861;48;0;1
FR;3;2023-05-06;0;0;0;0;0;0;0;0;0;4416870;3441711;4463;2;3613799;2861;48;0;1
FR;3;2023-05-07;0;0;0;0;0;0;0;0;0;4416870;3441711;4463;2;3613799;2861;48;0;1
FR;3;2023-05-08;0;0;0;0;0;0;0;0;0;4416870;3441711;4463;2;3613799;2861;48;0;1
FR;3;2023-05-09;0;0;0;0;0;0;0;0;0;4416870;3441711;4463;2;3613799;2861;48;0;1
FR;4;2020-12-27;0;0;0;0;0;0;0;0;0;0;0;0;0;0;0;0;0;0
FR;4;2020-12-28;0;0;0;0;0;0;0;0;0;0;0;0;0;0;0;0;0;0
FR;4;2020-12-29;0;0;0;0;0;0;0;0;0;0;0;0;0;0;0;0;0;0
FR;4;2020-12-30;0;0;0;0;0;0;0;0;0;0;0;0;0;0;0;0;0;0
FR;4;2020-12-31;0;0;0;0;0;0;0;0;0;0;0;0;0;0;0;0;0;0
FR;4;2021-01-01;0;0;0;0;0;0;0;0;0;0;0;0;0;0;0;0;0;0
FR;4;2021-01-02;0;0;0;0;0;0;0;0;0;0;0;0;0;0;0;0;0;0
FR;4;2021-01-03;0;0;0;0;0;0;0;0;0;0;0;0;0;0;0;0;0;0
FR;4;2021-01-04;0;0;0;0;0;0;0;0;0;0;0;0;0;0;0;0;0;0
FR;4;2021-01-05;0;0;0;0;0;0;0;0;0;0;0;0;0;0;0;0;0;0
FR;4;2021-01-06;0;0;0;0;0;0;0;0;0;0;0;0;0;0;0;0;0;0
FR;4;2021-01-07;0;0;0;0;0;0;0;0;0;0;0;0;0;0;0;0;0;0
FR;4;2021-01-08;0;0;0;0;0;0;0;0;0;0;0;0;0;0;0;0;0;0
FR;4;2021-01-09;0;0;0;0;0;0;0;0;0;0;0;0;0;0;0;0;0;0
FR;4;2021-01-10;0;0;0;0;0;0;0;0;0;0;0;0;0;0;0;0;0;0
FR;4;2021-01-11;0;0;0;0;0;0;0;0;0;0;0;0;0;0;0;0;0;0
FR;4;2021-01-12;0;0;0;0;0;0;0;0;0;0;0;0;0;0;0;0;0;0
FR;4;2021-01-13;0;0;0;0;0;0;0;0;0;0;0;0;0;0;0;0;0;0
FR;4;2021-01-14;0;0;0;0;0;0;0;0;0;0;0;0;0;0;0;0;0;0
FR;4;2021-01-15;0;0;0;0;0;0;0;0;0;0;0;0;0;0;0;0;0;0
FR;4;2021-01-16;0;0;0;0;0;0;0;0;0;0;0;0;0;0;0;0;0;0
FR;4;2021-01-17;0;0;0;0;0;0;0;0;0;0;0;0;0;0;0;0;0;0
FR;4;2021-01-18;0;0;0;0;0;0;0;0;0;0;0;0;0;0;0;0;0;0
FR;4;2021-01-19;0;0;0;0;0;0;0;0;0;0;0;0;0;0;0;0;0;0
FR;4;2021-01-20;0;0;0;0;0;0;0;0;0;0;0;0;0;0;0;0;0;0
FR;4;2021-01-21;0;0;0;0;0;0;0;0;0;0;0;0;0;0;0;0;0;0
FR;4;2021-01-22;0;0;0;0;0;0;0;0;0;0;0;0;0;0;0;0;0;0
FR;4;2021-01-23;0;0;0;0;0;0;0;0;0;0;0;0;0;0;0;0;0;0
FR;4;2021-01-24;0;0;0;0;0;0;0;0;0;0;0;0;0;0;0;0;0;0
FR;4;2021-01-25;0;0;0;0;0;0;0;0;0;0;0;0;0;0;0;0;0;0
FR;4;2021-01-26;0;0;0;0;0;0;0;0;0;0;0;0;0;0;0;0;0;0
FR;4;2021-01-27;0;0;0;0;0;0;0;0;0;0;0;0;0;0;0;0;0;0
FR;4;2021-01-28;0;0;0;0;0;0;0;0;0;0;0;0;0;0;0;0;0;0
FR;4;2021-01-29;0;0;0;0;0;0;0;0;0;0;0;0;0;0;0;0;0;0
FR;4;2021-01-30;0;0;0;0;0;0;0;0;0;0;0;0;0;0;0;0;0;0
FR;4;2021-01-31;0;0;0;0;0;0;0;0;0;0;0;0;0;0;0;0;0;0
FR;4;2021-02-01;0;0;0;0;0;0;0;0;0;0;0;0;0;0;0;0;0;0
FR;4;2021-02-02;0;0;0;0;0;0;0;0;0;0;0;0;0;0;0;0;0;0
FR;4;2021-02-03;0;0;0;0;0;0;0;0;0;0;0;0;0;0;0;0;0;0
FR;4;2021-02-04;0;0;0;0;0;0;0;0;0;0;0;0;0;0;0;0;0;0
FR;4;2021-02-05;0;0;0;0;0;0;0;0;0;0;0;0;0;0;0;0;0;0
FR;4;2021-02-06;0;0;0;0;0;0;0;0;0;0;0;0;0;0;0;0;0;0
FR;4;2021-02-07;0;0;0;0;0;0;0;0;0;0;0;0;0;0;0;0;0;0
FR;4;2021-02-08;0;0;0;0;0;0;0;0;0;0;0;0;0;0;0;0;0;0
FR;4;2021-02-09;0;0;0;0;0;0;0;0;0;0;0;0;0;0;0;0;0;0
FR;4;2021-02-10;0;0;0;0;0;0;0;0;0;0;0;0;0;0;0;0;0;0
FR;4;2021-02-11;0;0;0;0;0;0;0;0;0;0;0;0;0;0;0;0;0;0
FR;4;2021-02-12;0;0;0;0;0;0;0;0;0;0;0;0;0;0;0;0;0;0
FR;4;2021-02-13;0;0;0;0;0;0;0;0;0;0;0;0;0;0;0;0;0;0
FR;4;2021-02-14;0;0;0;0;0;0;0;0;0;0;0;0;0;0;0;0;0;0
FR;4;2021-02-15;0;0;0;0;0;0;0;0;0;0;0;0;0;0;0;0;0;0
FR;4;2021-02-16;0;0;0;0;0;0;0;0;0;0;0;0;0;0;0;0;0;0
FR;4;2021-02-17;0;0;0;0;0;0;0;0;0;0;0;0;0;0;0;0;0;0
FR;4;2021-02-18;0;0;0;0;0;0;0;0;0;0;0;0;0;0;0;0;0;0
FR;4;2021-02-19;0;0;0;0;0;0;0;0;0;0;0;0;0;0;0;0;0;0
FR;4;2021-02-20;0;0;0;0;0;0;0;0;0;0;0;0;0;0;0;0;0;0
FR;4;2021-02-21;0;0;0;0;0;0;0;0;0;0;0;0;0;0;0;0;0;0
FR;4;2021-02-22;0;0;0;0;0;0;0;0;0;0;0;0;0;0;0;0;0;0
FR;4;2021-02-23;0;0;0;0;0;0;0;0;0;0;0;0;0;0;0;0;0;0
FR;4;2021-02-24;0;0;0;0;0;0;0;0;0;0;0;0;0;0;0;0;0;0
FR;4;2021-02-25;0;0;0;0;0;0;0;0;0;0;0;0;0;0;0;0;0;0
FR;4;2021-02-26;0;0;0;0;0;0;0;0;0;0;0;0;0;0;0;0;0;0
FR;4;2021-02-27;0;0;0;0;0;0;0;0;0;0;0;0;0;0;0;0;0;0
FR;4;2021-02-28;0;0;0;0;0;0;0;0;0;0;0;0;0;0;0;0;0;0
FR;4;2021-03-01;0;0;0;0;0;0;0;0;0;0;0;0;0;0;0;0;0;0
FR;4;2021-03-02;0;0;0;0;0;0;0;0;0;0;0;0;0;0;0;0;0;0
FR;4;2021-03-03;0;0;0;0;0;0;0;0;0;0;0;0;0;0;0;0;0;0
FR;4;2021-03-04;0;0;0;0;0;0;0;0;0;0;0;0;0;0;0;0;0;0
FR;4;2021-03-05;0;0;0;0;0;0;0;0;0;0;0;0;0;0;0;0;0;0
FR;4;2021-03-06;0;0;0;0;0;0;0;0;0;0;0;0;0;0;0;0;0;0
FR;4;2021-03-07;0;0;0;0;0;0;0;0;0;0;0;0;0;0;0;0;0;0
FR;4;2021-03-08;0;0;0;0;0;0;0;0;0;0;0;0;0;0;0;0;0;0
FR;4;2021-03-09;0;0;0;0;0;0;0;0;0;0;0;0;0;0;0;0;0;0
FR;4;2021-03-10;0;0;0;0;0;0;0;0;0;0;0;0;0;0;0;0;0;0
FR;4;2021-03-11;0;0;0;0;0;0;0;0;0;0;0;0;0;0;0;0;0;0
FR;4;2021-03-12;0;0;0;0;0;0;0;0;0;0;0;0;0;0;0;0;0;0
FR;4;2021-03-13;0;0;0;0;0;0;0;0;0;0;0;0;0;0;0;0;0;0
FR;4;2021-03-14;0;0;0;0;0;0;0;0;0;0;0;0;0;0;0;0;0;0
FR;4;2021-03-15;0;0;0;0;0;0;0;0;0;0;0;0;0;0;0;0;0;0
FR;4;2021-03-16;0;0;0;0;0;0;0;0;0;0;0;0;0;0;0;0;0;0
FR;4;2021-03-17;0;0;0;0;0;0;0;0;0;0;0;0;0;0;0;0;0;0
FR;4;2021-03-18;0;0;0;0;0;0;0;0;0;0;0;0;0;0;0;0;0;0
FR;4;2021-03-19;0;0;0;0;0;0;0;0;0;0;0;0;0;0;0;0;0;0
FR;4;2021-03-20;0;0;0;0;0;0;0;0;0;0;0;0;0;0;0;0;0;0
FR;4;2021-03-21;0;0;0;0;0;0;0;0;0;0;0;0;0;0;0;0;0;0
FR;4;2021-03-22;0;0;0;0;0;0;0;0;0;0;0;0;0;0;0;0;0;0
FR;4;2021-03-23;0;0;0;0;0;0;0;0;0;0;0;0;0;0;0;0;0;0
FR;4;2021-03-24;0;0;0;0;0;0;0;0;0;0;0;0;0;0;0;0;0;0
FR;4;2021-03-25;0;0;0;0;0;0;0;0;0;0;0;0;0;0;0;0;0;0
FR;4;2021-03-26;0;0;0;0;0;0;0;0;0;0;0;0;0;0;0;0;0;0
FR;4;2021-03-27;0;0;0;0;0;0;0;0;0;0;0;0;0;0;0;0;0;0
FR;4;2021-03-28;0;0;0;0;0;0;0;0;0;0;0;0;0;0;0;0;0;0
FR;4;2021-03-29;0;0;0;0;0;0;0;0;0;0;0;0;0;0;0;0;0;0
FR;4;2021-03-30;0;0;0;0;0;0;0;0;0;0;0;0;0;0;0;0;0;0
FR;4;2021-03-31;0;0;0;0;0;0;0;0;0;0;0;0;0;0;0;0;0;0
FR;4;2021-04-01;0;0;0;0;0;0;0;0;0;0;0;0;0;0;0;0;0;0
FR;4;2021-04-02;0;0;0;0;0;0;0;0;0;0;0;0;0;0;0;0;0;0
FR;4;2021-04-03;0;0;0;0;0;0;0;0;0;0;0;0;0;0;0;0;0;0
FR;4;2021-04-04;0;0;0;0;0;0;0;0;0;0;0;0;0;0;0;0;0;0
FR;4;2021-04-05;0;0;0;0;0;0;0;0;0;0;0;0;0;0;0;0;0;0
FR;4;2021-04-06;0;0;0;0;0;0;0;0;0;0;0;0;0;0;0;0;0;0
FR;4;2021-04-07;0;0;0;0;0;0;0;0;0;0;0;0;0;0;0;0;0;0
FR;4;2021-04-08;0;0;0;0;0;0;0;0;0;0;0;0;0;0;0;0;0;0
FR;4;2021-04-09;0;0;0;0;0;0;0;0;0;0;0;0;0;0;0;0;0;0
FR;4;2021-04-10;0;0;0;0;0;0;0;0;0;0;0;0;0;0;0;0;0;0
FR;4;2021-04-11;0;0;0;0;0;0;0;0;0;0;0;0;0;0;0;0;0;0
FR;4;2021-04-12;0;0;0;0;0;0;0;0;0;0;0;0;0;0;0;0;0;0
FR;4;2021-04-13;0;0;0;0;0;0;0;0;0;0;0;0;0;0;0;0;0;0
FR;4;2021-04-14;0;0;0;0;0;0;0;0;0;0;0;0;0;0;0;0;0;0
FR;4;2021-04-15;0;0;0;0;0;0;0;0;0;0;0;0;0;0;0;0;0;0
FR;4;2021-04-16;0;0;0;0;0;0;0;0;0;0;0;0;0;0;0;0;0;0
FR;4;2021-04-17;0;0;0;0;0;0;0;0;0;0;0;0;0;0;0;0;0;0
FR;4;2021-04-18;0;0;0;0;0;0;0;0;0;0;0;0;0;0;0;0;0;0
FR;4;2021-04-19;0;0;0;0;0;0;0;0;0;0;0;0;0;0;0;0;0;0
FR;4;2021-04-20;0;0;0;0;0;0;0;0;0;0;0;0;0;0;0;0;0;0
FR;4;2021-04-21;0;0;0;0;0;0;0;0;0;0;0;0;0;0;0;0;0;0
FR;4;2021-04-22;0;0;0;0;0;0;0;0;0;0;0;0;0;0;0;0;0;0
FR;4;2021-04-23;3660;0;0;0;3622;0;0;0;0;3660;0;0;0;3622;0;0;0;0
FR;4;2021-04-24;1570;1;0;0;1559;0;0;0;0;5230;1;0;0;5181;0;0;0;0
FR;4;2021-04-25;125;0;0;0;125;0;0;0;0;5355;1;0;0;5306;0;0;0;0
FR;4;2021-04-26;2872;1;0;0;2862;0;0;0;0;8227;2;0;0;8168;0;0;0;0
FR;4;2021-04-27;9520;3;0;0;9501;0;0;0;0;17747;5;0;0;17669;0;0;0;0
FR;4;2021-04-28;9910;6;0;0;9885;0;0;0;0;27657;11;0;0;27554;0;0;0;0
FR;4;2021-04-29;15995;8;0;0;15979;0;0;0;0;43652;19;0;0;43533;0;0;0;0
FR;4;2021-04-30;19234;10;0;0;19205;0;0;0;0;62886;29;0;0;62738;0;0;0;0
FR;4;2021-05-01;1994;6;0;0;1992;0;0;0;0;64880;35;0;0;64730;0;0;0;0
FR;4;2021-05-02;484;0;0;0;482;0;0;0;0;65364;35;0;0;65212;0;0;0;0
FR;4;2021-05-03;5066;2;0;0;5059;0;0;0;0;70430;37;0;0;70271;0;0;0;0
FR;4;2021-05-04;8411;11;0;0;8400;0;0;0;0;78841;48;0;0;78671;0;0;0;0
FR;4;2021-05-05;6193;7;0;0;6188;0;0;0;0;85034;55;0;0;84859;0;0;0;0
FR;4;2021-05-06;11388;11;0;0;11385;0;0;0;0;96422;66;0;0;96244;0;0;0;0
FR;4;2021-05-07;19127;9;0;0;19088;0;0;0;0;115549;75;0;0;115332;0;0;0;0
FR;4;2021-05-08;2376;7;0;0;2380;0;0;0;0;117925;82;0;0;117712;0;0;0;0
FR;4;2021-05-09;692;3;0;0;693;0;0;0;0;118617;85;0;0;118405;0;0;0;0
FR;4;2021-05-10;7246;5;1;0;7243;0;0;0;0;125863;90;1;0;125648;0;0;0;0
FR;4;2021-05-11;14325;13;0;0;14305;0;0;0;0;140188;103;1;0;139953;0;0;0;0
FR;4;2021-05-12;10176;15;0;0;10179;0;0;0;0;150364;118;1;0;150132;0;0;0;0
FR;4;2021-05-13;1584;4;0;0;1585;0;0;0;0;151948;122;1;0;151717;0;0;0;0
FR;4;2021-05-14;7768;7;0;0;7763;0;0;0;0;159716;129;1;0;159480;0;0;0;0
FR;4;2021-05-15;3721;8;1;0;3720;0;0;0;0;163437;137;2;0;163200;0;0;0;0
FR;4;2021-05-16;417;1;0;0;417;0;0;0;0;163854;138;2;0;163617;0;0;0;0
FR;4;2021-05-17;4485;8;0;0;4484;0;0;0;0;168339;146;2;0;168101;0;0;0;0
FR;4;2021-05-18;8769;10;0;0;8769;0;0;0;0;177108;156;2;0;176870;0;0;0;0
FR;4;2021-05-19;5699;7;0;0;5701;0;0;0;0;182807;163;2;0;182571;0;0;0;0
FR;4;2021-05-20;9487;8;0;0;9479;0;0;0;0;192294;171;2;0;192050;0;0;0;0
FR;4;2021-05-21;12816;30;0;0;12823;0;0;0;0;205110;201;2;0;204873;0;0;0;0
FR;4;2021-05-22;5063;15;0;0;5070;0;0;0;0;210173;216;2;0;209943;0;0;0;0
FR;4;2021-05-23;498;4;0;0;501;0;0;0;0;210671;220;2;0;210444;0;0;0;0
FR;4;2021-05-24;1062;7;0;0;1066;0;0;0;0;211733;227;2;0;211510;0;0;0;0
FR;4;2021-05-25;7637;16;0;0;7643;0;0;0;0;219370;243;2;0;219153;0;0;0;0
FR;4;2021-05-26;7731;16;0;0;7739;0;0;0;0;227101;259;2;0;226892;0;0;0;0
FR;4;2021-05-27;14340;35;0;0;14349;0;0;0;0;241441;294;2;0;241241;0;0;0;0
FR;4;2021-05-28;26593;82;1;0;26634;0;0;0;0;268034;376;3;0;267875;0;0;0;0
FR;4;2021-05-29;11385;19;0;0;11385;0;0;0;0;279419;395;3;0;279260;0;0;0;0
FR;4;2021-05-30;974;7;0;0;973;0;0;0;0;280393;402;3;0;280233;0;0;0;0
FR;4;2021-05-31;12701;21;0;0;12701;0;0;0;0;293094;423;3;0;292934;0;0;0;0
FR;4;2021-06-01;20283;48;1;0;20301;0;0;0;0;313377;471;4;0;313235;0;0;0;0
FR;4;2021-06-02;14526;33;0;0;14538;0;0;0;0;327903;504;4;0;327773;0;0;0;0
FR;4;2021-06-03;19436;24;1;0;19434;0;0;0;0;347339;528;5;0;347207;0;0;0;0
FR;4;2021-06-04;22520;48;0;0;22538;0;0;0;0;369859;576;5;0;369745;0;0;0;0
FR;4;2021-06-05;9717;32;0;0;9721;0;0;0;0;379576;608;5;0;379466;0;0;0;0
FR;4;2021-06-06;1041;2;0;0;1037;0;0;0;0;380617;610;5;0;380503;0;0;0;0
FR;4;2021-06-07;9230;19;0;0;9238;0;0;0;0;389847;629;5;0;389741;0;0;0;0
FR;4;2021-06-08;14614;32;0;0;14626;0;0;0;0;404461;661;5;0;404367;0;0;0;0
FR;4;2021-06-09;12218;25;0;0;12226;0;0;0;0;416679;686;5;0;416593;0;0;0;0
FR;4;2021-06-10;15408;30;0;0;15416;0;0;0;0;432087;716;5;0;432009;0;0;0;0
FR;4;2021-06-11;16990;57;0;0;17017;0;0;0;0;449077;773;5;0;449026;0;0;0;0
FR;4;2021-06-12;7453;27;0;0;7478;0;0;0;0;456530;800;5;0;456504;0;0;0;0
FR;4;2021-06-13;908;3;0;0;910;0;0;0;0;457438;803;5;0;457414;0;0;0;0
FR;4;2021-06-14;6652;27;0;0;6662;0;0;0;0;464090;830;5;0;464076;0;0;0;0
FR;4;2021-06-15;10896;39;0;0;10913;0;0;0;0;474986;869;5;0;474989;0;0;0;0
FR;4;2021-06-16;8909;17;0;0;8917;0;0;0;0;483895;886;5;0;483906;0;0;0;0
FR;4;2021-06-17;10903;36;0;0;10915;0;0;0;0;494798;922;5;0;494821;0;0;0;0
FR;4;2021-06-18;12427;45;0;0;12454;0;0;0;0;507225;967;5;0;507275;0;0;0;0
FR;4;2021-06-19;5568;25;0;0;5588;0;0;0;0;512793;992;5;0;512863;0;0;0;0
FR;4;2021-06-20;828;5;0;0;832;0;0;0;0;513621;997;5;0;513695;0;0;0;0
FR;4;2021-06-21;5106;21;0;0;5106;0;0;0;0;518727;1018;5;0;518801;0;0;0;0
FR;4;2021-06-22;7914;29;2;0;7932;0;0;0;0;526641;1047;7;0;526733;0;0;0;0
FR;4;2021-06-23;7106;43;2;0;7133;0;0;0;0;533747;1090;9;0;533866;0;0;0;0
FR;4;2021-06-24;8657;46;1;0;8689;0;0;0;0;542404;1136;10;0;542555;0;0;0;0
FR;4;2021-06-25;10179;41;2;0;10211;0;0;0;0;552583;1177;12;0;552766;0;0;0;0
FR;4;2021-06-26;4854;23;0;0;4871;0;0;0;0;557437;1200;12;0;557637;0;0;0;0
FR;4;2021-06-27;769;4;0;0;771;0;0;0;0;558206;1204;12;0;558408;0;0;0;0
FR;4;2021-06-28;4835;16;1;0;4844;0;0;0;0;563041;1220;13;0;563252;0;0;0;0
FR;4;2021-06-29;7110;28;2;0;7119;0;0;0;0;570151;1248;15;0;570371;0;0;0;0
FR;4;2021-06-30;6728;41;2;0;6756;0;0;0;0;576879;1289;17;0;577127;0;0;0;0
FR;4;2021-07-01;8213;42;0;0;8235;0;0;0;0;585092;1331;17;0;585362;0;0;0;0
FR;4;2021-07-02;9430;53;1;0;9470;0;0;0;0;594522;1384;18;0;594832;0;0;0;0
FR;4;2021-07-03;4848;20;0;0;4863;0;0;0;0;599370;1404;18;0;599695;0;0;0;0
FR;4;2021-07-04;690;5;0;0;692;0;0;0;0;600060;1409;18;0;600387;0;0;0;0
FR;4;2021-07-05;4774;19;2;0;4785;0;0;0;0;604834;1428;20;0;605172;0;0;0;0
FR;4;2021-07-06;7729;29;4;0;7742;0;0;0;0;612563;1457;24;0;612914;0;0;0;0
FR;4;2021-07-07;7088;34;2;0;7100;0;0;0;0;619651;1491;26;0;620014;0;0;0;0
FR;4;2021-07-08;9235;40;2;0;9258;0;0;0;0;628886;1531;28;0;629272;0;0;0;0
FR;4;2021-07-09;10282;34;1;0;10305;0;0;0;0;639168;1565;29;0;639577;0;0;0;0
FR;4;2021-07-10;4639;14;2;0;4646;0;0;0;0;643807;1579;31;0;644223;0;0;0;0
FR;4;2021-07-11;586;4;1;0;584;0;0;0;0;644393;1583;32;0;644807;0;0;0;0
FR;4;2021-07-12;5878;29;0;0;5900;0;0;0;0;650271;1612;32;0;650707;0;0;0;0
FR;4;2021-07-13;14231;29;0;0;14249;0;0;0;0;664502;1641;32;0;664956;0;0;0;0
FR;4;2021-07-14;2291;15;0;0;2291;0;0;0;0;666793;1656;32;0;667247;0;0;0;0
FR;4;2021-07-15;18239;37;0;0;18256;0;0;0;0;685032;1693;32;0;685503;0;0;0;0
FR;4;2021-07-16;22838;71;2;0;22888;0;0;0;0;707870;1764;34;0;708391;0;0;0;0
FR;4;2021-07-17;9741;20;0;0;9749;0;0;0;0;717611;1784;34;0;718140;0;0;0;0
FR;4;2021-07-18;1359;5;0;0;1362;0;0;0;0;718970;1789;34;0;719502;0;0;0;0
FR;4;2021-07-19;12991;30;1;0;13016;0;0;0;0;731961;1819;35;0;732518;0;0;0;0
FR;4;2021-07-20;17344;26;1;0;17360;0;0;0;0;749305;1845;36;0;749878;0;0;0;0
FR;4;2021-07-21;15623;33;0;0;15643;0;0;0;0;764928;1878;36;0;765521;0;0;0;0
FR;4;2021-07-22;18247;45;2;0;18271;0;0;0;0;783175;1923;38;0;783792;0;0;0;0
FR;4;2021-07-23;20420;57;7;0;20453;0;0;0;0;803595;1980;45;0;804245;0;0;0;0
FR;4;2021-07-24;9290;34;0;0;9305;0;0;0;0;812885;2014;45;0;813550;0;0;0;0
FR;4;2021-07-25;1356;11;0;0;1358;0;0;0;0;814241;2025;45;0;814908;0;0;0;0
FR;4;2021-07-26;11050;23;0;0;11057;0;0;0;0;825291;2048;45;0;825965;0;0;0;0
FR;4;2021-07-27;14688;35;3;0;14708;0;0;0;0;839979;2083;48;0;840673;0;0;0;0
FR;4;2021-07-28;12937;26;2;0;12954;0;0;0;0;852916;2109;50;0;853627;0;0;0;0
FR;4;2021-07-29;14097;54;4;0;14139;0;0;0;0;867013;2163;54;0;867766;0;0;0;0
FR;4;2021-07-30;15502;46;2;0;15532;0;0;0;0;882515;2209;56;0;883298;0;0;0;0
FR;4;2021-07-31;6845;14;2;0;6855;0;0;0;0;889360;2223;58;0;890153;0;0;0;0
FR;4;2021-08-01;906;1;0;0;901;0;0;0;0;890266;2224;58;0;891054;0;0;0;0
FR;4;2021-08-02;7918;31;0;0;7919;0;0;0;0;898184;2255;58;0;898973;0;0;0;0
FR;4;2021-08-03;10805;31;2;0;10801;0;0;0;0;908989;2286;60;0;909774;0;0;0;0
FR;4;2021-08-04;9749;29;0;0;9748;0;0;0;0;918738;2315;60;0;919522;0;0;0;0
FR;4;2021-08-05;9831;42;0;0;9837;0;0;0;0;928569;2357;60;0;929359;0;0;0;0
FR;4;2021-08-06;10201;30;3;0;10198;0;0;0;0;938770;2387;63;0;939557;0;0;0;0
FR;4;2021-08-07;5100;30;1;0;5116;0;0;0;0;943870;2417;64;0;944673;0;0;0;0
FR;4;2021-08-08;1225;13;0;0;1228;0;0;0;0;945095;2430;64;0;945901;0;0;0;0
FR;4;2021-08-09;6350;31;0;0;6343;0;0;0;0;951445;2461;64;0;952244;0;0;0;0
FR;4;2021-08-10;8753;18;0;0;8724;0;0;0;0;960198;2479;64;0;960968;0;0;0;0
FR;4;2021-08-11;7945;34;4;0;7934;0;0;0;0;968143;2513;68;0;968902;0;0;0;0
FR;4;2021-08-12;8585;31;1;0;8573;0;0;0;0;976728;2544;69;0;977475;0;0;0;0
FR;4;2021-08-13;7561;25;0;1;7548;0;0;0;0;984289;2569;69;1;985023;0;0;0;0
FR;4;2021-08-14;3793;20;0;0;3777;0;0;0;0;988082;2589;69;1;988800;0;0;0;0
FR;4;2021-08-15;771;5;0;0;773;0;0;0;0;988853;2594;69;1;989573;0;0;0;0
FR;4;2021-08-16;4009;17;0;0;4004;0;0;0;0;992862;2611;69;1;993577;0;0;0;0
FR;4;2021-08-17;5634;17;1;0;5624;0;0;0;0;998496;2628;70;1;999201;0;0;0;0
FR;4;2021-08-18;5172;37;0;0;5189;0;0;0;0;1003668;2665;70;1;1004390;0;0;0;0
FR;4;2021-08-19;5489;34;3;0;5503;0;0;0;0;1009157;2699;73;1;1009893;0;0;0;0
FR;4;2021-08-20;5225;25;1;0;5235;0;0;0;0;1014382;2724;74;1;1015128;0;0;0;0
FR;4;2021-08-21;2311;23;1;0;2328;0;0;0;0;1016693;2747;75;1;1017456;0;0;0;0
FR;4;2021-08-22;414;2;0;0;415;0;0;0;0;1017107;2749;75;1;1017871;0;0;0;0
FR;4;2021-08-23;2936;21;1;0;2944;0;0;0;0;1020043;2770;76;1;1020815;0;0;0;0
FR;4;2021-08-24;3758;16;0;0;3761;0;0;0;0;1023801;2786;76;1;1024576;0;0;0;0
FR;4;2021-08-25;3546;25;1;0;3562;0;0;0;0;1027347;2811;77;1;1028138;0;0;0;0
FR;4;2021-08-26;3716;21;2;0;3728;0;0;0;0;1031063;2832;79;1;1031866;0;0;0;0
FR;4;2021-08-27;3617;31;2;0;3635;0;0;0;0;1034680;2863;81;1;1035501;0;0;0;0
FR;4;2021-08-28;1732;10;1;0;1737;0;0;0;0;1036412;2873;82;1;1037238;0;0;0;0
FR;4;2021-08-29;385;7;1;0;389;0;0;0;0;1036797;2880;83;1;1037627;0;0;0;0
FR;4;2021-08-30;2010;25;0;0;2018;16;0;0;0;1038807;2905;83;1;1039645;16;0;0;0
FR;4;2021-08-31;2487;21;0;0;2494;14;0;0;0;1041294;2926;83;1;1042139;30;0;0;0
FR;4;2021-09-01;2085;38;1;0;2096;22;0;0;0;1043379;2964;84;1;1044235;52;0;0;0
FR;4;2021-09-02;2309;31;4;0;2322;18;0;0;0;1045688;2995;88;1;1046557;70;0;0;0
FR;4;2021-09-03;2366;44;5;0;2375;36;0;0;0;1048054;3039;93;1;1048932;106;0;0;0
FR;4;2021-09-04;1374;18;0;0;1381;9;0;0;0;1049428;3057;93;1;1050313;115;0;0;0
FR;4;2021-09-05;434;2;0;0;434;2;0;0;0;1049862;3059;93;1;1050747;117;0;0;0
FR;4;2021-09-06;1713;62;0;0;1750;24;0;0;0;1051575;3121;93;1;1052497;141;0;0;0
FR;4;2021-09-07;1681;18;0;0;1690;8;0;0;0;1053256;3139;93;1;1054187;149;0;0;0
FR;4;2021-09-08;1286;26;3;0;1291;19;0;0;0;1054542;3165;96;1;1055478;168;0;0;0
FR;4;2021-09-09;1394;23;2;0;1404;9;0;0;0;1055936;3188;98;1;1056882;177;0;0;0
FR;4;2021-09-10;1522;31;2;0;1526;23;1;0;0;1057458;3219;100;1;1058408;200;1;0;0
FR;4;2021-09-11;746;11;0;0;749;3;0;0;0;1058204;3230;100;1;1059157;203;1;0;0
FR;4;2021-09-12;169;5;0;0;170;4;0;0;0;1058373;3235;100;1;1059327;207;1;0;0
FR;4;2021-09-13;1325;22;1;0;1328;16;0;0;0;1059698;3257;101;1;1060655;223;1;0;0
FR;4;2021-09-14;1507;9;2;0;1509;7;0;0;0;1061205;3266;103;1;1062164;230;1;0;0
FR;4;2021-09-15;1095;28;1;0;1098;25;0;0;0;1062300;3294;104;1;1063262;255;1;0;0
FR;4;2021-09-16;1107;22;2;0;1111;15;0;0;0;1063407;3316;106;1;1064373;270;1;0;0
FR;4;2021-09-17;898;21;1;0;905;12;0;0;0;1064305;3337;107;1;1065278;282;1;0;0
FR;4;2021-09-18;464;7;1;0;465;6;0;0;0;1064769;3344;108;1;1065743;288;1;0;0
FR;4;2021-09-19;182;3;0;0;183;2;0;0;0;1064951;3347;108;1;1065926;290;1;0;0
FR;4;2021-09-20;452;19;0;0;458;13;0;0;0;1065403;3366;108;1;1066384;303;1;0;0
FR;4;2021-09-21;434;11;0;0;436;7;0;0;0;1065837;3377;108;1;1066820;310;1;0;0
FR;4;2021-09-22;377;19;4;0;384;15;0;0;0;1066214;3396;112;1;1067204;325;1;0;0
FR;4;2021-09-23;488;15;1;0;489;14;0;0;0;1066702;3411;113;1;1067693;339;1;0;0
FR;4;2021-09-24;416;13;2;0;420;9;0;0;0;1067118;3424;115;1;1068113;348;1;0;0
FR;4;2021-09-25;281;10;1;0;282;5;0;0;0;1067399;3434;116;1;1068395;353;1;0;0
FR;4;2021-09-26;75;2;0;0;76;1;0;0;0;1067474;3436;116;1;1068471;354;1;0;0
FR;4;2021-09-27;270;10;1;0;271;8;0;0;0;1067744;3446;117;1;1068742;362;1;0;0
FR;4;2021-09-28;319;8;0;0;319;8;0;0;0;1068063;3454;117;1;1069061;370;1;0;0
FR;4;2021-09-29;378;19;1;0;380;13;0;0;0;1068441;3473;118;1;1069441;383;1;0;0
FR;4;2021-09-30;367;41;0;0;381;22;0;0;0;1068808;3514;118;1;1069822;405;1;0;0
FR;4;2021-10-01;411;56;0;0;413;50;0;0;0;1069219;3570;118;1;1070235;455;1;0;0
FR;4;2021-10-02;196;23;1;0;198;14;0;0;0;1069415;3593;119;1;1070433;469;1;0;0
FR;4;2021-10-03;86;1;0;0;87;0;0;0;0;1069501;3594;119;1;1070520;469;1;0;0
FR;4;2021-10-04;363;20;1;0;367;16;0;0;0;1069864;3614;120;1;1070887;485;1;0;0
FR;4;2021-10-05;286;19;2;0;288;15;0;0;0;1070150;3633;122;1;1071175;500;1;0;0
FR;4;2021-10-06;249;23;1;0;254;18;0;0;0;1070399;3656;123;1;1071429;518;1;0;0
FR;4;2021-10-07;268;25;2;0;273;13;0;0;0;1070667;3681;125;1;1071702;531;1;0;0
FR;4;2021-10-08;357;24;2;0;360;20;0;0;0;1071024;3705;127;1;1072062;551;1;0;0
FR;4;2021-10-09;194;6;6;0;195;7;0;0;0;1071218;3711;133;1;1072257;558;1;0;0
FR;4;2021-10-10;97;3;2;0;99;3;0;0;0;1071315;3714;135;1;1072356;561;1;0;0
FR;4;2021-10-11;252;15;1;0;253;14;0;0;0;1071567;3729;136;1;1072609;575;1;0;0
FR;4;2021-10-12;211;14;0;0;211;13;0;0;0;1071778;3743;136;1;1072820;588;1;0;0
FR;4;2021-10-13;221;28;1;0;224;25;0;0;0;1071999;3771;137;1;1073044;613;1;0;0
FR;4;2021-10-14;316;21;4;0;320;15;0;0;0;1072315;3792;141;1;1073364;628;1;0;0
FR;4;2021-10-15;324;24;5;0;325;25;0;0;0;1072639;3816;146;1;1073689;653;1;0;0
FR;4;2021-10-16;167;6;2;0;167;6;0;0;0;1072806;3822;148;1;1073856;659;1;0;0
FR;4;2021-10-17;70;2;0;0;71;1;0;0;0;1072876;3824;148;1;1073927;660;1;0;0
FR;4;2021-10-18;282;16;1;0;284;13;0;0;0;1073158;3840;149;1;1074211;673;1;0;0
FR;4;2021-10-19;215;15;2;0;215;16;0;0;0;1073373;3855;151;1;1074426;689;1;0;0
FR;4;2021-10-20;232;27;4;0;235;15;0;0;0;1073605;3882;155;1;1074661;704;1;0;0
FR;4;2021-10-21;244;18;0;0;246;14;0;0;0;1073849;3900;155;1;1074907;718;1;0;0
FR;4;2021-10-22;217;25;2;0;219;20;1;0;0;1074066;3925;157;1;1075126;738;2;0;0
FR;4;2021-10-23;117;16;1;0;118;15;0;0;0;1074183;3941;158;1;1075244;753;2;0;0
FR;4;2021-10-24;39;4;0;0;39;1;0;0;0;1074222;3945;158;1;1075283;754;2;0;0
FR;4;2021-10-25;218;7;2;0;218;9;0;0;0;1074440;3952;160;1;1075501;763;2;0;0
FR;4;2021-10-26;200;14;0;0;202;12;0;0;0;1074640;3966;160;1;1075703;775;2;0;0
FR;4;2021-10-27;196;12;4;0;196;12;2;0;0;1074836;3978;164;1;1075899;787;4;0;0
FR;4;2021-10-28;187;18;5;0;187;22;0;0;0;1075023;3996;169;1;1076086;809;4;0;0
FR;4;2021-10-29;227;18;2;0;228;16;0;0;0;1075250;4014;171;1;1076314;825;4;0;0
FR;4;2021-10-30;104;2;1;0;105;2;0;0;0;1075354;4016;172;1;1076419;827;4;0;0
FR;4;2021-10-31;59;3;2;0;60;3;0;0;0;1075413;4019;174;1;1076479;830;4;0;0
FR;4;2021-11-01;76;27;4;0;77;24;3;0;0;1075489;4046;178;1;1076556;854;7;0;0
FR;4;2021-11-02;164;21;2;0;165;21;0;0;0;1075653;4067;180;1;1076721;875;7;0;0
FR;4;2021-11-03;133;21;8;1;134;19;6;0;0;1075786;4088;188;2;1076855;894;13;0;0
FR;4;2021-11-04;187;15;1;0;188;12;1;0;0;1075973;4103;189;2;1077043;906;14;0;0
FR;4;2021-11-05;130;17;1;0;131;16;0;0;0;1076103;4120;190;2;1077174;922;14;0;0
FR;4;2021-11-06;82;6;1;0;82;6;0;0;0;1076185;4126;191;2;1077256;928;14;0;0
FR;4;2021-11-07;83;2;2;0;83;4;0;0;0;1076268;4128;193;2;1077339;932;14;0;0
FR;4;2021-11-08;162;20;1;0;163;20;0;0;0;1076430;4148;194;2;1077502;952;14;0;0
FR;4;2021-11-09;159;14;3;0;159;16;0;0;0;1076589;4162;197;2;1077661;968;14;0;0
FR;4;2021-11-10;121;30;7;0;121;33;2;0;0;1076710;4192;204;2;1077782;1001;16;0;0
FR;4;2021-11-11;100;10;1;0;100;11;0;0;0;1076810;4202;205;2;1077882;1012;16;0;0
FR;4;2021-11-12;107;19;2;0;108;18;1;0;0;1076917;4221;207;2;1077990;1030;17;0;0
FR;4;2021-11-13;74;15;2;0;75;14;0;0;0;1076991;4236;209;2;1078065;1044;17;0;0
FR;4;2021-11-14;55;5;4;0;56;8;0;0;0;1077046;4241;213;2;1078121;1052;17;0;0
FR;4;2021-11-15;99;26;2;0;101;24;2;0;0;1077145;4267;215;2;1078222;1076;19;0;0
FR;4;2021-11-16;112;14;3;0;112;17;0;0;0;1077257;4281;218;2;1078334;1093;19;0;0
FR;4;2021-11-17;122;30;4;0;122;30;1;0;0;1077379;4311;222;2;1078456;1123;20;0;0
FR;4;2021-11-18;103;34;14;0;105;43;1;0;0;1077482;4345;236;2;1078561;1166;21;0;0
FR;4;2021-11-19;89;21;3;0;89;22;1;0;0;1077571;4366;239;2;1078650;1188;22;0;0
FR;4;2021-11-20;78;8;1;0;78;8;0;0;0;1077649;4374;240;2;1078728;1196;22;0;0
FR;4;2021-11-21;69;7;2;0;69;9;0;0;0;1077718;4381;242;2;1078797;1205;22;0;0
FR;4;2021-11-22;109;28;9;0;110;33;2;0;0;1077827;4409;251;2;1078907;1238;24;0;0
FR;4;2021-11-23;78;31;6;0;79;29;2;0;0;1077905;4440;257;2;1078986;1267;26;0;0
FR;4;2021-11-24;91;23;12;0;93;25;4;0;0;1077996;4463;269;2;1079079;1292;30;0;0
FR;4;2021-11-25;96;28;19;0;97;35;5;0;0;1078092;4491;288;2;1079176;1327;35;0;0
FR;4;2021-11-26;86;43;12;0;90;45;3;0;0;1078178;4534;300;2;1079266;1372;38;0;0
FR;4;2021-11-27;42;22;15;0;42;25;10;0;0;1078220;4556;315;2;1079308;1397;48;0;0
FR;4;2021-11-28;53;8;0;0;54;7;0;0;0;1078273;4564;315;2;1079362;1404;48;0;0
FR;4;2021-11-29;90;31;16;0;90;40;2;0;0;1078363;4595;331;2;1079452;1444;50;0;0
FR;4;2021-11-30;77;37;13;0;77;42;2;0;0;1078440;4632;344;2;1079529;1486;52;0;0
FR;4;2021-12-01;88;60;19;0;88;67;11;0;0;1078528;4692;363;2;1079617;1553;63;0;0
FR;4;2021-12-02;114;48;21;0;118;56;3;0;0;1078642;4740;384;2;1079735;1609;66;0;0
FR;4;2021-12-03;105;36;15;0;105;44;4;0;0;1078747;4776;399;2;1079840;1653;70;0;0
FR;4;2021-12-04;73;31;18;0;75;44;1;0;0;1078820;4807;417;2;1079915;1697;71;0;0
FR;4;2021-12-05;64;7;1;0;65;7;0;0;0;1078884;4814;418;2;1079980;1704;71;0;0
FR;4;2021-12-06;112;46;20;0;112;60;3;0;0;1078996;4860;438;2;1080092;1764;74;0;0
FR;4;2021-12-07;85;37;9;0;88;36;3;0;0;1079081;4897;447;2;1080180;1800;77;0;0
FR;4;2021-12-08;74;31;17;0;76;38;7;0;0;1079155;4928;464;2;1080256;1838;84;0;0
FR;4;2021-12-09;65;32;10;1;65;39;3;0;0;1079220;4960;474;3;1080321;1877;87;0;0
FR;4;2021-12-10;64;64;20;0;65;68;10;0;0;1079284;5024;494;3;1080386;1945;97;0;0
FR;4;2021-12-11;30;34;7;0;30;34;3;0;0;1079314;5058;501;3;1080416;1979;100;0;0
FR;4;2021-12-12;30;12;3;0;30;15;0;0;0;1079344;5070;504;3;1080446;1994;100;0;0
FR;4;2021-12-13;79;40;14;0;81;49;2;0;0;1079423;5110;518;3;1080527;2043;102;0;0
FR;4;2021-12-14;61;43;18;0;62;55;2;0;0;1079484;5153;536;3;1080589;2098;104;0;0
FR;4;2021-12-15;68;65;29;0;68;86;6;0;0;1079552;5218;565;3;1080657;2184;110;0;0
FR;4;2021-12-16;35;45;18;0;36;58;3;0;0;1079587;5263;583;3;1080693;2242;113;0;0
FR;4;2021-12-17;39;55;11;0;39;59;6;0;0;1079626;5318;594;3;1080732;2301;119;0;0
FR;4;2021-12-18;49;31;3;0;50;33;0;0;0;1079675;5349;597;3;1080782;2334;119;0;0
FR;4;2021-12-19;16;4;1;0;17;4;0;0;0;1079691;5353;598;3;1080799;2338;119;0;0
FR;4;2021-12-20;45;38;10;0;46;41;6;0;0;1079736;5391;608;3;1080845;2379;125;0;0
FR;4;2021-12-21;32;32;17;0;34;39;5;0;0;1079768;5423;625;3;1080879;2418;130;0;0
FR;4;2021-12-22;37;39;10;0;38;39;7;0;0;1079805;5462;635;3;1080917;2457;137;0;0
FR;4;2021-12-23;41;45;8;0;41;49;2;0;0;1079846;5507;643;3;1080958;2506;139;0;0
FR;4;2021-12-24;24;28;10;0;26;31;4;0;0;1079870;5535;653;3;1080984;2537;143;0;0
FR;4;2021-12-25;7;3;3;0;7;4;2;0;0;1079877;5538;656;3;1080991;2541;145;0;0
FR;4;2021-12-26;5;3;1;0;6;2;0;0;0;1079882;5541;657;3;1080997;2543;145;0;0
FR;4;2021-12-27;31;41;9;0;32;43;4;0;0;1079913;5582;666;3;1081029;2586;149;0;0
FR;4;2021-12-28;27;28;7;0;29;29;4;0;0;1079940;5610;673;3;1081058;2615;153;0;0
FR;4;2021-12-29;56;25;11;0;57;30;5;0;0;1079996;5635;684;3;1081115;2645;158;0;0
FR;4;2021-12-30;48;19;12;0;51;22;5;0;0;1080044;5654;696;3;1081166;2667;163;0;0
FR;4;2021-12-31;20;6;8;0;21;11;2;0;0;1080064;5660;704;3;1081187;2678;165;0;0
FR;4;2022-01-01;6;4;5;0;6;7;1;0;0;1080070;5664;709;3;1081193;2685;166;0;0
FR;4;2022-01-02;43;5;16;0;43;20;1;0;0;1080113;5669;725;3;1081236;2705;167;0;0
FR;4;2022-01-03;45;55;25;1;47;65;10;0;0;1080158;5724;750;4;1081283;2770;177;0;0
FR;4;2022-01-04;44;28;16;0;45;33;8;0;0;1080202;5752;766;4;1081328;2803;185;0;0
FR;4;2022-01-05;52;24;19;0;58;27;9;0;0;1080254;5776;785;4;1081386;2830;194;0;0
FR;4;2022-01-06;52;24;24;0;52;40;8;0;0;1080306;5800;809;4;1081438;2870;202;0;0
FR;4;2022-01-07;31;20;16;0;33;21;12;0;0;1080337;5820;825;4;1081471;2891;214;0;0
FR;4;2022-01-08;13;6;10;0;14;12;3;0;0;1080350;5826;835;4;1081485;2903;217;0;0
FR;4;2022-01-09;20;2;3;0;21;4;0;0;0;1080370;5828;838;4;1081506;2907;217;0;0
FR;4;2022-01-10;52;22;19;0;52;36;4;0;0;1080422;5850;857;4;1081558;2943;221;0;0
FR;4;2022-01-11;30;31;12;0;34;35;1;0;0;1080452;5881;869;4;1081592;2978;222;0;0
FR;4;2022-01-12;35;21;13;0;37;23;9;0;0;1080487;5902;882;4;1081629;3001;231;0;0
FR;4;2022-01-13;55;20;27;0;56;38;8;0;0;1080542;5922;909;4;1081685;3039;239;0;0
FR;4;2022-01-14;25;32;13;0;26;35;7;0;0;1080567;5954;922;4;1081711;3074;246;0;0
FR;4;2022-01-15;15;6;8;0;16;12;1;0;0;1080582;5960;930;4;1081727;3086;247;0;0
FR;4;2022-01-16;13;9;14;0;13;22;1;0;0;1080595;5969;944;4;1081740;3108;248;0;0
FR;4;2022-01-17;27;20;15;0;27;29;5;0;0;1080622;5989;959;4;1081767;3137;253;0;0
FR;4;2022-01-18;17;14;10;0;17;21;3;0;0;1080639;6003;969;4;1081784;3158;256;0;0
FR;4;2022-01-19;33;23;13;0;33;34;1;0;0;1080672;6026;982;4;1081817;3192;257;0;0
FR;4;2022-01-20;34;34;13;0;36;39;5;0;0;1080706;6060;995;4;1081853;3231;262;0;0
FR;4;2022-01-21;13;12;20;1;13;17;15;0;1;1080719;6072;1015;5;1081866;3248;277;0;1
FR;4;2022-01-22;30;13;3;0;30;14;2;0;0;1080749;6085;1018;5;1081896;3262;279;0;1
FR;4;2022-01-23;8;2;7;0;8;9;0;0;0;1080757;6087;1025;5;1081904;3271;279;0;1
FR;4;2022-01-24;14;21;9;0;15;28;1;0;0;1080771;6108;1034;5;1081919;3299;280;0;1
FR;4;2022-01-25;22;32;10;1;23;38;3;0;0;1080793;6140;1044;6;1081942;3337;283;0;1
FR;4;2022-01-26;20;17;9;1;21;21;4;0;0;1080813;6157;1053;7;1081963;3358;287;0;1
FR;4;2022-01-27;22;19;8;0;23;25;1;0;0;1080835;6176;1061;7;1081986;3383;288;0;1
FR;4;2022-01-28;14;23;8;0;15;26;4;0;0;1080849;6199;1069;7;1082001;3409;292;0;1
FR;4;2022-01-29;17;6;5;0;17;10;0;0;0;1080866;6205;1074;7;1082018;3419;292;0;1
FR;4;2022-01-30;19;3;2;0;19;5;0;0;0;1080885;6208;1076;7;1082037;3424;292;0;1
FR;4;2022-01-31;22;28;8;0;22;32;2;0;0;1080907;6236;1084;7;1082059;3456;294;0;1
FR;4;2022-02-01;13;24;13;0;15;25;9;0;0;1080920;6260;1097;7;1082074;3481;303;0;1
FR;4;2022-02-02;19;12;14;2;20;20;7;0;0;1080939;6272;1111;9;1082094;3501;310;0;1
FR;4;2022-02-03;16;24;11;0;18;29;4;0;0;1080955;6296;1122;9;1082112;3530;314;0;1
FR;4;2022-02-04;7;5;7;0;7;9;3;0;0;1080962;6301;1129;9;1082119;3539;317;0;1
FR;4;2022-02-05;7;14;1;0;8;13;1;0;0;1080969;6315;1130;9;1082127;3552;318;0;1
FR;4;2022-02-06;8;4;4;0;8;7;1;0;0;1080977;6319;1134;9;1082135;3559;319;0;1
FR;4;2022-02-07;15;20;8;0;17;20;6;0;0;1080992;6339;1142;9;1082152;3579;325;0;1
FR;4;2022-02-08;20;21;13;1;22;22;10;0;0;1081012;6360;1155;10;1082174;3601;335;0;1
FR;4;2022-02-09;18;12;9;0;19;17;2;0;0;1081030;6372;1164;10;1082193;3618;337;0;1
FR;4;2022-02-10;23;23;10;0;24;25;7;0;0;1081053;6395;1174;10;1082217;3643;344;0;1
FR;4;2022-02-11;18;15;8;0;18;20;3;0;0;1081071;6410;1182;10;1082235;3663;347;0;1
FR;4;2022-02-12;24;6;3;0;26;7;0;0;0;1081095;6416;1185;10;1082261;3670;347;0;1
FR;4;2022-02-13;7;3;3;0;7;6;0;0;0;1081102;6419;1188;10;1082268;3676;347;0;1
FR;4;2022-02-14;22;10;10;0;22;16;4;0;0;1081124;6429;1198;10;1082290;3692;351;0;1
FR;4;2022-02-15;18;7;2;0;18;8;0;0;0;1081142;6436;1200;10;1082308;3700;351;0;1
FR;4;2022-02-16;17;11;11;0;17;18;3;0;0;1081159;6447;1211;10;1082325;3718;354;0;1
FR;4;2022-02-17;11;4;5;0;11;7;2;0;0;1081170;6451;1216;10;1082336;3725;356;0;1
FR;4;2022-02-18;16;15;8;0;16;21;2;0;0;1081186;6466;1224;10;1082352;3746;358;0;1
FR;4;2022-02-19;16;4;2;0;17;5;0;0;0;1081202;6470;1226;10;1082369;3751;358;0;1
FR;4;2022-02-20;9;4;0;0;10;3;0;0;0;1081211;6474;1226;10;1082379;3754;358;0;1
FR;4;2022-02-21;24;5;4;0;24;7;2;0;0;1081235;6479;1230;10;1082403;3761;360;0;1
FR;4;2022-02-22;9;5;10;0;10;10;4;0;0;1081244;6484;1240;10;1082413;3771;364;0;1
FR;4;2022-02-23;17;6;10;0;17;10;5;0;0;1081261;6490;1250;10;1082430;3781;369;0;1
FR;4;2022-02-24;11;5;4;0;11;7;2;0;0;1081272;6495;1254;10;1082441;3788;371;0;1
FR;4;2022-02-25;17;5;7;0;17;6;6;0;0;1081289;6500;1261;10;1082458;3794;377;0;1
FR;4;2022-02-26;27;3;1;0;27;4;0;0;0;1081316;6503;1262;10;1082485;3798;377;0;1
FR;4;2022-02-27;9;0;1;0;9;1;0;0;0;1081325;6503;1263;10;1082494;3799;377;0;1
FR;4;2022-02-28;18;3;2;0;19;3;1;0;0;1081343;6506;1265;10;1082513;3802;378;0;1
FR;4;2022-03-01;8;4;7;0;8;5;5;0;0;1081351;6510;1272;10;1082521;3807;383;0;1
FR;4;2022-03-02;16;3;6;0;17;7;1;0;0;1081367;6513;1278;10;1082538;3814;384;0;1
FR;4;2022-03-03;19;5;3;0;19;6;1;0;0;1081386;6518;1281;10;1082557;3820;385;0;1
FR;4;2022-03-04;7;8;2;1;7;6;3;0;0;1081393;6526;1283;11;1082564;3826;388;0;1
FR;4;2022-03-05;9;2;0;0;9;2;0;0;0;1081402;6528;1283;11;1082573;3828;388;0;1
FR;4;2022-03-06;4;0;1;0;4;1;0;0;0;1081406;6528;1284;11;1082577;3829;388;0;1
FR;4;2022-03-07;11;6;2;0;11;5;2;0;0;1081417;6534;1286;11;1082588;3834;390;0;1
FR;4;2022-03-08;15;3;0;0;15;3;0;0;0;1081432;6537;1286;11;1082603;3837;390;0;1
FR;4;2022-03-09;9;7;2;0;11;7;0;0;0;1081441;6544;1288;11;1082614;3844;390;0;1
FR;4;2022-03-10;6;1;6;0;6;3;4;0;0;1081447;6545;1294;11;1082620;3847;394;0;1
FR;4;2022-03-11;10;4;5;0;12;2;5;0;0;1081457;6549;1299;11;1082632;3849;399;0;1
FR;4;2022-03-12;10;2;0;0;11;0;0;0;0;1081467;6551;1299;11;1082643;3849;399;0;1
FR;4;2022-03-13;6;2;1;0;7;2;0;0;0;1081473;6553;1300;11;1082650;3851;399;0;1
FR;4;2022-03-14;4;3;1;0;5;3;0;0;0;1081477;6556;1301;11;1082655;3854;399;0;1
FR;4;2022-03-15;8;8;3;0;10;7;2;0;0;1081485;6564;1304;11;1082665;3861;401;0;1
FR;4;2022-03-16;7;3;4;0;7;4;3;0;0;1081492;6567;1308;11;1082672;3865;404;0;1
FR;4;2022-03-17;4;4;1;0;4;5;0;0;0;1081496;6571;1309;11;1082676;3870;404;0;1
FR;4;2022-03-18;9;3;0;0;9;3;0;0;0;1081505;6574;1309;11;1082685;3873;404;0;1
FR;4;2022-03-19;1;1;1;0;1;2;0;0;0;1081506;6575;1310;11;1082686;3875;404;0;1
FR;4;2022-03-20;3;1;2;0;3;2;1;0;0;1081509;6576;1312;11;1082689;3877;405;0;1
FR;4;2022-03-21;6;4;1;0;6;5;0;0;0;1081515;6580;1313;11;1082695;3882;405;0;1
FR;4;2022-03-22;4;2;2;0;4;3;1;0;0;1081519;6582;1315;11;1082699;3885;406;0;1
FR;4;2022-03-23;6;4;5;0;6;8;1;0;0;1081525;6586;1320;11;1082705;3893;407;0;1
FR;4;2022-03-24;2;5;3;1;2;7;2;0;0;1081527;6591;1323;12;1082707;3900;409;0;1
FR;4;2022-03-25;4;1;2;0;4;1;2;0;0;1081531;6592;1325;12;1082711;3901;411;0;1
FR;4;2022-03-26;5;5;0;0;5;5;0;0;0;1081536;6597;1325;12;1082716;3906;411;0;1
FR;4;2022-03-27;1;0;3;0;1;2;1;0;0;1081537;6597;1328;12;1082717;3908;412;0;1
FR;4;2022-03-28;6;1;3;0;7;3;0;0;0;1081543;6598;1331;12;1082724;3911;412;0;1
FR;4;2022-03-29;9;0;4;1;9;0;2;0;0;1081552;6598;1335;13;1082733;3911;414;0;1
FR;4;2022-03-30;3;4;0;0;3;4;0;0;0;1081555;6602;1335;13;1082736;3915;414;0;1
FR;4;2022-03-31;5;3;2;1;5;4;1;0;0;1081560;6605;1337;14;1082741;3919;415;0;1
FR;4;2022-04-01;15;3;5;0;15;6;2;0;0;1081575;6608;1342;14;1082756;3925;417;0;1
FR;4;2022-04-02;4;4;0;0;5;3;0;0;0;1081579;6612;1342;14;1082761;3928;417;0;1
FR;4;2022-04-03;0;1;0;0;0;1;0;0;0;1081579;6613;1342;14;1082761;3929;417;0;1
FR;4;2022-04-04;4;4;4;0;5;5;2;0;0;1081583;6617;1346;14;1082766;3934;419;0;1
FR;4;2022-04-05;4;3;3;1;5;3;3;0;0;1081587;6620;1349;15;1082771;3937;422;0;1
FR;4;2022-04-06;6;1;0;0;6;1;0;0;0;1081593;6621;1349;15;1082777;3938;422;0;1
FR;4;2022-04-07;3;2;3;2;3;5;0;0;0;1081596;6623;1352;17;1082780;3943;422;0;1
FR;4;2022-04-08;4;2;1;0;4;2;1;0;0;1081600;6625;1353;17;1082784;3945;423;0;1
FR;4;2022-04-09;0;0;1;1;0;1;1;0;0;1081600;6625;1354;18;1082784;3946;424;0;1
FR;4;2022-04-10;2;2;0;0;2;2;0;0;0;1081602;6627;1354;18;1082786;3948;424;0;1
FR;4;2022-04-11;4;3;4;0;4;5;2;0;0;1081606;6630;1358;18;1082790;3953;426;0;1
FR;4;2022-04-12;6;1;4;0;6;2;3;0;0;1081612;6631;1362;18;1082796;3955;429;0;1
FR;4;2022-04-13;5;8;2;1;5;10;1;0;0;1081617;6639;1364;19;1082801;3965;430;0;1
FR;4;2022-04-14;6;4;2;1;7;5;1;0;0;1081623;6643;1366;20;1082808;3970;431;0;1
FR;4;2022-04-15;7;9;1;0;7;10;0;0;0;1081630;6652;1367;20;1082815;3980;431;0;1
FR;4;2022-04-16;1;0;0;0;1;0;0;0;0;1081631;6652;1367;20;1082816;3980;431;0;1
FR;4;2022-04-17;3;2;1;0;3;3;0;0;0;1081634;6654;1368;20;1082819;3983;431;0;1
FR;4;2022-04-18;2;2;6;0;2;4;4;0;0;1081636;6656;1374;20;1082821;3987;435;0;1
FR;4;2022-04-19;3;1;1;0;3;1;1;0;0;1081639;6657;1375;20;1082824;3988;436;0;1
FR;4;2022-04-20;15;4;1;1;16;3;1;0;0;1081654;6661;1376;21;1082840;3991;437;0;1
FR;4;2022-04-21;7;1;0;0;7;1;0;0;0;1081661;6662;1376;21;1082847;3992;437;0;1
FR;4;2022-04-22;1;1;2;0;1;2;1;0;0;1081662;6663;1378;21;1082848;3994;438;0;1
FR;4;2022-04-23;2;3;3;0;2;6;0;0;0;1081664;6666;1381;21;1082850;4000;438;0;1
FR;4;2022-04-24;0;3;0;0;0;3;0;0;0;1081664;6669;1381;21;1082850;4003;438;0;1
FR;4;2022-04-25;3;5;3;0;3;8;0;0;0;1081667;6674;1384;21;1082853;4011;438;0;1
FR;4;2022-04-26;5;6;1;0;5;6;1;0;0;1081672;6680;1385;21;1082858;4017;439;0;1
FR;4;2022-04-27;4;1;1;2;5;1;2;0;0;1081676;6681;1386;23;1082863;4018;441;0;1
FR;4;2022-04-28;3;5;5;1;3;7;4;0;0;1081679;6686;1391;24;1082866;4025;445;0;1
FR;4;2022-04-29;6;3;0;0;6;2;0;0;0;1081685;6689;1391;24;1082872;4027;445;0;1
FR;4;2022-04-30;2;1;1;0;2;2;0;0;0;1081687;6690;1392;24;1082874;4029;445;0;1
FR;4;2022-05-01;0;0;0;0;0;0;0;0;0;1081687;6690;1392;24;1082874;4029;445;0;1
FR;4;2022-05-02;5;16;6;0;5;19;3;0;0;1081692;6706;1398;24;1082879;4048;448;0;1
FR;4;2022-05-03;2;6;2;0;2;7;1;0;0;1081694;6712;1400;24;1082881;4055;449;0;1
FR;4;2022-05-04;7;4;1;0;7;4;1;0;0;1081701;6716;1401;24;1082888;4059;450;0;1
FR;4;2022-05-05;5;2;1;1;6;1;2;0;0;1081706;6718;1402;25;1082894;4060;452;0;1
FR;4;2022-05-06;5;3;1;0;6;2;1;0;0;1081711;6721;1403;25;1082900;4062;453;0;1
FR;4;2022-05-07;0;1;0;0;0;1;0;0;0;1081711;6722;1403;25;1082900;4063;453;0;1
FR;4;2022-05-08;1;1;0;0;1;1;0;0;0;1081712;6723;1403;25;1082901;4064;453;0;1
FR;4;2022-05-09;5;1;0;1;5;1;1;0;0;1081717;6724;1403;26;1082906;4065;454;0;1
FR;4;2022-05-10;3;1;0;2;3;3;0;0;0;1081720;6725;1403;28;1082909;4068;454;0;1
FR;4;2022-05-11;4;2;4;0;4;5;1;0;0;1081724;6727;1407;28;1082913;4073;455;0;1
FR;4;2022-05-12;7;4;2;1;7;5;1;0;1;1081731;6731;1409;29;1082920;4078;456;0;2
FR;4;2022-05-13;1;0;2;0;1;2;0;0;0;1081732;6731;1411;29;1082921;4080;456;0;2
FR;4;2022-05-14;0;2;0;0;0;2;0;0;0;1081732;6733;1411;29;1082921;4082;456;0;2
FR;4;2022-05-15;2;2;0;0;4;0;0;0;0;1081734;6735;1411;29;1082925;4082;456;0;2
FR;4;2022-05-16;5;2;2;0;5;2;2;0;0;1081739;6737;1413;29;1082930;4084;458;0;2
FR;4;2022-05-17;5;1;2;0;5;3;0;0;0;1081744;6738;1415;29;1082935;4087;458;0;2
FR;4;2022-05-18;3;6;0;0;3;6;0;0;0;1081747;6744;1415;29;1082938;4093;458;0;2
FR;4;2022-05-19;2;3;3;0;2;5;1;0;0;1081749;6747;1418;29;1082940;4098;459;0;2
FR;4;2022-05-20;5;2;3;0;5;2;3;0;0;1081754;6749;1421;29;1082945;4100;462;0;2
FR;4;2022-05-21;2;0;1;0;2;1;0;0;0;1081756;6749;1422;29;1082947;4101;462;0;2
FR;4;2022-05-22;0;0;1;0;0;1;0;0;0;1081756;6749;1423;29;1082947;4102;462;0;2
FR;4;2022-05-23;0;0;2;0;0;0;2;0;0;1081756;6749;1425;29;1082947;4102;464;0;2
FR;4;2022-05-24;2;4;1;0;2;5;0;0;0;1081758;6753;1426;29;1082949;4107;464;0;2
FR;4;2022-05-25;1;4;1;0;3;3;0;0;0;1081759;6757;1427;29;1082952;4110;464;0;2
FR;4;2022-05-26;5;0;1;0;5;1;0;0;0;1081764;6757;1428;29;1082957;4111;464;0;2
FR;4;2022-05-27;0;2;1;1;0;3;1;0;0;1081764;6759;1429;30;1082957;4114;465;0;2
FR;4;2022-05-28;1;0;0;0;1;0;0;0;0;1081765;6759;1429;30;1082958;4114;465;0;2
FR;4;2022-05-29;1;0;1;0;1;1;0;0;0;1081766;6759;1430;30;1082959;4115;465;0;2
FR;4;2022-05-30;3;4;2;0;3;5;1;0;0;1081769;6763;1432;30;1082962;4120;466;0;2
FR;4;2022-05-31;2;1;0;0;2;1;0;0;0;1081771;6764;1432;30;1082964;4121;466;0;2
FR;4;2022-06-01;3;11;7;0;3;15;3;0;0;1081774;6775;1439;30;1082967;4136;469;0;2
FR;4;2022-06-02;6;7;3;0;6;7;2;0;0;1081780;6782;1442;30;1082973;4143;471;0;2
FR;4;2022-06-03;2;6;4;1;2;7;4;0;0;1081782;6788;1446;31;1082975;4150;475;0;2
FR;4;2022-06-04;0;1;1;1;0;1;2;0;0;1081782;6789;1447;32;1082975;4151;477;0;2
FR;4;2022-06-05;1;0;0;0;1;0;0;0;0;1081783;6789;1447;32;1082976;4151;477;0;2
FR;4;2022-06-06;8;0;3;0;8;2;1;0;0;1081791;6789;1450;32;1082984;4153;478;0;2
FR;4;2022-06-07;7;2;0;1;7;2;1;0;0;1081798;6791;1450;33;1082991;4155;479;0;2
FR;4;2022-06-08;0;5;3;0;1;7;0;0;0;1081798;6796;1453;33;1082992;4162;479;0;2
FR;4;2022-06-09;1;2;0;0;2;1;0;0;0;1081799;6798;1453;33;1082994;4163;479;0;2
FR;4;2022-06-10;4;0;3;0;4;1;2;0;0;1081803;6798;1456;33;1082998;4164;481;0;2
FR;4;2022-06-11;1;0;0;0;1;0;0;0;0;1081804;6798;1456;33;1082999;4164;481;0;2
FR;4;2022-06-12;4;1;1;0;4;2;0;0;0;1081808;6799;1457;33;1083003;4166;481;0;2
FR;4;2022-06-13;6;2;3;0;7;2;1;0;0;1081814;6801;1460;33;1083010;4168;482;0;2
FR;4;2022-06-14;4;3;0;0;5;2;0;0;0;1081818;6804;1460;33;1083015;4170;482;0;2
FR;4;2022-06-15;10;3;4;0;10;3;4;0;0;1081828;6807;1464;33;1083025;4173;486;0;2
FR;4;2022-06-16;2;3;1;1;3;2;1;0;1;1081830;6810;1465;34;1083028;4175;487;0;3
FR;4;2022-06-17;6;1;0;0;6;1;0;0;0;1081836;6811;1465;34;1083034;4176;487;0;3
FR;4;2022-06-18;0;0;0;0;0;0;0;0;0;1081836;6811;1465;34;1083034;4176;487;0;3
FR;4;2022-06-19;3;0;0;0;3;0;0;0;0;1081839;6811;1465;34;1083037;4176;487;0;3
FR;4;2022-06-20;6;2;2;1;6;3;2;0;0;1081845;6813;1467;35;1083043;4179;489;0;3
FR;4;2022-06-21;5;2;4;1;6;4;2;0;0;1081850;6815;1471;36;1083049;4183;491;0;3
FR;4;2022-06-22;3;2;1;3;4;2;1;0;0;1081853;6817;1472;39;1083053;4185;492;0;3
FR;4;2022-06-23;3;3;3;0;3;5;1;0;0;1081856;6820;1475;39;1083056;4190;493;0;3
FR;4;2022-06-24;3;0;2;0;3;0;2;0;0;1081859;6820;1477;39;1083059;4190;495;0;3
FR;4;2022-06-25;3;0;1;1;3;1;1;0;0;1081862;6820;1478;40;1083062;4191;496;0;3
FR;4;2022-06-26;0;0;2;0;0;2;0;0;0;1081862;6820;1480;40;1083062;4193;496;0;3
FR;4;2022-06-27;2;2;1;3;2;3;3;0;0;1081864;6822;1481;43;1083064;4196;499;0;3
FR;4;2022-06-28;0;4;2;1;0;5;2;0;0;1081864;6826;1483;44;1083064;4201;501;0;3
FR;4;2022-06-29;1;2;0;0;1;2;0;0;0;1081865;6828;1483;44;1083065;4203;501;0;3
FR;4;2022-06-30;2;0;0;0;2;0;0;0;0;1081867;6828;1483;44;1083067;4203;501;0;3
FR;4;2022-07-01;2;4;8;0;2;4;8;0;0;1081869;6832;1491;44;1083069;4207;509;0;3
FR;4;2022-07-02;0;1;0;0;1;0;0;0;0;1081869;6833;1491;44;1083070;4207;509;0;3
FR;4;2022-07-03;0;0;0;0;0;0;0;0;0;1081869;6833;1491;44;1083070;4207;509;0;3
FR;4;2022-07-04;4;1;0;0;4;1;0;0;0;1081873;6834;1491;44;1083074;4208;509;0;3
FR;4;2022-07-05;4;1;3;0;4;3;1;0;0;1081877;6835;1494;44;1083078;4211;510;0;3
FR;4;2022-07-06;5;0;1;1;5;0;1;0;1;1081882;6835;1495;45;1083083;4211;511;0;4
FR;4;2022-07-07;2;1;2;1;2;1;3;0;0;1081884;6836;1497;46;1083085;4212;514;0;4
FR;4;2022-07-08;4;1;0;0;4;1;0;0;0;1081888;6837;1497;46;1083089;4213;514;0;4
FR;4;2022-07-09;2;2;1;0;2;3;0;0;0;1081890;6839;1498;46;1083091;4216;514;0;4
FR;4;2022-07-10;2;0;1;0;2;0;0;0;0;1081892;6839;1499;46;1083093;4216;514;0;4
FR;4;2022-07-11;3;0;2;0;3;0;1;0;0;1081895;6839;1501;46;1083096;4216;515;0;4
FR;4;2022-07-12;0;0;2;0;0;2;0;0;0;1081895;6839;1503;46;1083096;4218;515;0;4
FR;4;2022-07-13;3;2;3;1;3;2;4;0;0;1081898;6841;1506;47;1083099;4220;519;0;4
FR;4;2022-07-14;6;0;1;0;6;0;1;0;0;1081904;6841;1507;47;1083105;4220;520;0;4
FR;4;2022-07-15;11;2;0;0;11;2;0;0;0;1081915;6843;1507;47;1083116;4222;520;0;4
FR;4;2022-07-16;5;0;0;2;5;0;2;0;0;1081920;6843;1507;49;1083121;4222;522;0;4
FR;4;2022-07-17;1;0;1;1;1;0;2;0;0;1081921;6843;1508;50;1083122;4222;524;0;4
FR;4;2022-07-18;3;3;2;0;3;3;2;0;0;1081924;6846;1510;50;1083125;4225;526;0;4
FR;4;2022-07-19;5;0;1;0;5;1;0;0;0;1081929;6846;1511;50;1083130;4226;526;0;4
FR;4;2022-07-20;12;2;1;0;13;2;0;0;0;1081941;6848;1512;50;1083143;4228;526;0;4
FR;4;2022-07-21;2;3;1;0;2;3;1;0;0;1081943;6851;1513;50;1083145;4231;527;0;4
FR;4;2022-07-22;5;1;3;0;5;2;2;0;0;1081948;6852;1516;50;1083150;4233;529;0;4
FR;4;2022-07-23;1;2;0;0;1;1;0;0;0;1081949;6854;1516;50;1083151;4234;529;0;4
FR;4;2022-07-24;1;0;0;0;1;0;0;0;0;1081950;6854;1516;50;1083152;4234;529;0;4
FR;4;2022-07-25;7;0;2;0;7;2;0;0;0;1081957;6854;1518;50;1083159;4236;529;0;4
FR;4;2022-07-26;2;0;0;0;2;0;0;0;0;1081959;6854;1518;50;1083161;4236;529;0;4
FR;4;2022-07-27;3;1;0;0;3;0;0;0;0;1081962;6855;1518;50;1083164;4236;529;0;4
FR;4;2022-07-28;13;0;0;0;13;0;0;0;0;1081975;6855;1518;50;1083177;4236;529;0;4
FR;4;2022-07-29;3;0;2;0;3;1;1;0;0;1081978;6855;1520;50;1083180;4237;530;0;4
FR;4;2022-07-30;5;0;2;0;5;0;2;0;0;1081983;6855;1522;50;1083185;4237;532;0;4
FR;4;2022-07-31;0;0;0;0;0;0;0;0;0;1081983;6855;1522;50;1083185;4237;532;0;4
FR;4;2022-08-01;4;0;3;0;4;2;1;0;0;1081987;6855;1525;50;1083189;4239;533;0;4
FR;4;2022-08-02;7;0;0;0;7;0;0;0;0;1081994;6855;1525;50;1083196;4239;533;0;4
FR;4;2022-08-03;2;2;1;0;2;2;1;0;0;1081996;6857;1526;50;1083198;4241;534;0;4
FR;4;2022-08-04;5;2;0;1;5;2;1;0;0;1082001;6859;1526;51;1083203;4243;535;0;4
FR;4;2022-08-05;3;1;1;0;3;1;1;0;0;1082004;6860;1527;51;1083206;4244;536;0;4
FR;4;2022-08-06;2;0;0;0;2;0;0;0;0;1082006;6860;1527;51;1083208;4244;536;0;4
FR;4;2022-08-07;5;0;0;0;5;0;0;0;0;1082011;6860;1527;51;1083213;4244;536;0;4
FR;4;2022-08-08;2;0;1;1;2;1;1;0;0;1082013;6860;1528;52;1083215;4245;537;0;4
FR;4;2022-08-09;1;1;2;2;1;2;3;0;0;1082014;6861;1530;54;1083216;4247;540;0;4
FR;4;2022-08-10;6;1;1;0;7;1;0;0;0;1082020;6862;1531;54;1083223;4248;540;0;4
FR;4;2022-08-11;2;0;1;0;2;1;0;0;0;1082022;6862;1532;54;1083225;4249;540;0;4
FR;4;2022-08-12;4;0;1;0;4;0;1;0;0;1082026;6862;1533;54;1083229;4249;541;0;4
FR;4;2022-08-13;1;0;0;0;1;0;0;0;0;1082027;6862;1533;54;1083230;4249;541;0;4
FR;4;2022-08-14;1;0;0;0;1;0;0;0;0;1082028;6862;1533;54;1083231;4249;541;0;4
FR;4;2022-08-15;1;2;3;0;1;2;3;0;0;1082029;6864;1536;54;1083232;4251;544;0;4
FR;4;2022-08-16;0;0;1;0;0;1;0;0;0;1082029;6864;1537;54;1083232;4252;544;0;4
FR;4;2022-08-17;3;0;0;0;3;0;0;0;0;1082032;6864;1537;54;1083235;4252;544;0;4
FR;4;2022-08-18;6;0;0;0;6;0;0;0;0;1082038;6864;1537;54;1083241;4252;544;0;4
FR;4;2022-08-19;5;0;0;0;5;0;0;0;0;1082043;6864;1537;54;1083246;4252;544;0;4
FR;4;2022-08-20;3;1;0;0;4;0;0;0;0;1082046;6865;1537;54;1083250;4252;544;0;4
FR;4;2022-08-21;1;0;0;0;1;0;0;0;0;1082047;6865;1537;54;1083251;4252;544;0;4
FR;4;2022-08-22;3;9;0;0;3;9;0;0;0;1082050;6874;1537;54;1083254;4261;544;0;4
FR;4;2022-08-23;3;3;3;0;3;4;2;0;0;1082053;6877;1540;54;1083257;4265;546;0;4
FR;4;2022-08-24;6;0;0;1;6;0;1;0;0;1082059;6877;1540;55;1083263;4265;547;0;4
FR;4;2022-08-25;1;3;2;0;1;4;1;0;0;1082060;6880;1542;55;1083264;4269;548;0;4
FR;4;2022-08-26;6;0;0;1;6;0;1;0;0;1082066;6880;1542;56;1083270;4269;549;0;4
FR;4;2022-08-27;1;0;0;0;1;0;0;0;0;1082067;6880;1542;56;1083271;4269;549;0;4
FR;4;2022-08-28;0;1;0;0;0;0;0;0;0;1082067;6881;1542;56;1083271;4269;549;0;4
FR;4;2022-08-29;8;0;0;0;8;0;0;0;0;1082075;6881;1542;56;1083279;4269;549;0;4
FR;4;2022-08-30;5;1;0;0;5;1;0;0;0;1082080;6882;1542;56;1083284;4270;549;0;4
FR;4;2022-08-31;3;1;0;0;3;1;0;0;0;1082083;6883;1542;56;1083287;4271;549;0;4
FR;4;2022-09-01;4;8;2;0;5;7;2;0;0;1082087;6891;1544;56;1083292;4278;551;0;4
FR;4;2022-09-02;2;2;1;0;3;2;0;0;0;1082089;6893;1545;56;1083295;4280;551;0;4
FR;4;2022-09-03;3;0;0;0;3;0;0;0;0;1082092;6893;1545;56;1083298;4280;551;0;4
FR;4;2022-09-04;1;0;0;0;1;0;0;0;0;1082093;6893;1545;56;1083299;4280;551;0;4
FR;4;2022-09-05;4;2;0;0;4;2;0;0;0;1082097;6895;1545;56;1083303;4282;551;0;4
FR;4;2022-09-06;1;0;0;0;1;0;0;0;0;1082098;6895;1545;56;1083304;4282;551;0;4
FR;4;2022-09-07;2;0;1;1;2;1;1;0;0;1082100;6895;1546;57;1083306;4283;552;0;4
FR;4;2022-09-08;3;0;0;0;3;0;0;0;0;1082103;6895;1546;57;1083309;4283;552;0;4
FR;4;2022-09-09;2;2;0;0;2;2;0;0;0;1082105;6897;1546;57;1083311;4285;552;0;4
FR;4;2022-09-10;0;1;0;3;0;2;2;0;0;1082105;6898;1546;60;1083311;4287;554;0;4
FR;4;2022-09-11;2;0;0;0;2;0;0;0;0;1082107;6898;1546;60;1083313;4287;554;0;4
FR;4;2022-09-12;1;1;1;0;1;1;1;0;0;1082108;6899;1547;60;1083314;4288;555;0;4
FR;4;2022-09-13;1;0;0;0;1;0;0;0;0;1082109;6899;1547;60;1083315;4288;555;0;4
FR;4;2022-09-14;4;0;0;0;4;0;0;0;0;1082113;6899;1547;60;1083319;4288;555;0;4
FR;4;2022-09-15;4;0;0;0;4;0;0;0;0;1082117;6899;1547;60;1083323;4288;555;0;4
FR;4;2022-09-16;1;0;0;0;1;0;0;0;0;1082118;6899;1547;60;1083324;4288;555;0;4
FR;4;2022-09-17;2;0;0;0;2;0;0;0;0;1082120;6899;1547;60;1083326;4288;555;0;4
FR;4;2022-09-18;0;1;0;0;0;1;0;0;0;1082120;6900;1547;60;1083326;4289;555;0;4
FR;4;2022-09-19;4;0;2;0;4;2;0;0;0;1082124;6900;1549;60;1083330;4291;555;0;4
FR;4;2022-09-20;4;0;0;0;4;0;0;0;0;1082128;6900;1549;60;1083334;4291;555;0;4
FR;4;2022-09-21;2;1;0;0;2;1;0;0;0;1082130;6901;1549;60;1083336;4292;555;0;4
FR;4;2022-09-22;2;1;0;0;2;1;0;0;0;1082132;6902;1549;60;1083338;4293;555;0;4
FR;4;2022-09-23;2;3;0;0;3;2;0;0;0;1082134;6905;1549;60;1083341;4295;555;0;4
FR;4;2022-09-24;1;0;0;0;1;0;0;0;0;1082135;6905;1549;60;1083342;4295;555;0;4
FR;4;2022-09-25;0;0;0;0;0;0;0;0;0;1082135;6905;1549;60;1083342;4295;555;0;4
FR;4;2022-09-26;2;0;1;0;2;0;1;0;0;1082137;6905;1550;60;1083344;4295;556;0;4
FR;4;2022-09-27;1;0;1;1;1;0;2;0;0;1082138;6905;1551;61;1083345;4295;558;0;4
FR;4;2022-09-28;3;0;2;0;3;2;0;0;0;1082141;6905;1553;61;1083348;4297;558;0;4
FR;4;2022-09-29;5;0;1;1;5;1;1;0;0;1082146;6905;1554;62;1083353;4298;559;0;4
FR;4;2022-09-30;1;1;0;0;1;1;0;0;0;1082147;6906;1554;62;1083354;4299;559;0;4
FR;4;2022-10-01;1;1;0;0;2;0;0;0;0;1082148;6907;1554;62;1083356;4299;559;0;4
FR;4;2022-10-02;0;1;0;0;0;1;0;0;0;1082148;6908;1554;62;1083356;4300;559;0;4
FR;4;2022-10-03;2;3;1;1;3;3;1;0;0;1082150;6911;1555;63;1083359;4303;560;0;4
FR;4;2022-10-04;3;0;0;0;3;0;0;0;0;1082153;6911;1555;63;1083362;4303;560;0;4
FR;4;2022-10-05;0;1;0;0;0;1;0;0;0;1082153;6912;1555;63;1083362;4304;560;0;4
FR;4;2022-10-06;2;0;0;0;2;0;0;0;0;1082155;6912;1555;63;1083364;4304;560;0;4
FR;4;2022-10-07;3;1;1;0;3;1;1;0;0;1082158;6913;1556;63;1083367;4305;561;0;4
FR;4;2022-10-08;4;1;0;0;4;0;0;0;0;1082162;6914;1556;63;1083371;4305;561;0;4
FR;4;2022-10-09;0;0;0;0;0;0;0;0;0;1082162;6914;1556;63;1083371;4305;561;0;4
FR;4;2022-10-10;5;0;2;3;5;2;1;0;2;1082167;6914;1558;66;1083376;4307;562;0;6
FR;4;2022-10-11;2;2;0;0;2;1;0;0;0;1082169;6916;1558;66;1083378;4308;562;0;6
FR;4;2022-10-12;1;0;0;0;1;0;0;0;0;1082170;6916;1558;66;1083379;4308;562;0;6
FR;4;2022-10-13;5;0;0;0;5;0;0;0;0;1082175;6916;1558;66;1083384;4308;562;0;6
FR;4;2022-10-14;1;0;0;0;1;0;0;0;0;1082176;6916;1558;66;1083385;4308;562;0;6
FR;4;2022-10-15;1;2;0;0;1;2;0;0;0;1082177;6918;1558;66;1083386;4310;562;0;6
FR;4;2022-10-16;0;0;0;0;0;0;0;0;0;1082177;6918;1558;66;1083386;4310;562;0;6
FR;4;2022-10-17;3;0;1;0;3;1;0;0;0;1082180;6918;1559;66;1083389;4311;562;0;6
FR;4;2022-10-18;1;0;0;1;1;0;1;0;0;1082181;6918;1559;67;1083390;4311;563;0;6
FR;4;2022-10-19;1;0;0;2;1;0;2;0;3;1082182;6918;1559;69;1083391;4311;565;0;9
FR;4;2022-10-20;4;1;0;0;4;1;0;0;0;1082186;6919;1559;69;1083395;4312;565;0;9
FR;4;2022-10-21;3;1;0;0;3;1;0;0;0;1082189;6920;1559;69;1083398;4313;565;0;9
FR;4;2022-10-22;1;0;0;0;1;0;0;0;0;1082190;6920;1559;69;1083399;4313;565;0;9
FR;4;2022-10-23;0;0;0;0;0;0;0;0;0;1082190;6920;1559;69;1083399;4313;565;0;9
FR;4;2022-10-24;3;0;0;0;3;0;0;0;0;1082193;6920;1559;69;1083402;4313;565;0;9
FR;4;2022-10-25;4;0;0;0;4;0;0;0;0;1082197;6920;1559;69;1083406;4313;565;0;9
FR;4;2022-10-26;2;1;0;0;2;1;0;0;0;1082199;6921;1559;69;1083408;4314;565;0;9
FR;4;2022-10-27;3;1;1;0;3;0;1;0;0;1082202;6922;1560;69;1083411;4314;566;0;9
FR;4;2022-10-28;0;0;0;0;0;0;0;0;0;1082202;6922;1560;69;1083411;4314;566;0;9
FR;4;2022-10-29;1;0;0;3;1;0;3;0;3;1082203;6922;1560;72;1083412;4314;569;0;12
FR;4;2022-10-30;1;0;0;0;1;0;0;0;0;1082204;6922;1560;72;1083413;4314;569;0;12
FR;4;2022-10-31;1;0;0;0;1;0;0;0;0;1082205;6922;1560;72;1083414;4314;569;0;12
FR;4;2022-11-01;1;6;0;0;1;6;0;0;0;1082206;6928;1560;72;1083415;4320;569;0;12
FR;4;2022-11-02;0;0;2;2;0;1;3;0;0;1082206;6928;1562;74;1083415;4321;572;0;12
FR;4;2022-11-03;1;0;0;0;1;0;0;0;0;1082207;6928;1562;74;1083416;4321;572;0;12
FR;4;2022-11-04;4;1;0;0;4;0;0;0;0;1082211;6929;1562;74;1083420;4321;572;0;12
FR;4;2022-11-05;0;0;0;0;0;0;0;0;0;1082211;6929;1562;74;1083420;4321;572;0;12
FR;4;2022-11-06;2;0;0;0;2;0;0;0;0;1082213;6929;1562;74;1083422;4321;572;0;12
FR;4;2022-11-07;2;0;0;0;2;0;0;0;0;1082215;6929;1562;74;1083424;4321;572;0;12
FR;4;2022-11-08;7;0;0;0;7;0;0;0;0;1082222;6929;1562;74;1083431;4321;572;0;12
FR;4;2022-11-09;0;0;0;0;0;0;0;0;0;1082222;6929;1562;74;1083431;4321;572;0;12
FR;4;2022-11-10;2;0;1;0;2;1;0;0;0;1082224;6929;1563;74;1083433;4322;572;0;12
FR;4;2022-11-11;1;0;0;0;1;0;0;0;0;1082225;6929;1563;74;1083434;4322;572;0;12
FR;4;2022-11-12;3;1;0;0;3;1;0;0;0;1082228;6930;1563;74;1083437;4323;572;0;12
FR;4;2022-11-13;2;0;0;0;2;0;0;0;0;1082230;6930;1563;74;1083439;4323;572;0;12
FR;4;2022-11-14;0;1;0;0;0;1;0;0;0;1082230;6931;1563;74;1083439;4324;572;0;12
FR;4;2022-11-15;3;1;0;0;3;1;0;0;0;1082233;6932;1563;74;1083442;4325;572;0;12
FR;4;2022-11-16;1;1;1;0;1;1;1;0;0;1082234;6933;1564;74;1083443;4326;573;0;12
FR;4;2022-11-17;0;2;0;0;0;2;0;0;0;1082234;6935;1564;74;1083443;4328;573;0;12
FR;4;2022-11-18;5;0;1;0;5;0;1;0;0;1082239;6935;1565;74;1083448;4328;574;0;12
FR;4;2022-11-19;0;0;0;0;0;0;0;0;0;1082239;6935;1565;74;1083448;4328;574;0;12
FR;4;2022-11-20;0;0;0;1;0;0;0;0;1;1082239;6935;1565;75;1083448;4328;574;0;13
FR;4;2022-11-21;0;0;0;0;0;0;0;0;0;1082239;6935;1565;75;1083448;4328;574;0;13
FR;4;2022-11-22;0;1;1;0;0;2;0;0;0;1082239;6936;1566;75;1083448;4330;574;0;13
FR;4;2022-11-23;1;0;0;0;1;0;0;0;1;1082240;6936;1566;75;1083449;4330;574;0;14
FR;4;2022-11-24;0;2;0;0;0;2;0;0;0;1082240;6938;1566;75;1083449;4332;574;0;14
FR;4;2022-11-25;3;4;0;0;3;4;0;0;0;1082243;6942;1566;75;1083452;4336;574;0;14
FR;4;2022-11-26;1;0;0;0;1;0;0;0;0;1082244;6942;1566;75;1083453;4336;574;0;14
FR;4;2022-11-27;0;0;0;0;0;0;0;0;0;1082244;6942;1566;75;1083453;4336;574;0;14
FR;4;2022-11-28;4;0;0;0;4;0;0;0;0;1082248;6942;1566;75;1083457;4336;574;0;14
FR;4;2022-11-29;3;0;0;0;3;0;0;0;0;1082251;6942;1566;75;1083460;4336;574;0;14
FR;4;2022-11-30;0;0;0;0;0;0;0;0;0;1082251;6942;1566;75;1083460;4336;574;0;14
FR;4;2022-12-01;1;2;2;0;2;2;1;0;0;1082252;6944;1568;75;1083462;4338;575;0;14
FR;4;2022-12-02;6;1;0;1;6;1;0;0;1;1082258;6945;1568;76;1083468;4339;575;0;15
FR;4;2022-12-03;1;0;0;0;1;0;0;0;0;1082259;6945;1568;76;1083469;4339;575;0;15
FR;4;2022-12-04;0;0;0;0;0;0;0;0;0;1082259;6945;1568;76;1083469;4339;575;0;15
FR;4;2022-12-05;2;1;0;0;2;1;0;0;0;1082261;6946;1568;76;1083471;4340;575;0;15
FR;4;2022-12-06;2;0;0;0;2;0;0;0;0;1082263;6946;1568;76;1083473;4340;575;0;15
FR;4;2022-12-07;2;3;1;0;2;4;0;0;0;1082265;6949;1569;76;1083475;4344;575;0;15
FR;4;2022-12-08;1;0;0;0;1;0;0;0;0;1082266;6949;1569;76;1083476;4344;575;0;15
FR;4;2022-12-09;2;0;1;0;2;0;1;0;0;1082268;6949;1570;76;1083478;4344;576;0;15
FR;4;2022-12-10;1;0;0;0;1;0;0;0;0;1082269;6949;1570;76;1083479;4344;576;0;15
FR;4;2022-12-11;0;0;0;0;0;0;0;0;0;1082269;6949;1570;76;1083479;4344;576;0;15
FR;4;2022-12-12;2;1;0;5;2;1;5;0;0;1082271;6950;1570;81;1083481;4345;581;0;15
FR;4;2022-12-13;1;0;0;0;1;0;0;0;0;1082272;6950;1570;81;1083482;4345;581;0;15
FR;4;2022-12-14;0;0;0;0;0;0;0;0;0;1082272;6950;1570;81;1083482;4345;581;0;15
FR;4;2022-12-15;1;1;0;0;1;1;0;0;0;1082273;6951;1570;81;1083483;4346;581;0;15
FR;4;2022-12-16;2;0;0;0;2;0;0;0;0;1082275;6951;1570;81;1083485;4346;581;0;15
FR;4;2022-12-17;0;0;1;0;0;0;1;0;0;1082275;6951;1571;81;1083485;4346;582;0;15
FR;4;2022-12-18;1;0;0;0;1;0;0;0;0;1082276;6951;1571;81;1083486;4346;582;0;15
FR;4;2022-12-19;1;0;0;0;1;0;0;0;0;1082277;6951;1571;81;1083487;4346;582;0;15
FR;4;2022-12-20;4;2;0;0;5;1;0;0;0;1082281;6953;1571;81;1083492;4347;582;0;15
FR;4;2022-12-21;6;0;0;0;6;0;0;0;0;1082287;6953;1571;81;1083498;4347;582;0;15
FR;4;2022-12-22;2;1;0;0;2;1;0;0;0;1082289;6954;1571;81;1083500;4348;582;0;15
FR;4;2022-12-23;3;0;0;0;3;0;0;0;0;1082292;6954;1571;81;1083503;4348;582;0;15
FR;4;2022-12-24;0;0;1;0;0;1;0;0;0;1082292;6954;1572;81;1083503;4349;582;0;15
FR;4;2022-12-25;0;0;0;0;0;0;0;0;0;1082292;6954;1572;81;1083503;4349;582;0;15
FR;4;2022-12-26;1;2;0;0;1;1;0;0;0;1082293;6956;1572;81;1083504;4350;582;0;15
FR;4;2022-12-27;1;1;0;0;1;1;0;0;0;1082294;6957;1572;81;1083505;4351;582;0;15
FR;4;2022-12-28;0;0;0;0;0;0;0;0;0;1082294;6957;1572;81;1083505;4351;582;0;15
FR;4;2022-12-29;0;1;0;0;1;0;0;0;0;1082294;6958;1572;81;1083506;4351;582;0;15
FR;4;2022-12-30;1;0;0;0;1;0;0;0;0;1082295;6958;1572;81;1083507;4351;582;0;15
FR;4;2022-12-31;0;0;0;0;0;0;0;0;0;1082295;6958;1572;81;1083507;4351;582;0;15
FR;4;2023-01-01;0;0;0;0;0;0;0;0;0;1082295;6958;1572;81;1083507;4351;582;0;15
FR;4;2023-01-02;2;0;2;0;2;1;1;0;0;1082297;6958;1574;81;1083509;4352;583;0;15
FR;4;2023-01-03;1;1;0;0;1;1;0;0;0;1082298;6959;1574;81;1083510;4353;583;0;15
FR;4;2023-01-04;0;0;0;0;0;0;0;0;0;1082298;6959;1574;81;1083510;4353;583;0;15
FR;4;2023-01-05;0;0;0;0;0;0;0;0;0;1082298;6959;1574;81;1083510;4353;583;0;15
FR;4;2023-01-06;1;1;3;0;1;4;0;0;0;1082299;6960;1577;81;1083511;4357;583;0;15
FR;4;2023-01-07;1;0;0;0;1;0;0;0;0;1082300;6960;1577;81;1083512;4357;583;0;15
FR;4;2023-01-08;1;0;0;0;1;0;0;0;0;1082301;6960;1577;81;1083513;4357;583;0;15
FR;4;2023-01-09;1;0;0;0;1;0;0;0;0;1082302;6960;1577;81;1083514;4357;583;0;15
FR;4;2023-01-10;2;1;0;0;2;1;0;0;0;1082304;6961;1577;81;1083516;4358;583;0;15
FR;4;2023-01-11;0;0;0;0;0;0;0;0;0;1082304;6961;1577;81;1083516;4358;583;0;15
FR;4;2023-01-12;3;2;0;0;3;2;0;0;0;1082307;6963;1577;81;1083519;4360;583;0;15
FR;4;2023-01-13;3;0;2;0;3;0;2;0;0;1082310;6963;1579;81;1083522;4360;585;0;15
FR;4;2023-01-14;0;0;1;0;0;0;1;0;0;1082310;6963;1580;81;1083522;4360;586;0;15
FR;4;2023-01-15;0;0;0;0;0;0;0;0;0;1082310;6963;1580;81;1083522;4360;586;0;15
FR;4;2023-01-16;3;0;0;0;3;0;0;0;0;1082313;6963;1580;81;1083525;4360;586;0;15
FR;4;2023-01-17;2;0;0;0;2;0;0;0;0;1082315;6963;1580;81;1083527;4360;586;0;15
FR;4;2023-01-18;3;0;0;0;3;0;0;0;0;1082318;6963;1580;81;1083530;4360;586;0;15
FR;4;2023-01-19;1;0;0;2;1;0;0;0;0;1082319;6963;1580;83;1083531;4360;586;0;15
FR;4;2023-01-20;0;0;0;0;0;0;0;0;0;1082319;6963;1580;83;1083531;4360;586;0;15
FR;4;2023-01-21;0;0;0;0;0;0;0;0;0;1082319;6963;1580;83;1083531;4360;586;0;15
FR;4;2023-01-22;0;0;0;0;0;0;0;0;0;1082319;6963;1580;83;1083531;4360;586;0;15
FR;4;2023-01-23;1;0;0;0;1;0;0;0;0;1082320;6963;1580;83;1083532;4360;586;0;15
FR;4;2023-01-24;3;1;0;0;3;1;0;0;0;1082323;6964;1580;83;1083535;4361;586;0;15
FR;4;2023-01-25;6;0;0;0;6;0;0;0;0;1082329;6964;1580;83;1083541;4361;586;0;15
FR;4;2023-01-26;1;0;0;0;1;0;0;0;0;1082330;6964;1580;83;1083542;4361;586;0;15
FR;4;2023-01-27;0;0;0;0;0;0;0;0;0;1082330;6964;1580;83;1083542;4361;586;0;15
FR;4;2023-01-28;0;0;0;0;0;0;0;0;0;1082330;6964;1580;83;1083542;4361;586;0;15
FR;4;2023-01-29;0;0;0;0;0;0;0;0;0;1082330;6964;1580;83;1083542;4361;586;0;15
FR;4;2023-01-30;0;0;0;0;0;0;0;0;0;1082330;6964;1580;83;1083542;4361;586;0;15
FR;4;2023-01-31;0;0;0;0;0;0;0;0;0;1082330;6964;1580;83;1083542;4361;586;0;15
FR;4;2023-02-01;0;0;0;0;0;0;0;0;0;1082330;6964;1580;83;1083542;4361;586;0;15
FR;4;2023-02-02;2;2;2;1;2;3;1;0;0;1082332;6966;1582;84;1083544;4364;587;0;15
FR;4;2023-02-03;0;0;0;0;0;0;0;0;0;1082332;6966;1582;84;1083544;4364;587;0;15
FR;4;2023-02-04;1;0;0;0;1;0;0;0;0;1082333;6966;1582;84;1083545;4364;587;0;15
FR;4;2023-02-05;0;0;0;0;0;0;0;0;0;1082333;6966;1582;84;1083545;4364;587;0;15
FR;4;2023-02-06;1;0;0;0;1;0;0;0;0;1082334;6966;1582;84;1083546;4364;587;0;15
FR;4;2023-02-07;2;0;0;0;2;0;0;0;0;1082336;6966;1582;84;1083548;4364;587;0;15
FR;4;2023-02-08;2;1;0;0;2;0;0;0;0;1082338;6967;1582;84;1083550;4364;587;0;15
FR;4;2023-02-09;1;1;0;0;1;1;0;0;0;1082339;6968;1582;84;1083551;4365;587;0;15
FR;4;2023-02-10;5;1;0;0;5;0;0;0;0;1082344;6969;1582;84;1083556;4365;587;0;15
FR;4;2023-02-11;4;0;0;0;4;0;0;0;0;1082348;6969;1582;84;1083560;4365;587;0;15
FR;4;2023-02-12;0;0;0;0;0;0;0;0;0;1082348;6969;1582;84;1083560;4365;587;0;15
FR;4;2023-02-13;3;0;0;0;3;0;0;0;0;1082351;6969;1582;84;1083563;4365;587;0;15
FR;4;2023-02-14;0;2;0;0;2;0;0;0;0;1082351;6971;1582;84;1083565;4365;587;0;15
FR;4;2023-02-15;2;0;0;0;2;0;0;0;0;1082353;6971;1582;84;1083567;4365;587;0;15
FR;4;2023-02-16;1;1;0;0;1;1;0;0;0;1082354;6972;1582;84;1083568;4366;587;0;15
FR;4;2023-02-17;1;0;0;0;1;0;0;0;0;1082355;6972;1582;84;1083569;4366;587;0;15
FR;4;2023-02-18;0;2;0;0;0;2;0;0;0;1082355;6974;1582;84;1083569;4368;587;0;15
FR;4;2023-02-19;0;0;0;0;0;0;0;0;0;1082355;6974;1582;84;1083569;4368;587;0;15
FR;4;2023-02-20;1;0;0;0;1;0;0;0;0;1082356;6974;1582;84;1083570;4368;587;0;15
FR;4;2023-02-21;2;0;0;0;2;0;0;0;0;1082358;6974;1582;84;1083572;4368;587;0;15
FR;4;2023-02-22;0;0;0;0;0;0;0;0;0;1082358;6974;1582;84;1083572;4368;587;0;15
FR;4;2023-02-23;0;0;0;0;0;0;0;0;0;1082358;6974;1582;84;1083572;4368;587;0;15
FR;4;2023-02-24;1;0;0;0;1;0;0;0;0;1082359;6974;1582;84;1083573;4368;587;0;15
FR;4;2023-02-25;2;1;0;0;2;1;0;0;0;1082361;6975;1582;84;1083575;4369;587;0;15
FR;4;2023-02-26;0;0;0;0;0;0;0;0;0;1082361;6975;1582;84;1083575;4369;587;0;15
FR;4;2023-02-27;1;0;0;0;1;0;0;0;0;1082362;6975;1582;84;1083576;4369;587;0;15
FR;4;2023-02-28;0;0;0;0;0;0;0;0;0;1082362;6975;1582;84;1083576;4369;587;0;15
FR;4;2023-03-01;1;0;0;0;1;0;0;0;0;1082363;6975;1582;84;1083577;4369;587;0;15
FR;4;2023-03-02;1;1;2;0;1;1;2;0;0;1082364;6976;1584;84;1083578;4370;589;0;15
FR;4;2023-03-03;1;0;0;0;1;0;0;0;0;1082365;6976;1584;84;1083579;4370;589;0;15
FR;4;2023-03-04;0;0;0;0;0;0;0;0;0;1082365;6976;1584;84;1083579;4370;589;0;15
FR;4;2023-03-05;0;0;0;0;0;0;0;0;0;1082365;6976;1584;84;1083579;4370;589;0;15
FR;4;2023-03-06;0;0;0;0;0;0;0;0;0;1082365;6976;1584;84;1083579;4370;589;0;15
FR;4;2023-03-07;0;0;0;0;0;0;0;0;0;1082365;6976;1584;84;1083579;4370;589;0;15
FR;4;2023-03-08;1;0;0;0;1;0;0;0;0;1082366;6976;1584;84;1083580;4370;589;0;15
FR;4;2023-03-09;0;0;0;0;0;0;0;0;0;1082366;6976;1584;84;1083580;4370;589;0;15
FR;4;2023-03-10;2;0;1;0;2;0;1;0;0;1082368;6976;1585;84;1083582;4370;590;0;15
FR;4;2023-03-11;0;0;0;0;0;0;0;0;0;1082368;6976;1585;84;1083582;4370;590;0;15
FR;4;2023-03-12;0;0;0;0;0;0;0;0;0;1082368;6976;1585;84;1083582;4370;590;0;15
FR;4;2023-03-13;0;0;0;0;0;0;0;0;0;1082368;6976;1585;84;1083582;4370;590;0;15
FR;4;2023-03-14;0;0;0;0;0;0;0;0;0;1082368;6976;1585;84;1083582;4370;590;0;15
FR;4;2023-03-15;1;0;0;1;1;0;0;0;1;1082369;6976;1585;85;1083583;4370;590;0;16
FR;4;2023-03-16;1;0;0;0;1;0;0;0;0;1082370;6976;1585;85;1083584;4370;590;0;16
FR;4;2023-03-17;1;0;0;0;1;0;0;0;0;1082371;6976;1585;85;1083585;4370;590;0;16
FR;4;2023-03-18;0;1;0;0;0;1;0;0;0;1082371;6977;1585;85;1083585;4371;590;0;16
FR;4;2023-03-19;0;0;0;0;0;0;0;0;0;1082371;6977;1585;85;1083585;4371;590;0;16
FR;4;2023-03-20;0;0;0;0;0;0;0;0;0;1082371;6977;1585;85;1083585;4371;590;0;16
FR;4;2023-03-21;2;0;0;0;2;0;0;0;0;1082373;6977;1585;85;1083587;4371;590;0;16
FR;4;2023-03-22;0;0;1;0;0;0;1;0;0;1082373;6977;1586;85;1083587;4371;591;0;16
FR;4;2023-03-23;1;0;0;0;1;0;0;0;0;1082374;6977;1586;85;1083588;4371;591;0;16
FR;4;2023-03-24;0;0;0;0;0;0;0;0;0;1082374;6977;1586;85;1083588;4371;591;0;16
FR;4;2023-03-25;0;0;0;0;0;0;0;0;0;1082374;6977;1586;85;1083588;4371;591;0;16
FR;4;2023-03-26;0;0;0;0;0;0;0;0;0;1082374;6977;1586;85;1083588;4371;591;0;16
FR;4;2023-03-27;1;0;0;0;1;0;0;0;0;1082375;6977;1586;85;1083589;4371;591;0;16
FR;4;2023-03-28;1;0;0;0;1;0;0;0;0;1082376;6977;1586;85;1083590;4371;591;0;16
FR;4;2023-03-29;2;0;0;0;2;0;0;0;0;1082378;6977;1586;85;1083592;4371;591;0;16
FR;4;2023-03-30;0;1;0;0;1;0;0;0;0;1082378;6978;1586;85;1083593;4371;591;0;16
FR;4;2023-03-31;3;0;0;1;3;0;0;0;4;1082381;6978;1586;86;1083596;4371;591;0;20
FR;4;2023-04-01;2;0;0;0;2;0;0;0;0;1082383;6978;1586;86;1083598;4371;591;0;20
FR;4;2023-04-02;0;0;0;0;0;0;0;0;0;1082383;6978;1586;86;1083598;4371;591;0;20
FR;4;2023-04-03;0;0;0;0;0;0;0;0;0;1082383;6978;1586;86;1083598;4371;591;0;20
FR;4;2023-04-04;0;0;0;0;0;0;0;0;0;1082383;6978;1586;86;1083598;4371;591;0;20
FR;4;2023-04-05;0;0;0;0;0;0;0;0;0;1082383;6978;1586;86;1083598;4371;591;0;20
FR;4;2023-04-06;0;0;0;0;0;0;0;0;0;1082383;6978;1586;86;1083598;4371;591;0;20
FR;4;2023-04-07;0;0;0;0;0;0;0;0;0;1082383;6978;1586;86;1083598;4371;591;0;20
FR;4;2023-04-08;0;0;0;0;0;0;0;0;0;1082383;6978;1586;86;1083598;4371;591;0;20
FR;4;2023-04-09;0;0;0;0;0;0;0;0;0;1082383;6978;1586;86;1083598;4371;591;0;20
FR;4;2023-04-10;1;0;0;0;1;0;0;0;0;1082384;6978;1586;86;1083599;4371;591;0;20
FR;4;2023-04-11;0;0;0;0;0;0;0;0;0;1082384;6978;1586;86;1083599;4371;591;0;20
FR;4;2023-04-12;1;0;0;0;1;0;0;0;0;1082385;6978;1586;86;1083600;4371;591;0;20
FR;4;2023-04-13;0;0;0;0;0;0;0;0;0;1082385;6978;1586;86;1083600;4371;591;0;20
FR;4;2023-04-14;0;0;0;0;0;0;0;0;0;1082385;6978;1586;86;1083600;4371;591;0;20
FR;4;2023-04-15;0;0;0;0;0;0;0;0;0;1082385;6978;1586;86;1083600;4371;591;0;20
FR;4;2023-04-16;0;0;0;0;0;0;0;0;0;1082385;6978;1586;86;1083600;4371;591;0;20
FR;4;2023-04-17;0;0;0;0;0;0;0;0;0;1082385;6978;1586;86;1083600;4371;591;0;20
FR;4;2023-04-18;0;0;0;0;0;0;0;0;0;1082385;6978;1586;86;1083600;4371;591;0;20
FR;4;2023-04-19;1;0;0;0;1;0;0;0;0;1082386;6978;1586;86;1083601;4371;591;0;20
FR;4;2023-04-20;0;0;0;0;0;0;0;0;0;1082386;6978;1586;86;1083601;4371;591;0;20
FR;4;2023-04-21;0;1;0;0;0;1;0;0;0;1082386;6979;1586;86;1083601;4372;591;0;20
FR;4;2023-04-22;0;0;0;0;0;0;0;0;0;1082386;6979;1586;86;1083601;4372;591;0;20
FR;4;2023-04-23;1;0;0;0;1;0;0;0;0;1082387;6979;1586;86;1083602;4372;591;0;20
FR;4;2023-04-24;1;0;0;0;1;0;0;0;0;1082388;6979;1586;86;1083603;4372;591;0;20
FR;4;2023-04-25;1;0;0;0;1;0;0;0;0;1082389;6979;1586;86;1083604;4372;591;0;20
FR;4;2023-04-26;0;0;0;0;0;0;0;0;0;1082389;6979;1586;86;1083604;4372;591;0;20
FR;4;2023-04-27;0;0;0;0;0;0;0;0;0;1082389;6979;1586;86;1083604;4372;591;0;20
FR;4;2023-04-28;0;0;0;0;0;0;0;0;0;1082389;6979;1586;86;1083604;4372;591;0;20
FR;4;2023-04-29;0;0;0;0;0;0;0;0;0;1082389;6979;1586;86;1083604;4372;591;0;20
FR;4;2023-04-30;0;0;0;0;0;0;0;0;0;1082389;6979;1586;86;1083604;4372;591;0;20
FR;4;2023-05-01;0;0;0;0;0;0;0;0;0;1082389;6979;1586;86;1083604;4372;591;0;20
FR;4;2023-05-02;0;0;0;0;0;0;0;0;0;1082389;6979;1586;86;1083604;4372;591;0;20
FR;4;2023-05-03;0;0;0;0;0;0;0;0;0;1082389;6979;1586;86;1083604;4372;591;0;20
FR;4;2023-05-04;0;0;0;0;0;0;0;0;0;1082389;6979;1586;86;1083604;4372;591;0;20
FR;4;2023-05-05;0;0;0;0;0;0;0;0;0;1082389;6979;1586;86;1083604;4372;591;0;20
FR;4;2023-05-06;0;0;0;0;0;0;0;0;0;1082389;6979;1586;86;1083604;4372;591;0;20
FR;4;2023-05-07;0;0;0;0;0;0;0;0;0;1082389;6979;1586;86;1083604;4372;591;0;20
FR;4;2023-05-08;0;0;0;0;0;0;0;0;0;1082389;6979;1586;86;1083604;4372;591;0;20
FR;4;2023-05-09;0;0;0;0;0;0;0;0;0;1082389;6979;1586;86;1083604;4372;591;0;20
FR;5;2020-12-27;0;0;0;0;0;0;0;0;0;0;0;0;0;0;0;0;0;0
FR;5;2020-12-28;0;0;0;0;0;0;0;0;0;0;0;0;0;0;0;0;0;0
FR;5;2020-12-29;0;0;0;0;0;0;0;0;0;0;0;0;0;0;0;0;0;0
FR;5;2020-12-30;0;0;0;0;0;0;0;0;0;0;0;0;0;0;0;0;0;0
FR;5;2020-12-31;0;0;0;0;0;0;0;0;0;0;0;0;0;0;0;0;0;0
FR;5;2021-01-01;0;0;0;0;0;0;0;0;0;0;0;0;0;0;0;0;0;0
FR;5;2021-01-02;0;0;0;0;0;0;0;0;0;0;0;0;0;0;0;0;0;0
FR;5;2021-01-03;0;0;0;0;0;0;0;0;0;0;0;0;0;0;0;0;0;0
FR;5;2021-01-04;0;0;0;0;0;0;0;0;0;0;0;0;0;0;0;0;0;0
FR;5;2021-01-05;0;0;0;0;0;0;0;0;0;0;0;0;0;0;0;0;0;0
FR;5;2021-01-06;0;0;0;0;0;0;0;0;0;0;0;0;0;0;0;0;0;0
FR;5;2021-01-07;0;0;0;0;0;0;0;0;0;0;0;0;0;0;0;0;0;0
FR;5;2021-01-08;0;0;0;0;0;0;0;0;0;0;0;0;0;0;0;0;0;0
FR;5;2021-01-09;0;0;0;0;0;0;0;0;0;0;0;0;0;0;0;0;0;0
FR;5;2021-01-10;0;0;0;0;0;0;0;0;0;0;0;0;0;0;0;0;0;0
FR;5;2021-01-11;0;0;0;0;0;0;0;0;0;0;0;0;0;0;0;0;0;0
FR;5;2021-01-12;0;0;0;0;0;0;0;0;0;0;0;0;0;0;0;0;0;0
FR;5;2021-01-13;0;0;0;0;0;0;0;0;0;0;0;0;0;0;0;0;0;0
FR;5;2021-01-14;0;0;0;0;0;0;0;0;0;0;0;0;0;0;0;0;0;0
FR;5;2021-01-15;0;0;0;0;0;0;0;0;0;0;0;0;0;0;0;0;0;0
FR;5;2021-01-16;0;0;0;0;0;0;0;0;0;0;0;0;0;0;0;0;0;0
FR;5;2021-01-17;0;0;0;0;0;0;0;0;0;0;0;0;0;0;0;0;0;0
FR;5;2021-01-18;0;0;0;0;0;0;0;0;0;0;0;0;0;0;0;0;0;0
FR;5;2021-01-19;0;0;0;0;0;0;0;0;0;0;0;0;0;0;0;0;0;0
FR;5;2021-01-20;0;0;0;0;0;0;0;0;0;0;0;0;0;0;0;0;0;0
FR;5;2021-01-21;0;0;0;0;0;0;0;0;0;0;0;0;0;0;0;0;0;0
FR;5;2021-01-22;0;0;0;0;0;0;0;0;0;0;0;0;0;0;0;0;0;0
FR;5;2021-01-23;0;0;0;0;0;0;0;0;0;0;0;0;0;0;0;0;0;0
FR;5;2021-01-24;0;0;0;0;0;0;0;0;0;0;0;0;0;0;0;0;0;0
FR;5;2021-01-25;0;0;0;0;0;0;0;0;0;0;0;0;0;0;0;0;0;0
FR;5;2021-01-26;0;0;0;0;0;0;0;0;0;0;0;0;0;0;0;0;0;0
FR;5;2021-01-27;0;0;0;0;0;0;0;0;0;0;0;0;0;0;0;0;0;0
FR;5;2021-01-28;0;0;0;0;0;0;0;0;0;0;0;0;0;0;0;0;0;0
FR;5;2021-01-29;0;0;0;0;0;0;0;0;0;0;0;0;0;0;0;0;0;0
FR;5;2021-01-30;0;0;0;0;0;0;0;0;0;0;0;0;0;0;0;0;0;0
FR;5;2021-01-31;0;0;0;0;0;0;0;0;0;0;0;0;0;0;0;0;0;0
FR;5;2021-02-01;0;0;0;0;0;0;0;0;0;0;0;0;0;0;0;0;0;0
FR;5;2021-02-02;0;0;0;0;0;0;0;0;0;0;0;0;0;0;0;0;0;0
FR;5;2021-02-03;0;0;0;0;0;0;0;0;0;0;0;0;0;0;0;0;0;0
FR;5;2021-02-04;0;0;0;0;0;0;0;0;0;0;0;0;0;0;0;0;0;0
FR;5;2021-02-05;0;0;0;0;0;0;0;0;0;0;0;0;0;0;0;0;0;0
FR;5;2021-02-06;0;0;0;0;0;0;0;0;0;0;0;0;0;0;0;0;0;0
FR;5;2021-02-07;0;0;0;0;0;0;0;0;0;0;0;0;0;0;0;0;0;0
FR;5;2021-02-08;0;0;0;0;0;0;0;0;0;0;0;0;0;0;0;0;0;0
FR;5;2021-02-09;0;0;0;0;0;0;0;0;0;0;0;0;0;0;0;0;0;0
FR;5;2021-02-10;0;0;0;0;0;0;0;0;0;0;0;0;0;0;0;0;0;0
FR;5;2021-02-11;0;0;0;0;0;0;0;0;0;0;0;0;0;0;0;0;0;0
FR;5;2021-02-12;0;0;0;0;0;0;0;0;0;0;0;0;0;0;0;0;0;0
FR;5;2021-02-13;0;0;0;0;0;0;0;0;0;0;0;0;0;0;0;0;0;0
FR;5;2021-02-14;0;0;0;0;0;0;0;0;0;0;0;0;0;0;0;0;0;0
FR;5;2021-02-15;0;0;0;0;0;0;0;0;0;0;0;0;0;0;0;0;0;0
FR;5;2021-02-16;0;0;0;0;0;0;0;0;0;0;0;0;0;0;0;0;0;0
FR;5;2021-02-17;0;0;0;0;0;0;0;0;0;0;0;0;0;0;0;0;0;0
FR;5;2021-02-18;0;0;0;0;0;0;0;0;0;0;0;0;0;0;0;0;0;0
FR;5;2021-02-19;0;0;0;0;0;0;0;0;0;0;0;0;0;0;0;0;0;0
FR;5;2021-02-20;0;0;0;0;0;0;0;0;0;0;0;0;0;0;0;0;0;0
FR;5;2021-02-21;0;0;0;0;0;0;0;0;0;0;0;0;0;0;0;0;0;0
FR;5;2021-02-22;0;0;0;0;0;0;0;0;0;0;0;0;0;0;0;0;0;0
FR;5;2021-02-23;0;0;0;0;0;0;0;0;0;0;0;0;0;0;0;0;0;0
FR;5;2021-02-24;0;0;0;0;0;0;0;0;0;0;0;0;0;0;0;0;0;0
FR;5;2021-02-25;0;0;0;0;0;0;0;0;0;0;0;0;0;0;0;0;0;0
FR;5;2021-02-26;0;0;0;0;0;0;0;0;0;0;0;0;0;0;0;0;0;0
FR;5;2021-02-27;0;0;0;0;0;0;0;0;0;0;0;0;0;0;0;0;0;0
FR;5;2021-02-28;0;0;0;0;0;0;0;0;0;0;0;0;0;0;0;0;0;0
FR;5;2021-03-01;0;0;0;0;0;0;0;0;0;0;0;0;0;0;0;0;0;0
FR;5;2021-03-02;0;0;0;0;0;0;0;0;0;0;0;0;0;0;0;0;0;0
FR;5;2021-03-03;0;0;0;0;0;0;0;0;0;0;0;0;0;0;0;0;0;0
FR;5;2021-03-04;0;0;0;0;0;0;0;0;0;0;0;0;0;0;0;0;0;0
FR;5;2021-03-05;0;0;0;0;0;0;0;0;0;0;0;0;0;0;0;0;0;0
FR;5;2021-03-06;0;0;0;0;0;0;0;0;0;0;0;0;0;0;0;0;0;0
FR;5;2021-03-07;0;0;0;0;0;0;0;0;0;0;0;0;0;0;0;0;0;0
FR;5;2021-03-08;0;0;0;0;0;0;0;0;0;0;0;0;0;0;0;0;0;0
FR;5;2021-03-09;0;0;0;0;0;0;0;0;0;0;0;0;0;0;0;0;0;0
FR;5;2021-03-10;0;0;0;0;0;0;0;0;0;0;0;0;0;0;0;0;0;0
FR;5;2021-03-11;0;0;0;0;0;0;0;0;0;0;0;0;0;0;0;0;0;0
FR;5;2021-03-12;0;0;0;0;0;0;0;0;0;0;0;0;0;0;0;0;0;0
FR;5;2021-03-13;0;0;0;0;0;0;0;0;0;0;0;0;0;0;0;0;0;0
FR;5;2021-03-14;0;0;0;0;0;0;0;0;0;0;0;0;0;0;0;0;0;0
FR;5;2021-03-15;0;0;0;0;0;0;0;0;0;0;0;0;0;0;0;0;0;0
FR;5;2021-03-16;0;0;0;0;0;0;0;0;0;0;0;0;0;0;0;0;0;0
FR;5;2021-03-17;0;0;0;0;0;0;0;0;0;0;0;0;0;0;0;0;0;0
FR;5;2021-03-18;0;0;0;0;0;0;0;0;0;0;0;0;0;0;0;0;0;0
FR;5;2021-03-19;0;0;0;0;0;0;0;0;0;0;0;0;0;0;0;0;0;0
FR;5;2021-03-20;0;0;0;0;0;0;0;0;0;0;0;0;0;0;0;0;0;0
FR;5;2021-03-21;0;0;0;0;0;0;0;0;0;0;0;0;0;0;0;0;0;0
FR;5;2021-03-22;0;0;0;0;0;0;0;0;0;0;0;0;0;0;0;0;0;0
FR;5;2021-03-23;0;0;0;0;0;0;0;0;0;0;0;0;0;0;0;0;0;0
FR;5;2021-03-24;0;0;0;0;0;0;0;0;0;0;0;0;0;0;0;0;0;0
FR;5;2021-03-25;0;0;0;0;0;0;0;0;0;0;0;0;0;0;0;0;0;0
FR;5;2021-03-26;0;0;0;0;0;0;0;0;0;0;0;0;0;0;0;0;0;0
FR;5;2021-03-27;0;0;0;0;0;0;0;0;0;0;0;0;0;0;0;0;0;0
FR;5;2021-03-28;0;0;0;0;0;0;0;0;0;0;0;0;0;0;0;0;0;0
FR;5;2021-03-29;0;0;0;0;0;0;0;0;0;0;0;0;0;0;0;0;0;0
FR;5;2021-03-30;0;0;0;0;0;0;0;0;0;0;0;0;0;0;0;0;0;0
FR;5;2021-03-31;0;0;0;0;0;0;0;0;0;0;0;0;0;0;0;0;0;0
FR;5;2021-04-01;0;0;0;0;0;0;0;0;0;0;0;0;0;0;0;0;0;0
FR;5;2021-04-02;0;0;0;0;0;0;0;0;0;0;0;0;0;0;0;0;0;0
FR;5;2021-04-03;0;0;0;0;0;0;0;0;0;0;0;0;0;0;0;0;0;0
FR;5;2021-04-04;0;0;0;0;0;0;0;0;0;0;0;0;0;0;0;0;0;0
FR;5;2021-04-05;0;0;0;0;0;0;0;0;0;0;0;0;0;0;0;0;0;0
FR;5;2021-04-06;0;0;0;0;0;0;0;0;0;0;0;0;0;0;0;0;0;0
FR;5;2021-04-07;0;0;0;0;0;0;0;0;0;0;0;0;0;0;0;0;0;0
FR;5;2021-04-08;0;0;0;0;0;0;0;0;0;0;0;0;0;0;0;0;0;0
FR;5;2021-04-09;0;0;0;0;0;0;0;0;0;0;0;0;0;0;0;0;0;0
FR;5;2021-04-10;0;0;0;0;0;0;0;0;0;0;0;0;0;0;0;0;0;0
FR;5;2021-04-11;0;0;0;0;0;0;0;0;0;0;0;0;0;0;0;0;0;0
FR;5;2021-04-12;0;0;0;0;0;0;0;0;0;0;0;0;0;0;0;0;0;0
FR;5;2021-04-13;0;0;0;0;0;0;0;0;0;0;0;0;0;0;0;0;0;0
FR;5;2021-04-14;0;0;0;0;0;0;0;0;0;0;0;0;0;0;0;0;0;0
FR;5;2021-04-15;0;0;0;0;0;0;0;0;0;0;0;0;0;0;0;0;0;0
FR;5;2021-04-16;0;0;0;0;0;0;0;0;0;0;0;0;0;0;0;0;0;0
FR;5;2021-04-17;0;0;0;0;0;0;0;0;0;0;0;0;0;0;0;0;0;0
FR;5;2021-04-18;0;0;0;0;0;0;0;0;0;0;0;0;0;0;0;0;0;0
FR;5;2021-04-19;0;0;0;0;0;0;0;0;0;0;0;0;0;0;0;0;0;0
FR;5;2021-04-20;0;0;0;0;0;0;0;0;0;0;0;0;0;0;0;0;0;0
FR;5;2021-04-21;0;0;0;0;0;0;0;0;0;0;0;0;0;0;0;0;0;0
FR;5;2021-04-22;0;0;0;0;0;0;0;0;0;0;0;0;0;0;0;0;0;0
FR;5;2021-04-23;0;0;0;0;0;0;0;0;0;0;0;0;0;0;0;0;0;0
FR;5;2021-04-24;0;0;0;0;0;0;0;0;0;0;0;0;0;0;0;0;0;0
FR;5;2021-04-25;0;0;0;0;0;0;0;0;0;0;0;0;0;0;0;0;0;0
FR;5;2021-04-26;0;0;0;0;0;0;0;0;0;0;0;0;0;0;0;0;0;0
FR;5;2021-04-27;0;0;0;0;0;0;0;0;0;0;0;0;0;0;0;0;0;0
FR;5;2021-04-28;0;0;0;0;0;0;0;0;0;0;0;0;0;0;0;0;0;0
FR;5;2021-04-29;0;0;0;0;0;0;0;0;0;0;0;0;0;0;0;0;0;0
FR;5;2021-04-30;0;0;0;0;0;0;0;0;0;0;0;0;0;0;0;0;0;0
FR;5;2021-05-01;0;0;0;0;0;0;0;0;0;0;0;0;0;0;0;0;0;0
FR;5;2021-05-02;0;0;0;0;0;0;0;0;0;0;0;0;0;0;0;0;0;0
FR;5;2021-05-03;0;0;0;0;0;0;0;0;0;0;0;0;0;0;0;0;0;0
FR;5;2021-05-04;0;0;0;0;0;0;0;0;0;0;0;0;0;0;0;0;0;0
FR;5;2021-05-05;0;0;0;0;0;0;0;0;0;0;0;0;0;0;0;0;0;0
FR;5;2021-05-06;0;0;0;0;0;0;0;0;0;0;0;0;0;0;0;0;0;0
FR;5;2021-05-07;0;0;0;0;0;0;0;0;0;0;0;0;0;0;0;0;0;0
FR;5;2021-05-08;0;0;0;0;0;0;0;0;0;0;0;0;0;0;0;0;0;0
FR;5;2021-05-09;0;0;0;0;0;0;0;0;0;0;0;0;0;0;0;0;0;0
FR;5;2021-05-10;0;0;0;0;0;0;0;0;0;0;0;0;0;0;0;0;0;0
FR;5;2021-05-11;0;0;0;0;0;0;0;0;0;0;0;0;0;0;0;0;0;0
FR;5;2021-05-12;0;0;0;0;0;0;0;0;0;0;0;0;0;0;0;0;0;0
FR;5;2021-05-13;0;0;0;0;0;0;0;0;0;0;0;0;0;0;0;0;0;0
FR;5;2021-05-14;0;0;0;0;0;0;0;0;0;0;0;0;0;0;0;0;0;0
FR;5;2021-05-15;0;0;0;0;0;0;0;0;0;0;0;0;0;0;0;0;0;0
FR;5;2021-05-16;0;0;0;0;0;0;0;0;0;0;0;0;0;0;0;0;0;0
FR;5;2021-05-17;0;0;0;0;0;0;0;0;0;0;0;0;0;0;0;0;0;0
FR;5;2021-05-18;0;0;0;0;0;0;0;0;0;0;0;0;0;0;0;0;0;0
FR;5;2021-05-19;0;0;0;0;0;0;0;0;0;0;0;0;0;0;0;0;0;0
FR;5;2021-05-20;0;0;0;0;0;0;0;0;0;0;0;0;0;0;0;0;0;0
FR;5;2021-05-21;0;0;0;0;0;0;0;0;0;0;0;0;0;0;0;0;0;0
FR;5;2021-05-22;0;0;0;0;0;0;0;0;0;0;0;0;0;0;0;0;0;0
FR;5;2021-05-23;0;0;0;0;0;0;0;0;0;0;0;0;0;0;0;0;0;0
FR;5;2021-05-24;0;0;0;0;0;0;0;0;0;0;0;0;0;0;0;0;0;0
FR;5;2021-05-25;0;0;0;0;0;0;0;0;0;0;0;0;0;0;0;0;0;0
FR;5;2021-05-26;0;0;0;0;0;0;0;0;0;0;0;0;0;0;0;0;0;0
FR;5;2021-05-27;0;0;0;0;0;0;0;0;0;0;0;0;0;0;0;0;0;0
FR;5;2021-05-28;0;0;0;0;0;0;0;0;0;0;0;0;0;0;0;0;0;0
FR;5;2021-05-29;0;0;0;0;0;0;0;0;0;0;0;0;0;0;0;0;0;0
FR;5;2021-05-30;0;0;0;0;0;0;0;0;0;0;0;0;0;0;0;0;0;0
FR;5;2021-05-31;0;0;0;0;0;0;0;0;0;0;0;0;0;0;0;0;0;0
FR;5;2021-06-01;0;0;0;0;0;0;0;0;0;0;0;0;0;0;0;0;0;0
FR;5;2021-06-02;0;0;0;0;0;0;0;0;0;0;0;0;0;0;0;0;0;0
FR;5;2021-06-03;0;0;0;0;0;0;0;0;0;0;0;0;0;0;0;0;0;0
FR;5;2021-06-04;0;0;0;0;0;0;0;0;0;0;0;0;0;0;0;0;0;0
FR;5;2021-06-05;0;0;0;0;0;0;0;0;0;0;0;0;0;0;0;0;0;0
FR;5;2021-06-06;0;0;0;0;0;0;0;0;0;0;0;0;0;0;0;0;0;0
FR;5;2021-06-07;0;0;0;0;0;0;0;0;0;0;0;0;0;0;0;0;0;0
FR;5;2021-06-08;0;0;0;0;0;0;0;0;0;0;0;0;0;0;0;0;0;0
FR;5;2021-06-09;0;0;0;0;0;0;0;0;0;0;0;0;0;0;0;0;0;0
FR;5;2021-06-10;0;0;0;0;0;0;0;0;0;0;0;0;0;0;0;0;0;0
FR;5;2021-06-11;0;0;0;0;0;0;0;0;0;0;0;0;0;0;0;0;0;0
FR;5;2021-06-12;0;0;0;0;0;0;0;0;0;0;0;0;0;0;0;0;0;0
FR;5;2021-06-13;0;0;0;0;0;0;0;0;0;0;0;0;0;0;0;0;0;0
FR;5;2021-06-14;0;0;0;0;0;0;0;0;0;0;0;0;0;0;0;0;0;0
FR;5;2021-06-15;0;0;0;0;0;0;0;0;0;0;0;0;0;0;0;0;0;0
FR;5;2021-06-16;0;0;0;0;0;0;0;0;0;0;0;0;0;0;0;0;0;0
FR;5;2021-06-17;0;0;0;0;0;0;0;0;0;0;0;0;0;0;0;0;0;0
FR;5;2021-06-18;0;0;0;0;0;0;0;0;0;0;0;0;0;0;0;0;0;0
FR;5;2021-06-19;0;0;0;0;0;0;0;0;0;0;0;0;0;0;0;0;0;0
FR;5;2021-06-20;0;0;0;0;0;0;0;0;0;0;0;0;0;0;0;0;0;0
FR;5;2021-06-21;0;0;0;0;0;0;0;0;0;0;0;0;0;0;0;0;0;0
FR;5;2021-06-22;0;0;0;0;0;0;0;0;0;0;0;0;0;0;0;0;0;0
FR;5;2021-06-23;0;0;0;0;0;0;0;0;0;0;0;0;0;0;0;0;0;0
FR;5;2021-06-24;0;0;0;0;0;0;0;0;0;0;0;0;0;0;0;0;0;0
FR;5;2021-06-25;0;0;0;0;0;0;0;0;0;0;0;0;0;0;0;0;0;0
FR;5;2021-06-26;0;0;0;0;0;0;0;0;0;0;0;0;0;0;0;0;0;0
FR;5;2021-06-27;0;0;0;0;0;0;0;0;0;0;0;0;0;0;0;0;0;0
FR;5;2021-06-28;0;0;0;0;0;0;0;0;0;0;0;0;0;0;0;0;0;0
FR;5;2021-06-29;0;0;0;0;0;0;0;0;0;0;0;0;0;0;0;0;0;0
FR;5;2021-06-30;0;0;0;0;0;0;0;0;0;0;0;0;0;0;0;0;0;0
FR;5;2021-07-01;0;0;0;0;0;0;0;0;0;0;0;0;0;0;0;0;0;0
FR;5;2021-07-02;0;0;0;0;0;0;0;0;0;0;0;0;0;0;0;0;0;0
FR;5;2021-07-03;0;0;0;0;0;0;0;0;0;0;0;0;0;0;0;0;0;0
FR;5;2021-07-04;0;0;0;0;0;0;0;0;0;0;0;0;0;0;0;0;0;0
FR;5;2021-07-05;0;0;0;0;0;0;0;0;0;0;0;0;0;0;0;0;0;0
FR;5;2021-07-06;0;0;0;0;0;0;0;0;0;0;0;0;0;0;0;0;0;0
FR;5;2021-07-07;0;0;0;0;0;0;0;0;0;0;0;0;0;0;0;0;0;0
FR;5;2021-07-08;0;0;0;0;0;0;0;0;0;0;0;0;0;0;0;0;0;0
FR;5;2021-07-09;0;0;0;0;0;0;0;0;0;0;0;0;0;0;0;0;0;0
FR;5;2021-07-10;0;0;0;0;0;0;0;0;0;0;0;0;0;0;0;0;0;0
FR;5;2021-07-11;0;0;0;0;0;0;0;0;0;0;0;0;0;0;0;0;0;0
FR;5;2021-07-12;0;0;0;0;0;0;0;0;0;0;0;0;0;0;0;0;0;0
FR;5;2021-07-13;0;0;0;0;0;0;0;0;0;0;0;0;0;0;0;0;0;0
FR;5;2021-07-14;0;0;0;0;0;0;0;0;0;0;0;0;0;0;0;0;0;0
FR;5;2021-07-15;0;0;0;0;0;0;0;0;0;0;0;0;0;0;0;0;0;0
FR;5;2021-07-16;0;0;0;0;0;0;0;0;0;0;0;0;0;0;0;0;0;0
FR;5;2021-07-17;0;0;0;0;0;0;0;0;0;0;0;0;0;0;0;0;0;0
FR;5;2021-07-18;0;0;0;0;0;0;0;0;0;0;0;0;0;0;0;0;0;0
FR;5;2021-07-19;0;0;0;0;0;0;0;0;0;0;0;0;0;0;0;0;0;0
FR;5;2021-07-20;0;0;0;0;0;0;0;0;0;0;0;0;0;0;0;0;0;0
FR;5;2021-07-21;0;0;0;0;0;0;0;0;0;0;0;0;0;0;0;0;0;0
FR;5;2021-07-22;0;0;0;0;0;0;0;0;0;0;0;0;0;0;0;0;0;0
FR;5;2021-07-23;0;0;0;0;0;0;0;0;0;0;0;0;0;0;0;0;0;0
FR;5;2021-07-24;0;0;0;0;0;0;0;0;0;0;0;0;0;0;0;0;0;0
FR;5;2021-07-25;0;0;0;0;0;0;0;0;0;0;0;0;0;0;0;0;0;0
FR;5;2021-07-26;0;0;0;0;0;0;0;0;0;0;0;0;0;0;0;0;0;0
FR;5;2021-07-27;0;0;0;0;0;0;0;0;0;0;0;0;0;0;0;0;0;0
FR;5;2021-07-28;0;0;0;0;0;0;0;0;0;0;0;0;0;0;0;0;0;0
FR;5;2021-07-29;0;0;0;0;0;0;0;0;0;0;0;0;0;0;0;0;0;0
FR;5;2021-07-30;0;0;0;0;0;0;0;0;0;0;0;0;0;0;0;0;0;0
FR;5;2021-07-31;0;0;0;0;0;0;0;0;0;0;0;0;0;0;0;0;0;0
FR;5;2021-08-01;0;0;0;0;0;0;0;0;0;0;0;0;0;0;0;0;0;0
FR;5;2021-08-02;0;0;0;0;0;0;0;0;0;0;0;0;0;0;0;0;0;0
FR;5;2021-08-03;0;0;0;0;0;0;0;0;0;0;0;0;0;0;0;0;0;0
FR;5;2021-08-04;0;0;0;0;0;0;0;0;0;0;0;0;0;0;0;0;0;0
FR;5;2021-08-05;0;0;0;0;0;0;0;0;0;0;0;0;0;0;0;0;0;0
FR;5;2021-08-06;0;0;0;0;0;0;0;0;0;0;0;0;0;0;0;0;0;0
FR;5;2021-08-07;0;0;0;0;0;0;0;0;0;0;0;0;0;0;0;0;0;0
FR;5;2021-08-08;0;0;0;0;0;0;0;0;0;0;0;0;0;0;0;0;0;0
FR;5;2021-08-09;0;0;0;0;0;0;0;0;0;0;0;0;0;0;0;0;0;0
FR;5;2021-08-10;0;0;0;0;0;0;0;0;0;0;0;0;0;0;0;0;0;0
FR;5;2021-08-11;0;0;0;0;0;0;0;0;0;0;0;0;0;0;0;0;0;0
FR;5;2021-08-12;0;0;0;0;0;0;0;0;0;0;0;0;0;0;0;0;0;0
FR;5;2021-08-13;0;0;0;0;0;0;0;0;0;0;0;0;0;0;0;0;0;0
FR;5;2021-08-14;0;0;0;0;0;0;0;0;0;0;0;0;0;0;0;0;0;0
FR;5;2021-08-15;0;0;0;0;0;0;0;0;0;0;0;0;0;0;0;0;0;0
FR;5;2021-08-16;0;0;0;0;0;0;0;0;0;0;0;0;0;0;0;0;0;0
FR;5;2021-08-17;0;0;0;0;0;0;0;0;0;0;0;0;0;0;0;0;0;0
FR;5;2021-08-18;0;0;0;0;0;0;0;0;0;0;0;0;0;0;0;0;0;0
FR;5;2021-08-19;0;0;0;0;0;0;0;0;0;0;0;0;0;0;0;0;0;0
FR;5;2021-08-20;0;0;0;0;0;0;0;0;0;0;0;0;0;0;0;0;0;0
FR;5;2021-08-21;0;0;0;0;0;0;0;0;0;0;0;0;0;0;0;0;0;0
FR;5;2021-08-22;0;0;0;0;0;0;0;0;0;0;0;0;0;0;0;0;0;0
FR;5;2021-08-23;0;0;0;0;0;0;0;0;0;0;0;0;0;0;0;0;0;0
FR;5;2021-08-24;0;0;0;0;0;0;0;0;0;0;0;0;0;0;0;0;0;0
FR;5;2021-08-25;0;0;0;0;0;0;0;0;0;0;0;0;0;0;0;0;0;0
FR;5;2021-08-26;0;0;0;0;0;0;0;0;0;0;0;0;0;0;0;0;0;0
FR;5;2021-08-27;0;0;0;0;0;0;0;0;0;0;0;0;0;0;0;0;0;0
FR;5;2021-08-28;0;0;0;0;0;0;0;0;0;0;0;0;0;0;0;0;0;0
FR;5;2021-08-29;0;0;0;0;0;0;0;0;0;0;0;0;0;0;0;0;0;0
FR;5;2021-08-30;0;0;0;0;0;0;0;0;0;0;0;0;0;0;0;0;0;0
FR;5;2021-08-31;0;0;0;0;0;0;0;0;0;0;0;0;0;0;0;0;0;0
FR;5;2021-09-01;0;0;0;0;0;0;0;0;0;0;0;0;0;0;0;0;0;0
FR;5;2021-09-02;0;0;0;0;0;0;0;0;0;0;0;0;0;0;0;0;0;0
FR;5;2021-09-03;0;0;0;0;0;0;0;0;0;0;0;0;0;0;0;0;0;0
FR;5;2021-09-04;0;0;0;0;0;0;0;0;0;0;0;0;0;0;0;0;0;0
FR;5;2021-09-05;0;0;0;0;0;0;0;0;0;0;0;0;0;0;0;0;0;0
FR;5;2021-09-06;0;0;0;0;0;0;0;0;0;0;0;0;0;0;0;0;0;0
FR;5;2021-09-07;0;0;0;0;0;0;0;0;0;0;0;0;0;0;0;0;0;0
FR;5;2021-09-08;0;0;0;0;0;0;0;0;0;0;0;0;0;0;0;0;0;0
FR;5;2021-09-09;0;0;0;0;0;0;0;0;0;0;0;0;0;0;0;0;0;0
FR;5;2021-09-10;0;0;0;0;0;0;0;0;0;0;0;0;0;0;0;0;0;0
FR;5;2021-09-11;0;0;0;0;0;0;0;0;0;0;0;0;0;0;0;0;0;0
FR;5;2021-09-12;0;0;0;0;0;0;0;0;0;0;0;0;0;0;0;0;0;0
FR;5;2021-09-13;0;0;0;0;0;0;0;0;0;0;0;0;0;0;0;0;0;0
FR;5;2021-09-14;0;0;0;0;0;0;0;0;0;0;0;0;0;0;0;0;0;0
FR;5;2021-09-15;0;0;0;0;0;0;0;0;0;0;0;0;0;0;0;0;0;0
FR;5;2021-09-16;0;0;0;0;0;0;0;0;0;0;0;0;0;0;0;0;0;0
FR;5;2021-09-17;0;0;0;0;0;0;0;0;0;0;0;0;0;0;0;0;0;0
FR;5;2021-09-18;0;0;0;0;0;0;0;0;0;0;0;0;0;0;0;0;0;0
FR;5;2021-09-19;0;0;0;0;0;0;0;0;0;0;0;0;0;0;0;0;0;0
FR;5;2021-09-20;0;0;0;0;0;0;0;0;0;0;0;0;0;0;0;0;0;0
FR;5;2021-09-21;0;0;0;0;0;0;0;0;0;0;0;0;0;0;0;0;0;0
FR;5;2021-09-22;0;0;0;0;0;0;0;0;0;0;0;0;0;0;0;0;0;0
FR;5;2021-09-23;0;0;0;0;0;0;0;0;0;0;0;0;0;0;0;0;0;0
FR;5;2021-09-24;0;0;0;0;0;0;0;0;0;0;0;0;0;0;0;0;0;0
FR;5;2021-09-25;0;0;0;0;0;0;0;0;0;0;0;0;0;0;0;0;0;0
FR;5;2021-09-26;0;0;0;0;0;0;0;0;0;0;0;0;0;0;0;0;0;0
FR;5;2021-09-27;0;0;0;0;0;0;0;0;0;0;0;0;0;0;0;0;0;0
FR;5;2021-09-28;0;0;0;0;0;0;0;0;0;0;0;0;0;0;0;0;0;0
FR;5;2021-09-29;0;0;0;0;0;0;0;0;0;0;0;0;0;0;0;0;0;0
FR;5;2021-09-30;0;0;0;0;0;0;0;0;0;0;0;0;0;0;0;0;0;0
FR;5;2021-10-01;0;0;0;0;0;0;0;0;0;0;0;0;0;0;0;0;0;0
FR;5;2021-10-02;0;0;0;0;0;0;0;0;0;0;0;0;0;0;0;0;0;0
FR;5;2021-10-03;0;0;0;0;0;0;0;0;0;0;0;0;0;0;0;0;0;0
FR;5;2021-10-04;0;0;0;0;0;0;0;0;0;0;0;0;0;0;0;0;0;0
FR;5;2021-10-05;0;0;0;0;0;0;0;0;0;0;0;0;0;0;0;0;0;0
FR;5;2021-10-06;0;0;0;0;0;0;0;0;0;0;0;0;0;0;0;0;0;0
FR;5;2021-10-07;0;0;0;0;0;0;0;0;0;0;0;0;0;0;0;0;0;0
FR;5;2021-10-08;0;0;0;0;0;0;0;0;0;0;0;0;0;0;0;0;0;0
FR;5;2021-10-09;0;0;0;0;0;0;0;0;0;0;0;0;0;0;0;0;0;0
FR;5;2021-10-10;0;0;0;0;0;0;0;0;0;0;0;0;0;0;0;0;0;0
FR;5;2021-10-11;0;0;0;0;0;0;0;0;0;0;0;0;0;0;0;0;0;0
FR;5;2021-10-12;0;0;0;0;0;0;0;0;0;0;0;0;0;0;0;0;0;0
FR;5;2021-10-13;0;0;0;0;0;0;0;0;0;0;0;0;0;0;0;0;0;0
FR;5;2021-10-14;0;0;0;0;0;0;0;0;0;0;0;0;0;0;0;0;0;0
FR;5;2021-10-15;0;0;0;0;0;0;0;0;0;0;0;0;0;0;0;0;0;0
FR;5;2021-10-16;0;0;0;0;0;0;0;0;0;0;0;0;0;0;0;0;0;0
FR;5;2021-10-17;0;0;0;0;0;0;0;0;0;0;0;0;0;0;0;0;0;0
FR;5;2021-10-18;0;0;0;0;0;0;0;0;0;0;0;0;0;0;0;0;0;0
FR;5;2021-10-19;0;0;0;0;0;0;0;0;0;0;0;0;0;0;0;0;0;0
FR;5;2021-10-20;0;0;0;0;0;0;0;0;0;0;0;0;0;0;0;0;0;0
FR;5;2021-10-21;0;0;0;0;0;0;0;0;0;0;0;0;0;0;0;0;0;0
FR;5;2021-10-22;0;0;0;0;0;0;0;0;0;0;0;0;0;0;0;0;0;0
FR;5;2021-10-23;0;0;0;0;0;0;0;0;0;0;0;0;0;0;0;0;0;0
FR;5;2021-10-24;0;0;0;0;0;0;0;0;0;0;0;0;0;0;0;0;0;0
FR;5;2021-10-25;0;0;0;0;0;0;0;0;0;0;0;0;0;0;0;0;0;0
FR;5;2021-10-26;0;0;0;0;0;0;0;0;0;0;0;0;0;0;0;0;0;0
FR;5;2021-10-27;0;0;0;0;0;0;0;0;0;0;0;0;0;0;0;0;0;0
FR;5;2021-10-28;0;0;0;0;0;0;0;0;0;0;0;0;0;0;0;0;0;0
FR;5;2021-10-29;0;0;0;0;0;0;0;0;0;0;0;0;0;0;0;0;0;0
FR;5;2021-10-30;0;0;0;0;0;0;0;0;0;0;0;0;0;0;0;0;0;0
FR;5;2021-10-31;0;0;0;0;0;0;0;0;0;0;0;0;0;0;0;0;0;0
FR;5;2021-11-01;0;0;0;0;0;0;0;0;0;0;0;0;0;0;0;0;0;0
FR;5;2021-11-02;0;0;0;0;0;0;0;0;0;0;0;0;0;0;0;0;0;0
FR;5;2021-11-03;0;0;0;0;0;0;0;0;0;0;0;0;0;0;0;0;0;0
FR;5;2021-11-04;0;0;0;0;0;0;0;0;0;0;0;0;0;0;0;0;0;0
FR;5;2021-11-05;0;0;0;0;0;0;0;0;0;0;0;0;0;0;0;0;0;0
FR;5;2021-11-06;0;0;0;0;0;0;0;0;0;0;0;0;0;0;0;0;0;0
FR;5;2021-11-07;0;0;0;0;0;0;0;0;0;0;0;0;0;0;0;0;0;0
FR;5;2021-11-08;0;0;0;0;0;0;0;0;0;0;0;0;0;0;0;0;0;0
FR;5;2021-11-09;0;0;0;0;0;0;0;0;0;0;0;0;0;0;0;0;0;0
FR;5;2021-11-10;0;0;0;0;0;0;0;0;0;0;0;0;0;0;0;0;0;0
FR;5;2021-11-11;0;0;0;0;0;0;0;0;0;0;0;0;0;0;0;0;0;0
FR;5;2021-11-12;0;0;0;0;0;0;0;0;0;0;0;0;0;0;0;0;0;0
FR;5;2021-11-13;0;0;0;0;0;0;0;0;0;0;0;0;0;0;0;0;0;0
FR;5;2021-11-14;0;0;0;0;0;0;0;0;0;0;0;0;0;0;0;0;0;0
FR;5;2021-11-15;0;0;0;0;0;0;0;0;0;0;0;0;0;0;0;0;0;0
FR;5;2021-11-16;0;0;0;0;0;0;0;0;0;0;0;0;0;0;0;0;0;0
FR;5;2021-11-17;0;0;0;0;0;0;0;0;0;0;0;0;0;0;0;0;0;0
FR;5;2021-11-18;0;0;0;0;0;0;0;0;0;0;0;0;0;0;0;0;0;0
FR;5;2021-11-19;0;0;0;0;0;0;0;0;0;0;0;0;0;0;0;0;0;0
FR;5;2021-11-20;0;0;0;0;0;0;0;0;0;0;0;0;0;0;0;0;0;0
FR;5;2021-11-21;0;0;0;0;0;0;0;0;0;0;0;0;0;0;0;0;0;0
FR;5;2021-11-22;0;0;0;0;0;0;0;0;0;0;0;0;0;0;0;0;0;0
FR;5;2021-11-23;0;0;0;0;0;0;0;0;0;0;0;0;0;0;0;0;0;0
FR;5;2021-11-24;0;0;0;0;0;0;0;0;0;0;0;0;0;0;0;0;0;0
FR;5;2021-11-25;0;0;0;0;0;0;0;0;0;0;0;0;0;0;0;0;0;0
FR;5;2021-11-26;0;0;0;0;0;0;0;0;0;0;0;0;0;0;0;0;0;0
FR;5;2021-11-27;0;0;0;0;0;0;0;0;0;0;0;0;0;0;0;0;0;0
FR;5;2021-11-28;0;0;0;0;0;0;0;0;0;0;0;0;0;0;0;0;0;0
FR;5;2021-11-29;0;0;0;0;0;0;0;0;0;0;0;0;0;0;0;0;0;0
FR;5;2021-11-30;0;0;0;0;0;0;0;0;0;0;0;0;0;0;0;0;0;0
FR;5;2021-12-01;0;0;0;0;0;0;0;0;0;0;0;0;0;0;0;0;0;0
FR;5;2021-12-02;0;0;0;0;0;0;0;0;0;0;0;0;0;0;0;0;0;0
FR;5;2021-12-03;0;0;0;0;0;0;0;0;0;0;0;0;0;0;0;0;0;0
FR;5;2021-12-04;0;0;0;0;0;0;0;0;0;0;0;0;0;0;0;0;0;0
FR;5;2021-12-05;0;0;0;0;0;0;0;0;0;0;0;0;0;0;0;0;0;0
FR;5;2021-12-06;0;0;0;0;0;0;0;0;0;0;0;0;0;0;0;0;0;0
FR;5;2021-12-07;0;0;0;0;0;0;0;0;0;0;0;0;0;0;0;0;0;0
FR;5;2021-12-08;0;0;0;0;0;0;0;0;0;0;0;0;0;0;0;0;0;0
FR;5;2021-12-09;0;0;0;0;0;0;0;0;0;0;0;0;0;0;0;0;0;0
FR;5;2021-12-10;0;0;0;0;0;0;0;0;0;0;0;0;0;0;0;0;0;0
FR;5;2021-12-11;0;0;0;0;0;0;0;0;0;0;0;0;0;0;0;0;0;0
FR;5;2021-12-12;0;0;0;0;0;0;0;0;0;0;0;0;0;0;0;0;0;0
FR;5;2021-12-13;0;0;0;0;0;0;0;0;0;0;0;0;0;0;0;0;0;0
FR;5;2021-12-14;33;45;77;0;27;88;1;0;0;33;45;77;0;27;88;1;0;0
FR;5;2021-12-15;196;44;37;0;42;49;0;0;0;229;89;114;0;69;137;1;0;0
FR;5;2021-12-16;181;21;44;0;38;48;0;0;0;410;110;158;0;107;185;1;0;0
FR;5;2021-12-17;313;16;72;0;34;74;2;0;0;723;126;230;0;141;259;3;0;0
FR;5;2021-12-18;766;24;22;0;67;29;0;0;0;1489;150;252;0;208;288;3;0;0
FR;5;2021-12-19;585;15;15;0;67;17;0;0;0;2074;165;267;0;275;305;3;0;0
FR;5;2021-12-20;1225;31;34;0;134;37;2;0;0;3299;196;301;0;409;342;5;0;0
FR;5;2021-12-21;1535;22;54;1;141;60;0;0;0;4834;218;355;1;550;402;5;0;0
FR;5;2021-12-22;4069;40;37;0;420;46;2;0;0;8903;258;392;1;970;448;7;0;0
FR;5;2021-12-23;3043;16;21;0;305;25;0;0;0;11946;274;413;1;1275;473;7;0;0
FR;5;2021-12-24;761;18;9;0;103;14;0;0;0;12707;292;422;1;1378;487;7;0;0
FR;5;2021-12-25;61;5;2;0;9;3;0;0;0;12768;297;424;1;1387;490;7;0;0
FR;5;2021-12-26;623;6;3;0;101;4;0;0;0;13391;303;427;1;1488;494;7;0;0
FR;5;2021-12-27;4085;25;21;0;458;23;1;0;0;17476;328;448;1;1946;517;8;0;0
FR;5;2021-12-28;5204;23;41;1;513;43;2;0;0;22680;351;489;2;2459;560;10;0;0
FR;5;2021-12-29;8105;34;66;1;888;69;0;0;0;30785;385;555;3;3347;629;10;0;0
FR;5;2021-12-30;5173;18;33;0;525;39;0;0;0;35958;403;588;3;3872;668;10;0;0
FR;5;2021-12-31;1554;8;10;0;182;11;0;0;0;37512;411;598;3;4054;679;10;0;0
FR;5;2022-01-01;186;2;2;0;24;3;0;0;0;37698;413;600;3;4078;682;10;0;0
FR;5;2022-01-02;1489;1;1;0;152;1;0;0;0;39187;414;601;3;4230;683;10;0;0
FR;5;2022-01-03;3069;36;34;0;323;33;1;0;0;42256;450;635;3;4553;716;11;0;0
FR;5;2022-01-04;3034;39;33;0;321;42;3;0;0;45290;489;668;3;4874;758;14;0;0
FR;5;2022-01-05;19324;203;97;1;2117;108;0;0;0;64614;692;765;4;6991;866;14;0;0
FR;5;2022-01-06;3748;134;122;0;507;142;2;0;0;68362;826;887;4;7498;1008;16;0;0
FR;5;2022-01-07;5006;202;48;2;704;56;1;0;0;73368;1028;935;6;8202;1064;17;0;0
FR;5;2022-01-08;13659;514;45;0;2003;52;0;0;0;87027;1542;980;6;10205;1116;17;0;0
FR;5;2022-01-09;5754;399;15;0;1112;20;1;0;0;92781;1941;995;6;11317;1136;18;0;0
FR;5;2022-01-10;3455;326;25;0;735;29;0;0;0;96236;2267;1020;6;12052;1165;18;0;0
FR;5;2022-01-11;3671;283;38;0;661;41;1;0;0;99907;2550;1058;6;12713;1206;19;0;0
FR;5;2022-01-12;22650;3005;89;0;5297;112;2;0;0;122557;5555;1147;6;18010;1318;21;0;0
FR;5;2022-01-13;4039;623;29;0;1051;31;2;0;0;126596;6178;1176;6;19061;1349;23;0;0
FR;5;2022-01-14;4843;583;45;0;1115;52;1;0;0;131439;6761;1221;6;20176;1401;24;0;0
FR;5;2022-01-15;14686;1747;38;3;3378;49;3;0;0;146125;8508;1259;9;23554;1450;27;0;0
FR;5;2022-01-16;4728;666;3;0;1261;5;0;0;0;150853;9174;1262;9;24815;1455;27;0;0
FR;5;2022-01-17;2297;718;26;0;986;29;0;0;0;153150;9892;1288;9;25801;1484;27;0;0
FR;5;2022-01-18;2431;870;30;0;1141;40;0;0;0;155581;10762;1318;9;26942;1524;27;0;0
FR;5;2022-01-19;18484;6423;74;2;8366;142;3;0;0;174065;17185;1392;11;35308;1666;30;0;0
FR;5;2022-01-20;1920;1067;25;0;1295;34;2;0;0;175985;18252;1417;11;36603;1700;32;0;0
FR;5;2022-01-21;3077;1372;47;1;1677;59;2;0;0;179062;19624;1464;12;38280;1759;34;0;0
FR;5;2022-01-22;10720;3454;33;1;4671;43;1;0;0;189782;23078;1497;13;42951;1802;35;0;0
FR;5;2022-01-23;2629;1415;6;0;1789;10;0;0;0;192411;24493;1503;13;44740;1812;35;0;0
FR;5;2022-01-24;1161;1341;19;0;1447;23;1;0;0;193572;25834;1522;13;46187;1835;36;0;0
FR;5;2022-01-25;1220;1550;20;2;1684;31;3;0;0;194792;27384;1542;15;47871;1866;39;0;0
FR;5;2022-01-26;10748;12032;50;1;13300;89;1;0;1;205540;39416;1592;16;61171;1955;40;0;1
FR;5;2022-01-27;1291;1693;10;0;1838;17;0;0;0;206831;41109;1602;16;63009;1972;40;0;1
FR;5;2022-01-28;1698;3346;16;0;3566;19;1;0;0;208529;44455;1618;16;66575;1991;41;0;1
FR;5;2022-01-29;6241;8041;68;0;8855;96;2;0;0;214770;52496;1686;16;75430;2087;43;0;1
FR;5;2022-01-30;1509;2950;5;0;3185;18;0;0;0;216279;55446;1691;16;78615;2105;43;0;1
FR;5;2022-01-31;589;1773;23;0;1837;24;3;0;0;216868;57219;1714;16;80452;2129;46;0;1
FR;5;2022-02-01;712;1706;10;0;1791;15;0;0;0;217580;58925;1724;16;82243;2144;46;0;1
FR;5;2022-02-02;6959;15655;52;0;16603;94;0;0;0;224539;74580;1776;16;98846;2238;46;0;1
FR;5;2022-02-03;492;1691;14;0;1748;13;5;0;0;225031;76271;1790;16;100594;2251;51;0;1
FR;5;2022-02-04;945;3002;19;0;3123;31;0;0;0;225976;79273;1809;16;103717;2282;51;0;1
FR;5;2022-02-05;3536;8919;23;0;9517;37;0;0;0;229512;88192;1832;16;113234;2319;51;0;1
FR;5;2022-02-06;737;2398;10;0;2556;19;0;0;0;230249;90590;1842;16;115790;2338;51;0;1
FR;5;2022-02-07;884;1596;23;0;1715;25;2;0;0;231133;92186;1865;16;117505;2363;53;0;1
FR;5;2022-02-08;725;1287;18;0;1407;20;2;0;0;231858;93473;1883;16;118912;2383;55;0;1
FR;5;2022-02-09;4544;12880;44;0;13608;76;1;0;0;236402;106353;1927;16;132520;2459;56;0;1
FR;5;2022-02-10;646;1059;14;0;1166;15;0;0;0;237048;107412;1941;16;133686;2474;56;0;1
FR;5;2022-02-11;793;2032;16;0;2163;21;1;0;0;237841;109444;1957;16;135849;2495;57;0;1
FR;5;2022-02-12;2286;6812;33;0;7279;53;0;0;0;240127;116256;1990;16;143128;2548;57;0;1
FR;5;2022-02-13;464;1541;8;0;1654;8;1;0;0;240591;117797;1998;16;144782;2556;58;0;1
FR;5;2022-02-14;678;1288;10;0;1407;13;1;0;0;241269;119085;2008;16;146189;2569;59;0;1
FR;5;2022-02-15;482;886;9;0;968;14;1;0;0;241751;119971;2017;16;147157;2583;60;0;1
FR;5;2022-02-16;2980;9124;41;1;9676;58;2;0;0;244731;129095;2058;17;156833;2641;62;0;1
FR;5;2022-02-17;436;809;6;0;876;7;1;0;0;245167;129904;2064;17;157709;2648;63;0;1
FR;5;2022-02-18;649;1408;13;0;1535;17;0;0;0;245816;131312;2077;17;159244;2665;63;0;1
FR;5;2022-02-19;1373;4315;16;0;4623;28;0;0;0;247189;135627;2093;17;163867;2693;63;0;1
FR;5;2022-02-20;247;879;6;0;941;8;0;0;0;247436;136506;2099;17;164808;2701;63;0;1
FR;5;2022-02-21;221;607;2;0;661;4;1;0;0;247657;137113;2101;17;165469;2705;64;0;1
FR;5;2022-02-22;262;545;17;0;591;17;1;0;0;247919;137658;2118;17;166060;2722;65;0;1
FR;5;2022-02-23;1909;6926;23;1;7346;43;0;0;0;249828;144584;2141;18;173406;2765;65;0;1
FR;5;2022-02-24;182;374;6;1;421;7;1;0;0;250010;144958;2147;19;173827;2772;66;0;1
FR;5;2022-02-25;336;951;13;0;1028;12;2;0;0;250346;145909;2160;19;174855;2784;68;0;1
FR;5;2022-02-26;972;3071;11;0;3333;15;2;0;0;251318;148980;2171;19;178188;2799;70;0;1
FR;5;2022-02-27;151;506;0;0;549;3;0;0;0;251469;149486;2171;19;178737;2802;70;0;1
FR;5;2022-02-28;162;369;1;0;408;1;0;0;0;251631;149855;2172;19;179145;2803;70;0;1
FR;5;2022-03-01;130;280;6;0;315;7;1;0;0;251761;150135;2178;19;179460;2810;71;0;1
FR;5;2022-03-02;1242;4156;28;3;4497;40;3;0;0;253003;154291;2206;22;183957;2850;74;0;1
FR;5;2022-03-03;121;251;5;0;271;10;1;0;0;253124;154542;2211;22;184228;2860;75;0;1
FR;5;2022-03-04;197;488;13;0;538;14;2;0;0;253321;155030;2224;22;184766;2874;77;0;1
FR;5;2022-03-05;677;1990;8;0;2243;16;2;0;0;253998;157020;2232;22;187009;2890;79;0;1
FR;5;2022-03-06;108;260;0;0;310;0;0;0;0;254106;157280;2232;22;187319;2890;79;0;1
FR;5;2022-03-07;71;228;5;0;254;3;2;0;0;254177;157508;2237;22;187573;2893;81;0;1
FR;5;2022-03-08;46;134;7;1;141;8;3;0;0;254223;157642;2244;23;187714;2901;84;0;1
FR;5;2022-03-09;911;3078;24;0;3407;36;0;0;0;255134;160720;2268;23;191121;2937;84;0;1
FR;5;2022-03-10;82;202;9;0;216;13;3;0;0;255216;160922;2277;23;191337;2950;87;0;1
FR;5;2022-03-11;148;369;13;1;426;15;0;0;0;255364;161291;2290;24;191763;2965;87;0;1
FR;5;2022-03-12;758;1613;13;1;1977;30;0;0;0;256122;162904;2303;25;193740;2995;87;0;1
FR;5;2022-03-13;78;102;0;0;135;0;0;0;0;256200;163006;2303;25;193875;2995;87;0;1
FR;5;2022-03-14;69;119;7;1;139;7;1;0;0;256269;163125;2310;26;194014;3002;88;0;1
FR;5;2022-03-15;83;99;4;0;119;7;1;0;0;256352;163224;2314;26;194133;3009;89;0;1
FR;5;2022-03-16;882;1827;15;3;2227;36;7;0;0;257234;165051;2329;29;196360;3045;96;0;1
FR;5;2022-03-17;68;123;8;4;151;10;4;0;0;257302;165174;2337;33;196511;3055;100;0;1
FR;5;2022-03-18;172;318;13;4;391;18;4;0;0;257474;165492;2350;37;196902;3073;104;0;1
FR;5;2022-03-19;752;1163;12;5;1555;33;8;0;0;258226;166655;2362;42;198457;3106;112;0;1
FR;5;2022-03-20;45;93;1;0;119;1;0;0;0;258271;166748;2363;42;198576;3107;112;0;1
FR;5;2022-03-21;71;120;10;6;136;15;8;0;0;258342;166868;2373;48;198712;3122;120;0;1
FR;5;2022-03-22;56;119;8;7;143;9;6;0;0;258398;166987;2381;55;198855;3131;126;0;1
FR;5;2022-03-23;805;1461;14;8;1878;36;9;0;0;259203;168448;2395;63;200733;3167;135;0;1
FR;5;2022-03-24;71;93;8;7;118;7;10;0;0;259274;168541;2403;70;200851;3174;145;0;1
FR;5;2022-03-25;222;293;14;8;388;18;9;0;0;259496;168834;2417;78;201239;3192;154;0;1
FR;5;2022-03-26;707;853;12;5;1273;26;6;0;1;260203;169687;2429;83;202512;3218;160;0;2
FR;5;2022-03-27;76;81;0;0;124;3;0;0;0;260279;169768;2429;83;202636;3221;160;0;2
FR;5;2022-03-28;81;93;1;2;132;3;2;0;0;260360;169861;2430;85;202768;3224;162;0;2
FR;5;2022-03-29;71;83;10;4;114;12;5;0;0;260431;169944;2440;89;202882;3236;167;0;2
FR;5;2022-03-30;823;1116;16;13;1604;29;14;0;0;261254;171060;2456;102;204486;3265;181;0;2
FR;5;2022-03-31;102;125;1;4;173;6;4;0;0;261356;171185;2457;106;204659;3271;185;0;2
FR;5;2022-04-01;114;86;7;12;135;11;12;0;1;261470;171271;2464;118;204794;3282;197;0;3
FR;5;2022-04-02;330;349;3;3;535;15;4;0;0;261800;171620;2467;121;205329;3297;201;0;3
FR;5;2022-04-03;54;59;1;0;88;1;0;0;0;261854;171679;2468;121;205417;3298;201;0;3
FR;5;2022-04-04;40;57;4;1;70;8;2;0;0;261894;171736;2472;122;205487;3306;203;0;3
FR;5;2022-04-05;53;60;6;6;75;9;5;0;0;261947;171796;2478;128;205562;3315;208;0;3
FR;5;2022-04-06;421;439;7;14;678;16;14;0;0;262368;172235;2485;142;206240;3331;222;0;3
FR;5;2022-04-07;45;69;5;7;89;7;10;0;0;262413;172304;2490;149;206329;3338;232;0;3
FR;5;2022-04-08;134;112;12;13;175;14;15;0;0;262547;172416;2502;162;206504;3352;247;0;3
FR;5;2022-04-09;311;324;2;5;511;17;5;0;0;262858;172740;2504;167;207015;3369;252;0;3
FR;5;2022-04-10;44;31;2;0;61;2;1;0;0;262902;172771;2506;167;207076;3371;253;0;3
FR;5;2022-04-11;50;60;3;2;78;4;3;0;0;262952;172831;2509;169;207154;3375;256;0;3
FR;5;2022-04-12;59;54;3;3;78;5;3;0;0;263011;172885;2512;172;207232;3380;259;0;3
FR;5;2022-04-13;382;413;3;8;606;16;8;0;0;263393;173298;2515;180;207838;3396;267;0;3
FR;5;2022-04-14;48;53;5;5;70;9;3;0;0;263441;173351;2520;185;207908;3405;270;0;3
FR;5;2022-04-15;91;111;4;4;152;5;6;0;0;263532;173462;2524;189;208060;3410;276;0;3
FR;5;2022-04-16;188;184;2;1;265;13;1;0;0;263720;173646;2526;190;208325;3423;277;0;3
FR;5;2022-04-17;12;11;1;0;17;1;0;0;0;263732;173657;2527;190;208342;3424;277;0;3
FR;5;2022-04-18;9;10;2;0;11;3;1;0;0;263741;173667;2529;190;208353;3427;278;0;3
FR;5;2022-04-19;75;71;6;1;96;6;4;0;0;263816;173738;2535;191;208449;3433;282;0;3
FR;5;2022-04-20;361;349;9;6;521;12;7;0;0;264177;174087;2544;197;208970;3445;289;0;3
FR;5;2022-04-21;42;64;9;10;71;12;14;0;0;264219;174151;2553;207;209041;3457;303;0;3
FR;5;2022-04-22;113;96;5;4;144;5;5;0;0;264332;174247;2558;211;209185;3462;308;0;3
FR;5;2022-04-23;209;193;4;2;284;11;3;0;0;264541;174440;2562;213;209469;3473;311;0;3
FR;5;2022-04-24;37;35;0;0;50;3;0;0;0;264578;174475;2562;213;209519;3476;311;0;3
FR;5;2022-04-25;69;65;1;1;102;4;1;0;0;264647;174540;2563;214;209621;3480;312;0;3
FR;5;2022-04-26;60;63;2;1;85;5;1;0;0;264707;174603;2565;215;209706;3485;313;0;3
FR;5;2022-04-27;335;316;3;7;463;14;8;0;0;265042;174919;2568;222;210169;3499;321;0;3
FR;5;2022-04-28;81;54;4;5;81;8;7;0;0;265123;174973;2572;227;210250;3507;328;0;3
FR;5;2022-04-29;117;84;5;19;118;12;17;0;0;265240;175057;2577;246;210368;3519;345;0;3
FR;5;2022-04-30;183;114;2;3;184;10;4;0;0;265423;175171;2579;249;210552;3529;349;0;3
FR;5;2022-05-01;11;7;0;0;11;0;0;0;0;265434;175178;2579;249;210563;3529;349;0;3
FR;5;2022-05-02;52;28;4;5;48;2;7;0;0;265486;175206;2583;254;210611;3531;356;0;3
FR;5;2022-05-03;87;57;2;4;84;11;4;0;0;265573;175263;2585;258;210695;3542;360;0;3
FR;5;2022-05-04;278;205;1;2;324;7;2;0;0;265851;175468;2586;260;211019;3549;362;0;3
FR;5;2022-05-05;62;32;3;4;46;5;4;0;0;265913;175500;2589;264;211065;3554;366;0;3
FR;5;2022-05-06;105;65;2;3;106;5;3;0;0;266018;175565;2591;267;211171;3559;369;0;3
FR;5;2022-05-07;171;117;2;10;180;13;7;0;0;266189;175682;2593;277;211351;3572;376;0;3
FR;5;2022-05-08;8;8;0;0;9;2;0;0;0;266197;175690;2593;277;211360;3574;376;0;3
FR;5;2022-05-09;44;34;15;3;51;16;4;0;0;266241;175724;2608;280;211411;3590;380;0;3
FR;5;2022-05-10;54;49;3;4;67;5;5;0;0;266295;175773;2611;284;211478;3595;385;0;3
FR;5;2022-05-11;327;237;12;7;344;21;11;0;0;266622;176010;2623;291;211822;3616;396;0;3
FR;5;2022-05-12;46;34;2;2;47;2;3;0;0;266668;176044;2625;293;211869;3618;399;0;3
FR;5;2022-05-13;109;83;3;8;120;8;7;0;0;266777;176127;2628;301;211989;3626;406;0;3
FR;5;2022-05-14;209;131;0;1;212;8;0;0;0;266986;176258;2628;302;212201;3634;406;0;3
FR;5;2022-05-15;22;9;2;0;18;1;1;0;0;267008;176267;2630;302;212219;3635;407;0;3
FR;5;2022-05-16;52;34;4;5;53;4;5;0;0;267060;176301;2634;307;212272;3639;412;0;3
FR;5;2022-05-17;72;40;5;0;68;2;3;0;0;267132;176341;2639;307;212340;3641;415;0;3
FR;5;2022-05-18;289;215;4;4;330;8;6;0;0;267421;176556;2643;311;212670;3649;421;0;3
FR;5;2022-05-19;45;35;5;3;42;3;4;0;0;267466;176591;2648;314;212712;3652;425;0;3
FR;5;2022-05-20;76;63;3;10;92;1;11;0;0;267542;176654;2651;324;212804;3653;436;0;3
FR;5;2022-05-21;242;166;2;3;268;17;1;0;0;267784;176820;2653;327;213072;3670;437;0;3
FR;5;2022-05-22;20;14;2;5;20;2;6;0;0;267804;176834;2655;332;213092;3672;443;0;3
FR;5;2022-05-23;42;31;4;3;42;6;3;0;0;267846;176865;2659;335;213134;3678;446;0;3
FR;5;2022-05-24;47;45;3;2;60;5;2;0;0;267893;176910;2662;337;213194;3683;448;0;3
FR;5;2022-05-25;329;258;4;1;386;16;1;0;0;268222;177168;2666;338;213580;3699;449;0;3
FR;5;2022-05-26;17;5;0;1;9;2;0;0;1;268239;177173;2666;339;213589;3701;449;0;4
FR;5;2022-05-27;99;54;4;4;89;9;3;0;0;268338;177227;2670;343;213678;3710;452;0;4
FR;5;2022-05-28;100;78;5;3;106;10;3;0;0;268438;177305;2675;346;213784;3720;455;0;4
FR;5;2022-05-29;14;14;1;0;18;2;0;0;0;268452;177319;2676;346;213802;3722;455;0;4
FR;5;2022-05-30;56;41;2;1;54;2;2;0;0;268508;177360;2678;347;213856;3724;457;0;4
FR;5;2022-05-31;57;43;1;8;62;1;8;0;0;268565;177403;2679;355;213918;3725;465;0;4
FR;5;2022-06-01;257;241;9;2;300;25;5;0;0;268822;177644;2688;357;214218;3750;470;0;4
FR;5;2022-06-02;63;61;5;0;73;9;1;0;0;268885;177705;2693;357;214291;3759;471;0;4
FR;5;2022-06-03;82;71;4;5;88;10;6;0;0;268967;177776;2697;362;214379;3769;477;0;4
FR;5;2022-06-04;157;109;2;1;187;9;1;0;0;269124;177885;2699;363;214566;3778;478;0;4
FR;5;2022-06-05;18;11;0;0;21;1;0;0;0;269142;177896;2699;363;214587;3779;478;0;4
FR;5;2022-06-06;16;12;0;1;15;0;1;0;0;269158;177908;2699;364;214602;3779;479;0;4
FR;5;2022-06-07;50;56;1;1;76;2;1;0;0;269208;177964;2700;365;214678;3781;480;0;4
FR;5;2022-06-08;283;225;3;4;332;17;2;0;0;269491;178189;2703;369;215010;3798;482;0;4
FR;5;2022-06-09;52;41;6;3;57;7;2;0;1;269543;178230;2709;372;215067;3805;484;0;5
FR;5;2022-06-10;81;72;1;1;105;6;1;0;0;269624;178302;2710;373;215172;3811;485;0;5
FR;5;2022-06-11;173;141;3;3;202;10;4;0;0;269797;178443;2713;376;215374;3821;489;0;5
FR;5;2022-06-12;17;16;0;0;19;2;0;0;0;269814;178459;2713;376;215393;3823;489;0;5
FR;5;2022-06-13;56;47;9;3;70;10;6;0;0;269870;178506;2722;379;215463;3833;495;0;5
FR;5;2022-06-14;59;56;1;4;64;6;4;0;0;269929;178562;2723;383;215527;3839;499;0;5
FR;5;2022-06-15;266;260;5;2;363;27;1;0;0;270195;178822;2728;385;215890;3866;500;0;5
FR;5;2022-06-16;47;30;5;2;44;5;2;0;0;270242;178852;2733;387;215934;3871;502;0;5
FR;5;2022-06-17;100;67;5;5;102;10;5;0;0;270342;178919;2738;392;216036;3881;507;0;5
FR;5;2022-06-18;146;95;10;2;152;26;2;0;1;270488;179014;2748;394;216188;3907;509;0;6
FR;5;2022-06-19;26;15;0;1;18;4;1;0;0;270514;179029;2748;395;216206;3911;510;0;6
FR;5;2022-06-20;56;50;8;0;62;11;2;0;0;270570;179079;2756;395;216268;3922;512;0;6
FR;5;2022-06-21;53;73;5;3;91;7;5;0;1;270623;179152;2761;398;216359;3929;517;0;7
FR;5;2022-06-22;224;248;7;9;348;33;10;0;0;270847;179400;2768;407;216707;3962;527;0;7
FR;5;2022-06-23;50;38;2;5;43;6;6;0;0;270897;179438;2770;412;216750;3968;533;0;7
FR;5;2022-06-24;91;70;12;5;101;16;8;0;0;270988;179508;2782;417;216851;3984;541;0;7
FR;5;2022-06-25;154;124;3;7;185;14;8;0;1;271142;179632;2785;424;217036;3998;549;0;8
FR;5;2022-06-26;26;19;2;0;29;5;0;0;0;271168;179651;2787;424;217065;4003;549;0;8
FR;5;2022-06-27;57;60;5;7;78;11;9;0;0;271225;179711;2792;431;217143;4014;558;0;8
FR;5;2022-06-28;70;49;8;2;69;14;5;0;0;271295;179760;2800;433;217212;4028;563;0;8
FR;5;2022-06-29;297;269;9;21;391;34;23;0;0;271592;180029;2809;454;217603;4062;586;0;8
FR;5;2022-06-30;89;57;10;12;89;17;11;0;0;271681;180086;2819;466;217692;4079;597;0;8
FR;5;2022-07-01;127;65;7;11;118;12;11;0;2;271808;180151;2826;477;217810;4091;608;0;10
FR;5;2022-07-02;191;132;4;0;210;22;0;0;0;271999;180283;2830;477;218020;4113;608;0;10
FR;5;2022-07-03;30;25;1;0;36;4;0;0;0;272029;180308;2831;477;218056;4117;608;0;10
FR;5;2022-07-04;103;65;2;5;102;7;5;0;1;272132;180373;2833;482;218158;4124;613;0;11
FR;5;2022-07-05;104;72;3;8;107;13;8;0;1;272236;180445;2836;490;218265;4137;621;0;12
FR;5;2022-07-06;278;168;9;36;289;27;36;0;0;272514;180613;2845;526;218554;4164;657;0;12
FR;5;2022-07-07;88;69;6;9;89;13;11;0;0;272602;180682;2851;535;218643;4177;668;0;12
FR;5;2022-07-08;152;120;7;14;146;25;13;0;1;272754;180802;2858;549;218789;4202;681;0;13
FR;5;2022-07-09;116;68;1;8;100;10;8;0;0;272870;180870;2859;557;218889;4212;689;0;13
FR;5;2022-07-10;15;6;0;0;10;1;0;0;0;272885;180876;2859;557;218899;4213;689;0;13
FR;5;2022-07-11;92;72;10;2;98;19;3;0;0;272977;180948;2869;559;218997;4232;692;0;13
FR;5;2022-07-12;67;63;5;10;81;7;12;0;0;273044;181011;2874;569;219078;4239;704;0;13
FR;5;2022-07-13;169;118;10;19;196;16;23;0;0;273213;181129;2884;588;219274;4255;727;0;13
FR;5;2022-07-14;8;4;0;0;7;0;0;0;0;273221;181133;2884;588;219281;4255;727;0;13
FR;5;2022-07-15;74;66;5;14;86;15;15;0;0;273295;181199;2889;602;219367;4270;742;0;13
FR;5;2022-07-16;54;44;3;0;71;3;2;0;0;273349;181243;2892;602;219438;4273;744;0;13
FR;5;2022-07-17;10;7;3;0;10;2;2;0;0;273359;181250;2895;602;219448;4275;746;0;13
FR;5;2022-07-18;60;47;0;4;70;4;3;0;0;273419;181297;2895;606;219518;4279;749;0;13
FR;5;2022-07-19;63;42;5;3;63;7;4;0;0;273482;181339;2900;609;219581;4286;753;0;13
FR;5;2022-07-20;120;106;4;11;141;14;9;0;0;273602;181445;2904;620;219722;4300;762;0;13
FR;5;2022-07-21;38;43;2;10;52;5;10;0;0;273640;181488;2906;630;219774;4305;772;0;13
FR;5;2022-07-22;48;69;11;13;75;23;11;0;1;273688;181557;2917;643;219849;4328;783;0;14
FR;5;2022-07-23;59;78;2;1;95;11;2;0;0;273747;181635;2919;644;219944;4339;785;0;14
FR;5;2022-07-24;11;9;3;1;12;3;1;0;0;273758;181644;2922;645;219956;4342;786;0;14
FR;5;2022-07-25;53;48;2;7;57;8;8;0;0;273811;181692;2924;652;220013;4350;794;0;14
FR;5;2022-07-26;58;52;5;41;70;6;44;0;0;273869;181744;2929;693;220083;4356;838;0;14
FR;5;2022-07-27;106;118;4;4;161;13;4;0;0;273975;181862;2933;697;220244;4369;842;0;14
FR;5;2022-07-28;39;35;2;2;47;6;1;0;0;274014;181897;2935;699;220291;4375;843;0;14
FR;5;2022-07-29;56;74;3;14;90;8;10;0;0;274070;181971;2938;713;220381;4383;853;0;14
FR;5;2022-07-30;55;53;5;1;76;7;2;0;0;274125;182024;2943;714;220457;4390;855;0;14
FR;5;2022-07-31;7;11;1;0;13;1;0;0;0;274132;182035;2944;714;220470;4391;855;0;14
FR;5;2022-08-01;39;53;1;2;64;6;2;0;0;274171;182088;2945;716;220534;4397;857;0;14
FR;5;2022-08-02;32;43;8;7;47;8;7;0;1;274203;182131;2953;723;220581;4405;864;0;15
FR;5;2022-08-03;54;51;4;10;70;9;8;0;0;274257;182182;2957;733;220651;4414;872;0;15
FR;5;2022-08-04;20;18;1;6;22;1;6;0;0;274277;182200;2958;739;220673;4415;878;0;15
FR;5;2022-08-05;35;26;3;3;39;3;3;0;0;274312;182226;2961;742;220712;4418;881;0;15
FR;5;2022-08-06;23;26;1;0;31;1;0;0;0;274335;182252;2962;742;220743;4419;881;0;15
FR;5;2022-08-07;2;2;1;0;1;1;1;0;0;274337;182254;2963;742;220744;4420;882;0;15
FR;5;2022-08-08;26;19;1;2;24;2;1;0;0;274363;182273;2964;744;220768;4422;883;0;15
FR;5;2022-08-09;26;28;3;3;35;3;3;0;0;274389;182301;2967;747;220803;4425;886;0;15
FR;5;2022-08-10;47;47;2;0;56;5;0;0;0;274436;182348;2969;747;220859;4430;886;0;15
FR;5;2022-08-11;19;36;2;2;42;5;2;0;0;274455;182384;2971;749;220901;4435;888;0;15
FR;5;2022-08-12;27;28;2;0;39;2;0;0;0;274482;182412;2973;749;220940;4437;888;0;15
FR;5;2022-08-13;16;18;0;0;24;0;0;0;0;274498;182430;2973;749;220964;4437;888;0;15
FR;5;2022-08-14;2;3;0;0;4;0;0;0;0;274500;182433;2973;749;220968;4437;888;0;15
FR;5;2022-08-15;2;6;0;0;6;0;0;0;0;274502;182439;2973;749;220974;4437;888;0;15
FR;5;2022-08-16;33;26;3;0;28;6;0;0;0;274535;182465;2976;749;221002;4443;888;0;15
FR;5;2022-08-17;52;55;2;1;72;1;1;0;0;274587;182520;2978;750;221074;4444;889;0;15
FR;5;2022-08-18;26;18;8;17;25;10;16;0;0;274613;182538;2986;767;221099;4454;905;0;15
FR;5;2022-08-19;26;34;1;2;43;2;2;0;0;274639;182572;2987;769;221142;4456;907;0;15
FR;5;2022-08-20;25;27;2;1;33;4;2;0;0;274664;182599;2989;770;221175;4460;909;0;15
FR;5;2022-08-21;7;4;1;0;7;1;0;0;0;274671;182603;2990;770;221182;4461;909;0;15
FR;5;2022-08-22;39;26;1;6;42;2;5;0;1;274710;182629;2991;776;221224;4463;914;0;16
FR;5;2022-08-23;27;26;1;1;32;2;1;0;0;274737;182655;2992;777;221256;4465;915;0;16
FR;5;2022-08-24;50;43;0;0;62;0;0;0;0;274787;182698;2992;777;221318;4465;915;0;16
FR;5;2022-08-25;27;26;3;1;31;2;0;0;1;274814;182724;2995;778;221349;4467;915;0;17
FR;5;2022-08-26;48;39;7;2;58;5;4;0;0;274862;182763;3002;780;221407;4472;919;0;17
FR;5;2022-08-27;46;28;1;0;46;3;1;0;0;274908;182791;3003;780;221453;4475;920;0;17
FR;5;2022-08-28;5;7;0;0;7;0;0;0;0;274913;182798;3003;780;221460;4475;920;0;17
FR;5;2022-08-29;58;44;1;1;66;4;1;0;0;274971;182842;3004;781;221526;4479;921;0;17
FR;5;2022-08-30;45;23;12;29;40;10;30;0;1;275016;182865;3016;810;221566;4489;951;0;18
FR;5;2022-08-31;53;47;6;1;58;11;1;0;0;275069;182912;3022;811;221624;4500;952;0;18
FR;5;2022-09-01;16;8;1;4;13;1;4;0;0;275085;182920;3023;815;221637;4501;956;0;18
FR;5;2022-09-02;42;23;8;2;35;9;3;0;0;275127;182943;3031;817;221672;4510;959;0;18
FR;5;2022-09-03;69;37;2;0;58;2;0;0;0;275196;182980;3033;817;221730;4512;959;0;18
FR;5;2022-09-04;12;7;1;0;8;3;0;0;0;275208;182987;3034;817;221738;4515;959;0;18
FR;5;2022-09-05;7;4;1;0;4;1;0;0;0;275215;182991;3035;817;221742;4516;959;0;18
FR;5;2022-09-06;23;14;3;15;17;2;14;0;2;275238;183005;3038;832;221759;4518;973;0;20
FR;5;2022-09-07;79;53;1;1;76;3;1;0;0;275317;183058;3039;833;221835;4521;974;0;20
FR;5;2022-09-08;10;4;0;4;7;0;4;0;0;275327;183062;3039;837;221842;4521;978;0;20
FR;5;2022-09-09;42;11;9;2;14;10;3;0;0;275369;183073;3048;839;221856;4531;981;0;20
FR;5;2022-09-10;40;45;1;1;50;8;1;0;0;275409;183118;3049;840;221906;4539;982;0;20
FR;5;2022-09-11;3;3;0;0;3;1;0;0;0;275412;183121;3049;840;221909;4540;982;0;20
FR;5;2022-09-12;7;5;2;2;7;2;2;0;0;275419;183126;3051;842;221916;4542;984;0;20
FR;5;2022-09-13;9;6;0;1;4;3;1;0;0;275428;183132;3051;843;221920;4545;985;0;20
FR;5;2022-09-14;52;47;4;6;55;9;5;0;0;275480;183179;3055;849;221975;4554;990;0;20
FR;5;2022-09-15;11;13;2;3;11;5;3;0;0;275491;183192;3057;852;221986;4559;993;0;20
FR;5;2022-09-16;25;33;1;4;38;3;3;0;0;275516;183225;3058;856;222024;4562;996;0;20
FR;5;2022-09-17;60;43;1;1;51;5;1;0;0;275576;183268;3059;857;222075;4567;997;0;20
FR;5;2022-09-18;9;6;0;1;10;1;0;0;0;275585;183274;3059;858;222085;4568;997;0;20
FR;5;2022-09-19;22;17;2;1;20;5;2;0;0;275607;183291;3061;859;222105;4573;999;0;20
FR;5;2022-09-20;15;11;3;3;15;1;4;0;0;275622;183302;3064;862;222120;4574;1003;0;20
FR;5;2022-09-21;68;45;9;0;65;13;0;0;0;275690;183347;3073;862;222185;4587;1003;0;20
FR;5;2022-09-22;12;6;4;24;6;4;23;0;1;275702;183353;3077;886;222191;4591;1026;0;21
FR;5;2022-09-23;20;25;2;3;23;8;3;0;0;275722;183378;3079;889;222214;4599;1029;0;21
FR;5;2022-09-24;44;51;1;8;65;5;8;0;0;275766;183429;3080;897;222279;4604;1037;0;21
FR;5;2022-09-25;6;12;0;0;13;1;0;0;0;275772;183441;3080;897;222292;4605;1037;0;21
FR;5;2022-09-26;15;7;0;2;12;0;1;0;1;275787;183448;3080;899;222304;4605;1038;0;22
FR;5;2022-09-27;7;12;4;9;14;4;9;0;1;275794;183460;3084;908;222318;4609;1047;0;23
FR;5;2022-09-28;65;67;5;0;91;7;0;0;0;275859;183527;3089;908;222409;4616;1047;0;23
FR;5;2022-09-29;17;9;1;0;15;1;1;0;1;275876;183536;3090;908;222424;4617;1048;0;24
FR;5;2022-09-30;28;47;2;2;54;4;3;0;0;275904;183583;3092;910;222478;4621;1051;0;24
FR;5;2022-10-01;40;35;5;5;48;8;7;0;0;275944;183618;3097;915;222526;4629;1058;0;24
FR;5;2022-10-02;1;9;1;0;10;1;0;0;0;275945;183627;3098;915;222536;4630;1058;0;24
FR;5;2022-10-03;7;6;3;0;5;4;0;0;0;275952;183633;3101;915;222541;4634;1058;0;24
FR;5;2022-10-04;11;8;1;3;11;2;3;0;0;275963;183641;3102;918;222552;4636;1061;0;24
FR;5;2022-10-05;57;62;2;2;79;13;2;0;0;276020;183703;3104;920;222631;4649;1063;0;24
FR;5;2022-10-06;12;10;1;4;15;2;4;0;0;276032;183713;3105;924;222646;4651;1067;0;24
FR;5;2022-10-07;21;31;1;0;34;5;0;0;0;276053;183744;3106;924;222680;4656;1067;0;24
FR;5;2022-10-08;33;51;1;0;54;7;0;0;0;276086;183795;3107;924;222734;4663;1067;0;24
FR;5;2022-10-09;7;10;0;0;11;1;0;0;0;276093;183805;3107;924;222745;4664;1067;0;24
FR;5;2022-10-10;14;6;0;1;8;1;1;0;0;276107;183811;3107;925;222753;4665;1068;0;24
FR;5;2022-10-11;6;13;2;1;14;2;2;0;0;276113;183824;3109;926;222767;4667;1070;0;24
FR;5;2022-10-12;40;57;3;2;69;8;2;0;0;276153;183881;3112;928;222836;4675;1072;0;24
FR;5;2022-10-13;11;16;2;0;18;4;0;0;0;276164;183897;3114;928;222854;4679;1072;0;24
FR;5;2022-10-14;21;21;1;0;20;5;0;0;0;276185;183918;3115;928;222874;4684;1072;0;24
FR;5;2022-10-15;19;26;10;0;25;11;2;0;0;276204;183944;3125;928;222899;4695;1074;0;24
FR;5;2022-10-16;3;1;0;0;1;1;0;0;0;276207;183945;3125;928;222900;4696;1074;0;24
FR;5;2022-10-17;8;8;2;1;8;3;1;0;2;276215;183953;3127;929;222908;4699;1075;0;26
FR;5;2022-10-18;6;7;0;2;8;0;2;0;0;276221;183960;3127;931;222916;4699;1077;0;26
FR;5;2022-10-19;38;44;8;0;53;11;0;0;1;276259;184004;3135;931;222969;4710;1077;0;27
FR;5;2022-10-20;18;15;2;1;16;3;1;0;0;276277;184019;3137;932;222985;4713;1078;0;27
FR;5;2022-10-21;22;15;6;0;19;8;1;0;2;276299;184034;3143;932;223004;4721;1079;0;29
FR;5;2022-10-22;35;29;2;12;32;5;12;0;0;276334;184063;3145;944;223036;4726;1091;0;29
FR;5;2022-10-23;9;3;0;0;4;0;0;0;0;276343;184066;3145;944;223040;4726;1091;0;29
FR;5;2022-10-24;14;7;6;7;9;9;8;0;0;276357;184073;3151;951;223049;4735;1099;0;29
FR;5;2022-10-25;13;9;6;3;9;8;3;0;2;276370;184082;3157;954;223058;4743;1102;0;31
FR;5;2022-10-26;34;22;6;0;29;10;0;0;0;276404;184104;3163;954;223087;4753;1102;0;31
FR;5;2022-10-27;16;4;4;0;11;4;0;0;0;276420;184108;3167;954;223098;4757;1102;0;31
FR;5;2022-10-28;19;13;5;3;14;6;4;0;0;276439;184121;3172;957;223112;4763;1106;0;31
FR;5;2022-10-29;21;13;0;0;17;3;0;0;0;276460;184134;3172;957;223129;4766;1106;0;31
FR;5;2022-10-30;1;4;2;0;4;3;0;0;0;276461;184138;3174;957;223133;4769;1106;0;31
FR;5;2022-10-31;14;11;2;1;12;3;1;0;0;276475;184149;3176;958;223145;4772;1107;0;31
FR;5;2022-11-01;3;3;0;1;3;0;1;0;0;276478;184152;3176;959;223148;4772;1108;0;31
FR;5;2022-11-02;23;17;5;4;23;5;5;0;0;276501;184169;3181;963;223171;4777;1113;0;31
FR;5;2022-11-03;22;4;1;1;11;1;1;0;0;276523;184173;3182;964;223182;4778;1114;0;31
FR;5;2022-11-04;19;18;1;0;18;2;0;0;0;276542;184191;3183;964;223200;4780;1114;0;31
FR;5;2022-11-05;25;16;1;0;21;1;0;0;0;276567;184207;3184;964;223221;4781;1114;0;31
FR;5;2022-11-06;1;7;0;0;7;0;0;0;0;276568;184214;3184;964;223228;4781;1114;0;31
FR;5;2022-11-07;9;3;3;0;3;3;0;0;0;276577;184217;3187;964;223231;4784;1114;0;31
FR;5;2022-11-08;12;7;1;2;8;1;1;0;0;276589;184224;3188;966;223239;4785;1115;0;31
FR;5;2022-11-09;30;29;6;1;32;6;1;0;0;276619;184253;3194;967;223271;4791;1116;0;31
FR;5;2022-11-10;11;16;1;0;17;1;0;0;0;276630;184269;3195;967;223288;4792;1116;0;31
FR;5;2022-11-11;2;4;0;1;6;0;1;0;0;276632;184273;3195;968;223294;4792;1117;0;31
FR;5;2022-11-12;19;10;5;9;18;6;9;0;2;276651;184283;3200;977;223312;4798;1126;0;33
FR;5;2022-11-13;2;2;0;1;2;0;1;0;0;276653;184285;3200;978;223314;4798;1127;0;33
FR;5;2022-11-14;8;11;0;1;10;3;0;0;0;276661;184296;3200;979;223324;4801;1127;0;33
FR;5;2022-11-15;8;6;4;3;6;4;3;0;0;276669;184302;3204;982;223330;4805;1130;0;33
FR;5;2022-11-16;29;28;2;1;33;5;0;0;0;276698;184330;3206;983;223363;4810;1130;0;33
FR;5;2022-11-17;6;15;4;0;15;5;0;0;0;276704;184345;3210;983;223378;4815;1130;0;33
FR;5;2022-11-18;17;17;7;0;19;9;0;0;0;276721;184362;3217;983;223397;4824;1130;0;33
FR;5;2022-11-19;18;27;2;0;28;6;0;0;0;276739;184389;3219;983;223425;4830;1130;0;33
FR;5;2022-11-20;6;3;0;0;5;0;0;0;0;276745;184392;3219;983;223430;4830;1130;0;33
FR;5;2022-11-21;8;5;0;2;4;2;1;0;0;276753;184397;3219;985;223434;4832;1131;0;33
FR;5;2022-11-22;9;3;0;1;4;0;1;0;0;276762;184400;3219;986;223438;4832;1132;0;33
FR;5;2022-11-23;34;25;6;1;27;13;0;0;0;276796;184425;3225;987;223465;4845;1132;0;33
FR;5;2022-11-24;3;7;2;0;8;1;1;0;0;276799;184432;3227;987;223473;4846;1133;0;33
FR;5;2022-11-25;15;20;2;0;25;3;0;0;1;276814;184452;3229;987;223498;4849;1133;0;34
FR;5;2022-11-26;22;19;4;0;20;8;0;0;0;276836;184471;3233;987;223518;4857;1133;0;34
FR;5;2022-11-27;7;0;1;0;3;1;0;0;0;276843;184471;3234;987;223521;4858;1133;0;34
FR;5;2022-11-28;7;15;3;0;15;5;0;0;0;276850;184486;3237;987;223536;4863;1133;0;34
FR;5;2022-11-29;10;9;1;0;11;3;0;0;1;276860;184495;3238;987;223547;4866;1133;0;35
FR;5;2022-11-30;35;48;12;0;56;17;1;0;0;276895;184543;3250;987;223603;4883;1134;0;35
FR;5;2022-12-01;5;10;2;0;10;3;0;0;0;276900;184553;3252;987;223613;4886;1134;0;35
FR;5;2022-12-02;1;5;2;1;4;3;1;0;0;276901;184558;3254;988;223617;4889;1135;0;35
FR;5;2022-12-03;3;3;8;1;5;8;1;0;0;276904;184561;3262;989;223622;4897;1136;0;35
FR;5;2022-12-04;3;2;1;0;2;2;0;0;0;276907;184563;3263;989;223624;4899;1136;0;35
FR;5;2022-12-05;1;1;0;0;0;1;0;0;0;276908;184564;3263;989;223624;4900;1136;0;35
FR;5;2022-12-06;5;1;0;0;1;0;0;0;1;276913;184565;3263;989;223625;4900;1136;0;36
FR;5;2022-12-07;5;8;1;0;8;1;0;0;0;276918;184573;3264;989;223633;4901;1136;0;36
FR;5;2022-12-08;2;2;0;0;2;0;0;0;0;276920;184575;3264;989;223635;4901;1136;0;36
FR;5;2022-12-09;5;8;0;0;6;2;0;0;0;276925;184583;3264;989;223641;4903;1136;0;36
FR;5;2022-12-10;4;7;2;1;8;2;1;0;0;276929;184590;3266;990;223649;4905;1137;0;36
FR;5;2022-12-11;2;0;0;0;0;0;0;0;0;276931;184590;3266;990;223649;4905;1137;0;36
FR;5;2022-12-12;0;0;0;0;0;0;0;0;0;276931;184590;3266;990;223649;4905;1137;0;36
FR;5;2022-12-13;2;3;0;0;4;1;0;0;0;276933;184593;3266;990;223653;4906;1137;0;36
FR;5;2022-12-14;2;3;0;9;3;1;8;0;3;276935;184596;3266;999;223656;4907;1145;0;39
FR;5;2022-12-15;0;2;0;0;2;0;0;0;0;276935;184598;3266;999;223658;4907;1145;0;39
FR;5;2022-12-16;3;3;2;0;4;3;0;0;0;276938;184601;3268;999;223662;4910;1145;0;39
FR;5;2022-12-17;3;3;3;0;3;2;1;0;0;276941;184604;3271;999;223665;4912;1146;0;39
FR;5;2022-12-18;3;0;0;1;0;0;1;0;1;276944;184604;3271;1000;223665;4912;1147;0;40
FR;5;2022-12-19;1;0;0;2;0;0;2;0;0;276945;184604;3271;1002;223665;4912;1149;0;40
FR;5;2022-12-20;0;1;3;0;1;3;0;0;0;276945;184605;3274;1002;223666;4915;1149;0;40
FR;5;2022-12-21;2;4;0;0;4;0;0;0;0;276947;184609;3274;1002;223670;4915;1149;0;40
FR;5;2022-12-22;2;2;1;0;2;1;0;0;0;276949;184611;3275;1002;223672;4916;1149;0;40
FR;5;2022-12-23;3;1;1;0;1;1;0;0;0;276952;184612;3276;1002;223673;4917;1149;0;40
FR;5;2022-12-24;0;1;0;0;1;0;0;0;0;276952;184613;3276;1002;223674;4917;1149;0;40
FR;5;2022-12-25;0;1;2;0;0;3;0;0;0;276952;184614;3278;1002;223674;4920;1149;0;40
FR;5;2022-12-26;2;2;0;0;2;0;0;0;0;276954;184616;3278;1002;223676;4920;1149;0;40
FR;5;2022-12-27;0;3;0;0;3;0;0;0;0;276954;184619;3278;1002;223679;4920;1149;0;40
FR;5;2022-12-28;5;3;3;0;3;3;2;0;0;276959;184622;3281;1002;223682;4923;1151;0;40
FR;5;2022-12-29;3;2;2;0;3;2;0;0;0;276962;184624;3283;1002;223685;4925;1151;0;40
FR;5;2022-12-30;3;2;1;0;2;1;0;0;0;276965;184626;3284;1002;223687;4926;1151;0;40
FR;5;2022-12-31;0;0;0;0;0;0;0;0;0;276965;184626;3284;1002;223687;4926;1151;0;40
FR;5;2023-01-01;0;0;0;0;0;0;0;0;0;276965;184626;3284;1002;223687;4926;1151;0;40
FR;5;2023-01-02;1;1;1;0;1;1;0;0;0;276966;184627;3285;1002;223688;4927;1151;0;40
FR;5;2023-01-03;3;1;0;0;2;0;0;0;0;276969;184628;3285;1002;223690;4927;1151;0;40
FR;5;2023-01-04;6;1;1;0;2;1;0;0;0;276975;184629;3286;1002;223692;4928;1151;0;40
FR;5;2023-01-05;0;3;0;0;3;0;0;0;0;276975;184632;3286;1002;223695;4928;1151;0;40
FR;5;2023-01-06;2;1;1;0;1;1;0;0;0;276977;184633;3287;1002;223696;4929;1151;0;40
FR;5;2023-01-07;5;1;1;0;1;2;0;0;0;276982;184634;3288;1002;223697;4931;1151;0;40
FR;5;2023-01-08;2;2;0;0;2;0;0;0;0;276984;184636;3288;1002;223699;4931;1151;0;40
FR;5;2023-01-09;4;0;1;0;1;1;0;0;0;276988;184636;3289;1002;223700;4932;1151;0;40
FR;5;2023-01-10;3;1;0;0;2;0;0;0;0;276991;184637;3289;1002;223702;4932;1151;0;40
FR;5;2023-01-11;7;5;3;0;4;4;0;0;0;276998;184642;3292;1002;223706;4936;1151;0;40
FR;5;2023-01-12;14;6;4;0;6;6;0;0;0;277012;184648;3296;1002;223712;4942;1151;0;40
FR;5;2023-01-13;56;16;16;0;31;18;0;0;0;277068;184664;3312;1002;223743;4960;1151;0;40
FR;5;2023-01-14;56;34;13;1;34;20;2;0;0;277124;184698;3325;1003;223777;4980;1153;0;40
FR;5;2023-01-15;13;9;0;0;5;4;0;0;0;277137;184707;3325;1003;223782;4984;1153;0;40
FR;5;2023-01-16;13;8;3;0;8;3;0;0;0;277150;184715;3328;1003;223790;4987;1153;0;40
FR;5;2023-01-17;12;8;3;0;4;7;0;0;0;277162;184723;3331;1003;223794;4994;1153;0;40
FR;5;2023-01-18;71;35;21;2;46;25;2;0;0;277233;184758;3352;1005;223840;5019;1155;0;40
FR;5;2023-01-19;13;6;8;0;5;10;1;0;0;277246;184764;3360;1005;223845;5029;1156;0;40
FR;5;2023-01-20;27;17;13;0;17;18;0;0;2;277273;184781;3373;1005;223862;5047;1156;0;42
FR;5;2023-01-21;34;23;18;1;31;21;1;0;0;277307;184804;3391;1006;223893;5068;1157;0;42
FR;5;2023-01-22;6;4;2;0;4;3;0;0;0;277313;184808;3393;1006;223897;5071;1157;0;42
FR;5;2023-01-23;6;5;3;0;3;5;0;0;0;277319;184813;3396;1006;223900;5076;1157;0;42
FR;5;2023-01-24;16;3;3;0;6;4;0;0;0;277335;184816;3399;1006;223906;5080;1157;0;42
FR;5;2023-01-25;33;31;12;2;27;23;2;0;0;277368;184847;3411;1008;223933;5103;1159;0;42
FR;5;2023-01-26;6;5;4;0;6;4;0;0;0;277374;184852;3415;1008;223939;5107;1159;0;42
FR;5;2023-01-27;18;13;8;0;17;8;1;0;0;277392;184865;3423;1008;223956;5115;1160;0;42
FR;5;2023-01-28;21;8;4;3;11;6;3;0;0;277413;184873;3427;1011;223967;5121;1163;0;42
FR;5;2023-01-29;0;3;0;0;2;1;0;0;0;277413;184876;3427;1011;223969;5122;1163;0;42
FR;5;2023-01-30;7;5;3;0;4;6;0;0;0;277420;184881;3430;1011;223973;5128;1163;0;42
FR;5;2023-01-31;3;7;2;0;5;4;0;0;0;277423;184888;3432;1011;223978;5132;1163;0;42
FR;5;2023-02-01;18;18;7;1;19;8;1;0;0;277441;184906;3439;1012;223997;5140;1164;0;42
FR;5;2023-02-02;7;8;1;0;7;2;0;0;0;277448;184914;3440;1012;224004;5142;1164;0;42
FR;5;2023-02-03;15;26;6;0;27;9;0;0;0;277463;184940;3446;1012;224031;5151;1164;0;42
FR;5;2023-02-04;15;23;5;0;25;6;0;0;0;277478;184963;3451;1012;224056;5157;1164;0;42
FR;5;2023-02-05;1;2;0;1;2;1;0;0;0;277479;184965;3451;1013;224058;5158;1164;0;42
FR;5;2023-02-06;12;11;7;0;12;7;0;0;0;277491;184976;3458;1013;224070;5165;1164;0;42
FR;5;2023-02-07;6;11;2;0;10;4;0;0;0;277497;184987;3460;1013;224080;5169;1164;0;42
FR;5;2023-02-08;29;35;8;0;39;10;0;0;0;277526;185022;3468;1013;224119;5179;1164;0;42
FR;5;2023-02-09;15;7;5;0;8;5;0;0;0;277541;185029;3473;1013;224127;5184;1164;0;42
FR;5;2023-02-10;11;22;5;0;24;7;0;0;0;277552;185051;3478;1013;224151;5191;1164;0;42
FR;5;2023-02-11;12;11;3;1;15;4;0;0;0;277564;185062;3481;1014;224166;5195;1164;0;42
FR;5;2023-02-12;4;7;1;0;8;1;0;0;0;277568;185069;3482;1014;224174;5196;1164;0;42
FR;5;2023-02-13;4;6;6;0;5;7;0;0;0;277572;185075;3488;1014;224179;5203;1164;0;42
FR;5;2023-02-14;11;8;2;0;9;3;0;0;0;277583;185083;3490;1014;224188;5206;1164;0;42
FR;5;2023-02-15;27;25;4;0;27;5;0;0;0;277610;185108;3494;1014;224215;5211;1164;0;42
FR;5;2023-02-16;8;4;3;0;8;3;0;0;0;277618;185112;3497;1014;224223;5214;1164;0;42
FR;5;2023-02-17;9;5;9;0;6;9;0;0;0;277627;185117;3506;1014;224229;5223;1164;0;42
FR;5;2023-02-18;9;14;3;1;16;3;1;0;0;277636;185131;3509;1015;224245;5226;1165;0;42
FR;5;2023-02-19;0;1;0;0;1;0;0;0;0;277636;185132;3509;1015;224246;5226;1165;0;42
FR;5;2023-02-20;6;6;4;0;6;5;0;0;0;277642;185138;3513;1015;224252;5231;1165;0;42
FR;5;2023-02-21;4;6;5;0;7;5;0;0;0;277646;185144;3518;1015;224259;5236;1165;0;42
FR;5;2023-02-22;10;16;5;0;15;5;1;0;0;277656;185160;3523;1015;224274;5241;1166;0;42
FR;5;2023-02-23;5;5;2;0;5;2;0;0;0;277661;185165;3525;1015;224279;5243;1166;0;42
FR;5;2023-02-24;17;23;1;0;22;3;0;0;0;277678;185188;3526;1015;224301;5246;1166;0;42
FR;5;2023-02-25;11;9;0;0;10;0;0;0;0;277689;185197;3526;1015;224311;5246;1166;0;42
FR;5;2023-02-26;1;1;0;0;1;0;0;0;0;277690;185198;3526;1015;224312;5246;1166;0;42
FR;5;2023-02-27;7;5;2;0;5;2;0;0;0;277697;185203;3528;1015;224317;5248;1166;0;42
FR;5;2023-02-28;4;8;2;0;8;4;0;0;0;277701;185211;3530;1015;224325;5252;1166;0;42
FR;5;2023-03-01;12;25;1;0;23;3;1;0;0;277713;185236;3531;1015;224348;5255;1167;0;42
FR;5;2023-03-02;7;13;3;0;12;5;0;0;0;277720;185249;3534;1015;224360;5260;1167;0;42
FR;5;2023-03-03;11;4;3;0;8;3;1;0;0;277731;185253;3537;1015;224368;5263;1168;0;42
FR;5;2023-03-04;8;17;7;0;18;8;0;0;0;277739;185270;3544;1015;224386;5271;1168;0;42
FR;5;2023-03-05;3;3;0;0;3;0;0;0;0;277742;185273;3544;1015;224389;5271;1168;0;42
FR;5;2023-03-06;2;8;2;0;6;4;0;0;0;277744;185281;3546;1015;224395;5275;1168;0;42
FR;5;2023-03-07;2;9;4;0;9;4;0;0;0;277746;185290;3550;1015;224404;5279;1168;0;42
FR;5;2023-03-08;9;21;1;0;22;1;0;0;0;277755;185311;3551;1015;224426;5280;1168;0;42
FR;5;2023-03-09;1;6;0;0;5;1;0;0;0;277756;185317;3551;1015;224431;5281;1168;0;42
FR;5;2023-03-10;3;7;2;1;8;2;1;0;0;277759;185324;3553;1016;224439;5283;1169;0;42
FR;5;2023-03-11;5;2;0;0;4;0;0;0;0;277764;185326;3553;1016;224443;5283;1169;0;42
FR;5;2023-03-12;0;1;0;0;1;0;0;0;0;277764;185327;3553;1016;224444;5283;1169;0;42
FR;5;2023-03-13;2;2;0;0;4;0;0;0;0;277766;185329;3553;1016;224448;5283;1169;0;42
FR;5;2023-03-14;6;1;1;1;5;1;1;0;0;277772;185330;3554;1017;224453;5284;1170;0;42
FR;5;2023-03-15;7;8;2;0;12;3;0;0;0;277779;185338;3556;1017;224465;5287;1170;0;42
FR;5;2023-03-16;2;6;0;0;6;0;0;0;0;277781;185344;3556;1017;224471;5287;1170;0;42
FR;5;2023-03-17;14;15;3;0;13;4;1;0;0;277795;185359;3559;1017;224484;5291;1171;0;42
FR;5;2023-03-18;4;9;0;0;9;1;0;0;0;277799;185368;3559;1017;224493;5292;1171;0;42
FR;5;2023-03-19;0;0;0;0;0;0;0;0;0;277799;185368;3559;1017;224493;5292;1171;0;42
FR;5;2023-03-20;3;8;0;0;9;0;0;0;0;277802;185376;3559;1017;224502;5292;1171;0;42
FR;5;2023-03-21;3;8;2;2;8;2;2;0;0;277805;185384;3561;1019;224510;5294;1173;0;42
FR;5;2023-03-22;9;22;3;0;20;4;0;0;0;277814;185406;3564;1019;224530;5298;1173;0;42
FR;5;2023-03-23;2;5;1;0;5;1;0;0;0;277816;185411;3565;1019;224535;5299;1173;0;42
FR;5;2023-03-24;5;9;1;0;9;3;0;0;0;277821;185420;3566;1019;224544;5302;1173;0;42
FR;5;2023-03-25;3;8;2;0;8;2;0;0;0;277824;185428;3568;1019;224552;5304;1173;0;42
FR;5;2023-03-26;0;1;0;0;0;1;0;0;0;277824;185429;3568;1019;224552;5305;1173;0;42
FR;5;2023-03-27;3;0;1;0;1;1;0;0;0;277827;185429;3569;1019;224553;5306;1173;0;42
FR;5;2023-03-28;3;3;0;0;4;0;0;0;0;277830;185432;3569;1019;224557;5306;1173;0;42
FR;5;2023-03-29;7;16;4;0;16;6;0;0;0;277837;185448;3573;1019;224573;5312;1173;0;42
FR;5;2023-03-30;3;2;0;0;4;0;0;0;1;277840;185450;3573;1019;224577;5312;1173;0;43
FR;5;2023-03-31;3;7;2;1;7;2;1;0;0;277843;185457;3575;1020;224584;5314;1174;0;43
FR;5;2023-04-01;5;7;3;1;5;4;2;0;0;277848;185464;3578;1021;224589;5318;1176;0;43
FR;5;2023-04-02;0;1;0;0;1;0;0;0;0;277848;185465;3578;1021;224590;5318;1176;0;43
FR;5;2023-04-03;3;4;2;0;4;0;2;0;0;277851;185469;3580;1021;224594;5318;1178;0;43
FR;5;2023-04-04;1;3;0;0;3;0;0;0;0;277852;185472;3580;1021;224597;5318;1178;0;43
FR;5;2023-04-05;3;6;1;0;5;2;0;0;0;277855;185478;3581;1021;224602;5320;1178;0;43
FR;5;2023-04-06;3;3;0;0;3;0;0;0;0;277858;185481;3581;1021;224605;5320;1178;0;43
FR;5;2023-04-07;6;4;1;0;4;1;0;0;0;277864;185485;3582;1021;224609;5321;1178;0;43
FR;5;2023-04-08;6;10;1;0;10;1;0;0;0;277870;185495;3583;1021;224619;5322;1178;0;43
FR;5;2023-04-09;0;0;0;0;0;0;0;0;0;277870;185495;3583;1021;224619;5322;1178;0;43
FR;5;2023-04-10;0;0;0;0;0;0;0;0;0;277870;185495;3583;1021;224619;5322;1178;0;43
FR;5;2023-04-11;1;6;0;0;6;0;0;0;1;277871;185501;3583;1021;224625;5322;1178;0;44
FR;5;2023-04-12;4;9;1;0;9;1;0;0;0;277875;185510;3584;1021;224634;5323;1178;0;44
FR;5;2023-04-13;2;1;2;0;0;3;0;0;0;277877;185511;3586;1021;224634;5326;1178;0;44
FR;5;2023-04-14;5;5;2;0;8;2;0;0;0;277882;185516;3588;1021;224642;5328;1178;0;44
FR;5;2023-04-15;3;4;0;0;4;0;0;0;0;277885;185520;3588;1021;224646;5328;1178;0;44
FR;5;2023-04-16;1;0;0;0;0;0;0;0;0;277886;185520;3588;1021;224646;5328;1178;0;44
FR;5;2023-04-17;4;4;3;0;4;3;0;0;0;277890;185524;3591;1021;224650;5331;1178;0;44
FR;5;2023-04-18;3;2;0;0;2;0;0;0;0;277893;185526;3591;1021;224652;5331;1178;0;44
FR;5;2023-04-19;10;7;0;0;3;5;0;0;0;277903;185533;3591;1021;224655;5336;1178;0;44
FR;5;2023-04-20;5;2;0;0;2;0;0;0;0;277908;185535;3591;1021;224657;5336;1178;0;44
FR;5;2023-04-21;3;7;1;0;6;2;0;0;0;277911;185542;3592;1021;224663;5338;1178;0;44
FR;5;2023-04-22;4;6;1;0;6;1;0;0;0;277915;185548;3593;1021;224669;5339;1178;0;44
FR;5;2023-04-23;1;0;0;0;0;0;0;0;0;277916;185548;3593;1021;224669;5339;1178;0;44
FR;5;2023-04-24;3;5;2;0;5;2;0;0;0;277919;185553;3595;1021;224674;5341;1178;0;44
FR;5;2023-04-25;0;1;1;2;1;1;2;0;0;277919;185554;3596;1023;224675;5342;1180;0;44
FR;5;2023-04-26;1;3;0;0;3;0;0;0;0;277920;185557;3596;1023;224678;5342;1180;0;44
FR;5;2023-04-27;3;4;0;0;3;1;0;0;0;277923;185561;3596;1023;224681;5343;1180;0;44
FR;5;2023-04-28;2;3;0;0;2;1;0;0;0;277925;185564;3596;1023;224683;5344;1180;0;44
FR;5;2023-04-29;2;9;0;0;9;0;0;0;0;277927;185573;3596;1023;224692;5344;1180;0;44
FR;5;2023-04-30;0;0;0;0;0;0;0;0;0;277927;185573;3596;1023;224692;5344;1180;0;44
FR;5;2023-05-01;0;0;0;0;0;0;0;0;0;277927;185573;3596;1023;224692;5344;1180;0;44
FR;5;2023-05-02;2;2;1;0;3;1;0;0;0;277929;185575;3597;1023;224695;5345;1180;0;44
FR;5;2023-05-03;5;3;0;0;3;0;0;0;0;277934;185578;3597;1023;224698;5345;1180;0;44
FR;5;2023-05-04;1;3;0;0;3;0;0;0;0;277935;185581;3597;1023;224701;5345;1180;0;44
FR;5;2023-05-05;1;1;0;0;1;0;0;0;0;277936;185582;3597;1023;224702;5345;1180;0;44
FR;5;2023-05-06;2;1;0;0;1;0;0;0;0;277938;185583;3597;1023;224703;5345;1180;0;44
FR;5;2023-05-07;0;1;0;0;1;0;0;0;0;277938;185584;3597;1023;224704;5345;1180;0;44
FR;5;2023-05-08;1;1;0;0;1;0;0;0;0;277939;185585;3597;1023;224705;5345;1180;0;44
FR;5;2023-05-09;0;3;0;0;3;0;0;0;0;277939;185588;3597;1023;224708;5345;1180;0;44
FR;6;2020-12-27;0;0;0;0;0;0;0;0;0;0;0;0;0;0;0;0;0;0
FR;6;2020-12-28;0;0;0;0;0;0;0;0;0;0;0;0;0;0;0;0;0;0
FR;6;2020-12-29;0;0;0;0;0;0;0;0;0;0;0;0;0;0;0;0;0;0
FR;6;2020-12-30;0;0;0;0;0;0;0;0;0;0;0;0;0;0;0;0;0;0
FR;6;2020-12-31;0;0;0;0;0;0;0;0;0;0;0;0;0;0;0;0;0;0
FR;6;2021-01-01;0;0;0;0;0;0;0;0;0;0;0;0;0;0;0;0;0;0
FR;6;2021-01-02;0;0;0;0;0;0;0;0;0;0;0;0;0;0;0;0;0;0
FR;6;2021-01-03;0;0;0;0;0;0;0;0;0;0;0;0;0;0;0;0;0;0
FR;6;2021-01-04;0;0;0;0;0;0;0;0;0;0;0;0;0;0;0;0;0;0
FR;6;2021-01-05;0;0;0;0;0;0;0;0;0;0;0;0;0;0;0;0;0;0
FR;6;2021-01-06;0;0;0;0;0;0;0;0;0;0;0;0;0;0;0;0;0;0
FR;6;2021-01-07;0;0;0;0;0;0;0;0;0;0;0;0;0;0;0;0;0;0
FR;6;2021-01-08;0;0;0;0;0;0;0;0;0;0;0;0;0;0;0;0;0;0
FR;6;2021-01-09;0;0;0;0;0;0;0;0;0;0;0;0;0;0;0;0;0;0
FR;6;2021-01-10;0;0;0;0;0;0;0;0;0;0;0;0;0;0;0;0;0;0
FR;6;2021-01-11;0;0;0;0;0;0;0;0;0;0;0;0;0;0;0;0;0;0
FR;6;2021-01-12;0;0;0;0;0;0;0;0;0;0;0;0;0;0;0;0;0;0
FR;6;2021-01-13;0;0;0;0;0;0;0;0;0;0;0;0;0;0;0;0;0;0
FR;6;2021-01-14;0;0;0;0;0;0;0;0;0;0;0;0;0;0;0;0;0;0
FR;6;2021-01-15;0;0;0;0;0;0;0;0;0;0;0;0;0;0;0;0;0;0
FR;6;2021-01-16;0;0;0;0;0;0;0;0;0;0;0;0;0;0;0;0;0;0
FR;6;2021-01-17;0;0;0;0;0;0;0;0;0;0;0;0;0;0;0;0;0;0
FR;6;2021-01-18;0;0;0;0;0;0;0;0;0;0;0;0;0;0;0;0;0;0
FR;6;2021-01-19;0;0;0;0;0;0;0;0;0;0;0;0;0;0;0;0;0;0
FR;6;2021-01-20;0;0;0;0;0;0;0;0;0;0;0;0;0;0;0;0;0;0
FR;6;2021-01-21;0;0;0;0;0;0;0;0;0;0;0;0;0;0;0;0;0;0
FR;6;2021-01-22;0;0;0;0;0;0;0;0;0;0;0;0;0;0;0;0;0;0
FR;6;2021-01-23;0;0;0;0;0;0;0;0;0;0;0;0;0;0;0;0;0;0
FR;6;2021-01-24;0;0;0;0;0;0;0;0;0;0;0;0;0;0;0;0;0;0
FR;6;2021-01-25;0;0;0;0;0;0;0;0;0;0;0;0;0;0;0;0;0;0
FR;6;2021-01-26;0;0;0;0;0;0;0;0;0;0;0;0;0;0;0;0;0;0
FR;6;2021-01-27;0;0;0;0;0;0;0;0;0;0;0;0;0;0;0;0;0;0
FR;6;2021-01-28;0;0;0;0;0;0;0;0;0;0;0;0;0;0;0;0;0;0
FR;6;2021-01-29;0;0;0;0;0;0;0;0;0;0;0;0;0;0;0;0;0;0
FR;6;2021-01-30;0;0;0;0;0;0;0;0;0;0;0;0;0;0;0;0;0;0
FR;6;2021-01-31;0;0;0;0;0;0;0;0;0;0;0;0;0;0;0;0;0;0
FR;6;2021-02-01;0;0;0;0;0;0;0;0;0;0;0;0;0;0;0;0;0;0
FR;6;2021-02-02;0;0;0;0;0;0;0;0;0;0;0;0;0;0;0;0;0;0
FR;6;2021-02-03;0;0;0;0;0;0;0;0;0;0;0;0;0;0;0;0;0;0
FR;6;2021-02-04;0;0;0;0;0;0;0;0;0;0;0;0;0;0;0;0;0;0
FR;6;2021-02-05;0;0;0;0;0;0;0;0;0;0;0;0;0;0;0;0;0;0
FR;6;2021-02-06;0;0;0;0;0;0;0;0;0;0;0;0;0;0;0;0;0;0
FR;6;2021-02-07;0;0;0;0;0;0;0;0;0;0;0;0;0;0;0;0;0;0
FR;6;2021-02-08;0;0;0;0;0;0;0;0;0;0;0;0;0;0;0;0;0;0
FR;6;2021-02-09;0;0;0;0;0;0;0;0;0;0;0;0;0;0;0;0;0;0
FR;6;2021-02-10;0;0;0;0;0;0;0;0;0;0;0;0;0;0;0;0;0;0
FR;6;2021-02-11;0;0;0;0;0;0;0;0;0;0;0;0;0;0;0;0;0;0
FR;6;2021-02-12;0;0;0;0;0;0;0;0;0;0;0;0;0;0;0;0;0;0
FR;6;2021-02-13;0;0;0;0;0;0;0;0;0;0;0;0;0;0;0;0;0;0
FR;6;2021-02-14;0;0;0;0;0;0;0;0;0;0;0;0;0;0;0;0;0;0
FR;6;2021-02-15;0;0;0;0;0;0;0;0;0;0;0;0;0;0;0;0;0;0
FR;6;2021-02-16;0;0;0;0;0;0;0;0;0;0;0;0;0;0;0;0;0;0
FR;6;2021-02-17;0;0;0;0;0;0;0;0;0;0;0;0;0;0;0;0;0;0
FR;6;2021-02-18;0;0;0;0;0;0;0;0;0;0;0;0;0;0;0;0;0;0
FR;6;2021-02-19;0;0;0;0;0;0;0;0;0;0;0;0;0;0;0;0;0;0
FR;6;2021-02-20;0;0;0;0;0;0;0;0;0;0;0;0;0;0;0;0;0;0
FR;6;2021-02-21;0;0;0;0;0;0;0;0;0;0;0;0;0;0;0;0;0;0
FR;6;2021-02-22;0;0;0;0;0;0;0;0;0;0;0;0;0;0;0;0;0;0
FR;6;2021-02-23;0;0;0;0;0;0;0;0;0;0;0;0;0;0;0;0;0;0
FR;6;2021-02-24;0;0;0;0;0;0;0;0;0;0;0;0;0;0;0;0;0;0
FR;6;2021-02-25;0;0;0;0;0;0;0;0;0;0;0;0;0;0;0;0;0;0
FR;6;2021-02-26;0;0;0;0;0;0;0;0;0;0;0;0;0;0;0;0;0;0
FR;6;2021-02-27;0;0;0;0;0;0;0;0;0;0;0;0;0;0;0;0;0;0
FR;6;2021-02-28;0;0;0;0;0;0;0;0;0;0;0;0;0;0;0;0;0;0
FR;6;2021-03-01;0;0;0;0;0;0;0;0;0;0;0;0;0;0;0;0;0;0
FR;6;2021-03-02;0;0;0;0;0;0;0;0;0;0;0;0;0;0;0;0;0;0
FR;6;2021-03-03;0;0;0;0;0;0;0;0;0;0;0;0;0;0;0;0;0;0
FR;6;2021-03-04;0;0;0;0;0;0;0;0;0;0;0;0;0;0;0;0;0;0
FR;6;2021-03-05;0;0;0;0;0;0;0;0;0;0;0;0;0;0;0;0;0;0
FR;6;2021-03-06;0;0;0;0;0;0;0;0;0;0;0;0;0;0;0;0;0;0
FR;6;2021-03-07;0;0;0;0;0;0;0;0;0;0;0;0;0;0;0;0;0;0
FR;6;2021-03-08;0;0;0;0;0;0;0;0;0;0;0;0;0;0;0;0;0;0
FR;6;2021-03-09;0;0;0;0;0;0;0;0;0;0;0;0;0;0;0;0;0;0
FR;6;2021-03-10;0;0;0;0;0;0;0;0;0;0;0;0;0;0;0;0;0;0
FR;6;2021-03-11;0;0;0;0;0;0;0;0;0;0;0;0;0;0;0;0;0;0
FR;6;2021-03-12;0;0;0;0;0;0;0;0;0;0;0;0;0;0;0;0;0;0
FR;6;2021-03-13;0;0;0;0;0;0;0;0;0;0;0;0;0;0;0;0;0;0
FR;6;2021-03-14;0;0;0;0;0;0;0;0;0;0;0;0;0;0;0;0;0;0
FR;6;2021-03-15;0;0;0;0;0;0;0;0;0;0;0;0;0;0;0;0;0;0
FR;6;2021-03-16;0;0;0;0;0;0;0;0;0;0;0;0;0;0;0;0;0;0
FR;6;2021-03-17;0;0;0;0;0;0;0;0;0;0;0;0;0;0;0;0;0;0
FR;6;2021-03-18;0;0;0;0;0;0;0;0;0;0;0;0;0;0;0;0;0;0
FR;6;2021-03-19;0;0;0;0;0;0;0;0;0;0;0;0;0;0;0;0;0;0
FR;6;2021-03-20;0;0;0;0;0;0;0;0;0;0;0;0;0;0;0;0;0;0
FR;6;2021-03-21;0;0;0;0;0;0;0;0;0;0;0;0;0;0;0;0;0;0
FR;6;2021-03-22;0;0;0;0;0;0;0;0;0;0;0;0;0;0;0;0;0;0
FR;6;2021-03-23;0;0;0;0;0;0;0;0;0;0;0;0;0;0;0;0;0;0
FR;6;2021-03-24;0;0;0;0;0;0;0;0;0;0;0;0;0;0;0;0;0;0
FR;6;2021-03-25;0;0;0;0;0;0;0;0;0;0;0;0;0;0;0;0;0;0
FR;6;2021-03-26;0;0;0;0;0;0;0;0;0;0;0;0;0;0;0;0;0;0
FR;6;2021-03-27;0;0;0;0;0;0;0;0;0;0;0;0;0;0;0;0;0;0
FR;6;2021-03-28;0;0;0;0;0;0;0;0;0;0;0;0;0;0;0;0;0;0
FR;6;2021-03-29;0;0;0;0;0;0;0;0;0;0;0;0;0;0;0;0;0;0
FR;6;2021-03-30;0;0;0;0;0;0;0;0;0;0;0;0;0;0;0;0;0;0
FR;6;2021-03-31;0;0;0;0;0;0;0;0;0;0;0;0;0;0;0;0;0;0
FR;6;2021-04-01;0;0;0;0;0;0;0;0;0;0;0;0;0;0;0;0;0;0
FR;6;2021-04-02;0;0;0;0;0;0;0;0;0;0;0;0;0;0;0;0;0;0
FR;6;2021-04-03;0;0;0;0;0;0;0;0;0;0;0;0;0;0;0;0;0;0
FR;6;2021-04-04;0;0;0;0;0;0;0;0;0;0;0;0;0;0;0;0;0;0
FR;6;2021-04-05;0;0;0;0;0;0;0;0;0;0;0;0;0;0;0;0;0;0
FR;6;2021-04-06;0;0;0;0;0;0;0;0;0;0;0;0;0;0;0;0;0;0
FR;6;2021-04-07;0;0;0;0;0;0;0;0;0;0;0;0;0;0;0;0;0;0
FR;6;2021-04-08;0;0;0;0;0;0;0;0;0;0;0;0;0;0;0;0;0;0
FR;6;2021-04-09;0;0;0;0;0;0;0;0;0;0;0;0;0;0;0;0;0;0
FR;6;2021-04-10;0;0;0;0;0;0;0;0;0;0;0;0;0;0;0;0;0;0
FR;6;2021-04-11;0;0;0;0;0;0;0;0;0;0;0;0;0;0;0;0;0;0
FR;6;2021-04-12;0;0;0;0;0;0;0;0;0;0;0;0;0;0;0;0;0;0
FR;6;2021-04-13;0;0;0;0;0;0;0;0;0;0;0;0;0;0;0;0;0;0
FR;6;2021-04-14;0;0;0;0;0;0;0;0;0;0;0;0;0;0;0;0;0;0
FR;6;2021-04-15;0;0;0;0;0;0;0;0;0;0;0;0;0;0;0;0;0;0
FR;6;2021-04-16;0;0;0;0;0;0;0;0;0;0;0;0;0;0;0;0;0;0
FR;6;2021-04-17;0;0;0;0;0;0;0;0;0;0;0;0;0;0;0;0;0;0
FR;6;2021-04-18;0;0;0;0;0;0;0;0;0;0;0;0;0;0;0;0;0;0
FR;6;2021-04-19;0;0;0;0;0;0;0;0;0;0;0;0;0;0;0;0;0;0
FR;6;2021-04-20;0;0;0;0;0;0;0;0;0;0;0;0;0;0;0;0;0;0
FR;6;2021-04-21;0;0;0;0;0;0;0;0;0;0;0;0;0;0;0;0;0;0
FR;6;2021-04-22;0;0;0;0;0;0;0;0;0;0;0;0;0;0;0;0;0;0
FR;6;2021-04-23;0;0;0;0;0;0;0;0;0;0;0;0;0;0;0;0;0;0
FR;6;2021-04-24;0;0;0;0;0;0;0;0;0;0;0;0;0;0;0;0;0;0
FR;6;2021-04-25;0;0;0;0;0;0;0;0;0;0;0;0;0;0;0;0;0;0
FR;6;2021-04-26;0;0;0;0;0;0;0;0;0;0;0;0;0;0;0;0;0;0
FR;6;2021-04-27;0;0;0;0;0;0;0;0;0;0;0;0;0;0;0;0;0;0
FR;6;2021-04-28;0;0;0;0;0;0;0;0;0;0;0;0;0;0;0;0;0;0
FR;6;2021-04-29;0;0;0;0;0;0;0;0;0;0;0;0;0;0;0;0;0;0
FR;6;2021-04-30;0;0;0;0;0;0;0;0;0;0;0;0;0;0;0;0;0;0
FR;6;2021-05-01;0;0;0;0;0;0;0;0;0;0;0;0;0;0;0;0;0;0
FR;6;2021-05-02;0;0;0;0;0;0;0;0;0;0;0;0;0;0;0;0;0;0
FR;6;2021-05-03;0;0;0;0;0;0;0;0;0;0;0;0;0;0;0;0;0;0
FR;6;2021-05-04;0;0;0;0;0;0;0;0;0;0;0;0;0;0;0;0;0;0
FR;6;2021-05-05;0;0;0;0;0;0;0;0;0;0;0;0;0;0;0;0;0;0
FR;6;2021-05-06;0;0;0;0;0;0;0;0;0;0;0;0;0;0;0;0;0;0
FR;6;2021-05-07;0;0;0;0;0;0;0;0;0;0;0;0;0;0;0;0;0;0
FR;6;2021-05-08;0;0;0;0;0;0;0;0;0;0;0;0;0;0;0;0;0;0
FR;6;2021-05-09;0;0;0;0;0;0;0;0;0;0;0;0;0;0;0;0;0;0
FR;6;2021-05-10;0;0;0;0;0;0;0;0;0;0;0;0;0;0;0;0;0;0
FR;6;2021-05-11;0;0;0;0;0;0;0;0;0;0;0;0;0;0;0;0;0;0
FR;6;2021-05-12;0;0;0;0;0;0;0;0;0;0;0;0;0;0;0;0;0;0
FR;6;2021-05-13;0;0;0;0;0;0;0;0;0;0;0;0;0;0;0;0;0;0
FR;6;2021-05-14;0;0;0;0;0;0;0;0;0;0;0;0;0;0;0;0;0;0
FR;6;2021-05-15;0;0;0;0;0;0;0;0;0;0;0;0;0;0;0;0;0;0
FR;6;2021-05-16;0;0;0;0;0;0;0;0;0;0;0;0;0;0;0;0;0;0
FR;6;2021-05-17;0;0;0;0;0;0;0;0;0;0;0;0;0;0;0;0;0;0
FR;6;2021-05-18;0;0;0;0;0;0;0;0;0;0;0;0;0;0;0;0;0;0
FR;6;2021-05-19;0;0;0;0;0;0;0;0;0;0;0;0;0;0;0;0;0;0
FR;6;2021-05-20;0;0;0;0;0;0;0;0;0;0;0;0;0;0;0;0;0;0
FR;6;2021-05-21;0;0;0;0;0;0;0;0;0;0;0;0;0;0;0;0;0;0
FR;6;2021-05-22;0;0;0;0;0;0;0;0;0;0;0;0;0;0;0;0;0;0
FR;6;2021-05-23;0;0;0;0;0;0;0;0;0;0;0;0;0;0;0;0;0;0
FR;6;2021-05-24;0;0;0;0;0;0;0;0;0;0;0;0;0;0;0;0;0;0
FR;6;2021-05-25;0;0;0;0;0;0;0;0;0;0;0;0;0;0;0;0;0;0
FR;6;2021-05-26;0;0;0;0;0;0;0;0;0;0;0;0;0;0;0;0;0;0
FR;6;2021-05-27;0;0;0;0;0;0;0;0;0;0;0;0;0;0;0;0;0;0
FR;6;2021-05-28;0;0;0;0;0;0;0;0;0;0;0;0;0;0;0;0;0;0
FR;6;2021-05-29;0;0;0;0;0;0;0;0;0;0;0;0;0;0;0;0;0;0
FR;6;2021-05-30;0;0;0;0;0;0;0;0;0;0;0;0;0;0;0;0;0;0
FR;6;2021-05-31;0;0;0;0;0;0;0;0;0;0;0;0;0;0;0;0;0;0
FR;6;2021-06-01;0;0;0;0;0;0;0;0;0;0;0;0;0;0;0;0;0;0
FR;6;2021-06-02;0;0;0;0;0;0;0;0;0;0;0;0;0;0;0;0;0;0
FR;6;2021-06-03;0;0;0;0;0;0;0;0;0;0;0;0;0;0;0;0;0;0
FR;6;2021-06-04;0;0;0;0;0;0;0;0;0;0;0;0;0;0;0;0;0;0
FR;6;2021-06-05;0;0;0;0;0;0;0;0;0;0;0;0;0;0;0;0;0;0
FR;6;2021-06-06;0;0;0;0;0;0;0;0;0;0;0;0;0;0;0;0;0;0
FR;6;2021-06-07;0;0;0;0;0;0;0;0;0;0;0;0;0;0;0;0;0;0
FR;6;2021-06-08;0;0;0;0;0;0;0;0;0;0;0;0;0;0;0;0;0;0
FR;6;2021-06-09;0;0;0;0;0;0;0;0;0;0;0;0;0;0;0;0;0;0
FR;6;2021-06-10;0;0;0;0;0;0;0;0;0;0;0;0;0;0;0;0;0;0
FR;6;2021-06-11;0;0;0;0;0;0;0;0;0;0;0;0;0;0;0;0;0;0
FR;6;2021-06-12;0;0;0;0;0;0;0;0;0;0;0;0;0;0;0;0;0;0
FR;6;2021-06-13;0;0;0;0;0;0;0;0;0;0;0;0;0;0;0;0;0;0
FR;6;2021-06-14;0;0;0;0;0;0;0;0;0;0;0;0;0;0;0;0;0;0
FR;6;2021-06-15;0;0;0;0;0;0;0;0;0;0;0;0;0;0;0;0;0;0
FR;6;2021-06-16;0;0;0;0;0;0;0;0;0;0;0;0;0;0;0;0;0;0
FR;6;2021-06-17;0;0;0;0;0;0;0;0;0;0;0;0;0;0;0;0;0;0
FR;6;2021-06-18;0;0;0;0;0;0;0;0;0;0;0;0;0;0;0;0;0;0
FR;6;2021-06-19;0;0;0;0;0;0;0;0;0;0;0;0;0;0;0;0;0;0
FR;6;2021-06-20;0;0;0;0;0;0;0;0;0;0;0;0;0;0;0;0;0;0
FR;6;2021-06-21;0;0;0;0;0;0;0;0;0;0;0;0;0;0;0;0;0;0
FR;6;2021-06-22;0;0;0;0;0;0;0;0;0;0;0;0;0;0;0;0;0;0
FR;6;2021-06-23;0;0;0;0;0;0;0;0;0;0;0;0;0;0;0;0;0;0
FR;6;2021-06-24;0;0;0;0;0;0;0;0;0;0;0;0;0;0;0;0;0;0
FR;6;2021-06-25;0;0;0;0;0;0;0;0;0;0;0;0;0;0;0;0;0;0
FR;6;2021-06-26;0;0;0;0;0;0;0;0;0;0;0;0;0;0;0;0;0;0
FR;6;2021-06-27;0;0;0;0;0;0;0;0;0;0;0;0;0;0;0;0;0;0
FR;6;2021-06-28;0;0;0;0;0;0;0;0;0;0;0;0;0;0;0;0;0;0
FR;6;2021-06-29;0;0;0;0;0;0;0;0;0;0;0;0;0;0;0;0;0;0
FR;6;2021-06-30;0;0;0;0;0;0;0;0;0;0;0;0;0;0;0;0;0;0
FR;6;2021-07-01;0;0;0;0;0;0;0;0;0;0;0;0;0;0;0;0;0;0
FR;6;2021-07-02;0;0;0;0;0;0;0;0;0;0;0;0;0;0;0;0;0;0
FR;6;2021-07-03;0;0;0;0;0;0;0;0;0;0;0;0;0;0;0;0;0;0
FR;6;2021-07-04;0;0;0;0;0;0;0;0;0;0;0;0;0;0;0;0;0;0
FR;6;2021-07-05;0;0;0;0;0;0;0;0;0;0;0;0;0;0;0;0;0;0
FR;6;2021-07-06;0;0;0;0;0;0;0;0;0;0;0;0;0;0;0;0;0;0
FR;6;2021-07-07;0;0;0;0;0;0;0;0;0;0;0;0;0;0;0;0;0;0
FR;6;2021-07-08;0;0;0;0;0;0;0;0;0;0;0;0;0;0;0;0;0;0
FR;6;2021-07-09;0;0;0;0;0;0;0;0;0;0;0;0;0;0;0;0;0;0
FR;6;2021-07-10;0;0;0;0;0;0;0;0;0;0;0;0;0;0;0;0;0;0
FR;6;2021-07-11;0;0;0;0;0;0;0;0;0;0;0;0;0;0;0;0;0;0
FR;6;2021-07-12;0;0;0;0;0;0;0;0;0;0;0;0;0;0;0;0;0;0
FR;6;2021-07-13;0;0;0;0;0;0;0;0;0;0;0;0;0;0;0;0;0;0
FR;6;2021-07-14;0;0;0;0;0;0;0;0;0;0;0;0;0;0;0;0;0;0
FR;6;2021-07-15;0;0;0;0;0;0;0;0;0;0;0;0;0;0;0;0;0;0
FR;6;2021-07-16;0;0;0;0;0;0;0;0;0;0;0;0;0;0;0;0;0;0
FR;6;2021-07-17;0;0;0;0;0;0;0;0;0;0;0;0;0;0;0;0;0;0
FR;6;2021-07-18;0;0;0;0;0;0;0;0;0;0;0;0;0;0;0;0;0;0
FR;6;2021-07-19;0;0;0;0;0;0;0;0;0;0;0;0;0;0;0;0;0;0
FR;6;2021-07-20;0;0;0;0;0;0;0;0;0;0;0;0;0;0;0;0;0;0
FR;6;2021-07-21;0;0;0;0;0;0;0;0;0;0;0;0;0;0;0;0;0;0
FR;6;2021-07-22;0;0;0;0;0;0;0;0;0;0;0;0;0;0;0;0;0;0
FR;6;2021-07-23;0;0;0;0;0;0;0;0;0;0;0;0;0;0;0;0;0;0
FR;6;2021-07-24;0;0;0;0;0;0;0;0;0;0;0;0;0;0;0;0;0;0
FR;6;2021-07-25;0;0;0;0;0;0;0;0;0;0;0;0;0;0;0;0;0;0
FR;6;2021-07-26;0;0;0;0;0;0;0;0;0;0;0;0;0;0;0;0;0;0
FR;6;2021-07-27;0;0;0;0;0;0;0;0;0;0;0;0;0;0;0;0;0;0
FR;6;2021-07-28;0;0;0;0;0;0;0;0;0;0;0;0;0;0;0;0;0;0
FR;6;2021-07-29;0;0;0;0;0;0;0;0;0;0;0;0;0;0;0;0;0;0
FR;6;2021-07-30;0;0;0;0;0;0;0;0;0;0;0;0;0;0;0;0;0;0
FR;6;2021-07-31;0;0;0;0;0;0;0;0;0;0;0;0;0;0;0;0;0;0
FR;6;2021-08-01;0;0;0;0;0;0;0;0;0;0;0;0;0;0;0;0;0;0
FR;6;2021-08-02;0;0;0;0;0;0;0;0;0;0;0;0;0;0;0;0;0;0
FR;6;2021-08-03;0;0;0;0;0;0;0;0;0;0;0;0;0;0;0;0;0;0
FR;6;2021-08-04;0;0;0;0;0;0;0;0;0;0;0;0;0;0;0;0;0;0
FR;6;2021-08-05;0;0;0;0;0;0;0;0;0;0;0;0;0;0;0;0;0;0
FR;6;2021-08-06;0;0;0;0;0;0;0;0;0;0;0;0;0;0;0;0;0;0
FR;6;2021-08-07;0;0;0;0;0;0;0;0;0;0;0;0;0;0;0;0;0;0
FR;6;2021-08-08;0;0;0;0;0;0;0;0;0;0;0;0;0;0;0;0;0;0
FR;6;2021-08-09;0;0;0;0;0;0;0;0;0;0;0;0;0;0;0;0;0;0
FR;6;2021-08-10;0;0;0;0;0;0;0;0;0;0;0;0;0;0;0;0;0;0
FR;6;2021-08-11;0;0;0;0;0;0;0;0;0;0;0;0;0;0;0;0;0;0
FR;6;2021-08-12;0;0;0;0;0;0;0;0;0;0;0;0;0;0;0;0;0;0
FR;6;2021-08-13;0;0;0;0;0;0;0;0;0;0;0;0;0;0;0;0;0;0
FR;6;2021-08-14;0;0;0;0;0;0;0;0;0;0;0;0;0;0;0;0;0;0
FR;6;2021-08-15;0;0;0;0;0;0;0;0;0;0;0;0;0;0;0;0;0;0
FR;6;2021-08-16;0;0;0;0;0;0;0;0;0;0;0;0;0;0;0;0;0;0
FR;6;2021-08-17;0;0;0;0;0;0;0;0;0;0;0;0;0;0;0;0;0;0
FR;6;2021-08-18;0;0;0;0;0;0;0;0;0;0;0;0;0;0;0;0;0;0
FR;6;2021-08-19;0;0;0;0;0;0;0;0;0;0;0;0;0;0;0;0;0;0
FR;6;2021-08-20;0;0;0;0;0;0;0;0;0;0;0;0;0;0;0;0;0;0
FR;6;2021-08-21;0;0;0;0;0;0;0;0;0;0;0;0;0;0;0;0;0;0
FR;6;2021-08-22;0;0;0;0;0;0;0;0;0;0;0;0;0;0;0;0;0;0
FR;6;2021-08-23;0;0;0;0;0;0;0;0;0;0;0;0;0;0;0;0;0;0
FR;6;2021-08-24;0;0;0;0;0;0;0;0;0;0;0;0;0;0;0;0;0;0
FR;6;2021-08-25;0;0;0;0;0;0;0;0;0;0;0;0;0;0;0;0;0;0
FR;6;2021-08-26;0;0;0;0;0;0;0;0;0;0;0;0;0;0;0;0;0;0
FR;6;2021-08-27;0;0;0;0;0;0;0;0;0;0;0;0;0;0;0;0;0;0
FR;6;2021-08-28;0;0;0;0;0;0;0;0;0;0;0;0;0;0;0;0;0;0
FR;6;2021-08-29;0;0;0;0;0;0;0;0;0;0;0;0;0;0;0;0;0;0
FR;6;2021-08-30;0;0;0;0;0;0;0;0;0;0;0;0;0;0;0;0;0;0
FR;6;2021-08-31;0;0;0;0;0;0;0;0;0;0;0;0;0;0;0;0;0;0
FR;6;2021-09-01;0;0;0;0;0;0;0;0;0;0;0;0;0;0;0;0;0;0
FR;6;2021-09-02;0;0;0;0;0;0;0;0;0;0;0;0;0;0;0;0;0;0
FR;6;2021-09-03;0;0;0;0;0;0;0;0;0;0;0;0;0;0;0;0;0;0
FR;6;2021-09-04;0;0;0;0;0;0;0;0;0;0;0;0;0;0;0;0;0;0
FR;6;2021-09-05;0;0;0;0;0;0;0;0;0;0;0;0;0;0;0;0;0;0
FR;6;2021-09-06;0;0;0;0;0;0;0;0;0;0;0;0;0;0;0;0;0;0
FR;6;2021-09-07;0;0;0;0;0;0;0;0;0;0;0;0;0;0;0;0;0;0
FR;6;2021-09-08;0;0;0;0;0;0;0;0;0;0;0;0;0;0;0;0;0;0
FR;6;2021-09-09;0;0;0;0;0;0;0;0;0;0;0;0;0;0;0;0;0;0
FR;6;2021-09-10;0;0;0;0;0;0;0;0;0;0;0;0;0;0;0;0;0;0
FR;6;2021-09-11;0;0;0;0;0;0;0;0;0;0;0;0;0;0;0;0;0;0
FR;6;2021-09-12;0;0;0;0;0;0;0;0;0;0;0;0;0;0;0;0;0;0
FR;6;2021-09-13;0;0;0;0;0;0;0;0;0;0;0;0;0;0;0;0;0;0
FR;6;2021-09-14;0;0;0;0;0;0;0;0;0;0;0;0;0;0;0;0;0;0
FR;6;2021-09-15;0;0;0;0;0;0;0;0;0;0;0;0;0;0;0;0;0;0
FR;6;2021-09-16;0;0;0;0;0;0;0;0;0;0;0;0;0;0;0;0;0;0
FR;6;2021-09-17;0;0;0;0;0;0;0;0;0;0;0;0;0;0;0;0;0;0
FR;6;2021-09-18;0;0;0;0;0;0;0;0;0;0;0;0;0;0;0;0;0;0
FR;6;2021-09-19;0;0;0;0;0;0;0;0;0;0;0;0;0;0;0;0;0;0
FR;6;2021-09-20;0;0;0;0;0;0;0;0;0;0;0;0;0;0;0;0;0;0
FR;6;2021-09-21;0;0;0;0;0;0;0;0;0;0;0;0;0;0;0;0;0;0
FR;6;2021-09-22;0;0;0;0;0;0;0;0;0;0;0;0;0;0;0;0;0;0
FR;6;2021-09-23;0;0;0;0;0;0;0;0;0;0;0;0;0;0;0;0;0;0
FR;6;2021-09-24;0;0;0;0;0;0;0;0;0;0;0;0;0;0;0;0;0;0
FR;6;2021-09-25;0;0;0;0;0;0;0;0;0;0;0;0;0;0;0;0;0;0
FR;6;2021-09-26;0;0;0;0;0;0;0;0;0;0;0;0;0;0;0;0;0;0
FR;6;2021-09-27;0;0;0;0;0;0;0;0;0;0;0;0;0;0;0;0;0;0
FR;6;2021-09-28;0;0;0;0;0;0;0;0;0;0;0;0;0;0;0;0;0;0
FR;6;2021-09-29;0;0;0;0;0;0;0;0;0;0;0;0;0;0;0;0;0;0
FR;6;2021-09-30;0;0;0;0;0;0;0;0;0;0;0;0;0;0;0;0;0;0
FR;6;2021-10-01;0;0;0;0;0;0;0;0;0;0;0;0;0;0;0;0;0;0
FR;6;2021-10-02;0;0;0;0;0;0;0;0;0;0;0;0;0;0;0;0;0;0
FR;6;2021-10-03;0;0;0;0;0;0;0;0;0;0;0;0;0;0;0;0;0;0
FR;6;2021-10-04;0;0;0;0;0;0;0;0;0;0;0;0;0;0;0;0;0;0
FR;6;2021-10-05;0;0;0;0;0;0;0;0;0;0;0;0;0;0;0;0;0;0
FR;6;2021-10-06;0;0;0;0;0;0;0;0;0;0;0;0;0;0;0;0;0;0
FR;6;2021-10-07;0;0;0;0;0;0;0;0;0;0;0;0;0;0;0;0;0;0
FR;6;2021-10-08;0;0;0;0;0;0;0;0;0;0;0;0;0;0;0;0;0;0
FR;6;2021-10-09;0;0;0;0;0;0;0;0;0;0;0;0;0;0;0;0;0;0
FR;6;2021-10-10;0;0;0;0;0;0;0;0;0;0;0;0;0;0;0;0;0;0
FR;6;2021-10-11;0;0;0;0;0;0;0;0;0;0;0;0;0;0;0;0;0;0
FR;6;2021-10-12;0;0;0;0;0;0;0;0;0;0;0;0;0;0;0;0;0;0
FR;6;2021-10-13;0;0;0;0;0;0;0;0;0;0;0;0;0;0;0;0;0;0
FR;6;2021-10-14;0;0;0;0;0;0;0;0;0;0;0;0;0;0;0;0;0;0
FR;6;2021-10-15;0;0;0;0;0;0;0;0;0;0;0;0;0;0;0;0;0;0
FR;6;2021-10-16;0;0;0;0;0;0;0;0;0;0;0;0;0;0;0;0;0;0
FR;6;2021-10-17;0;0;0;0;0;0;0;0;0;0;0;0;0;0;0;0;0;0
FR;6;2021-10-18;0;0;0;0;0;0;0;0;0;0;0;0;0;0;0;0;0;0
FR;6;2021-10-19;0;0;0;0;0;0;0;0;0;0;0;0;0;0;0;0;0;0
FR;6;2021-10-20;0;0;0;0;0;0;0;0;0;0;0;0;0;0;0;0;0;0
FR;6;2021-10-21;0;0;0;0;0;0;0;0;0;0;0;0;0;0;0;0;0;0
FR;6;2021-10-22;0;0;0;0;0;0;0;0;0;0;0;0;0;0;0;0;0;0
FR;6;2021-10-23;0;0;0;0;0;0;0;0;0;0;0;0;0;0;0;0;0;0
FR;6;2021-10-24;0;0;0;0;0;0;0;0;0;0;0;0;0;0;0;0;0;0
FR;6;2021-10-25;0;0;0;0;0;0;0;0;0;0;0;0;0;0;0;0;0;0
FR;6;2021-10-26;0;0;0;0;0;0;0;0;0;0;0;0;0;0;0;0;0;0
FR;6;2021-10-27;0;0;0;0;0;0;0;0;0;0;0;0;0;0;0;0;0;0
FR;6;2021-10-28;0;0;0;0;0;0;0;0;0;0;0;0;0;0;0;0;0;0
FR;6;2021-10-29;0;0;0;0;0;0;0;0;0;0;0;0;0;0;0;0;0;0
FR;6;2021-10-30;0;0;0;0;0;0;0;0;0;0;0;0;0;0;0;0;0;0
FR;6;2021-10-31;0;0;0;0;0;0;0;0;0;0;0;0;0;0;0;0;0;0
FR;6;2021-11-01;0;0;0;0;0;0;0;0;0;0;0;0;0;0;0;0;0;0
FR;6;2021-11-02;0;0;0;0;0;0;0;0;0;0;0;0;0;0;0;0;0;0
FR;6;2021-11-03;0;0;0;0;0;0;0;0;0;0;0;0;0;0;0;0;0;0
FR;6;2021-11-04;0;0;0;0;0;0;0;0;0;0;0;0;0;0;0;0;0;0
FR;6;2021-11-05;0;0;0;0;0;0;0;0;0;0;0;0;0;0;0;0;0;0
FR;6;2021-11-06;0;0;0;0;0;0;0;0;0;0;0;0;0;0;0;0;0;0
FR;6;2021-11-07;0;0;0;0;0;0;0;0;0;0;0;0;0;0;0;0;0;0
FR;6;2021-11-08;0;0;0;0;0;0;0;0;0;0;0;0;0;0;0;0;0;0
FR;6;2021-11-09;0;0;0;0;0;0;0;0;0;0;0;0;0;0;0;0;0;0
FR;6;2021-11-10;0;0;0;0;0;0;0;0;0;0;0;0;0;0;0;0;0;0
FR;6;2021-11-11;0;0;0;0;0;0;0;0;0;0;0;0;0;0;0;0;0;0
FR;6;2021-11-12;0;0;0;0;0;0;0;0;0;0;0;0;0;0;0;0;0;0
FR;6;2021-11-13;0;0;0;0;0;0;0;0;0;0;0;0;0;0;0;0;0;0
FR;6;2021-11-14;0;0;0;0;0;0;0;0;0;0;0;0;0;0;0;0;0;0
FR;6;2021-11-15;0;0;0;0;0;0;0;0;0;0;0;0;0;0;0;0;0;0
FR;6;2021-11-16;0;0;0;0;0;0;0;0;0;0;0;0;0;0;0;0;0;0
FR;6;2021-11-17;0;0;0;0;0;0;0;0;0;0;0;0;0;0;0;0;0;0
FR;6;2021-11-18;0;0;0;0;0;0;0;0;0;0;0;0;0;0;0;0;0;0
FR;6;2021-11-19;0;0;0;0;0;0;0;0;0;0;0;0;0;0;0;0;0;0
FR;6;2021-11-20;0;0;0;0;0;0;0;0;0;0;0;0;0;0;0;0;0;0
FR;6;2021-11-21;0;0;0;0;0;0;0;0;0;0;0;0;0;0;0;0;0;0
FR;6;2021-11-22;0;0;0;0;0;0;0;0;0;0;0;0;0;0;0;0;0;0
FR;6;2021-11-23;0;0;0;0;0;0;0;0;0;0;0;0;0;0;0;0;0;0
FR;6;2021-11-24;0;0;0;0;0;0;0;0;0;0;0;0;0;0;0;0;0;0
FR;6;2021-11-25;0;0;0;0;0;0;0;0;0;0;0;0;0;0;0;0;0;0
FR;6;2021-11-26;0;0;0;0;0;0;0;0;0;0;0;0;0;0;0;0;0;0
FR;6;2021-11-27;0;0;0;0;0;0;0;0;0;0;0;0;0;0;0;0;0;0
FR;6;2021-11-28;0;0;0;0;0;0;0;0;0;0;0;0;0;0;0;0;0;0
FR;6;2021-11-29;0;0;0;0;0;0;0;0;0;0;0;0;0;0;0;0;0;0
FR;6;2021-11-30;0;0;0;0;0;0;0;0;0;0;0;0;0;0;0;0;0;0
FR;6;2021-12-01;0;0;0;0;0;0;0;0;0;0;0;0;0;0;0;0;0;0
FR;6;2021-12-02;0;0;0;0;0;0;0;0;0;0;0;0;0;0;0;0;0;0
FR;6;2021-12-03;0;0;0;0;0;0;0;0;0;0;0;0;0;0;0;0;0;0
FR;6;2021-12-04;0;0;0;0;0;0;0;0;0;0;0;0;0;0;0;0;0;0
FR;6;2021-12-05;0;0;0;0;0;0;0;0;0;0;0;0;0;0;0;0;0;0
FR;6;2021-12-06;0;0;0;0;0;0;0;0;0;0;0;0;0;0;0;0;0;0
FR;6;2021-12-07;0;0;0;0;0;0;0;0;0;0;0;0;0;0;0;0;0;0
FR;6;2021-12-08;0;0;0;0;0;0;0;0;0;0;0;0;0;0;0;0;0;0
FR;6;2021-12-09;0;0;0;0;0;0;0;0;0;0;0;0;0;0;0;0;0;0
FR;6;2021-12-10;0;0;0;0;0;0;0;0;0;0;0;0;0;0;0;0;0;0
FR;6;2021-12-11;0;0;0;0;0;0;0;0;0;0;0;0;0;0;0;0;0;0
FR;6;2021-12-12;0;0;0;0;0;0;0;0;0;0;0;0;0;0;0;0;0;0
FR;6;2021-12-13;0;0;0;0;0;0;0;0;0;0;0;0;0;0;0;0;0;0
FR;6;2021-12-14;0;0;0;0;0;0;0;0;0;0;0;0;0;0;0;0;0;0
FR;6;2021-12-15;0;0;0;0;0;0;0;0;0;0;0;0;0;0;0;0;0;0
FR;6;2021-12-16;0;0;0;0;0;0;0;0;0;0;0;0;0;0;0;0;0;0
FR;6;2021-12-17;0;0;0;0;0;0;0;0;0;0;0;0;0;0;0;0;0;0
FR;6;2021-12-18;0;0;0;0;0;0;0;0;0;0;0;0;0;0;0;0;0;0
FR;6;2021-12-19;0;0;0;0;0;0;0;0;0;0;0;0;0;0;0;0;0;0
FR;6;2021-12-20;0;0;0;0;0;0;0;0;0;0;0;0;0;0;0;0;0;0
FR;6;2021-12-21;0;0;0;0;0;0;0;0;0;0;0;0;0;0;0;0;0;0
FR;6;2021-12-22;0;0;0;0;0;0;0;0;0;0;0;0;0;0;0;0;0;0
FR;6;2021-12-23;0;0;0;0;0;0;0;0;0;0;0;0;0;0;0;0;0;0
FR;6;2021-12-24;0;0;0;0;0;0;0;0;0;0;0;0;0;0;0;0;0;0
FR;6;2021-12-25;0;0;0;0;0;0;0;0;0;0;0;0;0;0;0;0;0;0
FR;6;2021-12-26;0;0;0;0;0;0;0;0;0;0;0;0;0;0;0;0;0;0
FR;6;2021-12-27;0;0;0;0;0;0;0;0;0;0;0;0;0;0;0;0;0;0
FR;6;2021-12-28;0;0;0;0;0;0;0;0;0;0;0;0;0;0;0;0;0;0
FR;6;2021-12-29;0;0;0;0;0;0;0;0;0;0;0;0;0;0;0;0;0;0
FR;6;2021-12-30;0;0;0;0;0;0;0;0;0;0;0;0;0;0;0;0;0;0
FR;6;2021-12-31;0;0;0;0;0;0;0;0;0;0;0;0;0;0;0;0;0;0
FR;6;2022-01-01;0;0;0;0;0;0;0;0;0;0;0;0;0;0;0;0;0;0
FR;6;2022-01-02;0;0;0;0;0;0;0;0;0;0;0;0;0;0;0;0;0;0
FR;6;2022-01-03;0;0;0;0;0;0;0;0;0;0;0;0;0;0;0;0;0;0
FR;6;2022-01-04;0;0;0;0;0;0;0;0;0;0;0;0;0;0;0;0;0;0
FR;6;2022-01-05;0;0;0;0;0;0;0;0;0;0;0;0;0;0;0;0;0;0
FR;6;2022-01-06;0;0;0;0;0;0;0;0;0;0;0;0;0;0;0;0;0;0
FR;6;2022-01-07;0;0;0;0;0;0;0;0;0;0;0;0;0;0;0;0;0;0
FR;6;2022-01-08;0;0;0;0;0;0;0;0;0;0;0;0;0;0;0;0;0;0
FR;6;2022-01-09;0;0;0;0;0;0;0;0;0;0;0;0;0;0;0;0;0;0
FR;6;2022-01-10;0;0;0;0;0;0;0;0;0;0;0;0;0;0;0;0;0;0
FR;6;2022-01-11;0;0;0;0;0;0;0;0;0;0;0;0;0;0;0;0;0;0
FR;6;2022-01-12;0;0;0;0;0;0;0;0;0;0;0;0;0;0;0;0;0;0
FR;6;2022-01-13;0;0;0;0;0;0;0;0;0;0;0;0;0;0;0;0;0;0
FR;6;2022-01-14;0;0;0;0;0;0;0;0;0;0;0;0;0;0;0;0;0;0
FR;6;2022-01-15;0;0;0;0;0;0;0;0;0;0;0;0;0;0;0;0;0;0
FR;6;2022-01-16;0;0;0;0;0;0;0;0;0;0;0;0;0;0;0;0;0;0
FR;6;2022-01-17;0;0;0;0;0;0;0;0;0;0;0;0;0;0;0;0;0;0
FR;6;2022-01-18;0;0;0;0;0;0;0;0;0;0;0;0;0;0;0;0;0;0
FR;6;2022-01-19;0;0;0;0;0;0;0;0;0;0;0;0;0;0;0;0;0;0
FR;6;2022-01-20;0;0;0;0;0;0;0;0;0;0;0;0;0;0;0;0;0;0
FR;6;2022-01-21;0;0;0;0;0;0;0;0;0;0;0;0;0;0;0;0;0;0
FR;6;2022-01-22;0;0;0;0;0;0;0;0;0;0;0;0;0;0;0;0;0;0
FR;6;2022-01-23;0;0;0;0;0;0;0;0;0;0;0;0;0;0;0;0;0;0
FR;6;2022-01-24;0;0;0;0;0;0;0;0;0;0;0;0;0;0;0;0;0;0
FR;6;2022-01-25;0;0;0;0;0;0;0;0;0;0;0;0;0;0;0;0;0;0
FR;6;2022-01-26;0;0;0;0;0;0;0;0;0;0;0;0;0;0;0;0;0;0
FR;6;2022-01-27;0;0;0;0;0;0;0;0;0;0;0;0;0;0;0;0;0;0
FR;6;2022-01-28;0;0;0;0;0;0;0;0;0;0;0;0;0;0;0;0;0;0
FR;6;2022-01-29;0;0;0;0;0;0;0;0;0;0;0;0;0;0;0;0;0;0
FR;6;2022-01-30;0;0;0;0;0;0;0;0;0;0;0;0;0;0;0;0;0;0
FR;6;2022-01-31;0;0;0;0;0;0;0;0;0;0;0;0;0;0;0;0;0;0
FR;6;2022-02-01;0;0;0;0;0;0;0;0;0;0;0;0;0;0;0;0;0;0
FR;6;2022-02-02;0;0;0;0;0;0;0;0;0;0;0;0;0;0;0;0;0;0
FR;6;2022-02-03;0;0;0;0;0;0;0;0;0;0;0;0;0;0;0;0;0;0
FR;6;2022-02-04;0;0;0;0;0;0;0;0;0;0;0;0;0;0;0;0;0;0
FR;6;2022-02-05;0;0;0;0;0;0;0;0;0;0;0;0;0;0;0;0;0;0
FR;6;2022-02-06;0;0;0;0;0;0;0;0;0;0;0;0;0;0;0;0;0;0
FR;6;2022-02-07;0;0;0;0;0;0;0;0;0;0;0;0;0;0;0;0;0;0
FR;6;2022-02-08;0;0;0;0;0;0;0;0;0;0;0;0;0;0;0;0;0;0
FR;6;2022-02-09;0;0;0;0;0;0;0;0;0;0;0;0;0;0;0;0;0;0
FR;6;2022-02-10;0;0;0;0;0;0;0;0;0;0;0;0;0;0;0;0;0;0
FR;6;2022-02-11;0;0;0;0;0;0;0;0;0;0;0;0;0;0;0;0;0;0
FR;6;2022-02-12;0;0;0;0;0;0;0;0;0;0;0;0;0;0;0;0;0;0
FR;6;2022-02-13;0;0;0;0;0;0;0;0;0;0;0;0;0;0;0;0;0;0
FR;6;2022-02-14;0;0;0;0;0;0;0;0;0;0;0;0;0;0;0;0;0;0
FR;6;2022-02-15;0;0;0;0;0;0;0;0;0;0;0;0;0;0;0;0;0;0
FR;6;2022-02-16;0;0;0;0;0;0;0;0;0;0;0;0;0;0;0;0;0;0
FR;6;2022-02-17;0;0;0;0;0;0;0;0;0;0;0;0;0;0;0;0;0;0
FR;6;2022-02-18;0;0;0;0;0;0;0;0;0;0;0;0;0;0;0;0;0;0
FR;6;2022-02-19;0;0;0;0;0;0;0;0;0;0;0;0;0;0;0;0;0;0
FR;6;2022-02-20;0;0;0;0;0;0;0;0;0;0;0;0;0;0;0;0;0;0
FR;6;2022-02-21;0;0;0;0;0;0;0;0;0;0;0;0;0;0;0;0;0;0
FR;6;2022-02-22;0;0;0;0;0;0;0;0;0;0;0;0;0;0;0;0;0;0
FR;6;2022-02-23;0;0;0;0;0;0;0;0;0;0;0;0;0;0;0;0;0;0
FR;6;2022-02-24;0;0;0;0;0;0;0;0;0;0;0;0;0;0;0;0;0;0
FR;6;2022-02-25;0;0;0;0;0;0;0;0;0;0;0;0;0;0;0;0;0;0
FR;6;2022-02-26;1;0;0;0;0;0;0;0;0;1;0;0;0;0;0;0;0;0
FR;6;2022-02-27;1;0;0;0;1;0;0;0;0;2;0;0;0;1;0;0;0;0
FR;6;2022-02-28;0;0;0;0;0;0;0;0;0;2;0;0;0;1;0;0;0;0
FR;6;2022-03-01;3;0;0;0;0;0;0;0;0;5;0;0;0;1;0;0;0;0
FR;6;2022-03-02;97;9;2;0;15;7;0;0;0;102;9;2;0;16;7;0;0;0
FR;6;2022-03-03;0;0;0;0;0;0;0;0;0;102;9;2;0;16;7;0;0;0
FR;6;2022-03-04;92;4;0;0;8;4;0;0;0;194;13;2;0;24;11;0;0;0
FR;6;2022-03-05;391;23;2;0;60;14;0;0;0;585;36;4;0;84;25;0;0;0
FR;6;2022-03-06;7;1;0;0;2;0;0;0;0;592;37;4;0;86;25;0;0;0
FR;6;2022-03-07;337;19;0;0;51;13;0;0;0;929;56;4;0;137;38;0;0;0
FR;6;2022-03-08;230;14;0;0;47;5;0;0;0;1159;70;4;0;184;43;0;0;0
FR;6;2022-03-09;519;29;2;0;84;21;1;0;0;1678;99;6;0;268;64;1;0;0
FR;6;2022-03-10;206;19;0;1;54;12;1;0;0;1884;118;6;1;322;76;2;0;0
FR;6;2022-03-11;331;22;6;0;53;21;0;0;0;2215;140;12;1;375;97;2;0;0
FR;6;2022-03-12;518;25;1;0;83;20;0;0;0;2733;165;13;1;458;117;2;0;0
FR;6;2022-03-13;40;2;0;0;2;1;0;0;0;2773;167;13;1;460;118;2;0;0
FR;6;2022-03-14;201;4;2;0;39;3;1;0;0;2974;171;15;1;499;121;3;0;0
FR;6;2022-03-15;112;11;2;0;28;9;0;0;0;3086;182;17;1;527;130;3;0;0
FR;6;2022-03-16;310;17;2;1;49;15;1;0;0;3396;199;19;2;576;145;4;0;0
FR;6;2022-03-17;117;6;1;2;14;4;2;0;0;3513;205;20;4;590;149;6;0;0
FR;6;2022-03-18;215;10;0;0;40;6;0;0;0;3728;215;20;4;630;155;6;0;0
FR;6;2022-03-19;307;19;2;0;90;9;0;0;0;4035;234;22;4;720;164;6;0;0
FR;6;2022-03-20;15;5;0;0;5;1;0;0;0;4050;239;22;4;725;165;6;0;0
FR;6;2022-03-21;132;23;1;0;47;4;0;0;0;4182;262;23;4;772;169;6;0;0
FR;6;2022-03-22;97;15;0;0;34;4;0;0;0;4279;277;23;4;806;173;6;0;0
FR;6;2022-03-23;226;108;3;0;155;14;1;0;0;4505;385;26;4;961;187;7;0;0
FR;6;2022-03-24;100;15;1;3;32;4;3;0;0;4605;400;27;7;993;191;10;0;0
FR;6;2022-03-25;203;141;2;1;179;15;2;0;0;4808;541;29;8;1172;206;12;0;0
FR;6;2022-03-26;331;295;7;1;385;19;1;0;0;5139;836;36;9;1557;225;13;0;0
FR;6;2022-03-27;32;30;1;0;37;1;1;0;0;5171;866;37;9;1594;226;14;0;0
FR;6;2022-03-28;201;208;8;1;234;17;3;0;0;5372;1074;45;10;1828;243;17;0;0
FR;6;2022-03-29;124;189;12;2;206;12;9;0;0;5496;1263;57;12;2034;255;26;0;0
FR;6;2022-03-30;305;476;10;2;548;22;6;0;0;5801;1739;67;14;2582;277;32;0;0
FR;6;2022-03-31;123;140;10;0;160;14;5;0;0;5924;1879;77;14;2742;291;37;0;0
FR;6;2022-04-01;195;150;11;2;178;23;3;0;0;6119;2029;88;16;2920;314;40;0;0
FR;6;2022-04-02;206;241;9;1;280;13;8;0;0;6325;2270;97;17;3200;327;48;0;0
FR;6;2022-04-03;17;21;0;0;26;1;0;0;0;6342;2291;97;17;3226;328;48;0;0
FR;6;2022-04-04;137;114;6;1;131;9;5;0;0;6479;2405;103;18;3357;337;53;0;0
FR;6;2022-04-05;146;88;15;1;105;11;8;0;0;6625;2493;118;19;3462;348;61;0;0
FR;6;2022-04-06;204;245;22;26;291;27;33;0;0;6829;2738;140;45;3753;375;94;0;0
FR;6;2022-04-07;127;96;15;9;115;17;14;0;0;6956;2834;155;54;3868;392;108;0;0
FR;6;2022-04-08;199;171;16;3;214;17;9;0;1;7155;3005;171;57;4082;409;117;0;1
FR;6;2022-04-09;145;139;6;12;171;13;4;0;0;7300;3144;177;69;4253;422;121;0;1
FR;6;2022-04-10;11;20;3;0;26;1;3;0;0;7311;3164;180;69;4279;423;124;0;1
FR;6;2022-04-11;101;106;4;0;129;5;3;0;0;7412;3270;184;69;4408;428;127;0;1
FR;6;2022-04-12;136;75;5;8;114;10;10;0;0;7548;3345;189;77;4522;438;137;0;1
FR;6;2022-04-13;162;175;7;5;208;13;8;0;0;7710;3520;196;82;4730;451;145;0;1
FR;6;2022-04-14;100;103;5;10;121;8;10;0;0;7810;3623;201;92;4851;459;155;0;1
FR;6;2022-04-15;158;149;11;7;167;19;14;0;1;7968;3772;212;99;5018;478;169;0;2
FR;6;2022-04-16;127;132;5;0;162;14;2;0;0;8095;3904;217;99;5180;492;171;0;2
FR;6;2022-04-17;8;9;4;0;10;4;0;0;0;8103;3913;221;99;5190;496;171;0;2
FR;6;2022-04-18;8;15;3;0;14;4;0;0;0;8111;3928;224;99;5204;500;171;0;2
FR;6;2022-04-19;97;112;4;3;130;3;7;0;0;8208;4040;228;102;5334;503;178;0;2
FR;6;2022-04-20;177;227;8;7;269;15;3;0;0;8385;4267;236;109;5603;518;181;0;2
FR;6;2022-04-21;111;93;8;4;110;11;7;0;0;8496;4360;244;113;5713;529;188;0;2
FR;6;2022-04-22;139;160;13;12;189;13;13;0;0;8635;4520;257;125;5902;542;201;0;2
FR;6;2022-04-23;106;129;1;1;161;7;1;0;0;8741;4649;258;126;6063;549;202;0;2
FR;6;2022-04-24;5;21;1;0;22;0;1;0;0;8746;4670;259;126;6085;549;203;0;2
FR;6;2022-04-25;90;128;3;8;151;11;9;0;0;8836;4798;262;134;6236;560;212;0;2
FR;6;2022-04-26;101;128;19;2;151;17;13;0;0;8937;4926;281;136;6387;577;225;0;2
FR;6;2022-04-27;197;159;21;1;222;27;11;0;1;9134;5085;302;137;6609;604;236;0;3
FR;6;2022-04-28;109;87;7;1;123;8;7;0;0;9243;5172;309;138;6732;612;243;0;3
FR;6;2022-04-29;191;169;16;2;215;20;6;0;0;9434;5341;325;140;6947;632;249;0;3
FR;6;2022-04-30;133;125;7;1;168;24;2;0;0;9567;5466;332;141;7115;656;251;0;3
FR;6;2022-05-01;7;6;0;0;8;0;0;0;0;9574;5472;332;141;7123;656;251;0;3
FR;6;2022-05-02;94;65;3;4;88;3;4;0;0;9668;5537;335;145;7211;659;255;0;3
FR;6;2022-05-03;136;93;11;2;125;7;9;0;0;9804;5630;346;147;7336;666;264;0;3
FR;6;2022-05-04;167;118;25;12;161;29;12;0;1;9971;5748;371;159;7497;695;276;0;4
FR;6;2022-05-05;101;70;8;3;97;12;6;0;0;10072;5818;379;162;7594;707;282;0;4
FR;6;2022-05-06;152;110;10;9;155;16;11;0;0;10224;5928;389;171;7749;723;293;0;4
FR;6;2022-05-07;139;93;13;3;136;23;8;0;0;10363;6021;402;174;7885;746;301;0;4
FR;6;2022-05-08;20;8;6;5;16;7;5;0;0;10383;6029;408;179;7901;753;306;0;4
FR;6;2022-05-09;86;78;9;7;95;13;6;0;0;10469;6107;417;186;7996;766;312;0;4
FR;6;2022-05-10;112;80;15;7;110;12;13;0;0;10581;6187;432;193;8106;778;325;0;4
FR;6;2022-05-11;130;124;11;14;163;20;6;0;0;10711;6311;443;207;8269;798;331;0;4
FR;6;2022-05-12;105;76;7;5;96;15;6;0;1;10816;6387;450;212;8365;813;337;0;5
FR;6;2022-05-13;155;97;17;21;137;22;16;0;0;10971;6484;467;233;8502;835;353;0;5
FR;6;2022-05-14;81;60;6;7;84;15;2;0;0;11052;6544;473;240;8586;850;355;0;5
FR;6;2022-05-15;12;7;0;0;14;0;0;0;0;11064;6551;473;240;8600;850;355;0;5
FR;6;2022-05-16;65;54;6;2;69;12;3;0;0;11129;6605;479;242;8669;862;358;0;5
FR;6;2022-05-17;123;77;5;7;92;11;8;0;0;11252;6682;484;249;8761;873;366;0;5
FR;6;2022-05-18;131;116;5;1;158;14;3;0;0;11383;6798;489;250;8919;887;369;0;5
FR;6;2022-05-19;124;57;6;8;96;9;8;0;0;11507;6855;495;258;9015;896;377;0;5
FR;6;2022-05-20;125;115;13;3;151;18;10;0;0;11632;6970;508;261;9166;914;387;0;5
FR;6;2022-05-21;92;69;14;3;93;12;8;0;0;11724;7039;522;264;9259;926;395;0;5
FR;6;2022-05-22;19;12;5;0;21;4;1;0;0;11743;7051;527;264;9280;930;396;0;5
FR;6;2022-05-23;77;72;4;2;90;7;2;0;0;11820;7123;531;266;9370;937;398;0;5
FR;6;2022-05-24;117;98;8;2;131;16;4;0;0;11937;7221;539;268;9501;953;402;0;5
FR;6;2022-05-25;140;129;6;3;171;11;6;0;0;12077;7350;545;271;9672;964;408;0;5
FR;6;2022-05-26;7;9;3;0;5;9;0;0;0;12084;7359;548;271;9677;973;408;0;5
FR;6;2022-05-27;127;105;15;11;136;18;18;0;1;12211;7464;563;282;9813;991;426;0;6
FR;6;2022-05-28;54;75;1;5;89;8;5;0;0;12265;7539;564;287;9902;999;431;0;6
FR;6;2022-05-29;8;10;0;0;10;1;0;0;0;12273;7549;564;287;9912;1000;431;0;6
FR;6;2022-05-30;70;70;7;4;86;4;9;0;0;12343;7619;571;291;9998;1004;440;0;6
FR;6;2022-05-31;87;102;10;2;121;14;7;0;0;12430;7721;581;293;10119;1018;447;0;6
FR;6;2022-06-01;97;89;10;1;111;11;6;0;0;12527;7810;591;294;10230;1029;453;0;6
FR;6;2022-06-02;91;60;6;3;80;9;6;0;0;12618;7870;597;297;10310;1038;459;0;6
FR;6;2022-06-03;126;102;13;7;128;21;8;0;0;12744;7972;610;304;10438;1059;467;0;6
FR;6;2022-06-04;63;51;10;0;64;12;3;0;0;12807;8023;620;304;10502;1071;470;0;6
FR;6;2022-06-05;16;15;2;1;18;4;1;0;0;12823;8038;622;305;10520;1075;471;0;6
FR;6;2022-06-06;9;6;0;0;8;0;0;0;0;12832;8044;622;305;10528;1075;471;0;6
FR;6;2022-06-07;79;90;3;4;117;8;6;0;0;12911;8134;625;309;10645;1083;477;0;6
FR;6;2022-06-08;92;110;13;5;130;20;6;0;0;13003;8244;638;314;10775;1103;483;0;6
FR;6;2022-06-09;75;81;15;3;106;15;8;0;0;13078;8325;653;317;10881;1118;491;0;6
FR;6;2022-06-10;116;93;26;10;120;22;13;0;0;13194;8418;679;327;11001;1140;504;0;6
FR;6;2022-06-11;83;62;6;10;82;12;11;0;0;13277;8480;685;337;11083;1152;515;0;6
FR;6;2022-06-12;6;14;1;0;16;2;0;0;0;13283;8494;686;337;11099;1154;515;0;6
FR;6;2022-06-13;74;59;18;1;68;7;4;0;0;13357;8553;704;338;11167;1161;519;0;6
FR;6;2022-06-14;98;100;8;5;116;16;8;0;0;13455;8653;712;343;11283;1177;527;0;6
FR;6;2022-06-15;80;86;7;8;114;15;10;0;0;13535;8739;719;351;11397;1192;537;0;6
FR;6;2022-06-16;53;40;11;7;45;14;6;0;0;13588;8779;730;358;11442;1206;543;0;6
FR;6;2022-06-17;86;85;3;13;109;11;5;0;0;13674;8864;733;371;11551;1217;548;0;6
FR;6;2022-06-18;71;62;13;0;88;21;1;0;0;13745;8926;746;371;11639;1238;549;0;6
FR;6;2022-06-19;6;6;3;0;7;4;1;0;0;13751;8932;749;371;11646;1242;550;0;6
FR;6;2022-06-20;42;41;4;1;55;6;1;0;0;13793;8973;753;372;11701;1248;551;0;6
FR;6;2022-06-21;59;73;10;7;83;17;7;0;0;13852;9046;763;379;11784;1265;558;0;6
FR;6;2022-06-22;86;85;8;2;98;17;3;0;0;13938;9131;771;381;11882;1282;561;0;6
FR;6;2022-06-23;64;39;13;7;41;15;10;0;0;14002;9170;784;388;11923;1297;571;0;6
FR;6;2022-06-24;77;85;7;14;95;20;16;0;0;14079;9255;791;402;12018;1317;587;0;6
FR;6;2022-06-25;67;61;4;3;77;8;5;0;0;14146;9316;795;405;12095;1325;592;0;6
FR;6;2022-06-26;6;7;1;0;10;1;0;0;0;14152;9323;796;405;12105;1326;592;0;6
FR;6;2022-06-27;51;50;4;9;62;12;7;0;0;14203;9373;800;414;12167;1338;599;0;6
FR;6;2022-06-28;68;47;6;3;53;15;5;0;0;14271;9420;806;417;12220;1353;604;0;6
FR;6;2022-06-29;98;117;26;37;115;19;35;0;5;14369;9537;832;454;12335;1372;639;0;11
FR;6;2022-06-30;84;60;33;10;61;12;7;0;0;14453;9597;865;464;12396;1384;646;0;11
FR;6;2022-07-01;115;94;25;33;102;18;27;0;1;14568;9691;890;497;12498;1402;673;0;12
FR;6;2022-07-02;58;67;26;2;64;37;6;0;0;14626;9758;916;499;12562;1439;679;0;12
FR;6;2022-07-03;11;4;4;3;5;4;3;0;0;14637;9762;920;502;12567;1443;682;0;12
FR;6;2022-07-04;61;43;3;23;55;13;20;0;0;14698;9805;923;525;12622;1456;702;0;12
FR;6;2022-07-05;65;53;19;67;60;27;63;0;0;14763;9858;942;592;12682;1483;765;0;12
FR;6;2022-07-06;94;64;7;11;78;12;17;0;0;14857;9922;949;603;12760;1495;782;0;12
FR;6;2022-07-07;99;79;42;37;99;14;34;0;4;14956;10001;991;640;12859;1509;816;0;16
FR;6;2022-07-08;139;87;42;27;115;10;25;0;3;15095;10088;1033;667;12974;1519;841;0;19
FR;6;2022-07-09;53;51;16;29;51;27;33;0;1;15148;10139;1049;696;13025;1546;874;0;20
FR;6;2022-07-10;3;7;8;0;9;9;0;0;0;15151;10146;1057;696;13034;1555;874;0;20
FR;6;2022-07-11;54;44;5;4;47;12;4;0;0;15205;10190;1062;700;13081;1567;878;0;20
FR;6;2022-07-12;70;72;12;23;87;12;27;0;0;15275;10262;1074;723;13168;1579;905;0;20
FR;6;2022-07-13;84;65;14;21;71;25;22;0;0;15359;10327;1088;744;13239;1604;927;0;20
FR;6;2022-07-14;4;3;1;0;4;1;0;0;0;15363;10330;1089;744;13243;1605;927;0;20
FR;6;2022-07-15;74;59;9;57;85;16;45;0;0;15437;10389;1098;801;13328;1621;972;0;20
FR;6;2022-07-16;27;31;17;0;37;17;3;0;0;15464;10420;1115;801;13365;1638;975;0;20
FR;6;2022-07-17;3;7;0;0;8;0;0;0;0;15467;10427;1115;801;13373;1638;975;0;20
FR;6;2022-07-18;37;62;11;14;60;15;14;0;6;15504;10489;1126;815;13433;1653;989;0;26
FR;6;2022-07-19;54;48;4;19;60;6;21;0;1;15558;10537;1130;834;13493;1659;1010;0;27
FR;6;2022-07-20;53;70;7;22;75;11;27;0;0;15611;10607;1137;856;13568;1670;1037;0;27
FR;6;2022-07-21;51;61;4;7;56;11;9;0;0;15662;10668;1141;863;13624;1681;1046;0;27
FR;6;2022-07-22;55;74;7;26;82;8;16;0;2;15717;10742;1148;889;13706;1689;1062;0;29
FR;6;2022-07-23;38;40;6;10;40;6;9;0;1;15755;10782;1154;899;13746;1695;1071;0;30
FR;6;2022-07-24;11;14;1;3;19;3;3;0;0;15766;10796;1155;902;13765;1698;1074;0;30
FR;6;2022-07-25;60;44;8;12;41;9;13;0;1;15826;10840;1163;914;13806;1707;1087;0;31
FR;6;2022-07-26;47;64;14;6;62;10;13;0;0;15873;10904;1177;920;13868;1717;1100;0;31
FR;6;2022-07-27;54;78;15;11;80;18;15;0;8;15927;10982;1192;931;13948;1735;1115;0;39
FR;6;2022-07-28;30;48;4;6;50;8;7;0;1;15957;11030;1196;937;13998;1743;1122;0;40
FR;6;2022-07-29;43;71;10;38;60;24;36;0;1;16000;11101;1206;975;14058;1767;1158;0;41
FR;6;2022-07-30;26;48;4;15;49;7;15;0;0;16026;11149;1210;990;14107;1774;1173;0;41
FR;6;2022-07-31;0;1;1;0;1;0;1;0;0;16026;11150;1211;990;14108;1774;1174;0;41
FR;6;2022-08-01;39;36;14;8;32;10;6;0;1;16065;11186;1225;998;14140;1784;1180;0;42
FR;6;2022-08-02;37;46;10;14;52;6;16;0;0;16102;11232;1235;1012;14192;1790;1196;0;42
FR;6;2022-08-03;29;52;7;16;53;11;19;0;0;16131;11284;1242;1028;14245;1801;1215;0;42
FR;6;2022-08-04;25;21;4;9;20;6;10;0;1;16156;11305;1246;1037;14265;1807;1225;0;43
FR;6;2022-08-05;43;45;1;7;54;5;7;0;0;16199;11350;1247;1044;14319;1812;1232;0;43
FR;6;2022-08-06;17;27;1;3;33;2;4;0;0;16216;11377;1248;1047;14352;1814;1236;0;43
FR;6;2022-08-07;1;2;0;0;2;0;0;0;0;16217;11379;1248;1047;14354;1814;1236;0;43
FR;6;2022-08-08;24;33;1;0;40;1;0;0;0;16241;11412;1249;1047;14394;1815;1236;0;43
FR;6;2022-08-09;22;30;6;3;29;3;3;0;0;16263;11442;1255;1050;14423;1818;1239;0;43
FR;6;2022-08-10;32;36;5;9;38;5;9;0;5;16295;11478;1260;1059;14461;1823;1248;0;48
FR;6;2022-08-11;32;33;1;1;40;1;0;0;1;16327;11511;1261;1060;14501;1824;1248;0;49
FR;6;2022-08-12;50;44;6;2;50;15;3;0;1;16377;11555;1267;1062;14551;1839;1251;0;50
FR;6;2022-08-13;9;20;0;0;22;1;0;0;0;16386;11575;1267;1062;14573;1840;1251;0;50
FR;6;2022-08-14;3;1;0;0;2;0;0;0;0;16389;11576;1267;1062;14575;1840;1251;0;50
FR;6;2022-08-15;2;3;1;0;4;0;1;0;0;16391;11579;1268;1062;14579;1840;1252;0;50
FR;6;2022-08-16;35;66;21;7;66;7;2;0;0;16426;11645;1289;1069;14645;1847;1254;0;50
FR;6;2022-08-17;32;44;10;9;41;10;6;0;7;16458;11689;1299;1078;14686;1857;1260;0;57
FR;6;2022-08-18;29;55;14;4;61;4;0;0;1;16487;11744;1313;1082;14747;1861;1260;0;58
FR;6;2022-08-19;30;45;5;4;47;3;2;0;1;16517;11789;1318;1086;14794;1864;1262;0;59
FR;6;2022-08-20;26;28;3;0;27;8;1;0;0;16543;11817;1321;1086;14821;1872;1263;0;59
FR;6;2022-08-21;1;5;2;0;5;0;0;0;0;16544;11822;1323;1086;14826;1872;1263;0;59
FR;6;2022-08-22;20;42;15;1;45;0;0;0;0;16564;11864;1338;1087;14871;1872;1263;0;59
FR;6;2022-08-23;34;45;6;7;47;6;4;0;2;16598;11909;1344;1094;14918;1878;1267;0;61
FR;6;2022-08-24;34;30;6;3;36;6;2;0;3;16632;11939;1350;1097;14954;1884;1269;0;64
FR;6;2022-08-25;25;27;1;1;29;5;1;0;0;16657;11966;1351;1098;14983;1889;1270;0;64
FR;6;2022-08-26;38;44;4;4;51;7;7;0;0;16695;12010;1355;1102;15034;1896;1277;0;64
FR;6;2022-08-27;19;21;7;3;22;8;4;0;0;16714;12031;1362;1105;15056;1904;1281;0;64
FR;6;2022-08-28;6;3;0;6;3;1;1;0;4;16720;12034;1362;1111;15059;1905;1282;0;68
FR;6;2022-08-29;26;22;2;6;29;3;6;0;0;16746;12056;1364;1117;15088;1908;1288;0;68
FR;6;2022-08-30;28;35;4;12;33;8;13;0;0;16774;12091;1368;1129;15121;1916;1301;0;68
FR;6;2022-08-31;35;38;2;11;46;3;12;0;0;16809;12129;1370;1140;15167;1919;1313;0;68
FR;6;2022-09-01;17;11;5;1;13;4;3;0;0;16826;12140;1375;1141;15180;1923;1316;0;68
FR;6;2022-09-02;19;14;2;1;13;3;2;0;0;16845;12154;1377;1142;15193;1926;1318;0;68
FR;6;2022-09-03;10;3;1;5;4;2;5;0;0;16855;12157;1378;1147;15197;1928;1323;0;68
FR;6;2022-09-04;4;1;0;0;1;0;0;0;0;16859;12158;1378;1147;15198;1928;1323;0;68
FR;6;2022-09-05;8;7;0;0;10;0;0;0;0;16867;12165;1378;1147;15208;1928;1323;0;68
FR;6;2022-09-06;7;9;7;12;8;6;15;0;0;16874;12174;1385;1159;15216;1934;1338;0;68
FR;6;2022-09-07;3;8;1;0;8;1;0;0;0;16877;12182;1386;1159;15224;1935;1338;0;68
FR;6;2022-09-08;6;4;0;2;3;1;2;0;0;16883;12186;1386;1161;15227;1936;1340;0;68
FR;6;2022-09-09;7;9;2;7;9;3;8;0;0;16890;12195;1388;1168;15236;1939;1348;0;68
FR;6;2022-09-10;3;4;1;0;3;1;1;0;0;16893;12199;1389;1168;15239;1940;1349;0;68
FR;6;2022-09-11;1;3;0;0;3;0;0;0;0;16894;12202;1389;1168;15242;1940;1349;0;68
FR;6;2022-09-12;10;4;1;0;3;3;0;0;0;16904;12206;1390;1168;15245;1943;1349;0;68
FR;6;2022-09-13;7;2;3;0;2;2;2;0;0;16911;12208;1393;1168;15247;1945;1351;0;68
FR;6;2022-09-14;9;8;2;0;7;4;0;0;0;16920;12216;1395;1168;15254;1949;1351;0;68
FR;6;2022-09-15;8;13;5;5;9;9;3;0;2;16928;12229;1400;1173;15263;1958;1354;0;70
FR;6;2022-09-16;25;39;1;1;47;4;1;0;2;16953;12268;1401;1174;15310;1962;1355;0;72
FR;6;2022-09-17;24;22;0;6;24;5;3;0;2;16977;12290;1401;1180;15334;1967;1358;0;74
FR;6;2022-09-18;5;4;0;0;4;1;0;0;0;16982;12294;1401;1180;15338;1968;1358;0;74
FR;6;2022-09-19;30;30;2;1;32;5;1;0;0;17012;12324;1403;1181;15370;1973;1359;0;74
FR;6;2022-09-20;34;25;1;4;30;6;2;0;1;17046;12349;1404;1185;15400;1979;1361;0;75
FR;6;2022-09-21;21;9;3;3;7;7;5;0;3;17067;12358;1407;1188;15407;1986;1366;0;78
FR;6;2022-09-22;19;28;1;22;32;3;21;0;1;17086;12386;1408;1210;15439;1989;1387;0;79
FR;6;2022-09-23;28;41;5;9;47;9;2;0;0;17114;12427;1413;1219;15486;1998;1389;0;79
FR;6;2022-09-24;16;16;4;2;21;6;2;0;0;17130;12443;1417;1221;15507;2004;1391;0;79
FR;6;2022-09-25;3;14;0;0;14;1;0;0;0;17133;12457;1417;1221;15521;2005;1391;0;79
FR;6;2022-09-26;16;13;0;18;12;5;18;0;2;17149;12470;1417;1239;15533;2010;1409;0;81
FR;6;2022-09-27;32;19;2;3;23;4;4;0;0;17181;12489;1419;1242;15556;2014;1413;0;81
FR;6;2022-09-28;27;10;9;11;16;5;17;0;2;17208;12499;1428;1253;15572;2019;1430;0;83
FR;6;2022-09-29;13;13;10;34;16;6;33;0;7;17221;12512;1438;1287;15588;2025;1463;0;90
FR;6;2022-09-30;34;24;5;6;33;5;3;0;0;17255;12536;1443;1293;15621;2030;1466;0;90
FR;6;2022-10-01;17;12;5;8;9;8;8;0;2;17272;12548;1448;1301;15630;2038;1474;0;92
FR;6;2022-10-02;4;0;0;0;1;0;0;0;0;17276;12548;1448;1301;15631;2038;1474;0;92
FR;6;2022-10-03;11;10;3;5;11;4;6;0;0;17287;12558;1451;1306;15642;2042;1480;0;92
FR;6;2022-10-04;19;17;4;28;21;3;30;0;3;17306;12575;1455;1334;15663;2045;1510;0;95
FR;6;2022-10-05;11;12;3;2;9;7;4;0;0;17317;12587;1458;1336;15672;2052;1514;0;95
FR;6;2022-10-06;19;13;4;6;17;2;10;0;0;17336;12600;1462;1342;15689;2054;1524;0;95
FR;6;2022-10-07;27;26;5;24;24;11;16;0;5;17363;12626;1467;1366;15713;2065;1540;0;100
FR;6;2022-10-08;18;13;0;0;16;0;0;0;0;17381;12639;1467;1366;15729;2065;1540;0;100
FR;6;2022-10-09;7;3;4;27;3;4;30;0;6;17388;12642;1471;1393;15732;2069;1570;0;106
FR;6;2022-10-10;15;14;1;16;16;6;13;0;0;17403;12656;1472;1409;15748;2075;1583;0;106
FR;6;2022-10-11;21;23;3;11;22;8;13;0;3;17424;12679;1475;1420;15770;2083;1596;0;109
FR;6;2022-10-12;20;16;7;19;18;3;24;0;7;17444;12695;1482;1439;15788;2086;1620;0;116
FR;6;2022-10-13;28;15;2;36;23;0;38;0;6;17472;12710;1484;1475;15811;2086;1658;0;122
FR;6;2022-10-14;29;23;5;49;23;11;45;0;13;17501;12733;1489;1524;15834;2097;1703;0;135
FR;6;2022-10-15;13;9;0;22;8;4;21;0;6;17514;12742;1489;1546;15842;2101;1724;0;141
FR;6;2022-10-16;4;5;0;6;2;3;6;0;0;17518;12747;1489;1552;15844;2104;1730;0;141
FR;6;2022-10-17;14;14;2;10;14;1;12;0;2;17532;12761;1491;1562;15858;2105;1742;0;143
FR;6;2022-10-18;12;19;9;26;19;4;18;0;11;17544;12780;1500;1588;15877;2109;1760;0;154
FR;6;2022-10-19;10;20;6;16;20;5;19;0;5;17554;12800;1506;1604;15897;2114;1779;0;159
FR;6;2022-10-20;16;15;12;57;19;5;67;0;13;17570;12815;1518;1661;15916;2119;1846;0;172
FR;6;2022-10-21;16;21;9;34;22;11;37;0;10;17586;12836;1527;1695;15938;2130;1883;0;182
FR;6;2022-10-22;19;14;1;4;17;3;4;0;0;17605;12850;1528;1699;15955;2133;1887;0;182
FR;6;2022-10-23;3;3;1;0;4;0;1;0;0;17608;12853;1529;1699;15959;2133;1888;0;182
FR;6;2022-10-24;12;14;2;7;14;6;5;0;2;17620;12867;1531;1706;15973;2139;1893;0;184
FR;6;2022-10-25;20;13;6;17;16;7;19;0;4;17640;12880;1537;1723;15989;2146;1912;0;188
FR;6;2022-10-26;17;9;4;13;12;4;15;0;5;17657;12889;1541;1736;16001;2150;1927;0;193
FR;6;2022-10-27;20;7;8;37;10;6;36;0;14;17677;12896;1549;1773;16011;2156;1963;0;207
FR;6;2022-10-28;21;27;3;4;28;6;5;0;1;17698;12923;1552;1777;16039;2162;1968;0;208
FR;6;2022-10-29;7;11;5;11;10;6;14;0;12;17705;12934;1557;1788;16049;2168;1982;0;220
FR;6;2022-10-30;2;5;0;0;5;0;0;0;0;17707;12939;1557;1788;16054;2168;1982;0;220
FR;6;2022-10-31;20;14;2;13;17;4;12;0;3;17727;12953;1559;1801;16071;2172;1994;0;223
FR;6;2022-11-01;2;1;1;0;1;1;0;0;0;17729;12954;1560;1801;16072;2173;1994;0;223
FR;6;2022-11-02;15;25;9;21;26;11;19;0;12;17744;12979;1569;1822;16098;2184;2013;0;235
FR;6;2022-11-03;17;17;11;39;20;8;43;0;9;17761;12996;1580;1861;16118;2192;2056;0;244
FR;6;2022-11-04;19;22;9;16;27;5;16;0;10;17780;13018;1589;1877;16145;2197;2072;0;254
FR;6;2022-11-05;9;16;2;4;17;4;6;0;0;17789;13034;1591;1881;16162;2201;2078;0;254
FR;6;2022-11-06;5;1;0;0;1;0;0;0;0;17794;13035;1591;1881;16163;2201;2078;0;254
FR;6;2022-11-07;18;10;6;17;12;4;18;0;11;17812;13045;1597;1898;16175;2205;2096;0;265
FR;6;2022-11-08;18;10;2;3;8;5;5;0;4;17830;13055;1599;1901;16183;2210;2101;0;269
FR;6;2022-11-09;16;22;1;6;21;4;5;0;4;17846;13077;1600;1907;16204;2214;2106;0;273
FR;6;2022-11-10;10;10;4;12;8;5;11;0;10;17856;13087;1604;1919;16212;2219;2117;0;283
FR;6;2022-11-11;4;1;0;0;1;1;0;0;0;17860;13088;1604;1919;16213;2220;2117;0;283
FR;6;2022-11-12;4;11;1;7;11;2;5;0;9;17864;13099;1605;1926;16224;2222;2122;0;292
FR;6;2022-11-13;1;1;0;1;1;0;1;0;0;17865;13100;1605;1927;16225;2222;2123;0;292
FR;6;2022-11-14;13;10;7;32;14;8;33;0;14;17878;13110;1612;1959;16239;2230;2156;0;306
FR;6;2022-11-15;7;18;1;11;16;4;7;0;2;17885;13128;1613;1970;16255;2234;2163;0;308
FR;6;2022-11-16;16;15;9;32;16;3;42;0;9;17901;13143;1622;2002;16271;2237;2205;0;317
FR;6;2022-11-17;10;8;1;29;8;2;28;0;5;17911;13151;1623;2031;16279;2239;2233;0;322
FR;6;2022-11-18;19;12;5;23;17;4;25;0;7;17930;13163;1628;2054;16296;2243;2258;0;329
FR;6;2022-11-19;5;13;0;2;11;3;2;0;1;17935;13176;1628;2056;16307;2246;2260;0;330
FR;6;2022-11-20;2;1;2;0;1;2;0;0;0;17937;13177;1630;2056;16308;2248;2260;0;330
FR;6;2022-11-21;22;13;1;14;14;6;11;0;3;17959;13190;1631;2070;16322;2254;2271;0;333
FR;6;2022-11-22;14;9;0;4;11;1;3;0;1;17973;13199;1631;2074;16333;2255;2274;0;334
FR;6;2022-11-23;14;15;15;23;17;9;31;0;8;17987;13214;1646;2097;16350;2264;2305;0;342
FR;6;2022-11-24;14;17;1;13;19;5;12;0;7;18001;13231;1647;2110;16369;2269;2317;0;349
FR;6;2022-11-25;23;15;5;50;15;5;47;0;5;18024;13246;1652;2160;16384;2274;2364;0;354
FR;6;2022-11-26;9;5;2;4;3;2;5;0;1;18033;13251;1654;2164;16387;2276;2369;0;355
FR;6;2022-11-27;1;4;0;0;4;0;0;0;0;18034;13255;1654;2164;16391;2276;2369;0;355
FR;6;2022-11-28;9;11;6;22;11;3;24;0;11;18043;13266;1660;2186;16402;2279;2393;0;366
FR;6;2022-11-29;15;10;1;12;14;1;8;0;7;18058;13276;1661;2198;16416;2280;2401;0;373
FR;6;2022-11-30;18;20;8;23;19;12;22;0;8;18076;13296;1669;2221;16435;2292;2423;0;381
FR;6;2022-12-01;12;9;7;20;11;4;24;0;9;18088;13305;1676;2241;16446;2296;2447;0;390
FR;6;2022-12-02;17;9;12;36;12;8;42;0;1;18105;13314;1688;2277;16458;2304;2489;0;391
FR;6;2022-12-03;13;3;13;20;6;5;28;0;13;18118;13317;1701;2297;16464;2309;2517;0;404
FR;6;2022-12-04;3;1;0;2;1;0;2;0;0;18121;13318;1701;2299;16465;2309;2519;0;404
FR;6;2022-12-05;11;10;7;16;10;4;19;0;8;18132;13328;1708;2315;16475;2313;2538;0;412
FR;6;2022-12-06;10;19;3;30;12;11;28;0;3;18142;13347;1711;2345;16487;2324;2566;0;415
FR;6;2022-12-07;17;8;10;56;10;8;57;0;30;18159;13355;1721;2401;16497;2332;2623;0;445
FR;6;2022-12-08;9;13;8;19;11;7;21;0;13;18168;13368;1729;2420;16508;2339;2644;0;458
FR;6;2022-12-09;15;9;5;29;12;4;30;0;6;18183;13377;1734;2449;16520;2343;2674;0;464
FR;6;2022-12-10;12;9;6;9;7;4;14;0;7;18195;13386;1740;2458;16527;2347;2688;0;471
FR;6;2022-12-11;4;2;1;0;2;1;0;0;0;18199;13388;1741;2458;16529;2348;2688;0;471
FR;6;2022-12-12;17;10;8;36;14;9;33;0;17;18216;13398;1749;2494;16543;2357;2721;0;488
FR;6;2022-12-13;17;21;12;66;16;18;65;0;14;18233;13419;1761;2560;16559;2375;2786;0;502
FR;6;2022-12-14;14;13;8;53;11;12;53;0;14;18247;13432;1769;2613;16570;2387;2839;0;516
FR;6;2022-12-15;12;15;14;38;13;9;44;0;9;18259;13447;1783;2651;16583;2396;2883;0;525
FR;6;2022-12-16;18;14;15;39;15;14;39;0;13;18277;13461;1798;2690;16598;2410;2922;0;538
FR;6;2022-12-17;11;10;15;28;9;15;29;0;8;18288;13471;1813;2718;16607;2425;2951;0;546
FR;6;2022-12-18;7;4;0;2;5;0;2;0;0;18295;13475;1813;2720;16612;2425;2953;0;546
FR;6;2022-12-19;12;8;9;29;8;12;29;0;15;18307;13483;1822;2749;16620;2437;2982;0;561
FR;6;2022-12-20;17;23;11;23;17;19;22;0;21;18324;13506;1833;2772;16637;2456;3004;0;582
FR;6;2022-12-21;23;16;9;19;13;13;17;0;5;18347;13522;1842;2791;16650;2469;3021;0;587
FR;6;2022-12-22;13;14;9;21;15;13;18;0;11;18360;13536;1851;2812;16665;2482;3039;0;598
FR;6;2022-12-23;10;19;12;7;14;18;7;0;3;18370;13555;1863;2819;16679;2500;3046;0;601
FR;6;2022-12-24;4;5;3;1;5;2;2;0;1;18374;13560;1866;2820;16684;2502;3048;0;602
FR;6;2022-12-25;0;0;0;0;0;0;0;0;0;18374;13560;1866;2820;16684;2502;3048;0;602
FR;6;2022-12-26;8;12;12;11;10;18;11;0;3;18382;13572;1878;2831;16694;2520;3059;0;605
FR;6;2022-12-27;16;13;15;8;11;19;8;0;0;18398;13585;1893;2839;16705;2539;3067;0;605
FR;6;2022-12-28;15;19;6;8;19;9;9;0;4;18413;13604;1899;2847;16724;2548;3076;0;609
FR;6;2022-12-29;15;12;7;8;10;9;9;0;7;18428;13616;1906;2855;16734;2557;3085;0;616
FR;6;2022-12-30;20;19;13;8;20;13;11;0;4;18448;13635;1919;2863;16754;2570;3096;0;620
FR;6;2022-12-31;5;2;6;1;4;7;1;0;1;18453;13637;1925;2864;16758;2577;3097;0;621
FR;6;2023-01-01;2;1;0;3;0;3;0;0;1;18455;13638;1925;2867;16758;2580;3097;0;622
FR;6;2023-01-02;9;14;2;3;10;7;3;0;0;18464;13652;1927;2870;16768;2587;3100;0;622
FR;6;2023-01-03;8;17;9;21;17;9;21;0;7;18472;13669;1936;2891;16785;2596;3121;0;629
FR;6;2023-01-04;9;10;4;10;9;8;6;0;14;18481;13679;1940;2901;16794;2604;3127;0;643
FR;6;2023-01-05;11;11;6;23;10;3;26;0;8;18492;13690;1946;2924;16804;2607;3153;0;651
FR;6;2023-01-06;16;24;15;30;21;17;29;0;15;18508;13714;1961;2954;16825;2624;3182;0;666
FR;6;2023-01-07;9;19;4;1;10;13;3;0;1;18517;13733;1965;2955;16835;2637;3185;0;667
FR;6;2023-01-08;2;7;4;11;6;4;11;0;3;18519;13740;1969;2966;16841;2641;3196;0;670
FR;6;2023-01-09;16;10;5;35;9;8;34;0;17;18535;13750;1974;3001;16850;2649;3230;0;687
FR;6;2023-01-10;13;15;13;23;13;10;26;0;9;18548;13765;1987;3024;16863;2659;3256;0;696
FR;6;2023-01-11;15;14;5;16;18;6;14;0;12;18563;13779;1992;3040;16881;2665;3270;0;708
FR;6;2023-01-12;7;13;2;5;10;3;5;0;12;18570;13792;1994;3045;16891;2668;3275;0;720
FR;6;2023-01-13;20;14;18;43;15;20;43;0;31;18590;13806;2012;3088;16906;2688;3318;0;751
FR;6;2023-01-14;20;8;6;2;9;9;2;0;0;18610;13814;2018;3090;16915;2697;3320;0;751
FR;6;2023-01-15;0;0;1;3;0;1;3;0;0;18610;13814;2019;3093;16915;2698;3323;0;751
FR;6;2023-01-16;22;12;2;1;10;6;3;0;2;18632;13826;2021;3094;16925;2704;3326;0;753
FR;6;2023-01-17;8;17;12;8;17;11;14;0;5;18640;13843;2033;3102;16942;2715;3340;0;758
FR;6;2023-01-18;22;15;9;7;17;10;8;0;1;18662;13858;2042;3109;16959;2725;3348;0;759
FR;6;2023-01-19;9;9;14;9;11;12;13;0;7;18671;13867;2056;3118;16970;2737;3361;0;766
FR;6;2023-01-20;17;13;9;32;15;7;34;0;27;18688;13880;2065;3150;16985;2744;3395;0;793
FR;6;2023-01-21;12;7;5;2;6;8;3;0;1;18700;13887;2070;3152;16991;2752;3398;0;794
FR;6;2023-01-22;0;0;1;1;0;1;1;0;0;18700;13887;2071;3153;16991;2753;3399;0;794
FR;6;2023-01-23;9;9;5;11;8;5;11;0;3;18709;13896;2076;3164;16999;2758;3410;0;797
FR;6;2023-01-24;14;15;15;13;15;14;18;0;6;18723;13911;2091;3177;17014;2772;3428;0;803
FR;6;2023-01-25;15;7;5;3;6;6;4;0;4;18738;13918;2096;3180;17020;2778;3432;0;807
FR;6;2023-01-26;13;15;3;11;12;8;13;0;9;18751;13933;2099;3191;17032;2786;3445;0;816
FR;6;2023-01-27;21;17;7;34;22;7;29;0;29;18772;13950;2106;3225;17054;2793;3474;0;845
FR;6;2023-01-28;15;15;7;4;17;6;5;0;1;18787;13965;2113;3229;17071;2799;3479;0;846
FR;6;2023-01-29;1;4;0;0;3;1;0;0;0;18788;13969;2113;3229;17074;2800;3479;0;846
FR;6;2023-01-30;2;15;8;4;15;8;3;0;8;18790;13984;2121;3233;17089;2808;3482;0;854
FR;6;2023-01-31;9;8;5;8;8;5;8;0;5;18799;13992;2126;3241;17097;2813;3490;0;859
FR;6;2023-02-01;20;18;4;4;17;4;8;0;4;18819;14010;2130;3245;17114;2817;3498;0;863
FR;6;2023-02-02;8;10;9;1;10;10;1;0;1;18827;14020;2139;3246;17124;2827;3499;0;864
FR;6;2023-02-03;16;15;11;18;15;11;19;0;13;18843;14035;2150;3264;17139;2838;3518;0;877
FR;6;2023-02-04;6;9;9;7;11;9;8;0;2;18849;14044;2159;3271;17150;2847;3526;0;879
FR;6;2023-02-05;0;0;0;4;0;0;4;0;0;18849;14044;2159;3275;17150;2847;3530;0;879
FR;6;2023-02-06;10;16;1;4;15;5;4;0;0;18859;14060;2160;3279;17165;2852;3534;0;879
FR;6;2023-02-07;8;9;4;8;9;7;7;0;3;18867;14069;2164;3287;17174;2859;3541;0;882
FR;6;2023-02-08;7;3;3;2;2;6;1;0;1;18874;14072;2167;3289;17176;2865;3542;0;883
FR;6;2023-02-09;6;11;1;6;8;8;2;0;2;18880;14083;2168;3295;17184;2873;3544;0;885
FR;6;2023-02-10;13;21;6;12;15;15;11;0;2;18893;14104;2174;3307;17199;2888;3555;0;887
FR;6;2023-02-11;12;8;7;4;9;3;9;0;5;18905;14112;2181;3311;17208;2891;3564;0;892
FR;6;2023-02-12;0;1;0;0;1;0;0;0;0;18905;14113;2181;3311;17209;2891;3564;0;892
FR;6;2023-02-13;5;6;0;0;6;1;0;0;0;18910;14119;2181;3311;17215;2892;3564;0;892
FR;6;2023-02-14;12;13;3;15;15;4;14;0;0;18922;14132;2184;3326;17230;2896;3578;0;892
FR;6;2023-02-15;8;11;3;2;11;2;2;0;4;18930;14143;2187;3328;17241;2898;3580;0;896
FR;6;2023-02-16;17;8;1;3;18;1;3;0;4;18947;14151;2188;3331;17259;2899;3583;0;900
FR;6;2023-02-17;9;15;3;9;12;8;9;0;5;18956;14166;2191;3340;17271;2907;3592;0;905
FR;6;2023-02-18;10;6;1;1;7;1;1;0;0;18966;14172;2192;3341;17278;2908;3593;0;905
FR;6;2023-02-19;0;0;0;0;0;0;0;0;0;18966;14172;2192;3341;17278;2908;3593;0;905
FR;6;2023-02-20;10;8;3;2;9;5;1;0;0;18976;14180;2195;3343;17287;2913;3594;0;905
FR;6;2023-02-21;9;8;8;5;6;7;8;0;1;18985;14188;2203;3348;17293;2920;3602;0;906
FR;6;2023-02-22;4;13;1;3;13;3;3;0;5;18989;14201;2204;3351;17306;2923;3605;0;911
FR;6;2023-02-23;7;11;6;2;10;6;4;0;1;18996;14212;2210;3353;17316;2929;3609;0;912
FR;6;2023-02-24;9;13;5;21;15;4;19;0;15;19005;14225;2215;3374;17331;2933;3628;0;927
FR;6;2023-02-25;4;5;1;1;6;1;1;0;0;19009;14230;2216;3375;17337;2934;3629;0;927
FR;6;2023-02-26;0;1;0;0;0;1;0;0;0;19009;14231;2216;3375;17337;2935;3629;0;927
FR;6;2023-02-27;10;8;3;1;3;9;0;0;2;19019;14239;2219;3376;17340;2944;3629;0;929
FR;6;2023-02-28;3;8;4;4;9;3;6;0;0;19022;14247;2223;3380;17349;2947;3635;0;929
FR;6;2023-03-01;6;10;3;2;10;4;2;0;0;19028;14257;2226;3382;17359;2951;3637;0;929
FR;6;2023-03-02;8;7;1;3;7;3;2;0;5;19036;14264;2227;3385;17366;2954;3639;0;934
FR;6;2023-03-03;14;12;5;7;11;9;6;0;7;19050;14276;2232;3392;17377;2963;3645;0;941
FR;6;2023-03-04;8;14;1;0;13;3;0;0;0;19058;14290;2233;3392;17390;2966;3645;0;941
FR;6;2023-03-05;4;0;0;0;0;0;0;0;0;19062;14290;2233;3392;17390;2966;3645;0;941
FR;6;2023-03-06;8;12;0;1;11;2;0;0;1;19070;14302;2233;3393;17401;2968;3645;0;942
FR;6;2023-03-07;4;6;0;1;4;3;0;0;5;19074;14308;2233;3394;17405;2971;3645;0;947
FR;6;2023-03-08;3;7;2;0;7;2;0;0;0;19077;14315;2235;3394;17412;2973;3645;0;947
FR;6;2023-03-09;7;6;0;1;6;2;1;0;0;19084;14321;2235;3395;17418;2975;3646;0;947
FR;6;2023-03-10;9;9;2;9;9;2;9;0;9;19093;14330;2237;3404;17427;2977;3655;0;956
FR;6;2023-03-11;13;12;2;0;12;2;2;0;0;19106;14342;2239;3404;17439;2979;3657;0;956
FR;6;2023-03-12;2;0;0;0;1;0;0;0;0;19108;14342;2239;3404;17440;2979;3657;0;956
FR;6;2023-03-13;7;12;4;1;13;2;1;0;2;19115;14354;2243;3405;17453;2981;3658;0;958
FR;6;2023-03-14;5;12;2;0;8;6;0;0;0;19120;14366;2245;3405;17461;2987;3658;0;958
FR;6;2023-03-15;6;4;2;3;5;3;3;0;1;19126;14370;2247;3408;17466;2990;3661;0;959
FR;6;2023-03-16;9;5;2;0;5;3;0;0;0;19135;14375;2249;3408;17471;2993;3661;0;959
FR;6;2023-03-17;10;12;5;5;8;8;5;0;3;19145;14387;2254;3413;17479;3001;3666;0;962
FR;6;2023-03-18;6;2;2;0;3;2;0;0;0;19151;14389;2256;3413;17482;3003;3666;0;962
FR;6;2023-03-19;0;0;1;0;0;0;0;0;0;19151;14389;2257;3413;17482;3003;3666;0;962
FR;6;2023-03-20;2;6;3;7;5;4;5;0;4;19153;14395;2260;3420;17487;3007;3671;0;966
FR;6;2023-03-21;2;1;5;2;1;3;4;0;0;19155;14396;2265;3422;17488;3010;3675;0;966
FR;6;2023-03-22;1;4;3;0;4;3;0;0;3;19156;14400;2268;3422;17492;3013;3675;0;969
FR;6;2023-03-23;3;4;3;2;4;3;2;0;0;19159;14404;2271;3424;17496;3016;3677;0;969
FR;6;2023-03-24;3;9;6;0;9;7;0;0;0;19162;14413;2277;3424;17505;3023;3677;0;969
FR;6;2023-03-25;10;7;0;0;9;0;0;0;0;19172;14420;2277;3424;17514;3023;3677;0;969
FR;6;2023-03-26;0;0;0;0;0;0;0;0;0;19172;14420;2277;3424;17514;3023;3677;0;969
FR;6;2023-03-27;6;9;2;2;8;4;1;0;0;19178;14429;2279;3426;17522;3027;3678;0;969
FR;6;2023-03-28;8;4;2;2;6;2;2;0;2;19186;14433;2281;3428;17528;3029;3680;0;971
FR;6;2023-03-29;4;1;2;0;1;2;0;0;0;19190;14434;2283;3428;17529;3031;3680;0;971
FR;6;2023-03-30;4;7;1;0;5;3;0;0;0;19194;14441;2284;3428;17534;3034;3680;0;971
FR;6;2023-03-31;1;3;3;3;3;3;1;0;7;19195;14444;2287;3431;17537;3037;3681;0;978
FR;6;2023-04-01;5;11;0;0;11;1;0;0;3;19200;14455;2287;3431;17548;3038;3681;0;981
FR;6;2023-04-02;0;0;0;0;0;0;0;0;0;19200;14455;2287;3431;17548;3038;3681;0;981
FR;6;2023-04-03;5;8;0;1;10;0;1;0;2;19205;14463;2287;3432;17558;3038;3682;0;983
FR;6;2023-04-04;5;10;2;4;8;3;5;0;7;19210;14473;2289;3436;17566;3041;3687;0;990
FR;6;2023-04-05;0;7;3;0;7;3;0;0;3;19210;14480;2292;3436;17573;3044;3687;0;993
FR;6;2023-04-06;3;6;4;1;3;7;1;0;2;19213;14486;2296;3437;17576;3051;3688;0;995
FR;6;2023-04-07;11;8;2;0;9;4;0;0;0;19224;14494;2298;3437;17585;3055;3688;0;995
FR;6;2023-04-08;2;1;3;0;1;3;0;0;0;19226;14495;2301;3437;17586;3058;3688;0;995
FR;6;2023-04-09;0;0;0;0;0;0;0;0;0;19226;14495;2301;3437;17586;3058;3688;0;995
FR;6;2023-04-10;0;0;0;0;0;0;0;0;0;19226;14495;2301;3437;17586;3058;3688;0;995
FR;6;2023-04-11;3;8;1;0;6;3;0;0;0;19229;14503;2302;3437;17592;3061;3688;0;995
FR;6;2023-04-12;3;4;2;0;5;2;0;0;4;19232;14507;2304;3437;17597;3063;3688;0;999
FR;6;2023-04-13;1;4;0;0;3;1;0;0;2;19233;14511;2304;3437;17600;3064;3688;0;1001
FR;6;2023-04-14;4;5;0;0;5;0;0;0;1;19237;14516;2304;3437;17605;3064;3688;0;1002
FR;6;2023-04-15;7;2;1;1;4;1;1;0;0;19244;14518;2305;3438;17609;3065;3689;0;1002
FR;6;2023-04-16;0;2;0;0;1;1;0;0;0;19244;14520;2305;3438;17610;3066;3689;0;1002
FR;6;2023-04-17;4;8;2;0;8;2;0;0;0;19248;14528;2307;3438;17618;3068;3689;0;1002
FR;6;2023-04-18;3;2;1;0;2;1;0;0;1;19251;14530;2308;3438;17620;3069;3689;0;1003
FR;6;2023-04-19;1;3;0;0;2;1;0;0;0;19252;14533;2308;3438;17622;3070;3689;0;1003
FR;6;2023-04-20;5;4;0;0;3;2;0;0;0;19257;14537;2308;3438;17625;3072;3689;0;1003
FR;6;2023-04-21;7;3;2;3;1;5;3;0;1;19264;14540;2310;3441;17626;3077;3692;0;1004
FR;6;2023-04-22;3;3;3;0;1;5;0;0;0;19267;14543;2313;3441;17627;3082;3692;0;1004
FR;6;2023-04-23;0;1;0;0;0;1;0;0;0;19267;14544;2313;3441;17627;3083;3692;0;1004
FR;6;2023-04-24;2;8;0;1;5;3;1;0;0;19269;14552;2313;3442;17632;3086;3693;0;1004
FR;6;2023-04-25;5;2;0;1;2;0;1;0;1;19274;14554;2313;3443;17634;3086;3694;0;1005
FR;6;2023-04-26;7;5;1;0;4;2;0;0;2;19281;14559;2314;3443;17638;3088;3694;0;1007
FR;6;2023-04-27;8;9;2;0;9;3;1;0;3;19289;14568;2316;3443;17647;3091;3695;0;1010
FR;6;2023-04-28;5;4;0;1;4;0;1;0;2;19294;14572;2316;3444;17651;3091;3696;0;1012
FR;6;2023-04-29;7;3;2;0;4;2;1;0;0;19301;14575;2318;3444;17655;3093;3697;0;1012
FR;6;2023-04-30;0;0;0;0;0;0;0;0;0;19301;14575;2318;3444;17655;3093;3697;0;1012
FR;6;2023-05-01;0;0;0;0;0;0;0;0;0;19301;14575;2318;3444;17655;3093;3697;0;1012
FR;6;2023-05-02;3;3;3;0;3;2;1;0;0;19304;14578;2321;3444;17658;3095;3698;0;1012
FR;6;2023-05-03;0;3;0;0;2;1;0;0;2;19304;14581;2321;3444;17660;3096;3698;0;1014
FR;6;2023-05-04;3;4;7;0;5;6;3;0;1;19307;14585;2328;3444;17665;3102;3701;0;1015
FR;6;2023-05-05;3;2;0;0;3;0;0;0;0;19310;14587;2328;3444;17668;3102;3701;0;1015
FR;6;2023-05-06;0;2;1;1;1;2;1;0;0;19310;14589;2329;3445;17669;3104;3702;0;1015
FR;6;2023-05-07;1;0;0;0;0;0;0;0;0;19311;14589;2329;3445;17669;3104;3702;0;1015
FR;6;2023-05-08;0;0;7;0;0;3;4;0;0;19311;14589;2336;3445;17669;3107;3706;0;1015
FR;6;2023-05-09;5;4;2;1;6;2;1;0;0;19316;14593;2338;3446;17675;3109;3707;0;1015
FR;8;2020-12-27;0;0;0;0;0;0;0;0;0;0;0;0;0;0;0;0;0;0
FR;8;2020-12-28;0;0;0;0;0;0;0;0;0;0;0;0;0;0;0;0;0;0
FR;8;2020-12-29;0;0;0;0;0;0;0;0;0;0;0;0;0;0;0;0;0;0
FR;8;2020-12-30;0;0;0;0;0;0;0;0;0;0;0;0;0;0;0;0;0;0
FR;8;2020-12-31;0;0;0;0;0;0;0;0;0;0;0;0;0;0;0;0;0;0
FR;8;2021-01-01;0;0;0;0;0;0;0;0;0;0;0;0;0;0;0;0;0;0
FR;8;2021-01-02;0;0;0;0;0;0;0;0;0;0;0;0;0;0;0;0;0;0
FR;8;2021-01-03;0;0;0;0;0;0;0;0;0;0;0;0;0;0;0;0;0;0
FR;8;2021-01-04;0;0;0;0;0;0;0;0;0;0;0;0;0;0;0;0;0;0
FR;8;2021-01-05;0;0;0;0;0;0;0;0;0;0;0;0;0;0;0;0;0;0
FR;8;2021-01-06;0;0;0;0;0;0;0;0;0;0;0;0;0;0;0;0;0;0
FR;8;2021-01-07;0;0;0;0;0;0;0;0;0;0;0;0;0;0;0;0;0;0
FR;8;2021-01-08;0;0;0;0;0;0;0;0;0;0;0;0;0;0;0;0;0;0
FR;8;2021-01-09;0;0;0;0;0;0;0;0;0;0;0;0;0;0;0;0;0;0
FR;8;2021-01-10;0;0;0;0;0;0;0;0;0;0;0;0;0;0;0;0;0;0
FR;8;2021-01-11;0;0;0;0;0;0;0;0;0;0;0;0;0;0;0;0;0;0
FR;8;2021-01-12;0;0;0;0;0;0;0;0;0;0;0;0;0;0;0;0;0;0
FR;8;2021-01-13;0;0;0;0;0;0;0;0;0;0;0;0;0;0;0;0;0;0
FR;8;2021-01-14;0;0;0;0;0;0;0;0;0;0;0;0;0;0;0;0;0;0
FR;8;2021-01-15;0;0;0;0;0;0;0;0;0;0;0;0;0;0;0;0;0;0
FR;8;2021-01-16;0;0;0;0;0;0;0;0;0;0;0;0;0;0;0;0;0;0
FR;8;2021-01-17;0;0;0;0;0;0;0;0;0;0;0;0;0;0;0;0;0;0
FR;8;2021-01-18;0;0;0;0;0;0;0;0;0;0;0;0;0;0;0;0;0;0
FR;8;2021-01-19;0;0;0;0;0;0;0;0;0;0;0;0;0;0;0;0;0;0
FR;8;2021-01-20;0;0;0;0;0;0;0;0;0;0;0;0;0;0;0;0;0;0
FR;8;2021-01-21;0;0;0;0;0;0;0;0;0;0;0;0;0;0;0;0;0;0
FR;8;2021-01-22;0;0;0;0;0;0;0;0;0;0;0;0;0;0;0;0;0;0
FR;8;2021-01-23;0;0;0;0;0;0;0;0;0;0;0;0;0;0;0;0;0;0
FR;8;2021-01-24;0;0;0;0;0;0;0;0;0;0;0;0;0;0;0;0;0;0
FR;8;2021-01-25;0;0;0;0;0;0;0;0;0;0;0;0;0;0;0;0;0;0
FR;8;2021-01-26;0;0;0;0;0;0;0;0;0;0;0;0;0;0;0;0;0;0
FR;8;2021-01-27;0;0;0;0;0;0;0;0;0;0;0;0;0;0;0;0;0;0
FR;8;2021-01-28;0;0;0;0;0;0;0;0;0;0;0;0;0;0;0;0;0;0
FR;8;2021-01-29;0;0;0;0;0;0;0;0;0;0;0;0;0;0;0;0;0;0
FR;8;2021-01-30;0;0;0;0;0;0;0;0;0;0;0;0;0;0;0;0;0;0
FR;8;2021-01-31;0;0;0;0;0;0;0;0;0;0;0;0;0;0;0;0;0;0
FR;8;2021-02-01;0;0;0;0;0;0;0;0;0;0;0;0;0;0;0;0;0;0
FR;8;2021-02-02;0;0;0;0;0;0;0;0;0;0;0;0;0;0;0;0;0;0
FR;8;2021-02-03;0;0;0;0;0;0;0;0;0;0;0;0;0;0;0;0;0;0
FR;8;2021-02-04;0;0;0;0;0;0;0;0;0;0;0;0;0;0;0;0;0;0
FR;8;2021-02-05;0;0;0;0;0;0;0;0;0;0;0;0;0;0;0;0;0;0
FR;8;2021-02-06;0;0;0;0;0;0;0;0;0;0;0;0;0;0;0;0;0;0
FR;8;2021-02-07;0;0;0;0;0;0;0;0;0;0;0;0;0;0;0;0;0;0
FR;8;2021-02-08;0;0;0;0;0;0;0;0;0;0;0;0;0;0;0;0;0;0
FR;8;2021-02-09;0;0;0;0;0;0;0;0;0;0;0;0;0;0;0;0;0;0
FR;8;2021-02-10;0;0;0;0;0;0;0;0;0;0;0;0;0;0;0;0;0;0
FR;8;2021-02-11;0;0;0;0;0;0;0;0;0;0;0;0;0;0;0;0;0;0
FR;8;2021-02-12;0;0;0;0;0;0;0;0;0;0;0;0;0;0;0;0;0;0
FR;8;2021-02-13;0;0;0;0;0;0;0;0;0;0;0;0;0;0;0;0;0;0
FR;8;2021-02-14;0;0;0;0;0;0;0;0;0;0;0;0;0;0;0;0;0;0
FR;8;2021-02-15;0;0;0;0;0;0;0;0;0;0;0;0;0;0;0;0;0;0
FR;8;2021-02-16;0;0;0;0;0;0;0;0;0;0;0;0;0;0;0;0;0;0
FR;8;2021-02-17;0;0;0;0;0;0;0;0;0;0;0;0;0;0;0;0;0;0
FR;8;2021-02-18;0;0;0;0;0;0;0;0;0;0;0;0;0;0;0;0;0;0
FR;8;2021-02-19;0;0;0;0;0;0;0;0;0;0;0;0;0;0;0;0;0;0
FR;8;2021-02-20;0;0;0;0;0;0;0;0;0;0;0;0;0;0;0;0;0;0
FR;8;2021-02-21;0;0;0;0;0;0;0;0;0;0;0;0;0;0;0;0;0;0
FR;8;2021-02-22;0;0;0;0;0;0;0;0;0;0;0;0;0;0;0;0;0;0
FR;8;2021-02-23;0;0;0;0;0;0;0;0;0;0;0;0;0;0;0;0;0;0
FR;8;2021-02-24;0;0;0;0;0;0;0;0;0;0;0;0;0;0;0;0;0;0
FR;8;2021-02-25;0;0;0;0;0;0;0;0;0;0;0;0;0;0;0;0;0;0
FR;8;2021-02-26;0;0;0;0;0;0;0;0;0;0;0;0;0;0;0;0;0;0
FR;8;2021-02-27;0;0;0;0;0;0;0;0;0;0;0;0;0;0;0;0;0;0
FR;8;2021-02-28;0;0;0;0;0;0;0;0;0;0;0;0;0;0;0;0;0;0
FR;8;2021-03-01;0;0;0;0;0;0;0;0;0;0;0;0;0;0;0;0;0;0
FR;8;2021-03-02;0;0;0;0;0;0;0;0;0;0;0;0;0;0;0;0;0;0
FR;8;2021-03-03;0;0;0;0;0;0;0;0;0;0;0;0;0;0;0;0;0;0
FR;8;2021-03-04;0;0;0;0;0;0;0;0;0;0;0;0;0;0;0;0;0;0
FR;8;2021-03-05;0;0;0;0;0;0;0;0;0;0;0;0;0;0;0;0;0;0
FR;8;2021-03-06;0;0;0;0;0;0;0;0;0;0;0;0;0;0;0;0;0;0
FR;8;2021-03-07;0;0;0;0;0;0;0;0;0;0;0;0;0;0;0;0;0;0
FR;8;2021-03-08;0;0;0;0;0;0;0;0;0;0;0;0;0;0;0;0;0;0
FR;8;2021-03-09;0;0;0;0;0;0;0;0;0;0;0;0;0;0;0;0;0;0
FR;8;2021-03-10;0;0;0;0;0;0;0;0;0;0;0;0;0;0;0;0;0;0
FR;8;2021-03-11;0;0;0;0;0;0;0;0;0;0;0;0;0;0;0;0;0;0
FR;8;2021-03-12;0;0;0;0;0;0;0;0;0;0;0;0;0;0;0;0;0;0
FR;8;2021-03-13;0;0;0;0;0;0;0;0;0;0;0;0;0;0;0;0;0;0
FR;8;2021-03-14;0;0;0;0;0;0;0;0;0;0;0;0;0;0;0;0;0;0
FR;8;2021-03-15;0;0;0;0;0;0;0;0;0;0;0;0;0;0;0;0;0;0
FR;8;2021-03-16;0;0;0;0;0;0;0;0;0;0;0;0;0;0;0;0;0;0
FR;8;2021-03-17;0;0;0;0;0;0;0;0;0;0;0;0;0;0;0;0;0;0
FR;8;2021-03-18;0;0;0;0;0;0;0;0;0;0;0;0;0;0;0;0;0;0
FR;8;2021-03-19;0;0;0;0;0;0;0;0;0;0;0;0;0;0;0;0;0;0
FR;8;2021-03-20;0;0;0;0;0;0;0;0;0;0;0;0;0;0;0;0;0;0
FR;8;2021-03-21;0;0;0;0;0;0;0;0;0;0;0;0;0;0;0;0;0;0
FR;8;2021-03-22;0;0;0;0;0;0;0;0;0;0;0;0;0;0;0;0;0;0
FR;8;2021-03-23;0;0;0;0;0;0;0;0;0;0;0;0;0;0;0;0;0;0
FR;8;2021-03-24;0;0;0;0;0;0;0;0;0;0;0;0;0;0;0;0;0;0
FR;8;2021-03-25;0;0;0;0;0;0;0;0;0;0;0;0;0;0;0;0;0;0
FR;8;2021-03-26;0;0;0;0;0;0;0;0;0;0;0;0;0;0;0;0;0;0
FR;8;2021-03-27;0;0;0;0;0;0;0;0;0;0;0;0;0;0;0;0;0;0
FR;8;2021-03-28;0;0;0;0;0;0;0;0;0;0;0;0;0;0;0;0;0;0
FR;8;2021-03-29;0;0;0;0;0;0;0;0;0;0;0;0;0;0;0;0;0;0
FR;8;2021-03-30;0;0;0;0;0;0;0;0;0;0;0;0;0;0;0;0;0;0
FR;8;2021-03-31;0;0;0;0;0;0;0;0;0;0;0;0;0;0;0;0;0;0
FR;8;2021-04-01;0;0;0;0;0;0;0;0;0;0;0;0;0;0;0;0;0;0
FR;8;2021-04-02;0;0;0;0;0;0;0;0;0;0;0;0;0;0;0;0;0;0
FR;8;2021-04-03;0;0;0;0;0;0;0;0;0;0;0;0;0;0;0;0;0;0
FR;8;2021-04-04;0;0;0;0;0;0;0;0;0;0;0;0;0;0;0;0;0;0
FR;8;2021-04-05;0;0;0;0;0;0;0;0;0;0;0;0;0;0;0;0;0;0
FR;8;2021-04-06;0;0;0;0;0;0;0;0;0;0;0;0;0;0;0;0;0;0
FR;8;2021-04-07;0;0;0;0;0;0;0;0;0;0;0;0;0;0;0;0;0;0
FR;8;2021-04-08;0;0;0;0;0;0;0;0;0;0;0;0;0;0;0;0;0;0
FR;8;2021-04-09;0;0;0;0;0;0;0;0;0;0;0;0;0;0;0;0;0;0
FR;8;2021-04-10;0;0;0;0;0;0;0;0;0;0;0;0;0;0;0;0;0;0
FR;8;2021-04-11;0;0;0;0;0;0;0;0;0;0;0;0;0;0;0;0;0;0
FR;8;2021-04-12;0;0;0;0;0;0;0;0;0;0;0;0;0;0;0;0;0;0
FR;8;2021-04-13;0;0;0;0;0;0;0;0;0;0;0;0;0;0;0;0;0;0
FR;8;2021-04-14;0;0;0;0;0;0;0;0;0;0;0;0;0;0;0;0;0;0
FR;8;2021-04-15;0;0;0;0;0;0;0;0;0;0;0;0;0;0;0;0;0;0
FR;8;2021-04-16;0;0;0;0;0;0;0;0;0;0;0;0;0;0;0;0;0;0
FR;8;2021-04-17;0;0;0;0;0;0;0;0;0;0;0;0;0;0;0;0;0;0
FR;8;2021-04-18;0;0;0;0;0;0;0;0;0;0;0;0;0;0;0;0;0;0
FR;8;2021-04-19;0;0;0;0;0;0;0;0;0;0;0;0;0;0;0;0;0;0
FR;8;2021-04-20;0;0;0;0;0;0;0;0;0;0;0;0;0;0;0;0;0;0
FR;8;2021-04-21;0;0;0;0;0;0;0;0;0;0;0;0;0;0;0;0;0;0
FR;8;2021-04-22;0;0;0;0;0;0;0;0;0;0;0;0;0;0;0;0;0;0
FR;8;2021-04-23;0;0;0;0;0;0;0;0;0;0;0;0;0;0;0;0;0;0
FR;8;2021-04-24;0;0;0;0;0;0;0;0;0;0;0;0;0;0;0;0;0;0
FR;8;2021-04-25;0;0;0;0;0;0;0;0;0;0;0;0;0;0;0;0;0;0
FR;8;2021-04-26;0;0;0;0;0;0;0;0;0;0;0;0;0;0;0;0;0;0
FR;8;2021-04-27;0;0;0;0;0;0;0;0;0;0;0;0;0;0;0;0;0;0
FR;8;2021-04-28;0;0;0;0;0;0;0;0;0;0;0;0;0;0;0;0;0;0
FR;8;2021-04-29;0;0;0;0;0;0;0;0;0;0;0;0;0;0;0;0;0;0
FR;8;2021-04-30;0;0;0;0;0;0;0;0;0;0;0;0;0;0;0;0;0;0
FR;8;2021-05-01;0;0;0;0;0;0;0;0;0;0;0;0;0;0;0;0;0;0
FR;8;2021-05-02;0;0;0;0;0;0;0;0;0;0;0;0;0;0;0;0;0;0
FR;8;2021-05-03;0;0;0;0;0;0;0;0;0;0;0;0;0;0;0;0;0;0
FR;8;2021-05-04;0;0;0;0;0;0;0;0;0;0;0;0;0;0;0;0;0;0
FR;8;2021-05-05;0;0;0;0;0;0;0;0;0;0;0;0;0;0;0;0;0;0
FR;8;2021-05-06;0;0;0;0;0;0;0;0;0;0;0;0;0;0;0;0;0;0
FR;8;2021-05-07;0;0;0;0;0;0;0;0;0;0;0;0;0;0;0;0;0;0
FR;8;2021-05-08;0;0;0;0;0;0;0;0;0;0;0;0;0;0;0;0;0;0
FR;8;2021-05-09;0;0;0;0;0;0;0;0;0;0;0;0;0;0;0;0;0;0
FR;8;2021-05-10;0;0;0;0;0;0;0;0;0;0;0;0;0;0;0;0;0;0
FR;8;2021-05-11;0;0;0;0;0;0;0;0;0;0;0;0;0;0;0;0;0;0
FR;8;2021-05-12;0;0;0;0;0;0;0;0;0;0;0;0;0;0;0;0;0;0
FR;8;2021-05-13;0;0;0;0;0;0;0;0;0;0;0;0;0;0;0;0;0;0
FR;8;2021-05-14;0;0;0;0;0;0;0;0;0;0;0;0;0;0;0;0;0;0
FR;8;2021-05-15;0;0;0;0;0;0;0;0;0;0;0;0;0;0;0;0;0;0
FR;8;2021-05-16;0;0;0;0;0;0;0;0;0;0;0;0;0;0;0;0;0;0
FR;8;2021-05-17;0;0;0;0;0;0;0;0;0;0;0;0;0;0;0;0;0;0
FR;8;2021-05-18;0;0;0;0;0;0;0;0;0;0;0;0;0;0;0;0;0;0
FR;8;2021-05-19;0;0;0;0;0;0;0;0;0;0;0;0;0;0;0;0;0;0
FR;8;2021-05-20;0;0;0;0;0;0;0;0;0;0;0;0;0;0;0;0;0;0
FR;8;2021-05-21;0;0;0;0;0;0;0;0;0;0;0;0;0;0;0;0;0;0
FR;8;2021-05-22;0;0;0;0;0;0;0;0;0;0;0;0;0;0;0;0;0;0
FR;8;2021-05-23;0;0;0;0;0;0;0;0;0;0;0;0;0;0;0;0;0;0
FR;8;2021-05-24;0;0;0;0;0;0;0;0;0;0;0;0;0;0;0;0;0;0
FR;8;2021-05-25;0;0;0;0;0;0;0;0;0;0;0;0;0;0;0;0;0;0
FR;8;2021-05-26;0;0;0;0;0;0;0;0;0;0;0;0;0;0;0;0;0;0
FR;8;2021-05-27;0;0;0;0;0;0;0;0;0;0;0;0;0;0;0;0;0;0
FR;8;2021-05-28;0;0;0;0;0;0;0;0;0;0;0;0;0;0;0;0;0;0
FR;8;2021-05-29;0;0;0;0;0;0;0;0;0;0;0;0;0;0;0;0;0;0
FR;8;2021-05-30;0;0;0;0;0;0;0;0;0;0;0;0;0;0;0;0;0;0
FR;8;2021-05-31;0;0;0;0;0;0;0;0;0;0;0;0;0;0;0;0;0;0
FR;8;2021-06-01;0;0;0;0;0;0;0;0;0;0;0;0;0;0;0;0;0;0
FR;8;2021-06-02;0;0;0;0;0;0;0;0;0;0;0;0;0;0;0;0;0;0
FR;8;2021-06-03;0;0;0;0;0;0;0;0;0;0;0;0;0;0;0;0;0;0
FR;8;2021-06-04;0;0;0;0;0;0;0;0;0;0;0;0;0;0;0;0;0;0
FR;8;2021-06-05;0;0;0;0;0;0;0;0;0;0;0;0;0;0;0;0;0;0
FR;8;2021-06-06;0;0;0;0;0;0;0;0;0;0;0;0;0;0;0;0;0;0
FR;8;2021-06-07;0;0;0;0;0;0;0;0;0;0;0;0;0;0;0;0;0;0
FR;8;2021-06-08;0;0;0;0;0;0;0;0;0;0;0;0;0;0;0;0;0;0
FR;8;2021-06-09;0;0;0;0;0;0;0;0;0;0;0;0;0;0;0;0;0;0
FR;8;2021-06-10;0;0;0;0;0;0;0;0;0;0;0;0;0;0;0;0;0;0
FR;8;2021-06-11;0;0;0;0;0;0;0;0;0;0;0;0;0;0;0;0;0;0
FR;8;2021-06-12;0;0;0;0;0;0;0;0;0;0;0;0;0;0;0;0;0;0
FR;8;2021-06-13;0;0;0;0;0;0;0;0;0;0;0;0;0;0;0;0;0;0
FR;8;2021-06-14;0;0;0;0;0;0;0;0;0;0;0;0;0;0;0;0;0;0
FR;8;2021-06-15;0;0;0;0;0;0;0;0;0;0;0;0;0;0;0;0;0;0
FR;8;2021-06-16;0;0;0;0;0;0;0;0;0;0;0;0;0;0;0;0;0;0
FR;8;2021-06-17;0;0;0;0;0;0;0;0;0;0;0;0;0;0;0;0;0;0
FR;8;2021-06-18;0;0;0;0;0;0;0;0;0;0;0;0;0;0;0;0;0;0
FR;8;2021-06-19;0;0;0;0;0;0;0;0;0;0;0;0;0;0;0;0;0;0
FR;8;2021-06-20;0;0;0;0;0;0;0;0;0;0;0;0;0;0;0;0;0;0
FR;8;2021-06-21;0;0;0;0;0;0;0;0;0;0;0;0;0;0;0;0;0;0
FR;8;2021-06-22;0;0;0;0;0;0;0;0;0;0;0;0;0;0;0;0;0;0
FR;8;2021-06-23;0;0;0;0;0;0;0;0;0;0;0;0;0;0;0;0;0;0
FR;8;2021-06-24;0;0;0;0;0;0;0;0;0;0;0;0;0;0;0;0;0;0
FR;8;2021-06-25;0;0;0;0;0;0;0;0;0;0;0;0;0;0;0;0;0;0
FR;8;2021-06-26;0;0;0;0;0;0;0;0;0;0;0;0;0;0;0;0;0;0
FR;8;2021-06-27;0;0;0;0;0;0;0;0;0;0;0;0;0;0;0;0;0;0
FR;8;2021-06-28;0;0;0;0;0;0;0;0;0;0;0;0;0;0;0;0;0;0
FR;8;2021-06-29;0;0;0;0;0;0;0;0;0;0;0;0;0;0;0;0;0;0
FR;8;2021-06-30;0;0;0;0;0;0;0;0;0;0;0;0;0;0;0;0;0;0
FR;8;2021-07-01;0;0;0;0;0;0;0;0;0;0;0;0;0;0;0;0;0;0
FR;8;2021-07-02;0;0;0;0;0;0;0;0;0;0;0;0;0;0;0;0;0;0
FR;8;2021-07-03;0;0;0;0;0;0;0;0;0;0;0;0;0;0;0;0;0;0
FR;8;2021-07-04;0;0;0;0;0;0;0;0;0;0;0;0;0;0;0;0;0;0
FR;8;2021-07-05;0;0;0;0;0;0;0;0;0;0;0;0;0;0;0;0;0;0
FR;8;2021-07-06;0;0;0;0;0;0;0;0;0;0;0;0;0;0;0;0;0;0
FR;8;2021-07-07;0;0;0;0;0;0;0;0;0;0;0;0;0;0;0;0;0;0
FR;8;2021-07-08;0;0;0;0;0;0;0;0;0;0;0;0;0;0;0;0;0;0
FR;8;2021-07-09;0;0;0;0;0;0;0;0;0;0;0;0;0;0;0;0;0;0
FR;8;2021-07-10;0;0;0;0;0;0;0;0;0;0;0;0;0;0;0;0;0;0
FR;8;2021-07-11;0;0;0;0;0;0;0;0;0;0;0;0;0;0;0;0;0;0
FR;8;2021-07-12;0;0;0;0;0;0;0;0;0;0;0;0;0;0;0;0;0;0
FR;8;2021-07-13;0;0;0;0;0;0;0;0;0;0;0;0;0;0;0;0;0;0
FR;8;2021-07-14;0;0;0;0;0;0;0;0;0;0;0;0;0;0;0;0;0;0
FR;8;2021-07-15;0;0;0;0;0;0;0;0;0;0;0;0;0;0;0;0;0;0
FR;8;2021-07-16;0;0;0;0;0;0;0;0;0;0;0;0;0;0;0;0;0;0
FR;8;2021-07-17;0;0;0;0;0;0;0;0;0;0;0;0;0;0;0;0;0;0
FR;8;2021-07-18;0;0;0;0;0;0;0;0;0;0;0;0;0;0;0;0;0;0
FR;8;2021-07-19;0;0;0;0;0;0;0;0;0;0;0;0;0;0;0;0;0;0
FR;8;2021-07-20;0;0;0;0;0;0;0;0;0;0;0;0;0;0;0;0;0;0
FR;8;2021-07-21;0;0;0;0;0;0;0;0;0;0;0;0;0;0;0;0;0;0
FR;8;2021-07-22;0;0;0;0;0;0;0;0;0;0;0;0;0;0;0;0;0;0
FR;8;2021-07-23;0;0;0;0;0;0;0;0;0;0;0;0;0;0;0;0;0;0
FR;8;2021-07-24;0;0;0;0;0;0;0;0;0;0;0;0;0;0;0;0;0;0
FR;8;2021-07-25;0;0;0;0;0;0;0;0;0;0;0;0;0;0;0;0;0;0
FR;8;2021-07-26;0;0;0;0;0;0;0;0;0;0;0;0;0;0;0;0;0;0
FR;8;2021-07-27;0;0;0;0;0;0;0;0;0;0;0;0;0;0;0;0;0;0
FR;8;2021-07-28;0;0;0;0;0;0;0;0;0;0;0;0;0;0;0;0;0;0
FR;8;2021-07-29;0;0;0;0;0;0;0;0;0;0;0;0;0;0;0;0;0;0
FR;8;2021-07-30;0;0;0;0;0;0;0;0;0;0;0;0;0;0;0;0;0;0
FR;8;2021-07-31;0;0;0;0;0;0;0;0;0;0;0;0;0;0;0;0;0;0
FR;8;2021-08-01;0;0;0;0;0;0;0;0;0;0;0;0;0;0;0;0;0;0
FR;8;2021-08-02;0;0;0;0;0;0;0;0;0;0;0;0;0;0;0;0;0;0
FR;8;2021-08-03;0;0;0;0;0;0;0;0;0;0;0;0;0;0;0;0;0;0
FR;8;2021-08-04;0;0;0;0;0;0;0;0;0;0;0;0;0;0;0;0;0;0
FR;8;2021-08-05;0;0;0;0;0;0;0;0;0;0;0;0;0;0;0;0;0;0
FR;8;2021-08-06;0;0;0;0;0;0;0;0;0;0;0;0;0;0;0;0;0;0
FR;8;2021-08-07;0;0;0;0;0;0;0;0;0;0;0;0;0;0;0;0;0;0
FR;8;2021-08-08;0;0;0;0;0;0;0;0;0;0;0;0;0;0;0;0;0;0
FR;8;2021-08-09;0;0;0;0;0;0;0;0;0;0;0;0;0;0;0;0;0;0
FR;8;2021-08-10;0;0;0;0;0;0;0;0;0;0;0;0;0;0;0;0;0;0
FR;8;2021-08-11;0;0;0;0;0;0;0;0;0;0;0;0;0;0;0;0;0;0
FR;8;2021-08-12;0;0;0;0;0;0;0;0;0;0;0;0;0;0;0;0;0;0
FR;8;2021-08-13;0;0;0;0;0;0;0;0;0;0;0;0;0;0;0;0;0;0
FR;8;2021-08-14;0;0;0;0;0;0;0;0;0;0;0;0;0;0;0;0;0;0
FR;8;2021-08-15;0;0;0;0;0;0;0;0;0;0;0;0;0;0;0;0;0;0
FR;8;2021-08-16;0;0;0;0;0;0;0;0;0;0;0;0;0;0;0;0;0;0
FR;8;2021-08-17;0;0;0;0;0;0;0;0;0;0;0;0;0;0;0;0;0;0
FR;8;2021-08-18;0;0;0;0;0;0;0;0;0;0;0;0;0;0;0;0;0;0
FR;8;2021-08-19;0;0;0;0;0;0;0;0;0;0;0;0;0;0;0;0;0;0
FR;8;2021-08-20;0;0;0;0;0;0;0;0;0;0;0;0;0;0;0;0;0;0
FR;8;2021-08-21;0;0;0;0;0;0;0;0;0;0;0;0;0;0;0;0;0;0
FR;8;2021-08-22;0;0;0;0;0;0;0;0;0;0;0;0;0;0;0;0;0;0
FR;8;2021-08-23;0;0;0;0;0;0;0;0;0;0;0;0;0;0;0;0;0;0
FR;8;2021-08-24;0;0;0;0;0;0;0;0;0;0;0;0;0;0;0;0;0;0
FR;8;2021-08-25;0;0;0;0;0;0;0;0;0;0;0;0;0;0;0;0;0;0
FR;8;2021-08-26;0;0;0;0;0;0;0;0;0;0;0;0;0;0;0;0;0;0
FR;8;2021-08-27;0;0;0;0;0;0;0;0;0;0;0;0;0;0;0;0;0;0
FR;8;2021-08-28;0;0;0;0;0;0;0;0;0;0;0;0;0;0;0;0;0;0
FR;8;2021-08-29;0;0;0;0;0;0;0;0;0;0;0;0;0;0;0;0;0;0
FR;8;2021-08-30;0;0;0;0;0;0;0;0;0;0;0;0;0;0;0;0;0;0
FR;8;2021-08-31;0;0;0;0;0;0;0;0;0;0;0;0;0;0;0;0;0;0
FR;8;2021-09-01;0;0;0;0;0;0;0;0;0;0;0;0;0;0;0;0;0;0
FR;8;2021-09-02;0;0;0;0;0;0;0;0;0;0;0;0;0;0;0;0;0;0
FR;8;2021-09-03;0;0;0;0;0;0;0;0;0;0;0;0;0;0;0;0;0;0
FR;8;2021-09-04;0;0;0;0;0;0;0;0;0;0;0;0;0;0;0;0;0;0
FR;8;2021-09-05;0;0;0;0;0;0;0;0;0;0;0;0;0;0;0;0;0;0
FR;8;2021-09-06;0;0;0;0;0;0;0;0;0;0;0;0;0;0;0;0;0;0
FR;8;2021-09-07;0;0;0;0;0;0;0;0;0;0;0;0;0;0;0;0;0;0
FR;8;2021-09-08;0;0;0;0;0;0;0;0;0;0;0;0;0;0;0;0;0;0
FR;8;2021-09-09;0;0;0;0;0;0;0;0;0;0;0;0;0;0;0;0;0;0
FR;8;2021-09-10;0;0;0;0;0;0;0;0;0;0;0;0;0;0;0;0;0;0
FR;8;2021-09-11;0;0;0;0;0;0;0;0;0;0;0;0;0;0;0;0;0;0
FR;8;2021-09-12;0;0;0;0;0;0;0;0;0;0;0;0;0;0;0;0;0;0
FR;8;2021-09-13;0;0;0;0;0;0;0;0;0;0;0;0;0;0;0;0;0;0
FR;8;2021-09-14;0;0;0;0;0;0;0;0;0;0;0;0;0;0;0;0;0;0
FR;8;2021-09-15;0;0;0;0;0;0;0;0;0;0;0;0;0;0;0;0;0;0
FR;8;2021-09-16;0;0;0;0;0;0;0;0;0;0;0;0;0;0;0;0;0;0
FR;8;2021-09-17;0;0;0;0;0;0;0;0;0;0;0;0;0;0;0;0;0;0
FR;8;2021-09-18;0;0;0;0;0;0;0;0;0;0;0;0;0;0;0;0;0;0
FR;8;2021-09-19;0;0;0;0;0;0;0;0;0;0;0;0;0;0;0;0;0;0
FR;8;2021-09-20;0;0;0;0;0;0;0;0;0;0;0;0;0;0;0;0;0;0
FR;8;2021-09-21;0;0;0;0;0;0;0;0;0;0;0;0;0;0;0;0;0;0
FR;8;2021-09-22;0;0;0;0;0;0;0;0;0;0;0;0;0;0;0;0;0;0
FR;8;2021-09-23;0;0;0;0;0;0;0;0;0;0;0;0;0;0;0;0;0;0
FR;8;2021-09-24;0;0;0;0;0;0;0;0;0;0;0;0;0;0;0;0;0;0
FR;8;2021-09-25;0;0;0;0;0;0;0;0;0;0;0;0;0;0;0;0;0;0
FR;8;2021-09-26;0;0;0;0;0;0;0;0;0;0;0;0;0;0;0;0;0;0
FR;8;2021-09-27;0;0;0;0;0;0;0;0;0;0;0;0;0;0;0;0;0;0
FR;8;2021-09-28;0;0;0;0;0;0;0;0;0;0;0;0;0;0;0;0;0;0
FR;8;2021-09-29;0;0;0;0;0;0;0;0;0;0;0;0;0;0;0;0;0;0
FR;8;2021-09-30;0;0;0;0;0;0;0;0;0;0;0;0;0;0;0;0;0;0
FR;8;2021-10-01;0;0;0;0;0;0;0;0;0;0;0;0;0;0;0;0;0;0
FR;8;2021-10-02;0;0;0;0;0;0;0;0;0;0;0;0;0;0;0;0;0;0
FR;8;2021-10-03;0;0;0;0;0;0;0;0;0;0;0;0;0;0;0;0;0;0
FR;8;2021-10-04;0;0;0;0;0;0;0;0;0;0;0;0;0;0;0;0;0;0
FR;8;2021-10-05;0;0;0;0;0;0;0;0;0;0;0;0;0;0;0;0;0;0
FR;8;2021-10-06;0;0;0;0;0;0;0;0;0;0;0;0;0;0;0;0;0;0
FR;8;2021-10-07;0;0;0;0;0;0;0;0;0;0;0;0;0;0;0;0;0;0
FR;8;2021-10-08;0;0;0;0;0;0;0;0;0;0;0;0;0;0;0;0;0;0
FR;8;2021-10-09;0;0;0;0;0;0;0;0;0;0;0;0;0;0;0;0;0;0
FR;8;2021-10-10;0;0;0;0;0;0;0;0;0;0;0;0;0;0;0;0;0;0
FR;8;2021-10-11;0;0;0;0;0;0;0;0;0;0;0;0;0;0;0;0;0;0
FR;8;2021-10-12;0;0;0;0;0;0;0;0;0;0;0;0;0;0;0;0;0;0
FR;8;2021-10-13;0;0;0;0;0;0;0;0;0;0;0;0;0;0;0;0;0;0
FR;8;2021-10-14;0;0;0;0;0;0;0;0;0;0;0;0;0;0;0;0;0;0
FR;8;2021-10-15;0;0;0;0;0;0;0;0;0;0;0;0;0;0;0;0;0;0
FR;8;2021-10-16;0;0;0;0;0;0;0;0;0;0;0;0;0;0;0;0;0;0
FR;8;2021-10-17;0;0;0;0;0;0;0;0;0;0;0;0;0;0;0;0;0;0
FR;8;2021-10-18;0;0;0;0;0;0;0;0;0;0;0;0;0;0;0;0;0;0
FR;8;2021-10-19;0;0;0;0;0;0;0;0;0;0;0;0;0;0;0;0;0;0
FR;8;2021-10-20;0;0;0;0;0;0;0;0;0;0;0;0;0;0;0;0;0;0
FR;8;2021-10-21;0;0;0;0;0;0;0;0;0;0;0;0;0;0;0;0;0;0
FR;8;2021-10-22;0;0;0;0;0;0;0;0;0;0;0;0;0;0;0;0;0;0
FR;8;2021-10-23;0;0;0;0;0;0;0;0;0;0;0;0;0;0;0;0;0;0
FR;8;2021-10-24;0;0;0;0;0;0;0;0;0;0;0;0;0;0;0;0;0;0
FR;8;2021-10-25;0;0;0;0;0;0;0;0;0;0;0;0;0;0;0;0;0;0
FR;8;2021-10-26;0;0;0;0;0;0;0;0;0;0;0;0;0;0;0;0;0;0
FR;8;2021-10-27;0;0;0;0;0;0;0;0;0;0;0;0;0;0;0;0;0;0
FR;8;2021-10-28;0;0;0;0;0;0;0;0;0;0;0;0;0;0;0;0;0;0
FR;8;2021-10-29;0;0;0;0;0;0;0;0;0;0;0;0;0;0;0;0;0;0
FR;8;2021-10-30;0;0;0;0;0;0;0;0;0;0;0;0;0;0;0;0;0;0
FR;8;2021-10-31;0;0;0;0;0;0;0;0;0;0;0;0;0;0;0;0;0;0
FR;8;2021-11-01;0;0;0;0;0;0;0;0;0;0;0;0;0;0;0;0;0;0
FR;8;2021-11-02;0;0;0;0;0;0;0;0;0;0;0;0;0;0;0;0;0;0
FR;8;2021-11-03;0;0;0;0;0;0;0;0;0;0;0;0;0;0;0;0;0;0
FR;8;2021-11-04;0;0;0;0;0;0;0;0;0;0;0;0;0;0;0;0;0;0
FR;8;2021-11-05;0;0;0;0;0;0;0;0;0;0;0;0;0;0;0;0;0;0
FR;8;2021-11-06;0;0;0;0;0;0;0;0;0;0;0;0;0;0;0;0;0;0
FR;8;2021-11-07;0;0;0;0;0;0;0;0;0;0;0;0;0;0;0;0;0;0
FR;8;2021-11-08;0;0;0;0;0;0;0;0;0;0;0;0;0;0;0;0;0;0
FR;8;2021-11-09;0;0;0;0;0;0;0;0;0;0;0;0;0;0;0;0;0;0
FR;8;2021-11-10;0;0;0;0;0;0;0;0;0;0;0;0;0;0;0;0;0;0
FR;8;2021-11-11;0;0;0;0;0;0;0;0;0;0;0;0;0;0;0;0;0;0
FR;8;2021-11-12;0;0;0;0;0;0;0;0;0;0;0;0;0;0;0;0;0;0
FR;8;2021-11-13;0;0;0;0;0;0;0;0;0;0;0;0;0;0;0;0;0;0
FR;8;2021-11-14;0;0;0;0;0;0;0;0;0;0;0;0;0;0;0;0;0;0
FR;8;2021-11-15;0;0;0;0;0;0;0;0;0;0;0;0;0;0;0;0;0;0
FR;8;2021-11-16;0;0;0;0;0;0;0;0;0;0;0;0;0;0;0;0;0;0
FR;8;2021-11-17;0;0;0;0;0;0;0;0;0;0;0;0;0;0;0;0;0;0
FR;8;2021-11-18;0;0;0;0;0;0;0;0;0;0;0;0;0;0;0;0;0;0
FR;8;2021-11-19;0;0;0;0;0;0;0;0;0;0;0;0;0;0;0;0;0;0
FR;8;2021-11-20;0;0;0;0;0;0;0;0;0;0;0;0;0;0;0;0;0;0
FR;8;2021-11-21;0;0;0;0;0;0;0;0;0;0;0;0;0;0;0;0;0;0
FR;8;2021-11-22;0;0;0;0;0;0;0;0;0;0;0;0;0;0;0;0;0;0
FR;8;2021-11-23;0;0;0;0;0;0;0;0;0;0;0;0;0;0;0;0;0;0
FR;8;2021-11-24;0;0;0;0;0;0;0;0;0;0;0;0;0;0;0;0;0;0
FR;8;2021-11-25;0;0;0;0;0;0;0;0;0;0;0;0;0;0;0;0;0;0
FR;8;2021-11-26;0;0;0;0;0;0;0;0;0;0;0;0;0;0;0;0;0;0
FR;8;2021-11-27;0;0;0;0;0;0;0;0;0;0;0;0;0;0;0;0;0;0
FR;8;2021-11-28;0;0;0;0;0;0;0;0;0;0;0;0;0;0;0;0;0;0
FR;8;2021-11-29;0;0;0;0;0;0;0;0;0;0;0;0;0;0;0;0;0;0
FR;8;2021-11-30;0;0;0;0;0;0;0;0;0;0;0;0;0;0;0;0;0;0
FR;8;2021-12-01;0;0;0;0;0;0;0;0;0;0;0;0;0;0;0;0;0;0
FR;8;2021-12-02;0;0;0;0;0;0;0;0;0;0;0;0;0;0;0;0;0;0
FR;8;2021-12-03;0;0;0;0;0;0;0;0;0;0;0;0;0;0;0;0;0;0
FR;8;2021-12-04;0;0;0;0;0;0;0;0;0;0;0;0;0;0;0;0;0;0
FR;8;2021-12-05;0;0;0;0;0;0;0;0;0;0;0;0;0;0;0;0;0;0
FR;8;2021-12-06;0;0;0;0;0;0;0;0;0;0;0;0;0;0;0;0;0;0
FR;8;2021-12-07;0;0;0;0;0;0;0;0;0;0;0;0;0;0;0;0;0;0
FR;8;2021-12-08;0;0;0;0;0;0;0;0;0;0;0;0;0;0;0;0;0;0
FR;8;2021-12-09;0;0;0;0;0;0;0;0;0;0;0;0;0;0;0;0;0;0
FR;8;2021-12-10;0;0;0;0;0;0;0;0;0;0;0;0;0;0;0;0;0;0
FR;8;2021-12-11;0;0;0;0;0;0;0;0;0;0;0;0;0;0;0;0;0;0
FR;8;2021-12-12;0;0;0;0;0;0;0;0;0;0;0;0;0;0;0;0;0;0
FR;8;2021-12-13;0;0;0;0;0;0;0;0;0;0;0;0;0;0;0;0;0;0
FR;8;2021-12-14;0;0;0;0;0;0;0;0;0;0;0;0;0;0;0;0;0;0
FR;8;2021-12-15;0;0;0;0;0;0;0;0;0;0;0;0;0;0;0;0;0;0
FR;8;2021-12-16;0;0;0;0;0;0;0;0;0;0;0;0;0;0;0;0;0;0
FR;8;2021-12-17;0;0;0;0;0;0;0;0;0;0;0;0;0;0;0;0;0;0
FR;8;2021-12-18;0;0;0;0;0;0;0;0;0;0;0;0;0;0;0;0;0;0
FR;8;2021-12-19;0;0;0;0;0;0;0;0;0;0;0;0;0;0;0;0;0;0
FR;8;2021-12-20;0;0;0;0;0;0;0;0;0;0;0;0;0;0;0;0;0;0
FR;8;2021-12-21;0;0;0;0;0;0;0;0;0;0;0;0;0;0;0;0;0;0
FR;8;2021-12-22;0;0;0;0;0;0;0;0;0;0;0;0;0;0;0;0;0;0
FR;8;2021-12-23;0;0;0;0;0;0;0;0;0;0;0;0;0;0;0;0;0;0
FR;8;2021-12-24;0;0;0;0;0;0;0;0;0;0;0;0;0;0;0;0;0;0
FR;8;2021-12-25;0;0;0;0;0;0;0;0;0;0;0;0;0;0;0;0;0;0
FR;8;2021-12-26;0;0;0;0;0;0;0;0;0;0;0;0;0;0;0;0;0;0
FR;8;2021-12-27;0;0;0;0;0;0;0;0;0;0;0;0;0;0;0;0;0;0
FR;8;2021-12-28;0;0;0;0;0;0;0;0;0;0;0;0;0;0;0;0;0;0
FR;8;2021-12-29;0;0;0;0;0;0;0;0;0;0;0;0;0;0;0;0;0;0
FR;8;2021-12-30;0;0;0;0;0;0;0;0;0;0;0;0;0;0;0;0;0;0
FR;8;2021-12-31;0;0;0;0;0;0;0;0;0;0;0;0;0;0;0;0;0;0
FR;8;2022-01-01;0;0;0;0;0;0;0;0;0;0;0;0;0;0;0;0;0;0
FR;8;2022-01-02;0;0;0;0;0;0;0;0;0;0;0;0;0;0;0;0;0;0
FR;8;2022-01-03;0;0;0;0;0;0;0;0;0;0;0;0;0;0;0;0;0;0
FR;8;2022-01-04;0;0;0;0;0;0;0;0;0;0;0;0;0;0;0;0;0;0
FR;8;2022-01-05;0;0;0;0;0;0;0;0;0;0;0;0;0;0;0;0;0;0
FR;8;2022-01-06;0;0;0;0;0;0;0;0;0;0;0;0;0;0;0;0;0;0
FR;8;2022-01-07;0;0;0;0;0;0;0;0;0;0;0;0;0;0;0;0;0;0
FR;8;2022-01-08;0;0;0;0;0;0;0;0;0;0;0;0;0;0;0;0;0;0
FR;8;2022-01-09;0;0;0;0;0;0;0;0;0;0;0;0;0;0;0;0;0;0
FR;8;2022-01-10;0;0;0;0;0;0;0;0;0;0;0;0;0;0;0;0;0;0
FR;8;2022-01-11;0;0;0;0;0;0;0;0;0;0;0;0;0;0;0;0;0;0
FR;8;2022-01-12;0;0;0;0;0;0;0;0;0;0;0;0;0;0;0;0;0;0
FR;8;2022-01-13;0;0;0;0;0;0;0;0;0;0;0;0;0;0;0;0;0;0
FR;8;2022-01-14;0;0;0;0;0;0;0;0;0;0;0;0;0;0;0;0;0;0
FR;8;2022-01-15;0;0;0;0;0;0;0;0;0;0;0;0;0;0;0;0;0;0
FR;8;2022-01-16;0;0;0;0;0;0;0;0;0;0;0;0;0;0;0;0;0;0
FR;8;2022-01-17;0;0;0;0;0;0;0;0;0;0;0;0;0;0;0;0;0;0
FR;8;2022-01-18;0;0;0;0;0;0;0;0;0;0;0;0;0;0;0;0;0;0
FR;8;2022-01-19;0;0;0;0;0;0;0;0;0;0;0;0;0;0;0;0;0;0
FR;8;2022-01-20;0;0;0;0;0;0;0;0;0;0;0;0;0;0;0;0;0;0
FR;8;2022-01-21;0;0;0;0;0;0;0;0;0;0;0;0;0;0;0;0;0;0
FR;8;2022-01-22;0;0;0;0;0;0;0;0;0;0;0;0;0;0;0;0;0;0
FR;8;2022-01-23;0;0;0;0;0;0;0;0;0;0;0;0;0;0;0;0;0;0
FR;8;2022-01-24;0;0;0;0;0;0;0;0;0;0;0;0;0;0;0;0;0;0
FR;8;2022-01-25;0;0;0;0;0;0;0;0;0;0;0;0;0;0;0;0;0;0
FR;8;2022-01-26;0;0;0;0;0;0;0;0;0;0;0;0;0;0;0;0;0;0
FR;8;2022-01-27;0;0;0;0;0;0;0;0;0;0;0;0;0;0;0;0;0;0
FR;8;2022-01-28;0;0;0;0;0;0;0;0;0;0;0;0;0;0;0;0;0;0
FR;8;2022-01-29;0;0;0;0;0;0;0;0;0;0;0;0;0;0;0;0;0;0
FR;8;2022-01-30;0;0;0;0;0;0;0;0;0;0;0;0;0;0;0;0;0;0
FR;8;2022-01-31;0;0;0;0;0;0;0;0;0;0;0;0;0;0;0;0;0;0
FR;8;2022-02-01;0;0;0;0;0;0;0;0;0;0;0;0;0;0;0;0;0;0
FR;8;2022-02-02;0;0;0;0;0;0;0;0;0;0;0;0;0;0;0;0;0;0
FR;8;2022-02-03;0;0;0;0;0;0;0;0;0;0;0;0;0;0;0;0;0;0
FR;8;2022-02-04;0;0;0;0;0;0;0;0;0;0;0;0;0;0;0;0;0;0
FR;8;2022-02-05;0;0;0;0;0;0;0;0;0;0;0;0;0;0;0;0;0;0
FR;8;2022-02-06;0;0;0;0;0;0;0;0;0;0;0;0;0;0;0;0;0;0
FR;8;2022-02-07;0;0;0;0;0;0;0;0;0;0;0;0;0;0;0;0;0;0
FR;8;2022-02-08;0;0;0;0;0;0;0;0;0;0;0;0;0;0;0;0;0;0
FR;8;2022-02-09;0;0;0;0;0;0;0;0;0;0;0;0;0;0;0;0;0;0
FR;8;2022-02-10;0;0;0;0;0;0;0;0;0;0;0;0;0;0;0;0;0;0
FR;8;2022-02-11;0;0;0;0;0;0;0;0;0;0;0;0;0;0;0;0;0;0
FR;8;2022-02-12;0;0;0;0;0;0;0;0;0;0;0;0;0;0;0;0;0;0
FR;8;2022-02-13;0;0;0;0;0;0;0;0;0;0;0;0;0;0;0;0;0;0
FR;8;2022-02-14;0;0;0;0;0;0;0;0;0;0;0;0;0;0;0;0;0;0
FR;8;2022-02-15;0;0;0;0;0;0;0;0;0;0;0;0;0;0;0;0;0;0
FR;8;2022-02-16;0;0;0;0;0;0;0;0;0;0;0;0;0;0;0;0;0;0
FR;8;2022-02-17;0;0;0;0;0;0;0;0;0;0;0;0;0;0;0;0;0;0
FR;8;2022-02-18;0;0;0;0;0;0;0;0;0;0;0;0;0;0;0;0;0;0
FR;8;2022-02-19;0;0;0;0;0;0;0;0;0;0;0;0;0;0;0;0;0;0
FR;8;2022-02-20;0;0;0;0;0;0;0;0;0;0;0;0;0;0;0;0;0;0
FR;8;2022-02-21;0;0;0;0;0;0;0;0;0;0;0;0;0;0;0;0;0;0
FR;8;2022-02-22;0;0;0;0;0;0;0;0;0;0;0;0;0;0;0;0;0;0
FR;8;2022-02-23;0;0;0;0;0;0;0;0;0;0;0;0;0;0;0;0;0;0
FR;8;2022-02-24;0;0;0;0;0;0;0;0;0;0;0;0;0;0;0;0;0;0
FR;8;2022-02-25;0;0;0;0;0;0;0;0;0;0;0;0;0;0;0;0;0;0
FR;8;2022-02-26;0;0;0;0;0;0;0;0;0;0;0;0;0;0;0;0;0;0
FR;8;2022-02-27;0;0;0;0;0;0;0;0;0;0;0;0;0;0;0;0;0;0
FR;8;2022-02-28;0;0;0;0;0;0;0;0;0;0;0;0;0;0;0;0;0;0
FR;8;2022-03-01;0;0;0;0;0;0;0;0;0;0;0;0;0;0;0;0;0;0
FR;8;2022-03-02;0;0;0;0;0;0;0;0;0;0;0;0;0;0;0;0;0;0
FR;8;2022-03-03;0;0;0;0;0;0;0;0;0;0;0;0;0;0;0;0;0;0
FR;8;2022-03-04;0;0;0;0;0;0;0;0;0;0;0;0;0;0;0;0;0;0
FR;8;2022-03-05;0;0;0;0;0;0;0;0;0;0;0;0;0;0;0;0;0;0
FR;8;2022-03-06;0;0;0;0;0;0;0;0;0;0;0;0;0;0;0;0;0;0
FR;8;2022-03-07;0;0;0;0;0;0;0;0;0;0;0;0;0;0;0;0;0;0
FR;8;2022-03-08;0;0;0;0;0;0;0;0;0;0;0;0;0;0;0;0;0;0
FR;8;2022-03-09;0;0;0;0;0;0;0;0;0;0;0;0;0;0;0;0;0;0
FR;8;2022-03-10;0;0;0;0;0;0;0;0;0;0;0;0;0;0;0;0;0;0
FR;8;2022-03-11;0;0;0;0;0;0;0;0;0;0;0;0;0;0;0;0;0;0
FR;8;2022-03-12;0;0;0;0;0;0;0;0;0;0;0;0;0;0;0;0;0;0
FR;8;2022-03-13;0;0;0;0;0;0;0;0;0;0;0;0;0;0;0;0;0;0
FR;8;2022-03-14;0;0;0;0;0;0;0;0;0;0;0;0;0;0;0;0;0;0
FR;8;2022-03-15;0;0;0;0;0;0;0;0;0;0;0;0;0;0;0;0;0;0
FR;8;2022-03-16;0;0;0;0;0;0;0;0;0;0;0;0;0;0;0;0;0;0
FR;8;2022-03-17;0;0;0;0;0;0;0;0;0;0;0;0;0;0;0;0;0;0
FR;8;2022-03-18;0;0;0;0;0;0;0;0;0;0;0;0;0;0;0;0;0;0
FR;8;2022-03-19;0;0;0;0;0;0;0;0;0;0;0;0;0;0;0;0;0;0
FR;8;2022-03-20;0;0;0;0;0;0;0;0;0;0;0;0;0;0;0;0;0;0
FR;8;2022-03-21;0;0;0;0;0;0;0;0;0;0;0;0;0;0;0;0;0;0
FR;8;2022-03-22;0;0;0;0;0;0;0;0;0;0;0;0;0;0;0;0;0;0
FR;8;2022-03-23;0;0;0;0;0;0;0;0;0;0;0;0;0;0;0;0;0;0
FR;8;2022-03-24;0;0;0;0;0;0;0;0;0;0;0;0;0;0;0;0;0;0
FR;8;2022-03-25;0;0;0;0;0;0;0;0;0;0;0;0;0;0;0;0;0;0
FR;8;2022-03-26;0;0;0;0;0;0;0;0;0;0;0;0;0;0;0;0;0;0
FR;8;2022-03-27;0;0;0;0;0;0;0;0;0;0;0;0;0;0;0;0;0;0
FR;8;2022-03-28;0;0;0;0;0;0;0;0;0;0;0;0;0;0;0;0;0;0
FR;8;2022-03-29;0;0;0;0;0;0;0;0;0;0;0;0;0;0;0;0;0;0
FR;8;2022-03-30;0;0;0;0;0;0;0;0;0;0;0;0;0;0;0;0;0;0
FR;8;2022-03-31;0;0;0;0;0;0;0;0;0;0;0;0;0;0;0;0;0;0
FR;8;2022-04-01;0;0;0;0;0;0;0;0;0;0;0;0;0;0;0;0;0;0
FR;8;2022-04-02;0;0;0;0;0;0;0;0;0;0;0;0;0;0;0;0;0;0
FR;8;2022-04-03;0;0;0;0;0;0;0;0;0;0;0;0;0;0;0;0;0;0
FR;8;2022-04-04;0;0;0;0;0;0;0;0;0;0;0;0;0;0;0;0;0;0
FR;8;2022-04-05;0;0;0;0;0;0;0;0;0;0;0;0;0;0;0;0;0;0
FR;8;2022-04-06;0;0;0;0;0;0;0;0;0;0;0;0;0;0;0;0;0;0
FR;8;2022-04-07;0;0;0;0;0;0;0;0;0;0;0;0;0;0;0;0;0;0
FR;8;2022-04-08;0;0;0;0;0;0;0;0;0;0;0;0;0;0;0;0;0;0
FR;8;2022-04-09;0;0;0;0;0;0;0;0;0;0;0;0;0;0;0;0;0;0
FR;8;2022-04-10;0;0;0;0;0;0;0;0;0;0;0;0;0;0;0;0;0;0
FR;8;2022-04-11;0;0;0;0;0;0;0;0;0;0;0;0;0;0;0;0;0;0
FR;8;2022-04-12;0;0;0;0;0;0;0;0;0;0;0;0;0;0;0;0;0;0
FR;8;2022-04-13;0;0;0;0;0;0;0;0;0;0;0;0;0;0;0;0;0;0
FR;8;2022-04-14;0;0;0;0;0;0;0;0;0;0;0;0;0;0;0;0;0;0
FR;8;2022-04-15;0;0;0;0;0;0;0;0;0;0;0;0;0;0;0;0;0;0
FR;8;2022-04-16;0;0;0;0;0;0;0;0;0;0;0;0;0;0;0;0;0;0
FR;8;2022-04-17;0;0;0;0;0;0;0;0;0;0;0;0;0;0;0;0;0;0
FR;8;2022-04-18;0;0;0;0;0;0;0;0;0;0;0;0;0;0;0;0;0;0
FR;8;2022-04-19;0;0;0;0;0;0;0;0;0;0;0;0;0;0;0;0;0;0
FR;8;2022-04-20;0;0;0;0;0;0;0;0;0;0;0;0;0;0;0;0;0;0
FR;8;2022-04-21;0;0;0;0;0;0;0;0;0;0;0;0;0;0;0;0;0;0
FR;8;2022-04-22;0;0;0;0;0;0;0;0;0;0;0;0;0;0;0;0;0;0
FR;8;2022-04-23;0;0;0;0;0;0;0;0;0;0;0;0;0;0;0;0;0;0
FR;8;2022-04-24;0;0;0;0;0;0;0;0;0;0;0;0;0;0;0;0;0;0
FR;8;2022-04-25;0;0;0;0;0;0;0;0;0;0;0;0;0;0;0;0;0;0
FR;8;2022-04-26;0;0;0;0;0;0;0;0;0;0;0;0;0;0;0;0;0;0
FR;8;2022-04-27;0;0;0;0;0;0;0;0;0;0;0;0;0;0;0;0;0;0
FR;8;2022-04-28;0;0;0;0;0;0;0;0;0;0;0;0;0;0;0;0;0;0
FR;8;2022-04-29;0;0;0;0;0;0;0;0;0;0;0;0;0;0;0;0;0;0
FR;8;2022-04-30;0;0;0;0;0;0;0;0;0;0;0;0;0;0;0;0;0;0
FR;8;2022-05-01;0;0;0;0;0;0;0;0;0;0;0;0;0;0;0;0;0;0
FR;8;2022-05-02;0;0;0;0;0;0;0;0;0;0;0;0;0;0;0;0;0;0
FR;8;2022-05-03;0;0;0;0;0;0;0;0;0;0;0;0;0;0;0;0;0;0
FR;8;2022-05-04;0;0;0;0;0;0;0;0;0;0;0;0;0;0;0;0;0;0
FR;8;2022-05-05;0;0;0;0;0;0;0;0;0;0;0;0;0;0;0;0;0;0
FR;8;2022-05-06;0;0;0;0;0;0;0;0;0;0;0;0;0;0;0;0;0;0
FR;8;2022-05-07;0;0;0;0;0;0;0;0;0;0;0;0;0;0;0;0;0;0
FR;8;2022-05-08;0;0;0;0;0;0;0;0;0;0;0;0;0;0;0;0;0;0
FR;8;2022-05-09;0;0;0;0;0;0;0;0;0;0;0;0;0;0;0;0;0;0
FR;8;2022-05-10;0;0;0;0;0;0;0;0;0;0;0;0;0;0;0;0;0;0
FR;8;2022-05-11;0;0;0;0;0;0;0;0;0;0;0;0;0;0;0;0;0;0
FR;8;2022-05-12;0;0;0;0;0;0;0;0;0;0;0;0;0;0;0;0;0;0
FR;8;2022-05-13;0;0;0;0;0;0;0;0;0;0;0;0;0;0;0;0;0;0
FR;8;2022-05-14;0;0;0;0;0;0;0;0;0;0;0;0;0;0;0;0;0;0
FR;8;2022-05-15;0;0;0;0;0;0;0;0;0;0;0;0;0;0;0;0;0;0
FR;8;2022-05-16;0;0;0;0;0;0;0;0;0;0;0;0;0;0;0;0;0;0
FR;8;2022-05-17;0;0;0;0;0;0;0;0;0;0;0;0;0;0;0;0;0;0
FR;8;2022-05-18;0;0;0;0;0;0;0;0;0;0;0;0;0;0;0;0;0;0
FR;8;2022-05-19;0;0;0;0;0;0;0;0;0;0;0;0;0;0;0;0;0;0
FR;8;2022-05-20;0;0;0;0;0;0;0;0;0;0;0;0;0;0;0;0;0;0
FR;8;2022-05-21;0;0;0;0;0;0;0;0;0;0;0;0;0;0;0;0;0;0
FR;8;2022-05-22;0;0;0;0;0;0;0;0;0;0;0;0;0;0;0;0;0;0
FR;8;2022-05-23;0;0;0;0;0;0;0;0;0;0;0;0;0;0;0;0;0;0
FR;8;2022-05-24;0;0;0;0;0;0;0;0;0;0;0;0;0;0;0;0;0;0
FR;8;2022-05-25;0;0;0;0;0;0;0;0;0;0;0;0;0;0;0;0;0;0
FR;8;2022-05-26;0;0;0;0;0;0;0;0;0;0;0;0;0;0;0;0;0;0
FR;8;2022-05-27;0;0;0;0;0;0;0;0;0;0;0;0;0;0;0;0;0;0
FR;8;2022-05-28;0;0;0;0;0;0;0;0;0;0;0;0;0;0;0;0;0;0
FR;8;2022-05-29;0;0;0;0;0;0;0;0;0;0;0;0;0;0;0;0;0;0
FR;8;2022-05-30;0;0;0;0;0;0;0;0;0;0;0;0;0;0;0;0;0;0
FR;8;2022-05-31;0;0;0;0;0;0;0;0;0;0;0;0;0;0;0;0;0;0
FR;8;2022-06-01;0;0;0;0;0;0;0;0;0;0;0;0;0;0;0;0;0;0
FR;8;2022-06-02;0;0;0;0;0;0;0;0;0;0;0;0;0;0;0;0;0;0
FR;8;2022-06-03;0;0;0;0;0;0;0;0;0;0;0;0;0;0;0;0;0;0
FR;8;2022-06-04;0;0;0;0;0;0;0;0;0;0;0;0;0;0;0;0;0;0
FR;8;2022-06-05;0;0;0;0;0;0;0;0;0;0;0;0;0;0;0;0;0;0
FR;8;2022-06-06;0;0;0;0;0;0;0;0;0;0;0;0;0;0;0;0;0;0
FR;8;2022-06-07;0;0;0;0;0;0;0;0;0;0;0;0;0;0;0;0;0;0
FR;8;2022-06-08;0;0;0;0;0;0;0;0;0;0;0;0;0;0;0;0;0;0
FR;8;2022-06-09;0;0;0;0;0;0;0;0;0;0;0;0;0;0;0;0;0;0
FR;8;2022-06-10;0;0;0;0;0;0;0;0;0;0;0;0;0;0;0;0;0;0
FR;8;2022-06-11;0;0;0;0;0;0;0;0;0;0;0;0;0;0;0;0;0;0
FR;8;2022-06-12;0;0;0;0;0;0;0;0;0;0;0;0;0;0;0;0;0;0
FR;8;2022-06-13;0;0;0;0;0;0;0;0;0;0;0;0;0;0;0;0;0;0
FR;8;2022-06-14;0;0;0;0;0;0;0;0;0;0;0;0;0;0;0;0;0;0
FR;8;2022-06-15;0;0;0;0;0;0;0;0;0;0;0;0;0;0;0;0;0;0
FR;8;2022-06-16;0;0;0;0;0;0;0;0;0;0;0;0;0;0;0;0;0;0
FR;8;2022-06-17;0;0;0;0;0;0;0;0;0;0;0;0;0;0;0;0;0;0
FR;8;2022-06-18;0;0;0;0;0;0;0;0;0;0;0;0;0;0;0;0;0;0
FR;8;2022-06-19;0;0;0;0;0;0;0;0;0;0;0;0;0;0;0;0;0;0
FR;8;2022-06-20;0;0;0;0;0;0;0;0;0;0;0;0;0;0;0;0;0;0
FR;8;2022-06-21;0;0;0;0;0;0;0;0;0;0;0;0;0;0;0;0;0;0
FR;8;2022-06-22;0;0;0;0;0;0;0;0;0;0;0;0;0;0;0;0;0;0
FR;8;2022-06-23;0;0;0;0;0;0;0;0;0;0;0;0;0;0;0;0;0;0
FR;8;2022-06-24;0;0;0;0;0;0;0;0;0;0;0;0;0;0;0;0;0;0
FR;8;2022-06-25;0;0;0;0;0;0;0;0;0;0;0;0;0;0;0;0;0;0
FR;8;2022-06-26;0;0;0;0;0;0;0;0;0;0;0;0;0;0;0;0;0;0
FR;8;2022-06-27;0;0;0;0;0;0;0;0;0;0;0;0;0;0;0;0;0;0
FR;8;2022-06-28;0;0;0;0;0;0;0;0;0;0;0;0;0;0;0;0;0;0
FR;8;2022-06-29;0;0;0;0;0;0;0;0;0;0;0;0;0;0;0;0;0;0
FR;8;2022-06-30;0;0;0;0;0;0;0;0;0;0;0;0;0;0;0;0;0;0
FR;8;2022-07-01;0;0;0;0;0;0;0;0;0;0;0;0;0;0;0;0;0;0
FR;8;2022-07-02;0;0;0;0;0;0;0;0;0;0;0;0;0;0;0;0;0;0
FR;8;2022-07-03;0;0;0;0;0;0;0;0;0;0;0;0;0;0;0;0;0;0
FR;8;2022-07-04;0;0;0;0;0;0;0;0;0;0;0;0;0;0;0;0;0;0
FR;8;2022-07-05;0;0;0;0;0;0;0;0;0;0;0;0;0;0;0;0;0;0
FR;8;2022-07-06;0;0;0;0;0;0;0;0;0;0;0;0;0;0;0;0;0;0
FR;8;2022-07-07;0;0;0;0;0;0;0;0;0;0;0;0;0;0;0;0;0;0
FR;8;2022-07-08;0;0;0;0;0;0;0;0;0;0;0;0;0;0;0;0;0;0
FR;8;2022-07-09;0;0;0;0;0;0;0;0;0;0;0;0;0;0;0;0;0;0
FR;8;2022-07-10;0;0;0;0;0;0;0;0;0;0;0;0;0;0;0;0;0;0
FR;8;2022-07-11;0;0;0;0;0;0;0;0;0;0;0;0;0;0;0;0;0;0
FR;8;2022-07-12;0;0;0;0;0;0;0;0;0;0;0;0;0;0;0;0;0;0
FR;8;2022-07-13;0;0;0;0;0;0;0;0;0;0;0;0;0;0;0;0;0;0
FR;8;2022-07-14;0;0;0;0;0;0;0;0;0;0;0;0;0;0;0;0;0;0
FR;8;2022-07-15;0;0;0;0;0;0;0;0;0;0;0;0;0;0;0;0;0;0
FR;8;2022-07-16;0;0;0;0;0;0;0;0;0;0;0;0;0;0;0;0;0;0
FR;8;2022-07-17;0;0;0;0;0;0;0;0;0;0;0;0;0;0;0;0;0;0
FR;8;2022-07-18;0;0;0;0;0;0;0;0;0;0;0;0;0;0;0;0;0;0
FR;8;2022-07-19;0;0;0;0;0;0;0;0;0;0;0;0;0;0;0;0;0;0
FR;8;2022-07-20;0;0;0;0;0;0;0;0;0;0;0;0;0;0;0;0;0;0
FR;8;2022-07-21;0;0;0;0;0;0;0;0;0;0;0;0;0;0;0;0;0;0
FR;8;2022-07-22;0;0;0;0;0;0;0;0;0;0;0;0;0;0;0;0;0;0
FR;8;2022-07-23;0;0;0;0;0;0;0;0;0;0;0;0;0;0;0;0;0;0
FR;8;2022-07-24;0;0;0;0;0;0;0;0;0;0;0;0;0;0;0;0;0;0
FR;8;2022-07-25;0;0;0;0;0;0;0;0;0;0;0;0;0;0;0;0;0;0
FR;8;2022-07-26;0;0;0;0;0;0;0;0;0;0;0;0;0;0;0;0;0;0
FR;8;2022-07-27;0;0;0;0;0;0;0;0;0;0;0;0;0;0;0;0;0;0
FR;8;2022-07-28;0;0;0;0;0;0;0;0;0;0;0;0;0;0;0;0;0;0
FR;8;2022-07-29;0;0;0;0;0;0;0;0;0;0;0;0;0;0;0;0;0;0
FR;8;2022-07-30;0;0;0;0;0;0;0;0;0;0;0;0;0;0;0;0;0;0
FR;8;2022-07-31;0;0;0;0;0;0;0;0;0;0;0;0;0;0;0;0;0;0
FR;8;2022-08-01;0;0;0;0;0;0;0;0;0;0;0;0;0;0;0;0;0;0
FR;8;2022-08-02;0;0;0;0;0;0;0;0;0;0;0;0;0;0;0;0;0;0
FR;8;2022-08-03;0;0;0;0;0;0;0;0;0;0;0;0;0;0;0;0;0;0
FR;8;2022-08-04;0;0;0;0;0;0;0;0;0;0;0;0;0;0;0;0;0;0
FR;8;2022-08-05;0;0;0;0;0;0;0;0;0;0;0;0;0;0;0;0;0;0
FR;8;2022-08-06;0;0;0;0;0;0;0;0;0;0;0;0;0;0;0;0;0;0
FR;8;2022-08-07;0;0;0;0;0;0;0;0;0;0;0;0;0;0;0;0;0;0
FR;8;2022-08-08;0;0;0;0;0;0;0;0;0;0;0;0;0;0;0;0;0;0
FR;8;2022-08-09;0;0;0;0;0;0;0;0;0;0;0;0;0;0;0;0;0;0
FR;8;2022-08-10;0;0;0;0;0;0;0;0;0;0;0;0;0;0;0;0;0;0
FR;8;2022-08-11;0;0;0;0;0;0;0;0;0;0;0;0;0;0;0;0;0;0
FR;8;2022-08-12;0;0;0;0;0;0;0;0;0;0;0;0;0;0;0;0;0;0
FR;8;2022-08-13;0;0;0;0;0;0;0;0;0;0;0;0;0;0;0;0;0;0
FR;8;2022-08-14;0;0;0;0;0;0;0;0;0;0;0;0;0;0;0;0;0;0
FR;8;2022-08-15;0;0;0;0;0;0;0;0;0;0;0;0;0;0;0;0;0;0
FR;8;2022-08-16;0;0;0;0;0;0;0;0;0;0;0;0;0;0;0;0;0;0
FR;8;2022-08-17;0;0;0;0;0;0;0;0;0;0;0;0;0;0;0;0;0;0
FR;8;2022-08-18;0;0;0;0;0;0;0;0;0;0;0;0;0;0;0;0;0;0
FR;8;2022-08-19;0;0;0;0;0;0;0;0;0;0;0;0;0;0;0;0;0;0
FR;8;2022-08-20;0;0;0;0;0;0;0;0;0;0;0;0;0;0;0;0;0;0
FR;8;2022-08-21;0;0;0;0;0;0;0;0;0;0;0;0;0;0;0;0;0;0
FR;8;2022-08-22;0;0;0;0;0;0;0;0;0;0;0;0;0;0;0;0;0;0
FR;8;2022-08-23;0;0;0;0;0;0;0;0;0;0;0;0;0;0;0;0;0;0
FR;8;2022-08-24;0;0;0;0;0;0;0;0;0;0;0;0;0;0;0;0;0;0
FR;8;2022-08-25;0;0;0;0;0;0;0;0;0;0;0;0;0;0;0;0;0;0
FR;8;2022-08-26;0;0;0;0;0;0;0;0;0;0;0;0;0;0;0;0;0;0
FR;8;2022-08-27;0;0;0;0;0;0;0;0;0;0;0;0;0;0;0;0;0;0
FR;8;2022-08-28;0;0;0;0;0;0;0;0;0;0;0;0;0;0;0;0;0;0
FR;8;2022-08-29;0;0;0;0;0;0;0;0;0;0;0;0;0;0;0;0;0;0
FR;8;2022-08-30;0;0;0;0;0;0;0;0;0;0;0;0;0;0;0;0;0;0
FR;8;2022-08-31;0;0;0;0;0;0;0;0;0;0;0;0;0;0;0;0;0;0
FR;8;2022-09-01;0;0;0;0;0;0;0;0;0;0;0;0;0;0;0;0;0;0
FR;8;2022-09-02;0;0;0;0;0;0;0;0;0;0;0;0;0;0;0;0;0;0
FR;8;2022-09-03;0;0;0;0;0;0;0;0;0;0;0;0;0;0;0;0;0;0
FR;8;2022-09-04;0;0;0;0;0;0;0;0;0;0;0;0;0;0;0;0;0;0
FR;8;2022-09-05;0;0;0;0;0;0;0;0;0;0;0;0;0;0;0;0;0;0
FR;8;2022-09-06;0;0;0;0;0;0;0;0;0;0;0;0;0;0;0;0;0;0
FR;8;2022-09-07;0;0;0;0;0;0;0;0;0;0;0;0;0;0;0;0;0;0
FR;8;2022-09-08;0;0;0;0;0;0;0;0;0;0;0;0;0;0;0;0;0;0
FR;8;2022-09-09;0;0;0;0;0;0;0;0;0;0;0;0;0;0;0;0;0;0
FR;8;2022-09-10;0;0;0;0;0;0;0;0;0;0;0;0;0;0;0;0;0;0
FR;8;2022-09-11;0;0;0;0;0;0;0;0;0;0;0;0;0;0;0;0;0;0
FR;8;2022-09-12;0;0;0;0;0;0;0;0;0;0;0;0;0;0;0;0;0;0
FR;8;2022-09-13;0;0;0;0;0;0;0;0;0;0;0;0;0;0;0;0;0;0
FR;8;2022-09-14;0;0;0;0;0;0;0;0;0;0;0;0;0;0;0;0;0;0
FR;8;2022-09-15;0;0;0;0;0;0;0;0;0;0;0;0;0;0;0;0;0;0
FR;8;2022-09-16;0;0;0;0;0;0;0;0;0;0;0;0;0;0;0;0;0;0
FR;8;2022-09-17;0;0;0;0;0;0;0;0;0;0;0;0;0;0;0;0;0;0
FR;8;2022-09-18;0;0;0;0;0;0;0;0;0;0;0;0;0;0;0;0;0;0
FR;8;2022-09-19;0;0;0;0;0;0;0;0;0;0;0;0;0;0;0;0;0;0
FR;8;2022-09-20;0;0;0;0;0;0;0;0;0;0;0;0;0;0;0;0;0;0
FR;8;2022-09-21;0;0;0;0;0;0;0;0;0;0;0;0;0;0;0;0;0;0
FR;8;2022-09-22;0;0;0;0;0;0;0;0;0;0;0;0;0;0;0;0;0;0
FR;8;2022-09-23;0;0;0;0;0;0;0;0;0;0;0;0;0;0;0;0;0;0
FR;8;2022-09-24;0;0;0;0;0;0;0;0;0;0;0;0;0;0;0;0;0;0
FR;8;2022-09-25;0;0;0;0;0;0;0;0;0;0;0;0;0;0;0;0;0;0
FR;8;2022-09-26;0;0;0;0;0;0;0;0;0;0;0;0;0;0;0;0;0;0
FR;8;2022-09-27;0;0;0;0;0;0;0;0;0;0;0;0;0;0;0;0;0;0
FR;8;2022-09-28;0;0;0;0;0;0;0;0;0;0;0;0;0;0;0;0;0;0
FR;8;2022-09-29;0;0;0;0;0;0;0;0;0;0;0;0;0;0;0;0;0;0
FR;8;2022-09-30;0;0;0;0;0;0;0;0;0;0;0;0;0;0;0;0;0;0
FR;8;2022-10-01;0;0;0;0;0;0;0;0;0;0;0;0;0;0;0;0;0;0
FR;8;2022-10-02;0;0;0;0;0;0;0;0;0;0;0;0;0;0;0;0;0;0
FR;8;2022-10-03;0;0;0;0;0;0;0;0;0;0;0;0;0;0;0;0;0;0
FR;8;2022-10-04;0;0;0;0;0;0;0;0;0;0;0;0;0;0;0;0;0;0
FR;8;2022-10-05;0;0;0;0;0;0;0;0;0;0;0;0;0;0;0;0;0;0
FR;8;2022-10-06;13;17;113;861;8;83;866;1059;110;13;17;113;861;8;83;866;1059;110
FR;8;2022-10-07;75;103;842;8012;63;699;8066;9845;1073;88;120;955;8873;71;782;8932;10904;1183
FR;8;2022-10-08;36;115;610;4057;50;516;4109;5310;676;124;235;1565;12930;121;1298;13041;16214;1859
FR;8;2022-10-09;17;22;145;885;13;132;913;1234;185;141;257;1710;13815;134;1430;13954;17448;2044
FR;8;2022-10-10;124;192;1351;12751;106;1044;12982;16301;2253;265;449;3061;26566;240;2474;26936;33749;4297
FR;8;2022-10-11;195;264;2476;26927;136;2012;27198;33964;4717;460;713;5537;53493;376;4486;54134;67713;9014
FR;8;2022-10-12;161;258;1831;18238;152;1441;18474;23474;3535;621;971;7368;71731;528;5927;72608;91187;12549
FR;8;2022-10-13;209;281;2512;28077;178;1905;28441;35580;5206;830;1252;9880;99808;706;7832;101049;126767;17755
FR;8;2022-10-14;257;419;3272;36247;241;2557;36672;45578;6307;1087;1671;13152;136055;947;10389;137721;172345;24062
FR;8;2022-10-15;105;182;1203;8806;79;1002;8932;11783;1829;1192;1853;14355;144861;1026;11391;146653;184128;25891
FR;8;2022-10-16;34;54;248;1522;26;215;1557;2179;402;1226;1907;14603;146383;1052;11606;148210;186307;26293
FR;8;2022-10-17;159;313;2101;21806;175;1631;22113;28302;4536;1385;2220;16704;168189;1227;13237;170323;214609;30829
FR;8;2022-10-18;274;350;3356;37862;227;2654;38245;50787;9815;1659;2570;20060;206051;1454;15891;208568;265396;40644
FR;8;2022-10-19;201;314;2632;28300;183;2187;28620;38730;7862;1860;2884;22692;234351;1637;18078;237188;304126;48506
FR;8;2022-10-20;257;368;3577;41210;229;2653;41815;55720;11167;2117;3252;26269;275561;1866;20731;279003;359846;59673
FR;8;2022-10-21;326;489;4461;49419;276;3475;50018;66308;12716;2443;3741;30730;324980;2142;24206;329021;426154;72389
FR;8;2022-10-22;127;168;1230;10664;111;927;10850;14745;2949;2570;3909;31960;335644;2253;25133;339871;440899;75338
FR;8;2022-10-23;50;53;266;1762;48;197;1841;2610;571;2620;3962;32226;337406;2301;25330;341712;443509;75909
FR;8;2022-10-24;231;311;2475;24044;174;2074;24342;33551;7084;2851;4273;34701;361450;2475;27404;366054;477060;82993
FR;8;2022-10-25;307;417;4081;43465;257;3138;44064;61314;14009;3158;4690;38782;404915;2732;30542;410118;538374;97002
FR;8;2022-10-26;228;343;2885;28761;186;2381;29040;41472;9963;3386;5033;41667;433676;2918;32923;439158;579846;106965
FR;8;2022-10-27;277;415;3329;36200;243;2635;36676;51265;11889;3663;5448;44996;469876;3161;35558;475834;631111;118854
FR;8;2022-10-28;329;466;3829;39479;258;2864;40202;55136;12001;3992;5914;48825;509355;3419;38422;516036;686247;130855
FR;8;2022-10-29;113;165;1074;8230;94;803;8374;11861;2667;4105;6079;49899;517585;3513;39225;524410;698108;133522
FR;8;2022-10-30;40;53;210;1348;38;180;1394;2063;485;4145;6132;50109;518933;3551;39405;525804;700171;134007
FR;8;2022-10-31;196;260;1665;14543;145;1277;14808;21209;5106;4341;6392;51774;533476;3696;40682;540612;721380;139113
FR;8;2022-11-01;48;42;137;963;24;171;978;1626;474;4389;6434;51911;534439;3720;40853;541590;723006;139587
FR;8;2022-11-02;199;371;2377;23320;205;1982;23714;35066;9303;4588;6805;54288;557759;3925;42835;565304;758072;148890
FR;8;2022-11-03;311;419;3487;36969;259;2604;37612;54691;14376;4899;7224;57775;594728;4184;45439;602916;812763;163266
FR;8;2022-11-04;356;497;3784;40210;262;2976;40733;57999;14179;5255;7721;61559;634938;4446;48415;643649;870762;177445
FR;8;2022-11-05;113;188;1103;8769;122;850;8936;12891;3070;5368;7909;62662;643707;4568;49265;652585;883653;180515
FR;8;2022-11-06;45;56;224;1409;38;205;1442;2250;593;5413;7965;62886;645116;4606;49470;654027;885903;181108
FR;8;2022-11-07;254;281;2324;24844;208;1799;25432;37630;10331;5667;8246;65210;669960;4814;51269;679459;923533;191439
FR;8;2022-11-08;365;507;4340;48401;308;3266;49380;71628;18820;6032;8753;69550;718361;5122;54535;728839;995161;210259
FR;8;2022-11-09;269;370;2879;29182;212;2263;29867;44485;12271;6301;9123;72429;747543;5334;56798;758706;1039646;222530
FR;8;2022-11-10;369;541;3958;40291;310;3028;41203;60577;16206;6670;9664;76387;787834;5644;59826;799909;1100223;238736
FR;8;2022-11-11;40;63;243;1480;34;204;1526;2676;933;6710;9727;76630;789314;5678;60030;801435;1102899;239669
FR;8;2022-11-12;84;165;881;6433;79;687;6636;9894;2552;6794;9892;77511;795747;5757;60717;808071;1112793;242221
FR;8;2022-11-13;36;54;213;1110;35;173;1162;1927;586;6830;9946;77724;796857;5792;60890;809233;1114720;242807
FR;8;2022-11-14;235;307;2242;22451;168;1725;23002;35096;10294;7065;10253;79966;819308;5960;62615;832235;1149816;253101
FR;8;2022-11-15;346;429;3766;42361;263;2871;43268;64817;18544;7411;10682;83732;861669;6223;65486;875503;1214633;271645
FR;8;2022-11-16;308;353;2621;26556;221;2158;27029;41770;12498;7719;11035;86353;888225;6444;67644;902532;1256403;284143
FR;8;2022-11-17;373;431;3386;36875;293;2617;37453;56663;16494;8092;11466;89739;925100;6737;70261;939985;1313066;300637
FR;8;2022-11-18;346;468;4073;42326;290;2977;43177;63687;17429;8438;11934;93812;967426;7027;73238;983162;1376753;318066
FR;8;2022-11-19;121;182;1198;8974;121;844;9156;13833;3795;8559;12116;95010;976400;7148;74082;992318;1390586;321861
FR;8;2022-11-20;35;54;260;1585;38;217;1653;2663;788;8594;12170;95270;977985;7186;74299;993971;1393249;322649
FR;8;2022-11-21;218;303;2078;20125;178;1601;20656;32173;9849;8812;12473;97348;998110;7364;75900;1014627;1425422;332498
FR;8;2022-11-22;338;408;3476;37566;252;2673;38083;58189;17322;9150;12881;100824;1035676;7616;78573;1052710;1483611;349820
FR;8;2022-11-23;234;327;2415;24439;192;2018;24868;39226;12258;9384;13208;103239;1060115;7808;80591;1077578;1522837;362078
FR;8;2022-11-24;349;391;3373;34914;238;2581;35602;55361;17079;9733;13599;106612;1095029;8046;83172;1113180;1578198;379157
FR;8;2022-11-25;309;428;3633;37739;291;2625;38537;57853;16567;10042;14027;110245;1132768;8337;85797;1151717;1636051;395724
FR;8;2022-11-26;172;195;1177;8819;127;898;8976;13689;3784;10214;14222;111422;1141587;8464;86695;1160693;1649740;399508
FR;8;2022-11-27;45;43;227;1545;38;180;1561;2472;721;10259;14265;111649;1143132;8502;86875;1162254;1652212;400229
FR;8;2022-11-28;184;301;2309;23380;172;1703;24044;37329;11508;10443;14566;113958;1166512;8674;88578;1186298;1689541;411737
FR;8;2022-11-29;293;428;3978;44084;217;2943;44770;69162;21326;10736;14994;117936;1210596;8891;91521;1231068;1758703;433063
FR;8;2022-11-30;283;411;3377;34888;227;2545;35652;54725;16410;11019;15405;121313;1245484;9118;94066;1266720;1813428;449473
FR;8;2022-12-01;334;476;4476;49364;274;3130;50140;77706;24273;11353;15881;125789;1294848;9392;97196;1316860;1891134;473746
FR;8;2022-12-02;410;521;5438;58452;306;3742;59629;89818;26257;11763;16402;131227;1353300;9698;100938;1376489;1980952;500003
FR;8;2022-12-03;178;218;1917;16860;108;1327;17272;25842;7207;11941;16620;133144;1370160;9806;102265;1393761;2006794;507210
FR;8;2022-12-04;53;90;489;4056;59;404;4116;6288;1756;11994;16710;133633;1374216;9865;102669;1397877;2013082;508966
FR;8;2022-12-05;292;405;3848;42365;248;2515;43288;66941;20989;12286;17115;137481;1416581;10113;105184;1441165;2080023;529955
FR;8;2022-12-06;428;549;6299;74323;308;4213;75742;117944;37743;12714;17664;143780;1490904;10421;109397;1516907;2197967;567698
FR;8;2022-12-07;364;438;4908;55030;266;3244;56116;87698;28143;13078;18102;148688;1545934;10687;112641;1573023;2285665;595841
FR;8;2022-12-08;454;539;6447;75451;297;4196;77035;120477;38985;13532;18641;155135;1621385;10984;116837;1650058;2406142;634826
FR;8;2022-12-09;546;605;8021;90900;357;5214;92667;143007;44858;14078;19246;163156;1712285;11341;122051;1742725;2549149;679684
FR;8;2022-12-10;264;343;3341;31718;210;2089;32564;48738;13994;14342;19589;166497;1744003;11551;124140;1775289;2597887;693678
FR;8;2022-12-11;90;104;937;7865;66;644;8083;11892;3145;14432;19693;167434;1751868;11617;124784;1783372;2609779;696823
FR;8;2022-12-12;356;464;5857;64345;255;3727;65857;103397;33615;14788;20157;173291;1816213;11872;128511;1849229;2713176;730438
FR;8;2022-12-13;536;612;8428;99113;358;5198;101556;160211;53122;15324;20769;181719;1915326;12230;133709;1950785;2873387;783560
FR;8;2022-12-14;457;534;6363;70055;307;4211;71637;113496;37378;15781;21303;188082;1985381;12537;137920;2022422;2986883;820938
FR;8;2022-12-15;492;660;8161;91747;375;5142;93958;149262;49821;16273;21963;196243;2077128;12912;143062;2116380;3136145;870759
FR;8;2022-12-16;580;712;8875;100312;388;5707;102443;161928;53403;16853;22675;205118;2177440;13300;148769;2218823;3298073;924162
FR;8;2022-12-17;234;308;3145;30070;190;2004;30841;46780;13830;17087;22983;208263;2207510;13490;150773;2249664;3344853;937992
FR;8;2022-12-18;63;94;732;5974;50;499;6122;9296;2646;17150;23077;208995;2213484;13540;151272;2255786;3354149;940638
FR;8;2022-12-19;401;453;5344;53767;265;3368;55330;87759;28879;17551;23530;214339;2267251;13805;154640;2311116;3441908;969517
FR;8;2022-12-20;555;582;7347;76590;349;4754;78687;127122;43353;18106;24112;221686;2343841;14154;159394;2389803;3569030;1012870
FR;8;2022-12-21;425;482;4970;48810;288;3325;50102;81791;28166;18531;24594;226656;2392651;14442;162719;2439905;3650821;1041036
FR;8;2022-12-22;463;526;4588;44283;315;3188;45502;74794;25949;18994;25120;231244;2436934;14757;165907;2485407;3725615;1066985
FR;8;2022-12-23;320;390;2886;25049;253;2101;25697;42323;14407;19314;25510;234130;2461983;15010;168008;2511104;3767938;1081392
FR;8;2022-12-24;70;70;395;2551;41;295;2665;4151;1174;19384;25580;234525;2464534;15051;168303;2513769;3772089;1082566
FR;8;2022-12-25;29;30;106;546;22;84;567;914;260;19413;25610;234631;2465080;15073;168387;2514336;3773003;1082826
FR;8;2022-12-26;244;278;2158;16090;180;1507;16704;26810;8504;19657;25888;236789;2481170;15253;169894;2531040;3799813;1091330
FR;8;2022-12-27;393;453;3776;32420;265;2534;33515;55321;19125;20050;26341;240565;2513590;15518;172428;2564555;3855134;1110455
FR;8;2022-12-28;344;342;2941;24666;191;2055;25254;41763;14334;20394;26683;243506;2538256;15709;174483;2589809;3896897;1124789
FR;8;2022-12-29;298;408;3159;25513;226;2187;26465;43973;15191;20692;27091;246665;2563769;15935;176670;2616274;3940870;1139980
FR;8;2022-12-30;299;344;2445;18677;217;1703;19319;31741;10611;20991;27435;249110;2582446;16152;178373;2635593;3972611;1150591
FR;8;2022-12-31;92;117;453;2959;75;364;3102;4755;1269;21083;27552;249563;2585405;16227;178737;2638695;3977366;1151860
FR;8;2023-01-01;17;30;112;661;14;85;684;995;225;21100;27582;249675;2586066;16241;178822;2639379;3978361;1152085
FR;8;2023-01-02;274;412;2266;18224;244;1613;18684;32076;11694;21374;27994;251941;2604290;16485;180435;2658063;4010437;1163779
FR;8;2023-01-03;472;543;4251;42808;323;2915;43724;80860;33898;21846;28537;256192;2647098;16808;183350;2701787;4091297;1197677
FR;8;2023-01-04;410;474;3494;29985;292;2424;30740;58278;24927;22256;29011;259686;2677083;17100;185774;2732527;4149575;1222604
FR;8;2023-01-05;504;598;4370;41814;400;2934;42708;82002;36039;22760;29609;264056;2718897;17500;188708;2775235;4231577;1258643
FR;8;2023-01-06;515;670;5107;46735;405;3343;47750;89693;38269;23275;30279;269163;2765632;17905;192051;2822985;4321270;1296912
FR;8;2023-01-07;219;289;1703;12300;182;1198;12614;22347;8435;23494;30568;270866;2777932;18087;193249;2835599;4343617;1305347
FR;8;2023-01-08;68;105;443;2744;64;312;2839;5094;1926;23562;30673;271309;2780676;18151;193561;2838438;4348711;1307273
FR;8;2023-01-09;404;480;2621;21477;312;1841;22050;44576;20465;23966;31153;273930;2802153;18463;195402;2860488;4393287;1327738
FR;8;2023-01-10;462;626;4347;40172;391;3064;40936;85037;40653;24428;31779;278277;2842325;18854;198466;2901424;4478324;1368391
FR;8;2023-01-11;349;458;2948;24112;286;2113;24623;51471;24443;24777;32237;281225;2866437;19140;200579;2926047;4529795;1392834
FR;8;2023-01-12;410;542;3656;33166;332;2573;33787;70817;34087;25187;32779;284881;2899603;19472;203152;2959834;4600612;1426921
FR;8;2023-01-13;447;590;4049;34891;339;2863;35485;72858;34131;25634;33369;288930;2934494;19811;206015;2995319;4673470;1461052
FR;8;2023-01-14;178;229;1339;8858;123;955;9040;17181;7106;25812;33598;290269;2943352;19934;206970;3004359;4690651;1468158
FR;8;2023-01-15;63;87;329;1479;53;244;1585;3186;1345;25875;33685;290598;2944831;19987;207214;3005944;4693837;1469503
FR;8;2023-01-16;267;339;1997;15749;198;1433;16010;35206;17560;26142;34024;292595;2960580;20185;208647;3021954;4729043;1487063
FR;8;2023-01-17;361;453;3248;28163;281;2321;28671;64506;33107;26503;34477;295843;2988743;20466;210968;3050625;4793549;1520170
FR;8;2023-01-18;266;407;2191;16821;247;1668;17063;38330;19344;26769;34884;298034;3005564;20713;212636;3067688;4831879;1539514
FR;8;2023-01-19;355;413;2666;22301;251;1946;22653;51210;26239;27124;35297;300700;3027865;20964;214582;3090341;4883089;1565753
FR;8;2023-01-20;405;506;3175;24804;306;2340;25286;56593;28586;27529;35803;303875;3052669;21270;216922;3115627;4939682;1594339
FR;8;2023-01-21;147;189;1004;6114;102;732;6241;12899;5829;27676;35992;304879;3058783;21372;217654;3121868;4952581;1600168
FR;8;2023-01-22;31;52;156;833;23;138;878;1880;844;27707;36044;305035;3059616;21395;217792;3122746;4954461;1601012
FR;8;2023-01-23;213;299;1588;10613;163;1162;10833;26664;14421;27920;36343;306623;3070229;21558;218954;3133579;4981125;1615433
FR;8;2023-01-24;305;418;2408;19984;249;1795;20262;49916;27441;28225;36761;309031;3090213;21807;220749;3153841;5031041;1642874
FR;8;2023-01-25;241;377;1799;12091;229;1323;12492;29958;15877;28466;37138;310830;3102304;22036;222072;3166333;5060999;1658751
FR;8;2023-01-26;299;382;2216;16481;261;1638;16754;41498;22717;28765;37520;313046;3118785;22297;223710;3183087;5102497;1681468
FR;8;2023-01-27;311;488;2458;17866;293;1841;18101;44175;23809;29076;38008;315504;3136651;22590;225551;3201188;5146672;1705277
FR;8;2023-01-28;125;187;766;4327;124;599;4442;9721;4591;29201;38195;316270;3140978;22714;226150;3205630;5156393;1709868
FR;8;2023-01-29;26;43;86;438;28;67;470;1058;513;29227;38238;316356;3141416;22742;226217;3206100;5157451;1710381
FR;8;2023-01-30;207;314;1224;7958;186;1010;8121;20444;11064;29434;38552;317580;3149374;22928;227227;3214221;5177895;1721445
FR;8;2023-01-31;272;381;1912;13587;234;1419;13812;36223;20701;29706;38933;319492;3162961;23162;228646;3228033;5214118;1742146
FR;8;2023-02-01;247;343;1331;8018;222;1089;8138;21686;12181;29953;39276;320823;3170979;23384;229735;3236171;5235804;1754327
FR;8;2023-02-02;257;383;1572;11462;231;1280;11684;31030;17705;30210;39659;322395;3182441;23615;231015;3247855;5266834;1772032
FR;8;2023-02-03;279;448;1847;12104;286;1435;12288;32945;18842;30489;40107;324242;3194545;23901;232450;3260143;5299779;1790874
FR;8;2023-02-04;118;159;568;2954;109;461;2996;7184;3656;30607;40266;324810;3197499;24010;232911;3263139;5306963;1794530
FR;8;2023-02-05;10;53;65;224;31;60;239;571;264;30617;40319;324875;3197723;24041;232971;3263378;5307534;1794794
FR;8;2023-02-06;184;241;940;5171;169;702;5354;15005;8717;30801;40560;325815;3202894;24210;233673;3268732;5322539;1803511
FR;8;2023-02-07;234;388;1456;9415;262;1181;9549;27523;16385;31035;40948;327271;3212309;24472;234854;3278281;5350062;1819896
FR;8;2023-02-08;172;249;1019;5839;171;807;5986;16523;9449;31207;41197;328290;3218148;24643;235661;3284267;5366585;1829345
FR;8;2023-02-09;236;384;1175;7544;246;983;7728;22224;13185;31443;41581;329465;3225692;24889;236644;3291995;5388809;1842530
FR;8;2023-02-10;277;362;1397;7953;244;1157;8085;23123;13499;31720;41943;330862;3233645;25133;237801;3300080;5411932;1856029
FR;8;2023-02-11;88;145;470;2015;100;402;2092;5228;2665;31808;42088;331332;3235660;25233;238203;3302172;5417160;1858694
FR;8;2023-02-12;26;31;51;163;25;45;184;425;189;31834;42119;331383;3235823;25258;238248;3302356;5417585;1858883
FR;8;2023-02-13;131;205;671;3165;129;607;3260;9295;5291;31965;42324;332054;3238988;25387;238855;3305616;5426880;1864174
FR;8;2023-02-14;189;264;1061;5694;160;886;5842;17097;10071;32154;42588;333115;3244682;25547;239741;3311458;5443977;1874245
FR;8;2023-02-15;163;254;847;3875;145;726;4047;11820;6845;32317;42842;333962;3248557;25692;240467;3315505;5455797;1881090
FR;8;2023-02-16;168;305;999;4915;172;851;5060;14613;8452;32485;43147;334961;3253472;25864;241318;3320565;5470410;1889542
FR;8;2023-02-17;227;317;1101;5202;223;941;5425;15938;9313;32712;43464;336062;3258674;26087;242259;3325990;5486348;1898855
FR;8;2023-02-18;95;130;395;1491;86;312;1565;3902;1969;32807;43594;336457;3260165;26173;242571;3327555;5490250;1900824
FR;8;2023-02-19;22;36;43;132;31;35;135;333;159;32829;43630;336500;3260297;26204;242606;3327690;5490583;1900983
FR;8;2023-02-20;140;257;637;2676;161;591;2791;8188;4660;32969;43887;337137;3262973;26365;243197;3330481;5498771;1905643
FR;8;2023-02-21;177;307;962;4285;163;835;4490;13542;7940;33146;44194;338099;3267258;26528;244032;3334971;5512313;1913583
FR;8;2023-02-22;156;255;662;2768;171;621;2801;8632;5042;33302;44449;338761;3270026;26699;244653;3337772;5520945;1918625
FR;8;2023-02-23;151;260;825;3776;153;733;3952;11826;6862;33453;44709;339586;3273802;26852;245386;3341724;5532771;1925487
FR;8;2023-02-24;158;311;953;4111;191;827;4296;12424;7062;33611;45020;340539;3277913;27043;246213;3346020;5545195;1932549
FR;8;2023-02-25;58;102;346;1058;69;276;1113;2942;1495;33669;45122;340885;3278971;27112;246489;3347133;5548137;1934044
FR;8;2023-02-26;14;21;31;95;22;28;108;249;106;33683;45143;340916;3279066;27134;246517;3347241;5548386;1934150
FR;8;2023-02-27;92;221;506;1829;152;481;1898;6240;3724;33775;45364;341422;3280895;27286;246998;3349139;5554626;1937874
FR;8;2023-02-28;156;257;753;3339;153;715;3466;11624;7138;33931;45621;342175;3284234;27439;247713;3352605;5566250;1945012
FR;8;2023-03-01;130;195;521;1830;145;459;1982;6235;3647;34061;45816;342696;3286064;27584;248172;3354587;5572485;1948659
FR;8;2023-03-02;129;217;714;2764;132;607;2955;9695;5903;34190;46033;343410;3288828;27716;248779;3357542;5582180;1954562
FR;8;2023-03-03;179;329;896;3404;218;793;3532;11217;6581;34369;46362;344306;3292232;27934;249572;3361074;5593397;1961143
FR;8;2023-03-04;58;135;311;975;81;295;981;2632;1296;34427;46497;344617;3293207;28015;249867;3362055;5596029;1962439
FR;8;2023-03-05;12;19;21;49;15;25;49;184;99;34439;46516;344638;3293256;28030;249892;3362104;5596213;1962538
FR;8;2023-03-06;117;177;414;1309;102;394;1370;4425;2523;34556;46693;345052;3294565;28132;250286;3363474;5600638;1965061
FR;8;2023-03-07;121;211;566;2159;127;523;2235;7520;4572;34677;46904;345618;3296724;28259;250809;3365709;5608158;1969633
FR;8;2023-03-08;93;174;448;1329;107;398;1417;4714;2746;34770;47078;346066;3298053;28366;251207;3367126;5612872;1972379
FR;8;2023-03-09;118;200;557;1868;122;521;1928;6752;4131;34888;47278;346623;3299921;28488;251728;3369054;5619624;1976510
FR;8;2023-03-10;199;329;764;2405;208;693;2536;8538;5069;35087;47607;347387;3302326;28696;252421;3371590;5628162;1981579
FR;8;2023-03-11;54;114;271;734;78;236;768;2152;1096;35141;47721;347658;3303060;28774;252657;3372358;5630314;1982675
FR;8;2023-03-12;6;10;23;60;8;22;61;172;85;35147;47731;347681;3303120;28782;252679;3372419;5630486;1982760
FR;8;2023-03-13;80;137;384;990;88;343;1067;3423;1923;35227;47868;348065;3304110;28870;253022;3373486;5633909;1984683
FR;8;2023-03-14;110;210;560;1732;124;544;1807;6366;3809;35337;48078;348625;3305842;28994;253566;3375293;5640275;1988492
FR;8;2023-03-15;105;166;407;1099;117;370;1171;4051;2362;35442;48244;349032;3306941;29111;253936;3376464;5644326;1990854
FR;8;2023-03-16;99;192;503;1495;124;460;1580;5573;3338;35541;48436;349535;3308436;29235;254396;3378044;5649899;1994192
FR;8;2023-03-17;139;220;643;1831;135;560;1978;6797;4014;35680;48656;350178;3310267;29370;254956;3380022;5656696;1998206
FR;8;2023-03-18;75;111;272;527;69;258;586;1849;944;35755;48767;350450;3310794;29439;255214;3380608;5658545;1999150
FR;8;2023-03-19;3;15;23;45;15;12;51;115;49;35758;48782;350473;3310839;29454;255226;3380659;5658660;1999199
FR;8;2023-03-20;84;171;404;922;95;402;1003;3498;1962;35842;48953;350877;3311761;29549;255628;3381662;5662158;2001161
FR;8;2023-03-21;126;202;570;1507;119;547;1678;6102;3631;35968;49155;351447;3313268;29668;256175;3383340;5668260;2004792
FR;8;2023-03-22;118;157;394;933;105;369;1046;3621;2080;36086;49312;351841;3314201;29773;256544;3384386;5671881;2006872
FR;8;2023-03-23;87;160;514;1276;89;457;1364;4848;2819;36173;49472;352355;3315477;29862;257001;3385750;5676729;2009691
FR;8;2023-03-24;143;265;695;1614;157;634;1783;6223;3550;36316;49737;353050;3317091;30019;257635;3387533;5682952;2013241
FR;8;2023-03-25;58;94;274;491;71;240;545;1616;760;36374;49831;353324;3317582;30090;257875;3388078;5684568;2014001
FR;8;2023-03-26;6;9;16;30;8;13;30;83;38;36380;49840;353340;3317612;30098;257888;3388108;5684651;2014039
FR;8;2023-03-27;108;170;406;789;124;385;877;3123;1739;36488;50010;353746;3318401;30222;258273;3388985;5687774;2015778
FR;8;2023-03-28;110;178;528;1451;97;485;1584;5794;3442;36598;50188;354274;3319852;30319;258758;3390569;5693568;2019220
FR;8;2023-03-29;90;167;369;890;86;361;1027;3543;1967;36688;50355;354643;3320742;30405;259119;3391596;5697111;2021187
FR;8;2023-03-30;99;172;484;1246;88;479;1389;5041;2877;36787;50527;355127;3321988;30493;259598;3392985;5702152;2024064
FR;8;2023-03-31;127;248;637;1617;167;556;1758;6372;3694;36914;50775;355764;3323605;30660;260154;3394743;5708524;2027758
FR;8;2023-04-01;57;105;283;537;52;241;625;1827;869;36971;50880;356047;3324142;30712;260395;3395368;5710351;2028627
FR;8;2023-04-02;5;21;20;34;12;26;36;106;44;36976;50901;356067;3324176;30724;260421;3395404;5710457;2028671
FR;8;2023-04-03;73;135;361;737;87;331;833;2941;1609;37049;51036;356428;3324913;30811;260752;3396237;5713398;2030280
FR;8;2023-04-04;77;179;461;1093;118;382;1244;4861;2877;37126;51215;356889;3326006;30929;261134;3397481;5718259;2033157
FR;8;2023-04-05;69;134;345;716;85;329;806;3109;1768;37195;51349;357234;3326722;31014;261463;3398287;5721368;2034925
FR;8;2023-04-06;91;119;367;950;74;333;1059;3922;2234;37286;51468;357601;3327672;31088;261796;3399346;5725290;2037159
FR;8;2023-04-07;119;209;489;1161;127;449;1281;4626;2575;37405;51677;358090;3328833;31215;262245;3400627;5729916;2039734
FR;8;2023-04-08;33;93;209;347;57;204;382;1215;538;37438;51770;358299;3329180;31272;262449;3401009;5731131;2040272
FR;8;2023-04-09;3;12;16;12;5;19;16;52;15;37441;51782;358315;3329192;31277;262468;3401025;5731183;2040287
FR;8;2023-04-10;6;11;24;27;5;23;36;88;25;37447;51793;358339;3329219;31282;262491;3401061;5731271;2040312
FR;8;2023-04-11;73;171;460;873;91;452;975;3958;2170;37520;51964;358799;3330092;31373;262943;3402036;5735229;2042482
FR;8;2023-04-12;76;138;303;657;91;296;709;2922;1645;37596;52102;359102;3330749;31464;263239;3402745;5738151;2044127
FR;8;2023-04-13;67;165;356;852;99;346;941;3926;2247;37663;52267;359458;3331601;31563;263585;3403686;5742077;2046374
FR;8;2023-04-14;119;189;464;1115;125;417;1186;4810;2774;37782;52456;359922;3332716;31688;264002;3404872;5746887;2049148
FR;8;2023-04-15;32;80;183;365;42;181;392;1350;627;37814;52536;360105;3333081;31730;264183;3405264;5748237;2049775
FR;8;2023-04-16;14;12;11;33;10;14;29;102;44;37828;52548;360116;3333114;31740;264197;3405293;5748339;2049819
FR;8;2023-04-17;56;132;277;542;70;291;630;2729;1479;37884;52680;360393;3333656;31810;264488;3405923;5751068;2051298
FR;8;2023-04-18;93;135;351;793;81;356;878;3851;2181;37977;52815;360744;3334449;31891;264844;3406801;5754919;2053479
FR;8;2023-04-19;61;90;262;547;59;237;638;2583;1361;38038;52905;361006;3334996;31950;265081;3407439;5757502;2054840
FR;8;2023-04-20;66;136;286;716;85;277;752;3143;1727;38104;53041;361292;3335712;32035;265358;3408191;5760645;2056567
FR;8;2023-04-21;83;172;383;886;92;381;1009;3982;2099;38187;53213;361675;3336598;32127;265739;3409200;5764627;2058666
FR;8;2023-04-22;25;62;126;230;35;137;252;1001;494;38212;53275;361801;3336828;32162;265876;3409452;5765628;2059160
FR;8;2023-04-23;2;5;12;14;4;12;17;57;20;38214;53280;361813;3336842;32166;265888;3409469;5765685;2059180
FR;8;2023-04-24;67;112;240;477;66;223;553;2164;1090;38281;53392;362053;3337319;32232;266111;3410022;5767849;2060270
FR;8;2023-04-25;81;132;321;737;82;332;787;3735;2020;38362;53524;362374;3338056;32314;266443;3410809;5771584;2062290
FR;8;2023-04-26;54;91;239;442;70;232;506;2248;1167;38416;53615;362613;3338498;32384;266675;3411315;5773832;2063457
FR;8;2023-04-27;83;116;276;684;69;279;751;3296;1744;38499;53731;362889;3339182;32453;266954;3412066;5777128;2065201
FR;8;2023-04-28;110;192;358;761;98;378;870;3912;1958;38609;53923;363247;3339943;32551;267332;3412936;5781040;2067159
FR;8;2023-04-29;51;56;123;234;41;112;274;989;453;38660;53979;363370;3340177;32592;267444;3413210;5782029;2067612
FR;8;2023-04-30;1;7;10;9;3;9;11;49;20;38661;53986;363380;3340186;32595;267453;3413221;5782078;2067632
FR;8;2023-05-01;9;5;11;6;3;10;8;45;14;38670;53991;363391;3340192;32598;267463;3413229;5782123;2067646
FR;8;2023-05-02;86;145;286;560;88;285;658;3154;1622;38756;54136;363677;3340752;32686;267748;3413887;5785277;2069268
FR;8;2023-05-03;75;92;209;414;62;208;462;2446;1230;38831;54228;363886;3341166;32748;267956;3414349;5787723;2070498
FR;8;2023-05-04;65;118;242;644;79;296;645;3516;1797;38896;54346;364128;3341810;32827;268252;3414994;5791239;2072295
FR;8;2023-05-05;88;147;295;695;83;334;781;3996;2068;38984;54493;364423;3342505;32910;268586;3415775;5795235;2074363
FR;8;2023-05-06;48;52;102;216;35;115;227;976;451;39032;54545;364525;3342721;32945;268701;3416002;5796211;2074814
FR;8;2023-05-07;4;4;6;9;2;5;11;45;19;39036;54549;364531;3342730;32947;268706;3416013;5796256;2074833
FR;8;2023-05-08;5;8;13;12;6;14;31;111;60;39041;54557;364544;3342742;32953;268720;3416044;5796367;2074893
FR;8;2023-05-09;61;86;185;443;59;190;480;2908;1453;39102;54643;364729;3343185;33012;268910;3416524;5799275;2076346
FR;9;2020-12-27;0;0;0;0;0;0;0;0;0;0;0;0;0;0;0;0;0;0
FR;9;2020-12-28;0;0;0;0;0;0;0;0;0;0;0;0;0;0;0;0;0;0
FR;9;2020-12-29;0;0;0;0;0;0;0;0;0;0;0;0;0;0;0;0;0;0
FR;9;2020-12-30;0;0;0;0;0;0;0;0;0;0;0;0;0;0;0;0;0;0
FR;9;2020-12-31;0;0;0;0;0;0;0;0;0;0;0;0;0;0;0;0;0;0
FR;9;2021-01-01;0;0;0;0;0;0;0;0;0;0;0;0;0;0;0;0;0;0
FR;9;2021-01-02;0;0;0;0;0;0;0;0;0;0;0;0;0;0;0;0;0;0
FR;9;2021-01-03;0;0;0;0;0;0;0;0;0;0;0;0;0;0;0;0;0;0
FR;9;2021-01-04;0;0;0;0;0;0;0;0;0;0;0;0;0;0;0;0;0;0
FR;9;2021-01-05;0;0;0;0;0;0;0;0;0;0;0;0;0;0;0;0;0;0
FR;9;2021-01-06;0;0;0;0;0;0;0;0;0;0;0;0;0;0;0;0;0;0
FR;9;2021-01-07;0;0;0;0;0;0;0;0;0;0;0;0;0;0;0;0;0;0
FR;9;2021-01-08;0;0;0;0;0;0;0;0;0;0;0;0;0;0;0;0;0;0
FR;9;2021-01-09;0;0;0;0;0;0;0;0;0;0;0;0;0;0;0;0;0;0
FR;9;2021-01-10;0;0;0;0;0;0;0;0;0;0;0;0;0;0;0;0;0;0
FR;9;2021-01-11;0;0;0;0;0;0;0;0;0;0;0;0;0;0;0;0;0;0
FR;9;2021-01-12;0;0;0;0;0;0;0;0;0;0;0;0;0;0;0;0;0;0
FR;9;2021-01-13;0;0;0;0;0;0;0;0;0;0;0;0;0;0;0;0;0;0
FR;9;2021-01-14;0;0;0;0;0;0;0;0;0;0;0;0;0;0;0;0;0;0
FR;9;2021-01-15;0;0;0;0;0;0;0;0;0;0;0;0;0;0;0;0;0;0
FR;9;2021-01-16;0;0;0;0;0;0;0;0;0;0;0;0;0;0;0;0;0;0
FR;9;2021-01-17;0;0;0;0;0;0;0;0;0;0;0;0;0;0;0;0;0;0
FR;9;2021-01-18;0;0;0;0;0;0;0;0;0;0;0;0;0;0;0;0;0;0
FR;9;2021-01-19;0;0;0;0;0;0;0;0;0;0;0;0;0;0;0;0;0;0
FR;9;2021-01-20;0;0;0;0;0;0;0;0;0;0;0;0;0;0;0;0;0;0
FR;9;2021-01-21;0;0;0;0;0;0;0;0;0;0;0;0;0;0;0;0;0;0
FR;9;2021-01-22;0;0;0;0;0;0;0;0;0;0;0;0;0;0;0;0;0;0
FR;9;2021-01-23;0;0;0;0;0;0;0;0;0;0;0;0;0;0;0;0;0;0
FR;9;2021-01-24;0;0;0;0;0;0;0;0;0;0;0;0;0;0;0;0;0;0
FR;9;2021-01-25;0;0;0;0;0;0;0;0;0;0;0;0;0;0;0;0;0;0
FR;9;2021-01-26;0;0;0;0;0;0;0;0;0;0;0;0;0;0;0;0;0;0
FR;9;2021-01-27;0;0;0;0;0;0;0;0;0;0;0;0;0;0;0;0;0;0
FR;9;2021-01-28;0;0;0;0;0;0;0;0;0;0;0;0;0;0;0;0;0;0
FR;9;2021-01-29;0;0;0;0;0;0;0;0;0;0;0;0;0;0;0;0;0;0
FR;9;2021-01-30;0;0;0;0;0;0;0;0;0;0;0;0;0;0;0;0;0;0
FR;9;2021-01-31;0;0;0;0;0;0;0;0;0;0;0;0;0;0;0;0;0;0
FR;9;2021-02-01;0;0;0;0;0;0;0;0;0;0;0;0;0;0;0;0;0;0
FR;9;2021-02-02;0;0;0;0;0;0;0;0;0;0;0;0;0;0;0;0;0;0
FR;9;2021-02-03;0;0;0;0;0;0;0;0;0;0;0;0;0;0;0;0;0;0
FR;9;2021-02-04;0;0;0;0;0;0;0;0;0;0;0;0;0;0;0;0;0;0
FR;9;2021-02-05;0;0;0;0;0;0;0;0;0;0;0;0;0;0;0;0;0;0
FR;9;2021-02-06;0;0;0;0;0;0;0;0;0;0;0;0;0;0;0;0;0;0
FR;9;2021-02-07;0;0;0;0;0;0;0;0;0;0;0;0;0;0;0;0;0;0
FR;9;2021-02-08;0;0;0;0;0;0;0;0;0;0;0;0;0;0;0;0;0;0
FR;9;2021-02-09;0;0;0;0;0;0;0;0;0;0;0;0;0;0;0;0;0;0
FR;9;2021-02-10;0;0;0;0;0;0;0;0;0;0;0;0;0;0;0;0;0;0
FR;9;2021-02-11;0;0;0;0;0;0;0;0;0;0;0;0;0;0;0;0;0;0
FR;9;2021-02-12;0;0;0;0;0;0;0;0;0;0;0;0;0;0;0;0;0;0
FR;9;2021-02-13;0;0;0;0;0;0;0;0;0;0;0;0;0;0;0;0;0;0
FR;9;2021-02-14;0;0;0;0;0;0;0;0;0;0;0;0;0;0;0;0;0;0
FR;9;2021-02-15;0;0;0;0;0;0;0;0;0;0;0;0;0;0;0;0;0;0
FR;9;2021-02-16;0;0;0;0;0;0;0;0;0;0;0;0;0;0;0;0;0;0
FR;9;2021-02-17;0;0;0;0;0;0;0;0;0;0;0;0;0;0;0;0;0;0
FR;9;2021-02-18;0;0;0;0;0;0;0;0;0;0;0;0;0;0;0;0;0;0
FR;9;2021-02-19;0;0;0;0;0;0;0;0;0;0;0;0;0;0;0;0;0;0
FR;9;2021-02-20;0;0;0;0;0;0;0;0;0;0;0;0;0;0;0;0;0;0
FR;9;2021-02-21;0;0;0;0;0;0;0;0;0;0;0;0;0;0;0;0;0;0
FR;9;2021-02-22;0;0;0;0;0;0;0;0;0;0;0;0;0;0;0;0;0;0
FR;9;2021-02-23;0;0;0;0;0;0;0;0;0;0;0;0;0;0;0;0;0;0
FR;9;2021-02-24;0;0;0;0;0;0;0;0;0;0;0;0;0;0;0;0;0;0
FR;9;2021-02-25;0;0;0;0;0;0;0;0;0;0;0;0;0;0;0;0;0;0
FR;9;2021-02-26;0;0;0;0;0;0;0;0;0;0;0;0;0;0;0;0;0;0
FR;9;2021-02-27;0;0;0;0;0;0;0;0;0;0;0;0;0;0;0;0;0;0
FR;9;2021-02-28;0;0;0;0;0;0;0;0;0;0;0;0;0;0;0;0;0;0
FR;9;2021-03-01;0;0;0;0;0;0;0;0;0;0;0;0;0;0;0;0;0;0
FR;9;2021-03-02;0;0;0;0;0;0;0;0;0;0;0;0;0;0;0;0;0;0
FR;9;2021-03-03;0;0;0;0;0;0;0;0;0;0;0;0;0;0;0;0;0;0
FR;9;2021-03-04;0;0;0;0;0;0;0;0;0;0;0;0;0;0;0;0;0;0
FR;9;2021-03-05;0;0;0;0;0;0;0;0;0;0;0;0;0;0;0;0;0;0
FR;9;2021-03-06;0;0;0;0;0;0;0;0;0;0;0;0;0;0;0;0;0;0
FR;9;2021-03-07;0;0;0;0;0;0;0;0;0;0;0;0;0;0;0;0;0;0
FR;9;2021-03-08;0;0;0;0;0;0;0;0;0;0;0;0;0;0;0;0;0;0
FR;9;2021-03-09;0;0;0;0;0;0;0;0;0;0;0;0;0;0;0;0;0;0
FR;9;2021-03-10;0;0;0;0;0;0;0;0;0;0;0;0;0;0;0;0;0;0
FR;9;2021-03-11;0;0;0;0;0;0;0;0;0;0;0;0;0;0;0;0;0;0
FR;9;2021-03-12;0;0;0;0;0;0;0;0;0;0;0;0;0;0;0;0;0;0
FR;9;2021-03-13;0;0;0;0;0;0;0;0;0;0;0;0;0;0;0;0;0;0
FR;9;2021-03-14;0;0;0;0;0;0;0;0;0;0;0;0;0;0;0;0;0;0
FR;9;2021-03-15;0;0;0;0;0;0;0;0;0;0;0;0;0;0;0;0;0;0
FR;9;2021-03-16;0;0;0;0;0;0;0;0;0;0;0;0;0;0;0;0;0;0
FR;9;2021-03-17;0;0;0;0;0;0;0;0;0;0;0;0;0;0;0;0;0;0
FR;9;2021-03-18;0;0;0;0;0;0;0;0;0;0;0;0;0;0;0;0;0;0
FR;9;2021-03-19;0;0;0;0;0;0;0;0;0;0;0;0;0;0;0;0;0;0
FR;9;2021-03-20;0;0;0;0;0;0;0;0;0;0;0;0;0;0;0;0;0;0
FR;9;2021-03-21;0;0;0;0;0;0;0;0;0;0;0;0;0;0;0;0;0;0
FR;9;2021-03-22;0;0;0;0;0;0;0;0;0;0;0;0;0;0;0;0;0;0
FR;9;2021-03-23;0;0;0;0;0;0;0;0;0;0;0;0;0;0;0;0;0;0
FR;9;2021-03-24;0;0;0;0;0;0;0;0;0;0;0;0;0;0;0;0;0;0
FR;9;2021-03-25;0;0;0;0;0;0;0;0;0;0;0;0;0;0;0;0;0;0
FR;9;2021-03-26;0;0;0;0;0;0;0;0;0;0;0;0;0;0;0;0;0;0
FR;9;2021-03-27;0;0;0;0;0;0;0;0;0;0;0;0;0;0;0;0;0;0
FR;9;2021-03-28;0;0;0;0;0;0;0;0;0;0;0;0;0;0;0;0;0;0
FR;9;2021-03-29;0;0;0;0;0;0;0;0;0;0;0;0;0;0;0;0;0;0
FR;9;2021-03-30;0;0;0;0;0;0;0;0;0;0;0;0;0;0;0;0;0;0
FR;9;2021-03-31;0;0;0;0;0;0;0;0;0;0;0;0;0;0;0;0;0;0
FR;9;2021-04-01;0;0;0;0;0;0;0;0;0;0;0;0;0;0;0;0;0;0
FR;9;2021-04-02;0;0;0;0;0;0;0;0;0;0;0;0;0;0;0;0;0;0
FR;9;2021-04-03;0;0;0;0;0;0;0;0;0;0;0;0;0;0;0;0;0;0
FR;9;2021-04-04;0;0;0;0;0;0;0;0;0;0;0;0;0;0;0;0;0;0
FR;9;2021-04-05;0;0;0;0;0;0;0;0;0;0;0;0;0;0;0;0;0;0
FR;9;2021-04-06;0;0;0;0;0;0;0;0;0;0;0;0;0;0;0;0;0;0
FR;9;2021-04-07;0;0;0;0;0;0;0;0;0;0;0;0;0;0;0;0;0;0
FR;9;2021-04-08;0;0;0;0;0;0;0;0;0;0;0;0;0;0;0;0;0;0
FR;9;2021-04-09;0;0;0;0;0;0;0;0;0;0;0;0;0;0;0;0;0;0
FR;9;2021-04-10;0;0;0;0;0;0;0;0;0;0;0;0;0;0;0;0;0;0
FR;9;2021-04-11;0;0;0;0;0;0;0;0;0;0;0;0;0;0;0;0;0;0
FR;9;2021-04-12;0;0;0;0;0;0;0;0;0;0;0;0;0;0;0;0;0;0
FR;9;2021-04-13;0;0;0;0;0;0;0;0;0;0;0;0;0;0;0;0;0;0
FR;9;2021-04-14;0;0;0;0;0;0;0;0;0;0;0;0;0;0;0;0;0;0
FR;9;2021-04-15;0;0;0;0;0;0;0;0;0;0;0;0;0;0;0;0;0;0
FR;9;2021-04-16;0;0;0;0;0;0;0;0;0;0;0;0;0;0;0;0;0;0
FR;9;2021-04-17;0;0;0;0;0;0;0;0;0;0;0;0;0;0;0;0;0;0
FR;9;2021-04-18;0;0;0;0;0;0;0;0;0;0;0;0;0;0;0;0;0;0
FR;9;2021-04-19;0;0;0;0;0;0;0;0;0;0;0;0;0;0;0;0;0;0
FR;9;2021-04-20;0;0;0;0;0;0;0;0;0;0;0;0;0;0;0;0;0;0
FR;9;2021-04-21;0;0;0;0;0;0;0;0;0;0;0;0;0;0;0;0;0;0
FR;9;2021-04-22;0;0;0;0;0;0;0;0;0;0;0;0;0;0;0;0;0;0
FR;9;2021-04-23;0;0;0;0;0;0;0;0;0;0;0;0;0;0;0;0;0;0
FR;9;2021-04-24;0;0;0;0;0;0;0;0;0;0;0;0;0;0;0;0;0;0
FR;9;2021-04-25;0;0;0;0;0;0;0;0;0;0;0;0;0;0;0;0;0;0
FR;9;2021-04-26;0;0;0;0;0;0;0;0;0;0;0;0;0;0;0;0;0;0
FR;9;2021-04-27;0;0;0;0;0;0;0;0;0;0;0;0;0;0;0;0;0;0
FR;9;2021-04-28;0;0;0;0;0;0;0;0;0;0;0;0;0;0;0;0;0;0
FR;9;2021-04-29;0;0;0;0;0;0;0;0;0;0;0;0;0;0;0;0;0;0
FR;9;2021-04-30;0;0;0;0;0;0;0;0;0;0;0;0;0;0;0;0;0;0
FR;9;2021-05-01;0;0;0;0;0;0;0;0;0;0;0;0;0;0;0;0;0;0
FR;9;2021-05-02;0;0;0;0;0;0;0;0;0;0;0;0;0;0;0;0;0;0
FR;9;2021-05-03;0;0;0;0;0;0;0;0;0;0;0;0;0;0;0;0;0;0
FR;9;2021-05-04;0;0;0;0;0;0;0;0;0;0;0;0;0;0;0;0;0;0
FR;9;2021-05-05;0;0;0;0;0;0;0;0;0;0;0;0;0;0;0;0;0;0
FR;9;2021-05-06;0;0;0;0;0;0;0;0;0;0;0;0;0;0;0;0;0;0
FR;9;2021-05-07;0;0;0;0;0;0;0;0;0;0;0;0;0;0;0;0;0;0
FR;9;2021-05-08;0;0;0;0;0;0;0;0;0;0;0;0;0;0;0;0;0;0
FR;9;2021-05-09;0;0;0;0;0;0;0;0;0;0;0;0;0;0;0;0;0;0
FR;9;2021-05-10;0;0;0;0;0;0;0;0;0;0;0;0;0;0;0;0;0;0
FR;9;2021-05-11;0;0;0;0;0;0;0;0;0;0;0;0;0;0;0;0;0;0
FR;9;2021-05-12;0;0;0;0;0;0;0;0;0;0;0;0;0;0;0;0;0;0
FR;9;2021-05-13;0;0;0;0;0;0;0;0;0;0;0;0;0;0;0;0;0;0
FR;9;2021-05-14;0;0;0;0;0;0;0;0;0;0;0;0;0;0;0;0;0;0
FR;9;2021-05-15;0;0;0;0;0;0;0;0;0;0;0;0;0;0;0;0;0;0
FR;9;2021-05-16;0;0;0;0;0;0;0;0;0;0;0;0;0;0;0;0;0;0
FR;9;2021-05-17;0;0;0;0;0;0;0;0;0;0;0;0;0;0;0;0;0;0
FR;9;2021-05-18;0;0;0;0;0;0;0;0;0;0;0;0;0;0;0;0;0;0
FR;9;2021-05-19;0;0;0;0;0;0;0;0;0;0;0;0;0;0;0;0;0;0
FR;9;2021-05-20;0;0;0;0;0;0;0;0;0;0;0;0;0;0;0;0;0;0
FR;9;2021-05-21;0;0;0;0;0;0;0;0;0;0;0;0;0;0;0;0;0;0
FR;9;2021-05-22;0;0;0;0;0;0;0;0;0;0;0;0;0;0;0;0;0;0
FR;9;2021-05-23;0;0;0;0;0;0;0;0;0;0;0;0;0;0;0;0;0;0
FR;9;2021-05-24;0;0;0;0;0;0;0;0;0;0;0;0;0;0;0;0;0;0
FR;9;2021-05-25;0;0;0;0;0;0;0;0;0;0;0;0;0;0;0;0;0;0
FR;9;2021-05-26;0;0;0;0;0;0;0;0;0;0;0;0;0;0;0;0;0;0
FR;9;2021-05-27;0;0;0;0;0;0;0;0;0;0;0;0;0;0;0;0;0;0
FR;9;2021-05-28;0;0;0;0;0;0;0;0;0;0;0;0;0;0;0;0;0;0
FR;9;2021-05-29;0;0;0;0;0;0;0;0;0;0;0;0;0;0;0;0;0;0
FR;9;2021-05-30;0;0;0;0;0;0;0;0;0;0;0;0;0;0;0;0;0;0
FR;9;2021-05-31;0;0;0;0;0;0;0;0;0;0;0;0;0;0;0;0;0;0
FR;9;2021-06-01;0;0;0;0;0;0;0;0;0;0;0;0;0;0;0;0;0;0
FR;9;2021-06-02;0;0;0;0;0;0;0;0;0;0;0;0;0;0;0;0;0;0
FR;9;2021-06-03;0;0;0;0;0;0;0;0;0;0;0;0;0;0;0;0;0;0
FR;9;2021-06-04;0;0;0;0;0;0;0;0;0;0;0;0;0;0;0;0;0;0
FR;9;2021-06-05;0;0;0;0;0;0;0;0;0;0;0;0;0;0;0;0;0;0
FR;9;2021-06-06;0;0;0;0;0;0;0;0;0;0;0;0;0;0;0;0;0;0
FR;9;2021-06-07;0;0;0;0;0;0;0;0;0;0;0;0;0;0;0;0;0;0
FR;9;2021-06-08;0;0;0;0;0;0;0;0;0;0;0;0;0;0;0;0;0;0
FR;9;2021-06-09;0;0;0;0;0;0;0;0;0;0;0;0;0;0;0;0;0;0
FR;9;2021-06-10;0;0;0;0;0;0;0;0;0;0;0;0;0;0;0;0;0;0
FR;9;2021-06-11;0;0;0;0;0;0;0;0;0;0;0;0;0;0;0;0;0;0
FR;9;2021-06-12;0;0;0;0;0;0;0;0;0;0;0;0;0;0;0;0;0;0
FR;9;2021-06-13;0;0;0;0;0;0;0;0;0;0;0;0;0;0;0;0;0;0
FR;9;2021-06-14;0;0;0;0;0;0;0;0;0;0;0;0;0;0;0;0;0;0
FR;9;2021-06-15;0;0;0;0;0;0;0;0;0;0;0;0;0;0;0;0;0;0
FR;9;2021-06-16;0;0;0;0;0;0;0;0;0;0;0;0;0;0;0;0;0;0
FR;9;2021-06-17;0;0;0;0;0;0;0;0;0;0;0;0;0;0;0;0;0;0
FR;9;2021-06-18;0;0;0;0;0;0;0;0;0;0;0;0;0;0;0;0;0;0
FR;9;2021-06-19;0;0;0;0;0;0;0;0;0;0;0;0;0;0;0;0;0;0
FR;9;2021-06-20;0;0;0;0;0;0;0;0;0;0;0;0;0;0;0;0;0;0
FR;9;2021-06-21;0;0;0;0;0;0;0;0;0;0;0;0;0;0;0;0;0;0
FR;9;2021-06-22;0;0;0;0;0;0;0;0;0;0;0;0;0;0;0;0;0;0
FR;9;2021-06-23;0;0;0;0;0;0;0;0;0;0;0;0;0;0;0;0;0;0
FR;9;2021-06-24;0;0;0;0;0;0;0;0;0;0;0;0;0;0;0;0;0;0
FR;9;2021-06-25;0;0;0;0;0;0;0;0;0;0;0;0;0;0;0;0;0;0
FR;9;2021-06-26;0;0;0;0;0;0;0;0;0;0;0;0;0;0;0;0;0;0
FR;9;2021-06-27;0;0;0;0;0;0;0;0;0;0;0;0;0;0;0;0;0;0
FR;9;2021-06-28;0;0;0;0;0;0;0;0;0;0;0;0;0;0;0;0;0;0
FR;9;2021-06-29;0;0;0;0;0;0;0;0;0;0;0;0;0;0;0;0;0;0
FR;9;2021-06-30;0;0;0;0;0;0;0;0;0;0;0;0;0;0;0;0;0;0
FR;9;2021-07-01;0;0;0;0;0;0;0;0;0;0;0;0;0;0;0;0;0;0
FR;9;2021-07-02;0;0;0;0;0;0;0;0;0;0;0;0;0;0;0;0;0;0
FR;9;2021-07-03;0;0;0;0;0;0;0;0;0;0;0;0;0;0;0;0;0;0
FR;9;2021-07-04;0;0;0;0;0;0;0;0;0;0;0;0;0;0;0;0;0;0
FR;9;2021-07-05;0;0;0;0;0;0;0;0;0;0;0;0;0;0;0;0;0;0
FR;9;2021-07-06;0;0;0;0;0;0;0;0;0;0;0;0;0;0;0;0;0;0
FR;9;2021-07-07;0;0;0;0;0;0;0;0;0;0;0;0;0;0;0;0;0;0
FR;9;2021-07-08;0;0;0;0;0;0;0;0;0;0;0;0;0;0;0;0;0;0
FR;9;2021-07-09;0;0;0;0;0;0;0;0;0;0;0;0;0;0;0;0;0;0
FR;9;2021-07-10;0;0;0;0;0;0;0;0;0;0;0;0;0;0;0;0;0;0
FR;9;2021-07-11;0;0;0;0;0;0;0;0;0;0;0;0;0;0;0;0;0;0
FR;9;2021-07-12;0;0;0;0;0;0;0;0;0;0;0;0;0;0;0;0;0;0
FR;9;2021-07-13;0;0;0;0;0;0;0;0;0;0;0;0;0;0;0;0;0;0
FR;9;2021-07-14;0;0;0;0;0;0;0;0;0;0;0;0;0;0;0;0;0;0
FR;9;2021-07-15;0;0;0;0;0;0;0;0;0;0;0;0;0;0;0;0;0;0
FR;9;2021-07-16;0;0;0;0;0;0;0;0;0;0;0;0;0;0;0;0;0;0
FR;9;2021-07-17;0;0;0;0;0;0;0;0;0;0;0;0;0;0;0;0;0;0
FR;9;2021-07-18;0;0;0;0;0;0;0;0;0;0;0;0;0;0;0;0;0;0
FR;9;2021-07-19;0;0;0;0;0;0;0;0;0;0;0;0;0;0;0;0;0;0
FR;9;2021-07-20;0;0;0;0;0;0;0;0;0;0;0;0;0;0;0;0;0;0
FR;9;2021-07-21;0;0;0;0;0;0;0;0;0;0;0;0;0;0;0;0;0;0
FR;9;2021-07-22;0;0;0;0;0;0;0;0;0;0;0;0;0;0;0;0;0;0
FR;9;2021-07-23;0;0;0;0;0;0;0;0;0;0;0;0;0;0;0;0;0;0
FR;9;2021-07-24;0;0;0;0;0;0;0;0;0;0;0;0;0;0;0;0;0;0
FR;9;2021-07-25;0;0;0;0;0;0;0;0;0;0;0;0;0;0;0;0;0;0
FR;9;2021-07-26;0;0;0;0;0;0;0;0;0;0;0;0;0;0;0;0;0;0
FR;9;2021-07-27;0;0;0;0;0;0;0;0;0;0;0;0;0;0;0;0;0;0
FR;9;2021-07-28;0;0;0;0;0;0;0;0;0;0;0;0;0;0;0;0;0;0
FR;9;2021-07-29;0;0;0;0;0;0;0;0;0;0;0;0;0;0;0;0;0;0
FR;9;2021-07-30;0;0;0;0;0;0;0;0;0;0;0;0;0;0;0;0;0;0
FR;9;2021-07-31;0;0;0;0;0;0;0;0;0;0;0;0;0;0;0;0;0;0
FR;9;2021-08-01;0;0;0;0;0;0;0;0;0;0;0;0;0;0;0;0;0;0
FR;9;2021-08-02;0;0;0;0;0;0;0;0;0;0;0;0;0;0;0;0;0;0
FR;9;2021-08-03;0;0;0;0;0;0;0;0;0;0;0;0;0;0;0;0;0;0
FR;9;2021-08-04;0;0;0;0;0;0;0;0;0;0;0;0;0;0;0;0;0;0
FR;9;2021-08-05;0;0;0;0;0;0;0;0;0;0;0;0;0;0;0;0;0;0
FR;9;2021-08-06;0;0;0;0;0;0;0;0;0;0;0;0;0;0;0;0;0;0
FR;9;2021-08-07;0;0;0;0;0;0;0;0;0;0;0;0;0;0;0;0;0;0
FR;9;2021-08-08;0;0;0;0;0;0;0;0;0;0;0;0;0;0;0;0;0;0
FR;9;2021-08-09;0;0;0;0;0;0;0;0;0;0;0;0;0;0;0;0;0;0
FR;9;2021-08-10;0;0;0;0;0;0;0;0;0;0;0;0;0;0;0;0;0;0
FR;9;2021-08-11;0;0;0;0;0;0;0;0;0;0;0;0;0;0;0;0;0;0
FR;9;2021-08-12;0;0;0;0;0;0;0;0;0;0;0;0;0;0;0;0;0;0
FR;9;2021-08-13;0;0;0;0;0;0;0;0;0;0;0;0;0;0;0;0;0;0
FR;9;2021-08-14;0;0;0;0;0;0;0;0;0;0;0;0;0;0;0;0;0;0
FR;9;2021-08-15;0;0;0;0;0;0;0;0;0;0;0;0;0;0;0;0;0;0
FR;9;2021-08-16;0;0;0;0;0;0;0;0;0;0;0;0;0;0;0;0;0;0
FR;9;2021-08-17;0;0;0;0;0;0;0;0;0;0;0;0;0;0;0;0;0;0
FR;9;2021-08-18;0;0;0;0;0;0;0;0;0;0;0;0;0;0;0;0;0;0
FR;9;2021-08-19;0;0;0;0;0;0;0;0;0;0;0;0;0;0;0;0;0;0
FR;9;2021-08-20;0;0;0;0;0;0;0;0;0;0;0;0;0;0;0;0;0;0
FR;9;2021-08-21;0;0;0;0;0;0;0;0;0;0;0;0;0;0;0;0;0;0
FR;9;2021-08-22;0;0;0;0;0;0;0;0;0;0;0;0;0;0;0;0;0;0
FR;9;2021-08-23;0;0;0;0;0;0;0;0;0;0;0;0;0;0;0;0;0;0
FR;9;2021-08-24;0;0;0;0;0;0;0;0;0;0;0;0;0;0;0;0;0;0
FR;9;2021-08-25;0;0;0;0;0;0;0;0;0;0;0;0;0;0;0;0;0;0
FR;9;2021-08-26;0;0;0;0;0;0;0;0;0;0;0;0;0;0;0;0;0;0
FR;9;2021-08-27;0;0;0;0;0;0;0;0;0;0;0;0;0;0;0;0;0;0
FR;9;2021-08-28;0;0;0;0;0;0;0;0;0;0;0;0;0;0;0;0;0;0
FR;9;2021-08-29;0;0;0;0;0;0;0;0;0;0;0;0;0;0;0;0;0;0
FR;9;2021-08-30;0;0;0;0;0;0;0;0;0;0;0;0;0;0;0;0;0;0
FR;9;2021-08-31;0;0;0;0;0;0;0;0;0;0;0;0;0;0;0;0;0;0
FR;9;2021-09-01;0;0;0;0;0;0;0;0;0;0;0;0;0;0;0;0;0;0
FR;9;2021-09-02;0;0;0;0;0;0;0;0;0;0;0;0;0;0;0;0;0;0
FR;9;2021-09-03;0;0;0;0;0;0;0;0;0;0;0;0;0;0;0;0;0;0
FR;9;2021-09-04;0;0;0;0;0;0;0;0;0;0;0;0;0;0;0;0;0;0
FR;9;2021-09-05;0;0;0;0;0;0;0;0;0;0;0;0;0;0;0;0;0;0
FR;9;2021-09-06;0;0;0;0;0;0;0;0;0;0;0;0;0;0;0;0;0;0
FR;9;2021-09-07;0;0;0;0;0;0;0;0;0;0;0;0;0;0;0;0;0;0
FR;9;2021-09-08;0;0;0;0;0;0;0;0;0;0;0;0;0;0;0;0;0;0
FR;9;2021-09-09;0;0;0;0;0;0;0;0;0;0;0;0;0;0;0;0;0;0
FR;9;2021-09-10;0;0;0;0;0;0;0;0;0;0;0;0;0;0;0;0;0;0
FR;9;2021-09-11;0;0;0;0;0;0;0;0;0;0;0;0;0;0;0;0;0;0
FR;9;2021-09-12;0;0;0;0;0;0;0;0;0;0;0;0;0;0;0;0;0;0
FR;9;2021-09-13;0;0;0;0;0;0;0;0;0;0;0;0;0;0;0;0;0;0
FR;9;2021-09-14;0;0;0;0;0;0;0;0;0;0;0;0;0;0;0;0;0;0
FR;9;2021-09-15;0;0;0;0;0;0;0;0;0;0;0;0;0;0;0;0;0;0
FR;9;2021-09-16;0;0;0;0;0;0;0;0;0;0;0;0;0;0;0;0;0;0
FR;9;2021-09-17;0;0;0;0;0;0;0;0;0;0;0;0;0;0;0;0;0;0
FR;9;2021-09-18;0;0;0;0;0;0;0;0;0;0;0;0;0;0;0;0;0;0
FR;9;2021-09-19;0;0;0;0;0;0;0;0;0;0;0;0;0;0;0;0;0;0
FR;9;2021-09-20;0;0;0;0;0;0;0;0;0;0;0;0;0;0;0;0;0;0
FR;9;2021-09-21;0;0;0;0;0;0;0;0;0;0;0;0;0;0;0;0;0;0
FR;9;2021-09-22;0;0;0;0;0;0;0;0;0;0;0;0;0;0;0;0;0;0
FR;9;2021-09-23;0;0;0;0;0;0;0;0;0;0;0;0;0;0;0;0;0;0
FR;9;2021-09-24;0;0;0;0;0;0;0;0;0;0;0;0;0;0;0;0;0;0
FR;9;2021-09-25;0;0;0;0;0;0;0;0;0;0;0;0;0;0;0;0;0;0
FR;9;2021-09-26;0;0;0;0;0;0;0;0;0;0;0;0;0;0;0;0;0;0
FR;9;2021-09-27;0;0;0;0;0;0;0;0;0;0;0;0;0;0;0;0;0;0
FR;9;2021-09-28;0;0;0;0;0;0;0;0;0;0;0;0;0;0;0;0;0;0
FR;9;2021-09-29;0;0;0;0;0;0;0;0;0;0;0;0;0;0;0;0;0;0
FR;9;2021-09-30;0;0;0;0;0;0;0;0;0;0;0;0;0;0;0;0;0;0
FR;9;2021-10-01;0;0;0;0;0;0;0;0;0;0;0;0;0;0;0;0;0;0
FR;9;2021-10-02;0;0;0;0;0;0;0;0;0;0;0;0;0;0;0;0;0;0
FR;9;2021-10-03;0;0;0;0;0;0;0;0;0;0;0;0;0;0;0;0;0;0
FR;9;2021-10-04;0;0;0;0;0;0;0;0;0;0;0;0;0;0;0;0;0;0
FR;9;2021-10-05;0;0;0;0;0;0;0;0;0;0;0;0;0;0;0;0;0;0
FR;9;2021-10-06;0;0;0;0;0;0;0;0;0;0;0;0;0;0;0;0;0;0
FR;9;2021-10-07;0;0;0;0;0;0;0;0;0;0;0;0;0;0;0;0;0;0
FR;9;2021-10-08;0;0;0;0;0;0;0;0;0;0;0;0;0;0;0;0;0;0
FR;9;2021-10-09;0;0;0;0;0;0;0;0;0;0;0;0;0;0;0;0;0;0
FR;9;2021-10-10;0;0;0;0;0;0;0;0;0;0;0;0;0;0;0;0;0;0
FR;9;2021-10-11;0;0;0;0;0;0;0;0;0;0;0;0;0;0;0;0;0;0
FR;9;2021-10-12;0;0;0;0;0;0;0;0;0;0;0;0;0;0;0;0;0;0
FR;9;2021-10-13;0;0;0;0;0;0;0;0;0;0;0;0;0;0;0;0;0;0
FR;9;2021-10-14;0;0;0;0;0;0;0;0;0;0;0;0;0;0;0;0;0;0
FR;9;2021-10-15;0;0;0;0;0;0;0;0;0;0;0;0;0;0;0;0;0;0
FR;9;2021-10-16;0;0;0;0;0;0;0;0;0;0;0;0;0;0;0;0;0;0
FR;9;2021-10-17;0;0;0;0;0;0;0;0;0;0;0;0;0;0;0;0;0;0
FR;9;2021-10-18;0;0;0;0;0;0;0;0;0;0;0;0;0;0;0;0;0;0
FR;9;2021-10-19;0;0;0;0;0;0;0;0;0;0;0;0;0;0;0;0;0;0
FR;9;2021-10-20;0;0;0;0;0;0;0;0;0;0;0;0;0;0;0;0;0;0
FR;9;2021-10-21;0;0;0;0;0;0;0;0;0;0;0;0;0;0;0;0;0;0
FR;9;2021-10-22;0;0;0;0;0;0;0;0;0;0;0;0;0;0;0;0;0;0
FR;9;2021-10-23;0;0;0;0;0;0;0;0;0;0;0;0;0;0;0;0;0;0
FR;9;2021-10-24;0;0;0;0;0;0;0;0;0;0;0;0;0;0;0;0;0;0
FR;9;2021-10-25;0;0;0;0;0;0;0;0;0;0;0;0;0;0;0;0;0;0
FR;9;2021-10-26;0;0;0;0;0;0;0;0;0;0;0;0;0;0;0;0;0;0
FR;9;2021-10-27;0;0;0;0;0;0;0;0;0;0;0;0;0;0;0;0;0;0
FR;9;2021-10-28;0;0;0;0;0;0;0;0;0;0;0;0;0;0;0;0;0;0
FR;9;2021-10-29;0;0;0;0;0;0;0;0;0;0;0;0;0;0;0;0;0;0
FR;9;2021-10-30;0;0;0;0;0;0;0;0;0;0;0;0;0;0;0;0;0;0
FR;9;2021-10-31;0;0;0;0;0;0;0;0;0;0;0;0;0;0;0;0;0;0
FR;9;2021-11-01;0;0;0;0;0;0;0;0;0;0;0;0;0;0;0;0;0;0
FR;9;2021-11-02;0;0;0;0;0;0;0;0;0;0;0;0;0;0;0;0;0;0
FR;9;2021-11-03;0;0;0;0;0;0;0;0;0;0;0;0;0;0;0;0;0;0
FR;9;2021-11-04;0;0;0;0;0;0;0;0;0;0;0;0;0;0;0;0;0;0
FR;9;2021-11-05;0;0;0;0;0;0;0;0;0;0;0;0;0;0;0;0;0;0
FR;9;2021-11-06;0;0;0;0;0;0;0;0;0;0;0;0;0;0;0;0;0;0
FR;9;2021-11-07;0;0;0;0;0;0;0;0;0;0;0;0;0;0;0;0;0;0
FR;9;2021-11-08;0;0;0;0;0;0;0;0;0;0;0;0;0;0;0;0;0;0
FR;9;2021-11-09;0;0;0;0;0;0;0;0;0;0;0;0;0;0;0;0;0;0
FR;9;2021-11-10;0;0;0;0;0;0;0;0;0;0;0;0;0;0;0;0;0;0
FR;9;2021-11-11;0;0;0;0;0;0;0;0;0;0;0;0;0;0;0;0;0;0
FR;9;2021-11-12;0;0;0;0;0;0;0;0;0;0;0;0;0;0;0;0;0;0
FR;9;2021-11-13;0;0;0;0;0;0;0;0;0;0;0;0;0;0;0;0;0;0
FR;9;2021-11-14;0;0;0;0;0;0;0;0;0;0;0;0;0;0;0;0;0;0
FR;9;2021-11-15;0;0;0;0;0;0;0;0;0;0;0;0;0;0;0;0;0;0
FR;9;2021-11-16;0;0;0;0;0;0;0;0;0;0;0;0;0;0;0;0;0;0
FR;9;2021-11-17;0;0;0;0;0;0;0;0;0;0;0;0;0;0;0;0;0;0
FR;9;2021-11-18;0;0;0;0;0;0;0;0;0;0;0;0;0;0;0;0;0;0
FR;9;2021-11-19;0;0;0;0;0;0;0;0;0;0;0;0;0;0;0;0;0;0
FR;9;2021-11-20;0;0;0;0;0;0;0;0;0;0;0;0;0;0;0;0;0;0
FR;9;2021-11-21;0;0;0;0;0;0;0;0;0;0;0;0;0;0;0;0;0;0
FR;9;2021-11-22;0;0;0;0;0;0;0;0;0;0;0;0;0;0;0;0;0;0
FR;9;2021-11-23;0;0;0;0;0;0;0;0;0;0;0;0;0;0;0;0;0;0
FR;9;2021-11-24;0;0;0;0;0;0;0;0;0;0;0;0;0;0;0;0;0;0
FR;9;2021-11-25;0;0;0;0;0;0;0;0;0;0;0;0;0;0;0;0;0;0
FR;9;2021-11-26;0;0;0;0;0;0;0;0;0;0;0;0;0;0;0;0;0;0
FR;9;2021-11-27;0;0;0;0;0;0;0;0;0;0;0;0;0;0;0;0;0;0
FR;9;2021-11-28;0;0;0;0;0;0;0;0;0;0;0;0;0;0;0;0;0;0
FR;9;2021-11-29;0;0;0;0;0;0;0;0;0;0;0;0;0;0;0;0;0;0
FR;9;2021-11-30;0;0;0;0;0;0;0;0;0;0;0;0;0;0;0;0;0;0
FR;9;2021-12-01;0;0;0;0;0;0;0;0;0;0;0;0;0;0;0;0;0;0
FR;9;2021-12-02;0;0;0;0;0;0;0;0;0;0;0;0;0;0;0;0;0;0
FR;9;2021-12-03;0;0;0;0;0;0;0;0;0;0;0;0;0;0;0;0;0;0
FR;9;2021-12-04;0;0;0;0;0;0;0;0;0;0;0;0;0;0;0;0;0;0
FR;9;2021-12-05;0;0;0;0;0;0;0;0;0;0;0;0;0;0;0;0;0;0
FR;9;2021-12-06;0;0;0;0;0;0;0;0;0;0;0;0;0;0;0;0;0;0
FR;9;2021-12-07;0;0;0;0;0;0;0;0;0;0;0;0;0;0;0;0;0;0
FR;9;2021-12-08;0;0;0;0;0;0;0;0;0;0;0;0;0;0;0;0;0;0
FR;9;2021-12-09;0;0;0;0;0;0;0;0;0;0;0;0;0;0;0;0;0;0
FR;9;2021-12-10;0;0;0;0;0;0;0;0;0;0;0;0;0;0;0;0;0;0
FR;9;2021-12-11;0;0;0;0;0;0;0;0;0;0;0;0;0;0;0;0;0;0
FR;9;2021-12-12;0;0;0;0;0;0;0;0;0;0;0;0;0;0;0;0;0;0
FR;9;2021-12-13;0;0;0;0;0;0;0;0;0;0;0;0;0;0;0;0;0;0
FR;9;2021-12-14;0;0;0;0;0;0;0;0;0;0;0;0;0;0;0;0;0;0
FR;9;2021-12-15;0;0;0;0;0;0;0;0;0;0;0;0;0;0;0;0;0;0
FR;9;2021-12-16;0;0;0;0;0;0;0;0;0;0;0;0;0;0;0;0;0;0
FR;9;2021-12-17;0;0;0;0;0;0;0;0;0;0;0;0;0;0;0;0;0;0
FR;9;2021-12-18;0;0;0;0;0;0;0;0;0;0;0;0;0;0;0;0;0;0
FR;9;2021-12-19;0;0;0;0;0;0;0;0;0;0;0;0;0;0;0;0;0;0
FR;9;2021-12-20;0;0;0;0;0;0;0;0;0;0;0;0;0;0;0;0;0;0
FR;9;2021-12-21;0;0;0;0;0;0;0;0;0;0;0;0;0;0;0;0;0;0
FR;9;2021-12-22;0;0;0;0;0;0;0;0;0;0;0;0;0;0;0;0;0;0
FR;9;2021-12-23;0;0;0;0;0;0;0;0;0;0;0;0;0;0;0;0;0;0
FR;9;2021-12-24;0;0;0;0;0;0;0;0;0;0;0;0;0;0;0;0;0;0
FR;9;2021-12-25;0;0;0;0;0;0;0;0;0;0;0;0;0;0;0;0;0;0
FR;9;2021-12-26;0;0;0;0;0;0;0;0;0;0;0;0;0;0;0;0;0;0
FR;9;2021-12-27;0;0;0;0;0;0;0;0;0;0;0;0;0;0;0;0;0;0
FR;9;2021-12-28;0;0;0;0;0;0;0;0;0;0;0;0;0;0;0;0;0;0
FR;9;2021-12-29;0;0;0;0;0;0;0;0;0;0;0;0;0;0;0;0;0;0
FR;9;2021-12-30;0;0;0;0;0;0;0;0;0;0;0;0;0;0;0;0;0;0
FR;9;2021-12-31;0;0;0;0;0;0;0;0;0;0;0;0;0;0;0;0;0;0
FR;9;2022-01-01;0;0;0;0;0;0;0;0;0;0;0;0;0;0;0;0;0;0
FR;9;2022-01-02;0;0;0;0;0;0;0;0;0;0;0;0;0;0;0;0;0;0
FR;9;2022-01-03;0;0;0;0;0;0;0;0;0;0;0;0;0;0;0;0;0;0
FR;9;2022-01-04;0;0;0;0;0;0;0;0;0;0;0;0;0;0;0;0;0;0
FR;9;2022-01-05;0;0;0;0;0;0;0;0;0;0;0;0;0;0;0;0;0;0
FR;9;2022-01-06;0;0;0;0;0;0;0;0;0;0;0;0;0;0;0;0;0;0
FR;9;2022-01-07;0;0;0;0;0;0;0;0;0;0;0;0;0;0;0;0;0;0
FR;9;2022-01-08;0;0;0;0;0;0;0;0;0;0;0;0;0;0;0;0;0;0
FR;9;2022-01-09;0;0;0;0;0;0;0;0;0;0;0;0;0;0;0;0;0;0
FR;9;2022-01-10;0;0;0;0;0;0;0;0;0;0;0;0;0;0;0;0;0;0
FR;9;2022-01-11;0;0;0;0;0;0;0;0;0;0;0;0;0;0;0;0;0;0
FR;9;2022-01-12;0;0;0;0;0;0;0;0;0;0;0;0;0;0;0;0;0;0
FR;9;2022-01-13;0;0;0;0;0;0;0;0;0;0;0;0;0;0;0;0;0;0
FR;9;2022-01-14;0;0;0;0;0;0;0;0;0;0;0;0;0;0;0;0;0;0
FR;9;2022-01-15;0;0;0;0;0;0;0;0;0;0;0;0;0;0;0;0;0;0
FR;9;2022-01-16;0;0;0;0;0;0;0;0;0;0;0;0;0;0;0;0;0;0
FR;9;2022-01-17;0;0;0;0;0;0;0;0;0;0;0;0;0;0;0;0;0;0
FR;9;2022-01-18;0;0;0;0;0;0;0;0;0;0;0;0;0;0;0;0;0;0
FR;9;2022-01-19;0;0;0;0;0;0;0;0;0;0;0;0;0;0;0;0;0;0
FR;9;2022-01-20;0;0;0;0;0;0;0;0;0;0;0;0;0;0;0;0;0;0
FR;9;2022-01-21;0;0;0;0;0;0;0;0;0;0;0;0;0;0;0;0;0;0
FR;9;2022-01-22;0;0;0;0;0;0;0;0;0;0;0;0;0;0;0;0;0;0
FR;9;2022-01-23;0;0;0;0;0;0;0;0;0;0;0;0;0;0;0;0;0;0
FR;9;2022-01-24;0;0;0;0;0;0;0;0;0;0;0;0;0;0;0;0;0;0
FR;9;2022-01-25;0;0;0;0;0;0;0;0;0;0;0;0;0;0;0;0;0;0
FR;9;2022-01-26;0;0;0;0;0;0;0;0;0;0;0;0;0;0;0;0;0;0
FR;9;2022-01-27;0;0;0;0;0;0;0;0;0;0;0;0;0;0;0;0;0;0
FR;9;2022-01-28;0;0;0;0;0;0;0;0;0;0;0;0;0;0;0;0;0;0
FR;9;2022-01-29;0;0;0;0;0;0;0;0;0;0;0;0;0;0;0;0;0;0
FR;9;2022-01-30;0;0;0;0;0;0;0;0;0;0;0;0;0;0;0;0;0;0
FR;9;2022-01-31;0;0;0;0;0;0;0;0;0;0;0;0;0;0;0;0;0;0
FR;9;2022-02-01;0;0;0;0;0;0;0;0;0;0;0;0;0;0;0;0;0;0
FR;9;2022-02-02;0;0;0;0;0;0;0;0;0;0;0;0;0;0;0;0;0;0
FR;9;2022-02-03;0;0;0;0;0;0;0;0;0;0;0;0;0;0;0;0;0;0
FR;9;2022-02-04;0;0;0;0;0;0;0;0;0;0;0;0;0;0;0;0;0;0
FR;9;2022-02-05;0;0;0;0;0;0;0;0;0;0;0;0;0;0;0;0;0;0
FR;9;2022-02-06;0;0;0;0;0;0;0;0;0;0;0;0;0;0;0;0;0;0
FR;9;2022-02-07;0;0;0;0;0;0;0;0;0;0;0;0;0;0;0;0;0;0
FR;9;2022-02-08;0;0;0;0;0;0;0;0;0;0;0;0;0;0;0;0;0;0
FR;9;2022-02-09;0;0;0;0;0;0;0;0;0;0;0;0;0;0;0;0;0;0
FR;9;2022-02-10;0;0;0;0;0;0;0;0;0;0;0;0;0;0;0;0;0;0
FR;9;2022-02-11;0;0;0;0;0;0;0;0;0;0;0;0;0;0;0;0;0;0
FR;9;2022-02-12;0;0;0;0;0;0;0;0;0;0;0;0;0;0;0;0;0;0
FR;9;2022-02-13;0;0;0;0;0;0;0;0;0;0;0;0;0;0;0;0;0;0
FR;9;2022-02-14;0;0;0;0;0;0;0;0;0;0;0;0;0;0;0;0;0;0
FR;9;2022-02-15;0;0;0;0;0;0;0;0;0;0;0;0;0;0;0;0;0;0
FR;9;2022-02-16;0;0;0;0;0;0;0;0;0;0;0;0;0;0;0;0;0;0
FR;9;2022-02-17;0;0;0;0;0;0;0;0;0;0;0;0;0;0;0;0;0;0
FR;9;2022-02-18;0;0;0;0;0;0;0;0;0;0;0;0;0;0;0;0;0;0
FR;9;2022-02-19;0;0;0;0;0;0;0;0;0;0;0;0;0;0;0;0;0;0
FR;9;2022-02-20;0;0;0;0;0;0;0;0;0;0;0;0;0;0;0;0;0;0
FR;9;2022-02-21;0;0;0;0;0;0;0;0;0;0;0;0;0;0;0;0;0;0
FR;9;2022-02-22;0;0;0;0;0;0;0;0;0;0;0;0;0;0;0;0;0;0
FR;9;2022-02-23;0;0;0;0;0;0;0;0;0;0;0;0;0;0;0;0;0;0
FR;9;2022-02-24;0;0;0;0;0;0;0;0;0;0;0;0;0;0;0;0;0;0
FR;9;2022-02-25;0;0;0;0;0;0;0;0;0;0;0;0;0;0;0;0;0;0
FR;9;2022-02-26;0;0;0;0;0;0;0;0;0;0;0;0;0;0;0;0;0;0
FR;9;2022-02-27;0;0;0;0;0;0;0;0;0;0;0;0;0;0;0;0;0;0
FR;9;2022-02-28;0;0;0;0;0;0;0;0;0;0;0;0;0;0;0;0;0;0
FR;9;2022-03-01;0;0;0;0;0;0;0;0;0;0;0;0;0;0;0;0;0;0
FR;9;2022-03-02;0;0;0;0;0;0;0;0;0;0;0;0;0;0;0;0;0;0
FR;9;2022-03-03;0;0;0;0;0;0;0;0;0;0;0;0;0;0;0;0;0;0
FR;9;2022-03-04;0;0;0;0;0;0;0;0;0;0;0;0;0;0;0;0;0;0
FR;9;2022-03-05;0;0;0;0;0;0;0;0;0;0;0;0;0;0;0;0;0;0
FR;9;2022-03-06;0;0;0;0;0;0;0;0;0;0;0;0;0;0;0;0;0;0
FR;9;2022-03-07;0;0;0;0;0;0;0;0;0;0;0;0;0;0;0;0;0;0
FR;9;2022-03-08;0;0;0;0;0;0;0;0;0;0;0;0;0;0;0;0;0;0
FR;9;2022-03-09;0;0;0;0;0;0;0;0;0;0;0;0;0;0;0;0;0;0
FR;9;2022-03-10;0;0;0;0;0;0;0;0;0;0;0;0;0;0;0;0;0;0
FR;9;2022-03-11;0;0;0;0;0;0;0;0;0;0;0;0;0;0;0;0;0;0
FR;9;2022-03-12;0;0;0;0;0;0;0;0;0;0;0;0;0;0;0;0;0;0
FR;9;2022-03-13;0;0;0;0;0;0;0;0;0;0;0;0;0;0;0;0;0;0
FR;9;2022-03-14;0;0;0;0;0;0;0;0;0;0;0;0;0;0;0;0;0;0
FR;9;2022-03-15;0;0;0;0;0;0;0;0;0;0;0;0;0;0;0;0;0;0
FR;9;2022-03-16;0;0;0;0;0;0;0;0;0;0;0;0;0;0;0;0;0;0
FR;9;2022-03-17;0;0;0;0;0;0;0;0;0;0;0;0;0;0;0;0;0;0
FR;9;2022-03-18;0;0;0;0;0;0;0;0;0;0;0;0;0;0;0;0;0;0
FR;9;2022-03-19;0;0;0;0;0;0;0;0;0;0;0;0;0;0;0;0;0;0
FR;9;2022-03-20;0;0;0;0;0;0;0;0;0;0;0;0;0;0;0;0;0;0
FR;9;2022-03-21;0;0;0;0;0;0;0;0;0;0;0;0;0;0;0;0;0;0
FR;9;2022-03-22;0;0;0;0;0;0;0;0;0;0;0;0;0;0;0;0;0;0
FR;9;2022-03-23;0;0;0;0;0;0;0;0;0;0;0;0;0;0;0;0;0;0
FR;9;2022-03-24;0;0;0;0;0;0;0;0;0;0;0;0;0;0;0;0;0;0
FR;9;2022-03-25;0;0;0;0;0;0;0;0;0;0;0;0;0;0;0;0;0;0
FR;9;2022-03-26;0;0;0;0;0;0;0;0;0;0;0;0;0;0;0;0;0;0
FR;9;2022-03-27;0;0;0;0;0;0;0;0;0;0;0;0;0;0;0;0;0;0
FR;9;2022-03-28;0;0;0;0;0;0;0;0;0;0;0;0;0;0;0;0;0;0
FR;9;2022-03-29;0;0;0;0;0;0;0;0;0;0;0;0;0;0;0;0;0;0
FR;9;2022-03-30;0;0;0;0;0;0;0;0;0;0;0;0;0;0;0;0;0;0
FR;9;2022-03-31;0;0;0;0;0;0;0;0;0;0;0;0;0;0;0;0;0;0
FR;9;2022-04-01;0;0;0;0;0;0;0;0;0;0;0;0;0;0;0;0;0;0
FR;9;2022-04-02;0;0;0;0;0;0;0;0;0;0;0;0;0;0;0;0;0;0
FR;9;2022-04-03;0;0;0;0;0;0;0;0;0;0;0;0;0;0;0;0;0;0
FR;9;2022-04-04;0;0;0;0;0;0;0;0;0;0;0;0;0;0;0;0;0;0
FR;9;2022-04-05;0;0;0;0;0;0;0;0;0;0;0;0;0;0;0;0;0;0
FR;9;2022-04-06;0;0;0;0;0;0;0;0;0;0;0;0;0;0;0;0;0;0
FR;9;2022-04-07;0;0;0;0;0;0;0;0;0;0;0;0;0;0;0;0;0;0
FR;9;2022-04-08;0;0;0;0;0;0;0;0;0;0;0;0;0;0;0;0;0;0
FR;9;2022-04-09;0;0;0;0;0;0;0;0;0;0;0;0;0;0;0;0;0;0
FR;9;2022-04-10;0;0;0;0;0;0;0;0;0;0;0;0;0;0;0;0;0;0
FR;9;2022-04-11;0;0;0;0;0;0;0;0;0;0;0;0;0;0;0;0;0;0
FR;9;2022-04-12;0;0;0;0;0;0;0;0;0;0;0;0;0;0;0;0;0;0
FR;9;2022-04-13;0;0;0;0;0;0;0;0;0;0;0;0;0;0;0;0;0;0
FR;9;2022-04-14;0;0;0;0;0;0;0;0;0;0;0;0;0;0;0;0;0;0
FR;9;2022-04-15;0;0;0;0;0;0;0;0;0;0;0;0;0;0;0;0;0;0
FR;9;2022-04-16;0;0;0;0;0;0;0;0;0;0;0;0;0;0;0;0;0;0
FR;9;2022-04-17;0;0;0;0;0;0;0;0;0;0;0;0;0;0;0;0;0;0
FR;9;2022-04-18;0;0;0;0;0;0;0;0;0;0;0;0;0;0;0;0;0;0
FR;9;2022-04-19;0;0;0;0;0;0;0;0;0;0;0;0;0;0;0;0;0;0
FR;9;2022-04-20;0;0;0;0;0;0;0;0;0;0;0;0;0;0;0;0;0;0
FR;9;2022-04-21;0;0;0;0;0;0;0;0;0;0;0;0;0;0;0;0;0;0
FR;9;2022-04-22;0;0;0;0;0;0;0;0;0;0;0;0;0;0;0;0;0;0
FR;9;2022-04-23;0;0;0;0;0;0;0;0;0;0;0;0;0;0;0;0;0;0
FR;9;2022-04-24;0;0;0;0;0;0;0;0;0;0;0;0;0;0;0;0;0;0
FR;9;2022-04-25;0;0;0;0;0;0;0;0;0;0;0;0;0;0;0;0;0;0
FR;9;2022-04-26;0;0;0;0;0;0;0;0;0;0;0;0;0;0;0;0;0;0
FR;9;2022-04-27;0;0;0;0;0;0;0;0;0;0;0;0;0;0;0;0;0;0
FR;9;2022-04-28;0;0;0;0;0;0;0;0;0;0;0;0;0;0;0;0;0;0
FR;9;2022-04-29;0;0;0;0;0;0;0;0;0;0;0;0;0;0;0;0;0;0
FR;9;2022-04-30;0;0;0;0;0;0;0;0;0;0;0;0;0;0;0;0;0;0
FR;9;2022-05-01;0;0;0;0;0;0;0;0;0;0;0;0;0;0;0;0;0;0
FR;9;2022-05-02;0;0;0;0;0;0;0;0;0;0;0;0;0;0;0;0;0;0
FR;9;2022-05-03;0;0;0;0;0;0;0;0;0;0;0;0;0;0;0;0;0;0
FR;9;2022-05-04;0;0;0;0;0;0;0;0;0;0;0;0;0;0;0;0;0;0
FR;9;2022-05-05;0;0;0;0;0;0;0;0;0;0;0;0;0;0;0;0;0;0
FR;9;2022-05-06;0;0;0;0;0;0;0;0;0;0;0;0;0;0;0;0;0;0
FR;9;2022-05-07;0;0;0;0;0;0;0;0;0;0;0;0;0;0;0;0;0;0
FR;9;2022-05-08;0;0;0;0;0;0;0;0;0;0;0;0;0;0;0;0;0;0
FR;9;2022-05-09;0;0;0;0;0;0;0;0;0;0;0;0;0;0;0;0;0;0
FR;9;2022-05-10;0;0;0;0;0;0;0;0;0;0;0;0;0;0;0;0;0;0
FR;9;2022-05-11;0;0;0;0;0;0;0;0;0;0;0;0;0;0;0;0;0;0
FR;9;2022-05-12;0;0;0;0;0;0;0;0;0;0;0;0;0;0;0;0;0;0
FR;9;2022-05-13;0;0;0;0;0;0;0;0;0;0;0;0;0;0;0;0;0;0
FR;9;2022-05-14;0;0;0;0;0;0;0;0;0;0;0;0;0;0;0;0;0;0
FR;9;2022-05-15;0;0;0;0;0;0;0;0;0;0;0;0;0;0;0;0;0;0
FR;9;2022-05-16;0;0;0;0;0;0;0;0;0;0;0;0;0;0;0;0;0;0
FR;9;2022-05-17;0;0;0;0;0;0;0;0;0;0;0;0;0;0;0;0;0;0
FR;9;2022-05-18;0;0;0;0;0;0;0;0;0;0;0;0;0;0;0;0;0;0
FR;9;2022-05-19;0;0;0;0;0;0;0;0;0;0;0;0;0;0;0;0;0;0
FR;9;2022-05-20;0;0;0;0;0;0;0;0;0;0;0;0;0;0;0;0;0;0
FR;9;2022-05-21;0;0;0;0;0;0;0;0;0;0;0;0;0;0;0;0;0;0
FR;9;2022-05-22;0;0;0;0;0;0;0;0;0;0;0;0;0;0;0;0;0;0
FR;9;2022-05-23;0;0;0;0;0;0;0;0;0;0;0;0;0;0;0;0;0;0
FR;9;2022-05-24;0;0;0;0;0;0;0;0;0;0;0;0;0;0;0;0;0;0
FR;9;2022-05-25;0;0;0;0;0;0;0;0;0;0;0;0;0;0;0;0;0;0
FR;9;2022-05-26;0;0;0;0;0;0;0;0;0;0;0;0;0;0;0;0;0;0
FR;9;2022-05-27;0;0;0;0;0;0;0;0;0;0;0;0;0;0;0;0;0;0
FR;9;2022-05-28;0;0;0;0;0;0;0;0;0;0;0;0;0;0;0;0;0;0
FR;9;2022-05-29;0;0;0;0;0;0;0;0;0;0;0;0;0;0;0;0;0;0
FR;9;2022-05-30;0;0;0;0;0;0;0;0;0;0;0;0;0;0;0;0;0;0
FR;9;2022-05-31;0;0;0;0;0;0;0;0;0;0;0;0;0;0;0;0;0;0
FR;9;2022-06-01;0;0;0;0;0;0;0;0;0;0;0;0;0;0;0;0;0;0
FR;9;2022-06-02;0;0;0;0;0;0;0;0;0;0;0;0;0;0;0;0;0;0
FR;9;2022-06-03;0;0;0;0;0;0;0;0;0;0;0;0;0;0;0;0;0;0
FR;9;2022-06-04;0;0;0;0;0;0;0;0;0;0;0;0;0;0;0;0;0;0
FR;9;2022-06-05;0;0;0;0;0;0;0;0;0;0;0;0;0;0;0;0;0;0
FR;9;2022-06-06;0;0;0;0;0;0;0;0;0;0;0;0;0;0;0;0;0;0
FR;9;2022-06-07;0;0;0;0;0;0;0;0;0;0;0;0;0;0;0;0;0;0
FR;9;2022-06-08;0;0;0;0;0;0;0;0;0;0;0;0;0;0;0;0;0;0
FR;9;2022-06-09;0;0;0;0;0;0;0;0;0;0;0;0;0;0;0;0;0;0
FR;9;2022-06-10;0;0;0;0;0;0;0;0;0;0;0;0;0;0;0;0;0;0
FR;9;2022-06-11;0;0;0;0;0;0;0;0;0;0;0;0;0;0;0;0;0;0
FR;9;2022-06-12;0;0;0;0;0;0;0;0;0;0;0;0;0;0;0;0;0;0
FR;9;2022-06-13;0;0;0;0;0;0;0;0;0;0;0;0;0;0;0;0;0;0
FR;9;2022-06-14;0;0;0;0;0;0;0;0;0;0;0;0;0;0;0;0;0;0
FR;9;2022-06-15;0;0;0;0;0;0;0;0;0;0;0;0;0;0;0;0;0;0
FR;9;2022-06-16;0;0;0;0;0;0;0;0;0;0;0;0;0;0;0;0;0;0
FR;9;2022-06-17;0;0;0;0;0;0;0;0;0;0;0;0;0;0;0;0;0;0
FR;9;2022-06-18;0;0;0;0;0;0;0;0;0;0;0;0;0;0;0;0;0;0
FR;9;2022-06-19;0;0;0;0;0;0;0;0;0;0;0;0;0;0;0;0;0;0
FR;9;2022-06-20;0;0;0;0;0;0;0;0;0;0;0;0;0;0;0;0;0;0
FR;9;2022-06-21;0;0;0;0;0;0;0;0;0;0;0;0;0;0;0;0;0;0
FR;9;2022-06-22;0;0;0;0;0;0;0;0;0;0;0;0;0;0;0;0;0;0
FR;9;2022-06-23;0;0;0;0;0;0;0;0;0;0;0;0;0;0;0;0;0;0
FR;9;2022-06-24;0;0;0;0;0;0;0;0;0;0;0;0;0;0;0;0;0;0
FR;9;2022-06-25;0;0;0;0;0;0;0;0;0;0;0;0;0;0;0;0;0;0
FR;9;2022-06-26;0;0;0;0;0;0;0;0;0;0;0;0;0;0;0;0;0;0
FR;9;2022-06-27;0;0;0;0;0;0;0;0;0;0;0;0;0;0;0;0;0;0
FR;9;2022-06-28;0;0;0;0;0;0;0;0;0;0;0;0;0;0;0;0;0;0
FR;9;2022-06-29;0;0;0;0;0;0;0;0;0;0;0;0;0;0;0;0;0;0
FR;9;2022-06-30;0;0;0;0;0;0;0;0;0;0;0;0;0;0;0;0;0;0
FR;9;2022-07-01;0;0;0;0;0;0;0;0;0;0;0;0;0;0;0;0;0;0
FR;9;2022-07-02;0;0;0;0;0;0;0;0;0;0;0;0;0;0;0;0;0;0
FR;9;2022-07-03;0;0;0;0;0;0;0;0;0;0;0;0;0;0;0;0;0;0
FR;9;2022-07-04;0;0;0;0;0;0;0;0;0;0;0;0;0;0;0;0;0;0
FR;9;2022-07-05;0;0;0;0;0;0;0;0;0;0;0;0;0;0;0;0;0;0
FR;9;2022-07-06;0;0;0;0;0;0;0;0;0;0;0;0;0;0;0;0;0;0
FR;9;2022-07-07;0;0;0;0;0;0;0;0;0;0;0;0;0;0;0;0;0;0
FR;9;2022-07-08;0;0;0;0;0;0;0;0;0;0;0;0;0;0;0;0;0;0
FR;9;2022-07-09;0;0;0;0;0;0;0;0;0;0;0;0;0;0;0;0;0;0
FR;9;2022-07-10;0;0;0;0;0;0;0;0;0;0;0;0;0;0;0;0;0;0
FR;9;2022-07-11;0;0;0;0;0;0;0;0;0;0;0;0;0;0;0;0;0;0
FR;9;2022-07-12;0;0;0;0;0;0;0;0;0;0;0;0;0;0;0;0;0;0
FR;9;2022-07-13;0;0;0;0;0;0;0;0;0;0;0;0;0;0;0;0;0;0
FR;9;2022-07-14;0;0;0;0;0;0;0;0;0;0;0;0;0;0;0;0;0;0
FR;9;2022-07-15;0;0;0;0;0;0;0;0;0;0;0;0;0;0;0;0;0;0
FR;9;2022-07-16;0;0;0;0;0;0;0;0;0;0;0;0;0;0;0;0;0;0
FR;9;2022-07-17;0;0;0;0;0;0;0;0;0;0;0;0;0;0;0;0;0;0
FR;9;2022-07-18;0;0;0;0;0;0;0;0;0;0;0;0;0;0;0;0;0;0
FR;9;2022-07-19;0;0;0;0;0;0;0;0;0;0;0;0;0;0;0;0;0;0
FR;9;2022-07-20;0;0;0;0;0;0;0;0;0;0;0;0;0;0;0;0;0;0
FR;9;2022-07-21;0;0;0;0;0;0;0;0;0;0;0;0;0;0;0;0;0;0
FR;9;2022-07-22;0;0;0;0;0;0;0;0;0;0;0;0;0;0;0;0;0;0
FR;9;2022-07-23;0;0;0;0;0;0;0;0;0;0;0;0;0;0;0;0;0;0
FR;9;2022-07-24;0;0;0;0;0;0;0;0;0;0;0;0;0;0;0;0;0;0
FR;9;2022-07-25;0;0;0;0;0;0;0;0;0;0;0;0;0;0;0;0;0;0
FR;9;2022-07-26;0;0;0;0;0;0;0;0;0;0;0;0;0;0;0;0;0;0
FR;9;2022-07-27;0;0;0;0;0;0;0;0;0;0;0;0;0;0;0;0;0;0
FR;9;2022-07-28;0;0;0;0;0;0;0;0;0;0;0;0;0;0;0;0;0;0
FR;9;2022-07-29;0;0;0;0;0;0;0;0;0;0;0;0;0;0;0;0;0;0
FR;9;2022-07-30;0;0;0;0;0;0;0;0;0;0;0;0;0;0;0;0;0;0
FR;9;2022-07-31;0;0;0;0;0;0;0;0;0;0;0;0;0;0;0;0;0;0
FR;9;2022-08-01;0;0;0;0;0;0;0;0;0;0;0;0;0;0;0;0;0;0
FR;9;2022-08-02;0;0;0;0;0;0;0;0;0;0;0;0;0;0;0;0;0;0
FR;9;2022-08-03;0;0;0;0;0;0;0;0;0;0;0;0;0;0;0;0;0;0
FR;9;2022-08-04;0;0;0;0;0;0;0;0;0;0;0;0;0;0;0;0;0;0
FR;9;2022-08-05;0;0;0;0;0;0;0;0;0;0;0;0;0;0;0;0;0;0
FR;9;2022-08-06;0;0;0;0;0;0;0;0;0;0;0;0;0;0;0;0;0;0
FR;9;2022-08-07;0;0;0;0;0;0;0;0;0;0;0;0;0;0;0;0;0;0
FR;9;2022-08-08;0;0;0;0;0;0;0;0;0;0;0;0;0;0;0;0;0;0
FR;9;2022-08-09;0;0;0;0;0;0;0;0;0;0;0;0;0;0;0;0;0;0
FR;9;2022-08-10;0;0;0;0;0;0;0;0;0;0;0;0;0;0;0;0;0;0
FR;9;2022-08-11;0;0;0;0;0;0;0;0;0;0;0;0;0;0;0;0;0;0
FR;9;2022-08-12;0;0;0;0;0;0;0;0;0;0;0;0;0;0;0;0;0;0
FR;9;2022-08-13;0;0;0;0;0;0;0;0;0;0;0;0;0;0;0;0;0;0
FR;9;2022-08-14;0;0;0;0;0;0;0;0;0;0;0;0;0;0;0;0;0;0
FR;9;2022-08-15;0;0;0;0;0;0;0;0;0;0;0;0;0;0;0;0;0;0
FR;9;2022-08-16;0;0;0;0;0;0;0;0;0;0;0;0;0;0;0;0;0;0
FR;9;2022-08-17;0;0;0;0;0;0;0;0;0;0;0;0;0;0;0;0;0;0
FR;9;2022-08-18;0;0;0;0;0;0;0;0;0;0;0;0;0;0;0;0;0;0
FR;9;2022-08-19;0;0;0;0;0;0;0;0;0;0;0;0;0;0;0;0;0;0
FR;9;2022-08-20;0;0;0;0;0;0;0;0;0;0;0;0;0;0;0;0;0;0
FR;9;2022-08-21;0;0;0;0;0;0;0;0;0;0;0;0;0;0;0;0;0;0
FR;9;2022-08-22;0;0;0;0;0;0;0;0;0;0;0;0;0;0;0;0;0;0
FR;9;2022-08-23;0;0;0;0;0;0;0;0;0;0;0;0;0;0;0;0;0;0
FR;9;2022-08-24;0;0;0;0;0;0;0;0;0;0;0;0;0;0;0;0;0;0
FR;9;2022-08-25;0;0;0;0;0;0;0;0;0;0;0;0;0;0;0;0;0;0
FR;9;2022-08-26;0;0;0;0;0;0;0;0;0;0;0;0;0;0;0;0;0;0
FR;9;2022-08-27;0;0;0;0;0;0;0;0;0;0;0;0;0;0;0;0;0;0
FR;9;2022-08-28;0;0;0;0;0;0;0;0;0;0;0;0;0;0;0;0;0;0
FR;9;2022-08-29;0;0;0;0;0;0;0;0;0;0;0;0;0;0;0;0;0;0
FR;9;2022-08-30;0;0;0;0;0;0;0;0;0;0;0;0;0;0;0;0;0;0
FR;9;2022-08-31;0;0;0;0;0;0;0;0;0;0;0;0;0;0;0;0;0;0
FR;9;2022-09-01;0;0;0;0;0;0;0;0;0;0;0;0;0;0;0;0;0;0
FR;9;2022-09-02;0;0;0;0;0;0;0;0;0;0;0;0;0;0;0;0;0;0
FR;9;2022-09-03;0;0;0;0;0;0;0;0;0;0;0;0;0;0;0;0;0;0
FR;9;2022-09-04;0;0;0;0;0;0;0;0;0;0;0;0;0;0;0;0;0;0
FR;9;2022-09-05;0;0;0;0;0;0;0;0;0;0;0;0;0;0;0;0;0;0
FR;9;2022-09-06;0;0;0;0;0;0;0;0;0;0;0;0;0;0;0;0;0;0
FR;9;2022-09-07;0;0;0;0;0;0;0;0;0;0;0;0;0;0;0;0;0;0
FR;9;2022-09-08;0;0;0;0;0;0;0;0;0;0;0;0;0;0;0;0;0;0
FR;9;2022-09-09;0;0;0;0;0;0;0;0;0;0;0;0;0;0;0;0;0;0
FR;9;2022-09-10;0;0;0;0;0;0;0;0;0;0;0;0;0;0;0;0;0;0
FR;9;2022-09-11;0;0;0;0;0;0;0;0;0;0;0;0;0;0;0;0;0;0
FR;9;2022-09-12;0;0;0;0;0;0;0;0;0;0;0;0;0;0;0;0;0;0
FR;9;2022-09-13;0;0;0;0;0;0;0;0;0;0;0;0;0;0;0;0;0;0
FR;9;2022-09-14;0;0;0;0;0;0;0;0;0;0;0;0;0;0;0;0;0;0
FR;9;2022-09-15;0;0;0;0;0;0;0;0;0;0;0;0;0;0;0;0;0;0
FR;9;2022-09-16;0;0;0;0;0;0;0;0;0;0;0;0;0;0;0;0;0;0
FR;9;2022-09-17;0;0;0;0;0;0;0;0;0;0;0;0;0;0;0;0;0;0
FR;9;2022-09-18;0;0;0;0;0;0;0;0;0;0;0;0;0;0;0;0;0;0
FR;9;2022-09-19;0;0;0;0;0;0;0;0;0;0;0;0;0;0;0;0;0;0
FR;9;2022-09-20;0;0;0;0;0;0;0;0;0;0;0;0;0;0;0;0;0;0
FR;9;2022-09-21;0;0;0;0;0;0;0;0;0;0;0;0;0;0;0;0;0;0
FR;9;2022-09-22;0;0;0;0;0;0;0;0;0;0;0;0;0;0;0;0;0;0
FR;9;2022-09-23;0;0;0;0;0;0;0;0;0;0;0;0;0;0;0;0;0;0
FR;9;2022-09-24;0;0;0;0;0;0;0;0;0;0;0;0;0;0;0;0;0;0
FR;9;2022-09-25;0;0;0;0;0;0;0;0;0;0;0;0;0;0;0;0;0;0
FR;9;2022-09-26;0;0;0;0;0;0;0;0;0;0;0;0;0;0;0;0;0;0
FR;9;2022-09-27;0;0;0;0;0;0;0;0;0;0;0;0;0;0;0;0;0;0
FR;9;2022-09-28;0;0;0;0;0;0;0;0;0;0;0;0;0;0;0;0;0;0
FR;9;2022-09-29;1;1;8;33;0;6;35;43;2;1;1;8;33;0;6;35;43;2
FR;9;2022-09-30;5;13;62;606;7;48;614;715;51;6;14;70;639;7;54;649;758;53
FR;9;2022-10-01;10;2;43;327;3;26;335;396;35;16;16;113;966;10;80;984;1154;88
FR;9;2022-10-02;2;1;5;50;0;4;51;66;11;18;17;118;1016;10;84;1035;1220;99
FR;9;2022-10-03;14;17;151;1714;11;129;1708;2074;234;32;34;269;2730;21;213;2743;3294;333
FR;9;2022-10-04;22;48;353;3954;18;228;4022;4704;450;54;82;622;6684;39;441;6765;7998;783
FR;9;2022-10-05;30;20;269;2998;17;203;3011;3656;433;84;102;891;9682;56;644;9776;11654;1216
FR;9;2022-10-06;23;35;400;4598;18;301;4631;5609;672;107;137;1291;14280;74;945;14407;17263;1888
FR;9;2022-10-07;29;50;499;5706;19;384;5720;7029;923;136;187;1790;19986;93;1329;20127;24292;2811
FR;9;2022-10-08;10;18;128;1090;8;86;1108;1389;191;146;205;1918;21076;101;1415;21235;25681;3002
FR;9;2022-10-09;1;7;22;197;1;29;198;277;50;147;212;1940;21273;102;1444;21433;25958;3052
FR;9;2022-10-10;11;26;207;2572;14;181;2576;3296;533;158;238;2147;23845;116;1625;24009;29254;3585
FR;9;2022-10-11;31;40;424;5043;27;312;5024;6198;851;189;278;2571;28888;143;1937;29033;35452;4436
FR;9;2022-10-12;22;26;297;2987;16;212;3044;3830;572;211;304;2868;31875;159;2149;32077;39282;5008
FR;9;2022-10-13;25;42;374;3980;16;245;4036;5027;740;236;346;3242;35855;175;2394;36113;44309;5748
FR;9;2022-10-14;27;26;381;4430;12;293;4414;5556;838;263;372;3623;40285;187;2687;40527;49865;6586
FR;9;2022-10-15;14;8;101;1052;7;79;1029;1308;198;277;380;3724;41337;194;2766;41556;51173;6784
FR;9;2022-10-16;4;1;9;132;2;12;126;168;28;281;381;3733;41469;196;2778;41682;51341;6812
FR;9;2022-10-17;4;22;165;1875;11;127;1883;2492;475;285;403;3898;43344;207;2905;43565;53833;7287
FR;9;2022-10-18;36;29;317;3430;17;237;3454;4663;963;321;432;4215;46774;224;3142;47019;58496;8250
FR;9;2022-10-19;22;19;262;2688;17;174;2717;3733;827;343;451;4477;49462;241;3316;49736;62229;9077
FR;9;2022-10-20;22;22;308;3628;8;233;3639;4813;933;365;473;4785;53090;249;3549;53375;67042;10010
FR;9;2022-10-21;14;32;327;3550;11;228;3556;4657;865;379;505;5112;56640;260;3777;56931;71699;10875
FR;9;2022-10-22;10;11;90;914;8;62;919;1193;207;389;516;5202;57554;268;3839;57850;72892;11082
FR;9;2022-10-23;2;2;17;100;2;10;105;148;33;391;518;5219;57654;270;3849;57955;73040;11115
FR;9;2022-10-24;7;17;159;1363;6;106;1434;1942;397;398;535;5378;59017;276;3955;59389;74982;11512
FR;9;2022-10-25;19;22;228;2841;16;188;2851;3938;896;417;557;5606;61858;292;4143;62240;78920;12408
FR;9;2022-10-26;14;16;169;1800;13;123;1812;2527;590;431;573;5775;63658;305;4266;64052;81447;12998
FR;9;2022-10-27;9;26;230;2303;15;173;2337;3210;689;440;599;6005;65961;320;4439;66389;84657;13687
FR;9;2022-10-28;18;27;224;2277;17;151;2303;3142;681;458;626;6229;68238;337;4590;68692;87799;14368
FR;9;2022-10-29;12;8;55;505;5;46;496;662;119;470;634;6284;68743;342;4636;69188;88461;14487
FR;9;2022-10-30;2;1;8;58;1;8;58;82;16;472;635;6292;68801;343;4644;69246;88543;14503
FR;9;2022-10-31;13;7;105;660;9;59;695;996;240;485;642;6397;69461;352;4703;69941;89539;14743
FR;9;2022-11-01;1;1;15;43;0;11;49;71;11;486;643;6412;69504;352;4714;69990;89610;14754
FR;9;2022-11-02;7;12;102;1027;4;76;1045;1577;452;493;655;6514;70531;356;4790;71035;91187;15206
FR;9;2022-11-03;17;18;157;1599;16;92;1647;2348;599;510;673;6671;72130;372;4882;72682;93535;15805
FR;9;2022-11-04;21;19;193;1751;15;120;1800;2536;611;531;692;6864;73881;387;5002;74482;96071;16416
FR;9;2022-11-05;8;10;58;403;9;39;424;573;107;539;702;6922;74284;396;5041;74906;96644;16523
FR;9;2022-11-06;5;4;5;62;6;2;61;88;25;544;706;6927;74346;402;5043;74967;96732;16548
FR;9;2022-11-07;16;19;89;942;16;110;941;1489;432;560;725;7016;75288;418;5153;75908;98221;16980
FR;9;2022-11-08;11;19;171;1827;13;137;1815;2660;703;571;744;7187;77115;431;5290;77723;100881;17683
FR;9;2022-11-09;16;16;123;1261;9;98;1322;1878;453;587;760;7310;78376;440;5388;79045;102759;18136
FR;9;2022-11-10;13;22;162;1623;14;137;1621;2281;519;600;782;7472;79999;454;5525;80666;105040;18655
FR;9;2022-11-11;1;1;13;81;1;6;83;124;35;601;783;7485;80080;455;5531;80749;105164;18690
FR;9;2022-11-12;5;8;44;259;7;19;278;395;97;606;791;7529;80339;462;5550;81027;105559;18787
FR;9;2022-11-13;2;0;4;30;0;4;31;51;16;608;791;7533;80369;462;5554;81058;105610;18803
FR;9;2022-11-14;11;12;56;713;11;44;722;1108;339;619;803;7589;81082;473;5598;81780;106718;19142
FR;9;2022-11-15;18;16;150;1346;7;103;1356;2103;638;637;819;7739;82428;480;5701;83136;108821;19780
FR;9;2022-11-16;10;5;99;979;8;58;997;1490;431;647;824;7838;83407;488;5759;84133;110311;20211
FR;9;2022-11-17;9;17;126;1086;11;78;1111;1695;501;656;841;7964;84493;499;5837;85244;112006;20712
FR;9;2022-11-18;7;16;120;1440;5;78;1455;2027;492;663;857;8084;85933;504;5915;86699;114033;21204
FR;9;2022-11-19;3;5;51;364;1;28;351;490;106;666;862;8135;86297;505;5943;87050;114523;21310
FR;9;2022-11-20;1;0;5;37;0;3;35;54;16;667;862;8140;86334;505;5946;87085;114577;21326
FR;9;2022-11-21;9;12;66;636;5;51;639;960;263;676;874;8206;86970;510;5997;87724;115537;21589
FR;9;2022-11-22;15;12;121;1037;13;74;1067;1592;449;691;886;8327;88007;523;6071;88791;117129;22038
FR;9;2022-11-23;7;10;69;734;5;33;761;1171;372;698;896;8396;88741;528;6104;89552;118300;22410
FR;9;2022-11-24;8;19;93;979;14;68;992;1472;406;706;915;8489;89720;542;6172;90544;119772;22816
FR;9;2022-11-25;8;11;107;1180;9;82;1195;1781;503;714;926;8596;90900;551;6254;91739;121553;23319
FR;9;2022-11-26;6;6;35;217;7;24;214;310;68;720;932;8631;91117;558;6278;91953;121863;23387
FR;9;2022-11-27;1;1;6;42;0;2;46;82;34;721;933;8637;91159;558;6280;91999;121945;23421
FR;9;2022-11-28;5;7;103;698;7;60;726;1135;344;726;940;8740;91857;565;6340;92725;123080;23765
FR;9;2022-11-29;6;18;142;1299;6;89;1327;1942;521;732;958;8882;93156;571;6429;94052;125022;24286
FR;9;2022-11-30;9;12;99;1032;5;76;1055;1606;470;741;970;8981;94188;576;6505;95107;126628;24756
FR;9;2022-12-01;16;14;112;1345;8;80;1331;1970;554;757;984;9093;95533;584;6585;96438;128598;25310
FR;9;2022-12-02;10;13;193;1817;10;107;1818;2631;700;767;997;9286;97350;594;6692;98256;131229;26010
FR;9;2022-12-03;7;9;79;619;5;41;632;887;208;774;1006;9365;97969;599;6733;98888;132116;26218
FR;9;2022-12-04;11;4;15;105;5;8;105;153;40;785;1010;9380;98074;604;6741;98993;132269;26258
FR;9;2022-12-05;21;24;144;1406;18;98;1421;2110;584;806;1034;9524;99480;622;6839;100414;134379;26842
FR;9;2022-12-06;30;21;264;2453;21;148;2548;3812;1097;836;1055;9788;101933;643;6987;102962;138191;27939
FR;9;2022-12-07;15;22;181;1848;20;112;1890;2826;814;851;1077;9969;103781;663;7099;104852;141017;28753
FR;9;2022-12-08;14;22;222;2404;15;125;2467;3701;1092;865;1099;10191;106185;678;7224;107319;144718;29845
FR;9;2022-12-09;14;25;287;2888;10;143;2986;4337;1200;879;1124;10478;109073;688;7367;110305;149055;31045
FR;9;2022-12-10;12;13;122;1324;5;56;1347;1819;410;891;1137;10600;110397;693;7423;111652;150874;31455
FR;9;2022-12-11;5;5;21;277;6;10;283;363;66;896;1142;10621;110674;699;7433;111935;151237;31521
FR;9;2022-12-12;17;14;215;1958;12;109;2032;2892;746;913;1156;10836;112632;711;7542;113967;154129;32267
FR;9;2022-12-13;28;23;317;3085;15;151;3221;4720;1337;941;1179;11153;115717;726;7693;117188;158849;33604
FR;9;2022-12-14;15;10;191;2335;8;94;2405;3505;989;956;1189;11344;118052;734;7787;119593;162354;34593
FR;9;2022-12-15;17;24;257;2611;13;138;2682;4069;1238;973;1213;11601;120663;747;7925;122275;166423;35831
FR;9;2022-12-16;15;29;294;3072;21;165;3155;4603;1274;988;1242;11895;123735;768;8090;125430;171026;37105
FR;9;2022-12-17;8;11;106;1193;6;50;1208;1664;402;996;1253;12001;124928;774;8140;126638;172690;37507
FR;9;2022-12-18;1;7;30;245;6;14;251;333;67;997;1260;12031;125173;780;8154;126889;173023;37574
FR;9;2022-12-19;20;21;149;1599;15;78;1631;2507;789;1017;1281;12180;126772;795;8232;128520;175530;38363
FR;9;2022-12-20;21;19;232;2306;6;115;2349;3708;1233;1038;1300;12412;129078;801;8347;130869;179238;39596
FR;9;2022-12-21;6;14;139;1501;7;66;1554;2402;775;1044;1314;12551;130579;808;8413;132423;181640;40371
FR;9;2022-12-22;19;9;136;1402;9;78;1418;2119;615;1063;1323;12687;131981;817;8491;133841;183759;40986
FR;9;2022-12-23;11;15;77;728;9;51;730;1092;305;1074;1338;12764;132709;826;8542;134571;184851;41291
FR;9;2022-12-24;1;5;13;96;4;6;98;138;34;1075;1343;12777;132805;830;8548;134669;184989;41325
FR;9;2022-12-25;1;0;5;5;0;4;6;12;2;1076;1343;12782;132810;830;8552;134675;185001;41327
FR;9;2022-12-26;17;8;64;547;11;37;554;829;235;1093;1351;12846;133357;841;8589;135229;185830;41562
FR;9;2022-12-27;12;30;97;882;14;69;917;1422;430;1105;1381;12943;134239;855;8658;136146;187252;41992
FR;9;2022-12-28;8;9;82;749;8;40;768;1185;372;1113;1390;13025;134988;863;8698;136914;188437;42364
FR;9;2022-12-29;9;14;92;720;10;51;753;1135;324;1122;1404;13117;135708;873;8749;137667;189572;42688
FR;9;2022-12-30;12;17;77;592;9;47;612;899;237;1134;1421;13194;136300;882;8796;138279;190471;42925
FR;9;2022-12-31;2;3;17;136;2;12;139;190;38;1136;1424;13211;136436;884;8808;138418;190661;42963
FR;9;2023-01-01;0;2;3;19;1;4;19;31;8;1136;1426;13214;136455;885;8812;138437;190692;42971
FR;9;2023-01-02;11;11;56;592;4;40;585;949;320;1147;1437;13270;137047;889;8852;139022;191641;43291
FR;9;2023-01-03;19;20;122;1079;20;75;1101;1940;749;1166;1457;13392;138126;909;8927;140123;193581;44040
FR;9;2023-01-04;21;18;113;846;8;73;898;1609;633;1187;1475;13505;138972;917;9000;141021;195190;44673
FR;9;2023-01-05;5;20;115;1059;11;65;1091;2048;882;1192;1495;13620;140031;928;9065;142112;197238;45555
FR;9;2023-01-06;13;17;152;1370;4;73;1388;2410;938;1205;1512;13772;141401;932;9138;143500;199648;46493
FR;9;2023-01-07;6;13;58;436;14;36;427;687;220;1211;1525;13830;141837;946;9174;143927;200335;46713
FR;9;2023-01-08;4;11;15;92;9;12;91;137;32;1215;1536;13845;141929;955;9186;144018;200472;46745
FR;9;2023-01-09;16;15;87;623;9;62;615;1276;586;1231;1551;13932;142552;964;9248;144633;201748;47331
FR;9;2023-01-10;13;12;154;979;11;74;1033;1990;871;1244;1563;14086;143531;975;9322;145666;203738;48202
FR;9;2023-01-11;19;9;74;680;10;49;689;1387;643;1263;1572;14160;144211;985;9371;146355;205125;48845
FR;9;2023-01-12;21;9;92;845;3;77;823;1688;775;1284;1581;14252;145056;988;9448;147178;206813;49620
FR;9;2023-01-13;15;19;106;888;12;73;910;1784;785;1299;1600;14358;145944;1000;9521;148088;208597;50405
FR;9;2023-01-14;9;9;55;294;5;33;299;585;247;1308;1609;14413;146238;1005;9554;148387;209182;50652
FR;9;2023-01-15;1;3;15;37;0;9;41;82;32;1309;1612;14428;146275;1005;9563;148428;209264;50684
FR;9;2023-01-16;6;15;54;366;13;24;383;785;371;1315;1627;14482;146641;1018;9587;148811;210049;51055
FR;9;2023-01-17;7;9;83;563;4;49;577;1244;609;1322;1636;14565;147204;1022;9636;149388;211293;51664
FR;9;2023-01-18;8;14;37;380;6;32;397;841;405;1330;1650;14602;147584;1028;9668;149785;212134;52069
FR;9;2023-01-19;10;9;58;477;8;30;478;1088;569;1340;1659;14660;148061;1036;9698;150263;213222;52638
FR;9;2023-01-20;15;19;96;578;16;57;595;1190;534;1355;1678;14756;148639;1052;9755;150858;214412;53172
FR;9;2023-01-21;8;15;20;192;11;13;190;347;140;1363;1693;14776;148831;1063;9768;151048;214759;53312
FR;9;2023-01-22;0;0;8;20;0;5;21;42;16;1363;1693;14784;148851;1063;9773;151069;214801;53328
FR;9;2023-01-23;4;15;27;253;9;25;242;563;287;1367;1708;14811;149104;1072;9798;151311;215364;53615
FR;9;2023-01-24;11;10;70;461;9;42;484;1162;633;1378;1718;14881;149565;1081;9840;151795;216526;54248
FR;9;2023-01-25;11;20;50;325;9;47;336;798;410;1389;1738;14931;149890;1090;9887;152131;217324;54658
FR;9;2023-01-26;7;17;64;391;8;50;390;967;515;1396;1755;14995;150281;1098;9937;152521;218291;55173
FR;9;2023-01-27;4;7;59;381;3;31;397;906;462;1400;1762;15054;150662;1101;9968;152918;219197;55635
FR;9;2023-01-28;3;6;31;128;5;27;120;265;116;1403;1768;15085;150790;1106;9995;153038;219462;55751
FR;9;2023-01-29;3;0;3;18;2;1;17;40;22;1406;1768;15088;150808;1108;9996;153055;219502;55773
FR;9;2023-01-30;4;6;31;192;5;11;211;501;272;1410;1774;15119;151000;1113;10007;153266;220003;56045
FR;9;2023-01-31;14;7;38;260;8;18;264;649;359;1424;1781;15157;151260;1121;10025;153530;220652;56404
FR;9;2023-02-01;5;7;26;173;4;20;179;519;309;1429;1788;15183;151433;1125;10045;153709;221171;56713
FR;9;2023-02-02;4;6;31;252;6;23;233;666;395;1433;1794;15214;151685;1131;10068;153942;221837;57108
FR;9;2023-02-03;8;13;42;289;10;37;275;677;355;1441;1807;15256;151974;1141;10105;154217;222514;57463
FR;9;2023-02-04;6;5;10;70;7;8;68;160;84;1447;1812;15266;152044;1148;10113;154285;222674;57547
FR;9;2023-02-05;1;1;4;7;0;4;7;17;6;1448;1813;15270;152051;1148;10117;154292;222691;57553
FR;9;2023-02-06;3;5;17;81;4;15;78;229;134;1451;1818;15287;152132;1152;10132;154370;222920;57687
FR;9;2023-02-07;3;5;30;139;3;21;134;424;263;1454;1823;15317;152271;1155;10153;154504;223344;57950
FR;9;2023-02-08;4;6;25;116;3;13;125;301;160;1458;1829;15342;152387;1158;10166;154629;223645;58110
FR;9;2023-02-09;8;3;20;138;4;14;123;339;198;1466;1832;15362;152525;1162;10180;154752;223984;58308
FR;9;2023-02-10;8;8;19;149;10;11;145;314;152;1474;1840;15381;152674;1172;10191;154897;224298;58460
FR;9;2023-02-11;5;4;14;42;3;9;47;84;28;1479;1844;15395;152716;1175;10200;154944;224382;58488
FR;9;2023-02-12;0;0;0;1;0;0;1;8;7;1479;1844;15395;152717;1175;10200;154945;224390;58495
FR;9;2023-02-13;3;8;5;50;8;4;45;107;55;1482;1852;15400;152767;1183;10204;154990;224497;58550
FR;9;2023-02-14;10;10;16;66;10;13;63;225;146;1492;1862;15416;152833;1193;10217;155053;224722;58696
FR;9;2023-02-15;1;5;16;52;3;12;50;162;99;1493;1867;15432;152885;1196;10229;155103;224884;58795
FR;9;2023-02-16;4;6;19;77;1;17;78;197;93;1497;1873;15451;152962;1197;10246;155181;225081;58888
FR;9;2023-02-17;6;4;15;62;5;11;64;178;99;1503;1877;15466;153024;1202;10257;155245;225259;58987
FR;9;2023-02-18;1;5;1;30;5;3;25;58;29;1504;1882;15467;153054;1207;10260;155270;225317;59016
FR;9;2023-02-19;1;0;0;1;0;0;1;3;2;1505;1882;15467;153055;1207;10260;155271;225320;59018
FR;9;2023-02-20;2;3;9;60;2;6;60;123;55;1507;1885;15476;153115;1209;10266;155331;225443;59073
FR;9;2023-02-21;6;9;11;65;7;10;65;160;83;1513;1894;15487;153180;1216;10276;155396;225603;59156
FR;9;2023-02-22;2;4;18;70;3;13;72;210;118;1515;1898;15505;153250;1219;10289;155468;225813;59274
FR;9;2023-02-23;5;3;17;63;1;12;69;146;61;1520;1901;15522;153313;1220;10301;155537;225959;59335
FR;9;2023-02-24;6;4;13;80;5;8;83;211;114;1526;1905;15535;153393;1225;10309;155620;226170;59449
FR;9;2023-02-25;2;2;10;14;4;4;23;43;16;1528;1907;15545;153407;1229;10313;155643;226213;59465
FR;9;2023-02-26;3;1;0;4;3;1;4;5;0;1531;1908;15545;153411;1232;10314;155647;226218;59465
FR;9;2023-02-27;2;3;5;17;3;2;19;49;26;1533;1911;15550;153428;1235;10316;155666;226267;59491
FR;9;2023-02-28;7;13;18;55;11;16;58;155;76;1540;1924;15568;153483;1246;10332;155724;226422;59567
FR;9;2023-03-01;0;9;6;20;7;7;20;78;48;1540;1933;15574;153503;1253;10339;155744;226500;59615
FR;9;2023-03-02;0;1;7;31;1;2;36;80;41;1540;1934;15581;153534;1254;10341;155780;226580;59656
FR;9;2023-03-03;1;4;9;47;3;7;48;122;67;1541;1938;15590;153581;1257;10348;155828;226702;59723
FR;9;2023-03-04;1;2;7;19;1;4;25;41;10;1542;1940;15597;153600;1258;10352;155853;226743;59733
FR;9;2023-03-05;0;1;1;0;1;0;1;8;7;1542;1941;15598;153600;1259;10352;155854;226751;59740
FR;9;2023-03-06;1;6;6;8;3;6;9;35;19;1543;1947;15604;153608;1262;10358;155863;226786;59759
FR;9;2023-03-07;2;4;8;20;0;9;24;69;34;1545;1951;15612;153628;1262;10367;155887;226855;59793
FR;9;2023-03-08;2;4;10;6;4;4;13;39;20;1547;1955;15622;153634;1266;10371;155900;226894;59813
FR;9;2023-03-09;1;3;9;12;2;6;17;65;42;1548;1958;15631;153646;1268;10377;155917;226959;59855
FR;9;2023-03-10;3;3;6;23;3;4;20;70;44;1551;1961;15637;153669;1271;10381;155937;227029;59899
FR;9;2023-03-11;2;3;4;8;2;1;11;15;3;1553;1964;15641;153677;1273;10382;155948;227044;59902
FR;9;2023-03-12;0;1;0;0;1;0;0;0;0;1553;1965;15641;153677;1274;10382;155948;227044;59902
FR;9;2023-03-13;3;5;9;34;3;4;14;49;29;1556;1970;15650;153711;1277;10386;155962;227093;59931
FR;9;2023-03-14;3;3;7;27;1;6;29;79;41;1559;1973;15657;153738;1278;10392;155991;227172;59972
FR;9;2023-03-15;0;6;4;15;4;4;17;47;24;1559;1979;15661;153753;1282;10396;156008;227219;59996
FR;9;2023-03-16;0;9;7;15;5;8;15;77;52;1559;1988;15668;153768;1287;10404;156023;227296;60048
FR;9;2023-03-17;0;7;6;40;3;8;27;113;71;1559;1995;15674;153808;1290;10412;156050;227409;60119
FR;9;2023-03-18;2;2;5;13;1;4;16;48;26;1561;1997;15679;153821;1291;10416;156066;227457;60145
FR;9;2023-03-19;0;1;0;0;1;0;0;0;0;1561;1998;15679;153821;1292;10416;156066;227457;60145
FR;9;2023-03-20;3;7;1;25;6;1;13;54;40;1564;2005;15680;153846;1298;10417;156079;227511;60185
FR;9;2023-03-21;1;1;6;16;1;1;21;69;47;1565;2006;15686;153862;1299;10418;156100;227580;60232
FR;9;2023-03-22;1;2;4;19;2;2;22;78;49;1566;2008;15690;153881;1301;10420;156122;227658;60281
FR;9;2023-03-23;0;6;7;22;4;7;21;56;25;1566;2014;15697;153903;1305;10427;156143;227714;60306
FR;9;2023-03-24;2;2;5;25;2;5;26;53;19;1568;2016;15702;153928;1307;10432;156169;227767;60325
FR;9;2023-03-25;0;0;4;6;0;3;8;16;5;1568;2016;15706;153934;1307;10435;156177;227783;60330
FR;9;2023-03-26;0;1;0;0;0;1;0;2;1;1568;2017;15706;153934;1307;10436;156177;227785;60331
FR;9;2023-03-27;0;3;4;8;2;2;12;32;15;1568;2020;15710;153942;1309;10438;156189;227817;60346
FR;9;2023-03-28;5;13;6;17;12;7;16;49;22;1573;2033;15716;153959;1321;10445;156205;227866;60368
FR;9;2023-03-29;3;6;8;5;2;8;8;28;12;1576;2039;15724;153964;1323;10453;156213;227894;60380
FR;9;2023-03-30;2;2;2;17;2;3;17;43;20;1578;2041;15726;153981;1325;10456;156230;227937;60400
FR;9;2023-03-31;0;3;2;18;1;6;15;45;22;1578;2044;15728;153999;1326;10462;156245;227982;60422
FR;9;2023-04-01;0;1;5;2;0;4;5;12;3;1578;2045;15733;154001;1326;10466;156250;227994;60425
FR;9;2023-04-02;3;0;1;0;0;1;0;3;2;1581;2045;15734;154001;1326;10467;156250;227997;60427
FR;9;2023-04-03;0;1;3;13;0;4;10;53;34;1581;2046;15737;154014;1326;10471;156260;228050;60461
FR;9;2023-04-04;4;4;11;18;2;7;22;61;29;1585;2050;15748;154032;1328;10478;156282;228111;60490
FR;9;2023-04-05;0;2;5;27;1;3;32;78;39;1585;2052;15753;154059;1329;10481;156314;228189;60529
FR;9;2023-04-06;0;0;4;13;0;2;16;42;23;1585;2052;15757;154072;1329;10483;156330;228231;60552
FR;9;2023-04-07;1;6;1;7;2;4;7;34;19;1586;2058;15758;154079;1331;10487;156337;228265;60571
FR;9;2023-04-08;0;1;2;1;0;1;3;7;2;1586;2059;15760;154080;1331;10488;156340;228272;60573
FR;9;2023-04-09;0;1;0;0;1;0;0;2;1;1586;2060;15760;154080;1332;10488;156340;228274;60574
FR;9;2023-04-10;0;1;1;5;1;1;5;6;0;1586;2061;15761;154085;1333;10489;156345;228280;60574
FR;9;2023-04-11;2;5;4;9;4;3;8;22;8;1588;2066;15765;154094;1337;10492;156353;228302;60582
FR;9;2023-04-12;1;2;6;8;2;4;10;41;24;1589;2068;15771;154102;1339;10496;156363;228343;60606
FR;9;2023-04-13;0;0;2;4;0;2;4;15;9;1589;2068;15773;154106;1339;10498;156367;228358;60615
FR;9;2023-04-14;1;4;7;10;1;6;12;38;13;1590;2072;15780;154116;1340;10504;156379;228396;60628
FR;9;2023-04-15;0;1;2;2;1;1;2;7;4;1590;2073;15782;154118;1341;10505;156381;228403;60632
FR;9;2023-04-16;0;1;0;0;1;0;0;0;0;1590;2074;15782;154118;1342;10505;156381;228403;60632
FR;9;2023-04-17;1;2;6;11;2;2;14;44;21;1591;2076;15788;154129;1344;10507;156395;228447;60653
FR;9;2023-04-18;2;1;3;8;1;2;9;34;21;1593;2077;15791;154137;1345;10509;156404;228481;60674
FR;9;2023-04-19;1;0;2;4;0;2;4;28;16;1594;2077;15793;154141;1345;10511;156408;228509;60690
FR;9;2023-04-20;1;0;2;6;0;2;6;24;13;1595;2077;15795;154147;1345;10513;156414;228533;60703
FR;9;2023-04-21;0;2;2;4;1;3;7;30;15;1595;2079;15797;154151;1346;10516;156421;228563;60718
FR;9;2023-04-22;0;1;0;2;1;0;2;3;1;1595;2080;15797;154153;1347;10516;156423;228566;60719
FR;9;2023-04-23;0;0;0;0;0;0;0;1;0;1595;2080;15797;154153;1347;10516;156423;228567;60719
FR;9;2023-04-24;1;3;3;13;3;3;11;26;9;1596;2083;15800;154166;1350;10519;156434;228593;60728
FR;9;2023-04-25;1;2;5;11;2;1;16;87;43;1597;2085;15805;154177;1352;10520;156450;228680;60771
FR;9;2023-04-26;5;0;4;9;0;5;4;13;3;1602;2085;15809;154186;1352;10525;156454;228693;60774
FR;9;2023-04-27;0;2;4;2;2;4;1;9;3;1602;2087;15813;154188;1354;10529;156455;228702;60777
FR;9;2023-04-28;0;0;0;0;0;0;0;4;4;1602;2087;15813;154188;1354;10529;156455;228706;60781
FR;9;2023-04-29;1;2;2;0;1;1;3;8;3;1603;2089;15815;154188;1355;10530;156458;228714;60784
FR;9;2023-04-30;0;0;0;0;0;0;0;0;0;1603;2089;15815;154188;1355;10530;156458;228714;60784
FR;9;2023-05-01;0;0;0;0;0;0;0;0;0;1603;2089;15815;154188;1355;10530;156458;228714;60784
FR;9;2023-05-02;1;1;3;2;0;3;3;18;7;1604;2090;15818;154190;1355;10533;156461;228732;60791
FR;9;2023-05-03;2;2;1;2;1;2;2;8;3;1606;2092;15819;154192;1356;10535;156463;228740;60794
FR;9;2023-05-04;0;1;2;2;1;2;3;9;2;1606;2093;15821;154194;1357;10537;156466;228749;60796
FR;9;2023-05-05;0;1;2;1;1;0;3;19;11;1606;2094;15823;154195;1358;10537;156469;228768;60807
FR;9;2023-05-06;0;0;0;0;0;0;0;3;2;1606;2094;15823;154195;1358;10537;156469;228771;60809
FR;9;2023-05-07;0;1;0;0;0;1;0;1;0;1606;2095;15823;154195;1358;10538;156469;228772;60809
FR;9;2023-05-08;0;0;0;0;0;0;0;0;0;1606;2095;15823;154195;1358;10538;156469;228772;60809
FR;9;2023-05-09;0;0;0;5;0;0;3;16;13;1606;2095;15823;154200;1358;10538;156472;228788;60822
FR;10;2020-12-27;0;0;0;0;0;0;0;0;0;0;0;0;0;0;0;0;0;0
FR;10;2020-12-28;0;0;0;0;0;0;0;0;0;0;0;0;0;0;0;0;0;0
FR;10;2020-12-29;0;0;0;0;0;0;0;0;0;0;0;0;0;0;0;0;0;0
FR;10;2020-12-30;0;0;0;0;0;0;0;0;0;0;0;0;0;0;0;0;0;0
FR;10;2020-12-31;0;0;0;0;0;0;0;0;0;0;0;0;0;0;0;0;0;0
FR;10;2021-01-01;0;0;0;0;0;0;0;0;0;0;0;0;0;0;0;0;0;0
FR;10;2021-01-02;0;0;0;0;0;0;0;0;0;0;0;0;0;0;0;0;0;0
FR;10;2021-01-03;0;0;0;0;0;0;0;0;0;0;0;0;0;0;0;0;0;0
FR;10;2021-01-04;0;0;0;0;0;0;0;0;0;0;0;0;0;0;0;0;0;0
FR;10;2021-01-05;0;0;0;0;0;0;0;0;0;0;0;0;0;0;0;0;0;0
FR;10;2021-01-06;0;0;0;0;0;0;0;0;0;0;0;0;0;0;0;0;0;0
FR;10;2021-01-07;0;0;0;0;0;0;0;0;0;0;0;0;0;0;0;0;0;0
FR;10;2021-01-08;0;0;0;0;0;0;0;0;0;0;0;0;0;0;0;0;0;0
FR;10;2021-01-09;0;0;0;0;0;0;0;0;0;0;0;0;0;0;0;0;0;0
FR;10;2021-01-10;0;0;0;0;0;0;0;0;0;0;0;0;0;0;0;0;0;0
FR;10;2021-01-11;0;0;0;0;0;0;0;0;0;0;0;0;0;0;0;0;0;0
FR;10;2021-01-12;0;0;0;0;0;0;0;0;0;0;0;0;0;0;0;0;0;0
FR;10;2021-01-13;0;0;0;0;0;0;0;0;0;0;0;0;0;0;0;0;0;0
FR;10;2021-01-14;0;0;0;0;0;0;0;0;0;0;0;0;0;0;0;0;0;0
FR;10;2021-01-15;0;0;0;0;0;0;0;0;0;0;0;0;0;0;0;0;0;0
FR;10;2021-01-16;0;0;0;0;0;0;0;0;0;0;0;0;0;0;0;0;0;0
FR;10;2021-01-17;0;0;0;0;0;0;0;0;0;0;0;0;0;0;0;0;0;0
FR;10;2021-01-18;0;0;0;0;0;0;0;0;0;0;0;0;0;0;0;0;0;0
FR;10;2021-01-19;0;0;0;0;0;0;0;0;0;0;0;0;0;0;0;0;0;0
FR;10;2021-01-20;0;0;0;0;0;0;0;0;0;0;0;0;0;0;0;0;0;0
FR;10;2021-01-21;0;0;0;0;0;0;0;0;0;0;0;0;0;0;0;0;0;0
FR;10;2021-01-22;0;0;0;0;0;0;0;0;0;0;0;0;0;0;0;0;0;0
FR;10;2021-01-23;0;0;0;0;0;0;0;0;0;0;0;0;0;0;0;0;0;0
FR;10;2021-01-24;0;0;0;0;0;0;0;0;0;0;0;0;0;0;0;0;0;0
FR;10;2021-01-25;0;0;0;0;0;0;0;0;0;0;0;0;0;0;0;0;0;0
FR;10;2021-01-26;0;0;0;0;0;0;0;0;0;0;0;0;0;0;0;0;0;0
FR;10;2021-01-27;0;0;0;0;0;0;0;0;0;0;0;0;0;0;0;0;0;0
FR;10;2021-01-28;0;0;0;0;0;0;0;0;0;0;0;0;0;0;0;0;0;0
FR;10;2021-01-29;0;0;0;0;0;0;0;0;0;0;0;0;0;0;0;0;0;0
FR;10;2021-01-30;0;0;0;0;0;0;0;0;0;0;0;0;0;0;0;0;0;0
FR;10;2021-01-31;0;0;0;0;0;0;0;0;0;0;0;0;0;0;0;0;0;0
FR;10;2021-02-01;0;0;0;0;0;0;0;0;0;0;0;0;0;0;0;0;0;0
FR;10;2021-02-02;0;0;0;0;0;0;0;0;0;0;0;0;0;0;0;0;0;0
FR;10;2021-02-03;0;0;0;0;0;0;0;0;0;0;0;0;0;0;0;0;0;0
FR;10;2021-02-04;0;0;0;0;0;0;0;0;0;0;0;0;0;0;0;0;0;0
FR;10;2021-02-05;0;0;0;0;0;0;0;0;0;0;0;0;0;0;0;0;0;0
FR;10;2021-02-06;0;0;0;0;0;0;0;0;0;0;0;0;0;0;0;0;0;0
FR;10;2021-02-07;0;0;0;0;0;0;0;0;0;0;0;0;0;0;0;0;0;0
FR;10;2021-02-08;0;0;0;0;0;0;0;0;0;0;0;0;0;0;0;0;0;0
FR;10;2021-02-09;0;0;0;0;0;0;0;0;0;0;0;0;0;0;0;0;0;0
FR;10;2021-02-10;0;0;0;0;0;0;0;0;0;0;0;0;0;0;0;0;0;0
FR;10;2021-02-11;0;0;0;0;0;0;0;0;0;0;0;0;0;0;0;0;0;0
FR;10;2021-02-12;0;0;0;0;0;0;0;0;0;0;0;0;0;0;0;0;0;0
FR;10;2021-02-13;0;0;0;0;0;0;0;0;0;0;0;0;0;0;0;0;0;0
FR;10;2021-02-14;0;0;0;0;0;0;0;0;0;0;0;0;0;0;0;0;0;0
FR;10;2021-02-15;0;0;0;0;0;0;0;0;0;0;0;0;0;0;0;0;0;0
FR;10;2021-02-16;0;0;0;0;0;0;0;0;0;0;0;0;0;0;0;0;0;0
FR;10;2021-02-17;0;0;0;0;0;0;0;0;0;0;0;0;0;0;0;0;0;0
FR;10;2021-02-18;0;0;0;0;0;0;0;0;0;0;0;0;0;0;0;0;0;0
FR;10;2021-02-19;0;0;0;0;0;0;0;0;0;0;0;0;0;0;0;0;0;0
FR;10;2021-02-20;0;0;0;0;0;0;0;0;0;0;0;0;0;0;0;0;0;0
FR;10;2021-02-21;0;0;0;0;0;0;0;0;0;0;0;0;0;0;0;0;0;0
FR;10;2021-02-22;0;0;0;0;0;0;0;0;0;0;0;0;0;0;0;0;0;0
FR;10;2021-02-23;0;0;0;0;0;0;0;0;0;0;0;0;0;0;0;0;0;0
FR;10;2021-02-24;0;0;0;0;0;0;0;0;0;0;0;0;0;0;0;0;0;0
FR;10;2021-02-25;0;0;0;0;0;0;0;0;0;0;0;0;0;0;0;0;0;0
FR;10;2021-02-26;0;0;0;0;0;0;0;0;0;0;0;0;0;0;0;0;0;0
FR;10;2021-02-27;0;0;0;0;0;0;0;0;0;0;0;0;0;0;0;0;0;0
FR;10;2021-02-28;0;0;0;0;0;0;0;0;0;0;0;0;0;0;0;0;0;0
FR;10;2021-03-01;0;0;0;0;0;0;0;0;0;0;0;0;0;0;0;0;0;0
FR;10;2021-03-02;0;0;0;0;0;0;0;0;0;0;0;0;0;0;0;0;0;0
FR;10;2021-03-03;0;0;0;0;0;0;0;0;0;0;0;0;0;0;0;0;0;0
FR;10;2021-03-04;0;0;0;0;0;0;0;0;0;0;0;0;0;0;0;0;0;0
FR;10;2021-03-05;0;0;0;0;0;0;0;0;0;0;0;0;0;0;0;0;0;0
FR;10;2021-03-06;0;0;0;0;0;0;0;0;0;0;0;0;0;0;0;0;0;0
FR;10;2021-03-07;0;0;0;0;0;0;0;0;0;0;0;0;0;0;0;0;0;0
FR;10;2021-03-08;0;0;0;0;0;0;0;0;0;0;0;0;0;0;0;0;0;0
FR;10;2021-03-09;0;0;0;0;0;0;0;0;0;0;0;0;0;0;0;0;0;0
FR;10;2021-03-10;0;0;0;0;0;0;0;0;0;0;0;0;0;0;0;0;0;0
FR;10;2021-03-11;0;0;0;0;0;0;0;0;0;0;0;0;0;0;0;0;0;0
FR;10;2021-03-12;0;0;0;0;0;0;0;0;0;0;0;0;0;0;0;0;0;0
FR;10;2021-03-13;0;0;0;0;0;0;0;0;0;0;0;0;0;0;0;0;0;0
FR;10;2021-03-14;0;0;0;0;0;0;0;0;0;0;0;0;0;0;0;0;0;0
FR;10;2021-03-15;0;0;0;0;0;0;0;0;0;0;0;0;0;0;0;0;0;0
FR;10;2021-03-16;0;0;0;0;0;0;0;0;0;0;0;0;0;0;0;0;0;0
FR;10;2021-03-17;0;0;0;0;0;0;0;0;0;0;0;0;0;0;0;0;0;0
FR;10;2021-03-18;0;0;0;0;0;0;0;0;0;0;0;0;0;0;0;0;0;0
FR;10;2021-03-19;0;0;0;0;0;0;0;0;0;0;0;0;0;0;0;0;0;0
FR;10;2021-03-20;0;0;0;0;0;0;0;0;0;0;0;0;0;0;0;0;0;0
FR;10;2021-03-21;0;0;0;0;0;0;0;0;0;0;0;0;0;0;0;0;0;0
FR;10;2021-03-22;0;0;0;0;0;0;0;0;0;0;0;0;0;0;0;0;0;0
FR;10;2021-03-23;0;0;0;0;0;0;0;0;0;0;0;0;0;0;0;0;0;0
FR;10;2021-03-24;0;0;0;0;0;0;0;0;0;0;0;0;0;0;0;0;0;0
FR;10;2021-03-25;0;0;0;0;0;0;0;0;0;0;0;0;0;0;0;0;0;0
FR;10;2021-03-26;0;0;0;0;0;0;0;0;0;0;0;0;0;0;0;0;0;0
FR;10;2021-03-27;0;0;0;0;0;0;0;0;0;0;0;0;0;0;0;0;0;0
FR;10;2021-03-28;0;0;0;0;0;0;0;0;0;0;0;0;0;0;0;0;0;0
FR;10;2021-03-29;0;0;0;0;0;0;0;0;0;0;0;0;0;0;0;0;0;0
FR;10;2021-03-30;0;0;0;0;0;0;0;0;0;0;0;0;0;0;0;0;0;0
FR;10;2021-03-31;0;0;0;0;0;0;0;0;0;0;0;0;0;0;0;0;0;0
FR;10;2021-04-01;0;0;0;0;0;0;0;0;0;0;0;0;0;0;0;0;0;0
FR;10;2021-04-02;0;0;0;0;0;0;0;0;0;0;0;0;0;0;0;0;0;0
FR;10;2021-04-03;0;0;0;0;0;0;0;0;0;0;0;0;0;0;0;0;0;0
FR;10;2021-04-04;0;0;0;0;0;0;0;0;0;0;0;0;0;0;0;0;0;0
FR;10;2021-04-05;0;0;0;0;0;0;0;0;0;0;0;0;0;0;0;0;0;0
FR;10;2021-04-06;0;0;0;0;0;0;0;0;0;0;0;0;0;0;0;0;0;0
FR;10;2021-04-07;0;0;0;0;0;0;0;0;0;0;0;0;0;0;0;0;0;0
FR;10;2021-04-08;0;0;0;0;0;0;0;0;0;0;0;0;0;0;0;0;0;0
FR;10;2021-04-09;0;0;0;0;0;0;0;0;0;0;0;0;0;0;0;0;0;0
FR;10;2021-04-10;0;0;0;0;0;0;0;0;0;0;0;0;0;0;0;0;0;0
FR;10;2021-04-11;0;0;0;0;0;0;0;0;0;0;0;0;0;0;0;0;0;0
FR;10;2021-04-12;0;0;0;0;0;0;0;0;0;0;0;0;0;0;0;0;0;0
FR;10;2021-04-13;0;0;0;0;0;0;0;0;0;0;0;0;0;0;0;0;0;0
FR;10;2021-04-14;0;0;0;0;0;0;0;0;0;0;0;0;0;0;0;0;0;0
FR;10;2021-04-15;0;0;0;0;0;0;0;0;0;0;0;0;0;0;0;0;0;0
FR;10;2021-04-16;0;0;0;0;0;0;0;0;0;0;0;0;0;0;0;0;0;0
FR;10;2021-04-17;0;0;0;0;0;0;0;0;0;0;0;0;0;0;0;0;0;0
FR;10;2021-04-18;0;0;0;0;0;0;0;0;0;0;0;0;0;0;0;0;0;0
FR;10;2021-04-19;0;0;0;0;0;0;0;0;0;0;0;0;0;0;0;0;0;0
FR;10;2021-04-20;0;0;0;0;0;0;0;0;0;0;0;0;0;0;0;0;0;0
FR;10;2021-04-21;0;0;0;0;0;0;0;0;0;0;0;0;0;0;0;0;0;0
FR;10;2021-04-22;0;0;0;0;0;0;0;0;0;0;0;0;0;0;0;0;0;0
FR;10;2021-04-23;0;0;0;0;0;0;0;0;0;0;0;0;0;0;0;0;0;0
FR;10;2021-04-24;0;0;0;0;0;0;0;0;0;0;0;0;0;0;0;0;0;0
FR;10;2021-04-25;0;0;0;0;0;0;0;0;0;0;0;0;0;0;0;0;0;0
FR;10;2021-04-26;0;0;0;0;0;0;0;0;0;0;0;0;0;0;0;0;0;0
FR;10;2021-04-27;0;0;0;0;0;0;0;0;0;0;0;0;0;0;0;0;0;0
FR;10;2021-04-28;0;0;0;0;0;0;0;0;0;0;0;0;0;0;0;0;0;0
FR;10;2021-04-29;0;0;0;0;0;0;0;0;0;0;0;0;0;0;0;0;0;0
FR;10;2021-04-30;0;0;0;0;0;0;0;0;0;0;0;0;0;0;0;0;0;0
FR;10;2021-05-01;0;0;0;0;0;0;0;0;0;0;0;0;0;0;0;0;0;0
FR;10;2021-05-02;0;0;0;0;0;0;0;0;0;0;0;0;0;0;0;0;0;0
FR;10;2021-05-03;0;0;0;0;0;0;0;0;0;0;0;0;0;0;0;0;0;0
FR;10;2021-05-04;0;0;0;0;0;0;0;0;0;0;0;0;0;0;0;0;0;0
FR;10;2021-05-05;0;0;0;0;0;0;0;0;0;0;0;0;0;0;0;0;0;0
FR;10;2021-05-06;0;0;0;0;0;0;0;0;0;0;0;0;0;0;0;0;0;0
FR;10;2021-05-07;0;0;0;0;0;0;0;0;0;0;0;0;0;0;0;0;0;0
FR;10;2021-05-08;0;0;0;0;0;0;0;0;0;0;0;0;0;0;0;0;0;0
FR;10;2021-05-09;0;0;0;0;0;0;0;0;0;0;0;0;0;0;0;0;0;0
FR;10;2021-05-10;0;0;0;0;0;0;0;0;0;0;0;0;0;0;0;0;0;0
FR;10;2021-05-11;0;0;0;0;0;0;0;0;0;0;0;0;0;0;0;0;0;0
FR;10;2021-05-12;0;0;0;0;0;0;0;0;0;0;0;0;0;0;0;0;0;0
FR;10;2021-05-13;0;0;0;0;0;0;0;0;0;0;0;0;0;0;0;0;0;0
FR;10;2021-05-14;0;0;0;0;0;0;0;0;0;0;0;0;0;0;0;0;0;0
FR;10;2021-05-15;0;0;0;0;0;0;0;0;0;0;0;0;0;0;0;0;0;0
FR;10;2021-05-16;0;0;0;0;0;0;0;0;0;0;0;0;0;0;0;0;0;0
FR;10;2021-05-17;0;0;0;0;0;0;0;0;0;0;0;0;0;0;0;0;0;0
FR;10;2021-05-18;0;0;0;0;0;0;0;0;0;0;0;0;0;0;0;0;0;0
FR;10;2021-05-19;0;0;0;0;0;0;0;0;0;0;0;0;0;0;0;0;0;0
FR;10;2021-05-20;0;0;0;0;0;0;0;0;0;0;0;0;0;0;0;0;0;0
FR;10;2021-05-21;0;0;0;0;0;0;0;0;0;0;0;0;0;0;0;0;0;0
FR;10;2021-05-22;0;0;0;0;0;0;0;0;0;0;0;0;0;0;0;0;0;0
FR;10;2021-05-23;0;0;0;0;0;0;0;0;0;0;0;0;0;0;0;0;0;0
FR;10;2021-05-24;0;0;0;0;0;0;0;0;0;0;0;0;0;0;0;0;0;0
FR;10;2021-05-25;0;0;0;0;0;0;0;0;0;0;0;0;0;0;0;0;0;0
FR;10;2021-05-26;0;0;0;0;0;0;0;0;0;0;0;0;0;0;0;0;0;0
FR;10;2021-05-27;0;0;0;0;0;0;0;0;0;0;0;0;0;0;0;0;0;0
FR;10;2021-05-28;0;0;0;0;0;0;0;0;0;0;0;0;0;0;0;0;0;0
FR;10;2021-05-29;0;0;0;0;0;0;0;0;0;0;0;0;0;0;0;0;0;0
FR;10;2021-05-30;0;0;0;0;0;0;0;0;0;0;0;0;0;0;0;0;0;0
FR;10;2021-05-31;0;0;0;0;0;0;0;0;0;0;0;0;0;0;0;0;0;0
FR;10;2021-06-01;0;0;0;0;0;0;0;0;0;0;0;0;0;0;0;0;0;0
FR;10;2021-06-02;0;0;0;0;0;0;0;0;0;0;0;0;0;0;0;0;0;0
FR;10;2021-06-03;0;0;0;0;0;0;0;0;0;0;0;0;0;0;0;0;0;0
FR;10;2021-06-04;0;0;0;0;0;0;0;0;0;0;0;0;0;0;0;0;0;0
FR;10;2021-06-05;0;0;0;0;0;0;0;0;0;0;0;0;0;0;0;0;0;0
FR;10;2021-06-06;0;0;0;0;0;0;0;0;0;0;0;0;0;0;0;0;0;0
FR;10;2021-06-07;0;0;0;0;0;0;0;0;0;0;0;0;0;0;0;0;0;0
FR;10;2021-06-08;0;0;0;0;0;0;0;0;0;0;0;0;0;0;0;0;0;0
FR;10;2021-06-09;0;0;0;0;0;0;0;0;0;0;0;0;0;0;0;0;0;0
FR;10;2021-06-10;0;0;0;0;0;0;0;0;0;0;0;0;0;0;0;0;0;0
FR;10;2021-06-11;0;0;0;0;0;0;0;0;0;0;0;0;0;0;0;0;0;0
FR;10;2021-06-12;0;0;0;0;0;0;0;0;0;0;0;0;0;0;0;0;0;0
FR;10;2021-06-13;0;0;0;0;0;0;0;0;0;0;0;0;0;0;0;0;0;0
FR;10;2021-06-14;0;0;0;0;0;0;0;0;0;0;0;0;0;0;0;0;0;0
FR;10;2021-06-15;0;0;0;0;0;0;0;0;0;0;0;0;0;0;0;0;0;0
FR;10;2021-06-16;0;0;0;0;0;0;0;0;0;0;0;0;0;0;0;0;0;0
FR;10;2021-06-17;0;0;0;0;0;0;0;0;0;0;0;0;0;0;0;0;0;0
FR;10;2021-06-18;0;0;0;0;0;0;0;0;0;0;0;0;0;0;0;0;0;0
FR;10;2021-06-19;0;0;0;0;0;0;0;0;0;0;0;0;0;0;0;0;0;0
FR;10;2021-06-20;0;0;0;0;0;0;0;0;0;0;0;0;0;0;0;0;0;0
FR;10;2021-06-21;0;0;0;0;0;0;0;0;0;0;0;0;0;0;0;0;0;0
FR;10;2021-06-22;0;0;0;0;0;0;0;0;0;0;0;0;0;0;0;0;0;0
FR;10;2021-06-23;0;0;0;0;0;0;0;0;0;0;0;0;0;0;0;0;0;0
FR;10;2021-06-24;0;0;0;0;0;0;0;0;0;0;0;0;0;0;0;0;0;0
FR;10;2021-06-25;0;0;0;0;0;0;0;0;0;0;0;0;0;0;0;0;0;0
FR;10;2021-06-26;0;0;0;0;0;0;0;0;0;0;0;0;0;0;0;0;0;0
FR;10;2021-06-27;0;0;0;0;0;0;0;0;0;0;0;0;0;0;0;0;0;0
FR;10;2021-06-28;0;0;0;0;0;0;0;0;0;0;0;0;0;0;0;0;0;0
FR;10;2021-06-29;0;0;0;0;0;0;0;0;0;0;0;0;0;0;0;0;0;0
FR;10;2021-06-30;0;0;0;0;0;0;0;0;0;0;0;0;0;0;0;0;0;0
FR;10;2021-07-01;0;0;0;0;0;0;0;0;0;0;0;0;0;0;0;0;0;0
FR;10;2021-07-02;0;0;0;0;0;0;0;0;0;0;0;0;0;0;0;0;0;0
FR;10;2021-07-03;0;0;0;0;0;0;0;0;0;0;0;0;0;0;0;0;0;0
FR;10;2021-07-04;0;0;0;0;0;0;0;0;0;0;0;0;0;0;0;0;0;0
FR;10;2021-07-05;0;0;0;0;0;0;0;0;0;0;0;0;0;0;0;0;0;0
FR;10;2021-07-06;0;0;0;0;0;0;0;0;0;0;0;0;0;0;0;0;0;0
FR;10;2021-07-07;0;0;0;0;0;0;0;0;0;0;0;0;0;0;0;0;0;0
FR;10;2021-07-08;0;0;0;0;0;0;0;0;0;0;0;0;0;0;0;0;0;0
FR;10;2021-07-09;0;0;0;0;0;0;0;0;0;0;0;0;0;0;0;0;0;0
FR;10;2021-07-10;0;0;0;0;0;0;0;0;0;0;0;0;0;0;0;0;0;0
FR;10;2021-07-11;0;0;0;0;0;0;0;0;0;0;0;0;0;0;0;0;0;0
FR;10;2021-07-12;0;0;0;0;0;0;0;0;0;0;0;0;0;0;0;0;0;0
FR;10;2021-07-13;0;0;0;0;0;0;0;0;0;0;0;0;0;0;0;0;0;0
FR;10;2021-07-14;0;0;0;0;0;0;0;0;0;0;0;0;0;0;0;0;0;0
FR;10;2021-07-15;0;0;0;0;0;0;0;0;0;0;0;0;0;0;0;0;0;0
FR;10;2021-07-16;0;0;0;0;0;0;0;0;0;0;0;0;0;0;0;0;0;0
FR;10;2021-07-17;0;0;0;0;0;0;0;0;0;0;0;0;0;0;0;0;0;0
FR;10;2021-07-18;0;0;0;0;0;0;0;0;0;0;0;0;0;0;0;0;0;0
FR;10;2021-07-19;0;0;0;0;0;0;0;0;0;0;0;0;0;0;0;0;0;0
FR;10;2021-07-20;0;0;0;0;0;0;0;0;0;0;0;0;0;0;0;0;0;0
FR;10;2021-07-21;0;0;0;0;0;0;0;0;0;0;0;0;0;0;0;0;0;0
FR;10;2021-07-22;0;0;0;0;0;0;0;0;0;0;0;0;0;0;0;0;0;0
FR;10;2021-07-23;0;0;0;0;0;0;0;0;0;0;0;0;0;0;0;0;0;0
FR;10;2021-07-24;0;0;0;0;0;0;0;0;0;0;0;0;0;0;0;0;0;0
FR;10;2021-07-25;0;0;0;0;0;0;0;0;0;0;0;0;0;0;0;0;0;0
FR;10;2021-07-26;0;0;0;0;0;0;0;0;0;0;0;0;0;0;0;0;0;0
FR;10;2021-07-27;0;0;0;0;0;0;0;0;0;0;0;0;0;0;0;0;0;0
FR;10;2021-07-28;0;0;0;0;0;0;0;0;0;0;0;0;0;0;0;0;0;0
FR;10;2021-07-29;0;0;0;0;0;0;0;0;0;0;0;0;0;0;0;0;0;0
FR;10;2021-07-30;0;0;0;0;0;0;0;0;0;0;0;0;0;0;0;0;0;0
FR;10;2021-07-31;0;0;0;0;0;0;0;0;0;0;0;0;0;0;0;0;0;0
FR;10;2021-08-01;0;0;0;0;0;0;0;0;0;0;0;0;0;0;0;0;0;0
FR;10;2021-08-02;0;0;0;0;0;0;0;0;0;0;0;0;0;0;0;0;0;0
FR;10;2021-08-03;0;0;0;0;0;0;0;0;0;0;0;0;0;0;0;0;0;0
FR;10;2021-08-04;0;0;0;0;0;0;0;0;0;0;0;0;0;0;0;0;0;0
FR;10;2021-08-05;0;0;0;0;0;0;0;0;0;0;0;0;0;0;0;0;0;0
FR;10;2021-08-06;0;0;0;0;0;0;0;0;0;0;0;0;0;0;0;0;0;0
FR;10;2021-08-07;0;0;0;0;0;0;0;0;0;0;0;0;0;0;0;0;0;0
FR;10;2021-08-08;0;0;0;0;0;0;0;0;0;0;0;0;0;0;0;0;0;0
FR;10;2021-08-09;0;0;0;0;0;0;0;0;0;0;0;0;0;0;0;0;0;0
FR;10;2021-08-10;0;0;0;0;0;0;0;0;0;0;0;0;0;0;0;0;0;0
FR;10;2021-08-11;0;0;0;0;0;0;0;0;0;0;0;0;0;0;0;0;0;0
FR;10;2021-08-12;0;0;0;0;0;0;0;0;0;0;0;0;0;0;0;0;0;0
FR;10;2021-08-13;0;0;0;0;0;0;0;0;0;0;0;0;0;0;0;0;0;0
FR;10;2021-08-14;0;0;0;0;0;0;0;0;0;0;0;0;0;0;0;0;0;0
FR;10;2021-08-15;0;0;0;0;0;0;0;0;0;0;0;0;0;0;0;0;0;0
FR;10;2021-08-16;0;0;0;0;0;0;0;0;0;0;0;0;0;0;0;0;0;0
FR;10;2021-08-17;0;0;0;0;0;0;0;0;0;0;0;0;0;0;0;0;0;0
FR;10;2021-08-18;0;0;0;0;0;0;0;0;0;0;0;0;0;0;0;0;0;0
FR;10;2021-08-19;0;0;0;0;0;0;0;0;0;0;0;0;0;0;0;0;0;0
FR;10;2021-08-20;0;0;0;0;0;0;0;0;0;0;0;0;0;0;0;0;0;0
FR;10;2021-08-21;0;0;0;0;0;0;0;0;0;0;0;0;0;0;0;0;0;0
FR;10;2021-08-22;0;0;0;0;0;0;0;0;0;0;0;0;0;0;0;0;0;0
FR;10;2021-08-23;0;0;0;0;0;0;0;0;0;0;0;0;0;0;0;0;0;0
FR;10;2021-08-24;0;0;0;0;0;0;0;0;0;0;0;0;0;0;0;0;0;0
FR;10;2021-08-25;0;0;0;0;0;0;0;0;0;0;0;0;0;0;0;0;0;0
FR;10;2021-08-26;0;0;0;0;0;0;0;0;0;0;0;0;0;0;0;0;0;0
FR;10;2021-08-27;0;0;0;0;0;0;0;0;0;0;0;0;0;0;0;0;0;0
FR;10;2021-08-28;0;0;0;0;0;0;0;0;0;0;0;0;0;0;0;0;0;0
FR;10;2021-08-29;0;0;0;0;0;0;0;0;0;0;0;0;0;0;0;0;0;0
FR;10;2021-08-30;0;0;0;0;0;0;0;0;0;0;0;0;0;0;0;0;0;0
FR;10;2021-08-31;0;0;0;0;0;0;0;0;0;0;0;0;0;0;0;0;0;0
FR;10;2021-09-01;0;0;0;0;0;0;0;0;0;0;0;0;0;0;0;0;0;0
FR;10;2021-09-02;0;0;0;0;0;0;0;0;0;0;0;0;0;0;0;0;0;0
FR;10;2021-09-03;0;0;0;0;0;0;0;0;0;0;0;0;0;0;0;0;0;0
FR;10;2021-09-04;0;0;0;0;0;0;0;0;0;0;0;0;0;0;0;0;0;0
FR;10;2021-09-05;0;0;0;0;0;0;0;0;0;0;0;0;0;0;0;0;0;0
FR;10;2021-09-06;0;0;0;0;0;0;0;0;0;0;0;0;0;0;0;0;0;0
FR;10;2021-09-07;0;0;0;0;0;0;0;0;0;0;0;0;0;0;0;0;0;0
FR;10;2021-09-08;0;0;0;0;0;0;0;0;0;0;0;0;0;0;0;0;0;0
FR;10;2021-09-09;0;0;0;0;0;0;0;0;0;0;0;0;0;0;0;0;0;0
FR;10;2021-09-10;0;0;0;0;0;0;0;0;0;0;0;0;0;0;0;0;0;0
FR;10;2021-09-11;0;0;0;0;0;0;0;0;0;0;0;0;0;0;0;0;0;0
FR;10;2021-09-12;0;0;0;0;0;0;0;0;0;0;0;0;0;0;0;0;0;0
FR;10;2021-09-13;0;0;0;0;0;0;0;0;0;0;0;0;0;0;0;0;0;0
FR;10;2021-09-14;0;0;0;0;0;0;0;0;0;0;0;0;0;0;0;0;0;0
FR;10;2021-09-15;0;0;0;0;0;0;0;0;0;0;0;0;0;0;0;0;0;0
FR;10;2021-09-16;0;0;0;0;0;0;0;0;0;0;0;0;0;0;0;0;0;0
FR;10;2021-09-17;0;0;0;0;0;0;0;0;0;0;0;0;0;0;0;0;0;0
FR;10;2021-09-18;0;0;0;0;0;0;0;0;0;0;0;0;0;0;0;0;0;0
FR;10;2021-09-19;0;0;0;0;0;0;0;0;0;0;0;0;0;0;0;0;0;0
FR;10;2021-09-20;0;0;0;0;0;0;0;0;0;0;0;0;0;0;0;0;0;0
FR;10;2021-09-21;0;0;0;0;0;0;0;0;0;0;0;0;0;0;0;0;0;0
FR;10;2021-09-22;0;0;0;0;0;0;0;0;0;0;0;0;0;0;0;0;0;0
FR;10;2021-09-23;0;0;0;0;0;0;0;0;0;0;0;0;0;0;0;0;0;0
FR;10;2021-09-24;0;0;0;0;0;0;0;0;0;0;0;0;0;0;0;0;0;0
FR;10;2021-09-25;0;0;0;0;0;0;0;0;0;0;0;0;0;0;0;0;0;0
FR;10;2021-09-26;0;0;0;0;0;0;0;0;0;0;0;0;0;0;0;0;0;0
FR;10;2021-09-27;0;0;0;0;0;0;0;0;0;0;0;0;0;0;0;0;0;0
FR;10;2021-09-28;0;0;0;0;0;0;0;0;0;0;0;0;0;0;0;0;0;0
FR;10;2021-09-29;0;0;0;0;0;0;0;0;0;0;0;0;0;0;0;0;0;0
FR;10;2021-09-30;0;0;0;0;0;0;0;0;0;0;0;0;0;0;0;0;0;0
FR;10;2021-10-01;0;0;0;0;0;0;0;0;0;0;0;0;0;0;0;0;0;0
FR;10;2021-10-02;0;0;0;0;0;0;0;0;0;0;0;0;0;0;0;0;0;0
FR;10;2021-10-03;0;0;0;0;0;0;0;0;0;0;0;0;0;0;0;0;0;0
FR;10;2021-10-04;0;0;0;0;0;0;0;0;0;0;0;0;0;0;0;0;0;0
FR;10;2021-10-05;0;0;0;0;0;0;0;0;0;0;0;0;0;0;0;0;0;0
FR;10;2021-10-06;0;0;0;0;0;0;0;0;0;0;0;0;0;0;0;0;0;0
FR;10;2021-10-07;0;0;0;0;0;0;0;0;0;0;0;0;0;0;0;0;0;0
FR;10;2021-10-08;0;0;0;0;0;0;0;0;0;0;0;0;0;0;0;0;0;0
FR;10;2021-10-09;0;0;0;0;0;0;0;0;0;0;0;0;0;0;0;0;0;0
FR;10;2021-10-10;0;0;0;0;0;0;0;0;0;0;0;0;0;0;0;0;0;0
FR;10;2021-10-11;0;0;0;0;0;0;0;0;0;0;0;0;0;0;0;0;0;0
FR;10;2021-10-12;0;0;0;0;0;0;0;0;0;0;0;0;0;0;0;0;0;0
FR;10;2021-10-13;0;0;0;0;0;0;0;0;0;0;0;0;0;0;0;0;0;0
FR;10;2021-10-14;0;0;0;0;0;0;0;0;0;0;0;0;0;0;0;0;0;0
FR;10;2021-10-15;0;0;0;0;0;0;0;0;0;0;0;0;0;0;0;0;0;0
FR;10;2021-10-16;0;0;0;0;0;0;0;0;0;0;0;0;0;0;0;0;0;0
FR;10;2021-10-17;0;0;0;0;0;0;0;0;0;0;0;0;0;0;0;0;0;0
FR;10;2021-10-18;0;0;0;0;0;0;0;0;0;0;0;0;0;0;0;0;0;0
FR;10;2021-10-19;0;0;0;0;0;0;0;0;0;0;0;0;0;0;0;0;0;0
FR;10;2021-10-20;0;0;0;0;0;0;0;0;0;0;0;0;0;0;0;0;0;0
FR;10;2021-10-21;0;0;0;0;0;0;0;0;0;0;0;0;0;0;0;0;0;0
FR;10;2021-10-22;0;0;0;0;0;0;0;0;0;0;0;0;0;0;0;0;0;0
FR;10;2021-10-23;0;0;0;0;0;0;0;0;0;0;0;0;0;0;0;0;0;0
FR;10;2021-10-24;0;0;0;0;0;0;0;0;0;0;0;0;0;0;0;0;0;0
FR;10;2021-10-25;0;0;0;0;0;0;0;0;0;0;0;0;0;0;0;0;0;0
FR;10;2021-10-26;0;0;0;0;0;0;0;0;0;0;0;0;0;0;0;0;0;0
FR;10;2021-10-27;0;0;0;0;0;0;0;0;0;0;0;0;0;0;0;0;0;0
FR;10;2021-10-28;0;0;0;0;0;0;0;0;0;0;0;0;0;0;0;0;0;0
FR;10;2021-10-29;0;0;0;0;0;0;0;0;0;0;0;0;0;0;0;0;0;0
FR;10;2021-10-30;0;0;0;0;0;0;0;0;0;0;0;0;0;0;0;0;0;0
FR;10;2021-10-31;0;0;0;0;0;0;0;0;0;0;0;0;0;0;0;0;0;0
FR;10;2021-11-01;0;0;0;0;0;0;0;0;0;0;0;0;0;0;0;0;0;0
FR;10;2021-11-02;0;0;0;0;0;0;0;0;0;0;0;0;0;0;0;0;0;0
FR;10;2021-11-03;0;0;0;0;0;0;0;0;0;0;0;0;0;0;0;0;0;0
FR;10;2021-11-04;0;0;0;0;0;0;0;0;0;0;0;0;0;0;0;0;0;0
FR;10;2021-11-05;0;0;0;0;0;0;0;0;0;0;0;0;0;0;0;0;0;0
FR;10;2021-11-06;0;0;0;0;0;0;0;0;0;0;0;0;0;0;0;0;0;0
FR;10;2021-11-07;0;0;0;0;0;0;0;0;0;0;0;0;0;0;0;0;0;0
FR;10;2021-11-08;0;0;0;0;0;0;0;0;0;0;0;0;0;0;0;0;0;0
FR;10;2021-11-09;0;0;0;0;0;0;0;0;0;0;0;0;0;0;0;0;0;0
FR;10;2021-11-10;0;0;0;0;0;0;0;0;0;0;0;0;0;0;0;0;0;0
FR;10;2021-11-11;0;0;0;0;0;0;0;0;0;0;0;0;0;0;0;0;0;0
FR;10;2021-11-12;0;0;0;0;0;0;0;0;0;0;0;0;0;0;0;0;0;0
FR;10;2021-11-13;0;0;0;0;0;0;0;0;0;0;0;0;0;0;0;0;0;0
FR;10;2021-11-14;0;0;0;0;0;0;0;0;0;0;0;0;0;0;0;0;0;0
FR;10;2021-11-15;0;0;0;0;0;0;0;0;0;0;0;0;0;0;0;0;0;0
FR;10;2021-11-16;0;0;0;0;0;0;0;0;0;0;0;0;0;0;0;0;0;0
FR;10;2021-11-17;0;0;0;0;0;0;0;0;0;0;0;0;0;0;0;0;0;0
FR;10;2021-11-18;0;0;0;0;0;0;0;0;0;0;0;0;0;0;0;0;0;0
FR;10;2021-11-19;0;0;0;0;0;0;0;0;0;0;0;0;0;0;0;0;0;0
FR;10;2021-11-20;0;0;0;0;0;0;0;0;0;0;0;0;0;0;0;0;0;0
FR;10;2021-11-21;0;0;0;0;0;0;0;0;0;0;0;0;0;0;0;0;0;0
FR;10;2021-11-22;0;0;0;0;0;0;0;0;0;0;0;0;0;0;0;0;0;0
FR;10;2021-11-23;0;0;0;0;0;0;0;0;0;0;0;0;0;0;0;0;0;0
FR;10;2021-11-24;0;0;0;0;0;0;0;0;0;0;0;0;0;0;0;0;0;0
FR;10;2021-11-25;0;0;0;0;0;0;0;0;0;0;0;0;0;0;0;0;0;0
FR;10;2021-11-26;0;0;0;0;0;0;0;0;0;0;0;0;0;0;0;0;0;0
FR;10;2021-11-27;0;0;0;0;0;0;0;0;0;0;0;0;0;0;0;0;0;0
FR;10;2021-11-28;0;0;0;0;0;0;0;0;0;0;0;0;0;0;0;0;0;0
FR;10;2021-11-29;0;0;0;0;0;0;0;0;0;0;0;0;0;0;0;0;0;0
FR;10;2021-11-30;0;0;0;0;0;0;0;0;0;0;0;0;0;0;0;0;0;0
FR;10;2021-12-01;0;0;0;0;0;0;0;0;0;0;0;0;0;0;0;0;0;0
FR;10;2021-12-02;0;0;0;0;0;0;0;0;0;0;0;0;0;0;0;0;0;0
FR;10;2021-12-03;0;0;0;0;0;0;0;0;0;0;0;0;0;0;0;0;0;0
FR;10;2021-12-04;0;0;0;0;0;0;0;0;0;0;0;0;0;0;0;0;0;0
FR;10;2021-12-05;0;0;0;0;0;0;0;0;0;0;0;0;0;0;0;0;0;0
FR;10;2021-12-06;0;0;0;0;0;0;0;0;0;0;0;0;0;0;0;0;0;0
FR;10;2021-12-07;0;0;0;0;0;0;0;0;0;0;0;0;0;0;0;0;0;0
FR;10;2021-12-08;0;0;0;0;0;0;0;0;0;0;0;0;0;0;0;0;0;0
FR;10;2021-12-09;0;0;0;0;0;0;0;0;0;0;0;0;0;0;0;0;0;0
FR;10;2021-12-10;0;0;0;0;0;0;0;0;0;0;0;0;0;0;0;0;0;0
FR;10;2021-12-11;0;0;0;0;0;0;0;0;0;0;0;0;0;0;0;0;0;0
FR;10;2021-12-12;0;0;0;0;0;0;0;0;0;0;0;0;0;0;0;0;0;0
FR;10;2021-12-13;0;0;0;0;0;0;0;0;0;0;0;0;0;0;0;0;0;0
FR;10;2021-12-14;0;0;0;0;0;0;0;0;0;0;0;0;0;0;0;0;0;0
FR;10;2021-12-15;0;0;0;0;0;0;0;0;0;0;0;0;0;0;0;0;0;0
FR;10;2021-12-16;0;0;0;0;0;0;0;0;0;0;0;0;0;0;0;0;0;0
FR;10;2021-12-17;0;0;0;0;0;0;0;0;0;0;0;0;0;0;0;0;0;0
FR;10;2021-12-18;0;0;0;0;0;0;0;0;0;0;0;0;0;0;0;0;0;0
FR;10;2021-12-19;0;0;0;0;0;0;0;0;0;0;0;0;0;0;0;0;0;0
FR;10;2021-12-20;0;0;0;0;0;0;0;0;0;0;0;0;0;0;0;0;0;0
FR;10;2021-12-21;0;0;0;0;0;0;0;0;0;0;0;0;0;0;0;0;0;0
FR;10;2021-12-22;0;0;0;0;0;0;0;0;0;0;0;0;0;0;0;0;0;0
FR;10;2021-12-23;0;0;0;0;0;0;0;0;0;0;0;0;0;0;0;0;0;0
FR;10;2021-12-24;0;0;0;0;0;0;0;0;0;0;0;0;0;0;0;0;0;0
FR;10;2021-12-25;0;0;0;0;0;0;0;0;0;0;0;0;0;0;0;0;0;0
FR;10;2021-12-26;0;0;0;0;0;0;0;0;0;0;0;0;0;0;0;0;0;0
FR;10;2021-12-27;0;0;0;0;0;0;0;0;0;0;0;0;0;0;0;0;0;0
FR;10;2021-12-28;0;0;0;0;0;0;0;0;0;0;0;0;0;0;0;0;0;0
FR;10;2021-12-29;0;0;0;0;0;0;0;0;0;0;0;0;0;0;0;0;0;0
FR;10;2021-12-30;0;0;0;0;0;0;0;0;0;0;0;0;0;0;0;0;0;0
FR;10;2021-12-31;0;0;0;0;0;0;0;0;0;0;0;0;0;0;0;0;0;0
FR;10;2022-01-01;0;0;0;0;0;0;0;0;0;0;0;0;0;0;0;0;0;0
FR;10;2022-01-02;0;0;0;0;0;0;0;0;0;0;0;0;0;0;0;0;0;0
FR;10;2022-01-03;0;0;0;0;0;0;0;0;0;0;0;0;0;0;0;0;0;0
FR;10;2022-01-04;0;0;0;0;0;0;0;0;0;0;0;0;0;0;0;0;0;0
FR;10;2022-01-05;0;0;0;0;0;0;0;0;0;0;0;0;0;0;0;0;0;0
FR;10;2022-01-06;0;0;0;0;0;0;0;0;0;0;0;0;0;0;0;0;0;0
FR;10;2022-01-07;0;0;0;0;0;0;0;0;0;0;0;0;0;0;0;0;0;0
FR;10;2022-01-08;0;0;0;0;0;0;0;0;0;0;0;0;0;0;0;0;0;0
FR;10;2022-01-09;0;0;0;0;0;0;0;0;0;0;0;0;0;0;0;0;0;0
FR;10;2022-01-10;0;0;0;0;0;0;0;0;0;0;0;0;0;0;0;0;0;0
FR;10;2022-01-11;0;0;0;0;0;0;0;0;0;0;0;0;0;0;0;0;0;0
FR;10;2022-01-12;0;0;0;0;0;0;0;0;0;0;0;0;0;0;0;0;0;0
FR;10;2022-01-13;0;0;0;0;0;0;0;0;0;0;0;0;0;0;0;0;0;0
FR;10;2022-01-14;0;0;0;0;0;0;0;0;0;0;0;0;0;0;0;0;0;0
FR;10;2022-01-15;0;0;0;0;0;0;0;0;0;0;0;0;0;0;0;0;0;0
FR;10;2022-01-16;0;0;0;0;0;0;0;0;0;0;0;0;0;0;0;0;0;0
FR;10;2022-01-17;0;0;0;0;0;0;0;0;0;0;0;0;0;0;0;0;0;0
FR;10;2022-01-18;0;0;0;0;0;0;0;0;0;0;0;0;0;0;0;0;0;0
FR;10;2022-01-19;0;0;0;0;0;0;0;0;0;0;0;0;0;0;0;0;0;0
FR;10;2022-01-20;0;0;0;0;0;0;0;0;0;0;0;0;0;0;0;0;0;0
FR;10;2022-01-21;0;0;0;0;0;0;0;0;0;0;0;0;0;0;0;0;0;0
FR;10;2022-01-22;0;0;0;0;0;0;0;0;0;0;0;0;0;0;0;0;0;0
FR;10;2022-01-23;0;0;0;0;0;0;0;0;0;0;0;0;0;0;0;0;0;0
FR;10;2022-01-24;0;0;0;0;0;0;0;0;0;0;0;0;0;0;0;0;0;0
FR;10;2022-01-25;0;0;0;0;0;0;0;0;0;0;0;0;0;0;0;0;0;0
FR;10;2022-01-26;0;0;0;0;0;0;0;0;0;0;0;0;0;0;0;0;0;0
FR;10;2022-01-27;0;0;0;0;0;0;0;0;0;0;0;0;0;0;0;0;0;0
FR;10;2022-01-28;0;0;0;0;0;0;0;0;0;0;0;0;0;0;0;0;0;0
FR;10;2022-01-29;0;0;0;0;0;0;0;0;0;0;0;0;0;0;0;0;0;0
FR;10;2022-01-30;0;0;0;0;0;0;0;0;0;0;0;0;0;0;0;0;0;0
FR;10;2022-01-31;0;0;0;0;0;0;0;0;0;0;0;0;0;0;0;0;0;0
FR;10;2022-02-01;0;0;0;0;0;0;0;0;0;0;0;0;0;0;0;0;0;0
FR;10;2022-02-02;0;0;0;0;0;0;0;0;0;0;0;0;0;0;0;0;0;0
FR;10;2022-02-03;0;0;0;0;0;0;0;0;0;0;0;0;0;0;0;0;0;0
FR;10;2022-02-04;0;0;0;0;0;0;0;0;0;0;0;0;0;0;0;0;0;0
FR;10;2022-02-05;0;0;0;0;0;0;0;0;0;0;0;0;0;0;0;0;0;0
FR;10;2022-02-06;0;0;0;0;0;0;0;0;0;0;0;0;0;0;0;0;0;0
FR;10;2022-02-07;0;0;0;0;0;0;0;0;0;0;0;0;0;0;0;0;0;0
FR;10;2022-02-08;0;0;0;0;0;0;0;0;0;0;0;0;0;0;0;0;0;0
FR;10;2022-02-09;0;0;0;0;0;0;0;0;0;0;0;0;0;0;0;0;0;0
FR;10;2022-02-10;0;0;0;0;0;0;0;0;0;0;0;0;0;0;0;0;0;0
FR;10;2022-02-11;0;0;0;0;0;0;0;0;0;0;0;0;0;0;0;0;0;0
FR;10;2022-02-12;0;0;0;0;0;0;0;0;0;0;0;0;0;0;0;0;0;0
FR;10;2022-02-13;0;0;0;0;0;0;0;0;0;0;0;0;0;0;0;0;0;0
FR;10;2022-02-14;0;0;0;0;0;0;0;0;0;0;0;0;0;0;0;0;0;0
FR;10;2022-02-15;0;0;0;0;0;0;0;0;0;0;0;0;0;0;0;0;0;0
FR;10;2022-02-16;0;0;0;0;0;0;0;0;0;0;0;0;0;0;0;0;0;0
FR;10;2022-02-17;0;0;0;0;0;0;0;0;0;0;0;0;0;0;0;0;0;0
FR;10;2022-02-18;0;0;0;0;0;0;0;0;0;0;0;0;0;0;0;0;0;0
FR;10;2022-02-19;0;0;0;0;0;0;0;0;0;0;0;0;0;0;0;0;0;0
FR;10;2022-02-20;0;0;0;0;0;0;0;0;0;0;0;0;0;0;0;0;0;0
FR;10;2022-02-21;0;0;0;0;0;0;0;0;0;0;0;0;0;0;0;0;0;0
FR;10;2022-02-22;0;0;0;0;0;0;0;0;0;0;0;0;0;0;0;0;0;0
FR;10;2022-02-23;0;0;0;0;0;0;0;0;0;0;0;0;0;0;0;0;0;0
FR;10;2022-02-24;0;0;0;0;0;0;0;0;0;0;0;0;0;0;0;0;0;0
FR;10;2022-02-25;0;0;0;0;0;0;0;0;0;0;0;0;0;0;0;0;0;0
FR;10;2022-02-26;0;0;0;0;0;0;0;0;0;0;0;0;0;0;0;0;0;0
FR;10;2022-02-27;0;0;0;0;0;0;0;0;0;0;0;0;0;0;0;0;0;0
FR;10;2022-02-28;0;0;0;0;0;0;0;0;0;0;0;0;0;0;0;0;0;0
FR;10;2022-03-01;0;0;0;0;0;0;0;0;0;0;0;0;0;0;0;0;0;0
FR;10;2022-03-02;0;0;0;0;0;0;0;0;0;0;0;0;0;0;0;0;0;0
FR;10;2022-03-03;0;0;0;0;0;0;0;0;0;0;0;0;0;0;0;0;0;0
FR;10;2022-03-04;0;0;0;0;0;0;0;0;0;0;0;0;0;0;0;0;0;0
FR;10;2022-03-05;0;0;0;0;0;0;0;0;0;0;0;0;0;0;0;0;0;0
FR;10;2022-03-06;0;0;0;0;0;0;0;0;0;0;0;0;0;0;0;0;0;0
FR;10;2022-03-07;0;0;0;0;0;0;0;0;0;0;0;0;0;0;0;0;0;0
FR;10;2022-03-08;0;0;0;0;0;0;0;0;0;0;0;0;0;0;0;0;0;0
FR;10;2022-03-09;0;0;0;0;0;0;0;0;0;0;0;0;0;0;0;0;0;0
FR;10;2022-03-10;0;0;0;0;0;0;0;0;0;0;0;0;0;0;0;0;0;0
FR;10;2022-03-11;0;0;0;0;0;0;0;0;0;0;0;0;0;0;0;0;0;0
FR;10;2022-03-12;0;0;0;0;0;0;0;0;0;0;0;0;0;0;0;0;0;0
FR;10;2022-03-13;0;0;0;0;0;0;0;0;0;0;0;0;0;0;0;0;0;0
FR;10;2022-03-14;0;0;0;0;0;0;0;0;0;0;0;0;0;0;0;0;0;0
FR;10;2022-03-15;0;0;0;0;0;0;0;0;0;0;0;0;0;0;0;0;0;0
FR;10;2022-03-16;0;0;0;0;0;0;0;0;0;0;0;0;0;0;0;0;0;0
FR;10;2022-03-17;0;0;0;0;0;0;0;0;0;0;0;0;0;0;0;0;0;0
FR;10;2022-03-18;0;0;0;0;0;0;0;0;0;0;0;0;0;0;0;0;0;0
FR;10;2022-03-19;0;0;0;0;0;0;0;0;0;0;0;0;0;0;0;0;0;0
FR;10;2022-03-20;0;0;0;0;0;0;0;0;0;0;0;0;0;0;0;0;0;0
FR;10;2022-03-21;0;0;0;0;0;0;0;0;0;0;0;0;0;0;0;0;0;0
FR;10;2022-03-22;0;0;0;0;0;0;0;0;0;0;0;0;0;0;0;0;0;0
FR;10;2022-03-23;0;0;0;0;0;0;0;0;0;0;0;0;0;0;0;0;0;0
FR;10;2022-03-24;0;0;0;0;0;0;0;0;0;0;0;0;0;0;0;0;0;0
FR;10;2022-03-25;0;0;0;0;0;0;0;0;0;0;0;0;0;0;0;0;0;0
FR;10;2022-03-26;0;0;0;0;0;0;0;0;0;0;0;0;0;0;0;0;0;0
FR;10;2022-03-27;0;0;0;0;0;0;0;0;0;0;0;0;0;0;0;0;0;0
FR;10;2022-03-28;0;0;0;0;0;0;0;0;0;0;0;0;0;0;0;0;0;0
FR;10;2022-03-29;0;0;0;0;0;0;0;0;0;0;0;0;0;0;0;0;0;0
FR;10;2022-03-30;0;0;0;0;0;0;0;0;0;0;0;0;0;0;0;0;0;0
FR;10;2022-03-31;0;0;0;0;0;0;0;0;0;0;0;0;0;0;0;0;0;0
FR;10;2022-04-01;0;0;0;0;0;0;0;0;0;0;0;0;0;0;0;0;0;0
FR;10;2022-04-02;0;0;0;0;0;0;0;0;0;0;0;0;0;0;0;0;0;0
FR;10;2022-04-03;0;0;0;0;0;0;0;0;0;0;0;0;0;0;0;0;0;0
FR;10;2022-04-04;0;0;0;0;0;0;0;0;0;0;0;0;0;0;0;0;0;0
FR;10;2022-04-05;0;0;0;0;0;0;0;0;0;0;0;0;0;0;0;0;0;0
FR;10;2022-04-06;0;0;0;0;0;0;0;0;0;0;0;0;0;0;0;0;0;0
FR;10;2022-04-07;0;0;0;0;0;0;0;0;0;0;0;0;0;0;0;0;0;0
FR;10;2022-04-08;0;0;0;0;0;0;0;0;0;0;0;0;0;0;0;0;0;0
FR;10;2022-04-09;0;0;0;0;0;0;0;0;0;0;0;0;0;0;0;0;0;0
FR;10;2022-04-10;0;0;0;0;0;0;0;0;0;0;0;0;0;0;0;0;0;0
FR;10;2022-04-11;0;0;0;0;0;0;0;0;0;0;0;0;0;0;0;0;0;0
FR;10;2022-04-12;0;0;0;0;0;0;0;0;0;0;0;0;0;0;0;0;0;0
FR;10;2022-04-13;0;0;0;0;0;0;0;0;0;0;0;0;0;0;0;0;0;0
FR;10;2022-04-14;0;0;0;0;0;0;0;0;0;0;0;0;0;0;0;0;0;0
FR;10;2022-04-15;0;0;0;0;0;0;0;0;0;0;0;0;0;0;0;0;0;0
FR;10;2022-04-16;0;0;0;0;0;0;0;0;0;0;0;0;0;0;0;0;0;0
FR;10;2022-04-17;0;0;0;0;0;0;0;0;0;0;0;0;0;0;0;0;0;0
FR;10;2022-04-18;0;0;0;0;0;0;0;0;0;0;0;0;0;0;0;0;0;0
FR;10;2022-04-19;0;0;0;0;0;0;0;0;0;0;0;0;0;0;0;0;0;0
FR;10;2022-04-20;0;0;0;0;0;0;0;0;0;0;0;0;0;0;0;0;0;0
FR;10;2022-04-21;0;0;0;0;0;0;0;0;0;0;0;0;0;0;0;0;0;0
FR;10;2022-04-22;0;0;0;0;0;0;0;0;0;0;0;0;0;0;0;0;0;0
FR;10;2022-04-23;0;0;0;0;0;0;0;0;0;0;0;0;0;0;0;0;0;0
FR;10;2022-04-24;0;0;0;0;0;0;0;0;0;0;0;0;0;0;0;0;0;0
FR;10;2022-04-25;0;0;0;0;0;0;0;0;0;0;0;0;0;0;0;0;0;0
FR;10;2022-04-26;0;0;0;0;0;0;0;0;0;0;0;0;0;0;0;0;0;0
FR;10;2022-04-27;0;0;0;0;0;0;0;0;0;0;0;0;0;0;0;0;0;0
FR;10;2022-04-28;0;0;0;0;0;0;0;0;0;0;0;0;0;0;0;0;0;0
FR;10;2022-04-29;0;0;0;0;0;0;0;0;0;0;0;0;0;0;0;0;0;0
FR;10;2022-04-30;0;0;0;0;0;0;0;0;0;0;0;0;0;0;0;0;0;0
FR;10;2022-05-01;0;0;0;0;0;0;0;0;0;0;0;0;0;0;0;0;0;0
FR;10;2022-05-02;0;0;0;0;0;0;0;0;0;0;0;0;0;0;0;0;0;0
FR;10;2022-05-03;0;0;0;0;0;0;0;0;0;0;0;0;0;0;0;0;0;0
FR;10;2022-05-04;0;0;0;0;0;0;0;0;0;0;0;0;0;0;0;0;0;0
FR;10;2022-05-05;0;0;0;0;0;0;0;0;0;0;0;0;0;0;0;0;0;0
FR;10;2022-05-06;0;0;0;0;0;0;0;0;0;0;0;0;0;0;0;0;0;0
FR;10;2022-05-07;0;0;0;0;0;0;0;0;0;0;0;0;0;0;0;0;0;0
FR;10;2022-05-08;0;0;0;0;0;0;0;0;0;0;0;0;0;0;0;0;0;0
FR;10;2022-05-09;0;0;0;0;0;0;0;0;0;0;0;0;0;0;0;0;0;0
FR;10;2022-05-10;0;0;0;0;0;0;0;0;0;0;0;0;0;0;0;0;0;0
FR;10;2022-05-11;0;0;0;0;0;0;0;0;0;0;0;0;0;0;0;0;0;0
FR;10;2022-05-12;0;0;0;0;0;0;0;0;0;0;0;0;0;0;0;0;0;0
FR;10;2022-05-13;0;0;0;0;0;0;0;0;0;0;0;0;0;0;0;0;0;0
FR;10;2022-05-14;0;0;0;0;0;0;0;0;0;0;0;0;0;0;0;0;0;0
FR;10;2022-05-15;0;0;0;0;0;0;0;0;0;0;0;0;0;0;0;0;0;0
FR;10;2022-05-16;0;0;0;0;0;0;0;0;0;0;0;0;0;0;0;0;0;0
FR;10;2022-05-17;0;0;0;0;0;0;0;0;0;0;0;0;0;0;0;0;0;0
FR;10;2022-05-18;0;0;0;0;0;0;0;0;0;0;0;0;0;0;0;0;0;0
FR;10;2022-05-19;0;0;0;0;0;0;0;0;0;0;0;0;0;0;0;0;0;0
FR;10;2022-05-20;0;0;0;0;0;0;0;0;0;0;0;0;0;0;0;0;0;0
FR;10;2022-05-21;0;0;0;0;0;0;0;0;0;0;0;0;0;0;0;0;0;0
FR;10;2022-05-22;0;0;0;0;0;0;0;0;0;0;0;0;0;0;0;0;0;0
FR;10;2022-05-23;0;0;0;0;0;0;0;0;0;0;0;0;0;0;0;0;0;0
FR;10;2022-05-24;0;0;0;0;0;0;0;0;0;0;0;0;0;0;0;0;0;0
FR;10;2022-05-25;0;0;0;0;0;0;0;0;0;0;0;0;0;0;0;0;0;0
FR;10;2022-05-26;0;0;0;0;0;0;0;0;0;0;0;0;0;0;0;0;0;0
FR;10;2022-05-27;0;0;0;0;0;0;0;0;0;0;0;0;0;0;0;0;0;0
FR;10;2022-05-28;0;0;0;0;0;0;0;0;0;0;0;0;0;0;0;0;0;0
FR;10;2022-05-29;0;0;0;0;0;0;0;0;0;0;0;0;0;0;0;0;0;0
FR;10;2022-05-30;0;0;0;0;0;0;0;0;0;0;0;0;0;0;0;0;0;0
FR;10;2022-05-31;0;0;0;0;0;0;0;0;0;0;0;0;0;0;0;0;0;0
FR;10;2022-06-01;0;0;0;0;0;0;0;0;0;0;0;0;0;0;0;0;0;0
FR;10;2022-06-02;0;0;0;0;0;0;0;0;0;0;0;0;0;0;0;0;0;0
FR;10;2022-06-03;0;0;0;0;0;0;0;0;0;0;0;0;0;0;0;0;0;0
FR;10;2022-06-04;0;0;0;0;0;0;0;0;0;0;0;0;0;0;0;0;0;0
FR;10;2022-06-05;0;0;0;0;0;0;0;0;0;0;0;0;0;0;0;0;0;0
FR;10;2022-06-06;0;0;0;0;0;0;0;0;0;0;0;0;0;0;0;0;0;0
FR;10;2022-06-07;0;0;0;0;0;0;0;0;0;0;0;0;0;0;0;0;0;0
FR;10;2022-06-08;0;0;0;0;0;0;0;0;0;0;0;0;0;0;0;0;0;0
FR;10;2022-06-09;0;0;0;0;0;0;0;0;0;0;0;0;0;0;0;0;0;0
FR;10;2022-06-10;0;0;0;0;0;0;0;0;0;0;0;0;0;0;0;0;0;0
FR;10;2022-06-11;0;0;0;0;0;0;0;0;0;0;0;0;0;0;0;0;0;0
FR;10;2022-06-12;0;0;0;0;0;0;0;0;0;0;0;0;0;0;0;0;0;0
FR;10;2022-06-13;0;0;0;0;0;0;0;0;0;0;0;0;0;0;0;0;0;0
FR;10;2022-06-14;0;0;0;0;0;0;0;0;0;0;0;0;0;0;0;0;0;0
FR;10;2022-06-15;0;0;0;0;0;0;0;0;0;0;0;0;0;0;0;0;0;0
FR;10;2022-06-16;0;0;0;0;0;0;0;0;0;0;0;0;0;0;0;0;0;0
FR;10;2022-06-17;0;0;0;0;0;0;0;0;0;0;0;0;0;0;0;0;0;0
FR;10;2022-06-18;0;0;0;0;0;0;0;0;0;0;0;0;0;0;0;0;0;0
FR;10;2022-06-19;0;0;0;0;0;0;0;0;0;0;0;0;0;0;0;0;0;0
FR;10;2022-06-20;0;0;0;0;0;0;0;0;0;0;0;0;0;0;0;0;0;0
FR;10;2022-06-21;0;0;0;0;0;0;0;0;0;0;0;0;0;0;0;0;0;0
FR;10;2022-06-22;0;0;0;0;0;0;0;0;0;0;0;0;0;0;0;0;0;0
FR;10;2022-06-23;0;0;0;0;0;0;0;0;0;0;0;0;0;0;0;0;0;0
FR;10;2022-06-24;0;0;0;0;0;0;0;0;0;0;0;0;0;0;0;0;0;0
FR;10;2022-06-25;0;0;0;0;0;0;0;0;0;0;0;0;0;0;0;0;0;0
FR;10;2022-06-26;0;0;0;0;0;0;0;0;0;0;0;0;0;0;0;0;0;0
FR;10;2022-06-27;0;0;0;0;0;0;0;0;0;0;0;0;0;0;0;0;0;0
FR;10;2022-06-28;0;0;0;0;0;0;0;0;0;0;0;0;0;0;0;0;0;0
FR;10;2022-06-29;0;0;0;0;0;0;0;0;0;0;0;0;0;0;0;0;0;0
FR;10;2022-06-30;0;0;0;0;0;0;0;0;0;0;0;0;0;0;0;0;0;0
FR;10;2022-07-01;0;0;0;0;0;0;0;0;0;0;0;0;0;0;0;0;0;0
FR;10;2022-07-02;0;0;0;0;0;0;0;0;0;0;0;0;0;0;0;0;0;0
FR;10;2022-07-03;0;0;0;0;0;0;0;0;0;0;0;0;0;0;0;0;0;0
FR;10;2022-07-04;0;0;0;0;0;0;0;0;0;0;0;0;0;0;0;0;0;0
FR;10;2022-07-05;0;0;0;0;0;0;0;0;0;0;0;0;0;0;0;0;0;0
FR;10;2022-07-06;0;0;0;0;0;0;0;0;0;0;0;0;0;0;0;0;0;0
FR;10;2022-07-07;0;0;0;0;0;0;0;0;0;0;0;0;0;0;0;0;0;0
FR;10;2022-07-08;0;0;0;0;0;0;0;0;0;0;0;0;0;0;0;0;0;0
FR;10;2022-07-09;0;0;0;0;0;0;0;0;0;0;0;0;0;0;0;0;0;0
FR;10;2022-07-10;0;0;0;0;0;0;0;0;0;0;0;0;0;0;0;0;0;0
FR;10;2022-07-11;0;0;0;0;0;0;0;0;0;0;0;0;0;0;0;0;0;0
FR;10;2022-07-12;0;0;0;0;0;0;0;0;0;0;0;0;0;0;0;0;0;0
FR;10;2022-07-13;0;0;0;0;0;0;0;0;0;0;0;0;0;0;0;0;0;0
FR;10;2022-07-14;0;0;0;0;0;0;0;0;0;0;0;0;0;0;0;0;0;0
FR;10;2022-07-15;0;0;0;0;0;0;0;0;0;0;0;0;0;0;0;0;0;0
FR;10;2022-07-16;0;0;0;0;0;0;0;0;0;0;0;0;0;0;0;0;0;0
FR;10;2022-07-17;0;0;0;0;0;0;0;0;0;0;0;0;0;0;0;0;0;0
FR;10;2022-07-18;0;0;0;0;0;0;0;0;0;0;0;0;0;0;0;0;0;0
FR;10;2022-07-19;0;0;0;0;0;0;0;0;0;0;0;0;0;0;0;0;0;0
FR;10;2022-07-20;0;0;0;0;0;0;0;0;0;0;0;0;0;0;0;0;0;0
FR;10;2022-07-21;0;0;0;0;0;0;0;0;0;0;0;0;0;0;0;0;0;0
FR;10;2022-07-22;0;0;0;0;0;0;0;0;0;0;0;0;0;0;0;0;0;0
FR;10;2022-07-23;0;0;0;0;0;0;0;0;0;0;0;0;0;0;0;0;0;0
FR;10;2022-07-24;0;0;0;0;0;0;0;0;0;0;0;0;0;0;0;0;0;0
FR;10;2022-07-25;0;0;0;0;0;0;0;0;0;0;0;0;0;0;0;0;0;0
FR;10;2022-07-26;0;0;0;0;0;0;0;0;0;0;0;0;0;0;0;0;0;0
FR;10;2022-07-27;0;0;0;0;0;0;0;0;0;0;0;0;0;0;0;0;0;0
FR;10;2022-07-28;0;0;0;0;0;0;0;0;0;0;0;0;0;0;0;0;0;0
FR;10;2022-07-29;0;0;0;0;0;0;0;0;0;0;0;0;0;0;0;0;0;0
FR;10;2022-07-30;0;0;0;0;0;0;0;0;0;0;0;0;0;0;0;0;0;0
FR;10;2022-07-31;0;0;0;0;0;0;0;0;0;0;0;0;0;0;0;0;0;0
FR;10;2022-08-01;0;0;0;0;0;0;0;0;0;0;0;0;0;0;0;0;0;0
FR;10;2022-08-02;0;0;0;0;0;0;0;0;0;0;0;0;0;0;0;0;0;0
FR;10;2022-08-03;0;0;0;0;0;0;0;0;0;0;0;0;0;0;0;0;0;0
FR;10;2022-08-04;0;0;0;0;0;0;0;0;0;0;0;0;0;0;0;0;0;0
FR;10;2022-08-05;0;0;0;0;0;0;0;0;0;0;0;0;0;0;0;0;0;0
FR;10;2022-08-06;0;0;0;0;0;0;0;0;0;0;0;0;0;0;0;0;0;0
FR;10;2022-08-07;0;0;0;0;0;0;0;0;0;0;0;0;0;0;0;0;0;0
FR;10;2022-08-08;0;0;0;0;0;0;0;0;0;0;0;0;0;0;0;0;0;0
FR;10;2022-08-09;0;0;0;0;0;0;0;0;0;0;0;0;0;0;0;0;0;0
FR;10;2022-08-10;0;0;0;0;0;0;0;0;0;0;0;0;0;0;0;0;0;0
FR;10;2022-08-11;0;0;0;0;0;0;0;0;0;0;0;0;0;0;0;0;0;0
FR;10;2022-08-12;0;0;0;0;0;0;0;0;0;0;0;0;0;0;0;0;0;0
FR;10;2022-08-13;0;0;0;0;0;0;0;0;0;0;0;0;0;0;0;0;0;0
FR;10;2022-08-14;0;0;0;0;0;0;0;0;0;0;0;0;0;0;0;0;0;0
FR;10;2022-08-15;0;0;0;0;0;0;0;0;0;0;0;0;0;0;0;0;0;0
FR;10;2022-08-16;0;0;0;0;0;0;0;0;0;0;0;0;0;0;0;0;0;0
FR;10;2022-08-17;0;0;0;0;0;0;0;0;0;0;0;0;0;0;0;0;0;0
FR;10;2022-08-18;0;0;0;0;0;0;0;0;0;0;0;0;0;0;0;0;0;0
FR;10;2022-08-19;0;0;0;0;0;0;0;0;0;0;0;0;0;0;0;0;0;0
FR;10;2022-08-20;0;0;0;0;0;0;0;0;0;0;0;0;0;0;0;0;0;0
FR;10;2022-08-21;0;0;0;0;0;0;0;0;0;0;0;0;0;0;0;0;0;0
FR;10;2022-08-22;0;0;0;0;0;0;0;0;0;0;0;0;0;0;0;0;0;0
FR;10;2022-08-23;0;0;0;0;0;0;0;0;0;0;0;0;0;0;0;0;0;0
FR;10;2022-08-24;0;0;0;0;0;0;0;0;0;0;0;0;0;0;0;0;0;0
FR;10;2022-08-25;0;0;0;0;0;0;0;0;0;0;0;0;0;0;0;0;0;0
FR;10;2022-08-26;0;0;0;0;0;0;0;0;0;0;0;0;0;0;0;0;0;0
FR;10;2022-08-27;0;0;0;0;0;0;0;0;0;0;0;0;0;0;0;0;0;0
FR;10;2022-08-28;0;0;0;0;0;0;0;0;0;0;0;0;0;0;0;0;0;0
FR;10;2022-08-29;0;0;0;0;0;0;0;0;0;0;0;0;0;0;0;0;0;0
FR;10;2022-08-30;0;0;0;0;0;0;0;0;0;0;0;0;0;0;0;0;0;0
FR;10;2022-08-31;0;0;0;0;0;0;0;0;0;0;0;0;0;0;0;0;0;0
FR;10;2022-09-01;0;0;0;0;0;0;0;0;0;0;0;0;0;0;0;0;0;0
FR;10;2022-09-02;0;0;0;0;0;0;0;0;0;0;0;0;0;0;0;0;0;0
FR;10;2022-09-03;0;0;0;0;0;0;0;0;0;0;0;0;0;0;0;0;0;0
FR;10;2022-09-04;0;0;0;0;0;0;0;0;0;0;0;0;0;0;0;0;0;0
FR;10;2022-09-05;0;0;0;0;0;0;0;0;0;0;0;0;0;0;0;0;0;0
FR;10;2022-09-06;0;0;0;0;0;0;0;0;0;0;0;0;0;0;0;0;0;0
FR;10;2022-09-07;0;0;0;0;0;0;0;0;0;0;0;0;0;0;0;0;0;0
FR;10;2022-09-08;0;0;0;0;0;0;0;0;0;0;0;0;0;0;0;0;0;0
FR;10;2022-09-09;0;0;0;0;0;0;0;0;0;0;0;0;0;0;0;0;0;0
FR;10;2022-09-10;0;0;0;0;0;0;0;0;0;0;0;0;0;0;0;0;0;0
FR;10;2022-09-11;0;0;0;0;0;0;0;0;0;0;0;0;0;0;0;0;0;0
FR;10;2022-09-12;0;0;0;0;0;0;0;0;0;0;0;0;0;0;0;0;0;0
FR;10;2022-09-13;0;0;0;0;0;0;0;0;0;0;0;0;0;0;0;0;0;0
FR;10;2022-09-14;0;0;0;0;0;0;0;0;0;0;0;0;0;0;0;0;0;0
FR;10;2022-09-15;0;0;0;0;0;0;0;0;0;0;0;0;0;0;0;0;0;0
FR;10;2022-09-16;0;0;0;0;0;0;0;0;0;0;0;0;0;0;0;0;0;0
FR;10;2022-09-17;0;0;0;0;0;0;0;0;0;0;0;0;0;0;0;0;0;0
FR;10;2022-09-18;0;0;0;0;0;0;0;0;0;0;0;0;0;0;0;0;0;0
FR;10;2022-09-19;0;0;0;0;0;0;0;0;0;0;0;0;0;0;0;0;0;0
FR;10;2022-09-20;0;0;0;0;0;0;0;0;0;0;0;0;0;0;0;0;0;0
FR;10;2022-09-21;0;0;0;0;0;0;0;0;0;0;0;0;0;0;0;0;0;0
FR;10;2022-09-22;0;0;0;0;0;0;0;0;0;0;0;0;0;0;0;0;0;0
FR;10;2022-09-23;0;0;0;0;0;0;0;0;0;0;0;0;0;0;0;0;0;0
FR;10;2022-09-24;0;0;0;0;0;0;0;0;0;0;0;0;0;0;0;0;0;0
FR;10;2022-09-25;0;0;0;0;0;0;0;0;0;0;0;0;0;0;0;0;0;0
FR;10;2022-09-26;0;0;0;0;0;0;0;0;0;0;0;0;0;0;0;0;0;0
FR;10;2022-09-27;0;0;0;0;0;0;0;0;0;0;0;0;0;0;0;0;0;0
FR;10;2022-09-28;0;0;0;0;0;0;0;0;0;0;0;0;0;0;0;0;0;0
FR;10;2022-09-29;0;0;0;0;0;0;0;0;0;0;0;0;0;0;0;0;0;0
FR;10;2022-09-30;0;0;0;0;0;0;0;0;0;0;0;0;0;0;0;0;0;0
FR;10;2022-10-01;0;0;0;0;0;0;0;0;0;0;0;0;0;0;0;0;0;0
FR;10;2022-10-02;0;0;0;0;0;0;0;0;0;0;0;0;0;0;0;0;0;0
FR;10;2022-10-03;0;0;0;0;0;0;0;0;0;0;0;0;0;0;0;0;0;0
FR;10;2022-10-04;0;0;0;0;0;0;0;0;0;0;0;0;0;0;0;0;0;0
FR;10;2022-10-05;0;0;0;0;0;0;0;0;0;0;0;0;0;0;0;0;0;0
FR;10;2022-10-06;0;0;0;0;0;0;0;0;0;0;0;0;0;0;0;0;0;0
FR;10;2022-10-07;0;0;0;0;0;0;0;0;0;0;0;0;0;0;0;0;0;0
FR;10;2022-10-08;0;0;0;0;0;0;0;0;0;0;0;0;0;0;0;0;0;0
FR;10;2022-10-09;0;0;0;0;0;0;0;0;0;0;0;0;0;0;0;0;0;0
FR;10;2022-10-10;0;0;0;0;0;0;0;0;0;0;0;0;0;0;0;0;0;0
FR;10;2022-10-11;0;0;0;0;0;0;0;0;0;0;0;0;0;0;0;0;0;0
FR;10;2022-10-12;0;0;0;0;0;0;0;0;0;0;0;0;0;0;0;0;0;0
FR;10;2022-10-13;0;0;0;0;0;0;0;0;0;0;0;0;0;0;0;0;0;0
FR;10;2022-10-14;0;0;0;0;0;0;0;0;0;0;0;0;0;0;0;0;0;0
FR;10;2022-10-15;0;0;0;0;0;0;0;0;0;0;0;0;0;0;0;0;0;0
FR;10;2022-10-16;0;0;0;0;0;0;0;0;0;0;0;0;0;0;0;0;0;0
FR;10;2022-10-17;0;0;0;0;0;0;0;0;0;0;0;0;0;0;0;0;0;0
FR;10;2022-10-18;0;0;0;0;0;0;0;0;0;0;0;0;0;0;0;0;0;0
FR;10;2022-10-19;0;0;0;0;0;0;0;0;0;0;0;0;0;0;0;0;0;0
FR;10;2022-10-20;0;0;0;0;0;0;0;0;0;0;0;0;0;0;0;0;0;0
FR;10;2022-10-21;0;0;0;0;0;0;0;0;0;0;0;0;0;0;0;0;0;0
FR;10;2022-10-22;0;0;0;0;0;0;0;0;0;0;0;0;0;0;0;0;0;0
FR;10;2022-10-23;0;0;0;0;0;0;0;0;0;0;0;0;0;0;0;0;0;0
FR;10;2022-10-24;0;0;0;0;0;0;0;0;0;0;0;0;0;0;0;0;0;0
FR;10;2022-10-25;0;0;0;0;0;0;0;0;0;0;0;0;0;0;0;0;0;0
FR;10;2022-10-26;0;0;0;0;0;0;0;0;0;0;0;0;0;0;0;0;0;0
FR;10;2022-10-27;0;0;0;0;0;0;0;0;0;0;0;0;0;0;0;0;0;0
FR;10;2022-10-28;0;0;0;0;0;0;0;0;0;0;0;0;0;0;0;0;0;0
FR;10;2022-10-29;0;0;0;0;0;0;0;0;0;0;0;0;0;0;0;0;0;0
FR;10;2022-10-30;0;0;0;0;0;0;0;0;0;0;0;0;0;0;0;0;0;0
FR;10;2022-10-31;0;0;0;0;0;0;0;0;0;0;0;0;0;0;0;0;0;0
FR;10;2022-11-01;0;0;0;0;0;0;0;0;0;0;0;0;0;0;0;0;0;0
FR;10;2022-11-02;0;0;0;0;0;0;0;0;0;0;0;0;0;0;0;0;0;0
FR;10;2022-11-03;0;0;0;0;0;0;0;0;0;0;0;0;0;0;0;0;0;0
FR;10;2022-11-04;0;0;0;0;0;0;0;0;0;0;0;0;0;0;0;0;0;0
FR;10;2022-11-05;0;0;0;0;0;0;0;0;0;0;0;0;0;0;0;0;0;0
FR;10;2022-11-06;0;0;0;0;0;0;0;0;0;0;0;0;0;0;0;0;0;0
FR;10;2022-11-07;0;0;0;0;0;0;0;0;0;0;0;0;0;0;0;0;0;0
FR;10;2022-11-08;0;0;0;0;0;0;0;0;0;0;0;0;0;0;0;0;0;0
FR;10;2022-11-09;0;0;0;0;0;0;0;0;0;0;0;0;0;0;0;0;0;0
FR;10;2022-11-10;0;0;0;0;0;0;0;0;0;0;0;0;0;0;0;0;0;0
FR;10;2022-11-11;0;0;0;0;0;0;0;0;0;0;0;0;0;0;0;0;0;0
FR;10;2022-11-12;0;0;0;0;0;0;0;0;0;0;0;0;0;0;0;0;0;0
FR;10;2022-11-13;0;0;0;0;0;0;0;0;0;0;0;0;0;0;0;0;0;0
FR;10;2022-11-14;0;0;0;0;0;0;0;0;0;0;0;0;0;0;0;0;0;0
FR;10;2022-11-15;0;0;0;0;0;0;0;0;0;0;0;0;0;0;0;0;0;0
FR;10;2022-11-16;0;0;0;0;0;0;0;0;0;0;0;0;0;0;0;0;0;0
FR;10;2022-11-17;0;0;0;0;0;0;0;0;0;0;0;0;0;0;0;0;0;0
FR;10;2022-11-18;0;0;0;0;0;0;0;0;0;0;0;0;0;0;0;0;0;0
FR;10;2022-11-19;0;0;0;0;0;0;0;0;0;0;0;0;0;0;0;0;0;0
FR;10;2022-11-20;0;0;0;0;0;0;0;0;0;0;0;0;0;0;0;0;0;0
FR;10;2022-11-21;0;0;0;0;0;0;0;0;0;0;0;0;0;0;0;0;0;0
FR;10;2022-11-22;0;0;0;0;0;0;0;0;0;0;0;0;0;0;0;0;0;0
FR;10;2022-11-23;0;0;0;0;0;0;0;0;0;0;0;0;0;0;0;0;0;0
FR;10;2022-11-24;0;0;0;0;0;0;0;0;0;0;0;0;0;0;0;0;0;0
FR;10;2022-11-25;0;0;0;0;0;0;0;0;0;0;0;0;0;0;0;0;0;0
FR;10;2022-11-26;0;0;0;0;0;0;0;0;0;0;0;0;0;0;0;0;0;0
FR;10;2022-11-27;0;0;0;0;0;0;0;0;0;0;0;0;0;0;0;0;0;0
FR;10;2022-11-28;0;0;0;0;0;0;0;0;0;0;0;0;0;0;0;0;0;0
FR;10;2022-11-29;0;0;0;0;0;0;0;0;0;0;0;0;0;0;0;0;0;0
FR;10;2022-11-30;0;0;0;0;0;0;0;0;0;0;0;0;0;0;0;0;0;0
FR;10;2022-12-01;0;0;0;0;0;0;0;0;0;0;0;0;0;0;0;0;0;0
FR;10;2022-12-02;0;0;0;0;0;0;0;0;0;0;0;0;0;0;0;0;0;0
FR;10;2022-12-03;0;0;0;0;0;0;0;0;0;0;0;0;0;0;0;0;0;0
FR;10;2022-12-04;0;0;0;0;0;0;0;0;0;0;0;0;0;0;0;0;0;0
FR;10;2022-12-05;0;0;0;0;0;0;0;0;0;0;0;0;0;0;0;0;0;0
FR;10;2022-12-06;0;0;0;0;0;0;0;0;0;0;0;0;0;0;0;0;0;0
FR;10;2022-12-07;0;0;0;0;0;0;0;0;0;0;0;0;0;0;0;0;0;0
FR;10;2022-12-08;0;0;0;0;0;0;0;0;0;0;0;0;0;0;0;0;0;0
FR;10;2022-12-09;0;0;0;0;0;0;0;0;0;0;0;0;0;0;0;0;0;0
FR;10;2022-12-10;0;0;0;0;0;0;0;0;0;0;0;0;0;0;0;0;0;0
FR;10;2022-12-11;0;0;0;0;0;0;0;0;0;0;0;0;0;0;0;0;0;0
FR;10;2022-12-12;0;0;0;0;0;0;0;0;0;0;0;0;0;0;0;0;0;0
FR;10;2022-12-13;0;0;0;0;0;0;0;0;0;0;0;0;0;0;0;0;0;0
FR;10;2022-12-14;0;0;0;0;0;0;0;0;0;0;0;0;0;0;0;0;0;0
FR;10;2022-12-15;0;0;0;0;0;0;0;0;0;0;0;0;0;0;0;0;0;0
FR;10;2022-12-16;0;0;0;0;0;0;0;0;0;0;0;0;0;0;0;0;0;0
FR;10;2022-12-17;0;0;0;0;0;0;0;0;0;0;0;0;0;0;0;0;0;0
FR;10;2022-12-18;0;0;0;0;0;0;0;0;0;0;0;0;0;0;0;0;0;0
FR;10;2022-12-19;0;0;0;0;0;0;0;0;0;0;0;0;0;0;0;0;0;0
FR;10;2022-12-20;0;0;0;0;0;0;0;0;0;0;0;0;0;0;0;0;0;0
FR;10;2022-12-21;0;0;1;0;0;1;0;0;0;0;0;1;0;0;1;0;0;0
FR;10;2022-12-22;0;0;0;1;0;0;1;0;0;0;0;1;1;0;1;1;0;0
FR;10;2022-12-23;0;0;1;14;0;2;14;0;7;0;0;2;15;0;3;15;0;7
FR;10;2022-12-24;0;0;0;3;0;0;3;0;1;0;0;2;18;0;3;18;0;8
FR;10;2022-12-25;0;0;0;0;0;0;0;0;0;0;0;2;18;0;3;18;0;8
FR;10;2022-12-26;3;1;11;35;0;8;39;0;5;3;1;13;53;0;11;57;0;13
FR;10;2022-12-27;1;1;14;35;1;11;38;0;10;4;2;27;88;1;22;95;0;23
FR;10;2022-12-28;0;0;2;15;0;1;14;0;3;4;2;29;103;1;23;109;0;26
FR;10;2022-12-29;0;0;6;48;0;1;48;0;17;4;2;35;151;1;24;157;0;43
FR;10;2022-12-30;0;1;5;33;0;8;31;0;6;4;3;40;184;1;32;188;0;49
FR;10;2022-12-31;0;0;3;12;0;4;10;0;4;4;3;43;196;1;36;198;0;53
FR;10;2023-01-01;0;0;1;6;0;0;7;0;2;4;3;44;202;1;36;205;0;55
FR;10;2023-01-02;0;4;4;37;1;6;36;0;21;4;7;48;239;2;42;241;0;76
FR;10;2023-01-03;1;2;6;63;2;5;64;0;25;5;9;54;302;4;47;305;0;101
FR;10;2023-01-04;0;1;7;52;0;6;53;0;53;5;10;61;354;4;53;358;0;154
FR;10;2023-01-05;1;2;16;74;0;12;76;0;37;6;12;77;428;4;65;434;0;191
FR;10;2023-01-06;2;3;16;107;2;13;107;0;52;8;15;93;535;6;78;541;0;243
FR;10;2023-01-07;3;1;3;41;1;3;40;0;13;11;16;96;576;7;81;581;0;256
FR;10;2023-01-08;1;0;0;9;0;0;7;0;5;12;16;96;585;7;81;588;0;261
FR;10;2023-01-09;3;2;7;67;1;7;66;0;26;15;18;103;652;8;88;654;0;287
FR;10;2023-01-10;6;1;21;118;0;13;124;0;57;21;19;124;770;8;101;778;0;344
FR;10;2023-01-11;5;4;19;77;1;16;79;0;38;26;23;143;847;9;117;857;0;382
FR;10;2023-01-12;13;1;7;77;2;3;80;0;51;39;24;150;924;11;120;937;0;433
FR;10;2023-01-13;0;6;15;122;1;8;129;0;77;39;30;165;1046;12;128;1066;0;510
FR;10;2023-01-14;2;1;8;43;0;5;47;0;3;41;31;173;1089;12;133;1113;0;513
FR;10;2023-01-15;0;0;2;10;0;1;7;0;8;41;31;175;1099;12;134;1120;0;521
FR;10;2023-01-16;0;1;11;70;1;7;73;0;68;41;32;186;1169;13;141;1193;0;589
FR;10;2023-01-17;0;7;22;109;2;11;118;0;61;41;39;208;1278;15;152;1311;0;650
FR;10;2023-01-18;2;1;13;92;1;9;104;0;15;43;40;221;1370;16;161;1415;0;665
FR;10;2023-01-19;6;6;24;142;3;22;135;0;56;49;46;245;1512;19;183;1550;0;721
FR;10;2023-01-20;2;1;11;111;0;9;106;0;73;51;47;256;1623;19;192;1656;0;794
FR;10;2023-01-21;2;1;5;26;0;5;23;0;15;53;48;261;1649;19;197;1679;0;809
FR;10;2023-01-22;0;0;0;5;0;0;5;0;0;53;48;261;1654;19;197;1684;0;809
FR;10;2023-01-23;1;2;5;62;1;5;59;0;23;54;50;266;1716;20;202;1743;0;832
FR;10;2023-01-24;6;6;27;148;2;19;152;0;75;60;56;293;1864;22;221;1895;0;907
FR;10;2023-01-25;2;1;9;81;1;5;82;0;55;62;57;302;1945;23;226;1977;0;962
FR;10;2023-01-26;4;5;33;147;1;22;159;0;52;66;62;335;2092;24;248;2136;0;1014
FR;10;2023-01-27;1;1;16;117;1;6;118;0;78;67;63;351;2209;25;254;2254;0;1092
FR;10;2023-01-28;0;1;3;18;1;1;21;0;15;67;64;354;2227;26;255;2275;0;1107
FR;10;2023-01-29;0;0;1;0;0;1;0;0;1;67;64;355;2227;26;256;2275;0;1108
FR;10;2023-01-30;2;1;11;60;1;5;63;0;40;69;65;366;2287;27;261;2338;0;1148
FR;10;2023-01-31;5;2;24;121;3;17;121;0;51;74;67;390;2408;30;278;2459;0;1199
FR;10;2023-02-01;0;2;11;49;2;10;49;0;28;74;69;401;2457;32;288;2508;0;1227
FR;10;2023-02-02;3;0;21;104;0;16;108;0;48;77;69;422;2561;32;304;2616;0;1275
FR;10;2023-02-03;6;5;18;48;4;11;51;0;64;83;74;440;2609;36;315;2667;0;1339
FR;10;2023-02-04;1;0;1;8;0;0;10;0;6;84;74;441;2617;36;315;2677;0;1345
FR;10;2023-02-05;7;1;2;3;2;1;4;0;5;91;75;443;2620;38;316;2681;0;1350
FR;10;2023-02-06;1;0;9;28;0;8;22;0;46;92;75;452;2648;38;324;2703;0;1396
FR;10;2023-02-07;2;2;2;12;1;3;12;0;13;94;77;454;2660;39;327;2715;0;1409
FR;10;2023-02-08;1;3;3;15;2;4;15;0;12;95;80;457;2675;41;331;2730;0;1421
FR;10;2023-02-09;2;1;11;91;2;7;97;0;41;97;81;468;2766;43;338;2827;0;1462
FR;10;2023-02-10;8;3;12;29;0;6;37;0;25;105;84;480;2795;43;344;2864;0;1487
FR;10;2023-02-11;1;0;2;2;0;2;2;0;1;106;84;482;2797;43;346;2866;0;1488
FR;10;2023-02-12;1;1;0;0;1;0;0;0;0;107;85;482;2797;44;346;2866;0;1488
FR;10;2023-02-13;3;1;9;15;0;7;18;0;10;110;86;491;2812;44;353;2884;0;1498
FR;10;2023-02-14;2;4;11;49;3;9;50;0;17;112;90;502;2861;47;362;2934;0;1515
FR;10;2023-02-15;7;3;2;10;2;3;8;0;8;119;93;504;2871;49;365;2942;0;1523
FR;10;2023-02-16;0;0;8;17;0;5;18;0;8;119;93;512;2888;49;370;2960;0;1531
FR;10;2023-02-17;13;5;7;28;5;2;22;0;17;132;98;519;2916;54;372;2982;0;1548
FR;10;2023-02-18;2;0;3;11;0;3;10;0;6;134;98;522;2927;54;375;2992;0;1554
FR;10;2023-02-19;0;0;0;0;0;0;0;0;0;134;98;522;2927;54;375;2992;0;1554
FR;10;2023-02-20;2;1;2;25;1;1;23;0;23;136;99;524;2952;55;376;3015;0;1577
FR;10;2023-02-21;2;3;12;27;1;6;35;0;30;138;102;536;2979;56;382;3050;0;1607
FR;10;2023-02-22;5;4;2;7;3;3;6;0;1;143;106;538;2986;59;385;3056;0;1608
FR;10;2023-02-23;3;2;17;31;2;14;37;0;12;146;108;555;3017;61;399;3093;0;1620
FR;10;2023-02-24;1;2;8;27;0;5;27;0;29;147;110;563;3044;61;404;3120;0;1649
FR;10;2023-02-25;0;0;2;3;0;2;3;0;7;147;110;565;3047;61;406;3123;0;1656
FR;10;2023-02-26;0;0;0;0;0;0;0;0;0;147;110;565;3047;61;406;3123;0;1656
FR;10;2023-02-27;3;3;3;20;4;3;21;0;15;150;113;568;3067;65;409;3144;0;1671
FR;10;2023-02-28;3;2;3;10;2;1;11;0;10;153;115;571;3077;67;410;3155;0;1681
FR;10;2023-03-01;2;6;34;12;6;33;12;0;14;155;121;605;3089;73;443;3167;0;1695
FR;10;2023-03-02;2;1;10;22;2;6;22;0;31;157;122;615;3111;75;449;3189;0;1726
FR;10;2023-03-03;7;2;5;21;0;6;20;0;18;164;124;620;3132;75;455;3209;0;1744
FR;10;2023-03-04;0;1;0;6;1;0;6;0;2;164;125;620;3138;76;455;3215;0;1746
FR;10;2023-03-05;0;0;0;1;0;0;0;0;2;164;125;620;3139;76;455;3215;0;1748
FR;10;2023-03-06;2;2;8;8;3;7;9;0;8;166;127;628;3147;79;462;3224;0;1756
FR;10;2023-03-07;2;3;0;11;1;2;11;0;8;168;130;628;3158;80;464;3235;0;1764
FR;10;2023-03-08;1;4;4;20;3;3;22;0;9;169;134;632;3178;83;467;3257;0;1773
FR;10;2023-03-09;0;3;1;9;1;2;8;0;8;169;137;633;3187;84;469;3265;0;1781
FR;10;2023-03-10;1;2;1;8;2;1;9;0;9;170;139;634;3195;86;470;3274;0;1790
FR;10;2023-03-11;2;1;5;4;0;3;7;0;2;172;140;639;3199;86;473;3281;0;1792
FR;10;2023-03-12;0;0;0;0;0;0;0;0;0;172;140;639;3199;86;473;3281;0;1792
FR;10;2023-03-13;0;2;2;3;2;2;3;0;5;172;142;641;3202;88;475;3284;0;1797
FR;10;2023-03-14;2;0;6;25;0;4;27;0;21;174;142;647;3227;88;479;3311;0;1818
FR;10;2023-03-15;0;2;5;5;1;7;4;0;6;174;144;652;3232;89;486;3315;0;1824
FR;10;2023-03-16;3;1;7;12;0;5;15;0;11;177;145;659;3244;89;491;3330;0;1835
FR;10;2023-03-17;3;5;8;18;4;4;22;0;19;180;150;667;3262;93;495;3352;0;1854
FR;10;2023-03-18;0;1;1;3;0;2;2;0;3;180;151;668;3265;93;497;3354;0;1857
FR;10;2023-03-19;6;0;0;0;0;0;0;0;0;186;151;668;3265;93;497;3354;0;1857
FR;10;2023-03-20;5;4;0;12;3;1;13;0;12;191;155;668;3277;96;498;3367;0;1869
FR;10;2023-03-21;1;2;2;7;0;3;9;0;14;192;157;670;3284;96;501;3376;0;1883
FR;10;2023-03-22;0;0;3;4;0;3;3;0;3;192;157;673;3288;96;504;3379;0;1886
FR;10;2023-03-23;9;9;4;6;9;1;8;0;13;201;166;677;3294;105;505;3387;0;1899
FR;10;2023-03-24;3;3;2;14;2;1;10;0;17;204;169;679;3308;107;506;3397;0;1916
FR;10;2023-03-25;1;3;0;4;1;3;5;0;8;205;172;679;3312;108;509;3402;0;1924
FR;10;2023-03-26;1;1;0;0;1;0;0;0;0;206;173;679;3312;109;509;3402;0;1924
FR;10;2023-03-27;0;2;3;4;2;3;2;0;16;206;175;682;3316;111;512;3404;0;1940
FR;10;2023-03-28;9;8;3;5;8;1;6;0;6;215;183;685;3321;119;513;3410;0;1946
FR;10;2023-03-29;7;7;3;2;6;4;2;0;6;222;190;688;3323;125;517;3412;0;1952
FR;10;2023-03-30;16;13;3;7;13;2;8;0;6;238;203;691;3330;138;519;3420;0;1958
FR;10;2023-03-31;8;6;4;12;5;4;13;0;19;246;209;695;3342;143;523;3433;0;1977
FR;10;2023-04-01;9;8;1;0;8;1;0;0;0;255;217;696;3342;151;524;3433;0;1977
FR;10;2023-04-02;1;0;0;0;0;0;0;0;1;256;217;696;3342;151;524;3433;0;1978
FR;10;2023-04-03;2;1;0;3;1;0;2;0;5;258;218;696;3345;152;524;3435;0;1983
FR;10;2023-04-04;0;1;0;3;1;0;3;0;5;258;219;696;3348;153;524;3438;0;1988
FR;10;2023-04-05;0;0;2;1;0;2;3;0;2;258;219;698;3349;153;526;3441;0;1990
FR;10;2023-04-06;2;2;4;4;2;1;7;0;2;260;221;702;3353;155;527;3448;0;1992
FR;10;2023-04-07;3;0;2;3;0;1;3;0;9;263;221;704;3356;155;528;3451;0;2001
FR;10;2023-04-08;0;0;1;0;0;1;0;0;0;263;221;705;3356;155;529;3451;0;2001
FR;10;2023-04-09;0;0;0;0;0;0;0;0;0;263;221;705;3356;155;529;3451;0;2001
FR;10;2023-04-10;0;0;2;0;0;0;2;0;0;263;221;707;3356;155;529;3453;0;2001
FR;10;2023-04-11;1;0;1;3;0;1;2;0;3;264;221;708;3359;155;530;3455;0;2004
FR;10;2023-04-12;0;0;2;1;0;1;2;0;4;264;221;710;3360;155;531;3457;0;2008
FR;10;2023-04-13;0;1;0;5;1;0;5;0;5;264;222;710;3365;156;531;3462;0;2013
FR;10;2023-04-14;3;0;1;7;0;1;4;0;5;267;222;711;3372;156;532;3466;0;2018
FR;10;2023-04-15;0;1;1;3;1;0;4;0;0;267;223;712;3375;157;532;3470;0;2018
FR;10;2023-04-16;0;0;0;2;0;0;2;0;0;267;223;712;3377;157;532;3472;0;2018
FR;10;2023-04-17;1;2;2;0;1;2;0;0;0;268;225;714;3377;158;534;3472;0;2018
FR;10;2023-04-18;2;2;1;3;2;1;0;0;2;270;227;715;3380;160;535;3472;0;2020
FR;10;2023-04-19;0;0;1;0;0;1;0;0;1;270;227;716;3380;160;536;3472;0;2021
FR;10;2023-04-20;0;2;1;1;1;2;1;0;2;270;229;717;3381;161;538;3473;0;2023
FR;10;2023-04-21;0;1;5;7;0;4;9;0;3;270;230;722;3388;161;542;3482;0;2026
FR;10;2023-04-22;1;1;0;2;1;0;2;0;1;271;231;722;3390;162;542;3484;0;2027
FR;10;2023-04-23;0;0;0;0;0;0;0;0;0;271;231;722;3390;162;542;3484;0;2027
FR;10;2023-04-24;0;1;0;0;1;0;0;0;4;271;232;722;3390;163;542;3484;0;2031
FR;10;2023-04-25;0;0;1;0;0;1;0;0;2;271;232;723;3390;163;543;3484;0;2033
FR;10;2023-04-26;1;0;2;1;1;2;1;0;1;272;232;725;3391;164;545;3485;0;2034
FR;10;2023-04-27;0;0;1;1;0;1;1;0;1;272;232;726;3392;164;546;3486;0;2035
FR;10;2023-04-28;0;1;2;5;1;0;5;0;6;272;233;728;3397;165;546;3491;0;2041
FR;10;2023-04-29;0;0;0;1;0;0;0;0;1;272;233;728;3398;165;546;3491;0;2042
FR;10;2023-04-30;0;0;0;0;0;0;0;0;0;272;233;728;3398;165;546;3491;0;2042
FR;10;2023-05-01;0;0;0;0;0;0;0;0;0;272;233;728;3398;165;546;3491;0;2042
FR;10;2023-05-02;2;1;0;2;2;0;2;0;4;274;234;728;3400;167;546;3493;0;2046
FR;10;2023-05-03;0;1;1;2;1;1;1;0;15;274;235;729;3402;168;547;3494;0;2061
FR;10;2023-05-04;0;1;1;0;1;1;0;0;1;274;236;730;3402;169;548;3494;0;2062
FR;10;2023-05-05;0;1;2;6;0;2;6;0;9;274;237;732;3408;169;550;3500;0;2071
FR;10;2023-05-06;0;0;3;3;0;2;4;0;1;274;237;735;3411;169;552;3504;0;2072
FR;10;2023-05-07;0;0;0;0;0;0;0;0;0;274;237;735;3411;169;552;3504;0;2072
FR;10;2023-05-08;0;0;0;0;0;0;0;0;0;274;237;735;3411;169;552;3504;0;2072
FR;10;2023-05-09;0;1;1;0;0;1;1;0;1;274;238;736;3411;169;553;3505;0;2073
FR;11;2020-12-27;0;0;0;0;0;0;0;0;0;0;0;0;0;0;0;0;0;0
FR;11;2020-12-28;0;0;0;0;0;0;0;0;0;0;0;0;0;0;0;0;0;0
FR;11;2020-12-29;0;0;0;0;0;0;0;0;0;0;0;0;0;0;0;0;0;0
FR;11;2020-12-30;0;0;0;0;0;0;0;0;0;0;0;0;0;0;0;0;0;0
FR;11;2020-12-31;0;0;0;0;0;0;0;0;0;0;0;0;0;0;0;0;0;0
FR;11;2021-01-01;0;0;0;0;0;0;0;0;0;0;0;0;0;0;0;0;0;0
FR;11;2021-01-02;0;0;0;0;0;0;0;0;0;0;0;0;0;0;0;0;0;0
FR;11;2021-01-03;0;0;0;0;0;0;0;0;0;0;0;0;0;0;0;0;0;0
FR;11;2021-01-04;0;0;0;0;0;0;0;0;0;0;0;0;0;0;0;0;0;0
FR;11;2021-01-05;0;0;0;0;0;0;0;0;0;0;0;0;0;0;0;0;0;0
FR;11;2021-01-06;0;0;0;0;0;0;0;0;0;0;0;0;0;0;0;0;0;0
FR;11;2021-01-07;0;0;0;0;0;0;0;0;0;0;0;0;0;0;0;0;0;0
FR;11;2021-01-08;0;0;0;0;0;0;0;0;0;0;0;0;0;0;0;0;0;0
FR;11;2021-01-09;0;0;0;0;0;0;0;0;0;0;0;0;0;0;0;0;0;0
FR;11;2021-01-10;0;0;0;0;0;0;0;0;0;0;0;0;0;0;0;0;0;0
FR;11;2021-01-11;0;0;0;0;0;0;0;0;0;0;0;0;0;0;0;0;0;0
FR;11;2021-01-12;0;0;0;0;0;0;0;0;0;0;0;0;0;0;0;0;0;0
FR;11;2021-01-13;0;0;0;0;0;0;0;0;0;0;0;0;0;0;0;0;0;0
FR;11;2021-01-14;0;0;0;0;0;0;0;0;0;0;0;0;0;0;0;0;0;0
FR;11;2021-01-15;0;0;0;0;0;0;0;0;0;0;0;0;0;0;0;0;0;0
FR;11;2021-01-16;0;0;0;0;0;0;0;0;0;0;0;0;0;0;0;0;0;0
FR;11;2021-01-17;0;0;0;0;0;0;0;0;0;0;0;0;0;0;0;0;0;0
FR;11;2021-01-18;0;0;0;0;0;0;0;0;0;0;0;0;0;0;0;0;0;0
FR;11;2021-01-19;0;0;0;0;0;0;0;0;0;0;0;0;0;0;0;0;0;0
FR;11;2021-01-20;0;0;0;0;0;0;0;0;0;0;0;0;0;0;0;0;0;0
FR;11;2021-01-21;0;0;0;0;0;0;0;0;0;0;0;0;0;0;0;0;0;0
FR;11;2021-01-22;0;0;0;0;0;0;0;0;0;0;0;0;0;0;0;0;0;0
FR;11;2021-01-23;0;0;0;0;0;0;0;0;0;0;0;0;0;0;0;0;0;0
FR;11;2021-01-24;0;0;0;0;0;0;0;0;0;0;0;0;0;0;0;0;0;0
FR;11;2021-01-25;0;0;0;0;0;0;0;0;0;0;0;0;0;0;0;0;0;0
FR;11;2021-01-26;0;0;0;0;0;0;0;0;0;0;0;0;0;0;0;0;0;0
FR;11;2021-01-27;0;0;0;0;0;0;0;0;0;0;0;0;0;0;0;0;0;0
FR;11;2021-01-28;0;0;0;0;0;0;0;0;0;0;0;0;0;0;0;0;0;0
FR;11;2021-01-29;0;0;0;0;0;0;0;0;0;0;0;0;0;0;0;0;0;0
FR;11;2021-01-30;0;0;0;0;0;0;0;0;0;0;0;0;0;0;0;0;0;0
FR;11;2021-01-31;0;0;0;0;0;0;0;0;0;0;0;0;0;0;0;0;0;0
FR;11;2021-02-01;0;0;0;0;0;0;0;0;0;0;0;0;0;0;0;0;0;0
FR;11;2021-02-02;0;0;0;0;0;0;0;0;0;0;0;0;0;0;0;0;0;0
FR;11;2021-02-03;0;0;0;0;0;0;0;0;0;0;0;0;0;0;0;0;0;0
FR;11;2021-02-04;0;0;0;0;0;0;0;0;0;0;0;0;0;0;0;0;0;0
FR;11;2021-02-05;0;0;0;0;0;0;0;0;0;0;0;0;0;0;0;0;0;0
FR;11;2021-02-06;0;0;0;0;0;0;0;0;0;0;0;0;0;0;0;0;0;0
FR;11;2021-02-07;0;0;0;0;0;0;0;0;0;0;0;0;0;0;0;0;0;0
FR;11;2021-02-08;0;0;0;0;0;0;0;0;0;0;0;0;0;0;0;0;0;0
FR;11;2021-02-09;0;0;0;0;0;0;0;0;0;0;0;0;0;0;0;0;0;0
FR;11;2021-02-10;0;0;0;0;0;0;0;0;0;0;0;0;0;0;0;0;0;0
FR;11;2021-02-11;0;0;0;0;0;0;0;0;0;0;0;0;0;0;0;0;0;0
FR;11;2021-02-12;0;0;0;0;0;0;0;0;0;0;0;0;0;0;0;0;0;0
FR;11;2021-02-13;0;0;0;0;0;0;0;0;0;0;0;0;0;0;0;0;0;0
FR;11;2021-02-14;0;0;0;0;0;0;0;0;0;0;0;0;0;0;0;0;0;0
FR;11;2021-02-15;0;0;0;0;0;0;0;0;0;0;0;0;0;0;0;0;0;0
FR;11;2021-02-16;0;0;0;0;0;0;0;0;0;0;0;0;0;0;0;0;0;0
FR;11;2021-02-17;0;0;0;0;0;0;0;0;0;0;0;0;0;0;0;0;0;0
FR;11;2021-02-18;0;0;0;0;0;0;0;0;0;0;0;0;0;0;0;0;0;0
FR;11;2021-02-19;0;0;0;0;0;0;0;0;0;0;0;0;0;0;0;0;0;0
FR;11;2021-02-20;0;0;0;0;0;0;0;0;0;0;0;0;0;0;0;0;0;0
FR;11;2021-02-21;0;0;0;0;0;0;0;0;0;0;0;0;0;0;0;0;0;0
FR;11;2021-02-22;0;0;0;0;0;0;0;0;0;0;0;0;0;0;0;0;0;0
FR;11;2021-02-23;0;0;0;0;0;0;0;0;0;0;0;0;0;0;0;0;0;0
FR;11;2021-02-24;0;0;0;0;0;0;0;0;0;0;0;0;0;0;0;0;0;0
FR;11;2021-02-25;0;0;0;0;0;0;0;0;0;0;0;0;0;0;0;0;0;0
FR;11;2021-02-26;0;0;0;0;0;0;0;0;0;0;0;0;0;0;0;0;0;0
FR;11;2021-02-27;0;0;0;0;0;0;0;0;0;0;0;0;0;0;0;0;0;0
FR;11;2021-02-28;0;0;0;0;0;0;0;0;0;0;0;0;0;0;0;0;0;0
FR;11;2021-03-01;0;0;0;0;0;0;0;0;0;0;0;0;0;0;0;0;0;0
FR;11;2021-03-02;0;0;0;0;0;0;0;0;0;0;0;0;0;0;0;0;0;0
FR;11;2021-03-03;0;0;0;0;0;0;0;0;0;0;0;0;0;0;0;0;0;0
FR;11;2021-03-04;0;0;0;0;0;0;0;0;0;0;0;0;0;0;0;0;0;0
FR;11;2021-03-05;0;0;0;0;0;0;0;0;0;0;0;0;0;0;0;0;0;0
FR;11;2021-03-06;0;0;0;0;0;0;0;0;0;0;0;0;0;0;0;0;0;0
FR;11;2021-03-07;0;0;0;0;0;0;0;0;0;0;0;0;0;0;0;0;0;0
FR;11;2021-03-08;0;0;0;0;0;0;0;0;0;0;0;0;0;0;0;0;0;0
FR;11;2021-03-09;0;0;0;0;0;0;0;0;0;0;0;0;0;0;0;0;0;0
FR;11;2021-03-10;0;0;0;0;0;0;0;0;0;0;0;0;0;0;0;0;0;0
FR;11;2021-03-11;0;0;0;0;0;0;0;0;0;0;0;0;0;0;0;0;0;0
FR;11;2021-03-12;0;0;0;0;0;0;0;0;0;0;0;0;0;0;0;0;0;0
FR;11;2021-03-13;0;0;0;0;0;0;0;0;0;0;0;0;0;0;0;0;0;0
FR;11;2021-03-14;0;0;0;0;0;0;0;0;0;0;0;0;0;0;0;0;0;0
FR;11;2021-03-15;0;0;0;0;0;0;0;0;0;0;0;0;0;0;0;0;0;0
FR;11;2021-03-16;0;0;0;0;0;0;0;0;0;0;0;0;0;0;0;0;0;0
FR;11;2021-03-17;0;0;0;0;0;0;0;0;0;0;0;0;0;0;0;0;0;0
FR;11;2021-03-18;0;0;0;0;0;0;0;0;0;0;0;0;0;0;0;0;0;0
FR;11;2021-03-19;0;0;0;0;0;0;0;0;0;0;0;0;0;0;0;0;0;0
FR;11;2021-03-20;0;0;0;0;0;0;0;0;0;0;0;0;0;0;0;0;0;0
FR;11;2021-03-21;0;0;0;0;0;0;0;0;0;0;0;0;0;0;0;0;0;0
FR;11;2021-03-22;0;0;0;0;0;0;0;0;0;0;0;0;0;0;0;0;0;0
FR;11;2021-03-23;0;0;0;0;0;0;0;0;0;0;0;0;0;0;0;0;0;0
FR;11;2021-03-24;0;0;0;0;0;0;0;0;0;0;0;0;0;0;0;0;0;0
FR;11;2021-03-25;0;0;0;0;0;0;0;0;0;0;0;0;0;0;0;0;0;0
FR;11;2021-03-26;0;0;0;0;0;0;0;0;0;0;0;0;0;0;0;0;0;0
FR;11;2021-03-27;0;0;0;0;0;0;0;0;0;0;0;0;0;0;0;0;0;0
FR;11;2021-03-28;0;0;0;0;0;0;0;0;0;0;0;0;0;0;0;0;0;0
FR;11;2021-03-29;0;0;0;0;0;0;0;0;0;0;0;0;0;0;0;0;0;0
FR;11;2021-03-30;0;0;0;0;0;0;0;0;0;0;0;0;0;0;0;0;0;0
FR;11;2021-03-31;0;0;0;0;0;0;0;0;0;0;0;0;0;0;0;0;0;0
FR;11;2021-04-01;0;0;0;0;0;0;0;0;0;0;0;0;0;0;0;0;0;0
FR;11;2021-04-02;0;0;0;0;0;0;0;0;0;0;0;0;0;0;0;0;0;0
FR;11;2021-04-03;0;0;0;0;0;0;0;0;0;0;0;0;0;0;0;0;0;0
FR;11;2021-04-04;0;0;0;0;0;0;0;0;0;0;0;0;0;0;0;0;0;0
FR;11;2021-04-05;0;0;0;0;0;0;0;0;0;0;0;0;0;0;0;0;0;0
FR;11;2021-04-06;0;0;0;0;0;0;0;0;0;0;0;0;0;0;0;0;0;0
FR;11;2021-04-07;0;0;0;0;0;0;0;0;0;0;0;0;0;0;0;0;0;0
FR;11;2021-04-08;0;0;0;0;0;0;0;0;0;0;0;0;0;0;0;0;0;0
FR;11;2021-04-09;0;0;0;0;0;0;0;0;0;0;0;0;0;0;0;0;0;0
FR;11;2021-04-10;0;0;0;0;0;0;0;0;0;0;0;0;0;0;0;0;0;0
FR;11;2021-04-11;0;0;0;0;0;0;0;0;0;0;0;0;0;0;0;0;0;0
FR;11;2021-04-12;0;0;0;0;0;0;0;0;0;0;0;0;0;0;0;0;0;0
FR;11;2021-04-13;0;0;0;0;0;0;0;0;0;0;0;0;0;0;0;0;0;0
FR;11;2021-04-14;0;0;0;0;0;0;0;0;0;0;0;0;0;0;0;0;0;0
FR;11;2021-04-15;0;0;0;0;0;0;0;0;0;0;0;0;0;0;0;0;0;0
FR;11;2021-04-16;0;0;0;0;0;0;0;0;0;0;0;0;0;0;0;0;0;0
FR;11;2021-04-17;0;0;0;0;0;0;0;0;0;0;0;0;0;0;0;0;0;0
FR;11;2021-04-18;0;0;0;0;0;0;0;0;0;0;0;0;0;0;0;0;0;0
FR;11;2021-04-19;0;0;0;0;0;0;0;0;0;0;0;0;0;0;0;0;0;0
FR;11;2021-04-20;0;0;0;0;0;0;0;0;0;0;0;0;0;0;0;0;0;0
FR;11;2021-04-21;0;0;0;0;0;0;0;0;0;0;0;0;0;0;0;0;0;0
FR;11;2021-04-22;0;0;0;0;0;0;0;0;0;0;0;0;0;0;0;0;0;0
FR;11;2021-04-23;0;0;0;0;0;0;0;0;0;0;0;0;0;0;0;0;0;0
FR;11;2021-04-24;0;0;0;0;0;0;0;0;0;0;0;0;0;0;0;0;0;0
FR;11;2021-04-25;0;0;0;0;0;0;0;0;0;0;0;0;0;0;0;0;0;0
FR;11;2021-04-26;0;0;0;0;0;0;0;0;0;0;0;0;0;0;0;0;0;0
FR;11;2021-04-27;0;0;0;0;0;0;0;0;0;0;0;0;0;0;0;0;0;0
FR;11;2021-04-28;0;0;0;0;0;0;0;0;0;0;0;0;0;0;0;0;0;0
FR;11;2021-04-29;0;0;0;0;0;0;0;0;0;0;0;0;0;0;0;0;0;0
FR;11;2021-04-30;0;0;0;0;0;0;0;0;0;0;0;0;0;0;0;0;0;0
FR;11;2021-05-01;0;0;0;0;0;0;0;0;0;0;0;0;0;0;0;0;0;0
FR;11;2021-05-02;0;0;0;0;0;0;0;0;0;0;0;0;0;0;0;0;0;0
FR;11;2021-05-03;0;0;0;0;0;0;0;0;0;0;0;0;0;0;0;0;0;0
FR;11;2021-05-04;0;0;0;0;0;0;0;0;0;0;0;0;0;0;0;0;0;0
FR;11;2021-05-05;0;0;0;0;0;0;0;0;0;0;0;0;0;0;0;0;0;0
FR;11;2021-05-06;0;0;0;0;0;0;0;0;0;0;0;0;0;0;0;0;0;0
FR;11;2021-05-07;0;0;0;0;0;0;0;0;0;0;0;0;0;0;0;0;0;0
FR;11;2021-05-08;0;0;0;0;0;0;0;0;0;0;0;0;0;0;0;0;0;0
FR;11;2021-05-09;0;0;0;0;0;0;0;0;0;0;0;0;0;0;0;0;0;0
FR;11;2021-05-10;0;0;0;0;0;0;0;0;0;0;0;0;0;0;0;0;0;0
FR;11;2021-05-11;0;0;0;0;0;0;0;0;0;0;0;0;0;0;0;0;0;0
FR;11;2021-05-12;0;0;0;0;0;0;0;0;0;0;0;0;0;0;0;0;0;0
FR;11;2021-05-13;0;0;0;0;0;0;0;0;0;0;0;0;0;0;0;0;0;0
FR;11;2021-05-14;0;0;0;0;0;0;0;0;0;0;0;0;0;0;0;0;0;0
FR;11;2021-05-15;0;0;0;0;0;0;0;0;0;0;0;0;0;0;0;0;0;0
FR;11;2021-05-16;0;0;0;0;0;0;0;0;0;0;0;0;0;0;0;0;0;0
FR;11;2021-05-17;0;0;0;0;0;0;0;0;0;0;0;0;0;0;0;0;0;0
FR;11;2021-05-18;0;0;0;0;0;0;0;0;0;0;0;0;0;0;0;0;0;0
FR;11;2021-05-19;0;0;0;0;0;0;0;0;0;0;0;0;0;0;0;0;0;0
FR;11;2021-05-20;0;0;0;0;0;0;0;0;0;0;0;0;0;0;0;0;0;0
FR;11;2021-05-21;0;0;0;0;0;0;0;0;0;0;0;0;0;0;0;0;0;0
FR;11;2021-05-22;0;0;0;0;0;0;0;0;0;0;0;0;0;0;0;0;0;0
FR;11;2021-05-23;0;0;0;0;0;0;0;0;0;0;0;0;0;0;0;0;0;0
FR;11;2021-05-24;0;0;0;0;0;0;0;0;0;0;0;0;0;0;0;0;0;0
FR;11;2021-05-25;0;0;0;0;0;0;0;0;0;0;0;0;0;0;0;0;0;0
FR;11;2021-05-26;0;0;0;0;0;0;0;0;0;0;0;0;0;0;0;0;0;0
FR;11;2021-05-27;0;0;0;0;0;0;0;0;0;0;0;0;0;0;0;0;0;0
FR;11;2021-05-28;0;0;0;0;0;0;0;0;0;0;0;0;0;0;0;0;0;0
FR;11;2021-05-29;0;0;0;0;0;0;0;0;0;0;0;0;0;0;0;0;0;0
FR;11;2021-05-30;0;0;0;0;0;0;0;0;0;0;0;0;0;0;0;0;0;0
FR;11;2021-05-31;0;0;0;0;0;0;0;0;0;0;0;0;0;0;0;0;0;0
FR;11;2021-06-01;0;0;0;0;0;0;0;0;0;0;0;0;0;0;0;0;0;0
FR;11;2021-06-02;0;0;0;0;0;0;0;0;0;0;0;0;0;0;0;0;0;0
FR;11;2021-06-03;0;0;0;0;0;0;0;0;0;0;0;0;0;0;0;0;0;0
FR;11;2021-06-04;0;0;0;0;0;0;0;0;0;0;0;0;0;0;0;0;0;0
FR;11;2021-06-05;0;0;0;0;0;0;0;0;0;0;0;0;0;0;0;0;0;0
FR;11;2021-06-06;0;0;0;0;0;0;0;0;0;0;0;0;0;0;0;0;0;0
FR;11;2021-06-07;0;0;0;0;0;0;0;0;0;0;0;0;0;0;0;0;0;0
FR;11;2021-06-08;0;0;0;0;0;0;0;0;0;0;0;0;0;0;0;0;0;0
FR;11;2021-06-09;0;0;0;0;0;0;0;0;0;0;0;0;0;0;0;0;0;0
FR;11;2021-06-10;0;0;0;0;0;0;0;0;0;0;0;0;0;0;0;0;0;0
FR;11;2021-06-11;0;0;0;0;0;0;0;0;0;0;0;0;0;0;0;0;0;0
FR;11;2021-06-12;0;0;0;0;0;0;0;0;0;0;0;0;0;0;0;0;0;0
FR;11;2021-06-13;0;0;0;0;0;0;0;0;0;0;0;0;0;0;0;0;0;0
FR;11;2021-06-14;0;0;0;0;0;0;0;0;0;0;0;0;0;0;0;0;0;0
FR;11;2021-06-15;0;0;0;0;0;0;0;0;0;0;0;0;0;0;0;0;0;0
FR;11;2021-06-16;0;0;0;0;0;0;0;0;0;0;0;0;0;0;0;0;0;0
FR;11;2021-06-17;0;0;0;0;0;0;0;0;0;0;0;0;0;0;0;0;0;0
FR;11;2021-06-18;0;0;0;0;0;0;0;0;0;0;0;0;0;0;0;0;0;0
FR;11;2021-06-19;0;0;0;0;0;0;0;0;0;0;0;0;0;0;0;0;0;0
FR;11;2021-06-20;0;0;0;0;0;0;0;0;0;0;0;0;0;0;0;0;0;0
FR;11;2021-06-21;0;0;0;0;0;0;0;0;0;0;0;0;0;0;0;0;0;0
FR;11;2021-06-22;0;0;0;0;0;0;0;0;0;0;0;0;0;0;0;0;0;0
FR;11;2021-06-23;0;0;0;0;0;0;0;0;0;0;0;0;0;0;0;0;0;0
FR;11;2021-06-24;0;0;0;0;0;0;0;0;0;0;0;0;0;0;0;0;0;0
FR;11;2021-06-25;0;0;0;0;0;0;0;0;0;0;0;0;0;0;0;0;0;0
FR;11;2021-06-26;0;0;0;0;0;0;0;0;0;0;0;0;0;0;0;0;0;0
FR;11;2021-06-27;0;0;0;0;0;0;0;0;0;0;0;0;0;0;0;0;0;0
FR;11;2021-06-28;0;0;0;0;0;0;0;0;0;0;0;0;0;0;0;0;0;0
FR;11;2021-06-29;0;0;0;0;0;0;0;0;0;0;0;0;0;0;0;0;0;0
FR;11;2021-06-30;0;0;0;0;0;0;0;0;0;0;0;0;0;0;0;0;0;0
FR;11;2021-07-01;0;0;0;0;0;0;0;0;0;0;0;0;0;0;0;0;0;0
FR;11;2021-07-02;0;0;0;0;0;0;0;0;0;0;0;0;0;0;0;0;0;0
FR;11;2021-07-03;0;0;0;0;0;0;0;0;0;0;0;0;0;0;0;0;0;0
FR;11;2021-07-04;0;0;0;0;0;0;0;0;0;0;0;0;0;0;0;0;0;0
FR;11;2021-07-05;0;0;0;0;0;0;0;0;0;0;0;0;0;0;0;0;0;0
FR;11;2021-07-06;0;0;0;0;0;0;0;0;0;0;0;0;0;0;0;0;0;0
FR;11;2021-07-07;0;0;0;0;0;0;0;0;0;0;0;0;0;0;0;0;0;0
FR;11;2021-07-08;0;0;0;0;0;0;0;0;0;0;0;0;0;0;0;0;0;0
FR;11;2021-07-09;0;0;0;0;0;0;0;0;0;0;0;0;0;0;0;0;0;0
FR;11;2021-07-10;0;0;0;0;0;0;0;0;0;0;0;0;0;0;0;0;0;0
FR;11;2021-07-11;0;0;0;0;0;0;0;0;0;0;0;0;0;0;0;0;0;0
FR;11;2021-07-12;0;0;0;0;0;0;0;0;0;0;0;0;0;0;0;0;0;0
FR;11;2021-07-13;0;0;0;0;0;0;0;0;0;0;0;0;0;0;0;0;0;0
FR;11;2021-07-14;0;0;0;0;0;0;0;0;0;0;0;0;0;0;0;0;0;0
FR;11;2021-07-15;0;0;0;0;0;0;0;0;0;0;0;0;0;0;0;0;0;0
FR;11;2021-07-16;0;0;0;0;0;0;0;0;0;0;0;0;0;0;0;0;0;0
FR;11;2021-07-17;0;0;0;0;0;0;0;0;0;0;0;0;0;0;0;0;0;0
FR;11;2021-07-18;0;0;0;0;0;0;0;0;0;0;0;0;0;0;0;0;0;0
FR;11;2021-07-19;0;0;0;0;0;0;0;0;0;0;0;0;0;0;0;0;0;0
FR;11;2021-07-20;0;0;0;0;0;0;0;0;0;0;0;0;0;0;0;0;0;0
FR;11;2021-07-21;0;0;0;0;0;0;0;0;0;0;0;0;0;0;0;0;0;0
FR;11;2021-07-22;0;0;0;0;0;0;0;0;0;0;0;0;0;0;0;0;0;0
FR;11;2021-07-23;0;0;0;0;0;0;0;0;0;0;0;0;0;0;0;0;0;0
FR;11;2021-07-24;0;0;0;0;0;0;0;0;0;0;0;0;0;0;0;0;0;0
FR;11;2021-07-25;0;0;0;0;0;0;0;0;0;0;0;0;0;0;0;0;0;0
FR;11;2021-07-26;0;0;0;0;0;0;0;0;0;0;0;0;0;0;0;0;0;0
FR;11;2021-07-27;0;0;0;0;0;0;0;0;0;0;0;0;0;0;0;0;0;0
FR;11;2021-07-28;0;0;0;0;0;0;0;0;0;0;0;0;0;0;0;0;0;0
FR;11;2021-07-29;0;0;0;0;0;0;0;0;0;0;0;0;0;0;0;0;0;0
FR;11;2021-07-30;0;0;0;0;0;0;0;0;0;0;0;0;0;0;0;0;0;0
FR;11;2021-07-31;0;0;0;0;0;0;0;0;0;0;0;0;0;0;0;0;0;0
FR;11;2021-08-01;0;0;0;0;0;0;0;0;0;0;0;0;0;0;0;0;0;0
FR;11;2021-08-02;0;0;0;0;0;0;0;0;0;0;0;0;0;0;0;0;0;0
FR;11;2021-08-03;0;0;0;0;0;0;0;0;0;0;0;0;0;0;0;0;0;0
FR;11;2021-08-04;0;0;0;0;0;0;0;0;0;0;0;0;0;0;0;0;0;0
FR;11;2021-08-05;0;0;0;0;0;0;0;0;0;0;0;0;0;0;0;0;0;0
FR;11;2021-08-06;0;0;0;0;0;0;0;0;0;0;0;0;0;0;0;0;0;0
FR;11;2021-08-07;0;0;0;0;0;0;0;0;0;0;0;0;0;0;0;0;0;0
FR;11;2021-08-08;0;0;0;0;0;0;0;0;0;0;0;0;0;0;0;0;0;0
FR;11;2021-08-09;0;0;0;0;0;0;0;0;0;0;0;0;0;0;0;0;0;0
FR;11;2021-08-10;0;0;0;0;0;0;0;0;0;0;0;0;0;0;0;0;0;0
FR;11;2021-08-11;0;0;0;0;0;0;0;0;0;0;0;0;0;0;0;0;0;0
FR;11;2021-08-12;0;0;0;0;0;0;0;0;0;0;0;0;0;0;0;0;0;0
FR;11;2021-08-13;0;0;0;0;0;0;0;0;0;0;0;0;0;0;0;0;0;0
FR;11;2021-08-14;0;0;0;0;0;0;0;0;0;0;0;0;0;0;0;0;0;0
FR;11;2021-08-15;0;0;0;0;0;0;0;0;0;0;0;0;0;0;0;0;0;0
FR;11;2021-08-16;0;0;0;0;0;0;0;0;0;0;0;0;0;0;0;0;0;0
FR;11;2021-08-17;0;0;0;0;0;0;0;0;0;0;0;0;0;0;0;0;0;0
FR;11;2021-08-18;0;0;0;0;0;0;0;0;0;0;0;0;0;0;0;0;0;0
FR;11;2021-08-19;0;0;0;0;0;0;0;0;0;0;0;0;0;0;0;0;0;0
FR;11;2021-08-20;0;0;0;0;0;0;0;0;0;0;0;0;0;0;0;0;0;0
FR;11;2021-08-21;0;0;0;0;0;0;0;0;0;0;0;0;0;0;0;0;0;0
FR;11;2021-08-22;0;0;0;0;0;0;0;0;0;0;0;0;0;0;0;0;0;0
FR;11;2021-08-23;0;0;0;0;0;0;0;0;0;0;0;0;0;0;0;0;0;0
FR;11;2021-08-24;0;0;0;0;0;0;0;0;0;0;0;0;0;0;0;0;0;0
FR;11;2021-08-25;0;0;0;0;0;0;0;0;0;0;0;0;0;0;0;0;0;0
FR;11;2021-08-26;0;0;0;0;0;0;0;0;0;0;0;0;0;0;0;0;0;0
FR;11;2021-08-27;0;0;0;0;0;0;0;0;0;0;0;0;0;0;0;0;0;0
FR;11;2021-08-28;0;0;0;0;0;0;0;0;0;0;0;0;0;0;0;0;0;0
FR;11;2021-08-29;0;0;0;0;0;0;0;0;0;0;0;0;0;0;0;0;0;0
FR;11;2021-08-30;0;0;0;0;0;0;0;0;0;0;0;0;0;0;0;0;0;0
FR;11;2021-08-31;0;0;0;0;0;0;0;0;0;0;0;0;0;0;0;0;0;0
FR;11;2021-09-01;0;0;0;0;0;0;0;0;0;0;0;0;0;0;0;0;0;0
FR;11;2021-09-02;0;0;0;0;0;0;0;0;0;0;0;0;0;0;0;0;0;0
FR;11;2021-09-03;0;0;0;0;0;0;0;0;0;0;0;0;0;0;0;0;0;0
FR;11;2021-09-04;0;0;0;0;0;0;0;0;0;0;0;0;0;0;0;0;0;0
FR;11;2021-09-05;0;0;0;0;0;0;0;0;0;0;0;0;0;0;0;0;0;0
FR;11;2021-09-06;0;0;0;0;0;0;0;0;0;0;0;0;0;0;0;0;0;0
FR;11;2021-09-07;0;0;0;0;0;0;0;0;0;0;0;0;0;0;0;0;0;0
FR;11;2021-09-08;0;0;0;0;0;0;0;0;0;0;0;0;0;0;0;0;0;0
FR;11;2021-09-09;0;0;0;0;0;0;0;0;0;0;0;0;0;0;0;0;0;0
FR;11;2021-09-10;0;0;0;0;0;0;0;0;0;0;0;0;0;0;0;0;0;0
FR;11;2021-09-11;0;0;0;0;0;0;0;0;0;0;0;0;0;0;0;0;0;0
FR;11;2021-09-12;0;0;0;0;0;0;0;0;0;0;0;0;0;0;0;0;0;0
FR;11;2021-09-13;0;0;0;0;0;0;0;0;0;0;0;0;0;0;0;0;0;0
FR;11;2021-09-14;0;0;0;0;0;0;0;0;0;0;0;0;0;0;0;0;0;0
FR;11;2021-09-15;0;0;0;0;0;0;0;0;0;0;0;0;0;0;0;0;0;0
FR;11;2021-09-16;0;0;0;0;0;0;0;0;0;0;0;0;0;0;0;0;0;0
FR;11;2021-09-17;0;0;0;0;0;0;0;0;0;0;0;0;0;0;0;0;0;0
FR;11;2021-09-18;0;0;0;0;0;0;0;0;0;0;0;0;0;0;0;0;0;0
FR;11;2021-09-19;0;0;0;0;0;0;0;0;0;0;0;0;0;0;0;0;0;0
FR;11;2021-09-20;0;0;0;0;0;0;0;0;0;0;0;0;0;0;0;0;0;0
FR;11;2021-09-21;0;0;0;0;0;0;0;0;0;0;0;0;0;0;0;0;0;0
FR;11;2021-09-22;0;0;0;0;0;0;0;0;0;0;0;0;0;0;0;0;0;0
FR;11;2021-09-23;0;0;0;0;0;0;0;0;0;0;0;0;0;0;0;0;0;0
FR;11;2021-09-24;0;0;0;0;0;0;0;0;0;0;0;0;0;0;0;0;0;0
FR;11;2021-09-25;0;0;0;0;0;0;0;0;0;0;0;0;0;0;0;0;0;0
FR;11;2021-09-26;0;0;0;0;0;0;0;0;0;0;0;0;0;0;0;0;0;0
FR;11;2021-09-27;0;0;0;0;0;0;0;0;0;0;0;0;0;0;0;0;0;0
FR;11;2021-09-28;0;0;0;0;0;0;0;0;0;0;0;0;0;0;0;0;0;0
FR;11;2021-09-29;0;0;0;0;0;0;0;0;0;0;0;0;0;0;0;0;0;0
FR;11;2021-09-30;0;0;0;0;0;0;0;0;0;0;0;0;0;0;0;0;0;0
FR;11;2021-10-01;0;0;0;0;0;0;0;0;0;0;0;0;0;0;0;0;0;0
FR;11;2021-10-02;0;0;0;0;0;0;0;0;0;0;0;0;0;0;0;0;0;0
FR;11;2021-10-03;0;0;0;0;0;0;0;0;0;0;0;0;0;0;0;0;0;0
FR;11;2021-10-04;0;0;0;0;0;0;0;0;0;0;0;0;0;0;0;0;0;0
FR;11;2021-10-05;0;0;0;0;0;0;0;0;0;0;0;0;0;0;0;0;0;0
FR;11;2021-10-06;0;0;0;0;0;0;0;0;0;0;0;0;0;0;0;0;0;0
FR;11;2021-10-07;0;0;0;0;0;0;0;0;0;0;0;0;0;0;0;0;0;0
FR;11;2021-10-08;0;0;0;0;0;0;0;0;0;0;0;0;0;0;0;0;0;0
FR;11;2021-10-09;0;0;0;0;0;0;0;0;0;0;0;0;0;0;0;0;0;0
FR;11;2021-10-10;0;0;0;0;0;0;0;0;0;0;0;0;0;0;0;0;0;0
FR;11;2021-10-11;0;0;0;0;0;0;0;0;0;0;0;0;0;0;0;0;0;0
FR;11;2021-10-12;0;0;0;0;0;0;0;0;0;0;0;0;0;0;0;0;0;0
FR;11;2021-10-13;0;0;0;0;0;0;0;0;0;0;0;0;0;0;0;0;0;0
FR;11;2021-10-14;0;0;0;0;0;0;0;0;0;0;0;0;0;0;0;0;0;0
FR;11;2021-10-15;0;0;0;0;0;0;0;0;0;0;0;0;0;0;0;0;0;0
FR;11;2021-10-16;0;0;0;0;0;0;0;0;0;0;0;0;0;0;0;0;0;0
FR;11;2021-10-17;0;0;0;0;0;0;0;0;0;0;0;0;0;0;0;0;0;0
FR;11;2021-10-18;0;0;0;0;0;0;0;0;0;0;0;0;0;0;0;0;0;0
FR;11;2021-10-19;0;0;0;0;0;0;0;0;0;0;0;0;0;0;0;0;0;0
FR;11;2021-10-20;0;0;0;0;0;0;0;0;0;0;0;0;0;0;0;0;0;0
FR;11;2021-10-21;0;0;0;0;0;0;0;0;0;0;0;0;0;0;0;0;0;0
FR;11;2021-10-22;0;0;0;0;0;0;0;0;0;0;0;0;0;0;0;0;0;0
FR;11;2021-10-23;0;0;0;0;0;0;0;0;0;0;0;0;0;0;0;0;0;0
FR;11;2021-10-24;0;0;0;0;0;0;0;0;0;0;0;0;0;0;0;0;0;0
FR;11;2021-10-25;0;0;0;0;0;0;0;0;0;0;0;0;0;0;0;0;0;0
FR;11;2021-10-26;0;0;0;0;0;0;0;0;0;0;0;0;0;0;0;0;0;0
FR;11;2021-10-27;0;0;0;0;0;0;0;0;0;0;0;0;0;0;0;0;0;0
FR;11;2021-10-28;0;0;0;0;0;0;0;0;0;0;0;0;0;0;0;0;0;0
FR;11;2021-10-29;0;0;0;0;0;0;0;0;0;0;0;0;0;0;0;0;0;0
FR;11;2021-10-30;0;0;0;0;0;0;0;0;0;0;0;0;0;0;0;0;0;0
FR;11;2021-10-31;0;0;0;0;0;0;0;0;0;0;0;0;0;0;0;0;0;0
FR;11;2021-11-01;0;0;0;0;0;0;0;0;0;0;0;0;0;0;0;0;0;0
FR;11;2021-11-02;0;0;0;0;0;0;0;0;0;0;0;0;0;0;0;0;0;0
FR;11;2021-11-03;0;0;0;0;0;0;0;0;0;0;0;0;0;0;0;0;0;0
FR;11;2021-11-04;0;0;0;0;0;0;0;0;0;0;0;0;0;0;0;0;0;0
FR;11;2021-11-05;0;0;0;0;0;0;0;0;0;0;0;0;0;0;0;0;0;0
FR;11;2021-11-06;0;0;0;0;0;0;0;0;0;0;0;0;0;0;0;0;0;0
FR;11;2021-11-07;0;0;0;0;0;0;0;0;0;0;0;0;0;0;0;0;0;0
FR;11;2021-11-08;0;0;0;0;0;0;0;0;0;0;0;0;0;0;0;0;0;0
FR;11;2021-11-09;0;0;0;0;0;0;0;0;0;0;0;0;0;0;0;0;0;0
FR;11;2021-11-10;0;0;0;0;0;0;0;0;0;0;0;0;0;0;0;0;0;0
FR;11;2021-11-11;0;0;0;0;0;0;0;0;0;0;0;0;0;0;0;0;0;0
FR;11;2021-11-12;0;0;0;0;0;0;0;0;0;0;0;0;0;0;0;0;0;0
FR;11;2021-11-13;0;0;0;0;0;0;0;0;0;0;0;0;0;0;0;0;0;0
FR;11;2021-11-14;0;0;0;0;0;0;0;0;0;0;0;0;0;0;0;0;0;0
FR;11;2021-11-15;0;0;0;0;0;0;0;0;0;0;0;0;0;0;0;0;0;0
FR;11;2021-11-16;0;0;0;0;0;0;0;0;0;0;0;0;0;0;0;0;0;0
FR;11;2021-11-17;0;0;0;0;0;0;0;0;0;0;0;0;0;0;0;0;0;0
FR;11;2021-11-18;0;0;0;0;0;0;0;0;0;0;0;0;0;0;0;0;0;0
FR;11;2021-11-19;0;0;0;0;0;0;0;0;0;0;0;0;0;0;0;0;0;0
FR;11;2021-11-20;0;0;0;0;0;0;0;0;0;0;0;0;0;0;0;0;0;0
FR;11;2021-11-21;0;0;0;0;0;0;0;0;0;0;0;0;0;0;0;0;0;0
FR;11;2021-11-22;0;0;0;0;0;0;0;0;0;0;0;0;0;0;0;0;0;0
FR;11;2021-11-23;0;0;0;0;0;0;0;0;0;0;0;0;0;0;0;0;0;0
FR;11;2021-11-24;0;0;0;0;0;0;0;0;0;0;0;0;0;0;0;0;0;0
FR;11;2021-11-25;0;0;0;0;0;0;0;0;0;0;0;0;0;0;0;0;0;0
FR;11;2021-11-26;0;0;0;0;0;0;0;0;0;0;0;0;0;0;0;0;0;0
FR;11;2021-11-27;0;0;0;0;0;0;0;0;0;0;0;0;0;0;0;0;0;0
FR;11;2021-11-28;0;0;0;0;0;0;0;0;0;0;0;0;0;0;0;0;0;0
FR;11;2021-11-29;0;0;0;0;0;0;0;0;0;0;0;0;0;0;0;0;0;0
FR;11;2021-11-30;0;0;0;0;0;0;0;0;0;0;0;0;0;0;0;0;0;0
FR;11;2021-12-01;0;0;0;0;0;0;0;0;0;0;0;0;0;0;0;0;0;0
FR;11;2021-12-02;0;0;0;0;0;0;0;0;0;0;0;0;0;0;0;0;0;0
FR;11;2021-12-03;0;0;0;0;0;0;0;0;0;0;0;0;0;0;0;0;0;0
FR;11;2021-12-04;0;0;0;0;0;0;0;0;0;0;0;0;0;0;0;0;0;0
FR;11;2021-12-05;0;0;0;0;0;0;0;0;0;0;0;0;0;0;0;0;0;0
FR;11;2021-12-06;0;0;0;0;0;0;0;0;0;0;0;0;0;0;0;0;0;0
FR;11;2021-12-07;0;0;0;0;0;0;0;0;0;0;0;0;0;0;0;0;0;0
FR;11;2021-12-08;0;0;0;0;0;0;0;0;0;0;0;0;0;0;0;0;0;0
FR;11;2021-12-09;0;0;0;0;0;0;0;0;0;0;0;0;0;0;0;0;0;0
FR;11;2021-12-10;0;0;0;0;0;0;0;0;0;0;0;0;0;0;0;0;0;0
FR;11;2021-12-11;0;0;0;0;0;0;0;0;0;0;0;0;0;0;0;0;0;0
FR;11;2021-12-12;0;0;0;0;0;0;0;0;0;0;0;0;0;0;0;0;0;0
FR;11;2021-12-13;0;0;0;0;0;0;0;0;0;0;0;0;0;0;0;0;0;0
FR;11;2021-12-14;0;0;0;0;0;0;0;0;0;0;0;0;0;0;0;0;0;0
FR;11;2021-12-15;0;0;0;0;0;0;0;0;0;0;0;0;0;0;0;0;0;0
FR;11;2021-12-16;0;0;0;0;0;0;0;0;0;0;0;0;0;0;0;0;0;0
FR;11;2021-12-17;0;0;0;0;0;0;0;0;0;0;0;0;0;0;0;0;0;0
FR;11;2021-12-18;0;0;0;0;0;0;0;0;0;0;0;0;0;0;0;0;0;0
FR;11;2021-12-19;0;0;0;0;0;0;0;0;0;0;0;0;0;0;0;0;0;0
FR;11;2021-12-20;0;0;0;0;0;0;0;0;0;0;0;0;0;0;0;0;0;0
FR;11;2021-12-21;0;0;0;0;0;0;0;0;0;0;0;0;0;0;0;0;0;0
FR;11;2021-12-22;0;0;0;0;0;0;0;0;0;0;0;0;0;0;0;0;0;0
FR;11;2021-12-23;0;0;0;0;0;0;0;0;0;0;0;0;0;0;0;0;0;0
FR;11;2021-12-24;0;0;0;0;0;0;0;0;0;0;0;0;0;0;0;0;0;0
FR;11;2021-12-25;0;0;0;0;0;0;0;0;0;0;0;0;0;0;0;0;0;0
FR;11;2021-12-26;0;0;0;0;0;0;0;0;0;0;0;0;0;0;0;0;0;0
FR;11;2021-12-27;0;0;0;0;0;0;0;0;0;0;0;0;0;0;0;0;0;0
FR;11;2021-12-28;0;0;0;0;0;0;0;0;0;0;0;0;0;0;0;0;0;0
FR;11;2021-12-29;0;0;0;0;0;0;0;0;0;0;0;0;0;0;0;0;0;0
FR;11;2021-12-30;0;0;0;0;0;0;0;0;0;0;0;0;0;0;0;0;0;0
FR;11;2021-12-31;0;0;0;0;0;0;0;0;0;0;0;0;0;0;0;0;0;0
FR;11;2022-01-01;0;0;0;0;0;0;0;0;0;0;0;0;0;0;0;0;0;0
FR;11;2022-01-02;0;0;0;0;0;0;0;0;0;0;0;0;0;0;0;0;0;0
FR;11;2022-01-03;0;0;0;0;0;0;0;0;0;0;0;0;0;0;0;0;0;0
FR;11;2022-01-04;0;0;0;0;0;0;0;0;0;0;0;0;0;0;0;0;0;0
FR;11;2022-01-05;0;0;0;0;0;0;0;0;0;0;0;0;0;0;0;0;0;0
FR;11;2022-01-06;0;0;0;0;0;0;0;0;0;0;0;0;0;0;0;0;0;0
FR;11;2022-01-07;0;0;0;0;0;0;0;0;0;0;0;0;0;0;0;0;0;0
FR;11;2022-01-08;0;0;0;0;0;0;0;0;0;0;0;0;0;0;0;0;0;0
FR;11;2022-01-09;0;0;0;0;0;0;0;0;0;0;0;0;0;0;0;0;0;0
FR;11;2022-01-10;0;0;0;0;0;0;0;0;0;0;0;0;0;0;0;0;0;0
FR;11;2022-01-11;0;0;0;0;0;0;0;0;0;0;0;0;0;0;0;0;0;0
FR;11;2022-01-12;0;0;0;0;0;0;0;0;0;0;0;0;0;0;0;0;0;0
FR;11;2022-01-13;0;0;0;0;0;0;0;0;0;0;0;0;0;0;0;0;0;0
FR;11;2022-01-14;0;0;0;0;0;0;0;0;0;0;0;0;0;0;0;0;0;0
FR;11;2022-01-15;0;0;0;0;0;0;0;0;0;0;0;0;0;0;0;0;0;0
FR;11;2022-01-16;0;0;0;0;0;0;0;0;0;0;0;0;0;0;0;0;0;0
FR;11;2022-01-17;0;0;0;0;0;0;0;0;0;0;0;0;0;0;0;0;0;0
FR;11;2022-01-18;0;0;0;0;0;0;0;0;0;0;0;0;0;0;0;0;0;0
FR;11;2022-01-19;0;0;0;0;0;0;0;0;0;0;0;0;0;0;0;0;0;0
FR;11;2022-01-20;0;0;0;0;0;0;0;0;0;0;0;0;0;0;0;0;0;0
FR;11;2022-01-21;0;0;0;0;0;0;0;0;0;0;0;0;0;0;0;0;0;0
FR;11;2022-01-22;0;0;0;0;0;0;0;0;0;0;0;0;0;0;0;0;0;0
FR;11;2022-01-23;0;0;0;0;0;0;0;0;0;0;0;0;0;0;0;0;0;0
FR;11;2022-01-24;0;0;0;0;0;0;0;0;0;0;0;0;0;0;0;0;0;0
FR;11;2022-01-25;0;0;0;0;0;0;0;0;0;0;0;0;0;0;0;0;0;0
FR;11;2022-01-26;0;0;0;0;0;0;0;0;0;0;0;0;0;0;0;0;0;0
FR;11;2022-01-27;0;0;0;0;0;0;0;0;0;0;0;0;0;0;0;0;0;0
FR;11;2022-01-28;0;0;0;0;0;0;0;0;0;0;0;0;0;0;0;0;0;0
FR;11;2022-01-29;0;0;0;0;0;0;0;0;0;0;0;0;0;0;0;0;0;0
FR;11;2022-01-30;0;0;0;0;0;0;0;0;0;0;0;0;0;0;0;0;0;0
FR;11;2022-01-31;0;0;0;0;0;0;0;0;0;0;0;0;0;0;0;0;0;0
FR;11;2022-02-01;0;0;0;0;0;0;0;0;0;0;0;0;0;0;0;0;0;0
FR;11;2022-02-02;0;0;0;0;0;0;0;0;0;0;0;0;0;0;0;0;0;0
FR;11;2022-02-03;0;0;0;0;0;0;0;0;0;0;0;0;0;0;0;0;0;0
FR;11;2022-02-04;0;0;0;0;0;0;0;0;0;0;0;0;0;0;0;0;0;0
FR;11;2022-02-05;0;0;0;0;0;0;0;0;0;0;0;0;0;0;0;0;0;0
FR;11;2022-02-06;0;0;0;0;0;0;0;0;0;0;0;0;0;0;0;0;0;0
FR;11;2022-02-07;0;0;0;0;0;0;0;0;0;0;0;0;0;0;0;0;0;0
FR;11;2022-02-08;0;0;0;0;0;0;0;0;0;0;0;0;0;0;0;0;0;0
FR;11;2022-02-09;0;0;0;0;0;0;0;0;0;0;0;0;0;0;0;0;0;0
FR;11;2022-02-10;0;0;0;0;0;0;0;0;0;0;0;0;0;0;0;0;0;0
FR;11;2022-02-11;0;0;0;0;0;0;0;0;0;0;0;0;0;0;0;0;0;0
FR;11;2022-02-12;0;0;0;0;0;0;0;0;0;0;0;0;0;0;0;0;0;0
FR;11;2022-02-13;0;0;0;0;0;0;0;0;0;0;0;0;0;0;0;0;0;0
FR;11;2022-02-14;0;0;0;0;0;0;0;0;0;0;0;0;0;0;0;0;0;0
FR;11;2022-02-15;0;0;0;0;0;0;0;0;0;0;0;0;0;0;0;0;0;0
FR;11;2022-02-16;0;0;0;0;0;0;0;0;0;0;0;0;0;0;0;0;0;0
FR;11;2022-02-17;0;0;0;0;0;0;0;0;0;0;0;0;0;0;0;0;0;0
FR;11;2022-02-18;0;0;0;0;0;0;0;0;0;0;0;0;0;0;0;0;0;0
FR;11;2022-02-19;0;0;0;0;0;0;0;0;0;0;0;0;0;0;0;0;0;0
FR;11;2022-02-20;0;0;0;0;0;0;0;0;0;0;0;0;0;0;0;0;0;0
FR;11;2022-02-21;0;0;0;0;0;0;0;0;0;0;0;0;0;0;0;0;0;0
FR;11;2022-02-22;0;0;0;0;0;0;0;0;0;0;0;0;0;0;0;0;0;0
FR;11;2022-02-23;0;0;0;0;0;0;0;0;0;0;0;0;0;0;0;0;0;0
FR;11;2022-02-24;0;0;0;0;0;0;0;0;0;0;0;0;0;0;0;0;0;0
FR;11;2022-02-25;0;0;0;0;0;0;0;0;0;0;0;0;0;0;0;0;0;0
FR;11;2022-02-26;0;0;0;0;0;0;0;0;0;0;0;0;0;0;0;0;0;0
FR;11;2022-02-27;0;0;0;0;0;0;0;0;0;0;0;0;0;0;0;0;0;0
FR;11;2022-02-28;0;0;0;0;0;0;0;0;0;0;0;0;0;0;0;0;0;0
FR;11;2022-03-01;0;0;0;0;0;0;0;0;0;0;0;0;0;0;0;0;0;0
FR;11;2022-03-02;0;0;0;0;0;0;0;0;0;0;0;0;0;0;0;0;0;0
FR;11;2022-03-03;0;0;0;0;0;0;0;0;0;0;0;0;0;0;0;0;0;0
FR;11;2022-03-04;0;0;0;0;0;0;0;0;0;0;0;0;0;0;0;0;0;0
FR;11;2022-03-05;0;0;0;0;0;0;0;0;0;0;0;0;0;0;0;0;0;0
FR;11;2022-03-06;0;0;0;0;0;0;0;0;0;0;0;0;0;0;0;0;0;0
FR;11;2022-03-07;0;0;0;0;0;0;0;0;0;0;0;0;0;0;0;0;0;0
FR;11;2022-03-08;0;0;0;0;0;0;0;0;0;0;0;0;0;0;0;0;0;0
FR;11;2022-03-09;0;0;0;0;0;0;0;0;0;0;0;0;0;0;0;0;0;0
FR;11;2022-03-10;0;0;0;0;0;0;0;0;0;0;0;0;0;0;0;0;0;0
FR;11;2022-03-11;0;0;0;0;0;0;0;0;0;0;0;0;0;0;0;0;0;0
FR;11;2022-03-12;0;0;0;0;0;0;0;0;0;0;0;0;0;0;0;0;0;0
FR;11;2022-03-13;0;0;0;0;0;0;0;0;0;0;0;0;0;0;0;0;0;0
FR;11;2022-03-14;0;0;0;0;0;0;0;0;0;0;0;0;0;0;0;0;0;0
FR;11;2022-03-15;0;0;0;0;0;0;0;0;0;0;0;0;0;0;0;0;0;0
FR;11;2022-03-16;0;0;0;0;0;0;0;0;0;0;0;0;0;0;0;0;0;0
FR;11;2022-03-17;0;0;0;0;0;0;0;0;0;0;0;0;0;0;0;0;0;0
FR;11;2022-03-18;0;0;0;0;0;0;0;0;0;0;0;0;0;0;0;0;0;0
FR;11;2022-03-19;0;0;0;0;0;0;0;0;0;0;0;0;0;0;0;0;0;0
FR;11;2022-03-20;0;0;0;0;0;0;0;0;0;0;0;0;0;0;0;0;0;0
FR;11;2022-03-21;0;0;0;0;0;0;0;0;0;0;0;0;0;0;0;0;0;0
FR;11;2022-03-22;0;0;0;0;0;0;0;0;0;0;0;0;0;0;0;0;0;0
FR;11;2022-03-23;0;0;0;0;0;0;0;0;0;0;0;0;0;0;0;0;0;0
FR;11;2022-03-24;0;0;0;0;0;0;0;0;0;0;0;0;0;0;0;0;0;0
FR;11;2022-03-25;0;0;0;0;0;0;0;0;0;0;0;0;0;0;0;0;0;0
FR;11;2022-03-26;0;0;0;0;0;0;0;0;0;0;0;0;0;0;0;0;0;0
FR;11;2022-03-27;0;0;0;0;0;0;0;0;0;0;0;0;0;0;0;0;0;0
FR;11;2022-03-28;0;0;0;0;0;0;0;0;0;0;0;0;0;0;0;0;0;0
FR;11;2022-03-29;0;0;0;0;0;0;0;0;0;0;0;0;0;0;0;0;0;0
FR;11;2022-03-30;0;0;0;0;0;0;0;0;0;0;0;0;0;0;0;0;0;0
FR;11;2022-03-31;0;0;0;0;0;0;0;0;0;0;0;0;0;0;0;0;0;0
FR;11;2022-04-01;0;0;0;0;0;0;0;0;0;0;0;0;0;0;0;0;0;0
FR;11;2022-04-02;0;0;0;0;0;0;0;0;0;0;0;0;0;0;0;0;0;0
FR;11;2022-04-03;0;0;0;0;0;0;0;0;0;0;0;0;0;0;0;0;0;0
FR;11;2022-04-04;0;0;0;0;0;0;0;0;0;0;0;0;0;0;0;0;0;0
FR;11;2022-04-05;0;0;0;0;0;0;0;0;0;0;0;0;0;0;0;0;0;0
FR;11;2022-04-06;0;0;0;0;0;0;0;0;0;0;0;0;0;0;0;0;0;0
FR;11;2022-04-07;0;0;0;0;0;0;0;0;0;0;0;0;0;0;0;0;0;0
FR;11;2022-04-08;0;0;0;0;0;0;0;0;0;0;0;0;0;0;0;0;0;0
FR;11;2022-04-09;0;0;0;0;0;0;0;0;0;0;0;0;0;0;0;0;0;0
FR;11;2022-04-10;0;0;0;0;0;0;0;0;0;0;0;0;0;0;0;0;0;0
FR;11;2022-04-11;0;0;0;0;0;0;0;0;0;0;0;0;0;0;0;0;0;0
FR;11;2022-04-12;0;0;0;0;0;0;0;0;0;0;0;0;0;0;0;0;0;0
FR;11;2022-04-13;0;0;0;0;0;0;0;0;0;0;0;0;0;0;0;0;0;0
FR;11;2022-04-14;0;0;0;0;0;0;0;0;0;0;0;0;0;0;0;0;0;0
FR;11;2022-04-15;0;0;0;0;0;0;0;0;0;0;0;0;0;0;0;0;0;0
FR;11;2022-04-16;0;0;0;0;0;0;0;0;0;0;0;0;0;0;0;0;0;0
FR;11;2022-04-17;0;0;0;0;0;0;0;0;0;0;0;0;0;0;0;0;0;0
FR;11;2022-04-18;0;0;0;0;0;0;0;0;0;0;0;0;0;0;0;0;0;0
FR;11;2022-04-19;0;0;0;0;0;0;0;0;0;0;0;0;0;0;0;0;0;0
FR;11;2022-04-20;0;0;0;0;0;0;0;0;0;0;0;0;0;0;0;0;0;0
FR;11;2022-04-21;0;0;0;0;0;0;0;0;0;0;0;0;0;0;0;0;0;0
FR;11;2022-04-22;0;0;0;0;0;0;0;0;0;0;0;0;0;0;0;0;0;0
FR;11;2022-04-23;0;0;0;0;0;0;0;0;0;0;0;0;0;0;0;0;0;0
FR;11;2022-04-24;0;0;0;0;0;0;0;0;0;0;0;0;0;0;0;0;0;0
FR;11;2022-04-25;0;0;0;0;0;0;0;0;0;0;0;0;0;0;0;0;0;0
FR;11;2022-04-26;0;0;0;0;0;0;0;0;0;0;0;0;0;0;0;0;0;0
FR;11;2022-04-27;0;0;0;0;0;0;0;0;0;0;0;0;0;0;0;0;0;0
FR;11;2022-04-28;0;0;0;0;0;0;0;0;0;0;0;0;0;0;0;0;0;0
FR;11;2022-04-29;0;0;0;0;0;0;0;0;0;0;0;0;0;0;0;0;0;0
FR;11;2022-04-30;0;0;0;0;0;0;0;0;0;0;0;0;0;0;0;0;0;0
FR;11;2022-05-01;0;0;0;0;0;0;0;0;0;0;0;0;0;0;0;0;0;0
FR;11;2022-05-02;0;0;0;0;0;0;0;0;0;0;0;0;0;0;0;0;0;0
FR;11;2022-05-03;0;0;0;0;0;0;0;0;0;0;0;0;0;0;0;0;0;0
FR;11;2022-05-04;0;0;0;0;0;0;0;0;0;0;0;0;0;0;0;0;0;0
FR;11;2022-05-05;0;0;0;0;0;0;0;0;0;0;0;0;0;0;0;0;0;0
FR;11;2022-05-06;0;0;0;0;0;0;0;0;0;0;0;0;0;0;0;0;0;0
FR;11;2022-05-07;0;0;0;0;0;0;0;0;0;0;0;0;0;0;0;0;0;0
FR;11;2022-05-08;0;0;0;0;0;0;0;0;0;0;0;0;0;0;0;0;0;0
FR;11;2022-05-09;0;0;0;0;0;0;0;0;0;0;0;0;0;0;0;0;0;0
FR;11;2022-05-10;0;0;0;0;0;0;0;0;0;0;0;0;0;0;0;0;0;0
FR;11;2022-05-11;0;0;0;0;0;0;0;0;0;0;0;0;0;0;0;0;0;0
FR;11;2022-05-12;0;0;0;0;0;0;0;0;0;0;0;0;0;0;0;0;0;0
FR;11;2022-05-13;0;0;0;0;0;0;0;0;0;0;0;0;0;0;0;0;0;0
FR;11;2022-05-14;0;0;0;0;0;0;0;0;0;0;0;0;0;0;0;0;0;0
FR;11;2022-05-15;0;0;0;0;0;0;0;0;0;0;0;0;0;0;0;0;0;0
FR;11;2022-05-16;0;0;0;0;0;0;0;0;0;0;0;0;0;0;0;0;0;0
FR;11;2022-05-17;0;0;0;0;0;0;0;0;0;0;0;0;0;0;0;0;0;0
FR;11;2022-05-18;0;0;0;0;0;0;0;0;0;0;0;0;0;0;0;0;0;0
FR;11;2022-05-19;0;0;0;0;0;0;0;0;0;0;0;0;0;0;0;0;0;0
FR;11;2022-05-20;0;0;0;0;0;0;0;0;0;0;0;0;0;0;0;0;0;0
FR;11;2022-05-21;0;0;0;0;0;0;0;0;0;0;0;0;0;0;0;0;0;0
FR;11;2022-05-22;0;0;0;0;0;0;0;0;0;0;0;0;0;0;0;0;0;0
FR;11;2022-05-23;0;0;0;0;0;0;0;0;0;0;0;0;0;0;0;0;0;0
FR;11;2022-05-24;0;0;0;0;0;0;0;0;0;0;0;0;0;0;0;0;0;0
FR;11;2022-05-25;0;0;0;0;0;0;0;0;0;0;0;0;0;0;0;0;0;0
FR;11;2022-05-26;0;0;0;0;0;0;0;0;0;0;0;0;0;0;0;0;0;0
FR;11;2022-05-27;0;0;0;0;0;0;0;0;0;0;0;0;0;0;0;0;0;0
FR;11;2022-05-28;0;0;0;0;0;0;0;0;0;0;0;0;0;0;0;0;0;0
FR;11;2022-05-29;0;0;0;0;0;0;0;0;0;0;0;0;0;0;0;0;0;0
FR;11;2022-05-30;0;0;0;0;0;0;0;0;0;0;0;0;0;0;0;0;0;0
FR;11;2022-05-31;0;0;0;0;0;0;0;0;0;0;0;0;0;0;0;0;0;0
FR;11;2022-06-01;0;0;0;0;0;0;0;0;0;0;0;0;0;0;0;0;0;0
FR;11;2022-06-02;0;0;0;0;0;0;0;0;0;0;0;0;0;0;0;0;0;0
FR;11;2022-06-03;0;0;0;0;0;0;0;0;0;0;0;0;0;0;0;0;0;0
FR;11;2022-06-04;0;0;0;0;0;0;0;0;0;0;0;0;0;0;0;0;0;0
FR;11;2022-06-05;0;0;0;0;0;0;0;0;0;0;0;0;0;0;0;0;0;0
FR;11;2022-06-06;0;0;0;0;0;0;0;0;0;0;0;0;0;0;0;0;0;0
FR;11;2022-06-07;0;0;0;0;0;0;0;0;0;0;0;0;0;0;0;0;0;0
FR;11;2022-06-08;0;0;0;0;0;0;0;0;0;0;0;0;0;0;0;0;0;0
FR;11;2022-06-09;0;0;0;0;0;0;0;0;0;0;0;0;0;0;0;0;0;0
FR;11;2022-06-10;0;0;0;0;0;0;0;0;0;0;0;0;0;0;0;0;0;0
FR;11;2022-06-11;0;0;0;0;0;0;0;0;0;0;0;0;0;0;0;0;0;0
FR;11;2022-06-12;0;0;0;0;0;0;0;0;0;0;0;0;0;0;0;0;0;0
FR;11;2022-06-13;0;0;0;0;0;0;0;0;0;0;0;0;0;0;0;0;0;0
FR;11;2022-06-14;0;0;0;0;0;0;0;0;0;0;0;0;0;0;0;0;0;0
FR;11;2022-06-15;0;0;0;0;0;0;0;0;0;0;0;0;0;0;0;0;0;0
FR;11;2022-06-16;0;0;0;0;0;0;0;0;0;0;0;0;0;0;0;0;0;0
FR;11;2022-06-17;0;0;0;0;0;0;0;0;0;0;0;0;0;0;0;0;0;0
FR;11;2022-06-18;0;0;0;0;0;0;0;0;0;0;0;0;0;0;0;0;0;0
FR;11;2022-06-19;0;0;0;0;0;0;0;0;0;0;0;0;0;0;0;0;0;0
FR;11;2022-06-20;0;0;0;0;0;0;0;0;0;0;0;0;0;0;0;0;0;0
FR;11;2022-06-21;0;0;0;0;0;0;0;0;0;0;0;0;0;0;0;0;0;0
FR;11;2022-06-22;0;0;0;0;0;0;0;0;0;0;0;0;0;0;0;0;0;0
FR;11;2022-06-23;0;0;0;0;0;0;0;0;0;0;0;0;0;0;0;0;0;0
FR;11;2022-06-24;0;0;0;0;0;0;0;0;0;0;0;0;0;0;0;0;0;0
FR;11;2022-06-25;0;0;0;0;0;0;0;0;0;0;0;0;0;0;0;0;0;0
FR;11;2022-06-26;0;0;0;0;0;0;0;0;0;0;0;0;0;0;0;0;0;0
FR;11;2022-06-27;0;0;0;0;0;0;0;0;0;0;0;0;0;0;0;0;0;0
FR;11;2022-06-28;0;0;0;0;0;0;0;0;0;0;0;0;0;0;0;0;0;0
FR;11;2022-06-29;0;0;0;0;0;0;0;0;0;0;0;0;0;0;0;0;0;0
FR;11;2022-06-30;0;0;0;0;0;0;0;0;0;0;0;0;0;0;0;0;0;0
FR;11;2022-07-01;0;0;0;0;0;0;0;0;0;0;0;0;0;0;0;0;0;0
FR;11;2022-07-02;0;0;0;0;0;0;0;0;0;0;0;0;0;0;0;0;0;0
FR;11;2022-07-03;0;0;0;0;0;0;0;0;0;0;0;0;0;0;0;0;0;0
FR;11;2022-07-04;0;0;0;0;0;0;0;0;0;0;0;0;0;0;0;0;0;0
FR;11;2022-07-05;0;0;0;0;0;0;0;0;0;0;0;0;0;0;0;0;0;0
FR;11;2022-07-06;0;0;0;0;0;0;0;0;0;0;0;0;0;0;0;0;0;0
FR;11;2022-07-07;0;0;0;0;0;0;0;0;0;0;0;0;0;0;0;0;0;0
FR;11;2022-07-08;0;0;0;0;0;0;0;0;0;0;0;0;0;0;0;0;0;0
FR;11;2022-07-09;0;0;0;0;0;0;0;0;0;0;0;0;0;0;0;0;0;0
FR;11;2022-07-10;0;0;0;0;0;0;0;0;0;0;0;0;0;0;0;0;0;0
FR;11;2022-07-11;0;0;0;0;0;0;0;0;0;0;0;0;0;0;0;0;0;0
FR;11;2022-07-12;0;0;0;0;0;0;0;0;0;0;0;0;0;0;0;0;0;0
FR;11;2022-07-13;0;0;0;0;0;0;0;0;0;0;0;0;0;0;0;0;0;0
FR;11;2022-07-14;0;0;0;0;0;0;0;0;0;0;0;0;0;0;0;0;0;0
FR;11;2022-07-15;0;0;0;0;0;0;0;0;0;0;0;0;0;0;0;0;0;0
FR;11;2022-07-16;0;0;0;0;0;0;0;0;0;0;0;0;0;0;0;0;0;0
FR;11;2022-07-17;0;0;0;0;0;0;0;0;0;0;0;0;0;0;0;0;0;0
FR;11;2022-07-18;0;0;0;0;0;0;0;0;0;0;0;0;0;0;0;0;0;0
FR;11;2022-07-19;0;0;0;0;0;0;0;0;0;0;0;0;0;0;0;0;0;0
FR;11;2022-07-20;0;0;0;0;0;0;0;0;0;0;0;0;0;0;0;0;0;0
FR;11;2022-07-21;0;0;0;0;0;0;0;0;0;0;0;0;0;0;0;0;0;0
FR;11;2022-07-22;0;0;0;0;0;0;0;0;0;0;0;0;0;0;0;0;0;0
FR;11;2022-07-23;0;0;0;0;0;0;0;0;0;0;0;0;0;0;0;0;0;0
FR;11;2022-07-24;0;0;0;0;0;0;0;0;0;0;0;0;0;0;0;0;0;0
FR;11;2022-07-25;0;0;0;0;0;0;0;0;0;0;0;0;0;0;0;0;0;0
FR;11;2022-07-26;0;0;0;0;0;0;0;0;0;0;0;0;0;0;0;0;0;0
FR;11;2022-07-27;0;0;0;0;0;0;0;0;0;0;0;0;0;0;0;0;0;0
FR;11;2022-07-28;0;0;0;0;0;0;0;0;0;0;0;0;0;0;0;0;0;0
FR;11;2022-07-29;0;0;0;0;0;0;0;0;0;0;0;0;0;0;0;0;0;0
FR;11;2022-07-30;0;0;0;0;0;0;0;0;0;0;0;0;0;0;0;0;0;0
FR;11;2022-07-31;0;0;0;0;0;0;0;0;0;0;0;0;0;0;0;0;0;0
FR;11;2022-08-01;0;0;0;0;0;0;0;0;0;0;0;0;0;0;0;0;0;0
FR;11;2022-08-02;0;0;0;0;0;0;0;0;0;0;0;0;0;0;0;0;0;0
FR;11;2022-08-03;0;0;0;0;0;0;0;0;0;0;0;0;0;0;0;0;0;0
FR;11;2022-08-04;0;0;0;0;0;0;0;0;0;0;0;0;0;0;0;0;0;0
FR;11;2022-08-05;0;0;0;0;0;0;0;0;0;0;0;0;0;0;0;0;0;0
FR;11;2022-08-06;0;0;0;0;0;0;0;0;0;0;0;0;0;0;0;0;0;0
FR;11;2022-08-07;0;0;0;0;0;0;0;0;0;0;0;0;0;0;0;0;0;0
FR;11;2022-08-08;0;0;0;0;0;0;0;0;0;0;0;0;0;0;0;0;0;0
FR;11;2022-08-09;0;0;0;0;0;0;0;0;0;0;0;0;0;0;0;0;0;0
FR;11;2022-08-10;0;0;0;0;0;0;0;0;0;0;0;0;0;0;0;0;0;0
FR;11;2022-08-11;0;0;0;0;0;0;0;0;0;0;0;0;0;0;0;0;0;0
FR;11;2022-08-12;0;0;0;0;0;0;0;0;0;0;0;0;0;0;0;0;0;0
FR;11;2022-08-13;0;0;0;0;0;0;0;0;0;0;0;0;0;0;0;0;0;0
FR;11;2022-08-14;0;0;0;0;0;0;0;0;0;0;0;0;0;0;0;0;0;0
FR;11;2022-08-15;0;0;0;0;0;0;0;0;0;0;0;0;0;0;0;0;0;0
FR;11;2022-08-16;0;0;0;0;0;0;0;0;0;0;0;0;0;0;0;0;0;0
FR;11;2022-08-17;0;0;0;0;0;0;0;0;0;0;0;0;0;0;0;0;0;0
FR;11;2022-08-18;0;0;0;0;0;0;0;0;0;0;0;0;0;0;0;0;0;0
FR;11;2022-08-19;0;0;0;0;0;0;0;0;0;0;0;0;0;0;0;0;0;0
FR;11;2022-08-20;0;0;0;0;0;0;0;0;0;0;0;0;0;0;0;0;0;0
FR;11;2022-08-21;0;0;0;0;0;0;0;0;0;0;0;0;0;0;0;0;0;0
FR;11;2022-08-22;0;0;0;0;0;0;0;0;0;0;0;0;0;0;0;0;0;0
FR;11;2022-08-23;0;0;0;0;0;0;0;0;0;0;0;0;0;0;0;0;0;0
FR;11;2022-08-24;0;0;0;0;0;0;0;0;0;0;0;0;0;0;0;0;0;0
FR;11;2022-08-25;0;0;0;0;0;0;0;0;0;0;0;0;0;0;0;0;0;0
FR;11;2022-08-26;0;0;0;0;0;0;0;0;0;0;0;0;0;0;0;0;0;0
FR;11;2022-08-27;0;0;0;0;0;0;0;0;0;0;0;0;0;0;0;0;0;0
FR;11;2022-08-28;0;0;0;0;0;0;0;0;0;0;0;0;0;0;0;0;0;0
FR;11;2022-08-29;0;0;0;0;0;0;0;0;0;0;0;0;0;0;0;0;0;0
FR;11;2022-08-30;0;0;0;0;0;0;0;0;0;0;0;0;0;0;0;0;0;0
FR;11;2022-08-31;0;0;0;0;0;0;0;0;0;0;0;0;0;0;0;0;0;0
FR;11;2022-09-01;0;0;0;0;0;0;0;0;0;0;0;0;0;0;0;0;0;0
FR;11;2022-09-02;0;0;0;0;0;0;0;0;0;0;0;0;0;0;0;0;0;0
FR;11;2022-09-03;0;0;0;0;0;0;0;0;0;0;0;0;0;0;0;0;0;0
FR;11;2022-09-04;0;0;0;0;0;0;0;0;0;0;0;0;0;0;0;0;0;0
FR;11;2022-09-05;0;0;0;0;0;0;0;0;0;0;0;0;0;0;0;0;0;0
FR;11;2022-09-06;0;0;0;0;0;0;0;0;0;0;0;0;0;0;0;0;0;0
FR;11;2022-09-07;0;0;0;0;0;0;0;0;0;0;0;0;0;0;0;0;0;0
FR;11;2022-09-08;0;0;0;0;0;0;0;0;0;0;0;0;0;0;0;0;0;0
FR;11;2022-09-09;0;0;0;0;0;0;0;0;0;0;0;0;0;0;0;0;0;0
FR;11;2022-09-10;0;0;0;0;0;0;0;0;0;0;0;0;0;0;0;0;0;0
FR;11;2022-09-11;0;0;0;0;0;0;0;0;0;0;0;0;0;0;0;0;0;0
FR;11;2022-09-12;0;0;0;0;0;0;0;0;0;0;0;0;0;0;0;0;0;0
FR;11;2022-09-13;0;0;0;0;0;0;0;0;0;0;0;0;0;0;0;0;0;0
FR;11;2022-09-14;0;0;0;0;0;0;0;0;0;0;0;0;0;0;0;0;0;0
FR;11;2022-09-15;0;0;0;0;0;0;0;0;0;0;0;0;0;0;0;0;0;0
FR;11;2022-09-16;0;0;0;0;0;0;0;0;0;0;0;0;0;0;0;0;0;0
FR;11;2022-09-17;0;0;0;0;0;0;0;0;0;0;0;0;0;0;0;0;0;0
FR;11;2022-09-18;0;0;0;0;0;0;0;0;0;0;0;0;0;0;0;0;0;0
FR;11;2022-09-19;0;0;0;0;0;0;0;0;0;0;0;0;0;0;0;0;0;0
FR;11;2022-09-20;0;0;0;0;0;0;0;0;0;0;0;0;0;0;0;0;0;0
FR;11;2022-09-21;0;0;0;0;0;0;0;0;0;0;0;0;0;0;0;0;0;0
FR;11;2022-09-22;0;0;0;0;0;0;0;0;0;0;0;0;0;0;0;0;0;0
FR;11;2022-09-23;0;0;0;0;0;0;0;0;0;0;0;0;0;0;0;0;0;0
FR;11;2022-09-24;0;0;0;0;0;0;0;0;0;0;0;0;0;0;0;0;0;0
FR;11;2022-09-25;0;0;0;0;0;0;0;0;0;0;0;0;0;0;0;0;0;0
FR;11;2022-09-26;0;0;0;0;0;0;0;0;0;0;0;0;0;0;0;0;0;0
FR;11;2022-09-27;0;0;0;0;0;0;0;0;0;0;0;0;0;0;0;0;0;0
FR;11;2022-09-28;0;0;0;0;0;0;0;0;0;0;0;0;0;0;0;0;0;0
FR;11;2022-09-29;0;0;0;0;0;0;0;0;0;0;0;0;0;0;0;0;0;0
FR;11;2022-09-30;0;0;0;0;0;0;0;0;0;0;0;0;0;0;0;0;0;0
FR;11;2022-10-01;0;0;0;0;0;0;0;0;0;0;0;0;0;0;0;0;0;0
FR;11;2022-10-02;0;0;0;0;0;0;0;0;0;0;0;0;0;0;0;0;0;0
FR;11;2022-10-03;0;0;0;0;0;0;0;0;0;0;0;0;0;0;0;0;0;0
FR;11;2022-10-04;0;0;0;0;0;0;0;0;0;0;0;0;0;0;0;0;0;0
FR;11;2022-10-05;0;0;0;0;0;0;0;0;0;0;0;0;0;0;0;0;0;0
FR;11;2022-10-06;0;0;0;0;0;0;0;0;0;0;0;0;0;0;0;0;0;0
FR;11;2022-10-07;0;0;0;0;0;0;0;0;0;0;0;0;0;0;0;0;0;0
FR;11;2022-10-08;0;0;0;0;0;0;0;0;0;0;0;0;0;0;0;0;0;0
FR;11;2022-10-09;0;0;0;0;0;0;0;0;0;0;0;0;0;0;0;0;0;0
FR;11;2022-10-10;0;0;0;0;0;0;0;0;0;0;0;0;0;0;0;0;0;0
FR;11;2022-10-11;0;0;0;0;0;0;0;0;0;0;0;0;0;0;0;0;0;0
FR;11;2022-10-12;0;0;0;0;0;0;0;0;0;0;0;0;0;0;0;0;0;0
FR;11;2022-10-13;0;0;0;0;0;0;0;0;0;0;0;0;0;0;0;0;0;0
FR;11;2022-10-14;0;0;0;0;0;0;0;0;0;0;0;0;0;0;0;0;0;0
FR;11;2022-10-15;0;0;0;0;0;0;0;0;0;0;0;0;0;0;0;0;0;0
FR;11;2022-10-16;0;0;0;0;0;0;0;0;0;0;0;0;0;0;0;0;0;0
FR;11;2022-10-17;0;0;0;0;0;0;0;0;0;0;0;0;0;0;0;0;0;0
FR;11;2022-10-18;0;0;0;0;0;0;0;0;0;0;0;0;0;0;0;0;0;0
FR;11;2022-10-19;0;0;0;0;0;0;0;0;0;0;0;0;0;0;0;0;0;0
FR;11;2022-10-20;0;0;0;0;0;0;0;0;0;0;0;0;0;0;0;0;0;0
FR;11;2022-10-21;0;0;0;0;0;0;0;0;0;0;0;0;0;0;0;0;0;0
FR;11;2022-10-22;0;0;0;0;0;0;0;0;0;0;0;0;0;0;0;0;0;0
FR;11;2022-10-23;0;0;0;0;0;0;0;0;0;0;0;0;0;0;0;0;0;0
FR;11;2022-10-24;0;0;0;0;0;0;0;0;0;0;0;0;0;0;0;0;0;0
FR;11;2022-10-25;0;0;0;0;0;0;0;0;0;0;0;0;0;0;0;0;0;0
FR;11;2022-10-26;0;0;0;0;0;0;0;0;0;0;0;0;0;0;0;0;0;0
FR;11;2022-10-27;0;0;0;0;0;0;0;0;0;0;0;0;0;0;0;0;0;0
FR;11;2022-10-28;0;0;0;0;0;0;0;0;0;0;0;0;0;0;0;0;0;0
FR;11;2022-10-29;0;0;0;0;0;0;0;0;0;0;0;0;0;0;0;0;0;0
FR;11;2022-10-30;0;0;0;0;0;0;0;0;0;0;0;0;0;0;0;0;0;0
FR;11;2022-10-31;0;0;0;0;0;0;0;0;0;0;0;0;0;0;0;0;0;0
FR;11;2022-11-01;0;0;0;0;0;0;0;0;0;0;0;0;0;0;0;0;0;0
FR;11;2022-11-02;0;0;0;0;0;0;0;0;0;0;0;0;0;0;0;0;0;0
FR;11;2022-11-03;0;0;0;0;0;0;0;0;0;0;0;0;0;0;0;0;0;0
FR;11;2022-11-04;0;0;0;0;0;0;0;0;0;0;0;0;0;0;0;0;0;0
FR;11;2022-11-05;0;0;0;0;0;0;0;0;0;0;0;0;0;0;0;0;0;0
FR;11;2022-11-06;0;0;0;0;0;0;0;0;0;0;0;0;0;0;0;0;0;0
FR;11;2022-11-07;0;0;0;0;0;0;0;0;0;0;0;0;0;0;0;0;0;0
FR;11;2022-11-08;0;0;0;0;0;0;0;0;0;0;0;0;0;0;0;0;0;0
FR;11;2022-11-09;0;0;0;0;0;0;0;0;0;0;0;0;0;0;0;0;0;0
FR;11;2022-11-10;0;0;0;0;0;0;0;0;0;0;0;0;0;0;0;0;0;0
FR;11;2022-11-11;0;0;0;0;0;0;0;0;0;0;0;0;0;0;0;0;0;0
FR;11;2022-11-12;0;0;0;0;0;0;0;0;0;0;0;0;0;0;0;0;0;0
FR;11;2022-11-13;0;0;0;0;0;0;0;0;0;0;0;0;0;0;0;0;0;0
FR;11;2022-11-14;0;0;0;0;0;0;0;0;0;0;0;0;0;0;0;0;0;0
FR;11;2022-11-15;0;0;0;0;0;0;0;0;0;0;0;0;0;0;0;0;0;0
FR;11;2022-11-16;0;0;0;0;0;0;0;0;0;0;0;0;0;0;0;0;0;0
FR;11;2022-11-17;0;0;0;0;0;0;0;0;0;0;0;0;0;0;0;0;0;0
FR;11;2022-11-18;0;0;0;0;0;0;0;0;0;0;0;0;0;0;0;0;0;0
FR;11;2022-11-19;0;0;0;0;0;0;0;0;0;0;0;0;0;0;0;0;0;0
FR;11;2022-11-20;0;0;0;0;0;0;0;0;0;0;0;0;0;0;0;0;0;0
FR;11;2022-11-21;0;0;0;0;0;0;0;0;0;0;0;0;0;0;0;0;0;0
FR;11;2022-11-22;0;0;0;0;0;0;0;0;0;0;0;0;0;0;0;0;0;0
FR;11;2022-11-23;0;0;0;0;0;0;0;0;0;0;0;0;0;0;0;0;0;0
FR;11;2022-11-24;0;0;0;0;0;0;0;0;0;0;0;0;0;0;0;0;0;0
FR;11;2022-11-25;0;0;0;0;0;0;0;0;0;0;0;0;0;0;0;0;0;0
FR;11;2022-11-26;0;0;0;0;0;0;0;0;0;0;0;0;0;0;0;0;0;0
FR;11;2022-11-27;0;0;0;0;0;0;0;0;0;0;0;0;0;0;0;0;0;0
FR;11;2022-11-28;0;0;0;0;0;0;0;0;0;0;0;0;0;0;0;0;0;0
FR;11;2022-11-29;0;0;0;0;0;0;0;0;0;0;0;0;0;0;0;0;0;0
FR;11;2022-11-30;0;0;0;0;0;0;0;0;0;0;0;0;0;0;0;0;0;0
FR;11;2022-12-01;0;0;0;0;0;0;0;0;0;0;0;0;0;0;0;0;0;0
FR;11;2022-12-02;0;0;0;0;0;0;0;0;0;0;0;0;0;0;0;0;0;0
FR;11;2022-12-03;0;0;0;0;0;0;0;0;0;0;0;0;0;0;0;0;0;0
FR;11;2022-12-04;0;0;0;0;0;0;0;0;0;0;0;0;0;0;0;0;0;0
FR;11;2022-12-05;0;0;0;0;0;0;0;0;0;0;0;0;0;0;0;0;0;0
FR;11;2022-12-06;0;0;0;0;0;0;0;0;0;0;0;0;0;0;0;0;0;0
FR;11;2022-12-07;0;0;0;0;0;0;0;0;0;0;0;0;0;0;0;0;0;0
FR;11;2022-12-08;0;0;0;0;0;0;0;0;0;0;0;0;0;0;0;0;0;0
FR;11;2022-12-09;0;0;0;0;0;0;0;0;0;0;0;0;0;0;0;0;0;0
FR;11;2022-12-10;0;0;0;0;0;0;0;0;0;0;0;0;0;0;0;0;0;0
FR;11;2022-12-11;0;0;0;0;0;0;0;0;0;0;0;0;0;0;0;0;0;0
FR;11;2022-12-12;0;0;0;0;0;0;0;0;0;0;0;0;0;0;0;0;0;0
FR;11;2022-12-13;0;0;0;0;0;0;0;0;0;0;0;0;0;0;0;0;0;0
FR;11;2022-12-14;0;0;0;0;0;0;0;0;0;0;0;0;0;0;0;0;0;0
FR;11;2022-12-15;0;0;0;0;0;0;0;0;0;0;0;0;0;0;0;0;0;0
FR;11;2022-12-16;0;0;0;0;0;0;0;0;0;0;0;0;0;0;0;0;0;0
FR;11;2022-12-17;0;0;0;0;0;0;0;0;0;0;0;0;0;0;0;0;0;0
FR;11;2022-12-18;0;0;0;0;0;0;0;0;0;0;0;0;0;0;0;0;0;0
FR;11;2022-12-19;0;0;0;0;0;0;0;0;0;0;0;0;0;0;0;0;0;0
FR;11;2022-12-20;0;0;0;0;0;0;0;0;0;0;0;0;0;0;0;0;0;0
FR;11;2022-12-21;0;0;0;0;0;0;0;0;0;0;0;0;0;0;0;0;0;0
FR;11;2022-12-22;0;0;0;0;0;0;0;0;0;0;0;0;0;0;0;0;0;0
FR;11;2022-12-23;0;0;0;0;0;0;0;0;0;0;0;0;0;0;0;0;0;0
FR;11;2022-12-24;0;0;0;0;0;0;0;0;0;0;0;0;0;0;0;0;0;0
FR;11;2022-12-25;0;0;0;0;0;0;0;0;0;0;0;0;0;0;0;0;0;0
FR;11;2022-12-26;0;0;0;0;0;0;0;0;0;0;0;0;0;0;0;0;0;0
FR;11;2022-12-27;0;0;0;0;0;0;0;0;0;0;0;0;0;0;0;0;0;0
FR;11;2022-12-28;0;0;0;0;0;0;0;0;0;0;0;0;0;0;0;0;0;0
FR;11;2022-12-29;0;0;0;0;0;0;0;0;0;0;0;0;0;0;0;0;0;0
FR;11;2022-12-30;0;0;0;0;0;0;0;0;0;0;0;0;0;0;0;0;0;0
FR;11;2022-12-31;0;0;0;0;0;0;0;0;0;0;0;0;0;0;0;0;0;0
FR;11;2023-01-01;0;0;0;0;0;0;0;0;0;0;0;0;0;0;0;0;0;0
FR;11;2023-01-02;0;0;0;0;0;0;0;0;0;0;0;0;0;0;0;0;0;0
FR;11;2023-01-03;0;0;0;0;0;0;0;0;0;0;0;0;0;0;0;0;0;0
FR;11;2023-01-04;0;0;0;0;0;0;0;0;0;0;0;0;0;0;0;0;0;0
FR;11;2023-01-05;0;0;0;0;0;0;0;0;0;0;0;0;0;0;0;0;0;0
FR;11;2023-01-06;0;0;0;0;0;0;0;0;0;0;0;0;0;0;0;0;0;0
FR;11;2023-01-07;0;0;0;0;0;0;0;0;0;0;0;0;0;0;0;0;0;0
FR;11;2023-01-08;0;0;0;0;0;0;0;0;0;0;0;0;0;0;0;0;0;0
FR;11;2023-01-09;0;0;0;0;0;0;0;0;0;0;0;0;0;0;0;0;0;0
FR;11;2023-01-10;0;0;0;0;0;0;0;0;0;0;0;0;0;0;0;0;0;0
FR;11;2023-01-11;0;0;0;0;0;0;0;0;0;0;0;0;0;0;0;0;0;0
FR;11;2023-01-12;0;0;0;0;0;0;0;0;0;0;0;0;0;0;0;0;0;0
FR;11;2023-01-13;0;0;0;0;0;0;0;0;0;0;0;0;0;0;0;0;0;0
FR;11;2023-01-14;0;0;0;0;0;0;0;0;0;0;0;0;0;0;0;0;0;0
FR;11;2023-01-15;0;0;0;0;0;0;0;0;0;0;0;0;0;0;0;0;0;0
FR;11;2023-01-16;0;0;0;0;0;0;0;0;0;0;0;0;0;0;0;0;0;0
FR;11;2023-01-17;0;0;0;0;0;0;0;0;0;0;0;0;0;0;0;0;0;0
FR;11;2023-01-18;0;0;0;0;0;0;0;0;0;0;0;0;0;0;0;0;0;0
FR;11;2023-01-19;0;0;0;0;0;0;0;0;0;0;0;0;0;0;0;0;0;0
FR;11;2023-01-20;0;0;0;0;0;0;0;0;0;0;0;0;0;0;0;0;0;0
FR;11;2023-01-21;0;0;0;0;0;0;0;0;0;0;0;0;0;0;0;0;0;0
FR;11;2023-01-22;0;0;0;0;0;0;0;0;0;0;0;0;0;0;0;0;0;0
FR;11;2023-01-23;0;0;0;0;0;0;0;0;0;0;0;0;0;0;0;0;0;0
FR;11;2023-01-24;0;0;0;0;0;0;0;0;0;0;0;0;0;0;0;0;0;0
FR;11;2023-01-25;0;0;0;0;0;0;0;0;0;0;0;0;0;0;0;0;0;0
FR;11;2023-01-26;0;0;0;0;0;0;0;0;0;0;0;0;0;0;0;0;0;0
FR;11;2023-01-27;0;0;0;0;0;0;0;0;0;0;0;0;0;0;0;0;0;0
FR;11;2023-01-28;0;0;0;0;0;0;0;0;0;0;0;0;0;0;0;0;0;0
FR;11;2023-01-29;0;0;0;0;0;0;0;0;0;0;0;0;0;0;0;0;0;0
FR;11;2023-01-30;0;0;0;0;0;0;0;0;0;0;0;0;0;0;0;0;0;0
FR;11;2023-01-31;0;0;0;0;0;0;0;0;0;0;0;0;0;0;0;0;0;0
FR;11;2023-02-01;0;0;0;0;0;0;0;0;0;0;0;0;0;0;0;0;0;0
FR;11;2023-02-02;0;0;0;0;0;0;0;0;0;0;0;0;0;0;0;0;0;0
FR;11;2023-02-03;0;0;0;0;0;0;0;0;0;0;0;0;0;0;0;0;0;0
FR;11;2023-02-04;0;0;0;0;0;0;0;0;0;0;0;0;0;0;0;0;0;0
FR;11;2023-02-05;0;0;0;0;0;0;0;0;0;0;0;0;0;0;0;0;0;0
FR;11;2023-02-06;1;0;0;0;0;0;0;0;0;1;0;0;0;0;0;0;0;0
FR;11;2023-02-07;0;0;0;0;0;0;0;0;0;1;0;0;0;0;0;0;0;0
FR;11;2023-02-08;2;0;0;0;0;0;0;0;0;3;0;0;0;0;0;0;0;0
FR;11;2023-02-09;2;0;0;0;0;0;0;0;0;5;0;0;0;0;0;0;0;0
FR;11;2023-02-10;0;0;0;0;0;0;0;0;0;5;0;0;0;0;0;0;0;0
FR;11;2023-02-11;0;0;0;0;0;0;0;0;0;5;0;0;0;0;0;0;0;0
FR;11;2023-02-12;0;0;0;0;0;0;0;0;0;5;0;0;0;0;0;0;0;0
FR;11;2023-02-13;2;0;0;0;0;0;0;0;0;7;0;0;0;0;0;0;0;0
FR;11;2023-02-14;0;0;0;0;0;0;0;0;0;7;0;0;0;0;0;0;0;0
FR;11;2023-02-15;2;0;0;0;0;0;0;0;0;9;0;0;0;0;0;0;0;0
FR;11;2023-02-16;0;0;0;0;0;0;0;0;0;9;0;0;0;0;0;0;0;0
FR;11;2023-02-17;0;0;0;0;0;0;0;0;0;9;0;0;0;0;0;0;0;0
FR;11;2023-02-18;0;0;0;0;0;0;0;0;0;9;0;0;0;0;0;0;0;0
FR;11;2023-02-19;0;0;0;0;0;0;0;0;0;9;0;0;0;0;0;0;0;0
FR;11;2023-02-20;0;0;0;0;0;0;0;0;0;9;0;0;0;0;0;0;0;0
FR;11;2023-02-21;1;0;0;0;0;0;0;0;0;10;0;0;0;0;0;0;0;0
FR;11;2023-02-22;0;0;0;0;0;0;0;0;0;10;0;0;0;0;0;0;0;0
FR;11;2023-02-23;0;0;0;0;0;0;0;0;0;10;0;0;0;0;0;0;0;0
FR;11;2023-02-24;0;0;0;0;0;0;0;0;0;10;0;0;0;0;0;0;0;0
FR;11;2023-02-25;0;0;0;0;0;0;0;0;0;10;0;0;0;0;0;0;0;0
FR;11;2023-02-26;0;0;2;0;0;2;0;0;0;10;0;2;0;0;2;0;0;0
FR;11;2023-02-27;0;0;0;0;0;0;0;0;0;10;0;2;0;0;2;0;0;0
FR;11;2023-02-28;1;1;0;0;1;0;0;0;0;11;1;2;0;1;2;0;0;0
FR;11;2023-03-01;0;1;0;0;1;0;0;0;0;11;2;2;0;2;2;0;0;0
FR;11;2023-03-02;0;0;0;0;0;0;0;0;0;11;2;2;0;2;2;0;0;0
FR;11;2023-03-03;0;0;0;0;0;0;0;0;0;11;2;2;0;2;2;0;0;0
FR;11;2023-03-04;2;1;0;0;1;0;0;0;0;13;3;2;0;3;2;0;0;0
FR;11;2023-03-05;0;0;0;0;0;0;0;0;0;13;3;2;0;3;2;0;0;0
FR;11;2023-03-06;4;0;1;0;1;1;0;0;0;17;3;3;0;4;3;0;0;0
FR;11;2023-03-07;0;1;0;0;1;0;0;0;0;17;4;3;0;5;3;0;0;0
FR;11;2023-03-08;1;1;0;0;1;0;0;0;0;18;5;3;0;6;3;0;0;0
FR;11;2023-03-09;0;0;0;0;0;0;0;0;0;18;5;3;0;6;3;0;0;0
FR;11;2023-03-10;0;0;0;0;0;0;0;0;0;18;5;3;0;6;3;0;0;0
FR;11;2023-03-11;2;0;0;0;0;0;0;0;0;20;5;3;0;6;3;0;0;0
FR;11;2023-03-12;0;1;0;0;1;0;0;0;0;20;6;3;0;7;3;0;0;0
FR;11;2023-03-13;0;0;0;0;0;0;0;0;0;20;6;3;0;7;3;0;0;0
FR;11;2023-03-14;0;0;0;0;0;0;0;0;0;20;6;3;0;7;3;0;0;0
FR;11;2023-03-15;0;1;0;0;1;0;0;0;0;20;7;3;0;8;3;0;0;0
FR;11;2023-03-16;0;0;0;0;0;0;0;0;0;20;7;3;0;8;3;0;0;0
FR;11;2023-03-17;0;0;0;0;0;0;0;0;0;20;7;3;0;8;3;0;0;0
FR;11;2023-03-18;1;0;0;0;0;0;0;0;0;21;7;3;0;8;3;0;0;0
FR;11;2023-03-19;0;0;0;0;0;0;0;0;0;21;7;3;0;8;3;0;0;0
FR;11;2023-03-20;0;0;0;0;0;0;0;0;0;21;7;3;0;8;3;0;0;0
FR;11;2023-03-21;1;0;0;0;0;0;0;0;0;22;7;3;0;8;3;0;0;0
FR;11;2023-03-22;2;0;0;0;0;0;0;0;0;24;7;3;0;8;3;0;0;0
FR;11;2023-03-23;0;0;0;1;0;0;1;0;0;24;7;3;1;8;3;1;0;0
FR;11;2023-03-24;0;0;0;0;0;0;0;0;0;24;7;3;1;8;3;1;0;0
FR;11;2023-03-25;1;1;0;0;1;0;0;0;0;25;8;3;1;9;3;1;0;0
FR;11;2023-03-26;0;0;0;0;0;0;0;0;0;25;8;3;1;9;3;1;0;0
FR;11;2023-03-27;0;1;0;0;0;1;0;0;0;25;9;3;1;9;4;1;0;0
FR;11;2023-03-28;0;0;0;0;0;0;0;0;0;25;9;3;1;9;4;1;0;0
FR;11;2023-03-29;0;1;0;0;1;0;0;0;0;25;10;3;1;10;4;1;0;0
FR;11;2023-03-30;1;1;0;0;1;0;0;0;0;26;11;3;1;11;4;1;0;0
FR;11;2023-03-31;0;0;0;0;0;0;0;0;0;26;11;3;1;11;4;1;0;0
FR;11;2023-04-01;0;2;0;0;2;0;0;0;0;26;13;3;1;13;4;1;0;0
FR;11;2023-04-02;0;0;0;0;0;0;0;0;0;26;13;3;1;13;4;1;0;0
FR;11;2023-04-03;0;3;0;0;3;0;0;0;0;26;16;3;1;16;4;1;0;0
FR;11;2023-04-04;0;0;0;0;0;0;0;0;0;26;16;3;1;16;4;1;0;0
FR;11;2023-04-05;0;0;0;0;0;0;0;0;0;26;16;3;1;16;4;1;0;0
FR;11;2023-04-06;0;0;0;0;0;0;0;0;0;26;16;3;1;16;4;1;0;0
FR;11;2023-04-07;0;1;0;0;1;0;0;0;0;26;17;3;1;17;4;1;0;0
FR;11;2023-04-08;0;0;0;0;0;0;0;0;0;26;17;3;1;17;4;1;0;0
FR;11;2023-04-09;0;0;0;0;0;0;0;0;0;26;17;3;1;17;4;1;0;0
FR;11;2023-04-10;0;0;0;0;0;0;0;0;0;26;17;3;1;17;4;1;0;0
FR;11;2023-04-11;0;1;0;0;1;0;0;0;0;26;18;3;1;18;4;1;0;0
FR;11;2023-04-12;1;1;0;0;1;0;0;0;0;27;19;3;1;19;4;1;0;0
FR;11;2023-04-13;0;0;0;0;0;0;0;0;0;27;19;3;1;19;4;1;0;0
FR;11;2023-04-14;0;0;0;0;0;0;0;0;0;27;19;3;1;19;4;1;0;0
FR;11;2023-04-15;0;1;0;0;1;0;0;0;0;27;20;3;1;20;4;1;0;0
FR;11;2023-04-16;0;0;0;0;0;0;0;0;0;27;20;3;1;20;4;1;0;0
FR;11;2023-04-17;0;1;0;0;1;0;0;0;0;27;21;3;1;21;4;1;0;0
FR;11;2023-04-18;0;0;0;0;0;0;0;0;0;27;21;3;1;21;4;1;0;0
FR;11;2023-04-19;1;0;0;0;0;0;0;0;0;28;21;3;1;21;4;1;0;0
FR;11;2023-04-20;0;1;0;0;1;0;0;0;0;28;22;3;1;22;4;1;0;0
FR;11;2023-04-21;2;0;0;0;0;0;0;0;0;30;22;3;1;22;4;1;0;0
FR;11;2023-04-22;0;2;0;0;2;0;0;0;0;30;24;3;1;24;4;1;0;0
FR;11;2023-04-23;0;0;0;0;0;0;0;0;0;30;24;3;1;24;4;1;0;0
FR;11;2023-04-24;0;0;1;0;0;1;0;0;0;30;24;4;1;24;5;1;0;0
FR;11;2023-04-25;0;0;0;0;0;0;0;0;0;30;24;4;1;24;5;1;0;0
FR;11;2023-04-26;0;0;0;0;0;0;0;0;0;30;24;4;1;24;5;1;0;0
FR;11;2023-04-27;0;0;0;0;0;0;0;0;0;30;24;4;1;24;5;1;0;0
FR;11;2023-04-28;0;0;0;0;0;0;0;0;0;30;24;4;1;24;5;1;0;0
FR;11;2023-04-29;0;0;0;0;0;0;0;0;0;30;24;4;1;24;5;1;0;0
FR;11;2023-04-30;0;0;0;0;0;0;0;0;0;30;24;4;1;24;5;1;0;0
FR;11;2023-05-01;0;0;0;0;0;0;0;0;0;30;24;4;1;24;5;1;0;0
FR;11;2023-05-02;0;0;0;0;0;0;0;0;0;30;24;4;1;24;5;1;0;0
FR;11;2023-05-03;0;0;2;0;0;2;0;0;0;30;24;6;1;24;7;1;0;0
FR;11;2023-05-04;0;0;0;0;0;0;0;0;0;30;24;6;1;24;7;1;0;0
FR;11;2023-05-05;0;0;0;0;0;0;0;0;0;30;24;6;1;24;7;1;0;0
FR;11;2023-05-06;0;0;0;0;0;0;0;0;0;30;24;6;1;24;7;1;0;0
FR;11;2023-05-07;0;0;0;0;0;0;0;0;0;30;24;6;1;24;7;1;0;0
FR;11;2023-05-08;0;0;0;0;0;0;0;0;0;30;24;6;1;24;7;1;0;0
FR;11;2023-05-09;0;0;0;0;0;0;0;0;0;30;24;6;1;24;7;1;0;0
FR;12;2020-12-27;0;0;0;0;0;0;0;0;0;0;0;0;0;0;0;0;0;0
FR;12;2020-12-28;0;0;0;0;0;0;0;0;0;0;0;0;0;0;0;0;0;0
FR;12;2020-12-29;0;0;0;0;0;0;0;0;0;0;0;0;0;0;0;0;0;0
FR;12;2020-12-30;0;0;0;0;0;0;0;0;0;0;0;0;0;0;0;0;0;0
FR;12;2020-12-31;0;0;0;0;0;0;0;0;0;0;0;0;0;0;0;0;0;0
FR;12;2021-01-01;0;0;0;0;0;0;0;0;0;0;0;0;0;0;0;0;0;0
FR;12;2021-01-02;0;0;0;0;0;0;0;0;0;0;0;0;0;0;0;0;0;0
FR;12;2021-01-03;0;0;0;0;0;0;0;0;0;0;0;0;0;0;0;0;0;0
FR;12;2021-01-04;0;0;0;0;0;0;0;0;0;0;0;0;0;0;0;0;0;0
FR;12;2021-01-05;0;0;0;0;0;0;0;0;0;0;0;0;0;0;0;0;0;0
FR;12;2021-01-06;0;0;0;0;0;0;0;0;0;0;0;0;0;0;0;0;0;0
FR;12;2021-01-07;0;0;0;0;0;0;0;0;0;0;0;0;0;0;0;0;0;0
FR;12;2021-01-08;0;0;0;0;0;0;0;0;0;0;0;0;0;0;0;0;0;0
FR;12;2021-01-09;0;0;0;0;0;0;0;0;0;0;0;0;0;0;0;0;0;0
FR;12;2021-01-10;0;0;0;0;0;0;0;0;0;0;0;0;0;0;0;0;0;0
FR;12;2021-01-11;0;0;0;0;0;0;0;0;0;0;0;0;0;0;0;0;0;0
FR;12;2021-01-12;0;0;0;0;0;0;0;0;0;0;0;0;0;0;0;0;0;0
FR;12;2021-01-13;0;0;0;0;0;0;0;0;0;0;0;0;0;0;0;0;0;0
FR;12;2021-01-14;0;0;0;0;0;0;0;0;0;0;0;0;0;0;0;0;0;0
FR;12;2021-01-15;0;0;0;0;0;0;0;0;0;0;0;0;0;0;0;0;0;0
FR;12;2021-01-16;0;0;0;0;0;0;0;0;0;0;0;0;0;0;0;0;0;0
FR;12;2021-01-17;0;0;0;0;0;0;0;0;0;0;0;0;0;0;0;0;0;0
FR;12;2021-01-18;0;0;0;0;0;0;0;0;0;0;0;0;0;0;0;0;0;0
FR;12;2021-01-19;0;0;0;0;0;0;0;0;0;0;0;0;0;0;0;0;0;0
FR;12;2021-01-20;0;0;0;0;0;0;0;0;0;0;0;0;0;0;0;0;0;0
FR;12;2021-01-21;0;0;0;0;0;0;0;0;0;0;0;0;0;0;0;0;0;0
FR;12;2021-01-22;0;0;0;0;0;0;0;0;0;0;0;0;0;0;0;0;0;0
FR;12;2021-01-23;0;0;0;0;0;0;0;0;0;0;0;0;0;0;0;0;0;0
FR;12;2021-01-24;0;0;0;0;0;0;0;0;0;0;0;0;0;0;0;0;0;0
FR;12;2021-01-25;0;0;0;0;0;0;0;0;0;0;0;0;0;0;0;0;0;0
FR;12;2021-01-26;0;0;0;0;0;0;0;0;0;0;0;0;0;0;0;0;0;0
FR;12;2021-01-27;0;0;0;0;0;0;0;0;0;0;0;0;0;0;0;0;0;0
FR;12;2021-01-28;0;0;0;0;0;0;0;0;0;0;0;0;0;0;0;0;0;0
FR;12;2021-01-29;0;0;0;0;0;0;0;0;0;0;0;0;0;0;0;0;0;0
FR;12;2021-01-30;0;0;0;0;0;0;0;0;0;0;0;0;0;0;0;0;0;0
FR;12;2021-01-31;0;0;0;0;0;0;0;0;0;0;0;0;0;0;0;0;0;0
FR;12;2021-02-01;0;0;0;0;0;0;0;0;0;0;0;0;0;0;0;0;0;0
FR;12;2021-02-02;0;0;0;0;0;0;0;0;0;0;0;0;0;0;0;0;0;0
FR;12;2021-02-03;0;0;0;0;0;0;0;0;0;0;0;0;0;0;0;0;0;0
FR;12;2021-02-04;0;0;0;0;0;0;0;0;0;0;0;0;0;0;0;0;0;0
FR;12;2021-02-05;0;0;0;0;0;0;0;0;0;0;0;0;0;0;0;0;0;0
FR;12;2021-02-06;0;0;0;0;0;0;0;0;0;0;0;0;0;0;0;0;0;0
FR;12;2021-02-07;0;0;0;0;0;0;0;0;0;0;0;0;0;0;0;0;0;0
FR;12;2021-02-08;0;0;0;0;0;0;0;0;0;0;0;0;0;0;0;0;0;0
FR;12;2021-02-09;0;0;0;0;0;0;0;0;0;0;0;0;0;0;0;0;0;0
FR;12;2021-02-10;0;0;0;0;0;0;0;0;0;0;0;0;0;0;0;0;0;0
FR;12;2021-02-11;0;0;0;0;0;0;0;0;0;0;0;0;0;0;0;0;0;0
FR;12;2021-02-12;0;0;0;0;0;0;0;0;0;0;0;0;0;0;0;0;0;0
FR;12;2021-02-13;0;0;0;0;0;0;0;0;0;0;0;0;0;0;0;0;0;0
FR;12;2021-02-14;0;0;0;0;0;0;0;0;0;0;0;0;0;0;0;0;0;0
FR;12;2021-02-15;0;0;0;0;0;0;0;0;0;0;0;0;0;0;0;0;0;0
FR;12;2021-02-16;0;0;0;0;0;0;0;0;0;0;0;0;0;0;0;0;0;0
FR;12;2021-02-17;0;0;0;0;0;0;0;0;0;0;0;0;0;0;0;0;0;0
FR;12;2021-02-18;0;0;0;0;0;0;0;0;0;0;0;0;0;0;0;0;0;0
FR;12;2021-02-19;0;0;0;0;0;0;0;0;0;0;0;0;0;0;0;0;0;0
FR;12;2021-02-20;0;0;0;0;0;0;0;0;0;0;0;0;0;0;0;0;0;0
FR;12;2021-02-21;0;0;0;0;0;0;0;0;0;0;0;0;0;0;0;0;0;0
FR;12;2021-02-22;0;0;0;0;0;0;0;0;0;0;0;0;0;0;0;0;0;0
FR;12;2021-02-23;0;0;0;0;0;0;0;0;0;0;0;0;0;0;0;0;0;0
FR;12;2021-02-24;0;0;0;0;0;0;0;0;0;0;0;0;0;0;0;0;0;0
FR;12;2021-02-25;0;0;0;0;0;0;0;0;0;0;0;0;0;0;0;0;0;0
FR;12;2021-02-26;0;0;0;0;0;0;0;0;0;0;0;0;0;0;0;0;0;0
FR;12;2021-02-27;0;0;0;0;0;0;0;0;0;0;0;0;0;0;0;0;0;0
FR;12;2021-02-28;0;0;0;0;0;0;0;0;0;0;0;0;0;0;0;0;0;0
FR;12;2021-03-01;0;0;0;0;0;0;0;0;0;0;0;0;0;0;0;0;0;0
FR;12;2021-03-02;0;0;0;0;0;0;0;0;0;0;0;0;0;0;0;0;0;0
FR;12;2021-03-03;0;0;0;0;0;0;0;0;0;0;0;0;0;0;0;0;0;0
FR;12;2021-03-04;0;0;0;0;0;0;0;0;0;0;0;0;0;0;0;0;0;0
FR;12;2021-03-05;0;0;0;0;0;0;0;0;0;0;0;0;0;0;0;0;0;0
FR;12;2021-03-06;0;0;0;0;0;0;0;0;0;0;0;0;0;0;0;0;0;0
FR;12;2021-03-07;0;0;0;0;0;0;0;0;0;0;0;0;0;0;0;0;0;0
FR;12;2021-03-08;0;0;0;0;0;0;0;0;0;0;0;0;0;0;0;0;0;0
FR;12;2021-03-09;0;0;0;0;0;0;0;0;0;0;0;0;0;0;0;0;0;0
FR;12;2021-03-10;0;0;0;0;0;0;0;0;0;0;0;0;0;0;0;0;0;0
FR;12;2021-03-11;0;0;0;0;0;0;0;0;0;0;0;0;0;0;0;0;0;0
FR;12;2021-03-12;0;0;0;0;0;0;0;0;0;0;0;0;0;0;0;0;0;0
FR;12;2021-03-13;0;0;0;0;0;0;0;0;0;0;0;0;0;0;0;0;0;0
FR;12;2021-03-14;0;0;0;0;0;0;0;0;0;0;0;0;0;0;0;0;0;0
FR;12;2021-03-15;0;0;0;0;0;0;0;0;0;0;0;0;0;0;0;0;0;0
FR;12;2021-03-16;0;0;0;0;0;0;0;0;0;0;0;0;0;0;0;0;0;0
FR;12;2021-03-17;0;0;0;0;0;0;0;0;0;0;0;0;0;0;0;0;0;0
FR;12;2021-03-18;0;0;0;0;0;0;0;0;0;0;0;0;0;0;0;0;0;0
FR;12;2021-03-19;0;0;0;0;0;0;0;0;0;0;0;0;0;0;0;0;0;0
FR;12;2021-03-20;0;0;0;0;0;0;0;0;0;0;0;0;0;0;0;0;0;0
FR;12;2021-03-21;0;0;0;0;0;0;0;0;0;0;0;0;0;0;0;0;0;0
FR;12;2021-03-22;0;0;0;0;0;0;0;0;0;0;0;0;0;0;0;0;0;0
FR;12;2021-03-23;0;0;0;0;0;0;0;0;0;0;0;0;0;0;0;0;0;0
FR;12;2021-03-24;0;0;0;0;0;0;0;0;0;0;0;0;0;0;0;0;0;0
FR;12;2021-03-25;0;0;0;0;0;0;0;0;0;0;0;0;0;0;0;0;0;0
FR;12;2021-03-26;0;0;0;0;0;0;0;0;0;0;0;0;0;0;0;0;0;0
FR;12;2021-03-27;0;0;0;0;0;0;0;0;0;0;0;0;0;0;0;0;0;0
FR;12;2021-03-28;0;0;0;0;0;0;0;0;0;0;0;0;0;0;0;0;0;0
FR;12;2021-03-29;0;0;0;0;0;0;0;0;0;0;0;0;0;0;0;0;0;0
FR;12;2021-03-30;0;0;0;0;0;0;0;0;0;0;0;0;0;0;0;0;0;0
FR;12;2021-03-31;0;0;0;0;0;0;0;0;0;0;0;0;0;0;0;0;0;0
FR;12;2021-04-01;0;0;0;0;0;0;0;0;0;0;0;0;0;0;0;0;0;0
FR;12;2021-04-02;0;0;0;0;0;0;0;0;0;0;0;0;0;0;0;0;0;0
FR;12;2021-04-03;0;0;0;0;0;0;0;0;0;0;0;0;0;0;0;0;0;0
FR;12;2021-04-04;0;0;0;0;0;0;0;0;0;0;0;0;0;0;0;0;0;0
FR;12;2021-04-05;0;0;0;0;0;0;0;0;0;0;0;0;0;0;0;0;0;0
FR;12;2021-04-06;0;0;0;0;0;0;0;0;0;0;0;0;0;0;0;0;0;0
FR;12;2021-04-07;0;0;0;0;0;0;0;0;0;0;0;0;0;0;0;0;0;0
FR;12;2021-04-08;0;0;0;0;0;0;0;0;0;0;0;0;0;0;0;0;0;0
FR;12;2021-04-09;0;0;0;0;0;0;0;0;0;0;0;0;0;0;0;0;0;0
FR;12;2021-04-10;0;0;0;0;0;0;0;0;0;0;0;0;0;0;0;0;0;0
FR;12;2021-04-11;0;0;0;0;0;0;0;0;0;0;0;0;0;0;0;0;0;0
FR;12;2021-04-12;0;0;0;0;0;0;0;0;0;0;0;0;0;0;0;0;0;0
FR;12;2021-04-13;0;0;0;0;0;0;0;0;0;0;0;0;0;0;0;0;0;0
FR;12;2021-04-14;0;0;0;0;0;0;0;0;0;0;0;0;0;0;0;0;0;0
FR;12;2021-04-15;0;0;0;0;0;0;0;0;0;0;0;0;0;0;0;0;0;0
FR;12;2021-04-16;0;0;0;0;0;0;0;0;0;0;0;0;0;0;0;0;0;0
FR;12;2021-04-17;0;0;0;0;0;0;0;0;0;0;0;0;0;0;0;0;0;0
FR;12;2021-04-18;0;0;0;0;0;0;0;0;0;0;0;0;0;0;0;0;0;0
FR;12;2021-04-19;0;0;0;0;0;0;0;0;0;0;0;0;0;0;0;0;0;0
FR;12;2021-04-20;0;0;0;0;0;0;0;0;0;0;0;0;0;0;0;0;0;0
FR;12;2021-04-21;0;0;0;0;0;0;0;0;0;0;0;0;0;0;0;0;0;0
FR;12;2021-04-22;0;0;0;0;0;0;0;0;0;0;0;0;0;0;0;0;0;0
FR;12;2021-04-23;0;0;0;0;0;0;0;0;0;0;0;0;0;0;0;0;0;0
FR;12;2021-04-24;0;0;0;0;0;0;0;0;0;0;0;0;0;0;0;0;0;0
FR;12;2021-04-25;0;0;0;0;0;0;0;0;0;0;0;0;0;0;0;0;0;0
FR;12;2021-04-26;0;0;0;0;0;0;0;0;0;0;0;0;0;0;0;0;0;0
FR;12;2021-04-27;0;0;0;0;0;0;0;0;0;0;0;0;0;0;0;0;0;0
FR;12;2021-04-28;0;0;0;0;0;0;0;0;0;0;0;0;0;0;0;0;0;0
FR;12;2021-04-29;0;0;0;0;0;0;0;0;0;0;0;0;0;0;0;0;0;0
FR;12;2021-04-30;0;0;0;0;0;0;0;0;0;0;0;0;0;0;0;0;0;0
FR;12;2021-05-01;0;0;0;0;0;0;0;0;0;0;0;0;0;0;0;0;0;0
FR;12;2021-05-02;0;0;0;0;0;0;0;0;0;0;0;0;0;0;0;0;0;0
FR;12;2021-05-03;0;0;0;0;0;0;0;0;0;0;0;0;0;0;0;0;0;0
FR;12;2021-05-04;0;0;0;0;0;0;0;0;0;0;0;0;0;0;0;0;0;0
FR;12;2021-05-05;0;0;0;0;0;0;0;0;0;0;0;0;0;0;0;0;0;0
FR;12;2021-05-06;0;0;0;0;0;0;0;0;0;0;0;0;0;0;0;0;0;0
FR;12;2021-05-07;0;0;0;0;0;0;0;0;0;0;0;0;0;0;0;0;0;0
FR;12;2021-05-08;0;0;0;0;0;0;0;0;0;0;0;0;0;0;0;0;0;0
FR;12;2021-05-09;0;0;0;0;0;0;0;0;0;0;0;0;0;0;0;0;0;0
FR;12;2021-05-10;0;0;0;0;0;0;0;0;0;0;0;0;0;0;0;0;0;0
FR;12;2021-05-11;0;0;0;0;0;0;0;0;0;0;0;0;0;0;0;0;0;0
FR;12;2021-05-12;0;0;0;0;0;0;0;0;0;0;0;0;0;0;0;0;0;0
FR;12;2021-05-13;0;0;0;0;0;0;0;0;0;0;0;0;0;0;0;0;0;0
FR;12;2021-05-14;0;0;0;0;0;0;0;0;0;0;0;0;0;0;0;0;0;0
FR;12;2021-05-15;0;0;0;0;0;0;0;0;0;0;0;0;0;0;0;0;0;0
FR;12;2021-05-16;0;0;0;0;0;0;0;0;0;0;0;0;0;0;0;0;0;0
FR;12;2021-05-17;0;0;0;0;0;0;0;0;0;0;0;0;0;0;0;0;0;0
FR;12;2021-05-18;0;0;0;0;0;0;0;0;0;0;0;0;0;0;0;0;0;0
FR;12;2021-05-19;0;0;0;0;0;0;0;0;0;0;0;0;0;0;0;0;0;0
FR;12;2021-05-20;0;0;0;0;0;0;0;0;0;0;0;0;0;0;0;0;0;0
FR;12;2021-05-21;0;0;0;0;0;0;0;0;0;0;0;0;0;0;0;0;0;0
FR;12;2021-05-22;0;0;0;0;0;0;0;0;0;0;0;0;0;0;0;0;0;0
FR;12;2021-05-23;0;0;0;0;0;0;0;0;0;0;0;0;0;0;0;0;0;0
FR;12;2021-05-24;0;0;0;0;0;0;0;0;0;0;0;0;0;0;0;0;0;0
FR;12;2021-05-25;0;0;0;0;0;0;0;0;0;0;0;0;0;0;0;0;0;0
FR;12;2021-05-26;0;0;0;0;0;0;0;0;0;0;0;0;0;0;0;0;0;0
FR;12;2021-05-27;0;0;0;0;0;0;0;0;0;0;0;0;0;0;0;0;0;0
FR;12;2021-05-28;0;0;0;0;0;0;0;0;0;0;0;0;0;0;0;0;0;0
FR;12;2021-05-29;0;0;0;0;0;0;0;0;0;0;0;0;0;0;0;0;0;0
FR;12;2021-05-30;0;0;0;0;0;0;0;0;0;0;0;0;0;0;0;0;0;0
FR;12;2021-05-31;0;0;0;0;0;0;0;0;0;0;0;0;0;0;0;0;0;0
FR;12;2021-06-01;0;0;0;0;0;0;0;0;0;0;0;0;0;0;0;0;0;0
FR;12;2021-06-02;0;0;0;0;0;0;0;0;0;0;0;0;0;0;0;0;0;0
FR;12;2021-06-03;0;0;0;0;0;0;0;0;0;0;0;0;0;0;0;0;0;0
FR;12;2021-06-04;0;0;0;0;0;0;0;0;0;0;0;0;0;0;0;0;0;0
FR;12;2021-06-05;0;0;0;0;0;0;0;0;0;0;0;0;0;0;0;0;0;0
FR;12;2021-06-06;0;0;0;0;0;0;0;0;0;0;0;0;0;0;0;0;0;0
FR;12;2021-06-07;0;0;0;0;0;0;0;0;0;0;0;0;0;0;0;0;0;0
FR;12;2021-06-08;0;0;0;0;0;0;0;0;0;0;0;0;0;0;0;0;0;0
FR;12;2021-06-09;0;0;0;0;0;0;0;0;0;0;0;0;0;0;0;0;0;0
FR;12;2021-06-10;0;0;0;0;0;0;0;0;0;0;0;0;0;0;0;0;0;0
FR;12;2021-06-11;0;0;0;0;0;0;0;0;0;0;0;0;0;0;0;0;0;0
FR;12;2021-06-12;0;0;0;0;0;0;0;0;0;0;0;0;0;0;0;0;0;0
FR;12;2021-06-13;0;0;0;0;0;0;0;0;0;0;0;0;0;0;0;0;0;0
FR;12;2021-06-14;0;0;0;0;0;0;0;0;0;0;0;0;0;0;0;0;0;0
FR;12;2021-06-15;0;0;0;0;0;0;0;0;0;0;0;0;0;0;0;0;0;0
FR;12;2021-06-16;0;0;0;0;0;0;0;0;0;0;0;0;0;0;0;0;0;0
FR;12;2021-06-17;0;0;0;0;0;0;0;0;0;0;0;0;0;0;0;0;0;0
FR;12;2021-06-18;0;0;0;0;0;0;0;0;0;0;0;0;0;0;0;0;0;0
FR;12;2021-06-19;0;0;0;0;0;0;0;0;0;0;0;0;0;0;0;0;0;0
FR;12;2021-06-20;0;0;0;0;0;0;0;0;0;0;0;0;0;0;0;0;0;0
FR;12;2021-06-21;0;0;0;0;0;0;0;0;0;0;0;0;0;0;0;0;0;0
FR;12;2021-06-22;0;0;0;0;0;0;0;0;0;0;0;0;0;0;0;0;0;0
FR;12;2021-06-23;0;0;0;0;0;0;0;0;0;0;0;0;0;0;0;0;0;0
FR;12;2021-06-24;0;0;0;0;0;0;0;0;0;0;0;0;0;0;0;0;0;0
FR;12;2021-06-25;0;0;0;0;0;0;0;0;0;0;0;0;0;0;0;0;0;0
FR;12;2021-06-26;0;0;0;0;0;0;0;0;0;0;0;0;0;0;0;0;0;0
FR;12;2021-06-27;0;0;0;0;0;0;0;0;0;0;0;0;0;0;0;0;0;0
FR;12;2021-06-28;0;0;0;0;0;0;0;0;0;0;0;0;0;0;0;0;0;0
FR;12;2021-06-29;0;0;0;0;0;0;0;0;0;0;0;0;0;0;0;0;0;0
FR;12;2021-06-30;0;0;0;0;0;0;0;0;0;0;0;0;0;0;0;0;0;0
FR;12;2021-07-01;0;0;0;0;0;0;0;0;0;0;0;0;0;0;0;0;0;0
FR;12;2021-07-02;0;0;0;0;0;0;0;0;0;0;0;0;0;0;0;0;0;0
FR;12;2021-07-03;0;0;0;0;0;0;0;0;0;0;0;0;0;0;0;0;0;0
FR;12;2021-07-04;0;0;0;0;0;0;0;0;0;0;0;0;0;0;0;0;0;0
FR;12;2021-07-05;0;0;0;0;0;0;0;0;0;0;0;0;0;0;0;0;0;0
FR;12;2021-07-06;0;0;0;0;0;0;0;0;0;0;0;0;0;0;0;0;0;0
FR;12;2021-07-07;0;0;0;0;0;0;0;0;0;0;0;0;0;0;0;0;0;0
FR;12;2021-07-08;0;0;0;0;0;0;0;0;0;0;0;0;0;0;0;0;0;0
FR;12;2021-07-09;0;0;0;0;0;0;0;0;0;0;0;0;0;0;0;0;0;0
FR;12;2021-07-10;0;0;0;0;0;0;0;0;0;0;0;0;0;0;0;0;0;0
FR;12;2021-07-11;0;0;0;0;0;0;0;0;0;0;0;0;0;0;0;0;0;0
FR;12;2021-07-12;0;0;0;0;0;0;0;0;0;0;0;0;0;0;0;0;0;0
FR;12;2021-07-13;0;0;0;0;0;0;0;0;0;0;0;0;0;0;0;0;0;0
FR;12;2021-07-14;0;0;0;0;0;0;0;0;0;0;0;0;0;0;0;0;0;0
FR;12;2021-07-15;0;0;0;0;0;0;0;0;0;0;0;0;0;0;0;0;0;0
FR;12;2021-07-16;0;0;0;0;0;0;0;0;0;0;0;0;0;0;0;0;0;0
FR;12;2021-07-17;0;0;0;0;0;0;0;0;0;0;0;0;0;0;0;0;0;0
FR;12;2021-07-18;0;0;0;0;0;0;0;0;0;0;0;0;0;0;0;0;0;0
FR;12;2021-07-19;0;0;0;0;0;0;0;0;0;0;0;0;0;0;0;0;0;0
FR;12;2021-07-20;0;0;0;0;0;0;0;0;0;0;0;0;0;0;0;0;0;0
FR;12;2021-07-21;0;0;0;0;0;0;0;0;0;0;0;0;0;0;0;0;0;0
FR;12;2021-07-22;0;0;0;0;0;0;0;0;0;0;0;0;0;0;0;0;0;0
FR;12;2021-07-23;0;0;0;0;0;0;0;0;0;0;0;0;0;0;0;0;0;0
FR;12;2021-07-24;0;0;0;0;0;0;0;0;0;0;0;0;0;0;0;0;0;0
FR;12;2021-07-25;0;0;0;0;0;0;0;0;0;0;0;0;0;0;0;0;0;0
FR;12;2021-07-26;0;0;0;0;0;0;0;0;0;0;0;0;0;0;0;0;0;0
FR;12;2021-07-27;0;0;0;0;0;0;0;0;0;0;0;0;0;0;0;0;0;0
FR;12;2021-07-28;0;0;0;0;0;0;0;0;0;0;0;0;0;0;0;0;0;0
FR;12;2021-07-29;0;0;0;0;0;0;0;0;0;0;0;0;0;0;0;0;0;0
FR;12;2021-07-30;0;0;0;0;0;0;0;0;0;0;0;0;0;0;0;0;0;0
FR;12;2021-07-31;0;0;0;0;0;0;0;0;0;0;0;0;0;0;0;0;0;0
FR;12;2021-08-01;0;0;0;0;0;0;0;0;0;0;0;0;0;0;0;0;0;0
FR;12;2021-08-02;0;0;0;0;0;0;0;0;0;0;0;0;0;0;0;0;0;0
FR;12;2021-08-03;0;0;0;0;0;0;0;0;0;0;0;0;0;0;0;0;0;0
FR;12;2021-08-04;0;0;0;0;0;0;0;0;0;0;0;0;0;0;0;0;0;0
FR;12;2021-08-05;0;0;0;0;0;0;0;0;0;0;0;0;0;0;0;0;0;0
FR;12;2021-08-06;0;0;0;0;0;0;0;0;0;0;0;0;0;0;0;0;0;0
FR;12;2021-08-07;0;0;0;0;0;0;0;0;0;0;0;0;0;0;0;0;0;0
FR;12;2021-08-08;0;0;0;0;0;0;0;0;0;0;0;0;0;0;0;0;0;0
FR;12;2021-08-09;0;0;0;0;0;0;0;0;0;0;0;0;0;0;0;0;0;0
FR;12;2021-08-10;0;0;0;0;0;0;0;0;0;0;0;0;0;0;0;0;0;0
FR;12;2021-08-11;0;0;0;0;0;0;0;0;0;0;0;0;0;0;0;0;0;0
FR;12;2021-08-12;0;0;0;0;0;0;0;0;0;0;0;0;0;0;0;0;0;0
FR;12;2021-08-13;0;0;0;0;0;0;0;0;0;0;0;0;0;0;0;0;0;0
FR;12;2021-08-14;0;0;0;0;0;0;0;0;0;0;0;0;0;0;0;0;0;0
FR;12;2021-08-15;0;0;0;0;0;0;0;0;0;0;0;0;0;0;0;0;0;0
FR;12;2021-08-16;0;0;0;0;0;0;0;0;0;0;0;0;0;0;0;0;0;0
FR;12;2021-08-17;0;0;0;0;0;0;0;0;0;0;0;0;0;0;0;0;0;0
FR;12;2021-08-18;0;0;0;0;0;0;0;0;0;0;0;0;0;0;0;0;0;0
FR;12;2021-08-19;0;0;0;0;0;0;0;0;0;0;0;0;0;0;0;0;0;0
FR;12;2021-08-20;0;0;0;0;0;0;0;0;0;0;0;0;0;0;0;0;0;0
FR;12;2021-08-21;0;0;0;0;0;0;0;0;0;0;0;0;0;0;0;0;0;0
FR;12;2021-08-22;0;0;0;0;0;0;0;0;0;0;0;0;0;0;0;0;0;0
FR;12;2021-08-23;0;0;0;0;0;0;0;0;0;0;0;0;0;0;0;0;0;0
FR;12;2021-08-24;0;0;0;0;0;0;0;0;0;0;0;0;0;0;0;0;0;0
FR;12;2021-08-25;0;0;0;0;0;0;0;0;0;0;0;0;0;0;0;0;0;0
FR;12;2021-08-26;0;0;0;0;0;0;0;0;0;0;0;0;0;0;0;0;0;0
FR;12;2021-08-27;0;0;0;0;0;0;0;0;0;0;0;0;0;0;0;0;0;0
FR;12;2021-08-28;0;0;0;0;0;0;0;0;0;0;0;0;0;0;0;0;0;0
FR;12;2021-08-29;0;0;0;0;0;0;0;0;0;0;0;0;0;0;0;0;0;0
FR;12;2021-08-30;0;0;0;0;0;0;0;0;0;0;0;0;0;0;0;0;0;0
FR;12;2021-08-31;0;0;0;0;0;0;0;0;0;0;0;0;0;0;0;0;0;0
FR;12;2021-09-01;0;0;0;0;0;0;0;0;0;0;0;0;0;0;0;0;0;0
FR;12;2021-09-02;0;0;0;0;0;0;0;0;0;0;0;0;0;0;0;0;0;0
FR;12;2021-09-03;0;0;0;0;0;0;0;0;0;0;0;0;0;0;0;0;0;0
FR;12;2021-09-04;0;0;0;0;0;0;0;0;0;0;0;0;0;0;0;0;0;0
FR;12;2021-09-05;0;0;0;0;0;0;0;0;0;0;0;0;0;0;0;0;0;0
FR;12;2021-09-06;0;0;0;0;0;0;0;0;0;0;0;0;0;0;0;0;0;0
FR;12;2021-09-07;0;0;0;0;0;0;0;0;0;0;0;0;0;0;0;0;0;0
FR;12;2021-09-08;0;0;0;0;0;0;0;0;0;0;0;0;0;0;0;0;0;0
FR;12;2021-09-09;0;0;0;0;0;0;0;0;0;0;0;0;0;0;0;0;0;0
FR;12;2021-09-10;0;0;0;0;0;0;0;0;0;0;0;0;0;0;0;0;0;0
FR;12;2021-09-11;0;0;0;0;0;0;0;0;0;0;0;0;0;0;0;0;0;0
FR;12;2021-09-12;0;0;0;0;0;0;0;0;0;0;0;0;0;0;0;0;0;0
FR;12;2021-09-13;0;0;0;0;0;0;0;0;0;0;0;0;0;0;0;0;0;0
FR;12;2021-09-14;0;0;0;0;0;0;0;0;0;0;0;0;0;0;0;0;0;0
FR;12;2021-09-15;0;0;0;0;0;0;0;0;0;0;0;0;0;0;0;0;0;0
FR;12;2021-09-16;0;0;0;0;0;0;0;0;0;0;0;0;0;0;0;0;0;0
FR;12;2021-09-17;0;0;0;0;0;0;0;0;0;0;0;0;0;0;0;0;0;0
FR;12;2021-09-18;0;0;0;0;0;0;0;0;0;0;0;0;0;0;0;0;0;0
FR;12;2021-09-19;0;0;0;0;0;0;0;0;0;0;0;0;0;0;0;0;0;0
FR;12;2021-09-20;0;0;0;0;0;0;0;0;0;0;0;0;0;0;0;0;0;0
FR;12;2021-09-21;0;0;0;0;0;0;0;0;0;0;0;0;0;0;0;0;0;0
FR;12;2021-09-22;0;0;0;0;0;0;0;0;0;0;0;0;0;0;0;0;0;0
FR;12;2021-09-23;0;0;0;0;0;0;0;0;0;0;0;0;0;0;0;0;0;0
FR;12;2021-09-24;0;0;0;0;0;0;0;0;0;0;0;0;0;0;0;0;0;0
FR;12;2021-09-25;0;0;0;0;0;0;0;0;0;0;0;0;0;0;0;0;0;0
FR;12;2021-09-26;0;0;0;0;0;0;0;0;0;0;0;0;0;0;0;0;0;0
FR;12;2021-09-27;0;0;0;0;0;0;0;0;0;0;0;0;0;0;0;0;0;0
FR;12;2021-09-28;0;0;0;0;0;0;0;0;0;0;0;0;0;0;0;0;0;0
FR;12;2021-09-29;0;0;0;0;0;0;0;0;0;0;0;0;0;0;0;0;0;0
FR;12;2021-09-30;0;0;0;0;0;0;0;0;0;0;0;0;0;0;0;0;0;0
FR;12;2021-10-01;0;0;0;0;0;0;0;0;0;0;0;0;0;0;0;0;0;0
FR;12;2021-10-02;0;0;0;0;0;0;0;0;0;0;0;0;0;0;0;0;0;0
FR;12;2021-10-03;0;0;0;0;0;0;0;0;0;0;0;0;0;0;0;0;0;0
FR;12;2021-10-04;0;0;0;0;0;0;0;0;0;0;0;0;0;0;0;0;0;0
FR;12;2021-10-05;0;0;0;0;0;0;0;0;0;0;0;0;0;0;0;0;0;0
FR;12;2021-10-06;0;0;0;0;0;0;0;0;0;0;0;0;0;0;0;0;0;0
FR;12;2021-10-07;0;0;0;0;0;0;0;0;0;0;0;0;0;0;0;0;0;0
FR;12;2021-10-08;0;0;0;0;0;0;0;0;0;0;0;0;0;0;0;0;0;0
FR;12;2021-10-09;0;0;0;0;0;0;0;0;0;0;0;0;0;0;0;0;0;0
FR;12;2021-10-10;0;0;0;0;0;0;0;0;0;0;0;0;0;0;0;0;0;0
FR;12;2021-10-11;0;0;0;0;0;0;0;0;0;0;0;0;0;0;0;0;0;0
FR;12;2021-10-12;0;0;0;0;0;0;0;0;0;0;0;0;0;0;0;0;0;0
FR;12;2021-10-13;0;0;0;0;0;0;0;0;0;0;0;0;0;0;0;0;0;0
FR;12;2021-10-14;0;0;0;0;0;0;0;0;0;0;0;0;0;0;0;0;0;0
FR;12;2021-10-15;0;0;0;0;0;0;0;0;0;0;0;0;0;0;0;0;0;0
FR;12;2021-10-16;0;0;0;0;0;0;0;0;0;0;0;0;0;0;0;0;0;0
FR;12;2021-10-17;0;0;0;0;0;0;0;0;0;0;0;0;0;0;0;0;0;0
FR;12;2021-10-18;0;0;0;0;0;0;0;0;0;0;0;0;0;0;0;0;0;0
FR;12;2021-10-19;0;0;0;0;0;0;0;0;0;0;0;0;0;0;0;0;0;0
FR;12;2021-10-20;0;0;0;0;0;0;0;0;0;0;0;0;0;0;0;0;0;0
FR;12;2021-10-21;0;0;0;0;0;0;0;0;0;0;0;0;0;0;0;0;0;0
FR;12;2021-10-22;0;0;0;0;0;0;0;0;0;0;0;0;0;0;0;0;0;0
FR;12;2021-10-23;0;0;0;0;0;0;0;0;0;0;0;0;0;0;0;0;0;0
FR;12;2021-10-24;0;0;0;0;0;0;0;0;0;0;0;0;0;0;0;0;0;0
FR;12;2021-10-25;0;0;0;0;0;0;0;0;0;0;0;0;0;0;0;0;0;0
FR;12;2021-10-26;0;0;0;0;0;0;0;0;0;0;0;0;0;0;0;0;0;0
FR;12;2021-10-27;0;0;0;0;0;0;0;0;0;0;0;0;0;0;0;0;0;0
FR;12;2021-10-28;0;0;0;0;0;0;0;0;0;0;0;0;0;0;0;0;0;0
FR;12;2021-10-29;0;0;0;0;0;0;0;0;0;0;0;0;0;0;0;0;0;0
FR;12;2021-10-30;0;0;0;0;0;0;0;0;0;0;0;0;0;0;0;0;0;0
FR;12;2021-10-31;0;0;0;0;0;0;0;0;0;0;0;0;0;0;0;0;0;0
FR;12;2021-11-01;0;0;0;0;0;0;0;0;0;0;0;0;0;0;0;0;0;0
FR;12;2021-11-02;0;0;0;0;0;0;0;0;0;0;0;0;0;0;0;0;0;0
FR;12;2021-11-03;0;0;0;0;0;0;0;0;0;0;0;0;0;0;0;0;0;0
FR;12;2021-11-04;0;0;0;0;0;0;0;0;0;0;0;0;0;0;0;0;0;0
FR;12;2021-11-05;0;0;0;0;0;0;0;0;0;0;0;0;0;0;0;0;0;0
FR;12;2021-11-06;0;0;0;0;0;0;0;0;0;0;0;0;0;0;0;0;0;0
FR;12;2021-11-07;0;0;0;0;0;0;0;0;0;0;0;0;0;0;0;0;0;0
FR;12;2021-11-08;0;0;0;0;0;0;0;0;0;0;0;0;0;0;0;0;0;0
FR;12;2021-11-09;0;0;0;0;0;0;0;0;0;0;0;0;0;0;0;0;0;0
FR;12;2021-11-10;0;0;0;0;0;0;0;0;0;0;0;0;0;0;0;0;0;0
FR;12;2021-11-11;0;0;0;0;0;0;0;0;0;0;0;0;0;0;0;0;0;0
FR;12;2021-11-12;0;0;0;0;0;0;0;0;0;0;0;0;0;0;0;0;0;0
FR;12;2021-11-13;0;0;0;0;0;0;0;0;0;0;0;0;0;0;0;0;0;0
FR;12;2021-11-14;0;0;0;0;0;0;0;0;0;0;0;0;0;0;0;0;0;0
FR;12;2021-11-15;0;0;0;0;0;0;0;0;0;0;0;0;0;0;0;0;0;0
FR;12;2021-11-16;0;0;0;0;0;0;0;0;0;0;0;0;0;0;0;0;0;0
FR;12;2021-11-17;0;0;0;0;0;0;0;0;0;0;0;0;0;0;0;0;0;0
FR;12;2021-11-18;0;0;0;0;0;0;0;0;0;0;0;0;0;0;0;0;0;0
FR;12;2021-11-19;0;0;0;0;0;0;0;0;0;0;0;0;0;0;0;0;0;0
FR;12;2021-11-20;0;0;0;0;0;0;0;0;0;0;0;0;0;0;0;0;0;0
FR;12;2021-11-21;0;0;0;0;0;0;0;0;0;0;0;0;0;0;0;0;0;0
FR;12;2021-11-22;0;0;0;0;0;0;0;0;0;0;0;0;0;0;0;0;0;0
FR;12;2021-11-23;0;0;0;0;0;0;0;0;0;0;0;0;0;0;0;0;0;0
FR;12;2021-11-24;0;0;0;0;0;0;0;0;0;0;0;0;0;0;0;0;0;0
FR;12;2021-11-25;0;0;0;0;0;0;0;0;0;0;0;0;0;0;0;0;0;0
FR;12;2021-11-26;0;0;0;0;0;0;0;0;0;0;0;0;0;0;0;0;0;0
FR;12;2021-11-27;0;0;0;0;0;0;0;0;0;0;0;0;0;0;0;0;0;0
FR;12;2021-11-28;0;0;0;0;0;0;0;0;0;0;0;0;0;0;0;0;0;0
FR;12;2021-11-29;0;0;0;0;0;0;0;0;0;0;0;0;0;0;0;0;0;0
FR;12;2021-11-30;0;0;0;0;0;0;0;0;0;0;0;0;0;0;0;0;0;0
FR;12;2021-12-01;0;0;0;0;0;0;0;0;0;0;0;0;0;0;0;0;0;0
FR;12;2021-12-02;0;0;0;0;0;0;0;0;0;0;0;0;0;0;0;0;0;0
FR;12;2021-12-03;0;0;0;0;0;0;0;0;0;0;0;0;0;0;0;0;0;0
FR;12;2021-12-04;0;0;0;0;0;0;0;0;0;0;0;0;0;0;0;0;0;0
FR;12;2021-12-05;0;0;0;0;0;0;0;0;0;0;0;0;0;0;0;0;0;0
FR;12;2021-12-06;0;0;0;0;0;0;0;0;0;0;0;0;0;0;0;0;0;0
FR;12;2021-12-07;0;0;0;0;0;0;0;0;0;0;0;0;0;0;0;0;0;0
FR;12;2021-12-08;0;0;0;0;0;0;0;0;0;0;0;0;0;0;0;0;0;0
FR;12;2021-12-09;0;0;0;0;0;0;0;0;0;0;0;0;0;0;0;0;0;0
FR;12;2021-12-10;0;0;0;0;0;0;0;0;0;0;0;0;0;0;0;0;0;0
FR;12;2021-12-11;0;0;0;0;0;0;0;0;0;0;0;0;0;0;0;0;0;0
FR;12;2021-12-12;0;0;0;0;0;0;0;0;0;0;0;0;0;0;0;0;0;0
FR;12;2021-12-13;0;0;0;0;0;0;0;0;0;0;0;0;0;0;0;0;0;0
FR;12;2021-12-14;0;0;0;0;0;0;0;0;0;0;0;0;0;0;0;0;0;0
FR;12;2021-12-15;0;0;0;0;0;0;0;0;0;0;0;0;0;0;0;0;0;0
FR;12;2021-12-16;0;0;0;0;0;0;0;0;0;0;0;0;0;0;0;0;0;0
FR;12;2021-12-17;0;0;0;0;0;0;0;0;0;0;0;0;0;0;0;0;0;0
FR;12;2021-12-18;0;0;0;0;0;0;0;0;0;0;0;0;0;0;0;0;0;0
FR;12;2021-12-19;0;0;0;0;0;0;0;0;0;0;0;0;0;0;0;0;0;0
FR;12;2021-12-20;0;0;0;0;0;0;0;0;0;0;0;0;0;0;0;0;0;0
FR;12;2021-12-21;0;0;0;0;0;0;0;0;0;0;0;0;0;0;0;0;0;0
FR;12;2021-12-22;0;0;0;0;0;0;0;0;0;0;0;0;0;0;0;0;0;0
FR;12;2021-12-23;0;0;0;0;0;0;0;0;0;0;0;0;0;0;0;0;0;0
FR;12;2021-12-24;0;0;0;0;0;0;0;0;0;0;0;0;0;0;0;0;0;0
FR;12;2021-12-25;0;0;0;0;0;0;0;0;0;0;0;0;0;0;0;0;0;0
FR;12;2021-12-26;0;0;0;0;0;0;0;0;0;0;0;0;0;0;0;0;0;0
FR;12;2021-12-27;0;0;0;0;0;0;0;0;0;0;0;0;0;0;0;0;0;0
FR;12;2021-12-28;0;0;0;0;0;0;0;0;0;0;0;0;0;0;0;0;0;0
FR;12;2021-12-29;0;0;0;0;0;0;0;0;0;0;0;0;0;0;0;0;0;0
FR;12;2021-12-30;0;0;0;0;0;0;0;0;0;0;0;0;0;0;0;0;0;0
FR;12;2021-12-31;0;0;0;0;0;0;0;0;0;0;0;0;0;0;0;0;0;0
FR;12;2022-01-01;0;0;0;0;0;0;0;0;0;0;0;0;0;0;0;0;0;0
FR;12;2022-01-02;0;0;0;0;0;0;0;0;0;0;0;0;0;0;0;0;0;0
FR;12;2022-01-03;0;0;0;0;0;0;0;0;0;0;0;0;0;0;0;0;0;0
FR;12;2022-01-04;0;0;0;0;0;0;0;0;0;0;0;0;0;0;0;0;0;0
FR;12;2022-01-05;0;0;0;0;0;0;0;0;0;0;0;0;0;0;0;0;0;0
FR;12;2022-01-06;0;0;0;0;0;0;0;0;0;0;0;0;0;0;0;0;0;0
FR;12;2022-01-07;0;0;0;0;0;0;0;0;0;0;0;0;0;0;0;0;0;0
FR;12;2022-01-08;0;0;0;0;0;0;0;0;0;0;0;0;0;0;0;0;0;0
FR;12;2022-01-09;0;0;0;0;0;0;0;0;0;0;0;0;0;0;0;0;0;0
FR;12;2022-01-10;0;0;0;0;0;0;0;0;0;0;0;0;0;0;0;0;0;0
FR;12;2022-01-11;0;0;0;0;0;0;0;0;0;0;0;0;0;0;0;0;0;0
FR;12;2022-01-12;0;0;0;0;0;0;0;0;0;0;0;0;0;0;0;0;0;0
FR;12;2022-01-13;0;0;0;0;0;0;0;0;0;0;0;0;0;0;0;0;0;0
FR;12;2022-01-14;0;0;0;0;0;0;0;0;0;0;0;0;0;0;0;0;0;0
FR;12;2022-01-15;0;0;0;0;0;0;0;0;0;0;0;0;0;0;0;0;0;0
FR;12;2022-01-16;0;0;0;0;0;0;0;0;0;0;0;0;0;0;0;0;0;0
FR;12;2022-01-17;0;0;0;0;0;0;0;0;0;0;0;0;0;0;0;0;0;0
FR;12;2022-01-18;0;0;0;0;0;0;0;0;0;0;0;0;0;0;0;0;0;0
FR;12;2022-01-19;0;0;0;0;0;0;0;0;0;0;0;0;0;0;0;0;0;0
FR;12;2022-01-20;0;0;0;0;0;0;0;0;0;0;0;0;0;0;0;0;0;0
FR;12;2022-01-21;0;0;0;0;0;0;0;0;0;0;0;0;0;0;0;0;0;0
FR;12;2022-01-22;0;0;0;0;0;0;0;0;0;0;0;0;0;0;0;0;0;0
FR;12;2022-01-23;0;0;0;0;0;0;0;0;0;0;0;0;0;0;0;0;0;0
FR;12;2022-01-24;0;0;0;0;0;0;0;0;0;0;0;0;0;0;0;0;0;0
FR;12;2022-01-25;0;0;0;0;0;0;0;0;0;0;0;0;0;0;0;0;0;0
FR;12;2022-01-26;0;0;0;0;0;0;0;0;0;0;0;0;0;0;0;0;0;0
FR;12;2022-01-27;0;0;0;0;0;0;0;0;0;0;0;0;0;0;0;0;0;0
FR;12;2022-01-28;0;0;0;0;0;0;0;0;0;0;0;0;0;0;0;0;0;0
FR;12;2022-01-29;0;0;0;0;0;0;0;0;0;0;0;0;0;0;0;0;0;0
FR;12;2022-01-30;0;0;0;0;0;0;0;0;0;0;0;0;0;0;0;0;0;0
FR;12;2022-01-31;0;0;0;0;0;0;0;0;0;0;0;0;0;0;0;0;0;0
FR;12;2022-02-01;0;0;0;0;0;0;0;0;0;0;0;0;0;0;0;0;0;0
FR;12;2022-02-02;0;0;0;0;0;0;0;0;0;0;0;0;0;0;0;0;0;0
FR;12;2022-02-03;0;0;0;0;0;0;0;0;0;0;0;0;0;0;0;0;0;0
FR;12;2022-02-04;0;0;0;0;0;0;0;0;0;0;0;0;0;0;0;0;0;0
FR;12;2022-02-05;0;0;0;0;0;0;0;0;0;0;0;0;0;0;0;0;0;0
FR;12;2022-02-06;0;0;0;0;0;0;0;0;0;0;0;0;0;0;0;0;0;0
FR;12;2022-02-07;0;0;0;0;0;0;0;0;0;0;0;0;0;0;0;0;0;0
FR;12;2022-02-08;0;0;0;0;0;0;0;0;0;0;0;0;0;0;0;0;0;0
FR;12;2022-02-09;0;0;0;0;0;0;0;0;0;0;0;0;0;0;0;0;0;0
FR;12;2022-02-10;0;0;0;0;0;0;0;0;0;0;0;0;0;0;0;0;0;0
FR;12;2022-02-11;0;0;0;0;0;0;0;0;0;0;0;0;0;0;0;0;0;0
FR;12;2022-02-12;0;0;0;0;0;0;0;0;0;0;0;0;0;0;0;0;0;0
FR;12;2022-02-13;0;0;0;0;0;0;0;0;0;0;0;0;0;0;0;0;0;0
FR;12;2022-02-14;0;0;0;0;0;0;0;0;0;0;0;0;0;0;0;0;0;0
FR;12;2022-02-15;0;0;0;0;0;0;0;0;0;0;0;0;0;0;0;0;0;0
FR;12;2022-02-16;0;0;0;0;0;0;0;0;0;0;0;0;0;0;0;0;0;0
FR;12;2022-02-17;0;0;0;0;0;0;0;0;0;0;0;0;0;0;0;0;0;0
FR;12;2022-02-18;0;0;0;0;0;0;0;0;0;0;0;0;0;0;0;0;0;0
FR;12;2022-02-19;0;0;0;0;0;0;0;0;0;0;0;0;0;0;0;0;0;0
FR;12;2022-02-20;0;0;0;0;0;0;0;0;0;0;0;0;0;0;0;0;0;0
FR;12;2022-02-21;0;0;0;0;0;0;0;0;0;0;0;0;0;0;0;0;0;0
FR;12;2022-02-22;0;0;0;0;0;0;0;0;0;0;0;0;0;0;0;0;0;0
FR;12;2022-02-23;0;0;0;0;0;0;0;0;0;0;0;0;0;0;0;0;0;0
FR;12;2022-02-24;0;0;0;0;0;0;0;0;0;0;0;0;0;0;0;0;0;0
FR;12;2022-02-25;0;0;0;0;0;0;0;0;0;0;0;0;0;0;0;0;0;0
FR;12;2022-02-26;0;0;0;0;0;0;0;0;0;0;0;0;0;0;0;0;0;0
FR;12;2022-02-27;0;0;0;0;0;0;0;0;0;0;0;0;0;0;0;0;0;0
FR;12;2022-02-28;0;0;0;0;0;0;0;0;0;0;0;0;0;0;0;0;0;0
FR;12;2022-03-01;0;0;0;0;0;0;0;0;0;0;0;0;0;0;0;0;0;0
FR;12;2022-03-02;0;0;0;0;0;0;0;0;0;0;0;0;0;0;0;0;0;0
FR;12;2022-03-03;0;0;0;0;0;0;0;0;0;0;0;0;0;0;0;0;0;0
FR;12;2022-03-04;0;0;0;0;0;0;0;0;0;0;0;0;0;0;0;0;0;0
FR;12;2022-03-05;0;0;0;0;0;0;0;0;0;0;0;0;0;0;0;0;0;0
FR;12;2022-03-06;0;0;0;0;0;0;0;0;0;0;0;0;0;0;0;0;0;0
FR;12;2022-03-07;0;0;0;0;0;0;0;0;0;0;0;0;0;0;0;0;0;0
FR;12;2022-03-08;0;0;0;0;0;0;0;0;0;0;0;0;0;0;0;0;0;0
FR;12;2022-03-09;0;0;0;0;0;0;0;0;0;0;0;0;0;0;0;0;0;0
FR;12;2022-03-10;0;0;0;0;0;0;0;0;0;0;0;0;0;0;0;0;0;0
FR;12;2022-03-11;0;0;0;0;0;0;0;0;0;0;0;0;0;0;0;0;0;0
FR;12;2022-03-12;0;0;0;0;0;0;0;0;0;0;0;0;0;0;0;0;0;0
FR;12;2022-03-13;0;0;0;0;0;0;0;0;0;0;0;0;0;0;0;0;0;0
FR;12;2022-03-14;0;0;0;0;0;0;0;0;0;0;0;0;0;0;0;0;0;0
FR;12;2022-03-15;0;0;0;0;0;0;0;0;0;0;0;0;0;0;0;0;0;0
FR;12;2022-03-16;0;0;0;0;0;0;0;0;0;0;0;0;0;0;0;0;0;0
FR;12;2022-03-17;0;0;0;0;0;0;0;0;0;0;0;0;0;0;0;0;0;0
FR;12;2022-03-18;0;0;0;0;0;0;0;0;0;0;0;0;0;0;0;0;0;0
FR;12;2022-03-19;0;0;0;0;0;0;0;0;0;0;0;0;0;0;0;0;0;0
FR;12;2022-03-20;0;0;0;0;0;0;0;0;0;0;0;0;0;0;0;0;0;0
FR;12;2022-03-21;0;0;0;0;0;0;0;0;0;0;0;0;0;0;0;0;0;0
FR;12;2022-03-22;0;0;0;0;0;0;0;0;0;0;0;0;0;0;0;0;0;0
FR;12;2022-03-23;0;0;0;0;0;0;0;0;0;0;0;0;0;0;0;0;0;0
FR;12;2022-03-24;0;0;0;0;0;0;0;0;0;0;0;0;0;0;0;0;0;0
FR;12;2022-03-25;0;0;0;0;0;0;0;0;0;0;0;0;0;0;0;0;0;0
FR;12;2022-03-26;0;0;0;0;0;0;0;0;0;0;0;0;0;0;0;0;0;0
FR;12;2022-03-27;0;0;0;0;0;0;0;0;0;0;0;0;0;0;0;0;0;0
FR;12;2022-03-28;0;0;0;0;0;0;0;0;0;0;0;0;0;0;0;0;0;0
FR;12;2022-03-29;0;0;0;0;0;0;0;0;0;0;0;0;0;0;0;0;0;0
FR;12;2022-03-30;0;0;0;0;0;0;0;0;0;0;0;0;0;0;0;0;0;0
FR;12;2022-03-31;0;0;0;0;0;0;0;0;0;0;0;0;0;0;0;0;0;0
FR;12;2022-04-01;0;0;0;0;0;0;0;0;0;0;0;0;0;0;0;0;0;0
FR;12;2022-04-02;0;0;0;0;0;0;0;0;0;0;0;0;0;0;0;0;0;0
FR;12;2022-04-03;0;0;0;0;0;0;0;0;0;0;0;0;0;0;0;0;0;0
FR;12;2022-04-04;0;0;0;0;0;0;0;0;0;0;0;0;0;0;0;0;0;0
FR;12;2022-04-05;0;0;0;0;0;0;0;0;0;0;0;0;0;0;0;0;0;0
FR;12;2022-04-06;0;0;0;0;0;0;0;0;0;0;0;0;0;0;0;0;0;0
FR;12;2022-04-07;0;0;0;0;0;0;0;0;0;0;0;0;0;0;0;0;0;0
FR;12;2022-04-08;0;0;0;0;0;0;0;0;0;0;0;0;0;0;0;0;0;0
FR;12;2022-04-09;0;0;0;0;0;0;0;0;0;0;0;0;0;0;0;0;0;0
FR;12;2022-04-10;0;0;0;0;0;0;0;0;0;0;0;0;0;0;0;0;0;0
FR;12;2022-04-11;0;0;0;0;0;0;0;0;0;0;0;0;0;0;0;0;0;0
FR;12;2022-04-12;0;0;0;0;0;0;0;0;0;0;0;0;0;0;0;0;0;0
FR;12;2022-04-13;0;0;0;0;0;0;0;0;0;0;0;0;0;0;0;0;0;0
FR;12;2022-04-14;0;0;0;0;0;0;0;0;0;0;0;0;0;0;0;0;0;0
FR;12;2022-04-15;0;0;0;0;0;0;0;0;0;0;0;0;0;0;0;0;0;0
FR;12;2022-04-16;0;0;0;0;0;0;0;0;0;0;0;0;0;0;0;0;0;0
FR;12;2022-04-17;0;0;0;0;0;0;0;0;0;0;0;0;0;0;0;0;0;0
FR;12;2022-04-18;0;0;0;0;0;0;0;0;0;0;0;0;0;0;0;0;0;0
FR;12;2022-04-19;0;0;0;0;0;0;0;0;0;0;0;0;0;0;0;0;0;0
FR;12;2022-04-20;0;0;0;0;0;0;0;0;0;0;0;0;0;0;0;0;0;0
FR;12;2022-04-21;0;0;0;0;0;0;0;0;0;0;0;0;0;0;0;0;0;0
FR;12;2022-04-22;0;0;0;0;0;0;0;0;0;0;0;0;0;0;0;0;0;0
FR;12;2022-04-23;0;0;0;0;0;0;0;0;0;0;0;0;0;0;0;0;0;0
FR;12;2022-04-24;0;0;0;0;0;0;0;0;0;0;0;0;0;0;0;0;0;0
FR;12;2022-04-25;0;0;0;0;0;0;0;0;0;0;0;0;0;0;0;0;0;0
FR;12;2022-04-26;0;0;0;0;0;0;0;0;0;0;0;0;0;0;0;0;0;0
FR;12;2022-04-27;0;0;0;0;0;0;0;0;0;0;0;0;0;0;0;0;0;0
FR;12;2022-04-28;0;0;0;0;0;0;0;0;0;0;0;0;0;0;0;0;0;0
FR;12;2022-04-29;0;0;0;0;0;0;0;0;0;0;0;0;0;0;0;0;0;0
FR;12;2022-04-30;0;0;0;0;0;0;0;0;0;0;0;0;0;0;0;0;0;0
FR;12;2022-05-01;0;0;0;0;0;0;0;0;0;0;0;0;0;0;0;0;0;0
FR;12;2022-05-02;0;0;0;0;0;0;0;0;0;0;0;0;0;0;0;0;0;0
FR;12;2022-05-03;0;0;0;0;0;0;0;0;0;0;0;0;0;0;0;0;0;0
FR;12;2022-05-04;0;0;0;0;0;0;0;0;0;0;0;0;0;0;0;0;0;0
FR;12;2022-05-05;0;0;0;0;0;0;0;0;0;0;0;0;0;0;0;0;0;0
FR;12;2022-05-06;0;0;0;0;0;0;0;0;0;0;0;0;0;0;0;0;0;0
FR;12;2022-05-07;0;0;0;0;0;0;0;0;0;0;0;0;0;0;0;0;0;0
FR;12;2022-05-08;0;0;0;0;0;0;0;0;0;0;0;0;0;0;0;0;0;0
FR;12;2022-05-09;0;0;0;0;0;0;0;0;0;0;0;0;0;0;0;0;0;0
FR;12;2022-05-10;0;0;0;0;0;0;0;0;0;0;0;0;0;0;0;0;0;0
FR;12;2022-05-11;0;0;0;0;0;0;0;0;0;0;0;0;0;0;0;0;0;0
FR;12;2022-05-12;0;0;0;0;0;0;0;0;0;0;0;0;0;0;0;0;0;0
FR;12;2022-05-13;0;0;0;0;0;0;0;0;0;0;0;0;0;0;0;0;0;0
FR;12;2022-05-14;0;0;0;0;0;0;0;0;0;0;0;0;0;0;0;0;0;0
FR;12;2022-05-15;0;0;0;0;0;0;0;0;0;0;0;0;0;0;0;0;0;0
FR;12;2022-05-16;0;0;0;0;0;0;0;0;0;0;0;0;0;0;0;0;0;0
FR;12;2022-05-17;0;0;0;0;0;0;0;0;0;0;0;0;0;0;0;0;0;0
FR;12;2022-05-18;0;0;0;0;0;0;0;0;0;0;0;0;0;0;0;0;0;0
FR;12;2022-05-19;0;0;0;0;0;0;0;0;0;0;0;0;0;0;0;0;0;0
FR;12;2022-05-20;0;0;0;0;0;0;0;0;0;0;0;0;0;0;0;0;0;0
FR;12;2022-05-21;0;0;0;0;0;0;0;0;0;0;0;0;0;0;0;0;0;0
FR;12;2022-05-22;0;0;0;0;0;0;0;0;0;0;0;0;0;0;0;0;0;0
FR;12;2022-05-23;0;0;0;0;0;0;0;0;0;0;0;0;0;0;0;0;0;0
FR;12;2022-05-24;0;0;0;0;0;0;0;0;0;0;0;0;0;0;0;0;0;0
FR;12;2022-05-25;0;0;0;0;0;0;0;0;0;0;0;0;0;0;0;0;0;0
FR;12;2022-05-26;0;0;0;0;0;0;0;0;0;0;0;0;0;0;0;0;0;0
FR;12;2022-05-27;0;0;0;0;0;0;0;0;0;0;0;0;0;0;0;0;0;0
FR;12;2022-05-28;0;0;0;0;0;0;0;0;0;0;0;0;0;0;0;0;0;0
FR;12;2022-05-29;0;0;0;0;0;0;0;0;0;0;0;0;0;0;0;0;0;0
FR;12;2022-05-30;0;0;0;0;0;0;0;0;0;0;0;0;0;0;0;0;0;0
FR;12;2022-05-31;0;0;0;0;0;0;0;0;0;0;0;0;0;0;0;0;0;0
FR;12;2022-06-01;0;0;0;0;0;0;0;0;0;0;0;0;0;0;0;0;0;0
FR;12;2022-06-02;0;0;0;0;0;0;0;0;0;0;0;0;0;0;0;0;0;0
FR;12;2022-06-03;0;0;0;0;0;0;0;0;0;0;0;0;0;0;0;0;0;0
FR;12;2022-06-04;0;0;0;0;0;0;0;0;0;0;0;0;0;0;0;0;0;0
FR;12;2022-06-05;0;0;0;0;0;0;0;0;0;0;0;0;0;0;0;0;0;0
FR;12;2022-06-06;0;0;0;0;0;0;0;0;0;0;0;0;0;0;0;0;0;0
FR;12;2022-06-07;0;0;0;0;0;0;0;0;0;0;0;0;0;0;0;0;0;0
FR;12;2022-06-08;0;0;0;0;0;0;0;0;0;0;0;0;0;0;0;0;0;0
FR;12;2022-06-09;0;0;0;0;0;0;0;0;0;0;0;0;0;0;0;0;0;0
FR;12;2022-06-10;0;0;0;0;0;0;0;0;0;0;0;0;0;0;0;0;0;0
FR;12;2022-06-11;0;0;0;0;0;0;0;0;0;0;0;0;0;0;0;0;0;0
FR;12;2022-06-12;0;0;0;0;0;0;0;0;0;0;0;0;0;0;0;0;0;0
FR;12;2022-06-13;0;0;0;0;0;0;0;0;0;0;0;0;0;0;0;0;0;0
FR;12;2022-06-14;0;0;0;0;0;0;0;0;0;0;0;0;0;0;0;0;0;0
FR;12;2022-06-15;0;0;0;0;0;0;0;0;0;0;0;0;0;0;0;0;0;0
FR;12;2022-06-16;0;0;0;0;0;0;0;0;0;0;0;0;0;0;0;0;0;0
FR;12;2022-06-17;0;0;0;0;0;0;0;0;0;0;0;0;0;0;0;0;0;0
FR;12;2022-06-18;0;0;0;0;0;0;0;0;0;0;0;0;0;0;0;0;0;0
FR;12;2022-06-19;0;0;0;0;0;0;0;0;0;0;0;0;0;0;0;0;0;0
FR;12;2022-06-20;0;0;0;0;0;0;0;0;0;0;0;0;0;0;0;0;0;0
FR;12;2022-06-21;0;0;0;0;0;0;0;0;0;0;0;0;0;0;0;0;0;0
FR;12;2022-06-22;0;0;0;0;0;0;0;0;0;0;0;0;0;0;0;0;0;0
FR;12;2022-06-23;0;0;0;0;0;0;0;0;0;0;0;0;0;0;0;0;0;0
FR;12;2022-06-24;0;0;0;0;0;0;0;0;0;0;0;0;0;0;0;0;0;0
FR;12;2022-06-25;0;0;0;0;0;0;0;0;0;0;0;0;0;0;0;0;0;0
FR;12;2022-06-26;0;0;0;0;0;0;0;0;0;0;0;0;0;0;0;0;0;0
FR;12;2022-06-27;0;0;0;0;0;0;0;0;0;0;0;0;0;0;0;0;0;0
FR;12;2022-06-28;0;0;0;0;0;0;0;0;0;0;0;0;0;0;0;0;0;0
FR;12;2022-06-29;0;0;0;0;0;0;0;0;0;0;0;0;0;0;0;0;0;0
FR;12;2022-06-30;0;0;0;0;0;0;0;0;0;0;0;0;0;0;0;0;0;0
FR;12;2022-07-01;0;0;0;0;0;0;0;0;0;0;0;0;0;0;0;0;0;0
FR;12;2022-07-02;0;0;0;0;0;0;0;0;0;0;0;0;0;0;0;0;0;0
FR;12;2022-07-03;0;0;0;0;0;0;0;0;0;0;0;0;0;0;0;0;0;0
FR;12;2022-07-04;0;0;0;0;0;0;0;0;0;0;0;0;0;0;0;0;0;0
FR;12;2022-07-05;0;0;0;0;0;0;0;0;0;0;0;0;0;0;0;0;0;0
FR;12;2022-07-06;0;0;0;0;0;0;0;0;0;0;0;0;0;0;0;0;0;0
FR;12;2022-07-07;0;0;0;0;0;0;0;0;0;0;0;0;0;0;0;0;0;0
FR;12;2022-07-08;0;0;0;0;0;0;0;0;0;0;0;0;0;0;0;0;0;0
FR;12;2022-07-09;0;0;0;0;0;0;0;0;0;0;0;0;0;0;0;0;0;0
FR;12;2022-07-10;0;0;0;0;0;0;0;0;0;0;0;0;0;0;0;0;0;0
FR;12;2022-07-11;0;0;0;0;0;0;0;0;0;0;0;0;0;0;0;0;0;0
FR;12;2022-07-12;0;0;0;0;0;0;0;0;0;0;0;0;0;0;0;0;0;0
FR;12;2022-07-13;0;0;0;0;0;0;0;0;0;0;0;0;0;0;0;0;0;0
FR;12;2022-07-14;0;0;0;0;0;0;0;0;0;0;0;0;0;0;0;0;0;0
FR;12;2022-07-15;0;0;0;0;0;0;0;0;0;0;0;0;0;0;0;0;0;0
FR;12;2022-07-16;0;0;0;0;0;0;0;0;0;0;0;0;0;0;0;0;0;0
FR;12;2022-07-17;0;0;0;0;0;0;0;0;0;0;0;0;0;0;0;0;0;0
FR;12;2022-07-18;0;0;0;0;0;0;0;0;0;0;0;0;0;0;0;0;0;0
FR;12;2022-07-19;0;0;0;0;0;0;0;0;0;0;0;0;0;0;0;0;0;0
FR;12;2022-07-20;0;0;0;0;0;0;0;0;0;0;0;0;0;0;0;0;0;0
FR;12;2022-07-21;0;0;0;0;0;0;0;0;0;0;0;0;0;0;0;0;0;0
FR;12;2022-07-22;0;0;0;0;0;0;0;0;0;0;0;0;0;0;0;0;0;0
FR;12;2022-07-23;0;0;0;0;0;0;0;0;0;0;0;0;0;0;0;0;0;0
FR;12;2022-07-24;0;0;0;0;0;0;0;0;0;0;0;0;0;0;0;0;0;0
FR;12;2022-07-25;0;0;0;0;0;0;0;0;0;0;0;0;0;0;0;0;0;0
FR;12;2022-07-26;0;0;0;0;0;0;0;0;0;0;0;0;0;0;0;0;0;0
FR;12;2022-07-27;0;0;0;0;0;0;0;0;0;0;0;0;0;0;0;0;0;0
FR;12;2022-07-28;0;0;0;0;0;0;0;0;0;0;0;0;0;0;0;0;0;0
FR;12;2022-07-29;0;0;0;0;0;0;0;0;0;0;0;0;0;0;0;0;0;0
FR;12;2022-07-30;0;0;0;0;0;0;0;0;0;0;0;0;0;0;0;0;0;0
FR;12;2022-07-31;0;0;0;0;0;0;0;0;0;0;0;0;0;0;0;0;0;0
FR;12;2022-08-01;0;0;0;0;0;0;0;0;0;0;0;0;0;0;0;0;0;0
FR;12;2022-08-02;0;0;0;0;0;0;0;0;0;0;0;0;0;0;0;0;0;0
FR;12;2022-08-03;0;0;0;0;0;0;0;0;0;0;0;0;0;0;0;0;0;0
FR;12;2022-08-04;0;0;0;0;0;0;0;0;0;0;0;0;0;0;0;0;0;0
FR;12;2022-08-05;0;0;0;0;0;0;0;0;0;0;0;0;0;0;0;0;0;0
FR;12;2022-08-06;0;0;0;0;0;0;0;0;0;0;0;0;0;0;0;0;0;0
FR;12;2022-08-07;0;0;0;0;0;0;0;0;0;0;0;0;0;0;0;0;0;0
FR;12;2022-08-08;0;0;0;0;0;0;0;0;0;0;0;0;0;0;0;0;0;0
FR;12;2022-08-09;0;0;0;0;0;0;0;0;0;0;0;0;0;0;0;0;0;0
FR;12;2022-08-10;0;0;0;0;0;0;0;0;0;0;0;0;0;0;0;0;0;0
FR;12;2022-08-11;0;0;0;0;0;0;0;0;0;0;0;0;0;0;0;0;0;0
FR;12;2022-08-12;0;0;0;0;0;0;0;0;0;0;0;0;0;0;0;0;0;0
FR;12;2022-08-13;0;0;0;0;0;0;0;0;0;0;0;0;0;0;0;0;0;0
FR;12;2022-08-14;0;0;0;0;0;0;0;0;0;0;0;0;0;0;0;0;0;0
FR;12;2022-08-15;0;0;0;0;0;0;0;0;0;0;0;0;0;0;0;0;0;0
FR;12;2022-08-16;0;0;0;0;0;0;0;0;0;0;0;0;0;0;0;0;0;0
FR;12;2022-08-17;0;0;0;0;0;0;0;0;0;0;0;0;0;0;0;0;0;0
FR;12;2022-08-18;0;0;0;0;0;0;0;0;0;0;0;0;0;0;0;0;0;0
FR;12;2022-08-19;0;0;0;0;0;0;0;0;0;0;0;0;0;0;0;0;0;0
FR;12;2022-08-20;0;0;0;0;0;0;0;0;0;0;0;0;0;0;0;0;0;0
FR;12;2022-08-21;0;0;0;0;0;0;0;0;0;0;0;0;0;0;0;0;0;0
FR;12;2022-08-22;0;0;0;0;0;0;0;0;0;0;0;0;0;0;0;0;0;0
FR;12;2022-08-23;0;0;0;0;0;0;0;0;0;0;0;0;0;0;0;0;0;0
FR;12;2022-08-24;0;0;0;0;0;0;0;0;0;0;0;0;0;0;0;0;0;0
FR;12;2022-08-25;0;0;0;0;0;0;0;0;0;0;0;0;0;0;0;0;0;0
FR;12;2022-08-26;0;0;0;0;0;0;0;0;0;0;0;0;0;0;0;0;0;0
FR;12;2022-08-27;0;0;0;0;0;0;0;0;0;0;0;0;0;0;0;0;0;0
FR;12;2022-08-28;0;0;0;0;0;0;0;0;0;0;0;0;0;0;0;0;0;0
FR;12;2022-08-29;0;0;0;0;0;0;0;0;0;0;0;0;0;0;0;0;0;0
FR;12;2022-08-30;0;0;0;0;0;0;0;0;0;0;0;0;0;0;0;0;0;0
FR;12;2022-08-31;0;0;0;0;0;0;0;0;0;0;0;0;0;0;0;0;0;0
FR;12;2022-09-01;0;0;0;0;0;0;0;0;0;0;0;0;0;0;0;0;0;0
FR;12;2022-09-02;0;0;0;0;0;0;0;0;0;0;0;0;0;0;0;0;0;0
FR;12;2022-09-03;0;0;0;0;0;0;0;0;0;0;0;0;0;0;0;0;0;0
FR;12;2022-09-04;0;0;0;0;0;0;0;0;0;0;0;0;0;0;0;0;0;0
FR;12;2022-09-05;0;0;0;0;0;0;0;0;0;0;0;0;0;0;0;0;0;0
FR;12;2022-09-06;0;0;0;0;0;0;0;0;0;0;0;0;0;0;0;0;0;0
FR;12;2022-09-07;0;0;0;0;0;0;0;0;0;0;0;0;0;0;0;0;0;0
FR;12;2022-09-08;0;0;0;0;0;0;0;0;0;0;0;0;0;0;0;0;0;0
FR;12;2022-09-09;0;0;0;0;0;0;0;0;0;0;0;0;0;0;0;0;0;0
FR;12;2022-09-10;0;0;0;0;0;0;0;0;0;0;0;0;0;0;0;0;0;0
FR;12;2022-09-11;0;0;0;0;0;0;0;0;0;0;0;0;0;0;0;0;0;0
FR;12;2022-09-12;0;0;0;0;0;0;0;0;0;0;0;0;0;0;0;0;0;0
FR;12;2022-09-13;0;0;0;0;0;0;0;0;0;0;0;0;0;0;0;0;0;0
FR;12;2022-09-14;0;0;0;0;0;0;0;0;0;0;0;0;0;0;0;0;0;0
FR;12;2022-09-15;0;0;0;0;0;0;0;0;0;0;0;0;0;0;0;0;0;0
FR;12;2022-09-16;0;0;0;0;0;0;0;0;0;0;0;0;0;0;0;0;0;0
FR;12;2022-09-17;0;0;0;0;0;0;0;0;0;0;0;0;0;0;0;0;0;0
FR;12;2022-09-18;0;0;0;0;0;0;0;0;0;0;0;0;0;0;0;0;0;0
FR;12;2022-09-19;0;0;0;0;0;0;0;0;0;0;0;0;0;0;0;0;0;0
FR;12;2022-09-20;0;0;0;0;0;0;0;0;0;0;0;0;0;0;0;0;0;0
FR;12;2022-09-21;0;0;0;0;0;0;0;0;0;0;0;0;0;0;0;0;0;0
FR;12;2022-09-22;0;0;0;0;0;0;0;0;0;0;0;0;0;0;0;0;0;0
FR;12;2022-09-23;0;0;0;0;0;0;0;0;0;0;0;0;0;0;0;0;0;0
FR;12;2022-09-24;0;0;0;0;0;0;0;0;0;0;0;0;0;0;0;0;0;0
FR;12;2022-09-25;0;0;0;0;0;0;0;0;0;0;0;0;0;0;0;0;0;0
FR;12;2022-09-26;0;0;0;0;0;0;0;0;0;0;0;0;0;0;0;0;0;0
FR;12;2022-09-27;0;0;0;0;0;0;0;0;0;0;0;0;0;0;0;0;0;0
FR;12;2022-09-28;0;0;0;0;0;0;0;0;0;0;0;0;0;0;0;0;0;0
FR;12;2022-09-29;0;0;0;0;0;0;0;0;0;0;0;0;0;0;0;0;0;0
FR;12;2022-09-30;0;0;0;0;0;0;0;0;0;0;0;0;0;0;0;0;0;0
FR;12;2022-10-01;0;0;0;0;0;0;0;0;0;0;0;0;0;0;0;0;0;0
FR;12;2022-10-02;0;0;0;0;0;0;0;0;0;0;0;0;0;0;0;0;0;0
FR;12;2022-10-03;0;0;0;0;0;0;0;0;0;0;0;0;0;0;0;0;0;0
FR;12;2022-10-04;0;0;0;0;0;0;0;0;0;0;0;0;0;0;0;0;0;0
FR;12;2022-10-05;0;0;0;0;0;0;0;0;0;0;0;0;0;0;0;0;0;0
FR;12;2022-10-06;0;0;0;0;0;0;0;0;0;0;0;0;0;0;0;0;0;0
FR;12;2022-10-07;0;0;0;0;0;0;0;0;0;0;0;0;0;0;0;0;0;0
FR;12;2022-10-08;0;0;0;0;0;0;0;0;0;0;0;0;0;0;0;0;0;0
FR;12;2022-10-09;0;0;0;0;0;0;0;0;0;0;0;0;0;0;0;0;0;0
FR;12;2022-10-10;0;0;0;0;0;0;0;0;0;0;0;0;0;0;0;0;0;0
FR;12;2022-10-11;0;0;0;0;0;0;0;0;0;0;0;0;0;0;0;0;0;0
FR;12;2022-10-12;0;0;0;0;0;0;0;0;0;0;0;0;0;0;0;0;0;0
FR;12;2022-10-13;0;0;0;0;0;0;0;0;0;0;0;0;0;0;0;0;0;0
FR;12;2022-10-14;0;0;0;0;0;0;0;0;0;0;0;0;0;0;0;0;0;0
FR;12;2022-10-15;0;0;0;0;0;0;0;0;0;0;0;0;0;0;0;0;0;0
FR;12;2022-10-16;0;0;0;0;0;0;0;0;0;0;0;0;0;0;0;0;0;0
FR;12;2022-10-17;0;0;0;0;0;0;0;0;0;0;0;0;0;0;0;0;0;0
FR;12;2022-10-18;0;0;0;0;0;0;0;0;0;0;0;0;0;0;0;0;0;0
FR;12;2022-10-19;0;0;0;0;0;0;0;0;0;0;0;0;0;0;0;0;0;0
FR;12;2022-10-20;0;0;0;0;0;0;0;0;0;0;0;0;0;0;0;0;0;0
FR;12;2022-10-21;0;0;0;0;0;0;0;0;0;0;0;0;0;0;0;0;0;0
FR;12;2022-10-22;0;0;0;0;0;0;0;0;0;0;0;0;0;0;0;0;0;0
FR;12;2022-10-23;0;0;0;0;0;0;0;0;0;0;0;0;0;0;0;0;0;0
FR;12;2022-10-24;0;0;0;0;0;0;0;0;0;0;0;0;0;0;0;0;0;0
FR;12;2022-10-25;0;0;0;0;0;0;0;0;0;0;0;0;0;0;0;0;0;0
FR;12;2022-10-26;0;0;0;0;0;0;0;0;0;0;0;0;0;0;0;0;0;0
FR;12;2022-10-27;0;0;0;0;0;0;0;0;0;0;0;0;0;0;0;0;0;0
FR;12;2022-10-28;0;0;0;0;0;0;0;0;0;0;0;0;0;0;0;0;0;0
FR;12;2022-10-29;0;0;0;0;0;0;0;0;0;0;0;0;0;0;0;0;0;0
FR;12;2022-10-30;0;0;0;0;0;0;0;0;0;0;0;0;0;0;0;0;0;0
FR;12;2022-10-31;0;0;0;0;0;0;0;0;0;0;0;0;0;0;0;0;0;0
FR;12;2022-11-01;0;0;0;0;0;0;0;0;0;0;0;0;0;0;0;0;0;0
FR;12;2022-11-02;0;0;0;0;0;0;0;0;0;0;0;0;0;0;0;0;0;0
FR;12;2022-11-03;0;0;0;0;0;0;0;0;0;0;0;0;0;0;0;0;0;0
FR;12;2022-11-04;0;0;0;0;0;0;0;0;0;0;0;0;0;0;0;0;0;0
FR;12;2022-11-05;0;0;0;0;0;0;0;0;0;0;0;0;0;0;0;0;0;0
FR;12;2022-11-06;0;0;0;0;0;0;0;0;0;0;0;0;0;0;0;0;0;0
FR;12;2022-11-07;0;0;0;0;0;0;0;0;0;0;0;0;0;0;0;0;0;0
FR;12;2022-11-08;0;0;0;0;0;0;0;0;0;0;0;0;0;0;0;0;0;0
FR;12;2022-11-09;0;0;0;0;0;0;0;0;0;0;0;0;0;0;0;0;0;0
FR;12;2022-11-10;0;0;0;0;0;0;0;0;0;0;0;0;0;0;0;0;0;0
FR;12;2022-11-11;0;0;0;0;0;0;0;0;0;0;0;0;0;0;0;0;0;0
FR;12;2022-11-12;0;0;0;0;0;0;0;0;0;0;0;0;0;0;0;0;0;0
FR;12;2022-11-13;0;0;0;0;0;0;0;0;0;0;0;0;0;0;0;0;0;0
FR;12;2022-11-14;0;0;0;0;0;0;0;0;0;0;0;0;0;0;0;0;0;0
FR;12;2022-11-15;0;0;0;0;0;0;0;0;0;0;0;0;0;0;0;0;0;0
FR;12;2022-11-16;0;0;0;0;0;0;0;0;0;0;0;0;0;0;0;0;0;0
FR;12;2022-11-17;0;0;0;0;0;0;0;0;0;0;0;0;0;0;0;0;0;0
FR;12;2022-11-18;0;0;0;0;0;0;0;0;0;0;0;0;0;0;0;0;0;0
FR;12;2022-11-19;0;0;0;0;0;0;0;0;0;0;0;0;0;0;0;0;0;0
FR;12;2022-11-20;0;0;0;0;0;0;0;0;0;0;0;0;0;0;0;0;0;0
FR;12;2022-11-21;0;0;0;0;0;0;0;0;0;0;0;0;0;0;0;0;0;0
FR;12;2022-11-22;0;0;0;0;0;0;0;0;0;0;0;0;0;0;0;0;0;0
FR;12;2022-11-23;0;0;0;0;0;0;0;0;0;0;0;0;0;0;0;0;0;0
FR;12;2022-11-24;0;0;0;0;0;0;0;0;0;0;0;0;0;0;0;0;0;0
FR;12;2022-11-25;0;0;0;0;0;0;0;0;0;0;0;0;0;0;0;0;0;0
FR;12;2022-11-26;0;0;0;0;0;0;0;0;0;0;0;0;0;0;0;0;0;0
FR;12;2022-11-27;0;0;0;0;0;0;0;0;0;0;0;0;0;0;0;0;0;0
FR;12;2022-11-28;0;0;0;0;0;0;0;0;0;0;0;0;0;0;0;0;0;0
FR;12;2022-11-29;0;0;0;0;0;0;0;0;0;0;0;0;0;0;0;0;0;0
FR;12;2022-11-30;0;0;0;0;0;0;0;0;0;0;0;0;0;0;0;0;0;0
FR;12;2022-12-01;0;0;0;0;0;0;0;0;0;0;0;0;0;0;0;0;0;0
FR;12;2022-12-02;0;0;0;0;0;0;0;0;0;0;0;0;0;0;0;0;0;0
FR;12;2022-12-03;0;0;0;0;0;0;0;0;0;0;0;0;0;0;0;0;0;0
FR;12;2022-12-04;0;0;0;0;0;0;0;0;0;0;0;0;0;0;0;0;0;0
FR;12;2022-12-05;0;0;0;0;0;0;0;0;0;0;0;0;0;0;0;0;0;0
FR;12;2022-12-06;0;0;0;0;0;0;0;0;0;0;0;0;0;0;0;0;0;0
FR;12;2022-12-07;0;0;0;0;0;0;0;0;0;0;0;0;0;0;0;0;0;0
FR;12;2022-12-08;0;0;0;0;0;0;0;0;0;0;0;0;0;0;0;0;0;0
FR;12;2022-12-09;0;0;0;0;0;0;0;0;0;0;0;0;0;0;0;0;0;0
FR;12;2022-12-10;0;0;0;0;0;0;0;0;0;0;0;0;0;0;0;0;0;0
FR;12;2022-12-11;0;0;0;0;0;0;0;0;0;0;0;0;0;0;0;0;0;0
FR;12;2022-12-12;0;0;0;0;0;0;0;0;0;0;0;0;0;0;0;0;0;0
FR;12;2022-12-13;0;0;0;0;0;0;0;0;0;0;0;0;0;0;0;0;0;0
FR;12;2022-12-14;0;0;0;0;0;0;0;0;0;0;0;0;0;0;0;0;0;0
FR;12;2022-12-15;0;0;0;0;0;0;0;0;0;0;0;0;0;0;0;0;0;0
FR;12;2022-12-16;0;0;0;0;0;0;0;0;0;0;0;0;0;0;0;0;0;0
FR;12;2022-12-17;0;0;0;0;0;0;0;0;0;0;0;0;0;0;0;0;0;0
FR;12;2022-12-18;0;0;0;0;0;0;0;0;0;0;0;0;0;0;0;0;0;0
FR;12;2022-12-19;0;0;0;0;0;0;0;0;0;0;0;0;0;0;0;0;0;0
FR;12;2022-12-20;0;0;0;0;0;0;0;0;0;0;0;0;0;0;0;0;0;0
FR;12;2022-12-21;0;0;0;0;0;0;0;0;0;0;0;0;0;0;0;0;0;0
FR;12;2022-12-22;0;0;0;0;0;0;0;0;0;0;0;0;0;0;0;0;0;0
FR;12;2022-12-23;0;0;0;0;0;0;0;0;0;0;0;0;0;0;0;0;0;0
FR;12;2022-12-24;0;0;0;0;0;0;0;0;0;0;0;0;0;0;0;0;0;0
FR;12;2022-12-25;0;0;0;0;0;0;0;0;0;0;0;0;0;0;0;0;0;0
FR;12;2022-12-26;0;0;0;0;0;0;0;0;0;0;0;0;0;0;0;0;0;0
FR;12;2022-12-27;0;0;0;0;0;0;0;0;0;0;0;0;0;0;0;0;0;0
FR;12;2022-12-28;0;0;0;0;0;0;0;0;0;0;0;0;0;0;0;0;0;0
FR;12;2022-12-29;0;0;0;0;0;0;0;0;0;0;0;0;0;0;0;0;0;0
FR;12;2022-12-30;0;0;0;0;0;0;0;0;0;0;0;0;0;0;0;0;0;0
FR;12;2022-12-31;0;0;0;0;0;0;0;0;0;0;0;0;0;0;0;0;0;0
FR;12;2023-01-01;0;0;0;0;0;0;0;0;0;0;0;0;0;0;0;0;0;0
FR;12;2023-01-02;0;0;0;0;0;0;0;0;0;0;0;0;0;0;0;0;0;0
FR;12;2023-01-03;0;0;0;0;0;0;0;0;0;0;0;0;0;0;0;0;0;0
FR;12;2023-01-04;0;0;0;0;0;0;0;0;0;0;0;0;0;0;0;0;0;0
FR;12;2023-01-05;0;0;0;0;0;0;0;0;0;0;0;0;0;0;0;0;0;0
FR;12;2023-01-06;0;0;0;0;0;0;0;0;0;0;0;0;0;0;0;0;0;0
FR;12;2023-01-07;0;0;0;0;0;0;0;0;0;0;0;0;0;0;0;0;0;0
FR;12;2023-01-08;0;0;0;0;0;0;0;0;0;0;0;0;0;0;0;0;0;0
FR;12;2023-01-09;0;0;0;0;0;0;0;0;0;0;0;0;0;0;0;0;0;0
FR;12;2023-01-10;0;0;0;0;0;0;0;0;0;0;0;0;0;0;0;0;0;0
FR;12;2023-01-11;0;0;0;0;0;0;0;0;0;0;0;0;0;0;0;0;0;0
FR;12;2023-01-12;0;0;0;0;0;0;0;0;0;0;0;0;0;0;0;0;0;0
FR;12;2023-01-13;0;0;0;0;0;0;0;0;0;0;0;0;0;0;0;0;0;0
FR;12;2023-01-14;0;0;0;0;0;0;0;0;0;0;0;0;0;0;0;0;0;0
FR;12;2023-01-15;0;0;0;0;0;0;0;0;0;0;0;0;0;0;0;0;0;0
FR;12;2023-01-16;0;0;0;0;0;0;0;0;0;0;0;0;0;0;0;0;0;0
FR;12;2023-01-17;0;0;0;0;0;0;0;0;0;0;0;0;0;0;0;0;0;0
FR;12;2023-01-18;0;0;0;0;0;0;0;0;0;0;0;0;0;0;0;0;0;0
FR;12;2023-01-19;0;0;0;0;0;0;0;0;0;0;0;0;0;0;0;0;0;0
FR;12;2023-01-20;0;0;0;0;0;0;0;0;0;0;0;0;0;0;0;0;0;0
FR;12;2023-01-21;0;0;0;0;0;0;0;0;0;0;0;0;0;0;0;0;0;0
FR;12;2023-01-22;0;0;0;0;0;0;0;0;0;0;0;0;0;0;0;0;0;0
FR;12;2023-01-23;0;0;0;0;0;0;0;0;0;0;0;0;0;0;0;0;0;0
FR;12;2023-01-24;0;0;0;0;0;0;0;0;0;0;0;0;0;0;0;0;0;0
FR;12;2023-01-25;0;0;0;0;0;0;0;0;0;0;0;0;0;0;0;0;0;0
FR;12;2023-01-26;0;0;0;0;0;0;0;0;0;0;0;0;0;0;0;0;0;0
FR;12;2023-01-27;0;0;0;0;0;0;0;0;0;0;0;0;0;0;0;0;0;0
FR;12;2023-01-28;0;0;0;0;0;0;0;0;0;0;0;0;0;0;0;0;0;0
FR;12;2023-01-29;0;0;0;0;0;0;0;0;0;0;0;0;0;0;0;0;0;0
FR;12;2023-01-30;0;0;0;0;0;0;0;0;0;0;0;0;0;0;0;0;0;0
FR;12;2023-01-31;0;0;0;0;0;0;0;0;0;0;0;0;0;0;0;0;0;0
FR;12;2023-02-01;0;0;0;0;0;0;0;0;0;0;0;0;0;0;0;0;0;0
FR;12;2023-02-02;0;0;0;1;0;0;0;2;2;0;0;0;1;0;0;0;2;2
FR;12;2023-02-03;0;1;6;57;0;4;58;141;77;0;1;6;58;0;4;58;143;79
FR;12;2023-02-04;1;3;6;51;1;5;52;110;52;1;4;12;109;1;9;110;253;131
FR;12;2023-02-05;0;0;0;0;0;0;0;1;1;1;4;12;109;1;9;110;254;132
FR;12;2023-02-06;3;2;13;63;0;11;69;154;69;4;6;25;172;1;20;179;408;201
FR;12;2023-02-07;2;7;18;95;4;13;98;237;121;6;13;43;267;5;33;277;645;322
FR;12;2023-02-08;1;3;10;62;1;10;69;170;89;7;16;53;329;6;43;346;815;411
FR;12;2023-02-09;5;3;12;75;2;13;78;284;190;12;19;65;404;8;56;424;1099;601
FR;12;2023-02-10;4;2;22;140;4;12;150;327;162;16;21;87;544;12;68;574;1426;763
FR;12;2023-02-11;0;2;8;59;1;3;58;123;60;16;23;95;603;13;71;632;1549;823
FR;12;2023-02-12;0;0;0;3;0;0;3;7;3;16;23;95;606;13;71;635;1556;826
FR;12;2023-02-13;0;0;17;78;0;8;85;217;114;16;23;112;684;13;79;720;1773;940
FR;12;2023-02-14;3;5;17;96;5;14;99;229;108;19;28;129;780;18;93;819;2002;1048
FR;12;2023-02-15;3;5;19;85;0;13;86;236;132;22;33;148;865;18;106;905;2238;1180
FR;12;2023-02-16;5;3;16;107;3;13;103;247;129;27;36;164;972;21;119;1008;2485;1309
FR;12;2023-02-17;2;4;12;115;3;11;110;280;153;29;40;176;1087;24;130;1118;2765;1462
FR;12;2023-02-18;1;4;10;51;2;12;52;102;36;30;44;186;1138;26;142;1170;2867;1498
FR;12;2023-02-19;0;0;0;2;0;0;1;2;1;30;44;186;1140;26;142;1171;2869;1499
FR;12;2023-02-20;10;2;11;65;6;11;69;218;131;40;46;197;1205;32;153;1240;3087;1630
FR;12;2023-02-21;6;6;19;98;4;14;94;280;167;46;52;216;1303;36;167;1334;3367;1797
FR;12;2023-02-22;2;4;19;74;2;20;78;231;125;48;56;235;1377;38;187;1412;3598;1922
FR;12;2023-02-23;4;3;20;88;2;16;87;265;155;52;59;255;1465;40;203;1499;3863;2077
FR;12;2023-02-24;3;7;20;135;3;17;142;360;189;55;66;275;1600;43;220;1641;4223;2266
FR;12;2023-02-25;7;1;19;92;1;10;106;200;77;62;67;294;1692;44;230;1747;4423;2343
FR;12;2023-02-26;0;0;0;0;0;0;0;2;2;62;67;294;1692;44;230;1747;4425;2345
FR;12;2023-02-27;6;10;20;92;8;16;95;270;156;68;77;314;1784;52;246;1842;4695;2501
FR;12;2023-02-28;6;9;21;125;0;23;128;385;227;74;86;335;1909;52;269;1970;5080;2728
FR;12;2023-03-01;3;7;23;78;2;18;91;292;175;77;93;358;1987;54;287;2061;5372;2903
FR;12;2023-03-02;9;9;21;110;6;18;117;304;163;86;102;379;2097;60;305;2178;5676;3066
FR;12;2023-03-03;10;8;45;142;7;39;148;418;220;96;110;424;2239;67;344;2326;6094;3286
FR;12;2023-03-04;3;2;12;55;0;10;53;119;49;99;112;436;2294;67;354;2379;6213;3335
FR;12;2023-03-05;0;1;1;2;1;1;2;8;5;99;113;437;2296;68;355;2381;6221;3340
FR;12;2023-03-06;4;5;27;74;2;20;82;268;157;103;118;464;2370;70;375;2463;6489;3497
FR;12;2023-03-07;6;10;29;130;9;24;132;356;191;109;128;493;2500;79;399;2595;6845;3688
FR;12;2023-03-08;4;7;27;71;5;22;77;249;137;113;135;520;2571;84;421;2672;7094;3825
FR;12;2023-03-09;4;8;18;91;4;22;85;323;197;117;143;538;2662;88;443;2757;7417;4022
FR;12;2023-03-10;11;7;23;137;9;23;133;368;209;128;150;561;2799;97;466;2890;7785;4231
FR;12;2023-03-11;1;4;15;45;4;9;50;132;72;129;154;576;2844;101;475;2940;7917;4303
FR;12;2023-03-12;0;2;0;2;0;2;1;5;2;129;156;576;2846;101;477;2941;7922;4305
FR;12;2023-03-13;3;4;32;102;1;28;104;296;157;132;160;608;2948;102;505;3045;8218;4462
FR;12;2023-03-14;3;7;16;85;2;15;83;322;210;135;167;624;3033;104;520;3128;8540;4672
FR;12;2023-03-15;1;4;20;66;2;19;69;225;124;136;171;644;3099;106;539;3197;8765;4796
FR;12;2023-03-16;5;5;20;100;5;13;116;300;157;141;176;664;3199;111;552;3313;9065;4953
FR;12;2023-03-17;4;11;30;112;4;28;113;388;224;145;187;694;3311;115;580;3426;9453;5177
FR;12;2023-03-18;1;4;21;53;4;17;59;144;64;146;191;715;3364;119;597;3485;9597;5241
FR;12;2023-03-19;0;0;0;6;0;0;5;10;5;146;191;715;3370;119;597;3490;9607;5246
FR;12;2023-03-20;9;8;27;87;7;23;90;258;134;155;199;742;3457;126;620;3580;9865;5380
FR;12;2023-03-21;2;7;42;81;3;36;93;355;209;157;206;784;3538;129;656;3673;10220;5589
FR;12;2023-03-22;6;4;36;50;5;29;58;241;139;163;210;820;3588;134;685;3731;10461;5728
FR;12;2023-03-23;3;8;26;80;5;25;82;264;147;166;218;846;3668;139;710;3813;10725;5875
FR;12;2023-03-24;6;2;25;99;3;22;109;347;203;172;220;871;3767;142;732;3922;11072;6078
FR;12;2023-03-25;7;8;25;61;3;14;75;162;62;179;228;896;3828;145;746;3997;11234;6140
FR;12;2023-03-26;0;1;0;1;1;0;1;7;6;179;229;896;3829;146;746;3998;11241;6146
FR;12;2023-03-27;5;10;28;77;7;23;85;283;159;184;239;924;3906;153;769;4083;11524;6305
FR;12;2023-03-28;2;5;29;95;2;25;91;344;207;186;244;953;4001;155;794;4174;11868;6512
FR;12;2023-03-29;4;7;18;52;4;20;56;201;105;190;251;971;4053;159;814;4230;12069;6617
FR;12;2023-03-30;9;2;27;65;4;19;81;281;168;199;253;998;4118;163;833;4311;12350;6785
FR;12;2023-03-31;4;14;41;120;4;39;126;421;231;203;267;1039;4238;167;872;4437;12771;7016
FR;12;2023-04-01;1;8;17;44;4;13;48;139;63;204;275;1056;4282;171;885;4485;12910;7079
FR;12;2023-04-02;0;1;1;0;0;2;0;5;3;204;276;1057;4282;171;887;4485;12915;7082
FR;12;2023-04-03;5;3;35;90;3;18;112;300;159;209;279;1092;4372;174;905;4597;13215;7241
FR;12;2023-04-04;4;7;22;85;0;26;87;383;247;213;286;1114;4457;174;931;4684;13598;7488
FR;12;2023-04-05;4;9;21;60;5;23;57;229;136;217;295;1135;4517;179;954;4741;13827;7624
FR;12;2023-04-06;10;8;25;57;3;23;67;280;164;227;303;1160;4574;182;977;4808;14107;7788
FR;12;2023-04-07;4;11;29;98;8;25;110;387;219;231;314;1189;4672;190;1002;4918;14494;8007
FR;12;2023-04-08;1;5;11;38;3;9;38;117;56;232;319;1200;4710;193;1011;4956;14611;8063
FR;12;2023-04-09;0;0;2;1;0;1;2;5;2;232;319;1202;4711;193;1012;4958;14616;8065
FR;12;2023-04-10;0;1;2;2;1;0;5;9;4;232;320;1204;4713;194;1012;4963;14625;8069
FR;12;2023-04-11;5;8;27;87;6;16;98;297;161;237;328;1231;4800;200;1028;5061;14922;8230
FR;12;2023-04-12;5;12;16;52;5;23;60;260;154;242;340;1247;4852;205;1051;5121;15182;8384
FR;12;2023-04-13;3;5;22;58;2;17;64;252;141;245;345;1269;4910;207;1068;5185;15434;8525
FR;12;2023-04-14;6;15;20;91;9;17;97;395;247;251;360;1289;5001;216;1085;5282;15829;8772
FR;12;2023-04-15;5;0;14;34;0;8;40;108;48;256;360;1303;5035;216;1093;5322;15937;8820
FR;12;2023-04-16;0;0;1;2;0;0;2;4;2;256;360;1304;5037;216;1093;5324;15941;8822
FR;12;2023-04-17;3;2;18;40;2;19;40;181;97;259;362;1322;5077;218;1112;5364;16122;8919
FR;12;2023-04-18;6;6;18;56;2;14;63;272;144;265;368;1340;5133;220;1126;5427;16394;9063
FR;12;2023-04-19;3;7;11;40;2;11;38;149;81;268;375;1351;5173;222;1137;5465;16543;9144
FR;12;2023-04-20;2;3;15;51;1;11;58;212;117;270;378;1366;5224;223;1148;5523;16755;9261
FR;12;2023-04-21;4;6;25;60;5;19;68;255;148;274;384;1391;5284;228;1167;5591;17010;9409
FR;12;2023-04-22;3;8;11;22;6;9;29;94;36;277;392;1402;5306;234;1176;5620;17104;9445
FR;12;2023-04-23;0;0;1;0;0;1;1;3;1;277;392;1403;5306;234;1177;5621;17107;9446
FR;12;2023-04-24;2;6;11;42;5;11;49;172;99;279;398;1414;5348;239;1188;5670;17279;9545
FR;12;2023-04-25;0;3;15;46;1;15;51;205;118;279;401;1429;5394;240;1203;5721;17484;9663
FR;12;2023-04-26;3;4;16;36;2;14;42;170;88;282;405;1445;5430;242;1217;5763;17654;9751
FR;12;2023-04-27;4;4;13;46;3;13;46;193;108;286;409;1458;5476;245;1230;5809;17847;9859
FR;12;2023-04-28;5;9;23;62;3;23;73;314;180;291;418;1481;5538;248;1253;5882;18161;10039
FR;12;2023-04-29;2;3;10;25;3;6;30;94;44;293;421;1491;5563;251;1259;5912;18255;10083
FR;12;2023-04-30;0;0;0;0;0;0;0;0;0;293;421;1491;5563;251;1259;5912;18255;10083
FR;12;2023-05-01;0;0;0;0;0;0;0;4;3;293;421;1491;5563;251;1259;5912;18259;10086
FR;12;2023-05-02;8;3;11;48;2;15;47;246;127;301;424;1502;5611;253;1274;5959;18505;10213
FR;12;2023-05-03;7;6;10;44;7;9;47;228;122;308;430;1512;5655;260;1283;6006;18733;10335
FR;12;2023-05-04;5;4;20;36;1;17;50;220;109;313;434;1532;5691;261;1300;6056;18953;10444
FR;12;2023-05-05;4;12;17;49;5;18;48;272;143;317;446;1549;5740;266;1318;6104;19225;10587
FR;12;2023-05-06;2;4;7;15;2;10;15;68;29;319;450;1556;5755;268;1328;6119;19293;10616
FR;12;2023-05-07;2;0;1;0;2;1;2;3;0;321;450;1557;5755;270;1329;6121;19296;10616
FR;12;2023-05-08;0;0;1;0;0;0;1;4;2;321;450;1558;5755;270;1329;6122;19300;10618
FR;12;2023-05-09;1;6;10;46;3;13;53;243;117;322;456;1568;5801;273;1342;6175;19543;10735
FR;0;2020-12-27;616;0;0;0;55;0;0;0;0;616;0;0;0;55;0;0;0;0
FR;0;2020-12-28;709;1;0;0;44;0;0;0;0;1325;1;0;0;99;0;0;0;0
FR;0;2020-12-29;389;0;0;0;19;0;0;0;0;1714;1;0;0;118;0;0;0;0
FR;0;2020-12-30;456;0;0;0;20;0;0;0;0;2170;1;0;0;138;0;0;0;0
FR;0;2020-12-31;451;1;0;0;21;0;0;0;0;2621;2;0;0;159;0;0;0;0
FR;0;2021-01-01;1198;2;0;0;66;0;0;0;0;3819;4;0;0;225;0;0;0;0
FR;0;2021-01-02;369;4;0;0;29;0;0;0;0;4188;8;0;0;254;0;0;0;0
FR;0;2021-01-03;419;0;0;0;23;0;0;0;0;4607;8;0;0;277;0;0;0;0
FR;0;2021-01-04;2150;5;0;0;51;0;0;0;0;6757;13;0;0;328;0;0;0;0
FR;0;2021-01-05;7790;6;0;0;128;0;0;0;0;14547;19;0;0;456;0;0;0;0
FR;0;2021-01-06;12487;23;0;0;128;0;0;0;0;27034;42;0;0;584;0;0;0;0
FR;0;2021-01-07;29480;24;0;0;159;0;0;0;0;56514;66;0;0;743;0;0;0;0
FR;0;2021-01-08;37170;35;0;0;204;0;0;0;0;93684;101;0;0;947;0;0;0;0
FR;0;2021-01-09;11221;9;0;0;77;0;0;0;0;104905;110;0;0;1024;0;0;0;0
FR;0;2021-01-10;6017;8;0;0;28;0;0;0;0;110922;118;0;0;1052;0;0;0;0
FR;0;2021-01-11;39956;39;0;0;232;0;0;0;0;150878;157;0;0;1284;0;0;0;0
FR;0;2021-01-12;62165;31;0;0;299;0;0;0;0;213043;188;0;0;1583;0;0;0;0
FR;0;2021-01-13;65150;62;0;0;433;0;0;0;0;278193;250;0;0;2016;0;0;0;0
FR;0;2021-01-14;83109;262;0;0;1170;0;0;0;0;361302;512;0;0;3186;0;0;0;0
FR;0;2021-01-15;69037;102;0;0;555;0;0;0;0;430339;614;0;0;3741;0;0;0;0
FR;0;2021-01-16;20219;73;0;0;183;0;0;0;0;450558;687;0;0;3924;0;0;0;0
FR;0;2021-01-17;10993;54;0;0;137;0;0;0;0;461551;741;0;0;4061;0;0;0;0
FR;0;2021-01-18;85924;179;0;0;614;0;0;0;0;547475;920;0;0;4675;0;0;0;0
FR;0;2021-01-19;130616;211;0;0;868;0;0;0;0;678091;1131;0;0;5543;0;0;0;0
FR;0;2021-01-20;137577;197;0;0;837;0;0;0;0;815668;1328;0;0;6380;0;0;0;0
FR;0;2021-01-21;158433;205;0;0;951;0;0;0;0;974101;1533;0;0;7331;0;0;0;0
FR;0;2021-01-22;121091;259;0;0;846;0;0;0;0;1095192;1792;0;0;8177;0;0;0;0
FR;0;2021-01-23;38492;86;0;0;223;0;0;0;0;1133684;1878;0;0;8400;0;0;0;0
FR;0;2021-01-24;9752;131;0;0;196;0;0;0;0;1143436;2009;0;0;8596;0;0;0;0
FR;0;2021-01-25;78256;1458;0;0;1809;0;0;0;0;1221692;3467;0;0;10405;0;0;0;0
FR;0;2021-01-26;100401;3711;1;0;4188;0;0;0;0;1322093;7178;1;0;14593;0;0;0;0
FR;0;2021-01-27;107266;6445;0;0;7161;0;0;0;0;1429359;13623;1;0;21754;0;0;0;0
FR;0;2021-01-28;124384;16423;0;0;17247;0;0;0;0;1553743;30046;1;0;39001;0;0;0;0
FR;0;2021-01-29;92204;18805;0;0;19382;0;0;0;0;1645947;48851;1;0;58383;0;0;0;0
FR;0;2021-01-30;29128;4540;0;0;4677;0;0;0;0;1675075;53391;1;0;63060;0;0;0;0
FR;0;2021-01-31;5240;1900;0;0;1945;0;0;0;0;1680315;55291;1;0;65005;0;0;0;0
FR;0;2021-02-01;53160;23056;0;0;23329;0;0;0;0;1733475;78347;1;0;88334;0;0;0;0
FR;0;2021-02-02;72337;38227;0;0;38719;0;0;0;0;1805812;116574;1;0;127053;0;0;0;0
FR;0;2021-02-03;72328;40285;0;0;40791;0;0;0;0;1878140;156859;1;0;167844;0;0;0;0
FR;0;2021-02-04;82097;55132;0;0;55727;0;0;0;0;1960237;211991;1;0;223571;0;0;0;0
FR;0;2021-02-05;68252;48248;0;0;48686;0;0;0;0;2028489;260239;1;0;272257;0;0;0;0
FR;0;2021-02-06;22949;11435;0;0;11673;0;0;0;0;2051438;271674;1;0;283930;0;0;0;0
FR;0;2021-02-07;5195;6077;0;0;6203;0;0;0;0;2056633;277751;1;0;290133;0;0;0;0
FR;0;2021-02-08;46856;48811;0;0;49299;0;0;0;0;2103489;326562;1;0;339432;0;0;0;0
FR;0;2021-02-09;66050;78467;0;0;79565;0;0;0;0;2169539;405029;1;0;418997;0;0;0;0
FR;0;2021-02-10;71049;83533;0;0;84832;0;0;0;0;2240588;488562;1;0;503829;0;0;0;0
FR;0;2021-02-11;87309;105692;0;0;107641;0;0;0;0;2327897;594254;1;0;611470;0;0;0;0
FR;0;2021-02-12;79358;76064;0;0;77811;0;0;0;0;2407255;670318;1;0;689281;0;0;0;0
FR;0;2021-02-13;22390;19534;0;0;19901;0;0;0;0;2429645;689852;1;0;709182;0;0;0;0
FR;0;2021-02-14;5080;7323;0;0;7451;0;0;0;0;2434725;697175;1;0;716633;0;0;0;0
FR;0;2021-02-15;38132;76797;0;0;77819;0;0;0;0;2472857;773972;1;0;794452;0;0;0;0
FR;0;2021-02-16;50420;99688;0;0;101041;0;0;0;0;2523277;873660;1;0;895493;0;0;0;0
FR;0;2021-02-17;50559;106932;20;0;108383;0;0;0;0;2573836;980592;21;0;1003876;0;0;0;0
FR;0;2021-02-18;69815;123746;0;0;125796;0;0;0;0;2643651;1104338;21;0;1129672;0;0;0;0
FR;0;2021-02-19;65093;92335;1;0;94226;0;0;0;0;2708744;1196673;22;0;1223898;0;0;0;0
FR;0;2021-02-20;18602;28546;0;0;28917;0;0;0;0;2727346;1225219;22;0;1252815;0;0;0;0
FR;0;2021-02-21;3335;6041;0;0;6146;0;0;0;0;2730681;1231260;22;0;1258961;0;0;0;0
FR;0;2021-02-22;37511;73173;2;0;74188;0;0;0;0;2768192;1304433;24;0;1333149;0;0;0;0
FR;0;2021-02-23;53803;85299;1;0;86822;0;0;0;0;2821995;1389732;25;0;1419971;0;0;0;0
FR;0;2021-02-24;60039;82933;1;0;84514;0;0;0;0;2882034;1472665;26;0;1504485;0;0;0;0
FR;0;2021-02-25;100612;91198;1;0;94197;0;0;0;0;2982646;1563863;27;0;1598682;0;0;0;0
FR;0;2021-02-26;113492;70752;1;0;73902;0;0;0;0;3096138;1634615;28;0;1672584;0;0;0;0
FR;0;2021-02-27;52131;22438;1;0;23684;0;0;0;0;3148269;1657053;29;0;1696268;0;0;0;0
FR;0;2021-02-28;6209;4116;2;0;4314;0;0;0;0;3154478;1661169;31;0;1700582;0;0;0;0
FR;0;2021-03-01;65946;54076;1;0;55949;0;0;0;0;3220424;1715245;32;0;1756531;0;0;0;0
FR;0;2021-03-02;101417;67180;3;0;70226;0;0;0;0;3321841;1782425;35;0;1826757;0;0;0;0
FR;0;2021-03-03;116565;65471;0;0;69164;0;0;0;0;3438406;1847896;35;0;1895921;0;0;0;0
FR;0;2021-03-04;163663;72637;3;0;78210;0;0;0;0;3602069;1920533;38;0;1974131;0;0;0;0
FR;0;2021-03-05;200962;62703;3;0;69437;0;0;0;0;3803031;1983236;41;0;2043568;0;0;0;0
FR;0;2021-03-06;207993;17483;3;0;22785;0;0;0;0;4011024;2000719;44;0;2066353;0;0;0;0
FR;0;2021-03-07;121293;3972;1;0;7266;0;0;0;0;4132317;2004691;45;0;2073619;0;0;0;0
FR;0;2021-03-08;107180;49550;2;0;53039;0;0;0;0;4239497;2054241;47;0;2126658;0;0;0;0
FR;0;2021-03-09;172487;56018;2;0;61516;0;0;0;0;4411984;2110259;49;0;2188174;0;0;0;0
FR;0;2021-03-10;179043;57056;5;0;62732;0;0;0;0;4591027;2167315;54;0;2250906;0;0;0;0
FR;0;2021-03-11;242933;64029;2;0;72126;0;0;0;0;4833960;2231344;56;0;2323032;0;0;0;0
FR;0;2021-03-12;294876;53373;1;0;62830;0;0;0;0;5128836;2284717;57;0;2385862;0;0;0;0
FR;0;2021-03-13;231445;15264;1;0;21242;0;0;0;0;5360281;2299981;58;0;2407104;0;0;0;0
FR;0;2021-03-14;63364;3042;1;0;5078;0;0;0;0;5423645;2303023;59;0;2412182;0;0;0;0
FR;0;2021-03-15;158700;31498;3;0;36153;0;0;0;0;5582345;2334521;62;0;2448335;0;0;0;0
FR;0;2021-03-16;141599;38818;6;0;42970;0;0;0;0;5723944;2373339;68;0;2491305;0;0;0;0
FR;0;2021-03-17;150519;37568;4;0;42337;0;0;0;0;5874463;2410907;72;0;2533642;0;0;0;0
FR;0;2021-03-18;167870;44328;5;0;49895;0;0;0;0;6042333;2455235;77;0;2583537;0;0;0;0
FR;0;2021-03-19;230056;36747;2;0;44106;0;0;0;0;6272389;2491982;79;0;2627643;0;0;0;0
FR;0;2021-03-20;166721;11385;1;0;16009;0;0;0;0;6439110;2503367;80;0;2643652;0;0;0;0
FR;0;2021-03-21;49959;2128;1;0;3887;0;0;0;0;6489069;2505495;81;0;2647539;0;0;0;0
FR;0;2021-03-22;170085;33525;2;0;39030;0;0;0;0;6659154;2539020;83;0;2686569;0;0;0;0
FR;0;2021-03-23;250442;42374;1;0;50221;0;0;0;0;6909596;2581394;84;0;2736790;0;0;0;0
FR;0;2021-03-24;256952;43608;0;0;51710;0;0;0;0;7166548;2625002;84;0;2788500;0;0;0;0
FR;0;2021-03-25;341876;45284;5;0;56284;0;0;0;0;7508424;2670286;89;0;2844784;0;0;0;0
FR;0;2021-03-26;358849;41806;5;1;53564;0;0;0;0;7867273;2712092;94;1;2898348;0;0;0;0
FR;0;2021-03-27;195297;16951;1;0;23395;0;0;0;0;8062570;2729043;95;1;2921743;0;0;0;0
FR;0;2021-03-28;59360;4587;3;0;6652;0;0;0;0;8121930;2733630;98;1;2928395;0;0;0;0
FR;0;2021-03-29;203028;53396;4;0;60161;0;0;0;0;8324958;2787026;102;1;2988556;0;0;0;0
FR;0;2021-03-30;285549;70039;5;0;80453;0;0;0;0;8610507;2857065;107;1;3069009;0;0;0;0
FR;0;2021-03-31;263083;74058;4;0;84729;0;0;0;0;8873590;2931123;111;1;3153738;0;0;0;0
FR;0;2021-04-01;315587;92817;11;0;106400;0;0;0;0;9189177;3023940;122;1;3260138;0;0;0;0
FR;0;2021-04-02;281384;94823;7;0;106656;0;0;0;0;9470561;3118763;129;1;3366794;0;0;0;0
FR;0;2021-04-03;141097;62606;6;0;67867;0;0;0;0;9611658;3181369;135;1;3434661;0;0;0;0
FR;0;2021-04-04;46551;19021;2;0;21074;0;0;0;0;9658209;3200390;137;1;3455735;0;0;0;0
FR;0;2021-04-05;63373;10402;11;0;13059;0;0;0;0;9721582;3210792;148;1;3468794;0;0;0;0
FR;0;2021-04-06;217275;113140;17;0;122007;0;0;0;0;9938857;3323932;165;1;3590801;0;0;0;0
FR;0;2021-04-07;260323;115280;17;0;126634;0;0;0;0;10199180;3439212;182;1;3717435;0;0;0;0
FR;0;2021-04-08;337917;123223;15;0;138855;0;0;0;0;10537097;3562435;197;1;3856290;0;0;0;0
FR;0;2021-04-09;410244;116883;49;0;134293;0;0;0;0;10947341;3679318;246;1;3990583;0;0;0;0
FR;0;2021-04-10;212665;82875;15;0;91268;0;0;0;0;11160006;3762193;261;1;4081851;0;0;0;0
FR;0;2021-04-11;56162;34179;7;0;36705;0;0;0;0;11216168;3796372;268;1;4118556;0;0;0;0
FR;0;2021-04-12;237130;115833;46;0;125443;0;0;0;0;11453298;3912205;314;1;4243999;0;0;0;0
FR;0;2021-04-13;309557;144156;98;1;157119;0;0;0;0;11762855;4056361;412;2;4401118;0;0;0;0
FR;0;2021-04-14;294608;139859;215;0;153239;0;0;0;0;12057463;4196220;627;2;4554357;0;0;0;0
FR;0;2021-04-15;337204;150543;340;0;166086;0;0;0;0;12394667;4346763;967;2;4720443;0;0;0;0
FR;0;2021-04-16;339363;147044;354;0;161703;0;0;0;0;12734030;4493807;1321;2;4882146;0;0;0;0
FR;0;2021-04-17;188689;89985;109;0;97684;0;0;0;0;12922719;4583792;1430;2;4979830;0;0;0;0
FR;0;2021-04-18;51643;35462;48;0;37884;0;0;0;0;12974362;4619254;1478;2;5017714;0;0;0;0
FR;0;2021-04-19;205750;138298;457;0;147458;0;0;0;0;13180112;4757552;1935;2;5165172;0;0;0;0
FR;0;2021-04-20;254495;172046;569;0;183706;0;0;0;0;13434607;4929598;2504;2;5348878;0;0;0;0
FR;0;2021-04-21;253346;170242;836;0;182266;0;0;0;0;13687953;5099840;3340;2;5531144;0;0;0;0
FR;0;2021-04-22;287633;190453;820;0;205048;0;0;0;0;13975586;5290293;4160;2;5736192;0;0;0;0
FR;0;2021-04-23;297686;184744;747;0;203503;0;0;0;0;14273272;5475037;4907;2;5939695;0;0;0;0
FR;0;2021-04-24;190483;112058;252;0;122512;0;0;0;0;14463755;5587095;5159;2;6062207;0;0;0;0
FR;0;2021-04-25;69577;38862;51;0;42593;0;0;0;0;14533332;5625957;5210;2;6104800;0;0;0;0
FR;0;2021-04-26;221007;158706;564;0;171907;0;0;0;0;14754339;5784663;5774;2;6276707;0;0;0;0
FR;0;2021-04-27;284658;188070;941;0;211387;0;0;0;0;15038997;5972733;6715;2;6488094;0;0;0;0
FR;0;2021-04-28;299597;184728;1427;1;209807;1;0;0;0;15338594;6157461;8142;3;6697901;1;0;0;0
FR;0;2021-04-29;357217;198319;1281;0;233407;0;0;0;0;15695811;6355780;9423;3;6931308;1;0;0;0
FR;0;2021-04-30;372270;186152;1124;1;225493;0;0;0;0;16068081;6541932;10547;4;7156801;1;0;0;0
FR;0;2021-05-01;167680;52539;179;0;63785;0;0;0;0;16235761;6594471;10726;4;7220586;1;0;0;0
FR;0;2021-05-02;91771;37869;83;0;43598;0;0;0;0;16327532;6632340;10809;4;7264184;1;0;0;0
FR;0;2021-05-03;288986;165122;843;0;185647;0;0;0;0;16616518;6797462;11652;4;7449831;1;0;0;0
FR;0;2021-05-04;315761;225639;1237;0;251812;0;0;0;0;16932279;7023101;12889;4;7701643;1;0;0;0
FR;0;2021-05-05;327323;226684;1316;0;251765;0;0;0;0;17259602;7249785;14205;4;7953408;1;0;0;0
FR;0;2021-05-06;379657;241292;1634;0;275542;0;0;0;0;17639259;7491077;15839;4;8228950;1;0;0;0
FR;0;2021-05-07;372840;258915;1225;0;299973;0;0;0;0;18012099;7749992;17064;4;8528923;1;0;0;0
FR;0;2021-05-08;222192;71520;300;0;86729;0;0;0;0;18234291;7821512;17364;4;8615652;1;0;0;0
FR;0;2021-05-09;129735;44486;243;0;53124;0;0;0;0;18364026;7865998;17607;4;8668776;1;0;0;0
FR;0;2021-05-10;313436;229736;1239;0;255517;0;0;0;0;18677462;8095734;18846;4;8924293;1;0;0;0
FR;0;2021-05-11;403987;258455;1566;0;296886;0;0;0;0;19081449;8354189;20412;4;9221179;1;0;0;0
FR;0;2021-05-12;434230;233896;1544;0;270185;0;0;0;0;19515679;8588085;21956;4;9491364;1;0;0;0
FR;0;2021-05-13;338643;56436;432;0;77929;0;0;0;0;19854322;8644521;22388;4;9569293;1;0;0;0
FR;0;2021-05-14;454194;167504;1130;0;203116;0;0;0;0;20308516;8812025;23518;4;9772409;1;0;0;0
FR;0;2021-05-15;375021;94403;445;0;120803;0;0;0;0;20683537;8906428;23963;4;9893212;1;0;0;0
FR;0;2021-05-16;202779;20693;168;0;34094;0;0;0;0;20886316;8927121;24131;4;9927306;1;0;0;0
FR;0;2021-05-17;376169;148880;1555;0;178670;0;0;0;0;21262485;9076001;25686;4;10105976;1;0;0;0
FR;0;2021-05-18;460231;154149;1991;0;193302;0;0;0;0;21722716;9230150;27677;4;10299278;1;0;0;0
FR;0;2021-05-19;467480;142579;2466;0;179844;0;0;0;0;22190196;9372729;30143;4;10479122;1;0;0;0
FR;0;2021-05-20;507609;160252;2340;0;204210;0;0;0;0;22697805;9532981;32483;4;10683332;1;0;0;0
FR;0;2021-05-21;489736;175269;1997;0;221815;0;0;0;0;23187541;9708250;34480;4;10905147;1;0;0;0
FR;0;2021-05-22;347231;80250;670;0;108682;0;0;0;0;23534772;9788500;35150;4;11013829;1;0;0;0
FR;0;2021-05-23;161719;14211;246;0;26680;0;0;0;0;23696491;9802711;35396;4;11040509;1;0;0;0
FR;0;2021-05-24;263222;33110;604;0;52945;0;0;0;0;23959713;9835821;36000;4;11093454;1;0;0;0
FR;0;2021-05-25;400322;190460;2357;1;227028;0;0;0;0;24360035;10026281;38357;5;11320482;1;0;0;0
FR;0;2021-05-26;413524;191297;2227;0;229347;0;0;0;0;24773559;10217578;40584;5;11549829;1;0;0;0
FR;0;2021-05-27;449888;220130;2163;0;267271;0;0;0;0;25223447;10437708;42747;5;11817100;1;0;0;0
FR;0;2021-05-28;429618;261167;1895;0;319267;0;0;0;0;25653065;10698875;44642;5;12136367;1;0;0;0
FR;0;2021-05-29;299011;150537;586;0;183390;0;0;0;0;25952076;10849412;45228;5;12319757;1;0;0;0
FR;0;2021-05-30;107156;32505;164;0;42089;0;0;0;0;26059232;10881917;45392;5;12361846;1;0;0;0
FR;0;2021-05-31;358084;203492;1474;1;241773;1;0;0;0;26417316;11085409;46866;6;12603619;2;0;0;0
FR;0;2021-06-01;431155;251295;1969;1;302941;1;0;0;0;26848471;11336704;48835;7;12906560;3;0;0;0
FR;0;2021-06-02;420191;232823;1986;0;280209;0;0;0;0;27268662;11569527;50821;7;13186769;3;0;0;0
FR;0;2021-06-03;465722;257781;1826;0;312557;0;0;0;0;27734384;11827308;52647;7;13499326;3;0;0;0
FR;0;2021-06-04;456311;305904;1735;1;363319;1;0;0;0;28190695;12133212;54382;8;13862645;4;0;0;0
FR;0;2021-06-05;304841;189571;653;0;222794;0;0;0;0;28495536;12322783;55035;8;14085439;4;0;0;0
FR;0;2021-06-06;133344;49020;227;0;61159;0;0;0;0;28628880;12371803;55262;8;14146598;4;0;0;0
FR;0;2021-06-07;340030;261516;1529;0;298608;0;0;0;0;28968910;12633319;56791;8;14445206;4;0;0;0
FR;0;2021-06-08;393974;291419;1806;0;338284;0;0;0;0;29362884;12924738;58597;8;14783490;4;0;0;0
FR;0;2021-06-09;384974;273779;1734;0;318174;0;0;0;0;29747858;13198517;60331;8;15101664;4;0;0;0
FR;0;2021-06-10;404262;286281;1728;1;335731;0;0;0;0;30152120;13484798;62059;9;15437395;4;0;0;0
FR;0;2021-06-11;386734;356531;1468;1;406976;0;0;0;0;30538854;13841329;63527;10;15844371;4;0;0;0
FR;0;2021-06-12;283300;210994;497;0;243140;0;0;0;0;30822154;14052323;64024;10;16087511;4;0;0;0
FR;0;2021-06-13;104907;73843;204;0;84836;0;0;0;0;30927061;14126166;64228;10;16172347;4;0;0;0
FR;0;2021-06-14;240891;354034;1429;1;383230;0;0;0;0;31167952;14480200;65657;11;16555577;4;0;0;0
FR;0;2021-06-15;308237;384327;1574;1;423101;0;0;0;0;31476189;14864527;67231;12;16978678;4;0;0;0
FR;0;2021-06-16;314027;357604;1419;1;395367;0;0;0;0;31790216;15222131;68650;13;17374045;4;0;0;0
FR;0;2021-06-17;317743;373170;1432;1;414368;0;0;0;0;32107959;15595301;70082;14;17788413;4;0;0;0
FR;0;2021-06-18;321784;442596;1342;1;486003;0;0;0;0;32429743;16037897;71424;15;18274416;4;0;0;0
FR;0;2021-06-19;224368;274029;449;0;301221;0;0;0;0;32654111;16311926;71873;15;18575637;4;0;0;0
FR;0;2021-06-20;74459;102287;131;0;111481;0;0;0;0;32728570;16414213;72004;15;18687118;4;0;0;0
FR;0;2021-06-21;195819;401757;1038;1;427722;1;0;0;0;32924389;16815970;73042;16;19114840;5;0;0;0
FR;0;2021-06-22;223244;467818;1266;10;500486;1;0;0;0;33147633;17283788;74308;26;19615326;6;0;0;0
FR;0;2021-06-23;234087;440135;1198;1;474246;1;0;0;0;33381720;17723923;75506;27;20089572;7;0;0;0
FR;0;2021-06-24;241909;409758;1359;0;447251;0;0;0;0;33623629;18133681;76865;27;20536823;7;0;0;0
FR;0;2021-06-25;227677;523086;1404;0;562086;0;0;0;0;33851306;18656767;78269;27;21098909;7;0;0;0
FR;0;2021-06-26;153295;371099;589;1;395906;0;0;0;0;34004601;19027866;78858;28;21494815;7;0;0;0
FR;0;2021-06-27;55924;155943;169;1;164853;0;0;0;0;34060525;19183809;79027;29;21659668;7;0;0;0
FR;0;2021-06-28;154813;452530;1178;0;478129;0;0;0;0;34215338;19636339;80205;29;22137797;7;0;0;0
FR;0;2021-06-29;182752;507848;2124;0;539218;0;0;0;0;34398090;20144187;82329;29;22677015;7;0;0;0
FR;0;2021-06-30;204047;485260;2016;21;519526;2;0;0;0;34602137;20629447;84345;50;23196541;9;0;0;0
FR;0;2021-07-01;231467;458566;2226;5;498506;0;0;0;0;34833604;21088013;86571;55;23695047;9;0;0;0
FR;0;2021-07-02;228707;520026;2120;5;562335;2;0;0;0;35062311;21608039;88691;60;24257382;11;0;0;0
FR;0;2021-07-03;142058;368760;908;3;395248;1;0;0;0;35204369;21976799;89599;63;24652630;12;0;0;0
FR;0;2021-07-04;56765;141006;265;0;150696;0;0;0;0;35261134;22117805;89864;63;24803326;12;0;0;0
FR;0;2021-07-05;168553;418661;1668;8;448604;0;0;0;0;35429687;22536466;91532;71;25251930;12;0;0;0
FR;0;2021-07-06;196812;474522;1830;45;511113;8;0;0;0;35626499;23010988;93362;116;25763043;20;0;0;0
FR;0;2021-07-07;213258;438961;1881;25;477423;2;0;0;0;35839757;23449949;95243;141;26240466;22;0;0;0
FR;0;2021-07-08;231680;424142;2090;20;468071;2;0;0;0;36071437;23874091;97333;161;26708537;24;0;0;0
FR;0;2021-07-09;228644;511072;2185;4;557358;1;0;0;0;36300081;24385163;99518;165;27265895;25;0;0;0
FR;0;2021-07-10;148640;339926;986;1;368866;0;0;0;0;36448721;24725089;100504;166;27634761;25;0;0;0
FR;0;2021-07-11;60217;110051;284;0;120961;0;0;0;0;36508938;24835140;100788;166;27755722;25;0;0;0
FR;0;2021-07-12;169442;477696;1766;4;512425;0;0;0;0;36678380;25312836;102554;170;28268147;25;0;0;0
FR;0;2021-07-13;287310;526600;2050;8;585621;0;0;0;0;36965690;25839436;104604;178;28853768;25;0;0;0
FR;0;2021-07-14;181122;157330;435;0;186638;0;0;0;0;37146812;25996766;105039;178;29040406;25;0;0;0
FR;0;2021-07-15;347131;501597;2100;1;571557;0;0;0;0;37493943;26498363;107139;179;29611963;25;0;0;0
FR;0;2021-07-16;380125;494964;2023;3;574136;1;0;0;0;37874068;26993327;109162;182;30186099;26;0;0;0
FR;0;2021-07-17;259756;319634;877;1;368593;0;0;0;0;38133824;27312961;110039;183;30554692;26;0;0;0
FR;0;2021-07-18;109747;114566;310;0;133003;0;0;0;0;38243571;27427527;110349;183;30687695;26;0;0;0
FR;0;2021-07-19;285528;423874;1631;3;478879;0;0;0;0;38529099;27851401;111980;186;31166574;26;0;0;0
FR;0;2021-07-20;376943;451205;1725;0;523536;0;0;0;0;38906042;28302606;113705;186;31690110;26;0;0;0
FR;0;2021-07-21;395847;406823;1550;4;481805;1;0;0;0;39301889;28709429;115255;190;32171915;27;0;0;0
FR;0;2021-07-22;441092;387296;1715;4;471763;1;0;0;0;39742981;29096725;116970;194;32643678;28;0;0;0
FR;0;2021-07-23;440354;421956;1883;4;509916;1;0;0;0;40183335;29518681;118853;198;33153594;29;0;0;0
FR;0;2021-07-24;285264;269309;804;1;321988;0;0;0;0;40468599;29787990;119657;199;33475582;29;0;0;0
FR;0;2021-07-25;121130;79920;234;0;100272;0;0;0;0;40589729;29867910;119891;199;33575854;29;0;0;0
FR;0;2021-07-26;347453;322133;1614;3;384686;1;0;0;0;40937182;30190043;121505;202;33960540;30;0;0;0
FR;0;2021-07-27;464124;319256;1698;4;400405;1;0;0;0;41401306;30509299;123203;206;34360945;31;0;0;0
FR;0;2021-07-28;459483;289371;1637;4;366982;1;0;0;0;41860789;30798670;124840;210;34727927;32;0;0;0
FR;0;2021-07-29;489867;276104;1797;2;356974;0;0;0;0;42350656;31074774;126637;212;35084901;32;0;0;0
FR;0;2021-07-30;461862;302332;1942;5;380812;1;0;0;0;42812518;31377106;128579;217;35465713;33;0;0;0
FR;0;2021-07-31;285425;185023;916;1;231509;0;0;0;0;43097943;31562129;129495;218;35697222;33;0;0;0
FR;0;2021-08-01;112053;49908;257;0;65685;0;0;0;0;43209996;31612037;129752;218;35762907;33;0;0;0
FR;0;2021-08-02;341676;234026;1603;2;284715;0;0;0;0;43551672;31846063;131355;220;36047622;33;0;0;0
FR;0;2021-08-03;398645;244429;1729;2;304501;1;0;0;0;43950317;32090492;133084;222;36352123;34;0;0;0
FR;0;2021-08-04;384888;209509;1594;6;265629;3;0;0;0;44335205;32300001;134678;228;36617752;37;0;0;0
FR;0;2021-08-05;366203;228339;1711;0;281712;0;0;0;0;44701408;32528340;136389;228;36899464;37;0;0;0
FR;0;2021-08-06;359761;271209;1835;4;326587;0;0;0;0;45061169;32799549;138224;232;37226051;37;0;0;0
FR;0;2021-08-07;213151;178315;756;5;210041;1;0;0;0;45274320;32977864;138980;237;37436092;38;0;0;0
FR;0;2021-08-08;74213;63191;276;0;73625;0;0;0;0;45348533;33041055;139256;237;37509717;38;0;0;0
FR;0;2021-08-09;258780;258575;1549;4;297487;2;0;0;0;45607313;33299630;140805;241;37807204;40;0;0;0
FR;0;2021-08-10;306900;277042;1662;2;323426;0;0;0;0;45914213;33576672;142467;243;38130630;40;0;0;0
FR;0;2021-08-11;279769;259538;1442;5;301607;0;0;0;0;46193982;33836210;143909;248;38432237;40;0;0;0
FR;0;2021-08-12;271576;278000;1669;3;320256;0;0;0;0;46465558;34114210;145578;251;38752493;40;0;0;0
FR;0;2021-08-13;252181;278117;1594;3;316952;2;0;0;0;46717739;34392327;147172;254;39069445;42;0;0;0
FR;0;2021-08-14;145366;197057;740;0;218978;0;0;0;0;46863105;34589384;147912;254;39288423;42;0;0;0
FR;0;2021-08-15;39403;50087;218;1;55667;0;0;0;0;46902508;34639471;148130;255;39344090;42;0;0;0
FR;0;2021-08-16;186196;317469;1543;0;345385;0;0;0;0;47088704;34956940;149673;255;39689475;42;0;0;0
FR;0;2021-08-17;215721;335795;1638;7;368826;0;0;0;0;47304425;35292735;151311;262;40058301;42;0;0;0
FR;0;2021-08-18;199083;324371;1599;7;354534;3;0;0;0;47503508;35617106;152910;269;40412835;45;0;0;0
FR;0;2021-08-19;192051;325392;1642;1;355951;0;0;0;0;47695559;35942498;154552;270;40768786;45;0;0;0
FR;0;2021-08-20;186494;366179;1823;3;396607;2;0;0;0;47882053;36308677;156375;273;41165393;47;0;0;0
FR;0;2021-08-21;104814;238130;709;0;254560;0;0;0;0;47986867;36546807;157084;273;41419953;47;0;0;0
FR;0;2021-08-22;31950;87210;256;1;92163;1;0;0;0;48018817;36634017;157340;274;41512116;48;0;0;0
FR;0;2021-08-23;140999;356994;1561;3;379583;0;0;0;0;48159816;36991011;158901;277;41891699;48;0;0;0
FR;0;2021-08-24;162522;376573;1850;5;402818;0;0;0;0;48322338;37367584;160751;282;42294517;48;0;0;0
FR;0;2021-08-25;151165;350708;2038;8;375395;2;0;0;0;48473503;37718292;162789;290;42669912;50;0;0;0
FR;0;2021-08-26;142898;342770;2564;10;367558;0;0;0;0;48616401;38061062;165353;300;43037470;50;0;0;0
FR;0;2021-08-27;148458;388240;2791;11;414877;1;0;0;0;48764859;38449302;168144;311;43452347;51;0;0;0
FR;0;2021-08-28;90682;249639;1407;0;264963;0;0;0;0;48855541;38698941;169551;311;43717310;51;0;0;0
FR;0;2021-08-29;27325;83357;518;1;88273;0;0;0;0;48882866;38782298;170069;312;43805583;51;0;0;0
FR;0;2021-08-30;117432;324584;4714;6;342390;5847;0;0;0;49000298;39106882;174783;318;44147973;5898;0;0;0
FR;0;2021-08-31;128834;334452;10189;19;353929;11769;2;0;0;49129132;39441334;184972;337;44501902;17667;2;0;0
FR;0;2021-09-01;136168;285662;22437;8;302403;24415;1;0;0;49265300;39726996;207409;345;44804305;42082;3;0;0
FR;0;2021-09-02;114653;247198;26525;20;262096;29010;0;0;0;49379953;39974194;233934;365;45066401;71092;3;0;0
FR;0;2021-09-03;118329;292651;29968;24;309308;33076;1;0;0;49498282;40266845;263902;389;45375709;104168;4;0;0
FR;0;2021-09-04;89894;217797;12587;12;230494;14157;7;0;0;49588176;40484642;276489;401;45606203;118325;11;0;0
FR;0;2021-09-05;21365;44796;4397;2;48279;4716;0;0;0;49609541;40529438;280886;403;45654482;123041;11;0;0
FR;0;2021-09-06;75702;180486;31957;16;190662;34305;2;0;0;49685243;40709924;312843;419;45845144;157346;13;0;0
FR;0;2021-09-07;80318;181179;33251;43;191038;36322;2;0;0;49765561;40891103;346094;462;46036182;193668;15;0;0
FR;0;2021-09-08;91013;206087;29666;28;216570;32571;4;0;0;49856574;41097190;375760;490;46252752;226239;19;0;0
FR;0;2021-09-09;76984;165312;33085;27;174116;36699;5;0;0;49933558;41262502;408845;517;46426868;262938;24;0;0
FR;0;2021-09-10;96050;203810;35743;28;214891;40787;7;0;0;50029608;41466312;444588;545;46641759;303725;31;0;0
FR;0;2021-09-11;67168;169342;12140;19;178186;14414;0;0;0;50096776;41635654;456728;564;46819945;318139;31;0;0
FR;0;2021-09-12;12830;32094;2784;1;34140;3190;2;0;0;50109606;41667748;459512;565;46854085;321329;33;0;0
FR;0;2021-09-13;64582;126154;41249;35;134169;44266;17;0;0;50174188;41793902;500761;600;46988254;365595;50;0;0
FR;0;2021-09-14;73503;129007;56391;80;135747;62447;44;0;0;50247691;41922909;557152;680;47124001;428042;94;0;0
FR;0;2021-09-15;76668;167731;55671;58;174676;54850;76;0;0;50324359;42090640;612823;738;47298677;482892;170;0;0
FR;0;2021-09-16;63897;114505;60099;82;117880;60174;64;0;0;50388256;42205145;672922;820;47416557;543066;234;0;0
FR;0;2021-09-17;75093;156855;53871;71;159731;57367;67;0;0;50463349;42362000;726793;891;47576288;600433;301;0;0
FR;0;2021-09-18;48245;139637;15603;25;144319;17321;20;0;0;50511594;42501637;742396;916;47720607;617754;321;0;0
FR;0;2021-09-19;7908;23648;2443;1;24878;2619;1;0;0;50519502;42525285;744839;917;47745485;620373;322;0;0
FR;0;2021-09-20;44580;93751;50087;72;96241;50347;34;0;0;50564082;42619036;794926;989;47841726;670720;356;0;0
FR;0;2021-09-21;45918;98365;62772;77;98382;63506;79;0;0;50610000;42717401;857698;1066;47940108;734226;435;0;0
FR;0;2021-09-22;48708;142399;55383;82;144844;55483;47;0;0;50658708;42859800;913081;1148;48084952;789709;482;0;0
FR;0;2021-09-23;43298;92066;62408;95;91274;63589;86;0;0;50702006;42951866;975489;1243;48176226;853298;568;0;0
FR;0;2021-09-24;52324;133295;54570;107;132395;59230;78;0;0;50754330;43085161;1030059;1350;48308621;912528;646;0;0
FR;0;2021-09-25;35225;115665;16276;36;118649;18316;22;0;0;50789555;43200826;1046335;1386;48427270;930844;668;0;0
FR;0;2021-09-26;5561;17804;2273;5;18691;2331;5;0;0;50795116;43218630;1048608;1391;48445961;933175;673;0;0
FR;0;2021-09-27;33986;76897;47205;97;78783;48190;81;0;1;50829102;43295527;1095813;1488;48524744;981365;754;0;1
FR;0;2021-09-28;36524;75245;54983;90;74328;56599;47;0;0;50865626;43370772;1150796;1578;48599072;1037964;801;0;1
FR;0;2021-09-29;44426;100689;53375;113;102847;54911;41;0;0;50910052;43471461;1204171;1691;48701919;1092875;842;0;1
FR;0;2021-09-30;36350;72979;57046;96;71482;59611;58;0;0;50946402;43544440;1261217;1787;48773401;1152486;900;0;1
FR;0;2021-10-01;61720;102861;57836;108;101412;64020;23;0;0;51008122;43647301;1319053;1895;48874813;1216506;923;0;1
FR;0;2021-10-02;39471;78460;20965;39;81737;23386;12;0;0;51047593;43725761;1340018;1934;48956550;1239892;935;0;1
FR;0;2021-10-03;5289;10491;2536;4;11257;2542;4;0;0;51052882;43736252;1342554;1938;48967807;1242434;939;0;1
FR;0;2021-10-04;35208;58505;52638;84;59506;54860;37;0;0;51088090;43794757;1395192;2022;49027313;1297294;976;0;1
FR;0;2021-10-05;33937;64379;61032;135;62109;65120;48;0;0;51122027;43859136;1456224;2157;49089422;1362414;1024;0;1
FR;0;2021-10-06;42728;79307;65763;112;80179;68384;29;0;0;51164755;43938443;1521987;2269;49169601;1430798;1053;0;1
FR;0;2021-10-07;30575;62286;65447;88;59503;68896;38;0;0;51195330;44000729;1587434;2357;49229104;1499694;1091;0;1
FR;0;2021-10-08;49486;91947;77773;111;89889;84807;39;0;0;51244816;44092676;1665207;2468;49318993;1584501;1130;0;1
FR;0;2021-10-09;33677;60950;31549;35;64141;33933;17;0;0;51278493;44153626;1696756;2503;49383134;1618434;1147;0;1
FR;0;2021-10-10;4722;7422;3199;9;7938;3475;2;0;0;51283215;44161048;1699955;2512;49391072;1621909;1149;0;1
FR;0;2021-10-11;30734;49885;61050;105;50601;64119;46;0;0;51313949;44210933;1761005;2617;49441673;1686028;1195;0;1
FR;0;2021-10-12;31650;54483;70635;141;51310;76050;27;0;0;51345599;44265416;1831640;2758;49492983;1762078;1222;0;1
FR;0;2021-10-13;40167;62854;74443;137;62802;79398;29;0;1;51385766;44328270;1906083;2895;49555785;1841476;1251;0;2
FR;0;2021-10-14;30364;52873;68779;116;49696;73870;31;0;0;51416130;44381143;1974862;3011;49605481;1915346;1282;0;2
FR;0;2021-10-15;44961;75235;93253;191;70330;103054;26;0;0;51461091;44456378;2068115;3202;49675811;2018400;1308;0;2
FR;0;2021-10-16;31335;44085;36701;45;46704;39651;15;0;0;51492426;44500463;2104816;3247;49722515;2058051;1323;0;2
FR;0;2021-10-17;3898;5229;3603;2;5676;3674;4;0;0;51496324;44505692;2108419;3249;49728191;2061725;1327;0;2
FR;0;2021-10-18;29217;42342;67521;134;42559;71383;27;0;0;51525541;44548034;2175940;3383;49770750;2133108;1354;0;2
FR;0;2021-10-19;27196;45548;76431;140;43207;81677;45;0;0;51552737;44593582;2252371;3523;49813957;2214785;1399;0;2
FR;0;2021-10-20;35346;52407;96960;181;51812;101579;45;0;0;51588083;44645989;2349331;3704;49865769;2316364;1444;0;2
FR;0;2021-10-21;26166;45173;83999;112;41968;89197;30;0;0;51614249;44691162;2433330;3816;49907737;2405561;1474;0;2
FR;0;2021-10-22;38450;62489;104928;200;59355;112655;61;0;0;51652699;44753651;2538258;4016;49967092;2518216;1535;0;2
FR;0;2021-10-23;27034;41205;45467;57;42426;48638;14;0;0;51679733;44794856;2583725;4073;50009518;2566854;1549;0;2
FR;0;2021-10-24;2947;4763;3686;6;5014;3923;1;0;0;51682680;44799619;2587411;4079;50014532;2570777;1550;0;2
FR;0;2021-10-25;26109;36208;82347;144;35481;86681;38;0;0;51708789;44835827;2669758;4223;50050013;2657458;1588;0;2
FR;0;2021-10-26;23770;34990;87283;166;32157;92412;34;0;0;51732559;44870817;2757041;4389;50082170;2749870;1622;0;2
FR;0;2021-10-27;30115;46299;109034;257;44039;114752;48;0;0;51762674;44917116;2866075;4646;50126209;2864622;1670;0;2
FR;0;2021-10-28;23611;34930;88744;153;31197;94542;35;0;0;51786285;44952046;2954819;4799;50157406;2959164;1705;0;2
FR;0;2021-10-29;31589;51451;117348;206;46499;125437;52;0;0;51817874;45003497;3072167;5005;50203905;3084601;1757;0;2
FR;0;2021-10-30;20578;33239;50361;76;32921;53430;20;0;0;51838452;45036736;3122528;5081;50236826;3138031;1777;0;2
FR;0;2021-10-31;2519;3732;3595;3;3844;3881;3;0;0;51840971;45040468;3126123;5084;50240670;3141912;1780;0;2
FR;0;2021-11-01;8543;4869;3224;3;5021;3586;10;0;0;51849514;45045337;3129347;5087;50245691;3145498;1790;0;2
FR;0;2021-11-02;26385;40099;93612;156;36238;99674;44;0;1;51875899;45085436;3222959;5243;50281929;3245172;1834;0;3
FR;0;2021-11-03;30133;47901;118932;222;43555;125908;64;0;0;51906032;45133337;3341891;5465;50325484;3371080;1898;0;3
FR;0;2021-11-04;23823;37461;107602;217;31574;114482;46;0;0;51929855;45170798;3449493;5682;50357058;3485562;1944;0;3
FR;0;2021-11-05;32418;52936;141679;236;44649;151469;54;0;0;51962273;45223734;3591172;5918;50401707;3637031;1998;0;3
FR;0;2021-11-06;21554;34551;64912;123;32384;68354;26;0;0;51983827;45258285;3656084;6041;50434091;3705385;2024;0;3
FR;0;2021-11-07;2429;4155;5209;6;4001;5598;7;0;0;51986256;45262440;3661293;6047;50438092;3710983;2031;0;3
FR;0;2021-11-08;20633;37739;127237;227;30948;134364;50;0;0;52006889;45300179;3788530;6274;50469040;3845347;2081;0;3
FR;0;2021-11-09;22444;44653;161742;339;32856;172358;65;0;0;52029333;45344832;3950272;6613;50501896;4017705;2146;0;3
FR;0;2021-11-10;31621;54876;187070;447;44022;198890;91;0;0;52060954;45399708;4137342;7060;50545918;4216595;2237;0;3
FR;0;2021-11-11;4750;6743;12998;28;5905;13981;17;0;0;52065704;45406451;4150340;7088;50551823;4230576;2254;0;3
FR;0;2021-11-12;29102;55050;183838;252;41715;197505;86;0;0;52094806;45461501;4334178;7340;50593538;4428081;2340;0;3
FR;0;2021-11-13;20356;32599;80730;118;28228;86354;44;0;0;52115162;45494100;4414908;7458;50621766;4514435;2384;0;3
FR;0;2021-11-14;2367;3854;7183;6;3362;7846;9;0;0;52117529;45497954;4422091;7464;50625128;4522281;2393;0;3
FR;0;2021-11-15;20524;38549;160911;314;27783;171651;77;0;0;52138053;45536503;4583002;7778;50652911;4693932;2470;0;3
FR;0;2021-11-16;23675;43824;200491;394;27700;215190;115;0;1;52161728;45580327;4783493;8172;50680611;4909122;2585;0;4
FR;0;2021-11-17;30545;50236;199905;406;36445;212971;98;0;0;52192273;45630563;4983398;8578;50717056;5122093;2683;0;4
FR;0;2021-11-18;23460;45683;191757;469;29391;205745;94;0;0;52215733;45676246;5175155;9047;50746447;5327838;2777;0;4
FR;0;2021-11-19;33696;61270;243294;551;39907;262314;147;0;0;52249429;45737516;5418449;9598;50786354;5590152;2924;0;4
FR;0;2021-11-20;25426;36656;102194;207;29264;109767;43;0;0;52274855;45774172;5520643;9805;50815618;5699919;2967;0;4
FR;0;2021-11-21;2665;4444;9683;19;3442;10609;19;0;0;52277520;45778616;5530326;9824;50819060;5710528;2986;0;4
FR;0;2021-11-22;22824;33110;180437;472;18912;194922;90;0;0;52300344;45811726;5710763;10296;50837972;5905450;3076;0;4
FR;0;2021-11-23;25736;45458;229495;549;24112;247986;85;0;0;52326080;45857184;5940258;10845;50862084;6153436;3161;0;4
FR;0;2021-11-24;31821;53592;224910;715;34472;243364;80;0;0;52357901;45910776;6165168;11560;50896556;6396800;3241;0;4
FR;0;2021-11-25;25654;49132;256030;739;25045;277941;112;0;0;52383555;45959908;6421198;12299;50921601;6674741;3353;0;4
FR;0;2021-11-26;33255;74669;379565;867;37391;414800;172;0;0;52416810;46034577;6800763;13166;50958992;7089541;3525;0;4
FR;0;2021-11-27;23508;49551;214980;391;28441;236785;135;0;0;52440318;46084128;7015743;13557;50987433;7326326;3660;0;4
FR;0;2021-11-28;3528;10444;56787;66;4057;63334;42;0;0;52443846;46094572;7072530;13623;50991490;7389660;3702;0;4
FR;0;2021-11-29;19449;54063;341575;864;23089;371915;178;0;0;52463295;46148635;7414105;14487;51014579;7761575;3880;0;4
FR;0;2021-11-30;24789;71792;457491;988;26791;500933;291;0;0;52488084;46220427;7871596;15475;51041370;8262508;4171;0;4
FR;0;2021-12-01;27400;75418;469225;1162;31307;511448;304;0;0;52515484;46295845;8340821;16637;51072677;8773956;4475;0;4
FR;0;2021-12-02;22133;71463;527255;1282;20999;575056;309;0;0;52537617;46367308;8868076;17919;51093676;9349012;4784;0;4
FR;0;2021-12-03;25581;92769;596539;1421;34328;651332;343;0;0;52563198;46460077;9464615;19340;51128004;10000344;5127;0;4
FR;0;2021-12-04;18343;60286;336314;692;25662;369890;197;0;0;52581541;46520363;9800929;20032;51153666;10370234;5324;0;4
FR;0;2021-12-05;4158;16083;95820;157;4852;107050;92;0;0;52585699;46536446;9896749;20189;51158518;10477284;5416;0;4
FR;0;2021-12-06;28453;72662;493294;1175;25220;540114;386;0;0;52614152;46609108;10390043;21364;51183738;11017398;5802;0;4
FR;0;2021-12-07;23569;91191;645586;1774;28508;706599;416;0;0;52637721;46700299;11035629;23138;51212246;11723997;6218;0;4
FR;0;2021-12-08;25525;91865;591906;1875;34937;647774;439;0;0;52663246;46792164;11627535;25013;51247183;12371771;6657;0;4
FR;0;2021-12-09;24088;94021;663383;2179;28968;726827;463;0;0;52687334;46886185;12290918;27192;51276151;13098598;7120;0;4
FR;0;2021-12-10;28080;110826;736222;2075;37931;806395;471;0;1;52715414;46997011;13027140;29267;51314082;13904993;7591;0;5
FR;0;2021-12-11;20255;76038;435254;990;29934;480481;343;0;0;52735669;47073049;13462394;30257;51344016;14385474;7934;0;5
FR;0;2021-12-12;5684;23103;142362;262;6384;159234;108;0;0;52741353;47096152;13604756;30519;51350400;14544708;8042;0;5
FR;0;2021-12-13;21371;90678;587853;1699;29632;649470;397;0;0;52762724;47186830;14192609;32218;51380032;15194178;8439;0;5
FR;0;2021-12-14;27991;118203;765821;2658;35398;847801;701;0;1;52790715;47305033;14958430;34876;51415430;16041979;9140;0;6
FR;0;2021-12-15;28459;114133;694534;2267;39487;769316;503;0;1;52819174;47419166;15652964;37143;51454917;16811295;9643;0;7
FR;0;2021-12-16;28061;115565;764269;2559;35078;844694;516;0;0;52847235;47534731;16417233;39702;51489995;17655989;10159;0;7
FR;0;2021-12-17;31667;128220;808043;2713;43321;892195;612;0;0;52878902;47662951;17225276;42415;51533316;18548184;10771;0;7
FR;0;2021-12-18;24945;81470;470065;1179;30041;522268;353;0;0;52903847;47744421;17695341;43594;51563357;19070452;11124;0;7
FR;0;2021-12-19;8770;28505;169449;376;7834;191055;143;0;0;52912617;47772926;17864790;43970;51571191;19261507;11267;0;7
FR;0;2021-12-20;31785;97020;591631;1789;33814;658849;503;0;0;52944402;47869946;18456421;45759;51605005;19920356;11770;0;7
FR;0;2021-12-21;39483;111838;682567;2391;38746;759699;607;0;0;52983885;47981784;19138988;48150;51643751;20680055;12377;0;7
FR;0;2021-12-22;39566;99108;575908;2169;37076;642226;687;0;2;53023451;48080892;19714896;50319;51680827;21322281;13064;0;9
FR;0;2021-12-23;33792;79319;441114;1659;30092;494450;589;0;0;53057243;48160211;20156010;51978;51710919;21816731;13653;0;9
FR;0;2021-12-24;10700;26013;111061;398;11637;126677;236;0;1;53067943;48186224;20267071;52376;51722556;21943408;13889;0;10
FR;0;2021-12-25;779;3566;7603;25;2046;9023;72;0;0;53068722;48189790;20274674;52401;51724602;21952431;13961;0;10
FR;0;2021-12-26;4699;11879;52126;142;4738;60170;170;0;0;53073421;48201669;20326800;52543;51729340;22012601;14131;0;10
FR;0;2021-12-27;30511;83904;453631;1364;33013;509279;665;0;0;53103932;48285573;20780431;53907;51762353;22521880;14796;0;10
FR;0;2021-12-28;38368;98789;564241;1769;35083;632337;1558;0;2;53142300;48384362;21344672;55676;51797436;23154217;16354;0;12
FR;0;2021-12-29;39882;88135;501291;1687;33084;561056;1738;0;1;53182182;48472497;21845963;57363;51830520;23715273;18092;0;13
FR;0;2021-12-30;35928;75050;421074;1520;29497;471181;1880;0;0;53218110;48547547;22267037;58883;51860017;24186454;19972;0;13
FR;0;2021-12-31;12053;25071;116896;405;11263;131678;741;0;0;53230163;48572618;22383933;59288;51871280;24318132;20713;0;13
FR;0;2022-01-01;1593;3214;8533;37;1804;9942;103;0;0;53231756;48575832;22392466;59325;51873084;24328074;20816;0;13
FR;0;2022-01-02;6131;13015;58437;126;5109;66976;408;0;0;53237887;48588847;22450903;59451;51878193;24395050;21224;0;13
FR;0;2022-01-03;39722;90135;494909;1597;36876;551787;2650;0;1;53277609;48678982;22945812;61048;51915069;24946837;23874;0;14
FR;0;2022-01-04;42312;110976;641487;2309;40644;714498;3836;0;3;53319921;48789958;23587299;63357;51955713;25661335;27710;0;17
FR;0;2022-01-05;61224;103578;569284;1985;43794;634319;3429;0;2;53381145;48893536;24156583;65342;51999507;26295654;31139;0;19
FR;0;2022-01-06;44320;110303;639069;2702;40218;711590;4557;0;2;53425465;49003839;24795652;68044;52039725;27007244;35696;0;21
FR;0;2022-01-07;50847;123276;711080;2811;46836;790564;4995;0;2;53476312;49127115;25506732;70855;52086561;27797808;40691;0;23
FR;0;2022-01-08;45015;80266;423847;1213;35045;472912;2447;0;3;53521327;49207381;25930579;72068;52121606;28270720;43138;0;26
FR;0;2022-01-09;15614;26593;128585;300;11483;145663;829;0;0;53536941;49233974;26059164;72368;52133089;28416383;43967;0;26
FR;0;2022-01-10;35423;93248;469402;1816;43020;522789;3722;0;1;53572364;49327222;26528566;74184;52176109;28939172;47689;0;27
FR;0;2022-01-11;41955;100433;548346;2310;42395;608593;5219;0;2;53614319;49427655;27076912;76494;52218504;29547765;52908;0;29
FR;0;2022-01-12;60424;95681;452751;1969;49480;504414;4497;0;8;53674743;49523336;27529663;78463;52267984;30052179;57405;0;37
FR;0;2022-01-13;38275;92515;487422;2084;40548;541105;5467;0;8;53713018;49615851;28017085;80547;52308532;30593284;62872;0;45
FR;0;2022-01-14;42590;103291;568676;2286;43499;629064;6463;0;2;53755608;49719142;28585761;82833;52352031;31222348;69335;0;47
FR;0;2022-01-15;39434;65877;340168;985;31446;377581;3296;0;1;53795042;49785019;28925929;83818;52383477;31599929;72631;0;48
FR;0;2022-01-16;11415;19195;87447;216;9019;99403;764;0;0;53806457;49804214;29013376;84034;52392496;31699332;73395;0;48
FR;0;2022-01-17;24756;59980;320335;1384;28038;354173;3960;0;4;53831213;49864194;29333711;85418;52420534;32053505;77355;0;52
FR;0;2022-01-18;28332;68679;361150;1802;32014;397597;5771;0;1;53859545;49932873;29694861;87220;52452548;32451102;83126;0;53
FR;0;2022-01-19;43231;67011;281354;1452;40387;311094;4392;0;5;53902776;49999884;29976215;88672;52492935;32762196;87518;0;58
FR;0;2022-01-20;23681;59589;299069;1750;29560;328538;5636;0;4;53926457;50059473;30275284;90422;52522495;33090734;93154;0;62
FR;0;2022-01-21;28215;68763;366413;2086;33070;401220;6579;0;3;53954672;50128236;30641697;92508;52555565;33491954;99733;0;65
FR;0;2022-01-22;27630;47972;218811;840;27303;241796;2838;0;2;53982302;50176208;30860508;93348;52582868;33733750;102571;0;67
FR;0;2022-01-23;6740;12964;48695;173;7503;55170;591;0;1;53989042;50189172;30909203;93521;52590371;33788920;103162;0;68
FR;0;2022-01-24;16286;47439;217356;1149;25402;239356;4102;0;3;54005328;50236611;31126559;94670;52615773;34028276;107264;0;71
FR;0;2022-01-25;19034;54313;243103;1548;28806;267101;6067;0;5;54024362;50290924;31369662;96218;52644579;34295377;113331;0;76
FR;0;2022-01-26;28148;60549;209319;1299;41361;229548;4479;0;3;54052510;50351473;31578981;97517;52685940;34524925;117810;0;79
FR;0;2022-01-27;16338;46487;207674;1287;26149;226064;5693;0;4;54068848;50397960;31786655;98804;52712089;34750989;123503;0;83
FR;0;2022-01-28;21594;78648;290091;1574;44969;321348;7411;0;4;54090442;50476608;32076746;100378;52757058;35072337;130914;0;87
FR;0;2022-01-29;18424;52847;184145;689;32750;204577;3255;0;2;54108866;50529455;32260891;101067;52789808;35276914;134169;0;89
FR;0;2022-01-30;4477;14463;39152;124;9130;45056;637;0;1;54113343;50543918;32300043;101191;52798938;35321970;134806;0;90
FR;0;2022-01-31;11261;43903;148219;742;26129;164721;4230;0;5;54124604;50587821;32448262;101933;52825067;35486691;139036;0;95
FR;0;2022-02-01;13652;48294;174148;1145;27330;191338;7036;0;1;54138256;50636115;32622410;103078;52852397;35678029;146072;0;96
FR;0;2022-02-02;20760;66295;171560;1034;46159;190079;5970;0;10;54159016;50702410;32793970;104112;52898556;35868108;152042;0;106
FR;0;2022-02-03;11758;44791;157585;990;25346;173287;6933;0;6;54170774;50747201;32951555;105102;52923902;36041395;158975;0;112
FR;0;2022-02-04;14646;67975;239263;1267;37598;264082;9153;0;6;54185420;50815176;33190818;106369;52961500;36305477;168128;0;118
FR;0;2022-02-05;12903;51439;153565;523;31977;172294;3784;0;3;54198323;50866615;33344383;106892;52993477;36477771;171912;0;121
FR;0;2022-02-06;2726;12168;28898;102;7289;33830;662;0;0;54201049;50878783;33373281;106994;53000766;36511601;172574;0;121
FR;0;2022-02-07;9618;46619;156905;594;24513;176304;5294;0;6;54210667;50925402;33530186;107588;53025279;36687905;177868;0;127
FR;0;2022-02-08;9815;43101;166663;870;20966;184458;7054;0;6;54220482;50968503;33696849;108458;53046245;36872363;184922;0;133
FR;0;2022-02-09;14464;58263;172360;876;35361;193069;5788;0;9;54234946;51026766;33869209;109334;53081606;37065432;190710;0;142
FR;0;2022-02-10;8731;39227;150244;881;18704;166722;6503;0;2;54243677;51065993;34019453;110215;53100310;37232154;197213;0;144
FR;0;2022-02-11;10864;55702;218522;1101;25845;243117;8322;0;3;54254541;51121695;34237975;111316;53126155;37475271;205535;0;147
FR;0;2022-02-12;8409;40970;134740;465;22637;151768;3509;0;4;54262950;51162665;34372715;111781;53148792;37627039;209044;0;151
FR;0;2022-02-13;1940;8605;26568;86;4411;30930;544;0;3;54264890;51171270;34399283;111867;53153203;37657969;209588;0;154
FR;0;2022-02-14;6997;35260;148389;487;14672;166385;4789;0;5;54271887;51206530;34547672;112354;53167875;37824354;214377;0;159
FR;0;2022-02-15;7070;36238;147003;751;16008;162588;6849;0;3;54278957;51242768;34694675;113105;53183883;37986942;221226;0;162
FR;0;2022-02-16;9417;42994;132550;722;25984;146770;5727;0;6;54288374;51285762;34827225;113827;53209867;38133712;226953;0;168
FR;0;2022-02-17;5581;24348;87318;587;13147;94893;5408;0;5;54293955;51310110;34914543;114414;53223014;38228605;232361;0;173
FR;0;2022-02-18;7003;33595;119671;807;18768;129336;7416;0;2;54300958;51343705;35034214;115221;53241782;38357941;239777;0;175
FR;0;2022-02-19;5371;24557;70030;371;15909;77340;3020;0;2;54306329;51368262;35104244;115592;53257691;38435281;242797;0;177
FR;0;2022-02-20;1152;4661;12175;39;2916;13957;460;0;1;54307481;51372923;35116419;115631;53260607;38449238;243257;0;178
FR;0;2022-02-21;4100;17896;61958;351;10173;67188;4059;0;2;54311581;51390819;35178377;115982;53270780;38516426;247316;0;180
FR;0;2022-02-22;4468;18668;60840;577;11270;64481;5255;0;1;54316049;51409487;35239217;116559;53282050;38580907;252571;0;181
FR;0;2022-02-23;6593;27365;66512;593;19633;71911;4595;0;3;54322642;51436852;35305729;117152;53301683;38652818;257166;0;184
FR;0;2022-02-24;3852;15563;50435;519;9523;53259;4531;0;2;54326494;51452415;35356164;117671;53311206;38706077;261697;0;186
FR;0;2022-02-25;5287;24299;76372;804;15274;80104;7336;0;7;54331781;51476714;35432536;118475;53326480;38786181;269033;0;193
FR;0;2022-02-26;3995;17772;47422;359;12174;51489;3083;0;3;54335776;51494486;35479958;118834;53338654;38837670;272116;0;196
FR;0;2022-02-27;881;3011;8040;47;1980;8949;531;0;0;54336657;51497497;35487998;118881;53340634;38846619;272647;0;196
FR;0;2022-02-28;3127;12562;40497;359;7596;42930;3858;0;0;54339784;51510059;35528495;119240;53348230;38889549;276505;0;196
FR;0;2022-03-01;4013;12615;44204;437;7639;44876;5518;0;6;54343797;51522674;35572699;119677;53355869;38934425;282023;0;202
FR;0;2022-03-02;5338;17901;47155;448;12961;49087;4931;0;2;54349135;51540575;35619854;120125;53368830;38983512;286954;0;204
FR;0;2022-03-03;2829;9362;29903;371;6260;30026;4050;0;2;54351964;51549937;35649757;120496;53375090;39013538;291004;0;206
FR;0;2022-03-04;3230;12519;40343;669;8518;39492;6235;0;4;54355194;51562456;35690100;121165;53383608;39053030;297239;0;210
FR;0;2022-03-05;3074;9290;24963;314;7132;25127;3135;0;1;54358268;51571746;35715063;121479;53390740;39078157;300374;0;211
FR;0;2022-03-06;522;1408;3199;43;1031;3442;379;0;0;54358790;51573154;35718262;121522;53391771;39081599;300753;0;211
FR;0;2022-03-07;2499;5636;18438;315;3853;17710;3307;0;4;54361289;51578790;35736700;121837;53395624;39099309;304060;0;215
FR;0;2022-03-08;2155;6080;19452;363;4334;17925;4093;0;3;54363444;51584870;35756152;122200;53399958;39117234;308153;0;218
FR;0;2022-03-09;3583;10573;22200;408;8800;21295;4042;0;4;54367027;51595443;35778352;122608;53408758;39138529;312195;0;222
FR;0;2022-03-10;1833;5848;17012;345;4397;15838;3408;0;3;54368860;51601291;35795364;122953;53413155;39154367;315603;0;225
FR;0;2022-03-11;2422;7568;24511;545;5446;22280;5479;0;2;54371282;51608859;35819875;123498;53418601;39176647;321082;0;227
FR;0;2022-03-12;2698;6777;17168;309;5495;16522;3137;0;2;54373980;51615636;35837043;123807;53424096;39193169;324219;0;229
FR;0;2022-03-13;406;795;2323;149;604;2272;537;0;0;54374386;51616431;35839366;123956;53424700;39195441;324756;0;229
FR;0;2022-03-14;1561;4277;14989;4412;2812;13842;7295;0;8;54375947;51620708;35854355;128368;53427512;39209283;332051;0;237
FR;0;2022-03-15;1751;6294;16387;7556;4809;14618;11036;0;9;54377698;51627002;35870742;135924;53432321;39223901;343087;0;246
FR;0;2022-03-16;3038;7414;19435;13141;6216;18113;16297;0;8;54380736;51634416;35890177;149065;53438537;39242014;359384;0;254
FR;0;2022-03-17;1465;3988;13157;10846;2809;11997;13314;0;9;54382201;51638404;35903334;159911;53441346;39254011;372698;0;263
FR;0;2022-03-18;2268;5758;20019;18307;4100;18115;22039;0;15;54384469;51644162;35923353;178218;53445446;39272126;394737;0;278
FR;0;2022-03-19;2294;4806;13116;9406;4142;12421;11409;0;6;54386763;51648968;35936469;187624;53449588;39284547;406146;0;284
FR;0;2022-03-20;301;738;1920;1074;530;1933;1340;0;2;54387064;51649706;35938389;188698;53450118;39286480;407486;0;286
FR;0;2022-03-21;1395;3222;12735;14951;2157;11961;16910;0;11;54388459;51652928;35951124;203649;53452275;39298441;424396;0;297
FR;0;2022-03-22;1557;3742;13807;20553;2581;12562;22845;0;5;54390016;51656670;35964931;224202;53454856;39311003;447241;0;302
FR;0;2022-03-23;2689;6300;17740;23151;5232;17248;25268;0;40;54392705;51662970;35982671;247353;53460088;39328251;472509;0;342
FR;0;2022-03-24;1411;3160;11600;17619;2248;10685;19394;0;23;54394116;51666130;35994271;264972;53462336;39338936;491903;0;365
FR;0;2022-03-25;2089;5160;18583;27775;3691;16920;30810;0;31;54396205;51671290;36012854;292747;53466027;39355856;522713;0;396
FR;0;2022-03-26;2232;4418;12080;12680;3866;11521;14402;0;26;54398437;51675708;36024934;305427;53469893;39367377;537115;0;422
FR;0;2022-03-27;365;693;1908;1483;515;1942;1740;0;1;54398802;51676401;36026842;306910;53470408;39369319;538855;0;423
FR;0;2022-03-28;1468;3082;11133;17490;2120;10621;19070;0;16;54400270;51679483;36037975;324400;53472528;39379940;557925;0;439
FR;0;2022-03-29;1453;3284;12913;27585;2099;12055;29284;0;34;54401723;51682767;36050888;351985;53474627;39391995;587209;0;473
FR;0;2022-03-30;2854;5589;15690;27435;4773;15090;29341;0;21;54404577;51688356;36066578;379420;53479400;39407085;616550;0;494
FR;0;2022-03-31;1615;3584;12991;25037;2569;12330;26647;0;43;54406192;51691940;36079569;404457;53481969;39419415;643197;0;537
FR;0;2022-04-01;2686;4588;20083;30897;2974;18725;33490;0;62;54408878;51696528;36099652;435354;53484943;39438140;676687;0;599
FR;0;2022-04-02;1532;2649;9054;10135;2009;8728;11297;0;29;54410410;51699177;36108706;445489;53486952;39446868;687984;0;628
FR;0;2022-04-03;294;516;1562;1171;360;1580;1382;0;2;54410704;51699693;36110268;446660;53487312;39448448;689366;0;630
FR;0;2022-04-04;4569;3032;12389;19129;2053;11597;20602;0;35;54415273;51702725;36122657;465789;53489365;39460045;709968;0;665
FR;0;2022-04-05;2608;3178;14353;34151;2055;13206;35769;0;85;54417881;51705903;36137010;499940;53491420;39473251;745737;0;750
FR;0;2022-04-06;2613;3964;13544;26544;3030;12819;28013;0;72;54420494;51709867;36150554;526484;53494450;39486070;773750;0;822
FR;0;2022-04-07;1989;3151;13686;33820;1999;12898;35178;0;76;54422483;51713018;36164240;560304;53496449;39498968;808928;0;898
FR;0;2022-04-08;2310;4344;19235;44015;2674;17861;46368;0;89;54424793;51717362;36183475;604319;53499123;39516829;855296;0;987
FR;0;2022-04-09;1373;2682;9315;13568;1904;8869;14800;0;30;54426166;51720044;36192790;617887;53501027;39525698;870096;0;1017
FR;0;2022-04-10;296;756;1985;2017;554;2007;2279;0;7;54426462;51720800;36194775;619904;53501581;39527705;872375;0;1024
FR;0;2022-04-11;1351;2634;11876;23934;1655;11483;25206;0;74;54427813;51723434;36206651;643838;53503236;39539188;897581;0;1098
FR;0;2022-04-12;1729;3083;14023;40928;1967;13395;41818;0;127;54429542;51726517;36220674;684766;53505203;39552583;939399;0;1225
FR;0;2022-04-13;1980;3722;13415;33118;2720;13036;34087;0;96;54431522;51730239;36234089;717884;53507923;39565619;973486;0;1321
FR;0;2022-04-14;1510;3016;13216;36354;1944;13074;37023;0;105;54433032;51733255;36247305;754238;53509867;39578693;1010509;0;1426
FR;0;2022-04-15;1883;3876;15645;35584;2618;14926;37235;0;115;54434915;51737131;36262950;789822;53512485;39593619;1047744;0;1541
FR;0;2022-04-16;1046;1834;6400;8553;1263;6263;9435;0;40;54435961;51738965;36269350;798375;53513748;39599882;1057179;0;1581
FR;0;2022-04-17;195;340;993;1174;224;1036;1242;0;7;54436156;51739305;36270343;799549;53513972;39600918;1058421;0;1588
FR;0;2022-04-18;201;561;2768;1072;358;2787;1287;0;5;54436357;51739866;36273111;800621;53514330;39603705;1059708;0;1593
FR;0;2022-04-19;1546;3031;12919;29690;1878;12480;30737;0;78;54437903;51742897;36286030;830311;53516208;39616185;1090445;0;1671
FR;0;2022-04-20;2008;3498;13308;29072;2611;12996;30088;0;96;54439911;51746395;36299338;859383;53518819;39629181;1120533;0;1767
FR;0;2022-04-21;1516;2856;12554;35211;1827;12647;35785;0;117;54441427;51749251;36311892;894594;53520646;39641828;1156318;0;1884
FR;0;2022-04-22;1880;3627;16480;37625;2403;15839;39164;0;131;54443307;51752878;36328372;932219;53523049;39657667;1195482;0;2015
FR;0;2022-04-23;1151;2071;7391;10659;1481;7242;11444;0;38;54444458;51754949;36335763;942878;53524530;39664909;1206926;0;2053
FR;0;2022-04-24;249;467;1478;1592;326;1414;1850;0;7;54444707;51755416;36337241;944470;53524856;39666323;1208776;0;2060
FR;0;2022-04-25;1308;2535;10687;21074;1615;10492;22096;0;79;54446015;51757951;36347928;965544;53526471;39676815;1230872;0;2139
FR;0;2022-04-26;1627;3008;13671;38665;1967;13114;39462;0;181;54447642;51760959;36361599;1004209;53528438;39689929;1270334;0;2320
FR;0;2022-04-27;1965;3068;11539;31087;2283;11596;31505;0;131;54449607;51764027;36373138;1035296;53530721;39701525;1301839;0;2451
FR;0;2022-04-28;1571;2778;12530;36265;1859;12271;36582;0;139;54451178;51766805;36385668;1071561;53532580;39713796;1338421;0;2590
FR;0;2022-04-29;2011;4834;15560;37281;3639;14937;38751;0;164;54453189;51771639;36401228;1108842;53536219;39728733;1377172;0;2754
FR;0;2022-04-30;1225;4703;6929;9717;4197;6758;10608;0;44;54454414;51776342;36408157;1118559;53540416;39735491;1387780;0;2798
FR;0;2022-05-01;220;325;916;1000;229;911;1141;0;6;54454634;51776667;36409073;1119559;53540645;39736402;1388921;0;2804
FR;0;2022-05-02;2365;2960;11160;18182;2056;10994;19026;0;69;54456999;51779627;36420233;1137741;53542701;39747396;1407947;0;2873
FR;0;2022-05-03;2065;3268;13726;34703;2128;13567;35624;0;163;54459064;51782895;36433959;1172444;53544829;39760963;1443571;0;3036
FR;0;2022-05-04;1924;3304;12187;25651;2304;12305;26202;0;110;54460988;51786199;36446146;1198095;53547133;39773268;1469773;0;3146
FR;0;2022-05-05;1796;3040;13070;33602;2018;12916;34270;0;180;54462784;51789239;36459216;1231697;53549151;39786184;1504043;0;3326
FR;0;2022-05-06;2218;3666;15356;36808;2325;14866;38270;0;182;54465002;51792905;36474572;1268505;53551476;39801050;1542313;0;3508
FR;0;2022-05-07;1210;1783;6464;9614;1255;6456;10339;0;48;54466212;51794688;36481036;1278119;53552731;39807506;1552652;0;3556
FR;0;2022-05-08;267;400;1175;1548;288;1236;1654;0;8;54466479;51795088;36482211;1279667;53553019;39808742;1554306;0;3564
FR;0;2022-05-09;1403;2307;9928;20259;1414;9799;21175;0;102;54467882;51797395;36492139;1299926;53554433;39818541;1575481;0;3666
FR;0;2022-05-10;1802;3432;13572;38999;2296;13128;40026;0;200;54469684;51800827;36505711;1338925;53556729;39831669;1615507;0;3866
FR;0;2022-05-11;2005;3022;10755;27942;2326;10701;28445;0;146;54471689;51803849;36516466;1366867;53559055;39842370;1643952;0;4012
FR;0;2022-05-12;1595;2745;11386;35758;1815;11055;36523;0;211;54473284;51806594;36527852;1402625;53560870;39853425;1680475;0;4223
FR;0;2022-05-13;1983;3224;13761;37981;2066;13350;39246;0;162;54475267;51809818;36541613;1440606;53562936;39866775;1719721;0;4385
FR;0;2022-05-14;1150;1647;5938;10778;1205;5801;11366;0;57;54476417;51811465;36547551;1451384;53564141;39872576;1731087;0;4442
FR;0;2022-05-15;283;479;1278;1440;302;1361;1593;0;6;54476700;51811944;36548829;1452824;53564443;39873937;1732680;0;4448
FR;0;2022-05-16;1196;2047;8694;21070;1248;8700;21597;0;128;54477896;51813991;36557523;1473894;53565691;39882637;1754277;0;4576
FR;0;2022-05-17;1592;2605;11828;37881;1671;11404;38723;0;180;54479488;51816596;36569351;1511775;53567362;39894041;1793000;0;4756
FR;0;2022-05-18;1816;2655;9693;27166;1957;9667;27784;0;109;54481304;51819251;36579044;1538941;53569319;39903708;1820784;0;4865
FR;0;2022-05-19;1451;2660;10581;35846;1636;10721;36037;0;162;54482755;51821911;36589625;1574787;53570955;39914429;1856821;0;5027
FR;0;2022-05-20;1876;3118;13426;39369;2080;12913;40389;0;168;54484631;51825029;36603051;1614156;53573035;39927342;1897210;0;5195
FR;0;2022-05-21;1159;1718;5662;9897;1314;5533;10534;0;45;54485790;51826747;36608713;1624053;53574349;39932875;1907744;0;5240
FR;0;2022-05-22;241;341;1031;1440;263;1017;1584;0;10;54486031;51827088;36609744;1625493;53574612;39933892;1909328;0;5250
FR;0;2022-05-23;1176;2127;8878;20375;1411;8828;21030;0;86;54487207;51829215;36618622;1645868;53576023;39942720;1930358;0;5336
FR;0;2022-05-24;1542;2759;11367;38882;1736;11239;39511;0;190;54488749;51831974;36629989;1684750;53577759;39953959;1969869;0;5526
FR;0;2022-05-25;1814;2837;9343;24847;2075;9481;25323;0;116;54490563;51834811;36639332;1709597;53579834;39963440;1995192;0;5642
FR;0;2022-05-26;216;430;1666;1201;293;1677;1344;0;26;54490779;51835241;36640998;1710798;53580127;39965117;1996536;0;5668
FR;0;2022-05-27;1390;2477;9266;21291;1670;9006;22325;0;94;54492169;51837718;36650264;1732089;53581797;39974123;2018861;0;5762
FR;0;2022-05-28;669;1272;3919;6795;852;3968;7204;0;38;54492838;51838990;36654183;1738884;53582649;39978091;2026065;0;5800
FR;0;2022-05-29;157;315;753;921;200;774;1033;0;4;54492995;51839305;36654936;1739805;53582849;39978865;2027098;0;5804
FR;0;2022-05-30;1026;1968;6995;19297;1248;7013;19809;0;91;54494021;51841273;36661931;1759102;53584097;39985878;2046907;0;5895
FR;0;2022-05-31;1488;2522;9823;35664;1649;9645;36295;0;171;54495509;51843795;36671754;1794766;53585746;39995523;2083202;0;6066
FR;0;2022-06-01;1752;3106;11029;24538;2252;10896;25491;0;122;54497261;51846901;36682783;1819304;53587998;40006419;2108693;0;6188
FR;0;2022-06-02;1480;2615;11310;35571;1716;10866;36516;0;174;54498741;51849516;36694093;1854875;53589714;40017285;2145209;0;6362
FR;0;2022-06-03;1728;3085;13424;38730;2054;12789;40000;0;176;54500469;51852601;36707517;1893605;53591768;40030074;2185209;0;6538
FR;0;2022-06-04;975;1516;5046;9113;1076;5117;9649;0;73;54501444;51854117;36712563;1902718;53592844;40035191;2194858;0;6611
FR;0;2022-06-05;181;335;876;1108;206;887;1230;0;4;54501625;51854452;36713439;1903826;53593050;40036078;2196088;0;6615
FR;0;2022-06-06;886;1255;2124;1329;1079;2141;1510;0;13;54502511;51855707;36715563;1905155;53594129;40038219;2197598;0;6628
FR;0;2022-06-07;1499;2713;9856;35598;1794;9434;36825;0;153;54504010;51858420;36725419;1940753;53595923;40047653;2234423;0;6781
FR;0;2022-06-08;1585;2698;9178;28790;1941;9021;29756;0;112;54505595;51861118;36734597;1969543;53597864;40056674;2264179;0;6893
FR;0;2022-06-09;1297;2442;10621;39504;1555;10266;40279;0;167;54506892;51863560;36745218;2009047;53599419;40066940;2304458;0;7060
FR;0;2022-06-10;1630;3194;13104;44828;2160;12666;46153;0;223;54508522;51866754;36758322;2053875;53601579;40079606;2350611;0;7283
FR;0;2022-06-11;962;1739;5432;11627;1125;5465;12212;0;55;54509484;51868493;36763754;2065502;53602704;40085071;2362823;0;7338
FR;0;2022-06-12;202;446;1079;1765;255;1143;1866;0;11;54509686;51868939;36764833;2067267;53602959;40086214;2364689;0;7349
FR;0;2022-06-13;1127;2069;7439;23183;1343;7269;24099;0;90;54510813;51871008;36772272;2090450;53604302;40093483;2388788;0;7439
FR;0;2022-06-14;1346;2550;10448;44948;1598;9806;46144;0;200;54512159;51873558;36782720;2135398;53605900;40103289;2434932;0;7639
FR;0;2022-06-15;1528;2465;9326;30907;1934;8965;31597;0;179;54513687;51876023;36792046;2166305;53607834;40112254;2466529;0;7818
FR;0;2022-06-16;1188;2041;9917;39932;1276;9326;40953;0;201;54514875;51878064;36801963;2206237;53609110;40121580;2507482;0;8019
FR;0;2022-06-17;1494;2859;12513;46699;1788;11920;47935;0;240;54516369;51880923;36814476;2252936;53610898;40133500;2555417;0;8259
FR;0;2022-06-18;857;1527;4566;11125;1038;4501;11719;0;67;54517226;51882450;36819042;2264061;53611936;40138001;2567136;0;8326
FR;0;2022-06-19;183;363;1059;1615;208;1131;1701;0;14;54517409;51882813;36820101;2265676;53612144;40139132;2568837;0;8340
FR;0;2022-06-20;1027;1928;8908;26079;1204;8569;27020;0;156;54518436;51884741;36829009;2291755;53613348;40147701;2595857;0;8496
FR;0;2022-06-21;1328;2404;10310;49898;1539;9339;51283;0;264;54519764;51887145;36839319;2341653;53614887;40157040;2647140;0;8760
FR;0;2022-06-22;1398;2519;8920;39065;1808;8430;40007;0;256;54521162;51889664;36848239;2380718;53616695;40165470;2687147;0;9016
FR;0;2022-06-23;1229;2370;10680;55113;1365;9886;56245;0;320;54522391;51892034;36858919;2435831;53618060;40175356;2743392;0;9336
FR;0;2022-06-24;1493;2996;13647;69187;1751;12308;71006;0;405;54523884;51895030;36872566;2505018;53619811;40187664;2814398;0;9741
FR;0;2022-06-25;939;1781;6236;19922;1112;5989;20777;0;177;54524823;51896811;36878802;2524940;53620923;40193653;2835175;0;9918
FR;0;2022-06-26;229;459;1953;3688;259;1818;3966;0;39;54525052;51897270;36880755;2528628;53621182;40195471;2839141;0;9957
FR;0;2022-06-27;1134;2026;10493;48488;1179;9636;49756;0;339;54526186;51899296;36891248;2577116;53622361;40205107;2888897;0;10296
FR;0;2022-06-28;1464;2816;14673;91410;1585;13090;93181;0;623;54527650;51902112;36905921;2668526;53623946;40218197;2982078;0;10919
FR;0;2022-06-29;1712;2835;12294;71899;1848;11242;73040;0;548;54529362;51904947;36918215;2740425;53625794;40229439;3055118;0;11467
FR;0;2022-06-30;1538;2737;14395;95167;1661;12476;97185;0;724;54530900;51907684;36932610;2835592;53627455;40241915;3152303;0;12191
FR;0;2022-07-01;2016;3806;21508;115937;2309;18859;118587;0;954;54532916;51911490;36954118;2951529;53629764;40260774;3270890;0;13145
FR;0;2022-07-02;1088;1859;8529;35755;1108;7705;36876;0;342;54534004;51913349;36962647;2987284;53630872;40268479;3307766;0;13487
FR;0;2022-07-03;294;539;2095;6455;319;1898;6804;0;79;54534298;51913888;36964742;2993739;53631191;40270377;3314570;0;13566
FR;0;2022-07-04;1968;3472;14716;79233;2338;12995;81305;0;639;54536266;51917360;36979458;3072972;53633529;40283372;3395875;0;14205
FR;0;2022-07-05;1799;3172;18842;133264;1804;16024;135556;0;1146;54538065;51920532;36998300;3206236;53635333;40299396;3531431;0;15351
FR;0;2022-07-06;1848;2790;15856;99602;1851;13649;101170;0;900;54539913;51923322;37014156;3305838;53637184;40313045;3632601;0;16251
FR;0;2022-07-07;1714;2872;18010;126041;1712;14790;128368;0;1179;54541627;51926194;37032166;3431879;53638896;40327835;3760969;0;17430
FR;0;2022-07-08;1894;3153;20756;137092;1857;16769;140084;0;1347;54543521;51929347;37052922;3568971;53640753;40344604;3901053;0;18777
FR;0;2022-07-09;868;1464;7746;37928;883;6693;38769;0;426;54544389;51930811;37060668;3606899;53641636;40351297;3939822;0;19203
FR;0;2022-07-10;272;687;2346;7004;441;2125;7395;0;94;54544661;51931498;37063014;3613903;53642077;40353422;3947217;0;19297
FR;0;2022-07-11;1458;2482;15020;88287;1404;12514;90474;0;801;54546119;51933980;37078034;3702190;53643481;40365936;4037691;0;20098
FR;0;2022-07-12;1844;3121;20537;143973;1717;16733;146678;0;1604;54547963;51937101;37098571;3846163;53645198;40382669;4184369;0;21702
FR;0;2022-07-13;1782;2755;15697;94543;1665;13278;96402;0;1080;54549745;51939856;37114268;3940706;53646863;40395947;4280771;0;22782
FR;0;2022-07-14;186;370;1955;5540;220;1834;5707;0;82;54549931;51940226;37116223;3946246;53647083;40397781;4286478;0;22864
FR;0;2022-07-15;1486;2575;15117;84465;1441;12600;86624;0;1035;54551417;51942801;37131340;4030711;53648524;40410381;4373102;0;23899
FR;0;2022-07-16;627;1193;5950;24982;699;5156;25674;0;327;54552044;51943994;37137290;4055693;53649223;40415537;4398776;0;24226
FR;0;2022-07-17;182;395;1738;4666;218;1570;4938;0;66;54552226;51944389;37139028;4060359;53649441;40417107;4403714;0;24292
FR;0;2022-07-18;1132;2252;11828;61810;1342;9978;63673;0;780;54553358;51946641;37150856;4122169;53650783;40427085;4467387;0;25072
FR;0;2022-07-19;1423;2355;15475;103709;1396;12296;105898;0;1459;54554781;51948996;37166331;4225878;53652179;40439381;4573285;0;26531
FR;0;2022-07-20;1428;2302;12966;77586;1470;10740;79173;0;1051;54556209;51951298;37179297;4303464;53653649;40450121;4652458;0;27582
FR;0;2022-07-21;1288;2172;13098;88244;1372;10500;89729;0;1316;54557497;51953470;37192395;4391708;53655021;40460621;4742187;0;28898
FR;0;2022-07-22;1432;2490;14832;89552;1468;11973;91418;0;1347;54558929;51955960;37207227;4481260;53656489;40472594;4833605;0;30245
FR;0;2022-07-23;684;1310;5536;22482;821;4858;23081;0;411;54559613;51957270;37212763;4503742;53657310;40477452;4856686;0;30656
FR;0;2022-07-24;186;353;1400;3905;204;1242;4132;0;72;54559799;51957623;37214163;4507647;53657514;40478694;4860818;0;30728
FR;0;2022-07-25;1060;1797;9493;48081;1149;7845;49518;0;737;54560859;51959420;37223656;4555728;53658663;40486539;4910336;0;31465
FR;0;2022-07-26;1300;2213;13306;85438;1321;10828;87135;0;1311;54562159;51961633;37236962;4641166;53659984;40497367;4997471;0;32776
FR;0;2022-07-27;1226;2008;10236;61318;1341;8530;62522;0;971;54563385;51963641;37247198;4702484;53661325;40505897;5059993;0;33747
FR;0;2022-07-28;1093;1864;10313;64413;1261;8224;65643;0;1046;54564478;51965505;37257511;4766897;53662586;40514121;5125636;0;34793
FR;0;2022-07-29;1282;2078;11011;65898;1387;8765;67328;0;1140;54565760;51967583;37268522;4832795;53663973;40522886;5192964;0;35933
FR;0;2022-07-30;503;867;3523;15283;604;2974;15666;0;303;54566263;51968450;37272045;4848078;53664577;40525860;5208630;0;36236
FR;0;2022-07-31;154;289;929;2439;185;788;2588;0;49;54566417;51968739;37272974;4850517;53664762;40526648;5211218;0;36285
FR;0;2022-08-01;1001;1669;7601;30240;1261;6400;31314;0;549;54567418;51970408;37280575;4880757;53666023;40533048;5242532;0;36834
FR;0;2022-08-02;1055;1651;8581;56131;1156;6895;56808;0;1170;54568473;51972059;37289156;4936888;53667179;40539943;5299340;0;38004
FR;0;2022-08-03;852;1266;6430;38681;903;5150;39419;0;702;54569325;51973325;37295586;4975569;53668082;40545093;5338759;0;38706
FR;0;2022-08-04;741;1187;6575;43161;783;5307;43726;0;917;54570066;51974512;37302161;5018730;53668865;40550400;5382485;0;39623
FR;0;2022-08-05;859;1364;7099;44975;972;5681;45630;0;993;54570925;51975876;37309260;5063705;53669837;40556081;5428115;0;40616
FR;0;2022-08-06;341;559;2101;9368;400;1759;9568;0;228;54571266;51976435;37311361;5073073;53670237;40557840;5437683;0;40844
FR;0;2022-08-07;104;160;536;1626;117;453;1702;0;38;54571370;51976595;37311897;5074699;53670354;40558293;5439385;0;40882
FR;0;2022-08-08;652;1165;4030;22109;921;3293;22544;0;490;54572022;51977760;37315927;5096808;53671275;40561586;5461929;0;41372
FR;0;2022-08-09;748;1167;5973;39963;854;4804;40446;0;844;54572770;51978927;37321900;5136771;53672129;40566390;5502375;0;42216
FR;0;2022-08-10;670;1291;4656;28058;1006;3797;28392;0;652;54573440;51980218;37326556;5164829;53673135;40570187;5530767;0;42868
FR;0;2022-08-11;640;1030;4493;29251;742;3713;29587;0;676;54574080;51981248;37331049;5194080;53673877;40573900;5560354;0;43544
FR;0;2022-08-12;849;1164;4748;28219;850;3919;28656;0;704;54574929;51982412;37335797;5222299;53674727;40577819;5589010;0;44248
FR;0;2022-08-13;356;428;1295;5260;325;1120;5419;0;121;54575285;51982840;37337092;5227559;53675052;40578939;5594429;0;44369
FR;0;2022-08-14;74;121;289;923;104;247;995;0;25;54575359;51982961;37337381;5228482;53675156;40579186;5595424;0;44394
FR;0;2022-08-15;117;232;610;564;198;558;618;0;19;54575476;51983193;37337991;5229046;53675354;40579744;5596042;0;44413
FR;0;2022-08-16;645;1078;3961;22178;840;3355;22371;0;615;54576121;51984271;37341952;5251224;53676194;40583099;5618413;0;45028
FR;0;2022-08-17;653;1041;3890;22901;816;3294;23142;0;620;54576774;51985312;37345842;5274125;53677010;40586393;5641555;0;45648
FR;0;2022-08-18;637;1002;4124;26308;806;3262;26541;0;673;54577411;51986314;37349966;5300433;53677816;40589655;5668096;0;46321
FR;0;2022-08-19;606;1167;4493;27259;875;3694;27565;0;766;54578017;51987481;37354459;5327692;53678691;40593349;5695661;0;47087
FR;0;2022-08-20;311;504;1356;5569;402;1171;5728;0;146;54578328;51987985;37355815;5333261;53679093;40594520;5701389;0;47233
FR;0;2022-08-21;97;135;305;1009;96;267;1044;0;27;54578425;51988120;37356120;5334270;53679189;40594787;5702433;0;47260
FR;0;2022-08-22;584;1002;3273;15358;781;2797;15688;0;425;54579009;51989122;37359393;5349628;53679970;40597584;5718121;0;47685
FR;0;2022-08-23;731;1180;4299;29002;853;3610;29091;0;870;54579740;51990302;37363692;5378630;53680823;40601194;5747212;0;48555
FR;0;2022-08-24;669;940;3498;19539;786;2860;19729;0;608;54580409;51991242;37367190;5398169;53681609;40604054;5766941;0;49163
FR;0;2022-08-25;626;1025;3947;23402;731;3295;23666;0;673;54581035;51992267;37371137;5421571;53682340;40607349;5790607;0;49836
FR;0;2022-08-26;862;1266;4478;25884;961;3671;26257;0;777;54581897;51993533;37375615;5447455;53683301;40611020;5816864;0;50613
FR;0;2022-08-27;297;500;1379;5469;362;1244;5533;0;194;54582194;51994033;37376994;5452924;53683663;40612264;5822397;0;50807
FR;0;2022-08-28;125;163;303;920;117;288;965;0;38;54582319;51994196;37377297;5453844;53683780;40612552;5823362;0;50845
FR;0;2022-08-29;622;970;3076;14670;770;2614;14976;0;433;54582941;51995166;37380373;5468514;53684550;40615166;5838338;0;51278
FR;0;2022-08-30;854;1224;4796;28551;900;3914;28881;0;823;54583795;51996390;37385169;5497065;53685450;40619080;5867219;0;52101
FR;0;2022-08-31;697;958;3207;17645;745;2718;17909;0;508;54584492;51997348;37388376;5514710;53686195;40621798;5885128;0;52609
FR;0;2022-09-01;757;997;4480;22500;709;3827;22766;0;623;54585249;51998345;37392856;5537210;53686904;40625625;5907894;0;53232
FR;0;2022-09-02;955;1159;5044;28613;847;4257;28907;0;914;54586204;51999504;37397900;5565823;53687751;40629882;5936801;0;54146
FR;0;2022-09-03;421;571;1919;6086;425;1666;6323;0;181;54586625;52000075;37399819;5571909;53688176;40631548;5943124;0;54327
FR;0;2022-09-04;134;150;351;876;85;347;945;0;24;54586759;52000225;37400170;5572785;53688261;40631895;5944069;0;54351
FR;0;2022-09-05;766;917;3178;16065;738;2658;16379;0;523;54587525;52001142;37403348;5588850;53688999;40634553;5960448;0;54874
FR;0;2022-09-06;918;1051;4740;31853;681;3873;32082;0;1040;54588443;52002193;37408088;5620703;53689680;40638426;5992530;0;55914
FR;0;2022-09-07;714;789;3000;16822;572;2481;16971;0;573;54589157;52002982;37411088;5637525;53690252;40640907;6009501;0;56487
FR;0;2022-09-08;632;862;3810;24866;597;3142;24957;0;818;54589789;52003844;37414898;5662391;53690849;40644049;6034458;0;57305
FR;0;2022-09-09;851;1022;4444;27660;664;3686;27836;0;951;54590640;52004866;37419342;5690051;53691513;40647735;6062294;0;58256
FR;0;2022-09-10;406;648;1739;5711;473;1539;5917;0;207;54591046;52005514;37421081;5695762;53691986;40649274;6068211;0;58463
FR;0;2022-09-11;124;131;324;657;93;307;716;0;17;54591170;52005645;37421405;5696419;53692079;40649581;6068927;0;58480
FR;0;2022-09-12;520;646;2690;13297;463;2295;13590;0;478;54591690;52006291;37424095;5709716;53692542;40651876;6082517;0;58958
FR;0;2022-09-13;679;873;3998;26521;562;3487;26398;0;875;54592369;52007164;37428093;5736237;53693104;40655363;6108915;0;59833
FR;0;2022-09-14;709;802;2968;16188;594;2485;16421;0;573;54593078;52007966;37431061;5752425;53693698;40657848;6125336;0;60406
FR;0;2022-09-15;578;848;3478;23586;600;2967;23655;0;728;54593656;52008814;37434539;5776011;53694298;40660815;6148991;0;61134
FR;0;2022-09-16;799;1050;4146;25919;734;3488;26139;0;932;54594455;52009864;37438685;5801930;53695032;40664303;6175130;0;62066
FR;0;2022-09-17;395;513;1454;6146;392;1284;6238;0;243;54594850;52010377;37440139;5808076;53695424;40665587;6181368;0;62309
FR;0;2022-09-18;117;144;323;962;123;291;1017;0;37;54594967;52010521;37440462;5809038;53695547;40665878;6182385;0;62346
FR;0;2022-09-19;482;648;2262;13219;451;1936;13402;0;436;54595449;52011169;37442724;5822257;53695998;40667814;6195787;0;62782
FR;0;2022-09-20;646;902;3790;26462;657;3157;26516;0;893;54596095;52012071;37446514;5848719;53696655;40670971;6222303;0;63675
FR;0;2022-09-21;591;775;2740;16258;579;2355;16249;0;586;54596686;52012846;37449254;5864977;53697234;40673326;6238552;0;64261
FR;0;2022-09-22;601;851;3425;23595;575;2798;23819;0;774;54597287;52013697;37452679;5888572;53697809;40676124;6262371;0;65035
FR;0;2022-09-23;838;1051;4495;28731;773;3764;28902;0;1020;54598125;52014748;37457174;5917303;53698582;40679888;6291273;0;66055
FR;0;2022-09-24;427;614;1648;6906;474;1421;7091;0;307;54598552;52015362;37458822;5924209;53699056;40681309;6298364;0;66362
FR;0;2022-09-25;99;194;336;1101;149;307;1143;0;37;54598651;52015556;37459158;5925310;53699205;40681616;6299507;0;66399
FR;0;2022-09-26;438;715;2299;13545;485;2019;13649;0;435;54599089;52016271;37461457;5938855;53699690;40683635;6313156;0;66834
FR;0;2022-09-27;614;844;3627;25944;614;2910;26099;0;959;54599703;52017115;37465084;5964799;53700304;40686545;6339255;0;67793
FR;0;2022-09-28;635;828;2557;15404;635;2305;15517;0;622;54600338;52017943;37467641;5980203;53700939;40688850;6354772;0;68415
FR;0;2022-09-29;566;768;3134;21052;546;2647;21081;43;810;54600904;52018711;37470775;6001255;53701485;40691497;6375853;43;69225
FR;0;2022-09-30;787;1125;3957;25563;845;3302;25831;715;1052;54601691;52019836;37474732;6026818;53702330;40694799;6401684;758;70277
FR;0;2022-10-01;431;680;2009;5975;528;1737;6212;396;318;54602122;52020516;37476741;6032793;53702858;40696536;6407896;1154;70595
FR;0;2022-10-02;63;136;218;639;97;215;665;66;42;54602185;52020652;37476959;6033432;53702955;40696751;6408561;1220;70637
FR;0;2022-10-03;609;946;2469;12053;779;2195;12231;2074;745;54602794;52021598;37479428;6045485;53703734;40698946;6420792;3294;71382
FR;0;2022-10-04;731;832;3394;23508;578;2785;23685;4704;1585;54603525;52022430;37482822;6068993;53704312;40701731;6444477;7998;72967
FR;0;2022-10-05;604;852;2448;14607;631;2163;14748;3656;1210;54604129;52023282;37485270;6083600;53704943;40703894;6459225;11654;74177
FR;0;2022-10-06;550;741;3090;21688;542;2522;21898;6668;1909;54604679;52024023;37488360;6105288;53705485;40706416;6481123;18322;76086
FR;0;2022-10-07;735;1013;4128;30309;740;3477;30398;16874;3204;54605414;52025036;37492488;6135597;53706225;40709893;6511521;35196;79290
FR;0;2022-10-08;355;521;1651;8432;383;1410;8601;6699;1170;54605769;52025557;37494139;6144029;53706608;40711303;6520122;41895;80460
FR;0;2022-10-09;109;141;337;1587;115;312;1650;1511;297;54605878;52025698;37494476;6145616;53706723;40711615;6521772;43406;80757
FR;0;2022-10-10;502;832;2932;20565;648;2523;20887;19597;3272;54606380;52026530;37497408;6166181;53707371;40714138;6542659;63003;84029
FR;0;2022-10-11;607;813;4269;40321;553;3572;40665;40162;6381;54606987;52027343;37501677;6206502;53707924;40717710;6583324;103165;90410
FR;0;2022-10-12;599;858;3268;26758;639;2776;27088;27304;4691;54607586;52028201;37504945;6233260;53708563;40720486;6610412;130469;95101
FR;0;2022-10-13;626;818;4017;38463;609;3138;38922;40607;6607;54608212;52029019;37508962;6271723;53709172;40723624;6649334;171076;101708
FR;0;2022-10-14;761;1072;4871;47668;783;3955;48143;51134;7863;54608973;52030091;37513833;6319391;53709955;40727579;6697477;222210;109571
FR;0;2022-10-15;368;586;1867;11851;425;1629;11965;13091;2274;54609341;52030677;37515700;6331242;53710380;40729208;6709442;235301;111845
FR;0;2022-10-16;92;135;372;1967;85;356;2012;2347;479;54609433;52030812;37516072;6333209;53710465;40729564;6711454;237648;112324
FR;0;2022-10-17;440;711;3044;26466;496;2487;26838;30794;5410;54609873;52031523;37519116;6359675;53710961;40732051;6738292;268442;117734
FR;0;2022-10-18;608;736;4706;46102;535;3762;46667;55450;11701;54610481;52032259;37523822;6405777;53711496;40735813;6784959;323892;129435
FR;0;2022-10-19;566;820;3644;34375;625;3074;34745;42463;9252;54611047;52033079;37527466;6440152;53712121;40738887;6819704;366355;138687
FR;0;2022-10-20;616;805;4843;49465;593;3730;50122;60533;12936;54611663;52033884;37532309;6489617;53712714;40742617;6869826;426888;151623
FR;0;2022-10-21;691;995;5710;57042;710;4519;57712;70965;14299;54612354;52034879;37538019;6546659;53713424;40747136;6927538;497853;165922
FR;0;2022-10-22;335;413;1654;12949;333;1320;13106;15938;3386;54612689;52035292;37539673;6559608;53713757;40748456;6940644;513791;169308
FR;0;2022-10-23;98;107;350;2064;102;266;2166;2758;631;54612787;52035399;37540023;6561672;53713859;40748722;6942810;516549;169939
FR;0;2022-10-24;552;597;3137;27134;422;2687;27562;35493;7809;54613339;52035996;37543160;6588806;53714281;40751409;6970372;552042;177748
FR;0;2022-10-25;597;726;4872;49115;535;3805;49789;65252;15449;54613936;52036722;37548032;6637921;53714816;40755214;7020161;617294;193197
FR;0;2022-10-26;534;645;3475;32622;484;2901;32928;43999;11023;54614470;52037367;37551507;6670543;53715300;40758115;7053089;661293;204220
FR;0;2022-10-27;592;698;4080;40795;499;3347;41272;54475;13137;54615062;52038065;37555587;6711338;53715799;40761462;7094361;715768;217357
FR;0;2022-10-28;704;869;4610;44189;632;3505;45008;58278;13188;54615766;52038934;37560197;6755527;53716431;40764967;7139369;774046;230545
FR;0;2022-10-29;260;363;1328;9498;261;1082;9632;12523;3012;54616026;52039297;37561525;6765025;53716692;40766049;7149001;786569;233557
FR;0;2022-10-30;87;120;287;1598;96;249;1646;2145;540;54616113;52039417;37561812;6766623;53716788;40766298;7150647;788714;234097
FR;0;2022-10-31;381;489;2075;16062;358;1626;16427;22205;5503;54616494;52039906;37563887;6782685;53717146;40767924;7167074;810919;239600
FR;0;2022-11-01;127;193;928;1123;151;961;1166;1697;504;54616621;52040099;37564815;6783808;53717297;40768885;7168240;812616;240104
FR;0;2022-11-02;519;676;3038;25403;505;2584;25879;36643;10134;54617140;52040775;37567853;6809211;53717802;40771469;7194119;849259;250238
FR;0;2022-11-03;646;703;4114;40064;536;3118;40796;57039;15379;54617786;52041478;37571967;6849275;53718338;40774587;7234915;906298;265617
FR;0;2022-11-04;659;831;4426;43659;578;3518;44279;60535;15248;54618445;52042309;37576393;6892934;53718916;40778105;7279194;966833;280865
FR;0;2022-11-05;255;376;1450;9717;299;1166;9926;13464;3294;54618700;52042685;37577843;6902651;53719215;40779271;7289120;980297;284159
FR;0;2022-11-06;94;119;263;1603;102;246;1632;2338;653;54618794;52042804;37578106;6904254;53719317;40779517;7290752;982635;284812
FR;0;2022-11-07;532;604;2763;26769;518;2249;27401;39119;11006;54619326;52043408;37580869;6931023;53719835;40781766;7318153;1021754;295818
FR;0;2022-11-08;666;818;5004;52000;605;3840;53004;74288;20078;54619992;52044226;37585873;6983023;53720440;40785606;7371157;1096042;315896
FR;0;2022-11-09;531;698;3363;31610;522;2691;32386;46363;13233;54620523;52044924;37589236;7014633;53720962;40788297;7403543;1142405;329129
FR;0;2022-11-10;628;976;4578;43680;727;3628;44581;62858;17354;54621151;52045900;37593814;7058313;53721689;40791925;7448124;1205263;346483
FR;0;2022-11-11;82;120;370;1665;88;313;1728;2800;1012;54621233;52046020;37594184;7059978;53721777;40792238;7449852;1208063;347495
FR;0;2022-11-12;212;350;1195;7102;259;978;7337;10289;2765;54621445;52046370;37595379;7067080;53722036;40793216;7457189;1218352;350260
FR;0;2022-11-13;71;115;249;1208;94;213;1262;1978;628;54621516;52046485;37595628;7068288;53722130;40793429;7458451;1220330;350888
FR;0;2022-11-14;447;531;2589;23994;378;2066;24628;36204;10889;54621963;52047016;37598217;7092282;53722508;40795495;7483079;1256534;361777
FR;0;2022-11-15;617;889;4330;45056;714;3373;46004;66920;19627;54622580;52047905;37602547;7137338;53723222;40798868;7529083;1323454;381404
FR;0;2022-11-16;564;680;3072;28596;551;2579;29132;43260;13315;54623144;52048585;37605619;7165934;53723773;40801447;7558215;1366714;394719
FR;0;2022-11-17;571;689;3826;39253;536;2986;39858;58358;17409;54623715;52049274;37609445;7205187;53724309;40804433;7598073;1425072;412128
FR;0;2022-11-18;626;786;4607;45145;601;3457;46051;65714;18349;54624341;52050060;37614052;7250332;53724910;40807890;7644124;1490786;430477
FR;0;2022-11-19;270;345;1502;9806;278;1098;10001;14323;4009;54624611;52050405;37615554;7260138;53725188;40808988;7654125;1505109;434486
FR;0;2022-11-20;79;189;304;1698;171;261;1772;2717;859;54624690;52050594;37615858;7261836;53725359;40809249;7655897;1507826;435345
FR;0;2022-11-21;437;515;2425;21448;353;1956;22018;33133;10348;54625127;52051109;37618283;7283284;53725712;40811205;7677915;1540959;445693
FR;0;2022-11-22;541;609;4035;39833;437;3169;40409;59781;18252;54625668;52051718;37622318;7323117;53726149;40814374;7718324;1600740;463945
FR;0;2022-11-23;476;568;2759;26028;415;2325;26519;40397;12888;54626144;52052286;37625077;7349145;53726564;40816699;7744843;1641137;476833
FR;0;2022-11-24;514;608;3768;37168;432;2964;37879;56833;17944;54626658;52052894;37628845;7386313;53726996;40819663;7782722;1697970;494777
FR;0;2022-11-25;579;733;4190;40153;587;3151;40996;59634;17476;54627237;52053627;37633035;7426466;53727583;40822814;7823718;1757604;512253
FR;0;2022-11-26;301;339;1335;9371;263;1064;9512;13999;3971;54627538;52053966;37634370;7435837;53727846;40823878;7833230;1771603;516224
FR;0;2022-11-27;74;88;268;1661;70;228;1689;2554;805;54627612;52054054;37634638;7437498;53727916;40824106;7834919;1774157;517029
FR;0;2022-11-28;420;482;2638;24800;363;1982;25539;38464;12200;54628032;52054536;37637276;7462298;53728279;40826088;7860458;1812621;529229
FR;0;2022-11-29;499;611;4401;46526;381;3291;47254;71104;22321;54628531;52055147;37641677;7508824;53728660;40829379;7907712;1883725;551550
FR;0;2022-11-30;508;702;3741;36929;503;2899;37735;56331;17232;54629039;52055849;37645418;7545753;53729163;40832278;7945447;1940056;568782
FR;0;2022-12-01;536;684;5321;51889;463;3913;52697;79676;25239;54629575;52056533;37650739;7597642;53729626;40836191;7998144;2019732;594021
FR;0;2022-12-02;646;750;6173;61545;534;4383;62776;92449;27456;54630221;52057283;37656912;7659187;53730160;40840574;8060920;2112181;621477
FR;0;2022-12-03;305;348;2287;18051;226;1629;18480;26729;7618;54630526;52057631;37659199;7677238;53730386;40842203;8079400;2138910;629095
FR;0;2022-12-04;97;124;524;4305;91;434;4356;6441;1856;54630623;52057755;37659723;7681543;53730477;40842637;8083756;2145351;630951
FR;0;2022-12-05;478;610;4314;44705;447;2924;45673;69051;21913;54631101;52058365;37664037;7726248;53730924;40845561;8129429;2214402;652864
FR;0;2022-12-06;634;767;6854;78300;506;4657;79821;121756;39600;54631735;52059132;37670891;7804548;53731430;40850218;8209250;2336158;692464
FR;0;2022-12-07;559;653;5366;58163;487;3613;59310;90524;29574;54632294;52059785;37676257;7862711;53731917;40853831;8268560;2426682;722038
FR;0;2022-12-08;611;723;6990;79674;463;4593;81369;124178;40871;54632905;52060508;37683247;7942385;53732380;40858424;8349929;2550860;762909
FR;0;2022-12-09;784;844;8683;95684;556;5736;97577;147344;46802;54633689;52061352;37691930;8038069;53732936;40864160;8447506;2698204;809711
FR;0;2022-12-10;409;523;3827;33958;367;2481;34855;50557;14712;54634098;52061875;37695757;8072027;53733303;40866641;8482361;2748761;824423
FR;0;2022-12-11;132;141;993;8362;101;687;8567;12255;3276;54634230;52062016;37696750;8080389;53733404;40867328;8490928;2761016;827699
FR;0;2022-12-12;521;594;6382;67481;385;4135;69076;106289;34846;54634751;52062610;37703132;8147870;53733789;40871463;8560004;2867305;862545
FR;0;2022-12-13;709;791;9052;103608;499;5637;106200;164931;55105;54635460;52063401;37712184;8251478;53734288;40877100;8666204;3032236;917650
FR;0;2022-12-14;593;724;6826;73345;487;4556;75026;117001;38770;54636053;52064125;37719010;8324823;53734775;40881656;8741230;3149237;956420
FR;0;2022-12-15;661;888;8901;95931;577;5726;98246;153331;51776;54636714;52065013;37727911;8420754;53735352;40887382;8839476;3302568;1008196
FR;0;2022-12-16;825;979;9782;104823;653;6462;107066;166531;55329;54637539;52065992;37737693;8525577;53736005;40893844;8946542;3469099;1063525
FR;0;2022-12-17;345;429;3504;31802;293;2296;32594;48444;14449;54637884;52066421;37741197;8557379;53736298;40896140;8979136;3517543;1077974
FR;0;2022-12-18;93;127;789;6334;81;542;6484;9629;2752;54637977;52066548;37741986;8563713;53736379;40896682;8985620;3527172;1080726
FR;0;2022-12-19;592;618;5756;56219;434;3683;57851;90266;30088;54638569;52067166;37747742;8619932;53736813;40900365;9043471;3617438;1110814
FR;0;2022-12-20;744;793;7953;79862;529;5247;82008;130830;45058;54639313;52067959;37755695;8699794;53737342;40905612;9125479;3748268;1155872
FR;0;2022-12-21;601;629;5337;50981;441;3589;52332;84193;29342;54639914;52068588;37761032;8750775;53737783;40909201;9177811;3832461;1185214
FR;0;2022-12-22;647;668;4916;46291;466;3437;47527;76913;26914;54640561;52069256;37765948;8797066;53738249;40912638;9225338;3909374;1212128
FR;0;2022-12-23;478;587;3449;26235;424;2632;26896;43415;14908;54641039;52069843;37769397;8823301;53738673;40915270;9252234;3952789;1227036
FR;0;2022-12-24;105;108;446;2708;80;337;2832;4289;1231;54641144;52069951;37769843;8826009;53738753;40915607;9255066;3957078;1228267
FR;0;2022-12-25;34;43;134;566;34;106;592;926;273;54641178;52069994;37769977;8826575;53738787;40915713;9255658;3958004;1228540
FR;0;2022-12-26;369;393;2500;16945;293;1829;17576;27639;8843;54641547;52070387;37772477;8843520;53739080;40917542;9273234;3985643;1237383
FR;0;2022-12-27;540;662;4219;33737;447;2955;34887;56743;19749;54642087;52071049;37776696;8877257;53739527;40920497;9308121;4042386;1257132
FR;0;2022-12-28;479;518;3241;25721;352;2317;26342;42948;14844;54642566;52071567;37779937;8902978;53739879;40922814;9334463;4085334;1271976
FR;0;2022-12-29;431;544;3424;26589;356;2408;27596;45108;15660;54642997;52072111;37783361;8929567;53740235;40925222;9362059;4130442;1287636
FR;0;2022-12-30;463;506;2632;19576;364;1868;20248;32640;11002;54643460;52072617;37785993;8949143;53740599;40927090;9382307;4163082;1298638
FR;0;2022-12-31;137;157;508;3189;121;413;3333;4945;1338;54643597;52072774;37786501;8952332;53740720;40927503;9385640;4168027;1299976
FR;0;2023-01-01;25;45;177;711;27;149;737;1026;246;54643622;52072819;37786678;8953043;53740747;40927652;9386377;4169053;1300222
FR;0;2023-01-02;659;584;3016;19046;410;2331;19526;33025;12101;54644281;52073403;37789694;8972089;53741157;40929983;9405903;4202078;1312323
FR;0;2023-01-03;670;688;4765;44191;467;3376;45136;82800;34831;54644951;52074091;37794459;9016280;53741624;40933359;9451039;4284878;1347154
FR;0;2023-01-04;541;605;3876;31104;414;2768;31918;59887;25826;54645492;52074696;37798335;9047384;53742038;40936127;9482957;4344765;1372980
FR;0;2023-01-05;668;763;4688;43313;563;3193;44246;84050;37175;54646160;52075459;37803023;9090697;53742601;40939320;9527203;4428815;1410155
FR;0;2023-01-06;748;860;5527;48576;581;3665;49637;92103;39513;54646908;52076319;37808550;9139273;53743182;40942985;9576840;4520918;1449668
FR;0;2023-01-07;349;412;1948;12935;301;1414;13256;23034;8767;54647257;52076731;37810498;9152208;53743483;40944399;9590096;4543952;1458435
FR;0;2023-01-08;104;144;496;2918;100;357;3015;5231;1992;54647361;52076875;37810994;9155126;53743583;40944756;9593111;4549183;1460427
FR;0;2023-01-09;582;635;2862;22346;458;2063;22931;45852;21214;54647943;52077510;37813856;9177472;53744041;40946819;9616042;4595035;1481641
FR;0;2023-01-10;618;793;4820;41577;552;3453;42407;87027;41788;54648561;52078303;37818676;9219049;53744593;40950272;9658449;4682062;1523429
FR;0;2023-01-11;504;601;3144;25101;439;2286;25635;52858;25235;54649065;52078904;37821820;9244150;53745032;40952558;9684084;4734920;1548664
FR;0;2023-01-12;604;693;3984;34349;471;2885;34973;72505;35102;54649669;52079597;37825804;9278499;53745503;40955443;9719057;4807425;1583766
FR;0;2023-01-13;769;810;4384;36237;564;3157;36885;74642;35216;54650438;52080407;37830188;9314736;53746067;40958600;9755942;4882067;1618982
FR;0;2023-01-14;354;346;1586;9308;237;1197;9500;17766;7419;54650792;52080753;37831774;9324044;53746304;40959797;9765442;4899833;1626401
FR;0;2023-01-15;100;135;378;1571;91;290;1682;3268;1415;54650892;52080888;37832152;9325615;53746395;40960087;9767124;4903101;1627816
FR;0;2023-01-16;425;480;2382;16347;333;1789;16609;35991;18102;54651317;52081368;37834534;9341962;53746728;40961876;9783733;4939092;1645918
FR;0;2023-01-17;504;594;3540;29063;409;2568;29626;65750;33910;54651821;52081962;37838074;9371025;53747137;40964444;9813359;5004842;1679828
FR;0;2023-01-18;471;561;2371;17447;408;1839;17760;39171;19886;54652292;52082523;37840445;9388472;53747545;40966283;9831119;5044013;1699714
FR;0;2023-01-19;506;521;2876;23071;355;2138;23420;52298;27012;54652798;52083044;37843321;9411543;53747900;40968421;9854539;5096311;1726726
FR;0;2023-01-20;636;704;3472;25811;503;2627;26296;57783;29429;54653434;52083748;37846793;9437354;53748403;40971048;9880835;5154094;1756155
FR;0;2023-01-21;261;306;1143;6423;221;881;6533;13246;6020;54653695;52084054;37847936;9443777;53748624;40971929;9887368;5167340;1762175
FR;0;2023-01-22;47;65;180;880;34;156;930;1922;874;54653742;52084119;37848116;9444657;53748658;40972085;9888298;5169262;1763049
FR;0;2023-01-23;322;414;1739;11042;272;1304;11267;27227;14820;54654064;52084533;37849855;9455699;53748930;40973389;9899565;5196489;1777869
FR;0;2023-01-24;478;532;2597;20734;376;1945;21054;51078;28342;54654542;52085065;37852452;9476433;53749306;40975334;9920619;5247567;1806211
FR;0;2023-01-25;408;554;1953;12616;398;1482;13046;30756;16453;54654950;52085619;37854405;9489049;53749704;40976816;9933665;5278323;1822664
FR;0;2023-01-26;435;529;2386;17189;383;1791;17498;42465;23403;54655385;52086148;37856791;9506238;53750087;40978607;9951163;5320788;1846067
FR;0;2023-01-27;527;899;2656;18538;724;2017;18786;45081;24580;54655912;52087047;37859447;9524776;53750811;40980624;9969949;5365869;1870647
FR;0;2023-01-28;237;291;866;4521;234;691;4640;9986;4751;54656149;52087338;37860313;9529297;53751045;40981315;9974589;5375855;1875398
FR;0;2023-01-29;42;72;124;466;55;102;504;1098;548;54656191;52087410;37860437;9529763;53751100;40981417;9975093;5376953;1875946
FR;0;2023-01-30;366;450;1343;8289;322;1111;8482;20945;11436;54656557;52087860;37861780;9538052;53751422;40982528;9983575;5397898;1887382
FR;0;2023-01-31;426;489;2049;14115;331;1533;14357;36872;21259;54656983;52088349;37863829;9552167;53751753;40984061;9997932;5434770;1908641
FR;0;2023-02-01;412;531;1726;8351;404;1472;8509;22205;12599;54657395;52088880;37865555;9560518;53752157;40985533;10006441;5456975;1921240
FR;0;2023-02-02;369;507;1730;11931;348;1436;12141;31698;18253;54657764;52089387;37867285;9572449;53752505;40986969;10018582;5488673;1939493
FR;0;2023-02-03;479;656;2064;12626;490;1646;12806;33763;19457;54658243;52090043;37869349;9585075;53752995;40988615;10031388;5522436;1958950
FR;0;2023-02-04;198;278;672;3136;239;565;3181;7454;3824;54658441;52090321;37870021;9588211;53753234;40989180;10034569;5529890;1962774
FR;0;2023-02-05;25;65;89;245;42;87;261;589;284;54658466;52090386;37870110;9588456;53753276;40989267;10034830;5530479;1963058
FR;0;2023-02-06;310;354;1101;5426;286;865;5610;15388;9055;54658776;52090740;37871211;9593882;53753562;40990132;10040440;5545867;1972113
FR;0;2023-02-07;350;498;1609;9745;367;1321;9896;28184;16900;54659126;52091238;37872820;9603627;53753929;40991453;10050336;5574051;1989013
FR;0;2023-02-08;301;393;1133;6066;312;919;6234;16994;9763;54659427;52091631;37873953;9609693;53754241;40992372;10056570;5591045;1998776
FR;0;2023-02-09;340;475;1307;7917;346;1114;8098;22847;13698;54659767;52092106;37875260;9617610;53754587;40993486;10064668;5613892;2012474
FR;0;2023-02-10;468;550;1519;8358;436;1278;8503;23764;13963;54660235;52092656;37876779;9625968;53755023;40994764;10073171;5637656;2026437
FR;0;2023-02-11;169;224;583;2149;181;512;2237;5435;2770;54660404;52092880;37877362;9628117;53755204;40995276;10075408;5643091;2029207
FR;0;2023-02-12;41;49;62;175;48;56;197;440;208;54660445;52092929;37877424;9628292;53755252;40995332;10075605;5643531;2029415
FR;0;2023-02-13;234;337;754;3355;263;686;3447;9619;5502;54660679;52093266;37878178;9631647;53755515;40996018;10079052;5653150;2034917
FR;0;2023-02-14;297;378;1184;5971;275;1006;6117;17551;10419;54660976;52093644;37879362;9637618;53755790;40997024;10085169;5670701;2045336
FR;0;2023-02-15;290;402;969;4077;297;845;4254;12218;7169;54661266;52094046;37880331;9641695;53756087;40997869;10089423;5682919;2052505
FR;0;2023-02-16;264;403;1162;5202;267;1015;5350;15057;8761;54661530;52094449;37881493;9646897;53756354;40998884;10094773;5697976;2061266
FR;0;2023-02-17;371;474;1317;5481;384;1156;5703;16396;9638;54661901;52094923;37882810;9652378;53756738;41000040;10100476;5714372;2070904
FR;0;2023-02-18;162;217;564;1627;172;493;1697;4062;2050;54662063;52095140;37883374;9654005;53756910;41000533;10102173;5718434;2072954
FR;0;2023-02-19;37;38;49;139;35;40;141;338;167;54662100;52095178;37883423;9654144;53756945;41000573;10102314;5718772;2073121
FR;0;2023-02-20;248;350;716;2857;263;674;2977;8529;4887;54662348;52095528;37884139;9657001;53757208;41001247;10105291;5727301;2078008
FR;0;2023-02-21;269;413;1071;4530;268;934;4740;13982;8261;54662617;52095941;37885210;9661531;53757476;41002181;10110031;5741283;2086269
FR;0;2023-02-22;244;373;739;2943;285;701;2982;9073;5313;54662861;52096314;37885949;9664474;53757761;41002882;10113013;5750356;2091582
FR;0;2023-02-23;226;362;934;3997;249;840;4181;12237;7148;54663087;52096676;37886883;9668471;53758010;41003722;10117194;5762593;2098730
FR;0;2023-02-24;291;471;1043;4409;349;914;4604;12995;7447;54663378;52097147;37887926;9672880;53758359;41004636;10121798;5775588;2106177
FR;0;2023-02-25;126;169;448;1192;148;364;1272;3185;1621;54663504;52097316;37888374;9674072;53758507;41005000;10123070;5778773;2107798
FR;0;2023-02-26;20;27;34;101;27;35;113;256;111;54663524;52097343;37888408;9674173;53758534;41005035;10123183;5779029;2107909
FR;0;2023-02-27;213;327;602;1995;254;584;2066;6559;3943;54663737;52097670;37889010;9676168;53758788;41005619;10125249;5785588;2111852
FR;0;2023-02-28;268;370;835;3583;252;806;3721;12164;7485;54664005;52098040;37889845;9679751;53759040;41006425;10128970;5797752;2119337
FR;0;2023-03-01;226;344;833;1996;283;761;2178;6605;3927;54664231;52098384;37890678;9681747;53759323;41007186;10131148;5804357;2123264
FR;0;2023-03-02;221;314;848;2986;227;728;3201;10079;6261;54664452;52098698;37891526;9684733;53759550;41007914;10134349;5814436;2129525
FR;0;2023-03-03;330;466;1031;3674;354;924;3811;11757;6940;54664782;52099164;37892557;9688407;53759904;41008838;10138160;5826193;2136465
FR;0;2023-03-04;131;218;408;1081;158;391;1096;2792;1372;54664913;52099382;37892965;9689488;53760062;41009229;10139256;5828985;2137837
FR;0;2023-03-05;23;26;28;52;23;31;53;200;113;54664936;52099408;37892993;9689540;53760085;41009260;10139309;5829185;2137950
FR;0;2023-03-06;224;267;539;1418;191;520;1495;4728;2724;54665160;52099675;37893532;9690958;53760276;41009780;10140804;5833913;2140674
FR;0;2023-03-07;189;316;656;2362;220;612;2453;7945;4882;54665349;52099991;37894188;9693320;53760496;41010392;10143257;5841858;2145556
FR;0;2023-03-08;161;283;524;1442;218;464;1551;5002;2920;54665510;52100274;37894712;9694762;53760714;41010856;10144808;5846860;2148476
FR;0;2023-03-09;168;280;631;2004;189;603;2072;7140;4405;54665678;52100554;37895343;9696766;53760903;41011459;10146880;5854000;2152881
FR;0;2023-03-10;321;454;884;2624;338;814;2755;8976;5365;54665999;52101008;37896227;9699390;53761241;41012273;10149635;5862976;2158246
FR;0;2023-03-11;126;175;351;801;133;311;852;2299;1179;54666125;52101183;37896578;9700191;53761374;41012584;10150487;5865275;2159425
FR;0;2023-03-12;10;25;30;62;24;30;63;177;87;54666135;52101208;37896608;9700253;53761398;41012614;10150550;5865452;2159512
FR;0;2023-03-13;142;219;470;1147;164;425;1206;3768;2134;54666277;52101427;37897078;9701400;53761562;41013039;10151756;5869220;2161646
FR;0;2023-03-14;196;279;646;1891;190;634;1970;6767;4112;54666473;52101706;37897724;9703291;53761752;41013673;10153726;5875987;2165758
FR;0;2023-03-15;159;251;508;1223;203;480;1302;4323;2541;54666632;52101957;37898232;9704514;53761955;41014153;10155028;5880310;2168299
FR;0;2023-03-16;174;268;626;1645;200;575;1754;5950;3578;54666806;52102225;37898858;9706159;53762155;41014728;10156782;5886260;2171877
FR;0;2023-03-17;280;356;795;2044;268;715;2187;7298;4366;54667086;52102581;37899653;9708203;53762423;41015443;10158969;5893558;2176243
FR;0;2023-03-18;123;163;452;606;114;440;678;2041;1043;54667209;52102744;37900105;9708809;53762537;41015883;10159647;5895599;2177286
FR;0;2023-03-19;20;18;25;53;19;13;59;125;54;54667229;52102762;37900130;9708862;53762556;41015896;10159706;5895724;2177340
FR;0;2023-03-20;149;259;483;1070;170;489;1145;3810;2166;54667378;52103021;37900613;9709932;53762726;41016385;10160851;5899534;2179506
FR;0;2023-03-21;211;281;668;1628;199;636;1825;6526;3928;54667589;52103302;37901281;9711560;53762925;41017021;10162676;5906060;2183434
FR;0;2023-03-22;195;242;480;1037;189;460;1156;3940;2288;54667784;52103544;37901761;9712597;53763114;41017481;10163832;5910000;2185722
FR;0;2023-03-23;163;240;592;1410;166;535;1503;5168;3052;54667947;52103784;37902353;9714007;53763280;41018016;10165335;5915168;2188774
FR;0;2023-03-24;239;394;924;1783;289;868;1965;6623;3814;54668186;52104178;37903277;9715790;53763569;41018884;10167300;5921791;2192588
FR;0;2023-03-25;126;170;353;574;139;314;649;1794;840;54668312;52104348;37903630;9716364;53763708;41019198;10167949;5923585;2193428
FR;0;2023-03-26;9;17;25;31;11;25;33;92;47;54668321;52104365;37903655;9716395;53763719;41019223;10167982;5923677;2193475
FR;0;2023-03-27;226;255;514;891;208;492;992;3438;1952;54668547;52104620;37904169;9717286;53763927;41019715;10168974;5927115;2195427
FR;0;2023-03-28;184;249;591;1591;171;545;1720;6187;3711;54668731;52104869;37904760;9718877;53764098;41020260;10170694;5933302;2199138
FR;0;2023-03-29;171;250;435;979;162;439;1120;3772;2104;54668902;52105119;37905195;9719856;53764260;41020699;10171814;5937074;2201242
FR;0;2023-03-30;190;241;575;1354;162;563;1521;5365;3101;54669092;52105360;37905770;9721210;53764422;41021262;10173335;5942439;2204343
FR;0;2023-03-31;212;366;717;1789;273;644;1928;6838;4012;54669304;52105726;37906487;9722999;53764695;41021906;10175263;5949277;2208355
FR;0;2023-04-01;108;195;436;594;134;392;698;1978;948;54669412;52105921;37906923;9723593;53764829;41022298;10175961;5951255;2209303
FR;0;2023-04-02;10;24;29;34;14;35;37;114;50;54669422;52105945;37906952;9723627;53764843;41022333;10175998;5951369;2209353
FR;0;2023-04-03;178;205;541;872;154;495;993;3294;1829;54669600;52106150;37907493;9724499;53764997;41022828;10176991;5954663;2211182
FR;0;2023-04-04;130;254;534;1216;174;463;1375;5305;3190;54669730;52106404;37908027;9725715;53765171;41023291;10178366;5959968;2214372
FR;0;2023-04-05;101;198;410;823;140;389;925;3416;1962;54669831;52106602;37908437;9726538;53765311;41023680;10179291;5963384;2216334
FR;0;2023-04-06;150;183;434;1036;127;397;1166;4244;2440;54669981;52106785;37908871;9727574;53765438;41024077;10180457;5967628;2218774
FR;0;2023-04-07;191;302;557;1287;213;521;1418;5047;2835;54670172;52107087;37909428;9728861;53765651;41024598;10181875;5972675;2221609
FR;0;2023-04-08;67;142;235;399;96;234;436;1339;609;54670239;52107229;37909663;9729260;53765747;41024832;10182311;5974014;2222218
FR;0;2023-04-09;4;15;19;15;7;22;20;59;19;54670243;52107244;37909682;9729275;53765754;41024854;10182331;5974073;2222237
FR;0;2023-04-10;12;29;51;35;23;49;49;103;30;54670255;52107273;37909733;9729310;53765777;41024903;10182380;5974176;2222267
FR;0;2023-04-11;124;249;514;984;163;495;1097;4277;2361;54670379;52107522;37910247;9730294;53765940;41025398;10183477;5978453;2224628
FR;0;2023-04-12;127;200;359;737;146;363;801;3223;1855;54670506;52107722;37910606;9731031;53766086;41025761;10184278;5981676;2226483
FR;0;2023-04-13;109;209;399;934;139;391;1027;4193;2430;54670615;52107931;37911005;9731965;53766225;41026152;10185305;5985869;2228913
FR;0;2023-04-14;197;288;619;1238;227;563;1319;5243;3057;54670812;52108219;37911624;9733203;53766452;41026715;10186624;5991112;2231970
FR;0;2023-04-15;75;117;213;413;81;208;447;1465;681;54670887;52108336;37911837;9733616;53766533;41026923;10187071;5992577;2232651
FR;0;2023-04-16;18;17;12;37;14;15;33;106;46;54670905;52108353;37911849;9733653;53766547;41026938;10187104;5992683;2232697
FR;0;2023-04-17;107;190;361;609;132;378;698;2954;1608;54671012;52108543;37912210;9734262;53766679;41027316;10187802;5995637;2234305
FR;0;2023-04-18;145;186;401;869;123;405;963;4157;2373;54671157;52108729;37912611;9735131;53766802;41027721;10188765;5999794;2236678
FR;0;2023-04-19;114;164;286;597;124;268;690;2760;1472;54671271;52108893;37912897;9735728;53766926;41027989;10189455;6002554;2238150
FR;0;2023-04-20;106;187;340;791;132;331;835;3379;1873;54671377;52109080;37913237;9736519;53767058;41028320;10190290;6005933;2240023
FR;0;2023-04-21;145;248;466;974;158;467;1112;4267;2284;54671522;52109328;37913703;9737493;53767216;41028787;10191402;6010200;2242307
FR;0;2023-04-22;55;104;151;263;70;167;290;1098;538;54671577;52109432;37913854;9737756;53767286;41028954;10191692;6011298;2242845
FR;0;2023-04-23;4;7;15;15;6;16;19;61;21;54671581;52109439;37913869;9737771;53767292;41028970;10191711;6011359;2242866
FR;0;2023-04-24;133;174;286;538;123;275;621;2362;1210;54671714;52109613;37914155;9738309;53767415;41029245;10192332;6013721;2244076
FR;0;2023-04-25;117;174;365;812;119;373;876;4027;2199;54671831;52109787;37914520;9739121;53767534;41029618;10193208;6017748;2246275
FR;0;2023-04-26;102;128;268;494;104;267;560;2431;1268;54671933;52109915;37914788;9739615;53767638;41029885;10193768;6020179;2247543
FR;0;2023-04-27;130;170;321;758;116;331;828;3498;1871;54672063;52110085;37915109;9740373;53767754;41030216;10194596;6023677;2249414
FR;0;2023-04-28;190;259;402;841;152;427;967;4230;2163;54672253;52110344;37915511;9741214;53767906;41030643;10195563;6027907;2251577
FR;0;2023-04-29;82;92;148;266;76;130;318;1091;510;54672335;52110436;37915659;9741480;53767982;41030773;10195881;6028998;2252087
FR;0;2023-04-30;7;7;10;10;3;9;12;49;20;54672342;52110443;37915669;9741490;53767985;41030782;10195893;6029047;2252107
FR;0;2023-05-01;9;11;19;6;9;18;8;49;17;54672351;52110454;37915688;9741496;53767994;41030800;10195901;6029096;2252124
FR;0;2023-05-02;194;193;328;618;140;331;723;3418;1781;54672545;52110647;37916016;9742114;53768134;41031131;10196624;6032514;2253905
FR;0;2023-05-03;137;133;238;464;98;244;514;2682;1379;54672682;52110780;37916254;9742578;53768232;41031375;10197138;6035196;2255284
FR;0;2023-05-04;92;161;289;698;120;337;720;3745;1921;54672774;52110941;37916543;9743276;53768352;41031712;10197858;6038941;2257205
FR;0;2023-05-05;120;193;329;754;122;364;844;4287;2239;54672894;52111134;37916872;9744030;53768474;41032076;10198702;6043228;2259444
FR;0;2023-05-06;63;66;116;237;47;134;250;1047;488;54672957;52111200;37916988;9744267;53768521;41032210;10198952;6044275;2259932
FR;0;2023-05-07;9;7;9;11;6;8;15;49;20;54672966;52111207;37916997;9744278;53768527;41032218;10198967;6044324;2259952
FR;0;2023-05-08;12;9;21;13;7;17;37;115;62;54672978;52111216;37917018;9744291;53768534;41032235;10199004;6044439;2260014
FR;0;2023-05-09;81;117;206;498;85;215;544;3167;1593;54673059;52111333;37917224;9744789;53768619;41032450;10199548;6047606;2261607
