fra;vaccin;jour;n_dose1;n_dose2;n_dose3;n_dose4;n_complet;n_rappel;n_2_rappel;n_rappel_biv;n_3_rappel;n_cum_dose1;n_cum_dose2;n_cum_dose3;n_cum_dose4;n_cum_complet;n_cum_rappel;n_cum_2_rappel;n_cum_rappel_biv;n_cum_3_rappel
FR;1;2020-12-27;616;0;0;0;55;0;0;0;0;616;0;0;0;55;0;0;0;0
FR;1;2020-12-28;709;1;0;0;44;0;0;0;0;1325;1;0;0;99;0;0;0;0
FR;1;2020-12-29;389;0;0;0;19;0;0;0;0;1714;1;0;0;118;0;0;0;0
FR;1;2020-12-30;456;0;0;0;20;0;0;0;0;2170;1;0;0;138;0;0;0;0
FR;1;2020-12-31;451;1;0;0;21;0;0;0;0;2621;2;0;0;159;0;0;0;0
FR;1;2021-01-01;1199;2;0;0;66;0;0;0;0;3820;4;0;0;225;0;0;0;0
FR;1;2021-01-02;369;4;0;0;29;0;0;0;0;4189;8;0;0;254;0;0;0;0
FR;1;2021-01-03;419;0;0;0;23;0;0;0;0;4608;8;0;0;277;0;0;0;0
FR;1;2021-01-04;2150;5;0;0;51;0;0;0;0;6758;13;0;0;328;0;0;0;0
FR;1;2021-01-05;7793;6;0;0;128;0;0;0;0;14551;19;0;0;456;0;0;0;0
FR;1;2021-01-06;12491;23;0;0;128;0;0;0;0;27042;42;0;0;584;0;0;0;0
FR;1;2021-01-07;29480;24;0;0;159;0;0;0;0;56522;66;0;0;743;0;0;0;0
FR;1;2021-01-08;37170;36;0;0;205;0;0;0;0;93692;102;0;0;948;0;0;0;0
FR;1;2021-01-09;11221;9;0;0;77;0;0;0;0;104913;111;0;0;1025;0;0;0;0
FR;1;2021-01-10;6017;8;0;0;28;0;0;0;0;110930;119;0;0;1053;0;0;0;0
FR;1;2021-01-11;39956;39;0;0;232;0;0;0;0;150886;158;0;0;1285;0;0;0;0
FR;1;2021-01-12;62165;31;0;0;299;0;0;0;0;213051;189;0;0;1584;0;0;0;0
FR;1;2021-01-13;65150;62;0;0;433;0;0;0;0;278201;251;0;0;2017;0;0;0;0
FR;1;2021-01-14;81473;262;0;0;957;0;0;0;0;359674;513;0;0;2974;0;0;0;0
FR;1;2021-01-15;68639;103;1;0;527;0;0;0;0;428313;616;1;0;3501;0;0;0;0
FR;1;2021-01-16;19903;73;0;0;171;0;0;0;0;448216;689;1;0;3672;0;0;0;0
FR;1;2021-01-17;10909;54;0;0;130;0;0;0;0;459125;743;1;0;3802;0;0;0;0
FR;1;2021-01-18;82849;176;0;0;587;0;0;0;0;541974;919;1;0;4389;0;0;0;0
FR;1;2021-01-19;125935;209;0;0;837;0;0;0;0;667909;1128;1;0;5226;0;0;0;0
FR;1;2021-01-20;132440;191;0;0;779;0;0;0;0;800349;1319;1;0;6005;0;0;0;0
FR;1;2021-01-21;153088;196;0;0;896;0;0;0;0;953437;1515;1;0;6901;0;0;0;0
FR;1;2021-01-22;115971;240;0;0;776;0;0;0;0;1069408;1755;1;0;7677;0;0;0;0
FR;1;2021-01-23;36617;84;0;0;207;0;0;0;0;1106025;1839;1;0;7884;0;0;0;0
FR;1;2021-01-24;9589;129;0;0;188;0;0;0;0;1115614;1968;1;0;8072;0;0;0;0
FR;1;2021-01-25;74442;1454;0;0;1772;0;0;0;0;1190056;3422;1;0;9844;0;0;0;0
FR;1;2021-01-26;96471;3705;1;0;4146;0;0;0;0;1286527;7127;2;0;13990;0;0;0;0
FR;1;2021-01-27;103660;6442;0;0;7126;0;0;0;0;1390187;13569;2;0;21116;0;0;0;0
FR;1;2021-01-28;120627;16415;0;0;17204;0;0;0;0;1510814;29984;2;0;38320;0;0;0;0
FR;1;2021-01-29;88904;18800;0;0;19340;0;0;0;0;1599718;48784;2;0;57660;0;0;0;0
FR;1;2021-01-30;27995;4538;0;0;4662;0;0;0;0;1627713;53322;2;0;62322;0;0;0;0
FR;1;2021-01-31;5194;1898;0;0;1936;0;0;0;0;1632907;55220;2;0;64258;0;0;0;0
FR;1;2021-02-01;49752;23043;0;0;23286;0;0;0;0;1682659;78263;2;0;87544;0;0;0;0
FR;1;2021-02-02;67839;38208;0;0;38666;0;0;0;0;1750498;116471;2;0;126210;0;0;0;0
FR;1;2021-02-03;67105;40293;0;0;40728;0;0;0;0;1817603;156764;2;0;166938;0;0;0;0
FR;1;2021-02-04;77156;55120;0;0;55690;0;0;0;0;1894759;211884;2;0;222628;0;0;0;0
FR;1;2021-02-05;63435;48235;0;0;48640;0;0;0;0;1958194;260119;2;0;271268;0;0;0;0
FR;1;2021-02-06;19428;11420;0;0;11527;0;0;0;0;1977622;271539;2;0;282795;0;0;0;0
FR;1;2021-02-07;3669;6069;0;0;6096;0;0;0;0;1981291;277608;2;0;288891;0;0;0;0
FR;1;2021-02-08;36508;48784;0;0;49037;0;0;0;0;2017799;326392;2;0;337928;0;0;0;0
FR;1;2021-02-09;50829;78440;0;0;78967;0;0;0;0;2068628;404832;2;0;416895;0;0;0;0
FR;1;2021-02-10;52088;83473;0;0;83957;0;0;0;0;2120716;488305;2;0;500852;0;0;0;0
FR;1;2021-02-11;63397;105557;0;0;106467;0;0;0;0;2184113;593862;2;0;607319;0;0;0;0
FR;1;2021-02-12;55889;75794;0;0;76480;0;0;0;0;2240002;669656;2;0;683799;0;0;0;0
FR;1;2021-02-13;15469;19309;0;0;19421;0;0;0;0;2255471;688965;2;0;703220;0;0;0;0
FR;1;2021-02-14;3747;7311;0;0;7377;0;0;0;0;2259218;696276;2;0;710597;0;0;0;0
FR;1;2021-02-15;24175;73665;0;0;73923;0;0;0;0;2283393;769941;2;0;784520;0;0;0;0
FR;1;2021-02-16;32788;95521;0;0;95935;0;0;0;0;2316181;865462;2;0;880455;0;0;0;0
FR;1;2021-02-17;35141;102379;20;0;103038;0;0;0;0;2351322;967841;22;0;983493;0;0;0;0
FR;1;2021-02-18;49466;118568;0;0;119565;0;0;0;0;2400788;1086409;22;0;1103058;0;0;0;0
FR;1;2021-02-19;45400;87842;1;0;88786;0;0;0;0;2446188;1174251;23;0;1191844;0;0;0;0
FR;1;2021-02-20;13398;27026;0;0;27202;0;0;0;0;2459586;1201277;23;0;1219046;0;0;0;0
FR;1;2021-02-21;2471;5945;0;0;6013;0;0;0;0;2462057;1207222;23;0;1225059;0;0;0;0
FR;1;2021-02-22;24726;69389;2;0;69689;0;0;0;0;2486783;1276611;25;0;1294748;0;0;0;0
FR;1;2021-02-23;37441;81553;1;0;82257;0;0;0;0;2524224;1358164;26;0;1377005;0;0;0;0
FR;1;2021-02-24;40717;79372;1;0;80072;0;0;0;0;2564941;1437536;27;0;1457077;0;0;0;0
FR;1;2021-02-25;50177;87700;1;0;88798;0;0;0;0;2615118;1525236;28;0;1545875;0;0;0;0
FR;1;2021-02-26;47235;67559;1;0;68447;0;0;0;0;2662353;1592795;29;0;1614322;0;0;0;0
FR;1;2021-02-27;15691;21358;1;0;21571;0;0;0;0;2678044;1614153;30;0;1635893;0;0;0;0
FR;1;2021-02-28;3566;4099;2;0;4172;0;0;0;0;2681610;1618252;32;0;1640065;0;0;0;0
FR;1;2021-03-01;40232;50293;1;0;51031;0;0;0;0;2721842;1668545;33;0;1691096;0;0;0;0
FR;1;2021-03-02;55997;62430;3;0;63610;0;0;0;0;2777839;1730975;36;0;1754706;0;0;0;0
FR;1;2021-03-03;61271;60496;0;0;61936;0;0;0;0;2839110;1791471;36;0;1816642;0;0;0;0
FR;1;2021-03-04;73022;68403;3;0;70621;0;0;0;0;2912132;1859874;39;0;1887263;0;0;0;0
FR;1;2021-03-05;74787;58606;3;0;60507;0;0;0;0;2986919;1918480;42;0;1947770;0;0;0;0
FR;1;2021-03-06;82475;15735;2;0;17443;0;0;0;0;3069394;1934215;44;0;1965213;0;0;0;0
FR;1;2021-03-07;63734;3916;1;0;5460;0;0;0;0;3133128;1938131;45;0;1970673;0;0;0;0
FR;1;2021-03-08;60200;41129;2;0;42417;0;0;0;0;3193328;1979260;47;0;2013090;0;0;0;0
FR;1;2021-03-09;86015;47355;1;0;49359;0;0;0;0;3279343;2026615;48;0;2062449;0;0;0;0
FR;1;2021-03-10;90950;47741;5;0;50014;0;0;0;0;3370293;2074356;53;0;2112463;0;0;0;0
FR;1;2021-03-11;105107;54601;1;0;57678;0;0;0;0;3475400;2128957;54;0;2170141;0;0;0;0
FR;1;2021-03-12;104169;44883;1;0;47881;0;0;0;0;3579569;2173840;55;0;2218022;0;0;0;0
FR;1;2021-03-13;89226;12578;1;0;14795;0;0;0;0;3668795;2186418;56;0;2232817;0;0;0;0
FR;1;2021-03-14;44463;2655;1;0;3988;0;0;0;0;3713258;2189073;57;0;2236805;0;0;0;0
FR;1;2021-03-15;95538;27940;3;0;30291;0;0;0;0;3808796;2217013;60;0;2267096;0;0;0;0
FR;1;2021-03-16;123608;34033;5;0;37581;0;0;0;0;3932404;2251046;65;0;2304677;0;0;0;0
FR;1;2021-03-17;129327;33513;4;0;37569;0;0;0;0;4061731;2284559;69;0;2342246;0;0;0;0
FR;1;2021-03-18;142919;39154;5;0;43832;0;0;0;0;4204650;2323713;74;0;2386078;0;0;0;0
FR;1;2021-03-19;136282;32012;2;0;36604;0;0;0;0;4340932;2355725;76;0;2422682;0;0;0;0
FR;1;2021-03-20;76028;9746;1;0;11962;0;0;0;0;4416960;2365471;77;0;2434644;0;0;0;0
FR;1;2021-03-21;26523;1967;1;0;2957;0;0;0;0;4443483;2367438;78;0;2437601;0;0;0;0
FR;1;2021-03-22;114783;30208;2;0;34041;0;0;0;0;4558266;2397646;80;0;2471642;0;0;0;0
FR;1;2021-03-23;143065;37998;1;0;42789;0;0;0;0;4701331;2435644;81;0;2514431;0;0;0;0
FR;1;2021-03-24;142031;38412;0;0;43286;0;0;0;0;4843362;2474056;81;0;2557717;0;0;0;0
FR;1;2021-03-25;165045;39881;4;0;46041;0;0;0;0;5008407;2513937;85;0;2603758;0;0;0;0
FR;1;2021-03-26;166426;37413;5;1;44034;0;0;0;0;5174833;2551350;90;1;2647792;0;0;0;0
FR;1;2021-03-27;110909;15481;1;0;19492;0;0;0;0;5285742;2566831;91;1;2667284;0;0;0;0
FR;1;2021-03-28;42316;4431;3;0;5986;0;0;0;0;5328058;2571262;94;1;2673270;0;0;0;0
FR;1;2021-03-29;129853;48963;4;0;53631;0;0;0;0;5457911;2620225;98;1;2726901;0;0;0;0
FR;1;2021-03-30;167768;63831;5;0;70844;0;0;0;0;5625679;2684056;103;1;2797745;0;0;0;0
FR;1;2021-03-31;170974;68017;4;0;75542;0;0;0;0;5796653;2752073;107;1;2873287;0;0;0;0
FR;1;2021-04-01;194890;84126;10;0;93636;0;0;0;0;5991543;2836199;117;1;2966923;0;0;0;0
FR;1;2021-04-02;164477;86900;7;0;94725;0;0;0;0;6156020;2923099;124;1;3061648;0;0;0;0
FR;1;2021-04-03;88262;58210;6;0;61759;0;0;0;0;6244282;2981309;130;1;3123407;0;0;0;0
FR;1;2021-04-04;33665;17733;0;0;19233;0;0;0;0;6277947;2999042;130;1;3142640;0;0;0;0
FR;1;2021-04-05;46433;9565;11;0;11442;0;0;0;0;6324380;3008607;141;1;3154082;0;0;0;0
FR;1;2021-04-06;160353;105678;17;0;112168;0;0;0;0;6484733;3114285;158;1;3266250;0;0;0;0
FR;1;2021-04-07;197043;108100;16;0;116939;0;0;0;0;6681776;3222385;174;1;3383189;0;0;0;0
FR;1;2021-04-08;222195;114356;14;0;125718;0;0;0;0;6903971;3336741;188;1;3508907;0;0;0;0
FR;1;2021-04-09;214624;108038;21;0;118937;0;0;0;0;7118595;3444779;209;1;3627844;0;0;0;0
FR;1;2021-04-10;117211;73241;14;0;78390;0;0;0;0;7235806;3518020;223;1;3706234;0;0;0;0
FR;1;2021-04-11;40903;29892;6;0;31796;0;0;0;0;7276709;3547912;229;1;3738030;0;0;0;0
FR;1;2021-04-12;168509;104584;46;0;111834;0;0;0;0;7445218;3652496;275;1;3849864;0;0;0;0
FR;1;2021-04-13;203857;127756;97;1;137104;0;0;0;0;7649075;3780252;372;2;3986968;0;0;0;0
FR;1;2021-04-14;208691;123036;208;0;133268;0;0;0;0;7857766;3903288;580;2;4120236;0;0;0;0
FR;1;2021-04-15;221749;128247;313;0;139297;0;0;0;0;8079515;4031535;893;2;4259533;0;0;0;0
FR;1;2021-04-16;206110;125775;309;0;135446;0;0;0;0;8285625;4157310;1202;2;4394979;0;0;0;0
FR;1;2021-04-17;122112;67118;103;0;72180;0;0;0;0;8407737;4224428;1305;2;4467159;0;0;0;0
FR;1;2021-04-18;35982;21016;42;0;22724;0;0;0;0;8443719;4245444;1347;2;4489883;0;0;0;0
FR;1;2021-04-19;163783;121618;433;0;129169;0;0;0;0;8607502;4367062;1780;2;4619052;0;0;0;0
FR;1;2021-04-20;189492;149803;531;0;158932;0;0;0;0;8796994;4516865;2311;2;4777984;0;0;0;0
FR;1;2021-04-21;194064;147790;760;0;157320;0;0;0;0;8991058;4664655;3071;2;4935304;0;0;0;0
FR;1;2021-04-22;209087;164623;779;0;175853;0;0;0;0;9200145;4829278;3850;2;5111157;0;0;0;0
FR;1;2021-04-23;198999;158149;671;0;169174;0;0;0;0;9399144;4987427;4521;2;5280331;0;0;0;0
FR;1;2021-04-24;126355;95888;148;0;101958;0;0;0;0;9525499;5083315;4669;2;5382289;0;0;0;0
FR;1;2021-04-25;53642;30082;46;0;32839;0;0;0;0;9579141;5113397;4715;2;5415128;0;0;0;0
FR;1;2021-04-26;181174;140326;543;0;149045;0;0;0;0;9760315;5253723;5258;2;5564173;0;0;0;0
FR;1;2021-04-27;221406;162633;901;0;174010;0;0;0;0;9981721;5416356;6159;2;5738183;0;0;0;0
FR;1;2021-04-28;238374;156216;1314;1;168898;1;0;0;0;10220095;5572572;7473;3;5907081;1;0;0;0
FR;1;2021-04-29;270354;161685;1211;0;177292;0;0;0;0;10490449;5734257;8684;3;6084373;1;0;0;0
FR;1;2021-04-30;272030;149049;1074;0;165150;0;0;0;0;10762479;5883306;9758;3;6249523;1;0;0;0
FR;1;2021-05-01;141180;40616;173;0;48644;0;0;0;0;10903659;5923922;9931;3;6298167;1;0;0;0
FR;1;2021-05-02;81564;28243;81;0;32999;0;0;0;0;10985223;5952165;10012;3;6331166;1;0;0;0
FR;1;2021-05-03;250828;142051;803;0;155745;0;0;0;0;11236051;6094216;10815;3;6486911;1;0;0;0
FR;1;2021-05-04;265939;188053;1204;0;203624;0;0;0;0;11501990;6282269;12019;3;6690535;1;0;0;0
FR;1;2021-05-05;283977;186324;1268;0;202988;0;0;0;0;11785967;6468593;13287;3;6893523;1;0;0;0
FR;1;2021-05-06;310084;184604;1502;0;204356;0;0;0;0;12096051;6653197;14789;3;7097879;1;0;0;0
FR;1;2021-05-07;284153;196765;1128;0;214581;0;0;0;0;12380204;6849962;15917;3;7312460;1;0;0;0
FR;1;2021-05-08;191687;51628;285;0;63011;0;0;0;0;12571891;6901590;16202;3;7375471;1;0;0;0
FR;1;2021-05-09;114076;34209;236;0;41381;0;0;0;0;12685967;6935799;16438;3;7416852;1;0;0;0
FR;1;2021-05-10;258240;195101;1188;0;211094;0;0;0;0;12944207;7130900;17626;3;7627946;1;0;0;0
FR;1;2021-05-11;318946;211266;1465;0;231506;0;0;0;0;13263153;7342166;19091;3;7859452;1;0;0;0
FR;1;2021-05-12;356712;186097;1401;0;208403;0;0;0;0;13619865;7528263;20492;3;8067855;1;0;0;0
FR;1;2021-05-13;283473;47324;401;0;64247;0;0;0;0;13903338;7575587;20893;3;8132102;1;0;0;0
FR;1;2021-05-14;370544;128526;998;0;151947;0;0;0;0;14273882;7704113;21891;3;8284049;1;0;0;0
FR;1;2021-05-15;298130;66209;404;0;84917;0;0;0;0;14572012;7770322;22295;3;8368966;1;0;0;0
FR;1;2021-05-16;157797;15471;158;0;26039;0;0;0;0;14729809;7785793;22453;3;8395005;1;0;0;0
FR;1;2021-05-17;318961;116203;1441;0;138166;0;0;0;0;15048770;7901996;23894;3;8533171;1;0;0;0
FR;1;2021-05-18;383394;111694;1801;0;137643;0;0;0;0;15432164;8013690;25695;3;8670814;1;0;0;0
FR;1;2021-05-19;395324;101588;2185;0;128525;0;0;0;0;15827488;8115278;27880;3;8799339;1;0;0;0
FR;1;2021-05-20;421862;95610;2049;0;125074;0;0;0;0;16249350;8210888;29929;3;8924413;1;0;0;0
FR;1;2021-05-21;399844;97454;1765;0;125851;0;0;0;0;16649194;8308342;31694;3;9050264;1;0;0;0
FR;1;2021-05-22;275713;41926;604;0;60950;0;0;0;0;16924907;8350268;32298;3;9111214;1;0;0;0
FR;1;2021-05-23;123034;10969;224;0;20572;0;0;0;0;17047941;8361237;32522;3;9131786;1;0;0;0
FR;1;2021-05-24;244027;26267;569;0;43792;0;0;0;0;17291968;8387504;33091;3;9175578;1;0;0;0
FR;1;2021-05-25;366248;131455;2115;1;158389;0;0;0;0;17658216;8518959;35206;4;9333967;1;0;0;0
FR;1;2021-05-26;380865;127552;1996;0;155876;0;0;0;0;18039081;8646511;37202;4;9489843;1;0;0;0
FR;1;2021-05-27;406209;128362;1978;0;158841;0;0;0;0;18445290;8774873;39180;4;9648684;1;0;0;0
FR;1;2021-05-28;366081;145709;1702;0;174270;0;0;0;0;18811371;8920582;40882;4;9822954;1;0;0;0
FR;1;2021-05-29;253851;81138;527;0;100335;0;0;0;0;19065222;9001720;41409;4;9923289;1;0;0;0
FR;1;2021-05-30;100983;22601;158;0;30835;0;0;0;0;19166205;9024321;41567;4;9954124;1;0;0;0
FR;1;2021-05-31;314351;149245;1287;1;172502;1;0;0;0;19480556;9173566;42854;5;10126626;2;0;0;0
FR;1;2021-06-01;361711;166431;1733;1;194136;1;0;0;0;19842267;9339997;44587;6;10320762;3;0;0;0
FR;1;2021-06-02;365447;154544;1798;0;184085;0;0;0;0;20207714;9494541;46385;6;10504847;3;0;0;0
FR;1;2021-06-03;391506;147438;1654;0;178411;0;0;0;0;20599220;9641979;48039;6;10683258;3;0;0;0
FR;1;2021-06-04;364147;175900;1496;1;205194;1;0;0;0;20963367;9817879;49535;7;10888452;4;0;0;0
FR;1;2021-06-05;258534;112822;597;0;133183;0;0;0;0;21221901;9930701;50132;7;11021635;4;0;0;0
FR;1;2021-06-06;126834;37555;216;0;48192;0;0;0;0;21348735;9968256;50348;7;11069827;4;0;0;0
FR;1;2021-06-07;301134;207764;1368;0;233040;0;0;0;0;21649869;10176020;51716;7;11302867;4;0;0;0
FR;1;2021-06-08;330915;221017;1645;0;248977;0;0;0;0;21980784;10397037;53361;7;11551844;4;0;0;0
FR;1;2021-06-09;336663;210941;1614;0;239698;0;0;0;0;22317447;10607978;54975;7;11791542;4;0;0;0
FR;1;2021-06-10;343950;199506;1615;0;229250;0;0;0;0;22661397;10807484;56590;7;12020792;4;0;0;0
FR;1;2021-06-11;311945;234700;1300;1;262611;0;0;0;0;22973342;11042184;57890;8;12283403;4;0;0;0
FR;1;2021-06-12;244101;150610;438;0;172219;0;0;0;0;23217443;11192794;58328;8;12455622;4;0;0;0
FR;1;2021-06-13;100383;61037;188;0;70699;0;0;0;0;23317826;11253831;58516;8;12526321;4;0;0;0
FR;1;2021-06-14;207884;287570;1320;1;307381;0;0;0;0;23525710;11541401;59836;9;12833702;4;0;0;0
FR;1;2021-06-15;256915;281115;1400;1;304964;0;0;0;0;23782625;11822516;61236;10;13138666;4;0;0;0
FR;1;2021-06-16;273687;270714;1264;1;296153;0;0;0;0;24056312;12093230;62500;11;13434819;4;0;0;0
FR;1;2021-06-17;268260;245102;1241;1;271173;0;0;0;0;24324572;12338332;63741;12;13705992;4;0;0;0
FR;1;2021-06-18;260625;295197;1156;1;321022;0;0;0;0;24585197;12633529;64897;13;14027014;4;0;0;0
FR;1;2021-06-19;193469;209608;388;0;228268;0;0;0;0;24778666;12843137;65285;13;14255282;4;0;0;0
FR;1;2021-06-20;69724;89030;122;0;96868;0;0;0;0;24848390;12932167;65407;13;14352150;4;0;0;0
FR;1;2021-06-21;172400;319785;934;1;338495;1;0;0;0;25020790;13251952;66341;14;14690645;5;0;0;0
FR;1;2021-06-22;185898;348081;1102;10;369147;1;0;0;0;25206688;13600033;67443;24;15059792;6;0;0;0
FR;1;2021-06-23;204245;339646;1050;0;363546;0;0;0;0;25410933;13939679;68493;24;15423338;6;0;0;0
FR;1;2021-06-24;203557;282100;1176;0;306846;0;0;0;0;25614490;14221779;69669;24;15730184;6;0;0;0
FR;1;2021-06-25;182686;371702;1200;0;395710;0;0;0;0;25797176;14593481;70869;24;16125894;6;0;0;0
FR;1;2021-06-26;131415;278608;506;0;295983;0;0;0;0;25928591;14872089;71375;24;16421877;6;0;0;0
FR;1;2021-06-27;52421;122845;146;0;130382;0;0;0;0;25981012;14994934;71521;24;16552259;6;0;0;0
FR;1;2021-06-28;136682;368243;1066;0;386843;0;0;0;0;26117694;15363177;72587;24;16939102;6;0;0;0
FR;1;2021-06-29;154929;391167;1849;0;412260;0;0;0;0;26272623;15754344;74436;24;17351362;6;0;0;0
FR;1;2021-06-30;180077;381966;1668;4;406565;2;0;0;0;26452700;16136310;76104;28;17757927;8;0;0;0
FR;1;2021-07-01;201593;332520;1890;5;360590;0;0;0;0;26654293;16468830;77994;33;18118517;8;0;0;0
FR;1;2021-07-02;193889;367287;1765;5;395483;2;0;0;0;26848182;16836117;79759;38;18514000;10;0;0;0
FR;1;2021-07-03;124485;280408;704;3;299513;1;0;0;0;26972667;17116525;80463;41;18813513;11;0;0;0
FR;1;2021-07-04;53970;113731;244;0;122137;0;0;0;0;27026637;17230256;80707;41;18935650;11;0;0;0
FR;1;2021-07-05;153987;355778;1500;8;379117;0;0;0;0;27180624;17586034;82207;49;19314767;11;0;0;0
FR;1;2021-07-06;173534;382281;1603;45;408169;8;0;0;0;27354158;17968315;83810;94;19722936;19;0;0;0
FR;1;2021-07-07;190875;362302;1659;25;390646;2;0;0;0;27545033;18330617;85469;119;20113582;21;0;0;0
FR;1;2021-07-08;201595;322965;1827;20;353609;2;0;0;0;27746628;18653582;87296;139;20467191;23;0;0;0
FR;1;2021-07-09;189996;387760;1854;3;418160;1;0;0;0;27936624;19041342;89150;142;20885351;24;0;0;0
FR;1;2021-07-10;129968;281184;818;1;302611;0;0;0;0;28066592;19322526;89968;143;21187962;24;0;0;0
FR;1;2021-07-11;57688;102530;263;0;112408;0;0;0;0;28124280;19425056;90231;143;21300370;24;0;0;0
FR;1;2021-07-12;149932;416806;1588;4;442795;0;0;0;0;28274212;19841862;91819;147;21743165;24;0;0;0
FR;1;2021-07-13;234313;438998;1808;8;476173;0;0;0;0;28508525;20280860;93627;155;22219338;24;0;0;0
FR;1;2021-07-14;171932;151300;418;0;176928;0;0;0;0;28680457;20432160;94045;155;22396266;24;0;0;0
FR;1;2021-07-15;279707;424133;1859;1;467103;0;0;0;0;28960164;20856293;95904;156;22863369;24;0;0;0
FR;1;2021-07-16;290448;400517;1711;3;445155;1;0;0;0;29250612;21256810;97615;159;23308524;25;0;0;0
FR;1;2021-07-17;217362;281972;755;1;315436;0;0;0;0;29467974;21538782;98370;160;23623960;25;0;0;0
FR;1;2021-07-18;102032;107205;288;0;123092;0;0;0;0;29570006;21645987;98658;160;23747052;25;0;0;0
FR;1;2021-07-19;238250;378361;1498;3;414400;0;0;0;0;29808256;22024348;100156;163;24161452;25;0;0;0
FR;1;2021-07-20;305778;379722;1471;0;425543;0;0;0;0;30114034;22404070;101627;163;24586995;25;0;0;0
FR;1;2021-07-21;333315;352691;1413;4;404056;1;0;0;0;30447349;22756761;103040;167;24991051;26;0;0;0
FR;1;2021-07-22;364709;318525;1502;3;374927;1;0;0;0;30812058;23075286;104542;170;25365978;27;0;0;0
FR;1;2021-07-23;349411;342721;1589;4;398257;1;0;0;0;31161469;23418007;106131;174;25764235;28;0;0;0
FR;1;2021-07-24;238968;240735;697;1;278062;0;0;0;0;31400437;23658742;106828;175;26042297;28;0;0;0
FR;1;2021-07-25;112813;76012;223;0;93704;0;0;0;0;31513250;23734754;107051;175;26136001;28;0;0;0
FR;1;2021-07-26;299151;289265;1495;2;334973;1;0;0;0;31812401;24024019;108546;177;26470974;29;0;0;0
FR;1;2021-07-27;385873;267859;1459;4;324824;1;0;0;0;32198274;24291878;110005;181;26795798;30;0;0;0
FR;1;2021-07-28;390231;250921;1463;4;307205;1;0;0;0;32588505;24542799;111468;185;27103003;31;0;0;0
FR;1;2021-07-29;406162;227576;1541;2;284265;0;0;0;0;32994667;24770375;113009;187;27387268;31;0;0;0
FR;1;2021-07-30;370762;246478;1639;4;298305;1;0;0;0;33365429;25016853;114648;191;27685573;32;0;0;0
FR;1;2021-07-31;243396;165091;794;1;199411;0;0;0;0;33608825;25181944;115442;192;27884984;32;0;0;0
FR;1;2021-08-01;105614;47204;237;0;61196;0;0;0;0;33714439;25229148;115679;192;27946180;32;0;0;0
FR;1;2021-08-02;297438;212829;1480;2;250606;0;0;0;0;34011877;25441977;117159;194;28196786;32;0;0;0
FR;1;2021-08-03;331356;208673;1557;2;250639;1;0;0;0;34343233;25650650;118716;196;28447425;33;0;0;0
FR;1;2021-08-04;328059;183821;1440;5;223968;3;0;0;0;34671292;25834471;120156;201;28671393;36;0;0;0
FR;1;2021-08-05;301298;193082;1483;0;229374;0;0;0;0;34972590;26027553;121639;201;28900767;36;0;0;0
FR;1;2021-08-06;291006;224081;1560;3;261361;0;0;0;0;35263596;26251634;123199;204;29162128;36;0;0;0
FR;1;2021-08-07;182685;158758;655;5;181661;1;0;0;0;35446281;26410392;123854;209;29343789;37;0;0;0
FR;1;2021-08-08;68897;59102;253;0;67630;0;0;0;0;35515178;26469494;124107;209;29411419;37;0;0;0
FR;1;2021-08-09;222802;235143;1446;4;263847;2;0;0;0;35737980;26704637;125553;213;29675266;39;0;0;0
FR;1;2021-08-10;252764;239822;1492;2;271651;0;0;0;0;35990744;26944459;127045;215;29946917;39;0;0;0
FR;1;2021-08-11;236256;231721;1272;5;261230;0;0;0;0;36227000;27176180;128317;220;30208147;39;0;0;0
FR;1;2021-08-12;220807;239714;1492;3;267803;0;0;0;0;36447807;27415894;129809;223;30475950;39;0;0;0
FR;1;2021-08-13;201733;238488;1361;2;264025;2;0;0;0;36649540;27654382;131170;225;30739975;41;0;0;0
FR;1;2021-08-14;122877;174033;645;0;189535;0;0;0;0;36772417;27828415;131815;225;30929510;41;0;0;0
FR;1;2021-08-15;34711;46113;201;1;50330;0;0;0;0;36807128;27874528;132016;226;30979840;41;0;0;0
FR;1;2021-08-16;156967;289324;1424;0;309892;0;0;0;0;36964095;28163852;133440;226;31289732;41;0;0;0
FR;1;2021-08-17;171626;290951;1422;5;313351;0;0;0;0;37135721;28454803;134862;231;31603083;41;0;0;0
FR;1;2021-08-18;161452;286672;1394;6;307299;3;0;0;0;37297173;28741475;136256;237;31910382;44;0;0;0
FR;1;2021-08-19;148963;277411;1405;1;297251;0;0;0;0;37446136;29018886;137661;238;32207633;44;0;0;0
FR;1;2021-08-20;140533;308909;1535;2;328138;2;0;0;0;37586669;29327795;139196;240;32535771;46;0;0;0
FR;1;2021-08-21;84288;213210;589;0;224528;0;0;0;0;37670957;29541005;139785;240;32760299;46;0;0;0
FR;1;2021-08-22;28585;82696;233;0;86701;0;0;0;0;37699542;29623701;140018;240;32847000;46;0;0;0
FR;1;2021-08-23;118674;320940;1422;2;337671;0;0;0;0;37818216;29944641;141440;242;33184671;46;0;0;0
FR;1;2021-08-24;126688;319598;1604;5;337409;0;0;0;0;37944904;30264239;143044;247;33522080;46;0;0;0
FR;1;2021-08-25;121548;306408;1783;8;323580;2;0;0;0;38066452;30570647;144827;255;33845660;48;0;0;0
FR;1;2021-08-26;106649;286081;2165;10;302376;0;0;0;0;38173101;30856728;146992;265;34148036;48;0;0;0
FR;1;2021-08-27;107659;321592;2303;9;338846;1;0;0;0;38280760;31178320;149295;274;34486882;49;0;0;0
FR;1;2021-08-28;71030;220700;1102;0;231220;0;0;0;0;38351790;31399020;150397;274;34718102;49;0;0;0
FR;1;2021-08-29;24156;78209;469;1;82099;0;0;0;0;38375946;31477229;150866;275;34800201;49;0;0;0
FR;1;2021-08-30;96904;286269;4315;6;299756;4965;0;0;0;38472850;31763498;155181;281;35099957;5014;0;0;0
FR;1;2021-08-31;98136;276232;9295;15;289899;10063;2;0;0;38570986;32039730;164476;296;35389856;15077;2;0;0
FR;1;2021-09-01;112366;245286;21122;8;257667;22158;1;0;0;38683352;32285016;185598;304;35647523;37235;3;0;0
FR;1;2021-09-02;86758;197904;24536;18;208300;25518;0;0;0;38770110;32482920;210134;322;35855823;62753;3;0;0
FR;1;2021-09-03;82433;227480;26958;21;238918;28038;0;0;0;38852543;32710400;237092;343;36094741;90791;3;0;0
FR;1;2021-09-04;71632;189718;11141;11;199297;11712;7;0;0;38924175;32900118;248233;354;36294038;102503;10;0;0
FR;1;2021-09-05;18614;41144;4126;2;43849;4277;0;0;0;38942789;32941262;252359;356;36337887;106780;10;0;0
FR;1;2021-09-06;59826;151363;30182;15;158892;31206;2;0;0;39002615;33092625;282541;371;36496779;137986;12;0;0
FR;1;2021-09-07;57401;139620;30215;30;146738;31253;2;0;0;39060016;33232245;312756;401;36643517;169239;14;0;0
FR;1;2021-09-08;72357;173796;26926;22;182266;27967;4;0;0;39132373;33406041;339682;423;36825783;197206;18;0;0
FR;1;2021-09-09;54514;124427;28638;24;131186;29745;5;0;0;39186887;33530468;368320;447;36956969;226951;23;0;0
FR;1;2021-09-10;66225;152064;30452;24;161150;31693;5;0;0;39253112;33682532;398772;471;37118119;258644;28;0;0
FR;1;2021-09-11;52688;146638;9731;14;154127;10356;0;0;0;39305800;33829170;408503;485;37272246;269000;28;0;0
FR;1;2021-09-12;10800;29270;2491;1;30968;2661;2;0;0;39316600;33858440;410994;486;37303214;271661;30;0;0
FR;1;2021-09-13;51519;104394;38767;31;110926;40096;16;0;0;39368119;33962834;449761;517;37414140;311757;46;0;0
FR;1;2021-09-14;53343;96008;51291;67;102370;53291;42;0;0;39421462;34058842;501052;584;37516510;365048;88;0;0
FR;1;2021-09-15;60592;139223;50499;55;146393;47071;67;0;0;39482054;34198065;551551;639;37662903;412119;155;0;0
FR;1;2021-09-16;46646;81364;53354;70;86259;49612;60;0;0;39528700;34279429;604905;709;37749162;461731;215;0;0
FR;1;2021-09-17;53227;109327;45085;61;115661;42718;61;0;0;39581927;34388756;649990;770;37864823;504449;276;0;0
FR;1;2021-09-18;37887;118498;11797;19;124081;11280;19;0;0;39619814;34507254;661787;789;37988904;515729;295;0;0
FR;1;2021-09-19;6531;21023;2045;1;22127;1985;1;0;0;39626345;34528277;663832;790;38011031;517714;296;0;0
FR;1;2021-09-20;36543;74842;46231;65;78562;44198;30;0;0;39662888;34603119;710063;855;38089593;561912;326;0;0
FR;1;2021-09-21;34209;68098;56270;72;71133;52747;76;0;0;39697097;34671217;766333;927;38160726;614659;402;0;0
FR;1;2021-09-22;38849;118607;49883;76;123026;46935;39;0;0;39735946;34789824;816216;1003;38283752;661594;441;0;0
FR;1;2021-09-23;32043;62891;54515;85;65793;50922;76;0;0;39767989;34852715;870731;1088;38349545;712516;517;0;0
FR;1;2021-09-24;36804;90023;43678;89;94382;41959;57;0;0;39804793;34942738;914409;1177;38443927;754475;574;0;0
FR;1;2021-09-25;27655;96713;12308;27;101064;12189;19;0;0;39832448;35039451;926717;1204;38544991;766664;593;0;0
FR;1;2021-09-26;4390;15201;1777;5;16066;1699;4;0;0;39836838;35054652;928494;1209;38561057;768363;597;0;0
FR;1;2021-09-27;27356;60206;42914;89;63436;41644;79;0;1;39864194;35114858;971408;1298;38624493;810007;676;0;1
FR;1;2021-09-28;26913;49419;47207;76;52035;44494;40;0;0;39891107;35164277;1018615;1374;38676528;854501;716;0;1
FR;1;2021-09-29;35927;80253;47297;88;84639;45624;33;0;0;39927034;35244530;1065912;1462;38761167;900125;749;0;1
FR;1;2021-09-30;26078;46901;47529;80;49259;45479;52;0;0;39953112;35291431;1113441;1542;38810426;945604;801;0;1
FR;1;2021-10-01;47306;66911;44909;83;70793;44633;14;0;0;40000418;35358342;1158350;1625;38881219;990237;815;0;1
FR;1;2021-10-02;32384;62416;16114;32;67224;16325;6;0;0;40032802;35420758;1174464;1657;38948443;1006562;821;0;1
FR;1;2021-10-03;4343;8563;2043;3;9312;2038;4;0;0;40037145;35429321;1176507;1660;38957755;1008600;825;0;1
FR;1;2021-10-04;28986;44425;47117;79;46838;46986;31;0;0;40066131;35473746;1223624;1739;39004593;1055586;856;0;1
FR;1;2021-10-05;24576;41641;49895;116;43137;49353;46;0;0;40090707;35515387;1273519;1855;39047730;1104939;902;0;1
FR;1;2021-10-06;34660;61393;57510;101;64500;57265;25;0;0;40125367;35576780;1331029;1956;39112230;1162204;927;0;1
FR;1;2021-10-07;21083;39914;53053;74;41092;51999;32;0;0;40146450;35616694;1384082;2030;39153322;1214203;959;0;1
FR;1;2021-10-08;35672;59644;60412;83;62871;61169;28;0;0;40182122;35676338;1444494;2113;39216193;1275372;987;0;1
FR;1;2021-10-09;27466;48025;25498;29;52491;26028;10;0;0;40209588;35724363;1469992;2142;39268684;1301400;997;0;1
FR;1;2021-10-10;3727;5811;2759;7;6289;2865;1;0;0;40213315;35730174;1472751;2149;39274973;1304265;998;0;1
FR;1;2021-10-11;24858;38210;54590;88;40294;55272;43;0;0;40238173;35768384;1527341;2237;39315267;1359537;1041;0;1
FR;1;2021-10-12;23386;36580;58078;128;37079;59241;18;0;0;40261559;35804964;1585419;2365;39352346;1418778;1059;0;1
FR;1;2021-10-13;32974;47841;64177;125;50645;65703;22;0;1;40294533;35852805;1649596;2490;39402991;1484481;1081;0;2
FR;1;2021-10-14;21715;34774;53776;103;35680;54373;21;0;0;40316248;35887579;1703372;2593;39438671;1538854;1102;0;2
FR;1;2021-10-15;32757;48765;72339;165;50457;75036;22;0;0;40349005;35936344;1775711;2758;39489128;1613890;1124;0;2
FR;1;2021-10-16;26014;35285;34874;45;38300;36432;13;0;0;40375019;35971629;1810585;2803;39527428;1650322;1137;0;2
FR;1;2021-10-17;3161;4053;3418;2;4496;3319;3;0;0;40378180;35975682;1814003;2805;39531924;1653641;1140;0;2
FR;1;2021-10-18;24353;34879;66853;132;34917;69738;27;0;0;40402533;36010561;1880856;2937;39566841;1723379;1167;0;2
FR;1;2021-10-19;20724;35572;75678;135;33222;79610;40;0;0;40423257;36046133;1956534;3072;39600063;1802989;1207;0;2
FR;1;2021-10-20;29918;44205;96191;178;43279;99882;45;0;0;40453175;36090338;2052725;3250;39643342;1902871;1252;0;2
FR;1;2021-10-21;19804;35052;83201;107;31762;87064;29;0;0;40472979;36125390;2135926;3357;39675104;1989935;1281;0;2
FR;1;2021-10-22;29756;47759;103757;196;44556;109723;58;0;0;40502735;36173149;2239683;3553;39719660;2099658;1339;0;2
FR;1;2021-10-23;23055;35143;44876;57;36130;47386;11;0;0;40525790;36208292;2284559;3610;39755790;2147044;1350;0;2
FR;1;2021-10-24;2407;3841;3585;6;4041;3718;1;0;0;40528197;36212133;2288144;3616;39759831;2150762;1351;0;2
FR;1;2021-10-25;22504;30719;82031;143;29601;85840;36;0;0;40550701;36242852;2370175;3759;39789432;2236602;1387;0;2
FR;1;2021-10-26;19368;27644;86127;162;24737;90358;29;0;0;40570069;36270496;2456302;3921;39814169;2326960;1416;0;2
FR;1;2021-10-27;26223;39610;107827;252;37301;112742;45;0;0;40596292;36310106;2564129;4173;39851470;2439702;1461;0;2
FR;1;2021-10-28;18804;27111;86969;150;23484;91738;34;0;0;40615096;36337217;2651098;4323;39874954;2531440;1495;0;2
FR;1;2021-10-29;25936;40253;114845;202;35486;121684;49;0;0;40641032;36377470;2765943;4525;39910440;2653124;1544;0;2
FR;1;2021-10-30;17714;28718;49373;74;28302;51970;18;0;0;40658746;36406188;2815316;4599;39938742;2705094;1562;0;2
FR;1;2021-10-31;2088;3169;3452;2;3215;3686;2;0;0;40660834;36409357;2818768;4601;39941957;2708780;1564;0;2
FR;1;2021-11-01;8027;4273;3037;3;4357;3294;6;0;0;40668861;36413630;2821805;4604;39946314;2712074;1570;0;2
FR;1;2021-11-02;22918;33217;92416;156;29172;97870;39;0;1;40691779;36446847;2914221;4760;39975486;2809944;1609;0;3
FR;1;2021-11-03;26638;41549;117525;219;36997;123909;56;0;0;40718417;36488396;3031746;4979;40012483;2933853;1665;0;3
FR;1;2021-11-04;19630;30289;105826;213;24184;111970;42;0;0;40738047;36518685;3137572;5192;40036667;3045823;1707;0;3
FR;1;2021-11-05;27034;42299;138800;230;34179;147490;47;0;0;40765081;36560984;3276372;5422;40070846;3193313;1754;0;3
FR;1;2021-11-06;18864;29807;63501;123;27605;66521;24;0;0;40783945;36590791;3339873;5545;40098451;3259834;1778;0;3
FR;1;2021-11-07;1835;3267;4985;6;3024;5302;5;0;0;40785780;36594058;3344858;5551;40101475;3265136;1783;0;3
FR;1;2021-11-08;17882;32248;126022;224;25388;132662;47;0;0;40803662;36626306;3470880;5775;40126863;3397798;1830;0;3
FR;1;2021-11-09;19521;37606;159331;334;26129;169153;63;0;0;40823183;36663912;3630211;6109;40152992;3566951;1893;0;3
FR;1;2021-11-10;28895;49048;181930;441;39012;192547;82;0;0;40852078;36712960;3812141;6550;40192004;3759498;1975;0;3
FR;1;2021-11-11;4192;5930;12240;26;5107;13030;14;0;0;40856270;36718890;3824381;6576;40197111;3772528;1989;0;3
FR;1;2021-11-12;26028;46817;174848;244;35282;186549;76;0;0;40882298;36765707;3999229;6820;40232393;3959077;2065;0;3
FR;1;2021-11-13;18736;29144;76847;111;25370;81792;40;0;0;40901034;36794851;4076076;6931;40257763;4040869;2105;0;3
FR;1;2021-11-14;2051;3240;6828;5;2796;7358;6;0;0;40903085;36798091;4082904;6936;40260559;4048227;2111;0;3
FR;1;2021-11-15;18797;34708;156449;306;24616;166286;59;0;0;40921882;36832799;4239353;7242;40285175;4214513;2170;0;3
FR;1;2021-11-16;21369;37809;192164;380;23315;205081;99;0;1;40943251;36870608;4431517;7622;40308490;4419594;2269;0;4
FR;1;2021-11-17;28675;45548;193256;398;33019;205081;92;0;0;40971926;36916156;4624773;8020;40341509;4624675;2361;0;4
FR;1;2021-11-18;21149;39598;182545;459;25136;194673;85;0;0;40993075;36955754;4807318;8479;40366645;4819348;2446;0;4
FR;1;2021-11-19;30894;53319;230287;532;34813;246784;134;0;0;41023969;37009073;5037605;9011;40401458;5066132;2580;0;4
FR;1;2021-11-20;23776;33216;97002;202;26735;103655;40;0;0;41047745;37042289;5134607;9213;40428193;5169787;2620;0;4
FR;1;2021-11-21;2342;3909;9134;19;2957;9940;16;0;0;41050087;37046198;5143741;9232;40431150;5179727;2636;0;4
FR;1;2021-11-22;21426;30327;175932;467;16944;189481;79;0;0;41071513;37076525;5319673;9699;40448094;5369208;2715;0;4
FR;1;2021-11-23;24031;40969;221266;540;21318;238019;77;0;0;41095544;37117494;5540939;10239;40469412;5607227;2792;0;4
FR;1;2021-11-24;30298;49641;217403;701;31960;234586;67;0;0;41125842;37167135;5758342;10940;40501372;5841813;2859;0;4
FR;1;2021-11-25;23732;44044;244526;718;22070;264227;101;0;0;41149574;37211179;6002868;11658;40523442;6106040;2960;0;4
FR;1;2021-11-26;30618;66640;356842;836;33239;388631;154;0;0;41180192;37277819;6359710;12494;40556681;6494671;3114;0;4
FR;1;2021-11-27;21960;45262;202667;372;26149;222698;112;0;0;41202152;37323081;6562377;12866;40582830;6717369;3226;0;4
FR;1;2021-11-28;3180;9543;54804;63;3468;61016;37;0;0;41205332;37332624;6617181;12929;40586298;6778385;3263;0;4
FR;1;2021-11-29;17905;49469;326438;841;20780;354583;150;0;0;41223237;37382093;6943619;13770;40607078;7132968;3413;0;4
FR;1;2021-11-30;22790;64816;431196;952;23793;470845;266;0;0;41246027;37446909;7374815;14722;40630871;7603813;3679;0;4
FR;1;2021-12-01;25364;69036;442956;1131;28429;481821;271;0;0;41271391;37515945;7817771;15853;40659300;8085634;3950;0;4
FR;1;2021-12-02;20094;64296;489465;1230;18434;532969;274;0;0;41291485;37580241;8307236;17083;40677734;8618603;4224;0;4
FR;1;2021-12-03;22912;82300;542843;1310;30271;591859;308;0;0;41314397;37662541;8850079;18393;40708005;9210462;4532;0;4
FR;1;2021-12-04;16416;53779;299138;654;23205;328998;180;0;0;41330813;37716320;9149217;19047;40731210;9539460;4712;0;4
FR;1;2021-12-05;3635;13773;81549;143;4193;91048;85;0;0;41334448;37730093;9230766;19190;40735403;9630508;4797;0;4
FR;1;2021-12-06;25847;62421;415525;1066;22061;455254;358;0;0;41360295;37792514;9646291;20256;40757464;10085762;5155;0;4
FR;1;2021-12-07;20020;75456;523082;1536;24274;572742;372;0;0;41380315;37867970;10169373;21792;40781738;10658504;5527;0;4
FR;1;2021-12-08;21718;75491;458636;1545;30648;502294;377;0;0;41402033;37943461;10628009;23337;40812386;11160798;5904;0;4
FR;1;2021-12-09;19473;73942;493115;1624;24326;541128;398;0;0;41421506;38017403;11121124;24961;40836712;11701926;6302;0;4
FR;1;2021-12-10;23330;87517;547475;1585;32416;600116;392;0;1;41444836;38104920;11668599;26546;40869128;12302042;6694;0;5
FR;1;2021-12-11;16534;59085;302768;751;25946;335501;278;0;0;41461370;38164005;11971367;27297;40895074;12637543;6972;0;5
FR;1;2021-12-12;4398;15876;83240;179;5242;94047;96;0;0;41465768;38179881;12054607;27476;40900316;12731590;7068;0;5
FR;1;2021-12-13;15761;63394;367088;1094;23901;406372;236;0;0;41481529;38243275;12421695;28570;40924217;13137962;7304;0;5
FR;1;2021-12-14;20870;80104;464905;1749;28632;515362;507;0;1;41502399;38323379;12886600;30319;40952849;13653324;7811;0;6
FR;1;2021-12-15;21630;77285;409186;1309;33003;453255;311;0;1;41524029;38400664;13295786;31628;40985852;14106579;8122;0;7
FR;1;2021-12-16;20070;77049;452011;1577;27919;500751;324;0;0;41544099;38477713;13747797;33205;41013771;14607330;8446;0;7
FR;1;2021-12-17;22629;86368;480031;1737;34639;531055;372;0;0;41566728;38564081;14227828;34942;41048410;15138385;8818;0;7
FR;1;2021-12-18;17610;54545;257662;731;24682;288528;232;0;0;41584338;38618626;14485490;35673;41073092;15426913;9050;0;7
FR;1;2021-12-19;5563;16907;79205;194;5921;90676;117;0;0;41589901;38635533;14564695;35867;41079013;15517589;9167;0;7
FR;1;2021-12-20;20957;62870;316306;1082;26487;355340;286;0;0;41610858;38698403;14881001;36949;41105500;15872929;9453;0;7
FR;1;2021-12-21;26343;72857;372823;1422;30551;418151;338;0;0;41637201;38771260;15253824;38371;41136051;16291080;9791;0;7
FR;1;2021-12-22;24989;65640;310706;1217;29570;349629;361;0;1;41662190;38836900;15564530;39588;41165621;16640709;10152;0;8
FR;1;2021-12-23;21278;52102;241543;958;23336;273075;362;0;0;41683468;38889002;15806073;40546;41188957;16913784;10514;0;8
FR;1;2021-12-24;7130;18268;67173;258;9244;77065;154;0;1;41690598;38907270;15873246;40804;41198201;16990849;10668;0;9
FR;1;2021-12-25;510;2864;5595;15;1797;6539;55;0;0;41691108;38910134;15878841;40819;41199998;16997388;10723;0;9
FR;1;2021-12-26;2751;7567;26960;71;3491;31470;100;0;0;41693859;38917701;15905801;40890;41203489;17028858;10823;0;9
FR;1;2021-12-27;18312;53455;235148;705;25446;265807;365;0;0;41712171;38971156;16140949;41595;41228935;17294665;11188;0;9
FR;1;2021-12-28;23302;61879;292071;1026;26988;330246;595;0;1;41735473;39033035;16433020;42621;41255923;17624911;11783;0;10
FR;1;2021-12-29;22218;55369;255049;921;25253;288245;645;0;1;41757691;39088404;16688069;43542;41281176;17913156;12428;0;11
FR;1;2021-12-30;21240;46405;212183;857;22441;239631;718;0;0;41778931;39134809;16900252;44399;41303617;18152787;13146;0;11
FR;1;2021-12-31;7468;16534;61882;229;8712;70416;347;0;0;41786399;39151343;16962134;44628;41312329;18223203;13493;0;11
FR;1;2022-01-01;1170;2489;5668;30;1543;6577;73;0;0;41787569;39153832;16967802;44658;41313872;18229780;13566;0;11
FR;1;2022-01-02;3096;8074;28896;50;3672;33537;190;0;0;41790665;39161906;16996698;44708;41317544;18263317;13756;0;11
FR;1;2022-01-03;27010;54160;228289;790;27528;257749;964;0;1;41817675;39216066;17224987;45498;41345072;18521066;14720;0;12
FR;1;2022-01-04;26373;64971;299326;1241;29772;337372;1367;0;2;41844048;39281037;17524313;46739;41374844;18858438;16087;0;14
FR;1;2022-01-05;30571;64238;274937;1099;32506;310315;1264;0;0;41874619;39345275;17799250;47838;41407350;19168753;17351;0;14
FR;1;2022-01-06;26861;66195;306957;1404;29269;346631;1569;0;1;41901480;39411470;18106207;49242;41436619;19515384;18920;0;15
FR;1;2022-01-07;31584;74958;349882;1538;34384;394010;1822;0;1;41933064;39486428;18456089;50780;41471003;19909394;20742;0;16
FR;1;2022-01-08;23391;51358;222512;698;25571;251140;913;0;1;41956455;39537786;18678601;51478;41496574;20160534;21655;0;17
FR;1;2022-01-09;7091;17130;66036;163;8165;76142;335;0;0;41963546;39554916;18744637;51641;41504739;20236676;21990;0;17
FR;1;2022-01-10;21814;60572;236837;957;32912;267628;1258;0;1;41985360;39615488;18981474;52598;41537651;20504304;23248;0;18
FR;1;2022-01-11;26787;63427;282347;1280;31190;317862;1837;0;1;42012147;39678915;19263821;53878;41568841;20822166;25085;0;19
FR;1;2022-01-12;28969;62477;246305;1106;35041;278094;1686;0;3;42041116;39741392;19510126;54984;41603882;21100260;26771;0;22
FR;1;2022-01-13;24791;60153;262845;1253;30023;296166;1993;0;4;42065907;39801545;19772971;56237;41633905;21396426;28764;0;26
FR;1;2022-01-14;27972;66681;314057;1366;32102;351309;2475;0;1;42093879;39868226;20087028;57603;41666007;21747735;31239;0;27
FR;1;2022-01-15;19371;44407;199333;619;22460;223870;1363;0;1;42113250;39912633;20286361;58222;41688467;21971605;32602;0;28
FR;1;2022-01-16;5161;12955;51537;135;6020;59557;338;0;0;42118411;39925588;20337898;58357;41694487;22031162;32940;0;28
FR;1;2022-01-17;16883;39660;184867;783;20109;206845;1690;0;2;42135294;39965248;20522765;59140;41714596;22238007;34630;0;30
FR;1;2022-01-18;19460;45955;212462;1154;22981;237063;2456;0;1;42154754;40011203;20735227;60294;41737577;22475070;37086;0;31
FR;1;2022-01-19;20314;43939;176151;898;25466;197207;1977;0;4;42175068;40055142;20911378;61192;41763043;22672277;39063;0;35
FR;1;2022-01-20;16853;40565;183722;1147;20812;204767;2516;0;2;42191921;40095707;21095100;62339;41783855;22877044;41579;0;37
FR;1;2022-01-21;19923;47001;228984;1405;23880;253361;3106;0;1;42211844;40142708;21324084;63744;41807735;23130405;44685;0;38
FR;1;2022-01-22;13845;33331;144509;579;18432;161398;1404;0;2;42225689;40176039;21468593;64323;41826167;23291803;46089;0;40
FR;1;2022-01-23;3379;8763;33439;132;4576;38324;352;0;1;42229068;40184802;21502032;64455;41830743;23330127;46441;0;41
FR;1;2022-01-24;11816;32968;142243;718;17789;158280;2104;0;1;42240884;40217770;21644275;65173;41848532;23488407;48545;0;42
FR;1;2022-01-25;14217;38155;163436;1049;20280;181570;3181;0;1;42255101;40255925;21807711;66222;41868812;23669977;51726;0;43
FR;1;2022-01-26;14865;37723;150273;934;22634;166402;2516;0;1;42269966;40293648;21957984;67156;41891446;23836379;54242;0;44
FR;1;2022-01-27;12341;33337;143471;896;18498;158050;3230;0;3;42282307;40326985;22101455;68052;41909944;23994429;57472;0;47
FR;1;2022-01-28;16331;56908;198337;1144;32664;222396;4007;0;3;42298638;40383893;22299792;69196;41942608;24216825;61479;0;50
FR;1;2022-01-29;10270;35469;135216;525;19611;151542;1879;0;1;42308908;40419362;22435008;69721;41962219;24368367;63358;0;51
FR;1;2022-01-30;2485;9254;29688;86;4827;34449;434;0;1;42311393;40428616;22464696;69807;41967046;24402816;63792;0;52
FR;1;2022-01-31;8759;32460;104354;533;19470;117342;2340;0;3;42320152;40461076;22569050;70340;41986516;24520158;66132;0;55
FR;1;2022-02-01;11010;36445;127095;866;20630;141217;4320;0;1;42331162;40497521;22696145;71206;42007146;24661375;70452;0;56
FR;1;2022-02-02;12168;41572;130371;782;25262;145819;3774;0;9;42343330;40539093;22826516;71988;42032408;24807194;74226;0;65
FR;1;2022-02-03;9518;34055;117034;785;19122;130333;4284;0;4;42352848;40573148;22943550;72773;42051530;24937527;78510;0;69
FR;1;2022-02-04;11544;49687;172589;968;26978;192725;5479;0;5;42364392;40622835;23116139;73741;42078508;25130252;83989;0;74
FR;1;2022-02-05;8000;33921;117593;391;18170;133024;2414;0;3;42372392;40656756;23233732;74132;42096678;25263276;86403;0;77
FR;1;2022-02-06;1706;7995;22754;86;3873;26905;444;0;0;42374098;40664751;23256486;74218;42100551;25290181;86847;0;77
FR;1;2022-02-07;7367;35387;119114;460;18173;134971;3398;0;4;42381465;40700138;23375600;74678;42118724;25425152;90245;0;81
FR;1;2022-02-08;7772;31960;125676;696;14892;140666;4301;0;5;42389237;40732098;23501276;75374;42133616;25565818;94546;0;86
FR;1;2022-02-09;8742;36529;135267;702;17930;152510;3884;0;7;42397979;40768627;23636543;76076;42151546;25718328;98430;0;93
FR;1;2022-02-10;7033;30146;116383;677;13911;130171;4445;0;1;42405012;40798773;23752926;76753;42165457;25848499;102875;0;94
FR;1;2022-02-11;8662;41568;165150;878;18382;185374;5430;0;3;42413674;40840341;23918076;77631;42183839;26033873;108305;0;97
FR;1;2022-02-12;5346;27617;106715;379;12540;120900;2396;0;2;42419020;40867958;24024791;78010;42196379;26154773;110701;0;99
FR;1;2022-02-13;1269;5721;21721;66;2188;25339;402;0;3;42420289;40873679;24046512;78076;42198567;26180112;111103;0;102
FR;1;2022-02-14;5461;27230;118095;395;10644;133123;3385;0;4;42425750;40900909;24164607;78471;42209211;26313235;114488;0;106
FR;1;2022-02-15;5797;28872;118941;611;12221;132572;4883;0;1;42431547;40929781;24283548;79082;42221432;26445807;119371;0;107
FR;1;2022-02-16;5763;28496;110429;597;13763;123059;4153;0;3;42437310;40958277;24393977;79679;42235195;26568866;123524;0;110
FR;1;2022-02-17;4617;19749;73155;489;10129;80262;3999;0;3;42441927;40978026;24467132;80168;42245324;26649128;127523;0;113
FR;1;2022-02-18;5615;26803;99209;673;14176;108170;5519;0;2;42447542;41004829;24566341;80841;42259500;26757298;133042;0;115
FR;1;2022-02-19;3551;17178;59479;305;9571;66060;2267;0;0;42451093;41022007;24625820;81146;42269071;26823358;135309;0;115
FR;1;2022-02-20;794;3258;10706;36;1651;12333;360;0;1;42451887;41025265;24636526;81182;42270722;26835691;135669;0;116
FR;1;2022-02-21;3430;14599;52830;286;7919;57678;3126;0;2;42455317;41039864;24689356;81468;42278641;26893369;138795;0;118
FR;1;2022-02-22;3804;15550;51919;500;9047;55657;4070;0;1;42459121;41055414;24741275;81968;42287688;26949026;142865;0;119
FR;1;2022-02-23;4235;17828;57487;510;10748;62589;3568;0;3;42463356;41073242;24798762;82478;42298436;27011615;146433;0;122
FR;1;2022-02-24;3345;13145;43620;436;7840;46410;3658;0;2;42466701;41086387;24842382;82914;42306276;27058025;150091;0;124
FR;1;2022-02-25;4478;20133;64928;697;12250;68799;5768;0;4;42471179;41106520;24907310;83611;42318526;27126824;155859;0;128
FR;1;2022-02-26;2698;12806;41371;310;7653;45124;2494;0;2;42473877;41119326;24948681;83921;42326179;27171948;158353;0;130
FR;1;2022-02-27;644;2192;7131;42;1207;7994;433;0;0;42474521;41121518;24955812;83963;42327386;27179942;158786;0;130
FR;1;2022-02-28;2614;10501;34969;306;6081;37395;3124;0;0;42477135;41132019;24990781;84269;42333467;27217337;161910;0;130
FR;1;2022-03-01;3592;10762;38706;391;6364;39662;4548;0;4;42480727;41142781;25029487;84660;42339831;27256999;166458;0;134
FR;1;2022-03-02;3685;12287;41871;399;7554;43941;4111;0;1;42484412;41155068;25071358;85059;42347385;27300940;170569;0;135
FR;1;2022-03-03;2463;7994;26186;329;5249;26524;3380;0;1;42486875;41163062;25097544;85388;42352634;27327464;173949;0;136
FR;1;2022-03-04;2691;10551;35468;594;6983;34962;5280;0;3;42489566;41173613;25133012;85982;42359617;27362426;179229;0;139
FR;1;2022-03-05;1823;6370;21972;280;4208;22370;2572;0;1;42491389;41179983;25154984;86262;42363825;27384796;181801;0;140
FR;1;2022-03-06;360;959;2918;38;605;3121;327;0;0;42491749;41180942;25157902;86300;42364430;27387917;182128;0;140
FR;1;2022-03-07;1923;4724;16442;245;3046;15910;2831;0;4;42493672;41185666;25174344;86545;42367476;27403827;184959;0;144
FR;1;2022-03-08;1719;5259;17172;309;3670;16001;3471;0;3;42495391;41190925;25191516;86854;42371146;27419828;188430;0;147
FR;1;2022-03-09;1988;6750;19821;371;4825;19179;3424;0;4;42497379;41197675;25211337;87225;42375971;27439007;191854;0;151
FR;1;2022-03-10;1416;5023;15302;309;3675;14340;2944;0;2;42498795;41202698;25226639;87534;42379646;27453347;194798;0;153
FR;1;2022-03-11;1761;6416;21717;487;4450;19873;4737;0;1;42500556;41209114;25248356;88021;42384096;27473220;199535;0;154
FR;1;2022-03-12;1264;4652;15367;281;3093;14915;2687;0;2;42501820;41213766;25263723;88302;42387189;27488135;202222;0;156
FR;1;2022-03-13;257;614;2119;119;415;2065;468;0;0;42502077;41214380;25265842;88421;42387604;27490200;202690;0;156
FR;1;2022-03-14;1160;3682;13407;3882;2297;12528;6342;0;8;42503237;41218062;25279249;92303;42389901;27502728;209032;0;164
FR;1;2022-03-15;1409;5735;14665;6865;4319;13262;9847;0;8;42504646;41223797;25293914;99168;42394220;27515990;218879;0;172
FR;1;2022-03-16;1700;5091;17401;11521;3602;16465;14126;0;6;42506346;41228888;25311315;110689;42397822;27532455;233005;0;178
FR;1;2022-03-17;1181;3442;11735;9648;2367;10830;11732;0;8;42507527;41232330;25323050;120337;42400189;27543285;244737;0;186
FR;1;2022-03-18;1725;4931;17980;16508;3325;16419;19722;0;14;42509252;41237261;25341030;136845;42403514;27559704;264459;0;200
FR;1;2022-03-19;1126;3302;11891;8460;2277;11362;10142;0;6;42510378;41240563;25352921;145305;42405791;27571066;274601;0;206
FR;1;2022-03-20;224;562;1726;1015;364;1761;1224;0;2;42510602;41241125;25354647;146320;42406155;27572827;275825;0;208
FR;1;2022-03-21;1088;2768;11505;13462;1787;10856;15142;0;10;42511690;41243893;25366152;159782;42407942;27583683;290967;0;218
FR;1;2022-03-22;1282;3215;12265;18716;2156;11253;20619;0;5;42512972;41247108;25378417;178498;42410098;27594936;311586;0;223
FR;1;2022-03-23;1515;4365;16035;20112;2961;15716;21884;0;34;42514487;41251473;25394452;198610;42413059;27610652;333470;0;257
FR;1;2022-03-24;1121;2754;10405;16060;1910;9666;17565;0;15;42515608;41254227;25404857;214670;42414969;27620318;351035;0;272
FR;1;2022-03-25;1540;4364;16758;25315;2882;15409;27960;0;23;42517148;41258591;25421615;239985;42417851;27635727;378995;0;295
FR;1;2022-03-26;1110;3018;10856;11452;2065;10518;12864;0;20;42518258;41261609;25432471;251437;42419916;27646245;391859;0;315
FR;1;2022-03-27;237;546;1751;1383;334;1804;1594;0;1;42518495;41262155;25434222;252820;42420250;27648049;393453;0;316
FR;1;2022-03-28;1086;2490;9981;15885;1558;9602;17230;0;10;42519581;41264645;25444203;268705;42421808;27657651;410683;0;326
FR;1;2022-03-29;1140;2754;11562;25112;1602;10926;26509;0;30;42520721;41267399;25455765;293817;42423410;27668577;437192;0;356
FR;1;2022-03-30;1632;3680;14176;24233;2454;13716;25897;0;19;42522353;41271079;25469941;318050;42425864;27682293;463089;0;375
FR;1;2022-03-31;1281;3033;11701;22704;2061;11214;24025;0;40;42523634;41274112;25481642;340754;42427925;27693507;487114;0;415
FR;1;2022-04-01;2239;4025;18492;28534;2482;17362;30806;0;54;42525873;41278137;25500134;369288;42430407;27710869;517920;0;469
FR;1;2022-04-02;911;1894;8197;9240;1106;7960;10233;0;28;42526784;41280031;25508331;378528;42431513;27718829;528153;0;497
FR;1;2022-04-03;207;382;1433;1058;219;1435;1249;0;1;42526991;41280413;25509764;379586;42431732;27720264;529402;0;498
FR;1;2022-04-04;4273;2608;11385;17680;1696;10776;18900;0;30;42531264;41283021;25521149;397266;42433428;27731040;548302;0;528
FR;1;2022-04-05;2262;2725;13006;31222;1708;12032;32603;0;68;42533526;41285746;25534155;428488;42435136;27743072;580905;0;596
FR;1;2022-04-06;1893;3018;12207;23982;1926;11644;25279;0;62;42535419;41288764;25546362;452470;42437062;27754716;606184;0;658
FR;1;2022-04-07;1694;2754;12360;31120;1651;11827;32196;0;68;42537113;41291518;25558722;483590;42438713;27766543;638380;0;726
FR;1;2022-04-08;1847;3713;17570;40649;2099;16500;42702;0;76;42538960;41295231;25576292;524239;42440812;27783043;681082;0;802
FR;1;2022-04-09;827;2000;8406;12504;1078;8106;13502;0;26;42539787;41297231;25584698;536743;42441890;27791149;694584;0;828
FR;1;2022-04-10;202;655;1837;1855;420;1883;2075;0;6;42539989;41297886;25586535;538598;42442310;27793032;696659;0;834
FR;1;2022-04-11;1108;2269;10973;22372;1322;10687;23480;0;68;42541097;41300155;25597508;560970;42443632;27803719;720139;0;902
FR;1;2022-04-12;1352;2680;12828;38147;1594;12316;38899;0;119;42542449;41302835;25610336;599117;42445226;27816035;759038;0;1021
FR;1;2022-04-13;1284;2894;12279;30627;1790;12009;31399;0;85;42543733;41305729;25622615;629744;42447016;27828044;790437;0;1106
FR;1;2022-04-14;1240;2629;12119;33661;1632;12133;34098;0;87;42544973;41308358;25634734;663405;42448648;27840177;824535;0;1193
FR;1;2022-04-15;1512;3350;14408;33269;2165;13814;34671;0;107;42546485;41311708;25649142;696674;42450813;27853991;859206;0;1300
FR;1;2022-04-16;663;1410;5845;8003;767;5777;8757;0;31;42547148;41313118;25654987;704677;42451580;27859768;867963;0;1331
FR;1;2022-04-17;157;290;930;1121;177;975;1171;0;7;42547305;41313408;25655917;705798;42451757;27860743;869134;0;1338
FR;1;2022-04-18;170;499;2636;1002;313;2660;1187;0;5;42547475;41313907;25658553;706800;42452070;27863403;870321;0;1343
FR;1;2022-04-19;1259;2610;11788;27936;1500;11519;28791;0;69;42548734;41316517;25670341;734736;42453570;27874922;899112;0;1412
FR;1;2022-04-20;1360;2675;12179;26886;1678;12031;27711;0;82;42550094;41319192;25682520;761622;42455248;27886953;926823;0;1494
FR;1;2022-04-21;1245;2465;11554;33286;1514;11785;33624;0;107;42551339;41321657;25694074;794908;42456762;27898738;960447;0;1601
FR;1;2022-04-22;1527;3094;15217;35507;1927;14795;36705;0;120;42552866;41324751;25709291;830415;42458689;27913533;997152;0;1721
FR;1;2022-04-23;767;1590;6738;9894;927;6644;10578;0;30;42553633;41326341;25716029;840309;42459616;27920177;1007730;0;1751
FR;1;2022-04-24;195;378;1376;1524;242;1329;1749;0;7;42553828;41326719;25717405;841833;42459858;27921506;1009479;0;1758
FR;1;2022-04-25;1042;2133;9858;19736;1255;9758;20558;0;64;42554870;41328852;25727263;861569;42461113;27931264;1030037;0;1822
FR;1;2022-04-26;1351;2627;12608;36640;1608;12207;37228;0;163;42556221;41331479;25739871;898209;42462721;27943471;1067265;0;1985
FR;1;2022-04-27;1331;2411;10654;29291;1471;10790;29676;0;123;42557552;41333890;25750525;927500;42464192;27954261;1096941;0;2108
FR;1;2022-04-28;1285;2421;11565;34329;1527;11406;34479;0;127;42558837;41336311;25762090;961829;42465719;27965667;1131420;0;2235
FR;1;2022-04-29;1616;4296;14406;35563;3169;13859;36852;0;153;42560453;41340607;25776496;997392;42468888;27979526;1168272;0;2388
FR;1;2022-04-30;841;4335;6448;9173;3762;6292;9974;0;35;42561294;41344942;25782944;1006565;42472650;27985818;1178246;0;2423
FR;1;2022-05-01;179;288;832;951;190;826;1080;0;5;42561473;41345230;25783776;1007516;42472840;27986644;1179326;0;2428
FR;1;2022-05-02;2099;2628;10383;16956;1783;10308;17637;0;64;42563572;41347858;25794159;1024472;42474623;27996952;1196963;0;2492
FR;1;2022-05-03;1687;2879;12712;32916;1762;12604;33715;0;149;42565259;41350737;25806871;1057388;42476385;28009556;1230678;0;2641
FR;1;2022-05-04;1382;2751;11234;23826;1696;11396;24365;0;96;42566641;41353488;25818105;1081214;42478081;28020952;1255043;0;2737
FR;1;2022-05-05;1501;2738;12201;31862;1722;12124;32410;0;170;42568142;41356226;25830306;1113076;42479803;28033076;1287453;0;2907
FR;1;2022-05-06;1823;3242;14242;34941;1919;13826;36203;0;166;42569965;41359468;25844548;1148017;42481722;28046902;1323656;0;3073
FR;1;2022-05-07;860;1473;5979;9097;878;6013;9731;0;44;42570825;41360941;25850527;1157114;42482600;28052915;1333387;0;3117
FR;1;2022-05-08;190;329;1062;1472;221;1124;1548;0;8;42571015;41361270;25851589;1158586;42482821;28054039;1334935;0;3125
FR;1;2022-05-09;1168;2020;9250;19262;1160;9165;20034;0;93;42572183;41363290;25860839;1177848;42483981;28063204;1354969;0;3218
FR;1;2022-05-10;1513;3050;12616;37145;1961;12215;38043;0;177;42573696;41366340;25873455;1214993;42485942;28075419;1393012;0;3395
FR;1;2022-05-11;1441;2480;9912;26042;1698;9860;26559;0;138;42575137;41368820;25883367;1241035;42487640;28085279;1419571;0;3533
FR;1;2022-05-12;1326;2457;10530;33654;1549;10230;34300;0;188;42576463;41371277;25893897;1274689;42489189;28095509;1453871;0;3721
FR;1;2022-05-13;1618;2808;12770;35855;1686;12418;36950;0;149;42578081;41374085;25906667;1310544;42490875;28107927;1490821;0;3870
FR;1;2022-05-14;783;1330;5481;10217;816;5365;10732;0;52;42578864;41375415;25912148;1320761;42491691;28113292;1501553;0;3922
FR;1;2022-05-15;223;422;1182;1352;246;1252;1497;0;5;42579087;41375837;25913330;1322113;42491937;28114544;1503050;0;3927
FR;1;2022-05-16;972;1786;8081;20138;1005;8145;20550;0;117;42580059;41377623;25921411;1342251;42492942;28122689;1523600;0;4044
FR;1;2022-05-17;1297;2303;11126;36187;1387;10730;36973;0;172;42581356;41379926;25932537;1378438;42494329;28133419;1560573;0;4216
FR;1;2022-05-18;1313;2137;9042;25730;1369;8991;26290;0;99;42582669;41382063;25941579;1404168;42495698;28142410;1586863;0;4315
FR;1;2022-05-19;1207;2404;9856;34005;1415;9951;34208;0;150;42583876;41384467;25951435;1438173;42497113;28152361;1621071;0;4465
FR;1;2022-05-20;1563;2757;12533;37655;1721;12113;38516;0;151;42585439;41387224;25963968;1475828;42498834;28164474;1659587;0;4616
FR;1;2022-05-21;775;1387;5247;9374;880;5164;9944;0;37;42586214;41388611;25969215;1485202;42499714;28169638;1669531;0;4653
FR;1;2022-05-22;194;292;954;1398;204;953;1521;0;10;42586408;41388903;25970169;1486600;42499918;28170591;1671052;0;4663
FR;1;2022-05-23;971;1891;8372;19439;1179;8348;20056;0;79;42587379;41390794;25978541;1506039;42501097;28178939;1691108;0;4742
FR;1;2022-05-24;1289;2448;10728;37252;1440;10598;37825;0;173;42588668;41393242;25989269;1543291;42502537;28189537;1728933;0;4915
FR;1;2022-05-25;1272;2300;8793;23694;1425;8957;24056;0;111;42589940;41395542;25998062;1566985;42503962;28198494;1752989;0;5026
FR;1;2022-05-26;175;385;1585;1155;261;1580;1288;0;24;42590115;41395927;25999647;1568140;42504223;28200074;1754277;0;5050
FR;1;2022-05-27;1120;2192;8790;20457;1377;8538;21410;0;84;42591235;41398119;26008437;1588597;42505600;28208612;1775687;0;5134
FR;1;2022-05-28;486;1059;3692;6543;627;3729;6930;0;37;42591721;41399178;26012129;1595140;42506227;28212341;1782617;0;5171
FR;1;2022-05-29;121;257;708;896;149;719;1005;0;4;42591842;41399435;26012837;1596036;42506376;28213060;1783622;0;5175
FR;1;2022-05-30;832;1744;6559;18536;1045;6592;18990;0;85;42592674;41401179;26019396;1614572;42507421;28219652;1802612;0;5260
FR;1;2022-05-31;1266;2241;9248;34376;1372;9118;34976;0;159;42593940;41403420;26028644;1648948;42508793;28228770;1837588;0;5419
FR;1;2022-06-01;1336;2605;10439;23460;1752;10302;24307;0;116;42595276;41406025;26039083;1672408;42510545;28239072;1861895;0;5535
FR;1;2022-06-02;1228;2309;10670;34153;1448;10248;34986;0;162;42596504;41408334;26049753;1706561;42511993;28249320;1896881;0;5697
FR;1;2022-06-03;1447;2749;12735;37112;1740;12156;38288;0;157;42597951;41411083;26062488;1743673;42513733;28261476;1935169;0;5854
FR;1;2022-06-04;686;1263;4750;8677;760;4826;9167;0;62;42598637;41412346;26067238;1752350;42514493;28266302;1944336;0;5916
FR;1;2022-06-05;134;293;811;1049;151;835;1154;0;3;42598771;41412639;26068049;1753399;42514644;28267137;1945490;0;5919
FR;1;2022-06-06;841;1196;2028;1252;1018;2047;1427;0;9;42599612;41413835;26070077;1754651;42515662;28269184;1946917;0;5928
FR;1;2022-06-07;1264;2343;9185;34057;1440;8845;35156;0;143;42600876;41416178;26079262;1788708;42517102;28278029;1982073;0;6071
FR;1;2022-06-08;1140;2239;8682;27615;1402;8566;28486;0;107;42602016;41418417;26087944;1816323;42518504;28286595;2010559;0;6178
FR;1;2022-06-09;1076;2152;9987;37576;1283;9672;38343;0;148;42603092;41420569;26097931;1853899;42519787;28296267;2048902;0;6326
FR;1;2022-06-10;1337;2861;12424;43134;1824;12015;44363;0;200;42604429;41423430;26110355;1897033;42521611;28308282;2093265;0;6526
FR;1;2022-06-11;661;1451;5136;11085;798;5185;11614;0;50;42605090;41424881;26115491;1908118;42522409;28313467;2104879;0;6576
FR;1;2022-06-12;157;377;1019;1687;189;1077;1788;0;11;42605247;41425258;26116510;1909805;42522598;28314544;2106667;0;6587
FR;1;2022-06-13;951;1840;7015;22226;1135;6872;23067;0;84;42606198;41427098;26123525;1932031;42523733;28321416;2129734;0;6671
FR;1;2022-06-14;1117;2234;9841;42852;1312;9246;43944;0;186;42607315;41429332;26133366;1974883;42525045;28330662;2173678;0;6857
FR;1;2022-06-15;1095;2012;8788;29393;1363;8476;29941;0;169;42608410;41431344;26142154;2004276;42526408;28339138;2203619;0;7026
FR;1;2022-06-16;959;1840;9404;38510;1061;8882;39417;0;188;42609369;41433184;26151558;2042786;42527469;28348020;2243036;0;7214
FR;1;2022-06-17;1229;2568;11916;44864;1483;11382;46004;0;224;42610598;41435752;26163474;2087650;42528952;28359402;2289040;0;7438
FR;1;2022-06-18;564;1277;4319;10544;717;4258;11086;0;62;42611162;41437029;26167793;2098194;42529669;28363660;2300126;0;7500
FR;1;2022-06-19;137;325;1003;1543;173;1082;1609;0;12;42611299;41437354;26168796;2099737;42529842;28364742;2301735;0;7512
FR;1;2022-06-20;861;1710;8493;25049;1009;8157;25910;0;146;42612160;41439064;26177289;2124786;42530851;28372899;2327645;0;7658
FR;1;2022-06-21;1103;2140;9765;47760;1254;8856;49105;0;241;42613263;41441204;26187054;2172546;42532105;28381755;2376750;0;7899
FR;1;2022-06-22;1046;2074;8442;37162;1301;7963;38022;0;231;42614309;41443278;26195496;2209708;42533406;28389718;2414772;0;8130
FR;1;2022-06-23;1054;2181;10125;52819;1210;9408;53828;0;290;42615363;41445459;26205621;2262527;42534616;28399126;2468600;0;8420
FR;1;2022-06-24;1256;2719;12917;65969;1487;11701;67641;0;367;42616619;41448178;26218538;2328496;42536103;28410827;2536241;0;8787
FR;1;2022-06-25;685;1506;5930;18923;792;5712;19722;0;163;42617304;41449684;26224468;2347419;42536895;28416539;2555963;0;8950
FR;1;2022-06-26;167;406;1817;3494;191;1713;3730;0;34;42617471;41450090;26226285;2350913;42537086;28418252;2559693;0;8984
FR;1;2022-06-27;945;1777;9901;45979;943;9127;47114;0;300;42618416;41451867;26236186;2396892;42538029;28427379;2606807;0;9284
FR;1;2022-06-28;1216;2576;13843;86587;1382;12404;88275;0;569;42619632;41454443;26250029;2483479;42539411;28439783;2695082;0;9853
FR;1;2022-06-29;1242;2297;11483;67405;1261;10550;68450;0;487;42620874;41456740;26261512;2550884;42540672;28450333;2763532;0;10340
FR;1;2022-06-30;1291;2487;13518;89967;1438;11828;91769;0;645;42622165;41459227;26275030;2640851;42542110;28462161;2855301;0;10985
FR;1;2022-07-01;1659;3482;20316;109201;1992;17972;111597;0;859;42623824;41462709;26295346;2750052;42544102;28480133;2966898;0;11844
FR;1;2022-07-02;770;1527;8025;33776;751;7254;34802;0;315;42624594;41464236;26303371;2783828;42544853;28487387;3001700;0;12159
FR;1;2022-07-03;230;480;1943;6119;257;1759;6445;0;71;42624824;41464716;26305314;2789947;42545110;28489146;3008145;0;12230
FR;1;2022-07-04;1678;3179;13935;75420;2064;12362;77309;0;589;42626502;41467895;26319249;2865367;42547174;28501508;3085454;0;12819
FR;1;2022-07-05;1507;2858;17696;126387;1512;15153;128500;0;1060;42628009;41470753;26336945;2991754;42548686;28516661;3213954;0;13879
FR;1;2022-07-06;1379;2406;14888;93747;1385;12912;95183;0;815;42629388;41473159;26351833;3085501;42550071;28529573;3309137;0;14694
FR;1;2022-07-07;1444;2538;16939;119493;1406;14010;121588;0;1074;42630832;41475697;26368772;3204994;42551477;28543583;3430725;0;15768
FR;1;2022-07-08;1534;2823;19612;130007;1541;15975;132811;0;1220;42632366;41478520;26388384;3335001;42553018;28559558;3563536;0;16988
FR;1;2022-07-09;663;1281;7311;36022;699;6354;36809;0;392;42633029;41479801;26395695;3371023;42553717;28565912;3600345;0;17380
FR;1;2022-07-10;245;657;2240;6689;412;2032;7068;0;89;42633274;41480458;26397935;3377712;42554129;28567944;3607413;0;17469
FR;1;2022-07-11;1241;2245;14320;84455;1180;11942;86565;0;734;42634515;41482703;26412255;3462167;42555309;28579886;3693978;0;18203
FR;1;2022-07-12;1605;2806;19464;137424;1442;15904;139914;0;1485;42636120;41485509;26431719;3599591;42556751;28595790;3833892;0;19688
FR;1;2022-07-13;1462;2442;14791;89838;1319;12644;91523;0;1002;42637582;41487951;26446510;3689429;42558070;28608434;3925415;0;20690
FR;1;2022-07-14;162;351;1864;5290;196;1773;5437;0;74;42637744;41488302;26448374;3694719;42558266;28610207;3930852;0;20764
FR;1;2022-07-15;1266;2319;14364;80599;1206;12007;82603;0;960;42639010;41490621;26462738;3775318;42559472;28622214;4013455;0;21724
FR;1;2022-07-16;514;1064;5641;23949;556;4894;24590;0;302;42639524;41491685;26468379;3799267;42560028;28627108;4038045;0;22026
FR;1;2022-07-17;163;369;1656;4464;193;1501;4727;0;60;42639687;41492054;26470035;3803731;42560221;28628609;4042772;0;22086
FR;1;2022-07-18;975;2037;11301;59282;1148;9571;61006;0;715;42640662;41494091;26481336;3863013;42561369;28638180;4103778;0;22801
FR;1;2022-07-19;1235;2132;14695;99429;1196;11727;101426;0;1386;42641897;41496223;26496031;3962442;42562565;28649907;4205204;0;24187
FR;1;2022-07-20;1185;2007;12375;74374;1173;10286;75859;0;964;42643082;41498230;26508406;4036816;42563738;28660193;4281063;0;25151
FR;1;2022-07-21;1137;1955;12418;84547;1189;9994;85912;0;1211;42644219;41500185;26520824;4121363;42564927;28670187;4366975;0;26362
FR;1;2022-07-22;1274;2246;14111;85963;1259;11433;87688;0;1264;42645493;41502431;26534935;4207326;42566186;28681620;4454663;0;27626
FR;1;2022-07-23;548;1093;5238;21296;634;4611;21842;0;373;42646041;41503524;26540173;4228622;42566820;28686231;4476505;0;27999
FR;1;2022-07-24;149;306;1327;3700;153;1168;3925;0;65;42646190;41503830;26541500;4232322;42566973;28687399;4480430;0;28064
FR;1;2022-07-25;891;1634;9076;46124;984;7526;47497;0;680;42647081;41505464;26550576;4278446;42567957;28694925;4527927;0;28744
FR;1;2022-07-26;1136;1964;12681;81968;1120;10336;83582;0;1198;42648217;41507428;26563257;4360414;42569077;28705261;4611509;0;29942
FR;1;2022-07-27;1021;1730;9760;58521;1047;8138;59702;0;874;42649238;41509158;26573017;4418935;42570124;28713399;4671211;0;30816
FR;1;2022-07-28;982;1706;9857;61918;1114;7854;63144;0;967;42650220;41510864;26582874;4480853;42571238;28721253;4734355;0;31783
FR;1;2022-07-29;1112;1845;10461;62989;1171;8385;64303;0;1066;42651332;41512709;26593335;4543842;42572409;28729638;4798658;0;32849
FR;1;2022-07-30;395;727;3349;14491;442;2850;14851;0;279;42651727;41513436;26596684;4558333;42572851;28732488;4813509;0;33128
FR;1;2022-07-31;141;264;900;2335;159;766;2477;0;47;42651868;41513700;26597584;4560668;42573010;28733254;4815986;0;33175
FR;1;2022-08-01;883;1473;7260;28968;1087;6122;29961;0;519;42652751;41515173;26604844;4589636;42574097;28739376;4845947;0;33694
FR;1;2022-08-02;930;1486;8239;54049;1000;6634;54688;0;1091;42653681;41516659;26613083;4643685;42575097;28746010;4900635;0;34785
FR;1;2022-08-03;738;1108;6157;37046;753;4939;37776;0;645;42654419;41517767;26619240;4680731;42575850;28750949;4938411;0;35430
FR;1;2022-08-04;651;1081;6264;41453;697;5058;42008;0;850;42655070;41518848;26625504;4722184;42576547;28756007;4980419;0;36280
FR;1;2022-08-05;745;1198;6766;43084;809;5436;43707;0;933;42655815;41520046;26632270;4765268;42577356;28761443;5024126;0;37213
FR;1;2022-08-06;277;465;1993;9000;305;1674;9192;0;218;42656092;41520511;26634263;4774268;42577661;28763117;5033318;0;37431
FR;1;2022-08-07;89;148;520;1557;104;436;1630;0;35;42656181;41520659;26634783;4775825;42577765;28763553;5034948;0;37466
FR;1;2022-08-08;584;1078;3807;21229;833;3141;21627;0;457;42656765;41521737;26638590;4797054;42578598;28766694;5056575;0;37923
FR;1;2022-08-09;669;1056;5683;38481;747;4558;38967;0;794;42657434;41522793;26644273;4835535;42579345;28771252;5095542;0;38717
FR;1;2022-08-10;569;1185;4435;26915;886;3636;27228;0;601;42658003;41523978;26648708;4862450;42580231;28774888;5122770;0;39318
FR;1;2022-08-11;566;920;4315;28210;632;3589;28538;0;634;42658569;41524898;26653023;4890660;42580863;28778477;5151308;0;39952
FR;1;2022-08-12;732;1042;4555;27171;719;3762;27583;0;668;42659301;41525940;26657578;4917831;42581582;28782239;5178891;0;40620
FR;1;2022-08-13;322;371;1248;5111;263;1066;5282;0;116;42659623;41526311;26658826;4922942;42581845;28783305;5184173;0;40736
FR;1;2022-08-14;67;115;277;871;96;236;941;0;24;42659690;41526426;26659103;4923813;42581941;28783541;5185114;0;40760
FR;1;2022-08-15;112;216;574;542;185;535;593;0;16;42659802;41526642;26659677;4924355;42582126;28784076;5185707;0;40776
FR;1;2022-08-16;551;953;3792;21491;712;3221;21692;0;582;42660353;41527595;26663469;4945846;42582838;28787297;5207399;0;41358
FR;1;2022-08-17;548;915;3769;22152;682;3195;22390;0;579;42660901;41528510;26667238;4967998;42583520;28790492;5229789;0;41937
FR;1;2022-08-18;562;899;3942;25455;700;3141;25677;0;630;42661463;41529409;26671180;4993453;42584220;28793633;5255466;0;42567
FR;1;2022-08-19;537;1050;4369;26547;749;3601;26855;0;732;42662000;41530459;26675549;5020000;42584969;28797234;5282321;0;43299
FR;1;2022-08-20;251;422;1290;5371;322;1107;5524;0;138;42662251;41530881;26676839;5025371;42585291;28798341;5287845;0;43437
FR;1;2022-08-21;84;112;287;990;77;253;1013;0;27;42662335;41530993;26677126;5026361;42585368;28798594;5288858;0;43464
FR;1;2022-08-22;511;900;3142;14956;674;2714;15232;0;411;42662846;41531893;26680268;5041317;42586042;28801308;5304090;0;43875
FR;1;2022-08-23;656;1064;4155;28323;748;3486;28405;0;830;42663502;41532957;26684423;5069640;42586790;28804794;5332495;0;44705
FR;1;2022-08-24;569;839;3405;19069;661;2774;19254;0;587;42664071;41533796;26687828;5088709;42587451;28807568;5351749;0;45292
FR;1;2022-08-25;565;937;3832;22919;654;3215;23148;0;655;42664636;41534733;26691660;5111628;42588105;28810783;5374897;0;45947
FR;1;2022-08-26;754;1137;4350;25157;810;3568;25532;0;745;42665390;41535870;26696010;5136785;42588915;28814351;5400429;0;46692
FR;1;2022-08-27;223;432;1324;5308;277;1191;5362;0;192;42665613;41536302;26697334;5142093;42589192;28815542;5405791;0;46884
FR;1;2022-08-28;113;147;298;899;106;280;948;0;33;42665726;41536449;26697632;5142992;42589298;28815822;5406739;0;46917
FR;1;2022-08-29;507;861;2979;14272;638;2519;14582;0;409;42666233;41537310;26700611;5157264;42589936;28818341;5421321;0;47326
FR;1;2022-08-30;746;1111;4626;27721;788;3776;28042;0;793;42666979;41538421;26705237;5184985;42590724;28822117;5449363;0;48119
FR;1;2022-08-31;587;835;3114;17241;614;2624;17503;0;483;42667566;41539256;26708351;5202226;42591338;28824741;5466866;0;48602
FR;1;2022-09-01;701;927;4333;21895;653;3693;22148;0;587;42668267;41540183;26712684;5224121;42591991;28828434;5489014;0;49189
FR;1;2022-09-02;858;1063;4886;27866;762;4083;28154;0;882;42669125;41541246;26717570;5251987;42592753;28832517;5517168;0;50071
FR;1;2022-09-03;322;511;1833;5876;349;1595;6105;0;174;42669447;41541757;26719403;5257863;42593102;28834112;5523273;0;50245
FR;1;2022-09-04;110;137;341;845;73;334;915;0;21;42669557;41541894;26719744;5258708;42593175;28834446;5524188;0;50266
FR;1;2022-09-05;725;872;3051;15698;696;2557;15982;0;499;42670282;41542766;26722795;5274406;42593871;28837003;5540170;0;50765
FR;1;2022-09-06;844;965;4572;31064;612;3712;31285;0;1002;42671126;41543731;26727367;5305470;42594483;28840715;5571455;0;51767
FR;1;2022-09-07;609;706;2921;16444;468;2425;16581;0;550;42671735;41544437;26730288;5321914;42594951;28843140;5588036;0;52317
FR;1;2022-09-08;583;796;3701;24224;543;3041;24305;0;796;42672318;41545233;26733989;5346138;42595494;28846181;5612341;0;53113
FR;1;2022-09-09;782;976;4307;26897;618;3597;27078;0;903;42673100;41546209;26738296;5373035;42596112;28849778;5639419;0;54016
FR;1;2022-09-10;349;574;1680;5590;405;1480;5782;0;203;42673449;41546783;26739976;5378625;42596517;28851258;5645201;0;54219
FR;1;2022-09-11;106;120;313;646;82;293;703;0;17;42673555;41546903;26740289;5379271;42596599;28851551;5645904;0;54236
FR;1;2022-09-12;482;605;2616;12955;426;2233;13235;0;462;42674037;41547508;26742905;5392226;42597025;28853784;5659139;0;54698
FR;1;2022-09-13;649;831;3871;25850;542;3384;25721;0;834;42674686;41548339;26746776;5418076;42597567;28857168;5684860;0;55532
FR;1;2022-09-14;626;724;2881;15702;508;2412;15938;0;537;42675312;41549063;26749657;5433778;42598075;28859580;5700798;0;56069
FR;1;2022-09-15;532;778;3345;23092;550;2851;23156;0;679;42675844;41549841;26753002;5456870;42598625;28862431;5723954;0;56748
FR;1;2022-09-16;726;947;4021;25351;631;3393;25550;0;891;42676570;41550788;26757023;5482221;42599256;28865824;5749504;0;57639
FR;1;2022-09-17;303;428;1397;5979;300;1222;6087;0;227;42676873;41551216;26758420;5488200;42599556;28867046;5755591;0;57866
FR;1;2022-09-18;99;126;310;924;103;278;980;0;34;42676972;41551342;26758730;5489124;42599659;28867324;5756571;0;57900
FR;1;2022-09-19;400;577;2142;12864;379;1837;13018;0;414;42677372;41551919;26760872;5501988;42600038;28869161;5769589;0;58314
FR;1;2022-09-20;564;841;3669;25830;589;3066;25870;0;854;42677936;41552760;26764541;5527818;42600627;28872227;5795459;0;59168
FR;1;2022-09-21;485;691;2628;15862;491;2256;15826;0;561;42678421;41553451;26767169;5543680;42601118;28874483;5811285;0;59729
FR;1;2022-09-22;549;777;3296;22968;517;2695;23156;0;744;42678970;41554228;26770465;5566648;42601635;28877178;5834441;0;60473
FR;1;2022-09-23;767;944;4353;28164;678;3634;28327;0;981;42679737;41555172;26774818;5594812;42602313;28880812;5862768;0;61454
FR;1;2022-09-24;356;539;1591;6706;379;1373;6880;0;300;42680093;41555711;26776409;5601518;42602692;28882185;5869648;0;61754
FR;1;2022-09-25;81;157;321;1072;111;293;1110;0;32;42680174;41555868;26776730;5602590;42602803;28882478;5870758;0;61786
FR;1;2022-09-26;383;654;2182;13078;432;1935;13171;0;412;42680557;41556522;26778912;5615668;42603235;28884413;5883929;0;62198
FR;1;2022-09-27;544;767;3458;25025;541;2794;25223;0;906;42681101;41557289;26782370;5640693;42603776;28887207;5909152;0;63104
FR;1;2022-09-28;525;720;2448;14972;507;2217;15061;0;597;42681626;41558009;26784818;5655665;42604283;28889424;5924213;0;63701
FR;1;2022-09-29;504;698;2999;20366;488;2523;20381;0;767;42682130;41558707;26787817;5676031;42604771;28891947;5944594;0;64468
FR;1;2022-09-30;694;996;3777;24429;705;3160;24678;0;970;42682824;41559703;26791594;5700460;42605476;28895107;5969272;0;65438
FR;1;2022-10-01;352;611;1905;5507;447;1659;5733;0;273;42683176;41560314;26793499;5705967;42605923;28896766;5975005;0;65711
FR;1;2022-10-02;56;120;204;568;82;204;589;0;29;42683232;41560434;26793703;5706535;42606005;28896970;5975594;0;65740
FR;1;2022-10-03;561;876;2226;10042;720;1986;10210;0;489;42683793;41561310;26795929;5716577;42606725;28898956;5985804;0;66229
FR;1;2022-10-04;668;738;2930;18922;507;2481;19010;0;1086;42684461;41562048;26798859;5735499;42607232;28901437;6004814;0;67315
FR;1;2022-10-05;486;726;2099;11114;500;1872;11243;0;723;42684947;41562774;26800958;5746613;42607732;28903309;6016057;0;68038
FR;1;2022-10-06;451;643;2498;15777;465;2063;15959;0;1062;42685398;41563417;26803456;5762390;42608197;28905372;6032016;0;69100
FR;1;2022-10-07;559;772;2694;16069;570;2311;16092;0;1162;42685957;41564189;26806150;5778459;42608767;28907683;6048108;0;70262
FR;1;2022-10-08;242;315;888;3171;248;776;3276;0;291;42686199;41564504;26807038;5781630;42609015;28908459;6051384;0;70553
FR;1;2022-10-09;76;93;151;461;83;135;487;0;51;42686275;41564597;26807189;5782091;42609098;28908594;6051871;0;70604
FR;1;2022-10-10;315;570;1324;4999;477;1240;5096;0;463;42686590;41565167;26808513;5787090;42609575;28909834;6056967;0;71067
FR;1;2022-10-11;337;457;1316;8086;342;1198;8187;0;758;42686927;41565624;26809829;5795176;42609917;28911032;6065154;0;71825
FR;1;2022-10-12;346;481;1078;5222;367;1076;5239;0;521;42687273;41566105;26810907;5800398;42610284;28912108;6070393;0;72346
FR;1;2022-10-13;338;450;1079;6099;360;936;6146;0;629;42687611;41566555;26811986;5806497;42610644;28913044;6076539;0;72975
FR;1;2022-10-14;413;554;1176;6712;468;1050;6781;0;676;42688024;41567109;26813162;5813209;42611112;28914094;6083320;0;73651
FR;1;2022-10-15;212;349;531;1860;301;514;1868;0;226;42688236;41567458;26813693;5815069;42611413;28914608;6085188;0;73877
FR;1;2022-10-16;47;68;111;296;49;118;315;0;48;42688283;41567526;26813804;5815365;42611462;28914726;6085503;0;73925
FR;1;2022-10-17;237;335;742;2653;267;698;2698;0;366;42688520;41567861;26814546;5818018;42611729;28915424;6088201;0;74291
FR;1;2022-10-18;266;319;956;4596;257;833;4700;0;866;42688786;41568180;26815502;5822614;42611986;28916257;6092901;0;75157
FR;1;2022-10-19;286;406;697;3185;339;666;3164;0;503;42689072;41568586;26816199;5825799;42612325;28916923;6096065;0;75660
FR;1;2022-10-20;289;356;903;4369;303;795;4404;0;771;42689361;41568942;26817102;5830168;42612628;28917718;6100469;0;76431
FR;1;2022-10-21;304;421;847;3806;372;743;3878;0;675;42689665;41569363;26817949;5833974;42613000;28918461;6104347;0;77106
FR;1;2022-10-22;135;184;306;1253;162;300;1218;0;210;42689800;41569547;26818255;5835227;42613162;28918761;6105565;0;77316
FR;1;2022-10-23;34;43;65;197;41;59;213;0;25;42689834;41569590;26818320;5835424;42613203;28918820;6105778;0;77341
FR;1;2022-10-24;273;236;479;1603;204;476;1660;0;306;42690107;41569826;26818799;5837027;42613407;28919296;6107438;0;77647
FR;1;2022-10-25;223;258;528;2651;227;449;2707;0;487;42690330;41570084;26819327;5839678;42613634;28919745;6110145;0;78134
FR;1;2022-10-26;235;251;394;1958;240;371;1965;0;438;42690565;41570335;26819721;5841636;42613874;28920116;6112110;0;78572
FR;1;2022-10-27;260;235;490;2167;207;509;2151;0;518;42690825;41570570;26820211;5843803;42614081;28920625;6114261;0;79090
FR;1;2022-10-28;312;334;534;2335;314;471;2402;0;478;42691137;41570904;26820745;5846138;42614395;28921096;6116663;0;79568
FR;1;2022-10-29;99;159;176;716;129;210;708;0;203;42691236;41571063;26820921;5846854;42614524;28921306;6117371;0;79771
FR;1;2022-10-30;38;51;62;184;43;56;189;0;38;42691274;41571114;26820983;5847038;42614567;28921362;6117560;0;79809
FR;1;2022-10-31;135;189;295;796;168;273;863;0;143;42691409;41571303;26821278;5847834;42614735;28921635;6118423;0;79952
FR;1;2022-11-01;72;135;768;115;117;768;134;0;19;42691481;41571438;26822046;5847949;42614852;28922403;6118557;0;79971
FR;1;2022-11-02;269;246;531;985;242;497;1048;0;356;42691750;41571684;26822577;5848934;42615094;28922900;6119605;0;80327
FR;1;2022-11-03;272;238;442;1379;223;403;1418;0;377;42692022;41571922;26823019;5850313;42615317;28923303;6121023;0;80704
FR;1;2022-11-04;233;262;424;1597;242;401;1637;0;438;42692255;41572184;26823443;5851910;42615559;28923704;6122660;0;81142
FR;1;2022-11-05;100;136;273;503;125;255;525;0;111;42692355;41572320;26823716;5852413;42615684;28923959;6123185;0;81253
FR;1;2022-11-06;36;49;32;131;48;35;129;0;33;42692391;41572369;26823748;5852544;42615732;28923994;6123314;0;81286
FR;1;2022-11-07;223;284;326;899;272;319;944;0;212;42692614;41572653;26824074;5853443;42616004;28924313;6124258;0;81498
FR;1;2022-11-08;239;267;472;1709;255;417;1738;0;524;42692853;41572920;26824546;5855152;42616259;28924730;6125996;0;82022
FR;1;2022-11-09;196;257;337;1104;247;303;1141;0;477;42693049;41573177;26824883;5856256;42616506;28925033;6127137;0;82499
FR;1;2022-11-10;216;385;435;1680;377;442;1670;0;605;42693265;41573562;26825318;5857936;42616883;28925475;6128807;0;83104
FR;1;2022-11-11;34;48;105;100;45;92;114;0;44;42693299;41573610;26825423;5858036;42616928;28925567;6128921;0;83148
FR;1;2022-11-12;95;151;257;375;137;257;390;0;101;42693394;41573761;26825680;5858411;42617065;28925824;6129311;0;83249
FR;1;2022-11-13;27;56;28;64;53;31;66;0;26;42693421;41573817;26825708;5858475;42617118;28925855;6129377;0;83275
FR;1;2022-11-14;174;184;271;768;172;275;838;0;235;42693595;41574001;26825979;5859243;42617290;28926130;6130215;0;83510
FR;1;2022-11-15;228;405;394;1300;404;372;1338;0;436;42693823;41574406;26826373;5860543;42617694;28926502;6131553;0;83946
FR;1;2022-11-16;197;273;336;983;267;350;1017;0;359;42694020;41574679;26826709;5861526;42617961;28926852;6132570;0;84305
FR;1;2022-11-17;171;211;297;1207;205;273;1211;0;387;42694191;41574890;26827006;5862733;42618166;28927125;6133781;0;84692
FR;1;2022-11-18;230;269;394;1315;261;383;1349;0;411;42694421;41575159;26827400;5864048;42618427;28927508;6135130;0;85103
FR;1;2022-11-19;120;115;249;441;114;214;474;0;102;42694541;41575274;26827649;5864489;42618541;28927722;6135604;0;85205
FR;1;2022-11-20;35;129;32;66;125;34;74;0;28;42694576;41575403;26827681;5864555;42618666;28927756;6135678;0;85233
FR;1;2022-11-21;174;173;271;641;146;288;678;0;211;42694750;41575576;26827952;5865196;42618812;28928044;6136356;0;85444
FR;1;2022-11-22;157;169;417;1160;152;398;1185;0;409;42694907;41575745;26828369;5866356;42618964;28928442;6137541;0;85853
FR;1;2022-11-23;179;185;246;763;170;247;786;0;241;42695086;41575930;26828615;5867119;42619134;28928689;6138327;0;86094
FR;1;2022-11-24;138;170;288;1213;151;300;1216;0;442;42695224;41576100;26828903;5868332;42619285;28928989;6139543;0;86536
FR;1;2022-11-25;210;247;429;1159;233;418;1191;0;392;42695434;41576347;26829332;5869491;42619518;28929407;6140734;0;86928
FR;1;2022-11-26;90;109;113;323;101;125;311;0;118;42695524;41576456;26829445;5869814;42619619;28929532;6141045;0;87046
FR;1;2022-11-27;18;38;22;72;25;34;78;0;49;42695542;41576494;26829467;5869886;42619644;28929566;6141123;0;87095
FR;1;2022-11-28;211;146;209;665;153;205;708;0;332;42695753;41576640;26829676;5870551;42619797;28929771;6141831;0;87427
FR;1;2022-11-29;171;145;269;1107;130;251;1119;0;458;42695924;41576785;26829945;5871658;42619927;28930022;6142950;0;87885
FR;1;2022-11-30;161;209;235;940;195;238;962;0;325;42696085;41576994;26830180;5872598;42620122;28930260;6143912;0;88210
FR;1;2022-12-01;166;162;716;1097;150;681;1146;0;379;42696251;41577156;26830896;5873695;42620272;28930941;6145058;0;88589
FR;1;2022-12-02;201;199;516;1187;194;512;1236;0;471;42696452;41577355;26831412;5874882;42620466;28931453;6146294;0;89060
FR;1;2022-12-03;102;111;262;532;99;240;529;0;180;42696554;41577466;26831674;5875414;42620565;28931693;6146823;0;89240
FR;1;2022-12-04;27;28;19;138;25;20;129;0;58;42696581;41577494;26831693;5875552;42620590;28931713;6146952;0;89298
FR;1;2022-12-05;148;166;307;868;163;301;902;0;318;42696729;41577660;26832000;5876420;42620753;28932014;6147854;0;89616
FR;1;2022-12-06;156;172;275;1449;158;280;1455;0;739;42696885;41577832;26832275;5877869;42620911;28932294;6149309;0;90355
FR;1;2022-12-07;155;171;256;1187;180;236;1203;0;576;42697040;41578003;26832531;5879056;42621091;28932530;6150512;0;90931
FR;1;2022-12-08;131;145;302;1757;137;259;1798;0;765;42697171;41578148;26832833;5880813;42621228;28932789;6152310;0;91696
FR;1;2022-12-09;202;196;356;1815;169;364;1836;0;721;42697373;41578344;26833189;5882628;42621397;28933153;6154146;0;92417
FR;1;2022-12-10;116;151;341;856;138;324;877;0;292;42697489;41578495;26833530;5883484;42621535;28933477;6155023;0;92709
FR;1;2022-12-11;32;30;32;218;27;30;200;0;62;42697521;41578525;26833562;5883702;42621562;28933507;6155223;0;92771
FR;1;2022-12-12;130;107;297;1100;104;284;1113;0;457;42697651;41578632;26833859;5884802;42621666;28933791;6156336;0;93228
FR;1;2022-12-13;125;132;293;1307;106;268;1321;0;618;42697776;41578764;26834152;5886109;42621772;28934059;6157657;0;93846
FR;1;2022-12-14;105;160;256;867;154;235;892;0;372;42697881;41578924;26834408;5886976;42621926;28934294;6158549;0;94218
FR;1;2022-12-15;139;181;456;1492;168;426;1518;0;691;42698020;41579105;26834864;5888468;42622094;28934720;6160067;0;94909
FR;1;2022-12-16;205;217;569;1344;220;553;1367;0;623;42698225;41579322;26835433;5889812;42622314;28935273;6161434;0;95532
FR;1;2022-12-17;88;93;224;467;82;219;475;0;204;42698313;41579415;26835657;5890279;42622396;28935492;6161909;0;95736
FR;1;2022-12-18;17;22;29;112;19;31;108;0;37;42698330;41579437;26835686;5890391;42622415;28935523;6162017;0;95773
FR;1;2022-12-19;151;132;250;791;140;220;835;0;382;42698481;41579569;26835936;5891182;42622555;28935743;6162852;0;96155
FR;1;2022-12-20;149;162;354;906;149;348;912;0;428;42698630;41579731;26836290;5892088;42622704;28936091;6163764;0;96583
FR;1;2022-12-21;139;112;216;638;122;181;647;0;388;42698769;41579843;26836506;5892726;42622826;28936272;6164411;0;96971
FR;1;2022-12-22;148;111;165;552;121;150;543;0;329;42698917;41579954;26836671;5893278;42622947;28936422;6164954;0;97300
FR;1;2022-12-23;130;157;458;419;141;448;426;0;182;42699047;41580111;26837129;5893697;42623088;28936870;6165380;0;97482
FR;1;2022-12-24;30;27;34;56;29;33;63;0;21;42699077;41580138;26837163;5893753;42623117;28936903;6165443;0;97503
FR;1;2022-12-25;4;11;20;12;12;14;15;0;11;42699081;41580149;26837183;5893765;42623129;28936917;6165458;0;97514
FR;1;2022-12-26;94;90;248;251;89;253;257;0;93;42699175;41580239;26837431;5894016;42623218;28937170;6165715;0;97607
FR;1;2022-12-27;117;160;310;387;151;316;402;0;180;42699292;41580399;26837741;5894403;42623369;28937486;6166117;0;97787
FR;1;2022-12-28;107;143;203;270;129;206;281;0;126;42699399;41580542;26837944;5894673;42623498;28937692;6166398;0;97913
FR;1;2022-12-29;105;105;154;282;105;153;303;0;114;42699504;41580647;26838098;5894955;42623603;28937845;6166701;0;98027
FR;1;2022-12-30;127;123;89;258;115;94;268;0;143;42699631;41580770;26838187;5895213;42623718;28937939;6166969;0;98170
FR;1;2022-12-31;38;35;28;79;40;25;79;0;25;42699669;41580805;26838215;5895292;42623758;28937964;6167048;0;98195
FR;1;2023-01-01;6;12;61;22;12;57;27;0;10;42699675;41580817;26838276;5895314;42623770;28938021;6167075;0;98205
FR;1;2023-01-02;423;140;677;169;148;657;194;0;64;42700098;41580957;26838953;5895483;42623918;28938678;6167269;0;98269
FR;1;2023-01-03;165;106;372;207;105;365;215;0;146;42700263;41581063;26839325;5895690;42624023;28939043;6167484;0;98415
FR;1;2023-01-04;94;99;249;198;100;250;208;0;193;42700357;41581162;26839574;5895888;42624123;28939293;6167692;0;98608
FR;1;2023-01-05;147;128;174;337;138;175;338;0;206;42700504;41581290;26839748;5896225;42624261;28939468;6168030;0;98814
FR;1;2023-01-06;198;144;224;325;147;210;350;0;230;42700702;41581434;26839972;5896550;42624408;28939678;6168380;0;99044
FR;1;2023-01-07;106;89;175;147;92;158;164;0;93;42700808;41581523;26840147;5896697;42624500;28939836;6168544;0;99137
FR;1;2023-01-08;26;19;31;59;18;26;64;0;24;42700834;41581542;26840178;5896756;42624518;28939862;6168608;0;99161
FR;1;2023-01-09;139;128;134;135;124;142;153;0;115;42700973;41581670;26840312;5896891;42624642;28940004;6168761;0;99276
FR;1;2023-01-10;119;134;283;277;131;290;278;0;192;42701092;41581804;26840595;5897168;42624773;28940294;6169039;0;99468
FR;1;2023-01-11;107;111;91;209;120;95;221;0;96;42701199;41581915;26840686;5897377;42624893;28940389;6169260;0;99564
FR;1;2023-01-12;135;121;214;243;116;214;268;0;166;42701334;41582036;26840900;5897620;42625009;28940603;6169528;0;99730
FR;1;2023-01-13;249;165;173;286;163;172;306;0;189;42701583;41582201;26841073;5897906;42625172;28940775;6169834;0;99919
FR;1;2023-01-14;89;64;162;104;66;172;103;0;62;42701672;41582265;26841235;5898010;42625238;28940947;6169937;0;99981
FR;1;2023-01-15;23;37;31;42;34;31;46;0;30;42701695;41582302;26841266;5898052;42625272;28940978;6169983;0;100011
FR;1;2023-01-16;113;104;310;155;98;314;133;0;100;42701808;41582406;26841576;5898207;42625370;28941292;6170116;0;100111
FR;1;2023-01-17;113;103;167;216;102;164;243;0;128;42701921;41582509;26841743;5898423;42625472;28941456;6170359;0;100239
FR;1;2023-01-18;99;90;97;143;89;92;184;0;121;42702020;41582599;26841840;5898566;42625561;28941548;6170543;0;100360
FR;1;2023-01-19;112;78;105;134;76;117;134;0;135;42702132;41582677;26841945;5898700;42625637;28941665;6170677;0;100495
FR;1;2023-01-20;170;148;167;278;149;195;267;0;204;42702302;41582825;26842112;5898978;42625786;28941860;6170944;0;100699
FR;1;2023-01-21;58;71;91;85;71;102;75;0;35;42702360;41582896;26842203;5899063;42625857;28941962;6171019;0;100734
FR;1;2023-01-22;10;9;13;21;7;9;25;0;14;42702370;41582905;26842216;5899084;42625864;28941971;6171044;0;100748
FR;1;2023-01-23;88;84;108;100;87;100;119;0;85;42702458;41582989;26842324;5899184;42625951;28942071;6171163;0;100833
FR;1;2023-01-24;122;76;73;122;89;70;131;0;183;42702580;41583065;26842397;5899306;42626040;28942141;6171294;0;101016
FR;1;2023-01-25;98;118;78;108;119;78;124;0;107;42702678;41583183;26842475;5899414;42626159;28942219;6171418;0;101123
FR;1;2023-01-26;104;105;63;152;94;68;173;0;107;42702782;41583288;26842538;5899566;42626253;28942287;6171591;0;101230
FR;1;2023-01-27;172;434;105;137;449;123;137;0;200;42702954;41583722;26842643;5899703;42626702;28942410;6171728;0;101430
FR;1;2023-01-28;73;74;56;40;76;53;48;0;28;42703027;41583796;26842699;5899743;42626778;28942463;6171776;0;101458
FR;1;2023-01-29;12;22;33;10;20;31;16;0;12;42703039;41583818;26842732;5899753;42626798;28942494;6171792;0;101470
FR;1;2023-01-30;144;108;64;72;110;70;80;0;51;42703183;41583926;26842796;5899825;42626908;28942564;6171872;0;101521
FR;1;2023-01-31;122;84;65;137;73;68;149;0;143;42703305;41584010;26842861;5899962;42626981;28942632;6172021;0;101664
FR;1;2023-02-01;122;143;345;106;141;338;134;0;77;42703427;41584153;26843206;5900068;42627122;28942970;6172155;0;101741
FR;1;2023-02-02;88;98;91;106;92;99;108;0;99;42703515;41584251;26843297;5900174;42627214;28943069;6172263;0;101840
FR;1;2023-02-03;155;147;133;98;147;139;104;0;97;42703670;41584398;26843430;5900272;42627361;28943208;6172367;0;101937
FR;1;2023-02-04;50;78;72;46;85;74;47;0;24;42703720;41584476;26843502;5900318;42627446;28943282;6172414;0;101961
FR;1;2023-02-05;6;8;18;6;7;21;7;0;8;42703726;41584484;26843520;5900324;42627453;28943303;6172421;0;101969
FR;1;2023-02-06;95;78;112;77;83;115;81;0;89;42703821;41584562;26843632;5900401;42627536;28943418;6172502;0;102058
FR;1;2023-02-07;91;75;97;77;76;91;97;0;115;42703912;41584637;26843729;5900478;42627612;28943509;6172599;0;102173
FR;1;2023-02-08;83;93;63;30;92;68;34;0;51;42703995;41584730;26843792;5900508;42627704;28943577;6172633;0;102224
FR;1;2023-02-09;65;65;82;59;75;81;67;0;79;42704060;41584795;26843874;5900567;42627779;28943658;6172700;0;102303
FR;1;2023-02-10;142;131;57;72;134;69;73;0;117;42704202;41584926;26843931;5900639;42627913;28943727;6172773;0;102420
FR;1;2023-02-11;45;53;78;25;50;87;27;0;11;42704247;41584979;26844009;5900664;42627963;28943814;6172800;0;102431
FR;1;2023-02-12;10;9;10;8;13;10;9;0;9;42704257;41584988;26844019;5900672;42627976;28943824;6172809;0;102440
FR;1;2023-02-13;81;119;46;42;120;53;34;0;31;42704338;41585107;26844065;5900714;42628096;28943877;6172843;0;102471
FR;1;2023-02-14;69;72;73;50;71;77;47;0;77;42704407;41585179;26844138;5900764;42628167;28943954;6172890;0;102548
FR;1;2023-02-15;75;101;77;52;109;83;60;0;81;42704482;41585280;26844215;5900816;42628276;28944037;6172950;0;102629
FR;1;2023-02-16;60;75;114;83;63;123;86;0;73;42704542;41585355;26844329;5900899;42628339;28944160;6173036;0;102702
FR;1;2023-02-17;104;125;171;61;130;175;70;0;47;42704646;41585480;26844500;5900960;42628469;28944335;6173106;0;102749
FR;1;2023-02-18;44;56;147;41;56;153;43;0;9;42704690;41585536;26844647;5901001;42628525;28944488;6173149;0;102758
FR;1;2023-02-19;14;0;6;4;2;5;4;0;5;42704704;41585536;26844653;5901005;42628527;28944493;6173153;0;102763
FR;1;2023-02-20;77;73;51;28;77;56;32;0;16;42704781;41585609;26844704;5901033;42628604;28944549;6173185;0;102779
FR;1;2023-02-21;62;74;54;49;78;57;47;0;38;42704843;41585683;26844758;5901082;42628682;28944606;6173232;0;102817
FR;1;2023-02-22;64;77;32;18;78;36;18;0;22;42704907;41585760;26844790;5901100;42628760;28944642;6173250;0;102839
FR;1;2023-02-23;52;78;47;36;76;57;31;0;54;42704959;41585838;26844837;5901136;42628836;28944699;6173281;0;102893
FR;1;2023-02-24;95;111;45;33;112;53;34;0;38;42705054;41585949;26844882;5901169;42628948;28944752;6173315;0;102931
FR;1;2023-02-25;42;49;69;22;56;69;24;0;26;42705096;41585998;26844951;5901191;42629004;28944821;6173339;0;102957
FR;1;2023-02-26;2;3;1;2;1;3;1;0;3;42705098;41586001;26844952;5901193;42629005;28944824;6173340;0;102960
FR;1;2023-02-27;91;77;62;35;77;70;32;0;20;42705189;41586078;26845014;5901228;42629082;28944894;6173372;0;102980
FR;1;2023-02-28;87;72;35;50;68;45;52;0;32;42705276;41586150;26845049;5901278;42629150;28944939;6173424;0;103012
FR;1;2023-03-01;72;90;242;52;88;234;69;0;42;42705348;41586240;26845291;5901330;42629238;28945173;6173493;0;103054
FR;1;2023-03-02;65;63;89;55;64;86;66;0;117;42705413;41586303;26845380;5901385;42629302;28945259;6173559;0;103171
FR;1;2023-03-03;106;107;66;53;106;64;57;0;47;42705519;41586410;26845446;5901438;42629408;28945323;6173616;0;103218
FR;1;2023-03-04;51;46;69;26;43;70;31;0;15;42705570;41586456;26845515;5901464;42629451;28945393;6173647;0;103233
FR;1;2023-03-05;4;2;5;0;3;5;1;0;0;42705574;41586458;26845520;5901464;42629454;28945398;6173648;0;103233
FR;1;2023-03-06;86;57;79;17;63;85;23;0;14;42705660;41586515;26845599;5901481;42629517;28945483;6173671;0;103247
FR;1;2023-03-07;53;71;47;40;68;45;50;0;71;42705713;41586586;26845646;5901521;42629585;28945528;6173721;0;103318
FR;1;2023-03-08;47;65;32;16;68;34;22;0;6;42705760;41586651;26845678;5901537;42629653;28945562;6173743;0;103324
FR;1;2023-03-09;37;54;45;22;49;49;31;0;27;42705797;41586705;26845723;5901559;42629702;28945611;6173774;0;103351
FR;1;2023-03-10;93;97;84;41;97;88;46;0;25;42705890;41586802;26845807;5901600;42629799;28945699;6173820;0;103376
FR;1;2023-03-11;47;39;51;9;33;57;13;0;6;42705937;41586841;26845858;5901609;42629832;28945756;6173833;0;103382
FR;1;2023-03-12;2;10;7;0;12;6;1;0;0;42705939;41586851;26845865;5901609;42629844;28945762;6173834;0;103382
FR;1;2023-03-13;48;61;39;15;57;46;14;0;19;42705987;41586912;26845904;5901624;42629901;28945808;6173848;0;103401
FR;1;2023-03-14;67;47;55;21;51;59;23;0;31;42706054;41586959;26845959;5901645;42629952;28945867;6173871;0;103432
FR;1;2023-03-15;39;67;73;60;66;76;67;0;47;42706093;41587026;26846032;5901705;42630018;28945943;6173938;0;103479
FR;1;2023-03-16;55;49;87;23;53;86;27;0;20;42706148;41587075;26846119;5901728;42630071;28946029;6173965;0;103499
FR;1;2023-03-17;109;86;101;37;100;104;41;0;35;42706257;41587161;26846220;5901765;42630171;28946133;6174006;0;103534
FR;1;2023-03-18;34;33;144;10;28;148;15;0;5;42706291;41587194;26846364;5901775;42630199;28946281;6174021;0;103539
FR;1;2023-03-19;11;3;1;2;4;1;3;0;0;42706302;41587197;26846365;5901777;42630203;28946282;6174024;0;103539
FR;1;2023-03-20;43;58;49;29;48;58;33;0;24;42706345;41587255;26846414;5901806;42630251;28946340;6174057;0;103563
FR;1;2023-03-21;73;60;40;11;65;43;16;0;26;42706418;41587315;26846454;5901817;42630316;28946383;6174073;0;103589
FR;1;2023-03-22;58;54;37;31;54;51;26;0;13;42706476;41587369;26846491;5901848;42630370;28946434;6174099;0;103602
FR;1;2023-03-23;58;47;37;23;48;41;25;0;47;42706534;41587416;26846528;5901871;42630418;28946475;6174124;0;103649
FR;1;2023-03-24;77;103;190;29;106;196;35;0;23;42706611;41587519;26846718;5901900;42630524;28946671;6174159;0;103672
FR;1;2023-03-25;46;49;47;10;46;51;14;0;5;42706657;41587568;26846765;5901910;42630570;28946722;6174173;0;103677
FR;1;2023-03-26;2;3;8;0;0;9;2;0;2;42706659;41587571;26846773;5901910;42630570;28946731;6174175;0;103679
FR;1;2023-03-27;104;58;68;11;61;71;15;0;22;42706763;41587629;26846841;5901921;42630631;28946802;6174190;0;103701
FR;1;2023-03-28;46;38;23;21;41;25;21;0;31;42706809;41587667;26846864;5901942;42630672;28946827;6174211;0;103732
FR;1;2023-03-29;54;45;31;28;44;38;25;0;14;42706863;41587712;26846895;5901970;42630716;28946865;6174236;0;103746
FR;1;2023-03-30;56;42;58;19;45;57;26;0;29;42706919;41587754;26846953;5901989;42630761;28946922;6174262;0;103775
FR;1;2023-03-31;66;84;28;16;82;34;13;0;35;42706985;41587838;26846981;5902005;42630843;28946956;6174275;0;103810
FR;1;2023-04-01;29;53;127;10;50;129;17;0;10;42707014;41587891;26847108;5902015;42630893;28947085;6174292;0;103820
FR;1;2023-04-02;1;1;8;0;1;7;1;0;0;42707015;41587892;26847116;5902015;42630894;28947092;6174293;0;103820
FR;1;2023-04-03;90;49;142;27;45;143;33;0;19;42707105;41587941;26847258;5902042;42630939;28947235;6174326;0;103839
FR;1;2023-04-04;40;50;39;11;42;46;12;0;25;42707145;41587991;26847297;5902053;42630981;28947281;6174338;0;103864
FR;1;2023-04-05;25;41;33;19;38;27;27;0;14;42707170;41588032;26847330;5902072;42631019;28947308;6174365;0;103878
FR;1;2023-04-06;41;45;31;11;41;33;16;0;15;42707211;41588077;26847361;5902083;42631060;28947341;6174381;0;103893
FR;1;2023-04-07;48;63;33;17;62;37;16;0;13;42707259;41588140;26847394;5902100;42631122;28947378;6174397;0;103906
FR;1;2023-04-08;25;32;8;13;25;15;13;0;13;42707284;41588172;26847402;5902113;42631147;28947393;6174410;0;103919
FR;1;2023-04-09;1;2;0;2;1;1;2;0;1;42707285;41588174;26847402;5902115;42631148;28947394;6174412;0;103920
FR;1;2023-04-10;5;14;22;1;14;24;1;0;1;42707290;41588188;26847424;5902116;42631162;28947418;6174413;0;103921
FR;1;2023-04-11;40;51;21;12;50;20;14;0;17;42707330;41588239;26847445;5902128;42631212;28947438;6174427;0;103938
FR;1;2023-04-12;36;34;34;19;32;40;21;0;24;42707366;41588273;26847479;5902147;42631244;28947478;6174448;0;103962
FR;1;2023-04-13;36;34;19;15;35;24;13;0;26;42707402;41588307;26847498;5902162;42631279;28947502;6174461;0;103988
FR;1;2023-04-14;59;69;131;14;78;125;20;0;17;42707461;41588376;26847629;5902176;42631357;28947627;6174481;0;104005
FR;1;2023-04-15;28;28;23;10;28;26;12;0;2;42707489;41588404;26847652;5902186;42631385;28947653;6174493;0;104007
FR;1;2023-04-16;3;2;0;0;2;0;0;0;0;42707492;41588406;26847652;5902186;42631387;28947653;6174493;0;104007
FR;1;2023-04-17;37;38;54;16;42;60;14;0;11;42707529;41588444;26847706;5902202;42631429;28947713;6174507;0;104018
FR;1;2023-04-18;37;39;26;7;34;30;11;0;24;42707566;41588483;26847732;5902209;42631463;28947743;6174518;0;104042
FR;1;2023-04-19;36;57;11;8;57;12;10;0;14;42707602;41588540;26847743;5902217;42631520;28947755;6174528;0;104056
FR;1;2023-04-20;27;39;37;16;39;38;17;0;14;42707629;41588579;26847780;5902233;42631559;28947793;6174545;0;104070
FR;1;2023-04-21;46;63;114;17;60;116;21;0;18;42707675;41588642;26847894;5902250;42631619;28947909;6174566;0;104088
FR;1;2023-04-22;19;21;25;7;18;30;7;0;4;42707694;41588663;26847919;5902257;42631637;28947939;6174573;0;104092
FR;1;2023-04-23;0;1;2;1;1;2;1;0;0;42707694;41588664;26847921;5902258;42631638;28947941;6174574;0;104092
FR;1;2023-04-24;57;39;28;5;37;32;6;0;8;42707751;41588703;26847949;5902263;42631675;28947973;6174580;0;104100
FR;1;2023-04-25;30;34;22;16;30;23;20;0;15;42707781;41588737;26847971;5902279;42631705;28947996;6174600;0;104115
FR;1;2023-04-26;31;24;7;6;24;12;7;0;7;42707812;41588761;26847978;5902285;42631729;28948008;6174607;0;104122
FR;1;2023-04-27;32;35;27;25;30;32;28;0;12;42707844;41588796;26848005;5902310;42631759;28948040;6174635;0;104134
FR;1;2023-04-28;69;50;19;14;44;25;20;0;11;42707913;41588846;26848024;5902324;42631803;28948065;6174655;0;104145
FR;1;2023-04-29;19;19;12;7;18;10;11;0;9;42707932;41588865;26848036;5902331;42631821;28948075;6174666;0;104154
FR;1;2023-04-30;6;0;0;1;0;0;1;0;0;42707938;41588865;26848036;5902332;42631821;28948075;6174667;0;104154
FR;1;2023-05-01;0;7;12;0;7;12;0;0;0;42707938;41588872;26848048;5902332;42631828;28948087;6174667;0;104154
FR;1;2023-05-02;91;41;56;7;45;56;14;0;19;42708029;41588913;26848104;5902339;42631873;28948143;6174681;0;104173
FR;1;2023-05-03;51;25;18;3;22;22;4;0;9;42708080;41588938;26848122;5902342;42631895;28948165;6174685;0;104182
FR;1;2023-05-04;18;30;21;23;30;40;32;0;17;42708098;41588968;26848143;5902365;42631925;28948205;6174717;0;104199
FR;1;2023-05-05;25;31;14;2;31;10;6;0;8;42708123;41588999;26848157;5902367;42631956;28948215;6174723;0;104207
FR;1;2023-05-06;11;7;6;3;8;7;4;0;7;42708134;41589006;26848163;5902370;42631964;28948222;6174727;0;104214
FR;1;2023-05-07;2;2;2;4;2;1;2;0;1;42708136;41589008;26848165;5902374;42631966;28948223;6174729;0;104215
FR;1;2023-05-08;7;3;0;1;3;0;1;0;0;42708143;41589011;26848165;5902375;42631969;28948223;6174730;0;104215
FR;1;2023-05-09;14;16;8;3;14;8;6;0;9;42708157;41589027;26848173;5902378;42631983;28948231;6174736;0;104224
FR;1;2023-05-10;16;16;4;10;16;7;8;0;1;42708173;41589043;26848177;5902388;42631999;28948238;6174744;0;104225
FR;1;2023-05-11;13;18;4;8;18;5;8;0;18;42708186;41589061;26848181;5902396;42632017;28948243;6174752;0;104243
FR;1;2023-05-12;16;37;4;9;35;7;12;0;3;42708202;41589098;26848185;5902405;42632052;28948250;6174764;0;104246
FR;1;2023-05-13;11;20;6;1;21;5;2;0;2;42708213;41589118;26848191;5902406;42632073;28948255;6174766;0;104248
FR;1;2023-05-14;12;0;0;0;0;0;0;0;0;42708225;41589118;26848191;5902406;42632073;28948255;6174766;0;104248
FR;1;2023-05-15;16;16;7;3;15;7;4;0;9;42708241;41589134;26848198;5902409;42632088;28948262;6174770;0;104257
FR;1;2023-05-16;15;21;7;24;20;7;27;0;28;42708256;41589155;26848205;5902433;42632108;28948269;6174797;0;104285
FR;2;2020-12-27;0;0;0;0;0;0;0;0;0;0;0;0;0;0;0;0;0;0
FR;2;2020-12-28;0;0;0;0;0;0;0;0;0;0;0;0;0;0;0;0;0;0
FR;2;2020-12-29;0;0;0;0;0;0;0;0;0;0;0;0;0;0;0;0;0;0
FR;2;2020-12-30;0;0;0;0;0;0;0;0;0;0;0;0;0;0;0;0;0;0
FR;2;2020-12-31;0;0;0;0;0;0;0;0;0;0;0;0;0;0;0;0;0;0
FR;2;2021-01-01;0;0;0;0;0;0;0;0;0;0;0;0;0;0;0;0;0;0
FR;2;2021-01-02;0;0;0;0;0;0;0;0;0;0;0;0;0;0;0;0;0;0
FR;2;2021-01-03;0;0;0;0;0;0;0;0;0;0;0;0;0;0;0;0;0;0
FR;2;2021-01-04;0;0;0;0;0;0;0;0;0;0;0;0;0;0;0;0;0;0
FR;2;2021-01-05;0;0;0;0;0;0;0;0;0;0;0;0;0;0;0;0;0;0
FR;2;2021-01-06;0;0;0;0;0;0;0;0;0;0;0;0;0;0;0;0;0;0
FR;2;2021-01-07;0;0;0;0;0;0;0;0;0;0;0;0;0;0;0;0;0;0
FR;2;2021-01-08;0;0;0;0;0;0;0;0;0;0;0;0;0;0;0;0;0;0
FR;2;2021-01-09;0;0;0;0;0;0;0;0;0;0;0;0;0;0;0;0;0;0
FR;2;2021-01-10;0;0;0;0;0;0;0;0;0;0;0;0;0;0;0;0;0;0
FR;2;2021-01-11;0;0;0;0;0;0;0;0;0;0;0;0;0;0;0;0;0;0
FR;2;2021-01-12;0;0;0;0;0;0;0;0;0;0;0;0;0;0;0;0;0;0
FR;2;2021-01-13;0;0;0;0;0;0;0;0;0;0;0;0;0;0;0;0;0;0
FR;2;2021-01-14;1636;0;0;0;213;0;0;0;0;1636;0;0;0;213;0;0;0;0
FR;2;2021-01-15;398;0;0;0;28;0;0;0;0;2034;0;0;0;241;0;0;0;0
FR;2;2021-01-16;316;0;0;0;12;0;0;0;0;2350;0;0;0;253;0;0;0;0
FR;2;2021-01-17;84;0;0;0;7;0;0;0;0;2434;0;0;0;260;0;0;0;0
FR;2;2021-01-18;3075;3;0;0;27;0;0;0;0;5509;3;0;0;287;0;0;0;0
FR;2;2021-01-19;4681;2;0;0;31;0;0;0;0;10190;5;0;0;318;0;0;0;0
FR;2;2021-01-20;5138;6;0;0;58;0;0;0;0;15328;11;0;0;376;0;0;0;0
FR;2;2021-01-21;5345;9;0;0;55;0;0;0;0;20673;20;0;0;431;0;0;0;0
FR;2;2021-01-22;5119;19;0;0;70;0;0;0;0;25792;39;0;0;501;0;0;0;0
FR;2;2021-01-23;1875;2;0;0;16;0;0;0;0;27667;41;0;0;517;0;0;0;0
FR;2;2021-01-24;163;2;0;0;8;0;0;0;0;27830;43;0;0;525;0;0;0;0
FR;2;2021-01-25;3814;4;0;0;37;0;0;0;0;31644;47;0;0;562;0;0;0;0
FR;2;2021-01-26;3930;6;0;0;42;0;0;0;0;35574;53;0;0;604;0;0;0;0
FR;2;2021-01-27;3606;4;0;0;36;0;0;0;0;39180;57;0;0;640;0;0;0;0
FR;2;2021-01-28;3757;9;0;0;44;0;0;0;0;42937;66;0;0;684;0;0;0;0
FR;2;2021-01-29;3300;6;0;0;42;0;0;0;0;46237;72;0;0;726;0;0;0;0
FR;2;2021-01-30;1133;3;0;0;16;0;0;0;0;47370;75;0;0;742;0;0;0;0
FR;2;2021-01-31;46;2;0;0;9;0;0;0;0;47416;77;0;0;751;0;0;0;0
FR;2;2021-02-01;3408;13;0;0;44;0;0;0;0;50824;90;0;0;795;0;0;0;0
FR;2;2021-02-02;4498;19;0;0;53;0;0;0;0;55322;109;0;0;848;0;0;0;0
FR;2;2021-02-03;5223;12;0;0;83;0;0;0;0;60545;121;0;0;931;0;0;0;0
FR;2;2021-02-04;4941;11;0;0;36;0;0;0;0;65486;132;0;0;967;0;0;0;0
FR;2;2021-02-05;4817;17;0;0;50;0;0;0;0;70303;149;0;0;1017;0;0;0;0
FR;2;2021-02-06;2047;15;0;0;41;0;0;0;0;72350;164;0;0;1058;0;0;0;0
FR;2;2021-02-07;103;6;0;0;20;0;0;0;0;72453;170;0;0;1078;0;0;0;0
FR;2;2021-02-08;7559;27;0;0;86;0;0;0;0;80012;197;0;0;1164;0;0;0;0
FR;2;2021-02-09;8435;31;0;0;100;0;0;0;0;88447;228;0;0;1264;0;0;0;0
FR;2;2021-02-10;9349;63;0;0;183;0;0;0;0;97796;291;0;0;1447;0;0;0;0
FR;2;2021-02-11;10292;132;0;0;256;0;0;0;0;108088;423;0;0;1703;0;0;0;0
FR;2;2021-02-12;10059;276;0;0;430;0;0;0;0;118147;699;0;0;2133;0;0;0;0
FR;2;2021-02-13;3121;223;0;0;261;0;0;0;0;121268;922;0;0;2394;0;0;0;0
FR;2;2021-02-14;358;11;0;0;21;0;0;0;0;121626;933;0;0;2415;0;0;0;0
FR;2;2021-02-15;3460;3129;0;0;3176;0;0;0;0;125086;4062;0;0;5591;0;0;0;0
FR;2;2021-02-16;5076;4164;0;0;4237;0;0;0;0;130162;8226;0;0;9828;0;0;0;0
FR;2;2021-02-17;4259;4554;0;0;4631;0;0;0;0;134421;12780;0;0;14459;0;0;0;0
FR;2;2021-02-18;5406;5179;0;0;5249;0;0;0;0;139827;17959;0;0;19708;0;0;0;0
FR;2;2021-02-19;5329;4491;0;0;4592;0;0;0;0;145156;22450;0;0;24300;0;0;0;0
FR;2;2021-02-20;1872;1520;0;0;1537;0;0;0;0;147028;23970;0;0;25837;0;0;0;0
FR;2;2021-02-21;244;96;0;0;98;0;0;0;0;147272;24066;0;0;25935;0;0;0;0
FR;2;2021-02-22;3614;3782;0;0;3844;0;0;0;0;150886;27848;0;0;29779;0;0;0;0
FR;2;2021-02-23;4956;3740;0;0;3804;0;0;0;0;155842;31588;0;0;33583;0;0;0;0
FR;2;2021-02-24;5017;3558;0;0;3611;0;0;0;0;160859;35146;0;0;37194;0;0;0;0
FR;2;2021-02-25;5501;3495;0;0;3585;0;0;0;0;166360;38641;0;0;40779;0;0;0;0
FR;2;2021-02-26;4368;3179;0;0;3253;0;0;0;0;170728;41820;0;0;44032;0;0;0;0
FR;2;2021-02-27;1629;1067;0;0;1086;0;0;0;0;172357;42887;0;0;45118;0;0;0;0
FR;2;2021-02-28;179;17;0;0;28;0;0;0;0;172536;42904;0;0;45146;0;0;0;0
FR;2;2021-03-01;5193;3763;0;0;3852;0;0;0;0;177729;46667;0;0;48998;0;0;0;0
FR;2;2021-03-02;6542;4728;0;0;4829;0;0;0;0;184271;51395;0;0;53827;0;0;0;0
FR;2;2021-03-03;6544;4955;0;0;5096;0;0;0;0;190815;56350;0;0;58923;0;0;0;0
FR;2;2021-03-04;8412;4210;0;0;4396;0;0;0;0;199227;60560;0;0;63319;0;0;0;0
FR;2;2021-03-05;8037;4054;0;0;4237;0;0;0;0;207264;64614;0;0;67556;0;0;0;0
FR;2;2021-03-06;4791;1683;0;0;1783;0;0;0;0;212055;66297;0;0;69339;0;0;0;0
FR;2;2021-03-07;2373;32;0;0;76;0;0;0;0;214428;66329;0;0;69415;0;0;0;0
FR;2;2021-03-08;4166;8392;0;0;8549;0;0;0;0;218594;74721;0;0;77964;0;0;0;0
FR;2;2021-03-09;7494;8610;1;0;8868;0;0;0;0;226088;83331;1;0;86832;0;0;0;0
FR;2;2021-03-10;7108;9246;0;0;9473;0;0;0;0;233196;92577;1;0;96305;0;0;0;0
FR;2;2021-03-11;9379;9365;1;0;9685;0;0;0;0;242575;101942;2;0;105990;0;0;0;0
FR;2;2021-03-12;7988;8368;0;0;8670;0;0;0;0;250563;110310;2;0;114660;0;0;0;0
FR;2;2021-03-13;10058;2593;0;0;2914;0;0;0;0;260621;112903;2;0;117574;0;0;0;0
FR;2;2021-03-14;4841;380;0;0;539;0;0;0;0;265462;113283;2;0;118113;0;0;0;0
FR;2;2021-03-15;10919;3476;0;0;3765;0;0;0;0;276381;116759;2;0;121878;0;0;0;0
FR;2;2021-03-16;16770;4732;1;0;5282;0;0;0;0;293151;121491;3;0;127160;0;0;0;0
FR;2;2021-03-17;20242;3998;0;0;4672;0;0;0;0;313393;125489;3;0;131832;0;0;0;0
FR;2;2021-03-18;23375;5128;0;0;5957;0;0;0;0;336768;130617;3;0;137789;0;0;0;0
FR;2;2021-03-19;23316;4680;0;0;5443;0;0;0;0;360084;135297;3;0;143232;0;0;0;0
FR;2;2021-03-20;25452;1588;0;0;2345;0;0;0;0;385536;136885;3;0;145577;0;0;0;0
FR;2;2021-03-21;17675;153;0;0;731;0;0;0;0;403211;137038;3;0;146308;0;0;0;0
FR;2;2021-03-22;17791;3275;0;0;3944;0;0;0;0;421002;140313;3;0;150252;0;0;0;0
FR;2;2021-03-23;22707;4288;0;0;5143;0;0;0;0;443709;144601;3;0;155395;0;0;0;0
FR;2;2021-03-24;23966;5100;0;0;5937;0;0;0;0;467675;149701;3;0;161332;0;0;0;0
FR;2;2021-03-25;26762;5258;1;0;6455;0;0;0;0;494437;154959;4;0;167787;0;0;0;0
FR;2;2021-03-26;26992;4236;0;0;5382;0;0;0;0;521429;159195;4;0;173169;0;0;0;0
FR;2;2021-03-27;15923;1369;0;0;1899;0;0;0;0;537352;160564;4;0;175068;0;0;0;0
FR;2;2021-03-28;10563;136;0;0;428;0;0;0;0;547915;160700;4;0;175496;0;0;0;0
FR;2;2021-03-29;19004;4349;0;0;5049;0;0;0;0;566919;165049;4;0;180545;0;0;0;0
FR;2;2021-03-30;24597;6105;0;0;7045;0;0;0;0;591516;171154;4;0;187590;0;0;0;0
FR;2;2021-03-31;28562;5931;0;0;7224;0;0;0;0;620078;177085;4;0;194814;0;0;0;0
FR;2;2021-04-01;34560;8576;1;0;10269;0;0;0;0;654638;185661;5;0;205083;0;0;0;0
FR;2;2021-04-02;29992;7736;0;0;9164;0;0;0;0;684630;193397;5;0;214247;0;0;0;0
FR;2;2021-04-03;16959;4263;0;0;4945;0;0;0;0;701589;197660;5;0;219192;0;0;0;0
FR;2;2021-04-04;9309;1269;2;0;1677;0;0;0;0;710898;198929;7;0;220869;0;0;0;0
FR;2;2021-04-05;12448;797;0;0;1381;0;0;0;0;723346;199726;7;0;222250;0;0;0;0
FR;2;2021-04-06;27159;7359;0;0;8751;0;0;0;0;750505;207085;7;0;231001;0;0;0;0
FR;2;2021-04-07;30931;7070;1;0;8646;0;0;0;0;781436;214155;8;0;239647;0;0;0;0
FR;2;2021-04-08;36896;8591;1;0;10516;0;0;0;0;818332;222746;9;0;250163;0;0;0;0
FR;2;2021-04-09;33856;8391;28;0;10176;0;0;0;0;852188;231137;37;0;260339;0;0;0;0
FR;2;2021-04-10;19689;9270;1;0;10182;0;0;0;0;871877;240407;38;0;270521;0;0;0;0
FR;2;2021-04-11;7943;4240;1;0;4603;0;0;0;0;879820;244647;39;0;275124;0;0;0;0
FR;2;2021-04-12;17137;11028;0;0;11869;0;0;0;0;896957;255675;39;0;286993;0;0;0;0
FR;2;2021-04-13;19465;16035;1;0;17103;0;0;0;0;916422;271710;40;0;304096;0;0;0;0
FR;2;2021-04-14;18071;16445;7;0;17541;0;0;0;0;934493;288155;47;0;321637;0;0;0;0
FR;2;2021-04-15;22208;21891;27;0;23345;0;0;0;0;956701;310046;74;0;344982;0;0;0;0
FR;2;2021-04-16;20721;20643;45;0;21916;0;0;0;0;977422;330689;119;0;366898;0;0;0;0
FR;2;2021-04-17;13258;22496;5;0;23227;0;0;0;0;990680;353185;124;0;390125;0;0;0;0
FR;2;2021-04-18;5911;14397;6;0;14737;0;0;0;0;996591;367582;130;0;404862;0;0;0;0
FR;2;2021-04-19;16850;16394;24;0;17197;0;0;0;0;1013441;383976;154;0;422059;0;0;0;0
FR;2;2021-04-20;19328;21807;38;0;22868;0;0;0;0;1032769;405783;192;0;444927;0;0;0;0
FR;2;2021-04-21;20294;21902;76;0;23052;0;0;0;0;1053063;427685;268;0;467979;0;0;0;0
FR;2;2021-04-22;23824;24956;41;0;26369;0;0;0;0;1076887;452641;309;0;494348;0;0;0;0
FR;2;2021-04-23;24534;25501;76;0;27013;0;0;0;0;1101421;478142;385;0;521361;0;0;0;0
FR;2;2021-04-24;25305;15068;104;0;16506;0;0;0;0;1126726;493210;489;0;537867;0;0;0;0
FR;2;2021-04-25;9597;8622;5;0;9183;0;0;0;0;1136323;501832;494;0;547050;0;0;0;0
FR;2;2021-04-26;17169;17678;21;0;18564;0;0;0;0;1153492;519510;515;0;565614;0;0;0;0
FR;2;2021-04-27;19246;24101;40;0;25285;0;0;0;0;1172738;543611;555;0;590899;0;0;0;0
FR;2;2021-04-28;22343;26457;113;0;27858;0;0;0;0;1195081;570068;668;0;618757;0;0;0;0
FR;2;2021-04-29;25477;30501;70;0;32191;0;0;0;0;1220558;600569;738;0;650948;0;0;0;0
FR;2;2021-04-30;25541;27977;49;1;29627;0;0;0;0;1246099;628546;787;1;680575;0;0;0;0
FR;2;2021-05-01;14988;9853;6;0;10654;0;0;0;0;1261087;638399;793;1;691229;0;0;0;0
FR;2;2021-05-02;6642;9160;2;0;9506;0;0;0;0;1267729;647559;795;1;700735;0;0;0;0
FR;2;2021-05-03;20026;19127;40;0;20334;0;0;0;0;1287755;666686;835;1;721069;0;0;0;0
FR;2;2021-05-04;18288;29202;33;0;30348;0;0;0;0;1306043;695888;868;1;751417;0;0;0;0
FR;2;2021-05-05;18385;29524;48;0;30822;0;0;0;0;1324428;725412;916;1;782239;0;0;0;0
FR;2;2021-05-06;23553;35414;132;0;36987;0;0;0;0;1347981;760826;1048;1;819226;0;0;0;0
FR;2;2021-05-07;25349;33240;97;0;35099;0;0;0;0;1373330;794066;1145;1;854325;0;0;0;0
FR;2;2021-05-08;21343;10697;15;0;11784;0;0;0;0;1394673;804763;1160;1;866109;0;0;0;0
FR;2;2021-05-09;13170;7609;7;0;8284;0;0;0;0;1407843;812372;1167;1;874393;0;0;0;0
FR;2;2021-05-10;32949;21718;50;0;23575;0;0;0;0;1440792;834090;1217;1;897968;0;0;0;0
FR;2;2021-05-11;43616;20904;101;0;23529;0;0;0;0;1484408;854994;1318;1;921497;0;0;0;0
FR;2;2021-05-12;50070;19638;143;0;22518;0;0;0;0;1534478;874632;1461;1;944015;0;0;0;0
FR;2;2021-05-13;51301;5597;31;0;8465;0;0;0;0;1585779;880229;1492;1;952480;0;0;0;0
FR;2;2021-05-14;61361;12884;132;0;16538;0;0;0;0;1647140;893113;1624;1;969018;0;0;0;0
FR;2;2021-05-15;65938;7100;40;0;10650;0;0;0;0;1713078;900213;1664;1;979668;0;0;0;0
FR;2;2021-05-16;43588;2573;10;0;4944;0;0;0;0;1756666;902786;1674;1;984612;0;0;0;0
FR;2;2021-05-17;44756;12447;114;0;15354;0;0;0;0;1801422;915233;1788;1;999966;0;0;0;0
FR;2;2021-05-18;54650;12289;190;0;15972;0;0;0;0;1856072;927522;1978;1;1015938;0;0;0;0
FR;2;2021-05-19;57180;10460;281;0;14500;0;0;0;0;1913252;937982;2259;1;1030438;0;0;0;0
FR;2;2021-05-20;63452;10803;288;0;14898;0;0;0;0;1976704;948785;2547;1;1045336;0;0;0;0
FR;2;2021-05-21;64306;11601;230;0;16026;0;0;0;0;2041010;960386;2777;1;1061362;0;0;0;0
FR;2;2021-05-22;61488;4529;65;0;8499;0;0;0;0;2102498;964915;2842;1;1069861;0;0;0;0
FR;2;2021-05-23;37536;575;22;0;2912;0;0;0;0;2140034;965490;2864;1;1072773;0;0;0;0
FR;2;2021-05-24;17248;2052;35;0;3259;0;0;0;0;2157282;967542;2899;1;1076032;0;0;0;0
FR;2;2021-05-25;21121;12253;241;0;13854;0;0;0;0;2178403;979795;3140;1;1089886;0;0;0;0
FR;2;2021-05-26;19946;11539;230;0;13068;0;0;0;0;2198349;991334;3370;1;1102954;0;0;0;0
FR;2;2021-05-27;23001;12663;182;0;14400;0;0;0;0;2221350;1003997;3552;1;1117354;0;0;0;0
FR;2;2021-05-28;29398;15044;190;0;17225;0;0;0;0;2250748;1019041;3742;1;1134579;0;0;0;0
FR;2;2021-05-29;30425;8196;58;0;10104;0;0;0;0;2281173;1027237;3800;1;1144683;0;0;0;0
FR;2;2021-05-30;4648;1819;6;0;2154;0;0;0;0;2285821;1029056;3806;1;1146837;0;0;0;0
FR;2;2021-05-31;28590;18741;184;0;20820;0;0;0;0;2314411;1047797;3990;1;1167657;0;0;0;0
FR;2;2021-06-01;45745;19915;225;0;23151;0;0;0;0;2360156;1067712;4215;1;1190808;0;0;0;0
FR;2;2021-06-02;37483;19311;182;0;22317;0;0;0;0;2397639;1087023;4397;1;1213125;0;0;0;0
FR;2;2021-06-03;51284;23117;161;0;26971;0;0;0;0;2448923;1110140;4558;1;1240096;0;0;0;0
FR;2;2021-06-04;65519;24088;217;0;29053;0;0;0;0;2514442;1134228;4775;1;1269149;0;0;0;0
FR;2;2021-06-05;34607;24109;52;0;26964;0;0;0;0;2549049;1158337;4827;1;1296113;0;0;0;0
FR;2;2021-06-06;4958;6194;10;0;6613;0;0;0;0;2554007;1164531;4837;1;1302726;0;0;0;0
FR;2;2021-06-07;28177;23016;150;0;25432;0;0;0;0;2582184;1187547;4987;1;1328158;0;0;0;0
FR;2;2021-06-08;46379;22944;143;0;26910;0;0;0;0;2628563;1210491;5130;1;1355068;0;0;0;0
FR;2;2021-06-09;34298;21000;107;0;24132;0;0;0;0;2662861;1231491;5237;1;1379200;0;0;0;0
FR;2;2021-06-10;42644;19081;96;1;23003;0;0;0;0;2705505;1250572;5333;2;1402203;0;0;0;0
FR;2;2021-06-11;55306;25133;134;0;30232;0;0;0;0;2760811;1275705;5467;2;1432435;0;0;0;0
FR;2;2021-06-12;30567;19800;53;0;22654;0;0;0;0;2791378;1295505;5520;2;1455089;0;0;0;0
FR;2;2021-06-13;3333;9197;13;0;9586;0;0;0;0;2794711;1304702;5533;2;1464675;0;0;0;0
FR;2;2021-06-14;25304;24119;92;0;26699;0;0;0;0;2820015;1328821;5625;2;1491374;0;0;0;0
FR;2;2021-06-15;39049;22819;154;0;26567;0;0;0;0;2859064;1351640;5779;2;1517941;0;0;0;0
FR;2;2021-06-16;30168;21370;135;0;24523;0;0;0;0;2889232;1373010;5914;2;1542464;0;0;0;0
FR;2;2021-06-17;36913;25737;150;0;29599;0;0;0;0;2926145;1398747;6064;2;1572063;0;0;0;0
FR;2;2021-06-18;46860;28883;123;0;33586;0;0;0;0;2973005;1427630;6187;2;1605649;0;0;0;0
FR;2;2021-06-19;24527;24940;39;0;27714;0;0;0;0;2997532;1452570;6226;2;1633363;0;0;0;0
FR;2;2021-06-20;3745;10058;9;0;10557;0;0;0;0;3001277;1462628;6235;2;1643920;0;0;0;0
FR;2;2021-06-21;17538;42861;88;0;44873;0;0;0;0;3018815;1505489;6323;2;1688793;0;0;0;0
FR;2;2021-06-22;28367;49617;110;0;53046;0;0;0;0;3047182;1555106;6433;2;1741839;0;0;0;0
FR;2;2021-06-23;21790;49612;107;1;52461;1;0;0;0;3068972;1604718;6540;3;1794300;1;0;0;0
FR;2;2021-06-24;28381;50317;134;0;54048;0;0;0;0;3097353;1655035;6674;3;1848348;1;0;0;0
FR;2;2021-06-25;33402;60489;129;0;64878;0;0;0;0;3130755;1715524;6803;3;1913226;1;0;0;0
FR;2;2021-06-26;16395;59357;54;1;61749;0;0;0;0;3147150;1774881;6857;4;1974975;1;0;0;0
FR;2;2021-06-27;2566;29316;22;1;29898;0;0;0;0;3149716;1804197;6879;5;2004873;1;0;0;0
FR;2;2021-06-28;12641;54341;84;0;56317;0;0;0;0;3162357;1858538;6963;5;2061190;1;0;0;0
FR;2;2021-06-29;19857;59999;178;0;62942;0;0;0;0;3182214;1918537;7141;5;2124132;1;0;0;0
FR;2;2021-06-30;16337;58037;253;17;60721;0;0;0;0;3198551;1976574;7394;22;2184853;1;0;0;0
FR;2;2021-07-01;20497;59874;228;0;63201;0;0;0;0;3219048;2036448;7622;22;2248054;1;0;0;0
FR;2;2021-07-02;24083;62160;184;0;66374;0;0;0;0;3243131;2098608;7806;22;2314428;1;0;0;0
FR;2;2021-07-03;12123;57146;153;0;59485;0;0;0;0;3255254;2155754;7959;22;2373913;1;0;0;0
FR;2;2021-07-04;1961;23303;18;0;23870;0;0;0;0;3257215;2179057;7977;22;2397783;1;0;0;0
FR;2;2021-07-05;9179;29257;106;0;30893;0;0;0;0;3266394;2208314;8083;22;2428676;1;0;0;0
FR;2;2021-07-06;14584;36279;135;0;38958;0;0;0;0;3280978;2244593;8218;22;2467634;1;0;0;0
FR;2;2021-07-07;14421;33664;140;0;36418;0;0;0;0;3295399;2278257;8358;22;2504052;1;0;0;0
FR;2;2021-07-08;19723;40324;162;0;43981;0;0;0;0;3315122;2318581;8520;22;2548033;1;0;0;0
FR;2;2021-07-09;27105;54334;202;1;59484;0;0;0;0;3342227;2372915;8722;23;2607517;1;0;0;0
FR;2;2021-07-10;13389;33708;107;0;36392;0;0;0;0;3355616;2406623;8829;23;2643909;1;0;0;0
FR;2;2021-07-11;1811;4344;16;0;4771;0;0;0;0;3357427;2410967;8845;23;2648680;1;0;0;0
FR;2;2021-07-12;12971;37265;119;0;39920;0;0;0;0;3370398;2448232;8964;23;2688600;1;0;0;0
FR;2;2021-07-13;37120;53146;152;0;60280;0;0;0;0;3407518;2501378;9116;23;2748880;1;0;0;0
FR;2;2021-07-14;6628;3540;15;0;4887;0;0;0;0;3414146;2504918;9131;23;2753767;1;0;0;0
FR;2;2021-07-15;47244;47013;156;0;55209;0;0;0;0;3461390;2551931;9287;23;2808976;1;0;0;0
FR;2;2021-07-16;64320;55755;188;0;66738;0;0;0;0;3525710;2607686;9475;23;2875714;1;0;0;0
FR;2;2021-07-17;31603;23918;96;0;29375;0;0;0;0;3557313;2631604;9571;23;2905089;1;0;0;0
FR;2;2021-07-18;6090;4807;19;0;5952;0;0;0;0;3563403;2636411;9590;23;2911041;1;0;0;0
FR;2;2021-07-19;33007;28599;94;0;34212;0;0;0;0;3596410;2665010;9684;23;2945253;1;0;0;0
FR;2;2021-07-20;51999;44525;155;0;53160;0;0;0;0;3648409;2709535;9839;23;2998413;1;0;0;0
FR;2;2021-07-21;45257;34626;93;0;42129;0;0;0;0;3693666;2744161;9932;23;3040542;1;0;0;0
FR;2;2021-07-22;56280;41082;128;1;50355;0;0;0;0;3749946;2785243;10060;24;3090897;1;0;0;0
FR;2;2021-07-23;68305;48967;170;0;60257;0;0;0;0;3818251;2834210;10230;24;3151154;1;0;0;0
FR;2;2021-07-24;36178;21613;82;0;27471;0;0;0;0;3854429;2855823;10312;24;3178625;1;0;0;0
FR;2;2021-07-25;6751;2609;10;0;3867;0;0;0;0;3861180;2858432;10322;24;3182492;1;0;0;0
FR;2;2021-07-26;36320;22337;91;1;27840;0;0;0;0;3897500;2880769;10413;25;3210332;1;0;0;0
FR;2;2021-07-27;62392;34563;180;0;43711;0;0;0;0;3959892;2915332;10593;25;3254043;1;0;0;0
FR;2;2021-07-28;55326;26425;132;0;34511;0;0;0;0;4015218;2941757;10725;25;3288554;1;0;0;0
FR;2;2021-07-29;68481;32797;189;0;42478;0;0;0;0;4083699;2974554;10914;25;3331032;1;0;0;0
FR;2;2021-07-30;74468;37816;222;1;48606;0;0;0;0;4158167;3012370;11136;26;3379638;1;0;0;0
FR;2;2021-07-31;34778;16207;105;0;21406;0;0;0;0;4192945;3028577;11241;26;3401044;1;0;0;0
FR;2;2021-08-01;5416;2260;19;0;3123;0;0;0;0;4198361;3030837;11260;26;3404167;1;0;0;0
FR;2;2021-08-02;35896;16150;101;0;21053;0;0;0;0;4234257;3046987;11361;26;3425220;1;0;0;0
FR;2;2021-08-03;55988;28261;143;0;35464;0;0;0;0;4290245;3075248;11504;26;3460684;1;0;0;0
FR;2;2021-08-04;46639;20828;128;1;26936;0;0;0;0;4336884;3096076;11632;27;3487620;1;0;0;0
FR;2;2021-08-05;54641;31562;215;0;38738;0;0;0;0;4391525;3127638;11847;27;3526358;1;0;0;0
FR;2;2021-08-06;58098;42399;242;1;50227;0;0;0;0;4449623;3170037;12089;28;3576585;1;0;0;0
FR;2;2021-08-07;25152;17627;89;0;21317;0;0;0;0;4474775;3187664;12178;28;3597902;1;0;0;0
FR;2;2021-08-08;3840;3653;21;0;4311;0;0;0;0;4478615;3191317;12199;28;3602213;1;0;0;0
FR;2;2021-08-09;29308;21023;92;0;24849;0;0;0;0;4507923;3212340;12291;28;3627062;1;0;0;0
FR;2;2021-08-10;45014;33467;155;0;39228;0;0;0;0;4552937;3245807;12446;28;3666290;1;0;0;0
FR;2;2021-08-11;35277;25144;151;0;29743;0;0;0;0;4588214;3270951;12597;28;3696033;1;0;0;0
FR;2;2021-08-12;41905;35691;163;0;41228;0;0;0;0;4630119;3306642;12760;28;3737261;1;0;0;0
FR;2;2021-08-13;42608;37354;218;0;43041;0;0;0;0;4672727;3343996;12978;28;3780302;1;0;0;0
FR;2;2021-08-14;18524;22131;94;0;24762;0;0;0;0;4691251;3366127;13072;28;3805064;1;0;0;0
FR;2;2021-08-15;3865;3795;17;0;4381;0;0;0;0;4695116;3369922;13089;28;3809445;1;0;0;0
FR;2;2021-08-16;25094;27124;111;0;30446;0;0;0;0;4720210;3397046;13200;28;3839891;1;0;0;0
FR;2;2021-08-17;38270;43396;207;2;48380;0;0;0;0;4758480;3440442;13407;30;3888271;1;0;0;0
FR;2;2021-08-18;32254;36353;195;1;40695;0;0;0;0;4790734;3476795;13602;31;3928966;1;0;0;0
FR;2;2021-08-19;37435;46575;224;0;51776;0;0;0;0;4828169;3523370;13826;31;3980742;1;0;0;0
FR;2;2021-08-20;40568;55648;271;1;61573;0;0;0;0;4868737;3579018;14097;32;4042315;1;0;0;0
FR;2;2021-08-21;18121;24321;117;0;27113;0;0;0;0;4886858;3603339;14214;32;4069428;1;0;0;0
FR;2;2021-08-22;2909;4320;22;1;4852;1;0;0;0;4889767;3607659;14236;33;4074280;2;0;0;0
FR;2;2021-08-23;19250;35149;131;1;38039;0;0;0;0;4909017;3642808;14367;34;4112319;2;0;0;0
FR;2;2021-08-24;31952;56036;236;0;60693;0;0;0;0;4940969;3698844;14603;34;4173012;2;0;0;0
FR;2;2021-08-25;25934;43457;251;0;47406;0;0;0;0;4966903;3742301;14854;34;4220418;2;0;0;0
FR;2;2021-08-26;32362;55844;388;0;60582;0;0;0;0;4999265;3798145;15242;34;4281000;2;0;0;0
FR;2;2021-08-27;37003;65680;477;2;71404;0;0;0;0;5036268;3863825;15719;36;4352404;2;0;0;0
FR;2;2021-08-28;17819;28556;300;0;31616;0;0;0;0;5054087;3892381;16019;36;4384020;2;0;0;0
FR;2;2021-08-29;2656;5012;47;0;5623;0;0;0;0;5056743;3897393;16066;36;4389643;2;0;0;0
FR;2;2021-08-30;18418;37727;399;0;40146;756;0;0;0;5075161;3935120;16465;36;4429789;758;0;0;0
FR;2;2021-08-31;28077;57517;887;4;60948;1558;0;0;0;5103238;3992637;17352;40;4490737;2316;0;0;0
FR;2;2021-09-01;21595;39877;1309;0;42256;2129;0;0;0;5124833;4032514;18661;40;4532993;4445;0;0;0
FR;2;2021-09-02;25486;48667;1963;2;50942;3369;0;0;0;5150319;4081181;20624;42;4583935;7814;0;0;0
FR;2;2021-09-03;33414;64574;2988;3;67537;4886;1;0;0;5183733;4145755;23612;45;4651472;12700;1;0;0
FR;2;2021-09-04;16833;27766;1443;1;29557;2386;0;0;0;5200566;4173521;25055;46;4681029;15086;1;0;0
FR;2;2021-09-05;2265;3585;266;0;3941;412;0;0;0;5202831;4177106;25321;46;4684970;15498;1;0;0
FR;2;2021-09-06;14045;28694;1771;1;29759;2945;0;0;0;5216876;4205800;27092;47;4714729;18443;1;0;0
FR;2;2021-09-07;21111;41110;3022;13;42262;4945;0;0;0;5237987;4246910;30114;60;4756991;23388;1;0;0
FR;2;2021-09-08;17248;31921;2735;6;32738;4498;0;0;0;5255235;4278831;32849;66;4789729;27886;1;0;0
FR;2;2021-09-09;20982;40485;4437;3;41229;6842;0;0;0;5276217;4319316;37286;69;4830958;34728;1;0;0
FR;2;2021-09-10;28203;51315;5286;4;51883;8979;1;0;0;5304420;4370631;42572;73;4882841;43707;2;0;0
FR;2;2021-09-11;13655;22461;2405;5;23133;3990;0;0;0;5318075;4393092;44977;78;4905974;47697;2;0;0
FR;2;2021-09-12;1824;2770;292;0;2964;509;0;0;0;5319899;4395862;45269;78;4908938;48206;2;0;0
FR;2;2021-09-13;11659;21441;2474;4;21701;4052;0;0;0;5331558;4417303;47743;82;4930639;52258;2;0;0
FR;2;2021-09-14;18579;32720;5092;13;31678;9055;2;0;0;5350137;4450023;52835;95;4962317;61313;4;0;0
FR;2;2021-09-15;14917;28226;5168;3;26926;7748;9;0;0;5365054;4478249;58003;98;4989243;69061;13;0;0
FR;2;2021-09-16;16079;32798;6737;12;30179;10541;4;0;0;5381133;4511047;64740;110;5019422;79602;17;0;0
FR;2;2021-09-17;20916;47179;8782;10;42825;14631;6;0;0;5402049;4558226;73522;120;5062247;94233;23;0;0
FR;2;2021-09-18;9856;20960;3804;6;19596;6034;1;0;0;5411905;4579186;77326;126;5081843;100267;24;0;0
FR;2;2021-09-19;1166;2590;396;0;2533;631;0;0;0;5413071;4581776;77722;126;5084376;100898;24;0;0
FR;2;2021-09-20;7503;18702;3856;7;17025;6135;4;0;0;5420574;4600478;81578;133;5101401;107033;28;0;0
FR;2;2021-09-21;11215;29983;6495;5;26536;10744;3;0;0;5431789;4630461;88073;138;5127937;117777;31;0;0
FR;2;2021-09-22;9415;23546;5490;6;21194;8526;8;0;0;5441204;4654007;93563;144;5149131;126303;39;0;0
FR;2;2021-09-23;10730;28904;7881;10;24731;12647;10;0;0;5451934;4682911;101444;154;5173862;138950;49;0;0
FR;2;2021-09-24;15075;42946;10878;18;37280;17246;21;0;0;5467009;4725857;112322;172;5211142;156196;70;0;0
FR;2;2021-09-25;7258;18798;3965;9;17151;6120;3;0;0;5474267;4744655;116287;181;5228293;162316;73;0;0
FR;2;2021-09-26;1080;2544;495;0;2490;630;1;0;0;5475347;4747199;116782;181;5230783;162946;74;0;0
FR;2;2021-09-27;6311;16400;4287;8;14792;6533;2;0;0;5481658;4763599;121069;189;5245575;169479;76;0;0
FR;2;2021-09-28;9243;25573;7770;14;21720;12089;7;0;0;5490901;4789172;128839;203;5267295;181568;83;0;0
FR;2;2021-09-29;8081;20199;6067;25;17606;9259;8;0;0;5498982;4809371;134906;228;5284901;190827;91;0;0
FR;2;2021-09-30;9865;25838;9509;16;21639;14099;6;0;0;5508847;4835209;144415;244;5306540;204926;97;0;0
FR;2;2021-10-01;13979;35736;12921;25;30046;19328;9;0;0;5522826;4870945;157336;269;5336586;224254;106;0;0
FR;2;2021-10-02;6875;15933;4850;7;14226;7047;6;0;0;5529701;4886878;162186;276;5350812;231301;112;0;0
FR;2;2021-10-03;841;1908;492;1;1839;502;0;0;0;5530542;4888786;162678;277;5352651;231803;112;0;0
FR;2;2021-10-04;5826;13901;5516;5;12137;7854;6;0;0;5536368;4902687;168194;282;5364788;239657;118;0;0
FR;2;2021-10-05;9058;22572;11125;19;18532;15741;1;0;0;5545426;4925259;179319;301;5383320;255398;119;0;0
FR;2;2021-10-06;7785;17748;8243;11;15274;11091;4;0;0;5553211;4943007;187562;312;5398594;266489;123;0;0
FR;2;2021-10-07;9204;22214;12386;14;18007;16878;6;0;0;5562415;4965221;199948;326;5416601;283367;129;0;0
FR;2;2021-10-08;13432;32143;17349;28;26517;23609;11;0;0;5575847;4997364;217297;354;5443118;306976;140;0;0
FR;2;2021-10-09;6000;12846;6044;6;11380;7897;7;0;0;5581847;5010210;223341;360;5454498;314873;147;0;0
FR;2;2021-10-10;885;1592;436;2;1535;604;1;0;0;5582732;5011802;223777;362;5456033;315477;148;0;0
FR;2;2021-10-11;5607;11544;6455;17;9932;8829;3;0;0;5588339;5023346;230232;379;5465965;324306;151;0;0
FR;2;2021-10-12;8031;17790;12551;13;13921;16790;9;0;0;5596370;5041136;242783;392;5479886;341096;160;0;0
FR;2;2021-10-13;6947;14871;10256;12;11812;13663;7;0;0;5603317;5056007;253039;404;5491698;354759;167;0;0
FR;2;2021-10-14;8314;17940;14996;13;13557;19478;10;0;0;5611631;5073947;268035;417;5505255;374237;177;0;0
FR;2;2021-10-15;11856;26308;20902;26;19411;27981;4;0;0;5623487;5100255;288937;443;5524666;402218;181;0;0
FR;2;2021-10-16;5141;8728;1819;0;8172;3205;2;0;0;5628628;5108983;290756;443;5532838;405423;183;0;0
FR;2;2021-10-17;654;1150;185;0;1083;354;1;0;0;5629282;5110133;290941;443;5533921;405777;184;0;0
FR;2;2021-10-18;4564;7337;665;2;7243;1630;0;0;0;5633846;5117470;291606;445;5541164;407407;184;0;0
FR;2;2021-10-19;6239;9849;732;5;9656;2030;5;0;0;5640085;5127319;292338;450;5550820;409437;189;0;0
FR;2;2021-10-20;5170;8051;759;3;8173;1675;0;0;0;5645255;5135370;293097;453;5558993;411112;189;0;0
FR;2;2021-10-21;6090;9982;780;5;9840;2104;1;0;0;5651345;5145352;293877;458;5568833;413216;190;0;0
FR;2;2021-10-22;8452;14602;1151;4;14478;2891;2;0;0;5659797;5159954;295028;462;5583311;416107;192;0;0
FR;2;2021-10-23;3845;5993;587;0;6125;1235;3;0;0;5663642;5165947;295615;462;5589436;417342;195;0;0
FR;2;2021-10-24;494;882;101;0;900;204;0;0;0;5664136;5166829;295716;462;5590336;417546;195;0;0
FR;2;2021-10-25;3360;5342;307;1;5518;825;2;0;0;5667496;5172171;296023;463;5595854;418371;197;0;0
FR;2;2021-10-26;4177;7237;1134;4;7126;2023;5;0;0;5671673;5179408;297157;467;5602980;420394;202;0;0
FR;2;2021-10-27;3677;6585;1194;5;6447;1989;1;0;0;5675350;5185993;298351;472;5609427;422383;203;0;0
FR;2;2021-10-28;4597;7687;1737;3;7415;2746;1;0;0;5679947;5193680;300088;475;5616842;425129;204;0;0
FR;2;2021-10-29;5414;11082;2438;4;10692;3684;3;0;0;5685361;5204762;302526;479;5627534;428813;207;0;0
FR;2;2021-10-30;2749;4457;976;1;4452;1448;2;0;0;5688110;5209219;303502;480;5631986;430261;209;0;0
FR;2;2021-10-31;364;535;140;1;544;191;1;0;0;5688474;5209754;303642;481;5632530;430452;210;0;0
FR;2;2021-11-01;430;546;181;0;563;267;1;0;0;5688904;5210300;303823;481;5633093;430719;211;0;0
FR;2;2021-11-02;3294;6760;1184;0;6800;1771;5;0;0;5692198;5217060;305007;481;5639893;432490;216;0;0
FR;2;2021-11-03;3340;6226;1389;2;6311;1970;2;0;0;5695538;5223286;306396;483;5646204;434460;218;0;0
FR;2;2021-11-04;3987;7069;1769;4;7109;2495;3;0;0;5699525;5230355;308165;487;5653313;436955;221;0;0
FR;2;2021-11-05;5235;10502;2869;5;10215;3957;6;0;0;5704760;5240857;311034;492;5663528;440912;227;0;0
FR;2;2021-11-06;2597;4684;1407;0;4641;1824;2;0;0;5707357;5245541;312441;492;5668169;442736;229;0;0
FR;2;2021-11-07;506;862;221;0;869;291;2;0;0;5707863;5246403;312662;492;5669038;443027;231;0;0
FR;2;2021-11-08;2578;5348;1207;3;5268;1678;3;0;0;5710441;5251751;313869;495;5674306;444705;234;0;0
FR;2;2021-11-09;2749;6907;2402;5;6442;3181;2;0;0;5713190;5258658;316271;500;5680748;447886;236;0;0
FR;2;2021-11-10;2590;5668;5118;6;4761;6294;7;0;0;5715780;5264326;321389;506;5685509;454180;243;0;0
FR;2;2021-11-11;446;754;755;2;647;938;3;0;0;5716226;5265080;322144;508;5686156;455118;246;0;0
FR;2;2021-11-12;2953;8088;8982;8;6196;10933;9;0;0;5719179;5273168;331126;516;5692352;466051;255;0;0
FR;2;2021-11-13;1539;3374;3872;7;2722;4538;4;0;0;5720718;5276542;334998;523;5695074;470589;259;0;0
FR;2;2021-11-14;258;585;351;1;486;480;3;0;0;5720976;5277127;335349;524;5695560;471069;262;0;0
FR;2;2021-11-15;1621;3654;4449;8;2908;5329;16;0;0;5722597;5280781;339798;532;5698468;476398;278;0;0
FR;2;2021-11-16;2185;5875;8314;14;4152;10083;16;0;0;5724782;5286656;348112;546;5702620;486481;294;0;0
FR;2;2021-11-17;1740;4523;6634;8;3168;7852;5;0;0;5726522;5291179;354746;554;5705788;494333;299;0;0
FR;2;2021-11-18;2192;5920;9188;10;4018;11018;8;0;0;5728714;5297099;363934;564;5709806;505351;307;0;0
FR;2;2021-11-19;2701;7752;12981;19;4832;15480;12;0;0;5731415;5304851;376915;583;5714638;520831;319;0;0
FR;2;2021-11-20;1566;3333;5185;5;2351;6098;3;0;0;5732981;5308184;382100;588;5716989;526929;322;0;0
FR;2;2021-11-21;251;504;543;0;393;656;3;0;0;5733232;5308688;382643;588;5717382;527585;325;0;0
FR;2;2021-11-22;1278;2570;4485;5;1673;5397;9;0;0;5734510;5311258;387128;593;5719055;532982;334;0;0
FR;2;2021-11-23;1617;4277;8207;9;2536;9923;6;0;0;5736127;5315535;395335;602;5721591;542905;340;0;0
FR;2;2021-11-24;1421;3747;7486;14;2246;8736;9;0;0;5737548;5319282;402821;616;5723837;551641;349;0;0
FR;2;2021-11-25;1814;4863;11474;21;2682;13668;6;0;0;5739362;5324145;414295;637;5726519;565309;355;0;0
FR;2;2021-11-26;2541;7735;22676;31;3812;26091;14;0;0;5741903;5331880;436971;668;5730331;591400;369;0;0
FR;2;2021-11-27;1498;4144;12278;19;2127;14042;13;0;0;5743401;5336024;449249;687;5732458;605442;382;0;0
FR;2;2021-11-28;292;836;1976;3;478;2303;5;0;0;5743693;5336860;451225;690;5732936;607745;387;0;0
FR;2;2021-11-29;1449;4349;15099;23;2010;17269;25;0;0;5745142;5341209;466324;713;5734946;625014;412;0;0
FR;2;2021-11-30;1913;6658;26251;36;2640;30013;22;0;0;5747055;5347867;492575;749;5737586;655027;434;0;0
FR;2;2021-12-01;1918;6006;26211;31;2477;29519;20;0;0;5748973;5353873;518786;780;5740063;684546;454;0;0
FR;2;2021-12-02;1916;6780;37736;52;2112;41995;32;0;0;5750889;5360653;556522;832;5742175;726541;486;0;0
FR;2;2021-12-03;2558;10069;53644;111;3592;59391;31;0;0;5753447;5370722;610166;943;5745767;785932;517;0;0
FR;2;2021-12-04;1850;6275;37132;38;2185;40820;16;0;0;5755297;5376997;647298;981;5747952;826752;533;0;0
FR;2;2021-12-05;458;2242;14265;14;533;15990;7;0;0;5755755;5379239;661563;995;5748485;842742;540;0;0
FR;2;2021-12-06;2486;9846;77735;109;2699;84785;25;0;0;5758241;5389085;739298;1104;5751184;927527;565;0;0
FR;2;2021-12-07;3458;15288;122475;238;3742;133797;40;0;0;5761699;5404373;861773;1342;5754926;1061324;605;0;0
FR;2;2021-12-08;3725;15968;133225;330;3846;145413;54;0;0;5765424;5420341;994998;1672;5758772;1206737;659;0;0
FR;2;2021-12-09;4547;19625;170241;554;4165;185639;61;0;0;5769971;5439966;1165239;2226;5762937;1392376;720;0;0
FR;2;2021-12-10;4676;22805;188700;490;5011;206190;69;0;0;5774647;5462771;1353939;2716;5767948;1598566;789;0;0
FR;2;2021-12-11;3687;16621;132469;239;3663;144937;60;0;0;5778334;5479392;1486408;2955;5771611;1743503;849;0;0
FR;2;2021-12-12;1256;7119;59116;83;1016;65169;12;0;0;5779590;5486511;1545524;3038;5772627;1808672;861;0;0
FR;2;2021-12-13;5529;26811;220733;605;5223;243029;159;0;0;5785119;5513322;1766257;3643;5777850;2051701;1020;0;0
FR;2;2021-12-14;7019;37458;300806;909;6136;332278;190;0;0;5792138;5550780;2067063;4552;5783986;2383979;1210;0;0
FR;2;2021-12-15;6555;36216;285264;958;5866;315903;186;0;0;5798693;5586996;2352327;5510;5789852;2699882;1396;0;0
FR;2;2021-12-16;7765;37922;312178;982;6564;343820;186;0;0;5806458;5624918;2664505;6492;5796416;3043702;1582;0;0
FR;2;2021-12-17;8681;41188;327910;976;8020;360987;232;0;0;5815139;5666106;2992415;7468;5804436;3404689;1814;0;0
FR;2;2021-12-18;6515;26527;212374;448;4904;233673;120;0;0;5821654;5692633;3204789;7916;5809340;3638362;1934;0;0
FR;2;2021-12-19;2603;11403;90226;182;1655;100356;26;0;0;5824257;5704036;3295015;8098;5810995;3738718;1960;0;0
FR;2;2021-12-20;9548;33515;275258;707;6587;303403;209;0;0;5833805;5737551;3570273;8805;5817582;4042121;2169;0;0
FR;2;2021-12-21;11567;38269;309663;968;7368;341438;262;0;0;5845372;5775820;3879936;9773;5824950;4383559;2431;0;0
FR;2;2021-12-22;10461;32775;265147;952;6442;292502;316;0;1;5855833;5808595;4145083;10725;5831392;4676061;2747;0;1
FR;2;2021-12-23;9426;26620;199534;701;5874;221294;225;0;0;5865259;5835215;4344617;11426;5837266;4897355;2972;0;1
FR;2;2021-12-24;2783;7466;43866;140;2036;49561;78;0;0;5868042;5842681;4388483;11566;5839302;4946916;3050;0;1
FR;2;2021-12-25;201;669;2003;10;209;2476;15;0;0;5868243;5843350;4390486;11576;5839511;4949392;3065;0;1
FR;2;2021-12-26;1320;4215;25161;71;1052;28693;70;0;0;5869563;5847565;4415647;11647;5840563;4978085;3135;0;1
FR;2;2021-12-27;8076;29927;218437;659;6624;243387;294;0;0;5877639;5877492;4634084;12306;5847187;5221472;3429;0;1
FR;2;2021-12-28;9832;36287;272116;742;6982;302014;957;0;1;5887471;5913779;4906200;13048;5854169;5523486;4386;0;2
FR;2;2021-12-29;9498;32218;246151;765;6402;272696;1088;0;0;5896969;5945997;5152351;13813;5860571;5796182;5474;0;2
FR;2;2021-12-30;9464;28091;208839;663;5970;231479;1155;0;0;5906433;5974088;5361190;14476;5866541;6027661;6629;0;2
FR;2;2021-12-31;3011;8340;54991;176;2169;61233;392;0;0;5909444;5982428;5416181;14652;5868710;6088894;7021;0;2
FR;2;2022-01-01;231;693;2858;7;207;3353;29;0;0;5909675;5983121;5419039;14659;5868917;6092247;7050;0;2
FR;2;2022-01-02;1503;4859;29524;76;1166;33418;217;0;0;5911178;5987980;5448563;14735;5870083;6125665;7267;0;2
FR;2;2022-01-03;9606;35394;266544;806;8498;293919;1672;0;0;5920784;6023374;5715107;15541;5878581;6419584;8939;0;2
FR;2;2022-01-04;12857;45402;342103;1068;9971;377043;2458;0;1;5933641;6068776;6057210;16609;5888552;6796627;11397;0;3
FR;2;2022-01-05;11273;38627;294222;885;8635;323856;2155;0;2;5944914;6107403;6351432;17494;5897187;7120483;13552;0;5
FR;2;2022-01-06;13653;43487;331957;1298;9933;364767;2977;0;1;5958567;6150890;6683389;18792;5907120;7485250;16529;0;6
FR;2;2022-01-07;14224;47606;361123;1271;11231;396464;3159;0;0;5972791;6198496;7044512;20063;5918351;7881714;19688;0;6
FR;2;2022-01-08;7946;28137;201276;515;7209;221703;1531;0;2;5980737;6226633;7245788;20578;5925560;8103417;21219;0;8
FR;2;2022-01-09;2749;8946;62531;137;2069;69497;493;0;0;5983486;6235579;7308319;20715;5927629;8172914;21712;0;8
FR;2;2022-01-10;10100;31906;232509;859;8901;255084;2460;0;0;5993586;6267485;7540828;21574;5936530;8427998;24172;0;8
FR;2;2022-01-11;11465;36235;265948;1030;10055;290653;3380;0;1;6005051;6303720;7806776;22604;5946585;8718651;27552;0;9
FR;2;2022-01-12;8766;29787;206335;863;8716;226176;2798;0;5;6013817;6333507;8013111;23467;5955301;8944827;30350;0;14
FR;2;2022-01-13;9387;31336;224510;831;9037;244858;3463;0;4;6023204;6364843;8237621;24298;5964338;9189685;33813;0;18
FR;2;2022-01-14;9746;35574;254551;920;9841;277655;3979;0;1;6032950;6400417;8492172;25218;5974179;9467340;37792;0;19
FR;2;2022-01-15;5361;19443;140788;363;5321;153648;1929;0;0;6038311;6419860;8632960;25581;5979500;9620988;39721;0;19
FR;2;2022-01-16;1512;5457;35892;81;1619;39818;424;0;0;6039823;6425317;8668852;25662;5981119;9660806;40145;0;19
FR;2;2022-01-17;5546;19264;135421;601;6600;147263;2264;0;2;6045369;6444581;8804273;26263;5987719;9808069;42409;0;21
FR;2;2022-01-18;6422;21480;148647;648;7519;160471;3311;0;0;6051791;6466061;8952920;26911;5995238;9968540;45720;0;21
FR;2;2022-01-19;4398;16303;105112;552;6206;113701;2411;0;1;6056189;6482364;9058032;27463;6001444;10082241;48131;0;22
FR;2;2022-01-20;4873;17571;115304;603;7067;123694;3111;0;2;6061062;6499935;9173336;28066;6008511;10205935;51242;0;24
FR;2;2022-01-21;5198;20041;137357;679;7169;147775;3455;0;1;6066260;6519976;9310693;28745;6015680;10353710;54697;0;25
FR;2;2022-01-22;3033;10956;74265;260;3956;80339;1428;0;0;6069293;6530932;9384958;29005;6019636;10434049;56125;0;25
FR;2;2022-01-23;724;2707;15243;41;1055;16826;238;0;0;6070017;6533639;9400201;29046;6020691;10450875;56363;0;25
FR;2;2022-01-24;3292;12793;75084;431;5843;81019;1994;0;2;6073309;6546432;9475285;29477;6026534;10531894;58357;0;27
FR;2;2022-01-25;3575;14404;79638;496;6650;85463;2879;0;4;6076884;6560836;9554923;29973;6033184;10617357;61236;0;31
FR;2;2022-01-26;2515;10701;58987;363;5330;63036;1958;0;1;6079399;6571537;9613910;30336;6038514;10680393;63194;0;32
FR;2;2022-01-27;2684;11386;64185;391;5738;67972;2462;0;1;6082083;6582923;9678095;30727;6044252;10748365;65656;0;33
FR;2;2022-01-28;3551;18257;91730;430;8611;98907;3399;0;1;6085634;6601180;9769825;31157;6052863;10847272;69055;0;34
FR;2;2022-01-29;1896;9234;48856;164;4170;52929;1374;0;1;6087530;6610414;9818681;31321;6057033;10900201;70429;0;35
FR;2;2022-01-30;464;2206;9457;38;1049;10584;203;0;0;6087994;6612620;9828138;31359;6058082;10910785;70632;0;35
FR;2;2022-01-31;1891;9551;43834;209;4709;47322;1885;0;2;6089885;6622171;9871972;31568;6062791;10958107;72517;0;37
FR;2;2022-02-01;1917;10020;47030;279;4797;50079;2707;0;0;6091802;6632191;9919002;31847;6067588;11008186;75224;0;37
FR;2;2022-02-02;1614;8971;41124;250;4191;44147;2189;0;1;6093416;6641162;9960126;32097;6071779;11052333;77413;0;38
FR;2;2022-02-03;1732;8929;40526;205;4368;42911;2640;0;2;6095148;6650091;10000652;32302;6076147;11095244;80053;0;40
FR;2;2022-02-04;2151;15168;66648;299;7380;71317;3670;0;1;6097299;6665259;10067300;32601;6083527;11166561;83723;0;41
FR;2;2022-02-05;1360;8517;35948;132;4214;39220;1369;0;0;6098659;6673776;10103248;32733;6087741;11205781;85092;0;41
FR;2;2022-02-06;275;1761;6130;16;842;6899;217;0;0;6098934;6675537;10109378;32749;6088583;11212680;85309;0;41
FR;2;2022-02-07;1352;9543;37760;134;4535;41288;1888;0;2;6100286;6685080;10147138;32883;6093118;11253968;87197;0;43
FR;2;2022-02-08;1299;9833;40956;173;4645;43750;2741;0;1;6101585;6694913;10188094;33056;6097763;11297718;89938;0;44
FR;2;2022-02-09;1160;8841;37040;174;3804;40465;1901;0;2;6102745;6703754;10225134;33230;6101567;11338183;91839;0;46
FR;2;2022-02-10;1030;8001;33837;204;3605;36511;2051;0;1;6103775;6711755;10258971;33434;6105172;11374694;93890;0;47
FR;2;2022-02-11;1391;12087;53348;223;5282;57702;2888;0;0;6105166;6723842;10312319;33657;6110454;11432396;96778;0;47
FR;2;2022-02-12;753;6535;27989;86;2792;30808;1113;0;2;6105919;6730377;10340308;33743;6113246;11463204;97891;0;49
FR;2;2022-02-13;200;1340;4836;20;562;5577;141;0;0;6106119;6731717;10345144;33763;6113808;11468781;98032;0;49
FR;2;2022-02-14;836;6732;30274;92;2599;33233;1399;0;1;6106955;6738449;10375418;33855;6116407;11502014;99431;0;50
FR;2;2022-02-15;773;6473;28051;140;2801;29994;1965;0;2;6107728;6744922;10403469;33995;6119208;11532008;101396;0;52
FR;2;2022-02-16;657;5363;22069;124;2528;23635;1569;0;3;6108385;6750285;10425538;34119;6121736;11555643;102965;0;55
FR;2;2022-02-17;518;3786;14152;98;2131;14617;1406;0;2;6108903;6754071;10439690;34217;6123867;11570260;104371;0;57
FR;2;2022-02-18;723;5369;20443;134;3041;21130;1895;0;0;6109626;6759440;10460133;34351;6126908;11591390;106266;0;57
FR;2;2022-02-19;431;3061;10533;66;1699;11247;753;0;2;6110057;6762501;10470666;34417;6128607;11602637;107019;0;59
FR;2;2022-02-20;102;520;1463;3;314;1613;100;0;0;6110159;6763021;10472129;34420;6128921;11604250;107119;0;59
FR;2;2022-02-21;423;2685;9122;65;1569;9499;930;0;0;6110582;6765706;10481251;34485;6130490;11613749;108049;0;59
FR;2;2022-02-22;393;2568;8894;77;1622;8797;1180;0;0;6110975;6768274;10490145;34562;6132112;11622546;109229;0;59
FR;2;2022-02-23;432;2605;8992;82;1522;9269;1022;0;0;6111407;6770879;10499137;34644;6133634;11631815;110251;0;59
FR;2;2022-02-24;314;2039;6805;82;1251;6835;870;0;0;6111721;6772918;10505942;34726;6134885;11638650;111121;0;59
FR;2;2022-02-25;456;3210;11424;107;1979;11287;1560;0;3;6112177;6776128;10517366;34833;6136864;11649937;112681;0;62
FR;2;2022-02-26;297;1892;6038;49;1161;6345;587;0;1;6112474;6778020;10523404;34882;6138025;11656282;113268;0;63
FR;2;2022-02-27;76;313;908;5;214;951;98;0;0;6112550;6778333;10524312;34887;6138239;11657233;113366;0;63
FR;2;2022-02-28;332;1689;5525;53;1088;5531;733;0;0;6112882;6780022;10529837;34940;6139327;11662764;114099;0;63
FR;2;2022-03-01;279;1569;5484;46;952;5201;964;0;2;6113161;6781591;10535321;34986;6140279;11667965;115063;0;65
FR;2;2022-03-02;298;1446;5248;46;878;5092;816;0;1;6113459;6783037;10540569;35032;6141157;11673057;115879;0;66
FR;2;2022-03-03;226;1112;3709;42;721;3486;668;0;1;6113685;6784149;10544278;35074;6141878;11676543;116547;0;67
FR;2;2022-03-04;243;1469;4860;74;983;4506;950;0;1;6113928;6785618;10549138;35148;6142861;11681049;117497;0;68
FR;2;2022-03-05;174;906;2981;34;613;2725;561;0;0;6114102;6786524;10552119;35182;6143474;11683774;118058;0;68
FR;2;2022-03-06;42;188;280;5;110;320;52;0;0;6114144;6786712;10552399;35187;6143584;11684094;118110;0;68
FR;2;2022-03-07;157;659;1989;70;491;1779;472;0;0;6114301;6787371;10554388;35257;6144075;11685873;118582;0;68
FR;2;2022-03-08;144;670;2273;53;461;1908;619;0;0;6114445;6788041;10556661;35310;6144536;11687781;119201;0;68
FR;2;2022-03-09;156;709;2351;37;473;2052;617;0;0;6114601;6788750;10559012;35347;6145009;11689833;119818;0;68
FR;2;2022-03-10;123;603;1695;35;446;1470;456;0;1;6114724;6789353;10560707;35382;6145455;11691303;120274;0;69
FR;2;2022-03-11;172;757;2770;57;505;2369;737;0;1;6114896;6790110;10563477;35439;6145960;11693672;121011;0;70
FR;2;2022-03-12;149;485;1787;27;331;1557;450;0;0;6115045;6790595;10565264;35466;6146291;11695229;121461;0;70
FR;2;2022-03-13;25;75;203;30;45;204;69;0;0;6115070;6790670;10565467;35496;6146336;11695433;121530;0;70
FR;2;2022-03-14;129;470;1572;529;333;1301;951;0;0;6115199;6791140;10567039;36025;6146669;11696734;122481;0;70
FR;2;2022-03-15;139;441;1713;691;333;1333;1186;0;1;6115338;6791581;10568752;36716;6147002;11698067;123667;0;71
FR;2;2022-03-16;142;476;2013;1616;331;1593;2160;0;2;6115480;6792057;10570765;38332;6147333;11699660;125827;0;73
FR;2;2022-03-17;95;413;1412;1192;273;1148;1576;0;1;6115575;6792470;10572177;39524;6147606;11700808;127403;0;74
FR;2;2022-03-18;147;496;2026;1795;335;1669;2313;0;1;6115722;6792966;10574203;41319;6147941;11702477;129716;0;75
FR;2;2022-03-19;108;321;1210;941;219;1015;1259;0;0;6115830;6793287;10575413;42260;6148160;11703492;130975;0;75
FR;2;2022-03-20;13;77;191;59;39;168;115;0;0;6115843;6793364;10575604;42319;6148199;11703660;131090;0;75
FR;2;2022-03-21;98;307;1218;1483;181;1081;1760;0;1;6115941;6793671;10576822;43802;6148380;11704741;132850;0;76
FR;2;2022-03-22;118;391;1533;1830;244;1294;2219;0;0;6116059;6794062;10578355;45632;6148624;11706035;135069;0;76
FR;2;2022-03-23;137;362;1684;3032;232;1475;3374;0;6;6116196;6794424;10580039;48664;6148856;11707510;138443;0;82
FR;2;2022-03-24;117;293;1183;1548;186;1001;1814;0;8;6116313;6794717;10581222;50212;6149042;11708511;140257;0;90
FR;2;2022-03-25;119;361;1807;2451;238;1477;2837;0;8;6116432;6795078;10583029;52663;6149280;11709988;143094;0;98
FR;2;2022-03-26;79;247;1205;1222;138;953;1531;0;5;6116511;6795325;10584234;53885;6149418;11710941;144625;0;103
FR;2;2022-03-27;19;36;154;100;19;133;144;0;0;6116530;6795361;10584388;53985;6149437;11711074;144769;0;103
FR;2;2022-03-28;94;290;1140;1602;189;996;1835;0;6;6116624;6795651;10585528;55587;6149626;11712070;146604;0;109
FR;2;2022-03-29;108;258;1325;2467;167;1105;2760;0;4;6116732;6795909;10586853;58054;6149793;11713175;149364;0;113
FR;2;2022-03-30;91;313;1489;3187;164;1320;3424;0;2;6116823;6796222;10588342;61241;6149957;11714495;152788;0;115
FR;2;2022-03-31;104;284;1277;2332;171;1092;2616;0;3;6116927;6796506;10589619;63573;6150128;11715587;155404;0;118
FR;2;2022-04-01;123;324;1568;2349;164;1323;2667;0;7;6117050;6796830;10591187;65922;6150292;11716910;158071;0;125
FR;2;2022-04-02;81;161;845;891;83;737;1052;0;1;6117131;6796991;10592032;66813;6150375;11717647;159123;0;126
FR;2;2022-04-03;16;53;128;113;27;142;133;0;1;6117147;6797044;10592160;66926;6150402;11717789;159256;0;127
FR;2;2022-04-04;114;249;990;1447;151;799;1693;0;5;6117261;6797293;10593150;68373;6150553;11718588;160949;0;132
FR;2;2022-04-05;143;302;1322;2921;162;1150;3150;0;17;6117404;6797595;10594472;71294;6150715;11719738;164099;0;149
FR;2;2022-04-06;89;261;1308;2522;129;1131;2687;0;10;6117493;6797856;10595780;73816;6150844;11720869;166786;0;159
FR;2;2022-04-07;120;230;1303;2682;141;1042;2958;0;8;6117613;6798086;10597083;76498;6150985;11721911;169744;0;167
FR;2;2022-04-08;126;346;1636;3351;182;1328;3642;0;12;6117739;6798432;10598719;79849;6151167;11723239;173386;0;179
FR;2;2022-04-09;90;219;900;1046;144;732;1288;0;4;6117829;6798651;10599619;80895;6151311;11723971;174674;0;183
FR;2;2022-04-10;37;49;143;162;46;119;200;0;1;6117866;6798700;10599762;81057;6151357;11724090;174874;0;184
FR;2;2022-04-11;88;196;892;1560;122;782;1718;0;6;6117954;6798896;10600654;82617;6151479;11724872;176592;0;190
FR;2;2022-04-12;176;273;1183;2770;175;1062;2903;0;8;6118130;6799169;10601837;85387;6151654;11725934;179495;0;198
FR;2;2022-04-13;147;232;1125;2477;111;989;2671;0;11;6118277;6799401;10602962;87864;6151765;11726923;182166;0;209
FR;2;2022-04-14;116;227;1085;2677;114;919;2911;0;18;6118393;6799628;10604047;90541;6151879;11727842;185077;0;227
FR;2;2022-04-15;114;261;1221;2304;131;1078;2544;0;7;6118507;6799889;10605268;92845;6152010;11728920;187621;0;234
FR;2;2022-04-16;67;108;548;549;68;459;675;0;9;6118574;6799997;10605816;93394;6152078;11729379;188296;0;243
FR;2;2022-04-17;15;28;57;53;17;53;71;0;0;6118589;6800025;10605873;93447;6152095;11729432;188367;0;243
FR;2;2022-04-18;12;35;121;70;18;116;95;0;0;6118601;6800060;10605994;93517;6152113;11729548;188462;0;243
FR;2;2022-04-19;112;237;1120;1750;149;951;1934;0;9;6118713;6800297;10607114;95267;6152262;11730499;190396;0;252
FR;2;2022-04-20;95;243;1111;2172;127;935;2366;0;14;6118808;6800540;10608225;97439;6152389;11731434;192762;0;266
FR;2;2022-04-21;111;233;983;1912;125;838;2141;0;10;6118919;6800773;10609208;99351;6152514;11732272;194903;0;276
FR;2;2022-04-22;100;276;1243;2102;141;1024;2440;0;11;6119019;6801049;10610451;101453;6152655;11733296;197343;0;287
FR;2;2022-04-23;67;156;645;762;107;574;862;0;8;6119086;6801205;10611096;102215;6152762;11733870;198205;0;295
FR;2;2022-04-24;12;30;101;68;12;79;100;0;0;6119098;6801235;10611197;102283;6152774;11733949;198305;0;295
FR;2;2022-04-25;104;204;822;1329;103;711;1528;0;15;6119202;6801439;10612019;103612;6152877;11734660;199833;0;310
FR;2;2022-04-26;110;184;1041;2022;118;879;2219;0;18;6119312;6801623;10613060;105634;6152995;11735539;202052;0;328
FR;2;2022-04-27;98;181;860;1787;122;764;1809;0;7;6119410;6801804;10613920;107421;6153117;11736303;203861;0;335
FR;2;2022-04-28;93;214;949;1931;128;842;2087;0;12;6119503;6802018;10614869;109352;6153245;11737145;205948;0;347
FR;2;2022-04-29;81;282;1133;1697;131;1044;1876;0;11;6119584;6802300;10616002;111049;6153376;11738189;207824;0;358
FR;2;2022-04-30;66;127;471;540;80;430;628;0;9;6119650;6802427;10616473;111589;6153456;11738619;208452;0;367
FR;2;2022-05-01;24;24;84;49;20;85;61;0;1;6119674;6802451;10616557;111638;6153476;11738704;208513;0;368
FR;2;2022-05-02;115;232;764;1217;141;662;1375;0;5;6119789;6802683;10617321;112855;6153617;11739366;209888;0;373
FR;2;2022-05-03;153;233;999;1781;155;938;1895;0;14;6119942;6802916;10618320;114636;6153772;11740304;211783;0;387
FR;2;2022-05-04;90;226;926;1811;116;869;1822;0;13;6120032;6803142;10619246;116447;6153888;11741173;213605;0;400
FR;2;2022-05-05;127;198;857;1732;147;774;1848;0;10;6120159;6803340;10620103;118179;6154035;11741947;215453;0;410
FR;2;2022-05-06;133;246;1101;1855;139;1017;2052;0;16;6120292;6803586;10621204;120034;6154174;11742964;217505;0;426
FR;2;2022-05-07;40;99;470;504;61;406;593;0;4;6120332;6803685;10621674;120538;6154235;11743370;218098;0;430
FR;2;2022-05-08;48;54;107;71;41;102;101;0;0;6120380;6803739;10621781;120609;6154276;11743472;218199;0;430
FR;2;2022-05-09;101;174;654;986;103;604;1130;0;9;6120481;6803913;10622435;121595;6154379;11744076;219329;0;439
FR;2;2022-05-10;121;252;938;1841;155;893;1965;0;23;6120602;6804165;10623373;123436;6154534;11744969;221294;0;462
FR;2;2022-05-11;103;179;816;1879;117;795;1868;0;8;6120705;6804344;10624189;125315;6154651;11745764;223162;0;470
FR;2;2022-05-12;111;174;845;2096;116;803;2213;0;21;6120816;6804518;10625034;127411;6154767;11746567;225375;0;491
FR;2;2022-05-13;100;236;969;2097;122;900;2273;0;13;6120916;6804754;10626003;129508;6154889;11747467;227648;0;504
FR;2;2022-05-14;76;124;451;553;93;411;632;0;6;6120992;6804878;10626454;130061;6154982;11747878;228280;0;510
FR;2;2022-05-15;24;39;94;88;20;108;95;0;1;6121016;6804917;10626548;130149;6155002;11747986;228375;0;511
FR;2;2022-05-16;102;171;601;925;116;537;1037;0;11;6121118;6805088;10627149;131074;6155118;11748523;229412;0;522
FR;2;2022-05-17;95;184;690;1687;119;658;1739;0;8;6121213;6805272;10627839;132761;6155237;11749181;231151;0;530
FR;2;2022-05-18;80;181;643;1431;97;648;1486;0;10;6121293;6805453;10628482;134192;6155334;11749829;232637;0;540
FR;2;2022-05-19;73;161;710;1830;81;752;1816;0;12;6121366;6805614;10629192;136022;6155415;11750581;234453;0;552
FR;2;2022-05-20;107;181;874;1701;111;779;1849;0;17;6121473;6805795;10630066;137723;6155526;11751360;236302;0;569
FR;2;2022-05-21;48;96;398;517;71;339;581;0;8;6121521;6805891;10630464;138240;6155597;11751699;236883;0;577
FR;2;2022-05-22;8;23;69;37;18;57;56;0;0;6121529;6805914;10630533;138277;6155615;11751756;236939;0;577
FR;2;2022-05-23;86;133;498;931;100;469;967;0;7;6121615;6806047;10631031;139208;6155715;11752225;237906;0;584
FR;2;2022-05-24;87;164;627;1626;103;615;1680;0;17;6121702;6806211;10631658;140834;6155818;11752840;239586;0;601
FR;2;2022-05-25;72;146;539;1149;90;494;1260;0;5;6121774;6806357;10632197;141983;6155908;11753334;240846;0;606
FR;2;2022-05-26;12;31;77;45;13;85;56;0;1;6121786;6806388;10632274;142028;6155921;11753419;240902;0;607
FR;2;2022-05-27;44;124;456;818;68;438;893;0;9;6121830;6806512;10632730;142846;6155989;11753857;241795;0;616
FR;2;2022-05-28;28;60;221;244;29;221;266;0;1;6121858;6806572;10632951;143090;6156018;11754078;242061;0;617
FR;2;2022-05-29;13;34;43;25;22;51;28;0;0;6121871;6806606;10632994;143115;6156040;11754129;242089;0;617
FR;2;2022-05-30;65;109;425;755;60;410;806;0;6;6121936;6806715;10633419;143870;6156100;11754539;242895;0;623
FR;2;2022-05-31;76;135;564;1278;92;511;1304;0;12;6122012;6806850;10633983;145148;6156192;11755050;244199;0;635
FR;2;2022-06-01;59;160;564;1075;86;543;1170;0;6;6122071;6807010;10634547;146223;6156278;11755593;245369;0;641
FR;2;2022-06-02;92;178;626;1415;109;593;1521;0;12;6122163;6807188;10635173;147638;6156387;11756186;246890;0;653
FR;2;2022-06-03;71;157;668;1605;96;595;1694;0;19;6122234;6807345;10635841;149243;6156483;11756781;248584;0;672
FR;2;2022-06-04;69;93;283;434;66;269;476;0;11;6122303;6807438;10636124;149677;6156549;11757050;249060;0;683
FR;2;2022-06-05;12;17;63;58;16;47;75;0;1;6122315;6807455;10636187;149735;6156565;11757097;249135;0;684
FR;2;2022-06-06;12;41;93;76;30;92;81;0;4;6122327;6807496;10636280;149811;6156595;11757189;249216;0;688
FR;2;2022-06-07;99;222;667;1535;154;577;1661;0;10;6122426;6807718;10636947;151346;6156749;11757766;250877;0;698
FR;2;2022-06-08;70;119;477;1166;76;411;1262;0;5;6122496;6807837;10637424;152512;6156825;11758177;252139;0;703
FR;2;2022-06-09;93;167;613;1923;108;571;1927;0;18;6122589;6808004;10638037;154435;6156933;11758748;254066;0;721
FR;2;2022-06-10;93;168;650;1683;107;622;1774;0;23;6122682;6808172;10638687;156118;6157040;11759370;255840;0;744
FR;2;2022-06-11;44;85;287;529;42;258;583;0;5;6122726;6808257;10638974;156647;6157082;11759628;256423;0;749
FR;2;2022-06-12;18;38;58;78;27;60;78;0;0;6122744;6808295;10639032;156725;6157109;11759688;256501;0;749
FR;2;2022-06-13;39;121;395;953;63;379;1021;0;6;6122783;6808416;10639427;157678;6157172;11760067;257522;0;755
FR;2;2022-06-14;68;157;599;2088;101;537;2189;0;14;6122851;6808573;10640026;159766;6157273;11760604;259711;0;769
FR;2;2022-06-15;78;104;522;1504;84;444;1641;0;10;6122929;6808677;10640548;161270;6157357;11761048;261352;0;779
FR;2;2022-06-16;128;128;497;1411;124;424;1526;0;12;6123057;6808805;10641045;162681;6157481;11761472;262878;0;791
FR;2;2022-06-17;73;138;589;1817;88;516;1921;0;16;6123130;6808943;10641634;164498;6157569;11761988;264799;0;807
FR;2;2022-06-18;76;93;224;579;81;196;630;0;4;6123206;6809036;10641858;165077;6157650;11762184;265429;0;811
FR;2;2022-06-19;11;17;53;71;7;41;90;0;2;6123217;6809053;10641911;165148;6157657;11762225;265519;0;813
FR;2;2022-06-20;62;125;401;1028;72;392;1105;0;10;6123279;6809178;10642312;166176;6157729;11762617;266624;0;823
FR;2;2022-06-21;108;116;526;2127;105;455;2164;0;22;6123387;6809294;10642838;168303;6157834;11763072;268788;0;845
FR;2;2022-06-22;39;110;462;1889;57;415;1971;0;25;6123426;6809404;10643300;170192;6157891;11763487;270759;0;870
FR;2;2022-06-23;58;109;537;2282;68;452;2400;0;30;6123484;6809513;10643837;172474;6157959;11763939;273159;0;900
FR;2;2022-06-24;66;122;709;3199;65;571;3339;0;38;6123550;6809635;10644546;175673;6158024;11764510;276498;0;938
FR;2;2022-06-25;30;90;298;988;55;254;1041;0;13;6123580;6809725;10644844;176661;6158079;11764764;277539;0;951
FR;2;2022-06-26;30;27;131;194;29;97;236;0;5;6123610;6809752;10644975;176855;6158108;11764861;277775;0;956
FR;2;2022-06-27;79;137;582;2490;94;483;2623;0;39;6123689;6809889;10645557;179345;6158202;11765344;280398;0;995
FR;2;2022-06-28;110;140;812;4817;81;650;4894;0;54;6123799;6810029;10646369;184162;6158283;11765994;285292;0;1049
FR;2;2022-06-29;73;150;776;4436;80;637;4532;0;56;6123872;6810179;10647145;188598;6158363;11766631;289824;0;1105
FR;2;2022-06-30;72;133;834;5177;71;619;5398;0;79;6123944;6810312;10647979;193775;6158434;11767250;295222;0;1184
FR;2;2022-07-01;113;161;1152;6692;95;853;6944;0;92;6124057;6810473;10649131;200467;6158529;11768103;302166;0;1276
FR;2;2022-07-02;69;132;474;1977;82;392;2068;0;27;6124126;6810605;10649605;202444;6158611;11768495;304234;0;1303
FR;2;2022-07-03;23;30;147;334;21;131;357;0;8;6124149;6810635;10649752;202778;6158632;11768626;304591;0;1311
FR;2;2022-07-04;122;184;776;3785;113;612;3971;0;49;6124271;6810819;10650528;206563;6158745;11769238;308562;0;1360
FR;2;2022-07-05;119;188;1121;6818;121;829;6999;0;85;6124390;6811007;10651649;213381;6158866;11770067;315561;0;1445
FR;2;2022-07-06;93;152;951;5807;95;698;5933;0;84;6124483;6811159;10652600;219188;6158961;11770765;321494;0;1529
FR;2;2022-07-07;81;185;1021;6501;116;752;6732;0;101;6124564;6811344;10653621;225689;6159077;11771517;328226;0;1630
FR;2;2022-07-08;65;122;1095;7044;51;758;7235;0;123;6124629;6811466;10654716;232733;6159128;11772275;335461;0;1753
FR;2;2022-07-09;34;62;417;1869;31;299;1919;0;33;6124663;6811528;10655133;234602;6159159;11772574;337380;0;1786
FR;2;2022-07-10;7;17;97;315;8;83;327;0;5;6124670;6811545;10655230;234917;6159167;11772657;337707;0;1791
FR;2;2022-07-11;68;121;683;3826;76;541;3901;0;67;6124738;6811666;10655913;238743;6159243;11773198;341608;0;1858
FR;2;2022-07-12;102;180;1054;6517;107;809;6725;0;119;6124840;6811846;10656967;245260;6159350;11774007;348333;0;1977
FR;2;2022-07-13;65;128;879;4664;76;591;4830;0;78;6124905;6811974;10657846;249924;6159426;11774598;353163;0;2055
FR;2;2022-07-14;6;13;89;250;8;60;269;0;8;6124911;6811987;10657935;250174;6159434;11774658;353432;0;2063
FR;2;2022-07-15;61;129;739;3795;53;560;3961;0;75;6124972;6812116;10658674;253969;6159487;11775218;357393;0;2138
FR;2;2022-07-16;27;54;289;1031;30;242;1077;0;25;6124999;6812170;10658963;255000;6159517;11775460;358470;0;2163
FR;2;2022-07-17;5;12;78;201;6;67;207;0;6;6125004;6812182;10659041;255201;6159523;11775527;358677;0;2169
FR;2;2022-07-18;57;103;514;2510;61;385;2648;0;59;6125061;6812285;10659555;257711;6159584;11775912;361325;0;2228
FR;2;2022-07-19;66;133;770;4258;72;555;4447;0;72;6125127;6812418;10660325;261969;6159656;11776467;365772;0;2300
FR;2;2022-07-20;59;117;582;3179;68;430;3278;0;87;6125186;6812535;10660907;265148;6159724;11776897;369050;0;2387
FR;2;2022-07-21;60;110;673;3680;73;487;3797;0;105;6125246;6812645;10661580;268828;6159797;11777384;372847;0;2492
FR;2;2022-07-22;51;100;700;3550;48;507;3701;0;80;6125297;6812745;10662280;272378;6159845;11777891;376548;0;2572
FR;2;2022-07-23;38;97;290;1175;51;229;1228;0;37;6125335;6812842;10662570;273553;6159896;11778120;377776;0;2609
FR;2;2022-07-24;14;24;69;201;19;68;203;0;7;6125349;6812866;10662639;273754;6159915;11778188;377979;0;2616
FR;2;2022-07-25;50;71;405;1938;60;300;2000;0;56;6125399;6812937;10663044;275692;6159975;11778488;379979;0;2672
FR;2;2022-07-26;57;133;606;3423;67;476;3496;0;113;6125456;6813070;10663650;279115;6160042;11778964;383475;0;2785
FR;2;2022-07-27;42;81;457;2782;50;361;2801;0;89;6125498;6813151;10664107;281897;6160092;11779325;386276;0;2874
FR;2;2022-07-28;29;75;450;2487;37;356;2491;0;78;6125527;6813226;10664557;284384;6160129;11779681;388767;0;2952
FR;2;2022-07-29;68;88;535;2857;63;347;2978;0;73;6125595;6813314;10665092;287241;6160192;11780028;391745;0;3025
FR;2;2022-07-30;22;39;163;776;32;110;796;0;24;6125617;6813353;10665255;288017;6160224;11780138;392541;0;3049
FR;2;2022-07-31;6;13;27;104;12;21;110;0;2;6125623;6813366;10665282;288121;6160236;11780159;392651;0;3051
FR;2;2022-08-01;38;107;323;1262;74;260;1344;0;29;6125661;6813473;10665605;289383;6160310;11780419;393995;0;3080
FR;2;2022-08-02;49;75;325;2061;50;247;2097;0;78;6125710;6813548;10665930;291444;6160360;11780666;396092;0;3158
FR;2;2022-08-03;29;53;260;1611;25;188;1617;0;57;6125739;6813601;10666190;293055;6160385;11780854;397709;0;3215
FR;2;2022-08-04;40;65;306;1692;39;240;1701;0;66;6125779;6813666;10666496;294747;6160424;11781094;399410;0;3281
FR;2;2022-08-05;33;94;328;1881;67;236;1912;0;60;6125812;6813760;10666824;296628;6160491;11781330;401322;0;3341
FR;2;2022-08-06;22;41;106;365;29;82;372;0;10;6125834;6813801;10666930;296993;6160520;11781412;401694;0;3351
FR;2;2022-08-07;7;8;15;69;5;16;71;0;3;6125841;6813809;10666945;297062;6160525;11781428;401765;0;3354
FR;2;2022-08-08;19;35;220;877;22;148;915;0;33;6125860;6813844;10667165;297939;6160547;11781576;402680;0;3387
FR;2;2022-08-09;30;52;279;1474;42;238;1470;0;50;6125890;6813896;10667444;299413;6160589;11781814;404150;0;3437
FR;2;2022-08-10;17;22;213;1134;19;150;1155;0;46;6125907;6813918;10667657;300547;6160608;11781964;405305;0;3483
FR;2;2022-08-11;21;41;174;1038;26;117;1047;0;40;6125928;6813959;10667831;301585;6160634;11782081;406352;0;3523
FR;2;2022-08-12;36;50;184;1046;38;140;1069;0;35;6125964;6814009;10668015;302631;6160672;11782221;407421;0;3558
FR;2;2022-08-13;11;19;47;149;15;53;137;0;5;6125975;6814028;10668062;302780;6160687;11782274;407558;0;3563
FR;2;2022-08-14;1;2;12;52;1;11;54;0;1;6125976;6814030;10668074;302832;6160688;11782285;407612;0;3564
FR;2;2022-08-15;0;5;32;22;2;21;21;0;3;6125976;6814035;10668106;302854;6160690;11782306;407633;0;3567
FR;2;2022-08-16;27;33;144;681;34;120;678;0;33;6126003;6814068;10668250;303535;6160724;11782426;408311;0;3600
FR;2;2022-08-17;18;27;109;738;18;88;744;0;34;6126021;6814095;10668359;304273;6160742;11782514;409055;0;3634
FR;2;2022-08-18;14;30;160;836;14;107;852;0;42;6126035;6814125;10668519;305109;6160756;11782621;409907;0;3676
FR;2;2022-08-19;8;38;118;706;31;88;706;0;33;6126043;6814163;10668637;305815;6160787;11782709;410613;0;3709
FR;2;2022-08-20;6;26;61;197;16;52;201;0;8;6126049;6814189;10668698;306012;6160803;11782761;410814;0;3717
FR;2;2022-08-21;4;14;15;19;6;13;31;0;0;6126053;6814203;10668713;306031;6160809;11782774;410845;0;3717
FR;2;2022-08-22;11;25;116;395;17;73;451;0;13;6126064;6814228;10668829;306426;6160826;11782847;411296;0;3730
FR;2;2022-08-23;12;42;134;671;23;112;679;0;38;6126076;6814270;10668963;307097;6160849;11782959;411975;0;3768
FR;2;2022-08-24;11;28;87;466;21;80;472;0;18;6126087;6814298;10669050;307563;6160870;11783039;412447;0;3786
FR;2;2022-08-25;8;32;109;481;16;69;516;0;17;6126095;6814330;10669159;308044;6160886;11783108;412963;0;3803
FR;2;2022-08-26;16;46;117;720;36;91;713;0;32;6126111;6814376;10669276;308764;6160922;11783199;413676;0;3835
FR;2;2022-08-27;10;19;47;158;16;42;166;0;2;6126121;6814395;10669323;308922;6160938;11783241;413842;0;3837
FR;2;2022-08-28;1;5;5;15;1;7;16;0;1;6126122;6814400;10669328;308937;6160939;11783248;413858;0;3838
FR;2;2022-08-29;24;43;94;400;29;88;396;0;24;6126146;6814443;10669422;309337;6160968;11783336;414254;0;3862
FR;2;2022-08-30;31;54;154;791;34;119;798;0;29;6126177;6814497;10669576;310128;6161002;11783455;415052;0;3891
FR;2;2022-08-31;19;37;85;392;24;79;393;0;25;6126196;6814534;10669661;310520;6161026;11783534;415445;0;3916
FR;2;2022-09-01;19;43;139;600;25;122;609;0;36;6126215;6814577;10669800;311120;6161051;11783656;416054;0;3952
FR;2;2022-09-02;34;57;147;744;34;160;748;0;32;6126249;6814634;10669947;311864;6161085;11783816;416802;0;3984
FR;2;2022-09-03;17;20;83;205;11;67;213;0;7;6126266;6814654;10670030;312069;6161096;11783883;417015;0;3991
FR;2;2022-09-04;8;5;9;31;2;10;30;0;3;6126274;6814659;10670039;312100;6161098;11783893;417045;0;3994
FR;2;2022-09-05;29;32;126;367;24;98;397;0;24;6126303;6814691;10670165;312467;6161122;11783991;417442;0;4018
FR;2;2022-09-06;44;63;158;762;43;153;768;0;36;6126347;6814754;10670323;313229;6161165;11784144;418210;0;4054
FR;2;2022-09-07;21;22;76;375;18;51;387;0;23;6126368;6814776;10670399;313604;6161183;11784195;418597;0;4077
FR;2;2022-09-08;31;58;109;636;41;100;646;0;22;6126399;6814834;10670508;314240;6161224;11784295;419243;0;4099
FR;2;2022-09-09;18;24;126;754;21;74;747;0;48;6126417;6814858;10670634;314994;6161245;11784369;419990;0;4147
FR;2;2022-09-10;14;25;57;117;17;48;131;0;4;6126431;6814883;10670691;315111;6161262;11784417;420121;0;4151
FR;2;2022-09-11;12;5;11;11;3;13;13;0;0;6126443;6814888;10670702;315122;6161265;11784430;420134;0;4151
FR;2;2022-09-12;20;31;70;340;26;56;352;0;16;6126463;6814919;10670772;315462;6161291;11784486;420486;0;4167
FR;2;2022-09-13;15;34;125;670;13;99;674;0;40;6126478;6814953;10670897;316132;6161304;11784585;421160;0;4207
FR;2;2022-09-14;19;23;81;480;20;60;478;0;36;6126497;6814976;10670978;316612;6161324;11784645;421638;0;4243
FR;2;2022-09-15;23;45;126;486;27;102;493;0;47;6126520;6815021;10671104;317098;6161351;11784747;422131;0;4290
FR;2;2022-09-16;22;31;124;563;17;89;585;0;39;6126542;6815052;10671228;317661;6161368;11784836;422716;0;4329
FR;2;2022-09-17;6;20;56;160;15;52;147;0;14;6126548;6815072;10671284;317821;6161383;11784888;422863;0;4343
FR;2;2022-09-18;4;7;13;37;6;10;37;0;3;6126552;6815079;10671297;317858;6161389;11784898;422900;0;4346
FR;2;2022-09-19;26;24;114;353;16;87;381;0;22;6126578;6815103;10671411;318211;6161405;11784985;423281;0;4368
FR;2;2022-09-20;29;27;117;624;21;84;639;0;38;6126607;6815130;10671528;318835;6161426;11785069;423920;0;4406
FR;2;2022-09-21;15;30;100;393;15;78;418;0;23;6126622;6815160;10671628;319228;6161441;11785147;424338;0;4429
FR;2;2022-09-22;19;39;124;581;18;95;619;0;28;6126641;6815199;10671752;319809;6161459;11785242;424957;0;4457
FR;2;2022-09-23;21;38;135;555;22;111;570;0;40;6126662;6815237;10671887;320364;6161481;11785353;425527;0;4497
FR;2;2022-09-24;10;8;52;190;8;37;201;0;7;6126672;6815245;10671939;320554;6161489;11785390;425728;0;4504
FR;2;2022-09-25;9;11;15;29;11;12;33;0;5;6126681;6815256;10671954;320583;6161500;11785402;425761;0;4509
FR;2;2022-09-26;22;41;116;447;27;79;458;0;20;6126703;6815297;10672070;321030;6161527;11785481;426219;0;4529
FR;2;2022-09-27;30;46;162;906;35;108;861;0;52;6126733;6815343;10672232;321936;6161562;11785589;427080;0;4581
FR;2;2022-09-28;15;31;93;421;18;74;439;0;23;6126748;6815374;10672325;322357;6161580;11785663;427519;0;4604
FR;2;2022-09-29;26;48;115;618;23;110;630;0;33;6126774;6815422;10672440;322975;6161603;11785773;428149;0;4637
FR;2;2022-09-30;25;44;111;520;45;84;533;0;31;6126799;6815466;10672551;323495;6161648;11785857;428682;0;4668
FR;2;2022-10-01;11;20;51;128;20;36;129;0;8;6126810;6815486;10672602;323623;6161668;11785893;428811;0;4676
FR;2;2022-10-02;0;5;8;21;4;5;25;0;2;6126810;6815491;10672610;323644;6161672;11785898;428836;0;4678
FR;2;2022-10-03;22;35;85;291;30;69;306;0;22;6126832;6815526;10672695;323935;6161702;11785967;429142;0;4700
FR;2;2022-10-04;17;21;106;601;19;71;620;0;46;6126849;6815547;10672801;324536;6161721;11786038;429762;0;4746
FR;2;2022-10-05;20;31;75;491;26;67;488;0;54;6126869;6815578;10672876;325027;6161747;11786105;430250;0;4800
FR;2;2022-10-06;30;23;74;442;17;71;428;0;65;6126899;6815601;10672950;325469;6161764;11786176;430678;0;4865
FR;2;2022-10-07;21;30;86;499;27;66;503;0;42;6126920;6815631;10673036;325968;6161791;11786242;431181;0;4907
FR;2;2022-10-08;12;8;24;114;3;25;108;0;12;6126932;6815639;10673060;326082;6161794;11786267;431289;0;4919
FR;2;2022-10-09;1;8;15;17;6;11;22;0;5;6126933;6815647;10673075;326099;6161800;11786278;431311;0;4924
FR;2;2022-10-10;18;27;47;223;25;49;218;0;21;6126951;6815674;10673122;326322;6161825;11786327;431529;0;4945
FR;2;2022-10-11;16;15;48;253;11;39;241;0;52;6126967;6815689;10673170;326575;6161836;11786366;431770;0;4997
FR;2;2022-10-12;9;20;52;290;16;36;305;0;56;6126976;6815709;10673222;326865;6161852;11786402;432075;0;5053
FR;2;2022-10-13;11;14;48;271;9;48;261;0;26;6126987;6815723;10673270;327136;6161861;11786450;432336;0;5079
FR;2;2022-10-14;13;30;36;230;18;40;231;0;29;6127000;6815753;10673306;327366;6161879;11786490;432567;0;5108
FR;2;2022-10-15;4;13;22;111;7;17;113;0;15;6127004;6815766;10673328;327477;6161886;11786507;432680;0;5123
FR;2;2022-10-16;0;7;4;11;6;7;8;0;1;6127004;6815773;10673332;327488;6161892;11786514;432688;0;5124
FR;2;2022-10-17;15;19;31;121;18;26;131;0;29;6127019;6815792;10673363;327609;6161910;11786540;432819;0;5153
FR;2;2022-10-18;13;12;68;185;6;34;247;0;46;6127032;6815804;10673431;327794;6161916;11786574;433066;0;5199
FR;2;2022-10-19;8;17;39;184;12;31;223;0;52;6127040;6815821;10673470;327978;6161928;11786605;433289;0;5251
FR;2;2022-10-20;11;29;41;200;15;40;196;0;52;6127051;6815850;10673511;328178;6161943;11786645;433485;0;5303
FR;2;2022-10-21;6;16;60;233;7;53;222;0;31;6127057;6815866;10673571;328411;6161950;11786698;433707;0;5334
FR;2;2022-10-22;8;7;25;102;2;23;103;0;20;6127065;6815873;10673596;328513;6161952;11786721;433810;0;5354
FR;2;2022-10-23;0;3;1;5;3;0;6;0;2;6127065;6815876;10673597;328518;6161955;11786721;433816;0;5356
FR;2;2022-10-24;12;12;16;110;12;16;113;0;20;6127077;6815888;10673613;328628;6161967;11786737;433929;0;5376
FR;2;2022-10-25;12;7;23;138;6;15;145;0;51;6127089;6815895;10673636;328766;6161973;11786752;434074;0;5427
FR;2;2022-10-26;4;3;17;90;2;11;96;0;27;6127093;6815898;10673653;328856;6161975;11786763;434170;0;5454
FR;2;2022-10-27;7;10;18;88;10;20;71;0;27;6127100;6815908;10673671;328944;6161985;11786783;434241;0;5481
FR;2;2022-10-28;5;3;15;91;3;7;92;0;27;6127105;6815911;10673686;329035;6161988;11786790;434333;0;5508
FR;2;2022-10-29;7;8;18;33;6;14;37;0;8;6127112;6815919;10673704;329068;6161994;11786804;434370;0;5516
FR;2;2022-10-30;3;7;5;8;5;2;5;0;1;6127115;6815926;10673709;329076;6161999;11786806;434375;0;5517
FR;2;2022-10-31;2;8;6;49;6;10;48;0;11;6127117;6815934;10673715;329125;6162005;11786816;434423;0;5528
FR;2;2022-11-01;0;5;8;1;5;5;4;0;0;6127117;6815939;10673723;329126;6162010;11786821;434427;0;5528
FR;2;2022-11-02;6;5;12;44;5;12;45;0;11;6127123;6815944;10673735;329170;6162015;11786833;434472;0;5539
FR;2;2022-11-03;6;7;16;77;6;10;75;0;18;6127129;6815951;10673751;329247;6162021;11786843;434547;0;5557
FR;2;2022-11-04;7;12;15;85;10;14;93;0;10;6127136;6815963;10673766;329332;6162031;11786857;434640;0;5567
FR;2;2022-11-05;0;11;13;38;6;17;35;0;6;6127136;6815974;10673779;329370;6162037;11786874;434675;0;5573
FR;2;2022-11-06;0;2;2;1;0;4;0;0;2;6127136;6815976;10673781;329371;6162037;11786878;434675;0;5575
FR;2;2022-11-07;13;8;15;67;6;14;66;0;20;6127149;6815984;10673796;329438;6162043;11786892;434741;0;5595
FR;2;2022-11-08;14;8;18;58;6;14;65;0;27;6127163;6815992;10673814;329496;6162049;11786906;434806;0;5622
FR;2;2022-11-09;4;5;17;56;2;17;50;0;28;6127167;6815997;10673831;329552;6162051;11786923;434856;0;5650
FR;2;2022-11-10;7;10;17;74;7;14;76;0;14;6127174;6816007;10673848;329626;6162058;11786937;434932;0;5664
FR;2;2022-11-11;0;3;9;3;0;10;4;0;0;6127174;6816010;10673857;329629;6162058;11786947;434936;0;5664
FR;2;2022-11-12;2;5;7;19;4;7;19;0;4;6127176;6816015;10673864;329648;6162062;11786954;434955;0;5668
FR;2;2022-11-13;3;2;4;2;1;5;1;0;0;6127179;6816017;10673868;329650;6162063;11786959;434956;0;5668
FR;2;2022-11-14;7;6;13;29;3;10;33;0;7;6127186;6816023;10673881;329679;6162066;11786969;434989;0;5675
FR;2;2022-11-15;8;15;15;35;16;18;32;0;7;6127194;6816038;10673896;329714;6162082;11786987;435021;0;5682
FR;2;2022-11-16;3;6;4;45;6;4;46;0;18;6127197;6816044;10673900;329759;6162088;11786991;435067;0;5700
FR;2;2022-11-17;2;6;12;56;5;9;55;0;22;6127199;6816050;10673912;329815;6162093;11787000;435122;0;5722
FR;2;2022-11-18;3;4;7;41;4;6;44;0;10;6127202;6816054;10673919;329856;6162097;11787006;435166;0;5732
FR;2;2022-11-19;3;3;2;25;3;3;18;0;5;6127205;6816057;10673921;329881;6162100;11787009;435184;0;5737
FR;2;2022-11-20;0;2;6;9;2;6;10;0;26;6127205;6816059;10673927;329890;6162102;11787015;435194;0;5763
FR;2;2022-11-21;6;10;9;31;7;8;34;0;22;6127211;6816069;10673936;329921;6162109;11787023;435228;0;5785
FR;2;2022-11-22;8;8;20;65;6;21;70;0;71;6127219;6816077;10673956;329986;6162115;11787044;435298;0;5856
FR;2;2022-11-23;7;6;8;68;3;5;73;0;8;6127226;6816083;10673964;330054;6162118;11787049;435371;0;5864
FR;2;2022-11-24;2;2;11;50;2;7;57;0;10;6127228;6816085;10673975;330104;6162120;11787056;435428;0;5874
FR;2;2022-11-25;11;8;14;25;11;14;26;0;8;6127239;6816093;10673989;330129;6162131;11787070;435454;0;5882
FR;2;2022-11-26;1;5;4;8;4;7;6;0;0;6127240;6816098;10673993;330137;6162135;11787077;435460;0;5882
FR;2;2022-11-27;2;2;12;2;0;11;4;0;1;6127242;6816100;10674005;330139;6162135;11787088;435464;0;5883
FR;2;2022-11-28;0;2;8;35;1;6;37;0;5;6127242;6816102;10674013;330174;6162136;11787094;435501;0;5888
FR;2;2022-11-29;1;1;10;24;0;4;30;0;8;6127243;6816103;10674023;330198;6162136;11787098;435531;0;5896
FR;2;2022-11-30;2;2;10;47;1;11;44;0;21;6127245;6816105;10674033;330245;6162137;11787109;435575;0;5917
FR;2;2022-12-01;2;12;6;63;9;13;55;0;24;6127247;6816117;10674039;330308;6162146;11787122;435630;0;5941
FR;2;2022-12-02;1;2;12;51;2;10;51;0;27;6127248;6816119;10674051;330359;6162148;11787132;435681;0;5968
FR;2;2022-12-03;1;4;8;19;2;8;18;0;10;6127249;6816123;10674059;330378;6162150;11787140;435699;0;5978
FR;2;2022-12-04;0;0;0;4;0;0;4;0;2;6127249;6816123;10674059;330382;6162150;11787140;435703;0;5980
FR;2;2022-12-05;3;5;8;51;8;4;45;0;16;6127252;6816128;10674067;330433;6162158;11787144;435748;0;5996
FR;2;2022-12-06;3;5;14;45;4;6;48;0;17;6127255;6816133;10674081;330478;6162162;11787150;435796;0;6013
FR;2;2022-12-07;1;5;9;42;3;8;44;0;11;6127256;6816138;10674090;330520;6162165;11787158;435840;0;6024
FR;2;2022-12-08;0;2;11;44;0;6;49;0;16;6127256;6816140;10674101;330564;6162165;11787164;435889;0;6040
FR;2;2022-12-09;0;1;13;52;0;9;57;0;17;6127256;6816141;10674114;330616;6162165;11787173;435946;0;6057
FR;2;2022-12-10;0;3;15;50;1;6;52;0;9;6127256;6816144;10674129;330666;6162166;11787179;435998;0;6066
FR;2;2022-12-11;0;0;2;2;0;2;1;0;3;6127256;6816144;10674131;330668;6162166;11787181;435999;0;6069
FR;2;2022-12-12;1;0;6;37;0;6;36;0;11;6127257;6816144;10674137;330705;6162166;11787187;436035;0;6080
FR;2;2022-12-13;0;3;2;37;2;1;37;0;14;6127257;6816147;10674139;330742;6162168;11787188;436072;0;6094
FR;2;2022-12-14;0;5;8;26;5;3;31;0;14;6127257;6816152;10674147;330768;6162173;11787191;436103;0;6108
FR;2;2022-12-15;0;5;12;43;5;9;44;0;17;6127257;6816157;10674159;330811;6162178;11787200;436147;0;6125
FR;2;2022-12-16;2;4;27;56;3;20;62;0;16;6127259;6816161;10674186;330867;6162181;11787220;436209;0;6141
FR;2;2022-12-17;1;4;10;44;3;6;39;0;5;6127260;6816165;10674196;330911;6162184;11787226;436248;0;6146
FR;2;2022-12-18;1;0;0;0;0;0;0;0;1;6127261;6816165;10674196;330911;6162184;11787226;436248;0;6147
FR;2;2022-12-19;6;5;4;31;6;5;24;0;24;6127267;6816170;10674200;330942;6162190;11787231;436272;0;6171
FR;2;2022-12-20;0;4;6;37;2;7;38;0;24;6127267;6816174;10674206;330979;6162192;11787238;436310;0;6195
FR;2;2022-12-21;0;1;4;13;1;4;13;0;8;6127267;6816175;10674210;330992;6162193;11787242;436323;0;6203
FR;2;2022-12-22;0;5;17;32;2;6;45;0;10;6127267;6816180;10674227;331024;6162195;11787248;436368;0;6213
FR;2;2022-12-23;1;5;15;18;3;12;22;0;4;6127268;6816185;10674242;331042;6162198;11787260;436390;0;6217
FR;2;2022-12-24;0;0;1;1;0;1;1;0;0;6127268;6816185;10674243;331043;6162198;11787261;436391;0;6217
FR;2;2022-12-25;0;1;1;3;0;1;4;0;0;6127268;6816186;10674244;331046;6162198;11787262;436395;0;6217
FR;2;2022-12-26;0;0;7;11;0;5;11;0;3;6127268;6816186;10674251;331057;6162198;11787267;436406;0;6220
FR;2;2022-12-27;0;1;7;5;1;5;7;0;4;6127268;6816187;10674258;331062;6162199;11787272;436413;0;6224
FR;2;2022-12-28;0;2;4;13;2;3;14;0;5;6127268;6816189;10674262;331075;6162201;11787275;436427;0;6229
FR;2;2022-12-29;1;2;4;18;1;5;18;0;7;6127269;6816191;10674266;331093;6162202;11787280;436445;0;6236
FR;2;2022-12-30;1;0;2;8;0;2;7;0;1;6127270;6816191;10674268;331101;6162202;11787282;436452;0;6237
FR;2;2022-12-31;0;0;1;2;0;1;2;0;1;6127270;6816191;10674269;331103;6162202;11787283;436454;0;6238
FR;2;2023-01-01;0;0;0;0;0;0;0;0;0;6127270;6816191;10674269;331103;6162202;11787283;436454;0;6238
FR;2;2023-01-02;5;3;9;21;2;7;23;0;2;6127275;6816194;10674278;331124;6162204;11787290;436477;0;6240
FR;2;2023-01-03;1;0;6;13;0;7;11;0;6;6127276;6816194;10674284;331137;6162204;11787297;436488;0;6246
FR;2;2023-01-04;1;2;9;13;3;7;13;0;6;6127277;6816196;10674293;331150;6162207;11787304;436501;0;6252
FR;2;2023-01-05;0;2;7;6;2;4;7;0;3;6127277;6816198;10674300;331156;6162209;11787308;436508;0;6255
FR;2;2023-01-06;1;0;9;9;0;4;13;0;9;6127278;6816198;10674309;331165;6162209;11787312;436521;0;6264
FR;2;2023-01-07;0;0;4;10;0;4;8;0;5;6127278;6816198;10674313;331175;6162209;11787316;436529;0;6269
FR;2;2023-01-08;0;0;3;3;0;3;3;0;2;6127278;6816198;10674316;331178;6162209;11787319;436532;0;6271
FR;2;2023-01-09;0;2;8;9;2;3;13;0;5;6127278;6816200;10674324;331187;6162211;11787322;436545;0;6276
FR;2;2023-01-10;0;5;4;8;4;3;10;0;6;6127278;6816205;10674328;331195;6162215;11787325;436555;0;6282
FR;2;2023-01-11;3;0;4;7;0;3;9;0;3;6127281;6816205;10674332;331202;6162215;11787328;436564;0;6285
FR;2;2023-01-12;1;0;9;13;0;7;10;0;11;6127282;6816205;10674341;331215;6162215;11787335;436574;0;6296
FR;2;2023-01-13;0;1;5;7;1;3;10;0;3;6127282;6816206;10674346;331222;6162216;11787338;436584;0;6299
FR;2;2023-01-14;0;1;2;6;0;3;6;0;1;6127282;6816207;10674348;331228;6162216;11787341;436590;0;6300
FR;2;2023-01-15;0;0;0;0;0;0;0;0;0;6127282;6816207;10674348;331228;6162216;11787341;436590;0;6300
FR;2;2023-01-16;1;1;5;6;2;2;7;0;1;6127283;6816208;10674353;331234;6162218;11787343;436597;0;6301
FR;2;2023-01-17;1;0;5;4;0;5;3;0;0;6127284;6816208;10674358;331238;6162218;11787348;436600;0;6301
FR;2;2023-01-18;0;0;3;2;0;3;2;0;0;6127284;6816208;10674361;331240;6162218;11787351;436602;0;6301
FR;2;2023-01-19;0;0;1;6;0;1;6;0;6;6127284;6816208;10674362;331246;6162218;11787352;436608;0;6307
FR;2;2023-01-20;0;0;1;8;0;1;8;0;4;6127284;6816208;10674363;331254;6162218;11787353;436616;0;6311
FR;2;2023-01-21;0;0;0;3;0;0;0;0;0;6127284;6816208;10674363;331257;6162218;11787353;436616;0;6311
FR;2;2023-01-22;0;0;0;0;0;0;0;0;0;6127284;6816208;10674363;331257;6162218;11787353;436616;0;6311
FR;2;2023-01-23;0;0;3;3;0;2;3;0;1;6127284;6816208;10674366;331260;6162218;11787355;436619;0;6312
FR;2;2023-01-24;1;3;1;6;3;0;7;0;4;6127285;6816211;10674367;331266;6162221;11787355;436626;0;6316
FR;2;2023-01-25;1;0;0;6;1;0;6;0;0;6127286;6816211;10674367;331272;6162222;11787355;436632;0;6316
FR;2;2023-01-26;1;0;3;7;0;1;9;0;3;6127287;6816211;10674370;331279;6162222;11787356;436641;0;6319
FR;2;2023-01-27;0;2;3;3;1;2;3;0;2;6127287;6816213;10674373;331282;6162223;11787358;436644;0;6321
FR;2;2023-01-28;0;0;0;1;0;0;1;0;0;6127287;6816213;10674373;331283;6162223;11787358;436645;0;6321
FR;2;2023-01-29;0;0;1;0;0;0;1;0;0;6127287;6816213;10674374;331283;6162223;11787358;436646;0;6321
FR;2;2023-01-30;0;1;2;3;1;1;4;0;1;6127287;6816214;10674376;331286;6162224;11787359;436650;0;6322
FR;2;2023-01-31;1;0;3;2;0;2;3;0;0;6127288;6816214;10674379;331288;6162224;11787361;436653;0;6322
FR;2;2023-02-01;0;3;2;0;2;3;0;0;0;6127288;6816217;10674381;331288;6162226;11787364;436653;0;6322
FR;2;2023-02-02;0;2;3;4;1;4;6;0;4;6127288;6816219;10674384;331292;6162227;11787368;436659;0;6326
FR;2;2023-02-03;0;2;1;12;2;0;11;0;9;6127288;6816221;10674385;331304;6162229;11787368;436670;0;6335
FR;2;2023-02-04;0;1;1;0;0;2;0;0;0;6127288;6816222;10674386;331304;6162229;11787370;436670;0;6335
FR;2;2023-02-05;0;0;0;0;0;0;0;0;0;6127288;6816222;10674386;331304;6162229;11787370;436670;0;6335
FR;2;2023-02-06;0;3;2;2;2;3;2;0;0;6127288;6816225;10674388;331306;6162231;11787373;436672;0;6335
FR;2;2023-02-07;2;1;0;0;0;1;0;0;1;6127290;6816226;10674388;331306;6162231;11787374;436672;0;6336
FR;2;2023-02-08;0;0;3;2;0;2;4;0;1;6127290;6816226;10674391;331308;6162231;11787376;436676;0;6337
FR;2;2023-02-09;0;0;1;4;0;2;3;0;3;6127290;6816226;10674392;331312;6162231;11787378;436679;0;6340
FR;2;2023-02-10;0;0;1;3;0;1;2;0;6;6127290;6816226;10674393;331315;6162231;11787379;436681;0;6346
FR;2;2023-02-11;2;2;1;1;0;2;2;0;0;6127292;6816228;10674394;331316;6162231;11787381;436683;0;6346
FR;2;2023-02-12;0;0;0;0;0;0;0;0;0;6127292;6816228;10674394;331316;6162231;11787381;436683;0;6346
FR;2;2023-02-13;3;0;1;5;0;0;5;0;1;6127295;6816228;10674395;331321;6162231;11787381;436688;0;6347
FR;2;2023-02-14;1;2;1;1;2;0;2;0;0;6127296;6816230;10674396;331322;6162233;11787381;436690;0;6347
FR;2;2023-02-15;2;0;1;1;0;1;1;0;0;6127298;6816230;10674397;331323;6162233;11787382;436691;0;6347
FR;2;2023-02-16;3;1;2;1;1;1;2;0;2;6127301;6816231;10674399;331324;6162234;11787383;436693;0;6349
FR;2;2023-02-17;0;0;1;4;0;1;3;0;4;6127301;6816231;10674400;331328;6162234;11787384;436696;0;6353
FR;2;2023-02-18;0;0;4;1;0;4;0;0;1;6127301;6816231;10674404;331329;6162234;11787388;436696;0;6354
FR;2;2023-02-19;0;1;0;0;1;0;0;0;0;6127301;6816232;10674404;331329;6162235;11787388;436696;0;6354
FR;2;2023-02-20;1;0;0;1;0;0;1;0;2;6127302;6816232;10674404;331330;6162235;11787388;436697;0;6356
FR;2;2023-02-21;0;0;0;1;0;0;1;0;2;6127302;6816232;10674404;331331;6162235;11787388;436698;0;6358
FR;2;2023-02-22;1;0;0;3;0;0;3;0;0;6127303;6816232;10674404;331334;6162235;11787388;436701;0;6358
FR;2;2023-02-23;0;0;0;1;0;0;1;0;3;6127303;6816232;10674404;331335;6162235;11787388;436702;0;6361
FR;2;2023-02-24;1;0;1;2;0;0;3;0;0;6127304;6816232;10674405;331337;6162235;11787388;436705;0;6361
FR;2;2023-02-25;0;0;1;2;0;1;2;0;0;6127304;6816232;10674406;331339;6162235;11787389;436707;0;6361
FR;2;2023-02-26;0;0;0;0;0;0;0;0;0;6127304;6816232;10674406;331339;6162235;11787389;436707;0;6361
FR;2;2023-02-27;1;0;1;1;1;1;1;0;0;6127305;6816232;10674407;331340;6162236;11787390;436708;0;6361
FR;2;2023-02-28;1;0;0;0;0;0;0;0;2;6127306;6816232;10674407;331340;6162236;11787390;436708;0;6363
FR;2;2023-03-01;0;2;3;2;1;3;1;0;1;6127306;6816234;10674410;331342;6162237;11787393;436709;0;6364
FR;2;2023-03-02;0;2;2;1;2;1;1;0;1;6127306;6816236;10674412;331343;6162239;11787394;436710;0;6365
FR;2;2023-03-03;1;0;3;1;0;3;1;0;0;6127307;6816236;10674415;331344;6162239;11787397;436711;0;6365
FR;2;2023-03-04;0;0;1;0;0;1;0;0;0;6127307;6816236;10674416;331344;6162239;11787398;436711;0;6365
FR;2;2023-03-05;0;0;0;0;0;0;0;0;0;6127307;6816236;10674416;331344;6162239;11787398;436711;0;6365
FR;2;2023-03-06;0;0;2;1;0;1;2;0;2;6127307;6816236;10674418;331345;6162239;11787399;436713;0;6367
FR;2;2023-03-07;0;1;2;1;1;2;1;0;1;6127307;6816237;10674420;331346;6162240;11787401;436714;0;6368
FR;2;2023-03-08;0;0;0;0;0;0;0;0;2;6127307;6816237;10674420;331346;6162240;11787401;436714;0;6370
FR;2;2023-03-09;0;0;1;1;0;0;2;0;0;6127307;6816237;10674421;331347;6162240;11787401;436716;0;6370
FR;2;2023-03-10;0;0;1;0;0;1;0;0;0;6127307;6816237;10674422;331347;6162240;11787402;436716;0;6370
FR;2;2023-03-11;0;0;4;1;0;3;2;0;0;6127307;6816237;10674426;331348;6162240;11787405;436718;0;6370
FR;2;2023-03-12;0;0;0;0;0;0;0;0;0;6127307;6816237;10674426;331348;6162240;11787405;436718;0;6370
FR;2;2023-03-13;0;0;1;3;0;1;3;0;0;6127307;6816237;10674427;331351;6162240;11787406;436721;0;6370
FR;2;2023-03-14;1;0;0;0;0;0;0;0;0;6127308;6816237;10674427;331351;6162240;11787406;436721;0;6370
FR;2;2023-03-15;0;1;0;3;1;0;3;0;0;6127308;6816238;10674427;331354;6162241;11787406;436724;0;6370
FR;2;2023-03-16;0;1;0;0;1;0;1;0;0;6127308;6816239;10674427;331354;6162242;11787406;436725;0;6370
FR;2;2023-03-17;0;0;1;1;0;1;0;0;0;6127308;6816239;10674428;331355;6162242;11787407;436725;0;6370
FR;2;2023-03-18;0;0;7;0;0;7;0;0;1;6127308;6816239;10674435;331355;6162242;11787414;436725;0;6371
FR;2;2023-03-19;0;0;0;0;0;0;0;0;0;6127308;6816239;10674435;331355;6162242;11787414;436725;0;6371
FR;2;2023-03-20;0;0;1;0;0;1;0;0;0;6127308;6816239;10674436;331355;6162242;11787415;436725;0;6371
FR;2;2023-03-21;0;0;1;2;0;1;2;0;1;6127308;6816239;10674437;331357;6162242;11787416;436727;0;6372
FR;2;2023-03-22;0;0;0;0;0;0;0;0;1;6127308;6816239;10674437;331357;6162242;11787416;436727;0;6373
FR;2;2023-03-23;0;1;0;0;1;0;0;0;1;6127308;6816240;10674437;331357;6162243;11787416;436727;0;6374
FR;2;2023-03-24;0;1;0;2;1;0;2;0;2;6127308;6816241;10674437;331359;6162244;11787416;436729;0;6376
FR;2;2023-03-25;0;0;1;2;0;1;2;0;0;6127308;6816241;10674438;331361;6162244;11787417;436731;0;6376
FR;2;2023-03-26;0;2;1;0;2;1;0;0;0;6127308;6816243;10674439;331361;6162246;11787418;436731;0;6376
FR;2;2023-03-27;0;2;2;0;2;2;0;0;1;6127308;6816245;10674441;331361;6162248;11787420;436731;0;6377
FR;2;2023-03-28;0;0;0;0;0;0;0;0;1;6127308;6816245;10674441;331361;6162248;11787420;436731;0;6378
FR;2;2023-03-29;0;0;0;2;0;0;2;0;0;6127308;6816245;10674441;331363;6162248;11787420;436733;0;6378
FR;2;2023-03-30;0;0;0;0;0;0;0;0;0;6127308;6816245;10674441;331363;6162248;11787420;436733;0;6378
FR;2;2023-03-31;0;1;0;1;1;0;1;0;0;6127308;6816246;10674441;331364;6162249;11787420;436734;0;6378
FR;2;2023-04-01;0;0;1;0;0;0;1;0;0;6127308;6816246;10674442;331364;6162249;11787420;436735;0;6378
FR;2;2023-04-02;0;0;0;0;0;0;0;0;0;6127308;6816246;10674442;331364;6162249;11787420;436735;0;6378
FR;2;2023-04-03;0;1;2;2;1;2;2;0;1;6127308;6816247;10674444;331366;6162250;11787422;436737;0;6379
FR;2;2023-04-04;0;0;0;2;0;0;2;0;0;6127308;6816247;10674444;331368;6162250;11787422;436739;0;6379
FR;2;2023-04-05;0;0;0;0;0;0;0;0;0;6127308;6816247;10674444;331368;6162250;11787422;436739;0;6379
FR;2;2023-04-06;0;1;0;0;1;0;0;0;0;6127308;6816248;10674444;331368;6162251;11787422;436739;0;6379
FR;2;2023-04-07;0;0;0;1;0;0;1;0;0;6127308;6816248;10674444;331369;6162251;11787422;436740;0;6379
FR;2;2023-04-08;0;0;0;0;0;0;0;0;0;6127308;6816248;10674444;331369;6162251;11787422;436740;0;6379
FR;2;2023-04-09;0;0;1;0;0;1;0;0;0;6127308;6816248;10674445;331369;6162251;11787423;436740;0;6379
FR;2;2023-04-10;0;2;0;0;1;1;0;0;0;6127308;6816250;10674445;331369;6162252;11787424;436740;0;6379
FR;2;2023-04-11;0;0;0;0;0;0;0;0;1;6127308;6816250;10674445;331369;6162252;11787424;436740;0;6380
FR;2;2023-04-12;0;0;0;0;0;0;0;0;0;6127308;6816250;10674445;331369;6162252;11787424;436740;0;6380
FR;2;2023-04-13;0;0;2;1;0;2;0;0;0;6127308;6816250;10674447;331370;6162252;11787426;436740;0;6380
FR;2;2023-04-14;0;1;0;1;1;0;1;0;0;6127308;6816251;10674447;331371;6162253;11787426;436741;0;6380
FR;2;2023-04-15;0;0;0;0;0;0;0;0;0;6127308;6816251;10674447;331371;6162253;11787426;436741;0;6380
FR;2;2023-04-16;0;0;0;0;0;0;0;0;0;6127308;6816251;10674447;331371;6162253;11787426;436741;0;6380
FR;2;2023-04-17;1;1;0;0;2;0;0;0;0;6127309;6816252;10674447;331371;6162255;11787426;436741;0;6380
FR;2;2023-04-18;0;0;1;2;0;1;2;0;0;6127309;6816252;10674448;331373;6162255;11787427;436743;0;6380
FR;2;2023-04-19;0;0;0;0;0;0;2;0;0;6127309;6816252;10674448;331373;6162255;11787427;436745;0;6380
FR;2;2023-04-20;0;0;1;1;0;1;1;0;0;6127309;6816252;10674449;331374;6162255;11787428;436746;0;6380
FR;2;2023-04-21;0;0;0;0;0;0;0;0;0;6127309;6816252;10674449;331374;6162255;11787428;436746;0;6380
FR;2;2023-04-22;0;0;0;2;0;0;0;0;2;6127309;6816252;10674449;331376;6162255;11787428;436746;0;6382
FR;2;2023-04-23;0;0;0;0;0;0;0;0;0;6127309;6816252;10674449;331376;6162255;11787428;436746;0;6382
FR;2;2023-04-24;0;0;1;0;0;0;1;0;0;6127309;6816252;10674450;331376;6162255;11787428;436747;0;6382
FR;2;2023-04-25;0;0;0;0;0;0;0;0;0;6127309;6816252;10674450;331376;6162255;11787428;436747;0;6382
FR;2;2023-04-26;0;1;0;0;0;1;0;0;0;6127309;6816253;10674450;331376;6162255;11787429;436747;0;6382
FR;2;2023-04-27;0;0;0;0;0;0;0;0;1;6127309;6816253;10674450;331376;6162255;11787429;436747;0;6383
FR;2;2023-04-28;0;0;0;0;0;0;0;0;2;6127309;6816253;10674450;331376;6162255;11787429;436747;0;6385
FR;2;2023-04-29;0;0;0;1;0;0;1;0;0;6127309;6816253;10674450;331377;6162255;11787429;436748;0;6385
FR;2;2023-04-30;0;0;0;0;0;0;0;0;0;6127309;6816253;10674450;331377;6162255;11787429;436748;0;6385
FR;2;2023-05-01;0;1;0;0;1;0;0;0;0;6127309;6816254;10674450;331377;6162256;11787429;436748;0;6385
FR;2;2023-05-02;0;0;3;1;0;3;1;0;2;6127309;6816254;10674453;331378;6162256;11787432;436749;0;6387
FR;2;2023-05-03;0;1;0;0;0;1;0;0;0;6127309;6816255;10674453;331378;6162256;11787433;436749;0;6387
FR;2;2023-05-04;0;0;0;1;0;0;1;0;0;6127309;6816255;10674453;331379;6162256;11787433;436750;0;6387
FR;2;2023-05-05;0;0;1;1;0;1;1;0;0;6127309;6816255;10674454;331380;6162256;11787434;436751;0;6387
FR;2;2023-05-06;0;0;0;0;0;0;0;0;0;6127309;6816255;10674454;331380;6162256;11787434;436751;0;6387
FR;2;2023-05-07;0;0;0;0;0;0;0;0;0;6127309;6816255;10674454;331380;6162256;11787434;436751;0;6387
FR;2;2023-05-08;0;0;0;0;0;0;0;0;0;6127309;6816255;10674454;331380;6162256;11787434;436751;0;6387
FR;2;2023-05-09;0;1;0;0;0;1;0;0;0;6127309;6816256;10674454;331380;6162256;11787435;436751;0;6387
FR;2;2023-05-10;0;0;0;0;0;0;0;0;2;6127309;6816256;10674454;331380;6162256;11787435;436751;0;6389
FR;2;2023-05-11;0;0;0;0;0;0;0;0;1;6127309;6816256;10674454;331380;6162256;11787435;436751;0;6390
FR;2;2023-05-12;0;0;0;0;0;0;0;0;0;6127309;6816256;10674454;331380;6162256;11787435;436751;0;6390
FR;2;2023-05-13;0;0;0;0;0;0;0;0;0;6127309;6816256;10674454;331380;6162256;11787435;436751;0;6390
FR;2;2023-05-14;0;0;0;0;0;0;0;0;0;6127309;6816256;10674454;331380;6162256;11787435;436751;0;6390
FR;2;2023-05-15;0;0;1;0;0;1;0;0;0;6127309;6816256;10674455;331380;6162256;11787436;436751;0;6390
FR;2;2023-05-16;0;0;0;0;0;0;0;0;0;6127309;6816256;10674455;331380;6162256;11787436;436751;0;6390
FR;3;2020-12-27;0;0;0;0;0;0;0;0;0;0;0;0;0;0;0;0;0;0
FR;3;2020-12-28;0;0;0;0;0;0;0;0;0;0;0;0;0;0;0;0;0;0
FR;3;2020-12-29;0;0;0;0;0;0;0;0;0;0;0;0;0;0;0;0;0;0
FR;3;2020-12-30;0;0;0;0;0;0;0;0;0;0;0;0;0;0;0;0;0;0
FR;3;2020-12-31;0;0;0;0;0;0;0;0;0;0;0;0;0;0;0;0;0;0
FR;3;2021-01-01;0;0;0;0;0;0;0;0;0;0;0;0;0;0;0;0;0;0
FR;3;2021-01-02;0;0;0;0;0;0;0;0;0;0;0;0;0;0;0;0;0;0
FR;3;2021-01-03;0;0;0;0;0;0;0;0;0;0;0;0;0;0;0;0;0;0
FR;3;2021-01-04;0;0;0;0;0;0;0;0;0;0;0;0;0;0;0;0;0;0
FR;3;2021-01-05;0;0;0;0;0;0;0;0;0;0;0;0;0;0;0;0;0;0
FR;3;2021-01-06;0;0;0;0;0;0;0;0;0;0;0;0;0;0;0;0;0;0
FR;3;2021-01-07;0;0;0;0;0;0;0;0;0;0;0;0;0;0;0;0;0;0
FR;3;2021-01-08;0;0;0;0;0;0;0;0;0;0;0;0;0;0;0;0;0;0
FR;3;2021-01-09;0;0;0;0;0;0;0;0;0;0;0;0;0;0;0;0;0;0
FR;3;2021-01-10;0;0;0;0;0;0;0;0;0;0;0;0;0;0;0;0;0;0
FR;3;2021-01-11;0;0;0;0;0;0;0;0;0;0;0;0;0;0;0;0;0;0
FR;3;2021-01-12;0;0;0;0;0;0;0;0;0;0;0;0;0;0;0;0;0;0
FR;3;2021-01-13;0;0;0;0;0;0;0;0;0;0;0;0;0;0;0;0;0;0
FR;3;2021-01-14;0;0;0;0;0;0;0;0;0;0;0;0;0;0;0;0;0;0
FR;3;2021-01-15;0;0;0;0;0;0;0;0;0;0;0;0;0;0;0;0;0;0
FR;3;2021-01-16;0;0;0;0;0;0;0;0;0;0;0;0;0;0;0;0;0;0
FR;3;2021-01-17;0;0;0;0;0;0;0;0;0;0;0;0;0;0;0;0;0;0
FR;3;2021-01-18;0;0;0;0;0;0;0;0;0;0;0;0;0;0;0;0;0;0
FR;3;2021-01-19;0;0;0;0;0;0;0;0;0;0;0;0;0;0;0;0;0;0
FR;3;2021-01-20;0;0;0;0;0;0;0;0;0;0;0;0;0;0;0;0;0;0
FR;3;2021-01-21;0;0;0;0;0;0;0;0;0;0;0;0;0;0;0;0;0;0
FR;3;2021-01-22;0;0;0;0;0;0;0;0;0;0;0;0;0;0;0;0;0;0
FR;3;2021-01-23;0;0;0;0;0;0;0;0;0;0;0;0;0;0;0;0;0;0
FR;3;2021-01-24;0;0;0;0;0;0;0;0;0;0;0;0;0;0;0;0;0;0
FR;3;2021-01-25;0;0;0;0;0;0;0;0;0;0;0;0;0;0;0;0;0;0
FR;3;2021-01-26;0;0;0;0;0;0;0;0;0;0;0;0;0;0;0;0;0;0
FR;3;2021-01-27;0;0;0;0;0;0;0;0;0;0;0;0;0;0;0;0;0;0
FR;3;2021-01-28;0;0;0;0;0;0;0;0;0;0;0;0;0;0;0;0;0;0
FR;3;2021-01-29;0;0;0;0;0;0;0;0;0;0;0;0;0;0;0;0;0;0
FR;3;2021-01-30;0;0;0;0;0;0;0;0;0;0;0;0;0;0;0;0;0;0
FR;3;2021-01-31;0;0;0;0;0;0;0;0;0;0;0;0;0;0;0;0;0;0
FR;3;2021-02-01;0;0;0;0;0;0;0;0;0;0;0;0;0;0;0;0;0;0
FR;3;2021-02-02;0;0;0;0;0;0;0;0;0;0;0;0;0;0;0;0;0;0
FR;3;2021-02-03;0;0;0;0;0;0;0;0;0;0;0;0;0;0;0;0;0;0
FR;3;2021-02-04;0;0;0;0;0;0;0;0;0;0;0;0;0;0;0;0;0;0
FR;3;2021-02-05;0;0;0;0;0;0;0;0;0;0;0;0;0;0;0;0;0;0
FR;3;2021-02-06;1474;0;0;0;105;0;0;0;0;1474;0;0;0;105;0;0;0;0
FR;3;2021-02-07;1423;2;0;0;87;0;0;0;0;2897;2;0;0;192;0;0;0;0
FR;3;2021-02-08;2789;1;0;0;177;0;0;0;0;5686;3;0;0;369;0;0;0;0
FR;3;2021-02-09;6786;0;0;0;502;0;0;0;0;12472;3;0;0;871;0;0;0;0
FR;3;2021-02-10;9612;0;0;0;695;0;0;0;0;22084;3;0;0;1566;0;0;0;0
FR;3;2021-02-11;13620;4;0;0;919;0;0;0;0;35704;7;0;0;2485;0;0;0;0
FR;3;2021-02-12;13410;0;0;0;907;0;0;0;0;49114;7;0;0;3392;0;0;0;0
FR;3;2021-02-13;3800;1;0;0;218;0;0;0;0;52914;8;0;0;3610;0;0;0;0
FR;3;2021-02-14;975;1;0;0;53;0;0;0;0;53889;9;0;0;3663;0;0;0;0
FR;3;2021-02-15;10497;2;0;0;719;0;0;0;0;64386;11;0;0;4382;0;0;0;0
FR;3;2021-02-16;12556;5;0;0;871;0;0;0;0;76942;16;0;0;5253;0;0;0;0
FR;3;2021-02-17;11159;1;0;0;717;0;0;0;0;88101;17;0;0;5970;0;0;0;0
FR;3;2021-02-18;14943;2;0;0;985;0;0;0;0;103044;19;0;0;6955;0;0;0;0
FR;3;2021-02-19;14364;1;0;0;846;0;0;0;0;117408;20;0;0;7801;0;0;0;0
FR;3;2021-02-20;3332;0;0;0;178;0;0;0;0;120740;20;0;0;7979;0;0;0;0
FR;3;2021-02-21;620;0;0;0;35;0;0;0;0;121360;20;0;0;8014;0;0;0;0
FR;3;2021-02-22;9171;1;0;0;654;0;0;0;0;130531;21;0;0;8668;0;0;0;0
FR;3;2021-02-23;11406;6;0;0;761;0;0;0;0;141937;27;0;0;9429;0;0;0;0
FR;3;2021-02-24;14305;1;0;0;829;0;0;0;0;156242;28;0;0;10258;0;0;0;0
FR;3;2021-02-25;44935;3;0;0;1814;0;0;0;0;201177;31;0;0;12072;0;0;0;0
FR;3;2021-02-26;61889;13;0;0;2201;0;0;0;0;263066;44;0;0;14273;0;0;0;0
FR;3;2021-02-27;34811;14;0;0;1028;0;0;0;0;297877;58;0;0;15301;0;0;0;0
FR;3;2021-02-28;2464;0;0;0;114;0;0;0;0;300341;58;0;0;15415;0;0;0;0
FR;3;2021-03-01;20521;21;0;0;1067;0;0;0;0;320862;79;0;0;16482;0;0;0;0
FR;3;2021-03-02;38878;25;0;0;1790;0;0;0;0;359740;104;0;0;18272;0;0;0;0
FR;3;2021-03-03;48750;18;0;0;2130;0;0;0;0;408490;122;0;0;20402;0;0;0;0
FR;3;2021-03-04;82229;25;0;0;3194;0;0;0;0;490719;147;0;0;23596;0;0;0;0
FR;3;2021-03-05;118138;43;0;0;4693;0;0;0;0;608857;190;0;0;28289;0;0;0;0
FR;3;2021-03-06;120727;65;1;0;3559;0;0;0;0;729584;255;1;0;31848;0;0;0;0
FR;3;2021-03-07;55186;23;0;0;1729;0;0;0;0;784770;278;1;0;33577;0;0;0;0
FR;3;2021-03-08;42814;29;0;0;2074;0;0;0;0;827584;307;1;0;35651;0;0;0;0
FR;3;2021-03-09;78978;51;0;0;3288;0;0;0;0;906562;358;1;0;38939;0;0;0;0
FR;3;2021-03-10;80985;67;0;0;3243;0;0;0;0;987547;425;1;0;42182;0;0;0;0
FR;3;2021-03-11;128447;66;0;0;4766;0;0;0;0;1115994;491;1;0;46948;0;0;0;0
FR;3;2021-03-12;182719;122;0;0;6279;0;0;0;0;1298713;613;1;0;53227;0;0;0;0
FR;3;2021-03-13;132160;91;0;0;3530;0;0;0;0;1430873;704;1;0;56757;0;0;0;0
FR;3;2021-03-14;14061;6;0;0;550;0;0;0;0;1444934;710;1;0;57307;0;0;0;0
FR;3;2021-03-15;52243;82;0;0;2097;0;0;0;0;1497177;792;1;0;59404;0;0;0;0
FR;3;2021-03-16;1221;51;0;0;105;0;0;0;0;1498398;843;1;0;59509;0;0;0;0
FR;3;2021-03-17;950;56;0;0;95;0;0;0;0;1499348;899;1;0;59604;0;0;0;0
FR;3;2021-03-18;1577;42;0;0;102;0;0;0;0;1500925;941;1;0;59706;0;0;0;0
FR;3;2021-03-19;70458;56;0;0;2060;0;0;0;0;1571383;997;1;0;61766;0;0;0;0
FR;3;2021-03-20;65242;51;0;0;1702;0;0;0;0;1636625;1048;1;0;63468;0;0;0;0
FR;3;2021-03-21;5761;8;0;0;199;0;0;0;0;1642386;1056;1;0;63667;0;0;0;0
FR;3;2021-03-22;37511;50;0;0;1053;0;0;0;0;1679897;1106;1;0;64720;0;0;0;0
FR;3;2021-03-23;84670;87;0;0;2288;0;0;0;0;1764567;1193;1;0;67008;0;0;0;0
FR;3;2021-03-24;90955;99;0;0;2491;0;0;0;0;1855522;1292;1;0;69499;0;0;0;0
FR;3;2021-03-25;150068;149;0;0;3792;0;0;0;0;2005590;1441;1;0;73291;0;0;0;0
FR;3;2021-03-26;165431;157;0;0;4148;0;0;0;0;2171021;1598;1;0;77439;0;0;0;0
FR;3;2021-03-27;68465;101;0;0;2004;0;0;0;0;2239486;1699;1;0;79443;0;0;0;0
FR;3;2021-03-28;6481;20;0;0;238;0;0;0;0;2245967;1719;1;0;79681;0;0;0;0
FR;3;2021-03-29;54171;83;0;0;1480;0;0;0;0;2300138;1802;1;0;81161;0;0;0;0
FR;3;2021-03-30;93185;103;0;0;2564;0;0;0;0;2393323;1905;1;0;83725;0;0;0;0
FR;3;2021-03-31;63547;110;0;0;1964;0;0;0;0;2456870;2015;1;0;85689;0;0;0;0
FR;3;2021-04-01;86136;116;0;0;2496;0;0;0;0;2543006;2131;1;0;88185;0;0;0;0
FR;3;2021-04-02;86915;186;0;0;2766;0;0;0;0;2629921;2317;1;0;90951;0;0;0;0
FR;3;2021-04-03;35876;133;0;0;1164;0;0;0;0;2665797;2450;1;0;92115;0;0;0;0
FR;3;2021-04-04;3577;19;0;0;164;0;0;0;0;2669374;2469;1;0;92279;0;0;0;0
FR;3;2021-04-05;4492;40;0;0;236;0;0;0;0;2673866;2509;1;0;92515;0;0;0;0
FR;3;2021-04-06;29763;105;0;0;1091;0;0;0;0;2703629;2614;1;0;93606;0;0;0;0
FR;3;2021-04-07;32350;113;0;0;1052;0;0;0;0;2735979;2727;1;0;94658;0;0;0;0
FR;3;2021-04-08;78826;274;0;0;2619;0;0;0;0;2814805;3001;1;0;97277;0;0;0;0
FR;3;2021-04-09;161764;454;0;0;5180;0;0;0;0;2976569;3455;1;0;102457;0;0;0;0
FR;3;2021-04-10;75765;365;0;0;2697;0;0;0;0;3052334;3820;1;0;105154;0;0;0;0
FR;3;2021-04-11;7316;47;0;0;306;0;0;0;0;3059650;3867;1;0;105460;0;0;0;0
FR;3;2021-04-12;51484;219;0;0;1738;0;0;0;0;3111134;4086;1;0;107198;0;0;0;0
FR;3;2021-04-13;86236;364;0;0;2911;0;0;0;0;3197370;4450;1;0;110109;0;0;0;0
FR;3;2021-04-14;67847;377;0;0;2429;0;0;0;0;3265217;4827;1;0;112538;0;0;0;0
FR;3;2021-04-15;93246;404;0;0;3442;0;0;0;0;3358463;5231;1;0;115980;0;0;0;0
FR;3;2021-04-16;112532;628;0;0;4343;0;0;0;0;3470995;5859;1;0;120323;0;0;0;0
FR;3;2021-04-17;53319;371;1;0;2277;0;0;0;0;3524314;6230;2;0;122600;0;0;0;0
FR;3;2021-04-18;9752;49;0;0;423;0;0;0;0;3534066;6279;2;0;123023;0;0;0;0
FR;3;2021-04-19;25117;287;0;0;1093;0;0;0;0;3559183;6566;2;0;124116;0;0;0;0
FR;3;2021-04-20;45676;438;0;0;1908;0;0;0;0;3604859;7004;2;0;126024;0;0;0;0
FR;3;2021-04-21;38988;552;0;0;1896;0;0;0;0;3643847;7556;2;0;127920;0;0;0;0
FR;3;2021-04-22;54723;875;0;0;2827;0;0;0;0;3698570;8431;2;0;130747;0;0;0;0
FR;3;2021-04-23;70493;1095;0;0;3697;0;0;0;0;3769063;9526;2;0;134444;0;0;0;0
FR;3;2021-04-24;37253;1101;0;0;2490;0;0;0;0;3806316;10627;2;0;136934;0;0;0;0
FR;3;2021-04-25;6213;158;0;0;446;0;0;0;0;3812529;10785;2;0;137380;0;0;0;0
FR;3;2021-04-26;19792;701;0;0;1436;0;0;0;0;3832321;11486;2;0;138816;0;0;0;0
FR;3;2021-04-27;34486;1336;0;0;2594;0;0;0;0;3866807;12822;2;0;141410;0;0;0;0
FR;3;2021-04-28;28971;2047;0;0;3164;0;0;0;0;3895778;14869;2;0;144574;0;0;0;0
FR;3;2021-04-29;45394;6127;0;0;7946;0;0;0;0;3941172;20996;2;0;152520;0;0;0;0
FR;3;2021-04-30;55465;9118;1;0;11513;0;0;0;0;3996637;30114;3;0;164033;0;0;0;0
FR;3;2021-05-01;9518;2064;0;0;2495;0;0;0;0;4006155;32178;3;0;166528;0;0;0;0
FR;3;2021-05-02;3081;466;0;0;611;0;0;0;0;4009236;32644;3;0;167139;0;0;0;0
FR;3;2021-05-03;13067;3940;0;0;4507;0;0;0;0;4022303;36584;3;0;171646;0;0;0;0
FR;3;2021-05-04;23123;8374;0;0;9441;0;0;0;0;4045426;44958;3;0;181087;0;0;0;0
FR;3;2021-05-05;18768;10832;0;0;11770;0;0;0;0;4064194;55790;3;0;192857;0;0;0;0
FR;3;2021-05-06;34632;21265;0;0;22815;0;0;0;0;4098826;77055;3;0;215672;0;0;0;0
FR;3;2021-05-07;44211;28903;0;0;31206;0;0;0;0;4143037;105958;3;0;246878;0;0;0;0
FR;3;2021-05-08;6786;9190;0;0;9556;0;0;0;0;4149823;115148;3;0;256434;0;0;0;0
FR;3;2021-05-09;1797;2667;0;0;2768;0;0;0;0;4151620;117815;3;0;259202;0;0;0;0
FR;3;2021-05-10;15001;12916;0;0;13609;0;0;0;0;4166621;130731;3;0;272811;0;0;0;0
FR;3;2021-05-11;27100;26272;0;0;27545;0;0;0;0;4193721;157003;3;0;300356;0;0;0;0
FR;3;2021-05-12;17273;28147;0;0;29085;0;0;0;0;4210994;185150;3;0;329441;0;0;0;0
FR;3;2021-05-13;2285;3511;0;0;3632;0;0;0;0;4213279;188661;3;0;333073;0;0;0;0
FR;3;2021-05-14;14521;26084;0;0;26865;0;0;0;0;4227800;214745;3;0;359938;0;0;0;0
FR;3;2021-05-15;7233;21086;0;0;21516;0;0;0;0;4235033;235831;3;0;381454;0;0;0;0
FR;3;2021-05-16;977;2649;0;0;2695;0;0;0;0;4236010;238480;3;0;384149;0;0;0;0
FR;3;2021-05-17;7967;20225;0;0;20669;0;0;0;0;4243977;258705;3;0;404818;0;0;0;0
FR;3;2021-05-18;13418;30157;0;0;30920;0;0;0;0;4257395;288862;3;0;435738;0;0;0;0
FR;3;2021-05-19;9277;30525;0;0;31119;0;0;0;0;4266672;319387;3;0;466857;0;0;0;0
FR;3;2021-05-20;12809;53832;3;0;54758;0;0;0;0;4279481;373219;6;0;521615;0;0;0;0
FR;3;2021-05-21;12771;66186;2;0;67117;0;0;0;0;4292252;439405;8;0;588732;0;0;0;0
FR;3;2021-05-22;4967;33781;1;0;34164;0;0;0;0;4297219;473186;9;0;622896;0;0;0;0
FR;3;2021-05-23;651;2663;0;0;2695;0;0;0;0;4297870;475849;9;0;625591;0;0;0;0
FR;3;2021-05-24;885;4784;0;0;4828;0;0;0;0;4298755;480633;9;0;630419;0;0;0;0
FR;3;2021-05-25;5316;46737;1;0;47144;0;0;0;0;4304071;527370;10;0;677563;0;0;0;0
FR;3;2021-05-26;4982;52191;1;0;52665;0;0;0;0;4309053;579561;11;0;730228;0;0;0;0
FR;3;2021-05-27;6338;79067;3;0;79678;0;0;0;0;4315391;658628;14;0;809906;0;0;0;0
FR;3;2021-05-28;7546;100335;2;0;101141;0;0;0;0;4322937;758963;16;0;911047;0;0;0;0
FR;3;2021-05-29;3350;61184;1;0;61566;0;0;0;0;4326287;820147;17;0;972613;0;0;0;0
FR;3;2021-05-30;551;8078;0;0;8127;0;0;0;0;4326838;828225;17;0;980740;0;0;0;0
FR;3;2021-05-31;2442;35483;3;0;35749;0;0;0;0;4329280;863708;20;0;1016489;0;0;0;0
FR;3;2021-06-01;3418;64902;10;0;65354;0;0;0;0;4332698;928610;30;0;1081843;0;0;0;0
FR;3;2021-06-02;2735;58931;6;0;59266;0;0;0;0;4335433;987541;36;0;1141109;0;0;0;0
FR;3;2021-06-03;3496;87202;10;0;87741;0;0;0;0;4338929;1074743;46;0;1228850;0;0;0;0
FR;3;2021-06-04;4125;105867;22;0;106533;0;0;0;0;4343054;1180610;68;0;1335383;0;0;0;0
FR;3;2021-06-05;1983;52608;4;0;52926;0;0;0;0;4345037;1233218;72;0;1388309;0;0;0;0
FR;3;2021-06-06;511;5269;1;0;5317;0;0;0;0;4345548;1238487;73;0;1393626;0;0;0;0
FR;3;2021-06-07;1487;30716;11;0;30897;0;0;0;0;4347035;1269203;84;0;1424523;0;0;0;0
FR;3;2021-06-08;2066;47426;18;0;47772;0;0;0;0;4349101;1316629;102;0;1472295;0;0;0;0
FR;3;2021-06-09;1796;41807;13;0;42112;0;0;0;0;4350897;1358436;115;0;1514407;0;0;0;0
FR;3;2021-06-10;2261;67663;17;0;68061;0;0;0;0;4353158;1426099;132;0;1582468;0;0;0;0
FR;3;2021-06-11;2493;96637;34;0;97113;0;0;0;0;4355651;1522736;166;0;1679581;0;0;0;0
FR;3;2021-06-12;1179;40558;6;0;40790;0;0;0;0;4356830;1563294;172;0;1720371;0;0;0;0
FR;3;2021-06-13;283;3606;3;0;3641;0;0;0;0;4357113;1566900;175;0;1724012;0;0;0;0
FR;3;2021-06-14;1051;42315;17;0;42485;0;0;0;0;4358164;1609215;192;0;1766497;0;0;0;0
FR;3;2021-06-15;1379;80355;20;0;80660;0;0;0;0;4359543;1689570;212;0;1847157;0;0;0;0
FR;3;2021-06-16;1263;65505;20;0;65778;0;0;0;0;4360806;1755075;232;0;1912935;0;0;0;0
FR;3;2021-06-17;1667;102293;41;0;102679;0;0;0;0;4362473;1857368;273;0;2015614;0;0;0;0
FR;3;2021-06-18;1873;118469;63;0;118939;0;0;0;0;4364346;1975837;336;0;2134553;0;0;0;0
FR;3;2021-06-19;804;39455;22;0;39650;0;0;0;0;4365150;2015292;358;0;2174203;0;0;0;0
FR;3;2021-06-20;162;3195;0;0;3224;0;0;0;0;4365312;2018487;358;0;2177427;0;0;0;0
FR;3;2021-06-21;775;39090;16;0;39248;0;0;0;0;4366087;2057577;374;0;2216675;0;0;0;0
FR;3;2021-06-22;1065;70093;52;0;70363;0;0;0;0;4367152;2127670;426;0;2287038;0;0;0;0
FR;3;2021-06-23;946;50832;39;0;51104;0;0;0;0;4368098;2178502;465;0;2338142;0;0;0;0
FR;3;2021-06-24;1314;77298;48;0;77671;0;0;0;0;4369412;2255800;513;0;2415813;0;0;0;0
FR;3;2021-06-25;1410;90855;73;0;91288;0;0;0;0;4370822;2346655;586;0;2507101;0;0;0;0
FR;3;2021-06-26;631;33109;29;0;33301;0;0;0;0;4371453;2379764;615;0;2540402;0;0;0;0
FR;3;2021-06-27;168;3778;1;0;3802;0;0;0;0;4371621;2383542;616;0;2544204;0;0;0;0
FR;3;2021-06-28;655;29929;27;0;30123;0;0;0;0;4372276;2413471;643;0;2574327;0;0;0;0
FR;3;2021-06-29;856;56655;95;0;56899;0;0;0;0;4373132;2470126;738;0;2631226;0;0;0;0
FR;3;2021-06-30;905;45215;93;0;45483;0;0;0;0;4374037;2515341;831;0;2676709;0;0;0;0
FR;3;2021-07-01;1164;66131;108;0;66480;0;0;0;0;4375201;2581472;939;0;2743189;0;0;0;0
FR;3;2021-07-02;1305;90526;170;0;91009;0;0;0;0;4376506;2671998;1109;0;2834198;0;0;0;0
FR;3;2021-07-03;602;31185;51;0;31386;0;0;0;0;4377108;2703183;1160;0;2865584;0;0;0;0
FR;3;2021-07-04;144;3968;3;0;3998;0;0;0;0;4377252;2707151;1163;0;2869582;0;0;0;0
FR;3;2021-07-05;613;33605;60;0;33806;0;0;0;0;4377865;2740756;1223;0;2903388;0;0;0;0
FR;3;2021-07-06;965;55938;88;0;56249;0;0;0;0;4378830;2796694;1311;0;2959637;0;0;0;0
FR;3;2021-07-07;874;42964;80;0;43262;0;0;0;0;4379704;2839658;1391;0;3002899;0;0;0;0
FR;3;2021-07-08;1127;60812;99;0;61222;0;0;0;0;4380831;2900470;1490;0;3064121;0;0;0;0
FR;3;2021-07-09;1261;68940;128;0;69405;0;0;0;0;4382092;2969410;1618;0;3133526;0;0;0;0
FR;3;2021-07-10;644;25020;59;0;25217;0;0;0;0;4382736;2994430;1677;0;3158743;0;0;0;0
FR;3;2021-07-11;132;3173;4;0;3198;0;0;0;0;4382868;2997603;1681;0;3161941;0;0;0;0
FR;3;2021-07-12;662;23598;59;0;23811;0;0;0;0;4383530;3021201;1740;0;3185752;0;0;0;0
FR;3;2021-07-13;1648;34426;90;0;34916;0;0;0;0;4385178;3055627;1830;0;3220668;0;0;0;0
FR;3;2021-07-14;272;2475;2;0;2532;0;0;0;0;4385450;3058102;1832;0;3223200;0;0;0;0
FR;3;2021-07-15;1941;30416;85;0;30991;0;0;0;0;4387391;3088518;1917;0;3254191;0;0;0;0
FR;3;2021-07-16;2520;38620;122;0;39354;0;0;0;0;4389911;3127138;2039;0;3293545;0;0;0;0
FR;3;2021-07-17;1051;13723;26;0;14031;0;0;0;0;4390962;3140861;2065;0;3307576;0;0;0;0
FR;3;2021-07-18;266;2549;3;0;2597;0;0;0;0;4391228;3143410;2068;0;3310173;0;0;0;0
FR;3;2021-07-19;1280;16884;38;0;17252;0;0;0;0;4392508;3160294;2106;0;3327425;0;0;0;0
FR;3;2021-07-20;1823;26931;98;0;27472;0;0;0;0;4394331;3187225;2204;0;3354897;0;0;0;0
FR;3;2021-07-21;1652;19472;44;0;19977;0;0;0;0;4395983;3206697;2248;0;3374874;0;0;0;0
FR;3;2021-07-22;1856;27647;83;0;28212;0;0;0;0;4397839;3234344;2331;0;3403086;0;0;0;0
FR;3;2021-07-23;2217;30212;117;0;30949;0;0;0;0;4400056;3264556;2448;0;3434035;0;0;0;0
FR;3;2021-07-24;828;6927;25;0;7150;0;0;0;0;4400884;3271483;2473;0;3441185;0;0;0;0
FR;3;2021-07-25;210;1287;1;0;1342;0;0;0;0;4401094;3272770;2474;0;3442527;0;0;0;0
FR;3;2021-07-26;933;10508;28;0;10816;0;0;0;0;4402027;3283278;2502;0;3453343;0;0;0;0
FR;3;2021-07-27;1171;16802;56;0;17165;0;0;0;0;4403198;3300080;2558;0;3470508;0;0;0;0
FR;3;2021-07-28;989;11999;40;0;12311;0;0;0;0;4404187;3312079;2598;0;3482819;0;0;0;0
FR;3;2021-07-29;1127;15676;63;0;16089;0;0;0;0;4405314;3327755;2661;0;3498908;0;0;0;0
FR;3;2021-07-30;1130;17991;79;0;18366;0;0;0;0;4406444;3345746;2740;0;3517274;0;0;0;0
FR;3;2021-07-31;407;3711;15;0;3837;0;0;0;0;4406851;3349457;2755;0;3521111;0;0;0;0
FR;3;2021-08-01;117;443;1;0;465;0;0;0;0;4406968;3349900;2756;0;3521576;0;0;0;0
FR;3;2021-08-02;424;5015;22;0;5136;0;0;0;0;4407392;3354915;2778;0;3526712;0;0;0;0
FR;3;2021-08-03;498;7466;27;0;7599;0;0;0;0;4407890;3362381;2805;0;3534311;0;0;0;0
FR;3;2021-08-04;441;4831;26;0;4977;0;0;0;0;4408331;3367212;2831;0;3539288;0;0;0;0
FR;3;2021-08-05;433;3653;13;0;3763;0;0;0;0;4408764;3370865;2844;0;3543051;0;0;0;0
FR;3;2021-08-06;456;4699;30;0;4800;0;0;0;0;4409220;3375564;2874;0;3547851;0;0;0;0
FR;3;2021-08-07;214;1900;11;0;1946;0;0;0;0;4409434;3377464;2885;0;3549797;0;0;0;0
FR;3;2021-08-08;251;423;2;0;456;0;0;0;0;4409685;3377887;2887;0;3550253;0;0;0;0
FR;3;2021-08-09;320;2377;11;0;2447;0;0;0;0;4410005;3380264;2898;0;3552700;0;0;0;0
FR;3;2021-08-10;369;3735;15;0;3823;0;0;0;0;4410374;3383999;2913;0;3556523;0;0;0;0
FR;3;2021-08-11;291;2640;15;0;2700;0;0;0;0;4410665;3386639;2928;0;3559223;0;0;0;0
FR;3;2021-08-12;279;2563;13;0;2651;0;0;0;0;4410944;3389202;2941;0;3561874;0;0;0;0
FR;3;2021-08-13;279;2254;16;0;2340;0;0;0;0;4411223;3391456;2957;0;3564214;0;0;0;0
FR;3;2021-08-14;172;874;1;0;905;0;0;0;0;4411395;3392330;2958;0;3565119;0;0;0;0
FR;3;2021-08-15;56;174;0;0;183;0;0;0;0;4411451;3392504;2958;0;3565302;0;0;0;0
FR;3;2021-08-16;126;1003;8;0;1042;0;0;0;0;4411577;3393507;2966;0;3566344;0;0;0;0
FR;3;2021-08-17;191;1430;8;0;1471;0;0;0;0;4411768;3394937;2974;0;3567815;0;0;0;0
FR;3;2021-08-18;205;1309;10;0;1351;0;0;0;0;4411973;3396246;2984;0;3569166;0;0;0;0
FR;3;2021-08-19;165;1373;10;0;1420;0;0;0;0;4412138;3397619;2994;0;3570586;0;0;0;0
FR;3;2021-08-20;167;1595;16;0;1657;0;0;0;0;4412305;3399214;3010;0;3572243;0;0;0;0
FR;3;2021-08-21;94;576;2;0;591;0;0;0;0;4412399;3399790;3012;0;3572834;0;0;0;0
FR;3;2021-08-22;42;192;1;0;195;0;0;0;0;4412441;3399982;3013;0;3573029;0;0;0;0
FR;3;2021-08-23;141;886;7;0;931;0;0;0;0;4412582;3400868;3020;0;3573960;0;0;0;0
FR;3;2021-08-24;125;922;10;0;954;0;0;0;0;4412707;3401790;3030;0;3574914;0;0;0;0
FR;3;2021-08-25;137;820;3;0;849;0;0;0;0;4412844;3402610;3033;0;3575763;0;0;0;0
FR;3;2021-08-26;172;824;9;0;872;0;0;0;0;4413016;3403434;3042;0;3576635;0;0;0;0
FR;3;2021-08-27;178;937;9;0;989;0;0;0;0;4413194;3404371;3051;0;3577624;0;0;0;0
FR;3;2021-08-28;101;374;4;0;391;0;0;0;0;4413295;3404745;3055;0;3578015;0;0;0;0
FR;3;2021-08-29;128;129;1;0;162;0;0;0;0;4413423;3404874;3056;0;3578177;0;0;0;0
FR;3;2021-08-30;100;560;0;0;469;108;0;0;0;4413523;3405434;3056;0;3578646;108;0;0;0
FR;3;2021-08-31;134;682;7;0;587;134;0;0;0;4413657;3406116;3063;0;3579233;242;0;0;0
FR;3;2021-09-01;122;461;5;0;383;106;0;0;0;4413779;3406577;3068;0;3579616;348;0;0;0
FR;3;2021-09-02;100;595;22;0;531;105;0;0;0;4413879;3407172;3090;0;3580147;453;0;0;0
FR;3;2021-09-03;116;552;17;0;477;116;0;0;0;4413995;3407724;3107;0;3580624;569;0;0;0
FR;3;2021-09-04;55;295;3;0;256;50;0;0;0;4414050;3408019;3110;0;3580880;619;0;0;0
FR;3;2021-09-05;52;65;5;0;55;25;0;0;0;4414102;3408084;3115;0;3580935;644;0;0;0
FR;3;2021-09-06;118;367;4;0;261;130;0;0;0;4414220;3408451;3119;0;3581196;774;0;0;0
FR;3;2021-09-07;125;431;14;0;347;116;0;0;0;4414345;3408882;3133;0;3581543;890;0;0;0
FR;3;2021-09-08;122;344;2;0;274;87;0;0;0;4414467;3409226;3135;0;3581817;977;0;0;0
FR;3;2021-09-09;94;378;8;0;298;103;0;0;0;4414561;3409604;3143;0;3582115;1080;0;0;0
FR;3;2021-09-10;101;402;3;0;332;93;0;0;0;4414662;3410006;3146;0;3582447;1173;0;0;0
FR;3;2021-09-11;79;232;4;0;177;65;0;0;0;4414741;3410238;3150;0;3582624;1238;0;0;0
FR;3;2021-09-12;37;49;1;0;38;16;0;0;0;4414778;3410287;3151;0;3582662;1254;0;0;0
FR;3;2021-09-13;78;298;7;0;215;102;1;0;0;4414856;3410585;3158;0;3582877;1356;1;0;0
FR;3;2021-09-14;75;271;6;0;191;94;0;0;0;4414931;3410856;3164;0;3583068;1450;1;0;0
FR;3;2021-09-15;64;252;3;0;257;6;0;0;0;4414995;3411108;3167;0;3583325;1456;1;0;0
FR;3;2021-09-16;65;320;6;0;331;6;0;0;0;4415060;3411428;3173;0;3583656;1462;1;0;0
FR;3;2021-09-17;52;327;3;0;339;6;0;0;0;4415112;3411755;3176;0;3583995;1468;1;0;0
FR;3;2021-09-18;37;172;1;0;176;1;0;0;0;4415149;3411927;3177;0;3584171;1469;1;0;0
FR;3;2021-09-19;29;31;2;0;34;1;0;0;0;4415178;3411958;3179;0;3584205;1470;1;0;0
FR;3;2021-09-20;82;188;0;0;196;1;0;0;0;4415260;3412146;3179;0;3584401;1471;1;0;0
FR;3;2021-09-21;60;273;7;0;277;8;0;0;0;4415320;3412419;3186;0;3584678;1479;1;0;0
FR;3;2021-09-22;67;229;6;0;242;7;0;0;0;4415387;3412648;3192;0;3584920;1486;1;0;0
FR;3;2021-09-23;37;257;11;0;261;7;0;0;0;4415424;3412905;3203;0;3585181;1493;1;0;0
FR;3;2021-09-24;29;315;12;0;313;18;0;0;0;4415453;3413220;3215;0;3585494;1511;1;0;0
FR;3;2021-09-25;31;144;3;0;150;3;0;0;0;4415484;3413364;3218;0;3585644;1514;1;0;0
FR;3;2021-09-26;16;57;1;0;59;1;0;0;0;4415500;3413421;3219;0;3585703;1515;1;0;0
FR;3;2021-09-27;49;282;3;0;285;5;0;0;0;4415549;3413703;3222;0;3585988;1520;1;0;0
FR;3;2021-09-28;49;245;6;0;253;8;0;0;0;4415598;3413948;3228;0;3586241;1528;1;0;0
FR;3;2021-09-29;40;218;10;0;222;15;0;0;0;4415638;3414166;3238;0;3586463;1543;1;0;0
FR;3;2021-09-30;40;200;8;0;204;11;0;0;0;4415678;3414366;3246;0;3586667;1554;1;0;0
FR;3;2021-10-01;23;159;6;0;161;8;0;0;0;4415701;3414525;3252;0;3586828;1562;1;0;0
FR;3;2021-10-02;17;88;0;0;89;0;0;0;0;4415718;3414613;3252;0;3586917;1562;1;0;0
FR;3;2021-10-03;19;19;1;0;19;2;0;0;0;4415737;3414632;3253;0;3586936;1564;1;0;0
FR;3;2021-10-04;33;157;4;0;162;4;0;0;0;4415770;3414789;3257;0;3587098;1568;1;0;0
FR;3;2021-10-05;17;148;10;0;153;12;0;0;0;4415787;3414937;3267;0;3587251;1580;1;0;0
FR;3;2021-10-06;34;145;9;0;153;10;0;0;0;4415821;3415082;3276;0;3587404;1590;1;0;0
FR;3;2021-10-07;20;132;6;0;130;6;0;0;0;4415841;3415214;3282;0;3587534;1596;1;0;0
FR;3;2021-10-08;25;136;10;0;141;9;0;0;0;4415866;3415350;3292;0;3587675;1605;1;0;0
FR;3;2021-10-09;17;72;1;0;73;1;0;0;0;4415883;3415422;3293;0;3587748;1606;1;0;0
FR;3;2021-10-10;13;17;2;0;16;3;0;0;0;4415896;3415439;3295;0;3587764;1609;1;0;0
FR;3;2021-10-11;17;117;4;0;122;5;0;0;0;4415913;3415556;3299;0;3587886;1614;1;0;0
FR;3;2021-10-12;22;99;6;0;99;6;0;0;0;4415935;3415655;3305;0;3587985;1620;1;0;0
FR;3;2021-10-13;25;114;9;0;121;7;0;0;0;4415960;3415769;3314;0;3588106;1627;1;0;0
FR;3;2021-10-14;19;138;3;0;139;4;0;0;0;4415979;3415907;3317;0;3588245;1631;1;0;0
FR;3;2021-10-15;24;139;8;0;138;13;0;0;0;4416003;3416046;3325;0;3588383;1644;1;0;0
FR;3;2021-10-16;13;66;6;0;65;8;0;0;0;4416016;3416112;3331;0;3588448;1652;1;0;0
FR;3;2021-10-17;13;24;0;0;26;0;0;0;0;4416029;3416136;3331;0;3588474;1652;1;0;0
FR;3;2021-10-18;18;112;2;0;117;2;0;0;0;4416047;3416248;3333;0;3588591;1654;1;0;0
FR;3;2021-10-19;18;112;19;0;113;21;0;0;0;4416065;3416360;3352;0;3588704;1675;1;0;0
FR;3;2021-10-20;27;124;6;0;126;7;0;0;0;4416092;3416484;3358;0;3588830;1682;1;0;0
FR;3;2021-10-21;28;120;17;0;120;13;0;0;0;4416120;3416604;3375;0;3588950;1695;1;0;0
FR;3;2021-10-22;25;103;18;0;102;21;0;0;0;4416145;3416707;3393;0;3589052;1716;1;0;0
FR;3;2021-10-23;17;53;3;0;53;2;0;0;0;4416162;3416760;3396;0;3589105;1718;1;0;0
FR;3;2021-10-24;7;36;0;0;34;0;0;0;0;4416169;3416796;3396;0;3589139;1718;1;0;0
FR;3;2021-10-25;27;141;7;0;145;7;0;0;0;4416196;3416937;3403;0;3589284;1725;1;0;0
FR;3;2021-10-26;25;96;22;0;93;19;0;0;0;4416221;3417033;3425;0;3589377;1744;1;0;0
FR;3;2021-10-27;19;91;9;0;93;9;0;0;0;4416240;3417124;3434;0;3589470;1753;1;0;0
FR;3;2021-10-28;23;114;33;0;111;36;0;0;0;4416263;3417238;3467;0;3589581;1789;1;0;0
FR;3;2021-10-29;12;98;64;0;92;54;0;0;0;4416275;3417336;3531;0;3589673;1843;1;0;0
FR;3;2021-10-30;11;62;11;1;62;10;0;0;0;4416286;3417398;3542;1;3589735;1853;1;0;0
FR;3;2021-10-31;8;25;1;0;25;1;0;0;0;4416294;3417423;3543;1;3589760;1854;1;0;0
FR;3;2021-11-01;11;22;2;0;23;1;0;0;0;4416305;3417445;3545;1;3589783;1855;1;0;0
FR;3;2021-11-02;11;100;10;0;100;12;0;0;0;4416316;3417545;3555;1;3589883;1867;1;0;0
FR;3;2021-11-03;22;105;10;0;113;10;0;0;0;4416338;3417650;3565;1;3589996;1877;1;0;0
FR;3;2021-11-04;20;88;6;0;93;5;0;0;0;4416358;3417738;3571;1;3590089;1882;1;0;0
FR;3;2021-11-05;19;119;9;1;125;6;1;0;0;4416377;3417857;3580;2;3590214;1888;2;0;0
FR;3;2021-11-06;11;54;3;0;56;3;0;0;0;4416388;3417911;3583;2;3590270;1891;2;0;0
FR;3;2021-11-07;6;23;1;0;24;1;0;0;0;4416394;3417934;3584;2;3590294;1892;2;0;0
FR;3;2021-11-08;12;124;7;0;129;5;0;0;0;4416406;3418058;3591;2;3590423;1897;2;0;0
FR;3;2021-11-09;15;123;6;0;125;6;0;0;0;4416421;3418181;3597;2;3590548;1903;2;0;0
FR;3;2021-11-10;15;130;15;0;128;16;0;0;0;4416436;3418311;3612;2;3590676;1919;2;0;0
FR;3;2021-11-11;12;49;3;0;51;3;0;0;0;4416448;3418360;3615;2;3590727;1922;2;0;0
FR;3;2021-11-12;15;126;6;0;128;5;0;0;0;4416463;3418486;3621;2;3590855;1927;2;0;0
FR;3;2021-11-13;7;66;9;0;61;10;0;0;0;4416470;3418552;3630;2;3590916;1937;2;0;0
FR;3;2021-11-14;3;24;1;0;24;1;0;0;0;4416473;3418576;3631;2;3590940;1938;2;0;0
FR;3;2021-11-15;7;161;11;0;158;12;0;0;0;4416480;3418737;3642;2;3591098;1950;2;0;0
FR;3;2021-11-16;9;125;11;0;120;10;0;0;0;4416489;3418862;3653;2;3591218;1960;2;0;0
FR;3;2021-11-17;8;134;11;0;135;8;0;0;0;4416497;3418996;3664;2;3591353;1968;2;0;0
FR;3;2021-11-18;16;131;10;0;132;11;0;0;0;4416513;3419127;3674;2;3591485;1979;2;0;0
FR;3;2021-11-19;12;178;23;0;173;28;0;0;0;4416525;3419305;3697;2;3591658;2007;2;0;0
FR;3;2021-11-20;6;101;6;0;102;6;0;0;0;4416531;3419406;3703;2;3591760;2013;2;0;0
FR;3;2021-11-21;3;24;4;0;23;4;0;0;0;4416534;3419430;3707;2;3591783;2017;2;0;0
FR;3;2021-11-22;11;185;11;0;185;11;0;0;0;4416545;3419615;3718;2;3591968;2028;2;0;0
FR;3;2021-11-23;10;180;16;0;178;15;0;0;0;4416555;3419795;3734;2;3592146;2043;2;0;0
FR;3;2021-11-24;11;180;9;0;172;17;0;0;0;4416566;3419975;3743;2;3592318;2060;2;0;0
FR;3;2021-11-25;12;197;11;0;196;11;0;0;0;4416578;3420172;3754;2;3592514;2071;2;0;0
FR;3;2021-11-26;10;251;35;0;250;33;1;0;0;4416588;3420423;3789;2;3592764;2104;3;0;0
FR;3;2021-11-27;8;123;20;0;123;21;0;0;0;4416596;3420546;3809;2;3592887;2125;3;0;0
FR;3;2021-11-28;3;56;7;0;57;7;0;0;0;4416599;3420602;3816;2;3592944;2132;3;0;0
FR;3;2021-11-29;5;214;22;0;209;23;1;0;0;4416604;3420816;3838;2;3593153;2155;4;0;0
FR;3;2021-11-30;9;281;31;0;280;33;1;0;0;4416613;3421097;3869;2;3593433;2188;5;0;0
FR;3;2021-12-01;30;315;39;0;313;41;2;0;0;4416643;3421412;3908;2;3593746;2229;7;0;0
FR;3;2021-12-02;9;337;33;0;333;36;0;0;0;4416652;3421749;3941;2;3594079;2265;7;0;0
FR;3;2021-12-03;6;364;37;0;360;38;0;0;0;4416658;3422113;3978;2;3594439;2303;7;0;0
FR;3;2021-12-04;3;201;26;0;197;28;0;0;0;4416661;3422314;4004;2;3594636;2331;7;0;0
FR;3;2021-12-05;1;61;5;0;61;5;0;0;0;4416662;3422375;4009;2;3594697;2336;7;0;0
FR;3;2021-12-06;7;347;14;0;346;15;0;0;0;4416669;3422722;4023;2;3595043;2351;7;0;0
FR;3;2021-12-07;6;410;20;0;404;24;1;0;0;4416675;3423132;4043;2;3595447;2375;8;0;0
FR;3;2021-12-08;8;375;29;0;367;30;1;0;0;4416683;3423507;4072;2;3595814;2405;9;0;0
FR;3;2021-12-09;3;423;17;0;410;22;1;0;0;4416686;3423930;4089;2;3596224;2427;10;0;0
FR;3;2021-12-10;10;443;29;0;440;25;0;0;0;4416696;3424373;4118;2;3596664;2452;10;0;0
FR;3;2021-12-11;4;299;10;0;296;9;2;0;0;4416700;3424672;4128;2;3596960;2461;12;0;0
FR;3;2021-12-12;1;96;3;0;96;3;0;0;0;4416701;3424768;4131;2;3597056;2464;12;0;0
FR;3;2021-12-13;2;432;19;0;426;21;0;0;0;4416703;3425200;4150;2;3597482;2485;12;0;0
FR;3;2021-12-14;8;550;18;0;538;21;1;0;0;4416711;3425750;4168;2;3598020;2506;13;0;0
FR;3;2021-12-15;10;521;17;0;508;21;0;0;0;4416721;3426271;4185;2;3598528;2527;13;0;0
FR;3;2021-12-16;10;526;19;0;520;18;3;0;0;4416731;3426797;4204;2;3599048;2545;16;0;0
FR;3;2021-12-17;5;592;18;0;588;19;0;0;0;4416736;3427389;4222;2;3599636;2564;16;0;0
FR;3;2021-12-18;5;343;4;0;337;5;1;0;0;4416741;3427732;4226;2;3599973;2569;17;0;0
FR;3;2021-12-19;3;176;2;0;174;2;0;0;0;4416744;3427908;4228;2;3600147;2571;17;0;0
FR;3;2021-12-20;10;566;23;0;560;28;0;0;0;4416754;3428474;4251;2;3600707;2599;17;0;0
FR;3;2021-12-21;5;660;10;0;652;13;2;0;0;4416759;3429134;4261;2;3601359;2612;19;0;0
FR;3;2021-12-22;10;612;9;0;606;10;1;0;0;4416769;3429746;4270;2;3601965;2622;20;0;0
FR;3;2021-12-23;4;535;8;0;533;8;0;0;0;4416773;3430281;4278;2;3602498;2630;20;0;0
FR;3;2021-12-24;2;233;3;0;228;6;0;0;0;4416775;3430514;4281;2;3602726;2636;20;0;0
FR;3;2021-12-25;0;24;0;0;24;0;0;0;0;4416775;3430538;4281;2;3602750;2636;20;0;0
FR;3;2021-12-26;0;87;1;0;87;1;0;0;0;4416775;3430625;4282;2;3602837;2637;20;0;0
FR;3;2021-12-27;7;456;17;0;453;20;1;0;0;4416782;3431081;4299;2;3603290;2657;21;0;0
FR;3;2021-12-28;3;570;6;0;569;5;0;0;0;4416785;3431651;4305;2;3603859;2662;21;0;0
FR;3;2021-12-29;5;487;14;0;482;16;0;0;0;4416790;3432138;4319;2;3604341;2678;21;0;0
FR;3;2021-12-30;3;517;7;0;510;10;2;0;0;4416793;3432655;4326;2;3604851;2688;23;0;0
FR;3;2021-12-31;0;182;5;0;178;7;0;0;0;4416793;3432837;4331;2;3605029;2695;23;0;0
FR;3;2022-01-01;0;26;0;0;24;2;0;0;0;4416793;3432863;4331;2;3605053;2697;23;0;0
FR;3;2022-01-02;0;76;0;0;76;0;0;0;0;4416793;3432939;4331;2;3605129;2697;23;0;0
FR;3;2022-01-03;5;489;17;0;479;21;3;0;0;4416798;3433428;4348;2;3605608;2718;26;0;0
FR;3;2022-01-04;7;533;9;0;532;8;0;0;0;4416805;3433961;4357;2;3606140;2726;26;0;0
FR;3;2022-01-05;5;487;10;0;479;14;1;0;0;4416810;3434448;4367;2;3606619;2740;27;0;0
FR;3;2022-01-06;6;464;9;0;459;10;1;0;0;4416816;3434912;4376;2;3607078;2750;28;0;0
FR;3;2022-01-07;2;489;11;0;483;13;1;0;1;4416818;3435401;4387;2;3607561;2763;29;0;1
FR;3;2022-01-08;6;251;4;0;248;5;0;0;0;4416824;3435652;4391;2;3607809;2768;29;0;1
FR;3;2022-01-09;0;116;0;0;116;0;0;0;0;4416824;3435768;4391;2;3607925;2768;29;0;1
FR;3;2022-01-10;2;421;12;0;419;12;0;0;0;4416826;3436189;4403;2;3608344;2780;29;0;1
FR;3;2022-01-11;3;456;1;0;455;1;0;0;0;4416829;3436645;4404;2;3608799;2781;29;0;1
FR;3;2022-01-12;4;393;9;0;390;10;2;0;0;4416833;3437038;4413;2;3609189;2791;31;0;1
FR;3;2022-01-13;3;382;11;0;380;12;1;0;0;4416836;3437420;4424;2;3609569;2803;32;0;1
FR;3;2022-01-14;4;419;10;0;413;13;1;0;0;4416840;3437839;4434;2;3609982;2816;33;0;1
FR;3;2022-01-15;0;275;2;0;271;3;0;0;0;4416840;3438114;4436;2;3610253;2819;33;0;1
FR;3;2022-01-16;1;108;1;0;106;1;1;0;0;4416841;3438222;4437;2;3610359;2820;34;0;1
FR;3;2022-01-17;2;318;8;0;315;9;1;0;0;4416843;3438540;4445;2;3610674;2829;35;0;1
FR;3;2022-01-18;2;358;1;0;354;2;1;0;0;4416845;3438898;4446;2;3611028;2831;36;0;1
FR;3;2022-01-19;2;322;5;0;316;10;0;0;0;4416847;3439220;4451;2;3611344;2841;36;0;1
FR;3;2022-01-20;1;351;5;0;350;3;2;0;0;4416848;3439571;4456;2;3611694;2844;38;0;1
FR;3;2022-01-21;4;337;5;0;331;7;2;0;0;4416852;3439908;4461;2;3612025;2851;40;0;1
FR;3;2022-01-22;2;218;1;0;214;2;3;0;0;4416854;3440126;4462;2;3612239;2853;43;0;1
FR;3;2022-01-23;0;77;0;0;75;1;1;0;0;4416854;3440203;4462;2;3612314;2854;44;0;1
FR;3;2022-01-24;3;316;1;0;308;6;2;0;0;4416857;3440519;4463;2;3612622;2860;46;0;1
FR;3;2022-01-25;0;171;0;0;168;0;1;0;0;4416857;3440690;4463;2;3612790;2860;47;0;1
FR;3;2022-01-26;0;77;0;0;77;0;0;0;0;4416857;3440767;4463;2;3612867;2860;47;0;1
FR;3;2022-01-27;0;52;0;0;52;0;0;0;0;4416857;3440819;4463;2;3612919;2860;47;0;1
FR;3;2022-01-28;0;115;0;0;114;0;0;0;0;4416857;3440934;4463;2;3613033;2860;47;0;1
FR;3;2022-01-29;0;97;0;0;97;0;0;0;0;4416857;3441031;4463;2;3613130;2860;47;0;1
FR;3;2022-01-30;0;50;0;0;50;0;0;0;0;4416857;3441081;4463;2;3613180;2860;47;0;1
FR;3;2022-01-31;0;91;0;0;91;0;0;0;0;4416857;3441172;4463;2;3613271;2860;47;0;1
FR;3;2022-02-01;0;98;0;0;96;1;0;0;0;4416857;3441270;4463;2;3613367;2861;47;0;1
FR;3;2022-02-02;0;85;0;0;83;0;0;0;0;4416857;3441355;4463;2;3613450;2861;47;0;1
FR;3;2022-02-03;0;91;0;0;89;0;0;0;0;4416857;3441446;4463;2;3613539;2861;47;0;1
FR;3;2022-02-04;0;113;0;0;110;0;1;0;0;4416857;3441559;4463;2;3613649;2861;48;0;1
FR;3;2022-02-05;0;68;0;0;68;0;0;0;0;4416857;3441627;4463;2;3613717;2861;48;0;1
FR;3;2022-02-06;0;10;0;0;10;0;0;0;0;4416857;3441637;4463;2;3613727;2861;48;0;1
FR;3;2022-02-07;0;75;0;0;75;0;0;0;0;4416857;3441712;4463;2;3613802;2861;48;0;1
FR;3;2022-02-08;0;0;0;0;0;0;0;0;0;4416857;3441712;4463;2;3613802;2861;48;0;1
FR;3;2022-02-09;0;0;0;0;0;0;0;0;0;4416857;3441712;4463;2;3613802;2861;48;0;1
FR;3;2022-02-10;0;0;0;0;0;0;0;0;0;4416857;3441712;4463;2;3613802;2861;48;0;1
FR;3;2022-02-11;0;0;0;0;0;0;0;0;0;4416857;3441712;4463;2;3613802;2861;48;0;1
FR;3;2022-02-12;0;0;0;0;0;0;0;0;0;4416857;3441712;4463;2;3613802;2861;48;0;1
FR;3;2022-02-13;0;0;0;0;0;0;0;0;0;4416857;3441712;4463;2;3613802;2861;48;0;1
FR;3;2022-02-14;0;0;0;0;0;0;0;0;0;4416857;3441712;4463;2;3613802;2861;48;0;1
FR;3;2022-02-15;0;0;0;0;0;0;0;0;0;4416857;3441712;4463;2;3613802;2861;48;0;1
FR;3;2022-02-16;0;0;0;0;0;0;0;0;0;4416857;3441712;4463;2;3613802;2861;48;0;1
FR;3;2022-02-17;0;0;0;0;0;0;0;0;0;4416857;3441712;4463;2;3613802;2861;48;0;1
FR;3;2022-02-18;0;0;0;0;0;0;0;0;0;4416857;3441712;4463;2;3613802;2861;48;0;1
FR;3;2022-02-19;0;0;0;0;0;0;0;0;0;4416857;3441712;4463;2;3613802;2861;48;0;1
FR;3;2022-02-20;0;0;0;0;0;0;0;0;0;4416857;3441712;4463;2;3613802;2861;48;0;1
FR;3;2022-02-21;2;0;0;0;0;0;0;0;0;4416859;3441712;4463;2;3613802;2861;48;0;1
FR;3;2022-02-22;0;0;0;0;0;0;0;0;0;4416859;3441712;4463;2;3613802;2861;48;0;1
FR;3;2022-02-23;0;0;0;0;0;0;0;0;0;4416859;3441712;4463;2;3613802;2861;48;0;1
FR;3;2022-02-24;0;0;0;0;0;0;0;0;0;4416859;3441712;4463;2;3613802;2861;48;0;1
FR;3;2022-02-25;0;0;0;0;0;0;0;0;0;4416859;3441712;4463;2;3613802;2861;48;0;1
FR;3;2022-02-26;0;0;0;0;0;0;0;0;0;4416859;3441712;4463;2;3613802;2861;48;0;1
FR;3;2022-02-27;0;0;0;0;0;0;0;0;0;4416859;3441712;4463;2;3613802;2861;48;0;1
FR;3;2022-02-28;1;0;0;0;0;0;0;0;0;4416860;3441712;4463;2;3613802;2861;48;0;1
FR;3;2022-03-01;1;0;0;0;0;0;0;0;0;4416861;3441712;4463;2;3613802;2861;48;0;1
FR;3;2022-03-02;0;0;0;0;0;0;0;0;0;4416861;3441712;4463;2;3613802;2861;48;0;1
FR;3;2022-03-03;0;0;0;0;0;0;0;0;0;4416861;3441712;4463;2;3613802;2861;48;0;1
FR;3;2022-03-04;0;0;0;0;0;0;0;0;0;4416861;3441712;4463;2;3613802;2861;48;0;1
FR;3;2022-03-05;0;0;0;0;0;0;0;0;0;4416861;3441712;4463;2;3613802;2861;48;0;1
FR;3;2022-03-06;1;0;0;0;0;0;0;0;0;4416862;3441712;4463;2;3613802;2861;48;0;1
FR;3;2022-03-07;0;0;0;0;0;0;0;0;0;4416862;3441712;4463;2;3613802;2861;48;0;1
FR;3;2022-03-08;1;0;0;0;0;0;0;0;0;4416863;3441712;4463;2;3613802;2861;48;0;1
FR;3;2022-03-09;0;0;0;0;0;0;0;0;0;4416863;3441712;4463;2;3613802;2861;48;0;1
FR;3;2022-03-10;0;0;0;0;0;0;0;0;0;4416863;3441712;4463;2;3613802;2861;48;0;1
FR;3;2022-03-11;0;0;0;0;0;0;0;0;0;4416863;3441712;4463;2;3613802;2861;48;0;1
FR;3;2022-03-12;0;0;0;0;0;0;0;0;0;4416863;3441712;4463;2;3613802;2861;48;0;1
FR;3;2022-03-13;0;0;0;0;0;0;0;0;0;4416863;3441712;4463;2;3613802;2861;48;0;1
FR;3;2022-03-14;0;0;0;0;0;0;0;0;0;4416863;3441712;4463;2;3613802;2861;48;0;1
FR;3;2022-03-15;0;0;0;0;0;0;0;0;0;4416863;3441712;4463;2;3613802;2861;48;0;1
FR;3;2022-03-16;0;0;0;0;0;0;0;0;0;4416863;3441712;4463;2;3613802;2861;48;0;1
FR;3;2022-03-17;0;0;0;0;0;0;0;0;0;4416863;3441712;4463;2;3613802;2861;48;0;1
FR;3;2022-03-18;0;0;0;0;0;0;0;0;0;4416863;3441712;4463;2;3613802;2861;48;0;1
FR;3;2022-03-19;0;0;0;0;0;0;0;0;0;4416863;3441712;4463;2;3613802;2861;48;0;1
FR;3;2022-03-20;1;0;0;0;0;0;0;0;0;4416864;3441712;4463;2;3613802;2861;48;0;1
FR;3;2022-03-21;0;0;0;0;0;0;0;0;0;4416864;3441712;4463;2;3613802;2861;48;0;1
FR;3;2022-03-22;0;0;0;0;0;0;0;0;0;4416864;3441712;4463;2;3613802;2861;48;0;1
FR;3;2022-03-23;1;0;0;0;0;0;0;0;0;4416865;3441712;4463;2;3613802;2861;48;0;1
FR;3;2022-03-24;0;0;0;0;0;0;0;0;0;4416865;3441712;4463;2;3613802;2861;48;0;1
FR;3;2022-03-25;1;0;0;0;0;0;0;0;0;4416866;3441712;4463;2;3613802;2861;48;0;1
FR;3;2022-03-26;0;0;0;0;0;0;0;0;0;4416866;3441712;4463;2;3613802;2861;48;0;1
FR;3;2022-03-27;0;0;0;0;0;0;0;0;0;4416866;3441712;4463;2;3613802;2861;48;0;1
FR;3;2022-03-28;0;0;0;0;0;0;0;0;0;4416866;3441712;4463;2;3613802;2861;48;0;1
FR;3;2022-03-29;0;0;0;0;0;0;0;0;0;4416866;3441712;4463;2;3613802;2861;48;0;1
FR;3;2022-03-30;0;0;0;0;0;0;0;0;0;4416866;3441712;4463;2;3613802;2861;48;0;1
FR;3;2022-03-31;0;0;0;0;0;0;0;0;0;4416866;3441712;4463;2;3613802;2861;48;0;1
FR;3;2022-04-01;0;0;0;0;0;0;0;0;0;4416866;3441712;4463;2;3613802;2861;48;0;1
FR;3;2022-04-02;0;0;0;0;0;0;0;0;0;4416866;3441712;4463;2;3613802;2861;48;0;1
FR;3;2022-04-03;0;0;0;0;0;0;0;0;0;4416866;3441712;4463;2;3613802;2861;48;0;1
FR;3;2022-04-04;0;0;0;0;0;0;0;0;0;4416866;3441712;4463;2;3613802;2861;48;0;1
FR;3;2022-04-05;0;0;0;0;0;0;0;0;0;4416866;3441712;4463;2;3613802;2861;48;0;1
FR;3;2022-04-06;0;0;0;0;0;0;0;0;0;4416866;3441712;4463;2;3613802;2861;48;0;1
FR;3;2022-04-07;0;0;0;0;0;0;0;0;0;4416866;3441712;4463;2;3613802;2861;48;0;1
FR;3;2022-04-08;0;0;0;0;0;0;0;0;0;4416866;3441712;4463;2;3613802;2861;48;0;1
FR;3;2022-04-09;0;0;0;0;0;0;0;0;0;4416866;3441712;4463;2;3613802;2861;48;0;1
FR;3;2022-04-10;0;0;0;0;0;0;0;0;0;4416866;3441712;4463;2;3613802;2861;48;0;1
FR;3;2022-04-11;0;0;0;0;0;0;0;0;0;4416866;3441712;4463;2;3613802;2861;48;0;1
FR;3;2022-04-12;0;0;0;0;0;0;0;0;0;4416866;3441712;4463;2;3613802;2861;48;0;1
FR;3;2022-04-13;0;0;0;0;0;0;0;0;0;4416866;3441712;4463;2;3613802;2861;48;0;1
FR;3;2022-04-14;0;0;0;0;0;0;0;0;0;4416866;3441712;4463;2;3613802;2861;48;0;1
FR;3;2022-04-15;1;0;0;0;0;0;0;0;0;4416867;3441712;4463;2;3613802;2861;48;0;1
FR;3;2022-04-16;0;0;0;0;0;0;0;0;0;4416867;3441712;4463;2;3613802;2861;48;0;1
FR;3;2022-04-17;0;0;0;0;0;0;0;0;0;4416867;3441712;4463;2;3613802;2861;48;0;1
FR;3;2022-04-18;0;0;0;0;0;0;0;0;0;4416867;3441712;4463;2;3613802;2861;48;0;1
FR;3;2022-04-19;0;0;0;0;0;0;0;0;0;4416867;3441712;4463;2;3613802;2861;48;0;1
FR;3;2022-04-20;0;0;0;0;0;0;0;0;0;4416867;3441712;4463;2;3613802;2861;48;0;1
FR;3;2022-04-21;0;0;0;0;0;0;0;0;0;4416867;3441712;4463;2;3613802;2861;48;0;1
FR;3;2022-04-22;0;0;0;0;0;0;0;0;0;4416867;3441712;4463;2;3613802;2861;48;0;1
FR;3;2022-04-23;0;0;0;0;0;0;0;0;0;4416867;3441712;4463;2;3613802;2861;48;0;1
FR;3;2022-04-24;0;0;0;0;0;0;0;0;0;4416867;3441712;4463;2;3613802;2861;48;0;1
FR;3;2022-04-25;0;0;0;0;0;0;0;0;0;4416867;3441712;4463;2;3613802;2861;48;0;1
FR;3;2022-04-26;0;0;0;0;0;0;0;0;0;4416867;3441712;4463;2;3613802;2861;48;0;1
FR;3;2022-04-27;0;0;0;0;0;0;0;0;0;4416867;3441712;4463;2;3613802;2861;48;0;1
FR;3;2022-04-28;0;0;0;0;0;0;0;0;0;4416867;3441712;4463;2;3613802;2861;48;0;1
FR;3;2022-04-29;0;0;0;0;0;0;0;0;0;4416867;3441712;4463;2;3613802;2861;48;0;1
FR;3;2022-04-30;0;0;0;0;0;0;0;0;0;4416867;3441712;4463;2;3613802;2861;48;0;1
FR;3;2022-05-01;0;0;0;0;0;0;0;0;0;4416867;3441712;4463;2;3613802;2861;48;0;1
FR;3;2022-05-02;0;0;0;0;0;0;0;0;0;4416867;3441712;4463;2;3613802;2861;48;0;1
FR;3;2022-05-03;0;0;0;0;0;0;0;0;0;4416867;3441712;4463;2;3613802;2861;48;0;1
FR;3;2022-05-04;0;0;0;0;0;0;0;0;0;4416867;3441712;4463;2;3613802;2861;48;0;1
FR;3;2022-05-05;0;0;0;0;0;0;0;0;0;4416867;3441712;4463;2;3613802;2861;48;0;1
FR;3;2022-05-06;0;0;0;0;0;0;0;0;0;4416867;3441712;4463;2;3613802;2861;48;0;1
FR;3;2022-05-07;0;0;0;0;0;0;0;0;0;4416867;3441712;4463;2;3613802;2861;48;0;1
FR;3;2022-05-08;0;0;0;0;0;0;0;0;0;4416867;3441712;4463;2;3613802;2861;48;0;1
FR;3;2022-05-09;0;0;0;0;0;0;0;0;0;4416867;3441712;4463;2;3613802;2861;48;0;1
FR;3;2022-05-10;0;0;0;0;0;0;0;0;0;4416867;3441712;4463;2;3613802;2861;48;0;1
FR;3;2022-05-11;0;0;0;0;0;0;0;0;0;4416867;3441712;4463;2;3613802;2861;48;0;1
FR;3;2022-05-12;0;0;0;0;0;0;0;0;0;4416867;3441712;4463;2;3613802;2861;48;0;1
FR;3;2022-05-13;0;0;0;0;0;0;0;0;0;4416867;3441712;4463;2;3613802;2861;48;0;1
FR;3;2022-05-14;1;0;0;0;0;0;0;0;0;4416868;3441712;4463;2;3613802;2861;48;0;1
FR;3;2022-05-15;0;0;0;0;0;0;0;0;0;4416868;3441712;4463;2;3613802;2861;48;0;1
FR;3;2022-05-16;0;0;0;0;0;0;0;0;0;4416868;3441712;4463;2;3613802;2861;48;0;1
FR;3;2022-05-17;0;0;0;0;0;0;0;0;0;4416868;3441712;4463;2;3613802;2861;48;0;1
FR;3;2022-05-18;0;0;0;0;0;0;0;0;0;4416868;3441712;4463;2;3613802;2861;48;0;1
FR;3;2022-05-19;0;0;0;0;0;0;0;0;0;4416868;3441712;4463;2;3613802;2861;48;0;1
FR;3;2022-05-20;0;0;0;0;0;0;0;0;0;4416868;3441712;4463;2;3613802;2861;48;0;1
FR;3;2022-05-21;0;0;0;0;0;0;0;0;0;4416868;3441712;4463;2;3613802;2861;48;0;1
FR;3;2022-05-22;0;0;0;0;0;0;0;0;0;4416868;3441712;4463;2;3613802;2861;48;0;1
FR;3;2022-05-23;0;0;0;0;0;0;0;0;0;4416868;3441712;4463;2;3613802;2861;48;0;1
FR;3;2022-05-24;0;0;0;0;0;0;0;0;0;4416868;3441712;4463;2;3613802;2861;48;0;1
FR;3;2022-05-25;0;0;0;0;0;0;0;0;0;4416868;3441712;4463;2;3613802;2861;48;0;1
FR;3;2022-05-26;0;0;0;0;0;0;0;0;0;4416868;3441712;4463;2;3613802;2861;48;0;1
FR;3;2022-05-27;0;0;0;0;0;0;0;0;0;4416868;3441712;4463;2;3613802;2861;48;0;1
FR;3;2022-05-28;0;0;0;0;0;0;0;0;0;4416868;3441712;4463;2;3613802;2861;48;0;1
FR;3;2022-05-29;0;0;0;0;0;0;0;0;0;4416868;3441712;4463;2;3613802;2861;48;0;1
FR;3;2022-05-30;0;0;0;0;0;0;0;0;0;4416868;3441712;4463;2;3613802;2861;48;0;1
FR;3;2022-05-31;0;0;0;0;0;0;0;0;0;4416868;3441712;4463;2;3613802;2861;48;0;1
FR;3;2022-06-01;0;0;0;0;0;0;0;0;0;4416868;3441712;4463;2;3613802;2861;48;0;1
FR;3;2022-06-02;0;0;0;0;0;0;0;0;0;4416868;3441712;4463;2;3613802;2861;48;0;1
FR;3;2022-06-03;0;0;0;0;0;0;0;0;0;4416868;3441712;4463;2;3613802;2861;48;0;1
FR;3;2022-06-04;0;0;0;0;0;0;0;0;0;4416868;3441712;4463;2;3613802;2861;48;0;1
FR;3;2022-06-05;0;0;0;0;0;0;0;0;0;4416868;3441712;4463;2;3613802;2861;48;0;1
FR;3;2022-06-06;0;0;0;0;0;0;0;0;0;4416868;3441712;4463;2;3613802;2861;48;0;1
FR;3;2022-06-07;0;0;0;0;0;0;0;0;0;4416868;3441712;4463;2;3613802;2861;48;0;1
FR;3;2022-06-08;0;0;0;0;0;0;0;0;0;4416868;3441712;4463;2;3613802;2861;48;0;1
FR;3;2022-06-09;0;0;0;0;0;0;0;0;0;4416868;3441712;4463;2;3613802;2861;48;0;1
FR;3;2022-06-10;0;0;0;0;0;0;0;0;0;4416868;3441712;4463;2;3613802;2861;48;0;1
FR;3;2022-06-11;0;0;0;0;0;0;0;0;0;4416868;3441712;4463;2;3613802;2861;48;0;1
FR;3;2022-06-12;0;0;0;0;0;0;0;0;0;4416868;3441712;4463;2;3613802;2861;48;0;1
FR;3;2022-06-13;1;0;0;0;0;0;0;0;0;4416869;3441712;4463;2;3613802;2861;48;0;1
FR;3;2022-06-14;0;0;0;0;0;0;0;0;0;4416869;3441712;4463;2;3613802;2861;48;0;1
FR;3;2022-06-15;0;0;0;0;0;0;0;0;0;4416869;3441712;4463;2;3613802;2861;48;0;1
FR;3;2022-06-16;0;0;0;0;0;0;0;0;0;4416869;3441712;4463;2;3613802;2861;48;0;1
FR;3;2022-06-17;0;0;0;0;0;0;0;0;0;4416869;3441712;4463;2;3613802;2861;48;0;1
FR;3;2022-06-18;0;0;0;0;0;0;0;0;0;4416869;3441712;4463;2;3613802;2861;48;0;1
FR;3;2022-06-19;0;0;0;0;0;0;0;0;0;4416869;3441712;4463;2;3613802;2861;48;0;1
FR;3;2022-06-20;0;0;0;0;0;0;0;0;0;4416869;3441712;4463;2;3613802;2861;48;0;1
FR;3;2022-06-21;0;0;0;0;0;0;0;0;0;4416869;3441712;4463;2;3613802;2861;48;0;1
FR;3;2022-06-22;0;0;0;0;0;0;0;0;0;4416869;3441712;4463;2;3613802;2861;48;0;1
FR;3;2022-06-23;0;0;0;0;0;0;0;0;0;4416869;3441712;4463;2;3613802;2861;48;0;1
FR;3;2022-06-24;0;0;0;0;0;0;0;0;0;4416869;3441712;4463;2;3613802;2861;48;0;1
FR;3;2022-06-25;0;0;0;0;0;0;0;0;0;4416869;3441712;4463;2;3613802;2861;48;0;1
FR;3;2022-06-26;0;0;0;0;0;0;0;0;0;4416869;3441712;4463;2;3613802;2861;48;0;1
FR;3;2022-06-27;0;0;0;0;0;0;0;0;0;4416869;3441712;4463;2;3613802;2861;48;0;1
FR;3;2022-06-28;0;0;0;0;0;0;0;0;0;4416869;3441712;4463;2;3613802;2861;48;0;1
FR;3;2022-06-29;1;0;0;0;0;0;0;0;0;4416870;3441712;4463;2;3613802;2861;48;0;1
FR;3;2022-06-30;0;0;0;0;0;0;0;0;0;4416870;3441712;4463;2;3613802;2861;48;0;1
FR;3;2022-07-01;0;0;0;0;0;0;0;0;0;4416870;3441712;4463;2;3613802;2861;48;0;1
FR;3;2022-07-02;0;0;0;0;0;0;0;0;0;4416870;3441712;4463;2;3613802;2861;48;0;1
FR;3;2022-07-03;0;0;0;0;0;0;0;0;0;4416870;3441712;4463;2;3613802;2861;48;0;1
FR;3;2022-07-04;0;0;0;0;0;0;0;0;0;4416870;3441712;4463;2;3613802;2861;48;0;1
FR;3;2022-07-05;0;0;0;0;0;0;0;0;0;4416870;3441712;4463;2;3613802;2861;48;0;1
FR;3;2022-07-06;0;0;0;0;0;0;0;0;0;4416870;3441712;4463;2;3613802;2861;48;0;1
FR;3;2022-07-07;0;0;0;0;0;0;0;0;0;4416870;3441712;4463;2;3613802;2861;48;0;1
FR;3;2022-07-08;0;0;0;0;0;0;0;0;0;4416870;3441712;4463;2;3613802;2861;48;0;1
FR;3;2022-07-09;0;0;0;0;0;0;0;0;0;4416870;3441712;4463;2;3613802;2861;48;0;1
FR;3;2022-07-10;0;0;0;0;0;0;0;0;0;4416870;3441712;4463;2;3613802;2861;48;0;1
FR;3;2022-07-11;0;0;0;0;0;0;0;0;0;4416870;3441712;4463;2;3613802;2861;48;0;1
FR;3;2022-07-12;0;0;0;0;0;0;0;0;0;4416870;3441712;4463;2;3613802;2861;48;0;1
FR;3;2022-07-13;0;0;0;0;0;0;0;0;0;4416870;3441712;4463;2;3613802;2861;48;0;1
FR;3;2022-07-14;0;0;0;0;0;0;0;0;0;4416870;3441712;4463;2;3613802;2861;48;0;1
FR;3;2022-07-15;0;0;0;0;0;0;0;0;0;4416870;3441712;4463;2;3613802;2861;48;0;1
FR;3;2022-07-16;0;0;0;0;0;0;0;0;0;4416870;3441712;4463;2;3613802;2861;48;0;1
FR;3;2022-07-17;0;0;0;0;0;0;0;0;0;4416870;3441712;4463;2;3613802;2861;48;0;1
FR;3;2022-07-18;0;0;0;0;0;0;0;0;0;4416870;3441712;4463;2;3613802;2861;48;0;1
FR;3;2022-07-19;0;0;0;0;0;0;0;0;0;4416870;3441712;4463;2;3613802;2861;48;0;1
FR;3;2022-07-20;0;0;0;0;0;0;0;0;0;4416870;3441712;4463;2;3613802;2861;48;0;1
FR;3;2022-07-21;0;0;0;0;0;0;0;0;0;4416870;3441712;4463;2;3613802;2861;48;0;1
FR;3;2022-07-22;0;0;0;0;0;0;0;0;0;4416870;3441712;4463;2;3613802;2861;48;0;1
FR;3;2022-07-23;0;0;0;0;0;0;0;0;0;4416870;3441712;4463;2;3613802;2861;48;0;1
FR;3;2022-07-24;0;0;0;0;0;0;0;0;0;4416870;3441712;4463;2;3613802;2861;48;0;1
FR;3;2022-07-25;0;0;0;0;0;0;0;0;0;4416870;3441712;4463;2;3613802;2861;48;0;1
FR;3;2022-07-26;0;0;0;0;0;0;0;0;0;4416870;3441712;4463;2;3613802;2861;48;0;1
FR;3;2022-07-27;0;0;0;0;0;0;0;0;0;4416870;3441712;4463;2;3613802;2861;48;0;1
FR;3;2022-07-28;0;0;0;0;0;0;0;0;0;4416870;3441712;4463;2;3613802;2861;48;0;1
FR;3;2022-07-29;0;0;0;0;0;0;0;0;0;4416870;3441712;4463;2;3613802;2861;48;0;1
FR;3;2022-07-30;0;0;0;0;0;0;0;0;0;4416870;3441712;4463;2;3613802;2861;48;0;1
FR;3;2022-07-31;0;0;0;0;0;0;0;0;0;4416870;3441712;4463;2;3613802;2861;48;0;1
FR;3;2022-08-01;0;0;0;0;0;0;0;0;0;4416870;3441712;4463;2;3613802;2861;48;0;1
FR;3;2022-08-02;0;0;0;0;0;0;0;0;0;4416870;3441712;4463;2;3613802;2861;48;0;1
FR;3;2022-08-03;0;0;0;0;0;0;0;0;0;4416870;3441712;4463;2;3613802;2861;48;0;1
FR;3;2022-08-04;0;0;0;0;0;0;0;0;0;4416870;3441712;4463;2;3613802;2861;48;0;1
FR;3;2022-08-05;0;0;0;0;0;0;0;0;0;4416870;3441712;4463;2;3613802;2861;48;0;1
FR;3;2022-08-06;0;0;0;0;0;0;0;0;0;4416870;3441712;4463;2;3613802;2861;48;0;1
FR;3;2022-08-07;0;0;0;0;0;0;0;0;0;4416870;3441712;4463;2;3613802;2861;48;0;1
FR;3;2022-08-08;0;0;0;0;0;0;0;0;0;4416870;3441712;4463;2;3613802;2861;48;0;1
FR;3;2022-08-09;0;0;0;0;0;0;0;0;0;4416870;3441712;4463;2;3613802;2861;48;0;1
FR;3;2022-08-10;0;0;0;0;0;0;0;0;0;4416870;3441712;4463;2;3613802;2861;48;0;1
FR;3;2022-08-11;0;0;0;0;0;0;0;0;0;4416870;3441712;4463;2;3613802;2861;48;0;1
FR;3;2022-08-12;0;0;0;0;0;0;0;0;0;4416870;3441712;4463;2;3613802;2861;48;0;1
FR;3;2022-08-13;0;0;0;0;0;0;0;0;0;4416870;3441712;4463;2;3613802;2861;48;0;1
FR;3;2022-08-14;0;0;0;0;0;0;0;0;0;4416870;3441712;4463;2;3613802;2861;48;0;1
FR;3;2022-08-15;0;0;0;0;0;0;0;0;0;4416870;3441712;4463;2;3613802;2861;48;0;1
FR;3;2022-08-16;0;0;0;0;0;0;0;0;0;4416870;3441712;4463;2;3613802;2861;48;0;1
FR;3;2022-08-17;0;0;0;0;0;0;0;0;0;4416870;3441712;4463;2;3613802;2861;48;0;1
FR;3;2022-08-18;0;0;0;0;0;0;0;0;0;4416870;3441712;4463;2;3613802;2861;48;0;1
FR;3;2022-08-19;0;0;0;0;0;0;0;0;0;4416870;3441712;4463;2;3613802;2861;48;0;1
FR;3;2022-08-20;0;0;0;0;0;0;0;0;0;4416870;3441712;4463;2;3613802;2861;48;0;1
FR;3;2022-08-21;0;0;0;0;0;0;0;0;0;4416870;3441712;4463;2;3613802;2861;48;0;1
FR;3;2022-08-22;0;0;0;0;0;0;0;0;0;4416870;3441712;4463;2;3613802;2861;48;0;1
FR;3;2022-08-23;0;0;0;0;0;0;0;0;0;4416870;3441712;4463;2;3613802;2861;48;0;1
FR;3;2022-08-24;0;0;0;0;0;0;0;0;0;4416870;3441712;4463;2;3613802;2861;48;0;1
FR;3;2022-08-25;0;0;0;0;0;0;0;0;0;4416870;3441712;4463;2;3613802;2861;48;0;1
FR;3;2022-08-26;0;0;0;0;0;0;0;0;0;4416870;3441712;4463;2;3613802;2861;48;0;1
FR;3;2022-08-27;0;0;0;0;0;0;0;0;0;4416870;3441712;4463;2;3613802;2861;48;0;1
FR;3;2022-08-28;0;0;0;0;0;0;0;0;0;4416870;3441712;4463;2;3613802;2861;48;0;1
FR;3;2022-08-29;0;0;0;0;0;0;0;0;0;4416870;3441712;4463;2;3613802;2861;48;0;1
FR;3;2022-08-30;0;0;0;0;0;0;0;0;0;4416870;3441712;4463;2;3613802;2861;48;0;1
FR;3;2022-08-31;0;0;0;0;0;0;0;0;0;4416870;3441712;4463;2;3613802;2861;48;0;1
FR;3;2022-09-01;0;0;0;0;0;0;0;0;0;4416870;3441712;4463;2;3613802;2861;48;0;1
FR;3;2022-09-02;0;0;0;0;0;0;0;0;0;4416870;3441712;4463;2;3613802;2861;48;0;1
FR;3;2022-09-03;0;0;0;0;0;0;0;0;0;4416870;3441712;4463;2;3613802;2861;48;0;1
FR;3;2022-09-04;0;0;0;0;0;0;0;0;0;4416870;3441712;4463;2;3613802;2861;48;0;1
FR;3;2022-09-05;0;0;0;0;0;0;0;0;0;4416870;3441712;4463;2;3613802;2861;48;0;1
FR;3;2022-09-06;0;0;0;0;0;0;0;0;0;4416870;3441712;4463;2;3613802;2861;48;0;1
FR;3;2022-09-07;0;0;0;0;0;0;0;0;0;4416870;3441712;4463;2;3613802;2861;48;0;1
FR;3;2022-09-08;0;0;0;0;0;0;0;0;0;4416870;3441712;4463;2;3613802;2861;48;0;1
FR;3;2022-09-09;0;0;0;0;0;0;0;0;0;4416870;3441712;4463;2;3613802;2861;48;0;1
FR;3;2022-09-10;0;0;0;0;0;0;0;0;0;4416870;3441712;4463;2;3613802;2861;48;0;1
FR;3;2022-09-11;0;0;0;0;0;0;0;0;0;4416870;3441712;4463;2;3613802;2861;48;0;1
FR;3;2022-09-12;0;0;0;0;0;0;0;0;0;4416870;3441712;4463;2;3613802;2861;48;0;1
FR;3;2022-09-13;0;0;0;0;0;0;0;0;0;4416870;3441712;4463;2;3613802;2861;48;0;1
FR;3;2022-09-14;0;0;0;0;0;0;0;0;0;4416870;3441712;4463;2;3613802;2861;48;0;1
FR;3;2022-09-15;0;0;0;0;0;0;0;0;0;4416870;3441712;4463;2;3613802;2861;48;0;1
FR;3;2022-09-16;0;0;0;0;0;0;0;0;0;4416870;3441712;4463;2;3613802;2861;48;0;1
FR;3;2022-09-17;0;0;0;0;0;0;0;0;0;4416870;3441712;4463;2;3613802;2861;48;0;1
FR;3;2022-09-18;0;0;0;0;0;0;0;0;0;4416870;3441712;4463;2;3613802;2861;48;0;1
FR;3;2022-09-19;0;0;0;0;0;0;0;0;0;4416870;3441712;4463;2;3613802;2861;48;0;1
FR;3;2022-09-20;0;0;0;0;0;0;0;0;0;4416870;3441712;4463;2;3613802;2861;48;0;1
FR;3;2022-09-21;0;0;0;0;0;0;0;0;0;4416870;3441712;4463;2;3613802;2861;48;0;1
FR;3;2022-09-22;0;0;0;0;0;0;0;0;0;4416870;3441712;4463;2;3613802;2861;48;0;1
FR;3;2022-09-23;0;0;0;0;0;0;0;0;0;4416870;3441712;4463;2;3613802;2861;48;0;1
FR;3;2022-09-24;0;0;0;0;0;0;0;0;0;4416870;3441712;4463;2;3613802;2861;48;0;1
FR;3;2022-09-25;0;0;0;0;0;0;0;0;0;4416870;3441712;4463;2;3613802;2861;48;0;1
FR;3;2022-09-26;0;0;0;0;0;0;0;0;0;4416870;3441712;4463;2;3613802;2861;48;0;1
FR;3;2022-09-27;0;0;0;0;0;0;0;0;0;4416870;3441712;4463;2;3613802;2861;48;0;1
FR;3;2022-09-28;0;0;0;0;0;0;0;0;0;4416870;3441712;4463;2;3613802;2861;48;0;1
FR;3;2022-09-29;0;0;0;0;0;0;0;0;0;4416870;3441712;4463;2;3613802;2861;48;0;1
FR;3;2022-09-30;0;0;0;0;0;0;0;0;0;4416870;3441712;4463;2;3613802;2861;48;0;1
FR;3;2022-10-01;0;0;0;0;0;0;0;0;0;4416870;3441712;4463;2;3613802;2861;48;0;1
FR;3;2022-10-02;0;0;0;0;0;0;0;0;0;4416870;3441712;4463;2;3613802;2861;48;0;1
FR;3;2022-10-03;0;0;0;0;0;0;0;0;0;4416870;3441712;4463;2;3613802;2861;48;0;1
FR;3;2022-10-04;0;0;0;0;0;0;0;0;0;4416870;3441712;4463;2;3613802;2861;48;0;1
FR;3;2022-10-05;0;0;0;0;0;0;0;0;0;4416870;3441712;4463;2;3613802;2861;48;0;1
FR;3;2022-10-06;0;0;0;0;0;0;0;0;0;4416870;3441712;4463;2;3613802;2861;48;0;1
FR;3;2022-10-07;0;0;0;0;0;0;0;0;0;4416870;3441712;4463;2;3613802;2861;48;0;1
FR;3;2022-10-08;0;0;0;0;0;0;0;0;0;4416870;3441712;4463;2;3613802;2861;48;0;1
FR;3;2022-10-09;0;0;0;0;0;0;0;0;0;4416870;3441712;4463;2;3613802;2861;48;0;1
FR;3;2022-10-10;0;0;0;0;0;0;0;0;0;4416870;3441712;4463;2;3613802;2861;48;0;1
FR;3;2022-10-11;0;0;0;0;0;0;0;0;0;4416870;3441712;4463;2;3613802;2861;48;0;1
FR;3;2022-10-12;0;0;0;0;0;0;0;0;0;4416870;3441712;4463;2;3613802;2861;48;0;1
FR;3;2022-10-13;0;0;0;0;0;0;0;0;0;4416870;3441712;4463;2;3613802;2861;48;0;1
FR;3;2022-10-14;0;0;0;0;0;0;0;0;0;4416870;3441712;4463;2;3613802;2861;48;0;1
FR;3;2022-10-15;0;0;0;0;0;0;0;0;0;4416870;3441712;4463;2;3613802;2861;48;0;1
FR;3;2022-10-16;0;0;0;0;0;0;0;0;0;4416870;3441712;4463;2;3613802;2861;48;0;1
FR;3;2022-10-17;0;0;0;0;0;0;0;0;0;4416870;3441712;4463;2;3613802;2861;48;0;1
FR;3;2022-10-18;0;0;0;0;0;0;0;0;0;4416870;3441712;4463;2;3613802;2861;48;0;1
FR;3;2022-10-19;0;0;0;0;0;0;0;0;0;4416870;3441712;4463;2;3613802;2861;48;0;1
FR;3;2022-10-20;0;0;0;0;0;0;0;0;0;4416870;3441712;4463;2;3613802;2861;48;0;1
FR;3;2022-10-21;0;0;0;0;0;0;0;0;0;4416870;3441712;4463;2;3613802;2861;48;0;1
FR;3;2022-10-22;0;0;0;0;0;0;0;0;0;4416870;3441712;4463;2;3613802;2861;48;0;1
FR;3;2022-10-23;0;0;0;0;0;0;0;0;0;4416870;3441712;4463;2;3613802;2861;48;0;1
FR;3;2022-10-24;0;0;0;0;0;0;0;0;0;4416870;3441712;4463;2;3613802;2861;48;0;1
FR;3;2022-10-25;0;0;0;0;0;0;0;0;0;4416870;3441712;4463;2;3613802;2861;48;0;1
FR;3;2022-10-26;0;0;0;0;0;0;0;0;0;4416870;3441712;4463;2;3613802;2861;48;0;1
FR;3;2022-10-27;0;0;0;0;0;0;0;0;0;4416870;3441712;4463;2;3613802;2861;48;0;1
FR;3;2022-10-28;0;0;0;0;0;0;0;0;0;4416870;3441712;4463;2;3613802;2861;48;0;1
FR;3;2022-10-29;0;0;0;0;0;0;0;0;0;4416870;3441712;4463;2;3613802;2861;48;0;1
FR;3;2022-10-30;0;0;0;0;0;0;0;0;0;4416870;3441712;4463;2;3613802;2861;48;0;1
FR;3;2022-10-31;0;0;0;0;0;0;0;0;0;4416870;3441712;4463;2;3613802;2861;48;0;1
FR;3;2022-11-01;0;0;0;0;0;0;0;0;0;4416870;3441712;4463;2;3613802;2861;48;0;1
FR;3;2022-11-02;0;0;0;0;0;0;0;0;0;4416870;3441712;4463;2;3613802;2861;48;0;1
FR;3;2022-11-03;0;0;0;0;0;0;0;0;0;4416870;3441712;4463;2;3613802;2861;48;0;1
FR;3;2022-11-04;0;0;0;0;0;0;0;0;0;4416870;3441712;4463;2;3613802;2861;48;0;1
FR;3;2022-11-05;0;0;0;0;0;0;0;0;0;4416870;3441712;4463;2;3613802;2861;48;0;1
FR;3;2022-11-06;0;0;0;0;0;0;0;0;0;4416870;3441712;4463;2;3613802;2861;48;0;1
FR;3;2022-11-07;0;0;0;0;0;0;0;0;0;4416870;3441712;4463;2;3613802;2861;48;0;1
FR;3;2022-11-08;1;0;0;0;0;0;0;0;0;4416871;3441712;4463;2;3613802;2861;48;0;1
FR;3;2022-11-09;0;0;0;0;0;0;0;0;0;4416871;3441712;4463;2;3613802;2861;48;0;1
FR;3;2022-11-10;0;0;0;0;0;0;0;0;0;4416871;3441712;4463;2;3613802;2861;48;0;1
FR;3;2022-11-11;0;0;0;0;0;0;0;0;0;4416871;3441712;4463;2;3613802;2861;48;0;1
FR;3;2022-11-12;0;0;0;0;0;0;0;0;0;4416871;3441712;4463;2;3613802;2861;48;0;1
FR;3;2022-11-13;0;0;0;0;0;0;0;0;0;4416871;3441712;4463;2;3613802;2861;48;0;1
FR;3;2022-11-14;0;0;0;0;0;0;0;0;0;4416871;3441712;4463;2;3613802;2861;48;0;1
FR;3;2022-11-15;0;0;0;0;0;0;0;0;0;4416871;3441712;4463;2;3613802;2861;48;0;1
FR;3;2022-11-16;0;0;0;0;0;0;0;0;0;4416871;3441712;4463;2;3613802;2861;48;0;1
FR;3;2022-11-17;0;0;0;0;0;0;0;0;0;4416871;3441712;4463;2;3613802;2861;48;0;1
FR;3;2022-11-18;0;0;0;0;0;0;0;0;0;4416871;3441712;4463;2;3613802;2861;48;0;1
FR;3;2022-11-19;0;0;0;0;0;0;0;0;0;4416871;3441712;4463;2;3613802;2861;48;0;1
FR;3;2022-11-20;0;0;0;0;0;0;0;0;0;4416871;3441712;4463;2;3613802;2861;48;0;1
FR;3;2022-11-21;0;0;0;0;0;0;0;0;0;4416871;3441712;4463;2;3613802;2861;48;0;1
FR;3;2022-11-22;0;0;0;0;0;0;0;0;0;4416871;3441712;4463;2;3613802;2861;48;0;1
FR;3;2022-11-23;0;0;0;0;0;0;0;0;0;4416871;3441712;4463;2;3613802;2861;48;0;1
FR;3;2022-11-24;0;0;0;0;0;0;0;0;0;4416871;3441712;4463;2;3613802;2861;48;0;1
FR;3;2022-11-25;0;0;0;0;0;0;0;0;0;4416871;3441712;4463;2;3613802;2861;48;0;1
FR;3;2022-11-26;0;0;0;0;0;0;0;0;0;4416871;3441712;4463;2;3613802;2861;48;0;1
FR;3;2022-11-27;0;0;0;0;0;0;0;0;0;4416871;3441712;4463;2;3613802;2861;48;0;1
FR;3;2022-11-28;0;0;0;0;0;0;0;0;0;4416871;3441712;4463;2;3613802;2861;48;0;1
FR;3;2022-11-29;0;0;0;0;0;0;0;0;0;4416871;3441712;4463;2;3613802;2861;48;0;1
FR;3;2022-11-30;0;0;0;0;0;0;0;0;0;4416871;3441712;4463;2;3613802;2861;48;0;1
FR;3;2022-12-01;0;0;0;0;0;0;0;0;0;4416871;3441712;4463;2;3613802;2861;48;0;1
FR;3;2022-12-02;0;0;0;0;0;0;0;0;0;4416871;3441712;4463;2;3613802;2861;48;0;1
FR;3;2022-12-03;0;0;0;0;0;0;0;0;0;4416871;3441712;4463;2;3613802;2861;48;0;1
FR;3;2022-12-04;0;0;0;0;0;0;0;0;0;4416871;3441712;4463;2;3613802;2861;48;0;1
FR;3;2022-12-05;0;0;0;0;0;0;0;0;0;4416871;3441712;4463;2;3613802;2861;48;0;1
FR;3;2022-12-06;0;0;0;0;0;0;0;0;0;4416871;3441712;4463;2;3613802;2861;48;0;1
FR;3;2022-12-07;0;0;0;0;0;0;0;0;0;4416871;3441712;4463;2;3613802;2861;48;0;1
FR;3;2022-12-08;0;0;0;0;0;0;0;0;0;4416871;3441712;4463;2;3613802;2861;48;0;1
FR;3;2022-12-09;0;0;0;0;0;0;0;0;0;4416871;3441712;4463;2;3613802;2861;48;0;1
FR;3;2022-12-10;0;0;0;0;0;0;0;0;0;4416871;3441712;4463;2;3613802;2861;48;0;1
FR;3;2022-12-11;0;0;0;0;0;0;0;0;0;4416871;3441712;4463;2;3613802;2861;48;0;1
FR;3;2022-12-12;0;0;0;0;0;0;0;0;0;4416871;3441712;4463;2;3613802;2861;48;0;1
FR;3;2022-12-13;0;0;0;0;0;0;0;0;0;4416871;3441712;4463;2;3613802;2861;48;0;1
FR;3;2022-12-14;0;0;0;0;0;0;0;0;0;4416871;3441712;4463;2;3613802;2861;48;0;1
FR;3;2022-12-15;0;0;0;0;0;0;0;0;0;4416871;3441712;4463;2;3613802;2861;48;0;1
FR;3;2022-12-16;0;0;0;0;0;0;0;0;0;4416871;3441712;4463;2;3613802;2861;48;0;1
FR;3;2022-12-17;0;0;0;0;0;0;0;0;0;4416871;3441712;4463;2;3613802;2861;48;0;1
FR;3;2022-12-18;0;0;0;0;0;0;0;0;0;4416871;3441712;4463;2;3613802;2861;48;0;1
FR;3;2022-12-19;0;0;0;0;0;0;0;0;0;4416871;3441712;4463;2;3613802;2861;48;0;1
FR;3;2022-12-20;0;0;0;0;0;0;0;0;0;4416871;3441712;4463;2;3613802;2861;48;0;1
FR;3;2022-12-21;0;0;0;0;0;0;0;0;0;4416871;3441712;4463;2;3613802;2861;48;0;1
FR;3;2022-12-22;0;0;0;0;0;0;0;0;0;4416871;3441712;4463;2;3613802;2861;48;0;1
FR;3;2022-12-23;0;0;0;0;0;0;0;0;0;4416871;3441712;4463;2;3613802;2861;48;0;1
FR;3;2022-12-24;0;0;0;0;0;0;0;0;0;4416871;3441712;4463;2;3613802;2861;48;0;1
FR;3;2022-12-25;0;0;0;0;0;0;0;0;0;4416871;3441712;4463;2;3613802;2861;48;0;1
FR;3;2022-12-26;0;0;0;0;0;0;0;0;0;4416871;3441712;4463;2;3613802;2861;48;0;1
FR;3;2022-12-27;0;0;0;0;0;0;0;0;0;4416871;3441712;4463;2;3613802;2861;48;0;1
FR;3;2022-12-28;0;0;0;0;0;0;0;0;0;4416871;3441712;4463;2;3613802;2861;48;0;1
FR;3;2022-12-29;0;0;0;0;0;0;0;0;0;4416871;3441712;4463;2;3613802;2861;48;0;1
FR;3;2022-12-30;0;0;0;0;0;0;0;0;0;4416871;3441712;4463;2;3613802;2861;48;0;1
FR;3;2022-12-31;0;0;0;0;0;0;0;0;0;4416871;3441712;4463;2;3613802;2861;48;0;1
FR;3;2023-01-01;0;0;0;0;0;0;0;0;0;4416871;3441712;4463;2;3613802;2861;48;0;1
FR;3;2023-01-02;0;0;0;0;0;0;0;0;0;4416871;3441712;4463;2;3613802;2861;48;0;1
FR;3;2023-01-03;0;0;0;0;0;0;0;0;0;4416871;3441712;4463;2;3613802;2861;48;0;1
FR;3;2023-01-04;0;0;0;0;0;0;0;0;0;4416871;3441712;4463;2;3613802;2861;48;0;1
FR;3;2023-01-05;0;0;0;0;0;0;0;0;0;4416871;3441712;4463;2;3613802;2861;48;0;1
FR;3;2023-01-06;0;0;0;0;0;0;0;0;0;4416871;3441712;4463;2;3613802;2861;48;0;1
FR;3;2023-01-07;0;0;0;0;0;0;0;0;0;4416871;3441712;4463;2;3613802;2861;48;0;1
FR;3;2023-01-08;0;0;0;0;0;0;0;0;0;4416871;3441712;4463;2;3613802;2861;48;0;1
FR;3;2023-01-09;0;0;0;0;0;0;0;0;0;4416871;3441712;4463;2;3613802;2861;48;0;1
FR;3;2023-01-10;0;0;0;0;0;0;0;0;0;4416871;3441712;4463;2;3613802;2861;48;0;1
FR;3;2023-01-11;0;0;0;0;0;0;0;0;0;4416871;3441712;4463;2;3613802;2861;48;0;1
FR;3;2023-01-12;0;0;0;0;0;0;0;0;0;4416871;3441712;4463;2;3613802;2861;48;0;1
FR;3;2023-01-13;0;0;0;0;0;0;0;0;0;4416871;3441712;4463;2;3613802;2861;48;0;1
FR;3;2023-01-14;0;0;0;0;0;0;0;0;0;4416871;3441712;4463;2;3613802;2861;48;0;1
FR;3;2023-01-15;0;0;0;0;0;0;0;0;0;4416871;3441712;4463;2;3613802;2861;48;0;1
FR;3;2023-01-16;0;0;0;0;0;0;0;0;0;4416871;3441712;4463;2;3613802;2861;48;0;1
FR;3;2023-01-17;0;0;0;0;0;0;0;0;0;4416871;3441712;4463;2;3613802;2861;48;0;1
FR;3;2023-01-18;0;0;0;0;0;0;0;0;0;4416871;3441712;4463;2;3613802;2861;48;0;1
FR;3;2023-01-19;0;0;0;0;0;0;0;0;0;4416871;3441712;4463;2;3613802;2861;48;0;1
FR;3;2023-01-20;0;0;0;0;0;0;0;0;0;4416871;3441712;4463;2;3613802;2861;48;0;1
FR;3;2023-01-21;0;0;0;0;0;0;0;0;0;4416871;3441712;4463;2;3613802;2861;48;0;1
FR;3;2023-01-22;0;0;0;0;0;0;0;0;0;4416871;3441712;4463;2;3613802;2861;48;0;1
FR;3;2023-01-23;0;0;0;0;0;0;0;0;0;4416871;3441712;4463;2;3613802;2861;48;0;1
FR;3;2023-01-24;0;0;0;0;0;0;0;0;0;4416871;3441712;4463;2;3613802;2861;48;0;1
FR;3;2023-01-25;1;0;0;0;0;0;0;0;0;4416872;3441712;4463;2;3613802;2861;48;0;1
FR;3;2023-01-26;0;0;0;0;0;0;0;0;0;4416872;3441712;4463;2;3613802;2861;48;0;1
FR;3;2023-01-27;0;0;0;0;0;0;0;0;0;4416872;3441712;4463;2;3613802;2861;48;0;1
FR;3;2023-01-28;0;0;0;0;0;0;0;0;0;4416872;3441712;4463;2;3613802;2861;48;0;1
FR;3;2023-01-29;0;0;0;0;0;0;0;0;0;4416872;3441712;4463;2;3613802;2861;48;0;1
FR;3;2023-01-30;0;0;0;0;0;0;0;0;0;4416872;3441712;4463;2;3613802;2861;48;0;1
FR;3;2023-01-31;0;0;0;0;0;0;0;0;0;4416872;3441712;4463;2;3613802;2861;48;0;1
FR;3;2023-02-01;0;0;0;0;0;0;0;0;0;4416872;3441712;4463;2;3613802;2861;48;0;1
FR;3;2023-02-02;0;0;0;0;0;0;0;0;0;4416872;3441712;4463;2;3613802;2861;48;0;1
FR;3;2023-02-03;0;0;0;0;0;0;0;0;0;4416872;3441712;4463;2;3613802;2861;48;0;1
FR;3;2023-02-04;0;0;0;0;0;0;0;0;0;4416872;3441712;4463;2;3613802;2861;48;0;1
FR;3;2023-02-05;0;0;0;0;0;0;0;0;0;4416872;3441712;4463;2;3613802;2861;48;0;1
FR;3;2023-02-06;0;0;0;0;0;0;0;0;0;4416872;3441712;4463;2;3613802;2861;48;0;1
FR;3;2023-02-07;0;0;0;0;0;0;0;0;0;4416872;3441712;4463;2;3613802;2861;48;0;1
FR;3;2023-02-08;0;0;0;0;0;0;0;0;0;4416872;3441712;4463;2;3613802;2861;48;0;1
FR;3;2023-02-09;0;0;0;0;0;0;0;0;0;4416872;3441712;4463;2;3613802;2861;48;0;1
FR;3;2023-02-10;0;0;0;0;0;0;0;0;0;4416872;3441712;4463;2;3613802;2861;48;0;1
FR;3;2023-02-11;0;0;0;0;0;0;0;0;0;4416872;3441712;4463;2;3613802;2861;48;0;1
FR;3;2023-02-12;0;0;0;0;0;0;0;0;0;4416872;3441712;4463;2;3613802;2861;48;0;1
FR;3;2023-02-13;0;0;0;0;0;0;0;0;0;4416872;3441712;4463;2;3613802;2861;48;0;1
FR;3;2023-02-14;0;0;0;0;0;0;0;0;0;4416872;3441712;4463;2;3613802;2861;48;0;1
FR;3;2023-02-15;0;0;0;0;0;0;0;0;0;4416872;3441712;4463;2;3613802;2861;48;0;1
FR;3;2023-02-16;0;0;0;0;0;0;0;0;0;4416872;3441712;4463;2;3613802;2861;48;0;1
FR;3;2023-02-17;0;0;0;0;0;0;0;0;0;4416872;3441712;4463;2;3613802;2861;48;0;1
FR;3;2023-02-18;0;0;0;0;0;0;0;0;0;4416872;3441712;4463;2;3613802;2861;48;0;1
FR;3;2023-02-19;0;0;0;0;0;0;0;0;0;4416872;3441712;4463;2;3613802;2861;48;0;1
FR;3;2023-02-20;0;0;0;0;0;0;0;0;0;4416872;3441712;4463;2;3613802;2861;48;0;1
FR;3;2023-02-21;0;0;0;0;0;0;0;0;0;4416872;3441712;4463;2;3613802;2861;48;0;1
FR;3;2023-02-22;0;0;0;0;0;0;0;0;0;4416872;3441712;4463;2;3613802;2861;48;0;1
FR;3;2023-02-23;0;0;0;0;0;0;0;0;0;4416872;3441712;4463;2;3613802;2861;48;0;1
FR;3;2023-02-24;0;0;0;0;0;0;0;0;0;4416872;3441712;4463;2;3613802;2861;48;0;1
FR;3;2023-02-25;0;0;0;0;0;0;0;0;0;4416872;3441712;4463;2;3613802;2861;48;0;1
FR;3;2023-02-26;0;0;0;0;0;0;0;0;0;4416872;3441712;4463;2;3613802;2861;48;0;1
FR;3;2023-02-27;0;0;0;0;0;0;0;0;0;4416872;3441712;4463;2;3613802;2861;48;0;1
FR;3;2023-02-28;0;0;0;0;0;0;0;0;0;4416872;3441712;4463;2;3613802;2861;48;0;1
FR;3;2023-03-01;0;0;0;0;0;0;0;0;0;4416872;3441712;4463;2;3613802;2861;48;0;1
FR;3;2023-03-02;0;0;0;0;0;0;0;0;0;4416872;3441712;4463;2;3613802;2861;48;0;1
FR;3;2023-03-03;0;0;0;0;0;0;0;0;0;4416872;3441712;4463;2;3613802;2861;48;0;1
FR;3;2023-03-04;0;0;0;0;0;0;0;0;0;4416872;3441712;4463;2;3613802;2861;48;0;1
FR;3;2023-03-05;0;0;0;0;0;0;0;0;0;4416872;3441712;4463;2;3613802;2861;48;0;1
FR;3;2023-03-06;0;0;0;0;0;0;0;0;0;4416872;3441712;4463;2;3613802;2861;48;0;1
FR;3;2023-03-07;0;0;0;0;0;0;0;0;0;4416872;3441712;4463;2;3613802;2861;48;0;1
FR;3;2023-03-08;0;0;0;0;0;0;0;0;0;4416872;3441712;4463;2;3613802;2861;48;0;1
FR;3;2023-03-09;0;0;0;0;0;0;0;0;0;4416872;3441712;4463;2;3613802;2861;48;0;1
FR;3;2023-03-10;0;0;0;0;0;0;0;0;0;4416872;3441712;4463;2;3613802;2861;48;0;1
FR;3;2023-03-11;0;0;0;0;0;0;0;0;0;4416872;3441712;4463;2;3613802;2861;48;0;1
FR;3;2023-03-12;0;0;0;0;0;0;0;0;0;4416872;3441712;4463;2;3613802;2861;48;0;1
FR;3;2023-03-13;0;0;0;0;0;0;0;0;0;4416872;3441712;4463;2;3613802;2861;48;0;1
FR;3;2023-03-14;0;0;0;0;0;0;0;0;0;4416872;3441712;4463;2;3613802;2861;48;0;1
FR;3;2023-03-15;0;0;0;0;0;0;0;0;0;4416872;3441712;4463;2;3613802;2861;48;0;1
FR;3;2023-03-16;0;0;0;0;0;0;0;0;0;4416872;3441712;4463;2;3613802;2861;48;0;1
FR;3;2023-03-17;0;0;0;0;0;0;0;0;0;4416872;3441712;4463;2;3613802;2861;48;0;1
FR;3;2023-03-18;0;0;0;0;0;0;0;0;0;4416872;3441712;4463;2;3613802;2861;48;0;1
FR;3;2023-03-19;0;0;0;0;0;0;0;0;0;4416872;3441712;4463;2;3613802;2861;48;0;1
FR;3;2023-03-20;0;0;0;0;0;0;0;0;0;4416872;3441712;4463;2;3613802;2861;48;0;1
FR;3;2023-03-21;0;0;0;0;0;0;0;0;0;4416872;3441712;4463;2;3613802;2861;48;0;1
FR;3;2023-03-22;0;0;0;0;0;0;0;0;0;4416872;3441712;4463;2;3613802;2861;48;0;1
FR;3;2023-03-23;0;0;0;0;0;0;0;0;0;4416872;3441712;4463;2;3613802;2861;48;0;1
FR;3;2023-03-24;0;0;0;0;0;0;0;0;0;4416872;3441712;4463;2;3613802;2861;48;0;1
FR;3;2023-03-25;0;0;0;0;0;0;0;0;0;4416872;3441712;4463;2;3613802;2861;48;0;1
FR;3;2023-03-26;0;0;0;0;0;0;0;0;0;4416872;3441712;4463;2;3613802;2861;48;0;1
FR;3;2023-03-27;0;0;0;0;0;0;0;0;0;4416872;3441712;4463;2;3613802;2861;48;0;1
FR;3;2023-03-28;0;0;0;0;0;0;0;0;0;4416872;3441712;4463;2;3613802;2861;48;0;1
FR;3;2023-03-29;0;0;0;0;0;0;0;0;0;4416872;3441712;4463;2;3613802;2861;48;0;1
FR;3;2023-03-30;0;0;0;0;0;0;0;0;0;4416872;3441712;4463;2;3613802;2861;48;0;1
FR;3;2023-03-31;0;0;0;0;0;0;0;0;0;4416872;3441712;4463;2;3613802;2861;48;0;1
FR;3;2023-04-01;0;0;0;0;0;0;0;0;0;4416872;3441712;4463;2;3613802;2861;48;0;1
FR;3;2023-04-02;0;0;0;0;0;0;0;0;0;4416872;3441712;4463;2;3613802;2861;48;0;1
FR;3;2023-04-03;0;0;0;0;0;0;0;0;0;4416872;3441712;4463;2;3613802;2861;48;0;1
FR;3;2023-04-04;0;0;0;0;0;0;0;0;0;4416872;3441712;4463;2;3613802;2861;48;0;1
FR;3;2023-04-05;0;0;0;0;0;0;0;0;0;4416872;3441712;4463;2;3613802;2861;48;0;1
FR;3;2023-04-06;0;0;0;0;0;0;0;0;0;4416872;3441712;4463;2;3613802;2861;48;0;1
FR;3;2023-04-07;0;0;0;0;0;0;0;0;0;4416872;3441712;4463;2;3613802;2861;48;0;1
FR;3;2023-04-08;0;0;0;0;0;0;0;0;0;4416872;3441712;4463;2;3613802;2861;48;0;1
FR;3;2023-04-09;0;0;0;0;0;0;0;0;0;4416872;3441712;4463;2;3613802;2861;48;0;1
FR;3;2023-04-10;0;0;0;0;0;0;0;0;0;4416872;3441712;4463;2;3613802;2861;48;0;1
FR;3;2023-04-11;0;0;0;0;0;0;0;0;0;4416872;3441712;4463;2;3613802;2861;48;0;1
FR;3;2023-04-12;0;0;0;0;0;0;0;0;0;4416872;3441712;4463;2;3613802;2861;48;0;1
FR;3;2023-04-13;0;0;0;0;0;0;0;0;0;4416872;3441712;4463;2;3613802;2861;48;0;1
FR;3;2023-04-14;0;0;0;0;0;0;0;0;0;4416872;3441712;4463;2;3613802;2861;48;0;1
FR;3;2023-04-15;0;0;0;0;0;0;0;0;0;4416872;3441712;4463;2;3613802;2861;48;0;1
FR;3;2023-04-16;0;0;0;0;0;0;0;0;0;4416872;3441712;4463;2;3613802;2861;48;0;1
FR;3;2023-04-17;0;0;0;0;0;0;0;0;0;4416872;3441712;4463;2;3613802;2861;48;0;1
FR;3;2023-04-18;0;0;0;0;0;0;0;0;0;4416872;3441712;4463;2;3613802;2861;48;0;1
FR;3;2023-04-19;0;0;0;0;0;0;0;0;0;4416872;3441712;4463;2;3613802;2861;48;0;1
FR;3;2023-04-20;0;0;0;0;0;0;0;0;0;4416872;3441712;4463;2;3613802;2861;48;0;1
FR;3;2023-04-21;0;0;0;0;0;0;0;0;0;4416872;3441712;4463;2;3613802;2861;48;0;1
FR;3;2023-04-22;0;0;0;0;0;0;0;0;0;4416872;3441712;4463;2;3613802;2861;48;0;1
FR;3;2023-04-23;0;0;0;0;0;0;0;0;0;4416872;3441712;4463;2;3613802;2861;48;0;1
FR;3;2023-04-24;0;0;0;0;0;0;0;0;0;4416872;3441712;4463;2;3613802;2861;48;0;1
FR;3;2023-04-25;0;0;0;0;0;0;0;0;0;4416872;3441712;4463;2;3613802;2861;48;0;1
FR;3;2023-04-26;0;0;0;0;0;0;0;0;0;4416872;3441712;4463;2;3613802;2861;48;0;1
FR;3;2023-04-27;0;0;0;0;0;0;0;0;0;4416872;3441712;4463;2;3613802;2861;48;0;1
FR;3;2023-04-28;0;0;0;0;0;0;0;0;0;4416872;3441712;4463;2;3613802;2861;48;0;1
FR;3;2023-04-29;0;0;0;0;0;0;0;0;0;4416872;3441712;4463;2;3613802;2861;48;0;1
FR;3;2023-04-30;0;0;0;0;0;0;0;0;0;4416872;3441712;4463;2;3613802;2861;48;0;1
FR;3;2023-05-01;0;0;0;0;0;0;0;0;0;4416872;3441712;4463;2;3613802;2861;48;0;1
FR;3;2023-05-02;0;0;0;0;0;0;0;0;0;4416872;3441712;4463;2;3613802;2861;48;0;1
FR;3;2023-05-03;0;0;0;0;0;0;0;0;0;4416872;3441712;4463;2;3613802;2861;48;0;1
FR;3;2023-05-04;0;0;0;0;0;0;0;0;0;4416872;3441712;4463;2;3613802;2861;48;0;1
FR;3;2023-05-05;0;0;0;0;0;0;0;0;0;4416872;3441712;4463;2;3613802;2861;48;0;1
FR;3;2023-05-06;0;0;0;0;0;0;0;0;0;4416872;3441712;4463;2;3613802;2861;48;0;1
FR;3;2023-05-07;0;0;0;0;0;0;0;0;0;4416872;3441712;4463;2;3613802;2861;48;0;1
FR;3;2023-05-08;0;0;0;0;0;0;0;0;0;4416872;3441712;4463;2;3613802;2861;48;0;1
FR;3;2023-05-09;0;0;0;0;0;0;0;0;0;4416872;3441712;4463;2;3613802;2861;48;0;1
FR;3;2023-05-10;0;0;0;0;0;0;0;0;0;4416872;3441712;4463;2;3613802;2861;48;0;1
FR;3;2023-05-11;0;0;0;0;0;0;0;0;0;4416872;3441712;4463;2;3613802;2861;48;0;1
FR;3;2023-05-12;0;0;0;0;0;0;0;0;0;4416872;3441712;4463;2;3613802;2861;48;0;1
FR;3;2023-05-13;0;0;0;0;0;0;0;0;0;4416872;3441712;4463;2;3613802;2861;48;0;1
FR;3;2023-05-14;0;0;0;0;0;0;0;0;0;4416872;3441712;4463;2;3613802;2861;48;0;1
FR;3;2023-05-15;0;0;0;0;0;0;0;0;0;4416872;3441712;4463;2;3613802;2861;48;0;1
FR;3;2023-05-16;0;0;0;0;0;0;0;0;0;4416872;3441712;4463;2;3613802;2861;48;0;1
FR;4;2020-12-27;0;0;0;0;0;0;0;0;0;0;0;0;0;0;0;0;0;0
FR;4;2020-12-28;0;0;0;0;0;0;0;0;0;0;0;0;0;0;0;0;0;0
FR;4;2020-12-29;0;0;0;0;0;0;0;0;0;0;0;0;0;0;0;0;0;0
FR;4;2020-12-30;0;0;0;0;0;0;0;0;0;0;0;0;0;0;0;0;0;0
FR;4;2020-12-31;0;0;0;0;0;0;0;0;0;0;0;0;0;0;0;0;0;0
FR;4;2021-01-01;0;0;0;0;0;0;0;0;0;0;0;0;0;0;0;0;0;0
FR;4;2021-01-02;0;0;0;0;0;0;0;0;0;0;0;0;0;0;0;0;0;0
FR;4;2021-01-03;0;0;0;0;0;0;0;0;0;0;0;0;0;0;0;0;0;0
FR;4;2021-01-04;0;0;0;0;0;0;0;0;0;0;0;0;0;0;0;0;0;0
FR;4;2021-01-05;0;0;0;0;0;0;0;0;0;0;0;0;0;0;0;0;0;0
FR;4;2021-01-06;0;0;0;0;0;0;0;0;0;0;0;0;0;0;0;0;0;0
FR;4;2021-01-07;0;0;0;0;0;0;0;0;0;0;0;0;0;0;0;0;0;0
FR;4;2021-01-08;0;0;0;0;0;0;0;0;0;0;0;0;0;0;0;0;0;0
FR;4;2021-01-09;0;0;0;0;0;0;0;0;0;0;0;0;0;0;0;0;0;0
FR;4;2021-01-10;0;0;0;0;0;0;0;0;0;0;0;0;0;0;0;0;0;0
FR;4;2021-01-11;0;0;0;0;0;0;0;0;0;0;0;0;0;0;0;0;0;0
FR;4;2021-01-12;0;0;0;0;0;0;0;0;0;0;0;0;0;0;0;0;0;0
FR;4;2021-01-13;0;0;0;0;0;0;0;0;0;0;0;0;0;0;0;0;0;0
FR;4;2021-01-14;0;0;0;0;0;0;0;0;0;0;0;0;0;0;0;0;0;0
FR;4;2021-01-15;0;0;0;0;0;0;0;0;0;0;0;0;0;0;0;0;0;0
FR;4;2021-01-16;0;0;0;0;0;0;0;0;0;0;0;0;0;0;0;0;0;0
FR;4;2021-01-17;0;0;0;0;0;0;0;0;0;0;0;0;0;0;0;0;0;0
FR;4;2021-01-18;0;0;0;0;0;0;0;0;0;0;0;0;0;0;0;0;0;0
FR;4;2021-01-19;0;0;0;0;0;0;0;0;0;0;0;0;0;0;0;0;0;0
FR;4;2021-01-20;0;0;0;0;0;0;0;0;0;0;0;0;0;0;0;0;0;0
FR;4;2021-01-21;0;0;0;0;0;0;0;0;0;0;0;0;0;0;0;0;0;0
FR;4;2021-01-22;0;0;0;0;0;0;0;0;0;0;0;0;0;0;0;0;0;0
FR;4;2021-01-23;0;0;0;0;0;0;0;0;0;0;0;0;0;0;0;0;0;0
FR;4;2021-01-24;0;0;0;0;0;0;0;0;0;0;0;0;0;0;0;0;0;0
FR;4;2021-01-25;0;0;0;0;0;0;0;0;0;0;0;0;0;0;0;0;0;0
FR;4;2021-01-26;0;0;0;0;0;0;0;0;0;0;0;0;0;0;0;0;0;0
FR;4;2021-01-27;0;0;0;0;0;0;0;0;0;0;0;0;0;0;0;0;0;0
FR;4;2021-01-28;0;0;0;0;0;0;0;0;0;0;0;0;0;0;0;0;0;0
FR;4;2021-01-29;0;0;0;0;0;0;0;0;0;0;0;0;0;0;0;0;0;0
FR;4;2021-01-30;0;0;0;0;0;0;0;0;0;0;0;0;0;0;0;0;0;0
FR;4;2021-01-31;0;0;0;0;0;0;0;0;0;0;0;0;0;0;0;0;0;0
FR;4;2021-02-01;0;0;0;0;0;0;0;0;0;0;0;0;0;0;0;0;0;0
FR;4;2021-02-02;0;0;0;0;0;0;0;0;0;0;0;0;0;0;0;0;0;0
FR;4;2021-02-03;0;0;0;0;0;0;0;0;0;0;0;0;0;0;0;0;0;0
FR;4;2021-02-04;0;0;0;0;0;0;0;0;0;0;0;0;0;0;0;0;0;0
FR;4;2021-02-05;0;0;0;0;0;0;0;0;0;0;0;0;0;0;0;0;0;0
FR;4;2021-02-06;0;0;0;0;0;0;0;0;0;0;0;0;0;0;0;0;0;0
FR;4;2021-02-07;0;0;0;0;0;0;0;0;0;0;0;0;0;0;0;0;0;0
FR;4;2021-02-08;0;0;0;0;0;0;0;0;0;0;0;0;0;0;0;0;0;0
FR;4;2021-02-09;0;0;0;0;0;0;0;0;0;0;0;0;0;0;0;0;0;0
FR;4;2021-02-10;0;0;0;0;0;0;0;0;0;0;0;0;0;0;0;0;0;0
FR;4;2021-02-11;0;0;0;0;0;0;0;0;0;0;0;0;0;0;0;0;0;0
FR;4;2021-02-12;0;0;0;0;0;0;0;0;0;0;0;0;0;0;0;0;0;0
FR;4;2021-02-13;0;0;0;0;0;0;0;0;0;0;0;0;0;0;0;0;0;0
FR;4;2021-02-14;0;0;0;0;0;0;0;0;0;0;0;0;0;0;0;0;0;0
FR;4;2021-02-15;0;0;0;0;0;0;0;0;0;0;0;0;0;0;0;0;0;0
FR;4;2021-02-16;0;0;0;0;0;0;0;0;0;0;0;0;0;0;0;0;0;0
FR;4;2021-02-17;0;0;0;0;0;0;0;0;0;0;0;0;0;0;0;0;0;0
FR;4;2021-02-18;0;0;0;0;0;0;0;0;0;0;0;0;0;0;0;0;0;0
FR;4;2021-02-19;0;0;0;0;0;0;0;0;0;0;0;0;0;0;0;0;0;0
FR;4;2021-02-20;0;0;0;0;0;0;0;0;0;0;0;0;0;0;0;0;0;0
FR;4;2021-02-21;0;0;0;0;0;0;0;0;0;0;0;0;0;0;0;0;0;0
FR;4;2021-02-22;0;0;0;0;0;0;0;0;0;0;0;0;0;0;0;0;0;0
FR;4;2021-02-23;0;0;0;0;0;0;0;0;0;0;0;0;0;0;0;0;0;0
FR;4;2021-02-24;0;0;0;0;0;0;0;0;0;0;0;0;0;0;0;0;0;0
FR;4;2021-02-25;0;0;0;0;0;0;0;0;0;0;0;0;0;0;0;0;0;0
FR;4;2021-02-26;0;0;0;0;0;0;0;0;0;0;0;0;0;0;0;0;0;0
FR;4;2021-02-27;0;0;0;0;0;0;0;0;0;0;0;0;0;0;0;0;0;0
FR;4;2021-02-28;0;0;0;0;0;0;0;0;0;0;0;0;0;0;0;0;0;0
FR;4;2021-03-01;0;0;0;0;0;0;0;0;0;0;0;0;0;0;0;0;0;0
FR;4;2021-03-02;0;0;0;0;0;0;0;0;0;0;0;0;0;0;0;0;0;0
FR;4;2021-03-03;0;0;0;0;0;0;0;0;0;0;0;0;0;0;0;0;0;0
FR;4;2021-03-04;0;0;0;0;0;0;0;0;0;0;0;0;0;0;0;0;0;0
FR;4;2021-03-05;0;0;0;0;0;0;0;0;0;0;0;0;0;0;0;0;0;0
FR;4;2021-03-06;0;0;0;0;0;0;0;0;0;0;0;0;0;0;0;0;0;0
FR;4;2021-03-07;0;0;0;0;0;0;0;0;0;0;0;0;0;0;0;0;0;0
FR;4;2021-03-08;0;0;0;0;0;0;0;0;0;0;0;0;0;0;0;0;0;0
FR;4;2021-03-09;0;0;0;0;0;0;0;0;0;0;0;0;0;0;0;0;0;0
FR;4;2021-03-10;0;0;0;0;0;0;0;0;0;0;0;0;0;0;0;0;0;0
FR;4;2021-03-11;0;0;0;0;0;0;0;0;0;0;0;0;0;0;0;0;0;0
FR;4;2021-03-12;0;0;0;0;0;0;0;0;0;0;0;0;0;0;0;0;0;0
FR;4;2021-03-13;0;0;0;0;0;0;0;0;0;0;0;0;0;0;0;0;0;0
FR;4;2021-03-14;0;0;0;0;0;0;0;0;0;0;0;0;0;0;0;0;0;0
FR;4;2021-03-15;0;0;0;0;0;0;0;0;0;0;0;0;0;0;0;0;0;0
FR;4;2021-03-16;0;0;0;0;0;0;0;0;0;0;0;0;0;0;0;0;0;0
FR;4;2021-03-17;0;0;0;0;0;0;0;0;0;0;0;0;0;0;0;0;0;0
FR;4;2021-03-18;0;0;0;0;0;0;0;0;0;0;0;0;0;0;0;0;0;0
FR;4;2021-03-19;0;0;0;0;0;0;0;0;0;0;0;0;0;0;0;0;0;0
FR;4;2021-03-20;0;0;0;0;0;0;0;0;0;0;0;0;0;0;0;0;0;0
FR;4;2021-03-21;0;0;0;0;0;0;0;0;0;0;0;0;0;0;0;0;0;0
FR;4;2021-03-22;0;0;0;0;0;0;0;0;0;0;0;0;0;0;0;0;0;0
FR;4;2021-03-23;0;0;0;0;0;0;0;0;0;0;0;0;0;0;0;0;0;0
FR;4;2021-03-24;0;0;0;0;0;0;0;0;0;0;0;0;0;0;0;0;0;0
FR;4;2021-03-25;0;0;0;0;0;0;0;0;0;0;0;0;0;0;0;0;0;0
FR;4;2021-03-26;0;0;0;0;0;0;0;0;0;0;0;0;0;0;0;0;0;0
FR;4;2021-03-27;0;0;0;0;0;0;0;0;0;0;0;0;0;0;0;0;0;0
FR;4;2021-03-28;0;0;0;0;0;0;0;0;0;0;0;0;0;0;0;0;0;0
FR;4;2021-03-29;0;0;0;0;0;0;0;0;0;0;0;0;0;0;0;0;0;0
FR;4;2021-03-30;0;0;0;0;0;0;0;0;0;0;0;0;0;0;0;0;0;0
FR;4;2021-03-31;0;0;0;0;0;0;0;0;0;0;0;0;0;0;0;0;0;0
FR;4;2021-04-01;0;0;0;0;0;0;0;0;0;0;0;0;0;0;0;0;0;0
FR;4;2021-04-02;0;0;0;0;0;0;0;0;0;0;0;0;0;0;0;0;0;0
FR;4;2021-04-03;0;0;0;0;0;0;0;0;0;0;0;0;0;0;0;0;0;0
FR;4;2021-04-04;0;0;0;0;0;0;0;0;0;0;0;0;0;0;0;0;0;0
FR;4;2021-04-05;0;0;0;0;0;0;0;0;0;0;0;0;0;0;0;0;0;0
FR;4;2021-04-06;0;0;0;0;0;0;0;0;0;0;0;0;0;0;0;0;0;0
FR;4;2021-04-07;0;0;0;0;0;0;0;0;0;0;0;0;0;0;0;0;0;0
FR;4;2021-04-08;0;0;0;0;0;0;0;0;0;0;0;0;0;0;0;0;0;0
FR;4;2021-04-09;0;0;0;0;0;0;0;0;0;0;0;0;0;0;0;0;0;0
FR;4;2021-04-10;0;0;0;0;0;0;0;0;0;0;0;0;0;0;0;0;0;0
FR;4;2021-04-11;0;0;0;0;0;0;0;0;0;0;0;0;0;0;0;0;0;0
FR;4;2021-04-12;0;0;0;0;0;0;0;0;0;0;0;0;0;0;0;0;0;0
FR;4;2021-04-13;0;0;0;0;0;0;0;0;0;0;0;0;0;0;0;0;0;0
FR;4;2021-04-14;0;0;0;0;0;0;0;0;0;0;0;0;0;0;0;0;0;0
FR;4;2021-04-15;0;0;0;0;0;0;0;0;0;0;0;0;0;0;0;0;0;0
FR;4;2021-04-16;0;0;0;0;0;0;0;0;0;0;0;0;0;0;0;0;0;0
FR;4;2021-04-17;0;0;0;0;0;0;0;0;0;0;0;0;0;0;0;0;0;0
FR;4;2021-04-18;0;0;0;0;0;0;0;0;0;0;0;0;0;0;0;0;0;0
FR;4;2021-04-19;0;0;0;0;0;0;0;0;0;0;0;0;0;0;0;0;0;0
FR;4;2021-04-20;0;0;0;0;0;0;0;0;0;0;0;0;0;0;0;0;0;0
FR;4;2021-04-21;0;0;0;0;0;0;0;0;0;0;0;0;0;0;0;0;0;0
FR;4;2021-04-22;0;0;0;0;0;0;0;0;0;0;0;0;0;0;0;0;0;0
FR;4;2021-04-23;3660;0;0;0;3622;0;0;0;0;3660;0;0;0;3622;0;0;0;0
FR;4;2021-04-24;1570;1;0;0;1559;0;0;0;0;5230;1;0;0;5181;0;0;0;0
FR;4;2021-04-25;125;0;0;0;125;0;0;0;0;5355;1;0;0;5306;0;0;0;0
FR;4;2021-04-26;2872;1;0;0;2862;0;0;0;0;8227;2;0;0;8168;0;0;0;0
FR;4;2021-04-27;9520;3;0;0;9501;0;0;0;0;17747;5;0;0;17669;0;0;0;0
FR;4;2021-04-28;9910;6;0;0;9885;0;0;0;0;27657;11;0;0;27554;0;0;0;0
FR;4;2021-04-29;15995;8;0;0;15979;0;0;0;0;43652;19;0;0;43533;0;0;0;0
FR;4;2021-04-30;19234;10;0;0;19205;0;0;0;0;62886;29;0;0;62738;0;0;0;0
FR;4;2021-05-01;1994;6;0;0;1992;0;0;0;0;64880;35;0;0;64730;0;0;0;0
FR;4;2021-05-02;484;0;0;0;482;0;0;0;0;65364;35;0;0;65212;0;0;0;0
FR;4;2021-05-03;5066;2;0;0;5059;0;0;0;0;70430;37;0;0;70271;0;0;0;0
FR;4;2021-05-04;8411;11;0;0;8400;0;0;0;0;78841;48;0;0;78671;0;0;0;0
FR;4;2021-05-05;6193;7;0;0;6188;0;0;0;0;85034;55;0;0;84859;0;0;0;0
FR;4;2021-05-06;11388;11;0;0;11385;0;0;0;0;96422;66;0;0;96244;0;0;0;0
FR;4;2021-05-07;19127;9;0;0;19088;0;0;0;0;115549;75;0;0;115332;0;0;0;0
FR;4;2021-05-08;2376;7;0;0;2380;0;0;0;0;117925;82;0;0;117712;0;0;0;0
FR;4;2021-05-09;692;3;0;0;693;0;0;0;0;118617;85;0;0;118405;0;0;0;0
FR;4;2021-05-10;7246;5;1;0;7243;0;0;0;0;125863;90;1;0;125648;0;0;0;0
FR;4;2021-05-11;14325;13;0;0;14305;0;0;0;0;140188;103;1;0;139953;0;0;0;0
FR;4;2021-05-12;10176;15;0;0;10179;0;0;0;0;150364;118;1;0;150132;0;0;0;0
FR;4;2021-05-13;1584;4;0;0;1585;0;0;0;0;151948;122;1;0;151717;0;0;0;0
FR;4;2021-05-14;7768;7;0;0;7763;0;0;0;0;159716;129;1;0;159480;0;0;0;0
FR;4;2021-05-15;3721;8;1;0;3720;0;0;0;0;163437;137;2;0;163200;0;0;0;0
FR;4;2021-05-16;417;1;0;0;417;0;0;0;0;163854;138;2;0;163617;0;0;0;0
FR;4;2021-05-17;4485;8;0;0;4484;0;0;0;0;168339;146;2;0;168101;0;0;0;0
FR;4;2021-05-18;8769;10;0;0;8769;0;0;0;0;177108;156;2;0;176870;0;0;0;0
FR;4;2021-05-19;5699;7;0;0;5701;0;0;0;0;182807;163;2;0;182571;0;0;0;0
FR;4;2021-05-20;9487;8;0;0;9479;0;0;0;0;192294;171;2;0;192050;0;0;0;0
FR;4;2021-05-21;12816;30;0;0;12823;0;0;0;0;205110;201;2;0;204873;0;0;0;0
FR;4;2021-05-22;5063;15;0;0;5070;0;0;0;0;210173;216;2;0;209943;0;0;0;0
FR;4;2021-05-23;498;4;0;0;501;0;0;0;0;210671;220;2;0;210444;0;0;0;0
FR;4;2021-05-24;1062;7;0;0;1066;0;0;0;0;211733;227;2;0;211510;0;0;0;0
FR;4;2021-05-25;7637;16;0;0;7643;0;0;0;0;219370;243;2;0;219153;0;0;0;0
FR;4;2021-05-26;7731;16;0;0;7739;0;0;0;0;227101;259;2;0;226892;0;0;0;0
FR;4;2021-05-27;14340;35;0;0;14349;0;0;0;0;241441;294;2;0;241241;0;0;0;0
FR;4;2021-05-28;26593;82;1;0;26634;0;0;0;0;268034;376;3;0;267875;0;0;0;0
FR;4;2021-05-29;11385;19;0;0;11385;0;0;0;0;279419;395;3;0;279260;0;0;0;0
FR;4;2021-05-30;974;7;0;0;973;0;0;0;0;280393;402;3;0;280233;0;0;0;0
FR;4;2021-05-31;12701;21;0;0;12701;0;0;0;0;293094;423;3;0;292934;0;0;0;0
FR;4;2021-06-01;20283;48;1;0;20301;0;0;0;0;313377;471;4;0;313235;0;0;0;0
FR;4;2021-06-02;14526;33;0;0;14538;0;0;0;0;327903;504;4;0;327773;0;0;0;0
FR;4;2021-06-03;19436;24;1;0;19434;0;0;0;0;347339;528;5;0;347207;0;0;0;0
FR;4;2021-06-04;22520;48;0;0;22538;0;0;0;0;369859;576;5;0;369745;0;0;0;0
FR;4;2021-06-05;9717;32;0;0;9721;0;0;0;0;379576;608;5;0;379466;0;0;0;0
FR;4;2021-06-06;1041;2;0;0;1037;0;0;0;0;380617;610;5;0;380503;0;0;0;0
FR;4;2021-06-07;9230;19;0;0;9238;0;0;0;0;389847;629;5;0;389741;0;0;0;0
FR;4;2021-06-08;14614;32;0;0;14626;0;0;0;0;404461;661;5;0;404367;0;0;0;0
FR;4;2021-06-09;12218;25;0;0;12226;0;0;0;0;416679;686;5;0;416593;0;0;0;0
FR;4;2021-06-10;15408;30;0;0;15416;0;0;0;0;432087;716;5;0;432009;0;0;0;0
FR;4;2021-06-11;16990;57;0;0;17017;0;0;0;0;449077;773;5;0;449026;0;0;0;0
FR;4;2021-06-12;7453;27;0;0;7478;0;0;0;0;456530;800;5;0;456504;0;0;0;0
FR;4;2021-06-13;908;3;0;0;910;0;0;0;0;457438;803;5;0;457414;0;0;0;0
FR;4;2021-06-14;6652;27;0;0;6662;0;0;0;0;464090;830;5;0;464076;0;0;0;0
FR;4;2021-06-15;10896;39;0;0;10913;0;0;0;0;474986;869;5;0;474989;0;0;0;0
FR;4;2021-06-16;8909;17;0;0;8917;0;0;0;0;483895;886;5;0;483906;0;0;0;0
FR;4;2021-06-17;10903;36;0;0;10915;0;0;0;0;494798;922;5;0;494821;0;0;0;0
FR;4;2021-06-18;12427;45;0;0;12454;0;0;0;0;507225;967;5;0;507275;0;0;0;0
FR;4;2021-06-19;5568;25;0;0;5588;0;0;0;0;512793;992;5;0;512863;0;0;0;0
FR;4;2021-06-20;828;5;0;0;832;0;0;0;0;513621;997;5;0;513695;0;0;0;0
FR;4;2021-06-21;5106;21;0;0;5106;0;0;0;0;518727;1018;5;0;518801;0;0;0;0
FR;4;2021-06-22;7914;29;2;0;7932;0;0;0;0;526641;1047;7;0;526733;0;0;0;0
FR;4;2021-06-23;7106;43;2;0;7133;0;0;0;0;533747;1090;9;0;533866;0;0;0;0
FR;4;2021-06-24;8657;46;1;0;8689;0;0;0;0;542404;1136;10;0;542555;0;0;0;0
FR;4;2021-06-25;10179;41;2;0;10211;0;0;0;0;552583;1177;12;0;552766;0;0;0;0
FR;4;2021-06-26;4854;23;0;0;4871;0;0;0;0;557437;1200;12;0;557637;0;0;0;0
FR;4;2021-06-27;769;4;0;0;771;0;0;0;0;558206;1204;12;0;558408;0;0;0;0
FR;4;2021-06-28;4835;16;1;0;4844;0;0;0;0;563041;1220;13;0;563252;0;0;0;0
FR;4;2021-06-29;7110;28;2;0;7119;0;0;0;0;570151;1248;15;0;570371;0;0;0;0
FR;4;2021-06-30;6728;41;2;0;6756;0;0;0;0;576879;1289;17;0;577127;0;0;0;0
FR;4;2021-07-01;8213;42;0;0;8235;0;0;0;0;585092;1331;17;0;585362;0;0;0;0
FR;4;2021-07-02;9430;53;1;0;9470;0;0;0;0;594522;1384;18;0;594832;0;0;0;0
FR;4;2021-07-03;4848;20;0;0;4863;0;0;0;0;599370;1404;18;0;599695;0;0;0;0
FR;4;2021-07-04;690;5;0;0;692;0;0;0;0;600060;1409;18;0;600387;0;0;0;0
FR;4;2021-07-05;4774;19;2;0;4785;0;0;0;0;604834;1428;20;0;605172;0;0;0;0
FR;4;2021-07-06;7729;29;4;0;7742;0;0;0;0;612563;1457;24;0;612914;0;0;0;0
FR;4;2021-07-07;7088;34;2;0;7100;0;0;0;0;619651;1491;26;0;620014;0;0;0;0
FR;4;2021-07-08;9235;40;2;0;9258;0;0;0;0;628886;1531;28;0;629272;0;0;0;0
FR;4;2021-07-09;10282;34;1;0;10305;0;0;0;0;639168;1565;29;0;639577;0;0;0;0
FR;4;2021-07-10;4639;14;2;0;4646;0;0;0;0;643807;1579;31;0;644223;0;0;0;0
FR;4;2021-07-11;586;4;1;0;584;0;0;0;0;644393;1583;32;0;644807;0;0;0;0
FR;4;2021-07-12;5878;29;0;0;5900;0;0;0;0;650271;1612;32;0;650707;0;0;0;0
FR;4;2021-07-13;14231;29;0;0;14249;0;0;0;0;664502;1641;32;0;664956;0;0;0;0
FR;4;2021-07-14;2291;15;0;0;2291;0;0;0;0;666793;1656;32;0;667247;0;0;0;0
FR;4;2021-07-15;18239;37;0;0;18256;0;0;0;0;685032;1693;32;0;685503;0;0;0;0
FR;4;2021-07-16;22838;71;2;0;22888;0;0;0;0;707870;1764;34;0;708391;0;0;0;0
FR;4;2021-07-17;9741;20;0;0;9749;0;0;0;0;717611;1784;34;0;718140;0;0;0;0
FR;4;2021-07-18;1359;5;0;0;1362;0;0;0;0;718970;1789;34;0;719502;0;0;0;0
FR;4;2021-07-19;12991;30;1;0;13016;0;0;0;0;731961;1819;35;0;732518;0;0;0;0
FR;4;2021-07-20;17344;26;1;0;17360;0;0;0;0;749305;1845;36;0;749878;0;0;0;0
FR;4;2021-07-21;15623;33;0;0;15643;0;0;0;0;764928;1878;36;0;765521;0;0;0;0
FR;4;2021-07-22;18247;45;2;0;18271;0;0;0;0;783175;1923;38;0;783792;0;0;0;0
FR;4;2021-07-23;20420;57;7;0;20453;0;0;0;0;803595;1980;45;0;804245;0;0;0;0
FR;4;2021-07-24;9290;34;0;0;9305;0;0;0;0;812885;2014;45;0;813550;0;0;0;0
FR;4;2021-07-25;1356;11;0;0;1358;0;0;0;0;814241;2025;45;0;814908;0;0;0;0
FR;4;2021-07-26;11050;23;0;0;11057;0;0;0;0;825291;2048;45;0;825965;0;0;0;0
FR;4;2021-07-27;14688;35;3;0;14708;0;0;0;0;839979;2083;48;0;840673;0;0;0;0
FR;4;2021-07-28;12937;26;2;0;12954;0;0;0;0;852916;2109;50;0;853627;0;0;0;0
FR;4;2021-07-29;14098;54;4;0;14140;0;0;0;0;867014;2163;54;0;867767;0;0;0;0
FR;4;2021-07-30;15502;46;2;0;15532;0;0;0;0;882516;2209;56;0;883299;0;0;0;0
FR;4;2021-07-31;6845;14;2;0;6855;0;0;0;0;889361;2223;58;0;890154;0;0;0;0
FR;4;2021-08-01;906;1;0;0;901;0;0;0;0;890267;2224;58;0;891055;0;0;0;0
FR;4;2021-08-02;7918;31;0;0;7919;0;0;0;0;898185;2255;58;0;898974;0;0;0;0
FR;4;2021-08-03;10805;31;2;0;10801;0;0;0;0;908990;2286;60;0;909775;0;0;0;0
FR;4;2021-08-04;9749;29;0;0;9748;0;0;0;0;918739;2315;60;0;919523;0;0;0;0
FR;4;2021-08-05;9831;42;0;0;9837;0;0;0;0;928570;2357;60;0;929360;0;0;0;0
FR;4;2021-08-06;10201;30;3;0;10198;0;0;0;0;938771;2387;63;0;939558;0;0;0;0
FR;4;2021-08-07;5100;30;1;0;5116;0;0;0;0;943871;2417;64;0;944674;0;0;0;0
FR;4;2021-08-08;1225;13;0;0;1228;0;0;0;0;945096;2430;64;0;945902;0;0;0;0
FR;4;2021-08-09;6350;31;0;0;6343;0;0;0;0;951446;2461;64;0;952245;0;0;0;0
FR;4;2021-08-10;8753;18;0;0;8724;0;0;0;0;960199;2479;64;0;960969;0;0;0;0
FR;4;2021-08-11;7945;34;4;0;7934;0;0;0;0;968144;2513;68;0;968903;0;0;0;0
FR;4;2021-08-12;8585;31;1;0;8573;0;0;0;0;976729;2544;69;0;977476;0;0;0;0
FR;4;2021-08-13;7561;25;0;1;7548;0;0;0;0;984290;2569;69;1;985024;0;0;0;0
FR;4;2021-08-14;3793;20;0;0;3777;0;0;0;0;988083;2589;69;1;988801;0;0;0;0
FR;4;2021-08-15;771;5;0;0;773;0;0;0;0;988854;2594;69;1;989574;0;0;0;0
FR;4;2021-08-16;4009;17;0;0;4004;0;0;0;0;992863;2611;69;1;993578;0;0;0;0
FR;4;2021-08-17;5634;17;1;0;5624;0;0;0;0;998497;2628;70;1;999202;0;0;0;0
FR;4;2021-08-18;5172;37;0;0;5189;0;0;0;0;1003669;2665;70;1;1004391;0;0;0;0
FR;4;2021-08-19;5489;34;3;0;5503;0;0;0;0;1009158;2699;73;1;1009894;0;0;0;0
FR;4;2021-08-20;5225;25;1;0;5235;0;0;0;0;1014383;2724;74;1;1015129;0;0;0;0
FR;4;2021-08-21;2311;23;1;0;2328;0;0;0;0;1016694;2747;75;1;1017457;0;0;0;0
FR;4;2021-08-22;414;2;0;0;415;0;0;0;0;1017108;2749;75;1;1017872;0;0;0;0
FR;4;2021-08-23;2936;21;1;0;2944;0;0;0;0;1020044;2770;76;1;1020816;0;0;0;0
FR;4;2021-08-24;3758;16;0;0;3761;0;0;0;0;1023802;2786;76;1;1024577;0;0;0;0
FR;4;2021-08-25;3546;25;1;0;3562;0;0;0;0;1027348;2811;77;1;1028139;0;0;0;0
FR;4;2021-08-26;3716;21;2;0;3728;0;0;0;0;1031064;2832;79;1;1031867;0;0;0;0
FR;4;2021-08-27;3617;31;2;0;3635;0;0;0;0;1034681;2863;81;1;1035502;0;0;0;0
FR;4;2021-08-28;1732;10;1;0;1737;0;0;0;0;1036413;2873;82;1;1037239;0;0;0;0
FR;4;2021-08-29;385;7;1;0;389;0;0;0;0;1036798;2880;83;1;1037628;0;0;0;0
FR;4;2021-08-30;2010;25;0;0;2018;16;0;0;0;1038808;2905;83;1;1039646;16;0;0;0
FR;4;2021-08-31;2487;21;0;0;2494;14;0;0;0;1041295;2926;83;1;1042140;30;0;0;0
FR;4;2021-09-01;2085;38;1;0;2096;22;0;0;0;1043380;2964;84;1;1044236;52;0;0;0
FR;4;2021-09-02;2309;31;4;0;2322;18;0;0;0;1045689;2995;88;1;1046558;70;0;0;0
FR;4;2021-09-03;2366;44;5;0;2375;36;0;0;0;1048055;3039;93;1;1048933;106;0;0;0
FR;4;2021-09-04;1374;18;0;0;1381;9;0;0;0;1049429;3057;93;1;1050314;115;0;0;0
FR;4;2021-09-05;434;2;0;0;434;2;0;0;0;1049863;3059;93;1;1050748;117;0;0;0
FR;4;2021-09-06;1713;62;0;0;1750;24;0;0;0;1051576;3121;93;1;1052498;141;0;0;0
FR;4;2021-09-07;1681;18;0;0;1690;8;0;0;0;1053257;3139;93;1;1054188;149;0;0;0
FR;4;2021-09-08;1286;26;3;0;1291;19;0;0;0;1054543;3165;96;1;1055479;168;0;0;0
FR;4;2021-09-09;1394;23;2;0;1404;9;0;0;0;1055937;3188;98;1;1056883;177;0;0;0
FR;4;2021-09-10;1522;31;2;0;1526;23;1;0;0;1057459;3219;100;1;1058409;200;1;0;0
FR;4;2021-09-11;746;11;0;0;749;3;0;0;0;1058205;3230;100;1;1059158;203;1;0;0
FR;4;2021-09-12;169;5;0;0;170;4;0;0;0;1058374;3235;100;1;1059328;207;1;0;0
FR;4;2021-09-13;1325;22;1;0;1328;16;0;0;0;1059699;3257;101;1;1060656;223;1;0;0
FR;4;2021-09-14;1507;9;2;0;1509;7;0;0;0;1061206;3266;103;1;1062165;230;1;0;0
FR;4;2021-09-15;1095;28;1;0;1098;25;0;0;0;1062301;3294;104;1;1063263;255;1;0;0
FR;4;2021-09-16;1107;22;2;0;1111;15;0;0;0;1063408;3316;106;1;1064374;270;1;0;0
FR;4;2021-09-17;898;21;1;0;905;12;0;0;0;1064306;3337;107;1;1065279;282;1;0;0
FR;4;2021-09-18;464;7;1;0;465;6;0;0;0;1064770;3344;108;1;1065744;288;1;0;0
FR;4;2021-09-19;182;3;0;0;183;2;0;0;0;1064952;3347;108;1;1065927;290;1;0;0
FR;4;2021-09-20;452;19;0;0;458;13;0;0;0;1065404;3366;108;1;1066385;303;1;0;0
FR;4;2021-09-21;434;11;0;0;436;7;0;0;0;1065838;3377;108;1;1066821;310;1;0;0
FR;4;2021-09-22;377;19;4;0;384;15;0;0;0;1066215;3396;112;1;1067205;325;1;0;0
FR;4;2021-09-23;488;15;1;0;489;14;0;0;0;1066703;3411;113;1;1067694;339;1;0;0
FR;4;2021-09-24;416;13;2;0;420;9;0;0;0;1067119;3424;115;1;1068114;348;1;0;0
FR;4;2021-09-25;281;10;1;0;282;5;0;0;0;1067400;3434;116;1;1068396;353;1;0;0
FR;4;2021-09-26;75;2;0;0;76;1;0;0;0;1067475;3436;116;1;1068472;354;1;0;0
FR;4;2021-09-27;270;10;1;0;271;8;0;0;0;1067745;3446;117;1;1068743;362;1;0;0
FR;4;2021-09-28;319;8;0;0;319;8;0;0;0;1068064;3454;117;1;1069062;370;1;0;0
FR;4;2021-09-29;378;19;1;0;380;13;0;0;0;1068442;3473;118;1;1069442;383;1;0;0
FR;4;2021-09-30;367;41;0;0;381;22;0;0;0;1068809;3514;118;1;1069823;405;1;0;0
FR;4;2021-10-01;411;56;0;0;413;50;0;0;0;1069220;3570;118;1;1070236;455;1;0;0
FR;4;2021-10-02;196;23;1;0;198;14;0;0;0;1069416;3593;119;1;1070434;469;1;0;0
FR;4;2021-10-03;86;1;0;0;87;0;0;0;0;1069502;3594;119;1;1070521;469;1;0;0
FR;4;2021-10-04;363;20;1;0;367;16;0;0;0;1069865;3614;120;1;1070888;485;1;0;0
FR;4;2021-10-05;286;19;2;0;288;15;0;0;0;1070151;3633;122;1;1071176;500;1;0;0
FR;4;2021-10-06;249;23;1;0;254;18;0;0;0;1070400;3656;123;1;1071430;518;1;0;0
FR;4;2021-10-07;268;25;2;0;273;13;0;0;0;1070668;3681;125;1;1071703;531;1;0;0
FR;4;2021-10-08;357;24;2;0;360;20;0;0;0;1071025;3705;127;1;1072063;551;1;0;0
FR;4;2021-10-09;194;6;6;0;195;7;0;0;0;1071219;3711;133;1;1072258;558;1;0;0
FR;4;2021-10-10;97;3;2;0;99;3;0;0;0;1071316;3714;135;1;1072357;561;1;0;0
FR;4;2021-10-11;252;15;1;0;253;14;0;0;0;1071568;3729;136;1;1072610;575;1;0;0
FR;4;2021-10-12;211;14;0;0;211;13;0;0;0;1071779;3743;136;1;1072821;588;1;0;0
FR;4;2021-10-13;221;28;1;0;224;25;0;0;0;1072000;3771;137;1;1073045;613;1;0;0
FR;4;2021-10-14;316;21;4;0;320;15;0;0;0;1072316;3792;141;1;1073365;628;1;0;0
FR;4;2021-10-15;324;24;5;0;325;25;0;0;0;1072640;3816;146;1;1073690;653;1;0;0
FR;4;2021-10-16;167;6;2;0;167;6;0;0;0;1072807;3822;148;1;1073857;659;1;0;0
FR;4;2021-10-17;70;2;0;0;71;1;0;0;0;1072877;3824;148;1;1073928;660;1;0;0
FR;4;2021-10-18;282;16;1;0;284;13;0;0;0;1073159;3840;149;1;1074212;673;1;0;0
FR;4;2021-10-19;215;15;2;0;215;16;0;0;0;1073374;3855;151;1;1074427;689;1;0;0
FR;4;2021-10-20;232;27;4;0;235;15;0;0;0;1073606;3882;155;1;1074662;704;1;0;0
FR;4;2021-10-21;244;18;0;0;246;14;0;0;0;1073850;3900;155;1;1074908;718;1;0;0
FR;4;2021-10-22;217;25;2;0;219;20;1;0;0;1074067;3925;157;1;1075127;738;2;0;0
FR;4;2021-10-23;117;16;1;0;118;15;0;0;0;1074184;3941;158;1;1075245;753;2;0;0
FR;4;2021-10-24;39;4;0;0;39;1;0;0;0;1074223;3945;158;1;1075284;754;2;0;0
FR;4;2021-10-25;218;7;2;0;218;9;0;0;0;1074441;3952;160;1;1075502;763;2;0;0
FR;4;2021-10-26;200;14;0;0;202;12;0;0;0;1074641;3966;160;1;1075704;775;2;0;0
FR;4;2021-10-27;196;12;4;0;196;12;2;0;0;1074837;3978;164;1;1075900;787;4;0;0
FR;4;2021-10-28;187;18;5;0;187;22;0;0;0;1075024;3996;169;1;1076087;809;4;0;0
FR;4;2021-10-29;227;18;2;0;228;16;0;0;0;1075251;4014;171;1;1076315;825;4;0;0
FR;4;2021-10-30;104;2;1;0;105;2;0;0;0;1075355;4016;172;1;1076420;827;4;0;0
FR;4;2021-10-31;59;3;2;0;60;3;0;0;0;1075414;4019;174;1;1076480;830;4;0;0
FR;4;2021-11-01;76;27;4;0;77;24;3;0;0;1075490;4046;178;1;1076557;854;7;0;0
FR;4;2021-11-02;164;21;2;0;165;21;0;0;0;1075654;4067;180;1;1076722;875;7;0;0
FR;4;2021-11-03;133;21;8;1;134;19;6;0;0;1075787;4088;188;2;1076856;894;13;0;0
FR;4;2021-11-04;187;15;1;0;188;12;1;0;0;1075974;4103;189;2;1077044;906;14;0;0
FR;4;2021-11-05;131;17;1;0;132;16;0;0;0;1076105;4120;190;2;1077176;922;14;0;0
FR;4;2021-11-06;82;6;1;0;82;6;0;0;0;1076187;4126;191;2;1077258;928;14;0;0
FR;4;2021-11-07;83;2;2;0;83;4;0;0;0;1076270;4128;193;2;1077341;932;14;0;0
FR;4;2021-11-08;162;20;1;0;163;20;0;0;0;1076432;4148;194;2;1077504;952;14;0;0
FR;4;2021-11-09;159;14;3;0;159;16;0;0;0;1076591;4162;197;2;1077663;968;14;0;0
FR;4;2021-11-10;121;30;7;0;121;33;2;0;0;1076712;4192;204;2;1077784;1001;16;0;0
FR;4;2021-11-11;100;10;1;0;100;11;0;0;0;1076812;4202;205;2;1077884;1012;16;0;0
FR;4;2021-11-12;107;19;2;0;108;18;1;0;0;1076919;4221;207;2;1077992;1030;17;0;0
FR;4;2021-11-13;74;15;2;0;75;14;0;0;0;1076993;4236;209;2;1078067;1044;17;0;0
FR;4;2021-11-14;55;5;4;0;56;8;0;0;0;1077048;4241;213;2;1078123;1052;17;0;0
FR;4;2021-11-15;99;26;2;0;101;24;2;0;0;1077147;4267;215;2;1078224;1076;19;0;0
FR;4;2021-11-16;112;14;3;0;112;17;0;0;0;1077259;4281;218;2;1078336;1093;19;0;0
FR;4;2021-11-17;122;30;4;0;122;30;1;0;0;1077381;4311;222;2;1078458;1123;20;0;0
FR;4;2021-11-18;103;34;14;0;105;43;1;0;0;1077484;4345;236;2;1078563;1166;21;0;0
FR;4;2021-11-19;89;21;3;0;89;22;1;0;0;1077573;4366;239;2;1078652;1188;22;0;0
FR;4;2021-11-20;78;8;1;0;78;8;0;0;0;1077651;4374;240;2;1078730;1196;22;0;0
FR;4;2021-11-21;69;7;2;0;69;9;0;0;0;1077720;4381;242;2;1078799;1205;22;0;0
FR;4;2021-11-22;109;28;9;0;110;33;2;0;0;1077829;4409;251;2;1078909;1238;24;0;0
FR;4;2021-11-23;78;31;6;0;79;29;2;0;0;1077907;4440;257;2;1078988;1267;26;0;0
FR;4;2021-11-24;91;23;12;0;93;25;4;0;0;1077998;4463;269;2;1079081;1292;30;0;0
FR;4;2021-11-25;96;28;19;0;97;35;5;0;0;1078094;4491;288;2;1079178;1327;35;0;0
FR;4;2021-11-26;86;43;12;0;90;45;3;0;0;1078180;4534;300;2;1079268;1372;38;0;0
FR;4;2021-11-27;42;22;15;0;42;25;10;0;0;1078222;4556;315;2;1079310;1397;48;0;0
FR;4;2021-11-28;53;8;0;0;54;7;0;0;0;1078275;4564;315;2;1079364;1404;48;0;0
FR;4;2021-11-29;90;31;16;0;90;40;2;0;0;1078365;4595;331;2;1079454;1444;50;0;0
FR;4;2021-11-30;77;37;13;0;77;42;2;0;0;1078442;4632;344;2;1079531;1486;52;0;0
FR;4;2021-12-01;88;60;19;0;88;67;11;0;0;1078530;4692;363;2;1079619;1553;63;0;0
FR;4;2021-12-02;114;48;21;0;118;56;3;0;0;1078644;4740;384;2;1079737;1609;66;0;0
FR;4;2021-12-03;105;36;15;0;105;44;4;0;0;1078749;4776;399;2;1079842;1653;70;0;0
FR;4;2021-12-04;73;31;18;0;75;44;1;0;0;1078822;4807;417;2;1079917;1697;71;0;0
FR;4;2021-12-05;64;7;1;0;65;7;0;0;0;1078886;4814;418;2;1079982;1704;71;0;0
FR;4;2021-12-06;112;46;20;0;112;60;3;0;0;1078998;4860;438;2;1080094;1764;74;0;0
FR;4;2021-12-07;85;37;9;0;88;36;3;0;0;1079083;4897;447;2;1080182;1800;77;0;0
FR;4;2021-12-08;74;31;17;0;76;38;7;0;0;1079157;4928;464;2;1080258;1838;84;0;0
FR;4;2021-12-09;65;32;10;1;65;39;3;0;0;1079222;4960;474;3;1080323;1877;87;0;0
FR;4;2021-12-10;64;64;20;0;65;68;10;0;0;1079286;5024;494;3;1080388;1945;97;0;0
FR;4;2021-12-11;30;34;7;0;30;34;3;0;0;1079316;5058;501;3;1080418;1979;100;0;0
FR;4;2021-12-12;30;12;3;0;30;15;0;0;0;1079346;5070;504;3;1080448;1994;100;0;0
FR;4;2021-12-13;79;40;14;0;81;49;2;0;0;1079425;5110;518;3;1080529;2043;102;0;0
FR;4;2021-12-14;61;43;18;0;62;55;2;0;0;1079486;5153;536;3;1080591;2098;104;0;0
FR;4;2021-12-15;68;65;29;0;68;86;6;0;0;1079554;5218;565;3;1080659;2184;110;0;0
FR;4;2021-12-16;35;45;18;0;36;58;3;0;0;1079589;5263;583;3;1080695;2242;113;0;0
FR;4;2021-12-17;39;55;11;0;39;59;6;0;0;1079628;5318;594;3;1080734;2301;119;0;0
FR;4;2021-12-18;49;31;3;0;50;33;0;0;0;1079677;5349;597;3;1080784;2334;119;0;0
FR;4;2021-12-19;17;4;1;0;18;4;0;0;0;1079694;5353;598;3;1080802;2338;119;0;0
FR;4;2021-12-20;45;38;10;0;46;41;6;0;0;1079739;5391;608;3;1080848;2379;125;0;0
FR;4;2021-12-21;32;32;17;0;34;39;5;0;0;1079771;5423;625;3;1080882;2418;130;0;0
FR;4;2021-12-22;37;39;10;0;38;39;7;0;0;1079808;5462;635;3;1080920;2457;137;0;0
FR;4;2021-12-23;41;45;8;0;41;49;2;0;0;1079849;5507;643;3;1080961;2506;139;0;0
FR;4;2021-12-24;24;28;10;0;26;31;4;0;0;1079873;5535;653;3;1080987;2537;143;0;0
FR;4;2021-12-25;7;3;3;0;7;4;2;0;0;1079880;5538;656;3;1080994;2541;145;0;0
FR;4;2021-12-26;5;3;1;0;6;2;0;0;0;1079885;5541;657;3;1081000;2543;145;0;0
FR;4;2021-12-27;31;41;9;0;32;43;4;0;0;1079916;5582;666;3;1081032;2586;149;0;0
FR;4;2021-12-28;28;28;7;0;30;29;4;0;0;1079944;5610;673;3;1081062;2615;153;0;0
FR;4;2021-12-29;56;25;11;0;57;30;5;0;0;1080000;5635;684;3;1081119;2645;158;0;0
FR;4;2021-12-30;48;19;12;0;51;22;5;0;0;1080048;5654;696;3;1081170;2667;163;0;0
FR;4;2021-12-31;20;6;8;0;21;11;2;0;0;1080068;5660;704;3;1081191;2678;165;0;0
FR;4;2022-01-01;7;4;5;0;7;7;1;0;0;1080075;5664;709;3;1081198;2685;166;0;0
FR;4;2022-01-02;43;5;16;0;43;20;1;0;0;1080118;5669;725;3;1081241;2705;167;0;0
FR;4;2022-01-03;45;55;25;1;47;65;10;0;0;1080163;5724;750;4;1081288;2770;177;0;0
FR;4;2022-01-04;44;28;16;0;45;33;8;0;0;1080207;5752;766;4;1081333;2803;185;0;0
FR;4;2022-01-05;52;24;19;0;58;27;9;0;0;1080259;5776;785;4;1081391;2830;194;0;0
FR;4;2022-01-06;52;24;24;0;52;40;8;0;0;1080311;5800;809;4;1081443;2870;202;0;0
FR;4;2022-01-07;31;20;16;0;33;21;12;0;0;1080342;5820;825;4;1081476;2891;214;0;0
FR;4;2022-01-08;13;6;10;0;14;12;3;0;0;1080355;5826;835;4;1081490;2903;217;0;0
FR;4;2022-01-09;20;2;3;0;21;4;0;0;0;1080375;5828;838;4;1081511;2907;217;0;0
FR;4;2022-01-10;53;22;19;0;53;36;4;0;0;1080428;5850;857;4;1081564;2943;221;0;0
FR;4;2022-01-11;30;31;12;0;34;35;1;0;0;1080458;5881;869;4;1081598;2978;222;0;0
FR;4;2022-01-12;35;21;13;0;37;23;9;0;0;1080493;5902;882;4;1081635;3001;231;0;0
FR;4;2022-01-13;55;20;27;0;56;38;8;0;0;1080548;5922;909;4;1081691;3039;239;0;0
FR;4;2022-01-14;25;32;13;0;26;35;7;0;0;1080573;5954;922;4;1081717;3074;246;0;0
FR;4;2022-01-15;15;6;8;0;16;12;1;0;0;1080588;5960;930;4;1081733;3086;247;0;0
FR;4;2022-01-16;13;9;14;0;13;22;1;0;0;1080601;5969;944;4;1081746;3108;248;0;0
FR;4;2022-01-17;27;20;15;0;27;29;5;0;0;1080628;5989;959;4;1081773;3137;253;0;0
FR;4;2022-01-18;17;14;10;0;17;21;3;0;0;1080645;6003;969;4;1081790;3158;256;0;0
FR;4;2022-01-19;33;23;13;0;33;34;1;0;0;1080678;6026;982;4;1081823;3192;257;0;0
FR;4;2022-01-20;34;34;13;0;36;39;5;0;0;1080712;6060;995;4;1081859;3231;262;0;0
FR;4;2022-01-21;13;12;20;1;13;17;15;0;1;1080725;6072;1015;5;1081872;3248;277;0;1
FR;4;2022-01-22;30;13;3;0;30;14;2;0;0;1080755;6085;1018;5;1081902;3262;279;0;1
FR;4;2022-01-23;8;2;7;0;8;9;0;0;0;1080763;6087;1025;5;1081910;3271;279;0;1
FR;4;2022-01-24;14;21;9;0;15;28;1;0;0;1080777;6108;1034;5;1081925;3299;280;0;1
FR;4;2022-01-25;22;32;10;1;23;38;3;0;0;1080799;6140;1044;6;1081948;3337;283;0;1
FR;4;2022-01-26;20;17;9;1;21;21;4;0;0;1080819;6157;1053;7;1081969;3358;287;0;1
FR;4;2022-01-27;22;19;8;0;23;25;1;0;0;1080841;6176;1061;7;1081992;3383;288;0;1
FR;4;2022-01-28;14;23;8;0;15;26;4;0;0;1080855;6199;1069;7;1082007;3409;292;0;1
FR;4;2022-01-29;17;6;5;0;17;10;0;0;0;1080872;6205;1074;7;1082024;3419;292;0;1
FR;4;2022-01-30;19;3;2;0;19;5;0;0;0;1080891;6208;1076;7;1082043;3424;292;0;1
FR;4;2022-01-31;22;28;8;0;22;32;2;0;0;1080913;6236;1084;7;1082065;3456;294;0;1
FR;4;2022-02-01;13;24;13;0;15;25;9;0;0;1080926;6260;1097;7;1082080;3481;303;0;1
FR;4;2022-02-02;19;12;14;2;20;20;7;0;0;1080945;6272;1111;9;1082100;3501;310;0;1
FR;4;2022-02-03;16;24;11;0;18;29;4;0;0;1080961;6296;1122;9;1082118;3530;314;0;1
FR;4;2022-02-04;7;5;7;0;7;9;3;0;0;1080968;6301;1129;9;1082125;3539;317;0;1
FR;4;2022-02-05;7;14;1;0;8;13;1;0;0;1080975;6315;1130;9;1082133;3552;318;0;1
FR;4;2022-02-06;8;4;4;0;8;7;1;0;0;1080983;6319;1134;9;1082141;3559;319;0;1
FR;4;2022-02-07;15;20;8;0;17;20;6;0;0;1080998;6339;1142;9;1082158;3579;325;0;1
FR;4;2022-02-08;20;21;13;1;22;22;10;0;0;1081018;6360;1155;10;1082180;3601;335;0;1
FR;4;2022-02-09;18;12;9;0;19;17;2;0;0;1081036;6372;1164;10;1082199;3618;337;0;1
FR;4;2022-02-10;23;23;10;0;24;25;7;0;0;1081059;6395;1174;10;1082223;3643;344;0;1
FR;4;2022-02-11;18;15;8;0;18;20;3;0;0;1081077;6410;1182;10;1082241;3663;347;0;1
FR;4;2022-02-12;24;6;3;0;26;7;0;0;0;1081101;6416;1185;10;1082267;3670;347;0;1
FR;4;2022-02-13;7;3;3;0;7;6;0;0;0;1081108;6419;1188;10;1082274;3676;347;0;1
FR;4;2022-02-14;22;10;10;0;22;16;4;0;0;1081130;6429;1198;10;1082296;3692;351;0;1
FR;4;2022-02-15;18;7;2;0;18;8;0;0;0;1081148;6436;1200;10;1082314;3700;351;0;1
FR;4;2022-02-16;17;11;11;0;17;18;3;0;0;1081165;6447;1211;10;1082331;3718;354;0;1
FR;4;2022-02-17;11;4;5;0;11;7;2;0;0;1081176;6451;1216;10;1082342;3725;356;0;1
FR;4;2022-02-18;16;15;8;0;16;21;2;0;0;1081192;6466;1224;10;1082358;3746;358;0;1
FR;4;2022-02-19;16;4;2;0;17;5;0;0;0;1081208;6470;1226;10;1082375;3751;358;0;1
FR;4;2022-02-20;9;4;0;0;10;3;0;0;0;1081217;6474;1226;10;1082385;3754;358;0;1
FR;4;2022-02-21;24;5;4;0;24;7;2;0;0;1081241;6479;1230;10;1082409;3761;360;0;1
FR;4;2022-02-22;9;5;10;0;10;10;4;0;0;1081250;6484;1240;10;1082419;3771;364;0;1
FR;4;2022-02-23;17;6;10;0;17;10;5;0;0;1081267;6490;1250;10;1082436;3781;369;0;1
FR;4;2022-02-24;11;5;4;0;11;7;2;0;0;1081278;6495;1254;10;1082447;3788;371;0;1
FR;4;2022-02-25;17;5;7;0;17;6;6;0;0;1081295;6500;1261;10;1082464;3794;377;0;1
FR;4;2022-02-26;27;3;1;0;27;4;0;0;0;1081322;6503;1262;10;1082491;3798;377;0;1
FR;4;2022-02-27;9;0;1;0;9;1;0;0;0;1081331;6503;1263;10;1082500;3799;377;0;1
FR;4;2022-02-28;18;3;2;0;19;3;1;0;0;1081349;6506;1265;10;1082519;3802;378;0;1
FR;4;2022-03-01;8;4;7;0;8;5;5;0;0;1081357;6510;1272;10;1082527;3807;383;0;1
FR;4;2022-03-02;16;3;6;0;17;7;1;0;0;1081373;6513;1278;10;1082544;3814;384;0;1
FR;4;2022-03-03;19;5;3;0;19;6;1;0;0;1081392;6518;1281;10;1082563;3820;385;0;1
FR;4;2022-03-04;7;8;2;1;7;6;3;0;0;1081399;6526;1283;11;1082570;3826;388;0;1
FR;4;2022-03-05;9;2;0;0;9;2;0;0;0;1081408;6528;1283;11;1082579;3828;388;0;1
FR;4;2022-03-06;4;0;1;0;4;1;0;0;0;1081412;6528;1284;11;1082583;3829;388;0;1
FR;4;2022-03-07;11;6;2;0;11;5;2;0;0;1081423;6534;1286;11;1082594;3834;390;0;1
FR;4;2022-03-08;15;3;0;0;15;3;0;0;0;1081438;6537;1286;11;1082609;3837;390;0;1
FR;4;2022-03-09;9;7;2;0;11;7;0;0;0;1081447;6544;1288;11;1082620;3844;390;0;1
FR;4;2022-03-10;6;1;6;0;6;3;4;0;0;1081453;6545;1294;11;1082626;3847;394;0;1
FR;4;2022-03-11;10;4;5;0;12;2;5;0;0;1081463;6549;1299;11;1082638;3849;399;0;1
FR;4;2022-03-12;10;2;0;0;11;0;0;0;0;1081473;6551;1299;11;1082649;3849;399;0;1
FR;4;2022-03-13;6;2;1;0;7;2;0;0;0;1081479;6553;1300;11;1082656;3851;399;0;1
FR;4;2022-03-14;4;3;1;0;5;3;0;0;0;1081483;6556;1301;11;1082661;3854;399;0;1
FR;4;2022-03-15;8;8;3;0;10;7;2;0;0;1081491;6564;1304;11;1082671;3861;401;0;1
FR;4;2022-03-16;7;3;4;0;7;4;3;0;0;1081498;6567;1308;11;1082678;3865;404;0;1
FR;4;2022-03-17;4;4;1;0;4;5;0;0;0;1081502;6571;1309;11;1082682;3870;404;0;1
FR;4;2022-03-18;9;3;0;0;9;3;0;0;0;1081511;6574;1309;11;1082691;3873;404;0;1
FR;4;2022-03-19;1;1;1;0;1;2;0;0;0;1081512;6575;1310;11;1082692;3875;404;0;1
FR;4;2022-03-20;3;1;2;0;3;2;1;0;0;1081515;6576;1312;11;1082695;3877;405;0;1
FR;4;2022-03-21;6;4;1;0;6;5;0;0;0;1081521;6580;1313;11;1082701;3882;405;0;1
FR;4;2022-03-22;4;2;2;0;4;3;1;0;0;1081525;6582;1315;11;1082705;3885;406;0;1
FR;4;2022-03-23;6;4;5;0;6;8;1;0;0;1081531;6586;1320;11;1082711;3893;407;0;1
FR;4;2022-03-24;2;5;3;1;2;7;2;0;0;1081533;6591;1323;12;1082713;3900;409;0;1
FR;4;2022-03-25;4;1;2;0;4;1;2;0;0;1081537;6592;1325;12;1082717;3901;411;0;1
FR;4;2022-03-26;5;5;0;0;5;5;0;0;0;1081542;6597;1325;12;1082722;3906;411;0;1
FR;4;2022-03-27;1;0;3;0;1;2;1;0;0;1081543;6597;1328;12;1082723;3908;412;0;1
FR;4;2022-03-28;6;1;3;0;7;3;0;0;0;1081549;6598;1331;12;1082730;3911;412;0;1
FR;4;2022-03-29;9;0;4;1;9;0;2;0;0;1081558;6598;1335;13;1082739;3911;414;0;1
FR;4;2022-03-30;3;4;0;0;3;4;0;0;0;1081561;6602;1335;13;1082742;3915;414;0;1
FR;4;2022-03-31;5;3;2;1;5;4;1;0;0;1081566;6605;1337;14;1082747;3919;415;0;1
FR;4;2022-04-01;15;3;5;0;15;6;2;0;0;1081581;6608;1342;14;1082762;3925;417;0;1
FR;4;2022-04-02;4;4;0;0;5;3;0;0;0;1081585;6612;1342;14;1082767;3928;417;0;1
FR;4;2022-04-03;0;1;0;0;0;1;0;0;0;1081585;6613;1342;14;1082767;3929;417;0;1
FR;4;2022-04-04;4;4;4;0;5;5;2;0;0;1081589;6617;1346;14;1082772;3934;419;0;1
FR;4;2022-04-05;4;3;3;1;5;3;3;0;0;1081593;6620;1349;15;1082777;3937;422;0;1
FR;4;2022-04-06;6;1;0;0;6;1;0;0;0;1081599;6621;1349;15;1082783;3938;422;0;1
FR;4;2022-04-07;3;2;3;2;3;5;0;0;0;1081602;6623;1352;17;1082786;3943;422;0;1
FR;4;2022-04-08;4;2;1;0;4;2;1;0;0;1081606;6625;1353;17;1082790;3945;423;0;1
FR;4;2022-04-09;0;0;1;1;0;1;1;0;0;1081606;6625;1354;18;1082790;3946;424;0;1
FR;4;2022-04-10;2;2;0;0;2;2;0;0;0;1081608;6627;1354;18;1082792;3948;424;0;1
FR;4;2022-04-11;4;3;4;0;4;5;2;0;0;1081612;6630;1358;18;1082796;3953;426;0;1
FR;4;2022-04-12;6;1;4;0;6;2;3;0;0;1081618;6631;1362;18;1082802;3955;429;0;1
FR;4;2022-04-13;5;8;2;1;5;10;1;0;0;1081623;6639;1364;19;1082807;3965;430;0;1
FR;4;2022-04-14;6;4;2;1;7;5;1;0;0;1081629;6643;1366;20;1082814;3970;431;0;1
FR;4;2022-04-15;7;9;1;0;7;10;0;0;0;1081636;6652;1367;20;1082821;3980;431;0;1
FR;4;2022-04-16;1;0;0;0;1;0;0;0;0;1081637;6652;1367;20;1082822;3980;431;0;1
FR;4;2022-04-17;3;2;1;0;3;3;0;0;0;1081640;6654;1368;20;1082825;3983;431;0;1
FR;4;2022-04-18;2;2;6;0;2;4;4;0;0;1081642;6656;1374;20;1082827;3987;435;0;1
FR;4;2022-04-19;3;1;1;0;3;1;1;0;0;1081645;6657;1375;20;1082830;3988;436;0;1
FR;4;2022-04-20;15;4;1;1;16;3;1;0;0;1081660;6661;1376;21;1082846;3991;437;0;1
FR;4;2022-04-21;7;1;0;0;7;1;0;0;0;1081667;6662;1376;21;1082853;3992;437;0;1
FR;4;2022-04-22;1;1;2;0;1;2;1;0;0;1081668;6663;1378;21;1082854;3994;438;0;1
FR;4;2022-04-23;2;3;3;0;2;6;0;0;0;1081670;6666;1381;21;1082856;4000;438;0;1
FR;4;2022-04-24;0;3;0;0;0;3;0;0;0;1081670;6669;1381;21;1082856;4003;438;0;1
FR;4;2022-04-25;3;5;3;0;3;8;0;0;0;1081673;6674;1384;21;1082859;4011;438;0;1
FR;4;2022-04-26;5;6;1;0;5;6;1;0;0;1081678;6680;1385;21;1082864;4017;439;0;1
FR;4;2022-04-27;4;1;1;2;5;1;2;0;0;1081682;6681;1386;23;1082869;4018;441;0;1
FR;4;2022-04-28;3;5;5;1;3;7;4;0;0;1081685;6686;1391;24;1082872;4025;445;0;1
FR;4;2022-04-29;6;3;0;0;6;2;0;0;0;1081691;6689;1391;24;1082878;4027;445;0;1
FR;4;2022-04-30;2;1;1;0;2;2;0;0;0;1081693;6690;1392;24;1082880;4029;445;0;1
FR;4;2022-05-01;0;0;0;0;0;0;0;0;0;1081693;6690;1392;24;1082880;4029;445;0;1
FR;4;2022-05-02;5;16;6;0;5;19;3;0;0;1081698;6706;1398;24;1082885;4048;448;0;1
FR;4;2022-05-03;2;6;2;0;2;7;1;0;0;1081700;6712;1400;24;1082887;4055;449;0;1
FR;4;2022-05-04;7;4;1;0;7;4;1;0;0;1081707;6716;1401;24;1082894;4059;450;0;1
FR;4;2022-05-05;5;2;1;1;6;1;2;0;0;1081712;6718;1402;25;1082900;4060;452;0;1
FR;4;2022-05-06;5;3;1;0;6;2;1;0;0;1081717;6721;1403;25;1082906;4062;453;0;1
FR;4;2022-05-07;0;1;0;0;0;1;0;0;0;1081717;6722;1403;25;1082906;4063;453;0;1
FR;4;2022-05-08;1;1;0;0;1;1;0;0;0;1081718;6723;1403;25;1082907;4064;453;0;1
FR;4;2022-05-09;5;1;0;1;5;1;1;0;0;1081723;6724;1403;26;1082912;4065;454;0;1
FR;4;2022-05-10;3;1;0;2;3;3;0;0;0;1081726;6725;1403;28;1082915;4068;454;0;1
FR;4;2022-05-11;4;2;4;0;4;5;1;0;0;1081730;6727;1407;28;1082919;4073;455;0;1
FR;4;2022-05-12;7;4;2;1;7;5;1;0;1;1081737;6731;1409;29;1082926;4078;456;0;2
FR;4;2022-05-13;1;0;2;0;1;2;0;0;0;1081738;6731;1411;29;1082927;4080;456;0;2
FR;4;2022-05-14;0;2;0;0;0;2;0;0;0;1081738;6733;1411;29;1082927;4082;456;0;2
FR;4;2022-05-15;2;2;0;0;4;0;0;0;0;1081740;6735;1411;29;1082931;4082;456;0;2
FR;4;2022-05-16;5;2;2;0;5;2;2;0;0;1081745;6737;1413;29;1082936;4084;458;0;2
FR;4;2022-05-17;5;1;2;0;5;3;0;0;0;1081750;6738;1415;29;1082941;4087;458;0;2
FR;4;2022-05-18;3;6;0;0;3;6;0;0;0;1081753;6744;1415;29;1082944;4093;458;0;2
FR;4;2022-05-19;2;3;3;0;2;5;1;0;0;1081755;6747;1418;29;1082946;4098;459;0;2
FR;4;2022-05-20;5;2;3;0;5;2;3;0;0;1081760;6749;1421;29;1082951;4100;462;0;2
FR;4;2022-05-21;2;0;1;0;2;1;0;0;0;1081762;6749;1422;29;1082953;4101;462;0;2
FR;4;2022-05-22;0;0;1;0;0;1;0;0;0;1081762;6749;1423;29;1082953;4102;462;0;2
FR;4;2022-05-23;0;0;2;0;0;0;2;0;0;1081762;6749;1425;29;1082953;4102;464;0;2
FR;4;2022-05-24;2;4;1;0;2;5;0;0;0;1081764;6753;1426;29;1082955;4107;464;0;2
FR;4;2022-05-25;1;4;1;0;3;3;0;0;0;1081765;6757;1427;29;1082958;4110;464;0;2
FR;4;2022-05-26;5;0;1;0;5;1;0;0;0;1081770;6757;1428;29;1082963;4111;464;0;2
FR;4;2022-05-27;0;2;1;1;0;3;1;0;0;1081770;6759;1429;30;1082963;4114;465;0;2
FR;4;2022-05-28;1;0;0;0;1;0;0;0;0;1081771;6759;1429;30;1082964;4114;465;0;2
FR;4;2022-05-29;1;0;1;0;1;1;0;0;0;1081772;6759;1430;30;1082965;4115;465;0;2
FR;4;2022-05-30;3;4;2;0;3;5;1;0;0;1081775;6763;1432;30;1082968;4120;466;0;2
FR;4;2022-05-31;2;1;0;0;2;1;0;0;0;1081777;6764;1432;30;1082970;4121;466;0;2
FR;4;2022-06-01;3;11;7;0;3;15;3;0;0;1081780;6775;1439;30;1082973;4136;469;0;2
FR;4;2022-06-02;6;7;3;0;6;7;2;0;0;1081786;6782;1442;30;1082979;4143;471;0;2
FR;4;2022-06-03;2;6;4;1;2;7;4;0;0;1081788;6788;1446;31;1082981;4150;475;0;2
FR;4;2022-06-04;0;1;1;1;0;1;2;0;0;1081788;6789;1447;32;1082981;4151;477;0;2
FR;4;2022-06-05;1;0;0;0;1;0;0;0;0;1081789;6789;1447;32;1082982;4151;477;0;2
FR;4;2022-06-06;8;0;3;0;8;2;1;0;0;1081797;6789;1450;32;1082990;4153;478;0;2
FR;4;2022-06-07;7;2;0;1;7;2;1;0;0;1081804;6791;1450;33;1082997;4155;479;0;2
FR;4;2022-06-08;0;5;3;0;1;7;0;0;0;1081804;6796;1453;33;1082998;4162;479;0;2
FR;4;2022-06-09;1;2;0;0;2;1;0;0;0;1081805;6798;1453;33;1083000;4163;479;0;2
FR;4;2022-06-10;4;0;3;0;4;1;2;0;0;1081809;6798;1456;33;1083004;4164;481;0;2
FR;4;2022-06-11;1;0;0;0;1;0;0;0;0;1081810;6798;1456;33;1083005;4164;481;0;2
FR;4;2022-06-12;4;1;1;0;4;2;0;0;0;1081814;6799;1457;33;1083009;4166;481;0;2
FR;4;2022-06-13;6;2;3;0;7;2;1;0;0;1081820;6801;1460;33;1083016;4168;482;0;2
FR;4;2022-06-14;4;3;0;0;5;2;0;0;0;1081824;6804;1460;33;1083021;4170;482;0;2
FR;4;2022-06-15;10;3;4;0;10;3;4;0;0;1081834;6807;1464;33;1083031;4173;486;0;2
FR;4;2022-06-16;2;3;1;1;3;2;1;0;1;1081836;6810;1465;34;1083034;4175;487;0;3
FR;4;2022-06-17;6;1;0;0;6;1;0;0;0;1081842;6811;1465;34;1083040;4176;487;0;3
FR;4;2022-06-18;0;0;0;0;0;0;0;0;0;1081842;6811;1465;34;1083040;4176;487;0;3
FR;4;2022-06-19;3;0;0;0;3;0;0;0;0;1081845;6811;1465;34;1083043;4176;487;0;3
FR;4;2022-06-20;6;2;2;1;6;3;2;0;0;1081851;6813;1467;35;1083049;4179;489;0;3
FR;4;2022-06-21;5;2;4;1;6;4;2;0;0;1081856;6815;1471;36;1083055;4183;491;0;3
FR;4;2022-06-22;3;2;1;3;4;2;1;0;0;1081859;6817;1472;39;1083059;4185;492;0;3
FR;4;2022-06-23;3;3;3;0;3;5;1;0;0;1081862;6820;1475;39;1083062;4190;493;0;3
FR;4;2022-06-24;3;0;2;0;3;0;2;0;0;1081865;6820;1477;39;1083065;4190;495;0;3
FR;4;2022-06-25;3;0;1;1;3;1;1;0;0;1081868;6820;1478;40;1083068;4191;496;0;3
FR;4;2022-06-26;0;0;2;0;0;2;0;0;0;1081868;6820;1480;40;1083068;4193;496;0;3
FR;4;2022-06-27;2;2;1;3;2;3;3;0;0;1081870;6822;1481;43;1083070;4196;499;0;3
FR;4;2022-06-28;0;4;2;1;0;5;2;0;0;1081870;6826;1483;44;1083070;4201;501;0;3
FR;4;2022-06-29;1;2;0;0;1;2;0;0;0;1081871;6828;1483;44;1083071;4203;501;0;3
FR;4;2022-06-30;2;0;0;0;2;0;0;0;0;1081873;6828;1483;44;1083073;4203;501;0;3
FR;4;2022-07-01;3;4;8;0;3;4;8;0;0;1081876;6832;1491;44;1083076;4207;509;0;3
FR;4;2022-07-02;0;1;0;0;1;0;0;0;0;1081876;6833;1491;44;1083077;4207;509;0;3
FR;4;2022-07-03;0;0;0;0;0;0;0;0;0;1081876;6833;1491;44;1083077;4207;509;0;3
FR;4;2022-07-04;4;1;0;0;4;1;0;0;0;1081880;6834;1491;44;1083081;4208;509;0;3
FR;4;2022-07-05;4;1;3;0;4;3;1;0;0;1081884;6835;1494;44;1083085;4211;510;0;3
FR;4;2022-07-06;5;0;1;1;5;0;1;0;1;1081889;6835;1495;45;1083090;4211;511;0;4
FR;4;2022-07-07;2;1;2;1;2;1;3;0;0;1081891;6836;1497;46;1083092;4212;514;0;4
FR;4;2022-07-08;4;1;0;0;4;1;0;0;0;1081895;6837;1497;46;1083096;4213;514;0;4
FR;4;2022-07-09;2;2;1;0;2;3;0;0;0;1081897;6839;1498;46;1083098;4216;514;0;4
FR;4;2022-07-10;2;0;1;0;2;0;0;0;0;1081899;6839;1499;46;1083100;4216;514;0;4
FR;4;2022-07-11;3;0;2;0;3;0;1;0;0;1081902;6839;1501;46;1083103;4216;515;0;4
FR;4;2022-07-12;0;0;2;0;0;2;0;0;0;1081902;6839;1503;46;1083103;4218;515;0;4
FR;4;2022-07-13;3;2;3;1;3;2;4;0;0;1081905;6841;1506;47;1083106;4220;519;0;4
FR;4;2022-07-14;6;0;1;0;6;0;1;0;0;1081911;6841;1507;47;1083112;4220;520;0;4
FR;4;2022-07-15;11;2;0;0;11;2;0;0;0;1081922;6843;1507;47;1083123;4222;520;0;4
FR;4;2022-07-16;5;0;0;2;5;0;2;0;0;1081927;6843;1507;49;1083128;4222;522;0;4
FR;4;2022-07-17;1;0;1;1;1;0;2;0;0;1081928;6843;1508;50;1083129;4222;524;0;4
FR;4;2022-07-18;3;3;2;0;3;3;2;0;0;1081931;6846;1510;50;1083132;4225;526;0;4
FR;4;2022-07-19;5;0;1;0;5;1;0;0;0;1081936;6846;1511;50;1083137;4226;526;0;4
FR;4;2022-07-20;12;2;1;0;13;2;0;0;0;1081948;6848;1512;50;1083150;4228;526;0;4
FR;4;2022-07-21;2;3;1;0;2;3;1;0;0;1081950;6851;1513;50;1083152;4231;527;0;4
FR;4;2022-07-22;5;1;3;0;5;2;2;0;0;1081955;6852;1516;50;1083157;4233;529;0;4
FR;4;2022-07-23;1;2;0;0;1;1;0;0;0;1081956;6854;1516;50;1083158;4234;529;0;4
FR;4;2022-07-24;1;0;0;0;1;0;0;0;0;1081957;6854;1516;50;1083159;4234;529;0;4
FR;4;2022-07-25;7;0;2;0;7;2;0;0;0;1081964;6854;1518;50;1083166;4236;529;0;4
FR;4;2022-07-26;2;0;0;0;2;0;0;0;0;1081966;6854;1518;50;1083168;4236;529;0;4
FR;4;2022-07-27;3;1;0;0;3;0;0;0;0;1081969;6855;1518;50;1083171;4236;529;0;4
FR;4;2022-07-28;13;0;0;0;13;0;0;0;0;1081982;6855;1518;50;1083184;4236;529;0;4
FR;4;2022-07-29;3;0;2;0;3;1;1;0;0;1081985;6855;1520;50;1083187;4237;530;0;4
FR;4;2022-07-30;5;0;2;0;5;0;2;0;0;1081990;6855;1522;50;1083192;4237;532;0;4
FR;4;2022-07-31;0;0;0;0;0;0;0;0;0;1081990;6855;1522;50;1083192;4237;532;0;4
FR;4;2022-08-01;4;0;3;0;4;2;1;0;0;1081994;6855;1525;50;1083196;4239;533;0;4
FR;4;2022-08-02;7;0;0;0;7;0;0;0;0;1082001;6855;1525;50;1083203;4239;533;0;4
FR;4;2022-08-03;2;2;1;0;2;2;1;0;0;1082003;6857;1526;50;1083205;4241;534;0;4
FR;4;2022-08-04;5;2;0;1;5;2;1;0;0;1082008;6859;1526;51;1083210;4243;535;0;4
FR;4;2022-08-05;3;1;1;0;3;1;1;0;0;1082011;6860;1527;51;1083213;4244;536;0;4
FR;4;2022-08-06;2;0;0;0;2;0;0;0;0;1082013;6860;1527;51;1083215;4244;536;0;4
FR;4;2022-08-07;5;0;0;0;5;0;0;0;0;1082018;6860;1527;51;1083220;4244;536;0;4
FR;4;2022-08-08;2;0;1;1;2;1;1;0;0;1082020;6860;1528;52;1083222;4245;537;0;4
FR;4;2022-08-09;1;1;2;2;1;2;3;0;0;1082021;6861;1530;54;1083223;4247;540;0;4
FR;4;2022-08-10;6;1;1;0;7;1;0;0;0;1082027;6862;1531;54;1083230;4248;540;0;4
FR;4;2022-08-11;2;0;1;0;2;1;0;0;0;1082029;6862;1532;54;1083232;4249;540;0;4
FR;4;2022-08-12;4;0;1;0;4;0;1;0;0;1082033;6862;1533;54;1083236;4249;541;0;4
FR;4;2022-08-13;1;0;0;0;1;0;0;0;0;1082034;6862;1533;54;1083237;4249;541;0;4
FR;4;2022-08-14;1;0;0;0;1;0;0;0;0;1082035;6862;1533;54;1083238;4249;541;0;4
FR;4;2022-08-15;1;2;3;0;1;2;3;0;0;1082036;6864;1536;54;1083239;4251;544;0;4
FR;4;2022-08-16;0;0;1;0;0;1;0;0;0;1082036;6864;1537;54;1083239;4252;544;0;4
FR;4;2022-08-17;3;0;0;0;3;0;0;0;0;1082039;6864;1537;54;1083242;4252;544;0;4
FR;4;2022-08-18;6;0;0;0;6;0;0;0;0;1082045;6864;1537;54;1083248;4252;544;0;4
FR;4;2022-08-19;5;0;0;0;5;0;0;0;0;1082050;6864;1537;54;1083253;4252;544;0;4
FR;4;2022-08-20;3;1;0;0;4;0;0;0;0;1082053;6865;1537;54;1083257;4252;544;0;4
FR;4;2022-08-21;1;0;0;0;1;0;0;0;0;1082054;6865;1537;54;1083258;4252;544;0;4
FR;4;2022-08-22;3;9;0;0;3;9;0;0;0;1082057;6874;1537;54;1083261;4261;544;0;4
FR;4;2022-08-23;3;3;3;0;3;4;2;0;0;1082060;6877;1540;54;1083264;4265;546;0;4
FR;4;2022-08-24;6;0;0;1;6;0;1;0;0;1082066;6877;1540;55;1083270;4265;547;0;4
FR;4;2022-08-25;1;3;2;0;1;4;1;0;0;1082067;6880;1542;55;1083271;4269;548;0;4
FR;4;2022-08-26;6;0;0;1;6;0;1;0;0;1082073;6880;1542;56;1083277;4269;549;0;4
FR;4;2022-08-27;1;0;0;0;1;0;0;0;0;1082074;6880;1542;56;1083278;4269;549;0;4
FR;4;2022-08-28;0;1;0;0;0;0;0;0;0;1082074;6881;1542;56;1083278;4269;549;0;4
FR;4;2022-08-29;8;0;0;0;8;0;0;0;0;1082082;6881;1542;56;1083286;4269;549;0;4
FR;4;2022-08-30;5;1;0;0;5;1;0;0;0;1082087;6882;1542;56;1083291;4270;549;0;4
FR;4;2022-08-31;3;1;0;0;3;1;0;0;0;1082090;6883;1542;56;1083294;4271;549;0;4
FR;4;2022-09-01;4;8;2;0;5;7;2;0;0;1082094;6891;1544;56;1083299;4278;551;0;4
FR;4;2022-09-02;2;2;1;0;3;2;0;0;0;1082096;6893;1545;56;1083302;4280;551;0;4
FR;4;2022-09-03;3;0;0;0;3;0;0;0;0;1082099;6893;1545;56;1083305;4280;551;0;4
FR;4;2022-09-04;1;0;0;0;1;0;0;0;0;1082100;6893;1545;56;1083306;4280;551;0;4
FR;4;2022-09-05;4;2;0;0;4;2;0;0;0;1082104;6895;1545;56;1083310;4282;551;0;4
FR;4;2022-09-06;1;0;0;0;1;0;0;0;0;1082105;6895;1545;56;1083311;4282;551;0;4
FR;4;2022-09-07;2;0;1;1;2;1;1;0;0;1082107;6895;1546;57;1083313;4283;552;0;4
FR;4;2022-09-08;3;0;0;0;3;0;0;0;0;1082110;6895;1546;57;1083316;4283;552;0;4
FR;4;2022-09-09;2;2;0;0;2;2;0;0;0;1082112;6897;1546;57;1083318;4285;552;0;4
FR;4;2022-09-10;0;1;0;3;0;2;2;0;0;1082112;6898;1546;60;1083318;4287;554;0;4
FR;4;2022-09-11;2;0;0;0;2;0;0;0;0;1082114;6898;1546;60;1083320;4287;554;0;4
FR;4;2022-09-12;1;1;1;0;1;1;1;0;0;1082115;6899;1547;60;1083321;4288;555;0;4
FR;4;2022-09-13;1;0;0;0;1;0;0;0;0;1082116;6899;1547;60;1083322;4288;555;0;4
FR;4;2022-09-14;4;0;0;0;4;0;0;0;0;1082120;6899;1547;60;1083326;4288;555;0;4
FR;4;2022-09-15;4;0;0;0;4;0;0;0;0;1082124;6899;1547;60;1083330;4288;555;0;4
FR;4;2022-09-16;1;0;0;0;1;0;0;0;0;1082125;6899;1547;60;1083331;4288;555;0;4
FR;4;2022-09-17;2;0;0;0;2;0;0;0;0;1082127;6899;1547;60;1083333;4288;555;0;4
FR;4;2022-09-18;0;1;0;0;0;1;0;0;0;1082127;6900;1547;60;1083333;4289;555;0;4
FR;4;2022-09-19;4;0;2;0;4;2;0;0;0;1082131;6900;1549;60;1083337;4291;555;0;4
FR;4;2022-09-20;4;0;0;0;4;0;0;0;0;1082135;6900;1549;60;1083341;4291;555;0;4
FR;4;2022-09-21;2;1;0;0;2;1;0;0;0;1082137;6901;1549;60;1083343;4292;555;0;4
FR;4;2022-09-22;2;1;0;0;2;1;0;0;0;1082139;6902;1549;60;1083345;4293;555;0;4
FR;4;2022-09-23;2;3;0;0;3;2;0;0;0;1082141;6905;1549;60;1083348;4295;555;0;4
FR;4;2022-09-24;1;0;0;0;1;0;0;0;0;1082142;6905;1549;60;1083349;4295;555;0;4
FR;4;2022-09-25;0;0;0;0;0;0;0;0;0;1082142;6905;1549;60;1083349;4295;555;0;4
FR;4;2022-09-26;2;0;1;0;2;0;1;0;0;1082144;6905;1550;60;1083351;4295;556;0;4
FR;4;2022-09-27;1;0;1;1;1;0;2;0;0;1082145;6905;1551;61;1083352;4295;558;0;4
FR;4;2022-09-28;3;0;2;0;3;2;0;0;0;1082148;6905;1553;61;1083355;4297;558;0;4
FR;4;2022-09-29;5;0;1;1;5;1;1;0;0;1082153;6905;1554;62;1083360;4298;559;0;4
FR;4;2022-09-30;1;1;0;0;1;1;0;0;0;1082154;6906;1554;62;1083361;4299;559;0;4
FR;4;2022-10-01;1;1;0;0;2;0;0;0;0;1082155;6907;1554;62;1083363;4299;559;0;4
FR;4;2022-10-02;0;1;0;0;0;1;0;0;0;1082155;6908;1554;62;1083363;4300;559;0;4
FR;4;2022-10-03;2;3;1;1;3;3;1;0;0;1082157;6911;1555;63;1083366;4303;560;0;4
FR;4;2022-10-04;3;0;0;0;3;0;0;0;0;1082160;6911;1555;63;1083369;4303;560;0;4
FR;4;2022-10-05;0;1;0;0;0;1;0;0;0;1082160;6912;1555;63;1083369;4304;560;0;4
FR;4;2022-10-06;2;0;0;0;2;0;0;0;0;1082162;6912;1555;63;1083371;4304;560;0;4
FR;4;2022-10-07;3;1;1;0;3;1;1;0;0;1082165;6913;1556;63;1083374;4305;561;0;4
FR;4;2022-10-08;4;1;0;0;4;0;0;0;0;1082169;6914;1556;63;1083378;4305;561;0;4
FR;4;2022-10-09;0;0;0;0;0;0;0;0;0;1082169;6914;1556;63;1083378;4305;561;0;4
FR;4;2022-10-10;5;0;2;3;5;2;1;0;2;1082174;6914;1558;66;1083383;4307;562;0;6
FR;4;2022-10-11;2;2;0;0;2;1;0;0;0;1082176;6916;1558;66;1083385;4308;562;0;6
FR;4;2022-10-12;1;0;0;0;1;0;0;0;0;1082177;6916;1558;66;1083386;4308;562;0;6
FR;4;2022-10-13;5;0;0;0;5;0;0;0;0;1082182;6916;1558;66;1083391;4308;562;0;6
FR;4;2022-10-14;1;1;0;0;1;1;0;0;0;1082183;6917;1558;66;1083392;4309;562;0;6
FR;4;2022-10-15;1;2;0;0;1;2;0;0;0;1082184;6919;1558;66;1083393;4311;562;0;6
FR;4;2022-10-16;0;0;0;0;0;0;0;0;0;1082184;6919;1558;66;1083393;4311;562;0;6
FR;4;2022-10-17;3;0;1;0;3;1;0;0;0;1082187;6919;1559;66;1083396;4312;562;0;6
FR;4;2022-10-18;1;0;0;1;1;0;1;0;0;1082188;6919;1559;67;1083397;4312;563;0;6
FR;4;2022-10-19;1;0;0;2;1;0;2;0;3;1082189;6919;1559;69;1083398;4312;565;0;9
FR;4;2022-10-20;4;1;0;0;4;1;0;0;0;1082193;6920;1559;69;1083402;4313;565;0;9
FR;4;2022-10-21;3;1;0;0;3;1;0;0;0;1082196;6921;1559;69;1083405;4314;565;0;9
FR;4;2022-10-22;1;0;0;0;1;0;0;0;0;1082197;6921;1559;69;1083406;4314;565;0;9
FR;4;2022-10-23;0;0;0;0;0;0;0;0;0;1082197;6921;1559;69;1083406;4314;565;0;9
FR;4;2022-10-24;3;0;0;0;3;0;0;0;0;1082200;6921;1559;69;1083409;4314;565;0;9
FR;4;2022-10-25;4;0;0;0;4;0;0;0;0;1082204;6921;1559;69;1083413;4314;565;0;9
FR;4;2022-10-26;2;1;0;0;2;1;0;0;0;1082206;6922;1559;69;1083415;4315;565;0;9
FR;4;2022-10-27;3;1;1;0;3;0;1;0;0;1082209;6923;1560;69;1083418;4315;566;0;9
FR;4;2022-10-28;0;0;0;0;0;0;0;0;0;1082209;6923;1560;69;1083418;4315;566;0;9
FR;4;2022-10-29;1;0;0;3;1;0;3;0;3;1082210;6923;1560;72;1083419;4315;569;0;12
FR;4;2022-10-30;1;0;0;0;1;0;0;0;0;1082211;6923;1560;72;1083420;4315;569;0;12
FR;4;2022-10-31;1;0;0;0;1;0;0;0;0;1082212;6923;1560;72;1083421;4315;569;0;12
FR;4;2022-11-01;1;6;0;0;1;6;0;0;0;1082213;6929;1560;72;1083422;4321;569;0;12
FR;4;2022-11-02;0;0;2;2;0;1;3;0;0;1082213;6929;1562;74;1083422;4322;572;0;12
FR;4;2022-11-03;1;0;0;0;1;0;0;0;0;1082214;6929;1562;74;1083423;4322;572;0;12
FR;4;2022-11-04;4;1;0;0;4;0;0;0;0;1082218;6930;1562;74;1083427;4322;572;0;12
FR;4;2022-11-05;0;0;0;0;0;0;0;0;0;1082218;6930;1562;74;1083427;4322;572;0;12
FR;4;2022-11-06;2;0;0;0;2;0;0;0;0;1082220;6930;1562;74;1083429;4322;572;0;12
FR;4;2022-11-07;2;0;0;0;2;0;0;0;0;1082222;6930;1562;74;1083431;4322;572;0;12
FR;4;2022-11-08;7;0;0;0;7;0;0;0;0;1082229;6930;1562;74;1083438;4322;572;0;12
FR;4;2022-11-09;0;0;0;0;0;0;0;0;0;1082229;6930;1562;74;1083438;4322;572;0;12
FR;4;2022-11-10;2;0;1;0;2;1;0;0;0;1082231;6930;1563;74;1083440;4323;572;0;12
FR;4;2022-11-11;1;0;0;0;1;0;0;0;0;1082232;6930;1563;74;1083441;4323;572;0;12
FR;4;2022-11-12;3;1;0;0;3;1;0;0;0;1082235;6931;1563;74;1083444;4324;572;0;12
FR;4;2022-11-13;2;0;0;0;2;0;0;0;0;1082237;6931;1563;74;1083446;4324;572;0;12
FR;4;2022-11-14;0;1;0;0;0;1;0;0;0;1082237;6932;1563;74;1083446;4325;572;0;12
FR;4;2022-11-15;3;1;0;0;3;1;0;0;0;1082240;6933;1563;74;1083449;4326;572;0;12
FR;4;2022-11-16;1;1;1;0;1;1;1;0;0;1082241;6934;1564;74;1083450;4327;573;0;12
FR;4;2022-11-17;0;2;0;0;0;2;0;0;0;1082241;6936;1564;74;1083450;4329;573;0;12
FR;4;2022-11-18;5;0;1;0;5;0;1;0;0;1082246;6936;1565;74;1083455;4329;574;0;12
FR;4;2022-11-19;0;0;0;0;0;0;0;0;0;1082246;6936;1565;74;1083455;4329;574;0;12
FR;4;2022-11-20;0;0;0;1;0;0;0;0;1;1082246;6936;1565;75;1083455;4329;574;0;13
FR;4;2022-11-21;0;0;0;0;0;0;0;0;0;1082246;6936;1565;75;1083455;4329;574;0;13
FR;4;2022-11-22;0;1;1;0;0;2;0;0;0;1082246;6937;1566;75;1083455;4331;574;0;13
FR;4;2022-11-23;1;0;0;0;1;0;0;0;1;1082247;6937;1566;75;1083456;4331;574;0;14
FR;4;2022-11-24;0;2;0;0;0;2;0;0;0;1082247;6939;1566;75;1083456;4333;574;0;14
FR;4;2022-11-25;3;4;0;0;3;4;0;0;0;1082250;6943;1566;75;1083459;4337;574;0;14
FR;4;2022-11-26;1;0;0;0;1;0;0;0;0;1082251;6943;1566;75;1083460;4337;574;0;14
FR;4;2022-11-27;0;0;0;0;0;0;0;0;0;1082251;6943;1566;75;1083460;4337;574;0;14
FR;4;2022-11-28;4;0;0;0;4;0;0;0;0;1082255;6943;1566;75;1083464;4337;574;0;14
FR;4;2022-11-29;3;0;0;0;3;0;0;0;0;1082258;6943;1566;75;1083467;4337;574;0;14
FR;4;2022-11-30;0;0;0;0;0;0;0;0;0;1082258;6943;1566;75;1083467;4337;574;0;14
FR;4;2022-12-01;1;2;2;0;2;2;1;0;0;1082259;6945;1568;75;1083469;4339;575;0;14
FR;4;2022-12-02;6;1;0;1;6;1;0;0;1;1082265;6946;1568;76;1083475;4340;575;0;15
FR;4;2022-12-03;1;0;0;0;1;0;0;0;0;1082266;6946;1568;76;1083476;4340;575;0;15
FR;4;2022-12-04;0;0;0;0;0;0;0;0;0;1082266;6946;1568;76;1083476;4340;575;0;15
FR;4;2022-12-05;2;1;0;0;2;1;0;0;0;1082268;6947;1568;76;1083478;4341;575;0;15
FR;4;2022-12-06;2;0;0;0;2;0;0;0;0;1082270;6947;1568;76;1083480;4341;575;0;15
FR;4;2022-12-07;2;3;1;0;2;4;0;0;0;1082272;6950;1569;76;1083482;4345;575;0;15
FR;4;2022-12-08;1;0;0;0;1;0;0;0;0;1082273;6950;1569;76;1083483;4345;575;0;15
FR;4;2022-12-09;2;0;1;0;2;0;1;0;0;1082275;6950;1570;76;1083485;4345;576;0;15
FR;4;2022-12-10;1;0;0;0;1;0;0;0;0;1082276;6950;1570;76;1083486;4345;576;0;15
FR;4;2022-12-11;0;0;0;0;0;0;0;0;0;1082276;6950;1570;76;1083486;4345;576;0;15
FR;4;2022-12-12;2;1;0;5;2;1;5;0;0;1082278;6951;1570;81;1083488;4346;581;0;15
FR;4;2022-12-13;2;0;0;0;2;0;0;0;0;1082280;6951;1570;81;1083490;4346;581;0;15
FR;4;2022-12-14;0;0;0;0;0;0;0;0;0;1082280;6951;1570;81;1083490;4346;581;0;15
FR;4;2022-12-15;1;1;0;0;1;1;0;0;0;1082281;6952;1570;81;1083491;4347;581;0;15
FR;4;2022-12-16;2;0;0;0;2;0;0;0;0;1082283;6952;1570;81;1083493;4347;581;0;15
FR;4;2022-12-17;0;0;1;0;0;0;1;0;0;1082283;6952;1571;81;1083493;4347;582;0;15
FR;4;2022-12-18;1;0;0;0;1;0;0;0;0;1082284;6952;1571;81;1083494;4347;582;0;15
FR;4;2022-12-19;1;0;0;0;1;0;0;0;0;1082285;6952;1571;81;1083495;4347;582;0;15
FR;4;2022-12-20;4;2;0;0;5;1;0;0;0;1082289;6954;1571;81;1083500;4348;582;0;15
FR;4;2022-12-21;6;0;0;0;6;0;0;0;0;1082295;6954;1571;81;1083506;4348;582;0;15
FR;4;2022-12-22;2;1;0;0;2;1;0;0;0;1082297;6955;1571;81;1083508;4349;582;0;15
FR;4;2022-12-23;3;0;0;0;3;0;0;0;0;1082300;6955;1571;81;1083511;4349;582;0;15
FR;4;2022-12-24;0;0;1;0;0;1;0;0;0;1082300;6955;1572;81;1083511;4350;582;0;15
FR;4;2022-12-25;0;0;0;0;0;0;0;0;0;1082300;6955;1572;81;1083511;4350;582;0;15
FR;4;2022-12-26;1;2;0;0;1;1;0;0;0;1082301;6957;1572;81;1083512;4351;582;0;15
FR;4;2022-12-27;1;1;0;0;1;1;0;0;0;1082302;6958;1572;81;1083513;4352;582;0;15
FR;4;2022-12-28;0;0;0;0;0;0;0;0;0;1082302;6958;1572;81;1083513;4352;582;0;15
FR;4;2022-12-29;0;1;0;0;1;0;0;0;0;1082302;6959;1572;81;1083514;4352;582;0;15
FR;4;2022-12-30;1;0;0;0;1;0;0;0;0;1082303;6959;1572;81;1083515;4352;582;0;15
FR;4;2022-12-31;0;0;0;0;0;0;0;0;0;1082303;6959;1572;81;1083515;4352;582;0;15
FR;4;2023-01-01;0;0;0;0;0;0;0;0;0;1082303;6959;1572;81;1083515;4352;582;0;15
FR;4;2023-01-02;2;0;2;0;2;1;1;0;0;1082305;6959;1574;81;1083517;4353;583;0;15
FR;4;2023-01-03;1;1;0;0;1;1;0;0;0;1082306;6960;1574;81;1083518;4354;583;0;15
FR;4;2023-01-04;0;0;0;0;0;0;0;0;0;1082306;6960;1574;81;1083518;4354;583;0;15
FR;4;2023-01-05;0;0;0;0;0;0;0;0;0;1082306;6960;1574;81;1083518;4354;583;0;15
FR;4;2023-01-06;1;1;3;0;1;4;0;0;0;1082307;6961;1577;81;1083519;4358;583;0;15
FR;4;2023-01-07;1;0;0;0;1;0;0;0;0;1082308;6961;1577;81;1083520;4358;583;0;15
FR;4;2023-01-08;1;0;0;0;1;0;0;0;0;1082309;6961;1577;81;1083521;4358;583;0;15
FR;4;2023-01-09;1;0;0;0;1;0;0;0;0;1082310;6961;1577;81;1083522;4358;583;0;15
FR;4;2023-01-10;2;1;0;0;2;1;0;0;0;1082312;6962;1577;81;1083524;4359;583;0;15
FR;4;2023-01-11;0;0;0;0;0;0;0;0;0;1082312;6962;1577;81;1083524;4359;583;0;15
FR;4;2023-01-12;3;2;0;0;3;2;0;0;0;1082315;6964;1577;81;1083527;4361;583;0;15
FR;4;2023-01-13;3;0;2;0;3;0;2;0;0;1082318;6964;1579;81;1083530;4361;585;0;15
FR;4;2023-01-14;0;0;1;0;0;0;1;0;0;1082318;6964;1580;81;1083530;4361;586;0;15
FR;4;2023-01-15;0;0;0;0;0;0;0;0;0;1082318;6964;1580;81;1083530;4361;586;0;15
FR;4;2023-01-16;3;0;0;0;3;0;0;0;0;1082321;6964;1580;81;1083533;4361;586;0;15
FR;4;2023-01-17;2;0;0;0;2;0;0;0;0;1082323;6964;1580;81;1083535;4361;586;0;15
FR;4;2023-01-18;3;0;0;0;3;0;0;0;0;1082326;6964;1580;81;1083538;4361;586;0;15
FR;4;2023-01-19;1;0;0;2;1;0;0;0;0;1082327;6964;1580;83;1083539;4361;586;0;15
FR;4;2023-01-20;0;0;0;0;0;0;0;0;0;1082327;6964;1580;83;1083539;4361;586;0;15
FR;4;2023-01-21;0;0;0;0;0;0;0;0;0;1082327;6964;1580;83;1083539;4361;586;0;15
FR;4;2023-01-22;0;0;0;0;0;0;0;0;0;1082327;6964;1580;83;1083539;4361;586;0;15
FR;4;2023-01-23;1;0;0;0;1;0;0;0;0;1082328;6964;1580;83;1083540;4361;586;0;15
FR;4;2023-01-24;3;1;0;0;3;1;0;0;0;1082331;6965;1580;83;1083543;4362;586;0;15
FR;4;2023-01-25;6;0;0;0;6;0;0;0;0;1082337;6965;1580;83;1083549;4362;586;0;15
FR;4;2023-01-26;1;0;0;0;1;0;0;0;0;1082338;6965;1580;83;1083550;4362;586;0;15
FR;4;2023-01-27;0;0;0;0;0;0;0;0;0;1082338;6965;1580;83;1083550;4362;586;0;15
FR;4;2023-01-28;0;0;0;0;0;0;0;0;0;1082338;6965;1580;83;1083550;4362;586;0;15
FR;4;2023-01-29;0;0;0;0;0;0;0;0;0;1082338;6965;1580;83;1083550;4362;586;0;15
FR;4;2023-01-30;0;0;0;0;0;0;0;0;0;1082338;6965;1580;83;1083550;4362;586;0;15
FR;4;2023-01-31;0;0;0;0;0;0;0;0;0;1082338;6965;1580;83;1083550;4362;586;0;15
FR;4;2023-02-01;0;0;0;0;0;0;0;0;0;1082338;6965;1580;83;1083550;4362;586;0;15
FR;4;2023-02-02;3;2;2;1;3;3;1;0;0;1082341;6967;1582;84;1083553;4365;587;0;15
FR;4;2023-02-03;0;0;0;0;0;0;0;0;0;1082341;6967;1582;84;1083553;4365;587;0;15
FR;4;2023-02-04;1;0;0;0;1;0;0;0;0;1082342;6967;1582;84;1083554;4365;587;0;15
FR;4;2023-02-05;0;0;0;0;0;0;0;0;0;1082342;6967;1582;84;1083554;4365;587;0;15
FR;4;2023-02-06;1;0;0;0;1;0;0;0;0;1082343;6967;1582;84;1083555;4365;587;0;15
FR;4;2023-02-07;2;0;0;0;2;0;0;0;0;1082345;6967;1582;84;1083557;4365;587;0;15
FR;4;2023-02-08;2;1;0;0;2;0;0;0;0;1082347;6968;1582;84;1083559;4365;587;0;15
FR;4;2023-02-09;1;1;0;0;1;1;0;0;0;1082348;6969;1582;84;1083560;4366;587;0;15
FR;4;2023-02-10;5;1;0;0;5;0;0;0;0;1082353;6970;1582;84;1083565;4366;587;0;15
FR;4;2023-02-11;4;0;0;0;4;0;0;0;0;1082357;6970;1582;84;1083569;4366;587;0;15
FR;4;2023-02-12;0;0;0;0;0;0;0;0;0;1082357;6970;1582;84;1083569;4366;587;0;15
FR;4;2023-02-13;3;0;0;0;3;0;0;0;0;1082360;6970;1582;84;1083572;4366;587;0;15
FR;4;2023-02-14;0;2;0;0;2;0;0;0;0;1082360;6972;1582;84;1083574;4366;587;0;15
FR;4;2023-02-15;2;0;0;0;2;0;0;0;0;1082362;6972;1582;84;1083576;4366;587;0;15
FR;4;2023-02-16;1;1;0;0;1;1;0;0;0;1082363;6973;1582;84;1083577;4367;587;0;15
FR;4;2023-02-17;1;0;0;0;1;0;0;0;0;1082364;6973;1582;84;1083578;4367;587;0;15
FR;4;2023-02-18;0;2;0;0;0;2;0;0;0;1082364;6975;1582;84;1083578;4369;587;0;15
FR;4;2023-02-19;0;0;0;0;0;0;0;0;0;1082364;6975;1582;84;1083578;4369;587;0;15
FR;4;2023-02-20;1;0;0;0;1;0;0;0;0;1082365;6975;1582;84;1083579;4369;587;0;15
FR;4;2023-02-21;2;0;0;0;2;0;0;0;0;1082367;6975;1582;84;1083581;4369;587;0;15
FR;4;2023-02-22;0;0;0;0;0;0;0;0;0;1082367;6975;1582;84;1083581;4369;587;0;15
FR;4;2023-02-23;0;0;0;0;0;0;0;0;0;1082367;6975;1582;84;1083581;4369;587;0;15
FR;4;2023-02-24;1;0;0;0;1;0;0;0;0;1082368;6975;1582;84;1083582;4369;587;0;15
FR;4;2023-02-25;2;1;0;0;2;1;0;0;0;1082370;6976;1582;84;1083584;4370;587;0;15
FR;4;2023-02-26;0;0;0;0;0;0;0;0;0;1082370;6976;1582;84;1083584;4370;587;0;15
FR;4;2023-02-27;1;0;0;0;1;0;0;0;0;1082371;6976;1582;84;1083585;4370;587;0;15
FR;4;2023-02-28;0;0;0;0;0;0;0;0;0;1082371;6976;1582;84;1083585;4370;587;0;15
FR;4;2023-03-01;1;0;0;0;1;0;0;0;0;1082372;6976;1582;84;1083586;4370;587;0;15
FR;4;2023-03-02;1;1;2;0;1;1;2;0;0;1082373;6977;1584;84;1083587;4371;589;0;15
FR;4;2023-03-03;1;0;0;0;1;0;0;0;0;1082374;6977;1584;84;1083588;4371;589;0;15
FR;4;2023-03-04;0;0;0;0;0;0;0;0;0;1082374;6977;1584;84;1083588;4371;589;0;15
FR;4;2023-03-05;0;0;0;0;0;0;0;0;0;1082374;6977;1584;84;1083588;4371;589;0;15
FR;4;2023-03-06;0;0;0;0;0;0;0;0;0;1082374;6977;1584;84;1083588;4371;589;0;15
FR;4;2023-03-07;0;0;0;0;0;0;0;0;0;1082374;6977;1584;84;1083588;4371;589;0;15
FR;4;2023-03-08;1;0;0;0;1;0;0;0;0;1082375;6977;1584;84;1083589;4371;589;0;15
FR;4;2023-03-09;0;0;0;0;0;0;0;0;0;1082375;6977;1584;84;1083589;4371;589;0;15
FR;4;2023-03-10;2;0;1;0;2;0;1;0;0;1082377;6977;1585;84;1083591;4371;590;0;15
FR;4;2023-03-11;0;0;0;0;0;0;0;0;0;1082377;6977;1585;84;1083591;4371;590;0;15
FR;4;2023-03-12;0;0;0;0;0;0;0;0;0;1082377;6977;1585;84;1083591;4371;590;0;15
FR;4;2023-03-13;0;0;0;0;0;0;0;0;0;1082377;6977;1585;84;1083591;4371;590;0;15
FR;4;2023-03-14;0;0;0;0;0;0;0;0;0;1082377;6977;1585;84;1083591;4371;590;0;15
FR;4;2023-03-15;1;0;0;1;1;0;0;0;1;1082378;6977;1585;85;1083592;4371;590;0;16
FR;4;2023-03-16;1;0;0;0;1;0;0;0;0;1082379;6977;1585;85;1083593;4371;590;0;16
FR;4;2023-03-17;1;0;0;0;1;0;0;0;0;1082380;6977;1585;85;1083594;4371;590;0;16
FR;4;2023-03-18;0;1;0;0;0;1;0;0;0;1082380;6978;1585;85;1083594;4372;590;0;16
FR;4;2023-03-19;0;0;0;0;0;0;0;0;0;1082380;6978;1585;85;1083594;4372;590;0;16
FR;4;2023-03-20;0;0;0;0;0;0;0;0;0;1082380;6978;1585;85;1083594;4372;590;0;16
FR;4;2023-03-21;2;0;0;0;2;0;0;0;0;1082382;6978;1585;85;1083596;4372;590;0;16
FR;4;2023-03-22;0;0;1;0;0;0;1;0;0;1082382;6978;1586;85;1083596;4372;591;0;16
FR;4;2023-03-23;1;0;0;0;1;0;0;0;0;1082383;6978;1586;85;1083597;4372;591;0;16
FR;4;2023-03-24;0;0;0;0;0;0;0;0;0;1082383;6978;1586;85;1083597;4372;591;0;16
FR;4;2023-03-25;0;0;0;0;0;0;0;0;0;1082383;6978;1586;85;1083597;4372;591;0;16
FR;4;2023-03-26;0;0;0;0;0;0;0;0;0;1082383;6978;1586;85;1083597;4372;591;0;16
FR;4;2023-03-27;1;0;0;0;1;0;0;0;0;1082384;6978;1586;85;1083598;4372;591;0;16
FR;4;2023-03-28;1;0;0;0;1;0;0;0;0;1082385;6978;1586;85;1083599;4372;591;0;16
FR;4;2023-03-29;2;0;0;0;2;0;0;0;0;1082387;6978;1586;85;1083601;4372;591;0;16
FR;4;2023-03-30;0;1;0;0;1;0;0;0;0;1082387;6979;1586;85;1083602;4372;591;0;16
FR;4;2023-03-31;3;0;0;1;3;0;0;0;4;1082390;6979;1586;86;1083605;4372;591;0;20
FR;4;2023-04-01;2;0;0;0;2;0;0;0;0;1082392;6979;1586;86;1083607;4372;591;0;20
FR;4;2023-04-02;0;0;0;0;0;0;0;0;0;1082392;6979;1586;86;1083607;4372;591;0;20
FR;4;2023-04-03;0;0;0;0;0;0;0;0;0;1082392;6979;1586;86;1083607;4372;591;0;20
FR;4;2023-04-04;0;0;0;0;0;0;0;0;0;1082392;6979;1586;86;1083607;4372;591;0;20
FR;4;2023-04-05;0;0;0;0;0;0;0;0;0;1082392;6979;1586;86;1083607;4372;591;0;20
FR;4;2023-04-06;0;0;0;0;0;0;0;0;0;1082392;6979;1586;86;1083607;4372;591;0;20
FR;4;2023-04-07;0;0;0;0;0;0;0;0;0;1082392;6979;1586;86;1083607;4372;591;0;20
FR;4;2023-04-08;0;0;0;0;0;0;0;0;0;1082392;6979;1586;86;1083607;4372;591;0;20
FR;4;2023-04-09;0;0;0;0;0;0;0;0;0;1082392;6979;1586;86;1083607;4372;591;0;20
FR;4;2023-04-10;1;0;0;0;1;0;0;0;0;1082393;6979;1586;86;1083608;4372;591;0;20
FR;4;2023-04-11;0;0;0;0;0;0;0;0;0;1082393;6979;1586;86;1083608;4372;591;0;20
FR;4;2023-04-12;1;0;0;0;1;0;0;0;0;1082394;6979;1586;86;1083609;4372;591;0;20
FR;4;2023-04-13;0;0;0;0;0;0;0;0;0;1082394;6979;1586;86;1083609;4372;591;0;20
FR;4;2023-04-14;0;0;0;0;0;0;0;0;0;1082394;6979;1586;86;1083609;4372;591;0;20
FR;4;2023-04-15;0;0;0;0;0;0;0;0;0;1082394;6979;1586;86;1083609;4372;591;0;20
FR;4;2023-04-16;0;0;0;0;0;0;0;0;0;1082394;6979;1586;86;1083609;4372;591;0;20
FR;4;2023-04-17;0;0;0;0;0;0;0;0;0;1082394;6979;1586;86;1083609;4372;591;0;20
FR;4;2023-04-18;0;0;0;0;0;0;0;0;0;1082394;6979;1586;86;1083609;4372;591;0;20
FR;4;2023-04-19;1;0;0;0;1;0;0;0;0;1082395;6979;1586;86;1083610;4372;591;0;20
FR;4;2023-04-20;0;0;0;0;0;0;0;0;0;1082395;6979;1586;86;1083610;4372;591;0;20
FR;4;2023-04-21;0;1;0;0;0;1;0;0;0;1082395;6980;1586;86;1083610;4373;591;0;20
FR;4;2023-04-22;0;0;0;0;0;0;0;0;0;1082395;6980;1586;86;1083610;4373;591;0;20
FR;4;2023-04-23;1;0;0;0;1;0;0;0;0;1082396;6980;1586;86;1083611;4373;591;0;20
FR;4;2023-04-24;1;0;0;0;1;0;0;0;0;1082397;6980;1586;86;1083612;4373;591;0;20
FR;4;2023-04-25;1;0;0;0;1;0;0;0;0;1082398;6980;1586;86;1083613;4373;591;0;20
FR;4;2023-04-26;0;0;0;0;0;0;0;0;0;1082398;6980;1586;86;1083613;4373;591;0;20
FR;4;2023-04-27;0;0;0;0;0;0;0;0;0;1082398;6980;1586;86;1083613;4373;591;0;20
FR;4;2023-04-28;0;0;0;0;0;0;0;0;0;1082398;6980;1586;86;1083613;4373;591;0;20
FR;4;2023-04-29;0;0;0;0;0;0;0;0;0;1082398;6980;1586;86;1083613;4373;591;0;20
FR;4;2023-04-30;0;0;0;0;0;0;0;0;0;1082398;6980;1586;86;1083613;4373;591;0;20
FR;4;2023-05-01;0;0;0;0;0;0;0;0;0;1082398;6980;1586;86;1083613;4373;591;0;20
FR;4;2023-05-02;0;0;0;0;0;0;0;0;0;1082398;6980;1586;86;1083613;4373;591;0;20
FR;4;2023-05-03;0;0;0;0;0;0;0;0;0;1082398;6980;1586;86;1083613;4373;591;0;20
FR;4;2023-05-04;0;0;0;0;0;0;0;0;0;1082398;6980;1586;86;1083613;4373;591;0;20
FR;4;2023-05-05;0;0;0;0;0;0;0;0;0;1082398;6980;1586;86;1083613;4373;591;0;20
FR;4;2023-05-06;0;0;0;0;0;0;0;0;0;1082398;6980;1586;86;1083613;4373;591;0;20
FR;4;2023-05-07;0;0;0;0;0;0;0;0;0;1082398;6980;1586;86;1083613;4373;591;0;20
FR;4;2023-05-08;0;0;0;0;0;0;0;0;0;1082398;6980;1586;86;1083613;4373;591;0;20
FR;4;2023-05-09;0;0;0;0;0;0;0;0;0;1082398;6980;1586;86;1083613;4373;591;0;20
FR;4;2023-05-10;0;0;0;0;0;0;0;0;0;1082398;6980;1586;86;1083613;4373;591;0;20
FR;4;2023-05-11;0;0;0;0;0;0;0;0;0;1082398;6980;1586;86;1083613;4373;591;0;20
FR;4;2023-05-12;0;0;0;0;0;0;0;0;0;1082398;6980;1586;86;1083613;4373;591;0;20
FR;4;2023-05-13;0;0;0;0;0;0;0;0;0;1082398;6980;1586;86;1083613;4373;591;0;20
FR;4;2023-05-14;0;0;0;0;0;0;0;0;0;1082398;6980;1586;86;1083613;4373;591;0;20
FR;4;2023-05-15;0;0;0;0;0;0;0;0;0;1082398;6980;1586;86;1083613;4373;591;0;20
FR;4;2023-05-16;0;0;0;0;0;0;0;0;0;1082398;6980;1586;86;1083613;4373;591;0;20
FR;5;2020-12-27;0;0;0;0;0;0;0;0;0;0;0;0;0;0;0;0;0;0
FR;5;2020-12-28;0;0;0;0;0;0;0;0;0;0;0;0;0;0;0;0;0;0
FR;5;2020-12-29;0;0;0;0;0;0;0;0;0;0;0;0;0;0;0;0;0;0
FR;5;2020-12-30;0;0;0;0;0;0;0;0;0;0;0;0;0;0;0;0;0;0
FR;5;2020-12-31;0;0;0;0;0;0;0;0;0;0;0;0;0;0;0;0;0;0
FR;5;2021-01-01;0;0;0;0;0;0;0;0;0;0;0;0;0;0;0;0;0;0
FR;5;2021-01-02;0;0;0;0;0;0;0;0;0;0;0;0;0;0;0;0;0;0
FR;5;2021-01-03;0;0;0;0;0;0;0;0;0;0;0;0;0;0;0;0;0;0
FR;5;2021-01-04;0;0;0;0;0;0;0;0;0;0;0;0;0;0;0;0;0;0
FR;5;2021-01-05;0;0;0;0;0;0;0;0;0;0;0;0;0;0;0;0;0;0
FR;5;2021-01-06;0;0;0;0;0;0;0;0;0;0;0;0;0;0;0;0;0;0
FR;5;2021-01-07;0;0;0;0;0;0;0;0;0;0;0;0;0;0;0;0;0;0
FR;5;2021-01-08;0;0;0;0;0;0;0;0;0;0;0;0;0;0;0;0;0;0
FR;5;2021-01-09;0;0;0;0;0;0;0;0;0;0;0;0;0;0;0;0;0;0
FR;5;2021-01-10;0;0;0;0;0;0;0;0;0;0;0;0;0;0;0;0;0;0
FR;5;2021-01-11;0;0;0;0;0;0;0;0;0;0;0;0;0;0;0;0;0;0
FR;5;2021-01-12;0;0;0;0;0;0;0;0;0;0;0;0;0;0;0;0;0;0
FR;5;2021-01-13;0;0;0;0;0;0;0;0;0;0;0;0;0;0;0;0;0;0
FR;5;2021-01-14;0;0;0;0;0;0;0;0;0;0;0;0;0;0;0;0;0;0
FR;5;2021-01-15;0;0;0;0;0;0;0;0;0;0;0;0;0;0;0;0;0;0
FR;5;2021-01-16;0;0;0;0;0;0;0;0;0;0;0;0;0;0;0;0;0;0
FR;5;2021-01-17;0;0;0;0;0;0;0;0;0;0;0;0;0;0;0;0;0;0
FR;5;2021-01-18;0;0;0;0;0;0;0;0;0;0;0;0;0;0;0;0;0;0
FR;5;2021-01-19;0;0;0;0;0;0;0;0;0;0;0;0;0;0;0;0;0;0
FR;5;2021-01-20;0;0;0;0;0;0;0;0;0;0;0;0;0;0;0;0;0;0
FR;5;2021-01-21;0;0;0;0;0;0;0;0;0;0;0;0;0;0;0;0;0;0
FR;5;2021-01-22;0;0;0;0;0;0;0;0;0;0;0;0;0;0;0;0;0;0
FR;5;2021-01-23;0;0;0;0;0;0;0;0;0;0;0;0;0;0;0;0;0;0
FR;5;2021-01-24;0;0;0;0;0;0;0;0;0;0;0;0;0;0;0;0;0;0
FR;5;2021-01-25;0;0;0;0;0;0;0;0;0;0;0;0;0;0;0;0;0;0
FR;5;2021-01-26;0;0;0;0;0;0;0;0;0;0;0;0;0;0;0;0;0;0
FR;5;2021-01-27;0;0;0;0;0;0;0;0;0;0;0;0;0;0;0;0;0;0
FR;5;2021-01-28;0;0;0;0;0;0;0;0;0;0;0;0;0;0;0;0;0;0
FR;5;2021-01-29;0;0;0;0;0;0;0;0;0;0;0;0;0;0;0;0;0;0
FR;5;2021-01-30;0;0;0;0;0;0;0;0;0;0;0;0;0;0;0;0;0;0
FR;5;2021-01-31;0;0;0;0;0;0;0;0;0;0;0;0;0;0;0;0;0;0
FR;5;2021-02-01;0;0;0;0;0;0;0;0;0;0;0;0;0;0;0;0;0;0
FR;5;2021-02-02;0;0;0;0;0;0;0;0;0;0;0;0;0;0;0;0;0;0
FR;5;2021-02-03;0;0;0;0;0;0;0;0;0;0;0;0;0;0;0;0;0;0
FR;5;2021-02-04;0;0;0;0;0;0;0;0;0;0;0;0;0;0;0;0;0;0
FR;5;2021-02-05;0;0;0;0;0;0;0;0;0;0;0;0;0;0;0;0;0;0
FR;5;2021-02-06;0;0;0;0;0;0;0;0;0;0;0;0;0;0;0;0;0;0
FR;5;2021-02-07;0;0;0;0;0;0;0;0;0;0;0;0;0;0;0;0;0;0
FR;5;2021-02-08;0;0;0;0;0;0;0;0;0;0;0;0;0;0;0;0;0;0
FR;5;2021-02-09;0;0;0;0;0;0;0;0;0;0;0;0;0;0;0;0;0;0
FR;5;2021-02-10;0;0;0;0;0;0;0;0;0;0;0;0;0;0;0;0;0;0
FR;5;2021-02-11;0;0;0;0;0;0;0;0;0;0;0;0;0;0;0;0;0;0
FR;5;2021-02-12;0;0;0;0;0;0;0;0;0;0;0;0;0;0;0;0;0;0
FR;5;2021-02-13;0;0;0;0;0;0;0;0;0;0;0;0;0;0;0;0;0;0
FR;5;2021-02-14;0;0;0;0;0;0;0;0;0;0;0;0;0;0;0;0;0;0
FR;5;2021-02-15;0;0;0;0;0;0;0;0;0;0;0;0;0;0;0;0;0;0
FR;5;2021-02-16;0;0;0;0;0;0;0;0;0;0;0;0;0;0;0;0;0;0
FR;5;2021-02-17;0;0;0;0;0;0;0;0;0;0;0;0;0;0;0;0;0;0
FR;5;2021-02-18;0;0;0;0;0;0;0;0;0;0;0;0;0;0;0;0;0;0
FR;5;2021-02-19;0;0;0;0;0;0;0;0;0;0;0;0;0;0;0;0;0;0
FR;5;2021-02-20;0;0;0;0;0;0;0;0;0;0;0;0;0;0;0;0;0;0
FR;5;2021-02-21;0;0;0;0;0;0;0;0;0;0;0;0;0;0;0;0;0;0
FR;5;2021-02-22;0;0;0;0;0;0;0;0;0;0;0;0;0;0;0;0;0;0
FR;5;2021-02-23;0;0;0;0;0;0;0;0;0;0;0;0;0;0;0;0;0;0
FR;5;2021-02-24;0;0;0;0;0;0;0;0;0;0;0;0;0;0;0;0;0;0
FR;5;2021-02-25;0;0;0;0;0;0;0;0;0;0;0;0;0;0;0;0;0;0
FR;5;2021-02-26;0;0;0;0;0;0;0;0;0;0;0;0;0;0;0;0;0;0
FR;5;2021-02-27;0;0;0;0;0;0;0;0;0;0;0;0;0;0;0;0;0;0
FR;5;2021-02-28;0;0;0;0;0;0;0;0;0;0;0;0;0;0;0;0;0;0
FR;5;2021-03-01;0;0;0;0;0;0;0;0;0;0;0;0;0;0;0;0;0;0
FR;5;2021-03-02;0;0;0;0;0;0;0;0;0;0;0;0;0;0;0;0;0;0
FR;5;2021-03-03;0;0;0;0;0;0;0;0;0;0;0;0;0;0;0;0;0;0
FR;5;2021-03-04;0;0;0;0;0;0;0;0;0;0;0;0;0;0;0;0;0;0
FR;5;2021-03-05;0;0;0;0;0;0;0;0;0;0;0;0;0;0;0;0;0;0
FR;5;2021-03-06;0;0;0;0;0;0;0;0;0;0;0;0;0;0;0;0;0;0
FR;5;2021-03-07;0;0;0;0;0;0;0;0;0;0;0;0;0;0;0;0;0;0
FR;5;2021-03-08;0;0;0;0;0;0;0;0;0;0;0;0;0;0;0;0;0;0
FR;5;2021-03-09;0;0;0;0;0;0;0;0;0;0;0;0;0;0;0;0;0;0
FR;5;2021-03-10;0;0;0;0;0;0;0;0;0;0;0;0;0;0;0;0;0;0
FR;5;2021-03-11;0;0;0;0;0;0;0;0;0;0;0;0;0;0;0;0;0;0
FR;5;2021-03-12;0;0;0;0;0;0;0;0;0;0;0;0;0;0;0;0;0;0
FR;5;2021-03-13;0;0;0;0;0;0;0;0;0;0;0;0;0;0;0;0;0;0
FR;5;2021-03-14;0;0;0;0;0;0;0;0;0;0;0;0;0;0;0;0;0;0
FR;5;2021-03-15;0;0;0;0;0;0;0;0;0;0;0;0;0;0;0;0;0;0
FR;5;2021-03-16;0;0;0;0;0;0;0;0;0;0;0;0;0;0;0;0;0;0
FR;5;2021-03-17;0;0;0;0;0;0;0;0;0;0;0;0;0;0;0;0;0;0
FR;5;2021-03-18;0;0;0;0;0;0;0;0;0;0;0;0;0;0;0;0;0;0
FR;5;2021-03-19;0;0;0;0;0;0;0;0;0;0;0;0;0;0;0;0;0;0
FR;5;2021-03-20;0;0;0;0;0;0;0;0;0;0;0;0;0;0;0;0;0;0
FR;5;2021-03-21;0;0;0;0;0;0;0;0;0;0;0;0;0;0;0;0;0;0
FR;5;2021-03-22;0;0;0;0;0;0;0;0;0;0;0;0;0;0;0;0;0;0
FR;5;2021-03-23;0;0;0;0;0;0;0;0;0;0;0;0;0;0;0;0;0;0
FR;5;2021-03-24;0;0;0;0;0;0;0;0;0;0;0;0;0;0;0;0;0;0
FR;5;2021-03-25;0;0;0;0;0;0;0;0;0;0;0;0;0;0;0;0;0;0
FR;5;2021-03-26;0;0;0;0;0;0;0;0;0;0;0;0;0;0;0;0;0;0
FR;5;2021-03-27;0;0;0;0;0;0;0;0;0;0;0;0;0;0;0;0;0;0
FR;5;2021-03-28;0;0;0;0;0;0;0;0;0;0;0;0;0;0;0;0;0;0
FR;5;2021-03-29;0;0;0;0;0;0;0;0;0;0;0;0;0;0;0;0;0;0
FR;5;2021-03-30;0;0;0;0;0;0;0;0;0;0;0;0;0;0;0;0;0;0
FR;5;2021-03-31;0;0;0;0;0;0;0;0;0;0;0;0;0;0;0;0;0;0
FR;5;2021-04-01;0;0;0;0;0;0;0;0;0;0;0;0;0;0;0;0;0;0
FR;5;2021-04-02;0;0;0;0;0;0;0;0;0;0;0;0;0;0;0;0;0;0
FR;5;2021-04-03;0;0;0;0;0;0;0;0;0;0;0;0;0;0;0;0;0;0
FR;5;2021-04-04;0;0;0;0;0;0;0;0;0;0;0;0;0;0;0;0;0;0
FR;5;2021-04-05;0;0;0;0;0;0;0;0;0;0;0;0;0;0;0;0;0;0
FR;5;2021-04-06;0;0;0;0;0;0;0;0;0;0;0;0;0;0;0;0;0;0
FR;5;2021-04-07;0;0;0;0;0;0;0;0;0;0;0;0;0;0;0;0;0;0
FR;5;2021-04-08;0;0;0;0;0;0;0;0;0;0;0;0;0;0;0;0;0;0
FR;5;2021-04-09;0;0;0;0;0;0;0;0;0;0;0;0;0;0;0;0;0;0
FR;5;2021-04-10;0;0;0;0;0;0;0;0;0;0;0;0;0;0;0;0;0;0
FR;5;2021-04-11;0;0;0;0;0;0;0;0;0;0;0;0;0;0;0;0;0;0
FR;5;2021-04-12;0;0;0;0;0;0;0;0;0;0;0;0;0;0;0;0;0;0
FR;5;2021-04-13;0;0;0;0;0;0;0;0;0;0;0;0;0;0;0;0;0;0
FR;5;2021-04-14;0;0;0;0;0;0;0;0;0;0;0;0;0;0;0;0;0;0
FR;5;2021-04-15;0;0;0;0;0;0;0;0;0;0;0;0;0;0;0;0;0;0
FR;5;2021-04-16;0;0;0;0;0;0;0;0;0;0;0;0;0;0;0;0;0;0
FR;5;2021-04-17;0;0;0;0;0;0;0;0;0;0;0;0;0;0;0;0;0;0
FR;5;2021-04-18;0;0;0;0;0;0;0;0;0;0;0;0;0;0;0;0;0;0
FR;5;2021-04-19;0;0;0;0;0;0;0;0;0;0;0;0;0;0;0;0;0;0
FR;5;2021-04-20;0;0;0;0;0;0;0;0;0;0;0;0;0;0;0;0;0;0
FR;5;2021-04-21;0;0;0;0;0;0;0;0;0;0;0;0;0;0;0;0;0;0
FR;5;2021-04-22;0;0;0;0;0;0;0;0;0;0;0;0;0;0;0;0;0;0
FR;5;2021-04-23;0;0;0;0;0;0;0;0;0;0;0;0;0;0;0;0;0;0
FR;5;2021-04-24;0;0;0;0;0;0;0;0;0;0;0;0;0;0;0;0;0;0
FR;5;2021-04-25;0;0;0;0;0;0;0;0;0;0;0;0;0;0;0;0;0;0
FR;5;2021-04-26;0;0;0;0;0;0;0;0;0;0;0;0;0;0;0;0;0;0
FR;5;2021-04-27;0;0;0;0;0;0;0;0;0;0;0;0;0;0;0;0;0;0
FR;5;2021-04-28;0;0;0;0;0;0;0;0;0;0;0;0;0;0;0;0;0;0
FR;5;2021-04-29;0;0;0;0;0;0;0;0;0;0;0;0;0;0;0;0;0;0
FR;5;2021-04-30;0;0;0;0;0;0;0;0;0;0;0;0;0;0;0;0;0;0
FR;5;2021-05-01;0;0;0;0;0;0;0;0;0;0;0;0;0;0;0;0;0;0
FR;5;2021-05-02;0;0;0;0;0;0;0;0;0;0;0;0;0;0;0;0;0;0
FR;5;2021-05-03;0;0;0;0;0;0;0;0;0;0;0;0;0;0;0;0;0;0
FR;5;2021-05-04;0;0;0;0;0;0;0;0;0;0;0;0;0;0;0;0;0;0
FR;5;2021-05-05;0;0;0;0;0;0;0;0;0;0;0;0;0;0;0;0;0;0
FR;5;2021-05-06;0;0;0;0;0;0;0;0;0;0;0;0;0;0;0;0;0;0
FR;5;2021-05-07;0;0;0;0;0;0;0;0;0;0;0;0;0;0;0;0;0;0
FR;5;2021-05-08;0;0;0;0;0;0;0;0;0;0;0;0;0;0;0;0;0;0
FR;5;2021-05-09;0;0;0;0;0;0;0;0;0;0;0;0;0;0;0;0;0;0
FR;5;2021-05-10;0;0;0;0;0;0;0;0;0;0;0;0;0;0;0;0;0;0
FR;5;2021-05-11;0;0;0;0;0;0;0;0;0;0;0;0;0;0;0;0;0;0
FR;5;2021-05-12;0;0;0;0;0;0;0;0;0;0;0;0;0;0;0;0;0;0
FR;5;2021-05-13;0;0;0;0;0;0;0;0;0;0;0;0;0;0;0;0;0;0
FR;5;2021-05-14;0;0;0;0;0;0;0;0;0;0;0;0;0;0;0;0;0;0
FR;5;2021-05-15;0;0;0;0;0;0;0;0;0;0;0;0;0;0;0;0;0;0
FR;5;2021-05-16;0;0;0;0;0;0;0;0;0;0;0;0;0;0;0;0;0;0
FR;5;2021-05-17;0;0;0;0;0;0;0;0;0;0;0;0;0;0;0;0;0;0
FR;5;2021-05-18;0;0;0;0;0;0;0;0;0;0;0;0;0;0;0;0;0;0
FR;5;2021-05-19;0;0;0;0;0;0;0;0;0;0;0;0;0;0;0;0;0;0
FR;5;2021-05-20;0;0;0;0;0;0;0;0;0;0;0;0;0;0;0;0;0;0
FR;5;2021-05-21;0;0;0;0;0;0;0;0;0;0;0;0;0;0;0;0;0;0
FR;5;2021-05-22;0;0;0;0;0;0;0;0;0;0;0;0;0;0;0;0;0;0
FR;5;2021-05-23;0;0;0;0;0;0;0;0;0;0;0;0;0;0;0;0;0;0
FR;5;2021-05-24;0;0;0;0;0;0;0;0;0;0;0;0;0;0;0;0;0;0
FR;5;2021-05-25;0;0;0;0;0;0;0;0;0;0;0;0;0;0;0;0;0;0
FR;5;2021-05-26;0;0;0;0;0;0;0;0;0;0;0;0;0;0;0;0;0;0
FR;5;2021-05-27;0;0;0;0;0;0;0;0;0;0;0;0;0;0;0;0;0;0
FR;5;2021-05-28;0;0;0;0;0;0;0;0;0;0;0;0;0;0;0;0;0;0
FR;5;2021-05-29;0;0;0;0;0;0;0;0;0;0;0;0;0;0;0;0;0;0
FR;5;2021-05-30;0;0;0;0;0;0;0;0;0;0;0;0;0;0;0;0;0;0
FR;5;2021-05-31;0;0;0;0;0;0;0;0;0;0;0;0;0;0;0;0;0;0
FR;5;2021-06-01;0;0;0;0;0;0;0;0;0;0;0;0;0;0;0;0;0;0
FR;5;2021-06-02;0;0;0;0;0;0;0;0;0;0;0;0;0;0;0;0;0;0
FR;5;2021-06-03;0;0;0;0;0;0;0;0;0;0;0;0;0;0;0;0;0;0
FR;5;2021-06-04;0;0;0;0;0;0;0;0;0;0;0;0;0;0;0;0;0;0
FR;5;2021-06-05;0;0;0;0;0;0;0;0;0;0;0;0;0;0;0;0;0;0
FR;5;2021-06-06;0;0;0;0;0;0;0;0;0;0;0;0;0;0;0;0;0;0
FR;5;2021-06-07;0;0;0;0;0;0;0;0;0;0;0;0;0;0;0;0;0;0
FR;5;2021-06-08;0;0;0;0;0;0;0;0;0;0;0;0;0;0;0;0;0;0
FR;5;2021-06-09;0;0;0;0;0;0;0;0;0;0;0;0;0;0;0;0;0;0
FR;5;2021-06-10;0;0;0;0;0;0;0;0;0;0;0;0;0;0;0;0;0;0
FR;5;2021-06-11;0;0;0;0;0;0;0;0;0;0;0;0;0;0;0;0;0;0
FR;5;2021-06-12;0;0;0;0;0;0;0;0;0;0;0;0;0;0;0;0;0;0
FR;5;2021-06-13;0;0;0;0;0;0;0;0;0;0;0;0;0;0;0;0;0;0
FR;5;2021-06-14;0;0;0;0;0;0;0;0;0;0;0;0;0;0;0;0;0;0
FR;5;2021-06-15;0;0;0;0;0;0;0;0;0;0;0;0;0;0;0;0;0;0
FR;5;2021-06-16;0;0;0;0;0;0;0;0;0;0;0;0;0;0;0;0;0;0
FR;5;2021-06-17;0;0;0;0;0;0;0;0;0;0;0;0;0;0;0;0;0;0
FR;5;2021-06-18;0;0;0;0;0;0;0;0;0;0;0;0;0;0;0;0;0;0
FR;5;2021-06-19;0;0;0;0;0;0;0;0;0;0;0;0;0;0;0;0;0;0
FR;5;2021-06-20;0;0;0;0;0;0;0;0;0;0;0;0;0;0;0;0;0;0
FR;5;2021-06-21;0;0;0;0;0;0;0;0;0;0;0;0;0;0;0;0;0;0
FR;5;2021-06-22;0;0;0;0;0;0;0;0;0;0;0;0;0;0;0;0;0;0
FR;5;2021-06-23;0;0;0;0;0;0;0;0;0;0;0;0;0;0;0;0;0;0
FR;5;2021-06-24;0;0;0;0;0;0;0;0;0;0;0;0;0;0;0;0;0;0
FR;5;2021-06-25;0;0;0;0;0;0;0;0;0;0;0;0;0;0;0;0;0;0
FR;5;2021-06-26;0;0;0;0;0;0;0;0;0;0;0;0;0;0;0;0;0;0
FR;5;2021-06-27;0;0;0;0;0;0;0;0;0;0;0;0;0;0;0;0;0;0
FR;5;2021-06-28;0;0;0;0;0;0;0;0;0;0;0;0;0;0;0;0;0;0
FR;5;2021-06-29;0;0;0;0;0;0;0;0;0;0;0;0;0;0;0;0;0;0
FR;5;2021-06-30;0;0;0;0;0;0;0;0;0;0;0;0;0;0;0;0;0;0
FR;5;2021-07-01;0;0;0;0;0;0;0;0;0;0;0;0;0;0;0;0;0;0
FR;5;2021-07-02;0;0;0;0;0;0;0;0;0;0;0;0;0;0;0;0;0;0
FR;5;2021-07-03;0;0;0;0;0;0;0;0;0;0;0;0;0;0;0;0;0;0
FR;5;2021-07-04;0;0;0;0;0;0;0;0;0;0;0;0;0;0;0;0;0;0
FR;5;2021-07-05;0;0;0;0;0;0;0;0;0;0;0;0;0;0;0;0;0;0
FR;5;2021-07-06;0;0;0;0;0;0;0;0;0;0;0;0;0;0;0;0;0;0
FR;5;2021-07-07;0;0;0;0;0;0;0;0;0;0;0;0;0;0;0;0;0;0
FR;5;2021-07-08;0;0;0;0;0;0;0;0;0;0;0;0;0;0;0;0;0;0
FR;5;2021-07-09;0;0;0;0;0;0;0;0;0;0;0;0;0;0;0;0;0;0
FR;5;2021-07-10;0;0;0;0;0;0;0;0;0;0;0;0;0;0;0;0;0;0
FR;5;2021-07-11;0;0;0;0;0;0;0;0;0;0;0;0;0;0;0;0;0;0
FR;5;2021-07-12;0;0;0;0;0;0;0;0;0;0;0;0;0;0;0;0;0;0
FR;5;2021-07-13;0;0;0;0;0;0;0;0;0;0;0;0;0;0;0;0;0;0
FR;5;2021-07-14;0;0;0;0;0;0;0;0;0;0;0;0;0;0;0;0;0;0
FR;5;2021-07-15;0;0;0;0;0;0;0;0;0;0;0;0;0;0;0;0;0;0
FR;5;2021-07-16;0;0;0;0;0;0;0;0;0;0;0;0;0;0;0;0;0;0
FR;5;2021-07-17;0;0;0;0;0;0;0;0;0;0;0;0;0;0;0;0;0;0
FR;5;2021-07-18;0;0;0;0;0;0;0;0;0;0;0;0;0;0;0;0;0;0
FR;5;2021-07-19;0;0;0;0;0;0;0;0;0;0;0;0;0;0;0;0;0;0
FR;5;2021-07-20;0;0;0;0;0;0;0;0;0;0;0;0;0;0;0;0;0;0
FR;5;2021-07-21;0;0;0;0;0;0;0;0;0;0;0;0;0;0;0;0;0;0
FR;5;2021-07-22;0;0;0;0;0;0;0;0;0;0;0;0;0;0;0;0;0;0
FR;5;2021-07-23;0;0;0;0;0;0;0;0;0;0;0;0;0;0;0;0;0;0
FR;5;2021-07-24;0;0;0;0;0;0;0;0;0;0;0;0;0;0;0;0;0;0
FR;5;2021-07-25;0;0;0;0;0;0;0;0;0;0;0;0;0;0;0;0;0;0
FR;5;2021-07-26;0;0;0;0;0;0;0;0;0;0;0;0;0;0;0;0;0;0
FR;5;2021-07-27;0;0;0;0;0;0;0;0;0;0;0;0;0;0;0;0;0;0
FR;5;2021-07-28;0;0;0;0;0;0;0;0;0;0;0;0;0;0;0;0;0;0
FR;5;2021-07-29;0;0;0;0;0;0;0;0;0;0;0;0;0;0;0;0;0;0
FR;5;2021-07-30;0;0;0;0;0;0;0;0;0;0;0;0;0;0;0;0;0;0
FR;5;2021-07-31;0;0;0;0;0;0;0;0;0;0;0;0;0;0;0;0;0;0
FR;5;2021-08-01;0;0;0;0;0;0;0;0;0;0;0;0;0;0;0;0;0;0
FR;5;2021-08-02;0;0;0;0;0;0;0;0;0;0;0;0;0;0;0;0;0;0
FR;5;2021-08-03;0;0;0;0;0;0;0;0;0;0;0;0;0;0;0;0;0;0
FR;5;2021-08-04;0;0;0;0;0;0;0;0;0;0;0;0;0;0;0;0;0;0
FR;5;2021-08-05;0;0;0;0;0;0;0;0;0;0;0;0;0;0;0;0;0;0
FR;5;2021-08-06;0;0;0;0;0;0;0;0;0;0;0;0;0;0;0;0;0;0
FR;5;2021-08-07;0;0;0;0;0;0;0;0;0;0;0;0;0;0;0;0;0;0
FR;5;2021-08-08;0;0;0;0;0;0;0;0;0;0;0;0;0;0;0;0;0;0
FR;5;2021-08-09;0;0;0;0;0;0;0;0;0;0;0;0;0;0;0;0;0;0
FR;5;2021-08-10;0;0;0;0;0;0;0;0;0;0;0;0;0;0;0;0;0;0
FR;5;2021-08-11;0;0;0;0;0;0;0;0;0;0;0;0;0;0;0;0;0;0
FR;5;2021-08-12;0;0;0;0;0;0;0;0;0;0;0;0;0;0;0;0;0;0
FR;5;2021-08-13;0;0;0;0;0;0;0;0;0;0;0;0;0;0;0;0;0;0
FR;5;2021-08-14;0;0;0;0;0;0;0;0;0;0;0;0;0;0;0;0;0;0
FR;5;2021-08-15;0;0;0;0;0;0;0;0;0;0;0;0;0;0;0;0;0;0
FR;5;2021-08-16;0;0;0;0;0;0;0;0;0;0;0;0;0;0;0;0;0;0
FR;5;2021-08-17;0;0;0;0;0;0;0;0;0;0;0;0;0;0;0;0;0;0
FR;5;2021-08-18;0;0;0;0;0;0;0;0;0;0;0;0;0;0;0;0;0;0
FR;5;2021-08-19;0;0;0;0;0;0;0;0;0;0;0;0;0;0;0;0;0;0
FR;5;2021-08-20;0;0;0;0;0;0;0;0;0;0;0;0;0;0;0;0;0;0
FR;5;2021-08-21;0;0;0;0;0;0;0;0;0;0;0;0;0;0;0;0;0;0
FR;5;2021-08-22;0;0;0;0;0;0;0;0;0;0;0;0;0;0;0;0;0;0
FR;5;2021-08-23;0;0;0;0;0;0;0;0;0;0;0;0;0;0;0;0;0;0
FR;5;2021-08-24;0;0;0;0;0;0;0;0;0;0;0;0;0;0;0;0;0;0
FR;5;2021-08-25;0;0;0;0;0;0;0;0;0;0;0;0;0;0;0;0;0;0
FR;5;2021-08-26;0;0;0;0;0;0;0;0;0;0;0;0;0;0;0;0;0;0
FR;5;2021-08-27;0;0;0;0;0;0;0;0;0;0;0;0;0;0;0;0;0;0
FR;5;2021-08-28;0;0;0;0;0;0;0;0;0;0;0;0;0;0;0;0;0;0
FR;5;2021-08-29;0;0;0;0;0;0;0;0;0;0;0;0;0;0;0;0;0;0
FR;5;2021-08-30;0;0;0;0;0;0;0;0;0;0;0;0;0;0;0;0;0;0
FR;5;2021-08-31;0;0;0;0;0;0;0;0;0;0;0;0;0;0;0;0;0;0
FR;5;2021-09-01;0;0;0;0;0;0;0;0;0;0;0;0;0;0;0;0;0;0
FR;5;2021-09-02;0;0;0;0;0;0;0;0;0;0;0;0;0;0;0;0;0;0
FR;5;2021-09-03;0;0;0;0;0;0;0;0;0;0;0;0;0;0;0;0;0;0
FR;5;2021-09-04;0;0;0;0;0;0;0;0;0;0;0;0;0;0;0;0;0;0
FR;5;2021-09-05;0;0;0;0;0;0;0;0;0;0;0;0;0;0;0;0;0;0
FR;5;2021-09-06;0;0;0;0;0;0;0;0;0;0;0;0;0;0;0;0;0;0
FR;5;2021-09-07;0;0;0;0;0;0;0;0;0;0;0;0;0;0;0;0;0;0
FR;5;2021-09-08;0;0;0;0;0;0;0;0;0;0;0;0;0;0;0;0;0;0
FR;5;2021-09-09;0;0;0;0;0;0;0;0;0;0;0;0;0;0;0;0;0;0
FR;5;2021-09-10;0;0;0;0;0;0;0;0;0;0;0;0;0;0;0;0;0;0
FR;5;2021-09-11;0;0;0;0;0;0;0;0;0;0;0;0;0;0;0;0;0;0
FR;5;2021-09-12;0;0;0;0;0;0;0;0;0;0;0;0;0;0;0;0;0;0
FR;5;2021-09-13;0;0;0;0;0;0;0;0;0;0;0;0;0;0;0;0;0;0
FR;5;2021-09-14;0;0;0;0;0;0;0;0;0;0;0;0;0;0;0;0;0;0
FR;5;2021-09-15;0;0;0;0;0;0;0;0;0;0;0;0;0;0;0;0;0;0
FR;5;2021-09-16;0;0;0;0;0;0;0;0;0;0;0;0;0;0;0;0;0;0
FR;5;2021-09-17;0;0;0;0;0;0;0;0;0;0;0;0;0;0;0;0;0;0
FR;5;2021-09-18;0;0;0;0;0;0;0;0;0;0;0;0;0;0;0;0;0;0
FR;5;2021-09-19;0;0;0;0;0;0;0;0;0;0;0;0;0;0;0;0;0;0
FR;5;2021-09-20;0;0;0;0;0;0;0;0;0;0;0;0;0;0;0;0;0;0
FR;5;2021-09-21;0;0;0;0;0;0;0;0;0;0;0;0;0;0;0;0;0;0
FR;5;2021-09-22;0;0;0;0;0;0;0;0;0;0;0;0;0;0;0;0;0;0
FR;5;2021-09-23;0;0;0;0;0;0;0;0;0;0;0;0;0;0;0;0;0;0
FR;5;2021-09-24;0;0;0;0;0;0;0;0;0;0;0;0;0;0;0;0;0;0
FR;5;2021-09-25;0;0;0;0;0;0;0;0;0;0;0;0;0;0;0;0;0;0
FR;5;2021-09-26;0;0;0;0;0;0;0;0;0;0;0;0;0;0;0;0;0;0
FR;5;2021-09-27;0;0;0;0;0;0;0;0;0;0;0;0;0;0;0;0;0;0
FR;5;2021-09-28;0;0;0;0;0;0;0;0;0;0;0;0;0;0;0;0;0;0
FR;5;2021-09-29;0;0;0;0;0;0;0;0;0;0;0;0;0;0;0;0;0;0
FR;5;2021-09-30;0;0;0;0;0;0;0;0;0;0;0;0;0;0;0;0;0;0
FR;5;2021-10-01;0;0;0;0;0;0;0;0;0;0;0;0;0;0;0;0;0;0
FR;5;2021-10-02;0;0;0;0;0;0;0;0;0;0;0;0;0;0;0;0;0;0
FR;5;2021-10-03;0;0;0;0;0;0;0;0;0;0;0;0;0;0;0;0;0;0
FR;5;2021-10-04;0;0;0;0;0;0;0;0;0;0;0;0;0;0;0;0;0;0
FR;5;2021-10-05;0;0;0;0;0;0;0;0;0;0;0;0;0;0;0;0;0;0
FR;5;2021-10-06;0;0;0;0;0;0;0;0;0;0;0;0;0;0;0;0;0;0
FR;5;2021-10-07;0;0;0;0;0;0;0;0;0;0;0;0;0;0;0;0;0;0
FR;5;2021-10-08;0;0;0;0;0;0;0;0;0;0;0;0;0;0;0;0;0;0
FR;5;2021-10-09;0;0;0;0;0;0;0;0;0;0;0;0;0;0;0;0;0;0
FR;5;2021-10-10;0;0;0;0;0;0;0;0;0;0;0;0;0;0;0;0;0;0
FR;5;2021-10-11;0;0;0;0;0;0;0;0;0;0;0;0;0;0;0;0;0;0
FR;5;2021-10-12;0;0;0;0;0;0;0;0;0;0;0;0;0;0;0;0;0;0
FR;5;2021-10-13;0;0;0;0;0;0;0;0;0;0;0;0;0;0;0;0;0;0
FR;5;2021-10-14;0;0;0;0;0;0;0;0;0;0;0;0;0;0;0;0;0;0
FR;5;2021-10-15;0;0;0;0;0;0;0;0;0;0;0;0;0;0;0;0;0;0
FR;5;2021-10-16;0;0;0;0;0;0;0;0;0;0;0;0;0;0;0;0;0;0
FR;5;2021-10-17;0;0;0;0;0;0;0;0;0;0;0;0;0;0;0;0;0;0
FR;5;2021-10-18;0;0;0;0;0;0;0;0;0;0;0;0;0;0;0;0;0;0
FR;5;2021-10-19;0;0;0;0;0;0;0;0;0;0;0;0;0;0;0;0;0;0
FR;5;2021-10-20;0;0;0;0;0;0;0;0;0;0;0;0;0;0;0;0;0;0
FR;5;2021-10-21;0;0;0;0;0;0;0;0;0;0;0;0;0;0;0;0;0;0
FR;5;2021-10-22;0;0;0;0;0;0;0;0;0;0;0;0;0;0;0;0;0;0
FR;5;2021-10-23;0;0;0;0;0;0;0;0;0;0;0;0;0;0;0;0;0;0
FR;5;2021-10-24;0;0;0;0;0;0;0;0;0;0;0;0;0;0;0;0;0;0
FR;5;2021-10-25;0;0;0;0;0;0;0;0;0;0;0;0;0;0;0;0;0;0
FR;5;2021-10-26;0;0;0;0;0;0;0;0;0;0;0;0;0;0;0;0;0;0
FR;5;2021-10-27;0;0;0;0;0;0;0;0;0;0;0;0;0;0;0;0;0;0
FR;5;2021-10-28;0;0;0;0;0;0;0;0;0;0;0;0;0;0;0;0;0;0
FR;5;2021-10-29;0;0;0;0;0;0;0;0;0;0;0;0;0;0;0;0;0;0
FR;5;2021-10-30;0;0;0;0;0;0;0;0;0;0;0;0;0;0;0;0;0;0
FR;5;2021-10-31;0;0;0;0;0;0;0;0;0;0;0;0;0;0;0;0;0;0
FR;5;2021-11-01;0;0;0;0;0;0;0;0;0;0;0;0;0;0;0;0;0;0
FR;5;2021-11-02;0;0;0;0;0;0;0;0;0;0;0;0;0;0;0;0;0;0
FR;5;2021-11-03;0;0;0;0;0;0;0;0;0;0;0;0;0;0;0;0;0;0
FR;5;2021-11-04;0;0;0;0;0;0;0;0;0;0;0;0;0;0;0;0;0;0
FR;5;2021-11-05;0;0;0;0;0;0;0;0;0;0;0;0;0;0;0;0;0;0
FR;5;2021-11-06;0;0;0;0;0;0;0;0;0;0;0;0;0;0;0;0;0;0
FR;5;2021-11-07;0;0;0;0;0;0;0;0;0;0;0;0;0;0;0;0;0;0
FR;5;2021-11-08;0;0;0;0;0;0;0;0;0;0;0;0;0;0;0;0;0;0
FR;5;2021-11-09;0;0;0;0;0;0;0;0;0;0;0;0;0;0;0;0;0;0
FR;5;2021-11-10;0;0;0;0;0;0;0;0;0;0;0;0;0;0;0;0;0;0
FR;5;2021-11-11;0;0;0;0;0;0;0;0;0;0;0;0;0;0;0;0;0;0
FR;5;2021-11-12;0;0;0;0;0;0;0;0;0;0;0;0;0;0;0;0;0;0
FR;5;2021-11-13;0;0;0;0;0;0;0;0;0;0;0;0;0;0;0;0;0;0
FR;5;2021-11-14;0;0;0;0;0;0;0;0;0;0;0;0;0;0;0;0;0;0
FR;5;2021-11-15;0;0;0;0;0;0;0;0;0;0;0;0;0;0;0;0;0;0
FR;5;2021-11-16;0;0;0;0;0;0;0;0;0;0;0;0;0;0;0;0;0;0
FR;5;2021-11-17;0;0;0;0;0;0;0;0;0;0;0;0;0;0;0;0;0;0
FR;5;2021-11-18;0;0;0;0;0;0;0;0;0;0;0;0;0;0;0;0;0;0
FR;5;2021-11-19;0;0;0;0;0;0;0;0;0;0;0;0;0;0;0;0;0;0
FR;5;2021-11-20;0;0;0;0;0;0;0;0;0;0;0;0;0;0;0;0;0;0
FR;5;2021-11-21;0;0;0;0;0;0;0;0;0;0;0;0;0;0;0;0;0;0
FR;5;2021-11-22;0;0;0;0;0;0;0;0;0;0;0;0;0;0;0;0;0;0
FR;5;2021-11-23;0;0;0;0;0;0;0;0;0;0;0;0;0;0;0;0;0;0
FR;5;2021-11-24;0;0;0;0;0;0;0;0;0;0;0;0;0;0;0;0;0;0
FR;5;2021-11-25;0;0;0;0;0;0;0;0;0;0;0;0;0;0;0;0;0;0
FR;5;2021-11-26;0;0;0;0;0;0;0;0;0;0;0;0;0;0;0;0;0;0
FR;5;2021-11-27;0;0;0;0;0;0;0;0;0;0;0;0;0;0;0;0;0;0
FR;5;2021-11-28;0;0;0;0;0;0;0;0;0;0;0;0;0;0;0;0;0;0
FR;5;2021-11-29;0;0;0;0;0;0;0;0;0;0;0;0;0;0;0;0;0;0
FR;5;2021-11-30;0;0;0;0;0;0;0;0;0;0;0;0;0;0;0;0;0;0
FR;5;2021-12-01;0;0;0;0;0;0;0;0;0;0;0;0;0;0;0;0;0;0
FR;5;2021-12-02;0;0;0;0;0;0;0;0;0;0;0;0;0;0;0;0;0;0
FR;5;2021-12-03;0;0;0;0;0;0;0;0;0;0;0;0;0;0;0;0;0;0
FR;5;2021-12-04;0;0;0;0;0;0;0;0;0;0;0;0;0;0;0;0;0;0
FR;5;2021-12-05;0;0;0;0;0;0;0;0;0;0;0;0;0;0;0;0;0;0
FR;5;2021-12-06;0;0;0;0;0;0;0;0;0;0;0;0;0;0;0;0;0;0
FR;5;2021-12-07;0;0;0;0;0;0;0;0;0;0;0;0;0;0;0;0;0;0
FR;5;2021-12-08;0;0;0;0;0;0;0;0;0;0;0;0;0;0;0;0;0;0
FR;5;2021-12-09;0;0;0;0;0;0;0;0;0;0;0;0;0;0;0;0;0;0
FR;5;2021-12-10;0;0;0;0;0;0;0;0;0;0;0;0;0;0;0;0;0;0
FR;5;2021-12-11;0;0;0;0;0;0;0;0;0;0;0;0;0;0;0;0;0;0
FR;5;2021-12-12;0;0;0;0;0;0;0;0;0;0;0;0;0;0;0;0;0;0
FR;5;2021-12-13;0;0;0;0;0;0;0;0;0;0;0;0;0;0;0;0;0;0
FR;5;2021-12-14;33;45;77;0;27;88;1;0;0;33;45;77;0;27;88;1;0;0
FR;5;2021-12-15;196;44;37;0;42;49;0;0;0;229;89;114;0;69;137;1;0;0
FR;5;2021-12-16;181;21;44;0;38;48;0;0;0;410;110;158;0;107;185;1;0;0
FR;5;2021-12-17;313;16;72;0;34;74;2;0;0;723;126;230;0;141;259;3;0;0
FR;5;2021-12-18;766;24;22;0;67;29;0;0;0;1489;150;252;0;208;288;3;0;0
FR;5;2021-12-19;585;15;15;0;67;17;0;0;0;2074;165;267;0;275;305;3;0;0
FR;5;2021-12-20;1225;31;34;0;134;37;2;0;0;3299;196;301;0;409;342;5;0;0
FR;5;2021-12-21;1535;22;54;1;141;60;0;0;0;4834;218;355;1;550;402;5;0;0
FR;5;2021-12-22;4069;40;37;0;420;46;2;0;0;8903;258;392;1;970;448;7;0;0
FR;5;2021-12-23;3043;16;21;0;305;25;0;0;0;11946;274;413;1;1275;473;7;0;0
FR;5;2021-12-24;761;18;9;0;103;14;0;0;0;12707;292;422;1;1378;487;7;0;0
FR;5;2021-12-25;61;5;2;0;9;3;0;0;0;12768;297;424;1;1387;490;7;0;0
FR;5;2021-12-26;623;6;3;0;101;4;0;0;0;13391;303;427;1;1488;494;7;0;0
FR;5;2021-12-27;4085;25;21;0;458;23;1;0;0;17476;328;448;1;1946;517;8;0;0
FR;5;2021-12-28;5204;23;41;1;513;43;2;0;0;22680;351;489;2;2459;560;10;0;0
FR;5;2021-12-29;8105;34;66;1;888;69;0;0;0;30785;385;555;3;3347;629;10;0;0
FR;5;2021-12-30;5173;18;33;0;525;39;0;0;0;35958;403;588;3;3872;668;10;0;0
FR;5;2021-12-31;1554;8;10;0;182;11;0;0;0;37512;411;598;3;4054;679;10;0;0
FR;5;2022-01-01;186;2;2;0;24;3;0;0;0;37698;413;600;3;4078;682;10;0;0
FR;5;2022-01-02;1489;1;1;0;152;1;0;0;0;39187;414;601;3;4230;683;10;0;0
FR;5;2022-01-03;3069;36;34;0;323;33;1;0;0;42256;450;635;3;4553;716;11;0;0
FR;5;2022-01-04;3034;39;33;0;321;42;3;0;0;45290;489;668;3;4874;758;14;0;0
FR;5;2022-01-05;19324;203;97;1;2117;108;0;0;0;64614;692;765;4;6991;866;14;0;0
FR;5;2022-01-06;3748;134;122;0;507;142;2;0;0;68362;826;887;4;7498;1008;16;0;0
FR;5;2022-01-07;5006;202;48;2;704;56;1;0;0;73368;1028;935;6;8202;1064;17;0;0
FR;5;2022-01-08;13659;514;45;0;2003;52;0;0;0;87027;1542;980;6;10205;1116;17;0;0
FR;5;2022-01-09;5754;399;15;0;1112;20;1;0;0;92781;1941;995;6;11317;1136;18;0;0
FR;5;2022-01-10;3455;326;25;0;735;29;0;0;0;96236;2267;1020;6;12052;1165;18;0;0
FR;5;2022-01-11;3671;283;38;0;661;41;1;0;0;99907;2550;1058;6;12713;1206;19;0;0
FR;5;2022-01-12;22650;3005;89;0;5297;112;2;0;0;122557;5555;1147;6;18010;1318;21;0;0
FR;5;2022-01-13;4039;623;29;0;1051;31;2;0;0;126596;6178;1176;6;19061;1349;23;0;0
FR;5;2022-01-14;4843;583;45;0;1115;52;1;0;0;131439;6761;1221;6;20176;1401;24;0;0
FR;5;2022-01-15;14686;1747;38;3;3378;49;3;0;0;146125;8508;1259;9;23554;1450;27;0;0
FR;5;2022-01-16;4728;666;3;0;1261;5;0;0;0;150853;9174;1262;9;24815;1455;27;0;0
FR;5;2022-01-17;2297;718;26;0;986;29;0;0;0;153150;9892;1288;9;25801;1484;27;0;0
FR;5;2022-01-18;2431;870;30;0;1141;40;0;0;0;155581;10762;1318;9;26942;1524;27;0;0
FR;5;2022-01-19;18484;6423;74;2;8366;142;3;0;0;174065;17185;1392;11;35308;1666;30;0;0
FR;5;2022-01-20;1920;1067;25;0;1295;34;2;0;0;175985;18252;1417;11;36603;1700;32;0;0
FR;5;2022-01-21;3077;1372;47;1;1677;59;2;0;0;179062;19624;1464;12;38280;1759;34;0;0
FR;5;2022-01-22;10720;3454;33;1;4671;43;1;0;0;189782;23078;1497;13;42951;1802;35;0;0
FR;5;2022-01-23;2629;1415;6;0;1789;10;0;0;0;192411;24493;1503;13;44740;1812;35;0;0
FR;5;2022-01-24;1161;1341;19;0;1447;23;1;0;0;193572;25834;1522;13;46187;1835;36;0;0
FR;5;2022-01-25;1220;1550;20;2;1684;31;3;0;0;194792;27384;1542;15;47871;1866;39;0;0
FR;5;2022-01-26;10748;12032;50;1;13300;89;1;0;1;205540;39416;1592;16;61171;1955;40;0;1
FR;5;2022-01-27;1291;1693;10;0;1838;17;0;0;0;206831;41109;1602;16;63009;1972;40;0;1
FR;5;2022-01-28;1698;3346;16;0;3566;19;1;0;0;208529;44455;1618;16;66575;1991;41;0;1
FR;5;2022-01-29;6241;8041;68;0;8855;96;2;0;0;214770;52496;1686;16;75430;2087;43;0;1
FR;5;2022-01-30;1509;2950;5;0;3185;18;0;0;0;216279;55446;1691;16;78615;2105;43;0;1
FR;5;2022-01-31;589;1773;23;0;1837;24;3;0;0;216868;57219;1714;16;80452;2129;46;0;1
FR;5;2022-02-01;712;1706;10;0;1791;15;0;0;0;217580;58925;1724;16;82243;2144;46;0;1
FR;5;2022-02-02;6959;15655;52;0;16603;94;0;0;0;224539;74580;1776;16;98846;2238;46;0;1
FR;5;2022-02-03;492;1691;14;0;1748;13;5;0;0;225031;76271;1790;16;100594;2251;51;0;1
FR;5;2022-02-04;945;3002;19;0;3123;31;0;0;0;225976;79273;1809;16;103717;2282;51;0;1
FR;5;2022-02-05;3536;8919;23;0;9517;37;0;0;0;229512;88192;1832;16;113234;2319;51;0;1
FR;5;2022-02-06;737;2398;10;0;2556;19;0;0;0;230249;90590;1842;16;115790;2338;51;0;1
FR;5;2022-02-07;884;1596;23;0;1715;25;2;0;0;231133;92186;1865;16;117505;2363;53;0;1
FR;5;2022-02-08;725;1287;18;0;1407;20;2;0;0;231858;93473;1883;16;118912;2383;55;0;1
FR;5;2022-02-09;4544;12880;44;0;13608;76;1;0;0;236402;106353;1927;16;132520;2459;56;0;1
FR;5;2022-02-10;646;1059;14;0;1166;15;0;0;0;237048;107412;1941;16;133686;2474;56;0;1
FR;5;2022-02-11;793;2032;16;0;2163;21;1;0;0;237841;109444;1957;16;135849;2495;57;0;1
FR;5;2022-02-12;2286;6812;33;0;7279;53;0;0;0;240127;116256;1990;16;143128;2548;57;0;1
FR;5;2022-02-13;464;1541;8;0;1654;8;1;0;0;240591;117797;1998;16;144782;2556;58;0;1
FR;5;2022-02-14;678;1288;10;0;1407;13;1;0;0;241269;119085;2008;16;146189;2569;59;0;1
FR;5;2022-02-15;482;886;9;0;968;14;1;0;0;241751;119971;2017;16;147157;2583;60;0;1
FR;5;2022-02-16;2980;9124;41;1;9676;58;2;0;0;244731;129095;2058;17;156833;2641;62;0;1
FR;5;2022-02-17;436;809;6;0;876;7;1;0;0;245167;129904;2064;17;157709;2648;63;0;1
FR;5;2022-02-18;649;1408;13;0;1535;17;0;0;0;245816;131312;2077;17;159244;2665;63;0;1
FR;5;2022-02-19;1373;4315;16;0;4623;28;0;0;0;247189;135627;2093;17;163867;2693;63;0;1
FR;5;2022-02-20;247;879;6;0;941;8;0;0;0;247436;136506;2099;17;164808;2701;63;0;1
FR;5;2022-02-21;221;607;2;0;661;4;1;0;0;247657;137113;2101;17;165469;2705;64;0;1
FR;5;2022-02-22;262;545;17;0;591;17;1;0;0;247919;137658;2118;17;166060;2722;65;0;1
FR;5;2022-02-23;1909;6926;23;1;7346;43;0;0;0;249828;144584;2141;18;173406;2765;65;0;1
FR;5;2022-02-24;182;374;6;1;421;7;1;0;0;250010;144958;2147;19;173827;2772;66;0;1
FR;5;2022-02-25;336;951;13;0;1028;12;2;0;0;250346;145909;2160;19;174855;2784;68;0;1
FR;5;2022-02-26;972;3071;11;0;3333;15;2;0;0;251318;148980;2171;19;178188;2799;70;0;1
FR;5;2022-02-27;151;506;0;0;549;3;0;0;0;251469;149486;2171;19;178737;2802;70;0;1
FR;5;2022-02-28;162;369;1;0;408;1;0;0;0;251631;149855;2172;19;179145;2803;70;0;1
FR;5;2022-03-01;130;280;6;0;315;7;1;0;0;251761;150135;2178;19;179460;2810;71;0;1
FR;5;2022-03-02;1242;4156;28;3;4497;40;3;0;0;253003;154291;2206;22;183957;2850;74;0;1
FR;5;2022-03-03;121;251;5;0;271;10;1;0;0;253124;154542;2211;22;184228;2860;75;0;1
FR;5;2022-03-04;197;488;13;0;538;14;2;0;0;253321;155030;2224;22;184766;2874;77;0;1
FR;5;2022-03-05;677;1990;8;0;2243;16;2;0;0;253998;157020;2232;22;187009;2890;79;0;1
FR;5;2022-03-06;108;260;0;0;310;0;0;0;0;254106;157280;2232;22;187319;2890;79;0;1
FR;5;2022-03-07;71;228;5;0;254;3;2;0;0;254177;157508;2237;22;187573;2893;81;0;1
FR;5;2022-03-08;46;134;7;1;141;8;3;0;0;254223;157642;2244;23;187714;2901;84;0;1
FR;5;2022-03-09;911;3078;24;0;3407;36;0;0;0;255134;160720;2268;23;191121;2937;84;0;1
FR;5;2022-03-10;82;202;9;0;216;13;3;0;0;255216;160922;2277;23;191337;2950;87;0;1
FR;5;2022-03-11;148;369;13;1;426;15;0;0;0;255364;161291;2290;24;191763;2965;87;0;1
FR;5;2022-03-12;758;1613;13;1;1977;30;0;0;0;256122;162904;2303;25;193740;2995;87;0;1
FR;5;2022-03-13;78;102;0;0;135;0;0;0;0;256200;163006;2303;25;193875;2995;87;0;1
FR;5;2022-03-14;69;119;7;1;139;7;1;0;0;256269;163125;2310;26;194014;3002;88;0;1
FR;5;2022-03-15;83;99;4;0;119;7;1;0;0;256352;163224;2314;26;194133;3009;89;0;1
FR;5;2022-03-16;882;1827;15;3;2227;36;7;0;0;257234;165051;2329;29;196360;3045;96;0;1
FR;5;2022-03-17;68;123;8;4;151;10;4;0;0;257302;165174;2337;33;196511;3055;100;0;1
FR;5;2022-03-18;172;318;13;4;391;18;4;0;0;257474;165492;2350;37;196902;3073;104;0;1
FR;5;2022-03-19;752;1163;12;5;1555;33;8;0;0;258226;166655;2362;42;198457;3106;112;0;1
FR;5;2022-03-20;45;93;1;0;119;1;0;0;0;258271;166748;2363;42;198576;3107;112;0;1
FR;5;2022-03-21;71;120;10;6;136;15;8;0;0;258342;166868;2373;48;198712;3122;120;0;1
FR;5;2022-03-22;56;119;8;7;143;9;6;0;0;258398;166987;2381;55;198855;3131;126;0;1
FR;5;2022-03-23;805;1461;14;8;1878;36;9;0;0;259203;168448;2395;63;200733;3167;135;0;1
FR;5;2022-03-24;71;93;8;7;118;7;10;0;0;259274;168541;2403;70;200851;3174;145;0;1
FR;5;2022-03-25;222;293;14;8;388;18;9;0;0;259496;168834;2417;78;201239;3192;154;0;1
FR;5;2022-03-26;707;853;12;5;1273;26;6;0;1;260203;169687;2429;83;202512;3218;160;0;2
FR;5;2022-03-27;76;81;0;0;124;3;0;0;0;260279;169768;2429;83;202636;3221;160;0;2
FR;5;2022-03-28;81;93;1;2;132;3;2;0;0;260360;169861;2430;85;202768;3224;162;0;2
FR;5;2022-03-29;71;83;10;4;114;12;5;0;0;260431;169944;2440;89;202882;3236;167;0;2
FR;5;2022-03-30;823;1116;16;13;1604;29;14;0;0;261254;171060;2456;102;204486;3265;181;0;2
FR;5;2022-03-31;102;125;1;4;173;6;4;0;0;261356;171185;2457;106;204659;3271;185;0;2
FR;5;2022-04-01;114;86;7;12;135;11;12;0;1;261470;171271;2464;118;204794;3282;197;0;3
FR;5;2022-04-02;330;349;3;3;535;15;4;0;0;261800;171620;2467;121;205329;3297;201;0;3
FR;5;2022-04-03;54;59;1;0;88;1;0;0;0;261854;171679;2468;121;205417;3298;201;0;3
FR;5;2022-04-04;40;57;4;1;70;8;2;0;0;261894;171736;2472;122;205487;3306;203;0;3
FR;5;2022-04-05;53;60;6;6;75;9;5;0;0;261947;171796;2478;128;205562;3315;208;0;3
FR;5;2022-04-06;421;439;7;14;678;16;14;0;0;262368;172235;2485;142;206240;3331;222;0;3
FR;5;2022-04-07;45;69;5;7;89;7;10;0;0;262413;172304;2490;149;206329;3338;232;0;3
FR;5;2022-04-08;134;112;12;13;175;14;15;0;0;262547;172416;2502;162;206504;3352;247;0;3
FR;5;2022-04-09;311;324;2;5;511;17;5;0;0;262858;172740;2504;167;207015;3369;252;0;3
FR;5;2022-04-10;44;31;2;0;61;2;1;0;0;262902;172771;2506;167;207076;3371;253;0;3
FR;5;2022-04-11;50;60;3;2;78;4;3;0;0;262952;172831;2509;169;207154;3375;256;0;3
FR;5;2022-04-12;59;54;3;3;78;5;3;0;0;263011;172885;2512;172;207232;3380;259;0;3
FR;5;2022-04-13;382;413;3;8;606;16;8;0;0;263393;173298;2515;180;207838;3396;267;0;3
FR;5;2022-04-14;48;53;5;5;70;9;3;0;0;263441;173351;2520;185;207908;3405;270;0;3
FR;5;2022-04-15;91;111;4;4;152;5;6;0;0;263532;173462;2524;189;208060;3410;276;0;3
FR;5;2022-04-16;188;184;2;1;265;13;1;0;0;263720;173646;2526;190;208325;3423;277;0;3
FR;5;2022-04-17;12;11;1;0;17;1;0;0;0;263732;173657;2527;190;208342;3424;277;0;3
FR;5;2022-04-18;9;10;2;0;11;3;1;0;0;263741;173667;2529;190;208353;3427;278;0;3
FR;5;2022-04-19;75;71;6;1;96;6;4;0;0;263816;173738;2535;191;208449;3433;282;0;3
FR;5;2022-04-20;361;349;9;6;521;12;7;0;0;264177;174087;2544;197;208970;3445;289;0;3
FR;5;2022-04-21;42;64;9;10;71;12;14;0;0;264219;174151;2553;207;209041;3457;303;0;3
FR;5;2022-04-22;113;96;5;4;144;5;5;0;0;264332;174247;2558;211;209185;3462;308;0;3
FR;5;2022-04-23;209;193;4;2;284;11;3;0;0;264541;174440;2562;213;209469;3473;311;0;3
FR;5;2022-04-24;37;35;0;0;50;3;0;0;0;264578;174475;2562;213;209519;3476;311;0;3
FR;5;2022-04-25;69;65;1;1;102;4;1;0;0;264647;174540;2563;214;209621;3480;312;0;3
FR;5;2022-04-26;60;63;2;1;85;5;1;0;0;264707;174603;2565;215;209706;3485;313;0;3
FR;5;2022-04-27;335;316;3;7;463;14;8;0;0;265042;174919;2568;222;210169;3499;321;0;3
FR;5;2022-04-28;81;54;4;5;81;8;7;0;0;265123;174973;2572;227;210250;3507;328;0;3
FR;5;2022-04-29;117;84;5;19;118;12;17;0;0;265240;175057;2577;246;210368;3519;345;0;3
FR;5;2022-04-30;183;114;2;3;184;10;4;0;0;265423;175171;2579;249;210552;3529;349;0;3
FR;5;2022-05-01;11;7;0;0;11;0;0;0;0;265434;175178;2579;249;210563;3529;349;0;3
FR;5;2022-05-02;52;28;4;5;48;2;7;0;0;265486;175206;2583;254;210611;3531;356;0;3
FR;5;2022-05-03;87;57;2;4;84;11;4;0;0;265573;175263;2585;258;210695;3542;360;0;3
FR;5;2022-05-04;278;205;1;2;324;7;2;0;0;265851;175468;2586;260;211019;3549;362;0;3
FR;5;2022-05-05;62;32;3;4;46;5;4;0;0;265913;175500;2589;264;211065;3554;366;0;3
FR;5;2022-05-06;105;65;2;3;106;5;3;0;0;266018;175565;2591;267;211171;3559;369;0;3
FR;5;2022-05-07;171;117;2;10;180;13;7;0;0;266189;175682;2593;277;211351;3572;376;0;3
FR;5;2022-05-08;8;8;0;0;9;2;0;0;0;266197;175690;2593;277;211360;3574;376;0;3
FR;5;2022-05-09;44;34;15;3;51;16;4;0;0;266241;175724;2608;280;211411;3590;380;0;3
FR;5;2022-05-10;54;49;3;4;67;5;5;0;0;266295;175773;2611;284;211478;3595;385;0;3
FR;5;2022-05-11;327;237;12;7;344;21;11;0;0;266622;176010;2623;291;211822;3616;396;0;3
FR;5;2022-05-12;46;34;2;2;47;2;3;0;0;266668;176044;2625;293;211869;3618;399;0;3
FR;5;2022-05-13;109;83;3;8;120;8;7;0;0;266777;176127;2628;301;211989;3626;406;0;3
FR;5;2022-05-14;209;131;0;1;212;8;0;0;0;266986;176258;2628;302;212201;3634;406;0;3
FR;5;2022-05-15;22;9;2;0;18;1;1;0;0;267008;176267;2630;302;212219;3635;407;0;3
FR;5;2022-05-16;52;34;4;5;53;4;5;0;0;267060;176301;2634;307;212272;3639;412;0;3
FR;5;2022-05-17;72;40;5;0;68;2;3;0;0;267132;176341;2639;307;212340;3641;415;0;3
FR;5;2022-05-18;289;215;4;4;330;8;6;0;0;267421;176556;2643;311;212670;3649;421;0;3
FR;5;2022-05-19;45;35;5;3;42;3;4;0;0;267466;176591;2648;314;212712;3652;425;0;3
FR;5;2022-05-20;76;63;3;10;92;1;11;0;0;267542;176654;2651;324;212804;3653;436;0;3
FR;5;2022-05-21;242;166;2;3;268;17;1;0;0;267784;176820;2653;327;213072;3670;437;0;3
FR;5;2022-05-22;20;14;2;5;20;2;6;0;0;267804;176834;2655;332;213092;3672;443;0;3
FR;5;2022-05-23;42;31;4;3;42;6;3;0;0;267846;176865;2659;335;213134;3678;446;0;3
FR;5;2022-05-24;47;45;3;2;60;5;2;0;0;267893;176910;2662;337;213194;3683;448;0;3
FR;5;2022-05-25;329;258;4;1;386;16;1;0;0;268222;177168;2666;338;213580;3699;449;0;3
FR;5;2022-05-26;17;5;0;1;9;2;0;0;1;268239;177173;2666;339;213589;3701;449;0;4
FR;5;2022-05-27;99;54;4;4;89;9;3;0;0;268338;177227;2670;343;213678;3710;452;0;4
FR;5;2022-05-28;100;78;5;3;106;10;3;0;0;268438;177305;2675;346;213784;3720;455;0;4
FR;5;2022-05-29;14;14;1;0;18;2;0;0;0;268452;177319;2676;346;213802;3722;455;0;4
FR;5;2022-05-30;56;41;2;1;54;2;2;0;0;268508;177360;2678;347;213856;3724;457;0;4
FR;5;2022-05-31;57;43;1;8;62;1;8;0;0;268565;177403;2679;355;213918;3725;465;0;4
FR;5;2022-06-01;257;241;9;2;302;25;5;0;0;268822;177644;2688;357;214220;3750;470;0;4
FR;5;2022-06-02;63;61;5;0;73;9;1;0;0;268885;177705;2693;357;214293;3759;471;0;4
FR;5;2022-06-03;82;71;4;5;88;10;6;0;0;268967;177776;2697;362;214381;3769;477;0;4
FR;5;2022-06-04;157;109;2;1;187;9;1;0;0;269124;177885;2699;363;214568;3778;478;0;4
FR;5;2022-06-05;18;11;0;0;21;1;0;0;0;269142;177896;2699;363;214589;3779;478;0;4
FR;5;2022-06-06;16;12;0;1;15;0;1;0;0;269158;177908;2699;364;214604;3779;479;0;4
FR;5;2022-06-07;50;56;1;1;76;2;1;0;0;269208;177964;2700;365;214680;3781;480;0;4
FR;5;2022-06-08;283;225;3;4;332;17;2;0;0;269491;178189;2703;369;215012;3798;482;0;4
FR;5;2022-06-09;52;41;6;3;57;7;2;0;1;269543;178230;2709;372;215069;3805;484;0;5
FR;5;2022-06-10;81;72;1;1;105;6;1;0;0;269624;178302;2710;373;215174;3811;485;0;5
FR;5;2022-06-11;173;141;3;3;202;10;4;0;0;269797;178443;2713;376;215376;3821;489;0;5
FR;5;2022-06-12;17;16;0;0;19;2;0;0;0;269814;178459;2713;376;215395;3823;489;0;5
FR;5;2022-06-13;56;47;9;3;70;10;6;0;0;269870;178506;2722;379;215465;3833;495;0;5
FR;5;2022-06-14;59;56;1;4;64;6;4;0;0;269929;178562;2723;383;215529;3839;499;0;5
FR;5;2022-06-15;266;260;5;2;363;27;1;0;0;270195;178822;2728;385;215892;3866;500;0;5
FR;5;2022-06-16;47;30;5;2;44;5;2;0;0;270242;178852;2733;387;215936;3871;502;0;5
FR;5;2022-06-17;100;67;5;5;102;10;5;0;0;270342;178919;2738;392;216038;3881;507;0;5
FR;5;2022-06-18;146;95;10;2;152;26;2;0;1;270488;179014;2748;394;216190;3907;509;0;6
FR;5;2022-06-19;26;15;0;1;18;4;1;0;0;270514;179029;2748;395;216208;3911;510;0;6
FR;5;2022-06-20;56;50;8;0;62;11;2;0;0;270570;179079;2756;395;216270;3922;512;0;6
FR;5;2022-06-21;53;73;5;3;91;7;5;0;1;270623;179152;2761;398;216361;3929;517;0;7
FR;5;2022-06-22;224;248;7;9;348;33;10;0;0;270847;179400;2768;407;216709;3962;527;0;7
FR;5;2022-06-23;50;38;2;5;43;6;6;0;0;270897;179438;2770;412;216752;3968;533;0;7
FR;5;2022-06-24;91;70;12;5;101;16;8;0;0;270988;179508;2782;417;216853;3984;541;0;7
FR;5;2022-06-25;154;124;3;7;185;14;8;0;1;271142;179632;2785;424;217038;3998;549;0;8
FR;5;2022-06-26;26;19;2;0;29;5;0;0;0;271168;179651;2787;424;217067;4003;549;0;8
FR;5;2022-06-27;57;60;5;7;78;11;9;0;0;271225;179711;2792;431;217145;4014;558;0;8
FR;5;2022-06-28;70;49;8;2;69;14;5;0;0;271295;179760;2800;433;217214;4028;563;0;8
FR;5;2022-06-29;297;269;9;21;391;34;23;0;0;271592;180029;2809;454;217605;4062;586;0;8
FR;5;2022-06-30;89;57;10;12;89;17;11;0;0;271681;180086;2819;466;217694;4079;597;0;8
FR;5;2022-07-01;127;65;7;11;118;12;11;0;2;271808;180151;2826;477;217812;4091;608;0;10
FR;5;2022-07-02;191;132;4;0;210;22;0;0;0;271999;180283;2830;477;218022;4113;608;0;10
FR;5;2022-07-03;30;25;1;0;36;4;0;0;0;272029;180308;2831;477;218058;4117;608;0;10
FR;5;2022-07-04;103;65;2;5;102;7;5;0;1;272132;180373;2833;482;218160;4124;613;0;11
FR;5;2022-07-05;104;72;3;8;107;13;8;0;1;272236;180445;2836;490;218267;4137;621;0;12
FR;5;2022-07-06;278;168;9;36;289;27;36;0;0;272514;180613;2845;526;218556;4164;657;0;12
FR;5;2022-07-07;88;69;6;9;89;13;11;0;0;272602;180682;2851;535;218645;4177;668;0;12
FR;5;2022-07-08;152;120;7;14;146;25;13;0;1;272754;180802;2858;549;218791;4202;681;0;13
FR;5;2022-07-09;116;68;1;8;100;10;8;0;0;272870;180870;2859;557;218891;4212;689;0;13
FR;5;2022-07-10;15;6;0;0;10;1;0;0;0;272885;180876;2859;557;218901;4213;689;0;13
FR;5;2022-07-11;92;72;10;2;98;19;3;0;0;272977;180948;2869;559;218999;4232;692;0;13
FR;5;2022-07-12;67;63;5;10;81;7;12;0;0;273044;181011;2874;569;219080;4239;704;0;13
FR;5;2022-07-13;169;118;10;19;196;16;23;0;0;273213;181129;2884;588;219276;4255;727;0;13
FR;5;2022-07-14;8;4;0;0;7;0;0;0;0;273221;181133;2884;588;219283;4255;727;0;13
FR;5;2022-07-15;74;66;5;14;86;15;15;0;0;273295;181199;2889;602;219369;4270;742;0;13
FR;5;2022-07-16;54;44;3;0;71;3;2;0;0;273349;181243;2892;602;219440;4273;744;0;13
FR;5;2022-07-17;10;7;3;0;10;2;2;0;0;273359;181250;2895;602;219450;4275;746;0;13
FR;5;2022-07-18;60;47;0;4;70;4;3;0;0;273419;181297;2895;606;219520;4279;749;0;13
FR;5;2022-07-19;63;42;5;3;63;7;4;0;0;273482;181339;2900;609;219583;4286;753;0;13
FR;5;2022-07-20;120;106;4;11;141;14;9;0;0;273602;181445;2904;620;219724;4300;762;0;13
FR;5;2022-07-21;38;43;2;10;52;5;10;0;0;273640;181488;2906;630;219776;4305;772;0;13
FR;5;2022-07-22;48;69;11;13;75;23;11;0;1;273688;181557;2917;643;219851;4328;783;0;14
FR;5;2022-07-23;59;78;2;1;95;11;2;0;0;273747;181635;2919;644;219946;4339;785;0;14
FR;5;2022-07-24;11;9;3;1;12;3;1;0;0;273758;181644;2922;645;219958;4342;786;0;14
FR;5;2022-07-25;53;48;2;7;57;8;8;0;0;273811;181692;2924;652;220015;4350;794;0;14
FR;5;2022-07-26;58;52;5;41;70;6;44;0;0;273869;181744;2929;693;220085;4356;838;0;14
FR;5;2022-07-27;106;118;4;4;161;13;4;0;0;273975;181862;2933;697;220246;4369;842;0;14
FR;5;2022-07-28;39;35;2;2;47;6;1;0;0;274014;181897;2935;699;220293;4375;843;0;14
FR;5;2022-07-29;56;74;3;14;90;8;10;0;0;274070;181971;2938;713;220383;4383;853;0;14
FR;5;2022-07-30;55;53;5;1;76;7;2;0;0;274125;182024;2943;714;220459;4390;855;0;14
FR;5;2022-07-31;7;11;1;0;13;1;0;0;0;274132;182035;2944;714;220472;4391;855;0;14
FR;5;2022-08-01;39;53;1;2;64;6;2;0;0;274171;182088;2945;716;220536;4397;857;0;14
FR;5;2022-08-02;32;43;8;7;47;8;7;0;1;274203;182131;2953;723;220583;4405;864;0;15
FR;5;2022-08-03;54;51;4;10;70;9;8;0;0;274257;182182;2957;733;220653;4414;872;0;15
FR;5;2022-08-04;20;18;1;6;22;1;6;0;0;274277;182200;2958;739;220675;4415;878;0;15
FR;5;2022-08-05;35;26;3;3;39;3;3;0;0;274312;182226;2961;742;220714;4418;881;0;15
FR;5;2022-08-06;23;26;1;0;31;1;0;0;0;274335;182252;2962;742;220745;4419;881;0;15
FR;5;2022-08-07;2;2;1;0;1;1;1;0;0;274337;182254;2963;742;220746;4420;882;0;15
FR;5;2022-08-08;26;19;1;2;24;2;1;0;0;274363;182273;2964;744;220770;4422;883;0;15
FR;5;2022-08-09;26;28;3;3;35;3;3;0;0;274389;182301;2967;747;220805;4425;886;0;15
FR;5;2022-08-10;47;47;2;0;56;5;0;0;0;274436;182348;2969;747;220861;4430;886;0;15
FR;5;2022-08-11;19;36;2;2;42;5;2;0;0;274455;182384;2971;749;220903;4435;888;0;15
FR;5;2022-08-12;27;28;2;0;39;2;0;0;0;274482;182412;2973;749;220942;4437;888;0;15
FR;5;2022-08-13;16;18;0;0;24;0;0;0;0;274498;182430;2973;749;220966;4437;888;0;15
FR;5;2022-08-14;2;3;0;0;4;0;0;0;0;274500;182433;2973;749;220970;4437;888;0;15
FR;5;2022-08-15;2;6;0;0;6;0;0;0;0;274502;182439;2973;749;220976;4437;888;0;15
FR;5;2022-08-16;33;26;3;0;28;6;0;0;0;274535;182465;2976;749;221004;4443;888;0;15
FR;5;2022-08-17;52;55;2;1;72;1;1;0;0;274587;182520;2978;750;221076;4444;889;0;15
FR;5;2022-08-18;26;18;8;17;25;10;16;0;0;274613;182538;2986;767;221101;4454;905;0;15
FR;5;2022-08-19;26;34;1;2;43;2;2;0;0;274639;182572;2987;769;221144;4456;907;0;15
FR;5;2022-08-20;25;27;2;1;33;4;2;0;0;274664;182599;2989;770;221177;4460;909;0;15
FR;5;2022-08-21;7;4;1;0;7;1;0;0;0;274671;182603;2990;770;221184;4461;909;0;15
FR;5;2022-08-22;39;26;1;6;42;2;5;0;1;274710;182629;2991;776;221226;4463;914;0;16
FR;5;2022-08-23;27;26;1;1;32;2;1;0;0;274737;182655;2992;777;221258;4465;915;0;16
FR;5;2022-08-24;50;43;0;0;62;0;0;0;0;274787;182698;2992;777;221320;4465;915;0;16
FR;5;2022-08-25;27;26;3;1;31;2;0;0;1;274814;182724;2995;778;221351;4467;915;0;17
FR;5;2022-08-26;48;39;7;2;58;5;4;0;0;274862;182763;3002;780;221409;4472;919;0;17
FR;5;2022-08-27;46;28;1;0;46;3;1;0;0;274908;182791;3003;780;221455;4475;920;0;17
FR;5;2022-08-28;5;7;0;0;7;0;0;0;0;274913;182798;3003;780;221462;4475;920;0;17
FR;5;2022-08-29;58;44;1;1;66;4;1;0;0;274971;182842;3004;781;221528;4479;921;0;17
FR;5;2022-08-30;45;23;12;29;40;10;30;0;1;275016;182865;3016;810;221568;4489;951;0;18
FR;5;2022-08-31;53;47;6;1;58;11;1;0;0;275069;182912;3022;811;221626;4500;952;0;18
FR;5;2022-09-01;16;8;1;4;13;1;4;0;0;275085;182920;3023;815;221639;4501;956;0;18
FR;5;2022-09-02;42;23;8;2;35;9;3;0;0;275127;182943;3031;817;221674;4510;959;0;18
FR;5;2022-09-03;69;37;2;0;58;2;0;0;0;275196;182980;3033;817;221732;4512;959;0;18
FR;5;2022-09-04;12;7;1;0;8;3;0;0;0;275208;182987;3034;817;221740;4515;959;0;18
FR;5;2022-09-05;7;4;1;0;4;1;0;0;0;275215;182991;3035;817;221744;4516;959;0;18
FR;5;2022-09-06;23;14;3;15;17;2;14;0;2;275238;183005;3038;832;221761;4518;973;0;20
FR;5;2022-09-07;79;53;1;1;76;3;1;0;0;275317;183058;3039;833;221837;4521;974;0;20
FR;5;2022-09-08;10;4;0;4;7;0;4;0;0;275327;183062;3039;837;221844;4521;978;0;20
FR;5;2022-09-09;42;11;9;2;14;10;3;0;0;275369;183073;3048;839;221858;4531;981;0;20
FR;5;2022-09-10;40;45;1;1;50;8;1;0;0;275409;183118;3049;840;221908;4539;982;0;20
FR;5;2022-09-11;3;3;0;0;3;1;0;0;0;275412;183121;3049;840;221911;4540;982;0;20
FR;5;2022-09-12;7;5;2;2;7;2;2;0;0;275419;183126;3051;842;221918;4542;984;0;20
FR;5;2022-09-13;9;6;0;1;4;3;1;0;0;275428;183132;3051;843;221922;4545;985;0;20
FR;5;2022-09-14;52;47;4;6;55;9;5;0;0;275480;183179;3055;849;221977;4554;990;0;20
FR;5;2022-09-15;11;13;2;3;11;5;3;0;0;275491;183192;3057;852;221988;4559;993;0;20
FR;5;2022-09-16;25;33;1;4;38;3;3;0;0;275516;183225;3058;856;222026;4562;996;0;20
FR;5;2022-09-17;60;43;1;1;51;5;1;0;0;275576;183268;3059;857;222077;4567;997;0;20
FR;5;2022-09-18;9;6;0;1;10;1;0;0;0;275585;183274;3059;858;222087;4568;997;0;20
FR;5;2022-09-19;22;17;2;1;20;5;2;0;0;275607;183291;3061;859;222107;4573;999;0;20
FR;5;2022-09-20;15;11;3;3;15;1;4;0;0;275622;183302;3064;862;222122;4574;1003;0;20
FR;5;2022-09-21;68;45;9;0;65;13;0;0;0;275690;183347;3073;862;222187;4587;1003;0;20
FR;5;2022-09-22;12;6;4;24;6;4;23;0;1;275702;183353;3077;886;222193;4591;1026;0;21
FR;5;2022-09-23;20;25;2;3;23;8;3;0;0;275722;183378;3079;889;222216;4599;1029;0;21
FR;5;2022-09-24;44;51;1;8;65;5;8;0;0;275766;183429;3080;897;222281;4604;1037;0;21
FR;5;2022-09-25;6;12;0;0;13;1;0;0;0;275772;183441;3080;897;222294;4605;1037;0;21
FR;5;2022-09-26;15;7;0;2;12;0;1;0;1;275787;183448;3080;899;222306;4605;1038;0;22
FR;5;2022-09-27;7;12;4;9;14;4;9;0;1;275794;183460;3084;908;222320;4609;1047;0;23
FR;5;2022-09-28;65;67;5;0;91;7;0;0;0;275859;183527;3089;908;222411;4616;1047;0;23
FR;5;2022-09-29;17;9;1;0;15;1;1;0;1;275876;183536;3090;908;222426;4617;1048;0;24
FR;5;2022-09-30;28;47;2;2;54;4;3;0;0;275904;183583;3092;910;222480;4621;1051;0;24
FR;5;2022-10-01;40;35;5;5;48;8;7;0;0;275944;183618;3097;915;222528;4629;1058;0;24
FR;5;2022-10-02;1;9;1;0;10;1;0;0;0;275945;183627;3098;915;222538;4630;1058;0;24
FR;5;2022-10-03;7;6;3;0;5;4;0;0;0;275952;183633;3101;915;222543;4634;1058;0;24
FR;5;2022-10-04;11;8;1;3;11;2;3;0;0;275963;183641;3102;918;222554;4636;1061;0;24
FR;5;2022-10-05;57;62;2;2;79;13;2;0;0;276020;183703;3104;920;222633;4649;1063;0;24
FR;5;2022-10-06;12;10;1;4;15;2;4;0;0;276032;183713;3105;924;222648;4651;1067;0;24
FR;5;2022-10-07;21;31;1;0;34;5;0;0;0;276053;183744;3106;924;222682;4656;1067;0;24
FR;5;2022-10-08;33;51;1;0;54;7;0;0;0;276086;183795;3107;924;222736;4663;1067;0;24
FR;5;2022-10-09;7;10;0;0;11;1;0;0;0;276093;183805;3107;924;222747;4664;1067;0;24
FR;5;2022-10-10;14;6;0;1;8;1;1;0;0;276107;183811;3107;925;222755;4665;1068;0;24
FR;5;2022-10-11;6;13;2;1;14;2;2;0;0;276113;183824;3109;926;222769;4667;1070;0;24
FR;5;2022-10-12;40;57;3;2;69;8;2;0;0;276153;183881;3112;928;222838;4675;1072;0;24
FR;5;2022-10-13;11;16;2;0;18;4;0;0;0;276164;183897;3114;928;222856;4679;1072;0;24
FR;5;2022-10-14;21;21;1;0;20;5;0;0;0;276185;183918;3115;928;222876;4684;1072;0;24
FR;5;2022-10-15;19;26;10;0;25;11;2;0;0;276204;183944;3125;928;222901;4695;1074;0;24
FR;5;2022-10-16;3;1;0;0;1;1;0;0;0;276207;183945;3125;928;222902;4696;1074;0;24
FR;5;2022-10-17;8;8;2;1;8;3;1;0;2;276215;183953;3127;929;222910;4699;1075;0;26
FR;5;2022-10-18;6;7;0;2;8;0;2;0;0;276221;183960;3127;931;222918;4699;1077;0;26
FR;5;2022-10-19;38;44;8;0;53;11;0;0;1;276259;184004;3135;931;222971;4710;1077;0;27
FR;5;2022-10-20;18;15;2;1;16;3;1;0;0;276277;184019;3137;932;222987;4713;1078;0;27
FR;5;2022-10-21;22;15;6;0;19;8;1;0;2;276299;184034;3143;932;223006;4721;1079;0;29
FR;5;2022-10-22;35;29;2;12;32;5;12;0;0;276334;184063;3145;944;223038;4726;1091;0;29
FR;5;2022-10-23;9;3;0;0;4;0;0;0;0;276343;184066;3145;944;223042;4726;1091;0;29
FR;5;2022-10-24;14;7;6;7;9;9;8;0;0;276357;184073;3151;951;223051;4735;1099;0;29
FR;5;2022-10-25;13;9;6;3;9;8;3;0;2;276370;184082;3157;954;223060;4743;1102;0;31
FR;5;2022-10-26;34;22;6;0;29;10;0;0;0;276404;184104;3163;954;223089;4753;1102;0;31
FR;5;2022-10-27;16;4;4;0;11;4;0;0;0;276420;184108;3167;954;223100;4757;1102;0;31
FR;5;2022-10-28;19;13;5;3;14;6;4;0;0;276439;184121;3172;957;223114;4763;1106;0;31
FR;5;2022-10-29;21;13;0;0;17;3;0;0;0;276460;184134;3172;957;223131;4766;1106;0;31
FR;5;2022-10-30;1;4;2;0;4;3;0;0;0;276461;184138;3174;957;223135;4769;1106;0;31
FR;5;2022-10-31;14;11;2;1;12;3;1;0;0;276475;184149;3176;958;223147;4772;1107;0;31
FR;5;2022-11-01;3;3;0;1;3;0;1;0;0;276478;184152;3176;959;223150;4772;1108;0;31
FR;5;2022-11-02;23;17;5;4;23;5;5;0;0;276501;184169;3181;963;223173;4777;1113;0;31
FR;5;2022-11-03;22;4;1;1;11;1;1;0;0;276523;184173;3182;964;223184;4778;1114;0;31
FR;5;2022-11-04;19;18;1;0;18;2;0;0;0;276542;184191;3183;964;223202;4780;1114;0;31
FR;5;2022-11-05;25;16;1;0;21;1;0;0;0;276567;184207;3184;964;223223;4781;1114;0;31
FR;5;2022-11-06;1;7;0;0;7;0;0;0;0;276568;184214;3184;964;223230;4781;1114;0;31
FR;5;2022-11-07;9;3;3;0;3;3;0;0;0;276577;184217;3187;964;223233;4784;1114;0;31
FR;5;2022-11-08;12;7;1;2;8;1;1;0;0;276589;184224;3188;966;223241;4785;1115;0;31
FR;5;2022-11-09;30;29;6;1;32;6;1;0;0;276619;184253;3194;967;223273;4791;1116;0;31
FR;5;2022-11-10;11;16;1;0;17;1;0;0;0;276630;184269;3195;967;223290;4792;1116;0;31
FR;5;2022-11-11;2;4;0;1;6;0;1;0;0;276632;184273;3195;968;223296;4792;1117;0;31
FR;5;2022-11-12;19;10;5;9;18;6;9;0;2;276651;184283;3200;977;223314;4798;1126;0;33
FR;5;2022-11-13;2;2;0;1;2;0;1;0;0;276653;184285;3200;978;223316;4798;1127;0;33
FR;5;2022-11-14;8;11;0;1;10;3;0;0;0;276661;184296;3200;979;223326;4801;1127;0;33
FR;5;2022-11-15;8;6;4;3;6;4;3;0;0;276669;184302;3204;982;223332;4805;1130;0;33
FR;5;2022-11-16;29;28;2;1;33;5;0;0;0;276698;184330;3206;983;223365;4810;1130;0;33
FR;5;2022-11-17;6;15;4;0;15;5;0;0;0;276704;184345;3210;983;223380;4815;1130;0;33
FR;5;2022-11-18;17;17;7;0;19;9;0;0;0;276721;184362;3217;983;223399;4824;1130;0;33
FR;5;2022-11-19;18;27;2;0;28;6;0;0;0;276739;184389;3219;983;223427;4830;1130;0;33
FR;5;2022-11-20;6;3;0;0;5;0;0;0;0;276745;184392;3219;983;223432;4830;1130;0;33
FR;5;2022-11-21;8;5;0;2;4;2;1;0;0;276753;184397;3219;985;223436;4832;1131;0;33
FR;5;2022-11-22;9;3;0;1;4;0;1;0;0;276762;184400;3219;986;223440;4832;1132;0;33
FR;5;2022-11-23;34;25;6;1;27;13;0;0;0;276796;184425;3225;987;223467;4845;1132;0;33
FR;5;2022-11-24;3;7;2;0;8;1;1;0;0;276799;184432;3227;987;223475;4846;1133;0;33
FR;5;2022-11-25;15;20;2;0;25;3;0;0;1;276814;184452;3229;987;223500;4849;1133;0;34
FR;5;2022-11-26;22;19;4;0;20;8;0;0;0;276836;184471;3233;987;223520;4857;1133;0;34
FR;5;2022-11-27;7;0;1;0;3;1;0;0;0;276843;184471;3234;987;223523;4858;1133;0;34
FR;5;2022-11-28;7;15;3;0;15;5;0;0;0;276850;184486;3237;987;223538;4863;1133;0;34
FR;5;2022-11-29;10;9;1;0;11;3;0;0;1;276860;184495;3238;987;223549;4866;1133;0;35
FR;5;2022-11-30;35;48;12;0;56;17;1;0;0;276895;184543;3250;987;223605;4883;1134;0;35
FR;5;2022-12-01;5;10;2;0;10;3;0;0;0;276900;184553;3252;987;223615;4886;1134;0;35
FR;5;2022-12-02;1;5;2;1;4;3;1;0;0;276901;184558;3254;988;223619;4889;1135;0;35
FR;5;2022-12-03;3;3;8;1;5;8;1;0;0;276904;184561;3262;989;223624;4897;1136;0;35
FR;5;2022-12-04;3;2;1;0;2;2;0;0;0;276907;184563;3263;989;223626;4899;1136;0;35
FR;5;2022-12-05;1;1;0;0;0;1;0;0;0;276908;184564;3263;989;223626;4900;1136;0;35
FR;5;2022-12-06;5;1;0;0;1;0;0;0;1;276913;184565;3263;989;223627;4900;1136;0;36
FR;5;2022-12-07;5;8;1;0;8;1;0;0;0;276918;184573;3264;989;223635;4901;1136;0;36
FR;5;2022-12-08;2;2;0;0;2;0;0;0;0;276920;184575;3264;989;223637;4901;1136;0;36
FR;5;2022-12-09;5;8;0;0;6;2;0;0;0;276925;184583;3264;989;223643;4903;1136;0;36
FR;5;2022-12-10;4;7;2;1;8;2;1;0;0;276929;184590;3266;990;223651;4905;1137;0;36
FR;5;2022-12-11;2;0;0;0;0;0;0;0;0;276931;184590;3266;990;223651;4905;1137;0;36
FR;5;2022-12-12;0;0;0;0;0;0;0;0;0;276931;184590;3266;990;223651;4905;1137;0;36
FR;5;2022-12-13;2;3;0;0;4;1;0;0;0;276933;184593;3266;990;223655;4906;1137;0;36
FR;5;2022-12-14;2;3;0;9;3;1;8;0;3;276935;184596;3266;999;223658;4907;1145;0;39
FR;5;2022-12-15;0;2;0;0;2;0;0;0;0;276935;184598;3266;999;223660;4907;1145;0;39
FR;5;2022-12-16;3;3;2;0;4;3;0;0;0;276938;184601;3268;999;223664;4910;1145;0;39
FR;5;2022-12-17;3;3;3;0;3;2;1;0;0;276941;184604;3271;999;223667;4912;1146;0;39
FR;5;2022-12-18;3;0;0;1;0;0;1;0;1;276944;184604;3271;1000;223667;4912;1147;0;40
FR;5;2022-12-19;1;0;0;2;0;0;2;0;0;276945;184604;3271;1002;223667;4912;1149;0;40
FR;5;2022-12-20;0;1;3;0;1;3;0;0;0;276945;184605;3274;1002;223668;4915;1149;0;40
FR;5;2022-12-21;2;4;0;0;4;0;0;0;0;276947;184609;3274;1002;223672;4915;1149;0;40
FR;5;2022-12-22;2;2;1;0;2;1;0;0;0;276949;184611;3275;1002;223674;4916;1149;0;40
FR;5;2022-12-23;3;1;1;0;1;1;0;0;0;276952;184612;3276;1002;223675;4917;1149;0;40
FR;5;2022-12-24;0;1;0;0;1;0;0;0;0;276952;184613;3276;1002;223676;4917;1149;0;40
FR;5;2022-12-25;0;1;2;0;0;3;0;0;0;276952;184614;3278;1002;223676;4920;1149;0;40
FR;5;2022-12-26;2;2;0;0;2;0;0;0;0;276954;184616;3278;1002;223678;4920;1149;0;40
FR;5;2022-12-27;0;3;0;0;3;0;0;0;0;276954;184619;3278;1002;223681;4920;1149;0;40
FR;5;2022-12-28;5;3;3;0;3;3;2;0;0;276959;184622;3281;1002;223684;4923;1151;0;40
FR;5;2022-12-29;3;2;2;0;3;2;0;0;0;276962;184624;3283;1002;223687;4925;1151;0;40
FR;5;2022-12-30;3;2;1;0;2;1;0;0;0;276965;184626;3284;1002;223689;4926;1151;0;40
FR;5;2022-12-31;0;0;0;0;0;0;0;0;0;276965;184626;3284;1002;223689;4926;1151;0;40
FR;5;2023-01-01;0;0;0;0;0;0;0;0;0;276965;184626;3284;1002;223689;4926;1151;0;40
FR;5;2023-01-02;1;1;1;0;1;1;0;0;0;276966;184627;3285;1002;223690;4927;1151;0;40
FR;5;2023-01-03;3;1;0;0;2;0;0;0;0;276969;184628;3285;1002;223692;4927;1151;0;40
FR;5;2023-01-04;6;1;1;0;2;1;0;0;0;276975;184629;3286;1002;223694;4928;1151;0;40
FR;5;2023-01-05;0;3;0;0;3;0;0;0;0;276975;184632;3286;1002;223697;4928;1151;0;40
FR;5;2023-01-06;2;1;1;0;1;1;0;0;0;276977;184633;3287;1002;223698;4929;1151;0;40
FR;5;2023-01-07;5;1;1;0;1;2;0;0;0;276982;184634;3288;1002;223699;4931;1151;0;40
FR;5;2023-01-08;2;2;0;0;2;0;0;0;0;276984;184636;3288;1002;223701;4931;1151;0;40
FR;5;2023-01-09;4;0;1;0;1;1;0;0;0;276988;184636;3289;1002;223702;4932;1151;0;40
FR;5;2023-01-10;3;1;0;0;2;0;0;0;0;276991;184637;3289;1002;223704;4932;1151;0;40
FR;5;2023-01-11;7;5;3;0;4;4;0;0;0;276998;184642;3292;1002;223708;4936;1151;0;40
FR;5;2023-01-12;14;6;4;0;6;6;0;0;0;277012;184648;3296;1002;223714;4942;1151;0;40
FR;5;2023-01-13;56;16;16;0;31;18;0;0;0;277068;184664;3312;1002;223745;4960;1151;0;40
FR;5;2023-01-14;56;34;13;1;34;20;2;0;0;277124;184698;3325;1003;223779;4980;1153;0;40
FR;5;2023-01-15;13;9;0;0;5;4;0;0;0;277137;184707;3325;1003;223784;4984;1153;0;40
FR;5;2023-01-16;13;8;3;0;8;3;0;0;0;277150;184715;3328;1003;223792;4987;1153;0;40
FR;5;2023-01-17;12;8;3;0;4;7;0;0;0;277162;184723;3331;1003;223796;4994;1153;0;40
FR;5;2023-01-18;71;35;21;2;46;25;2;0;0;277233;184758;3352;1005;223842;5019;1155;0;40
FR;5;2023-01-19;13;6;8;0;5;10;1;0;0;277246;184764;3360;1005;223847;5029;1156;0;40
FR;5;2023-01-20;27;17;13;0;17;18;0;0;2;277273;184781;3373;1005;223864;5047;1156;0;42
FR;5;2023-01-21;34;23;18;1;31;21;1;0;0;277307;184804;3391;1006;223895;5068;1157;0;42
FR;5;2023-01-22;6;4;2;0;4;3;0;0;0;277313;184808;3393;1006;223899;5071;1157;0;42
FR;5;2023-01-23;6;5;3;0;3;5;0;0;0;277319;184813;3396;1006;223902;5076;1157;0;42
FR;5;2023-01-24;16;3;3;0;6;4;0;0;0;277335;184816;3399;1006;223908;5080;1157;0;42
FR;5;2023-01-25;33;31;12;2;27;23;2;0;0;277368;184847;3411;1008;223935;5103;1159;0;42
FR;5;2023-01-26;6;5;4;0;6;4;0;0;0;277374;184852;3415;1008;223941;5107;1159;0;42
FR;5;2023-01-27;18;13;8;0;17;8;1;0;0;277392;184865;3423;1008;223958;5115;1160;0;42
FR;5;2023-01-28;21;8;4;3;11;6;3;0;0;277413;184873;3427;1011;223969;5121;1163;0;42
FR;5;2023-01-29;0;3;0;0;2;1;0;0;0;277413;184876;3427;1011;223971;5122;1163;0;42
FR;5;2023-01-30;7;5;3;0;4;6;0;0;0;277420;184881;3430;1011;223975;5128;1163;0;42
FR;5;2023-01-31;3;7;2;0;5;4;0;0;0;277423;184888;3432;1011;223980;5132;1163;0;42
FR;5;2023-02-01;18;18;7;1;19;8;1;0;0;277441;184906;3439;1012;223999;5140;1164;0;42
FR;5;2023-02-02;7;8;1;0;7;2;0;0;0;277448;184914;3440;1012;224006;5142;1164;0;42
FR;5;2023-02-03;15;26;6;0;27;9;0;0;0;277463;184940;3446;1012;224033;5151;1164;0;42
FR;5;2023-02-04;15;23;5;0;25;6;0;0;0;277478;184963;3451;1012;224058;5157;1164;0;42
FR;5;2023-02-05;1;2;0;1;2;1;0;0;0;277479;184965;3451;1013;224060;5158;1164;0;42
FR;5;2023-02-06;12;11;7;0;12;7;0;0;0;277491;184976;3458;1013;224072;5165;1164;0;42
FR;5;2023-02-07;6;11;2;0;10;4;0;0;0;277497;184987;3460;1013;224082;5169;1164;0;42
FR;5;2023-02-08;29;35;8;0;39;10;0;0;0;277526;185022;3468;1013;224121;5179;1164;0;42
FR;5;2023-02-09;15;7;5;0;8;5;0;0;0;277541;185029;3473;1013;224129;5184;1164;0;42
FR;5;2023-02-10;11;22;5;0;24;7;0;0;0;277552;185051;3478;1013;224153;5191;1164;0;42
FR;5;2023-02-11;12;11;3;1;15;4;0;0;0;277564;185062;3481;1014;224168;5195;1164;0;42
FR;5;2023-02-12;4;7;1;0;8;1;0;0;0;277568;185069;3482;1014;224176;5196;1164;0;42
FR;5;2023-02-13;4;6;6;0;5;7;0;0;0;277572;185075;3488;1014;224181;5203;1164;0;42
FR;5;2023-02-14;11;8;2;0;9;3;0;0;0;277583;185083;3490;1014;224190;5206;1164;0;42
FR;5;2023-02-15;27;25;4;0;27;5;0;0;0;277610;185108;3494;1014;224217;5211;1164;0;42
FR;5;2023-02-16;8;4;3;0;8;3;0;0;0;277618;185112;3497;1014;224225;5214;1164;0;42
FR;5;2023-02-17;9;5;9;0;6;9;0;0;0;277627;185117;3506;1014;224231;5223;1164;0;42
FR;5;2023-02-18;9;14;3;1;16;3;1;0;0;277636;185131;3509;1015;224247;5226;1165;0;42
FR;5;2023-02-19;0;1;0;0;1;0;0;0;0;277636;185132;3509;1015;224248;5226;1165;0;42
FR;5;2023-02-20;6;6;4;0;6;5;0;0;0;277642;185138;3513;1015;224254;5231;1165;0;42
FR;5;2023-02-21;4;6;5;0;7;5;0;0;0;277646;185144;3518;1015;224261;5236;1165;0;42
FR;5;2023-02-22;10;16;5;0;15;5;1;0;0;277656;185160;3523;1015;224276;5241;1166;0;42
FR;5;2023-02-23;5;5;2;0;5;2;0;0;0;277661;185165;3525;1015;224281;5243;1166;0;42
FR;5;2023-02-24;17;23;1;0;22;3;0;0;0;277678;185188;3526;1015;224303;5246;1166;0;42
FR;5;2023-02-25;11;9;0;0;10;0;0;0;0;277689;185197;3526;1015;224313;5246;1166;0;42
FR;5;2023-02-26;1;1;0;0;1;0;0;0;0;277690;185198;3526;1015;224314;5246;1166;0;42
FR;5;2023-02-27;7;5;2;0;5;2;0;0;0;277697;185203;3528;1015;224319;5248;1166;0;42
FR;5;2023-02-28;4;8;2;0;8;4;0;0;0;277701;185211;3530;1015;224327;5252;1166;0;42
FR;5;2023-03-01;12;25;1;0;23;3;1;0;0;277713;185236;3531;1015;224350;5255;1167;0;42
FR;5;2023-03-02;7;13;3;0;12;5;0;0;0;277720;185249;3534;1015;224362;5260;1167;0;42
FR;5;2023-03-03;11;4;3;0;8;3;1;0;0;277731;185253;3537;1015;224370;5263;1168;0;42
FR;5;2023-03-04;8;17;7;0;18;8;0;0;0;277739;185270;3544;1015;224388;5271;1168;0;42
FR;5;2023-03-05;3;3;0;0;3;0;0;0;0;277742;185273;3544;1015;224391;5271;1168;0;42
FR;5;2023-03-06;2;8;2;0;6;4;0;0;0;277744;185281;3546;1015;224397;5275;1168;0;42
FR;5;2023-03-07;2;9;4;0;9;4;0;0;0;277746;185290;3550;1015;224406;5279;1168;0;42
FR;5;2023-03-08;9;21;1;0;22;1;0;0;0;277755;185311;3551;1015;224428;5280;1168;0;42
FR;5;2023-03-09;1;6;0;0;5;1;0;0;0;277756;185317;3551;1015;224433;5281;1168;0;42
FR;5;2023-03-10;3;7;2;1;8;2;1;0;0;277759;185324;3553;1016;224441;5283;1169;0;42
FR;5;2023-03-11;5;2;0;0;4;0;0;0;0;277764;185326;3553;1016;224445;5283;1169;0;42
FR;5;2023-03-12;0;1;0;0;1;0;0;0;0;277764;185327;3553;1016;224446;5283;1169;0;42
FR;5;2023-03-13;2;2;0;0;4;0;0;0;0;277766;185329;3553;1016;224450;5283;1169;0;42
FR;5;2023-03-14;6;1;1;1;5;1;1;0;0;277772;185330;3554;1017;224455;5284;1170;0;42
FR;5;2023-03-15;7;8;2;0;12;3;0;0;0;277779;185338;3556;1017;224467;5287;1170;0;42
FR;5;2023-03-16;2;6;0;0;6;0;0;0;0;277781;185344;3556;1017;224473;5287;1170;0;42
FR;5;2023-03-17;14;15;3;0;13;4;1;0;0;277795;185359;3559;1017;224486;5291;1171;0;42
FR;5;2023-03-18;4;9;0;0;9;1;0;0;0;277799;185368;3559;1017;224495;5292;1171;0;42
FR;5;2023-03-19;0;0;0;0;0;0;0;0;0;277799;185368;3559;1017;224495;5292;1171;0;42
FR;5;2023-03-20;3;8;0;0;9;0;0;0;0;277802;185376;3559;1017;224504;5292;1171;0;42
FR;5;2023-03-21;3;8;2;2;8;2;2;0;0;277805;185384;3561;1019;224512;5294;1173;0;42
FR;5;2023-03-22;9;22;3;0;20;4;0;0;0;277814;185406;3564;1019;224532;5298;1173;0;42
FR;5;2023-03-23;2;5;1;0;5;1;0;0;0;277816;185411;3565;1019;224537;5299;1173;0;42
FR;5;2023-03-24;5;9;1;0;9;3;0;0;0;277821;185420;3566;1019;224546;5302;1173;0;42
FR;5;2023-03-25;3;8;2;0;8;2;0;0;0;277824;185428;3568;1019;224554;5304;1173;0;42
FR;5;2023-03-26;0;1;0;0;0;1;0;0;0;277824;185429;3568;1019;224554;5305;1173;0;42
FR;5;2023-03-27;3;0;1;0;1;1;0;0;0;277827;185429;3569;1019;224555;5306;1173;0;42
FR;5;2023-03-28;3;3;0;0;4;0;0;0;0;277830;185432;3569;1019;224559;5306;1173;0;42
FR;5;2023-03-29;7;16;4;0;16;6;0;0;0;277837;185448;3573;1019;224575;5312;1173;0;42
FR;5;2023-03-30;3;2;0;0;4;0;0;0;1;277840;185450;3573;1019;224579;5312;1173;0;43
FR;5;2023-03-31;3;7;2;1;7;2;1;0;0;277843;185457;3575;1020;224586;5314;1174;0;43
FR;5;2023-04-01;5;7;3;1;5;4;2;0;0;277848;185464;3578;1021;224591;5318;1176;0;43
FR;5;2023-04-02;0;1;0;0;1;0;0;0;0;277848;185465;3578;1021;224592;5318;1176;0;43
FR;5;2023-04-03;3;4;2;0;4;0;2;0;0;277851;185469;3580;1021;224596;5318;1178;0;43
FR;5;2023-04-04;1;3;0;0;3;0;0;0;0;277852;185472;3580;1021;224599;5318;1178;0;43
FR;5;2023-04-05;3;6;1;0;5;2;0;0;0;277855;185478;3581;1021;224604;5320;1178;0;43
FR;5;2023-04-06;3;3;0;0;3;0;0;0;0;277858;185481;3581;1021;224607;5320;1178;0;43
FR;5;2023-04-07;6;4;1;0;4;1;0;0;0;277864;185485;3582;1021;224611;5321;1178;0;43
FR;5;2023-04-08;6;10;1;0;10;1;0;0;0;277870;185495;3583;1021;224621;5322;1178;0;43
FR;5;2023-04-09;0;0;0;0;0;0;0;0;0;277870;185495;3583;1021;224621;5322;1178;0;43
FR;5;2023-04-10;0;0;0;0;0;0;0;0;0;277870;185495;3583;1021;224621;5322;1178;0;43
FR;5;2023-04-11;1;6;0;0;6;0;0;0;1;277871;185501;3583;1021;224627;5322;1178;0;44
FR;5;2023-04-12;4;9;1;0;9;1;0;0;0;277875;185510;3584;1021;224636;5323;1178;0;44
FR;5;2023-04-13;2;1;2;0;0;3;0;0;0;277877;185511;3586;1021;224636;5326;1178;0;44
FR;5;2023-04-14;5;5;2;0;8;2;0;0;0;277882;185516;3588;1021;224644;5328;1178;0;44
FR;5;2023-04-15;3;4;0;0;4;0;0;0;0;277885;185520;3588;1021;224648;5328;1178;0;44
FR;5;2023-04-16;1;0;0;0;0;0;0;0;0;277886;185520;3588;1021;224648;5328;1178;0;44
FR;5;2023-04-17;4;4;3;0;4;3;0;0;0;277890;185524;3591;1021;224652;5331;1178;0;44
FR;5;2023-04-18;3;2;0;0;2;0;0;0;0;277893;185526;3591;1021;224654;5331;1178;0;44
FR;5;2023-04-19;10;7;0;0;3;5;0;0;0;277903;185533;3591;1021;224657;5336;1178;0;44
FR;5;2023-04-20;5;2;0;0;2;0;0;0;0;277908;185535;3591;1021;224659;5336;1178;0;44
FR;5;2023-04-21;2;6;1;0;5;2;0;0;0;277910;185541;3592;1021;224664;5338;1178;0;44
FR;5;2023-04-22;4;6;1;0;6;1;0;0;0;277914;185547;3593;1021;224670;5339;1178;0;44
FR;5;2023-04-23;1;0;0;0;0;0;0;0;0;277915;185547;3593;1021;224670;5339;1178;0;44
FR;5;2023-04-24;3;5;2;0;5;2;0;0;0;277918;185552;3595;1021;224675;5341;1178;0;44
FR;5;2023-04-25;0;1;1;2;1;1;2;0;0;277918;185553;3596;1023;224676;5342;1180;0;44
FR;5;2023-04-26;1;3;0;0;3;0;0;0;0;277919;185556;3596;1023;224679;5342;1180;0;44
FR;5;2023-04-27;3;4;0;0;3;1;0;0;0;277922;185560;3596;1023;224682;5343;1180;0;44
FR;5;2023-04-28;2;3;0;0;2;1;0;0;0;277924;185563;3596;1023;224684;5344;1180;0;44
FR;5;2023-04-29;2;9;0;0;9;0;0;0;0;277926;185572;3596;1023;224693;5344;1180;0;44
FR;5;2023-04-30;0;0;0;0;0;0;0;0;0;277926;185572;3596;1023;224693;5344;1180;0;44
FR;5;2023-05-01;0;0;0;0;0;0;0;0;0;277926;185572;3596;1023;224693;5344;1180;0;44
FR;5;2023-05-02;2;2;1;0;3;1;0;0;0;277928;185574;3597;1023;224696;5345;1180;0;44
FR;5;2023-05-03;5;3;0;0;3;0;0;0;0;277933;185577;3597;1023;224699;5345;1180;0;44
FR;5;2023-05-04;1;3;0;0;3;0;0;0;0;277934;185580;3597;1023;224702;5345;1180;0;44
FR;5;2023-05-05;1;1;0;0;1;0;0;0;0;277935;185581;3597;1023;224703;5345;1180;0;44
FR;5;2023-05-06;2;1;0;0;1;0;0;0;0;277937;185582;3597;1023;224704;5345;1180;0;44
FR;5;2023-05-07;0;1;0;0;1;0;0;0;0;277937;185583;3597;1023;224705;5345;1180;0;44
FR;5;2023-05-08;1;1;0;0;1;0;0;0;0;277938;185584;3597;1023;224706;5345;1180;0;44
FR;5;2023-05-09;0;3;0;0;3;0;0;0;0;277938;185587;3597;1023;224709;5345;1180;0;44
FR;5;2023-05-10;1;6;0;0;6;0;0;0;0;277939;185593;3597;1023;224715;5345;1180;0;44
FR;5;2023-05-11;2;1;0;0;1;0;0;0;0;277941;185594;3597;1023;224716;5345;1180;0;44
FR;5;2023-05-12;2;2;0;0;2;0;0;0;0;277943;185596;3597;1023;224718;5345;1180;0;44
FR;5;2023-05-13;6;4;0;0;4;2;0;0;0;277949;185600;3597;1023;224722;5347;1180;0;44
FR;5;2023-05-14;0;0;0;0;0;0;0;0;0;277949;185600;3597;1023;224722;5347;1180;0;44
FR;5;2023-05-15;3;0;0;0;0;0;0;0;1;277952;185600;3597;1023;224722;5347;1180;0;45
FR;5;2023-05-16;0;1;0;0;1;0;0;0;0;277952;185601;3597;1023;224723;5347;1180;0;45
FR;6;2020-12-27;0;0;0;0;0;0;0;0;0;0;0;0;0;0;0;0;0;0
FR;6;2020-12-28;0;0;0;0;0;0;0;0;0;0;0;0;0;0;0;0;0;0
FR;6;2020-12-29;0;0;0;0;0;0;0;0;0;0;0;0;0;0;0;0;0;0
FR;6;2020-12-30;0;0;0;0;0;0;0;0;0;0;0;0;0;0;0;0;0;0
FR;6;2020-12-31;0;0;0;0;0;0;0;0;0;0;0;0;0;0;0;0;0;0
FR;6;2021-01-01;0;0;0;0;0;0;0;0;0;0;0;0;0;0;0;0;0;0
FR;6;2021-01-02;0;0;0;0;0;0;0;0;0;0;0;0;0;0;0;0;0;0
FR;6;2021-01-03;0;0;0;0;0;0;0;0;0;0;0;0;0;0;0;0;0;0
FR;6;2021-01-04;0;0;0;0;0;0;0;0;0;0;0;0;0;0;0;0;0;0
FR;6;2021-01-05;0;0;0;0;0;0;0;0;0;0;0;0;0;0;0;0;0;0
FR;6;2021-01-06;0;0;0;0;0;0;0;0;0;0;0;0;0;0;0;0;0;0
FR;6;2021-01-07;0;0;0;0;0;0;0;0;0;0;0;0;0;0;0;0;0;0
FR;6;2021-01-08;0;0;0;0;0;0;0;0;0;0;0;0;0;0;0;0;0;0
FR;6;2021-01-09;0;0;0;0;0;0;0;0;0;0;0;0;0;0;0;0;0;0
FR;6;2021-01-10;0;0;0;0;0;0;0;0;0;0;0;0;0;0;0;0;0;0
FR;6;2021-01-11;0;0;0;0;0;0;0;0;0;0;0;0;0;0;0;0;0;0
FR;6;2021-01-12;0;0;0;0;0;0;0;0;0;0;0;0;0;0;0;0;0;0
FR;6;2021-01-13;0;0;0;0;0;0;0;0;0;0;0;0;0;0;0;0;0;0
FR;6;2021-01-14;0;0;0;0;0;0;0;0;0;0;0;0;0;0;0;0;0;0
FR;6;2021-01-15;0;0;0;0;0;0;0;0;0;0;0;0;0;0;0;0;0;0
FR;6;2021-01-16;0;0;0;0;0;0;0;0;0;0;0;0;0;0;0;0;0;0
FR;6;2021-01-17;0;0;0;0;0;0;0;0;0;0;0;0;0;0;0;0;0;0
FR;6;2021-01-18;0;0;0;0;0;0;0;0;0;0;0;0;0;0;0;0;0;0
FR;6;2021-01-19;0;0;0;0;0;0;0;0;0;0;0;0;0;0;0;0;0;0
FR;6;2021-01-20;0;0;0;0;0;0;0;0;0;0;0;0;0;0;0;0;0;0
FR;6;2021-01-21;0;0;0;0;0;0;0;0;0;0;0;0;0;0;0;0;0;0
FR;6;2021-01-22;0;0;0;0;0;0;0;0;0;0;0;0;0;0;0;0;0;0
FR;6;2021-01-23;0;0;0;0;0;0;0;0;0;0;0;0;0;0;0;0;0;0
FR;6;2021-01-24;0;0;0;0;0;0;0;0;0;0;0;0;0;0;0;0;0;0
FR;6;2021-01-25;0;0;0;0;0;0;0;0;0;0;0;0;0;0;0;0;0;0
FR;6;2021-01-26;0;0;0;0;0;0;0;0;0;0;0;0;0;0;0;0;0;0
FR;6;2021-01-27;0;0;0;0;0;0;0;0;0;0;0;0;0;0;0;0;0;0
FR;6;2021-01-28;0;0;0;0;0;0;0;0;0;0;0;0;0;0;0;0;0;0
FR;6;2021-01-29;0;0;0;0;0;0;0;0;0;0;0;0;0;0;0;0;0;0
FR;6;2021-01-30;0;0;0;0;0;0;0;0;0;0;0;0;0;0;0;0;0;0
FR;6;2021-01-31;0;0;0;0;0;0;0;0;0;0;0;0;0;0;0;0;0;0
FR;6;2021-02-01;0;0;0;0;0;0;0;0;0;0;0;0;0;0;0;0;0;0
FR;6;2021-02-02;0;0;0;0;0;0;0;0;0;0;0;0;0;0;0;0;0;0
FR;6;2021-02-03;0;0;0;0;0;0;0;0;0;0;0;0;0;0;0;0;0;0
FR;6;2021-02-04;0;0;0;0;0;0;0;0;0;0;0;0;0;0;0;0;0;0
FR;6;2021-02-05;0;0;0;0;0;0;0;0;0;0;0;0;0;0;0;0;0;0
FR;6;2021-02-06;0;0;0;0;0;0;0;0;0;0;0;0;0;0;0;0;0;0
FR;6;2021-02-07;0;0;0;0;0;0;0;0;0;0;0;0;0;0;0;0;0;0
FR;6;2021-02-08;0;0;0;0;0;0;0;0;0;0;0;0;0;0;0;0;0;0
FR;6;2021-02-09;0;0;0;0;0;0;0;0;0;0;0;0;0;0;0;0;0;0
FR;6;2021-02-10;0;0;0;0;0;0;0;0;0;0;0;0;0;0;0;0;0;0
FR;6;2021-02-11;0;0;0;0;0;0;0;0;0;0;0;0;0;0;0;0;0;0
FR;6;2021-02-12;0;0;0;0;0;0;0;0;0;0;0;0;0;0;0;0;0;0
FR;6;2021-02-13;0;0;0;0;0;0;0;0;0;0;0;0;0;0;0;0;0;0
FR;6;2021-02-14;0;0;0;0;0;0;0;0;0;0;0;0;0;0;0;0;0;0
FR;6;2021-02-15;0;0;0;0;0;0;0;0;0;0;0;0;0;0;0;0;0;0
FR;6;2021-02-16;0;0;0;0;0;0;0;0;0;0;0;0;0;0;0;0;0;0
FR;6;2021-02-17;0;0;0;0;0;0;0;0;0;0;0;0;0;0;0;0;0;0
FR;6;2021-02-18;0;0;0;0;0;0;0;0;0;0;0;0;0;0;0;0;0;0
FR;6;2021-02-19;0;0;0;0;0;0;0;0;0;0;0;0;0;0;0;0;0;0
FR;6;2021-02-20;0;0;0;0;0;0;0;0;0;0;0;0;0;0;0;0;0;0
FR;6;2021-02-21;0;0;0;0;0;0;0;0;0;0;0;0;0;0;0;0;0;0
FR;6;2021-02-22;0;0;0;0;0;0;0;0;0;0;0;0;0;0;0;0;0;0
FR;6;2021-02-23;0;0;0;0;0;0;0;0;0;0;0;0;0;0;0;0;0;0
FR;6;2021-02-24;0;0;0;0;0;0;0;0;0;0;0;0;0;0;0;0;0;0
FR;6;2021-02-25;0;0;0;0;0;0;0;0;0;0;0;0;0;0;0;0;0;0
FR;6;2021-02-26;0;0;0;0;0;0;0;0;0;0;0;0;0;0;0;0;0;0
FR;6;2021-02-27;0;0;0;0;0;0;0;0;0;0;0;0;0;0;0;0;0;0
FR;6;2021-02-28;0;0;0;0;0;0;0;0;0;0;0;0;0;0;0;0;0;0
FR;6;2021-03-01;0;0;0;0;0;0;0;0;0;0;0;0;0;0;0;0;0;0
FR;6;2021-03-02;0;0;0;0;0;0;0;0;0;0;0;0;0;0;0;0;0;0
FR;6;2021-03-03;0;0;0;0;0;0;0;0;0;0;0;0;0;0;0;0;0;0
FR;6;2021-03-04;0;0;0;0;0;0;0;0;0;0;0;0;0;0;0;0;0;0
FR;6;2021-03-05;0;0;0;0;0;0;0;0;0;0;0;0;0;0;0;0;0;0
FR;6;2021-03-06;0;0;0;0;0;0;0;0;0;0;0;0;0;0;0;0;0;0
FR;6;2021-03-07;0;0;0;0;0;0;0;0;0;0;0;0;0;0;0;0;0;0
FR;6;2021-03-08;0;0;0;0;0;0;0;0;0;0;0;0;0;0;0;0;0;0
FR;6;2021-03-09;0;0;0;0;0;0;0;0;0;0;0;0;0;0;0;0;0;0
FR;6;2021-03-10;0;0;0;0;0;0;0;0;0;0;0;0;0;0;0;0;0;0
FR;6;2021-03-11;0;0;0;0;0;0;0;0;0;0;0;0;0;0;0;0;0;0
FR;6;2021-03-12;0;0;0;0;0;0;0;0;0;0;0;0;0;0;0;0;0;0
FR;6;2021-03-13;0;0;0;0;0;0;0;0;0;0;0;0;0;0;0;0;0;0
FR;6;2021-03-14;0;0;0;0;0;0;0;0;0;0;0;0;0;0;0;0;0;0
FR;6;2021-03-15;0;0;0;0;0;0;0;0;0;0;0;0;0;0;0;0;0;0
FR;6;2021-03-16;0;0;0;0;0;0;0;0;0;0;0;0;0;0;0;0;0;0
FR;6;2021-03-17;0;0;0;0;0;0;0;0;0;0;0;0;0;0;0;0;0;0
FR;6;2021-03-18;0;0;0;0;0;0;0;0;0;0;0;0;0;0;0;0;0;0
FR;6;2021-03-19;0;0;0;0;0;0;0;0;0;0;0;0;0;0;0;0;0;0
FR;6;2021-03-20;0;0;0;0;0;0;0;0;0;0;0;0;0;0;0;0;0;0
FR;6;2021-03-21;0;0;0;0;0;0;0;0;0;0;0;0;0;0;0;0;0;0
FR;6;2021-03-22;0;0;0;0;0;0;0;0;0;0;0;0;0;0;0;0;0;0
FR;6;2021-03-23;0;0;0;0;0;0;0;0;0;0;0;0;0;0;0;0;0;0
FR;6;2021-03-24;0;0;0;0;0;0;0;0;0;0;0;0;0;0;0;0;0;0
FR;6;2021-03-25;0;0;0;0;0;0;0;0;0;0;0;0;0;0;0;0;0;0
FR;6;2021-03-26;0;0;0;0;0;0;0;0;0;0;0;0;0;0;0;0;0;0
FR;6;2021-03-27;0;0;0;0;0;0;0;0;0;0;0;0;0;0;0;0;0;0
FR;6;2021-03-28;0;0;0;0;0;0;0;0;0;0;0;0;0;0;0;0;0;0
FR;6;2021-03-29;0;0;0;0;0;0;0;0;0;0;0;0;0;0;0;0;0;0
FR;6;2021-03-30;0;0;0;0;0;0;0;0;0;0;0;0;0;0;0;0;0;0
FR;6;2021-03-31;0;0;0;0;0;0;0;0;0;0;0;0;0;0;0;0;0;0
FR;6;2021-04-01;0;0;0;0;0;0;0;0;0;0;0;0;0;0;0;0;0;0
FR;6;2021-04-02;0;0;0;0;0;0;0;0;0;0;0;0;0;0;0;0;0;0
FR;6;2021-04-03;0;0;0;0;0;0;0;0;0;0;0;0;0;0;0;0;0;0
FR;6;2021-04-04;0;0;0;0;0;0;0;0;0;0;0;0;0;0;0;0;0;0
FR;6;2021-04-05;0;0;0;0;0;0;0;0;0;0;0;0;0;0;0;0;0;0
FR;6;2021-04-06;0;0;0;0;0;0;0;0;0;0;0;0;0;0;0;0;0;0
FR;6;2021-04-07;0;0;0;0;0;0;0;0;0;0;0;0;0;0;0;0;0;0
FR;6;2021-04-08;0;0;0;0;0;0;0;0;0;0;0;0;0;0;0;0;0;0
FR;6;2021-04-09;0;0;0;0;0;0;0;0;0;0;0;0;0;0;0;0;0;0
FR;6;2021-04-10;0;0;0;0;0;0;0;0;0;0;0;0;0;0;0;0;0;0
FR;6;2021-04-11;0;0;0;0;0;0;0;0;0;0;0;0;0;0;0;0;0;0
FR;6;2021-04-12;0;0;0;0;0;0;0;0;0;0;0;0;0;0;0;0;0;0
FR;6;2021-04-13;0;0;0;0;0;0;0;0;0;0;0;0;0;0;0;0;0;0
FR;6;2021-04-14;0;0;0;0;0;0;0;0;0;0;0;0;0;0;0;0;0;0
FR;6;2021-04-15;0;0;0;0;0;0;0;0;0;0;0;0;0;0;0;0;0;0
FR;6;2021-04-16;0;0;0;0;0;0;0;0;0;0;0;0;0;0;0;0;0;0
FR;6;2021-04-17;0;0;0;0;0;0;0;0;0;0;0;0;0;0;0;0;0;0
FR;6;2021-04-18;0;0;0;0;0;0;0;0;0;0;0;0;0;0;0;0;0;0
FR;6;2021-04-19;0;0;0;0;0;0;0;0;0;0;0;0;0;0;0;0;0;0
FR;6;2021-04-20;0;0;0;0;0;0;0;0;0;0;0;0;0;0;0;0;0;0
FR;6;2021-04-21;0;0;0;0;0;0;0;0;0;0;0;0;0;0;0;0;0;0
FR;6;2021-04-22;0;0;0;0;0;0;0;0;0;0;0;0;0;0;0;0;0;0
FR;6;2021-04-23;0;0;0;0;0;0;0;0;0;0;0;0;0;0;0;0;0;0
FR;6;2021-04-24;0;0;0;0;0;0;0;0;0;0;0;0;0;0;0;0;0;0
FR;6;2021-04-25;0;0;0;0;0;0;0;0;0;0;0;0;0;0;0;0;0;0
FR;6;2021-04-26;0;0;0;0;0;0;0;0;0;0;0;0;0;0;0;0;0;0
FR;6;2021-04-27;0;0;0;0;0;0;0;0;0;0;0;0;0;0;0;0;0;0
FR;6;2021-04-28;0;0;0;0;0;0;0;0;0;0;0;0;0;0;0;0;0;0
FR;6;2021-04-29;0;0;0;0;0;0;0;0;0;0;0;0;0;0;0;0;0;0
FR;6;2021-04-30;0;0;0;0;0;0;0;0;0;0;0;0;0;0;0;0;0;0
FR;6;2021-05-01;0;0;0;0;0;0;0;0;0;0;0;0;0;0;0;0;0;0
FR;6;2021-05-02;0;0;0;0;0;0;0;0;0;0;0;0;0;0;0;0;0;0
FR;6;2021-05-03;0;0;0;0;0;0;0;0;0;0;0;0;0;0;0;0;0;0
FR;6;2021-05-04;0;0;0;0;0;0;0;0;0;0;0;0;0;0;0;0;0;0
FR;6;2021-05-05;0;0;0;0;0;0;0;0;0;0;0;0;0;0;0;0;0;0
FR;6;2021-05-06;0;0;0;0;0;0;0;0;0;0;0;0;0;0;0;0;0;0
FR;6;2021-05-07;0;0;0;0;0;0;0;0;0;0;0;0;0;0;0;0;0;0
FR;6;2021-05-08;0;0;0;0;0;0;0;0;0;0;0;0;0;0;0;0;0;0
FR;6;2021-05-09;0;0;0;0;0;0;0;0;0;0;0;0;0;0;0;0;0;0
FR;6;2021-05-10;0;0;0;0;0;0;0;0;0;0;0;0;0;0;0;0;0;0
FR;6;2021-05-11;0;0;0;0;0;0;0;0;0;0;0;0;0;0;0;0;0;0
FR;6;2021-05-12;0;0;0;0;0;0;0;0;0;0;0;0;0;0;0;0;0;0
FR;6;2021-05-13;0;0;0;0;0;0;0;0;0;0;0;0;0;0;0;0;0;0
FR;6;2021-05-14;0;0;0;0;0;0;0;0;0;0;0;0;0;0;0;0;0;0
FR;6;2021-05-15;0;0;0;0;0;0;0;0;0;0;0;0;0;0;0;0;0;0
FR;6;2021-05-16;0;0;0;0;0;0;0;0;0;0;0;0;0;0;0;0;0;0
FR;6;2021-05-17;0;0;0;0;0;0;0;0;0;0;0;0;0;0;0;0;0;0
FR;6;2021-05-18;0;0;0;0;0;0;0;0;0;0;0;0;0;0;0;0;0;0
FR;6;2021-05-19;0;0;0;0;0;0;0;0;0;0;0;0;0;0;0;0;0;0
FR;6;2021-05-20;0;0;0;0;0;0;0;0;0;0;0;0;0;0;0;0;0;0
FR;6;2021-05-21;0;0;0;0;0;0;0;0;0;0;0;0;0;0;0;0;0;0
FR;6;2021-05-22;0;0;0;0;0;0;0;0;0;0;0;0;0;0;0;0;0;0
FR;6;2021-05-23;0;0;0;0;0;0;0;0;0;0;0;0;0;0;0;0;0;0
FR;6;2021-05-24;0;0;0;0;0;0;0;0;0;0;0;0;0;0;0;0;0;0
FR;6;2021-05-25;0;0;0;0;0;0;0;0;0;0;0;0;0;0;0;0;0;0
FR;6;2021-05-26;0;0;0;0;0;0;0;0;0;0;0;0;0;0;0;0;0;0
FR;6;2021-05-27;0;0;0;0;0;0;0;0;0;0;0;0;0;0;0;0;0;0
FR;6;2021-05-28;0;0;0;0;0;0;0;0;0;0;0;0;0;0;0;0;0;0
FR;6;2021-05-29;0;0;0;0;0;0;0;0;0;0;0;0;0;0;0;0;0;0
FR;6;2021-05-30;0;0;0;0;0;0;0;0;0;0;0;0;0;0;0;0;0;0
FR;6;2021-05-31;0;0;0;0;0;0;0;0;0;0;0;0;0;0;0;0;0;0
FR;6;2021-06-01;0;0;0;0;0;0;0;0;0;0;0;0;0;0;0;0;0;0
FR;6;2021-06-02;0;0;0;0;0;0;0;0;0;0;0;0;0;0;0;0;0;0
FR;6;2021-06-03;0;0;0;0;0;0;0;0;0;0;0;0;0;0;0;0;0;0
FR;6;2021-06-04;0;0;0;0;0;0;0;0;0;0;0;0;0;0;0;0;0;0
FR;6;2021-06-05;0;0;0;0;0;0;0;0;0;0;0;0;0;0;0;0;0;0
FR;6;2021-06-06;0;0;0;0;0;0;0;0;0;0;0;0;0;0;0;0;0;0
FR;6;2021-06-07;0;0;0;0;0;0;0;0;0;0;0;0;0;0;0;0;0;0
FR;6;2021-06-08;0;0;0;0;0;0;0;0;0;0;0;0;0;0;0;0;0;0
FR;6;2021-06-09;0;0;0;0;0;0;0;0;0;0;0;0;0;0;0;0;0;0
FR;6;2021-06-10;0;0;0;0;0;0;0;0;0;0;0;0;0;0;0;0;0;0
FR;6;2021-06-11;0;0;0;0;0;0;0;0;0;0;0;0;0;0;0;0;0;0
FR;6;2021-06-12;0;0;0;0;0;0;0;0;0;0;0;0;0;0;0;0;0;0
FR;6;2021-06-13;0;0;0;0;0;0;0;0;0;0;0;0;0;0;0;0;0;0
FR;6;2021-06-14;0;0;0;0;0;0;0;0;0;0;0;0;0;0;0;0;0;0
FR;6;2021-06-15;0;0;0;0;0;0;0;0;0;0;0;0;0;0;0;0;0;0
FR;6;2021-06-16;0;0;0;0;0;0;0;0;0;0;0;0;0;0;0;0;0;0
FR;6;2021-06-17;0;0;0;0;0;0;0;0;0;0;0;0;0;0;0;0;0;0
FR;6;2021-06-18;0;0;0;0;0;0;0;0;0;0;0;0;0;0;0;0;0;0
FR;6;2021-06-19;0;0;0;0;0;0;0;0;0;0;0;0;0;0;0;0;0;0
FR;6;2021-06-20;0;0;0;0;0;0;0;0;0;0;0;0;0;0;0;0;0;0
FR;6;2021-06-21;0;0;0;0;0;0;0;0;0;0;0;0;0;0;0;0;0;0
FR;6;2021-06-22;0;0;0;0;0;0;0;0;0;0;0;0;0;0;0;0;0;0
FR;6;2021-06-23;0;0;0;0;0;0;0;0;0;0;0;0;0;0;0;0;0;0
FR;6;2021-06-24;0;0;0;0;0;0;0;0;0;0;0;0;0;0;0;0;0;0
FR;6;2021-06-25;0;0;0;0;0;0;0;0;0;0;0;0;0;0;0;0;0;0
FR;6;2021-06-26;0;0;0;0;0;0;0;0;0;0;0;0;0;0;0;0;0;0
FR;6;2021-06-27;0;0;0;0;0;0;0;0;0;0;0;0;0;0;0;0;0;0
FR;6;2021-06-28;0;0;0;0;0;0;0;0;0;0;0;0;0;0;0;0;0;0
FR;6;2021-06-29;0;0;0;0;0;0;0;0;0;0;0;0;0;0;0;0;0;0
FR;6;2021-06-30;0;0;0;0;0;0;0;0;0;0;0;0;0;0;0;0;0;0
FR;6;2021-07-01;0;0;0;0;0;0;0;0;0;0;0;0;0;0;0;0;0;0
FR;6;2021-07-02;0;0;0;0;0;0;0;0;0;0;0;0;0;0;0;0;0;0
FR;6;2021-07-03;0;0;0;0;0;0;0;0;0;0;0;0;0;0;0;0;0;0
FR;6;2021-07-04;0;0;0;0;0;0;0;0;0;0;0;0;0;0;0;0;0;0
FR;6;2021-07-05;0;0;0;0;0;0;0;0;0;0;0;0;0;0;0;0;0;0
FR;6;2021-07-06;0;0;0;0;0;0;0;0;0;0;0;0;0;0;0;0;0;0
FR;6;2021-07-07;0;0;0;0;0;0;0;0;0;0;0;0;0;0;0;0;0;0
FR;6;2021-07-08;0;0;0;0;0;0;0;0;0;0;0;0;0;0;0;0;0;0
FR;6;2021-07-09;0;0;0;0;0;0;0;0;0;0;0;0;0;0;0;0;0;0
FR;6;2021-07-10;0;0;0;0;0;0;0;0;0;0;0;0;0;0;0;0;0;0
FR;6;2021-07-11;0;0;0;0;0;0;0;0;0;0;0;0;0;0;0;0;0;0
FR;6;2021-07-12;0;0;0;0;0;0;0;0;0;0;0;0;0;0;0;0;0;0
FR;6;2021-07-13;0;0;0;0;0;0;0;0;0;0;0;0;0;0;0;0;0;0
FR;6;2021-07-14;0;0;0;0;0;0;0;0;0;0;0;0;0;0;0;0;0;0
FR;6;2021-07-15;0;0;0;0;0;0;0;0;0;0;0;0;0;0;0;0;0;0
FR;6;2021-07-16;0;0;0;0;0;0;0;0;0;0;0;0;0;0;0;0;0;0
FR;6;2021-07-17;0;0;0;0;0;0;0;0;0;0;0;0;0;0;0;0;0;0
FR;6;2021-07-18;0;0;0;0;0;0;0;0;0;0;0;0;0;0;0;0;0;0
FR;6;2021-07-19;0;0;0;0;0;0;0;0;0;0;0;0;0;0;0;0;0;0
FR;6;2021-07-20;0;0;0;0;0;0;0;0;0;0;0;0;0;0;0;0;0;0
FR;6;2021-07-21;0;0;0;0;0;0;0;0;0;0;0;0;0;0;0;0;0;0
FR;6;2021-07-22;0;0;0;0;0;0;0;0;0;0;0;0;0;0;0;0;0;0
FR;6;2021-07-23;0;0;0;0;0;0;0;0;0;0;0;0;0;0;0;0;0;0
FR;6;2021-07-24;0;0;0;0;0;0;0;0;0;0;0;0;0;0;0;0;0;0
FR;6;2021-07-25;0;0;0;0;0;0;0;0;0;0;0;0;0;0;0;0;0;0
FR;6;2021-07-26;0;0;0;0;0;0;0;0;0;0;0;0;0;0;0;0;0;0
FR;6;2021-07-27;0;0;0;0;0;0;0;0;0;0;0;0;0;0;0;0;0;0
FR;6;2021-07-28;0;0;0;0;0;0;0;0;0;0;0;0;0;0;0;0;0;0
FR;6;2021-07-29;0;0;0;0;0;0;0;0;0;0;0;0;0;0;0;0;0;0
FR;6;2021-07-30;0;0;0;0;0;0;0;0;0;0;0;0;0;0;0;0;0;0
FR;6;2021-07-31;0;0;0;0;0;0;0;0;0;0;0;0;0;0;0;0;0;0
FR;6;2021-08-01;0;0;0;0;0;0;0;0;0;0;0;0;0;0;0;0;0;0
FR;6;2021-08-02;0;0;0;0;0;0;0;0;0;0;0;0;0;0;0;0;0;0
FR;6;2021-08-03;0;0;0;0;0;0;0;0;0;0;0;0;0;0;0;0;0;0
FR;6;2021-08-04;0;0;0;0;0;0;0;0;0;0;0;0;0;0;0;0;0;0
FR;6;2021-08-05;0;0;0;0;0;0;0;0;0;0;0;0;0;0;0;0;0;0
FR;6;2021-08-06;0;0;0;0;0;0;0;0;0;0;0;0;0;0;0;0;0;0
FR;6;2021-08-07;0;0;0;0;0;0;0;0;0;0;0;0;0;0;0;0;0;0
FR;6;2021-08-08;0;0;0;0;0;0;0;0;0;0;0;0;0;0;0;0;0;0
FR;6;2021-08-09;0;0;0;0;0;0;0;0;0;0;0;0;0;0;0;0;0;0
FR;6;2021-08-10;0;0;0;0;0;0;0;0;0;0;0;0;0;0;0;0;0;0
FR;6;2021-08-11;0;0;0;0;0;0;0;0;0;0;0;0;0;0;0;0;0;0
FR;6;2021-08-12;0;0;0;0;0;0;0;0;0;0;0;0;0;0;0;0;0;0
FR;6;2021-08-13;0;0;0;0;0;0;0;0;0;0;0;0;0;0;0;0;0;0
FR;6;2021-08-14;0;0;0;0;0;0;0;0;0;0;0;0;0;0;0;0;0;0
FR;6;2021-08-15;0;0;0;0;0;0;0;0;0;0;0;0;0;0;0;0;0;0
FR;6;2021-08-16;0;0;0;0;0;0;0;0;0;0;0;0;0;0;0;0;0;0
FR;6;2021-08-17;0;0;0;0;0;0;0;0;0;0;0;0;0;0;0;0;0;0
FR;6;2021-08-18;0;0;0;0;0;0;0;0;0;0;0;0;0;0;0;0;0;0
FR;6;2021-08-19;0;0;0;0;0;0;0;0;0;0;0;0;0;0;0;0;0;0
FR;6;2021-08-20;0;0;0;0;0;0;0;0;0;0;0;0;0;0;0;0;0;0
FR;6;2021-08-21;0;0;0;0;0;0;0;0;0;0;0;0;0;0;0;0;0;0
FR;6;2021-08-22;0;0;0;0;0;0;0;0;0;0;0;0;0;0;0;0;0;0
FR;6;2021-08-23;0;0;0;0;0;0;0;0;0;0;0;0;0;0;0;0;0;0
FR;6;2021-08-24;0;0;0;0;0;0;0;0;0;0;0;0;0;0;0;0;0;0
FR;6;2021-08-25;0;0;0;0;0;0;0;0;0;0;0;0;0;0;0;0;0;0
FR;6;2021-08-26;0;0;0;0;0;0;0;0;0;0;0;0;0;0;0;0;0;0
FR;6;2021-08-27;0;0;0;0;0;0;0;0;0;0;0;0;0;0;0;0;0;0
FR;6;2021-08-28;0;0;0;0;0;0;0;0;0;0;0;0;0;0;0;0;0;0
FR;6;2021-08-29;0;0;0;0;0;0;0;0;0;0;0;0;0;0;0;0;0;0
FR;6;2021-08-30;0;0;0;0;0;0;0;0;0;0;0;0;0;0;0;0;0;0
FR;6;2021-08-31;0;0;0;0;0;0;0;0;0;0;0;0;0;0;0;0;0;0
FR;6;2021-09-01;0;0;0;0;0;0;0;0;0;0;0;0;0;0;0;0;0;0
FR;6;2021-09-02;0;0;0;0;0;0;0;0;0;0;0;0;0;0;0;0;0;0
FR;6;2021-09-03;0;0;0;0;0;0;0;0;0;0;0;0;0;0;0;0;0;0
FR;6;2021-09-04;0;0;0;0;0;0;0;0;0;0;0;0;0;0;0;0;0;0
FR;6;2021-09-05;0;0;0;0;0;0;0;0;0;0;0;0;0;0;0;0;0;0
FR;6;2021-09-06;0;0;0;0;0;0;0;0;0;0;0;0;0;0;0;0;0;0
FR;6;2021-09-07;0;0;0;0;0;0;0;0;0;0;0;0;0;0;0;0;0;0
FR;6;2021-09-08;0;0;0;0;0;0;0;0;0;0;0;0;0;0;0;0;0;0
FR;6;2021-09-09;0;0;0;0;0;0;0;0;0;0;0;0;0;0;0;0;0;0
FR;6;2021-09-10;0;0;0;0;0;0;0;0;0;0;0;0;0;0;0;0;0;0
FR;6;2021-09-11;0;0;0;0;0;0;0;0;0;0;0;0;0;0;0;0;0;0
FR;6;2021-09-12;0;0;0;0;0;0;0;0;0;0;0;0;0;0;0;0;0;0
FR;6;2021-09-13;0;0;0;0;0;0;0;0;0;0;0;0;0;0;0;0;0;0
FR;6;2021-09-14;0;0;0;0;0;0;0;0;0;0;0;0;0;0;0;0;0;0
FR;6;2021-09-15;0;0;0;0;0;0;0;0;0;0;0;0;0;0;0;0;0;0
FR;6;2021-09-16;0;0;0;0;0;0;0;0;0;0;0;0;0;0;0;0;0;0
FR;6;2021-09-17;0;0;0;0;0;0;0;0;0;0;0;0;0;0;0;0;0;0
FR;6;2021-09-18;0;0;0;0;0;0;0;0;0;0;0;0;0;0;0;0;0;0
FR;6;2021-09-19;0;0;0;0;0;0;0;0;0;0;0;0;0;0;0;0;0;0
FR;6;2021-09-20;0;0;0;0;0;0;0;0;0;0;0;0;0;0;0;0;0;0
FR;6;2021-09-21;0;0;0;0;0;0;0;0;0;0;0;0;0;0;0;0;0;0
FR;6;2021-09-22;0;0;0;0;0;0;0;0;0;0;0;0;0;0;0;0;0;0
FR;6;2021-09-23;0;0;0;0;0;0;0;0;0;0;0;0;0;0;0;0;0;0
FR;6;2021-09-24;0;0;0;0;0;0;0;0;0;0;0;0;0;0;0;0;0;0
FR;6;2021-09-25;0;0;0;0;0;0;0;0;0;0;0;0;0;0;0;0;0;0
FR;6;2021-09-26;0;0;0;0;0;0;0;0;0;0;0;0;0;0;0;0;0;0
FR;6;2021-09-27;0;0;0;0;0;0;0;0;0;0;0;0;0;0;0;0;0;0
FR;6;2021-09-28;0;0;0;0;0;0;0;0;0;0;0;0;0;0;0;0;0;0
FR;6;2021-09-29;0;0;0;0;0;0;0;0;0;0;0;0;0;0;0;0;0;0
FR;6;2021-09-30;0;0;0;0;0;0;0;0;0;0;0;0;0;0;0;0;0;0
FR;6;2021-10-01;0;0;0;0;0;0;0;0;0;0;0;0;0;0;0;0;0;0
FR;6;2021-10-02;0;0;0;0;0;0;0;0;0;0;0;0;0;0;0;0;0;0
FR;6;2021-10-03;0;0;0;0;0;0;0;0;0;0;0;0;0;0;0;0;0;0
FR;6;2021-10-04;0;0;0;0;0;0;0;0;0;0;0;0;0;0;0;0;0;0
FR;6;2021-10-05;0;0;0;0;0;0;0;0;0;0;0;0;0;0;0;0;0;0
FR;6;2021-10-06;0;0;0;0;0;0;0;0;0;0;0;0;0;0;0;0;0;0
FR;6;2021-10-07;0;0;0;0;0;0;0;0;0;0;0;0;0;0;0;0;0;0
FR;6;2021-10-08;0;0;0;0;0;0;0;0;0;0;0;0;0;0;0;0;0;0
FR;6;2021-10-09;0;0;0;0;0;0;0;0;0;0;0;0;0;0;0;0;0;0
FR;6;2021-10-10;0;0;0;0;0;0;0;0;0;0;0;0;0;0;0;0;0;0
FR;6;2021-10-11;0;0;0;0;0;0;0;0;0;0;0;0;0;0;0;0;0;0
FR;6;2021-10-12;0;0;0;0;0;0;0;0;0;0;0;0;0;0;0;0;0;0
FR;6;2021-10-13;0;0;0;0;0;0;0;0;0;0;0;0;0;0;0;0;0;0
FR;6;2021-10-14;0;0;0;0;0;0;0;0;0;0;0;0;0;0;0;0;0;0
FR;6;2021-10-15;0;0;0;0;0;0;0;0;0;0;0;0;0;0;0;0;0;0
FR;6;2021-10-16;0;0;0;0;0;0;0;0;0;0;0;0;0;0;0;0;0;0
FR;6;2021-10-17;0;0;0;0;0;0;0;0;0;0;0;0;0;0;0;0;0;0
FR;6;2021-10-18;0;0;0;0;0;0;0;0;0;0;0;0;0;0;0;0;0;0
FR;6;2021-10-19;0;0;0;0;0;0;0;0;0;0;0;0;0;0;0;0;0;0
FR;6;2021-10-20;0;0;0;0;0;0;0;0;0;0;0;0;0;0;0;0;0;0
FR;6;2021-10-21;0;0;0;0;0;0;0;0;0;0;0;0;0;0;0;0;0;0
FR;6;2021-10-22;0;0;0;0;0;0;0;0;0;0;0;0;0;0;0;0;0;0
FR;6;2021-10-23;0;0;0;0;0;0;0;0;0;0;0;0;0;0;0;0;0;0
FR;6;2021-10-24;0;0;0;0;0;0;0;0;0;0;0;0;0;0;0;0;0;0
FR;6;2021-10-25;0;0;0;0;0;0;0;0;0;0;0;0;0;0;0;0;0;0
FR;6;2021-10-26;0;0;0;0;0;0;0;0;0;0;0;0;0;0;0;0;0;0
FR;6;2021-10-27;0;0;0;0;0;0;0;0;0;0;0;0;0;0;0;0;0;0
FR;6;2021-10-28;0;0;0;0;0;0;0;0;0;0;0;0;0;0;0;0;0;0
FR;6;2021-10-29;0;0;0;0;0;0;0;0;0;0;0;0;0;0;0;0;0;0
FR;6;2021-10-30;0;0;0;0;0;0;0;0;0;0;0;0;0;0;0;0;0;0
FR;6;2021-10-31;0;0;0;0;0;0;0;0;0;0;0;0;0;0;0;0;0;0
FR;6;2021-11-01;0;0;0;0;0;0;0;0;0;0;0;0;0;0;0;0;0;0
FR;6;2021-11-02;0;0;0;0;0;0;0;0;0;0;0;0;0;0;0;0;0;0
FR;6;2021-11-03;0;0;0;0;0;0;0;0;0;0;0;0;0;0;0;0;0;0
FR;6;2021-11-04;0;0;0;0;0;0;0;0;0;0;0;0;0;0;0;0;0;0
FR;6;2021-11-05;0;0;0;0;0;0;0;0;0;0;0;0;0;0;0;0;0;0
FR;6;2021-11-06;0;0;0;0;0;0;0;0;0;0;0;0;0;0;0;0;0;0
FR;6;2021-11-07;0;0;0;0;0;0;0;0;0;0;0;0;0;0;0;0;0;0
FR;6;2021-11-08;0;0;0;0;0;0;0;0;0;0;0;0;0;0;0;0;0;0
FR;6;2021-11-09;0;0;0;0;0;0;0;0;0;0;0;0;0;0;0;0;0;0
FR;6;2021-11-10;0;0;0;0;0;0;0;0;0;0;0;0;0;0;0;0;0;0
FR;6;2021-11-11;0;0;0;0;0;0;0;0;0;0;0;0;0;0;0;0;0;0
FR;6;2021-11-12;0;0;0;0;0;0;0;0;0;0;0;0;0;0;0;0;0;0
FR;6;2021-11-13;0;0;0;0;0;0;0;0;0;0;0;0;0;0;0;0;0;0
FR;6;2021-11-14;0;0;0;0;0;0;0;0;0;0;0;0;0;0;0;0;0;0
FR;6;2021-11-15;0;0;0;0;0;0;0;0;0;0;0;0;0;0;0;0;0;0
FR;6;2021-11-16;0;0;0;0;0;0;0;0;0;0;0;0;0;0;0;0;0;0
FR;6;2021-11-17;0;0;0;0;0;0;0;0;0;0;0;0;0;0;0;0;0;0
FR;6;2021-11-18;0;0;0;0;0;0;0;0;0;0;0;0;0;0;0;0;0;0
FR;6;2021-11-19;0;0;0;0;0;0;0;0;0;0;0;0;0;0;0;0;0;0
FR;6;2021-11-20;0;0;0;0;0;0;0;0;0;0;0;0;0;0;0;0;0;0
FR;6;2021-11-21;0;0;0;0;0;0;0;0;0;0;0;0;0;0;0;0;0;0
FR;6;2021-11-22;0;0;0;0;0;0;0;0;0;0;0;0;0;0;0;0;0;0
FR;6;2021-11-23;0;0;0;0;0;0;0;0;0;0;0;0;0;0;0;0;0;0
FR;6;2021-11-24;0;0;0;0;0;0;0;0;0;0;0;0;0;0;0;0;0;0
FR;6;2021-11-25;0;0;0;0;0;0;0;0;0;0;0;0;0;0;0;0;0;0
FR;6;2021-11-26;0;0;0;0;0;0;0;0;0;0;0;0;0;0;0;0;0;0
FR;6;2021-11-27;0;0;0;0;0;0;0;0;0;0;0;0;0;0;0;0;0;0
FR;6;2021-11-28;0;0;0;0;0;0;0;0;0;0;0;0;0;0;0;0;0;0
FR;6;2021-11-29;0;0;0;0;0;0;0;0;0;0;0;0;0;0;0;0;0;0
FR;6;2021-11-30;0;0;0;0;0;0;0;0;0;0;0;0;0;0;0;0;0;0
FR;6;2021-12-01;0;0;0;0;0;0;0;0;0;0;0;0;0;0;0;0;0;0
FR;6;2021-12-02;0;0;0;0;0;0;0;0;0;0;0;0;0;0;0;0;0;0
FR;6;2021-12-03;0;0;0;0;0;0;0;0;0;0;0;0;0;0;0;0;0;0
FR;6;2021-12-04;0;0;0;0;0;0;0;0;0;0;0;0;0;0;0;0;0;0
FR;6;2021-12-05;0;0;0;0;0;0;0;0;0;0;0;0;0;0;0;0;0;0
FR;6;2021-12-06;0;0;0;0;0;0;0;0;0;0;0;0;0;0;0;0;0;0
FR;6;2021-12-07;0;0;0;0;0;0;0;0;0;0;0;0;0;0;0;0;0;0
FR;6;2021-12-08;0;0;0;0;0;0;0;0;0;0;0;0;0;0;0;0;0;0
FR;6;2021-12-09;0;0;0;0;0;0;0;0;0;0;0;0;0;0;0;0;0;0
FR;6;2021-12-10;0;0;0;0;0;0;0;0;0;0;0;0;0;0;0;0;0;0
FR;6;2021-12-11;0;0;0;0;0;0;0;0;0;0;0;0;0;0;0;0;0;0
FR;6;2021-12-12;0;0;0;0;0;0;0;0;0;0;0;0;0;0;0;0;0;0
FR;6;2021-12-13;0;0;0;0;0;0;0;0;0;0;0;0;0;0;0;0;0;0
FR;6;2021-12-14;0;0;0;0;0;0;0;0;0;0;0;0;0;0;0;0;0;0
FR;6;2021-12-15;0;0;0;0;0;0;0;0;0;0;0;0;0;0;0;0;0;0
FR;6;2021-12-16;0;0;0;0;0;0;0;0;0;0;0;0;0;0;0;0;0;0
FR;6;2021-12-17;0;0;0;0;0;0;0;0;0;0;0;0;0;0;0;0;0;0
FR;6;2021-12-18;0;0;0;0;0;0;0;0;0;0;0;0;0;0;0;0;0;0
FR;6;2021-12-19;0;0;0;0;0;0;0;0;0;0;0;0;0;0;0;0;0;0
FR;6;2021-12-20;0;0;0;0;0;0;0;0;0;0;0;0;0;0;0;0;0;0
FR;6;2021-12-21;0;0;0;0;0;0;0;0;0;0;0;0;0;0;0;0;0;0
FR;6;2021-12-22;0;0;0;0;0;0;0;0;0;0;0;0;0;0;0;0;0;0
FR;6;2021-12-23;0;0;0;0;0;0;0;0;0;0;0;0;0;0;0;0;0;0
FR;6;2021-12-24;0;0;0;0;0;0;0;0;0;0;0;0;0;0;0;0;0;0
FR;6;2021-12-25;0;0;0;0;0;0;0;0;0;0;0;0;0;0;0;0;0;0
FR;6;2021-12-26;0;0;0;0;0;0;0;0;0;0;0;0;0;0;0;0;0;0
FR;6;2021-12-27;0;0;0;0;0;0;0;0;0;0;0;0;0;0;0;0;0;0
FR;6;2021-12-28;0;0;0;0;0;0;0;0;0;0;0;0;0;0;0;0;0;0
FR;6;2021-12-29;0;0;0;0;0;0;0;0;0;0;0;0;0;0;0;0;0;0
FR;6;2021-12-30;0;0;0;0;0;0;0;0;0;0;0;0;0;0;0;0;0;0
FR;6;2021-12-31;0;0;0;0;0;0;0;0;0;0;0;0;0;0;0;0;0;0
FR;6;2022-01-01;0;0;0;0;0;0;0;0;0;0;0;0;0;0;0;0;0;0
FR;6;2022-01-02;0;0;0;0;0;0;0;0;0;0;0;0;0;0;0;0;0;0
FR;6;2022-01-03;0;0;0;0;0;0;0;0;0;0;0;0;0;0;0;0;0;0
FR;6;2022-01-04;0;0;0;0;0;0;0;0;0;0;0;0;0;0;0;0;0;0
FR;6;2022-01-05;0;0;0;0;0;0;0;0;0;0;0;0;0;0;0;0;0;0
FR;6;2022-01-06;0;0;0;0;0;0;0;0;0;0;0;0;0;0;0;0;0;0
FR;6;2022-01-07;0;0;0;0;0;0;0;0;0;0;0;0;0;0;0;0;0;0
FR;6;2022-01-08;0;0;0;0;0;0;0;0;0;0;0;0;0;0;0;0;0;0
FR;6;2022-01-09;0;0;0;0;0;0;0;0;0;0;0;0;0;0;0;0;0;0
FR;6;2022-01-10;0;0;0;0;0;0;0;0;0;0;0;0;0;0;0;0;0;0
FR;6;2022-01-11;0;0;0;0;0;0;0;0;0;0;0;0;0;0;0;0;0;0
FR;6;2022-01-12;0;0;0;0;0;0;0;0;0;0;0;0;0;0;0;0;0;0
FR;6;2022-01-13;0;0;0;0;0;0;0;0;0;0;0;0;0;0;0;0;0;0
FR;6;2022-01-14;0;0;0;0;0;0;0;0;0;0;0;0;0;0;0;0;0;0
FR;6;2022-01-15;0;0;0;0;0;0;0;0;0;0;0;0;0;0;0;0;0;0
FR;6;2022-01-16;0;0;0;0;0;0;0;0;0;0;0;0;0;0;0;0;0;0
FR;6;2022-01-17;0;0;0;0;0;0;0;0;0;0;0;0;0;0;0;0;0;0
FR;6;2022-01-18;0;0;0;0;0;0;0;0;0;0;0;0;0;0;0;0;0;0
FR;6;2022-01-19;0;0;0;0;0;0;0;0;0;0;0;0;0;0;0;0;0;0
FR;6;2022-01-20;0;0;0;0;0;0;0;0;0;0;0;0;0;0;0;0;0;0
FR;6;2022-01-21;0;0;0;0;0;0;0;0;0;0;0;0;0;0;0;0;0;0
FR;6;2022-01-22;0;0;0;0;0;0;0;0;0;0;0;0;0;0;0;0;0;0
FR;6;2022-01-23;0;0;0;0;0;0;0;0;0;0;0;0;0;0;0;0;0;0
FR;6;2022-01-24;0;0;0;0;0;0;0;0;0;0;0;0;0;0;0;0;0;0
FR;6;2022-01-25;0;0;0;0;0;0;0;0;0;0;0;0;0;0;0;0;0;0
FR;6;2022-01-26;0;0;0;0;0;0;0;0;0;0;0;0;0;0;0;0;0;0
FR;6;2022-01-27;0;0;0;0;0;0;0;0;0;0;0;0;0;0;0;0;0;0
FR;6;2022-01-28;0;0;0;0;0;0;0;0;0;0;0;0;0;0;0;0;0;0
FR;6;2022-01-29;0;0;0;0;0;0;0;0;0;0;0;0;0;0;0;0;0;0
FR;6;2022-01-30;0;0;0;0;0;0;0;0;0;0;0;0;0;0;0;0;0;0
FR;6;2022-01-31;0;0;0;0;0;0;0;0;0;0;0;0;0;0;0;0;0;0
FR;6;2022-02-01;0;0;0;0;0;0;0;0;0;0;0;0;0;0;0;0;0;0
FR;6;2022-02-02;0;0;0;0;0;0;0;0;0;0;0;0;0;0;0;0;0;0
FR;6;2022-02-03;0;0;0;0;0;0;0;0;0;0;0;0;0;0;0;0;0;0
FR;6;2022-02-04;0;0;0;0;0;0;0;0;0;0;0;0;0;0;0;0;0;0
FR;6;2022-02-05;0;0;0;0;0;0;0;0;0;0;0;0;0;0;0;0;0;0
FR;6;2022-02-06;0;0;0;0;0;0;0;0;0;0;0;0;0;0;0;0;0;0
FR;6;2022-02-07;0;0;0;0;0;0;0;0;0;0;0;0;0;0;0;0;0;0
FR;6;2022-02-08;0;0;0;0;0;0;0;0;0;0;0;0;0;0;0;0;0;0
FR;6;2022-02-09;0;0;0;0;0;0;0;0;0;0;0;0;0;0;0;0;0;0
FR;6;2022-02-10;0;0;0;0;0;0;0;0;0;0;0;0;0;0;0;0;0;0
FR;6;2022-02-11;0;0;0;0;0;0;0;0;0;0;0;0;0;0;0;0;0;0
FR;6;2022-02-12;0;0;0;0;0;0;0;0;0;0;0;0;0;0;0;0;0;0
FR;6;2022-02-13;0;0;0;0;0;0;0;0;0;0;0;0;0;0;0;0;0;0
FR;6;2022-02-14;0;0;0;0;0;0;0;0;0;0;0;0;0;0;0;0;0;0
FR;6;2022-02-15;0;0;0;0;0;0;0;0;0;0;0;0;0;0;0;0;0;0
FR;6;2022-02-16;0;0;0;0;0;0;0;0;0;0;0;0;0;0;0;0;0;0
FR;6;2022-02-17;0;0;0;0;0;0;0;0;0;0;0;0;0;0;0;0;0;0
FR;6;2022-02-18;0;0;0;0;0;0;0;0;0;0;0;0;0;0;0;0;0;0
FR;6;2022-02-19;0;0;0;0;0;0;0;0;0;0;0;0;0;0;0;0;0;0
FR;6;2022-02-20;0;0;0;0;0;0;0;0;0;0;0;0;0;0;0;0;0;0
FR;6;2022-02-21;0;0;0;0;0;0;0;0;0;0;0;0;0;0;0;0;0;0
FR;6;2022-02-22;0;0;0;0;0;0;0;0;0;0;0;0;0;0;0;0;0;0
FR;6;2022-02-23;0;0;0;0;0;0;0;0;0;0;0;0;0;0;0;0;0;0
FR;6;2022-02-24;0;0;0;0;0;0;0;0;0;0;0;0;0;0;0;0;0;0
FR;6;2022-02-25;0;0;0;0;0;0;0;0;0;0;0;0;0;0;0;0;0;0
FR;6;2022-02-26;1;0;0;0;0;0;0;0;0;1;0;0;0;0;0;0;0;0
FR;6;2022-02-27;1;0;0;0;1;0;0;0;0;2;0;0;0;1;0;0;0;0
FR;6;2022-02-28;0;0;0;0;0;0;0;0;0;2;0;0;0;1;0;0;0;0
FR;6;2022-03-01;3;0;0;0;0;0;0;0;0;5;0;0;0;1;0;0;0;0
FR;6;2022-03-02;97;9;2;0;15;7;0;0;0;102;9;2;0;16;7;0;0;0
FR;6;2022-03-03;0;0;0;0;0;0;0;0;0;102;9;2;0;16;7;0;0;0
FR;6;2022-03-04;92;4;0;0;8;4;0;0;0;194;13;2;0;24;11;0;0;0
FR;6;2022-03-05;391;23;2;0;60;14;0;0;0;585;36;4;0;84;25;0;0;0
FR;6;2022-03-06;7;1;0;0;2;0;0;0;0;592;37;4;0;86;25;0;0;0
FR;6;2022-03-07;337;19;0;0;51;13;0;0;0;929;56;4;0;137;38;0;0;0
FR;6;2022-03-08;230;14;0;0;47;5;0;0;0;1159;70;4;0;184;43;0;0;0
FR;6;2022-03-09;519;29;2;0;84;21;1;0;0;1678;99;6;0;268;64;1;0;0
FR;6;2022-03-10;206;19;0;1;54;12;1;0;0;1884;118;6;1;322;76;2;0;0
FR;6;2022-03-11;331;22;6;0;53;21;0;0;0;2215;140;12;1;375;97;2;0;0
FR;6;2022-03-12;518;25;1;0;83;20;0;0;0;2733;165;13;1;458;117;2;0;0
FR;6;2022-03-13;40;2;0;0;2;1;0;0;0;2773;167;13;1;460;118;2;0;0
FR;6;2022-03-14;201;4;2;0;39;3;1;0;0;2974;171;15;1;499;121;3;0;0
FR;6;2022-03-15;112;11;2;0;28;9;0;0;0;3086;182;17;1;527;130;3;0;0
FR;6;2022-03-16;310;17;2;1;49;15;1;0;0;3396;199;19;2;576;145;4;0;0
FR;6;2022-03-17;117;6;1;2;14;4;2;0;0;3513;205;20;4;590;149;6;0;0
FR;6;2022-03-18;215;10;0;0;40;6;0;0;0;3728;215;20;4;630;155;6;0;0
FR;6;2022-03-19;307;19;2;0;90;9;0;0;0;4035;234;22;4;720;164;6;0;0
FR;6;2022-03-20;15;5;0;0;5;1;0;0;0;4050;239;22;4;725;165;6;0;0
FR;6;2022-03-21;132;23;1;0;47;4;0;0;0;4182;262;23;4;772;169;6;0;0
FR;6;2022-03-22;97;15;0;0;34;4;0;0;0;4279;277;23;4;806;173;6;0;0
FR;6;2022-03-23;226;108;3;0;155;14;1;0;0;4505;385;26;4;961;187;7;0;0
FR;6;2022-03-24;100;15;1;3;32;4;3;0;0;4605;400;27;7;993;191;10;0;0
FR;6;2022-03-25;203;141;2;1;179;15;2;0;0;4808;541;29;8;1172;206;12;0;0
FR;6;2022-03-26;331;295;7;1;385;19;1;0;0;5139;836;36;9;1557;225;13;0;0
FR;6;2022-03-27;32;30;1;0;37;1;1;0;0;5171;866;37;9;1594;226;14;0;0
FR;6;2022-03-28;201;208;8;1;234;17;3;0;0;5372;1074;45;10;1828;243;17;0;0
FR;6;2022-03-29;124;189;12;2;206;12;9;0;0;5496;1263;57;12;2034;255;26;0;0
FR;6;2022-03-30;305;476;10;2;548;22;6;0;0;5801;1739;67;14;2582;277;32;0;0
FR;6;2022-03-31;123;140;10;0;160;14;5;0;0;5924;1879;77;14;2742;291;37;0;0
FR;6;2022-04-01;195;150;11;2;178;23;3;0;0;6119;2029;88;16;2920;314;40;0;0
FR;6;2022-04-02;206;241;9;1;280;13;8;0;0;6325;2270;97;17;3200;327;48;0;0
FR;6;2022-04-03;17;21;0;0;26;1;0;0;0;6342;2291;97;17;3226;328;48;0;0
FR;6;2022-04-04;137;114;6;1;131;9;5;0;0;6479;2405;103;18;3357;337;53;0;0
FR;6;2022-04-05;146;88;15;1;105;11;8;0;0;6625;2493;118;19;3462;348;61;0;0
FR;6;2022-04-06;204;245;22;26;291;27;33;0;0;6829;2738;140;45;3753;375;94;0;0
FR;6;2022-04-07;127;96;15;9;115;17;14;0;0;6956;2834;155;54;3868;392;108;0;0
FR;6;2022-04-08;199;171;16;3;214;17;9;0;1;7155;3005;171;57;4082;409;117;0;1
FR;6;2022-04-09;145;139;6;12;171;13;4;0;0;7300;3144;177;69;4253;422;121;0;1
FR;6;2022-04-10;11;20;3;0;26;1;3;0;0;7311;3164;180;69;4279;423;124;0;1
FR;6;2022-04-11;101;106;4;0;129;5;3;0;0;7412;3270;184;69;4408;428;127;0;1
FR;6;2022-04-12;136;75;5;8;114;10;10;0;0;7548;3345;189;77;4522;438;137;0;1
FR;6;2022-04-13;162;175;7;5;208;13;8;0;0;7710;3520;196;82;4730;451;145;0;1
FR;6;2022-04-14;100;103;5;10;121;8;10;0;0;7810;3623;201;92;4851;459;155;0;1
FR;6;2022-04-15;158;149;11;7;167;19;14;0;1;7968;3772;212;99;5018;478;169;0;2
FR;6;2022-04-16;127;132;5;0;162;14;2;0;0;8095;3904;217;99;5180;492;171;0;2
FR;6;2022-04-17;8;9;4;0;10;4;0;0;0;8103;3913;221;99;5190;496;171;0;2
FR;6;2022-04-18;8;15;3;0;14;4;0;0;0;8111;3928;224;99;5204;500;171;0;2
FR;6;2022-04-19;97;112;4;3;130;3;7;0;0;8208;4040;228;102;5334;503;178;0;2
FR;6;2022-04-20;177;227;8;7;269;15;3;0;0;8385;4267;236;109;5603;518;181;0;2
FR;6;2022-04-21;111;93;8;4;110;11;7;0;0;8496;4360;244;113;5713;529;188;0;2
FR;6;2022-04-22;139;160;13;12;189;13;13;0;0;8635;4520;257;125;5902;542;201;0;2
FR;6;2022-04-23;106;129;1;1;161;7;1;0;0;8741;4649;258;126;6063;549;202;0;2
FR;6;2022-04-24;5;21;1;0;22;0;1;0;0;8746;4670;259;126;6085;549;203;0;2
FR;6;2022-04-25;90;128;3;8;151;11;9;0;0;8836;4798;262;134;6236;560;212;0;2
FR;6;2022-04-26;101;128;19;2;151;17;13;0;0;8937;4926;281;136;6387;577;225;0;2
FR;6;2022-04-27;197;159;21;1;222;27;11;0;1;9134;5085;302;137;6609;604;236;0;3
FR;6;2022-04-28;109;87;7;1;123;8;7;0;0;9243;5172;309;138;6732;612;243;0;3
FR;6;2022-04-29;191;169;16;2;215;20;6;0;0;9434;5341;325;140;6947;632;249;0;3
FR;6;2022-04-30;133;125;7;1;168;24;2;0;0;9567;5466;332;141;7115;656;251;0;3
FR;6;2022-05-01;7;6;0;0;8;0;0;0;0;9574;5472;332;141;7123;656;251;0;3
FR;6;2022-05-02;94;65;3;4;88;3;4;0;0;9668;5537;335;145;7211;659;255;0;3
FR;6;2022-05-03;136;93;11;2;125;7;9;0;0;9804;5630;346;147;7336;666;264;0;3
FR;6;2022-05-04;167;118;25;12;161;29;12;0;1;9971;5748;371;159;7497;695;276;0;4
FR;6;2022-05-05;101;70;8;3;97;12;6;0;0;10072;5818;379;162;7594;707;282;0;4
FR;6;2022-05-06;152;110;10;9;155;16;11;0;0;10224;5928;389;171;7749;723;293;0;4
FR;6;2022-05-07;139;93;13;3;136;23;8;0;0;10363;6021;402;174;7885;746;301;0;4
FR;6;2022-05-08;20;8;6;5;16;7;5;0;0;10383;6029;408;179;7901;753;306;0;4
FR;6;2022-05-09;86;78;9;7;95;13;6;0;0;10469;6107;417;186;7996;766;312;0;4
FR;6;2022-05-10;112;80;15;7;110;12;13;0;0;10581;6187;432;193;8106;778;325;0;4
FR;6;2022-05-11;130;124;11;14;163;20;6;0;0;10711;6311;443;207;8269;798;331;0;4
FR;6;2022-05-12;105;76;7;5;96;15;6;0;1;10816;6387;450;212;8365;813;337;0;5
FR;6;2022-05-13;155;97;17;21;137;22;16;0;0;10971;6484;467;233;8502;835;353;0;5
FR;6;2022-05-14;81;60;6;7;84;15;2;0;0;11052;6544;473;240;8586;850;355;0;5
FR;6;2022-05-15;12;7;0;0;14;0;0;0;0;11064;6551;473;240;8600;850;355;0;5
FR;6;2022-05-16;65;54;6;2;69;12;3;0;0;11129;6605;479;242;8669;862;358;0;5
FR;6;2022-05-17;123;77;5;7;92;11;8;0;0;11252;6682;484;249;8761;873;366;0;5
FR;6;2022-05-18;131;116;5;1;158;14;3;0;0;11383;6798;489;250;8919;887;369;0;5
FR;6;2022-05-19;124;57;6;8;96;9;8;0;0;11507;6855;495;258;9015;896;377;0;5
FR;6;2022-05-20;125;115;13;3;151;18;10;0;0;11632;6970;508;261;9166;914;387;0;5
FR;6;2022-05-21;92;69;14;3;93;12;8;0;0;11724;7039;522;264;9259;926;395;0;5
FR;6;2022-05-22;19;12;5;0;21;4;1;0;0;11743;7051;527;264;9280;930;396;0;5
FR;6;2022-05-23;77;72;4;2;90;7;2;0;0;11820;7123;531;266;9370;937;398;0;5
FR;6;2022-05-24;117;98;8;2;131;16;4;0;0;11937;7221;539;268;9501;953;402;0;5
FR;6;2022-05-25;140;129;6;3;171;11;6;0;0;12077;7350;545;271;9672;964;408;0;5
FR;6;2022-05-26;7;9;3;0;5;9;0;0;0;12084;7359;548;271;9677;973;408;0;5
FR;6;2022-05-27;127;105;15;11;136;18;18;0;1;12211;7464;563;282;9813;991;426;0;6
FR;6;2022-05-28;54;75;1;5;89;8;5;0;0;12265;7539;564;287;9902;999;431;0;6
FR;6;2022-05-29;8;10;0;0;10;1;0;0;0;12273;7549;564;287;9912;1000;431;0;6
FR;6;2022-05-30;70;70;7;4;86;4;9;0;0;12343;7619;571;291;9998;1004;440;0;6
FR;6;2022-05-31;87;102;10;2;121;14;7;0;0;12430;7721;581;293;10119;1018;447;0;6
FR;6;2022-06-01;97;89;10;1;111;11;6;0;0;12527;7810;591;294;10230;1029;453;0;6
FR;6;2022-06-02;91;60;6;3;80;9;6;0;0;12618;7870;597;297;10310;1038;459;0;6
FR;6;2022-06-03;126;102;13;7;128;21;8;0;0;12744;7972;610;304;10438;1059;467;0;6
FR;6;2022-06-04;63;51;10;0;64;12;3;0;0;12807;8023;620;304;10502;1071;470;0;6
FR;6;2022-06-05;16;15;2;1;18;4;1;0;0;12823;8038;622;305;10520;1075;471;0;6
FR;6;2022-06-06;9;6;0;0;8;0;0;0;0;12832;8044;622;305;10528;1075;471;0;6
FR;6;2022-06-07;79;90;3;4;117;8;6;0;0;12911;8134;625;309;10645;1083;477;0;6
FR;6;2022-06-08;92;110;13;5;130;20;6;0;0;13003;8244;638;314;10775;1103;483;0;6
FR;6;2022-06-09;75;81;15;3;106;15;8;0;0;13078;8325;653;317;10881;1118;491;0;6
FR;6;2022-06-10;116;93;26;10;120;22;13;0;0;13194;8418;679;327;11001;1140;504;0;6
FR;6;2022-06-11;83;62;6;10;82;12;11;0;0;13277;8480;685;337;11083;1152;515;0;6
FR;6;2022-06-12;6;14;1;0;16;2;0;0;0;13283;8494;686;337;11099;1154;515;0;6
FR;6;2022-06-13;74;59;18;1;68;7;4;0;0;13357;8553;704;338;11167;1161;519;0;6
FR;6;2022-06-14;98;100;8;5;116;16;8;0;0;13455;8653;712;343;11283;1177;527;0;6
FR;6;2022-06-15;80;86;7;8;114;15;10;0;0;13535;8739;719;351;11397;1192;537;0;6
FR;6;2022-06-16;53;40;11;7;45;14;6;0;0;13588;8779;730;358;11442;1206;543;0;6
FR;6;2022-06-17;86;85;3;13;109;11;5;0;0;13674;8864;733;371;11551;1217;548;0;6
FR;6;2022-06-18;71;62;13;0;88;21;1;0;0;13745;8926;746;371;11639;1238;549;0;6
FR;6;2022-06-19;6;6;3;0;7;4;1;0;0;13751;8932;749;371;11646;1242;550;0;6
FR;6;2022-06-20;42;41;4;1;55;6;1;0;0;13793;8973;753;372;11701;1248;551;0;6
FR;6;2022-06-21;59;73;10;7;83;17;7;0;0;13852;9046;763;379;11784;1265;558;0;6
FR;6;2022-06-22;86;85;8;2;98;17;3;0;0;13938;9131;771;381;11882;1282;561;0;6
FR;6;2022-06-23;64;39;13;7;41;15;10;0;0;14002;9170;784;388;11923;1297;571;0;6
FR;6;2022-06-24;77;85;7;14;95;20;16;0;0;14079;9255;791;402;12018;1317;587;0;6
FR;6;2022-06-25;67;61;4;3;77;8;5;0;0;14146;9316;795;405;12095;1325;592;0;6
FR;6;2022-06-26;6;7;1;0;10;1;0;0;0;14152;9323;796;405;12105;1326;592;0;6
FR;6;2022-06-27;51;50;4;9;62;12;7;0;0;14203;9373;800;414;12167;1338;599;0;6
FR;6;2022-06-28;68;47;6;3;53;15;5;0;0;14271;9420;806;417;12220;1353;604;0;6
FR;6;2022-06-29;98;117;26;37;115;19;35;0;5;14369;9537;832;454;12335;1372;639;0;11
FR;6;2022-06-30;84;60;33;10;61;12;7;0;0;14453;9597;865;464;12396;1384;646;0;11
FR;6;2022-07-01;115;94;25;33;102;18;27;0;1;14568;9691;890;497;12498;1402;673;0;12
FR;6;2022-07-02;58;67;26;2;64;37;6;0;0;14626;9758;916;499;12562;1439;679;0;12
FR;6;2022-07-03;11;4;4;3;5;4;3;0;0;14637;9762;920;502;12567;1443;682;0;12
FR;6;2022-07-04;61;43;3;23;55;13;20;0;0;14698;9805;923;525;12622;1456;702;0;12
FR;6;2022-07-05;65;53;19;67;60;27;63;0;0;14763;9858;942;592;12682;1483;765;0;12
FR;6;2022-07-06;94;64;7;11;78;12;17;0;0;14857;9922;949;603;12760;1495;782;0;12
FR;6;2022-07-07;99;79;42;37;99;14;34;0;4;14956;10001;991;640;12859;1509;816;0;16
FR;6;2022-07-08;139;87;42;27;115;10;25;0;3;15095;10088;1033;667;12974;1519;841;0;19
FR;6;2022-07-09;53;51;16;29;51;27;33;0;1;15148;10139;1049;696;13025;1546;874;0;20
FR;6;2022-07-10;3;7;8;0;9;9;0;0;0;15151;10146;1057;696;13034;1555;874;0;20
FR;6;2022-07-11;54;44;5;4;47;12;4;0;0;15205;10190;1062;700;13081;1567;878;0;20
FR;6;2022-07-12;70;72;12;23;87;12;27;0;0;15275;10262;1074;723;13168;1579;905;0;20
FR;6;2022-07-13;84;65;14;21;71;25;22;0;0;15359;10327;1088;744;13239;1604;927;0;20
FR;6;2022-07-14;4;3;1;0;4;1;0;0;0;15363;10330;1089;744;13243;1605;927;0;20
FR;6;2022-07-15;74;59;9;57;85;16;45;0;0;15437;10389;1098;801;13328;1621;972;0;20
FR;6;2022-07-16;27;31;17;0;37;17;3;0;0;15464;10420;1115;801;13365;1638;975;0;20
FR;6;2022-07-17;3;7;0;0;8;0;0;0;0;15467;10427;1115;801;13373;1638;975;0;20
FR;6;2022-07-18;37;62;11;14;60;15;14;0;6;15504;10489;1126;815;13433;1653;989;0;26
FR;6;2022-07-19;54;48;4;19;60;6;21;0;1;15558;10537;1130;834;13493;1659;1010;0;27
FR;6;2022-07-20;53;70;7;22;75;11;27;0;0;15611;10607;1137;856;13568;1670;1037;0;27
FR;6;2022-07-21;51;61;4;7;56;11;9;0;0;15662;10668;1141;863;13624;1681;1046;0;27
FR;6;2022-07-22;55;74;7;26;82;8;16;0;2;15717;10742;1148;889;13706;1689;1062;0;29
FR;6;2022-07-23;38;40;6;10;40;6;9;0;1;15755;10782;1154;899;13746;1695;1071;0;30
FR;6;2022-07-24;11;14;1;3;19;3;3;0;0;15766;10796;1155;902;13765;1698;1074;0;30
FR;6;2022-07-25;60;44;8;12;41;9;13;0;1;15826;10840;1163;914;13806;1707;1087;0;31
FR;6;2022-07-26;47;64;14;6;62;10;13;0;0;15873;10904;1177;920;13868;1717;1100;0;31
FR;6;2022-07-27;54;78;15;11;80;18;15;0;8;15927;10982;1192;931;13948;1735;1115;0;39
FR;6;2022-07-28;30;48;4;6;50;8;7;0;1;15957;11030;1196;937;13998;1743;1122;0;40
FR;6;2022-07-29;43;71;10;38;60;24;36;0;1;16000;11101;1206;975;14058;1767;1158;0;41
FR;6;2022-07-30;26;48;4;15;49;7;15;0;0;16026;11149;1210;990;14107;1774;1173;0;41
FR;6;2022-07-31;0;1;1;0;1;0;1;0;0;16026;11150;1211;990;14108;1774;1174;0;41
FR;6;2022-08-01;39;36;14;8;32;10;6;0;1;16065;11186;1225;998;14140;1784;1180;0;42
FR;6;2022-08-02;37;46;10;14;52;6;16;0;0;16102;11232;1235;1012;14192;1790;1196;0;42
FR;6;2022-08-03;29;52;7;16;53;11;19;0;0;16131;11284;1242;1028;14245;1801;1215;0;42
FR;6;2022-08-04;25;21;4;9;20;6;10;0;1;16156;11305;1246;1037;14265;1807;1225;0;43
FR;6;2022-08-05;43;45;1;7;54;5;7;0;0;16199;11350;1247;1044;14319;1812;1232;0;43
FR;6;2022-08-06;17;27;1;3;33;2;4;0;0;16216;11377;1248;1047;14352;1814;1236;0;43
FR;6;2022-08-07;1;2;0;0;2;0;0;0;0;16217;11379;1248;1047;14354;1814;1236;0;43
FR;6;2022-08-08;24;33;1;0;40;1;0;0;0;16241;11412;1249;1047;14394;1815;1236;0;43
FR;6;2022-08-09;22;30;6;3;29;3;3;0;0;16263;11442;1255;1050;14423;1818;1239;0;43
FR;6;2022-08-10;32;36;5;9;38;5;9;0;5;16295;11478;1260;1059;14461;1823;1248;0;48
FR;6;2022-08-11;32;33;1;1;40;1;0;0;1;16327;11511;1261;1060;14501;1824;1248;0;49
FR;6;2022-08-12;50;44;6;2;50;15;3;0;1;16377;11555;1267;1062;14551;1839;1251;0;50
FR;6;2022-08-13;9;20;0;0;22;1;0;0;0;16386;11575;1267;1062;14573;1840;1251;0;50
FR;6;2022-08-14;3;1;0;0;2;0;0;0;0;16389;11576;1267;1062;14575;1840;1251;0;50
FR;6;2022-08-15;2;3;1;0;4;0;1;0;0;16391;11579;1268;1062;14579;1840;1252;0;50
FR;6;2022-08-16;35;66;21;7;66;7;2;0;0;16426;11645;1289;1069;14645;1847;1254;0;50
FR;6;2022-08-17;32;44;10;9;41;10;6;0;7;16458;11689;1299;1078;14686;1857;1260;0;57
FR;6;2022-08-18;29;55;14;4;61;4;0;0;1;16487;11744;1313;1082;14747;1861;1260;0;58
FR;6;2022-08-19;30;45;5;4;47;3;2;0;1;16517;11789;1318;1086;14794;1864;1262;0;59
FR;6;2022-08-20;26;28;3;0;27;8;1;0;0;16543;11817;1321;1086;14821;1872;1263;0;59
FR;6;2022-08-21;1;5;2;0;5;0;0;0;0;16544;11822;1323;1086;14826;1872;1263;0;59
FR;6;2022-08-22;20;42;15;1;45;0;0;0;0;16564;11864;1338;1087;14871;1872;1263;0;59
FR;6;2022-08-23;34;45;6;7;47;6;4;0;2;16598;11909;1344;1094;14918;1878;1267;0;61
FR;6;2022-08-24;34;30;6;3;36;6;2;0;3;16632;11939;1350;1097;14954;1884;1269;0;64
FR;6;2022-08-25;25;27;1;1;29;5;1;0;0;16657;11966;1351;1098;14983;1889;1270;0;64
FR;6;2022-08-26;38;44;4;4;51;7;7;0;0;16695;12010;1355;1102;15034;1896;1277;0;64
FR;6;2022-08-27;19;21;7;3;22;8;4;0;0;16714;12031;1362;1105;15056;1904;1281;0;64
FR;6;2022-08-28;6;3;0;6;3;1;1;0;4;16720;12034;1362;1111;15059;1905;1282;0;68
FR;6;2022-08-29;26;22;2;6;29;3;6;0;0;16746;12056;1364;1117;15088;1908;1288;0;68
FR;6;2022-08-30;28;35;4;12;33;8;13;0;0;16774;12091;1368;1129;15121;1916;1301;0;68
FR;6;2022-08-31;35;38;2;11;46;3;12;0;0;16809;12129;1370;1140;15167;1919;1313;0;68
FR;6;2022-09-01;17;11;5;1;13;4;3;0;0;16826;12140;1375;1141;15180;1923;1316;0;68
FR;6;2022-09-02;19;14;2;1;13;3;2;0;0;16845;12154;1377;1142;15193;1926;1318;0;68
FR;6;2022-09-03;10;3;1;5;4;2;5;0;0;16855;12157;1378;1147;15197;1928;1323;0;68
FR;6;2022-09-04;4;1;0;0;1;0;0;0;0;16859;12158;1378;1147;15198;1928;1323;0;68
FR;6;2022-09-05;8;7;0;0;10;0;0;0;0;16867;12165;1378;1147;15208;1928;1323;0;68
FR;6;2022-09-06;7;9;7;12;8;6;15;0;0;16874;12174;1385;1159;15216;1934;1338;0;68
FR;6;2022-09-07;3;8;1;0;8;1;0;0;0;16877;12182;1386;1159;15224;1935;1338;0;68
FR;6;2022-09-08;6;4;0;2;3;1;2;0;0;16883;12186;1386;1161;15227;1936;1340;0;68
FR;6;2022-09-09;7;9;2;7;9;3;8;0;0;16890;12195;1388;1168;15236;1939;1348;0;68
FR;6;2022-09-10;3;4;1;0;3;1;1;0;0;16893;12199;1389;1168;15239;1940;1349;0;68
FR;6;2022-09-11;1;3;0;0;3;0;0;0;0;16894;12202;1389;1168;15242;1940;1349;0;68
FR;6;2022-09-12;10;4;1;0;3;3;0;0;0;16904;12206;1390;1168;15245;1943;1349;0;68
FR;6;2022-09-13;7;2;3;0;2;2;2;0;0;16911;12208;1393;1168;15247;1945;1351;0;68
FR;6;2022-09-14;9;8;2;0;7;4;0;0;0;16920;12216;1395;1168;15254;1949;1351;0;68
FR;6;2022-09-15;8;13;5;5;9;9;3;0;2;16928;12229;1400;1173;15263;1958;1354;0;70
FR;6;2022-09-16;25;39;1;1;47;4;1;0;2;16953;12268;1401;1174;15310;1962;1355;0;72
FR;6;2022-09-17;24;22;0;6;24;5;3;0;2;16977;12290;1401;1180;15334;1967;1358;0;74
FR;6;2022-09-18;5;4;0;0;4;1;0;0;0;16982;12294;1401;1180;15338;1968;1358;0;74
FR;6;2022-09-19;30;30;2;1;32;5;1;0;0;17012;12324;1403;1181;15370;1973;1359;0;74
FR;6;2022-09-20;34;25;1;4;30;6;2;0;1;17046;12349;1404;1185;15400;1979;1361;0;75
FR;6;2022-09-21;21;9;3;3;7;7;5;0;3;17067;12358;1407;1188;15407;1986;1366;0;78
FR;6;2022-09-22;19;28;1;22;32;3;21;0;1;17086;12386;1408;1210;15439;1989;1387;0;79
FR;6;2022-09-23;28;41;5;9;47;9;2;0;0;17114;12427;1413;1219;15486;1998;1389;0;79
FR;6;2022-09-24;16;16;4;2;21;6;2;0;0;17130;12443;1417;1221;15507;2004;1391;0;79
FR;6;2022-09-25;3;14;0;0;14;1;0;0;0;17133;12457;1417;1221;15521;2005;1391;0;79
FR;6;2022-09-26;16;13;0;18;12;5;18;0;2;17149;12470;1417;1239;15533;2010;1409;0;81
FR;6;2022-09-27;32;19;2;3;23;4;4;0;0;17181;12489;1419;1242;15556;2014;1413;0;81
FR;6;2022-09-28;27;10;9;11;16;5;17;0;2;17208;12499;1428;1253;15572;2019;1430;0;83
FR;6;2022-09-29;13;13;10;34;16;6;33;0;7;17221;12512;1438;1287;15588;2025;1463;0;90
FR;6;2022-09-30;34;24;5;6;33;5;3;0;0;17255;12536;1443;1293;15621;2030;1466;0;90
FR;6;2022-10-01;17;12;5;8;9;8;8;0;2;17272;12548;1448;1301;15630;2038;1474;0;92
FR;6;2022-10-02;4;0;0;0;1;0;0;0;0;17276;12548;1448;1301;15631;2038;1474;0;92
FR;6;2022-10-03;11;10;3;5;11;4;6;0;0;17287;12558;1451;1306;15642;2042;1480;0;92
FR;6;2022-10-04;19;17;4;28;21;3;30;0;3;17306;12575;1455;1334;15663;2045;1510;0;95
FR;6;2022-10-05;11;12;3;2;9;7;4;0;0;17317;12587;1458;1336;15672;2052;1514;0;95
FR;6;2022-10-06;19;13;4;6;17;2;10;0;0;17336;12600;1462;1342;15689;2054;1524;0;95
FR;6;2022-10-07;27;26;5;24;24;11;16;0;5;17363;12626;1467;1366;15713;2065;1540;0;100
FR;6;2022-10-08;18;13;0;0;16;0;0;0;0;17381;12639;1467;1366;15729;2065;1540;0;100
FR;6;2022-10-09;7;3;4;27;3;4;30;0;6;17388;12642;1471;1393;15732;2069;1570;0;106
FR;6;2022-10-10;15;14;1;16;16;6;13;0;0;17403;12656;1472;1409;15748;2075;1583;0;106
FR;6;2022-10-11;21;23;3;11;22;8;13;0;3;17424;12679;1475;1420;15770;2083;1596;0;109
FR;6;2022-10-12;20;16;7;19;18;3;24;0;7;17444;12695;1482;1439;15788;2086;1620;0;116
FR;6;2022-10-13;28;15;2;36;23;0;38;0;6;17472;12710;1484;1475;15811;2086;1658;0;122
FR;6;2022-10-14;29;23;5;49;23;11;45;0;13;17501;12733;1489;1524;15834;2097;1703;0;135
FR;6;2022-10-15;13;9;0;22;8;4;21;0;6;17514;12742;1489;1546;15842;2101;1724;0;141
FR;6;2022-10-16;4;5;0;6;2;3;6;0;0;17518;12747;1489;1552;15844;2104;1730;0;141
FR;6;2022-10-17;14;14;2;10;14;1;12;0;2;17532;12761;1491;1562;15858;2105;1742;0;143
FR;6;2022-10-18;12;19;9;26;19;4;18;0;11;17544;12780;1500;1588;15877;2109;1760;0;154
FR;6;2022-10-19;10;20;6;16;20;5;19;0;5;17554;12800;1506;1604;15897;2114;1779;0;159
FR;6;2022-10-20;16;15;12;57;19;5;67;0;13;17570;12815;1518;1661;15916;2119;1846;0;172
FR;6;2022-10-21;16;21;9;34;22;11;37;0;10;17586;12836;1527;1695;15938;2130;1883;0;182
FR;6;2022-10-22;19;14;1;4;17;3;4;0;0;17605;12850;1528;1699;15955;2133;1887;0;182
FR;6;2022-10-23;3;3;1;0;4;0;1;0;0;17608;12853;1529;1699;15959;2133;1888;0;182
FR;6;2022-10-24;12;14;2;7;14;6;5;0;2;17620;12867;1531;1706;15973;2139;1893;0;184
FR;6;2022-10-25;20;13;6;17;16;7;19;0;4;17640;12880;1537;1723;15989;2146;1912;0;188
FR;6;2022-10-26;17;9;4;13;12;4;15;0;5;17657;12889;1541;1736;16001;2150;1927;0;193
FR;6;2022-10-27;20;7;8;37;10;6;36;0;14;17677;12896;1549;1773;16011;2156;1963;0;207
FR;6;2022-10-28;21;27;3;4;28;6;5;0;1;17698;12923;1552;1777;16039;2162;1968;0;208
FR;6;2022-10-29;7;11;5;11;10;6;14;0;12;17705;12934;1557;1788;16049;2168;1982;0;220
FR;6;2022-10-30;2;5;0;0;5;0;0;0;0;17707;12939;1557;1788;16054;2168;1982;0;220
FR;6;2022-10-31;20;14;2;13;17;4;12;0;3;17727;12953;1559;1801;16071;2172;1994;0;223
FR;6;2022-11-01;2;1;1;0;1;1;0;0;0;17729;12954;1560;1801;16072;2173;1994;0;223
FR;6;2022-11-02;15;25;9;21;26;11;19;0;12;17744;12979;1569;1822;16098;2184;2013;0;235
FR;6;2022-11-03;17;17;11;39;20;8;43;0;9;17761;12996;1580;1861;16118;2192;2056;0;244
FR;6;2022-11-04;19;22;9;16;27;5;16;0;10;17780;13018;1589;1877;16145;2197;2072;0;254
FR;6;2022-11-05;9;16;2;4;17;4;6;0;0;17789;13034;1591;1881;16162;2201;2078;0;254
FR;6;2022-11-06;5;1;0;0;1;0;0;0;0;17794;13035;1591;1881;16163;2201;2078;0;254
FR;6;2022-11-07;18;10;6;17;12;4;18;0;11;17812;13045;1597;1898;16175;2205;2096;0;265
FR;6;2022-11-08;18;10;2;3;8;5;5;0;4;17830;13055;1599;1901;16183;2210;2101;0;269
FR;6;2022-11-09;16;22;1;6;21;4;5;0;4;17846;13077;1600;1907;16204;2214;2106;0;273
FR;6;2022-11-10;10;10;4;12;8;5;11;0;10;17856;13087;1604;1919;16212;2219;2117;0;283
FR;6;2022-11-11;4;1;0;0;1;1;0;0;0;17860;13088;1604;1919;16213;2220;2117;0;283
FR;6;2022-11-12;4;11;1;7;11;2;5;0;9;17864;13099;1605;1926;16224;2222;2122;0;292
FR;6;2022-11-13;1;1;0;1;1;0;1;0;0;17865;13100;1605;1927;16225;2222;2123;0;292
FR;6;2022-11-14;13;10;7;32;14;8;33;0;14;17878;13110;1612;1959;16239;2230;2156;0;306
FR;6;2022-11-15;7;18;1;11;16;4;7;0;2;17885;13128;1613;1970;16255;2234;2163;0;308
FR;6;2022-11-16;16;15;9;32;16;3;42;0;9;17901;13143;1622;2002;16271;2237;2205;0;317
FR;6;2022-11-17;10;8;1;29;8;2;28;0;5;17911;13151;1623;2031;16279;2239;2233;0;322
FR;6;2022-11-18;19;12;5;23;17;4;25;0;7;17930;13163;1628;2054;16296;2243;2258;0;329
FR;6;2022-11-19;5;13;0;2;11;3;2;0;1;17935;13176;1628;2056;16307;2246;2260;0;330
FR;6;2022-11-20;2;1;2;0;1;2;0;0;0;17937;13177;1630;2056;16308;2248;2260;0;330
FR;6;2022-11-21;22;13;1;14;14;6;11;0;3;17959;13190;1631;2070;16322;2254;2271;0;333
FR;6;2022-11-22;14;9;0;4;11;1;3;0;1;17973;13199;1631;2074;16333;2255;2274;0;334
FR;6;2022-11-23;14;15;15;23;17;9;31;0;8;17987;13214;1646;2097;16350;2264;2305;0;342
FR;6;2022-11-24;14;17;1;13;19;5;12;0;7;18001;13231;1647;2110;16369;2269;2317;0;349
FR;6;2022-11-25;23;15;5;50;15;5;47;0;5;18024;13246;1652;2160;16384;2274;2364;0;354
FR;6;2022-11-26;9;5;2;4;3;2;5;0;1;18033;13251;1654;2164;16387;2276;2369;0;355
FR;6;2022-11-27;1;4;0;0;4;0;0;0;0;18034;13255;1654;2164;16391;2276;2369;0;355
FR;6;2022-11-28;9;11;6;22;11;3;24;0;11;18043;13266;1660;2186;16402;2279;2393;0;366
FR;6;2022-11-29;15;10;1;12;14;1;8;0;7;18058;13276;1661;2198;16416;2280;2401;0;373
FR;6;2022-11-30;18;20;8;23;19;12;22;0;8;18076;13296;1669;2221;16435;2292;2423;0;381
FR;6;2022-12-01;12;9;7;20;11;4;24;0;9;18088;13305;1676;2241;16446;2296;2447;0;390
FR;6;2022-12-02;17;9;12;36;12;8;42;0;1;18105;13314;1688;2277;16458;2304;2489;0;391
FR;6;2022-12-03;13;3;13;20;6;5;28;0;13;18118;13317;1701;2297;16464;2309;2517;0;404
FR;6;2022-12-04;3;1;0;2;1;0;2;0;0;18121;13318;1701;2299;16465;2309;2519;0;404
FR;6;2022-12-05;11;10;7;16;10;4;19;0;8;18132;13328;1708;2315;16475;2313;2538;0;412
FR;6;2022-12-06;10;19;3;30;12;11;28;0;3;18142;13347;1711;2345;16487;2324;2566;0;415
FR;6;2022-12-07;17;8;10;56;10;8;57;0;30;18159;13355;1721;2401;16497;2332;2623;0;445
FR;6;2022-12-08;9;13;8;19;11;7;21;0;13;18168;13368;1729;2420;16508;2339;2644;0;458
FR;6;2022-12-09;15;9;5;29;12;4;30;0;6;18183;13377;1734;2449;16520;2343;2674;0;464
FR;6;2022-12-10;12;9;6;9;7;4;14;0;7;18195;13386;1740;2458;16527;2347;2688;0;471
FR;6;2022-12-11;4;2;1;0;2;1;0;0;0;18199;13388;1741;2458;16529;2348;2688;0;471
FR;6;2022-12-12;17;10;8;36;14;9;33;0;17;18216;13398;1749;2494;16543;2357;2721;0;488
FR;6;2022-12-13;17;21;12;66;16;18;65;0;14;18233;13419;1761;2560;16559;2375;2786;0;502
FR;6;2022-12-14;14;13;8;53;11;12;53;0;14;18247;13432;1769;2613;16570;2387;2839;0;516
FR;6;2022-12-15;12;15;14;38;13;9;44;0;9;18259;13447;1783;2651;16583;2396;2883;0;525
FR;6;2022-12-16;18;14;15;39;15;14;39;0;13;18277;13461;1798;2690;16598;2410;2922;0;538
FR;6;2022-12-17;11;10;15;28;9;15;29;0;8;18288;13471;1813;2718;16607;2425;2951;0;546
FR;6;2022-12-18;7;4;0;2;5;0;2;0;0;18295;13475;1813;2720;16612;2425;2953;0;546
FR;6;2022-12-19;12;8;9;29;8;12;29;0;15;18307;13483;1822;2749;16620;2437;2982;0;561
FR;6;2022-12-20;17;23;11;23;17;19;22;0;21;18324;13506;1833;2772;16637;2456;3004;0;582
FR;6;2022-12-21;23;16;9;19;13;13;17;0;5;18347;13522;1842;2791;16650;2469;3021;0;587
FR;6;2022-12-22;13;14;9;21;15;13;18;0;11;18360;13536;1851;2812;16665;2482;3039;0;598
FR;6;2022-12-23;10;19;12;7;14;18;7;0;3;18370;13555;1863;2819;16679;2500;3046;0;601
FR;6;2022-12-24;4;5;3;1;5;2;2;0;1;18374;13560;1866;2820;16684;2502;3048;0;602
FR;6;2022-12-25;0;0;0;0;0;0;0;0;0;18374;13560;1866;2820;16684;2502;3048;0;602
FR;6;2022-12-26;8;12;12;11;10;18;11;0;3;18382;13572;1878;2831;16694;2520;3059;0;605
FR;6;2022-12-27;16;13;15;8;11;19;8;0;0;18398;13585;1893;2839;16705;2539;3067;0;605
FR;6;2022-12-28;15;19;6;8;19;9;9;0;4;18413;13604;1899;2847;16724;2548;3076;0;609
FR;6;2022-12-29;15;12;7;8;10;9;9;0;7;18428;13616;1906;2855;16734;2557;3085;0;616
FR;6;2022-12-30;20;19;13;8;20;13;11;0;4;18448;13635;1919;2863;16754;2570;3096;0;620
FR;6;2022-12-31;5;2;6;1;4;7;1;0;1;18453;13637;1925;2864;16758;2577;3097;0;621
FR;6;2023-01-01;2;1;0;3;0;3;0;0;1;18455;13638;1925;2867;16758;2580;3097;0;622
FR;6;2023-01-02;9;14;2;3;10;7;3;0;0;18464;13652;1927;2870;16768;2587;3100;0;622
FR;6;2023-01-03;8;17;9;21;17;9;21;0;7;18472;13669;1936;2891;16785;2596;3121;0;629
FR;6;2023-01-04;9;10;4;10;9;8;6;0;14;18481;13679;1940;2901;16794;2604;3127;0;643
FR;6;2023-01-05;11;11;6;23;10;3;26;0;8;18492;13690;1946;2924;16804;2607;3153;0;651
FR;6;2023-01-06;16;24;15;30;21;17;29;0;15;18508;13714;1961;2954;16825;2624;3182;0;666
FR;6;2023-01-07;9;19;4;1;10;13;3;0;1;18517;13733;1965;2955;16835;2637;3185;0;667
FR;6;2023-01-08;2;7;4;11;6;4;11;0;3;18519;13740;1969;2966;16841;2641;3196;0;670
FR;6;2023-01-09;16;10;5;35;9;8;34;0;17;18535;13750;1974;3001;16850;2649;3230;0;687
FR;6;2023-01-10;13;15;13;23;13;10;26;0;9;18548;13765;1987;3024;16863;2659;3256;0;696
FR;6;2023-01-11;15;14;5;16;18;6;14;0;12;18563;13779;1992;3040;16881;2665;3270;0;708
FR;6;2023-01-12;7;13;2;5;10;3;5;0;12;18570;13792;1994;3045;16891;2668;3275;0;720
FR;6;2023-01-13;20;14;18;43;15;20;43;0;31;18590;13806;2012;3088;16906;2688;3318;0;751
FR;6;2023-01-14;20;8;6;2;9;9;2;0;0;18610;13814;2018;3090;16915;2697;3320;0;751
FR;6;2023-01-15;0;0;1;3;0;1;3;0;0;18610;13814;2019;3093;16915;2698;3323;0;751
FR;6;2023-01-16;22;12;2;1;10;6;3;0;2;18632;13826;2021;3094;16925;2704;3326;0;753
FR;6;2023-01-17;8;17;12;8;17;11;14;0;5;18640;13843;2033;3102;16942;2715;3340;0;758
FR;6;2023-01-18;22;15;9;7;17;10;8;0;1;18662;13858;2042;3109;16959;2725;3348;0;759
FR;6;2023-01-19;9;9;14;9;11;12;13;0;7;18671;13867;2056;3118;16970;2737;3361;0;766
FR;6;2023-01-20;17;13;9;32;15;7;34;0;27;18688;13880;2065;3150;16985;2744;3395;0;793
FR;6;2023-01-21;12;7;5;2;6;8;3;0;1;18700;13887;2070;3152;16991;2752;3398;0;794
FR;6;2023-01-22;0;0;1;1;0;1;1;0;0;18700;13887;2071;3153;16991;2753;3399;0;794
FR;6;2023-01-23;9;9;5;11;8;5;11;0;3;18709;13896;2076;3164;16999;2758;3410;0;797
FR;6;2023-01-24;14;15;15;13;15;14;18;0;6;18723;13911;2091;3177;17014;2772;3428;0;803
FR;6;2023-01-25;15;7;5;3;6;6;4;0;4;18738;13918;2096;3180;17020;2778;3432;0;807
FR;6;2023-01-26;13;15;3;11;12;8;13;0;9;18751;13933;2099;3191;17032;2786;3445;0;816
FR;6;2023-01-27;21;17;7;34;22;7;29;0;29;18772;13950;2106;3225;17054;2793;3474;0;845
FR;6;2023-01-28;15;15;7;4;17;6;5;0;1;18787;13965;2113;3229;17071;2799;3479;0;846
FR;6;2023-01-29;1;4;0;0;3;1;0;0;0;18788;13969;2113;3229;17074;2800;3479;0;846
FR;6;2023-01-30;2;15;8;4;15;8;3;0;8;18790;13984;2121;3233;17089;2808;3482;0;854
FR;6;2023-01-31;9;8;5;8;8;5;8;0;5;18799;13992;2126;3241;17097;2813;3490;0;859
FR;6;2023-02-01;20;18;4;4;17;4;8;0;4;18819;14010;2130;3245;17114;2817;3498;0;863
FR;6;2023-02-02;8;10;9;1;10;10;1;0;1;18827;14020;2139;3246;17124;2827;3499;0;864
FR;6;2023-02-03;16;15;11;18;15;11;19;0;13;18843;14035;2150;3264;17139;2838;3518;0;877
FR;6;2023-02-04;6;9;9;7;11;9;8;0;2;18849;14044;2159;3271;17150;2847;3526;0;879
FR;6;2023-02-05;0;0;0;4;0;0;4;0;0;18849;14044;2159;3275;17150;2847;3530;0;879
FR;6;2023-02-06;10;16;1;4;15;5;4;0;0;18859;14060;2160;3279;17165;2852;3534;0;879
FR;6;2023-02-07;8;9;4;8;9;7;7;0;3;18867;14069;2164;3287;17174;2859;3541;0;882
FR;6;2023-02-08;7;3;3;2;2;6;1;0;1;18874;14072;2167;3289;17176;2865;3542;0;883
FR;6;2023-02-09;6;11;1;6;8;8;2;0;2;18880;14083;2168;3295;17184;2873;3544;0;885
FR;6;2023-02-10;13;21;6;12;15;15;11;0;2;18893;14104;2174;3307;17199;2888;3555;0;887
FR;6;2023-02-11;12;8;7;4;9;3;9;0;5;18905;14112;2181;3311;17208;2891;3564;0;892
FR;6;2023-02-12;0;1;0;0;1;0;0;0;0;18905;14113;2181;3311;17209;2891;3564;0;892
FR;6;2023-02-13;5;6;0;0;6;1;0;0;0;18910;14119;2181;3311;17215;2892;3564;0;892
FR;6;2023-02-14;12;13;3;15;15;4;14;0;0;18922;14132;2184;3326;17230;2896;3578;0;892
FR;6;2023-02-15;8;11;3;2;11;2;2;0;4;18930;14143;2187;3328;17241;2898;3580;0;896
FR;6;2023-02-16;17;8;1;3;18;1;3;0;4;18947;14151;2188;3331;17259;2899;3583;0;900
FR;6;2023-02-17;9;15;3;9;12;8;9;0;5;18956;14166;2191;3340;17271;2907;3592;0;905
FR;6;2023-02-18;10;6;1;1;7;1;1;0;0;18966;14172;2192;3341;17278;2908;3593;0;905
FR;6;2023-02-19;0;0;0;0;0;0;0;0;0;18966;14172;2192;3341;17278;2908;3593;0;905
FR;6;2023-02-20;10;8;3;2;9;5;1;0;0;18976;14180;2195;3343;17287;2913;3594;0;905
FR;6;2023-02-21;9;8;8;5;6;7;8;0;1;18985;14188;2203;3348;17293;2920;3602;0;906
FR;6;2023-02-22;4;13;1;3;13;3;3;0;5;18989;14201;2204;3351;17306;2923;3605;0;911
FR;6;2023-02-23;7;11;6;2;10;6;4;0;1;18996;14212;2210;3353;17316;2929;3609;0;912
FR;6;2023-02-24;9;13;5;21;15;4;19;0;15;19005;14225;2215;3374;17331;2933;3628;0;927
FR;6;2023-02-25;4;5;1;1;6;1;1;0;0;19009;14230;2216;3375;17337;2934;3629;0;927
FR;6;2023-02-26;0;1;0;0;0;1;0;0;0;19009;14231;2216;3375;17337;2935;3629;0;927
FR;6;2023-02-27;10;8;3;1;3;9;0;0;2;19019;14239;2219;3376;17340;2944;3629;0;929
FR;6;2023-02-28;3;8;4;4;9;3;6;0;0;19022;14247;2223;3380;17349;2947;3635;0;929
FR;6;2023-03-01;6;10;3;2;10;4;2;0;0;19028;14257;2226;3382;17359;2951;3637;0;929
FR;6;2023-03-02;8;7;1;3;7;3;2;0;5;19036;14264;2227;3385;17366;2954;3639;0;934
FR;6;2023-03-03;14;12;5;7;11;9;6;0;7;19050;14276;2232;3392;17377;2963;3645;0;941
FR;6;2023-03-04;8;14;1;0;13;3;0;0;0;19058;14290;2233;3392;17390;2966;3645;0;941
FR;6;2023-03-05;4;0;0;0;0;0;0;0;0;19062;14290;2233;3392;17390;2966;3645;0;941
FR;6;2023-03-06;8;12;0;1;11;2;0;0;1;19070;14302;2233;3393;17401;2968;3645;0;942
FR;6;2023-03-07;4;6;0;1;4;3;0;0;5;19074;14308;2233;3394;17405;2971;3645;0;947
FR;6;2023-03-08;3;7;2;0;7;2;0;0;0;19077;14315;2235;3394;17412;2973;3645;0;947
FR;6;2023-03-09;7;6;0;1;6;2;1;0;0;19084;14321;2235;3395;17418;2975;3646;0;947
FR;6;2023-03-10;9;9;2;9;9;2;9;0;9;19093;14330;2237;3404;17427;2977;3655;0;956
FR;6;2023-03-11;13;12;2;0;12;2;2;0;0;19106;14342;2239;3404;17439;2979;3657;0;956
FR;6;2023-03-12;2;0;0;0;1;0;0;0;0;19108;14342;2239;3404;17440;2979;3657;0;956
FR;6;2023-03-13;7;12;4;1;13;2;1;0;2;19115;14354;2243;3405;17453;2981;3658;0;958
FR;6;2023-03-14;5;12;2;0;8;6;0;0;0;19120;14366;2245;3405;17461;2987;3658;0;958
FR;6;2023-03-15;6;4;2;3;5;3;3;0;1;19126;14370;2247;3408;17466;2990;3661;0;959
FR;6;2023-03-16;9;5;2;0;5;3;0;0;0;19135;14375;2249;3408;17471;2993;3661;0;959
FR;6;2023-03-17;10;12;5;5;8;8;5;0;3;19145;14387;2254;3413;17479;3001;3666;0;962
FR;6;2023-03-18;6;2;2;0;3;2;0;0;0;19151;14389;2256;3413;17482;3003;3666;0;962
FR;6;2023-03-19;0;0;1;0;0;0;0;0;0;19151;14389;2257;3413;17482;3003;3666;0;962
FR;6;2023-03-20;2;6;3;7;5;4;5;0;4;19153;14395;2260;3420;17487;3007;3671;0;966
FR;6;2023-03-21;2;1;5;2;1;3;4;0;0;19155;14396;2265;3422;17488;3010;3675;0;966
FR;6;2023-03-22;1;4;3;0;4;3;0;0;3;19156;14400;2268;3422;17492;3013;3675;0;969
FR;6;2023-03-23;3;4;3;2;4;3;2;0;0;19159;14404;2271;3424;17496;3016;3677;0;969
FR;6;2023-03-24;3;9;6;0;9;7;0;0;0;19162;14413;2277;3424;17505;3023;3677;0;969
FR;6;2023-03-25;10;7;0;0;9;0;0;0;0;19172;14420;2277;3424;17514;3023;3677;0;969
FR;6;2023-03-26;1;0;0;0;0;0;0;0;0;19173;14420;2277;3424;17514;3023;3677;0;969
FR;6;2023-03-27;6;9;2;2;8;4;1;0;0;19179;14429;2279;3426;17522;3027;3678;0;969
FR;6;2023-03-28;8;4;2;2;6;2;2;0;2;19187;14433;2281;3428;17528;3029;3680;0;971
FR;6;2023-03-29;4;1;2;0;1;2;0;0;0;19191;14434;2283;3428;17529;3031;3680;0;971
FR;6;2023-03-30;4;7;1;0;5;3;0;0;0;19195;14441;2284;3428;17534;3034;3680;0;971
FR;6;2023-03-31;1;3;3;3;3;3;1;0;7;19196;14444;2287;3431;17537;3037;3681;0;978
FR;6;2023-04-01;5;11;0;0;11;1;0;0;3;19201;14455;2287;3431;17548;3038;3681;0;981
FR;6;2023-04-02;0;0;0;0;0;0;0;0;0;19201;14455;2287;3431;17548;3038;3681;0;981
FR;6;2023-04-03;5;10;0;1;10;2;1;0;2;19206;14465;2287;3432;17558;3040;3682;0;983
FR;6;2023-04-04;5;10;2;4;8;3;5;0;7;19211;14475;2289;3436;17566;3043;3687;0;990
FR;6;2023-04-05;0;7;3;0;7;3;0;0;3;19211;14482;2292;3436;17573;3046;3687;0;993
FR;6;2023-04-06;3;6;4;1;3;7;1;0;2;19214;14488;2296;3437;17576;3053;3688;0;995
FR;6;2023-04-07;11;8;2;0;9;4;0;0;0;19225;14496;2298;3437;17585;3057;3688;0;995
FR;6;2023-04-08;2;1;3;0;1;3;0;0;0;19227;14497;2301;3437;17586;3060;3688;0;995
FR;6;2023-04-09;0;0;0;0;0;0;0;0;0;19227;14497;2301;3437;17586;3060;3688;0;995
FR;6;2023-04-10;0;0;0;0;0;0;0;0;0;19227;14497;2301;3437;17586;3060;3688;0;995
FR;6;2023-04-11;3;8;1;0;6;3;0;0;0;19230;14505;2302;3437;17592;3063;3688;0;995
FR;6;2023-04-12;3;4;2;0;5;2;0;0;4;19233;14509;2304;3437;17597;3065;3688;0;999
FR;6;2023-04-13;1;4;0;0;3;1;0;0;2;19234;14513;2304;3437;17600;3066;3688;0;1001
FR;6;2023-04-14;4;5;0;0;5;0;0;0;1;19238;14518;2304;3437;17605;3066;3688;0;1002
FR;6;2023-04-15;7;2;1;1;4;1;1;0;0;19245;14520;2305;3438;17609;3067;3689;0;1002
FR;6;2023-04-16;0;2;0;0;1;1;0;0;0;19245;14522;2305;3438;17610;3068;3689;0;1002
FR;6;2023-04-17;4;8;2;0;8;2;0;0;0;19249;14530;2307;3438;17618;3070;3689;0;1002
FR;6;2023-04-18;3;2;1;0;2;1;0;0;1;19252;14532;2308;3438;17620;3071;3689;0;1003
FR;6;2023-04-19;1;3;0;0;2;1;0;0;0;19253;14535;2308;3438;17622;3072;3689;0;1003
FR;6;2023-04-20;5;4;0;0;3;2;0;0;0;19258;14539;2308;3438;17625;3074;3689;0;1003
FR;6;2023-04-21;7;3;2;3;1;5;3;0;1;19265;14542;2310;3441;17626;3079;3692;0;1004
FR;6;2023-04-22;3;3;3;0;1;5;0;0;0;19268;14545;2313;3441;17627;3084;3692;0;1004
FR;6;2023-04-23;0;2;0;0;1;1;0;0;0;19268;14547;2313;3441;17628;3085;3692;0;1004
FR;6;2023-04-24;2;8;0;1;5;3;1;0;0;19270;14555;2313;3442;17633;3088;3693;0;1004
FR;6;2023-04-25;5;2;0;1;2;0;1;0;1;19275;14557;2313;3443;17635;3088;3694;0;1005
FR;6;2023-04-26;7;5;1;0;4;2;0;0;2;19282;14562;2314;3443;17639;3090;3694;0;1007
FR;6;2023-04-27;8;9;2;0;9;3;1;0;3;19290;14571;2316;3443;17648;3093;3695;0;1010
FR;6;2023-04-28;5;4;0;1;4;0;1;0;2;19295;14575;2316;3444;17652;3093;3696;0;1012
FR;6;2023-04-29;7;3;2;0;4;2;1;0;0;19302;14578;2318;3444;17656;3095;3697;0;1012
FR;6;2023-04-30;0;0;0;0;0;0;0;0;0;19302;14578;2318;3444;17656;3095;3697;0;1012
FR;6;2023-05-01;0;0;0;0;0;0;0;0;0;19302;14578;2318;3444;17656;3095;3697;0;1012
FR;6;2023-05-02;3;3;3;0;3;2;1;0;0;19305;14581;2321;3444;17659;3097;3698;0;1012
FR;6;2023-05-03;0;3;0;0;2;1;0;0;2;19305;14584;2321;3444;17661;3098;3698;0;1014
FR;6;2023-05-04;3;4;7;0;5;6;3;0;1;19308;14588;2328;3444;17666;3104;3701;0;1015
FR;6;2023-05-05;3;2;0;0;3;0;0;0;0;19311;14590;2328;3444;17669;3104;3701;0;1015
FR;6;2023-05-06;0;2;1;1;1;2;1;0;0;19311;14592;2329;3445;17670;3106;3702;0;1015
FR;6;2023-05-07;1;0;0;0;0;0;0;0;0;19312;14592;2329;3445;17670;3106;3702;0;1015
FR;6;2023-05-08;0;0;7;0;0;3;4;0;0;19312;14592;2336;3445;17670;3109;3706;0;1015
FR;6;2023-05-09;5;4;2;1;6;2;1;0;0;19317;14596;2338;3446;17676;3111;3707;0;1015
FR;6;2023-05-10;5;2;2;0;3;1;1;0;0;19322;14598;2340;3446;17679;3112;3708;0;1015
FR;6;2023-05-11;2;3;3;1;3;4;2;0;2;19324;14601;2343;3447;17682;3116;3710;0;1017
FR;6;2023-05-12;1;2;0;0;3;0;0;0;1;19325;14603;2343;3447;17685;3116;3710;0;1018
FR;6;2023-05-13;0;3;2;0;1;2;2;0;2;19325;14606;2345;3447;17686;3118;3712;0;1020
FR;6;2023-05-14;0;0;0;0;0;0;0;0;0;19325;14606;2345;3447;17686;3118;3712;0;1020
FR;6;2023-05-15;2;3;2;0;2;3;0;0;0;19327;14609;2347;3447;17688;3121;3712;0;1020
FR;6;2023-05-16;2;5;1;0;5;1;0;0;1;19329;14614;2348;3447;17693;3122;3712;0;1021
FR;8;2020-12-27;0;0;0;0;0;0;0;0;0;0;0;0;0;0;0;0;0;0
FR;8;2020-12-28;0;0;0;0;0;0;0;0;0;0;0;0;0;0;0;0;0;0
FR;8;2020-12-29;0;0;0;0;0;0;0;0;0;0;0;0;0;0;0;0;0;0
FR;8;2020-12-30;0;0;0;0;0;0;0;0;0;0;0;0;0;0;0;0;0;0
FR;8;2020-12-31;0;0;0;0;0;0;0;0;0;0;0;0;0;0;0;0;0;0
FR;8;2021-01-01;0;0;0;0;0;0;0;0;0;0;0;0;0;0;0;0;0;0
FR;8;2021-01-02;0;0;0;0;0;0;0;0;0;0;0;0;0;0;0;0;0;0
FR;8;2021-01-03;0;0;0;0;0;0;0;0;0;0;0;0;0;0;0;0;0;0
FR;8;2021-01-04;0;0;0;0;0;0;0;0;0;0;0;0;0;0;0;0;0;0
FR;8;2021-01-05;0;0;0;0;0;0;0;0;0;0;0;0;0;0;0;0;0;0
FR;8;2021-01-06;0;0;0;0;0;0;0;0;0;0;0;0;0;0;0;0;0;0
FR;8;2021-01-07;0;0;0;0;0;0;0;0;0;0;0;0;0;0;0;0;0;0
FR;8;2021-01-08;0;0;0;0;0;0;0;0;0;0;0;0;0;0;0;0;0;0
FR;8;2021-01-09;0;0;0;0;0;0;0;0;0;0;0;0;0;0;0;0;0;0
FR;8;2021-01-10;0;0;0;0;0;0;0;0;0;0;0;0;0;0;0;0;0;0
FR;8;2021-01-11;0;0;0;0;0;0;0;0;0;0;0;0;0;0;0;0;0;0
FR;8;2021-01-12;0;0;0;0;0;0;0;0;0;0;0;0;0;0;0;0;0;0
FR;8;2021-01-13;0;0;0;0;0;0;0;0;0;0;0;0;0;0;0;0;0;0
FR;8;2021-01-14;0;0;0;0;0;0;0;0;0;0;0;0;0;0;0;0;0;0
FR;8;2021-01-15;0;0;0;0;0;0;0;0;0;0;0;0;0;0;0;0;0;0
FR;8;2021-01-16;0;0;0;0;0;0;0;0;0;0;0;0;0;0;0;0;0;0
FR;8;2021-01-17;0;0;0;0;0;0;0;0;0;0;0;0;0;0;0;0;0;0
FR;8;2021-01-18;0;0;0;0;0;0;0;0;0;0;0;0;0;0;0;0;0;0
FR;8;2021-01-19;0;0;0;0;0;0;0;0;0;0;0;0;0;0;0;0;0;0
FR;8;2021-01-20;0;0;0;0;0;0;0;0;0;0;0;0;0;0;0;0;0;0
FR;8;2021-01-21;0;0;0;0;0;0;0;0;0;0;0;0;0;0;0;0;0;0
FR;8;2021-01-22;0;0;0;0;0;0;0;0;0;0;0;0;0;0;0;0;0;0
FR;8;2021-01-23;0;0;0;0;0;0;0;0;0;0;0;0;0;0;0;0;0;0
FR;8;2021-01-24;0;0;0;0;0;0;0;0;0;0;0;0;0;0;0;0;0;0
FR;8;2021-01-25;0;0;0;0;0;0;0;0;0;0;0;0;0;0;0;0;0;0
FR;8;2021-01-26;0;0;0;0;0;0;0;0;0;0;0;0;0;0;0;0;0;0
FR;8;2021-01-27;0;0;0;0;0;0;0;0;0;0;0;0;0;0;0;0;0;0
FR;8;2021-01-28;0;0;0;0;0;0;0;0;0;0;0;0;0;0;0;0;0;0
FR;8;2021-01-29;0;0;0;0;0;0;0;0;0;0;0;0;0;0;0;0;0;0
FR;8;2021-01-30;0;0;0;0;0;0;0;0;0;0;0;0;0;0;0;0;0;0
FR;8;2021-01-31;0;0;0;0;0;0;0;0;0;0;0;0;0;0;0;0;0;0
FR;8;2021-02-01;0;0;0;0;0;0;0;0;0;0;0;0;0;0;0;0;0;0
FR;8;2021-02-02;0;0;0;0;0;0;0;0;0;0;0;0;0;0;0;0;0;0
FR;8;2021-02-03;0;0;0;0;0;0;0;0;0;0;0;0;0;0;0;0;0;0
FR;8;2021-02-04;0;0;0;0;0;0;0;0;0;0;0;0;0;0;0;0;0;0
FR;8;2021-02-05;0;0;0;0;0;0;0;0;0;0;0;0;0;0;0;0;0;0
FR;8;2021-02-06;0;0;0;0;0;0;0;0;0;0;0;0;0;0;0;0;0;0
FR;8;2021-02-07;0;0;0;0;0;0;0;0;0;0;0;0;0;0;0;0;0;0
FR;8;2021-02-08;0;0;0;0;0;0;0;0;0;0;0;0;0;0;0;0;0;0
FR;8;2021-02-09;0;0;0;0;0;0;0;0;0;0;0;0;0;0;0;0;0;0
FR;8;2021-02-10;0;0;0;0;0;0;0;0;0;0;0;0;0;0;0;0;0;0
FR;8;2021-02-11;0;0;0;0;0;0;0;0;0;0;0;0;0;0;0;0;0;0
FR;8;2021-02-12;0;0;0;0;0;0;0;0;0;0;0;0;0;0;0;0;0;0
FR;8;2021-02-13;0;0;0;0;0;0;0;0;0;0;0;0;0;0;0;0;0;0
FR;8;2021-02-14;0;0;0;0;0;0;0;0;0;0;0;0;0;0;0;0;0;0
FR;8;2021-02-15;0;0;0;0;0;0;0;0;0;0;0;0;0;0;0;0;0;0
FR;8;2021-02-16;0;0;0;0;0;0;0;0;0;0;0;0;0;0;0;0;0;0
FR;8;2021-02-17;0;0;0;0;0;0;0;0;0;0;0;0;0;0;0;0;0;0
FR;8;2021-02-18;0;0;0;0;0;0;0;0;0;0;0;0;0;0;0;0;0;0
FR;8;2021-02-19;0;0;0;0;0;0;0;0;0;0;0;0;0;0;0;0;0;0
FR;8;2021-02-20;0;0;0;0;0;0;0;0;0;0;0;0;0;0;0;0;0;0
FR;8;2021-02-21;0;0;0;0;0;0;0;0;0;0;0;0;0;0;0;0;0;0
FR;8;2021-02-22;0;0;0;0;0;0;0;0;0;0;0;0;0;0;0;0;0;0
FR;8;2021-02-23;0;0;0;0;0;0;0;0;0;0;0;0;0;0;0;0;0;0
FR;8;2021-02-24;0;0;0;0;0;0;0;0;0;0;0;0;0;0;0;0;0;0
FR;8;2021-02-25;0;0;0;0;0;0;0;0;0;0;0;0;0;0;0;0;0;0
FR;8;2021-02-26;0;0;0;0;0;0;0;0;0;0;0;0;0;0;0;0;0;0
FR;8;2021-02-27;0;0;0;0;0;0;0;0;0;0;0;0;0;0;0;0;0;0
FR;8;2021-02-28;0;0;0;0;0;0;0;0;0;0;0;0;0;0;0;0;0;0
FR;8;2021-03-01;0;0;0;0;0;0;0;0;0;0;0;0;0;0;0;0;0;0
FR;8;2021-03-02;0;0;0;0;0;0;0;0;0;0;0;0;0;0;0;0;0;0
FR;8;2021-03-03;0;0;0;0;0;0;0;0;0;0;0;0;0;0;0;0;0;0
FR;8;2021-03-04;0;0;0;0;0;0;0;0;0;0;0;0;0;0;0;0;0;0
FR;8;2021-03-05;0;0;0;0;0;0;0;0;0;0;0;0;0;0;0;0;0;0
FR;8;2021-03-06;0;0;0;0;0;0;0;0;0;0;0;0;0;0;0;0;0;0
FR;8;2021-03-07;0;0;0;0;0;0;0;0;0;0;0;0;0;0;0;0;0;0
FR;8;2021-03-08;0;0;0;0;0;0;0;0;0;0;0;0;0;0;0;0;0;0
FR;8;2021-03-09;0;0;0;0;0;0;0;0;0;0;0;0;0;0;0;0;0;0
FR;8;2021-03-10;0;0;0;0;0;0;0;0;0;0;0;0;0;0;0;0;0;0
FR;8;2021-03-11;0;0;0;0;0;0;0;0;0;0;0;0;0;0;0;0;0;0
FR;8;2021-03-12;0;0;0;0;0;0;0;0;0;0;0;0;0;0;0;0;0;0
FR;8;2021-03-13;0;0;0;0;0;0;0;0;0;0;0;0;0;0;0;0;0;0
FR;8;2021-03-14;0;0;0;0;0;0;0;0;0;0;0;0;0;0;0;0;0;0
FR;8;2021-03-15;0;0;0;0;0;0;0;0;0;0;0;0;0;0;0;0;0;0
FR;8;2021-03-16;0;0;0;0;0;0;0;0;0;0;0;0;0;0;0;0;0;0
FR;8;2021-03-17;0;0;0;0;0;0;0;0;0;0;0;0;0;0;0;0;0;0
FR;8;2021-03-18;0;0;0;0;0;0;0;0;0;0;0;0;0;0;0;0;0;0
FR;8;2021-03-19;0;0;0;0;0;0;0;0;0;0;0;0;0;0;0;0;0;0
FR;8;2021-03-20;0;0;0;0;0;0;0;0;0;0;0;0;0;0;0;0;0;0
FR;8;2021-03-21;0;0;0;0;0;0;0;0;0;0;0;0;0;0;0;0;0;0
FR;8;2021-03-22;0;0;0;0;0;0;0;0;0;0;0;0;0;0;0;0;0;0
FR;8;2021-03-23;0;0;0;0;0;0;0;0;0;0;0;0;0;0;0;0;0;0
FR;8;2021-03-24;0;0;0;0;0;0;0;0;0;0;0;0;0;0;0;0;0;0
FR;8;2021-03-25;0;0;0;0;0;0;0;0;0;0;0;0;0;0;0;0;0;0
FR;8;2021-03-26;0;0;0;0;0;0;0;0;0;0;0;0;0;0;0;0;0;0
FR;8;2021-03-27;0;0;0;0;0;0;0;0;0;0;0;0;0;0;0;0;0;0
FR;8;2021-03-28;0;0;0;0;0;0;0;0;0;0;0;0;0;0;0;0;0;0
FR;8;2021-03-29;0;0;0;0;0;0;0;0;0;0;0;0;0;0;0;0;0;0
FR;8;2021-03-30;0;0;0;0;0;0;0;0;0;0;0;0;0;0;0;0;0;0
FR;8;2021-03-31;0;0;0;0;0;0;0;0;0;0;0;0;0;0;0;0;0;0
FR;8;2021-04-01;0;0;0;0;0;0;0;0;0;0;0;0;0;0;0;0;0;0
FR;8;2021-04-02;0;0;0;0;0;0;0;0;0;0;0;0;0;0;0;0;0;0
FR;8;2021-04-03;0;0;0;0;0;0;0;0;0;0;0;0;0;0;0;0;0;0
FR;8;2021-04-04;0;0;0;0;0;0;0;0;0;0;0;0;0;0;0;0;0;0
FR;8;2021-04-05;0;0;0;0;0;0;0;0;0;0;0;0;0;0;0;0;0;0
FR;8;2021-04-06;0;0;0;0;0;0;0;0;0;0;0;0;0;0;0;0;0;0
FR;8;2021-04-07;0;0;0;0;0;0;0;0;0;0;0;0;0;0;0;0;0;0
FR;8;2021-04-08;0;0;0;0;0;0;0;0;0;0;0;0;0;0;0;0;0;0
FR;8;2021-04-09;0;0;0;0;0;0;0;0;0;0;0;0;0;0;0;0;0;0
FR;8;2021-04-10;0;0;0;0;0;0;0;0;0;0;0;0;0;0;0;0;0;0
FR;8;2021-04-11;0;0;0;0;0;0;0;0;0;0;0;0;0;0;0;0;0;0
FR;8;2021-04-12;0;0;0;0;0;0;0;0;0;0;0;0;0;0;0;0;0;0
FR;8;2021-04-13;0;0;0;0;0;0;0;0;0;0;0;0;0;0;0;0;0;0
FR;8;2021-04-14;0;0;0;0;0;0;0;0;0;0;0;0;0;0;0;0;0;0
FR;8;2021-04-15;0;0;0;0;0;0;0;0;0;0;0;0;0;0;0;0;0;0
FR;8;2021-04-16;0;0;0;0;0;0;0;0;0;0;0;0;0;0;0;0;0;0
FR;8;2021-04-17;0;0;0;0;0;0;0;0;0;0;0;0;0;0;0;0;0;0
FR;8;2021-04-18;0;0;0;0;0;0;0;0;0;0;0;0;0;0;0;0;0;0
FR;8;2021-04-19;0;0;0;0;0;0;0;0;0;0;0;0;0;0;0;0;0;0
FR;8;2021-04-20;0;0;0;0;0;0;0;0;0;0;0;0;0;0;0;0;0;0
FR;8;2021-04-21;0;0;0;0;0;0;0;0;0;0;0;0;0;0;0;0;0;0
FR;8;2021-04-22;0;0;0;0;0;0;0;0;0;0;0;0;0;0;0;0;0;0
FR;8;2021-04-23;0;0;0;0;0;0;0;0;0;0;0;0;0;0;0;0;0;0
FR;8;2021-04-24;0;0;0;0;0;0;0;0;0;0;0;0;0;0;0;0;0;0
FR;8;2021-04-25;0;0;0;0;0;0;0;0;0;0;0;0;0;0;0;0;0;0
FR;8;2021-04-26;0;0;0;0;0;0;0;0;0;0;0;0;0;0;0;0;0;0
FR;8;2021-04-27;0;0;0;0;0;0;0;0;0;0;0;0;0;0;0;0;0;0
FR;8;2021-04-28;0;0;0;0;0;0;0;0;0;0;0;0;0;0;0;0;0;0
FR;8;2021-04-29;0;0;0;0;0;0;0;0;0;0;0;0;0;0;0;0;0;0
FR;8;2021-04-30;0;0;0;0;0;0;0;0;0;0;0;0;0;0;0;0;0;0
FR;8;2021-05-01;0;0;0;0;0;0;0;0;0;0;0;0;0;0;0;0;0;0
FR;8;2021-05-02;0;0;0;0;0;0;0;0;0;0;0;0;0;0;0;0;0;0
FR;8;2021-05-03;0;0;0;0;0;0;0;0;0;0;0;0;0;0;0;0;0;0
FR;8;2021-05-04;0;0;0;0;0;0;0;0;0;0;0;0;0;0;0;0;0;0
FR;8;2021-05-05;0;0;0;0;0;0;0;0;0;0;0;0;0;0;0;0;0;0
FR;8;2021-05-06;0;0;0;0;0;0;0;0;0;0;0;0;0;0;0;0;0;0
FR;8;2021-05-07;0;0;0;0;0;0;0;0;0;0;0;0;0;0;0;0;0;0
FR;8;2021-05-08;0;0;0;0;0;0;0;0;0;0;0;0;0;0;0;0;0;0
FR;8;2021-05-09;0;0;0;0;0;0;0;0;0;0;0;0;0;0;0;0;0;0
FR;8;2021-05-10;0;0;0;0;0;0;0;0;0;0;0;0;0;0;0;0;0;0
FR;8;2021-05-11;0;0;0;0;0;0;0;0;0;0;0;0;0;0;0;0;0;0
FR;8;2021-05-12;0;0;0;0;0;0;0;0;0;0;0;0;0;0;0;0;0;0
FR;8;2021-05-13;0;0;0;0;0;0;0;0;0;0;0;0;0;0;0;0;0;0
FR;8;2021-05-14;0;0;0;0;0;0;0;0;0;0;0;0;0;0;0;0;0;0
FR;8;2021-05-15;0;0;0;0;0;0;0;0;0;0;0;0;0;0;0;0;0;0
FR;8;2021-05-16;0;0;0;0;0;0;0;0;0;0;0;0;0;0;0;0;0;0
FR;8;2021-05-17;0;0;0;0;0;0;0;0;0;0;0;0;0;0;0;0;0;0
FR;8;2021-05-18;0;0;0;0;0;0;0;0;0;0;0;0;0;0;0;0;0;0
FR;8;2021-05-19;0;0;0;0;0;0;0;0;0;0;0;0;0;0;0;0;0;0
FR;8;2021-05-20;0;0;0;0;0;0;0;0;0;0;0;0;0;0;0;0;0;0
FR;8;2021-05-21;0;0;0;0;0;0;0;0;0;0;0;0;0;0;0;0;0;0
FR;8;2021-05-22;0;0;0;0;0;0;0;0;0;0;0;0;0;0;0;0;0;0
FR;8;2021-05-23;0;0;0;0;0;0;0;0;0;0;0;0;0;0;0;0;0;0
FR;8;2021-05-24;0;0;0;0;0;0;0;0;0;0;0;0;0;0;0;0;0;0
FR;8;2021-05-25;0;0;0;0;0;0;0;0;0;0;0;0;0;0;0;0;0;0
FR;8;2021-05-26;0;0;0;0;0;0;0;0;0;0;0;0;0;0;0;0;0;0
FR;8;2021-05-27;0;0;0;0;0;0;0;0;0;0;0;0;0;0;0;0;0;0
FR;8;2021-05-28;0;0;0;0;0;0;0;0;0;0;0;0;0;0;0;0;0;0
FR;8;2021-05-29;0;0;0;0;0;0;0;0;0;0;0;0;0;0;0;0;0;0
FR;8;2021-05-30;0;0;0;0;0;0;0;0;0;0;0;0;0;0;0;0;0;0
FR;8;2021-05-31;0;0;0;0;0;0;0;0;0;0;0;0;0;0;0;0;0;0
FR;8;2021-06-01;0;0;0;0;0;0;0;0;0;0;0;0;0;0;0;0;0;0
FR;8;2021-06-02;0;0;0;0;0;0;0;0;0;0;0;0;0;0;0;0;0;0
FR;8;2021-06-03;0;0;0;0;0;0;0;0;0;0;0;0;0;0;0;0;0;0
FR;8;2021-06-04;0;0;0;0;0;0;0;0;0;0;0;0;0;0;0;0;0;0
FR;8;2021-06-05;0;0;0;0;0;0;0;0;0;0;0;0;0;0;0;0;0;0
FR;8;2021-06-06;0;0;0;0;0;0;0;0;0;0;0;0;0;0;0;0;0;0
FR;8;2021-06-07;0;0;0;0;0;0;0;0;0;0;0;0;0;0;0;0;0;0
FR;8;2021-06-08;0;0;0;0;0;0;0;0;0;0;0;0;0;0;0;0;0;0
FR;8;2021-06-09;0;0;0;0;0;0;0;0;0;0;0;0;0;0;0;0;0;0
FR;8;2021-06-10;0;0;0;0;0;0;0;0;0;0;0;0;0;0;0;0;0;0
FR;8;2021-06-11;0;0;0;0;0;0;0;0;0;0;0;0;0;0;0;0;0;0
FR;8;2021-06-12;0;0;0;0;0;0;0;0;0;0;0;0;0;0;0;0;0;0
FR;8;2021-06-13;0;0;0;0;0;0;0;0;0;0;0;0;0;0;0;0;0;0
FR;8;2021-06-14;0;0;0;0;0;0;0;0;0;0;0;0;0;0;0;0;0;0
FR;8;2021-06-15;0;0;0;0;0;0;0;0;0;0;0;0;0;0;0;0;0;0
FR;8;2021-06-16;0;0;0;0;0;0;0;0;0;0;0;0;0;0;0;0;0;0
FR;8;2021-06-17;0;0;0;0;0;0;0;0;0;0;0;0;0;0;0;0;0;0
FR;8;2021-06-18;0;0;0;0;0;0;0;0;0;0;0;0;0;0;0;0;0;0
FR;8;2021-06-19;0;0;0;0;0;0;0;0;0;0;0;0;0;0;0;0;0;0
FR;8;2021-06-20;0;0;0;0;0;0;0;0;0;0;0;0;0;0;0;0;0;0
FR;8;2021-06-21;0;0;0;0;0;0;0;0;0;0;0;0;0;0;0;0;0;0
FR;8;2021-06-22;0;0;0;0;0;0;0;0;0;0;0;0;0;0;0;0;0;0
FR;8;2021-06-23;0;0;0;0;0;0;0;0;0;0;0;0;0;0;0;0;0;0
FR;8;2021-06-24;0;0;0;0;0;0;0;0;0;0;0;0;0;0;0;0;0;0
FR;8;2021-06-25;0;0;0;0;0;0;0;0;0;0;0;0;0;0;0;0;0;0
FR;8;2021-06-26;0;0;0;0;0;0;0;0;0;0;0;0;0;0;0;0;0;0
FR;8;2021-06-27;0;0;0;0;0;0;0;0;0;0;0;0;0;0;0;0;0;0
FR;8;2021-06-28;0;0;0;0;0;0;0;0;0;0;0;0;0;0;0;0;0;0
FR;8;2021-06-29;0;0;0;0;0;0;0;0;0;0;0;0;0;0;0;0;0;0
FR;8;2021-06-30;0;0;0;0;0;0;0;0;0;0;0;0;0;0;0;0;0;0
FR;8;2021-07-01;0;0;0;0;0;0;0;0;0;0;0;0;0;0;0;0;0;0
FR;8;2021-07-02;0;0;0;0;0;0;0;0;0;0;0;0;0;0;0;0;0;0
FR;8;2021-07-03;0;0;0;0;0;0;0;0;0;0;0;0;0;0;0;0;0;0
FR;8;2021-07-04;0;0;0;0;0;0;0;0;0;0;0;0;0;0;0;0;0;0
FR;8;2021-07-05;0;0;0;0;0;0;0;0;0;0;0;0;0;0;0;0;0;0
FR;8;2021-07-06;0;0;0;0;0;0;0;0;0;0;0;0;0;0;0;0;0;0
FR;8;2021-07-07;0;0;0;0;0;0;0;0;0;0;0;0;0;0;0;0;0;0
FR;8;2021-07-08;0;0;0;0;0;0;0;0;0;0;0;0;0;0;0;0;0;0
FR;8;2021-07-09;0;0;0;0;0;0;0;0;0;0;0;0;0;0;0;0;0;0
FR;8;2021-07-10;0;0;0;0;0;0;0;0;0;0;0;0;0;0;0;0;0;0
FR;8;2021-07-11;0;0;0;0;0;0;0;0;0;0;0;0;0;0;0;0;0;0
FR;8;2021-07-12;0;0;0;0;0;0;0;0;0;0;0;0;0;0;0;0;0;0
FR;8;2021-07-13;0;0;0;0;0;0;0;0;0;0;0;0;0;0;0;0;0;0
FR;8;2021-07-14;0;0;0;0;0;0;0;0;0;0;0;0;0;0;0;0;0;0
FR;8;2021-07-15;0;0;0;0;0;0;0;0;0;0;0;0;0;0;0;0;0;0
FR;8;2021-07-16;0;0;0;0;0;0;0;0;0;0;0;0;0;0;0;0;0;0
FR;8;2021-07-17;0;0;0;0;0;0;0;0;0;0;0;0;0;0;0;0;0;0
FR;8;2021-07-18;0;0;0;0;0;0;0;0;0;0;0;0;0;0;0;0;0;0
FR;8;2021-07-19;0;0;0;0;0;0;0;0;0;0;0;0;0;0;0;0;0;0
FR;8;2021-07-20;0;0;0;0;0;0;0;0;0;0;0;0;0;0;0;0;0;0
FR;8;2021-07-21;0;0;0;0;0;0;0;0;0;0;0;0;0;0;0;0;0;0
FR;8;2021-07-22;0;0;0;0;0;0;0;0;0;0;0;0;0;0;0;0;0;0
FR;8;2021-07-23;0;0;0;0;0;0;0;0;0;0;0;0;0;0;0;0;0;0
FR;8;2021-07-24;0;0;0;0;0;0;0;0;0;0;0;0;0;0;0;0;0;0
FR;8;2021-07-25;0;0;0;0;0;0;0;0;0;0;0;0;0;0;0;0;0;0
FR;8;2021-07-26;0;0;0;0;0;0;0;0;0;0;0;0;0;0;0;0;0;0
FR;8;2021-07-27;0;0;0;0;0;0;0;0;0;0;0;0;0;0;0;0;0;0
FR;8;2021-07-28;0;0;0;0;0;0;0;0;0;0;0;0;0;0;0;0;0;0
FR;8;2021-07-29;0;0;0;0;0;0;0;0;0;0;0;0;0;0;0;0;0;0
FR;8;2021-07-30;0;0;0;0;0;0;0;0;0;0;0;0;0;0;0;0;0;0
FR;8;2021-07-31;0;0;0;0;0;0;0;0;0;0;0;0;0;0;0;0;0;0
FR;8;2021-08-01;0;0;0;0;0;0;0;0;0;0;0;0;0;0;0;0;0;0
FR;8;2021-08-02;0;0;0;0;0;0;0;0;0;0;0;0;0;0;0;0;0;0
FR;8;2021-08-03;0;0;0;0;0;0;0;0;0;0;0;0;0;0;0;0;0;0
FR;8;2021-08-04;0;0;0;0;0;0;0;0;0;0;0;0;0;0;0;0;0;0
FR;8;2021-08-05;0;0;0;0;0;0;0;0;0;0;0;0;0;0;0;0;0;0
FR;8;2021-08-06;0;0;0;0;0;0;0;0;0;0;0;0;0;0;0;0;0;0
FR;8;2021-08-07;0;0;0;0;0;0;0;0;0;0;0;0;0;0;0;0;0;0
FR;8;2021-08-08;0;0;0;0;0;0;0;0;0;0;0;0;0;0;0;0;0;0
FR;8;2021-08-09;0;0;0;0;0;0;0;0;0;0;0;0;0;0;0;0;0;0
FR;8;2021-08-10;0;0;0;0;0;0;0;0;0;0;0;0;0;0;0;0;0;0
FR;8;2021-08-11;0;0;0;0;0;0;0;0;0;0;0;0;0;0;0;0;0;0
FR;8;2021-08-12;0;0;0;0;0;0;0;0;0;0;0;0;0;0;0;0;0;0
FR;8;2021-08-13;0;0;0;0;0;0;0;0;0;0;0;0;0;0;0;0;0;0
FR;8;2021-08-14;0;0;0;0;0;0;0;0;0;0;0;0;0;0;0;0;0;0
FR;8;2021-08-15;0;0;0;0;0;0;0;0;0;0;0;0;0;0;0;0;0;0
FR;8;2021-08-16;0;0;0;0;0;0;0;0;0;0;0;0;0;0;0;0;0;0
FR;8;2021-08-17;0;0;0;0;0;0;0;0;0;0;0;0;0;0;0;0;0;0
FR;8;2021-08-18;0;0;0;0;0;0;0;0;0;0;0;0;0;0;0;0;0;0
FR;8;2021-08-19;0;0;0;0;0;0;0;0;0;0;0;0;0;0;0;0;0;0
FR;8;2021-08-20;0;0;0;0;0;0;0;0;0;0;0;0;0;0;0;0;0;0
FR;8;2021-08-21;0;0;0;0;0;0;0;0;0;0;0;0;0;0;0;0;0;0
FR;8;2021-08-22;0;0;0;0;0;0;0;0;0;0;0;0;0;0;0;0;0;0
FR;8;2021-08-23;0;0;0;0;0;0;0;0;0;0;0;0;0;0;0;0;0;0
FR;8;2021-08-24;0;0;0;0;0;0;0;0;0;0;0;0;0;0;0;0;0;0
FR;8;2021-08-25;0;0;0;0;0;0;0;0;0;0;0;0;0;0;0;0;0;0
FR;8;2021-08-26;0;0;0;0;0;0;0;0;0;0;0;0;0;0;0;0;0;0
FR;8;2021-08-27;0;0;0;0;0;0;0;0;0;0;0;0;0;0;0;0;0;0
FR;8;2021-08-28;0;0;0;0;0;0;0;0;0;0;0;0;0;0;0;0;0;0
FR;8;2021-08-29;0;0;0;0;0;0;0;0;0;0;0;0;0;0;0;0;0;0
FR;8;2021-08-30;0;0;0;0;0;0;0;0;0;0;0;0;0;0;0;0;0;0
FR;8;2021-08-31;0;0;0;0;0;0;0;0;0;0;0;0;0;0;0;0;0;0
FR;8;2021-09-01;0;0;0;0;0;0;0;0;0;0;0;0;0;0;0;0;0;0
FR;8;2021-09-02;0;0;0;0;0;0;0;0;0;0;0;0;0;0;0;0;0;0
FR;8;2021-09-03;0;0;0;0;0;0;0;0;0;0;0;0;0;0;0;0;0;0
FR;8;2021-09-04;0;0;0;0;0;0;0;0;0;0;0;0;0;0;0;0;0;0
FR;8;2021-09-05;0;0;0;0;0;0;0;0;0;0;0;0;0;0;0;0;0;0
FR;8;2021-09-06;0;0;0;0;0;0;0;0;0;0;0;0;0;0;0;0;0;0
FR;8;2021-09-07;0;0;0;0;0;0;0;0;0;0;0;0;0;0;0;0;0;0
FR;8;2021-09-08;0;0;0;0;0;0;0;0;0;0;0;0;0;0;0;0;0;0
FR;8;2021-09-09;0;0;0;0;0;0;0;0;0;0;0;0;0;0;0;0;0;0
FR;8;2021-09-10;0;0;0;0;0;0;0;0;0;0;0;0;0;0;0;0;0;0
FR;8;2021-09-11;0;0;0;0;0;0;0;0;0;0;0;0;0;0;0;0;0;0
FR;8;2021-09-12;0;0;0;0;0;0;0;0;0;0;0;0;0;0;0;0;0;0
FR;8;2021-09-13;0;0;0;0;0;0;0;0;0;0;0;0;0;0;0;0;0;0
FR;8;2021-09-14;0;0;0;0;0;0;0;0;0;0;0;0;0;0;0;0;0;0
FR;8;2021-09-15;0;0;0;0;0;0;0;0;0;0;0;0;0;0;0;0;0;0
FR;8;2021-09-16;0;0;0;0;0;0;0;0;0;0;0;0;0;0;0;0;0;0
FR;8;2021-09-17;0;0;0;0;0;0;0;0;0;0;0;0;0;0;0;0;0;0
FR;8;2021-09-18;0;0;0;0;0;0;0;0;0;0;0;0;0;0;0;0;0;0
FR;8;2021-09-19;0;0;0;0;0;0;0;0;0;0;0;0;0;0;0;0;0;0
FR;8;2021-09-20;0;0;0;0;0;0;0;0;0;0;0;0;0;0;0;0;0;0
FR;8;2021-09-21;0;0;0;0;0;0;0;0;0;0;0;0;0;0;0;0;0;0
FR;8;2021-09-22;0;0;0;0;0;0;0;0;0;0;0;0;0;0;0;0;0;0
FR;8;2021-09-23;0;0;0;0;0;0;0;0;0;0;0;0;0;0;0;0;0;0
FR;8;2021-09-24;0;0;0;0;0;0;0;0;0;0;0;0;0;0;0;0;0;0
FR;8;2021-09-25;0;0;0;0;0;0;0;0;0;0;0;0;0;0;0;0;0;0
FR;8;2021-09-26;0;0;0;0;0;0;0;0;0;0;0;0;0;0;0;0;0;0
FR;8;2021-09-27;0;0;0;0;0;0;0;0;0;0;0;0;0;0;0;0;0;0
FR;8;2021-09-28;0;0;0;0;0;0;0;0;0;0;0;0;0;0;0;0;0;0
FR;8;2021-09-29;0;0;0;0;0;0;0;0;0;0;0;0;0;0;0;0;0;0
FR;8;2021-09-30;0;0;0;0;0;0;0;0;0;0;0;0;0;0;0;0;0;0
FR;8;2021-10-01;0;0;0;0;0;0;0;0;0;0;0;0;0;0;0;0;0;0
FR;8;2021-10-02;0;0;0;0;0;0;0;0;0;0;0;0;0;0;0;0;0;0
FR;8;2021-10-03;0;0;0;0;0;0;0;0;0;0;0;0;0;0;0;0;0;0
FR;8;2021-10-04;0;0;0;0;0;0;0;0;0;0;0;0;0;0;0;0;0;0
FR;8;2021-10-05;0;0;0;0;0;0;0;0;0;0;0;0;0;0;0;0;0;0
FR;8;2021-10-06;0;0;0;0;0;0;0;0;0;0;0;0;0;0;0;0;0;0
FR;8;2021-10-07;0;0;0;0;0;0;0;0;0;0;0;0;0;0;0;0;0;0
FR;8;2021-10-08;0;0;0;0;0;0;0;0;0;0;0;0;0;0;0;0;0;0
FR;8;2021-10-09;0;0;0;0;0;0;0;0;0;0;0;0;0;0;0;0;0;0
FR;8;2021-10-10;0;0;0;0;0;0;0;0;0;0;0;0;0;0;0;0;0;0
FR;8;2021-10-11;0;0;0;0;0;0;0;0;0;0;0;0;0;0;0;0;0;0
FR;8;2021-10-12;0;0;0;0;0;0;0;0;0;0;0;0;0;0;0;0;0;0
FR;8;2021-10-13;0;0;0;0;0;0;0;0;0;0;0;0;0;0;0;0;0;0
FR;8;2021-10-14;0;0;0;0;0;0;0;0;0;0;0;0;0;0;0;0;0;0
FR;8;2021-10-15;0;0;0;0;0;0;0;0;0;0;0;0;0;0;0;0;0;0
FR;8;2021-10-16;0;0;0;0;0;0;0;0;0;0;0;0;0;0;0;0;0;0
FR;8;2021-10-17;0;0;0;0;0;0;0;0;0;0;0;0;0;0;0;0;0;0
FR;8;2021-10-18;0;0;0;0;0;0;0;0;0;0;0;0;0;0;0;0;0;0
FR;8;2021-10-19;0;0;0;0;0;0;0;0;0;0;0;0;0;0;0;0;0;0
FR;8;2021-10-20;0;0;0;0;0;0;0;0;0;0;0;0;0;0;0;0;0;0
FR;8;2021-10-21;0;0;0;0;0;0;0;0;0;0;0;0;0;0;0;0;0;0
FR;8;2021-10-22;0;0;0;0;0;0;0;0;0;0;0;0;0;0;0;0;0;0
FR;8;2021-10-23;0;0;0;0;0;0;0;0;0;0;0;0;0;0;0;0;0;0
FR;8;2021-10-24;0;0;0;0;0;0;0;0;0;0;0;0;0;0;0;0;0;0
FR;8;2021-10-25;0;0;0;0;0;0;0;0;0;0;0;0;0;0;0;0;0;0
FR;8;2021-10-26;0;0;0;0;0;0;0;0;0;0;0;0;0;0;0;0;0;0
FR;8;2021-10-27;0;0;0;0;0;0;0;0;0;0;0;0;0;0;0;0;0;0
FR;8;2021-10-28;0;0;0;0;0;0;0;0;0;0;0;0;0;0;0;0;0;0
FR;8;2021-10-29;0;0;0;0;0;0;0;0;0;0;0;0;0;0;0;0;0;0
FR;8;2021-10-30;0;0;0;0;0;0;0;0;0;0;0;0;0;0;0;0;0;0
FR;8;2021-10-31;0;0;0;0;0;0;0;0;0;0;0;0;0;0;0;0;0;0
FR;8;2021-11-01;0;0;0;0;0;0;0;0;0;0;0;0;0;0;0;0;0;0
FR;8;2021-11-02;0;0;0;0;0;0;0;0;0;0;0;0;0;0;0;0;0;0
FR;8;2021-11-03;0;0;0;0;0;0;0;0;0;0;0;0;0;0;0;0;0;0
FR;8;2021-11-04;0;0;0;0;0;0;0;0;0;0;0;0;0;0;0;0;0;0
FR;8;2021-11-05;0;0;0;0;0;0;0;0;0;0;0;0;0;0;0;0;0;0
FR;8;2021-11-06;0;0;0;0;0;0;0;0;0;0;0;0;0;0;0;0;0;0
FR;8;2021-11-07;0;0;0;0;0;0;0;0;0;0;0;0;0;0;0;0;0;0
FR;8;2021-11-08;0;0;0;0;0;0;0;0;0;0;0;0;0;0;0;0;0;0
FR;8;2021-11-09;0;0;0;0;0;0;0;0;0;0;0;0;0;0;0;0;0;0
FR;8;2021-11-10;0;0;0;0;0;0;0;0;0;0;0;0;0;0;0;0;0;0
FR;8;2021-11-11;0;0;0;0;0;0;0;0;0;0;0;0;0;0;0;0;0;0
FR;8;2021-11-12;0;0;0;0;0;0;0;0;0;0;0;0;0;0;0;0;0;0
FR;8;2021-11-13;0;0;0;0;0;0;0;0;0;0;0;0;0;0;0;0;0;0
FR;8;2021-11-14;0;0;0;0;0;0;0;0;0;0;0;0;0;0;0;0;0;0
FR;8;2021-11-15;0;0;0;0;0;0;0;0;0;0;0;0;0;0;0;0;0;0
FR;8;2021-11-16;0;0;0;0;0;0;0;0;0;0;0;0;0;0;0;0;0;0
FR;8;2021-11-17;0;0;0;0;0;0;0;0;0;0;0;0;0;0;0;0;0;0
FR;8;2021-11-18;0;0;0;0;0;0;0;0;0;0;0;0;0;0;0;0;0;0
FR;8;2021-11-19;0;0;0;0;0;0;0;0;0;0;0;0;0;0;0;0;0;0
FR;8;2021-11-20;0;0;0;0;0;0;0;0;0;0;0;0;0;0;0;0;0;0
FR;8;2021-11-21;0;0;0;0;0;0;0;0;0;0;0;0;0;0;0;0;0;0
FR;8;2021-11-22;0;0;0;0;0;0;0;0;0;0;0;0;0;0;0;0;0;0
FR;8;2021-11-23;0;0;0;0;0;0;0;0;0;0;0;0;0;0;0;0;0;0
FR;8;2021-11-24;0;0;0;0;0;0;0;0;0;0;0;0;0;0;0;0;0;0
FR;8;2021-11-25;0;0;0;0;0;0;0;0;0;0;0;0;0;0;0;0;0;0
FR;8;2021-11-26;0;0;0;0;0;0;0;0;0;0;0;0;0;0;0;0;0;0
FR;8;2021-11-27;0;0;0;0;0;0;0;0;0;0;0;0;0;0;0;0;0;0
FR;8;2021-11-28;0;0;0;0;0;0;0;0;0;0;0;0;0;0;0;0;0;0
FR;8;2021-11-29;0;0;0;0;0;0;0;0;0;0;0;0;0;0;0;0;0;0
FR;8;2021-11-30;0;0;0;0;0;0;0;0;0;0;0;0;0;0;0;0;0;0
FR;8;2021-12-01;0;0;0;0;0;0;0;0;0;0;0;0;0;0;0;0;0;0
FR;8;2021-12-02;0;0;0;0;0;0;0;0;0;0;0;0;0;0;0;0;0;0
FR;8;2021-12-03;0;0;0;0;0;0;0;0;0;0;0;0;0;0;0;0;0;0
FR;8;2021-12-04;0;0;0;0;0;0;0;0;0;0;0;0;0;0;0;0;0;0
FR;8;2021-12-05;0;0;0;0;0;0;0;0;0;0;0;0;0;0;0;0;0;0
FR;8;2021-12-06;0;0;0;0;0;0;0;0;0;0;0;0;0;0;0;0;0;0
FR;8;2021-12-07;0;0;0;0;0;0;0;0;0;0;0;0;0;0;0;0;0;0
FR;8;2021-12-08;0;0;0;0;0;0;0;0;0;0;0;0;0;0;0;0;0;0
FR;8;2021-12-09;0;0;0;0;0;0;0;0;0;0;0;0;0;0;0;0;0;0
FR;8;2021-12-10;0;0;0;0;0;0;0;0;0;0;0;0;0;0;0;0;0;0
FR;8;2021-12-11;0;0;0;0;0;0;0;0;0;0;0;0;0;0;0;0;0;0
FR;8;2021-12-12;0;0;0;0;0;0;0;0;0;0;0;0;0;0;0;0;0;0
FR;8;2021-12-13;0;0;0;0;0;0;0;0;0;0;0;0;0;0;0;0;0;0
FR;8;2021-12-14;0;0;0;0;0;0;0;0;0;0;0;0;0;0;0;0;0;0
FR;8;2021-12-15;0;0;0;0;0;0;0;0;0;0;0;0;0;0;0;0;0;0
FR;8;2021-12-16;0;0;0;0;0;0;0;0;0;0;0;0;0;0;0;0;0;0
FR;8;2021-12-17;0;0;0;0;0;0;0;0;0;0;0;0;0;0;0;0;0;0
FR;8;2021-12-18;0;0;0;0;0;0;0;0;0;0;0;0;0;0;0;0;0;0
FR;8;2021-12-19;0;0;0;0;0;0;0;0;0;0;0;0;0;0;0;0;0;0
FR;8;2021-12-20;0;0;0;0;0;0;0;0;0;0;0;0;0;0;0;0;0;0
FR;8;2021-12-21;0;0;0;0;0;0;0;0;0;0;0;0;0;0;0;0;0;0
FR;8;2021-12-22;0;0;0;0;0;0;0;0;0;0;0;0;0;0;0;0;0;0
FR;8;2021-12-23;0;0;0;0;0;0;0;0;0;0;0;0;0;0;0;0;0;0
FR;8;2021-12-24;0;0;0;0;0;0;0;0;0;0;0;0;0;0;0;0;0;0
FR;8;2021-12-25;0;0;0;0;0;0;0;0;0;0;0;0;0;0;0;0;0;0
FR;8;2021-12-26;0;0;0;0;0;0;0;0;0;0;0;0;0;0;0;0;0;0
FR;8;2021-12-27;0;0;0;0;0;0;0;0;0;0;0;0;0;0;0;0;0;0
FR;8;2021-12-28;0;0;0;0;0;0;0;0;0;0;0;0;0;0;0;0;0;0
FR;8;2021-12-29;0;0;0;0;0;0;0;0;0;0;0;0;0;0;0;0;0;0
FR;8;2021-12-30;0;0;0;0;0;0;0;0;0;0;0;0;0;0;0;0;0;0
FR;8;2021-12-31;0;0;0;0;0;0;0;0;0;0;0;0;0;0;0;0;0;0
FR;8;2022-01-01;0;0;0;0;0;0;0;0;0;0;0;0;0;0;0;0;0;0
FR;8;2022-01-02;0;0;0;0;0;0;0;0;0;0;0;0;0;0;0;0;0;0
FR;8;2022-01-03;0;0;0;0;0;0;0;0;0;0;0;0;0;0;0;0;0;0
FR;8;2022-01-04;0;0;0;0;0;0;0;0;0;0;0;0;0;0;0;0;0;0
FR;8;2022-01-05;0;0;0;0;0;0;0;0;0;0;0;0;0;0;0;0;0;0
FR;8;2022-01-06;0;0;0;0;0;0;0;0;0;0;0;0;0;0;0;0;0;0
FR;8;2022-01-07;0;0;0;0;0;0;0;0;0;0;0;0;0;0;0;0;0;0
FR;8;2022-01-08;0;0;0;0;0;0;0;0;0;0;0;0;0;0;0;0;0;0
FR;8;2022-01-09;0;0;0;0;0;0;0;0;0;0;0;0;0;0;0;0;0;0
FR;8;2022-01-10;0;0;0;0;0;0;0;0;0;0;0;0;0;0;0;0;0;0
FR;8;2022-01-11;0;0;0;0;0;0;0;0;0;0;0;0;0;0;0;0;0;0
FR;8;2022-01-12;0;0;0;0;0;0;0;0;0;0;0;0;0;0;0;0;0;0
FR;8;2022-01-13;0;0;0;0;0;0;0;0;0;0;0;0;0;0;0;0;0;0
FR;8;2022-01-14;0;0;0;0;0;0;0;0;0;0;0;0;0;0;0;0;0;0
FR;8;2022-01-15;0;0;0;0;0;0;0;0;0;0;0;0;0;0;0;0;0;0
FR;8;2022-01-16;0;0;0;0;0;0;0;0;0;0;0;0;0;0;0;0;0;0
FR;8;2022-01-17;0;0;0;0;0;0;0;0;0;0;0;0;0;0;0;0;0;0
FR;8;2022-01-18;0;0;0;0;0;0;0;0;0;0;0;0;0;0;0;0;0;0
FR;8;2022-01-19;0;0;0;0;0;0;0;0;0;0;0;0;0;0;0;0;0;0
FR;8;2022-01-20;0;0;0;0;0;0;0;0;0;0;0;0;0;0;0;0;0;0
FR;8;2022-01-21;0;0;0;0;0;0;0;0;0;0;0;0;0;0;0;0;0;0
FR;8;2022-01-22;0;0;0;0;0;0;0;0;0;0;0;0;0;0;0;0;0;0
FR;8;2022-01-23;0;0;0;0;0;0;0;0;0;0;0;0;0;0;0;0;0;0
FR;8;2022-01-24;0;0;0;0;0;0;0;0;0;0;0;0;0;0;0;0;0;0
FR;8;2022-01-25;0;0;0;0;0;0;0;0;0;0;0;0;0;0;0;0;0;0
FR;8;2022-01-26;0;0;0;0;0;0;0;0;0;0;0;0;0;0;0;0;0;0
FR;8;2022-01-27;0;0;0;0;0;0;0;0;0;0;0;0;0;0;0;0;0;0
FR;8;2022-01-28;0;0;0;0;0;0;0;0;0;0;0;0;0;0;0;0;0;0
FR;8;2022-01-29;0;0;0;0;0;0;0;0;0;0;0;0;0;0;0;0;0;0
FR;8;2022-01-30;0;0;0;0;0;0;0;0;0;0;0;0;0;0;0;0;0;0
FR;8;2022-01-31;0;0;0;0;0;0;0;0;0;0;0;0;0;0;0;0;0;0
FR;8;2022-02-01;0;0;0;0;0;0;0;0;0;0;0;0;0;0;0;0;0;0
FR;8;2022-02-02;0;0;0;0;0;0;0;0;0;0;0;0;0;0;0;0;0;0
FR;8;2022-02-03;0;0;0;0;0;0;0;0;0;0;0;0;0;0;0;0;0;0
FR;8;2022-02-04;0;0;0;0;0;0;0;0;0;0;0;0;0;0;0;0;0;0
FR;8;2022-02-05;0;0;0;0;0;0;0;0;0;0;0;0;0;0;0;0;0;0
FR;8;2022-02-06;0;0;0;0;0;0;0;0;0;0;0;0;0;0;0;0;0;0
FR;8;2022-02-07;0;0;0;0;0;0;0;0;0;0;0;0;0;0;0;0;0;0
FR;8;2022-02-08;0;0;0;0;0;0;0;0;0;0;0;0;0;0;0;0;0;0
FR;8;2022-02-09;0;0;0;0;0;0;0;0;0;0;0;0;0;0;0;0;0;0
FR;8;2022-02-10;0;0;0;0;0;0;0;0;0;0;0;0;0;0;0;0;0;0
FR;8;2022-02-11;0;0;0;0;0;0;0;0;0;0;0;0;0;0;0;0;0;0
FR;8;2022-02-12;0;0;0;0;0;0;0;0;0;0;0;0;0;0;0;0;0;0
FR;8;2022-02-13;0;0;0;0;0;0;0;0;0;0;0;0;0;0;0;0;0;0
FR;8;2022-02-14;0;0;0;0;0;0;0;0;0;0;0;0;0;0;0;0;0;0
FR;8;2022-02-15;0;0;0;0;0;0;0;0;0;0;0;0;0;0;0;0;0;0
FR;8;2022-02-16;0;0;0;0;0;0;0;0;0;0;0;0;0;0;0;0;0;0
FR;8;2022-02-17;0;0;0;0;0;0;0;0;0;0;0;0;0;0;0;0;0;0
FR;8;2022-02-18;0;0;0;0;0;0;0;0;0;0;0;0;0;0;0;0;0;0
FR;8;2022-02-19;0;0;0;0;0;0;0;0;0;0;0;0;0;0;0;0;0;0
FR;8;2022-02-20;0;0;0;0;0;0;0;0;0;0;0;0;0;0;0;0;0;0
FR;8;2022-02-21;0;0;0;0;0;0;0;0;0;0;0;0;0;0;0;0;0;0
FR;8;2022-02-22;0;0;0;0;0;0;0;0;0;0;0;0;0;0;0;0;0;0
FR;8;2022-02-23;0;0;0;0;0;0;0;0;0;0;0;0;0;0;0;0;0;0
FR;8;2022-02-24;0;0;0;0;0;0;0;0;0;0;0;0;0;0;0;0;0;0
FR;8;2022-02-25;0;0;0;0;0;0;0;0;0;0;0;0;0;0;0;0;0;0
FR;8;2022-02-26;0;0;0;0;0;0;0;0;0;0;0;0;0;0;0;0;0;0
FR;8;2022-02-27;0;0;0;0;0;0;0;0;0;0;0;0;0;0;0;0;0;0
FR;8;2022-02-28;0;0;0;0;0;0;0;0;0;0;0;0;0;0;0;0;0;0
FR;8;2022-03-01;0;0;0;0;0;0;0;0;0;0;0;0;0;0;0;0;0;0
FR;8;2022-03-02;0;0;0;0;0;0;0;0;0;0;0;0;0;0;0;0;0;0
FR;8;2022-03-03;0;0;0;0;0;0;0;0;0;0;0;0;0;0;0;0;0;0
FR;8;2022-03-04;0;0;0;0;0;0;0;0;0;0;0;0;0;0;0;0;0;0
FR;8;2022-03-05;0;0;0;0;0;0;0;0;0;0;0;0;0;0;0;0;0;0
FR;8;2022-03-06;0;0;0;0;0;0;0;0;0;0;0;0;0;0;0;0;0;0
FR;8;2022-03-07;0;0;0;0;0;0;0;0;0;0;0;0;0;0;0;0;0;0
FR;8;2022-03-08;0;0;0;0;0;0;0;0;0;0;0;0;0;0;0;0;0;0
FR;8;2022-03-09;0;0;0;0;0;0;0;0;0;0;0;0;0;0;0;0;0;0
FR;8;2022-03-10;0;0;0;0;0;0;0;0;0;0;0;0;0;0;0;0;0;0
FR;8;2022-03-11;0;0;0;0;0;0;0;0;0;0;0;0;0;0;0;0;0;0
FR;8;2022-03-12;0;0;0;0;0;0;0;0;0;0;0;0;0;0;0;0;0;0
FR;8;2022-03-13;0;0;0;0;0;0;0;0;0;0;0;0;0;0;0;0;0;0
FR;8;2022-03-14;0;0;0;0;0;0;0;0;0;0;0;0;0;0;0;0;0;0
FR;8;2022-03-15;0;0;0;0;0;0;0;0;0;0;0;0;0;0;0;0;0;0
FR;8;2022-03-16;0;0;0;0;0;0;0;0;0;0;0;0;0;0;0;0;0;0
FR;8;2022-03-17;0;0;0;0;0;0;0;0;0;0;0;0;0;0;0;0;0;0
FR;8;2022-03-18;0;0;0;0;0;0;0;0;0;0;0;0;0;0;0;0;0;0
FR;8;2022-03-19;0;0;0;0;0;0;0;0;0;0;0;0;0;0;0;0;0;0
FR;8;2022-03-20;0;0;0;0;0;0;0;0;0;0;0;0;0;0;0;0;0;0
FR;8;2022-03-21;0;0;0;0;0;0;0;0;0;0;0;0;0;0;0;0;0;0
FR;8;2022-03-22;0;0;0;0;0;0;0;0;0;0;0;0;0;0;0;0;0;0
FR;8;2022-03-23;0;0;0;0;0;0;0;0;0;0;0;0;0;0;0;0;0;0
FR;8;2022-03-24;0;0;0;0;0;0;0;0;0;0;0;0;0;0;0;0;0;0
FR;8;2022-03-25;0;0;0;0;0;0;0;0;0;0;0;0;0;0;0;0;0;0
FR;8;2022-03-26;0;0;0;0;0;0;0;0;0;0;0;0;0;0;0;0;0;0
FR;8;2022-03-27;0;0;0;0;0;0;0;0;0;0;0;0;0;0;0;0;0;0
FR;8;2022-03-28;0;0;0;0;0;0;0;0;0;0;0;0;0;0;0;0;0;0
FR;8;2022-03-29;0;0;0;0;0;0;0;0;0;0;0;0;0;0;0;0;0;0
FR;8;2022-03-30;0;0;0;0;0;0;0;0;0;0;0;0;0;0;0;0;0;0
FR;8;2022-03-31;0;0;0;0;0;0;0;0;0;0;0;0;0;0;0;0;0;0
FR;8;2022-04-01;0;0;0;0;0;0;0;0;0;0;0;0;0;0;0;0;0;0
FR;8;2022-04-02;0;0;0;0;0;0;0;0;0;0;0;0;0;0;0;0;0;0
FR;8;2022-04-03;0;0;0;0;0;0;0;0;0;0;0;0;0;0;0;0;0;0
FR;8;2022-04-04;0;0;0;0;0;0;0;0;0;0;0;0;0;0;0;0;0;0
FR;8;2022-04-05;0;0;0;0;0;0;0;0;0;0;0;0;0;0;0;0;0;0
FR;8;2022-04-06;0;0;0;0;0;0;0;0;0;0;0;0;0;0;0;0;0;0
FR;8;2022-04-07;0;0;0;0;0;0;0;0;0;0;0;0;0;0;0;0;0;0
FR;8;2022-04-08;0;0;0;0;0;0;0;0;0;0;0;0;0;0;0;0;0;0
FR;8;2022-04-09;0;0;0;0;0;0;0;0;0;0;0;0;0;0;0;0;0;0
FR;8;2022-04-10;0;0;0;0;0;0;0;0;0;0;0;0;0;0;0;0;0;0
FR;8;2022-04-11;0;0;0;0;0;0;0;0;0;0;0;0;0;0;0;0;0;0
FR;8;2022-04-12;0;0;0;0;0;0;0;0;0;0;0;0;0;0;0;0;0;0
FR;8;2022-04-13;0;0;0;0;0;0;0;0;0;0;0;0;0;0;0;0;0;0
FR;8;2022-04-14;0;0;0;0;0;0;0;0;0;0;0;0;0;0;0;0;0;0
FR;8;2022-04-15;0;0;0;0;0;0;0;0;0;0;0;0;0;0;0;0;0;0
FR;8;2022-04-16;0;0;0;0;0;0;0;0;0;0;0;0;0;0;0;0;0;0
FR;8;2022-04-17;0;0;0;0;0;0;0;0;0;0;0;0;0;0;0;0;0;0
FR;8;2022-04-18;0;0;0;0;0;0;0;0;0;0;0;0;0;0;0;0;0;0
FR;8;2022-04-19;0;0;0;0;0;0;0;0;0;0;0;0;0;0;0;0;0;0
FR;8;2022-04-20;0;0;0;0;0;0;0;0;0;0;0;0;0;0;0;0;0;0
FR;8;2022-04-21;0;0;0;0;0;0;0;0;0;0;0;0;0;0;0;0;0;0
FR;8;2022-04-22;0;0;0;0;0;0;0;0;0;0;0;0;0;0;0;0;0;0
FR;8;2022-04-23;0;0;0;0;0;0;0;0;0;0;0;0;0;0;0;0;0;0
FR;8;2022-04-24;0;0;0;0;0;0;0;0;0;0;0;0;0;0;0;0;0;0
FR;8;2022-04-25;0;0;0;0;0;0;0;0;0;0;0;0;0;0;0;0;0;0
FR;8;2022-04-26;0;0;0;0;0;0;0;0;0;0;0;0;0;0;0;0;0;0
FR;8;2022-04-27;0;0;0;0;0;0;0;0;0;0;0;0;0;0;0;0;0;0
FR;8;2022-04-28;0;0;0;0;0;0;0;0;0;0;0;0;0;0;0;0;0;0
FR;8;2022-04-29;0;0;0;0;0;0;0;0;0;0;0;0;0;0;0;0;0;0
FR;8;2022-04-30;0;0;0;0;0;0;0;0;0;0;0;0;0;0;0;0;0;0
FR;8;2022-05-01;0;0;0;0;0;0;0;0;0;0;0;0;0;0;0;0;0;0
FR;8;2022-05-02;0;0;0;0;0;0;0;0;0;0;0;0;0;0;0;0;0;0
FR;8;2022-05-03;0;0;0;0;0;0;0;0;0;0;0;0;0;0;0;0;0;0
FR;8;2022-05-04;0;0;0;0;0;0;0;0;0;0;0;0;0;0;0;0;0;0
FR;8;2022-05-05;0;0;0;0;0;0;0;0;0;0;0;0;0;0;0;0;0;0
FR;8;2022-05-06;0;0;0;0;0;0;0;0;0;0;0;0;0;0;0;0;0;0
FR;8;2022-05-07;0;0;0;0;0;0;0;0;0;0;0;0;0;0;0;0;0;0
FR;8;2022-05-08;0;0;0;0;0;0;0;0;0;0;0;0;0;0;0;0;0;0
FR;8;2022-05-09;0;0;0;0;0;0;0;0;0;0;0;0;0;0;0;0;0;0
FR;8;2022-05-10;0;0;0;0;0;0;0;0;0;0;0;0;0;0;0;0;0;0
FR;8;2022-05-11;0;0;0;0;0;0;0;0;0;0;0;0;0;0;0;0;0;0
FR;8;2022-05-12;0;0;0;0;0;0;0;0;0;0;0;0;0;0;0;0;0;0
FR;8;2022-05-13;0;0;0;0;0;0;0;0;0;0;0;0;0;0;0;0;0;0
FR;8;2022-05-14;0;0;0;0;0;0;0;0;0;0;0;0;0;0;0;0;0;0
FR;8;2022-05-15;0;0;0;0;0;0;0;0;0;0;0;0;0;0;0;0;0;0
FR;8;2022-05-16;0;0;0;0;0;0;0;0;0;0;0;0;0;0;0;0;0;0
FR;8;2022-05-17;0;0;0;0;0;0;0;0;0;0;0;0;0;0;0;0;0;0
FR;8;2022-05-18;0;0;0;0;0;0;0;0;0;0;0;0;0;0;0;0;0;0
FR;8;2022-05-19;0;0;0;0;0;0;0;0;0;0;0;0;0;0;0;0;0;0
FR;8;2022-05-20;0;0;0;0;0;0;0;0;0;0;0;0;0;0;0;0;0;0
FR;8;2022-05-21;0;0;0;0;0;0;0;0;0;0;0;0;0;0;0;0;0;0
FR;8;2022-05-22;0;0;0;0;0;0;0;0;0;0;0;0;0;0;0;0;0;0
FR;8;2022-05-23;0;0;0;0;0;0;0;0;0;0;0;0;0;0;0;0;0;0
FR;8;2022-05-24;0;0;0;0;0;0;0;0;0;0;0;0;0;0;0;0;0;0
FR;8;2022-05-25;0;0;0;0;0;0;0;0;0;0;0;0;0;0;0;0;0;0
FR;8;2022-05-26;0;0;0;0;0;0;0;0;0;0;0;0;0;0;0;0;0;0
FR;8;2022-05-27;0;0;0;0;0;0;0;0;0;0;0;0;0;0;0;0;0;0
FR;8;2022-05-28;0;0;0;0;0;0;0;0;0;0;0;0;0;0;0;0;0;0
FR;8;2022-05-29;0;0;0;0;0;0;0;0;0;0;0;0;0;0;0;0;0;0
FR;8;2022-05-30;0;0;0;0;0;0;0;0;0;0;0;0;0;0;0;0;0;0
FR;8;2022-05-31;0;0;0;0;0;0;0;0;0;0;0;0;0;0;0;0;0;0
FR;8;2022-06-01;0;0;0;0;0;0;0;0;0;0;0;0;0;0;0;0;0;0
FR;8;2022-06-02;0;0;0;0;0;0;0;0;0;0;0;0;0;0;0;0;0;0
FR;8;2022-06-03;0;0;0;0;0;0;0;0;0;0;0;0;0;0;0;0;0;0
FR;8;2022-06-04;0;0;0;0;0;0;0;0;0;0;0;0;0;0;0;0;0;0
FR;8;2022-06-05;0;0;0;0;0;0;0;0;0;0;0;0;0;0;0;0;0;0
FR;8;2022-06-06;0;0;0;0;0;0;0;0;0;0;0;0;0;0;0;0;0;0
FR;8;2022-06-07;0;0;0;0;0;0;0;0;0;0;0;0;0;0;0;0;0;0
FR;8;2022-06-08;0;0;0;0;0;0;0;0;0;0;0;0;0;0;0;0;0;0
FR;8;2022-06-09;0;0;0;0;0;0;0;0;0;0;0;0;0;0;0;0;0;0
FR;8;2022-06-10;0;0;0;0;0;0;0;0;0;0;0;0;0;0;0;0;0;0
FR;8;2022-06-11;0;0;0;0;0;0;0;0;0;0;0;0;0;0;0;0;0;0
FR;8;2022-06-12;0;0;0;0;0;0;0;0;0;0;0;0;0;0;0;0;0;0
FR;8;2022-06-13;0;0;0;0;0;0;0;0;0;0;0;0;0;0;0;0;0;0
FR;8;2022-06-14;0;0;0;0;0;0;0;0;0;0;0;0;0;0;0;0;0;0
FR;8;2022-06-15;0;0;0;0;0;0;0;0;0;0;0;0;0;0;0;0;0;0
FR;8;2022-06-16;0;0;0;0;0;0;0;0;0;0;0;0;0;0;0;0;0;0
FR;8;2022-06-17;0;0;0;0;0;0;0;0;0;0;0;0;0;0;0;0;0;0
FR;8;2022-06-18;0;0;0;0;0;0;0;0;0;0;0;0;0;0;0;0;0;0
FR;8;2022-06-19;0;0;0;0;0;0;0;0;0;0;0;0;0;0;0;0;0;0
FR;8;2022-06-20;0;0;0;0;0;0;0;0;0;0;0;0;0;0;0;0;0;0
FR;8;2022-06-21;0;0;0;0;0;0;0;0;0;0;0;0;0;0;0;0;0;0
FR;8;2022-06-22;0;0;0;0;0;0;0;0;0;0;0;0;0;0;0;0;0;0
FR;8;2022-06-23;0;0;0;0;0;0;0;0;0;0;0;0;0;0;0;0;0;0
FR;8;2022-06-24;0;0;0;0;0;0;0;0;0;0;0;0;0;0;0;0;0;0
FR;8;2022-06-25;0;0;0;0;0;0;0;0;0;0;0;0;0;0;0;0;0;0
FR;8;2022-06-26;0;0;0;0;0;0;0;0;0;0;0;0;0;0;0;0;0;0
FR;8;2022-06-27;0;0;0;0;0;0;0;0;0;0;0;0;0;0;0;0;0;0
FR;8;2022-06-28;0;0;0;0;0;0;0;0;0;0;0;0;0;0;0;0;0;0
FR;8;2022-06-29;0;0;0;0;0;0;0;0;0;0;0;0;0;0;0;0;0;0
FR;8;2022-06-30;0;0;0;0;0;0;0;0;0;0;0;0;0;0;0;0;0;0
FR;8;2022-07-01;0;0;0;0;0;0;0;0;0;0;0;0;0;0;0;0;0;0
FR;8;2022-07-02;0;0;0;0;0;0;0;0;0;0;0;0;0;0;0;0;0;0
FR;8;2022-07-03;0;0;0;0;0;0;0;0;0;0;0;0;0;0;0;0;0;0
FR;8;2022-07-04;0;0;0;0;0;0;0;0;0;0;0;0;0;0;0;0;0;0
FR;8;2022-07-05;0;0;0;0;0;0;0;0;0;0;0;0;0;0;0;0;0;0
FR;8;2022-07-06;0;0;0;0;0;0;0;0;0;0;0;0;0;0;0;0;0;0
FR;8;2022-07-07;0;0;0;0;0;0;0;0;0;0;0;0;0;0;0;0;0;0
FR;8;2022-07-08;0;0;0;0;0;0;0;0;0;0;0;0;0;0;0;0;0;0
FR;8;2022-07-09;0;0;0;0;0;0;0;0;0;0;0;0;0;0;0;0;0;0
FR;8;2022-07-10;0;0;0;0;0;0;0;0;0;0;0;0;0;0;0;0;0;0
FR;8;2022-07-11;0;0;0;0;0;0;0;0;0;0;0;0;0;0;0;0;0;0
FR;8;2022-07-12;0;0;0;0;0;0;0;0;0;0;0;0;0;0;0;0;0;0
FR;8;2022-07-13;0;0;0;0;0;0;0;0;0;0;0;0;0;0;0;0;0;0
FR;8;2022-07-14;0;0;0;0;0;0;0;0;0;0;0;0;0;0;0;0;0;0
FR;8;2022-07-15;0;0;0;0;0;0;0;0;0;0;0;0;0;0;0;0;0;0
FR;8;2022-07-16;0;0;0;0;0;0;0;0;0;0;0;0;0;0;0;0;0;0
FR;8;2022-07-17;0;0;0;0;0;0;0;0;0;0;0;0;0;0;0;0;0;0
FR;8;2022-07-18;0;0;0;0;0;0;0;0;0;0;0;0;0;0;0;0;0;0
FR;8;2022-07-19;0;0;0;0;0;0;0;0;0;0;0;0;0;0;0;0;0;0
FR;8;2022-07-20;0;0;0;0;0;0;0;0;0;0;0;0;0;0;0;0;0;0
FR;8;2022-07-21;0;0;0;0;0;0;0;0;0;0;0;0;0;0;0;0;0;0
FR;8;2022-07-22;0;0;0;0;0;0;0;0;0;0;0;0;0;0;0;0;0;0
FR;8;2022-07-23;0;0;0;0;0;0;0;0;0;0;0;0;0;0;0;0;0;0
FR;8;2022-07-24;0;0;0;0;0;0;0;0;0;0;0;0;0;0;0;0;0;0
FR;8;2022-07-25;0;0;0;0;0;0;0;0;0;0;0;0;0;0;0;0;0;0
FR;8;2022-07-26;0;0;0;0;0;0;0;0;0;0;0;0;0;0;0;0;0;0
FR;8;2022-07-27;0;0;0;0;0;0;0;0;0;0;0;0;0;0;0;0;0;0
FR;8;2022-07-28;0;0;0;0;0;0;0;0;0;0;0;0;0;0;0;0;0;0
FR;8;2022-07-29;0;0;0;0;0;0;0;0;0;0;0;0;0;0;0;0;0;0
FR;8;2022-07-30;0;0;0;0;0;0;0;0;0;0;0;0;0;0;0;0;0;0
FR;8;2022-07-31;0;0;0;0;0;0;0;0;0;0;0;0;0;0;0;0;0;0
FR;8;2022-08-01;0;0;0;0;0;0;0;0;0;0;0;0;0;0;0;0;0;0
FR;8;2022-08-02;0;0;0;0;0;0;0;0;0;0;0;0;0;0;0;0;0;0
FR;8;2022-08-03;0;0;0;0;0;0;0;0;0;0;0;0;0;0;0;0;0;0
FR;8;2022-08-04;0;0;0;0;0;0;0;0;0;0;0;0;0;0;0;0;0;0
FR;8;2022-08-05;0;0;0;0;0;0;0;0;0;0;0;0;0;0;0;0;0;0
FR;8;2022-08-06;0;0;0;0;0;0;0;0;0;0;0;0;0;0;0;0;0;0
FR;8;2022-08-07;0;0;0;0;0;0;0;0;0;0;0;0;0;0;0;0;0;0
FR;8;2022-08-08;0;0;0;0;0;0;0;0;0;0;0;0;0;0;0;0;0;0
FR;8;2022-08-09;0;0;0;0;0;0;0;0;0;0;0;0;0;0;0;0;0;0
FR;8;2022-08-10;0;0;0;0;0;0;0;0;0;0;0;0;0;0;0;0;0;0
FR;8;2022-08-11;0;0;0;0;0;0;0;0;0;0;0;0;0;0;0;0;0;0
FR;8;2022-08-12;0;0;0;0;0;0;0;0;0;0;0;0;0;0;0;0;0;0
FR;8;2022-08-13;0;0;0;0;0;0;0;0;0;0;0;0;0;0;0;0;0;0
FR;8;2022-08-14;0;0;0;0;0;0;0;0;0;0;0;0;0;0;0;0;0;0
FR;8;2022-08-15;0;0;0;0;0;0;0;0;0;0;0;0;0;0;0;0;0;0
FR;8;2022-08-16;0;0;0;0;0;0;0;0;0;0;0;0;0;0;0;0;0;0
FR;8;2022-08-17;0;0;0;0;0;0;0;0;0;0;0;0;0;0;0;0;0;0
FR;8;2022-08-18;0;0;0;0;0;0;0;0;0;0;0;0;0;0;0;0;0;0
FR;8;2022-08-19;0;0;0;0;0;0;0;0;0;0;0;0;0;0;0;0;0;0
FR;8;2022-08-20;0;0;0;0;0;0;0;0;0;0;0;0;0;0;0;0;0;0
FR;8;2022-08-21;0;0;0;0;0;0;0;0;0;0;0;0;0;0;0;0;0;0
FR;8;2022-08-22;0;0;0;0;0;0;0;0;0;0;0;0;0;0;0;0;0;0
FR;8;2022-08-23;0;0;0;0;0;0;0;0;0;0;0;0;0;0;0;0;0;0
FR;8;2022-08-24;0;0;0;0;0;0;0;0;0;0;0;0;0;0;0;0;0;0
FR;8;2022-08-25;0;0;0;0;0;0;0;0;0;0;0;0;0;0;0;0;0;0
FR;8;2022-08-26;0;0;0;0;0;0;0;0;0;0;0;0;0;0;0;0;0;0
FR;8;2022-08-27;0;0;0;0;0;0;0;0;0;0;0;0;0;0;0;0;0;0
FR;8;2022-08-28;0;0;0;0;0;0;0;0;0;0;0;0;0;0;0;0;0;0
FR;8;2022-08-29;0;0;0;0;0;0;0;0;0;0;0;0;0;0;0;0;0;0
FR;8;2022-08-30;0;0;0;0;0;0;0;0;0;0;0;0;0;0;0;0;0;0
FR;8;2022-08-31;0;0;0;0;0;0;0;0;0;0;0;0;0;0;0;0;0;0
FR;8;2022-09-01;0;0;0;0;0;0;0;0;0;0;0;0;0;0;0;0;0;0
FR;8;2022-09-02;0;0;0;0;0;0;0;0;0;0;0;0;0;0;0;0;0;0
FR;8;2022-09-03;0;0;0;0;0;0;0;0;0;0;0;0;0;0;0;0;0;0
FR;8;2022-09-04;0;0;0;0;0;0;0;0;0;0;0;0;0;0;0;0;0;0
FR;8;2022-09-05;0;0;0;0;0;0;0;0;0;0;0;0;0;0;0;0;0;0
FR;8;2022-09-06;0;0;0;0;0;0;0;0;0;0;0;0;0;0;0;0;0;0
FR;8;2022-09-07;0;0;0;0;0;0;0;0;0;0;0;0;0;0;0;0;0;0
FR;8;2022-09-08;0;0;0;0;0;0;0;0;0;0;0;0;0;0;0;0;0;0
FR;8;2022-09-09;0;0;0;0;0;0;0;0;0;0;0;0;0;0;0;0;0;0
FR;8;2022-09-10;0;0;0;0;0;0;0;0;0;0;0;0;0;0;0;0;0;0
FR;8;2022-09-11;0;0;0;0;0;0;0;0;0;0;0;0;0;0;0;0;0;0
FR;8;2022-09-12;0;0;0;0;0;0;0;0;0;0;0;0;0;0;0;0;0;0
FR;8;2022-09-13;0;0;0;0;0;0;0;0;0;0;0;0;0;0;0;0;0;0
FR;8;2022-09-14;0;0;0;0;0;0;0;0;0;0;0;0;0;0;0;0;0;0
FR;8;2022-09-15;0;0;0;0;0;0;0;0;0;0;0;0;0;0;0;0;0;0
FR;8;2022-09-16;0;0;0;0;0;0;0;0;0;0;0;0;0;0;0;0;0;0
FR;8;2022-09-17;0;0;0;0;0;0;0;0;0;0;0;0;0;0;0;0;0;0
FR;8;2022-09-18;0;0;0;0;0;0;0;0;0;0;0;0;0;0;0;0;0;0
FR;8;2022-09-19;0;0;0;0;0;0;0;0;0;0;0;0;0;0;0;0;0;0
FR;8;2022-09-20;0;0;0;0;0;0;0;0;0;0;0;0;0;0;0;0;0;0
FR;8;2022-09-21;0;0;0;0;0;0;0;0;0;0;0;0;0;0;0;0;0;0
FR;8;2022-09-22;0;0;0;0;0;0;0;0;0;0;0;0;0;0;0;0;0;0
FR;8;2022-09-23;0;0;0;0;0;0;0;0;0;0;0;0;0;0;0;0;0;0
FR;8;2022-09-24;0;0;0;0;0;0;0;0;0;0;0;0;0;0;0;0;0;0
FR;8;2022-09-25;0;0;0;0;0;0;0;0;0;0;0;0;0;0;0;0;0;0
FR;8;2022-09-26;0;0;0;0;0;0;0;0;0;0;0;0;0;0;0;0;0;0
FR;8;2022-09-27;0;0;0;0;0;0;0;0;0;0;0;0;0;0;0;0;0;0
FR;8;2022-09-28;0;0;0;0;0;0;0;0;0;0;0;0;0;0;0;0;0;0
FR;8;2022-09-29;0;0;0;0;0;0;0;0;0;0;0;0;0;0;0;0;0;0
FR;8;2022-09-30;0;0;0;0;0;0;0;0;0;0;0;0;0;0;0;0;0;0
FR;8;2022-10-01;0;0;0;0;0;0;0;0;0;0;0;0;0;0;0;0;0;0
FR;8;2022-10-02;0;0;0;0;0;0;0;0;0;0;0;0;0;0;0;0;0;0
FR;8;2022-10-03;0;0;0;0;0;0;0;0;0;0;0;0;0;0;0;0;0;0
FR;8;2022-10-04;0;0;0;0;0;0;0;0;0;0;0;0;0;0;0;0;0;0
FR;8;2022-10-05;0;0;0;0;0;0;0;0;0;0;0;0;0;0;0;0;0;0
FR;8;2022-10-06;13;17;113;861;8;83;866;1059;110;13;17;113;861;8;83;866;1059;110
FR;8;2022-10-07;75;103;842;8012;63;699;8066;9845;1073;88;120;955;8873;71;782;8932;10904;1183
FR;8;2022-10-08;37;115;610;4057;50;516;4109;5310;676;125;235;1565;12930;121;1298;13041;16214;1859
FR;8;2022-10-09;17;22;145;885;13;132;913;1234;185;142;257;1710;13815;134;1430;13954;17448;2044
FR;8;2022-10-10;124;192;1351;12751;106;1044;12982;16301;2253;266;449;3061;26566;240;2474;26936;33749;4297
FR;8;2022-10-11;200;264;2476;26927;136;2012;27198;33964;4717;466;713;5537;53493;376;4486;54134;67713;9014
FR;8;2022-10-12;161;258;1831;18238;152;1441;18474;23474;3535;627;971;7368;71731;528;5927;72608;91187;12549
FR;8;2022-10-13;209;281;2512;28077;178;1905;28441;35580;5206;836;1252;9880;99808;706;7832;101049;126767;17755
FR;8;2022-10-14;257;419;3272;36247;241;2557;36672;45578;6307;1093;1671;13152;136055;947;10389;137721;172345;24062
FR;8;2022-10-15;105;182;1203;8806;79;1002;8932;11783;1829;1198;1853;14355;144861;1026;11391;146653;184128;25891
FR;8;2022-10-16;34;54;248;1522;26;215;1557;2179;402;1232;1907;14603;146383;1052;11606;148210;186307;26293
FR;8;2022-10-17;159;313;2101;21806;175;1631;22113;28302;4536;1391;2220;16704;168189;1227;13237;170323;214609;30829
FR;8;2022-10-18;274;350;3356;37862;227;2654;38245;50787;9815;1665;2570;20060;206051;1454;15891;208568;265396;40644
FR;8;2022-10-19;204;314;2632;28300;183;2187;28620;38730;7862;1869;2884;22692;234351;1637;18078;237188;304126;48506
FR;8;2022-10-20;257;368;3577;41211;229;2653;41816;55721;11167;2126;3252;26269;275562;1866;20731;279004;359847;59673
FR;8;2022-10-21;325;489;4461;49419;276;3475;50018;66309;12717;2451;3741;30730;324981;2142;24206;329022;426156;72390
FR;8;2022-10-22;127;168;1230;10665;111;927;10851;14746;2949;2578;3909;31960;335646;2253;25133;339873;440902;75339
FR;8;2022-10-23;50;53;266;1762;48;197;1841;2610;571;2628;3962;32226;337408;2301;25330;341714;443512;75910
FR;8;2022-10-24;231;311;2475;24045;174;2074;24343;33553;7085;2859;4273;34701;361453;2475;27404;366057;477065;82995
FR;8;2022-10-25;307;417;4082;43467;257;3138;44066;61316;14009;3166;4690;38783;404920;2732;30542;410123;538381;97004
FR;8;2022-10-26;228;343;2885;28761;186;2381;29040;41472;9963;3394;5033;41668;433681;2918;32923;439163;579853;106967
FR;8;2022-10-27;277;415;3330;36200;243;2636;36676;51266;11889;3671;5448;44998;469881;3161;35559;475839;631119;118856
FR;8;2022-10-28;329;466;3829;39480;258;2864;40203;55137;12001;4000;5914;48827;509361;3419;38423;516042;686256;130857
FR;8;2022-10-29;113;165;1074;8230;94;803;8374;11861;2667;4113;6079;49901;517591;3513;39226;524416;698117;133524
FR;8;2022-10-30;40;53;210;1348;38;180;1394;2063;485;4153;6132;50111;518939;3551;39406;525810;700180;134009
FR;8;2022-10-31;196;260;1665;14543;145;1277;14808;21209;5106;4349;6392;51776;533482;3696;40683;540618;721389;139115
FR;8;2022-11-01;49;43;137;963;25;171;978;1626;474;4398;6435;51913;534445;3721;40854;541596;723015;139589
FR;8;2022-11-02;199;371;2377;23320;206;1982;23714;35067;9304;4597;6806;54290;557765;3927;42836;565310;758082;148893
FR;8;2022-11-03;311;419;3487;36969;260;2604;37612;54691;14376;4908;7225;57777;594734;4187;45440;602922;812773;163269
FR;8;2022-11-04;356;497;3784;40210;262;2976;40733;57999;14179;5264;7722;61561;634944;4449;48416;643655;870772;177448
FR;8;2022-11-05;113;188;1103;8769;122;850;8936;12891;3070;5377;7910;62664;643713;4571;49266;652591;883663;180518
FR;8;2022-11-06;45;56;224;1409;38;205;1442;2250;593;5422;7966;62888;645122;4609;49471;654033;885913;181111
FR;8;2022-11-07;261;281;2324;24844;208;1799;25432;37630;10331;5683;8247;65212;669966;4817;51270;679465;923543;191442
FR;8;2022-11-08;368;507;4340;48401;308;3266;49380;71628;18820;6051;8754;69552;718367;5125;54536;728845;995171;210262
FR;8;2022-11-09;269;370;2879;29183;212;2263;29868;44486;12271;6320;9124;72431;747550;5337;56799;758713;1039657;222533
FR;8;2022-11-10;369;545;3958;40291;314;3028;41203;60577;16206;6689;9669;76389;787841;5651;59827;799916;1100234;238739
FR;8;2022-11-11;40;63;243;1480;34;204;1526;2676;933;6729;9732;76632;789321;5685;60031;801442;1102910;239672
FR;8;2022-11-12;84;165;881;6433;79;687;6636;9894;2552;6813;9897;77513;795754;5764;60718;808078;1112804;242224
FR;8;2022-11-13;36;54;213;1110;35;173;1162;1927;586;6849;9951;77726;796864;5799;60891;809240;1114731;242810
FR;8;2022-11-14;235;307;2242;22462;168;1725;23004;35116;10312;7084;10258;79968;819326;5967;62616;832244;1149847;253122
FR;8;2022-11-15;349;431;3766;42362;265;2871;43269;64818;18544;7433;10689;83734;861688;6232;65487;875513;1214665;271666
FR;8;2022-11-16;308;353;2621;26556;221;2158;27029;41770;12498;7741;11042;86355;888244;6453;67645;902542;1256435;284164
FR;8;2022-11-17;373;431;3386;36877;293;2617;37455;56665;16494;8114;11473;89741;925121;6746;70262;939997;1313100;300658
FR;8;2022-11-18;346;468;4073;42326;290;2977;43177;63687;17429;8460;11941;93814;967447;7036;73239;983174;1376787;318087
FR;8;2022-11-19;121;182;1198;8974;121;844;9156;13833;3795;8581;12123;95012;976421;7157;74083;992330;1390620;321882
FR;8;2022-11-20;35;54;260;1585;38;217;1653;2663;788;8616;12177;95272;978006;7195;74300;993983;1393283;322670
FR;8;2022-11-21;218;303;2078;20128;178;1601;20660;32198;9870;8834;12480;97350;998134;7373;75901;1014643;1425481;332540
FR;8;2022-11-22;338;409;3477;37571;252;2675;38088;58210;17336;9172;12889;100827;1035705;7625;78576;1052731;1483691;349876
FR;8;2022-11-23;234;327;2415;24440;192;2018;24870;39248;12278;9406;13216;103242;1060145;7817;80594;1077601;1522939;362154
FR;8;2022-11-24;350;391;3373;34920;238;2581;35608;55384;17096;9756;13607;106615;1095065;8055;83175;1113209;1578323;379250
FR;8;2022-11-25;311;428;3633;37739;291;2625;38537;57858;16572;10067;14035;110248;1132804;8346;85800;1151746;1636181;395822
FR;8;2022-11-26;172;195;1177;8819;127;898;8976;13689;3784;10239;14230;111425;1141623;8473;86698;1160722;1649870;399606
FR;8;2022-11-27;45;43;227;1545;38;180;1561;2472;721;10284;14273;111652;1143168;8511;86878;1162283;1652342;400327
FR;8;2022-11-28;184;301;2309;23380;172;1703;24044;37329;11508;10468;14574;113961;1166548;8683;88581;1186327;1689671;411835
FR;8;2022-11-29;293;428;3978;44084;217;2943;44770;69162;21326;10761;15002;117939;1210632;8900;91524;1231097;1758833;433161
FR;8;2022-11-30;283;412;3377;34888;228;2545;35652;54726;16411;11044;15414;121316;1245520;9128;94069;1266749;1813559;449572
FR;8;2022-12-01;333;476;4478;49380;274;3132;50156;77730;24279;11377;15890;125794;1294900;9402;97201;1316905;1891289;473851
FR;8;2022-12-02;410;521;5438;58452;307;3742;59629;89818;26257;11787;16411;131232;1353352;9709;100943;1376534;1981107;500108
FR;8;2022-12-03;178;218;1917;16860;108;1327;17272;25842;7207;11965;16629;133149;1370212;9817;102270;1393806;2006949;507315
FR;8;2022-12-04;53;90;489;4056;59;404;4116;6288;1756;12018;16719;133638;1374268;9876;102674;1397922;2013237;509071
FR;8;2022-12-05;294;407;3848;42365;250;2515;43288;66941;20989;12312;17126;137486;1416633;10126;105189;1441210;2080178;530060
FR;8;2022-12-06;429;552;6299;74323;311;4213;75742;117944;37743;12741;17678;143785;1490956;10437;109402;1516952;2198122;567803
FR;8;2022-12-07;364;438;4908;55030;266;3244;56116;87698;28143;13105;18116;148693;1545986;10703;112646;1573068;2285820;595946
FR;8;2022-12-08;454;539;6447;75453;297;4197;77035;120480;38987;13559;18655;155140;1621439;11000;116843;1650103;2406300;634933
FR;8;2022-12-09;546;606;8021;90901;358;5214;92668;143007;44857;14105;19261;163161;1712340;11358;122057;1742771;2549307;679790
FR;8;2022-12-10;264;353;3341;31718;220;2089;32564;48738;13994;14369;19614;166502;1744058;11578;124146;1775335;2598045;693784
FR;8;2022-12-11;90;105;937;7866;66;645;8084;11894;3145;14459;19719;167439;1751924;11644;124791;1783419;2609939;696929
FR;8;2022-12-12;356;465;5859;64349;256;3730;65860;103403;33615;14815;20184;173298;1816273;11900;128521;1849279;2713342;730544
FR;8;2022-12-13;537;611;8430;99119;358;5206;101559;160225;53125;15352;20795;181728;1915392;12258;133727;1950838;2873567;783669
FR;8;2022-12-14;457;534;6363;70057;307;4213;71637;113498;37378;15809;21329;188091;1985449;12565;137940;2022475;2987065;821047
FR;8;2022-12-15;493;662;8161;91747;377;5142;93958;149261;49820;16302;21991;196252;2077196;12942;143082;2116433;3136326;870867
FR;8;2022-12-16;580;712;8876;100313;388;5709;102443;161931;53404;16882;22703;205128;2177509;13330;148791;2218876;3298257;924271
FR;8;2022-12-17;234;308;3145;30071;190;2004;30842;46782;13831;17116;23011;208273;2207580;13520;150795;2249718;3345039;938102
FR;8;2022-12-18;63;94;732;5974;50;499;6122;9296;2646;17179;23105;209005;2213554;13570;151294;2255840;3354335;940748
FR;8;2022-12-19;401;453;5344;53768;265;3368;55331;87760;28879;17580;23558;214349;2267322;13835;154662;2311171;3442095;969627
FR;8;2022-12-20;555;582;7347;76591;349;4755;78687;127125;43355;18135;24140;221696;2343913;14184;159417;2389858;3569220;1012982
FR;8;2022-12-21;425;482;4970;48810;288;3325;50102;81791;28166;18560;24622;226666;2392723;14472;162742;2439960;3651011;1041148
FR;8;2022-12-22;463;526;4588;44283;315;3188;45502;74794;25949;19023;25148;231254;2437006;14787;165930;2485462;3725805;1067097
FR;8;2022-12-23;320;390;2886;25049;253;2101;25697;42323;14407;19343;25538;234140;2462055;15040;168031;2511159;3768128;1081504
FR;8;2022-12-24;70;70;395;2551;41;295;2665;4151;1174;19413;25608;234535;2464606;15081;168326;2513824;3772279;1082678
FR;8;2022-12-25;29;30;106;546;22;84;567;914;260;19442;25638;234641;2465152;15103;168410;2514391;3773193;1082938
FR;8;2022-12-26;244;278;2158;16090;180;1507;16704;26810;8504;19686;25916;236799;2481242;15283;169917;2531095;3800003;1091442
FR;8;2022-12-27;393;453;3776;32420;265;2534;33515;55321;19125;20079;26369;240575;2513662;15548;172451;2564610;3855324;1110567
FR;8;2022-12-28;345;343;2941;24666;192;2055;25254;41763;14334;20424;26712;243516;2538328;15740;174506;2589864;3897087;1124901
FR;8;2022-12-29;298;408;3159;25513;226;2187;26465;43973;15191;20722;27120;246675;2563841;15966;176693;2616329;3941060;1140092
FR;8;2022-12-30;299;344;2445;18677;217;1703;19319;31741;10611;21021;27464;249120;2582518;16183;178396;2635648;3972801;1150703
FR;8;2022-12-31;92;117;453;2959;75;364;3102;4755;1269;21113;27581;249573;2585477;16258;178760;2638750;3977556;1151972
FR;8;2023-01-01;17;30;112;661;14;85;684;995;225;21130;27611;249685;2586138;16272;178845;2639434;3978551;1152197
FR;8;2023-01-02;281;412;2267;18224;244;1614;18684;32077;11694;21411;28023;251952;2604362;16516;180459;2658118;4010628;1163891
FR;8;2023-01-03;473;543;4251;42808;323;2915;43724;80860;33898;21884;28566;256203;2647170;16839;183374;2701842;4091488;1197789
FR;8;2023-01-04;412;477;3494;29985;295;2424;30740;58278;24927;22296;29043;259697;2677155;17134;185798;2732582;4149766;1222716
FR;8;2023-01-05;504;599;4370;41814;400;2934;42708;82001;36039;22800;29642;264067;2718969;17534;188732;2775290;4231767;1258755
FR;8;2023-01-06;515;670;5108;46737;405;3346;47750;89696;38269;23315;30312;269175;2765706;17939;192078;2823040;4321463;1297024
FR;8;2023-01-07;219;289;1703;12300;182;1198;12614;22347;8435;23534;30601;270878;2778006;18121;193276;2835654;4343810;1305459
FR;8;2023-01-08;68;105;443;2744;64;312;2839;5094;1926;23602;30706;271321;2780750;18185;193588;2838493;4348904;1307385
FR;8;2023-01-09;404;480;2621;21482;312;1846;22051;44583;20466;24006;31186;273942;2802232;18497;195434;2860544;4393487;1327851
FR;8;2023-01-10;462;628;4348;40172;393;3065;40936;85038;40653;24468;31814;278290;2842404;18890;198499;2901480;4478525;1368504
FR;8;2023-01-11;349;460;2949;24113;287;2115;24624;51474;24443;24817;32274;281239;2866517;19177;200614;2926104;4529999;1392947
FR;8;2023-01-12;410;542;3657;33167;332;2574;33788;70819;34087;25227;32816;284896;2899684;19509;203188;2959892;4600818;1427034
FR;8;2023-01-13;447;590;4049;34891;339;2863;35485;72859;34132;25674;33406;288945;2934575;19848;206051;2995377;4673677;1461166
FR;8;2023-01-14;178;229;1341;8858;123;957;9040;17183;7106;25852;33635;290286;2943433;19971;207008;3004417;4690860;1468272
FR;8;2023-01-15;63;87;329;1479;53;244;1585;3186;1345;25915;33722;290615;2944912;20024;207252;3006002;4694046;1469617
FR;8;2023-01-16;267;339;1997;15749;198;1433;16010;35206;17560;26182;34061;292612;2960661;20222;208685;3022012;4729252;1487177
FR;8;2023-01-17;360;453;3248;28164;281;2321;28672;64507;33107;26542;34514;295860;2988825;20503;211006;3050684;4793759;1520284
FR;8;2023-01-18;266;407;2191;16822;247;1668;17066;38333;19344;26808;34921;298051;3005647;20750;212674;3067750;4832092;1539628
FR;8;2023-01-19;355;413;2666;22305;251;1949;22653;51213;26239;27163;35334;300717;3027952;21001;214623;3090403;4883305;1565867
FR;8;2023-01-20;405;506;3175;24804;306;2340;25286;56594;28587;27568;35840;303892;3052756;21307;216963;3115689;4939899;1594454
FR;8;2023-01-21;147;189;1004;6114;102;732;6241;12899;5829;27715;36029;304896;3058870;21409;217695;3121930;4952798;1600283
FR;8;2023-01-22;31;52;156;833;23;138;878;1880;844;27746;36081;305052;3059703;21432;217833;3122808;4954678;1601127
FR;8;2023-01-23;215;299;1588;10613;163;1162;10833;26664;14421;27961;36380;306640;3070316;21595;218995;3133641;4981342;1615548
FR;8;2023-01-24;305;419;2408;20002;250;1795;20263;49917;27441;28266;36799;309048;3090318;21845;220790;3153904;5031259;1642989
FR;8;2023-01-25;241;378;1799;12091;230;1323;12492;29958;15877;28507;37177;310847;3102409;22075;222113;3166396;5061217;1658866
FR;8;2023-01-26;299;383;2221;16482;262;1641;16759;41507;22718;28806;37560;313068;3118891;22337;223754;3183155;5102724;1681584
FR;8;2023-01-27;311;494;2459;17866;299;1841;18102;44176;23809;29117;38054;315527;3136757;22636;225595;3201257;5146900;1705393
FR;8;2023-01-28;125;187;767;4327;124;600;4442;9722;4591;29242;38241;316294;3141084;22760;226195;3205699;5156622;1709984
FR;8;2023-01-29;26;43;86;438;28;67;470;1058;513;29268;38284;316380;3141522;22788;226262;3206169;5157680;1710497
FR;8;2023-01-30;207;314;1227;7966;186;1012;8130;20457;11066;29475;38598;317607;3149488;22974;227274;3214299;5178137;1721563
FR;8;2023-01-31;272;381;1914;13587;234;1420;13813;36226;20702;29747;38979;319521;3163075;23208;228694;3228112;5214363;1742265
FR;8;2023-02-01;247;344;1331;8018;223;1089;8138;21686;12181;29994;39323;320852;3171093;23431;229783;3236250;5236049;1754446
FR;8;2023-02-02;257;383;1572;11462;231;1280;11684;31030;17705;30251;39706;322424;3182555;23662;231063;3247934;5267079;1772151
FR;8;2023-02-03;279;448;1847;12109;286;1437;12291;32951;18842;30530;40154;324271;3194664;23948;232500;3260225;5300030;1790993
FR;8;2023-02-04;118;159;568;2954;109;461;2996;7184;3656;30648;40313;324839;3197618;24057;232961;3263221;5307214;1794649
FR;8;2023-02-05;10;53;65;224;31;60;239;571;264;30658;40366;324904;3197842;24088;233021;3263460;5307785;1794913
FR;8;2023-02-06;184;241;941;5171;169;702;5355;15006;8717;30842;40607;325845;3203013;24257;233723;3268815;5322791;1803630
FR;8;2023-02-07;234;388;1456;9421;262;1182;9561;27542;16391;31076;40995;327301;3212434;24519;234905;3278376;5350333;1820021
FR;8;2023-02-08;172;250;1019;5839;171;808;5986;16524;9449;31248;41245;328320;3218273;24690;235713;3284362;5366857;1829470
FR;8;2023-02-09;236;384;1175;7544;246;983;7728;22227;13188;31484;41629;329495;3225817;24936;236696;3292090;5389084;1842658
FR;8;2023-02-10;277;362;1399;7954;244;1157;8088;23127;13500;31761;41991;330894;3233771;25180;237853;3300178;5412211;1856158
FR;8;2023-02-11;88;145;470;2015;100;402;2092;5228;2665;31849;42136;331364;3235786;25280;238255;3302270;5417439;1858823
FR;8;2023-02-12;26;31;51;163;25;45;184;425;189;31875;42167;331415;3235949;25305;238300;3302454;5417864;1859012
FR;8;2023-02-13;130;205;671;3166;128;607;3261;9300;5295;32005;42372;332086;3239115;25433;238907;3305715;5427164;1864307
FR;8;2023-02-14;190;264;1061;5700;160;891;5846;17108;10073;32195;42636;333147;3244815;25593;239798;3311561;5444272;1874380
FR;8;2023-02-15;164;254;847;3875;145;726;4047;11820;6845;32359;42890;333994;3248690;25738;240524;3315608;5456092;1881225
FR;8;2023-02-16;168;306;999;4918;173;853;5061;14620;8456;32527;43196;334993;3253608;25911;241377;3320669;5470712;1889681
FR;8;2023-02-17;227;317;1101;5202;223;941;5425;15938;9313;32754;43513;336094;3258810;26134;242318;3326094;5486650;1898994
FR;8;2023-02-18;95;130;395;1491;86;312;1565;3902;1969;32849;43643;336489;3260301;26220;242630;3327659;5490552;1900963
FR;8;2023-02-19;22;36;43;132;31;35;135;333;159;32871;43679;336532;3260433;26251;242665;3327794;5490885;1901122
FR;8;2023-02-20;140;257;637;2679;161;591;2794;8196;4665;33011;43936;337169;3263112;26412;243256;3330588;5499081;1905787
FR;8;2023-02-21;178;307;965;4292;163;840;4495;13563;7951;33189;44243;338134;3267404;26575;244096;3335083;5512644;1913738
FR;8;2023-02-22;156;255;663;2771;171;622;2804;8636;5042;33345;44498;338797;3270175;26746;244718;3337887;5521280;1918780
FR;8;2023-02-23;151;260;825;3780;153;736;3955;11832;6862;33496;44758;339622;3273955;26899;245454;3341842;5533112;1925642
FR;8;2023-02-24;158;311;953;4116;191;829;4305;12438;7065;33654;45069;340575;3278071;27090;246283;3346147;5545550;1932707
FR;8;2023-02-25;58;102;346;1058;69;276;1113;2942;1495;33712;45171;340921;3279129;27159;246559;3347260;5548492;1934202
FR;8;2023-02-26;14;21;31;95;22;28;108;249;106;33726;45192;340952;3279224;27181;246587;3347368;5548741;1934308
FR;8;2023-02-27;92;221;506;1829;152;481;1898;6240;3724;33818;45413;341458;3281053;27333;247068;3349266;5554981;1938032
FR;8;2023-02-28;158;257;758;3343;153;716;3476;11642;7145;33976;45670;342216;3284396;27486;247784;3352742;5566623;1945177
FR;8;2023-03-01;130;195;521;1830;145;459;1982;6235;3647;34106;45865;342737;3286226;27631;248243;3354724;5572858;1948824
FR;8;2023-03-02;129;218;715;2764;133;607;2956;9696;5903;34235;46083;343452;3288990;27764;248850;3357680;5582554;1954727
FR;8;2023-03-03;180;329;897;3411;218;794;3541;11296;6649;34415;46412;344349;3292401;27982;249644;3361221;5593850;1961376
FR;8;2023-03-04;58;135;311;975;81;295;981;2632;1296;34473;46547;344660;3293376;28063;249939;3362202;5596482;1962672
FR;8;2023-03-05;12;19;22;49;15;26;49;185;99;34485;46566;344682;3293425;28078;249965;3362251;5596667;1962771
FR;8;2023-03-06;118;178;414;1309;103;394;1370;4425;2523;34603;46744;345096;3294734;28181;250359;3363621;5601092;1965294
FR;8;2023-03-07;121;211;566;2159;127;523;2235;7520;4572;34724;46955;345662;3296893;28308;250882;3365856;5608612;1969866
FR;8;2023-03-08;93;175;449;1329;108;399;1417;4716;2747;34817;47130;346111;3298222;28416;251281;3367273;5613328;1972613
FR;8;2023-03-09;118;202;559;1869;123;525;1932;6760;4131;34935;47332;346670;3300091;28539;251806;3369205;5620088;1976744
FR;8;2023-03-10;201;332;773;2423;211;699;2559;8570;5072;35136;47664;347443;3302514;28750;252505;3371764;5628658;1981816
FR;8;2023-03-11;54;114;271;734;78;236;768;2152;1096;35190;47778;347714;3303248;28828;252741;3372532;5630810;1982912
FR;8;2023-03-12;6;10;23;60;8;22;61;172;85;35196;47788;347737;3303308;28836;252763;3372593;5630982;1982997
FR;8;2023-03-13;80;137;385;991;88;344;1068;3431;1929;35276;47925;348122;3304299;28924;253107;3373661;5634413;1984926
FR;8;2023-03-14;110;210;560;1733;124;544;1808;6367;3809;35386;48135;348682;3306032;29048;253651;3375469;5640780;1988735
FR;8;2023-03-15;105;166;407;1099;117;370;1171;4051;2362;35491;48301;349089;3307131;29165;254021;3376640;5644831;1991097
FR;8;2023-03-16;99;192;504;1496;124;461;1581;5575;3338;35590;48493;349593;3308627;29289;254482;3378221;5650406;1994435
FR;8;2023-03-17;139;220;644;1831;135;561;1978;6799;4015;35729;48713;350237;3310458;29424;255043;3380199;5657205;1998450
FR;8;2023-03-18;75;111;272;528;69;258;587;1850;944;35804;48824;350509;3310986;29493;255301;3380786;5659055;1999394
FR;8;2023-03-19;3;15;24;45;15;12;52;116;49;35807;48839;350533;3311031;29508;255313;3380838;5659171;1999443
FR;8;2023-03-20;85;171;404;922;95;402;1003;3499;1963;35892;49010;350937;3311953;29603;255715;3381841;5662670;2001406
FR;8;2023-03-21;126;202;570;1509;119;547;1680;6104;3631;36018;49212;351507;3313462;29722;256262;3383521;5668774;2005037
FR;8;2023-03-22;118;158;394;933;106;369;1046;3621;2080;36136;49370;351901;3314395;29828;256631;3384567;5672395;2007117
FR;8;2023-03-23;89;160;514;1277;90;457;1365;4853;2823;36225;49530;352415;3315672;29918;257088;3385932;5677248;2009940
FR;8;2023-03-24;143;265;695;1616;157;634;1786;6228;3552;36368;49795;353110;3317288;30075;257722;3387718;5683476;2013492
FR;8;2023-03-25;58;94;274;491;71;240;545;1616;760;36426;49889;353384;3317779;30146;257962;3388263;5685092;2014252
FR;8;2023-03-26;6;9;16;30;8;13;30;83;38;36432;49898;353400;3317809;30154;257975;3388293;5685175;2014290
FR;8;2023-03-27;108;170;406;789;124;385;877;3123;1739;36540;50068;353806;3318598;30278;258360;3389170;5688298;2016029
FR;8;2023-03-28;110;178;528;1451;96;485;1584;5794;3442;36650;50246;354334;3320049;30374;258845;3390754;5694092;2019471
FR;8;2023-03-29;90;168;370;890;87;362;1027;3545;1968;36740;50414;354704;3320939;30461;259207;3391781;5697637;2021439
FR;8;2023-03-30;99;172;485;1246;88;480;1389;5043;2878;36839;50586;355189;3322185;30549;259687;3393170;5702680;2024317
FR;8;2023-03-31;127;248;638;1619;167;556;1761;6375;3694;36966;50834;355827;3323804;30716;260243;3394931;5709055;2028011
FR;8;2023-04-01;57;105;283;537;52;241;625;1828;870;37023;50939;356110;3324341;30768;260484;3395556;5710883;2028881
FR;8;2023-04-02;5;21;20;34;12;26;36;106;44;37028;50960;356130;3324375;30780;260510;3395592;5710989;2028925
FR;8;2023-04-03;75;137;362;737;89;332;833;2942;1609;37103;51097;356492;3325112;30869;260842;3396425;5713931;2030534
FR;8;2023-04-04;77;179;461;1093;118;382;1244;4868;2883;37180;51276;356953;3326205;30987;261224;3397669;5718799;2033417
FR;8;2023-04-05;69;134;345;726;85;329;813;3140;1789;37249;51410;357298;3326931;31072;261553;3398482;5721939;2035206
FR;8;2023-04-06;91;118;367;952;73;333;1061;3928;2238;37340;51528;357665;3327883;31145;261886;3399543;5725867;2037444
FR;8;2023-04-07;119;213;489;1161;130;450;1281;4632;2579;37459;51741;358154;3329044;31275;262336;3400824;5730499;2040023
FR;8;2023-04-08;33;93;209;347;57;204;382;1215;538;37492;51834;358363;3329391;31332;262540;3401206;5731714;2040561
FR;8;2023-04-09;3;16;16;12;9;19;16;52;15;37495;51850;358379;3329403;31341;262559;3401222;5731766;2040576
FR;8;2023-04-10;6;11;24;27;5;23;36;88;25;37501;51861;358403;3329430;31346;262582;3401258;5731854;2040601
FR;8;2023-04-11;73;171;461;873;91;453;975;3960;2171;37574;52032;358864;3330303;31437;263035;3402233;5735814;2042772
FR;8;2023-04-12;77;143;317;659;96;310;711;2939;1646;37651;52175;359181;3330962;31533;263345;3402944;5738753;2044418
FR;8;2023-04-13;67;165;359;856;99;349;944;3941;2256;37718;52340;359540;3331818;31632;263694;3403888;5742694;2046674
FR;8;2023-04-14;119;191;468;1120;126;421;1193;4833;2784;37837;52531;360008;3332938;31758;264115;3405081;5747527;2049458
FR;8;2023-04-15;32;80;188;366;42;186;393;1356;627;37869;52611;360196;3333304;31800;264301;3405474;5748883;2050085
FR;8;2023-04-16;14;12;11;34;10;14;30;103;44;37883;52623;360207;3333338;31810;264315;3405504;5748986;2050129
FR;8;2023-04-17;56;133;279;552;70;292;642;2742;1479;37939;52756;360486;3333890;31880;264607;3406146;5751728;2051608
FR;8;2023-04-18;95;135;352;794;83;357;878;3854;2183;38034;52891;360838;3334684;31963;264964;3407024;5755582;2053791
FR;8;2023-04-19;61;91;264;550;60;238;642;2598;1367;38095;52982;361102;3335234;32023;265202;3407666;5758180;2055158
FR;8;2023-04-20;66;137;290;721;85;283;771;3187;1746;38161;53119;361392;3335955;32108;265485;3408437;5761367;2056904
FR;8;2023-04-21;84;174;386;886;93;385;1009;3987;2100;38245;53293;361778;3336841;32201;265870;3409446;5765354;2059004
FR;8;2023-04-22;25;67;130;232;40;141;255;1010;496;38270;53360;361908;3337073;32241;266011;3409701;5766364;2059500
FR;8;2023-04-23;2;5;12;16;4;12;19;60;21;38272;53365;361920;3337089;32245;266023;3409720;5766424;2059521
FR;8;2023-04-24;68;113;242;480;66;226;557;2174;1093;38340;53478;362162;3337569;32311;266249;3410277;5768598;2060614
FR;8;2023-04-25;80;132;322;741;82;333;791;3750;2027;38420;53610;362484;3338310;32393;266582;3411068;5772348;2062641
FR;8;2023-04-26;54;95;243;446;73;237;510;2267;1173;38474;53705;362727;3338756;32466;266819;3411578;5774615;2063814
FR;8;2023-04-27;83;116;279;691;69;283;757;3315;1753;38557;53821;363006;3339447;32535;267102;3412335;5777930;2065567
FR;8;2023-04-28;110;193;360;764;99;380;873;3927;1967;38667;54014;363366;3340211;32634;267482;3413208;5781857;2067534
FR;8;2023-04-29;51;57;126;234;42;115;274;992;453;38718;54071;363492;3340445;32676;267597;3413482;5782849;2067987
FR;8;2023-04-30;1;7;10;9;3;9;11;49;20;38719;54078;363502;3340454;32679;267606;3413493;5782898;2068007
FR;8;2023-05-01;10;6;11;7;3;12;8;47;14;38729;54084;363513;3340461;32682;267618;3413501;5782945;2068021
FR;8;2023-05-02;87;146;291;568;88;287;670;3181;1629;38816;54230;363804;3341029;32770;267905;3414171;5786126;2069650
FR;8;2023-05-03;78;92;211;418;64;209;463;2457;1236;38894;54322;364015;3341447;32834;268114;3414634;5788583;2070886
FR;8;2023-05-04;67;120;247;652;81;300;671;3599;1838;38961;54442;364262;3342099;32915;268414;3415305;5792182;2072724
FR;8;2023-05-05;89;151;299;712;85;340;794;4087;2132;39050;54593;364561;3342811;33000;268754;3416099;5796269;2074856
FR;8;2023-05-06;49;54;104;216;37;117;227;991;460;39099;54647;364665;3343027;33037;268871;3416326;5797260;2075316
FR;8;2023-05-07;4;5;7;13;3;6;15;67;20;39103;54652;364672;3343040;33040;268877;3416341;5797327;2075336
FR;8;2023-05-08;10;9;15;16;6;17;35;122;61;39113;54661;364687;3343056;33046;268894;3416376;5797449;2075397
FR;8;2023-05-09;63;92;201;467;64;208;508;3060;1532;39176;54753;364888;3343523;33110;269102;3416884;5800509;2076929
FR;8;2023-05-10;59;84;172;439;60;211;471;2827;1320;39235;54837;365060;3343962;33170;269313;3417355;5803336;2078249
FR;8;2023-05-11;62;78;197;569;57;182;636;3542;1740;39297;54915;365257;3344531;33227;269495;3417991;5806878;2079989
FR;8;2023-05-12;66;91;223;660;62;232;700;3916;1832;39363;55006;365480;3345191;33289;269727;3418691;5810794;2081821
FR;8;2023-05-13;27;43;94;184;26;103;199;899;372;39390;55049;365574;3345375;33315;269830;3418890;5811693;2082193
FR;8;2023-05-14;3;12;6;14;7;10;15;65;26;39393;55061;365580;3345389;33322;269840;3418905;5811758;2082219
FR;8;2023-05-15;36;63;142;369;39;135;414;2556;1197;39429;55124;365722;3345758;33361;269975;3419319;5814314;2083416
FR;8;2023-05-16;59;102;182;602;65;194;673;4565;2163;39488;55226;365904;3346360;33426;270169;3419992;5818879;2085579
FR;9;2020-12-27;0;0;0;0;0;0;0;0;0;0;0;0;0;0;0;0;0;0
FR;9;2020-12-28;0;0;0;0;0;0;0;0;0;0;0;0;0;0;0;0;0;0
FR;9;2020-12-29;0;0;0;0;0;0;0;0;0;0;0;0;0;0;0;0;0;0
FR;9;2020-12-30;0;0;0;0;0;0;0;0;0;0;0;0;0;0;0;0;0;0
FR;9;2020-12-31;0;0;0;0;0;0;0;0;0;0;0;0;0;0;0;0;0;0
FR;9;2021-01-01;0;0;0;0;0;0;0;0;0;0;0;0;0;0;0;0;0;0
FR;9;2021-01-02;0;0;0;0;0;0;0;0;0;0;0;0;0;0;0;0;0;0
FR;9;2021-01-03;0;0;0;0;0;0;0;0;0;0;0;0;0;0;0;0;0;0
FR;9;2021-01-04;0;0;0;0;0;0;0;0;0;0;0;0;0;0;0;0;0;0
FR;9;2021-01-05;0;0;0;0;0;0;0;0;0;0;0;0;0;0;0;0;0;0
FR;9;2021-01-06;0;0;0;0;0;0;0;0;0;0;0;0;0;0;0;0;0;0
FR;9;2021-01-07;0;0;0;0;0;0;0;0;0;0;0;0;0;0;0;0;0;0
FR;9;2021-01-08;0;0;0;0;0;0;0;0;0;0;0;0;0;0;0;0;0;0
FR;9;2021-01-09;0;0;0;0;0;0;0;0;0;0;0;0;0;0;0;0;0;0
FR;9;2021-01-10;0;0;0;0;0;0;0;0;0;0;0;0;0;0;0;0;0;0
FR;9;2021-01-11;0;0;0;0;0;0;0;0;0;0;0;0;0;0;0;0;0;0
FR;9;2021-01-12;0;0;0;0;0;0;0;0;0;0;0;0;0;0;0;0;0;0
FR;9;2021-01-13;0;0;0;0;0;0;0;0;0;0;0;0;0;0;0;0;0;0
FR;9;2021-01-14;0;0;0;0;0;0;0;0;0;0;0;0;0;0;0;0;0;0
FR;9;2021-01-15;0;0;0;0;0;0;0;0;0;0;0;0;0;0;0;0;0;0
FR;9;2021-01-16;0;0;0;0;0;0;0;0;0;0;0;0;0;0;0;0;0;0
FR;9;2021-01-17;0;0;0;0;0;0;0;0;0;0;0;0;0;0;0;0;0;0
FR;9;2021-01-18;0;0;0;0;0;0;0;0;0;0;0;0;0;0;0;0;0;0
FR;9;2021-01-19;0;0;0;0;0;0;0;0;0;0;0;0;0;0;0;0;0;0
FR;9;2021-01-20;0;0;0;0;0;0;0;0;0;0;0;0;0;0;0;0;0;0
FR;9;2021-01-21;0;0;0;0;0;0;0;0;0;0;0;0;0;0;0;0;0;0
FR;9;2021-01-22;0;0;0;0;0;0;0;0;0;0;0;0;0;0;0;0;0;0
FR;9;2021-01-23;0;0;0;0;0;0;0;0;0;0;0;0;0;0;0;0;0;0
FR;9;2021-01-24;0;0;0;0;0;0;0;0;0;0;0;0;0;0;0;0;0;0
FR;9;2021-01-25;0;0;0;0;0;0;0;0;0;0;0;0;0;0;0;0;0;0
FR;9;2021-01-26;0;0;0;0;0;0;0;0;0;0;0;0;0;0;0;0;0;0
FR;9;2021-01-27;0;0;0;0;0;0;0;0;0;0;0;0;0;0;0;0;0;0
FR;9;2021-01-28;0;0;0;0;0;0;0;0;0;0;0;0;0;0;0;0;0;0
FR;9;2021-01-29;0;0;0;0;0;0;0;0;0;0;0;0;0;0;0;0;0;0
FR;9;2021-01-30;0;0;0;0;0;0;0;0;0;0;0;0;0;0;0;0;0;0
FR;9;2021-01-31;0;0;0;0;0;0;0;0;0;0;0;0;0;0;0;0;0;0
FR;9;2021-02-01;0;0;0;0;0;0;0;0;0;0;0;0;0;0;0;0;0;0
FR;9;2021-02-02;0;0;0;0;0;0;0;0;0;0;0;0;0;0;0;0;0;0
FR;9;2021-02-03;0;0;0;0;0;0;0;0;0;0;0;0;0;0;0;0;0;0
FR;9;2021-02-04;0;0;0;0;0;0;0;0;0;0;0;0;0;0;0;0;0;0
FR;9;2021-02-05;0;0;0;0;0;0;0;0;0;0;0;0;0;0;0;0;0;0
FR;9;2021-02-06;0;0;0;0;0;0;0;0;0;0;0;0;0;0;0;0;0;0
FR;9;2021-02-07;0;0;0;0;0;0;0;0;0;0;0;0;0;0;0;0;0;0
FR;9;2021-02-08;0;0;0;0;0;0;0;0;0;0;0;0;0;0;0;0;0;0
FR;9;2021-02-09;0;0;0;0;0;0;0;0;0;0;0;0;0;0;0;0;0;0
FR;9;2021-02-10;0;0;0;0;0;0;0;0;0;0;0;0;0;0;0;0;0;0
FR;9;2021-02-11;0;0;0;0;0;0;0;0;0;0;0;0;0;0;0;0;0;0
FR;9;2021-02-12;0;0;0;0;0;0;0;0;0;0;0;0;0;0;0;0;0;0
FR;9;2021-02-13;0;0;0;0;0;0;0;0;0;0;0;0;0;0;0;0;0;0
FR;9;2021-02-14;0;0;0;0;0;0;0;0;0;0;0;0;0;0;0;0;0;0
FR;9;2021-02-15;0;0;0;0;0;0;0;0;0;0;0;0;0;0;0;0;0;0
FR;9;2021-02-16;0;0;0;0;0;0;0;0;0;0;0;0;0;0;0;0;0;0
FR;9;2021-02-17;0;0;0;0;0;0;0;0;0;0;0;0;0;0;0;0;0;0
FR;9;2021-02-18;0;0;0;0;0;0;0;0;0;0;0;0;0;0;0;0;0;0
FR;9;2021-02-19;0;0;0;0;0;0;0;0;0;0;0;0;0;0;0;0;0;0
FR;9;2021-02-20;0;0;0;0;0;0;0;0;0;0;0;0;0;0;0;0;0;0
FR;9;2021-02-21;0;0;0;0;0;0;0;0;0;0;0;0;0;0;0;0;0;0
FR;9;2021-02-22;0;0;0;0;0;0;0;0;0;0;0;0;0;0;0;0;0;0
FR;9;2021-02-23;0;0;0;0;0;0;0;0;0;0;0;0;0;0;0;0;0;0
FR;9;2021-02-24;0;0;0;0;0;0;0;0;0;0;0;0;0;0;0;0;0;0
FR;9;2021-02-25;0;0;0;0;0;0;0;0;0;0;0;0;0;0;0;0;0;0
FR;9;2021-02-26;0;0;0;0;0;0;0;0;0;0;0;0;0;0;0;0;0;0
FR;9;2021-02-27;0;0;0;0;0;0;0;0;0;0;0;0;0;0;0;0;0;0
FR;9;2021-02-28;0;0;0;0;0;0;0;0;0;0;0;0;0;0;0;0;0;0
FR;9;2021-03-01;0;0;0;0;0;0;0;0;0;0;0;0;0;0;0;0;0;0
FR;9;2021-03-02;0;0;0;0;0;0;0;0;0;0;0;0;0;0;0;0;0;0
FR;9;2021-03-03;0;0;0;0;0;0;0;0;0;0;0;0;0;0;0;0;0;0
FR;9;2021-03-04;0;0;0;0;0;0;0;0;0;0;0;0;0;0;0;0;0;0
FR;9;2021-03-05;0;0;0;0;0;0;0;0;0;0;0;0;0;0;0;0;0;0
FR;9;2021-03-06;0;0;0;0;0;0;0;0;0;0;0;0;0;0;0;0;0;0
FR;9;2021-03-07;0;0;0;0;0;0;0;0;0;0;0;0;0;0;0;0;0;0
FR;9;2021-03-08;0;0;0;0;0;0;0;0;0;0;0;0;0;0;0;0;0;0
FR;9;2021-03-09;0;0;0;0;0;0;0;0;0;0;0;0;0;0;0;0;0;0
FR;9;2021-03-10;0;0;0;0;0;0;0;0;0;0;0;0;0;0;0;0;0;0
FR;9;2021-03-11;0;0;0;0;0;0;0;0;0;0;0;0;0;0;0;0;0;0
FR;9;2021-03-12;0;0;0;0;0;0;0;0;0;0;0;0;0;0;0;0;0;0
FR;9;2021-03-13;0;0;0;0;0;0;0;0;0;0;0;0;0;0;0;0;0;0
FR;9;2021-03-14;0;0;0;0;0;0;0;0;0;0;0;0;0;0;0;0;0;0
FR;9;2021-03-15;0;0;0;0;0;0;0;0;0;0;0;0;0;0;0;0;0;0
FR;9;2021-03-16;0;0;0;0;0;0;0;0;0;0;0;0;0;0;0;0;0;0
FR;9;2021-03-17;0;0;0;0;0;0;0;0;0;0;0;0;0;0;0;0;0;0
FR;9;2021-03-18;0;0;0;0;0;0;0;0;0;0;0;0;0;0;0;0;0;0
FR;9;2021-03-19;0;0;0;0;0;0;0;0;0;0;0;0;0;0;0;0;0;0
FR;9;2021-03-20;0;0;0;0;0;0;0;0;0;0;0;0;0;0;0;0;0;0
FR;9;2021-03-21;0;0;0;0;0;0;0;0;0;0;0;0;0;0;0;0;0;0
FR;9;2021-03-22;0;0;0;0;0;0;0;0;0;0;0;0;0;0;0;0;0;0
FR;9;2021-03-23;0;0;0;0;0;0;0;0;0;0;0;0;0;0;0;0;0;0
FR;9;2021-03-24;0;0;0;0;0;0;0;0;0;0;0;0;0;0;0;0;0;0
FR;9;2021-03-25;0;0;0;0;0;0;0;0;0;0;0;0;0;0;0;0;0;0
FR;9;2021-03-26;0;0;0;0;0;0;0;0;0;0;0;0;0;0;0;0;0;0
FR;9;2021-03-27;0;0;0;0;0;0;0;0;0;0;0;0;0;0;0;0;0;0
FR;9;2021-03-28;0;0;0;0;0;0;0;0;0;0;0;0;0;0;0;0;0;0
FR;9;2021-03-29;0;0;0;0;0;0;0;0;0;0;0;0;0;0;0;0;0;0
FR;9;2021-03-30;0;0;0;0;0;0;0;0;0;0;0;0;0;0;0;0;0;0
FR;9;2021-03-31;0;0;0;0;0;0;0;0;0;0;0;0;0;0;0;0;0;0
FR;9;2021-04-01;0;0;0;0;0;0;0;0;0;0;0;0;0;0;0;0;0;0
FR;9;2021-04-02;0;0;0;0;0;0;0;0;0;0;0;0;0;0;0;0;0;0
FR;9;2021-04-03;0;0;0;0;0;0;0;0;0;0;0;0;0;0;0;0;0;0
FR;9;2021-04-04;0;0;0;0;0;0;0;0;0;0;0;0;0;0;0;0;0;0
FR;9;2021-04-05;0;0;0;0;0;0;0;0;0;0;0;0;0;0;0;0;0;0
FR;9;2021-04-06;0;0;0;0;0;0;0;0;0;0;0;0;0;0;0;0;0;0
FR;9;2021-04-07;0;0;0;0;0;0;0;0;0;0;0;0;0;0;0;0;0;0
FR;9;2021-04-08;0;0;0;0;0;0;0;0;0;0;0;0;0;0;0;0;0;0
FR;9;2021-04-09;0;0;0;0;0;0;0;0;0;0;0;0;0;0;0;0;0;0
FR;9;2021-04-10;0;0;0;0;0;0;0;0;0;0;0;0;0;0;0;0;0;0
FR;9;2021-04-11;0;0;0;0;0;0;0;0;0;0;0;0;0;0;0;0;0;0
FR;9;2021-04-12;0;0;0;0;0;0;0;0;0;0;0;0;0;0;0;0;0;0
FR;9;2021-04-13;0;0;0;0;0;0;0;0;0;0;0;0;0;0;0;0;0;0
FR;9;2021-04-14;0;0;0;0;0;0;0;0;0;0;0;0;0;0;0;0;0;0
FR;9;2021-04-15;0;0;0;0;0;0;0;0;0;0;0;0;0;0;0;0;0;0
FR;9;2021-04-16;0;0;0;0;0;0;0;0;0;0;0;0;0;0;0;0;0;0
FR;9;2021-04-17;0;0;0;0;0;0;0;0;0;0;0;0;0;0;0;0;0;0
FR;9;2021-04-18;0;0;0;0;0;0;0;0;0;0;0;0;0;0;0;0;0;0
FR;9;2021-04-19;0;0;0;0;0;0;0;0;0;0;0;0;0;0;0;0;0;0
FR;9;2021-04-20;0;0;0;0;0;0;0;0;0;0;0;0;0;0;0;0;0;0
FR;9;2021-04-21;0;0;0;0;0;0;0;0;0;0;0;0;0;0;0;0;0;0
FR;9;2021-04-22;0;0;0;0;0;0;0;0;0;0;0;0;0;0;0;0;0;0
FR;9;2021-04-23;0;0;0;0;0;0;0;0;0;0;0;0;0;0;0;0;0;0
FR;9;2021-04-24;0;0;0;0;0;0;0;0;0;0;0;0;0;0;0;0;0;0
FR;9;2021-04-25;0;0;0;0;0;0;0;0;0;0;0;0;0;0;0;0;0;0
FR;9;2021-04-26;0;0;0;0;0;0;0;0;0;0;0;0;0;0;0;0;0;0
FR;9;2021-04-27;0;0;0;0;0;0;0;0;0;0;0;0;0;0;0;0;0;0
FR;9;2021-04-28;0;0;0;0;0;0;0;0;0;0;0;0;0;0;0;0;0;0
FR;9;2021-04-29;0;0;0;0;0;0;0;0;0;0;0;0;0;0;0;0;0;0
FR;9;2021-04-30;0;0;0;0;0;0;0;0;0;0;0;0;0;0;0;0;0;0
FR;9;2021-05-01;0;0;0;0;0;0;0;0;0;0;0;0;0;0;0;0;0;0
FR;9;2021-05-02;0;0;0;0;0;0;0;0;0;0;0;0;0;0;0;0;0;0
FR;9;2021-05-03;0;0;0;0;0;0;0;0;0;0;0;0;0;0;0;0;0;0
FR;9;2021-05-04;0;0;0;0;0;0;0;0;0;0;0;0;0;0;0;0;0;0
FR;9;2021-05-05;0;0;0;0;0;0;0;0;0;0;0;0;0;0;0;0;0;0
FR;9;2021-05-06;0;0;0;0;0;0;0;0;0;0;0;0;0;0;0;0;0;0
FR;9;2021-05-07;0;0;0;0;0;0;0;0;0;0;0;0;0;0;0;0;0;0
FR;9;2021-05-08;0;0;0;0;0;0;0;0;0;0;0;0;0;0;0;0;0;0
FR;9;2021-05-09;0;0;0;0;0;0;0;0;0;0;0;0;0;0;0;0;0;0
FR;9;2021-05-10;0;0;0;0;0;0;0;0;0;0;0;0;0;0;0;0;0;0
FR;9;2021-05-11;0;0;0;0;0;0;0;0;0;0;0;0;0;0;0;0;0;0
FR;9;2021-05-12;0;0;0;0;0;0;0;0;0;0;0;0;0;0;0;0;0;0
FR;9;2021-05-13;0;0;0;0;0;0;0;0;0;0;0;0;0;0;0;0;0;0
FR;9;2021-05-14;0;0;0;0;0;0;0;0;0;0;0;0;0;0;0;0;0;0
FR;9;2021-05-15;0;0;0;0;0;0;0;0;0;0;0;0;0;0;0;0;0;0
FR;9;2021-05-16;0;0;0;0;0;0;0;0;0;0;0;0;0;0;0;0;0;0
FR;9;2021-05-17;0;0;0;0;0;0;0;0;0;0;0;0;0;0;0;0;0;0
FR;9;2021-05-18;0;0;0;0;0;0;0;0;0;0;0;0;0;0;0;0;0;0
FR;9;2021-05-19;0;0;0;0;0;0;0;0;0;0;0;0;0;0;0;0;0;0
FR;9;2021-05-20;0;0;0;0;0;0;0;0;0;0;0;0;0;0;0;0;0;0
FR;9;2021-05-21;0;0;0;0;0;0;0;0;0;0;0;0;0;0;0;0;0;0
FR;9;2021-05-22;0;0;0;0;0;0;0;0;0;0;0;0;0;0;0;0;0;0
FR;9;2021-05-23;0;0;0;0;0;0;0;0;0;0;0;0;0;0;0;0;0;0
FR;9;2021-05-24;0;0;0;0;0;0;0;0;0;0;0;0;0;0;0;0;0;0
FR;9;2021-05-25;0;0;0;0;0;0;0;0;0;0;0;0;0;0;0;0;0;0
FR;9;2021-05-26;0;0;0;0;0;0;0;0;0;0;0;0;0;0;0;0;0;0
FR;9;2021-05-27;0;0;0;0;0;0;0;0;0;0;0;0;0;0;0;0;0;0
FR;9;2021-05-28;0;0;0;0;0;0;0;0;0;0;0;0;0;0;0;0;0;0
FR;9;2021-05-29;0;0;0;0;0;0;0;0;0;0;0;0;0;0;0;0;0;0
FR;9;2021-05-30;0;0;0;0;0;0;0;0;0;0;0;0;0;0;0;0;0;0
FR;9;2021-05-31;0;0;0;0;0;0;0;0;0;0;0;0;0;0;0;0;0;0
FR;9;2021-06-01;0;0;0;0;0;0;0;0;0;0;0;0;0;0;0;0;0;0
FR;9;2021-06-02;0;0;0;0;0;0;0;0;0;0;0;0;0;0;0;0;0;0
FR;9;2021-06-03;0;0;0;0;0;0;0;0;0;0;0;0;0;0;0;0;0;0
FR;9;2021-06-04;0;0;0;0;0;0;0;0;0;0;0;0;0;0;0;0;0;0
FR;9;2021-06-05;0;0;0;0;0;0;0;0;0;0;0;0;0;0;0;0;0;0
FR;9;2021-06-06;0;0;0;0;0;0;0;0;0;0;0;0;0;0;0;0;0;0
FR;9;2021-06-07;0;0;0;0;0;0;0;0;0;0;0;0;0;0;0;0;0;0
FR;9;2021-06-08;0;0;0;0;0;0;0;0;0;0;0;0;0;0;0;0;0;0
FR;9;2021-06-09;0;0;0;0;0;0;0;0;0;0;0;0;0;0;0;0;0;0
FR;9;2021-06-10;0;0;0;0;0;0;0;0;0;0;0;0;0;0;0;0;0;0
FR;9;2021-06-11;0;0;0;0;0;0;0;0;0;0;0;0;0;0;0;0;0;0
FR;9;2021-06-12;0;0;0;0;0;0;0;0;0;0;0;0;0;0;0;0;0;0
FR;9;2021-06-13;0;0;0;0;0;0;0;0;0;0;0;0;0;0;0;0;0;0
FR;9;2021-06-14;0;0;0;0;0;0;0;0;0;0;0;0;0;0;0;0;0;0
FR;9;2021-06-15;0;0;0;0;0;0;0;0;0;0;0;0;0;0;0;0;0;0
FR;9;2021-06-16;0;0;0;0;0;0;0;0;0;0;0;0;0;0;0;0;0;0
FR;9;2021-06-17;0;0;0;0;0;0;0;0;0;0;0;0;0;0;0;0;0;0
FR;9;2021-06-18;0;0;0;0;0;0;0;0;0;0;0;0;0;0;0;0;0;0
FR;9;2021-06-19;0;0;0;0;0;0;0;0;0;0;0;0;0;0;0;0;0;0
FR;9;2021-06-20;0;0;0;0;0;0;0;0;0;0;0;0;0;0;0;0;0;0
FR;9;2021-06-21;0;0;0;0;0;0;0;0;0;0;0;0;0;0;0;0;0;0
FR;9;2021-06-22;0;0;0;0;0;0;0;0;0;0;0;0;0;0;0;0;0;0
FR;9;2021-06-23;0;0;0;0;0;0;0;0;0;0;0;0;0;0;0;0;0;0
FR;9;2021-06-24;0;0;0;0;0;0;0;0;0;0;0;0;0;0;0;0;0;0
FR;9;2021-06-25;0;0;0;0;0;0;0;0;0;0;0;0;0;0;0;0;0;0
FR;9;2021-06-26;0;0;0;0;0;0;0;0;0;0;0;0;0;0;0;0;0;0
FR;9;2021-06-27;0;0;0;0;0;0;0;0;0;0;0;0;0;0;0;0;0;0
FR;9;2021-06-28;0;0;0;0;0;0;0;0;0;0;0;0;0;0;0;0;0;0
FR;9;2021-06-29;0;0;0;0;0;0;0;0;0;0;0;0;0;0;0;0;0;0
FR;9;2021-06-30;0;0;0;0;0;0;0;0;0;0;0;0;0;0;0;0;0;0
FR;9;2021-07-01;0;0;0;0;0;0;0;0;0;0;0;0;0;0;0;0;0;0
FR;9;2021-07-02;0;0;0;0;0;0;0;0;0;0;0;0;0;0;0;0;0;0
FR;9;2021-07-03;0;0;0;0;0;0;0;0;0;0;0;0;0;0;0;0;0;0
FR;9;2021-07-04;0;0;0;0;0;0;0;0;0;0;0;0;0;0;0;0;0;0
FR;9;2021-07-05;0;0;0;0;0;0;0;0;0;0;0;0;0;0;0;0;0;0
FR;9;2021-07-06;0;0;0;0;0;0;0;0;0;0;0;0;0;0;0;0;0;0
FR;9;2021-07-07;0;0;0;0;0;0;0;0;0;0;0;0;0;0;0;0;0;0
FR;9;2021-07-08;0;0;0;0;0;0;0;0;0;0;0;0;0;0;0;0;0;0
FR;9;2021-07-09;0;0;0;0;0;0;0;0;0;0;0;0;0;0;0;0;0;0
FR;9;2021-07-10;0;0;0;0;0;0;0;0;0;0;0;0;0;0;0;0;0;0
FR;9;2021-07-11;0;0;0;0;0;0;0;0;0;0;0;0;0;0;0;0;0;0
FR;9;2021-07-12;0;0;0;0;0;0;0;0;0;0;0;0;0;0;0;0;0;0
FR;9;2021-07-13;0;0;0;0;0;0;0;0;0;0;0;0;0;0;0;0;0;0
FR;9;2021-07-14;0;0;0;0;0;0;0;0;0;0;0;0;0;0;0;0;0;0
FR;9;2021-07-15;0;0;0;0;0;0;0;0;0;0;0;0;0;0;0;0;0;0
FR;9;2021-07-16;0;0;0;0;0;0;0;0;0;0;0;0;0;0;0;0;0;0
FR;9;2021-07-17;0;0;0;0;0;0;0;0;0;0;0;0;0;0;0;0;0;0
FR;9;2021-07-18;0;0;0;0;0;0;0;0;0;0;0;0;0;0;0;0;0;0
FR;9;2021-07-19;0;0;0;0;0;0;0;0;0;0;0;0;0;0;0;0;0;0
FR;9;2021-07-20;0;0;0;0;0;0;0;0;0;0;0;0;0;0;0;0;0;0
FR;9;2021-07-21;0;0;0;0;0;0;0;0;0;0;0;0;0;0;0;0;0;0
FR;9;2021-07-22;0;0;0;0;0;0;0;0;0;0;0;0;0;0;0;0;0;0
FR;9;2021-07-23;0;0;0;0;0;0;0;0;0;0;0;0;0;0;0;0;0;0
FR;9;2021-07-24;0;0;0;0;0;0;0;0;0;0;0;0;0;0;0;0;0;0
FR;9;2021-07-25;0;0;0;0;0;0;0;0;0;0;0;0;0;0;0;0;0;0
FR;9;2021-07-26;0;0;0;0;0;0;0;0;0;0;0;0;0;0;0;0;0;0
FR;9;2021-07-27;0;0;0;0;0;0;0;0;0;0;0;0;0;0;0;0;0;0
FR;9;2021-07-28;0;0;0;0;0;0;0;0;0;0;0;0;0;0;0;0;0;0
FR;9;2021-07-29;0;0;0;0;0;0;0;0;0;0;0;0;0;0;0;0;0;0
FR;9;2021-07-30;0;0;0;0;0;0;0;0;0;0;0;0;0;0;0;0;0;0
FR;9;2021-07-31;0;0;0;0;0;0;0;0;0;0;0;0;0;0;0;0;0;0
FR;9;2021-08-01;0;0;0;0;0;0;0;0;0;0;0;0;0;0;0;0;0;0
FR;9;2021-08-02;0;0;0;0;0;0;0;0;0;0;0;0;0;0;0;0;0;0
FR;9;2021-08-03;0;0;0;0;0;0;0;0;0;0;0;0;0;0;0;0;0;0
FR;9;2021-08-04;0;0;0;0;0;0;0;0;0;0;0;0;0;0;0;0;0;0
FR;9;2021-08-05;0;0;0;0;0;0;0;0;0;0;0;0;0;0;0;0;0;0
FR;9;2021-08-06;0;0;0;0;0;0;0;0;0;0;0;0;0;0;0;0;0;0
FR;9;2021-08-07;0;0;0;0;0;0;0;0;0;0;0;0;0;0;0;0;0;0
FR;9;2021-08-08;0;0;0;0;0;0;0;0;0;0;0;0;0;0;0;0;0;0
FR;9;2021-08-09;0;0;0;0;0;0;0;0;0;0;0;0;0;0;0;0;0;0
FR;9;2021-08-10;0;0;0;0;0;0;0;0;0;0;0;0;0;0;0;0;0;0
FR;9;2021-08-11;0;0;0;0;0;0;0;0;0;0;0;0;0;0;0;0;0;0
FR;9;2021-08-12;0;0;0;0;0;0;0;0;0;0;0;0;0;0;0;0;0;0
FR;9;2021-08-13;0;0;0;0;0;0;0;0;0;0;0;0;0;0;0;0;0;0
FR;9;2021-08-14;0;0;0;0;0;0;0;0;0;0;0;0;0;0;0;0;0;0
FR;9;2021-08-15;0;0;0;0;0;0;0;0;0;0;0;0;0;0;0;0;0;0
FR;9;2021-08-16;0;0;0;0;0;0;0;0;0;0;0;0;0;0;0;0;0;0
FR;9;2021-08-17;0;0;0;0;0;0;0;0;0;0;0;0;0;0;0;0;0;0
FR;9;2021-08-18;0;0;0;0;0;0;0;0;0;0;0;0;0;0;0;0;0;0
FR;9;2021-08-19;0;0;0;0;0;0;0;0;0;0;0;0;0;0;0;0;0;0
FR;9;2021-08-20;0;0;0;0;0;0;0;0;0;0;0;0;0;0;0;0;0;0
FR;9;2021-08-21;0;0;0;0;0;0;0;0;0;0;0;0;0;0;0;0;0;0
FR;9;2021-08-22;0;0;0;0;0;0;0;0;0;0;0;0;0;0;0;0;0;0
FR;9;2021-08-23;0;0;0;0;0;0;0;0;0;0;0;0;0;0;0;0;0;0
FR;9;2021-08-24;0;0;0;0;0;0;0;0;0;0;0;0;0;0;0;0;0;0
FR;9;2021-08-25;0;0;0;0;0;0;0;0;0;0;0;0;0;0;0;0;0;0
FR;9;2021-08-26;0;0;0;0;0;0;0;0;0;0;0;0;0;0;0;0;0;0
FR;9;2021-08-27;0;0;0;0;0;0;0;0;0;0;0;0;0;0;0;0;0;0
FR;9;2021-08-28;0;0;0;0;0;0;0;0;0;0;0;0;0;0;0;0;0;0
FR;9;2021-08-29;0;0;0;0;0;0;0;0;0;0;0;0;0;0;0;0;0;0
FR;9;2021-08-30;0;0;0;0;0;0;0;0;0;0;0;0;0;0;0;0;0;0
FR;9;2021-08-31;0;0;0;0;0;0;0;0;0;0;0;0;0;0;0;0;0;0
FR;9;2021-09-01;0;0;0;0;0;0;0;0;0;0;0;0;0;0;0;0;0;0
FR;9;2021-09-02;0;0;0;0;0;0;0;0;0;0;0;0;0;0;0;0;0;0
FR;9;2021-09-03;0;0;0;0;0;0;0;0;0;0;0;0;0;0;0;0;0;0
FR;9;2021-09-04;0;0;0;0;0;0;0;0;0;0;0;0;0;0;0;0;0;0
FR;9;2021-09-05;0;0;0;0;0;0;0;0;0;0;0;0;0;0;0;0;0;0
FR;9;2021-09-06;0;0;0;0;0;0;0;0;0;0;0;0;0;0;0;0;0;0
FR;9;2021-09-07;0;0;0;0;0;0;0;0;0;0;0;0;0;0;0;0;0;0
FR;9;2021-09-08;0;0;0;0;0;0;0;0;0;0;0;0;0;0;0;0;0;0
FR;9;2021-09-09;0;0;0;0;0;0;0;0;0;0;0;0;0;0;0;0;0;0
FR;9;2021-09-10;0;0;0;0;0;0;0;0;0;0;0;0;0;0;0;0;0;0
FR;9;2021-09-11;0;0;0;0;0;0;0;0;0;0;0;0;0;0;0;0;0;0
FR;9;2021-09-12;0;0;0;0;0;0;0;0;0;0;0;0;0;0;0;0;0;0
FR;9;2021-09-13;0;0;0;0;0;0;0;0;0;0;0;0;0;0;0;0;0;0
FR;9;2021-09-14;0;0;0;0;0;0;0;0;0;0;0;0;0;0;0;0;0;0
FR;9;2021-09-15;0;0;0;0;0;0;0;0;0;0;0;0;0;0;0;0;0;0
FR;9;2021-09-16;0;0;0;0;0;0;0;0;0;0;0;0;0;0;0;0;0;0
FR;9;2021-09-17;0;0;0;0;0;0;0;0;0;0;0;0;0;0;0;0;0;0
FR;9;2021-09-18;0;0;0;0;0;0;0;0;0;0;0;0;0;0;0;0;0;0
FR;9;2021-09-19;0;0;0;0;0;0;0;0;0;0;0;0;0;0;0;0;0;0
FR;9;2021-09-20;0;0;0;0;0;0;0;0;0;0;0;0;0;0;0;0;0;0
FR;9;2021-09-21;0;0;0;0;0;0;0;0;0;0;0;0;0;0;0;0;0;0
FR;9;2021-09-22;0;0;0;0;0;0;0;0;0;0;0;0;0;0;0;0;0;0
FR;9;2021-09-23;0;0;0;0;0;0;0;0;0;0;0;0;0;0;0;0;0;0
FR;9;2021-09-24;0;0;0;0;0;0;0;0;0;0;0;0;0;0;0;0;0;0
FR;9;2021-09-25;0;0;0;0;0;0;0;0;0;0;0;0;0;0;0;0;0;0
FR;9;2021-09-26;0;0;0;0;0;0;0;0;0;0;0;0;0;0;0;0;0;0
FR;9;2021-09-27;0;0;0;0;0;0;0;0;0;0;0;0;0;0;0;0;0;0
FR;9;2021-09-28;0;0;0;0;0;0;0;0;0;0;0;0;0;0;0;0;0;0
FR;9;2021-09-29;0;0;0;0;0;0;0;0;0;0;0;0;0;0;0;0;0;0
FR;9;2021-09-30;0;0;0;0;0;0;0;0;0;0;0;0;0;0;0;0;0;0
FR;9;2021-10-01;0;0;0;0;0;0;0;0;0;0;0;0;0;0;0;0;0;0
FR;9;2021-10-02;0;0;0;0;0;0;0;0;0;0;0;0;0;0;0;0;0;0
FR;9;2021-10-03;0;0;0;0;0;0;0;0;0;0;0;0;0;0;0;0;0;0
FR;9;2021-10-04;0;0;0;0;0;0;0;0;0;0;0;0;0;0;0;0;0;0
FR;9;2021-10-05;0;0;0;0;0;0;0;0;0;0;0;0;0;0;0;0;0;0
FR;9;2021-10-06;0;0;0;0;0;0;0;0;0;0;0;0;0;0;0;0;0;0
FR;9;2021-10-07;0;0;0;0;0;0;0;0;0;0;0;0;0;0;0;0;0;0
FR;9;2021-10-08;0;0;0;0;0;0;0;0;0;0;0;0;0;0;0;0;0;0
FR;9;2021-10-09;0;0;0;0;0;0;0;0;0;0;0;0;0;0;0;0;0;0
FR;9;2021-10-10;0;0;0;0;0;0;0;0;0;0;0;0;0;0;0;0;0;0
FR;9;2021-10-11;0;0;0;0;0;0;0;0;0;0;0;0;0;0;0;0;0;0
FR;9;2021-10-12;0;0;0;0;0;0;0;0;0;0;0;0;0;0;0;0;0;0
FR;9;2021-10-13;0;0;0;0;0;0;0;0;0;0;0;0;0;0;0;0;0;0
FR;9;2021-10-14;0;0;0;0;0;0;0;0;0;0;0;0;0;0;0;0;0;0
FR;9;2021-10-15;0;0;0;0;0;0;0;0;0;0;0;0;0;0;0;0;0;0
FR;9;2021-10-16;0;0;0;0;0;0;0;0;0;0;0;0;0;0;0;0;0;0
FR;9;2021-10-17;0;0;0;0;0;0;0;0;0;0;0;0;0;0;0;0;0;0
FR;9;2021-10-18;0;0;0;0;0;0;0;0;0;0;0;0;0;0;0;0;0;0
FR;9;2021-10-19;0;0;0;0;0;0;0;0;0;0;0;0;0;0;0;0;0;0
FR;9;2021-10-20;0;0;0;0;0;0;0;0;0;0;0;0;0;0;0;0;0;0
FR;9;2021-10-21;0;0;0;0;0;0;0;0;0;0;0;0;0;0;0;0;0;0
FR;9;2021-10-22;0;0;0;0;0;0;0;0;0;0;0;0;0;0;0;0;0;0
FR;9;2021-10-23;0;0;0;0;0;0;0;0;0;0;0;0;0;0;0;0;0;0
FR;9;2021-10-24;0;0;0;0;0;0;0;0;0;0;0;0;0;0;0;0;0;0
FR;9;2021-10-25;0;0;0;0;0;0;0;0;0;0;0;0;0;0;0;0;0;0
FR;9;2021-10-26;0;0;0;0;0;0;0;0;0;0;0;0;0;0;0;0;0;0
FR;9;2021-10-27;0;0;0;0;0;0;0;0;0;0;0;0;0;0;0;0;0;0
FR;9;2021-10-28;0;0;0;0;0;0;0;0;0;0;0;0;0;0;0;0;0;0
FR;9;2021-10-29;0;0;0;0;0;0;0;0;0;0;0;0;0;0;0;0;0;0
FR;9;2021-10-30;0;0;0;0;0;0;0;0;0;0;0;0;0;0;0;0;0;0
FR;9;2021-10-31;0;0;0;0;0;0;0;0;0;0;0;0;0;0;0;0;0;0
FR;9;2021-11-01;0;0;0;0;0;0;0;0;0;0;0;0;0;0;0;0;0;0
FR;9;2021-11-02;0;0;0;0;0;0;0;0;0;0;0;0;0;0;0;0;0;0
FR;9;2021-11-03;0;0;0;0;0;0;0;0;0;0;0;0;0;0;0;0;0;0
FR;9;2021-11-04;0;0;0;0;0;0;0;0;0;0;0;0;0;0;0;0;0;0
FR;9;2021-11-05;0;0;0;0;0;0;0;0;0;0;0;0;0;0;0;0;0;0
FR;9;2021-11-06;0;0;0;0;0;0;0;0;0;0;0;0;0;0;0;0;0;0
FR;9;2021-11-07;0;0;0;0;0;0;0;0;0;0;0;0;0;0;0;0;0;0
FR;9;2021-11-08;0;0;0;0;0;0;0;0;0;0;0;0;0;0;0;0;0;0
FR;9;2021-11-09;0;0;0;0;0;0;0;0;0;0;0;0;0;0;0;0;0;0
FR;9;2021-11-10;0;0;0;0;0;0;0;0;0;0;0;0;0;0;0;0;0;0
FR;9;2021-11-11;0;0;0;0;0;0;0;0;0;0;0;0;0;0;0;0;0;0
FR;9;2021-11-12;0;0;0;0;0;0;0;0;0;0;0;0;0;0;0;0;0;0
FR;9;2021-11-13;0;0;0;0;0;0;0;0;0;0;0;0;0;0;0;0;0;0
FR;9;2021-11-14;0;0;0;0;0;0;0;0;0;0;0;0;0;0;0;0;0;0
FR;9;2021-11-15;0;0;0;0;0;0;0;0;0;0;0;0;0;0;0;0;0;0
FR;9;2021-11-16;0;0;0;0;0;0;0;0;0;0;0;0;0;0;0;0;0;0
FR;9;2021-11-17;0;0;0;0;0;0;0;0;0;0;0;0;0;0;0;0;0;0
FR;9;2021-11-18;0;0;0;0;0;0;0;0;0;0;0;0;0;0;0;0;0;0
FR;9;2021-11-19;0;0;0;0;0;0;0;0;0;0;0;0;0;0;0;0;0;0
FR;9;2021-11-20;0;0;0;0;0;0;0;0;0;0;0;0;0;0;0;0;0;0
FR;9;2021-11-21;0;0;0;0;0;0;0;0;0;0;0;0;0;0;0;0;0;0
FR;9;2021-11-22;0;0;0;0;0;0;0;0;0;0;0;0;0;0;0;0;0;0
FR;9;2021-11-23;0;0;0;0;0;0;0;0;0;0;0;0;0;0;0;0;0;0
FR;9;2021-11-24;0;0;0;0;0;0;0;0;0;0;0;0;0;0;0;0;0;0
FR;9;2021-11-25;0;0;0;0;0;0;0;0;0;0;0;0;0;0;0;0;0;0
FR;9;2021-11-26;0;0;0;0;0;0;0;0;0;0;0;0;0;0;0;0;0;0
FR;9;2021-11-27;0;0;0;0;0;0;0;0;0;0;0;0;0;0;0;0;0;0
FR;9;2021-11-28;0;0;0;0;0;0;0;0;0;0;0;0;0;0;0;0;0;0
FR;9;2021-11-29;0;0;0;0;0;0;0;0;0;0;0;0;0;0;0;0;0;0
FR;9;2021-11-30;0;0;0;0;0;0;0;0;0;0;0;0;0;0;0;0;0;0
FR;9;2021-12-01;0;0;0;0;0;0;0;0;0;0;0;0;0;0;0;0;0;0
FR;9;2021-12-02;0;0;0;0;0;0;0;0;0;0;0;0;0;0;0;0;0;0
FR;9;2021-12-03;0;0;0;0;0;0;0;0;0;0;0;0;0;0;0;0;0;0
FR;9;2021-12-04;0;0;0;0;0;0;0;0;0;0;0;0;0;0;0;0;0;0
FR;9;2021-12-05;0;0;0;0;0;0;0;0;0;0;0;0;0;0;0;0;0;0
FR;9;2021-12-06;0;0;0;0;0;0;0;0;0;0;0;0;0;0;0;0;0;0
FR;9;2021-12-07;0;0;0;0;0;0;0;0;0;0;0;0;0;0;0;0;0;0
FR;9;2021-12-08;0;0;0;0;0;0;0;0;0;0;0;0;0;0;0;0;0;0
FR;9;2021-12-09;0;0;0;0;0;0;0;0;0;0;0;0;0;0;0;0;0;0
FR;9;2021-12-10;0;0;0;0;0;0;0;0;0;0;0;0;0;0;0;0;0;0
FR;9;2021-12-11;0;0;0;0;0;0;0;0;0;0;0;0;0;0;0;0;0;0
FR;9;2021-12-12;0;0;0;0;0;0;0;0;0;0;0;0;0;0;0;0;0;0
FR;9;2021-12-13;0;0;0;0;0;0;0;0;0;0;0;0;0;0;0;0;0;0
FR;9;2021-12-14;0;0;0;0;0;0;0;0;0;0;0;0;0;0;0;0;0;0
FR;9;2021-12-15;0;0;0;0;0;0;0;0;0;0;0;0;0;0;0;0;0;0
FR;9;2021-12-16;0;0;0;0;0;0;0;0;0;0;0;0;0;0;0;0;0;0
FR;9;2021-12-17;0;0;0;0;0;0;0;0;0;0;0;0;0;0;0;0;0;0
FR;9;2021-12-18;0;0;0;0;0;0;0;0;0;0;0;0;0;0;0;0;0;0
FR;9;2021-12-19;0;0;0;0;0;0;0;0;0;0;0;0;0;0;0;0;0;0
FR;9;2021-12-20;0;0;0;0;0;0;0;0;0;0;0;0;0;0;0;0;0;0
FR;9;2021-12-21;0;0;0;0;0;0;0;0;0;0;0;0;0;0;0;0;0;0
FR;9;2021-12-22;0;0;0;0;0;0;0;0;0;0;0;0;0;0;0;0;0;0
FR;9;2021-12-23;0;0;0;0;0;0;0;0;0;0;0;0;0;0;0;0;0;0
FR;9;2021-12-24;0;0;0;0;0;0;0;0;0;0;0;0;0;0;0;0;0;0
FR;9;2021-12-25;0;0;0;0;0;0;0;0;0;0;0;0;0;0;0;0;0;0
FR;9;2021-12-26;0;0;0;0;0;0;0;0;0;0;0;0;0;0;0;0;0;0
FR;9;2021-12-27;0;0;0;0;0;0;0;0;0;0;0;0;0;0;0;0;0;0
FR;9;2021-12-28;0;0;0;0;0;0;0;0;0;0;0;0;0;0;0;0;0;0
FR;9;2021-12-29;0;0;0;0;0;0;0;0;0;0;0;0;0;0;0;0;0;0
FR;9;2021-12-30;0;0;0;0;0;0;0;0;0;0;0;0;0;0;0;0;0;0
FR;9;2021-12-31;0;0;0;0;0;0;0;0;0;0;0;0;0;0;0;0;0;0
FR;9;2022-01-01;0;0;0;0;0;0;0;0;0;0;0;0;0;0;0;0;0;0
FR;9;2022-01-02;0;0;0;0;0;0;0;0;0;0;0;0;0;0;0;0;0;0
FR;9;2022-01-03;0;0;0;0;0;0;0;0;0;0;0;0;0;0;0;0;0;0
FR;9;2022-01-04;0;0;0;0;0;0;0;0;0;0;0;0;0;0;0;0;0;0
FR;9;2022-01-05;0;0;0;0;0;0;0;0;0;0;0;0;0;0;0;0;0;0
FR;9;2022-01-06;0;0;0;0;0;0;0;0;0;0;0;0;0;0;0;0;0;0
FR;9;2022-01-07;0;0;0;0;0;0;0;0;0;0;0;0;0;0;0;0;0;0
FR;9;2022-01-08;0;0;0;0;0;0;0;0;0;0;0;0;0;0;0;0;0;0
FR;9;2022-01-09;0;0;0;0;0;0;0;0;0;0;0;0;0;0;0;0;0;0
FR;9;2022-01-10;0;0;0;0;0;0;0;0;0;0;0;0;0;0;0;0;0;0
FR;9;2022-01-11;0;0;0;0;0;0;0;0;0;0;0;0;0;0;0;0;0;0
FR;9;2022-01-12;0;0;0;0;0;0;0;0;0;0;0;0;0;0;0;0;0;0
FR;9;2022-01-13;0;0;0;0;0;0;0;0;0;0;0;0;0;0;0;0;0;0
FR;9;2022-01-14;0;0;0;0;0;0;0;0;0;0;0;0;0;0;0;0;0;0
FR;9;2022-01-15;0;0;0;0;0;0;0;0;0;0;0;0;0;0;0;0;0;0
FR;9;2022-01-16;0;0;0;0;0;0;0;0;0;0;0;0;0;0;0;0;0;0
FR;9;2022-01-17;0;0;0;0;0;0;0;0;0;0;0;0;0;0;0;0;0;0
FR;9;2022-01-18;0;0;0;0;0;0;0;0;0;0;0;0;0;0;0;0;0;0
FR;9;2022-01-19;0;0;0;0;0;0;0;0;0;0;0;0;0;0;0;0;0;0
FR;9;2022-01-20;0;0;0;0;0;0;0;0;0;0;0;0;0;0;0;0;0;0
FR;9;2022-01-21;0;0;0;0;0;0;0;0;0;0;0;0;0;0;0;0;0;0
FR;9;2022-01-22;0;0;0;0;0;0;0;0;0;0;0;0;0;0;0;0;0;0
FR;9;2022-01-23;0;0;0;0;0;0;0;0;0;0;0;0;0;0;0;0;0;0
FR;9;2022-01-24;0;0;0;0;0;0;0;0;0;0;0;0;0;0;0;0;0;0
FR;9;2022-01-25;0;0;0;0;0;0;0;0;0;0;0;0;0;0;0;0;0;0
FR;9;2022-01-26;0;0;0;0;0;0;0;0;0;0;0;0;0;0;0;0;0;0
FR;9;2022-01-27;0;0;0;0;0;0;0;0;0;0;0;0;0;0;0;0;0;0
FR;9;2022-01-28;0;0;0;0;0;0;0;0;0;0;0;0;0;0;0;0;0;0
FR;9;2022-01-29;0;0;0;0;0;0;0;0;0;0;0;0;0;0;0;0;0;0
FR;9;2022-01-30;0;0;0;0;0;0;0;0;0;0;0;0;0;0;0;0;0;0
FR;9;2022-01-31;0;0;0;0;0;0;0;0;0;0;0;0;0;0;0;0;0;0
FR;9;2022-02-01;0;0;0;0;0;0;0;0;0;0;0;0;0;0;0;0;0;0
FR;9;2022-02-02;0;0;0;0;0;0;0;0;0;0;0;0;0;0;0;0;0;0
FR;9;2022-02-03;0;0;0;0;0;0;0;0;0;0;0;0;0;0;0;0;0;0
FR;9;2022-02-04;0;0;0;0;0;0;0;0;0;0;0;0;0;0;0;0;0;0
FR;9;2022-02-05;0;0;0;0;0;0;0;0;0;0;0;0;0;0;0;0;0;0
FR;9;2022-02-06;0;0;0;0;0;0;0;0;0;0;0;0;0;0;0;0;0;0
FR;9;2022-02-07;0;0;0;0;0;0;0;0;0;0;0;0;0;0;0;0;0;0
FR;9;2022-02-08;0;0;0;0;0;0;0;0;0;0;0;0;0;0;0;0;0;0
FR;9;2022-02-09;0;0;0;0;0;0;0;0;0;0;0;0;0;0;0;0;0;0
FR;9;2022-02-10;0;0;0;0;0;0;0;0;0;0;0;0;0;0;0;0;0;0
FR;9;2022-02-11;0;0;0;0;0;0;0;0;0;0;0;0;0;0;0;0;0;0
FR;9;2022-02-12;0;0;0;0;0;0;0;0;0;0;0;0;0;0;0;0;0;0
FR;9;2022-02-13;0;0;0;0;0;0;0;0;0;0;0;0;0;0;0;0;0;0
FR;9;2022-02-14;0;0;0;0;0;0;0;0;0;0;0;0;0;0;0;0;0;0
FR;9;2022-02-15;0;0;0;0;0;0;0;0;0;0;0;0;0;0;0;0;0;0
FR;9;2022-02-16;0;0;0;0;0;0;0;0;0;0;0;0;0;0;0;0;0;0
FR;9;2022-02-17;0;0;0;0;0;0;0;0;0;0;0;0;0;0;0;0;0;0
FR;9;2022-02-18;0;0;0;0;0;0;0;0;0;0;0;0;0;0;0;0;0;0
FR;9;2022-02-19;0;0;0;0;0;0;0;0;0;0;0;0;0;0;0;0;0;0
FR;9;2022-02-20;0;0;0;0;0;0;0;0;0;0;0;0;0;0;0;0;0;0
FR;9;2022-02-21;0;0;0;0;0;0;0;0;0;0;0;0;0;0;0;0;0;0
FR;9;2022-02-22;0;0;0;0;0;0;0;0;0;0;0;0;0;0;0;0;0;0
FR;9;2022-02-23;0;0;0;0;0;0;0;0;0;0;0;0;0;0;0;0;0;0
FR;9;2022-02-24;0;0;0;0;0;0;0;0;0;0;0;0;0;0;0;0;0;0
FR;9;2022-02-25;0;0;0;0;0;0;0;0;0;0;0;0;0;0;0;0;0;0
FR;9;2022-02-26;0;0;0;0;0;0;0;0;0;0;0;0;0;0;0;0;0;0
FR;9;2022-02-27;0;0;0;0;0;0;0;0;0;0;0;0;0;0;0;0;0;0
FR;9;2022-02-28;0;0;0;0;0;0;0;0;0;0;0;0;0;0;0;0;0;0
FR;9;2022-03-01;0;0;0;0;0;0;0;0;0;0;0;0;0;0;0;0;0;0
FR;9;2022-03-02;0;0;0;0;0;0;0;0;0;0;0;0;0;0;0;0;0;0
FR;9;2022-03-03;0;0;0;0;0;0;0;0;0;0;0;0;0;0;0;0;0;0
FR;9;2022-03-04;0;0;0;0;0;0;0;0;0;0;0;0;0;0;0;0;0;0
FR;9;2022-03-05;0;0;0;0;0;0;0;0;0;0;0;0;0;0;0;0;0;0
FR;9;2022-03-06;0;0;0;0;0;0;0;0;0;0;0;0;0;0;0;0;0;0
FR;9;2022-03-07;0;0;0;0;0;0;0;0;0;0;0;0;0;0;0;0;0;0
FR;9;2022-03-08;0;0;0;0;0;0;0;0;0;0;0;0;0;0;0;0;0;0
FR;9;2022-03-09;0;0;0;0;0;0;0;0;0;0;0;0;0;0;0;0;0;0
FR;9;2022-03-10;0;0;0;0;0;0;0;0;0;0;0;0;0;0;0;0;0;0
FR;9;2022-03-11;0;0;0;0;0;0;0;0;0;0;0;0;0;0;0;0;0;0
FR;9;2022-03-12;0;0;0;0;0;0;0;0;0;0;0;0;0;0;0;0;0;0
FR;9;2022-03-13;0;0;0;0;0;0;0;0;0;0;0;0;0;0;0;0;0;0
FR;9;2022-03-14;0;0;0;0;0;0;0;0;0;0;0;0;0;0;0;0;0;0
FR;9;2022-03-15;0;0;0;0;0;0;0;0;0;0;0;0;0;0;0;0;0;0
FR;9;2022-03-16;0;0;0;0;0;0;0;0;0;0;0;0;0;0;0;0;0;0
FR;9;2022-03-17;0;0;0;0;0;0;0;0;0;0;0;0;0;0;0;0;0;0
FR;9;2022-03-18;0;0;0;0;0;0;0;0;0;0;0;0;0;0;0;0;0;0
FR;9;2022-03-19;0;0;0;0;0;0;0;0;0;0;0;0;0;0;0;0;0;0
FR;9;2022-03-20;0;0;0;0;0;0;0;0;0;0;0;0;0;0;0;0;0;0
FR;9;2022-03-21;0;0;0;0;0;0;0;0;0;0;0;0;0;0;0;0;0;0
FR;9;2022-03-22;0;0;0;0;0;0;0;0;0;0;0;0;0;0;0;0;0;0
FR;9;2022-03-23;0;0;0;0;0;0;0;0;0;0;0;0;0;0;0;0;0;0
FR;9;2022-03-24;0;0;0;0;0;0;0;0;0;0;0;0;0;0;0;0;0;0
FR;9;2022-03-25;0;0;0;0;0;0;0;0;0;0;0;0;0;0;0;0;0;0
FR;9;2022-03-26;0;0;0;0;0;0;0;0;0;0;0;0;0;0;0;0;0;0
FR;9;2022-03-27;0;0;0;0;0;0;0;0;0;0;0;0;0;0;0;0;0;0
FR;9;2022-03-28;0;0;0;0;0;0;0;0;0;0;0;0;0;0;0;0;0;0
FR;9;2022-03-29;0;0;0;0;0;0;0;0;0;0;0;0;0;0;0;0;0;0
FR;9;2022-03-30;0;0;0;0;0;0;0;0;0;0;0;0;0;0;0;0;0;0
FR;9;2022-03-31;0;0;0;0;0;0;0;0;0;0;0;0;0;0;0;0;0;0
FR;9;2022-04-01;0;0;0;0;0;0;0;0;0;0;0;0;0;0;0;0;0;0
FR;9;2022-04-02;0;0;0;0;0;0;0;0;0;0;0;0;0;0;0;0;0;0
FR;9;2022-04-03;0;0;0;0;0;0;0;0;0;0;0;0;0;0;0;0;0;0
FR;9;2022-04-04;0;0;0;0;0;0;0;0;0;0;0;0;0;0;0;0;0;0
FR;9;2022-04-05;0;0;0;0;0;0;0;0;0;0;0;0;0;0;0;0;0;0
FR;9;2022-04-06;0;0;0;0;0;0;0;0;0;0;0;0;0;0;0;0;0;0
FR;9;2022-04-07;0;0;0;0;0;0;0;0;0;0;0;0;0;0;0;0;0;0
FR;9;2022-04-08;0;0;0;0;0;0;0;0;0;0;0;0;0;0;0;0;0;0
FR;9;2022-04-09;0;0;0;0;0;0;0;0;0;0;0;0;0;0;0;0;0;0
FR;9;2022-04-10;0;0;0;0;0;0;0;0;0;0;0;0;0;0;0;0;0;0
FR;9;2022-04-11;0;0;0;0;0;0;0;0;0;0;0;0;0;0;0;0;0;0
FR;9;2022-04-12;0;0;0;0;0;0;0;0;0;0;0;0;0;0;0;0;0;0
FR;9;2022-04-13;0;0;0;0;0;0;0;0;0;0;0;0;0;0;0;0;0;0
FR;9;2022-04-14;0;0;0;0;0;0;0;0;0;0;0;0;0;0;0;0;0;0
FR;9;2022-04-15;0;0;0;0;0;0;0;0;0;0;0;0;0;0;0;0;0;0
FR;9;2022-04-16;0;0;0;0;0;0;0;0;0;0;0;0;0;0;0;0;0;0
FR;9;2022-04-17;0;0;0;0;0;0;0;0;0;0;0;0;0;0;0;0;0;0
FR;9;2022-04-18;0;0;0;0;0;0;0;0;0;0;0;0;0;0;0;0;0;0
FR;9;2022-04-19;0;0;0;0;0;0;0;0;0;0;0;0;0;0;0;0;0;0
FR;9;2022-04-20;0;0;0;0;0;0;0;0;0;0;0;0;0;0;0;0;0;0
FR;9;2022-04-21;0;0;0;0;0;0;0;0;0;0;0;0;0;0;0;0;0;0
FR;9;2022-04-22;0;0;0;0;0;0;0;0;0;0;0;0;0;0;0;0;0;0
FR;9;2022-04-23;0;0;0;0;0;0;0;0;0;0;0;0;0;0;0;0;0;0
FR;9;2022-04-24;0;0;0;0;0;0;0;0;0;0;0;0;0;0;0;0;0;0
FR;9;2022-04-25;0;0;0;0;0;0;0;0;0;0;0;0;0;0;0;0;0;0
FR;9;2022-04-26;0;0;0;0;0;0;0;0;0;0;0;0;0;0;0;0;0;0
FR;9;2022-04-27;0;0;0;0;0;0;0;0;0;0;0;0;0;0;0;0;0;0
FR;9;2022-04-28;0;0;0;0;0;0;0;0;0;0;0;0;0;0;0;0;0;0
FR;9;2022-04-29;0;0;0;0;0;0;0;0;0;0;0;0;0;0;0;0;0;0
FR;9;2022-04-30;0;0;0;0;0;0;0;0;0;0;0;0;0;0;0;0;0;0
FR;9;2022-05-01;0;0;0;0;0;0;0;0;0;0;0;0;0;0;0;0;0;0
FR;9;2022-05-02;0;0;0;0;0;0;0;0;0;0;0;0;0;0;0;0;0;0
FR;9;2022-05-03;0;0;0;0;0;0;0;0;0;0;0;0;0;0;0;0;0;0
FR;9;2022-05-04;0;0;0;0;0;0;0;0;0;0;0;0;0;0;0;0;0;0
FR;9;2022-05-05;0;0;0;0;0;0;0;0;0;0;0;0;0;0;0;0;0;0
FR;9;2022-05-06;0;0;0;0;0;0;0;0;0;0;0;0;0;0;0;0;0;0
FR;9;2022-05-07;0;0;0;0;0;0;0;0;0;0;0;0;0;0;0;0;0;0
FR;9;2022-05-08;0;0;0;0;0;0;0;0;0;0;0;0;0;0;0;0;0;0
FR;9;2022-05-09;0;0;0;0;0;0;0;0;0;0;0;0;0;0;0;0;0;0
FR;9;2022-05-10;0;0;0;0;0;0;0;0;0;0;0;0;0;0;0;0;0;0
FR;9;2022-05-11;0;0;0;0;0;0;0;0;0;0;0;0;0;0;0;0;0;0
FR;9;2022-05-12;0;0;0;0;0;0;0;0;0;0;0;0;0;0;0;0;0;0
FR;9;2022-05-13;0;0;0;0;0;0;0;0;0;0;0;0;0;0;0;0;0;0
FR;9;2022-05-14;0;0;0;0;0;0;0;0;0;0;0;0;0;0;0;0;0;0
FR;9;2022-05-15;0;0;0;0;0;0;0;0;0;0;0;0;0;0;0;0;0;0
FR;9;2022-05-16;0;0;0;0;0;0;0;0;0;0;0;0;0;0;0;0;0;0
FR;9;2022-05-17;0;0;0;0;0;0;0;0;0;0;0;0;0;0;0;0;0;0
FR;9;2022-05-18;0;0;0;0;0;0;0;0;0;0;0;0;0;0;0;0;0;0
FR;9;2022-05-19;0;0;0;0;0;0;0;0;0;0;0;0;0;0;0;0;0;0
FR;9;2022-05-20;0;0;0;0;0;0;0;0;0;0;0;0;0;0;0;0;0;0
FR;9;2022-05-21;0;0;0;0;0;0;0;0;0;0;0;0;0;0;0;0;0;0
FR;9;2022-05-22;0;0;0;0;0;0;0;0;0;0;0;0;0;0;0;0;0;0
FR;9;2022-05-23;0;0;0;0;0;0;0;0;0;0;0;0;0;0;0;0;0;0
FR;9;2022-05-24;0;0;0;0;0;0;0;0;0;0;0;0;0;0;0;0;0;0
FR;9;2022-05-25;0;0;0;0;0;0;0;0;0;0;0;0;0;0;0;0;0;0
FR;9;2022-05-26;0;0;0;0;0;0;0;0;0;0;0;0;0;0;0;0;0;0
FR;9;2022-05-27;0;0;0;0;0;0;0;0;0;0;0;0;0;0;0;0;0;0
FR;9;2022-05-28;0;0;0;0;0;0;0;0;0;0;0;0;0;0;0;0;0;0
FR;9;2022-05-29;0;0;0;0;0;0;0;0;0;0;0;0;0;0;0;0;0;0
FR;9;2022-05-30;0;0;0;0;0;0;0;0;0;0;0;0;0;0;0;0;0;0
FR;9;2022-05-31;0;0;0;0;0;0;0;0;0;0;0;0;0;0;0;0;0;0
FR;9;2022-06-01;0;0;0;0;0;0;0;0;0;0;0;0;0;0;0;0;0;0
FR;9;2022-06-02;0;0;0;0;0;0;0;0;0;0;0;0;0;0;0;0;0;0
FR;9;2022-06-03;0;0;0;0;0;0;0;0;0;0;0;0;0;0;0;0;0;0
FR;9;2022-06-04;0;0;0;0;0;0;0;0;0;0;0;0;0;0;0;0;0;0
FR;9;2022-06-05;0;0;0;0;0;0;0;0;0;0;0;0;0;0;0;0;0;0
FR;9;2022-06-06;0;0;0;0;0;0;0;0;0;0;0;0;0;0;0;0;0;0
FR;9;2022-06-07;0;0;0;0;0;0;0;0;0;0;0;0;0;0;0;0;0;0
FR;9;2022-06-08;0;0;0;0;0;0;0;0;0;0;0;0;0;0;0;0;0;0
FR;9;2022-06-09;0;0;0;0;0;0;0;0;0;0;0;0;0;0;0;0;0;0
FR;9;2022-06-10;0;0;0;0;0;0;0;0;0;0;0;0;0;0;0;0;0;0
FR;9;2022-06-11;0;0;0;0;0;0;0;0;0;0;0;0;0;0;0;0;0;0
FR;9;2022-06-12;0;0;0;0;0;0;0;0;0;0;0;0;0;0;0;0;0;0
FR;9;2022-06-13;0;0;0;0;0;0;0;0;0;0;0;0;0;0;0;0;0;0
FR;9;2022-06-14;0;0;0;0;0;0;0;0;0;0;0;0;0;0;0;0;0;0
FR;9;2022-06-15;0;0;0;0;0;0;0;0;0;0;0;0;0;0;0;0;0;0
FR;9;2022-06-16;0;0;0;0;0;0;0;0;0;0;0;0;0;0;0;0;0;0
FR;9;2022-06-17;0;0;0;0;0;0;0;0;0;0;0;0;0;0;0;0;0;0
FR;9;2022-06-18;0;0;0;0;0;0;0;0;0;0;0;0;0;0;0;0;0;0
FR;9;2022-06-19;0;0;0;0;0;0;0;0;0;0;0;0;0;0;0;0;0;0
FR;9;2022-06-20;0;0;0;0;0;0;0;0;0;0;0;0;0;0;0;0;0;0
FR;9;2022-06-21;0;0;0;0;0;0;0;0;0;0;0;0;0;0;0;0;0;0
FR;9;2022-06-22;0;0;0;0;0;0;0;0;0;0;0;0;0;0;0;0;0;0
FR;9;2022-06-23;0;0;0;0;0;0;0;0;0;0;0;0;0;0;0;0;0;0
FR;9;2022-06-24;0;0;0;0;0;0;0;0;0;0;0;0;0;0;0;0;0;0
FR;9;2022-06-25;0;0;0;0;0;0;0;0;0;0;0;0;0;0;0;0;0;0
FR;9;2022-06-26;0;0;0;0;0;0;0;0;0;0;0;0;0;0;0;0;0;0
FR;9;2022-06-27;0;0;0;0;0;0;0;0;0;0;0;0;0;0;0;0;0;0
FR;9;2022-06-28;0;0;0;0;0;0;0;0;0;0;0;0;0;0;0;0;0;0
FR;9;2022-06-29;0;0;0;0;0;0;0;0;0;0;0;0;0;0;0;0;0;0
FR;9;2022-06-30;0;0;0;0;0;0;0;0;0;0;0;0;0;0;0;0;0;0
FR;9;2022-07-01;0;0;0;0;0;0;0;0;0;0;0;0;0;0;0;0;0;0
FR;9;2022-07-02;0;0;0;0;0;0;0;0;0;0;0;0;0;0;0;0;0;0
FR;9;2022-07-03;0;0;0;0;0;0;0;0;0;0;0;0;0;0;0;0;0;0
FR;9;2022-07-04;0;0;0;0;0;0;0;0;0;0;0;0;0;0;0;0;0;0
FR;9;2022-07-05;0;0;0;0;0;0;0;0;0;0;0;0;0;0;0;0;0;0
FR;9;2022-07-06;0;0;0;0;0;0;0;0;0;0;0;0;0;0;0;0;0;0
FR;9;2022-07-07;0;0;0;0;0;0;0;0;0;0;0;0;0;0;0;0;0;0
FR;9;2022-07-08;0;0;0;0;0;0;0;0;0;0;0;0;0;0;0;0;0;0
FR;9;2022-07-09;0;0;0;0;0;0;0;0;0;0;0;0;0;0;0;0;0;0
FR;9;2022-07-10;0;0;0;0;0;0;0;0;0;0;0;0;0;0;0;0;0;0
FR;9;2022-07-11;0;0;0;0;0;0;0;0;0;0;0;0;0;0;0;0;0;0
FR;9;2022-07-12;0;0;0;0;0;0;0;0;0;0;0;0;0;0;0;0;0;0
FR;9;2022-07-13;0;0;0;0;0;0;0;0;0;0;0;0;0;0;0;0;0;0
FR;9;2022-07-14;0;0;0;0;0;0;0;0;0;0;0;0;0;0;0;0;0;0
FR;9;2022-07-15;0;0;0;0;0;0;0;0;0;0;0;0;0;0;0;0;0;0
FR;9;2022-07-16;0;0;0;0;0;0;0;0;0;0;0;0;0;0;0;0;0;0
FR;9;2022-07-17;0;0;0;0;0;0;0;0;0;0;0;0;0;0;0;0;0;0
FR;9;2022-07-18;0;0;0;0;0;0;0;0;0;0;0;0;0;0;0;0;0;0
FR;9;2022-07-19;0;0;0;0;0;0;0;0;0;0;0;0;0;0;0;0;0;0
FR;9;2022-07-20;0;0;0;0;0;0;0;0;0;0;0;0;0;0;0;0;0;0
FR;9;2022-07-21;0;0;0;0;0;0;0;0;0;0;0;0;0;0;0;0;0;0
FR;9;2022-07-22;0;0;0;0;0;0;0;0;0;0;0;0;0;0;0;0;0;0
FR;9;2022-07-23;0;0;0;0;0;0;0;0;0;0;0;0;0;0;0;0;0;0
FR;9;2022-07-24;0;0;0;0;0;0;0;0;0;0;0;0;0;0;0;0;0;0
FR;9;2022-07-25;0;0;0;0;0;0;0;0;0;0;0;0;0;0;0;0;0;0
FR;9;2022-07-26;0;0;0;0;0;0;0;0;0;0;0;0;0;0;0;0;0;0
FR;9;2022-07-27;0;0;0;0;0;0;0;0;0;0;0;0;0;0;0;0;0;0
FR;9;2022-07-28;0;0;0;0;0;0;0;0;0;0;0;0;0;0;0;0;0;0
FR;9;2022-07-29;0;0;0;0;0;0;0;0;0;0;0;0;0;0;0;0;0;0
FR;9;2022-07-30;0;0;0;0;0;0;0;0;0;0;0;0;0;0;0;0;0;0
FR;9;2022-07-31;0;0;0;0;0;0;0;0;0;0;0;0;0;0;0;0;0;0
FR;9;2022-08-01;0;0;0;0;0;0;0;0;0;0;0;0;0;0;0;0;0;0
FR;9;2022-08-02;0;0;0;0;0;0;0;0;0;0;0;0;0;0;0;0;0;0
FR;9;2022-08-03;0;0;0;0;0;0;0;0;0;0;0;0;0;0;0;0;0;0
FR;9;2022-08-04;0;0;0;0;0;0;0;0;0;0;0;0;0;0;0;0;0;0
FR;9;2022-08-05;0;0;0;0;0;0;0;0;0;0;0;0;0;0;0;0;0;0
FR;9;2022-08-06;0;0;0;0;0;0;0;0;0;0;0;0;0;0;0;0;0;0
FR;9;2022-08-07;0;0;0;0;0;0;0;0;0;0;0;0;0;0;0;0;0;0
FR;9;2022-08-08;0;0;0;0;0;0;0;0;0;0;0;0;0;0;0;0;0;0
FR;9;2022-08-09;0;0;0;0;0;0;0;0;0;0;0;0;0;0;0;0;0;0
FR;9;2022-08-10;0;0;0;0;0;0;0;0;0;0;0;0;0;0;0;0;0;0
FR;9;2022-08-11;0;0;0;0;0;0;0;0;0;0;0;0;0;0;0;0;0;0
FR;9;2022-08-12;0;0;0;0;0;0;0;0;0;0;0;0;0;0;0;0;0;0
FR;9;2022-08-13;0;0;0;0;0;0;0;0;0;0;0;0;0;0;0;0;0;0
FR;9;2022-08-14;0;0;0;0;0;0;0;0;0;0;0;0;0;0;0;0;0;0
FR;9;2022-08-15;0;0;0;0;0;0;0;0;0;0;0;0;0;0;0;0;0;0
FR;9;2022-08-16;0;0;0;0;0;0;0;0;0;0;0;0;0;0;0;0;0;0
FR;9;2022-08-17;0;0;0;0;0;0;0;0;0;0;0;0;0;0;0;0;0;0
FR;9;2022-08-18;0;0;0;0;0;0;0;0;0;0;0;0;0;0;0;0;0;0
FR;9;2022-08-19;0;0;0;0;0;0;0;0;0;0;0;0;0;0;0;0;0;0
FR;9;2022-08-20;0;0;0;0;0;0;0;0;0;0;0;0;0;0;0;0;0;0
FR;9;2022-08-21;0;0;0;0;0;0;0;0;0;0;0;0;0;0;0;0;0;0
FR;9;2022-08-22;0;0;0;0;0;0;0;0;0;0;0;0;0;0;0;0;0;0
FR;9;2022-08-23;0;0;0;0;0;0;0;0;0;0;0;0;0;0;0;0;0;0
FR;9;2022-08-24;0;0;0;0;0;0;0;0;0;0;0;0;0;0;0;0;0;0
FR;9;2022-08-25;0;0;0;0;0;0;0;0;0;0;0;0;0;0;0;0;0;0
FR;9;2022-08-26;0;0;0;0;0;0;0;0;0;0;0;0;0;0;0;0;0;0
FR;9;2022-08-27;0;0;0;0;0;0;0;0;0;0;0;0;0;0;0;0;0;0
FR;9;2022-08-28;0;0;0;0;0;0;0;0;0;0;0;0;0;0;0;0;0;0
FR;9;2022-08-29;0;0;0;0;0;0;0;0;0;0;0;0;0;0;0;0;0;0
FR;9;2022-08-30;0;0;0;0;0;0;0;0;0;0;0;0;0;0;0;0;0;0
FR;9;2022-08-31;0;0;0;0;0;0;0;0;0;0;0;0;0;0;0;0;0;0
FR;9;2022-09-01;0;0;0;0;0;0;0;0;0;0;0;0;0;0;0;0;0;0
FR;9;2022-09-02;0;0;0;0;0;0;0;0;0;0;0;0;0;0;0;0;0;0
FR;9;2022-09-03;0;0;0;0;0;0;0;0;0;0;0;0;0;0;0;0;0;0
FR;9;2022-09-04;0;0;0;0;0;0;0;0;0;0;0;0;0;0;0;0;0;0
FR;9;2022-09-05;0;0;0;0;0;0;0;0;0;0;0;0;0;0;0;0;0;0
FR;9;2022-09-06;0;0;0;0;0;0;0;0;0;0;0;0;0;0;0;0;0;0
FR;9;2022-09-07;0;0;0;0;0;0;0;0;0;0;0;0;0;0;0;0;0;0
FR;9;2022-09-08;0;0;0;0;0;0;0;0;0;0;0;0;0;0;0;0;0;0
FR;9;2022-09-09;0;0;0;0;0;0;0;0;0;0;0;0;0;0;0;0;0;0
FR;9;2022-09-10;0;0;0;0;0;0;0;0;0;0;0;0;0;0;0;0;0;0
FR;9;2022-09-11;0;0;0;0;0;0;0;0;0;0;0;0;0;0;0;0;0;0
FR;9;2022-09-12;0;0;0;0;0;0;0;0;0;0;0;0;0;0;0;0;0;0
FR;9;2022-09-13;0;0;0;0;0;0;0;0;0;0;0;0;0;0;0;0;0;0
FR;9;2022-09-14;0;0;0;0;0;0;0;0;0;0;0;0;0;0;0;0;0;0
FR;9;2022-09-15;0;0;0;0;0;0;0;0;0;0;0;0;0;0;0;0;0;0
FR;9;2022-09-16;0;0;0;0;0;0;0;0;0;0;0;0;0;0;0;0;0;0
FR;9;2022-09-17;0;0;0;0;0;0;0;0;0;0;0;0;0;0;0;0;0;0
FR;9;2022-09-18;0;0;0;0;0;0;0;0;0;0;0;0;0;0;0;0;0;0
FR;9;2022-09-19;0;0;0;0;0;0;0;0;0;0;0;0;0;0;0;0;0;0
FR;9;2022-09-20;0;0;0;0;0;0;0;0;0;0;0;0;0;0;0;0;0;0
FR;9;2022-09-21;0;0;0;0;0;0;0;0;0;0;0;0;0;0;0;0;0;0
FR;9;2022-09-22;0;0;0;0;0;0;0;0;0;0;0;0;0;0;0;0;0;0
FR;9;2022-09-23;0;0;0;0;0;0;0;0;0;0;0;0;0;0;0;0;0;0
FR;9;2022-09-24;0;0;0;0;0;0;0;0;0;0;0;0;0;0;0;0;0;0
FR;9;2022-09-25;0;0;0;0;0;0;0;0;0;0;0;0;0;0;0;0;0;0
FR;9;2022-09-26;0;0;0;0;0;0;0;0;0;0;0;0;0;0;0;0;0;0
FR;9;2022-09-27;0;0;0;0;0;0;0;0;0;0;0;0;0;0;0;0;0;0
FR;9;2022-09-28;0;0;0;0;0;0;0;0;0;0;0;0;0;0;0;0;0;0
FR;9;2022-09-29;1;1;8;33;0;6;35;43;2;1;1;8;33;0;6;35;43;2
FR;9;2022-09-30;5;13;62;606;7;48;614;715;51;6;14;70;639;7;54;649;758;53
FR;9;2022-10-01;10;2;43;327;3;26;335;396;35;16;16;113;966;10;80;984;1154;88
FR;9;2022-10-02;2;1;5;50;0;4;51;66;11;18;17;118;1016;10;84;1035;1220;99
FR;9;2022-10-03;14;17;151;1714;11;129;1708;2074;234;32;34;269;2730;21;213;2743;3294;333
FR;9;2022-10-04;22;48;353;3954;18;228;4022;4704;450;54;82;622;6684;39;441;6765;7998;783
FR;9;2022-10-05;30;21;269;2998;18;203;3011;3656;433;84;103;891;9682;57;644;9776;11654;1216
FR;9;2022-10-06;23;35;400;4598;18;301;4631;5609;672;107;138;1291;14280;75;945;14407;17263;1888
FR;9;2022-10-07;29;50;499;5706;19;384;5720;7029;923;136;188;1790;19986;94;1329;20127;24292;2811
FR;9;2022-10-08;10;18;128;1090;8;86;1108;1389;191;146;206;1918;21076;102;1415;21235;25681;3002
FR;9;2022-10-09;1;7;22;197;1;29;198;277;50;147;213;1940;21273;103;1444;21433;25958;3052
FR;9;2022-10-10;11;26;207;2572;14;181;2576;3296;533;158;239;2147;23845;117;1625;24009;29254;3585
FR;9;2022-10-11;31;40;424;5043;27;312;5024;6198;851;189;279;2571;28888;144;1937;29033;35452;4436
FR;9;2022-10-12;22;26;297;2987;16;212;3044;3830;572;211;305;2868;31875;160;2149;32077;39282;5008
FR;9;2022-10-13;25;42;374;3980;16;245;4036;5027;740;236;347;3242;35855;176;2394;36113;44309;5748
FR;9;2022-10-14;27;26;383;4430;12;295;4414;5558;838;263;373;3625;40285;188;2689;40527;49867;6586
FR;9;2022-10-15;14;8;101;1052;7;79;1029;1308;198;277;381;3726;41337;195;2768;41556;51175;6784
FR;9;2022-10-16;4;1;9;132;2;12;126;168;28;281;382;3735;41469;197;2780;41682;51343;6812
FR;9;2022-10-17;4;22;165;1875;11;127;1883;2492;475;285;404;3900;43344;208;2907;43565;53835;7287
FR;9;2022-10-18;36;29;317;3430;17;237;3454;4663;963;321;433;4217;46774;225;3144;47019;58498;8250
FR;9;2022-10-19;22;19;262;2688;17;174;2717;3733;827;343;452;4479;49462;242;3318;49736;62231;9077
FR;9;2022-10-20;22;22;308;3628;8;233;3639;4813;933;365;474;4787;53090;250;3551;53375;67044;10010
FR;9;2022-10-21;14;32;327;3550;11;228;3556;4656;864;379;506;5114;56640;261;3779;56931;71700;10874
FR;9;2022-10-22;10;11;90;914;8;62;919;1193;207;389;517;5204;57554;269;3841;57850;72893;11081
FR;9;2022-10-23;2;2;17;100;2;10;105;148;33;391;519;5221;57654;271;3851;57955;73041;11114
FR;9;2022-10-24;7;17;159;1363;6;106;1434;1942;397;398;536;5380;59017;277;3957;59389;74983;11511
FR;9;2022-10-25;19;22;228;2841;16;188;2851;3938;896;417;558;5608;61858;293;4145;62240;78921;12407
FR;9;2022-10-26;14;16;169;1800;13;123;1812;2527;590;431;574;5777;63658;306;4268;64052;81448;12997
FR;9;2022-10-27;9;26;230;2303;15;173;2337;3210;689;440;600;6007;65961;321;4441;66389;84658;13686
FR;9;2022-10-28;18;27;224;2277;17;151;2303;3142;681;458;627;6231;68238;338;4592;68692;87800;14367
FR;9;2022-10-29;12;8;55;505;5;46;496;662;119;470;635;6286;68743;343;4638;69188;88462;14486
FR;9;2022-10-30;2;1;8;58;1;8;58;82;16;472;636;6294;68801;344;4646;69246;88544;14502
FR;9;2022-10-31;13;7;105;660;9;59;695;996;240;485;643;6399;69461;353;4705;69941;89540;14742
FR;9;2022-11-01;1;1;15;43;0;11;49;71;11;486;644;6414;69504;353;4716;69990;89611;14753
FR;9;2022-11-02;7;12;102;1027;4;76;1045;1577;452;493;656;6516;70531;357;4792;71035;91188;15205
FR;9;2022-11-03;17;18;157;1599;16;92;1647;2348;599;510;674;6673;72130;373;4884;72682;93536;15804
FR;9;2022-11-04;21;19;193;1751;15;120;1800;2536;611;531;693;6866;73881;388;5004;74482;96072;16415
FR;9;2022-11-05;8;10;58;403;9;39;424;573;107;539;703;6924;74284;397;5043;74906;96645;16522
FR;9;2022-11-06;5;4;5;62;6;2;61;88;25;544;707;6929;74346;403;5045;74967;96733;16547
FR;9;2022-11-07;16;19;89;942;16;110;941;1489;432;560;726;7018;75288;419;5155;75908;98222;16979
FR;9;2022-11-08;11;19;171;1827;13;137;1815;2660;703;571;745;7189;77115;432;5292;77723;100882;17682
FR;9;2022-11-09;16;16;123;1261;9;98;1322;1878;453;587;761;7312;78376;441;5390;79045;102760;18135
FR;9;2022-11-10;13;22;162;1623;14;137;1621;2281;519;600;783;7474;79999;455;5527;80666;105041;18654
FR;9;2022-11-11;1;1;13;81;1;6;83;124;35;601;784;7487;80080;456;5533;80749;105165;18689
FR;9;2022-11-12;5;8;44;259;7;19;278;395;97;606;792;7531;80339;463;5552;81027;105560;18786
FR;9;2022-11-13;2;0;4;30;0;4;31;51;16;608;792;7535;80369;463;5556;81058;105611;18802
FR;9;2022-11-14;11;12;56;713;11;44;722;1108;339;619;804;7591;81082;474;5600;81780;106719;19141
FR;9;2022-11-15;18;16;150;1346;7;103;1356;2103;638;637;820;7741;82428;481;5703;83136;108822;19779
FR;9;2022-11-16;10;5;99;979;8;58;997;1490;431;647;825;7840;83407;489;5761;84133;110312;20210
FR;9;2022-11-17;9;17;126;1086;11;78;1111;1695;501;656;842;7966;84493;500;5839;85244;112007;20711
FR;9;2022-11-18;7;16;120;1440;5;78;1455;2027;492;663;858;8086;85933;505;5917;86699;114034;21203
FR;9;2022-11-19;3;5;51;364;1;28;351;490;106;666;863;8137;86297;506;5945;87050;114524;21309
FR;9;2022-11-20;1;0;5;37;0;3;35;54;16;667;863;8142;86334;506;5948;87085;114578;21325
FR;9;2022-11-21;9;12;66;636;5;51;639;960;263;676;875;8208;86970;511;5999;87724;115538;21588
FR;9;2022-11-22;15;12;121;1037;13;74;1067;1592;449;691;887;8329;88007;524;6073;88791;117130;22037
FR;9;2022-11-23;7;10;69;734;5;33;761;1171;372;698;897;8398;88741;529;6106;89552;118301;22409
FR;9;2022-11-24;8;19;93;979;14;68;992;1472;406;706;916;8491;89720;543;6174;90544;119773;22815
FR;9;2022-11-25;8;11;107;1180;9;82;1195;1781;503;714;927;8598;90900;552;6256;91739;121554;23318
FR;9;2022-11-26;6;6;35;217;7;24;214;310;68;720;933;8633;91117;559;6280;91953;121864;23386
FR;9;2022-11-27;1;1;6;42;0;2;46;82;34;721;934;8639;91159;559;6282;91999;121946;23420
FR;9;2022-11-28;5;7;103;698;7;60;726;1135;344;726;941;8742;91857;566;6342;92725;123081;23764
FR;9;2022-11-29;6;18;142;1299;6;89;1327;1942;521;732;959;8884;93156;572;6431;94052;125023;24285
FR;9;2022-11-30;9;12;99;1032;5;76;1055;1606;470;741;971;8983;94188;577;6507;95107;126629;24755
FR;9;2022-12-01;16;14;112;1345;8;80;1331;1970;554;757;985;9095;95533;585;6587;96438;128599;25309
FR;9;2022-12-02;10;13;193;1817;10;107;1818;2631;700;767;998;9288;97350;595;6694;98256;131230;26009
FR;9;2022-12-03;7;9;79;619;5;41;632;887;208;774;1007;9367;97969;600;6735;98888;132117;26217
FR;9;2022-12-04;11;4;15;105;5;8;105;153;40;785;1011;9382;98074;605;6743;98993;132270;26257
FR;9;2022-12-05;21;24;144;1406;18;98;1421;2110;584;806;1035;9526;99480;623;6841;100414;134380;26841
FR;9;2022-12-06;30;21;264;2453;21;148;2548;3812;1097;836;1056;9790;101933;644;6989;102962;138192;27938
FR;9;2022-12-07;15;22;181;1848;20;112;1890;2826;814;851;1078;9971;103781;664;7101;104852;141018;28752
FR;9;2022-12-08;14;22;222;2404;15;125;2467;3701;1092;865;1100;10193;106185;679;7226;107319;144719;29844
FR;9;2022-12-09;14;25;287;2888;10;143;2986;4337;1200;879;1125;10480;109073;689;7369;110305;149056;31044
FR;9;2022-12-10;12;13;122;1324;5;56;1347;1819;410;891;1138;10602;110397;694;7425;111652;150875;31454
FR;9;2022-12-11;5;5;21;277;6;10;283;363;66;896;1143;10623;110674;700;7435;111935;151238;31520
FR;9;2022-12-12;17;14;215;1958;12;109;2032;2892;746;913;1157;10838;112632;712;7544;113967;154130;32266
FR;9;2022-12-13;28;23;317;3085;15;151;3221;4720;1337;941;1180;11155;115717;727;7695;117188;158850;33603
FR;9;2022-12-14;15;10;191;2335;8;94;2405;3505;989;956;1190;11346;118052;735;7789;119593;162355;34592
FR;9;2022-12-15;17;24;257;2611;13;138;2682;4069;1238;973;1214;11603;120663;748;7927;122275;166424;35830
FR;9;2022-12-16;15;29;294;3072;21;165;3155;4603;1274;988;1243;11897;123735;769;8092;125430;171027;37104
FR;9;2022-12-17;8;11;106;1193;6;50;1208;1664;402;996;1254;12003;124928;775;8142;126638;172691;37506
FR;9;2022-12-18;1;7;30;245;6;14;251;333;67;997;1261;12033;125173;781;8156;126889;173024;37573
FR;9;2022-12-19;20;21;149;1599;15;78;1631;2507;789;1017;1282;12182;126772;796;8234;128520;175531;38362
FR;9;2022-12-20;21;19;232;2306;6;115;2349;3708;1233;1038;1301;12414;129078;802;8349;130869;179239;39595
FR;9;2022-12-21;6;14;139;1501;7;66;1554;2402;775;1044;1315;12553;130579;809;8415;132423;181641;40370
FR;9;2022-12-22;19;9;136;1402;9;78;1418;2119;615;1063;1324;12689;131981;818;8493;133841;183760;40985
FR;9;2022-12-23;11;15;77;728;9;51;730;1092;305;1074;1339;12766;132709;827;8544;134571;184852;41290
FR;9;2022-12-24;1;5;13;96;4;6;98;138;34;1075;1344;12779;132805;831;8550;134669;184990;41324
FR;9;2022-12-25;1;0;5;5;0;4;6;12;2;1076;1344;12784;132810;831;8554;134675;185002;41326
FR;9;2022-12-26;17;8;64;547;11;37;554;829;235;1093;1352;12848;133357;842;8591;135229;185831;41561
FR;9;2022-12-27;12;30;97;882;14;69;917;1422;430;1105;1382;12945;134239;856;8660;136146;187253;41991
FR;9;2022-12-28;8;9;82;749;8;40;768;1185;372;1113;1391;13027;134988;864;8700;136914;188438;42363
FR;9;2022-12-29;9;14;92;720;10;51;753;1135;324;1122;1405;13119;135708;874;8751;137667;189573;42687
FR;9;2022-12-30;12;17;77;592;9;47;612;899;237;1134;1422;13196;136300;883;8798;138279;190472;42924
FR;9;2022-12-31;2;3;17;136;2;12;139;190;38;1136;1425;13213;136436;885;8810;138418;190662;42962
FR;9;2023-01-01;0;2;3;19;1;4;19;31;8;1136;1427;13216;136455;886;8814;138437;190693;42970
FR;9;2023-01-02;11;11;56;592;4;40;585;949;320;1147;1438;13272;137047;890;8854;139022;191642;43290
FR;9;2023-01-03;19;20;122;1079;20;75;1101;1940;749;1166;1458;13394;138126;910;8929;140123;193582;44039
FR;9;2023-01-04;21;18;113;846;8;73;898;1609;633;1187;1476;13507;138972;918;9002;141021;195191;44672
FR;9;2023-01-05;5;20;115;1059;11;65;1091;2048;882;1192;1496;13622;140031;929;9067;142112;197239;45554
FR;9;2023-01-06;13;17;152;1370;4;73;1388;2410;938;1205;1513;13774;141401;933;9140;143500;199649;46492
FR;9;2023-01-07;6;13;58;436;14;36;427;687;220;1211;1526;13832;141837;947;9176;143927;200336;46712
FR;9;2023-01-08;4;11;15;92;9;12;91;137;32;1215;1537;13847;141929;956;9188;144018;200473;46744
FR;9;2023-01-09;16;15;87;623;9;62;615;1276;586;1231;1552;13934;142552;965;9250;144633;201749;47330
FR;9;2023-01-10;13;12;154;979;11;74;1033;1990;871;1244;1564;14088;143531;976;9324;145666;203739;48201
FR;9;2023-01-11;19;9;74;680;10;49;689;1387;643;1263;1573;14162;144211;986;9373;146355;205126;48844
FR;9;2023-01-12;21;9;92;845;3;77;823;1688;775;1284;1582;14254;145056;989;9450;147178;206814;49619
FR;9;2023-01-13;15;19;106;888;12;73;910;1784;785;1299;1601;14360;145944;1001;9523;148088;208598;50404
FR;9;2023-01-14;9;9;55;294;5;33;299;585;247;1308;1610;14415;146238;1006;9556;148387;209183;50651
FR;9;2023-01-15;1;3;15;37;0;9;41;82;32;1309;1613;14430;146275;1006;9565;148428;209265;50683
FR;9;2023-01-16;6;15;54;366;13;24;383;785;371;1315;1628;14484;146641;1019;9589;148811;210050;51054
FR;9;2023-01-17;7;9;83;563;4;49;577;1244;609;1322;1637;14567;147204;1023;9638;149388;211294;51663
FR;9;2023-01-18;8;14;37;380;6;32;397;841;405;1330;1651;14604;147584;1029;9670;149785;212135;52068
FR;9;2023-01-19;10;9;58;477;8;30;478;1088;569;1340;1660;14662;148061;1037;9700;150263;213223;52637
FR;9;2023-01-20;15;19;96;578;16;57;595;1190;534;1355;1679;14758;148639;1053;9757;150858;214413;53171
FR;9;2023-01-21;8;15;20;192;11;13;190;347;140;1363;1694;14778;148831;1064;9770;151048;214760;53311
FR;9;2023-01-22;0;0;8;20;0;5;21;42;16;1363;1694;14786;148851;1064;9775;151069;214802;53327
FR;9;2023-01-23;4;15;27;253;9;25;242;563;287;1367;1709;14813;149104;1073;9800;151311;215365;53614
FR;9;2023-01-24;11;10;70;461;9;42;484;1162;633;1378;1719;14883;149565;1082;9842;151795;216527;54247
FR;9;2023-01-25;11;20;50;325;9;47;336;798;410;1389;1739;14933;149890;1091;9889;152131;217325;54657
FR;9;2023-01-26;7;17;64;391;8;50;390;967;515;1396;1756;14997;150281;1099;9939;152521;218292;55172
FR;9;2023-01-27;4;7;59;381;3;31;397;906;462;1400;1763;15056;150662;1102;9970;152918;219198;55634
FR;9;2023-01-28;3;6;31;128;5;27;120;265;116;1403;1769;15087;150790;1107;9997;153038;219463;55750
FR;9;2023-01-29;3;0;3;18;2;1;17;40;22;1406;1769;15090;150808;1109;9998;153055;219503;55772
FR;9;2023-01-30;4;6;31;192;5;11;211;501;272;1410;1775;15121;151000;1114;10009;153266;220004;56044
FR;9;2023-01-31;14;7;38;260;8;18;264;649;359;1424;1782;15159;151260;1122;10027;153530;220653;56403
FR;9;2023-02-01;5;7;26;173;4;20;179;519;309;1429;1789;15185;151433;1126;10047;153709;221172;56712
FR;9;2023-02-02;4;6;31;252;6;23;233;666;395;1433;1795;15216;151685;1132;10070;153942;221838;57107
FR;9;2023-02-03;8;13;42;289;10;37;275;677;355;1441;1808;15258;151974;1142;10107;154217;222515;57462
FR;9;2023-02-04;6;5;10;70;7;8;68;160;84;1447;1813;15268;152044;1149;10115;154285;222675;57546
FR;9;2023-02-05;1;1;4;7;0;4;7;17;6;1448;1814;15272;152051;1149;10119;154292;222692;57552
FR;9;2023-02-06;3;5;17;81;4;15;78;229;134;1451;1819;15289;152132;1153;10134;154370;222921;57686
FR;9;2023-02-07;3;5;30;139;3;21;134;424;263;1454;1824;15319;152271;1156;10155;154504;223345;57949
FR;9;2023-02-08;4;6;25;116;3;13;125;301;160;1458;1830;15344;152387;1159;10168;154629;223646;58109
FR;9;2023-02-09;8;3;20;138;4;14;123;339;198;1466;1833;15364;152525;1163;10182;154752;223985;58307
FR;9;2023-02-10;8;8;19;149;10;11;145;314;152;1474;1841;15383;152674;1173;10193;154897;224299;58459
FR;9;2023-02-11;5;4;14;42;3;9;47;84;28;1479;1845;15397;152716;1176;10202;154944;224383;58487
FR;9;2023-02-12;0;0;0;1;0;0;1;8;7;1479;1845;15397;152717;1176;10202;154945;224391;58494
FR;9;2023-02-13;3;8;5;50;8;4;45;107;55;1482;1853;15402;152767;1184;10206;154990;224498;58549
FR;9;2023-02-14;10;10;16;66;10;13;63;225;146;1492;1863;15418;152833;1194;10219;155053;224723;58695
FR;9;2023-02-15;1;5;16;52;3;12;50;162;99;1493;1868;15434;152885;1197;10231;155103;224885;58794
FR;9;2023-02-16;4;6;19;77;1;17;78;197;93;1497;1874;15453;152962;1198;10248;155181;225082;58887
FR;9;2023-02-17;6;4;15;62;5;11;64;178;99;1503;1878;15468;153024;1203;10259;155245;225260;58986
FR;9;2023-02-18;1;5;1;30;5;3;25;58;29;1504;1883;15469;153054;1208;10262;155270;225318;59015
FR;9;2023-02-19;1;0;0;1;0;0;1;3;2;1505;1883;15469;153055;1208;10262;155271;225321;59017
FR;9;2023-02-20;2;3;9;60;2;6;60;123;55;1507;1886;15478;153115;1210;10268;155331;225444;59072
FR;9;2023-02-21;6;9;11;65;7;10;65;160;83;1513;1895;15489;153180;1217;10278;155396;225604;59155
FR;9;2023-02-22;2;4;18;70;3;13;72;210;118;1515;1899;15507;153250;1220;10291;155468;225814;59273
FR;9;2023-02-23;5;3;17;63;1;12;69;146;61;1520;1902;15524;153313;1221;10303;155537;225960;59334
FR;9;2023-02-24;6;4;13;80;5;8;83;211;114;1526;1906;15537;153393;1226;10311;155620;226171;59448
FR;9;2023-02-25;2;2;10;14;4;4;23;43;16;1528;1908;15547;153407;1230;10315;155643;226214;59464
FR;9;2023-02-26;3;1;0;4;3;1;4;5;0;1531;1909;15547;153411;1233;10316;155647;226219;59464
FR;9;2023-02-27;2;3;5;17;3;2;19;49;26;1533;1912;15552;153428;1236;10318;155666;226268;59490
FR;9;2023-02-28;7;13;18;55;11;16;58;155;76;1540;1925;15570;153483;1247;10334;155724;226423;59566
FR;9;2023-03-01;0;9;6;20;7;7;20;78;48;1540;1934;15576;153503;1254;10341;155744;226501;59614
FR;9;2023-03-02;0;1;7;31;1;2;36;80;41;1540;1935;15583;153534;1255;10343;155780;226581;59655
FR;9;2023-03-03;1;4;9;47;3;7;48;122;67;1541;1939;15592;153581;1258;10350;155828;226703;59722
FR;9;2023-03-04;1;2;7;19;1;4;25;41;10;1542;1941;15599;153600;1259;10354;155853;226744;59732
FR;9;2023-03-05;0;1;1;0;1;0;1;8;7;1542;1942;15600;153600;1260;10354;155854;226752;59739
FR;9;2023-03-06;1;6;6;8;3;6;9;35;19;1543;1948;15606;153608;1263;10360;155863;226787;59758
FR;9;2023-03-07;2;4;8;20;0;9;24;69;34;1545;1952;15614;153628;1263;10369;155887;226856;59792
FR;9;2023-03-08;2;4;10;6;4;4;13;39;20;1547;1956;15624;153634;1267;10373;155900;226895;59812
FR;9;2023-03-09;1;3;9;12;2;6;17;65;42;1548;1959;15633;153646;1269;10379;155917;226960;59854
FR;9;2023-03-10;3;3;6;23;3;4;20;70;44;1551;1962;15639;153669;1272;10383;155937;227030;59898
FR;9;2023-03-11;2;3;4;8;2;1;11;15;3;1553;1965;15643;153677;1274;10384;155948;227045;59901
FR;9;2023-03-12;0;1;0;0;1;0;0;0;0;1553;1966;15643;153677;1275;10384;155948;227045;59901
FR;9;2023-03-13;3;5;9;34;3;4;14;49;29;1556;1971;15652;153711;1278;10388;155962;227094;59930
FR;9;2023-03-14;3;3;7;27;1;6;29;79;41;1559;1974;15659;153738;1279;10394;155991;227173;59971
FR;9;2023-03-15;0;6;4;15;4;4;17;47;24;1559;1980;15663;153753;1283;10398;156008;227220;59995
FR;9;2023-03-16;0;9;7;15;5;8;15;77;52;1559;1989;15670;153768;1288;10406;156023;227297;60047
FR;9;2023-03-17;0;7;6;40;3;8;27;113;71;1559;1996;15676;153808;1291;10414;156050;227410;60118
FR;9;2023-03-18;2;2;5;13;1;4;16;48;26;1561;1998;15681;153821;1292;10418;156066;227458;60144
FR;9;2023-03-19;0;1;0;0;1;0;0;0;0;1561;1999;15681;153821;1293;10418;156066;227458;60144
FR;9;2023-03-20;3;7;1;25;6;1;13;54;40;1564;2006;15682;153846;1299;10419;156079;227512;60184
FR;9;2023-03-21;1;1;6;16;1;1;21;69;47;1565;2007;15688;153862;1300;10420;156100;227581;60231
FR;9;2023-03-22;1;2;4;19;2;2;22;78;49;1566;2009;15692;153881;1302;10422;156122;227659;60280
FR;9;2023-03-23;0;6;7;22;4;7;21;56;25;1566;2015;15699;153903;1306;10429;156143;227715;60305
FR;9;2023-03-24;2;2;5;25;2;5;26;53;19;1568;2017;15704;153928;1308;10434;156169;227768;60324
FR;9;2023-03-25;0;0;4;6;0;3;8;16;5;1568;2017;15708;153934;1308;10437;156177;227784;60329
FR;9;2023-03-26;0;1;0;0;0;1;0;2;1;1568;2018;15708;153934;1308;10438;156177;227786;60330
FR;9;2023-03-27;0;3;4;8;2;2;12;32;15;1568;2021;15712;153942;1310;10440;156189;227818;60345
FR;9;2023-03-28;5;13;6;17;12;7;16;49;22;1573;2034;15718;153959;1322;10447;156205;227867;60367
FR;9;2023-03-29;3;6;8;5;2;8;8;28;12;1576;2040;15726;153964;1324;10455;156213;227895;60379
FR;9;2023-03-30;2;2;2;17;2;3;17;43;20;1578;2042;15728;153981;1326;10458;156230;227938;60399
FR;9;2023-03-31;1;3;2;18;1;6;15;45;22;1579;2045;15730;153999;1327;10464;156245;227983;60421
FR;9;2023-04-01;0;1;5;2;0;4;5;12;3;1579;2046;15735;154001;1327;10468;156250;227995;60424
FR;9;2023-04-02;3;1;1;0;0;2;0;4;2;1582;2047;15736;154001;1327;10470;156250;227999;60426
FR;9;2023-04-03;0;1;3;13;0;4;10;53;34;1582;2048;15739;154014;1327;10474;156260;228052;60460
FR;9;2023-04-04;4;4;11;18;2;7;22;61;29;1586;2052;15750;154032;1329;10481;156282;228113;60489
FR;9;2023-04-05;0;2;5;27;1;3;32;78;39;1586;2054;15755;154059;1330;10484;156314;228191;60528
FR;9;2023-04-06;0;0;4;13;0;2;16;42;23;1586;2054;15759;154072;1330;10486;156330;228233;60551
FR;9;2023-04-07;1;6;1;7;2;4;7;34;19;1587;2060;15760;154079;1332;10490;156337;228267;60570
FR;9;2023-04-08;0;1;2;1;0;1;3;7;2;1587;2061;15762;154080;1332;10491;156340;228274;60572
FR;9;2023-04-09;0;1;0;0;1;0;0;2;1;1587;2062;15762;154080;1333;10491;156340;228276;60573
FR;9;2023-04-10;0;1;1;5;1;1;5;6;0;1587;2063;15763;154085;1334;10492;156345;228282;60573
FR;9;2023-04-11;2;5;4;9;4;3;8;22;8;1589;2068;15767;154094;1338;10495;156353;228304;60581
FR;9;2023-04-12;1;2;6;8;2;4;10;41;24;1590;2070;15773;154102;1340;10499;156363;228345;60605
FR;9;2023-04-13;0;0;2;4;0;2;4;15;9;1590;2070;15775;154106;1340;10501;156367;228360;60614
FR;9;2023-04-14;1;4;7;10;1;6;12;38;13;1591;2074;15782;154116;1341;10507;156379;228398;60627
FR;9;2023-04-15;0;1;2;2;1;1;2;7;4;1591;2075;15784;154118;1342;10508;156381;228405;60631
FR;9;2023-04-16;0;1;0;0;1;0;0;0;0;1591;2076;15784;154118;1343;10508;156381;228405;60631
FR;9;2023-04-17;1;2;6;11;2;2;14;44;21;1592;2078;15790;154129;1345;10510;156395;228449;60652
FR;9;2023-04-18;2;1;3;8;1;2;9;34;21;1594;2079;15793;154137;1346;10512;156404;228483;60673
FR;9;2023-04-19;1;0;2;4;0;2;4;28;16;1595;2079;15795;154141;1346;10514;156408;228511;60689
FR;9;2023-04-20;1;0;2;6;0;2;6;24;13;1596;2079;15797;154147;1346;10516;156414;228535;60702
FR;9;2023-04-21;0;2;2;4;1;3;7;30;15;1596;2081;15799;154151;1347;10519;156421;228565;60717
FR;9;2023-04-22;0;1;0;2;1;0;2;3;1;1596;2082;15799;154153;1348;10519;156423;228568;60718
FR;9;2023-04-23;0;0;0;0;0;0;0;1;0;1596;2082;15799;154153;1348;10519;156423;228569;60718
FR;9;2023-04-24;1;3;3;13;3;3;11;26;9;1597;2085;15802;154166;1351;10522;156434;228595;60727
FR;9;2023-04-25;1;2;5;11;2;1;16;87;43;1598;2087;15807;154177;1353;10523;156450;228682;60770
FR;9;2023-04-26;5;0;4;9;0;5;4;13;3;1603;2087;15811;154186;1353;10528;156454;228695;60773
FR;9;2023-04-27;0;2;4;2;2;4;1;9;3;1603;2089;15815;154188;1355;10532;156455;228704;60776
FR;9;2023-04-28;0;0;0;0;0;0;0;4;4;1603;2089;15815;154188;1355;10532;156455;228708;60780
FR;9;2023-04-29;1;2;2;0;1;1;3;8;3;1604;2091;15817;154188;1356;10533;156458;228716;60783
FR;9;2023-04-30;0;1;0;0;1;0;0;0;0;1604;2092;15817;154188;1357;10533;156458;228716;60783
FR;9;2023-05-01;0;0;0;0;0;0;0;0;0;1604;2092;15817;154188;1357;10533;156458;228716;60783
FR;9;2023-05-02;1;1;3;2;0;3;3;18;7;1605;2093;15820;154190;1357;10536;156461;228734;60790
FR;9;2023-05-03;2;2;1;2;1;2;2;8;3;1607;2095;15821;154192;1358;10538;156463;228742;60793
FR;9;2023-05-04;0;1;2;2;1;2;3;9;2;1607;2096;15823;154194;1359;10540;156466;228751;60795
FR;9;2023-05-05;0;1;2;1;1;0;3;19;11;1607;2097;15825;154195;1360;10540;156469;228770;60806
FR;9;2023-05-06;0;1;0;0;1;0;0;3;2;1607;2098;15825;154195;1361;10540;156469;228773;60808
FR;9;2023-05-07;0;1;0;0;0;1;0;1;0;1607;2099;15825;154195;1361;10541;156469;228774;60808
FR;9;2023-05-08;0;0;0;0;0;0;0;0;0;1607;2099;15825;154195;1361;10541;156469;228774;60808
FR;9;2023-05-09;0;0;0;5;0;0;3;16;13;1607;2099;15825;154200;1361;10541;156472;228790;60821
FR;9;2023-05-10;1;0;0;0;0;1;0;9;3;1608;2099;15825;154200;1361;10542;156472;228799;60824
FR;9;2023-05-11;0;0;1;0;0;1;0;7;5;1608;2099;15826;154200;1361;10543;156472;228806;60829
FR;9;2023-05-12;1;1;4;1;0;3;3;14;7;1609;2100;15830;154201;1361;10546;156475;228820;60836
FR;9;2023-05-13;0;0;0;0;0;0;0;2;1;1609;2100;15830;154201;1361;10546;156475;228822;60837
FR;9;2023-05-14;0;0;0;0;0;0;0;0;0;1609;2100;15830;154201;1361;10546;156475;228822;60837
FR;9;2023-05-15;0;0;0;1;0;0;1;9;2;1609;2100;15830;154202;1361;10546;156476;228831;60839
FR;9;2023-05-16;0;1;0;3;1;0;3;11;4;1609;2101;15830;154205;1362;10546;156479;228842;60843
FR;10;2020-12-27;0;0;0;0;0;0;0;0;0;0;0;0;0;0;0;0;0;0
FR;10;2020-12-28;0;0;0;0;0;0;0;0;0;0;0;0;0;0;0;0;0;0
FR;10;2020-12-29;0;0;0;0;0;0;0;0;0;0;0;0;0;0;0;0;0;0
FR;10;2020-12-30;0;0;0;0;0;0;0;0;0;0;0;0;0;0;0;0;0;0
FR;10;2020-12-31;0;0;0;0;0;0;0;0;0;0;0;0;0;0;0;0;0;0
FR;10;2021-01-01;0;0;0;0;0;0;0;0;0;0;0;0;0;0;0;0;0;0
FR;10;2021-01-02;0;0;0;0;0;0;0;0;0;0;0;0;0;0;0;0;0;0
FR;10;2021-01-03;0;0;0;0;0;0;0;0;0;0;0;0;0;0;0;0;0;0
FR;10;2021-01-04;0;0;0;0;0;0;0;0;0;0;0;0;0;0;0;0;0;0
FR;10;2021-01-05;0;0;0;0;0;0;0;0;0;0;0;0;0;0;0;0;0;0
FR;10;2021-01-06;0;0;0;0;0;0;0;0;0;0;0;0;0;0;0;0;0;0
FR;10;2021-01-07;0;0;0;0;0;0;0;0;0;0;0;0;0;0;0;0;0;0
FR;10;2021-01-08;0;0;0;0;0;0;0;0;0;0;0;0;0;0;0;0;0;0
FR;10;2021-01-09;0;0;0;0;0;0;0;0;0;0;0;0;0;0;0;0;0;0
FR;10;2021-01-10;0;0;0;0;0;0;0;0;0;0;0;0;0;0;0;0;0;0
FR;10;2021-01-11;0;0;0;0;0;0;0;0;0;0;0;0;0;0;0;0;0;0
FR;10;2021-01-12;0;0;0;0;0;0;0;0;0;0;0;0;0;0;0;0;0;0
FR;10;2021-01-13;0;0;0;0;0;0;0;0;0;0;0;0;0;0;0;0;0;0
FR;10;2021-01-14;0;0;0;0;0;0;0;0;0;0;0;0;0;0;0;0;0;0
FR;10;2021-01-15;0;0;0;0;0;0;0;0;0;0;0;0;0;0;0;0;0;0
FR;10;2021-01-16;0;0;0;0;0;0;0;0;0;0;0;0;0;0;0;0;0;0
FR;10;2021-01-17;0;0;0;0;0;0;0;0;0;0;0;0;0;0;0;0;0;0
FR;10;2021-01-18;0;0;0;0;0;0;0;0;0;0;0;0;0;0;0;0;0;0
FR;10;2021-01-19;0;0;0;0;0;0;0;0;0;0;0;0;0;0;0;0;0;0
FR;10;2021-01-20;0;0;0;0;0;0;0;0;0;0;0;0;0;0;0;0;0;0
FR;10;2021-01-21;0;0;0;0;0;0;0;0;0;0;0;0;0;0;0;0;0;0
FR;10;2021-01-22;0;0;0;0;0;0;0;0;0;0;0;0;0;0;0;0;0;0
FR;10;2021-01-23;0;0;0;0;0;0;0;0;0;0;0;0;0;0;0;0;0;0
FR;10;2021-01-24;0;0;0;0;0;0;0;0;0;0;0;0;0;0;0;0;0;0
FR;10;2021-01-25;0;0;0;0;0;0;0;0;0;0;0;0;0;0;0;0;0;0
FR;10;2021-01-26;0;0;0;0;0;0;0;0;0;0;0;0;0;0;0;0;0;0
FR;10;2021-01-27;0;0;0;0;0;0;0;0;0;0;0;0;0;0;0;0;0;0
FR;10;2021-01-28;0;0;0;0;0;0;0;0;0;0;0;0;0;0;0;0;0;0
FR;10;2021-01-29;0;0;0;0;0;0;0;0;0;0;0;0;0;0;0;0;0;0
FR;10;2021-01-30;0;0;0;0;0;0;0;0;0;0;0;0;0;0;0;0;0;0
FR;10;2021-01-31;0;0;0;0;0;0;0;0;0;0;0;0;0;0;0;0;0;0
FR;10;2021-02-01;0;0;0;0;0;0;0;0;0;0;0;0;0;0;0;0;0;0
FR;10;2021-02-02;0;0;0;0;0;0;0;0;0;0;0;0;0;0;0;0;0;0
FR;10;2021-02-03;0;0;0;0;0;0;0;0;0;0;0;0;0;0;0;0;0;0
FR;10;2021-02-04;0;0;0;0;0;0;0;0;0;0;0;0;0;0;0;0;0;0
FR;10;2021-02-05;0;0;0;0;0;0;0;0;0;0;0;0;0;0;0;0;0;0
FR;10;2021-02-06;0;0;0;0;0;0;0;0;0;0;0;0;0;0;0;0;0;0
FR;10;2021-02-07;0;0;0;0;0;0;0;0;0;0;0;0;0;0;0;0;0;0
FR;10;2021-02-08;0;0;0;0;0;0;0;0;0;0;0;0;0;0;0;0;0;0
FR;10;2021-02-09;0;0;0;0;0;0;0;0;0;0;0;0;0;0;0;0;0;0
FR;10;2021-02-10;0;0;0;0;0;0;0;0;0;0;0;0;0;0;0;0;0;0
FR;10;2021-02-11;0;0;0;0;0;0;0;0;0;0;0;0;0;0;0;0;0;0
FR;10;2021-02-12;0;0;0;0;0;0;0;0;0;0;0;0;0;0;0;0;0;0
FR;10;2021-02-13;0;0;0;0;0;0;0;0;0;0;0;0;0;0;0;0;0;0
FR;10;2021-02-14;0;0;0;0;0;0;0;0;0;0;0;0;0;0;0;0;0;0
FR;10;2021-02-15;0;0;0;0;0;0;0;0;0;0;0;0;0;0;0;0;0;0
FR;10;2021-02-16;0;0;0;0;0;0;0;0;0;0;0;0;0;0;0;0;0;0
FR;10;2021-02-17;0;0;0;0;0;0;0;0;0;0;0;0;0;0;0;0;0;0
FR;10;2021-02-18;0;0;0;0;0;0;0;0;0;0;0;0;0;0;0;0;0;0
FR;10;2021-02-19;0;0;0;0;0;0;0;0;0;0;0;0;0;0;0;0;0;0
FR;10;2021-02-20;0;0;0;0;0;0;0;0;0;0;0;0;0;0;0;0;0;0
FR;10;2021-02-21;0;0;0;0;0;0;0;0;0;0;0;0;0;0;0;0;0;0
FR;10;2021-02-22;0;0;0;0;0;0;0;0;0;0;0;0;0;0;0;0;0;0
FR;10;2021-02-23;0;0;0;0;0;0;0;0;0;0;0;0;0;0;0;0;0;0
FR;10;2021-02-24;0;0;0;0;0;0;0;0;0;0;0;0;0;0;0;0;0;0
FR;10;2021-02-25;0;0;0;0;0;0;0;0;0;0;0;0;0;0;0;0;0;0
FR;10;2021-02-26;0;0;0;0;0;0;0;0;0;0;0;0;0;0;0;0;0;0
FR;10;2021-02-27;0;0;0;0;0;0;0;0;0;0;0;0;0;0;0;0;0;0
FR;10;2021-02-28;0;0;0;0;0;0;0;0;0;0;0;0;0;0;0;0;0;0
FR;10;2021-03-01;0;0;0;0;0;0;0;0;0;0;0;0;0;0;0;0;0;0
FR;10;2021-03-02;0;0;0;0;0;0;0;0;0;0;0;0;0;0;0;0;0;0
FR;10;2021-03-03;0;0;0;0;0;0;0;0;0;0;0;0;0;0;0;0;0;0
FR;10;2021-03-04;0;0;0;0;0;0;0;0;0;0;0;0;0;0;0;0;0;0
FR;10;2021-03-05;0;0;0;0;0;0;0;0;0;0;0;0;0;0;0;0;0;0
FR;10;2021-03-06;0;0;0;0;0;0;0;0;0;0;0;0;0;0;0;0;0;0
FR;10;2021-03-07;0;0;0;0;0;0;0;0;0;0;0;0;0;0;0;0;0;0
FR;10;2021-03-08;0;0;0;0;0;0;0;0;0;0;0;0;0;0;0;0;0;0
FR;10;2021-03-09;0;0;0;0;0;0;0;0;0;0;0;0;0;0;0;0;0;0
FR;10;2021-03-10;0;0;0;0;0;0;0;0;0;0;0;0;0;0;0;0;0;0
FR;10;2021-03-11;0;0;0;0;0;0;0;0;0;0;0;0;0;0;0;0;0;0
FR;10;2021-03-12;0;0;0;0;0;0;0;0;0;0;0;0;0;0;0;0;0;0
FR;10;2021-03-13;0;0;0;0;0;0;0;0;0;0;0;0;0;0;0;0;0;0
FR;10;2021-03-14;0;0;0;0;0;0;0;0;0;0;0;0;0;0;0;0;0;0
FR;10;2021-03-15;0;0;0;0;0;0;0;0;0;0;0;0;0;0;0;0;0;0
FR;10;2021-03-16;0;0;0;0;0;0;0;0;0;0;0;0;0;0;0;0;0;0
FR;10;2021-03-17;0;0;0;0;0;0;0;0;0;0;0;0;0;0;0;0;0;0
FR;10;2021-03-18;0;0;0;0;0;0;0;0;0;0;0;0;0;0;0;0;0;0
FR;10;2021-03-19;0;0;0;0;0;0;0;0;0;0;0;0;0;0;0;0;0;0
FR;10;2021-03-20;0;0;0;0;0;0;0;0;0;0;0;0;0;0;0;0;0;0
FR;10;2021-03-21;0;0;0;0;0;0;0;0;0;0;0;0;0;0;0;0;0;0
FR;10;2021-03-22;0;0;0;0;0;0;0;0;0;0;0;0;0;0;0;0;0;0
FR;10;2021-03-23;0;0;0;0;0;0;0;0;0;0;0;0;0;0;0;0;0;0
FR;10;2021-03-24;0;0;0;0;0;0;0;0;0;0;0;0;0;0;0;0;0;0
FR;10;2021-03-25;0;0;0;0;0;0;0;0;0;0;0;0;0;0;0;0;0;0
FR;10;2021-03-26;0;0;0;0;0;0;0;0;0;0;0;0;0;0;0;0;0;0
FR;10;2021-03-27;0;0;0;0;0;0;0;0;0;0;0;0;0;0;0;0;0;0
FR;10;2021-03-28;0;0;0;0;0;0;0;0;0;0;0;0;0;0;0;0;0;0
FR;10;2021-03-29;0;0;0;0;0;0;0;0;0;0;0;0;0;0;0;0;0;0
FR;10;2021-03-30;0;0;0;0;0;0;0;0;0;0;0;0;0;0;0;0;0;0
FR;10;2021-03-31;0;0;0;0;0;0;0;0;0;0;0;0;0;0;0;0;0;0
FR;10;2021-04-01;0;0;0;0;0;0;0;0;0;0;0;0;0;0;0;0;0;0
FR;10;2021-04-02;0;0;0;0;0;0;0;0;0;0;0;0;0;0;0;0;0;0
FR;10;2021-04-03;0;0;0;0;0;0;0;0;0;0;0;0;0;0;0;0;0;0
FR;10;2021-04-04;0;0;0;0;0;0;0;0;0;0;0;0;0;0;0;0;0;0
FR;10;2021-04-05;0;0;0;0;0;0;0;0;0;0;0;0;0;0;0;0;0;0
FR;10;2021-04-06;0;0;0;0;0;0;0;0;0;0;0;0;0;0;0;0;0;0
FR;10;2021-04-07;0;0;0;0;0;0;0;0;0;0;0;0;0;0;0;0;0;0
FR;10;2021-04-08;0;0;0;0;0;0;0;0;0;0;0;0;0;0;0;0;0;0
FR;10;2021-04-09;0;0;0;0;0;0;0;0;0;0;0;0;0;0;0;0;0;0
FR;10;2021-04-10;0;0;0;0;0;0;0;0;0;0;0;0;0;0;0;0;0;0
FR;10;2021-04-11;0;0;0;0;0;0;0;0;0;0;0;0;0;0;0;0;0;0
FR;10;2021-04-12;0;0;0;0;0;0;0;0;0;0;0;0;0;0;0;0;0;0
FR;10;2021-04-13;0;0;0;0;0;0;0;0;0;0;0;0;0;0;0;0;0;0
FR;10;2021-04-14;0;0;0;0;0;0;0;0;0;0;0;0;0;0;0;0;0;0
FR;10;2021-04-15;0;0;0;0;0;0;0;0;0;0;0;0;0;0;0;0;0;0
FR;10;2021-04-16;0;0;0;0;0;0;0;0;0;0;0;0;0;0;0;0;0;0
FR;10;2021-04-17;0;0;0;0;0;0;0;0;0;0;0;0;0;0;0;0;0;0
FR;10;2021-04-18;0;0;0;0;0;0;0;0;0;0;0;0;0;0;0;0;0;0
FR;10;2021-04-19;0;0;0;0;0;0;0;0;0;0;0;0;0;0;0;0;0;0
FR;10;2021-04-20;0;0;0;0;0;0;0;0;0;0;0;0;0;0;0;0;0;0
FR;10;2021-04-21;0;0;0;0;0;0;0;0;0;0;0;0;0;0;0;0;0;0
FR;10;2021-04-22;0;0;0;0;0;0;0;0;0;0;0;0;0;0;0;0;0;0
FR;10;2021-04-23;0;0;0;0;0;0;0;0;0;0;0;0;0;0;0;0;0;0
FR;10;2021-04-24;0;0;0;0;0;0;0;0;0;0;0;0;0;0;0;0;0;0
FR;10;2021-04-25;0;0;0;0;0;0;0;0;0;0;0;0;0;0;0;0;0;0
FR;10;2021-04-26;0;0;0;0;0;0;0;0;0;0;0;0;0;0;0;0;0;0
FR;10;2021-04-27;0;0;0;0;0;0;0;0;0;0;0;0;0;0;0;0;0;0
FR;10;2021-04-28;0;0;0;0;0;0;0;0;0;0;0;0;0;0;0;0;0;0
FR;10;2021-04-29;0;0;0;0;0;0;0;0;0;0;0;0;0;0;0;0;0;0
FR;10;2021-04-30;0;0;0;0;0;0;0;0;0;0;0;0;0;0;0;0;0;0
FR;10;2021-05-01;0;0;0;0;0;0;0;0;0;0;0;0;0;0;0;0;0;0
FR;10;2021-05-02;0;0;0;0;0;0;0;0;0;0;0;0;0;0;0;0;0;0
FR;10;2021-05-03;0;0;0;0;0;0;0;0;0;0;0;0;0;0;0;0;0;0
FR;10;2021-05-04;0;0;0;0;0;0;0;0;0;0;0;0;0;0;0;0;0;0
FR;10;2021-05-05;0;0;0;0;0;0;0;0;0;0;0;0;0;0;0;0;0;0
FR;10;2021-05-06;0;0;0;0;0;0;0;0;0;0;0;0;0;0;0;0;0;0
FR;10;2021-05-07;0;0;0;0;0;0;0;0;0;0;0;0;0;0;0;0;0;0
FR;10;2021-05-08;0;0;0;0;0;0;0;0;0;0;0;0;0;0;0;0;0;0
FR;10;2021-05-09;0;0;0;0;0;0;0;0;0;0;0;0;0;0;0;0;0;0
FR;10;2021-05-10;0;0;0;0;0;0;0;0;0;0;0;0;0;0;0;0;0;0
FR;10;2021-05-11;0;0;0;0;0;0;0;0;0;0;0;0;0;0;0;0;0;0
FR;10;2021-05-12;0;0;0;0;0;0;0;0;0;0;0;0;0;0;0;0;0;0
FR;10;2021-05-13;0;0;0;0;0;0;0;0;0;0;0;0;0;0;0;0;0;0
FR;10;2021-05-14;0;0;0;0;0;0;0;0;0;0;0;0;0;0;0;0;0;0
FR;10;2021-05-15;0;0;0;0;0;0;0;0;0;0;0;0;0;0;0;0;0;0
FR;10;2021-05-16;0;0;0;0;0;0;0;0;0;0;0;0;0;0;0;0;0;0
FR;10;2021-05-17;0;0;0;0;0;0;0;0;0;0;0;0;0;0;0;0;0;0
FR;10;2021-05-18;0;0;0;0;0;0;0;0;0;0;0;0;0;0;0;0;0;0
FR;10;2021-05-19;0;0;0;0;0;0;0;0;0;0;0;0;0;0;0;0;0;0
FR;10;2021-05-20;0;0;0;0;0;0;0;0;0;0;0;0;0;0;0;0;0;0
FR;10;2021-05-21;0;0;0;0;0;0;0;0;0;0;0;0;0;0;0;0;0;0
FR;10;2021-05-22;0;0;0;0;0;0;0;0;0;0;0;0;0;0;0;0;0;0
FR;10;2021-05-23;0;0;0;0;0;0;0;0;0;0;0;0;0;0;0;0;0;0
FR;10;2021-05-24;0;0;0;0;0;0;0;0;0;0;0;0;0;0;0;0;0;0
FR;10;2021-05-25;0;0;0;0;0;0;0;0;0;0;0;0;0;0;0;0;0;0
FR;10;2021-05-26;0;0;0;0;0;0;0;0;0;0;0;0;0;0;0;0;0;0
FR;10;2021-05-27;0;0;0;0;0;0;0;0;0;0;0;0;0;0;0;0;0;0
FR;10;2021-05-28;0;0;0;0;0;0;0;0;0;0;0;0;0;0;0;0;0;0
FR;10;2021-05-29;0;0;0;0;0;0;0;0;0;0;0;0;0;0;0;0;0;0
FR;10;2021-05-30;0;0;0;0;0;0;0;0;0;0;0;0;0;0;0;0;0;0
FR;10;2021-05-31;0;0;0;0;0;0;0;0;0;0;0;0;0;0;0;0;0;0
FR;10;2021-06-01;0;0;0;0;0;0;0;0;0;0;0;0;0;0;0;0;0;0
FR;10;2021-06-02;0;0;0;0;0;0;0;0;0;0;0;0;0;0;0;0;0;0
FR;10;2021-06-03;0;0;0;0;0;0;0;0;0;0;0;0;0;0;0;0;0;0
FR;10;2021-06-04;0;0;0;0;0;0;0;0;0;0;0;0;0;0;0;0;0;0
FR;10;2021-06-05;0;0;0;0;0;0;0;0;0;0;0;0;0;0;0;0;0;0
FR;10;2021-06-06;0;0;0;0;0;0;0;0;0;0;0;0;0;0;0;0;0;0
FR;10;2021-06-07;0;0;0;0;0;0;0;0;0;0;0;0;0;0;0;0;0;0
FR;10;2021-06-08;0;0;0;0;0;0;0;0;0;0;0;0;0;0;0;0;0;0
FR;10;2021-06-09;0;0;0;0;0;0;0;0;0;0;0;0;0;0;0;0;0;0
FR;10;2021-06-10;0;0;0;0;0;0;0;0;0;0;0;0;0;0;0;0;0;0
FR;10;2021-06-11;0;0;0;0;0;0;0;0;0;0;0;0;0;0;0;0;0;0
FR;10;2021-06-12;0;0;0;0;0;0;0;0;0;0;0;0;0;0;0;0;0;0
FR;10;2021-06-13;0;0;0;0;0;0;0;0;0;0;0;0;0;0;0;0;0;0
FR;10;2021-06-14;0;0;0;0;0;0;0;0;0;0;0;0;0;0;0;0;0;0
FR;10;2021-06-15;0;0;0;0;0;0;0;0;0;0;0;0;0;0;0;0;0;0
FR;10;2021-06-16;0;0;0;0;0;0;0;0;0;0;0;0;0;0;0;0;0;0
FR;10;2021-06-17;0;0;0;0;0;0;0;0;0;0;0;0;0;0;0;0;0;0
FR;10;2021-06-18;0;0;0;0;0;0;0;0;0;0;0;0;0;0;0;0;0;0
FR;10;2021-06-19;0;0;0;0;0;0;0;0;0;0;0;0;0;0;0;0;0;0
FR;10;2021-06-20;0;0;0;0;0;0;0;0;0;0;0;0;0;0;0;0;0;0
FR;10;2021-06-21;0;0;0;0;0;0;0;0;0;0;0;0;0;0;0;0;0;0
FR;10;2021-06-22;0;0;0;0;0;0;0;0;0;0;0;0;0;0;0;0;0;0
FR;10;2021-06-23;0;0;0;0;0;0;0;0;0;0;0;0;0;0;0;0;0;0
FR;10;2021-06-24;0;0;0;0;0;0;0;0;0;0;0;0;0;0;0;0;0;0
FR;10;2021-06-25;0;0;0;0;0;0;0;0;0;0;0;0;0;0;0;0;0;0
FR;10;2021-06-26;0;0;0;0;0;0;0;0;0;0;0;0;0;0;0;0;0;0
FR;10;2021-06-27;0;0;0;0;0;0;0;0;0;0;0;0;0;0;0;0;0;0
FR;10;2021-06-28;0;0;0;0;0;0;0;0;0;0;0;0;0;0;0;0;0;0
FR;10;2021-06-29;0;0;0;0;0;0;0;0;0;0;0;0;0;0;0;0;0;0
FR;10;2021-06-30;0;0;0;0;0;0;0;0;0;0;0;0;0;0;0;0;0;0
FR;10;2021-07-01;0;0;0;0;0;0;0;0;0;0;0;0;0;0;0;0;0;0
FR;10;2021-07-02;0;0;0;0;0;0;0;0;0;0;0;0;0;0;0;0;0;0
FR;10;2021-07-03;0;0;0;0;0;0;0;0;0;0;0;0;0;0;0;0;0;0
FR;10;2021-07-04;0;0;0;0;0;0;0;0;0;0;0;0;0;0;0;0;0;0
FR;10;2021-07-05;0;0;0;0;0;0;0;0;0;0;0;0;0;0;0;0;0;0
FR;10;2021-07-06;0;0;0;0;0;0;0;0;0;0;0;0;0;0;0;0;0;0
FR;10;2021-07-07;0;0;0;0;0;0;0;0;0;0;0;0;0;0;0;0;0;0
FR;10;2021-07-08;0;0;0;0;0;0;0;0;0;0;0;0;0;0;0;0;0;0
FR;10;2021-07-09;0;0;0;0;0;0;0;0;0;0;0;0;0;0;0;0;0;0
FR;10;2021-07-10;0;0;0;0;0;0;0;0;0;0;0;0;0;0;0;0;0;0
FR;10;2021-07-11;0;0;0;0;0;0;0;0;0;0;0;0;0;0;0;0;0;0
FR;10;2021-07-12;0;0;0;0;0;0;0;0;0;0;0;0;0;0;0;0;0;0
FR;10;2021-07-13;0;0;0;0;0;0;0;0;0;0;0;0;0;0;0;0;0;0
FR;10;2021-07-14;0;0;0;0;0;0;0;0;0;0;0;0;0;0;0;0;0;0
FR;10;2021-07-15;0;0;0;0;0;0;0;0;0;0;0;0;0;0;0;0;0;0
FR;10;2021-07-16;0;0;0;0;0;0;0;0;0;0;0;0;0;0;0;0;0;0
FR;10;2021-07-17;0;0;0;0;0;0;0;0;0;0;0;0;0;0;0;0;0;0
FR;10;2021-07-18;0;0;0;0;0;0;0;0;0;0;0;0;0;0;0;0;0;0
FR;10;2021-07-19;0;0;0;0;0;0;0;0;0;0;0;0;0;0;0;0;0;0
FR;10;2021-07-20;0;0;0;0;0;0;0;0;0;0;0;0;0;0;0;0;0;0
FR;10;2021-07-21;0;0;0;0;0;0;0;0;0;0;0;0;0;0;0;0;0;0
FR;10;2021-07-22;0;0;0;0;0;0;0;0;0;0;0;0;0;0;0;0;0;0
FR;10;2021-07-23;0;0;0;0;0;0;0;0;0;0;0;0;0;0;0;0;0;0
FR;10;2021-07-24;0;0;0;0;0;0;0;0;0;0;0;0;0;0;0;0;0;0
FR;10;2021-07-25;0;0;0;0;0;0;0;0;0;0;0;0;0;0;0;0;0;0
FR;10;2021-07-26;0;0;0;0;0;0;0;0;0;0;0;0;0;0;0;0;0;0
FR;10;2021-07-27;0;0;0;0;0;0;0;0;0;0;0;0;0;0;0;0;0;0
FR;10;2021-07-28;0;0;0;0;0;0;0;0;0;0;0;0;0;0;0;0;0;0
FR;10;2021-07-29;0;0;0;0;0;0;0;0;0;0;0;0;0;0;0;0;0;0
FR;10;2021-07-30;0;0;0;0;0;0;0;0;0;0;0;0;0;0;0;0;0;0
FR;10;2021-07-31;0;0;0;0;0;0;0;0;0;0;0;0;0;0;0;0;0;0
FR;10;2021-08-01;0;0;0;0;0;0;0;0;0;0;0;0;0;0;0;0;0;0
FR;10;2021-08-02;0;0;0;0;0;0;0;0;0;0;0;0;0;0;0;0;0;0
FR;10;2021-08-03;0;0;0;0;0;0;0;0;0;0;0;0;0;0;0;0;0;0
FR;10;2021-08-04;0;0;0;0;0;0;0;0;0;0;0;0;0;0;0;0;0;0
FR;10;2021-08-05;0;0;0;0;0;0;0;0;0;0;0;0;0;0;0;0;0;0
FR;10;2021-08-06;0;0;0;0;0;0;0;0;0;0;0;0;0;0;0;0;0;0
FR;10;2021-08-07;0;0;0;0;0;0;0;0;0;0;0;0;0;0;0;0;0;0
FR;10;2021-08-08;0;0;0;0;0;0;0;0;0;0;0;0;0;0;0;0;0;0
FR;10;2021-08-09;0;0;0;0;0;0;0;0;0;0;0;0;0;0;0;0;0;0
FR;10;2021-08-10;0;0;0;0;0;0;0;0;0;0;0;0;0;0;0;0;0;0
FR;10;2021-08-11;0;0;0;0;0;0;0;0;0;0;0;0;0;0;0;0;0;0
FR;10;2021-08-12;0;0;0;0;0;0;0;0;0;0;0;0;0;0;0;0;0;0
FR;10;2021-08-13;0;0;0;0;0;0;0;0;0;0;0;0;0;0;0;0;0;0
FR;10;2021-08-14;0;0;0;0;0;0;0;0;0;0;0;0;0;0;0;0;0;0
FR;10;2021-08-15;0;0;0;0;0;0;0;0;0;0;0;0;0;0;0;0;0;0
FR;10;2021-08-16;0;0;0;0;0;0;0;0;0;0;0;0;0;0;0;0;0;0
FR;10;2021-08-17;0;0;0;0;0;0;0;0;0;0;0;0;0;0;0;0;0;0
FR;10;2021-08-18;0;0;0;0;0;0;0;0;0;0;0;0;0;0;0;0;0;0
FR;10;2021-08-19;0;0;0;0;0;0;0;0;0;0;0;0;0;0;0;0;0;0
FR;10;2021-08-20;0;0;0;0;0;0;0;0;0;0;0;0;0;0;0;0;0;0
FR;10;2021-08-21;0;0;0;0;0;0;0;0;0;0;0;0;0;0;0;0;0;0
FR;10;2021-08-22;0;0;0;0;0;0;0;0;0;0;0;0;0;0;0;0;0;0
FR;10;2021-08-23;0;0;0;0;0;0;0;0;0;0;0;0;0;0;0;0;0;0
FR;10;2021-08-24;0;0;0;0;0;0;0;0;0;0;0;0;0;0;0;0;0;0
FR;10;2021-08-25;0;0;0;0;0;0;0;0;0;0;0;0;0;0;0;0;0;0
FR;10;2021-08-26;0;0;0;0;0;0;0;0;0;0;0;0;0;0;0;0;0;0
FR;10;2021-08-27;0;0;0;0;0;0;0;0;0;0;0;0;0;0;0;0;0;0
FR;10;2021-08-28;0;0;0;0;0;0;0;0;0;0;0;0;0;0;0;0;0;0
FR;10;2021-08-29;0;0;0;0;0;0;0;0;0;0;0;0;0;0;0;0;0;0
FR;10;2021-08-30;0;0;0;0;0;0;0;0;0;0;0;0;0;0;0;0;0;0
FR;10;2021-08-31;0;0;0;0;0;0;0;0;0;0;0;0;0;0;0;0;0;0
FR;10;2021-09-01;0;0;0;0;0;0;0;0;0;0;0;0;0;0;0;0;0;0
FR;10;2021-09-02;0;0;0;0;0;0;0;0;0;0;0;0;0;0;0;0;0;0
FR;10;2021-09-03;0;0;0;0;0;0;0;0;0;0;0;0;0;0;0;0;0;0
FR;10;2021-09-04;0;0;0;0;0;0;0;0;0;0;0;0;0;0;0;0;0;0
FR;10;2021-09-05;0;0;0;0;0;0;0;0;0;0;0;0;0;0;0;0;0;0
FR;10;2021-09-06;0;0;0;0;0;0;0;0;0;0;0;0;0;0;0;0;0;0
FR;10;2021-09-07;0;0;0;0;0;0;0;0;0;0;0;0;0;0;0;0;0;0
FR;10;2021-09-08;0;0;0;0;0;0;0;0;0;0;0;0;0;0;0;0;0;0
FR;10;2021-09-09;0;0;0;0;0;0;0;0;0;0;0;0;0;0;0;0;0;0
FR;10;2021-09-10;0;0;0;0;0;0;0;0;0;0;0;0;0;0;0;0;0;0
FR;10;2021-09-11;0;0;0;0;0;0;0;0;0;0;0;0;0;0;0;0;0;0
FR;10;2021-09-12;0;0;0;0;0;0;0;0;0;0;0;0;0;0;0;0;0;0
FR;10;2021-09-13;0;0;0;0;0;0;0;0;0;0;0;0;0;0;0;0;0;0
FR;10;2021-09-14;0;0;0;0;0;0;0;0;0;0;0;0;0;0;0;0;0;0
FR;10;2021-09-15;0;0;0;0;0;0;0;0;0;0;0;0;0;0;0;0;0;0
FR;10;2021-09-16;0;0;0;0;0;0;0;0;0;0;0;0;0;0;0;0;0;0
FR;10;2021-09-17;0;0;0;0;0;0;0;0;0;0;0;0;0;0;0;0;0;0
FR;10;2021-09-18;0;0;0;0;0;0;0;0;0;0;0;0;0;0;0;0;0;0
FR;10;2021-09-19;0;0;0;0;0;0;0;0;0;0;0;0;0;0;0;0;0;0
FR;10;2021-09-20;0;0;0;0;0;0;0;0;0;0;0;0;0;0;0;0;0;0
FR;10;2021-09-21;0;0;0;0;0;0;0;0;0;0;0;0;0;0;0;0;0;0
FR;10;2021-09-22;0;0;0;0;0;0;0;0;0;0;0;0;0;0;0;0;0;0
FR;10;2021-09-23;0;0;0;0;0;0;0;0;0;0;0;0;0;0;0;0;0;0
FR;10;2021-09-24;0;0;0;0;0;0;0;0;0;0;0;0;0;0;0;0;0;0
FR;10;2021-09-25;0;0;0;0;0;0;0;0;0;0;0;0;0;0;0;0;0;0
FR;10;2021-09-26;0;0;0;0;0;0;0;0;0;0;0;0;0;0;0;0;0;0
FR;10;2021-09-27;0;0;0;0;0;0;0;0;0;0;0;0;0;0;0;0;0;0
FR;10;2021-09-28;0;0;0;0;0;0;0;0;0;0;0;0;0;0;0;0;0;0
FR;10;2021-09-29;0;0;0;0;0;0;0;0;0;0;0;0;0;0;0;0;0;0
FR;10;2021-09-30;0;0;0;0;0;0;0;0;0;0;0;0;0;0;0;0;0;0
FR;10;2021-10-01;0;0;0;0;0;0;0;0;0;0;0;0;0;0;0;0;0;0
FR;10;2021-10-02;0;0;0;0;0;0;0;0;0;0;0;0;0;0;0;0;0;0
FR;10;2021-10-03;0;0;0;0;0;0;0;0;0;0;0;0;0;0;0;0;0;0
FR;10;2021-10-04;0;0;0;0;0;0;0;0;0;0;0;0;0;0;0;0;0;0
FR;10;2021-10-05;0;0;0;0;0;0;0;0;0;0;0;0;0;0;0;0;0;0
FR;10;2021-10-06;0;0;0;0;0;0;0;0;0;0;0;0;0;0;0;0;0;0
FR;10;2021-10-07;0;0;0;0;0;0;0;0;0;0;0;0;0;0;0;0;0;0
FR;10;2021-10-08;0;0;0;0;0;0;0;0;0;0;0;0;0;0;0;0;0;0
FR;10;2021-10-09;0;0;0;0;0;0;0;0;0;0;0;0;0;0;0;0;0;0
FR;10;2021-10-10;0;0;0;0;0;0;0;0;0;0;0;0;0;0;0;0;0;0
FR;10;2021-10-11;0;0;0;0;0;0;0;0;0;0;0;0;0;0;0;0;0;0
FR;10;2021-10-12;0;0;0;0;0;0;0;0;0;0;0;0;0;0;0;0;0;0
FR;10;2021-10-13;0;0;0;0;0;0;0;0;0;0;0;0;0;0;0;0;0;0
FR;10;2021-10-14;0;0;0;0;0;0;0;0;0;0;0;0;0;0;0;0;0;0
FR;10;2021-10-15;0;0;0;0;0;0;0;0;0;0;0;0;0;0;0;0;0;0
FR;10;2021-10-16;0;0;0;0;0;0;0;0;0;0;0;0;0;0;0;0;0;0
FR;10;2021-10-17;0;0;0;0;0;0;0;0;0;0;0;0;0;0;0;0;0;0
FR;10;2021-10-18;0;0;0;0;0;0;0;0;0;0;0;0;0;0;0;0;0;0
FR;10;2021-10-19;0;0;0;0;0;0;0;0;0;0;0;0;0;0;0;0;0;0
FR;10;2021-10-20;0;0;0;0;0;0;0;0;0;0;0;0;0;0;0;0;0;0
FR;10;2021-10-21;0;0;0;0;0;0;0;0;0;0;0;0;0;0;0;0;0;0
FR;10;2021-10-22;0;0;0;0;0;0;0;0;0;0;0;0;0;0;0;0;0;0
FR;10;2021-10-23;0;0;0;0;0;0;0;0;0;0;0;0;0;0;0;0;0;0
FR;10;2021-10-24;0;0;0;0;0;0;0;0;0;0;0;0;0;0;0;0;0;0
FR;10;2021-10-25;0;0;0;0;0;0;0;0;0;0;0;0;0;0;0;0;0;0
FR;10;2021-10-26;0;0;0;0;0;0;0;0;0;0;0;0;0;0;0;0;0;0
FR;10;2021-10-27;0;0;0;0;0;0;0;0;0;0;0;0;0;0;0;0;0;0
FR;10;2021-10-28;0;0;0;0;0;0;0;0;0;0;0;0;0;0;0;0;0;0
FR;10;2021-10-29;0;0;0;0;0;0;0;0;0;0;0;0;0;0;0;0;0;0
FR;10;2021-10-30;0;0;0;0;0;0;0;0;0;0;0;0;0;0;0;0;0;0
FR;10;2021-10-31;0;0;0;0;0;0;0;0;0;0;0;0;0;0;0;0;0;0
FR;10;2021-11-01;0;0;0;0;0;0;0;0;0;0;0;0;0;0;0;0;0;0
FR;10;2021-11-02;0;0;0;0;0;0;0;0;0;0;0;0;0;0;0;0;0;0
FR;10;2021-11-03;0;0;0;0;0;0;0;0;0;0;0;0;0;0;0;0;0;0
FR;10;2021-11-04;0;0;0;0;0;0;0;0;0;0;0;0;0;0;0;0;0;0
FR;10;2021-11-05;0;0;0;0;0;0;0;0;0;0;0;0;0;0;0;0;0;0
FR;10;2021-11-06;0;0;0;0;0;0;0;0;0;0;0;0;0;0;0;0;0;0
FR;10;2021-11-07;0;0;0;0;0;0;0;0;0;0;0;0;0;0;0;0;0;0
FR;10;2021-11-08;0;0;0;0;0;0;0;0;0;0;0;0;0;0;0;0;0;0
FR;10;2021-11-09;0;0;0;0;0;0;0;0;0;0;0;0;0;0;0;0;0;0
FR;10;2021-11-10;0;0;0;0;0;0;0;0;0;0;0;0;0;0;0;0;0;0
FR;10;2021-11-11;0;0;0;0;0;0;0;0;0;0;0;0;0;0;0;0;0;0
FR;10;2021-11-12;0;0;0;0;0;0;0;0;0;0;0;0;0;0;0;0;0;0
FR;10;2021-11-13;0;0;0;0;0;0;0;0;0;0;0;0;0;0;0;0;0;0
FR;10;2021-11-14;0;0;0;0;0;0;0;0;0;0;0;0;0;0;0;0;0;0
FR;10;2021-11-15;0;0;0;0;0;0;0;0;0;0;0;0;0;0;0;0;0;0
FR;10;2021-11-16;0;0;0;0;0;0;0;0;0;0;0;0;0;0;0;0;0;0
FR;10;2021-11-17;0;0;0;0;0;0;0;0;0;0;0;0;0;0;0;0;0;0
FR;10;2021-11-18;0;0;0;0;0;0;0;0;0;0;0;0;0;0;0;0;0;0
FR;10;2021-11-19;0;0;0;0;0;0;0;0;0;0;0;0;0;0;0;0;0;0
FR;10;2021-11-20;0;0;0;0;0;0;0;0;0;0;0;0;0;0;0;0;0;0
FR;10;2021-11-21;0;0;0;0;0;0;0;0;0;0;0;0;0;0;0;0;0;0
FR;10;2021-11-22;0;0;0;0;0;0;0;0;0;0;0;0;0;0;0;0;0;0
FR;10;2021-11-23;0;0;0;0;0;0;0;0;0;0;0;0;0;0;0;0;0;0
FR;10;2021-11-24;0;0;0;0;0;0;0;0;0;0;0;0;0;0;0;0;0;0
FR;10;2021-11-25;0;0;0;0;0;0;0;0;0;0;0;0;0;0;0;0;0;0
FR;10;2021-11-26;0;0;0;0;0;0;0;0;0;0;0;0;0;0;0;0;0;0
FR;10;2021-11-27;0;0;0;0;0;0;0;0;0;0;0;0;0;0;0;0;0;0
FR;10;2021-11-28;0;0;0;0;0;0;0;0;0;0;0;0;0;0;0;0;0;0
FR;10;2021-11-29;0;0;0;0;0;0;0;0;0;0;0;0;0;0;0;0;0;0
FR;10;2021-11-30;0;0;0;0;0;0;0;0;0;0;0;0;0;0;0;0;0;0
FR;10;2021-12-01;0;0;0;0;0;0;0;0;0;0;0;0;0;0;0;0;0;0
FR;10;2021-12-02;0;0;0;0;0;0;0;0;0;0;0;0;0;0;0;0;0;0
FR;10;2021-12-03;0;0;0;0;0;0;0;0;0;0;0;0;0;0;0;0;0;0
FR;10;2021-12-04;0;0;0;0;0;0;0;0;0;0;0;0;0;0;0;0;0;0
FR;10;2021-12-05;0;0;0;0;0;0;0;0;0;0;0;0;0;0;0;0;0;0
FR;10;2021-12-06;0;0;0;0;0;0;0;0;0;0;0;0;0;0;0;0;0;0
FR;10;2021-12-07;0;0;0;0;0;0;0;0;0;0;0;0;0;0;0;0;0;0
FR;10;2021-12-08;0;0;0;0;0;0;0;0;0;0;0;0;0;0;0;0;0;0
FR;10;2021-12-09;0;0;0;0;0;0;0;0;0;0;0;0;0;0;0;0;0;0
FR;10;2021-12-10;0;0;0;0;0;0;0;0;0;0;0;0;0;0;0;0;0;0
FR;10;2021-12-11;0;0;0;0;0;0;0;0;0;0;0;0;0;0;0;0;0;0
FR;10;2021-12-12;0;0;0;0;0;0;0;0;0;0;0;0;0;0;0;0;0;0
FR;10;2021-12-13;0;0;0;0;0;0;0;0;0;0;0;0;0;0;0;0;0;0
FR;10;2021-12-14;0;0;0;0;0;0;0;0;0;0;0;0;0;0;0;0;0;0
FR;10;2021-12-15;0;0;0;0;0;0;0;0;0;0;0;0;0;0;0;0;0;0
FR;10;2021-12-16;0;0;0;0;0;0;0;0;0;0;0;0;0;0;0;0;0;0
FR;10;2021-12-17;0;0;0;0;0;0;0;0;0;0;0;0;0;0;0;0;0;0
FR;10;2021-12-18;0;0;0;0;0;0;0;0;0;0;0;0;0;0;0;0;0;0
FR;10;2021-12-19;0;0;0;0;0;0;0;0;0;0;0;0;0;0;0;0;0;0
FR;10;2021-12-20;0;0;0;0;0;0;0;0;0;0;0;0;0;0;0;0;0;0
FR;10;2021-12-21;0;0;0;0;0;0;0;0;0;0;0;0;0;0;0;0;0;0
FR;10;2021-12-22;0;0;0;0;0;0;0;0;0;0;0;0;0;0;0;0;0;0
FR;10;2021-12-23;0;0;0;0;0;0;0;0;0;0;0;0;0;0;0;0;0;0
FR;10;2021-12-24;0;0;0;0;0;0;0;0;0;0;0;0;0;0;0;0;0;0
FR;10;2021-12-25;0;0;0;0;0;0;0;0;0;0;0;0;0;0;0;0;0;0
FR;10;2021-12-26;0;0;0;0;0;0;0;0;0;0;0;0;0;0;0;0;0;0
FR;10;2021-12-27;0;0;0;0;0;0;0;0;0;0;0;0;0;0;0;0;0;0
FR;10;2021-12-28;0;0;0;0;0;0;0;0;0;0;0;0;0;0;0;0;0;0
FR;10;2021-12-29;0;0;0;0;0;0;0;0;0;0;0;0;0;0;0;0;0;0
FR;10;2021-12-30;0;0;0;0;0;0;0;0;0;0;0;0;0;0;0;0;0;0
FR;10;2021-12-31;0;0;0;0;0;0;0;0;0;0;0;0;0;0;0;0;0;0
FR;10;2022-01-01;0;0;0;0;0;0;0;0;0;0;0;0;0;0;0;0;0;0
FR;10;2022-01-02;0;0;0;0;0;0;0;0;0;0;0;0;0;0;0;0;0;0
FR;10;2022-01-03;0;0;0;0;0;0;0;0;0;0;0;0;0;0;0;0;0;0
FR;10;2022-01-04;0;0;0;0;0;0;0;0;0;0;0;0;0;0;0;0;0;0
FR;10;2022-01-05;0;0;0;0;0;0;0;0;0;0;0;0;0;0;0;0;0;0
FR;10;2022-01-06;0;0;0;0;0;0;0;0;0;0;0;0;0;0;0;0;0;0
FR;10;2022-01-07;0;0;0;0;0;0;0;0;0;0;0;0;0;0;0;0;0;0
FR;10;2022-01-08;0;0;0;0;0;0;0;0;0;0;0;0;0;0;0;0;0;0
FR;10;2022-01-09;0;0;0;0;0;0;0;0;0;0;0;0;0;0;0;0;0;0
FR;10;2022-01-10;0;0;0;0;0;0;0;0;0;0;0;0;0;0;0;0;0;0
FR;10;2022-01-11;0;0;0;0;0;0;0;0;0;0;0;0;0;0;0;0;0;0
FR;10;2022-01-12;0;0;0;0;0;0;0;0;0;0;0;0;0;0;0;0;0;0
FR;10;2022-01-13;0;0;0;0;0;0;0;0;0;0;0;0;0;0;0;0;0;0
FR;10;2022-01-14;0;0;0;0;0;0;0;0;0;0;0;0;0;0;0;0;0;0
FR;10;2022-01-15;0;0;0;0;0;0;0;0;0;0;0;0;0;0;0;0;0;0
FR;10;2022-01-16;0;0;0;0;0;0;0;0;0;0;0;0;0;0;0;0;0;0
FR;10;2022-01-17;0;0;0;0;0;0;0;0;0;0;0;0;0;0;0;0;0;0
FR;10;2022-01-18;0;0;0;0;0;0;0;0;0;0;0;0;0;0;0;0;0;0
FR;10;2022-01-19;0;0;0;0;0;0;0;0;0;0;0;0;0;0;0;0;0;0
FR;10;2022-01-20;0;0;0;0;0;0;0;0;0;0;0;0;0;0;0;0;0;0
FR;10;2022-01-21;0;0;0;0;0;0;0;0;0;0;0;0;0;0;0;0;0;0
FR;10;2022-01-22;0;0;0;0;0;0;0;0;0;0;0;0;0;0;0;0;0;0
FR;10;2022-01-23;0;0;0;0;0;0;0;0;0;0;0;0;0;0;0;0;0;0
FR;10;2022-01-24;0;0;0;0;0;0;0;0;0;0;0;0;0;0;0;0;0;0
FR;10;2022-01-25;0;0;0;0;0;0;0;0;0;0;0;0;0;0;0;0;0;0
FR;10;2022-01-26;0;0;0;0;0;0;0;0;0;0;0;0;0;0;0;0;0;0
FR;10;2022-01-27;0;0;0;0;0;0;0;0;0;0;0;0;0;0;0;0;0;0
FR;10;2022-01-28;0;0;0;0;0;0;0;0;0;0;0;0;0;0;0;0;0;0
FR;10;2022-01-29;0;0;0;0;0;0;0;0;0;0;0;0;0;0;0;0;0;0
FR;10;2022-01-30;0;0;0;0;0;0;0;0;0;0;0;0;0;0;0;0;0;0
FR;10;2022-01-31;0;0;0;0;0;0;0;0;0;0;0;0;0;0;0;0;0;0
FR;10;2022-02-01;0;0;0;0;0;0;0;0;0;0;0;0;0;0;0;0;0;0
FR;10;2022-02-02;0;0;0;0;0;0;0;0;0;0;0;0;0;0;0;0;0;0
FR;10;2022-02-03;0;0;0;0;0;0;0;0;0;0;0;0;0;0;0;0;0;0
FR;10;2022-02-04;0;0;0;0;0;0;0;0;0;0;0;0;0;0;0;0;0;0
FR;10;2022-02-05;0;0;0;0;0;0;0;0;0;0;0;0;0;0;0;0;0;0
FR;10;2022-02-06;0;0;0;0;0;0;0;0;0;0;0;0;0;0;0;0;0;0
FR;10;2022-02-07;0;0;0;0;0;0;0;0;0;0;0;0;0;0;0;0;0;0
FR;10;2022-02-08;0;0;0;0;0;0;0;0;0;0;0;0;0;0;0;0;0;0
FR;10;2022-02-09;0;0;0;0;0;0;0;0;0;0;0;0;0;0;0;0;0;0
FR;10;2022-02-10;0;0;0;0;0;0;0;0;0;0;0;0;0;0;0;0;0;0
FR;10;2022-02-11;0;0;0;0;0;0;0;0;0;0;0;0;0;0;0;0;0;0
FR;10;2022-02-12;0;0;0;0;0;0;0;0;0;0;0;0;0;0;0;0;0;0
FR;10;2022-02-13;0;0;0;0;0;0;0;0;0;0;0;0;0;0;0;0;0;0
FR;10;2022-02-14;0;0;0;0;0;0;0;0;0;0;0;0;0;0;0;0;0;0
FR;10;2022-02-15;0;0;0;0;0;0;0;0;0;0;0;0;0;0;0;0;0;0
FR;10;2022-02-16;0;0;0;0;0;0;0;0;0;0;0;0;0;0;0;0;0;0
FR;10;2022-02-17;0;0;0;0;0;0;0;0;0;0;0;0;0;0;0;0;0;0
FR;10;2022-02-18;0;0;0;0;0;0;0;0;0;0;0;0;0;0;0;0;0;0
FR;10;2022-02-19;0;0;0;0;0;0;0;0;0;0;0;0;0;0;0;0;0;0
FR;10;2022-02-20;0;0;0;0;0;0;0;0;0;0;0;0;0;0;0;0;0;0
FR;10;2022-02-21;0;0;0;0;0;0;0;0;0;0;0;0;0;0;0;0;0;0
FR;10;2022-02-22;0;0;0;0;0;0;0;0;0;0;0;0;0;0;0;0;0;0
FR;10;2022-02-23;0;0;0;0;0;0;0;0;0;0;0;0;0;0;0;0;0;0
FR;10;2022-02-24;0;0;0;0;0;0;0;0;0;0;0;0;0;0;0;0;0;0
FR;10;2022-02-25;0;0;0;0;0;0;0;0;0;0;0;0;0;0;0;0;0;0
FR;10;2022-02-26;0;0;0;0;0;0;0;0;0;0;0;0;0;0;0;0;0;0
FR;10;2022-02-27;0;0;0;0;0;0;0;0;0;0;0;0;0;0;0;0;0;0
FR;10;2022-02-28;0;0;0;0;0;0;0;0;0;0;0;0;0;0;0;0;0;0
FR;10;2022-03-01;0;0;0;0;0;0;0;0;0;0;0;0;0;0;0;0;0;0
FR;10;2022-03-02;0;0;0;0;0;0;0;0;0;0;0;0;0;0;0;0;0;0
FR;10;2022-03-03;0;0;0;0;0;0;0;0;0;0;0;0;0;0;0;0;0;0
FR;10;2022-03-04;0;0;0;0;0;0;0;0;0;0;0;0;0;0;0;0;0;0
FR;10;2022-03-05;0;0;0;0;0;0;0;0;0;0;0;0;0;0;0;0;0;0
FR;10;2022-03-06;0;0;0;0;0;0;0;0;0;0;0;0;0;0;0;0;0;0
FR;10;2022-03-07;0;0;0;0;0;0;0;0;0;0;0;0;0;0;0;0;0;0
FR;10;2022-03-08;0;0;0;0;0;0;0;0;0;0;0;0;0;0;0;0;0;0
FR;10;2022-03-09;0;0;0;0;0;0;0;0;0;0;0;0;0;0;0;0;0;0
FR;10;2022-03-10;0;0;0;0;0;0;0;0;0;0;0;0;0;0;0;0;0;0
FR;10;2022-03-11;0;0;0;0;0;0;0;0;0;0;0;0;0;0;0;0;0;0
FR;10;2022-03-12;0;0;0;0;0;0;0;0;0;0;0;0;0;0;0;0;0;0
FR;10;2022-03-13;0;0;0;0;0;0;0;0;0;0;0;0;0;0;0;0;0;0
FR;10;2022-03-14;0;0;0;0;0;0;0;0;0;0;0;0;0;0;0;0;0;0
FR;10;2022-03-15;0;0;0;0;0;0;0;0;0;0;0;0;0;0;0;0;0;0
FR;10;2022-03-16;0;0;0;0;0;0;0;0;0;0;0;0;0;0;0;0;0;0
FR;10;2022-03-17;0;0;0;0;0;0;0;0;0;0;0;0;0;0;0;0;0;0
FR;10;2022-03-18;0;0;0;0;0;0;0;0;0;0;0;0;0;0;0;0;0;0
FR;10;2022-03-19;0;0;0;0;0;0;0;0;0;0;0;0;0;0;0;0;0;0
FR;10;2022-03-20;0;0;0;0;0;0;0;0;0;0;0;0;0;0;0;0;0;0
FR;10;2022-03-21;0;0;0;0;0;0;0;0;0;0;0;0;0;0;0;0;0;0
FR;10;2022-03-22;0;0;0;0;0;0;0;0;0;0;0;0;0;0;0;0;0;0
FR;10;2022-03-23;0;0;0;0;0;0;0;0;0;0;0;0;0;0;0;0;0;0
FR;10;2022-03-24;0;0;0;0;0;0;0;0;0;0;0;0;0;0;0;0;0;0
FR;10;2022-03-25;0;0;0;0;0;0;0;0;0;0;0;0;0;0;0;0;0;0
FR;10;2022-03-26;0;0;0;0;0;0;0;0;0;0;0;0;0;0;0;0;0;0
FR;10;2022-03-27;0;0;0;0;0;0;0;0;0;0;0;0;0;0;0;0;0;0
FR;10;2022-03-28;0;0;0;0;0;0;0;0;0;0;0;0;0;0;0;0;0;0
FR;10;2022-03-29;0;0;0;0;0;0;0;0;0;0;0;0;0;0;0;0;0;0
FR;10;2022-03-30;0;0;0;0;0;0;0;0;0;0;0;0;0;0;0;0;0;0
FR;10;2022-03-31;0;0;0;0;0;0;0;0;0;0;0;0;0;0;0;0;0;0
FR;10;2022-04-01;0;0;0;0;0;0;0;0;0;0;0;0;0;0;0;0;0;0
FR;10;2022-04-02;0;0;0;0;0;0;0;0;0;0;0;0;0;0;0;0;0;0
FR;10;2022-04-03;0;0;0;0;0;0;0;0;0;0;0;0;0;0;0;0;0;0
FR;10;2022-04-04;0;0;0;0;0;0;0;0;0;0;0;0;0;0;0;0;0;0
FR;10;2022-04-05;0;0;0;0;0;0;0;0;0;0;0;0;0;0;0;0;0;0
FR;10;2022-04-06;0;0;0;0;0;0;0;0;0;0;0;0;0;0;0;0;0;0
FR;10;2022-04-07;0;0;0;0;0;0;0;0;0;0;0;0;0;0;0;0;0;0
FR;10;2022-04-08;0;0;0;0;0;0;0;0;0;0;0;0;0;0;0;0;0;0
FR;10;2022-04-09;0;0;0;0;0;0;0;0;0;0;0;0;0;0;0;0;0;0
FR;10;2022-04-10;0;0;0;0;0;0;0;0;0;0;0;0;0;0;0;0;0;0
FR;10;2022-04-11;0;0;0;0;0;0;0;0;0;0;0;0;0;0;0;0;0;0
FR;10;2022-04-12;0;0;0;0;0;0;0;0;0;0;0;0;0;0;0;0;0;0
FR;10;2022-04-13;0;0;0;0;0;0;0;0;0;0;0;0;0;0;0;0;0;0
FR;10;2022-04-14;0;0;0;0;0;0;0;0;0;0;0;0;0;0;0;0;0;0
FR;10;2022-04-15;0;0;0;0;0;0;0;0;0;0;0;0;0;0;0;0;0;0
FR;10;2022-04-16;0;0;0;0;0;0;0;0;0;0;0;0;0;0;0;0;0;0
FR;10;2022-04-17;0;0;0;0;0;0;0;0;0;0;0;0;0;0;0;0;0;0
FR;10;2022-04-18;0;0;0;0;0;0;0;0;0;0;0;0;0;0;0;0;0;0
FR;10;2022-04-19;0;0;0;0;0;0;0;0;0;0;0;0;0;0;0;0;0;0
FR;10;2022-04-20;0;0;0;0;0;0;0;0;0;0;0;0;0;0;0;0;0;0
FR;10;2022-04-21;0;0;0;0;0;0;0;0;0;0;0;0;0;0;0;0;0;0
FR;10;2022-04-22;0;0;0;0;0;0;0;0;0;0;0;0;0;0;0;0;0;0
FR;10;2022-04-23;0;0;0;0;0;0;0;0;0;0;0;0;0;0;0;0;0;0
FR;10;2022-04-24;0;0;0;0;0;0;0;0;0;0;0;0;0;0;0;0;0;0
FR;10;2022-04-25;0;0;0;0;0;0;0;0;0;0;0;0;0;0;0;0;0;0
FR;10;2022-04-26;0;0;0;0;0;0;0;0;0;0;0;0;0;0;0;0;0;0
FR;10;2022-04-27;0;0;0;0;0;0;0;0;0;0;0;0;0;0;0;0;0;0
FR;10;2022-04-28;0;0;0;0;0;0;0;0;0;0;0;0;0;0;0;0;0;0
FR;10;2022-04-29;0;0;0;0;0;0;0;0;0;0;0;0;0;0;0;0;0;0
FR;10;2022-04-30;0;0;0;0;0;0;0;0;0;0;0;0;0;0;0;0;0;0
FR;10;2022-05-01;0;0;0;0;0;0;0;0;0;0;0;0;0;0;0;0;0;0
FR;10;2022-05-02;0;0;0;0;0;0;0;0;0;0;0;0;0;0;0;0;0;0
FR;10;2022-05-03;0;0;0;0;0;0;0;0;0;0;0;0;0;0;0;0;0;0
FR;10;2022-05-04;0;0;0;0;0;0;0;0;0;0;0;0;0;0;0;0;0;0
FR;10;2022-05-05;0;0;0;0;0;0;0;0;0;0;0;0;0;0;0;0;0;0
FR;10;2022-05-06;0;0;0;0;0;0;0;0;0;0;0;0;0;0;0;0;0;0
FR;10;2022-05-07;0;0;0;0;0;0;0;0;0;0;0;0;0;0;0;0;0;0
FR;10;2022-05-08;0;0;0;0;0;0;0;0;0;0;0;0;0;0;0;0;0;0
FR;10;2022-05-09;0;0;0;0;0;0;0;0;0;0;0;0;0;0;0;0;0;0
FR;10;2022-05-10;0;0;0;0;0;0;0;0;0;0;0;0;0;0;0;0;0;0
FR;10;2022-05-11;0;0;0;0;0;0;0;0;0;0;0;0;0;0;0;0;0;0
FR;10;2022-05-12;0;0;0;0;0;0;0;0;0;0;0;0;0;0;0;0;0;0
FR;10;2022-05-13;0;0;0;0;0;0;0;0;0;0;0;0;0;0;0;0;0;0
FR;10;2022-05-14;0;0;0;0;0;0;0;0;0;0;0;0;0;0;0;0;0;0
FR;10;2022-05-15;0;0;0;0;0;0;0;0;0;0;0;0;0;0;0;0;0;0
FR;10;2022-05-16;0;0;0;0;0;0;0;0;0;0;0;0;0;0;0;0;0;0
FR;10;2022-05-17;0;0;0;0;0;0;0;0;0;0;0;0;0;0;0;0;0;0
FR;10;2022-05-18;0;0;0;0;0;0;0;0;0;0;0;0;0;0;0;0;0;0
FR;10;2022-05-19;0;0;0;0;0;0;0;0;0;0;0;0;0;0;0;0;0;0
FR;10;2022-05-20;0;0;0;0;0;0;0;0;0;0;0;0;0;0;0;0;0;0
FR;10;2022-05-21;0;0;0;0;0;0;0;0;0;0;0;0;0;0;0;0;0;0
FR;10;2022-05-22;0;0;0;0;0;0;0;0;0;0;0;0;0;0;0;0;0;0
FR;10;2022-05-23;0;0;0;0;0;0;0;0;0;0;0;0;0;0;0;0;0;0
FR;10;2022-05-24;0;0;0;0;0;0;0;0;0;0;0;0;0;0;0;0;0;0
FR;10;2022-05-25;0;0;0;0;0;0;0;0;0;0;0;0;0;0;0;0;0;0
FR;10;2022-05-26;0;0;0;0;0;0;0;0;0;0;0;0;0;0;0;0;0;0
FR;10;2022-05-27;0;0;0;0;0;0;0;0;0;0;0;0;0;0;0;0;0;0
FR;10;2022-05-28;0;0;0;0;0;0;0;0;0;0;0;0;0;0;0;0;0;0
FR;10;2022-05-29;0;0;0;0;0;0;0;0;0;0;0;0;0;0;0;0;0;0
FR;10;2022-05-30;0;0;0;0;0;0;0;0;0;0;0;0;0;0;0;0;0;0
FR;10;2022-05-31;0;0;0;0;0;0;0;0;0;0;0;0;0;0;0;0;0;0
FR;10;2022-06-01;0;0;0;0;0;0;0;0;0;0;0;0;0;0;0;0;0;0
FR;10;2022-06-02;0;0;0;0;0;0;0;0;0;0;0;0;0;0;0;0;0;0
FR;10;2022-06-03;0;0;0;0;0;0;0;0;0;0;0;0;0;0;0;0;0;0
FR;10;2022-06-04;0;0;0;0;0;0;0;0;0;0;0;0;0;0;0;0;0;0
FR;10;2022-06-05;0;0;0;0;0;0;0;0;0;0;0;0;0;0;0;0;0;0
FR;10;2022-06-06;0;0;0;0;0;0;0;0;0;0;0;0;0;0;0;0;0;0
FR;10;2022-06-07;0;0;0;0;0;0;0;0;0;0;0;0;0;0;0;0;0;0
FR;10;2022-06-08;0;0;0;0;0;0;0;0;0;0;0;0;0;0;0;0;0;0
FR;10;2022-06-09;0;0;0;0;0;0;0;0;0;0;0;0;0;0;0;0;0;0
FR;10;2022-06-10;0;0;0;0;0;0;0;0;0;0;0;0;0;0;0;0;0;0
FR;10;2022-06-11;0;0;0;0;0;0;0;0;0;0;0;0;0;0;0;0;0;0
FR;10;2022-06-12;0;0;0;0;0;0;0;0;0;0;0;0;0;0;0;0;0;0
FR;10;2022-06-13;0;0;0;0;0;0;0;0;0;0;0;0;0;0;0;0;0;0
FR;10;2022-06-14;0;0;0;0;0;0;0;0;0;0;0;0;0;0;0;0;0;0
FR;10;2022-06-15;0;0;0;0;0;0;0;0;0;0;0;0;0;0;0;0;0;0
FR;10;2022-06-16;0;0;0;0;0;0;0;0;0;0;0;0;0;0;0;0;0;0
FR;10;2022-06-17;0;0;0;0;0;0;0;0;0;0;0;0;0;0;0;0;0;0
FR;10;2022-06-18;0;0;0;0;0;0;0;0;0;0;0;0;0;0;0;0;0;0
FR;10;2022-06-19;0;0;0;0;0;0;0;0;0;0;0;0;0;0;0;0;0;0
FR;10;2022-06-20;0;0;0;0;0;0;0;0;0;0;0;0;0;0;0;0;0;0
FR;10;2022-06-21;0;0;0;0;0;0;0;0;0;0;0;0;0;0;0;0;0;0
FR;10;2022-06-22;0;0;0;0;0;0;0;0;0;0;0;0;0;0;0;0;0;0
FR;10;2022-06-23;0;0;0;0;0;0;0;0;0;0;0;0;0;0;0;0;0;0
FR;10;2022-06-24;0;0;0;0;0;0;0;0;0;0;0;0;0;0;0;0;0;0
FR;10;2022-06-25;0;0;0;0;0;0;0;0;0;0;0;0;0;0;0;0;0;0
FR;10;2022-06-26;0;0;0;0;0;0;0;0;0;0;0;0;0;0;0;0;0;0
FR;10;2022-06-27;0;0;0;0;0;0;0;0;0;0;0;0;0;0;0;0;0;0
FR;10;2022-06-28;0;0;0;0;0;0;0;0;0;0;0;0;0;0;0;0;0;0
FR;10;2022-06-29;0;0;0;0;0;0;0;0;0;0;0;0;0;0;0;0;0;0
FR;10;2022-06-30;0;0;0;0;0;0;0;0;0;0;0;0;0;0;0;0;0;0
FR;10;2022-07-01;0;0;0;0;0;0;0;0;0;0;0;0;0;0;0;0;0;0
FR;10;2022-07-02;0;0;0;0;0;0;0;0;0;0;0;0;0;0;0;0;0;0
FR;10;2022-07-03;0;0;0;0;0;0;0;0;0;0;0;0;0;0;0;0;0;0
FR;10;2022-07-04;0;0;0;0;0;0;0;0;0;0;0;0;0;0;0;0;0;0
FR;10;2022-07-05;0;0;0;0;0;0;0;0;0;0;0;0;0;0;0;0;0;0
FR;10;2022-07-06;0;0;0;0;0;0;0;0;0;0;0;0;0;0;0;0;0;0
FR;10;2022-07-07;0;0;0;0;0;0;0;0;0;0;0;0;0;0;0;0;0;0
FR;10;2022-07-08;0;0;0;0;0;0;0;0;0;0;0;0;0;0;0;0;0;0
FR;10;2022-07-09;0;0;0;0;0;0;0;0;0;0;0;0;0;0;0;0;0;0
FR;10;2022-07-10;0;0;0;0;0;0;0;0;0;0;0;0;0;0;0;0;0;0
FR;10;2022-07-11;0;0;0;0;0;0;0;0;0;0;0;0;0;0;0;0;0;0
FR;10;2022-07-12;0;0;0;0;0;0;0;0;0;0;0;0;0;0;0;0;0;0
FR;10;2022-07-13;0;0;0;0;0;0;0;0;0;0;0;0;0;0;0;0;0;0
FR;10;2022-07-14;0;0;0;0;0;0;0;0;0;0;0;0;0;0;0;0;0;0
FR;10;2022-07-15;0;0;0;0;0;0;0;0;0;0;0;0;0;0;0;0;0;0
FR;10;2022-07-16;0;0;0;0;0;0;0;0;0;0;0;0;0;0;0;0;0;0
FR;10;2022-07-17;0;0;0;0;0;0;0;0;0;0;0;0;0;0;0;0;0;0
FR;10;2022-07-18;0;0;0;0;0;0;0;0;0;0;0;0;0;0;0;0;0;0
FR;10;2022-07-19;0;0;0;0;0;0;0;0;0;0;0;0;0;0;0;0;0;0
FR;10;2022-07-20;0;0;0;0;0;0;0;0;0;0;0;0;0;0;0;0;0;0
FR;10;2022-07-21;0;0;0;0;0;0;0;0;0;0;0;0;0;0;0;0;0;0
FR;10;2022-07-22;0;0;0;0;0;0;0;0;0;0;0;0;0;0;0;0;0;0
FR;10;2022-07-23;0;0;0;0;0;0;0;0;0;0;0;0;0;0;0;0;0;0
FR;10;2022-07-24;0;0;0;0;0;0;0;0;0;0;0;0;0;0;0;0;0;0
FR;10;2022-07-25;0;0;0;0;0;0;0;0;0;0;0;0;0;0;0;0;0;0
FR;10;2022-07-26;0;0;0;0;0;0;0;0;0;0;0;0;0;0;0;0;0;0
FR;10;2022-07-27;0;0;0;0;0;0;0;0;0;0;0;0;0;0;0;0;0;0
FR;10;2022-07-28;0;0;0;0;0;0;0;0;0;0;0;0;0;0;0;0;0;0
FR;10;2022-07-29;0;0;0;0;0;0;0;0;0;0;0;0;0;0;0;0;0;0
FR;10;2022-07-30;0;0;0;0;0;0;0;0;0;0;0;0;0;0;0;0;0;0
FR;10;2022-07-31;0;0;0;0;0;0;0;0;0;0;0;0;0;0;0;0;0;0
FR;10;2022-08-01;0;0;0;0;0;0;0;0;0;0;0;0;0;0;0;0;0;0
FR;10;2022-08-02;0;0;0;0;0;0;0;0;0;0;0;0;0;0;0;0;0;0
FR;10;2022-08-03;0;0;0;0;0;0;0;0;0;0;0;0;0;0;0;0;0;0
FR;10;2022-08-04;0;0;0;0;0;0;0;0;0;0;0;0;0;0;0;0;0;0
FR;10;2022-08-05;0;0;0;0;0;0;0;0;0;0;0;0;0;0;0;0;0;0
FR;10;2022-08-06;0;0;0;0;0;0;0;0;0;0;0;0;0;0;0;0;0;0
FR;10;2022-08-07;0;0;0;0;0;0;0;0;0;0;0;0;0;0;0;0;0;0
FR;10;2022-08-08;0;0;0;0;0;0;0;0;0;0;0;0;0;0;0;0;0;0
FR;10;2022-08-09;0;0;0;0;0;0;0;0;0;0;0;0;0;0;0;0;0;0
FR;10;2022-08-10;0;0;0;0;0;0;0;0;0;0;0;0;0;0;0;0;0;0
FR;10;2022-08-11;0;0;0;0;0;0;0;0;0;0;0;0;0;0;0;0;0;0
FR;10;2022-08-12;0;0;0;0;0;0;0;0;0;0;0;0;0;0;0;0;0;0
FR;10;2022-08-13;0;0;0;0;0;0;0;0;0;0;0;0;0;0;0;0;0;0
FR;10;2022-08-14;0;0;0;0;0;0;0;0;0;0;0;0;0;0;0;0;0;0
FR;10;2022-08-15;0;0;0;0;0;0;0;0;0;0;0;0;0;0;0;0;0;0
FR;10;2022-08-16;0;0;0;0;0;0;0;0;0;0;0;0;0;0;0;0;0;0
FR;10;2022-08-17;0;0;0;0;0;0;0;0;0;0;0;0;0;0;0;0;0;0
FR;10;2022-08-18;0;0;0;0;0;0;0;0;0;0;0;0;0;0;0;0;0;0
FR;10;2022-08-19;0;0;0;0;0;0;0;0;0;0;0;0;0;0;0;0;0;0
FR;10;2022-08-20;0;0;0;0;0;0;0;0;0;0;0;0;0;0;0;0;0;0
FR;10;2022-08-21;0;0;0;0;0;0;0;0;0;0;0;0;0;0;0;0;0;0
FR;10;2022-08-22;0;0;0;0;0;0;0;0;0;0;0;0;0;0;0;0;0;0
FR;10;2022-08-23;0;0;0;0;0;0;0;0;0;0;0;0;0;0;0;0;0;0
FR;10;2022-08-24;0;0;0;0;0;0;0;0;0;0;0;0;0;0;0;0;0;0
FR;10;2022-08-25;0;0;0;0;0;0;0;0;0;0;0;0;0;0;0;0;0;0
FR;10;2022-08-26;0;0;0;0;0;0;0;0;0;0;0;0;0;0;0;0;0;0
FR;10;2022-08-27;0;0;0;0;0;0;0;0;0;0;0;0;0;0;0;0;0;0
FR;10;2022-08-28;0;0;0;0;0;0;0;0;0;0;0;0;0;0;0;0;0;0
FR;10;2022-08-29;0;0;0;0;0;0;0;0;0;0;0;0;0;0;0;0;0;0
FR;10;2022-08-30;0;0;0;0;0;0;0;0;0;0;0;0;0;0;0;0;0;0
FR;10;2022-08-31;0;0;0;0;0;0;0;0;0;0;0;0;0;0;0;0;0;0
FR;10;2022-09-01;0;0;0;0;0;0;0;0;0;0;0;0;0;0;0;0;0;0
FR;10;2022-09-02;0;0;0;0;0;0;0;0;0;0;0;0;0;0;0;0;0;0
FR;10;2022-09-03;0;0;0;0;0;0;0;0;0;0;0;0;0;0;0;0;0;0
FR;10;2022-09-04;0;0;0;0;0;0;0;0;0;0;0;0;0;0;0;0;0;0
FR;10;2022-09-05;0;0;0;0;0;0;0;0;0;0;0;0;0;0;0;0;0;0
FR;10;2022-09-06;0;0;0;0;0;0;0;0;0;0;0;0;0;0;0;0;0;0
FR;10;2022-09-07;0;0;0;0;0;0;0;0;0;0;0;0;0;0;0;0;0;0
FR;10;2022-09-08;0;0;0;0;0;0;0;0;0;0;0;0;0;0;0;0;0;0
FR;10;2022-09-09;0;0;0;0;0;0;0;0;0;0;0;0;0;0;0;0;0;0
FR;10;2022-09-10;0;0;0;0;0;0;0;0;0;0;0;0;0;0;0;0;0;0
FR;10;2022-09-11;0;0;0;0;0;0;0;0;0;0;0;0;0;0;0;0;0;0
FR;10;2022-09-12;0;0;0;0;0;0;0;0;0;0;0;0;0;0;0;0;0;0
FR;10;2022-09-13;0;0;0;0;0;0;0;0;0;0;0;0;0;0;0;0;0;0
FR;10;2022-09-14;0;0;0;0;0;0;0;0;0;0;0;0;0;0;0;0;0;0
FR;10;2022-09-15;0;0;0;0;0;0;0;0;0;0;0;0;0;0;0;0;0;0
FR;10;2022-09-16;0;0;0;0;0;0;0;0;0;0;0;0;0;0;0;0;0;0
FR;10;2022-09-17;0;0;0;0;0;0;0;0;0;0;0;0;0;0;0;0;0;0
FR;10;2022-09-18;0;0;0;0;0;0;0;0;0;0;0;0;0;0;0;0;0;0
FR;10;2022-09-19;0;0;0;0;0;0;0;0;0;0;0;0;0;0;0;0;0;0
FR;10;2022-09-20;0;0;0;0;0;0;0;0;0;0;0;0;0;0;0;0;0;0
FR;10;2022-09-21;0;0;0;0;0;0;0;0;0;0;0;0;0;0;0;0;0;0
FR;10;2022-09-22;0;0;0;0;0;0;0;0;0;0;0;0;0;0;0;0;0;0
FR;10;2022-09-23;0;0;0;0;0;0;0;0;0;0;0;0;0;0;0;0;0;0
FR;10;2022-09-24;0;0;0;0;0;0;0;0;0;0;0;0;0;0;0;0;0;0
FR;10;2022-09-25;0;0;0;0;0;0;0;0;0;0;0;0;0;0;0;0;0;0
FR;10;2022-09-26;0;0;0;0;0;0;0;0;0;0;0;0;0;0;0;0;0;0
FR;10;2022-09-27;0;0;0;0;0;0;0;0;0;0;0;0;0;0;0;0;0;0
FR;10;2022-09-28;0;0;0;0;0;0;0;0;0;0;0;0;0;0;0;0;0;0
FR;10;2022-09-29;0;0;0;0;0;0;0;0;0;0;0;0;0;0;0;0;0;0
FR;10;2022-09-30;0;0;0;0;0;0;0;0;0;0;0;0;0;0;0;0;0;0
FR;10;2022-10-01;0;0;0;0;0;0;0;0;0;0;0;0;0;0;0;0;0;0
FR;10;2022-10-02;0;0;0;0;0;0;0;0;0;0;0;0;0;0;0;0;0;0
FR;10;2022-10-03;0;0;0;0;0;0;0;0;0;0;0;0;0;0;0;0;0;0
FR;10;2022-10-04;0;0;0;0;0;0;0;0;0;0;0;0;0;0;0;0;0;0
FR;10;2022-10-05;0;0;0;0;0;0;0;0;0;0;0;0;0;0;0;0;0;0
FR;10;2022-10-06;0;0;0;0;0;0;0;0;0;0;0;0;0;0;0;0;0;0
FR;10;2022-10-07;0;0;0;0;0;0;0;0;0;0;0;0;0;0;0;0;0;0
FR;10;2022-10-08;0;0;0;0;0;0;0;0;0;0;0;0;0;0;0;0;0;0
FR;10;2022-10-09;0;0;0;0;0;0;0;0;0;0;0;0;0;0;0;0;0;0
FR;10;2022-10-10;0;0;0;0;0;0;0;0;0;0;0;0;0;0;0;0;0;0
FR;10;2022-10-11;0;0;0;0;0;0;0;0;0;0;0;0;0;0;0;0;0;0
FR;10;2022-10-12;0;0;0;0;0;0;0;0;0;0;0;0;0;0;0;0;0;0
FR;10;2022-10-13;0;0;0;0;0;0;0;0;0;0;0;0;0;0;0;0;0;0
FR;10;2022-10-14;0;0;0;0;0;0;0;0;0;0;0;0;0;0;0;0;0;0
FR;10;2022-10-15;0;0;0;0;0;0;0;0;0;0;0;0;0;0;0;0;0;0
FR;10;2022-10-16;0;0;0;0;0;0;0;0;0;0;0;0;0;0;0;0;0;0
FR;10;2022-10-17;0;0;0;0;0;0;0;0;0;0;0;0;0;0;0;0;0;0
FR;10;2022-10-18;0;0;0;0;0;0;0;0;0;0;0;0;0;0;0;0;0;0
FR;10;2022-10-19;0;0;0;0;0;0;0;0;0;0;0;0;0;0;0;0;0;0
FR;10;2022-10-20;0;0;0;0;0;0;0;0;0;0;0;0;0;0;0;0;0;0
FR;10;2022-10-21;0;0;0;0;0;0;0;0;0;0;0;0;0;0;0;0;0;0
FR;10;2022-10-22;0;0;0;0;0;0;0;0;0;0;0;0;0;0;0;0;0;0
FR;10;2022-10-23;0;0;0;0;0;0;0;0;0;0;0;0;0;0;0;0;0;0
FR;10;2022-10-24;0;0;0;0;0;0;0;0;0;0;0;0;0;0;0;0;0;0
FR;10;2022-10-25;0;0;0;0;0;0;0;0;0;0;0;0;0;0;0;0;0;0
FR;10;2022-10-26;0;0;0;0;0;0;0;0;0;0;0;0;0;0;0;0;0;0
FR;10;2022-10-27;0;0;0;0;0;0;0;0;0;0;0;0;0;0;0;0;0;0
FR;10;2022-10-28;0;0;0;0;0;0;0;0;0;0;0;0;0;0;0;0;0;0
FR;10;2022-10-29;0;0;0;0;0;0;0;0;0;0;0;0;0;0;0;0;0;0
FR;10;2022-10-30;0;0;0;0;0;0;0;0;0;0;0;0;0;0;0;0;0;0
FR;10;2022-10-31;0;0;0;0;0;0;0;0;0;0;0;0;0;0;0;0;0;0
FR;10;2022-11-01;0;0;0;0;0;0;0;0;0;0;0;0;0;0;0;0;0;0
FR;10;2022-11-02;0;0;0;0;0;0;0;0;0;0;0;0;0;0;0;0;0;0
FR;10;2022-11-03;0;0;0;0;0;0;0;0;0;0;0;0;0;0;0;0;0;0
FR;10;2022-11-04;0;0;0;0;0;0;0;0;0;0;0;0;0;0;0;0;0;0
FR;10;2022-11-05;0;0;0;0;0;0;0;0;0;0;0;0;0;0;0;0;0;0
FR;10;2022-11-06;0;0;0;0;0;0;0;0;0;0;0;0;0;0;0;0;0;0
FR;10;2022-11-07;0;0;0;0;0;0;0;0;0;0;0;0;0;0;0;0;0;0
FR;10;2022-11-08;0;0;0;0;0;0;0;0;0;0;0;0;0;0;0;0;0;0
FR;10;2022-11-09;0;0;0;0;0;0;0;0;0;0;0;0;0;0;0;0;0;0
FR;10;2022-11-10;0;0;0;0;0;0;0;0;0;0;0;0;0;0;0;0;0;0
FR;10;2022-11-11;0;0;0;0;0;0;0;0;0;0;0;0;0;0;0;0;0;0
FR;10;2022-11-12;0;0;0;0;0;0;0;0;0;0;0;0;0;0;0;0;0;0
FR;10;2022-11-13;0;0;0;0;0;0;0;0;0;0;0;0;0;0;0;0;0;0
FR;10;2022-11-14;0;0;0;0;0;0;0;0;0;0;0;0;0;0;0;0;0;0
FR;10;2022-11-15;0;0;0;0;0;0;0;0;0;0;0;0;0;0;0;0;0;0
FR;10;2022-11-16;0;0;0;0;0;0;0;0;0;0;0;0;0;0;0;0;0;0
FR;10;2022-11-17;0;0;0;0;0;0;0;0;0;0;0;0;0;0;0;0;0;0
FR;10;2022-11-18;0;0;0;0;0;0;0;0;0;0;0;0;0;0;0;0;0;0
FR;10;2022-11-19;0;0;0;0;0;0;0;0;0;0;0;0;0;0;0;0;0;0
FR;10;2022-11-20;0;0;0;0;0;0;0;0;0;0;0;0;0;0;0;0;0;0
FR;10;2022-11-21;0;0;0;0;0;0;0;0;0;0;0;0;0;0;0;0;0;0
FR;10;2022-11-22;0;0;0;0;0;0;0;0;0;0;0;0;0;0;0;0;0;0
FR;10;2022-11-23;0;0;0;0;0;0;0;0;0;0;0;0;0;0;0;0;0;0
FR;10;2022-11-24;0;0;0;0;0;0;0;0;0;0;0;0;0;0;0;0;0;0
FR;10;2022-11-25;0;0;0;0;0;0;0;0;0;0;0;0;0;0;0;0;0;0
FR;10;2022-11-26;0;0;0;0;0;0;0;0;0;0;0;0;0;0;0;0;0;0
FR;10;2022-11-27;0;0;0;0;0;0;0;0;0;0;0;0;0;0;0;0;0;0
FR;10;2022-11-28;0;0;0;0;0;0;0;0;0;0;0;0;0;0;0;0;0;0
FR;10;2022-11-29;0;0;0;0;0;0;0;0;0;0;0;0;0;0;0;0;0;0
FR;10;2022-11-30;0;0;0;0;0;0;0;0;0;0;0;0;0;0;0;0;0;0
FR;10;2022-12-01;0;0;0;0;0;0;0;0;0;0;0;0;0;0;0;0;0;0
FR;10;2022-12-02;0;0;0;0;0;0;0;0;0;0;0;0;0;0;0;0;0;0
FR;10;2022-12-03;0;0;0;0;0;0;0;0;0;0;0;0;0;0;0;0;0;0
FR;10;2022-12-04;0;0;0;0;0;0;0;0;0;0;0;0;0;0;0;0;0;0
FR;10;2022-12-05;0;0;0;0;0;0;0;0;0;0;0;0;0;0;0;0;0;0
FR;10;2022-12-06;0;0;0;0;0;0;0;0;0;0;0;0;0;0;0;0;0;0
FR;10;2022-12-07;0;0;0;0;0;0;0;0;0;0;0;0;0;0;0;0;0;0
FR;10;2022-12-08;0;0;0;0;0;0;0;0;0;0;0;0;0;0;0;0;0;0
FR;10;2022-12-09;0;0;0;0;0;0;0;0;0;0;0;0;0;0;0;0;0;0
FR;10;2022-12-10;0;0;0;0;0;0;0;0;0;0;0;0;0;0;0;0;0;0
FR;10;2022-12-11;0;0;0;0;0;0;0;0;0;0;0;0;0;0;0;0;0;0
FR;10;2022-12-12;0;0;0;0;0;0;0;0;0;0;0;0;0;0;0;0;0;0
FR;10;2022-12-13;0;0;0;0;0;0;0;0;0;0;0;0;0;0;0;0;0;0
FR;10;2022-12-14;0;0;0;0;0;0;0;0;0;0;0;0;0;0;0;0;0;0
FR;10;2022-12-15;0;0;0;0;0;0;0;0;0;0;0;0;0;0;0;0;0;0
FR;10;2022-12-16;0;0;0;0;0;0;0;0;0;0;0;0;0;0;0;0;0;0
FR;10;2022-12-17;0;0;0;0;0;0;0;0;0;0;0;0;0;0;0;0;0;0
FR;10;2022-12-18;0;0;0;0;0;0;0;0;0;0;0;0;0;0;0;0;0;0
FR;10;2022-12-19;0;0;0;0;0;0;0;0;0;0;0;0;0;0;0;0;0;0
FR;10;2022-12-20;0;0;0;0;0;0;0;0;0;0;0;0;0;0;0;0;0;0
FR;10;2022-12-21;0;0;1;0;0;1;0;0;0;0;0;1;0;0;1;0;0;0
FR;10;2022-12-22;0;0;0;1;0;0;1;0;0;0;0;1;1;0;1;1;0;0
FR;10;2022-12-23;0;0;1;14;0;2;14;0;7;0;0;2;15;0;3;15;0;7
FR;10;2022-12-24;0;0;0;3;0;0;3;0;1;0;0;2;18;0;3;18;0;8
FR;10;2022-12-25;0;0;0;0;0;0;0;0;0;0;0;2;18;0;3;18;0;8
FR;10;2022-12-26;3;1;11;35;0;8;39;0;5;3;1;13;53;0;11;57;0;13
FR;10;2022-12-27;1;1;14;35;1;11;38;0;10;4;2;27;88;1;22;95;0;23
FR;10;2022-12-28;0;0;2;15;0;1;14;0;3;4;2;29;103;1;23;109;0;26
FR;10;2022-12-29;0;0;6;48;0;1;48;0;17;4;2;35;151;1;24;157;0;43
FR;10;2022-12-30;0;1;5;33;0;8;31;0;6;4;3;40;184;1;32;188;0;49
FR;10;2022-12-31;0;0;3;12;0;4;10;0;4;4;3;43;196;1;36;198;0;53
FR;10;2023-01-01;0;0;1;6;0;0;7;0;2;4;3;44;202;1;36;205;0;55
FR;10;2023-01-02;0;4;4;37;1;6;36;0;21;4;7;48;239;2;42;241;0;76
FR;10;2023-01-03;1;2;6;63;2;5;64;0;25;5;9;54;302;4;47;305;0;101
FR;10;2023-01-04;0;1;7;52;0;6;53;0;53;5;10;61;354;4;53;358;0;154
FR;10;2023-01-05;1;2;16;74;0;12;76;0;37;6;12;77;428;4;65;434;0;191
FR;10;2023-01-06;2;3;16;107;2;13;107;0;52;8;15;93;535;6;78;541;0;243
FR;10;2023-01-07;3;1;3;41;1;3;40;0;13;11;16;96;576;7;81;581;0;256
FR;10;2023-01-08;1;0;0;9;0;0;7;0;5;12;16;96;585;7;81;588;0;261
FR;10;2023-01-09;3;2;7;67;1;7;66;0;26;15;18;103;652;8;88;654;0;287
FR;10;2023-01-10;6;1;21;118;0;13;124;0;57;21;19;124;770;8;101;778;0;344
FR;10;2023-01-11;5;4;19;77;1;16;79;0;38;26;23;143;847;9;117;857;0;382
FR;10;2023-01-12;13;1;7;77;2;3;80;0;51;39;24;150;924;11;120;937;0;433
FR;10;2023-01-13;0;6;15;122;1;8;129;0;77;39;30;165;1046;12;128;1066;0;510
FR;10;2023-01-14;2;1;8;43;0;5;47;0;3;41;31;173;1089;12;133;1113;0;513
FR;10;2023-01-15;0;0;2;10;0;1;7;0;8;41;31;175;1099;12;134;1120;0;521
FR;10;2023-01-16;0;1;11;70;1;7;73;0;68;41;32;186;1169;13;141;1193;0;589
FR;10;2023-01-17;0;7;22;109;2;11;118;0;61;41;39;208;1278;15;152;1311;0;650
FR;10;2023-01-18;2;1;13;92;1;9;104;0;15;43;40;221;1370;16;161;1415;0;665
FR;10;2023-01-19;6;6;24;142;3;22;135;0;56;49;46;245;1512;19;183;1550;0;721
FR;10;2023-01-20;2;1;11;111;0;9;106;0;73;51;47;256;1623;19;192;1656;0;794
FR;10;2023-01-21;2;1;5;26;0;5;23;0;15;53;48;261;1649;19;197;1679;0;809
FR;10;2023-01-22;0;0;0;5;0;0;5;0;0;53;48;261;1654;19;197;1684;0;809
FR;10;2023-01-23;1;2;5;62;1;5;59;0;23;54;50;266;1716;20;202;1743;0;832
FR;10;2023-01-24;6;6;27;148;2;19;152;0;75;60;56;293;1864;22;221;1895;0;907
FR;10;2023-01-25;2;1;9;81;1;5;82;0;55;62;57;302;1945;23;226;1977;0;962
FR;10;2023-01-26;4;5;33;147;1;22;159;0;52;66;62;335;2092;24;248;2136;0;1014
FR;10;2023-01-27;1;1;16;117;1;6;118;0;78;67;63;351;2209;25;254;2254;0;1092
FR;10;2023-01-28;0;1;3;18;1;1;21;0;15;67;64;354;2227;26;255;2275;0;1107
FR;10;2023-01-29;0;0;1;0;0;1;0;0;1;67;64;355;2227;26;256;2275;0;1108
FR;10;2023-01-30;2;1;11;60;1;5;63;0;40;69;65;366;2287;27;261;2338;0;1148
FR;10;2023-01-31;5;2;24;121;3;17;121;0;51;74;67;390;2408;30;278;2459;0;1199
FR;10;2023-02-01;0;2;11;49;2;10;49;0;28;74;69;401;2457;32;288;2508;0;1227
FR;10;2023-02-02;3;0;21;104;0;16;108;0;48;77;69;422;2561;32;304;2616;0;1275
FR;10;2023-02-03;6;5;18;48;4;11;51;0;64;83;74;440;2609;36;315;2667;0;1339
FR;10;2023-02-04;1;0;1;8;0;0;10;0;6;84;74;441;2617;36;315;2677;0;1345
FR;10;2023-02-05;7;1;2;3;2;1;4;0;5;91;75;443;2620;38;316;2681;0;1350
FR;10;2023-02-06;1;0;9;28;0;8;22;0;46;92;75;452;2648;38;324;2703;0;1396
FR;10;2023-02-07;2;2;2;12;1;3;12;0;13;94;77;454;2660;39;327;2715;0;1409
FR;10;2023-02-08;1;3;3;15;2;4;15;0;12;95;80;457;2675;41;331;2730;0;1421
FR;10;2023-02-09;2;1;11;91;2;7;97;0;41;97;81;468;2766;43;338;2827;0;1462
FR;10;2023-02-10;8;3;12;29;0;6;37;0;25;105;84;480;2795;43;344;2864;0;1487
FR;10;2023-02-11;1;0;2;2;0;2;2;0;1;106;84;482;2797;43;346;2866;0;1488
FR;10;2023-02-12;1;1;0;0;1;0;0;0;0;107;85;482;2797;44;346;2866;0;1488
FR;10;2023-02-13;3;1;9;15;0;7;18;0;10;110;86;491;2812;44;353;2884;0;1498
FR;10;2023-02-14;2;4;11;49;3;9;50;0;17;112;90;502;2861;47;362;2934;0;1515
FR;10;2023-02-15;7;3;2;10;2;3;8;0;8;119;93;504;2871;49;365;2942;0;1523
FR;10;2023-02-16;0;0;8;17;0;5;18;0;8;119;93;512;2888;49;370;2960;0;1531
FR;10;2023-02-17;13;5;7;28;5;2;22;0;17;132;98;519;2916;54;372;2982;0;1548
FR;10;2023-02-18;2;0;3;11;0;3;10;0;6;134;98;522;2927;54;375;2992;0;1554
FR;10;2023-02-19;0;0;0;0;0;0;0;0;0;134;98;522;2927;54;375;2992;0;1554
FR;10;2023-02-20;2;1;2;25;1;1;23;0;23;136;99;524;2952;55;376;3015;0;1577
FR;10;2023-02-21;2;3;12;27;1;6;35;0;30;138;102;536;2979;56;382;3050;0;1607
FR;10;2023-02-22;5;4;2;7;3;3;6;0;1;143;106;538;2986;59;385;3056;0;1608
FR;10;2023-02-23;3;2;17;31;2;14;37;0;12;146;108;555;3017;61;399;3093;0;1620
FR;10;2023-02-24;1;2;8;27;0;5;27;0;29;147;110;563;3044;61;404;3120;0;1649
FR;10;2023-02-25;0;0;2;3;0;2;3;0;7;147;110;565;3047;61;406;3123;0;1656
FR;10;2023-02-26;0;0;0;0;0;0;0;0;0;147;110;565;3047;61;406;3123;0;1656
FR;10;2023-02-27;3;3;3;20;4;3;21;0;15;150;113;568;3067;65;409;3144;0;1671
FR;10;2023-02-28;3;2;3;10;2;1;11;0;10;153;115;571;3077;67;410;3155;0;1681
FR;10;2023-03-01;2;6;34;12;6;33;12;0;14;155;121;605;3089;73;443;3167;0;1695
FR;10;2023-03-02;2;1;10;22;2;6;22;0;31;157;122;615;3111;75;449;3189;0;1726
FR;10;2023-03-03;7;2;5;21;0;6;20;0;18;164;124;620;3132;75;455;3209;0;1744
FR;10;2023-03-04;0;1;0;6;1;0;6;0;2;164;125;620;3138;76;455;3215;0;1746
FR;10;2023-03-05;0;0;0;1;0;0;0;0;2;164;125;620;3139;76;455;3215;0;1748
FR;10;2023-03-06;2;2;8;8;3;7;9;0;8;166;127;628;3147;79;462;3224;0;1756
FR;10;2023-03-07;2;3;0;11;1;2;11;0;8;168;130;628;3158;80;464;3235;0;1764
FR;10;2023-03-08;1;4;4;20;3;3;22;0;9;169;134;632;3178;83;467;3257;0;1773
FR;10;2023-03-09;0;3;1;9;1;2;8;0;8;169;137;633;3187;84;469;3265;0;1781
FR;10;2023-03-10;1;2;1;8;2;1;9;0;9;170;139;634;3195;86;470;3274;0;1790
FR;10;2023-03-11;2;1;5;4;0;3;7;0;2;172;140;639;3199;86;473;3281;0;1792
FR;10;2023-03-12;0;0;0;0;0;0;0;0;0;172;140;639;3199;86;473;3281;0;1792
FR;10;2023-03-13;0;2;2;3;2;2;3;0;5;172;142;641;3202;88;475;3284;0;1797
FR;10;2023-03-14;2;0;6;25;0;4;27;0;21;174;142;647;3227;88;479;3311;0;1818
FR;10;2023-03-15;0;2;5;5;1;7;4;0;6;174;144;652;3232;89;486;3315;0;1824
FR;10;2023-03-16;3;1;7;12;0;5;15;0;11;177;145;659;3244;89;491;3330;0;1835
FR;10;2023-03-17;3;5;8;18;4;4;22;0;19;180;150;667;3262;93;495;3352;0;1854
FR;10;2023-03-18;0;1;1;3;0;2;2;0;3;180;151;668;3265;93;497;3354;0;1857
FR;10;2023-03-19;6;0;0;0;0;0;0;0;0;186;151;668;3265;93;497;3354;0;1857
FR;10;2023-03-20;5;4;0;12;3;1;13;0;12;191;155;668;3277;96;498;3367;0;1869
FR;10;2023-03-21;1;2;2;7;0;3;9;0;14;192;157;670;3284;96;501;3376;0;1883
FR;10;2023-03-22;0;0;3;4;0;3;3;0;3;192;157;673;3288;96;504;3379;0;1886
FR;10;2023-03-23;9;9;4;6;9;1;8;0;13;201;166;677;3294;105;505;3387;0;1899
FR;10;2023-03-24;3;3;2;14;2;1;10;0;17;204;169;679;3308;107;506;3397;0;1916
FR;10;2023-03-25;1;3;0;4;1;3;5;0;8;205;172;679;3312;108;509;3402;0;1924
FR;10;2023-03-26;1;1;0;0;1;0;0;0;0;206;173;679;3312;109;509;3402;0;1924
FR;10;2023-03-27;0;2;3;4;2;3;2;0;16;206;175;682;3316;111;512;3404;0;1940
FR;10;2023-03-28;9;8;3;5;8;1;6;0;6;215;183;685;3321;119;513;3410;0;1946
FR;10;2023-03-29;7;7;3;2;6;4;2;0;6;222;190;688;3323;125;517;3412;0;1952
FR;10;2023-03-30;16;13;3;7;13;2;8;0;6;238;203;691;3330;138;519;3420;0;1958
FR;10;2023-03-31;8;6;4;12;5;4;13;0;19;246;209;695;3342;143;523;3433;0;1977
FR;10;2023-04-01;9;8;1;0;8;1;0;0;0;255;217;696;3342;151;524;3433;0;1977
FR;10;2023-04-02;1;0;0;0;0;0;0;0;1;256;217;696;3342;151;524;3433;0;1978
FR;10;2023-04-03;2;1;0;3;1;0;2;0;5;258;218;696;3345;152;524;3435;0;1983
FR;10;2023-04-04;0;1;0;3;1;0;3;0;5;258;219;696;3348;153;524;3438;0;1988
FR;10;2023-04-05;0;0;2;1;0;2;3;0;2;258;219;698;3349;153;526;3441;0;1990
FR;10;2023-04-06;2;2;4;4;2;1;7;0;2;260;221;702;3353;155;527;3448;0;1992
FR;10;2023-04-07;3;0;2;3;0;1;3;0;9;263;221;704;3356;155;528;3451;0;2001
FR;10;2023-04-08;0;0;1;0;0;1;0;0;0;263;221;705;3356;155;529;3451;0;2001
FR;10;2023-04-09;0;0;0;0;0;0;0;0;0;263;221;705;3356;155;529;3451;0;2001
FR;10;2023-04-10;0;0;2;0;0;0;2;0;0;263;221;707;3356;155;529;3453;0;2001
FR;10;2023-04-11;1;0;1;3;0;1;2;0;3;264;221;708;3359;155;530;3455;0;2004
FR;10;2023-04-12;0;0;2;1;0;1;2;0;4;264;221;710;3360;155;531;3457;0;2008
FR;10;2023-04-13;0;1;0;5;1;0;5;0;5;264;222;710;3365;156;531;3462;0;2013
FR;10;2023-04-14;3;0;1;7;0;1;4;0;5;267;222;711;3372;156;532;3466;0;2018
FR;10;2023-04-15;0;1;1;3;1;0;4;0;0;267;223;712;3375;157;532;3470;0;2018
FR;10;2023-04-16;0;0;0;2;0;0;2;0;0;267;223;712;3377;157;532;3472;0;2018
FR;10;2023-04-17;1;2;2;0;1;2;0;0;0;268;225;714;3377;158;534;3472;0;2018
FR;10;2023-04-18;2;2;1;3;2;1;0;0;2;270;227;715;3380;160;535;3472;0;2020
FR;10;2023-04-19;0;0;1;0;0;1;0;0;1;270;227;716;3380;160;536;3472;0;2021
FR;10;2023-04-20;0;2;1;1;1;2;1;0;2;270;229;717;3381;161;538;3473;0;2023
FR;10;2023-04-21;0;1;5;7;0;4;9;0;3;270;230;722;3388;161;542;3482;0;2026
FR;10;2023-04-22;1;1;0;2;1;0;2;0;1;271;231;722;3390;162;542;3484;0;2027
FR;10;2023-04-23;0;0;0;0;0;0;0;0;0;271;231;722;3390;162;542;3484;0;2027
FR;10;2023-04-24;0;1;0;0;1;0;0;0;4;271;232;722;3390;163;542;3484;0;2031
FR;10;2023-04-25;0;0;1;0;0;1;0;0;2;271;232;723;3390;163;543;3484;0;2033
FR;10;2023-04-26;1;0;2;1;1;2;1;0;1;272;232;725;3391;164;545;3485;0;2034
FR;10;2023-04-27;0;0;1;1;0;1;1;0;1;272;232;726;3392;164;546;3486;0;2035
FR;10;2023-04-28;0;1;3;5;1;0;6;0;6;272;233;729;3397;165;546;3492;0;2041
FR;10;2023-04-29;0;0;0;1;0;0;0;0;1;272;233;729;3398;165;546;3492;0;2042
FR;10;2023-04-30;0;0;0;0;0;0;0;0;0;272;233;729;3398;165;546;3492;0;2042
FR;10;2023-05-01;0;0;0;0;0;0;0;0;0;272;233;729;3398;165;546;3492;0;2042
FR;10;2023-05-02;2;1;0;2;2;0;2;0;4;274;234;729;3400;167;546;3494;0;2046
FR;10;2023-05-03;0;1;1;2;1;1;1;0;17;274;235;730;3402;168;547;3495;0;2063
FR;10;2023-05-04;0;1;1;0;1;1;0;0;1;274;236;731;3402;169;548;3495;0;2064
FR;10;2023-05-05;0;1;2;6;0;2;6;0;9;274;237;733;3408;169;550;3501;0;2073
FR;10;2023-05-06;0;0;3;3;0;2;4;0;1;274;237;736;3411;169;552;3505;0;2074
FR;10;2023-05-07;0;0;0;0;0;0;0;0;0;274;237;736;3411;169;552;3505;0;2074
FR;10;2023-05-08;0;0;0;0;0;0;0;0;0;274;237;736;3411;169;552;3505;0;2074
FR;10;2023-05-09;0;1;1;0;0;1;1;0;1;274;238;737;3411;169;553;3506;0;2075
FR;10;2023-05-10;15;5;1;1;5;0;2;0;0;289;243;738;3412;174;553;3508;0;2075
FR;10;2023-05-11;0;0;0;2;0;0;2;0;4;289;243;738;3414;174;553;3510;0;2079
FR;10;2023-05-12;1;0;1;6;0;2;5;0;9;290;243;739;3420;174;555;3515;0;2088
FR;10;2023-05-13;0;0;1;0;0;0;1;0;0;290;243;740;3420;174;555;3516;0;2088
FR;10;2023-05-14;0;0;0;0;0;0;0;0;0;290;243;740;3420;174;555;3516;0;2088
FR;10;2023-05-15;0;1;0;0;0;1;0;0;1;290;244;740;3420;174;556;3516;0;2089
FR;10;2023-05-16;0;0;0;2;0;0;2;0;3;290;244;740;3422;174;556;3518;0;2092
FR;11;2020-12-27;0;0;0;0;0;0;0;0;0;0;0;0;0;0;0;0;0;0
FR;11;2020-12-28;0;0;0;0;0;0;0;0;0;0;0;0;0;0;0;0;0;0
FR;11;2020-12-29;0;0;0;0;0;0;0;0;0;0;0;0;0;0;0;0;0;0
FR;11;2020-12-30;0;0;0;0;0;0;0;0;0;0;0;0;0;0;0;0;0;0
FR;11;2020-12-31;0;0;0;0;0;0;0;0;0;0;0;0;0;0;0;0;0;0
FR;11;2021-01-01;0;0;0;0;0;0;0;0;0;0;0;0;0;0;0;0;0;0
FR;11;2021-01-02;0;0;0;0;0;0;0;0;0;0;0;0;0;0;0;0;0;0
FR;11;2021-01-03;0;0;0;0;0;0;0;0;0;0;0;0;0;0;0;0;0;0
FR;11;2021-01-04;0;0;0;0;0;0;0;0;0;0;0;0;0;0;0;0;0;0
FR;11;2021-01-05;0;0;0;0;0;0;0;0;0;0;0;0;0;0;0;0;0;0
FR;11;2021-01-06;0;0;0;0;0;0;0;0;0;0;0;0;0;0;0;0;0;0
FR;11;2021-01-07;0;0;0;0;0;0;0;0;0;0;0;0;0;0;0;0;0;0
FR;11;2021-01-08;0;0;0;0;0;0;0;0;0;0;0;0;0;0;0;0;0;0
FR;11;2021-01-09;0;0;0;0;0;0;0;0;0;0;0;0;0;0;0;0;0;0
FR;11;2021-01-10;0;0;0;0;0;0;0;0;0;0;0;0;0;0;0;0;0;0
FR;11;2021-01-11;0;0;0;0;0;0;0;0;0;0;0;0;0;0;0;0;0;0
FR;11;2021-01-12;0;0;0;0;0;0;0;0;0;0;0;0;0;0;0;0;0;0
FR;11;2021-01-13;0;0;0;0;0;0;0;0;0;0;0;0;0;0;0;0;0;0
FR;11;2021-01-14;0;0;0;0;0;0;0;0;0;0;0;0;0;0;0;0;0;0
FR;11;2021-01-15;0;0;0;0;0;0;0;0;0;0;0;0;0;0;0;0;0;0
FR;11;2021-01-16;0;0;0;0;0;0;0;0;0;0;0;0;0;0;0;0;0;0
FR;11;2021-01-17;0;0;0;0;0;0;0;0;0;0;0;0;0;0;0;0;0;0
FR;11;2021-01-18;0;0;0;0;0;0;0;0;0;0;0;0;0;0;0;0;0;0
FR;11;2021-01-19;0;0;0;0;0;0;0;0;0;0;0;0;0;0;0;0;0;0
FR;11;2021-01-20;0;0;0;0;0;0;0;0;0;0;0;0;0;0;0;0;0;0
FR;11;2021-01-21;0;0;0;0;0;0;0;0;0;0;0;0;0;0;0;0;0;0
FR;11;2021-01-22;0;0;0;0;0;0;0;0;0;0;0;0;0;0;0;0;0;0
FR;11;2021-01-23;0;0;0;0;0;0;0;0;0;0;0;0;0;0;0;0;0;0
FR;11;2021-01-24;0;0;0;0;0;0;0;0;0;0;0;0;0;0;0;0;0;0
FR;11;2021-01-25;0;0;0;0;0;0;0;0;0;0;0;0;0;0;0;0;0;0
FR;11;2021-01-26;0;0;0;0;0;0;0;0;0;0;0;0;0;0;0;0;0;0
FR;11;2021-01-27;0;0;0;0;0;0;0;0;0;0;0;0;0;0;0;0;0;0
FR;11;2021-01-28;0;0;0;0;0;0;0;0;0;0;0;0;0;0;0;0;0;0
FR;11;2021-01-29;0;0;0;0;0;0;0;0;0;0;0;0;0;0;0;0;0;0
FR;11;2021-01-30;0;0;0;0;0;0;0;0;0;0;0;0;0;0;0;0;0;0
FR;11;2021-01-31;0;0;0;0;0;0;0;0;0;0;0;0;0;0;0;0;0;0
FR;11;2021-02-01;0;0;0;0;0;0;0;0;0;0;0;0;0;0;0;0;0;0
FR;11;2021-02-02;0;0;0;0;0;0;0;0;0;0;0;0;0;0;0;0;0;0
FR;11;2021-02-03;0;0;0;0;0;0;0;0;0;0;0;0;0;0;0;0;0;0
FR;11;2021-02-04;0;0;0;0;0;0;0;0;0;0;0;0;0;0;0;0;0;0
FR;11;2021-02-05;0;0;0;0;0;0;0;0;0;0;0;0;0;0;0;0;0;0
FR;11;2021-02-06;0;0;0;0;0;0;0;0;0;0;0;0;0;0;0;0;0;0
FR;11;2021-02-07;0;0;0;0;0;0;0;0;0;0;0;0;0;0;0;0;0;0
FR;11;2021-02-08;0;0;0;0;0;0;0;0;0;0;0;0;0;0;0;0;0;0
FR;11;2021-02-09;0;0;0;0;0;0;0;0;0;0;0;0;0;0;0;0;0;0
FR;11;2021-02-10;0;0;0;0;0;0;0;0;0;0;0;0;0;0;0;0;0;0
FR;11;2021-02-11;0;0;0;0;0;0;0;0;0;0;0;0;0;0;0;0;0;0
FR;11;2021-02-12;0;0;0;0;0;0;0;0;0;0;0;0;0;0;0;0;0;0
FR;11;2021-02-13;0;0;0;0;0;0;0;0;0;0;0;0;0;0;0;0;0;0
FR;11;2021-02-14;0;0;0;0;0;0;0;0;0;0;0;0;0;0;0;0;0;0
FR;11;2021-02-15;0;0;0;0;0;0;0;0;0;0;0;0;0;0;0;0;0;0
FR;11;2021-02-16;0;0;0;0;0;0;0;0;0;0;0;0;0;0;0;0;0;0
FR;11;2021-02-17;0;0;0;0;0;0;0;0;0;0;0;0;0;0;0;0;0;0
FR;11;2021-02-18;0;0;0;0;0;0;0;0;0;0;0;0;0;0;0;0;0;0
FR;11;2021-02-19;0;0;0;0;0;0;0;0;0;0;0;0;0;0;0;0;0;0
FR;11;2021-02-20;0;0;0;0;0;0;0;0;0;0;0;0;0;0;0;0;0;0
FR;11;2021-02-21;0;0;0;0;0;0;0;0;0;0;0;0;0;0;0;0;0;0
FR;11;2021-02-22;0;0;0;0;0;0;0;0;0;0;0;0;0;0;0;0;0;0
FR;11;2021-02-23;0;0;0;0;0;0;0;0;0;0;0;0;0;0;0;0;0;0
FR;11;2021-02-24;0;0;0;0;0;0;0;0;0;0;0;0;0;0;0;0;0;0
FR;11;2021-02-25;0;0;0;0;0;0;0;0;0;0;0;0;0;0;0;0;0;0
FR;11;2021-02-26;0;0;0;0;0;0;0;0;0;0;0;0;0;0;0;0;0;0
FR;11;2021-02-27;0;0;0;0;0;0;0;0;0;0;0;0;0;0;0;0;0;0
FR;11;2021-02-28;0;0;0;0;0;0;0;0;0;0;0;0;0;0;0;0;0;0
FR;11;2021-03-01;0;0;0;0;0;0;0;0;0;0;0;0;0;0;0;0;0;0
FR;11;2021-03-02;0;0;0;0;0;0;0;0;0;0;0;0;0;0;0;0;0;0
FR;11;2021-03-03;0;0;0;0;0;0;0;0;0;0;0;0;0;0;0;0;0;0
FR;11;2021-03-04;0;0;0;0;0;0;0;0;0;0;0;0;0;0;0;0;0;0
FR;11;2021-03-05;0;0;0;0;0;0;0;0;0;0;0;0;0;0;0;0;0;0
FR;11;2021-03-06;0;0;0;0;0;0;0;0;0;0;0;0;0;0;0;0;0;0
FR;11;2021-03-07;0;0;0;0;0;0;0;0;0;0;0;0;0;0;0;0;0;0
FR;11;2021-03-08;0;0;0;0;0;0;0;0;0;0;0;0;0;0;0;0;0;0
FR;11;2021-03-09;0;0;0;0;0;0;0;0;0;0;0;0;0;0;0;0;0;0
FR;11;2021-03-10;0;0;0;0;0;0;0;0;0;0;0;0;0;0;0;0;0;0
FR;11;2021-03-11;0;0;0;0;0;0;0;0;0;0;0;0;0;0;0;0;0;0
FR;11;2021-03-12;0;0;0;0;0;0;0;0;0;0;0;0;0;0;0;0;0;0
FR;11;2021-03-13;0;0;0;0;0;0;0;0;0;0;0;0;0;0;0;0;0;0
FR;11;2021-03-14;0;0;0;0;0;0;0;0;0;0;0;0;0;0;0;0;0;0
FR;11;2021-03-15;0;0;0;0;0;0;0;0;0;0;0;0;0;0;0;0;0;0
FR;11;2021-03-16;0;0;0;0;0;0;0;0;0;0;0;0;0;0;0;0;0;0
FR;11;2021-03-17;0;0;0;0;0;0;0;0;0;0;0;0;0;0;0;0;0;0
FR;11;2021-03-18;0;0;0;0;0;0;0;0;0;0;0;0;0;0;0;0;0;0
FR;11;2021-03-19;0;0;0;0;0;0;0;0;0;0;0;0;0;0;0;0;0;0
FR;11;2021-03-20;0;0;0;0;0;0;0;0;0;0;0;0;0;0;0;0;0;0
FR;11;2021-03-21;0;0;0;0;0;0;0;0;0;0;0;0;0;0;0;0;0;0
FR;11;2021-03-22;0;0;0;0;0;0;0;0;0;0;0;0;0;0;0;0;0;0
FR;11;2021-03-23;0;0;0;0;0;0;0;0;0;0;0;0;0;0;0;0;0;0
FR;11;2021-03-24;0;0;0;0;0;0;0;0;0;0;0;0;0;0;0;0;0;0
FR;11;2021-03-25;0;0;0;0;0;0;0;0;0;0;0;0;0;0;0;0;0;0
FR;11;2021-03-26;0;0;0;0;0;0;0;0;0;0;0;0;0;0;0;0;0;0
FR;11;2021-03-27;0;0;0;0;0;0;0;0;0;0;0;0;0;0;0;0;0;0
FR;11;2021-03-28;0;0;0;0;0;0;0;0;0;0;0;0;0;0;0;0;0;0
FR;11;2021-03-29;0;0;0;0;0;0;0;0;0;0;0;0;0;0;0;0;0;0
FR;11;2021-03-30;0;0;0;0;0;0;0;0;0;0;0;0;0;0;0;0;0;0
FR;11;2021-03-31;0;0;0;0;0;0;0;0;0;0;0;0;0;0;0;0;0;0
FR;11;2021-04-01;0;0;0;0;0;0;0;0;0;0;0;0;0;0;0;0;0;0
FR;11;2021-04-02;0;0;0;0;0;0;0;0;0;0;0;0;0;0;0;0;0;0
FR;11;2021-04-03;0;0;0;0;0;0;0;0;0;0;0;0;0;0;0;0;0;0
FR;11;2021-04-04;0;0;0;0;0;0;0;0;0;0;0;0;0;0;0;0;0;0
FR;11;2021-04-05;0;0;0;0;0;0;0;0;0;0;0;0;0;0;0;0;0;0
FR;11;2021-04-06;0;0;0;0;0;0;0;0;0;0;0;0;0;0;0;0;0;0
FR;11;2021-04-07;0;0;0;0;0;0;0;0;0;0;0;0;0;0;0;0;0;0
FR;11;2021-04-08;0;0;0;0;0;0;0;0;0;0;0;0;0;0;0;0;0;0
FR;11;2021-04-09;0;0;0;0;0;0;0;0;0;0;0;0;0;0;0;0;0;0
FR;11;2021-04-10;0;0;0;0;0;0;0;0;0;0;0;0;0;0;0;0;0;0
FR;11;2021-04-11;0;0;0;0;0;0;0;0;0;0;0;0;0;0;0;0;0;0
FR;11;2021-04-12;0;0;0;0;0;0;0;0;0;0;0;0;0;0;0;0;0;0
FR;11;2021-04-13;0;0;0;0;0;0;0;0;0;0;0;0;0;0;0;0;0;0
FR;11;2021-04-14;0;0;0;0;0;0;0;0;0;0;0;0;0;0;0;0;0;0
FR;11;2021-04-15;0;0;0;0;0;0;0;0;0;0;0;0;0;0;0;0;0;0
FR;11;2021-04-16;0;0;0;0;0;0;0;0;0;0;0;0;0;0;0;0;0;0
FR;11;2021-04-17;0;0;0;0;0;0;0;0;0;0;0;0;0;0;0;0;0;0
FR;11;2021-04-18;0;0;0;0;0;0;0;0;0;0;0;0;0;0;0;0;0;0
FR;11;2021-04-19;0;0;0;0;0;0;0;0;0;0;0;0;0;0;0;0;0;0
FR;11;2021-04-20;0;0;0;0;0;0;0;0;0;0;0;0;0;0;0;0;0;0
FR;11;2021-04-21;0;0;0;0;0;0;0;0;0;0;0;0;0;0;0;0;0;0
FR;11;2021-04-22;0;0;0;0;0;0;0;0;0;0;0;0;0;0;0;0;0;0
FR;11;2021-04-23;0;0;0;0;0;0;0;0;0;0;0;0;0;0;0;0;0;0
FR;11;2021-04-24;0;0;0;0;0;0;0;0;0;0;0;0;0;0;0;0;0;0
FR;11;2021-04-25;0;0;0;0;0;0;0;0;0;0;0;0;0;0;0;0;0;0
FR;11;2021-04-26;0;0;0;0;0;0;0;0;0;0;0;0;0;0;0;0;0;0
FR;11;2021-04-27;0;0;0;0;0;0;0;0;0;0;0;0;0;0;0;0;0;0
FR;11;2021-04-28;0;0;0;0;0;0;0;0;0;0;0;0;0;0;0;0;0;0
FR;11;2021-04-29;0;0;0;0;0;0;0;0;0;0;0;0;0;0;0;0;0;0
FR;11;2021-04-30;0;0;0;0;0;0;0;0;0;0;0;0;0;0;0;0;0;0
FR;11;2021-05-01;0;0;0;0;0;0;0;0;0;0;0;0;0;0;0;0;0;0
FR;11;2021-05-02;0;0;0;0;0;0;0;0;0;0;0;0;0;0;0;0;0;0
FR;11;2021-05-03;0;0;0;0;0;0;0;0;0;0;0;0;0;0;0;0;0;0
FR;11;2021-05-04;0;0;0;0;0;0;0;0;0;0;0;0;0;0;0;0;0;0
FR;11;2021-05-05;0;0;0;0;0;0;0;0;0;0;0;0;0;0;0;0;0;0
FR;11;2021-05-06;0;0;0;0;0;0;0;0;0;0;0;0;0;0;0;0;0;0
FR;11;2021-05-07;0;0;0;0;0;0;0;0;0;0;0;0;0;0;0;0;0;0
FR;11;2021-05-08;0;0;0;0;0;0;0;0;0;0;0;0;0;0;0;0;0;0
FR;11;2021-05-09;0;0;0;0;0;0;0;0;0;0;0;0;0;0;0;0;0;0
FR;11;2021-05-10;0;0;0;0;0;0;0;0;0;0;0;0;0;0;0;0;0;0
FR;11;2021-05-11;0;0;0;0;0;0;0;0;0;0;0;0;0;0;0;0;0;0
FR;11;2021-05-12;0;0;0;0;0;0;0;0;0;0;0;0;0;0;0;0;0;0
FR;11;2021-05-13;0;0;0;0;0;0;0;0;0;0;0;0;0;0;0;0;0;0
FR;11;2021-05-14;0;0;0;0;0;0;0;0;0;0;0;0;0;0;0;0;0;0
FR;11;2021-05-15;0;0;0;0;0;0;0;0;0;0;0;0;0;0;0;0;0;0
FR;11;2021-05-16;0;0;0;0;0;0;0;0;0;0;0;0;0;0;0;0;0;0
FR;11;2021-05-17;0;0;0;0;0;0;0;0;0;0;0;0;0;0;0;0;0;0
FR;11;2021-05-18;0;0;0;0;0;0;0;0;0;0;0;0;0;0;0;0;0;0
FR;11;2021-05-19;0;0;0;0;0;0;0;0;0;0;0;0;0;0;0;0;0;0
FR;11;2021-05-20;0;0;0;0;0;0;0;0;0;0;0;0;0;0;0;0;0;0
FR;11;2021-05-21;0;0;0;0;0;0;0;0;0;0;0;0;0;0;0;0;0;0
FR;11;2021-05-22;0;0;0;0;0;0;0;0;0;0;0;0;0;0;0;0;0;0
FR;11;2021-05-23;0;0;0;0;0;0;0;0;0;0;0;0;0;0;0;0;0;0
FR;11;2021-05-24;0;0;0;0;0;0;0;0;0;0;0;0;0;0;0;0;0;0
FR;11;2021-05-25;0;0;0;0;0;0;0;0;0;0;0;0;0;0;0;0;0;0
FR;11;2021-05-26;0;0;0;0;0;0;0;0;0;0;0;0;0;0;0;0;0;0
FR;11;2021-05-27;0;0;0;0;0;0;0;0;0;0;0;0;0;0;0;0;0;0
FR;11;2021-05-28;0;0;0;0;0;0;0;0;0;0;0;0;0;0;0;0;0;0
FR;11;2021-05-29;0;0;0;0;0;0;0;0;0;0;0;0;0;0;0;0;0;0
FR;11;2021-05-30;0;0;0;0;0;0;0;0;0;0;0;0;0;0;0;0;0;0
FR;11;2021-05-31;0;0;0;0;0;0;0;0;0;0;0;0;0;0;0;0;0;0
FR;11;2021-06-01;0;0;0;0;0;0;0;0;0;0;0;0;0;0;0;0;0;0
FR;11;2021-06-02;0;0;0;0;0;0;0;0;0;0;0;0;0;0;0;0;0;0
FR;11;2021-06-03;0;0;0;0;0;0;0;0;0;0;0;0;0;0;0;0;0;0
FR;11;2021-06-04;0;0;0;0;0;0;0;0;0;0;0;0;0;0;0;0;0;0
FR;11;2021-06-05;0;0;0;0;0;0;0;0;0;0;0;0;0;0;0;0;0;0
FR;11;2021-06-06;0;0;0;0;0;0;0;0;0;0;0;0;0;0;0;0;0;0
FR;11;2021-06-07;0;0;0;0;0;0;0;0;0;0;0;0;0;0;0;0;0;0
FR;11;2021-06-08;0;0;0;0;0;0;0;0;0;0;0;0;0;0;0;0;0;0
FR;11;2021-06-09;0;0;0;0;0;0;0;0;0;0;0;0;0;0;0;0;0;0
FR;11;2021-06-10;0;0;0;0;0;0;0;0;0;0;0;0;0;0;0;0;0;0
FR;11;2021-06-11;0;0;0;0;0;0;0;0;0;0;0;0;0;0;0;0;0;0
FR;11;2021-06-12;0;0;0;0;0;0;0;0;0;0;0;0;0;0;0;0;0;0
FR;11;2021-06-13;0;0;0;0;0;0;0;0;0;0;0;0;0;0;0;0;0;0
FR;11;2021-06-14;0;0;0;0;0;0;0;0;0;0;0;0;0;0;0;0;0;0
FR;11;2021-06-15;0;0;0;0;0;0;0;0;0;0;0;0;0;0;0;0;0;0
FR;11;2021-06-16;0;0;0;0;0;0;0;0;0;0;0;0;0;0;0;0;0;0
FR;11;2021-06-17;0;0;0;0;0;0;0;0;0;0;0;0;0;0;0;0;0;0
FR;11;2021-06-18;0;0;0;0;0;0;0;0;0;0;0;0;0;0;0;0;0;0
FR;11;2021-06-19;0;0;0;0;0;0;0;0;0;0;0;0;0;0;0;0;0;0
FR;11;2021-06-20;0;0;0;0;0;0;0;0;0;0;0;0;0;0;0;0;0;0
FR;11;2021-06-21;0;0;0;0;0;0;0;0;0;0;0;0;0;0;0;0;0;0
FR;11;2021-06-22;0;0;0;0;0;0;0;0;0;0;0;0;0;0;0;0;0;0
FR;11;2021-06-23;0;0;0;0;0;0;0;0;0;0;0;0;0;0;0;0;0;0
FR;11;2021-06-24;0;0;0;0;0;0;0;0;0;0;0;0;0;0;0;0;0;0
FR;11;2021-06-25;0;0;0;0;0;0;0;0;0;0;0;0;0;0;0;0;0;0
FR;11;2021-06-26;0;0;0;0;0;0;0;0;0;0;0;0;0;0;0;0;0;0
FR;11;2021-06-27;0;0;0;0;0;0;0;0;0;0;0;0;0;0;0;0;0;0
FR;11;2021-06-28;0;0;0;0;0;0;0;0;0;0;0;0;0;0;0;0;0;0
FR;11;2021-06-29;0;0;0;0;0;0;0;0;0;0;0;0;0;0;0;0;0;0
FR;11;2021-06-30;0;0;0;0;0;0;0;0;0;0;0;0;0;0;0;0;0;0
FR;11;2021-07-01;0;0;0;0;0;0;0;0;0;0;0;0;0;0;0;0;0;0
FR;11;2021-07-02;0;0;0;0;0;0;0;0;0;0;0;0;0;0;0;0;0;0
FR;11;2021-07-03;0;0;0;0;0;0;0;0;0;0;0;0;0;0;0;0;0;0
FR;11;2021-07-04;0;0;0;0;0;0;0;0;0;0;0;0;0;0;0;0;0;0
FR;11;2021-07-05;0;0;0;0;0;0;0;0;0;0;0;0;0;0;0;0;0;0
FR;11;2021-07-06;0;0;0;0;0;0;0;0;0;0;0;0;0;0;0;0;0;0
FR;11;2021-07-07;0;0;0;0;0;0;0;0;0;0;0;0;0;0;0;0;0;0
FR;11;2021-07-08;0;0;0;0;0;0;0;0;0;0;0;0;0;0;0;0;0;0
FR;11;2021-07-09;0;0;0;0;0;0;0;0;0;0;0;0;0;0;0;0;0;0
FR;11;2021-07-10;0;0;0;0;0;0;0;0;0;0;0;0;0;0;0;0;0;0
FR;11;2021-07-11;0;0;0;0;0;0;0;0;0;0;0;0;0;0;0;0;0;0
FR;11;2021-07-12;0;0;0;0;0;0;0;0;0;0;0;0;0;0;0;0;0;0
FR;11;2021-07-13;0;0;0;0;0;0;0;0;0;0;0;0;0;0;0;0;0;0
FR;11;2021-07-14;0;0;0;0;0;0;0;0;0;0;0;0;0;0;0;0;0;0
FR;11;2021-07-15;0;0;0;0;0;0;0;0;0;0;0;0;0;0;0;0;0;0
FR;11;2021-07-16;0;0;0;0;0;0;0;0;0;0;0;0;0;0;0;0;0;0
FR;11;2021-07-17;0;0;0;0;0;0;0;0;0;0;0;0;0;0;0;0;0;0
FR;11;2021-07-18;0;0;0;0;0;0;0;0;0;0;0;0;0;0;0;0;0;0
FR;11;2021-07-19;0;0;0;0;0;0;0;0;0;0;0;0;0;0;0;0;0;0
FR;11;2021-07-20;0;0;0;0;0;0;0;0;0;0;0;0;0;0;0;0;0;0
FR;11;2021-07-21;0;0;0;0;0;0;0;0;0;0;0;0;0;0;0;0;0;0
FR;11;2021-07-22;0;0;0;0;0;0;0;0;0;0;0;0;0;0;0;0;0;0
FR;11;2021-07-23;0;0;0;0;0;0;0;0;0;0;0;0;0;0;0;0;0;0
FR;11;2021-07-24;0;0;0;0;0;0;0;0;0;0;0;0;0;0;0;0;0;0
FR;11;2021-07-25;0;0;0;0;0;0;0;0;0;0;0;0;0;0;0;0;0;0
FR;11;2021-07-26;0;0;0;0;0;0;0;0;0;0;0;0;0;0;0;0;0;0
FR;11;2021-07-27;0;0;0;0;0;0;0;0;0;0;0;0;0;0;0;0;0;0
FR;11;2021-07-28;0;0;0;0;0;0;0;0;0;0;0;0;0;0;0;0;0;0
FR;11;2021-07-29;0;0;0;0;0;0;0;0;0;0;0;0;0;0;0;0;0;0
FR;11;2021-07-30;0;0;0;0;0;0;0;0;0;0;0;0;0;0;0;0;0;0
FR;11;2021-07-31;0;0;0;0;0;0;0;0;0;0;0;0;0;0;0;0;0;0
FR;11;2021-08-01;0;0;0;0;0;0;0;0;0;0;0;0;0;0;0;0;0;0
FR;11;2021-08-02;0;0;0;0;0;0;0;0;0;0;0;0;0;0;0;0;0;0
FR;11;2021-08-03;0;0;0;0;0;0;0;0;0;0;0;0;0;0;0;0;0;0
FR;11;2021-08-04;0;0;0;0;0;0;0;0;0;0;0;0;0;0;0;0;0;0
FR;11;2021-08-05;0;0;0;0;0;0;0;0;0;0;0;0;0;0;0;0;0;0
FR;11;2021-08-06;0;0;0;0;0;0;0;0;0;0;0;0;0;0;0;0;0;0
FR;11;2021-08-07;0;0;0;0;0;0;0;0;0;0;0;0;0;0;0;0;0;0
FR;11;2021-08-08;0;0;0;0;0;0;0;0;0;0;0;0;0;0;0;0;0;0
FR;11;2021-08-09;0;0;0;0;0;0;0;0;0;0;0;0;0;0;0;0;0;0
FR;11;2021-08-10;0;0;0;0;0;0;0;0;0;0;0;0;0;0;0;0;0;0
FR;11;2021-08-11;0;0;0;0;0;0;0;0;0;0;0;0;0;0;0;0;0;0
FR;11;2021-08-12;0;0;0;0;0;0;0;0;0;0;0;0;0;0;0;0;0;0
FR;11;2021-08-13;0;0;0;0;0;0;0;0;0;0;0;0;0;0;0;0;0;0
FR;11;2021-08-14;0;0;0;0;0;0;0;0;0;0;0;0;0;0;0;0;0;0
FR;11;2021-08-15;0;0;0;0;0;0;0;0;0;0;0;0;0;0;0;0;0;0
FR;11;2021-08-16;0;0;0;0;0;0;0;0;0;0;0;0;0;0;0;0;0;0
FR;11;2021-08-17;0;0;0;0;0;0;0;0;0;0;0;0;0;0;0;0;0;0
FR;11;2021-08-18;0;0;0;0;0;0;0;0;0;0;0;0;0;0;0;0;0;0
FR;11;2021-08-19;0;0;0;0;0;0;0;0;0;0;0;0;0;0;0;0;0;0
FR;11;2021-08-20;0;0;0;0;0;0;0;0;0;0;0;0;0;0;0;0;0;0
FR;11;2021-08-21;0;0;0;0;0;0;0;0;0;0;0;0;0;0;0;0;0;0
FR;11;2021-08-22;0;0;0;0;0;0;0;0;0;0;0;0;0;0;0;0;0;0
FR;11;2021-08-23;0;0;0;0;0;0;0;0;0;0;0;0;0;0;0;0;0;0
FR;11;2021-08-24;0;0;0;0;0;0;0;0;0;0;0;0;0;0;0;0;0;0
FR;11;2021-08-25;0;0;0;0;0;0;0;0;0;0;0;0;0;0;0;0;0;0
FR;11;2021-08-26;0;0;0;0;0;0;0;0;0;0;0;0;0;0;0;0;0;0
FR;11;2021-08-27;0;0;0;0;0;0;0;0;0;0;0;0;0;0;0;0;0;0
FR;11;2021-08-28;0;0;0;0;0;0;0;0;0;0;0;0;0;0;0;0;0;0
FR;11;2021-08-29;0;0;0;0;0;0;0;0;0;0;0;0;0;0;0;0;0;0
FR;11;2021-08-30;0;0;0;0;0;0;0;0;0;0;0;0;0;0;0;0;0;0
FR;11;2021-08-31;0;0;0;0;0;0;0;0;0;0;0;0;0;0;0;0;0;0
FR;11;2021-09-01;0;0;0;0;0;0;0;0;0;0;0;0;0;0;0;0;0;0
FR;11;2021-09-02;0;0;0;0;0;0;0;0;0;0;0;0;0;0;0;0;0;0
FR;11;2021-09-03;0;0;0;0;0;0;0;0;0;0;0;0;0;0;0;0;0;0
FR;11;2021-09-04;0;0;0;0;0;0;0;0;0;0;0;0;0;0;0;0;0;0
FR;11;2021-09-05;0;0;0;0;0;0;0;0;0;0;0;0;0;0;0;0;0;0
FR;11;2021-09-06;0;0;0;0;0;0;0;0;0;0;0;0;0;0;0;0;0;0
FR;11;2021-09-07;0;0;0;0;0;0;0;0;0;0;0;0;0;0;0;0;0;0
FR;11;2021-09-08;0;0;0;0;0;0;0;0;0;0;0;0;0;0;0;0;0;0
FR;11;2021-09-09;0;0;0;0;0;0;0;0;0;0;0;0;0;0;0;0;0;0
FR;11;2021-09-10;0;0;0;0;0;0;0;0;0;0;0;0;0;0;0;0;0;0
FR;11;2021-09-11;0;0;0;0;0;0;0;0;0;0;0;0;0;0;0;0;0;0
FR;11;2021-09-12;0;0;0;0;0;0;0;0;0;0;0;0;0;0;0;0;0;0
FR;11;2021-09-13;0;0;0;0;0;0;0;0;0;0;0;0;0;0;0;0;0;0
FR;11;2021-09-14;0;0;0;0;0;0;0;0;0;0;0;0;0;0;0;0;0;0
FR;11;2021-09-15;0;0;0;0;0;0;0;0;0;0;0;0;0;0;0;0;0;0
FR;11;2021-09-16;0;0;0;0;0;0;0;0;0;0;0;0;0;0;0;0;0;0
FR;11;2021-09-17;0;0;0;0;0;0;0;0;0;0;0;0;0;0;0;0;0;0
FR;11;2021-09-18;0;0;0;0;0;0;0;0;0;0;0;0;0;0;0;0;0;0
FR;11;2021-09-19;0;0;0;0;0;0;0;0;0;0;0;0;0;0;0;0;0;0
FR;11;2021-09-20;0;0;0;0;0;0;0;0;0;0;0;0;0;0;0;0;0;0
FR;11;2021-09-21;0;0;0;0;0;0;0;0;0;0;0;0;0;0;0;0;0;0
FR;11;2021-09-22;0;0;0;0;0;0;0;0;0;0;0;0;0;0;0;0;0;0
FR;11;2021-09-23;0;0;0;0;0;0;0;0;0;0;0;0;0;0;0;0;0;0
FR;11;2021-09-24;0;0;0;0;0;0;0;0;0;0;0;0;0;0;0;0;0;0
FR;11;2021-09-25;0;0;0;0;0;0;0;0;0;0;0;0;0;0;0;0;0;0
FR;11;2021-09-26;0;0;0;0;0;0;0;0;0;0;0;0;0;0;0;0;0;0
FR;11;2021-09-27;0;0;0;0;0;0;0;0;0;0;0;0;0;0;0;0;0;0
FR;11;2021-09-28;0;0;0;0;0;0;0;0;0;0;0;0;0;0;0;0;0;0
FR;11;2021-09-29;0;0;0;0;0;0;0;0;0;0;0;0;0;0;0;0;0;0
FR;11;2021-09-30;0;0;0;0;0;0;0;0;0;0;0;0;0;0;0;0;0;0
FR;11;2021-10-01;0;0;0;0;0;0;0;0;0;0;0;0;0;0;0;0;0;0
FR;11;2021-10-02;0;0;0;0;0;0;0;0;0;0;0;0;0;0;0;0;0;0
FR;11;2021-10-03;0;0;0;0;0;0;0;0;0;0;0;0;0;0;0;0;0;0
FR;11;2021-10-04;0;0;0;0;0;0;0;0;0;0;0;0;0;0;0;0;0;0
FR;11;2021-10-05;0;0;0;0;0;0;0;0;0;0;0;0;0;0;0;0;0;0
FR;11;2021-10-06;0;0;0;0;0;0;0;0;0;0;0;0;0;0;0;0;0;0
FR;11;2021-10-07;0;0;0;0;0;0;0;0;0;0;0;0;0;0;0;0;0;0
FR;11;2021-10-08;0;0;0;0;0;0;0;0;0;0;0;0;0;0;0;0;0;0
FR;11;2021-10-09;0;0;0;0;0;0;0;0;0;0;0;0;0;0;0;0;0;0
FR;11;2021-10-10;0;0;0;0;0;0;0;0;0;0;0;0;0;0;0;0;0;0
FR;11;2021-10-11;0;0;0;0;0;0;0;0;0;0;0;0;0;0;0;0;0;0
FR;11;2021-10-12;0;0;0;0;0;0;0;0;0;0;0;0;0;0;0;0;0;0
FR;11;2021-10-13;0;0;0;0;0;0;0;0;0;0;0;0;0;0;0;0;0;0
FR;11;2021-10-14;0;0;0;0;0;0;0;0;0;0;0;0;0;0;0;0;0;0
FR;11;2021-10-15;0;0;0;0;0;0;0;0;0;0;0;0;0;0;0;0;0;0
FR;11;2021-10-16;0;0;0;0;0;0;0;0;0;0;0;0;0;0;0;0;0;0
FR;11;2021-10-17;0;0;0;0;0;0;0;0;0;0;0;0;0;0;0;0;0;0
FR;11;2021-10-18;0;0;0;0;0;0;0;0;0;0;0;0;0;0;0;0;0;0
FR;11;2021-10-19;0;0;0;0;0;0;0;0;0;0;0;0;0;0;0;0;0;0
FR;11;2021-10-20;0;0;0;0;0;0;0;0;0;0;0;0;0;0;0;0;0;0
FR;11;2021-10-21;0;0;0;0;0;0;0;0;0;0;0;0;0;0;0;0;0;0
FR;11;2021-10-22;0;0;0;0;0;0;0;0;0;0;0;0;0;0;0;0;0;0
FR;11;2021-10-23;0;0;0;0;0;0;0;0;0;0;0;0;0;0;0;0;0;0
FR;11;2021-10-24;0;0;0;0;0;0;0;0;0;0;0;0;0;0;0;0;0;0
FR;11;2021-10-25;0;0;0;0;0;0;0;0;0;0;0;0;0;0;0;0;0;0
FR;11;2021-10-26;0;0;0;0;0;0;0;0;0;0;0;0;0;0;0;0;0;0
FR;11;2021-10-27;0;0;0;0;0;0;0;0;0;0;0;0;0;0;0;0;0;0
FR;11;2021-10-28;0;0;0;0;0;0;0;0;0;0;0;0;0;0;0;0;0;0
FR;11;2021-10-29;0;0;0;0;0;0;0;0;0;0;0;0;0;0;0;0;0;0
FR;11;2021-10-30;0;0;0;0;0;0;0;0;0;0;0;0;0;0;0;0;0;0
FR;11;2021-10-31;0;0;0;0;0;0;0;0;0;0;0;0;0;0;0;0;0;0
FR;11;2021-11-01;0;0;0;0;0;0;0;0;0;0;0;0;0;0;0;0;0;0
FR;11;2021-11-02;0;0;0;0;0;0;0;0;0;0;0;0;0;0;0;0;0;0
FR;11;2021-11-03;0;0;0;0;0;0;0;0;0;0;0;0;0;0;0;0;0;0
FR;11;2021-11-04;0;0;0;0;0;0;0;0;0;0;0;0;0;0;0;0;0;0
FR;11;2021-11-05;0;0;0;0;0;0;0;0;0;0;0;0;0;0;0;0;0;0
FR;11;2021-11-06;0;0;0;0;0;0;0;0;0;0;0;0;0;0;0;0;0;0
FR;11;2021-11-07;0;0;0;0;0;0;0;0;0;0;0;0;0;0;0;0;0;0
FR;11;2021-11-08;0;0;0;0;0;0;0;0;0;0;0;0;0;0;0;0;0;0
FR;11;2021-11-09;0;0;0;0;0;0;0;0;0;0;0;0;0;0;0;0;0;0
FR;11;2021-11-10;0;0;0;0;0;0;0;0;0;0;0;0;0;0;0;0;0;0
FR;11;2021-11-11;0;0;0;0;0;0;0;0;0;0;0;0;0;0;0;0;0;0
FR;11;2021-11-12;0;0;0;0;0;0;0;0;0;0;0;0;0;0;0;0;0;0
FR;11;2021-11-13;0;0;0;0;0;0;0;0;0;0;0;0;0;0;0;0;0;0
FR;11;2021-11-14;0;0;0;0;0;0;0;0;0;0;0;0;0;0;0;0;0;0
FR;11;2021-11-15;0;0;0;0;0;0;0;0;0;0;0;0;0;0;0;0;0;0
FR;11;2021-11-16;0;0;0;0;0;0;0;0;0;0;0;0;0;0;0;0;0;0
FR;11;2021-11-17;0;0;0;0;0;0;0;0;0;0;0;0;0;0;0;0;0;0
FR;11;2021-11-18;0;0;0;0;0;0;0;0;0;0;0;0;0;0;0;0;0;0
FR;11;2021-11-19;0;0;0;0;0;0;0;0;0;0;0;0;0;0;0;0;0;0
FR;11;2021-11-20;0;0;0;0;0;0;0;0;0;0;0;0;0;0;0;0;0;0
FR;11;2021-11-21;0;0;0;0;0;0;0;0;0;0;0;0;0;0;0;0;0;0
FR;11;2021-11-22;0;0;0;0;0;0;0;0;0;0;0;0;0;0;0;0;0;0
FR;11;2021-11-23;0;0;0;0;0;0;0;0;0;0;0;0;0;0;0;0;0;0
FR;11;2021-11-24;0;0;0;0;0;0;0;0;0;0;0;0;0;0;0;0;0;0
FR;11;2021-11-25;0;0;0;0;0;0;0;0;0;0;0;0;0;0;0;0;0;0
FR;11;2021-11-26;0;0;0;0;0;0;0;0;0;0;0;0;0;0;0;0;0;0
FR;11;2021-11-27;0;0;0;0;0;0;0;0;0;0;0;0;0;0;0;0;0;0
FR;11;2021-11-28;0;0;0;0;0;0;0;0;0;0;0;0;0;0;0;0;0;0
FR;11;2021-11-29;0;0;0;0;0;0;0;0;0;0;0;0;0;0;0;0;0;0
FR;11;2021-11-30;0;0;0;0;0;0;0;0;0;0;0;0;0;0;0;0;0;0
FR;11;2021-12-01;0;0;0;0;0;0;0;0;0;0;0;0;0;0;0;0;0;0
FR;11;2021-12-02;0;0;0;0;0;0;0;0;0;0;0;0;0;0;0;0;0;0
FR;11;2021-12-03;0;0;0;0;0;0;0;0;0;0;0;0;0;0;0;0;0;0
FR;11;2021-12-04;0;0;0;0;0;0;0;0;0;0;0;0;0;0;0;0;0;0
FR;11;2021-12-05;0;0;0;0;0;0;0;0;0;0;0;0;0;0;0;0;0;0
FR;11;2021-12-06;0;0;0;0;0;0;0;0;0;0;0;0;0;0;0;0;0;0
FR;11;2021-12-07;0;0;0;0;0;0;0;0;0;0;0;0;0;0;0;0;0;0
FR;11;2021-12-08;0;0;0;0;0;0;0;0;0;0;0;0;0;0;0;0;0;0
FR;11;2021-12-09;0;0;0;0;0;0;0;0;0;0;0;0;0;0;0;0;0;0
FR;11;2021-12-10;0;0;0;0;0;0;0;0;0;0;0;0;0;0;0;0;0;0
FR;11;2021-12-11;0;0;0;0;0;0;0;0;0;0;0;0;0;0;0;0;0;0
FR;11;2021-12-12;0;0;0;0;0;0;0;0;0;0;0;0;0;0;0;0;0;0
FR;11;2021-12-13;0;0;0;0;0;0;0;0;0;0;0;0;0;0;0;0;0;0
FR;11;2021-12-14;0;0;0;0;0;0;0;0;0;0;0;0;0;0;0;0;0;0
FR;11;2021-12-15;0;0;0;0;0;0;0;0;0;0;0;0;0;0;0;0;0;0
FR;11;2021-12-16;0;0;0;0;0;0;0;0;0;0;0;0;0;0;0;0;0;0
FR;11;2021-12-17;0;0;0;0;0;0;0;0;0;0;0;0;0;0;0;0;0;0
FR;11;2021-12-18;0;0;0;0;0;0;0;0;0;0;0;0;0;0;0;0;0;0
FR;11;2021-12-19;0;0;0;0;0;0;0;0;0;0;0;0;0;0;0;0;0;0
FR;11;2021-12-20;0;0;0;0;0;0;0;0;0;0;0;0;0;0;0;0;0;0
FR;11;2021-12-21;0;0;0;0;0;0;0;0;0;0;0;0;0;0;0;0;0;0
FR;11;2021-12-22;0;0;0;0;0;0;0;0;0;0;0;0;0;0;0;0;0;0
FR;11;2021-12-23;0;0;0;0;0;0;0;0;0;0;0;0;0;0;0;0;0;0
FR;11;2021-12-24;0;0;0;0;0;0;0;0;0;0;0;0;0;0;0;0;0;0
FR;11;2021-12-25;0;0;0;0;0;0;0;0;0;0;0;0;0;0;0;0;0;0
FR;11;2021-12-26;0;0;0;0;0;0;0;0;0;0;0;0;0;0;0;0;0;0
FR;11;2021-12-27;0;0;0;0;0;0;0;0;0;0;0;0;0;0;0;0;0;0
FR;11;2021-12-28;0;0;0;0;0;0;0;0;0;0;0;0;0;0;0;0;0;0
FR;11;2021-12-29;0;0;0;0;0;0;0;0;0;0;0;0;0;0;0;0;0;0
FR;11;2021-12-30;0;0;0;0;0;0;0;0;0;0;0;0;0;0;0;0;0;0
FR;11;2021-12-31;0;0;0;0;0;0;0;0;0;0;0;0;0;0;0;0;0;0
FR;11;2022-01-01;0;0;0;0;0;0;0;0;0;0;0;0;0;0;0;0;0;0
FR;11;2022-01-02;0;0;0;0;0;0;0;0;0;0;0;0;0;0;0;0;0;0
FR;11;2022-01-03;0;0;0;0;0;0;0;0;0;0;0;0;0;0;0;0;0;0
FR;11;2022-01-04;0;0;0;0;0;0;0;0;0;0;0;0;0;0;0;0;0;0
FR;11;2022-01-05;0;0;0;0;0;0;0;0;0;0;0;0;0;0;0;0;0;0
FR;11;2022-01-06;0;0;0;0;0;0;0;0;0;0;0;0;0;0;0;0;0;0
FR;11;2022-01-07;0;0;0;0;0;0;0;0;0;0;0;0;0;0;0;0;0;0
FR;11;2022-01-08;0;0;0;0;0;0;0;0;0;0;0;0;0;0;0;0;0;0
FR;11;2022-01-09;0;0;0;0;0;0;0;0;0;0;0;0;0;0;0;0;0;0
FR;11;2022-01-10;0;0;0;0;0;0;0;0;0;0;0;0;0;0;0;0;0;0
FR;11;2022-01-11;0;0;0;0;0;0;0;0;0;0;0;0;0;0;0;0;0;0
FR;11;2022-01-12;0;0;0;0;0;0;0;0;0;0;0;0;0;0;0;0;0;0
FR;11;2022-01-13;0;0;0;0;0;0;0;0;0;0;0;0;0;0;0;0;0;0
FR;11;2022-01-14;0;0;0;0;0;0;0;0;0;0;0;0;0;0;0;0;0;0
FR;11;2022-01-15;0;0;0;0;0;0;0;0;0;0;0;0;0;0;0;0;0;0
FR;11;2022-01-16;0;0;0;0;0;0;0;0;0;0;0;0;0;0;0;0;0;0
FR;11;2022-01-17;0;0;0;0;0;0;0;0;0;0;0;0;0;0;0;0;0;0
FR;11;2022-01-18;0;0;0;0;0;0;0;0;0;0;0;0;0;0;0;0;0;0
FR;11;2022-01-19;0;0;0;0;0;0;0;0;0;0;0;0;0;0;0;0;0;0
FR;11;2022-01-20;0;0;0;0;0;0;0;0;0;0;0;0;0;0;0;0;0;0
FR;11;2022-01-21;0;0;0;0;0;0;0;0;0;0;0;0;0;0;0;0;0;0
FR;11;2022-01-22;0;0;0;0;0;0;0;0;0;0;0;0;0;0;0;0;0;0
FR;11;2022-01-23;0;0;0;0;0;0;0;0;0;0;0;0;0;0;0;0;0;0
FR;11;2022-01-24;0;0;0;0;0;0;0;0;0;0;0;0;0;0;0;0;0;0
FR;11;2022-01-25;0;0;0;0;0;0;0;0;0;0;0;0;0;0;0;0;0;0
FR;11;2022-01-26;0;0;0;0;0;0;0;0;0;0;0;0;0;0;0;0;0;0
FR;11;2022-01-27;0;0;0;0;0;0;0;0;0;0;0;0;0;0;0;0;0;0
FR;11;2022-01-28;0;0;0;0;0;0;0;0;0;0;0;0;0;0;0;0;0;0
FR;11;2022-01-29;0;0;0;0;0;0;0;0;0;0;0;0;0;0;0;0;0;0
FR;11;2022-01-30;0;0;0;0;0;0;0;0;0;0;0;0;0;0;0;0;0;0
FR;11;2022-01-31;0;0;0;0;0;0;0;0;0;0;0;0;0;0;0;0;0;0
FR;11;2022-02-01;0;0;0;0;0;0;0;0;0;0;0;0;0;0;0;0;0;0
FR;11;2022-02-02;0;0;0;0;0;0;0;0;0;0;0;0;0;0;0;0;0;0
FR;11;2022-02-03;0;0;0;0;0;0;0;0;0;0;0;0;0;0;0;0;0;0
FR;11;2022-02-04;0;0;0;0;0;0;0;0;0;0;0;0;0;0;0;0;0;0
FR;11;2022-02-05;0;0;0;0;0;0;0;0;0;0;0;0;0;0;0;0;0;0
FR;11;2022-02-06;0;0;0;0;0;0;0;0;0;0;0;0;0;0;0;0;0;0
FR;11;2022-02-07;0;0;0;0;0;0;0;0;0;0;0;0;0;0;0;0;0;0
FR;11;2022-02-08;0;0;0;0;0;0;0;0;0;0;0;0;0;0;0;0;0;0
FR;11;2022-02-09;0;0;0;0;0;0;0;0;0;0;0;0;0;0;0;0;0;0
FR;11;2022-02-10;0;0;0;0;0;0;0;0;0;0;0;0;0;0;0;0;0;0
FR;11;2022-02-11;0;0;0;0;0;0;0;0;0;0;0;0;0;0;0;0;0;0
FR;11;2022-02-12;0;0;0;0;0;0;0;0;0;0;0;0;0;0;0;0;0;0
FR;11;2022-02-13;0;0;0;0;0;0;0;0;0;0;0;0;0;0;0;0;0;0
FR;11;2022-02-14;0;0;0;0;0;0;0;0;0;0;0;0;0;0;0;0;0;0
FR;11;2022-02-15;0;0;0;0;0;0;0;0;0;0;0;0;0;0;0;0;0;0
FR;11;2022-02-16;0;0;0;0;0;0;0;0;0;0;0;0;0;0;0;0;0;0
FR;11;2022-02-17;0;0;0;0;0;0;0;0;0;0;0;0;0;0;0;0;0;0
FR;11;2022-02-18;0;0;0;0;0;0;0;0;0;0;0;0;0;0;0;0;0;0
FR;11;2022-02-19;0;0;0;0;0;0;0;0;0;0;0;0;0;0;0;0;0;0
FR;11;2022-02-20;0;0;0;0;0;0;0;0;0;0;0;0;0;0;0;0;0;0
FR;11;2022-02-21;0;0;0;0;0;0;0;0;0;0;0;0;0;0;0;0;0;0
FR;11;2022-02-22;0;0;0;0;0;0;0;0;0;0;0;0;0;0;0;0;0;0
FR;11;2022-02-23;0;0;0;0;0;0;0;0;0;0;0;0;0;0;0;0;0;0
FR;11;2022-02-24;0;0;0;0;0;0;0;0;0;0;0;0;0;0;0;0;0;0
FR;11;2022-02-25;0;0;0;0;0;0;0;0;0;0;0;0;0;0;0;0;0;0
FR;11;2022-02-26;0;0;0;0;0;0;0;0;0;0;0;0;0;0;0;0;0;0
FR;11;2022-02-27;0;0;0;0;0;0;0;0;0;0;0;0;0;0;0;0;0;0
FR;11;2022-02-28;0;0;0;0;0;0;0;0;0;0;0;0;0;0;0;0;0;0
FR;11;2022-03-01;0;0;0;0;0;0;0;0;0;0;0;0;0;0;0;0;0;0
FR;11;2022-03-02;0;0;0;0;0;0;0;0;0;0;0;0;0;0;0;0;0;0
FR;11;2022-03-03;0;0;0;0;0;0;0;0;0;0;0;0;0;0;0;0;0;0
FR;11;2022-03-04;0;0;0;0;0;0;0;0;0;0;0;0;0;0;0;0;0;0
FR;11;2022-03-05;0;0;0;0;0;0;0;0;0;0;0;0;0;0;0;0;0;0
FR;11;2022-03-06;0;0;0;0;0;0;0;0;0;0;0;0;0;0;0;0;0;0
FR;11;2022-03-07;0;0;0;0;0;0;0;0;0;0;0;0;0;0;0;0;0;0
FR;11;2022-03-08;0;0;0;0;0;0;0;0;0;0;0;0;0;0;0;0;0;0
FR;11;2022-03-09;0;0;0;0;0;0;0;0;0;0;0;0;0;0;0;0;0;0
FR;11;2022-03-10;0;0;0;0;0;0;0;0;0;0;0;0;0;0;0;0;0;0
FR;11;2022-03-11;0;0;0;0;0;0;0;0;0;0;0;0;0;0;0;0;0;0
FR;11;2022-03-12;0;0;0;0;0;0;0;0;0;0;0;0;0;0;0;0;0;0
FR;11;2022-03-13;0;0;0;0;0;0;0;0;0;0;0;0;0;0;0;0;0;0
FR;11;2022-03-14;0;0;0;0;0;0;0;0;0;0;0;0;0;0;0;0;0;0
FR;11;2022-03-15;0;0;0;0;0;0;0;0;0;0;0;0;0;0;0;0;0;0
FR;11;2022-03-16;0;0;0;0;0;0;0;0;0;0;0;0;0;0;0;0;0;0
FR;11;2022-03-17;0;0;0;0;0;0;0;0;0;0;0;0;0;0;0;0;0;0
FR;11;2022-03-18;0;0;0;0;0;0;0;0;0;0;0;0;0;0;0;0;0;0
FR;11;2022-03-19;0;0;0;0;0;0;0;0;0;0;0;0;0;0;0;0;0;0
FR;11;2022-03-20;0;0;0;0;0;0;0;0;0;0;0;0;0;0;0;0;0;0
FR;11;2022-03-21;0;0;0;0;0;0;0;0;0;0;0;0;0;0;0;0;0;0
FR;11;2022-03-22;0;0;0;0;0;0;0;0;0;0;0;0;0;0;0;0;0;0
FR;11;2022-03-23;0;0;0;0;0;0;0;0;0;0;0;0;0;0;0;0;0;0
FR;11;2022-03-24;0;0;0;0;0;0;0;0;0;0;0;0;0;0;0;0;0;0
FR;11;2022-03-25;0;0;0;0;0;0;0;0;0;0;0;0;0;0;0;0;0;0
FR;11;2022-03-26;0;0;0;0;0;0;0;0;0;0;0;0;0;0;0;0;0;0
FR;11;2022-03-27;0;0;0;0;0;0;0;0;0;0;0;0;0;0;0;0;0;0
FR;11;2022-03-28;0;0;0;0;0;0;0;0;0;0;0;0;0;0;0;0;0;0
FR;11;2022-03-29;0;0;0;0;0;0;0;0;0;0;0;0;0;0;0;0;0;0
FR;11;2022-03-30;0;0;0;0;0;0;0;0;0;0;0;0;0;0;0;0;0;0
FR;11;2022-03-31;0;0;0;0;0;0;0;0;0;0;0;0;0;0;0;0;0;0
FR;11;2022-04-01;0;0;0;0;0;0;0;0;0;0;0;0;0;0;0;0;0;0
FR;11;2022-04-02;0;0;0;0;0;0;0;0;0;0;0;0;0;0;0;0;0;0
FR;11;2022-04-03;0;0;0;0;0;0;0;0;0;0;0;0;0;0;0;0;0;0
FR;11;2022-04-04;0;0;0;0;0;0;0;0;0;0;0;0;0;0;0;0;0;0
FR;11;2022-04-05;0;0;0;0;0;0;0;0;0;0;0;0;0;0;0;0;0;0
FR;11;2022-04-06;0;0;0;0;0;0;0;0;0;0;0;0;0;0;0;0;0;0
FR;11;2022-04-07;0;0;0;0;0;0;0;0;0;0;0;0;0;0;0;0;0;0
FR;11;2022-04-08;0;0;0;0;0;0;0;0;0;0;0;0;0;0;0;0;0;0
FR;11;2022-04-09;0;0;0;0;0;0;0;0;0;0;0;0;0;0;0;0;0;0
FR;11;2022-04-10;0;0;0;0;0;0;0;0;0;0;0;0;0;0;0;0;0;0
FR;11;2022-04-11;0;0;0;0;0;0;0;0;0;0;0;0;0;0;0;0;0;0
FR;11;2022-04-12;0;0;0;0;0;0;0;0;0;0;0;0;0;0;0;0;0;0
FR;11;2022-04-13;0;0;0;0;0;0;0;0;0;0;0;0;0;0;0;0;0;0
FR;11;2022-04-14;0;0;0;0;0;0;0;0;0;0;0;0;0;0;0;0;0;0
FR;11;2022-04-15;0;0;0;0;0;0;0;0;0;0;0;0;0;0;0;0;0;0
FR;11;2022-04-16;0;0;0;0;0;0;0;0;0;0;0;0;0;0;0;0;0;0
FR;11;2022-04-17;0;0;0;0;0;0;0;0;0;0;0;0;0;0;0;0;0;0
FR;11;2022-04-18;0;0;0;0;0;0;0;0;0;0;0;0;0;0;0;0;0;0
FR;11;2022-04-19;0;0;0;0;0;0;0;0;0;0;0;0;0;0;0;0;0;0
FR;11;2022-04-20;0;0;0;0;0;0;0;0;0;0;0;0;0;0;0;0;0;0
FR;11;2022-04-21;0;0;0;0;0;0;0;0;0;0;0;0;0;0;0;0;0;0
FR;11;2022-04-22;0;0;0;0;0;0;0;0;0;0;0;0;0;0;0;0;0;0
FR;11;2022-04-23;0;0;0;0;0;0;0;0;0;0;0;0;0;0;0;0;0;0
FR;11;2022-04-24;0;0;0;0;0;0;0;0;0;0;0;0;0;0;0;0;0;0
FR;11;2022-04-25;0;0;0;0;0;0;0;0;0;0;0;0;0;0;0;0;0;0
FR;11;2022-04-26;0;0;0;0;0;0;0;0;0;0;0;0;0;0;0;0;0;0
FR;11;2022-04-27;0;0;0;0;0;0;0;0;0;0;0;0;0;0;0;0;0;0
FR;11;2022-04-28;0;0;0;0;0;0;0;0;0;0;0;0;0;0;0;0;0;0
FR;11;2022-04-29;0;0;0;0;0;0;0;0;0;0;0;0;0;0;0;0;0;0
FR;11;2022-04-30;0;0;0;0;0;0;0;0;0;0;0;0;0;0;0;0;0;0
FR;11;2022-05-01;0;0;0;0;0;0;0;0;0;0;0;0;0;0;0;0;0;0
FR;11;2022-05-02;0;0;0;0;0;0;0;0;0;0;0;0;0;0;0;0;0;0
FR;11;2022-05-03;0;0;0;0;0;0;0;0;0;0;0;0;0;0;0;0;0;0
FR;11;2022-05-04;0;0;0;0;0;0;0;0;0;0;0;0;0;0;0;0;0;0
FR;11;2022-05-05;0;0;0;0;0;0;0;0;0;0;0;0;0;0;0;0;0;0
FR;11;2022-05-06;0;0;0;0;0;0;0;0;0;0;0;0;0;0;0;0;0;0
FR;11;2022-05-07;0;0;0;0;0;0;0;0;0;0;0;0;0;0;0;0;0;0
FR;11;2022-05-08;0;0;0;0;0;0;0;0;0;0;0;0;0;0;0;0;0;0
FR;11;2022-05-09;0;0;0;0;0;0;0;0;0;0;0;0;0;0;0;0;0;0
FR;11;2022-05-10;0;0;0;0;0;0;0;0;0;0;0;0;0;0;0;0;0;0
FR;11;2022-05-11;0;0;0;0;0;0;0;0;0;0;0;0;0;0;0;0;0;0
FR;11;2022-05-12;0;0;0;0;0;0;0;0;0;0;0;0;0;0;0;0;0;0
FR;11;2022-05-13;0;0;0;0;0;0;0;0;0;0;0;0;0;0;0;0;0;0
FR;11;2022-05-14;0;0;0;0;0;0;0;0;0;0;0;0;0;0;0;0;0;0
FR;11;2022-05-15;0;0;0;0;0;0;0;0;0;0;0;0;0;0;0;0;0;0
FR;11;2022-05-16;0;0;0;0;0;0;0;0;0;0;0;0;0;0;0;0;0;0
FR;11;2022-05-17;0;0;0;0;0;0;0;0;0;0;0;0;0;0;0;0;0;0
FR;11;2022-05-18;0;0;0;0;0;0;0;0;0;0;0;0;0;0;0;0;0;0
FR;11;2022-05-19;0;0;0;0;0;0;0;0;0;0;0;0;0;0;0;0;0;0
FR;11;2022-05-20;0;0;0;0;0;0;0;0;0;0;0;0;0;0;0;0;0;0
FR;11;2022-05-21;0;0;0;0;0;0;0;0;0;0;0;0;0;0;0;0;0;0
FR;11;2022-05-22;0;0;0;0;0;0;0;0;0;0;0;0;0;0;0;0;0;0
FR;11;2022-05-23;0;0;0;0;0;0;0;0;0;0;0;0;0;0;0;0;0;0
FR;11;2022-05-24;0;0;0;0;0;0;0;0;0;0;0;0;0;0;0;0;0;0
FR;11;2022-05-25;0;0;0;0;0;0;0;0;0;0;0;0;0;0;0;0;0;0
FR;11;2022-05-26;0;0;0;0;0;0;0;0;0;0;0;0;0;0;0;0;0;0
FR;11;2022-05-27;0;0;0;0;0;0;0;0;0;0;0;0;0;0;0;0;0;0
FR;11;2022-05-28;0;0;0;0;0;0;0;0;0;0;0;0;0;0;0;0;0;0
FR;11;2022-05-29;0;0;0;0;0;0;0;0;0;0;0;0;0;0;0;0;0;0
FR;11;2022-05-30;0;0;0;0;0;0;0;0;0;0;0;0;0;0;0;0;0;0
FR;11;2022-05-31;0;0;0;0;0;0;0;0;0;0;0;0;0;0;0;0;0;0
FR;11;2022-06-01;0;0;0;0;0;0;0;0;0;0;0;0;0;0;0;0;0;0
FR;11;2022-06-02;0;0;0;0;0;0;0;0;0;0;0;0;0;0;0;0;0;0
FR;11;2022-06-03;0;0;0;0;0;0;0;0;0;0;0;0;0;0;0;0;0;0
FR;11;2022-06-04;0;0;0;0;0;0;0;0;0;0;0;0;0;0;0;0;0;0
FR;11;2022-06-05;0;0;0;0;0;0;0;0;0;0;0;0;0;0;0;0;0;0
FR;11;2022-06-06;0;0;0;0;0;0;0;0;0;0;0;0;0;0;0;0;0;0
FR;11;2022-06-07;0;0;0;0;0;0;0;0;0;0;0;0;0;0;0;0;0;0
FR;11;2022-06-08;0;0;0;0;0;0;0;0;0;0;0;0;0;0;0;0;0;0
FR;11;2022-06-09;0;0;0;0;0;0;0;0;0;0;0;0;0;0;0;0;0;0
FR;11;2022-06-10;0;0;0;0;0;0;0;0;0;0;0;0;0;0;0;0;0;0
FR;11;2022-06-11;0;0;0;0;0;0;0;0;0;0;0;0;0;0;0;0;0;0
FR;11;2022-06-12;0;0;0;0;0;0;0;0;0;0;0;0;0;0;0;0;0;0
FR;11;2022-06-13;0;0;0;0;0;0;0;0;0;0;0;0;0;0;0;0;0;0
FR;11;2022-06-14;0;0;0;0;0;0;0;0;0;0;0;0;0;0;0;0;0;0
FR;11;2022-06-15;0;0;0;0;0;0;0;0;0;0;0;0;0;0;0;0;0;0
FR;11;2022-06-16;0;0;0;0;0;0;0;0;0;0;0;0;0;0;0;0;0;0
FR;11;2022-06-17;0;0;0;0;0;0;0;0;0;0;0;0;0;0;0;0;0;0
FR;11;2022-06-18;0;0;0;0;0;0;0;0;0;0;0;0;0;0;0;0;0;0
FR;11;2022-06-19;0;0;0;0;0;0;0;0;0;0;0;0;0;0;0;0;0;0
FR;11;2022-06-20;0;0;0;0;0;0;0;0;0;0;0;0;0;0;0;0;0;0
FR;11;2022-06-21;0;0;0;0;0;0;0;0;0;0;0;0;0;0;0;0;0;0
FR;11;2022-06-22;0;0;0;0;0;0;0;0;0;0;0;0;0;0;0;0;0;0
FR;11;2022-06-23;0;0;0;0;0;0;0;0;0;0;0;0;0;0;0;0;0;0
FR;11;2022-06-24;0;0;0;0;0;0;0;0;0;0;0;0;0;0;0;0;0;0
FR;11;2022-06-25;0;0;0;0;0;0;0;0;0;0;0;0;0;0;0;0;0;0
FR;11;2022-06-26;0;0;0;0;0;0;0;0;0;0;0;0;0;0;0;0;0;0
FR;11;2022-06-27;0;0;0;0;0;0;0;0;0;0;0;0;0;0;0;0;0;0
FR;11;2022-06-28;0;0;0;0;0;0;0;0;0;0;0;0;0;0;0;0;0;0
FR;11;2022-06-29;0;0;0;0;0;0;0;0;0;0;0;0;0;0;0;0;0;0
FR;11;2022-06-30;0;0;0;0;0;0;0;0;0;0;0;0;0;0;0;0;0;0
FR;11;2022-07-01;0;0;0;0;0;0;0;0;0;0;0;0;0;0;0;0;0;0
FR;11;2022-07-02;0;0;0;0;0;0;0;0;0;0;0;0;0;0;0;0;0;0
FR;11;2022-07-03;0;0;0;0;0;0;0;0;0;0;0;0;0;0;0;0;0;0
FR;11;2022-07-04;0;0;0;0;0;0;0;0;0;0;0;0;0;0;0;0;0;0
FR;11;2022-07-05;0;0;0;0;0;0;0;0;0;0;0;0;0;0;0;0;0;0
FR;11;2022-07-06;0;0;0;0;0;0;0;0;0;0;0;0;0;0;0;0;0;0
FR;11;2022-07-07;0;0;0;0;0;0;0;0;0;0;0;0;0;0;0;0;0;0
FR;11;2022-07-08;0;0;0;0;0;0;0;0;0;0;0;0;0;0;0;0;0;0
FR;11;2022-07-09;0;0;0;0;0;0;0;0;0;0;0;0;0;0;0;0;0;0
FR;11;2022-07-10;0;0;0;0;0;0;0;0;0;0;0;0;0;0;0;0;0;0
FR;11;2022-07-11;0;0;0;0;0;0;0;0;0;0;0;0;0;0;0;0;0;0
FR;11;2022-07-12;0;0;0;0;0;0;0;0;0;0;0;0;0;0;0;0;0;0
FR;11;2022-07-13;0;0;0;0;0;0;0;0;0;0;0;0;0;0;0;0;0;0
FR;11;2022-07-14;0;0;0;0;0;0;0;0;0;0;0;0;0;0;0;0;0;0
FR;11;2022-07-15;0;0;0;0;0;0;0;0;0;0;0;0;0;0;0;0;0;0
FR;11;2022-07-16;0;0;0;0;0;0;0;0;0;0;0;0;0;0;0;0;0;0
FR;11;2022-07-17;0;0;0;0;0;0;0;0;0;0;0;0;0;0;0;0;0;0
FR;11;2022-07-18;0;0;0;0;0;0;0;0;0;0;0;0;0;0;0;0;0;0
FR;11;2022-07-19;0;0;0;0;0;0;0;0;0;0;0;0;0;0;0;0;0;0
FR;11;2022-07-20;0;0;0;0;0;0;0;0;0;0;0;0;0;0;0;0;0;0
FR;11;2022-07-21;0;0;0;0;0;0;0;0;0;0;0;0;0;0;0;0;0;0
FR;11;2022-07-22;0;0;0;0;0;0;0;0;0;0;0;0;0;0;0;0;0;0
FR;11;2022-07-23;0;0;0;0;0;0;0;0;0;0;0;0;0;0;0;0;0;0
FR;11;2022-07-24;0;0;0;0;0;0;0;0;0;0;0;0;0;0;0;0;0;0
FR;11;2022-07-25;0;0;0;0;0;0;0;0;0;0;0;0;0;0;0;0;0;0
FR;11;2022-07-26;0;0;0;0;0;0;0;0;0;0;0;0;0;0;0;0;0;0
FR;11;2022-07-27;0;0;0;0;0;0;0;0;0;0;0;0;0;0;0;0;0;0
FR;11;2022-07-28;0;0;0;0;0;0;0;0;0;0;0;0;0;0;0;0;0;0
FR;11;2022-07-29;0;0;0;0;0;0;0;0;0;0;0;0;0;0;0;0;0;0
FR;11;2022-07-30;0;0;0;0;0;0;0;0;0;0;0;0;0;0;0;0;0;0
FR;11;2022-07-31;0;0;0;0;0;0;0;0;0;0;0;0;0;0;0;0;0;0
FR;11;2022-08-01;0;0;0;0;0;0;0;0;0;0;0;0;0;0;0;0;0;0
FR;11;2022-08-02;0;0;0;0;0;0;0;0;0;0;0;0;0;0;0;0;0;0
FR;11;2022-08-03;0;0;0;0;0;0;0;0;0;0;0;0;0;0;0;0;0;0
FR;11;2022-08-04;0;0;0;0;0;0;0;0;0;0;0;0;0;0;0;0;0;0
FR;11;2022-08-05;0;0;0;0;0;0;0;0;0;0;0;0;0;0;0;0;0;0
FR;11;2022-08-06;0;0;0;0;0;0;0;0;0;0;0;0;0;0;0;0;0;0
FR;11;2022-08-07;0;0;0;0;0;0;0;0;0;0;0;0;0;0;0;0;0;0
FR;11;2022-08-08;0;0;0;0;0;0;0;0;0;0;0;0;0;0;0;0;0;0
FR;11;2022-08-09;0;0;0;0;0;0;0;0;0;0;0;0;0;0;0;0;0;0
FR;11;2022-08-10;0;0;0;0;0;0;0;0;0;0;0;0;0;0;0;0;0;0
FR;11;2022-08-11;0;0;0;0;0;0;0;0;0;0;0;0;0;0;0;0;0;0
FR;11;2022-08-12;0;0;0;0;0;0;0;0;0;0;0;0;0;0;0;0;0;0
FR;11;2022-08-13;0;0;0;0;0;0;0;0;0;0;0;0;0;0;0;0;0;0
FR;11;2022-08-14;0;0;0;0;0;0;0;0;0;0;0;0;0;0;0;0;0;0
FR;11;2022-08-15;0;0;0;0;0;0;0;0;0;0;0;0;0;0;0;0;0;0
FR;11;2022-08-16;0;0;0;0;0;0;0;0;0;0;0;0;0;0;0;0;0;0
FR;11;2022-08-17;0;0;0;0;0;0;0;0;0;0;0;0;0;0;0;0;0;0
FR;11;2022-08-18;0;0;0;0;0;0;0;0;0;0;0;0;0;0;0;0;0;0
FR;11;2022-08-19;0;0;0;0;0;0;0;0;0;0;0;0;0;0;0;0;0;0
FR;11;2022-08-20;0;0;0;0;0;0;0;0;0;0;0;0;0;0;0;0;0;0
FR;11;2022-08-21;0;0;0;0;0;0;0;0;0;0;0;0;0;0;0;0;0;0
FR;11;2022-08-22;0;0;0;0;0;0;0;0;0;0;0;0;0;0;0;0;0;0
FR;11;2022-08-23;0;0;0;0;0;0;0;0;0;0;0;0;0;0;0;0;0;0
FR;11;2022-08-24;0;0;0;0;0;0;0;0;0;0;0;0;0;0;0;0;0;0
FR;11;2022-08-25;0;0;0;0;0;0;0;0;0;0;0;0;0;0;0;0;0;0
FR;11;2022-08-26;0;0;0;0;0;0;0;0;0;0;0;0;0;0;0;0;0;0
FR;11;2022-08-27;0;0;0;0;0;0;0;0;0;0;0;0;0;0;0;0;0;0
FR;11;2022-08-28;0;0;0;0;0;0;0;0;0;0;0;0;0;0;0;0;0;0
FR;11;2022-08-29;0;0;0;0;0;0;0;0;0;0;0;0;0;0;0;0;0;0
FR;11;2022-08-30;0;0;0;0;0;0;0;0;0;0;0;0;0;0;0;0;0;0
FR;11;2022-08-31;0;0;0;0;0;0;0;0;0;0;0;0;0;0;0;0;0;0
FR;11;2022-09-01;0;0;0;0;0;0;0;0;0;0;0;0;0;0;0;0;0;0
FR;11;2022-09-02;0;0;0;0;0;0;0;0;0;0;0;0;0;0;0;0;0;0
FR;11;2022-09-03;0;0;0;0;0;0;0;0;0;0;0;0;0;0;0;0;0;0
FR;11;2022-09-04;0;0;0;0;0;0;0;0;0;0;0;0;0;0;0;0;0;0
FR;11;2022-09-05;0;0;0;0;0;0;0;0;0;0;0;0;0;0;0;0;0;0
FR;11;2022-09-06;0;0;0;0;0;0;0;0;0;0;0;0;0;0;0;0;0;0
FR;11;2022-09-07;0;0;0;0;0;0;0;0;0;0;0;0;0;0;0;0;0;0
FR;11;2022-09-08;0;0;0;0;0;0;0;0;0;0;0;0;0;0;0;0;0;0
FR;11;2022-09-09;0;0;0;0;0;0;0;0;0;0;0;0;0;0;0;0;0;0
FR;11;2022-09-10;0;0;0;0;0;0;0;0;0;0;0;0;0;0;0;0;0;0
FR;11;2022-09-11;0;0;0;0;0;0;0;0;0;0;0;0;0;0;0;0;0;0
FR;11;2022-09-12;0;0;0;0;0;0;0;0;0;0;0;0;0;0;0;0;0;0
FR;11;2022-09-13;0;0;0;0;0;0;0;0;0;0;0;0;0;0;0;0;0;0
FR;11;2022-09-14;0;0;0;0;0;0;0;0;0;0;0;0;0;0;0;0;0;0
FR;11;2022-09-15;0;0;0;0;0;0;0;0;0;0;0;0;0;0;0;0;0;0
FR;11;2022-09-16;0;0;0;0;0;0;0;0;0;0;0;0;0;0;0;0;0;0
FR;11;2022-09-17;0;0;0;0;0;0;0;0;0;0;0;0;0;0;0;0;0;0
FR;11;2022-09-18;0;0;0;0;0;0;0;0;0;0;0;0;0;0;0;0;0;0
FR;11;2022-09-19;0;0;0;0;0;0;0;0;0;0;0;0;0;0;0;0;0;0
FR;11;2022-09-20;0;0;0;0;0;0;0;0;0;0;0;0;0;0;0;0;0;0
FR;11;2022-09-21;0;0;0;0;0;0;0;0;0;0;0;0;0;0;0;0;0;0
FR;11;2022-09-22;0;0;0;0;0;0;0;0;0;0;0;0;0;0;0;0;0;0
FR;11;2022-09-23;0;0;0;0;0;0;0;0;0;0;0;0;0;0;0;0;0;0
FR;11;2022-09-24;0;0;0;0;0;0;0;0;0;0;0;0;0;0;0;0;0;0
FR;11;2022-09-25;0;0;0;0;0;0;0;0;0;0;0;0;0;0;0;0;0;0
FR;11;2022-09-26;0;0;0;0;0;0;0;0;0;0;0;0;0;0;0;0;0;0
FR;11;2022-09-27;0;0;0;0;0;0;0;0;0;0;0;0;0;0;0;0;0;0
FR;11;2022-09-28;0;0;0;0;0;0;0;0;0;0;0;0;0;0;0;0;0;0
FR;11;2022-09-29;0;0;0;0;0;0;0;0;0;0;0;0;0;0;0;0;0;0
FR;11;2022-09-30;0;0;0;0;0;0;0;0;0;0;0;0;0;0;0;0;0;0
FR;11;2022-10-01;0;0;0;0;0;0;0;0;0;0;0;0;0;0;0;0;0;0
FR;11;2022-10-02;0;0;0;0;0;0;0;0;0;0;0;0;0;0;0;0;0;0
FR;11;2022-10-03;0;0;0;0;0;0;0;0;0;0;0;0;0;0;0;0;0;0
FR;11;2022-10-04;0;0;0;0;0;0;0;0;0;0;0;0;0;0;0;0;0;0
FR;11;2022-10-05;0;0;0;0;0;0;0;0;0;0;0;0;0;0;0;0;0;0
FR;11;2022-10-06;0;0;0;0;0;0;0;0;0;0;0;0;0;0;0;0;0;0
FR;11;2022-10-07;0;0;0;0;0;0;0;0;0;0;0;0;0;0;0;0;0;0
FR;11;2022-10-08;0;0;0;0;0;0;0;0;0;0;0;0;0;0;0;0;0;0
FR;11;2022-10-09;0;0;0;0;0;0;0;0;0;0;0;0;0;0;0;0;0;0
FR;11;2022-10-10;0;0;0;0;0;0;0;0;0;0;0;0;0;0;0;0;0;0
FR;11;2022-10-11;0;0;0;0;0;0;0;0;0;0;0;0;0;0;0;0;0;0
FR;11;2022-10-12;0;0;0;0;0;0;0;0;0;0;0;0;0;0;0;0;0;0
FR;11;2022-10-13;0;0;0;0;0;0;0;0;0;0;0;0;0;0;0;0;0;0
FR;11;2022-10-14;0;0;0;0;0;0;0;0;0;0;0;0;0;0;0;0;0;0
FR;11;2022-10-15;0;0;0;0;0;0;0;0;0;0;0;0;0;0;0;0;0;0
FR;11;2022-10-16;0;0;0;0;0;0;0;0;0;0;0;0;0;0;0;0;0;0
FR;11;2022-10-17;0;0;0;0;0;0;0;0;0;0;0;0;0;0;0;0;0;0
FR;11;2022-10-18;0;0;0;0;0;0;0;0;0;0;0;0;0;0;0;0;0;0
FR;11;2022-10-19;0;0;0;0;0;0;0;0;0;0;0;0;0;0;0;0;0;0
FR;11;2022-10-20;0;0;0;0;0;0;0;0;0;0;0;0;0;0;0;0;0;0
FR;11;2022-10-21;0;0;0;0;0;0;0;0;0;0;0;0;0;0;0;0;0;0
FR;11;2022-10-22;0;0;0;0;0;0;0;0;0;0;0;0;0;0;0;0;0;0
FR;11;2022-10-23;0;0;0;0;0;0;0;0;0;0;0;0;0;0;0;0;0;0
FR;11;2022-10-24;0;0;0;0;0;0;0;0;0;0;0;0;0;0;0;0;0;0
FR;11;2022-10-25;0;0;0;0;0;0;0;0;0;0;0;0;0;0;0;0;0;0
FR;11;2022-10-26;0;0;0;0;0;0;0;0;0;0;0;0;0;0;0;0;0;0
FR;11;2022-10-27;0;0;0;0;0;0;0;0;0;0;0;0;0;0;0;0;0;0
FR;11;2022-10-28;0;0;0;0;0;0;0;0;0;0;0;0;0;0;0;0;0;0
FR;11;2022-10-29;0;0;0;0;0;0;0;0;0;0;0;0;0;0;0;0;0;0
FR;11;2022-10-30;0;0;0;0;0;0;0;0;0;0;0;0;0;0;0;0;0;0
FR;11;2022-10-31;0;0;0;0;0;0;0;0;0;0;0;0;0;0;0;0;0;0
FR;11;2022-11-01;0;0;0;0;0;0;0;0;0;0;0;0;0;0;0;0;0;0
FR;11;2022-11-02;0;0;0;0;0;0;0;0;0;0;0;0;0;0;0;0;0;0
FR;11;2022-11-03;0;0;0;0;0;0;0;0;0;0;0;0;0;0;0;0;0;0
FR;11;2022-11-04;0;0;0;0;0;0;0;0;0;0;0;0;0;0;0;0;0;0
FR;11;2022-11-05;0;0;0;0;0;0;0;0;0;0;0;0;0;0;0;0;0;0
FR;11;2022-11-06;0;0;0;0;0;0;0;0;0;0;0;0;0;0;0;0;0;0
FR;11;2022-11-07;0;0;0;0;0;0;0;0;0;0;0;0;0;0;0;0;0;0
FR;11;2022-11-08;0;0;0;0;0;0;0;0;0;0;0;0;0;0;0;0;0;0
FR;11;2022-11-09;0;0;0;0;0;0;0;0;0;0;0;0;0;0;0;0;0;0
FR;11;2022-11-10;0;0;0;0;0;0;0;0;0;0;0;0;0;0;0;0;0;0
FR;11;2022-11-11;0;0;0;0;0;0;0;0;0;0;0;0;0;0;0;0;0;0
FR;11;2022-11-12;0;0;0;0;0;0;0;0;0;0;0;0;0;0;0;0;0;0
FR;11;2022-11-13;0;0;0;0;0;0;0;0;0;0;0;0;0;0;0;0;0;0
FR;11;2022-11-14;0;0;0;0;0;0;0;0;0;0;0;0;0;0;0;0;0;0
FR;11;2022-11-15;0;0;0;0;0;0;0;0;0;0;0;0;0;0;0;0;0;0
FR;11;2022-11-16;0;0;0;0;0;0;0;0;0;0;0;0;0;0;0;0;0;0
FR;11;2022-11-17;0;0;0;0;0;0;0;0;0;0;0;0;0;0;0;0;0;0
FR;11;2022-11-18;0;0;0;0;0;0;0;0;0;0;0;0;0;0;0;0;0;0
FR;11;2022-11-19;0;0;0;0;0;0;0;0;0;0;0;0;0;0;0;0;0;0
FR;11;2022-11-20;0;0;0;0;0;0;0;0;0;0;0;0;0;0;0;0;0;0
FR;11;2022-11-21;0;0;0;0;0;0;0;0;0;0;0;0;0;0;0;0;0;0
FR;11;2022-11-22;0;0;0;0;0;0;0;0;0;0;0;0;0;0;0;0;0;0
FR;11;2022-11-23;0;0;0;0;0;0;0;0;0;0;0;0;0;0;0;0;0;0
FR;11;2022-11-24;0;0;0;0;0;0;0;0;0;0;0;0;0;0;0;0;0;0
FR;11;2022-11-25;0;0;0;0;0;0;0;0;0;0;0;0;0;0;0;0;0;0
FR;11;2022-11-26;0;0;0;0;0;0;0;0;0;0;0;0;0;0;0;0;0;0
FR;11;2022-11-27;0;0;0;0;0;0;0;0;0;0;0;0;0;0;0;0;0;0
FR;11;2022-11-28;0;0;0;0;0;0;0;0;0;0;0;0;0;0;0;0;0;0
FR;11;2022-11-29;0;0;0;0;0;0;0;0;0;0;0;0;0;0;0;0;0;0
FR;11;2022-11-30;0;0;0;0;0;0;0;0;0;0;0;0;0;0;0;0;0;0
FR;11;2022-12-01;0;0;0;0;0;0;0;0;0;0;0;0;0;0;0;0;0;0
FR;11;2022-12-02;0;0;0;0;0;0;0;0;0;0;0;0;0;0;0;0;0;0
FR;11;2022-12-03;0;0;0;0;0;0;0;0;0;0;0;0;0;0;0;0;0;0
FR;11;2022-12-04;0;0;0;0;0;0;0;0;0;0;0;0;0;0;0;0;0;0
FR;11;2022-12-05;0;0;0;0;0;0;0;0;0;0;0;0;0;0;0;0;0;0
FR;11;2022-12-06;0;0;0;0;0;0;0;0;0;0;0;0;0;0;0;0;0;0
FR;11;2022-12-07;0;0;0;0;0;0;0;0;0;0;0;0;0;0;0;0;0;0
FR;11;2022-12-08;0;0;0;0;0;0;0;0;0;0;0;0;0;0;0;0;0;0
FR;11;2022-12-09;0;0;0;0;0;0;0;0;0;0;0;0;0;0;0;0;0;0
FR;11;2022-12-10;0;0;0;0;0;0;0;0;0;0;0;0;0;0;0;0;0;0
FR;11;2022-12-11;0;0;0;0;0;0;0;0;0;0;0;0;0;0;0;0;0;0
FR;11;2022-12-12;0;0;0;0;0;0;0;0;0;0;0;0;0;0;0;0;0;0
FR;11;2022-12-13;0;0;0;0;0;0;0;0;0;0;0;0;0;0;0;0;0;0
FR;11;2022-12-14;0;0;0;0;0;0;0;0;0;0;0;0;0;0;0;0;0;0
FR;11;2022-12-15;0;0;0;0;0;0;0;0;0;0;0;0;0;0;0;0;0;0
FR;11;2022-12-16;0;0;0;0;0;0;0;0;0;0;0;0;0;0;0;0;0;0
FR;11;2022-12-17;0;0;0;0;0;0;0;0;0;0;0;0;0;0;0;0;0;0
FR;11;2022-12-18;0;0;0;0;0;0;0;0;0;0;0;0;0;0;0;0;0;0
FR;11;2022-12-19;0;0;0;0;0;0;0;0;0;0;0;0;0;0;0;0;0;0
FR;11;2022-12-20;0;0;0;0;0;0;0;0;0;0;0;0;0;0;0;0;0;0
FR;11;2022-12-21;0;0;0;0;0;0;0;0;0;0;0;0;0;0;0;0;0;0
FR;11;2022-12-22;0;0;0;0;0;0;0;0;0;0;0;0;0;0;0;0;0;0
FR;11;2022-12-23;0;0;0;0;0;0;0;0;0;0;0;0;0;0;0;0;0;0
FR;11;2022-12-24;0;0;0;0;0;0;0;0;0;0;0;0;0;0;0;0;0;0
FR;11;2022-12-25;0;0;0;0;0;0;0;0;0;0;0;0;0;0;0;0;0;0
FR;11;2022-12-26;0;0;0;0;0;0;0;0;0;0;0;0;0;0;0;0;0;0
FR;11;2022-12-27;0;0;0;0;0;0;0;0;0;0;0;0;0;0;0;0;0;0
FR;11;2022-12-28;0;0;0;0;0;0;0;0;0;0;0;0;0;0;0;0;0;0
FR;11;2022-12-29;0;0;0;0;0;0;0;0;0;0;0;0;0;0;0;0;0;0
FR;11;2022-12-30;0;0;0;0;0;0;0;0;0;0;0;0;0;0;0;0;0;0
FR;11;2022-12-31;0;0;0;0;0;0;0;0;0;0;0;0;0;0;0;0;0;0
FR;11;2023-01-01;0;0;0;0;0;0;0;0;0;0;0;0;0;0;0;0;0;0
FR;11;2023-01-02;0;0;0;0;0;0;0;0;0;0;0;0;0;0;0;0;0;0
FR;11;2023-01-03;0;0;0;0;0;0;0;0;0;0;0;0;0;0;0;0;0;0
FR;11;2023-01-04;0;0;0;0;0;0;0;0;0;0;0;0;0;0;0;0;0;0
FR;11;2023-01-05;0;0;0;0;0;0;0;0;0;0;0;0;0;0;0;0;0;0
FR;11;2023-01-06;0;0;0;0;0;0;0;0;0;0;0;0;0;0;0;0;0;0
FR;11;2023-01-07;0;0;0;0;0;0;0;0;0;0;0;0;0;0;0;0;0;0
FR;11;2023-01-08;0;0;0;0;0;0;0;0;0;0;0;0;0;0;0;0;0;0
FR;11;2023-01-09;0;0;0;0;0;0;0;0;0;0;0;0;0;0;0;0;0;0
FR;11;2023-01-10;0;0;0;0;0;0;0;0;0;0;0;0;0;0;0;0;0;0
FR;11;2023-01-11;0;0;0;0;0;0;0;0;0;0;0;0;0;0;0;0;0;0
FR;11;2023-01-12;0;0;0;0;0;0;0;0;0;0;0;0;0;0;0;0;0;0
FR;11;2023-01-13;0;0;0;0;0;0;0;0;0;0;0;0;0;0;0;0;0;0
FR;11;2023-01-14;0;0;0;0;0;0;0;0;0;0;0;0;0;0;0;0;0;0
FR;11;2023-01-15;0;0;0;0;0;0;0;0;0;0;0;0;0;0;0;0;0;0
FR;11;2023-01-16;0;0;0;0;0;0;0;0;0;0;0;0;0;0;0;0;0;0
FR;11;2023-01-17;0;0;0;0;0;0;0;0;0;0;0;0;0;0;0;0;0;0
FR;11;2023-01-18;0;0;0;0;0;0;0;0;0;0;0;0;0;0;0;0;0;0
FR;11;2023-01-19;0;0;0;0;0;0;0;0;0;0;0;0;0;0;0;0;0;0
FR;11;2023-01-20;0;0;0;0;0;0;0;0;0;0;0;0;0;0;0;0;0;0
FR;11;2023-01-21;0;0;0;0;0;0;0;0;0;0;0;0;0;0;0;0;0;0
FR;11;2023-01-22;0;0;0;0;0;0;0;0;0;0;0;0;0;0;0;0;0;0
FR;11;2023-01-23;0;0;0;0;0;0;0;0;0;0;0;0;0;0;0;0;0;0
FR;11;2023-01-24;0;0;0;0;0;0;0;0;0;0;0;0;0;0;0;0;0;0
FR;11;2023-01-25;0;0;0;0;0;0;0;0;0;0;0;0;0;0;0;0;0;0
FR;11;2023-01-26;0;0;0;0;0;0;0;0;0;0;0;0;0;0;0;0;0;0
FR;11;2023-01-27;0;0;0;0;0;0;0;0;0;0;0;0;0;0;0;0;0;0
FR;11;2023-01-28;0;0;0;0;0;0;0;0;0;0;0;0;0;0;0;0;0;0
FR;11;2023-01-29;0;0;0;0;0;0;0;0;0;0;0;0;0;0;0;0;0;0
FR;11;2023-01-30;0;0;0;0;0;0;0;0;0;0;0;0;0;0;0;0;0;0
FR;11;2023-01-31;0;0;0;0;0;0;0;0;0;0;0;0;0;0;0;0;0;0
FR;11;2023-02-01;0;0;0;0;0;0;0;0;0;0;0;0;0;0;0;0;0;0
FR;11;2023-02-02;0;0;0;0;0;0;0;0;0;0;0;0;0;0;0;0;0;0
FR;11;2023-02-03;0;0;0;0;0;0;0;0;0;0;0;0;0;0;0;0;0;0
FR;11;2023-02-04;0;0;0;0;0;0;0;0;0;0;0;0;0;0;0;0;0;0
FR;11;2023-02-05;0;0;0;0;0;0;0;0;0;0;0;0;0;0;0;0;0;0
FR;11;2023-02-06;1;0;0;0;0;0;0;0;0;1;0;0;0;0;0;0;0;0
FR;11;2023-02-07;0;0;0;0;0;0;0;0;0;1;0;0;0;0;0;0;0;0
FR;11;2023-02-08;2;0;0;0;0;0;0;0;0;3;0;0;0;0;0;0;0;0
FR;11;2023-02-09;2;0;0;0;0;0;0;0;0;5;0;0;0;0;0;0;0;0
FR;11;2023-02-10;0;0;0;0;0;0;0;0;0;5;0;0;0;0;0;0;0;0
FR;11;2023-02-11;0;0;0;0;0;0;0;0;0;5;0;0;0;0;0;0;0;0
FR;11;2023-02-12;0;0;0;0;0;0;0;0;0;5;0;0;0;0;0;0;0;0
FR;11;2023-02-13;2;0;0;0;0;0;0;0;0;7;0;0;0;0;0;0;0;0
FR;11;2023-02-14;0;0;0;0;0;0;0;0;0;7;0;0;0;0;0;0;0;0
FR;11;2023-02-15;2;0;0;0;0;0;0;0;0;9;0;0;0;0;0;0;0;0
FR;11;2023-02-16;0;0;0;0;0;0;0;0;0;9;0;0;0;0;0;0;0;0
FR;11;2023-02-17;0;0;0;0;0;0;0;0;0;9;0;0;0;0;0;0;0;0
FR;11;2023-02-18;0;0;0;0;0;0;0;0;0;9;0;0;0;0;0;0;0;0
FR;11;2023-02-19;0;0;0;0;0;0;0;0;0;9;0;0;0;0;0;0;0;0
FR;11;2023-02-20;0;0;0;0;0;0;0;0;0;9;0;0;0;0;0;0;0;0
FR;11;2023-02-21;1;0;0;0;0;0;0;0;0;10;0;0;0;0;0;0;0;0
FR;11;2023-02-22;0;0;0;0;0;0;0;0;0;10;0;0;0;0;0;0;0;0
FR;11;2023-02-23;0;0;0;0;0;0;0;0;0;10;0;0;0;0;0;0;0;0
FR;11;2023-02-24;0;0;0;0;0;0;0;0;0;10;0;0;0;0;0;0;0;0
FR;11;2023-02-25;0;0;0;0;0;0;0;0;0;10;0;0;0;0;0;0;0;0
FR;11;2023-02-26;0;0;2;0;0;2;0;0;0;10;0;2;0;0;2;0;0;0
FR;11;2023-02-27;0;0;0;0;0;0;0;0;0;10;0;2;0;0;2;0;0;0
FR;11;2023-02-28;1;1;0;0;1;0;0;0;0;11;1;2;0;1;2;0;0;0
FR;11;2023-03-01;0;1;0;0;1;0;0;0;0;11;2;2;0;2;2;0;0;0
FR;11;2023-03-02;0;0;0;0;0;0;0;0;0;11;2;2;0;2;2;0;0;0
FR;11;2023-03-03;0;0;0;0;0;0;0;0;0;11;2;2;0;2;2;0;0;0
FR;11;2023-03-04;2;1;0;0;1;0;0;0;0;13;3;2;0;3;2;0;0;0
FR;11;2023-03-05;0;0;0;0;0;0;0;0;0;13;3;2;0;3;2;0;0;0
FR;11;2023-03-06;4;0;1;0;1;1;0;0;0;17;3;3;0;4;3;0;0;0
FR;11;2023-03-07;0;1;0;0;1;0;0;0;0;17;4;3;0;5;3;0;0;0
FR;11;2023-03-08;1;1;0;0;1;0;0;0;0;18;5;3;0;6;3;0;0;0
FR;11;2023-03-09;0;0;0;0;0;0;0;0;0;18;5;3;0;6;3;0;0;0
FR;11;2023-03-10;0;0;0;0;0;0;0;0;0;18;5;3;0;6;3;0;0;0
FR;11;2023-03-11;2;0;0;0;0;0;0;0;0;20;5;3;0;6;3;0;0;0
FR;11;2023-03-12;0;1;0;0;1;0;0;0;0;20;6;3;0;7;3;0;0;0
FR;11;2023-03-13;0;0;0;0;0;0;0;0;0;20;6;3;0;7;3;0;0;0
FR;11;2023-03-14;0;0;0;0;0;0;0;0;0;20;6;3;0;7;3;0;0;0
FR;11;2023-03-15;0;1;0;0;1;0;0;0;0;20;7;3;0;8;3;0;0;0
FR;11;2023-03-16;0;0;0;0;0;0;0;0;0;20;7;3;0;8;3;0;0;0
FR;11;2023-03-17;0;0;0;0;0;0;0;0;0;20;7;3;0;8;3;0;0;0
FR;11;2023-03-18;1;0;0;0;0;0;0;0;0;21;7;3;0;8;3;0;0;0
FR;11;2023-03-19;0;0;0;0;0;0;0;0;0;21;7;3;0;8;3;0;0;0
FR;11;2023-03-20;0;0;0;0;0;0;0;0;0;21;7;3;0;8;3;0;0;0
FR;11;2023-03-21;1;0;0;0;0;0;0;0;0;22;7;3;0;8;3;0;0;0
FR;11;2023-03-22;2;0;0;0;0;0;0;0;0;24;7;3;0;8;3;0;0;0
FR;11;2023-03-23;0;0;0;1;0;0;1;0;0;24;7;3;1;8;3;1;0;0
FR;11;2023-03-24;0;0;0;0;0;0;0;0;0;24;7;3;1;8;3;1;0;0
FR;11;2023-03-25;1;1;0;0;1;0;0;0;0;25;8;3;1;9;3;1;0;0
FR;11;2023-03-26;0;0;0;0;0;0;0;0;0;25;8;3;1;9;3;1;0;0
FR;11;2023-03-27;0;1;0;0;0;1;0;0;0;25;9;3;1;9;4;1;0;0
FR;11;2023-03-28;0;0;0;0;0;0;0;0;0;25;9;3;1;9;4;1;0;0
FR;11;2023-03-29;0;1;0;0;1;0;0;0;0;25;10;3;1;10;4;1;0;0
FR;11;2023-03-30;1;1;0;0;1;0;0;0;0;26;11;3;1;11;4;1;0;0
FR;11;2023-03-31;0;0;0;0;0;0;0;0;0;26;11;3;1;11;4;1;0;0
FR;11;2023-04-01;0;2;0;0;2;0;0;0;0;26;13;3;1;13;4;1;0;0
FR;11;2023-04-02;0;0;0;0;0;0;0;0;0;26;13;3;1;13;4;1;0;0
FR;11;2023-04-03;0;3;0;0;3;0;0;0;0;26;16;3;1;16;4;1;0;0
FR;11;2023-04-04;0;0;0;0;0;0;0;0;0;26;16;3;1;16;4;1;0;0
FR;11;2023-04-05;0;0;0;0;0;0;0;0;0;26;16;3;1;16;4;1;0;0
FR;11;2023-04-06;0;0;0;0;0;0;0;0;0;26;16;3;1;16;4;1;0;0
FR;11;2023-04-07;0;1;0;0;1;0;0;0;0;26;17;3;1;17;4;1;0;0
FR;11;2023-04-08;0;0;0;0;0;0;0;0;0;26;17;3;1;17;4;1;0;0
FR;11;2023-04-09;0;0;0;0;0;0;0;0;0;26;17;3;1;17;4;1;0;0
FR;11;2023-04-10;0;0;0;0;0;0;0;0;0;26;17;3;1;17;4;1;0;0
FR;11;2023-04-11;0;1;0;0;1;0;0;0;0;26;18;3;1;18;4;1;0;0
FR;11;2023-04-12;1;1;0;0;1;0;0;0;0;27;19;3;1;19;4;1;0;0
FR;11;2023-04-13;0;0;0;0;0;0;0;0;0;27;19;3;1;19;4;1;0;0
FR;11;2023-04-14;0;0;0;0;0;0;0;0;0;27;19;3;1;19;4;1;0;0
FR;11;2023-04-15;0;1;0;0;1;0;0;0;0;27;20;3;1;20;4;1;0;0
FR;11;2023-04-16;0;0;0;0;0;0;0;0;0;27;20;3;1;20;4;1;0;0
FR;11;2023-04-17;0;1;0;0;1;0;0;0;0;27;21;3;1;21;4;1;0;0
FR;11;2023-04-18;0;0;0;0;0;0;0;0;0;27;21;3;1;21;4;1;0;0
FR;11;2023-04-19;1;0;0;0;0;0;0;0;0;28;21;3;1;21;4;1;0;0
FR;11;2023-04-20;0;1;0;0;1;0;0;0;0;28;22;3;1;22;4;1;0;0
FR;11;2023-04-21;2;0;0;0;0;0;0;0;0;30;22;3;1;22;4;1;0;0
FR;11;2023-04-22;0;2;0;0;2;0;0;0;0;30;24;3;1;24;4;1;0;0
FR;11;2023-04-23;0;0;0;0;0;0;0;0;0;30;24;3;1;24;4;1;0;0
FR;11;2023-04-24;0;0;1;0;0;1;0;0;0;30;24;4;1;24;5;1;0;0
FR;11;2023-04-25;0;0;0;0;0;0;0;0;0;30;24;4;1;24;5;1;0;0
FR;11;2023-04-26;0;0;0;0;0;0;0;0;0;30;24;4;1;24;5;1;0;0
FR;11;2023-04-27;0;0;0;0;0;0;0;0;0;30;24;4;1;24;5;1;0;0
FR;11;2023-04-28;0;0;0;0;0;0;0;0;0;30;24;4;1;24;5;1;0;0
FR;11;2023-04-29;0;0;0;0;0;0;0;0;0;30;24;4;1;24;5;1;0;0
FR;11;2023-04-30;0;0;0;0;0;0;0;0;0;30;24;4;1;24;5;1;0;0
FR;11;2023-05-01;0;0;0;0;0;0;0;0;0;30;24;4;1;24;5;1;0;0
FR;11;2023-05-02;0;0;0;0;0;0;0;0;0;30;24;4;1;24;5;1;0;0
FR;11;2023-05-03;0;0;2;0;0;2;0;0;0;30;24;6;1;24;7;1;0;0
FR;11;2023-05-04;0;0;0;0;0;0;0;0;0;30;24;6;1;24;7;1;0;0
FR;11;2023-05-05;0;0;0;0;0;0;0;0;0;30;24;6;1;24;7;1;0;0
FR;11;2023-05-06;0;0;0;0;0;0;0;0;0;30;24;6;1;24;7;1;0;0
FR;11;2023-05-07;0;0;0;0;0;0;0;0;0;30;24;6;1;24;7;1;0;0
FR;11;2023-05-08;0;0;0;0;0;0;0;0;0;30;24;6;1;24;7;1;0;0
FR;11;2023-05-09;0;0;0;0;0;0;0;0;0;30;24;6;1;24;7;1;0;0
FR;11;2023-05-10;2;2;0;0;2;0;0;0;0;32;26;6;1;26;7;1;0;0
FR;11;2023-05-11;0;0;0;0;0;0;0;0;0;32;26;6;1;26;7;1;0;0
FR;11;2023-05-12;0;0;0;0;0;0;0;0;0;32;26;6;1;26;7;1;0;0
FR;11;2023-05-13;0;0;0;0;0;0;0;0;0;32;26;6;1;26;7;1;0;0
FR;11;2023-05-14;0;0;0;0;0;0;0;0;0;32;26;6;1;26;7;1;0;0
FR;11;2023-05-15;0;0;0;0;0;0;0;0;0;32;26;6;1;26;7;1;0;0
FR;11;2023-05-16;0;0;0;0;0;0;0;0;0;32;26;6;1;26;7;1;0;0
FR;12;2020-12-27;0;0;0;0;0;0;0;0;0;0;0;0;0;0;0;0;0;0
FR;12;2020-12-28;0;0;0;0;0;0;0;0;0;0;0;0;0;0;0;0;0;0
FR;12;2020-12-29;0;0;0;0;0;0;0;0;0;0;0;0;0;0;0;0;0;0
FR;12;2020-12-30;0;0;0;0;0;0;0;0;0;0;0;0;0;0;0;0;0;0
FR;12;2020-12-31;0;0;0;0;0;0;0;0;0;0;0;0;0;0;0;0;0;0
FR;12;2021-01-01;0;0;0;0;0;0;0;0;0;0;0;0;0;0;0;0;0;0
FR;12;2021-01-02;0;0;0;0;0;0;0;0;0;0;0;0;0;0;0;0;0;0
FR;12;2021-01-03;0;0;0;0;0;0;0;0;0;0;0;0;0;0;0;0;0;0
FR;12;2021-01-04;0;0;0;0;0;0;0;0;0;0;0;0;0;0;0;0;0;0
FR;12;2021-01-05;0;0;0;0;0;0;0;0;0;0;0;0;0;0;0;0;0;0
FR;12;2021-01-06;0;0;0;0;0;0;0;0;0;0;0;0;0;0;0;0;0;0
FR;12;2021-01-07;0;0;0;0;0;0;0;0;0;0;0;0;0;0;0;0;0;0
FR;12;2021-01-08;0;0;0;0;0;0;0;0;0;0;0;0;0;0;0;0;0;0
FR;12;2021-01-09;0;0;0;0;0;0;0;0;0;0;0;0;0;0;0;0;0;0
FR;12;2021-01-10;0;0;0;0;0;0;0;0;0;0;0;0;0;0;0;0;0;0
FR;12;2021-01-11;0;0;0;0;0;0;0;0;0;0;0;0;0;0;0;0;0;0
FR;12;2021-01-12;0;0;0;0;0;0;0;0;0;0;0;0;0;0;0;0;0;0
FR;12;2021-01-13;0;0;0;0;0;0;0;0;0;0;0;0;0;0;0;0;0;0
FR;12;2021-01-14;0;0;0;0;0;0;0;0;0;0;0;0;0;0;0;0;0;0
FR;12;2021-01-15;0;0;0;0;0;0;0;0;0;0;0;0;0;0;0;0;0;0
FR;12;2021-01-16;0;0;0;0;0;0;0;0;0;0;0;0;0;0;0;0;0;0
FR;12;2021-01-17;0;0;0;0;0;0;0;0;0;0;0;0;0;0;0;0;0;0
FR;12;2021-01-18;0;0;0;0;0;0;0;0;0;0;0;0;0;0;0;0;0;0
FR;12;2021-01-19;0;0;0;0;0;0;0;0;0;0;0;0;0;0;0;0;0;0
FR;12;2021-01-20;0;0;0;0;0;0;0;0;0;0;0;0;0;0;0;0;0;0
FR;12;2021-01-21;0;0;0;0;0;0;0;0;0;0;0;0;0;0;0;0;0;0
FR;12;2021-01-22;0;0;0;0;0;0;0;0;0;0;0;0;0;0;0;0;0;0
FR;12;2021-01-23;0;0;0;0;0;0;0;0;0;0;0;0;0;0;0;0;0;0
FR;12;2021-01-24;0;0;0;0;0;0;0;0;0;0;0;0;0;0;0;0;0;0
FR;12;2021-01-25;0;0;0;0;0;0;0;0;0;0;0;0;0;0;0;0;0;0
FR;12;2021-01-26;0;0;0;0;0;0;0;0;0;0;0;0;0;0;0;0;0;0
FR;12;2021-01-27;0;0;0;0;0;0;0;0;0;0;0;0;0;0;0;0;0;0
FR;12;2021-01-28;0;0;0;0;0;0;0;0;0;0;0;0;0;0;0;0;0;0
FR;12;2021-01-29;0;0;0;0;0;0;0;0;0;0;0;0;0;0;0;0;0;0
FR;12;2021-01-30;0;0;0;0;0;0;0;0;0;0;0;0;0;0;0;0;0;0
FR;12;2021-01-31;0;0;0;0;0;0;0;0;0;0;0;0;0;0;0;0;0;0
FR;12;2021-02-01;0;0;0;0;0;0;0;0;0;0;0;0;0;0;0;0;0;0
FR;12;2021-02-02;0;0;0;0;0;0;0;0;0;0;0;0;0;0;0;0;0;0
FR;12;2021-02-03;0;0;0;0;0;0;0;0;0;0;0;0;0;0;0;0;0;0
FR;12;2021-02-04;0;0;0;0;0;0;0;0;0;0;0;0;0;0;0;0;0;0
FR;12;2021-02-05;0;0;0;0;0;0;0;0;0;0;0;0;0;0;0;0;0;0
FR;12;2021-02-06;0;0;0;0;0;0;0;0;0;0;0;0;0;0;0;0;0;0
FR;12;2021-02-07;0;0;0;0;0;0;0;0;0;0;0;0;0;0;0;0;0;0
FR;12;2021-02-08;0;0;0;0;0;0;0;0;0;0;0;0;0;0;0;0;0;0
FR;12;2021-02-09;0;0;0;0;0;0;0;0;0;0;0;0;0;0;0;0;0;0
FR;12;2021-02-10;0;0;0;0;0;0;0;0;0;0;0;0;0;0;0;0;0;0
FR;12;2021-02-11;0;0;0;0;0;0;0;0;0;0;0;0;0;0;0;0;0;0
FR;12;2021-02-12;0;0;0;0;0;0;0;0;0;0;0;0;0;0;0;0;0;0
FR;12;2021-02-13;0;0;0;0;0;0;0;0;0;0;0;0;0;0;0;0;0;0
FR;12;2021-02-14;0;0;0;0;0;0;0;0;0;0;0;0;0;0;0;0;0;0
FR;12;2021-02-15;0;0;0;0;0;0;0;0;0;0;0;0;0;0;0;0;0;0
FR;12;2021-02-16;0;0;0;0;0;0;0;0;0;0;0;0;0;0;0;0;0;0
FR;12;2021-02-17;0;0;0;0;0;0;0;0;0;0;0;0;0;0;0;0;0;0
FR;12;2021-02-18;0;0;0;0;0;0;0;0;0;0;0;0;0;0;0;0;0;0
FR;12;2021-02-19;0;0;0;0;0;0;0;0;0;0;0;0;0;0;0;0;0;0
FR;12;2021-02-20;0;0;0;0;0;0;0;0;0;0;0;0;0;0;0;0;0;0
FR;12;2021-02-21;0;0;0;0;0;0;0;0;0;0;0;0;0;0;0;0;0;0
FR;12;2021-02-22;0;0;0;0;0;0;0;0;0;0;0;0;0;0;0;0;0;0
FR;12;2021-02-23;0;0;0;0;0;0;0;0;0;0;0;0;0;0;0;0;0;0
FR;12;2021-02-24;0;0;0;0;0;0;0;0;0;0;0;0;0;0;0;0;0;0
FR;12;2021-02-25;0;0;0;0;0;0;0;0;0;0;0;0;0;0;0;0;0;0
FR;12;2021-02-26;0;0;0;0;0;0;0;0;0;0;0;0;0;0;0;0;0;0
FR;12;2021-02-27;0;0;0;0;0;0;0;0;0;0;0;0;0;0;0;0;0;0
FR;12;2021-02-28;0;0;0;0;0;0;0;0;0;0;0;0;0;0;0;0;0;0
FR;12;2021-03-01;0;0;0;0;0;0;0;0;0;0;0;0;0;0;0;0;0;0
FR;12;2021-03-02;0;0;0;0;0;0;0;0;0;0;0;0;0;0;0;0;0;0
FR;12;2021-03-03;0;0;0;0;0;0;0;0;0;0;0;0;0;0;0;0;0;0
FR;12;2021-03-04;0;0;0;0;0;0;0;0;0;0;0;0;0;0;0;0;0;0
FR;12;2021-03-05;0;0;0;0;0;0;0;0;0;0;0;0;0;0;0;0;0;0
FR;12;2021-03-06;0;0;0;0;0;0;0;0;0;0;0;0;0;0;0;0;0;0
FR;12;2021-03-07;0;0;0;0;0;0;0;0;0;0;0;0;0;0;0;0;0;0
FR;12;2021-03-08;0;0;0;0;0;0;0;0;0;0;0;0;0;0;0;0;0;0
FR;12;2021-03-09;0;0;0;0;0;0;0;0;0;0;0;0;0;0;0;0;0;0
FR;12;2021-03-10;0;0;0;0;0;0;0;0;0;0;0;0;0;0;0;0;0;0
FR;12;2021-03-11;0;0;0;0;0;0;0;0;0;0;0;0;0;0;0;0;0;0
FR;12;2021-03-12;0;0;0;0;0;0;0;0;0;0;0;0;0;0;0;0;0;0
FR;12;2021-03-13;0;0;0;0;0;0;0;0;0;0;0;0;0;0;0;0;0;0
FR;12;2021-03-14;0;0;0;0;0;0;0;0;0;0;0;0;0;0;0;0;0;0
FR;12;2021-03-15;0;0;0;0;0;0;0;0;0;0;0;0;0;0;0;0;0;0
FR;12;2021-03-16;0;0;0;0;0;0;0;0;0;0;0;0;0;0;0;0;0;0
FR;12;2021-03-17;0;0;0;0;0;0;0;0;0;0;0;0;0;0;0;0;0;0
FR;12;2021-03-18;0;0;0;0;0;0;0;0;0;0;0;0;0;0;0;0;0;0
FR;12;2021-03-19;0;0;0;0;0;0;0;0;0;0;0;0;0;0;0;0;0;0
FR;12;2021-03-20;0;0;0;0;0;0;0;0;0;0;0;0;0;0;0;0;0;0
FR;12;2021-03-21;0;0;0;0;0;0;0;0;0;0;0;0;0;0;0;0;0;0
FR;12;2021-03-22;0;0;0;0;0;0;0;0;0;0;0;0;0;0;0;0;0;0
FR;12;2021-03-23;0;0;0;0;0;0;0;0;0;0;0;0;0;0;0;0;0;0
FR;12;2021-03-24;0;0;0;0;0;0;0;0;0;0;0;0;0;0;0;0;0;0
FR;12;2021-03-25;0;0;0;0;0;0;0;0;0;0;0;0;0;0;0;0;0;0
FR;12;2021-03-26;0;0;0;0;0;0;0;0;0;0;0;0;0;0;0;0;0;0
FR;12;2021-03-27;0;0;0;0;0;0;0;0;0;0;0;0;0;0;0;0;0;0
FR;12;2021-03-28;0;0;0;0;0;0;0;0;0;0;0;0;0;0;0;0;0;0
FR;12;2021-03-29;0;0;0;0;0;0;0;0;0;0;0;0;0;0;0;0;0;0
FR;12;2021-03-30;0;0;0;0;0;0;0;0;0;0;0;0;0;0;0;0;0;0
FR;12;2021-03-31;0;0;0;0;0;0;0;0;0;0;0;0;0;0;0;0;0;0
FR;12;2021-04-01;0;0;0;0;0;0;0;0;0;0;0;0;0;0;0;0;0;0
FR;12;2021-04-02;0;0;0;0;0;0;0;0;0;0;0;0;0;0;0;0;0;0
FR;12;2021-04-03;0;0;0;0;0;0;0;0;0;0;0;0;0;0;0;0;0;0
FR;12;2021-04-04;0;0;0;0;0;0;0;0;0;0;0;0;0;0;0;0;0;0
FR;12;2021-04-05;0;0;0;0;0;0;0;0;0;0;0;0;0;0;0;0;0;0
FR;12;2021-04-06;0;0;0;0;0;0;0;0;0;0;0;0;0;0;0;0;0;0
FR;12;2021-04-07;0;0;0;0;0;0;0;0;0;0;0;0;0;0;0;0;0;0
FR;12;2021-04-08;0;0;0;0;0;0;0;0;0;0;0;0;0;0;0;0;0;0
FR;12;2021-04-09;0;0;0;0;0;0;0;0;0;0;0;0;0;0;0;0;0;0
FR;12;2021-04-10;0;0;0;0;0;0;0;0;0;0;0;0;0;0;0;0;0;0
FR;12;2021-04-11;0;0;0;0;0;0;0;0;0;0;0;0;0;0;0;0;0;0
FR;12;2021-04-12;0;0;0;0;0;0;0;0;0;0;0;0;0;0;0;0;0;0
FR;12;2021-04-13;0;0;0;0;0;0;0;0;0;0;0;0;0;0;0;0;0;0
FR;12;2021-04-14;0;0;0;0;0;0;0;0;0;0;0;0;0;0;0;0;0;0
FR;12;2021-04-15;0;0;0;0;0;0;0;0;0;0;0;0;0;0;0;0;0;0
FR;12;2021-04-16;0;0;0;0;0;0;0;0;0;0;0;0;0;0;0;0;0;0
FR;12;2021-04-17;0;0;0;0;0;0;0;0;0;0;0;0;0;0;0;0;0;0
FR;12;2021-04-18;0;0;0;0;0;0;0;0;0;0;0;0;0;0;0;0;0;0
FR;12;2021-04-19;0;0;0;0;0;0;0;0;0;0;0;0;0;0;0;0;0;0
FR;12;2021-04-20;0;0;0;0;0;0;0;0;0;0;0;0;0;0;0;0;0;0
FR;12;2021-04-21;0;0;0;0;0;0;0;0;0;0;0;0;0;0;0;0;0;0
FR;12;2021-04-22;0;0;0;0;0;0;0;0;0;0;0;0;0;0;0;0;0;0
FR;12;2021-04-23;0;0;0;0;0;0;0;0;0;0;0;0;0;0;0;0;0;0
FR;12;2021-04-24;0;0;0;0;0;0;0;0;0;0;0;0;0;0;0;0;0;0
FR;12;2021-04-25;0;0;0;0;0;0;0;0;0;0;0;0;0;0;0;0;0;0
FR;12;2021-04-26;0;0;0;0;0;0;0;0;0;0;0;0;0;0;0;0;0;0
FR;12;2021-04-27;0;0;0;0;0;0;0;0;0;0;0;0;0;0;0;0;0;0
FR;12;2021-04-28;0;0;0;0;0;0;0;0;0;0;0;0;0;0;0;0;0;0
FR;12;2021-04-29;0;0;0;0;0;0;0;0;0;0;0;0;0;0;0;0;0;0
FR;12;2021-04-30;0;0;0;0;0;0;0;0;0;0;0;0;0;0;0;0;0;0
FR;12;2021-05-01;0;0;0;0;0;0;0;0;0;0;0;0;0;0;0;0;0;0
FR;12;2021-05-02;0;0;0;0;0;0;0;0;0;0;0;0;0;0;0;0;0;0
FR;12;2021-05-03;0;0;0;0;0;0;0;0;0;0;0;0;0;0;0;0;0;0
FR;12;2021-05-04;0;0;0;0;0;0;0;0;0;0;0;0;0;0;0;0;0;0
FR;12;2021-05-05;0;0;0;0;0;0;0;0;0;0;0;0;0;0;0;0;0;0
FR;12;2021-05-06;0;0;0;0;0;0;0;0;0;0;0;0;0;0;0;0;0;0
FR;12;2021-05-07;0;0;0;0;0;0;0;0;0;0;0;0;0;0;0;0;0;0
FR;12;2021-05-08;0;0;0;0;0;0;0;0;0;0;0;0;0;0;0;0;0;0
FR;12;2021-05-09;0;0;0;0;0;0;0;0;0;0;0;0;0;0;0;0;0;0
FR;12;2021-05-10;0;0;0;0;0;0;0;0;0;0;0;0;0;0;0;0;0;0
FR;12;2021-05-11;0;0;0;0;0;0;0;0;0;0;0;0;0;0;0;0;0;0
FR;12;2021-05-12;0;0;0;0;0;0;0;0;0;0;0;0;0;0;0;0;0;0
FR;12;2021-05-13;0;0;0;0;0;0;0;0;0;0;0;0;0;0;0;0;0;0
FR;12;2021-05-14;0;0;0;0;0;0;0;0;0;0;0;0;0;0;0;0;0;0
FR;12;2021-05-15;0;0;0;0;0;0;0;0;0;0;0;0;0;0;0;0;0;0
FR;12;2021-05-16;0;0;0;0;0;0;0;0;0;0;0;0;0;0;0;0;0;0
FR;12;2021-05-17;0;0;0;0;0;0;0;0;0;0;0;0;0;0;0;0;0;0
FR;12;2021-05-18;0;0;0;0;0;0;0;0;0;0;0;0;0;0;0;0;0;0
FR;12;2021-05-19;0;0;0;0;0;0;0;0;0;0;0;0;0;0;0;0;0;0
FR;12;2021-05-20;0;0;0;0;0;0;0;0;0;0;0;0;0;0;0;0;0;0
FR;12;2021-05-21;0;0;0;0;0;0;0;0;0;0;0;0;0;0;0;0;0;0
FR;12;2021-05-22;0;0;0;0;0;0;0;0;0;0;0;0;0;0;0;0;0;0
FR;12;2021-05-23;0;0;0;0;0;0;0;0;0;0;0;0;0;0;0;0;0;0
FR;12;2021-05-24;0;0;0;0;0;0;0;0;0;0;0;0;0;0;0;0;0;0
FR;12;2021-05-25;0;0;0;0;0;0;0;0;0;0;0;0;0;0;0;0;0;0
FR;12;2021-05-26;0;0;0;0;0;0;0;0;0;0;0;0;0;0;0;0;0;0
FR;12;2021-05-27;0;0;0;0;0;0;0;0;0;0;0;0;0;0;0;0;0;0
FR;12;2021-05-28;0;0;0;0;0;0;0;0;0;0;0;0;0;0;0;0;0;0
FR;12;2021-05-29;0;0;0;0;0;0;0;0;0;0;0;0;0;0;0;0;0;0
FR;12;2021-05-30;0;0;0;0;0;0;0;0;0;0;0;0;0;0;0;0;0;0
FR;12;2021-05-31;0;0;0;0;0;0;0;0;0;0;0;0;0;0;0;0;0;0
FR;12;2021-06-01;0;0;0;0;0;0;0;0;0;0;0;0;0;0;0;0;0;0
FR;12;2021-06-02;0;0;0;0;0;0;0;0;0;0;0;0;0;0;0;0;0;0
FR;12;2021-06-03;0;0;0;0;0;0;0;0;0;0;0;0;0;0;0;0;0;0
FR;12;2021-06-04;0;0;0;0;0;0;0;0;0;0;0;0;0;0;0;0;0;0
FR;12;2021-06-05;0;0;0;0;0;0;0;0;0;0;0;0;0;0;0;0;0;0
FR;12;2021-06-06;0;0;0;0;0;0;0;0;0;0;0;0;0;0;0;0;0;0
FR;12;2021-06-07;0;0;0;0;0;0;0;0;0;0;0;0;0;0;0;0;0;0
FR;12;2021-06-08;0;0;0;0;0;0;0;0;0;0;0;0;0;0;0;0;0;0
FR;12;2021-06-09;0;0;0;0;0;0;0;0;0;0;0;0;0;0;0;0;0;0
FR;12;2021-06-10;0;0;0;0;0;0;0;0;0;0;0;0;0;0;0;0;0;0
FR;12;2021-06-11;0;0;0;0;0;0;0;0;0;0;0;0;0;0;0;0;0;0
FR;12;2021-06-12;0;0;0;0;0;0;0;0;0;0;0;0;0;0;0;0;0;0
FR;12;2021-06-13;0;0;0;0;0;0;0;0;0;0;0;0;0;0;0;0;0;0
FR;12;2021-06-14;0;0;0;0;0;0;0;0;0;0;0;0;0;0;0;0;0;0
FR;12;2021-06-15;0;0;0;0;0;0;0;0;0;0;0;0;0;0;0;0;0;0
FR;12;2021-06-16;0;0;0;0;0;0;0;0;0;0;0;0;0;0;0;0;0;0
FR;12;2021-06-17;0;0;0;0;0;0;0;0;0;0;0;0;0;0;0;0;0;0
FR;12;2021-06-18;0;0;0;0;0;0;0;0;0;0;0;0;0;0;0;0;0;0
FR;12;2021-06-19;0;0;0;0;0;0;0;0;0;0;0;0;0;0;0;0;0;0
FR;12;2021-06-20;0;0;0;0;0;0;0;0;0;0;0;0;0;0;0;0;0;0
FR;12;2021-06-21;0;0;0;0;0;0;0;0;0;0;0;0;0;0;0;0;0;0
FR;12;2021-06-22;0;0;0;0;0;0;0;0;0;0;0;0;0;0;0;0;0;0
FR;12;2021-06-23;0;0;0;0;0;0;0;0;0;0;0;0;0;0;0;0;0;0
FR;12;2021-06-24;0;0;0;0;0;0;0;0;0;0;0;0;0;0;0;0;0;0
FR;12;2021-06-25;0;0;0;0;0;0;0;0;0;0;0;0;0;0;0;0;0;0
FR;12;2021-06-26;0;0;0;0;0;0;0;0;0;0;0;0;0;0;0;0;0;0
FR;12;2021-06-27;0;0;0;0;0;0;0;0;0;0;0;0;0;0;0;0;0;0
FR;12;2021-06-28;0;0;0;0;0;0;0;0;0;0;0;0;0;0;0;0;0;0
FR;12;2021-06-29;0;0;0;0;0;0;0;0;0;0;0;0;0;0;0;0;0;0
FR;12;2021-06-30;0;0;0;0;0;0;0;0;0;0;0;0;0;0;0;0;0;0
FR;12;2021-07-01;0;0;0;0;0;0;0;0;0;0;0;0;0;0;0;0;0;0
FR;12;2021-07-02;0;0;0;0;0;0;0;0;0;0;0;0;0;0;0;0;0;0
FR;12;2021-07-03;0;0;0;0;0;0;0;0;0;0;0;0;0;0;0;0;0;0
FR;12;2021-07-04;0;0;0;0;0;0;0;0;0;0;0;0;0;0;0;0;0;0
FR;12;2021-07-05;0;0;0;0;0;0;0;0;0;0;0;0;0;0;0;0;0;0
FR;12;2021-07-06;0;0;0;0;0;0;0;0;0;0;0;0;0;0;0;0;0;0
FR;12;2021-07-07;0;0;0;0;0;0;0;0;0;0;0;0;0;0;0;0;0;0
FR;12;2021-07-08;0;0;0;0;0;0;0;0;0;0;0;0;0;0;0;0;0;0
FR;12;2021-07-09;0;0;0;0;0;0;0;0;0;0;0;0;0;0;0;0;0;0
FR;12;2021-07-10;0;0;0;0;0;0;0;0;0;0;0;0;0;0;0;0;0;0
FR;12;2021-07-11;0;0;0;0;0;0;0;0;0;0;0;0;0;0;0;0;0;0
FR;12;2021-07-12;0;0;0;0;0;0;0;0;0;0;0;0;0;0;0;0;0;0
FR;12;2021-07-13;0;0;0;0;0;0;0;0;0;0;0;0;0;0;0;0;0;0
FR;12;2021-07-14;0;0;0;0;0;0;0;0;0;0;0;0;0;0;0;0;0;0
FR;12;2021-07-15;0;0;0;0;0;0;0;0;0;0;0;0;0;0;0;0;0;0
FR;12;2021-07-16;0;0;0;0;0;0;0;0;0;0;0;0;0;0;0;0;0;0
FR;12;2021-07-17;0;0;0;0;0;0;0;0;0;0;0;0;0;0;0;0;0;0
FR;12;2021-07-18;0;0;0;0;0;0;0;0;0;0;0;0;0;0;0;0;0;0
FR;12;2021-07-19;0;0;0;0;0;0;0;0;0;0;0;0;0;0;0;0;0;0
FR;12;2021-07-20;0;0;0;0;0;0;0;0;0;0;0;0;0;0;0;0;0;0
FR;12;2021-07-21;0;0;0;0;0;0;0;0;0;0;0;0;0;0;0;0;0;0
FR;12;2021-07-22;0;0;0;0;0;0;0;0;0;0;0;0;0;0;0;0;0;0
FR;12;2021-07-23;0;0;0;0;0;0;0;0;0;0;0;0;0;0;0;0;0;0
FR;12;2021-07-24;0;0;0;0;0;0;0;0;0;0;0;0;0;0;0;0;0;0
FR;12;2021-07-25;0;0;0;0;0;0;0;0;0;0;0;0;0;0;0;0;0;0
FR;12;2021-07-26;0;0;0;0;0;0;0;0;0;0;0;0;0;0;0;0;0;0
FR;12;2021-07-27;0;0;0;0;0;0;0;0;0;0;0;0;0;0;0;0;0;0
FR;12;2021-07-28;0;0;0;0;0;0;0;0;0;0;0;0;0;0;0;0;0;0
FR;12;2021-07-29;0;0;0;0;0;0;0;0;0;0;0;0;0;0;0;0;0;0
FR;12;2021-07-30;0;0;0;0;0;0;0;0;0;0;0;0;0;0;0;0;0;0
FR;12;2021-07-31;0;0;0;0;0;0;0;0;0;0;0;0;0;0;0;0;0;0
FR;12;2021-08-01;0;0;0;0;0;0;0;0;0;0;0;0;0;0;0;0;0;0
FR;12;2021-08-02;0;0;0;0;0;0;0;0;0;0;0;0;0;0;0;0;0;0
FR;12;2021-08-03;0;0;0;0;0;0;0;0;0;0;0;0;0;0;0;0;0;0
FR;12;2021-08-04;0;0;0;0;0;0;0;0;0;0;0;0;0;0;0;0;0;0
FR;12;2021-08-05;0;0;0;0;0;0;0;0;0;0;0;0;0;0;0;0;0;0
FR;12;2021-08-06;0;0;0;0;0;0;0;0;0;0;0;0;0;0;0;0;0;0
FR;12;2021-08-07;0;0;0;0;0;0;0;0;0;0;0;0;0;0;0;0;0;0
FR;12;2021-08-08;0;0;0;0;0;0;0;0;0;0;0;0;0;0;0;0;0;0
FR;12;2021-08-09;0;0;0;0;0;0;0;0;0;0;0;0;0;0;0;0;0;0
FR;12;2021-08-10;0;0;0;0;0;0;0;0;0;0;0;0;0;0;0;0;0;0
FR;12;2021-08-11;0;0;0;0;0;0;0;0;0;0;0;0;0;0;0;0;0;0
FR;12;2021-08-12;0;0;0;0;0;0;0;0;0;0;0;0;0;0;0;0;0;0
FR;12;2021-08-13;0;0;0;0;0;0;0;0;0;0;0;0;0;0;0;0;0;0
FR;12;2021-08-14;0;0;0;0;0;0;0;0;0;0;0;0;0;0;0;0;0;0
FR;12;2021-08-15;0;0;0;0;0;0;0;0;0;0;0;0;0;0;0;0;0;0
FR;12;2021-08-16;0;0;0;0;0;0;0;0;0;0;0;0;0;0;0;0;0;0
FR;12;2021-08-17;0;0;0;0;0;0;0;0;0;0;0;0;0;0;0;0;0;0
FR;12;2021-08-18;0;0;0;0;0;0;0;0;0;0;0;0;0;0;0;0;0;0
FR;12;2021-08-19;0;0;0;0;0;0;0;0;0;0;0;0;0;0;0;0;0;0
FR;12;2021-08-20;0;0;0;0;0;0;0;0;0;0;0;0;0;0;0;0;0;0
FR;12;2021-08-21;0;0;0;0;0;0;0;0;0;0;0;0;0;0;0;0;0;0
FR;12;2021-08-22;0;0;0;0;0;0;0;0;0;0;0;0;0;0;0;0;0;0
FR;12;2021-08-23;0;0;0;0;0;0;0;0;0;0;0;0;0;0;0;0;0;0
FR;12;2021-08-24;0;0;0;0;0;0;0;0;0;0;0;0;0;0;0;0;0;0
FR;12;2021-08-25;0;0;0;0;0;0;0;0;0;0;0;0;0;0;0;0;0;0
FR;12;2021-08-26;0;0;0;0;0;0;0;0;0;0;0;0;0;0;0;0;0;0
FR;12;2021-08-27;0;0;0;0;0;0;0;0;0;0;0;0;0;0;0;0;0;0
FR;12;2021-08-28;0;0;0;0;0;0;0;0;0;0;0;0;0;0;0;0;0;0
FR;12;2021-08-29;0;0;0;0;0;0;0;0;0;0;0;0;0;0;0;0;0;0
FR;12;2021-08-30;0;0;0;0;0;0;0;0;0;0;0;0;0;0;0;0;0;0
FR;12;2021-08-31;0;0;0;0;0;0;0;0;0;0;0;0;0;0;0;0;0;0
FR;12;2021-09-01;0;0;0;0;0;0;0;0;0;0;0;0;0;0;0;0;0;0
FR;12;2021-09-02;0;0;0;0;0;0;0;0;0;0;0;0;0;0;0;0;0;0
FR;12;2021-09-03;0;0;0;0;0;0;0;0;0;0;0;0;0;0;0;0;0;0
FR;12;2021-09-04;0;0;0;0;0;0;0;0;0;0;0;0;0;0;0;0;0;0
FR;12;2021-09-05;0;0;0;0;0;0;0;0;0;0;0;0;0;0;0;0;0;0
FR;12;2021-09-06;0;0;0;0;0;0;0;0;0;0;0;0;0;0;0;0;0;0
FR;12;2021-09-07;0;0;0;0;0;0;0;0;0;0;0;0;0;0;0;0;0;0
FR;12;2021-09-08;0;0;0;0;0;0;0;0;0;0;0;0;0;0;0;0;0;0
FR;12;2021-09-09;0;0;0;0;0;0;0;0;0;0;0;0;0;0;0;0;0;0
FR;12;2021-09-10;0;0;0;0;0;0;0;0;0;0;0;0;0;0;0;0;0;0
FR;12;2021-09-11;0;0;0;0;0;0;0;0;0;0;0;0;0;0;0;0;0;0
FR;12;2021-09-12;0;0;0;0;0;0;0;0;0;0;0;0;0;0;0;0;0;0
FR;12;2021-09-13;0;0;0;0;0;0;0;0;0;0;0;0;0;0;0;0;0;0
FR;12;2021-09-14;0;0;0;0;0;0;0;0;0;0;0;0;0;0;0;0;0;0
FR;12;2021-09-15;0;0;0;0;0;0;0;0;0;0;0;0;0;0;0;0;0;0
FR;12;2021-09-16;0;0;0;0;0;0;0;0;0;0;0;0;0;0;0;0;0;0
FR;12;2021-09-17;0;0;0;0;0;0;0;0;0;0;0;0;0;0;0;0;0;0
FR;12;2021-09-18;0;0;0;0;0;0;0;0;0;0;0;0;0;0;0;0;0;0
FR;12;2021-09-19;0;0;0;0;0;0;0;0;0;0;0;0;0;0;0;0;0;0
FR;12;2021-09-20;0;0;0;0;0;0;0;0;0;0;0;0;0;0;0;0;0;0
FR;12;2021-09-21;0;0;0;0;0;0;0;0;0;0;0;0;0;0;0;0;0;0
FR;12;2021-09-22;0;0;0;0;0;0;0;0;0;0;0;0;0;0;0;0;0;0
FR;12;2021-09-23;0;0;0;0;0;0;0;0;0;0;0;0;0;0;0;0;0;0
FR;12;2021-09-24;0;0;0;0;0;0;0;0;0;0;0;0;0;0;0;0;0;0
FR;12;2021-09-25;0;0;0;0;0;0;0;0;0;0;0;0;0;0;0;0;0;0
FR;12;2021-09-26;0;0;0;0;0;0;0;0;0;0;0;0;0;0;0;0;0;0
FR;12;2021-09-27;0;0;0;0;0;0;0;0;0;0;0;0;0;0;0;0;0;0
FR;12;2021-09-28;0;0;0;0;0;0;0;0;0;0;0;0;0;0;0;0;0;0
FR;12;2021-09-29;0;0;0;0;0;0;0;0;0;0;0;0;0;0;0;0;0;0
FR;12;2021-09-30;0;0;0;0;0;0;0;0;0;0;0;0;0;0;0;0;0;0
FR;12;2021-10-01;0;0;0;0;0;0;0;0;0;0;0;0;0;0;0;0;0;0
FR;12;2021-10-02;0;0;0;0;0;0;0;0;0;0;0;0;0;0;0;0;0;0
FR;12;2021-10-03;0;0;0;0;0;0;0;0;0;0;0;0;0;0;0;0;0;0
FR;12;2021-10-04;0;0;0;0;0;0;0;0;0;0;0;0;0;0;0;0;0;0
FR;12;2021-10-05;0;0;0;0;0;0;0;0;0;0;0;0;0;0;0;0;0;0
FR;12;2021-10-06;0;0;0;0;0;0;0;0;0;0;0;0;0;0;0;0;0;0
FR;12;2021-10-07;0;0;0;0;0;0;0;0;0;0;0;0;0;0;0;0;0;0
FR;12;2021-10-08;0;0;0;0;0;0;0;0;0;0;0;0;0;0;0;0;0;0
FR;12;2021-10-09;0;0;0;0;0;0;0;0;0;0;0;0;0;0;0;0;0;0
FR;12;2021-10-10;0;0;0;0;0;0;0;0;0;0;0;0;0;0;0;0;0;0
FR;12;2021-10-11;0;0;0;0;0;0;0;0;0;0;0;0;0;0;0;0;0;0
FR;12;2021-10-12;0;0;0;0;0;0;0;0;0;0;0;0;0;0;0;0;0;0
FR;12;2021-10-13;0;0;0;0;0;0;0;0;0;0;0;0;0;0;0;0;0;0
FR;12;2021-10-14;0;0;0;0;0;0;0;0;0;0;0;0;0;0;0;0;0;0
FR;12;2021-10-15;0;0;0;0;0;0;0;0;0;0;0;0;0;0;0;0;0;0
FR;12;2021-10-16;0;0;0;0;0;0;0;0;0;0;0;0;0;0;0;0;0;0
FR;12;2021-10-17;0;0;0;0;0;0;0;0;0;0;0;0;0;0;0;0;0;0
FR;12;2021-10-18;0;0;0;0;0;0;0;0;0;0;0;0;0;0;0;0;0;0
FR;12;2021-10-19;0;0;0;0;0;0;0;0;0;0;0;0;0;0;0;0;0;0
FR;12;2021-10-20;0;0;0;0;0;0;0;0;0;0;0;0;0;0;0;0;0;0
FR;12;2021-10-21;0;0;0;0;0;0;0;0;0;0;0;0;0;0;0;0;0;0
FR;12;2021-10-22;0;0;0;0;0;0;0;0;0;0;0;0;0;0;0;0;0;0
FR;12;2021-10-23;0;0;0;0;0;0;0;0;0;0;0;0;0;0;0;0;0;0
FR;12;2021-10-24;0;0;0;0;0;0;0;0;0;0;0;0;0;0;0;0;0;0
FR;12;2021-10-25;0;0;0;0;0;0;0;0;0;0;0;0;0;0;0;0;0;0
FR;12;2021-10-26;0;0;0;0;0;0;0;0;0;0;0;0;0;0;0;0;0;0
FR;12;2021-10-27;0;0;0;0;0;0;0;0;0;0;0;0;0;0;0;0;0;0
FR;12;2021-10-28;0;0;0;0;0;0;0;0;0;0;0;0;0;0;0;0;0;0
FR;12;2021-10-29;0;0;0;0;0;0;0;0;0;0;0;0;0;0;0;0;0;0
FR;12;2021-10-30;0;0;0;0;0;0;0;0;0;0;0;0;0;0;0;0;0;0
FR;12;2021-10-31;0;0;0;0;0;0;0;0;0;0;0;0;0;0;0;0;0;0
FR;12;2021-11-01;0;0;0;0;0;0;0;0;0;0;0;0;0;0;0;0;0;0
FR;12;2021-11-02;0;0;0;0;0;0;0;0;0;0;0;0;0;0;0;0;0;0
FR;12;2021-11-03;0;0;0;0;0;0;0;0;0;0;0;0;0;0;0;0;0;0
FR;12;2021-11-04;0;0;0;0;0;0;0;0;0;0;0;0;0;0;0;0;0;0
FR;12;2021-11-05;0;0;0;0;0;0;0;0;0;0;0;0;0;0;0;0;0;0
FR;12;2021-11-06;0;0;0;0;0;0;0;0;0;0;0;0;0;0;0;0;0;0
FR;12;2021-11-07;0;0;0;0;0;0;0;0;0;0;0;0;0;0;0;0;0;0
FR;12;2021-11-08;0;0;0;0;0;0;0;0;0;0;0;0;0;0;0;0;0;0
FR;12;2021-11-09;0;0;0;0;0;0;0;0;0;0;0;0;0;0;0;0;0;0
FR;12;2021-11-10;0;0;0;0;0;0;0;0;0;0;0;0;0;0;0;0;0;0
FR;12;2021-11-11;0;0;0;0;0;0;0;0;0;0;0;0;0;0;0;0;0;0
FR;12;2021-11-12;0;0;0;0;0;0;0;0;0;0;0;0;0;0;0;0;0;0
FR;12;2021-11-13;0;0;0;0;0;0;0;0;0;0;0;0;0;0;0;0;0;0
FR;12;2021-11-14;0;0;0;0;0;0;0;0;0;0;0;0;0;0;0;0;0;0
FR;12;2021-11-15;0;0;0;0;0;0;0;0;0;0;0;0;0;0;0;0;0;0
FR;12;2021-11-16;0;0;0;0;0;0;0;0;0;0;0;0;0;0;0;0;0;0
FR;12;2021-11-17;0;0;0;0;0;0;0;0;0;0;0;0;0;0;0;0;0;0
FR;12;2021-11-18;0;0;0;0;0;0;0;0;0;0;0;0;0;0;0;0;0;0
FR;12;2021-11-19;0;0;0;0;0;0;0;0;0;0;0;0;0;0;0;0;0;0
FR;12;2021-11-20;0;0;0;0;0;0;0;0;0;0;0;0;0;0;0;0;0;0
FR;12;2021-11-21;0;0;0;0;0;0;0;0;0;0;0;0;0;0;0;0;0;0
FR;12;2021-11-22;0;0;0;0;0;0;0;0;0;0;0;0;0;0;0;0;0;0
FR;12;2021-11-23;0;0;0;0;0;0;0;0;0;0;0;0;0;0;0;0;0;0
FR;12;2021-11-24;0;0;0;0;0;0;0;0;0;0;0;0;0;0;0;0;0;0
FR;12;2021-11-25;0;0;0;0;0;0;0;0;0;0;0;0;0;0;0;0;0;0
FR;12;2021-11-26;0;0;0;0;0;0;0;0;0;0;0;0;0;0;0;0;0;0
FR;12;2021-11-27;0;0;0;0;0;0;0;0;0;0;0;0;0;0;0;0;0;0
FR;12;2021-11-28;0;0;0;0;0;0;0;0;0;0;0;0;0;0;0;0;0;0
FR;12;2021-11-29;0;0;0;0;0;0;0;0;0;0;0;0;0;0;0;0;0;0
FR;12;2021-11-30;0;0;0;0;0;0;0;0;0;0;0;0;0;0;0;0;0;0
FR;12;2021-12-01;0;0;0;0;0;0;0;0;0;0;0;0;0;0;0;0;0;0
FR;12;2021-12-02;0;0;0;0;0;0;0;0;0;0;0;0;0;0;0;0;0;0
FR;12;2021-12-03;0;0;0;0;0;0;0;0;0;0;0;0;0;0;0;0;0;0
FR;12;2021-12-04;0;0;0;0;0;0;0;0;0;0;0;0;0;0;0;0;0;0
FR;12;2021-12-05;0;0;0;0;0;0;0;0;0;0;0;0;0;0;0;0;0;0
FR;12;2021-12-06;0;0;0;0;0;0;0;0;0;0;0;0;0;0;0;0;0;0
FR;12;2021-12-07;0;0;0;0;0;0;0;0;0;0;0;0;0;0;0;0;0;0
FR;12;2021-12-08;0;0;0;0;0;0;0;0;0;0;0;0;0;0;0;0;0;0
FR;12;2021-12-09;0;0;0;0;0;0;0;0;0;0;0;0;0;0;0;0;0;0
FR;12;2021-12-10;0;0;0;0;0;0;0;0;0;0;0;0;0;0;0;0;0;0
FR;12;2021-12-11;0;0;0;0;0;0;0;0;0;0;0;0;0;0;0;0;0;0
FR;12;2021-12-12;0;0;0;0;0;0;0;0;0;0;0;0;0;0;0;0;0;0
FR;12;2021-12-13;0;0;0;0;0;0;0;0;0;0;0;0;0;0;0;0;0;0
FR;12;2021-12-14;0;0;0;0;0;0;0;0;0;0;0;0;0;0;0;0;0;0
FR;12;2021-12-15;0;0;0;0;0;0;0;0;0;0;0;0;0;0;0;0;0;0
FR;12;2021-12-16;0;0;0;0;0;0;0;0;0;0;0;0;0;0;0;0;0;0
FR;12;2021-12-17;0;0;0;0;0;0;0;0;0;0;0;0;0;0;0;0;0;0
FR;12;2021-12-18;0;0;0;0;0;0;0;0;0;0;0;0;0;0;0;0;0;0
FR;12;2021-12-19;0;0;0;0;0;0;0;0;0;0;0;0;0;0;0;0;0;0
FR;12;2021-12-20;0;0;0;0;0;0;0;0;0;0;0;0;0;0;0;0;0;0
FR;12;2021-12-21;0;0;0;0;0;0;0;0;0;0;0;0;0;0;0;0;0;0
FR;12;2021-12-22;0;0;0;0;0;0;0;0;0;0;0;0;0;0;0;0;0;0
FR;12;2021-12-23;0;0;0;0;0;0;0;0;0;0;0;0;0;0;0;0;0;0
FR;12;2021-12-24;0;0;0;0;0;0;0;0;0;0;0;0;0;0;0;0;0;0
FR;12;2021-12-25;0;0;0;0;0;0;0;0;0;0;0;0;0;0;0;0;0;0
FR;12;2021-12-26;0;0;0;0;0;0;0;0;0;0;0;0;0;0;0;0;0;0
FR;12;2021-12-27;0;0;0;0;0;0;0;0;0;0;0;0;0;0;0;0;0;0
FR;12;2021-12-28;0;0;0;0;0;0;0;0;0;0;0;0;0;0;0;0;0;0
FR;12;2021-12-29;0;0;0;0;0;0;0;0;0;0;0;0;0;0;0;0;0;0
FR;12;2021-12-30;0;0;0;0;0;0;0;0;0;0;0;0;0;0;0;0;0;0
FR;12;2021-12-31;0;0;0;0;0;0;0;0;0;0;0;0;0;0;0;0;0;0
FR;12;2022-01-01;0;0;0;0;0;0;0;0;0;0;0;0;0;0;0;0;0;0
FR;12;2022-01-02;0;0;0;0;0;0;0;0;0;0;0;0;0;0;0;0;0;0
FR;12;2022-01-03;0;0;0;0;0;0;0;0;0;0;0;0;0;0;0;0;0;0
FR;12;2022-01-04;0;0;0;0;0;0;0;0;0;0;0;0;0;0;0;0;0;0
FR;12;2022-01-05;0;0;0;0;0;0;0;0;0;0;0;0;0;0;0;0;0;0
FR;12;2022-01-06;0;0;0;0;0;0;0;0;0;0;0;0;0;0;0;0;0;0
FR;12;2022-01-07;0;0;0;0;0;0;0;0;0;0;0;0;0;0;0;0;0;0
FR;12;2022-01-08;0;0;0;0;0;0;0;0;0;0;0;0;0;0;0;0;0;0
FR;12;2022-01-09;0;0;0;0;0;0;0;0;0;0;0;0;0;0;0;0;0;0
FR;12;2022-01-10;0;0;0;0;0;0;0;0;0;0;0;0;0;0;0;0;0;0
FR;12;2022-01-11;0;0;0;0;0;0;0;0;0;0;0;0;0;0;0;0;0;0
FR;12;2022-01-12;0;0;0;0;0;0;0;0;0;0;0;0;0;0;0;0;0;0
FR;12;2022-01-13;0;0;0;0;0;0;0;0;0;0;0;0;0;0;0;0;0;0
FR;12;2022-01-14;0;0;0;0;0;0;0;0;0;0;0;0;0;0;0;0;0;0
FR;12;2022-01-15;0;0;0;0;0;0;0;0;0;0;0;0;0;0;0;0;0;0
FR;12;2022-01-16;0;0;0;0;0;0;0;0;0;0;0;0;0;0;0;0;0;0
FR;12;2022-01-17;0;0;0;0;0;0;0;0;0;0;0;0;0;0;0;0;0;0
FR;12;2022-01-18;0;0;0;0;0;0;0;0;0;0;0;0;0;0;0;0;0;0
FR;12;2022-01-19;0;0;0;0;0;0;0;0;0;0;0;0;0;0;0;0;0;0
FR;12;2022-01-20;0;0;0;0;0;0;0;0;0;0;0;0;0;0;0;0;0;0
FR;12;2022-01-21;0;0;0;0;0;0;0;0;0;0;0;0;0;0;0;0;0;0
FR;12;2022-01-22;0;0;0;0;0;0;0;0;0;0;0;0;0;0;0;0;0;0
FR;12;2022-01-23;0;0;0;0;0;0;0;0;0;0;0;0;0;0;0;0;0;0
FR;12;2022-01-24;0;0;0;0;0;0;0;0;0;0;0;0;0;0;0;0;0;0
FR;12;2022-01-25;0;0;0;0;0;0;0;0;0;0;0;0;0;0;0;0;0;0
FR;12;2022-01-26;0;0;0;0;0;0;0;0;0;0;0;0;0;0;0;0;0;0
FR;12;2022-01-27;0;0;0;0;0;0;0;0;0;0;0;0;0;0;0;0;0;0
FR;12;2022-01-28;0;0;0;0;0;0;0;0;0;0;0;0;0;0;0;0;0;0
FR;12;2022-01-29;0;0;0;0;0;0;0;0;0;0;0;0;0;0;0;0;0;0
FR;12;2022-01-30;0;0;0;0;0;0;0;0;0;0;0;0;0;0;0;0;0;0
FR;12;2022-01-31;0;0;0;0;0;0;0;0;0;0;0;0;0;0;0;0;0;0
FR;12;2022-02-01;0;0;0;0;0;0;0;0;0;0;0;0;0;0;0;0;0;0
FR;12;2022-02-02;0;0;0;0;0;0;0;0;0;0;0;0;0;0;0;0;0;0
FR;12;2022-02-03;0;0;0;0;0;0;0;0;0;0;0;0;0;0;0;0;0;0
FR;12;2022-02-04;0;0;0;0;0;0;0;0;0;0;0;0;0;0;0;0;0;0
FR;12;2022-02-05;0;0;0;0;0;0;0;0;0;0;0;0;0;0;0;0;0;0
FR;12;2022-02-06;0;0;0;0;0;0;0;0;0;0;0;0;0;0;0;0;0;0
FR;12;2022-02-07;0;0;0;0;0;0;0;0;0;0;0;0;0;0;0;0;0;0
FR;12;2022-02-08;0;0;0;0;0;0;0;0;0;0;0;0;0;0;0;0;0;0
FR;12;2022-02-09;0;0;0;0;0;0;0;0;0;0;0;0;0;0;0;0;0;0
FR;12;2022-02-10;0;0;0;0;0;0;0;0;0;0;0;0;0;0;0;0;0;0
FR;12;2022-02-11;0;0;0;0;0;0;0;0;0;0;0;0;0;0;0;0;0;0
FR;12;2022-02-12;0;0;0;0;0;0;0;0;0;0;0;0;0;0;0;0;0;0
FR;12;2022-02-13;0;0;0;0;0;0;0;0;0;0;0;0;0;0;0;0;0;0
FR;12;2022-02-14;0;0;0;0;0;0;0;0;0;0;0;0;0;0;0;0;0;0
FR;12;2022-02-15;0;0;0;0;0;0;0;0;0;0;0;0;0;0;0;0;0;0
FR;12;2022-02-16;0;0;0;0;0;0;0;0;0;0;0;0;0;0;0;0;0;0
FR;12;2022-02-17;0;0;0;0;0;0;0;0;0;0;0;0;0;0;0;0;0;0
FR;12;2022-02-18;0;0;0;0;0;0;0;0;0;0;0;0;0;0;0;0;0;0
FR;12;2022-02-19;0;0;0;0;0;0;0;0;0;0;0;0;0;0;0;0;0;0
FR;12;2022-02-20;0;0;0;0;0;0;0;0;0;0;0;0;0;0;0;0;0;0
FR;12;2022-02-21;0;0;0;0;0;0;0;0;0;0;0;0;0;0;0;0;0;0
FR;12;2022-02-22;0;0;0;0;0;0;0;0;0;0;0;0;0;0;0;0;0;0
FR;12;2022-02-23;0;0;0;0;0;0;0;0;0;0;0;0;0;0;0;0;0;0
FR;12;2022-02-24;0;0;0;0;0;0;0;0;0;0;0;0;0;0;0;0;0;0
FR;12;2022-02-25;0;0;0;0;0;0;0;0;0;0;0;0;0;0;0;0;0;0
FR;12;2022-02-26;0;0;0;0;0;0;0;0;0;0;0;0;0;0;0;0;0;0
FR;12;2022-02-27;0;0;0;0;0;0;0;0;0;0;0;0;0;0;0;0;0;0
FR;12;2022-02-28;0;0;0;0;0;0;0;0;0;0;0;0;0;0;0;0;0;0
FR;12;2022-03-01;0;0;0;0;0;0;0;0;0;0;0;0;0;0;0;0;0;0
FR;12;2022-03-02;0;0;0;0;0;0;0;0;0;0;0;0;0;0;0;0;0;0
FR;12;2022-03-03;0;0;0;0;0;0;0;0;0;0;0;0;0;0;0;0;0;0
FR;12;2022-03-04;0;0;0;0;0;0;0;0;0;0;0;0;0;0;0;0;0;0
FR;12;2022-03-05;0;0;0;0;0;0;0;0;0;0;0;0;0;0;0;0;0;0
FR;12;2022-03-06;0;0;0;0;0;0;0;0;0;0;0;0;0;0;0;0;0;0
FR;12;2022-03-07;0;0;0;0;0;0;0;0;0;0;0;0;0;0;0;0;0;0
FR;12;2022-03-08;0;0;0;0;0;0;0;0;0;0;0;0;0;0;0;0;0;0
FR;12;2022-03-09;0;0;0;0;0;0;0;0;0;0;0;0;0;0;0;0;0;0
FR;12;2022-03-10;0;0;0;0;0;0;0;0;0;0;0;0;0;0;0;0;0;0
FR;12;2022-03-11;0;0;0;0;0;0;0;0;0;0;0;0;0;0;0;0;0;0
FR;12;2022-03-12;0;0;0;0;0;0;0;0;0;0;0;0;0;0;0;0;0;0
FR;12;2022-03-13;0;0;0;0;0;0;0;0;0;0;0;0;0;0;0;0;0;0
FR;12;2022-03-14;0;0;0;0;0;0;0;0;0;0;0;0;0;0;0;0;0;0
FR;12;2022-03-15;0;0;0;0;0;0;0;0;0;0;0;0;0;0;0;0;0;0
FR;12;2022-03-16;0;0;0;0;0;0;0;0;0;0;0;0;0;0;0;0;0;0
FR;12;2022-03-17;0;0;0;0;0;0;0;0;0;0;0;0;0;0;0;0;0;0
FR;12;2022-03-18;0;0;0;0;0;0;0;0;0;0;0;0;0;0;0;0;0;0
FR;12;2022-03-19;0;0;0;0;0;0;0;0;0;0;0;0;0;0;0;0;0;0
FR;12;2022-03-20;0;0;0;0;0;0;0;0;0;0;0;0;0;0;0;0;0;0
FR;12;2022-03-21;0;0;0;0;0;0;0;0;0;0;0;0;0;0;0;0;0;0
FR;12;2022-03-22;0;0;0;0;0;0;0;0;0;0;0;0;0;0;0;0;0;0
FR;12;2022-03-23;0;0;0;0;0;0;0;0;0;0;0;0;0;0;0;0;0;0
FR;12;2022-03-24;0;0;0;0;0;0;0;0;0;0;0;0;0;0;0;0;0;0
FR;12;2022-03-25;0;0;0;0;0;0;0;0;0;0;0;0;0;0;0;0;0;0
FR;12;2022-03-26;0;0;0;0;0;0;0;0;0;0;0;0;0;0;0;0;0;0
FR;12;2022-03-27;0;0;0;0;0;0;0;0;0;0;0;0;0;0;0;0;0;0
FR;12;2022-03-28;0;0;0;0;0;0;0;0;0;0;0;0;0;0;0;0;0;0
FR;12;2022-03-29;0;0;0;0;0;0;0;0;0;0;0;0;0;0;0;0;0;0
FR;12;2022-03-30;0;0;0;0;0;0;0;0;0;0;0;0;0;0;0;0;0;0
FR;12;2022-03-31;0;0;0;0;0;0;0;0;0;0;0;0;0;0;0;0;0;0
FR;12;2022-04-01;0;0;0;0;0;0;0;0;0;0;0;0;0;0;0;0;0;0
FR;12;2022-04-02;0;0;0;0;0;0;0;0;0;0;0;0;0;0;0;0;0;0
FR;12;2022-04-03;0;0;0;0;0;0;0;0;0;0;0;0;0;0;0;0;0;0
FR;12;2022-04-04;0;0;0;0;0;0;0;0;0;0;0;0;0;0;0;0;0;0
FR;12;2022-04-05;0;0;0;0;0;0;0;0;0;0;0;0;0;0;0;0;0;0
FR;12;2022-04-06;0;0;0;0;0;0;0;0;0;0;0;0;0;0;0;0;0;0
FR;12;2022-04-07;0;0;0;0;0;0;0;0;0;0;0;0;0;0;0;0;0;0
FR;12;2022-04-08;0;0;0;0;0;0;0;0;0;0;0;0;0;0;0;0;0;0
FR;12;2022-04-09;0;0;0;0;0;0;0;0;0;0;0;0;0;0;0;0;0;0
FR;12;2022-04-10;0;0;0;0;0;0;0;0;0;0;0;0;0;0;0;0;0;0
FR;12;2022-04-11;0;0;0;0;0;0;0;0;0;0;0;0;0;0;0;0;0;0
FR;12;2022-04-12;0;0;0;0;0;0;0;0;0;0;0;0;0;0;0;0;0;0
FR;12;2022-04-13;0;0;0;0;0;0;0;0;0;0;0;0;0;0;0;0;0;0
FR;12;2022-04-14;0;0;0;0;0;0;0;0;0;0;0;0;0;0;0;0;0;0
FR;12;2022-04-15;0;0;0;0;0;0;0;0;0;0;0;0;0;0;0;0;0;0
FR;12;2022-04-16;0;0;0;0;0;0;0;0;0;0;0;0;0;0;0;0;0;0
FR;12;2022-04-17;0;0;0;0;0;0;0;0;0;0;0;0;0;0;0;0;0;0
FR;12;2022-04-18;0;0;0;0;0;0;0;0;0;0;0;0;0;0;0;0;0;0
FR;12;2022-04-19;0;0;0;0;0;0;0;0;0;0;0;0;0;0;0;0;0;0
FR;12;2022-04-20;0;0;0;0;0;0;0;0;0;0;0;0;0;0;0;0;0;0
FR;12;2022-04-21;0;0;0;0;0;0;0;0;0;0;0;0;0;0;0;0;0;0
FR;12;2022-04-22;0;0;0;0;0;0;0;0;0;0;0;0;0;0;0;0;0;0
FR;12;2022-04-23;0;0;0;0;0;0;0;0;0;0;0;0;0;0;0;0;0;0
FR;12;2022-04-24;0;0;0;0;0;0;0;0;0;0;0;0;0;0;0;0;0;0
FR;12;2022-04-25;0;0;0;0;0;0;0;0;0;0;0;0;0;0;0;0;0;0
FR;12;2022-04-26;0;0;0;0;0;0;0;0;0;0;0;0;0;0;0;0;0;0
FR;12;2022-04-27;0;0;0;0;0;0;0;0;0;0;0;0;0;0;0;0;0;0
FR;12;2022-04-28;0;0;0;0;0;0;0;0;0;0;0;0;0;0;0;0;0;0
FR;12;2022-04-29;0;0;0;0;0;0;0;0;0;0;0;0;0;0;0;0;0;0
FR;12;2022-04-30;0;0;0;0;0;0;0;0;0;0;0;0;0;0;0;0;0;0
FR;12;2022-05-01;0;0;0;0;0;0;0;0;0;0;0;0;0;0;0;0;0;0
FR;12;2022-05-02;0;0;0;0;0;0;0;0;0;0;0;0;0;0;0;0;0;0
FR;12;2022-05-03;0;0;0;0;0;0;0;0;0;0;0;0;0;0;0;0;0;0
FR;12;2022-05-04;0;0;0;0;0;0;0;0;0;0;0;0;0;0;0;0;0;0
FR;12;2022-05-05;0;0;0;0;0;0;0;0;0;0;0;0;0;0;0;0;0;0
FR;12;2022-05-06;0;0;0;0;0;0;0;0;0;0;0;0;0;0;0;0;0;0
FR;12;2022-05-07;0;0;0;0;0;0;0;0;0;0;0;0;0;0;0;0;0;0
FR;12;2022-05-08;0;0;0;0;0;0;0;0;0;0;0;0;0;0;0;0;0;0
FR;12;2022-05-09;0;0;0;0;0;0;0;0;0;0;0;0;0;0;0;0;0;0
FR;12;2022-05-10;0;0;0;0;0;0;0;0;0;0;0;0;0;0;0;0;0;0
FR;12;2022-05-11;0;0;0;0;0;0;0;0;0;0;0;0;0;0;0;0;0;0
FR;12;2022-05-12;0;0;0;0;0;0;0;0;0;0;0;0;0;0;0;0;0;0
FR;12;2022-05-13;0;0;0;0;0;0;0;0;0;0;0;0;0;0;0;0;0;0
FR;12;2022-05-14;0;0;0;0;0;0;0;0;0;0;0;0;0;0;0;0;0;0
FR;12;2022-05-15;0;0;0;0;0;0;0;0;0;0;0;0;0;0;0;0;0;0
FR;12;2022-05-16;0;0;0;0;0;0;0;0;0;0;0;0;0;0;0;0;0;0
FR;12;2022-05-17;0;0;0;0;0;0;0;0;0;0;0;0;0;0;0;0;0;0
FR;12;2022-05-18;0;0;0;0;0;0;0;0;0;0;0;0;0;0;0;0;0;0
FR;12;2022-05-19;0;0;0;0;0;0;0;0;0;0;0;0;0;0;0;0;0;0
FR;12;2022-05-20;0;0;0;0;0;0;0;0;0;0;0;0;0;0;0;0;0;0
FR;12;2022-05-21;0;0;0;0;0;0;0;0;0;0;0;0;0;0;0;0;0;0
FR;12;2022-05-22;0;0;0;0;0;0;0;0;0;0;0;0;0;0;0;0;0;0
FR;12;2022-05-23;0;0;0;0;0;0;0;0;0;0;0;0;0;0;0;0;0;0
FR;12;2022-05-24;0;0;0;0;0;0;0;0;0;0;0;0;0;0;0;0;0;0
FR;12;2022-05-25;0;0;0;0;0;0;0;0;0;0;0;0;0;0;0;0;0;0
FR;12;2022-05-26;0;0;0;0;0;0;0;0;0;0;0;0;0;0;0;0;0;0
FR;12;2022-05-27;0;0;0;0;0;0;0;0;0;0;0;0;0;0;0;0;0;0
FR;12;2022-05-28;0;0;0;0;0;0;0;0;0;0;0;0;0;0;0;0;0;0
FR;12;2022-05-29;0;0;0;0;0;0;0;0;0;0;0;0;0;0;0;0;0;0
FR;12;2022-05-30;0;0;0;0;0;0;0;0;0;0;0;0;0;0;0;0;0;0
FR;12;2022-05-31;0;0;0;0;0;0;0;0;0;0;0;0;0;0;0;0;0;0
FR;12;2022-06-01;0;0;0;0;0;0;0;0;0;0;0;0;0;0;0;0;0;0
FR;12;2022-06-02;0;0;0;0;0;0;0;0;0;0;0;0;0;0;0;0;0;0
FR;12;2022-06-03;0;0;0;0;0;0;0;0;0;0;0;0;0;0;0;0;0;0
FR;12;2022-06-04;0;0;0;0;0;0;0;0;0;0;0;0;0;0;0;0;0;0
FR;12;2022-06-05;0;0;0;0;0;0;0;0;0;0;0;0;0;0;0;0;0;0
FR;12;2022-06-06;0;0;0;0;0;0;0;0;0;0;0;0;0;0;0;0;0;0
FR;12;2022-06-07;0;0;0;0;0;0;0;0;0;0;0;0;0;0;0;0;0;0
FR;12;2022-06-08;0;0;0;0;0;0;0;0;0;0;0;0;0;0;0;0;0;0
FR;12;2022-06-09;0;0;0;0;0;0;0;0;0;0;0;0;0;0;0;0;0;0
FR;12;2022-06-10;0;0;0;0;0;0;0;0;0;0;0;0;0;0;0;0;0;0
FR;12;2022-06-11;0;0;0;0;0;0;0;0;0;0;0;0;0;0;0;0;0;0
FR;12;2022-06-12;0;0;0;0;0;0;0;0;0;0;0;0;0;0;0;0;0;0
FR;12;2022-06-13;0;0;0;0;0;0;0;0;0;0;0;0;0;0;0;0;0;0
FR;12;2022-06-14;0;0;0;0;0;0;0;0;0;0;0;0;0;0;0;0;0;0
FR;12;2022-06-15;0;0;0;0;0;0;0;0;0;0;0;0;0;0;0;0;0;0
FR;12;2022-06-16;0;0;0;0;0;0;0;0;0;0;0;0;0;0;0;0;0;0
FR;12;2022-06-17;0;0;0;0;0;0;0;0;0;0;0;0;0;0;0;0;0;0
FR;12;2022-06-18;0;0;0;0;0;0;0;0;0;0;0;0;0;0;0;0;0;0
FR;12;2022-06-19;0;0;0;0;0;0;0;0;0;0;0;0;0;0;0;0;0;0
FR;12;2022-06-20;0;0;0;0;0;0;0;0;0;0;0;0;0;0;0;0;0;0
FR;12;2022-06-21;0;0;0;0;0;0;0;0;0;0;0;0;0;0;0;0;0;0
FR;12;2022-06-22;0;0;0;0;0;0;0;0;0;0;0;0;0;0;0;0;0;0
FR;12;2022-06-23;0;0;0;0;0;0;0;0;0;0;0;0;0;0;0;0;0;0
FR;12;2022-06-24;0;0;0;0;0;0;0;0;0;0;0;0;0;0;0;0;0;0
FR;12;2022-06-25;0;0;0;0;0;0;0;0;0;0;0;0;0;0;0;0;0;0
FR;12;2022-06-26;0;0;0;0;0;0;0;0;0;0;0;0;0;0;0;0;0;0
FR;12;2022-06-27;0;0;0;0;0;0;0;0;0;0;0;0;0;0;0;0;0;0
FR;12;2022-06-28;0;0;0;0;0;0;0;0;0;0;0;0;0;0;0;0;0;0
FR;12;2022-06-29;0;0;0;0;0;0;0;0;0;0;0;0;0;0;0;0;0;0
FR;12;2022-06-30;0;0;0;0;0;0;0;0;0;0;0;0;0;0;0;0;0;0
FR;12;2022-07-01;0;0;0;0;0;0;0;0;0;0;0;0;0;0;0;0;0;0
FR;12;2022-07-02;0;0;0;0;0;0;0;0;0;0;0;0;0;0;0;0;0;0
FR;12;2022-07-03;0;0;0;0;0;0;0;0;0;0;0;0;0;0;0;0;0;0
FR;12;2022-07-04;0;0;0;0;0;0;0;0;0;0;0;0;0;0;0;0;0;0
FR;12;2022-07-05;0;0;0;0;0;0;0;0;0;0;0;0;0;0;0;0;0;0
FR;12;2022-07-06;0;0;0;0;0;0;0;0;0;0;0;0;0;0;0;0;0;0
FR;12;2022-07-07;0;0;0;0;0;0;0;0;0;0;0;0;0;0;0;0;0;0
FR;12;2022-07-08;0;0;0;0;0;0;0;0;0;0;0;0;0;0;0;0;0;0
FR;12;2022-07-09;0;0;0;0;0;0;0;0;0;0;0;0;0;0;0;0;0;0
FR;12;2022-07-10;0;0;0;0;0;0;0;0;0;0;0;0;0;0;0;0;0;0
FR;12;2022-07-11;0;0;0;0;0;0;0;0;0;0;0;0;0;0;0;0;0;0
FR;12;2022-07-12;0;0;0;0;0;0;0;0;0;0;0;0;0;0;0;0;0;0
FR;12;2022-07-13;0;0;0;0;0;0;0;0;0;0;0;0;0;0;0;0;0;0
FR;12;2022-07-14;0;0;0;0;0;0;0;0;0;0;0;0;0;0;0;0;0;0
FR;12;2022-07-15;0;0;0;0;0;0;0;0;0;0;0;0;0;0;0;0;0;0
FR;12;2022-07-16;0;0;0;0;0;0;0;0;0;0;0;0;0;0;0;0;0;0
FR;12;2022-07-17;0;0;0;0;0;0;0;0;0;0;0;0;0;0;0;0;0;0
FR;12;2022-07-18;0;0;0;0;0;0;0;0;0;0;0;0;0;0;0;0;0;0
FR;12;2022-07-19;0;0;0;0;0;0;0;0;0;0;0;0;0;0;0;0;0;0
FR;12;2022-07-20;0;0;0;0;0;0;0;0;0;0;0;0;0;0;0;0;0;0
FR;12;2022-07-21;0;0;0;0;0;0;0;0;0;0;0;0;0;0;0;0;0;0
FR;12;2022-07-22;0;0;0;0;0;0;0;0;0;0;0;0;0;0;0;0;0;0
FR;12;2022-07-23;0;0;0;0;0;0;0;0;0;0;0;0;0;0;0;0;0;0
FR;12;2022-07-24;0;0;0;0;0;0;0;0;0;0;0;0;0;0;0;0;0;0
FR;12;2022-07-25;0;0;0;0;0;0;0;0;0;0;0;0;0;0;0;0;0;0
FR;12;2022-07-26;0;0;0;0;0;0;0;0;0;0;0;0;0;0;0;0;0;0
FR;12;2022-07-27;0;0;0;0;0;0;0;0;0;0;0;0;0;0;0;0;0;0
FR;12;2022-07-28;0;0;0;0;0;0;0;0;0;0;0;0;0;0;0;0;0;0
FR;12;2022-07-29;0;0;0;0;0;0;0;0;0;0;0;0;0;0;0;0;0;0
FR;12;2022-07-30;0;0;0;0;0;0;0;0;0;0;0;0;0;0;0;0;0;0
FR;12;2022-07-31;0;0;0;0;0;0;0;0;0;0;0;0;0;0;0;0;0;0
FR;12;2022-08-01;0;0;0;0;0;0;0;0;0;0;0;0;0;0;0;0;0;0
FR;12;2022-08-02;0;0;0;0;0;0;0;0;0;0;0;0;0;0;0;0;0;0
FR;12;2022-08-03;0;0;0;0;0;0;0;0;0;0;0;0;0;0;0;0;0;0
FR;12;2022-08-04;0;0;0;0;0;0;0;0;0;0;0;0;0;0;0;0;0;0
FR;12;2022-08-05;0;0;0;0;0;0;0;0;0;0;0;0;0;0;0;0;0;0
FR;12;2022-08-06;0;0;0;0;0;0;0;0;0;0;0;0;0;0;0;0;0;0
FR;12;2022-08-07;0;0;0;0;0;0;0;0;0;0;0;0;0;0;0;0;0;0
FR;12;2022-08-08;0;0;0;0;0;0;0;0;0;0;0;0;0;0;0;0;0;0
FR;12;2022-08-09;0;0;0;0;0;0;0;0;0;0;0;0;0;0;0;0;0;0
FR;12;2022-08-10;0;0;0;0;0;0;0;0;0;0;0;0;0;0;0;0;0;0
FR;12;2022-08-11;0;0;0;0;0;0;0;0;0;0;0;0;0;0;0;0;0;0
FR;12;2022-08-12;0;0;0;0;0;0;0;0;0;0;0;0;0;0;0;0;0;0
FR;12;2022-08-13;0;0;0;0;0;0;0;0;0;0;0;0;0;0;0;0;0;0
FR;12;2022-08-14;0;0;0;0;0;0;0;0;0;0;0;0;0;0;0;0;0;0
FR;12;2022-08-15;0;0;0;0;0;0;0;0;0;0;0;0;0;0;0;0;0;0
FR;12;2022-08-16;0;0;0;0;0;0;0;0;0;0;0;0;0;0;0;0;0;0
FR;12;2022-08-17;0;0;0;0;0;0;0;0;0;0;0;0;0;0;0;0;0;0
FR;12;2022-08-18;0;0;0;0;0;0;0;0;0;0;0;0;0;0;0;0;0;0
FR;12;2022-08-19;0;0;0;0;0;0;0;0;0;0;0;0;0;0;0;0;0;0
FR;12;2022-08-20;0;0;0;0;0;0;0;0;0;0;0;0;0;0;0;0;0;0
FR;12;2022-08-21;0;0;0;0;0;0;0;0;0;0;0;0;0;0;0;0;0;0
FR;12;2022-08-22;0;0;0;0;0;0;0;0;0;0;0;0;0;0;0;0;0;0
FR;12;2022-08-23;0;0;0;0;0;0;0;0;0;0;0;0;0;0;0;0;0;0
FR;12;2022-08-24;0;0;0;0;0;0;0;0;0;0;0;0;0;0;0;0;0;0
FR;12;2022-08-25;0;0;0;0;0;0;0;0;0;0;0;0;0;0;0;0;0;0
FR;12;2022-08-26;0;0;0;0;0;0;0;0;0;0;0;0;0;0;0;0;0;0
FR;12;2022-08-27;0;0;0;0;0;0;0;0;0;0;0;0;0;0;0;0;0;0
FR;12;2022-08-28;0;0;0;0;0;0;0;0;0;0;0;0;0;0;0;0;0;0
FR;12;2022-08-29;0;0;0;0;0;0;0;0;0;0;0;0;0;0;0;0;0;0
FR;12;2022-08-30;0;0;0;0;0;0;0;0;0;0;0;0;0;0;0;0;0;0
FR;12;2022-08-31;0;0;0;0;0;0;0;0;0;0;0;0;0;0;0;0;0;0
FR;12;2022-09-01;0;0;0;0;0;0;0;0;0;0;0;0;0;0;0;0;0;0
FR;12;2022-09-02;0;0;0;0;0;0;0;0;0;0;0;0;0;0;0;0;0;0
FR;12;2022-09-03;0;0;0;0;0;0;0;0;0;0;0;0;0;0;0;0;0;0
FR;12;2022-09-04;0;0;0;0;0;0;0;0;0;0;0;0;0;0;0;0;0;0
FR;12;2022-09-05;0;0;0;0;0;0;0;0;0;0;0;0;0;0;0;0;0;0
FR;12;2022-09-06;0;0;0;0;0;0;0;0;0;0;0;0;0;0;0;0;0;0
FR;12;2022-09-07;0;0;0;0;0;0;0;0;0;0;0;0;0;0;0;0;0;0
FR;12;2022-09-08;0;0;0;0;0;0;0;0;0;0;0;0;0;0;0;0;0;0
FR;12;2022-09-09;0;0;0;0;0;0;0;0;0;0;0;0;0;0;0;0;0;0
FR;12;2022-09-10;0;0;0;0;0;0;0;0;0;0;0;0;0;0;0;0;0;0
FR;12;2022-09-11;0;0;0;0;0;0;0;0;0;0;0;0;0;0;0;0;0;0
FR;12;2022-09-12;0;0;0;0;0;0;0;0;0;0;0;0;0;0;0;0;0;0
FR;12;2022-09-13;0;0;0;0;0;0;0;0;0;0;0;0;0;0;0;0;0;0
FR;12;2022-09-14;0;0;0;0;0;0;0;0;0;0;0;0;0;0;0;0;0;0
FR;12;2022-09-15;0;0;0;0;0;0;0;0;0;0;0;0;0;0;0;0;0;0
FR;12;2022-09-16;0;0;0;0;0;0;0;0;0;0;0;0;0;0;0;0;0;0
FR;12;2022-09-17;0;0;0;0;0;0;0;0;0;0;0;0;0;0;0;0;0;0
FR;12;2022-09-18;0;0;0;0;0;0;0;0;0;0;0;0;0;0;0;0;0;0
FR;12;2022-09-19;0;0;0;0;0;0;0;0;0;0;0;0;0;0;0;0;0;0
FR;12;2022-09-20;0;0;0;0;0;0;0;0;0;0;0;0;0;0;0;0;0;0
FR;12;2022-09-21;0;0;0;0;0;0;0;0;0;0;0;0;0;0;0;0;0;0
FR;12;2022-09-22;0;0;0;0;0;0;0;0;0;0;0;0;0;0;0;0;0;0
FR;12;2022-09-23;0;0;0;0;0;0;0;0;0;0;0;0;0;0;0;0;0;0
FR;12;2022-09-24;0;0;0;0;0;0;0;0;0;0;0;0;0;0;0;0;0;0
FR;12;2022-09-25;0;0;0;0;0;0;0;0;0;0;0;0;0;0;0;0;0;0
FR;12;2022-09-26;0;0;0;0;0;0;0;0;0;0;0;0;0;0;0;0;0;0
FR;12;2022-09-27;0;0;0;0;0;0;0;0;0;0;0;0;0;0;0;0;0;0
FR;12;2022-09-28;0;0;0;0;0;0;0;0;0;0;0;0;0;0;0;0;0;0
FR;12;2022-09-29;0;0;0;0;0;0;0;0;0;0;0;0;0;0;0;0;0;0
FR;12;2022-09-30;0;0;0;0;0;0;0;0;0;0;0;0;0;0;0;0;0;0
FR;12;2022-10-01;0;0;0;0;0;0;0;0;0;0;0;0;0;0;0;0;0;0
FR;12;2022-10-02;0;0;0;0;0;0;0;0;0;0;0;0;0;0;0;0;0;0
FR;12;2022-10-03;0;0;0;0;0;0;0;0;0;0;0;0;0;0;0;0;0;0
FR;12;2022-10-04;0;0;0;0;0;0;0;0;0;0;0;0;0;0;0;0;0;0
FR;12;2022-10-05;0;0;0;0;0;0;0;0;0;0;0;0;0;0;0;0;0;0
FR;12;2022-10-06;0;0;0;0;0;0;0;0;0;0;0;0;0;0;0;0;0;0
FR;12;2022-10-07;0;0;0;0;0;0;0;0;0;0;0;0;0;0;0;0;0;0
FR;12;2022-10-08;0;0;0;0;0;0;0;0;0;0;0;0;0;0;0;0;0;0
FR;12;2022-10-09;0;0;0;0;0;0;0;0;0;0;0;0;0;0;0;0;0;0
FR;12;2022-10-10;0;0;0;0;0;0;0;0;0;0;0;0;0;0;0;0;0;0
FR;12;2022-10-11;0;0;0;0;0;0;0;0;0;0;0;0;0;0;0;0;0;0
FR;12;2022-10-12;0;0;0;0;0;0;0;0;0;0;0;0;0;0;0;0;0;0
FR;12;2022-10-13;0;0;0;0;0;0;0;0;0;0;0;0;0;0;0;0;0;0
FR;12;2022-10-14;0;0;0;0;0;0;0;0;0;0;0;0;0;0;0;0;0;0
FR;12;2022-10-15;0;0;0;0;0;0;0;0;0;0;0;0;0;0;0;0;0;0
FR;12;2022-10-16;0;0;0;0;0;0;0;0;0;0;0;0;0;0;0;0;0;0
FR;12;2022-10-17;0;0;0;0;0;0;0;0;0;0;0;0;0;0;0;0;0;0
FR;12;2022-10-18;0;0;0;0;0;0;0;0;0;0;0;0;0;0;0;0;0;0
FR;12;2022-10-19;0;0;0;0;0;0;0;0;0;0;0;0;0;0;0;0;0;0
FR;12;2022-10-20;0;0;0;0;0;0;0;0;0;0;0;0;0;0;0;0;0;0
FR;12;2022-10-21;0;0;0;0;0;0;0;0;0;0;0;0;0;0;0;0;0;0
FR;12;2022-10-22;0;0;0;0;0;0;0;0;0;0;0;0;0;0;0;0;0;0
FR;12;2022-10-23;0;0;0;0;0;0;0;0;0;0;0;0;0;0;0;0;0;0
FR;12;2022-10-24;0;0;0;0;0;0;0;0;0;0;0;0;0;0;0;0;0;0
FR;12;2022-10-25;0;0;0;0;0;0;0;0;0;0;0;0;0;0;0;0;0;0
FR;12;2022-10-26;0;0;0;0;0;0;0;0;0;0;0;0;0;0;0;0;0;0
FR;12;2022-10-27;0;0;0;0;0;0;0;0;0;0;0;0;0;0;0;0;0;0
FR;12;2022-10-28;0;0;0;0;0;0;0;0;0;0;0;0;0;0;0;0;0;0
FR;12;2022-10-29;0;0;0;0;0;0;0;0;0;0;0;0;0;0;0;0;0;0
FR;12;2022-10-30;0;0;0;0;0;0;0;0;0;0;0;0;0;0;0;0;0;0
FR;12;2022-10-31;0;0;0;0;0;0;0;0;0;0;0;0;0;0;0;0;0;0
FR;12;2022-11-01;0;0;0;0;0;0;0;0;0;0;0;0;0;0;0;0;0;0
FR;12;2022-11-02;0;0;0;0;0;0;0;0;0;0;0;0;0;0;0;0;0;0
FR;12;2022-11-03;0;0;0;0;0;0;0;0;0;0;0;0;0;0;0;0;0;0
FR;12;2022-11-04;0;0;0;0;0;0;0;0;0;0;0;0;0;0;0;0;0;0
FR;12;2022-11-05;0;0;0;0;0;0;0;0;0;0;0;0;0;0;0;0;0;0
FR;12;2022-11-06;0;0;0;0;0;0;0;0;0;0;0;0;0;0;0;0;0;0
FR;12;2022-11-07;0;0;0;0;0;0;0;0;0;0;0;0;0;0;0;0;0;0
FR;12;2022-11-08;0;0;0;0;0;0;0;0;0;0;0;0;0;0;0;0;0;0
FR;12;2022-11-09;0;0;0;0;0;0;0;0;0;0;0;0;0;0;0;0;0;0
FR;12;2022-11-10;0;0;0;0;0;0;0;0;0;0;0;0;0;0;0;0;0;0
FR;12;2022-11-11;0;0;0;0;0;0;0;0;0;0;0;0;0;0;0;0;0;0
FR;12;2022-11-12;0;0;0;0;0;0;0;0;0;0;0;0;0;0;0;0;0;0
FR;12;2022-11-13;0;0;0;0;0;0;0;0;0;0;0;0;0;0;0;0;0;0
FR;12;2022-11-14;0;0;0;0;0;0;0;0;0;0;0;0;0;0;0;0;0;0
FR;12;2022-11-15;0;0;0;0;0;0;0;0;0;0;0;0;0;0;0;0;0;0
FR;12;2022-11-16;0;0;0;0;0;0;0;0;0;0;0;0;0;0;0;0;0;0
FR;12;2022-11-17;0;0;0;0;0;0;0;0;0;0;0;0;0;0;0;0;0;0
FR;12;2022-11-18;0;0;0;0;0;0;0;0;0;0;0;0;0;0;0;0;0;0
FR;12;2022-11-19;0;0;0;0;0;0;0;0;0;0;0;0;0;0;0;0;0;0
FR;12;2022-11-20;0;0;0;0;0;0;0;0;0;0;0;0;0;0;0;0;0;0
FR;12;2022-11-21;0;0;0;0;0;0;0;0;0;0;0;0;0;0;0;0;0;0
FR;12;2022-11-22;0;0;0;0;0;0;0;0;0;0;0;0;0;0;0;0;0;0
FR;12;2022-11-23;0;0;0;0;0;0;0;0;0;0;0;0;0;0;0;0;0;0
FR;12;2022-11-24;0;0;0;0;0;0;0;0;0;0;0;0;0;0;0;0;0;0
FR;12;2022-11-25;0;0;0;0;0;0;0;0;0;0;0;0;0;0;0;0;0;0
FR;12;2022-11-26;0;0;0;0;0;0;0;0;0;0;0;0;0;0;0;0;0;0
FR;12;2022-11-27;0;0;0;0;0;0;0;0;0;0;0;0;0;0;0;0;0;0
FR;12;2022-11-28;0;0;0;0;0;0;0;0;0;0;0;0;0;0;0;0;0;0
FR;12;2022-11-29;0;0;0;0;0;0;0;0;0;0;0;0;0;0;0;0;0;0
FR;12;2022-11-30;0;0;0;0;0;0;0;0;0;0;0;0;0;0;0;0;0;0
FR;12;2022-12-01;0;0;0;0;0;0;0;0;0;0;0;0;0;0;0;0;0;0
FR;12;2022-12-02;0;0;0;0;0;0;0;0;0;0;0;0;0;0;0;0;0;0
FR;12;2022-12-03;0;0;0;0;0;0;0;0;0;0;0;0;0;0;0;0;0;0
FR;12;2022-12-04;0;0;0;0;0;0;0;0;0;0;0;0;0;0;0;0;0;0
FR;12;2022-12-05;0;0;0;0;0;0;0;0;0;0;0;0;0;0;0;0;0;0
FR;12;2022-12-06;0;0;0;0;0;0;0;0;0;0;0;0;0;0;0;0;0;0
FR;12;2022-12-07;0;0;0;0;0;0;0;0;0;0;0;0;0;0;0;0;0;0
FR;12;2022-12-08;0;0;0;0;0;0;0;0;0;0;0;0;0;0;0;0;0;0
FR;12;2022-12-09;0;0;0;0;0;0;0;0;0;0;0;0;0;0;0;0;0;0
FR;12;2022-12-10;0;0;0;0;0;0;0;0;0;0;0;0;0;0;0;0;0;0
FR;12;2022-12-11;0;0;0;0;0;0;0;0;0;0;0;0;0;0;0;0;0;0
FR;12;2022-12-12;0;0;0;0;0;0;0;0;0;0;0;0;0;0;0;0;0;0
FR;12;2022-12-13;0;0;0;0;0;0;0;0;0;0;0;0;0;0;0;0;0;0
FR;12;2022-12-14;0;0;0;0;0;0;0;0;0;0;0;0;0;0;0;0;0;0
FR;12;2022-12-15;0;0;0;0;0;0;0;0;0;0;0;0;0;0;0;0;0;0
FR;12;2022-12-16;0;0;0;0;0;0;0;0;0;0;0;0;0;0;0;0;0;0
FR;12;2022-12-17;0;0;0;0;0;0;0;0;0;0;0;0;0;0;0;0;0;0
FR;12;2022-12-18;0;0;0;0;0;0;0;0;0;0;0;0;0;0;0;0;0;0
FR;12;2022-12-19;0;0;0;0;0;0;0;0;0;0;0;0;0;0;0;0;0;0
FR;12;2022-12-20;0;0;0;0;0;0;0;0;0;0;0;0;0;0;0;0;0;0
FR;12;2022-12-21;0;0;0;0;0;0;0;0;0;0;0;0;0;0;0;0;0;0
FR;12;2022-12-22;0;0;0;0;0;0;0;0;0;0;0;0;0;0;0;0;0;0
FR;12;2022-12-23;0;0;0;0;0;0;0;0;0;0;0;0;0;0;0;0;0;0
FR;12;2022-12-24;0;0;0;0;0;0;0;0;0;0;0;0;0;0;0;0;0;0
FR;12;2022-12-25;0;0;0;0;0;0;0;0;0;0;0;0;0;0;0;0;0;0
FR;12;2022-12-26;0;0;0;0;0;0;0;0;0;0;0;0;0;0;0;0;0;0
FR;12;2022-12-27;0;0;0;0;0;0;0;0;0;0;0;0;0;0;0;0;0;0
FR;12;2022-12-28;0;0;0;0;0;0;0;0;0;0;0;0;0;0;0;0;0;0
FR;12;2022-12-29;0;0;0;0;0;0;0;0;0;0;0;0;0;0;0;0;0;0
FR;12;2022-12-30;0;0;0;0;0;0;0;0;0;0;0;0;0;0;0;0;0;0
FR;12;2022-12-31;0;0;0;0;0;0;0;0;0;0;0;0;0;0;0;0;0;0
FR;12;2023-01-01;0;0;0;0;0;0;0;0;0;0;0;0;0;0;0;0;0;0
FR;12;2023-01-02;0;0;0;0;0;0;0;0;0;0;0;0;0;0;0;0;0;0
FR;12;2023-01-03;0;0;0;0;0;0;0;0;0;0;0;0;0;0;0;0;0;0
FR;12;2023-01-04;0;0;0;0;0;0;0;0;0;0;0;0;0;0;0;0;0;0
FR;12;2023-01-05;0;0;0;0;0;0;0;0;0;0;0;0;0;0;0;0;0;0
FR;12;2023-01-06;0;0;0;0;0;0;0;0;0;0;0;0;0;0;0;0;0;0
FR;12;2023-01-07;0;0;0;0;0;0;0;0;0;0;0;0;0;0;0;0;0;0
FR;12;2023-01-08;0;0;0;0;0;0;0;0;0;0;0;0;0;0;0;0;0;0
FR;12;2023-01-09;0;0;0;0;0;0;0;0;0;0;0;0;0;0;0;0;0;0
FR;12;2023-01-10;0;0;0;0;0;0;0;0;0;0;0;0;0;0;0;0;0;0
FR;12;2023-01-11;0;0;0;0;0;0;0;0;0;0;0;0;0;0;0;0;0;0
FR;12;2023-01-12;0;0;0;0;0;0;0;0;0;0;0;0;0;0;0;0;0;0
FR;12;2023-01-13;0;0;0;0;0;0;0;0;0;0;0;0;0;0;0;0;0;0
FR;12;2023-01-14;0;0;0;0;0;0;0;0;0;0;0;0;0;0;0;0;0;0
FR;12;2023-01-15;0;0;0;0;0;0;0;0;0;0;0;0;0;0;0;0;0;0
FR;12;2023-01-16;0;0;0;0;0;0;0;0;0;0;0;0;0;0;0;0;0;0
FR;12;2023-01-17;0;0;0;0;0;0;0;0;0;0;0;0;0;0;0;0;0;0
FR;12;2023-01-18;0;0;0;0;0;0;0;0;0;0;0;0;0;0;0;0;0;0
FR;12;2023-01-19;0;0;0;0;0;0;0;0;0;0;0;0;0;0;0;0;0;0
FR;12;2023-01-20;0;0;0;0;0;0;0;0;0;0;0;0;0;0;0;0;0;0
FR;12;2023-01-21;0;0;0;0;0;0;0;0;0;0;0;0;0;0;0;0;0;0
FR;12;2023-01-22;0;0;0;0;0;0;0;0;0;0;0;0;0;0;0;0;0;0
FR;12;2023-01-23;0;0;0;0;0;0;0;0;0;0;0;0;0;0;0;0;0;0
FR;12;2023-01-24;0;0;0;0;0;0;0;0;0;0;0;0;0;0;0;0;0;0
FR;12;2023-01-25;0;0;0;0;0;0;0;0;0;0;0;0;0;0;0;0;0;0
FR;12;2023-01-26;0;0;0;0;0;0;0;0;0;0;0;0;0;0;0;0;0;0
FR;12;2023-01-27;0;0;0;0;0;0;0;0;0;0;0;0;0;0;0;0;0;0
FR;12;2023-01-28;0;0;0;0;0;0;0;0;0;0;0;0;0;0;0;0;0;0
FR;12;2023-01-29;0;0;0;0;0;0;0;0;0;0;0;0;0;0;0;0;0;0
FR;12;2023-01-30;0;0;0;0;0;0;0;0;0;0;0;0;0;0;0;0;0;0
FR;12;2023-01-31;0;0;0;0;0;0;0;0;0;0;0;0;0;0;0;0;0;0
FR;12;2023-02-01;0;0;0;0;0;0;0;0;0;0;0;0;0;0;0;0;0;0
FR;12;2023-02-02;0;0;0;1;0;0;0;2;2;0;0;0;1;0;0;0;2;2
FR;12;2023-02-03;0;1;6;57;0;4;58;141;77;0;1;6;58;0;4;58;143;79
FR;12;2023-02-04;1;3;6;51;1;5;52;110;52;1;4;12;109;1;9;110;253;131
FR;12;2023-02-05;0;0;0;0;0;0;0;1;1;1;4;12;109;1;9;110;254;132
FR;12;2023-02-06;3;2;13;63;0;11;69;154;69;4;6;25;172;1;20;179;408;201
FR;12;2023-02-07;2;7;18;95;4;13;98;237;121;6;13;43;267;5;33;277;645;322
FR;12;2023-02-08;1;3;10;62;1;10;69;170;89;7;16;53;329;6;43;346;815;411
FR;12;2023-02-09;5;3;12;75;2;13;78;284;190;12;19;65;404;8;56;424;1099;601
FR;12;2023-02-10;4;2;22;140;4;12;150;327;162;16;21;87;544;12;68;574;1426;763
FR;12;2023-02-11;0;2;8;59;1;3;58;123;60;16;23;95;603;13;71;632;1549;823
FR;12;2023-02-12;0;0;0;3;0;0;3;7;3;16;23;95;606;13;71;635;1556;826
FR;12;2023-02-13;0;0;17;78;0;8;85;217;114;16;23;112;684;13;79;720;1773;940
FR;12;2023-02-14;3;5;17;96;5;14;99;229;108;19;28;129;780;18;93;819;2002;1048
FR;12;2023-02-15;3;5;19;85;0;13;86;236;132;22;33;148;865;18;106;905;2238;1180
FR;12;2023-02-16;5;3;16;107;3;13;103;247;129;27;36;164;972;21;119;1008;2485;1309
FR;12;2023-02-17;2;4;12;115;3;11;110;280;153;29;40;176;1087;24;130;1118;2765;1462
FR;12;2023-02-18;1;4;10;51;2;12;52;102;36;30;44;186;1138;26;142;1170;2867;1498
FR;12;2023-02-19;0;0;0;2;0;0;1;2;1;30;44;186;1140;26;142;1171;2869;1499
FR;12;2023-02-20;10;2;11;65;6;11;69;219;132;40;46;197;1205;32;153;1240;3088;1631
FR;12;2023-02-21;6;6;19;98;4;14;94;280;167;46;52;216;1303;36;167;1334;3368;1798
FR;12;2023-02-22;2;4;19;74;2;20;78;231;125;48;56;235;1377;38;187;1412;3599;1923
FR;12;2023-02-23;4;3;20;88;2;16;87;265;155;52;59;255;1465;40;203;1499;3864;2078
FR;12;2023-02-24;3;7;20;135;3;17;142;360;189;55;66;275;1600;43;220;1641;4224;2267
FR;12;2023-02-25;7;1;19;92;1;10;106;200;77;62;67;294;1692;44;230;1747;4424;2344
FR;12;2023-02-26;0;0;0;0;0;0;0;2;2;62;67;294;1692;44;230;1747;4426;2346
FR;12;2023-02-27;6;10;20;92;8;16;95;270;156;68;77;314;1784;52;246;1842;4696;2502
FR;12;2023-02-28;6;9;21;125;0;23;128;385;227;74;86;335;1909;52;269;1970;5081;2729
FR;12;2023-03-01;3;7;23;78;2;18;91;292;175;77;93;358;1987;54;287;2061;5373;2904
FR;12;2023-03-02;9;9;21;110;6;18;117;304;163;86;102;379;2097;60;305;2178;5677;3067
FR;12;2023-03-03;10;8;45;142;7;39;148;418;220;96;110;424;2239;67;344;2326;6095;3287
FR;12;2023-03-04;3;2;12;55;0;10;53;119;49;99;112;436;2294;67;354;2379;6214;3336
FR;12;2023-03-05;0;1;1;2;1;1;2;8;5;99;113;437;2296;68;355;2381;6222;3341
FR;12;2023-03-06;4;5;27;74;2;20;82;268;157;103;118;464;2370;70;375;2463;6490;3498
FR;12;2023-03-07;6;10;29;130;9;24;132;356;191;109;128;493;2500;79;399;2595;6846;3689
FR;12;2023-03-08;4;7;27;71;5;22;77;249;137;113;135;520;2571;84;421;2672;7095;3826
FR;12;2023-03-09;4;8;18;91;4;22;85;323;197;117;143;538;2662;88;443;2757;7418;4023
FR;12;2023-03-10;11;7;23;137;9;23;133;368;209;128;150;561;2799;97;466;2890;7786;4232
FR;12;2023-03-11;1;4;15;45;4;9;50;132;72;129;154;576;2844;101;475;2940;7918;4304
FR;12;2023-03-12;0;2;0;2;0;2;1;5;2;129;156;576;2846;101;477;2941;7923;4306
FR;12;2023-03-13;3;4;32;102;1;28;104;296;157;132;160;608;2948;102;505;3045;8219;4463
FR;12;2023-03-14;3;7;16;85;2;15;83;322;210;135;167;624;3033;104;520;3128;8541;4673
FR;12;2023-03-15;1;4;20;66;2;19;69;225;124;136;171;644;3099;106;539;3197;8766;4797
FR;12;2023-03-16;5;5;20;100;5;13;116;300;157;141;176;664;3199;111;552;3313;9066;4954
FR;12;2023-03-17;4;11;30;112;4;28;113;388;224;145;187;694;3311;115;580;3426;9454;5178
FR;12;2023-03-18;1;4;21;53;4;17;59;144;64;146;191;715;3364;119;597;3485;9598;5242
FR;12;2023-03-19;0;0;0;6;0;0;5;10;5;146;191;715;3370;119;597;3490;9608;5247
FR;12;2023-03-20;9;8;27;87;7;23;90;258;134;155;199;742;3457;126;620;3580;9866;5381
FR;12;2023-03-21;2;7;42;81;3;36;93;355;209;157;206;784;3538;129;656;3673;10221;5590
FR;12;2023-03-22;6;4;36;50;5;29;58;241;139;163;210;820;3588;134;685;3731;10462;5729
FR;12;2023-03-23;3;8;26;80;5;25;82;264;147;166;218;846;3668;139;710;3813;10726;5876
FR;12;2023-03-24;6;2;25;99;3;22;109;347;203;172;220;871;3767;142;732;3922;11073;6079
FR;12;2023-03-25;7;8;25;61;3;14;75;162;62;179;228;896;3828;145;746;3997;11235;6141
FR;12;2023-03-26;0;1;0;1;1;0;1;7;6;179;229;896;3829;146;746;3998;11242;6147
FR;12;2023-03-27;5;10;28;77;7;23;85;283;159;184;239;924;3906;153;769;4083;11525;6306
FR;12;2023-03-28;2;5;29;95;2;25;91;344;207;186;244;953;4001;155;794;4174;11869;6513
FR;12;2023-03-29;4;7;18;52;4;20;56;201;105;190;251;971;4053;159;814;4230;12070;6618
FR;12;2023-03-30;9;2;27;65;4;19;81;281;168;199;253;998;4118;163;833;4311;12351;6786
FR;12;2023-03-31;4;14;41;120;4;39;126;421;231;203;267;1039;4238;167;872;4437;12772;7017
FR;12;2023-04-01;1;8;17;44;4;13;48;139;63;204;275;1056;4282;171;885;4485;12911;7080
FR;12;2023-04-02;0;1;1;0;0;2;0;5;3;204;276;1057;4282;171;887;4485;12916;7083
FR;12;2023-04-03;5;3;35;90;3;18;112;300;159;209;279;1092;4372;174;905;4597;13216;7242
FR;12;2023-04-04;4;7;22;85;0;26;87;383;247;213;286;1114;4457;174;931;4684;13599;7489
FR;12;2023-04-05;4;9;21;60;5;23;57;229;136;217;295;1135;4517;179;954;4741;13828;7625
FR;12;2023-04-06;10;8;25;57;3;23;67;280;164;227;303;1160;4574;182;977;4808;14108;7789
FR;12;2023-04-07;4;11;29;98;8;25;110;387;219;231;314;1189;4672;190;1002;4918;14495;8008
FR;12;2023-04-08;1;5;11;38;3;9;38;117;56;232;319;1200;4710;193;1011;4956;14612;8064
FR;12;2023-04-09;0;0;2;1;0;1;2;5;2;232;319;1202;4711;193;1012;4958;14617;8066
FR;12;2023-04-10;0;1;2;2;1;0;5;9;4;232;320;1204;4713;194;1012;4963;14626;8070
FR;12;2023-04-11;5;8;27;87;6;16;98;297;161;237;328;1231;4800;200;1028;5061;14923;8231
FR;12;2023-04-12;5;12;16;52;5;23;60;260;154;242;340;1247;4852;205;1051;5121;15183;8385
FR;12;2023-04-13;3;5;22;58;2;17;64;252;141;245;345;1269;4910;207;1068;5185;15435;8526
FR;12;2023-04-14;6;15;21;91;9;18;97;397;248;251;360;1290;5001;216;1086;5282;15832;8774
FR;12;2023-04-15;5;0;14;34;0;8;40;108;48;256;360;1304;5035;216;1094;5322;15940;8822
FR;12;2023-04-16;0;0;1;2;0;0;2;4;2;256;360;1305;5037;216;1094;5324;15944;8824
FR;12;2023-04-17;3;2;18;40;2;19;40;181;97;259;362;1323;5077;218;1113;5364;16125;8921
FR;12;2023-04-18;6;6;18;56;2;14;63;272;144;265;368;1341;5133;220;1127;5427;16397;9065
FR;12;2023-04-19;3;7;11;40;2;11;38;149;81;268;375;1352;5173;222;1138;5465;16546;9146
FR;12;2023-04-20;2;3;15;51;1;11;58;212;117;270;378;1367;5224;223;1149;5523;16758;9263
FR;12;2023-04-21;4;6;25;60;5;19;68;255;148;274;384;1392;5284;228;1168;5591;17013;9411
FR;12;2023-04-22;3;8;11;22;6;9;29;94;36;277;392;1403;5306;234;1177;5620;17107;9447
FR;12;2023-04-23;0;0;1;0;0;1;1;3;1;277;392;1404;5306;234;1178;5621;17110;9448
FR;12;2023-04-24;2;6;11;42;5;11;49;172;99;279;398;1415;5348;239;1189;5670;17282;9547
FR;12;2023-04-25;0;3;15;46;1;15;51;205;118;279;401;1430;5394;240;1204;5721;17487;9665
FR;12;2023-04-26;3;4;16;36;2;14;42;170;88;282;405;1446;5430;242;1218;5763;17657;9753
FR;12;2023-04-27;4;4;13;46;3;13;46;193;108;286;409;1459;5476;245;1231;5809;17850;9861
FR;12;2023-04-28;5;9;24;63;3;24;74;317;181;291;418;1483;5539;248;1255;5883;18167;10042
FR;12;2023-04-29;2;4;10;25;4;6;30;94;44;293;422;1493;5564;252;1261;5913;18261;10086
FR;12;2023-04-30;0;0;0;0;0;0;0;0;0;293;422;1493;5564;252;1261;5913;18261;10086
FR;12;2023-05-01;0;0;0;0;0;0;0;4;3;293;422;1493;5564;252;1261;5913;18265;10089
FR;12;2023-05-02;8;3;12;48;2;15;48;248;128;301;425;1505;5612;254;1276;5961;18513;10217
FR;12;2023-05-03;7;6;10;44;7;9;47;228;122;308;431;1515;5656;261;1285;6008;18741;10339
FR;12;2023-05-04;5;4;20;36;1;17;50;220;109;313;435;1535;5692;262;1302;6058;18961;10448
FR;12;2023-05-05;4;12;18;49;5;19;48;278;146;317;447;1553;5741;267;1321;6106;19239;10594
FR;12;2023-05-06;2;5;7;15;2;11;15;69;29;319;452;1560;5756;269;1332;6121;19308;10623
FR;12;2023-05-07;2;0;1;0;2;1;2;3;0;321;452;1561;5756;271;1333;6123;19311;10623
FR;12;2023-05-08;0;0;1;0;0;0;1;4;2;321;452;1562;5756;271;1333;6124;19315;10625
FR;12;2023-05-09;1;6;11;46;3;14;53;246;119;322;458;1573;5802;274;1347;6177;19561;10744
FR;12;2023-05-10;3;8;10;38;7;13;41;207;105;325;466;1583;5840;281;1360;6218;19768;10849
FR;12;2023-05-11;4;6;8;42;4;8;44;205;107;329;472;1591;5882;285;1368;6262;19973;10956
FR;12;2023-05-12;3;3;8;58;1;7;56;306;165;332;475;1599;5940;286;1375;6318;20279;11121
FR;12;2023-05-13;3;3;4;16;1;7;18;72;39;335;478;1603;5956;287;1382;6336;20351;11160
FR;12;2023-05-14;0;0;0;0;0;0;0;0;0;335;478;1603;5956;287;1382;6336;20351;11160
FR;12;2023-05-15;2;1;6;35;2;4;40;200;97;337;479;1609;5991;289;1386;6376;20551;11257
FR;12;2023-05-16;3;9;7;38;4;11;42;264;140;340;488;1616;6029;293;1397;6418;20815;11397
FR;0;2020-12-27;616;0;0;0;55;0;0;0;0;616;0;0;0;55;0;0;0;0
FR;0;2020-12-28;709;1;0;0;44;0;0;0;0;1325;1;0;0;99;0;0;0;0
FR;0;2020-12-29;389;0;0;0;19;0;0;0;0;1714;1;0;0;118;0;0;0;0
FR;0;2020-12-30;456;0;0;0;20;0;0;0;0;2170;1;0;0;138;0;0;0;0
FR;0;2020-12-31;451;1;0;0;21;0;0;0;0;2621;2;0;0;159;0;0;0;0
FR;0;2021-01-01;1199;2;0;0;66;0;0;0;0;3820;4;0;0;225;0;0;0;0
FR;0;2021-01-02;369;4;0;0;29;0;0;0;0;4189;8;0;0;254;0;0;0;0
FR;0;2021-01-03;419;0;0;0;23;0;0;0;0;4608;8;0;0;277;0;0;0;0
FR;0;2021-01-04;2150;5;0;0;51;0;0;0;0;6758;13;0;0;328;0;0;0;0
FR;0;2021-01-05;7793;6;0;0;128;0;0;0;0;14551;19;0;0;456;0;0;0;0
FR;0;2021-01-06;12491;23;0;0;128;0;0;0;0;27042;42;0;0;584;0;0;0;0
FR;0;2021-01-07;29480;24;0;0;159;0;0;0;0;56522;66;0;0;743;0;0;0;0
FR;0;2021-01-08;37170;36;0;0;205;0;0;0;0;93692;102;0;0;948;0;0;0;0
FR;0;2021-01-09;11221;9;0;0;77;0;0;0;0;104913;111;0;0;1025;0;0;0;0
FR;0;2021-01-10;6017;8;0;0;28;0;0;0;0;110930;119;0;0;1053;0;0;0;0
FR;0;2021-01-11;39956;39;0;0;232;0;0;0;0;150886;158;0;0;1285;0;0;0;0
FR;0;2021-01-12;62165;31;0;0;299;0;0;0;0;213051;189;0;0;1584;0;0;0;0
FR;0;2021-01-13;65150;62;0;0;433;0;0;0;0;278201;251;0;0;2017;0;0;0;0
FR;0;2021-01-14;83109;262;0;0;1170;0;0;0;0;361310;513;0;0;3187;0;0;0;0
FR;0;2021-01-15;69037;103;1;0;555;0;0;0;0;430347;616;1;0;3742;0;0;0;0
FR;0;2021-01-16;20219;73;0;0;183;0;0;0;0;450566;689;1;0;3925;0;0;0;0
FR;0;2021-01-17;10993;54;0;0;137;0;0;0;0;461559;743;1;0;4062;0;0;0;0
FR;0;2021-01-18;85924;179;0;0;614;0;0;0;0;547483;922;1;0;4676;0;0;0;0
FR;0;2021-01-19;130616;211;0;0;868;0;0;0;0;678099;1133;1;0;5544;0;0;0;0
FR;0;2021-01-20;137578;197;0;0;837;0;0;0;0;815677;1330;1;0;6381;0;0;0;0
FR;0;2021-01-21;158433;205;0;0;951;0;0;0;0;974110;1535;1;0;7332;0;0;0;0
FR;0;2021-01-22;121090;259;0;0;846;0;0;0;0;1095200;1794;1;0;8178;0;0;0;0
FR;0;2021-01-23;38492;86;0;0;223;0;0;0;0;1133692;1880;1;0;8401;0;0;0;0
FR;0;2021-01-24;9752;131;0;0;196;0;0;0;0;1143444;2011;1;0;8597;0;0;0;0
FR;0;2021-01-25;78256;1458;0;0;1809;0;0;0;0;1221700;3469;1;0;10406;0;0;0;0
FR;0;2021-01-26;100401;3711;1;0;4188;0;0;0;0;1322101;7180;2;0;14594;0;0;0;0
FR;0;2021-01-27;107266;6446;0;0;7162;0;0;0;0;1429367;13626;2;0;21756;0;0;0;0
FR;0;2021-01-28;124384;16424;0;0;17248;0;0;0;0;1553751;30050;2;0;39004;0;0;0;0
FR;0;2021-01-29;92204;18806;0;0;19382;0;0;0;0;1645955;48856;2;0;58386;0;0;0;0
FR;0;2021-01-30;29128;4541;0;0;4678;0;0;0;0;1675083;53397;2;0;63064;0;0;0;0
FR;0;2021-01-31;5240;1900;0;0;1945;0;0;0;0;1680323;55297;2;0;65009;0;0;0;0
FR;0;2021-02-01;53160;23056;0;0;23330;0;0;0;0;1733483;78353;2;0;88339;0;0;0;0
FR;0;2021-02-02;72337;38227;0;0;38719;0;0;0;0;1805820;116580;2;0;127058;0;0;0;0
FR;0;2021-02-03;72328;40305;0;0;40811;0;0;0;0;1878148;156885;2;0;167869;0;0;0;0
FR;0;2021-02-04;82097;55131;0;0;55726;0;0;0;0;1960245;212016;2;0;223595;0;0;0;0
FR;0;2021-02-05;68252;48252;0;0;48690;0;0;0;0;2028497;260268;2;0;272285;0;0;0;0
FR;0;2021-02-06;22949;11435;0;0;11673;0;0;0;0;2051446;271703;2;0;283958;0;0;0;0
FR;0;2021-02-07;5195;6077;0;0;6203;0;0;0;0;2056641;277780;2;0;290161;0;0;0;0
FR;0;2021-02-08;46856;48812;0;0;49300;0;0;0;0;2103497;326592;2;0;339461;0;0;0;0
FR;0;2021-02-09;66050;78471;0;0;79569;0;0;0;0;2169547;405063;2;0;419030;0;0;0;0
FR;0;2021-02-10;71049;83536;0;0;84835;0;0;0;0;2240596;488599;2;0;503865;0;0;0;0
FR;0;2021-02-11;87309;105693;0;0;107642;0;0;0;0;2327905;594292;2;0;611507;0;0;0;0
FR;0;2021-02-12;79358;76070;0;0;77817;0;0;0;0;2407263;670362;2;0;689324;0;0;0;0
FR;0;2021-02-13;22390;19533;0;0;19900;0;0;0;0;2429653;689895;2;0;709224;0;0;0;0
FR;0;2021-02-14;5080;7323;0;0;7451;0;0;0;0;2434733;697218;2;0;716675;0;0;0;0
FR;0;2021-02-15;38132;76796;0;0;77818;0;0;0;0;2472865;774014;2;0;794493;0;0;0;0
FR;0;2021-02-16;50420;99690;0;0;101043;0;0;0;0;2523285;873704;2;0;895536;0;0;0;0
FR;0;2021-02-17;50559;106934;20;0;108386;0;0;0;0;2573844;980638;22;0;1003922;0;0;0;0
FR;0;2021-02-18;69815;123749;0;0;125799;0;0;0;0;2643659;1104387;22;0;1129721;0;0;0;0
FR;0;2021-02-19;65093;92334;1;0;94224;0;0;0;0;2708752;1196721;23;0;1223945;0;0;0;0
FR;0;2021-02-20;18602;28546;0;0;28917;0;0;0;0;2727354;1225267;23;0;1252862;0;0;0;0
FR;0;2021-02-21;3335;6041;0;0;6146;0;0;0;0;2730689;1231308;23;0;1259008;0;0;0;0
FR;0;2021-02-22;37511;73172;2;0;74187;0;0;0;0;2768200;1304480;25;0;1333195;0;0;0;0
FR;0;2021-02-23;53803;85299;1;0;86822;0;0;0;0;2822003;1389779;26;0;1420017;0;0;0;0
FR;0;2021-02-24;60039;82931;1;0;84512;0;0;0;0;2882042;1472710;27;0;1504529;0;0;0;0
FR;0;2021-02-25;100613;91198;1;0;94197;0;0;0;0;2982655;1563908;28;0;1598726;0;0;0;0
FR;0;2021-02-26;113492;70751;1;0;73901;0;0;0;0;3096147;1634659;29;0;1672627;0;0;0;0
FR;0;2021-02-27;52131;22439;1;0;23685;0;0;0;0;3148278;1657098;30;0;1696312;0;0;0;0
FR;0;2021-02-28;6209;4116;2;0;4314;0;0;0;0;3154487;1661214;32;0;1700626;0;0;0;0
FR;0;2021-03-01;65946;54077;1;0;55950;0;0;0;0;3220433;1715291;33;0;1756576;0;0;0;0
FR;0;2021-03-02;101417;67183;3;0;70229;0;0;0;0;3321850;1782474;36;0;1826805;0;0;0;0
FR;0;2021-03-03;116565;65469;0;0;69162;0;0;0;0;3438415;1847943;36;0;1895967;0;0;0;0
FR;0;2021-03-04;163663;72638;3;0;78211;0;0;0;0;3602078;1920581;39;0;1974178;0;0;0;0
FR;0;2021-03-05;200962;62703;3;0;69437;0;0;0;0;3803040;1983284;42;0;2043615;0;0;0;0
FR;0;2021-03-06;207993;17483;3;0;22785;0;0;0;0;4011033;2000767;45;0;2066400;0;0;0;0
FR;0;2021-03-07;121293;3971;1;0;7265;0;0;0;0;4132326;2004738;46;0;2073665;0;0;0;0
FR;0;2021-03-08;107180;49550;2;0;53040;0;0;0;0;4239506;2054288;48;0;2126705;0;0;0;0
FR;0;2021-03-09;172487;56016;2;0;61515;0;0;0;0;4411993;2110304;50;0;2188220;0;0;0;0
FR;0;2021-03-10;179043;57054;5;0;62730;0;0;0;0;4591036;2167358;55;0;2250950;0;0;0;0
FR;0;2021-03-11;242933;64032;2;0;72129;0;0;0;0;4833969;2231390;57;0;2323079;0;0;0;0
FR;0;2021-03-12;294876;53373;1;0;62830;0;0;0;0;5128845;2284763;58;0;2385909;0;0;0;0
FR;0;2021-03-13;231445;15262;1;0;21240;0;0;0;0;5360290;2300025;59;0;2407149;0;0;0;0
FR;0;2021-03-14;63365;3041;1;0;5077;0;0;0;0;5423655;2303066;60;0;2412226;0;0;0;0
FR;0;2021-03-15;158700;31498;3;0;36153;0;0;0;0;5582355;2334564;63;0;2448379;0;0;0;0
FR;0;2021-03-16;141599;38816;6;0;42968;0;0;0;0;5723954;2373380;69;0;2491347;0;0;0;0
FR;0;2021-03-17;150519;37567;4;0;42336;0;0;0;0;5874473;2410947;73;0;2533683;0;0;0;0
FR;0;2021-03-18;167871;44324;5;0;49891;0;0;0;0;6042344;2455271;78;0;2583574;0;0;0;0
FR;0;2021-03-19;230056;36748;2;0;44107;0;0;0;0;6272400;2492019;80;0;2627681;0;0;0;0
FR;0;2021-03-20;166722;11385;1;0;16009;0;0;0;0;6439122;2503404;81;0;2643690;0;0;0;0
FR;0;2021-03-21;49959;2128;1;0;3887;0;0;0;0;6489081;2505532;82;0;2647577;0;0;0;0
FR;0;2021-03-22;170085;33533;2;0;39038;0;0;0;0;6659166;2539065;84;0;2686615;0;0;0;0
FR;0;2021-03-23;250442;42373;1;0;50220;0;0;0;0;6909608;2581438;85;0;2736835;0;0;0;0
FR;0;2021-03-24;256952;43611;0;0;51714;0;0;0;0;7166560;2625049;85;0;2788549;0;0;0;0
FR;0;2021-03-25;341875;45288;5;0;56288;0;0;0;0;7508435;2670337;90;0;2844837;0;0;0;0
FR;0;2021-03-26;358849;41806;5;1;53564;0;0;0;0;7867284;2712143;95;1;2898401;0;0;0;0
FR;0;2021-03-27;195297;16951;1;0;23395;0;0;0;0;8062581;2729094;96;1;2921796;0;0;0;0
FR;0;2021-03-28;59360;4587;3;0;6652;0;0;0;0;8121941;2733681;99;1;2928448;0;0;0;0
FR;0;2021-03-29;203028;53395;4;0;60160;0;0;0;0;8324969;2787076;103;1;2988608;0;0;0;0
FR;0;2021-03-30;285550;70039;5;0;80453;0;0;0;0;8610519;2857115;108;1;3069061;0;0;0;0
FR;0;2021-03-31;263083;74058;4;0;84730;0;0;0;0;8873602;2931173;112;1;3153791;0;0;0;0
FR;0;2021-04-01;315587;92818;11;0;106402;0;0;0;0;9189189;3023991;123;1;3260193;0;0;0;0
FR;0;2021-04-02;281384;94822;7;0;106655;0;0;0;0;9470573;3118813;130;1;3366848;0;0;0;0
FR;0;2021-04-03;141097;62606;6;0;67868;0;0;0;0;9611670;3181419;136;1;3434716;0;0;0;0
FR;0;2021-04-04;46551;19021;2;0;21074;0;0;0;0;9658221;3200440;138;1;3455790;0;0;0;0
FR;0;2021-04-05;63373;10402;11;0;13059;0;0;0;0;9721594;3210842;149;1;3468849;0;0;0;0
FR;0;2021-04-06;217275;113142;17;0;122010;0;0;0;0;9938869;3323984;166;1;3590859;0;0;0;0
FR;0;2021-04-07;260324;115283;17;0;126637;0;0;0;0;10199193;3439267;183;1;3717496;0;0;0;0
FR;0;2021-04-08;337917;123221;15;0;138853;0;0;0;0;10537110;3562488;198;1;3856349;0;0;0;0
FR;0;2021-04-09;410244;116884;49;0;134294;0;0;0;0;10947354;3679372;247;1;3990643;0;0;0;0
FR;0;2021-04-10;212665;82876;15;0;91269;0;0;0;0;11160019;3762248;262;1;4081912;0;0;0;0
FR;0;2021-04-11;56162;34179;7;0;36705;0;0;0;0;11216181;3796427;269;1;4118617;0;0;0;0
FR;0;2021-04-12;237130;115831;46;0;125441;0;0;0;0;11453311;3912258;315;1;4244058;0;0;0;0
FR;0;2021-04-13;309558;144155;98;1;157118;0;0;0;0;11762869;4056413;413;2;4401176;0;0;0;0
FR;0;2021-04-14;294609;139858;215;0;153238;0;0;0;0;12057478;4196271;628;2;4554414;0;0;0;0
FR;0;2021-04-15;337204;150542;340;0;166085;0;0;0;0;12394682;4346813;968;2;4720499;0;0;0;0
FR;0;2021-04-16;339363;147046;354;0;161705;0;0;0;0;12734045;4493859;1322;2;4882204;0;0;0;0
FR;0;2021-04-17;188689;89985;109;0;97684;0;0;0;0;12922734;4583844;1431;2;4979888;0;0;0;0
FR;0;2021-04-18;51645;35462;48;0;37884;0;0;0;0;12974379;4619306;1479;2;5017772;0;0;0;0
FR;0;2021-04-19;205750;138299;457;0;147459;0;0;0;0;13180129;4757605;1936;2;5165231;0;0;0;0
FR;0;2021-04-20;254496;172048;569;0;183708;0;0;0;0;13434625;4929653;2505;2;5348939;0;0;0;0
FR;0;2021-04-21;253346;170244;836;0;182268;0;0;0;0;13687971;5099897;3341;2;5531207;0;0;0;0
FR;0;2021-04-22;287634;190454;820;0;205049;0;0;0;0;13975605;5290351;4161;2;5736256;0;0;0;0
FR;0;2021-04-23;297686;184745;747;0;203506;0;0;0;0;14273291;5475096;4908;2;5939762;0;0;0;0
FR;0;2021-04-24;190483;112058;252;0;122513;0;0;0;0;14463774;5587154;5160;2;6062275;0;0;0;0
FR;0;2021-04-25;69577;38862;51;0;42593;0;0;0;0;14533351;5626016;5211;2;6104868;0;0;0;0
FR;0;2021-04-26;221007;158706;564;0;171907;0;0;0;0;14754358;5784722;5775;2;6276775;0;0;0;0
FR;0;2021-04-27;284658;188073;941;0;211390;0;0;0;0;15039016;5972795;6716;2;6488165;0;0;0;0
FR;0;2021-04-28;299598;184726;1427;1;209805;1;0;0;0;15338614;6157521;8143;3;6697970;1;0;0;0
FR;0;2021-04-29;357220;198321;1281;0;233408;0;0;0;0;15695834;6355842;9424;3;6931378;1;0;0;0
FR;0;2021-04-30;372270;186154;1124;1;225495;0;0;0;0;16068104;6541996;10548;4;7156873;1;0;0;0
FR;0;2021-05-01;167680;52539;179;0;63785;0;0;0;0;16235784;6594535;10727;4;7220658;1;0;0;0
FR;0;2021-05-02;91771;37869;83;0;43598;0;0;0;0;16327555;6632404;10810;4;7264256;1;0;0;0
FR;0;2021-05-03;288987;165120;843;0;185645;0;0;0;0;16616542;6797524;11653;4;7449901;1;0;0;0
FR;0;2021-05-04;315761;225640;1237;0;251813;0;0;0;0;16932303;7023164;12890;4;7701714;1;0;0;0
FR;0;2021-05-05;327323;226687;1316;0;251768;0;0;0;0;17259626;7249851;14206;4;7953482;1;0;0;0
FR;0;2021-05-06;379657;241294;1634;0;275543;0;0;0;0;17639283;7491145;15840;4;8229025;1;0;0;0
FR;0;2021-05-07;372840;258918;1225;0;299975;0;0;0;0;18012123;7750063;17065;4;8529000;1;0;0;0
FR;0;2021-05-08;222192;71522;300;0;86731;0;0;0;0;18234315;7821585;17365;4;8615731;1;0;0;0
FR;0;2021-05-09;129735;44488;243;0;53126;0;0;0;0;18364050;7866073;17608;4;8668857;1;0;0;0
FR;0;2021-05-10;313436;229740;1239;0;255521;0;0;0;0;18677486;8095813;18847;4;8924378;1;0;0;0
FR;0;2021-05-11;403987;258455;1566;0;296885;0;0;0;0;19081473;8354268;20413;4;9221263;1;0;0;0
FR;0;2021-05-12;434231;233897;1544;0;270185;0;0;0;0;19515704;8588165;21957;4;9491448;1;0;0;0
FR;0;2021-05-13;338643;56436;432;0;77929;0;0;0;0;19854347;8644601;22389;4;9569377;1;0;0;0
FR;0;2021-05-14;454194;167501;1130;0;203113;0;0;0;0;20308541;8812102;23519;4;9772490;1;0;0;0
FR;0;2021-05-15;375022;94403;445;0;120803;0;0;0;0;20683563;8906505;23964;4;9893293;1;0;0;0
FR;0;2021-05-16;202779;20694;168;0;34095;0;0;0;0;20886342;8927199;24132;4;9927388;1;0;0;0
FR;0;2021-05-17;376169;148883;1555;0;178673;0;0;0;0;21262511;9076082;25687;4;10106061;1;0;0;0
FR;0;2021-05-18;460231;154150;1991;0;193304;0;0;0;0;21722742;9230232;27678;4;10299365;1;0;0;0
FR;0;2021-05-19;467480;142580;2466;0;179845;0;0;0;0;22190222;9372812;30144;4;10479210;1;0;0;0
FR;0;2021-05-20;507610;160253;2340;0;204209;0;0;0;0;22697832;9533065;32484;4;10683419;1;0;0;0
FR;0;2021-05-21;489737;175271;1997;0;221817;0;0;0;0;23187569;9708336;34481;4;10905236;1;0;0;0
FR;0;2021-05-22;347231;80251;670;0;108683;0;0;0;0;23534800;9788587;35151;4;11013919;1;0;0;0
FR;0;2021-05-23;161719;14211;246;0;26680;0;0;0;0;23696519;9802798;35397;4;11040599;1;0;0;0
FR;0;2021-05-24;263222;33110;604;0;52945;0;0;0;0;23959741;9835908;36001;4;11093544;1;0;0;0
FR;0;2021-05-25;400322;190461;2357;1;227030;0;0;0;0;24360063;10026369;38358;5;11320574;1;0;0;0
FR;0;2021-05-26;413524;191298;2227;0;229348;0;0;0;0;24773587;10217667;40585;5;11549922;1;0;0;0
FR;0;2021-05-27;449888;220128;2163;0;267269;0;0;0;0;25223475;10437795;42748;5;11817191;1;0;0;0
FR;0;2021-05-28;429618;261170;1895;0;319270;0;0;0;0;25653093;10698965;44643;5;12136461;1;0;0;0
FR;0;2021-05-29;299011;150537;586;0;183390;0;0;0;0;25952104;10849502;45229;5;12319851;1;0;0;0
FR;0;2021-05-30;107156;32505;164;0;42089;0;0;0;0;26059260;10882007;45393;5;12361940;1;0;0;0
FR;0;2021-05-31;358084;203490;1474;1;241772;1;0;0;0;26417344;11085497;46867;6;12603712;2;0;0;0
FR;0;2021-06-01;431157;251296;1969;1;302942;1;0;0;0;26848501;11336793;48836;7;12906654;3;0;0;0
FR;0;2021-06-02;420191;232819;1986;0;280206;0;0;0;0;27268692;11569612;50822;7;13186860;3;0;0;0
FR;0;2021-06-03;465722;257781;1826;0;312557;0;0;0;0;27734414;11827393;52648;7;13499417;3;0;0;0
FR;0;2021-06-04;456311;305903;1735;1;363318;1;0;0;0;28190725;12133296;54383;8;13862735;4;0;0;0
FR;0;2021-06-05;304841;189571;653;0;222794;0;0;0;0;28495566;12322867;55036;8;14085529;4;0;0;0
FR;0;2021-06-06;133344;49020;227;0;61159;0;0;0;0;28628910;12371887;55263;8;14146688;4;0;0;0
FR;0;2021-06-07;340028;261515;1529;0;298607;0;0;0;0;28968938;12633402;56792;8;14445295;4;0;0;0
FR;0;2021-06-08;393974;291419;1806;0;338285;0;0;0;0;29362912;12924821;58598;8;14783580;4;0;0;0
FR;0;2021-06-09;384975;273773;1734;0;318168;0;0;0;0;29747887;13198594;60332;8;15101748;4;0;0;0
FR;0;2021-06-10;404263;286280;1728;1;335730;0;0;0;0;30152150;13484874;62060;9;15437478;4;0;0;0
FR;0;2021-06-11;386734;356527;1468;1;406973;0;0;0;0;30538884;13841401;63528;10;15844451;4;0;0;0
FR;0;2021-06-12;283300;210995;497;0;243141;0;0;0;0;30822184;14052396;64025;10;16087592;4;0;0;0
FR;0;2021-06-13;104907;73843;204;0;84836;0;0;0;0;30927091;14126239;64229;10;16172428;4;0;0;0
FR;0;2021-06-14;240891;354031;1429;1;383227;0;0;0;0;31167982;14480270;65658;11;16555655;4;0;0;0
FR;0;2021-06-15;308239;384328;1574;1;423104;0;0;0;0;31476221;14864598;67232;12;16978759;4;0;0;0
FR;0;2021-06-16;314027;357606;1419;1;395371;0;0;0;0;31790248;15222204;68651;13;17374130;4;0;0;0
FR;0;2021-06-17;317743;373168;1432;1;414366;0;0;0;0;32107991;15595372;70083;14;17788496;4;0;0;0
FR;0;2021-06-18;321785;442594;1342;1;486001;0;0;0;0;32429776;16037966;71425;15;18274497;4;0;0;0
FR;0;2021-06-19;224368;274028;449;0;301220;0;0;0;0;32654144;16311994;71874;15;18575717;4;0;0;0
FR;0;2021-06-20;74459;102288;131;0;111481;0;0;0;0;32728603;16414282;72005;15;18687198;4;0;0;0
FR;0;2021-06-21;195819;401757;1038;1;427722;1;0;0;0;32924422;16816039;73043;16;19114920;5;0;0;0
FR;0;2021-06-22;223244;467820;1266;10;500488;1;0;0;0;33147666;17283859;74309;26;19615408;6;0;0;0
FR;0;2021-06-23;234087;440133;1198;1;474244;1;0;0;0;33381753;17723992;75507;27;20089652;7;0;0;0
FR;0;2021-06-24;241909;409761;1359;0;447254;0;0;0;0;33623662;18133753;76866;27;20536906;7;0;0;0
FR;0;2021-06-25;227677;523087;1404;0;562087;0;0;0;0;33851339;18656840;78270;27;21098993;7;0;0;0
FR;0;2021-06-26;153295;371097;589;1;395904;0;0;0;0;34004634;19027937;78859;28;21494897;7;0;0;0
FR;0;2021-06-27;55924;155943;169;1;164853;0;0;0;0;34060558;19183880;79028;29;21659750;7;0;0;0
FR;0;2021-06-28;154813;452529;1178;0;478127;0;0;0;0;34215371;19636409;80206;29;22137877;7;0;0;0
FR;0;2021-06-29;182752;507849;2124;0;539220;0;0;0;0;34398123;20144258;82330;29;22677097;7;0;0;0
FR;0;2021-06-30;204047;485259;2016;21;519525;2;0;0;0;34602170;20629517;84346;50;23196622;9;0;0;0
FR;0;2021-07-01;231467;458567;2226;5;498506;0;0;0;0;34833637;21088084;86572;55;23695128;9;0;0;0
FR;0;2021-07-02;228707;520026;2120;5;562336;2;0;0;0;35062344;21608110;88692;60;24257464;11;0;0;0
FR;0;2021-07-03;142058;368759;908;3;395247;1;0;0;0;35204402;21976869;89600;63;24652711;12;0;0;0
FR;0;2021-07-04;56765;141007;265;0;150697;0;0;0;0;35261167;22117876;89865;63;24803408;12;0;0;0
FR;0;2021-07-05;168553;418659;1668;8;448601;0;0;0;0;35429720;22536535;91533;71;25252009;12;0;0;0
FR;0;2021-07-06;196812;474527;1830;45;511118;8;0;0;0;35626532;23011062;93363;116;25763127;20;0;0;0
FR;0;2021-07-07;213258;438964;1881;25;477426;2;0;0;0;35839790;23450026;95244;141;26240553;22;0;0;0
FR;0;2021-07-08;231680;424141;2090;20;468070;2;0;0;0;36071470;23874167;97334;161;26708623;24;0;0;0
FR;0;2021-07-09;228644;511068;2185;4;557354;1;0;0;0;36300114;24385235;99519;165;27265977;25;0;0;0
FR;0;2021-07-10;148640;339926;986;1;368866;0;0;0;0;36448754;24725161;100505;166;27634843;25;0;0;0
FR;0;2021-07-11;60217;110051;284;0;120961;0;0;0;0;36508971;24835212;100789;166;27755804;25;0;0;0
FR;0;2021-07-12;169443;477698;1766;4;512426;0;0;0;0;36678414;25312910;102555;170;28268230;25;0;0;0
FR;0;2021-07-13;287312;526599;2050;8;585618;0;0;0;0;36965726;25839509;104605;178;28853848;25;0;0;0
FR;0;2021-07-14;181123;157330;435;0;186638;0;0;0;0;37146849;25996839;105040;178;29040486;25;0;0;0
FR;0;2021-07-15;347131;501599;2100;1;571559;0;0;0;0;37493980;26498438;107140;179;29612045;25;0;0;0
FR;0;2021-07-16;380126;494963;2023;3;574135;1;0;0;0;37874106;26993401;109163;182;30186180;26;0;0;0
FR;0;2021-07-17;259757;319633;877;1;368591;0;0;0;0;38133863;27313034;110040;183;30554771;26;0;0;0
FR;0;2021-07-18;109747;114566;310;0;133003;0;0;0;0;38243610;27427600;110350;183;30687774;26;0;0;0
FR;0;2021-07-19;285528;423874;1631;3;478880;0;0;0;0;38529138;27851474;111981;186;31166654;26;0;0;0
FR;0;2021-07-20;376944;451204;1725;0;523535;0;0;0;0;38906082;28302678;113706;186;31690189;26;0;0;0
FR;0;2021-07-21;395847;406822;1550;4;481805;1;0;0;0;39301929;28709500;115256;190;32171994;27;0;0;0
FR;0;2021-07-22;441092;387299;1715;4;471765;1;0;0;0;39743021;29096799;116971;194;32643759;28;0;0;0
FR;0;2021-07-23;440353;421957;1883;4;509916;1;0;0;0;40183374;29518756;118854;198;33153675;29;0;0;0
FR;0;2021-07-24;285264;269309;804;1;321988;0;0;0;0;40468638;29788065;119658;199;33475663;29;0;0;0
FR;0;2021-07-25;121130;79919;234;0;100271;0;0;0;0;40589768;29867984;119892;199;33575934;29;0;0;0
FR;0;2021-07-26;347454;322133;1614;3;384686;1;0;0;0;40937222;30190117;121506;202;33960620;30;0;0;0
FR;0;2021-07-27;464124;319259;1698;4;400408;1;0;0;0;41401346;30509376;123204;206;34361028;31;0;0;0
FR;0;2021-07-28;459483;289371;1637;4;366981;1;0;0;0;41860829;30798747;124841;210;34728009;32;0;0;0
FR;0;2021-07-29;489868;276103;1797;2;356972;0;0;0;0;42350697;31074850;126638;212;35084981;32;0;0;0
FR;0;2021-07-30;461862;302331;1942;5;380809;1;0;0;0;42812559;31377181;128580;217;35465790;33;0;0;0
FR;0;2021-07-31;285426;185023;916;1;231509;0;0;0;0;43097985;31562204;129496;218;35697299;33;0;0;0
FR;0;2021-08-01;112053;49908;257;0;65685;0;0;0;0;43210038;31612112;129753;218;35762984;33;0;0;0
FR;0;2021-08-02;341676;234025;1603;2;284714;0;0;0;0;43551714;31846137;131356;220;36047698;33;0;0;0
FR;0;2021-08-03;398647;244431;1729;2;304503;1;0;0;0;43950361;32090568;133085;222;36352201;34;0;0;0
FR;0;2021-08-04;384888;209509;1594;6;265629;3;0;0;0;44335249;32300077;134679;228;36617830;37;0;0;0
FR;0;2021-08-05;366203;228339;1711;0;281712;0;0;0;0;44701452;32528416;136390;228;36899542;37;0;0;0
FR;0;2021-08-06;359761;271209;1835;4;326586;0;0;0;0;45061213;32799625;138225;232;37226128;37;0;0;0
FR;0;2021-08-07;213151;178315;756;5;210040;1;0;0;0;45274364;32977940;138981;237;37436168;38;0;0;0
FR;0;2021-08-08;74213;63191;276;0;73625;0;0;0;0;45348577;33041131;139257;237;37509793;38;0;0;0
FR;0;2021-08-09;258780;258574;1549;4;297486;2;0;0;0;45607357;33299705;140806;241;37807279;40;0;0;0
FR;0;2021-08-10;306900;277042;1662;2;323426;0;0;0;0;45914257;33576747;142468;243;38130705;40;0;0;0
FR;0;2021-08-11;279769;259539;1442;5;301607;0;0;0;0;46194026;33836286;143910;248;38432312;40;0;0;0
FR;0;2021-08-12;271576;277999;1669;3;320255;0;0;0;0;46465602;34114285;145579;251;38752567;40;0;0;0
FR;0;2021-08-13;252181;278121;1595;3;316954;2;0;0;0;46717783;34392406;147174;254;39069521;42;0;0;0
FR;0;2021-08-14;145366;197058;740;0;218979;0;0;0;0;46863149;34589464;147914;254;39288500;42;0;0;0
FR;0;2021-08-15;39403;50087;218;1;55667;0;0;0;0;46902552;34639551;148132;255;39344167;42;0;0;0
FR;0;2021-08-16;186196;317468;1543;0;345384;0;0;0;0;47088748;34957019;149675;255;39689551;42;0;0;0
FR;0;2021-08-17;215721;335794;1638;7;368826;0;0;0;0;47304469;35292813;151313;262;40058377;42;0;0;0
FR;0;2021-08-18;199083;324371;1599;7;354534;3;0;0;0;47503552;35617184;152912;269;40412911;45;0;0;0
FR;0;2021-08-19;192052;325393;1642;1;355950;0;0;0;0;47695604;35942577;154554;270;40768861;45;0;0;0
FR;0;2021-08-20;186493;366177;1823;3;396603;2;0;0;0;47882097;36308754;156377;273;41165464;47;0;0;0
FR;0;2021-08-21;104814;238130;709;0;254560;0;0;0;0;47986911;36546884;157086;273;41420024;47;0;0;0
FR;0;2021-08-22;31950;87210;256;1;92163;1;0;0;0;48018861;36634094;157342;274;41512187;48;0;0;0
FR;0;2021-08-23;141001;356996;1561;3;379585;0;0;0;0;48159862;36991090;158903;277;41891772;48;0;0;0
FR;0;2021-08-24;162523;376572;1850;5;402817;0;0;0;0;48322385;37367662;160753;282;42294589;48;0;0;0
FR;0;2021-08-25;151165;350710;2038;8;375397;2;0;0;0;48473550;37718372;162791;290;42669986;50;0;0;0
FR;0;2021-08-26;142899;342770;2564;10;367558;0;0;0;0;48616449;38061142;165355;300;43037544;50;0;0;0
FR;0;2021-08-27;148457;388240;2791;11;414874;1;0;0;0;48764906;38449382;168146;311;43452418;51;0;0;0
FR;0;2021-08-28;90682;249640;1407;0;264964;0;0;0;0;48855588;38699022;169553;311;43717382;51;0;0;0
FR;0;2021-08-29;27325;83357;518;1;88273;0;0;0;0;48882913;38782379;170071;312;43805655;51;0;0;0
FR;0;2021-08-30;117432;324581;4714;6;342389;5845;0;0;0;49000345;39106960;174785;318;44148044;5896;0;0;0
FR;0;2021-08-31;128834;334452;10189;19;353928;11769;2;0;0;49129179;39441412;184974;337;44501972;17665;2;0;0
FR;0;2021-09-01;136168;285662;22437;8;302402;24415;1;0;0;49265347;39727074;207411;345;44804374;42080;3;0;0
FR;0;2021-09-02;114653;247197;26525;20;262095;29010;0;0;0;49380000;39974271;233936;365;45066469;71090;3;0;0
FR;0;2021-09-03;118329;292650;29968;24;309307;33076;1;0;0;49498329;40266921;263904;389;45375776;104166;4;0;0
FR;0;2021-09-04;89894;217797;12587;12;230491;14157;7;0;0;49588223;40484718;276491;401;45606267;118323;11;0;0
FR;0;2021-09-05;21365;44796;4397;2;48279;4716;0;0;0;49609588;40529514;280888;403;45654546;123039;11;0;0
FR;0;2021-09-06;75702;180486;31957;16;190662;34305;2;0;0;49685290;40710000;312845;419;45845208;157344;13;0;0
FR;0;2021-09-07;80318;181179;33251;43;191037;36322;2;0;0;49765608;40891179;346096;462;46036245;193666;15;0;0
FR;0;2021-09-08;91013;206087;29666;28;216569;32571;4;0;0;49856621;41097266;375762;490;46252814;226237;19;0;0
FR;0;2021-09-09;76984;165313;33085;27;174117;36699;5;0;0;49933605;41262579;408847;517;46426931;262936;24;0;0
FR;0;2021-09-10;96051;203812;35743;28;214891;40788;7;0;0;50029656;41466391;444590;545;46641822;303724;31;0;0
FR;0;2021-09-11;67168;169342;12140;19;178186;14414;0;0;0;50096824;41635733;456730;564;46820008;318138;31;0;0
FR;0;2021-09-12;12830;32094;2784;1;34140;3190;2;0;0;50109654;41667827;459514;565;46854148;321328;33;0;0
FR;0;2021-09-13;64581;126155;41249;35;134170;44266;17;0;0;50174235;41793982;500763;600;46988318;365594;50;0;0
FR;0;2021-09-14;73504;129008;56391;80;135748;62447;44;0;0;50247739;41922990;557154;680;47124066;428041;94;0;0
FR;0;2021-09-15;76668;167729;55671;58;174674;54850;76;0;0;50324407;42090719;612825;738;47298740;482891;170;0;0
FR;0;2021-09-16;63897;114504;60099;82;117880;60174;64;0;0;50388304;42205223;672924;820;47416620;543065;234;0;0
FR;0;2021-09-17;75093;156854;53871;71;159730;57367;67;0;0;50463397;42362077;726795;891;47576350;600432;301;0;0
FR;0;2021-09-18;48244;139637;15603;25;144318;17321;20;0;0;50511641;42501714;742398;916;47720668;617753;321;0;0
FR;0;2021-09-19;7908;23647;2443;1;24877;2619;1;0;0;50519549;42525361;744841;917;47745545;620372;322;0;0
FR;0;2021-09-20;44580;93751;50087;72;96241;50347;34;0;0;50564129;42619112;794928;989;47841786;670719;356;0;0
FR;0;2021-09-21;45918;98365;62772;77;98382;63506;79;0;0;50610047;42717477;857700;1066;47940168;734225;435;0;0
FR;0;2021-09-22;48708;142401;55383;82;144846;55483;47;0;0;50658755;42859878;913083;1148;48085014;789708;482;0;0
FR;0;2021-09-23;43298;92067;62408;95;91274;63590;86;0;0;50702053;42951945;975491;1243;48176288;853298;568;0;0
FR;0;2021-09-24;52324;133297;54570;107;132395;59232;78;0;0;50754377;43085242;1030061;1350;48308683;912530;646;0;0
FR;0;2021-09-25;35225;115665;16277;36;118647;18317;22;0;0;50789602;43200907;1046338;1386;48427330;930847;668;0;0
FR;0;2021-09-26;5561;17804;2273;5;18691;2331;5;0;0;50795163;43218711;1048611;1391;48446021;933178;673;0;0
FR;0;2021-09-27;33986;76898;47205;97;78784;48190;81;0;1;50829149;43295609;1095816;1488;48524805;981368;754;0;1
FR;0;2021-09-28;36524;75245;54983;90;74327;56599;47;0;0;50865673;43370854;1150799;1578;48599132;1037967;801;0;1
FR;0;2021-09-29;44426;100689;53375;113;102847;54911;41;0;0;50910099;43471543;1204174;1691;48701979;1092878;842;0;1
FR;0;2021-09-30;36350;72980;57046;96;71483;59611;58;0;0;50946449;43544523;1261220;1787;48773462;1152489;900;0;1
FR;0;2021-10-01;61719;102862;57836;108;101413;64019;23;0;0;51008168;43647385;1319056;1895;48874875;1216508;923;0;1
FR;0;2021-10-02;39472;78460;20965;39;81737;23386;12;0;0;51047640;43725845;1340021;1934;48956612;1239894;935;0;1
FR;0;2021-10-03;5289;10491;2536;4;11257;2542;4;0;0;51052929;43736336;1342557;1938;48967869;1242436;939;0;1
FR;0;2021-10-04;35208;58503;52638;84;59504;54860;37;0;0;51088137;43794839;1395195;2022;49027373;1297296;976;0;1
FR;0;2021-10-05;33937;64380;61032;135;62110;65121;47;0;0;51122074;43859219;1456227;2157;49089483;1362417;1023;0;1
FR;0;2021-10-06;42728;79309;65763;112;80181;68384;29;0;0;51164802;43938528;1521990;2269;49169664;1430801;1052;0;1
FR;0;2021-10-07;30575;62285;65447;88;59502;68896;38;0;0;51195377;44000813;1587437;2357;49229166;1499697;1090;0;1
FR;0;2021-10-08;49486;91947;77773;111;89889;84807;39;0;0;51244863;44092760;1665210;2468;49319055;1584504;1129;0;1
FR;0;2021-10-09;33677;60949;31549;35;64139;33933;17;0;0;51278540;44153709;1696759;2503;49383194;1618437;1146;0;1
FR;0;2021-10-10;4722;7423;3199;9;7939;3475;2;0;0;51283262;44161132;1699958;2512;49391133;1621912;1148;0;1
FR;0;2021-10-11;30734;49886;61050;105;50601;64120;46;0;0;51313996;44211018;1761008;2617;49441734;1686032;1194;0;1
FR;0;2021-10-12;31650;54483;70635;141;51310;76050;27;0;0;51345646;44265501;1831643;2758;49493044;1762082;1221;0;1
FR;0;2021-10-13;40167;62854;74443;137;62802;79398;29;0;1;51385813;44328355;1906086;2895;49555846;1841480;1250;0;2
FR;0;2021-10-14;30364;52873;68779;116;49696;73870;31;0;0;51416177;44381228;1974865;3011;49605542;1915350;1281;0;2
FR;0;2021-10-15;44961;75236;93254;191;70331;103055;26;0;0;51461138;44456464;2068119;3202;49675873;2018405;1307;0;2
FR;0;2021-10-16;31335;44085;36701;45;46704;39651;15;0;0;51492473;44500549;2104820;3247;49722577;2058056;1322;0;2
FR;0;2021-10-17;3898;5229;3603;2;5676;3674;4;0;0;51496371;44505778;2108423;3249;49728253;2061730;1326;0;2
FR;0;2021-10-18;29217;42344;67521;134;42561;71383;27;0;0;51525588;44548122;2175944;3383;49770814;2133113;1353;0;2
FR;0;2021-10-19;27196;45548;76431;140;43206;81677;45;0;0;51552784;44593670;2252375;3523;49814020;2214790;1398;0;2
FR;0;2021-10-20;35347;52407;96960;181;51813;101579;45;0;0;51588131;44646077;2349335;3704;49865833;2316369;1443;0;2
FR;0;2021-10-21;26166;45172;83998;112;41968;89195;30;0;0;51614297;44691249;2433333;3816;49907801;2405564;1473;0;2
FR;0;2021-10-22;38450;62489;104928;200;59355;112655;61;0;0;51652747;44753738;2538261;4016;49967156;2518219;1534;0;2
FR;0;2021-10-23;27034;41205;45467;57;42426;48638;14;0;0;51679781;44794943;2583728;4073;50009582;2566857;1548;0;2
FR;0;2021-10-24;2947;4763;3686;6;5014;3923;1;0;0;51682728;44799706;2587414;4079;50014596;2570780;1549;0;2
FR;0;2021-10-25;26109;36209;82347;144;35482;86681;38;0;0;51708837;44835915;2669761;4223;50050078;2657461;1587;0;2
FR;0;2021-10-26;23770;34991;87283;166;32158;92412;34;0;0;51732607;44870906;2757044;4389;50082236;2749873;1621;0;2
FR;0;2021-10-27;30115;46298;109034;257;44037;114752;48;0;0;51762722;44917204;2866078;4646;50126273;2864625;1669;0;2
FR;0;2021-10-28;23611;34930;88744;153;31197;94542;35;0;0;51786333;44952134;2954822;4799;50157470;2959167;1704;0;2
FR;0;2021-10-29;31589;51451;117349;206;46498;125438;52;0;0;51817922;45003585;3072171;5005;50203968;3084605;1756;0;2
FR;0;2021-10-30;20578;33239;50361;76;32921;53430;20;0;0;51838500;45036824;3122532;5081;50236889;3138035;1776;0;2
FR;0;2021-10-31;2519;3732;3595;3;3844;3881;3;0;0;51841019;45040556;3126127;5084;50240733;3141916;1779;0;2
FR;0;2021-11-01;8544;4868;3224;3;5020;3586;10;0;0;51849563;45045424;3129351;5087;50245753;3145502;1789;0;2
FR;0;2021-11-02;26387;40098;93612;156;36237;99674;44;0;1;51875950;45085522;3222963;5243;50281990;3245176;1833;0;3
FR;0;2021-11-03;30133;47901;118932;222;43555;125908;64;0;0;51906083;45133423;3341895;5465;50325545;3371084;1897;0;3
FR;0;2021-11-04;23824;37461;107602;217;31574;114482;46;0;0;51929907;45170884;3449497;5682;50357119;3485566;1943;0;3
FR;0;2021-11-05;32419;52937;141679;236;44651;151469;54;0;0;51962326;45223821;3591176;5918;50401770;3637035;1997;0;3
FR;0;2021-11-06;21554;34551;64912;123;32384;68354;26;0;0;51983880;45258372;3656088;6041;50434154;3705389;2023;0;3
FR;0;2021-11-07;2430;4154;5209;6;4000;5598;7;0;0;51986310;45262526;3661297;6047;50438154;3710987;2030;0;3
FR;0;2021-11-08;20634;37740;127237;227;30948;134365;50;0;0;52006944;45300266;3788534;6274;50469102;3845352;2080;0;3
FR;0;2021-11-09;22444;44650;161742;339;32855;172356;65;0;0;52029388;45344916;3950276;6613;50501957;4017708;2145;0;3
FR;0;2021-11-10;31621;54876;187070;447;44022;198890;91;0;0;52061009;45399792;4137346;7060;50545979;4216598;2236;0;3
FR;0;2021-11-11;4750;6743;12999;28;5905;13982;17;0;0;52065759;45406535;4150345;7088;50551884;4230580;2253;0;3
FR;0;2021-11-12;29103;55050;183838;252;41714;197505;86;0;0;52094862;45461585;4334183;7340;50593598;4428085;2339;0;3
FR;0;2021-11-13;20356;32599;80730;118;28228;86354;44;0;0;52115218;45494184;4414913;7458;50621826;4514439;2383;0;3
FR;0;2021-11-14;2367;3854;7184;6;3362;7847;9;0;0;52117585;45498038;4422097;7464;50625188;4522286;2392;0;3
FR;0;2021-11-15;20524;38549;160911;314;27783;171651;77;0;0;52138109;45536587;4583008;7778;50652971;4693937;2469;0;3
FR;0;2021-11-16;23675;43823;200492;394;27699;215191;115;0;1;52161784;45580410;4783500;8172;50680670;4909128;2584;0;4
FR;0;2021-11-17;30545;50235;199905;406;36444;212971;98;0;0;52192329;45630645;4983405;8578;50717114;5122099;2682;0;4
FR;0;2021-11-18;23460;45683;191757;469;29391;205745;94;0;0;52215789;45676328;5175162;9047;50746505;5327844;2776;0;4
FR;0;2021-11-19;33696;61270;243294;551;39907;262314;147;0;0;52249485;45737598;5418456;9598;50786412;5590158;2923;0;4
FR;0;2021-11-20;25426;36658;102194;207;29266;109767;43;0;0;52274911;45774256;5520650;9805;50815678;5699925;2966;0;4
FR;0;2021-11-21;2665;4444;9683;19;3442;10609;19;0;0;52277576;45778700;5530333;9824;50819120;5710534;2985;0;4
FR;0;2021-11-22;22824;33110;180437;472;18912;194922;90;0;0;52300400;45811810;5710770;10296;50838032;5905456;3075;0;4
FR;0;2021-11-23;25736;45457;229495;549;24111;247986;85;0;0;52326136;45857267;5940265;10845;50862143;6153442;3160;0;4
FR;0;2021-11-24;31821;53591;224910;715;34471;243364;80;0;0;52357957;45910858;6165175;11560;50896614;6396806;3240;0;4
FR;0;2021-11-25;25654;49132;256030;739;25045;277941;112;0;0;52383611;45959990;6421205;12299;50921659;6674747;3352;0;4
FR;0;2021-11-26;33255;74669;379565;867;37391;414800;172;0;0;52416866;46034659;6800770;13166;50959050;7089547;3524;0;4
FR;0;2021-11-27;23508;49551;214980;391;28441;236786;135;0;0;52440374;46084210;7015750;13557;50987491;7326333;3659;0;4
FR;0;2021-11-28;3528;10443;56787;66;4057;63333;42;0;0;52443902;46094653;7072537;13623;50991548;7389666;3701;0;4
FR;0;2021-11-29;19449;54063;341575;864;23089;371915;178;0;0;52463351;46148716;7414112;14487;51014637;7761581;3879;0;4
FR;0;2021-11-30;24789;71792;457491;988;26790;500933;291;0;0;52488140;46220508;7871603;15475;51041427;8262514;4170;0;4
FR;0;2021-12-01;27400;75417;469225;1162;31307;511448;304;0;0;52515540;46295925;8340828;16637;51072734;8773962;4474;0;4
FR;0;2021-12-02;22133;71461;527255;1282;20997;575056;309;0;0;52537673;46367386;8868083;17919;51093731;9349018;4783;0;4
FR;0;2021-12-03;25581;92769;596539;1421;34328;651332;343;0;0;52563254;46460155;9464622;19340;51128059;10000350;5126;0;4
FR;0;2021-12-04;18342;60286;336314;692;25662;369890;197;0;0;52581596;46520441;9800936;20032;51153721;10370240;5323;0;4
FR;0;2021-12-05;4158;16083;95820;157;4852;107050;92;0;0;52585754;46536524;9896756;20189;51158573;10477290;5415;0;4
FR;0;2021-12-06;28452;72660;493294;1175;25218;540114;386;0;0;52614206;46609184;10390050;21364;51183791;11017404;5801;0;4
FR;0;2021-12-07;23569;91191;645586;1774;28508;706599;416;0;0;52637775;46700375;11035636;23138;51212299;11724003;6217;0;4
FR;0;2021-12-08;25525;91865;591907;1875;34937;647775;439;0;0;52663300;46792240;11627543;25013;51247236;12371778;6656;0;4
FR;0;2021-12-09;24088;94022;663383;2179;28966;726828;463;0;0;52687388;46886262;12290926;27192;51276202;13098606;7119;0;4
FR;0;2021-12-10;28080;110829;736224;2075;37932;806399;471;0;1;52715468;46997091;13027150;29267;51314134;13905005;7590;0;5
FR;0;2021-12-11;20255;76039;435254;990;29935;480481;343;0;0;52735723;47073130;13462404;30257;51344069;14385486;7933;0;5
FR;0;2021-12-12;5685;23103;142362;262;6384;159234;108;0;0;52741408;47096233;13604766;30519;51350453;14544720;8041;0;5
FR;0;2021-12-13;21371;90677;587854;1699;29631;649471;397;0;0;52762779;47186910;14192620;32218;51380084;15194191;8438;0;5
FR;0;2021-12-14;27991;118200;765824;2658;35395;847804;701;0;1;52790770;47305110;14958444;34876;51415479;16041995;9139;0;6
FR;0;2021-12-15;28459;114131;694533;2267;39487;769314;503;0;1;52819229;47419241;15652977;37143;51454966;16811309;9642;0;7
FR;0;2021-12-16;28061;115563;764270;2559;35077;844695;516;0;0;52847290;47534804;16417247;39702;51490043;17656004;10158;0;7
FR;0;2021-12-17;31667;128219;808042;2713;43320;892194;612;0;0;52878957;47663023;17225289;42415;51533363;18548198;10770;0;7
FR;0;2021-12-18;24945;81470;470065;1179;30040;522268;353;0;0;52903902;47744493;17695354;43594;51563403;19070466;11123;0;7
FR;0;2021-12-19;8771;28505;169449;376;7835;191055;143;0;0;52912673;47772998;17864803;43970;51571238;19261521;11266;0;7
FR;0;2021-12-20;31785;97020;591631;1789;33814;658849;503;0;0;52944458;47870018;18456434;45759;51605052;19920370;11769;0;7
FR;0;2021-12-21;39482;111840;682567;2391;38746;759701;607;0;0;52983940;47981858;19139001;48150;51643798;20680071;12376;0;7
FR;0;2021-12-22;39566;99106;575909;2169;37076;642226;687;0;2;53023506;48080964;19714910;50319;51680874;21322297;13063;0;9
FR;0;2021-12-23;33792;79318;441114;1659;30089;494451;589;0;0;53057298;48160282;20156024;51978;51710963;21816748;13652;0;9
FR;0;2021-12-24;10700;26013;111061;398;11637;126677;236;0;1;53067998;48186295;20267085;52376;51722600;21943425;13888;0;10
FR;0;2021-12-25;779;3565;7603;25;2046;9022;72;0;0;53068777;48189860;20274688;52401;51724646;21952447;13960;0;10
FR;0;2021-12-26;4699;11878;52126;142;4737;60170;170;0;0;53073476;48201738;20326814;52543;51729383;22012617;14130;0;10
FR;0;2021-12-27;30511;83904;453632;1364;33013;509280;665;0;0;53103987;48285642;20780446;53907;51762396;22521897;14795;0;10
FR;0;2021-12-28;38369;98787;564241;1769;35082;632337;1558;0;2;53142356;48384429;21344687;55676;51797478;23154234;16353;0;12
FR;0;2021-12-29;39882;88133;501291;1687;33082;561056;1738;0;1;53182238;48472562;21845978;57363;51830560;23715290;18091;0;13
FR;0;2021-12-30;35928;75050;421074;1520;29497;471181;1880;0;0;53218166;48547612;22267052;58883;51860057;24186471;19971;0;13
FR;0;2021-12-31;12053;25070;116896;405;11262;131678;741;0;0;53230219;48572682;22383948;59288;51871319;24318149;20712;0;13
FR;0;2022-01-01;1594;3214;8533;37;1805;9942;103;0;0;53231813;48575896;22392481;59325;51873124;24328091;20815;0;13
FR;0;2022-01-02;6131;13015;58437;126;5109;66976;408;0;0;53237944;48588911;22450918;59451;51878233;24395067;21223;0;13
FR;0;2022-01-03;39735;90134;494909;1597;36875;551787;2650;0;1;53277679;48679045;22945827;61048;51915108;24946854;23873;0;14
FR;0;2022-01-04;42315;110973;641487;2309;40641;714498;3836;0;3;53319994;48790018;23587314;63357;51955749;25661352;27709;0;17
FR;0;2022-01-05;61225;103579;569285;1985;43795;634320;3429;0;2;53381219;48893597;24156599;65342;51999544;26295672;31138;0;19
FR;0;2022-01-06;44320;110304;639069;2702;40220;711590;4557;0;2;53425539;49003901;24795668;68044;52039764;27007262;35695;0;21
FR;0;2022-01-07;50847;123275;711080;2811;46835;790564;4995;0;2;53476386;49127176;25506748;70855;52086599;27797826;40690;0;23
FR;0;2022-01-08;45015;80266;423847;1213;35045;472912;2447;0;3;53521401;49207442;25930595;72068;52121644;28270738;43137;0;26
FR;0;2022-01-09;15614;26593;128585;300;11483;145663;829;0;0;53537015;49234035;26059180;72368;52133127;28416401;43966;0;26
FR;0;2022-01-10;35424;93247;469402;1816;43020;522789;3722;0;1;53572439;49327282;26528582;74184;52176147;28939190;47688;0;27
FR;0;2022-01-11;41956;100432;548346;2310;42395;608592;5219;0;2;53614395;49427714;27076928;76494;52218542;29547782;52907;0;29
FR;0;2022-01-12;60424;95683;452751;1969;49481;504415;4497;0;8;53674819;49523397;27529679;78463;52268023;30052197;57404;0;37
FR;0;2022-01-13;38275;92514;487422;2084;40547;541105;5467;0;8;53713094;49615911;28017101;80547;52308570;30593302;62871;0;45
FR;0;2022-01-14;42590;103289;568676;2286;43497;629064;6463;0;2;53755684;49719200;28585777;82833;52352067;31222366;69334;0;47
FR;0;2022-01-15;39433;65878;340169;985;31446;377582;3296;0;1;53795117;49785078;28925946;83818;52383513;31599948;72630;0;48
FR;0;2022-01-16;11415;19195;87447;216;9019;99403;764;0;0;53806532;49804273;29013393;84034;52392532;31699351;73394;0;48
FR;0;2022-01-17;24755;59980;320337;1384;28037;354175;3960;0;4;53831287;49864253;29333730;85418;52420569;32053526;77354;0;52
FR;0;2022-01-18;28332;68677;361150;1802;32012;397597;5771;0;1;53859619;49932930;29694880;87220;52452581;32451123;83125;0;53
FR;0;2022-01-19;43231;67010;281355;1452;40387;311094;4392;0;5;53902850;49999940;29976235;88672;52492968;32762217;87517;0;58
FR;0;2022-01-20;23681;59588;299069;1750;29560;328537;5636;0;4;53926531;50059528;30275304;90422;52522528;33090754;93153;0;62
FR;0;2022-01-21;28215;68763;366413;2086;33070;401219;6580;0;3;53954746;50128291;30641717;92508;52555598;33491973;99733;0;65
FR;0;2022-01-22;27630;47972;218811;840;27303;241796;2838;0;2;53982376;50176263;30860528;93348;52582901;33733769;102571;0;67
FR;0;2022-01-23;6740;12964;48695;173;7503;55170;591;0;1;53989116;50189227;30909223;93521;52590404;33788939;103162;0;68
FR;0;2022-01-24;16286;47439;217356;1149;25402;239356;4102;0;3;54005402;50236666;31126579;94670;52615806;34028295;107264;0;71
FR;0;2022-01-25;19034;54312;243104;1548;28805;267102;6067;0;5;54024436;50290978;31369683;96218;52644611;34295397;113331;0;76
FR;0;2022-01-26;28148;60550;209319;1299;41362;229548;4479;0;3;54052584;50351528;31579002;97517;52685973;34524945;117810;0;79
FR;0;2022-01-27;16338;46487;207674;1287;26149;226064;5693;0;4;54068922;50398015;31786676;98804;52712122;34751009;123503;0;83
FR;0;2022-01-28;21594;78649;290091;1574;44970;321348;7411;0;4;54090516;50476664;32076767;100378;52757092;35072357;130914;0;87
FR;0;2022-01-29;18424;52847;184145;689;32750;204577;3255;0;2;54108940;50529511;32260912;101067;52789842;35276934;134169;0;89
FR;0;2022-01-30;4477;14463;39152;124;9130;45056;637;0;1;54113417;50543974;32300064;101191;52798972;35321990;134806;0;90
FR;0;2022-01-31;11261;43903;148219;742;26129;164720;4230;0;5;54124678;50587877;32448283;101933;52825101;35486710;139036;0;95
FR;0;2022-02-01;13652;48293;174148;1145;27329;191337;7036;0;1;54138330;50636170;32622431;103078;52852430;35678047;146072;0;96
FR;0;2022-02-02;20760;66295;171561;1034;46159;190080;5970;0;10;54159090;50702465;32793992;104112;52898589;35868127;152042;0;106
FR;0;2022-02-03;11758;44790;157585;990;25345;173286;6933;0;6;54170848;50747255;32951577;105102;52923934;36041413;158975;0;112
FR;0;2022-02-04;14647;67975;239263;1267;37598;264082;9153;0;6;54185495;50815230;33190840;106369;52961532;36305495;168128;0;118
FR;0;2022-02-05;12903;51439;153565;523;31977;172294;3784;0;3;54198398;50866669;33344405;106892;52993509;36477789;171912;0;121
FR;0;2022-02-06;2726;12168;28898;102;7289;33830;662;0;0;54201124;50878837;33373303;106994;53000798;36511619;172574;0;121
FR;0;2022-02-07;9618;46621;156905;594;24515;176304;5294;0;6;54210742;50925458;33530208;107588;53025313;36687923;177868;0;127
FR;0;2022-02-08;9816;43101;166663;870;20966;184458;7054;0;6;54220558;50968559;33696871;108458;53046279;36872381;184922;0;133
FR;0;2022-02-09;14464;58262;172360;876;35361;193068;5788;0;9;54235022;51026821;33869231;109334;53081640;37065449;190710;0;142
FR;0;2022-02-10;8732;39229;150244;881;18706;166722;6503;0;2;54243754;51066050;34019475;110215;53100346;37232171;197213;0;144
FR;0;2022-02-11;10864;55702;218522;1101;25845;243117;8322;0;3;54254618;51121752;34237997;111316;53126191;37475288;205535;0;147
FR;0;2022-02-12;8409;40970;134740;465;22637;151768;3509;0;4;54263027;51162722;34372737;111781;53148828;37627056;209044;0;151
FR;0;2022-02-13;1940;8605;26568;86;4411;30930;544;0;3;54264967;51171327;34399305;111867;53153239;37657986;209588;0;154
FR;0;2022-02-14;6997;35260;148389;487;14672;166385;4789;0;5;54271964;51206587;34547694;112354;53167911;37824371;214377;0;159
FR;0;2022-02-15;7070;36238;147003;751;16008;162588;6849;0;3;54279034;51242825;34694697;113105;53183919;37986959;221226;0;162
FR;0;2022-02-16;9417;42994;132550;722;25984;146770;5727;0;6;54288451;51285819;34827247;113827;53209903;38133729;226953;0;168
FR;0;2022-02-17;5582;24348;87318;587;13147;94893;5408;0;5;54294033;51310167;34914565;114414;53223050;38228622;232361;0;173
FR;0;2022-02-18;7003;33595;119673;807;18768;129338;7416;0;2;54301036;51343762;35034238;115221;53241818;38357960;239777;0;175
FR;0;2022-02-19;5371;24558;70030;371;15910;77340;3020;0;2;54306407;51368320;35104268;115592;53257728;38435300;242797;0;177
FR;0;2022-02-20;1152;4661;12175;39;2916;13957;460;0;1;54307559;51372981;35116443;115631;53260644;38449257;243257;0;178
FR;0;2022-02-21;4100;17896;61958;351;10173;67188;4059;0;2;54311659;51390877;35178401;115982;53270817;38516445;247316;0;180
FR;0;2022-02-22;4468;18668;60840;577;11270;64481;5255;0;1;54316127;51409545;35239241;116559;53282087;38580926;252571;0;181
FR;0;2022-02-23;6593;27365;66512;593;19633;71911;4595;0;3;54322720;51436910;35305753;117152;53301720;38652837;257166;0;184
FR;0;2022-02-24;3852;15563;50435;519;9523;53259;4531;0;2;54326572;51452473;35356188;117671;53311243;38706096;261697;0;186
FR;0;2022-02-25;5287;24299;76372;804;15274;80104;7336;0;7;54331859;51476772;35432560;118475;53326517;38786200;269033;0;193
FR;0;2022-02-26;3995;17772;47421;359;12174;51488;3083;0;3;54335854;51494544;35479981;118834;53338691;38837688;272116;0;196
FR;0;2022-02-27;881;3011;8040;47;1980;8949;531;0;0;54336735;51497555;35488021;118881;53340671;38846637;272647;0;196
FR;0;2022-02-28;3127;12562;40497;359;7596;42930;3858;0;0;54339862;51510117;35528518;119240;53348267;38889567;276505;0;196
FR;0;2022-03-01;4013;12615;44203;437;7639;44875;5518;0;6;54343875;51522732;35572721;119677;53355906;38934442;282023;0;202
FR;0;2022-03-02;5338;17901;47155;448;12961;49087;4931;0;2;54349213;51540633;35619876;120125;53368867;38983529;286954;0;204
FR;0;2022-03-03;2829;9362;29903;371;6260;30026;4050;0;2;54352042;51549995;35649779;120496;53375127;39013555;291004;0;206
FR;0;2022-03-04;3230;12520;40343;669;8519;39492;6235;0;4;54355272;51562515;35690122;121165;53383646;39053047;297239;0;210
FR;0;2022-03-05;3074;9291;24963;314;7133;25127;3135;0;1;54358346;51571806;35715085;121479;53390779;39078174;300374;0;211
FR;0;2022-03-06;522;1408;3199;43;1031;3442;379;0;0;54358868;51573214;35718284;121522;53391810;39081616;300753;0;211
FR;0;2022-03-07;2499;5636;18438;315;3853;17710;3307;0;4;54361367;51578850;35736722;121837;53395663;39099326;304060;0;215
FR;0;2022-03-08;2155;6080;19452;363;4334;17925;4093;0;3;54363522;51584930;35756174;122200;53399997;39117251;308153;0;218
FR;0;2022-03-09;3583;10573;22200;408;8800;21295;4042;0;4;54367105;51595503;35778374;122608;53408797;39138546;312195;0;222
FR;0;2022-03-10;1833;5848;17012;345;4397;15838;3408;0;3;54368938;51601351;35795386;122953;53413194;39154384;315603;0;225
FR;0;2022-03-11;2422;7568;24511;545;5446;22280;5479;0;2;54371360;51608919;35819897;123498;53418640;39176664;321082;0;227
FR;0;2022-03-12;2699;6777;17168;309;5495;16522;3137;0;2;54374059;51615696;35837065;123807;53424135;39193186;324219;0;229
FR;0;2022-03-13;406;795;2323;149;604;2272;537;0;0;54374465;51616491;35839388;123956;53424739;39195458;324756;0;229
FR;0;2022-03-14;1563;4278;14989;4412;2813;13842;7295;0;8;54376028;51620769;35854377;128368;53427552;39209300;332051;0;237
FR;0;2022-03-15;1751;6294;16387;7556;4809;14618;11036;0;9;54377779;51627063;35870764;135924;53432361;39223918;343087;0;246
FR;0;2022-03-16;3041;7414;19435;13141;6216;18113;16297;0;8;54380820;51634477;35890199;149065;53438577;39242031;359384;0;254
FR;0;2022-03-17;1465;3988;13157;10846;2809;11997;13314;0;9;54382285;51638465;35903356;159911;53441386;39254028;372698;0;263
FR;0;2022-03-18;2268;5758;20019;18307;4100;18115;22039;0;15;54384553;51644223;35923375;178218;53445486;39272143;394737;0;278
FR;0;2022-03-19;2294;4806;13116;9406;4142;12421;11409;0;6;54386847;51649029;35936491;187624;53449628;39284564;406146;0;284
FR;0;2022-03-20;301;738;1920;1074;530;1933;1340;0;2;54387148;51649767;35938411;188698;53450158;39286497;407486;0;286
FR;0;2022-03-21;1395;3222;12735;14951;2157;11961;16910;0;11;54388543;51652989;35951146;203649;53452315;39298458;424396;0;297
FR;0;2022-03-22;1557;3742;13808;20553;2581;12563;22845;0;5;54390100;51656731;35964954;224202;53454896;39311021;447241;0;302
FR;0;2022-03-23;2690;6300;17741;23152;5232;17249;25269;0;40;54392790;51663031;35982695;247354;53460128;39328270;472510;0;342
FR;0;2022-03-24;1411;3160;11600;17619;2248;10685;19394;0;23;54394201;51666191;35994295;264973;53462376;39338955;491904;0;365
FR;0;2022-03-25;2089;5160;18583;27775;3691;16920;30810;0;31;54396290;51671351;36012878;292748;53466067;39355875;522714;0;396
FR;0;2022-03-26;2232;4418;12080;12680;3866;11521;14402;0;26;54398522;51675769;36024958;305428;53469933;39367396;537116;0;422
FR;0;2022-03-27;365;693;1909;1483;515;1943;1740;0;1;54398887;51676462;36026867;306911;53470448;39369339;538856;0;423
FR;0;2022-03-28;1468;3082;11133;17490;2120;10621;19070;0;16;54400355;51679544;36038000;324401;53472568;39379960;557926;0;439
FR;0;2022-03-29;1452;3284;12913;27586;2098;12055;29285;0;34;54401807;51682828;36050913;351987;53474666;39392015;587211;0;473
FR;0;2022-03-30;2854;5589;15691;27435;4773;15091;29341;0;21;54404661;51688417;36066604;379422;53479439;39407106;616552;0;494
FR;0;2022-03-31;1615;3585;12991;25041;2570;12330;26651;0;43;54406276;51692002;36079595;404463;53482009;39419436;643203;0;537
FR;0;2022-04-01;2686;4588;20083;30897;2974;18725;33490;0;62;54408962;51696590;36099678;435360;53484983;39438161;676693;0;599
FR;0;2022-04-02;1532;2649;9054;10135;2009;8728;11297;0;29;54410494;51699239;36108732;445495;53486992;39446889;687990;0;628
FR;0;2022-04-03;294;516;1562;1171;360;1580;1382;0;2;54410788;51699755;36110294;446666;53487352;39448469;689372;0;630
FR;0;2022-04-04;4568;3032;12389;19129;2053;11597;20602;0;35;54415356;51702787;36122683;465795;53489405;39460066;709974;0;665
FR;0;2022-04-05;2608;3178;14352;34151;2055;13205;35769;0;85;54417964;51705965;36137035;499946;53491460;39473271;745743;0;750
FR;0;2022-04-06;2613;3964;13544;26544;3030;12819;28013;0;72;54420577;51709929;36150579;526490;53494490;39486090;773756;0;822
FR;0;2022-04-07;1989;3151;13686;33820;1999;12898;35178;0;76;54422566;51713080;36164265;560310;53496489;39498988;808934;0;898
FR;0;2022-04-08;2310;4344;19235;44016;2674;17861;46369;0;89;54424876;51717424;36183500;604326;53499163;39516849;855303;0;987
FR;0;2022-04-09;1373;2682;9315;13568;1904;8869;14800;0;30;54426249;51720106;36192815;617894;53501067;39525718;870103;0;1017
FR;0;2022-04-10;296;757;1985;2017;555;2007;2279;0;7;54426545;51720863;36194800;619911;53501622;39527725;872382;0;1024
FR;0;2022-04-11;1351;2634;11876;23934;1655;11483;25206;0;74;54427896;51723497;36206676;643845;53503277;39539208;897588;0;1098
FR;0;2022-04-12;1729;3083;14023;40928;1967;13395;41818;0;127;54429625;51726580;36220699;684773;53505244;39552603;939406;0;1225
FR;0;2022-04-13;1980;3722;13416;33118;2720;13037;34087;0;96;54431605;51730302;36234115;717891;53507964;39565640;973493;0;1321
FR;0;2022-04-14;1510;3016;13216;36354;1944;13074;37023;0;105;54433115;51733318;36247331;754245;53509908;39578714;1010516;0;1426
FR;0;2022-04-15;1883;3880;15645;35584;2622;14926;37235;0;115;54434998;51737198;36262976;789829;53512530;39593640;1047751;0;1541
FR;0;2022-04-16;1046;1834;6400;8553;1263;6263;9435;0;40;54436044;51739032;36269376;798382;53513793;39599903;1057186;0;1581
FR;0;2022-04-17;195;340;993;1174;224;1036;1242;0;7;54436239;51739372;36270369;799556;53514017;39600939;1058428;0;1588
FR;0;2022-04-18;201;561;2768;1072;358;2787;1287;0;5;54436440;51739933;36273137;800628;53514375;39603726;1059715;0;1593
FR;0;2022-04-19;1546;3031;12919;29690;1878;12480;30737;0;78;54437986;51742964;36286056;830318;53516253;39616206;1090452;0;1671
FR;0;2022-04-20;2008;3498;13308;29072;2611;12996;30088;0;96;54439994;51746462;36299364;859390;53518864;39629202;1120540;0;1767
FR;0;2022-04-21;1516;2856;12554;35212;1827;12647;35786;0;117;54441510;51749318;36311918;894602;53520691;39641849;1156326;0;1884
FR;0;2022-04-22;1880;3627;16480;37625;2402;15839;39164;0;131;54443390;51752945;36328398;932227;53523093;39657688;1195490;0;2015
FR;0;2022-04-23;1151;2071;7391;10659;1481;7242;11444;0;38;54444541;51755016;36335789;942886;53524574;39664930;1206934;0;2053
FR;0;2022-04-24;249;467;1478;1592;326;1414;1850;0;7;54444790;51755483;36337267;944478;53524900;39666344;1208784;0;2060
FR;0;2022-04-25;1308;2535;10687;21074;1614;10492;22096;0;79;54446098;51758018;36347954;965552;53526514;39676836;1230880;0;2139
FR;0;2022-04-26;1627;3008;13671;38665;1967;13114;39462;0;181;54447725;51761026;36361625;1004217;53528481;39689950;1270342;0;2320
FR;0;2022-04-27;1965;3068;11539;31088;2283;11596;31506;0;131;54449690;51764094;36373164;1035305;53530764;39701546;1301848;0;2451
FR;0;2022-04-28;1571;2781;12530;36267;1862;12271;36584;0;139;54451261;51766875;36385694;1071572;53532626;39713817;1338432;0;2590
FR;0;2022-04-29;2011;4834;15560;37281;3639;14937;38751;0;164;54453272;51771709;36401254;1108853;53536265;39728754;1377183;0;2754
FR;0;2022-04-30;1225;4702;6929;9717;4196;6758;10608;0;44;54454497;51776411;36408183;1118570;53540461;39735512;1387791;0;2798
FR;0;2022-05-01;221;325;916;1000;229;911;1141;0;6;54454718;51776736;36409099;1119570;53540690;39736423;1388932;0;2804
FR;0;2022-05-02;2365;2969;11160;18182;2065;10994;19026;0;69;54457083;51779705;36420259;1137752;53542755;39747417;1407958;0;2873
FR;0;2022-05-03;2065;3268;13726;34703;2128;13567;35624;0;163;54459148;51782973;36433985;1172455;53544883;39760984;1443582;0;3036
FR;0;2022-05-04;1924;3304;12187;25651;2304;12305;26202;0;110;54461072;51786277;36446172;1198106;53547187;39773289;1469784;0;3146
FR;0;2022-05-05;1796;3040;13070;33602;2018;12916;34270;0;180;54462868;51789317;36459242;1231708;53549205;39786205;1504054;0;3326
FR;0;2022-05-06;2218;3666;15356;36808;2325;14866;38270;0;182;54465086;51792983;36474598;1268516;53551530;39801071;1542324;0;3508
FR;0;2022-05-07;1210;1783;6464;9614;1255;6456;10339;0;48;54466296;51794766;36481062;1278130;53552785;39807527;1552663;0;3556
FR;0;2022-05-08;267;400;1175;1548;288;1236;1654;0;8;54466563;51795166;36482237;1279678;53553073;39808763;1554317;0;3564
FR;0;2022-05-09;1404;2307;9928;20259;1414;9799;21175;0;102;54467967;51797473;36492165;1299937;53554487;39818562;1575492;0;3666
FR;0;2022-05-10;1803;3432;13572;38999;2296;13128;40026;0;200;54469770;51800905;36505737;1338936;53556783;39831690;1615518;0;3866
FR;0;2022-05-11;2005;3022;10755;27942;2326;10701;28445;0;146;54471775;51803927;36516492;1366878;53559109;39842391;1643963;0;4012
FR;0;2022-05-12;1595;2745;11386;35758;1815;11055;36523;0;211;54473370;51806672;36527878;1402636;53560924;39853446;1680486;0;4223
FR;0;2022-05-13;1983;3224;13761;37981;2066;13350;39246;0;162;54475353;51809896;36541639;1440617;53562990;39866796;1719732;0;4385
FR;0;2022-05-14;1150;1647;5938;10778;1205;5801;11366;0;58;54476503;51811543;36547577;1451395;53564195;39872597;1731098;0;4443
FR;0;2022-05-15;283;479;1278;1440;302;1361;1593;0;6;54476786;51812022;36548855;1452835;53564497;39873958;1732691;0;4449
FR;0;2022-05-16;1196;2047;8694;21070;1248;8700;21597;0;128;54477982;51814069;36557549;1473905;53565745;39882658;1754288;0;4577
FR;0;2022-05-17;1592;2605;11828;37881;1671;11404;38723;0;180;54479574;51816674;36569377;1511786;53567416;39894062;1793011;0;4757
FR;0;2022-05-18;1816;2655;9694;27166;1957;9667;27785;0;109;54481390;51819329;36579071;1538952;53569373;39903729;1820796;0;4866
FR;0;2022-05-19;1451;2660;10580;35846;1636;10720;36037;0;162;54482841;51821989;36589651;1574798;53571009;39914449;1856833;0;5028
FR;0;2022-05-20;1876;3118;13426;39369;2080;12913;40389;0;168;54484717;51825107;36603077;1614167;53573089;39927362;1897222;0;5196
FR;0;2022-05-21;1159;1718;5662;9897;1314;5533;10534;0;45;54485876;51826825;36608739;1624064;53574403;39932895;1907756;0;5241
FR;0;2022-05-22;241;341;1031;1440;263;1017;1584;0;10;54486117;51827166;36609770;1625504;53574666;39933912;1909340;0;5251
FR;0;2022-05-23;1176;2127;8880;20375;1411;8830;21030;0;86;54487293;51829293;36618650;1645879;53576077;39942742;1930370;0;5337
FR;0;2022-05-24;1542;2759;11367;38882;1736;11239;39511;0;190;54488835;51832052;36630017;1684761;53577813;39953981;1969881;0;5527
FR;0;2022-05-25;1814;2837;9343;24847;2075;9481;25323;0;116;54490649;51834889;36639360;1709608;53579888;39963462;1995204;0;5643
FR;0;2022-05-26;216;430;1666;1201;293;1677;1344;0;26;54490865;51835319;36641026;1710809;53580181;39965139;1996548;0;5669
FR;0;2022-05-27;1390;2477;9266;21291;1670;9006;22325;0;94;54492255;51837796;36650292;1732100;53581851;39974145;2018873;0;5763
FR;0;2022-05-28;669;1272;3919;6795;852;3968;7204;0;38;54492924;51839068;36654211;1738895;53582703;39978113;2026077;0;5801
FR;0;2022-05-29;157;315;753;921;200;774;1033;0;4;54493081;51839383;36654964;1739816;53582903;39978887;2027110;0;5805
FR;0;2022-05-30;1026;1968;6995;19296;1248;7013;19808;0;91;54494107;51841351;36661959;1759112;53584151;39985900;2046918;0;5896
FR;0;2022-05-31;1488;2522;9823;35664;1649;9645;36295;0;171;54495595;51843873;36671782;1794776;53585800;39995545;2083213;0;6067
FR;0;2022-06-01;1752;3106;11029;24538;2254;10896;25491;0;122;54497347;51846979;36682811;1819314;53588054;40006441;2108704;0;6189
FR;0;2022-06-02;1480;2615;11310;35571;1716;10866;36516;0;174;54498827;51849594;36694121;1854885;53589770;40017307;2145220;0;6363
FR;0;2022-06-03;1728;3085;13424;38730;2054;12789;40000;0;176;54500555;51852679;36707545;1893615;53591824;40030096;2185220;0;6539
FR;0;2022-06-04;975;1517;5046;9113;1077;5117;9649;0;73;54501530;51854196;36712591;1902728;53592901;40035213;2194869;0;6612
FR;0;2022-06-05;181;336;876;1108;207;887;1230;0;4;54501711;51854532;36713467;1903836;53593108;40036100;2196099;0;6616
FR;0;2022-06-06;886;1255;2124;1329;1079;2141;1510;0;13;54502597;51855787;36715591;1905165;53594187;40038241;2197609;0;6629
FR;0;2022-06-07;1499;2713;9856;35598;1794;9434;36825;0;153;54504096;51858500;36725447;1940763;53595981;40047675;2234434;0;6782
FR;0;2022-06-08;1585;2698;9178;28790;1941;9021;29756;0;112;54505681;51861198;36734625;1969553;53597922;40056696;2264190;0;6894
FR;0;2022-06-09;1297;2443;10621;39505;1556;10266;40280;0;167;54506978;51863641;36745246;2009058;53599478;40066962;2304470;0;7061
FR;0;2022-06-10;1631;3194;13104;44828;2160;12666;46153;0;223;54508609;51866835;36758350;2053886;53601638;40079628;2350623;0;7284
FR;0;2022-06-11;962;1739;5432;11627;1125;5465;12212;0;55;54509571;51868574;36763782;2065513;53602763;40085093;2362835;0;7339
FR;0;2022-06-12;202;446;1079;1765;255;1143;1866;0;11;54509773;51869020;36764861;2067278;53603018;40086236;2364701;0;7350
FR;0;2022-06-13;1127;2069;7440;23183;1343;7270;24099;0;90;54510900;51871089;36772301;2090461;53604361;40093506;2388800;0;7440
FR;0;2022-06-14;1346;2550;10449;44949;1598;9807;46145;0;200;54512246;51873639;36782750;2135410;53605959;40103313;2434945;0;7640
FR;0;2022-06-15;1529;2465;9326;30907;1934;8965;31597;0;179;54513775;51876104;36792076;2166317;53607893;40112278;2466542;0;7819
FR;0;2022-06-16;1189;2041;9918;39932;1277;9327;40953;0;201;54514964;51878145;36801994;2206249;53609170;40121605;2507495;0;8020
FR;0;2022-06-17;1494;2859;12513;46699;1788;11920;47935;0;240;54516458;51881004;36814507;2252948;53610958;40133525;2555430;0;8260
FR;0;2022-06-18;857;1527;4566;11125;1038;4501;11719;0;67;54517315;51882531;36819073;2264073;53611996;40138026;2567149;0;8327
FR;0;2022-06-19;183;363;1059;1615;208;1131;1701;0;14;54517498;51882894;36820132;2265688;53612204;40139157;2568850;0;8341
FR;0;2022-06-20;1027;1928;8908;26079;1204;8569;27020;0;156;54518525;51884822;36829040;2291767;53613408;40147726;2595870;0;8497
FR;0;2022-06-21;1328;2404;10310;49898;1539;9339;51283;0;264;54519853;51887226;36839350;2341665;53614947;40157065;2647153;0;8761
FR;0;2022-06-22;1398;2519;8920;39065;1808;8430;40007;0;256;54521251;51889745;36848270;2380730;53616755;40165495;2687160;0;9017
FR;0;2022-06-23;1229;2370;10680;55113;1365;9886;56245;0;320;54522480;51892115;36858950;2435843;53618120;40175381;2743405;0;9337
FR;0;2022-06-24;1493;2996;13647;69187;1751;12308;71006;0;405;54523973;51895111;36872597;2505030;53619871;40187689;2814411;0;9742
FR;0;2022-06-25;939;1781;6236;19922;1112;5989;20777;0;177;54524912;51896892;36878833;2524952;53620983;40193678;2835188;0;9919
FR;0;2022-06-26;229;459;1953;3688;259;1818;3966;0;39;54525141;51897351;36880786;2528640;53621242;40195496;2839154;0;9958
FR;0;2022-06-27;1134;2026;10493;48488;1179;9636;49756;0;339;54526275;51899377;36891279;2577128;53622421;40205132;2888910;0;10297
FR;0;2022-06-28;1464;2816;14671;91410;1585;13088;93181;0;623;54527739;51902193;36905950;2668538;53624006;40218220;2982091;0;10920
FR;0;2022-06-29;1712;2835;12294;71899;1848;11242;73040;0;548;54529451;51905028;36918244;2740437;53625854;40229462;3055131;0;11468
FR;0;2022-06-30;1538;2737;14395;95167;1661;12476;97185;0;724;54530989;51907765;36932639;2835604;53627515;40241938;3152316;0;12192
FR;0;2022-07-01;2017;3806;21508;115937;2310;18859;118587;0;954;54533006;51911571;36954147;2951541;53629825;40260797;3270903;0;13146
FR;0;2022-07-02;1088;1859;8529;35755;1108;7705;36876;0;342;54534094;51913430;36962676;2987296;53630933;40268502;3307779;0;13488
FR;0;2022-07-03;294;539;2095;6456;319;1898;6805;0;79;54534388;51913969;36964771;2993752;53631252;40270400;3314584;0;13567
FR;0;2022-07-04;1968;3472;14716;79233;2338;12995;81305;0;639;54536356;51917441;36979487;3072985;53633590;40283395;3395889;0;14206
FR;0;2022-07-05;1799;3172;18842;133280;1804;16025;135571;0;1146;54538155;51920613;36998329;3206265;53635394;40299420;3531460;0;15352
FR;0;2022-07-06;1849;2790;15856;99602;1852;13649;101170;0;900;54540004;51923403;37014185;3305867;53637246;40313069;3632630;0;16252
FR;0;2022-07-07;1714;2872;18010;126041;1712;14790;128368;0;1179;54541718;51926275;37032195;3431908;53638958;40327859;3760998;0;17431
FR;0;2022-07-08;1894;3153;20756;137092;1857;16769;140084;0;1347;54543612;51929428;37052951;3569000;53640815;40344628;3901082;0;18778
FR;0;2022-07-09;868;1464;7746;37928;883;6693;38769;0;426;54544480;51930892;37060697;3606928;53641698;40351321;3939851;0;19204
FR;0;2022-07-10;272;687;2346;7004;441;2125;7395;0;94;54544752;51931579;37063043;3613932;53642139;40353446;3947246;0;19298
FR;0;2022-07-11;1458;2482;15020;88287;1404;12514;90474;0;801;54546210;51934061;37078063;3702219;53643543;40365960;4037720;0;20099
FR;0;2022-07-12;1844;3121;20537;143974;1717;16734;146678;0;1604;54548054;51937182;37098600;3846193;53645260;40382694;4184398;0;21703
FR;0;2022-07-13;1783;2755;15697;94543;1665;13278;96402;0;1080;54549837;51939937;37114297;3940736;53646925;40395972;4280800;0;22783
FR;0;2022-07-14;186;371;1955;5540;221;1834;5707;0;82;54550023;51940308;37116252;3946276;53647146;40397806;4286507;0;22865
FR;0;2022-07-15;1486;2575;15117;84465;1441;12600;86624;0;1035;54551509;51942883;37131369;4030741;53648587;40410406;4373131;0;23900
FR;0;2022-07-16;627;1193;5950;24982;699;5156;25674;0;327;54552136;51944076;37137319;4055723;53649286;40415562;4398805;0;24227
FR;0;2022-07-17;182;395;1738;4666;218;1570;4938;0;66;54552318;51944471;37139057;4060389;53649504;40417132;4403743;0;24293
FR;0;2022-07-18;1132;2252;11828;61810;1342;9978;63673;0;780;54553450;51946723;37150885;4122199;53650846;40427110;4467416;0;25073
FR;0;2022-07-19;1423;2355;15475;103709;1396;12296;105898;0;1459;54554873;51949078;37166360;4225908;53652242;40439406;4573314;0;26532
FR;0;2022-07-20;1429;2302;12969;77586;1470;10743;79173;0;1051;54556302;51951380;37179329;4303494;53653712;40450149;4652487;0;27583
FR;0;2022-07-21;1288;2172;13098;88244;1372;10500;89729;0;1316;54557590;51953552;37192427;4391738;53655084;40460649;4742216;0;28899
FR;0;2022-07-22;1433;2490;14832;89552;1469;11973;91418;0;1347;54559023;51956042;37207259;4481290;53656553;40472622;4833634;0;30246
FR;0;2022-07-23;684;1310;5536;22482;821;4858;23081;0;411;54559707;51957352;37212795;4503772;53657374;40477480;4856715;0;30657
FR;0;2022-07-24;186;353;1400;3905;204;1242;4132;0;72;54559893;51957705;37214195;4507677;53657578;40478722;4860847;0;30729
FR;0;2022-07-25;1061;1797;9493;48081;1149;7845;49518;0;737;54560954;51959502;37223688;4555758;53658727;40486567;4910365;0;31466
FR;0;2022-07-26;1300;2213;13306;85438;1321;10828;87135;0;1311;54562254;51961715;37236994;4641196;53660048;40497395;4997500;0;32777
FR;0;2022-07-27;1226;2008;10236;61318;1341;8530;62522;0;971;54563480;51963723;37247230;4702514;53661389;40505925;5060022;0;33748
FR;0;2022-07-28;1093;1864;10313;64413;1261;8224;65643;0;1046;54564573;51965587;37257543;4766927;53662650;40514149;5125665;0;34794
FR;0;2022-07-29;1282;2078;11011;65898;1387;8765;67328;0;1140;54565855;51967665;37268554;4832825;53664037;40522914;5192993;0;35934
FR;0;2022-07-30;503;867;3523;15283;604;2974;15666;0;303;54566358;51968532;37272077;4848108;53664641;40525888;5208659;0;36237
FR;0;2022-07-31;154;289;929;2439;185;788;2588;0;49;54566512;51968821;37273006;4850547;53664826;40526676;5211247;0;36286
FR;0;2022-08-01;1003;1669;7601;30240;1261;6400;31314;0;549;54567515;51970490;37280607;4880787;53666087;40533076;5242561;0;36835
FR;0;2022-08-02;1055;1650;8582;56131;1156;6895;56808;0;1170;54568570;51972140;37289189;4936918;53667243;40539971;5299369;0;38005
FR;0;2022-08-03;852;1266;6430;38683;903;5150;39421;0;702;54569422;51973406;37295619;4975601;53668146;40545121;5338790;0;38707
FR;0;2022-08-04;741;1187;6575;43161;783;5307;43726;0;917;54570163;51974593;37302194;5018762;53668929;40550428;5382516;0;39624
FR;0;2022-08-05;859;1364;7099;44975;972;5681;45630;0;993;54571022;51975957;37309293;5063737;53669901;40556109;5428146;0;40617
FR;0;2022-08-06;341;559;2101;9368;400;1759;9568;0;228;54571363;51976516;37311394;5073105;53670301;40557868;5437714;0;40845
FR;0;2022-08-07;104;160;536;1626;117;453;1702;0;38;54571467;51976676;37311930;5074731;53670418;40558321;5439416;0;40883
FR;0;2022-08-08;655;1165;4030;22109;921;3293;22544;0;490;54572122;51977841;37315960;5096840;53671339;40561614;5461960;0;41373
FR;0;2022-08-09;748;1167;5973;39963;854;4804;40446;0;844;54572870;51979008;37321933;5136803;53672193;40566418;5502406;0;42217
FR;0;2022-08-10;671;1291;4656;28058;1006;3797;28392;0;652;54573541;51980299;37326589;5164861;53673199;40570215;5530798;0;42869
FR;0;2022-08-11;640;1030;4493;29251;742;3713;29587;0;676;54574181;51981329;37331082;5194112;53673941;40573928;5560385;0;43545
FR;0;2022-08-12;849;1164;4748;28219;850;3919;28656;0;704;54575030;51982493;37335830;5222331;53674791;40577847;5589041;0;44249
FR;0;2022-08-13;359;428;1295;5260;325;1120;5419;0;121;54575389;51982921;37337125;5227591;53675116;40578967;5594460;0;44370
FR;0;2022-08-14;74;121;289;923;104;247;995;0;25;54575463;51983042;37337414;5228514;53675220;40579214;5595455;0;44395
FR;0;2022-08-15;117;232;610;564;198;558;618;0;19;54575580;51983274;37338024;5229078;53675418;40579772;5596073;0;44414
FR;0;2022-08-16;646;1078;3961;22179;840;3355;22372;0;615;54576226;51984352;37341985;5251257;53676258;40583127;5618445;0;45029
FR;0;2022-08-17;653;1041;3890;22900;816;3294;23141;0;620;54576879;51985393;37345875;5274157;53677074;40586421;5641586;0;45649
FR;0;2022-08-18;637;1002;4124;26312;806;3262;26545;0;673;54577516;51986395;37349999;5300469;53677880;40589683;5668131;0;46322
FR;0;2022-08-19;606;1167;4493;27259;875;3694;27565;0;766;54578122;51987562;37354492;5327728;53678755;40593377;5695696;0;47088
FR;0;2022-08-20;311;504;1356;5569;402;1171;5728;0;146;54578433;51988066;37355848;5333297;53679157;40594548;5701424;0;47234
FR;0;2022-08-21;97;135;305;1009;96;267;1044;0;27;54578530;51988201;37356153;5334306;53679253;40594815;5702468;0;47261
FR;0;2022-08-22;584;1002;3274;15358;781;2798;15688;0;425;54579114;51989203;37359427;5349664;53680034;40597613;5718156;0;47686
FR;0;2022-08-23;732;1180;4299;29002;853;3610;29091;0;870;54579846;51990383;37363726;5378666;53680887;40601223;5747247;0;48556
FR;0;2022-08-24;670;940;3498;19539;786;2860;19729;0;608;54580516;51991323;37367224;5398205;53681673;40604083;5766976;0;49164
FR;0;2022-08-25;626;1025;3947;23402;731;3295;23666;0;673;54581142;51992348;37371171;5421607;53682404;40607378;5790642;0;49837
FR;0;2022-08-26;862;1266;4478;25884;961;3671;26257;0;777;54582004;51993614;37375649;5447491;53683365;40611049;5816899;0;50614
FR;0;2022-08-27;299;500;1379;5469;362;1244;5533;0;194;54582303;51994114;37377028;5452960;53683727;40612293;5822432;0;50808
FR;0;2022-08-28;125;163;303;920;117;288;965;0;38;54582428;51994277;37377331;5453880;53683844;40612581;5823397;0;50846
FR;0;2022-08-29;623;970;3076;14679;770;2614;14985;0;433;54583051;51995247;37380407;5468559;53684614;40615195;5838382;0;51279
FR;0;2022-08-30;855;1224;4796;28553;900;3914;28883;0;823;54583906;51996471;37385203;5497112;53685514;40619109;5867265;0;52102
FR;0;2022-08-31;697;958;3207;17645;745;2718;17909;0;508;54584603;51997429;37388410;5514757;53686259;40621827;5885174;0;52610
FR;0;2022-09-01;757;997;4480;22500;709;3827;22766;0;623;54585360;51998426;37392890;5537257;53686968;40625654;5907940;0;53233
FR;0;2022-09-02;955;1159;5044;28613;847;4257;28907;0;914;54586315;51999585;37397934;5565870;53687815;40629911;5936847;0;54147
FR;0;2022-09-03;421;571;1919;6086;425;1666;6323;0;181;54586736;52000156;37399853;5571956;53688240;40631577;5943170;0;54328
FR;0;2022-09-04;135;150;351;876;85;347;945;0;24;54586871;52000306;37400204;5572832;53688325;40631924;5944115;0;54352
FR;0;2022-09-05;773;917;3178;16065;738;2658;16379;0;523;54587644;52001223;37403382;5588897;53689063;40634582;5960494;0;54875
FR;0;2022-09-06;919;1051;4740;31853;681;3873;32082;0;1040;54588563;52002274;37408122;5620750;53689744;40638455;5992576;0;55915
FR;0;2022-09-07;714;789;3000;16822;572;2481;16971;0;573;54589277;52003063;37411122;5637572;53690316;40640936;6009547;0;56488
FR;0;2022-09-08;633;862;3810;24866;597;3142;24957;0;818;54589910;52003925;37414932;5662438;53690913;40644078;6034504;0;57306
FR;0;2022-09-09;851;1022;4444;27660;664;3686;27836;0;951;54590761;52004947;37419376;5690098;53691577;40647764;6062340;0;58257
FR;0;2022-09-10;406;649;1739;5711;475;1539;5917;0;207;54591167;52005596;37421115;5695809;53692052;40649303;6068257;0;58464
FR;0;2022-09-11;124;131;324;657;93;307;716;0;17;54591291;52005727;37421439;5696466;53692145;40649610;6068973;0;58481
FR;0;2022-09-12;520;646;2690;13297;463;2295;13590;0;478;54591811;52006373;37424129;5709763;53692608;40651905;6082563;0;58959
FR;0;2022-09-13;681;873;3999;26521;562;3488;26398;0;875;54592492;52007246;37428128;5736284;53693170;40655393;6108961;0;59834
FR;0;2022-09-14;710;802;2968;16188;594;2485;16421;0;573;54593202;52008048;37431096;5752472;53693764;40657878;6125382;0;60407
FR;0;2022-09-15;578;849;3478;23586;601;2967;23655;0;728;54593780;52008897;37434574;5776058;53694365;40660845;6149037;0;61135
FR;0;2022-09-16;799;1050;4147;25919;734;3489;26139;0;932;54594579;52009947;37438721;5801977;53695099;40664334;6175176;0;62067
FR;0;2022-09-17;395;513;1454;6146;392;1284;6238;0;243;54594974;52010460;37440175;5808123;53695491;40665618;6181414;0;62310
FR;0;2022-09-18;117;144;323;962;123;291;1017;0;37;54595091;52010604;37440498;5809085;53695614;40665909;6182431;0;62347
FR;0;2022-09-19;482;648;2262;13219;451;1936;13402;0;436;54595573;52011252;37442760;5822304;53696065;40667845;6195833;0;62783
FR;0;2022-09-20;646;904;3790;26462;659;3157;26516;0;893;54596219;52012156;37446550;5848766;53696724;40671002;6222349;0;63676
FR;0;2022-09-21;591;776;2740;16258;580;2355;16249;0;587;54596810;52012932;37449290;5865024;53697304;40673357;6238598;0;64263
FR;0;2022-09-22;601;851;3425;23595;575;2798;23819;0;774;54597411;52013783;37452715;5888619;53697879;40676155;6262417;0;65037
FR;0;2022-09-23;838;1051;4495;28731;773;3764;28902;0;1021;54598249;52014834;37457210;5917350;53698652;40679919;6291319;0;66058
FR;0;2022-09-24;427;614;1648;6906;474;1421;7091;0;307;54598676;52015448;37458858;5924256;53699126;40681340;6298410;0;66365
FR;0;2022-09-25;99;194;336;1101;149;307;1143;0;37;54598775;52015642;37459194;5925357;53699275;40681647;6299553;0;66402
FR;0;2022-09-26;438;715;2299;13545;485;2019;13649;0;435;54599213;52016357;37461493;5938902;53699760;40683666;6313202;0;66837
FR;0;2022-09-27;614;844;3627;25944;614;2910;26099;0;959;54599827;52017201;37465120;5964846;53700374;40686576;6339301;0;67796
FR;0;2022-09-28;635;828;2557;15404;635;2305;15517;0;622;54600462;52018029;37467677;5980250;53701009;40688881;6354818;0;68418
FR;0;2022-09-29;566;769;3134;21052;547;2647;21081;43;810;54601028;52018798;37470811;6001302;53701556;40691528;6375899;43;69228
FR;0;2022-09-30;787;1125;3957;25563;845;3302;25831;715;1052;54601815;52019923;37474768;6026865;53702401;40694830;6401730;758;70280
FR;0;2022-10-01;431;681;2009;5975;529;1737;6212;396;318;54602246;52020604;37476777;6032840;53702930;40696567;6407942;1154;70598
FR;0;2022-10-02;63;136;218;639;97;215;665;66;42;54602309;52020740;37476995;6033479;53703027;40696782;6408607;1220;70640
FR;0;2022-10-03;617;947;2469;12053;780;2195;12231;2074;745;54602926;52021687;37479464;6045532;53703807;40698977;6420838;3294;71385
FR;0;2022-10-04;740;832;3394;23508;579;2785;23685;4704;1585;54603666;52022519;37482858;6069040;53704386;40701762;6444523;7998;72970
FR;0;2022-10-05;604;853;2448;14607;632;2163;14748;3656;1210;54604270;52023372;37485306;6083647;53705018;40703925;6459271;11654;74180
FR;0;2022-10-06;550;741;3090;21688;542;2522;21898;6668;1909;54604820;52024113;37488396;6105335;53705560;40706447;6481169;18322;76089
FR;0;2022-10-07;735;1013;4128;30310;740;3477;30398;16874;3205;54605555;52025126;37492524;6135645;53706300;40709924;6511567;35196;79294
FR;0;2022-10-08;356;521;1651;8432;383;1410;8601;6699;1170;54605911;52025647;37494175;6144077;53706683;40711334;6520168;41895;80464
FR;0;2022-10-09;109;143;337;1587;117;312;1650;1511;297;54606020;52025790;37494512;6145664;53706800;40711646;6521818;43406;80761
FR;0;2022-10-10;502;835;2932;20565;651;2523;20887;19597;3272;54606522;52026625;37497444;6166229;53707451;40714169;6542705;63003;84033
FR;0;2022-10-11;613;814;4269;40321;554;3572;40665;40162;6381;54607135;52027439;37501713;6206550;53708005;40717741;6583370;103165;90414
FR;0;2022-10-12;599;858;3268;26758;639;2776;27088;27304;4691;54607734;52028297;37504981;6233308;53708644;40720517;6610458;130469;95105
FR;0;2022-10-13;627;818;4017;38463;609;3138;38922;40607;6607;54608361;52029115;37508998;6271771;53709253;40723655;6649380;171076;101712
FR;0;2022-10-14;761;1074;4873;47668;783;3959;48143;51136;7863;54609122;52030189;37513871;6319439;53710036;40727614;6697523;222212;109575
FR;0;2022-10-15;368;589;1867;11851;428;1629;11965;13091;2274;54609490;52030778;37515738;6331290;53710464;40729243;6709488;235303;111849
FR;0;2022-10-16;92;136;372;1967;86;356;2012;2347;479;54609582;52030914;37516110;6333257;53710550;40729599;6711500;237650;112328
FR;0;2022-10-17;440;711;3044;26466;496;2487;26838;30794;5410;54610022;52031625;37519154;6359723;53711046;40732086;6738338;268444;117738
FR;0;2022-10-18;608;736;4706;46102;535;3762;46667;55450;11701;54610630;52032361;37523860;6405825;53711581;40735848;6785005;323894;129439
FR;0;2022-10-19;569;820;3644;34375;625;3074;34745;42463;9253;54611199;52033181;37527504;6440200;53712206;40738922;6819750;366357;138692
FR;0;2022-10-20;617;806;4843;49466;594;3730;50123;60534;12936;54611816;52033987;37532347;6489666;53712800;40742652;6869873;426891;151628
FR;0;2022-10-21;690;995;5710;57042;710;4519;57712;70965;14299;54612506;52034982;37538057;6546708;53713510;40747171;6927585;497856;165927
FR;0;2022-10-22;335;413;1654;12950;333;1320;13107;15939;3386;54612841;52035395;37539711;6559658;53713843;40748491;6940692;513795;169313
FR;0;2022-10-23;98;107;350;2064;102;266;2166;2758;631;54612939;52035502;37540061;6561722;53713945;40748757;6942858;516553;169944
FR;0;2022-10-24;552;597;3137;27135;422;2687;27563;35495;7810;54613491;52036099;37543198;6588857;53714367;40751444;6970421;552048;177754
FR;0;2022-10-25;598;726;4873;49117;535;3805;49791;65254;15449;54614089;52036825;37548071;6637974;53714902;40755249;7020212;617302;193203
FR;0;2022-10-26;534;645;3475;32622;484;2901;32928;43999;11023;54614623;52037470;37551546;6670596;53715386;40758150;7053140;661301;204226
FR;0;2022-10-27;592;698;4081;40795;499;3348;41272;54476;13137;54615215;52038168;37555627;6711391;53715885;40761498;7094412;715777;217363
FR;0;2022-10-28;704;870;4610;44190;634;3505;45009;58279;13188;54615919;52039038;37560237;6755581;53716519;40765003;7139421;774056;230551
FR;0;2022-10-29;260;364;1328;9498;262;1082;9632;12523;3012;54616179;52039402;37561565;6765079;53716781;40766085;7149053;786579;233563
FR;0;2022-10-30;87;121;287;1598;97;249;1646;2145;540;54616266;52039523;37561852;6766677;53716878;40766334;7150699;788724;234103
FR;0;2022-10-31;381;489;2075;16062;358;1626;16427;22205;5503;54616647;52040012;37563927;6782739;53717236;40767960;7167126;810929;239606
FR;0;2022-11-01;128;194;929;1123;152;962;1166;1697;504;54616775;52040206;37564856;6783862;53717388;40768922;7168292;812626;240110
FR;0;2022-11-02;519;676;3038;25403;506;2584;25879;36644;10135;54617294;52040882;37567894;6809265;53717894;40771506;7194171;849270;250245
FR;0;2022-11-03;646;703;4114;40064;537;3118;40796;57039;15379;54617940;52041585;37572008;6849329;53718431;40774624;7234967;906309;265624
FR;0;2022-11-04;659;831;4426;43659;578;3518;44279;60535;15248;54618599;52042416;37576434;6892988;53719009;40778142;7279246;966844;280872
FR;0;2022-11-05;255;377;1450;9717;300;1166;9926;13464;3294;54618854;52042793;37577884;6902705;53719309;40779308;7289172;980308;284166
FR;0;2022-11-06;94;119;263;1603;102;246;1632;2338;653;54618948;52042912;37578147;6904308;53719411;40779554;7290804;982646;284819
FR;0;2022-11-07;542;605;2763;26769;519;2249;27401;39119;11006;54619490;52043517;37580910;6931077;53719930;40781803;7318205;1021765;295825
FR;0;2022-11-08;670;818;5004;52000;605;3840;53004;74288;20078;54620160;52044335;37585914;6983077;53720535;40785643;7371209;1096053;315903
FR;0;2022-11-09;531;699;3363;31611;523;2691;32387;46364;13233;54620691;52045034;37589277;7014688;53721058;40788334;7403596;1142417;329136
FR;0;2022-11-10;628;988;4578;43680;739;3628;44581;62858;17354;54621319;52046022;37593855;7058368;53721797;40791962;7448177;1205275;346490
FR;0;2022-11-11;82;120;370;1665;88;313;1728;2800;1012;54621401;52046142;37594225;7060033;53721885;40792275;7449905;1208075;347502
FR;0;2022-11-12;212;351;1195;7102;259;979;7337;10289;2765;54621613;52046493;37595420;7067135;53722144;40793254;7457242;1218364;350267
FR;0;2022-11-13;73;115;249;1208;94;213;1262;1978;628;54621686;52046608;37595669;7068343;53722238;40793467;7458504;1220342;350895
FR;0;2022-11-14;448;531;2589;24005;378;2066;24630;36224;10907;54622134;52047139;37598258;7092348;53722616;40795533;7483134;1256566;361802
FR;0;2022-11-15;621;892;4330;45057;717;3373;46005;66921;19627;54622755;52048031;37602588;7137405;53723333;40798906;7529139;1323487;381429
FR;0;2022-11-16;564;681;3072;28596;552;2579;29132;43260;13315;54623319;52048712;37605660;7166001;53723885;40801485;7558271;1366747;394744
FR;0;2022-11-17;571;690;3826;39255;537;2986;39860;58360;17409;54623890;52049402;37609486;7205256;53724422;40804471;7598131;1425107;412153
FR;0;2022-11-18;627;786;4607;45145;601;3457;46051;65714;18349;54624517;52050188;37614093;7250401;53725023;40807928;7644182;1490821;430502
FR;0;2022-11-19;270;345;1502;9806;278;1098;10001;14323;4009;54624787;52050533;37615595;7260207;53725301;40809026;7654183;1505144;434511
FR;0;2022-11-20;79;189;305;1698;171;262;1772;2717;859;54624866;52050722;37615900;7261905;53725472;40809288;7655955;1507861;435370
FR;0;2022-11-21;437;516;2425;21452;354;1956;22023;33158;10369;54625303;52051238;37618325;7283357;53725826;40811244;7677978;1541019;445739
FR;0;2022-11-22;541;611;4036;39838;438;3171;40414;59802;18266;54625844;52051849;37622361;7323195;53726264;40814415;7718392;1600821;464005
FR;0;2022-11-23;476;568;2759;26029;415;2325;26521;40419;12908;54626320;52052417;37625120;7349224;53726679;40816740;7744913;1641240;476913
FR;0;2022-11-24;515;608;3768;37175;432;2964;37886;56856;17961;54626835;52053025;37628888;7386399;53727111;40819704;7782799;1698096;494874
FR;0;2022-11-25;581;733;4190;40153;587;3151;40996;59639;17481;54627416;52053758;37633078;7426552;53727698;40822855;7823795;1757735;512355
FR;0;2022-11-26;301;339;1335;9371;263;1064;9512;13999;3971;54627717;52054097;37634413;7435923;53727961;40823919;7833307;1771734;516326
FR;0;2022-11-27;74;88;268;1661;70;228;1689;2554;805;54627791;52054185;37634681;7437584;53728031;40824147;7834996;1774288;517131
FR;0;2022-11-28;420;482;2638;24800;363;1982;25539;38464;12200;54628211;52054667;37637319;7462384;53728394;40826129;7860535;1812752;529331
FR;0;2022-11-29;499;611;4401;46526;381;3291;47254;71104;22321;54628710;52055278;37641720;7508910;53728775;40829420;7907789;1883856;551652
FR;0;2022-11-30;508;703;3741;36930;504;2899;37736;56332;17235;54629218;52055981;37645461;7545840;53729279;40832319;7945525;1940188;568887
FR;0;2022-12-01;535;685;5323;51905;464;3915;52713;79700;25245;54629753;52056666;37650784;7597745;53729743;40836234;7998238;2019888;594132
FR;0;2022-12-02;646;750;6173;61545;535;4383;62777;92449;27457;54630399;52057416;37656957;7659290;53730278;40840617;8061015;2112337;621589
FR;0;2022-12-03;305;348;2287;18051;226;1629;18480;26729;7618;54630704;52057764;37659244;7677341;53730504;40842246;8079495;2139066;629207
FR;0;2022-12-04;97;125;524;4305;92;434;4356;6441;1856;54630801;52057889;37659768;7681646;53730596;40842680;8083851;2145507;631063
FR;0;2022-12-05;480;614;4314;44706;451;2924;45675;69051;21915;54631281;52058503;37664082;7726352;53731047;40845604;8129526;2214558;652978
FR;0;2022-12-06;635;770;6855;78300;509;4658;79821;121756;39600;54631916;52059273;37670937;7804652;53731556;40850262;8209347;2336314;692578
FR;0;2022-12-07;559;655;5366;58163;489;3613;59310;90524;29574;54632475;52059928;37676303;7862815;53732045;40853875;8268657;2426838;722152
FR;0;2022-12-08;611;723;6990;79677;463;4594;81370;124181;40873;54633086;52060651;37683293;7942492;53732508;40858469;8350027;2551019;763025
FR;0;2022-12-09;784;845;8683;95685;557;5736;97578;147344;46802;54633870;52061496;37691976;8038177;53733065;40864205;8447605;2698363;809827
FR;0;2022-12-10;409;536;3827;33958;380;2481;34855;50557;14712;54634279;52062032;37695803;8072135;53733445;40866686;8482460;2748920;824539
FR;0;2022-12-11;133;142;993;8363;101;688;8568;12257;3276;54634412;52062174;37696796;8080498;53733546;40867374;8491028;2761177;827815
FR;0;2022-12-12;523;597;6385;67485;388;4139;69079;106295;34846;54634935;52062771;37703181;8147983;53733934;40871513;8560107;2867472;862661
FR;0;2022-12-13;711;793;9054;103614;503;5645;106203;164945;55108;54635646;52063564;37712235;8251597;53734437;40877158;8666310;3032417;917769
FR;0;2022-12-14;593;725;6826;73347;488;4558;75026;117003;38770;54636239;52064289;37719061;8324944;53734925;40881716;8741336;3149420;956539
FR;0;2022-12-15;662;890;8901;95931;579;5726;98246;153330;51775;54636901;52065179;37727962;8420875;53735504;40887442;8839582;3302750;1008314
FR;0;2022-12-16;825;979;9783;104824;653;6464;107066;166534;55330;54637726;52066158;37737745;8525699;53736157;40893906;8946648;3469284;1063644
FR;0;2022-12-17;345;429;3504;31803;293;2296;32595;48446;14450;54638071;52066587;37741249;8557502;53736450;40896202;8979243;3517730;1078094
FR;0;2022-12-18;93;127;791;6334;81;544;6484;9629;2752;54638164;52066714;37742040;8563836;53736531;40896746;8985727;3527359;1080846
FR;0;2022-12-19;592;619;5756;56220;435;3683;57852;90267;30089;54638756;52067333;37747796;8620056;53736966;40900429;9043579;3617626;1110935
FR;0;2022-12-20;746;793;7953;79863;529;5248;82008;130833;45061;54639502;52068126;37755749;8699919;53737495;40905677;9125587;3748459;1155996
FR;0;2022-12-21;601;629;5339;50981;441;3590;52333;84193;29342;54640103;52068755;37761088;8750900;53737936;40909267;9177920;3832652;1185338
FR;0;2022-12-22;647;668;4916;46291;466;3437;47527;76913;26914;54640750;52069423;37766004;8797191;53738402;40912704;9225447;3909565;1212252
FR;0;2022-12-23;478;587;3450;26235;424;2633;26896;43415;14908;54641228;52070010;37769454;8823426;53738826;40915337;9252343;3952980;1227160
FR;0;2022-12-24;105;108;447;2708;80;338;2832;4289;1231;54641333;52070118;37769901;8826134;53738906;40915675;9255175;3957269;1228391
FR;0;2022-12-25;34;43;134;566;34;106;592;926;273;54641367;52070161;37770035;8826700;53738940;40915781;9255767;3958195;1228664
FR;0;2022-12-26;369;393;2500;16945;293;1829;17576;27639;8843;54641736;52070554;37772535;8843645;53739233;40917610;9273343;3985834;1237507
FR;0;2022-12-27;540;662;4219;33737;447;2955;34887;56743;19749;54642276;52071216;37776754;8877382;53739680;40920565;9308230;4042577;1257256
FR;0;2022-12-28;480;519;3241;25721;353;2317;26342;42948;14844;54642756;52071735;37779995;8903103;53740033;40922882;9334572;4085525;1272100
FR;0;2022-12-29;431;544;3424;26589;356;2408;27596;45108;15660;54643187;52072279;37783419;8929692;53740389;40925290;9362168;4130633;1287760
FR;0;2022-12-30;463;506;2632;19576;364;1868;20248;32640;11002;54643650;52072785;37786051;8949268;53740753;40927158;9382416;4163273;1298762
FR;0;2022-12-31;137;157;508;3189;121;413;3333;4945;1338;54643787;52072942;37786559;8952457;53740874;40927571;9385749;4168218;1300100
FR;0;2023-01-01;25;45;177;711;27;149;737;1026;246;54643812;52072987;37786736;8953168;53740901;40927720;9386486;4169244;1300346
FR;0;2023-01-02;732;585;3018;19046;412;2333;19526;33026;12101;54644544;52073572;37789754;8972214;53741313;40930053;9406012;4202270;1312447
FR;0;2023-01-03;671;690;4766;44191;470;3377;45136;82800;34831;54645215;52074262;37794520;9016405;53741783;40933430;9451148;4285070;1347278
FR;0;2023-01-04;543;608;3877;31104;417;2769;31918;59887;25826;54645758;52074870;37798397;9047509;53742200;40936199;9483066;4344957;1373104
FR;0;2023-01-05;668;765;4688;43313;564;3193;44246;84049;37175;54646426;52075635;37803085;9090822;53742764;40939392;9527312;4429006;1410279
FR;0;2023-01-06;748;860;5528;48578;581;3668;49637;92106;39513;54647174;52076495;37808613;9139400;53743345;40943060;9576949;4521112;1449792
FR;0;2023-01-07;349;412;1948;12935;301;1414;13256;23034;8767;54647523;52076907;37810561;9152335;53743646;40944474;9590205;4544146;1458559
FR;0;2023-01-08;104;144;496;2918;100;357;3015;5231;1992;54647627;52077051;37811057;9155253;53743746;40944831;9593220;4549377;1460551
FR;0;2023-01-09;583;637;2863;22351;459;2069;22932;45859;21215;54648210;52077688;37813920;9177604;53744205;40946900;9616152;4595236;1481766
FR;0;2023-01-10;618;797;4823;41577;556;3456;42407;87028;41788;54648828;52078485;37818743;9219181;53744761;40950356;9658559;4682264;1523554
FR;0;2023-01-11;505;603;3145;25102;440;2288;25636;52861;25235;54649333;52079088;37821888;9244283;53745201;40952644;9684195;4735125;1548789
FR;0;2023-01-12;604;694;3985;34350;472;2886;34974;72507;35102;54649937;52079782;37825873;9278633;53745673;40955530;9719169;4807632;1583891
FR;0;2023-01-13;790;811;4384;36237;565;3157;36885;74643;35217;54650727;52080593;37830257;9314870;53746238;40958687;9756054;4882275;1619108
FR;0;2023-01-14;354;346;1588;9308;237;1199;9500;17768;7419;54651081;52080939;37831845;9324178;53746475;40959886;9765554;4900043;1626527
FR;0;2023-01-15;100;136;378;1571;92;290;1682;3268;1415;54651181;52081075;37832223;9325749;53746567;40960176;9767236;4903311;1627942
FR;0;2023-01-16;425;480;2382;16347;333;1789;16609;35991;18102;54651606;52081555;37834605;9342096;53746900;40961965;9783845;4939302;1646044
FR;0;2023-01-17;503;597;3540;29064;412;2568;29627;65751;33910;54652109;52082152;37838145;9371160;53747312;40964533;9813472;5005053;1679954
FR;0;2023-01-18;471;562;2371;17448;409;1839;17763;39174;19886;54652580;52082714;37840516;9388608;53747721;40966372;9831235;5044227;1699840
FR;0;2023-01-19;506;521;2876;23075;355;2141;23420;52301;27012;54653086;52083235;37843392;9411683;53748076;40968513;9854655;5096528;1726852
FR;0;2023-01-20;636;704;3472;25811;503;2627;26296;57784;29431;54653722;52083939;37846864;9437494;53748579;40971140;9880951;5154312;1756283
FR;0;2023-01-21;261;306;1143;6423;221;881;6533;13246;6020;54653983;52084245;37848007;9443917;53748800;40972021;9887484;5167558;1762303
FR;0;2023-01-22;47;65;180;880;34;156;930;1922;874;54654030;52084310;37848187;9444797;53748834;40972177;9888414;5169480;1763177
FR;0;2023-01-23;324;414;1739;11042;272;1304;11267;27227;14820;54654354;52084724;37849926;9455839;53749106;40973481;9899681;5196707;1777997
FR;0;2023-01-24;478;533;2597;20752;377;1945;21055;51079;28342;54654832;52085257;37852523;9476591;53749483;40975426;9920736;5247786;1806339
FR;0;2023-01-25;408;555;1953;12616;399;1482;13046;30756;16453;54655240;52085812;37854476;9489207;53749882;40976908;9933782;5278542;1822792
FR;0;2023-01-26;435;530;2391;17190;384;1794;17503;42474;23404;54655675;52086342;37856867;9506397;53750266;40978702;9951285;5321016;1846196
FR;0;2023-01-27;527;968;2657;18538;792;2018;18787;45082;24580;54656202;52087310;37859524;9524935;53751058;40980720;9970072;5366098;1870776
FR;0;2023-01-28;237;291;868;4521;234;693;4640;9987;4751;54656439;52087601;37860392;9529456;53751292;40981413;9974712;5376085;1875527
FR;0;2023-01-29;42;72;124;466;55;102;504;1098;548;54656481;52087673;37860516;9529922;53751347;40981515;9975216;5377183;1876075
FR;0;2023-01-30;366;450;1346;8297;322;1113;8491;20958;11438;54656847;52088123;37861862;9538219;53751669;40982628;9983707;5398141;1887513
FR;0;2023-01-31;426;489;2051;14115;331;1534;14358;36875;21260;54657273;52088612;37863913;9552334;53752000;40984162;9998065;5435016;1908773
FR;0;2023-02-01;412;535;1726;8351;408;1472;8509;22205;12599;54657685;52089147;37865639;9560685;53752408;40985634;10006574;5457221;1921372
FR;0;2023-02-02;370;509;1730;11931;350;1437;12141;31698;18254;54658055;52089656;37867369;9572616;53752758;40987071;10018715;5488919;1939626
FR;0;2023-02-03;479;657;2064;12631;491;1648;12809;33769;19457;54658534;52090313;37869433;9585247;53753249;40988719;10031524;5522688;1959083
FR;0;2023-02-04;198;278;672;3136;239;565;3181;7454;3824;54658732;52090591;37870105;9588383;53753488;40989284;10034705;5530142;1962907
FR;0;2023-02-05;25;65;89;245;42;87;261;589;284;54658757;52090656;37870194;9588628;53753530;40989371;10034966;5530731;1963191
FR;0;2023-02-06;310;356;1102;5426;286;866;5611;15389;9055;54659067;52091012;37871296;9594054;53753816;40990237;10040577;5546120;1972246
FR;0;2023-02-07;350;498;1609;9752;367;1322;9909;28203;16907;54659417;52091510;37872905;9603806;53754183;40991559;10050486;5574323;1989153
FR;0;2023-02-08;301;394;1134;6066;312;921;6234;16995;9763;54659718;52091904;37874039;9609872;53754495;40992480;10056720;5591318;1998916
FR;0;2023-02-09;340;475;1307;7917;346;1114;8098;22850;13701;54660058;52092379;37875346;9617789;53754841;40993594;10064818;5614168;2012617
FR;0;2023-02-10;468;550;1521;8359;436;1278;8506;23768;13964;54660526;52092929;37876867;9626148;53755277;40994872;10073324;5637936;2026581
FR;0;2023-02-11;169;225;583;2149;182;512;2237;5435;2770;54660695;52093154;37877450;9628297;53755459;40995384;10075561;5643371;2029351
FR;0;2023-02-12;41;49;62;175;48;56;197;440;208;54660736;52093203;37877512;9628472;53755507;40995440;10075758;5643811;2029559
FR;0;2023-02-13;234;345;755;3356;270;687;3448;9624;5506;54660970;52093548;37878267;9631828;53755777;40996127;10079206;5653435;2035065
FR;0;2023-02-14;298;380;1184;5977;277;1011;6121;17562;10421;54661268;52093928;37879451;9637805;53756054;40997138;10085327;5670997;2045486
FR;0;2023-02-15;291;404;969;4077;299;845;4254;12218;7169;54661559;52094332;37880420;9641882;53756353;40997983;10089581;5683215;2052655
FR;0;2023-02-16;266;404;1162;5206;268;1017;5351;15064;8765;54661825;52094736;37881582;9647088;53756621;40999000;10094932;5698279;2061420
FR;0;2023-02-17;371;475;1319;5481;385;1158;5703;16396;9638;54662196;52095211;37882901;9652569;53757006;41000158;10100635;5714675;2071058
FR;0;2023-02-18;162;217;564;1627;172;493;1697;4062;2050;54662358;52095428;37883465;9654196;53757178;41000651;10102332;5718737;2073108
FR;0;2023-02-19;37;38;49;139;35;40;141;338;167;54662395;52095466;37883514;9654335;53757213;41000691;10102473;5719075;2073275
FR;0;2023-02-20;249;350;717;2860;263;675;2980;8538;4893;54662644;52095816;37884231;9657195;53757476;41001366;10105453;5727613;2078168
FR;0;2023-02-21;270;413;1074;4537;268;939;4745;14003;8272;54662914;52096229;37885305;9661732;53757744;41002305;10110198;5741616;2086440
FR;0;2023-02-22;244;373;740;2946;285;702;2985;9077;5313;54663158;52096602;37886045;9664678;53758029;41003007;10113183;5750693;2091753
FR;0;2023-02-23;227;362;934;4001;249;843;4184;12243;7148;54663385;52096964;37886979;9668679;53758278;41003850;10117367;5762936;2098901
FR;0;2023-02-24;291;471;1046;4414;349;919;4613;13009;7450;54663676;52097435;37888025;9673093;53758627;41004769;10121980;5775945;2106351
FR;0;2023-02-25;126;169;448;1192;148;364;1272;3185;1621;54663802;52097604;37888473;9674285;53758775;41005133;10123252;5779130;2107972
FR;0;2023-02-26;20;27;34;101;27;35;113;256;111;54663822;52097631;37888507;9674386;53758802;41005168;10123365;5779386;2108083
FR;0;2023-02-27;213;327;602;1995;254;584;2066;6559;3943;54664035;52097958;37889109;9676381;53759056;41005752;10125431;5785945;2112026
FR;0;2023-02-28;270;370;841;3587;252;808;3731;12182;7492;54664305;52098328;37889950;9679968;53759308;41006560;10129162;5798127;2119518
FR;0;2023-03-01;226;345;833;1996;284;761;2178;6605;3927;54664531;52098673;37890783;9681964;53759592;41007321;10131340;5804732;2123445
FR;0;2023-03-02;221;315;850;2986;228;729;3202;10080;6261;54664752;52098988;37891633;9684950;53759820;41008050;10134542;5814812;2129706
FR;0;2023-03-03;331;466;1033;3682;354;925;3822;11836;7008;54665083;52099454;37892666;9688632;53760174;41008975;10138364;5826648;2136714
FR;0;2023-03-04;131;218;408;1081;158;391;1096;2792;1372;54665214;52099672;37893074;9689713;53760332;41009366;10139460;5829440;2138086
FR;0;2023-03-05;23;26;29;52;23;32;53;201;113;54665237;52099698;37893103;9689765;53760355;41009398;10139513;5829641;2138199
FR;0;2023-03-06;225;268;539;1418;192;520;1495;4728;2724;54665462;52099966;37893642;9691183;53760547;41009918;10141008;5834369;2140923
FR;0;2023-03-07;190;316;656;2362;220;612;2453;7945;4882;54665652;52100282;37894298;9693545;53760767;41010530;10143461;5842314;2145805
FR;0;2023-03-08;161;284;525;1442;219;465;1551;5004;2921;54665813;52100566;37894823;9694987;53760986;41010995;10145012;5847318;2148726
FR;0;2023-03-09;168;282;633;2005;190;607;2076;7148;4405;54665981;52100848;37895456;9696992;53761176;41011602;10147088;5854466;2153131
FR;0;2023-03-10;323;457;893;2642;341;820;2778;9008;5368;54666304;52101305;37896349;9699634;53761517;41012422;10149866;5863474;2158499
FR;0;2023-03-11;126;175;352;801;133;311;853;2299;1179;54666430;52101480;37896701;9700435;53761650;41012733;10150719;5865773;2159678
FR;0;2023-03-12;10;25;30;62;24;30;63;177;87;54666440;52101505;37896731;9700497;53761674;41012763;10150782;5865950;2159765
FR;0;2023-03-13;143;223;472;1149;168;427;1207;3776;2141;54666583;52101728;37897203;9701646;53761842;41013190;10151989;5869726;2161906
FR;0;2023-03-14;197;280;647;1892;191;635;1971;6768;4112;54666780;52102008;37897850;9703538;53762033;41013825;10153960;5876494;2166018
FR;0;2023-03-15;159;259;513;1252;210;482;1334;4323;2565;54666939;52102267;37898363;9704790;53762243;41014307;10155294;5880817;2168583
FR;0;2023-03-16;174;268;627;1646;200;576;1755;5952;3578;54667113;52102535;37898990;9706436;53762443;41014883;10157049;5886769;2172161
FR;0;2023-03-17;280;356;798;2044;268;718;2187;7300;4367;54667393;52102891;37899788;9708480;53762711;41015601;10159236;5894069;2176528
FR;0;2023-03-18;123;163;452;607;114;440;679;2042;1043;54667516;52103054;37900240;9709087;53762825;41016041;10159915;5896111;2177571
FR;0;2023-03-19;20;19;26;53;20;13;60;126;54;54667536;52103073;37900266;9709140;53762845;41016054;10159975;5896237;2177625
FR;0;2023-03-20;150;262;485;1082;173;490;1157;3811;2177;54667686;52103335;37900751;9710222;53763018;41016544;10161132;5900048;2179802
FR;0;2023-03-21;211;281;668;1630;199;636;1827;6528;3928;54667897;52103616;37901419;9711852;53763217;41017180;10162959;5906576;2183730
FR;0;2023-03-22;195;244;481;1037;191;461;1156;3940;2288;54668092;52103860;37901900;9712889;53763408;41017641;10164115;5910516;2186018
FR;0;2023-03-23;165;240;592;1411;167;535;1504;5173;3056;54668257;52104100;37902492;9714300;53763575;41018176;10165619;5915689;2189074
FR;0;2023-03-24;239;394;924;1785;289;868;1968;6628;3816;54668496;52104494;37903416;9716085;53763864;41019044;10167587;5922317;2192890
FR;0;2023-03-25;126;170;353;574;139;314;649;1794;840;54668622;52104664;37903769;9716659;53764003;41019358;10168236;5924111;2193730
FR;0;2023-03-26;10;18;25;31;12;25;33;92;47;54668632;52104682;37903794;9716690;53764015;41019383;10168269;5924203;2193777
FR;0;2023-03-27;227;255;514;891;208;492;992;3438;1952;54668859;52104937;37904308;9717581;53764223;41019875;10169261;5927641;2195729
FR;0;2023-03-28;184;249;591;1591;170;545;1720;6187;3711;54669043;52105186;37904899;9719172;53764393;41020420;10170981;5933828;2199440
FR;0;2023-03-29;171;251;436;979;163;440;1120;3774;2105;54669214;52105437;37905335;9720151;53764556;41020860;10172101;5937602;2201545
FR;0;2023-03-30;190;242;576;1354;163;564;1521;5367;3102;54669404;52105679;37905911;9721505;53764719;41021424;10173622;5942969;2204647
FR;0;2023-03-31;213;366;718;1791;273;644;1931;6841;4012;54669617;52106045;37906629;9723296;53764992;41022068;10175553;5949810;2208659
FR;0;2023-04-01;108;195;437;594;134;393;698;1979;949;54669725;52106240;37907066;9723890;53765126;41022461;10176251;5951789;2209608
FR;0;2023-04-02;10;25;30;34;14;37;37;115;50;54669735;52106265;37907096;9723924;53765140;41022498;10176288;5951904;2209658
FR;0;2023-04-03;180;209;546;873;156;501;995;3295;1829;54669915;52106474;37907642;9724797;53765296;41022999;10177283;5955199;2211487
FR;0;2023-04-04;131;254;535;1216;174;464;1375;5312;3196;54670046;52106728;37908177;9726013;53765470;41023463;10178658;5960511;2214683
FR;0;2023-04-05;101;199;410;833;141;389;932;3447;1983;54670147;52106927;37908587;9726846;53765611;41023852;10179590;5963958;2216666
FR;0;2023-04-06;150;183;435;1038;126;399;1168;4250;2444;54670297;52107110;37909022;9727884;53765737;41024251;10180758;5968208;2219110
FR;0;2023-04-07;192;306;557;1287;216;522;1418;5053;2839;54670489;52107416;37909579;9729171;53765953;41024773;10182176;5973261;2221949
FR;0;2023-04-08;67;142;235;399;96;234;436;1339;609;54670556;52107558;37909814;9729570;53766049;41025007;10182612;5974600;2222558
FR;0;2023-04-09;4;19;19;15;11;22;20;59;19;54670560;52107577;37909833;9729585;53766060;41025029;10182632;5974659;2222577
FR;0;2023-04-10;12;29;51;35;23;49;49;103;30;54670572;52107606;37909884;9729620;53766083;41025078;10182681;5974762;2222607
FR;0;2023-04-11;125;250;515;984;164;496;1097;4279;2362;54670697;52107856;37910399;9730604;53766247;41025574;10183778;5979041;2224969
FR;0;2023-04-12;128;205;378;739;151;381;804;3240;1856;54670825;52108061;37910777;9731343;53766398;41025955;10184582;5982281;2226825
FR;0;2023-04-13;109;210;406;939;140;398;1030;4208;2439;54670934;52108271;37911183;9732282;53766538;41026353;10185612;5986489;2229264
FR;0;2023-04-14;197;290;630;1243;228;573;1327;5268;3068;54671131;52108561;37911813;9733525;53766766;41026926;10186939;5991757;2232332
FR;0;2023-04-15;75;117;229;416;81;222;452;1471;681;54671206;52108678;37912042;9733941;53766847;41027148;10187391;5993228;2233013
FR;0;2023-04-16;18;17;12;38;14;15;34;107;46;54671224;52108695;37912054;9733979;53766861;41027163;10187425;5993335;2233059
FR;0;2023-04-17;107;191;364;619;132;380;710;2967;1608;54671331;52108886;37912418;9734598;53766993;41027543;10188135;5996302;2234667
FR;0;2023-04-18;148;187;402;870;126;406;963;4160;2375;54671479;52109073;37912820;9735468;53767119;41027949;10189098;6000462;2237042
FR;0;2023-04-19;114;165;289;602;125;270;696;2775;1479;54671593;52109238;37913109;9736070;53767244;41028219;10189794;6003237;2238521
FR;0;2023-04-20;106;188;346;796;132;339;854;3423;1892;54671699;52109426;37913455;9736866;53767376;41028558;10190648;6006660;2240413
FR;0;2023-04-21;145;256;535;977;165;535;1117;4272;2285;54671844;52109682;37913990;9737843;53767541;41029093;10191765;6010932;2242698
FR;0;2023-04-22;55;109;170;267;75;186;295;1107;540;54671899;52109791;37914160;9738110;53767616;41029279;10192060;6012039;2243238
FR;0;2023-04-23;4;8;15;17;7;16;21;64;22;54671903;52109799;37914175;9738127;53767623;41029295;10192081;6012103;2243260
FR;0;2023-04-24;134;175;288;541;123;278;625;2372;1213;54672037;52109974;37914463;9738668;53767746;41029573;10192706;6014475;2244473
FR;0;2023-04-25;117;174;366;817;119;374;881;4042;2206;54672154;52110148;37914829;9739485;53767865;41029947;10193587;6018517;2246679
FR;0;2023-04-26;102;132;273;498;107;273;564;2450;1274;54672256;52110280;37915102;9739983;53767972;41030220;10194151;6020967;2247953
FR;0;2023-04-27;130;170;326;765;116;337;834;3517;1881;54672386;52110450;37915428;9740748;53768088;41030557;10194985;6024484;2249834
FR;0;2023-04-28;191;260;406;847;153;430;974;4248;2173;54672577;52110710;37915834;9741595;53768241;41030987;10195959;6028732;2252007
FR;0;2023-04-29;82;94;152;268;78;134;320;1094;510;54672659;52110804;37915986;9741863;53768319;41031121;10196279;6029826;2252517
FR;0;2023-04-30;7;8;10;10;4;9;12;49;20;54672666;52110812;37915996;9741873;53768323;41031130;10196291;6029875;2252537
FR;0;2023-05-01;10;14;23;7;11;24;8;51;17;54672676;52110826;37916019;9741880;53768334;41031154;10196299;6029926;2252554
FR;0;2023-05-02;194;197;369;628;143;367;739;3447;1789;54672870;52111023;37916388;9742508;53768477;41031521;10197038;6033373;2254343
FR;0;2023-05-03;143;133;243;469;100;247;517;2693;1389;54673013;52111156;37916631;9742977;53768577;41031768;10197555;6036066;2255732
FR;0;2023-05-04;94;163;298;714;122;366;760;3828;1968;54673107;52111319;37916929;9743691;53768699;41032134;10198315;6039894;2257700
FR;0;2023-05-05;122;199;336;771;126;372;858;4384;2306;54673229;52111518;37917265;9744462;53768825;41032506;10199173;6044278;2260006
FR;0;2023-05-06;64;70;121;238;50;139;251;1063;499;54673293;52111588;37917386;9744700;53768875;41032645;10199424;6045341;2260505
FR;0;2023-05-07;9;9;10;17;8;9;19;71;21;54673302;52111597;37917396;9744717;53768883;41032654;10199443;6045412;2260526
FR;0;2023-05-08;18;13;23;17;10;20;41;126;63;54673320;52111610;37917419;9744734;53768893;41032674;10199484;6045538;2260589
FR;0;2023-05-09;83;123;223;522;90;234;572;3322;1674;54673403;52111733;37917642;9745256;53768983;41032908;10200056;6048860;2262263
FR;0;2023-05-10;102;123;189;488;99;233;523;3043;1431;54673505;52111856;37917831;9745744;53769082;41033141;10200579;6051903;2263694
FR;0;2023-05-11;83;106;213;622;83;200;692;3754;1877;54673588;52111962;37918044;9746366;53769165;41033341;10201271;6055657;2265571
FR;0;2023-05-12;90;136;240;734;103;251;776;4236;2017;54673678;52112098;37918284;9747100;53769268;41033592;10202047;6059893;2267588
FR;0;2023-05-13;47;73;107;201;53;119;222;973;416;54673725;52112171;37918391;9747301;53769321;41033711;10202269;6060866;2268004
FR;0;2023-05-14;15;12;6;14;7;10;15;65;26;54673740;52112183;37918397;9747315;53769328;41033721;10202284;6060931;2268030
FR;0;2023-05-15;59;84;158;408;58;151;459;2765;1307;54673799;52112267;37918555;9747723;53769386;41033872;10202743;6063696;2269337
FR;0;2023-05-16;79;139;197;669;96;213;747;4840;2339;54673878;52112406;37918752;9748392;53769482;41034085;10203490;6068536;2271676
