fra;vaccin;jour;n_dose1;n_dose2;n_dose3;n_dose4;n_rappel;n_cum_dose1;n_cum_dose2;n_cum_dose3;n_cum_dose4;n_cum_rappel
FR;1;2020-12-27;602;0;0;0;0;602;0;0;0;0
FR;1;2020-12-28;666;1;0;0;0;1268;1;0;0;0
FR;1;2020-12-29;374;0;0;0;0;1642;1;0;0;0
FR;1;2020-12-30;439;0;0;0;0;2081;1;0;0;0
FR;1;2020-12-31;426;0;0;0;0;2507;1;0;0;0
FR;1;2021-01-01;1136;2;0;0;0;3643;3;0;0;0
FR;1;2021-01-02;356;3;0;0;0;3999;6;0;0;0
FR;1;2021-01-03;401;0;0;0;0;4400;6;0;0;0
FR;1;2021-01-04;2088;2;0;0;0;6488;8;0;0;0
FR;1;2021-01-05;7608;3;0;0;0;14096;11;0;0;0
FR;1;2021-01-06;12419;11;0;0;0;26515;22;0;0;0
FR;1;2021-01-07;29446;9;0;0;0;55961;31;0;0;0
FR;1;2021-01-08;37121;9;0;0;0;93082;40;0;0;0
FR;1;2021-01-09;11209;4;0;0;0;104291;44;0;0;0
FR;1;2021-01-10;5996;3;0;0;0;110287;47;0;0;0
FR;1;2021-01-11;39924;17;0;0;0;150211;64;0;0;0
FR;1;2021-01-12;62123;16;0;0;0;212334;80;0;0;0
FR;1;2021-01-13;65101;28;0;0;0;277435;108;0;0;0
FR;1;2021-01-14;81434;77;0;0;0;358869;185;0;0;0
FR;1;2021-01-15;68595;32;0;0;0;427464;217;0;0;0
FR;1;2021-01-16;19893;70;0;0;0;447357;287;0;0;0
FR;1;2021-01-17;10896;47;0;0;0;458253;334;0;0;0
FR;1;2021-01-18;82807;162;0;0;0;541060;496;0;0;0
FR;1;2021-01-19;125897;173;0;0;0;666957;669;0;0;0
FR;1;2021-01-20;132390;168;0;0;0;799347;837;0;0;0
FR;1;2021-01-21;153037;161;0;0;0;952384;998;0;0;0
FR;1;2021-01-22;115926;199;0;0;0;1068310;1197;0;0;0
FR;1;2021-01-23;36601;63;0;0;0;1104911;1260;0;0;0
FR;1;2021-01-24;9580;70;0;0;0;1114491;1330;0;0;0
FR;1;2021-01-25;74410;1262;0;0;0;1188901;2592;0;0;0
FR;1;2021-01-26;96443;3285;1;0;0;1285344;5877;1;0;0
FR;1;2021-01-27;103625;5914;0;0;0;1388969;11791;1;0;0
FR;1;2021-01-28;120582;14998;0;0;0;1509551;26789;1;0;0
FR;1;2021-01-29;88879;17725;0;0;0;1598430;44514;1;0;0
FR;1;2021-01-30;27983;4311;0;0;0;1626413;48825;1;0;0
FR;1;2021-01-31;5180;1737;0;0;0;1631593;50562;1;0;0
FR;1;2021-02-01;49708;21525;0;0;0;1681301;72087;1;0;0
FR;1;2021-02-02;67791;35694;0;0;0;1749092;107781;1;0;0
FR;1;2021-02-03;67073;38032;0;0;0;1816165;145813;1;0;0
FR;1;2021-02-04;77118;51424;0;0;0;1893283;197237;1;0;0
FR;1;2021-02-05;63406;46150;0;0;0;1956689;243387;1;0;0
FR;1;2021-02-06;19406;10747;0;0;0;1976095;254134;1;0;0
FR;1;2021-02-07;3658;5316;0;0;0;1979753;259450;1;0;0
FR;1;2021-02-08;36480;46853;0;0;0;2016233;306303;1;0;0
FR;1;2021-02-09;50790;74405;0;0;0;2067023;380708;1;0;0
FR;1;2021-02-10;52044;79289;0;0;0;2119067;459997;1;0;0
FR;1;2021-02-11;63349;101122;0;0;0;2182416;561119;1;0;0
FR;1;2021-02-12;55838;74689;0;0;0;2238254;635808;1;0;0
FR;1;2021-02-13;15451;19244;0;0;0;2253705;655052;1;0;0
FR;1;2021-02-14;3744;7188;0;0;0;2257449;662240;1;0;0
FR;1;2021-02-15;24128;73515;0;0;0;2281577;735755;1;0;0
FR;1;2021-02-16;32754;96541;0;0;0;2314331;832296;1;0;0
FR;1;2021-02-17;35097;100115;1;0;0;2349428;932411;2;0;0
FR;1;2021-02-18;49422;115360;0;0;0;2398850;1047771;2;0;0
FR;1;2021-02-19;45365;86664;1;0;0;2444215;1134435;3;0;0
FR;1;2021-02-20;13376;27074;0;0;0;2457591;1161509;3;0;0
FR;1;2021-02-21;2454;6219;0;0;0;2460045;1167728;3;0;0
FR;1;2021-02-22;24704;69430;2;0;0;2484749;1237158;5;0;0
FR;1;2021-02-23;37414;80769;1;0;0;2522163;1317927;6;0;0
FR;1;2021-02-24;40672;78264;1;0;0;2562835;1396191;7;0;0
FR;1;2021-02-25;50132;87986;1;0;0;2612967;1484177;8;0;0
FR;1;2021-02-26;47189;67574;1;0;0;2660156;1551751;9;0;0
FR;1;2021-02-27;15667;21082;0;0;0;2675823;1572833;9;0;0
FR;1;2021-02-28;3552;4247;1;0;0;2679375;1577080;10;0;0
FR;1;2021-03-01;40145;49547;1;0;0;2719520;1626627;11;0;0
FR;1;2021-03-02;55957;61856;2;0;0;2775477;1688483;13;0;0
FR;1;2021-03-03;61202;60578;0;0;0;2836679;1749061;13;0;0
FR;1;2021-03-04;72971;66192;3;0;0;2909650;1815253;16;0;0
FR;1;2021-03-05;74733;58981;3;0;0;2984383;1874234;19;0;0
FR;1;2021-03-06;82434;15963;2;0;0;3066817;1890197;21;0;0
FR;1;2021-03-07;63702;4925;1;0;0;3130519;1895122;22;0;0
FR;1;2021-03-08;60141;41999;2;0;0;3190660;1937121;24;0;0
FR;1;2021-03-09;85962;47975;1;0;0;3276622;1985096;25;0;0
FR;1;2021-03-10;90873;47942;5;0;0;3367495;2033038;30;0;0
FR;1;2021-03-11;105036;54181;1;0;0;3472531;2087219;31;0;0
FR;1;2021-03-12;104084;45037;1;0;0;3576615;2132256;32;0;0
FR;1;2021-03-13;89180;12712;1;0;0;3665795;2144968;33;0;0
FR;1;2021-03-14;44445;2873;1;0;0;3710240;2147841;34;0;0
FR;1;2021-03-15;95473;28625;3;0;0;3805713;2176466;37;0;0
FR;1;2021-03-16;123569;34456;5;0;0;3929282;2210922;42;0;0
FR;1;2021-03-17;129279;34179;4;0;0;4058561;2245101;46;0;0
FR;1;2021-03-18;142856;39572;5;0;0;4201417;2284673;51;0;0
FR;1;2021-03-19;136212;32530;2;0;0;4337629;2317203;53;0;0
FR;1;2021-03-20;75973;9982;1;0;0;4413602;2327185;54;0;0
FR;1;2021-03-21;26495;2340;1;0;0;4440097;2329525;55;0;0
FR;1;2021-03-22;114719;30778;2;0;0;4554816;2360303;57;0;0
FR;1;2021-03-23;142992;38090;1;0;0;4697808;2398393;58;0;0
FR;1;2021-03-24;141966;38586;0;0;0;4839774;2436979;58;0;0
FR;1;2021-03-25;164968;39601;4;0;0;5004742;2476580;62;0;0
FR;1;2021-03-26;166360;37507;4;1;0;5171102;2514087;66;1;0
FR;1;2021-03-27;110866;15288;1;0;0;5281968;2529375;67;1;0
FR;1;2021-03-28;42292;3874;3;0;0;5324260;2533249;70;1;0
FR;1;2021-03-29;129787;49650;4;0;0;5454047;2582899;74;1;0
FR;1;2021-03-30;167674;63519;4;0;0;5621721;2646418;78;1;0
FR;1;2021-03-31;170886;67229;4;0;0;5792607;2713647;82;1;0
FR;1;2021-04-01;194721;80667;11;0;0;5987328;2794314;93;1;0
FR;1;2021-04-02;164414;84941;7;0;0;6151742;2879255;100;1;0
FR;1;2021-04-03;88224;58040;5;0;0;6239966;2937295;105;1;0
FR;1;2021-04-04;33583;17692;0;0;0;6273549;2954987;105;1;0
FR;1;2021-04-05;46376;9968;11;0;0;6319925;2964955;116;1;0
FR;1;2021-04-06;160260;102171;17;0;0;6480185;3067126;133;1;0
FR;1;2021-04-07;196928;108203;16;0;0;6677113;3175329;149;1;0
FR;1;2021-04-08;222049;112758;13;0;0;6899162;3288087;162;1;0
FR;1;2021-04-09;214501;107363;21;0;0;7113663;3395450;183;1;0
FR;1;2021-04-10;117150;73268;14;0;0;7230813;3468718;197;1;0
FR;1;2021-04-11;40873;30136;6;0;0;7271686;3498854;203;1;0
FR;1;2021-04-12;168416;103884;45;0;0;7440102;3602738;248;1;0
FR;1;2021-04-13;203749;127995;97;1;0;7643851;3730733;345;2;0
FR;1;2021-04-14;208545;122660;206;0;0;7852396;3853393;551;2;0
FR;1;2021-04-15;221604;127051;311;0;0;8074000;3980444;862;2;0
FR;1;2021-04-16;206003;125160;307;0;0;8280003;4105604;1169;2;0
FR;1;2021-04-17;122062;67275;103;0;0;8402065;4172879;1272;2;0
FR;1;2021-04-18;35953;20933;41;0;0;8438018;4193812;1313;2;0
FR;1;2021-04-19;163706;121711;430;0;0;8601724;4315523;1743;2;0
FR;1;2021-04-20;189356;148856;530;0;0;8791080;4464379;2273;2;0
FR;1;2021-04-21;193932;146902;758;0;0;8985012;4611281;3031;2;0
FR;1;2021-04-22;208978;163055;777;0;0;9193990;4774336;3808;2;0
FR;1;2021-04-23;198912;157039;671;0;0;9392902;4931375;4479;2;0
FR;1;2021-04-24;126300;95465;148;0;0;9519202;5026840;4627;2;0
FR;1;2021-04-25;53618;30019;46;0;0;9572820;5056859;4673;2;0
FR;1;2021-04-26;181086;138342;539;0;0;9753906;5195201;5212;2;0
FR;1;2021-04-27;221318;161855;900;0;0;9975224;5357056;6112;2;0
FR;1;2021-04-28;238242;155063;1310;1;1;10213466;5512119;7422;3;1
FR;1;2021-04-29;270224;160374;1207;0;0;10483690;5672493;8629;3;1
FR;1;2021-04-30;271927;148118;1069;0;0;10755617;5820611;9698;3;1
FR;1;2021-05-01;141115;40623;172;0;0;10896732;5861234;9870;3;1
FR;1;2021-05-02;81519;28088;81;0;0;10978251;5889322;9951;3;1
FR;1;2021-05-03;250727;145260;799;0;0;11228978;6034582;10750;3;1
FR;1;2021-05-04;265807;186867;1197;0;0;11494785;6221449;11947;3;1
FR;1;2021-05-05;283807;184752;1264;0;0;11778592;6406201;13211;3;1
FR;1;2021-05-06;309887;183207;1498;0;0;12088479;6589408;14709;3;1
FR;1;2021-05-07;284036;195651;1125;0;0;12372515;6785059;15834;3;1
FR;1;2021-05-08;191636;48634;284;0;0;12564151;6833693;16118;3;1
FR;1;2021-05-09;114045;35873;236;0;0;12678196;6869566;16354;3;1
FR;1;2021-05-10;258132;193999;1183;0;0;12936328;7063565;17537;3;1
FR;1;2021-05-11;318817;210972;1462;0;0;13255145;7274537;18999;3;1
FR;1;2021-05-12;356562;185703;1399;0;0;13611707;7460240;20398;3;1
FR;1;2021-05-13;283404;47703;399;0;0;13895111;7507943;20797;3;1
FR;1;2021-05-14;370437;128550;990;0;0;14265548;7636493;21787;3;1
FR;1;2021-05-15;298052;66090;402;0;0;14563600;7702583;22189;3;1
FR;1;2021-05-16;157751;15532;158;0;0;14721351;7718115;22347;3;1
FR;1;2021-05-17;318888;116286;1436;0;0;15040239;7834401;23783;3;1
FR;1;2021-05-18;383268;111189;1795;0;0;15423507;7945590;25578;3;1
FR;1;2021-05-19;395207;102584;2174;0;0;15818714;8048174;27752;3;1
FR;1;2021-05-20;421746;96094;2042;0;0;16240460;8144268;29794;3;1
FR;1;2021-05-21;399758;97174;1756;0;0;16640218;8241442;31550;3;1
FR;1;2021-05-22;275646;42011;602;0;0;16915864;8283453;32152;3;1
FR;1;2021-05-23;122985;11146;224;0;0;17038849;8294599;32376;3;1
FR;1;2021-05-24;243977;26214;566;0;0;17282826;8320813;32942;3;1
FR;1;2021-05-25;366171;131601;2108;1;0;17648997;8452414;35050;4;1
FR;1;2021-05-26;380762;125854;1987;0;0;18029759;8578268;37037;4;1
FR;1;2021-05-27;406093;127961;1974;0;0;18435852;8706229;39011;4;1
FR;1;2021-05-28;365970;145281;1698;0;0;18801822;8851510;40709;4;1
FR;1;2021-05-29;253802;80830;525;0;0;19055624;8932340;41234;4;1
FR;1;2021-05-30;100956;22535;157;0;0;19156580;8954875;41391;4;1
FR;1;2021-05-31;314220;148740;1280;1;1;19470800;9103615;42671;5;2
FR;1;2021-06-01;361482;166434;1724;1;1;19832282;9270049;44395;6;3
FR;1;2021-06-02;364727;153163;1791;0;0;20197009;9423212;46186;6;3
FR;1;2021-06-03;390512;147558;1647;0;0;20587521;9570770;47833;6;3
FR;1;2021-06-04;363574;175493;1492;1;1;20951095;9746263;49325;7;4
FR;1;2021-06-05;258461;112648;596;0;0;21209556;9858911;49921;7;4
FR;1;2021-06-06;126741;37545;215;0;0;21336297;9896456;50136;7;4
FR;1;2021-06-07;300214;207773;1362;0;0;21636511;10104229;51498;7;4
FR;1;2021-06-08;330544;220755;1636;0;0;21967055;10324984;53134;7;4
FR;1;2021-06-09;336397;212198;1607;0;0;22303452;10537182;54741;7;4
FR;1;2021-06-10;343693;201855;1608;0;0;22647145;10739037;56349;7;4
FR;1;2021-06-11;311729;235238;1292;0;0;22958874;10974275;57641;7;4
FR;1;2021-06-12;244028;150647;431;0;0;23202902;11124922;58072;7;4
FR;1;2021-06-13;100318;61002;188;0;0;23303220;11185924;58260;7;4
FR;1;2021-06-14;207670;288754;1316;1;0;23510890;11474678;59576;8;4
FR;1;2021-06-15;256709;282099;1391;1;0;23767599;11756777;60967;9;4
FR;1;2021-06-16;273523;270613;1262;1;0;24041122;12027390;62229;10;4
FR;1;2021-06-17;268098;244742;1231;1;0;24309220;12272132;63460;11;4
FR;1;2021-06-18;260422;295654;1149;1;0;24569642;12567786;64609;12;4
FR;1;2021-06-19;193414;209485;387;0;0;24763056;12777271;64996;12;4
FR;1;2021-06-20;69654;89153;117;0;0;24832710;12866424;65113;12;4
FR;1;2021-06-21;172199;319806;929;1;1;25004909;13186230;66042;13;5
FR;1;2021-06-22;185687;347827;1097;10;2;25190596;13534057;67139;23;7
FR;1;2021-06-23;204044;339461;1048;0;0;25394640;13873518;68187;23;7
FR;1;2021-06-24;203405;282106;1166;0;0;25598045;14155624;69353;23;7
FR;1;2021-06-25;182498;371832;1196;0;0;25780543;14527456;70549;23;7
FR;1;2021-06-26;131347;278322;502;0;0;25911890;14805778;71051;23;7
FR;1;2021-06-27;52374;122905;145;0;0;25964264;14928683;71196;23;7
FR;1;2021-06-28;136511;368155;1057;0;0;26100775;15296838;72253;23;7
FR;1;2021-06-29;154753;390722;1849;0;0;26255528;15687560;74102;23;7
FR;1;2021-06-30;179909;379618;1663;4;2;26435437;16067178;75765;27;9
FR;1;2021-07-01;201274;332190;1886;5;1;26636711;16399368;77651;32;10
FR;1;2021-07-02;193549;367669;1764;5;3;26830260;16767037;79415;37;13
FR;1;2021-07-03;124381;280449;704;3;1;26954641;17047486;80119;40;14
FR;1;2021-07-04;53908;113682;244;0;0;27008549;17161168;80363;40;14
FR;1;2021-07-05;153684;356018;1500;8;2;27162233;17517186;81863;48;16
FR;1;2021-07-06;173316;382520;1601;45;8;27335549;17899706;83464;93;24
FR;1;2021-07-07;190616;362571;1656;24;5;27526165;18262277;85120;117;29
FR;1;2021-07-08;201387;323112;1825;20;7;27727552;18585389;86945;137;36
FR;1;2021-07-09;189717;387661;1851;3;2;27917269;18973050;88796;140;38
FR;1;2021-07-10;129875;281141;814;1;1;28047144;19254191;89610;141;39
FR;1;2021-07-11;57628;102502;261;0;0;28104772;19356693;89871;141;39
FR;1;2021-07-12;149468;417020;1580;4;0;28254240;19773713;91451;145;39
FR;1;2021-07-13;234084;439503;1805;8;2;28488324;20213216;93256;153;41
FR;1;2021-07-14;171745;151537;417;0;0;28660069;20364753;93673;153;41
FR;1;2021-07-15;279481;424776;1856;1;0;28939550;20789529;95529;154;41
FR;1;2021-07-16;290263;401223;1710;3;1;29229813;21190752;97239;157;42
FR;1;2021-07-17;217281;282112;754;1;0;29447094;21472864;97993;158;42
FR;1;2021-07-18;101965;107305;288;0;0;29549059;21580169;98281;158;42
FR;1;2021-07-19;238074;379144;1495;3;0;29787133;21959313;99776;161;42
FR;1;2021-07-20;305584;380726;1468;0;0;30092717;22340039;101244;161;42
FR;1;2021-07-21;333135;353411;1412;4;2;30425852;22693450;102656;165;44
FR;1;2021-07-22;364522;319237;1502;3;2;30790374;23012687;104158;168;46
FR;1;2021-07-23;349059;343603;1586;4;2;31139433;23356290;105744;172;48
FR;1;2021-07-24;238912;240984;696;1;0;31378345;23597274;106440;173;48
FR;1;2021-07-25;112751;76061;215;0;0;31491096;23673335;106655;173;48
FR;1;2021-07-26;299020;290051;1496;2;2;31790116;23963386;108151;175;50
FR;1;2021-07-27;385706;268695;1457;4;2;32175822;24232081;109608;179;52
FR;1;2021-07-28;390098;251448;1460;4;2;32565920;24483529;111068;183;54
FR;1;2021-07-29;406022;228247;1538;2;1;32971942;24711776;112606;185;55
FR;1;2021-07-30;370599;246971;1633;4;1;33342541;24958747;114239;189;56
FR;1;2021-07-31;243353;165119;793;1;0;33585894;25123866;115032;190;56
FR;1;2021-08-01;105523;47231;233;0;0;33691417;25171097;115265;190;56
FR;1;2021-08-02;297037;213214;1475;2;0;33988454;25384311;116740;192;56
FR;1;2021-08-03;331178;209204;1547;2;1;34319632;25593515;118287;194;57
FR;1;2021-08-04;327852;184349;1436;5;3;34647484;25777864;119723;199;60
FR;1;2021-08-05;301122;193544;1482;0;0;34948606;25971408;121205;199;60
FR;1;2021-08-06;290851;224509;1558;3;1;35239457;26195917;122763;202;61
FR;1;2021-08-07;182599;158821;654;4;3;35422056;26354738;123417;206;64
FR;1;2021-08-08;68834;59128;247;0;0;35490890;26413866;123664;206;64
FR;1;2021-08-09;222631;235872;1438;4;3;35713521;26649738;125102;210;67
FR;1;2021-08-10;252517;240621;1486;2;1;35966038;26890359;126588;212;68
FR;1;2021-08-11;236055;232370;1271;5;1;36202093;27122729;127859;217;69
FR;1;2021-08-12;220641;240219;1484;3;1;36422734;27362948;129343;220;70
FR;1;2021-08-13;201625;238554;1356;2;2;36624359;27601502;130699;222;72
FR;1;2021-08-14;122816;174154;645;0;0;36747175;27775656;131344;222;72
FR;1;2021-08-15;34663;46121;198;1;0;36781838;27821777;131542;223;72
FR;1;2021-08-16;156839;289851;1421;0;0;36938677;28111628;132963;223;72
FR;1;2021-08-17;171510;291566;1420;5;1;37110187;28403194;134383;228;73
FR;1;2021-08-18;161321;286994;1389;6;3;37271508;28690188;135772;234;76
FR;1;2021-08-19;148824;277721;1397;1;0;37420332;28967909;137169;235;76
FR;1;2021-08-20;140425;309078;1524;2;2;37560757;29276987;138693;237;78
FR;1;2021-08-21;84240;213253;586;0;0;37644997;29490240;139279;237;78
FR;1;2021-08-22;28545;82692;230;0;0;37673542;29572932;139509;237;78
FR;1;2021-08-23;118588;321169;1420;2;1;37792130;29894101;140929;239;79
FR;1;2021-08-24;126595;319886;1602;5;1;37918725;30213987;142531;244;80
FR;1;2021-08-25;121462;306585;1776;8;3;38040187;30520572;144307;252;83
FR;1;2021-08-26;106529;286199;2157;10;1;38146716;30806771;146464;262;84
FR;1;2021-08-27;107594;321615;2300;9;3;38254310;31128386;148764;271;87
FR;1;2021-08-28;70971;220715;1100;0;0;38325281;31349101;149864;271;87
FR;1;2021-08-29;24135;78153;467;1;0;38349416;31427254;150331;272;87
FR;1;2021-08-30;96805;286517;4307;6;5120;38446221;31713771;154638;278;5207
FR;1;2021-08-31;98031;276442;9285;15;10172;38544252;31990213;163923;293;15379
FR;1;2021-09-01;112001;245341;21103;7;22073;38656253;32235554;185026;300;37452
FR;1;2021-09-02;84732;198018;24524;11;25439;38740985;32433572;209550;311;62891
FR;1;2021-09-03;82325;227607;26943;20;27969;38823310;32661179;236493;331;90860
FR;1;2021-09-04;71554;189715;11138;11;11653;38894864;32850894;247631;342;102513
FR;1;2021-09-05;18596;41189;4121;2;4290;38913460;32892083;251752;344;106803
FR;1;2021-09-06;59473;151626;30172;15;31147;38972933;33043709;281924;359;137950
FR;1;2021-09-07;57208;139714;30200;27;31106;39030141;33183423;312124;386;169056
FR;1;2021-09-08;71206;173884;26916;20;27864;39101347;33357307;339040;406;196920
FR;1;2021-09-09;54234;124571;28600;23;29649;39155581;33481878;367640;429;226569
FR;1;2021-09-10;65793;152090;30431;22;31565;39221374;33633968;398071;451;258134
FR;1;2021-09-11;52317;146614;9727;14;10303;39273691;33780582;407798;465;268437
FR;1;2021-09-12;10767;29244;2482;1;2636;39284458;33809826;410280;466;271073
FR;1;2021-09-13;51331;104601;38729;28;39915;39335789;33914427;449009;494;310988
FR;1;2021-09-14;53192;96058;51254;65;52881;39388981;34010485;500263;559;363869
FR;1;2021-09-15;60349;139301;50461;55;46966;39449330;34149786;550724;614;410835
FR;1;2021-09-16;46533;81424;53289;71;49472;39495863;34231210;604013;685;460307
FR;1;2021-09-17;53118;109384;45047;61;42636;39548981;34340594;649060;746;502943
FR;1;2021-09-18;37838;118488;11790;19;11256;39586819;34459082;660850;765;514199
FR;1;2021-09-19;6492;21035;2037;1;1973;39593311;34480117;662887;766;516172
FR;1;2021-09-20;36429;74919;46174;66;44087;39629740;34555036;709061;832;560259
FR;1;2021-09-21;34122;68144;56229;71;52618;39663862;34623180;765290;903;612877
FR;1;2021-09-22;38744;118526;49833;76;46818;39702606;34741706;815123;979;659695
FR;1;2021-09-23;31929;62842;54461;85;50819;39734535;34804548;869584;1064;710514
FR;1;2021-09-24;36716;90089;43640;91;41865;39771251;34894637;913224;1155;752379
FR;1;2021-09-25;27626;96609;12297;27;12162;39798877;34991246;925521;1182;764541
FR;1;2021-09-26;4357;15204;1770;5;1696;39803234;35006450;927291;1187;766237
FR;1;2021-09-27;27309;60234;42884;89;41563;39830543;35066684;970175;1276;807800
FR;1;2021-09-28;26844;49448;47156;75;44375;39857387;35116132;1017331;1351;852175
FR;1;2021-09-29;35829;80395;47244;87;45523;39893216;35196527;1064575;1438;897698
FR;1;2021-09-30;26011;46783;47492;79;45368;39919227;35243310;1112067;1517;943066
FR;1;2021-10-01;47131;65006;44858;83;44404;39966358;35308316;1156925;1600;987470
FR;1;2021-10-02;32333;62351;16106;32;16297;39998691;35370667;1173031;1632;1003767
FR;1;2021-10-03;4318;8575;2031;3;2024;40003009;35379242;1175062;1635;1005791
FR;1;2021-10-04;28764;44418;47088;79;46899;40031773;35423660;1222150;1714;1052690
FR;1;2021-10-05;24229;41622;49829;116;49180;40056002;35465282;1271979;1830;1101870
FR;1;2021-10-06;34390;61346;57441;102;57129;40090392;35526628;1329420;1932;1158999
FR;1;2021-10-07;20936;39811;52990;75;51808;40111328;35566439;1382410;2007;1210807
FR;1;2021-10-08;34949;59588;60360;83;61055;40146277;35626027;1442770;2090;1271862
FR;1;2021-10-09;27421;47972;25474;30;25971;40173698;35673999;1468244;2120;1297833
FR;1;2021-10-10;3638;5786;2746;7;2846;40177336;35679785;1470990;2127;1300679
FR;1;2021-10-11;24697;38163;54560;88;55165;40202033;35717948;1525550;2215;1355844
FR;1;2021-10-12;23119;36567;58020;126;59079;40225152;35754515;1583570;2341;1414923
FR;1;2021-10-13;32805;47785;64143;124;65612;40257957;35802300;1647713;2465;1480535
FR;1;2021-10-14;21602;34765;53725;103;54290;40279559;35837065;1701438;2568;1534825
FR;1;2021-10-15;32554;48808;72299;165;74915;40312113;35885873;1773737;2733;1609740
FR;1;2021-10-16;25956;35270;34857;44;36389;40338069;35921143;1808594;2777;1646129
FR;1;2021-10-17;3096;4060;3407;2;3317;40341165;35925203;1812001;2779;1649446
FR;1;2021-10-18;23506;34907;66804;131;69645;40364671;35960110;1878805;2910;1719091
FR;1;2021-10-19;20594;34573;75629;136;79515;40385265;35994683;1954434;3046;1798606
FR;1;2021-10-20;29797;44191;96140;177;99757;40415062;36038874;2050574;3223;1898363
FR;1;2021-10-21;19608;35093;83119;107;86980;40434670;36073967;2133693;3330;1985343
FR;1;2021-10-22;29533;47628;103699;196;109564;40464203;36121595;2237392;3526;2094907
FR;1;2021-10-23;23004;35156;44849;57;47350;40487207;36156751;2282241;3583;2142257
FR;1;2021-10-24;2373;3877;3579;6;3731;40489580;36160628;2285820;3589;2145988
FR;1;2021-10-25;22392;30828;81992;143;85758;40511972;36191456;2367812;3732;2231746
FR;1;2021-10-26;19296;27704;86059;162;90276;40531268;36219160;2453871;3894;2322022
FR;1;2021-10-27;26128;39658;107756;252;112595;40557396;36258818;2561627;4146;2434617
FR;1;2021-10-28;18600;27061;86893;150;91585;40575996;36285879;2648520;4296;2526202
FR;1;2021-10-29;25874;40171;114783;200;121514;40601870;36326050;2763303;4496;2647716
FR;1;2021-10-30;17670;28609;49339;75;51913;40619540;36354659;2812642;4571;2699629
FR;1;2021-10-31;2055;3200;3442;2;3677;40621595;36357859;2816084;4573;2703306
FR;1;2021-11-01;7711;4202;3021;3;3263;40629306;36362061;2819105;4576;2706569
FR;1;2021-11-02;21845;33199;92343;157;97682;40651151;36395260;2911448;4733;2804251
FR;1;2021-11-03;26282;41528;117441;215;123797;40677433;36436788;3028889;4948;2928048
FR;1;2021-11-04;19487;30285;105732;213;111818;40696920;36467073;3134621;5161;3039866
FR;1;2021-11-05;26902;42240;138717;227;147290;40723822;36509313;3273338;5388;3187156
FR;1;2021-11-06;18806;29821;63442;123;66410;40742628;36539134;3336780;5511;3253566
FR;1;2021-11-07;1789;3350;4956;6;5296;40744417;36542484;3341736;5517;3258862
FR;1;2021-11-08;17675;32298;125905;224;132458;40762092;36574782;3467641;5741;3391320
FR;1;2021-11-09;19228;37706;159213;335;168911;40781320;36612488;3626854;6076;3560231
FR;1;2021-11-10;28674;49169;181814;440;192355;40809994;36661657;3808668;6516;3752586
FR;1;2021-11-11;3791;5932;12193;26;13001;40813785;36667589;3820861;6542;3765587
FR;1;2021-11-12;25930;46868;174739;243;186336;40839715;36714457;3995600;6785;3951923
FR;1;2021-11-13;18691;29242;76801;111;81737;40858406;36743699;4072401;6896;4033660
FR;1;2021-11-14;2024;3315;6812;5;7383;40860430;36747014;4079213;6901;4041043
FR;1;2021-11-15;18582;34884;156336;303;166095;40879012;36781898;4235549;7204;4207138
FR;1;2021-11-16;21074;37925;192001;377;204780;40900086;36819823;4427550;7581;4411918
FR;1;2021-11-17;28495;45710;193141;399;204911;40928581;36865533;4620691;7980;4616829
FR;1;2021-11-18;21051;38872;182381;457;194348;40949632;36904405;4803072;8437;4811177
FR;1;2021-11-19;30773;53371;230138;529;246551;40980405;36957776;5033210;8966;5057728
FR;1;2021-11-20;23691;33319;96940;201;103577;41004096;36991095;5130150;9167;5161305
FR;1;2021-11-21;2313;4017;9096;18;9968;41006409;36995112;5139246;9185;5171273
FR;1;2021-11-22;21353;30490;175796;465;189317;41027762;37025602;5315042;9650;5360590
FR;1;2021-11-23;23869;41166;221089;539;237786;41051631;37066768;5536131;10189;5598376
FR;1;2021-11-24;30256;49762;217254;703;234367;41081887;37116530;5753385;10892;5832743
FR;1;2021-11-25;23482;43933;244348;718;263882;41105369;37160463;5997733;11610;6096625
FR;1;2021-11-26;30583;66551;356670;833;388356;41135952;37227014;6354403;12443;6484981
FR;1;2021-11-27;21775;45364;202548;371;222520;41157727;37272378;6556951;12814;6707501
FR;1;2021-11-28;3137;9678;54754;63;61032;41160864;37282056;6611705;12877;6768533
FR;1;2021-11-29;17854;49529;326266;840;354249;41178718;37331585;6937971;13717;7122782
FR;1;2021-11-30;22740;64971;431025;950;470593;41201458;37396556;7368996;14667;7593375
FR;1;2021-12-01;24910;69373;442739;1130;481582;41226368;37465929;7811735;15797;8074957
FR;1;2021-12-02;19967;64440;489239;1227;532679;41246335;37530369;8300974;17024;8607636
FR;1;2021-12-03;22828;81815;542599;1307;591577;41269163;37612184;8843573;18331;9199213
FR;1;2021-12-04;16369;53926;299026;652;328857;41285532;37666110;9142599;18983;9528070
FR;1;2021-12-05;3622;13916;81495;143;91050;41289154;37680026;9224094;19126;9619120
FR;1;2021-12-06;20721;62778;415303;1065;455010;41309875;37742804;9639397;20191;10074130
FR;1;2021-12-07;19788;75818;522802;1531;572401;41329663;37818622;10162199;21722;10646531
FR;1;2021-12-08;21562;75856;458214;1543;501915;41351225;37894478;10620413;23265;11148446
FR;1;2021-12-09;19393;74114;492753;1625;540610;41370618;37968592;11113166;24890;11689056
FR;1;2021-12-10;22986;87635;547260;1586;599839;41393604;38056227;11660426;26476;12288895
FR;1;2021-12-11;16516;59014;302678;747;335426;41410120;38115241;11963104;27223;12624321
FR;1;2021-12-12;4343;16024;83178;179;94079;41414463;38131265;12046282;27402;12718400
FR;1;2021-12-13;15474;63829;366824;1094;406185;41429937;38195094;12413106;28496;13124585
FR;1;2021-12-14;20477;80323;464538;1739;515019;41450414;38275417;12877644;30235;13639604
FR;1;2021-12-15;21404;77520;408911;1307;452986;41471818;38352937;13286555;31542;14092590
FR;1;2021-12-16;19959;77386;451675;1574;500456;41491777;38430323;13738230;33116;14593046
FR;1;2021-12-17;22516;86708;479788;1732;530925;41514293;38517031;14218018;34848;15123971
FR;1;2021-12-18;17582;54730;257558;730;288468;41531875;38571761;14475576;35578;15412439
FR;1;2021-12-19;5537;17131;79131;194;90741;41537412;38588892;14554707;35772;15503180
FR;1;2021-12-20;20784;63181;316100;1081;355170;41558196;38652073;14870807;36853;15858350
FR;1;2021-12-21;26099;73239;372618;1421;417974;41584295;38725312;15243425;38274;16276324
FR;1;2021-12-22;24902;65997;310507;1215;349472;41609197;38791309;15553932;39489;16625796
FR;1;2021-12-23;21234;52353;241390;954;272976;41630431;38843662;15795322;40443;16898772
FR;1;2021-12-24;7099;18258;67109;256;77031;41637530;38861920;15862431;40699;16975803
FR;1;2021-12-25;500;2767;5567;15;6528;41638030;38864687;15867998;40714;16982331
FR;1;2021-12-26;2748;7599;26922;70;31448;41640778;38872286;15894920;40784;17013779
FR;1;2021-12-27;18216;53575;235017;707;265705;41658994;38925861;16129937;41491;17279484
FR;1;2021-12-28;23251;62036;291950;1025;330145;41682245;38987897;16421887;42516;17609629
FR;1;2021-12-29;22195;55563;254915;918;288135;41704440;39043460;16676802;43434;17897764
FR;1;2021-12-30;21223;46363;212095;857;239563;41725663;39089823;16888897;44291;18137327
FR;1;2021-12-31;7457;16604;61834;229;70355;41733120;39106427;16950731;44520;18207682
FR;1;2022-01-01;960;2481;5644;29;6575;41734080;39108908;16956375;44549;18214257
FR;1;2022-01-02;3043;8067;28872;50;33525;41737123;39116975;16985247;44599;18247782
FR;1;2022-01-03;20165;53925;228110;786;257520;41757288;39170900;17213357;45385;18505302
FR;1;2022-01-04;25052;64853;299147;1235;337192;41782340;39235753;17512504;46620;18842494
FR;1;2022-01-05;29737;63941;274767;1098;310106;41812077;39299694;17787271;47718;19152600
FR;1;2022-01-06;26542;65982;306799;1395;346429;41838619;39365676;18094070;49113;19499029
FR;1;2022-01-07;31338;74668;349752;1534;393840;41869957;39440344;18443822;50647;19892869
FR;1;2022-01-08;23346;51388;222461;695;251095;41893303;39491732;18666283;51342;20143964
FR;1;2022-01-09;7074;17195;66012;163;76154;41900377;39508927;18732295;51505;20220118
FR;1;2022-01-10;21469;56046;236690;952;267087;41921846;39564973;18968985;52457;20487205
FR;1;2022-01-11;26493;63167;282196;1277;317738;41948339;39628140;19251181;53734;20804943
FR;1;2022-01-12;28733;62272;246145;1103;277919;41977072;39690412;19497326;54837;21082862
FR;1;2022-01-13;24459;59970;262707;1253;296060;42001531;39750382;19760033;56090;21378922
FR;1;2022-01-14;27791;66533;313899;1366;351176;42029322;39816915;20073932;57456;21730098
FR;1;2022-01-15;19258;44353;199269;619;223842;42048580;39861268;20273201;58075;21953940
FR;1;2022-01-16;5134;12996;51495;135;59575;42053714;39874264;20324696;58210;22013515
FR;1;2022-01-17;16746;39727;184774;779;206813;42070460;39913991;20509470;58989;22220328
FR;1;2022-01-18;19240;45765;212350;1151;236980;42089700;39959756;20721820;60140;22457308
FR;1;2022-01-19;20155;43937;176039;894;197169;42109855;40003693;20897859;61034;22654477
FR;1;2022-01-20;16604;40393;183581;1137;204669;42126459;40044086;21081440;62171;22859146
FR;1;2022-01-21;19732;46955;228883;1405;253299;42146191;40091041;21310323;63576;23112445
FR;1;2022-01-22;13826;33262;144466;578;161360;42160017;40124303;21454789;64154;23273805
FR;1;2022-01-23;3345;8800;33402;130;38324;42163362;40133103;21488191;64284;23312129
FR;1;2022-01-24;11734;32691;142155;706;158237;42175096;40165794;21630346;64990;23470366
FR;1;2022-01-25;14097;38028;163336;1048;181521;42189193;40203822;21793682;66038;23651887
FR;1;2022-01-26;14826;37399;150196;931;166258;42204019;40241221;21943878;66969;23818145
FR;1;2022-01-27;12286;32961;143393;882;157874;42216305;40274182;22087271;67851;23976019
FR;1;2022-01-28;16248;53891;198247;1144;222444;42232553;40328073;22285518;68995;24198463
FR;1;2022-01-29;10257;35437;135175;522;151544;42242810;40363510;22420693;69517;24350007
FR;1;2022-01-30;2474;9301;29666;86;34463;42245284;40372811;22450359;69603;24384470
FR;1;2022-01-31;8728;32352;104301;530;117390;42254012;40405163;22554660;70133;24501860
FR;1;2022-02-01;10184;36271;127020;863;141228;42264196;40441434;22681680;70996;24643088
FR;1;2022-02-02;11504;41150;130294;780;145836;42275700;40482584;22811974;71776;24788924
FR;1;2022-02-03;8759;33415;116949;780;130349;42284459;40515999;22928923;72556;24919273
FR;1;2022-02-04;11393;48104;172520;965;192781;42295852;40564103;23101443;73521;25112054
FR;1;2022-02-05;7883;33905;117552;391;133055;42303735;40598008;23218995;73912;25245109
FR;1;2022-02-06;1689;8050;22735;85;26906;42305424;40606058;23241730;73997;25272015
FR;1;2022-02-07;7137;35357;119042;452;134966;42312561;40641415;23360772;74449;25406981
FR;1;2022-02-08;7566;31573;125600;694;140573;42320127;40672988;23486372;75143;25547554
FR;1;2022-02-09;8460;36170;135206;694;152422;42328587;40709158;23621578;75837;25699976
FR;1;2022-02-10;6581;29334;116294;674;130048;42335168;40738492;23737872;76511;25830024
FR;1;2022-02-11;8561;41352;165078;875;185285;42343729;40779844;23902950;77386;26015309
FR;1;2022-02-12;5291;27529;106670;378;120843;42349020;40807373;24009620;77764;26136152
FR;1;2022-02-13;1223;5699;21703;65;25315;42350243;40813072;24031323;77829;26161467
FR;1;2022-02-14;5379;27077;118033;388;133054;42355622;40840149;24149356;78217;26294521
FR;1;2022-02-15;5586;28115;118849;609;132441;42361208;40868264;24268205;78826;26426962
FR;1;2022-02-16;5645;28152;110373;595;122974;42366853;40896416;24378578;79421;26549936
FR;1;2022-02-17;4414;19183;73093;486;80148;42371267;40915599;24451671;79907;26630084
FR;1;2022-02-18;5497;26473;99153;668;108098;42376764;40942072;24550824;80575;26738182
FR;1;2022-02-19;3532;17080;59458;304;66029;42380296;40959152;24610282;80879;26804211
FR;1;2022-02-20;783;3225;10690;35;12313;42381079;40962377;24620972;80914;26816524
FR;1;2022-02-21;3356;14471;52791;286;57637;42384435;40976848;24673763;81200;26874161
FR;1;2022-02-22;3718;15364;51869;499;55593;42388153;40992212;24725632;81699;26929754
FR;1;2022-02-23;4158;17617;57445;508;62546;42392311;41009829;24783077;82207;26992300
FR;1;2022-02-24;3239;12759;43569;436;46350;42395550;41022588;24826646;82643;27038650
FR;1;2022-02-25;4397;19400;64844;695;68707;42399947;41041988;24891490;83338;27107357
FR;1;2022-02-26;2677;12683;41345;308;45098;42402624;41054671;24932835;83646;27152455
FR;1;2022-02-27;639;2168;7116;42;7981;42403263;41056839;24939951;83688;27160436
FR;1;2022-02-28;2563;10201;34924;301;37346;42405826;41067040;24974875;83989;27197782
FR;1;2022-03-01;2723;10396;38644;389;39565;42408549;41077436;25013519;84378;27237347
FR;1;2022-03-02;3438;11884;41807;390;43858;42411987;41089320;25055326;84768;27281205
FR;1;2022-03-03;2291;7563;26119;319;26431;42414278;41096883;25081445;85087;27307636
FR;1;2022-03-04;2651;10224;35389;575;34866;42416929;41107107;25116834;85662;27342502
FR;1;2022-03-05;1673;6290;21942;278;22328;42418602;41113397;25138776;85940;27364830
FR;1;2022-03-06;349;938;2914;37;3112;42418951;41114335;25141690;85977;27367942
FR;1;2022-03-07;1390;4566;16406;244;15863;42420341;41118901;25158096;86221;27383805
FR;1;2022-03-08;1535;5088;17125;307;15946;42421876;41123989;25175221;86528;27399751
FR;1;2022-03-09;1862;6470;19776;367;19123;42423738;41130459;25194997;86895;27418874
FR;1;2022-03-10;1299;4419;15195;305;14208;42425037;41134878;25210192;87200;27433082
FR;1;2022-03-11;1692;6149;21672;480;19821;42426729;41141027;25231864;87680;27452903
FR;1;2022-03-12;1227;4596;15350;276;14896;42427956;41145623;25247214;87956;27467799
FR;1;2022-03-13;240;604;2103;115;2051;42428196;41146227;25249317;88071;27469850
FR;1;2022-03-14;1072;3559;13364;3873;12487;42429268;41149786;25262681;91944;27482337
FR;1;2022-03-15;1258;3836;14517;6861;12995;42430526;41153622;25277198;98805;27495332
FR;1;2022-03-16;1600;4752;17337;11513;16389;42432126;41158374;25294535;110318;27511721
FR;1;2022-03-17;1094;3165;11681;9637;10775;42433220;41161539;25306216;119955;27522496
FR;1;2022-03-18;1662;4713;17915;16484;16342;42434882;41166252;25324131;136439;27538838
FR;1;2022-03-19;1109;3174;11880;8450;11345;42435991;41169426;25336011;144889;27550183
FR;1;2022-03-20;218;534;1716;1006;1749;42436209;41169960;25337727;145895;27551932
FR;1;2022-03-21;1037;2684;11471;13442;10815;42437246;41172644;25349198;159337;27562747
FR;1;2022-03-22;1188;3064;12219;18682;11207;42438434;41175708;25361417;178019;27573954
FR;1;2022-03-23;1463;4160;15960;20090;15639;42439897;41179868;25377377;198109;27589593
FR;1;2022-03-24;1069;2516;10356;16012;9608;42440966;41182384;25387733;214121;27599201
FR;1;2022-03-25;1497;4020;16677;25280;15320;42442463;41186404;25404410;239401;27614521
FR;1;2022-03-26;1097;2837;10837;11430;10495;42443560;41189241;25415247;250831;27625016
FR;1;2022-03-27;228;537;1727;1376;1779;42443788;41189778;25416974;252207;27626795
FR;1;2022-03-28;1034;2352;9919;15861;9540;42444822;41192130;25426893;268068;27636335
FR;1;2022-03-29;1110;2697;11516;25059;10883;42445932;41194827;25438409;293127;27647218
FR;1;2022-03-30;1593;3456;14106;24144;13635;42447525;41198283;25452515;317271;27660853
FR;1;2022-03-31;1259;2601;11578;22546;11082;42448784;41200884;25464093;339817;27671935
FR;1;2022-04-01;1652;3725;18396;28446;17242;42450436;41204609;25482489;368263;27689177
FR;1;2022-04-02;883;1853;8174;9206;7922;42451319;41206462;25490663;377469;27697099
FR;1;2022-04-03;187;364;1427;1056;1427;42451506;41206826;25492090;378525;27698526
FR;1;2022-04-04;1053;2147;11261;17626;10634;42452559;41208973;25503351;396151;27709160
FR;1;2022-04-05;1246;2479;12918;31093;11935;42453805;41211452;25516269;427244;27721095
FR;1;2022-04-06;1316;2688;12099;23764;11511;42455121;41214140;25528368;451008;27732606
FR;1;2022-04-07;1131;2467;12262;30901;11719;42456252;41216607;25540630;481909;27744325
FR;1;2022-04-08;1556;3457;17470;40398;16385;42457808;41220064;25558100;522307;27760710
FR;1;2022-04-09;802;1971;8380;12474;8074;42458610;41222035;25566480;534781;27768784
FR;1;2022-04-10;185;454;1817;1831;1848;42458795;41222489;25568297;536612;27770632
FR;1;2022-04-11;942;2101;10919;22104;10628;42459737;41224590;25579216;558716;27781260
FR;1;2022-04-12;1190;2374;12712;37796;12202;42460927;41226964;25591928;596512;27793462
FR;1;2022-04-13;1158;2583;12172;30300;11886;42462085;41229547;25604100;626812;27805348
FR;1;2022-04-14;1169;2280;11961;33248;11943;42463254;41231827;25616061;660060;27817291
FR;1;2022-04-15;1407;2771;14286;32962;13658;42464661;41234598;25630347;693022;27830949
FR;1;2022-04-16;647;1386;5818;7970;5739;42465308;41235984;25636165;700992;27836688
FR;1;2022-04-17;148;271;927;1101;969;42465456;41236255;25637092;702093;27837657
FR;1;2022-04-18;117;372;2600;970;2624;42465573;41236627;25639692;703063;27840281
FR;1;2022-04-19;1180;2478;11711;27667;11389;42466753;41239105;25651403;730730;27851670
FR;1;2022-04-20;1254;2509;12061;26620;11886;42468007;41241614;25663464;757350;27863556
FR;1;2022-04-21;1201;2331;11423;32852;11576;42469208;41243945;25674887;790202;27875132
FR;1;2022-04-22;1467;2937;15128;35297;14708;42470675;41246882;25690015;825499;27889840
FR;1;2022-04-23;737;1552;6702;9869;6604;42471412;41248434;25696717;835368;27896444
FR;1;2022-04-24;184;355;1367;1510;1319;42471596;41248789;25698084;836878;27897763
FR;1;2022-04-25;985;2035;9801;19495;9686;42472581;41250824;25707885;856373;27907449
FR;1;2022-04-26;1287;2566;12512;36173;12103;42473868;41253390;25720397;892546;27919552
FR;1;2022-04-27;1271;2345;10551;28765;10663;42475139;41255735;25730948;921311;27930215
FR;1;2022-04-28;1240;2276;11437;33751;11258;42476379;41258011;25742385;955062;27941473
FR;1;2022-04-29;1557;2893;14226;35109;13657;42477936;41260904;25756611;990171;27955130
FR;1;2022-04-30;798;1429;6295;9091;6125;42478734;41262333;25762906;999262;27961255
FR;1;2022-05-01;143;259;800;909;795;42478877;41262592;25763706;1000171;27962050
FR;1;2022-05-02;879;1796;10083;16556;9951;42479756;41264388;25773789;1016727;27972001
FR;1;2022-05-03;1337;2488;12313;32374;12219;42481093;41266876;25786102;1049101;27984220
FR;1;2022-05-04;1257;2385;10738;23368;10878;42482350;41269261;25796840;1072469;27995098
FR;1;2022-05-05;1301;2311;11313;31227;11139;42483651;41271572;25808153;1103696;28006237
FR;1;2022-05-06;1645;3084;13966;34529;13520;42485296;41274656;25822119;1138225;28019757
FR;1;2022-05-07;810;1441;5900;9039;5930;42486106;41276097;25828019;1147264;28025687
FR;1;2022-05-08;180;315;1041;1446;1102;42486286;41276412;25829060;1148710;28026789
FR;1;2022-05-09;995;1824;8978;18940;8889;42487281;41278236;25838038;1167650;28035678
FR;1;2022-05-10;1334;2462;12079;36417;11708;42488615;41280698;25850117;1204067;28047386
FR;1;2022-05-11;1351;2163;9509;25582;9417;42489966;41282861;25859626;1229649;28056803
FR;1;2022-05-12;1229;2185;10094;32872;9753;42491195;41285046;25869720;1262521;28066556
FR;1;2022-05-13;1543;2671;12498;35282;12153;42492738;41287717;25882218;1297803;28078709
FR;1;2022-05-14;748;1248;5122;10102;5004;42493486;41288965;25887340;1307905;28083713
FR;1;2022-05-15;201;347;1044;1331;1123;42493687;41289312;25888384;1309236;28084836
FR;1;2022-05-16;899;1613;7270;19525;7325;42494586;41290925;25895654;1328761;28092161
FR;1;2022-05-17;1212;2108;10145;35271;9769;42495798;41293033;25905799;1364032;28101930
FR;1;2022-05-18;1211;1922;8096;25186;8046;42497009;41294955;25913895;1389218;28109976
FR;1;2022-05-19;1127;2177;8962;32727;8899;42498136;41297132;25922857;1421945;28118875
FR;1;2022-05-20;1507;2524;11354;36923;10978;42499643;41299656;25934211;1458868;28129853
FR;1;2022-05-21;751;1293;4659;9182;4619;42500394;41300949;25938870;1468050;28134472
FR;1;2022-05-22;173;265;903;1290;899;42500567;41301214;25939773;1469340;28135371
FR;1;2022-05-23;877;1606;6682;18638;6630;42501444;41302820;25946455;1487978;28142001
FR;1;2022-05-24;1207;2232;9469;35521;9286;42502651;41305052;25955924;1523499;28151287
FR;1;2022-05-25;1195;2097;7859;22710;8031;42503846;41307149;25963783;1546209;28159318
FR;1;2022-05-26;132;225;715;973;749;42503978;41307374;25964498;1547182;28160067
FR;1;2022-05-27;1014;1957;7529;19878;7353;42504992;41309331;25972027;1567060;28167420
FR;1;2022-05-28;448;968;3262;6385;3304;42505440;41310299;25975289;1573445;28170724
FR;1;2022-05-29;102;219;636;790;636;42505542;41310518;25975925;1574235;28171360
FR;1;2022-05-30;738;1519;5549;17229;5535;42506280;41312037;25981474;1591464;28176895
FR;2;2020-12-27;0;0;0;0;0;0;0;0;0;0
FR;2;2020-12-28;0;0;0;0;0;0;0;0;0;0
FR;2;2020-12-29;0;0;0;0;0;0;0;0;0;0
FR;2;2020-12-30;0;0;0;0;0;0;0;0;0;0
FR;2;2020-12-31;0;0;0;0;0;0;0;0;0;0
FR;2;2021-01-01;0;0;0;0;0;0;0;0;0;0
FR;2;2021-01-02;0;0;0;0;0;0;0;0;0;0
FR;2;2021-01-03;0;0;0;0;0;0;0;0;0;0
FR;2;2021-01-04;0;0;0;0;0;0;0;0;0;0
FR;2;2021-01-05;0;0;0;0;0;0;0;0;0;0
FR;2;2021-01-06;0;0;0;0;0;0;0;0;0;0
FR;2;2021-01-07;0;0;0;0;0;0;0;0;0;0
FR;2;2021-01-08;0;0;0;0;0;0;0;0;0;0
FR;2;2021-01-09;0;0;0;0;0;0;0;0;0;0
FR;2;2021-01-10;0;0;0;0;0;0;0;0;0;0
FR;2;2021-01-11;0;0;0;0;0;0;0;0;0;0
FR;2;2021-01-12;0;0;0;0;0;0;0;0;0;0
FR;2;2021-01-13;0;0;0;0;0;0;0;0;0;0
FR;2;2021-01-14;1687;0;0;0;0;1687;0;0;0;0
FR;2;2021-01-15;396;0;0;0;0;2083;0;0;0;0
FR;2;2021-01-16;315;0;0;0;0;2398;0;0;0;0
FR;2;2021-01-17;81;0;0;0;0;2479;0;0;0;0
FR;2;2021-01-18;3073;2;0;0;0;5552;2;0;0;0
FR;2;2021-01-19;4676;0;0;0;0;10228;2;0;0;0
FR;2;2021-01-20;5135;4;0;0;0;15363;6;0;0;0
FR;2;2021-01-21;5338;8;0;0;0;20701;14;0;0;0
FR;2;2021-01-22;5115;7;0;0;0;25816;21;0;0;0
FR;2;2021-01-23;1866;0;0;0;0;27682;21;0;0;0
FR;2;2021-01-24;160;1;0;0;0;27842;22;0;0;0
FR;2;2021-01-25;3811;3;0;0;0;31653;25;0;0;0
FR;2;2021-01-26;3919;1;0;0;0;35572;26;0;0;0
FR;2;2021-01-27;3598;2;0;0;0;39170;28;0;0;0
FR;2;2021-01-28;3747;7;0;0;0;42917;35;0;0;0
FR;2;2021-01-29;3291;2;0;0;0;46208;37;0;0;0
FR;2;2021-01-30;1130;1;0;0;0;47338;38;0;0;0
FR;2;2021-01-31;45;1;0;0;0;47383;39;0;0;0
FR;2;2021-02-01;3399;3;0;0;0;50782;42;0;0;0
FR;2;2021-02-02;4489;10;0;0;0;55271;52;0;0;0
FR;2;2021-02-03;5218;6;0;0;0;60489;58;0;0;0
FR;2;2021-02-04;4931;10;0;0;0;65420;68;0;0;0
FR;2;2021-02-05;4810;13;0;0;0;70230;81;0;0;0
FR;2;2021-02-06;2040;12;0;0;0;72270;93;0;0;0
FR;2;2021-02-07;101;4;0;0;0;72371;97;0;0;0
FR;2;2021-02-08;7553;19;0;0;0;79924;116;0;0;0
FR;2;2021-02-09;8420;28;0;0;0;88344;144;0;0;0
FR;2;2021-02-10;9338;58;0;0;0;97682;202;0;0;0
FR;2;2021-02-11;10279;97;0;0;0;107961;299;0;0;0
FR;2;2021-02-12;10053;260;0;0;0;118014;559;0;0;0
FR;2;2021-02-13;3118;226;0;0;0;121132;785;0;0;0
FR;2;2021-02-14;355;8;0;0;0;121487;793;0;0;0
FR;2;2021-02-15;3454;3099;0;0;0;124941;3892;0;0;0
FR;2;2021-02-16;5066;4031;0;0;0;130007;7923;0;0;0
FR;2;2021-02-17;4253;4468;0;0;0;134260;12391;0;0;0
FR;2;2021-02-18;5400;5117;0;0;0;139660;17508;0;0;0
FR;2;2021-02-19;5324;4399;0;0;0;144984;21907;0;0;0
FR;2;2021-02-20;1869;1508;0;0;0;146853;23415;0;0;0
FR;2;2021-02-21;242;88;0;0;0;147095;23503;0;0;0
FR;2;2021-02-22;3611;3749;0;0;0;150706;27252;0;0;0
FR;2;2021-02-23;4952;3692;0;0;0;155658;30944;0;0;0
FR;2;2021-02-24;5010;3495;0;0;0;160668;34439;0;0;0
FR;2;2021-02-25;5483;3454;0;0;0;166151;37893;0;0;0
FR;2;2021-02-26;4361;3147;0;0;0;170512;41040;0;0;0
FR;2;2021-02-27;1623;1053;0;0;0;172135;42093;0;0;0
FR;2;2021-02-28;177;29;0;0;0;172312;42122;0;0;0
FR;2;2021-03-01;5178;3727;0;0;0;177490;45849;0;0;0
FR;2;2021-03-02;6528;4729;0;0;0;184018;50578;0;0;0
FR;2;2021-03-03;6534;4921;0;0;0;190552;55499;0;0;0
FR;2;2021-03-04;8397;4056;0;0;0;198949;59555;0;0;0
FR;2;2021-03-05;8027;4060;0;0;0;206976;63615;0;0;0
FR;2;2021-03-06;4783;1683;0;0;0;211759;65298;0;0;0
FR;2;2021-03-07;2372;30;0;0;0;214131;65328;0;0;0
FR;2;2021-03-08;4164;8333;0;0;0;218295;73661;0;0;0
FR;2;2021-03-09;7485;8496;1;0;0;225780;82157;1;0;0
FR;2;2021-03-10;7099;9141;0;0;0;232879;91298;1;0;0
FR;2;2021-03-11;9372;9242;1;0;0;242251;100540;2;0;0
FR;2;2021-03-12;7972;8222;0;0;0;250223;108762;2;0;0
FR;2;2021-03-13;10046;2558;0;0;0;260269;111320;2;0;0
FR;2;2021-03-14;4838;404;0;0;0;265107;111724;2;0;0
FR;2;2021-03-15;10905;3487;0;0;0;276012;115211;2;0;0
FR;2;2021-03-16;16761;4647;1;0;0;292773;119858;3;0;0
FR;2;2021-03-17;20226;3973;0;0;0;312999;123831;3;0;0
FR;2;2021-03-18;23364;4974;0;0;0;336363;128805;3;0;0
FR;2;2021-03-19;23302;4577;0;0;0;359665;133382;3;0;0
FR;2;2021-03-20;25443;1548;0;0;0;385108;134930;3;0;0
FR;2;2021-03-21;17669;150;0;0;0;402777;135080;3;0;0
FR;2;2021-03-22;17782;3140;0;0;0;420559;138220;3;0;0
FR;2;2021-03-23;22686;4202;0;0;0;443245;142422;3;0;0
FR;2;2021-03-24;23954;5017;0;0;0;467199;147439;3;0;0
FR;2;2021-03-25;26739;5138;1;0;0;493938;152577;4;0;0
FR;2;2021-03-26;26976;4238;0;0;0;520914;156815;4;0;0
FR;2;2021-03-27;15918;1330;0;0;0;536832;158145;4;0;0
FR;2;2021-03-28;10561;120;0;0;0;547393;158265;4;0;0
FR;2;2021-03-29;18986;4289;0;0;0;566379;162554;4;0;0
FR;2;2021-03-30;24575;6027;0;0;0;590954;168581;4;0;0
FR;2;2021-03-31;28553;5927;0;0;0;619507;174508;4;0;0
FR;2;2021-04-01;34544;8499;1;0;0;654051;183007;5;0;0
FR;2;2021-04-02;29976;7668;0;0;0;684027;190675;5;0;0
FR;2;2021-04-03;16953;3784;0;0;0;700980;194459;5;0;0
FR;2;2021-04-04;9305;1024;2;0;0;710285;195483;7;0;0
FR;2;2021-04-05;12444;805;0;0;0;722729;196288;7;0;0
FR;2;2021-04-06;27143;7034;0;0;0;749872;203322;7;0;0
FR;2;2021-04-07;30926;7143;1;0;0;780798;210465;8;0;0
FR;2;2021-04-08;36879;8728;1;0;0;817677;219193;9;0;0
FR;2;2021-04-09;33835;8543;28;0;0;851512;227736;37;0;0
FR;2;2021-04-10;19678;9025;1;0;0;871190;236761;38;0;0
FR;2;2021-04-11;7941;4255;1;0;0;879131;241016;39;0;0
FR;2;2021-04-12;17121;11143;0;0;0;896252;252159;39;0;0
FR;2;2021-04-13;19448;16191;1;0;0;915700;268350;40;0;0
FR;2;2021-04-14;18060;16309;7;0;0;933760;284659;47;0;0
FR;2;2021-04-15;22186;21000;27;0;0;955946;305659;74;0;0
FR;2;2021-04-16;20705;20148;45;0;0;976651;325807;119;0;0
FR;2;2021-04-17;13253;22430;5;0;0;989904;348237;124;0;0
FR;2;2021-04-18;5907;14393;6;0;0;995811;362630;130;0;0
FR;2;2021-04-19;16831;16275;24;0;0;1012642;378905;154;0;0
FR;2;2021-04-20;19319;21589;38;0;0;1031961;400494;192;0;0
FR;2;2021-04-21;20280;21707;76;0;0;1052241;422201;268;0;0
FR;2;2021-04-22;23810;24868;41;0;0;1076051;447069;309;0;0
FR;2;2021-04-23;24516;25353;76;0;0;1100567;472422;385;0;0
FR;2;2021-04-24;25301;15088;104;0;0;1125868;487510;489;0;0
FR;2;2021-04-25;9592;8601;5;0;0;1135460;496111;494;0;0
FR;2;2021-04-26;17157;17258;21;0;0;1152617;513369;515;0;0
FR;2;2021-04-27;19240;24222;40;0;0;1171857;537591;555;0;0
FR;2;2021-04-28;22333;26219;112;0;0;1194190;563810;667;0;0
FR;2;2021-04-29;25465;30147;69;0;0;1219655;593957;736;0;0
FR;2;2021-04-30;25529;27744;49;1;0;1245184;621701;785;1;0
FR;2;2021-05-01;14981;9871;6;0;0;1260165;631572;791;1;0
FR;2;2021-05-02;6635;9174;2;0;0;1266800;640746;793;1;0
FR;2;2021-05-03;20012;19245;40;0;0;1286812;659991;833;1;0
FR;2;2021-05-04;18280;29048;33;0;0;1305092;689039;866;1;0
FR;2;2021-05-05;18359;29388;48;0;0;1323451;718427;914;1;0
FR;2;2021-05-06;23539;35241;131;0;0;1346990;753668;1045;1;0
FR;2;2021-05-07;25322;33195;97;0;0;1372312;786863;1142;1;0
FR;2;2021-05-08;21337;9831;14;0;0;1393649;796694;1156;1;0
FR;2;2021-05-09;13162;7839;7;0;0;1406811;804533;1163;1;0
FR;2;2021-05-10;32937;22113;49;0;0;1439748;826646;1212;1;0
FR;2;2021-05-11;43595;21026;101;0;0;1483343;847672;1313;1;0
FR;2;2021-05-12;50040;19831;143;0;0;1533383;867503;1456;1;0
FR;2;2021-05-13;51289;5744;31;0;0;1584672;873247;1487;1;0
FR;2;2021-05-14;61344;12913;132;0;0;1646016;886160;1619;1;0
FR;2;2021-05-15;65925;7139;39;0;0;1711941;893299;1658;1;0
FR;2;2021-05-16;43581;2566;10;0;0;1755522;895865;1668;1;0
FR;2;2021-05-17;44742;12569;114;0;0;1800264;908434;1782;1;0
FR;2;2021-05-18;54633;12239;191;0;0;1854897;920673;1973;1;0
FR;2;2021-05-19;57163;10591;281;0;0;1912060;931264;2254;1;0
FR;2;2021-05-20;63431;10834;287;0;0;1975491;942098;2541;1;0
FR;2;2021-05-21;64289;11637;230;0;0;2039780;953735;2771;1;0
FR;2;2021-05-22;61479;4506;65;0;0;2101259;958241;2836;1;0
FR;2;2021-05-23;37531;570;22;0;0;2138790;958811;2858;1;0
FR;2;2021-05-24;17235;2035;34;0;0;2156025;960846;2892;1;0
FR;2;2021-05-25;21104;12224;240;0;0;2177129;973070;3132;1;0
FR;2;2021-05-26;19933;11458;229;0;0;2197062;984528;3361;1;0
FR;2;2021-05-27;22994;12661;182;0;0;2220056;997189;3543;1;0
FR;2;2021-05-28;29389;14944;190;0;0;2249445;1012133;3733;1;0
FR;2;2021-05-29;30418;8180;57;0;0;2279863;1020313;3790;1;0
FR;2;2021-05-30;4646;1816;6;0;0;2284509;1022129;3796;1;0
FR;2;2021-05-31;28585;18717;183;0;0;2313094;1040846;3979;1;0
FR;2;2021-06-01;45711;19998;224;0;0;2358805;1060844;4203;1;0
FR;2;2021-06-02;37463;19288;181;0;0;2396268;1080132;4384;1;0
FR;2;2021-06-03;51270;23316;161;0;0;2447538;1103448;4545;1;0
FR;2;2021-06-04;65508;24053;215;0;0;2513046;1127501;4760;1;0
FR;2;2021-06-05;34598;24033;51;0;0;2547644;1151534;4811;1;0
FR;2;2021-06-06;4953;6198;10;0;0;2552597;1157732;4821;1;0
FR;2;2021-06-07;28165;23039;146;0;0;2580762;1180771;4967;1;0
FR;2;2021-06-08;46369;22918;143;0;0;2627131;1203689;5110;1;0
FR;2;2021-06-09;34285;20912;107;0;0;2661416;1224601;5217;1;0
FR;2;2021-06-10;42635;19131;95;1;0;2704051;1243732;5312;2;0
FR;2;2021-06-11;55287;25223;134;0;0;2759338;1268955;5446;2;0
FR;2;2021-06-12;30559;19777;53;0;0;2789897;1288732;5499;2;0
FR;2;2021-06-13;3329;9186;13;0;0;2793226;1297918;5512;2;0
FR;2;2021-06-14;25295;24155;92;0;0;2818521;1322073;5604;2;0
FR;2;2021-06-15;39033;22841;154;0;0;2857554;1344914;5758;2;0
FR;2;2021-06-16;30159;21437;134;0;0;2887713;1366351;5892;2;0
FR;2;2021-06-17;36905;25853;150;0;0;2924618;1392204;6042;2;0
FR;2;2021-06-18;46845;28815;122;0;0;2971463;1421019;6164;2;0
FR;2;2021-06-19;24524;24891;39;0;0;2995987;1445910;6203;2;0
FR;2;2021-06-20;3740;10065;10;0;0;2999727;1455975;6213;2;0
FR;2;2021-06-21;17522;42840;87;0;0;3017249;1498815;6300;2;0
FR;2;2021-06-22;28356;49564;110;0;0;3045605;1548379;6410;2;0
FR;2;2021-06-23;21788;49559;107;1;1;3067393;1597938;6517;3;1
FR;2;2021-06-24;28375;50278;133;0;0;3095768;1648216;6650;3;1
FR;2;2021-06-25;33399;60398;127;0;0;3129167;1708614;6777;3;1
FR;2;2021-06-26;16378;59248;54;1;0;3145545;1767862;6831;4;1
FR;2;2021-06-27;2564;29322;22;1;0;3148109;1797184;6853;5;1
FR;2;2021-06-28;12637;54338;82;0;0;3160746;1851522;6935;5;1
FR;2;2021-06-29;19841;59886;178;0;0;3180587;1911408;7113;5;1
FR;2;2021-06-30;16322;57876;252;17;0;3196909;1969284;7365;22;1
FR;2;2021-07-01;20483;59891;227;0;0;3217392;2029175;7592;22;1
FR;2;2021-07-02;24069;62138;184;0;0;3241461;2091313;7776;22;1
FR;2;2021-07-03;12111;57083;153;0;0;3253572;2148396;7929;22;1
FR;2;2021-07-04;1958;23310;18;0;0;3255530;2171706;7947;22;1
FR;2;2021-07-05;9171;29365;106;0;0;3264701;2201071;8053;22;1
FR;2;2021-07-06;14575;36203;135;0;0;3279276;2237274;8188;22;1
FR;2;2021-07-07;14403;33671;139;0;0;3293679;2270945;8327;22;1
FR;2;2021-07-08;19714;40294;162;0;0;3313393;2311239;8489;22;1
FR;2;2021-07-09;27094;54280;202;1;0;3340487;2365519;8691;23;1
FR;2;2021-07-10;13384;33667;107;0;0;3353871;2399186;8798;23;1
FR;2;2021-07-11;1805;4352;16;0;0;3355676;2403538;8814;23;1
FR;2;2021-07-12;12963;37276;118;0;0;3368639;2440814;8932;23;1
FR;2;2021-07-13;37110;53217;150;0;0;3405749;2494031;9082;23;1
FR;2;2021-07-14;6609;3559;15;0;0;3412358;2497590;9097;23;1
FR;2;2021-07-15;47232;47027;156;0;0;3459590;2544617;9253;23;1
FR;2;2021-07-16;64306;55812;187;0;0;3523896;2600429;9440;23;1
FR;2;2021-07-17;31594;23931;96;0;0;3555490;2624360;9536;23;1
FR;2;2021-07-18;6087;4881;19;0;0;3561577;2629241;9555;23;1
FR;2;2021-07-19;32988;28684;94;0;0;3594565;2657925;9649;23;1
FR;2;2021-07-20;51989;44565;155;0;0;3646554;2702490;9804;23;1
FR;2;2021-07-21;45244;34756;93;0;0;3691798;2737246;9897;23;1
FR;2;2021-07-22;56273;41093;128;1;0;3748071;2778339;10025;24;1
FR;2;2021-07-23;68276;49076;170;0;0;3816347;2827415;10195;24;1
FR;2;2021-07-24;36166;21595;82;0;0;3852513;2849010;10277;24;1
FR;2;2021-07-25;6743;2650;10;0;0;3859256;2851660;10287;24;1
FR;2;2021-07-26;36299;22447;91;1;0;3895555;2874107;10378;25;1
FR;2;2021-07-27;62360;34619;180;0;0;3957915;2908726;10558;25;1
FR;2;2021-07-28;55299;26453;132;0;0;4013214;2935179;10690;25;1
FR;2;2021-07-29;68456;32784;189;0;0;4081670;2967963;10879;25;1
FR;2;2021-07-30;74433;37773;222;1;1;4156103;3005736;11101;26;2
FR;2;2021-07-31;34751;16191;104;0;0;4190854;3021927;11205;26;2
FR;2;2021-08-01;5397;2280;19;0;0;4196251;3024207;11224;26;2
FR;2;2021-08-02;35863;16203;101;0;0;4232114;3040410;11325;26;2
FR;2;2021-08-03;55962;28290;142;0;0;4288076;3068700;11467;26;2
FR;2;2021-08-04;46625;20862;128;1;0;4334701;3089562;11595;27;2
FR;2;2021-08-05;54618;31587;215;0;0;4389319;3121149;11810;27;2
FR;2;2021-08-06;58081;42393;242;1;0;4447400;3163542;12052;28;2
FR;2;2021-08-07;25134;17604;89;0;0;4472534;3181146;12141;28;2
FR;2;2021-08-08;3833;3668;21;0;0;4476367;3184814;12162;28;2
FR;2;2021-08-09;29298;21129;91;0;0;4505665;3205943;12253;28;2
FR;2;2021-08-10;44989;33519;154;0;0;4550654;3239462;12407;28;2
FR;2;2021-08-11;35264;25172;151;0;0;4585918;3264634;12558;28;2
FR;2;2021-08-12;41893;35732;162;0;0;4627811;3300366;12720;28;2
FR;2;2021-08-13;42587;37068;218;0;0;4670398;3337434;12938;28;2
FR;2;2021-08-14;18508;22250;93;0;0;4688906;3359684;13031;28;2
FR;2;2021-08-15;3821;3814;17;0;0;4692727;3363498;13048;28;2
FR;2;2021-08-16;25079;27197;110;0;0;4717806;3390695;13158;28;2
FR;2;2021-08-17;38250;43481;205;2;0;4756056;3434176;13363;30;2
FR;2;2021-08-18;32246;36368;195;1;1;4788302;3470544;13558;31;3
FR;2;2021-08-19;37428;46584;224;0;0;4825730;3517128;13782;31;3
FR;2;2021-08-20;40557;55607;269;1;0;4866287;3572735;14051;32;3
FR;2;2021-08-21;18116;24308;115;0;0;4884403;3597043;14166;32;3
FR;2;2021-08-22;2904;4318;22;1;1;4887307;3601361;14188;33;4
FR;2;2021-08-23;19240;35162;131;1;0;4906547;3636523;14319;34;4
FR;2;2021-08-24;31941;56031;235;0;0;4938488;3692554;14554;34;4
FR;2;2021-08-25;25927;43432;250;0;0;4964415;3735986;14804;34;4
FR;2;2021-08-26;32350;55789;387;0;0;4996765;3791775;15191;34;4
FR;2;2021-08-27;36992;65592;478;2;0;5033757;3857367;15669;36;4
FR;2;2021-08-28;17814;28486;300;0;0;5051571;3885853;15969;36;4
FR;2;2021-08-29;2655;5035;47;0;0;5054226;3890888;16016;36;4
FR;2;2021-08-30;18409;37746;399;0;756;5072635;3928634;16415;36;760
FR;2;2021-08-31;28077;57494;886;4;1538;5100712;3986128;17301;40;2298
FR;2;2021-09-01;21590;39841;1307;0;2091;5122302;4025969;18608;40;4389
FR;2;2021-09-02;25478;48611;1962;2;3295;5147780;4074580;20570;42;7684
FR;2;2021-09-03;33404;64476;2987;3;4829;5181184;4139056;23557;45;12513
FR;2;2021-09-04;16827;27705;1442;1;2358;5198011;4166761;24999;46;14871
FR;2;2021-09-05;2260;3607;265;0;412;5200271;4170368;25264;46;15283
FR;2;2021-09-06;14037;28732;1769;1;2928;5214308;4199100;27033;47;18211
FR;2;2021-09-07;21103;41058;3020;13;4859;5235411;4240158;30053;60;23070
FR;2;2021-09-08;17241;31931;2732;6;4467;5252652;4272089;32785;66;27537
FR;2;2021-09-09;20973;40432;4432;3;6754;5273625;4312521;37217;69;34291
FR;2;2021-09-10;28195;51155;5282;4;8829;5301820;4363676;42499;73;43120
FR;2;2021-09-11;13653;22359;2403;5;3939;5315473;4386035;44902;78;47059
FR;2;2021-09-12;1822;2786;284;0;505;5317295;4388821;45186;78;47564
FR;2;2021-09-13;11656;21443;2468;4;4011;5328951;4410264;47654;82;51575
FR;2;2021-09-14;18567;32771;5084;13;9042;5347518;4443035;52738;95;60617
FR;2;2021-09-15;14909;28284;5164;3;7780;5362427;4471319;57902;98;68397
FR;2;2021-09-16;16071;32766;6735;14;10529;5378498;4504085;64637;112;78926
FR;2;2021-09-17;20911;47091;8777;10;14578;5399409;4551176;73414;122;93504
FR;2;2021-09-18;9855;20925;3804;6;6022;5409264;4572101;77218;128;99526
FR;2;2021-09-19;1165;2647;395;0;643;5410429;4574748;77613;128;100169
FR;2;2021-09-20;7491;18783;3851;7;6153;5417920;4593531;81464;135;106322
FR;2;2021-09-21;11207;29997;6494;5;10737;5429127;4623528;87958;140;117059
FR;2;2021-09-22;9406;23541;5491;7;8513;5438533;4647069;93449;147;125572
FR;2;2021-09-23;10722;28875;7879;9;12636;5449255;4675944;101328;156;138208
FR;2;2021-09-24;15066;42869;10874;18;17196;5464321;4718813;112202;174;155404
FR;2;2021-09-25;7257;18746;3962;10;6084;5471578;4737559;116164;184;161488
FR;2;2021-09-26;1079;2556;494;0;631;5472657;4740115;116658;184;162119
FR;2;2021-09-27;6313;16448;4286;8;6551;5478970;4756563;120944;192;168670
FR;2;2021-09-28;9238;25550;7768;13;12072;5488208;4782113;128712;205;180742
FR;2;2021-09-29;8080;20208;6066;25;9263;5496288;4802321;134778;230;190005
FR;2;2021-09-30;9863;25790;9503;16;14079;5506151;4828111;144281;246;204084
FR;2;2021-10-01;13968;35635;12912;25;19231;5520119;4863746;157193;271;223315
FR;2;2021-10-02;6873;15876;4845;6;7008;5526992;4879622;162038;277;230323
FR;2;2021-10-03;841;1938;492;1;514;5527833;4881560;162530;278;230837
FR;2;2021-10-04;5818;13933;5516;5;7860;5533651;4895493;168046;283;238697
FR;2;2021-10-05;9052;22546;11121;19;15713;5542703;4918039;179167;302;254410
FR;2;2021-10-06;7781;17737;8239;11;11069;5550484;4935776;187406;313;265479
FR;2;2021-10-07;9196;22177;12378;15;16834;5559680;4957953;199784;328;282313
FR;2;2021-10-08;13423;32059;17346;27;23539;5573103;4990012;217130;355;305852
FR;2;2021-10-09;5996;12822;6041;6;7876;5579099;5002834;223171;361;313728
FR;2;2021-10-10;883;1634;436;2;632;5579982;5004468;223607;363;314360
FR;2;2021-10-11;5604;11602;6454;17;8837;5585586;5016070;230061;380;323197
FR;2;2021-10-12;8033;17755;12538;13;16732;5593619;5033825;242599;393;339929
FR;2;2021-10-13;6944;14849;10245;11;13606;5600563;5048674;252844;404;353535
FR;2;2021-10-14;8310;17939;14989;13;19448;5608873;5066613;267833;417;372983
FR;2;2021-10-15;11845;26277;20901;26;27945;5620718;5092890;288734;443;400928
FR;2;2021-10-16;5137;8725;1816;0;3204;5625855;5101615;290550;443;404132
FR;2;2021-10-17;651;1188;184;0;373;5626506;5102803;290734;443;404505
FR;2;2021-10-18;4558;7419;661;2;1673;5631064;5110222;291395;445;406178
FR;2;2021-10-19;6235;9897;729;5;2053;5637299;5120119;292124;450;408231
FR;2;2021-10-20;5162;8094;756;3;1684;5642461;5128213;292880;453;409915
FR;2;2021-10-21;6088;9968;779;5;2101;5648549;5138181;293659;458;412016
FR;2;2021-10-22;8446;14578;1147;4;2878;5656995;5152759;294806;462;414894
FR;2;2021-10-23;3840;5999;584;0;1234;5660835;5158758;295390;462;416128
FR;2;2021-10-24;494;888;100;0;203;5661329;5159646;295490;462;416331
FR;2;2021-10-25;3357;5370;303;1;825;5664686;5165016;295793;463;417156
FR;2;2021-10-26;4175;7257;1125;4;2005;5668861;5172273;296918;467;419161
FR;2;2021-10-27;3673;6630;1193;5;1997;5672534;5178903;298111;472;421158
FR;2;2021-10-28;4596;7691;1727;3;2746;5677130;5186594;299838;475;423904
FR;2;2021-10-29;5407;11078;2433;4;3668;5682537;5197672;302271;479;427572
FR;2;2021-10-30;2748;4436;973;1;1428;5685285;5202108;303244;480;429000
FR;2;2021-10-31;363;534;139;1;187;5685648;5202642;303383;481;429187
FR;2;2021-11-01;416;554;175;0;267;5686064;5203196;303558;481;429454
FR;2;2021-11-02;3287;6759;1179;0;1756;5689351;5209955;304737;481;431210
FR;2;2021-11-03;3338;6249;1383;2;1966;5692689;5216204;306120;483;433176
FR;2;2021-11-04;3985;7098;1761;4;2491;5696674;5223302;307881;487;435667
FR;2;2021-11-05;5227;10510;2864;5;3944;5701901;5233812;310745;492;439611
FR;2;2021-11-06;2594;4668;1397;0;1809;5704495;5238480;312142;492;441420
FR;2;2021-11-07;508;865;216;0;285;5705003;5239345;312358;492;441705
FR;2;2021-11-08;2576;5360;1201;3;1676;5707579;5244705;313559;495;443381
FR;2;2021-11-09;2749;6950;2394;6;3175;5710328;5251655;315953;501;446556
FR;2;2021-11-10;2587;5712;5094;6;6273;5712915;5257367;321047;507;452829
FR;2;2021-11-11;435;747;732;2;915;5713350;5258114;321779;509;453744
FR;2;2021-11-12;2951;8113;8963;8;10901;5716301;5266227;330742;517;464645
FR;2;2021-11-13;1534;3382;3865;7;4527;5717835;5269609;334607;524;469172
FR;2;2021-11-14;254;605;348;1;486;5718089;5270214;334955;525;469658
FR;2;2021-11-15;1622;3689;4435;9;5319;5719711;5273903;339390;534;474977
FR;2;2021-11-16;2184;5944;8297;14;10074;5721895;5279847;347687;548;485051
FR;2;2021-11-17;1740;4559;6619;8;7833;5723635;5284406;354306;556;492884
FR;2;2021-11-18;2189;5948;9170;11;10994;5725824;5290354;363476;567;503878
FR;2;2021-11-19;2697;7802;12959;19;15465;5728521;5298156;376435;586;519343
FR;2;2021-11-20;1563;3336;5170;5;6076;5730084;5301492;381605;591;525419
FR;2;2021-11-21;246;518;540;0;663;5730330;5302010;382145;591;526082
FR;2;2021-11-22;1275;2622;4469;5;5400;5731605;5304632;386614;596;531482
FR;2;2021-11-23;1614;4311;8186;9;9894;5733219;5308943;394800;605;541376
FR;2;2021-11-24;1418;3797;7462;14;8720;5734637;5312740;402262;619;550096
FR;2;2021-11-25;1812;4894;11450;21;13648;5736449;5317634;413712;640;563744
FR;2;2021-11-26;2537;7782;22656;31;26071;5738986;5325416;436368;671;589815
FR;2;2021-11-27;1497;4130;12256;18;13994;5740483;5329546;448624;689;603809
FR;2;2021-11-28;291;844;1966;3;2290;5740774;5330390;450590;692;606099
FR;2;2021-11-29;1444;4388;15073;23;17244;5742218;5334778;465663;715;623343
FR;2;2021-11-30;1911;6749;26221;36;29973;5744129;5341527;491884;751;653316
FR;2;2021-12-01;1905;6094;26184;29;29504;5746034;5347621;518068;780;682820
FR;2;2021-12-02;1908;6828;37684;52;41927;5747942;5354449;555752;832;724747
FR;2;2021-12-03;2550;10111;53586;112;59309;5750492;5364560;609338;944;784056
FR;2;2021-12-04;1849;6304;37089;38;40766;5752341;5370864;646427;982;824822
FR;2;2021-12-05;458;2264;14252;14;15989;5752799;5373128;660679;996;840811
FR;2;2021-12-06;2466;9887;77681;109;84727;5755265;5383015;738360;1105;925538
FR;2;2021-12-07;3446;15331;122408;238;133693;5758711;5398346;860768;1343;1059231
FR;2;2021-12-08;3717;16056;133169;330;145369;5762428;5414402;993937;1673;1204600
FR;2;2021-12-09;4544;19631;170146;554;185503;5766972;5434033;1164083;2227;1390103
FR;2;2021-12-10;4672;22810;188607;490;206040;5771644;5456843;1352690;2717;1596143
FR;2;2021-12-11;3682;16624;132422;239;144855;5775326;5473467;1485112;2956;1740998
FR;2;2021-12-12;1257;7129;59082;83;65131;5776583;5480596;1544194;3039;1806129
FR;2;2021-12-13;5525;26863;220652;604;242933;5782108;5507459;1764846;3643;2049062
FR;2;2021-12-14;7018;37531;300713;910;332183;5789126;5544990;2065559;4553;2381245
FR;2;2021-12-15;6557;36235;285173;955;315766;5795683;5581225;2350732;5508;2697011
FR;2;2021-12-16;7762;37920;312103;981;343681;5803445;5619145;2662835;6489;3040692
FR;2;2021-12-17;8680;41250;327828;976;360910;5812125;5660395;2990663;7465;3401602
FR;2;2021-12-18;6515;26562;212317;448;233617;5818640;5686957;3202980;7913;3635219
FR;2;2021-12-19;2600;11489;90201;183;100378;5821240;5698446;3293181;8096;3735597
FR;2;2021-12-20;9548;33614;275153;706;303331;5830788;5732060;3568334;8802;4038928
FR;2;2021-12-21;11556;38326;309591;969;341377;5842344;5770386;3877925;9771;4380305
FR;2;2021-12-22;10457;32852;265081;952;292466;5852801;5803238;4143006;10723;4672771
FR;2;2021-12-23;9428;26710;199459;700;221259;5862229;5829948;4342465;11423;4894030
FR;2;2021-12-24;2781;7500;43845;140;49563;5865010;5837448;4386310;11563;4943593
FR;2;2021-12-25;201;699;2000;10;2494;5865211;5838147;4388310;11573;4946087
FR;2;2021-12-26;1322;4213;25148;71;28677;5866533;5842360;4413458;11644;4974764
FR;2;2021-12-27;8077;29943;218380;659;243305;5874610;5872303;4631838;12303;5218069
FR;2;2021-12-28;9840;36342;272062;741;301951;5884450;5908645;4903900;13044;5520020
FR;2;2021-12-29;9495;32285;246106;766;272676;5893945;5940930;5150006;13810;5792696
FR;2;2021-12-30;9454;28138;208810;662;231465;5903399;5969068;5358816;14472;6024161
FR;2;2021-12-31;3007;8374;54980;177;61234;5906406;5977442;5413796;14649;6085395
FR;2;2022-01-01;227;692;2849;7;3344;5906633;5978134;5416645;14656;6088739
FR;2;2022-01-02;1505;4857;29505;75;33392;5908138;5982991;5446150;14731;6122131
FR;2;2022-01-03;9583;35372;266501;806;293862;5917721;6018363;5712651;15537;6415993
FR;2;2022-01-04;12843;45376;342064;1067;376947;5930564;6063739;6054715;16604;6792940
FR;2;2022-01-05;11268;38669;294152;885;323807;5941832;6102408;6348867;17489;7116747
FR;2;2022-01-06;13650;43493;331928;1299;364702;5955482;6145901;6680795;18788;7481449
FR;2;2022-01-07;14220;47638;361078;1270;396407;5969702;6193539;7041873;20058;7877856
FR;2;2022-01-08;7947;28151;201256;515;221688;5977649;6221690;7243129;20573;8099544
FR;2;2022-01-09;2749;8994;62519;137;69522;5980398;6230684;7305648;20710;8169066
FR;2;2022-01-10;10086;31924;232448;858;255037;5990484;6262608;7538096;21568;8424103
FR;2;2022-01-11;11470;36256;265883;1030;290574;6001954;6298864;7803979;22598;8714677
FR;2;2022-01-12;8758;29827;206300;862;226167;6010712;6328691;8010279;23460;8940844
FR;2;2022-01-13;9387;31346;224463;831;244813;6020099;6360037;8234742;24291;9185657
FR;2;2022-01-14;9743;35666;254515;920;277680;6029842;6395703;8489257;25211;9463337
FR;2;2022-01-15;5356;19458;140768;363;153637;6035198;6415161;8630025;25574;9616974
FR;2;2022-01-16;1512;5520;35871;80;39847;6036710;6420681;8665896;25654;9656821
FR;2;2022-01-17;5545;19299;135385;601;147246;6042255;6439980;8801281;26255;9804067
FR;2;2022-01-18;6417;21525;148610;648;160467;6048672;6461505;8949891;26903;9964534
FR;2;2022-01-19;4389;16360;105081;552;113701;6053061;6477865;9054972;27455;10078235
FR;2;2022-01-20;4867;17596;115275;603;123673;6057928;6495461;9170247;28058;10201908
FR;2;2022-01-21;5195;20065;137324;678;147745;6063123;6515526;9307571;28736;10349653
FR;2;2022-01-22;3027;10962;74256;259;80325;6066150;6526488;9381827;28995;10429978
FR;2;2022-01-23;723;2733;15236;41;16836;6066873;6529221;9397063;29036;10446814
FR;2;2022-01-24;3293;12824;75058;430;81019;6070166;6542045;9472121;29466;10527833
FR;2;2022-01-25;3571;14435;79613;496;85448;6073737;6556480;9551734;29962;10613281
FR;2;2022-01-26;2515;10659;58959;363;62983;6076252;6567139;9610693;30325;10676264
FR;2;2022-01-27;2681;11275;64169;388;67908;6078933;6578414;9674862;30713;10744172
FR;2;2022-01-28;3543;18379;91711;430;98959;6082476;6596793;9766573;31143;10843131
FR;2;2022-01-29;1893;9250;48838;164;52923;6084369;6606043;9815411;31307;10896054
FR;2;2022-01-30;464;2242;9452;38;10605;6084833;6608285;9824863;31345;10906659
FR;2;2022-01-31;1887;9590;43817;208;47340;6086720;6617875;9868680;31553;10953999
FR;2;2022-02-01;1912;10051;47019;278;50100;6088632;6627926;9915699;31831;11004099
FR;2;2022-02-02;1607;9030;41101;251;44172;6090239;6636956;9956800;32082;11048271
FR;2;2022-02-03;1723;8944;40508;204;42907;6091962;6645900;9997308;32286;11091178
FR;2;2022-02-04;2152;15218;66627;297;71347;6094114;6661118;10063935;32583;11162525
FR;2;2022-02-05;1360;8535;35938;131;39233;6095474;6669653;10099873;32714;11201758
FR;2;2022-02-06;274;1778;6124;16;6898;6095748;6671431;10105997;32730;11208656
FR;2;2022-02-07;1350;9604;37747;134;41304;6097098;6681035;10143744;32864;11249960
FR;2;2022-02-08;1298;9813;40927;173;43711;6098396;6690848;10184671;33037;11293671
FR;2;2022-02-09;1160;8815;37033;174;40452;6099556;6699663;10221704;33211;11334123
FR;2;2022-02-10;1024;7985;33833;204;36500;6100580;6707648;10255537;33415;11370623
FR;2;2022-02-11;1388;12078;53338;222;57684;6101968;6719726;10308875;33637;11428307
FR;2;2022-02-12;749;6532;27986;83;30805;6102717;6726258;10336861;33720;11459112
FR;2;2022-02-13;200;1336;4833;20;5574;6102917;6727594;10341694;33740;11464686
FR;2;2022-02-14;835;6727;30263;89;33227;6103752;6734321;10371957;33829;11497913
FR;2;2022-02-15;771;6448;28044;141;29982;6104523;6740769;10400001;33970;11527895
FR;2;2022-02-16;655;5348;22051;123;23612;6105178;6746117;10422052;34093;11551507
FR;2;2022-02-17;515;3772;14144;98;14608;6105693;6749889;10436196;34191;11566115
FR;2;2022-02-18;721;5361;20429;134;21125;6106414;6755250;10456625;34325;11587240
FR;2;2022-02-19;430;3047;10527;66;11241;6106844;6758297;10467152;34391;11598481
FR;2;2022-02-20;101;512;1456;3;1604;6106945;6758809;10468608;34394;11600085
FR;2;2022-02-21;421;2682;9117;65;9493;6107366;6761491;10477725;34459;11609578
FR;2;2022-02-22;389;2565;8888;76;8792;6107755;6764056;10486613;34535;11618370
FR;2;2022-02-23;432;2600;8985;82;9264;6108187;6766656;10495598;34617;11627634
FR;2;2022-02-24;314;2028;6797;81;6825;6108501;6768684;10502395;34698;11634459
FR;2;2022-02-25;455;3194;11414;108;11277;6108956;6771878;10513809;34806;11645736
FR;2;2022-02-26;294;1889;6035;49;6340;6109250;6773767;10519844;34855;11652076
FR;2;2022-02-27;75;312;905;5;948;6109325;6774079;10520749;34860;11653024
FR;2;2022-02-28;330;1682;5522;53;5530;6109655;6775761;10526271;34913;11658554
FR;2;2022-03-01;274;1559;5474;44;5191;6109929;6777320;10531745;34957;11663745
FR;2;2022-03-02;296;1429;5242;45;5082;6110225;6778749;10536987;35002;11668827
FR;2;2022-03-03;225;1101;3703;42;3478;6110450;6779850;10540690;35044;11672305
FR;2;2022-03-04;240;1463;4852;73;4498;6110690;6781313;10545542;35117;11676803
FR;2;2022-03-05;172;903;2973;32;2716;6110862;6782216;10548515;35149;11679519
FR;2;2022-03-06;40;181;277;5;316;6110902;6782397;10548792;35154;11679835
FR;2;2022-03-07;155;654;1981;69;1772;6111057;6783051;10550773;35223;11681607
FR;2;2022-03-08;143;653;2270;51;1902;6111200;6783704;10553043;35274;11683509
FR;2;2022-03-09;152;695;2341;37;2042;6111352;6784399;10555384;35311;11685551
FR;2;2022-03-10;119;596;1687;35;1459;6111471;6784995;10557071;35346;11687010
FR;2;2022-03-11;169;753;2767;57;2366;6111640;6785748;10559838;35403;11689376
FR;2;2022-03-12;144;481;1784;27;1553;6111784;6786229;10561622;35430;11690929
FR;2;2022-03-13;25;75;201;29;202;6111809;6786304;10561823;35459;11691131
FR;2;2022-03-14;125;465;1560;529;1289;6111934;6786769;10563383;35988;11692420
FR;2;2022-03-15;138;417;1706;688;1322;6112072;6787186;10565089;36676;11693742
FR;2;2022-03-16;141;463;2010;1611;1588;6112213;6787649;10567099;38287;11695330
FR;2;2022-03-17;93;412;1405;1192;1142;6112306;6788061;10568504;39479;11696472
FR;2;2022-03-18;144;489;2018;1787;1660;6112450;6788550;10570522;41266;11698132
FR;2;2022-03-19;108;318;1209;940;1013;6112558;6788868;10571731;42206;11699145
FR;2;2022-03-20;12;76;190;59;166;6112570;6788944;10571921;42265;11699311
FR;2;2022-03-21;96;301;1209;1481;1073;6112666;6789245;10573130;43746;11700384
FR;2;2022-03-22;116;383;1528;1828;1290;6112782;6789628;10574658;45574;11701674
FR;2;2022-03-23;137;344;1666;3031;1457;6112919;6789972;10576324;48605;11703131
FR;2;2022-03-24;116;290;1180;1546;996;6113035;6790262;10577504;50151;11704127
FR;2;2022-03-25;119;360;1802;2449;1472;6113154;6790622;10579306;52600;11705599
FR;2;2022-03-26;76;246;1202;1220;952;6113230;6790868;10580508;53820;11706551
FR;2;2022-03-27;19;36;151;98;131;6113249;6790904;10580659;53918;11706682
FR;2;2022-03-28;93;286;1133;1588;993;6113342;6791190;10581792;55506;11707675
FR;2;2022-03-29;106;257;1324;2462;1104;6113448;6791447;10583116;57968;11708779
FR;2;2022-03-30;91;312;1482;3183;1315;6113539;6791759;10584598;61151;11710094
FR;2;2022-03-31;103;279;1268;2326;1082;6113642;6792038;10585866;63477;11711176
FR;2;2022-04-01;120;314;1562;2341;1313;6113762;6792352;10587428;65818;11712489
FR;2;2022-04-02;72;160;845;889;737;6113834;6792512;10588273;66707;11713226
FR;2;2022-04-03;16;53;128;112;142;6113850;6792565;10588401;66819;11713368
FR;2;2022-04-04;108;226;984;1434;790;6113958;6792791;10589385;68253;11714158
FR;2;2022-04-05;142;286;1309;2870;1137;6114100;6793077;10590694;71123;11715295
FR;2;2022-04-06;87;243;1303;2499;1113;6114187;6793320;10591997;73622;11716408
FR;2;2022-04-07;119;214;1295;2681;1034;6114306;6793534;10593292;76303;11717442
FR;2;2022-04-08;123;327;1622;3207;1319;6114429;6793861;10594914;79510;11718761
FR;2;2022-04-09;90;218;899;1045;731;6114519;6794079;10595813;80555;11719492
FR;2;2022-04-10;37;45;143;161;117;6114556;6794124;10595956;80716;11719609
FR;2;2022-04-11;85;184;878;1518;769;6114641;6794308;10596834;82234;11720378
FR;2;2022-04-12;176;260;1175;2729;1053;6114817;6794568;10598009;84963;11721431
FR;2;2022-04-13;140;223;1114;2420;972;6114957;6794791;10599123;87383;11722403
FR;2;2022-04-14;114;216;1079;2652;908;6115071;6795007;10600202;90035;11723311
FR;2;2022-04-15;111;241;1186;2249;1043;6115182;6795248;10601388;92284;11724354
FR;2;2022-04-16;64;108;540;544;452;6115246;6795356;10601928;92828;11724806
FR;2;2022-04-17;14;26;57;53;53;6115260;6795382;10601985;92881;11724859
FR;2;2022-04-18;11;35;118;65;113;6115271;6795417;10602103;92946;11724972
FR;2;2022-04-19;108;235;1114;1702;945;6115379;6795652;10603217;94648;11725917
FR;2;2022-04-20;96;237;1090;2101;918;6115475;6795889;10604307;96749;11726835
FR;2;2022-04-21;109;228;972;1822;829;6115584;6796117;10605279;98571;11727664
FR;2;2022-04-22;96;266;1238;2080;1020;6115680;6796383;10606517;100651;11728684
FR;2;2022-04-23;66;154;644;762;573;6115746;6796537;10607161;101413;11729257
FR;2;2022-04-24;11;28;100;68;78;6115757;6796565;10607261;101481;11729335
FR;2;2022-04-25;103;200;819;1312;708;6115860;6796765;10608080;102793;11730043
FR;2;2022-04-26;106;182;1029;1901;869;6115966;6796947;10609109;104694;11730912
FR;2;2022-04-27;95;177;855;1682;758;6116061;6797124;10609964;106376;11731670
FR;2;2022-04-28;90;212;946;1891;841;6116151;6797336;10610910;108267;11732511
FR;2;2022-04-29;76;278;1122;1687;1032;6116227;6797614;10612032;109954;11733543
FR;2;2022-04-30;65;124;463;535;422;6116292;6797738;10612495;110489;11733965
FR;2;2022-05-01;14;22;80;42;81;6116306;6797760;10612575;110531;11734046
FR;2;2022-05-02;112;209;745;1201;642;6116418;6797969;10613320;111732;11734688
FR;2;2022-05-03;145;221;982;1728;919;6116563;6798190;10614302;113460;11735607
FR;2;2022-05-04;85;217;905;1786;848;6116648;6798407;10615207;115246;11736455
FR;2;2022-05-05;121;189;832;1662;745;6116769;6798596;10616039;116908;11737200
FR;2;2022-05-06;129;234;1085;1845;999;6116898;6798830;10617124;118753;11738199
FR;2;2022-05-07;40;95;463;502;400;6116938;6798925;10617587;119255;11738599
FR;2;2022-05-08;44;46;103;70;91;6116982;6798971;10617690;119325;11738690
FR;2;2022-05-09;100;165;635;981;587;6117082;6799136;10618325;120306;11739277
FR;2;2022-05-10;111;233;915;1764;866;6117193;6799369;10619240;122070;11740143
FR;2;2022-05-11;96;161;792;1824;771;6117289;6799530;10620032;123894;11740914
FR;2;2022-05-12;108;165;825;2056;786;6117397;6799695;10620857;125950;11741700
FR;2;2022-05-13;94;226;940;1939;877;6117491;6799921;10621797;127889;11742577
FR;2;2022-05-14;75;116;428;550;388;6117566;6800037;10622225;128439;11742965
FR;2;2022-05-15;23;34;91;86;102;6117589;6800071;10622316;128525;11743067
FR;2;2022-05-16;101;161;562;904;502;6117690;6800232;10622878;129429;11743569
FR;2;2022-05-17;94;178;658;1656;628;6117784;6800410;10623536;131085;11744197
FR;2;2022-05-18;80;168;605;1396;611;6117864;6800578;10624141;132481;11744808
FR;2;2022-05-19;68;154;681;1753;713;6117932;6800732;10624822;134234;11745521
FR;2;2022-05-20;97;169;819;1615;720;6118029;6800901;10625641;135849;11746241
FR;2;2022-05-21;43;90;384;507;326;6118072;6800991;10626025;136356;11746567
FR;2;2022-05-22;8;21;65;35;56;6118080;6801012;10626090;136391;11746623
FR;2;2022-05-23;79;123;425;900;418;6118159;6801135;10626515;137291;11747041
FR;2;2022-05-24;77;157;578;1441;562;6118236;6801292;10627093;138732;11747603
FR;2;2022-05-25;65;130;506;1126;462;6118301;6801422;10627599;139858;11748065
FR;2;2022-05-26;7;21;54;40;58;6118308;6801443;10627653;139898;11748123
FR;2;2022-05-27;42;107;401;775;382;6118350;6801550;10628054;140673;11748505
FR;2;2022-05-28;25;54;201;232;206;6118375;6801604;10628255;140905;11748711
FR;2;2022-05-29;8;23;42;17;50;6118383;6801627;10628297;140922;11748761
FR;2;2022-05-30;63;91;356;608;333;6118446;6801718;10628653;141530;11749094
FR;3;2020-12-27;0;0;0;0;0;0;0;0;0;0
FR;3;2020-12-28;0;0;0;0;0;0;0;0;0;0
FR;3;2020-12-29;0;0;0;0;0;0;0;0;0;0
FR;3;2020-12-30;0;0;0;0;0;0;0;0;0;0
FR;3;2020-12-31;0;0;0;0;0;0;0;0;0;0
FR;3;2021-01-01;0;0;0;0;0;0;0;0;0;0
FR;3;2021-01-02;0;0;0;0;0;0;0;0;0;0
FR;3;2021-01-03;0;0;0;0;0;0;0;0;0;0
FR;3;2021-01-04;0;0;0;0;0;0;0;0;0;0
FR;3;2021-01-05;0;0;0;0;0;0;0;0;0;0
FR;3;2021-01-06;0;0;0;0;0;0;0;0;0;0
FR;3;2021-01-07;0;0;0;0;0;0;0;0;0;0
FR;3;2021-01-08;0;0;0;0;0;0;0;0;0;0
FR;3;2021-01-09;0;0;0;0;0;0;0;0;0;0
FR;3;2021-01-10;0;0;0;0;0;0;0;0;0;0
FR;3;2021-01-11;0;0;0;0;0;0;0;0;0;0
FR;3;2021-01-12;0;0;0;0;0;0;0;0;0;0
FR;3;2021-01-13;0;0;0;0;0;0;0;0;0;0
FR;3;2021-01-14;0;0;0;0;0;0;0;0;0;0
FR;3;2021-01-15;0;0;0;0;0;0;0;0;0;0
FR;3;2021-01-16;0;0;0;0;0;0;0;0;0;0
FR;3;2021-01-17;0;0;0;0;0;0;0;0;0;0
FR;3;2021-01-18;0;0;0;0;0;0;0;0;0;0
FR;3;2021-01-19;0;0;0;0;0;0;0;0;0;0
FR;3;2021-01-20;0;0;0;0;0;0;0;0;0;0
FR;3;2021-01-21;0;0;0;0;0;0;0;0;0;0
FR;3;2021-01-22;0;0;0;0;0;0;0;0;0;0
FR;3;2021-01-23;0;0;0;0;0;0;0;0;0;0
FR;3;2021-01-24;0;0;0;0;0;0;0;0;0;0
FR;3;2021-01-25;0;0;0;0;0;0;0;0;0;0
FR;3;2021-01-26;0;0;0;0;0;0;0;0;0;0
FR;3;2021-01-27;0;0;0;0;0;0;0;0;0;0
FR;3;2021-01-28;0;0;0;0;0;0;0;0;0;0
FR;3;2021-01-29;0;0;0;0;0;0;0;0;0;0
FR;3;2021-01-30;0;0;0;0;0;0;0;0;0;0
FR;3;2021-01-31;0;0;0;0;0;0;0;0;0;0
FR;3;2021-02-01;0;0;0;0;0;0;0;0;0;0
FR;3;2021-02-02;0;0;0;0;0;0;0;0;0;0
FR;3;2021-02-03;0;0;0;0;0;0;0;0;0;0
FR;3;2021-02-04;0;0;0;0;0;0;0;0;0;0
FR;3;2021-02-05;0;0;0;0;0;0;0;0;0;0
FR;3;2021-02-06;1663;0;0;0;0;1663;0;0;0;0
FR;3;2021-02-07;1423;0;0;0;0;3086;0;0;0;0
FR;3;2021-02-08;2783;1;0;0;0;5869;1;0;0;0
FR;3;2021-02-09;6782;0;0;0;0;12651;1;0;0;0
FR;3;2021-02-10;9603;0;0;0;0;22254;1;0;0;0
FR;3;2021-02-11;13611;0;0;0;0;35865;1;0;0;0
FR;3;2021-02-12;13398;0;0;0;0;49263;1;0;0;0
FR;3;2021-02-13;3784;1;0;0;0;53047;2;0;0;0
FR;3;2021-02-14;972;0;0;0;0;54019;2;0;0;0
FR;3;2021-02-15;10486;0;0;0;0;64505;2;0;0;0
FR;3;2021-02-16;12544;1;0;0;0;77049;3;0;0;0
FR;3;2021-02-17;11151;0;0;0;0;88200;3;0;0;0
FR;3;2021-02-18;14935;2;0;0;0;103135;5;0;0;0
FR;3;2021-02-19;14359;1;0;0;0;117494;6;0;0;0
FR;3;2021-02-20;3329;0;0;0;0;120823;6;0;0;0
FR;3;2021-02-21;618;0;0;0;0;121441;6;0;0;0
FR;3;2021-02-22;9162;0;0;0;0;130603;6;0;0;0
FR;3;2021-02-23;11394;1;0;0;0;141997;7;0;0;0
FR;3;2021-02-24;14299;0;0;0;0;156296;7;0;0;0
FR;3;2021-02-25;44929;1;0;0;0;201225;8;0;0;0
FR;3;2021-02-26;61882;3;0;0;0;263107;11;0;0;0
FR;3;2021-02-27;34801;5;0;0;0;297908;16;0;0;0
FR;3;2021-02-28;2463;0;0;0;0;300371;16;0;0;0
FR;3;2021-03-01;20510;10;0;0;0;320881;26;0;0;0
FR;3;2021-03-02;38862;18;0;0;0;359743;44;0;0;0
FR;3;2021-03-03;48730;16;0;0;0;408473;60;0;0;0
FR;3;2021-03-04;82217;20;0;0;0;490690;80;0;0;0
FR;3;2021-03-05;118123;40;0;0;0;608813;120;0;0;0
FR;3;2021-03-06;120709;55;1;0;0;729522;175;1;0;0
FR;3;2021-03-07;55176;27;0;0;0;784698;202;1;0;0
FR;3;2021-03-08;42808;24;0;0;0;827506;226;1;0;0
FR;3;2021-03-09;78965;43;0;0;0;906471;269;1;0;0
FR;3;2021-03-10;80966;47;0;0;0;987437;316;1;0;0
FR;3;2021-03-11;128422;55;0;0;0;1115859;371;1;0;0
FR;3;2021-03-12;182721;91;0;0;0;1298580;462;1;0;0
FR;3;2021-03-13;132144;63;0;0;0;1430724;525;1;0;0
FR;3;2021-03-14;14054;4;0;0;0;1444778;529;1;0;0
FR;3;2021-03-15;52223;48;0;0;0;1497001;577;1;0;0
FR;3;2021-03-16;1209;25;0;0;0;1498210;602;1;0;0
FR;3;2021-03-17;942;30;0;0;0;1499152;632;1;0;0
FR;3;2021-03-18;1564;13;0;0;0;1500716;645;1;0;0
FR;3;2021-03-19;70450;48;0;0;0;1571166;693;1;0;0
FR;3;2021-03-20;65226;44;0;0;0;1636392;737;1;0;0
FR;3;2021-03-21;5756;6;0;0;0;1642148;743;1;0;0
FR;3;2021-03-22;37496;38;0;0;0;1679644;781;1;0;0
FR;3;2021-03-23;84650;61;0;0;0;1764294;842;1;0;0
FR;3;2021-03-24;90935;94;0;0;0;1855229;936;1;0;0
FR;3;2021-03-25;150046;128;0;0;0;2005275;1064;1;0;0
FR;3;2021-03-26;165413;153;0;0;0;2170688;1217;1;0;0
FR;3;2021-03-27;68456;99;0;0;0;2239144;1316;1;0;0
FR;3;2021-03-28;6469;19;0;0;0;2245613;1335;1;0;0
FR;3;2021-03-29;54160;77;0;0;0;2299773;1412;1;0;0
FR;3;2021-03-30;93159;100;0;0;0;2392932;1512;1;0;0
FR;3;2021-03-31;63523;98;0;0;0;2456455;1610;1;0;0
FR;3;2021-04-01;86121;106;0;0;0;2542576;1716;1;0;0
FR;3;2021-04-02;86892;153;0;0;0;2629468;1869;1;0;0
FR;3;2021-04-03;35872;115;0;0;0;2665340;1984;1;0;0
FR;3;2021-04-04;3570;18;0;0;0;2668910;2002;1;0;0
FR;3;2021-04-05;4487;28;0;0;0;2673397;2030;1;0;0
FR;3;2021-04-06;29742;84;0;0;0;2703139;2114;1;0;0
FR;3;2021-04-07;32335;79;0;0;0;2735474;2193;1;0;0
FR;3;2021-04-08;78808;243;0;0;0;2814282;2436;1;0;0
FR;3;2021-04-09;161746;416;0;0;0;2976028;2852;1;0;0
FR;3;2021-04-10;75755;331;0;0;0;3051783;3183;1;0;0
FR;3;2021-04-11;7309;45;0;0;0;3059092;3228;1;0;0
FR;3;2021-04-12;51467;207;0;0;0;3110559;3435;1;0;0
FR;3;2021-04-13;86219;318;0;0;0;3196778;3753;1;0;0
FR;3;2021-04-14;67834;344;0;0;0;3264612;4097;1;0;0
FR;3;2021-04-15;93219;370;0;0;0;3357831;4467;1;0;0
FR;3;2021-04-16;112516;581;0;0;0;3470347;5048;1;0;0
FR;3;2021-04-17;53311;324;1;0;0;3523658;5372;2;0;0
FR;3;2021-04-18;9743;35;0;0;0;3533401;5407;2;0;0
FR;3;2021-04-19;25103;241;0;0;0;3558504;5648;2;0;0
FR;3;2021-04-20;45671;398;0;0;0;3604175;6046;2;0;0
FR;3;2021-04-21;38967;467;0;0;0;3643142;6513;2;0;0
FR;3;2021-04-22;54702;787;0;0;0;3697844;7300;2;0;0
FR;3;2021-04-23;70483;1022;0;0;0;3768327;8322;2;0;0
FR;3;2021-04-24;37240;1000;0;0;0;3805567;9322;2;0;0
FR;3;2021-04-25;6204;156;0;0;0;3811771;9478;2;0;0
FR;3;2021-04-26;19781;653;0;0;0;3831552;10131;2;0;0
FR;3;2021-04-27;34471;1262;0;0;0;3866023;11393;2;0;0
FR;3;2021-04-28;28965;1942;0;0;0;3894988;13335;2;0;0
FR;3;2021-04-29;45377;5962;0;0;0;3940365;19297;2;0;0
FR;3;2021-04-30;55451;8935;1;0;0;3995816;28232;3;0;0
FR;3;2021-05-01;9510;1977;0;0;0;4005326;30209;3;0;0
FR;3;2021-05-02;3070;488;0;0;0;4008396;30697;3;0;0
FR;3;2021-05-03;13059;3885;0;0;0;4021455;34582;3;0;0
FR;3;2021-05-04;23109;8412;0;0;0;4044564;42994;3;0;0
FR;3;2021-05-05;18754;10620;0;0;0;4063318;53614;3;0;0
FR;3;2021-05-06;34619;20914;0;0;0;4097937;74528;3;0;0
FR;3;2021-05-07;44202;28455;0;0;0;4142139;102983;3;0;0
FR;3;2021-05-08;6785;8942;0;0;0;4148924;111925;3;0;0
FR;3;2021-05-09;1792;2657;0;0;0;4150716;114582;3;0;0
FR;3;2021-05-10;14989;12612;0;0;0;4165705;127194;3;0;0
FR;3;2021-05-11;27093;25805;0;0;0;4192798;152999;3;0;0
FR;3;2021-05-12;17266;27523;0;0;0;4210064;180522;3;0;0
FR;3;2021-05-13;2278;3472;0;0;0;4212342;183994;3;0;0
FR;3;2021-05-14;14513;25769;0;0;0;4226855;209763;3;0;0
FR;3;2021-05-15;7230;20796;0;0;0;4234085;230559;3;0;0
FR;3;2021-05-16;975;2677;0;0;0;4235060;233236;3;0;0
FR;3;2021-05-17;7960;19947;0;0;0;4243020;253183;3;0;0
FR;3;2021-05-18;13410;29669;0;0;0;4256430;282852;3;0;0
FR;3;2021-05-19;9262;31519;0;0;0;4265692;314371;3;0;0
FR;3;2021-05-20;12801;53239;3;0;0;4278493;367610;6;0;0
FR;3;2021-05-21;12759;65561;2;0;0;4291252;433171;8;0;0
FR;3;2021-05-22;4960;33326;1;0;0;4296212;466497;9;0;0
FR;3;2021-05-23;649;2669;0;0;0;4296861;469166;9;0;0
FR;3;2021-05-24;879;4914;0;0;0;4297740;474080;9;0;0
FR;3;2021-05-25;5297;45277;1;0;0;4303037;519357;10;0;0
FR;3;2021-05-26;4972;51114;1;0;0;4308009;570471;11;0;0
FR;3;2021-05-27;6325;77901;3;0;0;4314334;648372;14;0;0
FR;3;2021-05-28;7541;99129;2;0;0;4321875;747501;16;0;0
FR;3;2021-05-29;3345;60335;1;0;0;4325220;807836;17;0;0
FR;3;2021-05-30;547;8216;0;0;0;4325767;816052;17;0;0
FR;3;2021-05-31;2436;35865;3;0;0;4328203;851917;20;0;0
FR;3;2021-06-01;3400;64734;10;0;0;4331603;916651;30;0;0
FR;3;2021-06-02;2727;58317;6;0;0;4334330;974968;36;0;0
FR;3;2021-06-03;3491;87499;10;0;0;4337821;1062467;46;0;0
FR;3;2021-06-04;4110;105100;22;0;0;4341931;1167567;68;0;0
FR;3;2021-06-05;1979;52240;4;0;0;4343910;1219807;72;0;0
FR;3;2021-06-06;505;5388;1;0;0;4344415;1225195;73;0;0
FR;3;2021-06-07;1469;31078;11;0;0;4345884;1256273;84;0;0
FR;3;2021-06-08;2047;47233;18;0;0;4347931;1303506;102;0;0
FR;3;2021-06-09;1788;42304;13;0;0;4349719;1345810;115;0;0
FR;3;2021-06-10;2243;67855;17;0;0;4351962;1413665;132;0;0
FR;3;2021-06-11;2471;96694;34;0;0;4354433;1510359;166;0;0
FR;3;2021-06-12;1175;40832;6;0;0;4355608;1551191;172;0;0
FR;3;2021-06-13;279;3801;3;0;0;4355887;1554992;175;0;0
FR;3;2021-06-14;1039;42599;17;0;0;4356926;1597591;192;0;0
FR;3;2021-06-15;1364;80592;20;0;0;4358290;1678183;212;0;0
FR;3;2021-06-16;1255;65679;19;0;0;4359545;1743862;231;0;0
FR;3;2021-06-17;1659;101807;41;0;0;4361204;1845669;272;0;0
FR;3;2021-06-18;1868;117931;61;0;0;4363072;1963600;333;0;0
FR;3;2021-06-19;801;39387;22;0;0;4363873;2002987;355;0;0
FR;3;2021-06-20;158;3372;0;0;0;4364031;2006359;355;0;0
FR;3;2021-06-21;768;39238;16;0;0;4364799;2045597;371;0;0
FR;3;2021-06-22;1060;69950;52;0;0;4365859;2115547;423;0;0
FR;3;2021-06-23;942;50822;39;0;0;4366801;2166369;462;0;0
FR;3;2021-06-24;1305;77148;48;0;0;4368106;2243517;510;0;0
FR;3;2021-06-25;1399;89966;73;0;0;4369505;2333483;583;0;0
FR;3;2021-06-26;625;33121;29;0;0;4370130;2366604;612;0;0
FR;3;2021-06-27;165;3988;1;0;0;4370295;2370592;613;0;0
FR;3;2021-06-28;648;30399;27;0;0;4370943;2400991;640;0;0
FR;3;2021-06-29;854;56171;95;0;0;4371797;2457162;735;0;0
FR;3;2021-06-30;901;45073;93;0;0;4372698;2502235;828;0;0
FR;3;2021-07-01;1160;65678;108;0;0;4373858;2567913;936;0;0
FR;3;2021-07-02;1299;90363;170;0;0;4375157;2658276;1106;0;0
FR;3;2021-07-03;600;31184;52;0;0;4375757;2689460;1158;0;0
FR;3;2021-07-04;142;4257;3;0;0;4375899;2693717;1161;0;0
FR;3;2021-07-05;608;33902;60;0;0;4376507;2727619;1221;0;0
FR;3;2021-07-06;956;56045;88;0;0;4377463;2783664;1309;0;0
FR;3;2021-07-07;870;43035;79;0;0;4378333;2826699;1388;0;0
FR;3;2021-07-08;1123;60723;99;0;0;4379456;2887422;1487;0;0
FR;3;2021-07-09;1258;68805;128;0;0;4380714;2956227;1615;0;0
FR;3;2021-07-10;640;25065;59;0;0;4381354;2981292;1674;0;0
FR;3;2021-07-11;128;3288;4;0;0;4381482;2984580;1678;0;0
FR;3;2021-07-12;660;23876;59;0;0;4382142;3008456;1737;0;0
FR;3;2021-07-13;1645;34719;90;0;0;4383787;3043175;1827;0;0
FR;3;2021-07-14;261;2623;2;0;0;4384048;3045798;1829;0;0
FR;3;2021-07-15;1933;30650;85;0;0;4385981;3076448;1914;0;0
FR;3;2021-07-16;2520;38861;122;0;0;4388501;3115309;2036;0;0
FR;3;2021-07-17;1046;13749;26;0;0;4389547;3129058;2062;0;0
FR;3;2021-07-18;262;2604;3;0;0;4389809;3131662;2065;0;0
FR;3;2021-07-19;1273;17187;37;0;0;4391082;3148849;2102;0;0
FR;3;2021-07-20;1823;27125;98;0;0;4392905;3175974;2200;0;0
FR;3;2021-07-21;1647;19711;44;0;0;4394552;3195685;2244;0;0
FR;3;2021-07-22;1848;27745;83;0;0;4396400;3223430;2327;0;0
FR;3;2021-07-23;2212;30446;117;0;0;4398612;3253876;2444;0;0
FR;3;2021-07-24;822;7008;25;0;0;4399434;3260884;2469;0;0
FR;3;2021-07-25;210;1337;1;0;0;4399644;3262221;2470;0;0
FR;3;2021-07-26;921;10697;28;0;0;4400565;3272918;2498;0;0
FR;3;2021-07-27;1165;16942;56;0;0;4401730;3289860;2554;0;0
FR;3;2021-07-28;988;12101;40;0;0;4402718;3301961;2594;0;0
FR;3;2021-07-29;1126;15840;63;0;0;4403844;3317801;2657;0;0
FR;3;2021-07-30;1126;18090;79;0;0;4404970;3335891;2736;0;0
FR;3;2021-07-31;406;3746;15;0;0;4405376;3339637;2751;0;0
FR;3;2021-08-01;113;486;1;0;0;4405489;3340123;2752;0;0
FR;3;2021-08-02;419;5152;22;0;0;4405908;3345275;2774;0;0
FR;3;2021-08-03;488;7585;27;0;0;4406396;3352860;2801;0;0
FR;3;2021-08-04;435;4884;26;0;0;4406831;3357744;2827;0;0
FR;3;2021-08-05;428;3735;12;0;0;4407259;3361479;2839;0;0
FR;3;2021-08-06;452;4788;30;0;0;4407711;3366267;2869;0;0
FR;3;2021-08-07;214;1922;11;0;0;4407925;3368189;2880;0;0
FR;3;2021-08-08;249;432;2;0;0;4408174;3368621;2882;0;0
FR;3;2021-08-09;313;2498;11;0;0;4408487;3371119;2893;0;0
FR;3;2021-08-10;363;3878;15;0;0;4408850;3374997;2908;0;0
FR;3;2021-08-11;285;2724;15;0;0;4409135;3377721;2923;0;0
FR;3;2021-08-12;276;2637;12;0;0;4409411;3380358;2935;0;0
FR;3;2021-08-13;277;2266;16;0;0;4409688;3382624;2951;0;0
FR;3;2021-08-14;169;916;1;0;0;4409857;3383540;2952;0;0
FR;3;2021-08-15;55;173;0;0;0;4409912;3383713;2952;0;0
FR;3;2021-08-16;123;1085;8;0;0;4410035;3384798;2960;0;0
FR;3;2021-08-17;187;1503;8;0;0;4410222;3386301;2968;0;0
FR;3;2021-08-18;200;1369;10;0;0;4410422;3387670;2978;0;0
FR;3;2021-08-19;165;1411;10;0;0;4410587;3389081;2988;0;0
FR;3;2021-08-20;166;1634;16;0;0;4410753;3390715;3004;0;0
FR;3;2021-08-21;93;587;2;0;0;4410846;3391302;3006;0;0
FR;3;2021-08-22;39;188;1;0;0;4410885;3391490;3007;0;0
FR;3;2021-08-23;140;930;7;0;0;4411025;3392420;3014;0;0
FR;3;2021-08-24;124;966;10;0;0;4411149;3393386;3024;0;0
FR;3;2021-08-25;136;844;2;0;0;4411285;3394230;3026;0;0
FR;3;2021-08-26;170;874;9;0;0;4411455;3395104;3035;0;0
FR;3;2021-08-27;172;965;9;0;0;4411627;3396069;3044;0;0
FR;3;2021-08-28;98;372;4;0;0;4411725;3396441;3048;0;0
FR;3;2021-08-29;127;133;1;0;0;4411852;3396574;3049;0;0
FR;3;2021-08-30;99;601;0;0;135;4411951;3397175;3049;0;135
FR;3;2021-08-31;127;713;7;0;153;4412078;3397888;3056;0;288
FR;3;2021-09-01;113;479;5;0;123;4412191;3398367;3061;0;411
FR;3;2021-09-02;100;632;22;0;119;4412291;3398999;3083;0;530
FR;3;2021-09-03;115;586;17;0;128;4412406;3399585;3100;0;658
FR;3;2021-09-04;52;303;3;0;58;4412458;3399888;3103;0;716
FR;3;2021-09-05;51;68;5;0;28;4412509;3399956;3108;0;744
FR;3;2021-09-06;113;394;4;0;144;4412622;3400350;3112;0;888
FR;3;2021-09-07;123;472;14;0;128;4412745;3400822;3126;0;1016
FR;3;2021-09-08;117;371;2;0;103;4412862;3401193;3128;0;1119
FR;3;2021-09-09;92;397;8;0;114;4412954;3401590;3136;0;1233
FR;3;2021-09-10;100;421;3;0;105;4413054;3402011;3139;0;1338
FR;3;2021-09-11;75;239;4;0;66;4413129;3402250;3143;0;1404
FR;3;2021-09-12;36;48;1;0;17;4413165;3402298;3144;0;1421
FR;3;2021-09-13;70;320;7;0;109;4413235;3402618;3151;0;1530
FR;3;2021-09-14;71;293;6;0;107;4413306;3402911;3157;0;1637
FR;3;2021-09-15;59;263;3;0;6;4413365;3403174;3160;0;1643
FR;3;2021-09-16;59;339;5;0;5;4413424;3403513;3165;0;1648
FR;3;2021-09-17;51;348;3;0;7;4413475;3403861;3168;0;1655
FR;3;2021-09-18;36;173;1;0;1;4413511;3404034;3169;0;1656
FR;3;2021-09-19;27;32;2;0;1;4413538;3404066;3171;0;1657
FR;3;2021-09-20;79;211;0;0;1;4413617;3404277;3171;0;1658
FR;3;2021-09-21;58;287;6;0;7;4413675;3404564;3177;0;1665
FR;3;2021-09-22;63;228;6;0;7;4413738;3404792;3183;0;1672
FR;3;2021-09-23;36;273;11;0;7;4413774;3405065;3194;0;1679
FR;3;2021-09-24;25;325;12;0;19;4413799;3405390;3206;0;1698
FR;3;2021-09-25;29;150;3;0;3;4413828;3405540;3209;0;1701
FR;3;2021-09-26;15;55;1;0;1;4413843;3405595;3210;0;1702
FR;3;2021-09-27;39;291;3;0;5;4413882;3405886;3213;0;1707
FR;3;2021-09-28;49;256;6;0;10;4413931;3406142;3219;0;1717
FR;3;2021-09-29;34;223;10;0;13;4413965;3406365;3229;0;1730
FR;3;2021-09-30;38;201;8;0;10;4414003;3406566;3237;0;1740
FR;3;2021-10-01;17;169;6;0;7;4414020;3406735;3243;0;1747
FR;3;2021-10-02;14;90;0;0;0;4414034;3406825;3243;0;1747
FR;3;2021-10-03;18;20;1;0;2;4414052;3406845;3244;0;1749
FR;3;2021-10-04;30;160;4;0;4;4414082;3407005;3248;0;1753
FR;3;2021-10-05;16;153;10;0;13;4414098;3407158;3258;0;1766
FR;3;2021-10-06;31;157;7;0;8;4414129;3407315;3265;0;1774
FR;3;2021-10-07;18;140;6;0;6;4414147;3407455;3271;0;1780
FR;3;2021-10-08;22;145;10;0;9;4414169;3407600;3281;0;1789
FR;3;2021-10-09;12;73;1;0;1;4414181;3407673;3282;0;1790
FR;3;2021-10-10;12;16;2;0;2;4414193;3407689;3284;0;1792
FR;3;2021-10-11;15;123;4;0;5;4414208;3407812;3288;0;1797
FR;3;2021-10-12;17;116;5;0;5;4414225;3407928;3293;0;1802
FR;3;2021-10-13;23;120;7;0;5;4414248;3408048;3300;0;1807
FR;3;2021-10-14;16;161;3;0;4;4414264;3408209;3303;0;1811
FR;3;2021-10-15;21;157;8;0;11;4414285;3408366;3311;0;1822
FR;3;2021-10-16;11;78;6;0;8;4414296;3408444;3317;0;1830
FR;3;2021-10-17;10;24;0;0;0;4414306;3408468;3317;0;1830
FR;3;2021-10-18;17;128;2;0;1;4414323;3408596;3319;0;1831
FR;3;2021-10-19;16;125;19;0;21;4414339;3408721;3338;0;1852
FR;3;2021-10-20;21;131;5;0;6;4414360;3408852;3343;0;1858
FR;3;2021-10-21;25;136;17;0;13;4414385;3408988;3360;0;1871
FR;3;2021-10-22;18;128;16;0;20;4414403;3409116;3376;0;1891
FR;3;2021-10-23;12;57;2;0;1;4414415;3409173;3378;0;1892
FR;3;2021-10-24;7;31;0;0;0;4414422;3409204;3378;0;1892
FR;3;2021-10-25;22;150;7;0;7;4414444;3409354;3385;0;1899
FR;3;2021-10-26;18;113;22;0;19;4414462;3409467;3407;0;1918
FR;3;2021-10-27;15;117;9;0;9;4414477;3409584;3416;0;1927
FR;3;2021-10-28;20;126;33;0;36;4414497;3409710;3449;0;1963
FR;3;2021-10-29;10;123;64;0;54;4414507;3409833;3513;0;2017
FR;3;2021-10-30;8;66;11;1;10;4414515;3409899;3524;1;2027
FR;3;2021-10-31;6;22;1;0;1;4414521;3409921;3525;1;2028
FR;3;2021-11-01;7;22;2;0;1;4414528;3409943;3527;1;2029
FR;3;2021-11-02;9;107;8;0;10;4414537;3410050;3535;1;2039
FR;3;2021-11-03;19;119;10;0;10;4414556;3410169;3545;1;2049
FR;3;2021-11-04;18;97;4;0;3;4414574;3410266;3549;1;2052
FR;3;2021-11-05;17;144;8;1;5;4414591;3410410;3557;2;2057
FR;3;2021-11-06;7;66;3;0;3;4414598;3410476;3560;2;2060
FR;3;2021-11-07;6;21;1;0;1;4414604;3410497;3561;2;2061
FR;3;2021-11-08;11;141;7;0;5;4414615;3410638;3568;2;2066
FR;3;2021-11-09;12;151;5;0;5;4414627;3410789;3573;2;2071
FR;3;2021-11-10;12;180;14;0;15;4414639;3410969;3587;2;2086
FR;3;2021-11-11;8;51;3;0;3;4414647;3411020;3590;2;2089
FR;3;2021-11-12;10;154;6;0;4;4414657;3411174;3596;2;2093
FR;3;2021-11-13;7;76;8;0;10;4414664;3411250;3604;2;2103
FR;3;2021-11-14;2;21;0;0;0;4414666;3411271;3604;2;2103
FR;3;2021-11-15;4;190;10;0;10;4414670;3411461;3614;2;2113
FR;3;2021-11-16;2;167;11;0;10;4414672;3411628;3625;2;2123
FR;3;2021-11-17;5;178;10;0;7;4414677;3411806;3635;2;2130
FR;3;2021-11-18;13;178;10;0;11;4414690;3411984;3645;2;2141
FR;3;2021-11-19;8;227;22;0;27;4414698;3412211;3667;2;2168
FR;3;2021-11-20;6;117;5;0;5;4414704;3412328;3672;2;2173
FR;3;2021-11-21;3;26;3;0;3;4414707;3412354;3675;2;2176
FR;3;2021-11-22;10;235;10;0;10;4414717;3412589;3685;2;2186
FR;3;2021-11-23;6;232;15;0;14;4414723;3412821;3700;2;2200
FR;3;2021-11-24;5;240;9;0;17;4414728;3413061;3709;2;2217
FR;3;2021-11-25;9;283;11;0;10;4414737;3413344;3720;2;2227
FR;3;2021-11-26;5;361;35;0;32;4414742;3413705;3755;2;2259
FR;3;2021-11-27;8;172;20;0;21;4414750;3413877;3775;2;2280
FR;3;2021-11-28;3;65;7;0;7;4414753;3413942;3782;2;2287
FR;3;2021-11-29;4;319;19;0;20;4414757;3414261;3801;2;2307
FR;3;2021-11-30;5;415;26;0;29;4414762;3414676;3827;2;2336
FR;3;2021-12-01;18;463;32;0;33;4414780;3415139;3859;2;2369
FR;3;2021-12-02;9;493;33;0;36;4414789;3415632;3892;2;2405
FR;3;2021-12-03;3;564;37;0;38;4414792;3416196;3929;2;2443
FR;3;2021-12-04;3;279;26;0;28;4414795;3416475;3955;2;2471
FR;3;2021-12-05;1;80;5;0;5;4414796;3416555;3960;2;2476
FR;3;2021-12-06;5;506;14;0;16;4414801;3417061;3974;2;2492
FR;3;2021-12-07;4;609;20;0;24;4414805;3417670;3994;2;2516
FR;3;2021-12-08;4;536;29;0;30;4414809;3418206;4023;2;2546
FR;3;2021-12-09;3;584;17;0;22;4414812;3418790;4040;2;2568
FR;3;2021-12-10;9;623;29;0;25;4414821;3419413;4069;2;2593
FR;3;2021-12-11;4;384;10;0;9;4414825;3419797;4079;2;2602
FR;3;2021-12-12;1;121;3;0;3;4414826;3419918;4082;2;2605
FR;3;2021-12-13;2;599;19;0;21;4414828;3420517;4101;2;2626
FR;3;2021-12-14;7;753;18;0;21;4414835;3421270;4119;2;2647
FR;3;2021-12-15;9;720;17;0;21;4414844;3421990;4136;2;2668
FR;3;2021-12-16;9;724;19;0;18;4414853;3422714;4155;2;2686
FR;3;2021-12-17;4;791;18;0;19;4414857;3423505;4173;2;2705
FR;3;2021-12-18;4;411;4;0;5;4414861;3423916;4177;2;2710
FR;3;2021-12-19;3;207;2;0;2;4414864;3424123;4179;2;2712
FR;3;2021-12-20;8;718;23;0;28;4414872;3424841;4202;2;2740
FR;3;2021-12-21;3;802;10;0;13;4414875;3425643;4212;2;2753
FR;3;2021-12-22;6;755;9;0;10;4414881;3426398;4221;2;2763
FR;3;2021-12-23;1;647;9;0;8;4414882;3427045;4230;2;2771
FR;3;2021-12-24;2;271;3;0;6;4414884;3427316;4233;2;2777
FR;3;2021-12-25;0;25;0;0;0;4414884;3427341;4233;2;2777
FR;3;2021-12-26;0;95;1;0;1;4414884;3427436;4234;2;2778
FR;3;2021-12-27;7;541;17;0;19;4414891;3427977;4251;2;2797
FR;3;2021-12-28;1;689;6;0;5;4414892;3428666;4257;2;2802
FR;3;2021-12-29;4;572;14;0;16;4414896;3429238;4271;2;2818
FR;3;2021-12-30;1;599;7;0;10;4414897;3429837;4278;2;2828
FR;3;2021-12-31;0;204;5;0;6;4414897;3430041;4283;2;2834
FR;3;2022-01-01;0;27;0;0;2;4414897;3430068;4283;2;2836
FR;3;2022-01-02;0;82;0;0;0;4414897;3430150;4283;2;2836
FR;3;2022-01-03;3;564;17;0;20;4414900;3430714;4300;2;2856
FR;3;2022-01-04;6;623;9;0;8;4414906;3431337;4309;2;2864
FR;3;2022-01-05;4;552;10;0;14;4414910;3431889;4319;2;2878
FR;3;2022-01-06;5;547;9;0;12;4414915;3432436;4328;2;2890
FR;3;2022-01-07;2;574;11;0;14;4414917;3433010;4339;2;2904
FR;3;2022-01-08;2;283;4;0;5;4414919;3433293;4343;2;2909
FR;3;2022-01-09;0;118;0;0;0;4414919;3433411;4343;2;2909
FR;3;2022-01-10;2;479;12;0;12;4414921;3433890;4355;2;2921
FR;3;2022-01-11;2;531;1;0;1;4414923;3434421;4356;2;2922
FR;3;2022-01-12;2;445;9;0;10;4414925;3434866;4365;2;2932
FR;3;2022-01-13;3;423;11;0;12;4414928;3435289;4376;2;2944
FR;3;2022-01-14;3;473;10;0;13;4414931;3435762;4386;2;2957
FR;3;2022-01-15;0;298;2;0;3;4414931;3436060;4388;2;2960
FR;3;2022-01-16;0;116;1;0;1;4414931;3436176;4389;2;2961
FR;3;2022-01-17;2;349;8;0;10;4414933;3436525;4397;2;2971
FR;3;2022-01-18;2;413;1;0;2;4414935;3436938;4398;2;2973
FR;3;2022-01-19;1;349;5;0;10;4414936;3437287;4403;2;2983
FR;3;2022-01-20;1;379;5;0;3;4414937;3437666;4408;2;2986
FR;3;2022-01-21;3;372;5;0;7;4414940;3438038;4413;2;2993
FR;3;2022-01-22;2;231;1;0;2;4414942;3438269;4414;2;2995
FR;3;2022-01-23;0;82;0;0;1;4414942;3438351;4414;2;2996
FR;3;2022-01-24;2;348;1;0;6;4414944;3438699;4415;2;3002
FR;3;2022-01-25;0;192;0;0;0;4414944;3438891;4415;2;3002
FR;3;2022-01-26;0;88;0;0;0;4414944;3438979;4415;2;3002
FR;3;2022-01-27;0;58;0;0;0;4414944;3439037;4415;2;3002
FR;3;2022-01-28;0;133;0;0;0;4414944;3439170;4415;2;3002
FR;3;2022-01-29;0;110;0;0;0;4414944;3439280;4415;2;3002
FR;3;2022-01-30;0;51;0;0;0;4414944;3439331;4415;2;3002
FR;3;2022-01-31;0;97;0;0;0;4414944;3439428;4415;2;3002
FR;3;2022-02-01;0;108;0;0;1;4414944;3439536;4415;2;3003
FR;3;2022-02-02;0;95;0;0;0;4414944;3439631;4415;2;3003
FR;3;2022-02-03;0;101;0;0;0;4414944;3439732;4415;2;3003
FR;3;2022-02-04;0;124;0;0;0;4414944;3439856;4415;2;3003
FR;3;2022-02-05;0;73;0;0;0;4414944;3439929;4415;2;3003
FR;3;2022-02-06;0;11;0;0;0;4414944;3439940;4415;2;3003
FR;3;2022-02-07;0;89;0;0;1;4414944;3440029;4415;2;3004
FR;3;2022-02-08;0;0;0;0;0;4414944;3440029;4415;2;3004
FR;3;2022-02-09;0;0;0;0;0;4414944;3440029;4415;2;3004
FR;3;2022-02-10;0;0;0;0;0;4414944;3440029;4415;2;3004
FR;3;2022-02-11;0;0;0;0;0;4414944;3440029;4415;2;3004
FR;3;2022-02-12;0;0;0;0;0;4414944;3440029;4415;2;3004
FR;3;2022-02-13;0;0;0;0;0;4414944;3440029;4415;2;3004
FR;3;2022-02-14;0;0;0;0;0;4414944;3440029;4415;2;3004
FR;3;2022-02-15;0;0;0;0;0;4414944;3440029;4415;2;3004
FR;3;2022-02-16;0;0;0;0;0;4414944;3440029;4415;2;3004
FR;3;2022-02-17;0;0;0;0;0;4414944;3440029;4415;2;3004
FR;3;2022-02-18;0;0;0;0;0;4414944;3440029;4415;2;3004
FR;3;2022-02-19;0;0;0;0;0;4414944;3440029;4415;2;3004
FR;3;2022-02-20;0;0;0;0;0;4414944;3440029;4415;2;3004
FR;3;2022-02-21;2;0;0;0;0;4414946;3440029;4415;2;3004
FR;3;2022-02-22;0;0;0;0;0;4414946;3440029;4415;2;3004
FR;3;2022-02-23;0;0;0;0;0;4414946;3440029;4415;2;3004
FR;3;2022-02-24;0;0;0;0;0;4414946;3440029;4415;2;3004
FR;3;2022-02-25;0;0;0;0;0;4414946;3440029;4415;2;3004
FR;3;2022-02-26;0;0;0;0;0;4414946;3440029;4415;2;3004
FR;3;2022-02-27;0;0;0;0;0;4414946;3440029;4415;2;3004
FR;3;2022-02-28;1;0;0;0;0;4414947;3440029;4415;2;3004
FR;3;2022-03-01;1;0;0;0;0;4414948;3440029;4415;2;3004
FR;3;2022-03-02;0;0;0;0;0;4414948;3440029;4415;2;3004
FR;3;2022-03-03;0;0;0;0;0;4414948;3440029;4415;2;3004
FR;3;2022-03-04;0;0;0;0;0;4414948;3440029;4415;2;3004
FR;3;2022-03-05;0;0;0;0;0;4414948;3440029;4415;2;3004
FR;3;2022-03-06;1;0;0;0;0;4414949;3440029;4415;2;3004
FR;3;2022-03-07;0;0;0;0;0;4414949;3440029;4415;2;3004
FR;3;2022-03-08;1;0;0;0;0;4414950;3440029;4415;2;3004
FR;3;2022-03-09;0;0;0;0;0;4414950;3440029;4415;2;3004
FR;3;2022-03-10;0;0;0;0;0;4414950;3440029;4415;2;3004
FR;3;2022-03-11;0;0;0;0;0;4414950;3440029;4415;2;3004
FR;3;2022-03-12;0;0;0;0;0;4414950;3440029;4415;2;3004
FR;3;2022-03-13;0;0;0;0;0;4414950;3440029;4415;2;3004
FR;3;2022-03-14;0;0;0;0;0;4414950;3440029;4415;2;3004
FR;3;2022-03-15;0;0;0;0;0;4414950;3440029;4415;2;3004
FR;3;2022-03-16;0;0;0;0;0;4414950;3440029;4415;2;3004
FR;3;2022-03-17;0;0;0;0;0;4414950;3440029;4415;2;3004
FR;3;2022-03-18;0;0;0;0;0;4414950;3440029;4415;2;3004
FR;3;2022-03-19;0;0;0;0;0;4414950;3440029;4415;2;3004
FR;3;2022-03-20;1;0;0;0;0;4414951;3440029;4415;2;3004
FR;3;2022-03-21;0;0;0;0;0;4414951;3440029;4415;2;3004
FR;3;2022-03-22;0;0;0;0;0;4414951;3440029;4415;2;3004
FR;3;2022-03-23;1;0;0;0;0;4414952;3440029;4415;2;3004
FR;3;2022-03-24;0;0;0;0;0;4414952;3440029;4415;2;3004
FR;3;2022-03-25;1;0;0;0;0;4414953;3440029;4415;2;3004
FR;3;2022-03-26;0;0;0;0;0;4414953;3440029;4415;2;3004
FR;3;2022-03-27;0;0;0;0;0;4414953;3440029;4415;2;3004
FR;3;2022-03-28;0;0;0;0;0;4414953;3440029;4415;2;3004
FR;3;2022-03-29;0;0;0;0;0;4414953;3440029;4415;2;3004
FR;3;2022-03-30;0;0;0;0;0;4414953;3440029;4415;2;3004
FR;3;2022-03-31;0;0;0;0;0;4414953;3440029;4415;2;3004
FR;3;2022-04-01;0;0;0;0;0;4414953;3440029;4415;2;3004
FR;3;2022-04-02;0;0;0;0;0;4414953;3440029;4415;2;3004
FR;3;2022-04-03;0;0;0;0;0;4414953;3440029;4415;2;3004
FR;3;2022-04-04;0;0;0;0;0;4414953;3440029;4415;2;3004
FR;3;2022-04-05;0;0;0;0;0;4414953;3440029;4415;2;3004
FR;3;2022-04-06;0;0;0;0;0;4414953;3440029;4415;2;3004
FR;3;2022-04-07;0;0;0;0;0;4414953;3440029;4415;2;3004
FR;3;2022-04-08;0;0;0;0;0;4414953;3440029;4415;2;3004
FR;3;2022-04-09;0;0;0;0;0;4414953;3440029;4415;2;3004
FR;3;2022-04-10;0;0;0;0;0;4414953;3440029;4415;2;3004
FR;3;2022-04-11;0;0;0;0;0;4414953;3440029;4415;2;3004
FR;3;2022-04-12;0;0;0;0;0;4414953;3440029;4415;2;3004
FR;3;2022-04-13;0;0;0;0;0;4414953;3440029;4415;2;3004
FR;3;2022-04-14;0;0;0;0;0;4414953;3440029;4415;2;3004
FR;3;2022-04-15;1;0;0;0;0;4414954;3440029;4415;2;3004
FR;3;2022-04-16;0;0;0;0;0;4414954;3440029;4415;2;3004
FR;3;2022-04-17;0;0;0;0;0;4414954;3440029;4415;2;3004
FR;3;2022-04-18;0;0;0;0;0;4414954;3440029;4415;2;3004
FR;3;2022-04-19;0;0;0;0;0;4414954;3440029;4415;2;3004
FR;3;2022-04-20;0;0;0;0;0;4414954;3440029;4415;2;3004
FR;3;2022-04-21;0;0;0;0;0;4414954;3440029;4415;2;3004
FR;3;2022-04-22;0;0;0;0;0;4414954;3440029;4415;2;3004
FR;3;2022-04-23;0;0;0;0;0;4414954;3440029;4415;2;3004
FR;3;2022-04-24;0;0;0;0;0;4414954;3440029;4415;2;3004
FR;3;2022-04-25;0;0;0;0;0;4414954;3440029;4415;2;3004
FR;3;2022-04-26;0;0;0;0;0;4414954;3440029;4415;2;3004
FR;3;2022-04-27;0;0;0;0;0;4414954;3440029;4415;2;3004
FR;3;2022-04-28;0;0;0;0;0;4414954;3440029;4415;2;3004
FR;3;2022-04-29;0;0;0;0;0;4414954;3440029;4415;2;3004
FR;3;2022-04-30;0;0;0;0;0;4414954;3440029;4415;2;3004
FR;3;2022-05-01;0;0;0;0;0;4414954;3440029;4415;2;3004
FR;3;2022-05-02;0;0;0;0;0;4414954;3440029;4415;2;3004
FR;3;2022-05-03;0;0;0;0;0;4414954;3440029;4415;2;3004
FR;3;2022-05-04;0;0;0;0;0;4414954;3440029;4415;2;3004
FR;3;2022-05-05;0;0;0;0;0;4414954;3440029;4415;2;3004
FR;3;2022-05-06;0;0;0;0;0;4414954;3440029;4415;2;3004
FR;3;2022-05-07;0;0;0;0;0;4414954;3440029;4415;2;3004
FR;3;2022-05-08;0;0;0;0;0;4414954;3440029;4415;2;3004
FR;3;2022-05-09;0;0;0;0;0;4414954;3440029;4415;2;3004
FR;3;2022-05-10;0;0;0;0;0;4414954;3440029;4415;2;3004
FR;3;2022-05-11;0;0;0;0;0;4414954;3440029;4415;2;3004
FR;3;2022-05-12;0;0;0;0;0;4414954;3440029;4415;2;3004
FR;3;2022-05-13;0;0;0;0;0;4414954;3440029;4415;2;3004
FR;3;2022-05-14;1;0;0;0;0;4414955;3440029;4415;2;3004
FR;3;2022-05-15;0;0;0;0;0;4414955;3440029;4415;2;3004
FR;3;2022-05-16;0;0;0;0;0;4414955;3440029;4415;2;3004
FR;3;2022-05-17;0;0;0;0;0;4414955;3440029;4415;2;3004
FR;3;2022-05-18;0;0;0;0;0;4414955;3440029;4415;2;3004
FR;3;2022-05-19;0;0;0;0;0;4414955;3440029;4415;2;3004
FR;3;2022-05-20;0;0;0;0;0;4414955;3440029;4415;2;3004
FR;3;2022-05-21;0;0;0;0;0;4414955;3440029;4415;2;3004
FR;3;2022-05-22;0;0;0;0;0;4414955;3440029;4415;2;3004
FR;3;2022-05-23;0;0;0;0;0;4414955;3440029;4415;2;3004
FR;3;2022-05-24;0;0;0;0;0;4414955;3440029;4415;2;3004
FR;3;2022-05-25;0;0;0;0;0;4414955;3440029;4415;2;3004
FR;3;2022-05-26;0;0;0;0;0;4414955;3440029;4415;2;3004
FR;3;2022-05-27;0;0;0;0;0;4414955;3440029;4415;2;3004
FR;3;2022-05-28;0;0;0;0;0;4414955;3440029;4415;2;3004
FR;3;2022-05-29;0;0;0;0;0;4414955;3440029;4415;2;3004
FR;3;2022-05-30;0;0;0;0;0;4414955;3440029;4415;2;3004
FR;4;2020-12-27;0;0;0;0;0;0;0;0;0;0
FR;4;2020-12-28;0;0;0;0;0;0;0;0;0;0
FR;4;2020-12-29;0;0;0;0;0;0;0;0;0;0
FR;4;2020-12-30;0;0;0;0;0;0;0;0;0;0
FR;4;2020-12-31;0;0;0;0;0;0;0;0;0;0
FR;4;2021-01-01;0;0;0;0;0;0;0;0;0;0
FR;4;2021-01-02;0;0;0;0;0;0;0;0;0;0
FR;4;2021-01-03;0;0;0;0;0;0;0;0;0;0
FR;4;2021-01-04;0;0;0;0;0;0;0;0;0;0
FR;4;2021-01-05;0;0;0;0;0;0;0;0;0;0
FR;4;2021-01-06;0;0;0;0;0;0;0;0;0;0
FR;4;2021-01-07;0;0;0;0;0;0;0;0;0;0
FR;4;2021-01-08;0;0;0;0;0;0;0;0;0;0
FR;4;2021-01-09;0;0;0;0;0;0;0;0;0;0
FR;4;2021-01-10;0;0;0;0;0;0;0;0;0;0
FR;4;2021-01-11;0;0;0;0;0;0;0;0;0;0
FR;4;2021-01-12;0;0;0;0;0;0;0;0;0;0
FR;4;2021-01-13;0;0;0;0;0;0;0;0;0;0
FR;4;2021-01-14;0;0;0;0;0;0;0;0;0;0
FR;4;2021-01-15;0;0;0;0;0;0;0;0;0;0
FR;4;2021-01-16;0;0;0;0;0;0;0;0;0;0
FR;4;2021-01-17;0;0;0;0;0;0;0;0;0;0
FR;4;2021-01-18;0;0;0;0;0;0;0;0;0;0
FR;4;2021-01-19;0;0;0;0;0;0;0;0;0;0
FR;4;2021-01-20;0;0;0;0;0;0;0;0;0;0
FR;4;2021-01-21;0;0;0;0;0;0;0;0;0;0
FR;4;2021-01-22;0;0;0;0;0;0;0;0;0;0
FR;4;2021-01-23;0;0;0;0;0;0;0;0;0;0
FR;4;2021-01-24;0;0;0;0;0;0;0;0;0;0
FR;4;2021-01-25;0;0;0;0;0;0;0;0;0;0
FR;4;2021-01-26;0;0;0;0;0;0;0;0;0;0
FR;4;2021-01-27;0;0;0;0;0;0;0;0;0;0
FR;4;2021-01-28;0;0;0;0;0;0;0;0;0;0
FR;4;2021-01-29;0;0;0;0;0;0;0;0;0;0
FR;4;2021-01-30;0;0;0;0;0;0;0;0;0;0
FR;4;2021-01-31;0;0;0;0;0;0;0;0;0;0
FR;4;2021-02-01;0;0;0;0;0;0;0;0;0;0
FR;4;2021-02-02;0;0;0;0;0;0;0;0;0;0
FR;4;2021-02-03;0;0;0;0;0;0;0;0;0;0
FR;4;2021-02-04;0;0;0;0;0;0;0;0;0;0
FR;4;2021-02-05;0;0;0;0;0;0;0;0;0;0
FR;4;2021-02-06;0;0;0;0;0;0;0;0;0;0
FR;4;2021-02-07;0;0;0;0;0;0;0;0;0;0
FR;4;2021-02-08;0;0;0;0;0;0;0;0;0;0
FR;4;2021-02-09;0;0;0;0;0;0;0;0;0;0
FR;4;2021-02-10;0;0;0;0;0;0;0;0;0;0
FR;4;2021-02-11;0;0;0;0;0;0;0;0;0;0
FR;4;2021-02-12;0;0;0;0;0;0;0;0;0;0
FR;4;2021-02-13;0;0;0;0;0;0;0;0;0;0
FR;4;2021-02-14;0;0;0;0;0;0;0;0;0;0
FR;4;2021-02-15;0;0;0;0;0;0;0;0;0;0
FR;4;2021-02-16;0;0;0;0;0;0;0;0;0;0
FR;4;2021-02-17;0;0;0;0;0;0;0;0;0;0
FR;4;2021-02-18;0;0;0;0;0;0;0;0;0;0
FR;4;2021-02-19;0;0;0;0;0;0;0;0;0;0
FR;4;2021-02-20;0;0;0;0;0;0;0;0;0;0
FR;4;2021-02-21;0;0;0;0;0;0;0;0;0;0
FR;4;2021-02-22;0;0;0;0;0;0;0;0;0;0
FR;4;2021-02-23;0;0;0;0;0;0;0;0;0;0
FR;4;2021-02-24;0;0;0;0;0;0;0;0;0;0
FR;4;2021-02-25;0;0;0;0;0;0;0;0;0;0
FR;4;2021-02-26;0;0;0;0;0;0;0;0;0;0
FR;4;2021-02-27;0;0;0;0;0;0;0;0;0;0
FR;4;2021-02-28;0;0;0;0;0;0;0;0;0;0
FR;4;2021-03-01;0;0;0;0;0;0;0;0;0;0
FR;4;2021-03-02;0;0;0;0;0;0;0;0;0;0
FR;4;2021-03-03;0;0;0;0;0;0;0;0;0;0
FR;4;2021-03-04;0;0;0;0;0;0;0;0;0;0
FR;4;2021-03-05;0;0;0;0;0;0;0;0;0;0
FR;4;2021-03-06;0;0;0;0;0;0;0;0;0;0
FR;4;2021-03-07;0;0;0;0;0;0;0;0;0;0
FR;4;2021-03-08;0;0;0;0;0;0;0;0;0;0
FR;4;2021-03-09;0;0;0;0;0;0;0;0;0;0
FR;4;2021-03-10;0;0;0;0;0;0;0;0;0;0
FR;4;2021-03-11;0;0;0;0;0;0;0;0;0;0
FR;4;2021-03-12;0;0;0;0;0;0;0;0;0;0
FR;4;2021-03-13;0;0;0;0;0;0;0;0;0;0
FR;4;2021-03-14;0;0;0;0;0;0;0;0;0;0
FR;4;2021-03-15;0;0;0;0;0;0;0;0;0;0
FR;4;2021-03-16;0;0;0;0;0;0;0;0;0;0
FR;4;2021-03-17;0;0;0;0;0;0;0;0;0;0
FR;4;2021-03-18;0;0;0;0;0;0;0;0;0;0
FR;4;2021-03-19;0;0;0;0;0;0;0;0;0;0
FR;4;2021-03-20;0;0;0;0;0;0;0;0;0;0
FR;4;2021-03-21;0;0;0;0;0;0;0;0;0;0
FR;4;2021-03-22;0;0;0;0;0;0;0;0;0;0
FR;4;2021-03-23;0;0;0;0;0;0;0;0;0;0
FR;4;2021-03-24;0;0;0;0;0;0;0;0;0;0
FR;4;2021-03-25;0;0;0;0;0;0;0;0;0;0
FR;4;2021-03-26;0;0;0;0;0;0;0;0;0;0
FR;4;2021-03-27;0;0;0;0;0;0;0;0;0;0
FR;4;2021-03-28;0;0;0;0;0;0;0;0;0;0
FR;4;2021-03-29;0;0;0;0;0;0;0;0;0;0
FR;4;2021-03-30;0;0;0;0;0;0;0;0;0;0
FR;4;2021-03-31;0;0;0;0;0;0;0;0;0;0
FR;4;2021-04-01;0;0;0;0;0;0;0;0;0;0
FR;4;2021-04-02;0;0;0;0;0;0;0;0;0;0
FR;4;2021-04-03;0;0;0;0;0;0;0;0;0;0
FR;4;2021-04-04;0;0;0;0;0;0;0;0;0;0
FR;4;2021-04-05;0;0;0;0;0;0;0;0;0;0
FR;4;2021-04-06;0;0;0;0;0;0;0;0;0;0
FR;4;2021-04-07;0;0;0;0;0;0;0;0;0;0
FR;4;2021-04-08;0;0;0;0;0;0;0;0;0;0
FR;4;2021-04-09;0;0;0;0;0;0;0;0;0;0
FR;4;2021-04-10;0;0;0;0;0;0;0;0;0;0
FR;4;2021-04-11;0;0;0;0;0;0;0;0;0;0
FR;4;2021-04-12;0;0;0;0;0;0;0;0;0;0
FR;4;2021-04-13;0;0;0;0;0;0;0;0;0;0
FR;4;2021-04-14;0;0;0;0;0;0;0;0;0;0
FR;4;2021-04-15;0;0;0;0;0;0;0;0;0;0
FR;4;2021-04-16;0;0;0;0;0;0;0;0;0;0
FR;4;2021-04-17;0;0;0;0;0;0;0;0;0;0
FR;4;2021-04-18;0;0;0;0;0;0;0;0;0;0
FR;4;2021-04-19;0;0;0;0;0;0;0;0;0;0
FR;4;2021-04-20;0;0;0;0;0;0;0;0;0;0
FR;4;2021-04-21;0;0;0;0;0;0;0;0;0;0
FR;4;2021-04-22;0;0;0;0;0;0;0;0;0;0
FR;4;2021-04-23;4016;0;0;0;0;4016;0;0;0;0
FR;4;2021-04-24;1569;0;0;0;0;5585;0;0;0;0
FR;4;2021-04-25;125;0;0;0;0;5710;0;0;0;0
FR;4;2021-04-26;2869;1;0;0;0;8579;1;0;0;0
FR;4;2021-04-27;9519;3;0;0;0;18098;4;0;0;0
FR;4;2021-04-28;9904;6;0;0;0;28002;10;0;0;0
FR;4;2021-04-29;15991;8;0;0;0;43993;18;0;0;0
FR;4;2021-04-30;19229;10;0;0;0;63222;28;0;0;0
FR;4;2021-05-01;1994;6;0;0;0;65216;34;0;0;0
FR;4;2021-05-02;482;0;0;0;0;65698;34;0;0;0
FR;4;2021-05-03;5058;2;0;0;0;70756;36;0;0;0
FR;4;2021-05-04;8397;10;0;0;0;79153;46;0;0;0
FR;4;2021-05-05;6182;7;0;0;0;85335;53;0;0;0
FR;4;2021-05-06;11377;11;0;0;0;96712;64;0;0;0
FR;4;2021-05-07;19121;9;0;0;0;115833;73;0;0;0
FR;4;2021-05-08;2377;6;0;0;0;118210;79;0;0;0
FR;4;2021-05-09;685;3;0;0;0;118895;82;0;0;0
FR;4;2021-05-10;7239;5;1;0;0;126134;87;1;0;0
FR;4;2021-05-11;14313;12;0;0;0;140447;99;1;0;0
FR;4;2021-05-12;10163;15;0;0;0;150610;114;1;0;0
FR;4;2021-05-13;1579;3;0;0;0;152189;117;1;0;0
FR;4;2021-05-14;7760;6;0;0;0;159949;123;1;0;0
FR;4;2021-05-15;3717;8;1;0;0;163666;131;2;0;0
FR;4;2021-05-16;417;1;0;0;0;164083;132;2;0;0
FR;4;2021-05-17;4475;6;0;0;0;168558;138;2;0;0
FR;4;2021-05-18;8751;10;0;0;0;177309;148;2;0;0
FR;4;2021-05-19;5690;7;0;0;0;182999;155;2;0;0
FR;4;2021-05-20;9479;7;0;0;0;192478;162;2;0;0
FR;4;2021-05-21;12791;30;0;0;0;205269;192;2;0;0
FR;4;2021-05-22;5056;15;0;0;0;210325;207;2;0;0
FR;4;2021-05-23;494;4;0;0;0;210819;211;2;0;0
FR;4;2021-05-24;1054;7;0;0;0;211873;218;2;0;0
FR;4;2021-05-25;7620;16;0;0;0;219493;234;2;0;0
FR;4;2021-05-26;7723;16;0;0;0;227216;250;2;0;0
FR;4;2021-05-27;14327;35;0;0;0;241543;285;2;0;0
FR;4;2021-05-28;26583;82;1;0;0;268126;367;3;0;0
FR;4;2021-05-29;11380;18;0;0;0;279506;385;3;0;0
FR;4;2021-05-30;971;6;0;0;0;280477;391;3;0;0
FR;4;2021-05-31;12686;21;0;0;0;293163;412;3;0;0
FR;4;2021-06-01;20249;46;1;0;0;313412;458;4;0;0
FR;4;2021-06-02;14518;33;0;0;0;327930;491;4;0;0
FR;4;2021-06-03;19410;24;1;0;0;347340;515;5;0;0
FR;4;2021-06-04;22508;47;0;0;0;369848;562;5;0;0
FR;4;2021-06-05;9712;32;0;0;0;379560;594;5;0;0
FR;4;2021-06-06;1039;1;0;0;0;380599;595;5;0;0
FR;4;2021-06-07;9224;19;0;0;0;389823;614;5;0;0
FR;4;2021-06-08;14605;31;0;0;0;404428;645;5;0;0
FR;4;2021-06-09;12202;25;0;0;0;416630;670;5;0;0
FR;4;2021-06-10;15398;30;0;0;0;432028;700;5;0;0
FR;4;2021-06-11;16978;56;0;0;0;449006;756;5;0;0
FR;4;2021-06-12;7444;27;0;0;0;456450;783;5;0;0
FR;4;2021-06-13;906;2;0;0;0;457356;785;5;0;0
FR;4;2021-06-14;6645;25;0;0;0;464001;810;5;0;0
FR;4;2021-06-15;10883;37;0;0;0;474884;847;5;0;0
FR;4;2021-06-16;8904;15;0;0;0;483788;862;5;0;0
FR;4;2021-06-17;10897;36;0;0;0;494685;898;5;0;0
FR;4;2021-06-18;12420;45;0;0;0;507105;943;5;0;0
FR;4;2021-06-19;5567;25;0;0;0;512672;968;5;0;0
FR;4;2021-06-20;819;5;0;0;0;513491;973;5;0;0
FR;4;2021-06-21;5081;20;0;0;0;518572;993;5;0;0
FR;4;2021-06-22;7905;28;2;0;0;526477;1021;7;0;0
FR;4;2021-06-23;7092;39;2;0;0;533569;1060;9;0;0
FR;4;2021-06-24;8647;46;1;0;0;542216;1106;10;0;0
FR;4;2021-06-25;10172;39;2;0;0;552388;1145;12;0;0
FR;4;2021-06-26;4841;21;0;0;0;557229;1166;12;0;0
FR;4;2021-06-27;760;3;0;0;0;557989;1169;12;0;0
FR;4;2021-06-28;4822;16;1;0;0;562811;1185;13;0;0
FR;4;2021-06-29;7097;27;2;0;0;569908;1212;15;0;0
FR;4;2021-06-30;6708;39;2;0;0;576616;1251;17;0;0
FR;4;2021-07-01;8191;40;0;0;0;584807;1291;17;0;0
FR;4;2021-07-02;9413;52;1;0;0;594220;1343;18;0;0
FR;4;2021-07-03;4844;19;0;0;0;599064;1362;18;0;0
FR;4;2021-07-04;686;5;0;0;0;599750;1367;18;0;0
FR;4;2021-07-05;4766;19;2;0;0;604516;1386;20;0;0
FR;4;2021-07-06;7717;28;4;0;0;612233;1414;24;0;0
FR;4;2021-07-07;7069;34;2;0;0;619302;1448;26;0;0
FR;4;2021-07-08;9218;40;2;0;0;628520;1488;28;0;0
FR;4;2021-07-09;10276;34;1;0;0;638796;1522;29;0;0
FR;4;2021-07-10;4634;14;2;0;0;643430;1536;31;0;0
FR;4;2021-07-11;582;4;1;0;0;644012;1540;32;0;0
FR;4;2021-07-12;5867;29;0;0;0;649879;1569;32;0;0
FR;4;2021-07-13;14230;29;0;0;0;664109;1598;32;0;0
FR;4;2021-07-14;2282;14;0;0;0;666391;1612;32;0;0
FR;4;2021-07-15;18231;36;0;0;0;684622;1648;32;0;0
FR;4;2021-07-16;22815;70;2;0;0;707437;1718;34;0;0
FR;4;2021-07-17;9735;20;0;0;0;717172;1738;34;0;0
FR;4;2021-07-18;1354;4;0;0;0;718526;1742;34;0;0
FR;4;2021-07-19;12980;28;1;0;0;731506;1770;35;0;0
FR;4;2021-07-20;17332;26;1;0;0;748838;1796;36;0;0
FR;4;2021-07-21;15605;33;0;0;0;764443;1829;36;0;0
FR;4;2021-07-22;18237;44;2;0;0;782680;1873;38;0;0
FR;4;2021-07-23;20404;57;7;0;0;803084;1930;45;0;0
FR;4;2021-07-24;9282;32;0;0;0;812366;1962;45;0;0
FR;4;2021-07-25;1350;8;0;0;0;813716;1970;45;0;0
FR;4;2021-07-26;11031;20;0;0;0;824747;1990;45;0;0
FR;4;2021-07-27;14662;35;3;0;0;839409;2025;48;0;0
FR;4;2021-07-28;12923;26;2;0;0;852332;2051;50;0;0
FR;4;2021-07-29;14079;54;4;0;0;866411;2105;54;0;0
FR;4;2021-07-30;15479;45;2;0;0;881890;2150;56;0;0
FR;4;2021-07-31;6831;14;2;0;0;888721;2164;58;0;0
FR;4;2021-08-01;905;1;0;0;0;889626;2165;58;0;0
FR;4;2021-08-02;7903;29;0;0;0;897529;2194;58;0;0
FR;4;2021-08-03;10789;32;2;0;0;908318;2226;60;0;0
FR;4;2021-08-04;9732;29;0;0;0;918050;2255;60;0;0
FR;4;2021-08-05;9812;41;0;0;0;927862;2296;60;0;0
FR;4;2021-08-06;10183;30;3;0;0;938045;2326;63;0;0
FR;4;2021-08-07;5089;30;1;0;0;943134;2356;64;0;0
FR;4;2021-08-08;1217;13;0;0;0;944351;2369;64;0;0
FR;4;2021-08-09;6334;31;0;0;0;950685;2400;64;0;0
FR;4;2021-08-10;8742;18;0;0;0;959427;2418;64;0;0
FR;4;2021-08-11;7931;33;4;0;0;967358;2451;68;0;0
FR;4;2021-08-12;8580;29;1;0;0;975938;2480;69;0;0
FR;4;2021-08-13;7548;24;0;1;0;983486;2504;69;1;0
FR;4;2021-08-14;3787;20;0;0;0;987273;2524;69;1;0
FR;4;2021-08-15;769;5;0;0;0;988042;2529;69;1;0
FR;4;2021-08-16;4002;16;0;0;0;992044;2545;69;1;0
FR;4;2021-08-17;5616;16;1;0;0;997660;2561;70;1;0
FR;4;2021-08-18;5163;34;0;0;0;1002823;2595;70;1;0
FR;4;2021-08-19;5475;33;3;0;0;1008298;2628;73;1;0
FR;4;2021-08-20;5210;24;1;0;0;1013508;2652;74;1;0
FR;4;2021-08-21;2307;21;1;0;0;1015815;2673;75;1;0
FR;4;2021-08-22;401;2;0;0;0;1016216;2675;75;1;0
FR;4;2021-08-23;2924;19;1;0;0;1019140;2694;76;1;0
FR;4;2021-08-24;3745;15;0;0;0;1022885;2709;76;1;0
FR;4;2021-08-25;3538;25;0;0;0;1026423;2734;76;1;0
FR;4;2021-08-26;3701;20;2;0;0;1030124;2754;78;1;0
FR;4;2021-08-27;3605;31;2;0;0;1033729;2785;80;1;0
FR;4;2021-08-28;1724;9;1;0;0;1035453;2794;81;1;0
FR;4;2021-08-29;387;7;1;0;0;1035840;2801;82;1;0
FR;4;2021-08-30;2009;24;0;0;14;1037849;2825;82;1;14
FR;4;2021-08-31;2481;20;0;0;13;1040330;2845;82;1;27
FR;4;2021-09-01;2078;38;1;0;21;1042408;2883;83;1;48
FR;4;2021-09-02;2300;31;4;0;18;1044708;2914;87;1;66
FR;4;2021-09-03;2357;44;5;0;32;1047065;2958;92;1;98
FR;4;2021-09-04;1373;17;0;0;7;1048438;2975;92;1;105
FR;4;2021-09-05;431;2;0;0;2;1048869;2977;92;1;107
FR;4;2021-09-06;1705;60;0;0;21;1050574;3037;92;1;128
FR;4;2021-09-07;1674;18;1;0;9;1052248;3055;93;1;137
FR;4;2021-09-08;1279;27;3;1;20;1053527;3082;96;2;157
FR;4;2021-09-09;1385;23;2;0;9;1054912;3105;98;2;166
FR;4;2021-09-10;1516;31;2;0;23;1056428;3136;100;2;189
FR;4;2021-09-11;738;11;0;0;3;1057166;3147;100;2;192
FR;4;2021-09-12;168;4;0;0;2;1057334;3151;100;2;194
FR;4;2021-09-13;1316;22;1;0;16;1058650;3173;101;2;210
FR;4;2021-09-14;1497;9;2;0;6;1060147;3182;103;2;216
FR;4;2021-09-15;1091;27;1;0;24;1061238;3209;104;2;240
FR;4;2021-09-16;1095;22;2;0;15;1062333;3231;106;2;255
FR;4;2021-09-17;891;21;1;0;12;1063224;3252;107;2;267
FR;4;2021-09-18;462;6;1;0;5;1063686;3258;108;2;272
FR;4;2021-09-19;182;3;0;0;2;1063868;3261;108;2;274
FR;4;2021-09-20;447;18;0;0;12;1064315;3279;108;2;286
FR;4;2021-09-21;423;11;0;0;7;1064738;3290;108;2;293
FR;4;2021-09-22;372;19;2;0;13;1065110;3309;110;2;306
FR;4;2021-09-23;477;16;1;0;15;1065587;3325;111;2;321
FR;4;2021-09-24;409;13;2;0;9;1065996;3338;113;2;330
FR;4;2021-09-25;281;9;1;0;4;1066277;3347;114;2;334
FR;4;2021-09-26;73;2;0;0;1;1066350;3349;114;2;335
FR;4;2021-09-27;261;10;1;0;8;1066611;3359;115;2;343
FR;4;2021-09-28;315;8;0;0;8;1066926;3367;115;2;351
FR;4;2021-09-29;372;18;1;0;12;1067298;3385;116;2;363
FR;4;2021-09-30;359;40;0;0;21;1067657;3425;116;2;384
FR;4;2021-10-01;407;49;0;0;43;1068064;3474;116;2;427
FR;4;2021-10-02;195;22;1;0;13;1068259;3496;117;2;440
FR;4;2021-10-03;84;1;0;0;0;1068343;3497;117;2;440
FR;4;2021-10-04;355;19;1;0;15;1068698;3516;118;2;455
FR;4;2021-10-05;276;19;2;0;15;1068974;3535;120;2;470
FR;4;2021-10-06;243;21;1;0;17;1069217;3556;121;2;487
FR;4;2021-10-07;256;25;2;0;13;1069473;3581;123;2;500
FR;4;2021-10-08;352;23;2;0;19;1069825;3604;125;2;519
FR;4;2021-10-09;193;6;6;0;7;1070018;3610;131;2;526
FR;4;2021-10-10;95;3;2;0;3;1070113;3613;133;2;529
FR;4;2021-10-11;246;15;1;0;14;1070359;3628;134;2;543
FR;4;2021-10-12;205;14;0;0;13;1070564;3642;134;2;556
FR;4;2021-10-13;218;27;1;0;24;1070782;3669;135;2;580
FR;4;2021-10-14;307;22;4;0;16;1071089;3691;139;2;596
FR;4;2021-10-15;321;24;5;0;25;1071410;3715;144;2;621
FR;4;2021-10-16;166;6;2;0;6;1071576;3721;146;2;627
FR;4;2021-10-17;70;2;0;0;1;1071646;3723;146;2;628
FR;4;2021-10-18;278;16;1;0;12;1071924;3739;147;2;640
FR;4;2021-10-19;210;14;2;0;15;1072134;3753;149;2;655
FR;4;2021-10-20;225;27;4;0;15;1072359;3780;153;2;670
FR;4;2021-10-21;235;17;0;0;13;1072594;3797;153;2;683
FR;4;2021-10-22;211;25;2;0;20;1072805;3822;155;2;703
FR;4;2021-10-23;115;16;1;0;15;1072920;3838;156;2;718
FR;4;2021-10-24;38;4;0;0;1;1072958;3842;156;2;719
FR;4;2021-10-25;209;7;2;0;9;1073167;3849;158;2;728
FR;4;2021-10-26;196;14;0;0;12;1073363;3863;158;2;740
FR;4;2021-10-27;191;11;4;0;11;1073554;3874;162;2;751
FR;4;2021-10-28;182;18;4;0;21;1073736;3892;166;2;772
FR;4;2021-10-29;220;15;2;0;13;1073956;3907;168;2;785
FR;4;2021-10-30;102;2;1;0;2;1074058;3909;169;2;787
FR;4;2021-10-31;56;3;2;0;3;1074114;3912;171;2;790
FR;4;2021-11-01;75;27;4;0;24;1074189;3939;175;2;814
FR;4;2021-11-02;155;20;2;0;21;1074344;3959;177;2;835
FR;4;2021-11-03;127;20;8;1;18;1074471;3979;185;3;853
FR;4;2021-11-04;175;14;1;0;11;1074646;3993;186;3;864
FR;4;2021-11-05;126;17;1;0;16;1074772;4010;187;3;880
FR;4;2021-11-06;77;6;1;0;6;1074849;4016;188;3;886
FR;4;2021-11-07;76;2;2;0;4;1074925;4018;190;3;890
FR;4;2021-11-08;158;20;1;0;20;1075083;4038;191;3;910
FR;4;2021-11-09;151;14;3;0;16;1075234;4052;194;3;926
FR;4;2021-11-10;114;29;6;0;31;1075348;4081;200;3;957
FR;4;2021-11-11;86;10;0;0;10;1075434;4091;200;3;967
FR;4;2021-11-12;99;18;2;0;17;1075533;4109;202;3;984
FR;4;2021-11-13;73;15;2;0;14;1075606;4124;204;3;998
FR;4;2021-11-14;53;5;3;0;7;1075659;4129;207;3;1005
FR;4;2021-11-15;97;26;2;0;24;1075756;4155;209;3;1029
FR;4;2021-11-16;100;12;2;0;14;1075856;4167;211;3;1043
FR;4;2021-11-17;116;29;4;0;29;1075972;4196;215;3;1072
FR;4;2021-11-18;99;34;12;0;41;1076071;4230;227;3;1113
FR;4;2021-11-19;79;19;3;0;20;1076150;4249;230;3;1133
FR;4;2021-11-20;75;8;1;0;8;1076225;4257;231;3;1141
FR;4;2021-11-21;61;7;2;0;9;1076286;4264;233;3;1150
FR;4;2021-11-22;101;27;6;0;29;1076387;4291;239;3;1179
FR;4;2021-11-23;74;29;5;0;26;1076461;4320;244;3;1205
FR;4;2021-11-24;85;23;9;0;22;1076546;4343;253;3;1227
FR;4;2021-11-25;84;28;14;0;30;1076630;4371;267;3;1257
FR;4;2021-11-26;81;43;12;0;45;1076711;4414;279;3;1302
FR;4;2021-11-27;35;22;15;0;25;1076746;4436;294;3;1327
FR;4;2021-11-28;48;8;0;0;7;1076794;4444;294;3;1334
FR;4;2021-11-29;84;31;15;0;39;1076878;4475;309;3;1373
FR;4;2021-11-30;72;36;12;0;40;1076950;4511;321;3;1413
FR;4;2021-12-01;79;59;19;0;66;1077029;4570;340;3;1479
FR;4;2021-12-02;98;47;19;0;52;1077127;4617;359;3;1531
FR;4;2021-12-03;98;36;15;0;44;1077225;4653;374;3;1575
FR;4;2021-12-04;69;31;18;0;44;1077294;4684;392;3;1619
FR;4;2021-12-05;61;5;1;0;6;1077355;4689;393;3;1625
FR;4;2021-12-06;96;45;20;0;59;1077451;4734;413;3;1684
FR;4;2021-12-07;77;33;9;0;33;1077528;4767;422;3;1717
FR;4;2021-12-08;66;29;15;0;34;1077594;4796;437;3;1751
FR;4;2021-12-09;59;32;10;0;38;1077653;4828;447;3;1789
FR;4;2021-12-10;60;62;21;0;66;1077713;4890;468;3;1855
FR;4;2021-12-11;24;34;7;0;34;1077737;4924;475;3;1889
FR;4;2021-12-12;23;10;3;0;13;1077760;4934;478;3;1902
FR;4;2021-12-13;68;38;13;0;47;1077828;4972;491;3;1949
FR;4;2021-12-14;56;43;15;0;52;1077884;5015;506;3;2001
FR;4;2021-12-15;59;63;28;0;83;1077943;5078;534;3;2084
FR;4;2021-12-16;31;44;18;0;56;1077974;5122;552;3;2140
FR;4;2021-12-17;39;55;12;0;60;1078013;5177;564;3;2200
FR;4;2021-12-18;48;29;2;0;30;1078061;5206;566;3;2230
FR;4;2021-12-19;15;4;1;0;4;1078076;5210;567;3;2234
FR;4;2021-12-20;35;38;10;0;41;1078111;5248;577;3;2275
FR;4;2021-12-21;26;30;15;0;36;1078137;5278;592;3;2311
FR;4;2021-12-22;35;36;10;0;37;1078172;5314;602;3;2348
FR;4;2021-12-23;39;43;8;0;47;1078211;5357;610;3;2395
FR;4;2021-12-24;23;25;10;0;29;1078234;5382;620;3;2424
FR;4;2021-12-25;6;3;3;0;4;1078240;5385;623;3;2428
FR;4;2021-12-26;4;3;1;0;2;1078244;5388;624;3;2430
FR;4;2021-12-27;26;41;8;0;42;1078270;5429;632;3;2472
FR;4;2021-12-28;24;28;7;0;29;1078294;5457;639;3;2501
FR;4;2021-12-29;48;24;10;0;28;1078342;5481;649;3;2529
FR;4;2021-12-30;41;16;12;0;19;1078383;5497;661;3;2548
FR;4;2021-12-31;18;5;8;0;10;1078401;5502;669;3;2558
FR;4;2022-01-01;5;4;4;0;6;1078406;5506;673;3;2564
FR;4;2022-01-02;40;4;14;0;17;1078446;5510;687;3;2581
FR;4;2022-01-03;38;52;20;1;57;1078484;5562;707;4;2638
FR;4;2022-01-04;28;26;13;0;29;1078512;5588;720;4;2667
FR;4;2022-01-05;46;21;16;0;22;1078558;5609;736;4;2689
FR;4;2022-01-06;43;20;21;0;33;1078601;5629;757;4;2722
FR;4;2022-01-07;27;19;15;0;19;1078628;5648;772;4;2741
FR;4;2022-01-08;8;5;9;0;11;1078636;5653;781;4;2752
FR;4;2022-01-09;17;2;1;0;2;1078653;5655;782;4;2754
FR;4;2022-01-10;39;22;16;0;33;1078692;5677;798;4;2787
FR;4;2022-01-11;23;30;12;0;34;1078715;5707;810;4;2821
FR;4;2022-01-12;30;20;12;0;21;1078745;5727;822;4;2842
FR;4;2022-01-13;48;18;26;0;35;1078793;5745;848;4;2877
FR;4;2022-01-14;21;28;13;0;31;1078814;5773;861;4;2908
FR;4;2022-01-15;10;6;7;0;11;1078824;5779;868;4;2919
FR;4;2022-01-16;9;9;11;0;19;1078833;5788;879;4;2938
FR;4;2022-01-17;23;17;12;0;23;1078856;5805;891;4;2961
FR;4;2022-01-18;16;13;7;0;17;1078872;5818;898;4;2978
FR;4;2022-01-19;28;22;9;0;29;1078900;5840;907;4;3007
FR;4;2022-01-20;31;34;11;0;37;1078931;5874;918;4;3044
FR;4;2022-01-21;9;12;18;1;15;1078940;5886;936;5;3059
FR;4;2022-01-22;30;9;2;0;9;1078970;5895;938;5;3068
FR;4;2022-01-23;6;3;4;0;7;1078976;5898;942;5;3075
FR;4;2022-01-24;14;21;8;0;27;1078990;5919;950;5;3102
FR;4;2022-01-25;20;30;8;1;34;1079010;5949;958;6;3136
FR;4;2022-01-26;19;15;6;1;16;1079029;5964;964;7;3152
FR;4;2022-01-27;19;18;5;0;21;1079048;5982;969;7;3173
FR;4;2022-01-28;12;23;7;0;25;1079060;6005;976;7;3198
FR;4;2022-01-29;15;6;4;0;9;1079075;6011;980;7;3207
FR;4;2022-01-30;16;2;0;0;2;1079091;6013;980;7;3209
FR;4;2022-01-31;19;27;6;0;29;1079110;6040;986;7;3238
FR;4;2022-02-01;9;19;11;0;19;1079119;6059;997;7;3257
FR;4;2022-02-02;16;11;10;2;16;1079135;6070;1007;9;3273
FR;4;2022-02-03;12;22;9;0;25;1079147;6092;1016;9;3298
FR;4;2022-02-04;6;5;7;0;9;1079153;6097;1023;9;3307
FR;4;2022-02-05;6;14;1;0;13;1079159;6111;1024;9;3320
FR;4;2022-02-06;5;2;2;0;3;1079164;6113;1026;9;3323
FR;4;2022-02-07;13;19;6;0;19;1079177;6132;1032;9;3342
FR;4;2022-02-08;14;19;13;1;20;1079191;6151;1045;10;3362
FR;4;2022-02-09;14;10;7;0;13;1079205;6161;1052;10;3375
FR;4;2022-02-10;18;23;9;0;24;1079223;6184;1061;10;3399
FR;4;2022-02-11;18;14;8;0;19;1079241;6198;1069;10;3418
FR;4;2022-02-12;23;6;1;0;5;1079264;6204;1070;10;3423
FR;4;2022-02-13;7;3;3;0;6;1079271;6207;1073;10;3429
FR;4;2022-02-14;18;10;7;0;13;1079289;6217;1080;10;3442
FR;4;2022-02-15;16;7;1;0;7;1079305;6224;1081;10;3449
FR;4;2022-02-16;11;9;10;0;15;1079316;6233;1091;10;3464
FR;4;2022-02-17;10;4;4;0;6;1079326;6237;1095;10;3470
FR;4;2022-02-18;17;13;6;0;17;1079343;6250;1101;10;3487
FR;4;2022-02-19;16;2;2;0;4;1079359;6252;1103;10;3491
FR;4;2022-02-20;7;2;0;0;1;1079366;6254;1103;10;3492
FR;4;2022-02-21;22;3;3;0;4;1079388;6257;1106;10;3496
FR;4;2022-02-22;8;4;8;0;8;1079396;6261;1114;10;3504
FR;4;2022-02-23;16;6;9;0;9;1079412;6267;1123;10;3513
FR;4;2022-02-24;9;4;2;0;4;1079421;6271;1125;10;3517
FR;4;2022-02-25;15;5;7;0;6;1079436;6276;1132;10;3523
FR;4;2022-02-26;26;3;0;0;3;1079462;6279;1132;10;3526
FR;4;2022-02-27;9;0;1;0;1;1079471;6279;1133;10;3527
FR;4;2022-02-28;14;3;2;0;3;1079485;6282;1135;10;3530
FR;4;2022-03-01;6;2;7;0;3;1079491;6284;1142;10;3533
FR;4;2022-03-02;10;2;3;0;4;1079501;6286;1145;10;3537
FR;4;2022-03-03;15;5;1;0;4;1079516;6291;1146;10;3541
FR;4;2022-03-04;6;7;2;1;5;1079522;6298;1148;11;3546
FR;4;2022-03-05;8;2;0;0;2;1079530;6300;1148;11;3548
FR;4;2022-03-06;4;0;1;0;1;1079534;6300;1149;11;3549
FR;4;2022-03-07;10;4;1;0;3;1079544;6304;1150;11;3552
FR;4;2022-03-08;13;2;0;0;2;1079557;6306;1150;11;3554
FR;4;2022-03-09;7;3;2;0;4;1079564;6309;1152;11;3558
FR;4;2022-03-10;5;1;5;0;2;1079569;6310;1157;11;3560
FR;4;2022-03-11;8;2;5;0;1;1079577;6312;1162;11;3561
FR;4;2022-03-12;9;2;0;0;0;1079586;6314;1162;11;3561
FR;4;2022-03-13;5;0;1;0;1;1079591;6314;1163;11;3562
FR;4;2022-03-14;4;1;0;0;1;1079595;6315;1163;11;3563
FR;4;2022-03-15;5;3;1;0;1;1079600;6318;1164;11;3564
FR;4;2022-03-16;6;3;3;0;3;1079606;6321;1167;11;3567
FR;4;2022-03-17;1;4;1;0;5;1079607;6325;1168;11;3572
FR;4;2022-03-18;7;3;0;0;3;1079614;6328;1168;11;3575
FR;4;2022-03-19;1;1;0;0;1;1079615;6329;1168;11;3576
FR;4;2022-03-20;2;0;2;0;1;1079617;6329;1170;11;3577
FR;4;2022-03-21;5;3;0;0;3;1079622;6332;1170;11;3580
FR;4;2022-03-22;3;2;1;0;2;1079625;6334;1171;11;3582
FR;4;2022-03-23;6;3;3;0;5;1079631;6337;1174;11;3587
FR;4;2022-03-24;2;4;3;1;5;1079633;6341;1177;12;3592
FR;4;2022-03-25;3;1;2;0;1;1079636;6342;1179;12;3593
FR;4;2022-03-26;5;5;0;0;5;1079641;6347;1179;12;3598
FR;4;2022-03-27;1;0;1;0;0;1079642;6347;1180;12;3598
FR;4;2022-03-28;4;1;1;0;1;1079646;6348;1181;12;3599
FR;4;2022-03-29;7;0;4;1;0;1079653;6348;1185;13;3599
FR;4;2022-03-30;1;4;0;0;4;1079654;6352;1185;13;3603
FR;4;2022-03-31;1;3;1;1;3;1079655;6355;1186;14;3606
FR;4;2022-04-01;13;3;5;0;6;1079668;6358;1191;14;3612
FR;4;2022-04-02;4;4;0;0;3;1079672;6362;1191;14;3615
FR;4;2022-04-03;0;0;0;0;0;1079672;6362;1191;14;3615
FR;4;2022-04-04;3;3;4;0;3;1079675;6365;1195;14;3618
FR;4;2022-04-05;3;4;1;1;2;1079678;6369;1196;15;3620
FR;4;2022-04-06;3;0;0;0;0;1079681;6369;1196;15;3620
FR;4;2022-04-07;3;2;1;2;3;1079684;6371;1197;17;3623
FR;4;2022-04-08;4;1;1;0;1;1079688;6372;1198;17;3624
FR;4;2022-04-09;0;0;1;1;1;1079688;6372;1199;18;3625
FR;4;2022-04-10;1;2;0;0;2;1079689;6374;1199;18;3627
FR;4;2022-04-11;3;2;4;0;4;1079692;6376;1203;18;3631
FR;4;2022-04-12;2;1;4;0;2;1079694;6377;1207;18;3633
FR;4;2022-04-13;3;6;1;0;7;1079697;6383;1208;18;3640
FR;4;2022-04-14;5;3;0;1;2;1079702;6386;1208;19;3642
FR;4;2022-04-15;2;7;1;0;8;1079704;6393;1209;19;3650
FR;4;2022-04-16;1;0;0;0;0;1079705;6393;1209;19;3650
FR;4;2022-04-17;1;0;0;0;0;1079706;6393;1209;19;3650
FR;4;2022-04-18;1;2;4;0;2;1079707;6395;1213;19;3652
FR;4;2022-04-19;2;0;1;0;0;1079709;6395;1214;19;3652
FR;4;2022-04-20;12;4;1;0;2;1079721;6399;1215;19;3654
FR;4;2022-04-21;5;1;0;0;1;1079726;6400;1215;19;3655
FR;4;2022-04-22;1;0;1;0;0;1079727;6400;1216;19;3655
FR;4;2022-04-23;1;3;2;0;5;1079728;6403;1218;19;3660
FR;4;2022-04-24;0;2;0;0;2;1079728;6405;1218;19;3662
FR;4;2022-04-25;2;4;2;0;6;1079730;6409;1220;19;3668
FR;4;2022-04-26;2;4;1;0;4;1079732;6413;1221;19;3672
FR;4;2022-04-27;4;0;0;0;0;1079736;6413;1221;19;3672
FR;4;2022-04-28;2;5;5;0;6;1079738;6418;1226;19;3678
FR;4;2022-04-29;3;2;0;0;1;1079741;6420;1226;19;3679
FR;4;2022-04-30;0;1;1;0;2;1079741;6421;1227;19;3681
FR;4;2022-05-01;0;0;0;0;0;1079741;6421;1227;19;3681
FR;4;2022-05-02;4;5;2;0;5;1079745;6426;1229;19;3686
FR;4;2022-05-03;0;3;1;0;3;1079745;6429;1230;19;3689
FR;4;2022-05-04;3;4;1;0;4;1079748;6433;1231;19;3693
FR;4;2022-05-05;2;1;1;0;1;1079750;6434;1232;19;3694
FR;4;2022-05-06;2;0;0;0;0;1079752;6434;1232;19;3694
FR;4;2022-05-07;0;0;0;0;0;1079752;6434;1232;19;3694
FR;4;2022-05-08;1;1;0;0;1;1079753;6435;1232;19;3695
FR;4;2022-05-09;5;0;0;0;0;1079758;6435;1232;19;3695
FR;4;2022-05-10;0;0;0;2;2;1079758;6435;1232;21;3697
FR;4;2022-05-11;2;0;1;0;0;1079760;6435;1233;21;3697
FR;4;2022-05-12;5;0;1;1;1;1079765;6435;1234;22;3698
FR;4;2022-05-13;0;0;2;0;2;1079765;6435;1236;22;3700
FR;4;2022-05-14;0;1;0;0;1;1079765;6436;1236;22;3701
FR;4;2022-05-15;0;2;0;0;0;1079765;6438;1236;22;3701
FR;4;2022-05-16;3;1;1;0;1;1079768;6439;1237;22;3702
FR;4;2022-05-17;3;0;1;0;1;1079771;6439;1238;22;3703
FR;4;2022-05-18;0;1;0;0;1;1079771;6440;1238;22;3704
FR;4;2022-05-19;2;1;1;0;2;1079773;6441;1239;22;3706
FR;4;2022-05-20;1;0;1;0;0;1079774;6441;1240;22;3706
FR;4;2022-05-21;2;0;0;0;0;1079776;6441;1240;22;3706
FR;4;2022-05-22;0;0;1;0;1;1079776;6441;1241;22;3707
FR;4;2022-05-23;0;0;1;0;0;1079776;6441;1242;22;3707
FR;4;2022-05-24;1;0;0;0;0;1079777;6441;1242;22;3707
FR;4;2022-05-25;1;1;0;0;0;1079778;6442;1242;22;3707
FR;4;2022-05-26;1;0;0;0;0;1079779;6442;1242;22;3707
FR;4;2022-05-27;0;0;0;0;0;1079779;6442;1242;22;3707
FR;4;2022-05-28;0;0;0;0;0;1079779;6442;1242;22;3707
FR;4;2022-05-29;0;0;0;0;0;1079779;6442;1242;22;3707
FR;4;2022-05-30;1;0;0;0;0;1079780;6442;1242;22;3707
FR;5;2020-12-27;0;0;0;0;0;0;0;0;0;0
FR;5;2020-12-28;0;0;0;0;0;0;0;0;0;0
FR;5;2020-12-29;0;0;0;0;0;0;0;0;0;0
FR;5;2020-12-30;0;0;0;0;0;0;0;0;0;0
FR;5;2020-12-31;0;0;0;0;0;0;0;0;0;0
FR;5;2021-01-01;0;0;0;0;0;0;0;0;0;0
FR;5;2021-01-02;0;0;0;0;0;0;0;0;0;0
FR;5;2021-01-03;0;0;0;0;0;0;0;0;0;0
FR;5;2021-01-04;0;0;0;0;0;0;0;0;0;0
FR;5;2021-01-05;0;0;0;0;0;0;0;0;0;0
FR;5;2021-01-06;0;0;0;0;0;0;0;0;0;0
FR;5;2021-01-07;0;0;0;0;0;0;0;0;0;0
FR;5;2021-01-08;0;0;0;0;0;0;0;0;0;0
FR;5;2021-01-09;0;0;0;0;0;0;0;0;0;0
FR;5;2021-01-10;0;0;0;0;0;0;0;0;0;0
FR;5;2021-01-11;0;0;0;0;0;0;0;0;0;0
FR;5;2021-01-12;0;0;0;0;0;0;0;0;0;0
FR;5;2021-01-13;0;0;0;0;0;0;0;0;0;0
FR;5;2021-01-14;0;0;0;0;0;0;0;0;0;0
FR;5;2021-01-15;0;0;0;0;0;0;0;0;0;0
FR;5;2021-01-16;0;0;0;0;0;0;0;0;0;0
FR;5;2021-01-17;0;0;0;0;0;0;0;0;0;0
FR;5;2021-01-18;0;0;0;0;0;0;0;0;0;0
FR;5;2021-01-19;0;0;0;0;0;0;0;0;0;0
FR;5;2021-01-20;0;0;0;0;0;0;0;0;0;0
FR;5;2021-01-21;0;0;0;0;0;0;0;0;0;0
FR;5;2021-01-22;0;0;0;0;0;0;0;0;0;0
FR;5;2021-01-23;0;0;0;0;0;0;0;0;0;0
FR;5;2021-01-24;0;0;0;0;0;0;0;0;0;0
FR;5;2021-01-25;0;0;0;0;0;0;0;0;0;0
FR;5;2021-01-26;0;0;0;0;0;0;0;0;0;0
FR;5;2021-01-27;0;0;0;0;0;0;0;0;0;0
FR;5;2021-01-28;0;0;0;0;0;0;0;0;0;0
FR;5;2021-01-29;0;0;0;0;0;0;0;0;0;0
FR;5;2021-01-30;0;0;0;0;0;0;0;0;0;0
FR;5;2021-01-31;0;0;0;0;0;0;0;0;0;0
FR;5;2021-02-01;0;0;0;0;0;0;0;0;0;0
FR;5;2021-02-02;0;0;0;0;0;0;0;0;0;0
FR;5;2021-02-03;0;0;0;0;0;0;0;0;0;0
FR;5;2021-02-04;0;0;0;0;0;0;0;0;0;0
FR;5;2021-02-05;0;0;0;0;0;0;0;0;0;0
FR;5;2021-02-06;0;0;0;0;0;0;0;0;0;0
FR;5;2021-02-07;0;0;0;0;0;0;0;0;0;0
FR;5;2021-02-08;0;0;0;0;0;0;0;0;0;0
FR;5;2021-02-09;0;0;0;0;0;0;0;0;0;0
FR;5;2021-02-10;0;0;0;0;0;0;0;0;0;0
FR;5;2021-02-11;0;0;0;0;0;0;0;0;0;0
FR;5;2021-02-12;0;0;0;0;0;0;0;0;0;0
FR;5;2021-02-13;0;0;0;0;0;0;0;0;0;0
FR;5;2021-02-14;0;0;0;0;0;0;0;0;0;0
FR;5;2021-02-15;0;0;0;0;0;0;0;0;0;0
FR;5;2021-02-16;0;0;0;0;0;0;0;0;0;0
FR;5;2021-02-17;0;0;0;0;0;0;0;0;0;0
FR;5;2021-02-18;0;0;0;0;0;0;0;0;0;0
FR;5;2021-02-19;0;0;0;0;0;0;0;0;0;0
FR;5;2021-02-20;0;0;0;0;0;0;0;0;0;0
FR;5;2021-02-21;0;0;0;0;0;0;0;0;0;0
FR;5;2021-02-22;0;0;0;0;0;0;0;0;0;0
FR;5;2021-02-23;0;0;0;0;0;0;0;0;0;0
FR;5;2021-02-24;0;0;0;0;0;0;0;0;0;0
FR;5;2021-02-25;0;0;0;0;0;0;0;0;0;0
FR;5;2021-02-26;0;0;0;0;0;0;0;0;0;0
FR;5;2021-02-27;0;0;0;0;0;0;0;0;0;0
FR;5;2021-02-28;0;0;0;0;0;0;0;0;0;0
FR;5;2021-03-01;0;0;0;0;0;0;0;0;0;0
FR;5;2021-03-02;0;0;0;0;0;0;0;0;0;0
FR;5;2021-03-03;0;0;0;0;0;0;0;0;0;0
FR;5;2021-03-04;0;0;0;0;0;0;0;0;0;0
FR;5;2021-03-05;0;0;0;0;0;0;0;0;0;0
FR;5;2021-03-06;0;0;0;0;0;0;0;0;0;0
FR;5;2021-03-07;0;0;0;0;0;0;0;0;0;0
FR;5;2021-03-08;0;0;0;0;0;0;0;0;0;0
FR;5;2021-03-09;0;0;0;0;0;0;0;0;0;0
FR;5;2021-03-10;0;0;0;0;0;0;0;0;0;0
FR;5;2021-03-11;0;0;0;0;0;0;0;0;0;0
FR;5;2021-03-12;0;0;0;0;0;0;0;0;0;0
FR;5;2021-03-13;0;0;0;0;0;0;0;0;0;0
FR;5;2021-03-14;0;0;0;0;0;0;0;0;0;0
FR;5;2021-03-15;0;0;0;0;0;0;0;0;0;0
FR;5;2021-03-16;0;0;0;0;0;0;0;0;0;0
FR;5;2021-03-17;0;0;0;0;0;0;0;0;0;0
FR;5;2021-03-18;0;0;0;0;0;0;0;0;0;0
FR;5;2021-03-19;0;0;0;0;0;0;0;0;0;0
FR;5;2021-03-20;0;0;0;0;0;0;0;0;0;0
FR;5;2021-03-21;0;0;0;0;0;0;0;0;0;0
FR;5;2021-03-22;0;0;0;0;0;0;0;0;0;0
FR;5;2021-03-23;0;0;0;0;0;0;0;0;0;0
FR;5;2021-03-24;0;0;0;0;0;0;0;0;0;0
FR;5;2021-03-25;0;0;0;0;0;0;0;0;0;0
FR;5;2021-03-26;0;0;0;0;0;0;0;0;0;0
FR;5;2021-03-27;0;0;0;0;0;0;0;0;0;0
FR;5;2021-03-28;0;0;0;0;0;0;0;0;0;0
FR;5;2021-03-29;0;0;0;0;0;0;0;0;0;0
FR;5;2021-03-30;0;0;0;0;0;0;0;0;0;0
FR;5;2021-03-31;0;0;0;0;0;0;0;0;0;0
FR;5;2021-04-01;0;0;0;0;0;0;0;0;0;0
FR;5;2021-04-02;0;0;0;0;0;0;0;0;0;0
FR;5;2021-04-03;0;0;0;0;0;0;0;0;0;0
FR;5;2021-04-04;0;0;0;0;0;0;0;0;0;0
FR;5;2021-04-05;0;0;0;0;0;0;0;0;0;0
FR;5;2021-04-06;0;0;0;0;0;0;0;0;0;0
FR;5;2021-04-07;0;0;0;0;0;0;0;0;0;0
FR;5;2021-04-08;0;0;0;0;0;0;0;0;0;0
FR;5;2021-04-09;0;0;0;0;0;0;0;0;0;0
FR;5;2021-04-10;0;0;0;0;0;0;0;0;0;0
FR;5;2021-04-11;0;0;0;0;0;0;0;0;0;0
FR;5;2021-04-12;0;0;0;0;0;0;0;0;0;0
FR;5;2021-04-13;0;0;0;0;0;0;0;0;0;0
FR;5;2021-04-14;0;0;0;0;0;0;0;0;0;0
FR;5;2021-04-15;0;0;0;0;0;0;0;0;0;0
FR;5;2021-04-16;0;0;0;0;0;0;0;0;0;0
FR;5;2021-04-17;0;0;0;0;0;0;0;0;0;0
FR;5;2021-04-18;0;0;0;0;0;0;0;0;0;0
FR;5;2021-04-19;0;0;0;0;0;0;0;0;0;0
FR;5;2021-04-20;0;0;0;0;0;0;0;0;0;0
FR;5;2021-04-21;0;0;0;0;0;0;0;0;0;0
FR;5;2021-04-22;0;0;0;0;0;0;0;0;0;0
FR;5;2021-04-23;0;0;0;0;0;0;0;0;0;0
FR;5;2021-04-24;0;0;0;0;0;0;0;0;0;0
FR;5;2021-04-25;0;0;0;0;0;0;0;0;0;0
FR;5;2021-04-26;0;0;0;0;0;0;0;0;0;0
FR;5;2021-04-27;0;0;0;0;0;0;0;0;0;0
FR;5;2021-04-28;0;0;0;0;0;0;0;0;0;0
FR;5;2021-04-29;0;0;0;0;0;0;0;0;0;0
FR;5;2021-04-30;0;0;0;0;0;0;0;0;0;0
FR;5;2021-05-01;0;0;0;0;0;0;0;0;0;0
FR;5;2021-05-02;0;0;0;0;0;0;0;0;0;0
FR;5;2021-05-03;0;0;0;0;0;0;0;0;0;0
FR;5;2021-05-04;0;0;0;0;0;0;0;0;0;0
FR;5;2021-05-05;0;0;0;0;0;0;0;0;0;0
FR;5;2021-05-06;0;0;0;0;0;0;0;0;0;0
FR;5;2021-05-07;0;0;0;0;0;0;0;0;0;0
FR;5;2021-05-08;0;0;0;0;0;0;0;0;0;0
FR;5;2021-05-09;0;0;0;0;0;0;0;0;0;0
FR;5;2021-05-10;0;0;0;0;0;0;0;0;0;0
FR;5;2021-05-11;0;0;0;0;0;0;0;0;0;0
FR;5;2021-05-12;0;0;0;0;0;0;0;0;0;0
FR;5;2021-05-13;0;0;0;0;0;0;0;0;0;0
FR;5;2021-05-14;0;0;0;0;0;0;0;0;0;0
FR;5;2021-05-15;0;0;0;0;0;0;0;0;0;0
FR;5;2021-05-16;0;0;0;0;0;0;0;0;0;0
FR;5;2021-05-17;0;0;0;0;0;0;0;0;0;0
FR;5;2021-05-18;0;0;0;0;0;0;0;0;0;0
FR;5;2021-05-19;0;0;0;0;0;0;0;0;0;0
FR;5;2021-05-20;0;0;0;0;0;0;0;0;0;0
FR;5;2021-05-21;0;0;0;0;0;0;0;0;0;0
FR;5;2021-05-22;0;0;0;0;0;0;0;0;0;0
FR;5;2021-05-23;0;0;0;0;0;0;0;0;0;0
FR;5;2021-05-24;0;0;0;0;0;0;0;0;0;0
FR;5;2021-05-25;0;0;0;0;0;0;0;0;0;0
FR;5;2021-05-26;0;0;0;0;0;0;0;0;0;0
FR;5;2021-05-27;0;0;0;0;0;0;0;0;0;0
FR;5;2021-05-28;0;0;0;0;0;0;0;0;0;0
FR;5;2021-05-29;0;0;0;0;0;0;0;0;0;0
FR;5;2021-05-30;0;0;0;0;0;0;0;0;0;0
FR;5;2021-05-31;0;0;0;0;0;0;0;0;0;0
FR;5;2021-06-01;0;0;0;0;0;0;0;0;0;0
FR;5;2021-06-02;0;0;0;0;0;0;0;0;0;0
FR;5;2021-06-03;0;0;0;0;0;0;0;0;0;0
FR;5;2021-06-04;0;0;0;0;0;0;0;0;0;0
FR;5;2021-06-05;0;0;0;0;0;0;0;0;0;0
FR;5;2021-06-06;0;0;0;0;0;0;0;0;0;0
FR;5;2021-06-07;0;0;0;0;0;0;0;0;0;0
FR;5;2021-06-08;0;0;0;0;0;0;0;0;0;0
FR;5;2021-06-09;0;0;0;0;0;0;0;0;0;0
FR;5;2021-06-10;0;0;0;0;0;0;0;0;0;0
FR;5;2021-06-11;0;0;0;0;0;0;0;0;0;0
FR;5;2021-06-12;0;0;0;0;0;0;0;0;0;0
FR;5;2021-06-13;0;0;0;0;0;0;0;0;0;0
FR;5;2021-06-14;0;0;0;0;0;0;0;0;0;0
FR;5;2021-06-15;0;0;0;0;0;0;0;0;0;0
FR;5;2021-06-16;0;0;0;0;0;0;0;0;0;0
FR;5;2021-06-17;0;0;0;0;0;0;0;0;0;0
FR;5;2021-06-18;0;0;0;0;0;0;0;0;0;0
FR;5;2021-06-19;0;0;0;0;0;0;0;0;0;0
FR;5;2021-06-20;0;0;0;0;0;0;0;0;0;0
FR;5;2021-06-21;0;0;0;0;0;0;0;0;0;0
FR;5;2021-06-22;0;0;0;0;0;0;0;0;0;0
FR;5;2021-06-23;0;0;0;0;0;0;0;0;0;0
FR;5;2021-06-24;0;0;0;0;0;0;0;0;0;0
FR;5;2021-06-25;0;0;0;0;0;0;0;0;0;0
FR;5;2021-06-26;0;0;0;0;0;0;0;0;0;0
FR;5;2021-06-27;0;0;0;0;0;0;0;0;0;0
FR;5;2021-06-28;0;0;0;0;0;0;0;0;0;0
FR;5;2021-06-29;0;0;0;0;0;0;0;0;0;0
FR;5;2021-06-30;0;0;0;0;0;0;0;0;0;0
FR;5;2021-07-01;0;0;0;0;0;0;0;0;0;0
FR;5;2021-07-02;0;0;0;0;0;0;0;0;0;0
FR;5;2021-07-03;0;0;0;0;0;0;0;0;0;0
FR;5;2021-07-04;0;0;0;0;0;0;0;0;0;0
FR;5;2021-07-05;0;0;0;0;0;0;0;0;0;0
FR;5;2021-07-06;0;0;0;0;0;0;0;0;0;0
FR;5;2021-07-07;0;0;0;0;0;0;0;0;0;0
FR;5;2021-07-08;0;0;0;0;0;0;0;0;0;0
FR;5;2021-07-09;0;0;0;0;0;0;0;0;0;0
FR;5;2021-07-10;0;0;0;0;0;0;0;0;0;0
FR;5;2021-07-11;0;0;0;0;0;0;0;0;0;0
FR;5;2021-07-12;0;0;0;0;0;0;0;0;0;0
FR;5;2021-07-13;0;0;0;0;0;0;0;0;0;0
FR;5;2021-07-14;0;0;0;0;0;0;0;0;0;0
FR;5;2021-07-15;0;0;0;0;0;0;0;0;0;0
FR;5;2021-07-16;0;0;0;0;0;0;0;0;0;0
FR;5;2021-07-17;0;0;0;0;0;0;0;0;0;0
FR;5;2021-07-18;0;0;0;0;0;0;0;0;0;0
FR;5;2021-07-19;0;0;0;0;0;0;0;0;0;0
FR;5;2021-07-20;0;0;0;0;0;0;0;0;0;0
FR;5;2021-07-21;0;0;0;0;0;0;0;0;0;0
FR;5;2021-07-22;0;0;0;0;0;0;0;0;0;0
FR;5;2021-07-23;0;0;0;0;0;0;0;0;0;0
FR;5;2021-07-24;0;0;0;0;0;0;0;0;0;0
FR;5;2021-07-25;0;0;0;0;0;0;0;0;0;0
FR;5;2021-07-26;0;0;0;0;0;0;0;0;0;0
FR;5;2021-07-27;0;0;0;0;0;0;0;0;0;0
FR;5;2021-07-28;0;0;0;0;0;0;0;0;0;0
FR;5;2021-07-29;0;0;0;0;0;0;0;0;0;0
FR;5;2021-07-30;0;0;0;0;0;0;0;0;0;0
FR;5;2021-07-31;0;0;0;0;0;0;0;0;0;0
FR;5;2021-08-01;0;0;0;0;0;0;0;0;0;0
FR;5;2021-08-02;0;0;0;0;0;0;0;0;0;0
FR;5;2021-08-03;0;0;0;0;0;0;0;0;0;0
FR;5;2021-08-04;0;0;0;0;0;0;0;0;0;0
FR;5;2021-08-05;0;0;0;0;0;0;0;0;0;0
FR;5;2021-08-06;0;0;0;0;0;0;0;0;0;0
FR;5;2021-08-07;0;0;0;0;0;0;0;0;0;0
FR;5;2021-08-08;0;0;0;0;0;0;0;0;0;0
FR;5;2021-08-09;0;0;0;0;0;0;0;0;0;0
FR;5;2021-08-10;0;0;0;0;0;0;0;0;0;0
FR;5;2021-08-11;0;0;0;0;0;0;0;0;0;0
FR;5;2021-08-12;0;0;0;0;0;0;0;0;0;0
FR;5;2021-08-13;0;0;0;0;0;0;0;0;0;0
FR;5;2021-08-14;0;0;0;0;0;0;0;0;0;0
FR;5;2021-08-15;0;0;0;0;0;0;0;0;0;0
FR;5;2021-08-16;0;0;0;0;0;0;0;0;0;0
FR;5;2021-08-17;0;0;0;0;0;0;0;0;0;0
FR;5;2021-08-18;0;0;0;0;0;0;0;0;0;0
FR;5;2021-08-19;0;0;0;0;0;0;0;0;0;0
FR;5;2021-08-20;0;0;0;0;0;0;0;0;0;0
FR;5;2021-08-21;0;0;0;0;0;0;0;0;0;0
FR;5;2021-08-22;0;0;0;0;0;0;0;0;0;0
FR;5;2021-08-23;0;0;0;0;0;0;0;0;0;0
FR;5;2021-08-24;0;0;0;0;0;0;0;0;0;0
FR;5;2021-08-25;0;0;0;0;0;0;0;0;0;0
FR;5;2021-08-26;0;0;0;0;0;0;0;0;0;0
FR;5;2021-08-27;0;0;0;0;0;0;0;0;0;0
FR;5;2021-08-28;0;0;0;0;0;0;0;0;0;0
FR;5;2021-08-29;0;0;0;0;0;0;0;0;0;0
FR;5;2021-08-30;0;0;0;0;0;0;0;0;0;0
FR;5;2021-08-31;0;0;0;0;0;0;0;0;0;0
FR;5;2021-09-01;0;0;0;0;0;0;0;0;0;0
FR;5;2021-09-02;0;0;0;0;0;0;0;0;0;0
FR;5;2021-09-03;0;0;0;0;0;0;0;0;0;0
FR;5;2021-09-04;0;0;0;0;0;0;0;0;0;0
FR;5;2021-09-05;0;0;0;0;0;0;0;0;0;0
FR;5;2021-09-06;0;0;0;0;0;0;0;0;0;0
FR;5;2021-09-07;0;0;0;0;0;0;0;0;0;0
FR;5;2021-09-08;0;0;0;0;0;0;0;0;0;0
FR;5;2021-09-09;0;0;0;0;0;0;0;0;0;0
FR;5;2021-09-10;0;0;0;0;0;0;0;0;0;0
FR;5;2021-09-11;0;0;0;0;0;0;0;0;0;0
FR;5;2021-09-12;0;0;0;0;0;0;0;0;0;0
FR;5;2021-09-13;0;0;0;0;0;0;0;0;0;0
FR;5;2021-09-14;0;0;0;0;0;0;0;0;0;0
FR;5;2021-09-15;0;0;0;0;0;0;0;0;0;0
FR;5;2021-09-16;0;0;0;0;0;0;0;0;0;0
FR;5;2021-09-17;0;0;0;0;0;0;0;0;0;0
FR;5;2021-09-18;0;0;0;0;0;0;0;0;0;0
FR;5;2021-09-19;0;0;0;0;0;0;0;0;0;0
FR;5;2021-09-20;0;0;0;0;0;0;0;0;0;0
FR;5;2021-09-21;0;0;0;0;0;0;0;0;0;0
FR;5;2021-09-22;0;0;0;0;0;0;0;0;0;0
FR;5;2021-09-23;0;0;0;0;0;0;0;0;0;0
FR;5;2021-09-24;0;0;0;0;0;0;0;0;0;0
FR;5;2021-09-25;0;0;0;0;0;0;0;0;0;0
FR;5;2021-09-26;0;0;0;0;0;0;0;0;0;0
FR;5;2021-09-27;0;0;0;0;0;0;0;0;0;0
FR;5;2021-09-28;0;0;0;0;0;0;0;0;0;0
FR;5;2021-09-29;0;0;0;0;0;0;0;0;0;0
FR;5;2021-09-30;0;0;0;0;0;0;0;0;0;0
FR;5;2021-10-01;0;0;0;0;0;0;0;0;0;0
FR;5;2021-10-02;0;0;0;0;0;0;0;0;0;0
FR;5;2021-10-03;0;0;0;0;0;0;0;0;0;0
FR;5;2021-10-04;0;0;0;0;0;0;0;0;0;0
FR;5;2021-10-05;0;0;0;0;0;0;0;0;0;0
FR;5;2021-10-06;0;0;0;0;0;0;0;0;0;0
FR;5;2021-10-07;0;0;0;0;0;0;0;0;0;0
FR;5;2021-10-08;0;0;0;0;0;0;0;0;0;0
FR;5;2021-10-09;0;0;0;0;0;0;0;0;0;0
FR;5;2021-10-10;0;0;0;0;0;0;0;0;0;0
FR;5;2021-10-11;0;0;0;0;0;0;0;0;0;0
FR;5;2021-10-12;0;0;0;0;0;0;0;0;0;0
FR;5;2021-10-13;0;0;0;0;0;0;0;0;0;0
FR;5;2021-10-14;0;0;0;0;0;0;0;0;0;0
FR;5;2021-10-15;0;0;0;0;0;0;0;0;0;0
FR;5;2021-10-16;0;0;0;0;0;0;0;0;0;0
FR;5;2021-10-17;0;0;0;0;0;0;0;0;0;0
FR;5;2021-10-18;0;0;0;0;0;0;0;0;0;0
FR;5;2021-10-19;0;0;0;0;0;0;0;0;0;0
FR;5;2021-10-20;0;0;0;0;0;0;0;0;0;0
FR;5;2021-10-21;0;0;0;0;0;0;0;0;0;0
FR;5;2021-10-22;0;0;0;0;0;0;0;0;0;0
FR;5;2021-10-23;0;0;0;0;0;0;0;0;0;0
FR;5;2021-10-24;0;0;0;0;0;0;0;0;0;0
FR;5;2021-10-25;0;0;0;0;0;0;0;0;0;0
FR;5;2021-10-26;0;0;0;0;0;0;0;0;0;0
FR;5;2021-10-27;0;0;0;0;0;0;0;0;0;0
FR;5;2021-10-28;0;0;0;0;0;0;0;0;0;0
FR;5;2021-10-29;0;0;0;0;0;0;0;0;0;0
FR;5;2021-10-30;0;0;0;0;0;0;0;0;0;0
FR;5;2021-10-31;0;0;0;0;0;0;0;0;0;0
FR;5;2021-11-01;0;0;0;0;0;0;0;0;0;0
FR;5;2021-11-02;0;0;0;0;0;0;0;0;0;0
FR;5;2021-11-03;0;0;0;0;0;0;0;0;0;0
FR;5;2021-11-04;0;0;0;0;0;0;0;0;0;0
FR;5;2021-11-05;0;0;0;0;0;0;0;0;0;0
FR;5;2021-11-06;0;0;0;0;0;0;0;0;0;0
FR;5;2021-11-07;0;0;0;0;0;0;0;0;0;0
FR;5;2021-11-08;0;0;0;0;0;0;0;0;0;0
FR;5;2021-11-09;0;0;0;0;0;0;0;0;0;0
FR;5;2021-11-10;0;0;0;0;0;0;0;0;0;0
FR;5;2021-11-11;0;0;0;0;0;0;0;0;0;0
FR;5;2021-11-12;0;0;0;0;0;0;0;0;0;0
FR;5;2021-11-13;0;0;0;0;0;0;0;0;0;0
FR;5;2021-11-14;0;0;0;0;0;0;0;0;0;0
FR;5;2021-11-15;0;0;0;0;0;0;0;0;0;0
FR;5;2021-11-16;0;0;0;0;0;0;0;0;0;0
FR;5;2021-11-17;0;0;0;0;0;0;0;0;0;0
FR;5;2021-11-18;0;0;0;0;0;0;0;0;0;0
FR;5;2021-11-19;0;0;0;0;0;0;0;0;0;0
FR;5;2021-11-20;0;0;0;0;0;0;0;0;0;0
FR;5;2021-11-21;0;0;0;0;0;0;0;0;0;0
FR;5;2021-11-22;0;0;0;0;0;0;0;0;0;0
FR;5;2021-11-23;0;0;0;0;0;0;0;0;0;0
FR;5;2021-11-24;0;0;0;0;0;0;0;0;0;0
FR;5;2021-11-25;0;0;0;0;0;0;0;0;0;0
FR;5;2021-11-26;0;0;0;0;0;0;0;0;0;0
FR;5;2021-11-27;0;0;0;0;0;0;0;0;0;0
FR;5;2021-11-28;0;0;0;0;0;0;0;0;0;0
FR;5;2021-11-29;0;0;0;0;0;0;0;0;0;0
FR;5;2021-11-30;0;0;0;0;0;0;0;0;0;0
FR;5;2021-12-01;0;0;0;0;0;0;0;0;0;0
FR;5;2021-12-02;0;0;0;0;0;0;0;0;0;0
FR;5;2021-12-03;0;0;0;0;0;0;0;0;0;0
FR;5;2021-12-04;0;0;0;0;0;0;0;0;0;0
FR;5;2021-12-05;0;0;0;0;0;0;0;0;0;0
FR;5;2021-12-06;0;0;0;0;0;0;0;0;0;0
FR;5;2021-12-07;0;0;0;0;0;0;0;0;0;0
FR;5;2021-12-08;0;0;0;0;0;0;0;0;0;0
FR;5;2021-12-09;0;0;0;0;0;0;0;0;0;0
FR;5;2021-12-10;0;0;0;0;0;0;0;0;0;0
FR;5;2021-12-11;0;0;0;0;0;0;0;0;0;0
FR;5;2021-12-12;0;0;0;0;0;0;0;0;0;0
FR;5;2021-12-13;0;0;0;0;0;0;0;0;0;0
FR;5;2021-12-14;29;45;77;0;88;29;45;77;0;88
FR;5;2021-12-15;196;44;37;0;49;225;89;114;0;137
FR;5;2021-12-16;180;21;44;0;48;405;110;158;0;185
FR;5;2021-12-17;310;16;72;0;74;715;126;230;0;259
FR;5;2021-12-18;765;24;22;0;29;1480;150;252;0;288
FR;5;2021-12-19;586;15;15;0;17;2066;165;267;0;305
FR;5;2021-12-20;1223;31;35;0;38;3289;196;302;0;343
FR;5;2021-12-21;1535;22;54;1;60;4824;218;356;1;403
FR;5;2021-12-22;4069;40;37;0;46;8893;258;393;1;449
FR;5;2021-12-23;3042;16;21;0;25;11935;274;414;1;474
FR;5;2021-12-24;759;18;9;0;15;12694;292;423;1;489
FR;5;2021-12-25;61;5;1;0;2;12755;297;424;1;491
FR;5;2021-12-26;623;6;3;0;4;13378;303;427;1;495
FR;5;2021-12-27;4080;25;21;0;23;17458;328;448;1;518
FR;5;2021-12-28;5202;23;41;1;43;22660;351;489;2;561
FR;5;2021-12-29;8104;34;65;2;68;30764;385;554;4;629
FR;5;2021-12-30;5172;18;33;0;39;35936;403;587;4;668
FR;5;2021-12-31;1553;8;10;0;11;37489;411;597;4;679
FR;5;2022-01-01;185;2;2;0;3;37674;413;599;4;682
FR;5;2022-01-02;1489;1;1;0;1;39163;414;600;4;683
FR;5;2022-01-03;3059;36;33;0;32;42222;450;633;4;715
FR;5;2022-01-04;3034;39;33;0;42;45256;489;666;4;757
FR;5;2022-01-05;19323;203;97;1;108;64579;692;763;5;865
FR;5;2022-01-06;3742;133;122;0;142;68321;825;885;5;1007
FR;5;2022-01-07;5007;200;48;2;56;73328;1025;933;7;1063
FR;5;2022-01-08;13654;514;45;0;52;86982;1539;978;7;1115
FR;5;2022-01-09;5755;399;15;0;20;92737;1938;993;7;1135
FR;5;2022-01-10;3453;326;25;0;29;96190;2264;1018;7;1164
FR;5;2022-01-11;3668;284;38;0;41;99858;2548;1056;7;1205
FR;5;2022-01-12;22653;3003;90;0;113;122511;5551;1146;7;1318
FR;5;2022-01-13;4035;622;30;0;32;126546;6173;1176;7;1350
FR;5;2022-01-14;4843;581;44;0;51;131389;6754;1220;7;1401
FR;5;2022-01-15;14681;1746;38;3;49;146070;8500;1258;10;1450
FR;5;2022-01-16;4727;666;3;0;5;150797;9166;1261;10;1455
FR;5;2022-01-17;2293;715;26;0;29;153090;9881;1287;10;1484
FR;5;2022-01-18;2430;870;30;0;40;155520;10751;1317;10;1524
FR;5;2022-01-19;18481;6422;74;2;142;174001;17173;1391;12;1666
FR;5;2022-01-20;1920;1067;25;0;34;175921;18240;1416;12;1700
FR;5;2022-01-21;3076;1371;47;1;59;178997;19611;1463;13;1759
FR;5;2022-01-22;10722;3454;33;1;43;189719;23065;1496;14;1802
FR;5;2022-01-23;2629;1415;5;0;9;192348;24480;1501;14;1811
FR;5;2022-01-24;1159;1340;19;0;23;193507;25820;1520;14;1834
FR;5;2022-01-25;1219;1548;19;2;29;194726;27368;1539;16;1863
FR;5;2022-01-26;10751;12024;50;1;89;205477;39392;1589;17;1952
FR;5;2022-01-27;1291;1693;10;0;17;206768;41085;1599;17;1969
FR;5;2022-01-28;1695;3347;16;0;19;208463;44432;1615;17;1988
FR;5;2022-01-29;6237;8040;68;0;96;214700;52472;1683;17;2084
FR;5;2022-01-30;1509;2950;5;0;18;216209;55422;1688;17;2102
FR;5;2022-01-31;588;1773;23;0;24;216797;57195;1711;17;2126
FR;5;2022-02-01;712;1703;10;0;15;217509;58898;1721;17;2141
FR;5;2022-02-02;6957;15654;52;0;94;224466;74552;1773;17;2235
FR;5;2022-02-03;489;1690;14;0;13;224955;76242;1787;17;2248
FR;5;2022-02-04;943;3001;19;0;31;225898;79243;1806;17;2279
FR;5;2022-02-05;3532;8916;23;0;37;229430;88159;1829;17;2316
FR;5;2022-02-06;737;2397;10;0;19;230167;90556;1839;17;2335
FR;5;2022-02-07;883;1595;22;0;24;231050;92151;1861;17;2359
FR;5;2022-02-08;722;1285;18;0;20;231772;93436;1879;17;2379
FR;5;2022-02-09;4535;12876;44;0;76;236307;106312;1923;17;2455
FR;5;2022-02-10;646;1058;14;0;15;236953;107370;1937;17;2470
FR;5;2022-02-11;793;2026;16;0;21;237746;109396;1953;17;2491
FR;5;2022-02-12;2285;6811;33;0;53;240031;116207;1986;17;2544
FR;5;2022-02-13;465;1540;8;0;8;240496;117747;1994;17;2552
FR;5;2022-02-14;678;1288;10;0;13;241174;119035;2004;17;2565
FR;5;2022-02-15;482;885;9;0;14;241656;119920;2013;17;2579
FR;5;2022-02-16;2980;9123;41;1;58;244636;129043;2054;18;2637
FR;5;2022-02-17;435;805;6;0;7;245071;129848;2060;18;2644
FR;5;2022-02-18;650;1407;13;0;17;245721;131255;2073;18;2661
FR;5;2022-02-19;1371;4315;16;0;28;247092;135570;2089;18;2689
FR;5;2022-02-20;247;879;6;0;8;247339;136449;2095;18;2697
FR;5;2022-02-21;221;607;2;0;4;247560;137056;2097;18;2701
FR;5;2022-02-22;259;545;17;0;17;247819;137601;2114;18;2718
FR;5;2022-02-23;1907;6924;22;1;42;249726;144525;2136;19;2760
FR;5;2022-02-24;182;374;5;1;6;249908;144899;2141;20;2766
FR;5;2022-02-25;336;949;13;0;12;250244;145848;2154;20;2778
FR;5;2022-02-26;972;3069;10;0;14;251216;148917;2164;20;2792
FR;5;2022-02-27;147;506;0;0;3;251363;149423;2164;20;2795
FR;5;2022-02-28;161;369;1;0;1;251524;149792;2165;20;2796
FR;5;2022-03-01;128;279;6;0;7;251652;150071;2171;20;2803
FR;5;2022-03-02;1240;4150;28;3;40;252892;154221;2199;23;2843
FR;5;2022-03-03;121;250;6;0;9;253013;154471;2205;23;2852
FR;5;2022-03-04;193;488;13;0;14;253206;154959;2218;23;2866
FR;5;2022-03-05;676;1990;8;0;16;253882;156949;2226;23;2882
FR;5;2022-03-06;108;260;0;0;0;253990;157209;2226;23;2882
FR;5;2022-03-07;71;228;5;0;3;254061;157437;2231;23;2885
FR;5;2022-03-08;46;130;7;1;7;254107;157567;2238;24;2892
FR;5;2022-03-09;909;3076;24;0;36;255016;160643;2262;24;2928
FR;5;2022-03-10;82;200;8;0;11;255098;160843;2270;24;2939
FR;5;2022-03-11;147;369;13;1;15;255245;161212;2283;25;2954
FR;5;2022-03-12;758;1613;13;1;30;256003;162825;2296;26;2984
FR;5;2022-03-13;76;100;0;0;0;256079;162925;2296;26;2984
FR;5;2022-03-14;67;118;7;1;7;256146;163043;2303;27;2991
FR;5;2022-03-15;83;99;3;0;6;256229;163142;2306;27;2997
FR;5;2022-03-16;884;1823;15;3;35;257113;164965;2321;30;3032
FR;5;2022-03-17;66;123;8;4;10;257179;165088;2329;34;3042
FR;5;2022-03-18;172;318;13;4;18;257351;165406;2342;38;3060
FR;5;2022-03-19;750;1162;12;5;33;258101;166568;2354;43;3093
FR;5;2022-03-20;45;93;1;0;1;258146;166661;2355;43;3094
FR;5;2022-03-21;71;120;10;6;15;258217;166781;2365;49;3109
FR;5;2022-03-22;56;119;8;8;9;258273;166900;2373;57;3118
FR;5;2022-03-23;803;1461;14;8;36;259076;168361;2387;65;3154
FR;5;2022-03-24;68;93;8;7;7;259144;168454;2395;72;3161
FR;5;2022-03-25;222;290;14;8;18;259366;168744;2409;80;3179
FR;5;2022-03-26;706;853;12;5;26;260072;169597;2421;85;3205
FR;5;2022-03-27;74;78;0;0;3;260146;169675;2421;85;3208
FR;5;2022-03-28;81;91;1;2;3;260227;169766;2422;87;3211
FR;5;2022-03-29;71;82;10;4;12;260298;169848;2432;91;3223
FR;5;2022-03-30;820;1115;16;13;29;261118;170963;2448;104;3252
FR;5;2022-03-31;102;124;1;4;6;261220;171087;2449;108;3258
FR;5;2022-04-01;107;86;7;12;11;261327;171173;2456;120;3269
FR;5;2022-04-02;329;349;3;3;15;261656;171522;2459;123;3284
FR;5;2022-04-03;54;59;1;0;1;261710;171581;2460;123;3285
FR;5;2022-04-04;38;57;4;1;8;261748;171638;2464;124;3293
FR;5;2022-04-05;51;60;6;7;9;261799;171698;2470;131;3302
FR;5;2022-04-06;421;439;7;15;16;262220;172137;2477;146;3318
FR;5;2022-04-07;45;68;5;7;7;262265;172205;2482;153;3325
FR;5;2022-04-08;130;110;12;14;15;262395;172315;2494;167;3340
FR;5;2022-04-09;308;322;2;5;16;262703;172637;2496;172;3356
FR;5;2022-04-10;43;31;2;0;2;262746;172668;2498;172;3358
FR;5;2022-04-11;50;60;3;2;4;262796;172728;2501;174;3362
FR;5;2022-04-12;57;54;3;3;5;262853;172782;2504;177;3367
FR;5;2022-04-13;382;413;3;8;16;263235;173195;2507;185;3383
FR;5;2022-04-14;47;48;5;5;9;263282;173243;2512;190;3392
FR;5;2022-04-15;91;109;3;5;5;263373;173352;2515;195;3397
FR;5;2022-04-16;188;184;2;1;13;263561;173536;2517;196;3410
FR;5;2022-04-17;12;10;1;0;1;263573;173546;2518;196;3411
FR;5;2022-04-18;8;9;2;0;2;263581;173555;2520;196;3413
FR;5;2022-04-19;73;70;6;1;6;263654;173625;2526;197;3419
FR;5;2022-04-20;360;349;9;6;12;264014;173974;2535;203;3431
FR;5;2022-04-21;42;64;9;10;12;264056;174038;2544;213;3443
FR;5;2022-04-22;113;96;5;4;5;264169;174134;2549;217;3448
FR;5;2022-04-23;209;192;3;2;10;264378;174326;2552;219;3458
FR;5;2022-04-24;37;35;0;0;3;264415;174361;2552;219;3461
FR;5;2022-04-25;67;65;1;1;4;264482;174426;2553;220;3465
FR;5;2022-04-26;60;61;2;1;5;264542;174487;2555;221;3470
FR;5;2022-04-27;335;316;2;7;14;264877;174803;2557;228;3484
FR;5;2022-04-28;75;54;4;5;8;264952;174857;2561;233;3492
FR;5;2022-04-29;117;79;5;18;12;265069;174936;2566;251;3504
FR;5;2022-04-30;182;115;2;3;10;265251;175051;2568;254;3514
FR;5;2022-05-01;11;7;0;0;0;265262;175058;2568;254;3514
FR;5;2022-05-02;46;27;4;5;2;265308;175085;2572;259;3516
FR;5;2022-05-03;83;55;2;5;11;265391;175140;2574;264;3527
FR;5;2022-05-04;277;204;1;2;7;265668;175344;2575;266;3534
FR;5;2022-05-05;62;32;2;4;4;265730;175376;2577;270;3538
FR;5;2022-05-06;104;64;2;3;5;265834;175440;2579;273;3543
FR;5;2022-05-07;171;115;3;10;13;266005;175555;2582;283;3556
FR;5;2022-05-08;7;8;0;0;2;266012;175563;2582;283;3558
FR;5;2022-05-09;44;32;15;3;16;266056;175595;2597;286;3574
FR;5;2022-05-10;54;49;3;4;5;266110;175644;2600;290;3579
FR;5;2022-05-11;324;236;12;7;21;266434;175880;2612;297;3600
FR;5;2022-05-12;46;34;1;3;2;266480;175914;2613;300;3602
FR;5;2022-05-13;108;83;2;8;8;266588;175997;2615;308;3610
FR;5;2022-05-14;203;129;0;1;8;266791;176126;2615;309;3618
FR;5;2022-05-15;22;7;2;0;1;266813;176133;2617;309;3619
FR;5;2022-05-16;49;33;2;5;4;266862;176166;2619;314;3623
FR;5;2022-05-17;72;40;5;0;2;266934;176206;2624;314;3625
FR;5;2022-05-18;288;213;4;4;8;267222;176419;2628;318;3633
FR;5;2022-05-19;44;35;4;3;2;267266;176454;2632;321;3635
FR;5;2022-05-20;73;62;2;4;1;267339;176516;2634;325;3636
FR;5;2022-05-21;241;166;2;3;17;267580;176682;2636;328;3653
FR;5;2022-05-22;20;14;2;5;2;267600;176696;2638;333;3655
FR;5;2022-05-23;42;23;4;3;6;267642;176719;2642;336;3661
FR;5;2022-05-24;45;45;3;2;5;267687;176764;2645;338;3666
FR;5;2022-05-25;322;252;4;0;15;268009;177016;2649;338;3681
FR;5;2022-05-26;15;5;0;1;2;268024;177021;2649;339;3683
FR;5;2022-05-27;97;53;3;4;8;268121;177074;2652;343;3691
FR;5;2022-05-28;95;73;5;3;10;268216;177147;2657;346;3701
FR;5;2022-05-29;14;14;1;0;2;268230;177161;2658;346;3703
FR;5;2022-05-30;54;39;2;1;2;268284;177200;2660;347;3705
FR;6;2020-12-27;0;0;0;0;0;0;0;0;0;0
FR;6;2020-12-28;0;0;0;0;0;0;0;0;0;0
FR;6;2020-12-29;0;0;0;0;0;0;0;0;0;0
FR;6;2020-12-30;0;0;0;0;0;0;0;0;0;0
FR;6;2020-12-31;0;0;0;0;0;0;0;0;0;0
FR;6;2021-01-01;0;0;0;0;0;0;0;0;0;0
FR;6;2021-01-02;0;0;0;0;0;0;0;0;0;0
FR;6;2021-01-03;0;0;0;0;0;0;0;0;0;0
FR;6;2021-01-04;0;0;0;0;0;0;0;0;0;0
FR;6;2021-01-05;0;0;0;0;0;0;0;0;0;0
FR;6;2021-01-06;0;0;0;0;0;0;0;0;0;0
FR;6;2021-01-07;0;0;0;0;0;0;0;0;0;0
FR;6;2021-01-08;0;0;0;0;0;0;0;0;0;0
FR;6;2021-01-09;0;0;0;0;0;0;0;0;0;0
FR;6;2021-01-10;0;0;0;0;0;0;0;0;0;0
FR;6;2021-01-11;0;0;0;0;0;0;0;0;0;0
FR;6;2021-01-12;0;0;0;0;0;0;0;0;0;0
FR;6;2021-01-13;0;0;0;0;0;0;0;0;0;0
FR;6;2021-01-14;0;0;0;0;0;0;0;0;0;0
FR;6;2021-01-15;0;0;0;0;0;0;0;0;0;0
FR;6;2021-01-16;0;0;0;0;0;0;0;0;0;0
FR;6;2021-01-17;0;0;0;0;0;0;0;0;0;0
FR;6;2021-01-18;0;0;0;0;0;0;0;0;0;0
FR;6;2021-01-19;0;0;0;0;0;0;0;0;0;0
FR;6;2021-01-20;0;0;0;0;0;0;0;0;0;0
FR;6;2021-01-21;0;0;0;0;0;0;0;0;0;0
FR;6;2021-01-22;0;0;0;0;0;0;0;0;0;0
FR;6;2021-01-23;0;0;0;0;0;0;0;0;0;0
FR;6;2021-01-24;0;0;0;0;0;0;0;0;0;0
FR;6;2021-01-25;0;0;0;0;0;0;0;0;0;0
FR;6;2021-01-26;0;0;0;0;0;0;0;0;0;0
FR;6;2021-01-27;0;0;0;0;0;0;0;0;0;0
FR;6;2021-01-28;0;0;0;0;0;0;0;0;0;0
FR;6;2021-01-29;0;0;0;0;0;0;0;0;0;0
FR;6;2021-01-30;0;0;0;0;0;0;0;0;0;0
FR;6;2021-01-31;0;0;0;0;0;0;0;0;0;0
FR;6;2021-02-01;0;0;0;0;0;0;0;0;0;0
FR;6;2021-02-02;0;0;0;0;0;0;0;0;0;0
FR;6;2021-02-03;0;0;0;0;0;0;0;0;0;0
FR;6;2021-02-04;0;0;0;0;0;0;0;0;0;0
FR;6;2021-02-05;0;0;0;0;0;0;0;0;0;0
FR;6;2021-02-06;0;0;0;0;0;0;0;0;0;0
FR;6;2021-02-07;0;0;0;0;0;0;0;0;0;0
FR;6;2021-02-08;0;0;0;0;0;0;0;0;0;0
FR;6;2021-02-09;0;0;0;0;0;0;0;0;0;0
FR;6;2021-02-10;0;0;0;0;0;0;0;0;0;0
FR;6;2021-02-11;0;0;0;0;0;0;0;0;0;0
FR;6;2021-02-12;0;0;0;0;0;0;0;0;0;0
FR;6;2021-02-13;0;0;0;0;0;0;0;0;0;0
FR;6;2021-02-14;0;0;0;0;0;0;0;0;0;0
FR;6;2021-02-15;0;0;0;0;0;0;0;0;0;0
FR;6;2021-02-16;0;0;0;0;0;0;0;0;0;0
FR;6;2021-02-17;0;0;0;0;0;0;0;0;0;0
FR;6;2021-02-18;0;0;0;0;0;0;0;0;0;0
FR;6;2021-02-19;0;0;0;0;0;0;0;0;0;0
FR;6;2021-02-20;0;0;0;0;0;0;0;0;0;0
FR;6;2021-02-21;0;0;0;0;0;0;0;0;0;0
FR;6;2021-02-22;0;0;0;0;0;0;0;0;0;0
FR;6;2021-02-23;0;0;0;0;0;0;0;0;0;0
FR;6;2021-02-24;0;0;0;0;0;0;0;0;0;0
FR;6;2021-02-25;0;0;0;0;0;0;0;0;0;0
FR;6;2021-02-26;0;0;0;0;0;0;0;0;0;0
FR;6;2021-02-27;0;0;0;0;0;0;0;0;0;0
FR;6;2021-02-28;0;0;0;0;0;0;0;0;0;0
FR;6;2021-03-01;0;0;0;0;0;0;0;0;0;0
FR;6;2021-03-02;0;0;0;0;0;0;0;0;0;0
FR;6;2021-03-03;0;0;0;0;0;0;0;0;0;0
FR;6;2021-03-04;0;0;0;0;0;0;0;0;0;0
FR;6;2021-03-05;0;0;0;0;0;0;0;0;0;0
FR;6;2021-03-06;0;0;0;0;0;0;0;0;0;0
FR;6;2021-03-07;0;0;0;0;0;0;0;0;0;0
FR;6;2021-03-08;0;0;0;0;0;0;0;0;0;0
FR;6;2021-03-09;0;0;0;0;0;0;0;0;0;0
FR;6;2021-03-10;0;0;0;0;0;0;0;0;0;0
FR;6;2021-03-11;0;0;0;0;0;0;0;0;0;0
FR;6;2021-03-12;0;0;0;0;0;0;0;0;0;0
FR;6;2021-03-13;0;0;0;0;0;0;0;0;0;0
FR;6;2021-03-14;0;0;0;0;0;0;0;0;0;0
FR;6;2021-03-15;0;0;0;0;0;0;0;0;0;0
FR;6;2021-03-16;0;0;0;0;0;0;0;0;0;0
FR;6;2021-03-17;0;0;0;0;0;0;0;0;0;0
FR;6;2021-03-18;0;0;0;0;0;0;0;0;0;0
FR;6;2021-03-19;0;0;0;0;0;0;0;0;0;0
FR;6;2021-03-20;0;0;0;0;0;0;0;0;0;0
FR;6;2021-03-21;0;0;0;0;0;0;0;0;0;0
FR;6;2021-03-22;0;0;0;0;0;0;0;0;0;0
FR;6;2021-03-23;0;0;0;0;0;0;0;0;0;0
FR;6;2021-03-24;0;0;0;0;0;0;0;0;0;0
FR;6;2021-03-25;0;0;0;0;0;0;0;0;0;0
FR;6;2021-03-26;0;0;0;0;0;0;0;0;0;0
FR;6;2021-03-27;0;0;0;0;0;0;0;0;0;0
FR;6;2021-03-28;0;0;0;0;0;0;0;0;0;0
FR;6;2021-03-29;0;0;0;0;0;0;0;0;0;0
FR;6;2021-03-30;0;0;0;0;0;0;0;0;0;0
FR;6;2021-03-31;0;0;0;0;0;0;0;0;0;0
FR;6;2021-04-01;0;0;0;0;0;0;0;0;0;0
FR;6;2021-04-02;0;0;0;0;0;0;0;0;0;0
FR;6;2021-04-03;0;0;0;0;0;0;0;0;0;0
FR;6;2021-04-04;0;0;0;0;0;0;0;0;0;0
FR;6;2021-04-05;0;0;0;0;0;0;0;0;0;0
FR;6;2021-04-06;0;0;0;0;0;0;0;0;0;0
FR;6;2021-04-07;0;0;0;0;0;0;0;0;0;0
FR;6;2021-04-08;0;0;0;0;0;0;0;0;0;0
FR;6;2021-04-09;0;0;0;0;0;0;0;0;0;0
FR;6;2021-04-10;0;0;0;0;0;0;0;0;0;0
FR;6;2021-04-11;0;0;0;0;0;0;0;0;0;0
FR;6;2021-04-12;0;0;0;0;0;0;0;0;0;0
FR;6;2021-04-13;0;0;0;0;0;0;0;0;0;0
FR;6;2021-04-14;0;0;0;0;0;0;0;0;0;0
FR;6;2021-04-15;0;0;0;0;0;0;0;0;0;0
FR;6;2021-04-16;0;0;0;0;0;0;0;0;0;0
FR;6;2021-04-17;0;0;0;0;0;0;0;0;0;0
FR;6;2021-04-18;0;0;0;0;0;0;0;0;0;0
FR;6;2021-04-19;0;0;0;0;0;0;0;0;0;0
FR;6;2021-04-20;0;0;0;0;0;0;0;0;0;0
FR;6;2021-04-21;0;0;0;0;0;0;0;0;0;0
FR;6;2021-04-22;0;0;0;0;0;0;0;0;0;0
FR;6;2021-04-23;0;0;0;0;0;0;0;0;0;0
FR;6;2021-04-24;0;0;0;0;0;0;0;0;0;0
FR;6;2021-04-25;0;0;0;0;0;0;0;0;0;0
FR;6;2021-04-26;0;0;0;0;0;0;0;0;0;0
FR;6;2021-04-27;0;0;0;0;0;0;0;0;0;0
FR;6;2021-04-28;0;0;0;0;0;0;0;0;0;0
FR;6;2021-04-29;0;0;0;0;0;0;0;0;0;0
FR;6;2021-04-30;0;0;0;0;0;0;0;0;0;0
FR;6;2021-05-01;0;0;0;0;0;0;0;0;0;0
FR;6;2021-05-02;0;0;0;0;0;0;0;0;0;0
FR;6;2021-05-03;0;0;0;0;0;0;0;0;0;0
FR;6;2021-05-04;0;0;0;0;0;0;0;0;0;0
FR;6;2021-05-05;0;0;0;0;0;0;0;0;0;0
FR;6;2021-05-06;0;0;0;0;0;0;0;0;0;0
FR;6;2021-05-07;0;0;0;0;0;0;0;0;0;0
FR;6;2021-05-08;0;0;0;0;0;0;0;0;0;0
FR;6;2021-05-09;0;0;0;0;0;0;0;0;0;0
FR;6;2021-05-10;0;0;0;0;0;0;0;0;0;0
FR;6;2021-05-11;0;0;0;0;0;0;0;0;0;0
FR;6;2021-05-12;0;0;0;0;0;0;0;0;0;0
FR;6;2021-05-13;0;0;0;0;0;0;0;0;0;0
FR;6;2021-05-14;0;0;0;0;0;0;0;0;0;0
FR;6;2021-05-15;0;0;0;0;0;0;0;0;0;0
FR;6;2021-05-16;0;0;0;0;0;0;0;0;0;0
FR;6;2021-05-17;0;0;0;0;0;0;0;0;0;0
FR;6;2021-05-18;0;0;0;0;0;0;0;0;0;0
FR;6;2021-05-19;0;0;0;0;0;0;0;0;0;0
FR;6;2021-05-20;0;0;0;0;0;0;0;0;0;0
FR;6;2021-05-21;0;0;0;0;0;0;0;0;0;0
FR;6;2021-05-22;0;0;0;0;0;0;0;0;0;0
FR;6;2021-05-23;0;0;0;0;0;0;0;0;0;0
FR;6;2021-05-24;0;0;0;0;0;0;0;0;0;0
FR;6;2021-05-25;0;0;0;0;0;0;0;0;0;0
FR;6;2021-05-26;0;0;0;0;0;0;0;0;0;0
FR;6;2021-05-27;0;0;0;0;0;0;0;0;0;0
FR;6;2021-05-28;0;0;0;0;0;0;0;0;0;0
FR;6;2021-05-29;0;0;0;0;0;0;0;0;0;0
FR;6;2021-05-30;0;0;0;0;0;0;0;0;0;0
FR;6;2021-05-31;0;0;0;0;0;0;0;0;0;0
FR;6;2021-06-01;0;0;0;0;0;0;0;0;0;0
FR;6;2021-06-02;0;0;0;0;0;0;0;0;0;0
FR;6;2021-06-03;0;0;0;0;0;0;0;0;0;0
FR;6;2021-06-04;0;0;0;0;0;0;0;0;0;0
FR;6;2021-06-05;0;0;0;0;0;0;0;0;0;0
FR;6;2021-06-06;0;0;0;0;0;0;0;0;0;0
FR;6;2021-06-07;0;0;0;0;0;0;0;0;0;0
FR;6;2021-06-08;0;0;0;0;0;0;0;0;0;0
FR;6;2021-06-09;0;0;0;0;0;0;0;0;0;0
FR;6;2021-06-10;0;0;0;0;0;0;0;0;0;0
FR;6;2021-06-11;0;0;0;0;0;0;0;0;0;0
FR;6;2021-06-12;0;0;0;0;0;0;0;0;0;0
FR;6;2021-06-13;0;0;0;0;0;0;0;0;0;0
FR;6;2021-06-14;0;0;0;0;0;0;0;0;0;0
FR;6;2021-06-15;0;0;0;0;0;0;0;0;0;0
FR;6;2021-06-16;0;0;0;0;0;0;0;0;0;0
FR;6;2021-06-17;0;0;0;0;0;0;0;0;0;0
FR;6;2021-06-18;0;0;0;0;0;0;0;0;0;0
FR;6;2021-06-19;0;0;0;0;0;0;0;0;0;0
FR;6;2021-06-20;0;0;0;0;0;0;0;0;0;0
FR;6;2021-06-21;0;0;0;0;0;0;0;0;0;0
FR;6;2021-06-22;0;0;0;0;0;0;0;0;0;0
FR;6;2021-06-23;0;0;0;0;0;0;0;0;0;0
FR;6;2021-06-24;0;0;0;0;0;0;0;0;0;0
FR;6;2021-06-25;0;0;0;0;0;0;0;0;0;0
FR;6;2021-06-26;0;0;0;0;0;0;0;0;0;0
FR;6;2021-06-27;0;0;0;0;0;0;0;0;0;0
FR;6;2021-06-28;0;0;0;0;0;0;0;0;0;0
FR;6;2021-06-29;0;0;0;0;0;0;0;0;0;0
FR;6;2021-06-30;0;0;0;0;0;0;0;0;0;0
FR;6;2021-07-01;0;0;0;0;0;0;0;0;0;0
FR;6;2021-07-02;0;0;0;0;0;0;0;0;0;0
FR;6;2021-07-03;0;0;0;0;0;0;0;0;0;0
FR;6;2021-07-04;0;0;0;0;0;0;0;0;0;0
FR;6;2021-07-05;0;0;0;0;0;0;0;0;0;0
FR;6;2021-07-06;0;0;0;0;0;0;0;0;0;0
FR;6;2021-07-07;0;0;0;0;0;0;0;0;0;0
FR;6;2021-07-08;0;0;0;0;0;0;0;0;0;0
FR;6;2021-07-09;0;0;0;0;0;0;0;0;0;0
FR;6;2021-07-10;0;0;0;0;0;0;0;0;0;0
FR;6;2021-07-11;0;0;0;0;0;0;0;0;0;0
FR;6;2021-07-12;0;0;0;0;0;0;0;0;0;0
FR;6;2021-07-13;0;0;0;0;0;0;0;0;0;0
FR;6;2021-07-14;0;0;0;0;0;0;0;0;0;0
FR;6;2021-07-15;0;0;0;0;0;0;0;0;0;0
FR;6;2021-07-16;0;0;0;0;0;0;0;0;0;0
FR;6;2021-07-17;0;0;0;0;0;0;0;0;0;0
FR;6;2021-07-18;0;0;0;0;0;0;0;0;0;0
FR;6;2021-07-19;0;0;0;0;0;0;0;0;0;0
FR;6;2021-07-20;0;0;0;0;0;0;0;0;0;0
FR;6;2021-07-21;0;0;0;0;0;0;0;0;0;0
FR;6;2021-07-22;0;0;0;0;0;0;0;0;0;0
FR;6;2021-07-23;0;0;0;0;0;0;0;0;0;0
FR;6;2021-07-24;0;0;0;0;0;0;0;0;0;0
FR;6;2021-07-25;0;0;0;0;0;0;0;0;0;0
FR;6;2021-07-26;0;0;0;0;0;0;0;0;0;0
FR;6;2021-07-27;0;0;0;0;0;0;0;0;0;0
FR;6;2021-07-28;0;0;0;0;0;0;0;0;0;0
FR;6;2021-07-29;0;0;0;0;0;0;0;0;0;0
FR;6;2021-07-30;0;0;0;0;0;0;0;0;0;0
FR;6;2021-07-31;0;0;0;0;0;0;0;0;0;0
FR;6;2021-08-01;0;0;0;0;0;0;0;0;0;0
FR;6;2021-08-02;0;0;0;0;0;0;0;0;0;0
FR;6;2021-08-03;0;0;0;0;0;0;0;0;0;0
FR;6;2021-08-04;0;0;0;0;0;0;0;0;0;0
FR;6;2021-08-05;0;0;0;0;0;0;0;0;0;0
FR;6;2021-08-06;0;0;0;0;0;0;0;0;0;0
FR;6;2021-08-07;0;0;0;0;0;0;0;0;0;0
FR;6;2021-08-08;0;0;0;0;0;0;0;0;0;0
FR;6;2021-08-09;0;0;0;0;0;0;0;0;0;0
FR;6;2021-08-10;0;0;0;0;0;0;0;0;0;0
FR;6;2021-08-11;0;0;0;0;0;0;0;0;0;0
FR;6;2021-08-12;0;0;0;0;0;0;0;0;0;0
FR;6;2021-08-13;0;0;0;0;0;0;0;0;0;0
FR;6;2021-08-14;0;0;0;0;0;0;0;0;0;0
FR;6;2021-08-15;0;0;0;0;0;0;0;0;0;0
FR;6;2021-08-16;0;0;0;0;0;0;0;0;0;0
FR;6;2021-08-17;0;0;0;0;0;0;0;0;0;0
FR;6;2021-08-18;0;0;0;0;0;0;0;0;0;0
FR;6;2021-08-19;0;0;0;0;0;0;0;0;0;0
FR;6;2021-08-20;0;0;0;0;0;0;0;0;0;0
FR;6;2021-08-21;0;0;0;0;0;0;0;0;0;0
FR;6;2021-08-22;0;0;0;0;0;0;0;0;0;0
FR;6;2021-08-23;0;0;0;0;0;0;0;0;0;0
FR;6;2021-08-24;0;0;0;0;0;0;0;0;0;0
FR;6;2021-08-25;0;0;0;0;0;0;0;0;0;0
FR;6;2021-08-26;0;0;0;0;0;0;0;0;0;0
FR;6;2021-08-27;0;0;0;0;0;0;0;0;0;0
FR;6;2021-08-28;0;0;0;0;0;0;0;0;0;0
FR;6;2021-08-29;0;0;0;0;0;0;0;0;0;0
FR;6;2021-08-30;0;0;0;0;0;0;0;0;0;0
FR;6;2021-08-31;0;0;0;0;0;0;0;0;0;0
FR;6;2021-09-01;0;0;0;0;0;0;0;0;0;0
FR;6;2021-09-02;0;0;0;0;0;0;0;0;0;0
FR;6;2021-09-03;0;0;0;0;0;0;0;0;0;0
FR;6;2021-09-04;0;0;0;0;0;0;0;0;0;0
FR;6;2021-09-05;0;0;0;0;0;0;0;0;0;0
FR;6;2021-09-06;0;0;0;0;0;0;0;0;0;0
FR;6;2021-09-07;0;0;0;0;0;0;0;0;0;0
FR;6;2021-09-08;0;0;0;0;0;0;0;0;0;0
FR;6;2021-09-09;0;0;0;0;0;0;0;0;0;0
FR;6;2021-09-10;0;0;0;0;0;0;0;0;0;0
FR;6;2021-09-11;0;0;0;0;0;0;0;0;0;0
FR;6;2021-09-12;0;0;0;0;0;0;0;0;0;0
FR;6;2021-09-13;0;0;0;0;0;0;0;0;0;0
FR;6;2021-09-14;0;0;0;0;0;0;0;0;0;0
FR;6;2021-09-15;0;0;0;0;0;0;0;0;0;0
FR;6;2021-09-16;0;0;0;0;0;0;0;0;0;0
FR;6;2021-09-17;0;0;0;0;0;0;0;0;0;0
FR;6;2021-09-18;0;0;0;0;0;0;0;0;0;0
FR;6;2021-09-19;0;0;0;0;0;0;0;0;0;0
FR;6;2021-09-20;0;0;0;0;0;0;0;0;0;0
FR;6;2021-09-21;0;0;0;0;0;0;0;0;0;0
FR;6;2021-09-22;0;0;0;0;0;0;0;0;0;0
FR;6;2021-09-23;0;0;0;0;0;0;0;0;0;0
FR;6;2021-09-24;0;0;0;0;0;0;0;0;0;0
FR;6;2021-09-25;0;0;0;0;0;0;0;0;0;0
FR;6;2021-09-26;0;0;0;0;0;0;0;0;0;0
FR;6;2021-09-27;0;0;0;0;0;0;0;0;0;0
FR;6;2021-09-28;0;0;0;0;0;0;0;0;0;0
FR;6;2021-09-29;0;0;0;0;0;0;0;0;0;0
FR;6;2021-09-30;0;0;0;0;0;0;0;0;0;0
FR;6;2021-10-01;0;0;0;0;0;0;0;0;0;0
FR;6;2021-10-02;0;0;0;0;0;0;0;0;0;0
FR;6;2021-10-03;0;0;0;0;0;0;0;0;0;0
FR;6;2021-10-04;0;0;0;0;0;0;0;0;0;0
FR;6;2021-10-05;0;0;0;0;0;0;0;0;0;0
FR;6;2021-10-06;0;0;0;0;0;0;0;0;0;0
FR;6;2021-10-07;0;0;0;0;0;0;0;0;0;0
FR;6;2021-10-08;0;0;0;0;0;0;0;0;0;0
FR;6;2021-10-09;0;0;0;0;0;0;0;0;0;0
FR;6;2021-10-10;0;0;0;0;0;0;0;0;0;0
FR;6;2021-10-11;0;0;0;0;0;0;0;0;0;0
FR;6;2021-10-12;0;0;0;0;0;0;0;0;0;0
FR;6;2021-10-13;0;0;0;0;0;0;0;0;0;0
FR;6;2021-10-14;0;0;0;0;0;0;0;0;0;0
FR;6;2021-10-15;0;0;0;0;0;0;0;0;0;0
FR;6;2021-10-16;0;0;0;0;0;0;0;0;0;0
FR;6;2021-10-17;0;0;0;0;0;0;0;0;0;0
FR;6;2021-10-18;0;0;0;0;0;0;0;0;0;0
FR;6;2021-10-19;0;0;0;0;0;0;0;0;0;0
FR;6;2021-10-20;0;0;0;0;0;0;0;0;0;0
FR;6;2021-10-21;0;0;0;0;0;0;0;0;0;0
FR;6;2021-10-22;0;0;0;0;0;0;0;0;0;0
FR;6;2021-10-23;0;0;0;0;0;0;0;0;0;0
FR;6;2021-10-24;0;0;0;0;0;0;0;0;0;0
FR;6;2021-10-25;0;0;0;0;0;0;0;0;0;0
FR;6;2021-10-26;0;0;0;0;0;0;0;0;0;0
FR;6;2021-10-27;0;0;0;0;0;0;0;0;0;0
FR;6;2021-10-28;0;0;0;0;0;0;0;0;0;0
FR;6;2021-10-29;0;0;0;0;0;0;0;0;0;0
FR;6;2021-10-30;0;0;0;0;0;0;0;0;0;0
FR;6;2021-10-31;0;0;0;0;0;0;0;0;0;0
FR;6;2021-11-01;0;0;0;0;0;0;0;0;0;0
FR;6;2021-11-02;0;0;0;0;0;0;0;0;0;0
FR;6;2021-11-03;0;0;0;0;0;0;0;0;0;0
FR;6;2021-11-04;0;0;0;0;0;0;0;0;0;0
FR;6;2021-11-05;0;0;0;0;0;0;0;0;0;0
FR;6;2021-11-06;0;0;0;0;0;0;0;0;0;0
FR;6;2021-11-07;0;0;0;0;0;0;0;0;0;0
FR;6;2021-11-08;0;0;0;0;0;0;0;0;0;0
FR;6;2021-11-09;0;0;0;0;0;0;0;0;0;0
FR;6;2021-11-10;0;0;0;0;0;0;0;0;0;0
FR;6;2021-11-11;0;0;0;0;0;0;0;0;0;0
FR;6;2021-11-12;0;0;0;0;0;0;0;0;0;0
FR;6;2021-11-13;0;0;0;0;0;0;0;0;0;0
FR;6;2021-11-14;0;0;0;0;0;0;0;0;0;0
FR;6;2021-11-15;0;0;0;0;0;0;0;0;0;0
FR;6;2021-11-16;0;0;0;0;0;0;0;0;0;0
FR;6;2021-11-17;0;0;0;0;0;0;0;0;0;0
FR;6;2021-11-18;0;0;0;0;0;0;0;0;0;0
FR;6;2021-11-19;0;0;0;0;0;0;0;0;0;0
FR;6;2021-11-20;0;0;0;0;0;0;0;0;0;0
FR;6;2021-11-21;0;0;0;0;0;0;0;0;0;0
FR;6;2021-11-22;0;0;0;0;0;0;0;0;0;0
FR;6;2021-11-23;0;0;0;0;0;0;0;0;0;0
FR;6;2021-11-24;0;0;0;0;0;0;0;0;0;0
FR;6;2021-11-25;0;0;0;0;0;0;0;0;0;0
FR;6;2021-11-26;0;0;0;0;0;0;0;0;0;0
FR;6;2021-11-27;0;0;0;0;0;0;0;0;0;0
FR;6;2021-11-28;0;0;0;0;0;0;0;0;0;0
FR;6;2021-11-29;0;0;0;0;0;0;0;0;0;0
FR;6;2021-11-30;0;0;0;0;0;0;0;0;0;0
FR;6;2021-12-01;0;0;0;0;0;0;0;0;0;0
FR;6;2021-12-02;0;0;0;0;0;0;0;0;0;0
FR;6;2021-12-03;0;0;0;0;0;0;0;0;0;0
FR;6;2021-12-04;0;0;0;0;0;0;0;0;0;0
FR;6;2021-12-05;0;0;0;0;0;0;0;0;0;0
FR;6;2021-12-06;0;0;0;0;0;0;0;0;0;0
FR;6;2021-12-07;0;0;0;0;0;0;0;0;0;0
FR;6;2021-12-08;0;0;0;0;0;0;0;0;0;0
FR;6;2021-12-09;0;0;0;0;0;0;0;0;0;0
FR;6;2021-12-10;0;0;0;0;0;0;0;0;0;0
FR;6;2021-12-11;0;0;0;0;0;0;0;0;0;0
FR;6;2021-12-12;0;0;0;0;0;0;0;0;0;0
FR;6;2021-12-13;0;0;0;0;0;0;0;0;0;0
FR;6;2021-12-14;0;0;0;0;0;0;0;0;0;0
FR;6;2021-12-15;0;0;0;0;0;0;0;0;0;0
FR;6;2021-12-16;0;0;0;0;0;0;0;0;0;0
FR;6;2021-12-17;0;0;0;0;0;0;0;0;0;0
FR;6;2021-12-18;0;0;0;0;0;0;0;0;0;0
FR;6;2021-12-19;0;0;0;0;0;0;0;0;0;0
FR;6;2021-12-20;0;0;0;0;0;0;0;0;0;0
FR;6;2021-12-21;0;0;0;0;0;0;0;0;0;0
FR;6;2021-12-22;0;0;0;0;0;0;0;0;0;0
FR;6;2021-12-23;0;0;0;0;0;0;0;0;0;0
FR;6;2021-12-24;0;0;0;0;0;0;0;0;0;0
FR;6;2021-12-25;0;0;0;0;0;0;0;0;0;0
FR;6;2021-12-26;0;0;0;0;0;0;0;0;0;0
FR;6;2021-12-27;0;0;0;0;0;0;0;0;0;0
FR;6;2021-12-28;0;0;0;0;0;0;0;0;0;0
FR;6;2021-12-29;0;0;0;0;0;0;0;0;0;0
FR;6;2021-12-30;0;0;0;0;0;0;0;0;0;0
FR;6;2021-12-31;0;0;0;0;0;0;0;0;0;0
FR;6;2022-01-01;0;0;0;0;0;0;0;0;0;0
FR;6;2022-01-02;0;0;0;0;0;0;0;0;0;0
FR;6;2022-01-03;0;0;0;0;0;0;0;0;0;0
FR;6;2022-01-04;0;0;0;0;0;0;0;0;0;0
FR;6;2022-01-05;0;0;0;0;0;0;0;0;0;0
FR;6;2022-01-06;0;0;0;0;0;0;0;0;0;0
FR;6;2022-01-07;0;0;0;0;0;0;0;0;0;0
FR;6;2022-01-08;0;0;0;0;0;0;0;0;0;0
FR;6;2022-01-09;0;0;0;0;0;0;0;0;0;0
FR;6;2022-01-10;0;0;0;0;0;0;0;0;0;0
FR;6;2022-01-11;0;0;0;0;0;0;0;0;0;0
FR;6;2022-01-12;0;0;0;0;0;0;0;0;0;0
FR;6;2022-01-13;0;0;0;0;0;0;0;0;0;0
FR;6;2022-01-14;0;0;0;0;0;0;0;0;0;0
FR;6;2022-01-15;0;0;0;0;0;0;0;0;0;0
FR;6;2022-01-16;0;0;0;0;0;0;0;0;0;0
FR;6;2022-01-17;0;0;0;0;0;0;0;0;0;0
FR;6;2022-01-18;0;0;0;0;0;0;0;0;0;0
FR;6;2022-01-19;0;0;0;0;0;0;0;0;0;0
FR;6;2022-01-20;0;0;0;0;0;0;0;0;0;0
FR;6;2022-01-21;0;0;0;0;0;0;0;0;0;0
FR;6;2022-01-22;0;0;0;0;0;0;0;0;0;0
FR;6;2022-01-23;0;0;0;0;0;0;0;0;0;0
FR;6;2022-01-24;0;0;0;0;0;0;0;0;0;0
FR;6;2022-01-25;0;0;0;0;0;0;0;0;0;0
FR;6;2022-01-26;0;0;0;0;0;0;0;0;0;0
FR;6;2022-01-27;0;0;0;0;0;0;0;0;0;0
FR;6;2022-01-28;0;0;0;0;0;0;0;0;0;0
FR;6;2022-01-29;0;0;0;0;0;0;0;0;0;0
FR;6;2022-01-30;0;0;0;0;0;0;0;0;0;0
FR;6;2022-01-31;0;0;0;0;0;0;0;0;0;0
FR;6;2022-02-01;0;0;0;0;0;0;0;0;0;0
FR;6;2022-02-02;0;0;0;0;0;0;0;0;0;0
FR;6;2022-02-03;0;0;0;0;0;0;0;0;0;0
FR;6;2022-02-04;0;0;0;0;0;0;0;0;0;0
FR;6;2022-02-05;0;0;0;0;0;0;0;0;0;0
FR;6;2022-02-06;0;0;0;0;0;0;0;0;0;0
FR;6;2022-02-07;0;0;0;0;0;0;0;0;0;0
FR;6;2022-02-08;0;0;0;0;0;0;0;0;0;0
FR;6;2022-02-09;0;0;0;0;0;0;0;0;0;0
FR;6;2022-02-10;0;0;0;0;0;0;0;0;0;0
FR;6;2022-02-11;0;0;0;0;0;0;0;0;0;0
FR;6;2022-02-12;0;0;0;0;0;0;0;0;0;0
FR;6;2022-02-13;0;0;0;0;0;0;0;0;0;0
FR;6;2022-02-14;0;0;0;0;0;0;0;0;0;0
FR;6;2022-02-15;0;0;0;0;0;0;0;0;0;0
FR;6;2022-02-16;0;0;0;0;0;0;0;0;0;0
FR;6;2022-02-17;0;0;0;0;0;0;0;0;0;0
FR;6;2022-02-18;0;0;0;0;0;0;0;0;0;0
FR;6;2022-02-19;0;0;0;0;0;0;0;0;0;0
FR;6;2022-02-20;0;0;0;0;0;0;0;0;0;0
FR;6;2022-02-21;0;0;0;0;0;0;0;0;0;0
FR;6;2022-02-22;0;0;0;0;0;0;0;0;0;0
FR;6;2022-02-23;0;0;0;0;0;0;0;0;0;0
FR;6;2022-02-24;0;0;0;0;0;0;0;0;0;0
FR;6;2022-02-25;0;0;0;0;0;0;0;0;0;0
FR;6;2022-02-26;1;0;0;0;0;1;0;0;0;0
FR;6;2022-02-27;0;0;0;0;0;1;0;0;0;0
FR;6;2022-02-28;0;0;0;0;0;1;0;0;0;0
FR;6;2022-03-01;3;0;0;0;0;4;0;0;0;0
FR;6;2022-03-02;97;9;2;0;7;101;9;2;0;7
FR;6;2022-03-03;0;0;0;0;0;101;9;2;0;7
FR;6;2022-03-04;91;4;0;0;4;192;13;2;0;11
FR;6;2022-03-05;391;23;2;0;14;583;36;4;0;25
FR;6;2022-03-06;7;1;0;0;0;590;37;4;0;25
FR;6;2022-03-07;337;19;0;0;13;927;56;4;0;38
FR;6;2022-03-08;230;14;0;0;5;1157;70;4;0;43
FR;6;2022-03-09;519;29;2;0;21;1676;99;6;0;64
FR;6;2022-03-10;207;18;0;1;12;1883;117;6;1;76
FR;6;2022-03-11;328;21;6;0;21;2211;138;12;1;97
FR;6;2022-03-12;518;25;1;0;20;2729;163;13;1;117
FR;6;2022-03-13;40;2;0;0;1;2769;165;13;1;118
FR;6;2022-03-14;201;4;2;0;3;2970;169;15;1;121
FR;6;2022-03-15;112;11;2;0;9;3082;180;17;1;130
FR;6;2022-03-16;310;17;1;1;14;3392;197;18;2;144
FR;6;2022-03-17;117;6;1;2;4;3509;203;19;4;148
FR;6;2022-03-18;214;11;0;0;6;3723;214;19;4;154
FR;6;2022-03-19;307;19;2;0;9;4030;233;21;4;163
FR;6;2022-03-20;15;5;0;0;1;4045;238;21;4;164
FR;6;2022-03-21;132;23;1;0;4;4177;261;22;4;168
FR;6;2022-03-22;97;15;0;0;4;4274;276;22;4;172
FR;6;2022-03-23;226;108;3;0;14;4500;384;25;4;186
FR;6;2022-03-24;100;15;1;3;4;4600;399;26;7;190
FR;6;2022-03-25;203;141;2;1;15;4803;540;28;8;205
FR;6;2022-03-26;332;295;7;1;19;5135;835;35;9;224
FR;6;2022-03-27;32;30;1;0;1;5167;865;36;9;225
FR;6;2022-03-28;200;208;8;1;17;5367;1073;44;10;242
FR;6;2022-03-29;126;189;12;2;12;5493;1262;56;12;254
FR;6;2022-03-30;305;476;10;2;22;5798;1738;66;14;276
FR;6;2022-03-31;124;140;9;0;13;5922;1878;75;14;289
FR;6;2022-04-01;195;150;11;2;23;6117;2028;86;16;312
FR;6;2022-04-02;205;241;9;1;13;6322;2269;95;17;325
FR;6;2022-04-03;17;21;0;0;1;6339;2290;95;17;326
FR;6;2022-04-04;132;114;6;1;9;6471;2404;101;18;335
FR;6;2022-04-05;145;88;15;1;11;6616;2492;116;19;346
FR;6;2022-04-06;203;245;22;26;27;6819;2737;138;45;373
FR;6;2022-04-07;127;96;15;5;17;6946;2833;153;50;390
FR;6;2022-04-08;199;170;16;3;17;7145;3003;169;53;407
FR;6;2022-04-09;145;139;6;12;13;7290;3142;175;65;420
FR;6;2022-04-10;10;20;3;0;1;7300;3162;178;65;421
FR;6;2022-04-11;101;106;4;0;5;7401;3268;182;65;426
FR;6;2022-04-12;135;75;5;8;10;7536;3343;187;73;436
FR;6;2022-04-13;160;175;7;5;13;7696;3518;194;78;449
FR;6;2022-04-14;100;103;5;10;8;7796;3621;199;88;457
FR;6;2022-04-15;160;148;11;7;19;7956;3769;210;95;476
FR;6;2022-04-16;127;132;5;0;14;8083;3901;215;95;490
FR;6;2022-04-17;8;9;4;0;4;8091;3910;219;95;494
FR;6;2022-04-18;8;15;3;0;4;8099;3925;222;95;498
FR;6;2022-04-19;97;112;4;3;3;8196;4037;226;98;501
FR;6;2022-04-20;173;227;8;7;15;8369;4264;234;105;516
FR;6;2022-04-21;111;93;8;4;11;8480;4357;242;109;527
FR;6;2022-04-22;136;160;13;12;13;8616;4517;255;121;540
FR;6;2022-04-23;104;129;1;1;7;8720;4646;256;122;547
FR;6;2022-04-24;5;21;1;0;0;8725;4667;257;122;547
FR;6;2022-04-25;90;128;3;8;11;8815;4795;260;130;558
FR;6;2022-04-26;101;128;18;2;16;8916;4923;278;132;574
FR;6;2022-04-27;197;159;21;1;27;9113;5082;299;133;601
FR;6;2022-04-28;109;87;7;1;8;9222;5169;306;134;609
FR;6;2022-04-29;189;168;16;2;20;9411;5337;322;136;629
FR;6;2022-04-30;131;125;7;1;24;9542;5462;329;137;653
FR;6;2022-05-01;7;6;0;0;0;9549;5468;329;137;653
FR;6;2022-05-02;94;65;3;4;3;9643;5533;332;141;656
FR;6;2022-05-03;136;92;11;2;7;9779;5625;343;143;663
FR;6;2022-05-04;165;118;25;12;29;9944;5743;368;155;692
FR;6;2022-05-05;101;70;8;3;12;10045;5813;376;158;704
FR;6;2022-05-06;151;110;10;9;16;10196;5923;386;167;720
FR;6;2022-05-07;138;93;13;3;23;10334;6016;399;170;743
FR;6;2022-05-08;20;8;6;5;7;10354;6024;405;175;750
FR;6;2022-05-09;83;73;9;7;13;10437;6097;414;182;763
FR;6;2022-05-10;111;80;15;7;12;10548;6177;429;189;775
FR;6;2022-05-11;129;120;11;14;20;10677;6297;440;203;795
FR;6;2022-05-12;105;75;6;5;13;10782;6372;446;208;808
FR;6;2022-05-13;154;95;17;21;20;10936;6467;463;229;828
FR;6;2022-05-14;81;59;6;7;15;11017;6526;469;236;843
FR;6;2022-05-15;12;7;0;0;0;11029;6533;469;236;843
FR;6;2022-05-16;64;54;6;2;12;11093;6587;475;238;855
FR;6;2022-05-17;123;76;5;7;11;11216;6663;480;245;866
FR;6;2022-05-18;130;116;5;1;13;11346;6779;485;246;879
FR;6;2022-05-19;124;56;6;8;9;11470;6835;491;254;888
FR;6;2022-05-20;125;113;13;3;18;11595;6948;504;257;906
FR;6;2022-05-21;90;67;14;3;12;11685;7015;518;260;918
FR;6;2022-05-22;19;12;5;0;4;11704;7027;523;260;922
FR;6;2022-05-23;72;72;3;2;6;11776;7099;526;262;928
FR;6;2022-05-24;116;98;8;2;16;11892;7197;534;264;944
FR;6;2022-05-25;139;126;6;3;12;12031;7323;540;267;956
FR;6;2022-05-26;6;4;0;0;2;12037;7327;540;267;958
FR;6;2022-05-27;127;104;15;11;18;12164;7431;555;278;976
FR;6;2022-05-28;50;72;1;5;8;12214;7503;556;283;984
FR;6;2022-05-29;8;10;0;0;1;12222;7513;556;283;985
FR;6;2022-05-30;68;65;7;4;4;12290;7578;563;287;989
FR;0;2020-12-27;602;0;0;0;0;602;0;0;0;0
FR;0;2020-12-28;666;1;0;0;0;1268;1;0;0;0
FR;0;2020-12-29;374;0;0;0;0;1642;1;0;0;0
FR;0;2020-12-30;439;0;0;0;0;2081;1;0;0;0
FR;0;2020-12-31;426;0;0;0;0;2507;1;0;0;0
FR;0;2021-01-01;1136;2;0;0;0;3643;3;0;0;0
FR;0;2021-01-02;356;3;0;0;0;3999;6;0;0;0
FR;0;2021-01-03;401;0;0;0;0;4400;6;0;0;0
FR;0;2021-01-04;2088;2;0;0;0;6488;8;0;0;0
FR;0;2021-01-05;7608;3;0;0;0;14096;11;0;0;0
FR;0;2021-01-06;12419;11;0;0;0;26515;22;0;0;0
FR;0;2021-01-07;29446;9;0;0;0;55961;31;0;0;0
FR;0;2021-01-08;37121;9;0;0;0;93082;40;0;0;0
FR;0;2021-01-09;11209;4;0;0;0;104291;44;0;0;0
FR;0;2021-01-10;5996;3;0;0;0;110287;47;0;0;0
FR;0;2021-01-11;39924;17;0;0;0;150211;64;0;0;0
FR;0;2021-01-12;62123;16;0;0;0;212334;80;0;0;0
FR;0;2021-01-13;65101;28;0;0;0;277435;108;0;0;0
FR;0;2021-01-14;83121;77;0;0;0;360556;185;0;0;0
FR;0;2021-01-15;68991;32;0;0;0;429547;217;0;0;0
FR;0;2021-01-16;20208;70;0;0;0;449755;287;0;0;0
FR;0;2021-01-17;10977;47;0;0;0;460732;334;0;0;0
FR;0;2021-01-18;85880;164;0;0;0;546612;498;0;0;0
FR;0;2021-01-19;130573;173;0;0;0;677185;671;0;0;0
FR;0;2021-01-20;137525;172;0;0;0;814710;843;0;0;0
FR;0;2021-01-21;158375;169;0;0;0;973085;1012;0;0;0
FR;0;2021-01-22;121041;206;0;0;0;1094126;1218;0;0;0
FR;0;2021-01-23;38467;63;0;0;0;1132593;1281;0;0;0
FR;0;2021-01-24;9740;71;0;0;0;1142333;1352;0;0;0
FR;0;2021-01-25;78221;1265;0;0;0;1220554;2617;0;0;0
FR;0;2021-01-26;100362;3286;1;0;0;1320916;5903;1;0;0
FR;0;2021-01-27;107223;5916;0;0;0;1428139;11819;1;0;0
FR;0;2021-01-28;124329;15005;0;0;0;1552468;26824;1;0;0
FR;0;2021-01-29;92170;17727;0;0;0;1644638;44551;1;0;0
FR;0;2021-01-30;29113;4312;0;0;0;1673751;48863;1;0;0
FR;0;2021-01-31;5225;1738;0;0;0;1678976;50601;1;0;0
FR;0;2021-02-01;53107;21528;0;0;0;1732083;72129;1;0;0
FR;0;2021-02-02;72280;35704;0;0;0;1804363;107833;1;0;0
FR;0;2021-02-03;72291;38038;0;0;0;1876654;145871;1;0;0
FR;0;2021-02-04;82049;51434;0;0;0;1958703;197305;1;0;0
FR;0;2021-02-05;68216;46163;0;0;0;2026919;243468;1;0;0
FR;0;2021-02-06;23109;10759;0;0;0;2050028;254227;1;0;0
FR;0;2021-02-07;5182;5320;0;0;0;2055210;259547;1;0;0
FR;0;2021-02-08;46816;46873;0;0;0;2102026;306420;1;0;0
FR;0;2021-02-09;65992;74433;0;0;0;2168018;380853;1;0;0
FR;0;2021-02-10;70985;79347;0;0;0;2239003;460200;1;0;0
FR;0;2021-02-11;87239;101219;0;0;0;2326242;561419;1;0;0
FR;0;2021-02-12;79289;74949;0;0;0;2405531;636368;1;0;0
FR;0;2021-02-13;22353;19471;0;0;0;2427884;655839;1;0;0
FR;0;2021-02-14;5071;7196;0;0;0;2432955;663035;1;0;0
FR;0;2021-02-15;38068;76614;0;0;0;2471023;739649;1;0;0
FR;0;2021-02-16;50364;100573;0;0;0;2521387;840222;1;0;0
FR;0;2021-02-17;50501;104583;1;0;0;2571888;944805;2;0;0
FR;0;2021-02-18;69757;120479;0;0;0;2641645;1065284;2;0;0
FR;0;2021-02-19;65048;91064;1;0;0;2706693;1156348;3;0;0
FR;0;2021-02-20;18574;28582;0;0;0;2725267;1184930;3;0;0
FR;0;2021-02-21;3314;6307;0;0;0;2728581;1191237;3;0;0
FR;0;2021-02-22;37477;73179;2;0;0;2766058;1264416;5;0;0
FR;0;2021-02-23;53760;84462;1;0;0;2819818;1348878;6;0;0
FR;0;2021-02-24;59981;81759;1;0;0;2879799;1430637;7;0;0
FR;0;2021-02-25;100544;91441;1;0;0;2980343;1522078;8;0;0
FR;0;2021-02-26;113432;70724;1;0;0;3093775;1592802;9;0;0
FR;0;2021-02-27;52091;22140;0;0;0;3145866;1614942;9;0;0
FR;0;2021-02-28;6192;4276;1;0;0;3152058;1619218;10;0;0
FR;0;2021-03-01;65833;53284;1;0;0;3217891;1672502;11;0;0
FR;0;2021-03-02;101347;66603;2;0;0;3319238;1739105;13;0;0
FR;0;2021-03-03;116466;65515;0;0;0;3435704;1804620;13;0;0
FR;0;2021-03-04;163585;70268;3;0;0;3599289;1874888;16;0;0
FR;0;2021-03-05;200883;63081;3;0;0;3800172;1937969;19;0;0
FR;0;2021-03-06;207926;17701;3;0;0;4008098;1955670;22;0;0
FR;0;2021-03-07;121250;4982;1;0;0;4129348;1960652;23;0;0
FR;0;2021-03-08;107113;50356;2;0;0;4236461;2011008;25;0;0
FR;0;2021-03-09;172412;56514;2;0;0;4408873;2067522;27;0;0
FR;0;2021-03-10;178938;57130;5;0;0;4587811;2124652;32;0;0
FR;0;2021-03-11;242830;63478;2;0;0;4830641;2188130;34;0;0
FR;0;2021-03-12;294777;53350;1;0;0;5125418;2241480;35;0;0
FR;0;2021-03-13;231371;15333;1;0;0;5356789;2256813;36;0;0
FR;0;2021-03-14;63337;3281;1;0;0;5420126;2260094;37;0;0
FR;0;2021-03-15;158601;32160;3;0;0;5578727;2292254;40;0;0
FR;0;2021-03-16;141539;39128;6;0;0;5720266;2331382;46;0;0
FR;0;2021-03-17;150447;38182;4;0;0;5870713;2369564;50;0;0
FR;0;2021-03-18;167784;44559;5;0;0;6038497;2414123;55;0;0
FR;0;2021-03-19;229964;37155;2;0;0;6268461;2451278;57;0;0
FR;0;2021-03-20;166642;11574;1;0;0;6435103;2462852;58;0;0
FR;0;2021-03-21;49920;2496;1;0;0;6485023;2465348;59;0;0
FR;0;2021-03-22;169997;33956;2;0;0;6655020;2499304;61;0;0
FR;0;2021-03-23;250328;42353;1;0;0;6905348;2541657;62;0;0
FR;0;2021-03-24;256855;43697;0;0;0;7162203;2585354;62;0;0
FR;0;2021-03-25;341753;44867;5;0;0;7503956;2630221;67;0;0
FR;0;2021-03-26;358749;41898;4;1;0;7862705;2672119;71;1;0
FR;0;2021-03-27;195240;16717;1;0;0;8057945;2688836;72;1;0
FR;0;2021-03-28;59322;4013;3;0;0;8117267;2692849;75;1;0
FR;0;2021-03-29;202933;54016;4;0;0;8320200;2746865;79;1;0
FR;0;2021-03-30;285408;69646;4;0;0;8605608;2816511;83;1;0
FR;0;2021-03-31;262962;73254;4;0;0;8868570;2889765;87;1;0
FR;0;2021-04-01;315386;89272;12;0;0;9183956;2979037;99;1;0
FR;0;2021-04-02;281282;92762;7;0;0;9465238;3071799;106;1;0
FR;0;2021-04-03;141049;61939;5;0;0;9606287;3133738;111;1;0
FR;0;2021-04-04;46458;18734;2;0;0;9652745;3152472;113;1;0
FR;0;2021-04-05;63307;10801;11;0;0;9716052;3163273;124;1;0
FR;0;2021-04-06;217145;109289;17;0;0;9933197;3272562;141;1;0
FR;0;2021-04-07;260189;115425;17;0;0;10193386;3387987;158;1;0
FR;0;2021-04-08;337736;121729;14;0;0;10531122;3509716;172;1;0
FR;0;2021-04-09;410082;116323;49;0;0;10941204;3626039;221;1;0
FR;0;2021-04-10;212583;82624;15;0;0;11153787;3708663;236;1;0
FR;0;2021-04-11;56123;34436;7;0;0;11209910;3743099;243;1;0
FR;0;2021-04-12;237004;115234;45;0;0;11446914;3858333;288;1;0
FR;0;2021-04-13;309416;144504;98;1;0;11756330;4002837;386;2;0
FR;0;2021-04-14;294439;139313;213;0;0;12050769;4142150;599;2;0
FR;0;2021-04-15;337009;148421;338;0;0;12387778;4290571;937;2;0
FR;0;2021-04-16;339224;145889;352;0;0;12727002;4436460;1289;2;0
FR;0;2021-04-17;188626;90029;109;0;0;12915628;4526489;1398;2;0
FR;0;2021-04-18;51603;35361;47;0;0;12967231;4561850;1445;2;0
FR;0;2021-04-19;205640;138227;454;0;0;13172871;4700077;1899;2;0
FR;0;2021-04-20;254346;170843;568;0;0;13427217;4870920;2467;2;0
FR;0;2021-04-21;253179;169076;834;0;0;13680396;5039996;3301;2;0
FR;0;2021-04-22;287490;188710;818;0;0;13967886;5228706;4119;2;0
FR;0;2021-04-23;297927;183414;747;0;0;14265813;5412120;4866;2;0
FR;0;2021-04-24;190410;111553;252;0;0;14456223;5523673;5118;2;0
FR;0;2021-04-25;69539;38776;51;0;0;14525762;5562449;5169;2;0
FR;0;2021-04-26;220893;156254;560;0;0;14746655;5718703;5729;2;0
FR;0;2021-04-27;284548;187342;940;0;0;15031203;5906045;6669;2;0
FR;0;2021-04-28;299444;183230;1422;1;1;15330647;6089275;8091;3;1
FR;0;2021-04-29;357057;196491;1276;0;0;15687704;6285766;9367;3;1
FR;0;2021-04-30;372136;184807;1119;1;0;16059840;6470573;10486;4;1
FR;0;2021-05-01;167600;52477;178;0;0;16227440;6523050;10664;4;1
FR;0;2021-05-02;91706;37750;83;0;0;16319146;6560800;10747;4;1
FR;0;2021-05-03;288856;168392;839;0;0;16608002;6729192;11586;4;1
FR;0;2021-05-04;315593;224337;1230;0;0;16923595;6953529;12816;4;1
FR;0;2021-05-05;327102;224767;1312;0;0;17250697;7178296;14128;4;1
FR;0;2021-05-06;379422;239373;1629;0;0;17630119;7417669;15757;4;1
FR;0;2021-05-07;372681;257311;1222;0;0;18002800;7674980;16979;4;1
FR;0;2021-05-08;222135;67413;298;0;0;18224935;7742393;17277;4;1
FR;0;2021-05-09;129684;46372;243;0;0;18354619;7788765;17520;4;1
FR;0;2021-05-10;313297;228729;1233;0;0;18667916;8017494;18753;4;1
FR;0;2021-05-11;403818;257815;1563;0;0;19071734;8275309;20316;4;1
FR;0;2021-05-12;434031;233072;1542;0;0;19505765;8508381;21858;4;1
FR;0;2021-05-13;338550;56922;430;0;0;19844315;8565303;22288;4;1
FR;0;2021-05-14;454054;167238;1122;0;0;20298369;8732541;23410;4;1
FR;0;2021-05-15;374924;94033;442;0;0;20673293;8826574;23852;4;1
FR;0;2021-05-16;202724;20776;168;0;0;20876017;8847350;24020;4;1
FR;0;2021-05-17;376065;148808;1550;0;0;21252082;8996158;25570;4;1
FR;0;2021-05-18;460062;153107;1986;0;0;21712144;9149265;27556;4;1
FR;0;2021-05-19;467322;144701;2455;0;0;22179466;9293966;30011;4;1
FR;0;2021-05-20;507457;160174;2332;0;0;22686923;9454140;32343;4;1
FR;0;2021-05-21;489597;174402;1988;0;0;23176520;9628542;34331;4;1
FR;0;2021-05-22;347141;79858;668;0;0;23523661;9708400;34999;4;1
FR;0;2021-05-23;161659;14389;246;0;0;23685320;9722789;35245;4;1
FR;0;2021-05-24;263145;33170;600;0;0;23948465;9755959;35845;4;1
FR;0;2021-05-25;400192;189118;2349;1;0;24348657;9945077;38194;5;1
FR;0;2021-05-26;413390;188442;2217;0;0;24762047;10133519;40411;5;1
FR;0;2021-05-27;449739;218559;2159;0;0;25211786;10352078;42570;5;1
FR;0;2021-05-28;429483;259436;1891;0;0;25641269;10611514;44461;5;1
FR;0;2021-05-29;298945;149363;583;0;0;25940214;10760877;45044;5;1
FR;0;2021-05-30;107120;32573;163;0;0;26047334;10793450;45207;5;1
FR;0;2021-05-31;357927;203343;1466;1;1;26405261;10996793;46673;6;2
FR;0;2021-06-01;430842;251212;1959;1;1;26836103;11248005;48632;7;3
FR;0;2021-06-02;419435;230801;1978;0;0;27255538;11478806;50610;7;3
FR;0;2021-06-03;464683;258397;1819;0;0;27720221;11737203;52429;7;3
FR;0;2021-06-04;455700;304693;1729;1;1;28175921;12041896;54158;8;4
FR;0;2021-06-05;304750;188953;651;0;0;28480671;12230849;54809;8;4
FR;0;2021-06-06;133238;49132;226;0;0;28613909;12279981;55035;8;4
FR;0;2021-06-07;339072;261909;1519;0;0;28952981;12541890;56554;8;4
FR;0;2021-06-08;393565;290937;1797;0;0;29346546;12832827;58351;8;4
FR;0;2021-06-09;384672;275439;1727;0;0;29731218;13108266;60078;8;4
FR;0;2021-06-10;403969;288871;1720;1;0;30135187;13397137;61798;9;4
FR;0;2021-06-11;386465;357211;1460;0;0;30521652;13754348;63258;9;4
FR;0;2021-06-12;283206;211283;490;0;0;30804858;13965631;63748;9;4
FR;0;2021-06-13;104832;73991;204;0;0;30909690;14039622;63952;9;4
FR;0;2021-06-14;240649;355533;1425;1;0;31150339;14395155;65377;10;4
FR;0;2021-06-15;307989;385569;1565;1;0;31458328;14780724;66942;11;4
FR;0;2021-06-16;313841;357744;1415;1;0;31772169;15138468;68357;12;4
FR;0;2021-06-17;317559;372438;1422;1;0;32089728;15510906;69779;13;4
FR;0;2021-06-18;321555;442445;1332;1;0;32411283;15953351;71111;14;4
FR;0;2021-06-19;224306;273788;448;0;0;32635589;16227139;71559;14;4
FR;0;2021-06-20;74371;102595;127;0;0;32709960;16329734;71686;14;4
FR;0;2021-06-21;195570;401904;1032;1;1;32905530;16731638;72718;15;5
FR;0;2021-06-22;223008;467369;1261;10;2;33128538;17199007;73979;25;7
FR;0;2021-06-23;233866;439881;1196;1;1;33362404;17638888;75175;26;8
FR;0;2021-06-24;241732;409578;1348;0;0;33604136;18048466;76523;26;8
FR;0;2021-06-25;227468;522235;1398;0;0;33831604;18570701;77921;26;8
FR;0;2021-06-26;153191;370712;585;1;0;33984795;18941413;78506;27;8
FR;0;2021-06-27;55863;156218;168;1;0;34040658;19097631;78674;28;8
FR;0;2021-06-28;154618;452908;1167;0;0;34195276;19550539;79841;28;8
FR;0;2021-06-29;182545;506806;2124;0;0;34377821;20057345;81965;28;8
FR;0;2021-06-30;203840;482606;2010;21;2;34581661;20539951;83975;49;10
FR;0;2021-07-01;231108;457799;2221;5;1;34812769;20997750;86196;54;11
FR;0;2021-07-02;228330;520222;2119;5;3;35041099;21517972;88315;59;14
FR;0;2021-07-03;141936;368735;909;3;1;35183035;21886707;89224;62;15
FR;0;2021-07-04;56694;141254;265;0;0;35239729;22027961;89489;62;15
FR;0;2021-07-05;168229;419304;1668;8;2;35407958;22447265;91157;70;17
FR;0;2021-07-06;196564;474796;1828;45;8;35604522;22922061;92985;115;25
FR;0;2021-07-07;212958;439311;1876;24;5;35817480;23361372;94861;139;30
FR;0;2021-07-08;231442;424169;2088;20;7;36048922;23785541;96949;159;37
FR;0;2021-07-09;228345;510780;2182;4;2;36277267;24296321;99131;163;39
FR;0;2021-07-10;148533;339887;982;1;1;36425800;24636208;100113;164;40
FR;0;2021-07-11;60143;110146;282;0;0;36485943;24746354;100395;164;40
FR;0;2021-07-12;168958;478201;1757;4;0;36654901;25224555;102152;168;40
FR;0;2021-07-13;287069;527468;2045;8;2;36941970;25752023;104197;176;42
FR;0;2021-07-14;180897;157733;434;0;0;37122867;25909756;104631;176;42
FR;0;2021-07-15;346877;502489;2097;1;0;37469744;26412245;106728;177;42
FR;0;2021-07-16;379904;495966;2021;3;1;37849648;26908211;108749;180;43
FR;0;2021-07-17;259656;319812;876;1;0;38109304;27228023;109625;181;43
FR;0;2021-07-18;109668;114794;310;0;0;38218972;27342817;109935;181;43
FR;0;2021-07-19;285315;425043;1627;3;0;38504287;27767860;111562;184;43
FR;0;2021-07-20;376728;452442;1722;0;0;38881015;28220302;113284;184;43
FR;0;2021-07-21;395631;407911;1549;4;2;39276646;28628213;114833;188;45
FR;0;2021-07-22;440880;388119;1715;4;2;39717526;29016332;116548;192;47
FR;0;2021-07-23;439951;423182;1880;4;2;40157477;29439514;118428;196;49
FR;0;2021-07-24;285182;269619;803;1;0;40442659;29709133;119231;197;49
FR;0;2021-07-25;121054;80056;226;0;0;40563713;29789189;119457;197;49
FR;0;2021-07-26;347271;323215;1615;3;2;40910984;30112404;121072;200;51
FR;0;2021-07-27;463893;320291;1696;4;2;41374877;30432695;122768;204;53
FR;0;2021-07-28;459308;290028;1634;4;2;41834185;30722723;124402;208;55
FR;0;2021-07-29;489683;276925;1794;2;1;42323868;30999648;126196;210;56
FR;0;2021-07-30;461637;302879;1936;5;2;42785505;31302527;128132;215;58
FR;0;2021-07-31;285341;185070;914;1;0;43070846;31487597;129046;216;58
FR;0;2021-08-01;111938;49998;253;0;0;43182784;31537595;129299;216;58
FR;0;2021-08-02;341222;234598;1598;2;0;43524006;31772193;130897;218;58
FR;0;2021-08-03;398417;245111;1718;2;1;43922423;32017304;132615;220;59
FR;0;2021-08-04;384644;210124;1590;6;3;44307067;32227428;134205;226;62
FR;0;2021-08-05;365980;228907;1709;0;0;44673047;32456335;135914;226;62
FR;0;2021-08-06;359567;271720;1833;4;1;45032614;32728055;137747;230;63
FR;0;2021-08-07;213036;178377;755;4;3;45245650;32906432;138502;234;66
FR;0;2021-08-08;74133;63241;270;0;0;45319783;32969673;138772;234;66
FR;0;2021-08-09;258576;259530;1540;4;3;45578359;33229203;140312;238;69
FR;0;2021-08-10;306611;278036;1655;2;1;45884970;33507239;141967;240;70
FR;0;2021-08-11;279535;260299;1441;5;1;46164505;33767538;143408;245;71
FR;0;2021-08-12;271390;278617;1659;3;1;46435895;34046155;145067;248;72
FR;0;2021-08-13;252037;277912;1590;3;2;46687932;34324067;146657;251;74
FR;0;2021-08-14;145280;197340;739;0;0;46833212;34521407;147396;251;74
FR;0;2021-08-15;39308;50113;215;1;0;46872520;34571520;147611;252;74
FR;0;2021-08-16;186043;318149;1539;0;0;47058563;34889669;149150;252;74
FR;0;2021-08-17;215563;336566;1634;7;1;47274126;35226235;150784;259;75
FR;0;2021-08-18;198930;324765;1594;7;4;47473056;35551000;152378;266;79
FR;0;2021-08-19;191892;325749;1634;1;0;47664948;35876749;154012;267;79
FR;0;2021-08-20;186358;366343;1810;3;2;47851306;36243092;155822;270;81
FR;0;2021-08-21;104756;238169;704;0;0;47956062;36481261;156526;270;81
FR;0;2021-08-22;31889;87200;253;1;1;47987951;36568461;156779;271;82
FR;0;2021-08-23;140892;357280;1559;3;1;48128843;36925741;158338;274;83
FR;0;2021-08-24;162405;376898;1847;5;1;48291248;37302639;160185;279;84
FR;0;2021-08-25;151063;350886;2028;8;3;48442311;37653525;162213;287;87
FR;0;2021-08-26;142750;342882;2555;10;1;48585061;37996407;164768;297;88
FR;0;2021-08-27;148363;388203;2789;11;3;48733424;38384610;167557;308;91
FR;0;2021-08-28;90607;249582;1405;0;0;48824031;38634192;168962;308;91
FR;0;2021-08-29;27304;83328;516;1;0;48851335;38717520;169478;309;91
FR;0;2021-08-30;117322;324888;4706;6;6025;48968657;39042408;174184;315;6116
FR;0;2021-08-31;128716;334669;10178;19;11876;49097373;39377077;184362;334;17992
FR;0;2021-09-01;135782;285699;22416;7;24308;49233155;39662776;206778;341;42300
FR;0;2021-09-02;112610;247292;26512;13;28871;49345765;39910068;233290;354;71171
FR;0;2021-09-03;118201;292713;29952;23;32958;49463966;40202781;263242;377;104129
FR;0;2021-09-04;89806;217740;12583;12;14076;49553772;40420521;275825;389;118205
FR;0;2021-09-05;21338;44866;4391;2;4732;49575110;40465387;280216;391;122937
FR;0;2021-09-06;75328;180812;31945;16;34240;49650438;40646199;312161;407;157177
FR;0;2021-09-07;80108;181262;33235;40;36102;49730546;40827461;345396;447;193279
FR;0;2021-09-08;89843;206213;29653;27;32454;49820389;41033674;375049;474;225733
FR;0;2021-09-09;76684;165423;33042;26;36526;49897073;41199097;408091;500;262259
FR;0;2021-09-10;95604;203697;35718;26;40522;49992677;41402794;443809;526;302781
FR;0;2021-09-11;66783;169223;12134;19;14311;50059460;41572017;455943;545;317092
FR;0;2021-09-12;12793;32082;2767;1;3160;50072253;41604099;458710;546;320252
FR;0;2021-09-13;64373;126386;41205;32;44051;50136626;41730485;499915;578;364303
FR;0;2021-09-14;73327;129131;56346;78;62036;50209953;41859616;556261;656;426339
FR;0;2021-09-15;76408;167875;55629;58;54776;50286361;42027491;611890;714;481115
FR;0;2021-09-16;63758;114551;60031;85;60021;50350119;42142042;671921;799;541136
FR;0;2021-09-17;74971;156844;53828;71;57233;50425090;42298886;725749;870;598369
FR;0;2021-09-18;48191;139592;15596;25;17284;50473281;42438478;741345;895;615653
FR;0;2021-09-19;7866;23717;2434;1;2619;50481147;42462195;743779;896;618272
FR;0;2021-09-20;44446;93931;50025;73;50253;50525593;42556126;793804;969;668525
FR;0;2021-09-21;45810;98439;62729;76;63369;50571403;42654565;856533;1045;731894
FR;0;2021-09-22;48585;142314;55332;83;55351;50619988;42796879;911865;1128;787245
FR;0;2021-09-23;43164;92006;62352;94;63477;50663152;42888885;974217;1222;850722
FR;0;2021-09-24;52216;133296;54528;109;59089;50715368;43022181;1028745;1331;909811
FR;0;2021-09-25;35193;115514;16263;37;18253;50750561;43137695;1045008;1368;928064
FR;0;2021-09-26;5524;17817;2265;5;2329;50756085;43155512;1047273;1373;930393
FR;0;2021-09-27;33922;76983;47174;97;48127;50790007;43232495;1094447;1470;978520
FR;0;2021-09-28;36446;75262;54930;88;56465;50826453;43307757;1149377;1558;1034985
FR;0;2021-09-29;44315;100844;53321;112;54811;50870768;43408601;1202698;1670;1089796
FR;0;2021-09-30;36271;72814;57003;95;59478;50907039;43481415;1259701;1765;1149274
FR;0;2021-10-01;61523;100859;57776;108;63685;50968562;43582274;1317477;1873;1212959
FR;0;2021-10-02;39415;78339;20952;38;23318;51007977;43660613;1338429;1911;1236277
FR;0;2021-10-03;5261;10534;2524;4;2540;51013238;43671147;1340953;1915;1238817
FR;0;2021-10-04;34967;58530;52609;84;54778;51048205;43729677;1393562;1999;1293595
FR;0;2021-10-05;33573;64340;60962;135;64921;51081778;43794017;1454524;2134;1358516
FR;0;2021-10-06;42445;79261;65688;113;68223;51124223;43873278;1520212;2247;1426739
FR;0;2021-10-07;30406;62153;65376;90;68661;51154629;43935431;1585588;2337;1495400
FR;0;2021-10-08;48746;91815;77718;110;84622;51203375;44027246;1663306;2447;1580022
FR;0;2021-10-09;33622;60873;31522;36;33855;51236997;44088119;1694828;2483;1613877
FR;0;2021-10-10;4628;7439;3186;9;3483;51241625;44095558;1698014;2492;1617360
FR;0;2021-10-11;30562;49903;61019;105;64021;51272187;44145461;1759033;2597;1681381
FR;0;2021-10-12;31374;54452;70563;139;75829;51303561;44199913;1829596;2736;1757210
FR;0;2021-10-13;39990;62781;74396;135;79247;51343551;44262694;1903992;2871;1836457
FR;0;2021-10-14;30235;52887;68721;116;73758;51373786;44315581;1972713;2987;1910215
FR;0;2021-10-15;44741;75266;93213;191;102896;51418527;44390847;2065926;3178;2013111
FR;0;2021-10-16;31270;44079;36681;44;39607;51449797;44434926;2102607;3222;2052718
FR;0;2021-10-17;3827;5274;3591;2;3691;51453624;44440200;2106198;3224;2056409
FR;0;2021-10-18;28359;42470;67468;133;71331;51481983;44482670;2173666;3357;2127740
FR;0;2021-10-19;27055;44609;76379;141;81604;51509038;44527279;2250045;3498;2209344
FR;0;2021-10-20;35205;52443;96905;180;101462;51544243;44579722;2346950;3678;2310806
FR;0;2021-10-21;25956;45214;83915;112;89107;51570199;44624936;2430865;3790;2399913
FR;0;2021-10-22;38208;62359;104864;200;112482;51608407;44687295;2535729;3990;2512395
FR;0;2021-10-23;26971;41228;45436;57;48600;51635378;44728523;2581165;4047;2560995
FR;0;2021-10-24;2912;4800;3679;6;3935;51638290;44733323;2584844;4053;2564930
FR;0;2021-10-25;25980;36355;82304;144;86599;51664270;44769678;2667148;4197;2651529
FR;0;2021-10-26;23685;35088;87206;166;92312;51687955;44804766;2754354;4363;2743841
FR;0;2021-10-27;30007;46416;108962;257;114612;51717962;44851182;2863316;4620;2858453
FR;0;2021-10-28;23398;34896;88657;153;94388;51741360;44886078;2951973;4773;2952841
FR;0;2021-10-29;31511;51387;117282;204;125249;51772871;44937465;3069255;4977;3078090
FR;0;2021-10-30;20528;33113;50324;77;53353;51793399;44970578;3119579;5054;3131443
FR;0;2021-10-31;2480;3759;3584;3;3868;51795879;44974337;3123163;5057;3135311
FR;0;2021-11-01;8209;4805;3202;3;3555;51804088;44979142;3126365;5060;3138866
FR;0;2021-11-02;25296;40085;93532;157;99469;51829384;45019227;3219897;5217;3238335
FR;0;2021-11-03;29766;47916;118842;218;125791;51859150;45067143;3338739;5435;3364126
FR;0;2021-11-04;23665;37494;107498;217;114323;51882815;45104637;3446237;5652;3478449
FR;0;2021-11-05;32272;52911;141590;233;151255;51915087;45157548;3587827;5885;3629704
FR;0;2021-11-06;21484;34561;64843;123;68228;51936571;45192109;3652670;6008;3697932
FR;0;2021-11-07;2379;4238;5175;6;5586;51938950;45196347;3657845;6014;3703518
FR;0;2021-11-08;20420;37819;127114;227;134159;51959370;45234166;3784959;6241;3837677
FR;0;2021-11-09;22140;44821;161615;341;172107;51981510;45278987;3946574;6582;4009784
FR;0;2021-11-10;31387;55090;186928;446;198674;52012897;45334077;4133502;7028;4208458
FR;0;2021-11-11;4320;6740;12928;28;13929;52017217;45340817;4146430;7056;4222387
FR;0;2021-11-12;28990;55153;183710;251;197258;52046207;45395970;4330140;7307;4419645
FR;0;2021-11-13;20305;32715;80676;118;86288;52066512;45428685;4410816;7425;4505933
FR;0;2021-11-14;2333;3946;7163;6;7876;52068845;45432631;4417979;7431;4513809
FR;0;2021-11-15;20305;38789;160783;312;171448;52089150;45471420;4578762;7743;4685257
FR;0;2021-11-16;23360;44048;200311;391;214878;52112510;45515468;4779073;8134;4900135
FR;0;2021-11-17;30356;50476;199774;407;212780;52142866;45565944;4978847;8541;5112915
FR;0;2021-11-18;23352;45032;191573;468;205394;52166218;45610976;5170420;9009;5318309
FR;0;2021-11-19;33557;61419;243122;548;262063;52199775;45672395;5413542;9557;5580372
FR;0;2021-11-20;25335;36780;102116;206;109666;52225110;45709175;5515658;9763;5690038
FR;0;2021-11-21;2623;4568;9641;18;10643;52227733;45713743;5525299;9781;5700681
FR;0;2021-11-22;22739;33374;180281;470;194756;52250472;45747117;5705580;10251;5895437
FR;0;2021-11-23;25563;45738;229295;548;247720;52276035;45792855;5934875;10799;6143157
FR;0;2021-11-24;31764;53822;224734;717;243126;52307799;45846677;6159609;11516;6386283
FR;0;2021-11-25;25387;49138;255823;739;277570;52333186;45895815;6415432;12255;6663853
FR;0;2021-11-26;33206;74737;379373;864;414504;52366392;45970552;6794805;13119;7078357
FR;0;2021-11-27;23315;49688;214839;389;236560;52389707;46020240;7009644;13508;7314917
FR;0;2021-11-28;3479;10595;56727;66;63336;52393186;46030835;7066371;13574;7378253
FR;0;2021-11-29;19386;54267;341373;863;371552;52412572;46085102;7407744;14437;7749805
FR;0;2021-11-30;24728;72171;457284;986;500635;52437300;46157273;7865028;15423;8250440
FR;0;2021-12-01;26912;75989;468974;1159;511185;52464212;46233262;8334002;16582;8761625
FR;0;2021-12-02;21982;71808;526975;1279;574694;52486194;46305070;8860977;17861;9336319
FR;0;2021-12-03;25479;92526;596237;1419;650968;52511673;46397596;9457214;19280;9987287
FR;0;2021-12-04;18290;60540;336159;690;369695;52529963;46458136;9793373;19970;10356982
FR;0;2021-12-05;4142;16265;95753;157;107050;52534105;46474401;9889126;20127;10464032
FR;0;2021-12-06;23288;73216;493018;1174;539812;52557393;46547617;10382144;21301;11003844
FR;0;2021-12-07;23315;91791;645239;1769;706151;52580708;46639408;11027383;23070;11709995
FR;0;2021-12-08;25349;92477;591427;1873;647348;52606057;46731885;11618810;24943;12357343
FR;0;2021-12-09;23999;94361;662926;2179;726173;52630056;46826246;12281736;27122;13083516
FR;0;2021-12-10;27727;111130;735917;2076;805970;52657783;46937376;13017653;29198;13889486
FR;0;2021-12-11;20226;76056;435117;986;480324;52678009;47013432;13452770;30184;14369810
FR;0;2021-12-12;5624;23284;142266;262;159226;52683633;47036716;13595036;30446;14529036
FR;0;2021-12-13;21069;91329;587508;1698;649186;52704702;47128045;14182544;32144;15178222
FR;0;2021-12-14;27587;118695;765361;2649;847363;52732289;47246740;14947905;34793;16025585
FR;0;2021-12-15;28225;114582;694166;2262;768905;52760514;47361322;15642071;37055;16794490
FR;0;2021-12-16;27941;116095;763859;2555;844259;52788455;47477417;16405930;39610;17638749
FR;0;2021-12-17;31549;128820;807718;2708;891988;52820004;47606237;17213648;42318;18530737
FR;0;2021-12-18;24914;81756;469903;1178;522149;52844918;47687993;17683551;43496;19052886
FR;0;2021-12-19;8741;28846;169350;377;191142;52853659;47716839;17852901;43873;19244028
FR;0;2021-12-20;31598;97582;591321;1787;658608;52885257;47814421;18444222;45660;19902636
FR;0;2021-12-21;39219;112419;682288;2391;759460;52924476;47926840;19126510;48051;20662096
FR;0;2021-12-22;39469;99680;575644;2167;642031;52963945;48026520;19702154;50218;21304127
FR;0;2021-12-23;33744;79769;440887;1654;494315;52997689;48106289;20143041;51872;21798442
FR;0;2021-12-24;10664;26072;110976;396;126644;53008353;48132361;20254017;52268;21925086
FR;0;2021-12-25;768;3499;7571;25;9028;53009121;48135860;20261588;52293;21934114
FR;0;2021-12-26;4697;11916;52075;141;60132;53013818;48147776;20313663;52434;21994246
FR;0;2021-12-27;30406;84125;453443;1366;509094;53044224;48231901;20767106;53800;22503340
FR;0;2021-12-28;38318;99118;564066;1767;632173;53082542;48331019;21331172;55567;23135513
FR;0;2021-12-29;39846;88478;501110;1686;560923;53122388;48419497;21832282;57253;23696436
FR;0;2021-12-30;35891;75134;420957;1519;471096;53158279;48494631;22253239;58772;24167532
FR;0;2021-12-31;12035;25195;116837;406;131616;53170314;48519826;22370076;59178;24299148
FR;0;2022-01-01;1377;3206;8499;36;9930;53171691;48523032;22378575;59214;24309078
FR;0;2022-01-02;6077;13011;58392;125;66935;53177768;48536043;22436967;59339;24376013
FR;0;2022-01-03;32848;89949;494681;1593;551491;53210616;48625992;22931648;60932;24927504
FR;0;2022-01-04;40963;110917;641266;2302;714218;53251579;48736909;23572914;63234;25641722
FR;0;2022-01-05;60378;103386;569042;1984;634057;53311957;48840295;24141956;65218;26275779
FR;0;2022-01-06;43982;110175;638879;2694;711318;53355939;48950470;24780835;67912;26987097
FR;0;2022-01-07;50594;123099;710904;2806;790336;53406533;49073569;25491739;70718;27777433
FR;0;2022-01-08;44957;80341;423775;1210;472851;53451490;49153910;25915514;71928;28250284
FR;0;2022-01-09;15595;26708;128547;300;145698;53467085;49180618;26044061;72228;28395982
FR;0;2022-01-10;35049;88797;469191;1810;522198;53502134;49269415;26513252;74038;28918180
FR;0;2022-01-11;41656;100268;548130;2307;608388;53543790;49369683;27061382;76345;29526568
FR;0;2022-01-12;60176;95567;452556;1965;504230;53603966;49465250;27513938;78310;30030798
FR;0;2022-01-13;37932;92379;487237;2084;540952;53641898;49557629;28001175;80394;30571750
FR;0;2022-01-14;42401;103281;568481;2286;628951;53684299;49660910;28569656;82680;31200701
FR;0;2022-01-15;39305;65861;340084;985;377542;53723604;49726771;28909740;83665;31578243
FR;0;2022-01-16;11382;19307;87381;215;99447;53734986;49746078;28997121;83880;31677690
FR;0;2022-01-17;24609;60107;320205;1380;354121;53759595;49806185;29317326;85260;32031811
FR;0;2022-01-18;28105;68586;360998;1799;397506;53787700;49874771;29678324;87059;32429317
FR;0;2022-01-19;43054;67090;281208;1448;311051;53830754;49941861;29959532;88507;32740368
FR;0;2022-01-20;23423;59469;298897;1740;328416;53854177;50001330;30258429;90247;33068784
FR;0;2022-01-21;28015;68775;366277;2085;401125;53882192;50070105;30624706;92332;33469909
FR;0;2022-01-22;27607;47918;218758;838;241739;53909799;50118023;30843464;93170;33711648
FR;0;2022-01-23;6703;13033;48647;171;55177;53916502;50131056;30892111;93341;33766825
FR;0;2022-01-24;16202;47224;217241;1136;239312;53932704;50178280;31109352;94477;34006137
FR;0;2022-01-25;18907;54233;242976;1547;267032;53951611;50232513;31352328;96024;34273169
FR;0;2022-01-26;28111;60185;209211;1296;229346;53979722;50292698;31561539;97320;34502515
FR;0;2022-01-27;16277;46005;207577;1270;225820;53995999;50338703;31769116;98590;34728335
FR;0;2022-01-28;21498;75773;289981;1574;321447;54017497;50414476;32059097;100164;35049782
FR;0;2022-01-29;18402;52843;184085;686;204572;54035899;50467319;32243182;100850;35254354
FR;0;2022-01-30;4463;14546;39123;124;45088;54040362;50481865;32282305;100974;35299442
FR;0;2022-01-31;11222;43839;148147;738;164783;54051584;50525704;32430452;101712;35464225
FR;0;2022-02-01;12817;48152;174060;1141;191363;54064401;50573856;32604512;102853;35655588
FR;0;2022-02-02;20084;65940;171457;1033;190118;54084485;50639796;32775969;103886;35845706
FR;0;2022-02-03;10983;44172;157480;984;173294;54095468;50683968;32933449;104870;36019000
FR;0;2022-02-04;14494;66452;239173;1262;264168;54109962;50750420;33172622;106132;36283168
FR;0;2022-02-05;12781;51443;153514;522;172338;54122743;50801863;33326136;106654;36455506
FR;0;2022-02-06;2705;12238;28871;101;33826;54125448;50814101;33355007;106755;36489332
FR;0;2022-02-07;9383;46664;156817;586;176314;54134831;50860765;33511824;107341;36665646
FR;0;2022-02-08;9600;42690;166558;868;184324;54144431;50903455;33678382;108209;36849970
FR;0;2022-02-09;14169;57871;172290;868;192963;54158600;50961326;33850672;109077;37042933
FR;0;2022-02-10;8269;38400;150150;878;166587;54166869;50999726;34000822;109955;37209520
FR;0;2022-02-11;10760;55470;218440;1097;243009;54177629;51055196;34219262;111052;37452529
FR;0;2022-02-12;8348;40878;134690;461;151706;54185977;51096074;34353952;111513;37604235
FR;0;2022-02-13;1895;8578;26547;85;30903;54187872;51104652;34380499;111598;37635138
FR;0;2022-02-14;6910;35102;148313;477;166307;54194782;51139754;34528812;112075;37801445
FR;0;2022-02-15;6855;35455;146903;750;162444;54201637;51175209;34675715;112825;37963889
FR;0;2022-02-16;9291;42632;132475;719;146659;54210928;51217841;34808190;113544;38110548
FR;0;2022-02-17;5374;23764;87247;584;94769;54216302;51241605;34895437;114128;38205317
FR;0;2022-02-18;6885;33254;119601;802;129257;54223187;51274859;35015038;114930;38334574
FR;0;2022-02-19;5349;24444;70003;370;77302;54228536;51299303;35085041;115300;38411876
FR;0;2022-02-20;1138;4618;12152;38;13926;54229674;51303921;35097193;115338;38425802
FR;0;2022-02-21;4022;17763;61913;351;67138;54233696;51321684;35159106;115689;38492940
FR;0;2022-02-22;4374;18478;60782;575;64410;54238070;51340162;35219888;116264;38557350
FR;0;2022-02-23;6513;27147;66461;591;71861;54244583;51367309;35286349;116855;38629211
FR;0;2022-02-24;3744;15165;50373;518;53185;54248327;51382474;35336722;117373;38682396
FR;0;2022-02-25;5203;23548;76278;803;80002;54253530;51406022;35413000;118176;38762398
FR;0;2022-02-26;3970;17644;47390;357;51455;54257500;51423666;35460390;118533;38813853
FR;0;2022-02-27;870;2986;8022;47;8933;54258370;51426652;35468412;118580;38822786
FR;0;2022-02-28;3069;12255;40449;354;42880;54261439;51438907;35508861;118934;38865666
FR;0;2022-03-01;3135;12236;44131;433;44766;54264574;51451143;35552992;119367;38910432
FR;0;2022-03-02;5081;17474;47082;438;48991;54269655;51468617;35600074;119805;38959423
FR;0;2022-03-03;2652;8919;29829;361;29922;54272307;51477536;35629903;120166;38989345
FR;0;2022-03-04;3181;12186;40256;649;39387;54275488;51489722;35670159;120815;39028732
FR;0;2022-03-05;2920;9208;24925;310;25076;54278408;51498930;35695084;121125;39053808
FR;0;2022-03-06;509;1380;3192;42;3429;54278917;51500310;35698276;121167;39057237
FR;0;2022-03-07;1963;5471;18393;313;17654;54280880;51505781;35716669;121480;39074891
FR;0;2022-03-08;1968;5887;19402;359;17862;54282848;51511668;35736071;121839;39092753
FR;0;2022-03-09;3449;10273;22145;404;21226;54286297;51521941;35758216;122243;39113979
FR;0;2022-03-10;1712;5234;16895;341;15692;54288009;51527175;35775111;122584;39129671
FR;0;2022-03-11;2344;7294;24463;538;22224;54290353;51534469;35799574;123122;39151895
FR;0;2022-03-12;2656;6717;17148;304;16499;54293009;51541186;35816722;123426;39168394
FR;0;2022-03-13;386;781;2305;144;2255;54293395;51541967;35819027;123570;39170649
FR;0;2022-03-14;1469;4147;14933;4403;13787;54294864;51546114;35833960;127973;39184436
FR;0;2022-03-15;1596;4366;16229;7549;14333;54296460;51550480;35850189;135522;39198769
FR;0;2022-03-16;2941;7058;19366;13128;18029;54299401;51557538;35869555;148650;39216798
FR;0;2022-03-17;1371;3710;13096;10835;11936;54300772;51561248;35882651;159485;39228734
FR;0;2022-03-18;2199;5534;19946;18275;18029;54302971;51566782;35902597;177760;39246763
FR;0;2022-03-19;2275;4674;13103;9395;12401;54305246;51571456;35915700;187155;39259164
FR;0;2022-03-20;293;708;1909;1065;1918;54305539;51572164;35917609;188220;39261082
FR;0;2022-03-21;1341;3131;12691;14929;11910;54306880;51575295;35930300;203149;39272992
FR;0;2022-03-22;1460;3583;13756;20518;12512;54308340;51578878;35944056;223667;39285504
FR;0;2022-03-23;2636;6076;17646;23129;17151;54310976;51584954;35961702;246796;39302655
FR;0;2022-03-24;1355;2918;11548;17569;10620;54312331;51587872;35973250;264365;39313275
FR;0;2022-03-25;2045;4812;18497;27738;16826;54314376;51592684;35991747;292103;39330101
FR;0;2022-03-26;2216;4236;12058;12656;11497;54316592;51596920;36003805;304759;39341598
FR;0;2022-03-27;354;681;1880;1474;1914;54316946;51597601;36005685;306233;39343512
FR;0;2022-03-28;1412;2938;11062;17452;10554;54318358;51600539;36016747;323685;39354066
FR;0;2022-03-29;1420;3225;12866;27528;12011;54319778;51603764;36029613;351213;39366077
FR;0;2022-03-30;2810;5363;15614;27342;15005;54322588;51609127;36045227;378555;39381082
FR;0;2022-03-31;1589;3147;12857;24877;12186;54324177;51612274;36058084;403432;39393268
FR;0;2022-04-01;2087;4278;19981;30801;18595;54326264;51616552;36078065;434233;39411863
FR;0;2022-04-02;1493;2607;9031;10099;8690;54327757;51619159;36087096;444332;39420553
FR;0;2022-04-03;274;497;1556;1168;1571;54328031;51619656;36088652;445500;39422124
FR;0;2022-04-04;1334;2547;12259;19062;11444;54329365;51622203;36100911;464562;39433568
FR;0;2022-04-05;1587;2917;14249;33972;13094;54330952;51625120;36115160;498534;39446662
FR;0;2022-04-06;2030;3615;13431;26304;12667;54332982;51628735;36128591;524838;39459329
FR;0;2022-04-07;1425;2847;13578;33596;12780;54334407;51631582;36142169;558434;39472109
FR;0;2022-04-08;2012;4065;19121;43622;17737;54336419;51635647;36161290;602056;39489846
FR;0;2022-04-09;1345;2650;9288;13537;8835;54337764;51638297;36170578;615593;39498681
FR;0;2022-04-10;276;552;1965;1992;1970;54338040;51638849;36172543;617585;39500651
FR;0;2022-04-11;1181;2453;11808;23624;11410;54339221;51641302;36184351;641209;39512061
FR;0;2022-04-12;1560;2764;13899;40536;13272;54340781;51644066;36198250;681745;39525333
FR;0;2022-04-13;1843;3400;13297;32733;12894;54342624;51647466;36211547;714478;39538227
FR;0;2022-04-14;1435;2650;13050;35916;12870;54344059;51650116;36224597;750394;39551097
FR;0;2022-04-15;1772;3276;15487;35223;14733;54345831;51653392;36240084;785617;39565830
FR;0;2022-04-16;1027;1810;6365;8515;6218;54346858;51655202;36246449;794132;39572048
FR;0;2022-04-17;183;316;989;1154;1027;54347041;51655518;36247438;795286;39573075
FR;0;2022-04-18;145;433;2727;1035;2745;54347186;51655951;36250165;796321;39575820
FR;0;2022-04-19;1460;2895;12836;29373;12343;54348646;51658846;36263001;825694;39588163
FR;0;2022-04-20;1895;3326;13169;28734;12833;54350541;51662172;36276170;854428;39600996
FR;0;2022-04-21;1468;2717;12412;34688;12429;54352009;51664889;36288582;889116;39613425
FR;0;2022-04-22;1813;3459;16385;37393;15746;54353822;51668348;36304967;926509;39629171
FR;0;2022-04-23;1117;2030;7352;10634;7199;54354939;51670378;36312319;937143;39636370
FR;0;2022-04-24;237;441;1468;1578;1402;54355176;51670819;36313787;938721;39637772
FR;0;2022-04-25;1247;2432;10626;20816;10415;54356423;51673251;36324413;959537;39648187
FR;0;2022-04-26;1556;2941;13562;38077;12997;54357979;51676192;36337975;997614;39661184
FR;0;2022-04-27;1902;2997;11429;30455;11462;54359881;51679189;36349404;1028069;39672646
FR;0;2022-04-28;1516;2634;12399;35648;12121;54361397;51681823;36361803;1063717;39684767
FR;0;2022-04-29;1942;3420;15369;36816;14722;54363339;51685243;36377172;1100533;39699489
FR;0;2022-04-30;1176;1794;6768;9630;6583;54364515;51687037;36383940;1110163;39706072
FR;0;2022-05-01;175;294;880;951;876;54364690;51687331;36384820;1111114;39706948
FR;0;2022-05-02;1135;2102;10837;17766;10603;54365825;51689433;36395657;1128880;39717551
FR;0;2022-05-03;1701;2859;13309;34109;13159;54367526;51692292;36408966;1162989;39730710
FR;0;2022-05-04;1787;2928;11670;25168;11766;54369313;51695220;36420636;1188157;39742476
FR;0;2022-05-05;1587;2603;12156;32896;11901;54370900;51697823;36432792;1221053;39754377
FR;0;2022-05-06;2031;3492;15063;36386;14540;54372931;51701315;36447855;1257439;39768917
FR;0;2022-05-07;1159;1744;6379;9554;6366;54374090;51703059;36454234;1266993;39775283
FR;0;2022-05-08;252;378;1150;1521;1203;54374342;51703437;36455384;1268514;39776486
FR;0;2022-05-09;1227;2094;9637;19931;9505;54375569;51705531;36465021;1288445;39785991
FR;0;2022-05-10;1610;2824;13012;38194;12593;54377179;51708355;36478033;1326639;39798584
FR;0;2022-05-11;1902;2680;10325;27427;10229;54379081;51711035;36488358;1354066;39808813
FR;0;2022-05-12;1493;2459;10927;34937;10555;54380574;51713494;36499285;1389003;39819368
FR;0;2022-05-13;1899;3075;13459;37250;13060;54382473;51716569;36512744;1426253;39832428
FR;0;2022-05-14;1108;1553;5556;10660;5416;54383581;51718122;36518300;1436913;39837844
FR;0;2022-05-15;258;397;1137;1417;1226;54383839;51718519;36519437;1438330;39839070
FR;0;2022-05-16;1116;1862;7841;20436;7844;54384955;51720381;36527278;1458766;39846914
FR;0;2022-05-17;1504;2402;10814;36934;10411;54386459;51722783;36538092;1495700;39857325
FR;0;2022-05-18;1709;2420;8710;26587;8679;54388168;51725203;36546802;1522287;39866004
FR;0;2022-05-19;1365;2423;9654;34491;9625;54389533;51727626;36556456;1556778;39875629
FR;0;2022-05-20;1803;2868;12189;38545;11717;54391336;51730494;36568645;1595323;39887346
FR;0;2022-05-21;1127;1616;5059;9695;4974;54392463;51732110;36573704;1605018;39892320
FR;0;2022-05-22;220;312;976;1330;962;54392683;51732422;36574680;1606348;39893282
FR;0;2022-05-23;1070;1824;7115;19543;7060;54393753;51734246;36581795;1625891;39900342
FR;0;2022-05-24;1446;2532;10058;36966;9869;54395199;51736778;36591853;1662857;39910211
FR;0;2022-05-25;1722;2606;8375;23839;8520;54396921;51739384;36600228;1686696;39918731
FR;0;2022-05-26;161;255;769;1014;811;54397082;51739639;36600997;1687710;39919542
FR;0;2022-05-27;1280;2221;7948;20668;7761;54398362;51741860;36608945;1708378;39927303
FR;0;2022-05-28;618;1167;3469;6625;3528;54398980;51743027;36612414;1715003;39930831
FR;0;2022-05-29;132;266;679;807;689;54399112;51743293;36613093;1715810;39931520
FR;0;2022-05-30;924;1714;5914;17842;5874;54400036;51745007;36619007;1733652;39937394
