fra;vaccin;jour;n_dose1;n_dose2;n_dose3;n_dose4;n_rappel;n_cum_dose1;n_cum_dose2;n_cum_dose3;n_cum_dose4;n_cum_rappel
FR;1;2020-12-27;602;0;0;0;0;602;0;0;0;0
FR;1;2020-12-28;668;1;0;0;0;1270;1;0;0;0
FR;1;2020-12-29;374;0;0;0;0;1644;1;0;0;0
FR;1;2020-12-30;440;0;0;0;0;2084;1;0;0;0
FR;1;2020-12-31;429;1;0;0;0;2513;2;0;0;0
FR;1;2021-01-01;1136;2;0;0;0;3649;4;0;0;0
FR;1;2021-01-02;356;3;0;0;0;4005;7;0;0;0
FR;1;2021-01-03;401;0;0;0;0;4406;7;0;0;0
FR;1;2021-01-04;2089;2;0;0;0;6495;9;0;0;0
FR;1;2021-01-05;7632;3;0;0;0;14127;12;0;0;0
FR;1;2021-01-06;12423;11;0;0;0;26550;23;0;0;0
FR;1;2021-01-07;29446;9;0;0;0;55996;32;0;0;0
FR;1;2021-01-08;37121;9;0;0;0;93117;41;0;0;0
FR;1;2021-01-09;11209;4;0;0;0;104326;45;0;0;0
FR;1;2021-01-10;5996;3;0;0;0;110322;48;0;0;0
FR;1;2021-01-11;39924;17;0;0;0;150246;65;0;0;0
FR;1;2021-01-12;62125;16;0;0;0;212371;81;0;0;0
FR;1;2021-01-13;65102;30;0;0;0;277473;111;0;0;0
FR;1;2021-01-14;81434;80;0;0;0;358907;191;0;0;0
FR;1;2021-01-15;68596;33;0;0;0;427503;224;0;0;0
FR;1;2021-01-16;19893;69;0;0;0;447396;293;0;0;0
FR;1;2021-01-17;10896;47;0;0;0;458292;340;0;0;0
FR;1;2021-01-18;82807;162;0;0;0;541099;502;0;0;0
FR;1;2021-01-19;125897;174;0;0;0;666996;676;0;0;0
FR;1;2021-01-20;132391;167;0;0;0;799387;843;0;0;0
FR;1;2021-01-21;153038;161;0;0;0;952425;1004;0;0;0
FR;1;2021-01-22;115926;200;0;0;0;1068351;1204;0;0;0
FR;1;2021-01-23;36601;64;0;0;0;1104952;1268;0;0;0
FR;1;2021-01-24;9580;71;0;0;0;1114532;1339;0;0;0
FR;1;2021-01-25;74412;1265;0;0;0;1188944;2604;0;0;0
FR;1;2021-01-26;96445;3288;1;0;0;1285389;5892;1;0;0
FR;1;2021-01-27;103623;5926;0;0;0;1389012;11818;1;0;0
FR;1;2021-01-28;120583;15013;0;0;0;1509595;26831;1;0;0
FR;1;2021-01-29;88879;17727;0;0;0;1598474;44558;1;0;0
FR;1;2021-01-30;27982;4311;0;0;0;1626456;48869;1;0;0
FR;1;2021-01-31;5183;1738;0;0;0;1631639;50607;1;0;0
FR;1;2021-02-01;49708;21539;0;0;0;1681347;72146;1;0;0
FR;1;2021-02-02;67791;35752;0;0;0;1749138;107898;1;0;0
FR;1;2021-02-03;67073;38053;0;0;0;1816211;145951;1;0;0
FR;1;2021-02-04;77118;51481;0;0;0;1893329;197432;1;0;0
FR;1;2021-02-05;63406;46128;0;0;0;1956735;243560;1;0;0
FR;1;2021-02-06;19407;10758;0;0;0;1976142;254318;1;0;0
FR;1;2021-02-07;3658;5317;0;0;0;1979800;259635;1;0;0
FR;1;2021-02-08;36481;46853;0;0;0;2016281;306488;1;0;0
FR;1;2021-02-09;50790;74472;0;0;0;2067071;380960;1;0;0
FR;1;2021-02-10;52044;79311;0;0;0;2119115;460271;1;0;0
FR;1;2021-02-11;63350;101226;0;0;0;2182465;561497;1;0;0
FR;1;2021-02-12;55838;74715;0;0;0;2238303;636212;1;0;0
FR;1;2021-02-13;15451;19269;0;0;0;2253754;655481;1;0;0
FR;1;2021-02-14;3744;7192;0;0;0;2257498;662673;1;0;0
FR;1;2021-02-15;24128;73531;0;0;0;2281626;736204;1;0;0
FR;1;2021-02-16;32754;96568;0;0;0;2314380;832772;1;0;0
FR;1;2021-02-17;35097;100125;1;0;0;2349477;932897;2;0;0
FR;1;2021-02-18;49425;115366;0;0;0;2398902;1048263;2;0;0
FR;1;2021-02-19;45367;86684;1;0;0;2444269;1134947;3;0;0
FR;1;2021-02-20;13376;27079;0;0;0;2457645;1162026;3;0;0
FR;1;2021-02-21;2454;6187;0;0;0;2460099;1168213;3;0;0
FR;1;2021-02-22;24704;69437;2;0;0;2484803;1237650;5;0;0
FR;1;2021-02-23;37415;80740;1;0;0;2522218;1318390;6;0;0
FR;1;2021-02-24;40672;78283;1;0;0;2562890;1396673;7;0;0
FR;1;2021-02-25;50132;87977;1;0;0;2613022;1484650;8;0;0
FR;1;2021-02-26;47189;67569;1;0;0;2660211;1552219;9;0;0
FR;1;2021-02-27;15667;21084;0;0;0;2675878;1573303;9;0;0
FR;1;2021-02-28;3552;4245;1;0;0;2679430;1577548;10;0;0
FR;1;2021-03-01;40146;49542;1;0;0;2719576;1627090;11;0;0
FR;1;2021-03-02;55958;61866;2;0;0;2775534;1688956;13;0;0
FR;1;2021-03-03;61202;60582;0;0;0;2836736;1749538;13;0;0
FR;1;2021-03-04;72971;66211;3;0;0;2909707;1815749;16;0;0
FR;1;2021-03-05;74734;58974;3;0;0;2984441;1874723;19;0;0
FR;1;2021-03-06;82434;15960;2;0;0;3066875;1890683;21;0;0
FR;1;2021-03-07;63702;4913;1;0;0;3130577;1895596;22;0;0
FR;1;2021-03-08;60141;41989;2;0;0;3190718;1937585;24;0;0
FR;1;2021-03-09;85962;47975;1;0;0;3276680;1985560;25;0;0
FR;1;2021-03-10;90873;47914;5;0;0;3367553;2033474;30;0;0
FR;1;2021-03-11;105037;54193;1;0;0;3472590;2087667;31;0;0
FR;1;2021-03-12;104084;45036;1;0;0;3576674;2132703;32;0;0
FR;1;2021-03-13;89182;12703;1;0;0;3665856;2145406;33;0;0
FR;1;2021-03-14;44445;2870;1;0;0;3710301;2148276;34;0;0
FR;1;2021-03-15;95473;28618;3;0;0;3805774;2176894;37;0;0
FR;1;2021-03-16;123569;34452;5;0;0;3929343;2211346;42;0;0
FR;1;2021-03-17;129279;34178;4;0;0;4058622;2245524;46;0;0
FR;1;2021-03-18;142857;39562;5;0;0;4201479;2285086;51;0;0
FR;1;2021-03-19;136212;32517;2;0;0;4337691;2317603;53;0;0
FR;1;2021-03-20;75974;9980;1;0;0;4413665;2327583;54;0;0
FR;1;2021-03-21;26494;2338;1;0;0;4440159;2329921;55;0;0
FR;1;2021-03-22;114719;30791;2;0;0;4554878;2360712;57;0;0
FR;1;2021-03-23;142992;38086;1;0;0;4697870;2398798;58;0;0
FR;1;2021-03-24;141966;38565;0;0;0;4839836;2437363;58;0;0
FR;1;2021-03-25;164970;39605;4;0;0;5004806;2476968;62;0;0
FR;1;2021-03-26;166361;37515;4;1;0;5171167;2514483;66;1;0
FR;1;2021-03-27;110866;15299;1;0;0;5282033;2529782;67;1;0
FR;1;2021-03-28;42293;3874;3;0;0;5324326;2533656;70;1;0
FR;1;2021-03-29;129787;49642;4;0;0;5454113;2583298;74;1;0
FR;1;2021-03-30;167684;63522;4;0;0;5621797;2646820;78;1;0
FR;1;2021-03-31;170890;67241;4;0;0;5792687;2714061;82;1;0
FR;1;2021-04-01;194728;80690;11;0;0;5987415;2794751;93;1;0
FR;1;2021-04-02;164416;84948;7;0;0;6151831;2879699;100;1;0
FR;1;2021-04-03;88225;58043;5;0;0;6240056;2937742;105;1;0
FR;1;2021-04-04;33586;17691;0;0;0;6273642;2955433;105;1;0
FR;1;2021-04-05;46376;9963;11;0;0;6320018;2965396;116;1;0
FR;1;2021-04-06;160262;102212;17;0;0;6480280;3067608;133;1;0
FR;1;2021-04-07;196931;108205;16;0;0;6677211;3175813;149;1;0
FR;1;2021-04-08;222052;112764;13;0;0;6899263;3288577;162;1;0
FR;1;2021-04-09;214503;107385;21;0;0;7113766;3395962;183;1;0
FR;1;2021-04-10;117150;73267;14;0;0;7230916;3469229;197;1;0
FR;1;2021-04-11;40873;30133;6;0;0;7271789;3499362;203;1;0
FR;1;2021-04-12;168416;103879;45;0;0;7440205;3603241;248;1;0
FR;1;2021-04-13;203752;127992;97;1;0;7643957;3731233;345;2;0
FR;1;2021-04-14;208548;122654;206;0;0;7852505;3853887;551;2;0
FR;1;2021-04-15;221606;127053;311;0;0;8074111;3980940;862;2;0
FR;1;2021-04-16;206006;125175;307;0;0;8280117;4106115;1169;2;0
FR;1;2021-04-17;122062;67272;103;0;0;8402179;4173387;1272;2;0
FR;1;2021-04-18;35953;20932;41;0;0;8438132;4194319;1313;2;0
FR;1;2021-04-19;163706;121708;430;0;0;8601838;4316027;1743;2;0
FR;1;2021-04-20;189358;148877;530;0;0;8791196;4464904;2273;2;0
FR;1;2021-04-21;193932;146916;758;0;0;8985128;4611820;3031;2;0
FR;1;2021-04-22;208979;163100;777;0;0;9194107;4774920;3808;2;0
FR;1;2021-04-23;198913;157051;671;0;0;9393020;4931971;4479;2;0
FR;1;2021-04-24;126302;95474;148;0;0;9519322;5027445;4627;2;0
FR;1;2021-04-25;53619;30019;46;0;0;9572941;5057464;4673;2;0
FR;1;2021-04-26;181087;138349;539;0;0;9754028;5195813;5212;2;0
FR;1;2021-04-27;221319;161871;900;0;0;9975347;5357684;6112;2;0
FR;1;2021-04-28;238242;155066;1310;1;1;10213589;5512750;7422;3;1
FR;1;2021-04-29;270224;160405;1207;0;0;10483813;5673155;8629;3;1
FR;1;2021-04-30;271931;148127;1069;0;0;10755744;5821282;9698;3;1
FR;1;2021-05-01;141117;40620;172;0;0;10896861;5861902;9870;3;1
FR;1;2021-05-02;81521;28089;81;0;0;10978382;5889991;9951;3;1
FR;1;2021-05-03;250728;145231;800;0;0;11229110;6035222;10751;3;1
FR;1;2021-05-04;265808;186870;1197;0;0;11494918;6222092;11948;3;1
FR;1;2021-05-05;283808;184767;1265;0;0;11778726;6406859;13213;3;1
FR;1;2021-05-06;309887;183223;1498;0;0;12088613;6590082;14711;3;1
FR;1;2021-05-07;284036;195653;1125;0;0;12372649;6785735;15836;3;1
FR;1;2021-05-08;191637;48660;284;0;0;12564286;6834395;16120;3;1
FR;1;2021-05-09;114044;35860;236;0;0;12678330;6870255;16356;3;1
FR;1;2021-05-10;258133;194006;1183;0;0;12936463;7064261;17539;3;1
FR;1;2021-05-11;318817;210979;1462;0;0;13255280;7275240;19001;3;1
FR;1;2021-05-12;356562;185707;1399;0;0;13611842;7460947;20400;3;1
FR;1;2021-05-13;283407;47703;399;0;0;13895249;7508650;20799;3;1
FR;1;2021-05-14;370435;128554;990;0;0;14265684;7637204;21789;3;1
FR;1;2021-05-15;298050;66089;402;0;0;14563734;7703293;22191;3;1
FR;1;2021-05-16;157751;15533;158;0;0;14721485;7718826;22349;3;1
FR;1;2021-05-17;318888;116284;1436;0;0;15040373;7835110;23785;3;1
FR;1;2021-05-18;383268;111188;1795;0;0;15423641;7946298;25580;3;1
FR;1;2021-05-19;395208;102566;2174;0;0;15818849;8048864;27754;3;1
FR;1;2021-05-20;421748;96096;2042;0;0;16240597;8144960;29796;3;1
FR;1;2021-05-21;399759;97174;1756;0;0;16640356;8242134;31552;3;1
FR;1;2021-05-22;275647;42013;602;0;0;16916003;8284147;32154;3;1
FR;1;2021-05-23;122989;11143;224;0;0;17038992;8295290;32378;3;1
FR;1;2021-05-24;243979;26214;566;0;0;17282971;8321504;32944;3;1
FR;1;2021-05-25;366174;131607;2108;1;0;17649145;8453111;35052;4;1
FR;1;2021-05-26;380765;125866;1988;0;0;18029910;8578977;37040;4;1
FR;1;2021-05-27;406093;127969;1974;0;0;18436003;8706946;39014;4;1
FR;1;2021-05-28;365971;145277;1698;0;0;18801974;8852223;40712;4;1
FR;1;2021-05-29;253802;80833;525;0;0;19055776;8933056;41237;4;1
FR;1;2021-05-30;100956;22536;157;0;0;19156732;8955592;41394;4;1
FR;1;2021-05-31;314261;148745;1280;1;1;19470993;9104337;42674;5;2
FR;1;2021-06-01;361521;166420;1724;1;1;19832514;9270757;44398;6;3
FR;1;2021-06-02;364743;153160;1791;0;0;20197257;9423917;46189;6;3
FR;1;2021-06-03;390569;147555;1647;0;0;20587826;9571472;47836;6;3
FR;1;2021-06-04;363584;175492;1492;1;1;20951410;9746964;49328;7;4
FR;1;2021-06-05;258462;112645;596;0;0;21209872;9859609;49924;7;4
FR;1;2021-06-06;126744;37545;215;0;0;21336616;9897154;50139;7;4
FR;1;2021-06-07;300215;207769;1362;0;0;21636831;10104923;51501;7;4
FR;1;2021-06-08;330546;220752;1637;0;0;21967377;10325675;53138;7;4
FR;1;2021-06-09;336399;212193;1607;0;0;22303776;10537868;54745;7;4
FR;1;2021-06-10;343696;201838;1608;0;0;22647472;10739706;56353;7;4
FR;1;2021-06-11;311730;235244;1293;0;0;22959202;10974950;57646;7;4
FR;1;2021-06-12;244028;150648;431;0;0;23203230;11125598;58077;7;4
FR;1;2021-06-13;100319;61002;188;0;0;23303549;11186600;58265;7;4
FR;1;2021-06-14;207673;288729;1316;1;0;23511222;11475329;59581;8;4
FR;1;2021-06-15;256713;282084;1391;1;0;23767935;11757413;60972;9;4
FR;1;2021-06-16;273528;270611;1262;1;0;24041463;12028024;62234;10;4
FR;1;2021-06-17;268100;244743;1231;1;0;24309563;12272767;63465;11;4
FR;1;2021-06-18;260423;295653;1149;1;0;24569986;12568420;64614;12;4
FR;1;2021-06-19;193414;209483;387;0;0;24763400;12777903;65001;12;4
FR;1;2021-06-20;69654;89152;117;0;0;24833054;12867055;65118;12;4
FR;1;2021-06-21;172200;319810;929;1;1;25005254;13186865;66047;13;5
FR;1;2021-06-22;185688;347841;1097;10;2;25190942;13534706;67144;23;7
FR;1;2021-06-23;204046;339472;1048;0;0;25394988;13874178;68192;23;7
FR;1;2021-06-24;203407;282095;1166;0;0;25598395;14156273;69358;23;7
FR;1;2021-06-25;182498;371835;1196;0;0;25780893;14528108;70554;23;7
FR;1;2021-06-26;131348;278327;502;0;0;25912241;14806435;71056;23;7
FR;1;2021-06-27;52374;122905;145;0;0;25964615;14929340;71201;23;7
FR;1;2021-06-28;136511;368154;1057;0;0;26101126;15297494;72258;23;7
FR;1;2021-06-29;154754;390724;1849;0;0;26255880;15688218;74107;23;7
FR;1;2021-06-30;179911;379689;1663;4;2;26435791;16067907;75770;27;9
FR;1;2021-07-01;201276;332195;1886;5;1;26637067;16400102;77656;32;10
FR;1;2021-07-02;193552;367660;1764;5;3;26830619;16767762;79420;37;13
FR;1;2021-07-03;124383;280450;704;3;1;26955002;17048212;80124;40;14
FR;1;2021-07-04;53908;113684;244;0;0;27008910;17161896;80368;40;14
FR;1;2021-07-05;153689;356018;1500;8;2;27162599;17517914;81868;48;16
FR;1;2021-07-06;173319;382519;1601;45;8;27335918;17900433;83469;93;24
FR;1;2021-07-07;190622;362573;1656;24;5;27526540;18263006;85125;117;29
FR;1;2021-07-08;201392;323112;1825;20;7;27727932;18586118;86950;137;36
FR;1;2021-07-09;189722;387649;1851;3;2;27917654;18973767;88801;140;38
FR;1;2021-07-10;129877;281141;814;1;1;28047531;19254908;89615;141;39
FR;1;2021-07-11;57628;102503;261;0;0;28105159;19357411;89876;141;39
FR;1;2021-07-12;149469;417017;1580;4;0;28254628;19774428;91456;145;39
FR;1;2021-07-13;234087;439500;1805;8;2;28488715;20213928;93261;153;41
FR;1;2021-07-14;171747;151533;417;0;0;28660462;20365461;93678;153;41
FR;1;2021-07-15;279483;424774;1856;1;0;28939945;20790235;95534;154;41
FR;1;2021-07-16;290269;401217;1710;3;1;29230214;21191452;97244;157;42
FR;1;2021-07-17;217282;282112;754;1;0;29447496;21473564;97998;158;42
FR;1;2021-07-18;101965;107303;288;0;0;29549461;21580867;98286;158;42
FR;1;2021-07-19;238076;379133;1495;3;0;29787537;21960000;99781;161;42
FR;1;2021-07-20;305588;380723;1468;0;0;30093125;22340723;101249;161;42
FR;1;2021-07-21;333136;353390;1412;4;2;30426261;22694113;102661;165;44
FR;1;2021-07-22;364528;319235;1501;3;2;30790789;23013348;104162;168;46
FR;1;2021-07-23;349092;343595;1586;4;2;31139881;23356943;105748;172;48
FR;1;2021-07-24;238912;240981;696;1;0;31378793;23597924;106444;173;48
FR;1;2021-07-25;112751;76061;215;0;0;31491544;23673985;106659;173;48
FR;1;2021-07-26;299021;290042;1496;2;2;31790565;23964027;108155;175;50
FR;1;2021-07-27;385707;268700;1457;4;2;32176272;24232727;109612;179;52
FR;1;2021-07-28;390101;251445;1460;4;2;32566373;24484172;111072;183;54
FR;1;2021-07-29;406024;228249;1538;2;1;32972397;24712421;112610;185;55
FR;1;2021-07-30;370601;246972;1633;4;1;33342998;24959393;114243;189;56
FR;1;2021-07-31;243355;165125;793;1;0;33586353;25124518;115036;190;56
FR;1;2021-08-01;105527;47231;233;0;0;33691880;25171749;115269;190;56
FR;1;2021-08-02;297041;213213;1475;2;0;33988921;25384962;116744;192;56
FR;1;2021-08-03;331184;209199;1547;2;1;34320105;25594161;118291;194;57
FR;1;2021-08-04;327857;184341;1436;5;3;34647962;25778502;119727;199;60
FR;1;2021-08-05;301127;193551;1482;0;0;34949089;25972053;121209;199;60
FR;1;2021-08-06;290853;224499;1558;3;1;35239942;26196552;122767;202;61
FR;1;2021-08-07;182598;158821;654;4;3;35422540;26355373;123421;206;64
FR;1;2021-08-08;68834;59127;247;0;0;35491374;26414500;123668;206;64
FR;1;2021-08-09;222633;235869;1438;4;3;35714007;26650369;125106;210;67
FR;1;2021-08-10;252519;240614;1486;2;1;35966526;26890983;126592;212;68
FR;1;2021-08-11;236062;232367;1271;5;1;36202588;27123350;127863;217;69
FR;1;2021-08-12;220643;240231;1484;3;1;36423231;27363581;129347;220;70
FR;1;2021-08-13;201626;238559;1356;2;2;36624857;27602140;130703;222;72
FR;1;2021-08-14;122815;174155;645;0;0;36747672;27776295;131348;222;72
FR;1;2021-08-15;34663;46123;198;1;0;36782335;27822418;131546;223;72
FR;1;2021-08-16;156843;289833;1421;0;0;36939178;28112251;132967;223;72
FR;1;2021-08-17;171509;291556;1420;5;1;37110687;28403807;134387;228;73
FR;1;2021-08-18;161324;286991;1389;6;3;37272011;28690798;135776;234;76
FR;1;2021-08-19;148827;277719;1397;1;0;37420838;28968517;137173;235;76
FR;1;2021-08-20;140428;309072;1524;2;2;37561266;29277589;138697;237;78
FR;1;2021-08-21;84240;213250;586;0;0;37645506;29490839;139283;237;78
FR;1;2021-08-22;28545;82688;230;0;0;37674051;29573527;139513;237;78
FR;1;2021-08-23;118588;321168;1420;2;1;37792639;29894695;140933;239;79
FR;1;2021-08-24;126594;319888;1602;5;1;37919233;30214583;142535;244;80
FR;1;2021-08-25;121462;306585;1776;8;3;38040695;30521168;144311;252;83
FR;1;2021-08-26;106531;286217;2157;10;1;38147226;30807385;146468;262;84
FR;1;2021-08-27;107597;321631;2300;9;3;38254823;31129016;148768;271;87
FR;1;2021-08-28;70971;220713;1100;0;0;38325794;31349729;149868;271;87
FR;1;2021-08-29;24135;78149;467;1;0;38349929;31427878;150335;272;87
FR;1;2021-08-30;96806;286514;4307;6;5119;38446735;31714392;154642;278;5206
FR;1;2021-08-31;98031;276436;9285;15;10170;38544766;31990828;163927;293;15376
FR;1;2021-09-01;112003;245335;21104;7;22073;38656769;32236163;185031;300;37449
FR;1;2021-09-02;84740;198019;24524;11;25443;38741509;32434182;209555;311;62892
FR;1;2021-09-03;82325;227603;26945;20;27971;38823834;32661785;236500;331;90863
FR;1;2021-09-04;71561;189716;11138;11;11653;38895395;32851501;247638;342;102516
FR;1;2021-09-05;18597;41189;4121;2;4291;38913992;32892690;251759;344;106807
FR;1;2021-09-06;59476;151625;30172;15;31147;38973468;33044315;281931;359;137954
FR;1;2021-09-07;57215;139725;30200;27;31109;39030683;33184040;312131;386;169063
FR;1;2021-09-08;71223;173880;26916;20;27866;39101906;33357920;339047;406;196929
FR;1;2021-09-09;54237;124571;28600;23;29651;39156143;33482491;367647;429;226580
FR;1;2021-09-10;65813;152090;30431;22;31563;39221956;33634581;398078;451;258143
FR;1;2021-09-11;52317;146613;9727;14;10304;39274273;33781194;407805;465;268447
FR;1;2021-09-12;10769;29243;2482;1;2637;39285042;33810437;410287;466;271084
FR;1;2021-09-13;51334;104601;38729;28;39917;39336376;33915038;449016;494;311001
FR;1;2021-09-14;53192;96059;51255;65;52892;39389568;34011097;500271;559;363893
FR;1;2021-09-15;60359;139300;50462;55;46965;39449927;34150397;550733;614;410858
FR;1;2021-09-16;46534;81434;53289;71;49476;39496461;34231831;604022;685;460334
FR;1;2021-09-17;53123;109386;45047;61;42640;39549584;34341217;649069;746;502974
FR;1;2021-09-18;37839;118488;11790;19;11256;39587423;34459705;660859;765;514230
FR;1;2021-09-19;6492;21036;2037;1;1973;39593915;34480741;662896;766;516203
FR;1;2021-09-20;36430;74919;46175;66;44088;39630345;34555660;709071;832;560291
FR;1;2021-09-21;34122;68145;56230;71;52618;39664467;34623805;765301;903;612909
FR;1;2021-09-22;38747;118531;49833;76;46819;39703214;34742336;815134;979;659728
FR;1;2021-09-23;31931;62846;54461;85;50820;39735145;34805182;869595;1064;710548
FR;1;2021-09-24;36723;90096;43641;91;41867;39771868;34895278;913236;1155;752415
FR;1;2021-09-25;27628;96614;12298;27;12163;39799496;34991892;925534;1182;764578
FR;1;2021-09-26;4357;15202;1770;5;1694;39803853;35007094;927304;1187;766272
FR;1;2021-09-27;27309;60235;42885;89;41564;39831162;35067329;970189;1276;807836
FR;1;2021-09-28;26844;49446;47157;75;44378;39858006;35116775;1017346;1351;852214
FR;1;2021-09-29;35829;80391;47245;87;45524;39893835;35197166;1064591;1438;897738
FR;1;2021-09-30;26012;46794;47492;79;45373;39919847;35243960;1112083;1517;943111
FR;1;2021-10-01;47135;65013;44859;83;44406;39966982;35308973;1156942;1600;987517
FR;1;2021-10-02;32334;62352;16106;32;16296;39999316;35371325;1173048;1632;1003813
FR;1;2021-10-03;4318;8576;2031;3;2024;40003634;35379901;1175079;1635;1005837
FR;1;2021-10-04;28767;44426;47088;79;46900;40032401;35424327;1222167;1714;1052737
FR;1;2021-10-05;24246;41621;49829;116;49181;40056647;35465948;1271996;1830;1101918
FR;1;2021-10-06;34407;61346;57441;102;57129;40091054;35527294;1329437;1932;1159047
FR;1;2021-10-07;20943;39815;52992;75;51810;40111997;35567109;1382429;2007;1210857
FR;1;2021-10-08;34954;59596;60360;83;61055;40146951;35626705;1442789;2090;1271912
FR;1;2021-10-09;27421;47970;25474;30;25971;40174372;35674675;1468263;2120;1297883
FR;1;2021-10-10;3640;5787;2746;7;2847;40178012;35680462;1471009;2127;1300730
FR;1;2021-10-11;24699;38161;54560;88;55168;40202711;35718623;1525569;2215;1355898
FR;1;2021-10-12;23129;36562;58021;126;59080;40225840;35755185;1583590;2341;1414978
FR;1;2021-10-13;32807;47782;64144;124;65613;40258647;35802967;1647734;2465;1480591
FR;1;2021-10-14;21603;34764;53726;103;54292;40280250;35837731;1701460;2568;1534883
FR;1;2021-10-15;32557;48809;72301;165;74917;40312807;35886540;1773761;2733;1609800
FR;1;2021-10-16;25957;35276;34857;44;36391;40338764;35921816;1808618;2777;1646191
FR;1;2021-10-17;3096;4063;3407;2;3317;40341860;35925879;1812025;2779;1649508
FR;1;2021-10-18;23524;34907;66804;131;69645;40365384;35960786;1878829;2910;1719153
FR;1;2021-10-19;20596;34587;75629;136;79516;40385980;35995373;1954458;3046;1798669
FR;1;2021-10-20;29799;44189;96142;177;99763;40415779;36039562;2050600;3223;1898432
FR;1;2021-10-21;19619;35088;83120;107;86980;40435398;36074650;2133720;3330;1985412
FR;1;2021-10-22;29534;47636;103700;196;109569;40464932;36122286;2237420;3526;2094981
FR;1;2021-10-23;23005;35157;44849;57;47351;40487937;36157443;2282269;3583;2142332
FR;1;2021-10-24;2373;3878;3579;6;3731;40490310;36161321;2285848;3589;2146063
FR;1;2021-10-25;22393;30825;81993;143;85759;40512703;36192146;2367841;3732;2231822
FR;1;2021-10-26;19296;27703;86059;162;90275;40531999;36219849;2453900;3894;2322097
FR;1;2021-10-27;26129;39666;107759;252;112602;40558128;36259515;2561659;4146;2434699
FR;1;2021-10-28;18603;27057;86894;150;91585;40576731;36286572;2648553;4296;2526284
FR;1;2021-10-29;25877;40178;114784;200;121516;40602608;36326750;2763337;4496;2647800
FR;1;2021-10-30;17674;28626;49339;75;51912;40620282;36355376;2812676;4571;2699712
FR;1;2021-10-31;2055;3199;3442;2;3677;40622337;36358575;2816118;4573;2703389
FR;1;2021-11-01;7711;4204;3021;3;3264;40630048;36362779;2819139;4576;2706653
FR;1;2021-11-02;21851;33204;92344;157;97686;40651899;36395983;2911483;4733;2804339
FR;1;2021-11-03;26283;41532;117443;215;123796;40678182;36437515;3028926;4948;2928135
FR;1;2021-11-04;19488;30290;105733;213;111820;40697670;36467805;3134659;5161;3039955
FR;1;2021-11-05;26903;42238;138717;227;147292;40724573;36510043;3273376;5388;3187247
FR;1;2021-11-06;18809;29821;63443;123;66410;40743382;36539864;3336819;5511;3253657
FR;1;2021-11-07;1789;3348;4958;6;5297;40745171;36543212;3341777;5517;3258954
FR;1;2021-11-08;17676;32304;125913;224;132468;40762847;36575516;3467690;5741;3391422
FR;1;2021-11-09;19237;37703;159218;335;168917;40782084;36613219;3626908;6076;3560339
FR;1;2021-11-10;28679;49183;181819;440;192364;40810763;36662402;3808727;6516;3752703
FR;1;2021-11-11;3794;5933;12194;26;13002;40814557;36668335;3820921;6542;3765705
FR;1;2021-11-12;25933;46863;174740;244;186336;40840490;36715198;3995661;6786;3952041
FR;1;2021-11-13;18691;29242;76801;111;81735;40859181;36744440;4072462;6897;4033776
FR;1;2021-11-14;2024;3315;6812;5;7384;40861205;36747755;4079274;6902;4041160
FR;1;2021-11-15;18591;34880;156337;303;166099;40879796;36782635;4235611;7205;4207259
FR;1;2021-11-16;21082;37924;192003;377;204780;40900878;36820559;4427614;7582;4412039
FR;1;2021-11-17;28497;45710;193143;399;204914;40929375;36866269;4620757;7981;4616953
FR;1;2021-11-18;21054;38889;182384;457;194351;40950429;36905158;4803141;8438;4811304
FR;1;2021-11-19;30773;53365;230139;529;246550;40981202;36958523;5033280;8967;5057854
FR;1;2021-11-20;23695;33321;96941;201;103578;41004897;36991844;5130221;9168;5161432
FR;1;2021-11-21;2313;4013;9096;18;9968;41007210;36995857;5139317;9186;5171400
FR;1;2021-11-22;21354;30484;175798;465;189319;41028564;37026341;5315115;9651;5360719
FR;1;2021-11-23;23870;41163;221093;538;237790;41052434;37067504;5536208;10189;5598509
FR;1;2021-11-24;30259;49756;217257;703;234374;41082693;37117260;5753465;10892;5832883
FR;1;2021-11-25;23487;43937;244351;718;263884;41106180;37161197;5997816;11610;6096767
FR;1;2021-11-26;30586;66546;356675;833;388360;41136766;37227743;6354491;12443;6485127
FR;1;2021-11-27;21782;45374;202549;371;222525;41158548;37273117;6557040;12814;6707652
FR;1;2021-11-28;3137;9674;54754;63;61030;41161685;37282791;6611794;12877;6768682
FR;1;2021-11-29;17854;49532;326270;840;354256;41179539;37332323;6938064;13717;7122938
FR;1;2021-11-30;22742;64958;431026;951;470590;41202281;37397281;7369090;14668;7593528
FR;1;2021-12-01;24917;69387;442741;1130;481588;41227198;37466668;7811831;15798;8075116
FR;1;2021-12-02;19973;64438;489244;1227;532685;41247171;37531106;8301075;17025;8607801
FR;1;2021-12-03;22828;81821;542600;1307;591582;41269999;37612927;8843675;18332;9199383
FR;1;2021-12-04;16370;53928;299026;652;328856;41286369;37666855;9142701;18984;9528239
FR;1;2021-12-05;3622;13913;81495;143;91050;41289991;37680768;9224196;19127;9619289
FR;1;2021-12-06;20884;62785;415304;1065;455016;41310875;37743553;9639500;20192;10074305
FR;1;2021-12-07;19794;75820;522806;1531;572406;41330669;37819373;10162306;21723;10646711
FR;1;2021-12-08;21563;75849;458219;1543;501914;41352232;37895222;10620525;23266;11148625
FR;1;2021-12-09;19393;74116;492757;1625;540616;41371625;37969338;11113282;24891;11689241
FR;1;2021-12-10;23004;87637;547261;1586;599841;41394629;38056975;11660543;26477;12289082
FR;1;2021-12-11;16516;59015;302678;747;335424;41411145;38115990;11963221;27224;12624506
FR;1;2021-12-12;4344;16029;83179;179;94080;41415489;38132019;12046400;27403;12718586
FR;1;2021-12-13;15492;63826;366825;1093;406184;41430981;38195845;12413225;28496;13124770
FR;1;2021-12-14;20497;80342;464537;1741;515024;41451478;38276187;12877762;30237;13639794
FR;1;2021-12-15;21419;77523;408913;1307;452983;41472897;38353710;13286675;31544;14092777
FR;1;2021-12-16;19965;77393;451675;1574;500456;41492862;38431103;13738350;33118;14593233
FR;1;2021-12-17;22526;86708;479788;1732;530922;41515388;38517811;14218138;34850;15124155
FR;1;2021-12-18;17583;54741;257559;730;288473;41532971;38572552;14475697;35580;15412628
FR;1;2021-12-19;5537;17128;79131;194;90738;41538508;38589680;14554828;35774;15503366
FR;1;2021-12-20;20795;63181;316103;1081;355171;41559303;38652861;14870931;36855;15858537
FR;1;2021-12-21;26100;73240;372618;1421;417974;41585403;38726101;15243549;38276;16276511
FR;1;2021-12-22;24903;66001;310507;1215;349474;41610306;38792102;15554056;39491;16625985
FR;1;2021-12-23;21236;52353;241392;954;272976;41631542;38844455;15795448;40445;16898961
FR;1;2021-12-24;7100;18264;67109;256;77032;41638642;38862719;15862557;40701;16975993
FR;1;2021-12-25;501;2767;5569;15;6530;41639143;38865486;15868126;40716;16982523
FR;1;2021-12-26;2748;7599;26922;70;31449;41641891;38873085;15895048;40786;17013972
FR;1;2021-12-27;18226;53574;235018;707;265703;41660117;38926659;16130066;41493;17279675
FR;1;2021-12-28;23251;62039;291952;1025;330148;41683368;38988698;16422018;42518;17609823
FR;1;2021-12-29;22195;55562;254916;918;288135;41705563;39044260;16676934;43436;17897958
FR;1;2021-12-30;21224;46368;212097;857;239565;41726787;39090628;16889031;44293;18137523
FR;1;2021-12-31;7460;16632;61834;229;70359;41734247;39107260;16950865;44522;18207882
FR;1;2022-01-01;961;2481;5644;29;6574;41735208;39109741;16956509;44551;18214456
FR;1;2022-01-02;3043;8068;28872;50;33526;41738251;39117809;16985381;44601;18247982
FR;1;2022-01-03;20264;53929;228113;786;257521;41758515;39171738;17213494;45387;18505503
FR;1;2022-01-04;25080;64859;299148;1235;337194;41783595;39236597;17512642;46622;18842697
FR;1;2022-01-05;29774;63960;274771;1098;310117;41813369;39300557;17787413;47720;19152814
FR;1;2022-01-06;26567;65979;306799;1396;346421;41839936;39366536;18094212;49116;19499235
FR;1;2022-01-07;31360;74685;349752;1534;393843;41871296;39441221;18443964;50650;19893078
FR;1;2022-01-08;23347;51387;222461;695;251094;41894643;39492608;18666425;51345;20144172
FR;1;2022-01-09;7074;17193;66012;163;76152;41901717;39509801;18732437;51508;20220324
FR;1;2022-01-10;21475;56218;236693;952;267103;41923192;39566019;18969130;52460;20487427
FR;1;2022-01-11;26494;63184;282197;1277;317743;41949686;39629203;19251327;53737;20805170
FR;1;2022-01-12;28738;62290;246145;1103;277919;41978424;39691493;19497472;54840;21083089
FR;1;2022-01-13;24464;59977;262710;1253;296063;42002888;39751470;19760182;56093;21379152
FR;1;2022-01-14;27796;66537;313901;1366;351178;42030684;39818007;20074083;57459;21730330
FR;1;2022-01-15;19259;44362;199269;619;223842;42049943;39862369;20273352;58078;21954172
FR;1;2022-01-16;5134;12997;51495;135;59575;42055077;39875366;20324847;58213;22013747
FR;1;2022-01-17;16757;39727;184775;779;206813;42071834;39915093;20509622;58992;22220560
FR;1;2022-01-18;19241;45786;212350;1151;236982;42091075;39960879;20721972;60143;22457542
FR;1;2022-01-19;20156;43950;176042;894;197176;42111231;40004829;20898014;61037;22654718
FR;1;2022-01-20;16605;40416;183582;1137;204673;42127836;40045245;21081596;62174;22859391
FR;1;2022-01-21;19741;46958;228884;1406;253299;42147577;40092203;21310480;63580;23112690
FR;1;2022-01-22;13826;33267;144467;578;161362;42161403;40125470;21454947;64158;23274052
FR;1;2022-01-23;3346;8801;33402;130;38324;42164749;40134271;21488349;64288;23312376
FR;1;2022-01-24;11736;32729;142156;706;158238;42176485;40167000;21630505;64994;23470614
FR;1;2022-01-25;14101;38060;163336;1048;181526;42190586;40205060;21793841;66042;23652140
FR;1;2022-01-26;14827;37401;150198;931;166260;42205413;40242461;21944039;66973;23818400
FR;1;2022-01-27;12286;32976;143395;884;157877;42217699;40275437;22087434;67857;23976277
FR;1;2022-01-28;16249;53925;198248;1144;222441;42233948;40329362;22285682;69001;24198718
FR;1;2022-01-29;10257;35439;135175;522;151544;42244205;40364801;22420857;69523;24350262
FR;1;2022-01-30;2474;9300;29666;86;34463;42246679;40374101;22450523;69609;24384725
FR;1;2022-01-31;8728;32358;104301;530;117391;42255407;40406459;22554824;70139;24502116
FR;1;2022-02-01;10192;36278;127021;863;141229;42265599;40442737;22681845;71002;24643345
FR;1;2022-02-02;11520;41151;130299;780;145840;42277119;40483888;22812144;71782;24789185
FR;1;2022-02-03;8767;33420;116952;780;130352;42285886;40517308;22929096;72562;24919537
FR;1;2022-02-04;11402;48108;172521;965;192780;42297288;40565416;23101617;73527;25112317
FR;1;2022-02-05;7888;33905;117552;391;133054;42305176;40599321;23219169;73918;25245371
FR;1;2022-02-06;1689;8049;22735;85;26907;42306865;40607370;23241904;74003;25272278
FR;1;2022-02-07;7142;35355;119044;452;134967;42314007;40642725;23360948;74455;25407245
FR;1;2022-02-08;7570;31576;125600;694;140573;42321577;40674301;23486548;75149;25547818
FR;1;2022-02-09;8464;36186;135206;695;152424;42330041;40710487;23621754;75844;25700242
FR;1;2022-02-10;6584;29348;116296;674;130053;42336625;40739835;23738050;76518;25830295
FR;1;2022-02-11;8563;41361;165079;875;185287;42345188;40781196;23903129;77393;26015582
FR;1;2022-02-12;5293;27531;106671;378;120844;42350481;40808727;24009800;77771;26136426
FR;1;2022-02-13;1223;5699;21705;65;25317;42351704;40814426;24031505;77836;26161743
FR;1;2022-02-14;5380;27081;118035;388;133056;42357084;40841507;24149540;78224;26294799
FR;1;2022-02-15;5588;28126;118850;609;132442;42362672;40869633;24268390;78833;26427241
FR;1;2022-02-16;5648;28164;110374;595;122976;42368320;40897797;24378764;79428;26550217
FR;1;2022-02-17;4415;19219;73098;486;80157;42372735;40917016;24451862;79914;26630374
FR;1;2022-02-18;5500;26489;99153;668;108098;42378235;40943505;24551015;80582;26738472
FR;1;2022-02-19;3533;17081;59458;304;66030;42381768;40960586;24610473;80886;26804502
FR;1;2022-02-20;784;3225;10690;35;12313;42382552;40963811;24621163;80921;26816815
FR;1;2022-02-21;3359;14474;52791;286;57638;42385911;40978285;24673954;81207;26874453
FR;1;2022-02-22;3718;15369;51869;499;55594;42389629;40993654;24725823;81706;26930047
FR;1;2022-02-23;4161;17619;57445;508;62546;42393790;41011273;24783268;82214;26992593
FR;1;2022-02-24;3240;12762;43569;436;46350;42397030;41024035;24826837;82650;27038943
FR;1;2022-02-25;4400;19414;64846;695;68709;42401430;41043449;24891683;83345;27107652
FR;1;2022-02-26;2677;12685;41349;308;45102;42404107;41056134;24933032;83653;27152754
FR;1;2022-02-27;639;2169;7116;42;7981;42404746;41058303;24940148;83695;27160735
FR;1;2022-02-28;2563;10212;34925;301;37348;42407309;41068515;24975073;83996;27198083
FR;1;2022-03-01;2733;10399;38645;389;39566;42410042;41078914;25013718;84385;27237649
FR;1;2022-03-02;3444;11892;41809;390;43861;42413486;41090806;25055527;84775;27281510
FR;1;2022-03-03;2299;7580;26119;320;26432;42415785;41098386;25081646;85095;27307942
FR;1;2022-03-04;2653;10231;35391;575;34868;42418438;41108617;25117037;85670;27342810
FR;1;2022-03-05;1692;6292;21944;278;22331;42420130;41114909;25138981;85948;27365141
FR;1;2022-03-06;350;938;2914;37;3112;42420480;41115847;25141895;85985;27368253
FR;1;2022-03-07;1393;4571;16406;245;15863;42421873;41120418;25158301;86230;27384116
FR;1;2022-03-08;1538;5089;17126;307;15948;42423411;41125507;25175427;86537;27400064
FR;1;2022-03-09;1868;6473;19776;367;19123;42425279;41131980;25195203;86904;27419187
FR;1;2022-03-10;1302;4426;15195;305;14210;42426581;41136406;25210398;87209;27433397
FR;1;2022-03-11;1691;6156;21675;480;19822;42428272;41142562;25232073;87689;27453219
FR;1;2022-03-12;1227;4596;15350;276;14896;42429499;41147158;25247423;87965;27468115
FR;1;2022-03-13;240;604;2103;115;2051;42429739;41147762;25249526;88080;27470166
FR;1;2022-03-14;1074;3567;13365;3873;12490;42430813;41151329;25262891;91953;27482656
FR;1;2022-03-15;1258;3838;14518;6861;12996;42432071;41155167;25277409;98814;27495652
FR;1;2022-03-16;1603;4756;17336;11513;16388;42433674;41159923;25294745;110327;27512040
FR;1;2022-03-17;1094;3167;11681;9637;10775;42434768;41163090;25306426;119964;27522815
FR;1;2022-03-18;1664;4714;17919;16484;16346;42436432;41167804;25324345;136448;27539161
FR;1;2022-03-19;1111;3187;11881;8451;11347;42437543;41170991;25336226;144899;27550508
FR;1;2022-03-20;218;534;1716;1006;1749;42437761;41171525;25337942;145905;27552257
FR;1;2022-03-21;1038;2689;11471;13442;10815;42438799;41174214;25349413;159347;27563072
FR;1;2022-03-22;1189;3067;12219;18682;11207;42439988;41177281;25361632;178029;27574279
FR;1;2022-03-23;1464;4166;15964;20090;15643;42441452;41181447;25377596;198119;27589922
FR;1;2022-03-24;1069;2518;10357;16012;9609;42442521;41183965;25387953;214131;27599531
FR;1;2022-03-25;1499;4023;16680;25280;15322;42444020;41187988;25404633;239411;27614853
FR;1;2022-03-26;1097;2857;10838;11430;10496;42445117;41190845;25415471;250841;27625349
FR;1;2022-03-27;228;537;1728;1378;1780;42445345;41191382;25417199;252219;27627129
FR;1;2022-03-28;1034;2354;9930;15861;9551;42446379;41193736;25427129;268080;27636680
FR;1;2022-03-29;1111;2699;11518;25059;10885;42447490;41196435;25438647;293139;27647565
FR;1;2022-03-30;1593;3458;14113;24144;13644;42449083;41199893;25452760;317283;27661209
FR;1;2022-03-31;1260;2604;11591;22548;11095;42450343;41202497;25464351;339831;27672304
FR;1;2022-04-01;1654;3734;18396;28448;17242;42451997;41206231;25482747;368279;27689546
FR;1;2022-04-02;883;1853;8174;9205;7922;42452880;41208084;25490921;377484;27697468
FR;1;2022-04-03;187;365;1427;1056;1427;42453067;41208449;25492348;378540;27698895
FR;1;2022-04-04;1059;2152;11268;17628;10641;42454126;41210601;25503616;396168;27709536
FR;1;2022-04-05;1249;2483;12918;31096;11935;42455375;41213084;25516534;427264;27721471
FR;1;2022-04-06;1317;2697;12101;23766;11513;42456692;41215781;25528635;451030;27732984
FR;1;2022-04-07;1131;2475;12264;30904;11722;42457823;41218256;25540899;481934;27744706
FR;1;2022-04-08;1557;3463;17473;40398;16390;42459380;41221719;25558372;522332;27761096
FR;1;2022-04-09;803;1971;8380;12474;8074;42460183;41223690;25566752;534806;27769170
FR;1;2022-04-10;185;458;1818;1831;1849;42460368;41224148;25568570;536637;27771019
FR;1;2022-04-11;943;2102;10921;22111;10631;42461311;41226250;25579491;558748;27781650
FR;1;2022-04-12;1193;2375;12723;37812;12214;42462504;41228625;25592214;596560;27793864
FR;1;2022-04-13;1159;2591;12179;30304;11892;42463663;41231216;25604393;626864;27805756
FR;1;2022-04-14;1169;2285;11971;33252;11954;42464832;41233501;25616364;660116;27817710
FR;1;2022-04-15;1410;2777;14292;32972;13664;42466242;41236278;25630656;693088;27831374
FR;1;2022-04-16;649;1388;5819;7971;5740;42466891;41237666;25636475;701059;27837114
FR;1;2022-04-17;148;271;927;1103;969;42467039;41237937;25637402;702162;27838083
FR;1;2022-04-18;117;375;2605;970;2629;42467156;41238312;25640007;703132;27840712
FR;1;2022-04-19;1183;2479;11711;27681;11388;42468339;41240791;25651718;730813;27852100
FR;1;2022-04-20;1255;2511;12070;26651;11895;42469594;41243302;25663788;757464;27863995
FR;1;2022-04-21;1202;2333;11425;32854;11578;42470796;41245635;25675213;790318;27875573
FR;1;2022-04-22;1469;2939;15137;35317;14723;42472265;41248574;25690350;825635;27890296
FR;1;2022-04-23;741;1552;6704;9869;6606;42473006;41250126;25697054;835504;27896902
FR;1;2022-04-24;184;355;1367;1510;1319;42473190;41250481;25698421;837014;27898221
FR;1;2022-04-25;987;2039;9806;19533;9692;42474177;41252520;25708227;856547;27907913
FR;1;2022-04-26;1289;2569;12517;36246;12113;42475466;41255089;25720744;892793;27920026
FR;1;2022-04-27;1273;2345;10555;28811;10687;42476739;41257434;25731299;921604;27930713
FR;1;2022-04-28;1241;2279;11451;33787;11271;42477980;41259713;25742750;955391;27941984
FR;1;2022-04-29;1561;2895;14237;35119;13666;42479541;41262608;25756987;990510;27955650
FR;1;2022-04-30;801;1432;6327;9106;6167;42480342;41264040;25763314;999616;27961817
FR;1;2022-05-01;149;260;805;914;799;42480491;41264300;25764119;1000530;27962616
FR;1;2022-05-02;882;1799;10146;16588;10012;42481373;41266099;25774265;1017118;27972628
FR;1;2022-05-03;1341;2488;12344;32389;12251;42482714;41268587;25786609;1049507;27984879
FR;1;2022-05-04;1263;2384;10770;23408;10919;42483977;41270971;25797379;1072915;27995798
FR;1;2022-05-05;1305;2316;11367;31253;11199;42485282;41273287;25808746;1104168;28006997
FR;1;2022-05-06;1646;3090;13984;34539;13538;42486928;41276377;25822730;1138707;28020535
FR;1;2022-05-07;816;1441;5899;9043;5930;42487744;41277818;25828629;1147750;28026465
FR;1;2022-05-08;180;315;1042;1447;1103;42487924;41278133;25829671;1149197;28027568
FR;1;2022-05-09;997;1827;9049;18950;8960;42488921;41279960;25838720;1168147;28036528
FR;1;2022-05-10;1337;2465;12156;36503;11775;42490258;41282425;25850876;1204650;28048303
FR;1;2022-05-11;1355;2169;9607;25616;9517;42491613;41284594;25860483;1230266;28057820
FR;1;2022-05-12;1230;2198;10180;32908;9836;42492843;41286792;25870663;1263174;28067656
FR;1;2022-05-13;1546;2676;12546;35306;12200;42494389;41289468;25883209;1298480;28079856
FR;1;2022-05-14;752;1262;5266;10110;5142;42495141;41290730;25888475;1308590;28084998
FR;1;2022-05-15;202;360;1136;1332;1205;42495343;41291090;25889611;1309922;28086203
FR;1;2022-05-16;901;1624;7447;19638;7496;42496244;41292714;25897058;1329560;28093699
FR;1;2022-05-17;1218;2126;10402;35358;10008;42497462;41294840;25907460;1364918;28103707
FR;1;2022-05-18;1216;1939;8216;25246;8165;42498678;41296779;25915676;1390164;28111872
FR;1;2022-05-19;1129;2201;9100;32799;9044;42499807;41298980;25924776;1422963;28120916
FR;1;2022-05-20;1510;2539;11454;37050;11077;42501317;41301519;25936230;1460013;28131993
FR;1;2022-05-21;750;1301;4700;9189;4658;42502067;41302820;25940930;1469202;28136651
FR;1;2022-05-22;175;267;914;1296;910;42502242;41303087;25941844;1470498;28137561
FR;1;2022-05-23;882;1625;6892;18830;6847;42503124;41304712;25948736;1489328;28144408
FR;1;2022-05-24;1216;2263;9640;35859;9479;42504340;41306975;25958376;1525187;28153887
FR;1;2022-05-25;1203;2120;7972;23014;8128;42505543;41309095;25966348;1548201;28162015
FR;1;2022-05-26;133;229;725;986;757;42505676;41309324;25967073;1549187;28162772
FR;1;2022-05-27;1023;1967;7606;20096;7420;42506699;41311291;25974679;1569283;28170192
FR;1;2022-05-28;454;980;3295;6448;3337;42507153;41312271;25977974;1575731;28173529
FR;1;2022-05-29;105;227;654;828;651;42507258;41312498;25978628;1576559;28174180
FR;1;2022-05-30;761;1578;5722;17852;5731;42508019;41314076;25984350;1594411;28179911
FR;1;2022-05-31;1183;2014;8625;32813;8513;42509202;41316090;25992975;1627224;28188424
FR;1;2022-06-01;1041;1889;6742;21685;6714;42510243;41317979;25999717;1648909;28195138
FR;2;2020-12-27;0;0;0;0;0;0;0;0;0;0
FR;2;2020-12-28;0;0;0;0;0;0;0;0;0;0
FR;2;2020-12-29;0;0;0;0;0;0;0;0;0;0
FR;2;2020-12-30;0;0;0;0;0;0;0;0;0;0
FR;2;2020-12-31;0;0;0;0;0;0;0;0;0;0
FR;2;2021-01-01;0;0;0;0;0;0;0;0;0;0
FR;2;2021-01-02;0;0;0;0;0;0;0;0;0;0
FR;2;2021-01-03;0;0;0;0;0;0;0;0;0;0
FR;2;2021-01-04;0;0;0;0;0;0;0;0;0;0
FR;2;2021-01-05;0;0;0;0;0;0;0;0;0;0
FR;2;2021-01-06;0;0;0;0;0;0;0;0;0;0
FR;2;2021-01-07;0;0;0;0;0;0;0;0;0;0
FR;2;2021-01-08;0;0;0;0;0;0;0;0;0;0
FR;2;2021-01-09;0;0;0;0;0;0;0;0;0;0
FR;2;2021-01-10;0;0;0;0;0;0;0;0;0;0
FR;2;2021-01-11;0;0;0;0;0;0;0;0;0;0
FR;2;2021-01-12;0;0;0;0;0;0;0;0;0;0
FR;2;2021-01-13;0;0;0;0;0;0;0;0;0;0
FR;2;2021-01-14;1686;0;0;0;0;1686;0;0;0;0
FR;2;2021-01-15;396;0;0;0;0;2082;0;0;0;0
FR;2;2021-01-16;315;0;0;0;0;2397;0;0;0;0
FR;2;2021-01-17;81;0;0;0;0;2478;0;0;0;0
FR;2;2021-01-18;3073;2;0;0;0;5551;2;0;0;0
FR;2;2021-01-19;4676;0;0;0;0;10227;2;0;0;0
FR;2;2021-01-20;5135;4;0;0;0;15362;6;0;0;0
FR;2;2021-01-21;5338;8;0;0;0;20700;14;0;0;0
FR;2;2021-01-22;5115;8;0;0;0;25815;22;0;0;0
FR;2;2021-01-23;1866;0;0;0;0;27681;22;0;0;0
FR;2;2021-01-24;160;1;0;0;0;27841;23;0;0;0
FR;2;2021-01-25;3811;3;0;0;0;31652;26;0;0;0
FR;2;2021-01-26;3919;1;0;0;0;35571;27;0;0;0
FR;2;2021-01-27;3598;2;0;0;0;39169;29;0;0;0
FR;2;2021-01-28;3747;7;0;0;0;42916;36;0;0;0
FR;2;2021-01-29;3292;2;0;0;0;46208;38;0;0;0
FR;2;2021-01-30;1130;1;0;0;0;47338;39;0;0;0
FR;2;2021-01-31;45;1;0;0;0;47383;40;0;0;0
FR;2;2021-02-01;3399;3;0;0;0;50782;43;0;0;0
FR;2;2021-02-02;4489;10;0;0;0;55271;53;0;0;0
FR;2;2021-02-03;5218;6;0;0;0;60489;59;0;0;0
FR;2;2021-02-04;4931;10;0;0;0;65420;69;0;0;0
FR;2;2021-02-05;4810;13;0;0;0;70230;82;0;0;0
FR;2;2021-02-06;2040;12;0;0;0;72270;94;0;0;0
FR;2;2021-02-07;101;4;0;0;0;72371;98;0;0;0
FR;2;2021-02-08;7553;19;0;0;0;79924;117;0;0;0
FR;2;2021-02-09;8420;28;0;0;0;88344;145;0;0;0
FR;2;2021-02-10;9338;58;0;0;0;97682;203;0;0;0
FR;2;2021-02-11;10279;98;0;0;0;107961;301;0;0;0
FR;2;2021-02-12;10053;260;0;0;0;118014;561;0;0;0
FR;2;2021-02-13;3118;226;0;0;0;121132;787;0;0;0
FR;2;2021-02-14;355;8;0;0;0;121487;795;0;0;0
FR;2;2021-02-15;3454;3099;0;0;0;124941;3894;0;0;0
FR;2;2021-02-16;5066;4032;0;0;0;130007;7926;0;0;0
FR;2;2021-02-17;4253;4469;0;0;0;134260;12395;0;0;0
FR;2;2021-02-18;5400;5118;0;0;0;139660;17513;0;0;0
FR;2;2021-02-19;5324;4401;0;0;0;144984;21914;0;0;0
FR;2;2021-02-20;1869;1508;0;0;0;146853;23422;0;0;0
FR;2;2021-02-21;242;88;0;0;0;147095;23510;0;0;0
FR;2;2021-02-22;3611;3750;0;0;0;150706;27260;0;0;0
FR;2;2021-02-23;4952;3691;0;0;0;155658;30951;0;0;0
FR;2;2021-02-24;5010;3495;0;0;0;160668;34446;0;0;0
FR;2;2021-02-25;5483;3454;0;0;0;166151;37900;0;0;0
FR;2;2021-02-26;4361;3148;0;0;0;170512;41048;0;0;0
FR;2;2021-02-27;1623;1053;0;0;0;172135;42101;0;0;0
FR;2;2021-02-28;177;29;0;0;0;172312;42130;0;0;0
FR;2;2021-03-01;5178;3726;0;0;0;177490;45856;0;0;0
FR;2;2021-03-02;6528;4729;0;0;0;184018;50585;0;0;0
FR;2;2021-03-03;6534;4921;0;0;0;190552;55506;0;0;0
FR;2;2021-03-04;8397;4056;0;0;0;198949;59562;0;0;0
FR;2;2021-03-05;8028;4063;0;0;0;206977;63625;0;0;0
FR;2;2021-03-06;4783;1684;0;0;0;211760;65309;0;0;0
FR;2;2021-03-07;2372;30;0;0;0;214132;65339;0;0;0
FR;2;2021-03-08;4164;8333;0;0;0;218296;73672;0;0;0
FR;2;2021-03-09;7485;8498;1;0;0;225781;82170;1;0;0
FR;2;2021-03-10;7099;9141;0;0;0;232880;91311;1;0;0
FR;2;2021-03-11;9372;9243;1;0;0;242252;100554;2;0;0
FR;2;2021-03-12;7972;8224;0;0;0;250224;108778;2;0;0
FR;2;2021-03-13;10046;2558;0;0;0;260270;111336;2;0;0
FR;2;2021-03-14;4838;404;0;0;0;265108;111740;2;0;0
FR;2;2021-03-15;10905;3486;0;0;0;276013;115226;2;0;0
FR;2;2021-03-16;16761;4648;1;0;0;292774;119874;3;0;0
FR;2;2021-03-17;20226;3973;0;0;0;313000;123847;3;0;0
FR;2;2021-03-18;23364;4974;0;0;0;336364;128821;3;0;0
FR;2;2021-03-19;23302;4578;0;0;0;359666;133399;3;0;0
FR;2;2021-03-20;25443;1549;0;0;0;385109;134948;3;0;0
FR;2;2021-03-21;17669;150;0;0;0;402778;135098;3;0;0
FR;2;2021-03-22;17782;3142;0;0;0;420560;138240;3;0;0
FR;2;2021-03-23;22687;4200;0;0;0;443247;142440;3;0;0
FR;2;2021-03-24;23954;5018;0;0;0;467201;147458;3;0;0
FR;2;2021-03-25;26739;5140;1;0;0;493940;152598;4;0;0
FR;2;2021-03-26;26976;4238;0;0;0;520916;156836;4;0;0
FR;2;2021-03-27;15918;1330;0;0;0;536834;158166;4;0;0
FR;2;2021-03-28;10561;119;0;0;0;547395;158285;4;0;0
FR;2;2021-03-29;18987;4289;0;0;0;566382;162574;4;0;0
FR;2;2021-03-30;24576;6028;0;0;0;590958;168602;4;0;0
FR;2;2021-03-31;28553;5925;0;0;0;619511;174527;4;0;0
FR;2;2021-04-01;34544;8499;1;0;0;654055;183026;5;0;0
FR;2;2021-04-02;29976;7669;0;0;0;684031;190695;5;0;0
FR;2;2021-04-03;16953;3790;0;0;0;700984;194485;5;0;0
FR;2;2021-04-04;9305;1024;2;0;0;710289;195509;7;0;0
FR;2;2021-04-05;12444;805;0;0;0;722733;196314;7;0;0
FR;2;2021-04-06;27143;7037;0;0;0;749876;203351;7;0;0
FR;2;2021-04-07;30926;7146;1;0;0;780802;210497;8;0;0
FR;2;2021-04-08;36880;8726;1;0;0;817682;219223;9;0;0
FR;2;2021-04-09;33835;8540;28;0;0;851517;227763;37;0;0
FR;2;2021-04-10;19678;9028;1;0;0;871195;236791;38;0;0
FR;2;2021-04-11;7941;4255;1;0;0;879136;241046;39;0;0
FR;2;2021-04-12;17121;11138;0;0;0;896257;252184;39;0;0
FR;2;2021-04-13;19448;16188;1;0;0;915705;268372;40;0;0
FR;2;2021-04-14;18060;16311;7;0;0;933765;284683;47;0;0
FR;2;2021-04-15;22186;21008;27;0;0;955951;305691;74;0;0
FR;2;2021-04-16;20705;20152;45;0;0;976656;325843;119;0;0
FR;2;2021-04-17;13253;22433;5;0;0;989909;348276;124;0;0
FR;2;2021-04-18;5907;14393;6;0;0;995816;362669;130;0;0
FR;2;2021-04-19;16831;16276;24;0;0;1012647;378945;154;0;0
FR;2;2021-04-20;19319;21591;38;0;0;1031966;400536;192;0;0
FR;2;2021-04-21;20280;21708;76;0;0;1052246;422244;268;0;0
FR;2;2021-04-22;23810;24869;41;0;0;1076056;447113;309;0;0
FR;2;2021-04-23;24516;25352;76;0;0;1100572;472465;385;0;0
FR;2;2021-04-24;25301;15088;104;0;0;1125873;487553;489;0;0
FR;2;2021-04-25;9593;8601;5;0;0;1135466;496154;494;0;0
FR;2;2021-04-26;17157;17261;21;0;0;1152623;513415;515;0;0
FR;2;2021-04-27;19240;24223;40;0;0;1171863;537638;555;0;0
FR;2;2021-04-28;22333;26219;112;0;0;1194196;563857;667;0;0
FR;2;2021-04-29;25466;30146;69;0;0;1219662;594003;736;0;0
FR;2;2021-04-30;25529;27747;49;1;0;1245191;621750;785;1;0
FR;2;2021-05-01;14981;9872;6;0;0;1260172;631622;791;1;0
FR;2;2021-05-02;6635;9174;2;0;0;1266807;640796;793;1;0
FR;2;2021-05-03;20012;19243;40;0;0;1286819;660039;833;1;0
FR;2;2021-05-04;18280;29051;33;0;0;1305099;689090;866;1;0
FR;2;2021-05-05;18360;29387;48;0;0;1323459;718477;914;1;0
FR;2;2021-05-06;23539;35244;131;0;0;1346998;753721;1045;1;0
FR;2;2021-05-07;25323;33194;97;0;0;1372321;786915;1142;1;0
FR;2;2021-05-08;21337;9837;14;0;0;1393658;796752;1156;1;0
FR;2;2021-05-09;13162;7839;7;0;0;1406820;804591;1163;1;0
FR;2;2021-05-10;32937;22107;49;0;0;1439757;826698;1212;1;0
FR;2;2021-05-11;43595;21024;101;0;0;1483352;847722;1313;1;0
FR;2;2021-05-12;50041;19832;143;0;0;1533393;867554;1456;1;0
FR;2;2021-05-13;51289;5744;31;0;0;1584682;873298;1487;1;0
FR;2;2021-05-14;61344;12911;132;0;0;1646026;886209;1619;1;0
FR;2;2021-05-15;65925;7138;39;0;0;1711951;893347;1658;1;0
FR;2;2021-05-16;43581;2566;10;0;0;1755532;895913;1668;1;0
FR;2;2021-05-17;44742;12572;114;0;0;1800274;908485;1782;1;0
FR;2;2021-05-18;54633;12240;191;0;0;1854907;920725;1973;1;0
FR;2;2021-05-19;57163;10592;281;0;0;1912070;931317;2254;1;0
FR;2;2021-05-20;63431;10831;287;0;0;1975501;942148;2541;1;0
FR;2;2021-05-21;64290;11637;230;0;0;2039791;953785;2771;1;0
FR;2;2021-05-22;61479;4506;65;0;0;2101270;958291;2836;1;0
FR;2;2021-05-23;37531;571;22;0;0;2138801;958862;2858;1;0
FR;2;2021-05-24;17235;2035;34;0;0;2156036;960897;2892;1;0
FR;2;2021-05-25;21104;12223;240;0;0;2177140;973120;3132;1;0
FR;2;2021-05-26;19933;11457;229;0;0;2197073;984577;3361;1;0
FR;2;2021-05-27;22994;12661;182;0;0;2220067;997238;3543;1;0
FR;2;2021-05-28;29389;14948;190;0;0;2249456;1012186;3733;1;0
FR;2;2021-05-29;30418;8180;57;0;0;2279874;1020366;3790;1;0
FR;2;2021-05-30;4646;1817;6;0;0;2284520;1022183;3796;1;0
FR;2;2021-05-31;28585;18714;183;0;0;2313105;1040897;3979;1;0
FR;2;2021-06-01;45711;19997;224;0;0;2358816;1060894;4203;1;0
FR;2;2021-06-02;37463;19288;181;0;0;2396279;1080182;4384;1;0
FR;2;2021-06-03;51270;23313;161;0;0;2447549;1103495;4545;1;0
FR;2;2021-06-04;65508;24053;215;0;0;2513057;1127548;4760;1;0
FR;2;2021-06-05;34598;24034;51;0;0;2547655;1151582;4811;1;0
FR;2;2021-06-06;4953;6198;10;0;0;2552608;1157780;4821;1;0
FR;2;2021-06-07;28166;23042;146;0;0;2580774;1180822;4967;1;0
FR;2;2021-06-08;46369;22916;143;0;0;2627143;1203738;5110;1;0
FR;2;2021-06-09;34285;20912;107;0;0;2661428;1224650;5217;1;0
FR;2;2021-06-10;42635;19129;95;1;0;2704063;1243779;5312;2;0
FR;2;2021-06-11;55287;25221;134;0;0;2759350;1269000;5446;2;0
FR;2;2021-06-12;30559;19776;53;0;0;2789909;1288776;5499;2;0
FR;2;2021-06-13;3329;9186;13;0;0;2793238;1297962;5512;2;0
FR;2;2021-06-14;25295;24155;92;0;0;2818533;1322117;5604;2;0
FR;2;2021-06-15;39034;22841;154;0;0;2857567;1344958;5758;2;0
FR;2;2021-06-16;30159;21437;134;0;0;2887726;1366395;5892;2;0
FR;2;2021-06-17;36905;25853;150;0;0;2924631;1392248;6042;2;0
FR;2;2021-06-18;46845;28816;122;0;0;2971476;1421064;6164;2;0
FR;2;2021-06-19;24524;24892;39;0;0;2996000;1445956;6203;2;0
FR;2;2021-06-20;3740;10065;10;0;0;2999740;1456021;6213;2;0
FR;2;2021-06-21;17522;42840;87;0;0;3017262;1498861;6300;2;0
FR;2;2021-06-22;28357;49564;110;0;0;3045619;1548425;6410;2;0
FR;2;2021-06-23;21788;49560;107;1;1;3067407;1597985;6517;3;1
FR;2;2021-06-24;28375;50279;133;0;0;3095782;1648264;6650;3;1
FR;2;2021-06-25;33399;60398;127;0;0;3129181;1708662;6777;3;1
FR;2;2021-06-26;16378;59248;54;1;0;3145559;1767910;6831;4;1
FR;2;2021-06-27;2564;29321;22;1;0;3148123;1797231;6853;5;1
FR;2;2021-06-28;12637;54340;83;0;0;3160760;1851571;6936;5;1
FR;2;2021-06-29;19841;59886;178;0;0;3180601;1911457;7114;5;1
FR;2;2021-06-30;16322;57878;252;17;0;3196923;1969335;7366;22;1
FR;2;2021-07-01;20484;59892;227;0;0;3217407;2029227;7593;22;1
FR;2;2021-07-02;24069;62138;184;0;0;3241476;2091365;7777;22;1
FR;2;2021-07-03;12112;57083;153;0;0;3253588;2148448;7930;22;1
FR;2;2021-07-04;1958;23310;18;0;0;3255546;2171758;7948;22;1
FR;2;2021-07-05;9171;29366;106;0;0;3264717;2201124;8054;22;1
FR;2;2021-07-06;14575;36203;135;0;0;3279292;2237327;8189;22;1
FR;2;2021-07-07;14403;33670;139;0;0;3293695;2270997;8328;22;1
FR;2;2021-07-08;19714;40295;162;0;0;3313409;2311292;8490;22;1
FR;2;2021-07-09;27094;54279;202;1;0;3340503;2365571;8692;23;1
FR;2;2021-07-10;13384;33667;107;0;0;3353887;2399238;8799;23;1
FR;2;2021-07-11;1805;4351;16;0;0;3355692;2403589;8815;23;1
FR;2;2021-07-12;12963;37276;118;0;0;3368655;2440865;8933;23;1
FR;2;2021-07-13;37111;53216;150;0;0;3405766;2494081;9083;23;1
FR;2;2021-07-14;6609;3560;15;0;0;3412375;2497641;9098;23;1
FR;2;2021-07-15;47233;47028;156;0;0;3459608;2544669;9254;23;1
FR;2;2021-07-16;64306;55810;187;0;0;3523914;2600479;9441;23;1
FR;2;2021-07-17;31594;23932;96;0;0;3555508;2624411;9537;23;1
FR;2;2021-07-18;6087;4880;19;0;0;3561595;2629291;9556;23;1
FR;2;2021-07-19;32989;28683;94;0;0;3594584;2657974;9650;23;1
FR;2;2021-07-20;51989;44567;155;0;0;3646573;2702541;9805;23;1
FR;2;2021-07-21;45243;34755;93;0;0;3691816;2737296;9898;23;1
FR;2;2021-07-22;56273;41093;128;1;0;3748089;2778389;10026;24;1
FR;2;2021-07-23;68276;49077;170;0;0;3816365;2827466;10196;24;1
FR;2;2021-07-24;36168;21596;82;0;0;3852533;2849062;10278;24;1
FR;2;2021-07-25;6743;2650;10;0;0;3859276;2851712;10288;24;1
FR;2;2021-07-26;36299;22446;91;1;0;3895575;2874158;10379;25;1
FR;2;2021-07-27;62360;34618;180;0;0;3957935;2908776;10559;25;1
FR;2;2021-07-28;55299;26453;132;0;0;4013234;2935229;10691;25;1
FR;2;2021-07-29;68458;32786;189;0;0;4081692;2968015;10880;25;1
FR;2;2021-07-30;74433;37772;222;1;1;4156125;3005787;11102;26;2
FR;2;2021-07-31;34753;16192;104;0;0;4190878;3021979;11206;26;2
FR;2;2021-08-01;5398;2280;19;0;0;4196276;3024259;11225;26;2
FR;2;2021-08-02;35866;16201;101;0;0;4232142;3040460;11326;26;2
FR;2;2021-08-03;55963;28291;142;0;0;4288105;3068751;11468;26;2
FR;2;2021-08-04;46625;20862;128;1;0;4334730;3089613;11596;27;2
FR;2;2021-08-05;54618;31586;215;0;0;4389348;3121199;11811;27;2
FR;2;2021-08-06;58081;42392;242;1;0;4447429;3163591;12053;28;2
FR;2;2021-08-07;25135;17604;89;0;0;4472564;3181195;12142;28;2
FR;2;2021-08-08;3833;3668;21;0;0;4476397;3184863;12163;28;2
FR;2;2021-08-09;29300;21127;91;0;0;4505697;3205990;12254;28;2
FR;2;2021-08-10;44990;33517;154;0;0;4550687;3239507;12408;28;2
FR;2;2021-08-11;35264;25173;151;0;0;4585951;3264680;12559;28;2
FR;2;2021-08-12;41894;35732;162;0;0;4627845;3300412;12721;28;2
FR;2;2021-08-13;42587;37070;218;0;0;4670432;3337482;12939;28;2
FR;2;2021-08-14;18508;22252;93;0;0;4688940;3359734;13032;28;2
FR;2;2021-08-15;3821;3811;17;0;0;4692761;3363545;13049;28;2
FR;2;2021-08-16;25079;27200;110;0;0;4717840;3390745;13159;28;2
FR;2;2021-08-17;38250;43481;205;2;0;4756090;3434226;13364;30;2
FR;2;2021-08-18;32246;36367;195;1;1;4788336;3470593;13559;31;3
FR;2;2021-08-19;37429;46585;224;0;0;4825765;3517178;13783;31;3
FR;2;2021-08-20;40558;55608;269;1;0;4866323;3572786;14052;32;3
FR;2;2021-08-21;18116;24307;115;0;0;4884439;3597093;14167;32;3
FR;2;2021-08-22;2904;4318;22;1;1;4887343;3601411;14189;33;4
FR;2;2021-08-23;19240;35162;131;1;0;4906583;3636573;14320;34;4
FR;2;2021-08-24;31941;56031;235;0;0;4938524;3692604;14555;34;4
FR;2;2021-08-25;25926;43434;250;0;0;4964450;3736038;14805;34;4
FR;2;2021-08-26;32350;55790;387;0;0;4996800;3791828;15192;34;4
FR;2;2021-08-27;36993;65592;478;2;0;5033793;3857420;15670;36;4
FR;2;2021-08-28;17814;28488;300;0;0;5051607;3885908;15970;36;4
FR;2;2021-08-29;2655;5033;47;0;0;5054262;3890941;16017;36;4
FR;2;2021-08-30;18410;37748;399;0;756;5072672;3928689;16416;36;760
FR;2;2021-08-31;28077;57500;886;4;1538;5100749;3986189;17302;40;2298
FR;2;2021-09-01;21590;39841;1307;0;2091;5122339;4026030;18609;40;4389
FR;2;2021-09-02;25480;48610;1962;2;3297;5147819;4074640;20571;42;7686
FR;2;2021-09-03;33404;64479;2987;3;4828;5181223;4139119;23558;45;12514
FR;2;2021-09-04;16827;27704;1442;1;2358;5198050;4166823;25000;46;14872
FR;2;2021-09-05;2260;3607;265;0;412;5200310;4170430;25265;46;15284
FR;2;2021-09-06;14037;28731;1769;1;2929;5214347;4199161;27034;47;18213
FR;2;2021-09-07;21103;41061;3020;13;4861;5235450;4240222;30054;60;23074
FR;2;2021-09-08;17241;31931;2732;6;4467;5252691;4272153;32786;66;27541
FR;2;2021-09-09;20973;40430;4432;3;6753;5273664;4312583;37218;69;34294
FR;2;2021-09-10;28195;51157;5282;4;8829;5301859;4363740;42500;73;43123
FR;2;2021-09-11;13653;22359;2403;5;3939;5315512;4386099;44903;78;47062
FR;2;2021-09-12;1822;2787;284;0;505;5317334;4388886;45187;78;47567
FR;2;2021-09-13;11656;21443;2469;4;4011;5328990;4410329;47656;82;51578
FR;2;2021-09-14;18567;32773;5084;13;9044;5347557;4443102;52740;95;60622
FR;2;2021-09-15;14909;28285;5164;3;7780;5362466;4471387;57904;98;68402
FR;2;2021-09-16;16071;32765;6735;14;10529;5378537;4504152;64639;112;78931
FR;2;2021-09-17;20911;47093;8777;10;14578;5399448;4551245;73416;122;93509
FR;2;2021-09-18;9855;20923;3804;6;6022;5409303;4572168;77220;128;99531
FR;2;2021-09-19;1164;2647;395;0;643;5410467;4574815;77615;128;100174
FR;2;2021-09-20;7492;18782;3851;7;6153;5417959;4593597;81466;135;106327
FR;2;2021-09-21;11207;29997;6494;5;10737;5429166;4623594;87960;140;117064
FR;2;2021-09-22;9406;23541;5491;7;8513;5438572;4647135;93451;147;125577
FR;2;2021-09-23;10722;28876;7879;9;12635;5449294;4676011;101330;156;138212
FR;2;2021-09-24;15066;42868;10874;18;17196;5464360;4718879;112204;174;155408
FR;2;2021-09-25;7257;18747;3962;10;6084;5471617;4737626;116166;184;161492
FR;2;2021-09-26;1079;2556;494;0;631;5472696;4740182;116660;184;162123
FR;2;2021-09-27;6313;16450;4286;8;6551;5479009;4756632;120946;192;168674
FR;2;2021-09-28;9238;25549;7768;13;12072;5488247;4782181;128714;205;180746
FR;2;2021-09-29;8080;20208;6066;25;9263;5496327;4802389;134780;230;190009
FR;2;2021-09-30;9863;25789;9503;16;14079;5506190;4828178;144283;246;204088
FR;2;2021-10-01;13968;35635;12913;25;19232;5520158;4863813;157196;271;223320
FR;2;2021-10-02;6873;15877;4845;6;7008;5527031;4879690;162041;277;230328
FR;2;2021-10-03;841;1939;492;1;514;5527872;4881629;162533;278;230842
FR;2;2021-10-04;5819;13931;5516;5;7860;5533691;4895560;168049;283;238702
FR;2;2021-10-05;9052;22546;11121;19;15714;5542743;4918106;179170;302;254416
FR;2;2021-10-06;7781;17738;8239;11;11070;5550524;4935844;187409;313;265486
FR;2;2021-10-07;9196;22178;12378;15;16835;5559720;4958022;199787;328;282321
FR;2;2021-10-08;13423;32060;17346;27;23540;5573143;4990082;217133;355;305861
FR;2;2021-10-09;5996;12824;6041;6;7878;5579139;5002906;223174;361;313739
FR;2;2021-10-10;883;1634;436;2;632;5580022;5004540;223610;363;314371
FR;2;2021-10-11;5605;11598;6454;17;8834;5585627;5016138;230064;380;323205
FR;2;2021-10-12;8033;17755;12538;13;16732;5593660;5033893;242602;393;339937
FR;2;2021-10-13;6944;14846;10245;11;13606;5600604;5048739;252847;404;353543
FR;2;2021-10-14;8310;17938;14989;13;19447;5608914;5066677;267836;417;372990
FR;2;2021-10-15;11846;26279;20901;26;27946;5620760;5092956;288737;443;400936
FR;2;2021-10-16;5137;8726;1816;0;3204;5625897;5101682;290553;443;404140
FR;2;2021-10-17;651;1188;184;0;373;5626548;5102870;290737;443;404513
FR;2;2021-10-18;4559;7420;661;2;1673;5631107;5110290;291398;445;406186
FR;2;2021-10-19;6235;9897;729;5;2052;5637342;5120187;292127;450;408238
FR;2;2021-10-20;5162;8092;756;3;1684;5642504;5128279;292883;453;409922
FR;2;2021-10-21;6089;9969;779;5;2101;5648593;5138248;293662;458;412023
FR;2;2021-10-22;8447;14578;1147;4;2878;5657040;5152826;294809;462;414901
FR;2;2021-10-23;3840;6000;584;0;1234;5660880;5158826;295393;462;416135
FR;2;2021-10-24;494;888;100;0;203;5661374;5159714;295493;462;416338
FR;2;2021-10-25;3357;5368;303;1;825;5664731;5165082;295796;463;417163
FR;2;2021-10-26;4175;7257;1125;4;2005;5668906;5172339;296921;467;419168
FR;2;2021-10-27;3673;6630;1193;5;1998;5672579;5178969;298114;472;421166
FR;2;2021-10-28;4596;7690;1727;3;2746;5677175;5186659;299841;475;423912
FR;2;2021-10-29;5407;11079;2433;4;3669;5682582;5197738;302274;479;427581
FR;2;2021-10-30;2748;4438;973;1;1428;5685330;5202176;303247;480;429009
FR;2;2021-10-31;363;534;139;1;187;5685693;5202710;303386;481;429196
FR;2;2021-11-01;419;553;175;0;267;5686112;5203263;303561;481;429463
FR;2;2021-11-02;3287;6759;1179;0;1756;5689399;5210022;304740;481;431219
FR;2;2021-11-03;3338;6249;1383;2;1966;5692737;5216271;306123;483;433185
FR;2;2021-11-04;3985;7098;1761;4;2491;5696722;5223369;307884;487;435676
FR;2;2021-11-05;5227;10511;2864;5;3944;5701949;5233880;310748;492;439620
FR;2;2021-11-06;2594;4669;1397;0;1809;5704543;5238549;312145;492;441429
FR;2;2021-11-07;508;865;218;0;287;5705051;5239414;312363;492;441716
FR;2;2021-11-08;2578;5362;1201;3;1676;5707629;5244776;313564;495;443392
FR;2;2021-11-09;2749;6948;2394;6;3175;5710378;5251724;315958;501;446567
FR;2;2021-11-10;2587;5712;5094;6;6273;5712965;5257436;321052;507;452840
FR;2;2021-11-11;435;748;732;2;915;5713400;5258184;321784;509;453755
FR;2;2021-11-12;2951;8112;8964;8;10902;5716351;5266296;330748;517;464657
FR;2;2021-11-13;1534;3383;3865;7;4528;5717885;5269679;334613;524;469185
FR;2;2021-11-14;254;605;349;1;487;5718139;5270284;334962;525;469672
FR;2;2021-11-15;1622;3689;4435;9;5319;5719761;5273973;339397;534;474991
FR;2;2021-11-16;2184;5946;8297;14;10075;5721945;5279919;347694;548;485066
FR;2;2021-11-17;1740;4556;6619;8;7832;5723685;5284475;354313;556;492898
FR;2;2021-11-18;2189;5948;9170;11;10994;5725874;5290423;363483;567;503892
FR;2;2021-11-19;2697;7803;12959;19;15466;5728571;5298226;376442;586;519358
FR;2;2021-11-20;1563;3336;5171;5;6077;5730134;5301562;381613;591;525435
FR;2;2021-11-21;246;519;540;0;663;5730380;5302081;382153;591;526098
FR;2;2021-11-22;1275;2622;4469;5;5400;5731655;5304703;386622;596;531498
FR;2;2021-11-23;1614;4310;8188;9;9896;5733269;5309013;394810;605;541394
FR;2;2021-11-24;1418;3797;7463;14;8722;5734687;5312810;402273;619;550116
FR;2;2021-11-25;1812;4896;11450;21;13650;5736499;5317706;413723;640;563766
FR;2;2021-11-26;2538;7782;22656;31;26070;5739037;5325488;436379;671;589836
FR;2;2021-11-27;1497;4130;12256;18;13994;5740534;5329618;448635;689;603830
FR;2;2021-11-28;291;842;1966;3;2290;5740825;5330460;450601;692;606120
FR;2;2021-11-29;1444;4387;15073;23;17244;5742269;5334847;465674;715;623364
FR;2;2021-11-30;1911;6748;26221;36;29972;5744180;5341595;491895;751;653336
FR;2;2021-12-01;1906;6092;26185;29;29506;5746086;5347687;518080;780;682842
FR;2;2021-12-02;1908;6825;37684;52;41924;5747994;5354512;555764;832;724766
FR;2;2021-12-03;2550;10110;53586;112;59310;5750544;5364622;609350;944;784076
FR;2;2021-12-04;1849;6304;37089;38;40765;5752393;5370926;646439;982;824841
FR;2;2021-12-05;458;2264;14252;14;15989;5752851;5373190;660691;996;840830
FR;2;2021-12-06;2466;9892;77681;109;84727;5755317;5383082;738372;1105;925557
FR;2;2021-12-07;3446;15332;122410;238;133695;5758763;5398414;860782;1343;1059252
FR;2;2021-12-08;3717;16057;133171;330;145372;5762480;5414471;993953;1673;1204624
FR;2;2021-12-09;4544;19631;170149;554;185506;5767024;5434102;1164102;2227;1390130
FR;2;2021-12-10;4671;22811;188608;490;206041;5771695;5456913;1352710;2717;1596171
FR;2;2021-12-11;3682;16624;132422;239;144855;5775377;5473537;1485132;2956;1741026
FR;2;2021-12-12;1257;7130;59082;83;65132;5776634;5480667;1544214;3039;1806158
FR;2;2021-12-13;5525;26868;220654;604;242941;5782159;5507535;1764868;3643;2049099
FR;2;2021-12-14;7018;37528;300715;910;332183;5789177;5545063;2065583;4553;2381282
FR;2;2021-12-15;6557;36236;285174;955;315769;5795734;5581299;2350757;5508;2697051
FR;2;2021-12-16;7762;37924;312103;981;343684;5803496;5619223;2662860;6489;3040735
FR;2;2021-12-17;8680;41247;327829;976;360909;5812176;5660470;2990689;7465;3401644
FR;2;2021-12-18;6515;26564;212317;448;233618;5818691;5687034;3203006;7913;3635262
FR;2;2021-12-19;2600;11486;90201;183;100375;5821291;5698520;3293207;8096;3735637
FR;2;2021-12-20;9547;33612;275153;706;303330;5830838;5732132;3568360;8802;4038967
FR;2;2021-12-21;11556;38323;309592;969;341376;5842394;5770455;3877952;9771;4380343
FR;2;2021-12-22;10457;32852;265082;952;292466;5852851;5803307;4143034;10723;4672809
FR;2;2021-12-23;9429;26710;199459;700;221260;5862280;5830017;4342493;11423;4894069
FR;2;2021-12-24;2781;7501;43845;140;49564;5865061;5837518;4386338;11563;4943633
FR;2;2021-12-25;201;699;2000;10;2494;5865262;5838217;4388338;11573;4946127
FR;2;2021-12-26;1322;4213;25148;71;28677;5866584;5842430;4413486;11644;4974804
FR;2;2021-12-27;8076;29942;218380;659;243304;5874660;5872372;4631866;12303;5218108
FR;2;2021-12-28;9840;36342;272062;741;301951;5884500;5908714;4903928;13044;5520059
FR;2;2021-12-29;9495;32285;246109;766;272677;5893995;5940999;5150037;13810;5792736
FR;2;2021-12-30;9454;28139;208810;662;231465;5903449;5969138;5358847;14472;6024201
FR;2;2021-12-31;3007;8373;54980;177;61233;5906456;5977511;5413827;14649;6085434
FR;2;2022-01-01;227;692;2849;7;3344;5906683;5978203;5416676;14656;6088778
FR;2;2022-01-02;1504;4857;29506;75;33393;5908187;5983060;5446182;14731;6122171
FR;2;2022-01-03;9583;35372;266502;806;293863;5917770;6018432;5712684;15537;6416034
FR;2;2022-01-04;12843;45376;342066;1067;376950;5930613;6063808;6054750;16604;6792984
FR;2;2022-01-05;11268;38669;294153;885;323808;5941881;6102477;6348903;17489;7116792
FR;2;2022-01-06;13648;43494;331929;1299;364705;5955529;6145971;6680832;18788;7481497
FR;2;2022-01-07;14220;47643;361079;1270;396413;5969749;6193614;7041911;20058;7877910
FR;2;2022-01-08;7947;28146;201256;515;221684;5977696;6221760;7243167;20573;8099594
FR;2;2022-01-09;2749;8995;62519;137;69522;5980445;6230755;7305686;20710;8169116
FR;2;2022-01-10;10088;31921;232449;858;255035;5990533;6262676;7538135;21568;8424151
FR;2;2022-01-11;11470;36258;265883;1030;290575;6002003;6298934;7804018;22598;8714726
FR;2;2022-01-12;8758;29823;206301;862;226165;6010761;6328757;8010319;23460;8940891
FR;2;2022-01-13;9387;31348;224465;831;244816;6020148;6360105;8234784;24291;9185707
FR;2;2022-01-14;9743;35666;254516;920;277681;6029891;6395771;8489300;25211;9463388
FR;2;2022-01-15;5356;19459;140769;363;153638;6035247;6415230;8630069;25574;9617026
FR;2;2022-01-16;1512;5520;35871;80;39847;6036759;6420750;8665940;25654;9656873
FR;2;2022-01-17;5545;19298;135385;601;147246;6042304;6440048;8801325;26255;9804119
FR;2;2022-01-18;6417;21525;148610;648;160467;6048721;6461573;8949935;26903;9964586
FR;2;2022-01-19;4389;16361;105081;552;113701;6053110;6477934;9055016;27455;10078287
FR;2;2022-01-20;4867;17596;115274;603;123672;6057977;6495530;9170290;28058;10201959
FR;2;2022-01-21;5195;20063;137324;678;147742;6063172;6515593;9307614;28736;10349701
FR;2;2022-01-22;3027;10963;74256;259;80326;6066199;6526556;9381870;28995;10430027
FR;2;2022-01-23;723;2733;15237;41;16837;6066922;6529289;9397107;29036;10446864
FR;2;2022-01-24;3293;12825;75058;430;81020;6070215;6542114;9472165;29466;10527884
FR;2;2022-01-25;3571;14437;79612;496;85447;6073786;6556551;9551777;29962;10613331
FR;2;2022-01-26;2515;10662;58960;363;62987;6076301;6567213;9610737;30325;10676318
FR;2;2022-01-27;2681;11279;64169;388;67907;6078982;6578492;9674906;30713;10744225
FR;2;2022-01-28;3543;18378;91711;430;98959;6082525;6596870;9766617;31143;10843184
FR;2;2022-01-29;1893;9250;48838;164;52923;6084418;6606120;9815455;31307;10896107
FR;2;2022-01-30;464;2241;9452;38;10605;6084882;6608361;9824907;31345;10906712
FR;2;2022-01-31;1887;9588;43817;208;47340;6086769;6617949;9868724;31553;10954052
FR;2;2022-02-01;1911;10052;47020;278;50103;6088680;6628001;9915744;31831;11004155
FR;2;2022-02-02;1607;9030;41102;251;44173;6090287;6637031;9956846;32082;11048328
FR;2;2022-02-03;1723;8943;40509;204;42908;6092010;6645974;9997355;32286;11091236
FR;2;2022-02-04;2152;15216;66627;297;71346;6094162;6661190;10063982;32583;11162582
FR;2;2022-02-05;1360;8536;35938;131;39234;6095522;6669726;10099920;32714;11201816
FR;2;2022-02-06;274;1777;6124;16;6898;6095796;6671503;10106044;32730;11208714
FR;2;2022-02-07;1350;9602;37747;134;41304;6097146;6681105;10143791;32864;11250018
FR;2;2022-02-08;1298;9813;40928;173;43712;6098444;6690918;10184719;33037;11293730
FR;2;2022-02-09;1160;8816;37033;174;40452;6099604;6699734;10221752;33211;11334182
FR;2;2022-02-10;1024;7985;33833;204;36500;6100628;6707719;10255585;33415;11370682
FR;2;2022-02-11;1388;12078;53338;222;57684;6102016;6719797;10308923;33637;11428366
FR;2;2022-02-12;749;6532;27986;83;30805;6102765;6726329;10336909;33720;11459171
FR;2;2022-02-13;200;1336;4833;20;5574;6102965;6727665;10341742;33740;11464745
FR;2;2022-02-14;835;6727;30263;89;33227;6103800;6734392;10372005;33829;11497972
FR;2;2022-02-15;772;6450;28044;141;29982;6104572;6740842;10400049;33970;11527954
FR;2;2022-02-16;655;5348;22051;123;23612;6105227;6746190;10422100;34093;11551566
FR;2;2022-02-17;515;3774;14144;98;14609;6105742;6749964;10436244;34191;11566175
FR;2;2022-02-18;721;5361;20429;134;21125;6106463;6755325;10456673;34325;11587300
FR;2;2022-02-19;430;3047;10527;66;11241;6106893;6758372;10467200;34391;11598541
FR;2;2022-02-20;101;512;1456;3;1604;6106994;6758884;10468656;34394;11600145
FR;2;2022-02-21;421;2682;9117;65;9493;6107415;6761566;10477773;34459;11609638
FR;2;2022-02-22;389;2565;8888;76;8792;6107804;6764131;10486661;34535;11618430
FR;2;2022-02-23;432;2600;8986;82;9264;6108236;6766731;10495647;34617;11627694
FR;2;2022-02-24;314;2029;6797;81;6825;6108550;6768760;10502444;34698;11634519
FR;2;2022-02-25;455;3194;11414;108;11277;6109005;6771954;10513858;34806;11645796
FR;2;2022-02-26;294;1889;6035;49;6340;6109299;6773843;10519893;34855;11652136
FR;2;2022-02-27;75;312;905;5;948;6109374;6774155;10520798;34860;11653084
FR;2;2022-02-28;330;1682;5522;53;5530;6109704;6775837;10526320;34913;11658614
FR;2;2022-03-01;274;1559;5474;44;5191;6109978;6777396;10531794;34957;11663805
FR;2;2022-03-02;296;1430;5243;45;5084;6110274;6778826;10537037;35002;11668889
FR;2;2022-03-03;225;1101;3703;42;3478;6110499;6779927;10540740;35044;11672367
FR;2;2022-03-04;240;1463;4853;73;4498;6110739;6781390;10545593;35117;11676865
FR;2;2022-03-05;172;903;2973;32;2716;6110911;6782293;10548566;35149;11679581
FR;2;2022-03-06;40;182;278;5;318;6110951;6782475;10548844;35154;11679899
FR;2;2022-03-07;155;654;1982;69;1773;6111106;6783129;10550826;35223;11681672
FR;2;2022-03-08;143;653;2270;51;1902;6111249;6783782;10553096;35274;11683574
FR;2;2022-03-09;152;696;2341;37;2042;6111401;6784478;10555437;35311;11685616
FR;2;2022-03-10;119;596;1687;35;1459;6111520;6785074;10557124;35346;11687075
FR;2;2022-03-11;169;753;2767;57;2366;6111689;6785827;10559891;35403;11689441
FR;2;2022-03-12;144;482;1784;27;1553;6111833;6786309;10561675;35430;11690994
FR;2;2022-03-13;25;75;201;29;202;6111858;6786384;10561876;35459;11691196
FR;2;2022-03-14;125;465;1560;529;1289;6111983;6786849;10563436;35988;11692485
FR;2;2022-03-15;138;417;1706;688;1322;6112121;6787266;10565142;36676;11693807
FR;2;2022-03-16;141;465;2010;1611;1588;6112262;6787731;10567152;38287;11695395
FR;2;2022-03-17;93;412;1405;1193;1142;6112355;6788143;10568557;39480;11696537
FR;2;2022-03-18;144;490;2018;1787;1660;6112499;6788633;10570575;41267;11698197
FR;2;2022-03-19;108;319;1209;940;1014;6112607;6788952;10571784;42207;11699211
FR;2;2022-03-20;12;76;190;59;166;6112619;6789028;10571974;42266;11699377
FR;2;2022-03-21;96;301;1210;1481;1074;6112715;6789329;10573184;43747;11700451
FR;2;2022-03-22;117;383;1528;1828;1290;6112832;6789712;10574712;45575;11701741
FR;2;2022-03-23;139;349;1667;3032;1458;6112971;6790061;10576379;48607;11703199
FR;2;2022-03-24;116;290;1181;1546;997;6113087;6790351;10577560;50153;11704196
FR;2;2022-03-25;119;360;1802;2449;1472;6113206;6790711;10579362;52602;11705668
FR;2;2022-03-26;76;246;1202;1220;952;6113282;6790957;10580564;53822;11706620
FR;2;2022-03-27;19;36;152;98;131;6113301;6790993;10580716;53920;11706751
FR;2;2022-03-28;93;287;1133;1588;993;6113394;6791280;10581849;55508;11707744
FR;2;2022-03-29;106;257;1324;2462;1104;6113500;6791537;10583173;57970;11708848
FR;2;2022-03-30;91;312;1483;3183;1316;6113591;6791849;10584656;61153;11710164
FR;2;2022-03-31;103;280;1268;2326;1083;6113694;6792129;10585924;63479;11711247
FR;2;2022-04-01;120;315;1562;2341;1314;6113814;6792444;10587486;65820;11712561
FR;2;2022-04-02;72;160;845;889;737;6113886;6792604;10588331;66709;11713298
FR;2;2022-04-03;16;53;128;112;142;6113902;6792657;10588459;66821;11713440
FR;2;2022-04-04;108;227;984;1434;791;6114010;6792884;10589443;68255;11714231
FR;2;2022-04-05;142;286;1309;2870;1137;6114152;6793170;10590752;71125;11715368
FR;2;2022-04-06;87;244;1303;2499;1113;6114239;6793414;10592055;73624;11716481
FR;2;2022-04-07;119;214;1295;2681;1034;6114358;6793628;10593350;76305;11717515
FR;2;2022-04-08;123;327;1622;3207;1319;6114481;6793955;10594972;79512;11718834
FR;2;2022-04-09;90;218;899;1045;731;6114571;6794173;10595871;80557;11719565
FR;2;2022-04-10;37;46;143;161;118;6114608;6794219;10596014;80718;11719683
FR;2;2022-04-11;85;184;879;1518;770;6114693;6794403;10596893;82236;11720453
FR;2;2022-04-12;176;260;1175;2729;1053;6114869;6794663;10598068;84965;11721506
FR;2;2022-04-13;140;223;1114;2420;972;6115009;6794886;10599182;87385;11722478
FR;2;2022-04-14;114;217;1081;2665;909;6115123;6795103;10600263;90050;11723387
FR;2;2022-04-15;111;242;1187;2249;1044;6115234;6795345;10601450;92299;11724431
FR;2;2022-04-16;64;108;540;545;452;6115298;6795453;10601990;92844;11724883
FR;2;2022-04-17;14;26;57;53;53;6115312;6795479;10602047;92897;11724936
FR;2;2022-04-18;11;35;118;65;113;6115323;6795514;10602165;92962;11725049
FR;2;2022-04-19;108;235;1114;1702;945;6115431;6795749;10603279;94664;11725994
FR;2;2022-04-20;95;237;1091;2101;919;6115526;6795986;10604370;96765;11726913
FR;2;2022-04-21;109;229;972;1822;829;6115635;6796215;10605342;98587;11727742
FR;2;2022-04-22;96;266;1240;2080;1021;6115731;6796481;10606582;100667;11728763
FR;2;2022-04-23;66;154;644;762;573;6115797;6796635;10607226;101429;11729336
FR;2;2022-04-24;11;28;100;68;78;6115808;6796663;10607326;101497;11729414
FR;2;2022-04-25;103;200;819;1312;708;6115911;6796863;10608145;102809;11730122
FR;2;2022-04-26;109;183;1034;1937;872;6116020;6797046;10609179;104746;11730994
FR;2;2022-04-27;95;177;855;1682;758;6116115;6797223;10610034;106428;11731752
FR;2;2022-04-28;90;212;946;1891;841;6116205;6797435;10610980;108319;11732593
FR;2;2022-04-29;76;278;1123;1687;1033;6116281;6797713;10612103;110006;11733626
FR;2;2022-04-30;65;125;467;535;426;6116346;6797838;10612570;110541;11734052
FR;2;2022-05-01;17;22;80;44;81;6116363;6797860;10612650;110585;11734133
FR;2;2022-05-02;112;209;747;1203;643;6116475;6798069;10613397;111788;11734776
FR;2;2022-05-03;145;221;982;1728;919;6116620;6798290;10614379;113516;11735695
FR;2;2022-05-04;86;218;907;1786;849;6116706;6798508;10615286;115302;11736544
FR;2;2022-05-05;122;190;834;1673;747;6116828;6798698;10616120;116975;11737291
FR;2;2022-05-06;129;234;1086;1845;999;6116957;6798932;10617206;118820;11738290
FR;2;2022-05-07;40;95;463;502;400;6116997;6799027;10617669;119322;11738690
FR;2;2022-05-08;45;47;104;70;93;6117042;6799074;10617773;119392;11738783
FR;2;2022-05-09;100;169;638;981;590;6117142;6799243;10618411;120373;11739373
FR;2;2022-05-10;111;233;917;1764;868;6117253;6799476;10619328;122137;11740241
FR;2;2022-05-11;96;161;797;1831;775;6117349;6799637;10620125;123968;11741016
FR;2;2022-05-12;108;165;826;2056;787;6117457;6799802;10620951;126024;11741803
FR;2;2022-05-13;94;226;943;1942;879;6117551;6800028;10621894;127966;11742682
FR;2;2022-05-14;75;116;436;551;394;6117626;6800144;10622330;128517;11743076
FR;2;2022-05-15;23;34;91;86;102;6117649;6800178;10622421;128603;11743178
FR;2;2022-05-16;101;163;573;904;513;6117750;6800341;10622994;129507;11743691
FR;2;2022-05-17;95;179;670;1657;641;6117845;6800520;10623664;131164;11744332
FR;2;2022-05-18;80;171;612;1396;614;6117925;6800691;10624276;132560;11744946
FR;2;2022-05-19;68;155;687;1754;718;6117993;6800846;10624963;134314;11745664
FR;2;2022-05-20;97;168;821;1618;720;6118090;6801014;10625784;135932;11746384
FR;2;2022-05-21;43;94;387;508;330;6118133;6801108;10626171;136440;11746714
FR;2;2022-05-22;8;21;66;37;56;6118141;6801129;10626237;136477;11746770
FR;2;2022-05-23;79;125;443;900;433;6118220;6801254;10626680;137377;11747203
FR;2;2022-05-24;79;157;599;1513;580;6118299;6801411;10627279;138890;11747783
FR;2;2022-05-25;66;133;512;1127;466;6118365;6801544;10627791;140017;11748249
FR;2;2022-05-26;7;21;54;40;58;6118372;6801565;10627845;140057;11748307
FR;2;2022-05-27;43;109;406;785;388;6118415;6801674;10628251;140842;11748695
FR;2;2022-05-28;26;58;205;235;211;6118441;6801732;10628456;141077;11748906
FR;2;2022-05-29;10;31;43;18;51;6118451;6801763;10628499;141095;11748957
FR;2;2022-05-30;65;93;367;673;345;6118516;6801856;10628866;141768;11749302
FR;2;2022-05-31;66;113;513;1154;459;6118582;6801969;10629379;142922;11749761
FR;2;2022-06-01;51;122;421;1001;405;6118633;6802091;10629800;143923;11750166
FR;3;2020-12-27;0;0;0;0;0;0;0;0;0;0
FR;3;2020-12-28;0;0;0;0;0;0;0;0;0;0
FR;3;2020-12-29;0;0;0;0;0;0;0;0;0;0
FR;3;2020-12-30;0;0;0;0;0;0;0;0;0;0
FR;3;2020-12-31;0;0;0;0;0;0;0;0;0;0
FR;3;2021-01-01;0;0;0;0;0;0;0;0;0;0
FR;3;2021-01-02;0;0;0;0;0;0;0;0;0;0
FR;3;2021-01-03;0;0;0;0;0;0;0;0;0;0
FR;3;2021-01-04;0;0;0;0;0;0;0;0;0;0
FR;3;2021-01-05;0;0;0;0;0;0;0;0;0;0
FR;3;2021-01-06;0;0;0;0;0;0;0;0;0;0
FR;3;2021-01-07;0;0;0;0;0;0;0;0;0;0
FR;3;2021-01-08;0;0;0;0;0;0;0;0;0;0
FR;3;2021-01-09;0;0;0;0;0;0;0;0;0;0
FR;3;2021-01-10;0;0;0;0;0;0;0;0;0;0
FR;3;2021-01-11;0;0;0;0;0;0;0;0;0;0
FR;3;2021-01-12;0;0;0;0;0;0;0;0;0;0
FR;3;2021-01-13;0;0;0;0;0;0;0;0;0;0
FR;3;2021-01-14;0;0;0;0;0;0;0;0;0;0
FR;3;2021-01-15;0;0;0;0;0;0;0;0;0;0
FR;3;2021-01-16;0;0;0;0;0;0;0;0;0;0
FR;3;2021-01-17;0;0;0;0;0;0;0;0;0;0
FR;3;2021-01-18;0;0;0;0;0;0;0;0;0;0
FR;3;2021-01-19;0;0;0;0;0;0;0;0;0;0
FR;3;2021-01-20;0;0;0;0;0;0;0;0;0;0
FR;3;2021-01-21;0;0;0;0;0;0;0;0;0;0
FR;3;2021-01-22;0;0;0;0;0;0;0;0;0;0
FR;3;2021-01-23;0;0;0;0;0;0;0;0;0;0
FR;3;2021-01-24;0;0;0;0;0;0;0;0;0;0
FR;3;2021-01-25;0;0;0;0;0;0;0;0;0;0
FR;3;2021-01-26;0;0;0;0;0;0;0;0;0;0
FR;3;2021-01-27;0;0;0;0;0;0;0;0;0;0
FR;3;2021-01-28;0;0;0;0;0;0;0;0;0;0
FR;3;2021-01-29;0;0;0;0;0;0;0;0;0;0
FR;3;2021-01-30;0;0;0;0;0;0;0;0;0;0
FR;3;2021-01-31;0;0;0;0;0;0;0;0;0;0
FR;3;2021-02-01;0;0;0;0;0;0;0;0;0;0
FR;3;2021-02-02;0;0;0;0;0;0;0;0;0;0
FR;3;2021-02-03;0;0;0;0;0;0;0;0;0;0
FR;3;2021-02-04;0;0;0;0;0;0;0;0;0;0
FR;3;2021-02-05;0;0;0;0;0;0;0;0;0;0
FR;3;2021-02-06;1661;0;0;0;0;1661;0;0;0;0
FR;3;2021-02-07;1423;0;0;0;0;3084;0;0;0;0
FR;3;2021-02-08;2783;1;0;0;0;5867;1;0;0;0
FR;3;2021-02-09;6782;0;0;0;0;12649;1;0;0;0
FR;3;2021-02-10;9603;0;0;0;0;22252;1;0;0;0
FR;3;2021-02-11;13611;0;0;0;0;35863;1;0;0;0
FR;3;2021-02-12;13399;0;0;0;0;49262;1;0;0;0
FR;3;2021-02-13;3784;1;0;0;0;53046;2;0;0;0
FR;3;2021-02-14;972;0;0;0;0;54018;2;0;0;0
FR;3;2021-02-15;10487;0;0;0;0;64505;2;0;0;0
FR;3;2021-02-16;12544;1;0;0;0;77049;3;0;0;0
FR;3;2021-02-17;11151;0;0;0;0;88200;3;0;0;0
FR;3;2021-02-18;14935;2;0;0;0;103135;5;0;0;0
FR;3;2021-02-19;14359;1;0;0;0;117494;6;0;0;0
FR;3;2021-02-20;3329;0;0;0;0;120823;6;0;0;0
FR;3;2021-02-21;618;0;0;0;0;121441;6;0;0;0
FR;3;2021-02-22;9163;0;0;0;0;130604;6;0;0;0
FR;3;2021-02-23;11394;1;0;0;0;141998;7;0;0;0
FR;3;2021-02-24;14299;0;0;0;0;156297;7;0;0;0
FR;3;2021-02-25;44929;1;0;0;0;201226;8;0;0;0
FR;3;2021-02-26;61882;3;0;0;0;263108;11;0;0;0
FR;3;2021-02-27;34801;5;0;0;0;297909;16;0;0;0
FR;3;2021-02-28;2463;0;0;0;0;300372;16;0;0;0
FR;3;2021-03-01;20511;10;0;0;0;320883;26;0;0;0
FR;3;2021-03-02;38862;18;0;0;0;359745;44;0;0;0
FR;3;2021-03-03;48730;16;0;0;0;408475;60;0;0;0
FR;3;2021-03-04;82217;20;0;0;0;490692;80;0;0;0
FR;3;2021-03-05;118123;40;0;0;0;608815;120;0;0;0
FR;3;2021-03-06;120710;56;1;0;0;729525;176;1;0;0
FR;3;2021-03-07;55176;27;0;0;0;784701;203;1;0;0
FR;3;2021-03-08;42809;24;0;0;0;827510;227;1;0;0
FR;3;2021-03-09;78965;43;0;0;0;906475;270;1;0;0
FR;3;2021-03-10;80966;47;0;0;0;987441;317;1;0;0
FR;3;2021-03-11;128424;55;0;0;0;1115865;372;1;0;0
FR;3;2021-03-12;182721;91;0;0;0;1298586;463;1;0;0
FR;3;2021-03-13;132144;63;0;0;0;1430730;526;1;0;0
FR;3;2021-03-14;14054;4;0;0;0;1444784;530;1;0;0
FR;3;2021-03-15;52223;48;0;0;0;1497007;578;1;0;0
FR;3;2021-03-16;1209;25;0;0;0;1498216;603;1;0;0
FR;3;2021-03-17;942;30;0;0;0;1499158;633;1;0;0
FR;3;2021-03-18;1565;13;0;0;0;1500723;646;1;0;0
FR;3;2021-03-19;70450;48;0;0;0;1571173;694;1;0;0
FR;3;2021-03-20;65226;45;0;0;0;1636399;739;1;0;0
FR;3;2021-03-21;5756;6;0;0;0;1642155;745;1;0;0
FR;3;2021-03-22;37496;39;0;0;0;1679651;784;1;0;0
FR;3;2021-03-23;84650;61;0;0;0;1764301;845;1;0;0
FR;3;2021-03-24;90935;94;0;0;0;1855236;939;1;0;0
FR;3;2021-03-25;150046;127;0;0;0;2005282;1066;1;0;0
FR;3;2021-03-26;165413;153;0;0;0;2170695;1219;1;0;0
FR;3;2021-03-27;68456;100;0;0;0;2239151;1319;1;0;0
FR;3;2021-03-28;6469;19;0;0;0;2245620;1338;1;0;0
FR;3;2021-03-29;54160;76;0;0;0;2299780;1414;1;0;0
FR;3;2021-03-30;93159;100;0;0;0;2392939;1514;1;0;0
FR;3;2021-03-31;63523;98;0;0;0;2456462;1612;1;0;0
FR;3;2021-04-01;86120;106;0;0;0;2542582;1718;1;0;0
FR;3;2021-04-02;86892;153;0;0;0;2629474;1871;1;0;0
FR;3;2021-04-03;35872;115;0;0;0;2665346;1986;1;0;0
FR;3;2021-04-04;3570;18;0;0;0;2668916;2004;1;0;0
FR;3;2021-04-05;4487;28;0;0;0;2673403;2032;1;0;0
FR;3;2021-04-06;29742;84;0;0;0;2703145;2116;1;0;0
FR;3;2021-04-07;32336;79;0;0;0;2735481;2195;1;0;0
FR;3;2021-04-08;78808;243;0;0;0;2814289;2438;1;0;0
FR;3;2021-04-09;161746;416;0;0;0;2976035;2854;1;0;0
FR;3;2021-04-10;75755;331;0;0;0;3051790;3185;1;0;0
FR;3;2021-04-11;7309;45;0;0;0;3059099;3230;1;0;0
FR;3;2021-04-12;51467;207;0;0;0;3110566;3437;1;0;0
FR;3;2021-04-13;86219;318;0;0;0;3196785;3755;1;0;0
FR;3;2021-04-14;67834;344;0;0;0;3264619;4099;1;0;0
FR;3;2021-04-15;93219;370;0;0;0;3357838;4469;1;0;0
FR;3;2021-04-16;112516;581;0;0;0;3470354;5050;1;0;0
FR;3;2021-04-17;53311;325;1;0;0;3523665;5375;2;0;0
FR;3;2021-04-18;9743;35;0;0;0;3533408;5410;2;0;0
FR;3;2021-04-19;25104;241;0;0;0;3558512;5651;2;0;0
FR;3;2021-04-20;45671;398;0;0;0;3604183;6049;2;0;0
FR;3;2021-04-21;38967;467;0;0;0;3643150;6516;2;0;0
FR;3;2021-04-22;54703;788;0;0;0;3697853;7304;2;0;0
FR;3;2021-04-23;70484;1021;0;0;0;3768337;8325;2;0;0
FR;3;2021-04-24;37240;1001;0;0;0;3805577;9326;2;0;0
FR;3;2021-04-25;6204;156;0;0;0;3811781;9482;2;0;0
FR;3;2021-04-26;19781;654;0;0;0;3831562;10136;2;0;0
FR;3;2021-04-27;34471;1262;0;0;0;3866033;11398;2;0;0
FR;3;2021-04-28;28967;1942;0;0;0;3895000;13340;2;0;0
FR;3;2021-04-29;45377;5964;0;0;0;3940377;19304;2;0;0
FR;3;2021-04-30;55451;8941;1;0;0;3995828;28245;3;0;0
FR;3;2021-05-01;9510;1977;0;0;0;4005338;30222;3;0;0
FR;3;2021-05-02;3070;488;0;0;0;4008408;30710;3;0;0
FR;3;2021-05-03;13059;3886;0;0;0;4021467;34596;3;0;0
FR;3;2021-05-04;23109;8411;0;0;0;4044576;43007;3;0;0
FR;3;2021-05-05;18754;10625;0;0;0;4063330;53632;3;0;0
FR;3;2021-05-06;34620;20913;0;0;0;4097950;74545;3;0;0
FR;3;2021-05-07;44202;28457;0;0;0;4142152;103002;3;0;0
FR;3;2021-05-08;6785;8944;0;0;0;4148937;111946;3;0;0
FR;3;2021-05-09;1792;2656;0;0;0;4150729;114602;3;0;0
FR;3;2021-05-10;14989;12616;0;0;0;4165718;127218;3;0;0
FR;3;2021-05-11;27093;25813;0;0;0;4192811;153031;3;0;0
FR;3;2021-05-12;17266;27530;0;0;0;4210077;180561;3;0;0
FR;3;2021-05-13;2277;3471;0;0;0;4212354;184032;3;0;0
FR;3;2021-05-14;14513;25777;0;0;0;4226867;209809;3;0;0
FR;3;2021-05-15;7230;20804;0;0;0;4234097;230613;3;0;0
FR;3;2021-05-16;975;2673;0;0;0;4235072;233286;3;0;0
FR;3;2021-05-17;7960;19956;0;0;0;4243032;253242;3;0;0
FR;3;2021-05-18;13410;29678;0;0;0;4256442;282920;3;0;0
FR;3;2021-05-19;9263;31505;0;0;0;4265705;314425;3;0;0
FR;3;2021-05-20;12801;53245;3;0;0;4278506;367670;6;0;0
FR;3;2021-05-21;12759;65570;2;0;0;4291265;433240;8;0;0
FR;3;2021-05-22;4960;33332;1;0;0;4296225;466572;9;0;0
FR;3;2021-05-23;649;2668;0;0;0;4296874;469240;9;0;0
FR;3;2021-05-24;879;4911;0;0;0;4297753;474151;9;0;0
FR;3;2021-05-25;5301;45303;1;0;0;4303054;519454;10;0;0
FR;3;2021-05-26;4972;51122;1;0;0;4308026;570576;11;0;0
FR;3;2021-05-27;6325;77925;3;0;0;4314351;648501;14;0;0
FR;3;2021-05-28;7541;99144;2;0;0;4321892;747645;16;0;0
FR;3;2021-05-29;3345;60349;1;0;0;4325237;807994;17;0;0
FR;3;2021-05-30;547;8213;0;0;0;4325784;816207;17;0;0
FR;3;2021-05-31;2437;35864;3;0;0;4328221;852071;20;0;0
FR;3;2021-06-01;3400;64725;10;0;0;4331621;916796;30;0;0
FR;3;2021-06-02;2727;58323;6;0;0;4334348;975119;36;0;0
FR;3;2021-06-03;3491;87487;10;0;0;4337839;1062606;46;0;0
FR;3;2021-06-04;4110;105104;22;0;0;4341949;1167710;68;0;0
FR;3;2021-06-05;1979;52242;4;0;0;4343928;1219952;72;0;0
FR;3;2021-06-06;505;5386;1;0;0;4344433;1225338;73;0;0
FR;3;2021-06-07;1471;31077;11;0;0;4345904;1256415;84;0;0
FR;3;2021-06-08;2047;47232;18;0;0;4347951;1303647;102;0;0
FR;3;2021-06-09;1788;42295;13;0;0;4349739;1345942;115;0;0
FR;3;2021-06-10;2243;67852;17;0;0;4351982;1413794;132;0;0
FR;3;2021-06-11;2471;96686;34;0;0;4354453;1510480;166;0;0
FR;3;2021-06-12;1175;40823;6;0;0;4355628;1551303;172;0;0
FR;3;2021-06-13;279;3799;3;0;0;4355907;1555102;175;0;0
FR;3;2021-06-14;1039;42592;17;0;0;4356946;1597694;192;0;0
FR;3;2021-06-15;1364;80587;20;0;0;4358310;1678281;212;0;0
FR;3;2021-06-16;1255;65682;19;0;0;4359565;1743963;231;0;0
FR;3;2021-06-17;1660;101809;41;0;0;4361225;1845772;272;0;0
FR;3;2021-06-18;1868;117931;61;0;0;4363093;1963703;333;0;0
FR;3;2021-06-19;801;39387;22;0;0;4363894;2003090;355;0;0
FR;3;2021-06-20;158;3370;0;0;0;4364052;2006460;355;0;0
FR;3;2021-06-21;768;39240;16;0;0;4364820;2045700;371;0;0
FR;3;2021-06-22;1060;69955;52;0;0;4365880;2115655;423;0;0
FR;3;2021-06-23;943;50818;39;0;0;4366823;2166473;462;0;0
FR;3;2021-06-24;1305;77146;48;0;0;4368128;2243619;510;0;0
FR;3;2021-06-25;1400;89971;73;0;0;4369528;2333590;583;0;0
FR;3;2021-06-26;625;33122;29;0;0;4370153;2366712;612;0;0
FR;3;2021-06-27;165;3986;1;0;0;4370318;2370698;613;0;0
FR;3;2021-06-28;648;30396;27;0;0;4370966;2401094;640;0;0
FR;3;2021-06-29;854;56171;95;0;0;4371820;2457265;735;0;0
FR;3;2021-06-30;901;45073;93;0;0;4372721;2502338;828;0;0
FR;3;2021-07-01;1161;65678;108;0;0;4373882;2568016;936;0;0
FR;3;2021-07-02;1299;90358;170;0;0;4375181;2658374;1106;0;0
FR;3;2021-07-03;600;31182;52;0;0;4375781;2689556;1158;0;0
FR;3;2021-07-04;142;4257;3;0;0;4375923;2693813;1161;0;0
FR;3;2021-07-05;608;33905;60;0;0;4376531;2727718;1221;0;0
FR;3;2021-07-06;957;56044;88;0;0;4377488;2783762;1309;0;0
FR;3;2021-07-07;870;43032;79;0;0;4378358;2826794;1388;0;0
FR;3;2021-07-08;1123;60728;99;0;0;4379481;2887522;1487;0;0
FR;3;2021-07-09;1258;68806;128;0;0;4380739;2956328;1615;0;0
FR;3;2021-07-10;642;25066;59;0;0;4381381;2981394;1674;0;0
FR;3;2021-07-11;128;3286;4;0;0;4381509;2984680;1678;0;0
FR;3;2021-07-12;660;23877;59;0;0;4382169;3008557;1737;0;0
FR;3;2021-07-13;1645;34715;90;0;0;4383814;3043272;1827;0;0
FR;3;2021-07-14;261;2620;2;0;0;4384075;3045892;1829;0;0
FR;3;2021-07-15;1933;30649;85;0;0;4386008;3076541;1914;0;0
FR;3;2021-07-16;2520;38860;122;0;0;4388528;3115401;2036;0;0
FR;3;2021-07-17;1046;13749;26;0;0;4389574;3129150;2062;0;0
FR;3;2021-07-18;262;2605;3;0;0;4389836;3131755;2065;0;0
FR;3;2021-07-19;1273;17187;37;0;0;4391109;3148942;2102;0;0
FR;3;2021-07-20;1823;27123;98;0;0;4392932;3176065;2200;0;0
FR;3;2021-07-21;1647;19712;44;0;0;4394579;3195777;2244;0;0
FR;3;2021-07-22;1848;27744;83;0;0;4396427;3223521;2327;0;0
FR;3;2021-07-23;2212;30446;117;0;0;4398639;3253967;2444;0;0
FR;3;2021-07-24;822;7007;25;0;0;4399461;3260974;2469;0;0
FR;3;2021-07-25;210;1339;1;0;0;4399671;3262313;2470;0;0
FR;3;2021-07-26;921;10694;28;0;0;4400592;3273007;2498;0;0
FR;3;2021-07-27;1165;16940;56;0;0;4401757;3289947;2554;0;0
FR;3;2021-07-28;988;12099;40;0;0;4402745;3302046;2594;0;0
FR;3;2021-07-29;1126;15844;63;0;0;4403871;3317890;2657;0;0
FR;3;2021-07-30;1126;18089;79;0;0;4404997;3335979;2736;0;0
FR;3;2021-07-31;406;3745;15;0;0;4405403;3339724;2751;0;0
FR;3;2021-08-01;113;486;1;0;0;4405516;3340210;2752;0;0
FR;3;2021-08-02;419;5151;22;0;0;4405935;3345361;2774;0;0
FR;3;2021-08-03;488;7584;27;0;0;4406423;3352945;2801;0;0
FR;3;2021-08-04;435;4884;26;0;0;4406858;3357829;2827;0;0
FR;3;2021-08-05;428;3735;12;0;0;4407286;3361564;2839;0;0
FR;3;2021-08-06;452;4786;30;0;0;4407738;3366350;2869;0;0
FR;3;2021-08-07;214;1922;11;0;0;4407952;3368272;2880;0;0
FR;3;2021-08-08;249;431;2;0;0;4408201;3368703;2882;0;0
FR;3;2021-08-09;313;2497;11;0;0;4408514;3371200;2893;0;0
FR;3;2021-08-10;363;3875;15;0;0;4408877;3375075;2908;0;0
FR;3;2021-08-11;285;2723;15;0;0;4409162;3377798;2923;0;0
FR;3;2021-08-12;276;2638;12;0;0;4409438;3380436;2935;0;0
FR;3;2021-08-13;277;2266;16;0;0;4409715;3382702;2951;0;0
FR;3;2021-08-14;169;916;1;0;0;4409884;3383618;2952;0;0
FR;3;2021-08-15;55;172;0;0;0;4409939;3383790;2952;0;0
FR;3;2021-08-16;123;1083;8;0;0;4410062;3384873;2960;0;0
FR;3;2021-08-17;187;1503;8;0;0;4410249;3386376;2968;0;0
FR;3;2021-08-18;200;1369;10;0;0;4410449;3387745;2978;0;0
FR;3;2021-08-19;165;1410;10;0;0;4410614;3389155;2988;0;0
FR;3;2021-08-20;166;1633;16;0;0;4410780;3390788;3004;0;0
FR;3;2021-08-21;93;587;2;0;0;4410873;3391375;3006;0;0
FR;3;2021-08-22;39;188;1;0;0;4410912;3391563;3007;0;0
FR;3;2021-08-23;140;930;7;0;0;4411052;3392493;3014;0;0
FR;3;2021-08-24;124;969;10;0;0;4411176;3393462;3024;0;0
FR;3;2021-08-25;136;843;2;0;0;4411312;3394305;3026;0;0
FR;3;2021-08-26;170;873;9;0;0;4411482;3395178;3035;0;0
FR;3;2021-08-27;172;966;9;0;0;4411654;3396144;3044;0;0
FR;3;2021-08-28;98;372;4;0;0;4411752;3396516;3048;0;0
FR;3;2021-08-29;127;133;1;0;0;4411879;3396649;3049;0;0
FR;3;2021-08-30;99;602;0;0;135;4411978;3397251;3049;0;135
FR;3;2021-08-31;127;713;7;0;153;4412105;3397964;3056;0;288
FR;3;2021-09-01;113;479;5;0;123;4412218;3398443;3061;0;411
FR;3;2021-09-02;100;633;22;0;119;4412318;3399076;3083;0;530
FR;3;2021-09-03;115;584;17;0;128;4412433;3399660;3100;0;658
FR;3;2021-09-04;52;303;3;0;58;4412485;3399963;3103;0;716
FR;3;2021-09-05;51;68;5;0;28;4412536;3400031;3108;0;744
FR;3;2021-09-06;113;394;4;0;144;4412649;3400425;3112;0;888
FR;3;2021-09-07;123;472;14;0;128;4412772;3400897;3126;0;1016
FR;3;2021-09-08;117;371;2;0;103;4412889;3401268;3128;0;1119
FR;3;2021-09-09;92;397;8;0;114;4412981;3401665;3136;0;1233
FR;3;2021-09-10;100;422;3;0;105;4413081;3402087;3139;0;1338
FR;3;2021-09-11;75;239;4;0;66;4413156;3402326;3143;0;1404
FR;3;2021-09-12;36;48;1;0;17;4413192;3402374;3144;0;1421
FR;3;2021-09-13;70;320;7;0;109;4413262;3402694;3151;0;1530
FR;3;2021-09-14;71;293;6;0;107;4413333;3402987;3157;0;1637
FR;3;2021-09-15;59;263;3;0;6;4413392;3403250;3160;0;1643
FR;3;2021-09-16;60;339;5;0;5;4413452;3403589;3165;0;1648
FR;3;2021-09-17;51;348;3;0;7;4413503;3403937;3168;0;1655
FR;3;2021-09-18;36;173;1;0;1;4413539;3404110;3169;0;1656
FR;3;2021-09-19;27;32;2;0;1;4413566;3404142;3171;0;1657
FR;3;2021-09-20;79;211;0;0;1;4413645;3404353;3171;0;1658
FR;3;2021-09-21;58;287;6;0;7;4413703;3404640;3177;0;1665
FR;3;2021-09-22;63;228;6;0;7;4413766;3404868;3183;0;1672
FR;3;2021-09-23;36;273;11;0;7;4413802;3405141;3194;0;1679
FR;3;2021-09-24;25;325;12;0;19;4413827;3405466;3206;0;1698
FR;3;2021-09-25;29;148;3;0;3;4413856;3405614;3209;0;1701
FR;3;2021-09-26;15;55;1;0;1;4413871;3405669;3210;0;1702
FR;3;2021-09-27;39;290;3;0;5;4413910;3405959;3213;0;1707
FR;3;2021-09-28;49;256;6;0;10;4413959;3406215;3219;0;1717
FR;3;2021-09-29;34;223;10;0;13;4413993;3406438;3229;0;1730
FR;3;2021-09-30;38;201;8;0;10;4414031;3406639;3237;0;1740
FR;3;2021-10-01;17;169;6;0;7;4414048;3406808;3243;0;1747
FR;3;2021-10-02;14;90;0;0;0;4414062;3406898;3243;0;1747
FR;3;2021-10-03;18;20;1;0;2;4414080;3406918;3244;0;1749
FR;3;2021-10-04;30;160;4;0;4;4414110;3407078;3248;0;1753
FR;3;2021-10-05;16;153;10;0;13;4414126;3407231;3258;0;1766
FR;3;2021-10-06;31;157;7;0;8;4414157;3407388;3265;0;1774
FR;3;2021-10-07;18;140;6;0;6;4414175;3407528;3271;0;1780
FR;3;2021-10-08;22;146;10;0;9;4414197;3407674;3281;0;1789
FR;3;2021-10-09;12;73;1;0;1;4414209;3407747;3282;0;1790
FR;3;2021-10-10;12;16;2;0;2;4414221;3407763;3284;0;1792
FR;3;2021-10-11;15;123;4;0;5;4414236;3407886;3288;0;1797
FR;3;2021-10-12;17;115;5;0;5;4414253;3408001;3293;0;1802
FR;3;2021-10-13;23;120;7;0;5;4414276;3408121;3300;0;1807
FR;3;2021-10-14;16;161;3;0;4;4414292;3408282;3303;0;1811
FR;3;2021-10-15;21;157;8;0;11;4414313;3408439;3311;0;1822
FR;3;2021-10-16;11;78;6;0;8;4414324;3408517;3317;0;1830
FR;3;2021-10-17;10;24;0;0;0;4414334;3408541;3317;0;1830
FR;3;2021-10-18;17;128;2;0;1;4414351;3408669;3319;0;1831
FR;3;2021-10-19;16;125;19;0;21;4414367;3408794;3338;0;1852
FR;3;2021-10-20;21;131;5;0;6;4414388;3408925;3343;0;1858
FR;3;2021-10-21;25;136;17;0;13;4414413;3409061;3360;0;1871
FR;3;2021-10-22;19;128;16;0;20;4414432;3409189;3376;0;1891
FR;3;2021-10-23;12;57;2;0;1;4414444;3409246;3378;0;1892
FR;3;2021-10-24;7;31;0;0;0;4414451;3409277;3378;0;1892
FR;3;2021-10-25;22;150;7;0;7;4414473;3409427;3385;0;1899
FR;3;2021-10-26;18;113;22;0;19;4414491;3409540;3407;0;1918
FR;3;2021-10-27;15;117;9;0;9;4414506;3409657;3416;0;1927
FR;3;2021-10-28;20;126;33;0;36;4414526;3409783;3449;0;1963
FR;3;2021-10-29;10;123;64;0;54;4414536;3409906;3513;0;2017
FR;3;2021-10-30;8;65;11;1;10;4414544;3409971;3524;1;2027
FR;3;2021-10-31;6;22;1;0;1;4414550;3409993;3525;1;2028
FR;3;2021-11-01;7;22;2;0;1;4414557;3410015;3527;1;2029
FR;3;2021-11-02;9;107;8;0;10;4414566;3410122;3535;1;2039
FR;3;2021-11-03;19;118;10;0;10;4414585;3410240;3545;1;2049
FR;3;2021-11-04;18;97;4;0;3;4414603;3410337;3549;1;2052
FR;3;2021-11-05;17;142;8;1;5;4414620;3410479;3557;2;2057
FR;3;2021-11-06;7;66;3;0;3;4414627;3410545;3560;2;2060
FR;3;2021-11-07;6;21;1;0;1;4414633;3410566;3561;2;2061
FR;3;2021-11-08;11;139;7;0;5;4414644;3410705;3568;2;2066
FR;3;2021-11-09;12;151;5;0;5;4414656;3410856;3573;2;2071
FR;3;2021-11-10;12;180;14;0;15;4414668;3411036;3587;2;2086
FR;3;2021-11-11;8;51;3;0;3;4414676;3411087;3590;2;2089
FR;3;2021-11-12;10;154;6;0;4;4414686;3411241;3596;2;2093
FR;3;2021-11-13;7;76;8;0;10;4414693;3411317;3604;2;2103
FR;3;2021-11-14;2;21;0;0;0;4414695;3411338;3604;2;2103
FR;3;2021-11-15;4;191;10;0;10;4414699;3411529;3614;2;2113
FR;3;2021-11-16;2;167;11;0;10;4414701;3411696;3625;2;2123
FR;3;2021-11-17;6;178;10;0;7;4414707;3411874;3635;2;2130
FR;3;2021-11-18;13;177;10;0;11;4414720;3412051;3645;2;2141
FR;3;2021-11-19;9;225;22;0;27;4414729;3412276;3667;2;2168
FR;3;2021-11-20;6;116;5;0;5;4414735;3412392;3672;2;2173
FR;3;2021-11-21;3;26;3;0;3;4414738;3412418;3675;2;2176
FR;3;2021-11-22;10;234;10;0;10;4414748;3412652;3685;2;2186
FR;3;2021-11-23;6;231;15;0;14;4414754;3412883;3700;2;2200
FR;3;2021-11-24;5;238;9;0;17;4414759;3413121;3709;2;2217
FR;3;2021-11-25;9;283;11;0;10;4414768;3413404;3720;2;2227
FR;3;2021-11-26;6;359;35;0;32;4414774;3413763;3755;2;2259
FR;3;2021-11-27;8;172;20;0;21;4414782;3413935;3775;2;2280
FR;3;2021-11-28;3;65;7;0;7;4414785;3414000;3782;2;2287
FR;3;2021-11-29;4;318;19;0;20;4414789;3414318;3801;2;2307
FR;3;2021-11-30;5;412;26;0;29;4414794;3414730;3827;2;2336
FR;3;2021-12-01;18;461;32;0;33;4414812;3415191;3859;2;2369
FR;3;2021-12-02;9;489;33;0;36;4414821;3415680;3892;2;2405
FR;3;2021-12-03;3;564;37;0;38;4414824;3416244;3929;2;2443
FR;3;2021-12-04;3;279;26;0;28;4414827;3416523;3955;2;2471
FR;3;2021-12-05;1;80;5;0;5;4414828;3416603;3960;2;2476
FR;3;2021-12-06;5;504;14;0;16;4414833;3417107;3974;2;2492
FR;3;2021-12-07;4;607;20;0;24;4414837;3417714;3994;2;2516
FR;3;2021-12-08;4;536;29;0;30;4414841;3418250;4023;2;2546
FR;3;2021-12-09;3;584;17;0;22;4414844;3418834;4040;2;2568
FR;3;2021-12-10;9;622;29;0;25;4414853;3419456;4069;2;2593
FR;3;2021-12-11;4;384;10;0;9;4414857;3419840;4079;2;2602
FR;3;2021-12-12;1;121;3;0;3;4414858;3419961;4082;2;2605
FR;3;2021-12-13;2;596;19;0;21;4414860;3420557;4101;2;2626
FR;3;2021-12-14;7;752;18;0;21;4414867;3421309;4119;2;2647
FR;3;2021-12-15;9;716;17;0;21;4414876;3422025;4136;2;2668
FR;3;2021-12-16;9;724;19;0;18;4414885;3422749;4155;2;2686
FR;3;2021-12-17;4;791;18;0;19;4414889;3423540;4173;2;2705
FR;3;2021-12-18;4;411;4;0;5;4414893;3423951;4177;2;2710
FR;3;2021-12-19;3;207;2;0;2;4414896;3424158;4179;2;2712
FR;3;2021-12-20;8;717;23;0;28;4414904;3424875;4202;2;2740
FR;3;2021-12-21;3;801;10;0;13;4414907;3425676;4212;2;2753
FR;3;2021-12-22;6;755;9;0;10;4414913;3426431;4221;2;2763
FR;3;2021-12-23;1;647;9;0;8;4414914;3427078;4230;2;2771
FR;3;2021-12-24;2;271;3;0;6;4414916;3427349;4233;2;2777
FR;3;2021-12-25;0;25;0;0;0;4414916;3427374;4233;2;2777
FR;3;2021-12-26;0;94;1;0;1;4414916;3427468;4234;2;2778
FR;3;2021-12-27;7;539;17;0;19;4414923;3428007;4251;2;2797
FR;3;2021-12-28;1;689;6;0;5;4414924;3428696;4257;2;2802
FR;3;2021-12-29;4;572;14;0;16;4414928;3429268;4271;2;2818
FR;3;2021-12-30;1;599;7;0;10;4414929;3429867;4278;2;2828
FR;3;2021-12-31;0;204;5;0;6;4414929;3430071;4283;2;2834
FR;3;2022-01-01;0;27;0;0;2;4414929;3430098;4283;2;2836
FR;3;2022-01-02;0;82;0;0;0;4414929;3430180;4283;2;2836
FR;3;2022-01-03;3;564;17;0;20;4414932;3430744;4300;2;2856
FR;3;2022-01-04;6;623;9;0;8;4414938;3431367;4309;2;2864
FR;3;2022-01-05;4;551;10;0;14;4414942;3431918;4319;2;2878
FR;3;2022-01-06;5;547;9;0;12;4414947;3432465;4328;2;2890
FR;3;2022-01-07;2;574;11;0;14;4414949;3433039;4339;2;2904
FR;3;2022-01-08;2;283;4;0;5;4414951;3433322;4343;2;2909
FR;3;2022-01-09;0;118;0;0;0;4414951;3433440;4343;2;2909
FR;3;2022-01-10;2;479;12;0;12;4414953;3433919;4355;2;2921
FR;3;2022-01-11;2;530;1;0;1;4414955;3434449;4356;2;2922
FR;3;2022-01-12;2;445;9;0;10;4414957;3434894;4365;2;2932
FR;3;2022-01-13;3;423;11;0;12;4414960;3435317;4376;2;2944
FR;3;2022-01-14;3;473;10;0;13;4414963;3435790;4386;2;2957
FR;3;2022-01-15;0;298;2;0;3;4414963;3436088;4388;2;2960
FR;3;2022-01-16;0;116;1;0;1;4414963;3436204;4389;2;2961
FR;3;2022-01-17;2;349;8;0;10;4414965;3436553;4397;2;2971
FR;3;2022-01-18;2;411;1;0;2;4414967;3436964;4398;2;2973
FR;3;2022-01-19;1;349;5;0;10;4414968;3437313;4403;2;2983
FR;3;2022-01-20;1;379;5;0;3;4414969;3437692;4408;2;2986
FR;3;2022-01-21;3;372;5;0;7;4414972;3438064;4413;2;2993
FR;3;2022-01-22;2;231;1;0;2;4414974;3438295;4414;2;2995
FR;3;2022-01-23;0;82;0;0;1;4414974;3438377;4414;2;2996
FR;3;2022-01-24;2;348;1;0;6;4414976;3438725;4415;2;3002
FR;3;2022-01-25;0;192;0;0;0;4414976;3438917;4415;2;3002
FR;3;2022-01-26;0;88;0;0;0;4414976;3439005;4415;2;3002
FR;3;2022-01-27;0;58;0;0;0;4414976;3439063;4415;2;3002
FR;3;2022-01-28;0;133;0;0;0;4414976;3439196;4415;2;3002
FR;3;2022-01-29;0;110;0;0;0;4414976;3439306;4415;2;3002
FR;3;2022-01-30;0;51;0;0;0;4414976;3439357;4415;2;3002
FR;3;2022-01-31;0;97;0;0;0;4414976;3439454;4415;2;3002
FR;3;2022-02-01;0;108;0;0;1;4414976;3439562;4415;2;3003
FR;3;2022-02-02;0;95;0;0;0;4414976;3439657;4415;2;3003
FR;3;2022-02-03;0;101;0;0;0;4414976;3439758;4415;2;3003
FR;3;2022-02-04;0;124;0;0;0;4414976;3439882;4415;2;3003
FR;3;2022-02-05;0;73;0;0;0;4414976;3439955;4415;2;3003
FR;3;2022-02-06;0;11;0;0;0;4414976;3439966;4415;2;3003
FR;3;2022-02-07;0;89;0;0;1;4414976;3440055;4415;2;3004
FR;3;2022-02-08;0;0;0;0;0;4414976;3440055;4415;2;3004
FR;3;2022-02-09;0;0;0;0;0;4414976;3440055;4415;2;3004
FR;3;2022-02-10;0;0;0;0;0;4414976;3440055;4415;2;3004
FR;3;2022-02-11;0;0;0;0;0;4414976;3440055;4415;2;3004
FR;3;2022-02-12;0;0;0;0;0;4414976;3440055;4415;2;3004
FR;3;2022-02-13;0;0;0;0;0;4414976;3440055;4415;2;3004
FR;3;2022-02-14;0;0;0;0;0;4414976;3440055;4415;2;3004
FR;3;2022-02-15;0;0;0;0;0;4414976;3440055;4415;2;3004
FR;3;2022-02-16;0;0;0;0;0;4414976;3440055;4415;2;3004
FR;3;2022-02-17;0;0;0;0;0;4414976;3440055;4415;2;3004
FR;3;2022-02-18;0;0;0;0;0;4414976;3440055;4415;2;3004
FR;3;2022-02-19;0;0;0;0;0;4414976;3440055;4415;2;3004
FR;3;2022-02-20;0;0;0;0;0;4414976;3440055;4415;2;3004
FR;3;2022-02-21;2;0;0;0;0;4414978;3440055;4415;2;3004
FR;3;2022-02-22;0;0;0;0;0;4414978;3440055;4415;2;3004
FR;3;2022-02-23;0;0;0;0;0;4414978;3440055;4415;2;3004
FR;3;2022-02-24;0;0;0;0;0;4414978;3440055;4415;2;3004
FR;3;2022-02-25;0;0;0;0;0;4414978;3440055;4415;2;3004
FR;3;2022-02-26;0;0;0;0;0;4414978;3440055;4415;2;3004
FR;3;2022-02-27;0;0;0;0;0;4414978;3440055;4415;2;3004
FR;3;2022-02-28;1;0;0;0;0;4414979;3440055;4415;2;3004
FR;3;2022-03-01;1;0;0;0;0;4414980;3440055;4415;2;3004
FR;3;2022-03-02;0;0;0;0;0;4414980;3440055;4415;2;3004
FR;3;2022-03-03;0;0;0;0;0;4414980;3440055;4415;2;3004
FR;3;2022-03-04;0;0;0;0;0;4414980;3440055;4415;2;3004
FR;3;2022-03-05;0;0;0;0;0;4414980;3440055;4415;2;3004
FR;3;2022-03-06;1;0;0;0;0;4414981;3440055;4415;2;3004
FR;3;2022-03-07;0;0;0;0;0;4414981;3440055;4415;2;3004
FR;3;2022-03-08;1;0;0;0;0;4414982;3440055;4415;2;3004
FR;3;2022-03-09;0;0;0;0;0;4414982;3440055;4415;2;3004
FR;3;2022-03-10;0;0;0;0;0;4414982;3440055;4415;2;3004
FR;3;2022-03-11;0;0;0;0;0;4414982;3440055;4415;2;3004
FR;3;2022-03-12;0;0;0;0;0;4414982;3440055;4415;2;3004
FR;3;2022-03-13;0;0;0;0;0;4414982;3440055;4415;2;3004
FR;3;2022-03-14;0;0;0;0;0;4414982;3440055;4415;2;3004
FR;3;2022-03-15;0;0;0;0;0;4414982;3440055;4415;2;3004
FR;3;2022-03-16;0;0;0;0;0;4414982;3440055;4415;2;3004
FR;3;2022-03-17;0;0;0;0;0;4414982;3440055;4415;2;3004
FR;3;2022-03-18;0;0;0;0;0;4414982;3440055;4415;2;3004
FR;3;2022-03-19;0;0;0;0;0;4414982;3440055;4415;2;3004
FR;3;2022-03-20;1;0;0;0;0;4414983;3440055;4415;2;3004
FR;3;2022-03-21;0;0;0;0;0;4414983;3440055;4415;2;3004
FR;3;2022-03-22;0;0;0;0;0;4414983;3440055;4415;2;3004
FR;3;2022-03-23;1;0;0;0;0;4414984;3440055;4415;2;3004
FR;3;2022-03-24;0;0;0;0;0;4414984;3440055;4415;2;3004
FR;3;2022-03-25;1;0;0;0;0;4414985;3440055;4415;2;3004
FR;3;2022-03-26;0;0;0;0;0;4414985;3440055;4415;2;3004
FR;3;2022-03-27;0;0;0;0;0;4414985;3440055;4415;2;3004
FR;3;2022-03-28;0;0;0;0;0;4414985;3440055;4415;2;3004
FR;3;2022-03-29;0;0;0;0;0;4414985;3440055;4415;2;3004
FR;3;2022-03-30;0;0;0;0;0;4414985;3440055;4415;2;3004
FR;3;2022-03-31;0;0;0;0;0;4414985;3440055;4415;2;3004
FR;3;2022-04-01;0;0;0;0;0;4414985;3440055;4415;2;3004
FR;3;2022-04-02;0;0;0;0;0;4414985;3440055;4415;2;3004
FR;3;2022-04-03;0;0;0;0;0;4414985;3440055;4415;2;3004
FR;3;2022-04-04;0;0;0;0;0;4414985;3440055;4415;2;3004
FR;3;2022-04-05;0;0;0;0;0;4414985;3440055;4415;2;3004
FR;3;2022-04-06;0;0;0;0;0;4414985;3440055;4415;2;3004
FR;3;2022-04-07;0;0;0;0;0;4414985;3440055;4415;2;3004
FR;3;2022-04-08;0;0;0;0;0;4414985;3440055;4415;2;3004
FR;3;2022-04-09;0;0;0;0;0;4414985;3440055;4415;2;3004
FR;3;2022-04-10;0;0;0;0;0;4414985;3440055;4415;2;3004
FR;3;2022-04-11;0;0;0;0;0;4414985;3440055;4415;2;3004
FR;3;2022-04-12;0;0;0;0;0;4414985;3440055;4415;2;3004
FR;3;2022-04-13;0;0;0;0;0;4414985;3440055;4415;2;3004
FR;3;2022-04-14;0;0;0;0;0;4414985;3440055;4415;2;3004
FR;3;2022-04-15;1;0;0;0;0;4414986;3440055;4415;2;3004
FR;3;2022-04-16;0;0;0;0;0;4414986;3440055;4415;2;3004
FR;3;2022-04-17;0;0;0;0;0;4414986;3440055;4415;2;3004
FR;3;2022-04-18;0;0;0;0;0;4414986;3440055;4415;2;3004
FR;3;2022-04-19;0;0;0;0;0;4414986;3440055;4415;2;3004
FR;3;2022-04-20;0;0;0;0;0;4414986;3440055;4415;2;3004
FR;3;2022-04-21;0;0;0;0;0;4414986;3440055;4415;2;3004
FR;3;2022-04-22;0;0;0;0;0;4414986;3440055;4415;2;3004
FR;3;2022-04-23;0;0;0;0;0;4414986;3440055;4415;2;3004
FR;3;2022-04-24;0;0;0;0;0;4414986;3440055;4415;2;3004
FR;3;2022-04-25;0;0;0;0;0;4414986;3440055;4415;2;3004
FR;3;2022-04-26;0;0;0;0;0;4414986;3440055;4415;2;3004
FR;3;2022-04-27;0;0;0;0;0;4414986;3440055;4415;2;3004
FR;3;2022-04-28;0;0;0;0;0;4414986;3440055;4415;2;3004
FR;3;2022-04-29;0;0;0;0;0;4414986;3440055;4415;2;3004
FR;3;2022-04-30;0;0;0;0;0;4414986;3440055;4415;2;3004
FR;3;2022-05-01;0;0;0;0;0;4414986;3440055;4415;2;3004
FR;3;2022-05-02;0;0;0;0;0;4414986;3440055;4415;2;3004
FR;3;2022-05-03;0;0;0;0;0;4414986;3440055;4415;2;3004
FR;3;2022-05-04;0;0;0;0;0;4414986;3440055;4415;2;3004
FR;3;2022-05-05;0;0;0;0;0;4414986;3440055;4415;2;3004
FR;3;2022-05-06;0;0;0;0;0;4414986;3440055;4415;2;3004
FR;3;2022-05-07;0;0;0;0;0;4414986;3440055;4415;2;3004
FR;3;2022-05-08;0;0;0;0;0;4414986;3440055;4415;2;3004
FR;3;2022-05-09;0;0;0;0;0;4414986;3440055;4415;2;3004
FR;3;2022-05-10;0;0;0;0;0;4414986;3440055;4415;2;3004
FR;3;2022-05-11;0;0;0;0;0;4414986;3440055;4415;2;3004
FR;3;2022-05-12;0;0;0;0;0;4414986;3440055;4415;2;3004
FR;3;2022-05-13;0;0;0;0;0;4414986;3440055;4415;2;3004
FR;3;2022-05-14;1;0;0;0;0;4414987;3440055;4415;2;3004
FR;3;2022-05-15;0;0;0;0;0;4414987;3440055;4415;2;3004
FR;3;2022-05-16;0;0;0;0;0;4414987;3440055;4415;2;3004
FR;3;2022-05-17;0;0;0;0;0;4414987;3440055;4415;2;3004
FR;3;2022-05-18;0;0;0;0;0;4414987;3440055;4415;2;3004
FR;3;2022-05-19;0;0;0;0;0;4414987;3440055;4415;2;3004
FR;3;2022-05-20;0;0;0;0;0;4414987;3440055;4415;2;3004
FR;3;2022-05-21;0;0;0;0;0;4414987;3440055;4415;2;3004
FR;3;2022-05-22;0;0;0;0;0;4414987;3440055;4415;2;3004
FR;3;2022-05-23;0;0;0;0;0;4414987;3440055;4415;2;3004
FR;3;2022-05-24;0;0;0;0;0;4414987;3440055;4415;2;3004
FR;3;2022-05-25;0;0;0;0;0;4414987;3440055;4415;2;3004
FR;3;2022-05-26;0;0;0;0;0;4414987;3440055;4415;2;3004
FR;3;2022-05-27;0;0;0;0;0;4414987;3440055;4415;2;3004
FR;3;2022-05-28;0;0;0;0;0;4414987;3440055;4415;2;3004
FR;3;2022-05-29;0;0;0;0;0;4414987;3440055;4415;2;3004
FR;3;2022-05-30;0;0;0;0;0;4414987;3440055;4415;2;3004
FR;3;2022-05-31;0;0;0;0;0;4414987;3440055;4415;2;3004
FR;3;2022-06-01;0;0;0;0;0;4414987;3440055;4415;2;3004
FR;4;2020-12-27;0;0;0;0;0;0;0;0;0;0
FR;4;2020-12-28;0;0;0;0;0;0;0;0;0;0
FR;4;2020-12-29;0;0;0;0;0;0;0;0;0;0
FR;4;2020-12-30;0;0;0;0;0;0;0;0;0;0
FR;4;2020-12-31;0;0;0;0;0;0;0;0;0;0
FR;4;2021-01-01;0;0;0;0;0;0;0;0;0;0
FR;4;2021-01-02;0;0;0;0;0;0;0;0;0;0
FR;4;2021-01-03;0;0;0;0;0;0;0;0;0;0
FR;4;2021-01-04;0;0;0;0;0;0;0;0;0;0
FR;4;2021-01-05;0;0;0;0;0;0;0;0;0;0
FR;4;2021-01-06;0;0;0;0;0;0;0;0;0;0
FR;4;2021-01-07;0;0;0;0;0;0;0;0;0;0
FR;4;2021-01-08;0;0;0;0;0;0;0;0;0;0
FR;4;2021-01-09;0;0;0;0;0;0;0;0;0;0
FR;4;2021-01-10;0;0;0;0;0;0;0;0;0;0
FR;4;2021-01-11;0;0;0;0;0;0;0;0;0;0
FR;4;2021-01-12;0;0;0;0;0;0;0;0;0;0
FR;4;2021-01-13;0;0;0;0;0;0;0;0;0;0
FR;4;2021-01-14;0;0;0;0;0;0;0;0;0;0
FR;4;2021-01-15;0;0;0;0;0;0;0;0;0;0
FR;4;2021-01-16;0;0;0;0;0;0;0;0;0;0
FR;4;2021-01-17;0;0;0;0;0;0;0;0;0;0
FR;4;2021-01-18;0;0;0;0;0;0;0;0;0;0
FR;4;2021-01-19;0;0;0;0;0;0;0;0;0;0
FR;4;2021-01-20;0;0;0;0;0;0;0;0;0;0
FR;4;2021-01-21;0;0;0;0;0;0;0;0;0;0
FR;4;2021-01-22;0;0;0;0;0;0;0;0;0;0
FR;4;2021-01-23;0;0;0;0;0;0;0;0;0;0
FR;4;2021-01-24;0;0;0;0;0;0;0;0;0;0
FR;4;2021-01-25;0;0;0;0;0;0;0;0;0;0
FR;4;2021-01-26;0;0;0;0;0;0;0;0;0;0
FR;4;2021-01-27;0;0;0;0;0;0;0;0;0;0
FR;4;2021-01-28;0;0;0;0;0;0;0;0;0;0
FR;4;2021-01-29;0;0;0;0;0;0;0;0;0;0
FR;4;2021-01-30;0;0;0;0;0;0;0;0;0;0
FR;4;2021-01-31;0;0;0;0;0;0;0;0;0;0
FR;4;2021-02-01;0;0;0;0;0;0;0;0;0;0
FR;4;2021-02-02;0;0;0;0;0;0;0;0;0;0
FR;4;2021-02-03;0;0;0;0;0;0;0;0;0;0
FR;4;2021-02-04;0;0;0;0;0;0;0;0;0;0
FR;4;2021-02-05;0;0;0;0;0;0;0;0;0;0
FR;4;2021-02-06;0;0;0;0;0;0;0;0;0;0
FR;4;2021-02-07;0;0;0;0;0;0;0;0;0;0
FR;4;2021-02-08;0;0;0;0;0;0;0;0;0;0
FR;4;2021-02-09;0;0;0;0;0;0;0;0;0;0
FR;4;2021-02-10;0;0;0;0;0;0;0;0;0;0
FR;4;2021-02-11;0;0;0;0;0;0;0;0;0;0
FR;4;2021-02-12;0;0;0;0;0;0;0;0;0;0
FR;4;2021-02-13;0;0;0;0;0;0;0;0;0;0
FR;4;2021-02-14;0;0;0;0;0;0;0;0;0;0
FR;4;2021-02-15;0;0;0;0;0;0;0;0;0;0
FR;4;2021-02-16;0;0;0;0;0;0;0;0;0;0
FR;4;2021-02-17;0;0;0;0;0;0;0;0;0;0
FR;4;2021-02-18;0;0;0;0;0;0;0;0;0;0
FR;4;2021-02-19;0;0;0;0;0;0;0;0;0;0
FR;4;2021-02-20;0;0;0;0;0;0;0;0;0;0
FR;4;2021-02-21;0;0;0;0;0;0;0;0;0;0
FR;4;2021-02-22;0;0;0;0;0;0;0;0;0;0
FR;4;2021-02-23;0;0;0;0;0;0;0;0;0;0
FR;4;2021-02-24;0;0;0;0;0;0;0;0;0;0
FR;4;2021-02-25;0;0;0;0;0;0;0;0;0;0
FR;4;2021-02-26;0;0;0;0;0;0;0;0;0;0
FR;4;2021-02-27;0;0;0;0;0;0;0;0;0;0
FR;4;2021-02-28;0;0;0;0;0;0;0;0;0;0
FR;4;2021-03-01;0;0;0;0;0;0;0;0;0;0
FR;4;2021-03-02;0;0;0;0;0;0;0;0;0;0
FR;4;2021-03-03;0;0;0;0;0;0;0;0;0;0
FR;4;2021-03-04;0;0;0;0;0;0;0;0;0;0
FR;4;2021-03-05;0;0;0;0;0;0;0;0;0;0
FR;4;2021-03-06;0;0;0;0;0;0;0;0;0;0
FR;4;2021-03-07;0;0;0;0;0;0;0;0;0;0
FR;4;2021-03-08;0;0;0;0;0;0;0;0;0;0
FR;4;2021-03-09;0;0;0;0;0;0;0;0;0;0
FR;4;2021-03-10;0;0;0;0;0;0;0;0;0;0
FR;4;2021-03-11;0;0;0;0;0;0;0;0;0;0
FR;4;2021-03-12;0;0;0;0;0;0;0;0;0;0
FR;4;2021-03-13;0;0;0;0;0;0;0;0;0;0
FR;4;2021-03-14;0;0;0;0;0;0;0;0;0;0
FR;4;2021-03-15;0;0;0;0;0;0;0;0;0;0
FR;4;2021-03-16;0;0;0;0;0;0;0;0;0;0
FR;4;2021-03-17;0;0;0;0;0;0;0;0;0;0
FR;4;2021-03-18;0;0;0;0;0;0;0;0;0;0
FR;4;2021-03-19;0;0;0;0;0;0;0;0;0;0
FR;4;2021-03-20;0;0;0;0;0;0;0;0;0;0
FR;4;2021-03-21;0;0;0;0;0;0;0;0;0;0
FR;4;2021-03-22;0;0;0;0;0;0;0;0;0;0
FR;4;2021-03-23;0;0;0;0;0;0;0;0;0;0
FR;4;2021-03-24;0;0;0;0;0;0;0;0;0;0
FR;4;2021-03-25;0;0;0;0;0;0;0;0;0;0
FR;4;2021-03-26;0;0;0;0;0;0;0;0;0;0
FR;4;2021-03-27;0;0;0;0;0;0;0;0;0;0
FR;4;2021-03-28;0;0;0;0;0;0;0;0;0;0
FR;4;2021-03-29;0;0;0;0;0;0;0;0;0;0
FR;4;2021-03-30;0;0;0;0;0;0;0;0;0;0
FR;4;2021-03-31;0;0;0;0;0;0;0;0;0;0
FR;4;2021-04-01;0;0;0;0;0;0;0;0;0;0
FR;4;2021-04-02;0;0;0;0;0;0;0;0;0;0
FR;4;2021-04-03;0;0;0;0;0;0;0;0;0;0
FR;4;2021-04-04;0;0;0;0;0;0;0;0;0;0
FR;4;2021-04-05;0;0;0;0;0;0;0;0;0;0
FR;4;2021-04-06;0;0;0;0;0;0;0;0;0;0
FR;4;2021-04-07;0;0;0;0;0;0;0;0;0;0
FR;4;2021-04-08;0;0;0;0;0;0;0;0;0;0
FR;4;2021-04-09;0;0;0;0;0;0;0;0;0;0
FR;4;2021-04-10;0;0;0;0;0;0;0;0;0;0
FR;4;2021-04-11;0;0;0;0;0;0;0;0;0;0
FR;4;2021-04-12;0;0;0;0;0;0;0;0;0;0
FR;4;2021-04-13;0;0;0;0;0;0;0;0;0;0
FR;4;2021-04-14;0;0;0;0;0;0;0;0;0;0
FR;4;2021-04-15;0;0;0;0;0;0;0;0;0;0
FR;4;2021-04-16;0;0;0;0;0;0;0;0;0;0
FR;4;2021-04-17;0;0;0;0;0;0;0;0;0;0
FR;4;2021-04-18;0;0;0;0;0;0;0;0;0;0
FR;4;2021-04-19;0;0;0;0;0;0;0;0;0;0
FR;4;2021-04-20;0;0;0;0;0;0;0;0;0;0
FR;4;2021-04-21;0;0;0;0;0;0;0;0;0;0
FR;4;2021-04-22;0;0;0;0;0;0;0;0;0;0
FR;4;2021-04-23;4010;0;0;0;0;4010;0;0;0;0
FR;4;2021-04-24;1569;0;0;0;0;5579;0;0;0;0
FR;4;2021-04-25;125;0;0;0;0;5704;0;0;0;0
FR;4;2021-04-26;2869;1;0;0;0;8573;1;0;0;0
FR;4;2021-04-27;9519;3;0;0;0;18092;4;0;0;0
FR;4;2021-04-28;9904;6;0;0;0;27996;10;0;0;0
FR;4;2021-04-29;15991;8;0;0;0;43987;18;0;0;0
FR;4;2021-04-30;19229;10;0;0;0;63216;28;0;0;0
FR;4;2021-05-01;1994;6;0;0;0;65210;34;0;0;0
FR;4;2021-05-02;482;0;0;0;0;65692;34;0;0;0
FR;4;2021-05-03;5058;2;0;0;0;70750;36;0;0;0
FR;4;2021-05-04;8397;10;0;0;0;79147;46;0;0;0
FR;4;2021-05-05;6182;7;0;0;0;85329;53;0;0;0
FR;4;2021-05-06;11377;11;0;0;0;96706;64;0;0;0
FR;4;2021-05-07;19121;9;0;0;0;115827;73;0;0;0
FR;4;2021-05-08;2377;6;0;0;0;118204;79;0;0;0
FR;4;2021-05-09;685;3;0;0;0;118889;82;0;0;0
FR;4;2021-05-10;7239;5;1;0;0;126128;87;1;0;0
FR;4;2021-05-11;14313;12;0;0;0;140441;99;1;0;0
FR;4;2021-05-12;10163;15;0;0;0;150604;114;1;0;0
FR;4;2021-05-13;1579;3;0;0;0;152183;117;1;0;0
FR;4;2021-05-14;7760;6;0;0;0;159943;123;1;0;0
FR;4;2021-05-15;3717;8;1;0;0;163660;131;2;0;0
FR;4;2021-05-16;417;1;0;0;0;164077;132;2;0;0
FR;4;2021-05-17;4476;6;0;0;0;168553;138;2;0;0
FR;4;2021-05-18;8751;10;0;0;0;177304;148;2;0;0
FR;4;2021-05-19;5690;7;0;0;0;182994;155;2;0;0
FR;4;2021-05-20;9480;7;0;0;0;192474;162;2;0;0
FR;4;2021-05-21;12791;30;0;0;0;205265;192;2;0;0
FR;4;2021-05-22;5056;15;0;0;0;210321;207;2;0;0
FR;4;2021-05-23;494;4;0;0;0;210815;211;2;0;0
FR;4;2021-05-24;1054;7;0;0;0;211869;218;2;0;0
FR;4;2021-05-25;7620;16;0;0;0;219489;234;2;0;0
FR;4;2021-05-26;7723;16;0;0;0;227212;250;2;0;0
FR;4;2021-05-27;14328;35;0;0;0;241540;285;2;0;0
FR;4;2021-05-28;26583;82;1;0;0;268123;367;3;0;0
FR;4;2021-05-29;11380;18;0;0;0;279503;385;3;0;0
FR;4;2021-05-30;971;6;0;0;0;280474;391;3;0;0
FR;4;2021-05-31;12688;21;0;0;0;293162;412;3;0;0
FR;4;2021-06-01;20249;46;1;0;0;313411;458;4;0;0
FR;4;2021-06-02;14518;33;0;0;0;327929;491;4;0;0
FR;4;2021-06-03;19410;24;1;0;0;347339;515;5;0;0
FR;4;2021-06-04;22509;47;0;0;0;369848;562;5;0;0
FR;4;2021-06-05;9712;32;0;0;0;379560;594;5;0;0
FR;4;2021-06-06;1039;1;0;0;0;380599;595;5;0;0
FR;4;2021-06-07;9224;19;0;0;0;389823;614;5;0;0
FR;4;2021-06-08;14607;31;0;0;0;404430;645;5;0;0
FR;4;2021-06-09;12203;25;0;0;0;416633;670;5;0;0
FR;4;2021-06-10;15398;30;0;0;0;432031;700;5;0;0
FR;4;2021-06-11;16979;56;0;0;0;449010;756;5;0;0
FR;4;2021-06-12;7444;27;0;0;0;456454;783;5;0;0
FR;4;2021-06-13;906;2;0;0;0;457360;785;5;0;0
FR;4;2021-06-14;6645;25;0;0;0;464005;810;5;0;0
FR;4;2021-06-15;10883;37;0;0;0;474888;847;5;0;0
FR;4;2021-06-16;8904;15;0;0;0;483792;862;5;0;0
FR;4;2021-06-17;10897;36;0;0;0;494689;898;5;0;0
FR;4;2021-06-18;12420;45;0;0;0;507109;943;5;0;0
FR;4;2021-06-19;5567;25;0;0;0;512676;968;5;0;0
FR;4;2021-06-20;819;5;0;0;0;513495;973;5;0;0
FR;4;2021-06-21;5081;20;0;0;0;518576;993;5;0;0
FR;4;2021-06-22;7905;28;2;0;0;526481;1021;7;0;0
FR;4;2021-06-23;7092;39;2;0;0;533573;1060;9;0;0
FR;4;2021-06-24;8647;46;1;0;0;542220;1106;10;0;0
FR;4;2021-06-25;10173;39;2;0;0;552393;1145;12;0;0
FR;4;2021-06-26;4841;21;0;0;0;557234;1166;12;0;0
FR;4;2021-06-27;760;3;0;0;0;557994;1169;12;0;0
FR;4;2021-06-28;4822;16;1;0;0;562816;1185;13;0;0
FR;4;2021-06-29;7098;27;2;0;0;569914;1212;15;0;0
FR;4;2021-06-30;6708;39;2;0;0;576622;1251;17;0;0
FR;4;2021-07-01;8192;40;0;0;0;584814;1291;17;0;0
FR;4;2021-07-02;9413;52;1;0;0;594227;1343;18;0;0
FR;4;2021-07-03;4844;19;0;0;0;599071;1362;18;0;0
FR;4;2021-07-04;686;5;0;0;0;599757;1367;18;0;0
FR;4;2021-07-05;4766;19;2;0;0;604523;1386;20;0;0
FR;4;2021-07-06;7717;28;4;0;0;612240;1414;24;0;0
FR;4;2021-07-07;7069;34;2;0;0;619309;1448;26;0;0
FR;4;2021-07-08;9219;40;2;0;0;628528;1488;28;0;0
FR;4;2021-07-09;10276;34;1;0;0;638804;1522;29;0;0
FR;4;2021-07-10;4634;14;2;0;0;643438;1536;31;0;0
FR;4;2021-07-11;582;4;1;0;0;644020;1540;32;0;0
FR;4;2021-07-12;5868;29;0;0;0;649888;1569;32;0;0
FR;4;2021-07-13;14230;29;0;0;0;664118;1598;32;0;0
FR;4;2021-07-14;2282;14;0;0;0;666400;1612;32;0;0
FR;4;2021-07-15;18231;36;0;0;0;684631;1648;32;0;0
FR;4;2021-07-16;22815;70;2;0;0;707446;1718;34;0;0
FR;4;2021-07-17;9735;20;0;0;0;717181;1738;34;0;0
FR;4;2021-07-18;1354;4;0;0;0;718535;1742;34;0;0
FR;4;2021-07-19;12980;28;1;0;0;731515;1770;35;0;0
FR;4;2021-07-20;17333;26;1;0;0;748848;1796;36;0;0
FR;4;2021-07-21;15605;33;0;0;0;764453;1829;36;0;0
FR;4;2021-07-22;18237;44;2;0;0;782690;1873;38;0;0
FR;4;2021-07-23;20404;57;7;0;0;803094;1930;45;0;0
FR;4;2021-07-24;9282;32;0;0;0;812376;1962;45;0;0
FR;4;2021-07-25;1350;8;0;0;0;813726;1970;45;0;0
FR;4;2021-07-26;11031;20;0;0;0;824757;1990;45;0;0
FR;4;2021-07-27;14662;35;3;0;0;839419;2025;48;0;0
FR;4;2021-07-28;12923;26;2;0;0;852342;2051;50;0;0
FR;4;2021-07-29;14079;54;4;0;0;866421;2105;54;0;0
FR;4;2021-07-30;15480;45;2;0;0;881901;2150;56;0;0
FR;4;2021-07-31;6831;14;2;0;0;888732;2164;58;0;0
FR;4;2021-08-01;905;1;0;0;0;889637;2165;58;0;0
FR;4;2021-08-02;7903;29;0;0;0;897540;2194;58;0;0
FR;4;2021-08-03;10789;32;2;0;0;908329;2226;60;0;0
FR;4;2021-08-04;9733;29;0;0;0;918062;2255;60;0;0
FR;4;2021-08-05;9812;41;0;0;0;927874;2296;60;0;0
FR;4;2021-08-06;10184;30;3;0;0;938058;2326;63;0;0
FR;4;2021-08-07;5089;30;1;0;0;943147;2356;64;0;0
FR;4;2021-08-08;1217;13;0;0;0;944364;2369;64;0;0
FR;4;2021-08-09;6334;31;0;0;0;950698;2400;64;0;0
FR;4;2021-08-10;8742;18;0;0;0;959440;2418;64;0;0
FR;4;2021-08-11;7931;33;4;0;0;967371;2451;68;0;0
FR;4;2021-08-12;8580;29;1;0;0;975951;2480;69;0;0
FR;4;2021-08-13;7548;24;0;1;0;983499;2504;69;1;0
FR;4;2021-08-14;3787;20;0;0;0;987286;2524;69;1;0
FR;4;2021-08-15;769;5;0;0;0;988055;2529;69;1;0
FR;4;2021-08-16;4002;16;0;0;0;992057;2545;69;1;0
FR;4;2021-08-17;5616;16;1;0;0;997673;2561;70;1;0
FR;4;2021-08-18;5165;34;0;0;0;1002838;2595;70;1;0
FR;4;2021-08-19;5475;33;3;0;0;1008313;2628;73;1;0
FR;4;2021-08-20;5210;24;1;0;0;1013523;2652;74;1;0
FR;4;2021-08-21;2307;21;1;0;0;1015830;2673;75;1;0
FR;4;2021-08-22;401;2;0;0;0;1016231;2675;75;1;0
FR;4;2021-08-23;2924;19;1;0;0;1019155;2694;76;1;0
FR;4;2021-08-24;3745;15;0;0;0;1022900;2709;76;1;0
FR;4;2021-08-25;3538;25;0;0;0;1026438;2734;76;1;0
FR;4;2021-08-26;3702;20;2;0;0;1030140;2754;78;1;0
FR;4;2021-08-27;3605;31;2;0;0;1033745;2785;80;1;0
FR;4;2021-08-28;1726;9;1;0;0;1035471;2794;81;1;0
FR;4;2021-08-29;387;7;1;0;0;1035858;2801;82;1;0
FR;4;2021-08-30;2009;24;0;0;14;1037867;2825;82;1;14
FR;4;2021-08-31;2481;20;0;0;13;1040348;2845;82;1;27
FR;4;2021-09-01;2078;38;1;0;21;1042426;2883;83;1;48
FR;4;2021-09-02;2301;31;4;0;18;1044727;2914;87;1;66
FR;4;2021-09-03;2357;44;5;0;32;1047084;2958;92;1;98
FR;4;2021-09-04;1373;17;0;0;7;1048457;2975;92;1;105
FR;4;2021-09-05;431;2;0;0;2;1048888;2977;92;1;107
FR;4;2021-09-06;1705;60;0;0;21;1050593;3037;92;1;128
FR;4;2021-09-07;1675;18;1;0;9;1052268;3055;93;1;137
FR;4;2021-09-08;1279;27;3;1;20;1053547;3082;96;2;157
FR;4;2021-09-09;1385;23;2;0;9;1054932;3105;98;2;166
FR;4;2021-09-10;1517;31;2;0;23;1056449;3136;100;2;189
FR;4;2021-09-11;738;11;0;0;3;1057187;3147;100;2;192
FR;4;2021-09-12;168;4;0;0;2;1057355;3151;100;2;194
FR;4;2021-09-13;1316;22;1;0;16;1058671;3173;101;2;210
FR;4;2021-09-14;1497;9;2;0;6;1060168;3182;103;2;216
FR;4;2021-09-15;1092;27;1;0;24;1061260;3209;104;2;240
FR;4;2021-09-16;1096;22;2;0;15;1062356;3231;106;2;255
FR;4;2021-09-17;891;21;1;0;12;1063247;3252;107;2;267
FR;4;2021-09-18;462;6;1;0;5;1063709;3258;108;2;272
FR;4;2021-09-19;182;3;0;0;2;1063891;3261;108;2;274
FR;4;2021-09-20;447;18;0;0;12;1064338;3279;108;2;286
FR;4;2021-09-21;423;11;0;0;7;1064761;3290;108;2;293
FR;4;2021-09-22;372;19;2;0;13;1065133;3309;110;2;306
FR;4;2021-09-23;477;16;1;0;15;1065610;3325;111;2;321
FR;4;2021-09-24;409;13;2;0;9;1066019;3338;113;2;330
FR;4;2021-09-25;281;9;1;0;4;1066300;3347;114;2;334
FR;4;2021-09-26;73;2;0;0;1;1066373;3349;114;2;335
FR;4;2021-09-27;261;10;1;0;8;1066634;3359;115;2;343
FR;4;2021-09-28;315;8;0;0;8;1066949;3367;115;2;351
FR;4;2021-09-29;372;18;1;0;12;1067321;3385;116;2;363
FR;4;2021-09-30;359;40;0;0;21;1067680;3425;116;2;384
FR;4;2021-10-01;407;49;0;0;43;1068087;3474;116;2;427
FR;4;2021-10-02;195;22;1;0;13;1068282;3496;117;2;440
FR;4;2021-10-03;85;1;0;0;0;1068367;3497;117;2;440
FR;4;2021-10-04;355;19;1;0;15;1068722;3516;118;2;455
FR;4;2021-10-05;276;19;2;0;15;1068998;3535;120;2;470
FR;4;2021-10-06;243;21;1;0;17;1069241;3556;121;2;487
FR;4;2021-10-07;257;25;2;0;13;1069498;3581;123;2;500
FR;4;2021-10-08;352;23;2;0;19;1069850;3604;125;2;519
FR;4;2021-10-09;193;6;6;0;7;1070043;3610;131;2;526
FR;4;2021-10-10;95;3;2;0;3;1070138;3613;133;2;529
FR;4;2021-10-11;246;15;1;0;14;1070384;3628;134;2;543
FR;4;2021-10-12;205;14;0;0;13;1070589;3642;134;2;556
FR;4;2021-10-13;218;27;1;0;24;1070807;3669;135;2;580
FR;4;2021-10-14;307;22;4;0;16;1071114;3691;139;2;596
FR;4;2021-10-15;321;24;5;0;25;1071435;3715;144;2;621
FR;4;2021-10-16;166;6;2;0;6;1071601;3721;146;2;627
FR;4;2021-10-17;70;2;0;0;1;1071671;3723;146;2;628
FR;4;2021-10-18;278;16;1;0;12;1071949;3739;147;2;640
FR;4;2021-10-19;210;14;2;0;15;1072159;3753;149;2;655
FR;4;2021-10-20;225;27;4;0;15;1072384;3780;153;2;670
FR;4;2021-10-21;235;17;0;0;13;1072619;3797;153;2;683
FR;4;2021-10-22;211;25;2;0;20;1072830;3822;155;2;703
FR;4;2021-10-23;115;16;1;0;15;1072945;3838;156;2;718
FR;4;2021-10-24;38;4;0;0;1;1072983;3842;156;2;719
FR;4;2021-10-25;210;7;2;0;9;1073193;3849;158;2;728
FR;4;2021-10-26;196;14;0;0;12;1073389;3863;158;2;740
FR;4;2021-10-27;191;11;4;0;11;1073580;3874;162;2;751
FR;4;2021-10-28;182;18;4;0;21;1073762;3892;166;2;772
FR;4;2021-10-29;220;15;2;0;13;1073982;3907;168;2;785
FR;4;2021-10-30;102;2;1;0;2;1074084;3909;169;2;787
FR;4;2021-10-31;56;3;2;0;3;1074140;3912;171;2;790
FR;4;2021-11-01;75;27;4;0;24;1074215;3939;175;2;814
FR;4;2021-11-02;155;20;2;0;21;1074370;3959;177;2;835
FR;4;2021-11-03;127;20;8;1;18;1074497;3979;185;3;853
FR;4;2021-11-04;175;15;1;0;12;1074672;3994;186;3;865
FR;4;2021-11-05;126;17;1;0;16;1074798;4011;187;3;881
FR;4;2021-11-06;77;6;1;0;6;1074875;4017;188;3;887
FR;4;2021-11-07;76;2;2;0;4;1074951;4019;190;3;891
FR;4;2021-11-08;158;20;1;0;20;1075109;4039;191;3;911
FR;4;2021-11-09;151;14;3;0;16;1075260;4053;194;3;927
FR;4;2021-11-10;114;29;6;0;31;1075374;4082;200;3;958
FR;4;2021-11-11;86;10;0;0;10;1075460;4092;200;3;968
FR;4;2021-11-12;99;19;2;0;18;1075559;4111;202;3;986
FR;4;2021-11-13;73;15;2;0;14;1075632;4126;204;3;1000
FR;4;2021-11-14;53;5;3;0;7;1075685;4131;207;3;1007
FR;4;2021-11-15;97;26;2;0;24;1075782;4157;209;3;1031
FR;4;2021-11-16;100;12;2;0;14;1075882;4169;211;3;1045
FR;4;2021-11-17;116;29;4;0;29;1075998;4198;215;3;1074
FR;4;2021-11-18;99;34;12;0;41;1076097;4232;227;3;1115
FR;4;2021-11-19;79;19;3;0;20;1076176;4251;230;3;1135
FR;4;2021-11-20;75;8;1;0;8;1076251;4259;231;3;1143
FR;4;2021-11-21;61;7;2;0;9;1076312;4266;233;3;1152
FR;4;2021-11-22;101;27;6;0;29;1076413;4293;239;3;1181
FR;4;2021-11-23;74;29;5;0;26;1076487;4322;244;3;1207
FR;4;2021-11-24;85;23;9;0;22;1076572;4345;253;3;1229
FR;4;2021-11-25;84;28;14;0;30;1076656;4373;267;3;1259
FR;4;2021-11-26;81;43;12;0;45;1076737;4416;279;3;1304
FR;4;2021-11-27;35;22;15;0;25;1076772;4438;294;3;1329
FR;4;2021-11-28;48;8;0;0;7;1076820;4446;294;3;1336
FR;4;2021-11-29;84;31;15;0;39;1076904;4477;309;3;1375
FR;4;2021-11-30;72;36;12;0;40;1076976;4513;321;3;1415
FR;4;2021-12-01;79;59;19;0;66;1077055;4572;340;3;1481
FR;4;2021-12-02;98;47;19;0;52;1077153;4619;359;3;1533
FR;4;2021-12-03;98;36;15;0;44;1077251;4655;374;3;1577
FR;4;2021-12-04;70;31;18;0;44;1077321;4686;392;3;1621
FR;4;2021-12-05;61;5;1;0;6;1077382;4691;393;3;1627
FR;4;2021-12-06;97;45;20;0;59;1077479;4736;413;3;1686
FR;4;2021-12-07;77;34;9;0;34;1077556;4770;422;3;1720
FR;4;2021-12-08;66;29;15;0;34;1077622;4799;437;3;1754
FR;4;2021-12-09;60;32;10;0;38;1077682;4831;447;3;1792
FR;4;2021-12-10;60;62;21;0;66;1077742;4893;468;3;1858
FR;4;2021-12-11;24;34;7;0;34;1077766;4927;475;3;1892
FR;4;2021-12-12;23;10;3;0;13;1077789;4937;478;3;1905
FR;4;2021-12-13;68;38;13;0;47;1077857;4975;491;3;1952
FR;4;2021-12-14;56;43;15;0;52;1077913;5018;506;3;2004
FR;4;2021-12-15;59;63;28;0;83;1077972;5081;534;3;2087
FR;4;2021-12-16;31;44;18;0;56;1078003;5125;552;3;2143
FR;4;2021-12-17;39;55;12;0;60;1078042;5180;564;3;2203
FR;4;2021-12-18;48;29;2;0;30;1078090;5209;566;3;2233
FR;4;2021-12-19;15;4;1;0;4;1078105;5213;567;3;2237
FR;4;2021-12-20;36;38;10;0;41;1078141;5251;577;3;2278
FR;4;2021-12-21;26;30;15;0;36;1078167;5281;592;3;2314
FR;4;2021-12-22;36;36;10;0;37;1078203;5317;602;3;2351
FR;4;2021-12-23;39;43;8;0;47;1078242;5360;610;3;2398
FR;4;2021-12-24;23;25;10;0;29;1078265;5385;620;3;2427
FR;4;2021-12-25;6;3;3;0;4;1078271;5388;623;3;2431
FR;4;2021-12-26;4;3;1;0;2;1078275;5391;624;3;2433
FR;4;2021-12-27;27;41;8;0;42;1078302;5432;632;3;2475
FR;4;2021-12-28;24;28;7;0;29;1078326;5460;639;3;2504
FR;4;2021-12-29;48;24;10;0;28;1078374;5484;649;3;2532
FR;4;2021-12-30;41;16;12;0;19;1078415;5500;661;3;2551
FR;4;2021-12-31;18;5;8;0;10;1078433;5505;669;3;2561
FR;4;2022-01-01;5;4;4;0;6;1078438;5509;673;3;2567
FR;4;2022-01-02;40;4;14;0;17;1078478;5513;687;3;2584
FR;4;2022-01-03;38;52;20;1;57;1078516;5565;707;4;2641
FR;4;2022-01-04;29;26;13;0;29;1078545;5591;720;4;2670
FR;4;2022-01-05;46;21;16;0;22;1078591;5612;736;4;2692
FR;4;2022-01-06;43;20;21;0;33;1078634;5632;757;4;2725
FR;4;2022-01-07;28;19;15;0;19;1078662;5651;772;4;2744
FR;4;2022-01-08;8;5;9;0;11;1078670;5656;781;4;2755
FR;4;2022-01-09;17;2;1;0;2;1078687;5658;782;4;2757
FR;4;2022-01-10;39;22;16;0;33;1078726;5680;798;4;2790
FR;4;2022-01-11;23;30;12;0;34;1078749;5710;810;4;2824
FR;4;2022-01-12;30;20;12;0;21;1078779;5730;822;4;2845
FR;4;2022-01-13;48;18;26;0;35;1078827;5748;848;4;2880
FR;4;2022-01-14;22;28;13;0;31;1078849;5776;861;4;2911
FR;4;2022-01-15;10;6;7;0;11;1078859;5782;868;4;2922
FR;4;2022-01-16;9;9;11;0;19;1078868;5791;879;4;2941
FR;4;2022-01-17;23;18;12;0;24;1078891;5809;891;4;2965
FR;4;2022-01-18;16;13;7;0;17;1078907;5822;898;4;2982
FR;4;2022-01-19;29;22;9;0;29;1078936;5844;907;4;3011
FR;4;2022-01-20;31;34;11;0;37;1078967;5878;918;4;3048
FR;4;2022-01-21;9;12;18;1;15;1078976;5890;936;5;3063
FR;4;2022-01-22;30;9;2;0;9;1079006;5899;938;5;3072
FR;4;2022-01-23;6;3;4;0;7;1079012;5902;942;5;3079
FR;4;2022-01-24;14;21;8;0;27;1079026;5923;950;5;3106
FR;4;2022-01-25;20;30;8;1;34;1079046;5953;958;6;3140
FR;4;2022-01-26;19;15;6;1;16;1079065;5968;964;7;3156
FR;4;2022-01-27;19;18;5;0;21;1079084;5986;969;7;3177
FR;4;2022-01-28;12;23;7;0;25;1079096;6009;976;7;3202
FR;4;2022-01-29;15;6;4;0;9;1079111;6015;980;7;3211
FR;4;2022-01-30;16;2;0;0;2;1079127;6017;980;7;3213
FR;4;2022-01-31;19;27;6;0;29;1079146;6044;986;7;3242
FR;4;2022-02-01;9;19;11;0;19;1079155;6063;997;7;3261
FR;4;2022-02-02;16;11;10;2;16;1079171;6074;1007;9;3277
FR;4;2022-02-03;12;22;9;0;25;1079183;6096;1016;9;3302
FR;4;2022-02-04;6;5;7;0;9;1079189;6101;1023;9;3311
FR;4;2022-02-05;6;14;1;0;13;1079195;6115;1024;9;3324
FR;4;2022-02-06;5;2;2;0;3;1079200;6117;1026;9;3327
FR;4;2022-02-07;13;19;6;0;19;1079213;6136;1032;9;3346
FR;4;2022-02-08;15;19;13;1;20;1079228;6155;1045;10;3366
FR;4;2022-02-09;14;10;7;0;13;1079242;6165;1052;10;3379
FR;4;2022-02-10;18;23;9;0;24;1079260;6188;1061;10;3403
FR;4;2022-02-11;18;14;8;0;19;1079278;6202;1069;10;3422
FR;4;2022-02-12;23;6;1;0;5;1079301;6208;1070;10;3427
FR;4;2022-02-13;7;3;3;0;6;1079308;6211;1073;10;3433
FR;4;2022-02-14;18;10;7;0;13;1079326;6221;1080;10;3446
FR;4;2022-02-15;16;7;1;0;7;1079342;6228;1081;10;3453
FR;4;2022-02-16;11;9;10;0;15;1079353;6237;1091;10;3468
FR;4;2022-02-17;10;4;4;0;6;1079363;6241;1095;10;3474
FR;4;2022-02-18;17;13;6;0;17;1079380;6254;1101;10;3491
FR;4;2022-02-19;16;2;2;0;4;1079396;6256;1103;10;3495
FR;4;2022-02-20;7;2;0;0;1;1079403;6258;1103;10;3496
FR;4;2022-02-21;22;3;3;0;4;1079425;6261;1106;10;3500
FR;4;2022-02-22;8;4;8;0;8;1079433;6265;1114;10;3508
FR;4;2022-02-23;16;6;9;0;9;1079449;6271;1123;10;3517
FR;4;2022-02-24;9;4;2;0;4;1079458;6275;1125;10;3521
FR;4;2022-02-25;15;5;7;0;6;1079473;6280;1132;10;3527
FR;4;2022-02-26;26;3;0;0;3;1079499;6283;1132;10;3530
FR;4;2022-02-27;9;0;1;0;1;1079508;6283;1133;10;3531
FR;4;2022-02-28;14;3;2;0;3;1079522;6286;1135;10;3534
FR;4;2022-03-01;6;2;7;0;3;1079528;6288;1142;10;3537
FR;4;2022-03-02;10;2;3;0;4;1079538;6290;1145;10;3541
FR;4;2022-03-03;15;5;1;0;4;1079553;6295;1146;10;3545
FR;4;2022-03-04;6;7;2;1;5;1079559;6302;1148;11;3550
FR;4;2022-03-05;8;2;0;0;2;1079567;6304;1148;11;3552
FR;4;2022-03-06;4;0;1;0;1;1079571;6304;1149;11;3553
FR;4;2022-03-07;10;4;1;0;3;1079581;6308;1150;11;3556
FR;4;2022-03-08;13;2;0;0;2;1079594;6310;1150;11;3558
FR;4;2022-03-09;7;3;2;0;4;1079601;6313;1152;11;3562
FR;4;2022-03-10;5;1;5;0;2;1079606;6314;1157;11;3564
FR;4;2022-03-11;8;2;5;0;1;1079614;6316;1162;11;3565
FR;4;2022-03-12;9;2;0;0;0;1079623;6318;1162;11;3565
FR;4;2022-03-13;5;0;1;0;1;1079628;6318;1163;11;3566
FR;4;2022-03-14;4;1;0;0;1;1079632;6319;1163;11;3567
FR;4;2022-03-15;5;3;1;0;1;1079637;6322;1164;11;3568
FR;4;2022-03-16;6;3;3;0;3;1079643;6325;1167;11;3571
FR;4;2022-03-17;1;4;1;0;5;1079644;6329;1168;11;3576
FR;4;2022-03-18;7;3;0;0;3;1079651;6332;1168;11;3579
FR;4;2022-03-19;1;1;0;0;1;1079652;6333;1168;11;3580
FR;4;2022-03-20;2;0;2;0;1;1079654;6333;1170;11;3581
FR;4;2022-03-21;5;3;0;0;3;1079659;6336;1170;11;3584
FR;4;2022-03-22;3;2;1;0;2;1079662;6338;1171;11;3586
FR;4;2022-03-23;6;4;4;0;7;1079668;6342;1175;11;3593
FR;4;2022-03-24;2;4;3;1;5;1079670;6346;1178;12;3598
FR;4;2022-03-25;3;1;2;0;1;1079673;6347;1180;12;3599
FR;4;2022-03-26;5;5;0;0;5;1079678;6352;1180;12;3604
FR;4;2022-03-27;1;0;1;0;0;1079679;6352;1181;12;3604
FR;4;2022-03-28;4;1;1;0;1;1079683;6353;1182;12;3605
FR;4;2022-03-29;7;0;4;1;0;1079690;6353;1186;13;3605
FR;4;2022-03-30;1;4;0;0;4;1079691;6357;1186;13;3609
FR;4;2022-03-31;1;3;1;1;3;1079692;6360;1187;14;3612
FR;4;2022-04-01;13;3;5;0;6;1079705;6363;1192;14;3618
FR;4;2022-04-02;4;4;0;0;3;1079709;6367;1192;14;3621
FR;4;2022-04-03;0;0;0;0;0;1079709;6367;1192;14;3621
FR;4;2022-04-04;3;3;4;0;3;1079712;6370;1196;14;3624
FR;4;2022-04-05;3;4;1;1;2;1079715;6374;1197;15;3626
FR;4;2022-04-06;3;0;0;0;0;1079718;6374;1197;15;3626
FR;4;2022-04-07;3;2;1;2;3;1079721;6376;1198;17;3629
FR;4;2022-04-08;4;1;1;0;1;1079725;6377;1199;17;3630
FR;4;2022-04-09;0;0;1;1;1;1079725;6377;1200;18;3631
FR;4;2022-04-10;1;2;0;0;2;1079726;6379;1200;18;3633
FR;4;2022-04-11;3;2;4;0;4;1079729;6381;1204;18;3637
FR;4;2022-04-12;2;1;4;0;2;1079731;6382;1208;18;3639
FR;4;2022-04-13;3;6;1;0;7;1079734;6388;1209;18;3646
FR;4;2022-04-14;5;3;0;1;2;1079739;6391;1209;19;3648
FR;4;2022-04-15;2;7;1;0;8;1079741;6398;1210;19;3656
FR;4;2022-04-16;1;0;0;0;0;1079742;6398;1210;19;3656
FR;4;2022-04-17;1;1;0;0;1;1079743;6399;1210;19;3657
FR;4;2022-04-18;1;2;4;0;2;1079744;6401;1214;19;3659
FR;4;2022-04-19;2;0;1;0;0;1079746;6401;1215;19;3659
FR;4;2022-04-20;13;4;1;0;2;1079759;6405;1216;19;3661
FR;4;2022-04-21;5;1;0;0;1;1079764;6406;1216;19;3662
FR;4;2022-04-22;1;0;1;0;0;1079765;6406;1217;19;3662
FR;4;2022-04-23;1;3;2;0;5;1079766;6409;1219;19;3667
FR;4;2022-04-24;0;2;0;0;2;1079766;6411;1219;19;3669
FR;4;2022-04-25;3;4;2;0;6;1079769;6415;1221;19;3675
FR;4;2022-04-26;2;4;1;0;4;1079771;6419;1222;19;3679
FR;4;2022-04-27;4;0;0;0;0;1079775;6419;1222;19;3679
FR;4;2022-04-28;2;5;5;0;6;1079777;6424;1227;19;3685
FR;4;2022-04-29;3;2;0;0;1;1079780;6426;1227;19;3686
FR;4;2022-04-30;0;1;1;0;2;1079780;6427;1228;19;3688
FR;4;2022-05-01;0;0;0;0;0;1079780;6427;1228;19;3688
FR;4;2022-05-02;4;6;3;0;6;1079784;6433;1231;19;3694
FR;4;2022-05-03;0;2;1;0;2;1079784;6435;1232;19;3696
FR;4;2022-05-04;4;4;1;0;4;1079788;6439;1233;19;3700
FR;4;2022-05-05;2;1;1;0;1;1079790;6440;1234;19;3701
FR;4;2022-05-06;2;0;0;0;0;1079792;6440;1234;19;3701
FR;4;2022-05-07;0;0;0;0;0;1079792;6440;1234;19;3701
FR;4;2022-05-08;1;1;0;0;1;1079793;6441;1234;19;3702
FR;4;2022-05-09;5;0;0;0;0;1079798;6441;1234;19;3702
FR;4;2022-05-10;0;0;0;2;2;1079798;6441;1234;21;3704
FR;4;2022-05-11;2;1;1;0;1;1079800;6442;1235;21;3705
FR;4;2022-05-12;5;1;1;1;2;1079805;6443;1236;22;3707
FR;4;2022-05-13;0;0;2;0;2;1079805;6443;1238;22;3709
FR;4;2022-05-14;0;1;0;0;1;1079805;6444;1238;22;3710
FR;4;2022-05-15;1;2;0;0;0;1079806;6446;1238;22;3710
FR;4;2022-05-16;3;1;1;0;1;1079809;6447;1239;22;3711
FR;4;2022-05-17;3;0;1;0;1;1079812;6447;1240;22;3712
FR;4;2022-05-18;0;1;0;0;1;1079812;6448;1240;22;3713
FR;4;2022-05-19;2;1;1;0;2;1079814;6449;1241;22;3715
FR;4;2022-05-20;1;0;1;0;0;1079815;6449;1242;22;3715
FR;4;2022-05-21;2;0;0;0;0;1079817;6449;1242;22;3715
FR;4;2022-05-22;0;0;1;0;1;1079817;6449;1243;22;3716
FR;4;2022-05-23;0;0;1;0;0;1079817;6449;1244;22;3716
FR;4;2022-05-24;1;0;0;0;0;1079818;6449;1244;22;3716
FR;4;2022-05-25;1;1;0;0;0;1079819;6450;1244;22;3716
FR;4;2022-05-26;1;0;0;0;0;1079820;6450;1244;22;3716
FR;4;2022-05-27;0;0;0;0;0;1079820;6450;1244;22;3716
FR;4;2022-05-28;0;0;0;0;0;1079820;6450;1244;22;3716
FR;4;2022-05-29;0;0;0;0;0;1079820;6450;1244;22;3716
FR;4;2022-05-30;1;0;1;0;1;1079821;6450;1245;22;3717
FR;4;2022-05-31;0;0;0;0;0;1079821;6450;1245;22;3717
FR;4;2022-06-01;0;0;0;0;0;1079821;6450;1245;22;3717
FR;5;2020-12-27;0;0;0;0;0;0;0;0;0;0
FR;5;2020-12-28;0;0;0;0;0;0;0;0;0;0
FR;5;2020-12-29;0;0;0;0;0;0;0;0;0;0
FR;5;2020-12-30;0;0;0;0;0;0;0;0;0;0
FR;5;2020-12-31;0;0;0;0;0;0;0;0;0;0
FR;5;2021-01-01;0;0;0;0;0;0;0;0;0;0
FR;5;2021-01-02;0;0;0;0;0;0;0;0;0;0
FR;5;2021-01-03;0;0;0;0;0;0;0;0;0;0
FR;5;2021-01-04;0;0;0;0;0;0;0;0;0;0
FR;5;2021-01-05;0;0;0;0;0;0;0;0;0;0
FR;5;2021-01-06;0;0;0;0;0;0;0;0;0;0
FR;5;2021-01-07;0;0;0;0;0;0;0;0;0;0
FR;5;2021-01-08;0;0;0;0;0;0;0;0;0;0
FR;5;2021-01-09;0;0;0;0;0;0;0;0;0;0
FR;5;2021-01-10;0;0;0;0;0;0;0;0;0;0
FR;5;2021-01-11;0;0;0;0;0;0;0;0;0;0
FR;5;2021-01-12;0;0;0;0;0;0;0;0;0;0
FR;5;2021-01-13;0;0;0;0;0;0;0;0;0;0
FR;5;2021-01-14;0;0;0;0;0;0;0;0;0;0
FR;5;2021-01-15;0;0;0;0;0;0;0;0;0;0
FR;5;2021-01-16;0;0;0;0;0;0;0;0;0;0
FR;5;2021-01-17;0;0;0;0;0;0;0;0;0;0
FR;5;2021-01-18;0;0;0;0;0;0;0;0;0;0
FR;5;2021-01-19;0;0;0;0;0;0;0;0;0;0
FR;5;2021-01-20;0;0;0;0;0;0;0;0;0;0
FR;5;2021-01-21;0;0;0;0;0;0;0;0;0;0
FR;5;2021-01-22;0;0;0;0;0;0;0;0;0;0
FR;5;2021-01-23;0;0;0;0;0;0;0;0;0;0
FR;5;2021-01-24;0;0;0;0;0;0;0;0;0;0
FR;5;2021-01-25;0;0;0;0;0;0;0;0;0;0
FR;5;2021-01-26;0;0;0;0;0;0;0;0;0;0
FR;5;2021-01-27;0;0;0;0;0;0;0;0;0;0
FR;5;2021-01-28;0;0;0;0;0;0;0;0;0;0
FR;5;2021-01-29;0;0;0;0;0;0;0;0;0;0
FR;5;2021-01-30;0;0;0;0;0;0;0;0;0;0
FR;5;2021-01-31;0;0;0;0;0;0;0;0;0;0
FR;5;2021-02-01;0;0;0;0;0;0;0;0;0;0
FR;5;2021-02-02;0;0;0;0;0;0;0;0;0;0
FR;5;2021-02-03;0;0;0;0;0;0;0;0;0;0
FR;5;2021-02-04;0;0;0;0;0;0;0;0;0;0
FR;5;2021-02-05;0;0;0;0;0;0;0;0;0;0
FR;5;2021-02-06;0;0;0;0;0;0;0;0;0;0
FR;5;2021-02-07;0;0;0;0;0;0;0;0;0;0
FR;5;2021-02-08;0;0;0;0;0;0;0;0;0;0
FR;5;2021-02-09;0;0;0;0;0;0;0;0;0;0
FR;5;2021-02-10;0;0;0;0;0;0;0;0;0;0
FR;5;2021-02-11;0;0;0;0;0;0;0;0;0;0
FR;5;2021-02-12;0;0;0;0;0;0;0;0;0;0
FR;5;2021-02-13;0;0;0;0;0;0;0;0;0;0
FR;5;2021-02-14;0;0;0;0;0;0;0;0;0;0
FR;5;2021-02-15;0;0;0;0;0;0;0;0;0;0
FR;5;2021-02-16;0;0;0;0;0;0;0;0;0;0
FR;5;2021-02-17;0;0;0;0;0;0;0;0;0;0
FR;5;2021-02-18;0;0;0;0;0;0;0;0;0;0
FR;5;2021-02-19;0;0;0;0;0;0;0;0;0;0
FR;5;2021-02-20;0;0;0;0;0;0;0;0;0;0
FR;5;2021-02-21;0;0;0;0;0;0;0;0;0;0
FR;5;2021-02-22;0;0;0;0;0;0;0;0;0;0
FR;5;2021-02-23;0;0;0;0;0;0;0;0;0;0
FR;5;2021-02-24;0;0;0;0;0;0;0;0;0;0
FR;5;2021-02-25;0;0;0;0;0;0;0;0;0;0
FR;5;2021-02-26;0;0;0;0;0;0;0;0;0;0
FR;5;2021-02-27;0;0;0;0;0;0;0;0;0;0
FR;5;2021-02-28;0;0;0;0;0;0;0;0;0;0
FR;5;2021-03-01;0;0;0;0;0;0;0;0;0;0
FR;5;2021-03-02;0;0;0;0;0;0;0;0;0;0
FR;5;2021-03-03;0;0;0;0;0;0;0;0;0;0
FR;5;2021-03-04;0;0;0;0;0;0;0;0;0;0
FR;5;2021-03-05;0;0;0;0;0;0;0;0;0;0
FR;5;2021-03-06;0;0;0;0;0;0;0;0;0;0
FR;5;2021-03-07;0;0;0;0;0;0;0;0;0;0
FR;5;2021-03-08;0;0;0;0;0;0;0;0;0;0
FR;5;2021-03-09;0;0;0;0;0;0;0;0;0;0
FR;5;2021-03-10;0;0;0;0;0;0;0;0;0;0
FR;5;2021-03-11;0;0;0;0;0;0;0;0;0;0
FR;5;2021-03-12;0;0;0;0;0;0;0;0;0;0
FR;5;2021-03-13;0;0;0;0;0;0;0;0;0;0
FR;5;2021-03-14;0;0;0;0;0;0;0;0;0;0
FR;5;2021-03-15;0;0;0;0;0;0;0;0;0;0
FR;5;2021-03-16;0;0;0;0;0;0;0;0;0;0
FR;5;2021-03-17;0;0;0;0;0;0;0;0;0;0
FR;5;2021-03-18;0;0;0;0;0;0;0;0;0;0
FR;5;2021-03-19;0;0;0;0;0;0;0;0;0;0
FR;5;2021-03-20;0;0;0;0;0;0;0;0;0;0
FR;5;2021-03-21;0;0;0;0;0;0;0;0;0;0
FR;5;2021-03-22;0;0;0;0;0;0;0;0;0;0
FR;5;2021-03-23;0;0;0;0;0;0;0;0;0;0
FR;5;2021-03-24;0;0;0;0;0;0;0;0;0;0
FR;5;2021-03-25;0;0;0;0;0;0;0;0;0;0
FR;5;2021-03-26;0;0;0;0;0;0;0;0;0;0
FR;5;2021-03-27;0;0;0;0;0;0;0;0;0;0
FR;5;2021-03-28;0;0;0;0;0;0;0;0;0;0
FR;5;2021-03-29;0;0;0;0;0;0;0;0;0;0
FR;5;2021-03-30;0;0;0;0;0;0;0;0;0;0
FR;5;2021-03-31;0;0;0;0;0;0;0;0;0;0
FR;5;2021-04-01;0;0;0;0;0;0;0;0;0;0
FR;5;2021-04-02;0;0;0;0;0;0;0;0;0;0
FR;5;2021-04-03;0;0;0;0;0;0;0;0;0;0
FR;5;2021-04-04;0;0;0;0;0;0;0;0;0;0
FR;5;2021-04-05;0;0;0;0;0;0;0;0;0;0
FR;5;2021-04-06;0;0;0;0;0;0;0;0;0;0
FR;5;2021-04-07;0;0;0;0;0;0;0;0;0;0
FR;5;2021-04-08;0;0;0;0;0;0;0;0;0;0
FR;5;2021-04-09;0;0;0;0;0;0;0;0;0;0
FR;5;2021-04-10;0;0;0;0;0;0;0;0;0;0
FR;5;2021-04-11;0;0;0;0;0;0;0;0;0;0
FR;5;2021-04-12;0;0;0;0;0;0;0;0;0;0
FR;5;2021-04-13;0;0;0;0;0;0;0;0;0;0
FR;5;2021-04-14;0;0;0;0;0;0;0;0;0;0
FR;5;2021-04-15;0;0;0;0;0;0;0;0;0;0
FR;5;2021-04-16;0;0;0;0;0;0;0;0;0;0
FR;5;2021-04-17;0;0;0;0;0;0;0;0;0;0
FR;5;2021-04-18;0;0;0;0;0;0;0;0;0;0
FR;5;2021-04-19;0;0;0;0;0;0;0;0;0;0
FR;5;2021-04-20;0;0;0;0;0;0;0;0;0;0
FR;5;2021-04-21;0;0;0;0;0;0;0;0;0;0
FR;5;2021-04-22;0;0;0;0;0;0;0;0;0;0
FR;5;2021-04-23;0;0;0;0;0;0;0;0;0;0
FR;5;2021-04-24;0;0;0;0;0;0;0;0;0;0
FR;5;2021-04-25;0;0;0;0;0;0;0;0;0;0
FR;5;2021-04-26;0;0;0;0;0;0;0;0;0;0
FR;5;2021-04-27;0;0;0;0;0;0;0;0;0;0
FR;5;2021-04-28;0;0;0;0;0;0;0;0;0;0
FR;5;2021-04-29;0;0;0;0;0;0;0;0;0;0
FR;5;2021-04-30;0;0;0;0;0;0;0;0;0;0
FR;5;2021-05-01;0;0;0;0;0;0;0;0;0;0
FR;5;2021-05-02;0;0;0;0;0;0;0;0;0;0
FR;5;2021-05-03;0;0;0;0;0;0;0;0;0;0
FR;5;2021-05-04;0;0;0;0;0;0;0;0;0;0
FR;5;2021-05-05;0;0;0;0;0;0;0;0;0;0
FR;5;2021-05-06;0;0;0;0;0;0;0;0;0;0
FR;5;2021-05-07;0;0;0;0;0;0;0;0;0;0
FR;5;2021-05-08;0;0;0;0;0;0;0;0;0;0
FR;5;2021-05-09;0;0;0;0;0;0;0;0;0;0
FR;5;2021-05-10;0;0;0;0;0;0;0;0;0;0
FR;5;2021-05-11;0;0;0;0;0;0;0;0;0;0
FR;5;2021-05-12;0;0;0;0;0;0;0;0;0;0
FR;5;2021-05-13;0;0;0;0;0;0;0;0;0;0
FR;5;2021-05-14;0;0;0;0;0;0;0;0;0;0
FR;5;2021-05-15;0;0;0;0;0;0;0;0;0;0
FR;5;2021-05-16;0;0;0;0;0;0;0;0;0;0
FR;5;2021-05-17;0;0;0;0;0;0;0;0;0;0
FR;5;2021-05-18;0;0;0;0;0;0;0;0;0;0
FR;5;2021-05-19;0;0;0;0;0;0;0;0;0;0
FR;5;2021-05-20;0;0;0;0;0;0;0;0;0;0
FR;5;2021-05-21;0;0;0;0;0;0;0;0;0;0
FR;5;2021-05-22;0;0;0;0;0;0;0;0;0;0
FR;5;2021-05-23;0;0;0;0;0;0;0;0;0;0
FR;5;2021-05-24;0;0;0;0;0;0;0;0;0;0
FR;5;2021-05-25;0;0;0;0;0;0;0;0;0;0
FR;5;2021-05-26;0;0;0;0;0;0;0;0;0;0
FR;5;2021-05-27;0;0;0;0;0;0;0;0;0;0
FR;5;2021-05-28;0;0;0;0;0;0;0;0;0;0
FR;5;2021-05-29;0;0;0;0;0;0;0;0;0;0
FR;5;2021-05-30;0;0;0;0;0;0;0;0;0;0
FR;5;2021-05-31;0;0;0;0;0;0;0;0;0;0
FR;5;2021-06-01;0;0;0;0;0;0;0;0;0;0
FR;5;2021-06-02;0;0;0;0;0;0;0;0;0;0
FR;5;2021-06-03;0;0;0;0;0;0;0;0;0;0
FR;5;2021-06-04;0;0;0;0;0;0;0;0;0;0
FR;5;2021-06-05;0;0;0;0;0;0;0;0;0;0
FR;5;2021-06-06;0;0;0;0;0;0;0;0;0;0
FR;5;2021-06-07;0;0;0;0;0;0;0;0;0;0
FR;5;2021-06-08;0;0;0;0;0;0;0;0;0;0
FR;5;2021-06-09;0;0;0;0;0;0;0;0;0;0
FR;5;2021-06-10;0;0;0;0;0;0;0;0;0;0
FR;5;2021-06-11;0;0;0;0;0;0;0;0;0;0
FR;5;2021-06-12;0;0;0;0;0;0;0;0;0;0
FR;5;2021-06-13;0;0;0;0;0;0;0;0;0;0
FR;5;2021-06-14;0;0;0;0;0;0;0;0;0;0
FR;5;2021-06-15;0;0;0;0;0;0;0;0;0;0
FR;5;2021-06-16;0;0;0;0;0;0;0;0;0;0
FR;5;2021-06-17;0;0;0;0;0;0;0;0;0;0
FR;5;2021-06-18;0;0;0;0;0;0;0;0;0;0
FR;5;2021-06-19;0;0;0;0;0;0;0;0;0;0
FR;5;2021-06-20;0;0;0;0;0;0;0;0;0;0
FR;5;2021-06-21;0;0;0;0;0;0;0;0;0;0
FR;5;2021-06-22;0;0;0;0;0;0;0;0;0;0
FR;5;2021-06-23;0;0;0;0;0;0;0;0;0;0
FR;5;2021-06-24;0;0;0;0;0;0;0;0;0;0
FR;5;2021-06-25;0;0;0;0;0;0;0;0;0;0
FR;5;2021-06-26;0;0;0;0;0;0;0;0;0;0
FR;5;2021-06-27;0;0;0;0;0;0;0;0;0;0
FR;5;2021-06-28;0;0;0;0;0;0;0;0;0;0
FR;5;2021-06-29;0;0;0;0;0;0;0;0;0;0
FR;5;2021-06-30;0;0;0;0;0;0;0;0;0;0
FR;5;2021-07-01;0;0;0;0;0;0;0;0;0;0
FR;5;2021-07-02;0;0;0;0;0;0;0;0;0;0
FR;5;2021-07-03;0;0;0;0;0;0;0;0;0;0
FR;5;2021-07-04;0;0;0;0;0;0;0;0;0;0
FR;5;2021-07-05;0;0;0;0;0;0;0;0;0;0
FR;5;2021-07-06;0;0;0;0;0;0;0;0;0;0
FR;5;2021-07-07;0;0;0;0;0;0;0;0;0;0
FR;5;2021-07-08;0;0;0;0;0;0;0;0;0;0
FR;5;2021-07-09;0;0;0;0;0;0;0;0;0;0
FR;5;2021-07-10;0;0;0;0;0;0;0;0;0;0
FR;5;2021-07-11;0;0;0;0;0;0;0;0;0;0
FR;5;2021-07-12;0;0;0;0;0;0;0;0;0;0
FR;5;2021-07-13;0;0;0;0;0;0;0;0;0;0
FR;5;2021-07-14;0;0;0;0;0;0;0;0;0;0
FR;5;2021-07-15;0;0;0;0;0;0;0;0;0;0
FR;5;2021-07-16;0;0;0;0;0;0;0;0;0;0
FR;5;2021-07-17;0;0;0;0;0;0;0;0;0;0
FR;5;2021-07-18;0;0;0;0;0;0;0;0;0;0
FR;5;2021-07-19;0;0;0;0;0;0;0;0;0;0
FR;5;2021-07-20;0;0;0;0;0;0;0;0;0;0
FR;5;2021-07-21;0;0;0;0;0;0;0;0;0;0
FR;5;2021-07-22;0;0;0;0;0;0;0;0;0;0
FR;5;2021-07-23;0;0;0;0;0;0;0;0;0;0
FR;5;2021-07-24;0;0;0;0;0;0;0;0;0;0
FR;5;2021-07-25;0;0;0;0;0;0;0;0;0;0
FR;5;2021-07-26;0;0;0;0;0;0;0;0;0;0
FR;5;2021-07-27;0;0;0;0;0;0;0;0;0;0
FR;5;2021-07-28;0;0;0;0;0;0;0;0;0;0
FR;5;2021-07-29;0;0;0;0;0;0;0;0;0;0
FR;5;2021-07-30;0;0;0;0;0;0;0;0;0;0
FR;5;2021-07-31;0;0;0;0;0;0;0;0;0;0
FR;5;2021-08-01;0;0;0;0;0;0;0;0;0;0
FR;5;2021-08-02;0;0;0;0;0;0;0;0;0;0
FR;5;2021-08-03;0;0;0;0;0;0;0;0;0;0
FR;5;2021-08-04;0;0;0;0;0;0;0;0;0;0
FR;5;2021-08-05;0;0;0;0;0;0;0;0;0;0
FR;5;2021-08-06;0;0;0;0;0;0;0;0;0;0
FR;5;2021-08-07;0;0;0;0;0;0;0;0;0;0
FR;5;2021-08-08;0;0;0;0;0;0;0;0;0;0
FR;5;2021-08-09;0;0;0;0;0;0;0;0;0;0
FR;5;2021-08-10;0;0;0;0;0;0;0;0;0;0
FR;5;2021-08-11;0;0;0;0;0;0;0;0;0;0
FR;5;2021-08-12;0;0;0;0;0;0;0;0;0;0
FR;5;2021-08-13;0;0;0;0;0;0;0;0;0;0
FR;5;2021-08-14;0;0;0;0;0;0;0;0;0;0
FR;5;2021-08-15;0;0;0;0;0;0;0;0;0;0
FR;5;2021-08-16;0;0;0;0;0;0;0;0;0;0
FR;5;2021-08-17;0;0;0;0;0;0;0;0;0;0
FR;5;2021-08-18;0;0;0;0;0;0;0;0;0;0
FR;5;2021-08-19;0;0;0;0;0;0;0;0;0;0
FR;5;2021-08-20;0;0;0;0;0;0;0;0;0;0
FR;5;2021-08-21;0;0;0;0;0;0;0;0;0;0
FR;5;2021-08-22;0;0;0;0;0;0;0;0;0;0
FR;5;2021-08-23;0;0;0;0;0;0;0;0;0;0
FR;5;2021-08-24;0;0;0;0;0;0;0;0;0;0
FR;5;2021-08-25;0;0;0;0;0;0;0;0;0;0
FR;5;2021-08-26;0;0;0;0;0;0;0;0;0;0
FR;5;2021-08-27;0;0;0;0;0;0;0;0;0;0
FR;5;2021-08-28;0;0;0;0;0;0;0;0;0;0
FR;5;2021-08-29;0;0;0;0;0;0;0;0;0;0
FR;5;2021-08-30;0;0;0;0;0;0;0;0;0;0
FR;5;2021-08-31;0;0;0;0;0;0;0;0;0;0
FR;5;2021-09-01;0;0;0;0;0;0;0;0;0;0
FR;5;2021-09-02;0;0;0;0;0;0;0;0;0;0
FR;5;2021-09-03;0;0;0;0;0;0;0;0;0;0
FR;5;2021-09-04;0;0;0;0;0;0;0;0;0;0
FR;5;2021-09-05;0;0;0;0;0;0;0;0;0;0
FR;5;2021-09-06;0;0;0;0;0;0;0;0;0;0
FR;5;2021-09-07;0;0;0;0;0;0;0;0;0;0
FR;5;2021-09-08;0;0;0;0;0;0;0;0;0;0
FR;5;2021-09-09;0;0;0;0;0;0;0;0;0;0
FR;5;2021-09-10;0;0;0;0;0;0;0;0;0;0
FR;5;2021-09-11;0;0;0;0;0;0;0;0;0;0
FR;5;2021-09-12;0;0;0;0;0;0;0;0;0;0
FR;5;2021-09-13;0;0;0;0;0;0;0;0;0;0
FR;5;2021-09-14;0;0;0;0;0;0;0;0;0;0
FR;5;2021-09-15;0;0;0;0;0;0;0;0;0;0
FR;5;2021-09-16;0;0;0;0;0;0;0;0;0;0
FR;5;2021-09-17;0;0;0;0;0;0;0;0;0;0
FR;5;2021-09-18;0;0;0;0;0;0;0;0;0;0
FR;5;2021-09-19;0;0;0;0;0;0;0;0;0;0
FR;5;2021-09-20;0;0;0;0;0;0;0;0;0;0
FR;5;2021-09-21;0;0;0;0;0;0;0;0;0;0
FR;5;2021-09-22;0;0;0;0;0;0;0;0;0;0
FR;5;2021-09-23;0;0;0;0;0;0;0;0;0;0
FR;5;2021-09-24;0;0;0;0;0;0;0;0;0;0
FR;5;2021-09-25;0;0;0;0;0;0;0;0;0;0
FR;5;2021-09-26;0;0;0;0;0;0;0;0;0;0
FR;5;2021-09-27;0;0;0;0;0;0;0;0;0;0
FR;5;2021-09-28;0;0;0;0;0;0;0;0;0;0
FR;5;2021-09-29;0;0;0;0;0;0;0;0;0;0
FR;5;2021-09-30;0;0;0;0;0;0;0;0;0;0
FR;5;2021-10-01;0;0;0;0;0;0;0;0;0;0
FR;5;2021-10-02;0;0;0;0;0;0;0;0;0;0
FR;5;2021-10-03;0;0;0;0;0;0;0;0;0;0
FR;5;2021-10-04;0;0;0;0;0;0;0;0;0;0
FR;5;2021-10-05;0;0;0;0;0;0;0;0;0;0
FR;5;2021-10-06;0;0;0;0;0;0;0;0;0;0
FR;5;2021-10-07;0;0;0;0;0;0;0;0;0;0
FR;5;2021-10-08;0;0;0;0;0;0;0;0;0;0
FR;5;2021-10-09;0;0;0;0;0;0;0;0;0;0
FR;5;2021-10-10;0;0;0;0;0;0;0;0;0;0
FR;5;2021-10-11;0;0;0;0;0;0;0;0;0;0
FR;5;2021-10-12;0;0;0;0;0;0;0;0;0;0
FR;5;2021-10-13;0;0;0;0;0;0;0;0;0;0
FR;5;2021-10-14;0;0;0;0;0;0;0;0;0;0
FR;5;2021-10-15;0;0;0;0;0;0;0;0;0;0
FR;5;2021-10-16;0;0;0;0;0;0;0;0;0;0
FR;5;2021-10-17;0;0;0;0;0;0;0;0;0;0
FR;5;2021-10-18;0;0;0;0;0;0;0;0;0;0
FR;5;2021-10-19;0;0;0;0;0;0;0;0;0;0
FR;5;2021-10-20;0;0;0;0;0;0;0;0;0;0
FR;5;2021-10-21;0;0;0;0;0;0;0;0;0;0
FR;5;2021-10-22;0;0;0;0;0;0;0;0;0;0
FR;5;2021-10-23;0;0;0;0;0;0;0;0;0;0
FR;5;2021-10-24;0;0;0;0;0;0;0;0;0;0
FR;5;2021-10-25;0;0;0;0;0;0;0;0;0;0
FR;5;2021-10-26;0;0;0;0;0;0;0;0;0;0
FR;5;2021-10-27;0;0;0;0;0;0;0;0;0;0
FR;5;2021-10-28;0;0;0;0;0;0;0;0;0;0
FR;5;2021-10-29;0;0;0;0;0;0;0;0;0;0
FR;5;2021-10-30;0;0;0;0;0;0;0;0;0;0
FR;5;2021-10-31;0;0;0;0;0;0;0;0;0;0
FR;5;2021-11-01;0;0;0;0;0;0;0;0;0;0
FR;5;2021-11-02;0;0;0;0;0;0;0;0;0;0
FR;5;2021-11-03;0;0;0;0;0;0;0;0;0;0
FR;5;2021-11-04;0;0;0;0;0;0;0;0;0;0
FR;5;2021-11-05;0;0;0;0;0;0;0;0;0;0
FR;5;2021-11-06;0;0;0;0;0;0;0;0;0;0
FR;5;2021-11-07;0;0;0;0;0;0;0;0;0;0
FR;5;2021-11-08;0;0;0;0;0;0;0;0;0;0
FR;5;2021-11-09;0;0;0;0;0;0;0;0;0;0
FR;5;2021-11-10;0;0;0;0;0;0;0;0;0;0
FR;5;2021-11-11;0;0;0;0;0;0;0;0;0;0
FR;5;2021-11-12;0;0;0;0;0;0;0;0;0;0
FR;5;2021-11-13;0;0;0;0;0;0;0;0;0;0
FR;5;2021-11-14;0;0;0;0;0;0;0;0;0;0
FR;5;2021-11-15;0;0;0;0;0;0;0;0;0;0
FR;5;2021-11-16;0;0;0;0;0;0;0;0;0;0
FR;5;2021-11-17;0;0;0;0;0;0;0;0;0;0
FR;5;2021-11-18;0;0;0;0;0;0;0;0;0;0
FR;5;2021-11-19;0;0;0;0;0;0;0;0;0;0
FR;5;2021-11-20;0;0;0;0;0;0;0;0;0;0
FR;5;2021-11-21;0;0;0;0;0;0;0;0;0;0
FR;5;2021-11-22;0;0;0;0;0;0;0;0;0;0
FR;5;2021-11-23;0;0;0;0;0;0;0;0;0;0
FR;5;2021-11-24;0;0;0;0;0;0;0;0;0;0
FR;5;2021-11-25;0;0;0;0;0;0;0;0;0;0
FR;5;2021-11-26;0;0;0;0;0;0;0;0;0;0
FR;5;2021-11-27;0;0;0;0;0;0;0;0;0;0
FR;5;2021-11-28;0;0;0;0;0;0;0;0;0;0
FR;5;2021-11-29;0;0;0;0;0;0;0;0;0;0
FR;5;2021-11-30;0;0;0;0;0;0;0;0;0;0
FR;5;2021-12-01;0;0;0;0;0;0;0;0;0;0
FR;5;2021-12-02;0;0;0;0;0;0;0;0;0;0
FR;5;2021-12-03;0;0;0;0;0;0;0;0;0;0
FR;5;2021-12-04;0;0;0;0;0;0;0;0;0;0
FR;5;2021-12-05;0;0;0;0;0;0;0;0;0;0
FR;5;2021-12-06;0;0;0;0;0;0;0;0;0;0
FR;5;2021-12-07;0;0;0;0;0;0;0;0;0;0
FR;5;2021-12-08;0;0;0;0;0;0;0;0;0;0
FR;5;2021-12-09;0;0;0;0;0;0;0;0;0;0
FR;5;2021-12-10;0;0;0;0;0;0;0;0;0;0
FR;5;2021-12-11;0;0;0;0;0;0;0;0;0;0
FR;5;2021-12-12;0;0;0;0;0;0;0;0;0;0
FR;5;2021-12-13;0;0;0;0;0;0;0;0;0;0
FR;5;2021-12-14;29;45;77;0;88;29;45;77;0;88
FR;5;2021-12-15;196;44;37;0;49;225;89;114;0;137
FR;5;2021-12-16;180;21;44;0;48;405;110;158;0;185
FR;5;2021-12-17;310;16;72;0;74;715;126;230;0;259
FR;5;2021-12-18;765;24;22;0;29;1480;150;252;0;288
FR;5;2021-12-19;586;15;15;0;17;2066;165;267;0;305
FR;5;2021-12-20;1223;31;35;0;38;3289;196;302;0;343
FR;5;2021-12-21;1535;22;54;1;60;4824;218;356;1;403
FR;5;2021-12-22;4069;40;37;0;46;8893;258;393;1;449
FR;5;2021-12-23;3042;16;21;0;25;11935;274;414;1;474
FR;5;2021-12-24;759;18;9;0;15;12694;292;423;1;489
FR;5;2021-12-25;61;5;1;0;2;12755;297;424;1;491
FR;5;2021-12-26;623;6;3;0;4;13378;303;427;1;495
FR;5;2021-12-27;4080;25;21;0;23;17458;328;448;1;518
FR;5;2021-12-28;5202;23;41;1;43;22660;351;489;2;561
FR;5;2021-12-29;8104;34;65;2;68;30764;385;554;4;629
FR;5;2021-12-30;5172;18;33;0;39;35936;403;587;4;668
FR;5;2021-12-31;1553;8;10;0;11;37489;411;597;4;679
FR;5;2022-01-01;185;2;2;0;3;37674;413;599;4;682
FR;5;2022-01-02;1489;1;1;0;1;39163;414;600;4;683
FR;5;2022-01-03;3059;36;33;0;32;42222;450;633;4;715
FR;5;2022-01-04;3034;39;33;0;42;45256;489;666;4;757
FR;5;2022-01-05;19323;203;97;1;108;64579;692;763;5;865
FR;5;2022-01-06;3742;133;122;0;142;68321;825;885;5;1007
FR;5;2022-01-07;5007;200;48;2;56;73328;1025;933;7;1063
FR;5;2022-01-08;13654;514;45;0;52;86982;1539;978;7;1115
FR;5;2022-01-09;5755;399;15;0;20;92737;1938;993;7;1135
FR;5;2022-01-10;3453;326;25;0;29;96190;2264;1018;7;1164
FR;5;2022-01-11;3668;284;38;0;41;99858;2548;1056;7;1205
FR;5;2022-01-12;22653;3003;90;0;113;122511;5551;1146;7;1318
FR;5;2022-01-13;4035;622;30;0;32;126546;6173;1176;7;1350
FR;5;2022-01-14;4843;581;44;0;51;131389;6754;1220;7;1401
FR;5;2022-01-15;14681;1746;38;3;49;146070;8500;1258;10;1450
FR;5;2022-01-16;4727;666;3;0;5;150797;9166;1261;10;1455
FR;5;2022-01-17;2294;715;26;0;29;153091;9881;1287;10;1484
FR;5;2022-01-18;2430;870;30;0;40;155521;10751;1317;10;1524
FR;5;2022-01-19;18481;6422;74;2;142;174002;17173;1391;12;1666
FR;5;2022-01-20;1920;1067;25;0;34;175922;18240;1416;12;1700
FR;5;2022-01-21;3076;1371;47;1;59;178998;19611;1463;13;1759
FR;5;2022-01-22;10722;3454;33;1;43;189720;23065;1496;14;1802
FR;5;2022-01-23;2629;1415;5;0;9;192349;24480;1501;14;1811
FR;5;2022-01-24;1159;1340;19;0;23;193508;25820;1520;14;1834
FR;5;2022-01-25;1219;1548;19;2;29;194727;27368;1539;16;1863
FR;5;2022-01-26;10751;12024;50;1;89;205478;39392;1589;17;1952
FR;5;2022-01-27;1291;1693;10;0;17;206769;41085;1599;17;1969
FR;5;2022-01-28;1695;3347;16;0;19;208464;44432;1615;17;1988
FR;5;2022-01-29;6237;8040;68;0;96;214701;52472;1683;17;2084
FR;5;2022-01-30;1509;2950;5;0;18;216210;55422;1688;17;2102
FR;5;2022-01-31;588;1773;23;0;24;216798;57195;1711;17;2126
FR;5;2022-02-01;712;1703;10;0;15;217510;58898;1721;17;2141
FR;5;2022-02-02;6957;15654;52;0;94;224467;74552;1773;17;2235
FR;5;2022-02-03;489;1690;14;0;13;224956;76242;1787;17;2248
FR;5;2022-02-04;943;3001;19;0;31;225899;79243;1806;17;2279
FR;5;2022-02-05;3532;8916;23;0;37;229431;88159;1829;17;2316
FR;5;2022-02-06;737;2397;10;0;19;230168;90556;1839;17;2335
FR;5;2022-02-07;883;1595;22;0;24;231051;92151;1861;17;2359
FR;5;2022-02-08;722;1285;18;0;20;231773;93436;1879;17;2379
FR;5;2022-02-09;4535;12876;44;0;76;236308;106312;1923;17;2455
FR;5;2022-02-10;646;1058;14;0;15;236954;107370;1937;17;2470
FR;5;2022-02-11;793;2026;16;0;21;237747;109396;1953;17;2491
FR;5;2022-02-12;2285;6811;33;0;53;240032;116207;1986;17;2544
FR;5;2022-02-13;465;1540;8;0;8;240497;117747;1994;17;2552
FR;5;2022-02-14;678;1288;10;0;13;241175;119035;2004;17;2565
FR;5;2022-02-15;482;885;9;0;14;241657;119920;2013;17;2579
FR;5;2022-02-16;2980;9123;41;1;58;244637;129043;2054;18;2637
FR;5;2022-02-17;435;805;6;0;7;245072;129848;2060;18;2644
FR;5;2022-02-18;650;1407;13;0;17;245722;131255;2073;18;2661
FR;5;2022-02-19;1371;4315;16;0;28;247093;135570;2089;18;2689
FR;5;2022-02-20;247;879;6;0;8;247340;136449;2095;18;2697
FR;5;2022-02-21;221;607;2;0;4;247561;137056;2097;18;2701
FR;5;2022-02-22;259;545;17;0;17;247820;137601;2114;18;2718
FR;5;2022-02-23;1907;6924;22;1;42;249727;144525;2136;19;2760
FR;5;2022-02-24;182;374;5;1;6;249909;144899;2141;20;2766
FR;5;2022-02-25;336;949;13;0;12;250245;145848;2154;20;2778
FR;5;2022-02-26;972;3069;10;0;14;251217;148917;2164;20;2792
FR;5;2022-02-27;147;506;0;0;3;251364;149423;2164;20;2795
FR;5;2022-02-28;161;369;1;0;1;251525;149792;2165;20;2796
FR;5;2022-03-01;128;279;6;0;7;251653;150071;2171;20;2803
FR;5;2022-03-02;1240;4150;28;3;40;252893;154221;2199;23;2843
FR;5;2022-03-03;121;250;6;0;9;253014;154471;2205;23;2852
FR;5;2022-03-04;193;488;13;0;14;253207;154959;2218;23;2866
FR;5;2022-03-05;676;1990;8;0;16;253883;156949;2226;23;2882
FR;5;2022-03-06;108;260;0;0;0;253991;157209;2226;23;2882
FR;5;2022-03-07;71;228;5;0;3;254062;157437;2231;23;2885
FR;5;2022-03-08;46;130;7;1;7;254108;157567;2238;24;2892
FR;5;2022-03-09;909;3076;24;0;36;255017;160643;2262;24;2928
FR;5;2022-03-10;82;200;8;0;11;255099;160843;2270;24;2939
FR;5;2022-03-11;147;369;13;1;15;255246;161212;2283;25;2954
FR;5;2022-03-12;758;1613;13;1;30;256004;162825;2296;26;2984
FR;5;2022-03-13;76;100;0;0;0;256080;162925;2296;26;2984
FR;5;2022-03-14;67;118;7;1;7;256147;163043;2303;27;2991
FR;5;2022-03-15;83;99;3;0;6;256230;163142;2306;27;2997
FR;5;2022-03-16;884;1823;15;3;35;257114;164965;2321;30;3032
FR;5;2022-03-17;66;123;8;4;10;257180;165088;2329;34;3042
FR;5;2022-03-18;172;318;13;4;18;257352;165406;2342;38;3060
FR;5;2022-03-19;750;1162;12;5;33;258102;166568;2354;43;3093
FR;5;2022-03-20;45;93;1;0;1;258147;166661;2355;43;3094
FR;5;2022-03-21;71;120;10;6;15;258218;166781;2365;49;3109
FR;5;2022-03-22;56;119;8;8;9;258274;166900;2373;57;3118
FR;5;2022-03-23;804;1461;14;8;36;259078;168361;2387;65;3154
FR;5;2022-03-24;68;93;8;7;7;259146;168454;2395;72;3161
FR;5;2022-03-25;222;290;14;8;18;259368;168744;2409;80;3179
FR;5;2022-03-26;706;853;12;5;26;260074;169597;2421;85;3205
FR;5;2022-03-27;74;78;0;0;3;260148;169675;2421;85;3208
FR;5;2022-03-28;81;91;1;2;3;260229;169766;2422;87;3211
FR;5;2022-03-29;71;82;10;4;12;260300;169848;2432;91;3223
FR;5;2022-03-30;820;1115;16;13;29;261120;170963;2448;104;3252
FR;5;2022-03-31;102;124;1;4;6;261222;171087;2449;108;3258
FR;5;2022-04-01;107;86;7;12;11;261329;171173;2456;120;3269
FR;5;2022-04-02;329;349;3;3;15;261658;171522;2459;123;3284
FR;5;2022-04-03;54;59;1;0;1;261712;171581;2460;123;3285
FR;5;2022-04-04;38;57;4;1;8;261750;171638;2464;124;3293
FR;5;2022-04-05;51;60;6;7;9;261801;171698;2470;131;3302
FR;5;2022-04-06;421;439;7;15;16;262222;172137;2477;146;3318
FR;5;2022-04-07;45;68;5;7;7;262267;172205;2482;153;3325
FR;5;2022-04-08;130;110;12;14;15;262397;172315;2494;167;3340
FR;5;2022-04-09;308;322;2;5;16;262705;172637;2496;172;3356
FR;5;2022-04-10;43;31;2;0;2;262748;172668;2498;172;3358
FR;5;2022-04-11;50;60;3;2;4;262798;172728;2501;174;3362
FR;5;2022-04-12;57;54;3;3;5;262855;172782;2504;177;3367
FR;5;2022-04-13;382;413;3;8;16;263237;173195;2507;185;3383
FR;5;2022-04-14;47;48;5;5;9;263284;173243;2512;190;3392
FR;5;2022-04-15;91;109;3;5;5;263375;173352;2515;195;3397
FR;5;2022-04-16;188;184;2;1;13;263563;173536;2517;196;3410
FR;5;2022-04-17;12;10;1;0;1;263575;173546;2518;196;3411
FR;5;2022-04-18;8;9;2;0;2;263583;173555;2520;196;3413
FR;5;2022-04-19;73;70;6;1;6;263656;173625;2526;197;3419
FR;5;2022-04-20;360;349;9;6;12;264016;173974;2535;203;3431
FR;5;2022-04-21;42;64;9;10;12;264058;174038;2544;213;3443
FR;5;2022-04-22;113;96;5;4;5;264171;174134;2549;217;3448
FR;5;2022-04-23;209;192;3;2;10;264380;174326;2552;219;3458
FR;5;2022-04-24;37;35;0;0;3;264417;174361;2552;219;3461
FR;5;2022-04-25;67;65;1;1;4;264484;174426;2553;220;3465
FR;5;2022-04-26;60;61;2;1;5;264544;174487;2555;221;3470
FR;5;2022-04-27;335;316;2;7;14;264879;174803;2557;228;3484
FR;5;2022-04-28;75;54;4;5;8;264954;174857;2561;233;3492
FR;5;2022-04-29;117;79;5;18;12;265071;174936;2566;251;3504
FR;5;2022-04-30;182;115;2;3;10;265253;175051;2568;254;3514
FR;5;2022-05-01;11;7;0;0;0;265264;175058;2568;254;3514
FR;5;2022-05-02;47;27;4;5;2;265311;175085;2572;259;3516
FR;5;2022-05-03;83;55;2;5;11;265394;175140;2574;264;3527
FR;5;2022-05-04;277;204;1;2;7;265671;175344;2575;266;3534
FR;5;2022-05-05;62;32;2;4;4;265733;175376;2577;270;3538
FR;5;2022-05-06;104;64;2;3;5;265837;175440;2579;273;3543
FR;5;2022-05-07;171;115;3;10;13;266008;175555;2582;283;3556
FR;5;2022-05-08;7;8;0;0;2;266015;175563;2582;283;3558
FR;5;2022-05-09;44;32;15;3;16;266059;175595;2597;286;3574
FR;5;2022-05-10;54;49;3;4;5;266113;175644;2600;290;3579
FR;5;2022-05-11;324;236;12;7;21;266437;175880;2612;297;3600
FR;5;2022-05-12;46;34;1;3;2;266483;175914;2613;300;3602
FR;5;2022-05-13;108;83;2;8;8;266591;175997;2615;308;3610
FR;5;2022-05-14;204;129;0;1;8;266795;176126;2615;309;3618
FR;5;2022-05-15;22;7;2;0;1;266817;176133;2617;309;3619
FR;5;2022-05-16;51;33;2;5;4;266868;176166;2619;314;3623
FR;5;2022-05-17;72;40;5;0;2;266940;176206;2624;314;3625
FR;5;2022-05-18;288;214;4;4;8;267228;176420;2628;318;3633
FR;5;2022-05-19;44;35;4;3;2;267272;176455;2632;321;3635
FR;5;2022-05-20;73;62;2;4;1;267345;176517;2634;325;3636
FR;5;2022-05-21;241;166;2;3;17;267586;176683;2636;328;3653
FR;5;2022-05-22;20;14;2;5;2;267606;176697;2638;333;3655
FR;5;2022-05-23;42;24;4;3;6;267648;176721;2642;336;3661
FR;5;2022-05-24;45;45;3;2;5;267693;176766;2645;338;3666
FR;5;2022-05-25;325;253;4;0;15;268018;177019;2649;338;3681
FR;5;2022-05-26;15;5;0;1;2;268033;177024;2649;339;3683
FR;5;2022-05-27;97;54;3;4;8;268130;177078;2652;343;3691
FR;5;2022-05-28;95;73;5;3;10;268225;177151;2657;346;3701
FR;5;2022-05-29;14;14;1;0;2;268239;177165;2658;346;3703
FR;5;2022-05-30;54;39;2;1;2;268293;177204;2660;347;3705
FR;5;2022-05-31;53;41;1;8;1;268346;177245;2661;355;3706
FR;5;2022-06-01;244;233;8;2;23;268590;177478;2669;357;3729
FR;6;2020-12-27;0;0;0;0;0;0;0;0;0;0
FR;6;2020-12-28;0;0;0;0;0;0;0;0;0;0
FR;6;2020-12-29;0;0;0;0;0;0;0;0;0;0
FR;6;2020-12-30;0;0;0;0;0;0;0;0;0;0
FR;6;2020-12-31;0;0;0;0;0;0;0;0;0;0
FR;6;2021-01-01;0;0;0;0;0;0;0;0;0;0
FR;6;2021-01-02;0;0;0;0;0;0;0;0;0;0
FR;6;2021-01-03;0;0;0;0;0;0;0;0;0;0
FR;6;2021-01-04;0;0;0;0;0;0;0;0;0;0
FR;6;2021-01-05;0;0;0;0;0;0;0;0;0;0
FR;6;2021-01-06;0;0;0;0;0;0;0;0;0;0
FR;6;2021-01-07;0;0;0;0;0;0;0;0;0;0
FR;6;2021-01-08;0;0;0;0;0;0;0;0;0;0
FR;6;2021-01-09;0;0;0;0;0;0;0;0;0;0
FR;6;2021-01-10;0;0;0;0;0;0;0;0;0;0
FR;6;2021-01-11;0;0;0;0;0;0;0;0;0;0
FR;6;2021-01-12;0;0;0;0;0;0;0;0;0;0
FR;6;2021-01-13;0;0;0;0;0;0;0;0;0;0
FR;6;2021-01-14;0;0;0;0;0;0;0;0;0;0
FR;6;2021-01-15;0;0;0;0;0;0;0;0;0;0
FR;6;2021-01-16;0;0;0;0;0;0;0;0;0;0
FR;6;2021-01-17;0;0;0;0;0;0;0;0;0;0
FR;6;2021-01-18;0;0;0;0;0;0;0;0;0;0
FR;6;2021-01-19;0;0;0;0;0;0;0;0;0;0
FR;6;2021-01-20;0;0;0;0;0;0;0;0;0;0
FR;6;2021-01-21;0;0;0;0;0;0;0;0;0;0
FR;6;2021-01-22;0;0;0;0;0;0;0;0;0;0
FR;6;2021-01-23;0;0;0;0;0;0;0;0;0;0
FR;6;2021-01-24;0;0;0;0;0;0;0;0;0;0
FR;6;2021-01-25;0;0;0;0;0;0;0;0;0;0
FR;6;2021-01-26;0;0;0;0;0;0;0;0;0;0
FR;6;2021-01-27;0;0;0;0;0;0;0;0;0;0
FR;6;2021-01-28;0;0;0;0;0;0;0;0;0;0
FR;6;2021-01-29;0;0;0;0;0;0;0;0;0;0
FR;6;2021-01-30;0;0;0;0;0;0;0;0;0;0
FR;6;2021-01-31;0;0;0;0;0;0;0;0;0;0
FR;6;2021-02-01;0;0;0;0;0;0;0;0;0;0
FR;6;2021-02-02;0;0;0;0;0;0;0;0;0;0
FR;6;2021-02-03;0;0;0;0;0;0;0;0;0;0
FR;6;2021-02-04;0;0;0;0;0;0;0;0;0;0
FR;6;2021-02-05;0;0;0;0;0;0;0;0;0;0
FR;6;2021-02-06;0;0;0;0;0;0;0;0;0;0
FR;6;2021-02-07;0;0;0;0;0;0;0;0;0;0
FR;6;2021-02-08;0;0;0;0;0;0;0;0;0;0
FR;6;2021-02-09;0;0;0;0;0;0;0;0;0;0
FR;6;2021-02-10;0;0;0;0;0;0;0;0;0;0
FR;6;2021-02-11;0;0;0;0;0;0;0;0;0;0
FR;6;2021-02-12;0;0;0;0;0;0;0;0;0;0
FR;6;2021-02-13;0;0;0;0;0;0;0;0;0;0
FR;6;2021-02-14;0;0;0;0;0;0;0;0;0;0
FR;6;2021-02-15;0;0;0;0;0;0;0;0;0;0
FR;6;2021-02-16;0;0;0;0;0;0;0;0;0;0
FR;6;2021-02-17;0;0;0;0;0;0;0;0;0;0
FR;6;2021-02-18;0;0;0;0;0;0;0;0;0;0
FR;6;2021-02-19;0;0;0;0;0;0;0;0;0;0
FR;6;2021-02-20;0;0;0;0;0;0;0;0;0;0
FR;6;2021-02-21;0;0;0;0;0;0;0;0;0;0
FR;6;2021-02-22;0;0;0;0;0;0;0;0;0;0
FR;6;2021-02-23;0;0;0;0;0;0;0;0;0;0
FR;6;2021-02-24;0;0;0;0;0;0;0;0;0;0
FR;6;2021-02-25;0;0;0;0;0;0;0;0;0;0
FR;6;2021-02-26;0;0;0;0;0;0;0;0;0;0
FR;6;2021-02-27;0;0;0;0;0;0;0;0;0;0
FR;6;2021-02-28;0;0;0;0;0;0;0;0;0;0
FR;6;2021-03-01;0;0;0;0;0;0;0;0;0;0
FR;6;2021-03-02;0;0;0;0;0;0;0;0;0;0
FR;6;2021-03-03;0;0;0;0;0;0;0;0;0;0
FR;6;2021-03-04;0;0;0;0;0;0;0;0;0;0
FR;6;2021-03-05;0;0;0;0;0;0;0;0;0;0
FR;6;2021-03-06;0;0;0;0;0;0;0;0;0;0
FR;6;2021-03-07;0;0;0;0;0;0;0;0;0;0
FR;6;2021-03-08;0;0;0;0;0;0;0;0;0;0
FR;6;2021-03-09;0;0;0;0;0;0;0;0;0;0
FR;6;2021-03-10;0;0;0;0;0;0;0;0;0;0
FR;6;2021-03-11;0;0;0;0;0;0;0;0;0;0
FR;6;2021-03-12;0;0;0;0;0;0;0;0;0;0
FR;6;2021-03-13;0;0;0;0;0;0;0;0;0;0
FR;6;2021-03-14;0;0;0;0;0;0;0;0;0;0
FR;6;2021-03-15;0;0;0;0;0;0;0;0;0;0
FR;6;2021-03-16;0;0;0;0;0;0;0;0;0;0
FR;6;2021-03-17;0;0;0;0;0;0;0;0;0;0
FR;6;2021-03-18;0;0;0;0;0;0;0;0;0;0
FR;6;2021-03-19;0;0;0;0;0;0;0;0;0;0
FR;6;2021-03-20;0;0;0;0;0;0;0;0;0;0
FR;6;2021-03-21;0;0;0;0;0;0;0;0;0;0
FR;6;2021-03-22;0;0;0;0;0;0;0;0;0;0
FR;6;2021-03-23;0;0;0;0;0;0;0;0;0;0
FR;6;2021-03-24;0;0;0;0;0;0;0;0;0;0
FR;6;2021-03-25;0;0;0;0;0;0;0;0;0;0
FR;6;2021-03-26;0;0;0;0;0;0;0;0;0;0
FR;6;2021-03-27;0;0;0;0;0;0;0;0;0;0
FR;6;2021-03-28;0;0;0;0;0;0;0;0;0;0
FR;6;2021-03-29;0;0;0;0;0;0;0;0;0;0
FR;6;2021-03-30;0;0;0;0;0;0;0;0;0;0
FR;6;2021-03-31;0;0;0;0;0;0;0;0;0;0
FR;6;2021-04-01;0;0;0;0;0;0;0;0;0;0
FR;6;2021-04-02;0;0;0;0;0;0;0;0;0;0
FR;6;2021-04-03;0;0;0;0;0;0;0;0;0;0
FR;6;2021-04-04;0;0;0;0;0;0;0;0;0;0
FR;6;2021-04-05;0;0;0;0;0;0;0;0;0;0
FR;6;2021-04-06;0;0;0;0;0;0;0;0;0;0
FR;6;2021-04-07;0;0;0;0;0;0;0;0;0;0
FR;6;2021-04-08;0;0;0;0;0;0;0;0;0;0
FR;6;2021-04-09;0;0;0;0;0;0;0;0;0;0
FR;6;2021-04-10;0;0;0;0;0;0;0;0;0;0
FR;6;2021-04-11;0;0;0;0;0;0;0;0;0;0
FR;6;2021-04-12;0;0;0;0;0;0;0;0;0;0
FR;6;2021-04-13;0;0;0;0;0;0;0;0;0;0
FR;6;2021-04-14;0;0;0;0;0;0;0;0;0;0
FR;6;2021-04-15;0;0;0;0;0;0;0;0;0;0
FR;6;2021-04-16;0;0;0;0;0;0;0;0;0;0
FR;6;2021-04-17;0;0;0;0;0;0;0;0;0;0
FR;6;2021-04-18;0;0;0;0;0;0;0;0;0;0
FR;6;2021-04-19;0;0;0;0;0;0;0;0;0;0
FR;6;2021-04-20;0;0;0;0;0;0;0;0;0;0
FR;6;2021-04-21;0;0;0;0;0;0;0;0;0;0
FR;6;2021-04-22;0;0;0;0;0;0;0;0;0;0
FR;6;2021-04-23;0;0;0;0;0;0;0;0;0;0
FR;6;2021-04-24;0;0;0;0;0;0;0;0;0;0
FR;6;2021-04-25;0;0;0;0;0;0;0;0;0;0
FR;6;2021-04-26;0;0;0;0;0;0;0;0;0;0
FR;6;2021-04-27;0;0;0;0;0;0;0;0;0;0
FR;6;2021-04-28;0;0;0;0;0;0;0;0;0;0
FR;6;2021-04-29;0;0;0;0;0;0;0;0;0;0
FR;6;2021-04-30;0;0;0;0;0;0;0;0;0;0
FR;6;2021-05-01;0;0;0;0;0;0;0;0;0;0
FR;6;2021-05-02;0;0;0;0;0;0;0;0;0;0
FR;6;2021-05-03;0;0;0;0;0;0;0;0;0;0
FR;6;2021-05-04;0;0;0;0;0;0;0;0;0;0
FR;6;2021-05-05;0;0;0;0;0;0;0;0;0;0
FR;6;2021-05-06;0;0;0;0;0;0;0;0;0;0
FR;6;2021-05-07;0;0;0;0;0;0;0;0;0;0
FR;6;2021-05-08;0;0;0;0;0;0;0;0;0;0
FR;6;2021-05-09;0;0;0;0;0;0;0;0;0;0
FR;6;2021-05-10;0;0;0;0;0;0;0;0;0;0
FR;6;2021-05-11;0;0;0;0;0;0;0;0;0;0
FR;6;2021-05-12;0;0;0;0;0;0;0;0;0;0
FR;6;2021-05-13;0;0;0;0;0;0;0;0;0;0
FR;6;2021-05-14;0;0;0;0;0;0;0;0;0;0
FR;6;2021-05-15;0;0;0;0;0;0;0;0;0;0
FR;6;2021-05-16;0;0;0;0;0;0;0;0;0;0
FR;6;2021-05-17;0;0;0;0;0;0;0;0;0;0
FR;6;2021-05-18;0;0;0;0;0;0;0;0;0;0
FR;6;2021-05-19;0;0;0;0;0;0;0;0;0;0
FR;6;2021-05-20;0;0;0;0;0;0;0;0;0;0
FR;6;2021-05-21;0;0;0;0;0;0;0;0;0;0
FR;6;2021-05-22;0;0;0;0;0;0;0;0;0;0
FR;6;2021-05-23;0;0;0;0;0;0;0;0;0;0
FR;6;2021-05-24;0;0;0;0;0;0;0;0;0;0
FR;6;2021-05-25;0;0;0;0;0;0;0;0;0;0
FR;6;2021-05-26;0;0;0;0;0;0;0;0;0;0
FR;6;2021-05-27;0;0;0;0;0;0;0;0;0;0
FR;6;2021-05-28;0;0;0;0;0;0;0;0;0;0
FR;6;2021-05-29;0;0;0;0;0;0;0;0;0;0
FR;6;2021-05-30;0;0;0;0;0;0;0;0;0;0
FR;6;2021-05-31;0;0;0;0;0;0;0;0;0;0
FR;6;2021-06-01;0;0;0;0;0;0;0;0;0;0
FR;6;2021-06-02;0;0;0;0;0;0;0;0;0;0
FR;6;2021-06-03;0;0;0;0;0;0;0;0;0;0
FR;6;2021-06-04;0;0;0;0;0;0;0;0;0;0
FR;6;2021-06-05;0;0;0;0;0;0;0;0;0;0
FR;6;2021-06-06;0;0;0;0;0;0;0;0;0;0
FR;6;2021-06-07;0;0;0;0;0;0;0;0;0;0
FR;6;2021-06-08;0;0;0;0;0;0;0;0;0;0
FR;6;2021-06-09;0;0;0;0;0;0;0;0;0;0
FR;6;2021-06-10;0;0;0;0;0;0;0;0;0;0
FR;6;2021-06-11;0;0;0;0;0;0;0;0;0;0
FR;6;2021-06-12;0;0;0;0;0;0;0;0;0;0
FR;6;2021-06-13;0;0;0;0;0;0;0;0;0;0
FR;6;2021-06-14;0;0;0;0;0;0;0;0;0;0
FR;6;2021-06-15;0;0;0;0;0;0;0;0;0;0
FR;6;2021-06-16;0;0;0;0;0;0;0;0;0;0
FR;6;2021-06-17;0;0;0;0;0;0;0;0;0;0
FR;6;2021-06-18;0;0;0;0;0;0;0;0;0;0
FR;6;2021-06-19;0;0;0;0;0;0;0;0;0;0
FR;6;2021-06-20;0;0;0;0;0;0;0;0;0;0
FR;6;2021-06-21;0;0;0;0;0;0;0;0;0;0
FR;6;2021-06-22;0;0;0;0;0;0;0;0;0;0
FR;6;2021-06-23;0;0;0;0;0;0;0;0;0;0
FR;6;2021-06-24;0;0;0;0;0;0;0;0;0;0
FR;6;2021-06-25;0;0;0;0;0;0;0;0;0;0
FR;6;2021-06-26;0;0;0;0;0;0;0;0;0;0
FR;6;2021-06-27;0;0;0;0;0;0;0;0;0;0
FR;6;2021-06-28;0;0;0;0;0;0;0;0;0;0
FR;6;2021-06-29;0;0;0;0;0;0;0;0;0;0
FR;6;2021-06-30;0;0;0;0;0;0;0;0;0;0
FR;6;2021-07-01;0;0;0;0;0;0;0;0;0;0
FR;6;2021-07-02;0;0;0;0;0;0;0;0;0;0
FR;6;2021-07-03;0;0;0;0;0;0;0;0;0;0
FR;6;2021-07-04;0;0;0;0;0;0;0;0;0;0
FR;6;2021-07-05;0;0;0;0;0;0;0;0;0;0
FR;6;2021-07-06;0;0;0;0;0;0;0;0;0;0
FR;6;2021-07-07;0;0;0;0;0;0;0;0;0;0
FR;6;2021-07-08;0;0;0;0;0;0;0;0;0;0
FR;6;2021-07-09;0;0;0;0;0;0;0;0;0;0
FR;6;2021-07-10;0;0;0;0;0;0;0;0;0;0
FR;6;2021-07-11;0;0;0;0;0;0;0;0;0;0
FR;6;2021-07-12;0;0;0;0;0;0;0;0;0;0
FR;6;2021-07-13;0;0;0;0;0;0;0;0;0;0
FR;6;2021-07-14;0;0;0;0;0;0;0;0;0;0
FR;6;2021-07-15;0;0;0;0;0;0;0;0;0;0
FR;6;2021-07-16;0;0;0;0;0;0;0;0;0;0
FR;6;2021-07-17;0;0;0;0;0;0;0;0;0;0
FR;6;2021-07-18;0;0;0;0;0;0;0;0;0;0
FR;6;2021-07-19;0;0;0;0;0;0;0;0;0;0
FR;6;2021-07-20;0;0;0;0;0;0;0;0;0;0
FR;6;2021-07-21;0;0;0;0;0;0;0;0;0;0
FR;6;2021-07-22;0;0;0;0;0;0;0;0;0;0
FR;6;2021-07-23;0;0;0;0;0;0;0;0;0;0
FR;6;2021-07-24;0;0;0;0;0;0;0;0;0;0
FR;6;2021-07-25;0;0;0;0;0;0;0;0;0;0
FR;6;2021-07-26;0;0;0;0;0;0;0;0;0;0
FR;6;2021-07-27;0;0;0;0;0;0;0;0;0;0
FR;6;2021-07-28;0;0;0;0;0;0;0;0;0;0
FR;6;2021-07-29;0;0;0;0;0;0;0;0;0;0
FR;6;2021-07-30;0;0;0;0;0;0;0;0;0;0
FR;6;2021-07-31;0;0;0;0;0;0;0;0;0;0
FR;6;2021-08-01;0;0;0;0;0;0;0;0;0;0
FR;6;2021-08-02;0;0;0;0;0;0;0;0;0;0
FR;6;2021-08-03;0;0;0;0;0;0;0;0;0;0
FR;6;2021-08-04;0;0;0;0;0;0;0;0;0;0
FR;6;2021-08-05;0;0;0;0;0;0;0;0;0;0
FR;6;2021-08-06;0;0;0;0;0;0;0;0;0;0
FR;6;2021-08-07;0;0;0;0;0;0;0;0;0;0
FR;6;2021-08-08;0;0;0;0;0;0;0;0;0;0
FR;6;2021-08-09;0;0;0;0;0;0;0;0;0;0
FR;6;2021-08-10;0;0;0;0;0;0;0;0;0;0
FR;6;2021-08-11;0;0;0;0;0;0;0;0;0;0
FR;6;2021-08-12;0;0;0;0;0;0;0;0;0;0
FR;6;2021-08-13;0;0;0;0;0;0;0;0;0;0
FR;6;2021-08-14;0;0;0;0;0;0;0;0;0;0
FR;6;2021-08-15;0;0;0;0;0;0;0;0;0;0
FR;6;2021-08-16;0;0;0;0;0;0;0;0;0;0
FR;6;2021-08-17;0;0;0;0;0;0;0;0;0;0
FR;6;2021-08-18;0;0;0;0;0;0;0;0;0;0
FR;6;2021-08-19;0;0;0;0;0;0;0;0;0;0
FR;6;2021-08-20;0;0;0;0;0;0;0;0;0;0
FR;6;2021-08-21;0;0;0;0;0;0;0;0;0;0
FR;6;2021-08-22;0;0;0;0;0;0;0;0;0;0
FR;6;2021-08-23;0;0;0;0;0;0;0;0;0;0
FR;6;2021-08-24;0;0;0;0;0;0;0;0;0;0
FR;6;2021-08-25;0;0;0;0;0;0;0;0;0;0
FR;6;2021-08-26;0;0;0;0;0;0;0;0;0;0
FR;6;2021-08-27;0;0;0;0;0;0;0;0;0;0
FR;6;2021-08-28;0;0;0;0;0;0;0;0;0;0
FR;6;2021-08-29;0;0;0;0;0;0;0;0;0;0
FR;6;2021-08-30;0;0;0;0;0;0;0;0;0;0
FR;6;2021-08-31;0;0;0;0;0;0;0;0;0;0
FR;6;2021-09-01;0;0;0;0;0;0;0;0;0;0
FR;6;2021-09-02;0;0;0;0;0;0;0;0;0;0
FR;6;2021-09-03;0;0;0;0;0;0;0;0;0;0
FR;6;2021-09-04;0;0;0;0;0;0;0;0;0;0
FR;6;2021-09-05;0;0;0;0;0;0;0;0;0;0
FR;6;2021-09-06;0;0;0;0;0;0;0;0;0;0
FR;6;2021-09-07;0;0;0;0;0;0;0;0;0;0
FR;6;2021-09-08;0;0;0;0;0;0;0;0;0;0
FR;6;2021-09-09;0;0;0;0;0;0;0;0;0;0
FR;6;2021-09-10;0;0;0;0;0;0;0;0;0;0
FR;6;2021-09-11;0;0;0;0;0;0;0;0;0;0
FR;6;2021-09-12;0;0;0;0;0;0;0;0;0;0
FR;6;2021-09-13;0;0;0;0;0;0;0;0;0;0
FR;6;2021-09-14;0;0;0;0;0;0;0;0;0;0
FR;6;2021-09-15;0;0;0;0;0;0;0;0;0;0
FR;6;2021-09-16;0;0;0;0;0;0;0;0;0;0
FR;6;2021-09-17;0;0;0;0;0;0;0;0;0;0
FR;6;2021-09-18;0;0;0;0;0;0;0;0;0;0
FR;6;2021-09-19;0;0;0;0;0;0;0;0;0;0
FR;6;2021-09-20;0;0;0;0;0;0;0;0;0;0
FR;6;2021-09-21;0;0;0;0;0;0;0;0;0;0
FR;6;2021-09-22;0;0;0;0;0;0;0;0;0;0
FR;6;2021-09-23;0;0;0;0;0;0;0;0;0;0
FR;6;2021-09-24;0;0;0;0;0;0;0;0;0;0
FR;6;2021-09-25;0;0;0;0;0;0;0;0;0;0
FR;6;2021-09-26;0;0;0;0;0;0;0;0;0;0
FR;6;2021-09-27;0;0;0;0;0;0;0;0;0;0
FR;6;2021-09-28;0;0;0;0;0;0;0;0;0;0
FR;6;2021-09-29;0;0;0;0;0;0;0;0;0;0
FR;6;2021-09-30;0;0;0;0;0;0;0;0;0;0
FR;6;2021-10-01;0;0;0;0;0;0;0;0;0;0
FR;6;2021-10-02;0;0;0;0;0;0;0;0;0;0
FR;6;2021-10-03;0;0;0;0;0;0;0;0;0;0
FR;6;2021-10-04;0;0;0;0;0;0;0;0;0;0
FR;6;2021-10-05;0;0;0;0;0;0;0;0;0;0
FR;6;2021-10-06;0;0;0;0;0;0;0;0;0;0
FR;6;2021-10-07;0;0;0;0;0;0;0;0;0;0
FR;6;2021-10-08;0;0;0;0;0;0;0;0;0;0
FR;6;2021-10-09;0;0;0;0;0;0;0;0;0;0
FR;6;2021-10-10;0;0;0;0;0;0;0;0;0;0
FR;6;2021-10-11;0;0;0;0;0;0;0;0;0;0
FR;6;2021-10-12;0;0;0;0;0;0;0;0;0;0
FR;6;2021-10-13;0;0;0;0;0;0;0;0;0;0
FR;6;2021-10-14;0;0;0;0;0;0;0;0;0;0
FR;6;2021-10-15;0;0;0;0;0;0;0;0;0;0
FR;6;2021-10-16;0;0;0;0;0;0;0;0;0;0
FR;6;2021-10-17;0;0;0;0;0;0;0;0;0;0
FR;6;2021-10-18;0;0;0;0;0;0;0;0;0;0
FR;6;2021-10-19;0;0;0;0;0;0;0;0;0;0
FR;6;2021-10-20;0;0;0;0;0;0;0;0;0;0
FR;6;2021-10-21;0;0;0;0;0;0;0;0;0;0
FR;6;2021-10-22;0;0;0;0;0;0;0;0;0;0
FR;6;2021-10-23;0;0;0;0;0;0;0;0;0;0
FR;6;2021-10-24;0;0;0;0;0;0;0;0;0;0
FR;6;2021-10-25;0;0;0;0;0;0;0;0;0;0
FR;6;2021-10-26;0;0;0;0;0;0;0;0;0;0
FR;6;2021-10-27;0;0;0;0;0;0;0;0;0;0
FR;6;2021-10-28;0;0;0;0;0;0;0;0;0;0
FR;6;2021-10-29;0;0;0;0;0;0;0;0;0;0
FR;6;2021-10-30;0;0;0;0;0;0;0;0;0;0
FR;6;2021-10-31;0;0;0;0;0;0;0;0;0;0
FR;6;2021-11-01;0;0;0;0;0;0;0;0;0;0
FR;6;2021-11-02;0;0;0;0;0;0;0;0;0;0
FR;6;2021-11-03;0;0;0;0;0;0;0;0;0;0
FR;6;2021-11-04;0;0;0;0;0;0;0;0;0;0
FR;6;2021-11-05;0;0;0;0;0;0;0;0;0;0
FR;6;2021-11-06;0;0;0;0;0;0;0;0;0;0
FR;6;2021-11-07;0;0;0;0;0;0;0;0;0;0
FR;6;2021-11-08;0;0;0;0;0;0;0;0;0;0
FR;6;2021-11-09;0;0;0;0;0;0;0;0;0;0
FR;6;2021-11-10;0;0;0;0;0;0;0;0;0;0
FR;6;2021-11-11;0;0;0;0;0;0;0;0;0;0
FR;6;2021-11-12;0;0;0;0;0;0;0;0;0;0
FR;6;2021-11-13;0;0;0;0;0;0;0;0;0;0
FR;6;2021-11-14;0;0;0;0;0;0;0;0;0;0
FR;6;2021-11-15;0;0;0;0;0;0;0;0;0;0
FR;6;2021-11-16;0;0;0;0;0;0;0;0;0;0
FR;6;2021-11-17;0;0;0;0;0;0;0;0;0;0
FR;6;2021-11-18;0;0;0;0;0;0;0;0;0;0
FR;6;2021-11-19;0;0;0;0;0;0;0;0;0;0
FR;6;2021-11-20;0;0;0;0;0;0;0;0;0;0
FR;6;2021-11-21;0;0;0;0;0;0;0;0;0;0
FR;6;2021-11-22;0;0;0;0;0;0;0;0;0;0
FR;6;2021-11-23;0;0;0;0;0;0;0;0;0;0
FR;6;2021-11-24;0;0;0;0;0;0;0;0;0;0
FR;6;2021-11-25;0;0;0;0;0;0;0;0;0;0
FR;6;2021-11-26;0;0;0;0;0;0;0;0;0;0
FR;6;2021-11-27;0;0;0;0;0;0;0;0;0;0
FR;6;2021-11-28;0;0;0;0;0;0;0;0;0;0
FR;6;2021-11-29;0;0;0;0;0;0;0;0;0;0
FR;6;2021-11-30;0;0;0;0;0;0;0;0;0;0
FR;6;2021-12-01;0;0;0;0;0;0;0;0;0;0
FR;6;2021-12-02;0;0;0;0;0;0;0;0;0;0
FR;6;2021-12-03;0;0;0;0;0;0;0;0;0;0
FR;6;2021-12-04;0;0;0;0;0;0;0;0;0;0
FR;6;2021-12-05;0;0;0;0;0;0;0;0;0;0
FR;6;2021-12-06;0;0;0;0;0;0;0;0;0;0
FR;6;2021-12-07;0;0;0;0;0;0;0;0;0;0
FR;6;2021-12-08;0;0;0;0;0;0;0;0;0;0
FR;6;2021-12-09;0;0;0;0;0;0;0;0;0;0
FR;6;2021-12-10;0;0;0;0;0;0;0;0;0;0
FR;6;2021-12-11;0;0;0;0;0;0;0;0;0;0
FR;6;2021-12-12;0;0;0;0;0;0;0;0;0;0
FR;6;2021-12-13;0;0;0;0;0;0;0;0;0;0
FR;6;2021-12-14;0;0;0;0;0;0;0;0;0;0
FR;6;2021-12-15;0;0;0;0;0;0;0;0;0;0
FR;6;2021-12-16;0;0;0;0;0;0;0;0;0;0
FR;6;2021-12-17;0;0;0;0;0;0;0;0;0;0
FR;6;2021-12-18;0;0;0;0;0;0;0;0;0;0
FR;6;2021-12-19;0;0;0;0;0;0;0;0;0;0
FR;6;2021-12-20;0;0;0;0;0;0;0;0;0;0
FR;6;2021-12-21;0;0;0;0;0;0;0;0;0;0
FR;6;2021-12-22;0;0;0;0;0;0;0;0;0;0
FR;6;2021-12-23;0;0;0;0;0;0;0;0;0;0
FR;6;2021-12-24;0;0;0;0;0;0;0;0;0;0
FR;6;2021-12-25;0;0;0;0;0;0;0;0;0;0
FR;6;2021-12-26;0;0;0;0;0;0;0;0;0;0
FR;6;2021-12-27;0;0;0;0;0;0;0;0;0;0
FR;6;2021-12-28;0;0;0;0;0;0;0;0;0;0
FR;6;2021-12-29;0;0;0;0;0;0;0;0;0;0
FR;6;2021-12-30;0;0;0;0;0;0;0;0;0;0
FR;6;2021-12-31;0;0;0;0;0;0;0;0;0;0
FR;6;2022-01-01;0;0;0;0;0;0;0;0;0;0
FR;6;2022-01-02;0;0;0;0;0;0;0;0;0;0
FR;6;2022-01-03;0;0;0;0;0;0;0;0;0;0
FR;6;2022-01-04;0;0;0;0;0;0;0;0;0;0
FR;6;2022-01-05;0;0;0;0;0;0;0;0;0;0
FR;6;2022-01-06;0;0;0;0;0;0;0;0;0;0
FR;6;2022-01-07;0;0;0;0;0;0;0;0;0;0
FR;6;2022-01-08;0;0;0;0;0;0;0;0;0;0
FR;6;2022-01-09;0;0;0;0;0;0;0;0;0;0
FR;6;2022-01-10;0;0;0;0;0;0;0;0;0;0
FR;6;2022-01-11;0;0;0;0;0;0;0;0;0;0
FR;6;2022-01-12;0;0;0;0;0;0;0;0;0;0
FR;6;2022-01-13;0;0;0;0;0;0;0;0;0;0
FR;6;2022-01-14;0;0;0;0;0;0;0;0;0;0
FR;6;2022-01-15;0;0;0;0;0;0;0;0;0;0
FR;6;2022-01-16;0;0;0;0;0;0;0;0;0;0
FR;6;2022-01-17;0;0;0;0;0;0;0;0;0;0
FR;6;2022-01-18;0;0;0;0;0;0;0;0;0;0
FR;6;2022-01-19;0;0;0;0;0;0;0;0;0;0
FR;6;2022-01-20;0;0;0;0;0;0;0;0;0;0
FR;6;2022-01-21;0;0;0;0;0;0;0;0;0;0
FR;6;2022-01-22;0;0;0;0;0;0;0;0;0;0
FR;6;2022-01-23;0;0;0;0;0;0;0;0;0;0
FR;6;2022-01-24;0;0;0;0;0;0;0;0;0;0
FR;6;2022-01-25;0;0;0;0;0;0;0;0;0;0
FR;6;2022-01-26;0;0;0;0;0;0;0;0;0;0
FR;6;2022-01-27;0;0;0;0;0;0;0;0;0;0
FR;6;2022-01-28;0;0;0;0;0;0;0;0;0;0
FR;6;2022-01-29;0;0;0;0;0;0;0;0;0;0
FR;6;2022-01-30;0;0;0;0;0;0;0;0;0;0
FR;6;2022-01-31;0;0;0;0;0;0;0;0;0;0
FR;6;2022-02-01;0;0;0;0;0;0;0;0;0;0
FR;6;2022-02-02;0;0;0;0;0;0;0;0;0;0
FR;6;2022-02-03;0;0;0;0;0;0;0;0;0;0
FR;6;2022-02-04;0;0;0;0;0;0;0;0;0;0
FR;6;2022-02-05;0;0;0;0;0;0;0;0;0;0
FR;6;2022-02-06;0;0;0;0;0;0;0;0;0;0
FR;6;2022-02-07;0;0;0;0;0;0;0;0;0;0
FR;6;2022-02-08;0;0;0;0;0;0;0;0;0;0
FR;6;2022-02-09;0;0;0;0;0;0;0;0;0;0
FR;6;2022-02-10;0;0;0;0;0;0;0;0;0;0
FR;6;2022-02-11;0;0;0;0;0;0;0;0;0;0
FR;6;2022-02-12;0;0;0;0;0;0;0;0;0;0
FR;6;2022-02-13;0;0;0;0;0;0;0;0;0;0
FR;6;2022-02-14;0;0;0;0;0;0;0;0;0;0
FR;6;2022-02-15;0;0;0;0;0;0;0;0;0;0
FR;6;2022-02-16;0;0;0;0;0;0;0;0;0;0
FR;6;2022-02-17;0;0;0;0;0;0;0;0;0;0
FR;6;2022-02-18;0;0;0;0;0;0;0;0;0;0
FR;6;2022-02-19;0;0;0;0;0;0;0;0;0;0
FR;6;2022-02-20;0;0;0;0;0;0;0;0;0;0
FR;6;2022-02-21;0;0;0;0;0;0;0;0;0;0
FR;6;2022-02-22;0;0;0;0;0;0;0;0;0;0
FR;6;2022-02-23;0;0;0;0;0;0;0;0;0;0
FR;6;2022-02-24;0;0;0;0;0;0;0;0;0;0
FR;6;2022-02-25;0;0;0;0;0;0;0;0;0;0
FR;6;2022-02-26;1;0;0;0;0;1;0;0;0;0
FR;6;2022-02-27;0;0;0;0;0;1;0;0;0;0
FR;6;2022-02-28;0;0;0;0;0;1;0;0;0;0
FR;6;2022-03-01;3;0;0;0;0;4;0;0;0;0
FR;6;2022-03-02;97;9;2;0;7;101;9;2;0;7
FR;6;2022-03-03;0;0;0;0;0;101;9;2;0;7
FR;6;2022-03-04;91;4;0;0;4;192;13;2;0;11
FR;6;2022-03-05;391;23;2;0;14;583;36;4;0;25
FR;6;2022-03-06;7;1;0;0;0;590;37;4;0;25
FR;6;2022-03-07;337;19;0;0;13;927;56;4;0;38
FR;6;2022-03-08;230;14;0;0;5;1157;70;4;0;43
FR;6;2022-03-09;519;29;2;0;21;1676;99;6;0;64
FR;6;2022-03-10;206;19;0;1;12;1882;118;6;1;76
FR;6;2022-03-11;328;21;6;0;21;2210;139;12;1;97
FR;6;2022-03-12;518;25;1;0;20;2728;164;13;1;117
FR;6;2022-03-13;40;2;0;0;1;2768;166;13;1;118
FR;6;2022-03-14;201;4;2;0;3;2969;170;15;1;121
FR;6;2022-03-15;112;11;2;0;9;3081;181;17;1;130
FR;6;2022-03-16;310;17;1;1;14;3391;198;18;2;144
FR;6;2022-03-17;117;6;1;2;4;3508;204;19;4;148
FR;6;2022-03-18;214;11;0;0;6;3722;215;19;4;154
FR;6;2022-03-19;307;19;2;0;9;4029;234;21;4;163
FR;6;2022-03-20;15;5;0;0;1;4044;239;21;4;164
FR;6;2022-03-21;132;23;1;0;4;4176;262;22;4;168
FR;6;2022-03-22;97;15;0;0;4;4273;277;22;4;172
FR;6;2022-03-23;226;108;3;0;14;4499;385;25;4;186
FR;6;2022-03-24;100;15;1;3;4;4599;400;26;7;190
FR;6;2022-03-25;203;141;2;1;15;4802;541;28;8;205
FR;6;2022-03-26;332;295;7;1;19;5134;836;35;9;224
FR;6;2022-03-27;32;30;1;0;1;5166;866;36;9;225
FR;6;2022-03-28;200;208;8;1;17;5366;1074;44;10;242
FR;6;2022-03-29;126;189;12;2;12;5492;1263;56;12;254
FR;6;2022-03-30;305;476;10;2;22;5797;1739;66;14;276
FR;6;2022-03-31;124;140;10;0;14;5921;1879;76;14;290
FR;6;2022-04-01;195;150;11;2;23;6116;2029;87;16;313
FR;6;2022-04-02;205;241;9;1;13;6321;2270;96;17;326
FR;6;2022-04-03;17;21;0;0;1;6338;2291;96;17;327
FR;6;2022-04-04;132;114;6;1;9;6470;2405;102;18;336
FR;6;2022-04-05;145;88;15;1;11;6615;2493;117;19;347
FR;6;2022-04-06;203;245;22;26;27;6818;2738;139;45;374
FR;6;2022-04-07;127;96;15;5;17;6945;2834;154;50;391
FR;6;2022-04-08;199;170;16;3;17;7144;3004;170;53;408
FR;6;2022-04-09;145;139;6;12;13;7289;3143;176;65;421
FR;6;2022-04-10;10;20;3;0;1;7299;3163;179;65;422
FR;6;2022-04-11;101;106;4;0;5;7400;3269;183;65;427
FR;6;2022-04-12;135;75;5;8;10;7535;3344;188;73;437
FR;6;2022-04-13;160;175;7;5;13;7695;3519;195;78;450
FR;6;2022-04-14;100;103;5;10;8;7795;3622;200;88;458
FR;6;2022-04-15;160;148;11;7;19;7955;3770;211;95;477
FR;6;2022-04-16;127;132;5;0;14;8082;3902;216;95;491
FR;6;2022-04-17;8;9;4;0;4;8090;3911;220;95;495
FR;6;2022-04-18;8;15;3;0;4;8098;3926;223;95;499
FR;6;2022-04-19;97;112;4;3;3;8195;4038;227;98;502
FR;6;2022-04-20;173;227;8;7;15;8368;4265;235;105;517
FR;6;2022-04-21;111;93;8;4;11;8479;4358;243;109;528
FR;6;2022-04-22;138;160;13;12;13;8617;4518;256;121;541
FR;6;2022-04-23;104;129;1;1;7;8721;4647;257;122;548
FR;6;2022-04-24;5;21;1;0;0;8726;4668;258;122;548
FR;6;2022-04-25;90;128;3;8;11;8816;4796;261;130;559
FR;6;2022-04-26;101;128;18;2;16;8917;4924;279;132;575
FR;6;2022-04-27;197;159;21;1;27;9114;5083;300;133;602
FR;6;2022-04-28;109;87;7;1;8;9223;5170;307;134;610
FR;6;2022-04-29;190;168;16;2;20;9413;5338;323;136;630
FR;6;2022-04-30;131;125;7;1;24;9544;5463;330;137;654
FR;6;2022-05-01;7;6;0;0;0;9551;5469;330;137;654
FR;6;2022-05-02;94;65;3;4;3;9645;5534;333;141;657
FR;6;2022-05-03;136;92;11;2;7;9781;5626;344;143;664
FR;6;2022-05-04;166;118;25;12;29;9947;5744;369;155;693
FR;6;2022-05-05;101;70;8;3;12;10048;5814;377;158;705
FR;6;2022-05-06;151;110;10;9;16;10199;5924;387;167;721
FR;6;2022-05-07;138;93;13;3;23;10337;6017;400;170;744
FR;6;2022-05-08;20;8;6;5;7;10357;6025;406;175;751
FR;6;2022-05-09;85;73;9;7;13;10442;6098;415;182;764
FR;6;2022-05-10;111;80;15;7;12;10553;6178;430;189;776
FR;6;2022-05-11;129;120;11;14;20;10682;6298;441;203;796
FR;6;2022-05-12;105;75;6;5;13;10787;6373;447;208;809
FR;6;2022-05-13;154;95;17;21;20;10941;6468;464;229;829
FR;6;2022-05-14;81;59;6;7;15;11022;6527;470;236;844
FR;6;2022-05-15;12;7;0;0;0;11034;6534;470;236;844
FR;6;2022-05-16;64;54;6;2;12;11098;6588;476;238;856
FR;6;2022-05-17;123;76;5;7;11;11221;6664;481;245;867
FR;6;2022-05-18;130;116;5;1;13;11351;6780;486;246;880
FR;6;2022-05-19;124;57;6;8;9;11475;6837;492;254;889
FR;6;2022-05-20;126;113;13;3;18;11601;6950;505;257;907
FR;6;2022-05-21;90;67;14;3;12;11691;7017;519;260;919
FR;6;2022-05-22;19;12;5;0;4;11710;7029;524;260;923
FR;6;2022-05-23;73;72;3;2;6;11783;7101;527;262;929
FR;6;2022-05-24;116;98;8;2;16;11899;7199;535;264;945
FR;6;2022-05-25;139;126;6;3;11;12038;7325;541;267;956
FR;6;2022-05-26;7;6;3;0;7;12045;7331;544;267;963
FR;6;2022-05-27;127;104;15;11;18;12172;7435;559;278;981
FR;6;2022-05-28;50;72;1;5;8;12222;7507;560;283;989
FR;6;2022-05-29;8;10;0;0;1;12230;7517;560;283;990
FR;6;2022-05-30;68;66;7;4;4;12298;7583;567;287;994
FR;6;2022-05-31;86;101;10;2;14;12384;7684;577;289;1008
FR;6;2022-06-01;91;85;10;1;11;12475;7769;587;290;1019
FR;0;2020-12-27;602;0;0;0;0;602;0;0;0;0
FR;0;2020-12-28;668;1;0;0;0;1270;1;0;0;0
FR;0;2020-12-29;374;0;0;0;0;1644;1;0;0;0
FR;0;2020-12-30;440;0;0;0;0;2084;1;0;0;0
FR;0;2020-12-31;429;1;0;0;0;2513;2;0;0;0
FR;0;2021-01-01;1136;2;0;0;0;3649;4;0;0;0
FR;0;2021-01-02;356;3;0;0;0;4005;7;0;0;0
FR;0;2021-01-03;401;0;0;0;0;4406;7;0;0;0
FR;0;2021-01-04;2089;2;0;0;0;6495;9;0;0;0
FR;0;2021-01-05;7632;3;0;0;0;14127;12;0;0;0
FR;0;2021-01-06;12423;11;0;0;0;26550;23;0;0;0
FR;0;2021-01-07;29446;9;0;0;0;55996;32;0;0;0
FR;0;2021-01-08;37121;9;0;0;0;93117;41;0;0;0
FR;0;2021-01-09;11209;4;0;0;0;104326;45;0;0;0
FR;0;2021-01-10;5996;3;0;0;0;110322;48;0;0;0
FR;0;2021-01-11;39924;17;0;0;0;150246;65;0;0;0
FR;0;2021-01-12;62125;16;0;0;0;212371;81;0;0;0
FR;0;2021-01-13;65102;30;0;0;0;277473;111;0;0;0
FR;0;2021-01-14;83120;80;0;0;0;360593;191;0;0;0
FR;0;2021-01-15;68992;33;0;0;0;429585;224;0;0;0
FR;0;2021-01-16;20208;69;0;0;0;449793;293;0;0;0
FR;0;2021-01-17;10977;47;0;0;0;460770;340;0;0;0
FR;0;2021-01-18;85880;164;0;0;0;546650;504;0;0;0
FR;0;2021-01-19;130573;174;0;0;0;677223;678;0;0;0
FR;0;2021-01-20;137526;171;0;0;0;814749;849;0;0;0
FR;0;2021-01-21;158376;169;0;0;0;973125;1018;0;0;0
FR;0;2021-01-22;121041;208;0;0;0;1094166;1226;0;0;0
FR;0;2021-01-23;38467;64;0;0;0;1132633;1290;0;0;0
FR;0;2021-01-24;9740;72;0;0;0;1142373;1362;0;0;0
FR;0;2021-01-25;78223;1268;0;0;0;1220596;2630;0;0;0
FR;0;2021-01-26;100364;3289;1;0;0;1320960;5919;1;0;0
FR;0;2021-01-27;107221;5928;0;0;0;1428181;11847;1;0;0
FR;0;2021-01-28;124330;15020;0;0;0;1552511;26867;1;0;0
FR;0;2021-01-29;92171;17729;0;0;0;1644682;44596;1;0;0
FR;0;2021-01-30;29112;4312;0;0;0;1673794;48908;1;0;0
FR;0;2021-01-31;5228;1739;0;0;0;1679022;50647;1;0;0
FR;0;2021-02-01;53107;21542;0;0;0;1732129;72189;1;0;0
FR;0;2021-02-02;72280;35762;0;0;0;1804409;107951;1;0;0
FR;0;2021-02-03;72291;38059;0;0;0;1876700;146010;1;0;0
FR;0;2021-02-04;82049;51491;0;0;0;1958749;197501;1;0;0
FR;0;2021-02-05;68216;46141;0;0;0;2026965;243642;1;0;0
FR;0;2021-02-06;23108;10770;0;0;0;2050073;254412;1;0;0
FR;0;2021-02-07;5182;5321;0;0;0;2055255;259733;1;0;0
FR;0;2021-02-08;46817;46873;0;0;0;2102072;306606;1;0;0
FR;0;2021-02-09;65992;74500;0;0;0;2168064;381106;1;0;0
FR;0;2021-02-10;70985;79369;0;0;0;2239049;460475;1;0;0
FR;0;2021-02-11;87240;101324;0;0;0;2326289;561799;1;0;0
FR;0;2021-02-12;79290;74975;0;0;0;2405579;636774;1;0;0
FR;0;2021-02-13;22353;19496;0;0;0;2427932;656270;1;0;0
FR;0;2021-02-14;5071;7200;0;0;0;2433003;663470;1;0;0
FR;0;2021-02-15;38069;76630;0;0;0;2471072;740100;1;0;0
FR;0;2021-02-16;50364;100601;0;0;0;2521436;840701;1;0;0
FR;0;2021-02-17;50501;104594;1;0;0;2571937;945295;2;0;0
FR;0;2021-02-18;69760;120486;0;0;0;2641697;1065781;2;0;0
FR;0;2021-02-19;65050;91086;1;0;0;2706747;1156867;3;0;0
FR;0;2021-02-20;18574;28587;0;0;0;2725321;1185454;3;0;0
FR;0;2021-02-21;3314;6275;0;0;0;2728635;1191729;3;0;0
FR;0;2021-02-22;37478;73187;2;0;0;2766113;1264916;5;0;0
FR;0;2021-02-23;53761;84432;1;0;0;2819874;1349348;6;0;0
FR;0;2021-02-24;59981;81778;1;0;0;2879855;1431126;7;0;0
FR;0;2021-02-25;100544;91432;1;0;0;2980399;1522558;8;0;0
FR;0;2021-02-26;113432;70720;1;0;0;3093831;1593278;9;0;0
FR;0;2021-02-27;52091;22142;0;0;0;3145922;1615420;9;0;0
FR;0;2021-02-28;6192;4274;1;0;0;3152114;1619694;10;0;0
FR;0;2021-03-01;65835;53278;1;0;0;3217949;1672972;11;0;0
FR;0;2021-03-02;101348;66613;2;0;0;3319297;1739585;13;0;0
FR;0;2021-03-03;116466;65519;0;0;0;3435763;1805104;13;0;0
FR;0;2021-03-04;163585;70287;3;0;0;3599348;1875391;16;0;0
FR;0;2021-03-05;200885;63077;3;0;0;3800233;1938468;19;0;0
FR;0;2021-03-06;207927;17700;3;0;0;4008160;1956168;22;0;0
FR;0;2021-03-07;121250;4970;1;0;0;4129410;1961138;23;0;0
FR;0;2021-03-08;107114;50346;2;0;0;4236524;2011484;25;0;0
FR;0;2021-03-09;172412;56516;2;0;0;4408936;2068000;27;0;0
FR;0;2021-03-10;178938;57102;5;0;0;4587874;2125102;32;0;0
FR;0;2021-03-11;242833;63491;2;0;0;4830707;2188593;34;0;0
FR;0;2021-03-12;294777;53351;1;0;0;5125484;2241944;35;0;0
FR;0;2021-03-13;231373;15324;1;0;0;5356857;2257268;36;0;0
FR;0;2021-03-14;63337;3278;1;0;0;5420194;2260546;37;0;0
FR;0;2021-03-15;158601;32152;3;0;0;5578795;2292698;40;0;0
FR;0;2021-03-16;141539;39125;6;0;0;5720334;2331823;46;0;0
FR;0;2021-03-17;150447;38181;4;0;0;5870781;2370004;50;0;0
FR;0;2021-03-18;167786;44549;5;0;0;6038567;2414553;55;0;0
FR;0;2021-03-19;229964;37143;2;0;0;6268531;2451696;57;0;0
FR;0;2021-03-20;166643;11574;1;0;0;6435174;2463270;58;0;0
FR;0;2021-03-21;49919;2494;1;0;0;6485093;2465764;59;0;0
FR;0;2021-03-22;169997;33972;2;0;0;6655090;2499736;61;0;0
FR;0;2021-03-23;250329;42347;1;0;0;6905419;2542083;62;0;0
FR;0;2021-03-24;256855;43677;0;0;0;7162274;2585760;62;0;0
FR;0;2021-03-25;341755;44872;5;0;0;7504029;2630632;67;0;0
FR;0;2021-03-26;358750;41906;4;1;0;7862779;2672538;71;1;0
FR;0;2021-03-27;195240;16729;1;0;0;8058019;2689267;72;1;0
FR;0;2021-03-28;59323;4012;3;0;0;8117342;2693279;75;1;0
FR;0;2021-03-29;202934;54007;4;0;0;8320276;2747286;79;1;0
FR;0;2021-03-30;285419;69650;4;0;0;8605695;2816936;83;1;0
FR;0;2021-03-31;262966;73264;4;0;0;8868661;2890200;87;1;0
FR;0;2021-04-01;315392;89295;12;0;0;9184053;2979495;99;1;0
FR;0;2021-04-02;281284;92770;7;0;0;9465337;3072265;106;1;0
FR;0;2021-04-03;141050;61948;5;0;0;9606387;3134213;111;1;0
FR;0;2021-04-04;46461;18733;2;0;0;9652848;3152946;113;1;0
FR;0;2021-04-05;63307;10796;11;0;0;9716155;3163742;124;1;0
FR;0;2021-04-06;217147;109333;17;0;0;9933302;3273075;141;1;0
FR;0;2021-04-07;260193;115430;17;0;0;10193495;3388505;158;1;0
FR;0;2021-04-08;337740;121733;14;0;0;10531235;3510238;172;1;0
FR;0;2021-04-09;410084;116342;49;0;0;10941319;3626580;221;1;0
FR;0;2021-04-10;212583;82626;15;0;0;11153902;3709206;236;1;0
FR;0;2021-04-11;56123;34433;7;0;0;11210025;3743639;243;1;0
FR;0;2021-04-12;237004;115224;45;0;0;11447029;3858863;288;1;0
FR;0;2021-04-13;309419;144498;98;1;0;11756448;4003361;386;2;0
FR;0;2021-04-14;294442;139309;213;0;0;12050890;4142670;599;2;0
FR;0;2021-04-15;337011;148431;338;0;0;12387901;4291101;937;2;0
FR;0;2021-04-16;339227;145908;352;0;0;12727128;4437009;1289;2;0
FR;0;2021-04-17;188626;90030;109;0;0;12915754;4527039;1398;2;0
FR;0;2021-04-18;51603;35360;47;0;0;12967357;4562399;1445;2;0
FR;0;2021-04-19;205641;138225;454;0;0;13172998;4700624;1899;2;0
FR;0;2021-04-20;254348;170866;568;0;0;13427346;4871490;2467;2;0
FR;0;2021-04-21;253179;169091;834;0;0;13680525;5040581;3301;2;0
FR;0;2021-04-22;287492;188757;818;0;0;13968017;5229338;4119;2;0
FR;0;2021-04-23;297923;183424;747;0;0;14265940;5412762;4866;2;0
FR;0;2021-04-24;190412;111563;252;0;0;14456352;5524325;5118;2;0
FR;0;2021-04-25;69541;38776;51;0;0;14525893;5563101;5169;2;0
FR;0;2021-04-26;220894;156265;560;0;0;14746787;5719366;5729;2;0
FR;0;2021-04-27;284549;187359;940;0;0;15031336;5906725;6669;2;0
FR;0;2021-04-28;299446;183233;1422;1;1;15330782;6089958;8091;3;1
FR;0;2021-04-29;357058;196523;1276;0;0;15687840;6286481;9367;3;1
FR;0;2021-04-30;372140;184825;1119;1;0;16059980;6471306;10486;4;1
FR;0;2021-05-01;167602;52475;178;0;0;16227582;6523781;10664;4;1
FR;0;2021-05-02;91708;37751;83;0;0;16319290;6561532;10747;4;1
FR;0;2021-05-03;288857;168362;840;0;0;16608147;6729894;11587;4;1
FR;0;2021-05-04;315594;224342;1230;0;0;16923741;6954236;12817;4;1
FR;0;2021-05-05;327104;224786;1313;0;0;17250845;7179022;14130;4;1
FR;0;2021-05-06;379423;239391;1629;0;0;17630268;7418413;15759;4;1
FR;0;2021-05-07;372682;257314;1222;0;0;18002950;7675727;16981;4;1
FR;0;2021-05-08;222136;67447;298;0;0;18225086;7743174;17279;4;1
FR;0;2021-05-09;129683;46358;243;0;0;18354769;7789532;17522;4;1
FR;0;2021-05-10;313298;228734;1233;0;0;18668067;8018266;18755;4;1
FR;0;2021-05-11;403818;257828;1563;0;0;19071885;8276094;20318;4;1
FR;0;2021-05-12;434032;233084;1542;0;0;19505917;8509178;21860;4;1
FR;0;2021-05-13;338552;56921;430;0;0;19844469;8566099;22290;4;1
FR;0;2021-05-14;454052;167248;1122;0;0;20298521;8733347;23412;4;1
FR;0;2021-05-15;374922;94039;442;0;0;20673443;8827386;23854;4;1
FR;0;2021-05-16;202724;20773;168;0;0;20876167;8848159;24022;4;1
FR;0;2021-05-17;376066;148818;1550;0;0;21252233;8996977;25572;4;1
FR;0;2021-05-18;460062;153116;1986;0;0;21712295;9150093;27558;4;1
FR;0;2021-05-19;467324;144670;2455;0;0;22179619;9294763;30013;4;1
FR;0;2021-05-20;507460;160179;2332;0;0;22687079;9454942;32345;4;1
FR;0;2021-05-21;489599;174411;1988;0;0;23176678;9629353;34333;4;1
FR;0;2021-05-22;347142;79866;668;0;0;23523820;9709219;35001;4;1
FR;0;2021-05-23;161663;14386;246;0;0;23685483;9723605;35247;4;1
FR;0;2021-05-24;263147;33167;600;0;0;23948630;9756772;35847;4;1
FR;0;2021-05-25;400199;189149;2349;1;0;24348829;9945921;38196;5;1
FR;0;2021-05-26;413393;188461;2218;0;0;24762222;10134382;40414;5;1
FR;0;2021-05-27;449740;218591;2159;0;0;25211962;10352973;42573;5;1
FR;0;2021-05-28;429484;259451;1891;0;0;25641446;10612424;44464;5;1
FR;0;2021-05-29;298945;149380;583;0;0;25940391;10761804;45047;5;1
FR;0;2021-05-30;107120;32572;163;0;0;26047511;10794376;45210;5;1
FR;0;2021-05-31;357971;203344;1466;1;1;26405482;10997720;46676;6;2
FR;0;2021-06-01;430881;251188;1959;1;1;26836363;11248908;48635;7;3
FR;0;2021-06-02;419451;230804;1978;0;0;27255814;11479712;50613;7;3
FR;0;2021-06-03;464740;258379;1819;0;0;27720554;11738091;52432;7;3
FR;0;2021-06-04;455711;304696;1729;1;1;28176265;12042787;54161;8;4
FR;0;2021-06-05;304751;188953;651;0;0;28481016;12231740;54812;8;4
FR;0;2021-06-06;133241;49130;226;0;0;28614257;12280870;55038;8;4
FR;0;2021-06-07;339076;261907;1519;0;0;28953333;12542777;56557;8;4
FR;0;2021-06-08;393569;290931;1798;0;0;29346902;12833708;58355;8;4
FR;0;2021-06-09;384675;275425;1727;0;0;29731577;13109133;60082;8;4
FR;0;2021-06-10;403972;288849;1720;1;0;30135549;13397982;61802;9;4
FR;0;2021-06-11;386467;357207;1461;0;0;30522016;13755189;63263;9;4
FR;0;2021-06-12;283206;211274;490;0;0;30805222;13966463;63753;9;4
FR;0;2021-06-13;104833;73989;204;0;0;30910055;14040452;63957;9;4
FR;0;2021-06-14;240652;355501;1425;1;0;31150707;14395953;65382;10;4
FR;0;2021-06-15;307994;385549;1565;1;0;31458701;14781502;66947;11;4
FR;0;2021-06-16;313846;357745;1415;1;0;31772547;15139247;68362;12;4
FR;0;2021-06-17;317562;372441;1422;1;0;32090109;15511688;69784;13;4
FR;0;2021-06-18;321556;442445;1332;1;0;32411665;15954133;71116;14;4
FR;0;2021-06-19;224306;273787;448;0;0;32635971;16227920;71564;14;4
FR;0;2021-06-20;74371;102592;127;0;0;32710342;16330512;71691;14;4
FR;0;2021-06-21;195571;401910;1032;1;1;32905913;16732422;72723;15;5
FR;0;2021-06-22;223010;467388;1261;10;2;33128923;17199810;73984;25;7
FR;0;2021-06-23;233869;439889;1196;1;1;33362792;17639699;75180;26;8
FR;0;2021-06-24;241734;409566;1348;0;0;33604526;18049265;76528;26;8
FR;0;2021-06-25;227470;522243;1398;0;0;33831996;18571508;77926;26;8
FR;0;2021-06-26;153192;370718;585;1;0;33985188;18942226;78511;27;8
FR;0;2021-06-27;55863;156215;168;1;0;34041051;19098441;78679;28;8
FR;0;2021-06-28;154618;452906;1168;0;0;34195669;19551347;79847;28;8
FR;0;2021-06-29;182547;506808;2124;0;0;34378216;20058155;81971;28;8
FR;0;2021-06-30;203842;482679;2010;21;2;34582058;20540834;83981;49;10
FR;0;2021-07-01;231113;457805;2221;5;1;34813171;20998639;86202;54;11
FR;0;2021-07-02;228333;520208;2119;5;3;35041504;21518847;88321;59;14
FR;0;2021-07-03;141939;368734;909;3;1;35183443;21887581;89230;62;15
FR;0;2021-07-04;56694;141256;265;0;0;35240137;22028837;89495;62;15
FR;0;2021-07-05;168234;419308;1668;8;2;35408371;22448145;91163;70;17
FR;0;2021-07-06;196568;474794;1828;45;8;35604939;22922939;92991;115;25
FR;0;2021-07-07;212964;439309;1876;24;5;35817903;23362248;94867;139;30
FR;0;2021-07-08;231448;424175;2088;20;7;36049351;23786423;96955;159;37
FR;0;2021-07-09;228350;510768;2182;4;2;36277701;24297191;99137;163;39
FR;0;2021-07-10;148537;339888;982;1;1;36426238;24637079;100119;164;40
FR;0;2021-07-11;60143;110144;282;0;0;36486381;24747223;100401;164;40
FR;0;2021-07-12;168960;478199;1757;4;0;36655341;25225422;102158;168;40
FR;0;2021-07-13;287073;527460;2045;8;2;36942414;25752882;104203;176;42
FR;0;2021-07-14;180899;157727;434;0;0;37123313;25910609;104637;176;42
FR;0;2021-07-15;346880;502487;2097;1;0;37470193;26413096;106734;177;42
FR;0;2021-07-16;379910;495957;2021;3;1;37850103;26909053;108755;180;43
FR;0;2021-07-17;259657;319813;876;1;0;38109760;27228866;109631;181;43
FR;0;2021-07-18;109668;114792;310;0;0;38219428;27343658;109941;181;43
FR;0;2021-07-19;285318;425031;1627;3;0;38504746;27768689;111568;184;43
FR;0;2021-07-20;376733;452439;1722;0;0;38881479;28221128;113290;184;43
FR;0;2021-07-21;395631;407890;1549;4;2;39277110;28629018;114839;188;45
FR;0;2021-07-22;440886;388116;1714;4;2;39717996;29017134;116553;192;47
FR;0;2021-07-23;439984;423175;1880;4;2;40157980;29440309;118433;196;49
FR;0;2021-07-24;285184;269616;803;1;0;40443164;29709925;119236;197;49
FR;0;2021-07-25;121054;80058;226;0;0;40564218;29789983;119462;197;49
FR;0;2021-07-26;347272;323202;1615;3;2;40911490;30113185;121077;200;51
FR;0;2021-07-27;463894;320293;1696;4;2;41375384;30433478;122773;204;53
FR;0;2021-07-28;459311;290023;1634;4;2;41834695;30723501;124407;208;55
FR;0;2021-07-29;489687;276933;1794;2;1;42324382;31000434;126201;210;56
FR;0;2021-07-30;461640;302878;1936;5;2;42786022;31303312;128137;215;58
FR;0;2021-07-31;285345;185076;914;1;0;43071367;31488388;129051;216;58
FR;0;2021-08-01;111943;49998;253;0;0;43183310;31538386;129304;216;58
FR;0;2021-08-02;341229;234594;1598;2;0;43524539;31772980;130902;218;58
FR;0;2021-08-03;398424;245106;1718;2;1;43922963;32018086;132620;220;59
FR;0;2021-08-04;384650;210116;1590;6;3;44307613;32228202;134210;226;62
FR;0;2021-08-05;365985;228913;1709;0;0;44673598;32457115;135919;226;62
FR;0;2021-08-06;359570;271707;1833;4;1;45033168;32728822;137752;230;63
FR;0;2021-08-07;213036;178377;755;4;3;45246204;32907199;138507;234;66
FR;0;2021-08-08;74133;63239;270;0;0;45320337;32970438;138777;234;66
FR;0;2021-08-09;258580;259524;1540;4;3;45578917;33229962;140317;238;69
FR;0;2021-08-10;306614;278024;1655;2;1;45885531;33507986;141972;240;70
FR;0;2021-08-11;279542;260296;1441;5;1;46165073;33768282;143413;245;71
FR;0;2021-08-12;271393;278630;1659;3;1;46436466;34046912;145072;248;72
FR;0;2021-08-13;252038;277919;1590;3;2;46688504;34324831;146662;251;74
FR;0;2021-08-14;145279;197343;739;0;0;46833783;34522174;147401;251;74
FR;0;2021-08-15;39308;50111;215;1;0;46873091;34572285;147616;252;74
FR;0;2021-08-16;186047;318132;1539;0;0;47059138;34890417;149155;252;74
FR;0;2021-08-17;215562;336556;1634;7;1;47274700;35226973;150789;259;75
FR;0;2021-08-18;198935;324761;1594;7;4;47473635;35551734;152383;266;79
FR;0;2021-08-19;191896;325747;1634;1;0;47665531;35877481;154017;267;79
FR;0;2021-08-20;186362;366337;1810;3;2;47851893;36243818;155827;270;81
FR;0;2021-08-21;104756;238165;704;0;0;47956649;36481983;156531;270;81
FR;0;2021-08-22;31889;87196;253;1;1;47988538;36569179;156784;271;82
FR;0;2021-08-23;140892;357279;1559;3;1;48129430;36926458;158343;274;83
FR;0;2021-08-24;162404;376903;1847;5;1;48291834;37303361;160190;279;84
FR;0;2021-08-25;151062;350887;2028;8;3;48442896;37654248;162218;287;87
FR;0;2021-08-26;142753;342900;2555;10;1;48585649;37997148;164773;297;88
FR;0;2021-08-27;148367;388220;2789;11;3;48734016;38385368;167562;308;91
FR;0;2021-08-28;90609;249582;1405;0;0;48824625;38634950;168967;308;91
FR;0;2021-08-29;27304;83322;516;1;0;48851929;38718272;169483;309;91
FR;0;2021-08-30;117324;324888;4706;6;6024;48969253;39043160;174189;315;6115
FR;0;2021-08-31;128716;334669;10178;19;11874;49097969;39377829;184367;334;17989
FR;0;2021-09-01;135784;285693;22417;7;24308;49233753;39663522;206784;341;42297
FR;0;2021-09-02;112621;247293;26512;13;28877;49346374;39910815;233296;354;71174
FR;0;2021-09-03;118201;292710;29954;23;32959;49464575;40203525;263250;377;104133
FR;0;2021-09-04;89813;217740;12583;12;14076;49554388;40421265;275833;389;118209
FR;0;2021-09-05;21339;44866;4391;2;4733;49575727;40466131;280224;391;122942
FR;0;2021-09-06;75331;180810;31945;16;34241;49651058;40646941;312169;407;157183
FR;0;2021-09-07;80116;181276;33235;40;36107;49731174;40828217;345404;447;193290
FR;0;2021-09-08;89860;206209;29653;27;32456;49821034;41034426;375057;474;225746
FR;0;2021-09-09;76687;165421;33042;26;36527;49897721;41199847;408099;500;262273
FR;0;2021-09-10;95625;203700;35718;26;40520;49993346;41403547;443817;526;302793
FR;0;2021-09-11;66783;169222;12134;19;14312;50060129;41572769;455951;545;317105
FR;0;2021-09-12;12795;32082;2767;1;3161;50072924;41604851;458718;546;320266
FR;0;2021-09-13;64376;126386;41206;32;44053;50137300;41731237;499924;578;364319
FR;0;2021-09-14;73327;129134;56347;78;62049;50210627;41860371;556271;656;426368
FR;0;2021-09-15;76419;167875;55630;58;54775;50287046;42028246;611901;714;481143
FR;0;2021-09-16;63761;114560;60031;85;60025;50350807;42142806;671932;799;541168
FR;0;2021-09-17;74976;156848;53828;71;57237;50425783;42299654;725760;870;598405
FR;0;2021-09-18;48192;139590;15596;25;17284;50473975;42439244;741356;895;615689
FR;0;2021-09-19;7865;23718;2434;1;2619;50481840;42462962;743790;896;618308
FR;0;2021-09-20;44448;93930;50026;73;50254;50526288;42556892;793816;969;668562
FR;0;2021-09-21;45810;98440;62730;76;63369;50572098;42655332;856546;1045;731931
FR;0;2021-09-22;48588;142319;55332;83;55352;50620686;42797651;911878;1128;787283
FR;0;2021-09-23;43166;92011;62352;94;63477;50663852;42889662;974230;1222;850760
FR;0;2021-09-24;52223;133302;54529;109;59091;50716075;43022964;1028759;1331;909851
FR;0;2021-09-25;35195;115518;16264;37;18254;50751270;43138482;1045023;1368;928105
FR;0;2021-09-26;5524;17815;2265;5;2327;50756794;43156297;1047288;1373;930432
FR;0;2021-09-27;33922;76985;47175;97;48128;50790716;43233282;1094463;1470;978560
FR;0;2021-09-28;36446;75259;54931;88;56468;50827162;43308541;1149394;1558;1035028
FR;0;2021-09-29;44315;100840;53322;112;54812;50871477;43409381;1202716;1670;1089840
FR;0;2021-09-30;36272;72824;57003;95;59483;50907749;43482205;1259719;1765;1149323
FR;0;2021-10-01;61527;100866;57778;108;63688;50969276;43583071;1317497;1873;1213011
FR;0;2021-10-02;39416;78341;20952;38;23317;51008692;43661412;1338449;1911;1236328
FR;0;2021-10-03;5262;10536;2524;4;2540;51013954;43671948;1340973;1915;1238868
FR;0;2021-10-04;34971;58536;52609;84;54779;51048925;43730484;1393582;1999;1293647
FR;0;2021-10-05;33590;64339;60962;135;64923;51082515;43794823;1454544;2134;1358570
FR;0;2021-10-06;42462;79262;65688;113;68224;51124977;43874085;1520232;2247;1426794
FR;0;2021-10-07;30414;62158;65378;90;68664;51155391;43936243;1585610;2337;1495458
FR;0;2021-10-08;48751;91825;77718;110;84623;51204142;44028068;1663328;2447;1580081
FR;0;2021-10-09;33622;60873;31522;36;33857;51237764;44088941;1694850;2483;1613938
FR;0;2021-10-10;4630;7440;3186;9;3484;51242394;44096381;1698036;2492;1617422
FR;0;2021-10-11;30565;49897;61019;105;64021;51272959;44146278;1759055;2597;1681443
FR;0;2021-10-12;31384;54446;70564;139;75830;51304343;44200724;1829619;2736;1757273
FR;0;2021-10-13;39992;62775;74397;135;79248;51344335;44263499;1904016;2871;1836521
FR;0;2021-10-14;30236;52885;68722;116;73759;51374571;44316384;1972738;2987;1910280
FR;0;2021-10-15;44745;75269;93215;191;102899;51419316;44391653;2065953;3178;2013179
FR;0;2021-10-16;31271;44086;36681;44;39609;51450587;44435739;2102634;3222;2052788
FR;0;2021-10-17;3827;5277;3591;2;3691;51454414;44441016;2106225;3224;2056479
FR;0;2021-10-18;28378;42471;67468;133;71331;51482792;44483487;2173693;3357;2127810
FR;0;2021-10-19;27057;44623;76379;141;81604;51509849;44528110;2250072;3498;2209414
FR;0;2021-10-20;35207;52439;96907;180;101468;51545056;44580549;2346979;3678;2310882
FR;0;2021-10-21;25968;45210;83916;112;89107;51571024;44625759;2430895;3790;2399989
FR;0;2021-10-22;38211;62367;104865;200;112487;51609235;44688126;2535760;3990;2512476
FR;0;2021-10-23;26972;41230;45436;57;48601;51636207;44729356;2581196;4047;2561077
FR;0;2021-10-24;2912;4801;3679;6;3935;51639119;44734157;2584875;4053;2565012
FR;0;2021-10-25;25982;36350;82305;144;86600;51665101;44770507;2667180;4197;2651612
FR;0;2021-10-26;23685;35087;87206;166;92311;51688786;44805594;2754386;4363;2743923
FR;0;2021-10-27;30008;46424;108965;257;114620;51718794;44852018;2863351;4620;2858543
FR;0;2021-10-28;23401;34891;88658;153;94388;51742195;44886909;2952009;4773;2952931
FR;0;2021-10-29;31514;51395;117283;204;125252;51773709;44938304;3069292;4977;3078183
FR;0;2021-10-30;20532;33131;50324;77;53352;51794241;44971435;3119616;5054;3131535
FR;0;2021-10-31;2480;3758;3584;3;3868;51796721;44975193;3123200;5057;3135403
FR;0;2021-11-01;8212;4806;3202;3;3556;51804933;44979999;3126402;5060;3138959
FR;0;2021-11-02;25302;40090;93533;157;99473;51830235;45020089;3219935;5217;3238432
FR;0;2021-11-03;29767;47919;118844;218;125790;51860002;45068008;3338779;5435;3364222
FR;0;2021-11-04;23666;37500;107499;217;114326;51883668;45105508;3446278;5652;3478548
FR;0;2021-11-05;32273;52908;141590;233;151257;51915941;45158416;3587868;5885;3629805
FR;0;2021-11-06;21487;34562;64844;123;68228;51937428;45192978;3652712;6008;3698033
FR;0;2021-11-07;2379;4236;5179;6;5589;51939807;45197214;3657891;6014;3703622
FR;0;2021-11-08;20423;37825;127122;227;134169;51960230;45235039;3785013;6241;3837791
FR;0;2021-11-09;22149;44816;161620;341;172113;51982379;45279855;3946633;6582;4009904
FR;0;2021-11-10;31392;55104;186933;446;198683;52013771;45334959;4133566;7028;4208587
FR;0;2021-11-11;4323;6742;12929;28;13930;52018094;45341701;4146495;7056;4222517
FR;0;2021-11-12;28993;55148;183712;252;197260;52047087;45396849;4330207;7308;4419777
FR;0;2021-11-13;20305;32716;80676;118;86287;52067392;45429565;4410883;7426;4506064
FR;0;2021-11-14;2333;3946;7164;6;7878;52069725;45433511;4418047;7432;4513942
FR;0;2021-11-15;20314;38786;160784;312;171452;52090039;45472297;4578831;7744;4685394
FR;0;2021-11-16;23368;44049;200313;391;214879;52113407;45516346;4779144;8135;4900273
FR;0;2021-11-17;30359;50473;199776;407;212782;52143766;45566819;4978920;8542;5113055
FR;0;2021-11-18;23355;45048;191576;468;205397;52167121;45611867;5170496;9010;5318452
FR;0;2021-11-19;33558;61412;243123;548;262063;52200679;45673279;5413619;9558;5580515
FR;0;2021-11-20;25339;36781;102118;206;109668;52226018;45710060;5515737;9764;5690183
FR;0;2021-11-21;2623;4565;9641;18;10643;52228641;45714625;5525378;9782;5700826
FR;0;2021-11-22;22740;33367;180283;470;194758;52251381;45747992;5705661;10252;5895584
FR;0;2021-11-23;25564;45733;229301;547;247726;52276945;45793725;5934962;10799;6143310
FR;0;2021-11-24;31767;53814;224738;717;243135;52308712;45847539;6159700;11516;6386445
FR;0;2021-11-25;25392;49144;255826;739;277574;52334104;45896683;6415526;12255;6664019
FR;0;2021-11-26;33211;74730;379378;864;414507;52367315;45971413;6794904;13119;7078526
FR;0;2021-11-27;23322;49698;214840;389;236565;52390637;46021111;7009744;13508;7315091
FR;0;2021-11-28;3479;10589;56727;66;63334;52394116;46031700;7066471;13574;7378425
FR;0;2021-11-29;19386;54268;341377;863;371559;52413502;46085968;7407848;14437;7749984
FR;0;2021-11-30;24730;72154;457285;987;500631;52438232;46158122;7865133;15424;8250615
FR;0;2021-12-01;26920;75999;468977;1159;511193;52465152;46234121;8334110;16583;8761808
FR;0;2021-12-02;21988;71799;526980;1279;574697;52487140;46305920;8861090;17862;9336505
FR;0;2021-12-03;25479;92531;596238;1419;650974;52512619;46398451;9457328;19281;9987479
FR;0;2021-12-04;18292;60542;336159;690;369693;52530911;46458993;9793487;19971;10357172
FR;0;2021-12-05;4142;16262;95753;157;107050;52535053;46475255;9889240;20128;10464222
FR;0;2021-12-06;23452;73226;493019;1174;539818;52558505;46548481;10382259;21302;11004040
FR;0;2021-12-07;23321;91793;645245;1769;706159;52581826;46640274;11027504;23071;11710199
FR;0;2021-12-08;25350;92471;591434;1873;647350;52607176;46732745;11618938;24944;12357549
FR;0;2021-12-09;24000;94363;662933;2179;726182;52631176;46827108;12281871;27123;13083731
FR;0;2021-12-10;27744;111132;735919;2076;805973;52658920;46938240;13017790;29199;13889704
FR;0;2021-12-11;20226;76057;435117;986;480322;52679146;47014297;13452907;30185;14370026
FR;0;2021-12-12;5625;23290;142267;262;159228;52684771;47037587;13595174;30447;14529254
FR;0;2021-12-13;21087;91328;587511;1697;649193;52705858;47128915;14182685;32144;15178447
FR;0;2021-12-14;27607;118710;765362;2651;847368;52733465;47247625;14948047;34795;16025815
FR;0;2021-12-15;28240;114582;694169;2262;768905;52761705;47362207;15642216;37057;16794720
FR;0;2021-12-16;27947;116106;763859;2555;844262;52789652;47478313;16406075;39612;17638982
FR;0;2021-12-17;31559;128817;807719;2708;891984;52821211;47607130;17213794;42320;18530966
FR;0;2021-12-18;24915;81769;469904;1178;522155;52846126;47688899;17683698;43498;19053121
FR;0;2021-12-19;8741;28840;169350;377;191136;52854867;47717739;17853048;43875;19244257
FR;0;2021-12-20;31609;97579;591324;1787;658608;52886476;47815318;18444372;45662;19902865
FR;0;2021-12-21;39220;112416;682289;2391;759459;52925696;47927734;19126661;48053;20662324
FR;0;2021-12-22;39471;99684;575645;2167;642033;52965167;48027418;19702306;50220;21304357
FR;0;2021-12-23;33747;79769;440889;1654;494316;52998914;48107187;20143195;51874;21798673
FR;0;2021-12-24;10665;26079;110976;396;126646;53009579;48133266;20254171;52270;21925319
FR;0;2021-12-25;769;3499;7573;25;9030;53010348;48136765;20261744;52295;21934349
FR;0;2021-12-26;4697;11915;52075;141;60133;53015045;48148680;20313819;52436;21994482
FR;0;2021-12-27;30416;84121;453444;1366;509091;53045461;48232801;20767263;53802;22503573
FR;0;2021-12-28;38318;99121;564068;1767;632176;53083779;48331922;21331331;55569;23135749
FR;0;2021-12-29;39846;88477;501114;1686;560924;53123625;48420399;21832445;57255;23696673
FR;0;2021-12-30;35892;75140;420959;1519;471098;53159517;48495539;22253404;58774;24167771
FR;0;2021-12-31;12038;25222;116837;406;131619;53171555;48520761;22370241;59180;24299390
FR;0;2022-01-01;1378;3206;8499;36;9929;53172933;48523967;22378740;59216;24309319
FR;0;2022-01-02;6076;13012;58393;125;66937;53179009;48536979;22437133;59341;24376256
FR;0;2022-01-03;32947;89953;494685;1593;551493;53211956;48626932;22931818;60934;24927749
FR;0;2022-01-04;40992;110923;641269;2302;714223;53252948;48737855;23573087;63236;25641972
FR;0;2022-01-05;60415;103404;569047;1984;634069;53313363;48841259;24142134;65220;26276041
FR;0;2022-01-06;44005;110173;638880;2695;711313;53357368;48951432;24781014;67915;26987354
FR;0;2022-01-07;50617;123121;710905;2806;790345;53407985;49074553;25491919;70721;27777699
FR;0;2022-01-08;44958;80335;423775;1210;472846;53452943;49154888;25915694;71931;28250545
FR;0;2022-01-09;15595;26707;128547;300;145696;53468538;49181595;26044241;72231;28396241
FR;0;2022-01-10;35057;88966;469195;1810;522212;53503595;49270561;26513436;74041;28918453
FR;0;2022-01-11;41657;100286;548131;2307;608394;53545252;49370847;27061567;76348;29526847
FR;0;2022-01-12;60181;95581;452557;1965;504228;53605433;49466428;27514124;78313;30031075
FR;0;2022-01-13;37937;92388;487242;2084;540958;53643370;49558816;28001366;80397;30572033
FR;0;2022-01-14;42407;103285;568484;2286;628954;53685777;49662101;28569850;82683;31200987
FR;0;2022-01-15;39306;65871;340085;985;377543;53725083;49727972;28909935;83668;31578530
FR;0;2022-01-16;11382;19308;87381;215;99447;53736465;49747280;28997316;83883;31677977
FR;0;2022-01-17;24621;60107;320206;1380;354122;53761086;49807387;29317522;85263;32032099
FR;0;2022-01-18;28106;68605;360998;1799;397508;53789192;49875992;29678520;87062;32429607
FR;0;2022-01-19;43056;67104;281211;1448;311058;53832248;49943096;29959731;88510;32740665
FR;0;2022-01-20;23424;59492;298897;1740;328419;53855672;50002588;30258628;90250;33069084
FR;0;2022-01-21;28024;68776;366278;2086;401122;53883696;50071364;30624906;92336;33470206
FR;0;2022-01-22;27607;47924;218759;838;241742;53911303;50119288;30843665;93174;33711948
FR;0;2022-01-23;6704;13034;48648;171;55178;53918007;50132322;30892313;93345;33767126
FR;0;2022-01-24;16204;47263;217242;1136;239314;53934211;50179585;31109555;94481;34006440
FR;0;2022-01-25;18911;54267;242975;1547;267036;53953122;50233852;31352530;96028;34273476
FR;0;2022-01-26;28112;60190;209214;1296;229352;53981234;50294042;31561744;97324;34502828
FR;0;2022-01-27;16277;46024;207579;1272;225822;53997511;50340066;31769323;98596;34728650
FR;0;2022-01-28;21499;75806;289982;1574;321444;54019010;50415872;32059305;100170;35050094
FR;0;2022-01-29;18402;52845;184085;686;204572;54037412;50468717;32243390;100856;35254666
FR;0;2022-01-30;4463;14544;39123;124;45088;54041875;50483261;32282513;100980;35299754
FR;0;2022-01-31;11222;43843;148147;738;164784;54053097;50527104;32430660;101718;35464538
FR;0;2022-02-01;12824;48160;174062;1141;191367;54065921;50575264;32604722;102859;35655905
FR;0;2022-02-02;20100;65941;171463;1033;190123;54086021;50641205;32776185;103892;35846028
FR;0;2022-02-03;10991;44176;157484;984;173298;54097012;50685381;32933669;104876;36019326
FR;0;2022-02-04;14503;66454;239174;1262;264166;54111515;50751835;33172843;106138;36283492
FR;0;2022-02-05;12786;51444;153514;522;172338;54124301;50803279;33326357;106660;36455830
FR;0;2022-02-06;2705;12236;28871;101;33827;54127006;50815515;33355228;106761;36489657
FR;0;2022-02-07;9388;46660;156819;586;176315;54136394;50862175;33512047;107347;36665972
FR;0;2022-02-08;9605;42693;166559;868;184325;54145999;50904868;33678606;108215;36850297
FR;0;2022-02-09;14173;57888;172290;869;192965;54160172;50962756;33850896;109084;37043262
FR;0;2022-02-10;8272;38414;150152;878;166592;54168444;51001170;34001048;109962;37209854
FR;0;2022-02-11;10762;55479;218441;1097;243011;54179206;51056649;34219489;111059;37452865
FR;0;2022-02-12;8350;40880;134691;461;151707;54187556;51097529;34354180;111520;37604572
FR;0;2022-02-13;1895;8578;26549;85;30905;54189451;51106107;34380729;111605;37635477
FR;0;2022-02-14;6911;35106;148315;477;166309;54196362;51141213;34529044;112082;37801786
FR;0;2022-02-15;6858;35468;146904;750;162445;54203220;51176681;34675948;112832;37964231
FR;0;2022-02-16;9294;42644;132476;719;146661;54212514;51219325;34808424;113551;38110892
FR;0;2022-02-17;5375;23802;87252;584;94779;54217889;51243127;34895676;114135;38205671
FR;0;2022-02-18;6888;33270;119601;802;129257;54224777;51276397;35015277;114937;38334928
FR;0;2022-02-19;5350;24445;70003;370;77303;54230127;51300842;35085280;115307;38412231
FR;0;2022-02-20;1139;4618;12152;38;13926;54231266;51305460;35097432;115345;38426157
FR;0;2022-02-21;4025;17766;61913;351;67139;54235291;51323226;35159345;115696;38493296
FR;0;2022-02-22;4374;18483;60782;575;64411;54239665;51341709;35220127;116271;38557707
FR;0;2022-02-23;6516;27149;66462;591;71861;54246181;51368858;35286589;116862;38629568
FR;0;2022-02-24;3745;15169;50373;518;53185;54249926;51384027;35336962;117380;38682753
FR;0;2022-02-25;5206;23562;76280;803;80004;54255132;51407589;35413242;118183;38762757
FR;0;2022-02-26;3970;17646;47394;357;51459;54259102;51425235;35460636;118540;38814216
FR;0;2022-02-27;870;2987;8022;47;8933;54259972;51428222;35468658;118587;38823149
FR;0;2022-02-28;3069;12266;40450;354;42882;54263041;51440488;35509108;118941;38866031
FR;0;2022-03-01;3145;12239;44132;433;44767;54266186;51452727;35553240;119374;38910798
FR;0;2022-03-02;5087;17483;47085;438;48996;54271273;51470210;35600325;119812;38959794
FR;0;2022-03-03;2660;8936;29829;362;29923;54273933;51479146;35630154;120174;38989717
FR;0;2022-03-04;3183;12193;40259;649;39389;54277116;51491339;35670413;120823;39029106
FR;0;2022-03-05;2939;9210;24927;310;25079;54280055;51500549;35695340;121133;39054185
FR;0;2022-03-06;510;1381;3193;42;3431;54280565;51501930;35698533;121175;39057616
FR;0;2022-03-07;1966;5476;18394;314;17655;54282531;51507406;35716927;121489;39075271
FR;0;2022-03-08;1971;5888;19403;359;17864;54284502;51513294;35736330;121848;39093135
FR;0;2022-03-09;3455;10277;22145;404;21226;54287957;51523571;35758475;122252;39114361
FR;0;2022-03-10;1714;5242;16895;341;15694;54289671;51528813;35775370;122593;39130055
FR;0;2022-03-11;2343;7301;24466;538;22225;54292014;51536114;35799836;123131;39152280
FR;0;2022-03-12;2656;6718;17148;304;16499;54294670;51542832;35816984;123435;39168779
FR;0;2022-03-13;386;781;2305;144;2255;54295056;51543613;35819289;123579;39171034
FR;0;2022-03-14;1471;4155;14934;4403;13790;54296527;51547768;35834223;127982;39184824
FR;0;2022-03-15;1596;4368;16230;7549;14334;54298123;51552136;35850453;135531;39199158
FR;0;2022-03-16;2944;7064;19365;13128;18028;54301067;51559200;35869818;148659;39217186
FR;0;2022-03-17;1371;3712;13096;10836;11936;54302438;51562912;35882914;159495;39229122
FR;0;2022-03-18;2201;5536;19950;18275;18033;54304639;51568448;35902864;177770;39247155
FR;0;2022-03-19;2277;4688;13104;9396;12404;54306916;51573136;35915968;187166;39259559
FR;0;2022-03-20;293;708;1909;1065;1918;54307209;51573844;35917877;188231;39261477
FR;0;2022-03-21;1342;3136;12692;14929;11911;54308551;51576980;35930569;203160;39273388
FR;0;2022-03-22;1462;3586;13756;20518;12512;54310013;51580566;35944325;223678;39285900
FR;0;2022-03-23;2640;6088;17652;23130;17158;54312653;51586654;35961977;246808;39303058
FR;0;2022-03-24;1355;2920;11550;17569;10622;54314008;51589574;35973527;264377;39313680
FR;0;2022-03-25;2047;4815;18500;27738;16828;54316055;51594389;35992027;292115;39330508
FR;0;2022-03-26;2216;4256;12059;12656;11498;54318271;51598645;36004086;304771;39342006
FR;0;2022-03-27;354;681;1882;1476;1915;54318625;51599326;36005968;306247;39343921
FR;0;2022-03-28;1412;2941;11073;17452;10565;54320037;51602267;36017041;323699;39354486
FR;0;2022-03-29;1421;3227;12868;27528;12013;54321458;51605494;36029909;351227;39366499
FR;0;2022-03-30;2810;5365;15622;27342;15015;54324268;51610859;36045531;378569;39381514
FR;0;2022-03-31;1590;3151;12871;24879;12201;54325858;51614010;36058402;403448;39393715
FR;0;2022-04-01;2089;4288;19981;30803;18596;54327947;51618298;36078383;434251;39412311
FR;0;2022-04-02;1493;2607;9031;10098;8690;54329440;51620905;36087414;444349;39421001
FR;0;2022-04-03;274;498;1556;1168;1571;54329714;51621403;36088970;445517;39422572
FR;0;2022-04-04;1340;2553;12266;19064;11452;54331054;51623956;36101236;464581;39434024
FR;0;2022-04-05;1590;2921;14249;33975;13094;54332644;51626877;36115485;498556;39447118
FR;0;2022-04-06;2031;3625;13433;26306;12669;54334675;51630502;36128918;524862;39459787
FR;0;2022-04-07;1425;2855;13580;33599;12783;54336100;51633357;36142498;558461;39472570
FR;0;2022-04-08;2013;4071;19124;43622;17742;54338113;51637428;36161622;602083;39490312
FR;0;2022-04-09;1346;2650;9288;13537;8835;54339459;51640078;36170910;615620;39499147
FR;0;2022-04-10;276;557;1966;1992;1972;54339735;51640635;36172876;617612;39501119
FR;0;2022-04-11;1182;2454;11811;23631;11414;54340917;51643089;36184687;641243;39512533
FR;0;2022-04-12;1563;2765;13910;40552;13284;54342480;51645854;36198597;681795;39525817
FR;0;2022-04-13;1844;3408;13304;32737;12900;54344324;51649262;36211901;714532;39538717
FR;0;2022-04-14;1435;2656;13062;35933;12882;54345759;51651918;36224963;750465;39551599
FR;0;2022-04-15;1775;3283;15494;35233;14740;54347534;51655201;36240457;785698;39566339
FR;0;2022-04-16;1029;1812;6366;8517;6219;54348563;51657013;36246823;794215;39572558
FR;0;2022-04-17;183;317;989;1156;1028;54348746;51657330;36247812;795371;39573586
FR;0;2022-04-18;145;436;2732;1035;2750;54348891;51657766;36250544;796406;39576336
FR;0;2022-04-19;1463;2896;12836;29387;12342;54350354;51660662;36263380;825793;39588678
FR;0;2022-04-20;1896;3328;13179;28765;12843;54352250;51663990;36276559;854558;39601521
FR;0;2022-04-21;1469;2720;12414;34690;12431;54353719;51666710;36288973;889248;39613952
FR;0;2022-04-22;1817;3461;16396;37413;15762;54355536;51670171;36305369;926661;39629714
FR;0;2022-04-23;1121;2030;7354;10634;7201;54356657;51672201;36312723;937295;39636915
FR;0;2022-04-24;237;441;1468;1578;1402;54356894;51672642;36314191;938873;39638317
FR;0;2022-04-25;1250;2436;10631;20854;10421;54358144;51675078;36324822;959727;39648738
FR;0;2022-04-26;1561;2945;13572;38186;13010;54359705;51678023;36338394;997913;39661748
FR;0;2022-04-27;1904;2997;11433;30501;11486;54361609;51681020;36349827;1028414;39673234
FR;0;2022-04-28;1517;2637;12413;35684;12134;54363126;51683657;36362240;1064098;39685368
FR;0;2022-04-29;1947;3422;15381;36826;14732;54365073;51687079;36377621;1100924;39700100
FR;0;2022-04-30;1179;1798;6804;9645;6629;54366252;51688877;36384425;1110569;39706729
FR;0;2022-05-01;184;295;885;958;880;54366436;51689172;36385310;1111527;39707609
FR;0;2022-05-02;1139;2106;10903;17800;10666;54367575;51691278;36396213;1129327;39718275
FR;0;2022-05-03;1705;2858;13340;34124;13190;54369280;51694136;36409553;1163451;39731465
FR;0;2022-05-04;1796;2928;11704;25208;11808;54371076;51697064;36421257;1188659;39743273
FR;0;2022-05-05;1592;2609;12212;32933;11963;54372668;51699673;36433469;1221592;39755236
FR;0;2022-05-06;2032;3498;15082;36396;14558;54374700;51703171;36448551;1257988;39769794
FR;0;2022-05-07;1165;1744;6378;9558;6366;54375865;51704915;36454929;1267546;39776160
FR;0;2022-05-08;253;379;1152;1522;1206;54376118;51705294;36456081;1269068;39777366
FR;0;2022-05-09;1231;2101;9711;19941;9579;54377349;51707395;36465792;1289009;39786945
FR;0;2022-05-10;1613;2827;13091;38280;12662;54378962;51710222;36478883;1327289;39799607
FR;0;2022-05-11;1906;2687;10428;27468;10334;54380868;51712909;36489311;1354757;39809941
FR;0;2022-05-12;1494;2473;11014;34973;10640;54382362;51715382;36500325;1389730;39820581
FR;0;2022-05-13;1902;3080;13510;37277;13109;54384264;51718462;36513835;1427007;39833690
FR;0;2022-05-14;1113;1567;5708;10669;5560;54385377;51720029;36519543;1437676;39839250
FR;0;2022-05-15;260;410;1229;1418;1308;54385637;51720439;36520772;1439094;39840558
FR;0;2022-05-16;1120;1875;8029;20549;8026;54386757;51722314;36528801;1459643;39848584
FR;0;2022-05-17;1511;2421;11083;37022;10663;54388268;51724735;36539884;1496665;39859247
FR;0;2022-05-18;1714;2441;8837;26647;8801;54389982;51727176;36548721;1523312;39868048
FR;0;2022-05-19;1367;2449;9798;34564;9775;54391349;51729625;36558519;1557876;39877823
FR;0;2022-05-20;1807;2882;12291;38675;11816;54393156;51732507;36570810;1596551;39889639
FR;0;2022-05-21;1126;1628;5103;9703;5017;54394282;51734135;36575913;1606254;39894656
FR;0;2022-05-22;222;314;988;1338;973;54394504;51734449;36576901;1607592;39895629
FR;0;2022-05-23;1076;1846;7343;19735;7292;54395580;51736295;36584244;1627327;39902921
FR;0;2022-05-24;1457;2563;10250;37376;10080;54397037;51738858;36594494;1664703;39913001
FR;0;2022-05-25;1734;2633;8494;24144;8620;54398771;51741491;36602988;1688847;39921621
FR;0;2022-05-26;163;261;782;1027;824;54398934;51741752;36603770;1689874;39922445
FR;0;2022-05-27;1290;2234;8030;20896;7834;54400224;51743986;36611800;1710770;39930279
FR;0;2022-05-28;625;1183;3506;6691;3566;54400849;51745169;36615306;1717461;39933845
FR;0;2022-05-29;137;282;698;846;705;54400986;51745451;36616004;1718307;39934550
FR;0;2022-05-30;949;1776;6099;18530;6083;54401935;51747227;36622103;1736837;39940633
FR;0;2022-05-31;1388;2269;9149;33977;8987;54403323;51749496;36631252;1770814;39949620
FR;0;2022-06-01;1427;2329;7181;22689;7153;54404750;51751825;36638433;1793503;39956773
