fra;vaccin;jour;n_dose1;n_dose2;n_dose3;n_dose4;n_complet;n_rappel;n_2_rappel;n_rappel_biv;n_3_rappel;n_cum_dose1;n_cum_dose2;n_cum_dose3;n_cum_dose4;n_cum_complet;n_cum_rappel;n_cum_2_rappel;n_cum_rappel_biv;n_cum_3_rappel
FR;1;2020-12-27;616;0;0;0;55;0;0;0;0;616;0;0;0;55;0;0;0;0
FR;1;2020-12-28;710;1;0;0;44;0;0;0;0;1326;1;0;0;99;0;0;0;0
FR;1;2020-12-29;389;0;0;0;19;0;0;0;0;1715;1;0;0;118;0;0;0;0
FR;1;2020-12-30;456;0;0;0;20;0;0;0;0;2171;1;0;0;138;0;0;0;0
FR;1;2020-12-31;451;1;0;0;21;0;0;0;0;2622;2;0;0;159;0;0;0;0
FR;1;2021-01-01;1199;2;0;0;66;0;0;0;0;3821;4;0;0;225;0;0;0;0
FR;1;2021-01-02;370;4;0;0;29;0;0;0;0;4191;8;0;0;254;0;0;0;0
FR;1;2021-01-03;419;0;0;0;23;0;0;0;0;4610;8;0;0;277;0;0;0;0
FR;1;2021-01-04;2152;5;0;0;51;0;0;0;0;6762;13;0;0;328;0;0;0;0
FR;1;2021-01-05;7794;6;0;0;128;0;0;0;0;14556;19;0;0;456;0;0;0;0
FR;1;2021-01-06;12491;23;0;0;128;0;0;0;0;27047;42;0;0;584;0;0;0;0
FR;1;2021-01-07;29481;24;0;0;159;0;0;0;0;56528;66;0;0;743;0;0;0;0
FR;1;2021-01-08;37170;36;0;0;205;0;0;0;0;93698;102;0;0;948;0;0;0;0
FR;1;2021-01-09;11221;9;0;0;77;0;0;0;0;104919;111;0;0;1025;0;0;0;0
FR;1;2021-01-10;6017;8;0;0;28;0;0;0;0;110936;119;0;0;1053;0;0;0;0
FR;1;2021-01-11;39956;39;0;0;232;0;0;0;0;150892;158;0;0;1285;0;0;0;0
FR;1;2021-01-12;62166;31;0;0;296;0;0;0;0;213058;189;0;0;1581;0;0;0;0
FR;1;2021-01-13;65150;63;0;0;433;0;0;0;0;278208;252;0;0;2014;0;0;0;0
FR;1;2021-01-14;81473;263;0;0;953;0;0;0;0;359681;515;0;0;2967;0;0;0;0
FR;1;2021-01-15;68642;103;1;0;527;0;0;0;0;428323;618;1;0;3494;0;0;0;0
FR;1;2021-01-16;19903;73;0;0;171;0;0;0;0;448226;691;1;0;3665;0;0;0;0
FR;1;2021-01-17;10909;54;0;0;130;0;0;0;0;459135;745;1;0;3795;0;0;0;0
FR;1;2021-01-18;82849;176;0;0;587;0;0;0;0;541984;921;1;0;4382;0;0;0;0
FR;1;2021-01-19;125935;209;0;0;829;0;0;0;0;667919;1130;1;0;5211;0;0;0;0
FR;1;2021-01-20;132439;191;0;0;778;0;0;0;0;800358;1321;1;0;5989;0;0;0;0
FR;1;2021-01-21;153089;196;0;0;892;0;0;0;0;953447;1517;1;0;6881;0;0;0;0
FR;1;2021-01-22;115972;240;0;0;776;0;0;0;0;1069419;1757;1;0;7657;0;0;0;0
FR;1;2021-01-23;36619;84;0;0;207;0;0;0;0;1106038;1841;1;0;7864;0;0;0;0
FR;1;2021-01-24;9589;129;0;0;188;0;0;0;0;1115627;1970;1;0;8052;0;0;0;0
FR;1;2021-01-25;74443;1454;0;0;1771;0;0;0;0;1190070;3424;1;0;9823;0;0;0;0
FR;1;2021-01-26;96471;3707;1;0;4147;0;0;0;0;1286541;7131;2;0;13970;0;0;0;0
FR;1;2021-01-27;103660;6443;0;0;7126;0;0;0;0;1390201;13574;2;0;21096;0;0;0;0
FR;1;2021-01-28;120627;16418;0;0;17205;0;0;0;0;1510828;29992;2;0;38301;0;0;0;0
FR;1;2021-01-29;88906;18803;0;0;19344;0;0;0;0;1599734;48795;2;0;57645;0;0;0;0
FR;1;2021-01-30;27995;4538;0;0;4662;0;0;0;0;1627729;53333;2;0;62307;0;0;0;0
FR;1;2021-01-31;5194;1898;0;0;1936;0;0;0;0;1632923;55231;2;0;64243;0;0;0;0
FR;1;2021-02-01;49753;23069;0;0;23312;0;0;0;0;1682676;78300;2;0;87555;0;0;0;0
FR;1;2021-02-02;67839;38202;0;0;38660;0;0;0;0;1750515;116502;2;0;126215;0;0;0;0
FR;1;2021-02-03;67106;40300;0;0;40735;0;0;0;0;1817621;156802;2;0;166950;0;0;0;0
FR;1;2021-02-04;77159;55152;0;0;55722;0;0;0;0;1894780;211954;2;0;222672;0;0;0;0
FR;1;2021-02-05;63435;48249;0;0;48654;0;0;0;0;1958215;260203;2;0;271326;0;0;0;0
FR;1;2021-02-06;19428;11420;0;0;11527;0;0;0;0;1977643;271623;2;0;282853;0;0;0;0
FR;1;2021-02-07;3669;6072;0;0;6099;0;0;0;0;1981312;277695;2;0;288952;0;0;0;0
FR;1;2021-02-08;36508;48804;0;0;49058;0;0;0;0;2017820;326499;2;0;338010;0;0;0;0
FR;1;2021-02-09;50830;78462;0;0;78989;0;0;0;0;2068650;404961;2;0;416999;0;0;0;0
FR;1;2021-02-10;52088;83494;0;0;83978;0;0;0;0;2120738;488455;2;0;500977;0;0;0;0
FR;1;2021-02-11;63397;105642;0;0;106553;0;0;0;0;2184135;594097;2;0;607530;0;0;0;0
FR;1;2021-02-12;55889;75838;0;0;76524;0;0;0;0;2240024;669935;2;0;684054;0;0;0;0
FR;1;2021-02-13;15470;19307;0;0;19419;0;0;0;0;2255494;689242;2;0;703473;0;0;0;0
FR;1;2021-02-14;3747;7312;0;0;7378;0;0;0;0;2259241;696554;2;0;710851;0;0;0;0
FR;1;2021-02-15;24175;73670;0;0;73930;0;0;0;0;2283416;770224;2;0;784781;0;0;0;0
FR;1;2021-02-16;32788;95503;0;0;95918;0;0;0;0;2316204;865727;2;0;880699;0;0;0;0
FR;1;2021-02-17;35143;102384;20;0;103043;0;0;0;0;2351347;968111;22;0;983742;0;0;0;0
FR;1;2021-02-18;49465;118609;0;0;119606;0;0;0;0;2400812;1086720;22;0;1103348;0;0;0;0
FR;1;2021-02-19;45400;87842;1;0;88786;0;0;0;0;2446212;1174562;23;0;1192134;0;0;0;0
FR;1;2021-02-20;13398;27024;0;0;27200;0;0;0;0;2459610;1201586;23;0;1219334;0;0;0;0
FR;1;2021-02-21;2471;5942;0;0;6010;0;0;0;0;2462081;1207528;23;0;1225344;0;0;0;0
FR;1;2021-02-22;24726;69380;2;0;69682;0;0;0;0;2486807;1276908;25;0;1295026;0;0;0;0
FR;1;2021-02-23;37441;81555;1;0;82260;0;0;0;0;2524248;1358463;26;0;1377286;0;0;0;0
FR;1;2021-02-24;40717;79386;1;0;80087;0;0;0;0;2564965;1437849;27;0;1457373;0;0;0;0
FR;1;2021-02-25;50178;87701;1;0;88800;0;0;0;0;2615143;1525550;28;0;1546173;0;0;0;0
FR;1;2021-02-26;47235;67558;1;0;68447;0;0;0;0;2662378;1593108;29;0;1614620;0;0;0;0
FR;1;2021-02-27;15691;21359;1;0;21572;0;0;0;0;2678069;1614467;30;0;1636192;0;0;0;0
FR;1;2021-02-28;3566;4087;2;0;4160;0;0;0;0;2681635;1618554;32;0;1640352;0;0;0;0
FR;1;2021-03-01;40232;50294;1;0;51032;0;0;0;0;2721867;1668848;33;0;1691384;0;0;0;0
FR;1;2021-03-02;55997;62429;3;0;63609;0;0;0;0;2777864;1731277;36;0;1754993;0;0;0;0
FR;1;2021-03-03;61273;60512;0;0;61954;0;0;0;0;2839137;1791789;36;0;1816947;0;0;0;0
FR;1;2021-03-04;73023;68408;3;0;70627;0;0;0;0;2912160;1860197;39;0;1887574;0;0;0;0
FR;1;2021-03-05;74787;58605;3;0;60506;0;0;0;0;2986947;1918802;42;0;1948080;0;0;0;0
FR;1;2021-03-06;82477;15730;2;0;17439;0;0;0;0;3069424;1934532;44;0;1965519;0;0;0;0
FR;1;2021-03-07;63734;3912;1;0;5457;0;0;0;0;3133158;1938444;45;0;1970976;0;0;0;0
FR;1;2021-03-08;60200;41126;2;0;42414;0;0;0;0;3193358;1979570;47;0;2013390;0;0;0;0
FR;1;2021-03-09;86016;47365;1;0;49370;0;0;0;0;3279374;2026935;48;0;2062760;0;0;0;0
FR;1;2021-03-10;90951;47750;5;0;50024;0;0;0;0;3370325;2074685;53;0;2112784;0;0;0;0
FR;1;2021-03-11;105108;54610;1;0;57686;0;0;0;0;3475433;2129295;54;0;2170470;0;0;0;0
FR;1;2021-03-12;104169;44878;1;0;47876;0;0;0;0;3579602;2174173;55;0;2218346;0;0;0;0
FR;1;2021-03-13;89226;12579;1;0;14797;0;0;0;0;3668828;2186752;56;0;2233143;0;0;0;0
FR;1;2021-03-14;44463;2646;1;0;3979;0;0;0;0;3713291;2189398;57;0;2237122;0;0;0;0
FR;1;2021-03-15;95539;27927;3;0;30280;0;0;0;0;3808830;2217325;60;0;2267402;0;0;0;0
FR;1;2021-03-16;123608;34027;5;0;37576;0;0;0;0;3932438;2251352;65;0;2304978;0;0;0;0
FR;1;2021-03-17;129327;33514;4;0;37570;0;0;0;0;4061765;2284866;69;0;2342548;0;0;0;0
FR;1;2021-03-18;142921;39150;5;0;43828;0;0;0;0;4204686;2324016;74;0;2386376;0;0;0;0
FR;1;2021-03-19;136282;32008;2;0;36601;0;0;0;0;4340968;2356024;76;0;2422977;0;0;0;0
FR;1;2021-03-20;76028;9746;1;0;11963;0;0;0;0;4416996;2365770;77;0;2434940;0;0;0;0
FR;1;2021-03-21;26523;1968;1;0;2958;0;0;0;0;4443519;2367738;78;0;2437898;0;0;0;0
FR;1;2021-03-22;114783;30210;2;0;34043;0;0;0;0;4558302;2397948;80;0;2471941;0;0;0;0
FR;1;2021-03-23;143065;37987;1;0;42778;0;0;0;0;4701367;2435935;81;0;2514719;0;0;0;0
FR;1;2021-03-24;142031;38396;0;0;43270;0;0;0;0;4843398;2474331;81;0;2557989;0;0;0;0
FR;1;2021-03-25;165047;39886;4;0;46047;0;0;0;0;5008445;2514217;85;0;2604036;0;0;0;0
FR;1;2021-03-26;166426;37401;5;1;44022;0;0;0;0;5174871;2551618;90;1;2648058;0;0;0;0
FR;1;2021-03-27;110909;15484;1;0;19495;0;0;0;0;5285780;2567102;91;1;2667553;0;0;0;0
FR;1;2021-03-28;42317;4432;3;0;5987;0;0;0;0;5328097;2571534;94;1;2673540;0;0;0;0
FR;1;2021-03-29;129853;48961;4;0;53629;0;0;0;0;5457950;2620495;98;1;2727169;0;0;0;0
FR;1;2021-03-30;167768;63835;5;0;70849;0;0;0;0;5625718;2684330;103;1;2798018;0;0;0;0
FR;1;2021-03-31;170974;68019;4;0;75544;0;0;0;0;5796692;2752349;107;1;2873562;0;0;0;0
FR;1;2021-04-01;194890;84135;10;0;93646;0;0;0;0;5991582;2836484;117;1;2967208;0;0;0;0
FR;1;2021-04-02;164477;86902;7;0;94726;0;0;0;0;6156059;2923386;124;1;3061934;0;0;0;0
FR;1;2021-04-03;88262;58225;6;0;61774;0;0;0;0;6244321;2981611;130;1;3123708;0;0;0;0
FR;1;2021-04-04;33666;17734;0;0;19235;0;0;0;0;6277987;2999345;130;1;3142943;0;0;0;0
FR;1;2021-04-05;46433;9565;11;0;11442;0;0;0;0;6324420;3008910;141;1;3154385;0;0;0;0
FR;1;2021-04-06;160354;105689;17;0;112182;0;0;0;0;6484774;3114599;158;1;3266567;0;0;0;0
FR;1;2021-04-07;197044;108102;16;0;116942;0;0;0;0;6681818;3222701;174;1;3383509;0;0;0;0
FR;1;2021-04-08;222196;114362;14;0;125725;0;0;0;0;6904014;3337063;188;1;3509234;0;0;0;0
FR;1;2021-04-09;214625;108035;22;0;118936;0;0;0;0;7118639;3445098;210;1;3628170;0;0;0;0
FR;1;2021-04-10;117212;73245;14;0;78395;0;0;0;0;7235851;3518343;224;1;3706565;0;0;0;0
FR;1;2021-04-11;40903;29893;6;0;31797;0;0;0;0;7276754;3548236;230;1;3738362;0;0;0;0
FR;1;2021-04-12;168509;104585;46;0;111836;0;0;0;0;7445263;3652821;276;1;3850198;0;0;0;0
FR;1;2021-04-13;203857;127755;97;1;137103;0;0;0;0;7649120;3780576;373;2;3987301;0;0;0;0
FR;1;2021-04-14;208691;123039;208;0;133271;0;0;0;0;7857811;3903615;581;2;4120572;0;0;0;0
FR;1;2021-04-15;221751;128256;313;0;139307;0;0;0;0;8079562;4031871;894;2;4259879;0;0;0;0
FR;1;2021-04-16;206110;125774;309;0;135445;0;0;0;0;8285672;4157645;1203;2;4395324;0;0;0;0
FR;1;2021-04-17;122112;67118;103;0;72181;0;0;0;0;8407784;4224763;1306;2;4467505;0;0;0;0
FR;1;2021-04-18;35982;21014;42;0;22722;0;0;0;0;8443766;4245777;1348;2;4490227;0;0;0;0
FR;1;2021-04-19;163784;121620;433;0;129171;0;0;0;0;8607550;4367397;1781;2;4619398;0;0;0;0
FR;1;2021-04-20;189492;149805;531;0;158935;0;0;0;0;8797042;4517202;2312;2;4778333;0;0;0;0
FR;1;2021-04-21;194065;147784;761;0;157313;0;0;0;0;8991107;4664986;3073;2;4935646;0;0;0;0
FR;1;2021-04-22;209088;164632;779;0;175863;0;0;0;0;9200195;4829618;3852;2;5111509;0;0;0;0
FR;1;2021-04-23;198999;158151;671;0;169176;0;0;0;0;9399194;4987769;4523;2;5280685;0;0;0;0
FR;1;2021-04-24;126355;95889;148;0;101959;0;0;0;0;9525549;5083658;4671;2;5382644;0;0;0;0
FR;1;2021-04-25;53643;30080;46;0;32837;0;0;0;0;9579192;5113738;4717;2;5415481;0;0;0;0
FR;1;2021-04-26;181174;140330;543;0;149049;0;0;0;0;9760366;5254068;5260;2;5564530;0;0;0;0
FR;1;2021-04-27;221406;162634;901;0;174009;0;0;0;0;9981772;5416702;6161;2;5738539;0;0;0;0
FR;1;2021-04-28;238374;156221;1314;1;168903;1;0;0;0;10220146;5572923;7475;3;5907442;1;0;0;0
FR;1;2021-04-29;270354;161698;1211;0;177303;0;0;0;0;10490500;5734621;8686;3;6084745;1;0;0;0
FR;1;2021-04-30;272030;149051;1074;0;165150;0;0;0;0;10762530;5883672;9760;3;6249895;1;0;0;0
FR;1;2021-05-01;141180;40614;173;0;48642;0;0;0;0;10903710;5924286;9933;3;6298537;1;0;0;0
FR;1;2021-05-02;81564;28243;81;0;32999;0;0;0;0;10985274;5952529;10014;3;6331536;1;0;0;0
FR;1;2021-05-03;250829;142034;803;0;155729;0;0;0;0;11236103;6094563;10817;3;6487265;1;0;0;0
FR;1;2021-05-04;265939;188058;1204;0;203630;0;0;0;0;11502042;6282621;12021;3;6690895;1;0;0;0
FR;1;2021-05-05;283977;186327;1268;0;202990;0;0;0;0;11786019;6468948;13289;3;6893885;1;0;0;0
FR;1;2021-05-06;310085;184610;1502;0;204360;0;0;0;0;12096104;6653558;14791;3;7098245;1;0;0;0
FR;1;2021-05-07;284151;196770;1128;0;214586;0;0;0;0;12380255;6850328;15919;3;7312831;1;0;0;0
FR;1;2021-05-08;191687;51634;285;0;63017;0;0;0;0;12571942;6901962;16204;3;7375848;1;0;0;0
FR;1;2021-05-09;114076;34207;236;0;41379;0;0;0;0;12686018;6936169;16440;3;7417227;1;0;0;0
FR;1;2021-05-10;258240;195102;1188;0;211095;0;0;0;0;12944258;7131271;17628;3;7628322;1;0;0;0
FR;1;2021-05-11;318947;211269;1465;0;231507;0;0;0;0;13263205;7342540;19093;3;7859829;1;0;0;0
FR;1;2021-05-12;356715;186095;1402;0;208401;0;0;0;0;13619920;7528635;20495;3;8068230;1;0;0;0
FR;1;2021-05-13;283474;47323;401;0;64245;0;0;0;0;13903394;7575958;20896;3;8132475;1;0;0;0
FR;1;2021-05-14;370544;128527;998;0;151948;0;0;0;0;14273938;7704485;21894;3;8284423;1;0;0;0
FR;1;2021-05-15;298131;66210;404;0;84917;0;0;0;0;14572069;7770695;22298;3;8369340;1;0;0;0
FR;1;2021-05-16;157797;15471;158;0;26039;0;0;0;0;14729866;7786166;22456;3;8395379;1;0;0;0
FR;1;2021-05-17;318963;116203;1441;0;138166;0;0;0;0;15048829;7902369;23897;3;8533545;1;0;0;0
FR;1;2021-05-18;383396;111695;1801;0;137643;0;0;0;0;15432225;8014064;25698;3;8671188;1;0;0;0
FR;1;2021-05-19;395327;101588;2185;0;128523;0;0;0;0;15827552;8115652;27883;3;8799711;1;0;0;0
FR;1;2021-05-20;421862;95617;2049;0;125077;0;0;0;0;16249414;8211269;29932;3;8924788;1;0;0;0
FR;1;2021-05-21;399844;97451;1765;0;125848;0;0;0;0;16649258;8308720;31697;3;9050636;1;0;0;0
FR;1;2021-05-22;275713;41925;604;0;60948;0;0;0;0;16924971;8350645;32301;3;9111584;1;0;0;0
FR;1;2021-05-23;123034;10969;224;0;20572;0;0;0;0;17048005;8361614;32525;3;9132156;1;0;0;0
FR;1;2021-05-24;244028;26267;569;0;43792;0;0;0;0;17292033;8387881;33094;3;9175948;1;0;0;0
FR;1;2021-05-25;366248;131455;2115;1;158388;0;0;0;0;17658281;8519336;35209;4;9334336;1;0;0;0
FR;1;2021-05-26;380865;127557;1996;0;155880;0;0;0;0;18039146;8646893;37205;4;9490216;1;0;0;0
FR;1;2021-05-27;406209;128370;1978;0;158848;0;0;0;0;18445355;8775263;39183;4;9649064;1;0;0;0
FR;1;2021-05-28;366081;145704;1702;0;174266;0;0;0;0;18811436;8920967;40885;4;9823330;1;0;0;0
FR;1;2021-05-29;253850;81137;527;0;100334;0;0;0;0;19065286;9002104;41412;4;9923664;1;0;0;0
FR;1;2021-05-30;100983;22600;158;0;30833;0;0;0;0;19166269;9024704;41570;4;9954497;1;0;0;0
FR;1;2021-05-31;314351;149251;1287;1;172507;1;0;0;0;19480620;9173955;42857;5;10127004;2;0;0;0
FR;1;2021-06-01;361721;166427;1733;1;194131;1;0;0;0;19842341;9340382;44590;6;10321135;3;0;0;0
FR;1;2021-06-02;365452;154528;1798;0;184069;0;0;0;0;20207793;9494910;46388;6;10505204;3;0;0;0
FR;1;2021-06-03;391508;147425;1654;0;178396;0;0;0;0;20599301;9642335;48042;6;10683600;3;0;0;0
FR;1;2021-06-04;364149;175903;1496;1;205195;1;0;0;0;20963450;9818238;49538;7;10888795;4;0;0;0
FR;1;2021-06-05;258534;112823;597;0;133184;0;0;0;0;21221984;9931061;50135;7;11021979;4;0;0;0
FR;1;2021-06-06;126834;37555;216;0;48192;0;0;0;0;21348818;9968616;50351;7;11070171;4;0;0;0
FR;1;2021-06-07;301134;207763;1368;0;233039;0;0;0;0;21649952;10176379;51719;7;11303210;4;0;0;0
FR;1;2021-06-08;330916;221016;1645;0;248975;0;0;0;0;21980868;10397395;53364;7;11552185;4;0;0;0
FR;1;2021-06-09;336664;210941;1614;0;239698;0;0;0;0;22317532;10608336;54978;7;11791883;4;0;0;0
FR;1;2021-06-10;343950;199495;1616;0;229239;0;0;0;0;22661482;10807831;56594;7;12021122;4;0;0;0
FR;1;2021-06-11;311947;234704;1300;1;262615;0;0;0;0;22973429;11042535;57894;8;12283737;4;0;0;0
FR;1;2021-06-12;244101;150609;438;0;172217;0;0;0;0;23217530;11193144;58332;8;12455954;4;0;0;0
FR;1;2021-06-13;100383;61036;188;0;70698;0;0;0;0;23317913;11254180;58520;8;12526652;4;0;0;0
FR;1;2021-06-14;207886;287563;1320;1;307375;0;0;0;0;23525799;11541743;59840;9;12834027;4;0;0;0
FR;1;2021-06-15;256916;281120;1400;1;304969;0;0;0;0;23782715;11822863;61240;10;13138996;4;0;0;0
FR;1;2021-06-16;273687;270715;1264;1;296155;0;0;0;0;24056402;12093578;62504;11;13435151;4;0;0;0
FR;1;2021-06-17;268261;245100;1241;1;271171;0;0;0;0;24324663;12338678;63745;12;13706322;4;0;0;0
FR;1;2021-06-18;260626;295191;1156;2;321017;0;0;0;0;24585289;12633869;64901;14;14027339;4;0;0;0
FR;1;2021-06-19;193469;209606;388;0;228267;0;0;0;0;24778758;12843475;65289;14;14255606;4;0;0;0
FR;1;2021-06-20;69724;89029;122;0;96867;0;0;0;0;24848482;12932504;65411;14;14352473;4;0;0;0
FR;1;2021-06-21;172401;319783;934;1;338493;1;0;0;0;25020883;13252287;66345;15;14690966;5;0;0;0
FR;1;2021-06-22;185900;348094;1102;10;369163;1;0;0;0;25206783;13600381;67447;25;15060129;6;0;0;0
FR;1;2021-06-23;204245;339662;1050;0;363562;0;0;0;0;25411028;13940043;68497;25;15423691;6;0;0;0
FR;1;2021-06-24;203557;282113;1176;0;306859;0;0;0;0;25614585;14222156;69673;25;15730550;6;0;0;0
FR;1;2021-06-25;182687;371702;1200;0;395710;0;0;0;0;25797272;14593858;70873;25;16126260;6;0;0;0
FR;1;2021-06-26;131415;278613;506;0;295988;0;0;0;0;25928687;14872471;71379;25;16422248;6;0;0;0
FR;1;2021-06-27;52422;122845;146;0;130382;0;0;0;0;25981109;14995316;71525;25;16552630;6;0;0;0
FR;1;2021-06-28;136682;368245;1066;0;386846;0;0;0;0;26117791;15363561;72591;25;16939476;6;0;0;0
FR;1;2021-06-29;154930;391183;1849;0;412275;0;0;0;0;26272721;15754744;74440;25;17351751;6;0;0;0
FR;1;2021-06-30;180077;381972;1668;4;406569;2;0;0;0;26452798;16136716;76108;29;17758320;8;0;0;0
FR;1;2021-07-01;201593;332529;1890;5;360597;0;0;0;0;26654391;16469245;77998;34;18118917;8;0;0;0
FR;1;2021-07-02;193888;367289;1765;5;395483;2;0;0;0;26848279;16836534;79763;39;18514400;10;0;0;0
FR;1;2021-07-03;124486;280410;704;3;299514;1;0;0;0;26972765;17116944;80467;42;18813914;11;0;0;0
FR;1;2021-07-04;53970;113732;244;0;122137;0;0;0;0;27026735;17230676;80711;42;18936051;11;0;0;0
FR;1;2021-07-05;153987;355760;1500;8;379098;0;0;0;0;27180722;17586436;82211;50;19315149;11;0;0;0
FR;1;2021-07-06;173534;382283;1603;45;408170;8;0;0;0;27354256;17968719;83814;95;19723319;19;0;0;0
FR;1;2021-07-07;190875;362305;1659;25;390648;2;0;0;0;27545131;18331024;85473;120;20113967;21;0;0;0
FR;1;2021-07-08;201595;322963;1827;20;353607;2;0;0;0;27746726;18653987;87300;140;20467574;23;0;0;0
FR;1;2021-07-09;189996;387760;1854;3;418157;1;0;0;0;27936722;19041747;89154;143;20885731;24;0;0;0
FR;1;2021-07-10;129968;281184;818;1;302611;0;0;0;0;28066690;19322931;89972;144;21188342;24;0;0;0
FR;1;2021-07-11;57688;102527;263;0;112404;0;0;0;0;28124378;19425458;90235;144;21300746;24;0;0;0
FR;1;2021-07-12;149932;416804;1588;4;442791;0;0;0;0;28274310;19842262;91823;148;21743537;24;0;0;0
FR;1;2021-07-13;234313;438997;1808;8;476172;0;0;0;0;28508623;20281259;93631;156;22219709;24;0;0;0
FR;1;2021-07-14;171932;151301;418;0;176928;0;0;0;0;28680555;20432560;94049;156;22396637;24;0;0;0
FR;1;2021-07-15;279707;424129;1859;1;467098;0;0;0;0;28960262;20856689;95908;157;22863735;24;0;0;0
FR;1;2021-07-16;290447;400514;1711;3;445148;1;0;0;0;29250709;21257203;97619;160;23308883;25;0;0;0
FR;1;2021-07-17;217362;281971;755;1;315431;0;0;0;0;29468071;21539174;98374;161;23624314;25;0;0;0
FR;1;2021-07-18;102032;107205;288;0;123090;0;0;0;0;29570103;21646379;98662;161;23747404;25;0;0;0
FR;1;2021-07-19;238250;378359;1498;3;414395;0;0;0;0;29808353;22024738;100160;164;24161799;25;0;0;0
FR;1;2021-07-20;305778;379721;1471;0;425540;0;0;0;0;30114131;22404459;101631;164;24587339;25;0;0;0
FR;1;2021-07-21;333316;352691;1413;4;404055;1;0;0;0;30447447;22757150;103044;168;24991394;26;0;0;0
FR;1;2021-07-22;364710;318526;1502;3;374928;1;0;0;0;30812157;23075676;104546;171;25366322;27;0;0;0
FR;1;2021-07-23;349411;342714;1589;4;398250;1;0;0;0;31161568;23418390;106135;175;25764572;28;0;0;0
FR;1;2021-07-24;238968;240735;697;1;278063;0;0;0;0;31400536;23659125;106832;176;26042635;28;0;0;0
FR;1;2021-07-25;112813;76012;223;0;93705;0;0;0;0;31513349;23735137;107055;176;26136340;28;0;0;0
FR;1;2021-07-26;299152;289259;1495;2;334967;1;0;0;0;31812501;24024396;108550;178;26471307;29;0;0;0
FR;1;2021-07-27;385873;267856;1460;4;324820;1;0;0;0;32198374;24292252;110010;182;26796127;30;0;0;0
FR;1;2021-07-28;390231;250919;1463;4;307203;1;0;0;0;32588605;24543171;111473;186;27103330;31;0;0;0
FR;1;2021-07-29;406162;227575;1541;2;284262;0;0;0;0;32994767;24770746;113014;188;27387592;31;0;0;0
FR;1;2021-07-30;370762;246472;1639;4;298299;1;0;0;0;33365529;25017218;114653;192;27685891;32;0;0;0
FR;1;2021-07-31;243396;165090;794;1;199409;0;0;0;0;33608925;25182308;115447;193;27885300;32;0;0;0
FR;1;2021-08-01;105617;47204;237;0;61197;0;0;0;0;33714542;25229512;115684;193;27946497;32;0;0;0
FR;1;2021-08-02;297440;212829;1480;2;250606;0;0;0;0;34011982;25442341;117164;195;28197103;32;0;0;0
FR;1;2021-08-03;331357;208667;1557;2;250629;1;0;0;0;34343339;25651008;118721;197;28447732;33;0;0;0
FR;1;2021-08-04;328059;183821;1440;5;223967;3;0;0;0;34671398;25834829;120161;202;28671699;36;0;0;0
FR;1;2021-08-05;301301;193081;1483;0;229373;0;0;0;0;34972699;26027910;121644;202;28901072;36;0;0;0
FR;1;2021-08-06;291006;224078;1560;3;261357;0;0;0;0;35263705;26251988;123204;205;29162429;36;0;0;0
FR;1;2021-08-07;182686;158758;655;5;181661;1;0;0;0;35446391;26410746;123859;210;29344090;37;0;0;0
FR;1;2021-08-08;68897;59100;253;0;67627;0;0;0;0;35515288;26469846;124112;210;29411717;37;0;0;0
FR;1;2021-08-09;222801;235139;1446;4;263840;2;0;0;0;35738089;26704985;125558;214;29675557;39;0;0;0
FR;1;2021-08-10;252764;239818;1492;2;271645;0;0;0;0;35990853;26944803;127050;216;29947202;39;0;0;0
FR;1;2021-08-11;236257;231719;1272;5;261227;0;0;0;0;36227110;27176522;128322;221;30208429;39;0;0;0
FR;1;2021-08-12;220806;239710;1492;3;267796;0;0;0;0;36447916;27416232;129814;224;30476225;39;0;0;0
FR;1;2021-08-13;201733;238482;1361;2;264017;2;0;0;0;36649649;27654714;131175;226;30740242;41;0;0;0
FR;1;2021-08-14;122877;174034;645;0;189536;0;0;0;0;36772526;27828748;131820;226;30929778;41;0;0;0
FR;1;2021-08-15;34711;46113;201;1;50330;0;0;0;0;36807237;27874861;132021;227;30980108;41;0;0;0
FR;1;2021-08-16;156967;289318;1424;0;309886;0;0;0;0;36964204;28164179;133445;227;31289994;41;0;0;0
FR;1;2021-08-17;171626;290948;1422;5;313347;0;0;0;0;37135830;28455127;134867;232;31603341;41;0;0;0
FR;1;2021-08-18;161452;286670;1394;6;307296;3;0;0;0;37297282;28741797;136261;238;31910637;44;0;0;0
FR;1;2021-08-19;148963;277408;1405;1;297247;0;0;0;0;37446245;29019205;137666;239;32207884;44;0;0;0
FR;1;2021-08-20;140535;308905;1535;2;328134;2;0;0;0;37586780;29328110;139201;241;32536018;46;0;0;0
FR;1;2021-08-21;84289;213210;589;0;224528;0;0;0;0;37671069;29541320;139790;241;32760546;46;0;0;0
FR;1;2021-08-22;28585;82695;233;0;86699;0;0;0;0;37699654;29624015;140023;241;32847245;46;0;0;0
FR;1;2021-08-23;118674;320943;1422;2;337672;0;0;0;0;37818328;29944958;141445;243;33184917;46;0;0;0
FR;1;2021-08-24;126689;319597;1604;5;337409;0;0;0;0;37945017;30264555;143049;248;33522326;46;0;0;0
FR;1;2021-08-25;121548;306409;1783;8;323580;2;0;0;0;38066565;30570964;144832;256;33845906;48;0;0;0
FR;1;2021-08-26;106649;286080;2165;10;302376;0;0;0;0;38173214;30857044;146997;266;34148282;48;0;0;0
FR;1;2021-08-27;107659;321585;2303;9;338837;1;0;0;0;38280873;31178629;149300;275;34487119;49;0;0;0
FR;1;2021-08-28;71030;220701;1102;0;231221;0;0;0;0;38351903;31399330;150402;275;34718340;49;0;0;0
FR;1;2021-08-29;24156;78209;469;1;82099;0;0;0;0;38376059;31477539;150871;276;34800439;49;0;0;0
FR;1;2021-08-30;96904;286252;4315;6;299753;4951;0;0;0;38472963;31763791;155186;282;35100192;5000;0;0;0
FR;1;2021-08-31;98136;276225;9295;15;289897;10057;2;0;0;38571099;32040016;164481;297;35390089;15057;2;0;0
FR;1;2021-09-01;112366;245283;21122;8;257666;22156;1;0;0;38683465;32285299;185603;305;35647755;37213;3;0;0
FR;1;2021-09-02;86760;197906;24536;18;208301;25517;0;0;0;38770225;32483205;210139;323;35856056;62730;3;0;0
FR;1;2021-09-03;82435;227475;26958;21;238913;28038;0;0;0;38852660;32710680;237097;344;36094969;90768;3;0;0
FR;1;2021-09-04;71632;189721;11141;11;199298;11712;7;0;0;38924292;32900401;248238;355;36294267;102480;10;0;0
FR;1;2021-09-05;18615;41142;4126;2;43849;4275;0;0;0;38942907;32941543;252364;357;36338116;106755;10;0;0
FR;1;2021-09-06;59825;151360;30182;15;158889;31206;2;0;0;39002732;33092903;282546;372;36497005;137961;12;0;0
FR;1;2021-09-07;57400;139622;30215;30;146741;31253;2;0;0;39060132;33232525;312761;402;36643746;169214;14;0;0
FR;1;2021-09-08;72358;173795;26926;22;182263;27967;4;0;0;39132490;33406320;339687;424;36826009;197181;18;0;0
FR;1;2021-09-09;54516;124427;28639;24;131187;29745;5;0;0;39187006;33530747;368326;448;36957196;226926;23;0;0
FR;1;2021-09-10;66225;152069;30452;24;161153;31694;5;0;0;39253231;33682816;398778;472;37118349;258620;28;0;0
FR;1;2021-09-11;52689;146638;9731;14;154126;10356;0;0;0;39305920;33829454;408509;486;37272475;268976;28;0;0
FR;1;2021-09-12;10800;29268;2491;1;30966;2661;2;0;0;39316720;33858722;411000;487;37303441;271637;30;0;0
FR;1;2021-09-13;51520;104393;38767;31;110926;40098;16;0;0;39368240;33963115;449767;518;37414367;311735;46;0;0
FR;1;2021-09-14;53343;96010;51293;67;102368;53300;37;0;0;39421583;34059125;501060;585;37516735;365035;83;0;0
FR;1;2021-09-15;60592;139228;50499;55;146396;47072;67;0;0;39482175;34198353;551559;640;37663131;412107;150;0;0
FR;1;2021-09-16;46646;81361;53354;70;86255;49617;55;0;0;39528821;34279714;604913;710;37749386;461724;205;0;0
FR;1;2021-09-17;53227;109324;45085;61;115659;42717;61;0;0;39582048;34389038;649998;771;37865045;504441;266;0;0
FR;1;2021-09-18;37887;118499;11797;19;124081;11280;19;0;0;39619935;34507537;661795;790;37989126;515721;285;0;0
FR;1;2021-09-19;6531;21022;2045;1;22126;1985;1;0;0;39626466;34528559;663840;791;38011252;517706;286;0;0
FR;1;2021-09-20;36543;74842;46230;65;78562;44197;30;0;0;39663009;34603401;710070;856;38089814;561903;316;0;0
FR;1;2021-09-21;34209;68100;56270;72;71135;52747;76;0;0;39697218;34671501;766340;928;38160949;614650;392;0;0
FR;1;2021-09-22;38852;118605;49887;76;123022;46942;38;0;0;39736070;34790106;816227;1004;38283971;661592;430;0;0
FR;1;2021-09-23;32043;62886;54515;85;65789;50921;76;0;0;39768113;34852992;870742;1089;38349760;712513;506;0;0
FR;1;2021-09-24;36804;90014;43679;89;94371;41960;57;0;0;39804917;34943006;914421;1178;38444131;754473;563;0;0
FR;1;2021-09-25;27655;96714;12308;27;101064;12190;19;0;0;39832572;35039720;926729;1205;38545195;766663;582;0;0
FR;1;2021-09-26;4390;15201;1777;5;16066;1699;4;0;0;39836962;35054921;928506;1210;38561261;768362;586;0;0
FR;1;2021-09-27;27356;60205;42930;89;63435;41661;78;0;1;39864318;35115126;971436;1299;38624696;810023;664;0;1
FR;1;2021-09-28;26913;49419;47207;76;52034;44497;38;0;0;39891231;35164545;1018643;1375;38676730;854520;702;0;1
FR;1;2021-09-29;35927;80250;47298;88;84637;45624;33;0;0;39927158;35244795;1065941;1463;38761367;900144;735;0;1
FR;1;2021-09-30;26077;46900;47530;80;49257;45481;51;0;0;39953235;35291695;1113471;1543;38810624;945625;786;0;1
FR;1;2021-10-01;47307;66913;44909;83;70794;44633;14;0;0;40000542;35358608;1158380;1626;38881418;990258;800;0;1
FR;1;2021-10-02;32385;62416;16114;32;67224;16325;6;0;0;40032927;35421024;1174494;1658;38948642;1006583;806;0;1
FR;1;2021-10-03;4344;8561;2043;3;9310;2038;4;0;0;40037271;35429585;1176537;1661;38957952;1008621;810;0;1
FR;1;2021-10-04;28986;44424;47117;79;46836;46986;31;0;0;40066257;35474009;1223654;1740;39004788;1055607;841;0;1
FR;1;2021-10-05;24576;41642;49895;116;43137;49354;46;0;0;40090833;35515651;1273549;1856;39047925;1104961;887;0;1
FR;1;2021-10-06;34660;61396;57511;101;64502;57268;24;0;0;40125493;35577047;1331060;1957;39112427;1162229;911;0;1
FR;1;2021-10-07;21085;39909;53056;74;41088;52002;31;0;0;40146578;35616956;1384116;2031;39153515;1214231;942;0;1
FR;1;2021-10-08;35672;59640;60412;83;62867;61168;28;0;0;40182250;35676596;1444528;2114;39216382;1275399;970;0;1
FR;1;2021-10-09;27466;48025;25498;29;52491;26028;10;0;0;40209716;35724621;1470026;2143;39268873;1301427;980;0;1
FR;1;2021-10-10;3727;5812;2759;7;6290;2865;1;0;0;40213443;35730433;1472785;2150;39275163;1304292;981;0;1
FR;1;2021-10-11;24860;38211;54590;88;40296;55272;43;0;0;40238303;35768644;1527375;2238;39315459;1359564;1024;0;1
FR;1;2021-10-12;23387;36580;58078;128;37078;59241;18;0;0;40261690;35805224;1585453;2366;39352537;1418805;1042;0;1
FR;1;2021-10-13;32975;47838;64177;125;50642;65703;22;0;1;40294665;35853062;1649630;2491;39403179;1484508;1064;0;2
FR;1;2021-10-14;21715;34773;53776;103;35679;54373;21;0;0;40316380;35887835;1703406;2594;39438858;1538881;1085;0;2
FR;1;2021-10-15;32757;48767;72340;165;50458;75038;22;0;0;40349137;35936602;1775746;2759;39489316;1613919;1107;0;2
FR;1;2021-10-16;26014;35281;34874;45;38297;36431;13;0;0;40375151;35971883;1810620;2804;39527613;1650350;1120;0;2
FR;1;2021-10-17;3161;4053;3419;2;4497;3319;3;0;0;40378312;35975936;1814039;2806;39532110;1653669;1123;0;2
FR;1;2021-10-18;24353;34879;66854;132;34916;69740;27;0;0;40402665;36010815;1880893;2938;39567026;1723409;1150;0;2
FR;1;2021-10-19;20724;35571;75678;135;33220;79612;38;0;0;40423389;36046386;1956571;3073;39600246;1803021;1188;0;2
FR;1;2021-10-20;29918;44200;96192;178;43274;99883;45;0;0;40453307;36090586;2052763;3251;39643520;1902904;1233;0;2
FR;1;2021-10-21;19807;35053;83202;107;31763;87065;29;0;0;40473114;36125639;2135965;3358;39675283;1989969;1262;0;2
FR;1;2021-10-22;29756;47758;103757;196;44556;109722;58;0;0;40502870;36173397;2239722;3554;39719839;2099691;1320;0;2
FR;1;2021-10-23;23055;35142;44876;57;36130;47385;11;0;0;40525925;36208539;2284598;3611;39755969;2147076;1331;0;2
FR;1;2021-10-24;2407;3841;3585;6;4041;3718;1;0;0;40528332;36212380;2288183;3617;39760010;2150794;1332;0;2
FR;1;2021-10-25;22504;30717;82031;143;29599;85840;36;0;0;40550836;36243097;2370214;3760;39789609;2236634;1368;0;2
FR;1;2021-10-26;19368;27645;86127;162;24737;90358;30;0;0;40570204;36270742;2456341;3922;39814346;2326992;1398;0;2
FR;1;2021-10-27;26224;39609;107828;252;37300;112743;45;0;0;40596428;36310351;2564169;4174;39851646;2439735;1443;0;2
FR;1;2021-10-28;18804;27108;86970;150;23480;91740;34;0;0;40615232;36337459;2651139;4324;39875126;2531475;1477;0;2
FR;1;2021-10-29;25936;40252;114845;202;35486;121683;49;0;0;40641168;36377711;2765984;4526;39910612;2653158;1526;0;2
FR;1;2021-10-30;17714;28718;49373;74;28302;51970;18;0;0;40658882;36406429;2815357;4600;39938914;2705128;1544;0;2
FR;1;2021-10-31;2088;3169;3452;2;3215;3686;2;0;0;40660970;36409598;2818809;4602;39942129;2708814;1546;0;2
FR;1;2021-11-01;8027;4274;3037;3;4357;3295;6;0;0;40668997;36413872;2821846;4605;39946486;2712109;1552;0;2
FR;1;2021-11-02;22918;33218;92416;156;29172;97870;39;0;1;40691915;36447090;2914262;4761;39975658;2809979;1591;0;3
FR;1;2021-11-03;26639;41549;117526;219;36997;123912;54;0;0;40718554;36488639;3031788;4980;40012655;2933891;1645;0;3
FR;1;2021-11-04;19630;30288;105827;213;24183;111971;42;0;0;40738184;36518927;3137615;5193;40036838;3045862;1687;0;3
FR;1;2021-11-05;27036;42299;138800;230;34179;147490;47;0;0;40765220;36561226;3276415;5423;40071017;3193352;1734;0;3
FR;1;2021-11-06;18864;29807;63500;123;27605;66520;24;0;0;40784084;36591033;3339915;5546;40098622;3259872;1758;0;3
FR;1;2021-11-07;1835;3267;4985;6;3024;5302;5;0;0;40785919;36594300;3344900;5552;40101646;3265174;1763;0;3
FR;1;2021-11-08;17882;32249;126022;224;25390;132661;47;0;0;40803801;36626549;3470922;5776;40127036;3397835;1810;0;3
FR;1;2021-11-09;19520;37609;159334;334;26129;169158;63;0;0;40823321;36664158;3630256;6110;40153165;3566993;1873;0;3
FR;1;2021-11-10;28895;49046;181931;441;39012;192547;82;0;0;40852216;36713204;3812187;6551;40192177;3759540;1955;0;3
FR;1;2021-11-11;4192;5931;12240;26;5108;13030;14;0;0;40856408;36719135;3824427;6577;40197285;3772570;1969;0;3
FR;1;2021-11-12;26029;46819;174849;244;35282;186551;76;0;0;40882437;36765954;3999276;6821;40232567;3959121;2045;0;3
FR;1;2021-11-13;18736;29143;76847;111;25369;81792;40;0;0;40901173;36795097;4076123;6932;40257936;4040913;2085;0;3
FR;1;2021-11-14;2051;3240;6828;5;2796;7358;6;0;0;40903224;36798337;4082951;6937;40260732;4048271;2091;0;3
FR;1;2021-11-15;18798;34705;156449;306;24613;166286;59;0;0;40922022;36833042;4239400;7243;40285345;4214557;2150;0;3
FR;1;2021-11-16;21369;37810;192164;380;23315;205082;99;0;1;40943391;36870852;4431564;7623;40308660;4419639;2249;0;4
FR;1;2021-11-17;28675;45553;193256;398;33021;205084;92;0;0;40972066;36916405;4624820;8021;40341681;4624723;2341;0;4
FR;1;2021-11-18;21149;39595;182545;459;25134;194672;85;0;0;40993215;36956000;4807365;8480;40366815;4819395;2426;0;4
FR;1;2021-11-19;30894;53316;230287;532;34810;246782;134;0;0;41024109;37009316;5037652;9012;40401625;5066177;2560;0;4
FR;1;2021-11-20;23776;33217;97003;202;26736;103656;40;0;0;41047885;37042533;5134655;9214;40428361;5169833;2600;0;4
FR;1;2021-11-21;2342;3909;9134;19;2957;9940;16;0;0;41050227;37046442;5143789;9233;40431318;5179773;2616;0;4
FR;1;2021-11-22;21426;30326;175932;467;16941;189483;79;0;0;41071653;37076768;5319721;9700;40448259;5369256;2695;0;4
FR;1;2021-11-23;24033;40970;221267;540;21318;238021;77;0;0;41095686;37117738;5540988;10240;40469577;5607277;2772;0;4
FR;1;2021-11-24;30298;49641;217403;701;31960;234586;67;0;0;41125984;37167379;5758391;10941;40501537;5841863;2839;0;4
FR;1;2021-11-25;23732;44045;244528;718;22071;264228;101;0;0;41149716;37211424;6002919;11659;40523608;6106091;2940;0;4
FR;1;2021-11-26;30619;66640;356842;836;33241;388629;154;0;0;41180335;37278064;6359761;12495;40556849;6494720;3094;0;4
FR;1;2021-11-27;21960;45262;202667;372;26149;222698;112;0;0;41202295;37323326;6562428;12867;40582998;6717418;3206;0;4
FR;1;2021-11-28;3180;9543;54804;63;3468;61016;37;0;0;41205475;37332869;6617232;12930;40586466;6778434;3243;0;4
FR;1;2021-11-29;17905;49468;326438;841;20781;354581;150;0;0;41223380;37382337;6943670;13771;40607247;7133015;3393;0;4
FR;1;2021-11-30;22790;64818;431197;952;23793;470848;266;0;0;41246170;37447155;7374867;14723;40631040;7603863;3659;0;4
FR;1;2021-12-01;25365;69037;442956;1131;28429;481822;271;0;0;41271535;37516192;7817823;15854;40659469;8085685;3930;0;4
FR;1;2021-12-02;20094;64295;489466;1230;18431;532972;274;0;0;41291629;37580487;8307289;17084;40677900;8618657;4204;0;4
FR;1;2021-12-03;22912;82291;542843;1310;30262;591860;308;0;0;41314541;37662778;8850132;18394;40708162;9210517;4512;0;4
FR;1;2021-12-04;16416;53777;299138;654;23202;328999;180;0;0;41330957;37716555;9149270;19048;40731364;9539516;4692;0;4
FR;1;2021-12-05;3635;13773;81549;143;4193;91048;85;0;0;41334592;37730328;9230819;19191;40735557;9630564;4777;0;4
FR;1;2021-12-06;25847;62419;415526;1066;22058;455254;359;0;0;41360439;37792747;9646345;20257;40757615;10085818;5136;0;4
FR;1;2021-12-07;20020;75448;523087;1536;24267;572746;372;0;0;41380459;37868195;10169432;21793;40781882;10658564;5508;0;4
FR;1;2021-12-08;21719;75489;458639;1545;30646;502296;377;0;0;41402178;37943684;10628071;23338;40812528;11160860;5885;0;4
FR;1;2021-12-09;19472;73925;493120;1624;24309;541133;398;0;0;41421650;38017609;11121191;24962;40836837;11701993;6283;0;4
FR;1;2021-12-10;23329;87514;547477;1585;32410;600120;392;0;1;41444979;38105123;11668668;26547;40869247;12302113;6675;0;5
FR;1;2021-12-11;16533;59086;302772;751;25945;335505;278;0;0;41461512;38164209;11971440;27298;40895192;12637618;6953;0;5
FR;1;2021-12-12;4398;15877;83241;179;5242;94049;96;0;0;41465910;38180086;12054681;27477;40900434;12731667;7049;0;5
FR;1;2021-12-13;15762;63389;367088;1094;23899;406370;236;0;0;41481672;38243475;12421769;28571;40924333;13138037;7285;0;5
FR;1;2021-12-14;20870;80105;464907;1749;28630;515367;507;0;1;41502542;38323580;12886676;30320;40952963;13653404;7792;0;6
FR;1;2021-12-15;21629;77282;409190;1309;32999;453259;311;0;1;41524171;38400862;13295866;31629;40985962;14106663;8103;0;7
FR;1;2021-12-16;20068;77045;452016;1577;27917;500754;324;0;0;41544239;38477907;13747882;33206;41013879;14607417;8427;0;7
FR;1;2021-12-17;22628;86368;480033;1737;34638;531059;371;0;0;41566867;38564275;14227915;34943;41048517;15138476;8798;0;7
FR;1;2021-12-18;17610;54543;257664;731;24678;288531;232;0;0;41584477;38618818;14485579;35674;41073195;15427007;9030;0;7
FR;1;2021-12-19;5563;16907;79205;194;5920;90677;117;0;0;41590040;38635725;14564784;35868;41079115;15517684;9147;0;7
FR;1;2021-12-20;20957;62863;316308;1082;26482;355339;286;0;0;41610997;38698588;14881092;36950;41105597;15873023;9433;0;7
FR;1;2021-12-21;26344;72855;372822;1422;30550;418150;338;0;0;41637341;38771443;15253914;38372;41136147;16291173;9771;0;7
FR;1;2021-12-22;24989;65638;310708;1217;29569;349631;361;0;1;41662330;38837081;15564622;39589;41165716;16640804;10132;0;8
FR;1;2021-12-23;21280;52100;241543;958;23336;273074;362;0;0;41683610;38889181;15806165;40547;41189052;16913878;10494;0;8
FR;1;2021-12-24;7130;18267;67172;258;9242;77064;154;0;1;41690740;38907448;15873337;40805;41198294;16990942;10648;0;9
FR;1;2021-12-25;510;2864;5595;15;1797;6539;55;0;0;41691250;38910312;15878932;40820;41200091;16997481;10703;0;9
FR;1;2021-12-26;2751;7565;26961;71;3489;31471;100;0;0;41694001;38917877;15905893;40891;41203580;17028952;10803;0;9
FR;1;2021-12-27;18311;53455;235148;705;25446;265807;365;0;0;41712312;38971332;16141041;41596;41229026;17294759;11168;0;9
FR;1;2021-12-28;23302;61878;292072;1026;26987;330247;595;0;1;41735614;39033210;16433113;42622;41256013;17625006;11763;0;10
FR;1;2021-12-29;22218;55370;255050;921;25253;288247;645;0;1;41757832;39088580;16688163;43543;41281266;17913253;12408;0;11
FR;1;2021-12-30;21240;46407;212185;858;22443;239635;718;0;0;41779072;39134987;16900348;44401;41303709;18152888;13126;0;11
FR;1;2021-12-31;7468;16536;61882;229;8713;70417;347;0;0;41786540;39151523;16962230;44630;41312422;18223305;13473;0;11
FR;1;2022-01-01;1173;2492;5668;30;1546;6577;73;0;0;41787713;39154015;16967898;44660;41313968;18229882;13546;0;11
FR;1;2022-01-02;3096;8073;28896;50;3672;33536;190;0;0;41790809;39162088;16996794;44710;41317640;18263418;13736;0;11
FR;1;2022-01-03;27025;54162;228289;790;27529;257750;964;0;1;41817834;39216250;17225083;45500;41345169;18521168;14700;0;12
FR;1;2022-01-04;26374;64967;299328;1241;29772;337372;1367;0;2;41844208;39281217;17524411;46741;41374941;18858540;16067;0;14
FR;1;2022-01-05;30572;64234;274940;1099;32503;310318;1264;0;0;41874780;39345451;17799351;47840;41407444;19168858;17331;0;14
FR;1;2022-01-06;26862;66198;306957;1404;29270;346634;1568;0;1;41901642;39411649;18106308;49244;41436714;19515492;18899;0;15
FR;1;2022-01-07;31584;74957;349881;1538;34384;394008;1822;0;1;41933226;39486606;18456189;50782;41471098;19909500;20721;0;16
FR;1;2022-01-08;23391;51356;222512;698;25569;251139;913;0;1;41956617;39537962;18678701;51480;41496667;20160639;21634;0;17
FR;1;2022-01-09;7091;17130;66036;163;8165;76142;335;0;0;41963708;39555092;18744737;51643;41504832;20236781;21969;0;17
FR;1;2022-01-10;21815;60570;236840;957;32913;267629;1258;0;1;41985523;39615662;18981577;52600;41537745;20504410;23227;0;18
FR;1;2022-01-11;26786;63429;282350;1281;31188;317867;1838;0;1;42012309;39679091;19263927;53881;41568933;20822277;25065;0;19
FR;1;2022-01-12;28969;62475;246306;1106;35040;278095;1686;0;3;42041278;39741566;19510233;54987;41603973;21100372;26751;0;22
FR;1;2022-01-13;24791;60154;262845;1253;30024;296166;1993;0;4;42066069;39801720;19773078;56240;41633997;21396538;28744;0;26
FR;1;2022-01-14;27972;66679;314057;1366;32102;351307;2475;0;1;42094041;39868399;20087135;57606;41666099;21747845;31219;0;27
FR;1;2022-01-15;19371;44410;199333;619;22463;223870;1363;0;1;42113412;39912809;20286468;58225;41688562;21971715;32582;0;28
FR;1;2022-01-16;5161;12954;51537;135;6017;59558;338;0;0;42118573;39925763;20338005;58360;41694579;22031273;32920;0;28
FR;1;2022-01-17;16884;39657;184868;783;20107;206845;1690;0;2;42135457;39965420;20522873;59143;41714686;22238118;34610;0;30
FR;1;2022-01-18;19460;45956;212464;1154;22981;237066;2456;0;1;42154917;40011376;20735337;60297;41737667;22475184;37066;0;31
FR;1;2022-01-19;20314;43936;176151;898;25463;197206;1977;0;4;42175231;40055312;20911488;61195;41763130;22672390;39043;0;35
FR;1;2022-01-20;16853;40568;183727;1147;20814;204772;2517;0;2;42192084;40095880;21095215;62342;41783944;22877162;41560;0;37
FR;1;2022-01-21;19923;47000;228985;1405;23879;253362;3106;0;1;42212007;40142880;21324200;63747;41807823;23130524;44666;0;38
FR;1;2022-01-22;13845;33330;144509;579;18431;161398;1404;0;2;42225852;40176210;21468709;64326;41826254;23291922;46070;0;40
FR;1;2022-01-23;3379;8761;33439;132;4575;38323;352;0;1;42229231;40184971;21502148;64458;41830829;23330245;46422;0;41
FR;1;2022-01-24;11817;32967;142245;718;17786;158282;2105;0;1;42241048;40217938;21644393;65176;41848615;23488527;48527;0;42
FR;1;2022-01-25;14217;38160;163436;1049;20283;181572;3181;0;1;42255265;40256098;21807829;66225;41868898;23670099;51708;0;43
FR;1;2022-01-26;14865;37722;150273;934;22633;166402;2516;0;1;42270130;40293820;21958102;67159;41891531;23836501;54224;0;44
FR;1;2022-01-27;12341;33337;143472;896;18497;158051;3230;0;3;42282471;40327157;22101574;68055;41910028;23994552;57454;0;47
FR;1;2022-01-28;16331;56907;198337;1144;32661;222398;4007;0;3;42298802;40384064;22299911;69199;41942689;24216950;61461;0;50
FR;1;2022-01-29;10270;35465;135216;525;19612;151539;1879;0;1;42309072;40419529;22435127;69724;41962301;24368489;63340;0;51
FR;1;2022-01-30;2485;9253;29688;86;4826;34449;434;0;1;42311557;40428782;22464815;69810;41967127;24402938;63774;0;52
FR;1;2022-01-31;8760;32461;104354;533;19470;117343;2340;0;3;42320317;40461243;22569169;70343;41986597;24520281;66114;0;55
FR;1;2022-02-01;11011;36444;127095;866;20630;141216;4320;0;1;42331328;40497687;22696264;71209;42007227;24661497;70434;0;56
FR;1;2022-02-02;12169;41570;130371;783;25261;145817;3773;0;9;42343497;40539257;22826635;71992;42032488;24807314;74207;0;65
FR;1;2022-02-03;9520;34054;117034;785;19122;130333;4284;0;4;42353017;40573311;22943669;72777;42051610;24937647;78491;0;69
FR;1;2022-02-04;11544;49691;172589;968;26983;192723;5479;0;5;42364561;40623002;23116258;73745;42078593;25130370;83970;0;74
FR;1;2022-02-05;8000;33921;117593;391;18170;133023;2414;0;3;42372561;40656923;23233851;74136;42096763;25263393;86384;0;77
FR;1;2022-02-06;1706;7995;22754;86;3873;26905;444;0;0;42374267;40664918;23256605;74222;42100636;25290298;86828;0;77
FR;1;2022-02-07;7369;35386;119115;460;18174;134970;3398;0;4;42381636;40700304;23375720;74682;42118810;25425268;90226;0;81
FR;1;2022-02-08;7772;31960;125678;696;14891;140668;4301;0;5;42389408;40732264;23501398;75378;42133701;25565936;94527;0;86
FR;1;2022-02-09;8741;36529;135267;702;17930;152510;3884;0;7;42398149;40768793;23636665;76080;42151631;25718446;98411;0;93
FR;1;2022-02-10;7032;30146;116383;677;13911;130171;4445;0;1;42405181;40798939;23753048;76757;42165542;25848617;102856;0;94
FR;1;2022-02-11;8662;41569;165150;878;18383;185374;5430;0;3;42413843;40840508;23918198;77635;42183925;26033991;108286;0;97
FR;1;2022-02-12;5346;27617;106715;379;12540;120900;2396;0;2;42419189;40868125;24024913;78014;42196465;26154891;110682;0;99
FR;1;2022-02-13;1269;5721;21721;66;2188;25339;402;0;3;42420458;40873846;24046634;78080;42198653;26180230;111084;0;102
FR;1;2022-02-14;5462;27230;118095;395;10644;133123;3385;0;4;42425920;40901076;24164729;78475;42209297;26313353;114469;0;106
FR;1;2022-02-15;5797;28872;118941;611;12221;132572;4883;0;1;42431717;40929948;24283670;79086;42221518;26445925;119352;0;107
FR;1;2022-02-16;5763;28497;110429;597;13764;123059;4153;0;3;42437480;40958445;24394099;79683;42235282;26568984;123505;0;110
FR;1;2022-02-17;4617;19749;73156;489;10129;80263;3999;0;3;42442097;40978194;24467255;80172;42245411;26649247;127504;0;113
FR;1;2022-02-18;5615;26805;99209;673;14177;108171;5519;0;2;42447712;41004999;24566464;80845;42259588;26757418;133023;0;115
FR;1;2022-02-19;3552;17178;59479;305;9571;66060;2267;0;0;42451264;41022177;24625943;81150;42269159;26823478;135290;0;115
FR;1;2022-02-20;794;3258;10706;36;1651;12333;360;0;1;42452058;41025435;24636649;81186;42270810;26835811;135650;0;116
FR;1;2022-02-21;3430;14599;52830;286;7919;57678;3126;0;2;42455488;41040034;24689479;81472;42278729;26893489;138776;0;118
FR;1;2022-02-22;3804;15551;51919;500;9048;55657;4070;0;1;42459292;41055585;24741398;81972;42287777;26949146;142846;0;119
FR;1;2022-02-23;4235;17827;57487;510;10747;62589;3568;0;3;42463527;41073412;24798885;82482;42298524;27011735;146414;0;122
FR;1;2022-02-24;3345;13146;43620;436;7841;46410;3658;0;2;42466872;41086558;24842505;82918;42306365;27058145;150072;0;124
FR;1;2022-02-25;4478;20133;64928;697;12250;68799;5768;0;4;42471350;41106691;24907433;83615;42318615;27126944;155840;0;128
FR;1;2022-02-26;2697;12806;41371;310;7653;45124;2494;0;2;42474047;41119497;24948804;83925;42326268;27172068;158334;0;130
FR;1;2022-02-27;644;2192;7131;42;1207;7994;433;0;0;42474691;41121689;24955935;83967;42327475;27180062;158767;0;130
FR;1;2022-02-28;2614;10502;34968;306;6082;37395;3123;0;0;42477305;41132191;24990903;84273;42333557;27217457;161890;0;130
FR;1;2022-03-01;3592;10762;38706;392;6364;39662;4549;0;4;42480897;41142953;25029609;84665;42339921;27257119;166439;0;134
FR;1;2022-03-02;3685;12287;41871;400;7554;43941;4112;0;1;42484582;41155240;25071480;85065;42347475;27301060;170551;0;135
FR;1;2022-03-03;2464;7994;26185;329;5249;26523;3380;0;1;42487046;41163234;25097665;85394;42352724;27327583;173931;0;136
FR;1;2022-03-04;2691;10555;35468;594;6986;34963;5280;0;3;42489737;41173789;25133133;85988;42359710;27362546;179211;0;139
FR;1;2022-03-05;1823;6370;21972;281;4208;22370;2573;0;1;42491560;41180159;25155105;86269;42363918;27384916;181784;0;140
FR;1;2022-03-06;360;959;2918;38;605;3121;327;0;0;42491920;41181118;25158023;86307;42364523;27388037;182111;0;140
FR;1;2022-03-07;1923;4724;16442;245;3046;15909;2832;0;4;42493843;41185842;25174465;86552;42367569;27403946;184943;0;144
FR;1;2022-03-08;1719;5261;17172;309;3672;16001;3471;0;3;42495562;41191103;25191637;86861;42371241;27419947;188414;0;147
FR;1;2022-03-09;1988;6749;19821;371;4824;19179;3424;0;4;42497550;41197852;25211458;87232;42376065;27439126;191838;0;151
FR;1;2022-03-10;1416;5024;15302;309;3676;14340;2944;0;2;42498966;41202876;25226760;87541;42379741;27453466;194782;0;153
FR;1;2022-03-11;1761;6416;21717;487;4450;19873;4737;0;1;42500727;41209292;25248477;88028;42384191;27473339;199519;0;154
FR;1;2022-03-12;1264;4651;15367;281;3092;14915;2687;0;2;42501991;41213943;25263844;88309;42387283;27488254;202206;0;156
FR;1;2022-03-13;258;614;2119;120;416;2065;469;0;0;42502249;41214557;25265963;88429;42387699;27490319;202675;0;156
FR;1;2022-03-14;1160;3682;13408;3882;2297;12529;6342;0;8;42503409;41218239;25279371;92311;42389996;27502848;209017;0;164
FR;1;2022-03-15;1409;5736;14665;6865;4320;13262;9847;0;8;42504818;41223975;25294036;99176;42394316;27516110;218864;0;172
FR;1;2022-03-16;1700;5092;17402;11522;3603;16465;14128;0;6;42506518;41229067;25311438;110698;42397919;27532575;232992;0;178
FR;1;2022-03-17;1182;3442;11735;9648;2367;10829;11733;0;8;42507700;41232509;25323173;120346;42400286;27543404;244725;0;186
FR;1;2022-03-18;1725;4931;17980;16508;3324;16419;19722;0;14;42509425;41237440;25341153;136854;42403610;27559823;264447;0;200
FR;1;2022-03-19;1126;3302;11891;8460;2277;11362;10142;0;6;42510551;41240742;25353044;145314;42405887;27571185;274589;0;206
FR;1;2022-03-20;225;562;1726;1015;364;1761;1224;0;2;42510776;41241304;25354770;146329;42406251;27572946;275813;0;208
FR;1;2022-03-21;1088;2768;11506;13462;1787;10857;15142;0;10;42511864;41244072;25366276;159791;42408038;27583803;290955;0;218
FR;1;2022-03-22;1282;3216;12265;18716;2156;11254;20619;0;5;42513146;41247288;25378541;178507;42410194;27595057;311574;0;223
FR;1;2022-03-23;1517;4365;16037;20112;2961;15718;21884;0;34;42514663;41251653;25394578;198619;42413155;27610775;333458;0;257
FR;1;2022-03-24;1121;2754;10405;16060;1910;9666;17565;0;15;42515784;41254407;25404983;214679;42415065;27620441;351023;0;272
FR;1;2022-03-25;1541;4364;16758;25317;2882;15411;27960;0;23;42517325;41258771;25421741;239996;42417947;27635852;378983;0;295
FR;1;2022-03-26;1110;3018;10856;11452;2065;10518;12864;0;20;42518435;41261789;25432597;251448;42420012;27646370;391847;0;315
FR;1;2022-03-27;237;546;1751;1383;334;1804;1594;0;1;42518672;41262335;25434348;252831;42420346;27648174;393441;0;316
FR;1;2022-03-28;1086;2490;9981;15885;1558;9602;17230;0;10;42519758;41264825;25444329;268716;42421904;27657776;410671;0;326
FR;1;2022-03-29;1140;2754;11562;25112;1602;10926;26509;0;30;42520898;41267579;25455891;293828;42423506;27668702;437180;0;356
FR;1;2022-03-30;1632;3680;14176;24233;2454;13716;25897;0;19;42522530;41271259;25470067;318061;42425960;27682418;463077;0;375
FR;1;2022-03-31;1281;3033;11702;22705;2061;11215;24026;0;40;42523811;41274292;25481769;340766;42428021;27693633;487103;0;415
FR;1;2022-04-01;2243;4025;18493;28533;2482;17363;30805;0;54;42526054;41278317;25500262;369299;42430503;27710996;517908;0;469
FR;1;2022-04-02;911;1894;8197;9241;1106;7960;10234;0;28;42526965;41280211;25508459;378540;42431609;27718956;528142;0;497
FR;1;2022-04-03;207;382;1433;1058;219;1435;1249;0;1;42527172;41280593;25509892;379598;42431828;27720391;529391;0;498
FR;1;2022-04-04;4274;2608;11386;17683;1697;10777;18903;0;30;42531446;41283201;25521278;397281;42433525;27731168;548294;0;528
FR;1;2022-04-05;2262;2725;13008;31222;1708;12034;32603;0;68;42533708;41285926;25534286;428503;42435233;27743202;580897;0;596
FR;1;2022-04-06;1893;3018;12209;23992;1926;11646;25289;0;62;42535601;41288944;25546495;452495;42437159;27754848;606186;0;658
FR;1;2022-04-07;1694;2754;12361;31122;1651;11830;32196;0;68;42537295;41291698;25558856;483617;42438810;27766678;638382;0;726
FR;1;2022-04-08;1847;3714;17571;40649;2100;16501;42702;0;76;42539142;41295412;25576427;524266;42440910;27783179;681084;0;802
FR;1;2022-04-09;828;2000;8406;12504;1079;8106;13502;0;26;42539970;41297412;25584833;536770;42441989;27791285;694586;0;828
FR;1;2022-04-10;202;655;1837;1855;420;1883;2075;0;6;42540172;41298067;25586670;538625;42442409;27793168;696661;0;834
FR;1;2022-04-11;1108;2269;10973;22373;1322;10687;23481;0;68;42541280;41300336;25597643;560998;42443731;27803855;720142;0;902
FR;1;2022-04-12;1352;2680;12830;38148;1594;12318;38900;0;119;42542632;41303016;25610473;599146;42445325;27816173;759042;0;1021
FR;1;2022-04-13;1282;2895;12279;30627;1790;12010;31399;0;85;42543914;41305911;25622752;629773;42447115;27828183;790441;0;1106
FR;1;2022-04-14;1240;2629;12119;33661;1632;12133;34098;0;87;42545154;41308540;25634871;663434;42448747;27840316;824539;0;1193
FR;1;2022-04-15;1513;3352;14408;33269;2167;13815;34671;0;107;42546667;41311892;25649279;696703;42450914;27854131;859210;0;1300
FR;1;2022-04-16;663;1410;5845;8003;767;5777;8757;0;31;42547330;41313302;25655124;704706;42451681;27859908;867967;0;1331
FR;1;2022-04-17;157;290;930;1121;177;975;1171;0;7;42547487;41313592;25656054;705827;42451858;27860883;869138;0;1338
FR;1;2022-04-18;170;499;2636;1002;313;2660;1187;0;5;42547657;41314091;25658690;706829;42452171;27863543;870325;0;1343
FR;1;2022-04-19;1260;2610;11788;27937;1501;11519;28792;0;69;42548917;41316701;25670478;734766;42453672;27875062;899117;0;1412
FR;1;2022-04-20;1361;2676;12179;26886;1679;12031;27711;0;82;42550278;41319377;25682657;761652;42455351;27887093;926828;0;1494
FR;1;2022-04-21;1245;2466;11554;33286;1515;11785;33624;0;107;42551523;41321843;25694211;794938;42456866;27898878;960452;0;1601
FR;1;2022-04-22;1527;3094;15219;35528;1927;14803;36719;0;121;42553050;41324937;25709430;830466;42458793;27913681;997171;0;1722
FR;1;2022-04-23;767;1591;6738;9896;928;6644;10580;0;30;42553817;41326528;25716168;840362;42459721;27920325;1007751;0;1752
FR;1;2022-04-24;195;378;1376;1524;242;1329;1749;0;7;42554012;41326906;25717544;841886;42459963;27921654;1009500;0;1759
FR;1;2022-04-25;1042;2133;9858;19744;1255;9766;20558;0;64;42555054;41329039;25727402;861630;42461218;27931420;1030058;0;1823
FR;1;2022-04-26;1351;2627;12608;36640;1608;12207;37228;0;163;42556405;41331666;25740010;898270;42462826;27943627;1067286;0;1986
FR;1;2022-04-27;1331;2411;10655;29292;1471;10791;29677;0;123;42557736;41334077;25750665;927562;42464297;27954418;1096963;0;2109
FR;1;2022-04-28;1285;2423;11565;34331;1531;11406;34481;0;127;42559021;41336500;25762230;961893;42465828;27965824;1131444;0;2236
FR;1;2022-04-29;1616;4296;14407;35563;3169;13860;36852;0;153;42560637;41340796;25776637;997456;42468997;27979684;1168296;0;2389
FR;1;2022-04-30;841;4335;6448;9173;3762;6292;9974;0;35;42561478;41345131;25783085;1006629;42472759;27985976;1178270;0;2424
FR;1;2022-05-01;179;288;832;951;190;826;1080;0;5;42561657;41345419;25783917;1007580;42472949;27986802;1179350;0;2429
FR;1;2022-05-02;2098;2629;10383;16956;1784;10308;17637;0;64;42563755;41348048;25794300;1024536;42474733;27997110;1196987;0;2493
FR;1;2022-05-03;1689;2880;12712;32916;1763;12604;33715;0;149;42565444;41350928;25807012;1057452;42476496;28009714;1230702;0;2642
FR;1;2022-05-04;1384;2749;11235;23825;1694;11396;24365;0;96;42566828;41353677;25818247;1081277;42478190;28021110;1255067;0;2738
FR;1;2022-05-05;1501;2739;12201;31862;1723;12124;32410;0;170;42568329;41356416;25830448;1113139;42479913;28033234;1287477;0;2908
FR;1;2022-05-06;1823;3243;14246;34957;1919;13833;36216;0;166;42570152;41359659;25844694;1148096;42481832;28047067;1323693;0;3074
FR;1;2022-05-07;860;1473;5979;9097;878;6013;9731;0;44;42571012;41361132;25850673;1157193;42482710;28053080;1333424;0;3118
FR;1;2022-05-08;190;329;1062;1472;221;1124;1548;0;8;42571202;41361461;25851735;1158665;42482931;28054204;1334972;0;3126
FR;1;2022-05-09;1168;2020;9249;19262;1160;9164;20034;0;93;42572370;41363481;25860984;1177927;42484091;28063368;1355006;0;3219
FR;1;2022-05-10;1513;3050;12620;37145;1961;12219;38043;0;177;42573883;41366531;25873604;1215072;42486052;28075587;1393049;0;3396
FR;1;2022-05-11;1440;2480;9913;26043;1698;9860;26561;0;138;42575323;41369011;25883517;1241115;42487750;28085447;1419610;0;3534
FR;1;2022-05-12;1326;2458;10531;33654;1550;10231;34300;0;188;42576649;41371469;25894048;1274769;42489300;28095678;1453910;0;3722
FR;1;2022-05-13;1620;2808;12770;35855;1688;12418;36950;0;149;42578269;41374277;25906818;1310624;42490988;28108096;1490860;0;3871
FR;1;2022-05-14;783;1331;5481;10217;818;5365;10732;0;52;42579052;41375608;25912299;1320841;42491806;28113461;1501592;0;3923
FR;1;2022-05-15;223;423;1182;1352;247;1252;1497;0;5;42579275;41376031;25913481;1322193;42492053;28114713;1503089;0;3928
FR;1;2022-05-16;972;1786;8082;20138;1005;8146;20550;0;117;42580247;41377817;25921563;1342331;42493058;28122859;1523639;0;4045
FR;1;2022-05-17;1298;2303;11126;36187;1387;10730;36973;0;172;42581545;41380120;25932689;1378518;42494445;28133589;1560612;0;4217
FR;1;2022-05-18;1313;2137;9042;25730;1369;8991;26290;0;99;42582858;41382257;25941731;1404248;42495814;28142580;1586902;0;4316
FR;1;2022-05-19;1207;2404;9857;34005;1415;9952;34208;0;150;42584065;41384661;25951588;1438253;42497229;28152532;1621110;0;4466
FR;1;2022-05-20;1563;2757;12533;37655;1721;12113;38516;0;151;42585628;41387418;25964121;1475908;42498950;28164645;1659626;0;4617
FR;1;2022-05-21;775;1387;5247;9374;880;5164;9944;0;37;42586403;41388805;25969368;1485282;42499830;28169809;1669570;0;4654
FR;1;2022-05-22;194;292;955;1398;204;953;1522;0;10;42586597;41389097;25970323;1486680;42500034;28170762;1671092;0;4664
FR;1;2022-05-23;971;1891;8372;19439;1179;8348;20056;0;79;42587568;41390988;25978695;1506119;42501213;28179110;1691148;0;4743
FR;1;2022-05-24;1289;2448;10728;37252;1440;10598;37825;0;173;42588857;41393436;25989423;1543371;42502653;28189708;1728973;0;4916
FR;1;2022-05-25;1272;2305;8793;23694;1430;8957;24056;0;111;42590129;41395741;25998216;1567065;42504083;28198665;1753029;0;5027
FR;1;2022-05-26;175;385;1585;1155;261;1580;1288;0;24;42590304;41396126;25999801;1568220;42504344;28200245;1754317;0;5051
FR;1;2022-05-27;1120;2192;8790;20457;1377;8538;21410;0;84;42591424;41398318;26008591;1588677;42505721;28208783;1775727;0;5135
FR;1;2022-05-28;486;1059;3692;6543;627;3729;6930;0;37;42591910;41399377;26012283;1595220;42506348;28212512;1782657;0;5172
FR;1;2022-05-29;121;257;708;896;149;719;1005;0;4;42592031;41399634;26012991;1596116;42506497;28213231;1783662;0;5176
FR;1;2022-05-30;832;1745;6559;18536;1046;6592;18990;0;85;42592863;41401379;26019550;1614652;42507543;28219823;1802652;0;5261
FR;1;2022-05-31;1266;2241;9248;34376;1372;9118;34976;0;159;42594129;41403620;26028798;1649028;42508915;28228941;1837628;0;5420
FR;1;2022-06-01;1336;2605;10439;23460;1752;10302;24307;0;116;42595465;41406225;26039237;1672488;42510667;28239243;1861935;0;5536
FR;1;2022-06-02;1228;2309;10670;34153;1450;10248;34986;0;162;42596693;41408534;26049907;1706641;42512117;28249491;1896921;0;5698
FR;1;2022-06-03;1447;2749;12735;37113;1740;12156;38289;0;157;42598140;41411283;26062642;1743754;42513857;28261647;1935210;0;5855
FR;1;2022-06-04;686;1263;4750;8678;760;4826;9168;0;62;42598826;41412546;26067392;1752432;42514617;28266473;1944378;0;5917
FR;1;2022-06-05;134;293;811;1049;151;835;1154;0;3;42598960;41412839;26068203;1753481;42514768;28267308;1945532;0;5920
FR;1;2022-06-06;851;1196;2029;1252;1020;2048;1427;0;9;42599811;41414035;26070232;1754733;42515788;28269356;1946959;0;5929
FR;1;2022-06-07;1264;2343;9186;34057;1440;8846;35156;0;143;42601075;41416378;26079418;1788790;42517228;28278202;1982115;0;6072
FR;1;2022-06-08;1140;2240;8682;27615;1403;8566;28486;0;107;42602215;41418618;26088100;1816405;42518631;28286768;2010601;0;6179
FR;1;2022-06-09;1076;2152;9988;37576;1283;9673;38343;0;148;42603291;41420770;26098088;1853981;42519914;28296441;2048944;0;6327
FR;1;2022-06-10;1337;2862;12426;43134;1825;12017;44363;0;200;42604628;41423632;26110514;1897115;42521739;28308458;2093307;0;6527
FR;1;2022-06-11;661;1451;5136;11085;798;5185;11614;0;50;42605289;41425083;26115650;1908200;42522537;28313643;2104921;0;6577
FR;1;2022-06-12;158;377;1019;1687;189;1077;1788;0;11;42605447;41425460;26116669;1909887;42522726;28314720;2106709;0;6588
FR;1;2022-06-13;951;1841;7015;22226;1136;6872;23067;0;84;42606398;41427301;26123684;1932113;42523862;28321592;2129776;0;6672
FR;1;2022-06-14;1118;2234;9841;42852;1312;9247;43943;0;186;42607516;41429535;26133525;1974965;42525174;28330839;2173719;0;6858
FR;1;2022-06-15;1095;2013;8788;29400;1364;8476;29948;0;170;42608611;41431548;26142313;2004365;42526538;28339315;2203667;0;7028
FR;1;2022-06-16;959;1840;9405;38511;1061;8883;39418;0;188;42609570;41433388;26151718;2042876;42527599;28348198;2243085;0;7216
FR;1;2022-06-17;1229;2568;11916;44864;1483;11382;46004;0;224;42610799;41435956;26163634;2087740;42529082;28359580;2289089;0;7440
FR;1;2022-06-18;564;1277;4320;10544;717;4258;11087;0;62;42611363;41437233;26167954;2098284;42529799;28363838;2300176;0;7502
FR;1;2022-06-19;137;325;1003;1543;173;1082;1609;0;12;42611500;41437558;26168957;2099827;42529972;28364920;2301785;0;7514
FR;1;2022-06-20;861;1710;8493;25051;1009;8157;25912;0;146;42612361;41439268;26177450;2124878;42530981;28373077;2327697;0;7660
FR;1;2022-06-21;1104;2140;9765;47760;1254;8856;49105;0;241;42613465;41441408;26187215;2172638;42532235;28381933;2376802;0;7901
FR;1;2022-06-22;1046;2074;8442;37163;1302;7963;38023;0;231;42614511;41443482;26195657;2209801;42533537;28389896;2414825;0;8132
FR;1;2022-06-23;1054;2182;10126;52820;1211;9409;53829;0;290;42615565;41445664;26205783;2262621;42534748;28399305;2468654;0;8422
FR;1;2022-06-24;1256;2720;12917;65968;1487;11702;67640;0;367;42616821;41448384;26218700;2328589;42536235;28411007;2536294;0;8789
FR;1;2022-06-25;685;1506;5930;18924;792;5712;19723;0;163;42617506;41449890;26224630;2347513;42537027;28416719;2556017;0;8952
FR;1;2022-06-26;167;406;1817;3494;191;1713;3730;0;34;42617673;41450296;26226447;2351007;42537218;28418432;2559747;0;8986
FR;1;2022-06-27;945;1777;9901;45988;943;9127;47123;0;300;42618618;41452073;26236348;2396995;42538161;28427559;2606870;0;9286
FR;1;2022-06-28;1216;2576;13844;86599;1382;12406;88285;0;570;42619834;41454649;26250192;2483594;42539543;28439965;2695155;0;9856
FR;1;2022-06-29;1243;2297;11483;67405;1261;10550;68450;0;487;42621077;41456946;26261675;2550999;42540804;28450515;2763605;0;10343
FR;1;2022-06-30;1291;2487;13518;89968;1438;11829;91769;0;645;42622368;41459433;26275193;2640967;42542242;28462344;2855374;0;10988
FR;1;2022-07-01;1659;3483;20317;109201;1992;17974;111597;0;859;42624027;41462916;26295510;2750168;42544234;28480318;2966971;0;11847
FR;1;2022-07-02;770;1527;8025;33776;751;7254;34802;0;315;42624797;41464443;26303535;2783944;42544985;28487572;3001773;0;12162
FR;1;2022-07-03;230;480;1943;6119;258;1759;6445;0;71;42625027;41464923;26305478;2790063;42545243;28489331;3008218;0;12233
FR;1;2022-07-04;1681;3178;13933;75423;2064;12360;77312;0;589;42626708;41468101;26319411;2865486;42547307;28501691;3085530;0;12822
FR;1;2022-07-05;1507;2859;17696;126389;1513;15153;128502;0;1060;42628215;41470960;26337107;2991875;42548820;28516844;3214032;0;13882
FR;1;2022-07-06;1379;2410;14890;93749;1389;12914;95185;0;815;42629594;41473370;26351997;3085624;42550209;28529758;3309217;0;14697
FR;1;2022-07-07;1447;2538;16939;119493;1406;14009;121588;0;1074;42631041;41475908;26368936;3205117;42551615;28543767;3430805;0;15771
FR;1;2022-07-08;1534;2823;19612;130008;1541;15975;132812;0;1220;42632575;41478731;26388548;3335125;42553156;28559742;3563617;0;16991
FR;1;2022-07-09;663;1281;7311;36022;699;6354;36809;0;392;42633238;41480012;26395859;3371147;42553855;28566096;3600426;0;17383
FR;1;2022-07-10;245;657;2240;6689;412;2032;7068;0;89;42633483;41480669;26398099;3377836;42554267;28568128;3607494;0;17472
FR;1;2022-07-11;1242;2246;14320;84458;1181;11942;86568;0;734;42634725;41482915;26412419;3462294;42555448;28580070;3694062;0;18206
FR;1;2022-07-12;1605;2806;19465;137424;1441;15905;139914;0;1485;42636330;41485721;26431884;3599718;42556889;28595975;3833976;0;19691
FR;1;2022-07-13;1462;2442;14791;89837;1319;12644;91522;0;1002;42637792;41488163;26446675;3689555;42558208;28608619;3925498;0;20693
FR;1;2022-07-14;163;351;1866;5290;196;1775;5437;0;74;42637955;41488514;26448541;3694845;42558404;28610394;3930935;0;20767
FR;1;2022-07-15;1267;2319;14365;80599;1206;12008;82603;0;960;42639222;41490833;26462906;3775444;42559610;28622402;4013538;0;21727
FR;1;2022-07-16;514;1064;5640;23949;556;4893;24590;0;302;42639736;41491897;26468546;3799393;42560166;28627295;4038128;0;22029
FR;1;2022-07-17;163;369;1656;4464;193;1501;4727;0;60;42639899;41492266;26470202;3803857;42560359;28628796;4042855;0;22089
FR;1;2022-07-18;975;2037;11302;59282;1148;9572;61006;0;715;42640874;41494303;26481504;3863139;42561507;28638368;4103861;0;22804
FR;1;2022-07-19;1235;2132;14695;99429;1196;11727;101426;0;1386;42642109;41496435;26496199;3962568;42562703;28650095;4205287;0;24190
FR;1;2022-07-20;1185;2007;12376;74374;1173;10287;75859;0;964;42643294;41498442;26508575;4036942;42563876;28660382;4281146;0;25154
FR;1;2022-07-21;1138;1955;12418;84548;1189;9994;85913;0;1211;42644432;41500397;26520993;4121490;42565065;28670376;4367059;0;26365
FR;1;2022-07-22;1274;2246;14112;85965;1260;11434;87690;0;1264;42645706;41502643;26535105;4207455;42566325;28681810;4454749;0;27629
FR;1;2022-07-23;549;1093;5238;21296;634;4611;21842;0;373;42646255;41503736;26540343;4228751;42566959;28686421;4476591;0;28002
FR;1;2022-07-24;149;306;1328;3700;153;1169;3925;0;65;42646404;41504042;26541671;4232451;42567112;28687590;4480516;0;28067
FR;1;2022-07-25;891;1634;9076;46124;984;7526;47497;0;680;42647295;41505676;26550747;4278575;42568096;28695116;4528013;0;28747
FR;1;2022-07-26;1136;1964;12683;81968;1120;10337;83583;0;1198;42648431;41507640;26563430;4360543;42569216;28705453;4611596;0;29945
FR;1;2022-07-27;1021;1730;9760;58521;1047;8138;59702;0;874;42649452;41509370;26573190;4419064;42570263;28713591;4671298;0;30819
FR;1;2022-07-28;983;1706;9857;61925;1114;7856;63149;0;967;42650435;41511076;26583047;4480989;42571377;28721447;4734447;0;31786
FR;1;2022-07-29;1112;1845;10461;62992;1171;8385;64306;0;1066;42651547;41512921;26593508;4543981;42572548;28729832;4798753;0;32852
FR;1;2022-07-30;395;727;3349;14491;442;2850;14851;0;279;42651942;41513648;26596857;4558472;42572990;28732682;4813604;0;33131
FR;1;2022-07-31;141;264;900;2335;159;766;2477;0;47;42652083;41513912;26597757;4560807;42573149;28733448;4816081;0;33178
FR;1;2022-08-01;885;1474;7259;28968;1088;6121;29961;0;519;42652968;41515386;26605016;4589775;42574237;28739569;4846042;0;33697
FR;1;2022-08-02;931;1486;8239;54049;1001;6634;54688;0;1091;42653899;41516872;26613255;4643824;42575238;28746203;4900730;0;34788
FR;1;2022-08-03;738;1108;6157;37046;753;4939;37776;0;645;42654637;41517980;26619412;4680870;42575991;28751142;4938506;0;35433
FR;1;2022-08-04;651;1081;6264;41453;697;5058;42008;0;850;42655288;41519061;26625676;4722323;42576688;28756200;4980514;0;36283
FR;1;2022-08-05;747;1198;6766;43085;809;5436;43708;0;933;42656035;41520259;26632442;4765408;42577497;28761636;5024222;0;37216
FR;1;2022-08-06;277;466;1993;9000;306;1674;9192;0;218;42656312;41520725;26634435;4774408;42577803;28763310;5033414;0;37434
FR;1;2022-08-07;89;151;520;1558;107;436;1631;0;35;42656401;41520876;26634955;4775966;42577910;28763746;5035045;0;37469
FR;1;2022-08-08;605;1078;3807;21229;833;3141;21627;0;457;42657006;41521954;26638762;4797195;42578743;28766887;5056672;0;37926
FR;1;2022-08-09;669;1056;5683;38481;747;4558;38967;0;794;42657675;41523010;26644445;4835676;42579490;28771445;5095639;0;38720
FR;1;2022-08-10;572;1186;4435;26915;887;3636;27228;0;601;42658247;41524196;26648880;4862591;42580377;28775081;5122867;0;39321
FR;1;2022-08-11;566;920;4315;28212;634;3589;28540;0;634;42658813;41525116;26653195;4890803;42581011;28778670;5151407;0;39955
FR;1;2022-08-12;732;1044;4554;27171;720;3762;27583;0;668;42659545;41526160;26657749;4917974;42581731;28782432;5178990;0;40623
FR;1;2022-08-13;326;371;1248;5111;263;1066;5282;0;116;42659871;41526531;26658997;4923085;42581994;28783498;5184272;0;40739
FR;1;2022-08-14;67;115;277;871;96;236;941;0;24;42659938;41526646;26659274;4923956;42582090;28783734;5185213;0;40763
FR;1;2022-08-15;112;216;574;542;185;535;593;0;16;42660050;41526862;26659848;4924498;42582275;28784269;5185806;0;40779
FR;1;2022-08-16;551;953;3793;21491;712;3222;21692;0;582;42660601;41527815;26663641;4945989;42582987;28787491;5207498;0;41361
FR;1;2022-08-17;549;915;3769;22152;682;3195;22390;0;579;42661150;41528730;26667410;4968141;42583669;28790686;5229888;0;41940
FR;1;2022-08-18;562;899;3942;25455;700;3141;25677;0;630;42661712;41529629;26671352;4993596;42584369;28793827;5255565;0;42570
FR;1;2022-08-19;538;1050;4369;26547;749;3601;26855;0;732;42662250;41530679;26675721;5020143;42585118;28797428;5282420;0;43302
FR;1;2022-08-20;251;422;1290;5371;322;1107;5524;0;138;42662501;41531101;26677011;5025514;42585440;28798535;5287944;0;43440
FR;1;2022-08-21;84;112;287;990;77;253;1013;0;27;42662585;41531213;26677298;5026504;42585517;28798788;5288957;0;43467
FR;1;2022-08-22;511;900;3142;14956;673;2714;15232;0;411;42663096;41532113;26680440;5041460;42586190;28801502;5304189;0;43878
FR;1;2022-08-23;656;1064;4155;28323;748;3486;28405;0;830;42663752;41533177;26684595;5069783;42586938;28804988;5332594;0;44708
FR;1;2022-08-24;569;839;3405;19069;661;2774;19254;0;587;42664321;41534016;26688000;5088852;42587599;28807762;5351848;0;45295
FR;1;2022-08-25;565;937;3832;22919;654;3215;23148;0;655;42664886;41534953;26691832;5111771;42588253;28810977;5374996;0;45950
FR;1;2022-08-26;754;1137;4350;25157;810;3568;25532;0;745;42665640;41536090;26696182;5136928;42589063;28814545;5400528;0;46695
FR;1;2022-08-27;223;432;1324;5308;277;1191;5362;0;192;42665863;41536522;26697506;5142236;42589340;28815736;5405890;0;46887
FR;1;2022-08-28;113;147;298;900;106;280;949;0;33;42665976;41536669;26697804;5143136;42589446;28816016;5406839;0;46920
FR;1;2022-08-29;507;861;2979;14272;638;2519;14582;0;409;42666483;41537530;26700783;5157408;42590084;28818535;5421421;0;47329
FR;1;2022-08-30;746;1111;4626;27721;788;3776;28042;0;793;42667229;41538641;26705409;5185129;42590872;28822311;5449463;0;48122
FR;1;2022-08-31;587;835;3114;17243;614;2624;17505;0;483;42667816;41539476;26708523;5202372;42591486;28824935;5466968;0;48605
FR;1;2022-09-01;707;927;4333;21897;653;3693;22150;0;587;42668523;41540403;26712856;5224269;42592139;28828628;5489118;0;49192
FR;1;2022-09-02;901;1065;4887;27868;764;4084;28156;0;882;42669424;41541468;26717743;5252137;42592903;28832712;5517274;0;50074
FR;1;2022-09-03;322;511;1834;5876;349;1596;6105;0;174;42669746;41541979;26719577;5258013;42593252;28834308;5523379;0;50248
FR;1;2022-09-04;110;137;341;845;73;334;915;0;21;42669856;41542116;26719918;5258858;42593325;28834642;5524294;0;50269
FR;1;2022-09-05;731;873;3051;15698;697;2557;15982;0;499;42670587;41542989;26722969;5274556;42594022;28837199;5540276;0;50768
FR;1;2022-09-06;850;965;4572;31064;612;3712;31285;0;1002;42671437;41543954;26727541;5305620;42594634;28840911;5571561;0;51770
FR;1;2022-09-07;608;708;2921;16444;469;2426;16582;0;550;42672045;41544662;26730462;5322064;42595103;28843337;5588143;0;52320
FR;1;2022-09-08;585;796;3701;24224;543;3041;24305;0;796;42672630;41545458;26734163;5346288;42595646;28846378;5612448;0;53116
FR;1;2022-09-09;783;995;4307;26897;637;3597;27078;0;903;42673413;41546453;26738470;5373185;42596283;28849975;5639526;0;54019
FR;1;2022-09-10;351;579;1680;5590;410;1480;5782;0;203;42673764;41547032;26740150;5378775;42596693;28851455;5645308;0;54222
FR;1;2022-09-11;106;120;313;646;82;293;703;0;17;42673870;41547152;26740463;5379421;42596775;28851748;5646011;0;54239
FR;1;2022-09-12;485;605;2617;12955;426;2234;13235;0;462;42674355;41547757;26743080;5392376;42597201;28853982;5659246;0;54701
FR;1;2022-09-13;651;831;3873;25850;542;3386;25721;0;834;42675006;41548588;26746953;5418226;42597743;28857368;5684967;0;55535
FR;1;2022-09-14;626;725;2881;15702;509;2412;15938;0;537;42675632;41549313;26749834;5433928;42598252;28859780;5700905;0;56072
FR;1;2022-09-15;532;778;3345;23093;550;2851;23157;0;679;42676164;41550091;26753179;5457021;42598802;28862631;5724062;0;56751
FR;1;2022-09-16;726;947;4021;25351;630;3393;25550;0;891;42676890;41551038;26757200;5482372;42599432;28866024;5749612;0;57642
FR;1;2022-09-17;303;428;1397;5979;300;1222;6087;0;227;42677193;41551466;26758597;5488351;42599732;28867246;5755699;0;57869
FR;1;2022-09-18;99;126;310;924;103;278;980;0;34;42677292;41551592;26758907;5489275;42599835;28867524;5756679;0;57903
FR;1;2022-09-19;400;577;2142;12864;379;1837;13018;0;414;42677692;41552169;26761049;5502139;42600214;28869361;5769697;0;58317
FR;1;2022-09-20;564;841;3670;25830;589;3067;25870;0;854;42678256;41553010;26764719;5527969;42600803;28872428;5795567;0;59171
FR;1;2022-09-21;485;691;2628;15863;491;2256;15827;0;561;42678741;41553701;26767347;5543832;42601294;28874684;5811394;0;59732
FR;1;2022-09-22;549;778;3297;22998;517;2706;23176;0;745;42679290;41554479;26770644;5566830;42601811;28877390;5834570;0;60477
FR;1;2022-09-23;767;946;4353;28164;681;3634;28327;0;981;42680057;41555425;26774997;5594994;42602492;28881024;5862897;0;61458
FR;1;2022-09-24;356;540;1591;6706;379;1374;6880;0;300;42680413;41555965;26776588;5601700;42602871;28882398;5869777;0;61758
FR;1;2022-09-25;81;157;321;1072;111;293;1110;0;32;42680494;41556122;26776909;5602772;42602982;28882691;5870887;0;61790
FR;1;2022-09-26;382;654;2183;13078;432;1935;13172;0;412;42680876;41556776;26779092;5615850;42603414;28884626;5884059;0;62202
FR;1;2022-09-27;545;768;3458;25025;542;2794;25223;0;906;42681421;41557544;26782550;5640875;42603956;28887420;5909282;0;63108
FR;1;2022-09-28;525;720;2448;14971;507;2217;15060;0;597;42681946;41558264;26784998;5655846;42604463;28889637;5924342;0;63705
FR;1;2022-09-29;504;699;3003;20372;488;2527;20388;0;767;42682450;41558963;26788001;5676218;42604951;28892164;5944730;0;64472
FR;1;2022-09-30;694;996;3778;24429;705;3161;24678;0;970;42683144;41559959;26791779;5700647;42605656;28895325;5969408;0;65442
FR;1;2022-10-01;352;648;1905;5507;484;1659;5733;0;273;42683496;41560607;26793684;5706154;42606140;28896984;5975141;0;65715
FR;1;2022-10-02;56;120;204;568;82;204;589;0;29;42683552;41560727;26793888;5706722;42606222;28897188;5975730;0;65744
FR;1;2022-10-03;575;880;2226;10042;725;1986;10210;0;489;42684127;41561607;26796114;5716764;42606947;28899174;5985940;0;66233
FR;1;2022-10-04;683;739;2930;18922;507;2482;19010;0;1086;42684810;41562346;26799044;5735686;42607454;28901656;6004950;0;67319
FR;1;2022-10-05;488;727;2099;11114;501;1872;11243;0;723;42685298;41563073;26801143;5746800;42607955;28903528;6016193;0;68042
FR;1;2022-10-06;452;644;2498;15778;466;2063;15959;0;1063;42685750;41563717;26803641;5762578;42608421;28905591;6032152;0;69105
FR;1;2022-10-07;559;774;2694;16069;572;2311;16092;0;1164;42686309;41564491;26806335;5778647;42608993;28907902;6048244;0;70269
FR;1;2022-10-08;242;315;888;3171;248;776;3276;0;292;42686551;41564806;26807223;5781818;42609241;28908678;6051520;0;70561
FR;1;2022-10-09;76;93;151;461;83;135;487;0;51;42686627;41564899;26807374;5782279;42609324;28908813;6052007;0;70612
FR;1;2022-10-10;315;577;1324;4999;484;1240;5096;0;463;42686942;41565476;26808698;5787278;42609808;28910053;6057103;0;71075
FR;1;2022-10-11;339;457;1316;8087;343;1198;8188;0;758;42687281;41565933;26810014;5795365;42610151;28911251;6065291;0;71833
FR;1;2022-10-12;348;481;1078;5223;367;1076;5240;0;523;42687629;41566414;26811092;5800588;42610518;28912327;6070531;0;72356
FR;1;2022-10-13;338;450;1079;6099;360;936;6146;0;630;42687967;41566864;26812171;5806687;42610878;28913263;6076677;0;72986
FR;1;2022-10-14;413;554;1176;6712;468;1050;6781;0;676;42688380;41567418;26813347;5813399;42611346;28914313;6083458;0;73662
FR;1;2022-10-15;212;350;532;1860;302;515;1868;0;226;42688592;41567768;26813879;5815259;42611648;28914828;6085326;0;73888
FR;1;2022-10-16;47;68;111;296;49;118;315;0;48;42688639;41567836;26813990;5815555;42611697;28914946;6085641;0;73936
FR;1;2022-10-17;237;336;742;2653;268;698;2698;0;366;42688876;41568172;26814732;5818208;42611965;28915644;6088339;0;74302
FR;1;2022-10-18;266;319;956;4596;257;833;4700;0;866;42689142;41568491;26815688;5822804;42612222;28916477;6093039;0;75168
FR;1;2022-10-19;286;406;698;3187;339;667;3166;0;504;42689428;41568897;26816386;5825991;42612561;28917144;6096205;0;75672
FR;1;2022-10-20;289;357;903;4369;304;795;4404;0;771;42689717;41569254;26817289;5830360;42612865;28917939;6100609;0;76443
FR;1;2022-10-21;304;421;847;3807;372;743;3879;0;675;42690021;41569675;26818136;5834167;42613237;28918682;6104488;0;77118
FR;1;2022-10-22;135;184;306;1253;163;300;1218;0;210;42690156;41569859;26818442;5835420;42613400;28918982;6105706;0;77328
FR;1;2022-10-23;34;43;65;197;41;59;213;0;25;42690190;41569902;26818507;5835617;42613441;28919041;6105919;0;77353
FR;1;2022-10-24;273;237;479;1603;205;476;1660;0;306;42690463;41570139;26818986;5837220;42613646;28919517;6107579;0;77659
FR;1;2022-10-25;223;258;528;2651;227;449;2707;0;487;42690686;41570397;26819514;5839871;42613873;28919966;6110286;0;78146
FR;1;2022-10-26;236;251;394;1958;240;371;1965;0;439;42690922;41570648;26819908;5841829;42614113;28920337;6112251;0;78585
FR;1;2022-10-27;260;235;491;2169;207;510;2153;0;518;42691182;41570883;26820399;5843998;42614320;28920847;6114404;0;79103
FR;1;2022-10-28;313;336;534;2335;316;471;2402;0;478;42691495;41571219;26820933;5846333;42614636;28921318;6116806;0;79581
FR;1;2022-10-29;99;159;176;717;129;210;709;0;203;42691594;41571378;26821109;5847050;42614765;28921528;6117515;0;79784
FR;1;2022-10-30;38;52;62;184;44;56;189;0;38;42691632;41571430;26821171;5847234;42614809;28921584;6117704;0;79822
FR;1;2022-10-31;136;189;295;796;168;273;863;0;143;42691768;41571619;26821466;5848030;42614977;28921857;6118567;0;79965
FR;1;2022-11-01;77;135;768;115;117;768;134;0;19;42691845;41571754;26822234;5848145;42615094;28922625;6118701;0;79984
FR;1;2022-11-02;269;246;531;985;242;497;1048;0;356;42692114;41572000;26822765;5849130;42615336;28923122;6119749;0;80340
FR;1;2022-11-03;272;239;442;1380;224;404;1418;0;377;42692386;41572239;26823207;5850510;42615560;28923526;6121167;0;80717
FR;1;2022-11-04;233;262;424;1597;242;401;1637;0;438;42692619;41572501;26823631;5852107;42615802;28923927;6122804;0;81155
FR;1;2022-11-05;100;147;273;503;136;255;525;0;111;42692719;41572648;26823904;5852610;42615938;28924182;6123329;0;81266
FR;1;2022-11-06;36;49;32;131;48;35;129;0;33;42692755;41572697;26823936;5852741;42615986;28924217;6123458;0;81299
FR;1;2022-11-07;226;288;326;899;276;319;944;0;212;42692981;41572985;26824262;5853640;42616262;28924536;6124402;0;81511
FR;1;2022-11-08;240;268;472;1709;256;417;1738;0;524;42693221;41573253;26824734;5855349;42616518;28924953;6126140;0;82035
FR;1;2022-11-09;197;257;337;1104;247;303;1141;0;477;42693418;41573510;26825071;5856453;42616765;28925256;6127281;0;82512
FR;1;2022-11-10;216;394;437;1681;386;445;1670;0;605;42693634;41573904;26825508;5858134;42617151;28925701;6128951;0;83117
FR;1;2022-11-11;34;48;105;101;45;92;115;0;44;42693668;41573952;26825613;5858235;42617196;28925793;6129066;0;83161
FR;1;2022-11-12;95;152;257;375;138;257;390;0;101;42693763;41574104;26825870;5858610;42617334;28926050;6129456;0;83262
FR;1;2022-11-13;27;57;28;64;54;31;66;0;26;42693790;41574161;26825898;5858674;42617388;28926081;6129522;0;83288
FR;1;2022-11-14;175;184;271;770;172;275;840;0;235;42693965;41574345;26826169;5859444;42617560;28926356;6130362;0;83523
FR;1;2022-11-15;228;406;394;1300;405;372;1338;0;436;42694193;41574751;26826563;5860744;42617965;28926728;6131700;0;83959
FR;1;2022-11-16;197;273;336;983;267;350;1017;0;359;42694390;41575024;26826899;5861727;42618232;28927078;6132717;0;84318
FR;1;2022-11-17;171;213;297;1207;207;273;1211;0;388;42694561;41575237;26827196;5862934;42618439;28927351;6133928;0;84706
FR;1;2022-11-18;231;269;394;1315;261;383;1349;0;412;42694792;41575506;26827590;5864249;42618700;28927734;6135277;0;85118
FR;1;2022-11-19;120;115;249;441;114;214;474;0;102;42694912;41575621;26827839;5864690;42618814;28927948;6135751;0;85220
FR;1;2022-11-20;35;129;32;66;125;34;74;0;28;42694947;41575750;26827871;5864756;42618939;28927982;6135825;0;85248
FR;1;2022-11-21;174;173;271;641;146;288;678;0;211;42695121;41575923;26828142;5865397;42619085;28928270;6136503;0;85459
FR;1;2022-11-22;158;169;417;1160;152;398;1185;0;409;42695279;41576092;26828559;5866557;42619237;28928668;6137688;0;85868
FR;1;2022-11-23;180;186;246;763;171;247;786;0;241;42695459;41576278;26828805;5867320;42619408;28928915;6138474;0;86109
FR;1;2022-11-24;138;171;288;1213;151;301;1216;0;442;42695597;41576449;26829093;5868533;42619559;28929216;6139690;0;86551
FR;1;2022-11-25;210;249;429;1159;235;418;1191;0;392;42695807;41576698;26829522;5869692;42619794;28929634;6140881;0;86943
FR;1;2022-11-26;90;109;113;323;101;125;311;0;118;42695897;41576807;26829635;5870015;42619895;28929759;6141192;0;87061
FR;1;2022-11-27;18;38;22;72;25;34;78;0;49;42695915;41576845;26829657;5870087;42619920;28929793;6141270;0;87110
FR;1;2022-11-28;212;147;209;665;155;205;709;0;332;42696127;41576992;26829866;5870752;42620075;28929998;6141979;0;87442
FR;1;2022-11-29;172;145;269;1107;130;251;1119;0;458;42696299;41577137;26830135;5871859;42620205;28930249;6143098;0;87900
FR;1;2022-11-30;161;211;235;940;197;238;962;0;325;42696460;41577348;26830370;5872799;42620402;28930487;6144060;0;88225
FR;1;2022-12-01;199;162;717;1097;150;682;1146;0;379;42696659;41577510;26831087;5873896;42620552;28931169;6145206;0;88604
FR;1;2022-12-02;201;199;517;1187;194;513;1236;0;471;42696860;41577709;26831604;5875083;42620746;28931682;6146442;0;89075
FR;1;2022-12-03;102;112;263;532;100;240;530;0;180;42696962;41577821;26831867;5875615;42620846;28931922;6146972;0;89255
FR;1;2022-12-04;27;28;19;138;25;20;129;0;58;42696989;41577849;26831886;5875753;42620871;28931942;6147101;0;89313
FR;1;2022-12-05;148;171;308;868;167;303;902;0;318;42697137;41578020;26832194;5876621;42621038;28932245;6148003;0;89631
FR;1;2022-12-06;156;176;277;1449;162;282;1455;0;739;42697293;41578196;26832471;5878070;42621200;28932527;6149458;0;90370
FR;1;2022-12-07;155;173;256;1187;182;236;1203;0;576;42697448;41578369;26832727;5879257;42621382;28932763;6150661;0;90946
FR;1;2022-12-08;131;145;302;1757;137;259;1798;0;765;42697579;41578514;26833029;5881014;42621519;28933022;6152459;0;91711
FR;1;2022-12-09;202;197;357;1817;170;365;1838;0;721;42697781;41578711;26833386;5882831;42621689;28933387;6154297;0;92432
FR;1;2022-12-10;117;154;341;856;141;324;877;0;292;42697898;41578865;26833727;5883687;42621830;28933711;6155174;0;92724
FR;1;2022-12-11;32;30;32;219;27;30;201;0;62;42697930;41578895;26833759;5883906;42621857;28933741;6155375;0;92786
FR;1;2022-12-12;130;108;297;1101;105;284;1113;0;459;42698060;41579003;26834056;5885007;42621962;28934025;6156488;0;93245
FR;1;2022-12-13;126;134;293;1307;108;268;1321;0;618;42698186;41579137;26834349;5886314;42622070;28934293;6157809;0;93863
FR;1;2022-12-14;105;160;256;867;154;235;892;0;372;42698291;41579297;26834605;5887181;42622224;28934528;6158701;0;94235
FR;1;2022-12-15;141;183;457;1492;170;427;1518;0;691;42698432;41579480;26835062;5888673;42622394;28934955;6160219;0;94926
FR;1;2022-12-16;206;217;569;1344;220;553;1367;0;623;42698638;41579697;26835631;5890017;42622614;28935508;6161586;0;95549
FR;1;2022-12-17;88;93;224;468;82;219;476;0;204;42698726;41579790;26835855;5890485;42622696;28935727;6162062;0;95753
FR;1;2022-12-18;17;22;29;113;19;31;109;0;37;42698743;41579812;26835884;5890598;42622715;28935758;6162171;0;95790
FR;1;2022-12-19;151;133;251;791;141;221;835;0;382;42698894;41579945;26836135;5891389;42622856;28935979;6163006;0;96172
FR;1;2022-12-20;149;163;355;906;150;349;912;0;428;42699043;41580108;26836490;5892295;42623006;28936328;6163918;0;96600
FR;1;2022-12-21;139;112;218;638;122;183;647;0;388;42699182;41580220;26836708;5892933;42623128;28936511;6164565;0;96988
FR;1;2022-12-22;148;111;165;552;121;150;543;0;329;42699330;41580331;26836873;5893485;42623249;28936661;6165108;0;97317
FR;1;2022-12-23;130;157;459;419;142;449;426;0;182;42699460;41580488;26837332;5893904;42623391;28937110;6165534;0;97499
FR;1;2022-12-24;30;27;34;56;29;33;63;0;21;42699490;41580515;26837366;5893960;42623420;28937143;6165597;0;97520
FR;1;2022-12-25;4;11;20;12;12;14;15;0;11;42699494;41580526;26837386;5893972;42623432;28937157;6165612;0;97531
FR;1;2022-12-26;94;90;248;251;89;253;257;0;93;42699588;41580616;26837634;5894223;42623521;28937410;6165869;0;97624
FR;1;2022-12-27;117;160;311;387;151;317;402;0;180;42699705;41580776;26837945;5894610;42623672;28937727;6166271;0;97804
FR;1;2022-12-28;107;147;204;270;133;207;281;0;126;42699812;41580923;26838149;5894880;42623805;28937934;6166552;0;97930
FR;1;2022-12-29;105;112;154;282;112;153;303;0;114;42699917;41581035;26838303;5895162;42623917;28938087;6166855;0;98044
FR;1;2022-12-30;127;123;89;258;115;94;268;0;143;42700044;41581158;26838392;5895420;42624032;28938181;6167123;0;98187
FR;1;2022-12-31;38;35;28;79;40;25;79;0;25;42700082;41581193;26838420;5895499;42624072;28938206;6167202;0;98212
FR;1;2023-01-01;6;13;61;22;12;58;27;0;10;42700088;41581206;26838481;5895521;42624084;28938264;6167229;0;98222
FR;1;2023-01-02;614;158;678;169;166;658;194;0;64;42700702;41581364;26839159;5895690;42624250;28938922;6167423;0;98286
FR;1;2023-01-03;166;111;373;208;110;366;215;0;148;42700868;41581475;26839532;5895898;42624360;28939288;6167638;0;98434
FR;1;2023-01-04;96;101;249;198;102;250;208;0;193;42700964;41581576;26839781;5896096;42624462;28939538;6167846;0;98627
FR;1;2023-01-05;147;133;179;337;143;179;339;0;206;42701111;41581709;26839960;5896433;42624605;28939717;6168185;0;98833
FR;1;2023-01-06;200;144;226;325;147;212;350;0;230;42701311;41581853;26840186;5896758;42624752;28939929;6168535;0;99063
FR;1;2023-01-07;107;89;175;148;92;158;165;0;93;42701418;41581942;26840361;5896906;42624844;28940087;6168700;0;99156
FR;1;2023-01-08;27;19;31;59;18;26;64;0;24;42701445;41581961;26840392;5896965;42624862;28940113;6168764;0;99180
FR;1;2023-01-09;140;130;136;135;126;144;153;0;115;42701585;41582091;26840528;5897100;42624988;28940257;6168917;0;99295
FR;1;2023-01-10;119;145;284;277;142;291;278;0;192;42701704;41582236;26840812;5897377;42625130;28940548;6169195;0;99487
FR;1;2023-01-11;107;112;92;209;121;95;222;0;96;42701811;41582348;26840904;5897586;42625251;28940643;6169417;0;99583
FR;1;2023-01-12;137;123;215;243;118;215;268;0;166;42701948;41582471;26841119;5897829;42625369;28940858;6169685;0;99749
FR;1;2023-01-13;258;169;174;286;167;173;306;0;189;42702206;41582640;26841293;5898115;42625536;28941031;6169991;0;99938
FR;1;2023-01-14;89;64;162;104;66;172;103;0;62;42702295;41582704;26841455;5898219;42625602;28941203;6170094;0;100000
FR;1;2023-01-15;23;38;31;42;35;31;46;0;30;42702318;41582742;26841486;5898261;42625637;28941234;6170140;0;100030
FR;1;2023-01-16;113;107;310;155;101;314;133;0;101;42702431;41582849;26841796;5898416;42625738;28941548;6170273;0;100131
FR;1;2023-01-17;114;103;167;216;102;164;243;0;128;42702545;41582952;26841963;5898632;42625840;28941712;6170516;0;100259
FR;1;2023-01-18;99;90;97;143;89;92;184;0;121;42702644;41583042;26842060;5898775;42625929;28941804;6170700;0;100380
FR;1;2023-01-19;112;78;106;134;76;118;134;0;136;42702756;41583120;26842166;5898909;42626005;28941922;6170834;0;100516
FR;1;2023-01-20;170;150;168;278;151;196;267;0;204;42702926;41583270;26842334;5899187;42626156;28942118;6171101;0;100720
FR;1;2023-01-21;58;71;91;85;71;102;75;0;35;42702984;41583341;26842425;5899272;42626227;28942220;6171176;0;100755
FR;1;2023-01-22;10;9;14;21;7;9;26;0;14;42702994;41583350;26842439;5899293;42626234;28942229;6171202;0;100769
FR;1;2023-01-23;88;85;108;100;88;100;119;0;85;42703082;41583435;26842547;5899393;42626322;28942329;6171321;0;100854
FR;1;2023-01-24;122;76;73;122;89;70;131;0;183;42703204;41583511;26842620;5899515;42626411;28942399;6171452;0;101037
FR;1;2023-01-25;98;119;79;108;120;78;126;0;108;42703302;41583630;26842699;5899623;42626531;28942477;6171578;0;101145
FR;1;2023-01-26;104;105;63;152;94;68;173;0;108;42703406;41583735;26842762;5899775;42626625;28942545;6171751;0;101253
FR;1;2023-01-27;172;606;105;139;621;123;140;0;201;42703578;41584341;26842867;5899914;42627246;28942668;6171891;0;101454
FR;1;2023-01-28;73;74;56;40;76;53;48;0;28;42703651;41584415;26842923;5899954;42627322;28942721;6171939;0;101482
FR;1;2023-01-29;12;22;33;10;20;31;16;0;12;42703663;41584437;26842956;5899964;42627342;28942752;6171955;0;101494
FR;1;2023-01-30;144;109;64;73;115;70;82;0;55;42703807;41584546;26843020;5900037;42627457;28942822;6172037;0;101549
FR;1;2023-01-31;122;87;66;137;76;69;149;0;143;42703929;41584633;26843086;5900174;42627533;28942891;6172186;0;101692
FR;1;2023-02-01;122;149;345;106;148;338;134;0;77;42704051;41584782;26843431;5900280;42627681;28943229;6172320;0;101769
FR;1;2023-02-02;88;100;91;106;94;99;108;0;99;42704139;41584882;26843522;5900386;42627775;28943328;6172428;0;101868
FR;1;2023-02-03;156;148;133;98;148;139;104;0;97;42704295;41585030;26843655;5900484;42627923;28943467;6172532;0;101965
FR;1;2023-02-04;50;78;72;46;85;74;47;0;24;42704345;41585108;26843727;5900530;42628008;28943541;6172579;0;101989
FR;1;2023-02-05;6;8;19;6;7;22;7;0;8;42704351;41585116;26843746;5900536;42628015;28943563;6172586;0;101997
FR;1;2023-02-06;96;80;115;77;86;118;81;0;89;42704447;41585196;26843861;5900613;42628101;28943681;6172667;0;102086
FR;1;2023-02-07;92;78;97;77;79;91;97;0;115;42704539;41585274;26843958;5900690;42628180;28943772;6172764;0;102201
FR;1;2023-02-08;83;93;64;31;92;68;36;0;51;42704622;41585367;26844022;5900721;42628272;28943840;6172800;0;102252
FR;1;2023-02-09;65;65;83;59;75;82;67;0;79;42704687;41585432;26844105;5900780;42628347;28943922;6172867;0;102331
FR;1;2023-02-10;142;132;57;72;135;69;73;0;118;42704829;41585564;26844162;5900852;42628482;28943991;6172940;0;102449
FR;1;2023-02-11;45;53;78;25;50;87;27;0;11;42704874;41585617;26844240;5900877;42628532;28944078;6172967;0;102460
FR;1;2023-02-12;11;9;10;8;13;10;9;0;9;42704885;41585626;26844250;5900885;42628545;28944088;6172976;0;102469
FR;1;2023-02-13;97;119;47;42;120;54;34;0;31;42704982;41585745;26844297;5900927;42628665;28944142;6173010;0;102500
FR;1;2023-02-14;69;73;73;50;72;77;47;0;77;42705051;41585818;26844370;5900977;42628737;28944219;6173057;0;102577
FR;1;2023-02-15;76;103;77;52;111;83;60;0;81;42705127;41585921;26844447;5901029;42628848;28944302;6173117;0;102658
FR;1;2023-02-16;60;75;114;83;63;123;86;0;73;42705187;41585996;26844561;5901112;42628911;28944425;6173203;0;102731
FR;1;2023-02-17;105;125;172;61;130;176;70;0;47;42705292;41586121;26844733;5901173;42629041;28944601;6173273;0;102778
FR;1;2023-02-18;44;57;147;41;57;153;43;0;9;42705336;41586178;26844880;5901214;42629098;28944754;6173316;0;102787
FR;1;2023-02-19;14;0;6;4;2;5;4;0;5;42705350;41586178;26844886;5901218;42629100;28944759;6173320;0;102792
FR;1;2023-02-20;77;73;52;28;77;57;32;0;16;42705427;41586251;26844938;5901246;42629177;28944816;6173352;0;102808
FR;1;2023-02-21;62;74;54;49;78;57;47;0;38;42705489;41586325;26844992;5901295;42629255;28944873;6173399;0;102846
FR;1;2023-02-22;65;77;32;18;79;36;18;0;22;42705554;41586402;26845024;5901313;42629334;28944909;6173417;0;102868
FR;1;2023-02-23;52;79;48;36;77;58;31;0;54;42705606;41586481;26845072;5901349;42629411;28944967;6173448;0;102922
FR;1;2023-02-24;95;111;48;33;112;56;34;0;38;42705701;41586592;26845120;5901382;42629523;28945023;6173482;0;102960
FR;1;2023-02-25;42;49;69;22;56;69;24;0;26;42705743;41586641;26845189;5901404;42629579;28945092;6173506;0;102986
FR;1;2023-02-26;2;4;1;2;2;3;1;0;3;42705745;41586645;26845190;5901406;42629581;28945095;6173507;0;102989
FR;1;2023-02-27;91;77;62;35;77;70;32;0;21;42705836;41586722;26845252;5901441;42629658;28945165;6173539;0;103010
FR;1;2023-02-28;87;72;35;50;68;45;52;0;33;42705923;41586794;26845287;5901491;42629726;28945210;6173591;0;103043
FR;1;2023-03-01;73;90;242;52;88;234;69;0;42;42705996;41586884;26845529;5901543;42629814;28945444;6173660;0;103085
FR;1;2023-03-02;65;64;91;56;65;87;68;0;117;42706061;41586948;26845620;5901599;42629879;28945531;6173728;0;103202
FR;1;2023-03-03;107;108;72;53;107;70;57;0;47;42706168;41587056;26845692;5901652;42629986;28945601;6173785;0;103249
FR;1;2023-03-04;51;46;70;26;43;71;31;0;15;42706219;41587102;26845762;5901678;42630029;28945672;6173816;0;103264
FR;1;2023-03-05;4;2;5;0;3;5;1;0;0;42706223;41587104;26845767;5901678;42630032;28945677;6173817;0;103264
FR;1;2023-03-06;86;57;79;17;63;85;23;0;14;42706309;41587161;26845846;5901695;42630095;28945762;6173840;0;103278
FR;1;2023-03-07;53;71;47;40;68;45;50;0;71;42706362;41587232;26845893;5901735;42630163;28945807;6173890;0;103349
FR;1;2023-03-08;47;65;32;16;68;34;22;0;6;42706409;41587297;26845925;5901751;42630231;28945841;6173912;0;103355
FR;1;2023-03-09;38;55;45;22;49;50;31;0;30;42706447;41587352;26845970;5901773;42630280;28945891;6173943;0;103385
FR;1;2023-03-10;93;97;85;41;97;89;46;0;25;42706540;41587449;26846055;5901814;42630377;28945980;6173989;0;103410
FR;1;2023-03-11;47;39;51;9;33;57;13;0;6;42706587;41587488;26846106;5901823;42630410;28946037;6174002;0;103416
FR;1;2023-03-12;2;11;7;0;13;6;1;0;0;42706589;41587499;26846113;5901823;42630423;28946043;6174003;0;103416
FR;1;2023-03-13;50;73;40;15;68;48;14;0;19;42706639;41587572;26846153;5901838;42630491;28946091;6174017;0;103435
FR;1;2023-03-14;68;49;55;21;53;59;23;0;31;42706707;41587621;26846208;5901859;42630544;28946150;6174040;0;103466
FR;1;2023-03-15;41;70;81;95;69;78;68;0;47;42706748;41587691;26846289;5901954;42630613;28946228;6174108;0;103513
FR;1;2023-03-16;55;49;88;25;53;87;28;0;20;42706803;41587740;26846377;5901979;42630666;28946315;6174136;0;103533
FR;1;2023-03-17;109;89;101;37;103;104;41;0;35;42706912;41587829;26846478;5902016;42630769;28946419;6174177;0;103568
FR;1;2023-03-18;34;33;144;10;28;148;15;0;5;42706946;41587862;26846622;5902026;42630797;28946567;6174192;0;103573
FR;1;2023-03-19;11;5;2;2;6;2;3;0;0;42706957;41587867;26846624;5902028;42630803;28946569;6174195;0;103573
FR;1;2023-03-20;45;61;49;29;51;58;33;0;24;42707002;41587928;26846673;5902057;42630854;28946627;6174228;0;103597
FR;1;2023-03-21;74;61;42;11;66;45;16;0;26;42707076;41587989;26846715;5902068;42630920;28946672;6174244;0;103623
FR;1;2023-03-22;58;54;37;31;54;51;26;0;13;42707134;41588043;26846752;5902099;42630974;28946723;6174270;0;103636
FR;1;2023-03-23;59;47;37;23;48;41;25;0;47;42707193;41588090;26846789;5902122;42631022;28946764;6174295;0;103683
FR;1;2023-03-24;77;103;190;29;106;196;35;0;23;42707270;41588193;26846979;5902151;42631128;28946960;6174330;0;103706
FR;1;2023-03-25;47;51;48;11;48;52;15;0;6;42707317;41588244;26847027;5902162;42631176;28947012;6174345;0;103712
FR;1;2023-03-26;2;3;9;0;0;10;2;0;2;42707319;41588247;26847036;5902162;42631176;28947022;6174347;0;103714
FR;1;2023-03-27;104;58;68;11;61;71;15;0;22;42707423;41588305;26847104;5902173;42631237;28947093;6174362;0;103736
FR;1;2023-03-28;48;38;23;21;41;25;21;0;31;42707471;41588343;26847127;5902194;42631278;28947118;6174383;0;103767
FR;1;2023-03-29;55;46;31;28;45;38;25;0;14;42707526;41588389;26847158;5902222;42631323;28947156;6174408;0;103781
FR;1;2023-03-30;56;42;58;19;45;57;26;0;30;42707582;41588431;26847216;5902241;42631368;28947213;6174434;0;103811
FR;1;2023-03-31;66;84;28;16;82;34;13;0;35;42707648;41588515;26847244;5902257;42631450;28947247;6174447;0;103846
FR;1;2023-04-01;29;53;127;10;50;129;17;0;10;42707677;41588568;26847371;5902267;42631500;28947376;6174464;0;103856
FR;1;2023-04-02;1;1;8;0;1;7;1;0;0;42707678;41588569;26847379;5902267;42631501;28947383;6174465;0;103856
FR;1;2023-04-03;91;51;148;29;46;150;35;0;19;42707769;41588620;26847527;5902296;42631547;28947533;6174500;0;103875
FR;1;2023-04-04;40;52;40;11;44;47;12;0;25;42707809;41588672;26847567;5902307;42631591;28947580;6174512;0;103900
FR;1;2023-04-05;25;41;33;19;38;27;27;0;14;42707834;41588713;26847600;5902326;42631629;28947607;6174539;0;103914
FR;1;2023-04-06;43;45;33;11;42;35;16;0;15;42707877;41588758;26847633;5902337;42631671;28947642;6174555;0;103929
FR;1;2023-04-07;49;63;33;17;63;37;16;0;13;42707926;41588821;26847666;5902354;42631734;28947679;6174571;0;103942
FR;1;2023-04-08;25;32;11;13;25;18;13;0;13;42707951;41588853;26847677;5902367;42631759;28947697;6174584;0;103955
FR;1;2023-04-09;5;2;0;2;1;1;2;0;1;42707956;41588855;26847677;5902369;42631760;28947698;6174586;0;103956
FR;1;2023-04-10;5;15;22;1;15;24;1;0;1;42707961;41588870;26847699;5902370;42631775;28947722;6174587;0;103957
FR;1;2023-04-11;40;52;22;12;51;21;14;0;17;42708001;41588922;26847721;5902382;42631826;28947743;6174601;0;103974
FR;1;2023-04-12;36;35;36;19;33;41;22;0;24;42708037;41588957;26847757;5902401;42631859;28947784;6174623;0;103998
FR;1;2023-04-13;36;41;20;16;42;25;14;0;26;42708073;41588998;26847777;5902417;42631901;28947809;6174637;0;104024
FR;1;2023-04-14;59;69;132;15;78;126;22;0;17;42708132;41589067;26847909;5902432;42631979;28947935;6174659;0;104041
FR;1;2023-04-15;28;28;36;10;28;39;12;0;2;42708160;41589095;26847945;5902442;42632007;28947974;6174671;0;104043
FR;1;2023-04-16;3;2;0;0;2;0;0;0;0;42708163;41589097;26847945;5902442;42632009;28947974;6174671;0;104043
FR;1;2023-04-17;37;39;61;16;42;66;15;0;11;42708200;41589136;26848006;5902458;42632051;28948040;6174686;0;104054
FR;1;2023-04-18;37;40;27;7;35;41;12;0;24;42708237;41589176;26848033;5902465;42632086;28948081;6174698;0;104078
FR;1;2023-04-19;36;57;13;9;57;14;11;0;14;42708273;41589233;26848046;5902474;42632143;28948095;6174709;0;104092
FR;1;2023-04-20;27;40;39;16;41;40;17;0;15;42708300;41589273;26848085;5902490;42632184;28948135;6174726;0;104107
FR;1;2023-04-21;46;63;116;17;60;118;21;0;18;42708346;41589336;26848201;5902507;42632244;28948253;6174747;0;104125
FR;1;2023-04-22;19;23;34;9;20;39;9;0;4;42708365;41589359;26848235;5902516;42632264;28948292;6174756;0;104129
FR;1;2023-04-23;1;1;2;1;1;2;1;0;0;42708366;41589360;26848237;5902517;42632265;28948294;6174757;0;104129
FR;1;2023-04-24;58;39;29;5;38;33;6;0;8;42708424;41589399;26848266;5902522;42632303;28948327;6174763;0;104137
FR;1;2023-04-25;31;34;22;16;30;23;20;0;15;42708455;41589433;26848288;5902538;42632333;28948350;6174783;0;104152
FR;1;2023-04-26;31;24;9;6;24;14;8;0;8;42708486;41589457;26848297;5902544;42632357;28948364;6174791;0;104160
FR;1;2023-04-27;32;35;31;25;30;36;28;0;12;42708518;41589492;26848328;5902569;42632387;28948400;6174819;0;104172
FR;1;2023-04-28;70;53;22;14;47;28;20;0;11;42708588;41589545;26848350;5902583;42632434;28948428;6174839;0;104183
FR;1;2023-04-29;19;19;14;7;18;12;11;0;9;42708607;41589564;26848364;5902590;42632452;28948440;6174850;0;104192
FR;1;2023-04-30;6;0;0;1;0;0;1;0;0;42708613;41589564;26848364;5902591;42632452;28948440;6174851;0;104192
FR;1;2023-05-01;0;13;44;1;12;45;1;0;0;42708613;41589577;26848408;5902592;42632464;28948485;6174852;0;104192
FR;1;2023-05-02;94;54;133;12;58;128;24;0;19;42708707;41589631;26848541;5902604;42632522;28948613;6174876;0;104211
FR;1;2023-05-03;51;29;42;5;25;46;7;0;10;42708758;41589660;26848583;5902609;42632547;28948659;6174883;0;104221
FR;1;2023-05-04;19;33;64;26;33;83;35;0;18;42708777;41589693;26848647;5902635;42632580;28948742;6174918;0;104239
FR;1;2023-05-05;27;31;20;3;32;16;7;0;9;42708804;41589724;26848667;5902638;42632612;28948758;6174925;0;104248
FR;1;2023-05-06;11;7;7;3;8;8;4;0;7;42708815;41589731;26848674;5902641;42632620;28948766;6174929;0;104255
FR;1;2023-05-07;2;2;4;4;2;3;2;0;1;42708817;41589733;26848678;5902645;42632622;28948769;6174931;0;104256
FR;1;2023-05-08;7;4;5;1;3;6;1;0;0;42708824;41589737;26848683;5902646;42632625;28948775;6174932;0;104256
FR;1;2023-05-09;14;16;12;3;14;12;6;0;9;42708838;41589753;26848695;5902649;42632639;28948787;6174938;0;104265
FR;1;2023-05-10;19;18;7;11;18;9;8;0;1;42708857;41589771;26848702;5902660;42632657;28948796;6174946;0;104266
FR;1;2023-05-11;13;18;7;9;18;8;8;0;21;42708870;41589789;26848709;5902669;42632675;28948804;6174954;0;104287
FR;1;2023-05-12;16;42;26;15;39;31;18;0;11;42708886;41589831;26848735;5902684;42632714;28948835;6174972;0;104298
FR;1;2023-05-13;12;24;11;2;22;14;2;0;2;42708898;41589855;26848746;5902686;42632736;28948849;6174974;0;104300
FR;1;2023-05-14;12;1;1;0;1;1;0;0;0;42708910;41589856;26848747;5902686;42632737;28948850;6174974;0;104300
FR;1;2023-05-15;17;18;35;4;17;35;6;0;9;42708927;41589874;26848782;5902690;42632754;28948885;6174980;0;104309
FR;1;2023-05-16;17;25;17;30;22;17;35;0;49;42708944;41589899;26848799;5902720;42632776;28948902;6175015;0;104358
FR;1;2023-05-17;21;46;4;6;46;5;6;0;15;42708965;41589945;26848803;5902726;42632822;28948907;6175021;0;104373
FR;1;2023-05-18;0;3;1;0;3;1;0;0;1;42708965;41589948;26848804;5902726;42632825;28948908;6175021;0;104374
FR;1;2023-05-19;13;25;55;12;22;59;15;0;15;42708978;41589973;26848859;5902738;42632847;28948967;6175036;0;104389
FR;1;2023-05-20;6;7;10;6;6;9;9;0;6;42708984;41589980;26848869;5902744;42632853;28948976;6175045;0;104395
FR;1;2023-05-21;6;0;0;0;0;0;0;0;1;42708990;41589980;26848869;5902744;42632853;28948976;6175045;0;104396
FR;1;2023-05-22;41;16;30;6;16;30;7;0;7;42709031;41589996;26848899;5902750;42632869;28949006;6175052;0;104403
FR;1;2023-05-23;7;19;4;6;19;5;6;0;13;42709038;41590015;26848903;5902756;42632888;28949011;6175058;0;104416
FR;1;2023-05-24;14;20;13;16;20;13;18;0;29;42709052;41590035;26848916;5902772;42632908;28949024;6175076;0;104445
FR;1;2023-05-25;14;12;12;5;10;14;7;0;26;42709066;41590047;26848928;5902777;42632918;28949038;6175083;0;104471
FR;1;2023-05-26;25;22;26;8;20;28;10;0;10;42709091;41590069;26848954;5902785;42632938;28949066;6175093;0;104481
FR;1;2023-05-27;5;14;1;3;13;2;4;0;4;42709096;41590083;26848955;5902788;42632951;28949068;6175097;0;104485
FR;1;2023-05-28;1;2;1;0;2;1;0;0;0;42709097;41590085;26848956;5902788;42632953;28949069;6175097;0;104485
FR;1;2023-05-29;0;0;0;0;0;0;0;0;0;42709097;41590085;26848956;5902788;42632953;28949069;6175097;0;104485
FR;1;2023-05-30;40;16;14;25;18;16;28;0;32;42709137;41590101;26848970;5902813;42632971;28949085;6175125;0;104517
FR;1;2023-05-31;19;29;9;17;21;12;24;0;74;42709156;41590130;26848979;5902830;42632992;28949097;6175149;0;104591
FR;1;2023-06-01;10;23;29;12;17;33;12;0;19;42709166;41590153;26849008;5902842;42633009;28949130;6175161;0;104610
FR;1;2023-06-02;12;23;10;4;18;15;6;0;14;42709178;41590176;26849018;5902846;42633027;28949145;6175167;0;104624
FR;1;2023-06-03;4;7;1;2;7;2;2;0;0;42709182;41590183;26849019;5902848;42633034;28949147;6175169;0;104624
FR;1;2023-06-04;0;12;0;0;12;0;0;0;0;42709182;41590195;26849019;5902848;42633046;28949147;6175169;0;104624
FR;1;2023-06-05;50;18;6;5;16;8;7;0;8;42709232;41590213;26849025;5902853;42633062;28949155;6175176;0;104632
FR;1;2023-06-06;18;18;7;5;16;8;9;0;14;42709250;41590231;26849032;5902858;42633078;28949163;6175185;0;104646
FR;1;2023-06-07;14;10;2;3;9;2;4;0;5;42709264;41590241;26849034;5902861;42633087;28949165;6175189;0;104651
FR;1;2023-06-08;13;4;4;2;3;7;6;0;37;42709277;41590245;26849038;5902863;42633090;28949172;6175195;0;104688
FR;1;2023-06-09;17;34;8;13;32;9;13;0;32;42709294;41590279;26849046;5902876;42633122;28949181;6175208;0;104720
FR;1;2023-06-10;9;5;8;1;3;8;3;0;1;42709303;41590284;26849054;5902877;42633125;28949189;6175211;0;104721
FR;1;2023-06-11;0;0;0;0;0;0;0;0;0;42709303;41590284;26849054;5902877;42633125;28949189;6175211;0;104721
FR;1;2023-06-12;5;9;2;11;9;3;14;0;27;42709308;41590293;26849056;5902888;42633134;28949192;6175225;0;104748
FR;1;2023-06-13;10;7;4;4;6;5;6;0;3;42709318;41590300;26849060;5902892;42633140;28949197;6175231;0;104751
FR;1;2023-06-14;9;37;1;8;37;3;6;0;12;42709327;41590337;26849061;5902900;42633177;28949200;6175237;0;104763
FR;1;2023-06-15;5;15;5;19;11;10;18;0;46;42709332;41590352;26849066;5902919;42633188;28949210;6175255;0;104809
FR;1;2023-06-16;7;16;5;16;18;3;17;0;17;42709339;41590368;26849071;5902935;42633206;28949213;6175272;0;104826
FR;1;2023-06-17;5;14;3;1;13;3;1;0;5;42709344;41590382;26849074;5902936;42633219;28949216;6175273;0;104831
FR;1;2023-06-18;0;1;0;0;1;0;0;0;0;42709344;41590383;26849074;5902936;42633220;28949216;6175273;0;104831
FR;1;2023-06-19;12;8;2;3;9;0;5;0;4;42709356;41590391;26849076;5902939;42633229;28949216;6175278;0;104835
FR;1;2023-06-20;34;12;24;15;11;24;16;0;8;42709390;41590403;26849100;5902954;42633240;28949240;6175294;0;104843
FR;1;2023-06-21;8;12;4;33;11;11;33;0;16;42709398;41590415;26849104;5902987;42633251;28949251;6175327;0;104859
FR;1;2023-06-22;13;6;4;1;5;4;4;0;13;42709411;41590421;26849108;5902988;42633256;28949255;6175331;0;104872
FR;1;2023-06-23;9;12;2;4;12;3;5;0;6;42709420;41590433;26849110;5902992;42633268;28949258;6175336;0;104878
FR;1;2023-06-24;3;1;4;0;1;3;1;0;3;42709423;41590434;26849114;5902992;42633269;28949261;6175337;0;104881
FR;1;2023-06-25;0;0;0;0;0;0;0;0;0;42709423;41590434;26849114;5902992;42633269;28949261;6175337;0;104881
FR;1;2023-06-26;11;7;8;2;8;8;2;0;7;42709434;41590441;26849122;5902994;42633277;28949269;6175339;0;104888
FR;2;2020-12-27;0;0;0;0;0;0;0;0;0;0;0;0;0;0;0;0;0;0
FR;2;2020-12-28;0;0;0;0;0;0;0;0;0;0;0;0;0;0;0;0;0;0
FR;2;2020-12-29;0;0;0;0;0;0;0;0;0;0;0;0;0;0;0;0;0;0
FR;2;2020-12-30;0;0;0;0;0;0;0;0;0;0;0;0;0;0;0;0;0;0
FR;2;2020-12-31;0;0;0;0;0;0;0;0;0;0;0;0;0;0;0;0;0;0
FR;2;2021-01-01;0;0;0;0;0;0;0;0;0;0;0;0;0;0;0;0;0;0
FR;2;2021-01-02;0;0;0;0;0;0;0;0;0;0;0;0;0;0;0;0;0;0
FR;2;2021-01-03;0;0;0;0;0;0;0;0;0;0;0;0;0;0;0;0;0;0
FR;2;2021-01-04;0;0;0;0;0;0;0;0;0;0;0;0;0;0;0;0;0;0
FR;2;2021-01-05;0;0;0;0;0;0;0;0;0;0;0;0;0;0;0;0;0;0
FR;2;2021-01-06;0;0;0;0;0;0;0;0;0;0;0;0;0;0;0;0;0;0
FR;2;2021-01-07;0;0;0;0;0;0;0;0;0;0;0;0;0;0;0;0;0;0
FR;2;2021-01-08;0;0;0;0;0;0;0;0;0;0;0;0;0;0;0;0;0;0
FR;2;2021-01-09;0;0;0;0;0;0;0;0;0;0;0;0;0;0;0;0;0;0
FR;2;2021-01-10;0;0;0;0;0;0;0;0;0;0;0;0;0;0;0;0;0;0
FR;2;2021-01-11;0;0;0;0;0;0;0;0;0;0;0;0;0;0;0;0;0;0
FR;2;2021-01-12;0;0;0;0;0;0;0;0;0;0;0;0;0;0;0;0;0;0
FR;2;2021-01-13;0;0;0;0;0;0;0;0;0;0;0;0;0;0;0;0;0;0
FR;2;2021-01-14;1636;0;0;0;213;0;0;0;0;1636;0;0;0;213;0;0;0;0
FR;2;2021-01-15;398;0;0;0;28;0;0;0;0;2034;0;0;0;241;0;0;0;0
FR;2;2021-01-16;316;0;0;0;12;0;0;0;0;2350;0;0;0;253;0;0;0;0
FR;2;2021-01-17;84;0;0;0;7;0;0;0;0;2434;0;0;0;260;0;0;0;0
FR;2;2021-01-18;3075;3;0;0;27;0;0;0;0;5509;3;0;0;287;0;0;0;0
FR;2;2021-01-19;4681;2;0;0;31;0;0;0;0;10190;5;0;0;318;0;0;0;0
FR;2;2021-01-20;5138;6;0;0;58;0;0;0;0;15328;11;0;0;376;0;0;0;0
FR;2;2021-01-21;5346;9;0;0;55;0;0;0;0;20674;20;0;0;431;0;0;0;0
FR;2;2021-01-22;5119;19;0;0;70;0;0;0;0;25793;39;0;0;501;0;0;0;0
FR;2;2021-01-23;1875;2;0;0;16;0;0;0;0;27668;41;0;0;517;0;0;0;0
FR;2;2021-01-24;163;2;0;0;8;0;0;0;0;27831;43;0;0;525;0;0;0;0
FR;2;2021-01-25;3814;4;0;0;37;0;0;0;0;31645;47;0;0;562;0;0;0;0
FR;2;2021-01-26;3930;6;0;0;42;0;0;0;0;35575;53;0;0;604;0;0;0;0
FR;2;2021-01-27;3606;4;0;0;36;0;0;0;0;39181;57;0;0;640;0;0;0;0
FR;2;2021-01-28;3757;9;0;0;44;0;0;0;0;42938;66;0;0;684;0;0;0;0
FR;2;2021-01-29;3300;6;0;0;42;0;0;0;0;46238;72;0;0;726;0;0;0;0
FR;2;2021-01-30;1133;3;0;0;16;0;0;0;0;47371;75;0;0;742;0;0;0;0
FR;2;2021-01-31;47;2;0;0;9;0;0;0;0;47418;77;0;0;751;0;0;0;0
FR;2;2021-02-01;3408;13;0;0;44;0;0;0;0;50826;90;0;0;795;0;0;0;0
FR;2;2021-02-02;4498;19;0;0;53;0;0;0;0;55324;109;0;0;848;0;0;0;0
FR;2;2021-02-03;5223;12;0;0;83;0;0;0;0;60547;121;0;0;931;0;0;0;0
FR;2;2021-02-04;4941;11;0;0;36;0;0;0;0;65488;132;0;0;967;0;0;0;0
FR;2;2021-02-05;4817;17;0;0;50;0;0;0;0;70305;149;0;0;1017;0;0;0;0
FR;2;2021-02-06;2047;15;0;0;41;0;0;0;0;72352;164;0;0;1058;0;0;0;0
FR;2;2021-02-07;103;6;0;0;20;0;0;0;0;72455;170;0;0;1078;0;0;0;0
FR;2;2021-02-08;7559;27;0;0;86;0;0;0;0;80014;197;0;0;1164;0;0;0;0
FR;2;2021-02-09;8435;31;0;0;100;0;0;0;0;88449;228;0;0;1264;0;0;0;0
FR;2;2021-02-10;9349;63;0;0;183;0;0;0;0;97798;291;0;0;1447;0;0;0;0
FR;2;2021-02-11;10292;132;0;0;256;0;0;0;0;108090;423;0;0;1703;0;0;0;0
FR;2;2021-02-12;10059;276;0;0;430;0;0;0;0;118149;699;0;0;2133;0;0;0;0
FR;2;2021-02-13;3121;223;0;0;261;0;0;0;0;121270;922;0;0;2394;0;0;0;0
FR;2;2021-02-14;358;11;0;0;21;0;0;0;0;121628;933;0;0;2415;0;0;0;0
FR;2;2021-02-15;3460;3129;0;0;3176;0;0;0;0;125088;4062;0;0;5591;0;0;0;0
FR;2;2021-02-16;5076;4165;0;0;4238;0;0;0;0;130164;8227;0;0;9829;0;0;0;0
FR;2;2021-02-17;4259;4555;0;0;4632;0;0;0;0;134423;12782;0;0;14461;0;0;0;0
FR;2;2021-02-18;5406;5179;0;0;5249;0;0;0;0;139829;17961;0;0;19710;0;0;0;0
FR;2;2021-02-19;5329;4491;0;0;4592;0;0;0;0;145158;22452;0;0;24302;0;0;0;0
FR;2;2021-02-20;1872;1520;0;0;1537;0;0;0;0;147030;23972;0;0;25839;0;0;0;0
FR;2;2021-02-21;244;96;0;0;98;0;0;0;0;147274;24068;0;0;25937;0;0;0;0
FR;2;2021-02-22;3615;3783;0;0;3845;0;0;0;0;150889;27851;0;0;29782;0;0;0;0
FR;2;2021-02-23;4955;3741;0;0;3805;0;0;0;0;155844;31592;0;0;33587;0;0;0;0
FR;2;2021-02-24;5017;3559;0;0;3612;0;0;0;0;160861;35151;0;0;37199;0;0;0;0
FR;2;2021-02-25;5501;3495;0;0;3585;0;0;0;0;166362;38646;0;0;40784;0;0;0;0
FR;2;2021-02-26;4368;3179;0;0;3253;0;0;0;0;170730;41825;0;0;44037;0;0;0;0
FR;2;2021-02-27;1629;1067;0;0;1086;0;0;0;0;172359;42892;0;0;45123;0;0;0;0
FR;2;2021-02-28;179;17;0;0;28;0;0;0;0;172538;42909;0;0;45151;0;0;0;0
FR;2;2021-03-01;5193;3762;0;0;3851;0;0;0;0;177731;46671;0;0;49002;0;0;0;0
FR;2;2021-03-02;6542;4728;0;0;4829;0;0;0;0;184273;51399;0;0;53831;0;0;0;0
FR;2;2021-03-03;6544;4955;0;0;5096;0;0;0;0;190817;56354;0;0;58927;0;0;0;0
FR;2;2021-03-04;8412;4210;0;0;4396;0;0;0;0;199229;60564;0;0;63323;0;0;0;0
FR;2;2021-03-05;8037;4054;0;0;4237;0;0;0;0;207266;64618;0;0;67560;0;0;0;0
FR;2;2021-03-06;4791;1683;0;0;1783;0;0;0;0;212057;66301;0;0;69343;0;0;0;0
FR;2;2021-03-07;2373;32;0;0;76;0;0;0;0;214430;66333;0;0;69419;0;0;0;0
FR;2;2021-03-08;4166;8392;0;0;8549;0;0;0;0;218596;74725;0;0;77968;0;0;0;0
FR;2;2021-03-09;7494;8610;1;0;8869;0;0;0;0;226090;83335;1;0;86837;0;0;0;0
FR;2;2021-03-10;7108;9246;0;0;9473;0;0;0;0;233198;92581;1;0;96310;0;0;0;0
FR;2;2021-03-11;9379;9365;1;0;9686;0;0;0;0;242577;101946;2;0;105996;0;0;0;0
FR;2;2021-03-12;7989;8368;0;0;8671;0;0;0;0;250566;110314;2;0;114667;0;0;0;0
FR;2;2021-03-13;10058;2593;0;0;2914;0;0;0;0;260624;112907;2;0;117581;0;0;0;0
FR;2;2021-03-14;4841;380;0;0;539;0;0;0;0;265465;113287;2;0;118120;0;0;0;0
FR;2;2021-03-15;10919;3476;0;0;3765;0;0;0;0;276384;116763;2;0;121885;0;0;0;0
FR;2;2021-03-16;16770;4733;1;0;5283;0;0;0;0;293154;121496;3;0;127168;0;0;0;0
FR;2;2021-03-17;20242;4000;0;0;4674;0;0;0;0;313396;125496;3;0;131842;0;0;0;0
FR;2;2021-03-18;23375;5128;0;0;5957;0;0;0;0;336771;130624;3;0;137799;0;0;0;0
FR;2;2021-03-19;23316;4681;0;0;5444;0;0;0;0;360087;135305;3;0;143243;0;0;0;0
FR;2;2021-03-20;25451;1588;0;0;2345;0;0;0;0;385538;136893;3;0;145588;0;0;0;0
FR;2;2021-03-21;17675;153;0;0;731;0;0;0;0;403213;137046;3;0;146319;0;0;0;0
FR;2;2021-03-22;17791;3273;0;0;3942;0;0;0;0;421004;140319;3;0;150261;0;0;0;0
FR;2;2021-03-23;22707;4287;0;0;5142;0;0;0;0;443711;144606;3;0;155403;0;0;0;0
FR;2;2021-03-24;23966;5100;0;0;5937;0;0;0;0;467677;149706;3;0;161340;0;0;0;0
FR;2;2021-03-25;26762;5259;1;0;6456;0;0;0;0;494439;154965;4;0;167796;0;0;0;0
FR;2;2021-03-26;26992;4236;0;0;5382;0;0;0;0;521431;159201;4;0;173178;0;0;0;0
FR;2;2021-03-27;15923;1369;0;0;1899;0;0;0;0;537354;160570;4;0;175077;0;0;0;0
FR;2;2021-03-28;10563;135;0;0;427;0;0;0;0;547917;160705;4;0;175504;0;0;0;0
FR;2;2021-03-29;19004;4349;0;0;5049;0;0;0;0;566921;165054;4;0;180553;0;0;0;0
FR;2;2021-03-30;24597;6105;0;0;7045;0;0;0;0;591518;171159;4;0;187598;0;0;0;0
FR;2;2021-03-31;28562;5931;0;0;7224;0;0;0;0;620080;177090;4;0;194822;0;0;0;0
FR;2;2021-04-01;34560;8576;1;0;10269;0;0;0;0;654640;185666;5;0;205091;0;0;0;0
FR;2;2021-04-02;29992;7736;0;0;9165;0;0;0;0;684632;193402;5;0;214256;0;0;0;0
FR;2;2021-04-03;16959;4263;0;0;4945;0;0;0;0;701591;197665;5;0;219201;0;0;0;0
FR;2;2021-04-04;9309;1269;2;0;1677;0;0;0;0;710900;198934;7;0;220878;0;0;0;0
FR;2;2021-04-05;12448;797;0;0;1381;0;0;0;0;723348;199731;7;0;222259;0;0;0;0
FR;2;2021-04-06;27159;7359;0;0;8751;0;0;0;0;750507;207090;7;0;231010;0;0;0;0
FR;2;2021-04-07;30931;7070;1;0;8646;0;0;0;0;781438;214160;8;0;239656;0;0;0;0
FR;2;2021-04-08;36896;8592;1;0;10517;0;0;0;0;818334;222752;9;0;250173;0;0;0;0
FR;2;2021-04-09;33856;8391;28;0;10176;0;0;0;0;852190;231143;37;0;260349;0;0;0;0
FR;2;2021-04-10;19689;9270;1;0;10182;0;0;0;0;871879;240413;38;0;270531;0;0;0;0
FR;2;2021-04-11;7943;4240;1;0;4603;0;0;0;0;879822;244653;39;0;275134;0;0;0;0
FR;2;2021-04-12;17137;11028;0;0;11870;0;0;0;0;896959;255681;39;0;287004;0;0;0;0
FR;2;2021-04-13;19465;16034;1;0;17102;0;0;0;0;916424;271715;40;0;304106;0;0;0;0
FR;2;2021-04-14;18071;16446;7;0;17542;0;0;0;0;934495;288161;47;0;321648;0;0;0;0
FR;2;2021-04-15;22208;21892;27;0;23346;0;0;0;0;956703;310053;74;0;344994;0;0;0;0
FR;2;2021-04-16;20721;20640;45;0;21913;0;0;0;0;977424;330693;119;0;366907;0;0;0;0
FR;2;2021-04-17;13258;22494;5;0;23225;0;0;0;0;990682;353187;124;0;390132;0;0;0;0
FR;2;2021-04-18;5911;14397;6;0;14737;0;0;0;0;996593;367584;130;0;404869;0;0;0;0
FR;2;2021-04-19;16850;16394;24;0;17197;0;0;0;0;1013443;383978;154;0;422066;0;0;0;0
FR;2;2021-04-20;19329;21808;38;0;22870;0;0;0;0;1032772;405786;192;0;444936;0;0;0;0
FR;2;2021-04-21;20294;21902;76;0;23052;0;0;0;0;1053066;427688;268;0;467988;0;0;0;0
FR;2;2021-04-22;23824;24958;41;0;26371;0;0;0;0;1076890;452646;309;0;494359;0;0;0;0
FR;2;2021-04-23;24534;25501;76;0;27013;0;0;0;0;1101424;478147;385;0;521372;0;0;0;0
FR;2;2021-04-24;25305;15069;104;0;16507;0;0;0;0;1126729;493216;489;0;537879;0;0;0;0
FR;2;2021-04-25;9598;8623;5;0;9183;0;0;0;0;1136327;501839;494;0;547062;0;0;0;0
FR;2;2021-04-26;17169;17680;21;0;18566;0;0;0;0;1153496;519519;515;0;565628;0;0;0;0
FR;2;2021-04-27;19246;24101;40;0;25285;0;0;0;0;1172742;543620;555;0;590913;0;0;0;0
FR;2;2021-04-28;22343;26460;113;0;27861;0;0;0;0;1195085;570080;668;0;618774;0;0;0;0
FR;2;2021-04-29;25477;30499;70;0;32189;0;0;0;0;1220562;600579;738;0;650963;0;0;0;0
FR;2;2021-04-30;25542;27977;49;1;29627;0;0;0;0;1246104;628556;787;1;680590;0;0;0;0
FR;2;2021-05-01;14988;9855;6;0;10656;0;0;0;0;1261092;638411;793;1;691246;0;0;0;0
FR;2;2021-05-02;6642;9160;2;0;9506;0;0;0;0;1267734;647571;795;1;700752;0;0;0;0
FR;2;2021-05-03;20026;19127;40;0;20334;0;0;0;0;1287760;666698;835;1;721086;0;0;0;0
FR;2;2021-05-04;18288;29200;33;0;30346;0;0;0;0;1306048;695898;868;1;751432;0;0;0;0
FR;2;2021-05-05;18385;29524;48;0;30822;0;0;0;0;1324433;725422;916;1;782254;0;0;0;0
FR;2;2021-05-06;23553;35412;132;0;36985;0;0;0;0;1347986;760834;1048;1;819239;0;0;0;0
FR;2;2021-05-07;25349;33241;97;0;35100;0;0;0;0;1373335;794075;1145;1;854339;0;0;0;0
FR;2;2021-05-08;21343;10701;15;0;11788;0;0;0;0;1394678;804776;1160;1;866127;0;0;0;0
FR;2;2021-05-09;13170;7609;7;0;8284;0;0;0;0;1407848;812385;1167;1;874411;0;0;0;0
FR;2;2021-05-10;32949;21717;50;0;23574;0;0;0;0;1440797;834102;1217;1;897985;0;0;0;0
FR;2;2021-05-11;43616;20904;101;0;23529;0;0;0;0;1484413;855006;1318;1;921514;0;0;0;0
FR;2;2021-05-12;50070;19637;143;0;22519;0;0;0;0;1534483;874643;1461;1;944033;0;0;0;0
FR;2;2021-05-13;51301;5597;31;0;8465;0;0;0;0;1585784;880240;1492;1;952498;0;0;0;0
FR;2;2021-05-14;61361;12884;132;0;16538;0;0;0;0;1647145;893124;1624;1;969036;0;0;0;0
FR;2;2021-05-15;65938;7100;40;0;10650;0;0;0;0;1713083;900224;1664;1;979686;0;0;0;0
FR;2;2021-05-16;43588;2573;10;0;4944;0;0;0;0;1756671;902797;1674;1;984630;0;0;0;0
FR;2;2021-05-17;44756;12447;114;0;15354;0;0;0;0;1801427;915244;1788;1;999984;0;0;0;0
FR;2;2021-05-18;54650;12290;190;0;15973;0;0;0;0;1856077;927534;1978;1;1015957;0;0;0;0
FR;2;2021-05-19;57180;10460;281;0;14500;0;0;0;0;1913257;937994;2259;1;1030457;0;0;0;0
FR;2;2021-05-20;63452;10804;288;0;14899;0;0;0;0;1976709;948798;2547;1;1045356;0;0;0;0
FR;2;2021-05-21;64306;11602;230;0;16027;0;0;0;0;2041015;960400;2777;1;1061383;0;0;0;0
FR;2;2021-05-22;61488;4530;65;0;8500;0;0;0;0;2102503;964930;2842;1;1069883;0;0;0;0
FR;2;2021-05-23;37537;575;22;0;2912;0;0;0;0;2140040;965505;2864;1;1072795;0;0;0;0
FR;2;2021-05-24;17248;2052;35;0;3259;0;0;0;0;2157288;967557;2899;1;1076054;0;0;0;0
FR;2;2021-05-25;21121;12253;241;0;13854;0;0;0;0;2178409;979810;3140;1;1089908;0;0;0;0
FR;2;2021-05-26;19946;11539;230;0;13069;0;0;0;0;2198355;991349;3370;1;1102977;0;0;0;0
FR;2;2021-05-27;23001;12663;182;0;14399;0;0;0;0;2221356;1004012;3552;1;1117376;0;0;0;0
FR;2;2021-05-28;29398;15044;190;0;17224;0;0;0;0;2250754;1019056;3742;1;1134600;0;0;0;0
FR;2;2021-05-29;30425;8196;58;0;10104;0;0;0;0;2281179;1027252;3800;1;1144704;0;0;0;0
FR;2;2021-05-30;4648;1819;6;0;2154;0;0;0;0;2285827;1029071;3806;1;1146858;0;0;0;0
FR;2;2021-05-31;28590;18741;184;0;20820;0;0;0;0;2314417;1047812;3990;1;1167678;0;0;0;0
FR;2;2021-06-01;45745;19916;225;0;23152;0;0;0;0;2360162;1067728;4215;1;1190830;0;0;0;0
FR;2;2021-06-02;37483;19311;182;0;22317;0;0;0;0;2397645;1087039;4397;1;1213147;0;0;0;0
FR;2;2021-06-03;51284;23118;161;0;26972;0;0;0;0;2448929;1110157;4558;1;1240119;0;0;0;0
FR;2;2021-06-04;65519;24092;217;0;29057;0;0;0;0;2514448;1134249;4775;1;1269176;0;0;0;0
FR;2;2021-06-05;34607;24109;52;0;26964;0;0;0;0;2549055;1158358;4827;1;1296140;0;0;0;0
FR;2;2021-06-06;4958;6194;10;0;6613;0;0;0;0;2554013;1164552;4837;1;1302753;0;0;0;0
FR;2;2021-06-07;28177;23017;150;0;25433;0;0;0;0;2582190;1187569;4987;1;1328186;0;0;0;0
FR;2;2021-06-08;46379;22943;143;0;26909;0;0;0;0;2628569;1210512;5130;1;1355095;0;0;0;0
FR;2;2021-06-09;34298;20999;107;0;24131;0;0;0;0;2662867;1231511;5237;1;1379226;0;0;0;0
FR;2;2021-06-10;42644;19082;96;1;23004;0;0;0;0;2705511;1250593;5333;2;1402230;0;0;0;0
FR;2;2021-06-11;55306;25134;134;0;30233;0;0;0;0;2760817;1275727;5467;2;1432463;0;0;0;0
FR;2;2021-06-12;30567;19801;53;0;22654;0;0;0;0;2791384;1295528;5520;2;1455117;0;0;0;0
FR;2;2021-06-13;3333;9197;13;0;9586;0;0;0;0;2794717;1304725;5533;2;1464703;0;0;0;0
FR;2;2021-06-14;25304;24119;92;0;26699;0;0;0;0;2820021;1328844;5625;2;1491402;0;0;0;0
FR;2;2021-06-15;39049;22819;154;0;26567;0;0;0;0;2859070;1351663;5779;2;1517969;0;0;0;0
FR;2;2021-06-16;30169;21371;135;0;24524;0;0;0;0;2889239;1373034;5914;2;1542493;0;0;0;0
FR;2;2021-06-17;36913;25737;150;0;29599;0;0;0;0;2926152;1398771;6064;2;1572092;0;0;0;0
FR;2;2021-06-18;46860;28884;123;0;33587;0;0;0;0;2973012;1427655;6187;2;1605679;0;0;0;0
FR;2;2021-06-19;24527;24940;39;0;27714;0;0;0;0;2997539;1452595;6226;2;1633393;0;0;0;0
FR;2;2021-06-20;3745;10058;9;0;10557;0;0;0;0;3001284;1462653;6235;2;1643950;0;0;0;0
FR;2;2021-06-21;17538;42862;88;0;44874;0;0;0;0;3018822;1505515;6323;2;1688824;0;0;0;0
FR;2;2021-06-22;28367;49617;110;0;53046;0;0;0;0;3047189;1555132;6433;2;1741870;0;0;0;0
FR;2;2021-06-23;21790;49613;107;1;52462;1;0;0;0;3068979;1604745;6540;3;1794332;1;0;0;0
FR;2;2021-06-24;28381;50319;134;0;54050;0;0;0;0;3097360;1655064;6674;3;1848382;1;0;0;0
FR;2;2021-06-25;33402;60488;129;0;64877;0;0;0;0;3130762;1715552;6803;3;1913259;1;0;0;0
FR;2;2021-06-26;16396;59357;54;1;61749;0;0;0;0;3147158;1774909;6857;4;1975008;1;0;0;0
FR;2;2021-06-27;2566;29316;22;1;29898;0;0;0;0;3149724;1804225;6879;5;2004906;1;0;0;0
FR;2;2021-06-28;12641;54342;84;0;56318;0;0;0;0;3162365;1858567;6963;5;2061224;1;0;0;0
FR;2;2021-06-29;19857;60000;178;0;62943;0;0;0;0;3182222;1918567;7141;5;2124167;1;0;0;0
FR;2;2021-06-30;16337;58036;253;17;60720;0;0;0;0;3198559;1976603;7394;22;2184887;1;0;0;0
FR;2;2021-07-01;20497;59874;228;0;63201;0;0;0;0;3219056;2036477;7622;22;2248088;1;0;0;0
FR;2;2021-07-02;24083;62161;184;0;66375;0;0;0;0;3243139;2098638;7806;22;2314463;1;0;0;0
FR;2;2021-07-03;12123;57146;153;0;59485;0;0;0;0;3255262;2155784;7959;22;2373948;1;0;0;0
FR;2;2021-07-04;1961;23303;18;0;23870;0;0;0;0;3257223;2179087;7977;22;2397818;1;0;0;0
FR;2;2021-07-05;9179;29257;106;0;30893;0;0;0;0;3266402;2208344;8083;22;2428711;1;0;0;0
FR;2;2021-07-06;14584;36278;135;0;38957;0;0;0;0;3280986;2244622;8218;22;2467668;1;0;0;0
FR;2;2021-07-07;14421;33664;140;0;36417;0;0;0;0;3295407;2278286;8358;22;2504085;1;0;0;0
FR;2;2021-07-08;19723;40326;162;0;43983;0;0;0;0;3315130;2318612;8520;22;2548068;1;0;0;0
FR;2;2021-07-09;27105;54335;202;1;59486;0;0;0;0;3342235;2372947;8722;23;2607554;1;0;0;0
FR;2;2021-07-10;13389;33708;107;0;36392;0;0;0;0;3355624;2406655;8829;23;2643946;1;0;0;0
FR;2;2021-07-11;1811;4344;16;0;4771;0;0;0;0;3357435;2410999;8845;23;2648717;1;0;0;0
FR;2;2021-07-12;12971;37265;119;0;39920;0;0;0;0;3370406;2448264;8964;23;2688637;1;0;0;0
FR;2;2021-07-13;37120;53146;152;0;60280;0;0;0;0;3407526;2501410;9116;23;2748917;1;0;0;0
FR;2;2021-07-14;6628;3540;15;0;4887;0;0;0;0;3414154;2504950;9131;23;2753804;1;0;0;0
FR;2;2021-07-15;47244;47014;156;0;55210;0;0;0;0;3461398;2551964;9287;23;2809014;1;0;0;0
FR;2;2021-07-16;64320;55754;188;0;66736;0;0;0;0;3525718;2607718;9475;23;2875750;1;0;0;0
FR;2;2021-07-17;31603;23918;96;0;29375;0;0;0;0;3557321;2631636;9571;23;2905125;1;0;0;0
FR;2;2021-07-18;6090;4807;19;0;5952;0;0;0;0;3563411;2636443;9590;23;2911077;1;0;0;0
FR;2;2021-07-19;33007;28599;94;0;34212;0;0;0;0;3596418;2665042;9684;23;2945289;1;0;0;0
FR;2;2021-07-20;51999;44522;155;0;53157;0;0;0;0;3648417;2709564;9839;23;2998446;1;0;0;0
FR;2;2021-07-21;45256;34624;93;0;42126;0;0;0;0;3693673;2744188;9932;23;3040572;1;0;0;0
FR;2;2021-07-22;56280;41082;128;1;50355;0;0;0;0;3749953;2785270;10060;24;3090927;1;0;0;0
FR;2;2021-07-23;68305;48968;170;0;60257;0;0;0;0;3818258;2834238;10230;24;3151184;1;0;0;0
FR;2;2021-07-24;36178;21614;82;0;27472;0;0;0;0;3854436;2855852;10312;24;3178656;1;0;0;0
FR;2;2021-07-25;6751;2608;10;0;3866;0;0;0;0;3861187;2858460;10322;24;3182522;1;0;0;0
FR;2;2021-07-26;36320;22335;91;1;27838;0;0;0;0;3897507;2880795;10413;25;3210360;1;0;0;0
FR;2;2021-07-27;62392;34563;180;0;43711;0;0;0;0;3959899;2915358;10593;25;3254071;1;0;0;0
FR;2;2021-07-28;55327;26425;132;0;34511;0;0;0;0;4015226;2941783;10725;25;3288582;1;0;0;0
FR;2;2021-07-29;68481;32794;189;0;42475;0;0;0;0;4083707;2974577;10914;25;3331057;1;0;0;0
FR;2;2021-07-30;74468;37814;222;1;48604;0;0;0;0;4158175;3012391;11136;26;3379661;1;0;0;0
FR;2;2021-07-31;34778;16207;105;0;21406;0;0;0;0;4192953;3028598;11241;26;3401067;1;0;0;0
FR;2;2021-08-01;5416;2260;19;0;3123;0;0;0;0;4198369;3030858;11260;26;3404190;1;0;0;0
FR;2;2021-08-02;35899;16150;101;0;21053;0;0;0;0;4234268;3047008;11361;26;3425243;1;0;0;0
FR;2;2021-08-03;55988;28261;143;0;35464;0;0;0;0;4290256;3075269;11504;26;3460707;1;0;0;0
FR;2;2021-08-04;46638;20828;128;1;26936;0;0;0;0;4336894;3096097;11632;27;3487643;1;0;0;0
FR;2;2021-08-05;54642;31563;215;0;38739;0;0;0;0;4391536;3127660;11847;27;3526382;1;0;0;0
FR;2;2021-08-06;58099;42398;242;1;50226;0;0;0;0;4449635;3170058;12089;28;3576608;1;0;0;0
FR;2;2021-08-07;25152;17627;89;0;21317;0;0;0;0;4474787;3187685;12178;28;3597925;1;0;0;0
FR;2;2021-08-08;3840;3653;21;0;4311;0;0;0;0;4478627;3191338;12199;28;3602236;1;0;0;0
FR;2;2021-08-09;29308;21023;92;0;24849;0;0;0;0;4507935;3212361;12291;28;3627085;1;0;0;0
FR;2;2021-08-10;45014;33467;155;0;39228;0;0;0;0;4552949;3245828;12446;28;3666313;1;0;0;0
FR;2;2021-08-11;35277;25145;151;0;29744;0;0;0;0;4588226;3270973;12597;28;3696057;1;0;0;0
FR;2;2021-08-12;41905;35692;163;0;41229;0;0;0;0;4630131;3306665;12760;28;3737286;1;0;0;0
FR;2;2021-08-13;42608;37354;218;0;43041;0;0;0;0;4672739;3344019;12978;28;3780327;1;0;0;0
FR;2;2021-08-14;18524;22131;94;0;24762;0;0;0;0;4691263;3366150;13072;28;3805089;1;0;0;0
FR;2;2021-08-15;3865;3796;17;0;4382;0;0;0;0;4695128;3369946;13089;28;3809471;1;0;0;0
FR;2;2021-08-16;25095;27123;111;0;30446;0;0;0;0;4720223;3397069;13200;28;3839917;1;0;0;0
FR;2;2021-08-17;38270;43396;207;2;48380;0;0;0;0;4758493;3440465;13407;30;3888297;1;0;0;0
FR;2;2021-08-18;32254;36352;195;1;40693;0;0;0;0;4790747;3476817;13602;31;3928990;1;0;0;0
FR;2;2021-08-19;37436;46575;224;0;51775;0;0;0;0;4828183;3523392;13826;31;3980765;1;0;0;0
FR;2;2021-08-20;40568;55648;271;1;61573;0;0;0;0;4868751;3579040;14097;32;4042338;1;0;0;0
FR;2;2021-08-21;18122;24322;117;0;27114;0;0;0;0;4886873;3603362;14214;32;4069452;1;0;0;0
FR;2;2021-08-22;2909;4319;22;1;4851;1;0;0;0;4889782;3607681;14236;33;4074303;2;0;0;0
FR;2;2021-08-23;19250;35149;131;1;38039;0;0;0;0;4909032;3642830;14367;34;4112342;2;0;0;0
FR;2;2021-08-24;31952;56036;236;0;60693;0;0;0;0;4940984;3698866;14603;34;4173035;2;0;0;0
FR;2;2021-08-25;25934;43456;251;0;47405;0;0;0;0;4966918;3742322;14854;34;4220440;2;0;0;0
FR;2;2021-08-26;32362;55848;388;0;60586;0;0;0;0;4999280;3798170;15242;34;4281026;2;0;0;0
FR;2;2021-08-27;37003;65679;477;2;71403;0;0;0;0;5036283;3863849;15719;36;4352429;2;0;0;0
FR;2;2021-08-28;17819;28556;300;0;31616;0;0;0;0;5054102;3892405;16019;36;4384045;2;0;0;0
FR;2;2021-08-29;2656;5012;47;0;5623;0;0;0;0;5056758;3897417;16066;36;4389668;2;0;0;0
FR;2;2021-08-30;18418;37729;399;0;40148;756;0;0;0;5075176;3935146;16465;36;4429816;758;0;0;0
FR;2;2021-08-31;28077;57516;887;4;60947;1558;0;0;0;5103253;3992662;17352;40;4490763;2316;0;0;0
FR;2;2021-09-01;21595;39876;1309;0;42254;2129;0;0;0;5124848;4032538;18661;40;4533017;4445;0;0;0
FR;2;2021-09-02;25486;48668;1963;2;50943;3369;0;0;0;5150334;4081206;20624;42;4583960;7814;0;0;0
FR;2;2021-09-03;33414;64576;2988;3;67538;4886;1;0;0;5183748;4145782;23612;45;4651498;12700;1;0;0
FR;2;2021-09-04;16833;27763;1443;1;29553;2386;0;0;0;5200581;4173545;25055;46;4681051;15086;1;0;0
FR;2;2021-09-05;2265;3585;266;0;3941;412;0;0;0;5202846;4177130;25321;46;4684992;15498;1;0;0
FR;2;2021-09-06;14045;28693;1771;1;29758;2945;0;0;0;5216891;4205823;27092;47;4714750;18443;1;0;0
FR;2;2021-09-07;21111;41110;3022;13;42260;4945;0;0;0;5238002;4246933;30114;60;4757010;23388;1;0;0
FR;2;2021-09-08;17248;31922;2735;6;32738;4499;0;0;0;5255250;4278855;32849;66;4789748;27887;1;0;0
FR;2;2021-09-09;20982;40485;4437;3;41229;6842;0;0;0;5276232;4319340;37286;69;4830977;34729;1;0;0
FR;2;2021-09-10;28203;51318;5286;4;51885;8980;1;0;0;5304435;4370658;42572;73;4882862;43709;2;0;0
FR;2;2021-09-11;13655;22461;2405;5;23133;3990;0;0;0;5318090;4393119;44977;78;4905995;47699;2;0;0
FR;2;2021-09-12;1824;2771;292;0;2965;509;0;0;0;5319914;4395890;45269;78;4908960;48208;2;0;0
FR;2;2021-09-13;11659;21441;2474;4;21701;4052;0;0;0;5331573;4417331;47743;82;4930661;52260;2;0;0
FR;2;2021-09-14;18579;32719;5092;13;31679;9054;2;0;0;5350152;4450050;52835;95;4962340;61314;4;0;0
FR;2;2021-09-15;14917;28227;5168;3;26926;7749;9;0;0;5365069;4478277;58003;98;4989266;69063;13;0;0
FR;2;2021-09-16;16079;32800;6737;12;30181;10541;4;0;0;5381148;4511077;64740;110;5019447;79604;17;0;0
FR;2;2021-09-17;20916;47179;8782;10;42825;14631;6;0;0;5402064;4558256;73522;120;5062272;94235;23;0;0
FR;2;2021-09-18;9856;20959;3804;6;19595;6034;1;0;0;5411920;4579215;77326;126;5081867;100269;24;0;0
FR;2;2021-09-19;1166;2589;396;0;2532;631;0;0;0;5413086;4581804;77722;126;5084399;100900;24;0;0
FR;2;2021-09-20;7503;18702;3856;7;17025;6135;4;0;0;5420589;4600506;81578;133;5101424;107035;28;0;0
FR;2;2021-09-21;11215;29983;6495;5;26536;10744;3;0;0;5431804;4630489;88073;138;5127960;117779;31;0;0
FR;2;2021-09-22;9415;23545;5490;6;21193;8526;8;0;0;5441219;4654034;93563;144;5149153;126305;39;0;0
FR;2;2021-09-23;10730;28906;7881;10;24732;12647;10;0;0;5451949;4682940;101444;154;5173885;138952;49;0;0
FR;2;2021-09-24;15075;42947;10878;18;37281;17246;21;0;0;5467024;4725887;112322;172;5211166;156198;70;0;0
FR;2;2021-09-25;7258;18800;3965;9;17152;6121;3;0;0;5474282;4744687;116287;181;5228318;162319;73;0;0
FR;2;2021-09-26;1080;2543;495;0;2489;630;1;0;0;5475362;4747230;116782;181;5230807;162949;74;0;0
FR;2;2021-09-27;6312;16398;4287;8;14791;6532;2;0;0;5481674;4763628;121069;189;5245598;169481;76;0;0
FR;2;2021-09-28;9243;25573;7770;14;21719;12089;7;0;0;5490917;4789201;128839;203;5267317;181570;83;0;0
FR;2;2021-09-29;8081;20198;6067;25;17606;9259;8;0;0;5498998;4809399;134906;228;5284923;190829;91;0;0
FR;2;2021-09-30;9865;25838;9509;16;21639;14099;6;0;0;5508863;4835237;144415;244;5306562;204928;97;0;0
FR;2;2021-10-01;13979;35735;12921;25;30045;19328;9;0;0;5522842;4870972;157336;269;5336607;224256;106;0;0
FR;2;2021-10-02;6875;15933;4850;7;14226;7047;6;0;0;5529717;4886905;162186;276;5350833;231303;112;0;0
FR;2;2021-10-03;841;1908;492;1;1839;502;0;0;0;5530558;4888813;162678;277;5352672;231805;112;0;0
FR;2;2021-10-04;5826;13900;5516;5;12135;7854;6;0;0;5536384;4902713;168194;282;5364807;239659;118;0;0
FR;2;2021-10-05;9058;22573;11125;19;18533;15741;1;0;0;5545442;4925286;179319;301;5383340;255400;119;0;0
FR;2;2021-10-06;7785;17747;8243;11;15274;11090;4;0;0;5553227;4943033;187562;312;5398614;266490;123;0;0
FR;2;2021-10-07;9204;22215;12386;14;18008;16878;6;0;0;5562431;4965248;199948;326;5416622;283368;129;0;0
FR;2;2021-10-08;13432;32143;17348;28;26517;23608;11;0;0;5575863;4997391;217296;354;5443139;306976;140;0;0
FR;2;2021-10-09;6000;12847;6044;6;11381;7897;7;0;0;5581863;5010238;223340;360;5454520;314873;147;0;0
FR;2;2021-10-10;885;1592;436;2;1535;604;1;0;0;5582748;5011830;223776;362;5456055;315477;148;0;0
FR;2;2021-10-11;5607;11544;6455;17;9932;8829;3;0;0;5588355;5023374;230231;379;5465987;324306;151;0;0
FR;2;2021-10-12;8031;17790;12551;13;13921;16790;9;0;0;5596386;5041164;242782;392;5479908;341096;160;0;0
FR;2;2021-10-13;6947;14871;10256;12;11811;13663;7;0;0;5603333;5056035;253038;404;5491719;354759;167;0;0
FR;2;2021-10-14;8314;17941;14996;13;13556;19479;10;0;0;5611647;5073976;268034;417;5505275;374238;177;0;0
FR;2;2021-10-15;11856;26312;20902;26;19413;27982;4;0;0;5623503;5100288;288936;443;5524688;402220;181;0;0
FR;2;2021-10-16;5141;8728;1819;0;8172;3205;2;0;0;5628644;5109016;290755;443;5532860;405425;183;0;0
FR;2;2021-10-17;654;1150;185;0;1083;354;1;0;0;5629298;5110166;290940;443;5533943;405779;184;0;0
FR;2;2021-10-18;4564;7335;665;2;7242;1629;0;0;0;5633862;5117501;291605;445;5541185;407408;184;0;0
FR;2;2021-10-19;6239;9848;732;5;9653;2030;5;0;0;5640101;5127349;292337;450;5550838;409438;189;0;0
FR;2;2021-10-20;5170;8050;759;3;8173;1675;0;0;0;5645271;5135399;293096;453;5559011;411113;189;0;0
FR;2;2021-10-21;6090;9983;780;5;9841;2104;1;0;0;5651361;5145382;293876;458;5568852;413217;190;0;0
FR;2;2021-10-22;8452;14602;1151;4;14478;2891;2;0;0;5659813;5159984;295027;462;5583330;416108;192;0;0
FR;2;2021-10-23;3845;5993;587;0;6125;1235;3;0;0;5663658;5165977;295614;462;5589455;417343;195;0;0
FR;2;2021-10-24;494;882;101;0;900;204;0;0;0;5664152;5166859;295715;462;5590355;417547;195;0;0
FR;2;2021-10-25;3360;5343;307;1;5519;825;2;0;0;5667512;5172202;296022;463;5595874;418372;197;0;0
FR;2;2021-10-26;4177;7238;1134;4;7126;2024;5;0;0;5671689;5179440;297156;467;5603000;420396;202;0;0
FR;2;2021-10-27;3677;6586;1194;5;6448;1989;1;0;0;5675366;5186026;298350;472;5609448;422385;203;0;0
FR;2;2021-10-28;4597;7687;1737;3;7415;2746;1;0;0;5679963;5193713;300087;475;5616863;425131;204;0;0
FR;2;2021-10-29;5414;11082;2438;4;10692;3684;3;0;0;5685377;5204795;302525;479;5627555;428815;207;0;0
FR;2;2021-10-30;2749;4455;976;1;4450;1448;2;0;0;5688126;5209250;303501;480;5632005;430263;209;0;0
FR;2;2021-10-31;364;535;140;1;544;191;1;0;0;5688490;5209785;303641;481;5632549;430454;210;0;0
FR;2;2021-11-01;430;546;181;0;563;267;1;0;0;5688920;5210331;303822;481;5633112;430721;211;0;0
FR;2;2021-11-02;3294;6759;1184;0;6799;1771;5;0;0;5692214;5217090;305006;481;5639911;432492;216;0;0
FR;2;2021-11-03;3340;6227;1389;2;6311;1971;2;0;0;5695554;5223317;306395;483;5646222;434463;218;0;0
FR;2;2021-11-04;3987;7069;1769;4;7109;2495;3;0;0;5699541;5230386;308164;487;5653331;436958;221;0;0
FR;2;2021-11-05;5235;10502;2869;5;10215;3957;6;0;0;5704776;5240888;311033;492;5663546;440915;227;0;0
FR;2;2021-11-06;2597;4684;1407;0;4641;1824;2;0;0;5707373;5245572;312440;492;5668187;442739;229;0;0
FR;2;2021-11-07;506;862;221;0;869;291;2;0;0;5707879;5246434;312661;492;5669056;443030;231;0;0
FR;2;2021-11-08;2578;5348;1207;3;5268;1678;3;0;0;5710457;5251782;313868;495;5674324;444708;234;0;0
FR;2;2021-11-09;2749;6907;2402;5;6442;3181;2;0;0;5713206;5258689;316270;500;5680766;447889;236;0;0
FR;2;2021-11-10;2590;5668;5118;6;4761;6294;7;0;0;5715796;5264357;321388;506;5685527;454183;243;0;0
FR;2;2021-11-11;446;754;755;2;647;938;3;0;0;5716242;5265111;322143;508;5686174;455121;246;0;0
FR;2;2021-11-12;2953;8088;8982;8;6197;10932;9;0;0;5719195;5273199;331125;516;5692371;466053;255;0;0
FR;2;2021-11-13;1539;3372;3872;7;2720;4538;4;0;0;5720734;5276571;334997;523;5695091;470591;259;0;0
FR;2;2021-11-14;258;585;351;1;486;480;3;0;0;5720992;5277156;335348;524;5695577;471071;262;0;0
FR;2;2021-11-15;1621;3654;4449;8;2908;5329;16;0;0;5722613;5280810;339797;532;5698485;476400;278;0;0
FR;2;2021-11-16;2185;5875;8314;14;4152;10083;16;0;0;5724798;5286685;348111;546;5702637;486483;294;0;0
FR;2;2021-11-17;1740;4523;6634;8;3168;7852;5;0;0;5726538;5291208;354745;554;5705805;494335;299;0;0
FR;2;2021-11-18;2192;5920;9188;10;4018;11018;8;0;0;5728730;5297128;363933;564;5709823;505353;307;0;0
FR;2;2021-11-19;2701;7752;12981;19;4832;15480;12;0;0;5731431;5304880;376914;583;5714655;520833;319;0;0
FR;2;2021-11-20;1566;3333;5185;5;2351;6098;3;0;0;5732997;5308213;382099;588;5717006;526931;322;0;0
FR;2;2021-11-21;251;504;543;0;393;656;3;0;0;5733248;5308717;382642;588;5717399;527587;325;0;0
FR;2;2021-11-22;1278;2570;4485;5;1673;5397;9;0;0;5734526;5311287;387127;593;5719072;532984;334;0;0
FR;2;2021-11-23;1617;4277;8207;9;2536;9923;6;0;0;5736143;5315564;395334;602;5721608;542907;340;0;0
FR;2;2021-11-24;1421;3747;7486;14;2246;8736;9;0;0;5737564;5319311;402820;616;5723854;551643;349;0;0
FR;2;2021-11-25;1814;4863;11474;21;2682;13668;6;0;0;5739378;5324174;414294;637;5726536;565311;355;0;0
FR;2;2021-11-26;2541;7735;22676;31;3812;26091;14;0;0;5741919;5331909;436970;668;5730348;591402;369;0;0
FR;2;2021-11-27;1498;4145;12278;19;2127;14042;13;0;0;5743417;5336054;449248;687;5732475;605444;382;0;0
FR;2;2021-11-28;292;835;1976;3;478;2303;5;0;0;5743709;5336889;451224;690;5732953;607747;387;0;0
FR;2;2021-11-29;1449;4347;15099;23;2008;17269;25;0;0;5745158;5341236;466323;713;5734961;625016;412;0;0
FR;2;2021-11-30;1913;6658;26252;36;2640;30014;22;0;0;5747071;5347894;492575;749;5737601;655030;434;0;0
FR;2;2021-12-01;1918;6006;26211;31;2477;29519;20;0;0;5748989;5353900;518786;780;5740078;684549;454;0;0
FR;2;2021-12-02;1916;6780;37736;52;2112;41995;32;0;0;5750905;5360680;556522;832;5742190;726544;486;0;0
FR;2;2021-12-03;2558;10069;53644;111;3592;59391;31;0;0;5753463;5370749;610166;943;5745782;785935;517;0;0
FR;2;2021-12-04;1850;6275;37132;38;2185;40820;16;0;0;5755313;5377024;647298;981;5747967;826755;533;0;0
FR;2;2021-12-05;458;2242;14265;14;533;15990;7;0;0;5755771;5379266;661563;995;5748500;842745;540;0;0
FR;2;2021-12-06;2486;9844;77736;109;2697;84786;25;0;0;5758257;5389110;739299;1104;5751197;927531;565;0;0
FR;2;2021-12-07;3458;15288;122475;238;3743;133797;40;0;0;5761715;5404398;861774;1342;5754940;1061328;605;0;0
FR;2;2021-12-08;3725;15967;133225;330;3845;145413;54;0;0;5765440;5420365;994999;1672;5758785;1206741;659;0;0
FR;2;2021-12-09;4547;19627;170241;554;4167;185640;61;0;0;5769987;5439992;1165240;2226;5762952;1392381;720;0;0
FR;2;2021-12-10;4676;22807;188699;490;5011;206190;69;0;0;5774663;5462799;1353939;2716;5767963;1598571;789;0;0
FR;2;2021-12-11;3687;16620;132469;239;3664;144935;60;0;0;5778350;5479419;1486408;2955;5771627;1743506;849;0;0
FR;2;2021-12-12;1256;7119;59116;83;1016;65169;12;0;0;5779606;5486538;1545524;3038;5772643;1808675;861;0;0
FR;2;2021-12-13;5529;26811;220733;605;5223;243029;159;0;0;5785135;5513349;1766257;3643;5777866;2051704;1020;0;0
FR;2;2021-12-14;7019;37458;300806;909;6137;332277;190;0;0;5792154;5550807;2067063;4552;5784003;2383981;1210;0;0
FR;2;2021-12-15;6555;36215;285263;958;5866;315902;186;0;0;5798709;5587022;2352326;5510;5789869;2699883;1396;0;0
FR;2;2021-12-16;7764;37922;312180;982;6563;343823;186;0;0;5806473;5624944;2664506;6492;5796432;3043706;1582;0;0
FR;2;2021-12-17;8680;41187;327911;976;8020;360987;232;0;0;5815153;5666131;2992417;7468;5804452;3404693;1814;0;0
FR;2;2021-12-18;6515;26527;212374;448;4904;233673;120;0;0;5821668;5692658;3204791;7916;5809356;3638366;1934;0;0
FR;2;2021-12-19;2603;11403;90226;182;1655;100356;26;0;0;5824271;5704061;3295017;8098;5811011;3738722;1960;0;0
FR;2;2021-12-20;9548;33514;275258;707;6586;303402;209;0;0;5833819;5737575;3570275;8805;5817597;4042124;2169;0;0
FR;2;2021-12-21;11568;38272;309663;968;7368;341442;262;0;0;5845387;5775847;3879938;9773;5824965;4383566;2431;0;0
FR;2;2021-12-22;10461;32774;265149;952;6441;292504;316;0;1;5855848;5808621;4145087;10725;5831406;4676070;2747;0;1
FR;2;2021-12-23;9426;26620;199534;701;5875;221294;225;0;0;5865274;5835241;4344621;11426;5837281;4897364;2972;0;1
FR;2;2021-12-24;2783;7465;43866;140;2036;49560;78;0;0;5868057;5842706;4388487;11566;5839317;4946924;3050;0;1
FR;2;2021-12-25;201;669;2003;10;209;2476;15;0;0;5868258;5843375;4390490;11576;5839526;4949400;3065;0;1
FR;2;2021-12-26;1320;4215;25162;71;1052;28694;70;0;0;5869578;5847590;4415652;11647;5840578;4978094;3135;0;1
FR;2;2021-12-27;8076;29929;218438;659;6624;243389;294;0;0;5877654;5877519;4634090;12306;5847202;5221483;3429;0;1
FR;2;2021-12-28;9832;36287;272117;742;6982;302015;957;0;1;5887486;5913806;4906207;13048;5854184;5523498;4386;0;2
FR;2;2021-12-29;9498;32218;246151;765;6402;272696;1088;0;0;5896984;5946024;5152358;13813;5860586;5796194;5474;0;2
FR;2;2021-12-30;9464;28089;208839;663;5970;231478;1155;0;0;5906448;5974113;5361197;14476;5866556;6027672;6629;0;2
FR;2;2021-12-31;3011;8340;54991;176;2169;61233;392;0;0;5909459;5982453;5416188;14652;5868725;6088905;7021;0;2
FR;2;2022-01-01;231;693;2858;7;207;3353;29;0;0;5909690;5983146;5419046;14659;5868932;6092258;7050;0;2
FR;2;2022-01-02;1503;4860;29524;76;1167;33418;217;0;0;5911193;5988006;5448570;14735;5870099;6125676;7267;0;2
FR;2;2022-01-03;9606;35394;266545;806;8497;293921;1672;0;0;5920799;6023400;5715115;15541;5878596;6419597;8939;0;2
FR;2;2022-01-04;12857;45401;342102;1068;9970;377042;2458;0;1;5933656;6068801;6057217;16609;5888566;6796639;11397;0;3
FR;2;2022-01-05;11273;38626;294222;885;8634;323856;2155;0;2;5944929;6107427;6351439;17494;5897200;7120495;13552;0;5
FR;2;2022-01-06;13653;43486;331956;1298;9932;364765;2977;0;1;5958582;6150913;6683395;18792;5907132;7485260;16529;0;6
FR;2;2022-01-07;14225;47609;361123;1271;11232;396464;3159;0;0;5972807;6198522;7044518;20063;5918364;7881724;19688;0;6
FR;2;2022-01-08;7946;28137;201276;515;7209;221703;1531;0;2;5980753;6226659;7245794;20578;5925573;8103427;21219;0;8
FR;2;2022-01-09;2749;8945;62531;137;2068;69497;493;0;0;5983502;6235604;7308325;20715;5927641;8172924;21712;0;8
FR;2;2022-01-10;10100;31907;232509;859;8901;255085;2460;0;0;5993602;6267511;7540834;21574;5936542;8428009;24172;0;8
FR;2;2022-01-11;11466;36235;265948;1030;10055;290655;3378;0;1;6005068;6303746;7806782;22604;5946597;8718664;27550;0;9
FR;2;2022-01-12;8767;29785;206335;863;8717;226176;2798;0;5;6013835;6333531;8013117;23467;5955314;8944840;30348;0;14
FR;2;2022-01-13;9387;31335;224510;831;9037;244857;3463;0;4;6023222;6364866;8237627;24298;5964351;9189697;33811;0;18
FR;2;2022-01-14;9746;35573;254551;920;9840;277655;3979;0;1;6032968;6400439;8492178;25218;5974191;9467352;37790;0;19
FR;2;2022-01-15;5361;19443;140788;363;5322;153648;1929;0;0;6038329;6419882;8632966;25581;5979513;9621000;39719;0;19
FR;2;2022-01-16;1512;5457;35892;81;1619;39818;424;0;0;6039841;6425339;8668858;25662;5981132;9660818;40143;0;19
FR;2;2022-01-17;5546;19264;135421;601;6600;147263;2264;0;2;6045387;6444603;8804279;26263;5987732;9808081;42407;0;21
FR;2;2022-01-18;6422;21479;148647;648;7518;160471;3311;0;0;6051809;6466082;8952926;26911;5995250;9968552;45718;0;21
FR;2;2022-01-19;4398;16304;105112;552;6206;113701;2411;0;1;6056207;6482386;9058038;27463;6001456;10082253;48129;0;22
FR;2;2022-01-20;4873;17571;115304;603;7067;123694;3111;0;2;6061080;6499957;9173342;28066;6008523;10205947;51240;0;24
FR;2;2022-01-21;5197;20042;137358;679;7170;147777;3455;0;1;6066277;6519999;9310700;28745;6015693;10353724;54695;0;25
FR;2;2022-01-22;3033;10956;74265;260;3956;80339;1428;0;0;6069310;6530955;9384965;29005;6019649;10434063;56123;0;25
FR;2;2022-01-23;724;2707;15243;41;1055;16826;238;0;0;6070034;6533662;9400208;29046;6020704;10450889;56361;0;25
FR;2;2022-01-24;3292;12792;75084;431;5843;81018;1994;0;2;6073326;6546454;9475292;29477;6026547;10531907;58355;0;27
FR;2;2022-01-25;3575;14404;79638;496;6650;85463;2879;0;4;6076901;6560858;9554930;29973;6033197;10617370;61234;0;31
FR;2;2022-01-26;2515;10702;58987;363;5331;63036;1958;0;1;6079416;6571560;9613917;30336;6038528;10680406;63192;0;32
FR;2;2022-01-27;2684;11386;64185;391;5738;67972;2462;0;1;6082100;6582946;9678102;30727;6044266;10748378;65654;0;33
FR;2;2022-01-28;3551;18257;91730;430;8611;98907;3399;0;1;6085651;6601203;9769832;31157;6052877;10847285;69053;0;34
FR;2;2022-01-29;1896;9234;48856;164;4170;52929;1374;0;1;6087547;6610437;9818688;31321;6057047;10900214;70427;0;35
FR;2;2022-01-30;464;2206;9457;38;1049;10584;203;0;0;6088011;6612643;9828145;31359;6058096;10910798;70630;0;35
FR;2;2022-01-31;1891;9551;43834;209;4709;47322;1885;0;2;6089902;6622194;9871979;31568;6062805;10958120;72515;0;37
FR;2;2022-02-01;1917;10019;47030;279;4797;50078;2707;0;0;6091819;6632213;9919009;31847;6067602;11008198;75222;0;37
FR;2;2022-02-02;1614;8970;41124;250;4190;44147;2189;0;1;6093433;6641183;9960133;32097;6071792;11052345;77411;0;38
FR;2;2022-02-03;1732;8929;40526;205;4368;42912;2639;0;2;6095165;6650112;10000659;32302;6076160;11095257;80050;0;40
FR;2;2022-02-04;2151;15168;66648;299;7380;71317;3670;0;1;6097316;6665280;10067307;32601;6083540;11166574;83720;0;41
FR;2;2022-02-05;1360;8517;35948;132;4214;39220;1369;0;0;6098676;6673797;10103255;32733;6087754;11205794;85089;0;41
FR;2;2022-02-06;275;1761;6130;17;842;6899;218;0;0;6098951;6675558;10109385;32750;6088596;11212693;85307;0;41
FR;2;2022-02-07;1352;9543;37760;134;4535;41288;1888;0;2;6100303;6685101;10147145;32884;6093131;11253981;87195;0;43
FR;2;2022-02-08;1300;9834;40956;173;4647;43750;2741;0;1;6101603;6694935;10188101;33057;6097778;11297731;89936;0;44
FR;2;2022-02-09;1160;8841;37040;174;3804;40465;1901;0;2;6102763;6703776;10225141;33231;6101582;11338196;91837;0;46
FR;2;2022-02-10;1030;8001;33837;204;3605;36511;2051;0;1;6103793;6711777;10258978;33435;6105187;11374707;93888;0;47
FR;2;2022-02-11;1391;12088;53348;223;5283;57702;2888;0;0;6105184;6723865;10312326;33658;6110470;11432409;96776;0;47
FR;2;2022-02-12;753;6535;27989;86;2792;30808;1113;0;2;6105937;6730400;10340315;33744;6113262;11463217;97889;0;49
FR;2;2022-02-13;200;1340;4836;20;562;5577;141;0;0;6106137;6731740;10345151;33764;6113824;11468794;98030;0;49
FR;2;2022-02-14;836;6732;30274;92;2599;33233;1399;0;1;6106973;6738472;10375425;33856;6116423;11502027;99429;0;50
FR;2;2022-02-15;773;6473;28051;140;2801;29994;1965;0;2;6107746;6744945;10403476;33996;6119224;11532021;101394;0;52
FR;2;2022-02-16;657;5362;22069;124;2528;23634;1569;0;3;6108403;6750307;10425545;34120;6121752;11555655;102963;0;55
FR;2;2022-02-17;518;3786;14153;98;2131;14618;1406;0;2;6108921;6754093;10439698;34218;6123883;11570273;104369;0;57
FR;2;2022-02-18;723;5369;20443;134;3041;21130;1895;0;0;6109644;6759462;10460141;34352;6126924;11591403;106264;0;57
FR;2;2022-02-19;431;3061;10533;66;1699;11247;753;0;2;6110075;6762523;10470674;34418;6128623;11602650;107017;0;59
FR;2;2022-02-20;102;520;1463;3;314;1613;100;0;0;6110177;6763043;10472137;34421;6128937;11604263;107117;0;59
FR;2;2022-02-21;423;2685;9122;65;1569;9499;930;0;0;6110600;6765728;10481259;34486;6130506;11613762;108047;0;59
FR;2;2022-02-22;393;2568;8894;77;1622;8797;1180;0;0;6110993;6768296;10490153;34563;6132128;11622559;109227;0;59
FR;2;2022-02-23;432;2605;8992;82;1522;9269;1022;0;0;6111425;6770901;10499145;34645;6133650;11631828;110249;0;59
FR;2;2022-02-24;314;2039;6805;82;1251;6835;870;0;0;6111739;6772940;10505950;34727;6134901;11638663;111119;0;59
FR;2;2022-02-25;456;3210;11424;107;1979;11287;1560;0;3;6112195;6776150;10517374;34834;6136880;11649950;112679;0;62
FR;2;2022-02-26;297;1892;6038;49;1161;6345;587;0;1;6112492;6778042;10523412;34883;6138041;11656295;113266;0;63
FR;2;2022-02-27;76;313;908;5;214;951;98;0;0;6112568;6778355;10524320;34888;6138255;11657246;113364;0;63
FR;2;2022-02-28;332;1689;5525;53;1088;5531;733;0;0;6112900;6780044;10529845;34941;6139343;11662777;114097;0;63
FR;2;2022-03-01;279;1569;5484;46;952;5201;964;0;2;6113179;6781613;10535329;34987;6140295;11667978;115061;0;65
FR;2;2022-03-02;298;1446;5248;46;878;5092;816;0;1;6113477;6783059;10540577;35033;6141173;11673070;115877;0;66
FR;2;2022-03-03;226;1112;3709;42;721;3486;668;0;1;6113703;6784171;10544286;35075;6141894;11676556;116545;0;67
FR;2;2022-03-04;243;1469;4860;74;983;4506;950;0;1;6113946;6785640;10549146;35149;6142877;11681062;117495;0;68
FR;2;2022-03-05;174;906;2980;34;613;2724;561;0;0;6114120;6786546;10552126;35183;6143490;11683786;118056;0;68
FR;2;2022-03-06;42;190;280;5;110;322;52;0;0;6114162;6786736;10552406;35188;6143600;11684108;118108;0;68
FR;2;2022-03-07;157;659;1990;70;491;1780;472;0;0;6114319;6787395;10554396;35258;6144091;11685888;118580;0;68
FR;2;2022-03-08;143;670;2273;53;461;1908;619;0;0;6114462;6788065;10556669;35311;6144552;11687796;119199;0;68
FR;2;2022-03-09;156;709;2351;37;473;2052;617;0;0;6114618;6788774;10559020;35348;6145025;11689848;119816;0;68
FR;2;2022-03-10;123;603;1696;35;446;1471;456;0;1;6114741;6789377;10560716;35383;6145471;11691319;120272;0;69
FR;2;2022-03-11;172;757;2770;57;505;2369;737;0;1;6114913;6790134;10563486;35440;6145976;11693688;121009;0;70
FR;2;2022-03-12;149;485;1787;27;331;1557;450;0;0;6115062;6790619;10565273;35467;6146307;11695245;121459;0;70
FR;2;2022-03-13;25;75;203;30;45;204;69;0;0;6115087;6790694;10565476;35497;6146352;11695449;121528;0;70
FR;2;2022-03-14;129;470;1572;529;333;1301;951;0;0;6115216;6791164;10567048;36026;6146685;11696750;122479;0;70
FR;2;2022-03-15;139;441;1713;691;333;1333;1186;0;1;6115355;6791605;10568761;36717;6147018;11698083;123665;0;71
FR;2;2022-03-16;142;476;2013;1616;331;1593;2160;0;2;6115497;6792081;10570774;38333;6147349;11699676;125825;0;73
FR;2;2022-03-17;95;413;1412;1192;273;1148;1576;0;1;6115592;6792494;10572186;39525;6147622;11700824;127401;0;74
FR;2;2022-03-18;147;496;2026;1795;335;1669;2313;0;1;6115739;6792990;10574212;41320;6147957;11702493;129714;0;75
FR;2;2022-03-19;108;321;1210;941;219;1015;1259;0;0;6115847;6793311;10575422;42261;6148176;11703508;130973;0;75
FR;2;2022-03-20;13;77;191;59;39;168;115;0;0;6115860;6793388;10575613;42320;6148215;11703676;131088;0;75
FR;2;2022-03-21;98;307;1218;1483;181;1081;1760;0;1;6115958;6793695;10576831;43803;6148396;11704757;132848;0;76
FR;2;2022-03-22;118;391;1533;1831;244;1294;2220;0;0;6116076;6794086;10578364;45634;6148640;11706051;135068;0;76
FR;2;2022-03-23;137;362;1684;3032;232;1475;3374;0;6;6116213;6794448;10580048;48666;6148872;11707526;138442;0;82
FR;2;2022-03-24;117;293;1183;1548;186;1001;1814;0;8;6116330;6794741;10581231;50214;6149058;11708527;140256;0;90
FR;2;2022-03-25;119;361;1807;2451;238;1477;2837;0;8;6116449;6795102;10583038;52665;6149296;11710004;143093;0;98
FR;2;2022-03-26;79;247;1205;1222;138;953;1531;0;5;6116528;6795349;10584243;53887;6149434;11710957;144624;0;103
FR;2;2022-03-27;19;36;154;100;19;133;144;0;0;6116547;6795385;10584397;53987;6149453;11711090;144768;0;103
FR;2;2022-03-28;94;290;1140;1602;189;996;1835;0;6;6116641;6795675;10585537;55589;6149642;11712086;146603;0;109
FR;2;2022-03-29;108;258;1325;2467;167;1105;2760;0;4;6116749;6795933;10586862;58056;6149809;11713191;149363;0;113
FR;2;2022-03-30;91;313;1489;3187;164;1320;3424;0;2;6116840;6796246;10588351;61243;6149973;11714511;152787;0;115
FR;2;2022-03-31;104;284;1277;2332;171;1092;2616;0;3;6116944;6796530;10589628;63575;6150144;11715603;155403;0;118
FR;2;2022-04-01;123;324;1568;2349;164;1323;2667;0;7;6117067;6796854;10591196;65924;6150308;11716926;158070;0;125
FR;2;2022-04-02;81;161;845;891;83;737;1052;0;1;6117148;6797015;10592041;66815;6150391;11717663;159122;0;126
FR;2;2022-04-03;16;53;128;113;27;142;133;0;1;6117164;6797068;10592169;66928;6150418;11717805;159255;0;127
FR;2;2022-04-04;114;249;990;1447;151;799;1693;0;5;6117278;6797317;10593159;68375;6150569;11718604;160948;0;132
FR;2;2022-04-05;143;302;1322;2921;162;1150;3150;0;17;6117421;6797619;10594481;71296;6150731;11719754;164098;0;149
FR;2;2022-04-06;89;261;1308;2522;129;1131;2687;0;10;6117510;6797880;10595789;73818;6150860;11720885;166785;0;159
FR;2;2022-04-07;120;230;1303;2682;141;1042;2958;0;8;6117630;6798110;10597092;76500;6151001;11721927;169743;0;167
FR;2;2022-04-08;126;346;1636;3351;182;1328;3642;0;12;6117756;6798456;10598728;79851;6151183;11723255;173385;0;179
FR;2;2022-04-09;90;219;900;1046;144;732;1288;0;4;6117846;6798675;10599628;80897;6151327;11723987;174673;0;183
FR;2;2022-04-10;37;49;143;162;46;119;200;0;1;6117883;6798724;10599771;81059;6151373;11724106;174873;0;184
FR;2;2022-04-11;88;196;892;1560;122;782;1718;0;6;6117971;6798920;10600663;82619;6151495;11724888;176591;0;190
FR;2;2022-04-12;176;273;1183;2770;175;1062;2903;0;8;6118147;6799193;10601846;85389;6151670;11725950;179494;0;198
FR;2;2022-04-13;147;232;1125;2477;111;989;2671;0;11;6118294;6799425;10602971;87866;6151781;11726939;182165;0;209
FR;2;2022-04-14;116;227;1085;2677;114;919;2911;0;18;6118410;6799652;10604056;90543;6151895;11727858;185076;0;227
FR;2;2022-04-15;114;261;1221;2304;131;1078;2544;0;7;6118524;6799913;10605277;92847;6152026;11728936;187620;0;234
FR;2;2022-04-16;67;108;548;549;68;459;675;0;9;6118591;6800021;10605825;93396;6152094;11729395;188295;0;243
FR;2;2022-04-17;15;28;57;53;17;53;71;0;0;6118606;6800049;10605882;93449;6152111;11729448;188366;0;243
FR;2;2022-04-18;12;35;121;70;18;116;95;0;0;6118618;6800084;10606003;93519;6152129;11729564;188461;0;243
FR;2;2022-04-19;112;237;1120;1750;149;951;1934;0;9;6118730;6800321;10607123;95269;6152278;11730515;190395;0;252
FR;2;2022-04-20;95;243;1111;2172;127;935;2366;0;14;6118825;6800564;10608234;97441;6152405;11731450;192761;0;266
FR;2;2022-04-21;111;233;983;1912;125;838;2141;0;10;6118936;6800797;10609217;99353;6152530;11732288;194902;0;276
FR;2;2022-04-22;100;276;1243;2102;141;1024;2440;0;11;6119036;6801073;10610460;101455;6152671;11733312;197342;0;287
FR;2;2022-04-23;67;156;645;762;107;574;862;0;8;6119103;6801229;10611105;102217;6152778;11733886;198204;0;295
FR;2;2022-04-24;12;30;101;68;12;79;100;0;0;6119115;6801259;10611206;102285;6152790;11733965;198304;0;295
FR;2;2022-04-25;104;204;822;1329;103;711;1528;0;15;6119219;6801463;10612028;103614;6152893;11734676;199832;0;310
FR;2;2022-04-26;110;184;1041;2022;118;879;2219;0;18;6119329;6801647;10613069;105636;6153011;11735555;202051;0;328
FR;2;2022-04-27;98;181;860;1787;122;764;1809;0;7;6119427;6801828;10613929;107423;6153133;11736319;203860;0;335
FR;2;2022-04-28;93;214;949;1931;128;842;2087;0;12;6119520;6802042;10614878;109354;6153261;11737161;205947;0;347
FR;2;2022-04-29;81;282;1133;1697;131;1044;1876;0;11;6119601;6802324;10616011;111051;6153392;11738205;207823;0;358
FR;2;2022-04-30;66;127;471;540;80;430;628;0;9;6119667;6802451;10616482;111591;6153472;11738635;208451;0;367
FR;2;2022-05-01;24;24;84;49;20;85;61;0;1;6119691;6802475;10616566;111640;6153492;11738720;208512;0;368
FR;2;2022-05-02;115;232;764;1217;141;662;1375;0;5;6119806;6802707;10617330;112857;6153633;11739382;209887;0;373
FR;2;2022-05-03;153;233;999;1781;155;938;1895;0;14;6119959;6802940;10618329;114638;6153788;11740320;211782;0;387
FR;2;2022-05-04;90;226;926;1811;116;869;1822;0;13;6120049;6803166;10619255;116449;6153904;11741189;213604;0;400
FR;2;2022-05-05;127;198;857;1732;147;774;1848;0;10;6120176;6803364;10620112;118181;6154051;11741963;215452;0;410
FR;2;2022-05-06;133;246;1101;1855;139;1017;2052;0;16;6120309;6803610;10621213;120036;6154190;11742980;217504;0;426
FR;2;2022-05-07;40;99;470;504;61;406;593;0;4;6120349;6803709;10621683;120540;6154251;11743386;218097;0;430
FR;2;2022-05-08;48;54;107;71;41;102;101;0;0;6120397;6803763;10621790;120611;6154292;11743488;218198;0;430
FR;2;2022-05-09;101;174;654;986;103;604;1130;0;9;6120498;6803937;10622444;121597;6154395;11744092;219328;0;439
FR;2;2022-05-10;121;252;938;1841;155;893;1965;0;23;6120619;6804189;10623382;123438;6154550;11744985;221293;0;462
FR;2;2022-05-11;103;179;816;1879;117;795;1868;0;8;6120722;6804368;10624198;125317;6154667;11745780;223161;0;470
FR;2;2022-05-12;111;174;845;2096;116;803;2213;0;21;6120833;6804542;10625043;127413;6154783;11746583;225374;0;491
FR;2;2022-05-13;100;236;969;2097;122;900;2273;0;13;6120933;6804778;10626012;129510;6154905;11747483;227647;0;504
FR;2;2022-05-14;76;124;451;553;93;411;632;0;6;6121009;6804902;10626463;130063;6154998;11747894;228279;0;510
FR;2;2022-05-15;24;39;94;88;20;108;95;0;1;6121033;6804941;10626557;130151;6155018;11748002;228374;0;511
FR;2;2022-05-16;102;171;601;925;116;537;1037;0;11;6121135;6805112;10627158;131076;6155134;11748539;229411;0;522
FR;2;2022-05-17;95;184;690;1687;119;658;1739;0;8;6121230;6805296;10627848;132763;6155253;11749197;231150;0;530
FR;2;2022-05-18;80;181;643;1431;97;648;1486;0;10;6121310;6805477;10628491;134194;6155350;11749845;232636;0;540
FR;2;2022-05-19;73;161;710;1830;81;752;1816;0;12;6121383;6805638;10629201;136024;6155431;11750597;234452;0;552
FR;2;2022-05-20;107;181;874;1701;111;779;1849;0;17;6121490;6805819;10630075;137725;6155542;11751376;236301;0;569
FR;2;2022-05-21;48;96;398;517;71;339;581;0;8;6121538;6805915;10630473;138242;6155613;11751715;236882;0;577
FR;2;2022-05-22;8;23;69;37;18;57;56;0;0;6121546;6805938;10630542;138279;6155631;11751772;236938;0;577
FR;2;2022-05-23;86;133;498;931;100;469;967;0;7;6121632;6806071;10631040;139210;6155731;11752241;237905;0;584
FR;2;2022-05-24;87;164;627;1626;103;615;1680;0;17;6121719;6806235;10631667;140836;6155834;11752856;239585;0;601
FR;2;2022-05-25;72;146;539;1149;90;494;1260;0;5;6121791;6806381;10632206;141985;6155924;11753350;240845;0;606
FR;2;2022-05-26;12;31;77;45;13;85;56;0;1;6121803;6806412;10632283;142030;6155937;11753435;240901;0;607
FR;2;2022-05-27;44;124;456;818;68;438;893;0;9;6121847;6806536;10632739;142848;6156005;11753873;241794;0;616
FR;2;2022-05-28;28;60;221;244;29;221;266;0;1;6121875;6806596;10632960;143092;6156034;11754094;242060;0;617
FR;2;2022-05-29;13;34;43;25;22;51;28;0;0;6121888;6806630;10633003;143117;6156056;11754145;242088;0;617
FR;2;2022-05-30;65;109;425;755;60;410;806;0;6;6121953;6806739;10633428;143872;6156116;11754555;242894;0;623
FR;2;2022-05-31;76;135;564;1278;92;511;1304;0;12;6122029;6806874;10633992;145150;6156208;11755066;244198;0;635
FR;2;2022-06-01;59;160;564;1075;86;543;1170;0;6;6122088;6807034;10634556;146225;6156294;11755609;245368;0;641
FR;2;2022-06-02;92;178;627;1450;109;593;1557;0;12;6122180;6807212;10635183;147675;6156403;11756202;246925;0;653
FR;2;2022-06-03;71;157;668;1605;96;595;1694;0;19;6122251;6807369;10635851;149280;6156499;11756797;248619;0;672
FR;2;2022-06-04;69;93;283;434;66;269;476;0;11;6122320;6807462;10636134;149714;6156565;11757066;249095;0;683
FR;2;2022-06-05;12;17;63;58;16;47;75;0;1;6122332;6807479;10636197;149772;6156581;11757113;249170;0;684
FR;2;2022-06-06;12;41;93;76;30;92;81;0;4;6122344;6807520;10636290;149848;6156611;11757205;249251;0;688
FR;2;2022-06-07;99;222;667;1535;154;577;1661;0;10;6122443;6807742;10636957;151383;6156765;11757782;250912;0;698
FR;2;2022-06-08;70;119;477;1166;76;411;1262;0;5;6122513;6807861;10637434;152549;6156841;11758193;252174;0;703
FR;2;2022-06-09;93;167;613;1923;108;571;1927;0;18;6122606;6808028;10638047;154472;6156949;11758764;254101;0;721
FR;2;2022-06-10;93;168;651;1683;107;623;1774;0;23;6122699;6808196;10638698;156155;6157056;11759387;255875;0;744
FR;2;2022-06-11;44;85;287;529;42;258;583;0;5;6122743;6808281;10638985;156684;6157098;11759645;256458;0;749
FR;2;2022-06-12;18;38;58;78;27;60;78;0;0;6122761;6808319;10639043;156762;6157125;11759705;256536;0;749
FR;2;2022-06-13;39;121;395;953;63;379;1021;0;6;6122800;6808440;10639438;157715;6157188;11760084;257557;0;755
FR;2;2022-06-14;68;157;599;2088;101;537;2189;0;14;6122868;6808597;10640037;159803;6157289;11760621;259746;0;769
FR;2;2022-06-15;78;104;522;1504;84;444;1641;0;10;6122946;6808701;10640559;161307;6157373;11761065;261387;0;779
FR;2;2022-06-16;128;128;497;1411;124;424;1526;0;12;6123074;6808829;10641056;162718;6157497;11761489;262913;0;791
FR;2;2022-06-17;73;138;589;1817;88;516;1921;0;16;6123147;6808967;10641645;164535;6157585;11762005;264834;0;807
FR;2;2022-06-18;76;93;224;579;81;196;630;0;4;6123223;6809060;10641869;165114;6157666;11762201;265464;0;811
FR;2;2022-06-19;11;17;53;71;7;41;90;0;2;6123234;6809077;10641922;165185;6157673;11762242;265554;0;813
FR;2;2022-06-20;62;125;401;1028;72;392;1105;0;10;6123296;6809202;10642323;166213;6157745;11762634;266659;0;823
FR;2;2022-06-21;108;116;526;2127;105;455;2164;0;22;6123404;6809318;10642849;168340;6157850;11763089;268823;0;845
FR;2;2022-06-22;39;110;462;1889;57;415;1971;0;25;6123443;6809428;10643311;170229;6157907;11763504;270794;0;870
FR;2;2022-06-23;58;109;537;2282;68;452;2400;0;30;6123501;6809537;10643848;172511;6157975;11763956;273194;0;900
FR;2;2022-06-24;66;122;709;3199;65;571;3339;0;38;6123567;6809659;10644557;175710;6158040;11764527;276533;0;938
FR;2;2022-06-25;30;90;298;988;55;254;1041;0;13;6123597;6809749;10644855;176698;6158095;11764781;277574;0;951
FR;2;2022-06-26;30;27;131;194;29;97;236;0;5;6123627;6809776;10644986;176892;6158124;11764878;277810;0;956
FR;2;2022-06-27;79;137;582;2490;94;483;2623;0;39;6123706;6809913;10645568;179382;6158218;11765361;280433;0;995
FR;2;2022-06-28;110;140;812;4817;81;650;4894;0;54;6123816;6810053;10646380;184199;6158299;11766011;285327;0;1049
FR;2;2022-06-29;73;150;776;4436;80;637;4532;0;56;6123889;6810203;10647156;188635;6158379;11766648;289859;0;1105
FR;2;2022-06-30;72;133;834;5177;71;619;5398;0;79;6123961;6810336;10647990;193812;6158450;11767267;295257;0;1184
FR;2;2022-07-01;113;161;1152;6692;95;853;6944;0;92;6124074;6810497;10649142;200504;6158545;11768120;302201;0;1276
FR;2;2022-07-02;69;132;474;1977;82;392;2068;0;27;6124143;6810629;10649616;202481;6158627;11768512;304269;0;1303
FR;2;2022-07-03;23;30;147;334;21;131;357;0;8;6124166;6810659;10649763;202815;6158648;11768643;304626;0;1311
FR;2;2022-07-04;122;184;776;3785;113;612;3971;0;49;6124288;6810843;10650539;206600;6158761;11769255;308597;0;1360
FR;2;2022-07-05;119;188;1121;6818;121;829;6999;0;85;6124407;6811031;10651660;213418;6158882;11770084;315596;0;1445
FR;2;2022-07-06;93;152;951;5807;95;698;5933;0;84;6124500;6811183;10652611;219225;6158977;11770782;321529;0;1529
FR;2;2022-07-07;81;185;1021;6501;116;752;6732;0;101;6124581;6811368;10653632;225726;6159093;11771534;328261;0;1630
FR;2;2022-07-08;65;122;1095;7044;51;758;7235;0;123;6124646;6811490;10654727;232770;6159144;11772292;335496;0;1753
FR;2;2022-07-09;34;62;417;1869;31;299;1919;0;33;6124680;6811552;10655144;234639;6159175;11772591;337415;0;1786
FR;2;2022-07-10;7;17;97;315;8;83;327;0;5;6124687;6811569;10655241;234954;6159183;11772674;337742;0;1791
FR;2;2022-07-11;68;121;683;3826;76;541;3901;0;67;6124755;6811690;10655924;238780;6159259;11773215;341643;0;1858
FR;2;2022-07-12;102;180;1054;6517;107;809;6725;0;119;6124857;6811870;10656978;245297;6159366;11774024;348368;0;1977
FR;2;2022-07-13;65;128;879;4665;76;591;4831;0;78;6124922;6811998;10657857;249962;6159442;11774615;353199;0;2055
FR;2;2022-07-14;6;13;89;250;8;60;269;0;8;6124928;6812011;10657946;250212;6159450;11774675;353468;0;2063
FR;2;2022-07-15;61;129;739;3795;53;560;3961;0;75;6124989;6812140;10658685;254007;6159503;11775235;357429;0;2138
FR;2;2022-07-16;28;54;289;1031;30;242;1077;0;25;6125017;6812194;10658974;255038;6159533;11775477;358506;0;2163
FR;2;2022-07-17;5;12;78;201;6;67;207;0;6;6125022;6812206;10659052;255239;6159539;11775544;358713;0;2169
FR;2;2022-07-18;57;103;514;2510;61;385;2648;0;59;6125079;6812309;10659566;257749;6159600;11775929;361361;0;2228
FR;2;2022-07-19;66;133;770;4258;72;555;4447;0;72;6125145;6812442;10660336;262007;6159672;11776484;365808;0;2300
FR;2;2022-07-20;59;117;582;3179;68;430;3278;0;87;6125204;6812559;10660918;265186;6159740;11776914;369086;0;2387
FR;2;2022-07-21;60;110;673;3680;73;487;3797;0;105;6125264;6812669;10661591;268866;6159813;11777401;372883;0;2492
FR;2;2022-07-22;51;100;700;3550;48;507;3701;0;80;6125315;6812769;10662291;272416;6159861;11777908;376584;0;2572
FR;2;2022-07-23;38;97;290;1175;51;229;1228;0;37;6125353;6812866;10662581;273591;6159912;11778137;377812;0;2609
FR;2;2022-07-24;14;24;69;201;19;68;203;0;7;6125367;6812890;10662650;273792;6159931;11778205;378015;0;2616
FR;2;2022-07-25;50;71;405;1938;60;300;2000;0;56;6125417;6812961;10663055;275730;6159991;11778505;380015;0;2672
FR;2;2022-07-26;57;133;606;3423;67;476;3496;0;113;6125474;6813094;10663661;279153;6160058;11778981;383511;0;2785
FR;2;2022-07-27;42;81;457;2782;50;361;2801;0;89;6125516;6813175;10664118;281935;6160108;11779342;386312;0;2874
FR;2;2022-07-28;29;75;450;2487;37;356;2491;0;78;6125545;6813250;10664568;284422;6160145;11779698;388803;0;2952
FR;2;2022-07-29;68;88;535;2857;63;347;2978;0;73;6125613;6813338;10665103;287279;6160208;11780045;391781;0;3025
FR;2;2022-07-30;22;39;163;776;32;110;796;0;24;6125635;6813377;10665266;288055;6160240;11780155;392577;0;3049
FR;2;2022-07-31;6;13;27;104;12;21;110;0;2;6125641;6813390;10665293;288159;6160252;11780176;392687;0;3051
FR;2;2022-08-01;38;107;323;1262;74;260;1344;0;29;6125679;6813497;10665616;289421;6160326;11780436;394031;0;3080
FR;2;2022-08-02;49;75;325;2061;50;247;2097;0;78;6125728;6813572;10665941;291482;6160376;11780683;396128;0;3158
FR;2;2022-08-03;29;53;260;1611;25;188;1617;0;57;6125757;6813625;10666201;293093;6160401;11780871;397745;0;3215
FR;2;2022-08-04;40;65;306;1692;39;240;1701;0;66;6125797;6813690;10666507;294785;6160440;11781111;399446;0;3281
FR;2;2022-08-05;33;94;328;1881;67;236;1912;0;60;6125830;6813784;10666835;296666;6160507;11781347;401358;0;3341
FR;2;2022-08-06;22;41;106;365;29;82;372;0;10;6125852;6813825;10666941;297031;6160536;11781429;401730;0;3351
FR;2;2022-08-07;7;8;15;69;5;16;71;0;3;6125859;6813833;10666956;297100;6160541;11781445;401801;0;3354
FR;2;2022-08-08;19;35;220;877;22;148;915;0;33;6125878;6813868;10667176;297977;6160563;11781593;402716;0;3387
FR;2;2022-08-09;30;52;279;1474;42;238;1470;0;50;6125908;6813920;10667455;299451;6160605;11781831;404186;0;3437
FR;2;2022-08-10;17;22;213;1134;19;150;1155;0;46;6125925;6813942;10667668;300585;6160624;11781981;405341;0;3483
FR;2;2022-08-11;21;41;174;1038;26;117;1047;0;40;6125946;6813983;10667842;301623;6160650;11782098;406388;0;3523
FR;2;2022-08-12;36;51;184;1046;38;141;1069;0;35;6125982;6814034;10668026;302669;6160688;11782239;407457;0;3558
FR;2;2022-08-13;11;19;47;149;15;53;137;0;5;6125993;6814053;10668073;302818;6160703;11782292;407594;0;3563
FR;2;2022-08-14;1;2;12;52;1;11;54;0;1;6125994;6814055;10668085;302870;6160704;11782303;407648;0;3564
FR;2;2022-08-15;0;5;32;22;2;21;21;0;3;6125994;6814060;10668117;302892;6160706;11782324;407669;0;3567
FR;2;2022-08-16;27;33;144;681;34;120;678;0;33;6126021;6814093;10668261;303573;6160740;11782444;408347;0;3600
FR;2;2022-08-17;18;27;109;738;18;88;744;0;34;6126039;6814120;10668370;304311;6160758;11782532;409091;0;3634
FR;2;2022-08-18;14;30;160;836;14;107;852;0;42;6126053;6814150;10668530;305147;6160772;11782639;409943;0;3676
FR;2;2022-08-19;8;38;118;706;31;88;706;0;33;6126061;6814188;10668648;305853;6160803;11782727;410649;0;3709
FR;2;2022-08-20;6;26;61;197;16;52;201;0;8;6126067;6814214;10668709;306050;6160819;11782779;410850;0;3717
FR;2;2022-08-21;4;14;15;19;6;13;31;0;0;6126071;6814228;10668724;306069;6160825;11782792;410881;0;3717
FR;2;2022-08-22;11;25;116;395;17;73;451;0;13;6126082;6814253;10668840;306464;6160842;11782865;411332;0;3730
FR;2;2022-08-23;12;42;134;671;23;112;679;0;38;6126094;6814295;10668974;307135;6160865;11782977;412011;0;3768
FR;2;2022-08-24;11;28;87;466;21;80;472;0;18;6126105;6814323;10669061;307601;6160886;11783057;412483;0;3786
FR;2;2022-08-25;8;32;109;481;16;69;516;0;17;6126113;6814355;10669170;308082;6160902;11783126;412999;0;3803
FR;2;2022-08-26;16;46;117;720;36;91;713;0;32;6126129;6814401;10669287;308802;6160938;11783217;413712;0;3835
FR;2;2022-08-27;10;19;47;158;16;42;166;0;2;6126139;6814420;10669334;308960;6160954;11783259;413878;0;3837
FR;2;2022-08-28;1;5;5;15;1;7;16;0;1;6126140;6814425;10669339;308975;6160955;11783266;413894;0;3838
FR;2;2022-08-29;24;43;94;400;29;88;396;0;24;6126164;6814468;10669433;309375;6160984;11783354;414290;0;3862
FR;2;2022-08-30;31;54;154;791;34;119;798;0;29;6126195;6814522;10669587;310166;6161018;11783473;415088;0;3891
FR;2;2022-08-31;19;37;85;392;24;79;393;0;25;6126214;6814559;10669672;310558;6161042;11783552;415481;0;3916
FR;2;2022-09-01;19;43;139;600;25;122;609;0;36;6126233;6814602;10669811;311158;6161067;11783674;416090;0;3952
FR;2;2022-09-02;34;57;147;744;34;160;748;0;32;6126267;6814659;10669958;311902;6161101;11783834;416838;0;3984
FR;2;2022-09-03;17;20;83;205;11;67;213;0;7;6126284;6814679;10670041;312107;6161112;11783901;417051;0;3991
FR;2;2022-09-04;8;5;9;31;2;10;30;0;3;6126292;6814684;10670050;312138;6161114;11783911;417081;0;3994
FR;2;2022-09-05;29;32;126;367;24;98;397;0;24;6126321;6814716;10670176;312505;6161138;11784009;417478;0;4018
FR;2;2022-09-06;44;63;158;762;43;153;768;0;36;6126365;6814779;10670334;313267;6161181;11784162;418246;0;4054
FR;2;2022-09-07;21;22;76;375;18;51;387;0;23;6126386;6814801;10670410;313642;6161199;11784213;418633;0;4077
FR;2;2022-09-08;31;58;109;636;41;100;646;0;22;6126417;6814859;10670519;314278;6161240;11784313;419279;0;4099
FR;2;2022-09-09;18;24;126;754;21;74;747;0;48;6126435;6814883;10670645;315032;6161261;11784387;420026;0;4147
FR;2;2022-09-10;14;25;57;117;17;48;131;0;4;6126449;6814908;10670702;315149;6161278;11784435;420157;0;4151
FR;2;2022-09-11;12;5;11;11;3;13;13;0;0;6126461;6814913;10670713;315160;6161281;11784448;420170;0;4151
FR;2;2022-09-12;20;31;70;340;26;56;352;0;16;6126481;6814944;10670783;315500;6161307;11784504;420522;0;4167
FR;2;2022-09-13;15;34;125;670;13;99;674;0;40;6126496;6814978;10670908;316170;6161320;11784603;421196;0;4207
FR;2;2022-09-14;19;23;81;480;20;60;478;0;36;6126515;6815001;10670989;316650;6161340;11784663;421674;0;4243
FR;2;2022-09-15;23;45;126;486;27;102;493;0;47;6126538;6815046;10671115;317136;6161367;11784765;422167;0;4290
FR;2;2022-09-16;22;32;124;563;18;89;585;0;39;6126560;6815078;10671239;317699;6161385;11784854;422752;0;4329
FR;2;2022-09-17;6;20;56;160;15;52;147;0;14;6126566;6815098;10671295;317859;6161400;11784906;422899;0;4343
FR;2;2022-09-18;4;7;13;37;6;10;37;0;3;6126570;6815105;10671308;317896;6161406;11784916;422936;0;4346
FR;2;2022-09-19;26;24;114;353;16;87;381;0;22;6126596;6815129;10671422;318249;6161422;11785003;423317;0;4368
FR;2;2022-09-20;29;27;117;624;21;84;639;0;38;6126625;6815156;10671539;318873;6161443;11785087;423956;0;4406
FR;2;2022-09-21;15;30;100;393;15;78;418;0;23;6126640;6815186;10671639;319266;6161458;11785165;424374;0;4429
FR;2;2022-09-22;19;39;124;581;18;95;619;0;28;6126659;6815225;10671763;319847;6161476;11785260;424993;0;4457
FR;2;2022-09-23;21;38;135;556;22;111;571;0;40;6126680;6815263;10671898;320403;6161498;11785371;425564;0;4497
FR;2;2022-09-24;10;8;52;190;8;37;201;0;7;6126690;6815271;10671950;320593;6161506;11785408;425765;0;4504
FR;2;2022-09-25;9;11;15;29;11;12;33;0;5;6126699;6815282;10671965;320622;6161517;11785420;425798;0;4509
FR;2;2022-09-26;22;41;116;447;27;79;458;0;20;6126721;6815323;10672081;321069;6161544;11785499;426256;0;4529
FR;2;2022-09-27;30;46;162;906;35;108;861;0;52;6126751;6815369;10672243;321975;6161579;11785607;427117;0;4581
FR;2;2022-09-28;15;31;93;421;18;74;439;0;23;6126766;6815400;10672336;322396;6161597;11785681;427556;0;4604
FR;2;2022-09-29;26;48;115;618;23;110;630;0;33;6126792;6815448;10672451;323014;6161620;11785791;428186;0;4637
FR;2;2022-09-30;25;44;111;520;45;84;533;0;31;6126817;6815492;10672562;323534;6161665;11785875;428719;0;4668
FR;2;2022-10-01;11;20;51;128;20;36;129;0;8;6126828;6815512;10672613;323662;6161685;11785911;428848;0;4676
FR;2;2022-10-02;0;5;8;21;4;5;25;0;2;6126828;6815517;10672621;323683;6161689;11785916;428873;0;4678
FR;2;2022-10-03;22;35;85;291;30;69;306;0;22;6126850;6815552;10672706;323974;6161719;11785985;429179;0;4700
FR;2;2022-10-04;17;21;106;601;19;71;620;0;46;6126867;6815573;10672812;324575;6161738;11786056;429799;0;4746
FR;2;2022-10-05;20;31;75;491;26;67;488;0;54;6126887;6815604;10672887;325066;6161764;11786123;430287;0;4800
FR;2;2022-10-06;30;23;74;442;17;71;428;0;65;6126917;6815627;10672961;325508;6161781;11786194;430715;0;4865
FR;2;2022-10-07;21;30;86;499;27;66;503;0;42;6126938;6815657;10673047;326007;6161808;11786260;431218;0;4907
FR;2;2022-10-08;12;8;24;114;3;25;108;0;12;6126950;6815665;10673071;326121;6161811;11786285;431326;0;4919
FR;2;2022-10-09;1;8;15;17;6;11;22;0;5;6126951;6815673;10673086;326138;6161817;11786296;431348;0;4924
FR;2;2022-10-10;18;27;47;223;25;49;218;0;21;6126969;6815700;10673133;326361;6161842;11786345;431566;0;4945
FR;2;2022-10-11;16;15;48;253;11;39;241;0;52;6126985;6815715;10673181;326614;6161853;11786384;431807;0;4997
FR;2;2022-10-12;9;20;52;290;16;36;305;0;56;6126994;6815735;10673233;326904;6161869;11786420;432112;0;5053
FR;2;2022-10-13;11;14;48;271;9;48;261;0;26;6127005;6815749;10673281;327175;6161878;11786468;432373;0;5079
FR;2;2022-10-14;13;30;36;230;18;40;231;0;29;6127018;6815779;10673317;327405;6161896;11786508;432604;0;5108
FR;2;2022-10-15;4;13;22;111;7;17;113;0;15;6127022;6815792;10673339;327516;6161903;11786525;432717;0;5123
FR;2;2022-10-16;0;7;4;11;6;7;8;0;1;6127022;6815799;10673343;327527;6161909;11786532;432725;0;5124
FR;2;2022-10-17;15;19;31;121;18;26;131;0;29;6127037;6815818;10673374;327648;6161927;11786558;432856;0;5153
FR;2;2022-10-18;13;12;68;185;6;34;247;0;46;6127050;6815830;10673442;327833;6161933;11786592;433103;0;5199
FR;2;2022-10-19;8;17;39;184;12;31;223;0;52;6127058;6815847;10673481;328017;6161945;11786623;433326;0;5251
FR;2;2022-10-20;11;29;41;200;15;40;196;0;52;6127069;6815876;10673522;328217;6161960;11786663;433522;0;5303
FR;2;2022-10-21;6;16;60;233;7;53;222;0;31;6127075;6815892;10673582;328450;6161967;11786716;433744;0;5334
FR;2;2022-10-22;8;7;25;102;2;23;103;0;20;6127083;6815899;10673607;328552;6161969;11786739;433847;0;5354
FR;2;2022-10-23;0;3;1;5;3;0;6;0;2;6127083;6815902;10673608;328557;6161972;11786739;433853;0;5356
FR;2;2022-10-24;12;12;16;110;12;16;113;0;20;6127095;6815914;10673624;328667;6161984;11786755;433966;0;5376
FR;2;2022-10-25;12;7;23;138;6;15;145;0;51;6127107;6815921;10673647;328805;6161990;11786770;434111;0;5427
FR;2;2022-10-26;4;3;17;90;2;11;96;0;27;6127111;6815924;10673664;328895;6161992;11786781;434207;0;5454
FR;2;2022-10-27;7;10;18;88;10;20;71;0;27;6127118;6815934;10673682;328983;6162002;11786801;434278;0;5481
FR;2;2022-10-28;5;3;15;91;3;7;92;0;27;6127123;6815937;10673697;329074;6162005;11786808;434370;0;5508
FR;2;2022-10-29;7;8;18;33;6;14;37;0;8;6127130;6815945;10673715;329107;6162011;11786822;434407;0;5516
FR;2;2022-10-30;3;7;5;8;5;2;5;0;1;6127133;6815952;10673720;329115;6162016;11786824;434412;0;5517
FR;2;2022-10-31;2;8;6;49;6;10;48;0;11;6127135;6815960;10673726;329164;6162022;11786834;434460;0;5528
FR;2;2022-11-01;0;6;8;1;5;6;4;0;0;6127135;6815966;10673734;329165;6162027;11786840;434464;0;5528
FR;2;2022-11-02;6;5;12;44;5;12;45;0;11;6127141;6815971;10673746;329209;6162032;11786852;434509;0;5539
FR;2;2022-11-03;6;7;16;77;6;10;75;0;18;6127147;6815978;10673762;329286;6162038;11786862;434584;0;5557
FR;2;2022-11-04;7;12;15;85;10;14;93;0;10;6127154;6815990;10673777;329371;6162048;11786876;434677;0;5567
FR;2;2022-11-05;0;11;13;38;6;17;35;0;6;6127154;6816001;10673790;329409;6162054;11786893;434712;0;5573
FR;2;2022-11-06;0;2;2;1;0;4;0;0;2;6127154;6816003;10673792;329410;6162054;11786897;434712;0;5575
FR;2;2022-11-07;13;8;15;67;6;14;66;0;21;6127167;6816011;10673807;329477;6162060;11786911;434778;0;5596
FR;2;2022-11-08;14;8;18;58;6;14;65;0;27;6127181;6816019;10673825;329535;6162066;11786925;434843;0;5623
FR;2;2022-11-09;4;5;17;56;2;17;50;0;28;6127185;6816024;10673842;329591;6162068;11786942;434893;0;5651
FR;2;2022-11-10;7;10;17;74;7;14;76;0;14;6127192;6816034;10673859;329665;6162075;11786956;434969;0;5665
FR;2;2022-11-11;0;3;9;3;0;10;4;0;0;6127192;6816037;10673868;329668;6162075;11786966;434973;0;5665
FR;2;2022-11-12;2;5;7;19;4;7;19;0;4;6127194;6816042;10673875;329687;6162079;11786973;434992;0;5669
FR;2;2022-11-13;3;2;4;2;1;5;1;0;0;6127197;6816044;10673879;329689;6162080;11786978;434993;0;5669
FR;2;2022-11-14;7;6;13;29;3;10;33;0;7;6127204;6816050;10673892;329718;6162083;11786988;435026;0;5676
FR;2;2022-11-15;8;15;15;35;16;18;32;0;7;6127212;6816065;10673907;329753;6162099;11787006;435058;0;5683
FR;2;2022-11-16;3;6;4;45;6;4;46;0;18;6127215;6816071;10673911;329798;6162105;11787010;435104;0;5701
FR;2;2022-11-17;2;6;12;56;5;9;55;0;22;6127217;6816077;10673923;329854;6162110;11787019;435159;0;5723
FR;2;2022-11-18;3;4;7;41;4;6;44;0;10;6127220;6816081;10673930;329895;6162114;11787025;435203;0;5733
FR;2;2022-11-19;3;3;2;25;3;3;18;0;5;6127223;6816084;10673932;329920;6162117;11787028;435221;0;5738
FR;2;2022-11-20;0;2;6;9;2;6;10;0;26;6127223;6816086;10673938;329929;6162119;11787034;435231;0;5764
FR;2;2022-11-21;6;10;9;31;7;8;34;0;22;6127229;6816096;10673947;329960;6162126;11787042;435265;0;5786
FR;2;2022-11-22;8;8;20;65;6;21;70;0;71;6127237;6816104;10673967;330025;6162132;11787063;435335;0;5857
FR;2;2022-11-23;7;6;8;68;3;5;73;0;8;6127244;6816110;10673975;330093;6162135;11787068;435408;0;5865
FR;2;2022-11-24;2;2;11;51;2;7;58;0;10;6127246;6816112;10673986;330144;6162137;11787075;435466;0;5875
FR;2;2022-11-25;11;8;14;25;11;14;26;0;8;6127257;6816120;10674000;330169;6162148;11787089;435492;0;5883
FR;2;2022-11-26;1;5;4;8;4;7;6;0;0;6127258;6816125;10674004;330177;6162152;11787096;435498;0;5883
FR;2;2022-11-27;2;2;12;2;0;11;4;0;1;6127260;6816127;10674016;330179;6162152;11787107;435502;0;5884
FR;2;2022-11-28;0;2;8;35;1;6;37;0;5;6127260;6816129;10674024;330214;6162153;11787113;435539;0;5889
FR;2;2022-11-29;1;1;10;24;0;4;30;0;8;6127261;6816130;10674034;330238;6162153;11787117;435569;0;5897
FR;2;2022-11-30;2;2;10;47;1;11;44;0;21;6127263;6816132;10674044;330285;6162154;11787128;435613;0;5918
FR;2;2022-12-01;2;12;6;63;9;13;55;0;24;6127265;6816144;10674050;330348;6162163;11787141;435668;0;5942
FR;2;2022-12-02;1;2;12;51;2;10;51;0;27;6127266;6816146;10674062;330399;6162165;11787151;435719;0;5969
FR;2;2022-12-03;1;4;8;19;2;8;18;0;10;6127267;6816150;10674070;330418;6162167;11787159;435737;0;5979
FR;2;2022-12-04;0;0;0;4;0;0;4;0;2;6127267;6816150;10674070;330422;6162167;11787159;435741;0;5981
FR;2;2022-12-05;3;5;8;51;8;4;45;0;16;6127270;6816155;10674078;330473;6162175;11787163;435786;0;5997
FR;2;2022-12-06;3;5;14;45;4;6;48;0;17;6127273;6816160;10674092;330518;6162179;11787169;435834;0;6014
FR;2;2022-12-07;1;5;9;42;3;8;44;0;11;6127274;6816165;10674101;330560;6162182;11787177;435878;0;6025
FR;2;2022-12-08;0;2;11;44;0;6;49;0;16;6127274;6816167;10674112;330604;6162182;11787183;435927;0;6041
FR;2;2022-12-09;0;1;13;52;0;9;57;0;17;6127274;6816168;10674125;330656;6162182;11787192;435984;0;6058
FR;2;2022-12-10;0;3;15;50;1;6;52;0;9;6127274;6816171;10674140;330706;6162183;11787198;436036;0;6067
FR;2;2022-12-11;0;0;2;2;0;2;1;0;3;6127274;6816171;10674142;330708;6162183;11787200;436037;0;6070
FR;2;2022-12-12;1;0;6;37;0;6;36;0;11;6127275;6816171;10674148;330745;6162183;11787206;436073;0;6081
FR;2;2022-12-13;0;3;2;37;2;1;37;0;14;6127275;6816174;10674150;330782;6162185;11787207;436110;0;6095
FR;2;2022-12-14;0;5;8;26;5;3;31;0;14;6127275;6816179;10674158;330808;6162190;11787210;436141;0;6109
FR;2;2022-12-15;0;5;12;43;5;9;44;0;17;6127275;6816184;10674170;330851;6162195;11787219;436185;0;6126
FR;2;2022-12-16;2;4;27;56;3;20;62;0;16;6127277;6816188;10674197;330907;6162198;11787239;436247;0;6142
FR;2;2022-12-17;1;4;10;44;3;6;39;0;5;6127278;6816192;10674207;330951;6162201;11787245;436286;0;6147
FR;2;2022-12-18;1;0;0;0;0;0;0;0;1;6127279;6816192;10674207;330951;6162201;11787245;436286;0;6148
FR;2;2022-12-19;6;5;4;31;6;5;24;0;24;6127285;6816197;10674211;330982;6162207;11787250;436310;0;6172
FR;2;2022-12-20;0;4;6;37;2;7;38;0;24;6127285;6816201;10674217;331019;6162209;11787257;436348;0;6196
FR;2;2022-12-21;0;1;4;13;1;4;13;0;8;6127285;6816202;10674221;331032;6162210;11787261;436361;0;6204
FR;2;2022-12-22;0;5;17;32;2;6;45;0;10;6127285;6816207;10674238;331064;6162212;11787267;436406;0;6214
FR;2;2022-12-23;1;5;15;18;3;12;22;0;4;6127286;6816212;10674253;331082;6162215;11787279;436428;0;6218
FR;2;2022-12-24;0;0;1;1;0;1;1;0;0;6127286;6816212;10674254;331083;6162215;11787280;436429;0;6218
FR;2;2022-12-25;0;1;1;3;0;1;4;0;0;6127286;6816213;10674255;331086;6162215;11787281;436433;0;6218
FR;2;2022-12-26;0;0;7;11;0;5;11;0;3;6127286;6816213;10674262;331097;6162215;11787286;436444;0;6221
FR;2;2022-12-27;0;1;7;5;1;5;7;0;4;6127286;6816214;10674269;331102;6162216;11787291;436451;0;6225
FR;2;2022-12-28;0;2;4;13;2;3;14;0;5;6127286;6816216;10674273;331115;6162218;11787294;436465;0;6230
FR;2;2022-12-29;1;2;4;18;1;5;18;0;7;6127287;6816218;10674277;331133;6162219;11787299;436483;0;6237
FR;2;2022-12-30;1;0;2;8;0;2;7;0;1;6127288;6816218;10674279;331141;6162219;11787301;436490;0;6238
FR;2;2022-12-31;0;0;1;2;0;1;2;0;1;6127288;6816218;10674280;331143;6162219;11787302;436492;0;6239
FR;2;2023-01-01;0;0;0;0;0;0;0;0;0;6127288;6816218;10674280;331143;6162219;11787302;436492;0;6239
FR;2;2023-01-02;5;5;9;21;4;7;23;0;2;6127293;6816223;10674289;331164;6162223;11787309;436515;0;6241
FR;2;2023-01-03;1;0;6;13;0;7;11;0;6;6127294;6816223;10674295;331177;6162223;11787316;436526;0;6247
FR;2;2023-01-04;1;4;9;13;5;7;13;0;6;6127295;6816227;10674304;331190;6162228;11787323;436539;0;6253
FR;2;2023-01-05;0;2;7;6;2;4;7;0;3;6127295;6816229;10674311;331196;6162230;11787327;436546;0;6256
FR;2;2023-01-06;1;0;9;9;0;4;13;0;9;6127296;6816229;10674320;331205;6162230;11787331;436559;0;6265
FR;2;2023-01-07;0;0;4;10;0;4;8;0;5;6127296;6816229;10674324;331215;6162230;11787335;436567;0;6270
FR;2;2023-01-08;0;0;3;3;0;3;3;0;2;6127296;6816229;10674327;331218;6162230;11787338;436570;0;6272
FR;2;2023-01-09;0;2;8;9;2;3;13;0;5;6127296;6816231;10674335;331227;6162232;11787341;436583;0;6277
FR;2;2023-01-10;0;5;4;8;4;3;10;0;6;6127296;6816236;10674339;331235;6162236;11787344;436593;0;6283
FR;2;2023-01-11;3;0;4;7;0;3;9;0;3;6127299;6816236;10674343;331242;6162236;11787347;436602;0;6286
FR;2;2023-01-12;1;1;9;13;1;7;10;0;11;6127300;6816237;10674352;331255;6162237;11787354;436612;0;6297
FR;2;2023-01-13;0;1;5;7;1;3;10;0;3;6127300;6816238;10674357;331262;6162238;11787357;436622;0;6300
FR;2;2023-01-14;0;1;2;6;0;3;6;0;1;6127300;6816239;10674359;331268;6162238;11787360;436628;0;6301
FR;2;2023-01-15;0;0;0;0;0;0;0;0;0;6127300;6816239;10674359;331268;6162238;11787360;436628;0;6301
FR;2;2023-01-16;1;1;5;7;2;2;7;0;1;6127301;6816240;10674364;331275;6162240;11787362;436635;0;6302
FR;2;2023-01-17;1;0;5;4;0;5;3;0;0;6127302;6816240;10674369;331279;6162240;11787367;436638;0;6302
FR;2;2023-01-18;0;0;3;2;0;3;2;0;0;6127302;6816240;10674372;331281;6162240;11787370;436640;0;6302
FR;2;2023-01-19;0;0;1;6;0;1;6;0;6;6127302;6816240;10674373;331287;6162240;11787371;436646;0;6308
FR;2;2023-01-20;0;0;1;8;0;1;8;0;4;6127302;6816240;10674374;331295;6162240;11787372;436654;0;6312
FR;2;2023-01-21;0;0;0;3;0;0;0;0;0;6127302;6816240;10674374;331298;6162240;11787372;436654;0;6312
FR;2;2023-01-22;0;0;0;0;0;0;0;0;0;6127302;6816240;10674374;331298;6162240;11787372;436654;0;6312
FR;2;2023-01-23;0;0;3;3;0;2;3;0;1;6127302;6816240;10674377;331301;6162240;11787374;436657;0;6313
FR;2;2023-01-24;1;3;1;6;3;0;7;0;4;6127303;6816243;10674378;331307;6162243;11787374;436664;0;6317
FR;2;2023-01-25;1;0;0;6;0;0;6;0;0;6127304;6816243;10674378;331313;6162243;11787374;436670;0;6317
FR;2;2023-01-26;1;0;3;7;0;1;9;0;3;6127305;6816243;10674381;331320;6162243;11787375;436679;0;6320
FR;2;2023-01-27;0;2;3;3;1;2;3;0;2;6127305;6816245;10674384;331323;6162244;11787377;436682;0;6322
FR;2;2023-01-28;0;0;0;1;0;0;1;0;0;6127305;6816245;10674384;331324;6162244;11787377;436683;0;6322
FR;2;2023-01-29;0;0;1;0;0;0;1;0;0;6127305;6816245;10674385;331324;6162244;11787377;436684;0;6322
FR;2;2023-01-30;0;1;2;3;1;1;4;0;1;6127305;6816246;10674387;331327;6162245;11787378;436688;0;6323
FR;2;2023-01-31;1;0;3;2;0;2;3;0;0;6127306;6816246;10674390;331329;6162245;11787380;436691;0;6323
FR;2;2023-02-01;0;3;2;0;2;3;0;0;0;6127306;6816249;10674392;331329;6162247;11787383;436691;0;6323
FR;2;2023-02-02;0;2;3;4;1;4;6;0;4;6127306;6816251;10674395;331333;6162248;11787387;436697;0;6327
FR;2;2023-02-03;0;2;1;12;2;0;11;0;9;6127306;6816253;10674396;331345;6162250;11787387;436708;0;6336
FR;2;2023-02-04;0;1;1;0;0;2;0;0;0;6127306;6816254;10674397;331345;6162250;11787389;436708;0;6336
FR;2;2023-02-05;0;0;0;0;0;0;0;0;0;6127306;6816254;10674397;331345;6162250;11787389;436708;0;6336
FR;2;2023-02-06;0;4;2;2;3;3;2;0;0;6127306;6816258;10674399;331347;6162253;11787392;436710;0;6336
FR;2;2023-02-07;2;1;0;0;0;1;0;0;1;6127308;6816259;10674399;331347;6162253;11787393;436710;0;6337
FR;2;2023-02-08;0;0;3;2;0;2;4;0;1;6127308;6816259;10674402;331349;6162253;11787395;436714;0;6338
FR;2;2023-02-09;0;0;1;4;0;2;3;0;3;6127308;6816259;10674403;331353;6162253;11787397;436717;0;6341
FR;2;2023-02-10;0;0;1;3;0;1;2;0;6;6127308;6816259;10674404;331356;6162253;11787398;436719;0;6347
FR;2;2023-02-11;2;2;1;1;0;2;2;0;0;6127310;6816261;10674405;331357;6162253;11787400;436721;0;6347
FR;2;2023-02-12;0;0;0;0;0;0;0;0;0;6127310;6816261;10674405;331357;6162253;11787400;436721;0;6347
FR;2;2023-02-13;3;0;1;5;0;0;5;0;1;6127313;6816261;10674406;331362;6162253;11787400;436726;0;6348
FR;2;2023-02-14;1;2;1;1;2;0;2;0;0;6127314;6816263;10674407;331363;6162255;11787400;436728;0;6348
FR;2;2023-02-15;3;0;1;1;0;1;1;0;0;6127317;6816263;10674408;331364;6162255;11787401;436729;0;6348
FR;2;2023-02-16;3;1;1;1;1;1;1;0;2;6127320;6816264;10674409;331365;6162256;11787402;436730;0;6350
FR;2;2023-02-17;0;0;1;4;0;1;3;0;4;6127320;6816264;10674410;331369;6162256;11787403;436733;0;6354
FR;2;2023-02-18;0;0;5;1;0;5;0;0;1;6127320;6816264;10674415;331370;6162256;11787408;436733;0;6355
FR;2;2023-02-19;0;1;0;0;1;0;0;0;0;6127320;6816265;10674415;331370;6162257;11787408;436733;0;6355
FR;2;2023-02-20;1;0;0;1;0;0;1;0;2;6127321;6816265;10674415;331371;6162257;11787408;436734;0;6357
FR;2;2023-02-21;0;0;0;1;0;0;1;0;2;6127321;6816265;10674415;331372;6162257;11787408;436735;0;6359
FR;2;2023-02-22;1;0;0;3;0;0;3;0;0;6127322;6816265;10674415;331375;6162257;11787408;436738;0;6359
FR;2;2023-02-23;0;0;0;1;0;0;1;0;3;6127322;6816265;10674415;331376;6162257;11787408;436739;0;6362
FR;2;2023-02-24;1;0;1;2;0;0;3;0;0;6127323;6816265;10674416;331378;6162257;11787408;436742;0;6362
FR;2;2023-02-25;0;0;1;2;0;1;2;0;0;6127323;6816265;10674417;331380;6162257;11787409;436744;0;6362
FR;2;2023-02-26;0;0;0;0;0;0;0;0;0;6127323;6816265;10674417;331380;6162257;11787409;436744;0;6362
FR;2;2023-02-27;1;0;1;1;1;1;1;0;0;6127324;6816265;10674418;331381;6162258;11787410;436745;0;6362
FR;2;2023-02-28;1;0;0;0;0;0;0;0;2;6127325;6816265;10674418;331381;6162258;11787410;436745;0;6364
FR;2;2023-03-01;0;2;3;2;1;3;1;0;1;6127325;6816267;10674421;331383;6162259;11787413;436746;0;6365
FR;2;2023-03-02;0;2;2;1;2;1;1;0;1;6127325;6816269;10674423;331384;6162261;11787414;436747;0;6366
FR;2;2023-03-03;1;0;3;1;0;3;1;0;0;6127326;6816269;10674426;331385;6162261;11787417;436748;0;6366
FR;2;2023-03-04;0;0;1;0;0;1;0;0;0;6127326;6816269;10674427;331385;6162261;11787418;436748;0;6366
FR;2;2023-03-05;0;0;0;0;0;0;0;0;0;6127326;6816269;10674427;331385;6162261;11787418;436748;0;6366
FR;2;2023-03-06;0;0;2;1;0;1;2;0;2;6127326;6816269;10674429;331386;6162261;11787419;436750;0;6368
FR;2;2023-03-07;0;1;2;1;1;2;1;0;1;6127326;6816270;10674431;331387;6162262;11787421;436751;0;6369
FR;2;2023-03-08;0;0;0;0;0;0;0;0;2;6127326;6816270;10674431;331387;6162262;11787421;436751;0;6371
FR;2;2023-03-09;0;0;1;1;0;0;2;0;0;6127326;6816270;10674432;331388;6162262;11787421;436753;0;6371
FR;2;2023-03-10;0;0;1;0;0;1;0;0;0;6127326;6816270;10674433;331388;6162262;11787422;436753;0;6371
FR;2;2023-03-11;0;0;4;1;0;3;2;0;0;6127326;6816270;10674437;331389;6162262;11787425;436755;0;6371
FR;2;2023-03-12;0;0;0;0;0;0;0;0;0;6127326;6816270;10674437;331389;6162262;11787425;436755;0;6371
FR;2;2023-03-13;0;0;1;3;0;1;3;0;0;6127326;6816270;10674438;331392;6162262;11787426;436758;0;6371
FR;2;2023-03-14;1;0;0;0;0;0;0;0;0;6127327;6816270;10674438;331392;6162262;11787426;436758;0;6371
FR;2;2023-03-15;0;2;0;3;2;0;3;0;0;6127327;6816272;10674438;331395;6162264;11787426;436761;0;6371
FR;2;2023-03-16;0;2;0;0;1;1;1;0;0;6127327;6816274;10674438;331395;6162265;11787427;436762;0;6371
FR;2;2023-03-17;0;0;1;1;0;1;0;0;0;6127327;6816274;10674439;331396;6162265;11787428;436762;0;6371
FR;2;2023-03-18;0;0;7;0;0;7;0;0;1;6127327;6816274;10674446;331396;6162265;11787435;436762;0;6372
FR;2;2023-03-19;0;0;0;0;0;0;0;0;0;6127327;6816274;10674446;331396;6162265;11787435;436762;0;6372
FR;2;2023-03-20;0;0;1;0;0;1;0;0;0;6127327;6816274;10674447;331396;6162265;11787436;436762;0;6372
FR;2;2023-03-21;0;0;1;2;0;1;2;0;1;6127327;6816274;10674448;331398;6162265;11787437;436764;0;6373
FR;2;2023-03-22;0;0;0;0;0;0;0;0;1;6127327;6816274;10674448;331398;6162265;11787437;436764;0;6374
FR;2;2023-03-23;0;1;0;0;1;0;0;0;1;6127327;6816275;10674448;331398;6162266;11787437;436764;0;6375
FR;2;2023-03-24;0;1;0;2;1;0;2;0;2;6127327;6816276;10674448;331400;6162267;11787437;436766;0;6377
FR;2;2023-03-25;0;0;1;2;0;1;2;0;0;6127327;6816276;10674449;331402;6162267;11787438;436768;0;6377
FR;2;2023-03-26;0;2;1;0;2;1;0;0;0;6127327;6816278;10674450;331402;6162269;11787439;436768;0;6377
FR;2;2023-03-27;0;2;2;0;2;2;0;0;1;6127327;6816280;10674452;331402;6162271;11787441;436768;0;6378
FR;2;2023-03-28;0;0;0;0;0;0;0;0;1;6127327;6816280;10674452;331402;6162271;11787441;436768;0;6379
FR;2;2023-03-29;0;0;0;2;0;0;2;0;0;6127327;6816280;10674452;331404;6162271;11787441;436770;0;6379
FR;2;2023-03-30;0;0;0;0;0;0;0;0;0;6127327;6816280;10674452;331404;6162271;11787441;436770;0;6379
FR;2;2023-03-31;0;1;0;1;1;0;1;0;0;6127327;6816281;10674452;331405;6162272;11787441;436771;0;6379
FR;2;2023-04-01;0;0;1;0;0;0;1;0;0;6127327;6816281;10674453;331405;6162272;11787441;436772;0;6379
FR;2;2023-04-02;0;0;0;0;0;0;0;0;0;6127327;6816281;10674453;331405;6162272;11787441;436772;0;6379
FR;2;2023-04-03;0;1;2;2;1;2;2;0;1;6127327;6816282;10674455;331407;6162273;11787443;436774;0;6380
FR;2;2023-04-04;0;0;0;2;0;0;2;0;0;6127327;6816282;10674455;331409;6162273;11787443;436776;0;6380
FR;2;2023-04-05;0;0;1;0;0;1;0;0;0;6127327;6816282;10674456;331409;6162273;11787444;436776;0;6380
FR;2;2023-04-06;0;1;0;0;1;0;0;0;0;6127327;6816283;10674456;331409;6162274;11787444;436776;0;6380
FR;2;2023-04-07;0;0;0;1;0;0;1;0;0;6127327;6816283;10674456;331410;6162274;11787444;436777;0;6380
FR;2;2023-04-08;0;0;0;0;0;0;0;0;0;6127327;6816283;10674456;331410;6162274;11787444;436777;0;6380
FR;2;2023-04-09;0;0;1;0;0;1;0;0;0;6127327;6816283;10674457;331410;6162274;11787445;436777;0;6380
FR;2;2023-04-10;0;2;0;0;1;1;0;0;0;6127327;6816285;10674457;331410;6162275;11787446;436777;0;6380
FR;2;2023-04-11;0;0;0;0;0;0;0;0;1;6127327;6816285;10674457;331410;6162275;11787446;436777;0;6381
FR;2;2023-04-12;0;0;0;0;0;0;0;0;0;6127327;6816285;10674457;331410;6162275;11787446;436777;0;6381
FR;2;2023-04-13;0;0;2;1;0;2;0;0;0;6127327;6816285;10674459;331411;6162275;11787448;436777;0;6381
FR;2;2023-04-14;0;1;0;1;1;0;1;0;0;6127327;6816286;10674459;331412;6162276;11787448;436778;0;6381
FR;2;2023-04-15;0;0;0;0;0;0;0;0;0;6127327;6816286;10674459;331412;6162276;11787448;436778;0;6381
FR;2;2023-04-16;0;0;0;0;0;0;0;0;0;6127327;6816286;10674459;331412;6162276;11787448;436778;0;6381
FR;2;2023-04-17;1;1;0;0;2;0;0;0;0;6127328;6816287;10674459;331412;6162278;11787448;436778;0;6381
FR;2;2023-04-18;0;0;1;2;0;1;2;0;0;6127328;6816287;10674460;331414;6162278;11787449;436780;0;6381
FR;2;2023-04-19;0;0;0;0;0;0;2;0;0;6127328;6816287;10674460;331414;6162278;11787449;436782;0;6381
FR;2;2023-04-20;0;0;1;1;0;1;1;0;0;6127328;6816287;10674461;331415;6162278;11787450;436783;0;6381
FR;2;2023-04-21;0;0;1;0;0;1;0;0;0;6127328;6816287;10674462;331415;6162278;11787451;436783;0;6381
FR;2;2023-04-22;0;0;2;2;0;1;1;0;2;6127328;6816287;10674464;331417;6162278;11787452;436784;0;6383
FR;2;2023-04-23;0;0;0;0;0;0;0;0;0;6127328;6816287;10674464;331417;6162278;11787452;436784;0;6383
FR;2;2023-04-24;0;0;1;0;0;0;1;0;0;6127328;6816287;10674465;331417;6162278;11787452;436785;0;6383
FR;2;2023-04-25;0;0;0;0;0;0;0;0;0;6127328;6816287;10674465;331417;6162278;11787452;436785;0;6383
FR;2;2023-04-26;0;1;0;0;0;1;0;0;0;6127328;6816288;10674465;331417;6162278;11787453;436785;0;6383
FR;2;2023-04-27;0;0;0;0;0;0;0;0;1;6127328;6816288;10674465;331417;6162278;11787453;436785;0;6384
FR;2;2023-04-28;0;0;0;0;0;0;0;0;2;6127328;6816288;10674465;331417;6162278;11787453;436785;0;6386
FR;2;2023-04-29;0;0;0;1;0;0;1;0;0;6127328;6816288;10674465;331418;6162278;11787453;436786;0;6386
FR;2;2023-04-30;0;0;0;0;0;0;0;0;0;6127328;6816288;10674465;331418;6162278;11787453;436786;0;6386
FR;2;2023-05-01;0;1;0;0;1;0;0;0;0;6127328;6816289;10674465;331418;6162279;11787453;436786;0;6386
FR;2;2023-05-02;0;0;4;1;0;4;1;0;2;6127328;6816289;10674469;331419;6162279;11787457;436787;0;6388
FR;2;2023-05-03;0;1;0;0;0;1;0;0;0;6127328;6816290;10674469;331419;6162279;11787458;436787;0;6388
FR;2;2023-05-04;0;0;0;1;0;0;1;0;0;6127328;6816290;10674469;331420;6162279;11787458;436788;0;6388
FR;2;2023-05-05;0;1;1;1;1;1;1;0;0;6127328;6816291;10674470;331421;6162280;11787459;436789;0;6388
FR;2;2023-05-06;0;0;0;0;0;0;0;0;0;6127328;6816291;10674470;331421;6162280;11787459;436789;0;6388
FR;2;2023-05-07;0;0;0;0;0;0;0;0;0;6127328;6816291;10674470;331421;6162280;11787459;436789;0;6388
FR;2;2023-05-08;0;0;0;0;0;0;0;0;0;6127328;6816291;10674470;331421;6162280;11787459;436789;0;6388
FR;2;2023-05-09;0;1;0;0;0;1;0;0;0;6127328;6816292;10674470;331421;6162280;11787460;436789;0;6388
FR;2;2023-05-10;0;0;0;0;0;0;0;0;2;6127328;6816292;10674470;331421;6162280;11787460;436789;0;6390
FR;2;2023-05-11;0;0;0;0;0;0;0;0;1;6127328;6816292;10674470;331421;6162280;11787460;436789;0;6391
FR;2;2023-05-12;0;0;0;0;0;0;0;0;0;6127328;6816292;10674470;331421;6162280;11787460;436789;0;6391
FR;2;2023-05-13;0;1;0;0;0;1;0;0;0;6127328;6816293;10674470;331421;6162280;11787461;436789;0;6391
FR;2;2023-05-14;0;0;0;0;0;0;0;0;0;6127328;6816293;10674470;331421;6162280;11787461;436789;0;6391
FR;2;2023-05-15;0;0;1;0;0;1;0;0;0;6127328;6816293;10674471;331421;6162280;11787462;436789;0;6391
FR;2;2023-05-16;0;0;0;0;0;0;0;0;0;6127328;6816293;10674471;331421;6162280;11787462;436789;0;6391
FR;2;2023-05-17;0;0;0;0;0;0;0;0;0;6127328;6816293;10674471;331421;6162280;11787462;436789;0;6391
FR;2;2023-05-18;0;0;0;1;0;0;1;0;0;6127328;6816293;10674471;331422;6162280;11787462;436790;0;6391
FR;2;2023-05-19;0;0;0;0;0;0;0;0;0;6127328;6816293;10674471;331422;6162280;11787462;436790;0;6391
FR;2;2023-05-20;0;0;2;0;0;2;0;0;0;6127328;6816293;10674473;331422;6162280;11787464;436790;0;6391
FR;2;2023-05-21;0;0;0;0;0;0;0;0;0;6127328;6816293;10674473;331422;6162280;11787464;436790;0;6391
FR;2;2023-05-22;0;0;0;1;0;0;1;0;0;6127328;6816293;10674473;331423;6162280;11787464;436791;0;6391
FR;2;2023-05-23;0;0;0;0;0;0;0;0;1;6127328;6816293;10674473;331423;6162280;11787464;436791;0;6392
FR;2;2023-05-24;0;0;0;0;0;0;0;0;0;6127328;6816293;10674473;331423;6162280;11787464;436791;0;6392
FR;2;2023-05-25;0;0;0;0;0;0;1;0;0;6127328;6816293;10674473;331423;6162280;11787464;436792;0;6392
FR;2;2023-05-26;0;1;0;1;1;0;1;0;1;6127328;6816294;10674473;331424;6162281;11787464;436793;0;6393
FR;2;2023-05-27;0;0;2;0;0;2;0;0;0;6127328;6816294;10674475;331424;6162281;11787466;436793;0;6393
FR;2;2023-05-28;0;0;0;0;0;0;0;0;0;6127328;6816294;10674475;331424;6162281;11787466;436793;0;6393
FR;2;2023-05-29;0;0;0;0;0;0;0;0;0;6127328;6816294;10674475;331424;6162281;11787466;436793;0;6393
FR;2;2023-05-30;0;0;0;0;0;0;0;0;0;6127328;6816294;10674475;331424;6162281;11787466;436793;0;6393
FR;2;2023-05-31;0;0;0;0;0;0;0;0;0;6127328;6816294;10674475;331424;6162281;11787466;436793;0;6393
FR;2;2023-06-01;0;0;1;0;0;0;1;0;0;6127328;6816294;10674476;331424;6162281;11787466;436794;0;6393
FR;2;2023-06-02;0;0;0;0;0;0;2;0;0;6127328;6816294;10674476;331424;6162281;11787466;436796;0;6393
FR;2;2023-06-03;0;0;1;0;0;0;1;0;0;6127328;6816294;10674477;331424;6162281;11787466;436797;0;6393
FR;2;2023-06-04;0;0;0;0;0;0;0;0;0;6127328;6816294;10674477;331424;6162281;11787466;436797;0;6393
FR;2;2023-06-05;0;0;0;0;0;0;0;0;0;6127328;6816294;10674477;331424;6162281;11787466;436797;0;6393
FR;2;2023-06-06;0;0;1;0;0;0;0;0;0;6127328;6816294;10674478;331424;6162281;11787466;436797;0;6393
FR;2;2023-06-07;0;0;0;0;0;0;0;0;0;6127328;6816294;10674478;331424;6162281;11787466;436797;0;6393
FR;2;2023-06-08;0;0;0;0;0;0;0;0;0;6127328;6816294;10674478;331424;6162281;11787466;436797;0;6393
FR;2;2023-06-09;0;0;0;0;0;0;0;0;0;6127328;6816294;10674478;331424;6162281;11787466;436797;0;6393
FR;2;2023-06-10;0;0;0;0;0;0;0;0;0;6127328;6816294;10674478;331424;6162281;11787466;436797;0;6393
FR;2;2023-06-11;0;0;0;0;0;0;0;0;0;6127328;6816294;10674478;331424;6162281;11787466;436797;0;6393
FR;2;2023-06-12;0;0;1;0;0;1;0;0;0;6127328;6816294;10674479;331424;6162281;11787467;436797;0;6393
FR;2;2023-06-13;0;0;0;0;0;0;0;0;0;6127328;6816294;10674479;331424;6162281;11787467;436797;0;6393
FR;2;2023-06-14;0;0;0;0;0;0;0;0;0;6127328;6816294;10674479;331424;6162281;11787467;436797;0;6393
FR;2;2023-06-15;0;0;0;0;0;1;0;0;1;6127328;6816294;10674479;331424;6162281;11787468;436797;0;6394
FR;2;2023-06-16;0;0;0;0;0;0;0;0;0;6127328;6816294;10674479;331424;6162281;11787468;436797;0;6394
FR;2;2023-06-17;0;0;0;0;0;0;0;0;0;6127328;6816294;10674479;331424;6162281;11787468;436797;0;6394
FR;2;2023-06-18;0;0;0;0;0;0;0;0;0;6127328;6816294;10674479;331424;6162281;11787468;436797;0;6394
FR;2;2023-06-19;0;0;0;0;0;0;0;0;0;6127328;6816294;10674479;331424;6162281;11787468;436797;0;6394
FR;2;2023-06-20;0;0;0;0;0;0;0;0;0;6127328;6816294;10674479;331424;6162281;11787468;436797;0;6394
FR;2;2023-06-21;0;0;0;0;0;0;0;0;0;6127328;6816294;10674479;331424;6162281;11787468;436797;0;6394
FR;2;2023-06-22;0;0;0;0;0;0;1;0;1;6127328;6816294;10674479;331424;6162281;11787468;436798;0;6395
FR;2;2023-06-23;0;0;0;0;0;0;0;0;1;6127328;6816294;10674479;331424;6162281;11787468;436798;0;6396
FR;2;2023-06-24;0;0;0;1;0;0;1;0;1;6127328;6816294;10674479;331425;6162281;11787468;436799;0;6397
FR;2;2023-06-25;0;0;0;0;0;0;0;0;0;6127328;6816294;10674479;331425;6162281;11787468;436799;0;6397
FR;2;2023-06-26;0;0;0;0;0;0;0;0;0;6127328;6816294;10674479;331425;6162281;11787468;436799;0;6397
FR;3;2020-12-27;0;0;0;0;0;0;0;0;0;0;0;0;0;0;0;0;0;0
FR;3;2020-12-28;0;0;0;0;0;0;0;0;0;0;0;0;0;0;0;0;0;0
FR;3;2020-12-29;0;0;0;0;0;0;0;0;0;0;0;0;0;0;0;0;0;0
FR;3;2020-12-30;0;0;0;0;0;0;0;0;0;0;0;0;0;0;0;0;0;0
FR;3;2020-12-31;0;0;0;0;0;0;0;0;0;0;0;0;0;0;0;0;0;0
FR;3;2021-01-01;0;0;0;0;0;0;0;0;0;0;0;0;0;0;0;0;0;0
FR;3;2021-01-02;0;0;0;0;0;0;0;0;0;0;0;0;0;0;0;0;0;0
FR;3;2021-01-03;0;0;0;0;0;0;0;0;0;0;0;0;0;0;0;0;0;0
FR;3;2021-01-04;0;0;0;0;0;0;0;0;0;0;0;0;0;0;0;0;0;0
FR;3;2021-01-05;0;0;0;0;0;0;0;0;0;0;0;0;0;0;0;0;0;0
FR;3;2021-01-06;0;0;0;0;0;0;0;0;0;0;0;0;0;0;0;0;0;0
FR;3;2021-01-07;0;0;0;0;0;0;0;0;0;0;0;0;0;0;0;0;0;0
FR;3;2021-01-08;0;0;0;0;0;0;0;0;0;0;0;0;0;0;0;0;0;0
FR;3;2021-01-09;0;0;0;0;0;0;0;0;0;0;0;0;0;0;0;0;0;0
FR;3;2021-01-10;0;0;0;0;0;0;0;0;0;0;0;0;0;0;0;0;0;0
FR;3;2021-01-11;0;0;0;0;0;0;0;0;0;0;0;0;0;0;0;0;0;0
FR;3;2021-01-12;0;0;0;0;0;0;0;0;0;0;0;0;0;0;0;0;0;0
FR;3;2021-01-13;0;0;0;0;0;0;0;0;0;0;0;0;0;0;0;0;0;0
FR;3;2021-01-14;0;0;0;0;0;0;0;0;0;0;0;0;0;0;0;0;0;0
FR;3;2021-01-15;0;0;0;0;0;0;0;0;0;0;0;0;0;0;0;0;0;0
FR;3;2021-01-16;0;0;0;0;0;0;0;0;0;0;0;0;0;0;0;0;0;0
FR;3;2021-01-17;0;0;0;0;0;0;0;0;0;0;0;0;0;0;0;0;0;0
FR;3;2021-01-18;0;0;0;0;0;0;0;0;0;0;0;0;0;0;0;0;0;0
FR;3;2021-01-19;0;0;0;0;0;0;0;0;0;0;0;0;0;0;0;0;0;0
FR;3;2021-01-20;0;0;0;0;0;0;0;0;0;0;0;0;0;0;0;0;0;0
FR;3;2021-01-21;0;0;0;0;0;0;0;0;0;0;0;0;0;0;0;0;0;0
FR;3;2021-01-22;0;0;0;0;0;0;0;0;0;0;0;0;0;0;0;0;0;0
FR;3;2021-01-23;0;0;0;0;0;0;0;0;0;0;0;0;0;0;0;0;0;0
FR;3;2021-01-24;0;0;0;0;0;0;0;0;0;0;0;0;0;0;0;0;0;0
FR;3;2021-01-25;0;0;0;0;0;0;0;0;0;0;0;0;0;0;0;0;0;0
FR;3;2021-01-26;0;0;0;0;0;0;0;0;0;0;0;0;0;0;0;0;0;0
FR;3;2021-01-27;0;0;0;0;0;0;0;0;0;0;0;0;0;0;0;0;0;0
FR;3;2021-01-28;0;0;0;0;0;0;0;0;0;0;0;0;0;0;0;0;0;0
FR;3;2021-01-29;0;0;0;0;0;0;0;0;0;0;0;0;0;0;0;0;0;0
FR;3;2021-01-30;0;0;0;0;0;0;0;0;0;0;0;0;0;0;0;0;0;0
FR;3;2021-01-31;0;0;0;0;0;0;0;0;0;0;0;0;0;0;0;0;0;0
FR;3;2021-02-01;0;0;0;0;0;0;0;0;0;0;0;0;0;0;0;0;0;0
FR;3;2021-02-02;0;0;0;0;0;0;0;0;0;0;0;0;0;0;0;0;0;0
FR;3;2021-02-03;0;0;0;0;0;0;0;0;0;0;0;0;0;0;0;0;0;0
FR;3;2021-02-04;0;0;0;0;0;0;0;0;0;0;0;0;0;0;0;0;0;0
FR;3;2021-02-05;0;0;0;0;0;0;0;0;0;0;0;0;0;0;0;0;0;0
FR;3;2021-02-06;1473;0;0;0;105;0;0;0;0;1473;0;0;0;105;0;0;0;0
FR;3;2021-02-07;1423;2;0;0;87;0;0;0;0;2896;2;0;0;192;0;0;0;0
FR;3;2021-02-08;2790;1;0;0;177;0;0;0;0;5686;3;0;0;369;0;0;0;0
FR;3;2021-02-09;6786;0;0;0;502;0;0;0;0;12472;3;0;0;871;0;0;0;0
FR;3;2021-02-10;9612;0;0;0;695;0;0;0;0;22084;3;0;0;1566;0;0;0;0
FR;3;2021-02-11;13620;4;0;0;919;0;0;0;0;35704;7;0;0;2485;0;0;0;0
FR;3;2021-02-12;13410;0;0;0;907;0;0;0;0;49114;7;0;0;3392;0;0;0;0
FR;3;2021-02-13;3800;1;0;0;218;0;0;0;0;52914;8;0;0;3610;0;0;0;0
FR;3;2021-02-14;975;1;0;0;53;0;0;0;0;53889;9;0;0;3663;0;0;0;0
FR;3;2021-02-15;10497;2;0;0;719;0;0;0;0;64386;11;0;0;4382;0;0;0;0
FR;3;2021-02-16;12556;5;0;0;871;0;0;0;0;76942;16;0;0;5253;0;0;0;0
FR;3;2021-02-17;11159;1;0;0;717;0;0;0;0;88101;17;0;0;5970;0;0;0;0
FR;3;2021-02-18;14943;2;0;0;985;0;0;0;0;103044;19;0;0;6955;0;0;0;0
FR;3;2021-02-19;14364;1;0;0;846;0;0;0;0;117408;20;0;0;7801;0;0;0;0
FR;3;2021-02-20;3332;0;0;0;178;0;0;0;0;120740;20;0;0;7979;0;0;0;0
FR;3;2021-02-21;620;0;0;0;35;0;0;0;0;121360;20;0;0;8014;0;0;0;0
FR;3;2021-02-22;9171;1;0;0;654;0;0;0;0;130531;21;0;0;8668;0;0;0;0
FR;3;2021-02-23;11406;6;0;0;761;0;0;0;0;141937;27;0;0;9429;0;0;0;0
FR;3;2021-02-24;14305;1;0;0;829;0;0;0;0;156242;28;0;0;10258;0;0;0;0
FR;3;2021-02-25;44935;3;0;0;1814;0;0;0;0;201177;31;0;0;12072;0;0;0;0
FR;3;2021-02-26;61889;13;0;0;2201;0;0;0;0;263066;44;0;0;14273;0;0;0;0
FR;3;2021-02-27;34811;14;0;0;1028;0;0;0;0;297877;58;0;0;15301;0;0;0;0
FR;3;2021-02-28;2464;0;0;0;114;0;0;0;0;300341;58;0;0;15415;0;0;0;0
FR;3;2021-03-01;20521;21;0;0;1067;0;0;0;0;320862;79;0;0;16482;0;0;0;0
FR;3;2021-03-02;38878;25;0;0;1790;0;0;0;0;359740;104;0;0;18272;0;0;0;0
FR;3;2021-03-03;48750;18;0;0;2130;0;0;0;0;408490;122;0;0;20402;0;0;0;0
FR;3;2021-03-04;82229;25;0;0;3194;0;0;0;0;490719;147;0;0;23596;0;0;0;0
FR;3;2021-03-05;118138;43;0;0;4693;0;0;0;0;608857;190;0;0;28289;0;0;0;0
FR;3;2021-03-06;120727;65;1;0;3559;0;0;0;0;729584;255;1;0;31848;0;0;0;0
FR;3;2021-03-07;55186;23;0;0;1729;0;0;0;0;784770;278;1;0;33577;0;0;0;0
FR;3;2021-03-08;42814;29;0;0;2074;0;0;0;0;827584;307;1;0;35651;0;0;0;0
FR;3;2021-03-09;78979;51;0;0;3288;0;0;0;0;906563;358;1;0;38939;0;0;0;0
FR;3;2021-03-10;80985;67;0;0;3243;0;0;0;0;987548;425;1;0;42182;0;0;0;0
FR;3;2021-03-11;128447;66;0;0;4766;0;0;0;0;1115995;491;1;0;46948;0;0;0;0
FR;3;2021-03-12;182718;122;0;0;6279;0;0;0;0;1298713;613;1;0;53227;0;0;0;0
FR;3;2021-03-13;132160;91;0;0;3530;0;0;0;0;1430873;704;1;0;56757;0;0;0;0
FR;3;2021-03-14;14061;6;0;0;550;0;0;0;0;1444934;710;1;0;57307;0;0;0;0
FR;3;2021-03-15;52243;82;0;0;2097;0;0;0;0;1497177;792;1;0;59404;0;0;0;0
FR;3;2021-03-16;1221;51;0;0;105;0;0;0;0;1498398;843;1;0;59509;0;0;0;0
FR;3;2021-03-17;950;56;0;0;95;0;0;0;0;1499348;899;1;0;59604;0;0;0;0
FR;3;2021-03-18;1577;42;0;0;102;0;0;0;0;1500925;941;1;0;59706;0;0;0;0
FR;3;2021-03-19;70458;56;0;0;2060;0;0;0;0;1571383;997;1;0;61766;0;0;0;0
FR;3;2021-03-20;65242;51;0;0;1702;0;0;0;0;1636625;1048;1;0;63468;0;0;0;0
FR;3;2021-03-21;5761;8;0;0;199;0;0;0;0;1642386;1056;1;0;63667;0;0;0;0
FR;3;2021-03-22;37511;50;0;0;1053;0;0;0;0;1679897;1106;1;0;64720;0;0;0;0
FR;3;2021-03-23;84670;87;0;0;2288;0;0;0;0;1764567;1193;1;0;67008;0;0;0;0
FR;3;2021-03-24;90956;99;0;0;2491;0;0;0;0;1855523;1292;1;0;69499;0;0;0;0
FR;3;2021-03-25;150068;149;0;0;3792;0;0;0;0;2005591;1441;1;0;73291;0;0;0;0
FR;3;2021-03-26;165432;157;0;0;4148;0;0;0;0;2171023;1598;1;0;77439;0;0;0;0
FR;3;2021-03-27;68465;101;0;0;2004;0;0;0;0;2239488;1699;1;0;79443;0;0;0;0
FR;3;2021-03-28;6481;20;0;0;238;0;0;0;0;2245969;1719;1;0;79681;0;0;0;0
FR;3;2021-03-29;54171;83;0;0;1480;0;0;0;0;2300140;1802;1;0;81161;0;0;0;0
FR;3;2021-03-30;93185;103;0;0;2564;0;0;0;0;2393325;1905;1;0;83725;0;0;0;0
FR;3;2021-03-31;63547;110;0;0;1964;0;0;0;0;2456872;2015;1;0;85689;0;0;0;0
FR;3;2021-04-01;86136;116;0;0;2496;0;0;0;0;2543008;2131;1;0;88185;0;0;0;0
FR;3;2021-04-02;86916;186;0;0;2766;0;0;0;0;2629924;2317;1;0;90951;0;0;0;0
FR;3;2021-04-03;35876;133;0;0;1164;0;0;0;0;2665800;2450;1;0;92115;0;0;0;0
FR;3;2021-04-04;3577;19;0;0;164;0;0;0;0;2669377;2469;1;0;92279;0;0;0;0
FR;3;2021-04-05;4492;40;0;0;236;0;0;0;0;2673869;2509;1;0;92515;0;0;0;0
FR;3;2021-04-06;29763;105;0;0;1091;0;0;0;0;2703632;2614;1;0;93606;0;0;0;0
FR;3;2021-04-07;32350;113;0;0;1052;0;0;0;0;2735982;2727;1;0;94658;0;0;0;0
FR;3;2021-04-08;78825;274;0;0;2619;0;0;0;0;2814807;3001;1;0;97277;0;0;0;0
FR;3;2021-04-09;161764;454;0;0;5180;0;0;0;0;2976571;3455;1;0;102457;0;0;0;0
FR;3;2021-04-10;75765;365;0;0;2697;0;0;0;0;3052336;3820;1;0;105154;0;0;0;0
FR;3;2021-04-11;7316;47;0;0;306;0;0;0;0;3059652;3867;1;0;105460;0;0;0;0
FR;3;2021-04-12;51484;219;0;0;1738;0;0;0;0;3111136;4086;1;0;107198;0;0;0;0
FR;3;2021-04-13;86236;364;0;0;2911;0;0;0;0;3197372;4450;1;0;110109;0;0;0;0
FR;3;2021-04-14;67847;377;0;0;2429;0;0;0;0;3265219;4827;1;0;112538;0;0;0;0
FR;3;2021-04-15;93246;404;0;0;3442;0;0;0;0;3358465;5231;1;0;115980;0;0;0;0
FR;3;2021-04-16;112532;628;0;0;4343;0;0;0;0;3470997;5859;1;0;120323;0;0;0;0
FR;3;2021-04-17;53319;371;1;0;2277;0;0;0;0;3524316;6230;2;0;122600;0;0;0;0
FR;3;2021-04-18;9752;49;0;0;423;0;0;0;0;3534068;6279;2;0;123023;0;0;0;0
FR;3;2021-04-19;25117;287;0;0;1093;0;0;0;0;3559185;6566;2;0;124116;0;0;0;0
FR;3;2021-04-20;45676;438;0;0;1908;0;0;0;0;3604861;7004;2;0;126024;0;0;0;0
FR;3;2021-04-21;38988;553;0;0;1897;0;0;0;0;3643849;7557;2;0;127921;0;0;0;0
FR;3;2021-04-22;54723;875;0;0;2827;0;0;0;0;3698572;8432;2;0;130748;0;0;0;0
FR;3;2021-04-23;70493;1095;0;0;3697;0;0;0;0;3769065;9527;2;0;134445;0;0;0;0
FR;3;2021-04-24;37253;1101;0;0;2490;0;0;0;0;3806318;10628;2;0;136935;0;0;0;0
FR;3;2021-04-25;6213;158;0;0;446;0;0;0;0;3812531;10786;2;0;137381;0;0;0;0
FR;3;2021-04-26;19792;701;0;0;1436;0;0;0;0;3832323;11487;2;0;138817;0;0;0;0
FR;3;2021-04-27;34486;1336;0;0;2594;0;0;0;0;3866809;12823;2;0;141411;0;0;0;0
FR;3;2021-04-28;28971;2047;0;0;3164;0;0;0;0;3895780;14870;2;0;144575;0;0;0;0
FR;3;2021-04-29;45394;6127;0;0;7946;0;0;0;0;3941174;20997;2;0;152521;0;0;0;0
FR;3;2021-04-30;55465;9118;1;0;11513;0;0;0;0;3996639;30115;3;0;164034;0;0;0;0
FR;3;2021-05-01;9518;2064;0;0;2495;0;0;0;0;4006157;32179;3;0;166529;0;0;0;0
FR;3;2021-05-02;3081;466;0;0;611;0;0;0;0;4009238;32645;3;0;167140;0;0;0;0
FR;3;2021-05-03;13067;3940;0;0;4507;0;0;0;0;4022305;36585;3;0;171647;0;0;0;0
FR;3;2021-05-04;23123;8375;0;0;9442;0;0;0;0;4045428;44960;3;0;181089;0;0;0;0
FR;3;2021-05-05;18768;10833;0;0;11771;0;0;0;0;4064196;55793;3;0;192860;0;0;0;0
FR;3;2021-05-06;34632;21265;0;0;22815;0;0;0;0;4098828;77058;3;0;215675;0;0;0;0
FR;3;2021-05-07;44211;28903;0;0;31206;0;0;0;0;4143039;105961;3;0;246881;0;0;0;0
FR;3;2021-05-08;6786;9190;0;0;9556;0;0;0;0;4149825;115151;3;0;256437;0;0;0;0
FR;3;2021-05-09;1797;2667;0;0;2768;0;0;0;0;4151622;117818;3;0;259205;0;0;0;0
FR;3;2021-05-10;15001;12917;0;0;13610;0;0;0;0;4166623;130735;3;0;272815;0;0;0;0
FR;3;2021-05-11;27100;26272;0;0;27545;0;0;0;0;4193723;157007;3;0;300360;0;0;0;0
FR;3;2021-05-12;17273;28147;0;0;29085;0;0;0;0;4210996;185154;3;0;329445;0;0;0;0
FR;3;2021-05-13;2285;3511;0;0;3632;0;0;0;0;4213281;188665;3;0;333077;0;0;0;0
FR;3;2021-05-14;14521;26084;0;0;26865;0;0;0;0;4227802;214749;3;0;359942;0;0;0;0
FR;3;2021-05-15;7233;21086;0;0;21516;0;0;0;0;4235035;235835;3;0;381458;0;0;0;0
FR;3;2021-05-16;977;2649;0;0;2695;0;0;0;0;4236012;238484;3;0;384153;0;0;0;0
FR;3;2021-05-17;7967;20224;0;0;20668;0;0;0;0;4243979;258708;3;0;404821;0;0;0;0
FR;3;2021-05-18;13418;30158;0;0;30921;0;0;0;0;4257397;288866;3;0;435742;0;0;0;0
FR;3;2021-05-19;9277;30526;0;0;31120;0;0;0;0;4266674;319392;3;0;466862;0;0;0;0
FR;3;2021-05-20;12809;53833;3;0;54759;0;0;0;0;4279483;373225;6;0;521621;0;0;0;0
FR;3;2021-05-21;12771;66186;2;0;67117;0;0;0;0;4292254;439411;8;0;588738;0;0;0;0
FR;3;2021-05-22;4967;33781;1;0;34164;0;0;0;0;4297221;473192;9;0;622902;0;0;0;0
FR;3;2021-05-23;651;2663;0;0;2695;0;0;0;0;4297872;475855;9;0;625597;0;0;0;0
FR;3;2021-05-24;885;4784;0;0;4828;0;0;0;0;4298757;480639;9;0;630425;0;0;0;0
FR;3;2021-05-25;5316;46737;1;0;47145;0;0;0;0;4304073;527376;10;0;677570;0;0;0;0
FR;3;2021-05-26;4982;52193;1;0;52667;0;0;0;0;4309055;579569;11;0;730237;0;0;0;0
FR;3;2021-05-27;6338;79067;3;0;79679;0;0;0;0;4315393;658636;14;0;809916;0;0;0;0
FR;3;2021-05-28;7546;100338;2;0;101144;0;0;0;0;4322939;758974;16;0;911060;0;0;0;0
FR;3;2021-05-29;3350;61184;1;0;61566;0;0;0;0;4326289;820158;17;0;972626;0;0;0;0
FR;3;2021-05-30;551;8078;0;0;8127;0;0;0;0;4326840;828236;17;0;980753;0;0;0;0
FR;3;2021-05-31;2442;35483;3;0;35749;0;0;0;0;4329282;863719;20;0;1016502;0;0;0;0
FR;3;2021-06-01;3418;64904;10;0;65356;0;0;0;0;4332700;928623;30;0;1081858;0;0;0;0
FR;3;2021-06-02;2735;58932;6;0;59267;0;0;0;0;4335435;987555;36;0;1141125;0;0;0;0
FR;3;2021-06-03;3496;87205;10;0;87744;0;0;0;0;4338931;1074760;46;0;1228869;0;0;0;0
FR;3;2021-06-04;4125;105866;22;0;106532;0;0;0;0;4343056;1180626;68;0;1335401;0;0;0;0
FR;3;2021-06-05;1983;52608;4;0;52926;0;0;0;0;4345039;1233234;72;0;1388327;0;0;0;0
FR;3;2021-06-06;511;5269;1;0;5317;0;0;0;0;4345550;1238503;73;0;1393644;0;0;0;0
FR;3;2021-06-07;1488;30715;11;0;30896;0;0;0;0;4347038;1269218;84;0;1424540;0;0;0;0
FR;3;2021-06-08;2066;47426;18;0;47773;0;0;0;0;4349104;1316644;102;0;1472313;0;0;0;0
FR;3;2021-06-09;1796;41806;13;0;42111;0;0;0;0;4350900;1358450;115;0;1514424;0;0;0;0
FR;3;2021-06-10;2261;67663;17;0;68061;0;0;0;0;4353161;1426113;132;0;1582485;0;0;0;0
FR;3;2021-06-11;2494;96639;34;0;97115;0;0;0;0;4355655;1522752;166;0;1679600;0;0;0;0
FR;3;2021-06-12;1179;40558;6;0;40790;0;0;0;0;4356834;1563310;172;0;1720390;0;0;0;0
FR;3;2021-06-13;283;3606;3;0;3641;0;0;0;0;4357117;1566916;175;0;1724031;0;0;0;0
FR;3;2021-06-14;1051;42316;17;0;42486;0;0;0;0;4358168;1609232;192;0;1766517;0;0;0;0
FR;3;2021-06-15;1379;80353;20;0;80658;0;0;0;0;4359547;1689585;212;0;1847175;0;0;0;0
FR;3;2021-06-16;1263;65504;20;0;65777;0;0;0;0;4360810;1755089;232;0;1912952;0;0;0;0
FR;3;2021-06-17;1667;102294;41;0;102680;0;0;0;0;4362477;1857383;273;0;2015632;0;0;0;0
FR;3;2021-06-18;1873;118470;63;0;118940;0;0;0;0;4364350;1975853;336;0;2134572;0;0;0;0
FR;3;2021-06-19;804;39455;22;0;39650;0;0;0;0;4365154;2015308;358;0;2174222;0;0;0;0
FR;3;2021-06-20;162;3194;0;0;3223;0;0;0;0;4365316;2018502;358;0;2177445;0;0;0;0
FR;3;2021-06-21;775;39093;16;0;39251;0;0;0;0;4366091;2057595;374;0;2216696;0;0;0;0
FR;3;2021-06-22;1065;70092;52;0;70363;0;0;0;0;4367156;2127687;426;0;2287059;0;0;0;0
FR;3;2021-06-23;946;50833;39;0;51105;0;0;0;0;4368102;2178520;465;0;2338164;0;0;0;0
FR;3;2021-06-24;1314;77304;48;0;77677;0;0;0;0;4369416;2255824;513;0;2415841;0;0;0;0
FR;3;2021-06-25;1410;90856;73;0;91290;0;0;0;0;4370826;2346680;586;0;2507131;0;0;0;0
FR;3;2021-06-26;631;33108;29;0;33300;0;0;0;0;4371457;2379788;615;0;2540431;0;0;0;0
FR;3;2021-06-27;168;3777;1;0;3801;0;0;0;0;4371625;2383565;616;0;2544232;0;0;0;0
FR;3;2021-06-28;655;29926;27;0;30120;0;0;0;0;4372280;2413491;643;0;2574352;0;0;0;0
FR;3;2021-06-29;856;56653;95;0;56897;0;0;0;0;4373136;2470144;738;0;2631249;0;0;0;0
FR;3;2021-06-30;905;45217;93;0;45485;0;0;0;0;4374041;2515361;831;0;2676734;0;0;0;0
FR;3;2021-07-01;1164;66132;108;0;66481;0;0;0;0;4375205;2581493;939;0;2743215;0;0;0;0
FR;3;2021-07-02;1305;90524;170;0;91007;0;0;0;0;4376510;2672017;1109;0;2834222;0;0;0;0
FR;3;2021-07-03;602;31185;51;0;31386;0;0;0;0;4377112;2703202;1160;0;2865608;0;0;0;0
FR;3;2021-07-04;144;3968;3;0;3998;0;0;0;0;4377256;2707170;1163;0;2869606;0;0;0;0
FR;3;2021-07-05;613;33604;60;0;33805;0;0;0;0;4377869;2740774;1223;0;2903411;0;0;0;0
FR;3;2021-07-06;965;55938;88;0;56249;0;0;0;0;4378834;2796712;1311;0;2959660;0;0;0;0
FR;3;2021-07-07;874;42967;80;0;43265;0;0;0;0;4379708;2839679;1391;0;3002925;0;0;0;0
FR;3;2021-07-08;1127;60809;99;0;61219;0;0;0;0;4380835;2900488;1490;0;3064144;0;0;0;0
FR;3;2021-07-09;1261;68942;128;0;69407;0;0;0;0;4382096;2969430;1618;0;3133551;0;0;0;0
FR;3;2021-07-10;644;25018;59;0;25216;0;0;0;0;4382740;2994448;1677;0;3158767;0;0;0;0
FR;3;2021-07-11;132;3173;4;0;3198;0;0;0;0;4382872;2997621;1681;0;3161965;0;0;0;0
FR;3;2021-07-12;662;23600;59;0;23813;0;0;0;0;4383534;3021221;1740;0;3185778;0;0;0;0
FR;3;2021-07-13;1648;34429;90;0;34919;0;0;0;0;4385182;3055650;1830;0;3220697;0;0;0;0
FR;3;2021-07-14;272;2475;2;0;2532;0;0;0;0;4385454;3058125;1832;0;3223229;0;0;0;0
FR;3;2021-07-15;1941;30415;85;0;30990;0;0;0;0;4387395;3088540;1917;0;3254219;0;0;0;0
FR;3;2021-07-16;2520;38620;122;0;39354;0;0;0;0;4389915;3127160;2039;0;3293573;0;0;0;0
FR;3;2021-07-17;1051;13723;26;0;14031;0;0;0;0;4390966;3140883;2065;0;3307604;0;0;0;0
FR;3;2021-07-18;266;2547;3;0;2595;0;0;0;0;4391232;3143430;2068;0;3310199;0;0;0;0
FR;3;2021-07-19;1280;16883;38;0;17251;0;0;0;0;4392512;3160313;2106;0;3327450;0;0;0;0
FR;3;2021-07-20;1823;26931;98;0;27472;0;0;0;0;4394335;3187244;2204;0;3354922;0;0;0;0
FR;3;2021-07-21;1652;19472;44;0;19977;0;0;0;0;4395987;3206716;2248;0;3374899;0;0;0;0
FR;3;2021-07-22;1856;27647;83;0;28212;0;0;0;0;4397843;3234363;2331;0;3403111;0;0;0;0
FR;3;2021-07-23;2217;30212;117;0;30949;0;0;0;0;4400060;3264575;2448;0;3434060;0;0;0;0
FR;3;2021-07-24;828;6926;25;0;7149;0;0;0;0;4400888;3271501;2473;0;3441209;0;0;0;0
FR;3;2021-07-25;210;1287;1;0;1342;0;0;0;0;4401098;3272788;2474;0;3442551;0;0;0;0
FR;3;2021-07-26;933;10509;28;0;10817;0;0;0;0;4402031;3283297;2502;0;3453368;0;0;0;0
FR;3;2021-07-27;1171;16802;56;0;17165;0;0;0;0;4403202;3300099;2558;0;3470533;0;0;0;0
FR;3;2021-07-28;989;11999;40;0;12311;0;0;0;0;4404191;3312098;2598;0;3482844;0;0;0;0
FR;3;2021-07-29;1127;15676;63;0;16089;0;0;0;0;4405318;3327774;2661;0;3498933;0;0;0;0
FR;3;2021-07-30;1130;17992;79;0;18367;0;0;0;0;4406448;3345766;2740;0;3517300;0;0;0;0
FR;3;2021-07-31;407;3710;15;0;3836;0;0;0;0;4406855;3349476;2755;0;3521136;0;0;0;0
FR;3;2021-08-01;117;443;1;0;465;0;0;0;0;4406972;3349919;2756;0;3521601;0;0;0;0
FR;3;2021-08-02;424;5016;22;0;5136;0;0;0;0;4407396;3354935;2778;0;3526737;0;0;0;0
FR;3;2021-08-03;498;7466;27;0;7599;0;0;0;0;4407894;3362401;2805;0;3534336;0;0;0;0
FR;3;2021-08-04;441;4831;26;0;4977;0;0;0;0;4408335;3367232;2831;0;3539313;0;0;0;0
FR;3;2021-08-05;433;3653;13;0;3763;0;0;0;0;4408768;3370885;2844;0;3543076;0;0;0;0
FR;3;2021-08-06;456;4699;30;0;4800;0;0;0;0;4409224;3375584;2874;0;3547876;0;0;0;0
FR;3;2021-08-07;214;1900;11;0;1946;0;0;0;0;4409438;3377484;2885;0;3549822;0;0;0;0
FR;3;2021-08-08;251;424;2;0;457;0;0;0;0;4409689;3377908;2887;0;3550279;0;0;0;0
FR;3;2021-08-09;320;2374;11;0;2444;0;0;0;0;4410009;3380282;2898;0;3552723;0;0;0;0
FR;3;2021-08-10;369;3735;15;0;3823;0;0;0;0;4410378;3384017;2913;0;3556546;0;0;0;0
FR;3;2021-08-11;291;2639;15;0;2699;0;0;0;0;4410669;3386656;2928;0;3559245;0;0;0;0
FR;3;2021-08-12;279;2563;13;0;2651;0;0;0;0;4410948;3389219;2941;0;3561896;0;0;0;0
FR;3;2021-08-13;279;2255;16;0;2341;0;0;0;0;4411227;3391474;2957;0;3564237;0;0;0;0
FR;3;2021-08-14;172;874;1;0;905;0;0;0;0;4411399;3392348;2958;0;3565142;0;0;0;0
FR;3;2021-08-15;56;174;0;0;183;0;0;0;0;4411455;3392522;2958;0;3565325;0;0;0;0
FR;3;2021-08-16;126;1002;8;0;1041;0;0;0;0;4411581;3393524;2966;0;3566366;0;0;0;0
FR;3;2021-08-17;191;1430;8;0;1471;0;0;0;0;4411772;3394954;2974;0;3567837;0;0;0;0
FR;3;2021-08-18;205;1309;10;0;1351;0;0;0;0;4411977;3396263;2984;0;3569188;0;0;0;0
FR;3;2021-08-19;165;1373;10;0;1420;0;0;0;0;4412142;3397636;2994;0;3570608;0;0;0;0
FR;3;2021-08-20;167;1595;16;0;1657;0;0;0;0;4412309;3399231;3010;0;3572265;0;0;0;0
FR;3;2021-08-21;94;576;2;0;591;0;0;0;0;4412403;3399807;3012;0;3572856;0;0;0;0
FR;3;2021-08-22;42;194;1;0;197;0;0;0;0;4412445;3400001;3013;0;3573053;0;0;0;0
FR;3;2021-08-23;141;886;7;0;931;0;0;0;0;4412586;3400887;3020;0;3573984;0;0;0;0
FR;3;2021-08-24;125;920;10;0;952;0;0;0;0;4412711;3401807;3030;0;3574936;0;0;0;0
FR;3;2021-08-25;137;821;3;0;850;0;0;0;0;4412848;3402628;3033;0;3575786;0;0;0;0
FR;3;2021-08-26;172;823;9;0;871;0;0;0;0;4413020;3403451;3042;0;3576657;0;0;0;0
FR;3;2021-08-27;178;937;9;0;989;0;0;0;0;4413198;3404388;3051;0;3577646;0;0;0;0
FR;3;2021-08-28;101;373;4;0;390;0;0;0;0;4413299;3404761;3055;0;3578036;0;0;0;0
FR;3;2021-08-29;128;129;1;0;162;0;0;0;0;4413427;3404890;3056;0;3578198;0;0;0;0
FR;3;2021-08-30;100;560;0;0;469;108;0;0;0;4413527;3405450;3056;0;3578667;108;0;0;0
FR;3;2021-08-31;134;682;7;0;587;134;0;0;0;4413661;3406132;3063;0;3579254;242;0;0;0
FR;3;2021-09-01;122;461;5;0;383;106;0;0;0;4413783;3406593;3068;0;3579637;348;0;0;0
FR;3;2021-09-02;100;595;22;0;531;105;0;0;0;4413883;3407188;3090;0;3580168;453;0;0;0
FR;3;2021-09-03;116;552;17;0;477;116;0;0;0;4413999;3407740;3107;0;3580645;569;0;0;0
FR;3;2021-09-04;55;295;3;0;256;50;0;0;0;4414054;3408035;3110;0;3580901;619;0;0;0
FR;3;2021-09-05;52;65;5;0;55;25;0;0;0;4414106;3408100;3115;0;3580956;644;0;0;0
FR;3;2021-09-06;118;367;4;0;261;130;0;0;0;4414224;3408467;3119;0;3581217;774;0;0;0
FR;3;2021-09-07;125;431;14;0;347;116;0;0;0;4414349;3408898;3133;0;3581564;890;0;0;0
FR;3;2021-09-08;122;344;2;0;274;87;0;0;0;4414471;3409242;3135;0;3581838;977;0;0;0
FR;3;2021-09-09;94;379;8;0;299;103;0;0;0;4414565;3409621;3143;0;3582137;1080;0;0;0
FR;3;2021-09-10;101;402;3;0;332;93;0;0;0;4414666;3410023;3146;0;3582469;1173;0;0;0
FR;3;2021-09-11;79;233;4;0;178;65;0;0;0;4414745;3410256;3150;0;3582647;1238;0;0;0
FR;3;2021-09-12;37;49;1;0;38;16;0;0;0;4414782;3410305;3151;0;3582685;1254;0;0;0
FR;3;2021-09-13;78;298;7;0;215;102;1;0;0;4414860;3410603;3158;0;3582900;1356;1;0;0
FR;3;2021-09-14;75;271;6;0;191;94;0;0;0;4414935;3410874;3164;0;3583091;1450;1;0;0
FR;3;2021-09-15;64;252;3;0;257;6;0;0;0;4414999;3411126;3167;0;3583348;1456;1;0;0
FR;3;2021-09-16;65;320;6;0;331;6;0;0;0;4415064;3411446;3173;0;3583679;1462;1;0;0
FR;3;2021-09-17;52;327;3;0;339;6;0;0;0;4415116;3411773;3176;0;3584018;1468;1;0;0
FR;3;2021-09-18;37;172;1;0;176;1;0;0;0;4415153;3411945;3177;0;3584194;1469;1;0;0
FR;3;2021-09-19;29;31;2;0;34;1;0;0;0;4415182;3411976;3179;0;3584228;1470;1;0;0
FR;3;2021-09-20;82;188;0;0;196;1;0;0;0;4415264;3412164;3179;0;3584424;1471;1;0;0
FR;3;2021-09-21;60;273;7;0;277;8;0;0;0;4415324;3412437;3186;0;3584701;1479;1;0;0
FR;3;2021-09-22;67;229;6;0;242;7;0;0;0;4415391;3412666;3192;0;3584943;1486;1;0;0
FR;3;2021-09-23;37;256;11;0;260;7;0;0;0;4415428;3412922;3203;0;3585203;1493;1;0;0
FR;3;2021-09-24;29;315;12;0;313;18;0;0;0;4415457;3413237;3215;0;3585516;1511;1;0;0
FR;3;2021-09-25;31;144;3;0;150;3;0;0;0;4415488;3413381;3218;0;3585666;1514;1;0;0
FR;3;2021-09-26;16;57;1;0;59;1;0;0;0;4415504;3413438;3219;0;3585725;1515;1;0;0
FR;3;2021-09-27;49;282;3;0;285;5;0;0;0;4415553;3413720;3222;0;3586010;1520;1;0;0
FR;3;2021-09-28;49;245;6;0;253;8;0;0;0;4415602;3413965;3228;0;3586263;1528;1;0;0
FR;3;2021-09-29;40;218;10;0;222;15;0;0;0;4415642;3414183;3238;0;3586485;1543;1;0;0
FR;3;2021-09-30;40;200;8;0;204;11;0;0;0;4415682;3414383;3246;0;3586689;1554;1;0;0
FR;3;2021-10-01;23;159;6;0;161;8;0;0;0;4415705;3414542;3252;0;3586850;1562;1;0;0
FR;3;2021-10-02;17;88;0;0;89;0;0;0;0;4415722;3414630;3252;0;3586939;1562;1;0;0
FR;3;2021-10-03;19;19;1;0;19;2;0;0;0;4415741;3414649;3253;0;3586958;1564;1;0;0
FR;3;2021-10-04;33;157;4;0;162;4;0;0;0;4415774;3414806;3257;0;3587120;1568;1;0;0
FR;3;2021-10-05;17;148;10;0;153;12;0;0;0;4415791;3414954;3267;0;3587273;1580;1;0;0
FR;3;2021-10-06;34;145;9;0;153;10;0;0;0;4415825;3415099;3276;0;3587426;1590;1;0;0
FR;3;2021-10-07;20;132;6;0;130;6;0;0;0;4415845;3415231;3282;0;3587556;1596;1;0;0
FR;3;2021-10-08;25;136;10;0;141;9;0;0;0;4415870;3415367;3292;0;3587697;1605;1;0;0
FR;3;2021-10-09;17;72;1;0;73;1;0;0;0;4415887;3415439;3293;0;3587770;1606;1;0;0
FR;3;2021-10-10;13;17;2;0;16;3;0;0;0;4415900;3415456;3295;0;3587786;1609;1;0;0
FR;3;2021-10-11;17;117;4;0;122;5;0;0;0;4415917;3415573;3299;0;3587908;1614;1;0;0
FR;3;2021-10-12;22;99;6;0;99;6;0;0;0;4415939;3415672;3305;0;3588007;1620;1;0;0
FR;3;2021-10-13;25;114;9;0;121;7;0;0;0;4415964;3415786;3314;0;3588128;1627;1;0;0
FR;3;2021-10-14;19;138;3;0;139;4;0;0;0;4415983;3415924;3317;0;3588267;1631;1;0;0
FR;3;2021-10-15;24;139;8;0;138;13;0;0;0;4416007;3416063;3325;0;3588405;1644;1;0;0
FR;3;2021-10-16;13;66;6;0;65;8;0;0;0;4416020;3416129;3331;0;3588470;1652;1;0;0
FR;3;2021-10-17;13;24;0;0;26;0;0;0;0;4416033;3416153;3331;0;3588496;1652;1;0;0
FR;3;2021-10-18;18;112;2;0;117;2;0;0;0;4416051;3416265;3333;0;3588613;1654;1;0;0
FR;3;2021-10-19;18;112;19;0;113;21;0;0;0;4416069;3416377;3352;0;3588726;1675;1;0;0
FR;3;2021-10-20;27;124;6;0;126;7;0;0;0;4416096;3416501;3358;0;3588852;1682;1;0;0
FR;3;2021-10-21;28;120;17;0;120;13;0;0;0;4416124;3416621;3375;0;3588972;1695;1;0;0
FR;3;2021-10-22;25;103;18;0;102;21;0;0;0;4416149;3416724;3393;0;3589074;1716;1;0;0
FR;3;2021-10-23;17;53;3;0;53;2;0;0;0;4416166;3416777;3396;0;3589127;1718;1;0;0
FR;3;2021-10-24;7;36;0;0;34;0;0;0;0;4416173;3416813;3396;0;3589161;1718;1;0;0
FR;3;2021-10-25;27;141;7;0;145;7;0;0;0;4416200;3416954;3403;0;3589306;1725;1;0;0
FR;3;2021-10-26;25;96;22;0;93;19;0;0;0;4416225;3417050;3425;0;3589399;1744;1;0;0
FR;3;2021-10-27;19;91;9;0;93;9;0;0;0;4416244;3417141;3434;0;3589492;1753;1;0;0
FR;3;2021-10-28;23;114;33;0;111;36;0;0;0;4416267;3417255;3467;0;3589603;1789;1;0;0
FR;3;2021-10-29;12;97;64;0;91;54;0;0;0;4416279;3417352;3531;0;3589694;1843;1;0;0
FR;3;2021-10-30;11;62;11;1;62;10;0;0;0;4416290;3417414;3542;1;3589756;1853;1;0;0
FR;3;2021-10-31;8;25;1;0;25;1;0;0;0;4416298;3417439;3543;1;3589781;1854;1;0;0
FR;3;2021-11-01;11;22;2;0;23;1;0;0;0;4416309;3417461;3545;1;3589804;1855;1;0;0
FR;3;2021-11-02;11;100;10;0;100;12;0;0;0;4416320;3417561;3555;1;3589904;1867;1;0;0
FR;3;2021-11-03;22;105;10;0;113;10;0;0;0;4416342;3417666;3565;1;3590017;1877;1;0;0
FR;3;2021-11-04;20;88;6;0;93;5;0;0;0;4416362;3417754;3571;1;3590110;1882;1;0;0
FR;3;2021-11-05;19;119;9;1;125;6;1;0;0;4416381;3417873;3580;2;3590235;1888;2;0;0
FR;3;2021-11-06;11;54;3;0;56;3;0;0;0;4416392;3417927;3583;2;3590291;1891;2;0;0
FR;3;2021-11-07;6;23;1;0;24;1;0;0;0;4416398;3417950;3584;2;3590315;1892;2;0;0
FR;3;2021-11-08;12;124;7;0;129;5;0;0;0;4416410;3418074;3591;2;3590444;1897;2;0;0
FR;3;2021-11-09;15;123;6;0;125;6;0;0;0;4416425;3418197;3597;2;3590569;1903;2;0;0
FR;3;2021-11-10;15;130;15;0;128;16;0;0;0;4416440;3418327;3612;2;3590697;1919;2;0;0
FR;3;2021-11-11;12;49;3;0;51;3;0;0;0;4416452;3418376;3615;2;3590748;1922;2;0;0
FR;3;2021-11-12;15;126;6;0;128;5;0;0;0;4416467;3418502;3621;2;3590876;1927;2;0;0
FR;3;2021-11-13;7;66;9;0;61;10;0;0;0;4416474;3418568;3630;2;3590937;1937;2;0;0
FR;3;2021-11-14;3;24;1;0;24;1;0;0;0;4416477;3418592;3631;2;3590961;1938;2;0;0
FR;3;2021-11-15;7;161;11;0;158;12;0;0;0;4416484;3418753;3642;2;3591119;1950;2;0;0
FR;3;2021-11-16;9;125;11;0;120;10;0;0;0;4416493;3418878;3653;2;3591239;1960;2;0;0
FR;3;2021-11-17;8;134;11;0;135;8;0;0;0;4416501;3419012;3664;2;3591374;1968;2;0;0
FR;3;2021-11-18;16;131;10;0;132;11;0;0;0;4416517;3419143;3674;2;3591506;1979;2;0;0
FR;3;2021-11-19;12;178;23;0;173;28;0;0;0;4416529;3419321;3697;2;3591679;2007;2;0;0
FR;3;2021-11-20;6;101;6;0;102;6;0;0;0;4416535;3419422;3703;2;3591781;2013;2;0;0
FR;3;2021-11-21;3;24;4;0;23;4;0;0;0;4416538;3419446;3707;2;3591804;2017;2;0;0
FR;3;2021-11-22;11;185;11;0;185;11;0;0;0;4416549;3419631;3718;2;3591989;2028;2;0;0
FR;3;2021-11-23;10;180;16;0;178;15;0;0;0;4416559;3419811;3734;2;3592167;2043;2;0;0
FR;3;2021-11-24;11;180;9;0;172;17;0;0;0;4416570;3419991;3743;2;3592339;2060;2;0;0
FR;3;2021-11-25;12;196;11;0;195;11;0;0;0;4416582;3420187;3754;2;3592534;2071;2;0;0
FR;3;2021-11-26;10;251;35;0;250;33;1;0;0;4416592;3420438;3789;2;3592784;2104;3;0;0
FR;3;2021-11-27;8;122;20;0;122;21;0;0;0;4416600;3420560;3809;2;3592906;2125;3;0;0
FR;3;2021-11-28;3;56;7;0;57;7;0;0;0;4416603;3420616;3816;2;3592963;2132;3;0;0
FR;3;2021-11-29;5;214;22;0;209;23;1;0;0;4416608;3420830;3838;2;3593172;2155;4;0;0
FR;3;2021-11-30;9;281;31;0;280;33;1;0;0;4416617;3421111;3869;2;3593452;2188;5;0;0
FR;3;2021-12-01;30;315;39;0;313;41;2;0;0;4416647;3421426;3908;2;3593765;2229;7;0;0
FR;3;2021-12-02;9;337;33;0;333;36;0;0;0;4416656;3421763;3941;2;3594098;2265;7;0;0
FR;3;2021-12-03;6;364;37;0;360;38;0;0;0;4416662;3422127;3978;2;3594458;2303;7;0;0
FR;3;2021-12-04;3;201;26;0;197;28;0;0;0;4416665;3422328;4004;2;3594655;2331;7;0;0
FR;3;2021-12-05;1;61;5;0;61;5;0;0;0;4416666;3422389;4009;2;3594716;2336;7;0;0
FR;3;2021-12-06;7;347;14;0;346;15;0;0;0;4416673;3422736;4023;2;3595062;2351;7;0;0
FR;3;2021-12-07;6;409;20;0;403;24;1;0;0;4416679;3423145;4043;2;3595465;2375;8;0;0
FR;3;2021-12-08;9;373;29;0;365;30;1;0;0;4416688;3423518;4072;2;3595830;2405;9;0;0
FR;3;2021-12-09;3;423;17;0;410;22;1;0;0;4416691;3423941;4089;2;3596240;2427;10;0;0
FR;3;2021-12-10;10;443;29;0;440;25;0;0;0;4416701;3424384;4118;2;3596680;2452;10;0;0
FR;3;2021-12-11;4;299;10;0;296;9;2;0;0;4416705;3424683;4128;2;3596976;2461;12;0;0
FR;3;2021-12-12;1;96;3;0;96;3;0;0;0;4416706;3424779;4131;2;3597072;2464;12;0;0
FR;3;2021-12-13;2;432;19;0;426;21;0;0;0;4416708;3425211;4150;2;3597498;2485;12;0;0
FR;3;2021-12-14;8;550;18;0;538;21;1;0;0;4416716;3425761;4168;2;3598036;2506;13;0;0
FR;3;2021-12-15;10;521;17;0;508;21;0;0;0;4416726;3426282;4185;2;3598544;2527;13;0;0
FR;3;2021-12-16;10;525;19;0;519;18;3;0;0;4416736;3426807;4204;2;3599063;2545;16;0;0
FR;3;2021-12-17;5;592;18;0;588;19;0;0;0;4416741;3427399;4222;2;3599651;2564;16;0;0
FR;3;2021-12-18;5;343;4;0;337;5;1;0;0;4416746;3427742;4226;2;3599988;2569;17;0;0
FR;3;2021-12-19;3;176;2;0;174;2;0;0;0;4416749;3427918;4228;2;3600162;2571;17;0;0
FR;3;2021-12-20;10;566;23;0;560;28;0;0;0;4416759;3428484;4251;2;3600722;2599;17;0;0
FR;3;2021-12-21;5;660;10;0;652;13;2;0;0;4416764;3429144;4261;2;3601374;2612;19;0;0
FR;3;2021-12-22;10;612;9;0;606;10;1;0;0;4416774;3429756;4270;2;3601980;2622;20;0;0
FR;3;2021-12-23;4;534;8;0;532;8;0;0;0;4416778;3430290;4278;2;3602512;2630;20;0;0
FR;3;2021-12-24;2;233;3;0;228;6;0;0;0;4416780;3430523;4281;2;3602740;2636;20;0;0
FR;3;2021-12-25;0;24;0;0;24;0;0;0;0;4416780;3430547;4281;2;3602764;2636;20;0;0
FR;3;2021-12-26;0;87;1;0;87;1;0;0;0;4416780;3430634;4282;2;3602851;2637;20;0;0
FR;3;2021-12-27;7;456;17;0;453;20;1;0;0;4416787;3431090;4299;2;3603304;2657;21;0;0
FR;3;2021-12-28;3;570;6;0;569;5;0;0;0;4416790;3431660;4305;2;3603873;2662;21;0;0
FR;3;2021-12-29;5;487;14;0;482;16;0;0;0;4416795;3432147;4319;2;3604355;2678;21;0;0
FR;3;2021-12-30;3;517;7;0;510;10;2;0;0;4416798;3432664;4326;2;3604865;2688;23;0;0
FR;3;2021-12-31;0;182;5;0;178;7;0;0;0;4416798;3432846;4331;2;3605043;2695;23;0;0
FR;3;2022-01-01;0;26;0;0;24;2;0;0;0;4416798;3432872;4331;2;3605067;2697;23;0;0
FR;3;2022-01-02;0;76;0;0;76;0;0;0;0;4416798;3432948;4331;2;3605143;2697;23;0;0
FR;3;2022-01-03;5;489;17;0;479;21;3;0;0;4416803;3433437;4348;2;3605622;2718;26;0;0
FR;3;2022-01-04;7;533;9;0;532;8;0;0;0;4416810;3433970;4357;2;3606154;2726;26;0;0
FR;3;2022-01-05;5;487;10;0;479;14;1;0;0;4416815;3434457;4367;2;3606633;2740;27;0;0
FR;3;2022-01-06;6;464;9;0;459;10;1;0;0;4416821;3434921;4376;2;3607092;2750;28;0;0
FR;3;2022-01-07;2;489;11;0;483;13;1;0;1;4416823;3435410;4387;2;3607575;2763;29;0;1
FR;3;2022-01-08;6;250;4;0;247;5;0;0;0;4416829;3435660;4391;2;3607822;2768;29;0;1
FR;3;2022-01-09;0;116;0;0;116;0;0;0;0;4416829;3435776;4391;2;3607938;2768;29;0;1
FR;3;2022-01-10;2;420;12;0;418;12;0;0;0;4416831;3436196;4403;2;3608356;2780;29;0;1
FR;3;2022-01-11;3;455;1;0;454;1;0;0;0;4416834;3436651;4404;2;3608810;2781;29;0;1
FR;3;2022-01-12;4;393;9;0;390;10;2;0;0;4416838;3437044;4413;2;3609200;2791;31;0;1
FR;3;2022-01-13;3;381;11;0;379;12;1;0;0;4416841;3437425;4424;2;3609579;2803;32;0;1
FR;3;2022-01-14;4;419;10;0;413;13;1;0;0;4416845;3437844;4434;2;3609992;2816;33;0;1
FR;3;2022-01-15;0;275;2;0;271;3;0;0;0;4416845;3438119;4436;2;3610263;2819;33;0;1
FR;3;2022-01-16;1;108;1;0;106;1;1;0;0;4416846;3438227;4437;2;3610369;2820;34;0;1
FR;3;2022-01-17;2;318;8;0;315;9;1;0;0;4416848;3438545;4445;2;3610684;2829;35;0;1
FR;3;2022-01-18;2;358;1;0;354;2;1;0;0;4416850;3438903;4446;2;3611038;2831;36;0;1
FR;3;2022-01-19;2;322;5;0;316;10;0;0;0;4416852;3439225;4451;2;3611354;2841;36;0;1
FR;3;2022-01-20;1;351;5;0;350;3;2;0;0;4416853;3439576;4456;2;3611704;2844;38;0;1
FR;3;2022-01-21;4;337;5;0;331;7;2;0;0;4416857;3439913;4461;2;3612035;2851;40;0;1
FR;3;2022-01-22;2;218;1;0;214;2;3;0;0;4416859;3440131;4462;2;3612249;2853;43;0;1
FR;3;2022-01-23;0;77;0;0;75;1;1;0;0;4416859;3440208;4462;2;3612324;2854;44;0;1
FR;3;2022-01-24;3;316;1;0;308;6;2;0;0;4416862;3440524;4463;2;3612632;2860;46;0;1
FR;3;2022-01-25;0;171;0;0;168;0;1;0;0;4416862;3440695;4463;2;3612800;2860;47;0;1
FR;3;2022-01-26;0;77;0;0;77;0;0;0;0;4416862;3440772;4463;2;3612877;2860;47;0;1
FR;3;2022-01-27;0;52;0;0;52;0;0;0;0;4416862;3440824;4463;2;3612929;2860;47;0;1
FR;3;2022-01-28;0;115;0;0;114;0;0;0;0;4416862;3440939;4463;2;3613043;2860;47;0;1
FR;3;2022-01-29;0;97;0;0;97;0;0;0;0;4416862;3441036;4463;2;3613140;2860;47;0;1
FR;3;2022-01-30;0;50;0;0;50;0;0;0;0;4416862;3441086;4463;2;3613190;2860;47;0;1
FR;3;2022-01-31;0;90;0;0;90;0;0;0;0;4416862;3441176;4463;2;3613280;2860;47;0;1
FR;3;2022-02-01;0;98;0;0;96;1;0;0;0;4416862;3441274;4463;2;3613376;2861;47;0;1
FR;3;2022-02-02;0;85;0;0;83;0;0;0;0;4416862;3441359;4463;2;3613459;2861;47;0;1
FR;3;2022-02-03;0;91;0;0;89;0;0;0;0;4416862;3441450;4463;2;3613548;2861;47;0;1
FR;3;2022-02-04;0;113;0;0;110;0;1;0;0;4416862;3441563;4463;2;3613658;2861;48;0;1
FR;3;2022-02-05;0;68;0;0;68;0;0;0;0;4416862;3441631;4463;2;3613726;2861;48;0;1
FR;3;2022-02-06;0;10;0;0;10;0;0;0;0;4416862;3441641;4463;2;3613736;2861;48;0;1
FR;3;2022-02-07;0;75;0;0;75;0;0;0;0;4416862;3441716;4463;2;3613811;2861;48;0;1
FR;3;2022-02-08;0;0;0;0;0;0;0;0;0;4416862;3441716;4463;2;3613811;2861;48;0;1
FR;3;2022-02-09;0;0;0;0;0;0;0;0;0;4416862;3441716;4463;2;3613811;2861;48;0;1
FR;3;2022-02-10;0;0;0;0;0;0;0;0;0;4416862;3441716;4463;2;3613811;2861;48;0;1
FR;3;2022-02-11;0;0;0;0;0;0;0;0;0;4416862;3441716;4463;2;3613811;2861;48;0;1
FR;3;2022-02-12;0;0;0;0;0;0;0;0;0;4416862;3441716;4463;2;3613811;2861;48;0;1
FR;3;2022-02-13;0;0;0;0;0;0;0;0;0;4416862;3441716;4463;2;3613811;2861;48;0;1
FR;3;2022-02-14;0;0;0;0;0;0;0;0;0;4416862;3441716;4463;2;3613811;2861;48;0;1
FR;3;2022-02-15;0;0;0;0;0;0;0;0;0;4416862;3441716;4463;2;3613811;2861;48;0;1
FR;3;2022-02-16;0;0;0;0;0;0;0;0;0;4416862;3441716;4463;2;3613811;2861;48;0;1
FR;3;2022-02-17;0;0;0;0;0;0;0;0;0;4416862;3441716;4463;2;3613811;2861;48;0;1
FR;3;2022-02-18;0;0;0;0;0;0;0;0;0;4416862;3441716;4463;2;3613811;2861;48;0;1
FR;3;2022-02-19;0;0;0;0;0;0;0;0;0;4416862;3441716;4463;2;3613811;2861;48;0;1
FR;3;2022-02-20;0;0;0;0;0;0;0;0;0;4416862;3441716;4463;2;3613811;2861;48;0;1
FR;3;2022-02-21;2;0;0;0;0;0;0;0;0;4416864;3441716;4463;2;3613811;2861;48;0;1
FR;3;2022-02-22;0;0;0;0;0;0;0;0;0;4416864;3441716;4463;2;3613811;2861;48;0;1
FR;3;2022-02-23;0;0;0;0;0;0;0;0;0;4416864;3441716;4463;2;3613811;2861;48;0;1
FR;3;2022-02-24;0;0;0;0;0;0;0;0;0;4416864;3441716;4463;2;3613811;2861;48;0;1
FR;3;2022-02-25;0;0;0;0;0;0;0;0;0;4416864;3441716;4463;2;3613811;2861;48;0;1
FR;3;2022-02-26;0;0;0;0;0;0;0;0;0;4416864;3441716;4463;2;3613811;2861;48;0;1
FR;3;2022-02-27;0;0;0;0;0;0;0;0;0;4416864;3441716;4463;2;3613811;2861;48;0;1
FR;3;2022-02-28;1;0;0;0;0;0;0;0;0;4416865;3441716;4463;2;3613811;2861;48;0;1
FR;3;2022-03-01;1;0;0;0;0;0;0;0;0;4416866;3441716;4463;2;3613811;2861;48;0;1
FR;3;2022-03-02;0;0;0;0;0;0;0;0;0;4416866;3441716;4463;2;3613811;2861;48;0;1
FR;3;2022-03-03;0;0;0;0;0;0;0;0;0;4416866;3441716;4463;2;3613811;2861;48;0;1
FR;3;2022-03-04;0;0;0;0;0;0;0;0;0;4416866;3441716;4463;2;3613811;2861;48;0;1
FR;3;2022-03-05;0;0;0;0;0;0;0;0;0;4416866;3441716;4463;2;3613811;2861;48;0;1
FR;3;2022-03-06;1;0;0;0;0;0;0;0;0;4416867;3441716;4463;2;3613811;2861;48;0;1
FR;3;2022-03-07;0;0;0;0;0;0;0;0;0;4416867;3441716;4463;2;3613811;2861;48;0;1
FR;3;2022-03-08;1;0;0;0;0;0;0;0;0;4416868;3441716;4463;2;3613811;2861;48;0;1
FR;3;2022-03-09;0;0;0;0;0;0;0;0;0;4416868;3441716;4463;2;3613811;2861;48;0;1
FR;3;2022-03-10;0;0;0;0;0;0;0;0;0;4416868;3441716;4463;2;3613811;2861;48;0;1
FR;3;2022-03-11;0;0;0;0;0;0;0;0;0;4416868;3441716;4463;2;3613811;2861;48;0;1
FR;3;2022-03-12;0;0;0;0;0;0;0;0;0;4416868;3441716;4463;2;3613811;2861;48;0;1
FR;3;2022-03-13;0;0;0;0;0;0;0;0;0;4416868;3441716;4463;2;3613811;2861;48;0;1
FR;3;2022-03-14;0;0;0;0;0;0;0;0;0;4416868;3441716;4463;2;3613811;2861;48;0;1
FR;3;2022-03-15;0;0;0;0;0;0;0;0;0;4416868;3441716;4463;2;3613811;2861;48;0;1
FR;3;2022-03-16;0;0;0;0;0;0;0;0;0;4416868;3441716;4463;2;3613811;2861;48;0;1
FR;3;2022-03-17;0;0;0;0;0;0;0;0;0;4416868;3441716;4463;2;3613811;2861;48;0;1
FR;3;2022-03-18;0;0;0;0;0;0;0;0;0;4416868;3441716;4463;2;3613811;2861;48;0;1
FR;3;2022-03-19;0;0;0;0;0;0;0;0;0;4416868;3441716;4463;2;3613811;2861;48;0;1
FR;3;2022-03-20;1;0;0;0;0;0;0;0;0;4416869;3441716;4463;2;3613811;2861;48;0;1
FR;3;2022-03-21;0;0;0;0;0;0;0;0;0;4416869;3441716;4463;2;3613811;2861;48;0;1
FR;3;2022-03-22;0;0;0;0;0;0;0;0;0;4416869;3441716;4463;2;3613811;2861;48;0;1
FR;3;2022-03-23;1;0;0;0;0;0;0;0;0;4416870;3441716;4463;2;3613811;2861;48;0;1
FR;3;2022-03-24;0;0;0;0;0;0;0;0;0;4416870;3441716;4463;2;3613811;2861;48;0;1
FR;3;2022-03-25;1;0;0;0;0;0;0;0;0;4416871;3441716;4463;2;3613811;2861;48;0;1
FR;3;2022-03-26;0;0;0;0;0;0;0;0;0;4416871;3441716;4463;2;3613811;2861;48;0;1
FR;3;2022-03-27;0;0;0;0;0;0;0;0;0;4416871;3441716;4463;2;3613811;2861;48;0;1
FR;3;2022-03-28;0;0;0;0;0;0;0;0;0;4416871;3441716;4463;2;3613811;2861;48;0;1
FR;3;2022-03-29;0;0;0;0;0;0;0;0;0;4416871;3441716;4463;2;3613811;2861;48;0;1
FR;3;2022-03-30;0;0;0;0;0;0;0;0;0;4416871;3441716;4463;2;3613811;2861;48;0;1
FR;3;2022-03-31;0;0;0;0;0;0;0;0;0;4416871;3441716;4463;2;3613811;2861;48;0;1
FR;3;2022-04-01;0;0;0;0;0;0;0;0;0;4416871;3441716;4463;2;3613811;2861;48;0;1
FR;3;2022-04-02;0;0;0;0;0;0;0;0;0;4416871;3441716;4463;2;3613811;2861;48;0;1
FR;3;2022-04-03;0;0;0;0;0;0;0;0;0;4416871;3441716;4463;2;3613811;2861;48;0;1
FR;3;2022-04-04;0;0;0;0;0;0;0;0;0;4416871;3441716;4463;2;3613811;2861;48;0;1
FR;3;2022-04-05;0;0;0;0;0;0;0;0;0;4416871;3441716;4463;2;3613811;2861;48;0;1
FR;3;2022-04-06;0;0;0;0;0;0;0;0;0;4416871;3441716;4463;2;3613811;2861;48;0;1
FR;3;2022-04-07;0;0;0;0;0;0;0;0;0;4416871;3441716;4463;2;3613811;2861;48;0;1
FR;3;2022-04-08;0;0;0;0;0;0;0;0;0;4416871;3441716;4463;2;3613811;2861;48;0;1
FR;3;2022-04-09;0;0;0;0;0;0;0;0;0;4416871;3441716;4463;2;3613811;2861;48;0;1
FR;3;2022-04-10;0;0;0;0;0;0;0;0;0;4416871;3441716;4463;2;3613811;2861;48;0;1
FR;3;2022-04-11;0;0;0;0;0;0;0;0;0;4416871;3441716;4463;2;3613811;2861;48;0;1
FR;3;2022-04-12;0;0;0;0;0;0;0;0;0;4416871;3441716;4463;2;3613811;2861;48;0;1
FR;3;2022-04-13;0;0;0;0;0;0;0;0;0;4416871;3441716;4463;2;3613811;2861;48;0;1
FR;3;2022-04-14;0;0;0;0;0;0;0;0;0;4416871;3441716;4463;2;3613811;2861;48;0;1
FR;3;2022-04-15;1;0;0;0;0;0;0;0;0;4416872;3441716;4463;2;3613811;2861;48;0;1
FR;3;2022-04-16;0;0;0;0;0;0;0;0;0;4416872;3441716;4463;2;3613811;2861;48;0;1
FR;3;2022-04-17;0;0;0;0;0;0;0;0;0;4416872;3441716;4463;2;3613811;2861;48;0;1
FR;3;2022-04-18;0;0;0;0;0;0;0;0;0;4416872;3441716;4463;2;3613811;2861;48;0;1
FR;3;2022-04-19;0;0;0;0;0;0;0;0;0;4416872;3441716;4463;2;3613811;2861;48;0;1
FR;3;2022-04-20;0;0;0;0;0;0;0;0;0;4416872;3441716;4463;2;3613811;2861;48;0;1
FR;3;2022-04-21;0;0;0;0;0;0;0;0;0;4416872;3441716;4463;2;3613811;2861;48;0;1
FR;3;2022-04-22;0;0;0;0;0;0;0;0;0;4416872;3441716;4463;2;3613811;2861;48;0;1
FR;3;2022-04-23;0;0;0;0;0;0;0;0;0;4416872;3441716;4463;2;3613811;2861;48;0;1
FR;3;2022-04-24;0;0;0;0;0;0;0;0;0;4416872;3441716;4463;2;3613811;2861;48;0;1
FR;3;2022-04-25;0;0;0;0;0;0;0;0;0;4416872;3441716;4463;2;3613811;2861;48;0;1
FR;3;2022-04-26;0;0;0;0;0;0;0;0;0;4416872;3441716;4463;2;3613811;2861;48;0;1
FR;3;2022-04-27;0;0;0;0;0;0;0;0;0;4416872;3441716;4463;2;3613811;2861;48;0;1
FR;3;2022-04-28;0;0;0;0;0;0;0;0;0;4416872;3441716;4463;2;3613811;2861;48;0;1
FR;3;2022-04-29;0;0;0;0;0;0;0;0;0;4416872;3441716;4463;2;3613811;2861;48;0;1
FR;3;2022-04-30;0;0;0;0;0;0;0;0;0;4416872;3441716;4463;2;3613811;2861;48;0;1
FR;3;2022-05-01;0;0;0;0;0;0;0;0;0;4416872;3441716;4463;2;3613811;2861;48;0;1
FR;3;2022-05-02;0;0;0;0;0;0;0;0;0;4416872;3441716;4463;2;3613811;2861;48;0;1
FR;3;2022-05-03;0;0;0;0;0;0;0;0;0;4416872;3441716;4463;2;3613811;2861;48;0;1
FR;3;2022-05-04;0;0;0;0;0;0;0;0;0;4416872;3441716;4463;2;3613811;2861;48;0;1
FR;3;2022-05-05;0;0;0;0;0;0;0;0;0;4416872;3441716;4463;2;3613811;2861;48;0;1
FR;3;2022-05-06;0;0;0;0;0;0;0;0;0;4416872;3441716;4463;2;3613811;2861;48;0;1
FR;3;2022-05-07;0;0;0;0;0;0;0;0;0;4416872;3441716;4463;2;3613811;2861;48;0;1
FR;3;2022-05-08;0;0;0;0;0;0;0;0;0;4416872;3441716;4463;2;3613811;2861;48;0;1
FR;3;2022-05-09;0;0;0;0;0;0;0;0;0;4416872;3441716;4463;2;3613811;2861;48;0;1
FR;3;2022-05-10;0;0;0;0;0;0;0;0;0;4416872;3441716;4463;2;3613811;2861;48;0;1
FR;3;2022-05-11;0;0;0;0;0;0;0;0;0;4416872;3441716;4463;2;3613811;2861;48;0;1
FR;3;2022-05-12;0;0;0;0;0;0;0;0;0;4416872;3441716;4463;2;3613811;2861;48;0;1
FR;3;2022-05-13;0;0;0;0;0;0;0;0;0;4416872;3441716;4463;2;3613811;2861;48;0;1
FR;3;2022-05-14;1;0;0;0;0;0;0;0;0;4416873;3441716;4463;2;3613811;2861;48;0;1
FR;3;2022-05-15;0;0;0;0;0;0;0;0;0;4416873;3441716;4463;2;3613811;2861;48;0;1
FR;3;2022-05-16;0;0;0;0;0;0;0;0;0;4416873;3441716;4463;2;3613811;2861;48;0;1
FR;3;2022-05-17;0;0;0;0;0;0;0;0;0;4416873;3441716;4463;2;3613811;2861;48;0;1
FR;3;2022-05-18;0;0;0;0;0;0;0;0;0;4416873;3441716;4463;2;3613811;2861;48;0;1
FR;3;2022-05-19;0;0;0;0;0;0;0;0;0;4416873;3441716;4463;2;3613811;2861;48;0;1
FR;3;2022-05-20;0;0;0;0;0;0;0;0;0;4416873;3441716;4463;2;3613811;2861;48;0;1
FR;3;2022-05-21;0;0;0;0;0;0;0;0;0;4416873;3441716;4463;2;3613811;2861;48;0;1
FR;3;2022-05-22;0;0;0;0;0;0;0;0;0;4416873;3441716;4463;2;3613811;2861;48;0;1
FR;3;2022-05-23;0;0;0;0;0;0;0;0;0;4416873;3441716;4463;2;3613811;2861;48;0;1
FR;3;2022-05-24;0;0;0;0;0;0;0;0;0;4416873;3441716;4463;2;3613811;2861;48;0;1
FR;3;2022-05-25;0;0;0;0;0;0;0;0;0;4416873;3441716;4463;2;3613811;2861;48;0;1
FR;3;2022-05-26;0;0;0;0;0;0;0;0;0;4416873;3441716;4463;2;3613811;2861;48;0;1
FR;3;2022-05-27;0;0;0;0;0;0;0;0;0;4416873;3441716;4463;2;3613811;2861;48;0;1
FR;3;2022-05-28;0;0;0;0;0;0;0;0;0;4416873;3441716;4463;2;3613811;2861;48;0;1
FR;3;2022-05-29;0;0;0;0;0;0;0;0;0;4416873;3441716;4463;2;3613811;2861;48;0;1
FR;3;2022-05-30;0;0;0;0;0;0;0;0;0;4416873;3441716;4463;2;3613811;2861;48;0;1
FR;3;2022-05-31;0;0;0;0;0;0;0;0;0;4416873;3441716;4463;2;3613811;2861;48;0;1
FR;3;2022-06-01;0;0;0;0;0;0;0;0;0;4416873;3441716;4463;2;3613811;2861;48;0;1
FR;3;2022-06-02;0;0;0;0;0;0;0;0;0;4416873;3441716;4463;2;3613811;2861;48;0;1
FR;3;2022-06-03;0;0;0;0;0;0;0;0;0;4416873;3441716;4463;2;3613811;2861;48;0;1
FR;3;2022-06-04;0;0;0;0;0;0;0;0;0;4416873;3441716;4463;2;3613811;2861;48;0;1
FR;3;2022-06-05;0;0;0;0;0;0;0;0;0;4416873;3441716;4463;2;3613811;2861;48;0;1
FR;3;2022-06-06;0;0;0;0;0;0;0;0;0;4416873;3441716;4463;2;3613811;2861;48;0;1
FR;3;2022-06-07;0;0;0;0;0;0;0;0;0;4416873;3441716;4463;2;3613811;2861;48;0;1
FR;3;2022-06-08;0;0;0;0;0;0;0;0;0;4416873;3441716;4463;2;3613811;2861;48;0;1
FR;3;2022-06-09;0;0;0;0;0;0;0;0;0;4416873;3441716;4463;2;3613811;2861;48;0;1
FR;3;2022-06-10;0;0;0;0;0;0;0;0;0;4416873;3441716;4463;2;3613811;2861;48;0;1
FR;3;2022-06-11;0;0;0;0;0;0;0;0;0;4416873;3441716;4463;2;3613811;2861;48;0;1
FR;3;2022-06-12;0;0;0;0;0;0;0;0;0;4416873;3441716;4463;2;3613811;2861;48;0;1
FR;3;2022-06-13;1;0;0;0;0;0;0;0;0;4416874;3441716;4463;2;3613811;2861;48;0;1
FR;3;2022-06-14;0;0;0;0;0;0;0;0;0;4416874;3441716;4463;2;3613811;2861;48;0;1
FR;3;2022-06-15;0;0;0;0;0;0;0;0;0;4416874;3441716;4463;2;3613811;2861;48;0;1
FR;3;2022-06-16;0;0;0;0;0;0;0;0;0;4416874;3441716;4463;2;3613811;2861;48;0;1
FR;3;2022-06-17;0;0;0;0;0;0;0;0;0;4416874;3441716;4463;2;3613811;2861;48;0;1
FR;3;2022-06-18;0;0;0;0;0;0;0;0;0;4416874;3441716;4463;2;3613811;2861;48;0;1
FR;3;2022-06-19;0;0;0;0;0;0;0;0;0;4416874;3441716;4463;2;3613811;2861;48;0;1
FR;3;2022-06-20;0;0;0;0;0;0;0;0;0;4416874;3441716;4463;2;3613811;2861;48;0;1
FR;3;2022-06-21;0;0;0;0;0;0;0;0;0;4416874;3441716;4463;2;3613811;2861;48;0;1
FR;3;2022-06-22;0;0;0;0;0;0;0;0;0;4416874;3441716;4463;2;3613811;2861;48;0;1
FR;3;2022-06-23;0;0;0;0;0;0;0;0;0;4416874;3441716;4463;2;3613811;2861;48;0;1
FR;3;2022-06-24;0;0;0;0;0;0;0;0;0;4416874;3441716;4463;2;3613811;2861;48;0;1
FR;3;2022-06-25;0;0;0;0;0;0;0;0;0;4416874;3441716;4463;2;3613811;2861;48;0;1
FR;3;2022-06-26;0;0;0;0;0;0;0;0;0;4416874;3441716;4463;2;3613811;2861;48;0;1
FR;3;2022-06-27;0;0;0;0;0;0;0;0;0;4416874;3441716;4463;2;3613811;2861;48;0;1
FR;3;2022-06-28;0;0;0;0;0;0;0;0;0;4416874;3441716;4463;2;3613811;2861;48;0;1
FR;3;2022-06-29;1;0;0;0;0;0;0;0;0;4416875;3441716;4463;2;3613811;2861;48;0;1
FR;3;2022-06-30;0;0;0;0;0;0;0;0;0;4416875;3441716;4463;2;3613811;2861;48;0;1
FR;3;2022-07-01;0;0;0;0;0;0;0;0;0;4416875;3441716;4463;2;3613811;2861;48;0;1
FR;3;2022-07-02;0;0;0;0;0;0;0;0;0;4416875;3441716;4463;2;3613811;2861;48;0;1
FR;3;2022-07-03;0;0;0;0;0;0;0;0;0;4416875;3441716;4463;2;3613811;2861;48;0;1
FR;3;2022-07-04;0;0;0;0;0;0;0;0;0;4416875;3441716;4463;2;3613811;2861;48;0;1
FR;3;2022-07-05;0;0;0;0;0;0;0;0;0;4416875;3441716;4463;2;3613811;2861;48;0;1
FR;3;2022-07-06;0;0;0;0;0;0;0;0;0;4416875;3441716;4463;2;3613811;2861;48;0;1
FR;3;2022-07-07;0;0;0;0;0;0;0;0;0;4416875;3441716;4463;2;3613811;2861;48;0;1
FR;3;2022-07-08;0;0;0;0;0;0;0;0;0;4416875;3441716;4463;2;3613811;2861;48;0;1
FR;3;2022-07-09;0;0;0;0;0;0;0;0;0;4416875;3441716;4463;2;3613811;2861;48;0;1
FR;3;2022-07-10;0;0;0;0;0;0;0;0;0;4416875;3441716;4463;2;3613811;2861;48;0;1
FR;3;2022-07-11;0;0;0;0;0;0;0;0;0;4416875;3441716;4463;2;3613811;2861;48;0;1
FR;3;2022-07-12;0;0;0;0;0;0;0;0;0;4416875;3441716;4463;2;3613811;2861;48;0;1
FR;3;2022-07-13;0;0;0;0;0;0;0;0;0;4416875;3441716;4463;2;3613811;2861;48;0;1
FR;3;2022-07-14;0;0;0;0;0;0;0;0;0;4416875;3441716;4463;2;3613811;2861;48;0;1
FR;3;2022-07-15;0;0;0;0;0;0;0;0;0;4416875;3441716;4463;2;3613811;2861;48;0;1
FR;3;2022-07-16;0;0;0;0;0;0;0;0;0;4416875;3441716;4463;2;3613811;2861;48;0;1
FR;3;2022-07-17;0;0;0;0;0;0;0;0;0;4416875;3441716;4463;2;3613811;2861;48;0;1
FR;3;2022-07-18;0;0;0;0;0;0;0;0;0;4416875;3441716;4463;2;3613811;2861;48;0;1
FR;3;2022-07-19;0;0;0;0;0;0;0;0;0;4416875;3441716;4463;2;3613811;2861;48;0;1
FR;3;2022-07-20;0;0;0;0;0;0;0;0;0;4416875;3441716;4463;2;3613811;2861;48;0;1
FR;3;2022-07-21;0;0;0;0;0;0;0;0;0;4416875;3441716;4463;2;3613811;2861;48;0;1
FR;3;2022-07-22;0;0;0;0;0;0;0;0;0;4416875;3441716;4463;2;3613811;2861;48;0;1
FR;3;2022-07-23;0;0;0;0;0;0;0;0;0;4416875;3441716;4463;2;3613811;2861;48;0;1
FR;3;2022-07-24;0;0;0;0;0;0;0;0;0;4416875;3441716;4463;2;3613811;2861;48;0;1
FR;3;2022-07-25;0;0;0;0;0;0;0;0;0;4416875;3441716;4463;2;3613811;2861;48;0;1
FR;3;2022-07-26;0;0;0;0;0;0;0;0;0;4416875;3441716;4463;2;3613811;2861;48;0;1
FR;3;2022-07-27;0;0;0;0;0;0;0;0;0;4416875;3441716;4463;2;3613811;2861;48;0;1
FR;3;2022-07-28;0;0;0;0;0;0;0;0;0;4416875;3441716;4463;2;3613811;2861;48;0;1
FR;3;2022-07-29;0;0;0;0;0;0;0;0;0;4416875;3441716;4463;2;3613811;2861;48;0;1
FR;3;2022-07-30;0;0;0;0;0;0;0;0;0;4416875;3441716;4463;2;3613811;2861;48;0;1
FR;3;2022-07-31;0;0;0;0;0;0;0;0;0;4416875;3441716;4463;2;3613811;2861;48;0;1
FR;3;2022-08-01;0;0;0;0;0;0;0;0;0;4416875;3441716;4463;2;3613811;2861;48;0;1
FR;3;2022-08-02;0;0;0;0;0;0;0;0;0;4416875;3441716;4463;2;3613811;2861;48;0;1
FR;3;2022-08-03;0;0;0;0;0;0;0;0;0;4416875;3441716;4463;2;3613811;2861;48;0;1
FR;3;2022-08-04;0;0;0;0;0;0;0;0;0;4416875;3441716;4463;2;3613811;2861;48;0;1
FR;3;2022-08-05;0;0;0;0;0;0;0;0;0;4416875;3441716;4463;2;3613811;2861;48;0;1
FR;3;2022-08-06;0;0;0;0;0;0;0;0;0;4416875;3441716;4463;2;3613811;2861;48;0;1
FR;3;2022-08-07;0;0;0;0;0;0;0;0;0;4416875;3441716;4463;2;3613811;2861;48;0;1
FR;3;2022-08-08;0;0;0;0;0;0;0;0;0;4416875;3441716;4463;2;3613811;2861;48;0;1
FR;3;2022-08-09;0;0;0;0;0;0;0;0;0;4416875;3441716;4463;2;3613811;2861;48;0;1
FR;3;2022-08-10;0;0;0;0;0;0;0;0;0;4416875;3441716;4463;2;3613811;2861;48;0;1
FR;3;2022-08-11;0;0;0;0;0;0;0;0;0;4416875;3441716;4463;2;3613811;2861;48;0;1
FR;3;2022-08-12;0;0;0;0;0;0;0;0;0;4416875;3441716;4463;2;3613811;2861;48;0;1
FR;3;2022-08-13;0;0;0;0;0;0;0;0;0;4416875;3441716;4463;2;3613811;2861;48;0;1
FR;3;2022-08-14;0;0;0;0;0;0;0;0;0;4416875;3441716;4463;2;3613811;2861;48;0;1
FR;3;2022-08-15;0;0;0;0;0;0;0;0;0;4416875;3441716;4463;2;3613811;2861;48;0;1
FR;3;2022-08-16;0;0;0;0;0;0;0;0;0;4416875;3441716;4463;2;3613811;2861;48;0;1
FR;3;2022-08-17;0;0;0;0;0;0;0;0;0;4416875;3441716;4463;2;3613811;2861;48;0;1
FR;3;2022-08-18;0;0;0;0;0;0;0;0;0;4416875;3441716;4463;2;3613811;2861;48;0;1
FR;3;2022-08-19;0;0;0;0;0;0;0;0;0;4416875;3441716;4463;2;3613811;2861;48;0;1
FR;3;2022-08-20;0;0;0;0;0;0;0;0;0;4416875;3441716;4463;2;3613811;2861;48;0;1
FR;3;2022-08-21;0;0;0;0;0;0;0;0;0;4416875;3441716;4463;2;3613811;2861;48;0;1
FR;3;2022-08-22;0;0;0;0;0;0;0;0;0;4416875;3441716;4463;2;3613811;2861;48;0;1
FR;3;2022-08-23;0;0;0;0;0;0;0;0;0;4416875;3441716;4463;2;3613811;2861;48;0;1
FR;3;2022-08-24;0;0;0;0;0;0;0;0;0;4416875;3441716;4463;2;3613811;2861;48;0;1
FR;3;2022-08-25;0;0;0;0;0;0;0;0;0;4416875;3441716;4463;2;3613811;2861;48;0;1
FR;3;2022-08-26;0;0;0;0;0;0;0;0;0;4416875;3441716;4463;2;3613811;2861;48;0;1
FR;3;2022-08-27;0;0;0;0;0;0;0;0;0;4416875;3441716;4463;2;3613811;2861;48;0;1
FR;3;2022-08-28;0;0;0;0;0;0;0;0;0;4416875;3441716;4463;2;3613811;2861;48;0;1
FR;3;2022-08-29;0;0;0;0;0;0;0;0;0;4416875;3441716;4463;2;3613811;2861;48;0;1
FR;3;2022-08-30;0;0;0;0;0;0;0;0;0;4416875;3441716;4463;2;3613811;2861;48;0;1
FR;3;2022-08-31;0;0;0;0;0;0;0;0;0;4416875;3441716;4463;2;3613811;2861;48;0;1
FR;3;2022-09-01;0;0;0;0;0;0;0;0;0;4416875;3441716;4463;2;3613811;2861;48;0;1
FR;3;2022-09-02;0;0;0;0;0;0;0;0;0;4416875;3441716;4463;2;3613811;2861;48;0;1
FR;3;2022-09-03;0;0;0;0;0;0;0;0;0;4416875;3441716;4463;2;3613811;2861;48;0;1
FR;3;2022-09-04;0;0;0;0;0;0;0;0;0;4416875;3441716;4463;2;3613811;2861;48;0;1
FR;3;2022-09-05;0;0;0;0;0;0;0;0;0;4416875;3441716;4463;2;3613811;2861;48;0;1
FR;3;2022-09-06;0;0;0;0;0;0;0;0;0;4416875;3441716;4463;2;3613811;2861;48;0;1
FR;3;2022-09-07;0;0;0;0;0;0;0;0;0;4416875;3441716;4463;2;3613811;2861;48;0;1
FR;3;2022-09-08;0;0;0;0;0;0;0;0;0;4416875;3441716;4463;2;3613811;2861;48;0;1
FR;3;2022-09-09;0;0;0;0;0;0;0;0;0;4416875;3441716;4463;2;3613811;2861;48;0;1
FR;3;2022-09-10;0;0;0;0;0;0;0;0;0;4416875;3441716;4463;2;3613811;2861;48;0;1
FR;3;2022-09-11;0;0;0;0;0;0;0;0;0;4416875;3441716;4463;2;3613811;2861;48;0;1
FR;3;2022-09-12;0;0;0;0;0;0;0;0;0;4416875;3441716;4463;2;3613811;2861;48;0;1
FR;3;2022-09-13;0;0;0;0;0;0;0;0;0;4416875;3441716;4463;2;3613811;2861;48;0;1
FR;3;2022-09-14;0;0;0;0;0;0;0;0;0;4416875;3441716;4463;2;3613811;2861;48;0;1
FR;3;2022-09-15;0;0;0;0;0;0;0;0;0;4416875;3441716;4463;2;3613811;2861;48;0;1
FR;3;2022-09-16;0;0;0;0;0;0;0;0;0;4416875;3441716;4463;2;3613811;2861;48;0;1
FR;3;2022-09-17;0;0;0;0;0;0;0;0;0;4416875;3441716;4463;2;3613811;2861;48;0;1
FR;3;2022-09-18;0;0;0;0;0;0;0;0;0;4416875;3441716;4463;2;3613811;2861;48;0;1
FR;3;2022-09-19;0;0;0;0;0;0;0;0;0;4416875;3441716;4463;2;3613811;2861;48;0;1
FR;3;2022-09-20;0;0;0;0;0;0;0;0;0;4416875;3441716;4463;2;3613811;2861;48;0;1
FR;3;2022-09-21;0;0;0;0;0;0;0;0;0;4416875;3441716;4463;2;3613811;2861;48;0;1
FR;3;2022-09-22;0;0;0;0;0;0;0;0;0;4416875;3441716;4463;2;3613811;2861;48;0;1
FR;3;2022-09-23;0;0;0;0;0;0;0;0;0;4416875;3441716;4463;2;3613811;2861;48;0;1
FR;3;2022-09-24;0;0;0;0;0;0;0;0;0;4416875;3441716;4463;2;3613811;2861;48;0;1
FR;3;2022-09-25;0;0;0;0;0;0;0;0;0;4416875;3441716;4463;2;3613811;2861;48;0;1
FR;3;2022-09-26;0;0;0;0;0;0;0;0;0;4416875;3441716;4463;2;3613811;2861;48;0;1
FR;3;2022-09-27;0;0;0;0;0;0;0;0;0;4416875;3441716;4463;2;3613811;2861;48;0;1
FR;3;2022-09-28;0;0;0;0;0;0;0;0;0;4416875;3441716;4463;2;3613811;2861;48;0;1
FR;3;2022-09-29;0;0;0;0;0;0;0;0;0;4416875;3441716;4463;2;3613811;2861;48;0;1
FR;3;2022-09-30;0;0;0;0;0;0;0;0;0;4416875;3441716;4463;2;3613811;2861;48;0;1
FR;3;2022-10-01;0;0;0;0;0;0;0;0;0;4416875;3441716;4463;2;3613811;2861;48;0;1
FR;3;2022-10-02;0;0;0;0;0;0;0;0;0;4416875;3441716;4463;2;3613811;2861;48;0;1
FR;3;2022-10-03;0;0;0;0;0;0;0;0;0;4416875;3441716;4463;2;3613811;2861;48;0;1
FR;3;2022-10-04;0;0;0;0;0;0;0;0;0;4416875;3441716;4463;2;3613811;2861;48;0;1
FR;3;2022-10-05;0;0;0;0;0;0;0;0;0;4416875;3441716;4463;2;3613811;2861;48;0;1
FR;3;2022-10-06;0;0;0;0;0;0;0;0;0;4416875;3441716;4463;2;3613811;2861;48;0;1
FR;3;2022-10-07;0;0;0;0;0;0;0;0;0;4416875;3441716;4463;2;3613811;2861;48;0;1
FR;3;2022-10-08;0;0;0;0;0;0;0;0;0;4416875;3441716;4463;2;3613811;2861;48;0;1
FR;3;2022-10-09;0;0;0;0;0;0;0;0;0;4416875;3441716;4463;2;3613811;2861;48;0;1
FR;3;2022-10-10;0;0;0;0;0;0;0;0;0;4416875;3441716;4463;2;3613811;2861;48;0;1
FR;3;2022-10-11;0;0;0;0;0;0;0;0;0;4416875;3441716;4463;2;3613811;2861;48;0;1
FR;3;2022-10-12;0;0;0;0;0;0;0;0;0;4416875;3441716;4463;2;3613811;2861;48;0;1
FR;3;2022-10-13;0;0;0;0;0;0;0;0;0;4416875;3441716;4463;2;3613811;2861;48;0;1
FR;3;2022-10-14;0;0;0;0;0;0;0;0;0;4416875;3441716;4463;2;3613811;2861;48;0;1
FR;3;2022-10-15;0;0;0;0;0;0;0;0;0;4416875;3441716;4463;2;3613811;2861;48;0;1
FR;3;2022-10-16;0;0;0;0;0;0;0;0;0;4416875;3441716;4463;2;3613811;2861;48;0;1
FR;3;2022-10-17;0;0;0;0;0;0;0;0;0;4416875;3441716;4463;2;3613811;2861;48;0;1
FR;3;2022-10-18;0;0;0;0;0;0;0;0;0;4416875;3441716;4463;2;3613811;2861;48;0;1
FR;3;2022-10-19;0;0;0;0;0;0;0;0;0;4416875;3441716;4463;2;3613811;2861;48;0;1
FR;3;2022-10-20;0;0;0;0;0;0;0;0;0;4416875;3441716;4463;2;3613811;2861;48;0;1
FR;3;2022-10-21;0;0;0;0;0;0;0;0;0;4416875;3441716;4463;2;3613811;2861;48;0;1
FR;3;2022-10-22;0;0;0;0;0;0;0;0;0;4416875;3441716;4463;2;3613811;2861;48;0;1
FR;3;2022-10-23;0;0;0;0;0;0;0;0;0;4416875;3441716;4463;2;3613811;2861;48;0;1
FR;3;2022-10-24;0;0;0;0;0;0;0;0;0;4416875;3441716;4463;2;3613811;2861;48;0;1
FR;3;2022-10-25;0;0;0;0;0;0;0;0;0;4416875;3441716;4463;2;3613811;2861;48;0;1
FR;3;2022-10-26;0;0;0;0;0;0;0;0;0;4416875;3441716;4463;2;3613811;2861;48;0;1
FR;3;2022-10-27;0;0;0;0;0;0;0;0;0;4416875;3441716;4463;2;3613811;2861;48;0;1
FR;3;2022-10-28;0;0;0;0;0;0;0;0;0;4416875;3441716;4463;2;3613811;2861;48;0;1
FR;3;2022-10-29;0;0;0;0;0;0;0;0;0;4416875;3441716;4463;2;3613811;2861;48;0;1
FR;3;2022-10-30;0;0;0;0;0;0;0;0;0;4416875;3441716;4463;2;3613811;2861;48;0;1
FR;3;2022-10-31;0;0;0;0;0;0;0;0;0;4416875;3441716;4463;2;3613811;2861;48;0;1
FR;3;2022-11-01;0;0;0;0;0;0;0;0;0;4416875;3441716;4463;2;3613811;2861;48;0;1
FR;3;2022-11-02;0;0;0;0;0;0;0;0;0;4416875;3441716;4463;2;3613811;2861;48;0;1
FR;3;2022-11-03;0;0;0;0;0;0;0;0;0;4416875;3441716;4463;2;3613811;2861;48;0;1
FR;3;2022-11-04;0;0;0;0;0;0;0;0;0;4416875;3441716;4463;2;3613811;2861;48;0;1
FR;3;2022-11-05;0;0;0;0;0;0;0;0;0;4416875;3441716;4463;2;3613811;2861;48;0;1
FR;3;2022-11-06;0;0;0;0;0;0;0;0;0;4416875;3441716;4463;2;3613811;2861;48;0;1
FR;3;2022-11-07;0;0;0;0;0;0;0;0;0;4416875;3441716;4463;2;3613811;2861;48;0;1
FR;3;2022-11-08;1;0;0;0;0;0;0;0;0;4416876;3441716;4463;2;3613811;2861;48;0;1
FR;3;2022-11-09;0;0;0;0;0;0;0;0;0;4416876;3441716;4463;2;3613811;2861;48;0;1
FR;3;2022-11-10;0;0;0;0;0;0;0;0;0;4416876;3441716;4463;2;3613811;2861;48;0;1
FR;3;2022-11-11;0;0;0;0;0;0;0;0;0;4416876;3441716;4463;2;3613811;2861;48;0;1
FR;3;2022-11-12;0;0;0;0;0;0;0;0;0;4416876;3441716;4463;2;3613811;2861;48;0;1
FR;3;2022-11-13;0;0;0;0;0;0;0;0;0;4416876;3441716;4463;2;3613811;2861;48;0;1
FR;3;2022-11-14;0;0;0;0;0;0;0;0;0;4416876;3441716;4463;2;3613811;2861;48;0;1
FR;3;2022-11-15;0;0;0;0;0;0;0;0;0;4416876;3441716;4463;2;3613811;2861;48;0;1
FR;3;2022-11-16;0;0;0;0;0;0;0;0;0;4416876;3441716;4463;2;3613811;2861;48;0;1
FR;3;2022-11-17;0;0;0;0;0;0;0;0;0;4416876;3441716;4463;2;3613811;2861;48;0;1
FR;3;2022-11-18;0;0;0;0;0;0;0;0;0;4416876;3441716;4463;2;3613811;2861;48;0;1
FR;3;2022-11-19;0;0;0;0;0;0;0;0;0;4416876;3441716;4463;2;3613811;2861;48;0;1
FR;3;2022-11-20;0;0;0;0;0;0;0;0;0;4416876;3441716;4463;2;3613811;2861;48;0;1
FR;3;2022-11-21;0;0;0;0;0;0;0;0;0;4416876;3441716;4463;2;3613811;2861;48;0;1
FR;3;2022-11-22;0;0;0;0;0;0;0;0;0;4416876;3441716;4463;2;3613811;2861;48;0;1
FR;3;2022-11-23;0;0;0;0;0;0;0;0;0;4416876;3441716;4463;2;3613811;2861;48;0;1
FR;3;2022-11-24;0;0;0;0;0;0;0;0;0;4416876;3441716;4463;2;3613811;2861;48;0;1
FR;3;2022-11-25;0;0;0;0;0;0;0;0;0;4416876;3441716;4463;2;3613811;2861;48;0;1
FR;3;2022-11-26;0;0;0;0;0;0;0;0;0;4416876;3441716;4463;2;3613811;2861;48;0;1
FR;3;2022-11-27;0;0;0;0;0;0;0;0;0;4416876;3441716;4463;2;3613811;2861;48;0;1
FR;3;2022-11-28;0;0;0;0;0;0;0;0;0;4416876;3441716;4463;2;3613811;2861;48;0;1
FR;3;2022-11-29;0;0;0;0;0;0;0;0;0;4416876;3441716;4463;2;3613811;2861;48;0;1
FR;3;2022-11-30;0;0;0;0;0;0;0;0;0;4416876;3441716;4463;2;3613811;2861;48;0;1
FR;3;2022-12-01;0;0;0;0;0;0;0;0;0;4416876;3441716;4463;2;3613811;2861;48;0;1
FR;3;2022-12-02;0;0;0;0;0;0;0;0;0;4416876;3441716;4463;2;3613811;2861;48;0;1
FR;3;2022-12-03;0;0;0;0;0;0;0;0;0;4416876;3441716;4463;2;3613811;2861;48;0;1
FR;3;2022-12-04;0;0;0;0;0;0;0;0;0;4416876;3441716;4463;2;3613811;2861;48;0;1
FR;3;2022-12-05;0;0;0;0;0;0;0;0;0;4416876;3441716;4463;2;3613811;2861;48;0;1
FR;3;2022-12-06;0;0;0;0;0;0;0;0;0;4416876;3441716;4463;2;3613811;2861;48;0;1
FR;3;2022-12-07;0;0;0;0;0;0;0;0;0;4416876;3441716;4463;2;3613811;2861;48;0;1
FR;3;2022-12-08;0;0;0;0;0;0;0;0;0;4416876;3441716;4463;2;3613811;2861;48;0;1
FR;3;2022-12-09;0;0;0;0;0;0;0;0;0;4416876;3441716;4463;2;3613811;2861;48;0;1
FR;3;2022-12-10;0;0;0;0;0;0;0;0;0;4416876;3441716;4463;2;3613811;2861;48;0;1
FR;3;2022-12-11;0;0;0;0;0;0;0;0;0;4416876;3441716;4463;2;3613811;2861;48;0;1
FR;3;2022-12-12;0;0;0;0;0;0;0;0;0;4416876;3441716;4463;2;3613811;2861;48;0;1
FR;3;2022-12-13;0;0;0;0;0;0;0;0;0;4416876;3441716;4463;2;3613811;2861;48;0;1
FR;3;2022-12-14;0;0;0;0;0;0;0;0;0;4416876;3441716;4463;2;3613811;2861;48;0;1
FR;3;2022-12-15;0;0;0;0;0;0;0;0;0;4416876;3441716;4463;2;3613811;2861;48;0;1
FR;3;2022-12-16;0;0;0;0;0;0;0;0;0;4416876;3441716;4463;2;3613811;2861;48;0;1
FR;3;2022-12-17;0;0;0;0;0;0;0;0;0;4416876;3441716;4463;2;3613811;2861;48;0;1
FR;3;2022-12-18;0;0;0;0;0;0;0;0;0;4416876;3441716;4463;2;3613811;2861;48;0;1
FR;3;2022-12-19;0;0;0;0;0;0;0;0;0;4416876;3441716;4463;2;3613811;2861;48;0;1
FR;3;2022-12-20;0;0;0;0;0;0;0;0;0;4416876;3441716;4463;2;3613811;2861;48;0;1
FR;3;2022-12-21;0;0;0;0;0;0;0;0;0;4416876;3441716;4463;2;3613811;2861;48;0;1
FR;3;2022-12-22;0;0;0;0;0;0;0;0;0;4416876;3441716;4463;2;3613811;2861;48;0;1
FR;3;2022-12-23;0;0;0;0;0;0;0;0;0;4416876;3441716;4463;2;3613811;2861;48;0;1
FR;3;2022-12-24;0;0;0;0;0;0;0;0;0;4416876;3441716;4463;2;3613811;2861;48;0;1
FR;3;2022-12-25;0;0;0;0;0;0;0;0;0;4416876;3441716;4463;2;3613811;2861;48;0;1
FR;3;2022-12-26;0;0;0;0;0;0;0;0;0;4416876;3441716;4463;2;3613811;2861;48;0;1
FR;3;2022-12-27;0;0;0;0;0;0;0;0;0;4416876;3441716;4463;2;3613811;2861;48;0;1
FR;3;2022-12-28;0;0;0;0;0;0;0;0;0;4416876;3441716;4463;2;3613811;2861;48;0;1
FR;3;2022-12-29;0;0;0;0;0;0;0;0;0;4416876;3441716;4463;2;3613811;2861;48;0;1
FR;3;2022-12-30;0;0;0;0;0;0;0;0;0;4416876;3441716;4463;2;3613811;2861;48;0;1
FR;3;2022-12-31;0;0;0;0;0;0;0;0;0;4416876;3441716;4463;2;3613811;2861;48;0;1
FR;3;2023-01-01;0;0;0;0;0;0;0;0;0;4416876;3441716;4463;2;3613811;2861;48;0;1
FR;3;2023-01-02;0;0;0;0;0;0;0;0;0;4416876;3441716;4463;2;3613811;2861;48;0;1
FR;3;2023-01-03;0;0;0;0;0;0;0;0;0;4416876;3441716;4463;2;3613811;2861;48;0;1
FR;3;2023-01-04;0;0;0;0;0;0;0;0;0;4416876;3441716;4463;2;3613811;2861;48;0;1
FR;3;2023-01-05;0;0;0;0;0;0;0;0;0;4416876;3441716;4463;2;3613811;2861;48;0;1
FR;3;2023-01-06;0;0;0;0;0;0;0;0;0;4416876;3441716;4463;2;3613811;2861;48;0;1
FR;3;2023-01-07;0;0;0;0;0;0;0;0;0;4416876;3441716;4463;2;3613811;2861;48;0;1
FR;3;2023-01-08;0;0;0;0;0;0;0;0;0;4416876;3441716;4463;2;3613811;2861;48;0;1
FR;3;2023-01-09;0;0;0;0;0;0;0;0;0;4416876;3441716;4463;2;3613811;2861;48;0;1
FR;3;2023-01-10;0;0;0;0;0;0;0;0;0;4416876;3441716;4463;2;3613811;2861;48;0;1
FR;3;2023-01-11;0;0;0;0;0;0;0;0;0;4416876;3441716;4463;2;3613811;2861;48;0;1
FR;3;2023-01-12;0;0;0;0;0;0;0;0;0;4416876;3441716;4463;2;3613811;2861;48;0;1
FR;3;2023-01-13;0;0;0;0;0;0;0;0;0;4416876;3441716;4463;2;3613811;2861;48;0;1
FR;3;2023-01-14;0;0;0;0;0;0;0;0;0;4416876;3441716;4463;2;3613811;2861;48;0;1
FR;3;2023-01-15;0;0;0;0;0;0;0;0;0;4416876;3441716;4463;2;3613811;2861;48;0;1
FR;3;2023-01-16;0;0;0;0;0;0;0;0;0;4416876;3441716;4463;2;3613811;2861;48;0;1
FR;3;2023-01-17;0;0;0;0;0;0;0;0;0;4416876;3441716;4463;2;3613811;2861;48;0;1
FR;3;2023-01-18;0;0;0;0;0;0;0;0;0;4416876;3441716;4463;2;3613811;2861;48;0;1
FR;3;2023-01-19;0;0;0;0;0;0;0;0;0;4416876;3441716;4463;2;3613811;2861;48;0;1
FR;3;2023-01-20;0;0;0;0;0;0;0;0;0;4416876;3441716;4463;2;3613811;2861;48;0;1
FR;3;2023-01-21;0;0;0;0;0;0;0;0;0;4416876;3441716;4463;2;3613811;2861;48;0;1
FR;3;2023-01-22;0;0;0;0;0;0;0;0;0;4416876;3441716;4463;2;3613811;2861;48;0;1
FR;3;2023-01-23;0;0;0;0;0;0;0;0;0;4416876;3441716;4463;2;3613811;2861;48;0;1
FR;3;2023-01-24;0;0;0;0;0;0;0;0;0;4416876;3441716;4463;2;3613811;2861;48;0;1
FR;3;2023-01-25;1;0;0;0;0;0;0;0;0;4416877;3441716;4463;2;3613811;2861;48;0;1
FR;3;2023-01-26;0;0;0;0;0;0;0;0;0;4416877;3441716;4463;2;3613811;2861;48;0;1
FR;3;2023-01-27;0;0;0;0;0;0;0;0;0;4416877;3441716;4463;2;3613811;2861;48;0;1
FR;3;2023-01-28;0;0;0;0;0;0;0;0;0;4416877;3441716;4463;2;3613811;2861;48;0;1
FR;3;2023-01-29;0;0;0;0;0;0;0;0;0;4416877;3441716;4463;2;3613811;2861;48;0;1
FR;3;2023-01-30;0;0;0;0;0;0;0;0;0;4416877;3441716;4463;2;3613811;2861;48;0;1
FR;3;2023-01-31;0;0;0;0;0;0;0;0;0;4416877;3441716;4463;2;3613811;2861;48;0;1
FR;3;2023-02-01;0;0;0;0;0;0;0;0;0;4416877;3441716;4463;2;3613811;2861;48;0;1
FR;3;2023-02-02;0;0;0;0;0;0;0;0;0;4416877;3441716;4463;2;3613811;2861;48;0;1
FR;3;2023-02-03;0;0;0;0;0;0;0;0;0;4416877;3441716;4463;2;3613811;2861;48;0;1
FR;3;2023-02-04;0;0;0;0;0;0;0;0;0;4416877;3441716;4463;2;3613811;2861;48;0;1
FR;3;2023-02-05;0;0;0;0;0;0;0;0;0;4416877;3441716;4463;2;3613811;2861;48;0;1
FR;3;2023-02-06;0;0;0;0;0;0;0;0;0;4416877;3441716;4463;2;3613811;2861;48;0;1
FR;3;2023-02-07;0;0;0;0;0;0;0;0;0;4416877;3441716;4463;2;3613811;2861;48;0;1
FR;3;2023-02-08;0;0;0;0;0;0;0;0;0;4416877;3441716;4463;2;3613811;2861;48;0;1
FR;3;2023-02-09;0;0;0;0;0;0;0;0;0;4416877;3441716;4463;2;3613811;2861;48;0;1
FR;3;2023-02-10;0;0;0;0;0;0;0;0;0;4416877;3441716;4463;2;3613811;2861;48;0;1
FR;3;2023-02-11;0;0;0;0;0;0;0;0;0;4416877;3441716;4463;2;3613811;2861;48;0;1
FR;3;2023-02-12;0;0;0;0;0;0;0;0;0;4416877;3441716;4463;2;3613811;2861;48;0;1
FR;3;2023-02-13;0;0;0;0;0;0;0;0;0;4416877;3441716;4463;2;3613811;2861;48;0;1
FR;3;2023-02-14;0;0;0;0;0;0;0;0;0;4416877;3441716;4463;2;3613811;2861;48;0;1
FR;3;2023-02-15;0;0;0;0;0;0;0;0;0;4416877;3441716;4463;2;3613811;2861;48;0;1
FR;3;2023-02-16;0;0;0;0;0;0;0;0;0;4416877;3441716;4463;2;3613811;2861;48;0;1
FR;3;2023-02-17;0;0;0;0;0;0;0;0;0;4416877;3441716;4463;2;3613811;2861;48;0;1
FR;3;2023-02-18;0;0;0;0;0;0;0;0;0;4416877;3441716;4463;2;3613811;2861;48;0;1
FR;3;2023-02-19;0;0;0;0;0;0;0;0;0;4416877;3441716;4463;2;3613811;2861;48;0;1
FR;3;2023-02-20;0;0;0;0;0;0;0;0;0;4416877;3441716;4463;2;3613811;2861;48;0;1
FR;3;2023-02-21;0;0;0;0;0;0;0;0;0;4416877;3441716;4463;2;3613811;2861;48;0;1
FR;3;2023-02-22;0;0;0;0;0;0;0;0;0;4416877;3441716;4463;2;3613811;2861;48;0;1
FR;3;2023-02-23;0;0;0;0;0;0;0;0;0;4416877;3441716;4463;2;3613811;2861;48;0;1
FR;3;2023-02-24;0;0;0;0;0;0;0;0;0;4416877;3441716;4463;2;3613811;2861;48;0;1
FR;3;2023-02-25;0;0;0;0;0;0;0;0;0;4416877;3441716;4463;2;3613811;2861;48;0;1
FR;3;2023-02-26;0;0;0;0;0;0;0;0;0;4416877;3441716;4463;2;3613811;2861;48;0;1
FR;3;2023-02-27;0;0;0;0;0;0;0;0;0;4416877;3441716;4463;2;3613811;2861;48;0;1
FR;3;2023-02-28;0;0;0;0;0;0;0;0;0;4416877;3441716;4463;2;3613811;2861;48;0;1
FR;3;2023-03-01;0;0;0;0;0;0;0;0;0;4416877;3441716;4463;2;3613811;2861;48;0;1
FR;3;2023-03-02;0;0;0;0;0;0;0;0;0;4416877;3441716;4463;2;3613811;2861;48;0;1
FR;3;2023-03-03;0;0;0;0;0;0;0;0;0;4416877;3441716;4463;2;3613811;2861;48;0;1
FR;3;2023-03-04;0;0;0;0;0;0;0;0;0;4416877;3441716;4463;2;3613811;2861;48;0;1
FR;3;2023-03-05;0;0;0;0;0;0;0;0;0;4416877;3441716;4463;2;3613811;2861;48;0;1
FR;3;2023-03-06;0;0;0;0;0;0;0;0;0;4416877;3441716;4463;2;3613811;2861;48;0;1
FR;3;2023-03-07;0;0;0;0;0;0;0;0;0;4416877;3441716;4463;2;3613811;2861;48;0;1
FR;3;2023-03-08;0;0;0;0;0;0;0;0;0;4416877;3441716;4463;2;3613811;2861;48;0;1
FR;3;2023-03-09;0;0;0;0;0;0;0;0;0;4416877;3441716;4463;2;3613811;2861;48;0;1
FR;3;2023-03-10;0;0;0;0;0;0;0;0;0;4416877;3441716;4463;2;3613811;2861;48;0;1
FR;3;2023-03-11;0;0;0;0;0;0;0;0;0;4416877;3441716;4463;2;3613811;2861;48;0;1
FR;3;2023-03-12;0;0;0;0;0;0;0;0;0;4416877;3441716;4463;2;3613811;2861;48;0;1
FR;3;2023-03-13;0;0;0;0;0;0;0;0;0;4416877;3441716;4463;2;3613811;2861;48;0;1
FR;3;2023-03-14;0;0;0;0;0;0;0;0;0;4416877;3441716;4463;2;3613811;2861;48;0;1
FR;3;2023-03-15;0;0;0;0;0;0;0;0;0;4416877;3441716;4463;2;3613811;2861;48;0;1
FR;3;2023-03-16;0;0;0;0;0;0;0;0;0;4416877;3441716;4463;2;3613811;2861;48;0;1
FR;3;2023-03-17;0;0;0;0;0;0;0;0;0;4416877;3441716;4463;2;3613811;2861;48;0;1
FR;3;2023-03-18;0;0;0;0;0;0;0;0;0;4416877;3441716;4463;2;3613811;2861;48;0;1
FR;3;2023-03-19;0;0;0;0;0;0;0;0;0;4416877;3441716;4463;2;3613811;2861;48;0;1
FR;3;2023-03-20;0;0;0;0;0;0;0;0;0;4416877;3441716;4463;2;3613811;2861;48;0;1
FR;3;2023-03-21;0;0;0;0;0;0;0;0;0;4416877;3441716;4463;2;3613811;2861;48;0;1
FR;3;2023-03-22;0;0;0;0;0;0;0;0;0;4416877;3441716;4463;2;3613811;2861;48;0;1
FR;3;2023-03-23;0;0;0;0;0;0;0;0;0;4416877;3441716;4463;2;3613811;2861;48;0;1
FR;3;2023-03-24;0;0;0;0;0;0;0;0;0;4416877;3441716;4463;2;3613811;2861;48;0;1
FR;3;2023-03-25;0;0;0;0;0;0;0;0;0;4416877;3441716;4463;2;3613811;2861;48;0;1
FR;3;2023-03-26;0;0;0;0;0;0;0;0;0;4416877;3441716;4463;2;3613811;2861;48;0;1
FR;3;2023-03-27;0;0;0;0;0;0;0;0;0;4416877;3441716;4463;2;3613811;2861;48;0;1
FR;3;2023-03-28;0;0;0;0;0;0;0;0;0;4416877;3441716;4463;2;3613811;2861;48;0;1
FR;3;2023-03-29;0;0;0;0;0;0;0;0;0;4416877;3441716;4463;2;3613811;2861;48;0;1
FR;3;2023-03-30;0;0;0;0;0;0;0;0;0;4416877;3441716;4463;2;3613811;2861;48;0;1
FR;3;2023-03-31;0;0;0;0;0;0;0;0;0;4416877;3441716;4463;2;3613811;2861;48;0;1
FR;3;2023-04-01;0;0;0;0;0;0;0;0;0;4416877;3441716;4463;2;3613811;2861;48;0;1
FR;3;2023-04-02;0;0;0;0;0;0;0;0;0;4416877;3441716;4463;2;3613811;2861;48;0;1
FR;3;2023-04-03;0;0;0;0;0;0;0;0;0;4416877;3441716;4463;2;3613811;2861;48;0;1
FR;3;2023-04-04;0;0;0;0;0;0;0;0;0;4416877;3441716;4463;2;3613811;2861;48;0;1
FR;3;2023-04-05;0;0;0;0;0;0;0;0;0;4416877;3441716;4463;2;3613811;2861;48;0;1
FR;3;2023-04-06;0;0;0;0;0;0;0;0;0;4416877;3441716;4463;2;3613811;2861;48;0;1
FR;3;2023-04-07;0;0;0;0;0;0;0;0;0;4416877;3441716;4463;2;3613811;2861;48;0;1
FR;3;2023-04-08;0;0;0;0;0;0;0;0;0;4416877;3441716;4463;2;3613811;2861;48;0;1
FR;3;2023-04-09;0;0;0;0;0;0;0;0;0;4416877;3441716;4463;2;3613811;2861;48;0;1
FR;3;2023-04-10;0;0;0;0;0;0;0;0;0;4416877;3441716;4463;2;3613811;2861;48;0;1
FR;3;2023-04-11;0;0;0;0;0;0;0;0;0;4416877;3441716;4463;2;3613811;2861;48;0;1
FR;3;2023-04-12;0;0;0;0;0;0;0;0;0;4416877;3441716;4463;2;3613811;2861;48;0;1
FR;3;2023-04-13;0;0;0;0;0;0;0;0;0;4416877;3441716;4463;2;3613811;2861;48;0;1
FR;3;2023-04-14;0;0;0;0;0;0;0;0;0;4416877;3441716;4463;2;3613811;2861;48;0;1
FR;3;2023-04-15;0;0;0;0;0;0;0;0;0;4416877;3441716;4463;2;3613811;2861;48;0;1
FR;3;2023-04-16;0;0;0;0;0;0;0;0;0;4416877;3441716;4463;2;3613811;2861;48;0;1
FR;3;2023-04-17;0;0;0;0;0;0;0;0;0;4416877;3441716;4463;2;3613811;2861;48;0;1
FR;3;2023-04-18;0;0;0;0;0;0;0;0;0;4416877;3441716;4463;2;3613811;2861;48;0;1
FR;3;2023-04-19;0;0;0;0;0;0;0;0;0;4416877;3441716;4463;2;3613811;2861;48;0;1
FR;3;2023-04-20;0;0;0;0;0;0;0;0;0;4416877;3441716;4463;2;3613811;2861;48;0;1
FR;3;2023-04-21;0;0;0;0;0;0;0;0;0;4416877;3441716;4463;2;3613811;2861;48;0;1
FR;3;2023-04-22;0;0;0;0;0;0;0;0;0;4416877;3441716;4463;2;3613811;2861;48;0;1
FR;3;2023-04-23;0;0;0;0;0;0;0;0;0;4416877;3441716;4463;2;3613811;2861;48;0;1
FR;3;2023-04-24;0;0;0;0;0;0;0;0;0;4416877;3441716;4463;2;3613811;2861;48;0;1
FR;3;2023-04-25;0;0;0;0;0;0;0;0;0;4416877;3441716;4463;2;3613811;2861;48;0;1
FR;3;2023-04-26;0;0;0;0;0;0;0;0;0;4416877;3441716;4463;2;3613811;2861;48;0;1
FR;3;2023-04-27;0;0;0;0;0;0;0;0;0;4416877;3441716;4463;2;3613811;2861;48;0;1
FR;3;2023-04-28;0;0;0;0;0;0;0;0;0;4416877;3441716;4463;2;3613811;2861;48;0;1
FR;3;2023-04-29;0;0;0;0;0;0;0;0;0;4416877;3441716;4463;2;3613811;2861;48;0;1
FR;3;2023-04-30;0;0;0;0;0;0;0;0;0;4416877;3441716;4463;2;3613811;2861;48;0;1
FR;3;2023-05-01;0;0;0;0;0;0;0;0;0;4416877;3441716;4463;2;3613811;2861;48;0;1
FR;3;2023-05-02;0;0;0;0;0;0;0;0;0;4416877;3441716;4463;2;3613811;2861;48;0;1
FR;3;2023-05-03;0;0;0;0;0;0;0;0;0;4416877;3441716;4463;2;3613811;2861;48;0;1
FR;3;2023-05-04;0;0;0;0;0;0;0;0;0;4416877;3441716;4463;2;3613811;2861;48;0;1
FR;3;2023-05-05;0;0;0;0;0;0;0;0;0;4416877;3441716;4463;2;3613811;2861;48;0;1
FR;3;2023-05-06;0;0;0;0;0;0;0;0;0;4416877;3441716;4463;2;3613811;2861;48;0;1
FR;3;2023-05-07;0;0;0;0;0;0;0;0;0;4416877;3441716;4463;2;3613811;2861;48;0;1
FR;3;2023-05-08;0;0;0;0;0;0;0;0;0;4416877;3441716;4463;2;3613811;2861;48;0;1
FR;3;2023-05-09;0;0;0;0;0;0;0;0;0;4416877;3441716;4463;2;3613811;2861;48;0;1
FR;3;2023-05-10;0;0;0;0;0;0;0;0;0;4416877;3441716;4463;2;3613811;2861;48;0;1
FR;3;2023-05-11;0;0;0;0;0;0;0;0;0;4416877;3441716;4463;2;3613811;2861;48;0;1
FR;3;2023-05-12;0;0;0;0;0;0;0;0;0;4416877;3441716;4463;2;3613811;2861;48;0;1
FR;3;2023-05-13;0;0;0;0;0;0;0;0;0;4416877;3441716;4463;2;3613811;2861;48;0;1
FR;3;2023-05-14;0;0;0;0;0;0;0;0;0;4416877;3441716;4463;2;3613811;2861;48;0;1
FR;3;2023-05-15;0;0;0;0;0;0;0;0;0;4416877;3441716;4463;2;3613811;2861;48;0;1
FR;3;2023-05-16;0;0;0;0;0;0;0;0;0;4416877;3441716;4463;2;3613811;2861;48;0;1
FR;3;2023-05-17;0;0;0;0;0;0;0;0;0;4416877;3441716;4463;2;3613811;2861;48;0;1
FR;3;2023-05-18;0;0;0;0;0;0;0;0;0;4416877;3441716;4463;2;3613811;2861;48;0;1
FR;3;2023-05-19;0;0;0;0;0;0;0;0;0;4416877;3441716;4463;2;3613811;2861;48;0;1
FR;3;2023-05-20;0;0;0;0;0;0;0;0;0;4416877;3441716;4463;2;3613811;2861;48;0;1
FR;3;2023-05-21;0;0;0;0;0;0;0;0;0;4416877;3441716;4463;2;3613811;2861;48;0;1
FR;3;2023-05-22;0;0;0;0;0;0;0;0;0;4416877;3441716;4463;2;3613811;2861;48;0;1
FR;3;2023-05-23;0;0;0;0;0;0;0;0;0;4416877;3441716;4463;2;3613811;2861;48;0;1
FR;3;2023-05-24;0;0;0;0;0;0;0;0;0;4416877;3441716;4463;2;3613811;2861;48;0;1
FR;3;2023-05-25;0;0;0;0;0;0;0;0;0;4416877;3441716;4463;2;3613811;2861;48;0;1
FR;3;2023-05-26;0;0;0;0;0;0;0;0;0;4416877;3441716;4463;2;3613811;2861;48;0;1
FR;3;2023-05-27;0;0;0;0;0;0;0;0;0;4416877;3441716;4463;2;3613811;2861;48;0;1
FR;3;2023-05-28;0;0;0;0;0;0;0;0;0;4416877;3441716;4463;2;3613811;2861;48;0;1
FR;3;2023-05-29;0;0;0;0;0;0;0;0;0;4416877;3441716;4463;2;3613811;2861;48;0;1
FR;3;2023-05-30;0;0;0;0;0;0;0;0;0;4416877;3441716;4463;2;3613811;2861;48;0;1
FR;3;2023-05-31;0;0;0;0;0;0;0;0;0;4416877;3441716;4463;2;3613811;2861;48;0;1
FR;3;2023-06-01;0;0;0;0;0;0;0;0;0;4416877;3441716;4463;2;3613811;2861;48;0;1
FR;3;2023-06-02;0;0;0;0;0;0;0;0;0;4416877;3441716;4463;2;3613811;2861;48;0;1
FR;3;2023-06-03;0;0;0;0;0;0;0;0;0;4416877;3441716;4463;2;3613811;2861;48;0;1
FR;3;2023-06-04;0;0;0;0;0;0;0;0;0;4416877;3441716;4463;2;3613811;2861;48;0;1
FR;3;2023-06-05;0;0;0;0;0;0;0;0;0;4416877;3441716;4463;2;3613811;2861;48;0;1
FR;3;2023-06-06;0;0;0;0;0;0;0;0;0;4416877;3441716;4463;2;3613811;2861;48;0;1
FR;3;2023-06-07;0;0;0;0;0;0;0;0;0;4416877;3441716;4463;2;3613811;2861;48;0;1
FR;3;2023-06-08;0;0;0;0;0;0;0;0;0;4416877;3441716;4463;2;3613811;2861;48;0;1
FR;3;2023-06-09;0;0;0;0;0;0;0;0;0;4416877;3441716;4463;2;3613811;2861;48;0;1
FR;3;2023-06-10;0;0;0;0;0;0;0;0;0;4416877;3441716;4463;2;3613811;2861;48;0;1
FR;3;2023-06-11;0;0;0;0;0;0;0;0;0;4416877;3441716;4463;2;3613811;2861;48;0;1
FR;3;2023-06-12;0;0;0;0;0;0;0;0;0;4416877;3441716;4463;2;3613811;2861;48;0;1
FR;3;2023-06-13;0;0;0;0;0;0;0;0;0;4416877;3441716;4463;2;3613811;2861;48;0;1
FR;3;2023-06-14;0;0;0;0;0;0;0;0;0;4416877;3441716;4463;2;3613811;2861;48;0;1
FR;3;2023-06-15;0;0;0;0;0;0;0;0;0;4416877;3441716;4463;2;3613811;2861;48;0;1
FR;3;2023-06-16;0;0;0;0;0;0;0;0;0;4416877;3441716;4463;2;3613811;2861;48;0;1
FR;3;2023-06-17;0;0;0;0;0;0;0;0;0;4416877;3441716;4463;2;3613811;2861;48;0;1
FR;3;2023-06-18;0;0;0;0;0;0;0;0;0;4416877;3441716;4463;2;3613811;2861;48;0;1
FR;3;2023-06-19;0;0;0;0;0;0;0;0;0;4416877;3441716;4463;2;3613811;2861;48;0;1
FR;3;2023-06-20;0;0;0;0;0;0;0;0;0;4416877;3441716;4463;2;3613811;2861;48;0;1
FR;3;2023-06-21;0;0;0;0;0;0;0;0;0;4416877;3441716;4463;2;3613811;2861;48;0;1
FR;3;2023-06-22;0;0;0;0;0;0;0;0;0;4416877;3441716;4463;2;3613811;2861;48;0;1
FR;3;2023-06-23;0;0;0;0;0;0;0;0;0;4416877;3441716;4463;2;3613811;2861;48;0;1
FR;3;2023-06-24;0;0;0;0;0;0;0;0;0;4416877;3441716;4463;2;3613811;2861;48;0;1
FR;3;2023-06-25;0;0;0;0;0;0;0;0;0;4416877;3441716;4463;2;3613811;2861;48;0;1
FR;3;2023-06-26;0;0;0;0;0;0;0;0;0;4416877;3441716;4463;2;3613811;2861;48;0;1
FR;4;2020-12-27;0;0;0;0;0;0;0;0;0;0;0;0;0;0;0;0;0;0
FR;4;2020-12-28;0;0;0;0;0;0;0;0;0;0;0;0;0;0;0;0;0;0
FR;4;2020-12-29;0;0;0;0;0;0;0;0;0;0;0;0;0;0;0;0;0;0
FR;4;2020-12-30;0;0;0;0;0;0;0;0;0;0;0;0;0;0;0;0;0;0
FR;4;2020-12-31;0;0;0;0;0;0;0;0;0;0;0;0;0;0;0;0;0;0
FR;4;2021-01-01;0;0;0;0;0;0;0;0;0;0;0;0;0;0;0;0;0;0
FR;4;2021-01-02;0;0;0;0;0;0;0;0;0;0;0;0;0;0;0;0;0;0
FR;4;2021-01-03;0;0;0;0;0;0;0;0;0;0;0;0;0;0;0;0;0;0
FR;4;2021-01-04;0;0;0;0;0;0;0;0;0;0;0;0;0;0;0;0;0;0
FR;4;2021-01-05;0;0;0;0;0;0;0;0;0;0;0;0;0;0;0;0;0;0
FR;4;2021-01-06;0;0;0;0;0;0;0;0;0;0;0;0;0;0;0;0;0;0
FR;4;2021-01-07;0;0;0;0;0;0;0;0;0;0;0;0;0;0;0;0;0;0
FR;4;2021-01-08;0;0;0;0;0;0;0;0;0;0;0;0;0;0;0;0;0;0
FR;4;2021-01-09;0;0;0;0;0;0;0;0;0;0;0;0;0;0;0;0;0;0
FR;4;2021-01-10;0;0;0;0;0;0;0;0;0;0;0;0;0;0;0;0;0;0
FR;4;2021-01-11;0;0;0;0;0;0;0;0;0;0;0;0;0;0;0;0;0;0
FR;4;2021-01-12;0;0;0;0;0;0;0;0;0;0;0;0;0;0;0;0;0;0
FR;4;2021-01-13;0;0;0;0;0;0;0;0;0;0;0;0;0;0;0;0;0;0
FR;4;2021-01-14;0;0;0;0;0;0;0;0;0;0;0;0;0;0;0;0;0;0
FR;4;2021-01-15;0;0;0;0;0;0;0;0;0;0;0;0;0;0;0;0;0;0
FR;4;2021-01-16;0;0;0;0;0;0;0;0;0;0;0;0;0;0;0;0;0;0
FR;4;2021-01-17;0;0;0;0;0;0;0;0;0;0;0;0;0;0;0;0;0;0
FR;4;2021-01-18;0;0;0;0;0;0;0;0;0;0;0;0;0;0;0;0;0;0
FR;4;2021-01-19;0;0;0;0;0;0;0;0;0;0;0;0;0;0;0;0;0;0
FR;4;2021-01-20;0;0;0;0;0;0;0;0;0;0;0;0;0;0;0;0;0;0
FR;4;2021-01-21;0;0;0;0;0;0;0;0;0;0;0;0;0;0;0;0;0;0
FR;4;2021-01-22;0;0;0;0;0;0;0;0;0;0;0;0;0;0;0;0;0;0
FR;4;2021-01-23;0;0;0;0;0;0;0;0;0;0;0;0;0;0;0;0;0;0
FR;4;2021-01-24;0;0;0;0;0;0;0;0;0;0;0;0;0;0;0;0;0;0
FR;4;2021-01-25;0;0;0;0;0;0;0;0;0;0;0;0;0;0;0;0;0;0
FR;4;2021-01-26;0;0;0;0;0;0;0;0;0;0;0;0;0;0;0;0;0;0
FR;4;2021-01-27;0;0;0;0;0;0;0;0;0;0;0;0;0;0;0;0;0;0
FR;4;2021-01-28;0;0;0;0;0;0;0;0;0;0;0;0;0;0;0;0;0;0
FR;4;2021-01-29;0;0;0;0;0;0;0;0;0;0;0;0;0;0;0;0;0;0
FR;4;2021-01-30;0;0;0;0;0;0;0;0;0;0;0;0;0;0;0;0;0;0
FR;4;2021-01-31;0;0;0;0;0;0;0;0;0;0;0;0;0;0;0;0;0;0
FR;4;2021-02-01;0;0;0;0;0;0;0;0;0;0;0;0;0;0;0;0;0;0
FR;4;2021-02-02;0;0;0;0;0;0;0;0;0;0;0;0;0;0;0;0;0;0
FR;4;2021-02-03;0;0;0;0;0;0;0;0;0;0;0;0;0;0;0;0;0;0
FR;4;2021-02-04;0;0;0;0;0;0;0;0;0;0;0;0;0;0;0;0;0;0
FR;4;2021-02-05;0;0;0;0;0;0;0;0;0;0;0;0;0;0;0;0;0;0
FR;4;2021-02-06;0;0;0;0;0;0;0;0;0;0;0;0;0;0;0;0;0;0
FR;4;2021-02-07;0;0;0;0;0;0;0;0;0;0;0;0;0;0;0;0;0;0
FR;4;2021-02-08;0;0;0;0;0;0;0;0;0;0;0;0;0;0;0;0;0;0
FR;4;2021-02-09;0;0;0;0;0;0;0;0;0;0;0;0;0;0;0;0;0;0
FR;4;2021-02-10;0;0;0;0;0;0;0;0;0;0;0;0;0;0;0;0;0;0
FR;4;2021-02-11;0;0;0;0;0;0;0;0;0;0;0;0;0;0;0;0;0;0
FR;4;2021-02-12;0;0;0;0;0;0;0;0;0;0;0;0;0;0;0;0;0;0
FR;4;2021-02-13;0;0;0;0;0;0;0;0;0;0;0;0;0;0;0;0;0;0
FR;4;2021-02-14;0;0;0;0;0;0;0;0;0;0;0;0;0;0;0;0;0;0
FR;4;2021-02-15;0;0;0;0;0;0;0;0;0;0;0;0;0;0;0;0;0;0
FR;4;2021-02-16;0;0;0;0;0;0;0;0;0;0;0;0;0;0;0;0;0;0
FR;4;2021-02-17;0;0;0;0;0;0;0;0;0;0;0;0;0;0;0;0;0;0
FR;4;2021-02-18;0;0;0;0;0;0;0;0;0;0;0;0;0;0;0;0;0;0
FR;4;2021-02-19;0;0;0;0;0;0;0;0;0;0;0;0;0;0;0;0;0;0
FR;4;2021-02-20;0;0;0;0;0;0;0;0;0;0;0;0;0;0;0;0;0;0
FR;4;2021-02-21;0;0;0;0;0;0;0;0;0;0;0;0;0;0;0;0;0;0
FR;4;2021-02-22;0;0;0;0;0;0;0;0;0;0;0;0;0;0;0;0;0;0
FR;4;2021-02-23;0;0;0;0;0;0;0;0;0;0;0;0;0;0;0;0;0;0
FR;4;2021-02-24;0;0;0;0;0;0;0;0;0;0;0;0;0;0;0;0;0;0
FR;4;2021-02-25;0;0;0;0;0;0;0;0;0;0;0;0;0;0;0;0;0;0
FR;4;2021-02-26;0;0;0;0;0;0;0;0;0;0;0;0;0;0;0;0;0;0
FR;4;2021-02-27;0;0;0;0;0;0;0;0;0;0;0;0;0;0;0;0;0;0
FR;4;2021-02-28;0;0;0;0;0;0;0;0;0;0;0;0;0;0;0;0;0;0
FR;4;2021-03-01;0;0;0;0;0;0;0;0;0;0;0;0;0;0;0;0;0;0
FR;4;2021-03-02;0;0;0;0;0;0;0;0;0;0;0;0;0;0;0;0;0;0
FR;4;2021-03-03;0;0;0;0;0;0;0;0;0;0;0;0;0;0;0;0;0;0
FR;4;2021-03-04;0;0;0;0;0;0;0;0;0;0;0;0;0;0;0;0;0;0
FR;4;2021-03-05;0;0;0;0;0;0;0;0;0;0;0;0;0;0;0;0;0;0
FR;4;2021-03-06;0;0;0;0;0;0;0;0;0;0;0;0;0;0;0;0;0;0
FR;4;2021-03-07;0;0;0;0;0;0;0;0;0;0;0;0;0;0;0;0;0;0
FR;4;2021-03-08;0;0;0;0;0;0;0;0;0;0;0;0;0;0;0;0;0;0
FR;4;2021-03-09;0;0;0;0;0;0;0;0;0;0;0;0;0;0;0;0;0;0
FR;4;2021-03-10;0;0;0;0;0;0;0;0;0;0;0;0;0;0;0;0;0;0
FR;4;2021-03-11;0;0;0;0;0;0;0;0;0;0;0;0;0;0;0;0;0;0
FR;4;2021-03-12;0;0;0;0;0;0;0;0;0;0;0;0;0;0;0;0;0;0
FR;4;2021-03-13;0;0;0;0;0;0;0;0;0;0;0;0;0;0;0;0;0;0
FR;4;2021-03-14;0;0;0;0;0;0;0;0;0;0;0;0;0;0;0;0;0;0
FR;4;2021-03-15;0;0;0;0;0;0;0;0;0;0;0;0;0;0;0;0;0;0
FR;4;2021-03-16;0;0;0;0;0;0;0;0;0;0;0;0;0;0;0;0;0;0
FR;4;2021-03-17;0;0;0;0;0;0;0;0;0;0;0;0;0;0;0;0;0;0
FR;4;2021-03-18;0;0;0;0;0;0;0;0;0;0;0;0;0;0;0;0;0;0
FR;4;2021-03-19;0;0;0;0;0;0;0;0;0;0;0;0;0;0;0;0;0;0
FR;4;2021-03-20;0;0;0;0;0;0;0;0;0;0;0;0;0;0;0;0;0;0
FR;4;2021-03-21;0;0;0;0;0;0;0;0;0;0;0;0;0;0;0;0;0;0
FR;4;2021-03-22;0;0;0;0;0;0;0;0;0;0;0;0;0;0;0;0;0;0
FR;4;2021-03-23;0;0;0;0;0;0;0;0;0;0;0;0;0;0;0;0;0;0
FR;4;2021-03-24;0;0;0;0;0;0;0;0;0;0;0;0;0;0;0;0;0;0
FR;4;2021-03-25;0;0;0;0;0;0;0;0;0;0;0;0;0;0;0;0;0;0
FR;4;2021-03-26;0;0;0;0;0;0;0;0;0;0;0;0;0;0;0;0;0;0
FR;4;2021-03-27;0;0;0;0;0;0;0;0;0;0;0;0;0;0;0;0;0;0
FR;4;2021-03-28;0;0;0;0;0;0;0;0;0;0;0;0;0;0;0;0;0;0
FR;4;2021-03-29;0;0;0;0;0;0;0;0;0;0;0;0;0;0;0;0;0;0
FR;4;2021-03-30;0;0;0;0;0;0;0;0;0;0;0;0;0;0;0;0;0;0
FR;4;2021-03-31;0;0;0;0;0;0;0;0;0;0;0;0;0;0;0;0;0;0
FR;4;2021-04-01;0;0;0;0;0;0;0;0;0;0;0;0;0;0;0;0;0;0
FR;4;2021-04-02;0;0;0;0;0;0;0;0;0;0;0;0;0;0;0;0;0;0
FR;4;2021-04-03;0;0;0;0;0;0;0;0;0;0;0;0;0;0;0;0;0;0
FR;4;2021-04-04;0;0;0;0;0;0;0;0;0;0;0;0;0;0;0;0;0;0
FR;4;2021-04-05;0;0;0;0;0;0;0;0;0;0;0;0;0;0;0;0;0;0
FR;4;2021-04-06;0;0;0;0;0;0;0;0;0;0;0;0;0;0;0;0;0;0
FR;4;2021-04-07;0;0;0;0;0;0;0;0;0;0;0;0;0;0;0;0;0;0
FR;4;2021-04-08;0;0;0;0;0;0;0;0;0;0;0;0;0;0;0;0;0;0
FR;4;2021-04-09;0;0;0;0;0;0;0;0;0;0;0;0;0;0;0;0;0;0
FR;4;2021-04-10;0;0;0;0;0;0;0;0;0;0;0;0;0;0;0;0;0;0
FR;4;2021-04-11;0;0;0;0;0;0;0;0;0;0;0;0;0;0;0;0;0;0
FR;4;2021-04-12;0;0;0;0;0;0;0;0;0;0;0;0;0;0;0;0;0;0
FR;4;2021-04-13;0;0;0;0;0;0;0;0;0;0;0;0;0;0;0;0;0;0
FR;4;2021-04-14;0;0;0;0;0;0;0;0;0;0;0;0;0;0;0;0;0;0
FR;4;2021-04-15;0;0;0;0;0;0;0;0;0;0;0;0;0;0;0;0;0;0
FR;4;2021-04-16;0;0;0;0;0;0;0;0;0;0;0;0;0;0;0;0;0;0
FR;4;2021-04-17;0;0;0;0;0;0;0;0;0;0;0;0;0;0;0;0;0;0
FR;4;2021-04-18;0;0;0;0;0;0;0;0;0;0;0;0;0;0;0;0;0;0
FR;4;2021-04-19;0;0;0;0;0;0;0;0;0;0;0;0;0;0;0;0;0;0
FR;4;2021-04-20;0;0;0;0;0;0;0;0;0;0;0;0;0;0;0;0;0;0
FR;4;2021-04-21;0;0;0;0;0;0;0;0;0;0;0;0;0;0;0;0;0;0
FR;4;2021-04-22;0;0;0;0;0;0;0;0;0;0;0;0;0;0;0;0;0;0
FR;4;2021-04-23;3660;0;0;0;3622;0;0;0;0;3660;0;0;0;3622;0;0;0;0
FR;4;2021-04-24;1570;1;0;0;1559;0;0;0;0;5230;1;0;0;5181;0;0;0;0
FR;4;2021-04-25;125;0;0;0;125;0;0;0;0;5355;1;0;0;5306;0;0;0;0
FR;4;2021-04-26;2872;1;0;0;2862;0;0;0;0;8227;2;0;0;8168;0;0;0;0
FR;4;2021-04-27;9520;3;0;0;9501;0;0;0;0;17747;5;0;0;17669;0;0;0;0
FR;4;2021-04-28;9910;6;0;0;9885;0;0;0;0;27657;11;0;0;27554;0;0;0;0
FR;4;2021-04-29;15995;8;0;0;15979;0;0;0;0;43652;19;0;0;43533;0;0;0;0
FR;4;2021-04-30;19234;10;0;0;19205;0;0;0;0;62886;29;0;0;62738;0;0;0;0
FR;4;2021-05-01;1994;6;0;0;1992;0;0;0;0;64880;35;0;0;64730;0;0;0;0
FR;4;2021-05-02;484;0;0;0;482;0;0;0;0;65364;35;0;0;65212;0;0;0;0
FR;4;2021-05-03;5066;2;0;0;5059;0;0;0;0;70430;37;0;0;70271;0;0;0;0
FR;4;2021-05-04;8411;11;0;0;8400;0;0;0;0;78841;48;0;0;78671;0;0;0;0
FR;4;2021-05-05;6193;7;0;0;6188;0;0;0;0;85034;55;0;0;84859;0;0;0;0
FR;4;2021-05-06;11388;11;0;0;11385;0;0;0;0;96422;66;0;0;96244;0;0;0;0
FR;4;2021-05-07;19126;9;0;0;19087;0;0;0;0;115548;75;0;0;115331;0;0;0;0
FR;4;2021-05-08;2376;7;0;0;2380;0;0;0;0;117924;82;0;0;117711;0;0;0;0
FR;4;2021-05-09;692;3;0;0;693;0;0;0;0;118616;85;0;0;118404;0;0;0;0
FR;4;2021-05-10;7246;5;1;0;7243;0;0;0;0;125862;90;1;0;125647;0;0;0;0
FR;4;2021-05-11;14325;13;0;0;14305;0;0;0;0;140187;103;1;0;139952;0;0;0;0
FR;4;2021-05-12;10176;15;0;0;10179;0;0;0;0;150363;118;1;0;150131;0;0;0;0
FR;4;2021-05-13;1584;4;0;0;1585;0;0;0;0;151947;122;1;0;151716;0;0;0;0
FR;4;2021-05-14;7768;7;0;0;7763;0;0;0;0;159715;129;1;0;159479;0;0;0;0
FR;4;2021-05-15;3721;8;1;0;3720;0;0;0;0;163436;137;2;0;163199;0;0;0;0
FR;4;2021-05-16;417;1;0;0;417;0;0;0;0;163853;138;2;0;163616;0;0;0;0
FR;4;2021-05-17;4485;8;0;0;4484;0;0;0;0;168338;146;2;0;168100;0;0;0;0
FR;4;2021-05-18;8769;10;0;0;8769;0;0;0;0;177107;156;2;0;176869;0;0;0;0
FR;4;2021-05-19;5699;7;0;0;5701;0;0;0;0;182806;163;2;0;182570;0;0;0;0
FR;4;2021-05-20;9487;8;0;0;9479;0;0;0;0;192293;171;2;0;192049;0;0;0;0
FR;4;2021-05-21;12816;30;0;0;12823;0;0;0;0;205109;201;2;0;204872;0;0;0;0
FR;4;2021-05-22;5063;15;0;0;5070;0;0;0;0;210172;216;2;0;209942;0;0;0;0
FR;4;2021-05-23;498;4;0;0;501;0;0;0;0;210670;220;2;0;210443;0;0;0;0
FR;4;2021-05-24;1062;7;0;0;1066;0;0;0;0;211732;227;2;0;211509;0;0;0;0
FR;4;2021-05-25;7637;16;0;0;7643;0;0;0;0;219369;243;2;0;219152;0;0;0;0
FR;4;2021-05-26;7731;16;0;0;7739;0;0;0;0;227100;259;2;0;226891;0;0;0;0
FR;4;2021-05-27;14340;35;0;0;14349;0;0;0;0;241440;294;2;0;241240;0;0;0;0
FR;4;2021-05-28;26593;82;1;0;26634;0;0;0;0;268033;376;3;0;267874;0;0;0;0
FR;4;2021-05-29;11385;19;0;0;11385;0;0;0;0;279418;395;3;0;279259;0;0;0;0
FR;4;2021-05-30;974;7;0;0;973;0;0;0;0;280392;402;3;0;280232;0;0;0;0
FR;4;2021-05-31;12701;21;0;0;12701;0;0;0;0;293093;423;3;0;292933;0;0;0;0
FR;4;2021-06-01;20283;48;1;0;20301;0;0;0;0;313376;471;4;0;313234;0;0;0;0
FR;4;2021-06-02;14526;33;0;0;14538;0;0;0;0;327902;504;4;0;327772;0;0;0;0
FR;4;2021-06-03;19436;24;1;0;19434;0;0;0;0;347338;528;5;0;347206;0;0;0;0
FR;4;2021-06-04;22520;48;0;0;22538;0;0;0;0;369858;576;5;0;369744;0;0;0;0
FR;4;2021-06-05;9717;32;0;0;9721;0;0;0;0;379575;608;5;0;379465;0;0;0;0
FR;4;2021-06-06;1041;2;0;0;1037;0;0;0;0;380616;610;5;0;380502;0;0;0;0
FR;4;2021-06-07;9230;19;0;0;9238;0;0;0;0;389846;629;5;0;389740;0;0;0;0
FR;4;2021-06-08;14613;32;0;0;14625;0;0;0;0;404459;661;5;0;404365;0;0;0;0
FR;4;2021-06-09;12218;25;0;0;12226;0;0;0;0;416677;686;5;0;416591;0;0;0;0
FR;4;2021-06-10;15408;30;0;0;15416;0;0;0;0;432085;716;5;0;432007;0;0;0;0
FR;4;2021-06-11;16990;57;0;0;17017;0;0;0;0;449075;773;5;0;449024;0;0;0;0
FR;4;2021-06-12;7454;27;0;0;7479;0;0;0;0;456529;800;5;0;456503;0;0;0;0
FR;4;2021-06-13;908;3;0;0;910;0;0;0;0;457437;803;5;0;457413;0;0;0;0
FR;4;2021-06-14;6652;27;0;0;6662;0;0;0;0;464089;830;5;0;464075;0;0;0;0
FR;4;2021-06-15;10896;39;0;0;10913;0;0;0;0;474985;869;5;0;474988;0;0;0;0
FR;4;2021-06-16;8909;17;0;0;8917;0;0;0;0;483894;886;5;0;483905;0;0;0;0
FR;4;2021-06-17;10903;36;0;0;10915;0;0;0;0;494797;922;5;0;494820;0;0;0;0
FR;4;2021-06-18;12427;45;0;0;12454;0;0;0;0;507224;967;5;0;507274;0;0;0;0
FR;4;2021-06-19;5568;25;0;0;5588;0;0;0;0;512792;992;5;0;512862;0;0;0;0
FR;4;2021-06-20;828;5;0;0;832;0;0;0;0;513620;997;5;0;513694;0;0;0;0
FR;4;2021-06-21;5107;21;0;0;5107;0;0;0;0;518727;1018;5;0;518801;0;0;0;0
FR;4;2021-06-22;7916;29;2;0;7934;0;0;0;0;526643;1047;7;0;526735;0;0;0;0
FR;4;2021-06-23;7106;43;2;0;7133;0;0;0;0;533749;1090;9;0;533868;0;0;0;0
FR;4;2021-06-24;8657;46;1;0;8689;0;0;0;0;542406;1136;10;0;542557;0;0;0;0
FR;4;2021-06-25;10179;41;2;0;10211;0;0;0;0;552585;1177;12;0;552768;0;0;0;0
FR;4;2021-06-26;4854;23;0;0;4871;0;0;0;0;557439;1200;12;0;557639;0;0;0;0
FR;4;2021-06-27;769;4;0;0;771;0;0;0;0;558208;1204;12;0;558410;0;0;0;0
FR;4;2021-06-28;4835;16;1;0;4844;0;0;0;0;563043;1220;13;0;563254;0;0;0;0
FR;4;2021-06-29;7110;28;2;0;7119;0;0;0;0;570153;1248;15;0;570373;0;0;0;0
FR;4;2021-06-30;6728;41;2;0;6756;0;0;0;0;576881;1289;17;0;577129;0;0;0;0
FR;4;2021-07-01;8213;42;0;0;8235;0;0;0;0;585094;1331;17;0;585364;0;0;0;0
FR;4;2021-07-02;9430;53;1;0;9470;0;0;0;0;594524;1384;18;0;594834;0;0;0;0
FR;4;2021-07-03;4848;20;0;0;4863;0;0;0;0;599372;1404;18;0;599697;0;0;0;0
FR;4;2021-07-04;690;5;0;0;692;0;0;0;0;600062;1409;18;0;600389;0;0;0;0
FR;4;2021-07-05;4776;19;2;0;4787;0;0;0;0;604838;1428;20;0;605176;0;0;0;0
FR;4;2021-07-06;7729;29;4;0;7742;0;0;0;0;612567;1457;24;0;612918;0;0;0;0
FR;4;2021-07-07;7088;34;2;0;7100;0;0;0;0;619655;1491;26;0;620018;0;0;0;0
FR;4;2021-07-08;9235;40;2;0;9258;0;0;0;0;628890;1531;28;0;629276;0;0;0;0
FR;4;2021-07-09;10282;34;1;0;10305;0;0;0;0;639172;1565;29;0;639581;0;0;0;0
FR;4;2021-07-10;4639;14;2;0;4646;0;0;0;0;643811;1579;31;0;644227;0;0;0;0
FR;4;2021-07-11;586;4;1;0;584;0;0;0;0;644397;1583;32;0;644811;0;0;0;0
FR;4;2021-07-12;5879;29;0;0;5901;0;0;0;0;650276;1612;32;0;650712;0;0;0;0
FR;4;2021-07-13;14231;29;0;0;14249;0;0;0;0;664507;1641;32;0;664961;0;0;0;0
FR;4;2021-07-14;2291;15;0;0;2291;0;0;0;0;666798;1656;32;0;667252;0;0;0;0
FR;4;2021-07-15;18239;37;0;0;18256;0;0;0;0;685037;1693;32;0;685508;0;0;0;0
FR;4;2021-07-16;22838;71;2;0;22888;0;0;0;0;707875;1764;34;0;708396;0;0;0;0
FR;4;2021-07-17;9741;20;0;0;9749;0;0;0;0;717616;1784;34;0;718145;0;0;0;0
FR;4;2021-07-18;1359;5;0;0;1362;0;0;0;0;718975;1789;34;0;719507;0;0;0;0
FR;4;2021-07-19;12991;30;1;0;13016;0;0;0;0;731966;1819;35;0;732523;0;0;0;0
FR;4;2021-07-20;17345;26;1;0;17361;0;0;0;0;749311;1845;36;0;749884;0;0;0;0
FR;4;2021-07-21;15623;33;0;0;15643;0;0;0;0;764934;1878;36;0;765527;0;0;0;0
FR;4;2021-07-22;18247;45;2;0;18271;0;0;0;0;783181;1923;38;0;783798;0;0;0;0
FR;4;2021-07-23;20420;57;7;0;20453;0;0;0;0;803601;1980;45;0;804251;0;0;0;0
FR;4;2021-07-24;9290;34;0;0;9305;0;0;0;0;812891;2014;45;0;813556;0;0;0;0
FR;4;2021-07-25;1356;11;0;0;1358;0;0;0;0;814247;2025;45;0;814914;0;0;0;0
FR;4;2021-07-26;11050;23;0;0;11057;0;0;0;0;825297;2048;45;0;825971;0;0;0;0
FR;4;2021-07-27;14688;35;3;0;14708;0;0;0;0;839985;2083;48;0;840679;0;0;0;0
FR;4;2021-07-28;12937;26;2;0;12954;0;0;0;0;852922;2109;50;0;853633;0;0;0;0
FR;4;2021-07-29;14098;54;4;0;14140;0;0;0;0;867020;2163;54;0;867773;0;0;0;0
FR;4;2021-07-30;15503;46;2;0;15533;0;0;0;0;882523;2209;56;0;883306;0;0;0;0
FR;4;2021-07-31;6845;14;2;0;6855;0;0;0;0;889368;2223;58;0;890161;0;0;0;0
FR;4;2021-08-01;906;1;0;0;901;0;0;0;0;890274;2224;58;0;891062;0;0;0;0
FR;4;2021-08-02;7918;31;0;0;7919;0;0;0;0;898192;2255;58;0;898981;0;0;0;0
FR;4;2021-08-03;10805;31;2;0;10801;0;0;0;0;908997;2286;60;0;909782;0;0;0;0
FR;4;2021-08-04;9749;29;0;0;9748;0;0;0;0;918746;2315;60;0;919530;0;0;0;0
FR;4;2021-08-05;9831;42;0;0;9837;0;0;0;0;928577;2357;60;0;929367;0;0;0;0
FR;4;2021-08-06;10201;30;3;0;10198;0;0;0;0;938778;2387;63;0;939565;0;0;0;0
FR;4;2021-08-07;5100;30;1;0;5116;0;0;0;0;943878;2417;64;0;944681;0;0;0;0
FR;4;2021-08-08;1225;13;0;0;1228;0;0;0;0;945103;2430;64;0;945909;0;0;0;0
FR;4;2021-08-09;6350;31;0;0;6343;0;0;0;0;951453;2461;64;0;952252;0;0;0;0
FR;4;2021-08-10;8753;18;0;0;8724;0;0;0;0;960206;2479;64;0;960976;0;0;0;0
FR;4;2021-08-11;7945;34;4;0;7934;0;0;0;0;968151;2513;68;0;968910;0;0;0;0
FR;4;2021-08-12;8585;31;1;0;8573;0;0;0;0;976736;2544;69;0;977483;0;0;0;0
FR;4;2021-08-13;7561;25;0;1;7548;0;0;0;0;984297;2569;69;1;985031;0;0;0;0
FR;4;2021-08-14;3793;20;0;0;3777;0;0;0;0;988090;2589;69;1;988808;0;0;0;0
FR;4;2021-08-15;771;5;0;0;773;0;0;0;0;988861;2594;69;1;989581;0;0;0;0
FR;4;2021-08-16;4010;17;0;0;4005;0;0;0;0;992871;2611;69;1;993586;0;0;0;0
FR;4;2021-08-17;5634;17;1;0;5624;0;0;0;0;998505;2628;70;1;999210;0;0;0;0
FR;4;2021-08-18;5172;37;0;0;5189;0;0;0;0;1003677;2665;70;1;1004399;0;0;0;0
FR;4;2021-08-19;5489;34;3;0;5503;0;0;0;0;1009166;2699;73;1;1009902;0;0;0;0
FR;4;2021-08-20;5225;25;1;0;5235;0;0;0;0;1014391;2724;74;1;1015137;0;0;0;0
FR;4;2021-08-21;2311;23;1;0;2328;0;0;0;0;1016702;2747;75;1;1017465;0;0;0;0
FR;4;2021-08-22;414;2;0;0;415;0;0;0;0;1017116;2749;75;1;1017880;0;0;0;0
FR;4;2021-08-23;2938;21;1;0;2946;0;0;0;0;1020054;2770;76;1;1020826;0;0;0;0
FR;4;2021-08-24;3758;16;0;0;3761;0;0;0;0;1023812;2786;76;1;1024587;0;0;0;0
FR;4;2021-08-25;3546;25;1;0;3562;0;0;0;0;1027358;2811;77;1;1028149;0;0;0;0
FR;4;2021-08-26;3716;21;2;0;3728;0;0;0;0;1031074;2832;79;1;1031877;0;0;0;0
FR;4;2021-08-27;3617;31;2;0;3635;0;0;0;0;1034691;2863;81;1;1035512;0;0;0;0
FR;4;2021-08-28;1732;10;1;0;1737;0;0;0;0;1036423;2873;82;1;1037249;0;0;0;0
FR;4;2021-08-29;385;7;1;0;389;0;0;0;0;1036808;2880;83;1;1037638;0;0;0;0
FR;4;2021-08-30;2010;25;0;0;2018;16;0;0;0;1038818;2905;83;1;1039656;16;0;0;0
FR;4;2021-08-31;2487;21;0;0;2494;14;0;0;0;1041305;2926;83;1;1042150;30;0;0;0
FR;4;2021-09-01;2085;38;1;0;2096;22;0;0;0;1043390;2964;84;1;1044246;52;0;0;0
FR;4;2021-09-02;2309;31;4;0;2322;18;0;0;0;1045699;2995;88;1;1046568;70;0;0;0
FR;4;2021-09-03;2366;44;5;0;2375;36;0;0;0;1048065;3039;93;1;1048943;106;0;0;0
FR;4;2021-09-04;1374;18;0;0;1381;9;0;0;0;1049439;3057;93;1;1050324;115;0;0;0
FR;4;2021-09-05;434;2;0;0;434;2;0;0;0;1049873;3059;93;1;1050758;117;0;0;0
FR;4;2021-09-06;1713;62;0;0;1750;24;0;0;0;1051586;3121;93;1;1052508;141;0;0;0
FR;4;2021-09-07;1681;18;0;0;1690;8;0;0;0;1053267;3139;93;1;1054198;149;0;0;0
FR;4;2021-09-08;1286;26;3;0;1291;19;0;0;0;1054553;3165;96;1;1055489;168;0;0;0
FR;4;2021-09-09;1394;23;2;0;1404;9;0;0;0;1055947;3188;98;1;1056893;177;0;0;0
FR;4;2021-09-10;1522;31;2;0;1526;23;1;0;0;1057469;3219;100;1;1058419;200;1;0;0
FR;4;2021-09-11;746;11;0;0;749;3;0;0;0;1058215;3230;100;1;1059168;203;1;0;0
FR;4;2021-09-12;169;5;0;0;170;4;0;0;0;1058384;3235;100;1;1059338;207;1;0;0
FR;4;2021-09-13;1325;22;1;0;1328;16;0;0;0;1059709;3257;101;1;1060666;223;1;0;0
FR;4;2021-09-14;1507;9;2;0;1509;7;0;0;0;1061216;3266;103;1;1062175;230;1;0;0
FR;4;2021-09-15;1095;28;1;0;1098;25;0;0;0;1062311;3294;104;1;1063273;255;1;0;0
FR;4;2021-09-16;1108;22;2;0;1112;15;0;0;0;1063419;3316;106;1;1064385;270;1;0;0
FR;4;2021-09-17;898;21;1;0;905;12;0;0;0;1064317;3337;107;1;1065290;282;1;0;0
FR;4;2021-09-18;464;7;1;0;465;6;0;0;0;1064781;3344;108;1;1065755;288;1;0;0
FR;4;2021-09-19;182;3;0;0;183;2;0;0;0;1064963;3347;108;1;1065938;290;1;0;0
FR;4;2021-09-20;452;19;0;0;458;13;0;0;0;1065415;3366;108;1;1066396;303;1;0;0
FR;4;2021-09-21;434;11;0;0;436;7;0;0;0;1065849;3377;108;1;1066832;310;1;0;0
FR;4;2021-09-22;377;19;4;0;384;15;0;0;0;1066226;3396;112;1;1067216;325;1;0;0
FR;4;2021-09-23;488;15;1;0;489;14;0;0;0;1066714;3411;113;1;1067705;339;1;0;0
FR;4;2021-09-24;416;13;2;0;420;9;0;0;0;1067130;3424;115;1;1068125;348;1;0;0
FR;4;2021-09-25;281;10;1;0;282;5;0;0;0;1067411;3434;116;1;1068407;353;1;0;0
FR;4;2021-09-26;75;2;0;0;76;1;0;0;0;1067486;3436;116;1;1068483;354;1;0;0
FR;4;2021-09-27;270;10;1;0;271;8;0;0;0;1067756;3446;117;1;1068754;362;1;0;0
FR;4;2021-09-28;319;8;0;0;319;8;0;0;0;1068075;3454;117;1;1069073;370;1;0;0
FR;4;2021-09-29;378;19;1;0;380;13;0;0;0;1068453;3473;118;1;1069453;383;1;0;0
FR;4;2021-09-30;367;41;0;0;381;22;0;0;0;1068820;3514;118;1;1069834;405;1;0;0
FR;4;2021-10-01;411;56;0;0;413;50;0;0;0;1069231;3570;118;1;1070247;455;1;0;0
FR;4;2021-10-02;196;23;1;0;198;14;0;0;0;1069427;3593;119;1;1070445;469;1;0;0
FR;4;2021-10-03;86;1;0;0;87;0;0;0;0;1069513;3594;119;1;1070532;469;1;0;0
FR;4;2021-10-04;363;20;1;0;367;16;0;0;0;1069876;3614;120;1;1070899;485;1;0;0
FR;4;2021-10-05;286;19;2;0;288;15;0;0;0;1070162;3633;122;1;1071187;500;1;0;0
FR;4;2021-10-06;249;23;1;0;254;18;0;0;0;1070411;3656;123;1;1071441;518;1;0;0
FR;4;2021-10-07;268;25;2;0;273;13;0;0;0;1070679;3681;125;1;1071714;531;1;0;0
FR;4;2021-10-08;357;24;2;0;360;20;0;0;0;1071036;3705;127;1;1072074;551;1;0;0
FR;4;2021-10-09;194;6;6;0;195;7;0;0;0;1071230;3711;133;1;1072269;558;1;0;0
FR;4;2021-10-10;97;3;2;0;99;3;0;0;0;1071327;3714;135;1;1072368;561;1;0;0
FR;4;2021-10-11;252;15;1;0;253;14;0;0;0;1071579;3729;136;1;1072621;575;1;0;0
FR;4;2021-10-12;211;14;0;0;211;13;0;0;0;1071790;3743;136;1;1072832;588;1;0;0
FR;4;2021-10-13;221;28;1;0;224;25;0;0;0;1072011;3771;137;1;1073056;613;1;0;0
FR;4;2021-10-14;316;21;4;0;320;15;0;0;0;1072327;3792;141;1;1073376;628;1;0;0
FR;4;2021-10-15;324;24;5;0;325;25;0;0;0;1072651;3816;146;1;1073701;653;1;0;0
FR;4;2021-10-16;167;6;2;0;167;6;0;0;0;1072818;3822;148;1;1073868;659;1;0;0
FR;4;2021-10-17;70;2;0;0;71;1;0;0;0;1072888;3824;148;1;1073939;660;1;0;0
FR;4;2021-10-18;282;16;1;0;284;13;0;0;0;1073170;3840;149;1;1074223;673;1;0;0
FR;4;2021-10-19;215;15;2;0;215;16;0;0;0;1073385;3855;151;1;1074438;689;1;0;0
FR;4;2021-10-20;232;27;4;0;235;15;0;0;0;1073617;3882;155;1;1074673;704;1;0;0
FR;4;2021-10-21;244;18;0;0;246;14;0;0;0;1073861;3900;155;1;1074919;718;1;0;0
FR;4;2021-10-22;217;25;2;0;219;20;1;0;0;1074078;3925;157;1;1075138;738;2;0;0
FR;4;2021-10-23;117;16;1;0;118;15;0;0;0;1074195;3941;158;1;1075256;753;2;0;0
FR;4;2021-10-24;39;4;0;0;39;1;0;0;0;1074234;3945;158;1;1075295;754;2;0;0
FR;4;2021-10-25;218;7;2;0;218;9;0;0;0;1074452;3952;160;1;1075513;763;2;0;0
FR;4;2021-10-26;200;14;0;0;202;12;0;0;0;1074652;3966;160;1;1075715;775;2;0;0
FR;4;2021-10-27;196;12;4;0;196;12;2;0;0;1074848;3978;164;1;1075911;787;4;0;0
FR;4;2021-10-28;187;18;5;0;187;22;0;0;0;1075035;3996;169;1;1076098;809;4;0;0
FR;4;2021-10-29;227;18;2;0;228;16;0;0;0;1075262;4014;171;1;1076326;825;4;0;0
FR;4;2021-10-30;104;2;1;0;105;2;0;0;0;1075366;4016;172;1;1076431;827;4;0;0
FR;4;2021-10-31;59;3;2;0;60;3;0;0;0;1075425;4019;174;1;1076491;830;4;0;0
FR;4;2021-11-01;76;27;4;0;77;24;3;0;0;1075501;4046;178;1;1076568;854;7;0;0
FR;4;2021-11-02;164;21;2;0;165;21;0;0;0;1075665;4067;180;1;1076733;875;7;0;0
FR;4;2021-11-03;133;21;8;1;134;19;6;0;0;1075798;4088;188;2;1076867;894;13;0;0
FR;4;2021-11-04;187;15;1;0;188;12;1;0;0;1075985;4103;189;2;1077055;906;14;0;0
FR;4;2021-11-05;132;17;1;0;133;16;0;0;0;1076117;4120;190;2;1077188;922;14;0;0
FR;4;2021-11-06;82;6;1;0;82;6;0;0;0;1076199;4126;191;2;1077270;928;14;0;0
FR;4;2021-11-07;83;2;2;0;83;4;0;0;0;1076282;4128;193;2;1077353;932;14;0;0
FR;4;2021-11-08;162;20;1;0;163;20;0;0;0;1076444;4148;194;2;1077516;952;14;0;0
FR;4;2021-11-09;159;14;3;0;159;16;0;0;0;1076603;4162;197;2;1077675;968;14;0;0
FR;4;2021-11-10;121;30;7;0;121;33;2;0;0;1076724;4192;204;2;1077796;1001;16;0;0
FR;4;2021-11-11;100;10;1;0;100;11;0;0;0;1076824;4202;205;2;1077896;1012;16;0;0
FR;4;2021-11-12;107;19;2;0;108;18;1;0;0;1076931;4221;207;2;1078004;1030;17;0;0
FR;4;2021-11-13;75;15;2;0;76;14;0;0;0;1077006;4236;209;2;1078080;1044;17;0;0
FR;4;2021-11-14;55;5;4;0;56;8;0;0;0;1077061;4241;213;2;1078136;1052;17;0;0
FR;4;2021-11-15;99;26;2;0;101;24;2;0;0;1077160;4267;215;2;1078237;1076;19;0;0
FR;4;2021-11-16;112;14;3;0;112;17;0;0;0;1077272;4281;218;2;1078349;1093;19;0;0
FR;4;2021-11-17;122;30;4;0;122;30;1;0;0;1077394;4311;222;2;1078471;1123;20;0;0
FR;4;2021-11-18;103;34;14;0;105;43;1;0;0;1077497;4345;236;2;1078576;1166;21;0;0
FR;4;2021-11-19;89;21;3;0;89;22;1;0;0;1077586;4366;239;2;1078665;1188;22;0;0
FR;4;2021-11-20;78;8;1;0;78;8;0;0;0;1077664;4374;240;2;1078743;1196;22;0;0
FR;4;2021-11-21;70;7;2;0;70;9;0;0;0;1077734;4381;242;2;1078813;1205;22;0;0
FR;4;2021-11-22;109;28;9;0;110;33;2;0;0;1077843;4409;251;2;1078923;1238;24;0;0
FR;4;2021-11-23;78;31;6;0;79;29;2;0;0;1077921;4440;257;2;1079002;1267;26;0;0
FR;4;2021-11-24;92;23;12;0;94;25;4;0;0;1078013;4463;269;2;1079096;1292;30;0;0
FR;4;2021-11-25;96;28;19;0;97;35;5;0;0;1078109;4491;288;2;1079193;1327;35;0;0
FR;4;2021-11-26;86;43;12;0;90;45;3;0;0;1078195;4534;300;2;1079283;1372;38;0;0
FR;4;2021-11-27;42;22;15;0;42;25;10;0;0;1078237;4556;315;2;1079325;1397;48;0;0
FR;4;2021-11-28;53;8;0;0;54;7;0;0;0;1078290;4564;315;2;1079379;1404;48;0;0
FR;4;2021-11-29;90;31;16;0;90;40;2;0;0;1078380;4595;331;2;1079469;1444;50;0;0
FR;4;2021-11-30;77;37;13;0;77;42;2;0;0;1078457;4632;344;2;1079546;1486;52;0;0
FR;4;2021-12-01;88;60;19;0;88;67;11;0;0;1078545;4692;363;2;1079634;1553;63;0;0
FR;4;2021-12-02;114;48;21;0;118;56;3;0;0;1078659;4740;384;2;1079752;1609;66;0;0
FR;4;2021-12-03;106;36;15;0;106;44;4;0;0;1078765;4776;399;2;1079858;1653;70;0;0
FR;4;2021-12-04;73;31;18;0;75;44;1;0;0;1078838;4807;417;2;1079933;1697;71;0;0
FR;4;2021-12-05;64;7;1;0;65;7;0;0;0;1078902;4814;418;2;1079998;1704;71;0;0
FR;4;2021-12-06;112;46;20;0;112;60;3;0;0;1079014;4860;438;2;1080110;1764;74;0;0
FR;4;2021-12-07;85;37;9;0;88;36;3;0;0;1079099;4897;447;2;1080198;1800;77;0;0
FR;4;2021-12-08;74;31;17;0;76;38;7;0;0;1079173;4928;464;2;1080274;1838;84;0;0
FR;4;2021-12-09;65;32;10;1;65;39;3;0;0;1079238;4960;474;3;1080339;1877;87;0;0
FR;4;2021-12-10;64;64;20;0;65;68;10;0;0;1079302;5024;494;3;1080404;1945;97;0;0
FR;4;2021-12-11;30;34;7;0;30;34;3;0;0;1079332;5058;501;3;1080434;1979;100;0;0
FR;4;2021-12-12;30;12;3;0;30;15;0;0;0;1079362;5070;504;3;1080464;1994;100;0;0
FR;4;2021-12-13;79;40;14;0;81;49;2;0;0;1079441;5110;518;3;1080545;2043;102;0;0
FR;4;2021-12-14;61;43;18;0;62;55;2;0;0;1079502;5153;536;3;1080607;2098;104;0;0
FR;4;2021-12-15;68;65;29;0;68;86;6;0;0;1079570;5218;565;3;1080675;2184;110;0;0
FR;4;2021-12-16;35;45;18;0;36;58;3;0;0;1079605;5263;583;3;1080711;2242;113;0;0
FR;4;2021-12-17;39;55;11;0;39;59;6;0;0;1079644;5318;594;3;1080750;2301;119;0;0
FR;4;2021-12-18;49;31;3;0;50;33;0;0;0;1079693;5349;597;3;1080800;2334;119;0;0
FR;4;2021-12-19;17;4;1;0;18;4;0;0;0;1079710;5353;598;3;1080818;2338;119;0;0
FR;4;2021-12-20;45;38;10;0;46;41;6;0;0;1079755;5391;608;3;1080864;2379;125;0;0
FR;4;2021-12-21;32;32;17;0;34;39;5;0;0;1079787;5423;625;3;1080898;2418;130;0;0
FR;4;2021-12-22;37;39;10;0;38;39;7;0;0;1079824;5462;635;3;1080936;2457;137;0;0
FR;4;2021-12-23;41;45;8;0;41;49;2;0;0;1079865;5507;643;3;1080977;2506;139;0;0
FR;4;2021-12-24;25;28;10;0;27;31;4;0;0;1079890;5535;653;3;1081004;2537;143;0;0
FR;4;2021-12-25;7;3;3;0;7;4;2;0;0;1079897;5538;656;3;1081011;2541;145;0;0
FR;4;2021-12-26;5;3;1;0;6;2;0;0;0;1079902;5541;657;3;1081017;2543;145;0;0
FR;4;2021-12-27;31;41;9;0;32;43;4;0;0;1079933;5582;666;3;1081049;2586;149;0;0
FR;4;2021-12-28;28;28;7;0;30;29;4;0;0;1079961;5610;673;3;1081079;2615;153;0;0
FR;4;2021-12-29;56;25;11;0;57;30;5;0;0;1080017;5635;684;3;1081136;2645;158;0;0
FR;4;2021-12-30;48;19;12;0;51;22;5;0;0;1080065;5654;696;3;1081187;2667;163;0;0
FR;4;2021-12-31;20;7;8;0;21;12;2;0;0;1080085;5661;704;3;1081208;2679;165;0;0
FR;4;2022-01-01;7;4;5;0;7;7;1;0;0;1080092;5665;709;3;1081215;2686;166;0;0
FR;4;2022-01-02;43;5;16;0;43;20;1;0;0;1080135;5670;725;3;1081258;2706;167;0;0
FR;4;2022-01-03;45;55;25;1;47;65;10;0;0;1080180;5725;750;4;1081305;2771;177;0;0
FR;4;2022-01-04;44;28;16;0;45;33;8;0;0;1080224;5753;766;4;1081350;2804;185;0;0
FR;4;2022-01-05;52;24;19;0;58;27;9;0;0;1080276;5777;785;4;1081408;2831;194;0;0
FR;4;2022-01-06;52;24;24;0;52;40;8;0;0;1080328;5801;809;4;1081460;2871;202;0;0
FR;4;2022-01-07;31;20;16;0;33;21;12;0;0;1080359;5821;825;4;1081493;2892;214;0;0
FR;4;2022-01-08;13;6;10;0;14;12;3;0;0;1080372;5827;835;4;1081507;2904;217;0;0
FR;4;2022-01-09;20;2;3;0;21;4;0;0;0;1080392;5829;838;4;1081528;2908;217;0;0
FR;4;2022-01-10;53;22;19;0;53;36;4;0;0;1080445;5851;857;4;1081581;2944;221;0;0
FR;4;2022-01-11;30;31;12;0;34;35;1;0;0;1080475;5882;869;4;1081615;2979;222;0;0
FR;4;2022-01-12;35;21;13;0;37;23;9;0;0;1080510;5903;882;4;1081652;3002;231;0;0
FR;4;2022-01-13;55;20;27;0;56;38;8;0;0;1080565;5923;909;4;1081708;3040;239;0;0
FR;4;2022-01-14;25;32;13;0;26;35;7;0;0;1080590;5955;922;4;1081734;3075;246;0;0
FR;4;2022-01-15;15;6;8;0;16;12;1;0;0;1080605;5961;930;4;1081750;3087;247;0;0
FR;4;2022-01-16;13;9;14;0;13;22;1;0;0;1080618;5970;944;4;1081763;3109;248;0;0
FR;4;2022-01-17;27;20;15;0;27;29;5;0;0;1080645;5990;959;4;1081790;3138;253;0;0
FR;4;2022-01-18;17;14;10;0;17;21;3;0;0;1080662;6004;969;4;1081807;3159;256;0;0
FR;4;2022-01-19;33;23;13;0;33;34;1;0;0;1080695;6027;982;4;1081840;3193;257;0;0
FR;4;2022-01-20;34;34;13;0;36;39;5;0;0;1080729;6061;995;4;1081876;3232;262;0;0
FR;4;2022-01-21;13;12;20;1;13;17;15;0;1;1080742;6073;1015;5;1081889;3249;277;0;1
FR;4;2022-01-22;30;13;3;0;30;14;2;0;0;1080772;6086;1018;5;1081919;3263;279;0;1
FR;4;2022-01-23;8;2;7;0;8;9;0;0;0;1080780;6088;1025;5;1081927;3272;279;0;1
FR;4;2022-01-24;14;21;9;0;15;28;1;0;0;1080794;6109;1034;5;1081942;3300;280;0;1
FR;4;2022-01-25;22;32;10;1;23;38;3;0;0;1080816;6141;1044;6;1081965;3338;283;0;1
FR;4;2022-01-26;20;17;9;1;21;21;4;0;0;1080836;6158;1053;7;1081986;3359;287;0;1
FR;4;2022-01-27;22;19;8;0;23;25;1;0;0;1080858;6177;1061;7;1082009;3384;288;0;1
FR;4;2022-01-28;14;23;8;0;15;26;4;0;0;1080872;6200;1069;7;1082024;3410;292;0;1
FR;4;2022-01-29;17;6;5;0;17;10;0;0;0;1080889;6206;1074;7;1082041;3420;292;0;1
FR;4;2022-01-30;19;3;2;0;19;5;0;0;0;1080908;6209;1076;7;1082060;3425;292;0;1
FR;4;2022-01-31;22;28;8;0;22;32;2;0;0;1080930;6237;1084;7;1082082;3457;294;0;1
FR;4;2022-02-01;13;24;13;0;15;25;9;0;0;1080943;6261;1097;7;1082097;3482;303;0;1
FR;4;2022-02-02;19;12;14;2;20;20;7;0;0;1080962;6273;1111;9;1082117;3502;310;0;1
FR;4;2022-02-03;16;24;11;0;18;29;4;0;0;1080978;6297;1122;9;1082135;3531;314;0;1
FR;4;2022-02-04;7;5;7;0;7;9;3;0;0;1080985;6302;1129;9;1082142;3540;317;0;1
FR;4;2022-02-05;7;14;1;0;8;13;1;0;0;1080992;6316;1130;9;1082150;3553;318;0;1
FR;4;2022-02-06;8;4;4;0;8;7;1;0;0;1081000;6320;1134;9;1082158;3560;319;0;1
FR;4;2022-02-07;15;20;8;0;17;20;6;0;0;1081015;6340;1142;9;1082175;3580;325;0;1
FR;4;2022-02-08;20;21;13;1;22;22;10;0;0;1081035;6361;1155;10;1082197;3602;335;0;1
FR;4;2022-02-09;18;12;9;0;19;17;2;0;0;1081053;6373;1164;10;1082216;3619;337;0;1
FR;4;2022-02-10;23;23;10;0;24;25;7;0;0;1081076;6396;1174;10;1082240;3644;344;0;1
FR;4;2022-02-11;18;15;8;0;18;20;3;0;0;1081094;6411;1182;10;1082258;3664;347;0;1
FR;4;2022-02-12;24;6;3;0;26;7;0;0;0;1081118;6417;1185;10;1082284;3671;347;0;1
FR;4;2022-02-13;7;3;3;0;7;6;0;0;0;1081125;6420;1188;10;1082291;3677;347;0;1
FR;4;2022-02-14;22;10;10;0;22;16;4;0;0;1081147;6430;1198;10;1082313;3693;351;0;1
FR;4;2022-02-15;18;7;2;0;18;8;0;0;0;1081165;6437;1200;10;1082331;3701;351;0;1
FR;4;2022-02-16;17;11;11;0;17;18;3;0;0;1081182;6448;1211;10;1082348;3719;354;0;1
FR;4;2022-02-17;11;4;5;0;11;7;2;0;0;1081193;6452;1216;10;1082359;3726;356;0;1
FR;4;2022-02-18;16;15;8;0;16;21;2;0;0;1081209;6467;1224;10;1082375;3747;358;0;1
FR;4;2022-02-19;16;4;2;0;17;5;0;0;0;1081225;6471;1226;10;1082392;3752;358;0;1
FR;4;2022-02-20;9;4;0;0;10;3;0;0;0;1081234;6475;1226;10;1082402;3755;358;0;1
FR;4;2022-02-21;24;5;4;0;24;7;2;0;0;1081258;6480;1230;10;1082426;3762;360;0;1
FR;4;2022-02-22;9;5;10;0;10;10;4;0;0;1081267;6485;1240;10;1082436;3772;364;0;1
FR;4;2022-02-23;17;6;10;0;17;10;5;0;0;1081284;6491;1250;10;1082453;3782;369;0;1
FR;4;2022-02-24;11;5;4;0;11;7;2;0;0;1081295;6496;1254;10;1082464;3789;371;0;1
FR;4;2022-02-25;17;5;7;0;17;6;6;0;0;1081312;6501;1261;10;1082481;3795;377;0;1
FR;4;2022-02-26;27;3;1;0;27;4;0;0;0;1081339;6504;1262;10;1082508;3799;377;0;1
FR;4;2022-02-27;9;0;1;0;9;1;0;0;0;1081348;6504;1263;10;1082517;3800;377;0;1
FR;4;2022-02-28;18;3;2;0;19;3;1;0;0;1081366;6507;1265;10;1082536;3803;378;0;1
FR;4;2022-03-01;8;4;7;0;8;5;5;0;0;1081374;6511;1272;10;1082544;3808;383;0;1
FR;4;2022-03-02;16;3;6;0;17;7;1;0;0;1081390;6514;1278;10;1082561;3815;384;0;1
FR;4;2022-03-03;19;5;3;0;19;6;1;0;0;1081409;6519;1281;10;1082580;3821;385;0;1
FR;4;2022-03-04;7;8;2;1;7;6;3;0;0;1081416;6527;1283;11;1082587;3827;388;0;1
FR;4;2022-03-05;9;2;0;0;9;2;0;0;0;1081425;6529;1283;11;1082596;3829;388;0;1
FR;4;2022-03-06;4;0;1;0;4;1;0;0;0;1081429;6529;1284;11;1082600;3830;388;0;1
FR;4;2022-03-07;11;6;2;0;11;5;2;0;0;1081440;6535;1286;11;1082611;3835;390;0;1
FR;4;2022-03-08;15;3;0;0;15;3;0;0;0;1081455;6538;1286;11;1082626;3838;390;0;1
FR;4;2022-03-09;9;7;2;0;11;7;0;0;0;1081464;6545;1288;11;1082637;3845;390;0;1
FR;4;2022-03-10;6;1;6;0;6;3;4;0;0;1081470;6546;1294;11;1082643;3848;394;0;1
FR;4;2022-03-11;10;4;5;0;12;2;5;0;0;1081480;6550;1299;11;1082655;3850;399;0;1
FR;4;2022-03-12;10;2;0;0;11;0;0;0;0;1081490;6552;1299;11;1082666;3850;399;0;1
FR;4;2022-03-13;6;2;1;0;7;2;0;0;0;1081496;6554;1300;11;1082673;3852;399;0;1
FR;4;2022-03-14;4;3;1;0;5;3;0;0;0;1081500;6557;1301;11;1082678;3855;399;0;1
FR;4;2022-03-15;8;8;3;0;10;7;2;0;0;1081508;6565;1304;11;1082688;3862;401;0;1
FR;4;2022-03-16;7;3;4;0;7;4;3;0;0;1081515;6568;1308;11;1082695;3866;404;0;1
FR;4;2022-03-17;4;4;1;0;4;5;0;0;0;1081519;6572;1309;11;1082699;3871;404;0;1
FR;4;2022-03-18;9;3;0;0;9;3;0;0;0;1081528;6575;1309;11;1082708;3874;404;0;1
FR;4;2022-03-19;1;1;1;0;1;2;0;0;0;1081529;6576;1310;11;1082709;3876;404;0;1
FR;4;2022-03-20;3;1;2;0;3;2;1;0;0;1081532;6577;1312;11;1082712;3878;405;0;1
FR;4;2022-03-21;6;4;1;0;6;5;0;0;0;1081538;6581;1313;11;1082718;3883;405;0;1
FR;4;2022-03-22;4;2;2;0;4;3;1;0;0;1081542;6583;1315;11;1082722;3886;406;0;1
FR;4;2022-03-23;6;4;5;0;6;8;1;0;0;1081548;6587;1320;11;1082728;3894;407;0;1
FR;4;2022-03-24;2;5;3;1;2;7;2;0;0;1081550;6592;1323;12;1082730;3901;409;0;1
FR;4;2022-03-25;4;1;2;0;4;1;2;0;0;1081554;6593;1325;12;1082734;3902;411;0;1
FR;4;2022-03-26;5;5;0;0;5;5;0;0;0;1081559;6598;1325;12;1082739;3907;411;0;1
FR;4;2022-03-27;1;0;3;0;1;2;1;0;0;1081560;6598;1328;12;1082740;3909;412;0;1
FR;4;2022-03-28;6;1;3;0;7;3;0;0;0;1081566;6599;1331;12;1082747;3912;412;0;1
FR;4;2022-03-29;9;0;4;1;9;0;2;0;0;1081575;6599;1335;13;1082756;3912;414;0;1
FR;4;2022-03-30;3;4;0;0;3;4;0;0;0;1081578;6603;1335;13;1082759;3916;414;0;1
FR;4;2022-03-31;5;3;2;1;5;4;1;0;0;1081583;6606;1337;14;1082764;3920;415;0;1
FR;4;2022-04-01;15;3;5;0;15;6;2;0;0;1081598;6609;1342;14;1082779;3926;417;0;1
FR;4;2022-04-02;4;4;0;0;5;3;0;0;0;1081602;6613;1342;14;1082784;3929;417;0;1
FR;4;2022-04-03;0;1;0;0;0;1;0;0;0;1081602;6614;1342;14;1082784;3930;417;0;1
FR;4;2022-04-04;4;4;4;0;5;5;2;0;0;1081606;6618;1346;14;1082789;3935;419;0;1
FR;4;2022-04-05;4;3;3;1;5;3;3;0;0;1081610;6621;1349;15;1082794;3938;422;0;1
FR;4;2022-04-06;6;1;0;0;6;1;0;0;0;1081616;6622;1349;15;1082800;3939;422;0;1
FR;4;2022-04-07;3;2;3;2;3;5;0;0;0;1081619;6624;1352;17;1082803;3944;422;0;1
FR;4;2022-04-08;4;2;1;0;4;2;1;0;0;1081623;6626;1353;17;1082807;3946;423;0;1
FR;4;2022-04-09;0;0;1;1;0;1;1;0;0;1081623;6626;1354;18;1082807;3947;424;0;1
FR;4;2022-04-10;2;2;0;0;2;2;0;0;0;1081625;6628;1354;18;1082809;3949;424;0;1
FR;4;2022-04-11;4;3;4;0;4;5;2;0;0;1081629;6631;1358;18;1082813;3954;426;0;1
FR;4;2022-04-12;6;1;4;0;6;2;3;0;0;1081635;6632;1362;18;1082819;3956;429;0;1
FR;4;2022-04-13;5;8;2;1;5;10;1;0;0;1081640;6640;1364;19;1082824;3966;430;0;1
FR;4;2022-04-14;6;4;2;1;7;5;1;0;0;1081646;6644;1366;20;1082831;3971;431;0;1
FR;4;2022-04-15;7;9;1;0;7;10;0;0;0;1081653;6653;1367;20;1082838;3981;431;0;1
FR;4;2022-04-16;1;0;0;0;1;0;0;0;0;1081654;6653;1367;20;1082839;3981;431;0;1
FR;4;2022-04-17;3;2;1;0;3;3;0;0;0;1081657;6655;1368;20;1082842;3984;431;0;1
FR;4;2022-04-18;2;2;6;0;2;4;4;0;0;1081659;6657;1374;20;1082844;3988;435;0;1
FR;4;2022-04-19;3;1;1;0;3;1;1;0;0;1081662;6658;1375;20;1082847;3989;436;0;1
FR;4;2022-04-20;15;4;1;1;16;3;1;0;0;1081677;6662;1376;21;1082863;3992;437;0;1
FR;4;2022-04-21;7;1;0;0;7;1;0;0;0;1081684;6663;1376;21;1082870;3993;437;0;1
FR;4;2022-04-22;1;1;2;0;1;2;1;0;0;1081685;6664;1378;21;1082871;3995;438;0;1
FR;4;2022-04-23;2;3;3;0;2;6;0;0;0;1081687;6667;1381;21;1082873;4001;438;0;1
FR;4;2022-04-24;0;3;0;0;0;3;0;0;0;1081687;6670;1381;21;1082873;4004;438;0;1
FR;4;2022-04-25;3;5;3;0;3;8;0;0;0;1081690;6675;1384;21;1082876;4012;438;0;1
FR;4;2022-04-26;5;6;1;0;5;6;1;0;0;1081695;6681;1385;21;1082881;4018;439;0;1
FR;4;2022-04-27;4;1;1;2;5;1;2;0;0;1081699;6682;1386;23;1082886;4019;441;0;1
FR;4;2022-04-28;3;5;5;1;3;7;4;0;0;1081702;6687;1391;24;1082889;4026;445;0;1
FR;4;2022-04-29;6;3;0;0;6;2;0;0;0;1081708;6690;1391;24;1082895;4028;445;0;1
FR;4;2022-04-30;2;1;1;0;2;2;0;0;0;1081710;6691;1392;24;1082897;4030;445;0;1
FR;4;2022-05-01;0;0;0;0;0;0;0;0;0;1081710;6691;1392;24;1082897;4030;445;0;1
FR;4;2022-05-02;5;16;6;0;5;19;3;0;0;1081715;6707;1398;24;1082902;4049;448;0;1
FR;4;2022-05-03;2;6;2;0;2;7;1;0;0;1081717;6713;1400;24;1082904;4056;449;0;1
FR;4;2022-05-04;7;4;1;0;7;4;1;0;0;1081724;6717;1401;24;1082911;4060;450;0;1
FR;4;2022-05-05;5;2;1;1;6;1;2;0;0;1081729;6719;1402;25;1082917;4061;452;0;1
FR;4;2022-05-06;5;3;1;0;6;2;1;0;0;1081734;6722;1403;25;1082923;4063;453;0;1
FR;4;2022-05-07;0;1;0;0;0;1;0;0;0;1081734;6723;1403;25;1082923;4064;453;0;1
FR;4;2022-05-08;1;1;0;0;1;1;0;0;0;1081735;6724;1403;25;1082924;4065;453;0;1
FR;4;2022-05-09;5;1;0;1;5;1;1;0;0;1081740;6725;1403;26;1082929;4066;454;0;1
FR;4;2022-05-10;3;1;0;2;3;3;0;0;0;1081743;6726;1403;28;1082932;4069;454;0;1
FR;4;2022-05-11;4;2;4;0;4;5;1;0;0;1081747;6728;1407;28;1082936;4074;455;0;1
FR;4;2022-05-12;7;4;2;1;7;5;1;0;1;1081754;6732;1409;29;1082943;4079;456;0;2
FR;4;2022-05-13;1;0;2;0;1;2;0;0;0;1081755;6732;1411;29;1082944;4081;456;0;2
FR;4;2022-05-14;0;2;0;0;0;2;0;0;0;1081755;6734;1411;29;1082944;4083;456;0;2
FR;4;2022-05-15;2;2;0;0;4;0;0;0;0;1081757;6736;1411;29;1082948;4083;456;0;2
FR;4;2022-05-16;5;2;2;0;5;2;2;0;0;1081762;6738;1413;29;1082953;4085;458;0;2
FR;4;2022-05-17;5;1;2;0;5;3;0;0;0;1081767;6739;1415;29;1082958;4088;458;0;2
FR;4;2022-05-18;3;6;0;0;3;6;0;0;0;1081770;6745;1415;29;1082961;4094;458;0;2
FR;4;2022-05-19;2;3;3;0;2;5;1;0;0;1081772;6748;1418;29;1082963;4099;459;0;2
FR;4;2022-05-20;5;2;3;0;5;2;3;0;0;1081777;6750;1421;29;1082968;4101;462;0;2
FR;4;2022-05-21;2;0;1;0;2;1;0;0;0;1081779;6750;1422;29;1082970;4102;462;0;2
FR;4;2022-05-22;0;0;1;0;0;1;0;0;0;1081779;6750;1423;29;1082970;4103;462;0;2
FR;4;2022-05-23;0;0;2;0;0;0;2;0;0;1081779;6750;1425;29;1082970;4103;464;0;2
FR;4;2022-05-24;2;4;1;0;2;5;0;0;0;1081781;6754;1426;29;1082972;4108;464;0;2
FR;4;2022-05-25;1;4;1;0;3;3;0;0;0;1081782;6758;1427;29;1082975;4111;464;0;2
FR;4;2022-05-26;5;0;1;0;5;1;0;0;0;1081787;6758;1428;29;1082980;4112;464;0;2
FR;4;2022-05-27;0;2;1;1;0;3;1;0;0;1081787;6760;1429;30;1082980;4115;465;0;2
FR;4;2022-05-28;1;0;0;0;1;0;0;0;0;1081788;6760;1429;30;1082981;4115;465;0;2
FR;4;2022-05-29;1;0;1;0;1;1;0;0;0;1081789;6760;1430;30;1082982;4116;465;0;2
FR;4;2022-05-30;3;4;2;0;3;5;1;0;0;1081792;6764;1432;30;1082985;4121;466;0;2
FR;4;2022-05-31;2;1;0;0;2;1;0;0;0;1081794;6765;1432;30;1082987;4122;466;0;2
FR;4;2022-06-01;5;11;7;0;5;15;3;0;0;1081799;6776;1439;30;1082992;4137;469;0;2
FR;4;2022-06-02;6;7;3;0;6;7;2;0;0;1081805;6783;1442;30;1082998;4144;471;0;2
FR;4;2022-06-03;2;6;4;1;2;7;4;0;0;1081807;6789;1446;31;1083000;4151;475;0;2
FR;4;2022-06-04;0;1;1;1;0;1;2;0;0;1081807;6790;1447;32;1083000;4152;477;0;2
FR;4;2022-06-05;1;0;0;0;1;0;0;0;0;1081808;6790;1447;32;1083001;4152;477;0;2
FR;4;2022-06-06;8;0;3;0;8;2;1;0;0;1081816;6790;1450;32;1083009;4154;478;0;2
FR;4;2022-06-07;7;2;0;1;7;2;1;0;0;1081823;6792;1450;33;1083016;4156;479;0;2
FR;4;2022-06-08;0;5;3;0;1;7;0;0;0;1081823;6797;1453;33;1083017;4163;479;0;2
FR;4;2022-06-09;1;2;0;0;2;1;0;0;0;1081824;6799;1453;33;1083019;4164;479;0;2
FR;4;2022-06-10;4;0;3;0;4;1;2;0;0;1081828;6799;1456;33;1083023;4165;481;0;2
FR;4;2022-06-11;1;0;0;0;1;0;0;0;0;1081829;6799;1456;33;1083024;4165;481;0;2
FR;4;2022-06-12;4;1;1;0;4;2;0;0;0;1081833;6800;1457;33;1083028;4167;481;0;2
FR;4;2022-06-13;6;2;3;0;7;2;1;0;0;1081839;6802;1460;33;1083035;4169;482;0;2
FR;4;2022-06-14;4;3;0;0;5;2;0;0;0;1081843;6805;1460;33;1083040;4171;482;0;2
FR;4;2022-06-15;10;3;4;0;10;3;4;0;0;1081853;6808;1464;33;1083050;4174;486;0;2
FR;4;2022-06-16;2;3;1;1;3;2;1;0;1;1081855;6811;1465;34;1083053;4176;487;0;3
FR;4;2022-06-17;6;1;0;0;6;1;0;0;0;1081861;6812;1465;34;1083059;4177;487;0;3
FR;4;2022-06-18;0;0;0;0;0;0;0;0;0;1081861;6812;1465;34;1083059;4177;487;0;3
FR;4;2022-06-19;3;0;0;0;3;0;0;0;0;1081864;6812;1465;34;1083062;4177;487;0;3
FR;4;2022-06-20;6;2;2;1;6;3;2;0;0;1081870;6814;1467;35;1083068;4180;489;0;3
FR;4;2022-06-21;5;2;4;1;6;4;2;0;0;1081875;6816;1471;36;1083074;4184;491;0;3
FR;4;2022-06-22;3;2;1;3;4;2;1;0;0;1081878;6818;1472;39;1083078;4186;492;0;3
FR;4;2022-06-23;3;3;3;0;3;5;1;0;0;1081881;6821;1475;39;1083081;4191;493;0;3
FR;4;2022-06-24;3;0;2;0;3;0;2;0;0;1081884;6821;1477;39;1083084;4191;495;0;3
FR;4;2022-06-25;3;0;1;1;3;1;1;0;0;1081887;6821;1478;40;1083087;4192;496;0;3
FR;4;2022-06-26;0;0;2;0;0;2;0;0;0;1081887;6821;1480;40;1083087;4194;496;0;3
FR;4;2022-06-27;2;2;1;3;2;3;3;0;0;1081889;6823;1481;43;1083089;4197;499;0;3
FR;4;2022-06-28;0;4;2;1;0;5;2;0;0;1081889;6827;1483;44;1083089;4202;501;0;3
FR;4;2022-06-29;1;2;0;0;1;2;0;0;0;1081890;6829;1483;44;1083090;4204;501;0;3
FR;4;2022-06-30;2;0;0;0;2;0;0;0;0;1081892;6829;1483;44;1083092;4204;501;0;3
FR;4;2022-07-01;3;4;8;0;3;4;8;0;0;1081895;6833;1491;44;1083095;4208;509;0;3
FR;4;2022-07-02;0;1;0;0;1;0;0;0;0;1081895;6834;1491;44;1083096;4208;509;0;3
FR;4;2022-07-03;0;0;0;0;0;0;0;0;0;1081895;6834;1491;44;1083096;4208;509;0;3
FR;4;2022-07-04;4;1;0;0;4;1;0;0;0;1081899;6835;1491;44;1083100;4209;509;0;3
FR;4;2022-07-05;4;1;3;0;4;3;1;0;0;1081903;6836;1494;44;1083104;4212;510;0;3
FR;4;2022-07-06;5;0;1;1;5;0;1;0;1;1081908;6836;1495;45;1083109;4212;511;0;4
FR;4;2022-07-07;2;1;2;1;2;1;3;0;0;1081910;6837;1497;46;1083111;4213;514;0;4
FR;4;2022-07-08;4;1;0;0;4;1;0;0;0;1081914;6838;1497;46;1083115;4214;514;0;4
FR;4;2022-07-09;2;2;1;0;2;3;0;0;0;1081916;6840;1498;46;1083117;4217;514;0;4
FR;4;2022-07-10;2;0;1;0;2;0;0;0;0;1081918;6840;1499;46;1083119;4217;514;0;4
FR;4;2022-07-11;3;0;2;0;3;0;1;0;0;1081921;6840;1501;46;1083122;4217;515;0;4
FR;4;2022-07-12;0;0;2;0;0;2;0;0;0;1081921;6840;1503;46;1083122;4219;515;0;4
FR;4;2022-07-13;4;2;3;1;4;2;4;0;0;1081925;6842;1506;47;1083126;4221;519;0;4
FR;4;2022-07-14;6;0;1;0;6;0;1;0;0;1081931;6842;1507;47;1083132;4221;520;0;4
FR;4;2022-07-15;11;2;0;0;11;2;0;0;0;1081942;6844;1507;47;1083143;4223;520;0;4
FR;4;2022-07-16;5;0;0;2;5;0;2;0;0;1081947;6844;1507;49;1083148;4223;522;0;4
FR;4;2022-07-17;1;0;1;1;1;0;2;0;0;1081948;6844;1508;50;1083149;4223;524;0;4
FR;4;2022-07-18;3;3;2;0;3;3;2;0;0;1081951;6847;1510;50;1083152;4226;526;0;4
FR;4;2022-07-19;5;0;1;0;5;1;0;0;0;1081956;6847;1511;50;1083157;4227;526;0;4
FR;4;2022-07-20;12;2;1;0;13;2;0;0;0;1081968;6849;1512;50;1083170;4229;526;0;4
FR;4;2022-07-21;2;3;1;0;2;3;1;0;0;1081970;6852;1513;50;1083172;4232;527;0;4
FR;4;2022-07-22;5;1;3;0;5;2;2;0;0;1081975;6853;1516;50;1083177;4234;529;0;4
FR;4;2022-07-23;1;2;0;0;1;1;0;0;0;1081976;6855;1516;50;1083178;4235;529;0;4
FR;4;2022-07-24;1;0;0;0;1;0;0;0;0;1081977;6855;1516;50;1083179;4235;529;0;4
FR;4;2022-07-25;7;0;2;1;7;2;1;0;0;1081984;6855;1518;51;1083186;4237;530;0;4
FR;4;2022-07-26;3;0;0;0;3;0;0;0;0;1081987;6855;1518;51;1083189;4237;530;0;4
FR;4;2022-07-27;3;1;0;0;3;0;0;0;0;1081990;6856;1518;51;1083192;4237;530;0;4
FR;4;2022-07-28;13;0;0;0;13;0;0;0;0;1082003;6856;1518;51;1083205;4237;530;0;4
FR;4;2022-07-29;3;0;2;0;3;1;1;0;0;1082006;6856;1520;51;1083208;4238;531;0;4
FR;4;2022-07-30;5;0;2;0;5;0;2;0;0;1082011;6856;1522;51;1083213;4238;533;0;4
FR;4;2022-07-31;0;0;0;0;0;0;0;0;0;1082011;6856;1522;51;1083213;4238;533;0;4
FR;4;2022-08-01;4;0;3;0;4;2;1;0;0;1082015;6856;1525;51;1083217;4240;534;0;4
FR;4;2022-08-02;7;0;0;0;7;0;0;0;0;1082022;6856;1525;51;1083224;4240;534;0;4
FR;4;2022-08-03;2;2;1;0;2;2;1;0;0;1082024;6858;1526;51;1083226;4242;535;0;4
FR;4;2022-08-04;5;2;0;1;5;2;1;0;0;1082029;6860;1526;52;1083231;4244;536;0;4
FR;4;2022-08-05;3;1;1;0;3;1;1;0;0;1082032;6861;1527;52;1083234;4245;537;0;4
FR;4;2022-08-06;2;0;0;0;2;0;0;0;0;1082034;6861;1527;52;1083236;4245;537;0;4
FR;4;2022-08-07;5;0;0;0;5;0;0;0;0;1082039;6861;1527;52;1083241;4245;537;0;4
FR;4;2022-08-08;2;0;1;1;2;1;1;0;0;1082041;6861;1528;53;1083243;4246;538;0;4
FR;4;2022-08-09;1;1;2;2;1;2;3;0;0;1082042;6862;1530;55;1083244;4248;541;0;4
FR;4;2022-08-10;6;1;1;0;7;1;0;0;0;1082048;6863;1531;55;1083251;4249;541;0;4
FR;4;2022-08-11;2;0;1;0;2;1;0;0;0;1082050;6863;1532;55;1083253;4250;541;0;4
FR;4;2022-08-12;4;0;1;0;4;0;1;0;0;1082054;6863;1533;55;1083257;4250;542;0;4
FR;4;2022-08-13;1;0;0;0;1;0;0;0;0;1082055;6863;1533;55;1083258;4250;542;0;4
FR;4;2022-08-14;1;0;0;0;1;0;0;0;0;1082056;6863;1533;55;1083259;4250;542;0;4
FR;4;2022-08-15;1;2;3;0;1;2;3;0;0;1082057;6865;1536;55;1083260;4252;545;0;4
FR;4;2022-08-16;0;0;1;0;0;1;0;0;0;1082057;6865;1537;55;1083260;4253;545;0;4
FR;4;2022-08-17;3;0;0;0;3;0;0;0;0;1082060;6865;1537;55;1083263;4253;545;0;4
FR;4;2022-08-18;6;0;0;0;6;0;0;0;0;1082066;6865;1537;55;1083269;4253;545;0;4
FR;4;2022-08-19;5;0;0;0;5;0;0;0;0;1082071;6865;1537;55;1083274;4253;545;0;4
FR;4;2022-08-20;3;1;0;0;4;0;0;0;0;1082074;6866;1537;55;1083278;4253;545;0;4
FR;4;2022-08-21;1;0;0;0;1;0;0;0;0;1082075;6866;1537;55;1083279;4253;545;0;4
FR;4;2022-08-22;3;9;0;0;3;9;0;0;0;1082078;6875;1537;55;1083282;4262;545;0;4
FR;4;2022-08-23;3;3;3;0;3;4;2;0;0;1082081;6878;1540;55;1083285;4266;547;0;4
FR;4;2022-08-24;6;0;0;1;6;0;1;0;0;1082087;6878;1540;56;1083291;4266;548;0;4
FR;4;2022-08-25;1;3;2;0;1;4;1;0;0;1082088;6881;1542;56;1083292;4270;549;0;4
FR;4;2022-08-26;6;0;0;1;6;0;1;0;0;1082094;6881;1542;57;1083298;4270;550;0;4
FR;4;2022-08-27;1;0;0;0;1;0;0;0;0;1082095;6881;1542;57;1083299;4270;550;0;4
FR;4;2022-08-28;0;1;0;0;0;0;0;0;0;1082095;6882;1542;57;1083299;4270;550;0;4
FR;4;2022-08-29;8;0;0;0;8;0;0;0;0;1082103;6882;1542;57;1083307;4270;550;0;4
FR;4;2022-08-30;5;1;0;0;5;1;0;0;0;1082108;6883;1542;57;1083312;4271;550;0;4
FR;4;2022-08-31;3;1;0;0;3;1;0;0;0;1082111;6884;1542;57;1083315;4272;550;0;4
FR;4;2022-09-01;4;8;2;0;5;7;2;0;0;1082115;6892;1544;57;1083320;4279;552;0;4
FR;4;2022-09-02;2;2;1;0;3;2;0;0;0;1082117;6894;1545;57;1083323;4281;552;0;4
FR;4;2022-09-03;3;0;0;0;3;0;0;0;0;1082120;6894;1545;57;1083326;4281;552;0;4
FR;4;2022-09-04;1;0;0;0;1;0;0;0;0;1082121;6894;1545;57;1083327;4281;552;0;4
FR;4;2022-09-05;4;2;0;0;4;2;0;0;0;1082125;6896;1545;57;1083331;4283;552;0;4
FR;4;2022-09-06;1;0;0;0;1;0;0;0;0;1082126;6896;1545;57;1083332;4283;552;0;4
FR;4;2022-09-07;2;0;1;1;2;1;1;0;0;1082128;6896;1546;58;1083334;4284;553;0;4
FR;4;2022-09-08;3;0;0;0;3;0;0;0;0;1082131;6896;1546;58;1083337;4284;553;0;4
FR;4;2022-09-09;2;2;0;0;2;2;0;0;0;1082133;6898;1546;58;1083339;4286;553;0;4
FR;4;2022-09-10;0;1;0;3;0;2;2;0;0;1082133;6899;1546;61;1083339;4288;555;0;4
FR;4;2022-09-11;2;0;0;0;2;0;0;0;0;1082135;6899;1546;61;1083341;4288;555;0;4
FR;4;2022-09-12;1;1;1;0;1;1;1;0;0;1082136;6900;1547;61;1083342;4289;556;0;4
FR;4;2022-09-13;1;0;0;0;1;0;0;0;0;1082137;6900;1547;61;1083343;4289;556;0;4
FR;4;2022-09-14;4;0;0;0;4;0;0;0;0;1082141;6900;1547;61;1083347;4289;556;0;4
FR;4;2022-09-15;5;0;0;0;5;0;0;0;0;1082146;6900;1547;61;1083352;4289;556;0;4
FR;4;2022-09-16;1;0;0;0;1;0;0;0;0;1082147;6900;1547;61;1083353;4289;556;0;4
FR;4;2022-09-17;2;0;0;0;2;0;0;0;0;1082149;6900;1547;61;1083355;4289;556;0;4
FR;4;2022-09-18;0;1;0;0;0;1;0;0;0;1082149;6901;1547;61;1083355;4290;556;0;4
FR;4;2022-09-19;4;0;2;0;4;2;0;0;0;1082153;6901;1549;61;1083359;4292;556;0;4
FR;4;2022-09-20;4;0;0;0;4;0;0;0;0;1082157;6901;1549;61;1083363;4292;556;0;4
FR;4;2022-09-21;2;1;0;0;2;1;0;0;0;1082159;6902;1549;61;1083365;4293;556;0;4
FR;4;2022-09-22;2;1;0;0;2;1;0;0;0;1082161;6903;1549;61;1083367;4294;556;0;4
FR;4;2022-09-23;2;3;0;0;3;2;0;0;0;1082163;6906;1549;61;1083370;4296;556;0;4
FR;4;2022-09-24;1;0;0;0;1;0;0;0;0;1082164;6906;1549;61;1083371;4296;556;0;4
FR;4;2022-09-25;0;0;0;0;0;0;0;0;0;1082164;6906;1549;61;1083371;4296;556;0;4
FR;4;2022-09-26;2;0;1;0;2;0;1;0;0;1082166;6906;1550;61;1083373;4296;557;0;4
FR;4;2022-09-27;1;0;1;1;1;0;2;0;0;1082167;6906;1551;62;1083374;4296;559;0;4
FR;4;2022-09-28;3;0;2;0;3;2;0;0;0;1082170;6906;1553;62;1083377;4298;559;0;4
FR;4;2022-09-29;5;0;1;1;5;1;1;0;0;1082175;6906;1554;63;1083382;4299;560;0;4
FR;4;2022-09-30;1;1;0;0;1;1;0;0;0;1082176;6907;1554;63;1083383;4300;560;0;4
FR;4;2022-10-01;1;1;0;0;2;0;0;0;0;1082177;6908;1554;63;1083385;4300;560;0;4
FR;4;2022-10-02;0;1;0;0;0;1;0;0;0;1082177;6909;1554;63;1083385;4301;560;0;4
FR;4;2022-10-03;2;3;1;1;3;3;1;0;0;1082179;6912;1555;64;1083388;4304;561;0;4
FR;4;2022-10-04;3;0;0;0;3;0;0;0;0;1082182;6912;1555;64;1083391;4304;561;0;4
FR;4;2022-10-05;0;1;0;0;0;1;0;0;0;1082182;6913;1555;64;1083391;4305;561;0;4
FR;4;2022-10-06;2;0;0;0;2;0;0;0;0;1082184;6913;1555;64;1083393;4305;561;0;4
FR;4;2022-10-07;3;1;1;0;3;1;1;0;0;1082187;6914;1556;64;1083396;4306;562;0;4
FR;4;2022-10-08;4;1;0;0;4;0;0;0;0;1082191;6915;1556;64;1083400;4306;562;0;4
FR;4;2022-10-09;0;0;0;0;0;0;0;0;0;1082191;6915;1556;64;1083400;4306;562;0;4
FR;4;2022-10-10;5;0;2;3;5;2;1;0;2;1082196;6915;1558;67;1083405;4308;563;0;6
FR;4;2022-10-11;2;2;0;0;2;1;0;0;0;1082198;6917;1558;67;1083407;4309;563;0;6
FR;4;2022-10-12;1;0;0;0;1;0;0;0;0;1082199;6917;1558;67;1083408;4309;563;0;6
FR;4;2022-10-13;5;0;0;0;5;0;0;0;0;1082204;6917;1558;67;1083413;4309;563;0;6
FR;4;2022-10-14;1;1;0;0;1;1;0;0;0;1082205;6918;1558;67;1083414;4310;563;0;6
FR;4;2022-10-15;1;2;0;0;1;2;0;0;0;1082206;6920;1558;67;1083415;4312;563;0;6
FR;4;2022-10-16;0;0;0;0;0;0;0;0;0;1082206;6920;1558;67;1083415;4312;563;0;6
FR;4;2022-10-17;3;0;1;0;3;1;0;0;0;1082209;6920;1559;67;1083418;4313;563;0;6
FR;4;2022-10-18;1;0;0;1;1;0;1;0;0;1082210;6920;1559;68;1083419;4313;564;0;6
FR;4;2022-10-19;1;0;0;2;1;0;2;0;3;1082211;6920;1559;70;1083420;4313;566;0;9
FR;4;2022-10-20;4;1;0;0;4;1;0;0;0;1082215;6921;1559;70;1083424;4314;566;0;9
FR;4;2022-10-21;3;1;0;0;3;1;0;0;0;1082218;6922;1559;70;1083427;4315;566;0;9
FR;4;2022-10-22;1;0;0;0;1;0;0;0;0;1082219;6922;1559;70;1083428;4315;566;0;9
FR;4;2022-10-23;0;0;0;0;0;0;0;0;0;1082219;6922;1559;70;1083428;4315;566;0;9
FR;4;2022-10-24;3;0;0;0;3;0;0;0;0;1082222;6922;1559;70;1083431;4315;566;0;9
FR;4;2022-10-25;4;0;0;0;4;0;0;0;0;1082226;6922;1559;70;1083435;4315;566;0;9
FR;4;2022-10-26;2;1;0;0;2;1;0;0;0;1082228;6923;1559;70;1083437;4316;566;0;9
FR;4;2022-10-27;3;1;1;0;3;0;1;0;0;1082231;6924;1560;70;1083440;4316;567;0;9
FR;4;2022-10-28;0;0;0;0;0;0;0;0;0;1082231;6924;1560;70;1083440;4316;567;0;9
FR;4;2022-10-29;1;0;0;3;1;0;3;0;3;1082232;6924;1560;73;1083441;4316;570;0;12
FR;4;2022-10-30;1;0;0;0;1;0;0;0;0;1082233;6924;1560;73;1083442;4316;570;0;12
FR;4;2022-10-31;1;0;0;0;1;0;0;0;0;1082234;6924;1560;73;1083443;4316;570;0;12
FR;4;2022-11-01;1;6;0;0;1;6;0;0;0;1082235;6930;1560;73;1083444;4322;570;0;12
FR;4;2022-11-02;0;0;2;2;0;1;3;0;0;1082235;6930;1562;75;1083444;4323;573;0;12
FR;4;2022-11-03;1;0;0;0;1;0;0;0;0;1082236;6930;1562;75;1083445;4323;573;0;12
FR;4;2022-11-04;4;1;0;0;4;0;0;0;0;1082240;6931;1562;75;1083449;4323;573;0;12
FR;4;2022-11-05;0;0;0;0;0;0;0;0;0;1082240;6931;1562;75;1083449;4323;573;0;12
FR;4;2022-11-06;2;0;0;0;2;0;0;0;0;1082242;6931;1562;75;1083451;4323;573;0;12
FR;4;2022-11-07;2;0;0;0;2;0;0;0;0;1082244;6931;1562;75;1083453;4323;573;0;12
FR;4;2022-11-08;7;0;0;0;7;0;0;0;0;1082251;6931;1562;75;1083460;4323;573;0;12
FR;4;2022-11-09;0;0;0;0;0;0;0;0;0;1082251;6931;1562;75;1083460;4323;573;0;12
FR;4;2022-11-10;2;0;1;0;2;1;0;0;0;1082253;6931;1563;75;1083462;4324;573;0;12
FR;4;2022-11-11;1;0;0;0;1;0;0;0;0;1082254;6931;1563;75;1083463;4324;573;0;12
FR;4;2022-11-12;3;1;0;0;3;1;0;0;0;1082257;6932;1563;75;1083466;4325;573;0;12
FR;4;2022-11-13;2;0;0;0;2;0;0;0;0;1082259;6932;1563;75;1083468;4325;573;0;12
FR;4;2022-11-14;0;1;0;0;0;1;0;0;0;1082259;6933;1563;75;1083468;4326;573;0;12
FR;4;2022-11-15;3;1;0;0;3;1;0;0;0;1082262;6934;1563;75;1083471;4327;573;0;12
FR;4;2022-11-16;1;1;1;0;1;1;1;0;0;1082263;6935;1564;75;1083472;4328;574;0;12
FR;4;2022-11-17;0;2;0;0;0;2;0;0;0;1082263;6937;1564;75;1083472;4330;574;0;12
FR;4;2022-11-18;5;0;1;0;5;0;1;0;0;1082268;6937;1565;75;1083477;4330;575;0;12
FR;4;2022-11-19;0;0;0;0;0;0;0;0;0;1082268;6937;1565;75;1083477;4330;575;0;12
FR;4;2022-11-20;0;0;0;1;0;0;0;0;1;1082268;6937;1565;76;1083477;4330;575;0;13
FR;4;2022-11-21;0;0;0;0;0;0;0;0;0;1082268;6937;1565;76;1083477;4330;575;0;13
FR;4;2022-11-22;0;1;1;0;0;2;0;0;0;1082268;6938;1566;76;1083477;4332;575;0;13
FR;4;2022-11-23;1;0;0;0;1;0;0;0;1;1082269;6938;1566;76;1083478;4332;575;0;14
FR;4;2022-11-24;0;2;0;0;0;2;0;0;0;1082269;6940;1566;76;1083478;4334;575;0;14
FR;4;2022-11-25;3;4;0;0;3;4;0;0;0;1082272;6944;1566;76;1083481;4338;575;0;14
FR;4;2022-11-26;1;0;0;0;1;0;0;0;0;1082273;6944;1566;76;1083482;4338;575;0;14
FR;4;2022-11-27;0;0;0;0;0;0;0;0;0;1082273;6944;1566;76;1083482;4338;575;0;14
FR;4;2022-11-28;4;0;0;0;4;0;0;0;0;1082277;6944;1566;76;1083486;4338;575;0;14
FR;4;2022-11-29;3;0;0;0;3;0;0;0;0;1082280;6944;1566;76;1083489;4338;575;0;14
FR;4;2022-11-30;0;0;0;0;0;0;0;0;0;1082280;6944;1566;76;1083489;4338;575;0;14
FR;4;2022-12-01;1;2;2;0;2;2;1;0;0;1082281;6946;1568;76;1083491;4340;576;0;14
FR;4;2022-12-02;6;1;0;1;6;1;0;0;1;1082287;6947;1568;77;1083497;4341;576;0;15
FR;4;2022-12-03;1;0;0;0;1;0;0;0;0;1082288;6947;1568;77;1083498;4341;576;0;15
FR;4;2022-12-04;0;0;0;0;0;0;0;0;0;1082288;6947;1568;77;1083498;4341;576;0;15
FR;4;2022-12-05;3;1;0;0;3;1;0;0;0;1082291;6948;1568;77;1083501;4342;576;0;15
FR;4;2022-12-06;2;0;0;0;2;0;0;0;0;1082293;6948;1568;77;1083503;4342;576;0;15
FR;4;2022-12-07;2;3;1;0;2;4;0;0;0;1082295;6951;1569;77;1083505;4346;576;0;15
FR;4;2022-12-08;1;0;0;0;1;0;0;0;0;1082296;6951;1569;77;1083506;4346;576;0;15
FR;4;2022-12-09;2;0;1;0;2;0;1;0;0;1082298;6951;1570;77;1083508;4346;577;0;15
FR;4;2022-12-10;1;0;0;0;1;0;0;0;0;1082299;6951;1570;77;1083509;4346;577;0;15
FR;4;2022-12-11;0;0;0;0;0;0;0;0;0;1082299;6951;1570;77;1083509;4346;577;0;15
FR;4;2022-12-12;2;1;0;5;2;1;5;0;0;1082301;6952;1570;82;1083511;4347;582;0;15
FR;4;2022-12-13;2;0;0;0;2;0;0;0;0;1082303;6952;1570;82;1083513;4347;582;0;15
FR;4;2022-12-14;0;0;0;0;0;0;0;0;0;1082303;6952;1570;82;1083513;4347;582;0;15
FR;4;2022-12-15;1;1;0;0;1;1;0;0;0;1082304;6953;1570;82;1083514;4348;582;0;15
FR;4;2022-12-16;2;0;0;0;2;0;0;0;0;1082306;6953;1570;82;1083516;4348;582;0;15
FR;4;2022-12-17;0;0;1;0;0;0;1;0;0;1082306;6953;1571;82;1083516;4348;583;0;15
FR;4;2022-12-18;1;0;0;0;1;0;0;0;0;1082307;6953;1571;82;1083517;4348;583;0;15
FR;4;2022-12-19;1;0;0;0;1;0;0;0;0;1082308;6953;1571;82;1083518;4348;583;0;15
FR;4;2022-12-20;4;2;0;0;5;1;0;0;0;1082312;6955;1571;82;1083523;4349;583;0;15
FR;4;2022-12-21;6;0;0;0;6;0;0;0;0;1082318;6955;1571;82;1083529;4349;583;0;15
FR;4;2022-12-22;2;1;0;0;2;1;0;0;0;1082320;6956;1571;82;1083531;4350;583;0;15
FR;4;2022-12-23;3;0;0;0;3;0;0;0;0;1082323;6956;1571;82;1083534;4350;583;0;15
FR;4;2022-12-24;0;0;1;0;0;1;0;0;0;1082323;6956;1572;82;1083534;4351;583;0;15
FR;4;2022-12-25;0;0;0;0;0;0;0;0;0;1082323;6956;1572;82;1083534;4351;583;0;15
FR;4;2022-12-26;1;2;0;0;1;1;0;0;0;1082324;6958;1572;82;1083535;4352;583;0;15
FR;4;2022-12-27;1;1;0;0;1;1;0;0;0;1082325;6959;1572;82;1083536;4353;583;0;15
FR;4;2022-12-28;0;0;0;0;0;0;0;0;0;1082325;6959;1572;82;1083536;4353;583;0;15
FR;4;2022-12-29;0;1;0;0;1;0;0;0;0;1082325;6960;1572;82;1083537;4353;583;0;15
FR;4;2022-12-30;1;0;0;0;1;0;0;0;0;1082326;6960;1572;82;1083538;4353;583;0;15
FR;4;2022-12-31;0;0;0;0;0;0;0;0;0;1082326;6960;1572;82;1083538;4353;583;0;15
FR;4;2023-01-01;0;0;0;0;0;0;0;0;0;1082326;6960;1572;82;1083538;4353;583;0;15
FR;4;2023-01-02;2;0;2;0;2;1;1;0;0;1082328;6960;1574;82;1083540;4354;584;0;15
FR;4;2023-01-03;1;1;0;0;1;1;0;0;0;1082329;6961;1574;82;1083541;4355;584;0;15
FR;4;2023-01-04;0;0;0;0;0;0;0;0;0;1082329;6961;1574;82;1083541;4355;584;0;15
FR;4;2023-01-05;0;0;0;0;0;0;0;0;0;1082329;6961;1574;82;1083541;4355;584;0;15
FR;4;2023-01-06;1;1;3;0;1;4;0;0;0;1082330;6962;1577;82;1083542;4359;584;0;15
FR;4;2023-01-07;1;0;0;0;1;0;0;0;0;1082331;6962;1577;82;1083543;4359;584;0;15
FR;4;2023-01-08;1;0;0;0;1;0;0;0;0;1082332;6962;1577;82;1083544;4359;584;0;15
FR;4;2023-01-09;1;0;0;0;1;0;0;0;0;1082333;6962;1577;82;1083545;4359;584;0;15
FR;4;2023-01-10;2;1;0;0;2;1;0;0;0;1082335;6963;1577;82;1083547;4360;584;0;15
FR;4;2023-01-11;0;0;0;0;0;0;0;0;0;1082335;6963;1577;82;1083547;4360;584;0;15
FR;4;2023-01-12;3;2;0;0;3;2;0;0;0;1082338;6965;1577;82;1083550;4362;584;0;15
FR;4;2023-01-13;3;0;2;0;3;0;2;0;0;1082341;6965;1579;82;1083553;4362;586;0;15
FR;4;2023-01-14;0;0;1;0;0;0;1;0;0;1082341;6965;1580;82;1083553;4362;587;0;15
FR;4;2023-01-15;0;0;0;0;0;0;0;0;0;1082341;6965;1580;82;1083553;4362;587;0;15
FR;4;2023-01-16;3;0;0;0;3;0;0;0;0;1082344;6965;1580;82;1083556;4362;587;0;15
FR;4;2023-01-17;2;0;0;0;2;0;0;0;0;1082346;6965;1580;82;1083558;4362;587;0;15
FR;4;2023-01-18;3;0;0;0;3;0;0;0;0;1082349;6965;1580;82;1083561;4362;587;0;15
FR;4;2023-01-19;1;0;0;2;1;0;0;0;0;1082350;6965;1580;84;1083562;4362;587;0;15
FR;4;2023-01-20;0;0;0;0;0;0;0;0;0;1082350;6965;1580;84;1083562;4362;587;0;15
FR;4;2023-01-21;0;0;0;0;0;0;0;0;0;1082350;6965;1580;84;1083562;4362;587;0;15
FR;4;2023-01-22;0;0;0;0;0;0;0;0;0;1082350;6965;1580;84;1083562;4362;587;0;15
FR;4;2023-01-23;1;0;0;0;1;0;0;0;0;1082351;6965;1580;84;1083563;4362;587;0;15
FR;4;2023-01-24;3;1;0;0;3;1;0;0;0;1082354;6966;1580;84;1083566;4363;587;0;15
FR;4;2023-01-25;6;0;0;0;6;0;0;0;0;1082360;6966;1580;84;1083572;4363;587;0;15
FR;4;2023-01-26;1;0;1;0;1;1;0;0;0;1082361;6966;1581;84;1083573;4364;587;0;15
FR;4;2023-01-27;0;0;0;0;0;0;0;0;0;1082361;6966;1581;84;1083573;4364;587;0;15
FR;4;2023-01-28;0;0;0;0;0;0;0;0;0;1082361;6966;1581;84;1083573;4364;587;0;15
FR;4;2023-01-29;0;0;0;0;0;0;0;0;0;1082361;6966;1581;84;1083573;4364;587;0;15
FR;4;2023-01-30;0;0;0;0;0;0;0;0;0;1082361;6966;1581;84;1083573;4364;587;0;15
FR;4;2023-01-31;0;0;0;0;0;0;0;0;0;1082361;6966;1581;84;1083573;4364;587;0;15
FR;4;2023-02-01;0;0;0;0;0;0;0;0;0;1082361;6966;1581;84;1083573;4364;587;0;15
FR;4;2023-02-02;3;2;2;1;3;3;1;0;0;1082364;6968;1583;85;1083576;4367;588;0;15
FR;4;2023-02-03;0;0;0;0;0;0;0;0;0;1082364;6968;1583;85;1083576;4367;588;0;15
FR;4;2023-02-04;1;0;0;0;1;0;0;0;0;1082365;6968;1583;85;1083577;4367;588;0;15
FR;4;2023-02-05;0;0;0;0;0;0;0;0;0;1082365;6968;1583;85;1083577;4367;588;0;15
FR;4;2023-02-06;1;0;0;0;1;0;0;0;0;1082366;6968;1583;85;1083578;4367;588;0;15
FR;4;2023-02-07;2;0;0;0;2;0;0;0;0;1082368;6968;1583;85;1083580;4367;588;0;15
FR;4;2023-02-08;2;1;0;0;2;0;0;0;0;1082370;6969;1583;85;1083582;4367;588;0;15
FR;4;2023-02-09;1;1;0;0;1;1;0;0;0;1082371;6970;1583;85;1083583;4368;588;0;15
FR;4;2023-02-10;5;1;0;0;5;0;0;0;0;1082376;6971;1583;85;1083588;4368;588;0;15
FR;4;2023-02-11;4;0;0;0;4;0;0;0;0;1082380;6971;1583;85;1083592;4368;588;0;15
FR;4;2023-02-12;0;0;0;0;0;0;0;0;0;1082380;6971;1583;85;1083592;4368;588;0;15
FR;4;2023-02-13;3;0;0;0;3;0;0;0;0;1082383;6971;1583;85;1083595;4368;588;0;15
FR;4;2023-02-14;0;2;0;0;2;0;0;0;0;1082383;6973;1583;85;1083597;4368;588;0;15
FR;4;2023-02-15;2;0;0;0;2;0;0;0;0;1082385;6973;1583;85;1083599;4368;588;0;15
FR;4;2023-02-16;1;1;0;0;1;1;0;0;0;1082386;6974;1583;85;1083600;4369;588;0;15
FR;4;2023-02-17;1;0;0;0;1;0;0;0;0;1082387;6974;1583;85;1083601;4369;588;0;15
FR;4;2023-02-18;0;2;0;0;0;2;0;0;0;1082387;6976;1583;85;1083601;4371;588;0;15
FR;4;2023-02-19;0;0;0;0;0;0;0;0;0;1082387;6976;1583;85;1083601;4371;588;0;15
FR;4;2023-02-20;1;0;0;0;1;0;0;0;0;1082388;6976;1583;85;1083602;4371;588;0;15
FR;4;2023-02-21;2;0;0;0;2;0;0;0;0;1082390;6976;1583;85;1083604;4371;588;0;15
FR;4;2023-02-22;0;0;0;0;0;0;0;0;0;1082390;6976;1583;85;1083604;4371;588;0;15
FR;4;2023-02-23;0;0;0;0;0;0;0;0;0;1082390;6976;1583;85;1083604;4371;588;0;15
FR;4;2023-02-24;1;0;0;0;1;0;0;0;0;1082391;6976;1583;85;1083605;4371;588;0;15
FR;4;2023-02-25;2;1;0;0;2;1;0;0;0;1082393;6977;1583;85;1083607;4372;588;0;15
FR;4;2023-02-26;0;0;0;0;0;0;0;0;0;1082393;6977;1583;85;1083607;4372;588;0;15
FR;4;2023-02-27;1;0;0;0;1;0;0;0;0;1082394;6977;1583;85;1083608;4372;588;0;15
FR;4;2023-02-28;0;0;0;0;0;0;0;0;0;1082394;6977;1583;85;1083608;4372;588;0;15
FR;4;2023-03-01;1;0;0;0;1;0;0;0;0;1082395;6977;1583;85;1083609;4372;588;0;15
FR;4;2023-03-02;1;1;2;0;1;1;2;0;0;1082396;6978;1585;85;1083610;4373;590;0;15
FR;4;2023-03-03;1;0;0;0;1;0;0;0;0;1082397;6978;1585;85;1083611;4373;590;0;15
FR;4;2023-03-04;0;0;0;0;0;0;0;0;0;1082397;6978;1585;85;1083611;4373;590;0;15
FR;4;2023-03-05;0;0;0;0;0;0;0;0;0;1082397;6978;1585;85;1083611;4373;590;0;15
FR;4;2023-03-06;0;0;0;0;0;0;0;0;0;1082397;6978;1585;85;1083611;4373;590;0;15
FR;4;2023-03-07;0;0;0;0;0;0;0;0;0;1082397;6978;1585;85;1083611;4373;590;0;15
FR;4;2023-03-08;1;0;0;0;1;0;0;0;0;1082398;6978;1585;85;1083612;4373;590;0;15
FR;4;2023-03-09;0;0;0;0;0;0;0;0;0;1082398;6978;1585;85;1083612;4373;590;0;15
FR;4;2023-03-10;2;0;1;0;2;0;1;0;0;1082400;6978;1586;85;1083614;4373;591;0;15
FR;4;2023-03-11;0;0;0;0;0;0;0;0;0;1082400;6978;1586;85;1083614;4373;591;0;15
FR;4;2023-03-12;0;0;0;0;0;0;0;0;0;1082400;6978;1586;85;1083614;4373;591;0;15
FR;4;2023-03-13;0;0;0;0;0;0;0;0;0;1082400;6978;1586;85;1083614;4373;591;0;15
FR;4;2023-03-14;0;0;0;0;0;0;0;0;0;1082400;6978;1586;85;1083614;4373;591;0;15
FR;4;2023-03-15;1;0;0;1;1;0;0;0;1;1082401;6978;1586;86;1083615;4373;591;0;16
FR;4;2023-03-16;1;0;0;0;1;0;0;0;0;1082402;6978;1586;86;1083616;4373;591;0;16
FR;4;2023-03-17;1;0;0;0;1;0;0;0;0;1082403;6978;1586;86;1083617;4373;591;0;16
FR;4;2023-03-18;0;1;0;0;0;1;0;0;0;1082403;6979;1586;86;1083617;4374;591;0;16
FR;4;2023-03-19;0;0;0;0;0;0;0;0;0;1082403;6979;1586;86;1083617;4374;591;0;16
FR;4;2023-03-20;0;0;0;0;0;0;0;0;0;1082403;6979;1586;86;1083617;4374;591;0;16
FR;4;2023-03-21;2;0;0;0;2;0;0;0;0;1082405;6979;1586;86;1083619;4374;591;0;16
FR;4;2023-03-22;0;0;1;0;0;0;1;0;0;1082405;6979;1587;86;1083619;4374;592;0;16
FR;4;2023-03-23;1;0;0;0;1;0;0;0;0;1082406;6979;1587;86;1083620;4374;592;0;16
FR;4;2023-03-24;0;0;0;0;0;0;0;0;0;1082406;6979;1587;86;1083620;4374;592;0;16
FR;4;2023-03-25;0;0;0;0;0;0;0;0;0;1082406;6979;1587;86;1083620;4374;592;0;16
FR;4;2023-03-26;0;0;0;0;0;0;0;0;0;1082406;6979;1587;86;1083620;4374;592;0;16
FR;4;2023-03-27;1;0;0;0;1;0;0;0;0;1082407;6979;1587;86;1083621;4374;592;0;16
FR;4;2023-03-28;1;0;0;0;1;0;0;0;0;1082408;6979;1587;86;1083622;4374;592;0;16
FR;4;2023-03-29;2;0;0;0;2;0;0;0;0;1082410;6979;1587;86;1083624;4374;592;0;16
FR;4;2023-03-30;0;1;0;0;1;0;0;0;0;1082410;6980;1587;86;1083625;4374;592;0;16
FR;4;2023-03-31;3;0;0;1;3;0;0;0;4;1082413;6980;1587;87;1083628;4374;592;0;20
FR;4;2023-04-01;2;0;0;0;2;0;0;0;0;1082415;6980;1587;87;1083630;4374;592;0;20
FR;4;2023-04-02;0;0;0;0;0;0;0;0;0;1082415;6980;1587;87;1083630;4374;592;0;20
FR;4;2023-04-03;0;0;0;0;0;0;0;0;0;1082415;6980;1587;87;1083630;4374;592;0;20
FR;4;2023-04-04;0;0;0;0;0;0;0;0;0;1082415;6980;1587;87;1083630;4374;592;0;20
FR;4;2023-04-05;0;0;0;0;0;0;0;0;0;1082415;6980;1587;87;1083630;4374;592;0;20
FR;4;2023-04-06;0;0;0;0;0;0;0;0;0;1082415;6980;1587;87;1083630;4374;592;0;20
FR;4;2023-04-07;0;0;0;0;0;0;0;0;0;1082415;6980;1587;87;1083630;4374;592;0;20
FR;4;2023-04-08;0;0;0;0;0;0;0;0;0;1082415;6980;1587;87;1083630;4374;592;0;20
FR;4;2023-04-09;0;0;0;0;0;0;0;0;0;1082415;6980;1587;87;1083630;4374;592;0;20
FR;4;2023-04-10;1;0;0;0;1;0;0;0;0;1082416;6980;1587;87;1083631;4374;592;0;20
FR;4;2023-04-11;0;0;0;0;0;0;0;0;0;1082416;6980;1587;87;1083631;4374;592;0;20
FR;4;2023-04-12;1;0;0;0;1;0;0;0;0;1082417;6980;1587;87;1083632;4374;592;0;20
FR;4;2023-04-13;0;0;0;0;0;0;0;0;0;1082417;6980;1587;87;1083632;4374;592;0;20
FR;4;2023-04-14;0;0;0;0;0;0;0;0;0;1082417;6980;1587;87;1083632;4374;592;0;20
FR;4;2023-04-15;0;0;0;0;0;0;0;0;0;1082417;6980;1587;87;1083632;4374;592;0;20
FR;4;2023-04-16;0;0;0;0;0;0;0;0;0;1082417;6980;1587;87;1083632;4374;592;0;20
FR;4;2023-04-17;0;0;0;0;0;0;0;0;0;1082417;6980;1587;87;1083632;4374;592;0;20
FR;4;2023-04-18;0;0;0;0;0;0;0;0;0;1082417;6980;1587;87;1083632;4374;592;0;20
FR;4;2023-04-19;1;0;0;0;1;0;0;0;0;1082418;6980;1587;87;1083633;4374;592;0;20
FR;4;2023-04-20;0;0;0;0;0;0;0;0;0;1082418;6980;1587;87;1083633;4374;592;0;20
FR;4;2023-04-21;0;1;0;0;0;1;0;0;0;1082418;6981;1587;87;1083633;4375;592;0;20
FR;4;2023-04-22;0;0;0;0;0;0;0;0;0;1082418;6981;1587;87;1083633;4375;592;0;20
FR;4;2023-04-23;1;0;0;0;1;0;0;0;0;1082419;6981;1587;87;1083634;4375;592;0;20
FR;4;2023-04-24;1;0;0;0;1;0;0;0;0;1082420;6981;1587;87;1083635;4375;592;0;20
FR;4;2023-04-25;1;0;0;0;1;0;0;0;0;1082421;6981;1587;87;1083636;4375;592;0;20
FR;4;2023-04-26;0;0;0;0;0;0;0;0;0;1082421;6981;1587;87;1083636;4375;592;0;20
FR;4;2023-04-27;0;0;0;0;0;0;0;0;0;1082421;6981;1587;87;1083636;4375;592;0;20
FR;4;2023-04-28;0;0;0;0;0;0;0;0;0;1082421;6981;1587;87;1083636;4375;592;0;20
FR;4;2023-04-29;0;0;0;0;0;0;0;0;0;1082421;6981;1587;87;1083636;4375;592;0;20
FR;4;2023-04-30;0;0;0;0;0;0;0;0;0;1082421;6981;1587;87;1083636;4375;592;0;20
FR;4;2023-05-01;1;0;0;0;1;0;0;0;0;1082422;6981;1587;87;1083637;4375;592;0;20
FR;4;2023-05-02;0;0;0;0;0;0;0;0;0;1082422;6981;1587;87;1083637;4375;592;0;20
FR;4;2023-05-03;0;0;0;0;0;0;0;0;0;1082422;6981;1587;87;1083637;4375;592;0;20
FR;4;2023-05-04;0;0;0;0;0;0;0;0;0;1082422;6981;1587;87;1083637;4375;592;0;20
FR;4;2023-05-05;0;0;0;0;0;0;0;0;0;1082422;6981;1587;87;1083637;4375;592;0;20
FR;4;2023-05-06;0;0;0;0;0;0;0;0;0;1082422;6981;1587;87;1083637;4375;592;0;20
FR;4;2023-05-07;0;0;0;0;0;0;0;0;0;1082422;6981;1587;87;1083637;4375;592;0;20
FR;4;2023-05-08;0;0;0;0;0;0;0;0;0;1082422;6981;1587;87;1083637;4375;592;0;20
FR;4;2023-05-09;0;0;0;0;0;0;0;0;0;1082422;6981;1587;87;1083637;4375;592;0;20
FR;4;2023-05-10;0;0;0;0;0;0;0;0;0;1082422;6981;1587;87;1083637;4375;592;0;20
FR;4;2023-05-11;0;0;0;0;0;0;0;0;0;1082422;6981;1587;87;1083637;4375;592;0;20
FR;4;2023-05-12;0;0;0;0;0;0;0;0;0;1082422;6981;1587;87;1083637;4375;592;0;20
FR;4;2023-05-13;0;0;0;0;0;0;0;0;0;1082422;6981;1587;87;1083637;4375;592;0;20
FR;4;2023-05-14;0;0;0;0;0;0;0;0;0;1082422;6981;1587;87;1083637;4375;592;0;20
FR;4;2023-05-15;0;0;0;0;0;0;0;0;0;1082422;6981;1587;87;1083637;4375;592;0;20
FR;4;2023-05-16;0;0;0;0;0;0;0;0;0;1082422;6981;1587;87;1083637;4375;592;0;20
FR;4;2023-05-17;0;0;0;1;0;0;1;0;0;1082422;6981;1587;88;1083637;4375;593;0;20
FR;4;2023-05-18;0;0;0;0;0;0;0;0;0;1082422;6981;1587;88;1083637;4375;593;0;20
FR;4;2023-05-19;0;0;0;0;0;0;0;0;0;1082422;6981;1587;88;1083637;4375;593;0;20
FR;4;2023-05-20;0;0;0;0;0;0;0;0;0;1082422;6981;1587;88;1083637;4375;593;0;20
FR;4;2023-05-21;0;0;0;0;0;0;0;0;0;1082422;6981;1587;88;1083637;4375;593;0;20
FR;4;2023-05-22;0;0;0;0;0;0;0;0;0;1082422;6981;1587;88;1083637;4375;593;0;20
FR;4;2023-05-23;0;0;0;0;0;0;0;0;0;1082422;6981;1587;88;1083637;4375;593;0;20
FR;4;2023-05-24;0;0;0;0;0;0;0;0;0;1082422;6981;1587;88;1083637;4375;593;0;20
FR;4;2023-05-25;0;0;0;0;0;0;0;0;0;1082422;6981;1587;88;1083637;4375;593;0;20
FR;4;2023-05-26;0;0;0;0;0;0;0;0;0;1082422;6981;1587;88;1083637;4375;593;0;20
FR;4;2023-05-27;0;0;0;0;0;0;0;0;0;1082422;6981;1587;88;1083637;4375;593;0;20
FR;4;2023-05-28;0;0;0;0;0;0;0;0;0;1082422;6981;1587;88;1083637;4375;593;0;20
FR;4;2023-05-29;0;0;0;0;0;0;0;0;0;1082422;6981;1587;88;1083637;4375;593;0;20
FR;4;2023-05-30;0;0;0;0;0;0;0;0;0;1082422;6981;1587;88;1083637;4375;593;0;20
FR;4;2023-05-31;0;0;0;0;0;0;0;0;0;1082422;6981;1587;88;1083637;4375;593;0;20
FR;4;2023-06-01;2;0;0;0;2;0;0;0;0;1082424;6981;1587;88;1083639;4375;593;0;20
FR;4;2023-06-02;1;0;0;0;1;0;0;0;0;1082425;6981;1587;88;1083640;4375;593;0;20
FR;4;2023-06-03;0;0;0;0;0;0;0;0;0;1082425;6981;1587;88;1083640;4375;593;0;20
FR;4;2023-06-04;0;0;0;0;0;0;0;0;0;1082425;6981;1587;88;1083640;4375;593;0;20
FR;4;2023-06-05;0;0;0;0;0;0;0;0;0;1082425;6981;1587;88;1083640;4375;593;0;20
FR;4;2023-06-06;1;0;0;0;1;0;0;0;0;1082426;6981;1587;88;1083641;4375;593;0;20
FR;4;2023-06-07;0;0;0;0;0;0;0;0;0;1082426;6981;1587;88;1083641;4375;593;0;20
FR;4;2023-06-08;1;0;0;0;1;0;0;0;0;1082427;6981;1587;88;1083642;4375;593;0;20
FR;4;2023-06-09;1;0;0;0;1;0;0;0;0;1082428;6981;1587;88;1083643;4375;593;0;20
FR;4;2023-06-10;0;0;0;0;0;0;0;0;0;1082428;6981;1587;88;1083643;4375;593;0;20
FR;4;2023-06-11;0;0;0;0;0;0;0;0;0;1082428;6981;1587;88;1083643;4375;593;0;20
FR;4;2023-06-12;0;0;0;0;0;0;0;0;0;1082428;6981;1587;88;1083643;4375;593;0;20
FR;4;2023-06-13;0;0;0;0;0;0;0;0;0;1082428;6981;1587;88;1083643;4375;593;0;20
FR;4;2023-06-14;0;0;0;0;0;0;0;0;0;1082428;6981;1587;88;1083643;4375;593;0;20
FR;4;2023-06-15;0;0;0;0;0;0;0;0;0;1082428;6981;1587;88;1083643;4375;593;0;20
FR;4;2023-06-16;0;0;0;0;0;0;0;0;0;1082428;6981;1587;88;1083643;4375;593;0;20
FR;4;2023-06-17;0;0;0;0;0;0;0;0;0;1082428;6981;1587;88;1083643;4375;593;0;20
FR;4;2023-06-18;0;0;0;0;0;0;0;0;0;1082428;6981;1587;88;1083643;4375;593;0;20
FR;4;2023-06-19;0;0;0;0;0;0;0;0;0;1082428;6981;1587;88;1083643;4375;593;0;20
FR;4;2023-06-20;0;0;0;0;0;0;0;0;0;1082428;6981;1587;88;1083643;4375;593;0;20
FR;4;2023-06-21;0;0;0;0;0;0;0;0;0;1082428;6981;1587;88;1083643;4375;593;0;20
FR;4;2023-06-22;0;0;0;0;0;0;0;0;0;1082428;6981;1587;88;1083643;4375;593;0;20
FR;4;2023-06-23;0;0;0;0;0;0;0;0;0;1082428;6981;1587;88;1083643;4375;593;0;20
FR;4;2023-06-24;0;0;0;0;0;0;0;0;0;1082428;6981;1587;88;1083643;4375;593;0;20
FR;4;2023-06-25;0;0;0;0;0;0;0;0;0;1082428;6981;1587;88;1083643;4375;593;0;20
FR;4;2023-06-26;0;0;0;0;0;0;0;0;0;1082428;6981;1587;88;1083643;4375;593;0;20
FR;5;2020-12-27;0;0;0;0;0;0;0;0;0;0;0;0;0;0;0;0;0;0
FR;5;2020-12-28;0;0;0;0;0;0;0;0;0;0;0;0;0;0;0;0;0;0
FR;5;2020-12-29;0;0;0;0;0;0;0;0;0;0;0;0;0;0;0;0;0;0
FR;5;2020-12-30;0;0;0;0;0;0;0;0;0;0;0;0;0;0;0;0;0;0
FR;5;2020-12-31;0;0;0;0;0;0;0;0;0;0;0;0;0;0;0;0;0;0
FR;5;2021-01-01;0;0;0;0;0;0;0;0;0;0;0;0;0;0;0;0;0;0
FR;5;2021-01-02;0;0;0;0;0;0;0;0;0;0;0;0;0;0;0;0;0;0
FR;5;2021-01-03;0;0;0;0;0;0;0;0;0;0;0;0;0;0;0;0;0;0
FR;5;2021-01-04;0;0;0;0;0;0;0;0;0;0;0;0;0;0;0;0;0;0
FR;5;2021-01-05;0;0;0;0;0;0;0;0;0;0;0;0;0;0;0;0;0;0
FR;5;2021-01-06;0;0;0;0;0;0;0;0;0;0;0;0;0;0;0;0;0;0
FR;5;2021-01-07;0;0;0;0;0;0;0;0;0;0;0;0;0;0;0;0;0;0
FR;5;2021-01-08;0;0;0;0;0;0;0;0;0;0;0;0;0;0;0;0;0;0
FR;5;2021-01-09;0;0;0;0;0;0;0;0;0;0;0;0;0;0;0;0;0;0
FR;5;2021-01-10;0;0;0;0;0;0;0;0;0;0;0;0;0;0;0;0;0;0
FR;5;2021-01-11;0;0;0;0;0;0;0;0;0;0;0;0;0;0;0;0;0;0
FR;5;2021-01-12;0;0;0;0;0;0;0;0;0;0;0;0;0;0;0;0;0;0
FR;5;2021-01-13;0;0;0;0;0;0;0;0;0;0;0;0;0;0;0;0;0;0
FR;5;2021-01-14;0;0;0;0;0;0;0;0;0;0;0;0;0;0;0;0;0;0
FR;5;2021-01-15;0;0;0;0;0;0;0;0;0;0;0;0;0;0;0;0;0;0
FR;5;2021-01-16;0;0;0;0;0;0;0;0;0;0;0;0;0;0;0;0;0;0
FR;5;2021-01-17;0;0;0;0;0;0;0;0;0;0;0;0;0;0;0;0;0;0
FR;5;2021-01-18;0;0;0;0;0;0;0;0;0;0;0;0;0;0;0;0;0;0
FR;5;2021-01-19;0;0;0;0;0;0;0;0;0;0;0;0;0;0;0;0;0;0
FR;5;2021-01-20;0;0;0;0;0;0;0;0;0;0;0;0;0;0;0;0;0;0
FR;5;2021-01-21;0;0;0;0;0;0;0;0;0;0;0;0;0;0;0;0;0;0
FR;5;2021-01-22;0;0;0;0;0;0;0;0;0;0;0;0;0;0;0;0;0;0
FR;5;2021-01-23;0;0;0;0;0;0;0;0;0;0;0;0;0;0;0;0;0;0
FR;5;2021-01-24;0;0;0;0;0;0;0;0;0;0;0;0;0;0;0;0;0;0
FR;5;2021-01-25;0;0;0;0;0;0;0;0;0;0;0;0;0;0;0;0;0;0
FR;5;2021-01-26;0;0;0;0;0;0;0;0;0;0;0;0;0;0;0;0;0;0
FR;5;2021-01-27;0;0;0;0;0;0;0;0;0;0;0;0;0;0;0;0;0;0
FR;5;2021-01-28;0;0;0;0;0;0;0;0;0;0;0;0;0;0;0;0;0;0
FR;5;2021-01-29;0;0;0;0;0;0;0;0;0;0;0;0;0;0;0;0;0;0
FR;5;2021-01-30;0;0;0;0;0;0;0;0;0;0;0;0;0;0;0;0;0;0
FR;5;2021-01-31;0;0;0;0;0;0;0;0;0;0;0;0;0;0;0;0;0;0
FR;5;2021-02-01;0;0;0;0;0;0;0;0;0;0;0;0;0;0;0;0;0;0
FR;5;2021-02-02;0;0;0;0;0;0;0;0;0;0;0;0;0;0;0;0;0;0
FR;5;2021-02-03;0;0;0;0;0;0;0;0;0;0;0;0;0;0;0;0;0;0
FR;5;2021-02-04;0;0;0;0;0;0;0;0;0;0;0;0;0;0;0;0;0;0
FR;5;2021-02-05;0;0;0;0;0;0;0;0;0;0;0;0;0;0;0;0;0;0
FR;5;2021-02-06;0;0;0;0;0;0;0;0;0;0;0;0;0;0;0;0;0;0
FR;5;2021-02-07;0;0;0;0;0;0;0;0;0;0;0;0;0;0;0;0;0;0
FR;5;2021-02-08;0;0;0;0;0;0;0;0;0;0;0;0;0;0;0;0;0;0
FR;5;2021-02-09;0;0;0;0;0;0;0;0;0;0;0;0;0;0;0;0;0;0
FR;5;2021-02-10;0;0;0;0;0;0;0;0;0;0;0;0;0;0;0;0;0;0
FR;5;2021-02-11;0;0;0;0;0;0;0;0;0;0;0;0;0;0;0;0;0;0
FR;5;2021-02-12;0;0;0;0;0;0;0;0;0;0;0;0;0;0;0;0;0;0
FR;5;2021-02-13;0;0;0;0;0;0;0;0;0;0;0;0;0;0;0;0;0;0
FR;5;2021-02-14;0;0;0;0;0;0;0;0;0;0;0;0;0;0;0;0;0;0
FR;5;2021-02-15;0;0;0;0;0;0;0;0;0;0;0;0;0;0;0;0;0;0
FR;5;2021-02-16;0;0;0;0;0;0;0;0;0;0;0;0;0;0;0;0;0;0
FR;5;2021-02-17;0;0;0;0;0;0;0;0;0;0;0;0;0;0;0;0;0;0
FR;5;2021-02-18;0;0;0;0;0;0;0;0;0;0;0;0;0;0;0;0;0;0
FR;5;2021-02-19;0;0;0;0;0;0;0;0;0;0;0;0;0;0;0;0;0;0
FR;5;2021-02-20;0;0;0;0;0;0;0;0;0;0;0;0;0;0;0;0;0;0
FR;5;2021-02-21;0;0;0;0;0;0;0;0;0;0;0;0;0;0;0;0;0;0
FR;5;2021-02-22;0;0;0;0;0;0;0;0;0;0;0;0;0;0;0;0;0;0
FR;5;2021-02-23;0;0;0;0;0;0;0;0;0;0;0;0;0;0;0;0;0;0
FR;5;2021-02-24;0;0;0;0;0;0;0;0;0;0;0;0;0;0;0;0;0;0
FR;5;2021-02-25;0;0;0;0;0;0;0;0;0;0;0;0;0;0;0;0;0;0
FR;5;2021-02-26;0;0;0;0;0;0;0;0;0;0;0;0;0;0;0;0;0;0
FR;5;2021-02-27;0;0;0;0;0;0;0;0;0;0;0;0;0;0;0;0;0;0
FR;5;2021-02-28;0;0;0;0;0;0;0;0;0;0;0;0;0;0;0;0;0;0
FR;5;2021-03-01;0;0;0;0;0;0;0;0;0;0;0;0;0;0;0;0;0;0
FR;5;2021-03-02;0;0;0;0;0;0;0;0;0;0;0;0;0;0;0;0;0;0
FR;5;2021-03-03;0;0;0;0;0;0;0;0;0;0;0;0;0;0;0;0;0;0
FR;5;2021-03-04;0;0;0;0;0;0;0;0;0;0;0;0;0;0;0;0;0;0
FR;5;2021-03-05;0;0;0;0;0;0;0;0;0;0;0;0;0;0;0;0;0;0
FR;5;2021-03-06;0;0;0;0;0;0;0;0;0;0;0;0;0;0;0;0;0;0
FR;5;2021-03-07;0;0;0;0;0;0;0;0;0;0;0;0;0;0;0;0;0;0
FR;5;2021-03-08;0;0;0;0;0;0;0;0;0;0;0;0;0;0;0;0;0;0
FR;5;2021-03-09;0;0;0;0;0;0;0;0;0;0;0;0;0;0;0;0;0;0
FR;5;2021-03-10;0;0;0;0;0;0;0;0;0;0;0;0;0;0;0;0;0;0
FR;5;2021-03-11;0;0;0;0;0;0;0;0;0;0;0;0;0;0;0;0;0;0
FR;5;2021-03-12;0;0;0;0;0;0;0;0;0;0;0;0;0;0;0;0;0;0
FR;5;2021-03-13;0;0;0;0;0;0;0;0;0;0;0;0;0;0;0;0;0;0
FR;5;2021-03-14;0;0;0;0;0;0;0;0;0;0;0;0;0;0;0;0;0;0
FR;5;2021-03-15;0;0;0;0;0;0;0;0;0;0;0;0;0;0;0;0;0;0
FR;5;2021-03-16;0;0;0;0;0;0;0;0;0;0;0;0;0;0;0;0;0;0
FR;5;2021-03-17;0;0;0;0;0;0;0;0;0;0;0;0;0;0;0;0;0;0
FR;5;2021-03-18;0;0;0;0;0;0;0;0;0;0;0;0;0;0;0;0;0;0
FR;5;2021-03-19;0;0;0;0;0;0;0;0;0;0;0;0;0;0;0;0;0;0
FR;5;2021-03-20;0;0;0;0;0;0;0;0;0;0;0;0;0;0;0;0;0;0
FR;5;2021-03-21;0;0;0;0;0;0;0;0;0;0;0;0;0;0;0;0;0;0
FR;5;2021-03-22;0;0;0;0;0;0;0;0;0;0;0;0;0;0;0;0;0;0
FR;5;2021-03-23;0;0;0;0;0;0;0;0;0;0;0;0;0;0;0;0;0;0
FR;5;2021-03-24;0;0;0;0;0;0;0;0;0;0;0;0;0;0;0;0;0;0
FR;5;2021-03-25;0;0;0;0;0;0;0;0;0;0;0;0;0;0;0;0;0;0
FR;5;2021-03-26;0;0;0;0;0;0;0;0;0;0;0;0;0;0;0;0;0;0
FR;5;2021-03-27;0;0;0;0;0;0;0;0;0;0;0;0;0;0;0;0;0;0
FR;5;2021-03-28;0;0;0;0;0;0;0;0;0;0;0;0;0;0;0;0;0;0
FR;5;2021-03-29;0;0;0;0;0;0;0;0;0;0;0;0;0;0;0;0;0;0
FR;5;2021-03-30;0;0;0;0;0;0;0;0;0;0;0;0;0;0;0;0;0;0
FR;5;2021-03-31;0;0;0;0;0;0;0;0;0;0;0;0;0;0;0;0;0;0
FR;5;2021-04-01;0;0;0;0;0;0;0;0;0;0;0;0;0;0;0;0;0;0
FR;5;2021-04-02;0;0;0;0;0;0;0;0;0;0;0;0;0;0;0;0;0;0
FR;5;2021-04-03;0;0;0;0;0;0;0;0;0;0;0;0;0;0;0;0;0;0
FR;5;2021-04-04;0;0;0;0;0;0;0;0;0;0;0;0;0;0;0;0;0;0
FR;5;2021-04-05;0;0;0;0;0;0;0;0;0;0;0;0;0;0;0;0;0;0
FR;5;2021-04-06;0;0;0;0;0;0;0;0;0;0;0;0;0;0;0;0;0;0
FR;5;2021-04-07;0;0;0;0;0;0;0;0;0;0;0;0;0;0;0;0;0;0
FR;5;2021-04-08;0;0;0;0;0;0;0;0;0;0;0;0;0;0;0;0;0;0
FR;5;2021-04-09;0;0;0;0;0;0;0;0;0;0;0;0;0;0;0;0;0;0
FR;5;2021-04-10;0;0;0;0;0;0;0;0;0;0;0;0;0;0;0;0;0;0
FR;5;2021-04-11;0;0;0;0;0;0;0;0;0;0;0;0;0;0;0;0;0;0
FR;5;2021-04-12;0;0;0;0;0;0;0;0;0;0;0;0;0;0;0;0;0;0
FR;5;2021-04-13;0;0;0;0;0;0;0;0;0;0;0;0;0;0;0;0;0;0
FR;5;2021-04-14;0;0;0;0;0;0;0;0;0;0;0;0;0;0;0;0;0;0
FR;5;2021-04-15;0;0;0;0;0;0;0;0;0;0;0;0;0;0;0;0;0;0
FR;5;2021-04-16;0;0;0;0;0;0;0;0;0;0;0;0;0;0;0;0;0;0
FR;5;2021-04-17;0;0;0;0;0;0;0;0;0;0;0;0;0;0;0;0;0;0
FR;5;2021-04-18;0;0;0;0;0;0;0;0;0;0;0;0;0;0;0;0;0;0
FR;5;2021-04-19;0;0;0;0;0;0;0;0;0;0;0;0;0;0;0;0;0;0
FR;5;2021-04-20;0;0;0;0;0;0;0;0;0;0;0;0;0;0;0;0;0;0
FR;5;2021-04-21;0;0;0;0;0;0;0;0;0;0;0;0;0;0;0;0;0;0
FR;5;2021-04-22;0;0;0;0;0;0;0;0;0;0;0;0;0;0;0;0;0;0
FR;5;2021-04-23;0;0;0;0;0;0;0;0;0;0;0;0;0;0;0;0;0;0
FR;5;2021-04-24;0;0;0;0;0;0;0;0;0;0;0;0;0;0;0;0;0;0
FR;5;2021-04-25;0;0;0;0;0;0;0;0;0;0;0;0;0;0;0;0;0;0
FR;5;2021-04-26;0;0;0;0;0;0;0;0;0;0;0;0;0;0;0;0;0;0
FR;5;2021-04-27;0;0;0;0;0;0;0;0;0;0;0;0;0;0;0;0;0;0
FR;5;2021-04-28;0;0;0;0;0;0;0;0;0;0;0;0;0;0;0;0;0;0
FR;5;2021-04-29;0;0;0;0;0;0;0;0;0;0;0;0;0;0;0;0;0;0
FR;5;2021-04-30;0;0;0;0;0;0;0;0;0;0;0;0;0;0;0;0;0;0
FR;5;2021-05-01;0;0;0;0;0;0;0;0;0;0;0;0;0;0;0;0;0;0
FR;5;2021-05-02;0;0;0;0;0;0;0;0;0;0;0;0;0;0;0;0;0;0
FR;5;2021-05-03;0;0;0;0;0;0;0;0;0;0;0;0;0;0;0;0;0;0
FR;5;2021-05-04;0;0;0;0;0;0;0;0;0;0;0;0;0;0;0;0;0;0
FR;5;2021-05-05;0;0;0;0;0;0;0;0;0;0;0;0;0;0;0;0;0;0
FR;5;2021-05-06;0;0;0;0;0;0;0;0;0;0;0;0;0;0;0;0;0;0
FR;5;2021-05-07;0;0;0;0;0;0;0;0;0;0;0;0;0;0;0;0;0;0
FR;5;2021-05-08;0;0;0;0;0;0;0;0;0;0;0;0;0;0;0;0;0;0
FR;5;2021-05-09;0;0;0;0;0;0;0;0;0;0;0;0;0;0;0;0;0;0
FR;5;2021-05-10;0;0;0;0;0;0;0;0;0;0;0;0;0;0;0;0;0;0
FR;5;2021-05-11;0;0;0;0;0;0;0;0;0;0;0;0;0;0;0;0;0;0
FR;5;2021-05-12;0;0;0;0;0;0;0;0;0;0;0;0;0;0;0;0;0;0
FR;5;2021-05-13;0;0;0;0;0;0;0;0;0;0;0;0;0;0;0;0;0;0
FR;5;2021-05-14;0;0;0;0;0;0;0;0;0;0;0;0;0;0;0;0;0;0
FR;5;2021-05-15;0;0;0;0;0;0;0;0;0;0;0;0;0;0;0;0;0;0
FR;5;2021-05-16;0;0;0;0;0;0;0;0;0;0;0;0;0;0;0;0;0;0
FR;5;2021-05-17;0;0;0;0;0;0;0;0;0;0;0;0;0;0;0;0;0;0
FR;5;2021-05-18;0;0;0;0;0;0;0;0;0;0;0;0;0;0;0;0;0;0
FR;5;2021-05-19;0;0;0;0;0;0;0;0;0;0;0;0;0;0;0;0;0;0
FR;5;2021-05-20;0;0;0;0;0;0;0;0;0;0;0;0;0;0;0;0;0;0
FR;5;2021-05-21;0;0;0;0;0;0;0;0;0;0;0;0;0;0;0;0;0;0
FR;5;2021-05-22;0;0;0;0;0;0;0;0;0;0;0;0;0;0;0;0;0;0
FR;5;2021-05-23;0;0;0;0;0;0;0;0;0;0;0;0;0;0;0;0;0;0
FR;5;2021-05-24;0;0;0;0;0;0;0;0;0;0;0;0;0;0;0;0;0;0
FR;5;2021-05-25;0;0;0;0;0;0;0;0;0;0;0;0;0;0;0;0;0;0
FR;5;2021-05-26;0;0;0;0;0;0;0;0;0;0;0;0;0;0;0;0;0;0
FR;5;2021-05-27;0;0;0;0;0;0;0;0;0;0;0;0;0;0;0;0;0;0
FR;5;2021-05-28;0;0;0;0;0;0;0;0;0;0;0;0;0;0;0;0;0;0
FR;5;2021-05-29;0;0;0;0;0;0;0;0;0;0;0;0;0;0;0;0;0;0
FR;5;2021-05-30;0;0;0;0;0;0;0;0;0;0;0;0;0;0;0;0;0;0
FR;5;2021-05-31;0;0;0;0;0;0;0;0;0;0;0;0;0;0;0;0;0;0
FR;5;2021-06-01;0;0;0;0;0;0;0;0;0;0;0;0;0;0;0;0;0;0
FR;5;2021-06-02;0;0;0;0;0;0;0;0;0;0;0;0;0;0;0;0;0;0
FR;5;2021-06-03;0;0;0;0;0;0;0;0;0;0;0;0;0;0;0;0;0;0
FR;5;2021-06-04;0;0;0;0;0;0;0;0;0;0;0;0;0;0;0;0;0;0
FR;5;2021-06-05;0;0;0;0;0;0;0;0;0;0;0;0;0;0;0;0;0;0
FR;5;2021-06-06;0;0;0;0;0;0;0;0;0;0;0;0;0;0;0;0;0;0
FR;5;2021-06-07;0;0;0;0;0;0;0;0;0;0;0;0;0;0;0;0;0;0
FR;5;2021-06-08;0;0;0;0;0;0;0;0;0;0;0;0;0;0;0;0;0;0
FR;5;2021-06-09;0;0;0;0;0;0;0;0;0;0;0;0;0;0;0;0;0;0
FR;5;2021-06-10;0;0;0;0;0;0;0;0;0;0;0;0;0;0;0;0;0;0
FR;5;2021-06-11;0;0;0;0;0;0;0;0;0;0;0;0;0;0;0;0;0;0
FR;5;2021-06-12;0;0;0;0;0;0;0;0;0;0;0;0;0;0;0;0;0;0
FR;5;2021-06-13;0;0;0;0;0;0;0;0;0;0;0;0;0;0;0;0;0;0
FR;5;2021-06-14;0;0;0;0;0;0;0;0;0;0;0;0;0;0;0;0;0;0
FR;5;2021-06-15;0;0;0;0;0;0;0;0;0;0;0;0;0;0;0;0;0;0
FR;5;2021-06-16;0;0;0;0;0;0;0;0;0;0;0;0;0;0;0;0;0;0
FR;5;2021-06-17;0;0;0;0;0;0;0;0;0;0;0;0;0;0;0;0;0;0
FR;5;2021-06-18;0;0;0;0;0;0;0;0;0;0;0;0;0;0;0;0;0;0
FR;5;2021-06-19;0;0;0;0;0;0;0;0;0;0;0;0;0;0;0;0;0;0
FR;5;2021-06-20;0;0;0;0;0;0;0;0;0;0;0;0;0;0;0;0;0;0
FR;5;2021-06-21;0;0;0;0;0;0;0;0;0;0;0;0;0;0;0;0;0;0
FR;5;2021-06-22;0;0;0;0;0;0;0;0;0;0;0;0;0;0;0;0;0;0
FR;5;2021-06-23;0;0;0;0;0;0;0;0;0;0;0;0;0;0;0;0;0;0
FR;5;2021-06-24;0;0;0;0;0;0;0;0;0;0;0;0;0;0;0;0;0;0
FR;5;2021-06-25;0;0;0;0;0;0;0;0;0;0;0;0;0;0;0;0;0;0
FR;5;2021-06-26;0;0;0;0;0;0;0;0;0;0;0;0;0;0;0;0;0;0
FR;5;2021-06-27;0;0;0;0;0;0;0;0;0;0;0;0;0;0;0;0;0;0
FR;5;2021-06-28;0;0;0;0;0;0;0;0;0;0;0;0;0;0;0;0;0;0
FR;5;2021-06-29;0;0;0;0;0;0;0;0;0;0;0;0;0;0;0;0;0;0
FR;5;2021-06-30;0;0;0;0;0;0;0;0;0;0;0;0;0;0;0;0;0;0
FR;5;2021-07-01;0;0;0;0;0;0;0;0;0;0;0;0;0;0;0;0;0;0
FR;5;2021-07-02;0;0;0;0;0;0;0;0;0;0;0;0;0;0;0;0;0;0
FR;5;2021-07-03;0;0;0;0;0;0;0;0;0;0;0;0;0;0;0;0;0;0
FR;5;2021-07-04;0;0;0;0;0;0;0;0;0;0;0;0;0;0;0;0;0;0
FR;5;2021-07-05;0;0;0;0;0;0;0;0;0;0;0;0;0;0;0;0;0;0
FR;5;2021-07-06;0;0;0;0;0;0;0;0;0;0;0;0;0;0;0;0;0;0
FR;5;2021-07-07;0;0;0;0;0;0;0;0;0;0;0;0;0;0;0;0;0;0
FR;5;2021-07-08;0;0;0;0;0;0;0;0;0;0;0;0;0;0;0;0;0;0
FR;5;2021-07-09;0;0;0;0;0;0;0;0;0;0;0;0;0;0;0;0;0;0
FR;5;2021-07-10;0;0;0;0;0;0;0;0;0;0;0;0;0;0;0;0;0;0
FR;5;2021-07-11;0;0;0;0;0;0;0;0;0;0;0;0;0;0;0;0;0;0
FR;5;2021-07-12;0;0;0;0;0;0;0;0;0;0;0;0;0;0;0;0;0;0
FR;5;2021-07-13;0;0;0;0;0;0;0;0;0;0;0;0;0;0;0;0;0;0
FR;5;2021-07-14;0;0;0;0;0;0;0;0;0;0;0;0;0;0;0;0;0;0
FR;5;2021-07-15;0;0;0;0;0;0;0;0;0;0;0;0;0;0;0;0;0;0
FR;5;2021-07-16;0;0;0;0;0;0;0;0;0;0;0;0;0;0;0;0;0;0
FR;5;2021-07-17;0;0;0;0;0;0;0;0;0;0;0;0;0;0;0;0;0;0
FR;5;2021-07-18;0;0;0;0;0;0;0;0;0;0;0;0;0;0;0;0;0;0
FR;5;2021-07-19;0;0;0;0;0;0;0;0;0;0;0;0;0;0;0;0;0;0
FR;5;2021-07-20;0;0;0;0;0;0;0;0;0;0;0;0;0;0;0;0;0;0
FR;5;2021-07-21;0;0;0;0;0;0;0;0;0;0;0;0;0;0;0;0;0;0
FR;5;2021-07-22;0;0;0;0;0;0;0;0;0;0;0;0;0;0;0;0;0;0
FR;5;2021-07-23;0;0;0;0;0;0;0;0;0;0;0;0;0;0;0;0;0;0
FR;5;2021-07-24;0;0;0;0;0;0;0;0;0;0;0;0;0;0;0;0;0;0
FR;5;2021-07-25;0;0;0;0;0;0;0;0;0;0;0;0;0;0;0;0;0;0
FR;5;2021-07-26;0;0;0;0;0;0;0;0;0;0;0;0;0;0;0;0;0;0
FR;5;2021-07-27;0;0;0;0;0;0;0;0;0;0;0;0;0;0;0;0;0;0
FR;5;2021-07-28;0;0;0;0;0;0;0;0;0;0;0;0;0;0;0;0;0;0
FR;5;2021-07-29;0;0;0;0;0;0;0;0;0;0;0;0;0;0;0;0;0;0
FR;5;2021-07-30;0;0;0;0;0;0;0;0;0;0;0;0;0;0;0;0;0;0
FR;5;2021-07-31;0;0;0;0;0;0;0;0;0;0;0;0;0;0;0;0;0;0
FR;5;2021-08-01;0;0;0;0;0;0;0;0;0;0;0;0;0;0;0;0;0;0
FR;5;2021-08-02;0;0;0;0;0;0;0;0;0;0;0;0;0;0;0;0;0;0
FR;5;2021-08-03;0;0;0;0;0;0;0;0;0;0;0;0;0;0;0;0;0;0
FR;5;2021-08-04;0;0;0;0;0;0;0;0;0;0;0;0;0;0;0;0;0;0
FR;5;2021-08-05;0;0;0;0;0;0;0;0;0;0;0;0;0;0;0;0;0;0
FR;5;2021-08-06;0;0;0;0;0;0;0;0;0;0;0;0;0;0;0;0;0;0
FR;5;2021-08-07;0;0;0;0;0;0;0;0;0;0;0;0;0;0;0;0;0;0
FR;5;2021-08-08;0;0;0;0;0;0;0;0;0;0;0;0;0;0;0;0;0;0
FR;5;2021-08-09;0;0;0;0;0;0;0;0;0;0;0;0;0;0;0;0;0;0
FR;5;2021-08-10;0;0;0;0;0;0;0;0;0;0;0;0;0;0;0;0;0;0
FR;5;2021-08-11;0;0;0;0;0;0;0;0;0;0;0;0;0;0;0;0;0;0
FR;5;2021-08-12;0;0;0;0;0;0;0;0;0;0;0;0;0;0;0;0;0;0
FR;5;2021-08-13;0;0;0;0;0;0;0;0;0;0;0;0;0;0;0;0;0;0
FR;5;2021-08-14;0;0;0;0;0;0;0;0;0;0;0;0;0;0;0;0;0;0
FR;5;2021-08-15;0;0;0;0;0;0;0;0;0;0;0;0;0;0;0;0;0;0
FR;5;2021-08-16;0;0;0;0;0;0;0;0;0;0;0;0;0;0;0;0;0;0
FR;5;2021-08-17;0;0;0;0;0;0;0;0;0;0;0;0;0;0;0;0;0;0
FR;5;2021-08-18;0;0;0;0;0;0;0;0;0;0;0;0;0;0;0;0;0;0
FR;5;2021-08-19;0;0;0;0;0;0;0;0;0;0;0;0;0;0;0;0;0;0
FR;5;2021-08-20;0;0;0;0;0;0;0;0;0;0;0;0;0;0;0;0;0;0
FR;5;2021-08-21;0;0;0;0;0;0;0;0;0;0;0;0;0;0;0;0;0;0
FR;5;2021-08-22;0;0;0;0;0;0;0;0;0;0;0;0;0;0;0;0;0;0
FR;5;2021-08-23;0;0;0;0;0;0;0;0;0;0;0;0;0;0;0;0;0;0
FR;5;2021-08-24;0;0;0;0;0;0;0;0;0;0;0;0;0;0;0;0;0;0
FR;5;2021-08-25;0;0;0;0;0;0;0;0;0;0;0;0;0;0;0;0;0;0
FR;5;2021-08-26;0;0;0;0;0;0;0;0;0;0;0;0;0;0;0;0;0;0
FR;5;2021-08-27;0;0;0;0;0;0;0;0;0;0;0;0;0;0;0;0;0;0
FR;5;2021-08-28;0;0;0;0;0;0;0;0;0;0;0;0;0;0;0;0;0;0
FR;5;2021-08-29;0;0;0;0;0;0;0;0;0;0;0;0;0;0;0;0;0;0
FR;5;2021-08-30;0;0;0;0;0;0;0;0;0;0;0;0;0;0;0;0;0;0
FR;5;2021-08-31;0;0;0;0;0;0;0;0;0;0;0;0;0;0;0;0;0;0
FR;5;2021-09-01;0;0;0;0;0;0;0;0;0;0;0;0;0;0;0;0;0;0
FR;5;2021-09-02;0;0;0;0;0;0;0;0;0;0;0;0;0;0;0;0;0;0
FR;5;2021-09-03;0;0;0;0;0;0;0;0;0;0;0;0;0;0;0;0;0;0
FR;5;2021-09-04;0;0;0;0;0;0;0;0;0;0;0;0;0;0;0;0;0;0
FR;5;2021-09-05;0;0;0;0;0;0;0;0;0;0;0;0;0;0;0;0;0;0
FR;5;2021-09-06;0;0;0;0;0;0;0;0;0;0;0;0;0;0;0;0;0;0
FR;5;2021-09-07;0;0;0;0;0;0;0;0;0;0;0;0;0;0;0;0;0;0
FR;5;2021-09-08;0;0;0;0;0;0;0;0;0;0;0;0;0;0;0;0;0;0
FR;5;2021-09-09;0;0;0;0;0;0;0;0;0;0;0;0;0;0;0;0;0;0
FR;5;2021-09-10;0;0;0;0;0;0;0;0;0;0;0;0;0;0;0;0;0;0
FR;5;2021-09-11;0;0;0;0;0;0;0;0;0;0;0;0;0;0;0;0;0;0
FR;5;2021-09-12;0;0;0;0;0;0;0;0;0;0;0;0;0;0;0;0;0;0
FR;5;2021-09-13;0;0;0;0;0;0;0;0;0;0;0;0;0;0;0;0;0;0
FR;5;2021-09-14;0;0;0;0;0;0;0;0;0;0;0;0;0;0;0;0;0;0
FR;5;2021-09-15;0;0;0;0;0;0;0;0;0;0;0;0;0;0;0;0;0;0
FR;5;2021-09-16;0;0;0;0;0;0;0;0;0;0;0;0;0;0;0;0;0;0
FR;5;2021-09-17;0;0;0;0;0;0;0;0;0;0;0;0;0;0;0;0;0;0
FR;5;2021-09-18;0;0;0;0;0;0;0;0;0;0;0;0;0;0;0;0;0;0
FR;5;2021-09-19;0;0;0;0;0;0;0;0;0;0;0;0;0;0;0;0;0;0
FR;5;2021-09-20;0;0;0;0;0;0;0;0;0;0;0;0;0;0;0;0;0;0
FR;5;2021-09-21;0;0;0;0;0;0;0;0;0;0;0;0;0;0;0;0;0;0
FR;5;2021-09-22;0;0;0;0;0;0;0;0;0;0;0;0;0;0;0;0;0;0
FR;5;2021-09-23;0;0;0;0;0;0;0;0;0;0;0;0;0;0;0;0;0;0
FR;5;2021-09-24;0;0;0;0;0;0;0;0;0;0;0;0;0;0;0;0;0;0
FR;5;2021-09-25;0;0;0;0;0;0;0;0;0;0;0;0;0;0;0;0;0;0
FR;5;2021-09-26;0;0;0;0;0;0;0;0;0;0;0;0;0;0;0;0;0;0
FR;5;2021-09-27;0;0;0;0;0;0;0;0;0;0;0;0;0;0;0;0;0;0
FR;5;2021-09-28;0;0;0;0;0;0;0;0;0;0;0;0;0;0;0;0;0;0
FR;5;2021-09-29;0;0;0;0;0;0;0;0;0;0;0;0;0;0;0;0;0;0
FR;5;2021-09-30;0;0;0;0;0;0;0;0;0;0;0;0;0;0;0;0;0;0
FR;5;2021-10-01;0;0;0;0;0;0;0;0;0;0;0;0;0;0;0;0;0;0
FR;5;2021-10-02;0;0;0;0;0;0;0;0;0;0;0;0;0;0;0;0;0;0
FR;5;2021-10-03;0;0;0;0;0;0;0;0;0;0;0;0;0;0;0;0;0;0
FR;5;2021-10-04;0;0;0;0;0;0;0;0;0;0;0;0;0;0;0;0;0;0
FR;5;2021-10-05;0;0;0;0;0;0;0;0;0;0;0;0;0;0;0;0;0;0
FR;5;2021-10-06;0;0;0;0;0;0;0;0;0;0;0;0;0;0;0;0;0;0
FR;5;2021-10-07;0;0;0;0;0;0;0;0;0;0;0;0;0;0;0;0;0;0
FR;5;2021-10-08;0;0;0;0;0;0;0;0;0;0;0;0;0;0;0;0;0;0
FR;5;2021-10-09;0;0;0;0;0;0;0;0;0;0;0;0;0;0;0;0;0;0
FR;5;2021-10-10;0;0;0;0;0;0;0;0;0;0;0;0;0;0;0;0;0;0
FR;5;2021-10-11;0;0;0;0;0;0;0;0;0;0;0;0;0;0;0;0;0;0
FR;5;2021-10-12;0;0;0;0;0;0;0;0;0;0;0;0;0;0;0;0;0;0
FR;5;2021-10-13;0;0;0;0;0;0;0;0;0;0;0;0;0;0;0;0;0;0
FR;5;2021-10-14;0;0;0;0;0;0;0;0;0;0;0;0;0;0;0;0;0;0
FR;5;2021-10-15;0;0;0;0;0;0;0;0;0;0;0;0;0;0;0;0;0;0
FR;5;2021-10-16;0;0;0;0;0;0;0;0;0;0;0;0;0;0;0;0;0;0
FR;5;2021-10-17;0;0;0;0;0;0;0;0;0;0;0;0;0;0;0;0;0;0
FR;5;2021-10-18;0;0;0;0;0;0;0;0;0;0;0;0;0;0;0;0;0;0
FR;5;2021-10-19;0;0;0;0;0;0;0;0;0;0;0;0;0;0;0;0;0;0
FR;5;2021-10-20;0;0;0;0;0;0;0;0;0;0;0;0;0;0;0;0;0;0
FR;5;2021-10-21;0;0;0;0;0;0;0;0;0;0;0;0;0;0;0;0;0;0
FR;5;2021-10-22;0;0;0;0;0;0;0;0;0;0;0;0;0;0;0;0;0;0
FR;5;2021-10-23;0;0;0;0;0;0;0;0;0;0;0;0;0;0;0;0;0;0
FR;5;2021-10-24;0;0;0;0;0;0;0;0;0;0;0;0;0;0;0;0;0;0
FR;5;2021-10-25;0;0;0;0;0;0;0;0;0;0;0;0;0;0;0;0;0;0
FR;5;2021-10-26;0;0;0;0;0;0;0;0;0;0;0;0;0;0;0;0;0;0
FR;5;2021-10-27;0;0;0;0;0;0;0;0;0;0;0;0;0;0;0;0;0;0
FR;5;2021-10-28;0;0;0;0;0;0;0;0;0;0;0;0;0;0;0;0;0;0
FR;5;2021-10-29;0;0;0;0;0;0;0;0;0;0;0;0;0;0;0;0;0;0
FR;5;2021-10-30;0;0;0;0;0;0;0;0;0;0;0;0;0;0;0;0;0;0
FR;5;2021-10-31;0;0;0;0;0;0;0;0;0;0;0;0;0;0;0;0;0;0
FR;5;2021-11-01;0;0;0;0;0;0;0;0;0;0;0;0;0;0;0;0;0;0
FR;5;2021-11-02;0;0;0;0;0;0;0;0;0;0;0;0;0;0;0;0;0;0
FR;5;2021-11-03;0;0;0;0;0;0;0;0;0;0;0;0;0;0;0;0;0;0
FR;5;2021-11-04;0;0;0;0;0;0;0;0;0;0;0;0;0;0;0;0;0;0
FR;5;2021-11-05;0;0;0;0;0;0;0;0;0;0;0;0;0;0;0;0;0;0
FR;5;2021-11-06;0;0;0;0;0;0;0;0;0;0;0;0;0;0;0;0;0;0
FR;5;2021-11-07;0;0;0;0;0;0;0;0;0;0;0;0;0;0;0;0;0;0
FR;5;2021-11-08;0;0;0;0;0;0;0;0;0;0;0;0;0;0;0;0;0;0
FR;5;2021-11-09;0;0;0;0;0;0;0;0;0;0;0;0;0;0;0;0;0;0
FR;5;2021-11-10;0;0;0;0;0;0;0;0;0;0;0;0;0;0;0;0;0;0
FR;5;2021-11-11;0;0;0;0;0;0;0;0;0;0;0;0;0;0;0;0;0;0
FR;5;2021-11-12;0;0;0;0;0;0;0;0;0;0;0;0;0;0;0;0;0;0
FR;5;2021-11-13;0;0;0;0;0;0;0;0;0;0;0;0;0;0;0;0;0;0
FR;5;2021-11-14;0;0;0;0;0;0;0;0;0;0;0;0;0;0;0;0;0;0
FR;5;2021-11-15;0;0;0;0;0;0;0;0;0;0;0;0;0;0;0;0;0;0
FR;5;2021-11-16;0;0;0;0;0;0;0;0;0;0;0;0;0;0;0;0;0;0
FR;5;2021-11-17;0;0;0;0;0;0;0;0;0;0;0;0;0;0;0;0;0;0
FR;5;2021-11-18;0;0;0;0;0;0;0;0;0;0;0;0;0;0;0;0;0;0
FR;5;2021-11-19;0;0;0;0;0;0;0;0;0;0;0;0;0;0;0;0;0;0
FR;5;2021-11-20;0;0;0;0;0;0;0;0;0;0;0;0;0;0;0;0;0;0
FR;5;2021-11-21;0;0;0;0;0;0;0;0;0;0;0;0;0;0;0;0;0;0
FR;5;2021-11-22;0;0;0;0;0;0;0;0;0;0;0;0;0;0;0;0;0;0
FR;5;2021-11-23;0;0;0;0;0;0;0;0;0;0;0;0;0;0;0;0;0;0
FR;5;2021-11-24;0;0;0;0;0;0;0;0;0;0;0;0;0;0;0;0;0;0
FR;5;2021-11-25;0;0;0;0;0;0;0;0;0;0;0;0;0;0;0;0;0;0
FR;5;2021-11-26;0;0;0;0;0;0;0;0;0;0;0;0;0;0;0;0;0;0
FR;5;2021-11-27;0;0;0;0;0;0;0;0;0;0;0;0;0;0;0;0;0;0
FR;5;2021-11-28;0;0;0;0;0;0;0;0;0;0;0;0;0;0;0;0;0;0
FR;5;2021-11-29;0;0;0;0;0;0;0;0;0;0;0;0;0;0;0;0;0;0
FR;5;2021-11-30;0;0;0;0;0;0;0;0;0;0;0;0;0;0;0;0;0;0
FR;5;2021-12-01;0;0;0;0;0;0;0;0;0;0;0;0;0;0;0;0;0;0
FR;5;2021-12-02;0;0;0;0;0;0;0;0;0;0;0;0;0;0;0;0;0;0
FR;5;2021-12-03;0;0;0;0;0;0;0;0;0;0;0;0;0;0;0;0;0;0
FR;5;2021-12-04;0;0;0;0;0;0;0;0;0;0;0;0;0;0;0;0;0;0
FR;5;2021-12-05;0;0;0;0;0;0;0;0;0;0;0;0;0;0;0;0;0;0
FR;5;2021-12-06;0;0;0;0;0;0;0;0;0;0;0;0;0;0;0;0;0;0
FR;5;2021-12-07;0;0;0;0;0;0;0;0;0;0;0;0;0;0;0;0;0;0
FR;5;2021-12-08;0;0;0;0;0;0;0;0;0;0;0;0;0;0;0;0;0;0
FR;5;2021-12-09;0;0;0;0;0;0;0;0;0;0;0;0;0;0;0;0;0;0
FR;5;2021-12-10;0;0;0;0;0;0;0;0;0;0;0;0;0;0;0;0;0;0
FR;5;2021-12-11;0;0;0;0;0;0;0;0;0;0;0;0;0;0;0;0;0;0
FR;5;2021-12-12;0;0;0;0;0;0;0;0;0;0;0;0;0;0;0;0;0;0
FR;5;2021-12-13;0;0;0;0;0;0;0;0;0;0;0;0;0;0;0;0;0;0
FR;5;2021-12-14;33;45;77;0;27;88;1;0;0;33;45;77;0;27;88;1;0;0
FR;5;2021-12-15;196;44;37;0;42;49;0;0;0;229;89;114;0;69;137;1;0;0
FR;5;2021-12-16;181;21;44;0;38;48;0;0;0;410;110;158;0;107;185;1;0;0
FR;5;2021-12-17;313;16;72;0;34;74;2;0;0;723;126;230;0;141;259;3;0;0
FR;5;2021-12-18;766;24;22;0;67;29;0;0;0;1489;150;252;0;208;288;3;0;0
FR;5;2021-12-19;585;15;15;0;67;17;0;0;0;2074;165;267;0;275;305;3;0;0
FR;5;2021-12-20;1225;31;34;0;134;37;2;0;0;3299;196;301;0;409;342;5;0;0
FR;5;2021-12-21;1535;22;54;1;141;60;0;0;0;4834;218;355;1;550;402;5;0;0
FR;5;2021-12-22;4069;40;37;0;420;46;2;0;0;8903;258;392;1;970;448;7;0;0
FR;5;2021-12-23;3043;16;21;0;305;25;0;0;0;11946;274;413;1;1275;473;7;0;0
FR;5;2021-12-24;761;18;9;0;103;14;0;0;0;12707;292;422;1;1378;487;7;0;0
FR;5;2021-12-25;61;5;2;0;9;3;0;0;0;12768;297;424;1;1387;490;7;0;0
FR;5;2021-12-26;623;6;3;0;101;4;0;0;0;13391;303;427;1;1488;494;7;0;0
FR;5;2021-12-27;4085;25;21;0;458;23;1;0;0;17476;328;448;1;1946;517;8;0;0
FR;5;2021-12-28;5204;23;41;1;513;43;2;0;0;22680;351;489;2;2459;560;10;0;0
FR;5;2021-12-29;8105;34;66;1;888;69;0;0;0;30785;385;555;3;3347;629;10;0;0
FR;5;2021-12-30;5173;18;33;0;525;39;0;0;0;35958;403;588;3;3872;668;10;0;0
FR;5;2021-12-31;1554;8;10;0;182;11;0;0;0;37512;411;598;3;4054;679;10;0;0
FR;5;2022-01-01;186;2;2;0;24;3;0;0;0;37698;413;600;3;4078;682;10;0;0
FR;5;2022-01-02;1489;1;1;0;152;1;0;0;0;39187;414;601;3;4230;683;10;0;0
FR;5;2022-01-03;3069;36;34;0;323;33;1;0;0;42256;450;635;3;4553;716;11;0;0
FR;5;2022-01-04;3034;39;33;0;321;42;3;0;0;45290;489;668;3;4874;758;14;0;0
FR;5;2022-01-05;19324;203;97;1;2118;108;0;0;0;64614;692;765;4;6992;866;14;0;0
FR;5;2022-01-06;3748;134;122;0;507;142;2;0;0;68362;826;887;4;7499;1008;16;0;0
FR;5;2022-01-07;5006;202;48;2;705;56;1;0;0;73368;1028;935;6;8204;1064;17;0;0
FR;5;2022-01-08;13659;514;45;0;2003;52;0;0;0;87027;1542;980;6;10207;1116;17;0;0
FR;5;2022-01-09;5754;399;15;0;1112;20;1;0;0;92781;1941;995;6;11319;1136;18;0;0
FR;5;2022-01-10;3455;326;25;0;735;29;0;0;0;96236;2267;1020;6;12054;1165;18;0;0
FR;5;2022-01-11;3671;283;38;0;661;41;1;0;0;99907;2550;1058;6;12715;1206;19;0;0
FR;5;2022-01-12;22650;3005;89;0;5297;112;2;0;0;122557;5555;1147;6;18012;1318;21;0;0
FR;5;2022-01-13;4039;623;29;0;1052;31;2;0;0;126596;6178;1176;6;19064;1349;23;0;0
FR;5;2022-01-14;4843;583;45;0;1115;52;1;0;0;131439;6761;1221;6;20179;1401;24;0;0
FR;5;2022-01-15;14686;1747;38;3;3378;49;3;0;0;146125;8508;1259;9;23557;1450;27;0;0
FR;5;2022-01-16;4728;666;3;0;1261;5;0;0;0;150853;9174;1262;9;24818;1455;27;0;0
FR;5;2022-01-17;2297;718;26;0;986;29;0;0;0;153150;9892;1288;9;25804;1484;27;0;0
FR;5;2022-01-18;2431;870;30;0;1141;40;0;0;0;155581;10762;1318;9;26945;1524;27;0;0
FR;5;2022-01-19;18484;6423;74;2;8366;142;3;0;0;174065;17185;1392;11;35311;1666;30;0;0
FR;5;2022-01-20;1920;1067;25;0;1295;34;2;0;0;175985;18252;1417;11;36606;1700;32;0;0
FR;5;2022-01-21;3077;1372;47;1;1677;59;2;0;0;179062;19624;1464;12;38283;1759;34;0;0
FR;5;2022-01-22;10720;3454;33;1;4671;43;1;0;0;189782;23078;1497;13;42954;1802;35;0;0
FR;5;2022-01-23;2629;1415;6;0;1789;10;0;0;0;192411;24493;1503;13;44743;1812;35;0;0
FR;5;2022-01-24;1161;1341;19;0;1447;23;1;0;0;193572;25834;1522;13;46190;1835;36;0;0
FR;5;2022-01-25;1220;1550;20;2;1684;31;3;0;0;194792;27384;1542;15;47874;1866;39;0;0
FR;5;2022-01-26;10748;12032;50;1;13300;89;1;0;1;205540;39416;1592;16;61174;1955;40;0;1
FR;5;2022-01-27;1291;1693;10;0;1838;17;0;0;0;206831;41109;1602;16;63012;1972;40;0;1
FR;5;2022-01-28;1698;3346;16;0;3566;19;1;0;0;208529;44455;1618;16;66578;1991;41;0;1
FR;5;2022-01-29;6241;8041;68;0;8855;96;2;0;0;214770;52496;1686;16;75433;2087;43;0;1
FR;5;2022-01-30;1509;2950;5;0;3185;18;0;0;0;216279;55446;1691;16;78618;2105;43;0;1
FR;5;2022-01-31;589;1773;23;0;1837;24;3;0;0;216868;57219;1714;16;80455;2129;46;0;1
FR;5;2022-02-01;712;1706;10;0;1791;15;0;0;0;217580;58925;1724;16;82246;2144;46;0;1
FR;5;2022-02-02;6959;15655;52;0;16603;94;0;0;0;224539;74580;1776;16;98849;2238;46;0;1
FR;5;2022-02-03;492;1691;14;0;1748;13;5;0;0;225031;76271;1790;16;100597;2251;51;0;1
FR;5;2022-02-04;945;3002;19;0;3123;31;0;0;0;225976;79273;1809;16;103720;2282;51;0;1
FR;5;2022-02-05;3536;8919;23;0;9517;37;0;0;0;229512;88192;1832;16;113237;2319;51;0;1
FR;5;2022-02-06;737;2398;10;0;2556;19;0;0;0;230249;90590;1842;16;115793;2338;51;0;1
FR;5;2022-02-07;884;1596;23;0;1715;25;2;0;0;231133;92186;1865;16;117508;2363;53;0;1
FR;5;2022-02-08;725;1287;18;0;1407;20;2;0;0;231858;93473;1883;16;118915;2383;55;0;1
FR;5;2022-02-09;4544;12880;44;0;13608;76;1;0;0;236402;106353;1927;16;132523;2459;56;0;1
FR;5;2022-02-10;646;1059;14;0;1166;15;0;0;0;237048;107412;1941;16;133689;2474;56;0;1
FR;5;2022-02-11;793;2032;16;0;2163;21;1;0;0;237841;109444;1957;16;135852;2495;57;0;1
FR;5;2022-02-12;2286;6812;33;0;7279;53;0;0;0;240127;116256;1990;16;143131;2548;57;0;1
FR;5;2022-02-13;464;1541;8;0;1654;8;1;0;0;240591;117797;1998;16;144785;2556;58;0;1
FR;5;2022-02-14;678;1288;10;0;1407;13;1;0;0;241269;119085;2008;16;146192;2569;59;0;1
FR;5;2022-02-15;482;886;9;0;968;14;1;0;0;241751;119971;2017;16;147160;2583;60;0;1
FR;5;2022-02-16;2980;9124;41;1;9676;58;2;0;0;244731;129095;2058;17;156836;2641;62;0;1
FR;5;2022-02-17;436;809;6;0;876;7;1;0;0;245167;129904;2064;17;157712;2648;63;0;1
FR;5;2022-02-18;649;1408;13;0;1535;17;0;0;0;245816;131312;2077;17;159247;2665;63;0;1
FR;5;2022-02-19;1373;4315;16;0;4623;28;0;0;0;247189;135627;2093;17;163870;2693;63;0;1
FR;5;2022-02-20;247;879;6;0;941;8;0;0;0;247436;136506;2099;17;164811;2701;63;0;1
FR;5;2022-02-21;221;607;2;0;661;4;1;0;0;247657;137113;2101;17;165472;2705;64;0;1
FR;5;2022-02-22;262;545;17;0;591;17;1;0;0;247919;137658;2118;17;166063;2722;65;0;1
FR;5;2022-02-23;1909;6926;23;1;7346;43;0;0;0;249828;144584;2141;18;173409;2765;65;0;1
FR;5;2022-02-24;182;374;6;1;421;7;1;0;0;250010;144958;2147;19;173830;2772;66;0;1
FR;5;2022-02-25;336;951;13;0;1028;12;2;0;0;250346;145909;2160;19;174858;2784;68;0;1
FR;5;2022-02-26;972;3071;11;0;3333;15;2;0;0;251318;148980;2171;19;178191;2799;70;0;1
FR;5;2022-02-27;151;506;0;0;549;3;0;0;0;251469;149486;2171;19;178740;2802;70;0;1
FR;5;2022-02-28;162;369;1;0;408;1;0;0;0;251631;149855;2172;19;179148;2803;70;0;1
FR;5;2022-03-01;130;280;6;0;315;7;1;0;0;251761;150135;2178;19;179463;2810;71;0;1
FR;5;2022-03-02;1242;4156;28;2;4497;40;2;0;0;253003;154291;2206;21;183960;2850;73;0;1
FR;5;2022-03-03;121;251;5;0;271;10;1;0;0;253124;154542;2211;21;184231;2860;74;0;1
FR;5;2022-03-04;197;488;13;0;538;14;2;0;0;253321;155030;2224;21;184769;2874;76;0;1
FR;5;2022-03-05;677;1990;8;0;2243;16;2;0;0;253998;157020;2232;21;187012;2890;78;0;1
FR;5;2022-03-06;108;260;0;0;310;0;0;0;0;254106;157280;2232;21;187322;2890;78;0;1
FR;5;2022-03-07;71;228;5;0;254;3;2;0;0;254177;157508;2237;21;187576;2893;80;0;1
FR;5;2022-03-08;46;134;7;1;141;8;3;0;0;254223;157642;2244;22;187717;2901;83;0;1
FR;5;2022-03-09;911;3078;24;0;3407;36;0;0;0;255134;160720;2268;22;191124;2937;83;0;1
FR;5;2022-03-10;82;202;9;0;216;13;3;0;0;255216;160922;2277;22;191340;2950;86;0;1
FR;5;2022-03-11;148;369;13;1;426;15;0;0;0;255364;161291;2290;23;191766;2965;86;0;1
FR;5;2022-03-12;758;1613;13;1;1977;30;0;0;0;256122;162904;2303;24;193743;2995;86;0;1
FR;5;2022-03-13;78;102;0;0;135;0;0;0;0;256200;163006;2303;24;193878;2995;86;0;1
FR;5;2022-03-14;69;119;7;1;139;7;1;0;0;256269;163125;2310;25;194017;3002;87;0;1
FR;5;2022-03-15;83;99;4;0;119;7;1;0;0;256352;163224;2314;25;194136;3009;88;0;1
FR;5;2022-03-16;882;1827;15;3;2227;36;7;0;0;257234;165051;2329;28;196363;3045;95;0;1
FR;5;2022-03-17;68;123;8;4;151;10;4;0;0;257302;165174;2337;32;196514;3055;99;0;1
FR;5;2022-03-18;172;318;14;4;391;19;4;0;0;257474;165492;2351;36;196905;3074;103;0;1
FR;5;2022-03-19;752;1163;12;5;1555;33;8;0;0;258226;166655;2363;41;198460;3107;111;0;1
FR;5;2022-03-20;45;93;1;0;119;1;0;0;0;258271;166748;2364;41;198579;3108;111;0;1
FR;5;2022-03-21;71;120;10;6;136;15;8;0;0;258342;166868;2374;47;198715;3123;119;0;1
FR;5;2022-03-22;56;119;8;7;143;9;6;0;0;258398;166987;2382;54;198858;3132;125;0;1
FR;5;2022-03-23;805;1461;14;8;1878;36;9;0;0;259203;168448;2396;62;200736;3168;134;0;1
FR;5;2022-03-24;71;93;8;7;118;7;10;0;0;259274;168541;2404;69;200854;3175;144;0;1
FR;5;2022-03-25;222;293;14;8;388;18;9;0;0;259496;168834;2418;77;201242;3193;153;0;1
FR;5;2022-03-26;707;853;12;5;1273;26;6;0;1;260203;169687;2430;82;202515;3219;159;0;2
FR;5;2022-03-27;76;81;0;0;124;3;0;0;0;260279;169768;2430;82;202639;3222;159;0;2
FR;5;2022-03-28;81;93;1;2;132;3;2;0;0;260360;169861;2431;84;202771;3225;161;0;2
FR;5;2022-03-29;71;83;10;4;114;12;5;0;0;260431;169944;2441;88;202885;3237;166;0;2
FR;5;2022-03-30;823;1116;16;13;1604;29;14;0;0;261254;171060;2457;101;204489;3266;180;0;2
FR;5;2022-03-31;102;125;1;4;173;6;4;0;0;261356;171185;2458;105;204662;3272;184;0;2
FR;5;2022-04-01;114;86;7;12;135;11;12;0;1;261470;171271;2465;117;204797;3283;196;0;3
FR;5;2022-04-02;330;349;3;3;535;15;4;0;0;261800;171620;2468;120;205332;3298;200;0;3
FR;5;2022-04-03;54;59;1;0;88;1;0;0;0;261854;171679;2469;120;205420;3299;200;0;3
FR;5;2022-04-04;40;57;4;1;70;8;2;0;0;261894;171736;2473;121;205490;3307;202;0;3
FR;5;2022-04-05;53;60;6;6;75;9;5;0;0;261947;171796;2479;127;205565;3316;207;0;3
FR;5;2022-04-06;421;439;7;14;678;16;14;0;0;262368;172235;2486;141;206243;3332;221;0;3
FR;5;2022-04-07;45;69;5;7;89;7;10;0;0;262413;172304;2491;148;206332;3339;231;0;3
FR;5;2022-04-08;134;112;12;13;175;14;15;0;0;262547;172416;2503;161;206507;3353;246;0;3
FR;5;2022-04-09;311;324;2;5;511;17;5;0;0;262858;172740;2505;166;207018;3370;251;0;3
FR;5;2022-04-10;44;31;2;0;61;2;1;0;0;262902;172771;2507;166;207079;3372;252;0;3
FR;5;2022-04-11;50;60;3;2;78;4;3;0;0;262952;172831;2510;168;207157;3376;255;0;3
FR;5;2022-04-12;59;54;3;3;78;5;3;0;0;263011;172885;2513;171;207235;3381;258;0;3
FR;5;2022-04-13;382;413;3;8;606;16;8;0;0;263393;173298;2516;179;207841;3397;266;0;3
FR;5;2022-04-14;48;53;5;5;70;9;3;0;0;263441;173351;2521;184;207911;3406;269;0;3
FR;5;2022-04-15;91;111;4;4;152;5;6;0;0;263532;173462;2525;188;208063;3411;275;0;3
FR;5;2022-04-16;188;184;2;1;265;13;1;0;0;263720;173646;2527;189;208328;3424;276;0;3
FR;5;2022-04-17;12;11;1;0;17;1;0;0;0;263732;173657;2528;189;208345;3425;276;0;3
FR;5;2022-04-18;9;10;2;0;11;3;1;0;0;263741;173667;2530;189;208356;3428;277;0;3
FR;5;2022-04-19;75;71;6;1;96;6;4;0;0;263816;173738;2536;190;208452;3434;281;0;3
FR;5;2022-04-20;361;349;9;6;521;12;7;0;0;264177;174087;2545;196;208973;3446;288;0;3
FR;5;2022-04-21;42;64;9;10;71;12;14;0;0;264219;174151;2554;206;209044;3458;302;0;3
FR;5;2022-04-22;113;96;5;4;144;5;5;0;0;264332;174247;2559;210;209188;3463;307;0;3
FR;5;2022-04-23;209;193;4;2;284;11;3;0;0;264541;174440;2563;212;209472;3474;310;0;3
FR;5;2022-04-24;37;35;0;0;50;3;0;0;0;264578;174475;2563;212;209522;3477;310;0;3
FR;5;2022-04-25;69;65;1;1;102;4;1;0;0;264647;174540;2564;213;209624;3481;311;0;3
FR;5;2022-04-26;60;63;2;1;85;5;1;0;0;264707;174603;2566;214;209709;3486;312;0;3
FR;5;2022-04-27;335;316;3;7;463;14;8;0;0;265042;174919;2569;221;210172;3500;320;0;3
FR;5;2022-04-28;81;54;4;5;81;8;7;0;0;265123;174973;2573;226;210253;3508;327;0;3
FR;5;2022-04-29;117;84;5;19;118;12;17;0;0;265240;175057;2578;245;210371;3520;344;0;3
FR;5;2022-04-30;183;114;2;3;184;10;4;0;0;265423;175171;2580;248;210555;3530;348;0;3
FR;5;2022-05-01;11;7;0;0;11;0;0;0;0;265434;175178;2580;248;210566;3530;348;0;3
FR;5;2022-05-02;52;28;4;5;48;2;7;0;0;265486;175206;2584;253;210614;3532;355;0;3
FR;5;2022-05-03;87;57;2;4;84;11;4;0;0;265573;175263;2586;257;210698;3543;359;0;3
FR;5;2022-05-04;278;205;1;2;324;7;2;0;0;265851;175468;2587;259;211022;3550;361;0;3
FR;5;2022-05-05;62;32;3;4;46;5;4;0;0;265913;175500;2590;263;211068;3555;365;0;3
FR;5;2022-05-06;105;65;2;3;106;5;3;0;0;266018;175565;2592;266;211174;3560;368;0;3
FR;5;2022-05-07;171;117;2;10;180;13;7;0;0;266189;175682;2594;276;211354;3573;375;0;3
FR;5;2022-05-08;8;8;0;0;9;2;0;0;0;266197;175690;2594;276;211363;3575;375;0;3
FR;5;2022-05-09;44;34;15;3;51;16;4;0;0;266241;175724;2609;279;211414;3591;379;0;3
FR;5;2022-05-10;54;49;3;4;67;5;5;0;0;266295;175773;2612;283;211481;3596;384;0;3
FR;5;2022-05-11;327;237;12;7;344;21;11;0;0;266622;176010;2624;290;211825;3617;395;0;3
FR;5;2022-05-12;46;34;2;2;47;2;3;0;0;266668;176044;2626;292;211872;3619;398;0;3
FR;5;2022-05-13;109;83;3;8;120;8;7;0;0;266777;176127;2629;300;211992;3627;405;0;3
FR;5;2022-05-14;209;131;0;1;212;8;0;0;0;266986;176258;2629;301;212204;3635;405;0;3
FR;5;2022-05-15;22;9;2;0;18;1;1;0;0;267008;176267;2631;301;212222;3636;406;0;3
FR;5;2022-05-16;52;34;4;5;53;4;5;0;0;267060;176301;2635;306;212275;3640;411;0;3
FR;5;2022-05-17;72;40;5;0;68;2;3;0;0;267132;176341;2640;306;212343;3642;414;0;3
FR;5;2022-05-18;289;215;4;4;330;8;6;0;0;267421;176556;2644;310;212673;3650;420;0;3
FR;5;2022-05-19;45;35;5;3;42;3;4;0;0;267466;176591;2649;313;212715;3653;424;0;3
FR;5;2022-05-20;76;63;3;10;92;1;11;0;0;267542;176654;2652;323;212807;3654;435;0;3
FR;5;2022-05-21;242;166;2;3;268;17;1;0;0;267784;176820;2654;326;213075;3671;436;0;3
FR;5;2022-05-22;20;14;2;5;20;2;6;0;0;267804;176834;2656;331;213095;3673;442;0;3
FR;5;2022-05-23;42;31;4;3;42;6;3;0;0;267846;176865;2660;334;213137;3679;445;0;3
FR;5;2022-05-24;47;45;3;2;60;5;2;0;0;267893;176910;2663;336;213197;3684;447;0;3
FR;5;2022-05-25;329;258;4;1;386;16;1;0;0;268222;177168;2667;337;213583;3700;448;0;3
FR;5;2022-05-26;17;5;0;1;9;2;0;0;1;268239;177173;2667;338;213592;3702;448;0;4
FR;5;2022-05-27;99;54;4;4;89;9;3;0;0;268338;177227;2671;342;213681;3711;451;0;4
FR;5;2022-05-28;100;78;5;3;106;10;3;0;0;268438;177305;2676;345;213787;3721;454;0;4
FR;5;2022-05-29;14;14;1;0;18;2;0;0;0;268452;177319;2677;345;213805;3723;454;0;4
FR;5;2022-05-30;56;41;2;1;54;2;2;0;0;268508;177360;2679;346;213859;3725;456;0;4
FR;5;2022-05-31;57;43;1;8;62;1;8;0;0;268565;177403;2680;354;213921;3726;464;0;4
FR;5;2022-06-01;257;241;9;2;302;25;5;0;0;268822;177644;2689;356;214223;3751;469;0;4
FR;5;2022-06-02;63;61;5;0;73;9;1;0;0;268885;177705;2694;356;214296;3760;470;0;4
FR;5;2022-06-03;83;71;4;5;88;10;6;0;0;268968;177776;2698;361;214384;3770;476;0;4
FR;5;2022-06-04;157;109;2;1;187;9;1;0;0;269125;177885;2700;362;214571;3779;477;0;4
FR;5;2022-06-05;18;11;0;0;21;1;0;0;0;269143;177896;2700;362;214592;3780;477;0;4
FR;5;2022-06-06;16;12;0;1;15;0;1;0;0;269159;177908;2700;363;214607;3780;478;0;4
FR;5;2022-06-07;50;56;1;1;76;2;1;0;0;269209;177964;2701;364;214683;3782;479;0;4
FR;5;2022-06-08;283;225;3;4;332;17;2;0;0;269492;178189;2704;368;215015;3799;481;0;4
FR;5;2022-06-09;52;41;6;3;57;7;2;0;1;269544;178230;2710;371;215072;3806;483;0;5
FR;5;2022-06-10;81;72;1;1;105;6;1;0;0;269625;178302;2711;372;215177;3812;484;0;5
FR;5;2022-06-11;173;141;3;3;202;10;4;0;0;269798;178443;2714;375;215379;3822;488;0;5
FR;5;2022-06-12;17;16;0;0;19;2;0;0;0;269815;178459;2714;375;215398;3824;488;0;5
FR;5;2022-06-13;56;47;9;3;70;10;6;0;0;269871;178506;2723;378;215468;3834;494;0;5
FR;5;2022-06-14;59;56;1;4;64;6;4;0;0;269930;178562;2724;382;215532;3840;498;0;5
FR;5;2022-06-15;266;260;5;2;363;27;1;0;0;270196;178822;2729;384;215895;3867;499;0;5
FR;5;2022-06-16;47;30;5;2;44;5;2;0;0;270243;178852;2734;386;215939;3872;501;0;5
FR;5;2022-06-17;100;67;5;5;102;10;5;0;0;270343;178919;2739;391;216041;3882;506;0;5
FR;5;2022-06-18;146;95;10;2;152;26;2;0;1;270489;179014;2749;393;216193;3908;508;0;6
FR;5;2022-06-19;26;15;0;1;18;4;1;0;0;270515;179029;2749;394;216211;3912;509;0;6
FR;5;2022-06-20;56;50;8;0;62;11;2;0;0;270571;179079;2757;394;216273;3923;511;0;6
FR;5;2022-06-21;53;73;5;3;91;7;5;0;1;270624;179152;2762;397;216364;3930;516;0;7
FR;5;2022-06-22;224;248;7;9;348;33;10;0;0;270848;179400;2769;406;216712;3963;526;0;7
FR;5;2022-06-23;50;38;2;5;43;6;6;0;0;270898;179438;2771;411;216755;3969;532;0;7
FR;5;2022-06-24;91;70;12;5;101;16;8;0;0;270989;179508;2783;416;216856;3985;540;0;7
FR;5;2022-06-25;154;124;3;7;185;14;8;0;1;271143;179632;2786;423;217041;3999;548;0;8
FR;5;2022-06-26;26;19;2;0;29;5;0;0;0;271169;179651;2788;423;217070;4004;548;0;8
FR;5;2022-06-27;57;60;5;7;78;11;9;0;0;271226;179711;2793;430;217148;4015;557;0;8
FR;5;2022-06-28;70;49;8;2;69;14;5;0;0;271296;179760;2801;432;217217;4029;562;0;8
FR;5;2022-06-29;297;269;9;21;391;34;23;0;0;271593;180029;2810;453;217608;4063;585;0;8
FR;5;2022-06-30;89;57;10;12;89;17;11;0;0;271682;180086;2820;465;217697;4080;596;0;8
FR;5;2022-07-01;127;65;7;11;118;12;11;0;2;271809;180151;2827;476;217815;4092;607;0;10
FR;5;2022-07-02;191;132;4;0;210;22;0;0;0;272000;180283;2831;476;218025;4114;607;0;10
FR;5;2022-07-03;30;25;1;0;36;4;0;0;0;272030;180308;2832;476;218061;4118;607;0;10
FR;5;2022-07-04;103;65;2;5;102;7;5;0;1;272133;180373;2834;481;218163;4125;612;0;11
FR;5;2022-07-05;104;72;3;8;107;13;8;0;1;272237;180445;2837;489;218270;4138;620;0;12
FR;5;2022-07-06;278;168;9;36;289;27;36;0;0;272515;180613;2846;525;218559;4165;656;0;12
FR;5;2022-07-07;88;69;6;9;89;13;11;0;0;272603;180682;2852;534;218648;4178;667;0;12
FR;5;2022-07-08;152;120;7;14;146;25;13;0;1;272755;180802;2859;548;218794;4203;680;0;13
FR;5;2022-07-09;116;68;1;8;100;10;8;0;0;272871;180870;2860;556;218894;4213;688;0;13
FR;5;2022-07-10;15;6;0;0;10;1;0;0;0;272886;180876;2860;556;218904;4214;688;0;13
FR;5;2022-07-11;92;72;10;2;98;19;3;0;0;272978;180948;2870;558;219002;4233;691;0;13
FR;5;2022-07-12;67;63;5;10;81;7;12;0;0;273045;181011;2875;568;219083;4240;703;0;13
FR;5;2022-07-13;169;118;10;19;196;16;23;0;0;273214;181129;2885;587;219279;4256;726;0;13
FR;5;2022-07-14;8;4;0;0;7;0;0;0;0;273222;181133;2885;587;219286;4256;726;0;13
FR;5;2022-07-15;74;66;5;14;86;15;15;0;0;273296;181199;2890;601;219372;4271;741;0;13
FR;5;2022-07-16;54;44;3;0;71;3;2;0;0;273350;181243;2893;601;219443;4274;743;0;13
FR;5;2022-07-17;10;7;3;0;10;2;2;0;0;273360;181250;2896;601;219453;4276;745;0;13
FR;5;2022-07-18;60;47;0;4;70;4;3;0;0;273420;181297;2896;605;219523;4280;748;0;13
FR;5;2022-07-19;63;42;5;3;63;7;4;0;0;273483;181339;2901;608;219586;4287;752;0;13
FR;5;2022-07-20;120;106;4;11;141;14;9;0;0;273603;181445;2905;619;219727;4301;761;0;13
FR;5;2022-07-21;38;43;2;10;52;5;10;0;0;273641;181488;2907;629;219779;4306;771;0;13
FR;5;2022-07-22;48;69;11;13;75;23;11;0;1;273689;181557;2918;642;219854;4329;782;0;14
FR;5;2022-07-23;59;78;2;1;95;11;2;0;0;273748;181635;2920;643;219949;4340;784;0;14
FR;5;2022-07-24;11;9;3;1;12;3;1;0;0;273759;181644;2923;644;219961;4343;785;0;14
FR;5;2022-07-25;53;48;2;7;57;8;8;0;0;273812;181692;2925;651;220018;4351;793;0;14
FR;5;2022-07-26;58;52;5;41;70;6;44;0;0;273870;181744;2930;692;220088;4357;837;0;14
FR;5;2022-07-27;106;118;4;4;161;13;4;0;0;273976;181862;2934;696;220249;4370;841;0;14
FR;5;2022-07-28;39;35;2;2;47;6;1;0;0;274015;181897;2936;698;220296;4376;842;0;14
FR;5;2022-07-29;56;74;3;14;90;8;10;0;0;274071;181971;2939;712;220386;4384;852;0;14
FR;5;2022-07-30;55;53;5;1;76;7;2;0;0;274126;182024;2944;713;220462;4391;854;0;14
FR;5;2022-07-31;7;11;1;0;13;1;0;0;0;274133;182035;2945;713;220475;4392;854;0;14
FR;5;2022-08-01;39;53;1;2;64;6;2;0;0;274172;182088;2946;715;220539;4398;856;0;14
FR;5;2022-08-02;32;43;8;7;47;8;7;0;1;274204;182131;2954;722;220586;4406;863;0;15
FR;5;2022-08-03;54;51;4;10;70;9;8;0;0;274258;182182;2958;732;220656;4415;871;0;15
FR;5;2022-08-04;20;18;1;6;22;1;6;0;0;274278;182200;2959;738;220678;4416;877;0;15
FR;5;2022-08-05;35;26;3;3;39;3;3;0;0;274313;182226;2962;741;220717;4419;880;0;15
FR;5;2022-08-06;23;26;1;0;31;1;0;0;0;274336;182252;2963;741;220748;4420;880;0;15
FR;5;2022-08-07;2;2;1;0;1;1;1;0;0;274338;182254;2964;741;220749;4421;881;0;15
FR;5;2022-08-08;26;19;1;2;24;2;1;0;0;274364;182273;2965;743;220773;4423;882;0;15
FR;5;2022-08-09;26;28;3;3;35;3;3;0;0;274390;182301;2968;746;220808;4426;885;0;15
FR;5;2022-08-10;47;47;2;0;56;5;0;0;0;274437;182348;2970;746;220864;4431;885;0;15
FR;5;2022-08-11;19;36;2;2;42;5;2;0;0;274456;182384;2972;748;220906;4436;887;0;15
FR;5;2022-08-12;27;28;2;0;39;2;0;0;0;274483;182412;2974;748;220945;4438;887;0;15
FR;5;2022-08-13;16;18;0;0;24;0;0;0;0;274499;182430;2974;748;220969;4438;887;0;15
FR;5;2022-08-14;2;3;0;0;4;0;0;0;0;274501;182433;2974;748;220973;4438;887;0;15
FR;5;2022-08-15;2;6;0;0;6;0;0;0;0;274503;182439;2974;748;220979;4438;887;0;15
FR;5;2022-08-16;33;26;3;0;28;6;0;0;0;274536;182465;2977;748;221007;4444;887;0;15
FR;5;2022-08-17;52;55;2;1;72;1;1;0;0;274588;182520;2979;749;221079;4445;888;0;15
FR;5;2022-08-18;26;18;8;17;25;10;16;0;0;274614;182538;2987;766;221104;4455;904;0;15
FR;5;2022-08-19;26;34;1;2;43;2;2;0;0;274640;182572;2988;768;221147;4457;906;0;15
FR;5;2022-08-20;25;27;2;1;33;4;2;0;0;274665;182599;2990;769;221180;4461;908;0;15
FR;5;2022-08-21;7;4;1;0;7;1;0;0;0;274672;182603;2991;769;221187;4462;908;0;15
FR;5;2022-08-22;39;26;1;6;42;2;5;0;1;274711;182629;2992;775;221229;4464;913;0;16
FR;5;2022-08-23;27;26;1;1;32;2;1;0;0;274738;182655;2993;776;221261;4466;914;0;16
FR;5;2022-08-24;50;43;0;0;62;0;0;0;0;274788;182698;2993;776;221323;4466;914;0;16
FR;5;2022-08-25;27;26;3;1;31;2;0;0;1;274815;182724;2996;777;221354;4468;914;0;17
FR;5;2022-08-26;48;39;7;2;58;5;4;0;0;274863;182763;3003;779;221412;4473;918;0;17
FR;5;2022-08-27;46;28;1;0;46;3;1;0;0;274909;182791;3004;779;221458;4476;919;0;17
FR;5;2022-08-28;5;7;0;0;7;0;0;0;0;274914;182798;3004;779;221465;4476;919;0;17
FR;5;2022-08-29;58;44;1;1;66;4;1;0;0;274972;182842;3005;780;221531;4480;920;0;17
FR;5;2022-08-30;45;23;12;29;40;10;30;0;1;275017;182865;3017;809;221571;4490;950;0;18
FR;5;2022-08-31;53;47;6;1;58;11;1;0;0;275070;182912;3023;810;221629;4501;951;0;18
FR;5;2022-09-01;16;8;1;4;13;1;4;0;0;275086;182920;3024;814;221642;4502;955;0;18
FR;5;2022-09-02;42;23;8;2;35;9;3;0;0;275128;182943;3032;816;221677;4511;958;0;18
FR;5;2022-09-03;69;37;2;0;58;2;0;0;0;275197;182980;3034;816;221735;4513;958;0;18
FR;5;2022-09-04;12;7;1;0;8;3;0;0;0;275209;182987;3035;816;221743;4516;958;0;18
FR;5;2022-09-05;7;4;1;0;4;1;0;0;0;275216;182991;3036;816;221747;4517;958;0;18
FR;5;2022-09-06;23;14;3;15;17;2;14;0;2;275239;183005;3039;831;221764;4519;972;0;20
FR;5;2022-09-07;79;53;1;1;76;3;1;0;0;275318;183058;3040;832;221840;4522;973;0;20
FR;5;2022-09-08;10;4;0;4;7;0;4;0;0;275328;183062;3040;836;221847;4522;977;0;20
FR;5;2022-09-09;42;11;9;2;14;10;3;0;0;275370;183073;3049;838;221861;4532;980;0;20
FR;5;2022-09-10;40;45;1;1;50;8;1;0;0;275410;183118;3050;839;221911;4540;981;0;20
FR;5;2022-09-11;3;3;0;0;3;1;0;0;0;275413;183121;3050;839;221914;4541;981;0;20
FR;5;2022-09-12;7;5;2;2;7;2;2;0;0;275420;183126;3052;841;221921;4543;983;0;20
FR;5;2022-09-13;9;6;0;1;4;3;1;0;0;275429;183132;3052;842;221925;4546;984;0;20
FR;5;2022-09-14;52;47;4;6;55;9;5;0;0;275481;183179;3056;848;221980;4555;989;0;20
FR;5;2022-09-15;11;13;2;3;11;5;3;0;0;275492;183192;3058;851;221991;4560;992;0;20
FR;5;2022-09-16;25;33;1;4;38;3;3;0;0;275517;183225;3059;855;222029;4563;995;0;20
FR;5;2022-09-17;60;43;1;1;51;5;1;0;0;275577;183268;3060;856;222080;4568;996;0;20
FR;5;2022-09-18;9;6;0;1;10;1;0;0;0;275586;183274;3060;857;222090;4569;996;0;20
FR;5;2022-09-19;22;17;2;1;20;5;2;0;0;275608;183291;3062;858;222110;4574;998;0;20
FR;5;2022-09-20;15;11;3;3;15;1;4;0;0;275623;183302;3065;861;222125;4575;1002;0;20
FR;5;2022-09-21;68;45;9;0;65;13;0;0;0;275691;183347;3074;861;222190;4588;1002;0;20
FR;5;2022-09-22;12;6;4;24;6;4;23;0;1;275703;183353;3078;885;222196;4592;1025;0;21
FR;5;2022-09-23;20;25;2;3;23;8;3;0;0;275723;183378;3080;888;222219;4600;1028;0;21
FR;5;2022-09-24;44;51;1;8;65;5;8;0;0;275767;183429;3081;896;222284;4605;1036;0;21
FR;5;2022-09-25;6;12;0;0;13;1;0;0;0;275773;183441;3081;896;222297;4606;1036;0;21
FR;5;2022-09-26;15;7;0;2;12;0;1;0;1;275788;183448;3081;898;222309;4606;1037;0;22
FR;5;2022-09-27;7;12;4;9;14;4;9;0;1;275795;183460;3085;907;222323;4610;1046;0;23
FR;5;2022-09-28;65;67;5;0;91;7;0;0;0;275860;183527;3090;907;222414;4617;1046;0;23
FR;5;2022-09-29;17;9;1;0;15;1;1;0;1;275877;183536;3091;907;222429;4618;1047;0;24
FR;5;2022-09-30;28;47;2;2;54;4;3;0;0;275905;183583;3093;909;222483;4622;1050;0;24
FR;5;2022-10-01;40;35;5;5;48;8;7;0;0;275945;183618;3098;914;222531;4630;1057;0;24
FR;5;2022-10-02;1;9;1;0;10;1;0;0;0;275946;183627;3099;914;222541;4631;1057;0;24
FR;5;2022-10-03;7;6;3;0;5;4;0;0;0;275953;183633;3102;914;222546;4635;1057;0;24
FR;5;2022-10-04;11;8;1;3;11;2;3;0;0;275964;183641;3103;917;222557;4637;1060;0;24
FR;5;2022-10-05;57;62;2;2;79;13;2;0;0;276021;183703;3105;919;222636;4650;1062;0;24
FR;5;2022-10-06;12;10;1;4;15;2;4;0;0;276033;183713;3106;923;222651;4652;1066;0;24
FR;5;2022-10-07;21;31;1;0;34;5;0;0;0;276054;183744;3107;923;222685;4657;1066;0;24
FR;5;2022-10-08;33;51;1;0;54;7;0;0;0;276087;183795;3108;923;222739;4664;1066;0;24
FR;5;2022-10-09;7;10;0;0;11;1;0;0;0;276094;183805;3108;923;222750;4665;1066;0;24
FR;5;2022-10-10;14;6;0;1;8;1;1;0;0;276108;183811;3108;924;222758;4666;1067;0;24
FR;5;2022-10-11;6;13;2;1;14;2;2;0;0;276114;183824;3110;925;222772;4668;1069;0;24
FR;5;2022-10-12;40;57;3;2;69;8;2;0;0;276154;183881;3113;927;222841;4676;1071;0;24
FR;5;2022-10-13;11;16;2;0;18;4;0;0;0;276165;183897;3115;927;222859;4680;1071;0;24
FR;5;2022-10-14;21;21;1;0;20;5;0;0;0;276186;183918;3116;927;222879;4685;1071;0;24
FR;5;2022-10-15;19;26;10;0;25;11;2;0;0;276205;183944;3126;927;222904;4696;1073;0;24
FR;5;2022-10-16;3;1;0;0;1;1;0;0;0;276208;183945;3126;927;222905;4697;1073;0;24
FR;5;2022-10-17;8;8;2;1;8;3;1;0;2;276216;183953;3128;928;222913;4700;1074;0;26
FR;5;2022-10-18;6;7;0;2;8;0;2;0;0;276222;183960;3128;930;222921;4700;1076;0;26
FR;5;2022-10-19;38;44;8;0;53;11;0;0;1;276260;184004;3136;930;222974;4711;1076;0;27
FR;5;2022-10-20;18;15;2;1;16;3;1;0;0;276278;184019;3138;931;222990;4714;1077;0;27
FR;5;2022-10-21;22;15;6;0;19;8;1;0;2;276300;184034;3144;931;223009;4722;1078;0;29
FR;5;2022-10-22;35;29;2;12;32;5;12;0;0;276335;184063;3146;943;223041;4727;1090;0;29
FR;5;2022-10-23;9;3;0;0;4;0;0;0;0;276344;184066;3146;943;223045;4727;1090;0;29
FR;5;2022-10-24;14;7;6;7;9;9;8;0;0;276358;184073;3152;950;223054;4736;1098;0;29
FR;5;2022-10-25;13;9;6;3;9;8;3;0;2;276371;184082;3158;953;223063;4744;1101;0;31
FR;5;2022-10-26;34;22;6;0;29;10;0;0;0;276405;184104;3164;953;223092;4754;1101;0;31
FR;5;2022-10-27;16;4;4;0;11;4;0;0;0;276421;184108;3168;953;223103;4758;1101;0;31
FR;5;2022-10-28;19;13;5;3;14;6;4;0;0;276440;184121;3173;956;223117;4764;1105;0;31
FR;5;2022-10-29;21;13;0;0;17;3;0;0;0;276461;184134;3173;956;223134;4767;1105;0;31
FR;5;2022-10-30;1;4;2;0;4;3;0;0;0;276462;184138;3175;956;223138;4770;1105;0;31
FR;5;2022-10-31;14;11;2;1;12;3;1;0;0;276476;184149;3177;957;223150;4773;1106;0;31
FR;5;2022-11-01;3;3;0;1;3;0;1;0;0;276479;184152;3177;958;223153;4773;1107;0;31
FR;5;2022-11-02;23;17;5;4;23;5;5;0;0;276502;184169;3182;962;223176;4778;1112;0;31
FR;5;2022-11-03;22;4;1;1;11;1;1;0;0;276524;184173;3183;963;223187;4779;1113;0;31
FR;5;2022-11-04;19;18;1;0;18;2;0;0;0;276543;184191;3184;963;223205;4781;1113;0;31
FR;5;2022-11-05;25;16;1;0;21;1;0;0;0;276568;184207;3185;963;223226;4782;1113;0;31
FR;5;2022-11-06;1;7;0;0;7;0;0;0;0;276569;184214;3185;963;223233;4782;1113;0;31
FR;5;2022-11-07;10;3;3;0;3;3;0;0;0;276579;184217;3188;963;223236;4785;1113;0;31
FR;5;2022-11-08;12;7;1;2;8;1;1;0;0;276591;184224;3189;965;223244;4786;1114;0;31
FR;5;2022-11-09;30;29;6;1;32;6;1;0;0;276621;184253;3195;966;223276;4792;1115;0;31
FR;5;2022-11-10;11;16;1;0;17;1;0;0;0;276632;184269;3196;966;223293;4793;1115;0;31
FR;5;2022-11-11;2;4;0;1;6;0;1;0;0;276634;184273;3196;967;223299;4793;1116;0;31
FR;5;2022-11-12;19;10;5;9;18;6;9;0;2;276653;184283;3201;976;223317;4799;1125;0;33
FR;5;2022-11-13;2;2;0;1;2;0;1;0;0;276655;184285;3201;977;223319;4799;1126;0;33
FR;5;2022-11-14;8;11;0;1;10;3;0;0;0;276663;184296;3201;978;223329;4802;1126;0;33
FR;5;2022-11-15;8;6;4;3;6;4;3;0;0;276671;184302;3205;981;223335;4806;1129;0;33
FR;5;2022-11-16;29;28;2;1;33;5;0;0;0;276700;184330;3207;982;223368;4811;1129;0;33
FR;5;2022-11-17;6;16;4;0;16;5;0;0;0;276706;184346;3211;982;223384;4816;1129;0;33
FR;5;2022-11-18;17;17;7;0;19;9;0;0;0;276723;184363;3218;982;223403;4825;1129;0;33
FR;5;2022-11-19;18;27;2;0;28;6;0;0;0;276741;184390;3220;982;223431;4831;1129;0;33
FR;5;2022-11-20;6;3;0;0;5;0;0;0;0;276747;184393;3220;982;223436;4831;1129;0;33
FR;5;2022-11-21;8;5;0;2;4;2;1;0;0;276755;184398;3220;984;223440;4833;1130;0;33
FR;5;2022-11-22;9;3;0;1;4;0;1;0;0;276764;184401;3220;985;223444;4833;1131;0;33
FR;5;2022-11-23;34;25;6;1;27;13;0;0;0;276798;184426;3226;986;223471;4846;1131;0;33
FR;5;2022-11-24;3;7;2;0;8;1;1;0;0;276801;184433;3228;986;223479;4847;1132;0;33
FR;5;2022-11-25;15;20;2;0;25;3;0;0;1;276816;184453;3230;986;223504;4850;1132;0;34
FR;5;2022-11-26;22;19;4;0;20;8;0;0;0;276838;184472;3234;986;223524;4858;1132;0;34
FR;5;2022-11-27;7;0;1;0;3;1;0;0;0;276845;184472;3235;986;223527;4859;1132;0;34
FR;5;2022-11-28;7;15;3;0;15;5;0;0;0;276852;184487;3238;986;223542;4864;1132;0;34
FR;5;2022-11-29;10;9;1;0;11;3;0;0;1;276862;184496;3239;986;223553;4867;1132;0;35
FR;5;2022-11-30;35;48;12;0;56;17;1;0;0;276897;184544;3251;986;223609;4884;1133;0;35
FR;5;2022-12-01;5;10;2;0;10;3;0;0;0;276902;184554;3253;986;223619;4887;1133;0;35
FR;5;2022-12-02;1;5;2;1;4;3;1;0;0;276903;184559;3255;987;223623;4890;1134;0;35
FR;5;2022-12-03;3;3;8;1;5;8;1;0;0;276906;184562;3263;988;223628;4898;1135;0;35
FR;5;2022-12-04;3;2;1;0;2;2;0;0;0;276909;184564;3264;988;223630;4900;1135;0;35
FR;5;2022-12-05;1;2;0;0;1;1;0;0;0;276910;184566;3264;988;223631;4901;1135;0;35
FR;5;2022-12-06;5;1;0;0;1;0;0;0;1;276915;184567;3264;988;223632;4901;1135;0;36
FR;5;2022-12-07;5;8;1;0;8;1;0;0;0;276920;184575;3265;988;223640;4902;1135;0;36
FR;5;2022-12-08;2;2;0;0;2;0;0;0;0;276922;184577;3265;988;223642;4902;1135;0;36
FR;5;2022-12-09;5;8;0;0;6;2;0;0;0;276927;184585;3265;988;223648;4904;1135;0;36
FR;5;2022-12-10;4;7;2;1;8;2;1;0;0;276931;184592;3267;989;223656;4906;1136;0;36
FR;5;2022-12-11;2;0;0;0;0;0;0;0;0;276933;184592;3267;989;223656;4906;1136;0;36
FR;5;2022-12-12;0;0;0;0;0;0;0;0;0;276933;184592;3267;989;223656;4906;1136;0;36
FR;5;2022-12-13;2;3;0;0;4;1;0;0;0;276935;184595;3267;989;223660;4907;1136;0;36
FR;5;2022-12-14;2;3;0;9;3;1;8;0;3;276937;184598;3267;998;223663;4908;1144;0;39
FR;5;2022-12-15;0;2;0;0;2;0;0;0;0;276937;184600;3267;998;223665;4908;1144;0;39
FR;5;2022-12-16;3;3;2;0;4;3;0;0;0;276940;184603;3269;998;223669;4911;1144;0;39
FR;5;2022-12-17;3;3;3;0;3;2;1;0;0;276943;184606;3272;998;223672;4913;1145;0;39
FR;5;2022-12-18;3;0;0;1;0;0;1;0;1;276946;184606;3272;999;223672;4913;1146;0;40
FR;5;2022-12-19;1;0;0;2;0;0;2;0;0;276947;184606;3272;1001;223672;4913;1148;0;40
FR;5;2022-12-20;0;1;3;0;1;3;0;0;0;276947;184607;3275;1001;223673;4916;1148;0;40
FR;5;2022-12-21;2;4;0;0;4;0;0;0;0;276949;184611;3275;1001;223677;4916;1148;0;40
FR;5;2022-12-22;2;2;1;0;2;1;0;0;0;276951;184613;3276;1001;223679;4917;1148;0;40
FR;5;2022-12-23;3;1;1;0;1;1;0;0;0;276954;184614;3277;1001;223680;4918;1148;0;40
FR;5;2022-12-24;0;1;0;0;1;0;0;0;0;276954;184615;3277;1001;223681;4918;1148;0;40
FR;5;2022-12-25;0;1;2;0;0;3;0;0;0;276954;184616;3279;1001;223681;4921;1148;0;40
FR;5;2022-12-26;2;2;0;0;2;0;0;0;0;276956;184618;3279;1001;223683;4921;1148;0;40
FR;5;2022-12-27;0;3;0;0;3;0;0;0;0;276956;184621;3279;1001;223686;4921;1148;0;40
FR;5;2022-12-28;5;3;3;0;3;3;2;0;0;276961;184624;3282;1001;223689;4924;1150;0;40
FR;5;2022-12-29;3;2;2;0;3;2;0;0;0;276964;184626;3284;1001;223692;4926;1150;0;40
FR;5;2022-12-30;3;2;1;0;2;1;0;0;0;276967;184628;3285;1001;223694;4927;1150;0;40
FR;5;2022-12-31;0;0;0;0;0;0;0;0;0;276967;184628;3285;1001;223694;4927;1150;0;40
FR;5;2023-01-01;0;0;0;0;0;0;0;0;0;276967;184628;3285;1001;223694;4927;1150;0;40
FR;5;2023-01-02;1;1;1;0;1;1;0;0;0;276968;184629;3286;1001;223695;4928;1150;0;40
FR;5;2023-01-03;3;1;0;0;2;0;0;0;0;276971;184630;3286;1001;223697;4928;1150;0;40
FR;5;2023-01-04;6;1;1;0;2;1;0;0;0;276977;184631;3287;1001;223699;4929;1150;0;40
FR;5;2023-01-05;0;3;0;0;3;0;0;0;0;276977;184634;3287;1001;223702;4929;1150;0;40
FR;5;2023-01-06;2;1;1;0;1;1;0;0;0;276979;184635;3288;1001;223703;4930;1150;0;40
FR;5;2023-01-07;5;1;1;0;1;2;0;0;0;276984;184636;3289;1001;223704;4932;1150;0;40
FR;5;2023-01-08;2;2;0;0;2;0;0;0;0;276986;184638;3289;1001;223706;4932;1150;0;40
FR;5;2023-01-09;4;0;1;0;1;1;0;0;0;276990;184638;3290;1001;223707;4933;1150;0;40
FR;5;2023-01-10;3;1;0;0;2;0;0;0;0;276993;184639;3290;1001;223709;4933;1150;0;40
FR;5;2023-01-11;7;5;3;0;4;4;0;0;0;277000;184644;3293;1001;223713;4937;1150;0;40
FR;5;2023-01-12;14;6;4;0;6;6;0;0;0;277014;184650;3297;1001;223719;4943;1150;0;40
FR;5;2023-01-13;56;16;16;0;31;18;0;0;0;277070;184666;3313;1001;223750;4961;1150;0;40
FR;5;2023-01-14;56;34;13;1;34;20;2;0;0;277126;184700;3326;1002;223784;4981;1152;0;40
FR;5;2023-01-15;13;9;0;0;5;4;0;0;0;277139;184709;3326;1002;223789;4985;1152;0;40
FR;5;2023-01-16;13;8;3;0;8;3;0;0;0;277152;184717;3329;1002;223797;4988;1152;0;40
FR;5;2023-01-17;12;8;3;0;4;7;0;0;0;277164;184725;3332;1002;223801;4995;1152;0;40
FR;5;2023-01-18;72;35;21;2;46;25;2;0;0;277236;184760;3353;1004;223847;5020;1154;0;40
FR;5;2023-01-19;13;6;8;0;5;10;1;0;0;277249;184766;3361;1004;223852;5030;1155;0;40
FR;5;2023-01-20;27;17;13;0;17;18;0;0;2;277276;184783;3374;1004;223869;5048;1155;0;42
FR;5;2023-01-21;34;23;18;1;31;21;1;0;0;277310;184806;3392;1005;223900;5069;1156;0;42
FR;5;2023-01-22;6;4;2;0;4;3;0;0;0;277316;184810;3394;1005;223904;5072;1156;0;42
FR;5;2023-01-23;6;5;3;0;3;5;0;0;0;277322;184815;3397;1005;223907;5077;1156;0;42
FR;5;2023-01-24;16;3;3;0;6;4;0;0;0;277338;184818;3400;1005;223913;5081;1156;0;42
FR;5;2023-01-25;33;31;12;2;27;23;2;0;0;277371;184849;3412;1007;223940;5104;1158;0;42
FR;5;2023-01-26;6;5;4;0;6;4;0;0;0;277377;184854;3416;1007;223946;5108;1158;0;42
FR;5;2023-01-27;18;13;8;0;17;8;1;0;0;277395;184867;3424;1007;223963;5116;1159;0;42
FR;5;2023-01-28;21;8;4;3;11;6;3;0;0;277416;184875;3428;1010;223974;5122;1162;0;42
FR;5;2023-01-29;0;3;0;0;2;1;0;0;0;277416;184878;3428;1010;223976;5123;1162;0;42
FR;5;2023-01-30;7;5;3;0;4;6;0;0;0;277423;184883;3431;1010;223980;5129;1162;0;42
FR;5;2023-01-31;3;7;2;0;5;4;0;0;0;277426;184890;3433;1010;223985;5133;1162;0;42
FR;5;2023-02-01;18;18;7;1;19;8;1;0;0;277444;184908;3440;1011;224004;5141;1163;0;42
FR;5;2023-02-02;7;8;1;0;7;2;0;0;0;277451;184916;3441;1011;224011;5143;1163;0;42
FR;5;2023-02-03;15;26;6;0;27;9;0;0;0;277466;184942;3447;1011;224038;5152;1163;0;42
FR;5;2023-02-04;17;23;5;0;25;6;0;0;0;277483;184965;3452;1011;224063;5158;1163;0;42
FR;5;2023-02-05;1;2;0;1;2;1;0;0;0;277484;184967;3452;1012;224065;5159;1163;0;42
FR;5;2023-02-06;12;11;7;0;12;7;0;0;0;277496;184978;3459;1012;224077;5166;1163;0;42
FR;5;2023-02-07;6;11;2;0;10;4;0;0;0;277502;184989;3461;1012;224087;5170;1163;0;42
FR;5;2023-02-08;29;35;8;0;39;10;0;0;0;277531;185024;3469;1012;224126;5180;1163;0;42
FR;5;2023-02-09;15;7;5;0;8;5;0;0;0;277546;185031;3474;1012;224134;5185;1163;0;42
FR;5;2023-02-10;11;22;5;0;24;7;0;0;0;277557;185053;3479;1012;224158;5192;1163;0;42
FR;5;2023-02-11;12;11;3;1;15;4;0;0;0;277569;185064;3482;1013;224173;5196;1163;0;42
FR;5;2023-02-12;4;7;1;0;8;1;0;0;0;277573;185071;3483;1013;224181;5197;1163;0;42
FR;5;2023-02-13;4;6;6;0;5;7;0;0;0;277577;185077;3489;1013;224186;5204;1163;0;42
FR;5;2023-02-14;11;8;2;0;9;3;0;0;0;277588;185085;3491;1013;224195;5207;1163;0;42
FR;5;2023-02-15;27;25;4;0;27;5;0;0;0;277615;185110;3495;1013;224222;5212;1163;0;42
FR;5;2023-02-16;8;4;3;0;8;3;0;0;0;277623;185114;3498;1013;224230;5215;1163;0;42
FR;5;2023-02-17;9;5;9;0;6;9;0;0;0;277632;185119;3507;1013;224236;5224;1163;0;42
FR;5;2023-02-18;9;14;3;1;16;3;1;0;0;277641;185133;3510;1014;224252;5227;1164;0;42
FR;5;2023-02-19;0;1;0;0;1;0;0;0;0;277641;185134;3510;1014;224253;5227;1164;0;42
FR;5;2023-02-20;6;6;4;0;6;5;0;0;0;277647;185140;3514;1014;224259;5232;1164;0;42
FR;5;2023-02-21;4;6;5;0;7;5;0;0;0;277651;185146;3519;1014;224266;5237;1164;0;42
FR;5;2023-02-22;10;16;5;0;15;5;1;0;0;277661;185162;3524;1014;224281;5242;1165;0;42
FR;5;2023-02-23;5;5;2;0;5;2;0;0;0;277666;185167;3526;1014;224286;5244;1165;0;42
FR;5;2023-02-24;17;23;1;0;22;3;0;0;0;277683;185190;3527;1014;224308;5247;1165;0;42
FR;5;2023-02-25;11;9;0;0;10;0;0;0;0;277694;185199;3527;1014;224318;5247;1165;0;42
FR;5;2023-02-26;1;1;0;0;1;0;0;0;0;277695;185200;3527;1014;224319;5247;1165;0;42
FR;5;2023-02-27;7;5;2;0;5;2;0;0;0;277702;185205;3529;1014;224324;5249;1165;0;42
FR;5;2023-02-28;4;8;2;0;8;4;0;0;0;277706;185213;3531;1014;224332;5253;1165;0;42
FR;5;2023-03-01;12;25;1;0;23;3;1;0;0;277718;185238;3532;1014;224355;5256;1166;0;42
FR;5;2023-03-02;7;13;3;0;12;5;0;0;0;277725;185251;3535;1014;224367;5261;1166;0;42
FR;5;2023-03-03;11;4;3;0;8;3;1;0;0;277736;185255;3538;1014;224375;5264;1167;0;42
FR;5;2023-03-04;8;17;7;0;18;8;0;0;0;277744;185272;3545;1014;224393;5272;1167;0;42
FR;5;2023-03-05;3;3;0;0;3;0;0;0;0;277747;185275;3545;1014;224396;5272;1167;0;42
FR;5;2023-03-06;2;8;2;0;6;4;0;0;0;277749;185283;3547;1014;224402;5276;1167;0;42
FR;5;2023-03-07;2;9;4;0;9;4;0;0;0;277751;185292;3551;1014;224411;5280;1167;0;42
FR;5;2023-03-08;9;21;1;0;22;1;0;0;0;277760;185313;3552;1014;224433;5281;1167;0;42
FR;5;2023-03-09;1;6;0;0;5;1;0;0;0;277761;185319;3552;1014;224438;5282;1167;0;42
FR;5;2023-03-10;3;7;2;1;8;2;1;0;0;277764;185326;3554;1015;224446;5284;1168;0;42
FR;5;2023-03-11;5;4;0;0;6;0;0;0;0;277769;185330;3554;1015;224452;5284;1168;0;42
FR;5;2023-03-12;0;1;0;0;1;0;0;0;0;277769;185331;3554;1015;224453;5284;1168;0;42
FR;5;2023-03-13;2;2;0;0;4;0;0;0;0;277771;185333;3554;1015;224457;5284;1168;0;42
FR;5;2023-03-14;6;1;1;1;5;1;1;0;0;277777;185334;3555;1016;224462;5285;1169;0;42
FR;5;2023-03-15;7;8;2;0;12;3;0;0;0;277784;185342;3557;1016;224474;5288;1169;0;42
FR;5;2023-03-16;2;6;0;0;6;0;0;0;0;277786;185348;3557;1016;224480;5288;1169;0;42
FR;5;2023-03-17;14;15;3;0;13;4;1;0;0;277800;185363;3560;1016;224493;5292;1170;0;42
FR;5;2023-03-18;4;9;0;0;9;1;0;0;0;277804;185372;3560;1016;224502;5293;1170;0;42
FR;5;2023-03-19;0;0;0;0;0;0;0;0;0;277804;185372;3560;1016;224502;5293;1170;0;42
FR;5;2023-03-20;3;8;0;0;9;0;0;0;0;277807;185380;3560;1016;224511;5293;1170;0;42
FR;5;2023-03-21;3;8;2;2;8;2;2;0;0;277810;185388;3562;1018;224519;5295;1172;0;42
FR;5;2023-03-22;9;22;3;0;20;4;0;0;0;277819;185410;3565;1018;224539;5299;1172;0;42
FR;5;2023-03-23;2;5;1;0;5;1;0;0;0;277821;185415;3566;1018;224544;5300;1172;0;42
FR;5;2023-03-24;5;9;1;0;9;3;0;0;0;277826;185424;3567;1018;224553;5303;1172;0;42
FR;5;2023-03-25;3;8;2;0;8;2;0;0;0;277829;185432;3569;1018;224561;5305;1172;0;42
FR;5;2023-03-26;0;1;0;0;0;1;0;0;0;277829;185433;3569;1018;224561;5306;1172;0;42
FR;5;2023-03-27;3;0;1;0;1;1;0;0;0;277832;185433;3570;1018;224562;5307;1172;0;42
FR;5;2023-03-28;3;3;0;0;4;0;0;0;0;277835;185436;3570;1018;224566;5307;1172;0;42
FR;5;2023-03-29;7;16;4;0;16;6;0;0;0;277842;185452;3574;1018;224582;5313;1172;0;42
FR;5;2023-03-30;3;2;0;0;4;0;0;0;1;277845;185454;3574;1018;224586;5313;1172;0;43
FR;5;2023-03-31;3;7;2;1;7;2;1;0;0;277848;185461;3576;1019;224593;5315;1173;0;43
FR;5;2023-04-01;5;7;3;1;5;4;2;0;0;277853;185468;3579;1020;224598;5319;1175;0;43
FR;5;2023-04-02;0;1;0;0;1;0;0;0;0;277853;185469;3579;1020;224599;5319;1175;0;43
FR;5;2023-04-03;3;4;2;0;4;0;2;0;0;277856;185473;3581;1020;224603;5319;1177;0;43
FR;5;2023-04-04;1;3;0;0;3;0;0;0;0;277857;185476;3581;1020;224606;5319;1177;0;43
FR;5;2023-04-05;3;6;1;0;5;2;0;0;0;277860;185482;3582;1020;224611;5321;1177;0;43
FR;5;2023-04-06;3;3;0;0;3;0;0;0;0;277863;185485;3582;1020;224614;5321;1177;0;43
FR;5;2023-04-07;6;4;1;0;4;1;0;0;0;277869;185489;3583;1020;224618;5322;1177;0;43
FR;5;2023-04-08;6;10;1;0;10;1;0;0;0;277875;185499;3584;1020;224628;5323;1177;0;43
FR;5;2023-04-09;0;0;0;0;0;0;0;0;0;277875;185499;3584;1020;224628;5323;1177;0;43
FR;5;2023-04-10;0;0;0;0;0;0;0;0;0;277875;185499;3584;1020;224628;5323;1177;0;43
FR;5;2023-04-11;1;6;0;0;6;0;0;0;1;277876;185505;3584;1020;224634;5323;1177;0;44
FR;5;2023-04-12;4;9;1;0;9;1;0;0;0;277880;185514;3585;1020;224643;5324;1177;0;44
FR;5;2023-04-13;2;1;2;0;0;3;0;0;0;277882;185515;3587;1020;224643;5327;1177;0;44
FR;5;2023-04-14;5;5;2;0;8;2;0;0;0;277887;185520;3589;1020;224651;5329;1177;0;44
FR;5;2023-04-15;3;4;0;0;4;0;0;0;0;277890;185524;3589;1020;224655;5329;1177;0;44
FR;5;2023-04-16;1;0;0;0;0;0;0;0;0;277891;185524;3589;1020;224655;5329;1177;0;44
FR;5;2023-04-17;4;4;3;0;4;3;0;0;0;277895;185528;3592;1020;224659;5332;1177;0;44
FR;5;2023-04-18;3;2;0;0;2;0;0;0;0;277898;185530;3592;1020;224661;5332;1177;0;44
FR;5;2023-04-19;9;7;0;0;3;5;0;0;0;277907;185537;3592;1020;224664;5337;1177;0;44
FR;5;2023-04-20;5;2;0;0;2;0;0;0;0;277912;185539;3592;1020;224666;5337;1177;0;44
FR;5;2023-04-21;2;6;1;0;5;2;0;0;0;277914;185545;3593;1020;224671;5339;1177;0;44
FR;5;2023-04-22;4;6;1;0;6;1;0;0;0;277918;185551;3594;1020;224677;5340;1177;0;44
FR;5;2023-04-23;1;0;0;0;0;0;0;0;0;277919;185551;3594;1020;224677;5340;1177;0;44
FR;5;2023-04-24;3;5;2;0;5;2;0;0;0;277922;185556;3596;1020;224682;5342;1177;0;44
FR;5;2023-04-25;0;1;1;2;1;1;2;0;0;277922;185557;3597;1022;224683;5343;1179;0;44
FR;5;2023-04-26;1;3;0;0;3;0;0;0;0;277923;185560;3597;1022;224686;5343;1179;0;44
FR;5;2023-04-27;3;4;0;0;3;1;0;0;0;277926;185564;3597;1022;224689;5344;1179;0;44
FR;5;2023-04-28;2;3;0;0;2;1;0;0;0;277928;185567;3597;1022;224691;5345;1179;0;44
FR;5;2023-04-29;2;9;0;0;9;0;0;0;0;277930;185576;3597;1022;224700;5345;1179;0;44
FR;5;2023-04-30;0;0;0;0;0;0;0;0;0;277930;185576;3597;1022;224700;5345;1179;0;44
FR;5;2023-05-01;0;0;0;0;0;0;0;0;0;277930;185576;3597;1022;224700;5345;1179;0;44
FR;5;2023-05-02;2;2;1;0;3;1;0;0;0;277932;185578;3598;1022;224703;5346;1179;0;44
FR;5;2023-05-03;5;3;0;0;3;0;0;0;0;277937;185581;3598;1022;224706;5346;1179;0;44
FR;5;2023-05-04;1;3;0;0;3;0;0;0;0;277938;185584;3598;1022;224709;5346;1179;0;44
FR;5;2023-05-05;1;1;0;0;1;0;0;0;0;277939;185585;3598;1022;224710;5346;1179;0;44
FR;5;2023-05-06;2;1;0;0;1;0;0;0;0;277941;185586;3598;1022;224711;5346;1179;0;44
FR;5;2023-05-07;0;1;0;0;1;0;0;0;0;277941;185587;3598;1022;224712;5346;1179;0;44
FR;5;2023-05-08;1;1;0;0;1;0;0;0;0;277942;185588;3598;1022;224713;5346;1179;0;44
FR;5;2023-05-09;0;3;0;0;3;0;0;0;0;277942;185591;3598;1022;224716;5346;1179;0;44
FR;5;2023-05-10;2;8;0;0;8;0;0;0;0;277944;185599;3598;1022;224724;5346;1179;0;44
FR;5;2023-05-11;2;1;0;0;1;0;0;0;0;277946;185600;3598;1022;224725;5346;1179;0;44
FR;5;2023-05-12;2;2;0;0;2;0;0;0;0;277948;185602;3598;1022;224727;5346;1179;0;44
FR;5;2023-05-13;6;4;0;0;4;2;0;0;0;277954;185606;3598;1022;224731;5348;1179;0;44
FR;5;2023-05-14;0;0;0;0;0;0;0;0;0;277954;185606;3598;1022;224731;5348;1179;0;44
FR;5;2023-05-15;3;0;0;0;0;0;0;0;1;277957;185606;3598;1022;224731;5348;1179;0;45
FR;5;2023-05-16;0;1;0;0;1;0;0;0;0;277957;185607;3598;1022;224732;5348;1179;0;45
FR;5;2023-05-17;3;6;2;0;7;2;0;0;0;277960;185613;3600;1022;224739;5350;1179;0;45
FR;5;2023-05-18;0;1;0;0;1;0;0;0;0;277960;185614;3600;1022;224740;5350;1179;0;45
FR;5;2023-05-19;1;4;1;0;3;1;0;0;0;277961;185618;3601;1022;224743;5351;1179;0;45
FR;5;2023-05-20;5;0;0;0;0;0;0;0;0;277966;185618;3601;1022;224743;5351;1179;0;45
FR;5;2023-05-21;0;0;0;0;0;0;0;0;0;277966;185618;3601;1022;224743;5351;1179;0;45
FR;5;2023-05-22;0;3;0;0;3;0;0;0;0;277966;185621;3601;1022;224746;5351;1179;0;45
FR;5;2023-05-23;1;1;1;0;1;1;0;0;0;277967;185622;3602;1022;224747;5352;1179;0;45
FR;5;2023-05-24;6;5;0;0;5;0;0;0;0;277973;185627;3602;1022;224752;5352;1179;0;45
FR;5;2023-05-25;1;1;0;0;1;0;0;0;0;277974;185628;3602;1022;224753;5352;1179;0;45
FR;5;2023-05-26;2;5;0;0;5;0;0;0;0;277976;185633;3602;1022;224758;5352;1179;0;45
FR;5;2023-05-27;4;3;1;0;5;1;0;0;0;277980;185636;3603;1022;224763;5353;1179;0;45
FR;5;2023-05-28;0;1;0;0;1;0;0;0;0;277980;185637;3603;1022;224764;5353;1179;0;45
FR;5;2023-05-29;0;1;0;0;0;1;0;0;0;277980;185638;3603;1022;224764;5354;1179;0;45
FR;5;2023-05-30;0;1;0;0;1;0;0;0;0;277980;185639;3603;1022;224765;5354;1179;0;45
FR;5;2023-05-31;5;5;1;0;5;1;0;0;0;277985;185644;3604;1022;224770;5355;1179;0;45
FR;5;2023-06-01;2;0;0;0;0;0;0;0;0;277987;185644;3604;1022;224770;5355;1179;0;45
FR;5;2023-06-02;0;1;0;0;1;0;0;0;0;277987;185645;3604;1022;224771;5355;1179;0;45
FR;5;2023-06-03;3;4;4;0;4;4;1;0;0;277990;185649;3608;1022;224775;5359;1180;0;45
FR;5;2023-06-04;0;0;0;0;0;0;0;0;0;277990;185649;3608;1022;224775;5359;1180;0;45
FR;5;2023-06-05;3;1;0;0;1;0;0;0;0;277993;185650;3608;1022;224776;5359;1180;0;45
FR;5;2023-06-06;3;1;0;0;1;0;0;0;0;277996;185651;3608;1022;224777;5359;1180;0;45
FR;5;2023-06-07;6;1;4;0;0;5;0;0;0;278002;185652;3612;1022;224777;5364;1180;0;45
FR;5;2023-06-08;1;1;1;0;1;1;0;0;0;278003;185653;3613;1022;224778;5365;1180;0;45
FR;5;2023-06-09;1;1;1;0;1;1;0;0;0;278004;185654;3614;1022;224779;5366;1180;0;45
FR;5;2023-06-10;2;2;0;0;3;0;0;0;0;278006;185656;3614;1022;224782;5366;1180;0;45
FR;5;2023-06-11;0;0;1;0;0;1;0;0;0;278006;185656;3615;1022;224782;5367;1180;0;45
FR;5;2023-06-12;0;2;0;0;2;0;0;0;0;278006;185658;3615;1022;224784;5367;1180;0;45
FR;5;2023-06-13;0;0;0;0;0;0;0;0;0;278006;185658;3615;1022;224784;5367;1180;0;45
FR;5;2023-06-14;0;6;0;0;6;0;0;0;0;278006;185664;3615;1022;224790;5367;1180;0;45
FR;5;2023-06-15;1;1;0;1;2;0;0;0;0;278007;185665;3615;1023;224792;5367;1180;0;45
FR;5;2023-06-16;0;2;0;0;2;0;0;0;0;278007;185667;3615;1023;224794;5367;1180;0;45
FR;5;2023-06-17;3;3;0;0;3;1;0;0;0;278010;185670;3615;1023;224797;5368;1180;0;45
FR;5;2023-06-18;1;0;0;0;0;0;0;0;0;278011;185670;3615;1023;224797;5368;1180;0;45
FR;5;2023-06-19;3;0;0;0;0;0;0;0;0;278014;185670;3615;1023;224797;5368;1180;0;45
FR;5;2023-06-20;3;2;0;0;2;0;0;0;0;278017;185672;3615;1023;224799;5368;1180;0;45
FR;5;2023-06-21;0;6;0;0;6;0;0;0;0;278017;185678;3615;1023;224805;5368;1180;0;45
FR;5;2023-06-22;0;0;1;0;0;1;0;0;0;278017;185678;3616;1023;224805;5369;1180;0;45
FR;5;2023-06-23;2;0;0;1;0;0;1;0;0;278019;185678;3616;1024;224805;5369;1181;0;45
FR;5;2023-06-24;2;5;3;0;3;5;0;0;0;278021;185683;3619;1024;224808;5374;1181;0;45
FR;5;2023-06-25;2;0;2;0;0;2;0;0;0;278023;185683;3621;1024;224808;5376;1181;0;45
FR;5;2023-06-26;2;3;0;0;3;0;0;0;0;278025;185686;3621;1024;224811;5376;1181;0;45
FR;6;2020-12-27;0;0;0;0;0;0;0;0;0;0;0;0;0;0;0;0;0;0
FR;6;2020-12-28;0;0;0;0;0;0;0;0;0;0;0;0;0;0;0;0;0;0
FR;6;2020-12-29;0;0;0;0;0;0;0;0;0;0;0;0;0;0;0;0;0;0
FR;6;2020-12-30;0;0;0;0;0;0;0;0;0;0;0;0;0;0;0;0;0;0
FR;6;2020-12-31;0;0;0;0;0;0;0;0;0;0;0;0;0;0;0;0;0;0
FR;6;2021-01-01;0;0;0;0;0;0;0;0;0;0;0;0;0;0;0;0;0;0
FR;6;2021-01-02;0;0;0;0;0;0;0;0;0;0;0;0;0;0;0;0;0;0
FR;6;2021-01-03;0;0;0;0;0;0;0;0;0;0;0;0;0;0;0;0;0;0
FR;6;2021-01-04;0;0;0;0;0;0;0;0;0;0;0;0;0;0;0;0;0;0
FR;6;2021-01-05;0;0;0;0;0;0;0;0;0;0;0;0;0;0;0;0;0;0
FR;6;2021-01-06;0;0;0;0;0;0;0;0;0;0;0;0;0;0;0;0;0;0
FR;6;2021-01-07;0;0;0;0;0;0;0;0;0;0;0;0;0;0;0;0;0;0
FR;6;2021-01-08;0;0;0;0;0;0;0;0;0;0;0;0;0;0;0;0;0;0
FR;6;2021-01-09;0;0;0;0;0;0;0;0;0;0;0;0;0;0;0;0;0;0
FR;6;2021-01-10;0;0;0;0;0;0;0;0;0;0;0;0;0;0;0;0;0;0
FR;6;2021-01-11;0;0;0;0;0;0;0;0;0;0;0;0;0;0;0;0;0;0
FR;6;2021-01-12;0;0;0;0;0;0;0;0;0;0;0;0;0;0;0;0;0;0
FR;6;2021-01-13;0;0;0;0;0;0;0;0;0;0;0;0;0;0;0;0;0;0
FR;6;2021-01-14;0;0;0;0;0;0;0;0;0;0;0;0;0;0;0;0;0;0
FR;6;2021-01-15;0;0;0;0;0;0;0;0;0;0;0;0;0;0;0;0;0;0
FR;6;2021-01-16;0;0;0;0;0;0;0;0;0;0;0;0;0;0;0;0;0;0
FR;6;2021-01-17;0;0;0;0;0;0;0;0;0;0;0;0;0;0;0;0;0;0
FR;6;2021-01-18;0;0;0;0;0;0;0;0;0;0;0;0;0;0;0;0;0;0
FR;6;2021-01-19;0;0;0;0;0;0;0;0;0;0;0;0;0;0;0;0;0;0
FR;6;2021-01-20;0;0;0;0;0;0;0;0;0;0;0;0;0;0;0;0;0;0
FR;6;2021-01-21;0;0;0;0;0;0;0;0;0;0;0;0;0;0;0;0;0;0
FR;6;2021-01-22;0;0;0;0;0;0;0;0;0;0;0;0;0;0;0;0;0;0
FR;6;2021-01-23;0;0;0;0;0;0;0;0;0;0;0;0;0;0;0;0;0;0
FR;6;2021-01-24;0;0;0;0;0;0;0;0;0;0;0;0;0;0;0;0;0;0
FR;6;2021-01-25;0;0;0;0;0;0;0;0;0;0;0;0;0;0;0;0;0;0
FR;6;2021-01-26;0;0;0;0;0;0;0;0;0;0;0;0;0;0;0;0;0;0
FR;6;2021-01-27;0;0;0;0;0;0;0;0;0;0;0;0;0;0;0;0;0;0
FR;6;2021-01-28;0;0;0;0;0;0;0;0;0;0;0;0;0;0;0;0;0;0
FR;6;2021-01-29;0;0;0;0;0;0;0;0;0;0;0;0;0;0;0;0;0;0
FR;6;2021-01-30;0;0;0;0;0;0;0;0;0;0;0;0;0;0;0;0;0;0
FR;6;2021-01-31;0;0;0;0;0;0;0;0;0;0;0;0;0;0;0;0;0;0
FR;6;2021-02-01;0;0;0;0;0;0;0;0;0;0;0;0;0;0;0;0;0;0
FR;6;2021-02-02;0;0;0;0;0;0;0;0;0;0;0;0;0;0;0;0;0;0
FR;6;2021-02-03;0;0;0;0;0;0;0;0;0;0;0;0;0;0;0;0;0;0
FR;6;2021-02-04;0;0;0;0;0;0;0;0;0;0;0;0;0;0;0;0;0;0
FR;6;2021-02-05;0;0;0;0;0;0;0;0;0;0;0;0;0;0;0;0;0;0
FR;6;2021-02-06;0;0;0;0;0;0;0;0;0;0;0;0;0;0;0;0;0;0
FR;6;2021-02-07;0;0;0;0;0;0;0;0;0;0;0;0;0;0;0;0;0;0
FR;6;2021-02-08;0;0;0;0;0;0;0;0;0;0;0;0;0;0;0;0;0;0
FR;6;2021-02-09;0;0;0;0;0;0;0;0;0;0;0;0;0;0;0;0;0;0
FR;6;2021-02-10;0;0;0;0;0;0;0;0;0;0;0;0;0;0;0;0;0;0
FR;6;2021-02-11;0;0;0;0;0;0;0;0;0;0;0;0;0;0;0;0;0;0
FR;6;2021-02-12;0;0;0;0;0;0;0;0;0;0;0;0;0;0;0;0;0;0
FR;6;2021-02-13;0;0;0;0;0;0;0;0;0;0;0;0;0;0;0;0;0;0
FR;6;2021-02-14;0;0;0;0;0;0;0;0;0;0;0;0;0;0;0;0;0;0
FR;6;2021-02-15;0;0;0;0;0;0;0;0;0;0;0;0;0;0;0;0;0;0
FR;6;2021-02-16;0;0;0;0;0;0;0;0;0;0;0;0;0;0;0;0;0;0
FR;6;2021-02-17;0;0;0;0;0;0;0;0;0;0;0;0;0;0;0;0;0;0
FR;6;2021-02-18;0;0;0;0;0;0;0;0;0;0;0;0;0;0;0;0;0;0
FR;6;2021-02-19;0;0;0;0;0;0;0;0;0;0;0;0;0;0;0;0;0;0
FR;6;2021-02-20;0;0;0;0;0;0;0;0;0;0;0;0;0;0;0;0;0;0
FR;6;2021-02-21;0;0;0;0;0;0;0;0;0;0;0;0;0;0;0;0;0;0
FR;6;2021-02-22;0;0;0;0;0;0;0;0;0;0;0;0;0;0;0;0;0;0
FR;6;2021-02-23;0;0;0;0;0;0;0;0;0;0;0;0;0;0;0;0;0;0
FR;6;2021-02-24;0;0;0;0;0;0;0;0;0;0;0;0;0;0;0;0;0;0
FR;6;2021-02-25;0;0;0;0;0;0;0;0;0;0;0;0;0;0;0;0;0;0
FR;6;2021-02-26;0;0;0;0;0;0;0;0;0;0;0;0;0;0;0;0;0;0
FR;6;2021-02-27;0;0;0;0;0;0;0;0;0;0;0;0;0;0;0;0;0;0
FR;6;2021-02-28;0;0;0;0;0;0;0;0;0;0;0;0;0;0;0;0;0;0
FR;6;2021-03-01;0;0;0;0;0;0;0;0;0;0;0;0;0;0;0;0;0;0
FR;6;2021-03-02;0;0;0;0;0;0;0;0;0;0;0;0;0;0;0;0;0;0
FR;6;2021-03-03;0;0;0;0;0;0;0;0;0;0;0;0;0;0;0;0;0;0
FR;6;2021-03-04;0;0;0;0;0;0;0;0;0;0;0;0;0;0;0;0;0;0
FR;6;2021-03-05;0;0;0;0;0;0;0;0;0;0;0;0;0;0;0;0;0;0
FR;6;2021-03-06;0;0;0;0;0;0;0;0;0;0;0;0;0;0;0;0;0;0
FR;6;2021-03-07;0;0;0;0;0;0;0;0;0;0;0;0;0;0;0;0;0;0
FR;6;2021-03-08;0;0;0;0;0;0;0;0;0;0;0;0;0;0;0;0;0;0
FR;6;2021-03-09;0;0;0;0;0;0;0;0;0;0;0;0;0;0;0;0;0;0
FR;6;2021-03-10;0;0;0;0;0;0;0;0;0;0;0;0;0;0;0;0;0;0
FR;6;2021-03-11;0;0;0;0;0;0;0;0;0;0;0;0;0;0;0;0;0;0
FR;6;2021-03-12;0;0;0;0;0;0;0;0;0;0;0;0;0;0;0;0;0;0
FR;6;2021-03-13;0;0;0;0;0;0;0;0;0;0;0;0;0;0;0;0;0;0
FR;6;2021-03-14;0;0;0;0;0;0;0;0;0;0;0;0;0;0;0;0;0;0
FR;6;2021-03-15;0;0;0;0;0;0;0;0;0;0;0;0;0;0;0;0;0;0
FR;6;2021-03-16;0;0;0;0;0;0;0;0;0;0;0;0;0;0;0;0;0;0
FR;6;2021-03-17;0;0;0;0;0;0;0;0;0;0;0;0;0;0;0;0;0;0
FR;6;2021-03-18;0;0;0;0;0;0;0;0;0;0;0;0;0;0;0;0;0;0
FR;6;2021-03-19;0;0;0;0;0;0;0;0;0;0;0;0;0;0;0;0;0;0
FR;6;2021-03-20;0;0;0;0;0;0;0;0;0;0;0;0;0;0;0;0;0;0
FR;6;2021-03-21;0;0;0;0;0;0;0;0;0;0;0;0;0;0;0;0;0;0
FR;6;2021-03-22;0;0;0;0;0;0;0;0;0;0;0;0;0;0;0;0;0;0
FR;6;2021-03-23;0;0;0;0;0;0;0;0;0;0;0;0;0;0;0;0;0;0
FR;6;2021-03-24;0;0;0;0;0;0;0;0;0;0;0;0;0;0;0;0;0;0
FR;6;2021-03-25;0;0;0;0;0;0;0;0;0;0;0;0;0;0;0;0;0;0
FR;6;2021-03-26;0;0;0;0;0;0;0;0;0;0;0;0;0;0;0;0;0;0
FR;6;2021-03-27;0;0;0;0;0;0;0;0;0;0;0;0;0;0;0;0;0;0
FR;6;2021-03-28;0;0;0;0;0;0;0;0;0;0;0;0;0;0;0;0;0;0
FR;6;2021-03-29;0;0;0;0;0;0;0;0;0;0;0;0;0;0;0;0;0;0
FR;6;2021-03-30;0;0;0;0;0;0;0;0;0;0;0;0;0;0;0;0;0;0
FR;6;2021-03-31;0;0;0;0;0;0;0;0;0;0;0;0;0;0;0;0;0;0
FR;6;2021-04-01;0;0;0;0;0;0;0;0;0;0;0;0;0;0;0;0;0;0
FR;6;2021-04-02;0;0;0;0;0;0;0;0;0;0;0;0;0;0;0;0;0;0
FR;6;2021-04-03;0;0;0;0;0;0;0;0;0;0;0;0;0;0;0;0;0;0
FR;6;2021-04-04;0;0;0;0;0;0;0;0;0;0;0;0;0;0;0;0;0;0
FR;6;2021-04-05;0;0;0;0;0;0;0;0;0;0;0;0;0;0;0;0;0;0
FR;6;2021-04-06;0;0;0;0;0;0;0;0;0;0;0;0;0;0;0;0;0;0
FR;6;2021-04-07;0;0;0;0;0;0;0;0;0;0;0;0;0;0;0;0;0;0
FR;6;2021-04-08;0;0;0;0;0;0;0;0;0;0;0;0;0;0;0;0;0;0
FR;6;2021-04-09;0;0;0;0;0;0;0;0;0;0;0;0;0;0;0;0;0;0
FR;6;2021-04-10;0;0;0;0;0;0;0;0;0;0;0;0;0;0;0;0;0;0
FR;6;2021-04-11;0;0;0;0;0;0;0;0;0;0;0;0;0;0;0;0;0;0
FR;6;2021-04-12;0;0;0;0;0;0;0;0;0;0;0;0;0;0;0;0;0;0
FR;6;2021-04-13;0;0;0;0;0;0;0;0;0;0;0;0;0;0;0;0;0;0
FR;6;2021-04-14;0;0;0;0;0;0;0;0;0;0;0;0;0;0;0;0;0;0
FR;6;2021-04-15;0;0;0;0;0;0;0;0;0;0;0;0;0;0;0;0;0;0
FR;6;2021-04-16;0;0;0;0;0;0;0;0;0;0;0;0;0;0;0;0;0;0
FR;6;2021-04-17;0;0;0;0;0;0;0;0;0;0;0;0;0;0;0;0;0;0
FR;6;2021-04-18;0;0;0;0;0;0;0;0;0;0;0;0;0;0;0;0;0;0
FR;6;2021-04-19;0;0;0;0;0;0;0;0;0;0;0;0;0;0;0;0;0;0
FR;6;2021-04-20;0;0;0;0;0;0;0;0;0;0;0;0;0;0;0;0;0;0
FR;6;2021-04-21;0;0;0;0;0;0;0;0;0;0;0;0;0;0;0;0;0;0
FR;6;2021-04-22;0;0;0;0;0;0;0;0;0;0;0;0;0;0;0;0;0;0
FR;6;2021-04-23;0;0;0;0;0;0;0;0;0;0;0;0;0;0;0;0;0;0
FR;6;2021-04-24;0;0;0;0;0;0;0;0;0;0;0;0;0;0;0;0;0;0
FR;6;2021-04-25;0;0;0;0;0;0;0;0;0;0;0;0;0;0;0;0;0;0
FR;6;2021-04-26;0;0;0;0;0;0;0;0;0;0;0;0;0;0;0;0;0;0
FR;6;2021-04-27;0;0;0;0;0;0;0;0;0;0;0;0;0;0;0;0;0;0
FR;6;2021-04-28;0;0;0;0;0;0;0;0;0;0;0;0;0;0;0;0;0;0
FR;6;2021-04-29;0;0;0;0;0;0;0;0;0;0;0;0;0;0;0;0;0;0
FR;6;2021-04-30;0;0;0;0;0;0;0;0;0;0;0;0;0;0;0;0;0;0
FR;6;2021-05-01;0;0;0;0;0;0;0;0;0;0;0;0;0;0;0;0;0;0
FR;6;2021-05-02;0;0;0;0;0;0;0;0;0;0;0;0;0;0;0;0;0;0
FR;6;2021-05-03;0;0;0;0;0;0;0;0;0;0;0;0;0;0;0;0;0;0
FR;6;2021-05-04;0;0;0;0;0;0;0;0;0;0;0;0;0;0;0;0;0;0
FR;6;2021-05-05;0;0;0;0;0;0;0;0;0;0;0;0;0;0;0;0;0;0
FR;6;2021-05-06;0;0;0;0;0;0;0;0;0;0;0;0;0;0;0;0;0;0
FR;6;2021-05-07;0;0;0;0;0;0;0;0;0;0;0;0;0;0;0;0;0;0
FR;6;2021-05-08;0;0;0;0;0;0;0;0;0;0;0;0;0;0;0;0;0;0
FR;6;2021-05-09;0;0;0;0;0;0;0;0;0;0;0;0;0;0;0;0;0;0
FR;6;2021-05-10;0;0;0;0;0;0;0;0;0;0;0;0;0;0;0;0;0;0
FR;6;2021-05-11;0;0;0;0;0;0;0;0;0;0;0;0;0;0;0;0;0;0
FR;6;2021-05-12;0;0;0;0;0;0;0;0;0;0;0;0;0;0;0;0;0;0
FR;6;2021-05-13;0;0;0;0;0;0;0;0;0;0;0;0;0;0;0;0;0;0
FR;6;2021-05-14;0;0;0;0;0;0;0;0;0;0;0;0;0;0;0;0;0;0
FR;6;2021-05-15;0;0;0;0;0;0;0;0;0;0;0;0;0;0;0;0;0;0
FR;6;2021-05-16;0;0;0;0;0;0;0;0;0;0;0;0;0;0;0;0;0;0
FR;6;2021-05-17;0;0;0;0;0;0;0;0;0;0;0;0;0;0;0;0;0;0
FR;6;2021-05-18;0;0;0;0;0;0;0;0;0;0;0;0;0;0;0;0;0;0
FR;6;2021-05-19;0;0;0;0;0;0;0;0;0;0;0;0;0;0;0;0;0;0
FR;6;2021-05-20;0;0;0;0;0;0;0;0;0;0;0;0;0;0;0;0;0;0
FR;6;2021-05-21;0;0;0;0;0;0;0;0;0;0;0;0;0;0;0;0;0;0
FR;6;2021-05-22;0;0;0;0;0;0;0;0;0;0;0;0;0;0;0;0;0;0
FR;6;2021-05-23;0;0;0;0;0;0;0;0;0;0;0;0;0;0;0;0;0;0
FR;6;2021-05-24;0;0;0;0;0;0;0;0;0;0;0;0;0;0;0;0;0;0
FR;6;2021-05-25;0;0;0;0;0;0;0;0;0;0;0;0;0;0;0;0;0;0
FR;6;2021-05-26;0;0;0;0;0;0;0;0;0;0;0;0;0;0;0;0;0;0
FR;6;2021-05-27;0;0;0;0;0;0;0;0;0;0;0;0;0;0;0;0;0;0
FR;6;2021-05-28;0;0;0;0;0;0;0;0;0;0;0;0;0;0;0;0;0;0
FR;6;2021-05-29;0;0;0;0;0;0;0;0;0;0;0;0;0;0;0;0;0;0
FR;6;2021-05-30;0;0;0;0;0;0;0;0;0;0;0;0;0;0;0;0;0;0
FR;6;2021-05-31;0;0;0;0;0;0;0;0;0;0;0;0;0;0;0;0;0;0
FR;6;2021-06-01;0;0;0;0;0;0;0;0;0;0;0;0;0;0;0;0;0;0
FR;6;2021-06-02;0;0;0;0;0;0;0;0;0;0;0;0;0;0;0;0;0;0
FR;6;2021-06-03;0;0;0;0;0;0;0;0;0;0;0;0;0;0;0;0;0;0
FR;6;2021-06-04;0;0;0;0;0;0;0;0;0;0;0;0;0;0;0;0;0;0
FR;6;2021-06-05;0;0;0;0;0;0;0;0;0;0;0;0;0;0;0;0;0;0
FR;6;2021-06-06;0;0;0;0;0;0;0;0;0;0;0;0;0;0;0;0;0;0
FR;6;2021-06-07;0;0;0;0;0;0;0;0;0;0;0;0;0;0;0;0;0;0
FR;6;2021-06-08;0;0;0;0;0;0;0;0;0;0;0;0;0;0;0;0;0;0
FR;6;2021-06-09;0;0;0;0;0;0;0;0;0;0;0;0;0;0;0;0;0;0
FR;6;2021-06-10;0;0;0;0;0;0;0;0;0;0;0;0;0;0;0;0;0;0
FR;6;2021-06-11;0;0;0;0;0;0;0;0;0;0;0;0;0;0;0;0;0;0
FR;6;2021-06-12;0;0;0;0;0;0;0;0;0;0;0;0;0;0;0;0;0;0
FR;6;2021-06-13;0;0;0;0;0;0;0;0;0;0;0;0;0;0;0;0;0;0
FR;6;2021-06-14;0;0;0;0;0;0;0;0;0;0;0;0;0;0;0;0;0;0
FR;6;2021-06-15;0;0;0;0;0;0;0;0;0;0;0;0;0;0;0;0;0;0
FR;6;2021-06-16;0;0;0;0;0;0;0;0;0;0;0;0;0;0;0;0;0;0
FR;6;2021-06-17;0;0;0;0;0;0;0;0;0;0;0;0;0;0;0;0;0;0
FR;6;2021-06-18;0;0;0;0;0;0;0;0;0;0;0;0;0;0;0;0;0;0
FR;6;2021-06-19;0;0;0;0;0;0;0;0;0;0;0;0;0;0;0;0;0;0
FR;6;2021-06-20;0;0;0;0;0;0;0;0;0;0;0;0;0;0;0;0;0;0
FR;6;2021-06-21;0;0;0;0;0;0;0;0;0;0;0;0;0;0;0;0;0;0
FR;6;2021-06-22;0;0;0;0;0;0;0;0;0;0;0;0;0;0;0;0;0;0
FR;6;2021-06-23;0;0;0;0;0;0;0;0;0;0;0;0;0;0;0;0;0;0
FR;6;2021-06-24;0;0;0;0;0;0;0;0;0;0;0;0;0;0;0;0;0;0
FR;6;2021-06-25;0;0;0;0;0;0;0;0;0;0;0;0;0;0;0;0;0;0
FR;6;2021-06-26;0;0;0;0;0;0;0;0;0;0;0;0;0;0;0;0;0;0
FR;6;2021-06-27;0;0;0;0;0;0;0;0;0;0;0;0;0;0;0;0;0;0
FR;6;2021-06-28;0;0;0;0;0;0;0;0;0;0;0;0;0;0;0;0;0;0
FR;6;2021-06-29;0;0;0;0;0;0;0;0;0;0;0;0;0;0;0;0;0;0
FR;6;2021-06-30;0;0;0;0;0;0;0;0;0;0;0;0;0;0;0;0;0;0
FR;6;2021-07-01;0;0;0;0;0;0;0;0;0;0;0;0;0;0;0;0;0;0
FR;6;2021-07-02;0;0;0;0;0;0;0;0;0;0;0;0;0;0;0;0;0;0
FR;6;2021-07-03;0;0;0;0;0;0;0;0;0;0;0;0;0;0;0;0;0;0
FR;6;2021-07-04;0;0;0;0;0;0;0;0;0;0;0;0;0;0;0;0;0;0
FR;6;2021-07-05;0;0;0;0;0;0;0;0;0;0;0;0;0;0;0;0;0;0
FR;6;2021-07-06;0;0;0;0;0;0;0;0;0;0;0;0;0;0;0;0;0;0
FR;6;2021-07-07;0;0;0;0;0;0;0;0;0;0;0;0;0;0;0;0;0;0
FR;6;2021-07-08;0;0;0;0;0;0;0;0;0;0;0;0;0;0;0;0;0;0
FR;6;2021-07-09;0;0;0;0;0;0;0;0;0;0;0;0;0;0;0;0;0;0
FR;6;2021-07-10;0;0;0;0;0;0;0;0;0;0;0;0;0;0;0;0;0;0
FR;6;2021-07-11;0;0;0;0;0;0;0;0;0;0;0;0;0;0;0;0;0;0
FR;6;2021-07-12;0;0;0;0;0;0;0;0;0;0;0;0;0;0;0;0;0;0
FR;6;2021-07-13;0;0;0;0;0;0;0;0;0;0;0;0;0;0;0;0;0;0
FR;6;2021-07-14;0;0;0;0;0;0;0;0;0;0;0;0;0;0;0;0;0;0
FR;6;2021-07-15;0;0;0;0;0;0;0;0;0;0;0;0;0;0;0;0;0;0
FR;6;2021-07-16;0;0;0;0;0;0;0;0;0;0;0;0;0;0;0;0;0;0
FR;6;2021-07-17;0;0;0;0;0;0;0;0;0;0;0;0;0;0;0;0;0;0
FR;6;2021-07-18;0;0;0;0;0;0;0;0;0;0;0;0;0;0;0;0;0;0
FR;6;2021-07-19;0;0;0;0;0;0;0;0;0;0;0;0;0;0;0;0;0;0
FR;6;2021-07-20;0;0;0;0;0;0;0;0;0;0;0;0;0;0;0;0;0;0
FR;6;2021-07-21;0;0;0;0;0;0;0;0;0;0;0;0;0;0;0;0;0;0
FR;6;2021-07-22;0;0;0;0;0;0;0;0;0;0;0;0;0;0;0;0;0;0
FR;6;2021-07-23;0;0;0;0;0;0;0;0;0;0;0;0;0;0;0;0;0;0
FR;6;2021-07-24;0;0;0;0;0;0;0;0;0;0;0;0;0;0;0;0;0;0
FR;6;2021-07-25;0;0;0;0;0;0;0;0;0;0;0;0;0;0;0;0;0;0
FR;6;2021-07-26;0;0;0;0;0;0;0;0;0;0;0;0;0;0;0;0;0;0
FR;6;2021-07-27;0;0;0;0;0;0;0;0;0;0;0;0;0;0;0;0;0;0
FR;6;2021-07-28;0;0;0;0;0;0;0;0;0;0;0;0;0;0;0;0;0;0
FR;6;2021-07-29;0;0;0;0;0;0;0;0;0;0;0;0;0;0;0;0;0;0
FR;6;2021-07-30;0;0;0;0;0;0;0;0;0;0;0;0;0;0;0;0;0;0
FR;6;2021-07-31;0;0;0;0;0;0;0;0;0;0;0;0;0;0;0;0;0;0
FR;6;2021-08-01;0;0;0;0;0;0;0;0;0;0;0;0;0;0;0;0;0;0
FR;6;2021-08-02;0;0;0;0;0;0;0;0;0;0;0;0;0;0;0;0;0;0
FR;6;2021-08-03;0;0;0;0;0;0;0;0;0;0;0;0;0;0;0;0;0;0
FR;6;2021-08-04;0;0;0;0;0;0;0;0;0;0;0;0;0;0;0;0;0;0
FR;6;2021-08-05;0;0;0;0;0;0;0;0;0;0;0;0;0;0;0;0;0;0
FR;6;2021-08-06;0;0;0;0;0;0;0;0;0;0;0;0;0;0;0;0;0;0
FR;6;2021-08-07;0;0;0;0;0;0;0;0;0;0;0;0;0;0;0;0;0;0
FR;6;2021-08-08;0;0;0;0;0;0;0;0;0;0;0;0;0;0;0;0;0;0
FR;6;2021-08-09;0;0;0;0;0;0;0;0;0;0;0;0;0;0;0;0;0;0
FR;6;2021-08-10;0;0;0;0;0;0;0;0;0;0;0;0;0;0;0;0;0;0
FR;6;2021-08-11;0;0;0;0;0;0;0;0;0;0;0;0;0;0;0;0;0;0
FR;6;2021-08-12;0;0;0;0;0;0;0;0;0;0;0;0;0;0;0;0;0;0
FR;6;2021-08-13;0;0;0;0;0;0;0;0;0;0;0;0;0;0;0;0;0;0
FR;6;2021-08-14;0;0;0;0;0;0;0;0;0;0;0;0;0;0;0;0;0;0
FR;6;2021-08-15;0;0;0;0;0;0;0;0;0;0;0;0;0;0;0;0;0;0
FR;6;2021-08-16;0;0;0;0;0;0;0;0;0;0;0;0;0;0;0;0;0;0
FR;6;2021-08-17;0;0;0;0;0;0;0;0;0;0;0;0;0;0;0;0;0;0
FR;6;2021-08-18;0;0;0;0;0;0;0;0;0;0;0;0;0;0;0;0;0;0
FR;6;2021-08-19;0;0;0;0;0;0;0;0;0;0;0;0;0;0;0;0;0;0
FR;6;2021-08-20;0;0;0;0;0;0;0;0;0;0;0;0;0;0;0;0;0;0
FR;6;2021-08-21;0;0;0;0;0;0;0;0;0;0;0;0;0;0;0;0;0;0
FR;6;2021-08-22;0;0;0;0;0;0;0;0;0;0;0;0;0;0;0;0;0;0
FR;6;2021-08-23;0;0;0;0;0;0;0;0;0;0;0;0;0;0;0;0;0;0
FR;6;2021-08-24;0;0;0;0;0;0;0;0;0;0;0;0;0;0;0;0;0;0
FR;6;2021-08-25;0;0;0;0;0;0;0;0;0;0;0;0;0;0;0;0;0;0
FR;6;2021-08-26;0;0;0;0;0;0;0;0;0;0;0;0;0;0;0;0;0;0
FR;6;2021-08-27;0;0;0;0;0;0;0;0;0;0;0;0;0;0;0;0;0;0
FR;6;2021-08-28;0;0;0;0;0;0;0;0;0;0;0;0;0;0;0;0;0;0
FR;6;2021-08-29;0;0;0;0;0;0;0;0;0;0;0;0;0;0;0;0;0;0
FR;6;2021-08-30;0;0;0;0;0;0;0;0;0;0;0;0;0;0;0;0;0;0
FR;6;2021-08-31;0;0;0;0;0;0;0;0;0;0;0;0;0;0;0;0;0;0
FR;6;2021-09-01;0;0;0;0;0;0;0;0;0;0;0;0;0;0;0;0;0;0
FR;6;2021-09-02;0;0;0;0;0;0;0;0;0;0;0;0;0;0;0;0;0;0
FR;6;2021-09-03;0;0;0;0;0;0;0;0;0;0;0;0;0;0;0;0;0;0
FR;6;2021-09-04;0;0;0;0;0;0;0;0;0;0;0;0;0;0;0;0;0;0
FR;6;2021-09-05;0;0;0;0;0;0;0;0;0;0;0;0;0;0;0;0;0;0
FR;6;2021-09-06;0;0;0;0;0;0;0;0;0;0;0;0;0;0;0;0;0;0
FR;6;2021-09-07;0;0;0;0;0;0;0;0;0;0;0;0;0;0;0;0;0;0
FR;6;2021-09-08;0;0;0;0;0;0;0;0;0;0;0;0;0;0;0;0;0;0
FR;6;2021-09-09;0;0;0;0;0;0;0;0;0;0;0;0;0;0;0;0;0;0
FR;6;2021-09-10;0;0;0;0;0;0;0;0;0;0;0;0;0;0;0;0;0;0
FR;6;2021-09-11;0;0;0;0;0;0;0;0;0;0;0;0;0;0;0;0;0;0
FR;6;2021-09-12;0;0;0;0;0;0;0;0;0;0;0;0;0;0;0;0;0;0
FR;6;2021-09-13;0;0;0;0;0;0;0;0;0;0;0;0;0;0;0;0;0;0
FR;6;2021-09-14;0;0;0;0;0;0;0;0;0;0;0;0;0;0;0;0;0;0
FR;6;2021-09-15;0;0;0;0;0;0;0;0;0;0;0;0;0;0;0;0;0;0
FR;6;2021-09-16;0;0;0;0;0;0;0;0;0;0;0;0;0;0;0;0;0;0
FR;6;2021-09-17;0;0;0;0;0;0;0;0;0;0;0;0;0;0;0;0;0;0
FR;6;2021-09-18;0;0;0;0;0;0;0;0;0;0;0;0;0;0;0;0;0;0
FR;6;2021-09-19;0;0;0;0;0;0;0;0;0;0;0;0;0;0;0;0;0;0
FR;6;2021-09-20;0;0;0;0;0;0;0;0;0;0;0;0;0;0;0;0;0;0
FR;6;2021-09-21;0;0;0;0;0;0;0;0;0;0;0;0;0;0;0;0;0;0
FR;6;2021-09-22;0;0;0;0;0;0;0;0;0;0;0;0;0;0;0;0;0;0
FR;6;2021-09-23;0;0;0;0;0;0;0;0;0;0;0;0;0;0;0;0;0;0
FR;6;2021-09-24;0;0;0;0;0;0;0;0;0;0;0;0;0;0;0;0;0;0
FR;6;2021-09-25;0;0;0;0;0;0;0;0;0;0;0;0;0;0;0;0;0;0
FR;6;2021-09-26;0;0;0;0;0;0;0;0;0;0;0;0;0;0;0;0;0;0
FR;6;2021-09-27;0;0;0;0;0;0;0;0;0;0;0;0;0;0;0;0;0;0
FR;6;2021-09-28;0;0;0;0;0;0;0;0;0;0;0;0;0;0;0;0;0;0
FR;6;2021-09-29;0;0;0;0;0;0;0;0;0;0;0;0;0;0;0;0;0;0
FR;6;2021-09-30;0;0;0;0;0;0;0;0;0;0;0;0;0;0;0;0;0;0
FR;6;2021-10-01;0;0;0;0;0;0;0;0;0;0;0;0;0;0;0;0;0;0
FR;6;2021-10-02;0;0;0;0;0;0;0;0;0;0;0;0;0;0;0;0;0;0
FR;6;2021-10-03;0;0;0;0;0;0;0;0;0;0;0;0;0;0;0;0;0;0
FR;6;2021-10-04;0;0;0;0;0;0;0;0;0;0;0;0;0;0;0;0;0;0
FR;6;2021-10-05;0;0;0;0;0;0;0;0;0;0;0;0;0;0;0;0;0;0
FR;6;2021-10-06;0;0;0;0;0;0;0;0;0;0;0;0;0;0;0;0;0;0
FR;6;2021-10-07;0;0;0;0;0;0;0;0;0;0;0;0;0;0;0;0;0;0
FR;6;2021-10-08;0;0;0;0;0;0;0;0;0;0;0;0;0;0;0;0;0;0
FR;6;2021-10-09;0;0;0;0;0;0;0;0;0;0;0;0;0;0;0;0;0;0
FR;6;2021-10-10;0;0;0;0;0;0;0;0;0;0;0;0;0;0;0;0;0;0
FR;6;2021-10-11;0;0;0;0;0;0;0;0;0;0;0;0;0;0;0;0;0;0
FR;6;2021-10-12;0;0;0;0;0;0;0;0;0;0;0;0;0;0;0;0;0;0
FR;6;2021-10-13;0;0;0;0;0;0;0;0;0;0;0;0;0;0;0;0;0;0
FR;6;2021-10-14;0;0;0;0;0;0;0;0;0;0;0;0;0;0;0;0;0;0
FR;6;2021-10-15;0;0;0;0;0;0;0;0;0;0;0;0;0;0;0;0;0;0
FR;6;2021-10-16;0;0;0;0;0;0;0;0;0;0;0;0;0;0;0;0;0;0
FR;6;2021-10-17;0;0;0;0;0;0;0;0;0;0;0;0;0;0;0;0;0;0
FR;6;2021-10-18;0;0;0;0;0;0;0;0;0;0;0;0;0;0;0;0;0;0
FR;6;2021-10-19;0;0;0;0;0;0;0;0;0;0;0;0;0;0;0;0;0;0
FR;6;2021-10-20;0;0;0;0;0;0;0;0;0;0;0;0;0;0;0;0;0;0
FR;6;2021-10-21;0;0;0;0;0;0;0;0;0;0;0;0;0;0;0;0;0;0
FR;6;2021-10-22;0;0;0;0;0;0;0;0;0;0;0;0;0;0;0;0;0;0
FR;6;2021-10-23;0;0;0;0;0;0;0;0;0;0;0;0;0;0;0;0;0;0
FR;6;2021-10-24;0;0;0;0;0;0;0;0;0;0;0;0;0;0;0;0;0;0
FR;6;2021-10-25;0;0;0;0;0;0;0;0;0;0;0;0;0;0;0;0;0;0
FR;6;2021-10-26;0;0;0;0;0;0;0;0;0;0;0;0;0;0;0;0;0;0
FR;6;2021-10-27;0;0;0;0;0;0;0;0;0;0;0;0;0;0;0;0;0;0
FR;6;2021-10-28;0;0;0;0;0;0;0;0;0;0;0;0;0;0;0;0;0;0
FR;6;2021-10-29;0;0;0;0;0;0;0;0;0;0;0;0;0;0;0;0;0;0
FR;6;2021-10-30;0;0;0;0;0;0;0;0;0;0;0;0;0;0;0;0;0;0
FR;6;2021-10-31;0;0;0;0;0;0;0;0;0;0;0;0;0;0;0;0;0;0
FR;6;2021-11-01;0;0;0;0;0;0;0;0;0;0;0;0;0;0;0;0;0;0
FR;6;2021-11-02;0;0;0;0;0;0;0;0;0;0;0;0;0;0;0;0;0;0
FR;6;2021-11-03;0;0;0;0;0;0;0;0;0;0;0;0;0;0;0;0;0;0
FR;6;2021-11-04;0;0;0;0;0;0;0;0;0;0;0;0;0;0;0;0;0;0
FR;6;2021-11-05;0;0;0;0;0;0;0;0;0;0;0;0;0;0;0;0;0;0
FR;6;2021-11-06;0;0;0;0;0;0;0;0;0;0;0;0;0;0;0;0;0;0
FR;6;2021-11-07;0;0;0;0;0;0;0;0;0;0;0;0;0;0;0;0;0;0
FR;6;2021-11-08;0;0;0;0;0;0;0;0;0;0;0;0;0;0;0;0;0;0
FR;6;2021-11-09;0;0;0;0;0;0;0;0;0;0;0;0;0;0;0;0;0;0
FR;6;2021-11-10;0;0;0;0;0;0;0;0;0;0;0;0;0;0;0;0;0;0
FR;6;2021-11-11;0;0;0;0;0;0;0;0;0;0;0;0;0;0;0;0;0;0
FR;6;2021-11-12;0;0;0;0;0;0;0;0;0;0;0;0;0;0;0;0;0;0
FR;6;2021-11-13;0;0;0;0;0;0;0;0;0;0;0;0;0;0;0;0;0;0
FR;6;2021-11-14;0;0;0;0;0;0;0;0;0;0;0;0;0;0;0;0;0;0
FR;6;2021-11-15;0;0;0;0;0;0;0;0;0;0;0;0;0;0;0;0;0;0
FR;6;2021-11-16;0;0;0;0;0;0;0;0;0;0;0;0;0;0;0;0;0;0
FR;6;2021-11-17;0;0;0;0;0;0;0;0;0;0;0;0;0;0;0;0;0;0
FR;6;2021-11-18;0;0;0;0;0;0;0;0;0;0;0;0;0;0;0;0;0;0
FR;6;2021-11-19;0;0;0;0;0;0;0;0;0;0;0;0;0;0;0;0;0;0
FR;6;2021-11-20;0;0;0;0;0;0;0;0;0;0;0;0;0;0;0;0;0;0
FR;6;2021-11-21;0;0;0;0;0;0;0;0;0;0;0;0;0;0;0;0;0;0
FR;6;2021-11-22;0;0;0;0;0;0;0;0;0;0;0;0;0;0;0;0;0;0
FR;6;2021-11-23;0;0;0;0;0;0;0;0;0;0;0;0;0;0;0;0;0;0
FR;6;2021-11-24;0;0;0;0;0;0;0;0;0;0;0;0;0;0;0;0;0;0
FR;6;2021-11-25;0;0;0;0;0;0;0;0;0;0;0;0;0;0;0;0;0;0
FR;6;2021-11-26;0;0;0;0;0;0;0;0;0;0;0;0;0;0;0;0;0;0
FR;6;2021-11-27;0;0;0;0;0;0;0;0;0;0;0;0;0;0;0;0;0;0
FR;6;2021-11-28;0;0;0;0;0;0;0;0;0;0;0;0;0;0;0;0;0;0
FR;6;2021-11-29;0;0;0;0;0;0;0;0;0;0;0;0;0;0;0;0;0;0
FR;6;2021-11-30;0;0;0;0;0;0;0;0;0;0;0;0;0;0;0;0;0;0
FR;6;2021-12-01;0;0;0;0;0;0;0;0;0;0;0;0;0;0;0;0;0;0
FR;6;2021-12-02;0;0;0;0;0;0;0;0;0;0;0;0;0;0;0;0;0;0
FR;6;2021-12-03;0;0;0;0;0;0;0;0;0;0;0;0;0;0;0;0;0;0
FR;6;2021-12-04;0;0;0;0;0;0;0;0;0;0;0;0;0;0;0;0;0;0
FR;6;2021-12-05;0;0;0;0;0;0;0;0;0;0;0;0;0;0;0;0;0;0
FR;6;2021-12-06;0;0;0;0;0;0;0;0;0;0;0;0;0;0;0;0;0;0
FR;6;2021-12-07;0;0;0;0;0;0;0;0;0;0;0;0;0;0;0;0;0;0
FR;6;2021-12-08;0;0;0;0;0;0;0;0;0;0;0;0;0;0;0;0;0;0
FR;6;2021-12-09;0;0;0;0;0;0;0;0;0;0;0;0;0;0;0;0;0;0
FR;6;2021-12-10;0;0;0;0;0;0;0;0;0;0;0;0;0;0;0;0;0;0
FR;6;2021-12-11;0;0;0;0;0;0;0;0;0;0;0;0;0;0;0;0;0;0
FR;6;2021-12-12;0;0;0;0;0;0;0;0;0;0;0;0;0;0;0;0;0;0
FR;6;2021-12-13;0;0;0;0;0;0;0;0;0;0;0;0;0;0;0;0;0;0
FR;6;2021-12-14;0;0;0;0;0;0;0;0;0;0;0;0;0;0;0;0;0;0
FR;6;2021-12-15;0;0;0;0;0;0;0;0;0;0;0;0;0;0;0;0;0;0
FR;6;2021-12-16;0;0;0;0;0;0;0;0;0;0;0;0;0;0;0;0;0;0
FR;6;2021-12-17;0;0;0;0;0;0;0;0;0;0;0;0;0;0;0;0;0;0
FR;6;2021-12-18;0;0;0;0;0;0;0;0;0;0;0;0;0;0;0;0;0;0
FR;6;2021-12-19;0;0;0;0;0;0;0;0;0;0;0;0;0;0;0;0;0;0
FR;6;2021-12-20;0;0;0;0;0;0;0;0;0;0;0;0;0;0;0;0;0;0
FR;6;2021-12-21;0;0;0;0;0;0;0;0;0;0;0;0;0;0;0;0;0;0
FR;6;2021-12-22;0;0;0;0;0;0;0;0;0;0;0;0;0;0;0;0;0;0
FR;6;2021-12-23;0;0;0;0;0;0;0;0;0;0;0;0;0;0;0;0;0;0
FR;6;2021-12-24;0;0;0;0;0;0;0;0;0;0;0;0;0;0;0;0;0;0
FR;6;2021-12-25;0;0;0;0;0;0;0;0;0;0;0;0;0;0;0;0;0;0
FR;6;2021-12-26;0;0;0;0;0;0;0;0;0;0;0;0;0;0;0;0;0;0
FR;6;2021-12-27;0;0;0;0;0;0;0;0;0;0;0;0;0;0;0;0;0;0
FR;6;2021-12-28;0;0;0;0;0;0;0;0;0;0;0;0;0;0;0;0;0;0
FR;6;2021-12-29;0;0;0;0;0;0;0;0;0;0;0;0;0;0;0;0;0;0
FR;6;2021-12-30;0;0;0;0;0;0;0;0;0;0;0;0;0;0;0;0;0;0
FR;6;2021-12-31;0;0;0;0;0;0;0;0;0;0;0;0;0;0;0;0;0;0
FR;6;2022-01-01;0;0;0;0;0;0;0;0;0;0;0;0;0;0;0;0;0;0
FR;6;2022-01-02;0;0;0;0;0;0;0;0;0;0;0;0;0;0;0;0;0;0
FR;6;2022-01-03;0;0;0;0;0;0;0;0;0;0;0;0;0;0;0;0;0;0
FR;6;2022-01-04;0;0;0;0;0;0;0;0;0;0;0;0;0;0;0;0;0;0
FR;6;2022-01-05;0;0;0;0;0;0;0;0;0;0;0;0;0;0;0;0;0;0
FR;6;2022-01-06;0;0;0;0;0;0;0;0;0;0;0;0;0;0;0;0;0;0
FR;6;2022-01-07;0;0;0;0;0;0;0;0;0;0;0;0;0;0;0;0;0;0
FR;6;2022-01-08;0;0;0;0;0;0;0;0;0;0;0;0;0;0;0;0;0;0
FR;6;2022-01-09;0;0;0;0;0;0;0;0;0;0;0;0;0;0;0;0;0;0
FR;6;2022-01-10;0;0;0;0;0;0;0;0;0;0;0;0;0;0;0;0;0;0
FR;6;2022-01-11;0;0;0;0;0;0;0;0;0;0;0;0;0;0;0;0;0;0
FR;6;2022-01-12;0;0;0;0;0;0;0;0;0;0;0;0;0;0;0;0;0;0
FR;6;2022-01-13;0;0;0;0;0;0;0;0;0;0;0;0;0;0;0;0;0;0
FR;6;2022-01-14;0;0;0;0;0;0;0;0;0;0;0;0;0;0;0;0;0;0
FR;6;2022-01-15;0;0;0;0;0;0;0;0;0;0;0;0;0;0;0;0;0;0
FR;6;2022-01-16;0;0;0;0;0;0;0;0;0;0;0;0;0;0;0;0;0;0
FR;6;2022-01-17;0;0;0;0;0;0;0;0;0;0;0;0;0;0;0;0;0;0
FR;6;2022-01-18;0;0;0;0;0;0;0;0;0;0;0;0;0;0;0;0;0;0
FR;6;2022-01-19;0;0;0;0;0;0;0;0;0;0;0;0;0;0;0;0;0;0
FR;6;2022-01-20;0;0;0;0;0;0;0;0;0;0;0;0;0;0;0;0;0;0
FR;6;2022-01-21;0;0;0;0;0;0;0;0;0;0;0;0;0;0;0;0;0;0
FR;6;2022-01-22;0;0;0;0;0;0;0;0;0;0;0;0;0;0;0;0;0;0
FR;6;2022-01-23;0;0;0;0;0;0;0;0;0;0;0;0;0;0;0;0;0;0
FR;6;2022-01-24;0;0;0;0;0;0;0;0;0;0;0;0;0;0;0;0;0;0
FR;6;2022-01-25;0;0;0;0;0;0;0;0;0;0;0;0;0;0;0;0;0;0
FR;6;2022-01-26;0;0;0;0;0;0;0;0;0;0;0;0;0;0;0;0;0;0
FR;6;2022-01-27;0;0;0;0;0;0;0;0;0;0;0;0;0;0;0;0;0;0
FR;6;2022-01-28;0;0;0;0;0;0;0;0;0;0;0;0;0;0;0;0;0;0
FR;6;2022-01-29;0;0;0;0;0;0;0;0;0;0;0;0;0;0;0;0;0;0
FR;6;2022-01-30;0;0;0;0;0;0;0;0;0;0;0;0;0;0;0;0;0;0
FR;6;2022-01-31;0;0;0;0;0;0;0;0;0;0;0;0;0;0;0;0;0;0
FR;6;2022-02-01;0;0;0;0;0;0;0;0;0;0;0;0;0;0;0;0;0;0
FR;6;2022-02-02;0;0;0;0;0;0;0;0;0;0;0;0;0;0;0;0;0;0
FR;6;2022-02-03;0;0;0;0;0;0;0;0;0;0;0;0;0;0;0;0;0;0
FR;6;2022-02-04;0;0;0;0;0;0;0;0;0;0;0;0;0;0;0;0;0;0
FR;6;2022-02-05;0;0;0;0;0;0;0;0;0;0;0;0;0;0;0;0;0;0
FR;6;2022-02-06;0;0;0;0;0;0;0;0;0;0;0;0;0;0;0;0;0;0
FR;6;2022-02-07;0;0;0;0;0;0;0;0;0;0;0;0;0;0;0;0;0;0
FR;6;2022-02-08;0;0;0;0;0;0;0;0;0;0;0;0;0;0;0;0;0;0
FR;6;2022-02-09;0;0;0;0;0;0;0;0;0;0;0;0;0;0;0;0;0;0
FR;6;2022-02-10;0;0;0;0;0;0;0;0;0;0;0;0;0;0;0;0;0;0
FR;6;2022-02-11;0;0;0;0;0;0;0;0;0;0;0;0;0;0;0;0;0;0
FR;6;2022-02-12;0;0;0;0;0;0;0;0;0;0;0;0;0;0;0;0;0;0
FR;6;2022-02-13;0;0;0;0;0;0;0;0;0;0;0;0;0;0;0;0;0;0
FR;6;2022-02-14;0;0;0;0;0;0;0;0;0;0;0;0;0;0;0;0;0;0
FR;6;2022-02-15;0;0;0;0;0;0;0;0;0;0;0;0;0;0;0;0;0;0
FR;6;2022-02-16;0;0;0;0;0;0;0;0;0;0;0;0;0;0;0;0;0;0
FR;6;2022-02-17;0;0;0;0;0;0;0;0;0;0;0;0;0;0;0;0;0;0
FR;6;2022-02-18;0;0;0;0;0;0;0;0;0;0;0;0;0;0;0;0;0;0
FR;6;2022-02-19;0;0;0;0;0;0;0;0;0;0;0;0;0;0;0;0;0;0
FR;6;2022-02-20;0;0;0;0;0;0;0;0;0;0;0;0;0;0;0;0;0;0
FR;6;2022-02-21;0;0;0;0;0;0;0;0;0;0;0;0;0;0;0;0;0;0
FR;6;2022-02-22;0;0;0;0;0;0;0;0;0;0;0;0;0;0;0;0;0;0
FR;6;2022-02-23;0;0;0;0;0;0;0;0;0;0;0;0;0;0;0;0;0;0
FR;6;2022-02-24;0;0;0;0;0;0;0;0;0;0;0;0;0;0;0;0;0;0
FR;6;2022-02-25;0;0;0;0;0;0;0;0;0;0;0;0;0;0;0;0;0;0
FR;6;2022-02-26;1;0;0;0;0;0;0;0;0;1;0;0;0;0;0;0;0;0
FR;6;2022-02-27;1;0;0;0;1;0;0;0;0;2;0;0;0;1;0;0;0;0
FR;6;2022-02-28;0;0;0;0;0;0;0;0;0;2;0;0;0;1;0;0;0;0
FR;6;2022-03-01;3;0;0;0;0;0;0;0;0;5;0;0;0;1;0;0;0;0
FR;6;2022-03-02;97;9;2;0;15;7;0;0;0;102;9;2;0;16;7;0;0;0
FR;6;2022-03-03;0;0;0;0;0;0;0;0;0;102;9;2;0;16;7;0;0;0
FR;6;2022-03-04;92;4;0;0;8;4;0;0;0;194;13;2;0;24;11;0;0;0
FR;6;2022-03-05;391;23;2;0;60;14;0;0;0;585;36;4;0;84;25;0;0;0
FR;6;2022-03-06;7;1;0;0;2;0;0;0;0;592;37;4;0;86;25;0;0;0
FR;6;2022-03-07;337;19;0;0;51;13;0;0;0;929;56;4;0;137;38;0;0;0
FR;6;2022-03-08;230;14;0;0;47;5;0;0;0;1159;70;4;0;184;43;0;0;0
FR;6;2022-03-09;519;29;2;0;84;21;1;0;0;1678;99;6;0;268;64;1;0;0
FR;6;2022-03-10;206;19;0;1;54;12;1;0;0;1884;118;6;1;322;76;2;0;0
FR;6;2022-03-11;331;22;6;0;53;21;0;0;0;2215;140;12;1;375;97;2;0;0
FR;6;2022-03-12;518;25;1;0;83;20;0;0;0;2733;165;13;1;458;117;2;0;0
FR;6;2022-03-13;40;2;0;0;2;1;0;0;0;2773;167;13;1;460;118;2;0;0
FR;6;2022-03-14;201;4;2;0;39;3;1;0;0;2974;171;15;1;499;121;3;0;0
FR;6;2022-03-15;112;11;2;0;28;9;0;0;0;3086;182;17;1;527;130;3;0;0
FR;6;2022-03-16;310;17;2;1;49;15;1;0;0;3396;199;19;2;576;145;4;0;0
FR;6;2022-03-17;117;6;1;2;14;4;2;0;0;3513;205;20;4;590;149;6;0;0
FR;6;2022-03-18;215;10;0;0;40;6;0;0;0;3728;215;20;4;630;155;6;0;0
FR;6;2022-03-19;307;19;2;0;90;9;0;0;0;4035;234;22;4;720;164;6;0;0
FR;6;2022-03-20;15;5;0;0;5;1;0;0;0;4050;239;22;4;725;165;6;0;0
FR;6;2022-03-21;132;23;1;0;47;4;0;0;0;4182;262;23;4;772;169;6;0;0
FR;6;2022-03-22;97;15;0;0;34;4;0;0;0;4279;277;23;4;806;173;6;0;0
FR;6;2022-03-23;226;108;3;0;155;14;1;0;0;4505;385;26;4;961;187;7;0;0
FR;6;2022-03-24;100;15;1;3;32;4;3;0;0;4605;400;27;7;993;191;10;0;0
FR;6;2022-03-25;203;141;2;1;179;15;2;0;0;4808;541;29;8;1172;206;12;0;0
FR;6;2022-03-26;331;295;7;1;385;19;1;0;0;5139;836;36;9;1557;225;13;0;0
FR;6;2022-03-27;32;30;1;0;37;1;1;0;0;5171;866;37;9;1594;226;14;0;0
FR;6;2022-03-28;201;208;8;1;234;17;3;0;0;5372;1074;45;10;1828;243;17;0;0
FR;6;2022-03-29;124;189;12;2;206;12;9;0;0;5496;1263;57;12;2034;255;26;0;0
FR;6;2022-03-30;305;476;10;2;548;22;6;0;0;5801;1739;67;14;2582;277;32;0;0
FR;6;2022-03-31;123;140;10;0;160;14;5;0;0;5924;1879;77;14;2742;291;37;0;0
FR;6;2022-04-01;195;150;11;2;178;23;3;0;0;6119;2029;88;16;2920;314;40;0;0
FR;6;2022-04-02;206;241;9;1;280;13;8;0;0;6325;2270;97;17;3200;327;48;0;0
FR;6;2022-04-03;17;21;0;0;26;1;0;0;0;6342;2291;97;17;3226;328;48;0;0
FR;6;2022-04-04;137;114;6;1;131;9;5;0;0;6479;2405;103;18;3357;337;53;0;0
FR;6;2022-04-05;146;88;15;1;105;11;8;0;0;6625;2493;118;19;3462;348;61;0;0
FR;6;2022-04-06;204;245;22;26;291;27;33;0;0;6829;2738;140;45;3753;375;94;0;0
FR;6;2022-04-07;127;96;15;9;115;17;14;0;0;6956;2834;155;54;3868;392;108;0;0
FR;6;2022-04-08;199;171;16;3;214;17;9;0;1;7155;3005;171;57;4082;409;117;0;1
FR;6;2022-04-09;145;139;6;12;171;13;4;0;0;7300;3144;177;69;4253;422;121;0;1
FR;6;2022-04-10;11;20;3;0;26;1;3;0;0;7311;3164;180;69;4279;423;124;0;1
FR;6;2022-04-11;101;106;4;0;129;5;3;0;0;7412;3270;184;69;4408;428;127;0;1
FR;6;2022-04-12;136;75;5;8;114;10;10;0;0;7548;3345;189;77;4522;438;137;0;1
FR;6;2022-04-13;162;175;7;5;208;13;8;0;0;7710;3520;196;82;4730;451;145;0;1
FR;6;2022-04-14;100;103;5;10;121;8;10;0;0;7810;3623;201;92;4851;459;155;0;1
FR;6;2022-04-15;158;149;11;7;167;19;14;0;1;7968;3772;212;99;5018;478;169;0;2
FR;6;2022-04-16;127;132;5;0;162;14;2;0;0;8095;3904;217;99;5180;492;171;0;2
FR;6;2022-04-17;8;9;4;0;10;4;0;0;0;8103;3913;221;99;5190;496;171;0;2
FR;6;2022-04-18;8;15;3;0;14;4;0;0;0;8111;3928;224;99;5204;500;171;0;2
FR;6;2022-04-19;97;112;4;3;130;3;7;0;0;8208;4040;228;102;5334;503;178;0;2
FR;6;2022-04-20;177;227;8;7;269;15;3;0;0;8385;4267;236;109;5603;518;181;0;2
FR;6;2022-04-21;111;93;8;4;110;11;7;0;0;8496;4360;244;113;5713;529;188;0;2
FR;6;2022-04-22;139;160;13;12;189;13;13;0;0;8635;4520;257;125;5902;542;201;0;2
FR;6;2022-04-23;106;129;1;1;161;7;1;0;0;8741;4649;258;126;6063;549;202;0;2
FR;6;2022-04-24;5;21;1;0;22;0;1;0;0;8746;4670;259;126;6085;549;203;0;2
FR;6;2022-04-25;90;128;3;8;151;11;9;0;0;8836;4798;262;134;6236;560;212;0;2
FR;6;2022-04-26;101;128;19;2;151;17;13;0;0;8937;4926;281;136;6387;577;225;0;2
FR;6;2022-04-27;197;159;21;1;222;27;11;0;1;9134;5085;302;137;6609;604;236;0;3
FR;6;2022-04-28;109;87;7;1;123;8;7;0;0;9243;5172;309;138;6732;612;243;0;3
FR;6;2022-04-29;191;169;16;2;215;20;6;0;0;9434;5341;325;140;6947;632;249;0;3
FR;6;2022-04-30;133;125;7;1;168;24;2;0;0;9567;5466;332;141;7115;656;251;0;3
FR;6;2022-05-01;7;6;0;0;8;0;0;0;0;9574;5472;332;141;7123;656;251;0;3
FR;6;2022-05-02;94;65;3;4;88;3;4;0;0;9668;5537;335;145;7211;659;255;0;3
FR;6;2022-05-03;136;93;11;2;125;7;9;0;0;9804;5630;346;147;7336;666;264;0;3
FR;6;2022-05-04;167;118;25;12;161;29;12;0;1;9971;5748;371;159;7497;695;276;0;4
FR;6;2022-05-05;101;70;8;3;97;12;6;0;0;10072;5818;379;162;7594;707;282;0;4
FR;6;2022-05-06;152;110;10;9;155;16;11;0;0;10224;5928;389;171;7749;723;293;0;4
FR;6;2022-05-07;139;93;13;3;136;23;8;0;0;10363;6021;402;174;7885;746;301;0;4
FR;6;2022-05-08;20;8;6;5;16;7;5;0;0;10383;6029;408;179;7901;753;306;0;4
FR;6;2022-05-09;86;78;9;7;95;13;6;0;0;10469;6107;417;186;7996;766;312;0;4
FR;6;2022-05-10;112;80;15;7;110;12;13;0;0;10581;6187;432;193;8106;778;325;0;4
FR;6;2022-05-11;130;124;11;14;163;20;6;0;0;10711;6311;443;207;8269;798;331;0;4
FR;6;2022-05-12;105;76;7;5;96;15;6;0;1;10816;6387;450;212;8365;813;337;0;5
FR;6;2022-05-13;155;97;17;21;137;22;16;0;0;10971;6484;467;233;8502;835;353;0;5
FR;6;2022-05-14;81;60;6;7;84;15;2;0;0;11052;6544;473;240;8586;850;355;0;5
FR;6;2022-05-15;12;7;0;0;14;0;0;0;0;11064;6551;473;240;8600;850;355;0;5
FR;6;2022-05-16;65;54;6;2;69;12;3;0;0;11129;6605;479;242;8669;862;358;0;5
FR;6;2022-05-17;123;77;5;7;92;11;8;0;0;11252;6682;484;249;8761;873;366;0;5
FR;6;2022-05-18;131;116;5;1;158;14;3;0;0;11383;6798;489;250;8919;887;369;0;5
FR;6;2022-05-19;124;57;6;8;96;9;8;0;0;11507;6855;495;258;9015;896;377;0;5
FR;6;2022-05-20;125;115;13;3;151;18;10;0;0;11632;6970;508;261;9166;914;387;0;5
FR;6;2022-05-21;92;69;14;3;93;12;8;0;0;11724;7039;522;264;9259;926;395;0;5
FR;6;2022-05-22;19;12;5;0;21;4;1;0;0;11743;7051;527;264;9280;930;396;0;5
FR;6;2022-05-23;77;72;4;2;90;7;2;0;0;11820;7123;531;266;9370;937;398;0;5
FR;6;2022-05-24;117;98;8;2;131;16;4;0;0;11937;7221;539;268;9501;953;402;0;5
FR;6;2022-05-25;140;129;6;3;171;11;6;0;0;12077;7350;545;271;9672;964;408;0;5
FR;6;2022-05-26;7;9;3;0;5;9;0;0;0;12084;7359;548;271;9677;973;408;0;5
FR;6;2022-05-27;127;105;15;11;136;18;18;0;1;12211;7464;563;282;9813;991;426;0;6
FR;6;2022-05-28;54;75;1;5;89;8;5;0;0;12265;7539;564;287;9902;999;431;0;6
FR;6;2022-05-29;8;10;0;0;10;1;0;0;0;12273;7549;564;287;9912;1000;431;0;6
FR;6;2022-05-30;70;70;7;4;86;4;9;0;0;12343;7619;571;291;9998;1004;440;0;6
FR;6;2022-05-31;87;102;10;2;121;14;7;0;0;12430;7721;581;293;10119;1018;447;0;6
FR;6;2022-06-01;97;89;10;1;111;11;6;0;0;12527;7810;591;294;10230;1029;453;0;6
FR;6;2022-06-02;91;60;6;3;80;9;6;0;0;12618;7870;597;297;10310;1038;459;0;6
FR;6;2022-06-03;126;102;13;7;128;21;8;0;0;12744;7972;610;304;10438;1059;467;0;6
FR;6;2022-06-04;63;51;10;0;64;12;3;0;0;12807;8023;620;304;10502;1071;470;0;6
FR;6;2022-06-05;16;15;2;1;18;4;1;0;0;12823;8038;622;305;10520;1075;471;0;6
FR;6;2022-06-06;9;6;0;0;8;0;0;0;0;12832;8044;622;305;10528;1075;471;0;6
FR;6;2022-06-07;79;90;3;4;117;8;6;0;0;12911;8134;625;309;10645;1083;477;0;6
FR;6;2022-06-08;92;110;13;5;130;20;6;0;0;13003;8244;638;314;10775;1103;483;0;6
FR;6;2022-06-09;75;81;15;3;106;15;8;0;0;13078;8325;653;317;10881;1118;491;0;6
FR;6;2022-06-10;116;93;26;10;120;22;13;0;0;13194;8418;679;327;11001;1140;504;0;6
FR;6;2022-06-11;83;62;6;10;82;12;11;0;0;13277;8480;685;337;11083;1152;515;0;6
FR;6;2022-06-12;6;14;1;0;16;2;0;0;0;13283;8494;686;337;11099;1154;515;0;6
FR;6;2022-06-13;74;59;18;1;68;7;4;0;0;13357;8553;704;338;11167;1161;519;0;6
FR;6;2022-06-14;98;100;8;5;116;16;8;0;0;13455;8653;712;343;11283;1177;527;0;6
FR;6;2022-06-15;80;86;7;8;114;15;10;0;0;13535;8739;719;351;11397;1192;537;0;6
FR;6;2022-06-16;53;40;11;7;45;14;6;0;0;13588;8779;730;358;11442;1206;543;0;6
FR;6;2022-06-17;86;85;3;13;109;11;5;0;0;13674;8864;733;371;11551;1217;548;0;6
FR;6;2022-06-18;71;62;13;0;88;21;1;0;0;13745;8926;746;371;11639;1238;549;0;6
FR;6;2022-06-19;6;6;3;0;7;4;1;0;0;13751;8932;749;371;11646;1242;550;0;6
FR;6;2022-06-20;42;41;4;1;55;6;1;0;0;13793;8973;753;372;11701;1248;551;0;6
FR;6;2022-06-21;59;73;10;7;83;17;7;0;0;13852;9046;763;379;11784;1265;558;0;6
FR;6;2022-06-22;86;85;8;2;98;17;3;0;0;13938;9131;771;381;11882;1282;561;0;6
FR;6;2022-06-23;64;39;13;7;41;15;10;0;0;14002;9170;784;388;11923;1297;571;0;6
FR;6;2022-06-24;77;85;7;14;95;20;16;0;0;14079;9255;791;402;12018;1317;587;0;6
FR;6;2022-06-25;67;61;4;3;77;8;5;0;0;14146;9316;795;405;12095;1325;592;0;6
FR;6;2022-06-26;6;7;1;0;10;1;0;0;0;14152;9323;796;405;12105;1326;592;0;6
FR;6;2022-06-27;51;50;4;9;62;12;7;0;0;14203;9373;800;414;12167;1338;599;0;6
FR;6;2022-06-28;68;47;6;3;53;15;5;0;0;14271;9420;806;417;12220;1353;604;0;6
FR;6;2022-06-29;98;117;26;37;115;19;35;0;5;14369;9537;832;454;12335;1372;639;0;11
FR;6;2022-06-30;84;60;33;10;61;12;7;0;0;14453;9597;865;464;12396;1384;646;0;11
FR;6;2022-07-01;115;94;25;33;102;18;27;0;1;14568;9691;890;497;12498;1402;673;0;12
FR;6;2022-07-02;58;67;26;2;64;37;6;0;0;14626;9758;916;499;12562;1439;679;0;12
FR;6;2022-07-03;11;4;4;3;5;4;3;0;0;14637;9762;920;502;12567;1443;682;0;12
FR;6;2022-07-04;61;43;3;23;55;13;20;0;0;14698;9805;923;525;12622;1456;702;0;12
FR;6;2022-07-05;65;53;19;67;60;27;63;0;0;14763;9858;942;592;12682;1483;765;0;12
FR;6;2022-07-06;94;64;7;11;78;12;17;0;0;14857;9922;949;603;12760;1495;782;0;12
FR;6;2022-07-07;99;79;42;37;99;14;34;0;4;14956;10001;991;640;12859;1509;816;0;16
FR;6;2022-07-08;139;87;42;27;115;10;25;0;3;15095;10088;1033;667;12974;1519;841;0;19
FR;6;2022-07-09;53;51;16;29;51;27;33;0;1;15148;10139;1049;696;13025;1546;874;0;20
FR;6;2022-07-10;3;7;8;0;9;9;0;0;0;15151;10146;1057;696;13034;1555;874;0;20
FR;6;2022-07-11;54;44;5;4;47;12;4;0;0;15205;10190;1062;700;13081;1567;878;0;20
FR;6;2022-07-12;70;72;12;23;87;12;27;0;0;15275;10262;1074;723;13168;1579;905;0;20
FR;6;2022-07-13;84;65;14;21;71;25;22;0;0;15359;10327;1088;744;13239;1604;927;0;20
FR;6;2022-07-14;4;3;1;0;4;1;0;0;0;15363;10330;1089;744;13243;1605;927;0;20
FR;6;2022-07-15;74;59;9;57;85;16;45;0;0;15437;10389;1098;801;13328;1621;972;0;20
FR;6;2022-07-16;27;31;17;0;37;17;3;0;0;15464;10420;1115;801;13365;1638;975;0;20
FR;6;2022-07-17;3;7;0;0;8;0;0;0;0;15467;10427;1115;801;13373;1638;975;0;20
FR;6;2022-07-18;37;62;11;14;60;15;14;0;6;15504;10489;1126;815;13433;1653;989;0;26
FR;6;2022-07-19;54;48;4;19;60;6;21;0;1;15558;10537;1130;834;13493;1659;1010;0;27
FR;6;2022-07-20;53;70;7;22;75;11;27;0;0;15611;10607;1137;856;13568;1670;1037;0;27
FR;6;2022-07-21;51;61;4;7;56;11;9;0;0;15662;10668;1141;863;13624;1681;1046;0;27
FR;6;2022-07-22;55;74;7;26;82;8;16;0;2;15717;10742;1148;889;13706;1689;1062;0;29
FR;6;2022-07-23;38;40;6;10;40;6;9;0;1;15755;10782;1154;899;13746;1695;1071;0;30
FR;6;2022-07-24;11;14;1;3;19;3;3;0;0;15766;10796;1155;902;13765;1698;1074;0;30
FR;6;2022-07-25;60;44;8;12;41;9;13;0;1;15826;10840;1163;914;13806;1707;1087;0;31
FR;6;2022-07-26;47;64;14;6;62;10;13;0;0;15873;10904;1177;920;13868;1717;1100;0;31
FR;6;2022-07-27;54;78;15;11;80;18;15;0;8;15927;10982;1192;931;13948;1735;1115;0;39
FR;6;2022-07-28;30;48;4;6;50;8;7;0;1;15957;11030;1196;937;13998;1743;1122;0;40
FR;6;2022-07-29;43;71;10;38;60;24;36;0;1;16000;11101;1206;975;14058;1767;1158;0;41
FR;6;2022-07-30;26;48;4;15;49;7;15;0;0;16026;11149;1210;990;14107;1774;1173;0;41
FR;6;2022-07-31;0;1;1;0;1;0;1;0;0;16026;11150;1211;990;14108;1774;1174;0;41
FR;6;2022-08-01;39;36;14;8;32;10;6;0;1;16065;11186;1225;998;14140;1784;1180;0;42
FR;6;2022-08-02;37;46;10;14;52;6;16;0;0;16102;11232;1235;1012;14192;1790;1196;0;42
FR;6;2022-08-03;29;52;7;16;53;11;19;0;0;16131;11284;1242;1028;14245;1801;1215;0;42
FR;6;2022-08-04;25;21;4;9;20;6;10;0;1;16156;11305;1246;1037;14265;1807;1225;0;43
FR;6;2022-08-05;43;45;1;7;54;5;7;0;0;16199;11350;1247;1044;14319;1812;1232;0;43
FR;6;2022-08-06;17;27;1;3;33;2;4;0;0;16216;11377;1248;1047;14352;1814;1236;0;43
FR;6;2022-08-07;1;2;0;0;2;0;0;0;0;16217;11379;1248;1047;14354;1814;1236;0;43
FR;6;2022-08-08;24;33;1;0;40;1;0;0;0;16241;11412;1249;1047;14394;1815;1236;0;43
FR;6;2022-08-09;22;30;6;3;29;3;3;0;0;16263;11442;1255;1050;14423;1818;1239;0;43
FR;6;2022-08-10;32;36;5;9;38;5;9;0;5;16295;11478;1260;1059;14461;1823;1248;0;48
FR;6;2022-08-11;32;33;1;1;40;1;0;0;1;16327;11511;1261;1060;14501;1824;1248;0;49
FR;6;2022-08-12;50;44;6;2;50;15;3;0;1;16377;11555;1267;1062;14551;1839;1251;0;50
FR;6;2022-08-13;9;20;0;0;22;1;0;0;0;16386;11575;1267;1062;14573;1840;1251;0;50
FR;6;2022-08-14;3;1;0;0;2;0;0;0;0;16389;11576;1267;1062;14575;1840;1251;0;50
FR;6;2022-08-15;2;3;1;0;4;0;1;0;0;16391;11579;1268;1062;14579;1840;1252;0;50
FR;6;2022-08-16;35;66;21;7;66;7;2;0;0;16426;11645;1289;1069;14645;1847;1254;0;50
FR;6;2022-08-17;32;44;10;9;41;10;6;0;7;16458;11689;1299;1078;14686;1857;1260;0;57
FR;6;2022-08-18;29;55;14;4;61;4;0;0;1;16487;11744;1313;1082;14747;1861;1260;0;58
FR;6;2022-08-19;30;45;5;4;47;3;2;0;1;16517;11789;1318;1086;14794;1864;1262;0;59
FR;6;2022-08-20;26;28;3;0;27;8;1;0;0;16543;11817;1321;1086;14821;1872;1263;0;59
FR;6;2022-08-21;1;5;2;0;5;0;0;0;0;16544;11822;1323;1086;14826;1872;1263;0;59
FR;6;2022-08-22;20;42;15;1;45;0;0;0;0;16564;11864;1338;1087;14871;1872;1263;0;59
FR;6;2022-08-23;34;45;6;7;47;6;4;0;2;16598;11909;1344;1094;14918;1878;1267;0;61
FR;6;2022-08-24;34;30;6;3;36;6;2;0;3;16632;11939;1350;1097;14954;1884;1269;0;64
FR;6;2022-08-25;25;27;1;1;29;5;1;0;0;16657;11966;1351;1098;14983;1889;1270;0;64
FR;6;2022-08-26;38;44;4;4;51;7;7;0;0;16695;12010;1355;1102;15034;1896;1277;0;64
FR;6;2022-08-27;19;21;7;3;22;8;4;0;0;16714;12031;1362;1105;15056;1904;1281;0;64
FR;6;2022-08-28;6;3;0;6;3;1;1;0;4;16720;12034;1362;1111;15059;1905;1282;0;68
FR;6;2022-08-29;26;22;2;6;29;3;6;0;0;16746;12056;1364;1117;15088;1908;1288;0;68
FR;6;2022-08-30;28;35;4;12;33;8;13;0;0;16774;12091;1368;1129;15121;1916;1301;0;68
FR;6;2022-08-31;35;38;2;11;46;3;12;0;0;16809;12129;1370;1140;15167;1919;1313;0;68
FR;6;2022-09-01;17;11;5;1;13;4;3;0;0;16826;12140;1375;1141;15180;1923;1316;0;68
FR;6;2022-09-02;19;14;2;1;13;3;2;0;0;16845;12154;1377;1142;15193;1926;1318;0;68
FR;6;2022-09-03;10;3;1;5;4;2;5;0;0;16855;12157;1378;1147;15197;1928;1323;0;68
FR;6;2022-09-04;4;1;0;0;1;0;0;0;0;16859;12158;1378;1147;15198;1928;1323;0;68
FR;6;2022-09-05;8;7;0;0;10;0;0;0;0;16867;12165;1378;1147;15208;1928;1323;0;68
FR;6;2022-09-06;7;9;7;12;8;6;15;0;0;16874;12174;1385;1159;15216;1934;1338;0;68
FR;6;2022-09-07;3;8;1;0;8;1;0;0;0;16877;12182;1386;1159;15224;1935;1338;0;68
FR;6;2022-09-08;6;4;0;2;3;1;2;0;0;16883;12186;1386;1161;15227;1936;1340;0;68
FR;6;2022-09-09;7;9;2;7;9;3;8;0;0;16890;12195;1388;1168;15236;1939;1348;0;68
FR;6;2022-09-10;3;4;1;0;3;1;1;0;0;16893;12199;1389;1168;15239;1940;1349;0;68
FR;6;2022-09-11;1;3;0;0;3;0;0;0;0;16894;12202;1389;1168;15242;1940;1349;0;68
FR;6;2022-09-12;10;4;1;0;3;3;0;0;0;16904;12206;1390;1168;15245;1943;1349;0;68
FR;6;2022-09-13;7;2;3;0;2;2;2;0;0;16911;12208;1393;1168;15247;1945;1351;0;68
FR;6;2022-09-14;9;8;2;0;7;4;0;0;0;16920;12216;1395;1168;15254;1949;1351;0;68
FR;6;2022-09-15;8;13;5;5;9;9;3;0;2;16928;12229;1400;1173;15263;1958;1354;0;70
FR;6;2022-09-16;25;39;1;1;47;4;1;0;2;16953;12268;1401;1174;15310;1962;1355;0;72
FR;6;2022-09-17;24;22;0;6;24;5;3;0;2;16977;12290;1401;1180;15334;1967;1358;0;74
FR;6;2022-09-18;5;4;0;0;4;1;0;0;0;16982;12294;1401;1180;15338;1968;1358;0;74
FR;6;2022-09-19;30;30;2;1;32;5;1;0;0;17012;12324;1403;1181;15370;1973;1359;0;74
FR;6;2022-09-20;34;25;1;4;30;6;2;0;1;17046;12349;1404;1185;15400;1979;1361;0;75
FR;6;2022-09-21;21;9;3;3;7;7;5;0;3;17067;12358;1407;1188;15407;1986;1366;0;78
FR;6;2022-09-22;19;28;1;22;32;3;21;0;1;17086;12386;1408;1210;15439;1989;1387;0;79
FR;6;2022-09-23;28;41;5;9;47;9;2;0;0;17114;12427;1413;1219;15486;1998;1389;0;79
FR;6;2022-09-24;16;16;4;2;21;6;2;0;0;17130;12443;1417;1221;15507;2004;1391;0;79
FR;6;2022-09-25;3;14;0;0;14;1;0;0;0;17133;12457;1417;1221;15521;2005;1391;0;79
FR;6;2022-09-26;16;13;0;18;12;5;18;0;2;17149;12470;1417;1239;15533;2010;1409;0;81
FR;6;2022-09-27;32;19;2;3;23;4;4;0;0;17181;12489;1419;1242;15556;2014;1413;0;81
FR;6;2022-09-28;27;10;9;11;16;5;17;0;2;17208;12499;1428;1253;15572;2019;1430;0;83
FR;6;2022-09-29;13;13;10;34;16;6;33;0;7;17221;12512;1438;1287;15588;2025;1463;0;90
FR;6;2022-09-30;34;24;5;6;33;5;3;0;0;17255;12536;1443;1293;15621;2030;1466;0;90
FR;6;2022-10-01;17;12;5;8;9;8;8;0;2;17272;12548;1448;1301;15630;2038;1474;0;92
FR;6;2022-10-02;4;0;0;0;1;0;0;0;0;17276;12548;1448;1301;15631;2038;1474;0;92
FR;6;2022-10-03;11;10;3;5;11;4;6;0;0;17287;12558;1451;1306;15642;2042;1480;0;92
FR;6;2022-10-04;19;17;4;28;21;3;30;0;3;17306;12575;1455;1334;15663;2045;1510;0;95
FR;6;2022-10-05;11;12;3;2;9;7;4;0;0;17317;12587;1458;1336;15672;2052;1514;0;95
FR;6;2022-10-06;19;13;4;6;17;2;10;0;0;17336;12600;1462;1342;15689;2054;1524;0;95
FR;6;2022-10-07;27;26;5;24;24;11;16;0;5;17363;12626;1467;1366;15713;2065;1540;0;100
FR;6;2022-10-08;18;13;0;0;16;0;0;0;0;17381;12639;1467;1366;15729;2065;1540;0;100
FR;6;2022-10-09;7;3;4;27;3;4;30;0;6;17388;12642;1471;1393;15732;2069;1570;0;106
FR;6;2022-10-10;15;14;1;16;16;6;13;0;0;17403;12656;1472;1409;15748;2075;1583;0;106
FR;6;2022-10-11;21;23;3;11;22;8;13;0;3;17424;12679;1475;1420;15770;2083;1596;0;109
FR;6;2022-10-12;20;16;7;19;18;3;24;0;7;17444;12695;1482;1439;15788;2086;1620;0;116
FR;6;2022-10-13;28;15;2;36;23;0;38;0;6;17472;12710;1484;1475;15811;2086;1658;0;122
FR;6;2022-10-14;29;23;5;49;24;11;45;0;13;17501;12733;1489;1524;15835;2097;1703;0;135
FR;6;2022-10-15;13;9;0;22;8;4;21;0;6;17514;12742;1489;1546;15843;2101;1724;0;141
FR;6;2022-10-16;4;5;0;6;2;3;6;0;0;17518;12747;1489;1552;15845;2104;1730;0;141
FR;6;2022-10-17;14;14;2;10;14;1;12;0;2;17532;12761;1491;1562;15859;2105;1742;0;143
FR;6;2022-10-18;12;19;9;26;19;4;18;0;11;17544;12780;1500;1588;15878;2109;1760;0;154
FR;6;2022-10-19;10;20;6;16;20;5;19;0;5;17554;12800;1506;1604;15898;2114;1779;0;159
FR;6;2022-10-20;16;15;12;57;19;5;67;0;13;17570;12815;1518;1661;15917;2119;1846;0;172
FR;6;2022-10-21;16;21;9;34;22;11;37;0;10;17586;12836;1527;1695;15939;2130;1883;0;182
FR;6;2022-10-22;19;14;1;4;17;3;4;0;0;17605;12850;1528;1699;15956;2133;1887;0;182
FR;6;2022-10-23;3;3;1;0;4;0;1;0;0;17608;12853;1529;1699;15960;2133;1888;0;182
FR;6;2022-10-24;12;14;2;7;14;6;5;0;2;17620;12867;1531;1706;15974;2139;1893;0;184
FR;6;2022-10-25;20;13;6;17;16;7;19;0;4;17640;12880;1537;1723;15990;2146;1912;0;188
FR;6;2022-10-26;17;9;4;13;12;4;15;0;5;17657;12889;1541;1736;16002;2150;1927;0;193
FR;6;2022-10-27;20;7;8;37;10;6;36;0;14;17677;12896;1549;1773;16012;2156;1963;0;207
FR;6;2022-10-28;21;27;3;4;28;6;5;0;1;17698;12923;1552;1777;16040;2162;1968;0;208
FR;6;2022-10-29;7;11;5;11;10;6;14;0;12;17705;12934;1557;1788;16050;2168;1982;0;220
FR;6;2022-10-30;2;5;0;0;5;0;0;0;0;17707;12939;1557;1788;16055;2168;1982;0;220
FR;6;2022-10-31;20;14;2;13;17;4;12;0;3;17727;12953;1559;1801;16072;2172;1994;0;223
FR;6;2022-11-01;2;1;1;0;1;1;0;0;0;17729;12954;1560;1801;16073;2173;1994;0;223
FR;6;2022-11-02;15;25;9;21;26;11;19;0;12;17744;12979;1569;1822;16099;2184;2013;0;235
FR;6;2022-11-03;17;17;11;39;20;8;43;0;9;17761;12996;1580;1861;16119;2192;2056;0;244
FR;6;2022-11-04;19;22;9;16;27;5;16;0;10;17780;13018;1589;1877;16146;2197;2072;0;254
FR;6;2022-11-05;9;16;2;4;17;4;6;0;0;17789;13034;1591;1881;16163;2201;2078;0;254
FR;6;2022-11-06;5;1;0;0;1;0;0;0;0;17794;13035;1591;1881;16164;2201;2078;0;254
FR;6;2022-11-07;18;10;6;17;12;4;18;0;11;17812;13045;1597;1898;16176;2205;2096;0;265
FR;6;2022-11-08;18;10;2;3;8;5;5;0;4;17830;13055;1599;1901;16184;2210;2101;0;269
FR;6;2022-11-09;16;22;1;6;21;4;5;0;4;17846;13077;1600;1907;16205;2214;2106;0;273
FR;6;2022-11-10;10;10;4;12;8;5;11;0;10;17856;13087;1604;1919;16213;2219;2117;0;283
FR;6;2022-11-11;4;1;0;0;1;1;0;0;0;17860;13088;1604;1919;16214;2220;2117;0;283
FR;6;2022-11-12;4;11;1;7;11;2;5;0;9;17864;13099;1605;1926;16225;2222;2122;0;292
FR;6;2022-11-13;1;1;0;1;1;0;1;0;0;17865;13100;1605;1927;16226;2222;2123;0;292
FR;6;2022-11-14;13;10;7;32;14;8;33;0;14;17878;13110;1612;1959;16240;2230;2156;0;306
FR;6;2022-11-15;7;18;1;11;16;4;7;0;2;17885;13128;1613;1970;16256;2234;2163;0;308
FR;6;2022-11-16;16;15;9;32;16;3;42;0;9;17901;13143;1622;2002;16272;2237;2205;0;317
FR;6;2022-11-17;10;8;1;29;8;2;28;0;5;17911;13151;1623;2031;16280;2239;2233;0;322
FR;6;2022-11-18;19;12;5;23;17;4;25;0;7;17930;13163;1628;2054;16297;2243;2258;0;329
FR;6;2022-11-19;5;13;0;2;11;3;2;0;1;17935;13176;1628;2056;16308;2246;2260;0;330
FR;6;2022-11-20;2;1;2;0;1;2;0;0;0;17937;13177;1630;2056;16309;2248;2260;0;330
FR;6;2022-11-21;22;13;1;14;14;6;11;0;3;17959;13190;1631;2070;16323;2254;2271;0;333
FR;6;2022-11-22;14;9;0;4;11;1;3;0;1;17973;13199;1631;2074;16334;2255;2274;0;334
FR;6;2022-11-23;14;15;15;23;17;9;31;0;8;17987;13214;1646;2097;16351;2264;2305;0;342
FR;6;2022-11-24;14;17;1;13;19;5;12;0;7;18001;13231;1647;2110;16370;2269;2317;0;349
FR;6;2022-11-25;23;15;5;50;15;5;47;0;5;18024;13246;1652;2160;16385;2274;2364;0;354
FR;6;2022-11-26;9;5;2;4;3;2;5;0;1;18033;13251;1654;2164;16388;2276;2369;0;355
FR;6;2022-11-27;1;4;0;0;4;0;0;0;0;18034;13255;1654;2164;16392;2276;2369;0;355
FR;6;2022-11-28;9;11;6;22;11;3;24;0;11;18043;13266;1660;2186;16403;2279;2393;0;366
FR;6;2022-11-29;15;10;1;12;14;1;8;0;7;18058;13276;1661;2198;16417;2280;2401;0;373
FR;6;2022-11-30;18;20;8;23;19;12;22;0;8;18076;13296;1669;2221;16436;2292;2423;0;381
FR;6;2022-12-01;12;9;7;20;11;4;24;0;9;18088;13305;1676;2241;16447;2296;2447;0;390
FR;6;2022-12-02;17;9;12;36;12;8;42;0;1;18105;13314;1688;2277;16459;2304;2489;0;391
FR;6;2022-12-03;13;3;13;20;6;5;28;0;13;18118;13317;1701;2297;16465;2309;2517;0;404
FR;6;2022-12-04;3;1;0;2;1;0;2;0;0;18121;13318;1701;2299;16466;2309;2519;0;404
FR;6;2022-12-05;11;10;7;16;10;4;19;0;8;18132;13328;1708;2315;16476;2313;2538;0;412
FR;6;2022-12-06;10;19;3;30;12;11;28;0;3;18142;13347;1711;2345;16488;2324;2566;0;415
FR;6;2022-12-07;17;8;10;56;10;8;57;0;30;18159;13355;1721;2401;16498;2332;2623;0;445
FR;6;2022-12-08;9;13;8;19;11;7;21;0;13;18168;13368;1729;2420;16509;2339;2644;0;458
FR;6;2022-12-09;15;9;5;29;12;4;30;0;6;18183;13377;1734;2449;16521;2343;2674;0;464
FR;6;2022-12-10;12;9;6;9;7;4;14;0;7;18195;13386;1740;2458;16528;2347;2688;0;471
FR;6;2022-12-11;4;2;1;0;2;1;0;0;0;18199;13388;1741;2458;16530;2348;2688;0;471
FR;6;2022-12-12;17;10;8;36;14;9;33;0;17;18216;13398;1749;2494;16544;2357;2721;0;488
FR;6;2022-12-13;17;21;12;66;16;18;65;0;14;18233;13419;1761;2560;16560;2375;2786;0;502
FR;6;2022-12-14;14;13;8;53;11;12;53;0;14;18247;13432;1769;2613;16571;2387;2839;0;516
FR;6;2022-12-15;12;15;14;38;13;9;44;0;9;18259;13447;1783;2651;16584;2396;2883;0;525
FR;6;2022-12-16;18;14;15;39;15;14;39;0;13;18277;13461;1798;2690;16599;2410;2922;0;538
FR;6;2022-12-17;11;10;15;28;9;15;29;0;8;18288;13471;1813;2718;16608;2425;2951;0;546
FR;6;2022-12-18;7;4;0;2;5;0;2;0;0;18295;13475;1813;2720;16613;2425;2953;0;546
FR;6;2022-12-19;12;8;9;29;8;12;29;0;15;18307;13483;1822;2749;16621;2437;2982;0;561
FR;6;2022-12-20;17;23;11;23;17;19;22;0;21;18324;13506;1833;2772;16638;2456;3004;0;582
FR;6;2022-12-21;23;16;9;19;13;13;17;0;5;18347;13522;1842;2791;16651;2469;3021;0;587
FR;6;2022-12-22;13;14;9;21;15;13;18;0;11;18360;13536;1851;2812;16666;2482;3039;0;598
FR;6;2022-12-23;10;19;12;7;14;18;7;0;3;18370;13555;1863;2819;16680;2500;3046;0;601
FR;6;2022-12-24;4;5;3;1;5;2;2;0;1;18374;13560;1866;2820;16685;2502;3048;0;602
FR;6;2022-12-25;0;0;0;0;0;0;0;0;0;18374;13560;1866;2820;16685;2502;3048;0;602
FR;6;2022-12-26;8;12;12;11;10;18;11;0;3;18382;13572;1878;2831;16695;2520;3059;0;605
FR;6;2022-12-27;16;13;15;8;11;19;8;0;0;18398;13585;1893;2839;16706;2539;3067;0;605
FR;6;2022-12-28;15;19;6;8;19;9;9;0;4;18413;13604;1899;2847;16725;2548;3076;0;609
FR;6;2022-12-29;15;12;7;8;10;9;9;0;7;18428;13616;1906;2855;16735;2557;3085;0;616
FR;6;2022-12-30;20;19;13;8;20;13;11;0;4;18448;13635;1919;2863;16755;2570;3096;0;620
FR;6;2022-12-31;5;2;6;1;4;7;1;0;1;18453;13637;1925;2864;16759;2577;3097;0;621
FR;6;2023-01-01;2;1;0;3;0;3;0;0;1;18455;13638;1925;2867;16759;2580;3097;0;622
FR;6;2023-01-02;9;14;2;3;10;7;3;0;0;18464;13652;1927;2870;16769;2587;3100;0;622
FR;6;2023-01-03;8;17;9;21;17;9;21;0;7;18472;13669;1936;2891;16786;2596;3121;0;629
FR;6;2023-01-04;9;10;4;10;9;8;6;0;14;18481;13679;1940;2901;16795;2604;3127;0;643
FR;6;2023-01-05;11;11;6;23;10;3;26;0;8;18492;13690;1946;2924;16805;2607;3153;0;651
FR;6;2023-01-06;16;24;15;30;21;17;29;0;15;18508;13714;1961;2954;16826;2624;3182;0;666
FR;6;2023-01-07;9;19;4;1;10;13;3;0;1;18517;13733;1965;2955;16836;2637;3185;0;667
FR;6;2023-01-08;2;7;4;11;6;4;11;0;3;18519;13740;1969;2966;16842;2641;3196;0;670
FR;6;2023-01-09;16;10;5;35;9;8;34;0;17;18535;13750;1974;3001;16851;2649;3230;0;687
FR;6;2023-01-10;13;15;13;23;13;10;26;0;9;18548;13765;1987;3024;16864;2659;3256;0;696
FR;6;2023-01-11;15;14;5;16;18;6;14;0;12;18563;13779;1992;3040;16882;2665;3270;0;708
FR;6;2023-01-12;7;13;2;5;10;3;5;0;12;18570;13792;1994;3045;16892;2668;3275;0;720
FR;6;2023-01-13;20;14;18;43;15;20;43;0;31;18590;13806;2012;3088;16907;2688;3318;0;751
FR;6;2023-01-14;20;8;6;2;9;9;2;0;0;18610;13814;2018;3090;16916;2697;3320;0;751
FR;6;2023-01-15;0;0;1;3;0;1;3;0;0;18610;13814;2019;3093;16916;2698;3323;0;751
FR;6;2023-01-16;22;12;2;1;10;6;3;0;2;18632;13826;2021;3094;16926;2704;3326;0;753
FR;6;2023-01-17;8;17;12;8;17;11;14;0;5;18640;13843;2033;3102;16943;2715;3340;0;758
FR;6;2023-01-18;22;15;9;7;17;10;8;0;1;18662;13858;2042;3109;16960;2725;3348;0;759
FR;6;2023-01-19;9;9;14;9;11;12;13;0;7;18671;13867;2056;3118;16971;2737;3361;0;766
FR;6;2023-01-20;17;13;9;32;15;7;34;0;27;18688;13880;2065;3150;16986;2744;3395;0;793
FR;6;2023-01-21;12;7;5;2;6;8;3;0;1;18700;13887;2070;3152;16992;2752;3398;0;794
FR;6;2023-01-22;0;0;1;1;0;1;1;0;0;18700;13887;2071;3153;16992;2753;3399;0;794
FR;6;2023-01-23;9;9;5;11;8;5;11;0;3;18709;13896;2076;3164;17000;2758;3410;0;797
FR;6;2023-01-24;14;15;15;13;15;14;18;0;6;18723;13911;2091;3177;17015;2772;3428;0;803
FR;6;2023-01-25;15;7;5;3;6;6;4;0;4;18738;13918;2096;3180;17021;2778;3432;0;807
FR;6;2023-01-26;13;15;3;11;12;8;13;0;9;18751;13933;2099;3191;17033;2786;3445;0;816
FR;6;2023-01-27;21;17;7;34;22;7;29;0;29;18772;13950;2106;3225;17055;2793;3474;0;845
FR;6;2023-01-28;15;15;7;4;17;6;5;0;1;18787;13965;2113;3229;17072;2799;3479;0;846
FR;6;2023-01-29;1;4;0;0;3;1;0;0;0;18788;13969;2113;3229;17075;2800;3479;0;846
FR;6;2023-01-30;2;15;8;4;15;8;3;0;8;18790;13984;2121;3233;17090;2808;3482;0;854
FR;6;2023-01-31;9;8;5;8;8;5;8;0;5;18799;13992;2126;3241;17098;2813;3490;0;859
FR;6;2023-02-01;20;18;4;4;17;4;8;0;4;18819;14010;2130;3245;17115;2817;3498;0;863
FR;6;2023-02-02;8;10;9;1;10;10;1;0;1;18827;14020;2139;3246;17125;2827;3499;0;864
FR;6;2023-02-03;16;15;11;18;15;11;19;0;13;18843;14035;2150;3264;17140;2838;3518;0;877
FR;6;2023-02-04;6;9;9;7;11;9;8;0;2;18849;14044;2159;3271;17151;2847;3526;0;879
FR;6;2023-02-05;0;0;0;4;0;0;4;0;0;18849;14044;2159;3275;17151;2847;3530;0;879
FR;6;2023-02-06;10;16;1;4;15;5;4;0;0;18859;14060;2160;3279;17166;2852;3534;0;879
FR;6;2023-02-07;8;9;4;8;9;7;7;0;3;18867;14069;2164;3287;17175;2859;3541;0;882
FR;6;2023-02-08;7;3;3;2;2;6;1;0;1;18874;14072;2167;3289;17177;2865;3542;0;883
FR;6;2023-02-09;6;11;1;6;8;8;2;0;2;18880;14083;2168;3295;17185;2873;3544;0;885
FR;6;2023-02-10;13;21;6;12;15;15;11;0;2;18893;14104;2174;3307;17200;2888;3555;0;887
FR;6;2023-02-11;12;8;7;4;9;3;9;0;5;18905;14112;2181;3311;17209;2891;3564;0;892
FR;6;2023-02-12;0;1;0;0;1;0;0;0;0;18905;14113;2181;3311;17210;2891;3564;0;892
FR;6;2023-02-13;5;6;0;0;6;1;0;0;0;18910;14119;2181;3311;17216;2892;3564;0;892
FR;6;2023-02-14;12;13;3;15;15;4;14;0;0;18922;14132;2184;3326;17231;2896;3578;0;892
FR;6;2023-02-15;8;11;3;2;11;2;2;0;4;18930;14143;2187;3328;17242;2898;3580;0;896
FR;6;2023-02-16;17;8;1;3;18;1;3;0;4;18947;14151;2188;3331;17260;2899;3583;0;900
FR;6;2023-02-17;9;15;3;9;12;8;9;0;5;18956;14166;2191;3340;17272;2907;3592;0;905
FR;6;2023-02-18;10;6;1;1;7;1;1;0;0;18966;14172;2192;3341;17279;2908;3593;0;905
FR;6;2023-02-19;0;0;0;0;0;0;0;0;0;18966;14172;2192;3341;17279;2908;3593;0;905
FR;6;2023-02-20;10;8;3;2;9;5;1;0;0;18976;14180;2195;3343;17288;2913;3594;0;905
FR;6;2023-02-21;9;8;8;5;6;7;8;0;1;18985;14188;2203;3348;17294;2920;3602;0;906
FR;6;2023-02-22;4;13;1;3;13;3;3;0;5;18989;14201;2204;3351;17307;2923;3605;0;911
FR;6;2023-02-23;7;11;6;2;10;6;4;0;1;18996;14212;2210;3353;17317;2929;3609;0;912
FR;6;2023-02-24;9;13;5;21;15;4;19;0;15;19005;14225;2215;3374;17332;2933;3628;0;927
FR;6;2023-02-25;4;5;1;1;6;1;1;0;0;19009;14230;2216;3375;17338;2934;3629;0;927
FR;6;2023-02-26;0;1;0;0;0;1;0;0;0;19009;14231;2216;3375;17338;2935;3629;0;927
FR;6;2023-02-27;10;8;3;1;3;9;0;0;2;19019;14239;2219;3376;17341;2944;3629;0;929
FR;6;2023-02-28;3;8;4;4;9;3;6;0;0;19022;14247;2223;3380;17350;2947;3635;0;929
FR;6;2023-03-01;6;10;3;2;10;4;2;0;0;19028;14257;2226;3382;17360;2951;3637;0;929
FR;6;2023-03-02;8;7;1;3;7;3;2;0;5;19036;14264;2227;3385;17367;2954;3639;0;934
FR;6;2023-03-03;14;12;5;7;11;9;6;0;7;19050;14276;2232;3392;17378;2963;3645;0;941
FR;6;2023-03-04;8;14;1;0;13;3;0;0;0;19058;14290;2233;3392;17391;2966;3645;0;941
FR;6;2023-03-05;4;0;0;0;0;0;0;0;0;19062;14290;2233;3392;17391;2966;3645;0;941
FR;6;2023-03-06;8;12;0;1;11;2;0;0;1;19070;14302;2233;3393;17402;2968;3645;0;942
FR;6;2023-03-07;4;6;0;1;4;3;0;0;5;19074;14308;2233;3394;17406;2971;3645;0;947
FR;6;2023-03-08;3;7;2;0;7;2;0;0;0;19077;14315;2235;3394;17413;2973;3645;0;947
FR;6;2023-03-09;7;6;0;1;6;2;1;0;0;19084;14321;2235;3395;17419;2975;3646;0;947
FR;6;2023-03-10;9;9;2;9;9;2;9;0;9;19093;14330;2237;3404;17428;2977;3655;0;956
FR;6;2023-03-11;13;12;2;0;12;2;2;0;0;19106;14342;2239;3404;17440;2979;3657;0;956
FR;6;2023-03-12;2;0;0;0;1;0;0;0;0;19108;14342;2239;3404;17441;2979;3657;0;956
FR;6;2023-03-13;7;12;4;1;13;2;1;0;2;19115;14354;2243;3405;17454;2981;3658;0;958
FR;6;2023-03-14;5;12;2;0;8;6;0;0;0;19120;14366;2245;3405;17462;2987;3658;0;958
FR;6;2023-03-15;6;4;2;3;5;3;3;0;1;19126;14370;2247;3408;17467;2990;3661;0;959
FR;6;2023-03-16;9;5;2;0;5;3;0;0;0;19135;14375;2249;3408;17472;2993;3661;0;959
FR;6;2023-03-17;10;12;5;5;8;8;5;0;3;19145;14387;2254;3413;17480;3001;3666;0;962
FR;6;2023-03-18;6;2;2;0;3;2;0;0;0;19151;14389;2256;3413;17483;3003;3666;0;962
FR;6;2023-03-19;0;0;1;0;0;0;0;0;0;19151;14389;2257;3413;17483;3003;3666;0;962
FR;6;2023-03-20;2;6;3;7;5;4;5;0;4;19153;14395;2260;3420;17488;3007;3671;0;966
FR;6;2023-03-21;2;1;5;2;1;3;4;0;0;19155;14396;2265;3422;17489;3010;3675;0;966
FR;6;2023-03-22;1;4;3;0;4;3;0;0;3;19156;14400;2268;3422;17493;3013;3675;0;969
FR;6;2023-03-23;3;4;3;2;4;3;2;0;0;19159;14404;2271;3424;17497;3016;3677;0;969
FR;6;2023-03-24;3;9;6;0;9;7;0;0;0;19162;14413;2277;3424;17506;3023;3677;0;969
FR;6;2023-03-25;10;7;0;0;9;0;0;0;0;19172;14420;2277;3424;17515;3023;3677;0;969
FR;6;2023-03-26;1;0;0;0;0;0;0;0;0;19173;14420;2277;3424;17515;3023;3677;0;969
FR;6;2023-03-27;6;9;2;2;8;4;1;0;0;19179;14429;2279;3426;17523;3027;3678;0;969
FR;6;2023-03-28;8;4;2;2;6;2;2;0;2;19187;14433;2281;3428;17529;3029;3680;0;971
FR;6;2023-03-29;4;1;2;0;1;2;0;0;0;19191;14434;2283;3428;17530;3031;3680;0;971
FR;6;2023-03-30;4;7;1;0;5;3;0;0;0;19195;14441;2284;3428;17535;3034;3680;0;971
FR;6;2023-03-31;1;3;3;3;3;3;1;0;7;19196;14444;2287;3431;17538;3037;3681;0;978
FR;6;2023-04-01;5;11;0;0;11;1;0;0;3;19201;14455;2287;3431;17549;3038;3681;0;981
FR;6;2023-04-02;0;0;0;0;0;0;0;0;0;19201;14455;2287;3431;17549;3038;3681;0;981
FR;6;2023-04-03;5;10;0;1;10;2;1;0;2;19206;14465;2287;3432;17559;3040;3682;0;983
FR;6;2023-04-04;5;10;2;4;8;3;5;0;7;19211;14475;2289;3436;17567;3043;3687;0;990
FR;6;2023-04-05;0;7;3;0;7;3;0;0;3;19211;14482;2292;3436;17574;3046;3687;0;993
FR;6;2023-04-06;3;6;4;1;3;7;1;0;2;19214;14488;2296;3437;17577;3053;3688;0;995
FR;6;2023-04-07;11;8;2;0;9;4;0;0;0;19225;14496;2298;3437;17586;3057;3688;0;995
FR;6;2023-04-08;2;1;3;0;1;3;0;0;0;19227;14497;2301;3437;17587;3060;3688;0;995
FR;6;2023-04-09;0;0;0;0;0;0;0;0;0;19227;14497;2301;3437;17587;3060;3688;0;995
FR;6;2023-04-10;0;0;0;0;0;0;0;0;0;19227;14497;2301;3437;17587;3060;3688;0;995
FR;6;2023-04-11;3;8;1;0;6;3;0;0;0;19230;14505;2302;3437;17593;3063;3688;0;995
FR;6;2023-04-12;3;4;2;0;5;2;0;0;4;19233;14509;2304;3437;17598;3065;3688;0;999
FR;6;2023-04-13;1;4;0;0;3;1;0;0;2;19234;14513;2304;3437;17601;3066;3688;0;1001
FR;6;2023-04-14;4;5;0;0;5;0;0;0;1;19238;14518;2304;3437;17606;3066;3688;0;1002
FR;6;2023-04-15;7;2;1;1;4;1;1;0;0;19245;14520;2305;3438;17610;3067;3689;0;1002
FR;6;2023-04-16;0;2;0;0;1;1;0;0;0;19245;14522;2305;3438;17611;3068;3689;0;1002
FR;6;2023-04-17;4;8;2;0;8;2;0;0;0;19249;14530;2307;3438;17619;3070;3689;0;1002
FR;6;2023-04-18;3;2;1;0;2;1;0;0;1;19252;14532;2308;3438;17621;3071;3689;0;1003
FR;6;2023-04-19;1;3;0;0;2;1;0;0;0;19253;14535;2308;3438;17623;3072;3689;0;1003
FR;6;2023-04-20;5;4;0;0;3;2;0;0;0;19258;14539;2308;3438;17626;3074;3689;0;1003
FR;6;2023-04-21;7;3;2;3;1;5;3;0;1;19265;14542;2310;3441;17627;3079;3692;0;1004
FR;6;2023-04-22;3;3;3;0;1;5;0;0;0;19268;14545;2313;3441;17628;3084;3692;0;1004
FR;6;2023-04-23;0;2;0;0;1;1;0;0;0;19268;14547;2313;3441;17629;3085;3692;0;1004
FR;6;2023-04-24;2;8;0;1;5;3;1;0;0;19270;14555;2313;3442;17634;3088;3693;0;1004
FR;6;2023-04-25;5;2;0;1;2;0;1;0;1;19275;14557;2313;3443;17636;3088;3694;0;1005
FR;6;2023-04-26;7;5;1;0;4;2;0;0;2;19282;14562;2314;3443;17640;3090;3694;0;1007
FR;6;2023-04-27;8;9;2;0;9;3;1;0;3;19290;14571;2316;3443;17649;3093;3695;0;1010
FR;6;2023-04-28;5;4;0;1;4;0;1;0;2;19295;14575;2316;3444;17653;3093;3696;0;1012
FR;6;2023-04-29;7;3;2;0;4;2;1;0;0;19302;14578;2318;3444;17657;3095;3697;0;1012
FR;6;2023-04-30;0;0;0;0;0;0;0;0;0;19302;14578;2318;3444;17657;3095;3697;0;1012
FR;6;2023-05-01;0;0;0;0;0;0;0;0;0;19302;14578;2318;3444;17657;3095;3697;0;1012
FR;6;2023-05-02;3;4;3;0;3;3;1;0;0;19305;14582;2321;3444;17660;3098;3698;0;1012
FR;6;2023-05-03;1;3;0;0;2;1;0;0;2;19306;14585;2321;3444;17662;3099;3698;0;1014
FR;6;2023-05-04;3;4;7;0;5;6;3;0;1;19309;14589;2328;3444;17667;3105;3701;0;1015
FR;6;2023-05-05;3;2;0;0;3;0;0;0;0;19312;14591;2328;3444;17670;3105;3701;0;1015
FR;6;2023-05-06;0;2;1;1;1;2;1;0;0;19312;14593;2329;3445;17671;3107;3702;0;1015
FR;6;2023-05-07;1;0;0;0;0;0;0;0;0;19313;14593;2329;3445;17671;3107;3702;0;1015
FR;6;2023-05-08;0;0;7;0;0;3;4;0;0;19313;14593;2336;3445;17671;3110;3706;0;1015
FR;6;2023-05-09;5;4;2;1;6;2;1;0;0;19318;14597;2338;3446;17677;3112;3707;0;1015
FR;6;2023-05-10;5;2;2;0;3;1;1;0;0;19323;14599;2340;3446;17680;3113;3708;0;1015
FR;6;2023-05-11;2;3;3;1;3;4;2;0;2;19325;14602;2343;3447;17683;3117;3710;0;1017
FR;6;2023-05-12;1;2;0;0;3;0;0;0;1;19326;14604;2343;3447;17686;3117;3710;0;1018
FR;6;2023-05-13;0;3;2;0;1;2;2;0;2;19326;14607;2345;3447;17687;3119;3712;0;1020
FR;6;2023-05-14;0;0;0;0;0;0;0;0;0;19326;14607;2345;3447;17687;3119;3712;0;1020
FR;6;2023-05-15;2;3;2;0;2;3;0;0;0;19328;14610;2347;3447;17689;3122;3712;0;1020
FR;6;2023-05-16;2;5;1;0;5;1;0;0;1;19330;14615;2348;3447;17694;3123;3712;0;1021
FR;6;2023-05-17;7;5;2;0;5;2;1;0;2;19337;14620;2350;3447;17699;3125;3713;0;1023
FR;6;2023-05-18;0;0;0;0;0;0;0;0;0;19337;14620;2350;3447;17699;3125;3713;0;1023
FR;6;2023-05-19;2;2;1;0;2;1;0;0;0;19339;14622;2351;3447;17701;3126;3713;0;1023
FR;6;2023-05-20;1;4;1;0;3;2;0;0;0;19340;14626;2352;3447;17704;3128;3713;0;1023
FR;6;2023-05-21;0;0;0;0;0;0;0;0;0;19340;14626;2352;3447;17704;3128;3713;0;1023
FR;6;2023-05-22;2;1;1;0;1;0;1;0;0;19342;14627;2353;3447;17705;3128;3714;0;1023
FR;6;2023-05-23;1;2;2;2;2;1;3;0;0;19343;14629;2355;3449;17707;3129;3717;0;1023
FR;6;2023-05-24;1;2;3;2;2;2;3;0;1;19344;14631;2358;3451;17709;3131;3720;0;1024
FR;6;2023-05-25;1;3;0;1;1;2;0;0;4;19345;14634;2358;3452;17710;3133;3720;0;1028
FR;6;2023-05-26;3;2;0;4;3;0;4;0;3;19348;14636;2358;3456;17713;3133;3724;0;1031
FR;6;2023-05-27;2;3;0;0;3;0;0;0;1;19350;14639;2358;3456;17716;3133;3724;0;1032
FR;6;2023-05-28;0;1;0;0;1;0;0;0;0;19350;14640;2358;3456;17717;3133;3724;0;1032
FR;6;2023-05-29;0;0;0;0;0;0;0;0;0;19350;14640;2358;3456;17717;3133;3724;0;1032
FR;6;2023-05-30;4;5;4;1;2;6;2;0;0;19354;14645;2362;3457;17719;3139;3726;0;1032
FR;6;2023-05-31;2;4;0;0;3;1;0;0;2;19356;14649;2362;3457;17722;3140;3726;0;1034
FR;6;2023-06-01;0;1;4;0;1;4;0;0;2;19356;14650;2366;3457;17723;3144;3726;0;1036
FR;6;2023-06-02;0;3;1;0;3;1;0;0;0;19356;14653;2367;3457;17726;3145;3726;0;1036
FR;6;2023-06-03;0;1;0;0;1;0;0;0;0;19356;14654;2367;3457;17727;3145;3726;0;1036
FR;6;2023-06-04;0;0;0;0;0;0;0;0;0;19356;14654;2367;3457;17727;3145;3726;0;1036
FR;6;2023-06-05;4;1;2;0;2;2;0;0;2;19360;14655;2369;3457;17729;3147;3726;0;1038
FR;6;2023-06-06;2;2;2;0;2;2;0;0;1;19362;14657;2371;3457;17731;3149;3726;0;1039
FR;6;2023-06-07;0;2;0;0;2;0;0;0;0;19362;14659;2371;3457;17733;3149;3726;0;1039
FR;6;2023-06-08;0;2;0;0;2;0;0;0;0;19362;14661;2371;3457;17735;3149;3726;0;1039
FR;6;2023-06-09;1;2;0;3;2;0;3;0;2;19363;14663;2371;3460;17737;3149;3729;0;1041
FR;6;2023-06-10;1;1;2;1;2;0;4;0;0;19364;14664;2373;3461;17739;3149;3733;0;1041
FR;6;2023-06-11;0;0;0;0;0;0;0;0;0;19364;14664;2373;3461;17739;3149;3733;0;1041
FR;6;2023-06-12;0;1;1;0;1;0;1;0;0;19364;14665;2374;3461;17740;3149;3734;0;1041
FR;6;2023-06-13;1;2;1;2;2;2;1;0;1;19365;14667;2375;3463;17742;3151;3735;0;1042
FR;6;2023-06-14;1;2;1;2;2;1;2;0;2;19366;14669;2376;3465;17744;3152;3737;0;1044
FR;6;2023-06-15;0;0;0;0;0;0;0;0;1;19366;14669;2376;3465;17744;3152;3737;0;1045
FR;6;2023-06-16;0;2;1;0;2;1;0;0;0;19366;14671;2377;3465;17746;3153;3737;0;1045
FR;6;2023-06-17;0;1;0;0;1;0;0;0;0;19366;14672;2377;3465;17747;3153;3737;0;1045
FR;6;2023-06-18;0;0;0;0;0;0;0;0;0;19366;14672;2377;3465;17747;3153;3737;0;1045
FR;6;2023-06-19;0;1;1;0;1;0;1;0;0;19366;14673;2378;3465;17748;3153;3738;0;1045
FR;6;2023-06-20;2;3;0;2;4;0;2;0;0;19368;14676;2378;3467;17752;3153;3740;0;1045
FR;6;2023-06-21;0;1;1;2;1;1;3;0;0;19368;14677;2379;3469;17753;3154;3743;0;1045
FR;6;2023-06-22;0;1;1;1;1;1;1;0;0;19368;14678;2380;3470;17754;3155;3744;0;1045
FR;6;2023-06-23;4;1;0;3;1;0;3;0;8;19372;14679;2380;3473;17755;3155;3747;0;1053
FR;6;2023-06-24;2;0;1;1;0;1;0;0;2;19374;14679;2381;3474;17755;3156;3747;0;1055
FR;6;2023-06-25;0;0;0;0;0;0;0;0;0;19374;14679;2381;3474;17755;3156;3747;0;1055
FR;6;2023-06-26;1;0;0;1;0;0;1;0;0;19375;14679;2381;3475;17755;3156;3748;0;1055
FR;8;2020-12-27;0;0;0;0;0;0;0;0;0;0;0;0;0;0;0;0;0;0
FR;8;2020-12-28;0;0;0;0;0;0;0;0;0;0;0;0;0;0;0;0;0;0
FR;8;2020-12-29;0;0;0;0;0;0;0;0;0;0;0;0;0;0;0;0;0;0
FR;8;2020-12-30;0;0;0;0;0;0;0;0;0;0;0;0;0;0;0;0;0;0
FR;8;2020-12-31;0;0;0;0;0;0;0;0;0;0;0;0;0;0;0;0;0;0
FR;8;2021-01-01;0;0;0;0;0;0;0;0;0;0;0;0;0;0;0;0;0;0
FR;8;2021-01-02;0;0;0;0;0;0;0;0;0;0;0;0;0;0;0;0;0;0
FR;8;2021-01-03;0;0;0;0;0;0;0;0;0;0;0;0;0;0;0;0;0;0
FR;8;2021-01-04;0;0;0;0;0;0;0;0;0;0;0;0;0;0;0;0;0;0
FR;8;2021-01-05;0;0;0;0;0;0;0;0;0;0;0;0;0;0;0;0;0;0
FR;8;2021-01-06;0;0;0;0;0;0;0;0;0;0;0;0;0;0;0;0;0;0
FR;8;2021-01-07;0;0;0;0;0;0;0;0;0;0;0;0;0;0;0;0;0;0
FR;8;2021-01-08;0;0;0;0;0;0;0;0;0;0;0;0;0;0;0;0;0;0
FR;8;2021-01-09;0;0;0;0;0;0;0;0;0;0;0;0;0;0;0;0;0;0
FR;8;2021-01-10;0;0;0;0;0;0;0;0;0;0;0;0;0;0;0;0;0;0
FR;8;2021-01-11;0;0;0;0;0;0;0;0;0;0;0;0;0;0;0;0;0;0
FR;8;2021-01-12;0;0;0;0;0;0;0;0;0;0;0;0;0;0;0;0;0;0
FR;8;2021-01-13;0;0;0;0;0;0;0;0;0;0;0;0;0;0;0;0;0;0
FR;8;2021-01-14;0;0;0;0;0;0;0;0;0;0;0;0;0;0;0;0;0;0
FR;8;2021-01-15;0;0;0;0;0;0;0;0;0;0;0;0;0;0;0;0;0;0
FR;8;2021-01-16;0;0;0;0;0;0;0;0;0;0;0;0;0;0;0;0;0;0
FR;8;2021-01-17;0;0;0;0;0;0;0;0;0;0;0;0;0;0;0;0;0;0
FR;8;2021-01-18;0;0;0;0;0;0;0;0;0;0;0;0;0;0;0;0;0;0
FR;8;2021-01-19;0;0;0;0;0;0;0;0;0;0;0;0;0;0;0;0;0;0
FR;8;2021-01-20;0;0;0;0;0;0;0;0;0;0;0;0;0;0;0;0;0;0
FR;8;2021-01-21;0;0;0;0;0;0;0;0;0;0;0;0;0;0;0;0;0;0
FR;8;2021-01-22;0;0;0;0;0;0;0;0;0;0;0;0;0;0;0;0;0;0
FR;8;2021-01-23;0;0;0;0;0;0;0;0;0;0;0;0;0;0;0;0;0;0
FR;8;2021-01-24;0;0;0;0;0;0;0;0;0;0;0;0;0;0;0;0;0;0
FR;8;2021-01-25;0;0;0;0;0;0;0;0;0;0;0;0;0;0;0;0;0;0
FR;8;2021-01-26;0;0;0;0;0;0;0;0;0;0;0;0;0;0;0;0;0;0
FR;8;2021-01-27;0;0;0;0;0;0;0;0;0;0;0;0;0;0;0;0;0;0
FR;8;2021-01-28;0;0;0;0;0;0;0;0;0;0;0;0;0;0;0;0;0;0
FR;8;2021-01-29;0;0;0;0;0;0;0;0;0;0;0;0;0;0;0;0;0;0
FR;8;2021-01-30;0;0;0;0;0;0;0;0;0;0;0;0;0;0;0;0;0;0
FR;8;2021-01-31;0;0;0;0;0;0;0;0;0;0;0;0;0;0;0;0;0;0
FR;8;2021-02-01;0;0;0;0;0;0;0;0;0;0;0;0;0;0;0;0;0;0
FR;8;2021-02-02;0;0;0;0;0;0;0;0;0;0;0;0;0;0;0;0;0;0
FR;8;2021-02-03;0;0;0;0;0;0;0;0;0;0;0;0;0;0;0;0;0;0
FR;8;2021-02-04;0;0;0;0;0;0;0;0;0;0;0;0;0;0;0;0;0;0
FR;8;2021-02-05;0;0;0;0;0;0;0;0;0;0;0;0;0;0;0;0;0;0
FR;8;2021-02-06;0;0;0;0;0;0;0;0;0;0;0;0;0;0;0;0;0;0
FR;8;2021-02-07;0;0;0;0;0;0;0;0;0;0;0;0;0;0;0;0;0;0
FR;8;2021-02-08;0;0;0;0;0;0;0;0;0;0;0;0;0;0;0;0;0;0
FR;8;2021-02-09;0;0;0;0;0;0;0;0;0;0;0;0;0;0;0;0;0;0
FR;8;2021-02-10;0;0;0;0;0;0;0;0;0;0;0;0;0;0;0;0;0;0
FR;8;2021-02-11;0;0;0;0;0;0;0;0;0;0;0;0;0;0;0;0;0;0
FR;8;2021-02-12;0;0;0;0;0;0;0;0;0;0;0;0;0;0;0;0;0;0
FR;8;2021-02-13;0;0;0;0;0;0;0;0;0;0;0;0;0;0;0;0;0;0
FR;8;2021-02-14;0;0;0;0;0;0;0;0;0;0;0;0;0;0;0;0;0;0
FR;8;2021-02-15;0;0;0;0;0;0;0;0;0;0;0;0;0;0;0;0;0;0
FR;8;2021-02-16;0;0;0;0;0;0;0;0;0;0;0;0;0;0;0;0;0;0
FR;8;2021-02-17;0;0;0;0;0;0;0;0;0;0;0;0;0;0;0;0;0;0
FR;8;2021-02-18;0;0;0;0;0;0;0;0;0;0;0;0;0;0;0;0;0;0
FR;8;2021-02-19;0;0;0;0;0;0;0;0;0;0;0;0;0;0;0;0;0;0
FR;8;2021-02-20;0;0;0;0;0;0;0;0;0;0;0;0;0;0;0;0;0;0
FR;8;2021-02-21;0;0;0;0;0;0;0;0;0;0;0;0;0;0;0;0;0;0
FR;8;2021-02-22;0;0;0;0;0;0;0;0;0;0;0;0;0;0;0;0;0;0
FR;8;2021-02-23;0;0;0;0;0;0;0;0;0;0;0;0;0;0;0;0;0;0
FR;8;2021-02-24;0;0;0;0;0;0;0;0;0;0;0;0;0;0;0;0;0;0
FR;8;2021-02-25;0;0;0;0;0;0;0;0;0;0;0;0;0;0;0;0;0;0
FR;8;2021-02-26;0;0;0;0;0;0;0;0;0;0;0;0;0;0;0;0;0;0
FR;8;2021-02-27;0;0;0;0;0;0;0;0;0;0;0;0;0;0;0;0;0;0
FR;8;2021-02-28;0;0;0;0;0;0;0;0;0;0;0;0;0;0;0;0;0;0
FR;8;2021-03-01;0;0;0;0;0;0;0;0;0;0;0;0;0;0;0;0;0;0
FR;8;2021-03-02;0;0;0;0;0;0;0;0;0;0;0;0;0;0;0;0;0;0
FR;8;2021-03-03;0;0;0;0;0;0;0;0;0;0;0;0;0;0;0;0;0;0
FR;8;2021-03-04;0;0;0;0;0;0;0;0;0;0;0;0;0;0;0;0;0;0
FR;8;2021-03-05;0;0;0;0;0;0;0;0;0;0;0;0;0;0;0;0;0;0
FR;8;2021-03-06;0;0;0;0;0;0;0;0;0;0;0;0;0;0;0;0;0;0
FR;8;2021-03-07;0;0;0;0;0;0;0;0;0;0;0;0;0;0;0;0;0;0
FR;8;2021-03-08;0;0;0;0;0;0;0;0;0;0;0;0;0;0;0;0;0;0
FR;8;2021-03-09;0;0;0;0;0;0;0;0;0;0;0;0;0;0;0;0;0;0
FR;8;2021-03-10;0;0;0;0;0;0;0;0;0;0;0;0;0;0;0;0;0;0
FR;8;2021-03-11;0;0;0;0;0;0;0;0;0;0;0;0;0;0;0;0;0;0
FR;8;2021-03-12;0;0;0;0;0;0;0;0;0;0;0;0;0;0;0;0;0;0
FR;8;2021-03-13;0;0;0;0;0;0;0;0;0;0;0;0;0;0;0;0;0;0
FR;8;2021-03-14;0;0;0;0;0;0;0;0;0;0;0;0;0;0;0;0;0;0
FR;8;2021-03-15;0;0;0;0;0;0;0;0;0;0;0;0;0;0;0;0;0;0
FR;8;2021-03-16;0;0;0;0;0;0;0;0;0;0;0;0;0;0;0;0;0;0
FR;8;2021-03-17;0;0;0;0;0;0;0;0;0;0;0;0;0;0;0;0;0;0
FR;8;2021-03-18;0;0;0;0;0;0;0;0;0;0;0;0;0;0;0;0;0;0
FR;8;2021-03-19;0;0;0;0;0;0;0;0;0;0;0;0;0;0;0;0;0;0
FR;8;2021-03-20;0;0;0;0;0;0;0;0;0;0;0;0;0;0;0;0;0;0
FR;8;2021-03-21;0;0;0;0;0;0;0;0;0;0;0;0;0;0;0;0;0;0
FR;8;2021-03-22;0;0;0;0;0;0;0;0;0;0;0;0;0;0;0;0;0;0
FR;8;2021-03-23;0;0;0;0;0;0;0;0;0;0;0;0;0;0;0;0;0;0
FR;8;2021-03-24;0;0;0;0;0;0;0;0;0;0;0;0;0;0;0;0;0;0
FR;8;2021-03-25;0;0;0;0;0;0;0;0;0;0;0;0;0;0;0;0;0;0
FR;8;2021-03-26;0;0;0;0;0;0;0;0;0;0;0;0;0;0;0;0;0;0
FR;8;2021-03-27;0;0;0;0;0;0;0;0;0;0;0;0;0;0;0;0;0;0
FR;8;2021-03-28;0;0;0;0;0;0;0;0;0;0;0;0;0;0;0;0;0;0
FR;8;2021-03-29;0;0;0;0;0;0;0;0;0;0;0;0;0;0;0;0;0;0
FR;8;2021-03-30;0;0;0;0;0;0;0;0;0;0;0;0;0;0;0;0;0;0
FR;8;2021-03-31;0;0;0;0;0;0;0;0;0;0;0;0;0;0;0;0;0;0
FR;8;2021-04-01;0;0;0;0;0;0;0;0;0;0;0;0;0;0;0;0;0;0
FR;8;2021-04-02;0;0;0;0;0;0;0;0;0;0;0;0;0;0;0;0;0;0
FR;8;2021-04-03;0;0;0;0;0;0;0;0;0;0;0;0;0;0;0;0;0;0
FR;8;2021-04-04;0;0;0;0;0;0;0;0;0;0;0;0;0;0;0;0;0;0
FR;8;2021-04-05;0;0;0;0;0;0;0;0;0;0;0;0;0;0;0;0;0;0
FR;8;2021-04-06;0;0;0;0;0;0;0;0;0;0;0;0;0;0;0;0;0;0
FR;8;2021-04-07;0;0;0;0;0;0;0;0;0;0;0;0;0;0;0;0;0;0
FR;8;2021-04-08;0;0;0;0;0;0;0;0;0;0;0;0;0;0;0;0;0;0
FR;8;2021-04-09;0;0;0;0;0;0;0;0;0;0;0;0;0;0;0;0;0;0
FR;8;2021-04-10;0;0;0;0;0;0;0;0;0;0;0;0;0;0;0;0;0;0
FR;8;2021-04-11;0;0;0;0;0;0;0;0;0;0;0;0;0;0;0;0;0;0
FR;8;2021-04-12;0;0;0;0;0;0;0;0;0;0;0;0;0;0;0;0;0;0
FR;8;2021-04-13;0;0;0;0;0;0;0;0;0;0;0;0;0;0;0;0;0;0
FR;8;2021-04-14;0;0;0;0;0;0;0;0;0;0;0;0;0;0;0;0;0;0
FR;8;2021-04-15;0;0;0;0;0;0;0;0;0;0;0;0;0;0;0;0;0;0
FR;8;2021-04-16;0;0;0;0;0;0;0;0;0;0;0;0;0;0;0;0;0;0
FR;8;2021-04-17;0;0;0;0;0;0;0;0;0;0;0;0;0;0;0;0;0;0
FR;8;2021-04-18;0;0;0;0;0;0;0;0;0;0;0;0;0;0;0;0;0;0
FR;8;2021-04-19;0;0;0;0;0;0;0;0;0;0;0;0;0;0;0;0;0;0
FR;8;2021-04-20;0;0;0;0;0;0;0;0;0;0;0;0;0;0;0;0;0;0
FR;8;2021-04-21;0;0;0;0;0;0;0;0;0;0;0;0;0;0;0;0;0;0
FR;8;2021-04-22;0;0;0;0;0;0;0;0;0;0;0;0;0;0;0;0;0;0
FR;8;2021-04-23;0;0;0;0;0;0;0;0;0;0;0;0;0;0;0;0;0;0
FR;8;2021-04-24;0;0;0;0;0;0;0;0;0;0;0;0;0;0;0;0;0;0
FR;8;2021-04-25;0;0;0;0;0;0;0;0;0;0;0;0;0;0;0;0;0;0
FR;8;2021-04-26;0;0;0;0;0;0;0;0;0;0;0;0;0;0;0;0;0;0
FR;8;2021-04-27;0;0;0;0;0;0;0;0;0;0;0;0;0;0;0;0;0;0
FR;8;2021-04-28;0;0;0;0;0;0;0;0;0;0;0;0;0;0;0;0;0;0
FR;8;2021-04-29;0;0;0;0;0;0;0;0;0;0;0;0;0;0;0;0;0;0
FR;8;2021-04-30;0;0;0;0;0;0;0;0;0;0;0;0;0;0;0;0;0;0
FR;8;2021-05-01;0;0;0;0;0;0;0;0;0;0;0;0;0;0;0;0;0;0
FR;8;2021-05-02;0;0;0;0;0;0;0;0;0;0;0;0;0;0;0;0;0;0
FR;8;2021-05-03;0;0;0;0;0;0;0;0;0;0;0;0;0;0;0;0;0;0
FR;8;2021-05-04;0;0;0;0;0;0;0;0;0;0;0;0;0;0;0;0;0;0
FR;8;2021-05-05;0;0;0;0;0;0;0;0;0;0;0;0;0;0;0;0;0;0
FR;8;2021-05-06;0;0;0;0;0;0;0;0;0;0;0;0;0;0;0;0;0;0
FR;8;2021-05-07;0;0;0;0;0;0;0;0;0;0;0;0;0;0;0;0;0;0
FR;8;2021-05-08;0;0;0;0;0;0;0;0;0;0;0;0;0;0;0;0;0;0
FR;8;2021-05-09;0;0;0;0;0;0;0;0;0;0;0;0;0;0;0;0;0;0
FR;8;2021-05-10;0;0;0;0;0;0;0;0;0;0;0;0;0;0;0;0;0;0
FR;8;2021-05-11;0;0;0;0;0;0;0;0;0;0;0;0;0;0;0;0;0;0
FR;8;2021-05-12;0;0;0;0;0;0;0;0;0;0;0;0;0;0;0;0;0;0
FR;8;2021-05-13;0;0;0;0;0;0;0;0;0;0;0;0;0;0;0;0;0;0
FR;8;2021-05-14;0;0;0;0;0;0;0;0;0;0;0;0;0;0;0;0;0;0
FR;8;2021-05-15;0;0;0;0;0;0;0;0;0;0;0;0;0;0;0;0;0;0
FR;8;2021-05-16;0;0;0;0;0;0;0;0;0;0;0;0;0;0;0;0;0;0
FR;8;2021-05-17;0;0;0;0;0;0;0;0;0;0;0;0;0;0;0;0;0;0
FR;8;2021-05-18;0;0;0;0;0;0;0;0;0;0;0;0;0;0;0;0;0;0
FR;8;2021-05-19;0;0;0;0;0;0;0;0;0;0;0;0;0;0;0;0;0;0
FR;8;2021-05-20;0;0;0;0;0;0;0;0;0;0;0;0;0;0;0;0;0;0
FR;8;2021-05-21;0;0;0;0;0;0;0;0;0;0;0;0;0;0;0;0;0;0
FR;8;2021-05-22;0;0;0;0;0;0;0;0;0;0;0;0;0;0;0;0;0;0
FR;8;2021-05-23;0;0;0;0;0;0;0;0;0;0;0;0;0;0;0;0;0;0
FR;8;2021-05-24;0;0;0;0;0;0;0;0;0;0;0;0;0;0;0;0;0;0
FR;8;2021-05-25;0;0;0;0;0;0;0;0;0;0;0;0;0;0;0;0;0;0
FR;8;2021-05-26;0;0;0;0;0;0;0;0;0;0;0;0;0;0;0;0;0;0
FR;8;2021-05-27;0;0;0;0;0;0;0;0;0;0;0;0;0;0;0;0;0;0
FR;8;2021-05-28;0;0;0;0;0;0;0;0;0;0;0;0;0;0;0;0;0;0
FR;8;2021-05-29;0;0;0;0;0;0;0;0;0;0;0;0;0;0;0;0;0;0
FR;8;2021-05-30;0;0;0;0;0;0;0;0;0;0;0;0;0;0;0;0;0;0
FR;8;2021-05-31;0;0;0;0;0;0;0;0;0;0;0;0;0;0;0;0;0;0
FR;8;2021-06-01;0;0;0;0;0;0;0;0;0;0;0;0;0;0;0;0;0;0
FR;8;2021-06-02;0;0;0;0;0;0;0;0;0;0;0;0;0;0;0;0;0;0
FR;8;2021-06-03;0;0;0;0;0;0;0;0;0;0;0;0;0;0;0;0;0;0
FR;8;2021-06-04;0;0;0;0;0;0;0;0;0;0;0;0;0;0;0;0;0;0
FR;8;2021-06-05;0;0;0;0;0;0;0;0;0;0;0;0;0;0;0;0;0;0
FR;8;2021-06-06;0;0;0;0;0;0;0;0;0;0;0;0;0;0;0;0;0;0
FR;8;2021-06-07;0;0;0;0;0;0;0;0;0;0;0;0;0;0;0;0;0;0
FR;8;2021-06-08;0;0;0;0;0;0;0;0;0;0;0;0;0;0;0;0;0;0
FR;8;2021-06-09;0;0;0;0;0;0;0;0;0;0;0;0;0;0;0;0;0;0
FR;8;2021-06-10;0;0;0;0;0;0;0;0;0;0;0;0;0;0;0;0;0;0
FR;8;2021-06-11;0;0;0;0;0;0;0;0;0;0;0;0;0;0;0;0;0;0
FR;8;2021-06-12;0;0;0;0;0;0;0;0;0;0;0;0;0;0;0;0;0;0
FR;8;2021-06-13;0;0;0;0;0;0;0;0;0;0;0;0;0;0;0;0;0;0
FR;8;2021-06-14;0;0;0;0;0;0;0;0;0;0;0;0;0;0;0;0;0;0
FR;8;2021-06-15;0;0;0;0;0;0;0;0;0;0;0;0;0;0;0;0;0;0
FR;8;2021-06-16;0;0;0;0;0;0;0;0;0;0;0;0;0;0;0;0;0;0
FR;8;2021-06-17;0;0;0;0;0;0;0;0;0;0;0;0;0;0;0;0;0;0
FR;8;2021-06-18;0;0;0;0;0;0;0;0;0;0;0;0;0;0;0;0;0;0
FR;8;2021-06-19;0;0;0;0;0;0;0;0;0;0;0;0;0;0;0;0;0;0
FR;8;2021-06-20;0;0;0;0;0;0;0;0;0;0;0;0;0;0;0;0;0;0
FR;8;2021-06-21;0;0;0;0;0;0;0;0;0;0;0;0;0;0;0;0;0;0
FR;8;2021-06-22;0;0;0;0;0;0;0;0;0;0;0;0;0;0;0;0;0;0
FR;8;2021-06-23;0;0;0;0;0;0;0;0;0;0;0;0;0;0;0;0;0;0
FR;8;2021-06-24;0;0;0;0;0;0;0;0;0;0;0;0;0;0;0;0;0;0
FR;8;2021-06-25;0;0;0;0;0;0;0;0;0;0;0;0;0;0;0;0;0;0
FR;8;2021-06-26;0;0;0;0;0;0;0;0;0;0;0;0;0;0;0;0;0;0
FR;8;2021-06-27;0;0;0;0;0;0;0;0;0;0;0;0;0;0;0;0;0;0
FR;8;2021-06-28;0;0;0;0;0;0;0;0;0;0;0;0;0;0;0;0;0;0
FR;8;2021-06-29;0;0;0;0;0;0;0;0;0;0;0;0;0;0;0;0;0;0
FR;8;2021-06-30;0;0;0;0;0;0;0;0;0;0;0;0;0;0;0;0;0;0
FR;8;2021-07-01;0;0;0;0;0;0;0;0;0;0;0;0;0;0;0;0;0;0
FR;8;2021-07-02;0;0;0;0;0;0;0;0;0;0;0;0;0;0;0;0;0;0
FR;8;2021-07-03;0;0;0;0;0;0;0;0;0;0;0;0;0;0;0;0;0;0
FR;8;2021-07-04;0;0;0;0;0;0;0;0;0;0;0;0;0;0;0;0;0;0
FR;8;2021-07-05;0;0;0;0;0;0;0;0;0;0;0;0;0;0;0;0;0;0
FR;8;2021-07-06;0;0;0;0;0;0;0;0;0;0;0;0;0;0;0;0;0;0
FR;8;2021-07-07;0;0;0;0;0;0;0;0;0;0;0;0;0;0;0;0;0;0
FR;8;2021-07-08;0;0;0;0;0;0;0;0;0;0;0;0;0;0;0;0;0;0
FR;8;2021-07-09;0;0;0;0;0;0;0;0;0;0;0;0;0;0;0;0;0;0
FR;8;2021-07-10;0;0;0;0;0;0;0;0;0;0;0;0;0;0;0;0;0;0
FR;8;2021-07-11;0;0;0;0;0;0;0;0;0;0;0;0;0;0;0;0;0;0
FR;8;2021-07-12;0;0;0;0;0;0;0;0;0;0;0;0;0;0;0;0;0;0
FR;8;2021-07-13;0;0;0;0;0;0;0;0;0;0;0;0;0;0;0;0;0;0
FR;8;2021-07-14;0;0;0;0;0;0;0;0;0;0;0;0;0;0;0;0;0;0
FR;8;2021-07-15;0;0;0;0;0;0;0;0;0;0;0;0;0;0;0;0;0;0
FR;8;2021-07-16;0;0;0;0;0;0;0;0;0;0;0;0;0;0;0;0;0;0
FR;8;2021-07-17;0;0;0;0;0;0;0;0;0;0;0;0;0;0;0;0;0;0
FR;8;2021-07-18;0;0;0;0;0;0;0;0;0;0;0;0;0;0;0;0;0;0
FR;8;2021-07-19;0;0;0;0;0;0;0;0;0;0;0;0;0;0;0;0;0;0
FR;8;2021-07-20;0;0;0;0;0;0;0;0;0;0;0;0;0;0;0;0;0;0
FR;8;2021-07-21;0;0;0;0;0;0;0;0;0;0;0;0;0;0;0;0;0;0
FR;8;2021-07-22;0;0;0;0;0;0;0;0;0;0;0;0;0;0;0;0;0;0
FR;8;2021-07-23;0;0;0;0;0;0;0;0;0;0;0;0;0;0;0;0;0;0
FR;8;2021-07-24;0;0;0;0;0;0;0;0;0;0;0;0;0;0;0;0;0;0
FR;8;2021-07-25;0;0;0;0;0;0;0;0;0;0;0;0;0;0;0;0;0;0
FR;8;2021-07-26;0;0;0;0;0;0;0;0;0;0;0;0;0;0;0;0;0;0
FR;8;2021-07-27;0;0;0;0;0;0;0;0;0;0;0;0;0;0;0;0;0;0
FR;8;2021-07-28;0;0;0;0;0;0;0;0;0;0;0;0;0;0;0;0;0;0
FR;8;2021-07-29;0;0;0;0;0;0;0;0;0;0;0;0;0;0;0;0;0;0
FR;8;2021-07-30;0;0;0;0;0;0;0;0;0;0;0;0;0;0;0;0;0;0
FR;8;2021-07-31;0;0;0;0;0;0;0;0;0;0;0;0;0;0;0;0;0;0
FR;8;2021-08-01;0;0;0;0;0;0;0;0;0;0;0;0;0;0;0;0;0;0
FR;8;2021-08-02;0;0;0;0;0;0;0;0;0;0;0;0;0;0;0;0;0;0
FR;8;2021-08-03;0;0;0;0;0;0;0;0;0;0;0;0;0;0;0;0;0;0
FR;8;2021-08-04;0;0;0;0;0;0;0;0;0;0;0;0;0;0;0;0;0;0
FR;8;2021-08-05;0;0;0;0;0;0;0;0;0;0;0;0;0;0;0;0;0;0
FR;8;2021-08-06;0;0;0;0;0;0;0;0;0;0;0;0;0;0;0;0;0;0
FR;8;2021-08-07;0;0;0;0;0;0;0;0;0;0;0;0;0;0;0;0;0;0
FR;8;2021-08-08;0;0;0;0;0;0;0;0;0;0;0;0;0;0;0;0;0;0
FR;8;2021-08-09;0;0;0;0;0;0;0;0;0;0;0;0;0;0;0;0;0;0
FR;8;2021-08-10;0;0;0;0;0;0;0;0;0;0;0;0;0;0;0;0;0;0
FR;8;2021-08-11;0;0;0;0;0;0;0;0;0;0;0;0;0;0;0;0;0;0
FR;8;2021-08-12;0;0;0;0;0;0;0;0;0;0;0;0;0;0;0;0;0;0
FR;8;2021-08-13;0;0;0;0;0;0;0;0;0;0;0;0;0;0;0;0;0;0
FR;8;2021-08-14;0;0;0;0;0;0;0;0;0;0;0;0;0;0;0;0;0;0
FR;8;2021-08-15;0;0;0;0;0;0;0;0;0;0;0;0;0;0;0;0;0;0
FR;8;2021-08-16;0;0;0;0;0;0;0;0;0;0;0;0;0;0;0;0;0;0
FR;8;2021-08-17;0;0;0;0;0;0;0;0;0;0;0;0;0;0;0;0;0;0
FR;8;2021-08-18;0;0;0;0;0;0;0;0;0;0;0;0;0;0;0;0;0;0
FR;8;2021-08-19;0;0;0;0;0;0;0;0;0;0;0;0;0;0;0;0;0;0
FR;8;2021-08-20;0;0;0;0;0;0;0;0;0;0;0;0;0;0;0;0;0;0
FR;8;2021-08-21;0;0;0;0;0;0;0;0;0;0;0;0;0;0;0;0;0;0
FR;8;2021-08-22;0;0;0;0;0;0;0;0;0;0;0;0;0;0;0;0;0;0
FR;8;2021-08-23;0;0;0;0;0;0;0;0;0;0;0;0;0;0;0;0;0;0
FR;8;2021-08-24;0;0;0;0;0;0;0;0;0;0;0;0;0;0;0;0;0;0
FR;8;2021-08-25;0;0;0;0;0;0;0;0;0;0;0;0;0;0;0;0;0;0
FR;8;2021-08-26;0;0;0;0;0;0;0;0;0;0;0;0;0;0;0;0;0;0
FR;8;2021-08-27;0;0;0;0;0;0;0;0;0;0;0;0;0;0;0;0;0;0
FR;8;2021-08-28;0;0;0;0;0;0;0;0;0;0;0;0;0;0;0;0;0;0
FR;8;2021-08-29;0;0;0;0;0;0;0;0;0;0;0;0;0;0;0;0;0;0
FR;8;2021-08-30;0;0;0;0;0;0;0;0;0;0;0;0;0;0;0;0;0;0
FR;8;2021-08-31;0;0;0;0;0;0;0;0;0;0;0;0;0;0;0;0;0;0
FR;8;2021-09-01;0;0;0;0;0;0;0;0;0;0;0;0;0;0;0;0;0;0
FR;8;2021-09-02;0;0;0;0;0;0;0;0;0;0;0;0;0;0;0;0;0;0
FR;8;2021-09-03;0;0;0;0;0;0;0;0;0;0;0;0;0;0;0;0;0;0
FR;8;2021-09-04;0;0;0;0;0;0;0;0;0;0;0;0;0;0;0;0;0;0
FR;8;2021-09-05;0;0;0;0;0;0;0;0;0;0;0;0;0;0;0;0;0;0
FR;8;2021-09-06;0;0;0;0;0;0;0;0;0;0;0;0;0;0;0;0;0;0
FR;8;2021-09-07;0;0;0;0;0;0;0;0;0;0;0;0;0;0;0;0;0;0
FR;8;2021-09-08;0;0;0;0;0;0;0;0;0;0;0;0;0;0;0;0;0;0
FR;8;2021-09-09;0;0;0;0;0;0;0;0;0;0;0;0;0;0;0;0;0;0
FR;8;2021-09-10;0;0;0;0;0;0;0;0;0;0;0;0;0;0;0;0;0;0
FR;8;2021-09-11;0;0;0;0;0;0;0;0;0;0;0;0;0;0;0;0;0;0
FR;8;2021-09-12;0;0;0;0;0;0;0;0;0;0;0;0;0;0;0;0;0;0
FR;8;2021-09-13;0;0;0;0;0;0;0;0;0;0;0;0;0;0;0;0;0;0
FR;8;2021-09-14;0;0;0;0;0;0;0;0;0;0;0;0;0;0;0;0;0;0
FR;8;2021-09-15;0;0;0;0;0;0;0;0;0;0;0;0;0;0;0;0;0;0
FR;8;2021-09-16;0;0;0;0;0;0;0;0;0;0;0;0;0;0;0;0;0;0
FR;8;2021-09-17;0;0;0;0;0;0;0;0;0;0;0;0;0;0;0;0;0;0
FR;8;2021-09-18;0;0;0;0;0;0;0;0;0;0;0;0;0;0;0;0;0;0
FR;8;2021-09-19;0;0;0;0;0;0;0;0;0;0;0;0;0;0;0;0;0;0
FR;8;2021-09-20;0;0;0;0;0;0;0;0;0;0;0;0;0;0;0;0;0;0
FR;8;2021-09-21;0;0;0;0;0;0;0;0;0;0;0;0;0;0;0;0;0;0
FR;8;2021-09-22;0;0;0;0;0;0;0;0;0;0;0;0;0;0;0;0;0;0
FR;8;2021-09-23;0;0;0;0;0;0;0;0;0;0;0;0;0;0;0;0;0;0
FR;8;2021-09-24;0;0;0;0;0;0;0;0;0;0;0;0;0;0;0;0;0;0
FR;8;2021-09-25;0;0;0;0;0;0;0;0;0;0;0;0;0;0;0;0;0;0
FR;8;2021-09-26;0;0;0;0;0;0;0;0;0;0;0;0;0;0;0;0;0;0
FR;8;2021-09-27;0;0;0;0;0;0;0;0;0;0;0;0;0;0;0;0;0;0
FR;8;2021-09-28;0;0;0;0;0;0;0;0;0;0;0;0;0;0;0;0;0;0
FR;8;2021-09-29;0;0;0;0;0;0;0;0;0;0;0;0;0;0;0;0;0;0
FR;8;2021-09-30;0;0;0;0;0;0;0;0;0;0;0;0;0;0;0;0;0;0
FR;8;2021-10-01;0;0;0;0;0;0;0;0;0;0;0;0;0;0;0;0;0;0
FR;8;2021-10-02;0;0;0;0;0;0;0;0;0;0;0;0;0;0;0;0;0;0
FR;8;2021-10-03;0;0;0;0;0;0;0;0;0;0;0;0;0;0;0;0;0;0
FR;8;2021-10-04;0;0;0;0;0;0;0;0;0;0;0;0;0;0;0;0;0;0
FR;8;2021-10-05;0;0;0;0;0;0;0;0;0;0;0;0;0;0;0;0;0;0
FR;8;2021-10-06;0;0;0;0;0;0;0;0;0;0;0;0;0;0;0;0;0;0
FR;8;2021-10-07;0;0;0;0;0;0;0;0;0;0;0;0;0;0;0;0;0;0
FR;8;2021-10-08;0;0;0;0;0;0;0;0;0;0;0;0;0;0;0;0;0;0
FR;8;2021-10-09;0;0;0;0;0;0;0;0;0;0;0;0;0;0;0;0;0;0
FR;8;2021-10-10;0;0;0;0;0;0;0;0;0;0;0;0;0;0;0;0;0;0
FR;8;2021-10-11;0;0;0;0;0;0;0;0;0;0;0;0;0;0;0;0;0;0
FR;8;2021-10-12;0;0;0;0;0;0;0;0;0;0;0;0;0;0;0;0;0;0
FR;8;2021-10-13;0;0;0;0;0;0;0;0;0;0;0;0;0;0;0;0;0;0
FR;8;2021-10-14;0;0;0;0;0;0;0;0;0;0;0;0;0;0;0;0;0;0
FR;8;2021-10-15;0;0;0;0;0;0;0;0;0;0;0;0;0;0;0;0;0;0
FR;8;2021-10-16;0;0;0;0;0;0;0;0;0;0;0;0;0;0;0;0;0;0
FR;8;2021-10-17;0;0;0;0;0;0;0;0;0;0;0;0;0;0;0;0;0;0
FR;8;2021-10-18;0;0;0;0;0;0;0;0;0;0;0;0;0;0;0;0;0;0
FR;8;2021-10-19;0;0;0;0;0;0;0;0;0;0;0;0;0;0;0;0;0;0
FR;8;2021-10-20;0;0;0;0;0;0;0;0;0;0;0;0;0;0;0;0;0;0
FR;8;2021-10-21;0;0;0;0;0;0;0;0;0;0;0;0;0;0;0;0;0;0
FR;8;2021-10-22;0;0;0;0;0;0;0;0;0;0;0;0;0;0;0;0;0;0
FR;8;2021-10-23;0;0;0;0;0;0;0;0;0;0;0;0;0;0;0;0;0;0
FR;8;2021-10-24;0;0;0;0;0;0;0;0;0;0;0;0;0;0;0;0;0;0
FR;8;2021-10-25;0;0;0;0;0;0;0;0;0;0;0;0;0;0;0;0;0;0
FR;8;2021-10-26;0;0;0;0;0;0;0;0;0;0;0;0;0;0;0;0;0;0
FR;8;2021-10-27;0;0;0;0;0;0;0;0;0;0;0;0;0;0;0;0;0;0
FR;8;2021-10-28;0;0;0;0;0;0;0;0;0;0;0;0;0;0;0;0;0;0
FR;8;2021-10-29;0;0;0;0;0;0;0;0;0;0;0;0;0;0;0;0;0;0
FR;8;2021-10-30;0;0;0;0;0;0;0;0;0;0;0;0;0;0;0;0;0;0
FR;8;2021-10-31;0;0;0;0;0;0;0;0;0;0;0;0;0;0;0;0;0;0
FR;8;2021-11-01;0;0;0;0;0;0;0;0;0;0;0;0;0;0;0;0;0;0
FR;8;2021-11-02;0;0;0;0;0;0;0;0;0;0;0;0;0;0;0;0;0;0
FR;8;2021-11-03;0;0;0;0;0;0;0;0;0;0;0;0;0;0;0;0;0;0
FR;8;2021-11-04;0;0;0;0;0;0;0;0;0;0;0;0;0;0;0;0;0;0
FR;8;2021-11-05;0;0;0;0;0;0;0;0;0;0;0;0;0;0;0;0;0;0
FR;8;2021-11-06;0;0;0;0;0;0;0;0;0;0;0;0;0;0;0;0;0;0
FR;8;2021-11-07;0;0;0;0;0;0;0;0;0;0;0;0;0;0;0;0;0;0
FR;8;2021-11-08;0;0;0;0;0;0;0;0;0;0;0;0;0;0;0;0;0;0
FR;8;2021-11-09;0;0;0;0;0;0;0;0;0;0;0;0;0;0;0;0;0;0
FR;8;2021-11-10;0;0;0;0;0;0;0;0;0;0;0;0;0;0;0;0;0;0
FR;8;2021-11-11;0;0;0;0;0;0;0;0;0;0;0;0;0;0;0;0;0;0
FR;8;2021-11-12;0;0;0;0;0;0;0;0;0;0;0;0;0;0;0;0;0;0
FR;8;2021-11-13;0;0;0;0;0;0;0;0;0;0;0;0;0;0;0;0;0;0
FR;8;2021-11-14;0;0;0;0;0;0;0;0;0;0;0;0;0;0;0;0;0;0
FR;8;2021-11-15;0;0;0;0;0;0;0;0;0;0;0;0;0;0;0;0;0;0
FR;8;2021-11-16;0;0;0;0;0;0;0;0;0;0;0;0;0;0;0;0;0;0
FR;8;2021-11-17;0;0;0;0;0;0;0;0;0;0;0;0;0;0;0;0;0;0
FR;8;2021-11-18;0;0;0;0;0;0;0;0;0;0;0;0;0;0;0;0;0;0
FR;8;2021-11-19;0;0;0;0;0;0;0;0;0;0;0;0;0;0;0;0;0;0
FR;8;2021-11-20;0;0;0;0;0;0;0;0;0;0;0;0;0;0;0;0;0;0
FR;8;2021-11-21;0;0;0;0;0;0;0;0;0;0;0;0;0;0;0;0;0;0
FR;8;2021-11-22;0;0;0;0;0;0;0;0;0;0;0;0;0;0;0;0;0;0
FR;8;2021-11-23;0;0;0;0;0;0;0;0;0;0;0;0;0;0;0;0;0;0
FR;8;2021-11-24;0;0;0;0;0;0;0;0;0;0;0;0;0;0;0;0;0;0
FR;8;2021-11-25;0;0;0;0;0;0;0;0;0;0;0;0;0;0;0;0;0;0
FR;8;2021-11-26;0;0;0;0;0;0;0;0;0;0;0;0;0;0;0;0;0;0
FR;8;2021-11-27;0;0;0;0;0;0;0;0;0;0;0;0;0;0;0;0;0;0
FR;8;2021-11-28;0;0;0;0;0;0;0;0;0;0;0;0;0;0;0;0;0;0
FR;8;2021-11-29;0;0;0;0;0;0;0;0;0;0;0;0;0;0;0;0;0;0
FR;8;2021-11-30;0;0;0;0;0;0;0;0;0;0;0;0;0;0;0;0;0;0
FR;8;2021-12-01;0;0;0;0;0;0;0;0;0;0;0;0;0;0;0;0;0;0
FR;8;2021-12-02;0;0;0;0;0;0;0;0;0;0;0;0;0;0;0;0;0;0
FR;8;2021-12-03;0;0;0;0;0;0;0;0;0;0;0;0;0;0;0;0;0;0
FR;8;2021-12-04;0;0;0;0;0;0;0;0;0;0;0;0;0;0;0;0;0;0
FR;8;2021-12-05;0;0;0;0;0;0;0;0;0;0;0;0;0;0;0;0;0;0
FR;8;2021-12-06;0;0;0;0;0;0;0;0;0;0;0;0;0;0;0;0;0;0
FR;8;2021-12-07;0;0;0;0;0;0;0;0;0;0;0;0;0;0;0;0;0;0
FR;8;2021-12-08;0;0;0;0;0;0;0;0;0;0;0;0;0;0;0;0;0;0
FR;8;2021-12-09;0;0;0;0;0;0;0;0;0;0;0;0;0;0;0;0;0;0
FR;8;2021-12-10;0;0;0;0;0;0;0;0;0;0;0;0;0;0;0;0;0;0
FR;8;2021-12-11;0;0;0;0;0;0;0;0;0;0;0;0;0;0;0;0;0;0
FR;8;2021-12-12;0;0;0;0;0;0;0;0;0;0;0;0;0;0;0;0;0;0
FR;8;2021-12-13;0;0;0;0;0;0;0;0;0;0;0;0;0;0;0;0;0;0
FR;8;2021-12-14;0;0;0;0;0;0;0;0;0;0;0;0;0;0;0;0;0;0
FR;8;2021-12-15;0;0;0;0;0;0;0;0;0;0;0;0;0;0;0;0;0;0
FR;8;2021-12-16;0;0;0;0;0;0;0;0;0;0;0;0;0;0;0;0;0;0
FR;8;2021-12-17;0;0;0;0;0;0;0;0;0;0;0;0;0;0;0;0;0;0
FR;8;2021-12-18;0;0;0;0;0;0;0;0;0;0;0;0;0;0;0;0;0;0
FR;8;2021-12-19;0;0;0;0;0;0;0;0;0;0;0;0;0;0;0;0;0;0
FR;8;2021-12-20;0;0;0;0;0;0;0;0;0;0;0;0;0;0;0;0;0;0
FR;8;2021-12-21;0;0;0;0;0;0;0;0;0;0;0;0;0;0;0;0;0;0
FR;8;2021-12-22;0;0;0;0;0;0;0;0;0;0;0;0;0;0;0;0;0;0
FR;8;2021-12-23;0;0;0;0;0;0;0;0;0;0;0;0;0;0;0;0;0;0
FR;8;2021-12-24;0;0;0;0;0;0;0;0;0;0;0;0;0;0;0;0;0;0
FR;8;2021-12-25;0;0;0;0;0;0;0;0;0;0;0;0;0;0;0;0;0;0
FR;8;2021-12-26;0;0;0;0;0;0;0;0;0;0;0;0;0;0;0;0;0;0
FR;8;2021-12-27;0;0;0;0;0;0;0;0;0;0;0;0;0;0;0;0;0;0
FR;8;2021-12-28;0;0;0;0;0;0;0;0;0;0;0;0;0;0;0;0;0;0
FR;8;2021-12-29;0;0;0;0;0;0;0;0;0;0;0;0;0;0;0;0;0;0
FR;8;2021-12-30;0;0;0;0;0;0;0;0;0;0;0;0;0;0;0;0;0;0
FR;8;2021-12-31;0;0;0;0;0;0;0;0;0;0;0;0;0;0;0;0;0;0
FR;8;2022-01-01;0;0;0;0;0;0;0;0;0;0;0;0;0;0;0;0;0;0
FR;8;2022-01-02;0;0;0;0;0;0;0;0;0;0;0;0;0;0;0;0;0;0
FR;8;2022-01-03;0;0;0;0;0;0;0;0;0;0;0;0;0;0;0;0;0;0
FR;8;2022-01-04;0;0;0;0;0;0;0;0;0;0;0;0;0;0;0;0;0;0
FR;8;2022-01-05;0;0;0;0;0;0;0;0;0;0;0;0;0;0;0;0;0;0
FR;8;2022-01-06;0;0;0;0;0;0;0;0;0;0;0;0;0;0;0;0;0;0
FR;8;2022-01-07;0;0;0;0;0;0;0;0;0;0;0;0;0;0;0;0;0;0
FR;8;2022-01-08;0;0;0;0;0;0;0;0;0;0;0;0;0;0;0;0;0;0
FR;8;2022-01-09;0;0;0;0;0;0;0;0;0;0;0;0;0;0;0;0;0;0
FR;8;2022-01-10;0;0;0;0;0;0;0;0;0;0;0;0;0;0;0;0;0;0
FR;8;2022-01-11;0;0;0;0;0;0;0;0;0;0;0;0;0;0;0;0;0;0
FR;8;2022-01-12;0;0;0;0;0;0;0;0;0;0;0;0;0;0;0;0;0;0
FR;8;2022-01-13;0;0;0;0;0;0;0;0;0;0;0;0;0;0;0;0;0;0
FR;8;2022-01-14;0;0;0;0;0;0;0;0;0;0;0;0;0;0;0;0;0;0
FR;8;2022-01-15;0;0;0;0;0;0;0;0;0;0;0;0;0;0;0;0;0;0
FR;8;2022-01-16;0;0;0;0;0;0;0;0;0;0;0;0;0;0;0;0;0;0
FR;8;2022-01-17;0;0;0;0;0;0;0;0;0;0;0;0;0;0;0;0;0;0
FR;8;2022-01-18;0;0;0;0;0;0;0;0;0;0;0;0;0;0;0;0;0;0
FR;8;2022-01-19;0;0;0;0;0;0;0;0;0;0;0;0;0;0;0;0;0;0
FR;8;2022-01-20;0;0;0;0;0;0;0;0;0;0;0;0;0;0;0;0;0;0
FR;8;2022-01-21;0;0;0;0;0;0;0;0;0;0;0;0;0;0;0;0;0;0
FR;8;2022-01-22;0;0;0;0;0;0;0;0;0;0;0;0;0;0;0;0;0;0
FR;8;2022-01-23;0;0;0;0;0;0;0;0;0;0;0;0;0;0;0;0;0;0
FR;8;2022-01-24;0;0;0;0;0;0;0;0;0;0;0;0;0;0;0;0;0;0
FR;8;2022-01-25;0;0;0;0;0;0;0;0;0;0;0;0;0;0;0;0;0;0
FR;8;2022-01-26;0;0;0;0;0;0;0;0;0;0;0;0;0;0;0;0;0;0
FR;8;2022-01-27;0;0;0;0;0;0;0;0;0;0;0;0;0;0;0;0;0;0
FR;8;2022-01-28;0;0;0;0;0;0;0;0;0;0;0;0;0;0;0;0;0;0
FR;8;2022-01-29;0;0;0;0;0;0;0;0;0;0;0;0;0;0;0;0;0;0
FR;8;2022-01-30;0;0;0;0;0;0;0;0;0;0;0;0;0;0;0;0;0;0
FR;8;2022-01-31;0;0;0;0;0;0;0;0;0;0;0;0;0;0;0;0;0;0
FR;8;2022-02-01;0;0;0;0;0;0;0;0;0;0;0;0;0;0;0;0;0;0
FR;8;2022-02-02;0;0;0;0;0;0;0;0;0;0;0;0;0;0;0;0;0;0
FR;8;2022-02-03;0;0;0;0;0;0;0;0;0;0;0;0;0;0;0;0;0;0
FR;8;2022-02-04;0;0;0;0;0;0;0;0;0;0;0;0;0;0;0;0;0;0
FR;8;2022-02-05;0;0;0;0;0;0;0;0;0;0;0;0;0;0;0;0;0;0
FR;8;2022-02-06;0;0;0;0;0;0;0;0;0;0;0;0;0;0;0;0;0;0
FR;8;2022-02-07;0;0;0;0;0;0;0;0;0;0;0;0;0;0;0;0;0;0
FR;8;2022-02-08;0;0;0;0;0;0;0;0;0;0;0;0;0;0;0;0;0;0
FR;8;2022-02-09;0;0;0;0;0;0;0;0;0;0;0;0;0;0;0;0;0;0
FR;8;2022-02-10;0;0;0;0;0;0;0;0;0;0;0;0;0;0;0;0;0;0
FR;8;2022-02-11;0;0;0;0;0;0;0;0;0;0;0;0;0;0;0;0;0;0
FR;8;2022-02-12;0;0;0;0;0;0;0;0;0;0;0;0;0;0;0;0;0;0
FR;8;2022-02-13;0;0;0;0;0;0;0;0;0;0;0;0;0;0;0;0;0;0
FR;8;2022-02-14;0;0;0;0;0;0;0;0;0;0;0;0;0;0;0;0;0;0
FR;8;2022-02-15;0;0;0;0;0;0;0;0;0;0;0;0;0;0;0;0;0;0
FR;8;2022-02-16;0;0;0;0;0;0;0;0;0;0;0;0;0;0;0;0;0;0
FR;8;2022-02-17;0;0;0;0;0;0;0;0;0;0;0;0;0;0;0;0;0;0
FR;8;2022-02-18;0;0;0;0;0;0;0;0;0;0;0;0;0;0;0;0;0;0
FR;8;2022-02-19;0;0;0;0;0;0;0;0;0;0;0;0;0;0;0;0;0;0
FR;8;2022-02-20;0;0;0;0;0;0;0;0;0;0;0;0;0;0;0;0;0;0
FR;8;2022-02-21;0;0;0;0;0;0;0;0;0;0;0;0;0;0;0;0;0;0
FR;8;2022-02-22;0;0;0;0;0;0;0;0;0;0;0;0;0;0;0;0;0;0
FR;8;2022-02-23;0;0;0;0;0;0;0;0;0;0;0;0;0;0;0;0;0;0
FR;8;2022-02-24;0;0;0;0;0;0;0;0;0;0;0;0;0;0;0;0;0;0
FR;8;2022-02-25;0;0;0;0;0;0;0;0;0;0;0;0;0;0;0;0;0;0
FR;8;2022-02-26;0;0;0;0;0;0;0;0;0;0;0;0;0;0;0;0;0;0
FR;8;2022-02-27;0;0;0;0;0;0;0;0;0;0;0;0;0;0;0;0;0;0
FR;8;2022-02-28;0;0;0;0;0;0;0;0;0;0;0;0;0;0;0;0;0;0
FR;8;2022-03-01;0;0;0;0;0;0;0;0;0;0;0;0;0;0;0;0;0;0
FR;8;2022-03-02;0;0;0;0;0;0;0;0;0;0;0;0;0;0;0;0;0;0
FR;8;2022-03-03;0;0;0;0;0;0;0;0;0;0;0;0;0;0;0;0;0;0
FR;8;2022-03-04;0;0;0;0;0;0;0;0;0;0;0;0;0;0;0;0;0;0
FR;8;2022-03-05;0;0;0;0;0;0;0;0;0;0;0;0;0;0;0;0;0;0
FR;8;2022-03-06;0;0;0;0;0;0;0;0;0;0;0;0;0;0;0;0;0;0
FR;8;2022-03-07;0;0;0;0;0;0;0;0;0;0;0;0;0;0;0;0;0;0
FR;8;2022-03-08;0;0;0;0;0;0;0;0;0;0;0;0;0;0;0;0;0;0
FR;8;2022-03-09;0;0;0;0;0;0;0;0;0;0;0;0;0;0;0;0;0;0
FR;8;2022-03-10;0;0;0;0;0;0;0;0;0;0;0;0;0;0;0;0;0;0
FR;8;2022-03-11;0;0;0;0;0;0;0;0;0;0;0;0;0;0;0;0;0;0
FR;8;2022-03-12;0;0;0;0;0;0;0;0;0;0;0;0;0;0;0;0;0;0
FR;8;2022-03-13;0;0;0;0;0;0;0;0;0;0;0;0;0;0;0;0;0;0
FR;8;2022-03-14;0;0;0;0;0;0;0;0;0;0;0;0;0;0;0;0;0;0
FR;8;2022-03-15;0;0;0;0;0;0;0;0;0;0;0;0;0;0;0;0;0;0
FR;8;2022-03-16;0;0;0;0;0;0;0;0;0;0;0;0;0;0;0;0;0;0
FR;8;2022-03-17;0;0;0;0;0;0;0;0;0;0;0;0;0;0;0;0;0;0
FR;8;2022-03-18;0;0;0;0;0;0;0;0;0;0;0;0;0;0;0;0;0;0
FR;8;2022-03-19;0;0;0;0;0;0;0;0;0;0;0;0;0;0;0;0;0;0
FR;8;2022-03-20;0;0;0;0;0;0;0;0;0;0;0;0;0;0;0;0;0;0
FR;8;2022-03-21;0;0;0;0;0;0;0;0;0;0;0;0;0;0;0;0;0;0
FR;8;2022-03-22;0;0;0;0;0;0;0;0;0;0;0;0;0;0;0;0;0;0
FR;8;2022-03-23;0;0;0;0;0;0;0;0;0;0;0;0;0;0;0;0;0;0
FR;8;2022-03-24;0;0;0;0;0;0;0;0;0;0;0;0;0;0;0;0;0;0
FR;8;2022-03-25;0;0;0;0;0;0;0;0;0;0;0;0;0;0;0;0;0;0
FR;8;2022-03-26;0;0;0;0;0;0;0;0;0;0;0;0;0;0;0;0;0;0
FR;8;2022-03-27;0;0;0;0;0;0;0;0;0;0;0;0;0;0;0;0;0;0
FR;8;2022-03-28;0;0;0;0;0;0;0;0;0;0;0;0;0;0;0;0;0;0
FR;8;2022-03-29;0;0;0;0;0;0;0;0;0;0;0;0;0;0;0;0;0;0
FR;8;2022-03-30;0;0;0;0;0;0;0;0;0;0;0;0;0;0;0;0;0;0
FR;8;2022-03-31;0;0;0;0;0;0;0;0;0;0;0;0;0;0;0;0;0;0
FR;8;2022-04-01;0;0;0;0;0;0;0;0;0;0;0;0;0;0;0;0;0;0
FR;8;2022-04-02;0;0;0;0;0;0;0;0;0;0;0;0;0;0;0;0;0;0
FR;8;2022-04-03;0;0;0;0;0;0;0;0;0;0;0;0;0;0;0;0;0;0
FR;8;2022-04-04;0;0;0;0;0;0;0;0;0;0;0;0;0;0;0;0;0;0
FR;8;2022-04-05;0;0;0;0;0;0;0;0;0;0;0;0;0;0;0;0;0;0
FR;8;2022-04-06;0;0;0;0;0;0;0;0;0;0;0;0;0;0;0;0;0;0
FR;8;2022-04-07;0;0;0;0;0;0;0;0;0;0;0;0;0;0;0;0;0;0
FR;8;2022-04-08;0;0;0;0;0;0;0;0;0;0;0;0;0;0;0;0;0;0
FR;8;2022-04-09;0;0;0;0;0;0;0;0;0;0;0;0;0;0;0;0;0;0
FR;8;2022-04-10;0;0;0;0;0;0;0;0;0;0;0;0;0;0;0;0;0;0
FR;8;2022-04-11;0;0;0;0;0;0;0;0;0;0;0;0;0;0;0;0;0;0
FR;8;2022-04-12;0;0;0;0;0;0;0;0;0;0;0;0;0;0;0;0;0;0
FR;8;2022-04-13;0;0;0;0;0;0;0;0;0;0;0;0;0;0;0;0;0;0
FR;8;2022-04-14;0;0;0;0;0;0;0;0;0;0;0;0;0;0;0;0;0;0
FR;8;2022-04-15;0;0;0;0;0;0;0;0;0;0;0;0;0;0;0;0;0;0
FR;8;2022-04-16;0;0;0;0;0;0;0;0;0;0;0;0;0;0;0;0;0;0
FR;8;2022-04-17;0;0;0;0;0;0;0;0;0;0;0;0;0;0;0;0;0;0
FR;8;2022-04-18;0;0;0;0;0;0;0;0;0;0;0;0;0;0;0;0;0;0
FR;8;2022-04-19;0;0;0;0;0;0;0;0;0;0;0;0;0;0;0;0;0;0
FR;8;2022-04-20;0;0;0;0;0;0;0;0;0;0;0;0;0;0;0;0;0;0
FR;8;2022-04-21;0;0;0;0;0;0;0;0;0;0;0;0;0;0;0;0;0;0
FR;8;2022-04-22;0;0;0;0;0;0;0;0;0;0;0;0;0;0;0;0;0;0
FR;8;2022-04-23;0;0;0;0;0;0;0;0;0;0;0;0;0;0;0;0;0;0
FR;8;2022-04-24;0;0;0;0;0;0;0;0;0;0;0;0;0;0;0;0;0;0
FR;8;2022-04-25;0;0;0;0;0;0;0;0;0;0;0;0;0;0;0;0;0;0
FR;8;2022-04-26;0;0;0;0;0;0;0;0;0;0;0;0;0;0;0;0;0;0
FR;8;2022-04-27;0;0;0;0;0;0;0;0;0;0;0;0;0;0;0;0;0;0
FR;8;2022-04-28;0;0;0;0;0;0;0;0;0;0;0;0;0;0;0;0;0;0
FR;8;2022-04-29;0;0;0;0;0;0;0;0;0;0;0;0;0;0;0;0;0;0
FR;8;2022-04-30;0;0;0;0;0;0;0;0;0;0;0;0;0;0;0;0;0;0
FR;8;2022-05-01;0;0;0;0;0;0;0;0;0;0;0;0;0;0;0;0;0;0
FR;8;2022-05-02;0;0;0;0;0;0;0;0;0;0;0;0;0;0;0;0;0;0
FR;8;2022-05-03;0;0;0;0;0;0;0;0;0;0;0;0;0;0;0;0;0;0
FR;8;2022-05-04;0;0;0;0;0;0;0;0;0;0;0;0;0;0;0;0;0;0
FR;8;2022-05-05;0;0;0;0;0;0;0;0;0;0;0;0;0;0;0;0;0;0
FR;8;2022-05-06;0;0;0;0;0;0;0;0;0;0;0;0;0;0;0;0;0;0
FR;8;2022-05-07;0;0;0;0;0;0;0;0;0;0;0;0;0;0;0;0;0;0
FR;8;2022-05-08;0;0;0;0;0;0;0;0;0;0;0;0;0;0;0;0;0;0
FR;8;2022-05-09;0;0;0;0;0;0;0;0;0;0;0;0;0;0;0;0;0;0
FR;8;2022-05-10;0;0;0;0;0;0;0;0;0;0;0;0;0;0;0;0;0;0
FR;8;2022-05-11;0;0;0;0;0;0;0;0;0;0;0;0;0;0;0;0;0;0
FR;8;2022-05-12;0;0;0;0;0;0;0;0;0;0;0;0;0;0;0;0;0;0
FR;8;2022-05-13;0;0;0;0;0;0;0;0;0;0;0;0;0;0;0;0;0;0
FR;8;2022-05-14;0;0;0;0;0;0;0;0;0;0;0;0;0;0;0;0;0;0
FR;8;2022-05-15;0;0;0;0;0;0;0;0;0;0;0;0;0;0;0;0;0;0
FR;8;2022-05-16;0;0;0;0;0;0;0;0;0;0;0;0;0;0;0;0;0;0
FR;8;2022-05-17;0;0;0;0;0;0;0;0;0;0;0;0;0;0;0;0;0;0
FR;8;2022-05-18;0;0;0;0;0;0;0;0;0;0;0;0;0;0;0;0;0;0
FR;8;2022-05-19;0;0;0;0;0;0;0;0;0;0;0;0;0;0;0;0;0;0
FR;8;2022-05-20;0;0;0;0;0;0;0;0;0;0;0;0;0;0;0;0;0;0
FR;8;2022-05-21;0;0;0;0;0;0;0;0;0;0;0;0;0;0;0;0;0;0
FR;8;2022-05-22;0;0;0;0;0;0;0;0;0;0;0;0;0;0;0;0;0;0
FR;8;2022-05-23;0;0;0;0;0;0;0;0;0;0;0;0;0;0;0;0;0;0
FR;8;2022-05-24;0;0;0;0;0;0;0;0;0;0;0;0;0;0;0;0;0;0
FR;8;2022-05-25;0;0;0;0;0;0;0;0;0;0;0;0;0;0;0;0;0;0
FR;8;2022-05-26;0;0;0;0;0;0;0;0;0;0;0;0;0;0;0;0;0;0
FR;8;2022-05-27;0;0;0;0;0;0;0;0;0;0;0;0;0;0;0;0;0;0
FR;8;2022-05-28;0;0;0;0;0;0;0;0;0;0;0;0;0;0;0;0;0;0
FR;8;2022-05-29;0;0;0;0;0;0;0;0;0;0;0;0;0;0;0;0;0;0
FR;8;2022-05-30;0;0;0;0;0;0;0;0;0;0;0;0;0;0;0;0;0;0
FR;8;2022-05-31;0;0;0;0;0;0;0;0;0;0;0;0;0;0;0;0;0;0
FR;8;2022-06-01;0;0;0;0;0;0;0;0;0;0;0;0;0;0;0;0;0;0
FR;8;2022-06-02;0;0;0;0;0;0;0;0;0;0;0;0;0;0;0;0;0;0
FR;8;2022-06-03;0;0;0;0;0;0;0;0;0;0;0;0;0;0;0;0;0;0
FR;8;2022-06-04;0;0;0;0;0;0;0;0;0;0;0;0;0;0;0;0;0;0
FR;8;2022-06-05;0;0;0;0;0;0;0;0;0;0;0;0;0;0;0;0;0;0
FR;8;2022-06-06;0;0;0;0;0;0;0;0;0;0;0;0;0;0;0;0;0;0
FR;8;2022-06-07;0;0;0;0;0;0;0;0;0;0;0;0;0;0;0;0;0;0
FR;8;2022-06-08;0;0;0;0;0;0;0;0;0;0;0;0;0;0;0;0;0;0
FR;8;2022-06-09;0;0;0;0;0;0;0;0;0;0;0;0;0;0;0;0;0;0
FR;8;2022-06-10;0;0;0;0;0;0;0;0;0;0;0;0;0;0;0;0;0;0
FR;8;2022-06-11;0;0;0;0;0;0;0;0;0;0;0;0;0;0;0;0;0;0
FR;8;2022-06-12;0;0;0;0;0;0;0;0;0;0;0;0;0;0;0;0;0;0
FR;8;2022-06-13;0;0;0;0;0;0;0;0;0;0;0;0;0;0;0;0;0;0
FR;8;2022-06-14;0;0;0;0;0;0;0;0;0;0;0;0;0;0;0;0;0;0
FR;8;2022-06-15;0;0;0;0;0;0;0;0;0;0;0;0;0;0;0;0;0;0
FR;8;2022-06-16;0;0;0;0;0;0;0;0;0;0;0;0;0;0;0;0;0;0
FR;8;2022-06-17;0;0;0;0;0;0;0;0;0;0;0;0;0;0;0;0;0;0
FR;8;2022-06-18;0;0;0;0;0;0;0;0;0;0;0;0;0;0;0;0;0;0
FR;8;2022-06-19;0;0;0;0;0;0;0;0;0;0;0;0;0;0;0;0;0;0
FR;8;2022-06-20;0;0;0;0;0;0;0;0;0;0;0;0;0;0;0;0;0;0
FR;8;2022-06-21;0;0;0;0;0;0;0;0;0;0;0;0;0;0;0;0;0;0
FR;8;2022-06-22;0;0;0;0;0;0;0;0;0;0;0;0;0;0;0;0;0;0
FR;8;2022-06-23;0;0;0;0;0;0;0;0;0;0;0;0;0;0;0;0;0;0
FR;8;2022-06-24;0;0;0;0;0;0;0;0;0;0;0;0;0;0;0;0;0;0
FR;8;2022-06-25;0;0;0;0;0;0;0;0;0;0;0;0;0;0;0;0;0;0
FR;8;2022-06-26;0;0;0;0;0;0;0;0;0;0;0;0;0;0;0;0;0;0
FR;8;2022-06-27;0;0;0;0;0;0;0;0;0;0;0;0;0;0;0;0;0;0
FR;8;2022-06-28;0;0;0;0;0;0;0;0;0;0;0;0;0;0;0;0;0;0
FR;8;2022-06-29;0;0;0;0;0;0;0;0;0;0;0;0;0;0;0;0;0;0
FR;8;2022-06-30;0;0;0;0;0;0;0;0;0;0;0;0;0;0;0;0;0;0
FR;8;2022-07-01;0;0;0;0;0;0;0;0;0;0;0;0;0;0;0;0;0;0
FR;8;2022-07-02;0;0;0;0;0;0;0;0;0;0;0;0;0;0;0;0;0;0
FR;8;2022-07-03;0;0;0;0;0;0;0;0;0;0;0;0;0;0;0;0;0;0
FR;8;2022-07-04;0;0;0;0;0;0;0;0;0;0;0;0;0;0;0;0;0;0
FR;8;2022-07-05;0;0;0;0;0;0;0;0;0;0;0;0;0;0;0;0;0;0
FR;8;2022-07-06;0;0;0;0;0;0;0;0;0;0;0;0;0;0;0;0;0;0
FR;8;2022-07-07;0;0;0;0;0;0;0;0;0;0;0;0;0;0;0;0;0;0
FR;8;2022-07-08;0;0;0;0;0;0;0;0;0;0;0;0;0;0;0;0;0;0
FR;8;2022-07-09;0;0;0;0;0;0;0;0;0;0;0;0;0;0;0;0;0;0
FR;8;2022-07-10;0;0;0;0;0;0;0;0;0;0;0;0;0;0;0;0;0;0
FR;8;2022-07-11;0;0;0;0;0;0;0;0;0;0;0;0;0;0;0;0;0;0
FR;8;2022-07-12;0;0;0;0;0;0;0;0;0;0;0;0;0;0;0;0;0;0
FR;8;2022-07-13;0;0;0;0;0;0;0;0;0;0;0;0;0;0;0;0;0;0
FR;8;2022-07-14;0;0;0;0;0;0;0;0;0;0;0;0;0;0;0;0;0;0
FR;8;2022-07-15;0;0;0;0;0;0;0;0;0;0;0;0;0;0;0;0;0;0
FR;8;2022-07-16;0;0;0;0;0;0;0;0;0;0;0;0;0;0;0;0;0;0
FR;8;2022-07-17;0;0;0;0;0;0;0;0;0;0;0;0;0;0;0;0;0;0
FR;8;2022-07-18;0;0;0;0;0;0;0;0;0;0;0;0;0;0;0;0;0;0
FR;8;2022-07-19;0;0;0;0;0;0;0;0;0;0;0;0;0;0;0;0;0;0
FR;8;2022-07-20;0;0;0;0;0;0;0;0;0;0;0;0;0;0;0;0;0;0
FR;8;2022-07-21;0;0;0;0;0;0;0;0;0;0;0;0;0;0;0;0;0;0
FR;8;2022-07-22;0;0;0;0;0;0;0;0;0;0;0;0;0;0;0;0;0;0
FR;8;2022-07-23;0;0;0;0;0;0;0;0;0;0;0;0;0;0;0;0;0;0
FR;8;2022-07-24;0;0;0;0;0;0;0;0;0;0;0;0;0;0;0;0;0;0
FR;8;2022-07-25;0;0;0;0;0;0;0;0;0;0;0;0;0;0;0;0;0;0
FR;8;2022-07-26;0;0;0;0;0;0;0;0;0;0;0;0;0;0;0;0;0;0
FR;8;2022-07-27;0;0;0;0;0;0;0;0;0;0;0;0;0;0;0;0;0;0
FR;8;2022-07-28;0;0;0;0;0;0;0;0;0;0;0;0;0;0;0;0;0;0
FR;8;2022-07-29;0;0;0;0;0;0;0;0;0;0;0;0;0;0;0;0;0;0
FR;8;2022-07-30;0;0;0;0;0;0;0;0;0;0;0;0;0;0;0;0;0;0
FR;8;2022-07-31;0;0;0;0;0;0;0;0;0;0;0;0;0;0;0;0;0;0
FR;8;2022-08-01;0;0;0;0;0;0;0;0;0;0;0;0;0;0;0;0;0;0
FR;8;2022-08-02;0;0;0;0;0;0;0;0;0;0;0;0;0;0;0;0;0;0
FR;8;2022-08-03;0;0;0;0;0;0;0;0;0;0;0;0;0;0;0;0;0;0
FR;8;2022-08-04;0;0;0;0;0;0;0;0;0;0;0;0;0;0;0;0;0;0
FR;8;2022-08-05;0;0;0;0;0;0;0;0;0;0;0;0;0;0;0;0;0;0
FR;8;2022-08-06;0;0;0;0;0;0;0;0;0;0;0;0;0;0;0;0;0;0
FR;8;2022-08-07;0;0;0;0;0;0;0;0;0;0;0;0;0;0;0;0;0;0
FR;8;2022-08-08;0;0;0;0;0;0;0;0;0;0;0;0;0;0;0;0;0;0
FR;8;2022-08-09;0;0;0;0;0;0;0;0;0;0;0;0;0;0;0;0;0;0
FR;8;2022-08-10;0;0;0;0;0;0;0;0;0;0;0;0;0;0;0;0;0;0
FR;8;2022-08-11;0;0;0;0;0;0;0;0;0;0;0;0;0;0;0;0;0;0
FR;8;2022-08-12;0;0;0;0;0;0;0;0;0;0;0;0;0;0;0;0;0;0
FR;8;2022-08-13;0;0;0;0;0;0;0;0;0;0;0;0;0;0;0;0;0;0
FR;8;2022-08-14;0;0;0;0;0;0;0;0;0;0;0;0;0;0;0;0;0;0
FR;8;2022-08-15;0;0;0;0;0;0;0;0;0;0;0;0;0;0;0;0;0;0
FR;8;2022-08-16;0;0;0;0;0;0;0;0;0;0;0;0;0;0;0;0;0;0
FR;8;2022-08-17;0;0;0;0;0;0;0;0;0;0;0;0;0;0;0;0;0;0
FR;8;2022-08-18;0;0;0;0;0;0;0;0;0;0;0;0;0;0;0;0;0;0
FR;8;2022-08-19;0;0;0;0;0;0;0;0;0;0;0;0;0;0;0;0;0;0
FR;8;2022-08-20;0;0;0;0;0;0;0;0;0;0;0;0;0;0;0;0;0;0
FR;8;2022-08-21;0;0;0;0;0;0;0;0;0;0;0;0;0;0;0;0;0;0
FR;8;2022-08-22;0;0;0;0;0;0;0;0;0;0;0;0;0;0;0;0;0;0
FR;8;2022-08-23;0;0;0;0;0;0;0;0;0;0;0;0;0;0;0;0;0;0
FR;8;2022-08-24;0;0;0;0;0;0;0;0;0;0;0;0;0;0;0;0;0;0
FR;8;2022-08-25;0;0;0;0;0;0;0;0;0;0;0;0;0;0;0;0;0;0
FR;8;2022-08-26;0;0;0;0;0;0;0;0;0;0;0;0;0;0;0;0;0;0
FR;8;2022-08-27;0;0;0;0;0;0;0;0;0;0;0;0;0;0;0;0;0;0
FR;8;2022-08-28;0;0;0;0;0;0;0;0;0;0;0;0;0;0;0;0;0;0
FR;8;2022-08-29;0;0;0;0;0;0;0;0;0;0;0;0;0;0;0;0;0;0
FR;8;2022-08-30;0;0;0;0;0;0;0;0;0;0;0;0;0;0;0;0;0;0
FR;8;2022-08-31;0;0;0;0;0;0;0;0;0;0;0;0;0;0;0;0;0;0
FR;8;2022-09-01;0;0;0;0;0;0;0;0;0;0;0;0;0;0;0;0;0;0
FR;8;2022-09-02;0;0;0;0;0;0;0;0;0;0;0;0;0;0;0;0;0;0
FR;8;2022-09-03;0;0;0;0;0;0;0;0;0;0;0;0;0;0;0;0;0;0
FR;8;2022-09-04;0;0;0;0;0;0;0;0;0;0;0;0;0;0;0;0;0;0
FR;8;2022-09-05;0;0;0;0;0;0;0;0;0;0;0;0;0;0;0;0;0;0
FR;8;2022-09-06;0;0;0;0;0;0;0;0;0;0;0;0;0;0;0;0;0;0
FR;8;2022-09-07;0;0;0;0;0;0;0;0;0;0;0;0;0;0;0;0;0;0
FR;8;2022-09-08;0;0;0;0;0;0;0;0;0;0;0;0;0;0;0;0;0;0
FR;8;2022-09-09;0;0;0;0;0;0;0;0;0;0;0;0;0;0;0;0;0;0
FR;8;2022-09-10;0;0;0;0;0;0;0;0;0;0;0;0;0;0;0;0;0;0
FR;8;2022-09-11;0;0;0;0;0;0;0;0;0;0;0;0;0;0;0;0;0;0
FR;8;2022-09-12;0;0;0;0;0;0;0;0;0;0;0;0;0;0;0;0;0;0
FR;8;2022-09-13;0;0;0;0;0;0;0;0;0;0;0;0;0;0;0;0;0;0
FR;8;2022-09-14;0;0;0;0;0;0;0;0;0;0;0;0;0;0;0;0;0;0
FR;8;2022-09-15;0;0;0;0;0;0;0;0;0;0;0;0;0;0;0;0;0;0
FR;8;2022-09-16;0;0;0;0;0;0;0;0;0;0;0;0;0;0;0;0;0;0
FR;8;2022-09-17;0;0;0;0;0;0;0;0;0;0;0;0;0;0;0;0;0;0
FR;8;2022-09-18;0;0;0;0;0;0;0;0;0;0;0;0;0;0;0;0;0;0
FR;8;2022-09-19;0;0;0;0;0;0;0;0;0;0;0;0;0;0;0;0;0;0
FR;8;2022-09-20;0;0;0;0;0;0;0;0;0;0;0;0;0;0;0;0;0;0
FR;8;2022-09-21;0;0;0;0;0;0;0;0;0;0;0;0;0;0;0;0;0;0
FR;8;2022-09-22;0;0;0;0;0;0;0;0;0;0;0;0;0;0;0;0;0;0
FR;8;2022-09-23;0;0;0;0;0;0;0;0;0;0;0;0;0;0;0;0;0;0
FR;8;2022-09-24;0;0;0;0;0;0;0;0;0;0;0;0;0;0;0;0;0;0
FR;8;2022-09-25;0;0;0;0;0;0;0;0;0;0;0;0;0;0;0;0;0;0
FR;8;2022-09-26;0;0;0;0;0;0;0;0;0;0;0;0;0;0;0;0;0;0
FR;8;2022-09-27;0;0;0;0;0;0;0;0;0;0;0;0;0;0;0;0;0;0
FR;8;2022-09-28;0;0;0;0;0;0;0;0;0;0;0;0;0;0;0;0;0;0
FR;8;2022-09-29;0;0;0;0;0;0;0;0;0;0;0;0;0;0;0;0;0;0
FR;8;2022-09-30;0;0;0;0;0;0;0;0;0;0;0;0;0;0;0;0;0;0
FR;8;2022-10-01;0;0;0;0;0;0;0;0;0;0;0;0;0;0;0;0;0;0
FR;8;2022-10-02;0;0;0;0;0;0;0;0;0;0;0;0;0;0;0;0;0;0
FR;8;2022-10-03;0;0;0;0;0;0;0;0;0;0;0;0;0;0;0;0;0;0
FR;8;2022-10-04;0;0;0;0;0;0;0;0;0;0;0;0;0;0;0;0;0;0
FR;8;2022-10-05;0;0;0;0;0;0;0;0;0;0;0;0;0;0;0;0;0;0
FR;8;2022-10-06;14;17;113;861;8;83;866;1059;110;14;17;113;861;8;83;866;1059;110
FR;8;2022-10-07;75;103;843;8012;63;700;8066;9846;1073;89;120;956;8873;71;783;8932;10905;1183
FR;8;2022-10-08;37;115;610;4057;50;516;4109;5310;676;126;235;1566;12930;121;1299;13041;16215;1859
FR;8;2022-10-09;17;22;145;885;13;132;913;1234;185;143;257;1711;13815;134;1431;13954;17449;2044
FR;8;2022-10-10;131;192;1351;12751;106;1044;12982;16301;2253;274;449;3062;26566;240;2475;26936;33750;4297
FR;8;2022-10-11;205;264;2477;26947;136;2013;27217;33995;4727;479;713;5539;53513;376;4488;54153;67745;9024
FR;8;2022-10-12;165;258;1831;18238;152;1441;18474;23477;3538;644;971;7370;71751;528;5929;72627;91222;12562
FR;8;2022-10-13;209;281;2512;28079;178;1905;28443;35582;5206;853;1252;9882;99830;706;7834;101070;126804;17768
FR;8;2022-10-14;257;419;3272;36247;241;2557;36672;45578;6307;1110;1671;13154;136077;947;10391;137742;172382;24075
FR;8;2022-10-15;105;182;1203;8806;79;1002;8932;11783;1829;1215;1853;14357;144883;1026;11393;146674;184165;25904
FR;8;2022-10-16;36;54;248;1522;26;215;1557;2179;402;1251;1907;14605;146405;1052;11608;148231;186344;26306
FR;8;2022-10-17;159;313;2101;21806;175;1631;22113;28301;4535;1410;2220;16706;168211;1227;13239;170344;214645;30841
FR;8;2022-10-18;276;350;3356;37862;227;2654;38245;50787;9815;1686;2570;20062;206073;1454;15893;208589;265432;40656
FR;8;2022-10-19;205;314;2632;28301;183;2188;28629;38749;7871;1891;2884;22694;234374;1637;18081;237218;304181;48527
FR;8;2022-10-20;257;368;3577;41214;229;2653;41819;55725;11168;2148;3252;26271;275588;1866;20734;279037;359906;59695
FR;8;2022-10-21;325;489;4461;49421;276;3475;50020;66311;12717;2473;3741;30732;325009;2142;24209;329057;426217;72412
FR;8;2022-10-22;127;168;1230;10665;112;927;10851;14746;2949;2600;3909;31962;335674;2254;25136;339908;440963;75361
FR;8;2022-10-23;50;53;266;1762;48;197;1841;2610;571;2650;3962;32228;337436;2302;25333;341749;443573;75932
FR;8;2022-10-24;231;312;2475;24047;175;2074;24345;33555;7085;2881;4274;34703;361483;2477;27407;366094;477128;83017
FR;8;2022-10-25;307;417;4082;43467;257;3138;44066;61318;14011;3188;4691;38785;404950;2734;30545;410160;538446;97028
FR;8;2022-10-26;228;343;2886;28762;187;2381;29042;41474;9963;3416;5034;41671;433712;2921;32926;439202;579920;106991
FR;8;2022-10-27;277;415;3330;36200;243;2636;36676;51267;11890;3693;5449;45001;469912;3164;35562;475878;631187;118881
FR;8;2022-10-28;330;466;3829;39480;259;2864;40203;55137;12001;4023;5915;48830;509392;3423;38426;516081;686324;130882
FR;8;2022-10-29;113;165;1074;8230;94;803;8374;11861;2667;4136;6080;49904;517622;3517;39229;524455;698185;133549
FR;8;2022-10-30;40;53;210;1348;38;180;1394;2063;485;4176;6133;50114;518970;3555;39409;525849;700248;134034
FR;8;2022-10-31;196;260;1665;14543;145;1277;14808;21210;5107;4372;6393;51779;533513;3700;40686;540657;721458;139141
FR;8;2022-11-01;52;43;137;963;25;171;978;1626;474;4424;6436;51916;534476;3725;40857;541635;723084;139615
FR;8;2022-11-02;207;371;2377;23320;206;1982;23716;35076;9311;4631;6807;54293;557796;3931;42839;565351;758160;148926
FR;8;2022-11-03;310;419;3487;36970;260;2604;37615;54694;14376;4941;7226;57780;594766;4191;45443;602966;812854;163302
FR;8;2022-11-04;357;497;3784;40211;262;2976;40734;58003;14182;5298;7723;61564;634977;4453;48419;643700;870857;177484
FR;8;2022-11-05;113;189;1103;8769;123;850;8936;12892;3071;5411;7912;62667;643746;4576;49269;652636;883749;180555
FR;8;2022-11-06;45;56;224;1410;38;205;1443;2252;594;5456;7968;62891;645156;4614;49474;654079;886001;181149
FR;8;2022-11-07;278;282;2324;24845;211;1799;25433;37636;10336;5734;8250;65215;670001;4825;51273;679512;923637;191485
FR;8;2022-11-08;384;508;4340;48423;308;3274;49405;71666;18825;6118;8758;69555;718424;5133;54547;728917;995303;210310
FR;8;2022-11-09;271;370;2879;29183;212;2263;29868;44486;12271;6389;9128;72434;747607;5345;56810;758785;1039789;222581
FR;8;2022-11-10;373;549;3959;40303;317;3036;41214;60602;16212;6762;9677;76393;787910;5662;59846;799999;1100391;238793
FR;8;2022-11-11;40;67;243;1480;38;204;1526;2676;933;6802;9744;76636;789390;5700;60050;801525;1103067;239726
FR;8;2022-11-12;84;166;881;6433;80;687;6636;9894;2552;6886;9910;77517;795823;5780;60737;808161;1112961;242278
FR;8;2022-11-13;36;56;213;1110;37;173;1162;1927;586;6922;9966;77730;796933;5817;60910;809323;1114888;242864
FR;8;2022-11-14;238;307;2244;22470;169;1727;23007;35135;10326;7160;10273;79974;819403;5986;62637;832330;1150023;253190
FR;8;2022-11-15;354;432;3765;42380;266;2875;43289;64850;18552;7514;10705;83739;861783;6252;65512;875619;1214873;271742
FR;8;2022-11-16;316;353;2622;26559;222;2158;27034;41791;12514;7830;11058;86361;888342;6474;67670;902653;1256664;284256
FR;8;2022-11-17;373;431;3390;36895;293;2621;37477;56715;16518;8203;11489;89751;925237;6767;70291;940130;1313379;300774
FR;8;2022-11-18;346;468;4074;42329;290;2978;43183;63704;17439;8549;11957;93825;967566;7057;73269;983313;1377083;318213
FR;8;2022-11-19;121;183;1198;8974;122;844;9156;13839;3801;8670;12140;95023;976540;7179;74113;992469;1390922;322014
FR;8;2022-11-20;35;55;260;1587;39;217;1655;2666;789;8705;12195;95283;978127;7218;74330;994124;1393588;322803
FR;8;2022-11-21;218;303;2078;20129;178;1601;20661;32199;9870;8923;12498;97361;998256;7396;75931;1014785;1425787;332673
FR;8;2022-11-22;338;409;3477;37571;252;2675;38090;58234;17358;9261;12907;100838;1035827;7648;78606;1052875;1484021;350031
FR;8;2022-11-23;234;327;2415;24443;192;2018;24873;39258;12285;9495;13234;103253;1060270;7840;80624;1077748;1523279;362316
FR;8;2022-11-24;352;391;3373;34927;238;2581;35616;55399;17103;9847;13625;106626;1095197;8078;83205;1113364;1578678;379419
FR;8;2022-11-25;311;428;3633;37743;291;2625;38541;57862;16572;10158;14053;110259;1132940;8369;85830;1151905;1636540;395991
FR;8;2022-11-26;172;195;1177;8819;127;898;8976;13689;3784;10330;14248;111436;1141759;8496;86728;1160881;1650229;399775
FR;8;2022-11-27;45;43;227;1549;38;180;1565;2478;723;10375;14291;111663;1143308;8534;86908;1162446;1652707;400498
FR;8;2022-11-28;184;301;2309;23397;172;1704;24060;37357;11519;10559;14592;113972;1166705;8706;88612;1186506;1690064;412017
FR;8;2022-11-29;293;430;3980;44108;218;2945;44795;69213;21350;10852;15022;117952;1210813;8924;91557;1231301;1759277;433367
FR;8;2022-11-30;284;415;3377;34890;232;2545;35654;54730;16413;11136;15437;121329;1245703;9156;94102;1266955;1814007;449780
FR;8;2022-12-01;334;476;4478;49383;274;3132;50162;77766;24309;11470;15913;125807;1295086;9430;97234;1317117;1891773;474089
FR;8;2022-12-02;410;522;5439;58460;308;3743;59637;89850;26280;11880;16435;131246;1353546;9738;100977;1376754;1981623;500369
FR;8;2022-12-03;178;223;1918;16861;113;1328;17273;25844;7207;12058;16658;133164;1370407;9851;102305;1394027;2007467;507576
FR;8;2022-12-04;54;90;489;4056;59;404;4116;6288;1756;12112;16748;133653;1374463;9910;102709;1398143;2013755;509332
FR;8;2022-12-05;304;407;3852;42398;250;2517;43323;66979;20990;12416;17155;137505;1416861;10160;105226;1441466;2080734;530322
FR;8;2022-12-06;436;555;6301;74330;314;4215;75753;117968;37754;12852;17710;143806;1491191;10474;109441;1517219;2198702;568076
FR;8;2022-12-07;367;438;4909;55038;266;3244;56128;87718;28151;13219;18148;148715;1546229;10740;112685;1573347;2286420;596227
FR;8;2022-12-08;454;541;6448;75456;299;4197;77040;120497;38999;13673;18689;155163;1621685;11039;116882;1650387;2406917;635226
FR;8;2022-12-09;546;609;8021;90910;361;5216;92679;143049;44884;14219;19298;163184;1712595;11400;122098;1743066;2549966;680110
FR;8;2022-12-10;264;376;3341;31718;243;2089;32564;48738;13994;14483;19674;166525;1744313;11643;124187;1775630;2598704;694104
FR;8;2022-12-11;90;109;938;7866;70;645;8085;11895;3145;14573;19783;167463;1752179;11713;124832;1783715;2610599;697249
FR;8;2022-12-12;356;465;5859;64351;256;3730;65864;103410;33618;14929;20248;173322;1816530;11969;128562;1849579;2714009;730867
FR;8;2022-12-13;542;611;8431;99135;360;5207;101573;160255;53140;15471;20859;181753;1915665;12329;133769;1951152;2874264;784007
FR;8;2022-12-14;460;535;6364;70058;308;4214;71642;113506;37380;15931;21394;188117;1985723;12637;137983;2022794;2987770;821387
FR;8;2022-12-15;494;663;8161;91749;378;5142;93960;149264;49821;16425;22057;196278;2077472;13015;143125;2116754;3137034;871208
FR;8;2022-12-16;580;714;8876;100322;390;5709;102452;161945;53409;17005;22771;205154;2177794;13405;148834;2219206;3298979;924617
FR;8;2022-12-17;235;309;3145;30075;192;2004;30844;46784;13831;17240;23080;208299;2207869;13597;150838;2250050;3345763;938448
FR;8;2022-12-18;63;94;732;5975;50;499;6124;9309;2657;17303;23174;209031;2213844;13647;151337;2256174;3355072;941105
FR;8;2022-12-19;402;453;5344;53774;265;3368;55337;87779;28892;17705;23627;214375;2267618;13912;154705;2311511;3442851;969997
FR;8;2022-12-20;556;585;7347;76591;352;4755;78688;127125;43354;18261;24212;221722;2344209;14264;159460;2390199;3569976;1013351
FR;8;2022-12-21;429;482;4970;48810;288;3325;50102;81792;28167;18690;24694;226692;2393019;14552;162785;2440301;3651768;1041518
FR;8;2022-12-22;465;526;4589;44285;317;3188;45505;74797;25949;19155;25220;231281;2437304;14869;165973;2485806;3726565;1067467
FR;8;2022-12-23;320;391;2887;25049;254;2102;25697;42334;14417;19475;25611;234168;2462353;15123;168075;2511503;3768899;1081884
FR;8;2022-12-24;70;70;395;2551;41;295;2665;4151;1174;19545;25681;234563;2464904;15164;168370;2514168;3773050;1083058
FR;8;2022-12-25;29;30;106;546;22;84;567;914;260;19574;25711;234669;2465450;15186;168454;2514735;3773964;1083318
FR;8;2022-12-26;245;278;2158;16092;180;1508;16705;26812;8504;19819;25989;236827;2481542;15366;169962;2531440;3800776;1091822
FR;8;2022-12-27;393;453;3776;32422;265;2534;33517;55333;19135;20212;26442;240603;2513964;15631;172496;2564957;3856109;1110957
FR;8;2022-12-28;345;343;2942;24667;192;2056;25255;41768;14337;20557;26785;243545;2538631;15823;174552;2590212;3897877;1125294
FR;8;2022-12-29;298;409;3159;25516;227;2187;26468;43980;15195;20855;27194;246704;2564147;16050;176739;2616680;3941857;1140489
FR;8;2022-12-30;300;345;2445;18677;218;1703;19319;31742;10612;21155;27539;249149;2582824;16268;178442;2635999;3973599;1151101
FR;8;2022-12-31;92;117;453;2965;75;364;3108;4764;1272;21247;27656;249602;2585789;16343;178806;2639107;3978363;1152373
FR;8;2023-01-01;17;30;112;661;14;85;684;995;225;21264;27686;249714;2586450;16357;178891;2639791;3979358;1152598
FR;8;2023-01-02;282;414;2267;18226;245;1615;18686;32080;11694;21546;28100;251981;2604676;16602;180506;2658477;4011438;1164292
FR;8;2023-01-03;476;547;4251;42808;327;2915;43724;80860;33898;22022;28647;256232;2647484;16929;183421;2702201;4092298;1198190
FR;8;2023-01-04;415;480;3495;29987;297;2426;30742;58284;24929;22437;29127;259727;2677471;17226;185847;2732943;4150582;1223119
FR;8;2023-01-05;504;599;4370;41821;400;2934;42712;82017;36051;22941;29726;264097;2719292;17626;188781;2775655;4232599;1259170
FR;8;2023-01-06;518;671;5108;46739;406;3346;47751;89700;38272;23459;30397;269205;2766031;18032;192127;2823406;4322299;1297442
FR;8;2023-01-07;219;290;1704;12304;183;1199;12617;22352;8436;23678;30687;270909;2778335;18215;193326;2836023;4344651;1305878
FR;8;2023-01-08;68;105;443;2744;64;312;2839;5094;1926;23746;30792;271352;2781079;18279;193638;2838862;4349745;1307804
FR;8;2023-01-09;405;482;2622;21492;315;1853;22055;44594;20466;24151;31274;273974;2802571;18594;195491;2860917;4394339;1328270
FR;8;2023-01-10;464;640;4349;40190;401;3068;40956;85064;40656;24615;31914;278323;2842761;18995;198559;2901873;4479403;1368926
FR;8;2023-01-11;350;461;2950;24116;287;2117;24626;51487;24452;24965;32375;281273;2866877;19282;200676;2926499;4530890;1393378
FR;8;2023-01-12;411;543;3658;33169;333;2575;33792;70832;34095;25376;32918;284931;2900046;19615;203251;2960291;4601722;1427473
FR;8;2023-01-13;449;590;4050;34893;340;2864;35507;72889;34139;25825;33508;288981;2934939;19955;206115;2995798;4674611;1461612
FR;8;2023-01-14;178;229;1343;8862;123;959;9045;17190;7106;26003;33737;290324;2943801;20078;207074;3004843;4691801;1468718
FR;8;2023-01-15;63;88;329;1481;54;244;1587;3197;1354;26066;33825;290653;2945282;20132;207318;3006430;4694998;1470072
FR;8;2023-01-16;267;340;1997;15750;199;1433;16011;35209;17562;26333;34165;292650;2961032;20331;208751;3022441;4730207;1487634
FR;8;2023-01-17;360;455;3248;28164;283;2321;28672;64507;33107;26693;34620;295898;2989196;20614;211072;3051113;4794714;1520741
FR;8;2023-01-18;266;407;2193;16822;247;1669;17067;38335;19344;26959;35027;298091;3006018;20861;212741;3068180;4833049;1540085
FR;8;2023-01-19;355;415;2667;22306;253;1950;22654;51221;26245;27314;35442;300758;3028324;21114;214691;3090834;4884270;1566330
FR;8;2023-01-20;406;508;3175;24804;309;2340;25286;56594;28587;27720;35950;303933;3053128;21423;217031;3116120;4940864;1594917
FR;8;2023-01-21;147;189;1004;6114;102;732;6241;12899;5829;27867;36139;304937;3059242;21525;217763;3122361;4953763;1600746
FR;8;2023-01-22;31;52;156;833;23;138;878;1880;844;27898;36191;305093;3060075;21548;217901;3123239;4955643;1601590
FR;8;2023-01-23;215;299;1588;10614;163;1162;10834;26665;14421;28113;36490;306681;3070689;21711;219063;3134073;4982308;1616011
FR;8;2023-01-24;305;419;2409;20005;250;1796;20266;49921;27441;28418;36909;309090;3090694;21961;220859;3154339;5032229;1643452
FR;8;2023-01-25;241;378;1800;12091;230;1324;12493;29961;15878;28659;37287;310890;3102785;22191;222183;3166832;5062190;1659330
FR;8;2023-01-26;299;386;2223;16490;265;1642;16768;41551;22750;28958;37673;313113;3119275;22456;223825;3183600;5103741;1682080
FR;8;2023-01-27;312;493;2459;17869;298;1841;18105;44184;23814;29270;38166;315572;3137144;22754;225666;3201705;5147925;1705894
FR;8;2023-01-28;125;187;767;4327;124;600;4442;9722;4591;29395;38353;316339;3141471;22878;226266;3206147;5157647;1710485
FR;8;2023-01-29;26;43;86;438;28;67;470;1058;513;29421;38396;316425;3141909;22906;226333;3206617;5158705;1710998
FR;8;2023-01-30;208;315;1228;7970;187;1014;8133;20464;11068;29629;38711;317653;3149879;23093;227347;3214750;5179169;1722066
FR;8;2023-01-31;272;382;1917;13605;235;1420;13840;36258;20707;29901;39093;319570;3163484;23328;228767;3228590;5215427;1742773
FR;8;2023-02-01;247;347;1334;8020;226;1090;8141;21710;12201;30148;39440;320904;3171504;23554;229857;3236731;5237137;1754974
FR;8;2023-02-02;257;385;1572;11467;234;1281;11688;31056;17725;30405;39825;322476;3182971;23788;231138;3248419;5268193;1772699
FR;8;2023-02-03;279;448;1847;12109;286;1437;12291;32953;18844;30684;40273;324323;3195080;24074;232575;3260710;5301146;1791543
FR;8;2023-02-04;118;159;568;2956;110;461;2998;7188;3658;30802;40432;324891;3198036;24184;233036;3263708;5308334;1795201
FR;8;2023-02-05;10;53;66;224;31;61;239;572;264;30812;40485;324957;3198260;24215;233097;3263947;5308906;1795465
FR;8;2023-02-06;186;243;942;5174;171;702;5359;15012;8719;30998;40728;325899;3203434;24386;233799;3269306;5323918;1804184
FR;8;2023-02-07;234;393;1458;9434;267;1184;9589;27600;16418;31232;41121;327357;3212868;24653;234983;3278895;5351518;1820602
FR;8;2023-02-08;173;250;1019;5851;171;808;5993;16567;9485;31405;41371;328376;3218719;24824;235791;3284888;5368085;1830087
FR;8;2023-02-09;235;385;1175;7553;246;984;7737;22241;13192;31640;41756;329551;3226272;25070;236775;3292625;5390326;1843279
FR;8;2023-02-10;277;365;1400;7956;247;1158;8090;23131;13501;31917;42121;330951;3234228;25317;237933;3300715;5413457;1856780
FR;8;2023-02-11;88;145;470;2015;100;402;2092;5228;2665;32005;42266;331421;3236243;25417;238335;3302807;5418685;1859445
FR;8;2023-02-12;27;31;51;166;25;45;187;428;189;32032;42297;331472;3236409;25442;238380;3302994;5419113;1859634
FR;8;2023-02-13;131;206;671;3168;129;607;3263;9302;5295;32163;42503;332143;3239577;25571;238987;3306257;5428415;1864929
FR;8;2023-02-14;192;264;1062;5707;160;891;5854;17116;10073;32355;42767;333205;3245284;25731;239878;3312111;5445531;1875002
FR;8;2023-02-15;164;255;847;3876;146;726;4048;11821;6845;32519;43022;334052;3249160;25877;240604;3316159;5457352;1881847
FR;8;2023-02-16;168;308;1001;4918;175;855;5061;14622;8456;32687;43330;335053;3254078;26052;241459;3321220;5471974;1890303
FR;8;2023-02-17;227;318;1101;5203;224;941;5426;15939;9313;32914;43648;336154;3259281;26276;242400;3326646;5487913;1899616
FR;8;2023-02-18;95;130;395;1492;86;312;1566;3913;1979;33009;43778;336549;3260773;26362;242712;3328212;5491826;1901595
FR;8;2023-02-19;22;36;43;132;31;35;135;333;159;33031;43814;336592;3260905;26393;242747;3328347;5492159;1901754
FR;8;2023-02-20;140;257;639;2680;161;593;2795;8202;4667;33171;44071;337231;3263585;26554;243340;3331142;5500361;1906421
FR;8;2023-02-21;178;307;966;4294;163;840;4497;13574;7960;33349;44378;338197;3267879;26717;244180;3335639;5513935;1914381
FR;8;2023-02-22;157;257;664;2775;173;622;2817;8654;5047;33506;44635;338861;3270654;26890;244802;3338456;5522589;1919428
FR;8;2023-02-23;151;262;826;3782;154;739;3963;11869;6888;33657;44897;339687;3274436;27044;245541;3342419;5534458;1926316
FR;8;2023-02-24;158;311;953;4116;191;829;4305;12438;7065;33815;45208;340640;3278552;27235;246370;3346724;5546896;1933381
FR;8;2023-02-25;58;102;346;1059;69;276;1114;2946;1498;33873;45310;340986;3279611;27304;246646;3347838;5549842;1934879
FR;8;2023-02-26;14;21;31;95;22;28;108;249;106;33887;45331;341017;3279706;27326;246674;3347946;5550091;1934985
FR;8;2023-02-27;92;223;506;1829;154;481;1900;6244;3726;33979;45554;341523;3281535;27480;247155;3349846;5556335;1938711
FR;8;2023-02-28;158;257;759;3348;153;717;3481;11648;7145;34137;45811;342282;3284883;27633;247872;3353327;5567983;1945856
FR;8;2023-03-01;130;195;523;1831;145;460;1984;6239;3648;34267;46006;342805;3286714;27778;248332;3355311;5574222;1949504
FR;8;2023-03-02;131;220;715;2764;135;607;2956;9696;5903;34398;46226;343520;3289478;27913;248939;3358267;5583918;1955407
FR;8;2023-03-03;182;331;897;3417;220;794;3546;11313;6659;34580;46557;344417;3292895;28133;249733;3361813;5595231;1962066
FR;8;2023-03-04;58;137;311;975;83;295;981;2632;1296;34638;46694;344728;3293870;28216;250028;3362794;5597863;1963362
FR;8;2023-03-05;12;20;22;49;16;26;49;185;99;34650;46714;344750;3293919;28232;250054;3362843;5598048;1963461
FR;8;2023-03-06;119;178;414;1309;103;394;1370;4426;2524;34769;46892;345164;3295228;28335;250448;3364213;5602474;1965985
FR;8;2023-03-07;121;212;570;2160;128;525;2238;7558;4576;34890;47104;345734;3297388;28463;250973;3366451;5610032;1970561
FR;8;2023-03-08;93;182;450;1343;114;401;1431;4734;2749;34983;47286;346184;3298731;28577;251374;3367882;5614766;1973310
FR;8;2023-03-09;119;202;559;1871;123;525;1934;6768;4137;35102;47488;346743;3300602;28700;251899;3369816;5621534;1977447
FR;8;2023-03-10;201;336;773;2426;215;699;2566;8579;5074;35303;47824;347516;3303028;28915;252598;3372382;5630113;1982521
FR;8;2023-03-11;54;115;271;734;79;236;768;2152;1096;35357;47939;347787;3303762;28994;252834;3373150;5632265;1983617
FR;8;2023-03-12;6;10;23;60;8;22;61;172;85;35363;47949;347810;3303822;29002;252856;3373211;5632437;1983702
FR;8;2023-03-13;81;138;385;991;89;344;1068;3432;1930;35444;48087;348195;3304813;29091;253200;3374279;5635869;1985632
FR;8;2023-03-14;110;211;561;1741;125;544;1816;6400;3833;35554;48298;348756;3306554;29216;253744;3376095;5642269;1989465
FR;8;2023-03-15;105;166;408;1101;117;371;1175;4069;2375;35659;48464;349164;3307655;29333;254115;3377270;5646338;1991840
FR;8;2023-03-16;99;192;505;1498;124;462;1583;5578;3338;35758;48656;349669;3309153;29457;254577;3378853;5651916;1995178
FR;8;2023-03-17;141;222;646;1837;136;563;1984;6838;4046;35899;48878;350315;3310990;29593;255140;3380837;5658754;1999224
FR;8;2023-03-18;75;111;272;528;70;258;587;1850;944;35974;48989;350587;3311518;29663;255398;3381424;5660604;2000168
FR;8;2023-03-19;3;15;24;45;15;12;52;116;49;35977;49004;350611;3311563;29678;255410;3381476;5660720;2000217
FR;8;2023-03-20;85;171;405;923;95;402;1005;3514;1976;36062;49175;351016;3312486;29773;255812;3382481;5664234;2002193
FR;8;2023-03-21;126;202;570;1509;119;547;1680;6105;3632;36188;49377;351586;3313995;29892;256359;3384161;5670339;2005825
FR;8;2023-03-22;118;158;396;936;106;370;1050;3636;2090;36306;49535;351982;3314931;29998;256729;3385211;5673975;2007915
FR;8;2023-03-23;89;161;515;1284;90;458;1371;4885;2847;36395;49696;352497;3316215;30088;257187;3386582;5678860;2010762
FR;8;2023-03-24;145;265;696;1618;158;635;1789;6233;3553;36540;49961;353193;3317833;30246;257822;3388371;5685093;2014315
FR;8;2023-03-25;60;94;274;491;71;240;545;1616;760;36600;50055;353467;3318324;30317;258062;3388916;5686709;2015075
FR;8;2023-03-26;6;9;16;30;8;13;30;83;38;36606;50064;353483;3318354;30325;258075;3388946;5686792;2015113
FR;8;2023-03-27;111;171;407;789;125;386;877;3126;1741;36717;50235;353890;3319143;30450;258461;3389823;5689918;2016854
FR;8;2023-03-28;110;179;529;1454;96;487;1587;5803;3446;36827;50414;354419;3320597;30546;258948;3391410;5695721;2020300
FR;8;2023-03-29;90;168;371;891;87;363;1028;3547;1968;36917;50582;354790;3321488;30633;259311;3392438;5699268;2022268
FR;8;2023-03-30;102;172;486;1254;88;480;1398;5069;2893;37019;50754;355276;3322742;30721;259791;3393836;5704337;2025161
FR;8;2023-03-31;129;248;641;1623;166;559;1764;6387;3699;37148;51002;355917;3324365;30887;260350;3395600;5710724;2028860
FR;8;2023-04-01;58;106;283;537;52;242;625;1831;870;37206;51108;356200;3324902;30939;260592;3396225;5712555;2029730
FR;8;2023-04-02;5;21;20;34;12;26;36;106;44;37211;51129;356220;3324936;30951;260618;3396261;5712661;2029774
FR;8;2023-04-03;77;140;362;738;91;333;834;2947;1611;37288;51269;356582;3325674;31042;260951;3397095;5715608;2031385
FR;8;2023-04-04;77;180;464;1107;119;391;1260;4904;2891;37365;51449;357046;3326781;31161;261342;3398355;5720512;2034276
FR;8;2023-04-05;69;134;347;734;85;333;822;3171;1807;37434;51583;357393;3327515;31246;261675;3399177;5723683;2036083
FR;8;2023-04-06;92;119;368;954;75;334;1062;3942;2247;37526;51702;357761;3328469;31321;262009;3400239;5727625;2038330
FR;8;2023-04-07;120;215;490;1163;131;452;1284;4646;2588;37646;51917;358251;3329632;31452;262461;3401523;5732271;2040918
FR;8;2023-04-08;33;93;211;347;57;206;382;1217;538;37679;52010;358462;3329979;31509;262667;3401905;5733488;2041456
FR;8;2023-04-09;4;16;16;12;9;19;16;55;15;37683;52026;358478;3329991;31518;262686;3401921;5733543;2041471
FR;8;2023-04-10;6;12;26;27;5;26;36;91;25;37689;52038;358504;3330018;31523;262712;3401957;5733634;2041496
FR;8;2023-04-11;73;174;463;886;91;457;987;4031;2217;37762;52212;358967;3330904;31614;263169;3402944;5737665;2043713
FR;8;2023-04-12;80;144;319;664;98;311;725;2989;1671;37842;52356;359286;3331568;31712;263480;3403669;5740654;2045384
FR;8;2023-04-13;67;166;360;869;100;350;954;3985;2287;37909;52522;359646;3332437;31812;263830;3404623;5744639;2047671
FR;8;2023-04-14;120;193;471;1116;129;423;1190;4839;2791;38029;52715;360117;3333553;31941;264253;3405813;5749478;2050462
FR;8;2023-04-15;32;80;197;367;42;195;394;1368;628;38061;52795;360314;3333920;31983;264448;3406207;5750846;2051090
FR;8;2023-04-16;14;14;12;34;11;16;30;107;46;38075;52809;360326;3333954;31994;264464;3406237;5750953;2051136
FR;8;2023-04-17;59;135;286;596;72;299;692;2820;1500;38134;52944;360612;3334550;32066;264763;3406929;5753773;2052636
FR;8;2023-04-18;96;136;352;798;85;357;886;3869;2190;38230;53080;360964;3335348;32151;265120;3407815;5757642;2054826
FR;8;2023-04-19;59;92;264;552;60;240;644;2604;1369;38289;53172;361228;3335900;32211;265360;3408459;5760246;2056195
FR;8;2023-04-20;66;138;292;735;86;285;786;3226;1755;38355;53310;361520;3336635;32297;265645;3409245;5763472;2057950
FR;8;2023-04-21;85;178;390;897;97;389;1014;4010;2114;38440;53488;361910;3337532;32394;266034;3410259;5767482;2060064
FR;8;2023-04-22;27;69;135;234;42;146;257;1017;496;38467;53557;362045;3337766;32436;266180;3410516;5768499;2060560
FR;8;2023-04-23;2;5;12;16;4;12;19;60;21;38469;53562;362057;3337782;32440;266192;3410535;5768559;2060581
FR;8;2023-04-24;70;115;246;483;68;231;560;2192;1101;38539;53677;362303;3338265;32508;266423;3411095;5770751;2061682
FR;8;2023-04-25;81;133;322;749;84;333;798;3764;2034;38620;53810;362625;3339014;32592;266756;3411893;5774515;2063716
FR;8;2023-04-26;56;97;245;451;75;237;515;2347;1196;38676;53907;362870;3339465;32667;266993;3412408;5776862;2064912
FR;8;2023-04-27;88;117;287;709;70;294;802;3454;1826;38764;54024;363157;3340174;32737;267287;3413210;5780316;2066738
FR;8;2023-04-28;110;195;362;767;101;381;877;3954;1984;38874;54219;363519;3340941;32838;267668;3414087;5784270;2068722
FR;8;2023-04-29;51;59;127;237;42;118;276;1003;459;38925;54278;363646;3341178;32880;267786;3414363;5785273;2069181
FR;8;2023-04-30;1;7;10;10;3;9;11;63;34;38926;54285;363656;3341188;32883;267795;3414374;5785336;2069215
FR;8;2023-05-01;14;6;13;10;4;13;13;62;21;38940;54291;363669;3341198;32887;267808;3414387;5785398;2069236
FR;8;2023-05-02;92;148;313;577;89;307;681;3257;1669;39032;54439;363982;3341775;32976;268115;3415068;5788655;2070905
FR;8;2023-05-03;77;94;218;429;66;217;475;2522;1272;39109;54533;364200;3342204;33042;268332;3415543;5791177;2072177
FR;8;2023-05-04;67;121;264;675;82;320;703;3770;1929;39176;54654;364464;3342879;33124;268652;3416246;5794947;2074106
FR;8;2023-05-05;90;156;306;723;89;348;803;4144;2169;39266;54810;364770;3343602;33213;269000;3417049;5799091;2076275
FR;8;2023-05-06;53;56;108;227;39;122;238;1063;493;39319;54866;364878;3343829;33252;269122;3417287;5800154;2076768
FR;8;2023-05-07;4;5;7;17;3;7;19;84;31;39323;54871;364885;3343846;33255;269129;3417306;5800238;2076799
FR;8;2023-05-08;12;9;15;17;7;17;36;123;61;39335;54880;364900;3343863;33262;269146;3417342;5800361;2076860
FR;8;2023-05-09;66;94;205;496;68;216;551;3212;1600;39401;54974;365105;3344359;33330;269362;3417893;5803573;2078460
FR;8;2023-05-10;65;90;179;473;65;218;513;3075;1449;39466;55064;365284;3344832;33395;269580;3418406;5806648;2079909
FR;8;2023-05-11;63;80;205;606;59;193;682;3763;1842;39529;55144;365489;3345438;33454;269773;3419088;5810411;2081751
FR;8;2023-05-12;70;93;235;696;63;240;731;4158;1955;39599;55237;365724;3346134;33517;270013;3419819;5814569;2083706
FR;8;2023-05-13;29;45;99;190;28;107;208;934;384;39628;55282;365823;3346324;33545;270120;3420027;5815503;2084090
FR;8;2023-05-14;3;12;7;14;7;11;15;82;29;39631;55294;365830;3346338;33552;270131;3420042;5815585;2084119
FR;8;2023-05-15;41;66;157;436;40;146;479;3067;1435;39672;55360;365987;3346774;33592;270277;3420521;5818652;2085554
FR;8;2023-05-16;65;116;203;795;78;218;937;5741;2688;39737;55476;366190;3347569;33670;270495;3421458;5824393;2088242
FR;8;2023-05-17;64;76;188;471;44;187;534;3083;1356;39801;55552;366378;3348040;33714;270682;3421992;5827476;2089598
FR;8;2023-05-18;3;5;9;26;3;11;32;168;65;39804;55557;366387;3348066;33717;270693;3422024;5827644;2089663
FR;8;2023-05-19;56;99;175;451;64;171;504;2723;1152;39860;55656;366562;3348517;33781;270864;3422528;5830367;2090815
FR;8;2023-05-20;32;31;87;110;21;80;123;777;303;39892;55687;366649;3348627;33802;270944;3422651;5831144;2091118
FR;8;2023-05-21;5;6;5;14;7;5;15;142;43;39897;55693;366654;3348641;33809;270949;3422666;5831286;2091161
FR;8;2023-05-22;44;42;135;444;34;134;501;3081;1378;39941;55735;366789;3349085;33843;271083;3423167;5834367;2092539
FR;8;2023-05-23;34;58;169;595;42;156;731;4605;2098;39975;55793;366958;3349680;33885;271239;3423898;5838972;2094637
FR;8;2023-05-24;43;53;162;484;37;157;560;3195;1420;40018;55846;367120;3350164;33922;271396;3424458;5842167;2096057
FR;8;2023-05-25;56;67;160;549;51;152;628;4517;2003;40074;55913;367280;3350713;33973;271548;3425086;5846684;2098060
FR;8;2023-05-26;56;100;178;594;67;183;649;4463;2041;40130;56013;367458;3351307;34040;271731;3425735;5851147;2100101
FR;8;2023-05-27;20;44;66;128;25;70;151;811;376;40150;56057;367524;3351435;34065;271801;3425886;5851958;2100477
FR;8;2023-05-28;2;1;3;8;2;2;14;68;32;40152;56058;367527;3351443;34067;271803;3425900;5852026;2100509
FR;8;2023-05-29;4;3;7;32;2;8;44;304;118;40156;56061;367534;3351475;34069;271811;3425944;5852330;2100627
FR;8;2023-05-30;46;74;134;590;47;149;723;4497;1849;40202;56135;367668;3352065;34116;271960;3426667;5856827;2102476
FR;8;2023-05-31;42;73;112;471;46;124;545;3374;1498;40244;56208;367780;3352536;34162;272084;3427212;5860201;2103974
FR;8;2023-06-01;57;71;148;547;49;160;643;4541;1844;40301;56279;367928;3353083;34211;272244;3427855;5864742;2105818
FR;8;2023-06-02;52;90;177;579;54;193;683;4857;2153;40353;56369;368105;3353662;34265;272437;3428538;5869599;2107971
FR;8;2023-06-03;17;38;63;143;20;68;157;960;377;40370;56407;368168;3353805;34285;272505;3428695;5870559;2108348
FR;8;2023-06-04;2;5;5;11;2;8;14;110;30;40372;56412;368173;3353816;34287;272513;3428709;5870669;2108378
FR;8;2023-06-05;51;73;149;523;53;176;611;4111;1674;40423;56485;368322;3354339;34340;272689;3429320;5874780;2110052
FR;8;2023-06-06;69;93;209;742;73;240;847;6820;2849;40492;56578;368531;3355081;34413;272929;3430167;5881600;2112901
FR;8;2023-06-07;38;67;133;516;46;124;555;3803;1590;40530;56645;368664;3355597;34459;273053;3430722;5885403;2114491
FR;8;2023-06-08;49;67;178;706;51;188;804;5894;2444;40579;56712;368842;3356303;34510;273241;3431526;5891297;2116935
FR;8;2023-06-09;45;95;176;552;74;177;608;4844;1992;40624;56807;369018;3356855;34584;273418;3432134;5896141;2118927
FR;8;2023-06-10;18;31;52;127;22;51;150;888;338;40642;56838;369070;3356982;34606;273469;3432284;5897029;2119265
FR;8;2023-06-11;1;6;4;14;6;5;17;138;58;40643;56844;369074;3356996;34612;273474;3432301;5897167;2119323
FR;8;2023-06-12;33;81;158;538;62;158;598;4531;1875;40676;56925;369232;3357534;34674;273632;3432899;5901698;2121198
FR;8;2023-06-13;50;57;216;763;46;189;888;6575;2740;40726;56982;369448;3358297;34720;273821;3433787;5908273;2123938
FR;8;2023-06-14;34;71;122;508;55;140;572;4219;1825;40760;57053;369570;3358805;34775;273961;3434359;5912492;2125763
FR;8;2023-06-15;44;53;173;646;41;172;748;5850;2535;40804;57106;369743;3359451;34816;274133;3435107;5918342;2128298
FR;8;2023-06-16;56;70;177;711;56;149;727;5533;2371;40860;57176;369920;3360162;34872;274282;3435834;5923875;2130669
FR;8;2023-06-17;12;27;42;89;18;49;106;766;276;40872;57203;369962;3360251;34890;274331;3435940;5924641;2130945
FR;8;2023-06-18;2;6;6;24;6;8;22;161;72;40874;57209;369968;3360275;34896;274339;3435962;5924802;2131017
FR;8;2023-06-19;39;43;136;433;28;145;522;3796;1500;40913;57252;370104;3360708;34924;274484;3436484;5928598;2132517
FR;8;2023-06-20;57;41;171;642;35;186;661;5684;2466;40970;57293;370275;3361350;34959;274670;3437145;5934282;2134983
FR;8;2023-06-21;28;43;127;517;36;180;631;3857;1587;40998;57336;370402;3361867;34995;274850;3437776;5938139;2136570
FR;8;2023-06-22;35;37;140;526;27;173;620;4148;1576;41033;57373;370542;3362393;35022;275023;3438396;5942287;2138146
FR;8;2023-06-23;56;69;126;491;48;116;569;4279;1577;41089;57442;370668;3362884;35070;275139;3438965;5946566;2139723
FR;8;2023-06-24;5;14;40;77;8;43;90;672;212;41094;57456;370708;3362961;35078;275182;3439055;5947238;2139935
FR;8;2023-06-25;2;4;9;10;2;8;11;75;26;41096;57460;370717;3362971;35080;275190;3439066;5947313;2139961
FR;8;2023-06-26;21;31;122;220;22;113;255;1930;698;41117;57491;370839;3363191;35102;275303;3439321;5949243;2140659
FR;9;2020-12-27;0;0;0;0;0;0;0;0;0;0;0;0;0;0;0;0;0;0
FR;9;2020-12-28;0;0;0;0;0;0;0;0;0;0;0;0;0;0;0;0;0;0
FR;9;2020-12-29;0;0;0;0;0;0;0;0;0;0;0;0;0;0;0;0;0;0
FR;9;2020-12-30;0;0;0;0;0;0;0;0;0;0;0;0;0;0;0;0;0;0
FR;9;2020-12-31;0;0;0;0;0;0;0;0;0;0;0;0;0;0;0;0;0;0
FR;9;2021-01-01;0;0;0;0;0;0;0;0;0;0;0;0;0;0;0;0;0;0
FR;9;2021-01-02;0;0;0;0;0;0;0;0;0;0;0;0;0;0;0;0;0;0
FR;9;2021-01-03;0;0;0;0;0;0;0;0;0;0;0;0;0;0;0;0;0;0
FR;9;2021-01-04;0;0;0;0;0;0;0;0;0;0;0;0;0;0;0;0;0;0
FR;9;2021-01-05;0;0;0;0;0;0;0;0;0;0;0;0;0;0;0;0;0;0
FR;9;2021-01-06;0;0;0;0;0;0;0;0;0;0;0;0;0;0;0;0;0;0
FR;9;2021-01-07;0;0;0;0;0;0;0;0;0;0;0;0;0;0;0;0;0;0
FR;9;2021-01-08;0;0;0;0;0;0;0;0;0;0;0;0;0;0;0;0;0;0
FR;9;2021-01-09;0;0;0;0;0;0;0;0;0;0;0;0;0;0;0;0;0;0
FR;9;2021-01-10;0;0;0;0;0;0;0;0;0;0;0;0;0;0;0;0;0;0
FR;9;2021-01-11;0;0;0;0;0;0;0;0;0;0;0;0;0;0;0;0;0;0
FR;9;2021-01-12;0;0;0;0;0;0;0;0;0;0;0;0;0;0;0;0;0;0
FR;9;2021-01-13;0;0;0;0;0;0;0;0;0;0;0;0;0;0;0;0;0;0
FR;9;2021-01-14;0;0;0;0;0;0;0;0;0;0;0;0;0;0;0;0;0;0
FR;9;2021-01-15;0;0;0;0;0;0;0;0;0;0;0;0;0;0;0;0;0;0
FR;9;2021-01-16;0;0;0;0;0;0;0;0;0;0;0;0;0;0;0;0;0;0
FR;9;2021-01-17;0;0;0;0;0;0;0;0;0;0;0;0;0;0;0;0;0;0
FR;9;2021-01-18;0;0;0;0;0;0;0;0;0;0;0;0;0;0;0;0;0;0
FR;9;2021-01-19;0;0;0;0;0;0;0;0;0;0;0;0;0;0;0;0;0;0
FR;9;2021-01-20;0;0;0;0;0;0;0;0;0;0;0;0;0;0;0;0;0;0
FR;9;2021-01-21;0;0;0;0;0;0;0;0;0;0;0;0;0;0;0;0;0;0
FR;9;2021-01-22;0;0;0;0;0;0;0;0;0;0;0;0;0;0;0;0;0;0
FR;9;2021-01-23;0;0;0;0;0;0;0;0;0;0;0;0;0;0;0;0;0;0
FR;9;2021-01-24;0;0;0;0;0;0;0;0;0;0;0;0;0;0;0;0;0;0
FR;9;2021-01-25;0;0;0;0;0;0;0;0;0;0;0;0;0;0;0;0;0;0
FR;9;2021-01-26;0;0;0;0;0;0;0;0;0;0;0;0;0;0;0;0;0;0
FR;9;2021-01-27;0;0;0;0;0;0;0;0;0;0;0;0;0;0;0;0;0;0
FR;9;2021-01-28;0;0;0;0;0;0;0;0;0;0;0;0;0;0;0;0;0;0
FR;9;2021-01-29;0;0;0;0;0;0;0;0;0;0;0;0;0;0;0;0;0;0
FR;9;2021-01-30;0;0;0;0;0;0;0;0;0;0;0;0;0;0;0;0;0;0
FR;9;2021-01-31;0;0;0;0;0;0;0;0;0;0;0;0;0;0;0;0;0;0
FR;9;2021-02-01;0;0;0;0;0;0;0;0;0;0;0;0;0;0;0;0;0;0
FR;9;2021-02-02;0;0;0;0;0;0;0;0;0;0;0;0;0;0;0;0;0;0
FR;9;2021-02-03;0;0;0;0;0;0;0;0;0;0;0;0;0;0;0;0;0;0
FR;9;2021-02-04;0;0;0;0;0;0;0;0;0;0;0;0;0;0;0;0;0;0
FR;9;2021-02-05;0;0;0;0;0;0;0;0;0;0;0;0;0;0;0;0;0;0
FR;9;2021-02-06;0;0;0;0;0;0;0;0;0;0;0;0;0;0;0;0;0;0
FR;9;2021-02-07;0;0;0;0;0;0;0;0;0;0;0;0;0;0;0;0;0;0
FR;9;2021-02-08;0;0;0;0;0;0;0;0;0;0;0;0;0;0;0;0;0;0
FR;9;2021-02-09;0;0;0;0;0;0;0;0;0;0;0;0;0;0;0;0;0;0
FR;9;2021-02-10;0;0;0;0;0;0;0;0;0;0;0;0;0;0;0;0;0;0
FR;9;2021-02-11;0;0;0;0;0;0;0;0;0;0;0;0;0;0;0;0;0;0
FR;9;2021-02-12;0;0;0;0;0;0;0;0;0;0;0;0;0;0;0;0;0;0
FR;9;2021-02-13;0;0;0;0;0;0;0;0;0;0;0;0;0;0;0;0;0;0
FR;9;2021-02-14;0;0;0;0;0;0;0;0;0;0;0;0;0;0;0;0;0;0
FR;9;2021-02-15;0;0;0;0;0;0;0;0;0;0;0;0;0;0;0;0;0;0
FR;9;2021-02-16;0;0;0;0;0;0;0;0;0;0;0;0;0;0;0;0;0;0
FR;9;2021-02-17;0;0;0;0;0;0;0;0;0;0;0;0;0;0;0;0;0;0
FR;9;2021-02-18;0;0;0;0;0;0;0;0;0;0;0;0;0;0;0;0;0;0
FR;9;2021-02-19;0;0;0;0;0;0;0;0;0;0;0;0;0;0;0;0;0;0
FR;9;2021-02-20;0;0;0;0;0;0;0;0;0;0;0;0;0;0;0;0;0;0
FR;9;2021-02-21;0;0;0;0;0;0;0;0;0;0;0;0;0;0;0;0;0;0
FR;9;2021-02-22;0;0;0;0;0;0;0;0;0;0;0;0;0;0;0;0;0;0
FR;9;2021-02-23;0;0;0;0;0;0;0;0;0;0;0;0;0;0;0;0;0;0
FR;9;2021-02-24;0;0;0;0;0;0;0;0;0;0;0;0;0;0;0;0;0;0
FR;9;2021-02-25;0;0;0;0;0;0;0;0;0;0;0;0;0;0;0;0;0;0
FR;9;2021-02-26;0;0;0;0;0;0;0;0;0;0;0;0;0;0;0;0;0;0
FR;9;2021-02-27;0;0;0;0;0;0;0;0;0;0;0;0;0;0;0;0;0;0
FR;9;2021-02-28;0;0;0;0;0;0;0;0;0;0;0;0;0;0;0;0;0;0
FR;9;2021-03-01;0;0;0;0;0;0;0;0;0;0;0;0;0;0;0;0;0;0
FR;9;2021-03-02;0;0;0;0;0;0;0;0;0;0;0;0;0;0;0;0;0;0
FR;9;2021-03-03;0;0;0;0;0;0;0;0;0;0;0;0;0;0;0;0;0;0
FR;9;2021-03-04;0;0;0;0;0;0;0;0;0;0;0;0;0;0;0;0;0;0
FR;9;2021-03-05;0;0;0;0;0;0;0;0;0;0;0;0;0;0;0;0;0;0
FR;9;2021-03-06;0;0;0;0;0;0;0;0;0;0;0;0;0;0;0;0;0;0
FR;9;2021-03-07;0;0;0;0;0;0;0;0;0;0;0;0;0;0;0;0;0;0
FR;9;2021-03-08;0;0;0;0;0;0;0;0;0;0;0;0;0;0;0;0;0;0
FR;9;2021-03-09;0;0;0;0;0;0;0;0;0;0;0;0;0;0;0;0;0;0
FR;9;2021-03-10;0;0;0;0;0;0;0;0;0;0;0;0;0;0;0;0;0;0
FR;9;2021-03-11;0;0;0;0;0;0;0;0;0;0;0;0;0;0;0;0;0;0
FR;9;2021-03-12;0;0;0;0;0;0;0;0;0;0;0;0;0;0;0;0;0;0
FR;9;2021-03-13;0;0;0;0;0;0;0;0;0;0;0;0;0;0;0;0;0;0
FR;9;2021-03-14;0;0;0;0;0;0;0;0;0;0;0;0;0;0;0;0;0;0
FR;9;2021-03-15;0;0;0;0;0;0;0;0;0;0;0;0;0;0;0;0;0;0
FR;9;2021-03-16;0;0;0;0;0;0;0;0;0;0;0;0;0;0;0;0;0;0
FR;9;2021-03-17;0;0;0;0;0;0;0;0;0;0;0;0;0;0;0;0;0;0
FR;9;2021-03-18;0;0;0;0;0;0;0;0;0;0;0;0;0;0;0;0;0;0
FR;9;2021-03-19;0;0;0;0;0;0;0;0;0;0;0;0;0;0;0;0;0;0
FR;9;2021-03-20;0;0;0;0;0;0;0;0;0;0;0;0;0;0;0;0;0;0
FR;9;2021-03-21;0;0;0;0;0;0;0;0;0;0;0;0;0;0;0;0;0;0
FR;9;2021-03-22;0;0;0;0;0;0;0;0;0;0;0;0;0;0;0;0;0;0
FR;9;2021-03-23;0;0;0;0;0;0;0;0;0;0;0;0;0;0;0;0;0;0
FR;9;2021-03-24;0;0;0;0;0;0;0;0;0;0;0;0;0;0;0;0;0;0
FR;9;2021-03-25;0;0;0;0;0;0;0;0;0;0;0;0;0;0;0;0;0;0
FR;9;2021-03-26;0;0;0;0;0;0;0;0;0;0;0;0;0;0;0;0;0;0
FR;9;2021-03-27;0;0;0;0;0;0;0;0;0;0;0;0;0;0;0;0;0;0
FR;9;2021-03-28;0;0;0;0;0;0;0;0;0;0;0;0;0;0;0;0;0;0
FR;9;2021-03-29;0;0;0;0;0;0;0;0;0;0;0;0;0;0;0;0;0;0
FR;9;2021-03-30;0;0;0;0;0;0;0;0;0;0;0;0;0;0;0;0;0;0
FR;9;2021-03-31;0;0;0;0;0;0;0;0;0;0;0;0;0;0;0;0;0;0
FR;9;2021-04-01;0;0;0;0;0;0;0;0;0;0;0;0;0;0;0;0;0;0
FR;9;2021-04-02;0;0;0;0;0;0;0;0;0;0;0;0;0;0;0;0;0;0
FR;9;2021-04-03;0;0;0;0;0;0;0;0;0;0;0;0;0;0;0;0;0;0
FR;9;2021-04-04;0;0;0;0;0;0;0;0;0;0;0;0;0;0;0;0;0;0
FR;9;2021-04-05;0;0;0;0;0;0;0;0;0;0;0;0;0;0;0;0;0;0
FR;9;2021-04-06;0;0;0;0;0;0;0;0;0;0;0;0;0;0;0;0;0;0
FR;9;2021-04-07;0;0;0;0;0;0;0;0;0;0;0;0;0;0;0;0;0;0
FR;9;2021-04-08;0;0;0;0;0;0;0;0;0;0;0;0;0;0;0;0;0;0
FR;9;2021-04-09;0;0;0;0;0;0;0;0;0;0;0;0;0;0;0;0;0;0
FR;9;2021-04-10;0;0;0;0;0;0;0;0;0;0;0;0;0;0;0;0;0;0
FR;9;2021-04-11;0;0;0;0;0;0;0;0;0;0;0;0;0;0;0;0;0;0
FR;9;2021-04-12;0;0;0;0;0;0;0;0;0;0;0;0;0;0;0;0;0;0
FR;9;2021-04-13;0;0;0;0;0;0;0;0;0;0;0;0;0;0;0;0;0;0
FR;9;2021-04-14;0;0;0;0;0;0;0;0;0;0;0;0;0;0;0;0;0;0
FR;9;2021-04-15;0;0;0;0;0;0;0;0;0;0;0;0;0;0;0;0;0;0
FR;9;2021-04-16;0;0;0;0;0;0;0;0;0;0;0;0;0;0;0;0;0;0
FR;9;2021-04-17;0;0;0;0;0;0;0;0;0;0;0;0;0;0;0;0;0;0
FR;9;2021-04-18;0;0;0;0;0;0;0;0;0;0;0;0;0;0;0;0;0;0
FR;9;2021-04-19;0;0;0;0;0;0;0;0;0;0;0;0;0;0;0;0;0;0
FR;9;2021-04-20;0;0;0;0;0;0;0;0;0;0;0;0;0;0;0;0;0;0
FR;9;2021-04-21;0;0;0;0;0;0;0;0;0;0;0;0;0;0;0;0;0;0
FR;9;2021-04-22;0;0;0;0;0;0;0;0;0;0;0;0;0;0;0;0;0;0
FR;9;2021-04-23;0;0;0;0;0;0;0;0;0;0;0;0;0;0;0;0;0;0
FR;9;2021-04-24;0;0;0;0;0;0;0;0;0;0;0;0;0;0;0;0;0;0
FR;9;2021-04-25;0;0;0;0;0;0;0;0;0;0;0;0;0;0;0;0;0;0
FR;9;2021-04-26;0;0;0;0;0;0;0;0;0;0;0;0;0;0;0;0;0;0
FR;9;2021-04-27;0;0;0;0;0;0;0;0;0;0;0;0;0;0;0;0;0;0
FR;9;2021-04-28;0;0;0;0;0;0;0;0;0;0;0;0;0;0;0;0;0;0
FR;9;2021-04-29;0;0;0;0;0;0;0;0;0;0;0;0;0;0;0;0;0;0
FR;9;2021-04-30;0;0;0;0;0;0;0;0;0;0;0;0;0;0;0;0;0;0
FR;9;2021-05-01;0;0;0;0;0;0;0;0;0;0;0;0;0;0;0;0;0;0
FR;9;2021-05-02;0;0;0;0;0;0;0;0;0;0;0;0;0;0;0;0;0;0
FR;9;2021-05-03;0;0;0;0;0;0;0;0;0;0;0;0;0;0;0;0;0;0
FR;9;2021-05-04;0;0;0;0;0;0;0;0;0;0;0;0;0;0;0;0;0;0
FR;9;2021-05-05;0;0;0;0;0;0;0;0;0;0;0;0;0;0;0;0;0;0
FR;9;2021-05-06;0;0;0;0;0;0;0;0;0;0;0;0;0;0;0;0;0;0
FR;9;2021-05-07;0;0;0;0;0;0;0;0;0;0;0;0;0;0;0;0;0;0
FR;9;2021-05-08;0;0;0;0;0;0;0;0;0;0;0;0;0;0;0;0;0;0
FR;9;2021-05-09;0;0;0;0;0;0;0;0;0;0;0;0;0;0;0;0;0;0
FR;9;2021-05-10;0;0;0;0;0;0;0;0;0;0;0;0;0;0;0;0;0;0
FR;9;2021-05-11;0;0;0;0;0;0;0;0;0;0;0;0;0;0;0;0;0;0
FR;9;2021-05-12;0;0;0;0;0;0;0;0;0;0;0;0;0;0;0;0;0;0
FR;9;2021-05-13;0;0;0;0;0;0;0;0;0;0;0;0;0;0;0;0;0;0
FR;9;2021-05-14;0;0;0;0;0;0;0;0;0;0;0;0;0;0;0;0;0;0
FR;9;2021-05-15;0;0;0;0;0;0;0;0;0;0;0;0;0;0;0;0;0;0
FR;9;2021-05-16;0;0;0;0;0;0;0;0;0;0;0;0;0;0;0;0;0;0
FR;9;2021-05-17;0;0;0;0;0;0;0;0;0;0;0;0;0;0;0;0;0;0
FR;9;2021-05-18;0;0;0;0;0;0;0;0;0;0;0;0;0;0;0;0;0;0
FR;9;2021-05-19;0;0;0;0;0;0;0;0;0;0;0;0;0;0;0;0;0;0
FR;9;2021-05-20;0;0;0;0;0;0;0;0;0;0;0;0;0;0;0;0;0;0
FR;9;2021-05-21;0;0;0;0;0;0;0;0;0;0;0;0;0;0;0;0;0;0
FR;9;2021-05-22;0;0;0;0;0;0;0;0;0;0;0;0;0;0;0;0;0;0
FR;9;2021-05-23;0;0;0;0;0;0;0;0;0;0;0;0;0;0;0;0;0;0
FR;9;2021-05-24;0;0;0;0;0;0;0;0;0;0;0;0;0;0;0;0;0;0
FR;9;2021-05-25;0;0;0;0;0;0;0;0;0;0;0;0;0;0;0;0;0;0
FR;9;2021-05-26;0;0;0;0;0;0;0;0;0;0;0;0;0;0;0;0;0;0
FR;9;2021-05-27;0;0;0;0;0;0;0;0;0;0;0;0;0;0;0;0;0;0
FR;9;2021-05-28;0;0;0;0;0;0;0;0;0;0;0;0;0;0;0;0;0;0
FR;9;2021-05-29;0;0;0;0;0;0;0;0;0;0;0;0;0;0;0;0;0;0
FR;9;2021-05-30;0;0;0;0;0;0;0;0;0;0;0;0;0;0;0;0;0;0
FR;9;2021-05-31;0;0;0;0;0;0;0;0;0;0;0;0;0;0;0;0;0;0
FR;9;2021-06-01;0;0;0;0;0;0;0;0;0;0;0;0;0;0;0;0;0;0
FR;9;2021-06-02;0;0;0;0;0;0;0;0;0;0;0;0;0;0;0;0;0;0
FR;9;2021-06-03;0;0;0;0;0;0;0;0;0;0;0;0;0;0;0;0;0;0
FR;9;2021-06-04;0;0;0;0;0;0;0;0;0;0;0;0;0;0;0;0;0;0
FR;9;2021-06-05;0;0;0;0;0;0;0;0;0;0;0;0;0;0;0;0;0;0
FR;9;2021-06-06;0;0;0;0;0;0;0;0;0;0;0;0;0;0;0;0;0;0
FR;9;2021-06-07;0;0;0;0;0;0;0;0;0;0;0;0;0;0;0;0;0;0
FR;9;2021-06-08;0;0;0;0;0;0;0;0;0;0;0;0;0;0;0;0;0;0
FR;9;2021-06-09;0;0;0;0;0;0;0;0;0;0;0;0;0;0;0;0;0;0
FR;9;2021-06-10;0;0;0;0;0;0;0;0;0;0;0;0;0;0;0;0;0;0
FR;9;2021-06-11;0;0;0;0;0;0;0;0;0;0;0;0;0;0;0;0;0;0
FR;9;2021-06-12;0;0;0;0;0;0;0;0;0;0;0;0;0;0;0;0;0;0
FR;9;2021-06-13;0;0;0;0;0;0;0;0;0;0;0;0;0;0;0;0;0;0
FR;9;2021-06-14;0;0;0;0;0;0;0;0;0;0;0;0;0;0;0;0;0;0
FR;9;2021-06-15;0;0;0;0;0;0;0;0;0;0;0;0;0;0;0;0;0;0
FR;9;2021-06-16;0;0;0;0;0;0;0;0;0;0;0;0;0;0;0;0;0;0
FR;9;2021-06-17;0;0;0;0;0;0;0;0;0;0;0;0;0;0;0;0;0;0
FR;9;2021-06-18;0;0;0;0;0;0;0;0;0;0;0;0;0;0;0;0;0;0
FR;9;2021-06-19;0;0;0;0;0;0;0;0;0;0;0;0;0;0;0;0;0;0
FR;9;2021-06-20;0;0;0;0;0;0;0;0;0;0;0;0;0;0;0;0;0;0
FR;9;2021-06-21;0;0;0;0;0;0;0;0;0;0;0;0;0;0;0;0;0;0
FR;9;2021-06-22;0;0;0;0;0;0;0;0;0;0;0;0;0;0;0;0;0;0
FR;9;2021-06-23;0;0;0;0;0;0;0;0;0;0;0;0;0;0;0;0;0;0
FR;9;2021-06-24;0;0;0;0;0;0;0;0;0;0;0;0;0;0;0;0;0;0
FR;9;2021-06-25;0;0;0;0;0;0;0;0;0;0;0;0;0;0;0;0;0;0
FR;9;2021-06-26;0;0;0;0;0;0;0;0;0;0;0;0;0;0;0;0;0;0
FR;9;2021-06-27;0;0;0;0;0;0;0;0;0;0;0;0;0;0;0;0;0;0
FR;9;2021-06-28;0;0;0;0;0;0;0;0;0;0;0;0;0;0;0;0;0;0
FR;9;2021-06-29;0;0;0;0;0;0;0;0;0;0;0;0;0;0;0;0;0;0
FR;9;2021-06-30;0;0;0;0;0;0;0;0;0;0;0;0;0;0;0;0;0;0
FR;9;2021-07-01;0;0;0;0;0;0;0;0;0;0;0;0;0;0;0;0;0;0
FR;9;2021-07-02;0;0;0;0;0;0;0;0;0;0;0;0;0;0;0;0;0;0
FR;9;2021-07-03;0;0;0;0;0;0;0;0;0;0;0;0;0;0;0;0;0;0
FR;9;2021-07-04;0;0;0;0;0;0;0;0;0;0;0;0;0;0;0;0;0;0
FR;9;2021-07-05;0;0;0;0;0;0;0;0;0;0;0;0;0;0;0;0;0;0
FR;9;2021-07-06;0;0;0;0;0;0;0;0;0;0;0;0;0;0;0;0;0;0
FR;9;2021-07-07;0;0;0;0;0;0;0;0;0;0;0;0;0;0;0;0;0;0
FR;9;2021-07-08;0;0;0;0;0;0;0;0;0;0;0;0;0;0;0;0;0;0
FR;9;2021-07-09;0;0;0;0;0;0;0;0;0;0;0;0;0;0;0;0;0;0
FR;9;2021-07-10;0;0;0;0;0;0;0;0;0;0;0;0;0;0;0;0;0;0
FR;9;2021-07-11;0;0;0;0;0;0;0;0;0;0;0;0;0;0;0;0;0;0
FR;9;2021-07-12;0;0;0;0;0;0;0;0;0;0;0;0;0;0;0;0;0;0
FR;9;2021-07-13;0;0;0;0;0;0;0;0;0;0;0;0;0;0;0;0;0;0
FR;9;2021-07-14;0;0;0;0;0;0;0;0;0;0;0;0;0;0;0;0;0;0
FR;9;2021-07-15;0;0;0;0;0;0;0;0;0;0;0;0;0;0;0;0;0;0
FR;9;2021-07-16;0;0;0;0;0;0;0;0;0;0;0;0;0;0;0;0;0;0
FR;9;2021-07-17;0;0;0;0;0;0;0;0;0;0;0;0;0;0;0;0;0;0
FR;9;2021-07-18;0;0;0;0;0;0;0;0;0;0;0;0;0;0;0;0;0;0
FR;9;2021-07-19;0;0;0;0;0;0;0;0;0;0;0;0;0;0;0;0;0;0
FR;9;2021-07-20;0;0;0;0;0;0;0;0;0;0;0;0;0;0;0;0;0;0
FR;9;2021-07-21;0;0;0;0;0;0;0;0;0;0;0;0;0;0;0;0;0;0
FR;9;2021-07-22;0;0;0;0;0;0;0;0;0;0;0;0;0;0;0;0;0;0
FR;9;2021-07-23;0;0;0;0;0;0;0;0;0;0;0;0;0;0;0;0;0;0
FR;9;2021-07-24;0;0;0;0;0;0;0;0;0;0;0;0;0;0;0;0;0;0
FR;9;2021-07-25;0;0;0;0;0;0;0;0;0;0;0;0;0;0;0;0;0;0
FR;9;2021-07-26;0;0;0;0;0;0;0;0;0;0;0;0;0;0;0;0;0;0
FR;9;2021-07-27;0;0;0;0;0;0;0;0;0;0;0;0;0;0;0;0;0;0
FR;9;2021-07-28;0;0;0;0;0;0;0;0;0;0;0;0;0;0;0;0;0;0
FR;9;2021-07-29;0;0;0;0;0;0;0;0;0;0;0;0;0;0;0;0;0;0
FR;9;2021-07-30;0;0;0;0;0;0;0;0;0;0;0;0;0;0;0;0;0;0
FR;9;2021-07-31;0;0;0;0;0;0;0;0;0;0;0;0;0;0;0;0;0;0
FR;9;2021-08-01;0;0;0;0;0;0;0;0;0;0;0;0;0;0;0;0;0;0
FR;9;2021-08-02;0;0;0;0;0;0;0;0;0;0;0;0;0;0;0;0;0;0
FR;9;2021-08-03;0;0;0;0;0;0;0;0;0;0;0;0;0;0;0;0;0;0
FR;9;2021-08-04;0;0;0;0;0;0;0;0;0;0;0;0;0;0;0;0;0;0
FR;9;2021-08-05;0;0;0;0;0;0;0;0;0;0;0;0;0;0;0;0;0;0
FR;9;2021-08-06;0;0;0;0;0;0;0;0;0;0;0;0;0;0;0;0;0;0
FR;9;2021-08-07;0;0;0;0;0;0;0;0;0;0;0;0;0;0;0;0;0;0
FR;9;2021-08-08;0;0;0;0;0;0;0;0;0;0;0;0;0;0;0;0;0;0
FR;9;2021-08-09;0;0;0;0;0;0;0;0;0;0;0;0;0;0;0;0;0;0
FR;9;2021-08-10;0;0;0;0;0;0;0;0;0;0;0;0;0;0;0;0;0;0
FR;9;2021-08-11;0;0;0;0;0;0;0;0;0;0;0;0;0;0;0;0;0;0
FR;9;2021-08-12;0;0;0;0;0;0;0;0;0;0;0;0;0;0;0;0;0;0
FR;9;2021-08-13;0;0;0;0;0;0;0;0;0;0;0;0;0;0;0;0;0;0
FR;9;2021-08-14;0;0;0;0;0;0;0;0;0;0;0;0;0;0;0;0;0;0
FR;9;2021-08-15;0;0;0;0;0;0;0;0;0;0;0;0;0;0;0;0;0;0
FR;9;2021-08-16;0;0;0;0;0;0;0;0;0;0;0;0;0;0;0;0;0;0
FR;9;2021-08-17;0;0;0;0;0;0;0;0;0;0;0;0;0;0;0;0;0;0
FR;9;2021-08-18;0;0;0;0;0;0;0;0;0;0;0;0;0;0;0;0;0;0
FR;9;2021-08-19;0;0;0;0;0;0;0;0;0;0;0;0;0;0;0;0;0;0
FR;9;2021-08-20;0;0;0;0;0;0;0;0;0;0;0;0;0;0;0;0;0;0
FR;9;2021-08-21;0;0;0;0;0;0;0;0;0;0;0;0;0;0;0;0;0;0
FR;9;2021-08-22;0;0;0;0;0;0;0;0;0;0;0;0;0;0;0;0;0;0
FR;9;2021-08-23;0;0;0;0;0;0;0;0;0;0;0;0;0;0;0;0;0;0
FR;9;2021-08-24;0;0;0;0;0;0;0;0;0;0;0;0;0;0;0;0;0;0
FR;9;2021-08-25;0;0;0;0;0;0;0;0;0;0;0;0;0;0;0;0;0;0
FR;9;2021-08-26;0;0;0;0;0;0;0;0;0;0;0;0;0;0;0;0;0;0
FR;9;2021-08-27;0;0;0;0;0;0;0;0;0;0;0;0;0;0;0;0;0;0
FR;9;2021-08-28;0;0;0;0;0;0;0;0;0;0;0;0;0;0;0;0;0;0
FR;9;2021-08-29;0;0;0;0;0;0;0;0;0;0;0;0;0;0;0;0;0;0
FR;9;2021-08-30;0;0;0;0;0;0;0;0;0;0;0;0;0;0;0;0;0;0
FR;9;2021-08-31;0;0;0;0;0;0;0;0;0;0;0;0;0;0;0;0;0;0
FR;9;2021-09-01;0;0;0;0;0;0;0;0;0;0;0;0;0;0;0;0;0;0
FR;9;2021-09-02;0;0;0;0;0;0;0;0;0;0;0;0;0;0;0;0;0;0
FR;9;2021-09-03;0;0;0;0;0;0;0;0;0;0;0;0;0;0;0;0;0;0
FR;9;2021-09-04;0;0;0;0;0;0;0;0;0;0;0;0;0;0;0;0;0;0
FR;9;2021-09-05;0;0;0;0;0;0;0;0;0;0;0;0;0;0;0;0;0;0
FR;9;2021-09-06;0;0;0;0;0;0;0;0;0;0;0;0;0;0;0;0;0;0
FR;9;2021-09-07;0;0;0;0;0;0;0;0;0;0;0;0;0;0;0;0;0;0
FR;9;2021-09-08;0;0;0;0;0;0;0;0;0;0;0;0;0;0;0;0;0;0
FR;9;2021-09-09;0;0;0;0;0;0;0;0;0;0;0;0;0;0;0;0;0;0
FR;9;2021-09-10;0;0;0;0;0;0;0;0;0;0;0;0;0;0;0;0;0;0
FR;9;2021-09-11;0;0;0;0;0;0;0;0;0;0;0;0;0;0;0;0;0;0
FR;9;2021-09-12;0;0;0;0;0;0;0;0;0;0;0;0;0;0;0;0;0;0
FR;9;2021-09-13;0;0;0;0;0;0;0;0;0;0;0;0;0;0;0;0;0;0
FR;9;2021-09-14;0;0;0;0;0;0;0;0;0;0;0;0;0;0;0;0;0;0
FR;9;2021-09-15;0;0;0;0;0;0;0;0;0;0;0;0;0;0;0;0;0;0
FR;9;2021-09-16;0;0;0;0;0;0;0;0;0;0;0;0;0;0;0;0;0;0
FR;9;2021-09-17;0;0;0;0;0;0;0;0;0;0;0;0;0;0;0;0;0;0
FR;9;2021-09-18;0;0;0;0;0;0;0;0;0;0;0;0;0;0;0;0;0;0
FR;9;2021-09-19;0;0;0;0;0;0;0;0;0;0;0;0;0;0;0;0;0;0
FR;9;2021-09-20;0;0;0;0;0;0;0;0;0;0;0;0;0;0;0;0;0;0
FR;9;2021-09-21;0;0;0;0;0;0;0;0;0;0;0;0;0;0;0;0;0;0
FR;9;2021-09-22;0;0;0;0;0;0;0;0;0;0;0;0;0;0;0;0;0;0
FR;9;2021-09-23;0;0;0;0;0;0;0;0;0;0;0;0;0;0;0;0;0;0
FR;9;2021-09-24;0;0;0;0;0;0;0;0;0;0;0;0;0;0;0;0;0;0
FR;9;2021-09-25;0;0;0;0;0;0;0;0;0;0;0;0;0;0;0;0;0;0
FR;9;2021-09-26;0;0;0;0;0;0;0;0;0;0;0;0;0;0;0;0;0;0
FR;9;2021-09-27;0;0;0;0;0;0;0;0;0;0;0;0;0;0;0;0;0;0
FR;9;2021-09-28;0;0;0;0;0;0;0;0;0;0;0;0;0;0;0;0;0;0
FR;9;2021-09-29;0;0;0;0;0;0;0;0;0;0;0;0;0;0;0;0;0;0
FR;9;2021-09-30;0;0;0;0;0;0;0;0;0;0;0;0;0;0;0;0;0;0
FR;9;2021-10-01;0;0;0;0;0;0;0;0;0;0;0;0;0;0;0;0;0;0
FR;9;2021-10-02;0;0;0;0;0;0;0;0;0;0;0;0;0;0;0;0;0;0
FR;9;2021-10-03;0;0;0;0;0;0;0;0;0;0;0;0;0;0;0;0;0;0
FR;9;2021-10-04;0;0;0;0;0;0;0;0;0;0;0;0;0;0;0;0;0;0
FR;9;2021-10-05;0;0;0;0;0;0;0;0;0;0;0;0;0;0;0;0;0;0
FR;9;2021-10-06;0;0;0;0;0;0;0;0;0;0;0;0;0;0;0;0;0;0
FR;9;2021-10-07;0;0;0;0;0;0;0;0;0;0;0;0;0;0;0;0;0;0
FR;9;2021-10-08;0;0;0;0;0;0;0;0;0;0;0;0;0;0;0;0;0;0
FR;9;2021-10-09;0;0;0;0;0;0;0;0;0;0;0;0;0;0;0;0;0;0
FR;9;2021-10-10;0;0;0;0;0;0;0;0;0;0;0;0;0;0;0;0;0;0
FR;9;2021-10-11;0;0;0;0;0;0;0;0;0;0;0;0;0;0;0;0;0;0
FR;9;2021-10-12;0;0;0;0;0;0;0;0;0;0;0;0;0;0;0;0;0;0
FR;9;2021-10-13;0;0;0;0;0;0;0;0;0;0;0;0;0;0;0;0;0;0
FR;9;2021-10-14;0;0;0;0;0;0;0;0;0;0;0;0;0;0;0;0;0;0
FR;9;2021-10-15;0;0;0;0;0;0;0;0;0;0;0;0;0;0;0;0;0;0
FR;9;2021-10-16;0;0;0;0;0;0;0;0;0;0;0;0;0;0;0;0;0;0
FR;9;2021-10-17;0;0;0;0;0;0;0;0;0;0;0;0;0;0;0;0;0;0
FR;9;2021-10-18;0;0;0;0;0;0;0;0;0;0;0;0;0;0;0;0;0;0
FR;9;2021-10-19;0;0;0;0;0;0;0;0;0;0;0;0;0;0;0;0;0;0
FR;9;2021-10-20;0;0;0;0;0;0;0;0;0;0;0;0;0;0;0;0;0;0
FR;9;2021-10-21;0;0;0;0;0;0;0;0;0;0;0;0;0;0;0;0;0;0
FR;9;2021-10-22;0;0;0;0;0;0;0;0;0;0;0;0;0;0;0;0;0;0
FR;9;2021-10-23;0;0;0;0;0;0;0;0;0;0;0;0;0;0;0;0;0;0
FR;9;2021-10-24;0;0;0;0;0;0;0;0;0;0;0;0;0;0;0;0;0;0
FR;9;2021-10-25;0;0;0;0;0;0;0;0;0;0;0;0;0;0;0;0;0;0
FR;9;2021-10-26;0;0;0;0;0;0;0;0;0;0;0;0;0;0;0;0;0;0
FR;9;2021-10-27;0;0;0;0;0;0;0;0;0;0;0;0;0;0;0;0;0;0
FR;9;2021-10-28;0;0;0;0;0;0;0;0;0;0;0;0;0;0;0;0;0;0
FR;9;2021-10-29;0;0;0;0;0;0;0;0;0;0;0;0;0;0;0;0;0;0
FR;9;2021-10-30;0;0;0;0;0;0;0;0;0;0;0;0;0;0;0;0;0;0
FR;9;2021-10-31;0;0;0;0;0;0;0;0;0;0;0;0;0;0;0;0;0;0
FR;9;2021-11-01;0;0;0;0;0;0;0;0;0;0;0;0;0;0;0;0;0;0
FR;9;2021-11-02;0;0;0;0;0;0;0;0;0;0;0;0;0;0;0;0;0;0
FR;9;2021-11-03;0;0;0;0;0;0;0;0;0;0;0;0;0;0;0;0;0;0
FR;9;2021-11-04;0;0;0;0;0;0;0;0;0;0;0;0;0;0;0;0;0;0
FR;9;2021-11-05;0;0;0;0;0;0;0;0;0;0;0;0;0;0;0;0;0;0
FR;9;2021-11-06;0;0;0;0;0;0;0;0;0;0;0;0;0;0;0;0;0;0
FR;9;2021-11-07;0;0;0;0;0;0;0;0;0;0;0;0;0;0;0;0;0;0
FR;9;2021-11-08;0;0;0;0;0;0;0;0;0;0;0;0;0;0;0;0;0;0
FR;9;2021-11-09;0;0;0;0;0;0;0;0;0;0;0;0;0;0;0;0;0;0
FR;9;2021-11-10;0;0;0;0;0;0;0;0;0;0;0;0;0;0;0;0;0;0
FR;9;2021-11-11;0;0;0;0;0;0;0;0;0;0;0;0;0;0;0;0;0;0
FR;9;2021-11-12;0;0;0;0;0;0;0;0;0;0;0;0;0;0;0;0;0;0
FR;9;2021-11-13;0;0;0;0;0;0;0;0;0;0;0;0;0;0;0;0;0;0
FR;9;2021-11-14;0;0;0;0;0;0;0;0;0;0;0;0;0;0;0;0;0;0
FR;9;2021-11-15;0;0;0;0;0;0;0;0;0;0;0;0;0;0;0;0;0;0
FR;9;2021-11-16;0;0;0;0;0;0;0;0;0;0;0;0;0;0;0;0;0;0
FR;9;2021-11-17;0;0;0;0;0;0;0;0;0;0;0;0;0;0;0;0;0;0
FR;9;2021-11-18;0;0;0;0;0;0;0;0;0;0;0;0;0;0;0;0;0;0
FR;9;2021-11-19;0;0;0;0;0;0;0;0;0;0;0;0;0;0;0;0;0;0
FR;9;2021-11-20;0;0;0;0;0;0;0;0;0;0;0;0;0;0;0;0;0;0
FR;9;2021-11-21;0;0;0;0;0;0;0;0;0;0;0;0;0;0;0;0;0;0
FR;9;2021-11-22;0;0;0;0;0;0;0;0;0;0;0;0;0;0;0;0;0;0
FR;9;2021-11-23;0;0;0;0;0;0;0;0;0;0;0;0;0;0;0;0;0;0
FR;9;2021-11-24;0;0;0;0;0;0;0;0;0;0;0;0;0;0;0;0;0;0
FR;9;2021-11-25;0;0;0;0;0;0;0;0;0;0;0;0;0;0;0;0;0;0
FR;9;2021-11-26;0;0;0;0;0;0;0;0;0;0;0;0;0;0;0;0;0;0
FR;9;2021-11-27;0;0;0;0;0;0;0;0;0;0;0;0;0;0;0;0;0;0
FR;9;2021-11-28;0;0;0;0;0;0;0;0;0;0;0;0;0;0;0;0;0;0
FR;9;2021-11-29;0;0;0;0;0;0;0;0;0;0;0;0;0;0;0;0;0;0
FR;9;2021-11-30;0;0;0;0;0;0;0;0;0;0;0;0;0;0;0;0;0;0
FR;9;2021-12-01;0;0;0;0;0;0;0;0;0;0;0;0;0;0;0;0;0;0
FR;9;2021-12-02;0;0;0;0;0;0;0;0;0;0;0;0;0;0;0;0;0;0
FR;9;2021-12-03;0;0;0;0;0;0;0;0;0;0;0;0;0;0;0;0;0;0
FR;9;2021-12-04;0;0;0;0;0;0;0;0;0;0;0;0;0;0;0;0;0;0
FR;9;2021-12-05;0;0;0;0;0;0;0;0;0;0;0;0;0;0;0;0;0;0
FR;9;2021-12-06;0;0;0;0;0;0;0;0;0;0;0;0;0;0;0;0;0;0
FR;9;2021-12-07;0;0;0;0;0;0;0;0;0;0;0;0;0;0;0;0;0;0
FR;9;2021-12-08;0;0;0;0;0;0;0;0;0;0;0;0;0;0;0;0;0;0
FR;9;2021-12-09;0;0;0;0;0;0;0;0;0;0;0;0;0;0;0;0;0;0
FR;9;2021-12-10;0;0;0;0;0;0;0;0;0;0;0;0;0;0;0;0;0;0
FR;9;2021-12-11;0;0;0;0;0;0;0;0;0;0;0;0;0;0;0;0;0;0
FR;9;2021-12-12;0;0;0;0;0;0;0;0;0;0;0;0;0;0;0;0;0;0
FR;9;2021-12-13;0;0;0;0;0;0;0;0;0;0;0;0;0;0;0;0;0;0
FR;9;2021-12-14;0;0;0;0;0;0;0;0;0;0;0;0;0;0;0;0;0;0
FR;9;2021-12-15;0;0;0;0;0;0;0;0;0;0;0;0;0;0;0;0;0;0
FR;9;2021-12-16;0;0;0;0;0;0;0;0;0;0;0;0;0;0;0;0;0;0
FR;9;2021-12-17;0;0;0;0;0;0;0;0;0;0;0;0;0;0;0;0;0;0
FR;9;2021-12-18;0;0;0;0;0;0;0;0;0;0;0;0;0;0;0;0;0;0
FR;9;2021-12-19;0;0;0;0;0;0;0;0;0;0;0;0;0;0;0;0;0;0
FR;9;2021-12-20;0;0;0;0;0;0;0;0;0;0;0;0;0;0;0;0;0;0
FR;9;2021-12-21;0;0;0;0;0;0;0;0;0;0;0;0;0;0;0;0;0;0
FR;9;2021-12-22;0;0;0;0;0;0;0;0;0;0;0;0;0;0;0;0;0;0
FR;9;2021-12-23;0;0;0;0;0;0;0;0;0;0;0;0;0;0;0;0;0;0
FR;9;2021-12-24;0;0;0;0;0;0;0;0;0;0;0;0;0;0;0;0;0;0
FR;9;2021-12-25;0;0;0;0;0;0;0;0;0;0;0;0;0;0;0;0;0;0
FR;9;2021-12-26;0;0;0;0;0;0;0;0;0;0;0;0;0;0;0;0;0;0
FR;9;2021-12-27;0;0;0;0;0;0;0;0;0;0;0;0;0;0;0;0;0;0
FR;9;2021-12-28;0;0;0;0;0;0;0;0;0;0;0;0;0;0;0;0;0;0
FR;9;2021-12-29;0;0;0;0;0;0;0;0;0;0;0;0;0;0;0;0;0;0
FR;9;2021-12-30;0;0;0;0;0;0;0;0;0;0;0;0;0;0;0;0;0;0
FR;9;2021-12-31;0;0;0;0;0;0;0;0;0;0;0;0;0;0;0;0;0;0
FR;9;2022-01-01;0;0;0;0;0;0;0;0;0;0;0;0;0;0;0;0;0;0
FR;9;2022-01-02;0;0;0;0;0;0;0;0;0;0;0;0;0;0;0;0;0;0
FR;9;2022-01-03;0;0;0;0;0;0;0;0;0;0;0;0;0;0;0;0;0;0
FR;9;2022-01-04;0;0;0;0;0;0;0;0;0;0;0;0;0;0;0;0;0;0
FR;9;2022-01-05;0;0;0;0;0;0;0;0;0;0;0;0;0;0;0;0;0;0
FR;9;2022-01-06;0;0;0;0;0;0;0;0;0;0;0;0;0;0;0;0;0;0
FR;9;2022-01-07;0;0;0;0;0;0;0;0;0;0;0;0;0;0;0;0;0;0
FR;9;2022-01-08;0;0;0;0;0;0;0;0;0;0;0;0;0;0;0;0;0;0
FR;9;2022-01-09;0;0;0;0;0;0;0;0;0;0;0;0;0;0;0;0;0;0
FR;9;2022-01-10;0;0;0;0;0;0;0;0;0;0;0;0;0;0;0;0;0;0
FR;9;2022-01-11;0;0;0;0;0;0;0;0;0;0;0;0;0;0;0;0;0;0
FR;9;2022-01-12;0;0;0;0;0;0;0;0;0;0;0;0;0;0;0;0;0;0
FR;9;2022-01-13;0;0;0;0;0;0;0;0;0;0;0;0;0;0;0;0;0;0
FR;9;2022-01-14;0;0;0;0;0;0;0;0;0;0;0;0;0;0;0;0;0;0
FR;9;2022-01-15;0;0;0;0;0;0;0;0;0;0;0;0;0;0;0;0;0;0
FR;9;2022-01-16;0;0;0;0;0;0;0;0;0;0;0;0;0;0;0;0;0;0
FR;9;2022-01-17;0;0;0;0;0;0;0;0;0;0;0;0;0;0;0;0;0;0
FR;9;2022-01-18;0;0;0;0;0;0;0;0;0;0;0;0;0;0;0;0;0;0
FR;9;2022-01-19;0;0;0;0;0;0;0;0;0;0;0;0;0;0;0;0;0;0
FR;9;2022-01-20;0;0;0;0;0;0;0;0;0;0;0;0;0;0;0;0;0;0
FR;9;2022-01-21;0;0;0;0;0;0;0;0;0;0;0;0;0;0;0;0;0;0
FR;9;2022-01-22;0;0;0;0;0;0;0;0;0;0;0;0;0;0;0;0;0;0
FR;9;2022-01-23;0;0;0;0;0;0;0;0;0;0;0;0;0;0;0;0;0;0
FR;9;2022-01-24;0;0;0;0;0;0;0;0;0;0;0;0;0;0;0;0;0;0
FR;9;2022-01-25;0;0;0;0;0;0;0;0;0;0;0;0;0;0;0;0;0;0
FR;9;2022-01-26;0;0;0;0;0;0;0;0;0;0;0;0;0;0;0;0;0;0
FR;9;2022-01-27;0;0;0;0;0;0;0;0;0;0;0;0;0;0;0;0;0;0
FR;9;2022-01-28;0;0;0;0;0;0;0;0;0;0;0;0;0;0;0;0;0;0
FR;9;2022-01-29;0;0;0;0;0;0;0;0;0;0;0;0;0;0;0;0;0;0
FR;9;2022-01-30;0;0;0;0;0;0;0;0;0;0;0;0;0;0;0;0;0;0
FR;9;2022-01-31;0;0;0;0;0;0;0;0;0;0;0;0;0;0;0;0;0;0
FR;9;2022-02-01;0;0;0;0;0;0;0;0;0;0;0;0;0;0;0;0;0;0
FR;9;2022-02-02;0;0;0;0;0;0;0;0;0;0;0;0;0;0;0;0;0;0
FR;9;2022-02-03;0;0;0;0;0;0;0;0;0;0;0;0;0;0;0;0;0;0
FR;9;2022-02-04;0;0;0;0;0;0;0;0;0;0;0;0;0;0;0;0;0;0
FR;9;2022-02-05;0;0;0;0;0;0;0;0;0;0;0;0;0;0;0;0;0;0
FR;9;2022-02-06;0;0;0;0;0;0;0;0;0;0;0;0;0;0;0;0;0;0
FR;9;2022-02-07;0;0;0;0;0;0;0;0;0;0;0;0;0;0;0;0;0;0
FR;9;2022-02-08;0;0;0;0;0;0;0;0;0;0;0;0;0;0;0;0;0;0
FR;9;2022-02-09;0;0;0;0;0;0;0;0;0;0;0;0;0;0;0;0;0;0
FR;9;2022-02-10;0;0;0;0;0;0;0;0;0;0;0;0;0;0;0;0;0;0
FR;9;2022-02-11;0;0;0;0;0;0;0;0;0;0;0;0;0;0;0;0;0;0
FR;9;2022-02-12;0;0;0;0;0;0;0;0;0;0;0;0;0;0;0;0;0;0
FR;9;2022-02-13;0;0;0;0;0;0;0;0;0;0;0;0;0;0;0;0;0;0
FR;9;2022-02-14;0;0;0;0;0;0;0;0;0;0;0;0;0;0;0;0;0;0
FR;9;2022-02-15;0;0;0;0;0;0;0;0;0;0;0;0;0;0;0;0;0;0
FR;9;2022-02-16;0;0;0;0;0;0;0;0;0;0;0;0;0;0;0;0;0;0
FR;9;2022-02-17;0;0;0;0;0;0;0;0;0;0;0;0;0;0;0;0;0;0
FR;9;2022-02-18;0;0;0;0;0;0;0;0;0;0;0;0;0;0;0;0;0;0
FR;9;2022-02-19;0;0;0;0;0;0;0;0;0;0;0;0;0;0;0;0;0;0
FR;9;2022-02-20;0;0;0;0;0;0;0;0;0;0;0;0;0;0;0;0;0;0
FR;9;2022-02-21;0;0;0;0;0;0;0;0;0;0;0;0;0;0;0;0;0;0
FR;9;2022-02-22;0;0;0;0;0;0;0;0;0;0;0;0;0;0;0;0;0;0
FR;9;2022-02-23;0;0;0;0;0;0;0;0;0;0;0;0;0;0;0;0;0;0
FR;9;2022-02-24;0;0;0;0;0;0;0;0;0;0;0;0;0;0;0;0;0;0
FR;9;2022-02-25;0;0;0;0;0;0;0;0;0;0;0;0;0;0;0;0;0;0
FR;9;2022-02-26;0;0;0;0;0;0;0;0;0;0;0;0;0;0;0;0;0;0
FR;9;2022-02-27;0;0;0;0;0;0;0;0;0;0;0;0;0;0;0;0;0;0
FR;9;2022-02-28;0;0;0;0;0;0;0;0;0;0;0;0;0;0;0;0;0;0
FR;9;2022-03-01;0;0;0;0;0;0;0;0;0;0;0;0;0;0;0;0;0;0
FR;9;2022-03-02;0;0;0;0;0;0;0;0;0;0;0;0;0;0;0;0;0;0
FR;9;2022-03-03;0;0;0;0;0;0;0;0;0;0;0;0;0;0;0;0;0;0
FR;9;2022-03-04;0;0;0;0;0;0;0;0;0;0;0;0;0;0;0;0;0;0
FR;9;2022-03-05;0;0;0;0;0;0;0;0;0;0;0;0;0;0;0;0;0;0
FR;9;2022-03-06;0;0;0;0;0;0;0;0;0;0;0;0;0;0;0;0;0;0
FR;9;2022-03-07;0;0;0;0;0;0;0;0;0;0;0;0;0;0;0;0;0;0
FR;9;2022-03-08;0;0;0;0;0;0;0;0;0;0;0;0;0;0;0;0;0;0
FR;9;2022-03-09;0;0;0;0;0;0;0;0;0;0;0;0;0;0;0;0;0;0
FR;9;2022-03-10;0;0;0;0;0;0;0;0;0;0;0;0;0;0;0;0;0;0
FR;9;2022-03-11;0;0;0;0;0;0;0;0;0;0;0;0;0;0;0;0;0;0
FR;9;2022-03-12;0;0;0;0;0;0;0;0;0;0;0;0;0;0;0;0;0;0
FR;9;2022-03-13;0;0;0;0;0;0;0;0;0;0;0;0;0;0;0;0;0;0
FR;9;2022-03-14;0;0;0;0;0;0;0;0;0;0;0;0;0;0;0;0;0;0
FR;9;2022-03-15;0;0;0;0;0;0;0;0;0;0;0;0;0;0;0;0;0;0
FR;9;2022-03-16;0;0;0;0;0;0;0;0;0;0;0;0;0;0;0;0;0;0
FR;9;2022-03-17;0;0;0;0;0;0;0;0;0;0;0;0;0;0;0;0;0;0
FR;9;2022-03-18;0;0;0;0;0;0;0;0;0;0;0;0;0;0;0;0;0;0
FR;9;2022-03-19;0;0;0;0;0;0;0;0;0;0;0;0;0;0;0;0;0;0
FR;9;2022-03-20;0;0;0;0;0;0;0;0;0;0;0;0;0;0;0;0;0;0
FR;9;2022-03-21;0;0;0;0;0;0;0;0;0;0;0;0;0;0;0;0;0;0
FR;9;2022-03-22;0;0;0;0;0;0;0;0;0;0;0;0;0;0;0;0;0;0
FR;9;2022-03-23;0;0;0;0;0;0;0;0;0;0;0;0;0;0;0;0;0;0
FR;9;2022-03-24;0;0;0;0;0;0;0;0;0;0;0;0;0;0;0;0;0;0
FR;9;2022-03-25;0;0;0;0;0;0;0;0;0;0;0;0;0;0;0;0;0;0
FR;9;2022-03-26;0;0;0;0;0;0;0;0;0;0;0;0;0;0;0;0;0;0
FR;9;2022-03-27;0;0;0;0;0;0;0;0;0;0;0;0;0;0;0;0;0;0
FR;9;2022-03-28;0;0;0;0;0;0;0;0;0;0;0;0;0;0;0;0;0;0
FR;9;2022-03-29;0;0;0;0;0;0;0;0;0;0;0;0;0;0;0;0;0;0
FR;9;2022-03-30;0;0;0;0;0;0;0;0;0;0;0;0;0;0;0;0;0;0
FR;9;2022-03-31;0;0;0;0;0;0;0;0;0;0;0;0;0;0;0;0;0;0
FR;9;2022-04-01;0;0;0;0;0;0;0;0;0;0;0;0;0;0;0;0;0;0
FR;9;2022-04-02;0;0;0;0;0;0;0;0;0;0;0;0;0;0;0;0;0;0
FR;9;2022-04-03;0;0;0;0;0;0;0;0;0;0;0;0;0;0;0;0;0;0
FR;9;2022-04-04;0;0;0;0;0;0;0;0;0;0;0;0;0;0;0;0;0;0
FR;9;2022-04-05;0;0;0;0;0;0;0;0;0;0;0;0;0;0;0;0;0;0
FR;9;2022-04-06;0;0;0;0;0;0;0;0;0;0;0;0;0;0;0;0;0;0
FR;9;2022-04-07;0;0;0;0;0;0;0;0;0;0;0;0;0;0;0;0;0;0
FR;9;2022-04-08;0;0;0;0;0;0;0;0;0;0;0;0;0;0;0;0;0;0
FR;9;2022-04-09;0;0;0;0;0;0;0;0;0;0;0;0;0;0;0;0;0;0
FR;9;2022-04-10;0;0;0;0;0;0;0;0;0;0;0;0;0;0;0;0;0;0
FR;9;2022-04-11;0;0;0;0;0;0;0;0;0;0;0;0;0;0;0;0;0;0
FR;9;2022-04-12;0;0;0;0;0;0;0;0;0;0;0;0;0;0;0;0;0;0
FR;9;2022-04-13;0;0;0;0;0;0;0;0;0;0;0;0;0;0;0;0;0;0
FR;9;2022-04-14;0;0;0;0;0;0;0;0;0;0;0;0;0;0;0;0;0;0
FR;9;2022-04-15;0;0;0;0;0;0;0;0;0;0;0;0;0;0;0;0;0;0
FR;9;2022-04-16;0;0;0;0;0;0;0;0;0;0;0;0;0;0;0;0;0;0
FR;9;2022-04-17;0;0;0;0;0;0;0;0;0;0;0;0;0;0;0;0;0;0
FR;9;2022-04-18;0;0;0;0;0;0;0;0;0;0;0;0;0;0;0;0;0;0
FR;9;2022-04-19;0;0;0;0;0;0;0;0;0;0;0;0;0;0;0;0;0;0
FR;9;2022-04-20;0;0;0;0;0;0;0;0;0;0;0;0;0;0;0;0;0;0
FR;9;2022-04-21;0;0;0;0;0;0;0;0;0;0;0;0;0;0;0;0;0;0
FR;9;2022-04-22;0;0;0;0;0;0;0;0;0;0;0;0;0;0;0;0;0;0
FR;9;2022-04-23;0;0;0;0;0;0;0;0;0;0;0;0;0;0;0;0;0;0
FR;9;2022-04-24;0;0;0;0;0;0;0;0;0;0;0;0;0;0;0;0;0;0
FR;9;2022-04-25;0;0;0;0;0;0;0;0;0;0;0;0;0;0;0;0;0;0
FR;9;2022-04-26;0;0;0;0;0;0;0;0;0;0;0;0;0;0;0;0;0;0
FR;9;2022-04-27;0;0;0;0;0;0;0;0;0;0;0;0;0;0;0;0;0;0
FR;9;2022-04-28;0;0;0;0;0;0;0;0;0;0;0;0;0;0;0;0;0;0
FR;9;2022-04-29;0;0;0;0;0;0;0;0;0;0;0;0;0;0;0;0;0;0
FR;9;2022-04-30;0;0;0;0;0;0;0;0;0;0;0;0;0;0;0;0;0;0
FR;9;2022-05-01;0;0;0;0;0;0;0;0;0;0;0;0;0;0;0;0;0;0
FR;9;2022-05-02;0;0;0;0;0;0;0;0;0;0;0;0;0;0;0;0;0;0
FR;9;2022-05-03;0;0;0;0;0;0;0;0;0;0;0;0;0;0;0;0;0;0
FR;9;2022-05-04;0;0;0;0;0;0;0;0;0;0;0;0;0;0;0;0;0;0
FR;9;2022-05-05;0;0;0;0;0;0;0;0;0;0;0;0;0;0;0;0;0;0
FR;9;2022-05-06;0;0;0;0;0;0;0;0;0;0;0;0;0;0;0;0;0;0
FR;9;2022-05-07;0;0;0;0;0;0;0;0;0;0;0;0;0;0;0;0;0;0
FR;9;2022-05-08;0;0;0;0;0;0;0;0;0;0;0;0;0;0;0;0;0;0
FR;9;2022-05-09;0;0;0;0;0;0;0;0;0;0;0;0;0;0;0;0;0;0
FR;9;2022-05-10;0;0;0;0;0;0;0;0;0;0;0;0;0;0;0;0;0;0
FR;9;2022-05-11;0;0;0;0;0;0;0;0;0;0;0;0;0;0;0;0;0;0
FR;9;2022-05-12;0;0;0;0;0;0;0;0;0;0;0;0;0;0;0;0;0;0
FR;9;2022-05-13;0;0;0;0;0;0;0;0;0;0;0;0;0;0;0;0;0;0
FR;9;2022-05-14;0;0;0;0;0;0;0;0;0;0;0;0;0;0;0;0;0;0
FR;9;2022-05-15;0;0;0;0;0;0;0;0;0;0;0;0;0;0;0;0;0;0
FR;9;2022-05-16;0;0;0;0;0;0;0;0;0;0;0;0;0;0;0;0;0;0
FR;9;2022-05-17;0;0;0;0;0;0;0;0;0;0;0;0;0;0;0;0;0;0
FR;9;2022-05-18;0;0;0;0;0;0;0;0;0;0;0;0;0;0;0;0;0;0
FR;9;2022-05-19;0;0;0;0;0;0;0;0;0;0;0;0;0;0;0;0;0;0
FR;9;2022-05-20;0;0;0;0;0;0;0;0;0;0;0;0;0;0;0;0;0;0
FR;9;2022-05-21;0;0;0;0;0;0;0;0;0;0;0;0;0;0;0;0;0;0
FR;9;2022-05-22;0;0;0;0;0;0;0;0;0;0;0;0;0;0;0;0;0;0
FR;9;2022-05-23;0;0;0;0;0;0;0;0;0;0;0;0;0;0;0;0;0;0
FR;9;2022-05-24;0;0;0;0;0;0;0;0;0;0;0;0;0;0;0;0;0;0
FR;9;2022-05-25;0;0;0;0;0;0;0;0;0;0;0;0;0;0;0;0;0;0
FR;9;2022-05-26;0;0;0;0;0;0;0;0;0;0;0;0;0;0;0;0;0;0
FR;9;2022-05-27;0;0;0;0;0;0;0;0;0;0;0;0;0;0;0;0;0;0
FR;9;2022-05-28;0;0;0;0;0;0;0;0;0;0;0;0;0;0;0;0;0;0
FR;9;2022-05-29;0;0;0;0;0;0;0;0;0;0;0;0;0;0;0;0;0;0
FR;9;2022-05-30;0;0;0;0;0;0;0;0;0;0;0;0;0;0;0;0;0;0
FR;9;2022-05-31;0;0;0;0;0;0;0;0;0;0;0;0;0;0;0;0;0;0
FR;9;2022-06-01;0;0;0;0;0;0;0;0;0;0;0;0;0;0;0;0;0;0
FR;9;2022-06-02;0;0;0;0;0;0;0;0;0;0;0;0;0;0;0;0;0;0
FR;9;2022-06-03;0;0;0;0;0;0;0;0;0;0;0;0;0;0;0;0;0;0
FR;9;2022-06-04;0;0;0;0;0;0;0;0;0;0;0;0;0;0;0;0;0;0
FR;9;2022-06-05;0;0;0;0;0;0;0;0;0;0;0;0;0;0;0;0;0;0
FR;9;2022-06-06;0;0;0;0;0;0;0;0;0;0;0;0;0;0;0;0;0;0
FR;9;2022-06-07;0;0;0;0;0;0;0;0;0;0;0;0;0;0;0;0;0;0
FR;9;2022-06-08;0;0;0;0;0;0;0;0;0;0;0;0;0;0;0;0;0;0
FR;9;2022-06-09;0;0;0;0;0;0;0;0;0;0;0;0;0;0;0;0;0;0
FR;9;2022-06-10;0;0;0;0;0;0;0;0;0;0;0;0;0;0;0;0;0;0
FR;9;2022-06-11;0;0;0;0;0;0;0;0;0;0;0;0;0;0;0;0;0;0
FR;9;2022-06-12;0;0;0;0;0;0;0;0;0;0;0;0;0;0;0;0;0;0
FR;9;2022-06-13;0;0;0;0;0;0;0;0;0;0;0;0;0;0;0;0;0;0
FR;9;2022-06-14;0;0;0;0;0;0;0;0;0;0;0;0;0;0;0;0;0;0
FR;9;2022-06-15;0;0;0;0;0;0;0;0;0;0;0;0;0;0;0;0;0;0
FR;9;2022-06-16;0;0;0;0;0;0;0;0;0;0;0;0;0;0;0;0;0;0
FR;9;2022-06-17;0;0;0;0;0;0;0;0;0;0;0;0;0;0;0;0;0;0
FR;9;2022-06-18;0;0;0;0;0;0;0;0;0;0;0;0;0;0;0;0;0;0
FR;9;2022-06-19;0;0;0;0;0;0;0;0;0;0;0;0;0;0;0;0;0;0
FR;9;2022-06-20;0;0;0;0;0;0;0;0;0;0;0;0;0;0;0;0;0;0
FR;9;2022-06-21;0;0;0;0;0;0;0;0;0;0;0;0;0;0;0;0;0;0
FR;9;2022-06-22;0;0;0;0;0;0;0;0;0;0;0;0;0;0;0;0;0;0
FR;9;2022-06-23;0;0;0;0;0;0;0;0;0;0;0;0;0;0;0;0;0;0
FR;9;2022-06-24;0;0;0;0;0;0;0;0;0;0;0;0;0;0;0;0;0;0
FR;9;2022-06-25;0;0;0;0;0;0;0;0;0;0;0;0;0;0;0;0;0;0
FR;9;2022-06-26;0;0;0;0;0;0;0;0;0;0;0;0;0;0;0;0;0;0
FR;9;2022-06-27;0;0;0;0;0;0;0;0;0;0;0;0;0;0;0;0;0;0
FR;9;2022-06-28;0;0;0;0;0;0;0;0;0;0;0;0;0;0;0;0;0;0
FR;9;2022-06-29;0;0;0;0;0;0;0;0;0;0;0;0;0;0;0;0;0;0
FR;9;2022-06-30;0;0;0;0;0;0;0;0;0;0;0;0;0;0;0;0;0;0
FR;9;2022-07-01;0;0;0;0;0;0;0;0;0;0;0;0;0;0;0;0;0;0
FR;9;2022-07-02;0;0;0;0;0;0;0;0;0;0;0;0;0;0;0;0;0;0
FR;9;2022-07-03;0;0;0;0;0;0;0;0;0;0;0;0;0;0;0;0;0;0
FR;9;2022-07-04;0;0;0;0;0;0;0;0;0;0;0;0;0;0;0;0;0;0
FR;9;2022-07-05;0;0;0;0;0;0;0;0;0;0;0;0;0;0;0;0;0;0
FR;9;2022-07-06;0;0;0;0;0;0;0;0;0;0;0;0;0;0;0;0;0;0
FR;9;2022-07-07;0;0;0;0;0;0;0;0;0;0;0;0;0;0;0;0;0;0
FR;9;2022-07-08;0;0;0;0;0;0;0;0;0;0;0;0;0;0;0;0;0;0
FR;9;2022-07-09;0;0;0;0;0;0;0;0;0;0;0;0;0;0;0;0;0;0
FR;9;2022-07-10;0;0;0;0;0;0;0;0;0;0;0;0;0;0;0;0;0;0
FR;9;2022-07-11;0;0;0;0;0;0;0;0;0;0;0;0;0;0;0;0;0;0
FR;9;2022-07-12;0;0;0;0;0;0;0;0;0;0;0;0;0;0;0;0;0;0
FR;9;2022-07-13;0;0;0;0;0;0;0;0;0;0;0;0;0;0;0;0;0;0
FR;9;2022-07-14;0;0;0;0;0;0;0;0;0;0;0;0;0;0;0;0;0;0
FR;9;2022-07-15;0;0;0;0;0;0;0;0;0;0;0;0;0;0;0;0;0;0
FR;9;2022-07-16;0;0;0;0;0;0;0;0;0;0;0;0;0;0;0;0;0;0
FR;9;2022-07-17;0;0;0;0;0;0;0;0;0;0;0;0;0;0;0;0;0;0
FR;9;2022-07-18;0;0;0;0;0;0;0;0;0;0;0;0;0;0;0;0;0;0
FR;9;2022-07-19;0;0;0;0;0;0;0;0;0;0;0;0;0;0;0;0;0;0
FR;9;2022-07-20;0;0;0;0;0;0;0;0;0;0;0;0;0;0;0;0;0;0
FR;9;2022-07-21;0;0;0;0;0;0;0;0;0;0;0;0;0;0;0;0;0;0
FR;9;2022-07-22;0;0;0;0;0;0;0;0;0;0;0;0;0;0;0;0;0;0
FR;9;2022-07-23;0;0;0;0;0;0;0;0;0;0;0;0;0;0;0;0;0;0
FR;9;2022-07-24;0;0;0;0;0;0;0;0;0;0;0;0;0;0;0;0;0;0
FR;9;2022-07-25;0;0;0;0;0;0;0;0;0;0;0;0;0;0;0;0;0;0
FR;9;2022-07-26;0;0;0;0;0;0;0;0;0;0;0;0;0;0;0;0;0;0
FR;9;2022-07-27;0;0;0;0;0;0;0;0;0;0;0;0;0;0;0;0;0;0
FR;9;2022-07-28;0;0;0;0;0;0;0;0;0;0;0;0;0;0;0;0;0;0
FR;9;2022-07-29;0;0;0;0;0;0;0;0;0;0;0;0;0;0;0;0;0;0
FR;9;2022-07-30;0;0;0;0;0;0;0;0;0;0;0;0;0;0;0;0;0;0
FR;9;2022-07-31;0;0;0;0;0;0;0;0;0;0;0;0;0;0;0;0;0;0
FR;9;2022-08-01;0;0;0;0;0;0;0;0;0;0;0;0;0;0;0;0;0;0
FR;9;2022-08-02;0;0;0;0;0;0;0;0;0;0;0;0;0;0;0;0;0;0
FR;9;2022-08-03;0;0;0;0;0;0;0;0;0;0;0;0;0;0;0;0;0;0
FR;9;2022-08-04;0;0;0;0;0;0;0;0;0;0;0;0;0;0;0;0;0;0
FR;9;2022-08-05;0;0;0;0;0;0;0;0;0;0;0;0;0;0;0;0;0;0
FR;9;2022-08-06;0;0;0;0;0;0;0;0;0;0;0;0;0;0;0;0;0;0
FR;9;2022-08-07;0;0;0;0;0;0;0;0;0;0;0;0;0;0;0;0;0;0
FR;9;2022-08-08;0;0;0;0;0;0;0;0;0;0;0;0;0;0;0;0;0;0
FR;9;2022-08-09;0;0;0;0;0;0;0;0;0;0;0;0;0;0;0;0;0;0
FR;9;2022-08-10;0;0;0;0;0;0;0;0;0;0;0;0;0;0;0;0;0;0
FR;9;2022-08-11;0;0;0;0;0;0;0;0;0;0;0;0;0;0;0;0;0;0
FR;9;2022-08-12;0;0;0;0;0;0;0;0;0;0;0;0;0;0;0;0;0;0
FR;9;2022-08-13;0;0;0;0;0;0;0;0;0;0;0;0;0;0;0;0;0;0
FR;9;2022-08-14;0;0;0;0;0;0;0;0;0;0;0;0;0;0;0;0;0;0
FR;9;2022-08-15;0;0;0;0;0;0;0;0;0;0;0;0;0;0;0;0;0;0
FR;9;2022-08-16;0;0;0;0;0;0;0;0;0;0;0;0;0;0;0;0;0;0
FR;9;2022-08-17;0;0;0;0;0;0;0;0;0;0;0;0;0;0;0;0;0;0
FR;9;2022-08-18;0;0;0;0;0;0;0;0;0;0;0;0;0;0;0;0;0;0
FR;9;2022-08-19;0;0;0;0;0;0;0;0;0;0;0;0;0;0;0;0;0;0
FR;9;2022-08-20;0;0;0;0;0;0;0;0;0;0;0;0;0;0;0;0;0;0
FR;9;2022-08-21;0;0;0;0;0;0;0;0;0;0;0;0;0;0;0;0;0;0
FR;9;2022-08-22;0;0;0;0;0;0;0;0;0;0;0;0;0;0;0;0;0;0
FR;9;2022-08-23;0;0;0;0;0;0;0;0;0;0;0;0;0;0;0;0;0;0
FR;9;2022-08-24;0;0;0;0;0;0;0;0;0;0;0;0;0;0;0;0;0;0
FR;9;2022-08-25;0;0;0;0;0;0;0;0;0;0;0;0;0;0;0;0;0;0
FR;9;2022-08-26;0;0;0;0;0;0;0;0;0;0;0;0;0;0;0;0;0;0
FR;9;2022-08-27;0;0;0;0;0;0;0;0;0;0;0;0;0;0;0;0;0;0
FR;9;2022-08-28;0;0;0;0;0;0;0;0;0;0;0;0;0;0;0;0;0;0
FR;9;2022-08-29;0;0;0;0;0;0;0;0;0;0;0;0;0;0;0;0;0;0
FR;9;2022-08-30;0;0;0;0;0;0;0;0;0;0;0;0;0;0;0;0;0;0
FR;9;2022-08-31;0;0;0;0;0;0;0;0;0;0;0;0;0;0;0;0;0;0
FR;9;2022-09-01;0;0;0;0;0;0;0;0;0;0;0;0;0;0;0;0;0;0
FR;9;2022-09-02;0;0;0;0;0;0;0;0;0;0;0;0;0;0;0;0;0;0
FR;9;2022-09-03;0;0;0;0;0;0;0;0;0;0;0;0;0;0;0;0;0;0
FR;9;2022-09-04;0;0;0;0;0;0;0;0;0;0;0;0;0;0;0;0;0;0
FR;9;2022-09-05;0;0;0;0;0;0;0;0;0;0;0;0;0;0;0;0;0;0
FR;9;2022-09-06;0;0;0;0;0;0;0;0;0;0;0;0;0;0;0;0;0;0
FR;9;2022-09-07;0;0;0;0;0;0;0;0;0;0;0;0;0;0;0;0;0;0
FR;9;2022-09-08;0;0;0;0;0;0;0;0;0;0;0;0;0;0;0;0;0;0
FR;9;2022-09-09;0;0;0;0;0;0;0;0;0;0;0;0;0;0;0;0;0;0
FR;9;2022-09-10;0;0;0;0;0;0;0;0;0;0;0;0;0;0;0;0;0;0
FR;9;2022-09-11;0;0;0;0;0;0;0;0;0;0;0;0;0;0;0;0;0;0
FR;9;2022-09-12;0;0;0;0;0;0;0;0;0;0;0;0;0;0;0;0;0;0
FR;9;2022-09-13;0;0;0;0;0;0;0;0;0;0;0;0;0;0;0;0;0;0
FR;9;2022-09-14;0;0;0;0;0;0;0;0;0;0;0;0;0;0;0;0;0;0
FR;9;2022-09-15;0;0;0;0;0;0;0;0;0;0;0;0;0;0;0;0;0;0
FR;9;2022-09-16;0;0;0;0;0;0;0;0;0;0;0;0;0;0;0;0;0;0
FR;9;2022-09-17;0;0;0;0;0;0;0;0;0;0;0;0;0;0;0;0;0;0
FR;9;2022-09-18;0;0;0;0;0;0;0;0;0;0;0;0;0;0;0;0;0;0
FR;9;2022-09-19;0;0;0;0;0;0;0;0;0;0;0;0;0;0;0;0;0;0
FR;9;2022-09-20;0;0;0;0;0;0;0;0;0;0;0;0;0;0;0;0;0;0
FR;9;2022-09-21;0;0;0;0;0;0;0;0;0;0;0;0;0;0;0;0;0;0
FR;9;2022-09-22;0;0;0;0;0;0;0;0;0;0;0;0;0;0;0;0;0;0
FR;9;2022-09-23;0;0;0;0;0;0;0;0;0;0;0;0;0;0;0;0;0;0
FR;9;2022-09-24;0;0;0;0;0;0;0;0;0;0;0;0;0;0;0;0;0;0
FR;9;2022-09-25;0;0;0;0;0;0;0;0;0;0;0;0;0;0;0;0;0;0
FR;9;2022-09-26;0;0;0;0;0;0;0;0;0;0;0;0;0;0;0;0;0;0
FR;9;2022-09-27;0;0;0;0;0;0;0;0;0;0;0;0;0;0;0;0;0;0
FR;9;2022-09-28;0;0;0;0;0;0;0;0;0;0;0;0;0;0;0;0;0;0
FR;9;2022-09-29;1;1;8;33;0;6;35;43;2;1;1;8;33;0;6;35;43;2
FR;9;2022-09-30;5;13;62;606;7;48;614;715;51;6;14;70;639;7;54;649;758;53
FR;9;2022-10-01;10;2;43;327;3;26;335;396;35;16;16;113;966;10;80;984;1154;88
FR;9;2022-10-02;2;1;5;50;0;4;51;66;11;18;17;118;1016;10;84;1035;1220;99
FR;9;2022-10-03;15;17;151;1714;11;129;1708;2074;234;33;34;269;2730;21;213;2743;3294;333
FR;9;2022-10-04;23;48;353;3954;18;228;4022;4704;450;56;82;622;6684;39;441;6765;7998;783
FR;9;2022-10-05;30;21;269;3000;18;203;3013;3658;433;86;103;891;9684;57;644;9778;11656;1216
FR;9;2022-10-06;23;35;400;4598;18;301;4631;5609;672;109;138;1291;14282;75;945;14409;17265;1888
FR;9;2022-10-07;29;50;499;5706;19;384;5720;7029;923;138;188;1790;19988;94;1329;20129;24294;2811
FR;9;2022-10-08;10;18;128;1090;8;86;1108;1389;191;148;206;1918;21078;102;1415;21237;25683;3002
FR;9;2022-10-09;1;7;22;197;1;29;198;277;50;149;213;1940;21275;103;1444;21435;25960;3052
FR;9;2022-10-10;11;26;207;2572;14;181;2576;3296;533;160;239;2147;23847;117;1625;24011;29256;3585
FR;9;2022-10-11;31;40;424;5043;27;312;5024;6198;851;191;279;2571;28890;144;1937;29035;35454;4436
FR;9;2022-10-12;22;26;297;2987;16;212;3044;3830;572;213;305;2868;31877;160;2149;32079;39284;5008
FR;9;2022-10-13;25;42;374;3980;16;245;4036;5027;740;238;347;3242;35857;176;2394;36115;44311;5748
FR;9;2022-10-14;27;26;383;4430;12;295;4414;5558;838;265;373;3625;40287;188;2689;40529;49869;6586
FR;9;2022-10-15;14;8;101;1052;7;79;1029;1308;198;279;381;3726;41339;195;2768;41558;51177;6784
FR;9;2022-10-16;4;1;9;132;2;12;126;168;28;283;382;3735;41471;197;2780;41684;51345;6812
FR;9;2022-10-17;4;22;165;1875;11;127;1883;2492;475;287;404;3900;43346;208;2907;43567;53837;7287
FR;9;2022-10-18;36;29;317;3430;17;237;3454;4663;963;323;433;4217;46776;225;3144;47021;58500;8250
FR;9;2022-10-19;22;19;262;2688;17;174;2717;3733;827;345;452;4479;49464;242;3318;49738;62233;9077
FR;9;2022-10-20;22;22;308;3628;8;233;3639;4813;933;367;474;4787;53092;250;3551;53377;67046;10010
FR;9;2022-10-21;14;32;327;3550;11;228;3556;4656;864;381;506;5114;56642;261;3779;56933;71702;10874
FR;9;2022-10-22;10;11;90;914;8;62;919;1193;207;391;517;5204;57556;269;3841;57852;72895;11081
FR;9;2022-10-23;2;2;17;100;2;10;105;148;33;393;519;5221;57656;271;3851;57957;73043;11114
FR;9;2022-10-24;7;17;159;1363;6;106;1434;1942;397;400;536;5380;59019;277;3957;59391;74985;11511
FR;9;2022-10-25;19;22;228;2841;16;188;2851;3938;896;419;558;5608;61860;293;4145;62242;78923;12407
FR;9;2022-10-26;14;16;169;1800;13;123;1812;2527;590;433;574;5777;63660;306;4268;64054;81450;12997
FR;9;2022-10-27;9;26;230;2303;15;173;2337;3210;689;442;600;6007;65963;321;4441;66391;84660;13686
FR;9;2022-10-28;18;27;224;2277;17;151;2303;3143;682;460;627;6231;68240;338;4592;68694;87803;14368
FR;9;2022-10-29;12;8;55;505;5;46;496;662;119;472;635;6286;68745;343;4638;69190;88465;14487
FR;9;2022-10-30;2;1;8;58;1;8;58;82;16;474;636;6294;68803;344;4646;69248;88547;14503
FR;9;2022-10-31;13;7;105;660;9;59;695;996;240;487;643;6399;69463;353;4705;69943;89543;14743
FR;9;2022-11-01;1;2;15;43;1;11;49;71;11;488;645;6414;69506;354;4716;69992;89614;14754
FR;9;2022-11-02;7;12;102;1027;4;76;1045;1577;452;495;657;6516;70533;358;4792;71037;91191;15206
FR;9;2022-11-03;17;18;157;1599;16;92;1647;2348;599;512;675;6673;72132;374;4884;72684;93539;15805
FR;9;2022-11-04;21;19;193;1751;15;120;1800;2536;611;533;694;6866;73883;389;5004;74484;96075;16416
FR;9;2022-11-05;8;10;58;403;9;39;424;573;107;541;704;6924;74286;398;5043;74908;96648;16523
FR;9;2022-11-06;5;4;5;62;6;2;61;88;25;546;708;6929;74348;404;5045;74969;96736;16548
FR;9;2022-11-07;17;19;89;942;16;110;941;1489;432;563;727;7018;75290;420;5155;75910;98225;16980
FR;9;2022-11-08;11;19;171;1827;13;137;1815;2660;703;574;746;7189;77117;433;5292;77725;100885;17683
FR;9;2022-11-09;16;16;123;1261;9;98;1322;1878;453;590;762;7312;78378;442;5390;79047;102763;18136
FR;9;2022-11-10;13;22;162;1623;14;137;1621;2281;519;603;784;7474;80001;456;5527;80668;105044;18655
FR;9;2022-11-11;1;1;13;81;1;6;83;124;35;604;785;7487;80082;457;5533;80751;105168;18690
FR;9;2022-11-12;5;8;44;259;7;19;278;395;97;609;793;7531;80341;464;5552;81029;105563;18787
FR;9;2022-11-13;2;0;4;30;0;4;31;51;16;611;793;7535;80371;464;5556;81060;105614;18803
FR;9;2022-11-14;11;12;56;713;11;44;722;1108;339;622;805;7591;81084;475;5600;81782;106722;19142
FR;9;2022-11-15;18;17;150;1346;8;103;1356;2103;638;640;822;7741;82430;483;5703;83138;108825;19780
FR;9;2022-11-16;10;5;99;979;8;58;997;1490;431;650;827;7840;83409;491;5761;84135;110315;20211
FR;9;2022-11-17;9;17;126;1086;11;78;1111;1695;501;659;844;7966;84495;502;5839;85246;112010;20712
FR;9;2022-11-18;7;16;120;1440;5;78;1455;2027;492;666;860;8086;85935;507;5917;86701;114037;21204
FR;9;2022-11-19;3;5;51;364;1;28;351;490;106;669;865;8137;86299;508;5945;87052;114527;21310
FR;9;2022-11-20;1;0;5;37;0;3;35;54;16;670;865;8142;86336;508;5948;87087;114581;21326
FR;9;2022-11-21;9;12;66;636;5;51;639;960;263;679;877;8208;86972;513;5999;87726;115541;21589
FR;9;2022-11-22;15;12;121;1037;13;74;1067;1592;449;694;889;8329;88009;526;6073;88793;117133;22038
FR;9;2022-11-23;7;10;69;735;5;33;762;1172;372;701;899;8398;88744;531;6106;89555;118305;22410
FR;9;2022-11-24;8;19;93;979;14;68;992;1472;406;709;918;8491;89723;545;6174;90547;119777;22816
FR;9;2022-11-25;8;11;107;1180;9;82;1195;1781;503;717;929;8598;90903;554;6256;91742;121558;23319
FR;9;2022-11-26;6;6;35;217;7;24;214;310;68;723;935;8633;91120;561;6280;91956;121868;23387
FR;9;2022-11-27;1;1;6;42;0;2;46;82;34;724;936;8639;91162;561;6282;92002;121950;23421
FR;9;2022-11-28;5;7;103;698;7;60;726;1135;344;729;943;8742;91860;568;6342;92728;123085;23765
FR;9;2022-11-29;6;18;142;1299;6;89;1327;1942;521;735;961;8884;93159;574;6431;94055;125027;24286
FR;9;2022-11-30;9;12;99;1032;5;76;1055;1606;470;744;973;8983;94191;579;6507;95110;126633;24756
FR;9;2022-12-01;16;14;112;1345;8;80;1331;1970;554;760;987;9095;95536;587;6587;96441;128603;25310
FR;9;2022-12-02;10;13;193;1817;10;107;1818;2631;700;770;1000;9288;97353;597;6694;98259;131234;26010
FR;9;2022-12-03;7;9;79;619;5;41;632;887;208;777;1009;9367;97972;602;6735;98891;132121;26218
FR;9;2022-12-04;11;4;15;105;5;8;105;153;40;788;1013;9382;98077;607;6743;98996;132274;26258
FR;9;2022-12-05;21;24;144;1406;18;98;1421;2110;584;809;1037;9526;99483;625;6841;100417;134384;26842
FR;9;2022-12-06;30;21;264;2453;21;148;2548;3812;1097;839;1058;9790;101936;646;6989;102965;138196;27939
FR;9;2022-12-07;15;22;181;1848;20;112;1890;2826;814;854;1080;9971;103784;666;7101;104855;141022;28753
FR;9;2022-12-08;14;22;222;2404;15;125;2467;3701;1092;868;1102;10193;106188;681;7226;107322;144723;29845
FR;9;2022-12-09;14;25;287;2888;10;143;2986;4337;1200;882;1127;10480;109076;691;7369;110308;149060;31045
FR;9;2022-12-10;12;13;122;1324;5;56;1347;1819;410;894;1140;10602;110400;696;7425;111655;150879;31455
FR;9;2022-12-11;5;5;21;277;6;10;283;363;66;899;1145;10623;110677;702;7435;111938;151242;31521
FR;9;2022-12-12;17;14;215;1958;12;109;2032;2892;746;916;1159;10838;112635;714;7544;113970;154134;32267
FR;9;2022-12-13;28;23;317;3085;15;151;3221;4720;1337;944;1182;11155;115720;729;7695;117191;158854;33604
FR;9;2022-12-14;15;10;191;2335;8;94;2405;3505;989;959;1192;11346;118055;737;7789;119596;162359;34593
FR;9;2022-12-15;17;24;257;2611;13;138;2682;4069;1238;976;1216;11603;120666;750;7927;122278;166428;35831
FR;9;2022-12-16;15;29;294;3072;21;165;3155;4603;1274;991;1245;11897;123738;771;8092;125433;171031;37105
FR;9;2022-12-17;8;11;106;1193;6;50;1208;1664;402;999;1256;12003;124931;777;8142;126641;172695;37507
FR;9;2022-12-18;1;7;30;245;6;14;251;333;67;1000;1263;12033;125176;783;8156;126892;173028;37574
FR;9;2022-12-19;20;22;149;1599;16;78;1631;2507;789;1020;1285;12182;126775;799;8234;128523;175535;38363
FR;9;2022-12-20;21;19;232;2306;6;115;2349;3708;1233;1041;1304;12414;129081;805;8349;130872;179243;39596
FR;9;2022-12-21;6;14;139;1501;7;66;1554;2402;775;1047;1318;12553;130582;812;8415;132426;181645;40371
FR;9;2022-12-22;19;9;136;1402;9;78;1418;2119;615;1066;1327;12689;131984;821;8493;133844;183764;40986
FR;9;2022-12-23;11;15;77;728;9;51;730;1092;305;1077;1342;12766;132712;830;8544;134574;184856;41291
FR;9;2022-12-24;1;5;13;96;4;6;98;138;34;1078;1347;12779;132808;834;8550;134672;184994;41325
FR;9;2022-12-25;1;0;5;5;0;4;6;12;2;1079;1347;12784;132813;834;8554;134678;185006;41327
FR;9;2022-12-26;17;8;64;547;11;37;554;829;235;1096;1355;12848;133360;845;8591;135232;185835;41562
FR;9;2022-12-27;12;30;97;882;14;69;917;1422;430;1108;1385;12945;134242;859;8660;136149;187257;41992
FR;9;2022-12-28;8;9;82;749;8;40;768;1185;372;1116;1394;13027;134991;867;8700;136917;188442;42364
FR;9;2022-12-29;9;14;92;720;10;51;753;1135;324;1125;1408;13119;135711;877;8751;137670;189577;42688
FR;9;2022-12-30;12;17;77;592;9;47;612;899;237;1137;1425;13196;136303;886;8798;138282;190476;42925
FR;9;2022-12-31;2;3;17;136;2;12;139;190;38;1139;1428;13213;136439;888;8810;138421;190666;42963
FR;9;2023-01-01;0;2;3;19;1;4;19;31;8;1139;1430;13216;136458;889;8814;138440;190697;42971
FR;9;2023-01-02;11;11;56;592;4;40;585;949;320;1150;1441;13272;137050;893;8854;139025;191646;43291
FR;9;2023-01-03;19;20;122;1079;20;75;1101;1940;749;1169;1461;13394;138129;913;8929;140126;193586;44040
FR;9;2023-01-04;21;19;113;846;9;73;898;1609;633;1190;1480;13507;138975;922;9002;141024;195195;44673
FR;9;2023-01-05;5;20;115;1059;11;65;1091;2048;882;1195;1500;13622;140034;933;9067;142115;197243;45555
FR;9;2023-01-06;13;17;152;1370;4;73;1388;2410;938;1208;1517;13774;141404;937;9140;143503;199653;46493
FR;9;2023-01-07;6;13;58;436;14;36;427;687;220;1214;1530;13832;141840;951;9176;143930;200340;46713
FR;9;2023-01-08;4;11;15;92;9;12;91;137;32;1218;1541;13847;141932;960;9188;144021;200477;46745
FR;9;2023-01-09;16;15;87;623;9;62;615;1276;586;1234;1556;13934;142555;969;9250;144636;201753;47331
FR;9;2023-01-10;13;12;154;979;11;74;1033;1990;871;1247;1568;14088;143534;980;9324;145669;203743;48202
FR;9;2023-01-11;19;9;74;680;10;49;689;1387;643;1266;1577;14162;144214;990;9373;146358;205130;48845
FR;9;2023-01-12;21;9;92;845;3;77;823;1688;775;1287;1586;14254;145059;993;9450;147181;206818;49620
FR;9;2023-01-13;15;19;106;888;12;73;910;1784;785;1302;1605;14360;145947;1005;9523;148091;208602;50405
FR;9;2023-01-14;9;9;55;294;5;33;299;585;247;1311;1614;14415;146241;1010;9556;148390;209187;50652
FR;9;2023-01-15;1;3;15;37;0;9;41;82;32;1312;1617;14430;146278;1010;9565;148431;209269;50684
FR;9;2023-01-16;6;15;54;366;13;24;383;785;371;1318;1632;14484;146644;1023;9589;148814;210054;51055
FR;9;2023-01-17;7;9;83;563;4;49;577;1244;609;1325;1641;14567;147207;1027;9638;149391;211298;51664
FR;9;2023-01-18;8;14;37;380;6;32;397;841;405;1333;1655;14604;147587;1033;9670;149788;212139;52069
FR;9;2023-01-19;10;9;58;477;8;30;478;1088;569;1343;1664;14662;148064;1041;9700;150266;213227;52638
FR;9;2023-01-20;15;19;96;578;16;57;595;1190;534;1358;1683;14758;148642;1057;9757;150861;214417;53172
FR;9;2023-01-21;8;15;20;192;11;13;190;347;140;1366;1698;14778;148834;1068;9770;151051;214764;53312
FR;9;2023-01-22;0;0;8;20;0;5;21;42;16;1366;1698;14786;148854;1068;9775;151072;214806;53328
FR;9;2023-01-23;4;15;27;253;9;25;242;563;287;1370;1713;14813;149107;1077;9800;151314;215369;53615
FR;9;2023-01-24;11;10;70;461;9;42;484;1162;633;1381;1723;14883;149568;1086;9842;151798;216531;54248
FR;9;2023-01-25;11;20;50;325;9;47;336;798;410;1392;1743;14933;149893;1095;9889;152134;217329;54658
FR;9;2023-01-26;7;17;64;391;8;50;390;967;515;1399;1760;14997;150284;1103;9939;152524;218296;55173
FR;9;2023-01-27;4;7;59;381;3;31;397;906;462;1403;1767;15056;150665;1106;9970;152921;219202;55635
FR;9;2023-01-28;3;6;31;128;5;27;120;265;116;1406;1773;15087;150793;1111;9997;153041;219467;55751
FR;9;2023-01-29;3;0;3;18;2;1;17;40;22;1409;1773;15090;150811;1113;9998;153058;219507;55773
FR;9;2023-01-30;4;6;31;192;5;11;211;501;272;1413;1779;15121;151003;1118;10009;153269;220008;56045
FR;9;2023-01-31;14;7;38;260;8;18;264;649;359;1427;1786;15159;151263;1126;10027;153533;220657;56404
FR;9;2023-02-01;5;7;26;173;4;20;179;519;309;1432;1793;15185;151436;1130;10047;153712;221176;56713
FR;9;2023-02-02;4;6;31;252;6;23;233;666;395;1436;1799;15216;151688;1136;10070;153945;221842;57108
FR;9;2023-02-03;8;13;42;289;10;37;275;677;355;1444;1812;15258;151977;1146;10107;154220;222519;57463
FR;9;2023-02-04;6;5;10;70;7;8;68;160;84;1450;1817;15268;152047;1153;10115;154288;222679;57547
FR;9;2023-02-05;1;1;4;7;0;4;7;17;6;1451;1818;15272;152054;1153;10119;154295;222696;57553
FR;9;2023-02-06;3;5;17;81;4;15;78;229;134;1454;1823;15289;152135;1157;10134;154373;222925;57687
FR;9;2023-02-07;3;5;30;145;3;21;138;451;285;1457;1828;15319;152280;1160;10155;154511;223376;57972
FR;9;2023-02-08;4;6;25;116;3;13;125;301;160;1461;1834;15344;152396;1163;10168;154636;223677;58132
FR;9;2023-02-09;8;3;20;138;4;14;123;343;202;1469;1837;15364;152534;1167;10182;154759;224020;58334
FR;9;2023-02-10;8;8;19;149;10;11;145;315;153;1477;1845;15383;152683;1177;10193;154904;224335;58487
FR;9;2023-02-11;5;4;14;42;3;9;47;84;28;1482;1849;15397;152725;1180;10202;154951;224419;58515
FR;9;2023-02-12;0;0;0;1;0;0;1;8;7;1482;1849;15397;152726;1180;10202;154952;224427;58522
FR;9;2023-02-13;3;8;5;50;8;4;45;107;55;1485;1857;15402;152776;1188;10206;154997;224534;58577
FR;9;2023-02-14;10;10;16;66;10;13;63;225;146;1495;1867;15418;152842;1198;10219;155060;224759;58723
FR;9;2023-02-15;1;5;17;52;3;13;50;163;99;1496;1872;15435;152894;1201;10232;155110;224922;58822
FR;9;2023-02-16;4;6;19;77;1;17;78;197;93;1500;1878;15454;152971;1202;10249;155188;225119;58915
FR;9;2023-02-17;6;4;15;62;5;11;64;178;99;1506;1882;15469;153033;1207;10260;155252;225297;59014
FR;9;2023-02-18;1;5;1;30;5;3;25;58;29;1507;1887;15470;153063;1212;10263;155277;225355;59043
FR;9;2023-02-19;1;0;0;1;0;0;1;3;2;1508;1887;15470;153064;1212;10263;155278;225358;59045
FR;9;2023-02-20;2;3;9;60;2;6;60;123;55;1510;1890;15479;153124;1214;10269;155338;225481;59100
FR;9;2023-02-21;6;9;11;65;7;10;65;160;83;1516;1899;15490;153189;1221;10279;155403;225641;59183
FR;9;2023-02-22;2;4;18;70;3;13;72;210;118;1518;1903;15508;153259;1224;10292;155475;225851;59301
FR;9;2023-02-23;5;3;17;63;1;12;69;146;61;1523;1906;15525;153322;1225;10304;155544;225997;59362
FR;9;2023-02-24;6;5;13;80;6;8;83;211;114;1529;1911;15538;153402;1231;10312;155627;226208;59476
FR;9;2023-02-25;2;2;10;14;4;4;23;43;16;1531;1913;15548;153416;1235;10316;155650;226251;59492
FR;9;2023-02-26;3;1;0;4;3;1;4;5;0;1534;1914;15548;153420;1238;10317;155654;226256;59492
FR;9;2023-02-27;2;3;5;17;3;2;19;49;26;1536;1917;15553;153437;1241;10319;155673;226305;59518
FR;9;2023-02-28;7;13;18;55;11;16;58;155;76;1543;1930;15571;153492;1252;10335;155731;226460;59594
FR;9;2023-03-01;0;9;6;20;7;7;20;78;48;1543;1939;15577;153512;1259;10342;155751;226538;59642
FR;9;2023-03-02;0;1;7;31;1;2;36;80;41;1543;1940;15584;153543;1260;10344;155787;226618;59683
FR;9;2023-03-03;1;4;9;47;3;7;48;122;67;1544;1944;15593;153590;1263;10351;155835;226740;59750
FR;9;2023-03-04;1;2;7;19;1;4;25;41;10;1545;1946;15600;153609;1264;10355;155860;226781;59760
FR;9;2023-03-05;0;1;1;0;1;0;1;8;7;1545;1947;15601;153609;1265;10355;155861;226789;59767
FR;9;2023-03-06;1;6;6;8;3;6;9;35;19;1546;1953;15607;153617;1268;10361;155870;226824;59786
FR;9;2023-03-07;2;4;8;20;0;9;24;69;34;1548;1957;15615;153637;1268;10370;155894;226893;59820
FR;9;2023-03-08;2;4;10;6;4;4;13;39;20;1550;1961;15625;153643;1272;10374;155907;226932;59840
FR;9;2023-03-09;1;3;9;12;2;6;17;65;42;1551;1964;15634;153655;1274;10380;155924;226997;59882
FR;9;2023-03-10;3;3;6;23;3;4;20;73;47;1554;1967;15640;153678;1277;10384;155944;227070;59929
FR;9;2023-03-11;2;3;4;8;2;1;11;15;3;1556;1970;15644;153686;1279;10385;155955;227085;59932
FR;9;2023-03-12;0;1;0;0;1;0;0;0;0;1556;1971;15644;153686;1280;10385;155955;227085;59932
FR;9;2023-03-13;3;5;9;34;3;4;14;49;29;1559;1976;15653;153720;1283;10389;155969;227134;59961
FR;9;2023-03-14;3;3;7;27;1;6;29;79;41;1562;1979;15660;153747;1284;10395;155998;227213;60002
FR;9;2023-03-15;0;6;4;15;4;4;17;48;25;1562;1985;15664;153762;1288;10399;156015;227261;60027
FR;9;2023-03-16;0;9;7;15;5;8;15;77;52;1562;1994;15671;153777;1293;10407;156030;227338;60079
FR;9;2023-03-17;0;7;6;40;3;8;27;113;71;1562;2001;15677;153817;1296;10415;156057;227451;60150
FR;9;2023-03-18;2;2;5;13;1;4;16;48;26;1564;2003;15682;153830;1297;10419;156073;227499;60176
FR;9;2023-03-19;0;1;0;0;1;0;0;0;0;1564;2004;15682;153830;1298;10419;156073;227499;60176
FR;9;2023-03-20;3;7;1;25;6;1;13;54;40;1567;2011;15683;153855;1304;10420;156086;227553;60216
FR;9;2023-03-21;1;1;6;16;1;1;21;69;47;1568;2012;15689;153871;1305;10421;156107;227622;60263
FR;9;2023-03-22;1;2;4;19;2;2;22;78;49;1569;2014;15693;153890;1307;10423;156129;227700;60312
FR;9;2023-03-23;0;6;7;22;4;7;21;56;25;1569;2020;15700;153912;1311;10430;156150;227756;60337
FR;9;2023-03-24;2;2;5;25;2;5;26;53;19;1571;2022;15705;153937;1313;10435;156176;227809;60356
FR;9;2023-03-25;0;0;4;6;0;3;8;16;5;1571;2022;15709;153943;1313;10438;156184;227825;60361
FR;9;2023-03-26;0;1;0;0;0;1;0;2;1;1571;2023;15709;153943;1313;10439;156184;227827;60362
FR;9;2023-03-27;0;3;4;8;2;2;12;32;15;1571;2026;15713;153951;1315;10441;156196;227859;60377
FR;9;2023-03-28;5;13;6;17;12;7;16;49;22;1576;2039;15719;153968;1327;10448;156212;227908;60399
FR;9;2023-03-29;3;6;8;5;2;8;8;28;12;1579;2045;15727;153973;1329;10456;156220;227936;60411
FR;9;2023-03-30;2;2;2;17;2;3;17;43;20;1581;2047;15729;153990;1331;10459;156237;227979;60431
FR;9;2023-03-31;1;3;2;18;1;6;15;45;22;1582;2050;15731;154008;1332;10465;156252;228024;60453
FR;9;2023-04-01;0;1;5;2;0;4;5;12;3;1582;2051;15736;154010;1332;10469;156257;228036;60456
FR;9;2023-04-02;3;1;1;0;0;2;0;4;2;1585;2052;15737;154010;1332;10471;156257;228040;60458
FR;9;2023-04-03;0;1;3;13;0;4;10;53;34;1585;2053;15740;154023;1332;10475;156267;228093;60492
FR;9;2023-04-04;4;4;11;18;2;7;22;61;29;1589;2057;15751;154041;1334;10482;156289;228154;60521
FR;9;2023-04-05;0;2;5;27;1;3;32;78;39;1589;2059;15756;154068;1335;10485;156321;228232;60560
FR;9;2023-04-06;0;0;4;13;0;2;16;42;23;1589;2059;15760;154081;1335;10487;156337;228274;60583
FR;9;2023-04-07;1;6;1;7;2;4;7;34;19;1590;2065;15761;154088;1337;10491;156344;228308;60602
FR;9;2023-04-08;0;1;2;1;0;1;3;7;2;1590;2066;15763;154089;1337;10492;156347;228315;60604
FR;9;2023-04-09;0;1;0;0;1;0;0;2;1;1590;2067;15763;154089;1338;10492;156347;228317;60605
FR;9;2023-04-10;0;1;1;5;1;1;5;6;0;1590;2068;15764;154094;1339;10493;156352;228323;60605
FR;9;2023-04-11;2;5;4;9;4;3;8;22;8;1592;2073;15768;154103;1343;10496;156360;228345;60613
FR;9;2023-04-12;1;2;6;8;2;4;10;41;24;1593;2075;15774;154111;1345;10500;156370;228386;60637
FR;9;2023-04-13;0;0;2;4;0;2;4;15;9;1593;2075;15776;154115;1345;10502;156374;228401;60646
FR;9;2023-04-14;1;4;7;10;1;6;12;38;13;1594;2079;15783;154125;1346;10508;156386;228439;60659
FR;9;2023-04-15;0;1;2;2;1;1;2;7;4;1594;2080;15785;154127;1347;10509;156388;228446;60663
FR;9;2023-04-16;0;1;0;0;1;0;0;0;0;1594;2081;15785;154127;1348;10509;156388;228446;60663
FR;9;2023-04-17;1;2;7;11;2;3;14;45;21;1595;2083;15792;154138;1350;10512;156402;228491;60684
FR;9;2023-04-18;2;1;3;8;1;2;9;34;21;1597;2084;15795;154146;1351;10514;156411;228525;60705
FR;9;2023-04-19;1;0;2;4;0;2;4;28;16;1598;2084;15797;154150;1351;10516;156415;228553;60721
FR;9;2023-04-20;1;0;2;6;0;2;6;24;13;1599;2084;15799;154156;1351;10518;156421;228577;60734
FR;9;2023-04-21;0;2;2;5;1;3;8;31;15;1599;2086;15801;154161;1352;10521;156429;228608;60749
FR;9;2023-04-22;0;1;0;2;1;0;2;3;1;1599;2087;15801;154163;1353;10521;156431;228611;60750
FR;9;2023-04-23;0;0;0;0;0;0;0;1;0;1599;2087;15801;154163;1353;10521;156431;228612;60750
FR;9;2023-04-24;1;3;3;13;3;3;11;26;9;1600;2090;15804;154176;1356;10524;156442;228638;60759
FR;9;2023-04-25;1;2;5;11;2;1;16;87;43;1601;2092;15809;154187;1358;10525;156458;228725;60802
FR;9;2023-04-26;5;0;4;9;0;5;4;13;3;1606;2092;15813;154196;1358;10530;156462;228738;60805
FR;9;2023-04-27;0;2;4;2;2;4;1;9;3;1606;2094;15817;154198;1360;10534;156463;228747;60808
FR;9;2023-04-28;0;0;0;0;0;0;0;4;4;1606;2094;15817;154198;1360;10534;156463;228751;60812
FR;9;2023-04-29;1;2;2;0;1;1;3;8;3;1607;2096;15819;154198;1361;10535;156466;228759;60815
FR;9;2023-04-30;0;1;0;0;1;0;0;0;0;1607;2097;15819;154198;1362;10535;156466;228759;60815
FR;9;2023-05-01;0;0;0;0;0;0;0;0;0;1607;2097;15819;154198;1362;10535;156466;228759;60815
FR;9;2023-05-02;1;1;3;2;0;3;3;18;7;1608;2098;15822;154200;1362;10538;156469;228777;60822
FR;9;2023-05-03;2;2;2;2;1;3;2;9;3;1610;2100;15824;154202;1363;10541;156471;228786;60825
FR;9;2023-05-04;0;1;2;2;1;2;3;9;2;1610;2101;15826;154204;1364;10543;156474;228795;60827
FR;9;2023-05-05;0;1;2;1;1;0;3;19;11;1610;2102;15828;154205;1365;10543;156477;228814;60838
FR;9;2023-05-06;0;1;0;0;1;0;0;3;2;1610;2103;15828;154205;1366;10543;156477;228817;60840
FR;9;2023-05-07;0;1;0;0;0;1;0;1;0;1610;2104;15828;154205;1366;10544;156477;228818;60840
FR;9;2023-05-08;0;0;0;0;0;0;0;0;0;1610;2104;15828;154205;1366;10544;156477;228818;60840
FR;9;2023-05-09;0;1;3;16;1;3;14;45;28;1610;2105;15831;154221;1367;10547;156491;228863;60868
FR;9;2023-05-10;1;0;0;0;0;1;0;9;3;1611;2105;15831;154221;1367;10548;156491;228872;60871
FR;9;2023-05-11;0;0;1;0;0;1;0;7;5;1611;2105;15832;154221;1367;10549;156491;228879;60876
FR;9;2023-05-12;1;1;4;1;0;3;3;14;7;1612;2106;15836;154222;1367;10552;156494;228893;60883
FR;9;2023-05-13;0;0;0;0;0;0;0;2;1;1612;2106;15836;154222;1367;10552;156494;228895;60884
FR;9;2023-05-14;0;0;0;0;0;0;0;0;0;1612;2106;15836;154222;1367;10552;156494;228895;60884
FR;9;2023-05-15;0;0;0;1;0;0;1;9;2;1612;2106;15836;154223;1367;10552;156495;228904;60886
FR;9;2023-05-16;0;1;0;3;1;0;3;11;4;1612;2107;15836;154226;1368;10552;156498;228915;60890
FR;9;2023-05-17;0;0;1;4;0;1;3;7;0;1612;2107;15837;154230;1368;10553;156501;228922;60890
FR;9;2023-05-18;0;0;0;0;0;0;0;0;0;1612;2107;15837;154230;1368;10553;156501;228922;60890
FR;9;2023-05-19;0;1;1;1;1;0;2;6;4;1612;2108;15838;154231;1369;10553;156503;228928;60894
FR;9;2023-05-20;0;0;0;0;0;0;0;2;0;1612;2108;15838;154231;1369;10553;156503;228930;60894
FR;9;2023-05-21;0;0;0;0;0;0;0;0;0;1612;2108;15838;154231;1369;10553;156503;228930;60894
FR;9;2023-05-22;0;1;0;0;1;0;0;4;4;1612;2109;15838;154231;1370;10553;156503;228934;60898
FR;9;2023-05-23;1;1;0;1;0;1;1;10;3;1613;2110;15838;154232;1370;10554;156504;228944;60901
FR;9;2023-05-24;0;1;0;2;1;0;2;4;0;1613;2111;15838;154234;1371;10554;156506;228948;60901
FR;9;2023-05-25;0;0;0;0;0;0;0;3;0;1613;2111;15838;154234;1371;10554;156506;228951;60901
FR;9;2023-05-26;0;0;2;4;0;3;2;14;8;1613;2111;15840;154238;1371;10557;156508;228965;60909
FR;9;2023-05-27;0;0;0;0;0;0;0;0;0;1613;2111;15840;154238;1371;10557;156508;228965;60909
FR;9;2023-05-28;0;0;0;0;0;0;0;0;0;1613;2111;15840;154238;1371;10557;156508;228965;60909
FR;9;2023-05-29;0;0;0;0;0;0;0;0;0;1613;2111;15840;154238;1371;10557;156508;228965;60909
FR;9;2023-05-30;0;0;1;1;0;0;1;15;9;1613;2111;15841;154239;1371;10557;156509;228980;60918
FR;9;2023-05-31;0;0;2;1;0;1;0;5;1;1613;2111;15843;154240;1371;10558;156509;228985;60919
FR;9;2023-06-01;0;0;0;1;0;0;1;8;5;1613;2111;15843;154241;1371;10558;156510;228993;60924
FR;9;2023-06-02;0;0;1;2;0;1;2;15;6;1613;2111;15844;154243;1371;10559;156512;229008;60930
FR;9;2023-06-03;0;0;1;2;0;0;6;9;3;1613;2111;15845;154245;1371;10559;156518;229017;60933
FR;9;2023-06-04;0;0;0;0;0;0;0;0;0;1613;2111;15845;154245;1371;10559;156518;229017;60933
FR;9;2023-06-05;0;0;0;0;0;0;0;1;0;1613;2111;15845;154245;1371;10559;156518;229018;60933
FR;9;2023-06-06;0;0;0;0;0;0;0;9;3;1613;2111;15845;154245;1371;10559;156518;229027;60936
FR;9;2023-06-07;0;0;0;2;0;0;2;8;3;1613;2111;15845;154247;1371;10559;156520;229035;60939
FR;9;2023-06-08;0;0;1;1;0;1;1;7;4;1613;2111;15846;154248;1371;10560;156521;229042;60943
FR;9;2023-06-09;0;0;0;0;0;0;1;10;1;1613;2111;15846;154248;1371;10560;156522;229052;60944
FR;9;2023-06-10;0;1;1;1;0;1;2;8;1;1613;2112;15847;154249;1371;10561;156524;229060;60945
FR;9;2023-06-11;0;0;0;0;0;0;0;0;0;1613;2112;15847;154249;1371;10561;156524;229060;60945
FR;9;2023-06-12;0;0;0;0;0;0;0;4;3;1613;2112;15847;154249;1371;10561;156524;229064;60948
FR;9;2023-06-13;0;0;0;0;0;0;0;4;3;1613;2112;15847;154249;1371;10561;156524;229068;60951
FR;9;2023-06-14;0;0;0;0;0;0;0;2;1;1613;2112;15847;154249;1371;10561;156524;229070;60952
FR;9;2023-06-15;0;0;0;2;0;0;2;9;2;1613;2112;15847;154251;1371;10561;156526;229079;60954
FR;9;2023-06-16;0;1;0;1;1;0;1;12;10;1613;2113;15847;154252;1372;10561;156527;229091;60964
FR;9;2023-06-17;0;0;0;0;0;0;0;4;1;1613;2113;15847;154252;1372;10561;156527;229095;60965
FR;9;2023-06-18;0;0;0;0;0;0;0;0;0;1613;2113;15847;154252;1372;10561;156527;229095;60965
FR;9;2023-06-19;0;0;0;0;0;0;0;9;2;1613;2113;15847;154252;1372;10561;156527;229104;60967
FR;9;2023-06-20;0;0;0;1;0;0;2;9;4;1613;2113;15847;154253;1372;10561;156529;229113;60971
FR;9;2023-06-21;0;0;1;2;0;1;2;8;2;1613;2113;15848;154255;1372;10562;156531;229121;60973
FR;9;2023-06-22;0;0;0;2;0;0;1;9;3;1613;2113;15848;154257;1372;10562;156532;229130;60976
FR;9;2023-06-23;0;0;0;1;0;0;1;6;0;1613;2113;15848;154258;1372;10562;156533;229136;60976
FR;9;2023-06-24;0;0;0;1;0;1;3;5;1;1613;2113;15848;154259;1372;10563;156536;229141;60977
FR;9;2023-06-25;0;0;0;0;0;0;0;0;0;1613;2113;15848;154259;1372;10563;156536;229141;60977
FR;9;2023-06-26;0;0;0;0;0;0;0;3;0;1613;2113;15848;154259;1372;10563;156536;229144;60977
FR;10;2020-12-27;0;0;0;0;0;0;0;0;0;0;0;0;0;0;0;0;0;0
FR;10;2020-12-28;0;0;0;0;0;0;0;0;0;0;0;0;0;0;0;0;0;0
FR;10;2020-12-29;0;0;0;0;0;0;0;0;0;0;0;0;0;0;0;0;0;0
FR;10;2020-12-30;0;0;0;0;0;0;0;0;0;0;0;0;0;0;0;0;0;0
FR;10;2020-12-31;0;0;0;0;0;0;0;0;0;0;0;0;0;0;0;0;0;0
FR;10;2021-01-01;0;0;0;0;0;0;0;0;0;0;0;0;0;0;0;0;0;0
FR;10;2021-01-02;0;0;0;0;0;0;0;0;0;0;0;0;0;0;0;0;0;0
FR;10;2021-01-03;0;0;0;0;0;0;0;0;0;0;0;0;0;0;0;0;0;0
FR;10;2021-01-04;0;0;0;0;0;0;0;0;0;0;0;0;0;0;0;0;0;0
FR;10;2021-01-05;0;0;0;0;0;0;0;0;0;0;0;0;0;0;0;0;0;0
FR;10;2021-01-06;0;0;0;0;0;0;0;0;0;0;0;0;0;0;0;0;0;0
FR;10;2021-01-07;0;0;0;0;0;0;0;0;0;0;0;0;0;0;0;0;0;0
FR;10;2021-01-08;0;0;0;0;0;0;0;0;0;0;0;0;0;0;0;0;0;0
FR;10;2021-01-09;0;0;0;0;0;0;0;0;0;0;0;0;0;0;0;0;0;0
FR;10;2021-01-10;0;0;0;0;0;0;0;0;0;0;0;0;0;0;0;0;0;0
FR;10;2021-01-11;0;0;0;0;0;0;0;0;0;0;0;0;0;0;0;0;0;0
FR;10;2021-01-12;0;0;0;0;0;0;0;0;0;0;0;0;0;0;0;0;0;0
FR;10;2021-01-13;0;0;0;0;0;0;0;0;0;0;0;0;0;0;0;0;0;0
FR;10;2021-01-14;0;0;0;0;0;0;0;0;0;0;0;0;0;0;0;0;0;0
FR;10;2021-01-15;0;0;0;0;0;0;0;0;0;0;0;0;0;0;0;0;0;0
FR;10;2021-01-16;0;0;0;0;0;0;0;0;0;0;0;0;0;0;0;0;0;0
FR;10;2021-01-17;0;0;0;0;0;0;0;0;0;0;0;0;0;0;0;0;0;0
FR;10;2021-01-18;0;0;0;0;0;0;0;0;0;0;0;0;0;0;0;0;0;0
FR;10;2021-01-19;0;0;0;0;0;0;0;0;0;0;0;0;0;0;0;0;0;0
FR;10;2021-01-20;0;0;0;0;0;0;0;0;0;0;0;0;0;0;0;0;0;0
FR;10;2021-01-21;0;0;0;0;0;0;0;0;0;0;0;0;0;0;0;0;0;0
FR;10;2021-01-22;0;0;0;0;0;0;0;0;0;0;0;0;0;0;0;0;0;0
FR;10;2021-01-23;0;0;0;0;0;0;0;0;0;0;0;0;0;0;0;0;0;0
FR;10;2021-01-24;0;0;0;0;0;0;0;0;0;0;0;0;0;0;0;0;0;0
FR;10;2021-01-25;0;0;0;0;0;0;0;0;0;0;0;0;0;0;0;0;0;0
FR;10;2021-01-26;0;0;0;0;0;0;0;0;0;0;0;0;0;0;0;0;0;0
FR;10;2021-01-27;0;0;0;0;0;0;0;0;0;0;0;0;0;0;0;0;0;0
FR;10;2021-01-28;0;0;0;0;0;0;0;0;0;0;0;0;0;0;0;0;0;0
FR;10;2021-01-29;0;0;0;0;0;0;0;0;0;0;0;0;0;0;0;0;0;0
FR;10;2021-01-30;0;0;0;0;0;0;0;0;0;0;0;0;0;0;0;0;0;0
FR;10;2021-01-31;0;0;0;0;0;0;0;0;0;0;0;0;0;0;0;0;0;0
FR;10;2021-02-01;0;0;0;0;0;0;0;0;0;0;0;0;0;0;0;0;0;0
FR;10;2021-02-02;0;0;0;0;0;0;0;0;0;0;0;0;0;0;0;0;0;0
FR;10;2021-02-03;0;0;0;0;0;0;0;0;0;0;0;0;0;0;0;0;0;0
FR;10;2021-02-04;0;0;0;0;0;0;0;0;0;0;0;0;0;0;0;0;0;0
FR;10;2021-02-05;0;0;0;0;0;0;0;0;0;0;0;0;0;0;0;0;0;0
FR;10;2021-02-06;0;0;0;0;0;0;0;0;0;0;0;0;0;0;0;0;0;0
FR;10;2021-02-07;0;0;0;0;0;0;0;0;0;0;0;0;0;0;0;0;0;0
FR;10;2021-02-08;0;0;0;0;0;0;0;0;0;0;0;0;0;0;0;0;0;0
FR;10;2021-02-09;0;0;0;0;0;0;0;0;0;0;0;0;0;0;0;0;0;0
FR;10;2021-02-10;0;0;0;0;0;0;0;0;0;0;0;0;0;0;0;0;0;0
FR;10;2021-02-11;0;0;0;0;0;0;0;0;0;0;0;0;0;0;0;0;0;0
FR;10;2021-02-12;0;0;0;0;0;0;0;0;0;0;0;0;0;0;0;0;0;0
FR;10;2021-02-13;0;0;0;0;0;0;0;0;0;0;0;0;0;0;0;0;0;0
FR;10;2021-02-14;0;0;0;0;0;0;0;0;0;0;0;0;0;0;0;0;0;0
FR;10;2021-02-15;0;0;0;0;0;0;0;0;0;0;0;0;0;0;0;0;0;0
FR;10;2021-02-16;0;0;0;0;0;0;0;0;0;0;0;0;0;0;0;0;0;0
FR;10;2021-02-17;0;0;0;0;0;0;0;0;0;0;0;0;0;0;0;0;0;0
FR;10;2021-02-18;0;0;0;0;0;0;0;0;0;0;0;0;0;0;0;0;0;0
FR;10;2021-02-19;0;0;0;0;0;0;0;0;0;0;0;0;0;0;0;0;0;0
FR;10;2021-02-20;0;0;0;0;0;0;0;0;0;0;0;0;0;0;0;0;0;0
FR;10;2021-02-21;0;0;0;0;0;0;0;0;0;0;0;0;0;0;0;0;0;0
FR;10;2021-02-22;0;0;0;0;0;0;0;0;0;0;0;0;0;0;0;0;0;0
FR;10;2021-02-23;0;0;0;0;0;0;0;0;0;0;0;0;0;0;0;0;0;0
FR;10;2021-02-24;0;0;0;0;0;0;0;0;0;0;0;0;0;0;0;0;0;0
FR;10;2021-02-25;0;0;0;0;0;0;0;0;0;0;0;0;0;0;0;0;0;0
FR;10;2021-02-26;0;0;0;0;0;0;0;0;0;0;0;0;0;0;0;0;0;0
FR;10;2021-02-27;0;0;0;0;0;0;0;0;0;0;0;0;0;0;0;0;0;0
FR;10;2021-02-28;0;0;0;0;0;0;0;0;0;0;0;0;0;0;0;0;0;0
FR;10;2021-03-01;0;0;0;0;0;0;0;0;0;0;0;0;0;0;0;0;0;0
FR;10;2021-03-02;0;0;0;0;0;0;0;0;0;0;0;0;0;0;0;0;0;0
FR;10;2021-03-03;0;0;0;0;0;0;0;0;0;0;0;0;0;0;0;0;0;0
FR;10;2021-03-04;0;0;0;0;0;0;0;0;0;0;0;0;0;0;0;0;0;0
FR;10;2021-03-05;0;0;0;0;0;0;0;0;0;0;0;0;0;0;0;0;0;0
FR;10;2021-03-06;0;0;0;0;0;0;0;0;0;0;0;0;0;0;0;0;0;0
FR;10;2021-03-07;0;0;0;0;0;0;0;0;0;0;0;0;0;0;0;0;0;0
FR;10;2021-03-08;0;0;0;0;0;0;0;0;0;0;0;0;0;0;0;0;0;0
FR;10;2021-03-09;0;0;0;0;0;0;0;0;0;0;0;0;0;0;0;0;0;0
FR;10;2021-03-10;0;0;0;0;0;0;0;0;0;0;0;0;0;0;0;0;0;0
FR;10;2021-03-11;0;0;0;0;0;0;0;0;0;0;0;0;0;0;0;0;0;0
FR;10;2021-03-12;0;0;0;0;0;0;0;0;0;0;0;0;0;0;0;0;0;0
FR;10;2021-03-13;0;0;0;0;0;0;0;0;0;0;0;0;0;0;0;0;0;0
FR;10;2021-03-14;0;0;0;0;0;0;0;0;0;0;0;0;0;0;0;0;0;0
FR;10;2021-03-15;0;0;0;0;0;0;0;0;0;0;0;0;0;0;0;0;0;0
FR;10;2021-03-16;0;0;0;0;0;0;0;0;0;0;0;0;0;0;0;0;0;0
FR;10;2021-03-17;0;0;0;0;0;0;0;0;0;0;0;0;0;0;0;0;0;0
FR;10;2021-03-18;0;0;0;0;0;0;0;0;0;0;0;0;0;0;0;0;0;0
FR;10;2021-03-19;0;0;0;0;0;0;0;0;0;0;0;0;0;0;0;0;0;0
FR;10;2021-03-20;0;0;0;0;0;0;0;0;0;0;0;0;0;0;0;0;0;0
FR;10;2021-03-21;0;0;0;0;0;0;0;0;0;0;0;0;0;0;0;0;0;0
FR;10;2021-03-22;0;0;0;0;0;0;0;0;0;0;0;0;0;0;0;0;0;0
FR;10;2021-03-23;0;0;0;0;0;0;0;0;0;0;0;0;0;0;0;0;0;0
FR;10;2021-03-24;0;0;0;0;0;0;0;0;0;0;0;0;0;0;0;0;0;0
FR;10;2021-03-25;0;0;0;0;0;0;0;0;0;0;0;0;0;0;0;0;0;0
FR;10;2021-03-26;0;0;0;0;0;0;0;0;0;0;0;0;0;0;0;0;0;0
FR;10;2021-03-27;0;0;0;0;0;0;0;0;0;0;0;0;0;0;0;0;0;0
FR;10;2021-03-28;0;0;0;0;0;0;0;0;0;0;0;0;0;0;0;0;0;0
FR;10;2021-03-29;0;0;0;0;0;0;0;0;0;0;0;0;0;0;0;0;0;0
FR;10;2021-03-30;0;0;0;0;0;0;0;0;0;0;0;0;0;0;0;0;0;0
FR;10;2021-03-31;0;0;0;0;0;0;0;0;0;0;0;0;0;0;0;0;0;0
FR;10;2021-04-01;0;0;0;0;0;0;0;0;0;0;0;0;0;0;0;0;0;0
FR;10;2021-04-02;0;0;0;0;0;0;0;0;0;0;0;0;0;0;0;0;0;0
FR;10;2021-04-03;0;0;0;0;0;0;0;0;0;0;0;0;0;0;0;0;0;0
FR;10;2021-04-04;0;0;0;0;0;0;0;0;0;0;0;0;0;0;0;0;0;0
FR;10;2021-04-05;0;0;0;0;0;0;0;0;0;0;0;0;0;0;0;0;0;0
FR;10;2021-04-06;0;0;0;0;0;0;0;0;0;0;0;0;0;0;0;0;0;0
FR;10;2021-04-07;0;0;0;0;0;0;0;0;0;0;0;0;0;0;0;0;0;0
FR;10;2021-04-08;0;0;0;0;0;0;0;0;0;0;0;0;0;0;0;0;0;0
FR;10;2021-04-09;0;0;0;0;0;0;0;0;0;0;0;0;0;0;0;0;0;0
FR;10;2021-04-10;0;0;0;0;0;0;0;0;0;0;0;0;0;0;0;0;0;0
FR;10;2021-04-11;0;0;0;0;0;0;0;0;0;0;0;0;0;0;0;0;0;0
FR;10;2021-04-12;0;0;0;0;0;0;0;0;0;0;0;0;0;0;0;0;0;0
FR;10;2021-04-13;0;0;0;0;0;0;0;0;0;0;0;0;0;0;0;0;0;0
FR;10;2021-04-14;0;0;0;0;0;0;0;0;0;0;0;0;0;0;0;0;0;0
FR;10;2021-04-15;0;0;0;0;0;0;0;0;0;0;0;0;0;0;0;0;0;0
FR;10;2021-04-16;0;0;0;0;0;0;0;0;0;0;0;0;0;0;0;0;0;0
FR;10;2021-04-17;0;0;0;0;0;0;0;0;0;0;0;0;0;0;0;0;0;0
FR;10;2021-04-18;0;0;0;0;0;0;0;0;0;0;0;0;0;0;0;0;0;0
FR;10;2021-04-19;0;0;0;0;0;0;0;0;0;0;0;0;0;0;0;0;0;0
FR;10;2021-04-20;0;0;0;0;0;0;0;0;0;0;0;0;0;0;0;0;0;0
FR;10;2021-04-21;0;0;0;0;0;0;0;0;0;0;0;0;0;0;0;0;0;0
FR;10;2021-04-22;0;0;0;0;0;0;0;0;0;0;0;0;0;0;0;0;0;0
FR;10;2021-04-23;0;0;0;0;0;0;0;0;0;0;0;0;0;0;0;0;0;0
FR;10;2021-04-24;0;0;0;0;0;0;0;0;0;0;0;0;0;0;0;0;0;0
FR;10;2021-04-25;0;0;0;0;0;0;0;0;0;0;0;0;0;0;0;0;0;0
FR;10;2021-04-26;0;0;0;0;0;0;0;0;0;0;0;0;0;0;0;0;0;0
FR;10;2021-04-27;0;0;0;0;0;0;0;0;0;0;0;0;0;0;0;0;0;0
FR;10;2021-04-28;0;0;0;0;0;0;0;0;0;0;0;0;0;0;0;0;0;0
FR;10;2021-04-29;0;0;0;0;0;0;0;0;0;0;0;0;0;0;0;0;0;0
FR;10;2021-04-30;0;0;0;0;0;0;0;0;0;0;0;0;0;0;0;0;0;0
FR;10;2021-05-01;0;0;0;0;0;0;0;0;0;0;0;0;0;0;0;0;0;0
FR;10;2021-05-02;0;0;0;0;0;0;0;0;0;0;0;0;0;0;0;0;0;0
FR;10;2021-05-03;0;0;0;0;0;0;0;0;0;0;0;0;0;0;0;0;0;0
FR;10;2021-05-04;0;0;0;0;0;0;0;0;0;0;0;0;0;0;0;0;0;0
FR;10;2021-05-05;0;0;0;0;0;0;0;0;0;0;0;0;0;0;0;0;0;0
FR;10;2021-05-06;0;0;0;0;0;0;0;0;0;0;0;0;0;0;0;0;0;0
FR;10;2021-05-07;0;0;0;0;0;0;0;0;0;0;0;0;0;0;0;0;0;0
FR;10;2021-05-08;0;0;0;0;0;0;0;0;0;0;0;0;0;0;0;0;0;0
FR;10;2021-05-09;0;0;0;0;0;0;0;0;0;0;0;0;0;0;0;0;0;0
FR;10;2021-05-10;0;0;0;0;0;0;0;0;0;0;0;0;0;0;0;0;0;0
FR;10;2021-05-11;0;0;0;0;0;0;0;0;0;0;0;0;0;0;0;0;0;0
FR;10;2021-05-12;0;0;0;0;0;0;0;0;0;0;0;0;0;0;0;0;0;0
FR;10;2021-05-13;0;0;0;0;0;0;0;0;0;0;0;0;0;0;0;0;0;0
FR;10;2021-05-14;0;0;0;0;0;0;0;0;0;0;0;0;0;0;0;0;0;0
FR;10;2021-05-15;0;0;0;0;0;0;0;0;0;0;0;0;0;0;0;0;0;0
FR;10;2021-05-16;0;0;0;0;0;0;0;0;0;0;0;0;0;0;0;0;0;0
FR;10;2021-05-17;0;0;0;0;0;0;0;0;0;0;0;0;0;0;0;0;0;0
FR;10;2021-05-18;0;0;0;0;0;0;0;0;0;0;0;0;0;0;0;0;0;0
FR;10;2021-05-19;0;0;0;0;0;0;0;0;0;0;0;0;0;0;0;0;0;0
FR;10;2021-05-20;0;0;0;0;0;0;0;0;0;0;0;0;0;0;0;0;0;0
FR;10;2021-05-21;0;0;0;0;0;0;0;0;0;0;0;0;0;0;0;0;0;0
FR;10;2021-05-22;0;0;0;0;0;0;0;0;0;0;0;0;0;0;0;0;0;0
FR;10;2021-05-23;0;0;0;0;0;0;0;0;0;0;0;0;0;0;0;0;0;0
FR;10;2021-05-24;0;0;0;0;0;0;0;0;0;0;0;0;0;0;0;0;0;0
FR;10;2021-05-25;0;0;0;0;0;0;0;0;0;0;0;0;0;0;0;0;0;0
FR;10;2021-05-26;0;0;0;0;0;0;0;0;0;0;0;0;0;0;0;0;0;0
FR;10;2021-05-27;0;0;0;0;0;0;0;0;0;0;0;0;0;0;0;0;0;0
FR;10;2021-05-28;0;0;0;0;0;0;0;0;0;0;0;0;0;0;0;0;0;0
FR;10;2021-05-29;0;0;0;0;0;0;0;0;0;0;0;0;0;0;0;0;0;0
FR;10;2021-05-30;0;0;0;0;0;0;0;0;0;0;0;0;0;0;0;0;0;0
FR;10;2021-05-31;0;0;0;0;0;0;0;0;0;0;0;0;0;0;0;0;0;0
FR;10;2021-06-01;0;0;0;0;0;0;0;0;0;0;0;0;0;0;0;0;0;0
FR;10;2021-06-02;0;0;0;0;0;0;0;0;0;0;0;0;0;0;0;0;0;0
FR;10;2021-06-03;0;0;0;0;0;0;0;0;0;0;0;0;0;0;0;0;0;0
FR;10;2021-06-04;0;0;0;0;0;0;0;0;0;0;0;0;0;0;0;0;0;0
FR;10;2021-06-05;0;0;0;0;0;0;0;0;0;0;0;0;0;0;0;0;0;0
FR;10;2021-06-06;0;0;0;0;0;0;0;0;0;0;0;0;0;0;0;0;0;0
FR;10;2021-06-07;0;0;0;0;0;0;0;0;0;0;0;0;0;0;0;0;0;0
FR;10;2021-06-08;0;0;0;0;0;0;0;0;0;0;0;0;0;0;0;0;0;0
FR;10;2021-06-09;0;0;0;0;0;0;0;0;0;0;0;0;0;0;0;0;0;0
FR;10;2021-06-10;0;0;0;0;0;0;0;0;0;0;0;0;0;0;0;0;0;0
FR;10;2021-06-11;0;0;0;0;0;0;0;0;0;0;0;0;0;0;0;0;0;0
FR;10;2021-06-12;0;0;0;0;0;0;0;0;0;0;0;0;0;0;0;0;0;0
FR;10;2021-06-13;0;0;0;0;0;0;0;0;0;0;0;0;0;0;0;0;0;0
FR;10;2021-06-14;0;0;0;0;0;0;0;0;0;0;0;0;0;0;0;0;0;0
FR;10;2021-06-15;0;0;0;0;0;0;0;0;0;0;0;0;0;0;0;0;0;0
FR;10;2021-06-16;0;0;0;0;0;0;0;0;0;0;0;0;0;0;0;0;0;0
FR;10;2021-06-17;0;0;0;0;0;0;0;0;0;0;0;0;0;0;0;0;0;0
FR;10;2021-06-18;0;0;0;0;0;0;0;0;0;0;0;0;0;0;0;0;0;0
FR;10;2021-06-19;0;0;0;0;0;0;0;0;0;0;0;0;0;0;0;0;0;0
FR;10;2021-06-20;0;0;0;0;0;0;0;0;0;0;0;0;0;0;0;0;0;0
FR;10;2021-06-21;0;0;0;0;0;0;0;0;0;0;0;0;0;0;0;0;0;0
FR;10;2021-06-22;0;0;0;0;0;0;0;0;0;0;0;0;0;0;0;0;0;0
FR;10;2021-06-23;0;0;0;0;0;0;0;0;0;0;0;0;0;0;0;0;0;0
FR;10;2021-06-24;0;0;0;0;0;0;0;0;0;0;0;0;0;0;0;0;0;0
FR;10;2021-06-25;0;0;0;0;0;0;0;0;0;0;0;0;0;0;0;0;0;0
FR;10;2021-06-26;0;0;0;0;0;0;0;0;0;0;0;0;0;0;0;0;0;0
FR;10;2021-06-27;0;0;0;0;0;0;0;0;0;0;0;0;0;0;0;0;0;0
FR;10;2021-06-28;0;0;0;0;0;0;0;0;0;0;0;0;0;0;0;0;0;0
FR;10;2021-06-29;0;0;0;0;0;0;0;0;0;0;0;0;0;0;0;0;0;0
FR;10;2021-06-30;0;0;0;0;0;0;0;0;0;0;0;0;0;0;0;0;0;0
FR;10;2021-07-01;0;0;0;0;0;0;0;0;0;0;0;0;0;0;0;0;0;0
FR;10;2021-07-02;0;0;0;0;0;0;0;0;0;0;0;0;0;0;0;0;0;0
FR;10;2021-07-03;0;0;0;0;0;0;0;0;0;0;0;0;0;0;0;0;0;0
FR;10;2021-07-04;0;0;0;0;0;0;0;0;0;0;0;0;0;0;0;0;0;0
FR;10;2021-07-05;0;0;0;0;0;0;0;0;0;0;0;0;0;0;0;0;0;0
FR;10;2021-07-06;0;0;0;0;0;0;0;0;0;0;0;0;0;0;0;0;0;0
FR;10;2021-07-07;0;0;0;0;0;0;0;0;0;0;0;0;0;0;0;0;0;0
FR;10;2021-07-08;0;0;0;0;0;0;0;0;0;0;0;0;0;0;0;0;0;0
FR;10;2021-07-09;0;0;0;0;0;0;0;0;0;0;0;0;0;0;0;0;0;0
FR;10;2021-07-10;0;0;0;0;0;0;0;0;0;0;0;0;0;0;0;0;0;0
FR;10;2021-07-11;0;0;0;0;0;0;0;0;0;0;0;0;0;0;0;0;0;0
FR;10;2021-07-12;0;0;0;0;0;0;0;0;0;0;0;0;0;0;0;0;0;0
FR;10;2021-07-13;0;0;0;0;0;0;0;0;0;0;0;0;0;0;0;0;0;0
FR;10;2021-07-14;0;0;0;0;0;0;0;0;0;0;0;0;0;0;0;0;0;0
FR;10;2021-07-15;0;0;0;0;0;0;0;0;0;0;0;0;0;0;0;0;0;0
FR;10;2021-07-16;0;0;0;0;0;0;0;0;0;0;0;0;0;0;0;0;0;0
FR;10;2021-07-17;0;0;0;0;0;0;0;0;0;0;0;0;0;0;0;0;0;0
FR;10;2021-07-18;0;0;0;0;0;0;0;0;0;0;0;0;0;0;0;0;0;0
FR;10;2021-07-19;0;0;0;0;0;0;0;0;0;0;0;0;0;0;0;0;0;0
FR;10;2021-07-20;0;0;0;0;0;0;0;0;0;0;0;0;0;0;0;0;0;0
FR;10;2021-07-21;0;0;0;0;0;0;0;0;0;0;0;0;0;0;0;0;0;0
FR;10;2021-07-22;0;0;0;0;0;0;0;0;0;0;0;0;0;0;0;0;0;0
FR;10;2021-07-23;0;0;0;0;0;0;0;0;0;0;0;0;0;0;0;0;0;0
FR;10;2021-07-24;0;0;0;0;0;0;0;0;0;0;0;0;0;0;0;0;0;0
FR;10;2021-07-25;0;0;0;0;0;0;0;0;0;0;0;0;0;0;0;0;0;0
FR;10;2021-07-26;0;0;0;0;0;0;0;0;0;0;0;0;0;0;0;0;0;0
FR;10;2021-07-27;0;0;0;0;0;0;0;0;0;0;0;0;0;0;0;0;0;0
FR;10;2021-07-28;0;0;0;0;0;0;0;0;0;0;0;0;0;0;0;0;0;0
FR;10;2021-07-29;0;0;0;0;0;0;0;0;0;0;0;0;0;0;0;0;0;0
FR;10;2021-07-30;0;0;0;0;0;0;0;0;0;0;0;0;0;0;0;0;0;0
FR;10;2021-07-31;0;0;0;0;0;0;0;0;0;0;0;0;0;0;0;0;0;0
FR;10;2021-08-01;0;0;0;0;0;0;0;0;0;0;0;0;0;0;0;0;0;0
FR;10;2021-08-02;0;0;0;0;0;0;0;0;0;0;0;0;0;0;0;0;0;0
FR;10;2021-08-03;0;0;0;0;0;0;0;0;0;0;0;0;0;0;0;0;0;0
FR;10;2021-08-04;0;0;0;0;0;0;0;0;0;0;0;0;0;0;0;0;0;0
FR;10;2021-08-05;0;0;0;0;0;0;0;0;0;0;0;0;0;0;0;0;0;0
FR;10;2021-08-06;0;0;0;0;0;0;0;0;0;0;0;0;0;0;0;0;0;0
FR;10;2021-08-07;0;0;0;0;0;0;0;0;0;0;0;0;0;0;0;0;0;0
FR;10;2021-08-08;0;0;0;0;0;0;0;0;0;0;0;0;0;0;0;0;0;0
FR;10;2021-08-09;0;0;0;0;0;0;0;0;0;0;0;0;0;0;0;0;0;0
FR;10;2021-08-10;0;0;0;0;0;0;0;0;0;0;0;0;0;0;0;0;0;0
FR;10;2021-08-11;0;0;0;0;0;0;0;0;0;0;0;0;0;0;0;0;0;0
FR;10;2021-08-12;0;0;0;0;0;0;0;0;0;0;0;0;0;0;0;0;0;0
FR;10;2021-08-13;0;0;0;0;0;0;0;0;0;0;0;0;0;0;0;0;0;0
FR;10;2021-08-14;0;0;0;0;0;0;0;0;0;0;0;0;0;0;0;0;0;0
FR;10;2021-08-15;0;0;0;0;0;0;0;0;0;0;0;0;0;0;0;0;0;0
FR;10;2021-08-16;0;0;0;0;0;0;0;0;0;0;0;0;0;0;0;0;0;0
FR;10;2021-08-17;0;0;0;0;0;0;0;0;0;0;0;0;0;0;0;0;0;0
FR;10;2021-08-18;0;0;0;0;0;0;0;0;0;0;0;0;0;0;0;0;0;0
FR;10;2021-08-19;0;0;0;0;0;0;0;0;0;0;0;0;0;0;0;0;0;0
FR;10;2021-08-20;0;0;0;0;0;0;0;0;0;0;0;0;0;0;0;0;0;0
FR;10;2021-08-21;0;0;0;0;0;0;0;0;0;0;0;0;0;0;0;0;0;0
FR;10;2021-08-22;0;0;0;0;0;0;0;0;0;0;0;0;0;0;0;0;0;0
FR;10;2021-08-23;0;0;0;0;0;0;0;0;0;0;0;0;0;0;0;0;0;0
FR;10;2021-08-24;0;0;0;0;0;0;0;0;0;0;0;0;0;0;0;0;0;0
FR;10;2021-08-25;0;0;0;0;0;0;0;0;0;0;0;0;0;0;0;0;0;0
FR;10;2021-08-26;0;0;0;0;0;0;0;0;0;0;0;0;0;0;0;0;0;0
FR;10;2021-08-27;0;0;0;0;0;0;0;0;0;0;0;0;0;0;0;0;0;0
FR;10;2021-08-28;0;0;0;0;0;0;0;0;0;0;0;0;0;0;0;0;0;0
FR;10;2021-08-29;0;0;0;0;0;0;0;0;0;0;0;0;0;0;0;0;0;0
FR;10;2021-08-30;0;0;0;0;0;0;0;0;0;0;0;0;0;0;0;0;0;0
FR;10;2021-08-31;0;0;0;0;0;0;0;0;0;0;0;0;0;0;0;0;0;0
FR;10;2021-09-01;0;0;0;0;0;0;0;0;0;0;0;0;0;0;0;0;0;0
FR;10;2021-09-02;0;0;0;0;0;0;0;0;0;0;0;0;0;0;0;0;0;0
FR;10;2021-09-03;0;0;0;0;0;0;0;0;0;0;0;0;0;0;0;0;0;0
FR;10;2021-09-04;0;0;0;0;0;0;0;0;0;0;0;0;0;0;0;0;0;0
FR;10;2021-09-05;0;0;0;0;0;0;0;0;0;0;0;0;0;0;0;0;0;0
FR;10;2021-09-06;0;0;0;0;0;0;0;0;0;0;0;0;0;0;0;0;0;0
FR;10;2021-09-07;0;0;0;0;0;0;0;0;0;0;0;0;0;0;0;0;0;0
FR;10;2021-09-08;0;0;0;0;0;0;0;0;0;0;0;0;0;0;0;0;0;0
FR;10;2021-09-09;0;0;0;0;0;0;0;0;0;0;0;0;0;0;0;0;0;0
FR;10;2021-09-10;0;0;0;0;0;0;0;0;0;0;0;0;0;0;0;0;0;0
FR;10;2021-09-11;0;0;0;0;0;0;0;0;0;0;0;0;0;0;0;0;0;0
FR;10;2021-09-12;0;0;0;0;0;0;0;0;0;0;0;0;0;0;0;0;0;0
FR;10;2021-09-13;0;0;0;0;0;0;0;0;0;0;0;0;0;0;0;0;0;0
FR;10;2021-09-14;0;0;0;0;0;0;0;0;0;0;0;0;0;0;0;0;0;0
FR;10;2021-09-15;0;0;0;0;0;0;0;0;0;0;0;0;0;0;0;0;0;0
FR;10;2021-09-16;0;0;0;0;0;0;0;0;0;0;0;0;0;0;0;0;0;0
FR;10;2021-09-17;0;0;0;0;0;0;0;0;0;0;0;0;0;0;0;0;0;0
FR;10;2021-09-18;0;0;0;0;0;0;0;0;0;0;0;0;0;0;0;0;0;0
FR;10;2021-09-19;0;0;0;0;0;0;0;0;0;0;0;0;0;0;0;0;0;0
FR;10;2021-09-20;0;0;0;0;0;0;0;0;0;0;0;0;0;0;0;0;0;0
FR;10;2021-09-21;0;0;0;0;0;0;0;0;0;0;0;0;0;0;0;0;0;0
FR;10;2021-09-22;0;0;0;0;0;0;0;0;0;0;0;0;0;0;0;0;0;0
FR;10;2021-09-23;0;0;0;0;0;0;0;0;0;0;0;0;0;0;0;0;0;0
FR;10;2021-09-24;0;0;0;0;0;0;0;0;0;0;0;0;0;0;0;0;0;0
FR;10;2021-09-25;0;0;0;0;0;0;0;0;0;0;0;0;0;0;0;0;0;0
FR;10;2021-09-26;0;0;0;0;0;0;0;0;0;0;0;0;0;0;0;0;0;0
FR;10;2021-09-27;0;0;0;0;0;0;0;0;0;0;0;0;0;0;0;0;0;0
FR;10;2021-09-28;0;0;0;0;0;0;0;0;0;0;0;0;0;0;0;0;0;0
FR;10;2021-09-29;0;0;0;0;0;0;0;0;0;0;0;0;0;0;0;0;0;0
FR;10;2021-09-30;0;0;0;0;0;0;0;0;0;0;0;0;0;0;0;0;0;0
FR;10;2021-10-01;0;0;0;0;0;0;0;0;0;0;0;0;0;0;0;0;0;0
FR;10;2021-10-02;0;0;0;0;0;0;0;0;0;0;0;0;0;0;0;0;0;0
FR;10;2021-10-03;0;0;0;0;0;0;0;0;0;0;0;0;0;0;0;0;0;0
FR;10;2021-10-04;0;0;0;0;0;0;0;0;0;0;0;0;0;0;0;0;0;0
FR;10;2021-10-05;0;0;0;0;0;0;0;0;0;0;0;0;0;0;0;0;0;0
FR;10;2021-10-06;0;0;0;0;0;0;0;0;0;0;0;0;0;0;0;0;0;0
FR;10;2021-10-07;0;0;0;0;0;0;0;0;0;0;0;0;0;0;0;0;0;0
FR;10;2021-10-08;0;0;0;0;0;0;0;0;0;0;0;0;0;0;0;0;0;0
FR;10;2021-10-09;0;0;0;0;0;0;0;0;0;0;0;0;0;0;0;0;0;0
FR;10;2021-10-10;0;0;0;0;0;0;0;0;0;0;0;0;0;0;0;0;0;0
FR;10;2021-10-11;0;0;0;0;0;0;0;0;0;0;0;0;0;0;0;0;0;0
FR;10;2021-10-12;0;0;0;0;0;0;0;0;0;0;0;0;0;0;0;0;0;0
FR;10;2021-10-13;0;0;0;0;0;0;0;0;0;0;0;0;0;0;0;0;0;0
FR;10;2021-10-14;0;0;0;0;0;0;0;0;0;0;0;0;0;0;0;0;0;0
FR;10;2021-10-15;0;0;0;0;0;0;0;0;0;0;0;0;0;0;0;0;0;0
FR;10;2021-10-16;0;0;0;0;0;0;0;0;0;0;0;0;0;0;0;0;0;0
FR;10;2021-10-17;0;0;0;0;0;0;0;0;0;0;0;0;0;0;0;0;0;0
FR;10;2021-10-18;0;0;0;0;0;0;0;0;0;0;0;0;0;0;0;0;0;0
FR;10;2021-10-19;0;0;0;0;0;0;0;0;0;0;0;0;0;0;0;0;0;0
FR;10;2021-10-20;0;0;0;0;0;0;0;0;0;0;0;0;0;0;0;0;0;0
FR;10;2021-10-21;0;0;0;0;0;0;0;0;0;0;0;0;0;0;0;0;0;0
FR;10;2021-10-22;0;0;0;0;0;0;0;0;0;0;0;0;0;0;0;0;0;0
FR;10;2021-10-23;0;0;0;0;0;0;0;0;0;0;0;0;0;0;0;0;0;0
FR;10;2021-10-24;0;0;0;0;0;0;0;0;0;0;0;0;0;0;0;0;0;0
FR;10;2021-10-25;0;0;0;0;0;0;0;0;0;0;0;0;0;0;0;0;0;0
FR;10;2021-10-26;0;0;0;0;0;0;0;0;0;0;0;0;0;0;0;0;0;0
FR;10;2021-10-27;0;0;0;0;0;0;0;0;0;0;0;0;0;0;0;0;0;0
FR;10;2021-10-28;0;0;0;0;0;0;0;0;0;0;0;0;0;0;0;0;0;0
FR;10;2021-10-29;0;0;0;0;0;0;0;0;0;0;0;0;0;0;0;0;0;0
FR;10;2021-10-30;0;0;0;0;0;0;0;0;0;0;0;0;0;0;0;0;0;0
FR;10;2021-10-31;0;0;0;0;0;0;0;0;0;0;0;0;0;0;0;0;0;0
FR;10;2021-11-01;0;0;0;0;0;0;0;0;0;0;0;0;0;0;0;0;0;0
FR;10;2021-11-02;0;0;0;0;0;0;0;0;0;0;0;0;0;0;0;0;0;0
FR;10;2021-11-03;0;0;0;0;0;0;0;0;0;0;0;0;0;0;0;0;0;0
FR;10;2021-11-04;0;0;0;0;0;0;0;0;0;0;0;0;0;0;0;0;0;0
FR;10;2021-11-05;0;0;0;0;0;0;0;0;0;0;0;0;0;0;0;0;0;0
FR;10;2021-11-06;0;0;0;0;0;0;0;0;0;0;0;0;0;0;0;0;0;0
FR;10;2021-11-07;0;0;0;0;0;0;0;0;0;0;0;0;0;0;0;0;0;0
FR;10;2021-11-08;0;0;0;0;0;0;0;0;0;0;0;0;0;0;0;0;0;0
FR;10;2021-11-09;0;0;0;0;0;0;0;0;0;0;0;0;0;0;0;0;0;0
FR;10;2021-11-10;0;0;0;0;0;0;0;0;0;0;0;0;0;0;0;0;0;0
FR;10;2021-11-11;0;0;0;0;0;0;0;0;0;0;0;0;0;0;0;0;0;0
FR;10;2021-11-12;0;0;0;0;0;0;0;0;0;0;0;0;0;0;0;0;0;0
FR;10;2021-11-13;0;0;0;0;0;0;0;0;0;0;0;0;0;0;0;0;0;0
FR;10;2021-11-14;0;0;0;0;0;0;0;0;0;0;0;0;0;0;0;0;0;0
FR;10;2021-11-15;0;0;0;0;0;0;0;0;0;0;0;0;0;0;0;0;0;0
FR;10;2021-11-16;0;0;0;0;0;0;0;0;0;0;0;0;0;0;0;0;0;0
FR;10;2021-11-17;0;0;0;0;0;0;0;0;0;0;0;0;0;0;0;0;0;0
FR;10;2021-11-18;0;0;0;0;0;0;0;0;0;0;0;0;0;0;0;0;0;0
FR;10;2021-11-19;0;0;0;0;0;0;0;0;0;0;0;0;0;0;0;0;0;0
FR;10;2021-11-20;0;0;0;0;0;0;0;0;0;0;0;0;0;0;0;0;0;0
FR;10;2021-11-21;0;0;0;0;0;0;0;0;0;0;0;0;0;0;0;0;0;0
FR;10;2021-11-22;0;0;0;0;0;0;0;0;0;0;0;0;0;0;0;0;0;0
FR;10;2021-11-23;0;0;0;0;0;0;0;0;0;0;0;0;0;0;0;0;0;0
FR;10;2021-11-24;0;0;0;0;0;0;0;0;0;0;0;0;0;0;0;0;0;0
FR;10;2021-11-25;0;0;0;0;0;0;0;0;0;0;0;0;0;0;0;0;0;0
FR;10;2021-11-26;0;0;0;0;0;0;0;0;0;0;0;0;0;0;0;0;0;0
FR;10;2021-11-27;0;0;0;0;0;0;0;0;0;0;0;0;0;0;0;0;0;0
FR;10;2021-11-28;0;0;0;0;0;0;0;0;0;0;0;0;0;0;0;0;0;0
FR;10;2021-11-29;0;0;0;0;0;0;0;0;0;0;0;0;0;0;0;0;0;0
FR;10;2021-11-30;0;0;0;0;0;0;0;0;0;0;0;0;0;0;0;0;0;0
FR;10;2021-12-01;0;0;0;0;0;0;0;0;0;0;0;0;0;0;0;0;0;0
FR;10;2021-12-02;0;0;0;0;0;0;0;0;0;0;0;0;0;0;0;0;0;0
FR;10;2021-12-03;0;0;0;0;0;0;0;0;0;0;0;0;0;0;0;0;0;0
FR;10;2021-12-04;0;0;0;0;0;0;0;0;0;0;0;0;0;0;0;0;0;0
FR;10;2021-12-05;0;0;0;0;0;0;0;0;0;0;0;0;0;0;0;0;0;0
FR;10;2021-12-06;0;0;0;0;0;0;0;0;0;0;0;0;0;0;0;0;0;0
FR;10;2021-12-07;0;0;0;0;0;0;0;0;0;0;0;0;0;0;0;0;0;0
FR;10;2021-12-08;0;0;0;0;0;0;0;0;0;0;0;0;0;0;0;0;0;0
FR;10;2021-12-09;0;0;0;0;0;0;0;0;0;0;0;0;0;0;0;0;0;0
FR;10;2021-12-10;0;0;0;0;0;0;0;0;0;0;0;0;0;0;0;0;0;0
FR;10;2021-12-11;0;0;0;0;0;0;0;0;0;0;0;0;0;0;0;0;0;0
FR;10;2021-12-12;0;0;0;0;0;0;0;0;0;0;0;0;0;0;0;0;0;0
FR;10;2021-12-13;0;0;0;0;0;0;0;0;0;0;0;0;0;0;0;0;0;0
FR;10;2021-12-14;0;0;0;0;0;0;0;0;0;0;0;0;0;0;0;0;0;0
FR;10;2021-12-15;0;0;0;0;0;0;0;0;0;0;0;0;0;0;0;0;0;0
FR;10;2021-12-16;0;0;0;0;0;0;0;0;0;0;0;0;0;0;0;0;0;0
FR;10;2021-12-17;0;0;0;0;0;0;0;0;0;0;0;0;0;0;0;0;0;0
FR;10;2021-12-18;0;0;0;0;0;0;0;0;0;0;0;0;0;0;0;0;0;0
FR;10;2021-12-19;0;0;0;0;0;0;0;0;0;0;0;0;0;0;0;0;0;0
FR;10;2021-12-20;0;0;0;0;0;0;0;0;0;0;0;0;0;0;0;0;0;0
FR;10;2021-12-21;0;0;0;0;0;0;0;0;0;0;0;0;0;0;0;0;0;0
FR;10;2021-12-22;0;0;0;0;0;0;0;0;0;0;0;0;0;0;0;0;0;0
FR;10;2021-12-23;0;0;0;0;0;0;0;0;0;0;0;0;0;0;0;0;0;0
FR;10;2021-12-24;0;0;0;0;0;0;0;0;0;0;0;0;0;0;0;0;0;0
FR;10;2021-12-25;0;0;0;0;0;0;0;0;0;0;0;0;0;0;0;0;0;0
FR;10;2021-12-26;0;0;0;0;0;0;0;0;0;0;0;0;0;0;0;0;0;0
FR;10;2021-12-27;0;0;0;0;0;0;0;0;0;0;0;0;0;0;0;0;0;0
FR;10;2021-12-28;0;0;0;0;0;0;0;0;0;0;0;0;0;0;0;0;0;0
FR;10;2021-12-29;0;0;0;0;0;0;0;0;0;0;0;0;0;0;0;0;0;0
FR;10;2021-12-30;0;0;0;0;0;0;0;0;0;0;0;0;0;0;0;0;0;0
FR;10;2021-12-31;0;0;0;0;0;0;0;0;0;0;0;0;0;0;0;0;0;0
FR;10;2022-01-01;0;0;0;0;0;0;0;0;0;0;0;0;0;0;0;0;0;0
FR;10;2022-01-02;0;0;0;0;0;0;0;0;0;0;0;0;0;0;0;0;0;0
FR;10;2022-01-03;0;0;0;0;0;0;0;0;0;0;0;0;0;0;0;0;0;0
FR;10;2022-01-04;0;0;0;0;0;0;0;0;0;0;0;0;0;0;0;0;0;0
FR;10;2022-01-05;0;0;0;0;0;0;0;0;0;0;0;0;0;0;0;0;0;0
FR;10;2022-01-06;0;0;0;0;0;0;0;0;0;0;0;0;0;0;0;0;0;0
FR;10;2022-01-07;0;0;0;0;0;0;0;0;0;0;0;0;0;0;0;0;0;0
FR;10;2022-01-08;0;0;0;0;0;0;0;0;0;0;0;0;0;0;0;0;0;0
FR;10;2022-01-09;0;0;0;0;0;0;0;0;0;0;0;0;0;0;0;0;0;0
FR;10;2022-01-10;0;0;0;0;0;0;0;0;0;0;0;0;0;0;0;0;0;0
FR;10;2022-01-11;0;0;0;0;0;0;0;0;0;0;0;0;0;0;0;0;0;0
FR;10;2022-01-12;0;0;0;0;0;0;0;0;0;0;0;0;0;0;0;0;0;0
FR;10;2022-01-13;0;0;0;0;0;0;0;0;0;0;0;0;0;0;0;0;0;0
FR;10;2022-01-14;0;0;0;0;0;0;0;0;0;0;0;0;0;0;0;0;0;0
FR;10;2022-01-15;0;0;0;0;0;0;0;0;0;0;0;0;0;0;0;0;0;0
FR;10;2022-01-16;0;0;0;0;0;0;0;0;0;0;0;0;0;0;0;0;0;0
FR;10;2022-01-17;0;0;0;0;0;0;0;0;0;0;0;0;0;0;0;0;0;0
FR;10;2022-01-18;0;0;0;0;0;0;0;0;0;0;0;0;0;0;0;0;0;0
FR;10;2022-01-19;0;0;0;0;0;0;0;0;0;0;0;0;0;0;0;0;0;0
FR;10;2022-01-20;0;0;0;0;0;0;0;0;0;0;0;0;0;0;0;0;0;0
FR;10;2022-01-21;0;0;0;0;0;0;0;0;0;0;0;0;0;0;0;0;0;0
FR;10;2022-01-22;0;0;0;0;0;0;0;0;0;0;0;0;0;0;0;0;0;0
FR;10;2022-01-23;0;0;0;0;0;0;0;0;0;0;0;0;0;0;0;0;0;0
FR;10;2022-01-24;0;0;0;0;0;0;0;0;0;0;0;0;0;0;0;0;0;0
FR;10;2022-01-25;0;0;0;0;0;0;0;0;0;0;0;0;0;0;0;0;0;0
FR;10;2022-01-26;0;0;0;0;0;0;0;0;0;0;0;0;0;0;0;0;0;0
FR;10;2022-01-27;0;0;0;0;0;0;0;0;0;0;0;0;0;0;0;0;0;0
FR;10;2022-01-28;0;0;0;0;0;0;0;0;0;0;0;0;0;0;0;0;0;0
FR;10;2022-01-29;0;0;0;0;0;0;0;0;0;0;0;0;0;0;0;0;0;0
FR;10;2022-01-30;0;0;0;0;0;0;0;0;0;0;0;0;0;0;0;0;0;0
FR;10;2022-01-31;0;0;0;0;0;0;0;0;0;0;0;0;0;0;0;0;0;0
FR;10;2022-02-01;0;0;0;0;0;0;0;0;0;0;0;0;0;0;0;0;0;0
FR;10;2022-02-02;0;0;0;0;0;0;0;0;0;0;0;0;0;0;0;0;0;0
FR;10;2022-02-03;0;0;0;0;0;0;0;0;0;0;0;0;0;0;0;0;0;0
FR;10;2022-02-04;0;0;0;0;0;0;0;0;0;0;0;0;0;0;0;0;0;0
FR;10;2022-02-05;0;0;0;0;0;0;0;0;0;0;0;0;0;0;0;0;0;0
FR;10;2022-02-06;0;0;0;0;0;0;0;0;0;0;0;0;0;0;0;0;0;0
FR;10;2022-02-07;0;0;0;0;0;0;0;0;0;0;0;0;0;0;0;0;0;0
FR;10;2022-02-08;0;0;0;0;0;0;0;0;0;0;0;0;0;0;0;0;0;0
FR;10;2022-02-09;0;0;0;0;0;0;0;0;0;0;0;0;0;0;0;0;0;0
FR;10;2022-02-10;0;0;0;0;0;0;0;0;0;0;0;0;0;0;0;0;0;0
FR;10;2022-02-11;0;0;0;0;0;0;0;0;0;0;0;0;0;0;0;0;0;0
FR;10;2022-02-12;0;0;0;0;0;0;0;0;0;0;0;0;0;0;0;0;0;0
FR;10;2022-02-13;0;0;0;0;0;0;0;0;0;0;0;0;0;0;0;0;0;0
FR;10;2022-02-14;0;0;0;0;0;0;0;0;0;0;0;0;0;0;0;0;0;0
FR;10;2022-02-15;0;0;0;0;0;0;0;0;0;0;0;0;0;0;0;0;0;0
FR;10;2022-02-16;0;0;0;0;0;0;0;0;0;0;0;0;0;0;0;0;0;0
FR;10;2022-02-17;0;0;0;0;0;0;0;0;0;0;0;0;0;0;0;0;0;0
FR;10;2022-02-18;0;0;0;0;0;0;0;0;0;0;0;0;0;0;0;0;0;0
FR;10;2022-02-19;0;0;0;0;0;0;0;0;0;0;0;0;0;0;0;0;0;0
FR;10;2022-02-20;0;0;0;0;0;0;0;0;0;0;0;0;0;0;0;0;0;0
FR;10;2022-02-21;0;0;0;0;0;0;0;0;0;0;0;0;0;0;0;0;0;0
FR;10;2022-02-22;0;0;0;0;0;0;0;0;0;0;0;0;0;0;0;0;0;0
FR;10;2022-02-23;0;0;0;0;0;0;0;0;0;0;0;0;0;0;0;0;0;0
FR;10;2022-02-24;0;0;0;0;0;0;0;0;0;0;0;0;0;0;0;0;0;0
FR;10;2022-02-25;0;0;0;0;0;0;0;0;0;0;0;0;0;0;0;0;0;0
FR;10;2022-02-26;0;0;0;0;0;0;0;0;0;0;0;0;0;0;0;0;0;0
FR;10;2022-02-27;0;0;0;0;0;0;0;0;0;0;0;0;0;0;0;0;0;0
FR;10;2022-02-28;0;0;0;0;0;0;0;0;0;0;0;0;0;0;0;0;0;0
FR;10;2022-03-01;0;0;0;0;0;0;0;0;0;0;0;0;0;0;0;0;0;0
FR;10;2022-03-02;0;0;0;0;0;0;0;0;0;0;0;0;0;0;0;0;0;0
FR;10;2022-03-03;0;0;0;0;0;0;0;0;0;0;0;0;0;0;0;0;0;0
FR;10;2022-03-04;0;0;0;0;0;0;0;0;0;0;0;0;0;0;0;0;0;0
FR;10;2022-03-05;0;0;0;0;0;0;0;0;0;0;0;0;0;0;0;0;0;0
FR;10;2022-03-06;0;0;0;0;0;0;0;0;0;0;0;0;0;0;0;0;0;0
FR;10;2022-03-07;0;0;0;0;0;0;0;0;0;0;0;0;0;0;0;0;0;0
FR;10;2022-03-08;0;0;0;0;0;0;0;0;0;0;0;0;0;0;0;0;0;0
FR;10;2022-03-09;0;0;0;0;0;0;0;0;0;0;0;0;0;0;0;0;0;0
FR;10;2022-03-10;0;0;0;0;0;0;0;0;0;0;0;0;0;0;0;0;0;0
FR;10;2022-03-11;0;0;0;0;0;0;0;0;0;0;0;0;0;0;0;0;0;0
FR;10;2022-03-12;0;0;0;0;0;0;0;0;0;0;0;0;0;0;0;0;0;0
FR;10;2022-03-13;0;0;0;0;0;0;0;0;0;0;0;0;0;0;0;0;0;0
FR;10;2022-03-14;0;0;0;0;0;0;0;0;0;0;0;0;0;0;0;0;0;0
FR;10;2022-03-15;0;0;0;0;0;0;0;0;0;0;0;0;0;0;0;0;0;0
FR;10;2022-03-16;0;0;0;0;0;0;0;0;0;0;0;0;0;0;0;0;0;0
FR;10;2022-03-17;0;0;0;0;0;0;0;0;0;0;0;0;0;0;0;0;0;0
FR;10;2022-03-18;0;0;0;0;0;0;0;0;0;0;0;0;0;0;0;0;0;0
FR;10;2022-03-19;0;0;0;0;0;0;0;0;0;0;0;0;0;0;0;0;0;0
FR;10;2022-03-20;0;0;0;0;0;0;0;0;0;0;0;0;0;0;0;0;0;0
FR;10;2022-03-21;0;0;0;0;0;0;0;0;0;0;0;0;0;0;0;0;0;0
FR;10;2022-03-22;0;0;0;0;0;0;0;0;0;0;0;0;0;0;0;0;0;0
FR;10;2022-03-23;0;0;0;0;0;0;0;0;0;0;0;0;0;0;0;0;0;0
FR;10;2022-03-24;0;0;0;0;0;0;0;0;0;0;0;0;0;0;0;0;0;0
FR;10;2022-03-25;0;0;0;0;0;0;0;0;0;0;0;0;0;0;0;0;0;0
FR;10;2022-03-26;0;0;0;0;0;0;0;0;0;0;0;0;0;0;0;0;0;0
FR;10;2022-03-27;0;0;0;0;0;0;0;0;0;0;0;0;0;0;0;0;0;0
FR;10;2022-03-28;0;0;0;0;0;0;0;0;0;0;0;0;0;0;0;0;0;0
FR;10;2022-03-29;0;0;0;0;0;0;0;0;0;0;0;0;0;0;0;0;0;0
FR;10;2022-03-30;0;0;0;0;0;0;0;0;0;0;0;0;0;0;0;0;0;0
FR;10;2022-03-31;0;0;0;0;0;0;0;0;0;0;0;0;0;0;0;0;0;0
FR;10;2022-04-01;0;0;0;0;0;0;0;0;0;0;0;0;0;0;0;0;0;0
FR;10;2022-04-02;0;0;0;0;0;0;0;0;0;0;0;0;0;0;0;0;0;0
FR;10;2022-04-03;0;0;0;0;0;0;0;0;0;0;0;0;0;0;0;0;0;0
FR;10;2022-04-04;0;0;0;0;0;0;0;0;0;0;0;0;0;0;0;0;0;0
FR;10;2022-04-05;0;0;0;0;0;0;0;0;0;0;0;0;0;0;0;0;0;0
FR;10;2022-04-06;0;0;0;0;0;0;0;0;0;0;0;0;0;0;0;0;0;0
FR;10;2022-04-07;0;0;0;0;0;0;0;0;0;0;0;0;0;0;0;0;0;0
FR;10;2022-04-08;0;0;0;0;0;0;0;0;0;0;0;0;0;0;0;0;0;0
FR;10;2022-04-09;0;0;0;0;0;0;0;0;0;0;0;0;0;0;0;0;0;0
FR;10;2022-04-10;0;0;0;0;0;0;0;0;0;0;0;0;0;0;0;0;0;0
FR;10;2022-04-11;0;0;0;0;0;0;0;0;0;0;0;0;0;0;0;0;0;0
FR;10;2022-04-12;0;0;0;0;0;0;0;0;0;0;0;0;0;0;0;0;0;0
FR;10;2022-04-13;0;0;0;0;0;0;0;0;0;0;0;0;0;0;0;0;0;0
FR;10;2022-04-14;0;0;0;0;0;0;0;0;0;0;0;0;0;0;0;0;0;0
FR;10;2022-04-15;0;0;0;0;0;0;0;0;0;0;0;0;0;0;0;0;0;0
FR;10;2022-04-16;0;0;0;0;0;0;0;0;0;0;0;0;0;0;0;0;0;0
FR;10;2022-04-17;0;0;0;0;0;0;0;0;0;0;0;0;0;0;0;0;0;0
FR;10;2022-04-18;0;0;0;0;0;0;0;0;0;0;0;0;0;0;0;0;0;0
FR;10;2022-04-19;0;0;0;0;0;0;0;0;0;0;0;0;0;0;0;0;0;0
FR;10;2022-04-20;0;0;0;0;0;0;0;0;0;0;0;0;0;0;0;0;0;0
FR;10;2022-04-21;0;0;0;0;0;0;0;0;0;0;0;0;0;0;0;0;0;0
FR;10;2022-04-22;0;0;0;0;0;0;0;0;0;0;0;0;0;0;0;0;0;0
FR;10;2022-04-23;0;0;0;0;0;0;0;0;0;0;0;0;0;0;0;0;0;0
FR;10;2022-04-24;0;0;0;0;0;0;0;0;0;0;0;0;0;0;0;0;0;0
FR;10;2022-04-25;0;0;0;0;0;0;0;0;0;0;0;0;0;0;0;0;0;0
FR;10;2022-04-26;0;0;0;0;0;0;0;0;0;0;0;0;0;0;0;0;0;0
FR;10;2022-04-27;0;0;0;0;0;0;0;0;0;0;0;0;0;0;0;0;0;0
FR;10;2022-04-28;0;0;0;0;0;0;0;0;0;0;0;0;0;0;0;0;0;0
FR;10;2022-04-29;0;0;0;0;0;0;0;0;0;0;0;0;0;0;0;0;0;0
FR;10;2022-04-30;0;0;0;0;0;0;0;0;0;0;0;0;0;0;0;0;0;0
FR;10;2022-05-01;0;0;0;0;0;0;0;0;0;0;0;0;0;0;0;0;0;0
FR;10;2022-05-02;0;0;0;0;0;0;0;0;0;0;0;0;0;0;0;0;0;0
FR;10;2022-05-03;0;0;0;0;0;0;0;0;0;0;0;0;0;0;0;0;0;0
FR;10;2022-05-04;0;0;0;0;0;0;0;0;0;0;0;0;0;0;0;0;0;0
FR;10;2022-05-05;0;0;0;0;0;0;0;0;0;0;0;0;0;0;0;0;0;0
FR;10;2022-05-06;0;0;0;0;0;0;0;0;0;0;0;0;0;0;0;0;0;0
FR;10;2022-05-07;0;0;0;0;0;0;0;0;0;0;0;0;0;0;0;0;0;0
FR;10;2022-05-08;0;0;0;0;0;0;0;0;0;0;0;0;0;0;0;0;0;0
FR;10;2022-05-09;0;0;0;0;0;0;0;0;0;0;0;0;0;0;0;0;0;0
FR;10;2022-05-10;0;0;0;0;0;0;0;0;0;0;0;0;0;0;0;0;0;0
FR;10;2022-05-11;0;0;0;0;0;0;0;0;0;0;0;0;0;0;0;0;0;0
FR;10;2022-05-12;0;0;0;0;0;0;0;0;0;0;0;0;0;0;0;0;0;0
FR;10;2022-05-13;0;0;0;0;0;0;0;0;0;0;0;0;0;0;0;0;0;0
FR;10;2022-05-14;0;0;0;0;0;0;0;0;0;0;0;0;0;0;0;0;0;0
FR;10;2022-05-15;0;0;0;0;0;0;0;0;0;0;0;0;0;0;0;0;0;0
FR;10;2022-05-16;0;0;0;0;0;0;0;0;0;0;0;0;0;0;0;0;0;0
FR;10;2022-05-17;0;0;0;0;0;0;0;0;0;0;0;0;0;0;0;0;0;0
FR;10;2022-05-18;0;0;0;0;0;0;0;0;0;0;0;0;0;0;0;0;0;0
FR;10;2022-05-19;0;0;0;0;0;0;0;0;0;0;0;0;0;0;0;0;0;0
FR;10;2022-05-20;0;0;0;0;0;0;0;0;0;0;0;0;0;0;0;0;0;0
FR;10;2022-05-21;0;0;0;0;0;0;0;0;0;0;0;0;0;0;0;0;0;0
FR;10;2022-05-22;0;0;0;0;0;0;0;0;0;0;0;0;0;0;0;0;0;0
FR;10;2022-05-23;0;0;0;0;0;0;0;0;0;0;0;0;0;0;0;0;0;0
FR;10;2022-05-24;0;0;0;0;0;0;0;0;0;0;0;0;0;0;0;0;0;0
FR;10;2022-05-25;0;0;0;0;0;0;0;0;0;0;0;0;0;0;0;0;0;0
FR;10;2022-05-26;0;0;0;0;0;0;0;0;0;0;0;0;0;0;0;0;0;0
FR;10;2022-05-27;0;0;0;0;0;0;0;0;0;0;0;0;0;0;0;0;0;0
FR;10;2022-05-28;0;0;0;0;0;0;0;0;0;0;0;0;0;0;0;0;0;0
FR;10;2022-05-29;0;0;0;0;0;0;0;0;0;0;0;0;0;0;0;0;0;0
FR;10;2022-05-30;0;0;0;0;0;0;0;0;0;0;0;0;0;0;0;0;0;0
FR;10;2022-05-31;0;0;0;0;0;0;0;0;0;0;0;0;0;0;0;0;0;0
FR;10;2022-06-01;0;0;0;0;0;0;0;0;0;0;0;0;0;0;0;0;0;0
FR;10;2022-06-02;0;0;0;0;0;0;0;0;0;0;0;0;0;0;0;0;0;0
FR;10;2022-06-03;0;0;0;0;0;0;0;0;0;0;0;0;0;0;0;0;0;0
FR;10;2022-06-04;0;0;0;0;0;0;0;0;0;0;0;0;0;0;0;0;0;0
FR;10;2022-06-05;0;0;0;0;0;0;0;0;0;0;0;0;0;0;0;0;0;0
FR;10;2022-06-06;0;0;0;0;0;0;0;0;0;0;0;0;0;0;0;0;0;0
FR;10;2022-06-07;0;0;0;0;0;0;0;0;0;0;0;0;0;0;0;0;0;0
FR;10;2022-06-08;0;0;0;0;0;0;0;0;0;0;0;0;0;0;0;0;0;0
FR;10;2022-06-09;0;0;0;0;0;0;0;0;0;0;0;0;0;0;0;0;0;0
FR;10;2022-06-10;0;0;0;0;0;0;0;0;0;0;0;0;0;0;0;0;0;0
FR;10;2022-06-11;0;0;0;0;0;0;0;0;0;0;0;0;0;0;0;0;0;0
FR;10;2022-06-12;0;0;0;0;0;0;0;0;0;0;0;0;0;0;0;0;0;0
FR;10;2022-06-13;0;0;0;0;0;0;0;0;0;0;0;0;0;0;0;0;0;0
FR;10;2022-06-14;0;0;0;0;0;0;0;0;0;0;0;0;0;0;0;0;0;0
FR;10;2022-06-15;0;0;0;0;0;0;0;0;0;0;0;0;0;0;0;0;0;0
FR;10;2022-06-16;0;0;0;0;0;0;0;0;0;0;0;0;0;0;0;0;0;0
FR;10;2022-06-17;0;0;0;0;0;0;0;0;0;0;0;0;0;0;0;0;0;0
FR;10;2022-06-18;0;0;0;0;0;0;0;0;0;0;0;0;0;0;0;0;0;0
FR;10;2022-06-19;0;0;0;0;0;0;0;0;0;0;0;0;0;0;0;0;0;0
FR;10;2022-06-20;0;0;0;0;0;0;0;0;0;0;0;0;0;0;0;0;0;0
FR;10;2022-06-21;0;0;0;0;0;0;0;0;0;0;0;0;0;0;0;0;0;0
FR;10;2022-06-22;0;0;0;0;0;0;0;0;0;0;0;0;0;0;0;0;0;0
FR;10;2022-06-23;0;0;0;0;0;0;0;0;0;0;0;0;0;0;0;0;0;0
FR;10;2022-06-24;0;0;0;0;0;0;0;0;0;0;0;0;0;0;0;0;0;0
FR;10;2022-06-25;0;0;0;0;0;0;0;0;0;0;0;0;0;0;0;0;0;0
FR;10;2022-06-26;0;0;0;0;0;0;0;0;0;0;0;0;0;0;0;0;0;0
FR;10;2022-06-27;0;0;0;0;0;0;0;0;0;0;0;0;0;0;0;0;0;0
FR;10;2022-06-28;0;0;0;0;0;0;0;0;0;0;0;0;0;0;0;0;0;0
FR;10;2022-06-29;0;0;0;0;0;0;0;0;0;0;0;0;0;0;0;0;0;0
FR;10;2022-06-30;0;0;0;0;0;0;0;0;0;0;0;0;0;0;0;0;0;0
FR;10;2022-07-01;0;0;0;0;0;0;0;0;0;0;0;0;0;0;0;0;0;0
FR;10;2022-07-02;0;0;0;0;0;0;0;0;0;0;0;0;0;0;0;0;0;0
FR;10;2022-07-03;0;0;0;0;0;0;0;0;0;0;0;0;0;0;0;0;0;0
FR;10;2022-07-04;0;0;0;0;0;0;0;0;0;0;0;0;0;0;0;0;0;0
FR;10;2022-07-05;0;0;0;0;0;0;0;0;0;0;0;0;0;0;0;0;0;0
FR;10;2022-07-06;0;0;0;0;0;0;0;0;0;0;0;0;0;0;0;0;0;0
FR;10;2022-07-07;0;0;0;0;0;0;0;0;0;0;0;0;0;0;0;0;0;0
FR;10;2022-07-08;0;0;0;0;0;0;0;0;0;0;0;0;0;0;0;0;0;0
FR;10;2022-07-09;0;0;0;0;0;0;0;0;0;0;0;0;0;0;0;0;0;0
FR;10;2022-07-10;0;0;0;0;0;0;0;0;0;0;0;0;0;0;0;0;0;0
FR;10;2022-07-11;0;0;0;0;0;0;0;0;0;0;0;0;0;0;0;0;0;0
FR;10;2022-07-12;0;0;0;0;0;0;0;0;0;0;0;0;0;0;0;0;0;0
FR;10;2022-07-13;0;0;0;0;0;0;0;0;0;0;0;0;0;0;0;0;0;0
FR;10;2022-07-14;0;0;0;0;0;0;0;0;0;0;0;0;0;0;0;0;0;0
FR;10;2022-07-15;0;0;0;0;0;0;0;0;0;0;0;0;0;0;0;0;0;0
FR;10;2022-07-16;0;0;0;0;0;0;0;0;0;0;0;0;0;0;0;0;0;0
FR;10;2022-07-17;0;0;0;0;0;0;0;0;0;0;0;0;0;0;0;0;0;0
FR;10;2022-07-18;0;0;0;0;0;0;0;0;0;0;0;0;0;0;0;0;0;0
FR;10;2022-07-19;0;0;0;0;0;0;0;0;0;0;0;0;0;0;0;0;0;0
FR;10;2022-07-20;0;0;0;0;0;0;0;0;0;0;0;0;0;0;0;0;0;0
FR;10;2022-07-21;0;0;0;0;0;0;0;0;0;0;0;0;0;0;0;0;0;0
FR;10;2022-07-22;0;0;0;0;0;0;0;0;0;0;0;0;0;0;0;0;0;0
FR;10;2022-07-23;0;0;0;0;0;0;0;0;0;0;0;0;0;0;0;0;0;0
FR;10;2022-07-24;0;0;0;0;0;0;0;0;0;0;0;0;0;0;0;0;0;0
FR;10;2022-07-25;0;0;0;0;0;0;0;0;0;0;0;0;0;0;0;0;0;0
FR;10;2022-07-26;0;0;0;0;0;0;0;0;0;0;0;0;0;0;0;0;0;0
FR;10;2022-07-27;0;0;0;0;0;0;0;0;0;0;0;0;0;0;0;0;0;0
FR;10;2022-07-28;0;0;0;0;0;0;0;0;0;0;0;0;0;0;0;0;0;0
FR;10;2022-07-29;0;0;0;0;0;0;0;0;0;0;0;0;0;0;0;0;0;0
FR;10;2022-07-30;0;0;0;0;0;0;0;0;0;0;0;0;0;0;0;0;0;0
FR;10;2022-07-31;0;0;0;0;0;0;0;0;0;0;0;0;0;0;0;0;0;0
FR;10;2022-08-01;0;0;0;0;0;0;0;0;0;0;0;0;0;0;0;0;0;0
FR;10;2022-08-02;0;0;0;0;0;0;0;0;0;0;0;0;0;0;0;0;0;0
FR;10;2022-08-03;0;0;0;0;0;0;0;0;0;0;0;0;0;0;0;0;0;0
FR;10;2022-08-04;0;0;0;0;0;0;0;0;0;0;0;0;0;0;0;0;0;0
FR;10;2022-08-05;0;0;0;0;0;0;0;0;0;0;0;0;0;0;0;0;0;0
FR;10;2022-08-06;0;0;0;0;0;0;0;0;0;0;0;0;0;0;0;0;0;0
FR;10;2022-08-07;0;0;0;0;0;0;0;0;0;0;0;0;0;0;0;0;0;0
FR;10;2022-08-08;0;0;0;0;0;0;0;0;0;0;0;0;0;0;0;0;0;0
FR;10;2022-08-09;0;0;0;0;0;0;0;0;0;0;0;0;0;0;0;0;0;0
FR;10;2022-08-10;0;0;0;0;0;0;0;0;0;0;0;0;0;0;0;0;0;0
FR;10;2022-08-11;0;0;0;0;0;0;0;0;0;0;0;0;0;0;0;0;0;0
FR;10;2022-08-12;0;0;0;0;0;0;0;0;0;0;0;0;0;0;0;0;0;0
FR;10;2022-08-13;0;0;0;0;0;0;0;0;0;0;0;0;0;0;0;0;0;0
FR;10;2022-08-14;0;0;0;0;0;0;0;0;0;0;0;0;0;0;0;0;0;0
FR;10;2022-08-15;0;0;0;0;0;0;0;0;0;0;0;0;0;0;0;0;0;0
FR;10;2022-08-16;0;0;0;0;0;0;0;0;0;0;0;0;0;0;0;0;0;0
FR;10;2022-08-17;0;0;0;0;0;0;0;0;0;0;0;0;0;0;0;0;0;0
FR;10;2022-08-18;0;0;0;0;0;0;0;0;0;0;0;0;0;0;0;0;0;0
FR;10;2022-08-19;0;0;0;0;0;0;0;0;0;0;0;0;0;0;0;0;0;0
FR;10;2022-08-20;0;0;0;0;0;0;0;0;0;0;0;0;0;0;0;0;0;0
FR;10;2022-08-21;0;0;0;0;0;0;0;0;0;0;0;0;0;0;0;0;0;0
FR;10;2022-08-22;0;0;0;0;0;0;0;0;0;0;0;0;0;0;0;0;0;0
FR;10;2022-08-23;0;0;0;0;0;0;0;0;0;0;0;0;0;0;0;0;0;0
FR;10;2022-08-24;0;0;0;0;0;0;0;0;0;0;0;0;0;0;0;0;0;0
FR;10;2022-08-25;0;0;0;0;0;0;0;0;0;0;0;0;0;0;0;0;0;0
FR;10;2022-08-26;0;0;0;0;0;0;0;0;0;0;0;0;0;0;0;0;0;0
FR;10;2022-08-27;0;0;0;0;0;0;0;0;0;0;0;0;0;0;0;0;0;0
FR;10;2022-08-28;0;0;0;0;0;0;0;0;0;0;0;0;0;0;0;0;0;0
FR;10;2022-08-29;0;0;0;0;0;0;0;0;0;0;0;0;0;0;0;0;0;0
FR;10;2022-08-30;0;0;0;0;0;0;0;0;0;0;0;0;0;0;0;0;0;0
FR;10;2022-08-31;0;0;0;0;0;0;0;0;0;0;0;0;0;0;0;0;0;0
FR;10;2022-09-01;0;0;0;0;0;0;0;0;0;0;0;0;0;0;0;0;0;0
FR;10;2022-09-02;0;0;0;0;0;0;0;0;0;0;0;0;0;0;0;0;0;0
FR;10;2022-09-03;0;0;0;0;0;0;0;0;0;0;0;0;0;0;0;0;0;0
FR;10;2022-09-04;0;0;0;0;0;0;0;0;0;0;0;0;0;0;0;0;0;0
FR;10;2022-09-05;0;0;0;0;0;0;0;0;0;0;0;0;0;0;0;0;0;0
FR;10;2022-09-06;0;0;0;0;0;0;0;0;0;0;0;0;0;0;0;0;0;0
FR;10;2022-09-07;0;0;0;0;0;0;0;0;0;0;0;0;0;0;0;0;0;0
FR;10;2022-09-08;0;0;0;0;0;0;0;0;0;0;0;0;0;0;0;0;0;0
FR;10;2022-09-09;0;0;0;0;0;0;0;0;0;0;0;0;0;0;0;0;0;0
FR;10;2022-09-10;0;0;0;0;0;0;0;0;0;0;0;0;0;0;0;0;0;0
FR;10;2022-09-11;0;0;0;0;0;0;0;0;0;0;0;0;0;0;0;0;0;0
FR;10;2022-09-12;0;0;0;0;0;0;0;0;0;0;0;0;0;0;0;0;0;0
FR;10;2022-09-13;0;0;0;0;0;0;0;0;0;0;0;0;0;0;0;0;0;0
FR;10;2022-09-14;0;0;0;0;0;0;0;0;0;0;0;0;0;0;0;0;0;0
FR;10;2022-09-15;0;0;0;0;0;0;0;0;0;0;0;0;0;0;0;0;0;0
FR;10;2022-09-16;0;0;0;0;0;0;0;0;0;0;0;0;0;0;0;0;0;0
FR;10;2022-09-17;0;0;0;0;0;0;0;0;0;0;0;0;0;0;0;0;0;0
FR;10;2022-09-18;0;0;0;0;0;0;0;0;0;0;0;0;0;0;0;0;0;0
FR;10;2022-09-19;0;0;0;0;0;0;0;0;0;0;0;0;0;0;0;0;0;0
FR;10;2022-09-20;0;0;0;0;0;0;0;0;0;0;0;0;0;0;0;0;0;0
FR;10;2022-09-21;0;0;0;0;0;0;0;0;0;0;0;0;0;0;0;0;0;0
FR;10;2022-09-22;0;0;0;0;0;0;0;0;0;0;0;0;0;0;0;0;0;0
FR;10;2022-09-23;0;0;0;0;0;0;0;0;0;0;0;0;0;0;0;0;0;0
FR;10;2022-09-24;0;0;0;0;0;0;0;0;0;0;0;0;0;0;0;0;0;0
FR;10;2022-09-25;0;0;0;0;0;0;0;0;0;0;0;0;0;0;0;0;0;0
FR;10;2022-09-26;0;0;0;0;0;0;0;0;0;0;0;0;0;0;0;0;0;0
FR;10;2022-09-27;0;0;0;0;0;0;0;0;0;0;0;0;0;0;0;0;0;0
FR;10;2022-09-28;0;0;0;0;0;0;0;0;0;0;0;0;0;0;0;0;0;0
FR;10;2022-09-29;0;0;0;0;0;0;0;0;0;0;0;0;0;0;0;0;0;0
FR;10;2022-09-30;0;0;0;0;0;0;0;0;0;0;0;0;0;0;0;0;0;0
FR;10;2022-10-01;0;0;0;0;0;0;0;0;0;0;0;0;0;0;0;0;0;0
FR;10;2022-10-02;0;0;0;0;0;0;0;0;0;0;0;0;0;0;0;0;0;0
FR;10;2022-10-03;0;0;0;0;0;0;0;0;0;0;0;0;0;0;0;0;0;0
FR;10;2022-10-04;0;0;0;0;0;0;0;0;0;0;0;0;0;0;0;0;0;0
FR;10;2022-10-05;0;0;0;0;0;0;0;0;0;0;0;0;0;0;0;0;0;0
FR;10;2022-10-06;0;0;0;0;0;0;0;0;0;0;0;0;0;0;0;0;0;0
FR;10;2022-10-07;0;0;0;0;0;0;0;0;0;0;0;0;0;0;0;0;0;0
FR;10;2022-10-08;0;0;0;0;0;0;0;0;0;0;0;0;0;0;0;0;0;0
FR;10;2022-10-09;0;0;0;0;0;0;0;0;0;0;0;0;0;0;0;0;0;0
FR;10;2022-10-10;0;0;0;0;0;0;0;0;0;0;0;0;0;0;0;0;0;0
FR;10;2022-10-11;0;0;0;0;0;0;0;0;0;0;0;0;0;0;0;0;0;0
FR;10;2022-10-12;0;0;0;0;0;0;0;0;0;0;0;0;0;0;0;0;0;0
FR;10;2022-10-13;0;0;0;0;0;0;0;0;0;0;0;0;0;0;0;0;0;0
FR;10;2022-10-14;0;0;0;0;0;0;0;0;0;0;0;0;0;0;0;0;0;0
FR;10;2022-10-15;0;0;0;0;0;0;0;0;0;0;0;0;0;0;0;0;0;0
FR;10;2022-10-16;0;0;0;0;0;0;0;0;0;0;0;0;0;0;0;0;0;0
FR;10;2022-10-17;0;0;0;0;0;0;0;0;0;0;0;0;0;0;0;0;0;0
FR;10;2022-10-18;0;0;0;0;0;0;0;0;0;0;0;0;0;0;0;0;0;0
FR;10;2022-10-19;0;0;0;0;0;0;0;0;0;0;0;0;0;0;0;0;0;0
FR;10;2022-10-20;0;0;0;0;0;0;0;0;0;0;0;0;0;0;0;0;0;0
FR;10;2022-10-21;0;0;0;0;0;0;0;0;0;0;0;0;0;0;0;0;0;0
FR;10;2022-10-22;0;0;0;0;0;0;0;0;0;0;0;0;0;0;0;0;0;0
FR;10;2022-10-23;0;0;0;0;0;0;0;0;0;0;0;0;0;0;0;0;0;0
FR;10;2022-10-24;0;0;0;0;0;0;0;0;0;0;0;0;0;0;0;0;0;0
FR;10;2022-10-25;0;0;0;0;0;0;0;0;0;0;0;0;0;0;0;0;0;0
FR;10;2022-10-26;0;0;0;0;0;0;0;0;0;0;0;0;0;0;0;0;0;0
FR;10;2022-10-27;0;0;0;0;0;0;0;0;0;0;0;0;0;0;0;0;0;0
FR;10;2022-10-28;0;0;0;0;0;0;0;0;0;0;0;0;0;0;0;0;0;0
FR;10;2022-10-29;0;0;0;0;0;0;0;0;0;0;0;0;0;0;0;0;0;0
FR;10;2022-10-30;0;0;0;0;0;0;0;0;0;0;0;0;0;0;0;0;0;0
FR;10;2022-10-31;0;0;0;0;0;0;0;0;0;0;0;0;0;0;0;0;0;0
FR;10;2022-11-01;0;0;0;0;0;0;0;0;0;0;0;0;0;0;0;0;0;0
FR;10;2022-11-02;0;0;0;0;0;0;0;0;0;0;0;0;0;0;0;0;0;0
FR;10;2022-11-03;0;0;0;0;0;0;0;0;0;0;0;0;0;0;0;0;0;0
FR;10;2022-11-04;0;0;0;0;0;0;0;0;0;0;0;0;0;0;0;0;0;0
FR;10;2022-11-05;0;0;0;0;0;0;0;0;0;0;0;0;0;0;0;0;0;0
FR;10;2022-11-06;0;0;0;0;0;0;0;0;0;0;0;0;0;0;0;0;0;0
FR;10;2022-11-07;0;0;0;0;0;0;0;0;0;0;0;0;0;0;0;0;0;0
FR;10;2022-11-08;0;0;0;0;0;0;0;0;0;0;0;0;0;0;0;0;0;0
FR;10;2022-11-09;0;0;0;0;0;0;0;0;0;0;0;0;0;0;0;0;0;0
FR;10;2022-11-10;0;0;0;0;0;0;0;0;0;0;0;0;0;0;0;0;0;0
FR;10;2022-11-11;0;0;0;0;0;0;0;0;0;0;0;0;0;0;0;0;0;0
FR;10;2022-11-12;0;0;0;0;0;0;0;0;0;0;0;0;0;0;0;0;0;0
FR;10;2022-11-13;0;0;0;0;0;0;0;0;0;0;0;0;0;0;0;0;0;0
FR;10;2022-11-14;0;0;0;0;0;0;0;0;0;0;0;0;0;0;0;0;0;0
FR;10;2022-11-15;0;0;0;0;0;0;0;0;0;0;0;0;0;0;0;0;0;0
FR;10;2022-11-16;0;0;0;0;0;0;0;0;0;0;0;0;0;0;0;0;0;0
FR;10;2022-11-17;0;0;0;0;0;0;0;0;0;0;0;0;0;0;0;0;0;0
FR;10;2022-11-18;0;0;0;0;0;0;0;0;0;0;0;0;0;0;0;0;0;0
FR;10;2022-11-19;0;0;0;0;0;0;0;0;0;0;0;0;0;0;0;0;0;0
FR;10;2022-11-20;0;0;0;0;0;0;0;0;0;0;0;0;0;0;0;0;0;0
FR;10;2022-11-21;0;0;0;0;0;0;0;0;0;0;0;0;0;0;0;0;0;0
FR;10;2022-11-22;0;0;0;0;0;0;0;0;0;0;0;0;0;0;0;0;0;0
FR;10;2022-11-23;0;0;0;0;0;0;0;0;0;0;0;0;0;0;0;0;0;0
FR;10;2022-11-24;0;0;0;0;0;0;0;0;0;0;0;0;0;0;0;0;0;0
FR;10;2022-11-25;0;0;0;0;0;0;0;0;0;0;0;0;0;0;0;0;0;0
FR;10;2022-11-26;0;0;0;0;0;0;0;0;0;0;0;0;0;0;0;0;0;0
FR;10;2022-11-27;0;0;0;0;0;0;0;0;0;0;0;0;0;0;0;0;0;0
FR;10;2022-11-28;0;0;0;0;0;0;0;0;0;0;0;0;0;0;0;0;0;0
FR;10;2022-11-29;0;0;0;0;0;0;0;0;0;0;0;0;0;0;0;0;0;0
FR;10;2022-11-30;0;0;0;0;0;0;0;0;0;0;0;0;0;0;0;0;0;0
FR;10;2022-12-01;0;0;0;0;0;0;0;0;0;0;0;0;0;0;0;0;0;0
FR;10;2022-12-02;0;0;0;0;0;0;0;0;0;0;0;0;0;0;0;0;0;0
FR;10;2022-12-03;0;0;0;0;0;0;0;0;0;0;0;0;0;0;0;0;0;0
FR;10;2022-12-04;0;0;0;0;0;0;0;0;0;0;0;0;0;0;0;0;0;0
FR;10;2022-12-05;0;0;0;0;0;0;0;0;0;0;0;0;0;0;0;0;0;0
FR;10;2022-12-06;0;0;0;0;0;0;0;0;0;0;0;0;0;0;0;0;0;0
FR;10;2022-12-07;0;0;0;0;0;0;0;0;0;0;0;0;0;0;0;0;0;0
FR;10;2022-12-08;0;0;0;0;0;0;0;0;0;0;0;0;0;0;0;0;0;0
FR;10;2022-12-09;0;0;0;0;0;0;0;0;0;0;0;0;0;0;0;0;0;0
FR;10;2022-12-10;0;0;0;0;0;0;0;0;0;0;0;0;0;0;0;0;0;0
FR;10;2022-12-11;0;0;0;0;0;0;0;0;0;0;0;0;0;0;0;0;0;0
FR;10;2022-12-12;0;0;0;0;0;0;0;0;0;0;0;0;0;0;0;0;0;0
FR;10;2022-12-13;0;0;0;0;0;0;0;0;0;0;0;0;0;0;0;0;0;0
FR;10;2022-12-14;0;0;0;0;0;0;0;0;0;0;0;0;0;0;0;0;0;0
FR;10;2022-12-15;0;0;0;0;0;0;0;0;0;0;0;0;0;0;0;0;0;0
FR;10;2022-12-16;0;0;0;0;0;0;0;0;0;0;0;0;0;0;0;0;0;0
FR;10;2022-12-17;0;0;0;0;0;0;0;0;0;0;0;0;0;0;0;0;0;0
FR;10;2022-12-18;0;0;0;0;0;0;0;0;0;0;0;0;0;0;0;0;0;0
FR;10;2022-12-19;0;0;0;0;0;0;0;0;0;0;0;0;0;0;0;0;0;0
FR;10;2022-12-20;0;0;0;0;0;0;0;0;0;0;0;0;0;0;0;0;0;0
FR;10;2022-12-21;0;0;1;0;0;1;0;0;0;0;0;1;0;0;1;0;0;0
FR;10;2022-12-22;0;0;0;1;0;0;1;0;0;0;0;1;1;0;1;1;0;0
FR;10;2022-12-23;0;0;1;14;0;2;14;0;7;0;0;2;15;0;3;15;0;7
FR;10;2022-12-24;0;0;0;3;0;0;3;0;1;0;0;2;18;0;3;18;0;8
FR;10;2022-12-25;0;0;0;0;0;0;0;0;0;0;0;2;18;0;3;18;0;8
FR;10;2022-12-26;3;1;11;35;0;8;39;0;5;3;1;13;53;0;11;57;0;13
FR;10;2022-12-27;1;1;14;35;1;11;38;0;10;4;2;27;88;1;22;95;0;23
FR;10;2022-12-28;0;0;2;15;0;1;14;0;3;4;2;29;103;1;23;109;0;26
FR;10;2022-12-29;0;0;6;48;0;1;48;0;17;4;2;35;151;1;24;157;0;43
FR;10;2022-12-30;0;1;5;33;0;8;31;0;6;4;3;40;184;1;32;188;0;49
FR;10;2022-12-31;0;0;3;12;0;4;10;0;4;4;3;43;196;1;36;198;0;53
FR;10;2023-01-01;0;0;1;6;0;0;7;0;2;4;3;44;202;1;36;205;0;55
FR;10;2023-01-02;0;4;4;37;1;6;36;0;21;4;7;48;239;2;42;241;0;76
FR;10;2023-01-03;1;2;6;63;2;5;64;0;25;5;9;54;302;4;47;305;0;101
FR;10;2023-01-04;0;1;7;52;0;6;53;0;53;5;10;61;354;4;53;358;0;154
FR;10;2023-01-05;1;2;16;74;0;12;76;0;37;6;12;77;428;4;65;434;0;191
FR;10;2023-01-06;2;3;16;107;2;13;107;0;52;8;15;93;535;6;78;541;0;243
FR;10;2023-01-07;3;1;3;41;1;3;40;0;13;11;16;96;576;7;81;581;0;256
FR;10;2023-01-08;1;0;0;9;0;0;7;0;5;12;16;96;585;7;81;588;0;261
FR;10;2023-01-09;3;2;7;67;1;7;66;0;26;15;18;103;652;8;88;654;0;287
FR;10;2023-01-10;6;1;21;118;0;13;124;0;57;21;19;124;770;8;101;778;0;344
FR;10;2023-01-11;5;4;19;77;1;16;79;0;38;26;23;143;847;9;117;857;0;382
FR;10;2023-01-12;13;1;7;77;2;3;80;0;51;39;24;150;924;11;120;937;0;433
FR;10;2023-01-13;0;6;15;122;1;8;129;0;77;39;30;165;1046;12;128;1066;0;510
FR;10;2023-01-14;2;1;8;43;0;5;47;0;3;41;31;173;1089;12;133;1113;0;513
FR;10;2023-01-15;0;0;2;10;0;1;7;0;8;41;31;175;1099;12;134;1120;0;521
FR;10;2023-01-16;0;1;11;70;1;7;73;0;68;41;32;186;1169;13;141;1193;0;589
FR;10;2023-01-17;0;7;22;109;2;11;118;0;61;41;39;208;1278;15;152;1311;0;650
FR;10;2023-01-18;2;1;13;92;1;9;104;0;15;43;40;221;1370;16;161;1415;0;665
FR;10;2023-01-19;6;6;24;142;3;22;135;0;56;49;46;245;1512;19;183;1550;0;721
FR;10;2023-01-20;2;1;11;111;0;9;106;0;73;51;47;256;1623;19;192;1656;0;794
FR;10;2023-01-21;2;1;5;26;0;5;23;0;15;53;48;261;1649;19;197;1679;0;809
FR;10;2023-01-22;0;0;0;5;0;0;5;0;0;53;48;261;1654;19;197;1684;0;809
FR;10;2023-01-23;1;2;5;62;1;5;59;0;23;54;50;266;1716;20;202;1743;0;832
FR;10;2023-01-24;6;6;27;148;2;19;152;0;75;60;56;293;1864;22;221;1895;0;907
FR;10;2023-01-25;2;1;9;81;1;5;82;0;55;62;57;302;1945;23;226;1977;0;962
FR;10;2023-01-26;4;5;33;147;1;22;159;0;52;66;62;335;2092;24;248;2136;0;1014
FR;10;2023-01-27;1;1;16;117;1;6;118;0;78;67;63;351;2209;25;254;2254;0;1092
FR;10;2023-01-28;0;1;3;18;1;1;21;0;15;67;64;354;2227;26;255;2275;0;1107
FR;10;2023-01-29;0;0;1;0;0;1;0;0;1;67;64;355;2227;26;256;2275;0;1108
FR;10;2023-01-30;2;1;11;60;1;5;63;0;40;69;65;366;2287;27;261;2338;0;1148
FR;10;2023-01-31;5;2;25;121;3;18;121;0;51;74;67;391;2408;30;279;2459;0;1199
FR;10;2023-02-01;0;2;11;49;2;10;49;0;28;74;69;402;2457;32;289;2508;0;1227
FR;10;2023-02-02;3;0;21;104;0;16;108;0;48;77;69;423;2561;32;305;2616;0;1275
FR;10;2023-02-03;6;5;18;48;4;11;51;0;64;83;74;441;2609;36;316;2667;0;1339
FR;10;2023-02-04;1;0;1;8;0;0;10;0;6;84;74;442;2617;36;316;2677;0;1345
FR;10;2023-02-05;7;1;2;3;2;1;4;0;5;91;75;444;2620;38;317;2681;0;1350
FR;10;2023-02-06;1;0;9;28;0;8;22;0;46;92;75;453;2648;38;325;2703;0;1396
FR;10;2023-02-07;2;2;2;12;1;3;12;0;13;94;77;455;2660;39;328;2715;0;1409
FR;10;2023-02-08;1;3;3;15;2;4;15;0;12;95;80;458;2675;41;332;2730;0;1421
FR;10;2023-02-09;2;1;11;91;2;7;97;0;41;97;81;469;2766;43;339;2827;0;1462
FR;10;2023-02-10;8;3;12;29;0;6;37;0;25;105;84;481;2795;43;345;2864;0;1487
FR;10;2023-02-11;1;0;2;2;0;2;2;0;1;106;84;483;2797;43;347;2866;0;1488
FR;10;2023-02-12;1;1;0;0;1;0;0;0;0;107;85;483;2797;44;347;2866;0;1488
FR;10;2023-02-13;3;1;9;15;0;7;18;0;10;110;86;492;2812;44;354;2884;0;1498
FR;10;2023-02-14;2;4;11;49;3;9;50;0;17;112;90;503;2861;47;363;2934;0;1515
FR;10;2023-02-15;7;3;2;10;2;3;8;0;8;119;93;505;2871;49;366;2942;0;1523
FR;10;2023-02-16;0;0;8;17;0;5;18;0;8;119;93;513;2888;49;371;2960;0;1531
FR;10;2023-02-17;13;5;7;28;5;2;22;0;17;132;98;520;2916;54;373;2982;0;1548
FR;10;2023-02-18;2;0;3;11;0;3;10;0;6;134;98;523;2927;54;376;2992;0;1554
FR;10;2023-02-19;0;0;0;0;0;0;0;0;0;134;98;523;2927;54;376;2992;0;1554
FR;10;2023-02-20;2;1;2;25;1;1;23;0;23;136;99;525;2952;55;377;3015;0;1577
FR;10;2023-02-21;2;3;12;27;1;6;35;0;30;138;102;537;2979;56;383;3050;0;1607
FR;10;2023-02-22;5;4;2;7;3;3;6;0;1;143;106;539;2986;59;386;3056;0;1608
FR;10;2023-02-23;3;2;17;31;2;14;37;0;12;146;108;556;3017;61;400;3093;0;1620
FR;10;2023-02-24;1;2;8;27;0;5;27;0;29;147;110;564;3044;61;405;3120;0;1649
FR;10;2023-02-25;0;0;2;3;0;2;3;0;7;147;110;566;3047;61;407;3123;0;1656
FR;10;2023-02-26;0;0;0;0;0;0;0;0;0;147;110;566;3047;61;407;3123;0;1656
FR;10;2023-02-27;3;3;3;20;4;3;21;0;15;150;113;569;3067;65;410;3144;0;1671
FR;10;2023-02-28;3;2;3;10;2;1;11;0;10;153;115;572;3077;67;411;3155;0;1681
FR;10;2023-03-01;2;6;34;12;6;33;12;0;14;155;121;606;3089;73;444;3167;0;1695
FR;10;2023-03-02;2;1;10;22;2;6;22;0;31;157;122;616;3111;75;450;3189;0;1726
FR;10;2023-03-03;7;2;5;21;0;6;20;0;18;164;124;621;3132;75;456;3209;0;1744
FR;10;2023-03-04;0;1;0;6;1;0;6;0;2;164;125;621;3138;76;456;3215;0;1746
FR;10;2023-03-05;0;0;0;1;0;0;0;0;2;164;125;621;3139;76;456;3215;0;1748
FR;10;2023-03-06;2;2;8;8;3;7;9;0;8;166;127;629;3147;79;463;3224;0;1756
FR;10;2023-03-07;2;3;0;11;1;2;11;0;8;168;130;629;3158;80;465;3235;0;1764
FR;10;2023-03-08;1;4;4;20;3;3;22;0;9;169;134;633;3178;83;468;3257;0;1773
FR;10;2023-03-09;0;3;1;9;1;2;8;0;8;169;137;634;3187;84;470;3265;0;1781
FR;10;2023-03-10;1;2;1;8;2;1;9;0;9;170;139;635;3195;86;471;3274;0;1790
FR;10;2023-03-11;2;1;5;4;0;3;7;0;2;172;140;640;3199;86;474;3281;0;1792
FR;10;2023-03-12;0;0;0;0;0;0;0;0;0;172;140;640;3199;86;474;3281;0;1792
FR;10;2023-03-13;0;2;2;3;2;2;3;0;5;172;142;642;3202;88;476;3284;0;1797
FR;10;2023-03-14;2;0;6;25;0;4;27;0;21;174;142;648;3227;88;480;3311;0;1818
FR;10;2023-03-15;0;2;5;5;1;7;4;0;6;174;144;653;3232;89;487;3315;0;1824
FR;10;2023-03-16;3;1;7;12;0;5;15;0;11;177;145;660;3244;89;492;3330;0;1835
FR;10;2023-03-17;3;5;8;18;4;4;22;0;19;180;150;668;3262;93;496;3352;0;1854
FR;10;2023-03-18;0;1;1;3;0;2;2;0;3;180;151;669;3265;93;498;3354;0;1857
FR;10;2023-03-19;6;0;0;0;0;0;0;0;0;186;151;669;3265;93;498;3354;0;1857
FR;10;2023-03-20;5;4;0;12;3;1;13;0;12;191;155;669;3277;96;499;3367;0;1869
FR;10;2023-03-21;1;2;2;7;0;3;9;0;14;192;157;671;3284;96;502;3376;0;1883
FR;10;2023-03-22;0;0;3;4;0;3;3;0;3;192;157;674;3288;96;505;3379;0;1886
FR;10;2023-03-23;9;9;4;6;9;1;8;0;13;201;166;678;3294;105;506;3387;0;1899
FR;10;2023-03-24;3;3;2;14;2;1;10;0;17;204;169;680;3308;107;507;3397;0;1916
FR;10;2023-03-25;1;3;0;4;1;3;5;0;8;205;172;680;3312;108;510;3402;0;1924
FR;10;2023-03-26;1;1;0;0;1;0;0;0;0;206;173;680;3312;109;510;3402;0;1924
FR;10;2023-03-27;0;2;3;4;2;3;2;0;16;206;175;683;3316;111;513;3404;0;1940
FR;10;2023-03-28;9;8;3;5;8;1;6;0;6;215;183;686;3321;119;514;3410;0;1946
FR;10;2023-03-29;7;7;3;2;6;4;2;0;6;222;190;689;3323;125;518;3412;0;1952
FR;10;2023-03-30;16;13;3;7;13;2;8;0;6;238;203;692;3330;138;520;3420;0;1958
FR;10;2023-03-31;8;6;4;12;5;4;13;0;19;246;209;696;3342;143;524;3433;0;1977
FR;10;2023-04-01;9;8;1;0;8;1;0;0;0;255;217;697;3342;151;525;3433;0;1977
FR;10;2023-04-02;1;0;0;0;0;0;0;0;1;256;217;697;3342;151;525;3433;0;1978
FR;10;2023-04-03;2;1;0;3;1;0;2;0;5;258;218;697;3345;152;525;3435;0;1983
FR;10;2023-04-04;0;1;0;3;1;0;3;0;5;258;219;697;3348;153;525;3438;0;1988
FR;10;2023-04-05;0;0;2;1;0;2;3;0;2;258;219;699;3349;153;527;3441;0;1990
FR;10;2023-04-06;2;2;4;4;2;1;7;0;2;260;221;703;3353;155;528;3448;0;1992
FR;10;2023-04-07;3;0;2;3;0;1;3;0;9;263;221;705;3356;155;529;3451;0;2001
FR;10;2023-04-08;0;0;1;0;0;1;0;0;0;263;221;706;3356;155;530;3451;0;2001
FR;10;2023-04-09;0;0;0;0;0;0;0;0;0;263;221;706;3356;155;530;3451;0;2001
FR;10;2023-04-10;0;0;2;0;0;0;2;0;0;263;221;708;3356;155;530;3453;0;2001
FR;10;2023-04-11;1;0;1;3;0;1;2;0;3;264;221;709;3359;155;531;3455;0;2004
FR;10;2023-04-12;0;0;2;1;0;1;2;0;4;264;221;711;3360;155;532;3457;0;2008
FR;10;2023-04-13;0;1;0;5;1;0;5;0;5;264;222;711;3365;156;532;3462;0;2013
FR;10;2023-04-14;3;0;1;7;0;1;4;0;5;267;222;712;3372;156;533;3466;0;2018
FR;10;2023-04-15;0;1;1;3;1;0;4;0;0;267;223;713;3375;157;533;3470;0;2018
FR;10;2023-04-16;0;0;0;2;0;0;2;0;0;267;223;713;3377;157;533;3472;0;2018
FR;10;2023-04-17;1;2;2;0;1;2;0;0;0;268;225;715;3377;158;535;3472;0;2018
FR;10;2023-04-18;2;2;1;3;2;1;0;0;2;270;227;716;3380;160;536;3472;0;2020
FR;10;2023-04-19;0;0;1;0;0;1;0;0;1;270;227;717;3380;160;537;3472;0;2021
FR;10;2023-04-20;0;2;1;1;1;2;1;0;2;270;229;718;3381;161;539;3473;0;2023
FR;10;2023-04-21;0;1;5;7;0;4;9;0;3;270;230;723;3388;161;543;3482;0;2026
FR;10;2023-04-22;1;1;0;2;1;0;2;0;1;271;231;723;3390;162;543;3484;0;2027
FR;10;2023-04-23;0;0;0;0;0;0;0;0;0;271;231;723;3390;162;543;3484;0;2027
FR;10;2023-04-24;0;1;0;0;1;0;0;0;4;271;232;723;3390;163;543;3484;0;2031
FR;10;2023-04-25;0;0;1;0;0;1;0;0;2;271;232;724;3390;163;544;3484;0;2033
FR;10;2023-04-26;1;0;2;1;1;2;1;0;1;272;232;726;3391;164;546;3485;0;2034
FR;10;2023-04-27;0;0;1;1;0;1;1;0;1;272;232;727;3392;164;547;3486;0;2035
FR;10;2023-04-28;0;1;3;5;1;0;6;0;6;272;233;730;3397;165;547;3492;0;2041
FR;10;2023-04-29;0;0;0;1;0;0;0;0;1;272;233;730;3398;165;547;3492;0;2042
FR;10;2023-04-30;0;0;0;0;0;0;0;0;0;272;233;730;3398;165;547;3492;0;2042
FR;10;2023-05-01;0;0;0;0;0;0;0;0;0;272;233;730;3398;165;547;3492;0;2042
FR;10;2023-05-02;2;1;0;2;2;0;2;0;4;274;234;730;3400;167;547;3494;0;2046
FR;10;2023-05-03;0;1;1;2;1;1;1;0;17;274;235;731;3402;168;548;3495;0;2063
FR;10;2023-05-04;0;1;1;0;1;1;0;0;1;274;236;732;3402;169;549;3495;0;2064
FR;10;2023-05-05;0;1;2;6;0;2;6;0;9;274;237;734;3408;169;551;3501;0;2073
FR;10;2023-05-06;0;0;3;3;0;2;4;0;1;274;237;737;3411;169;553;3505;0;2074
FR;10;2023-05-07;0;0;0;0;0;0;0;0;0;274;237;737;3411;169;553;3505;0;2074
FR;10;2023-05-08;0;0;0;0;0;0;0;0;0;274;237;737;3411;169;553;3505;0;2074
FR;10;2023-05-09;0;1;1;0;0;1;1;0;1;274;238;738;3411;169;554;3506;0;2075
FR;10;2023-05-10;15;5;1;1;5;0;2;0;0;289;243;739;3412;174;554;3508;0;2075
FR;10;2023-05-11;0;0;0;2;0;0;2;0;4;289;243;739;3414;174;554;3510;0;2079
FR;10;2023-05-12;1;0;1;6;0;2;5;0;9;290;243;740;3420;174;556;3515;0;2088
FR;10;2023-05-13;0;0;1;0;0;0;1;0;0;290;243;741;3420;174;556;3516;0;2088
FR;10;2023-05-14;0;0;0;0;0;0;0;0;0;290;243;741;3420;174;556;3516;0;2088
FR;10;2023-05-15;0;1;0;0;0;1;0;0;1;290;244;741;3420;174;557;3516;0;2089
FR;10;2023-05-16;0;0;0;2;0;0;2;0;3;290;244;741;3422;174;557;3518;0;2092
FR;10;2023-05-17;0;0;0;1;0;0;1;0;1;290;244;741;3423;174;557;3519;0;2093
FR;10;2023-05-18;1;0;0;0;0;0;0;0;0;291;244;741;3423;174;557;3519;0;2093
FR;10;2023-05-19;1;0;1;2;0;1;2;0;0;292;244;742;3425;174;558;3521;0;2093
FR;10;2023-05-20;1;0;0;1;0;0;1;0;1;293;244;742;3426;174;558;3522;0;2094
FR;10;2023-05-21;0;0;0;0;0;0;0;0;0;293;244;742;3426;174;558;3522;0;2094
FR;10;2023-05-22;1;0;1;3;0;1;3;0;0;294;244;743;3429;174;559;3525;0;2094
FR;10;2023-05-23;0;0;3;1;0;1;4;0;2;294;244;746;3430;174;560;3529;0;2096
FR;10;2023-05-24;1;2;0;0;3;0;1;0;5;295;246;746;3430;177;560;3530;0;2101
FR;10;2023-05-25;1;1;1;1;2;0;2;0;4;296;247;747;3431;179;560;3532;0;2105
FR;10;2023-05-26;1;0;2;5;0;2;5;0;6;297;247;749;3436;179;562;3537;0;2111
FR;10;2023-05-27;1;0;0;0;0;0;0;0;0;298;247;749;3436;179;562;3537;0;2111
FR;10;2023-05-28;1;0;0;0;1;0;0;0;0;299;247;749;3436;180;562;3537;0;2111
FR;10;2023-05-29;1;1;0;0;1;0;0;0;0;300;248;749;3436;181;562;3537;0;2111
FR;10;2023-05-30;0;0;1;3;0;1;4;0;1;300;248;750;3439;181;563;3541;0;2112
FR;10;2023-05-31;1;2;0;2;1;1;2;0;5;301;250;750;3441;182;564;3543;0;2117
FR;10;2023-06-01;0;0;2;0;0;2;0;0;8;301;250;752;3441;182;566;3543;0;2125
FR;10;2023-06-02;0;1;0;3;1;0;2;0;5;301;251;752;3444;183;566;3545;0;2130
FR;10;2023-06-03;0;0;0;1;0;0;1;0;1;301;251;752;3445;183;566;3546;0;2131
FR;10;2023-06-04;0;0;0;0;0;0;0;0;0;301;251;752;3445;183;566;3546;0;2131
FR;10;2023-06-05;0;0;0;2;0;0;2;0;1;301;251;752;3447;183;566;3548;0;2132
FR;10;2023-06-06;0;0;3;6;0;2;7;0;11;301;251;755;3453;183;568;3555;0;2143
FR;10;2023-06-07;0;0;0;0;0;0;0;0;0;301;251;755;3453;183;568;3555;0;2143
FR;10;2023-06-08;1;1;0;3;1;0;3;0;6;302;252;755;3456;184;568;3558;0;2149
FR;10;2023-06-09;1;0;0;0;0;0;0;0;0;303;252;755;3456;184;568;3558;0;2149
FR;10;2023-06-10;0;0;0;0;0;0;0;0;1;303;252;755;3456;184;568;3558;0;2150
FR;10;2023-06-11;0;0;0;0;0;0;0;0;0;303;252;755;3456;184;568;3558;0;2150
FR;10;2023-06-12;0;0;1;0;0;1;0;0;1;303;252;756;3456;184;569;3558;0;2151
FR;10;2023-06-13;1;1;0;0;1;0;0;0;5;304;253;756;3456;185;569;3558;0;2156
FR;10;2023-06-14;0;0;0;3;0;0;6;0;3;304;253;756;3459;185;569;3564;0;2159
FR;10;2023-06-15;0;0;2;3;0;1;4;0;5;304;253;758;3462;185;570;3568;0;2164
FR;10;2023-06-16;0;0;0;5;0;0;4;0;5;304;253;758;3467;185;570;3572;0;2169
FR;10;2023-06-17;0;0;0;2;0;0;2;0;2;304;253;758;3469;185;570;3574;0;2171
FR;10;2023-06-18;0;0;0;0;0;0;0;0;0;304;253;758;3469;185;570;3574;0;2171
FR;10;2023-06-19;0;1;0;1;0;1;1;0;0;304;254;758;3470;185;571;3575;0;2171
FR;10;2023-06-20;0;1;0;0;1;0;0;0;6;304;255;758;3470;186;571;3575;0;2177
FR;10;2023-06-21;1;0;0;0;0;0;0;0;2;305;255;758;3470;186;571;3575;0;2179
FR;10;2023-06-22;0;0;0;0;0;0;0;0;3;305;255;758;3470;186;571;3575;0;2182
FR;10;2023-06-23;0;0;1;5;0;0;6;0;6;305;255;759;3475;186;571;3581;0;2188
FR;10;2023-06-24;0;0;0;2;0;0;1;0;2;305;255;759;3477;186;571;3582;0;2190
FR;10;2023-06-25;0;0;0;0;0;0;0;0;0;305;255;759;3477;186;571;3582;0;2190
FR;10;2023-06-26;0;0;0;0;0;0;0;0;1;305;255;759;3477;186;571;3582;0;2191
FR;11;2020-12-27;0;0;0;0;0;0;0;0;0;0;0;0;0;0;0;0;0;0
FR;11;2020-12-28;0;0;0;0;0;0;0;0;0;0;0;0;0;0;0;0;0;0
FR;11;2020-12-29;0;0;0;0;0;0;0;0;0;0;0;0;0;0;0;0;0;0
FR;11;2020-12-30;0;0;0;0;0;0;0;0;0;0;0;0;0;0;0;0;0;0
FR;11;2020-12-31;0;0;0;0;0;0;0;0;0;0;0;0;0;0;0;0;0;0
FR;11;2021-01-01;0;0;0;0;0;0;0;0;0;0;0;0;0;0;0;0;0;0
FR;11;2021-01-02;0;0;0;0;0;0;0;0;0;0;0;0;0;0;0;0;0;0
FR;11;2021-01-03;0;0;0;0;0;0;0;0;0;0;0;0;0;0;0;0;0;0
FR;11;2021-01-04;0;0;0;0;0;0;0;0;0;0;0;0;0;0;0;0;0;0
FR;11;2021-01-05;0;0;0;0;0;0;0;0;0;0;0;0;0;0;0;0;0;0
FR;11;2021-01-06;0;0;0;0;0;0;0;0;0;0;0;0;0;0;0;0;0;0
FR;11;2021-01-07;0;0;0;0;0;0;0;0;0;0;0;0;0;0;0;0;0;0
FR;11;2021-01-08;0;0;0;0;0;0;0;0;0;0;0;0;0;0;0;0;0;0
FR;11;2021-01-09;0;0;0;0;0;0;0;0;0;0;0;0;0;0;0;0;0;0
FR;11;2021-01-10;0;0;0;0;0;0;0;0;0;0;0;0;0;0;0;0;0;0
FR;11;2021-01-11;0;0;0;0;0;0;0;0;0;0;0;0;0;0;0;0;0;0
FR;11;2021-01-12;0;0;0;0;0;0;0;0;0;0;0;0;0;0;0;0;0;0
FR;11;2021-01-13;0;0;0;0;0;0;0;0;0;0;0;0;0;0;0;0;0;0
FR;11;2021-01-14;0;0;0;0;0;0;0;0;0;0;0;0;0;0;0;0;0;0
FR;11;2021-01-15;0;0;0;0;0;0;0;0;0;0;0;0;0;0;0;0;0;0
FR;11;2021-01-16;0;0;0;0;0;0;0;0;0;0;0;0;0;0;0;0;0;0
FR;11;2021-01-17;0;0;0;0;0;0;0;0;0;0;0;0;0;0;0;0;0;0
FR;11;2021-01-18;0;0;0;0;0;0;0;0;0;0;0;0;0;0;0;0;0;0
FR;11;2021-01-19;0;0;0;0;0;0;0;0;0;0;0;0;0;0;0;0;0;0
FR;11;2021-01-20;0;0;0;0;0;0;0;0;0;0;0;0;0;0;0;0;0;0
FR;11;2021-01-21;0;0;0;0;0;0;0;0;0;0;0;0;0;0;0;0;0;0
FR;11;2021-01-22;0;0;0;0;0;0;0;0;0;0;0;0;0;0;0;0;0;0
FR;11;2021-01-23;0;0;0;0;0;0;0;0;0;0;0;0;0;0;0;0;0;0
FR;11;2021-01-24;0;0;0;0;0;0;0;0;0;0;0;0;0;0;0;0;0;0
FR;11;2021-01-25;0;0;0;0;0;0;0;0;0;0;0;0;0;0;0;0;0;0
FR;11;2021-01-26;0;0;0;0;0;0;0;0;0;0;0;0;0;0;0;0;0;0
FR;11;2021-01-27;0;0;0;0;0;0;0;0;0;0;0;0;0;0;0;0;0;0
FR;11;2021-01-28;0;0;0;0;0;0;0;0;0;0;0;0;0;0;0;0;0;0
FR;11;2021-01-29;0;0;0;0;0;0;0;0;0;0;0;0;0;0;0;0;0;0
FR;11;2021-01-30;0;0;0;0;0;0;0;0;0;0;0;0;0;0;0;0;0;0
FR;11;2021-01-31;0;0;0;0;0;0;0;0;0;0;0;0;0;0;0;0;0;0
FR;11;2021-02-01;0;0;0;0;0;0;0;0;0;0;0;0;0;0;0;0;0;0
FR;11;2021-02-02;0;0;0;0;0;0;0;0;0;0;0;0;0;0;0;0;0;0
FR;11;2021-02-03;0;0;0;0;0;0;0;0;0;0;0;0;0;0;0;0;0;0
FR;11;2021-02-04;0;0;0;0;0;0;0;0;0;0;0;0;0;0;0;0;0;0
FR;11;2021-02-05;0;0;0;0;0;0;0;0;0;0;0;0;0;0;0;0;0;0
FR;11;2021-02-06;0;0;0;0;0;0;0;0;0;0;0;0;0;0;0;0;0;0
FR;11;2021-02-07;0;0;0;0;0;0;0;0;0;0;0;0;0;0;0;0;0;0
FR;11;2021-02-08;0;0;0;0;0;0;0;0;0;0;0;0;0;0;0;0;0;0
FR;11;2021-02-09;0;0;0;0;0;0;0;0;0;0;0;0;0;0;0;0;0;0
FR;11;2021-02-10;0;0;0;0;0;0;0;0;0;0;0;0;0;0;0;0;0;0
FR;11;2021-02-11;0;0;0;0;0;0;0;0;0;0;0;0;0;0;0;0;0;0
FR;11;2021-02-12;0;0;0;0;0;0;0;0;0;0;0;0;0;0;0;0;0;0
FR;11;2021-02-13;0;0;0;0;0;0;0;0;0;0;0;0;0;0;0;0;0;0
FR;11;2021-02-14;0;0;0;0;0;0;0;0;0;0;0;0;0;0;0;0;0;0
FR;11;2021-02-15;0;0;0;0;0;0;0;0;0;0;0;0;0;0;0;0;0;0
FR;11;2021-02-16;0;0;0;0;0;0;0;0;0;0;0;0;0;0;0;0;0;0
FR;11;2021-02-17;0;0;0;0;0;0;0;0;0;0;0;0;0;0;0;0;0;0
FR;11;2021-02-18;0;0;0;0;0;0;0;0;0;0;0;0;0;0;0;0;0;0
FR;11;2021-02-19;0;0;0;0;0;0;0;0;0;0;0;0;0;0;0;0;0;0
FR;11;2021-02-20;0;0;0;0;0;0;0;0;0;0;0;0;0;0;0;0;0;0
FR;11;2021-02-21;0;0;0;0;0;0;0;0;0;0;0;0;0;0;0;0;0;0
FR;11;2021-02-22;0;0;0;0;0;0;0;0;0;0;0;0;0;0;0;0;0;0
FR;11;2021-02-23;0;0;0;0;0;0;0;0;0;0;0;0;0;0;0;0;0;0
FR;11;2021-02-24;0;0;0;0;0;0;0;0;0;0;0;0;0;0;0;0;0;0
FR;11;2021-02-25;0;0;0;0;0;0;0;0;0;0;0;0;0;0;0;0;0;0
FR;11;2021-02-26;0;0;0;0;0;0;0;0;0;0;0;0;0;0;0;0;0;0
FR;11;2021-02-27;0;0;0;0;0;0;0;0;0;0;0;0;0;0;0;0;0;0
FR;11;2021-02-28;0;0;0;0;0;0;0;0;0;0;0;0;0;0;0;0;0;0
FR;11;2021-03-01;0;0;0;0;0;0;0;0;0;0;0;0;0;0;0;0;0;0
FR;11;2021-03-02;0;0;0;0;0;0;0;0;0;0;0;0;0;0;0;0;0;0
FR;11;2021-03-03;0;0;0;0;0;0;0;0;0;0;0;0;0;0;0;0;0;0
FR;11;2021-03-04;0;0;0;0;0;0;0;0;0;0;0;0;0;0;0;0;0;0
FR;11;2021-03-05;0;0;0;0;0;0;0;0;0;0;0;0;0;0;0;0;0;0
FR;11;2021-03-06;0;0;0;0;0;0;0;0;0;0;0;0;0;0;0;0;0;0
FR;11;2021-03-07;0;0;0;0;0;0;0;0;0;0;0;0;0;0;0;0;0;0
FR;11;2021-03-08;0;0;0;0;0;0;0;0;0;0;0;0;0;0;0;0;0;0
FR;11;2021-03-09;0;0;0;0;0;0;0;0;0;0;0;0;0;0;0;0;0;0
FR;11;2021-03-10;0;0;0;0;0;0;0;0;0;0;0;0;0;0;0;0;0;0
FR;11;2021-03-11;0;0;0;0;0;0;0;0;0;0;0;0;0;0;0;0;0;0
FR;11;2021-03-12;0;0;0;0;0;0;0;0;0;0;0;0;0;0;0;0;0;0
FR;11;2021-03-13;0;0;0;0;0;0;0;0;0;0;0;0;0;0;0;0;0;0
FR;11;2021-03-14;0;0;0;0;0;0;0;0;0;0;0;0;0;0;0;0;0;0
FR;11;2021-03-15;0;0;0;0;0;0;0;0;0;0;0;0;0;0;0;0;0;0
FR;11;2021-03-16;0;0;0;0;0;0;0;0;0;0;0;0;0;0;0;0;0;0
FR;11;2021-03-17;0;0;0;0;0;0;0;0;0;0;0;0;0;0;0;0;0;0
FR;11;2021-03-18;0;0;0;0;0;0;0;0;0;0;0;0;0;0;0;0;0;0
FR;11;2021-03-19;0;0;0;0;0;0;0;0;0;0;0;0;0;0;0;0;0;0
FR;11;2021-03-20;0;0;0;0;0;0;0;0;0;0;0;0;0;0;0;0;0;0
FR;11;2021-03-21;0;0;0;0;0;0;0;0;0;0;0;0;0;0;0;0;0;0
FR;11;2021-03-22;0;0;0;0;0;0;0;0;0;0;0;0;0;0;0;0;0;0
FR;11;2021-03-23;0;0;0;0;0;0;0;0;0;0;0;0;0;0;0;0;0;0
FR;11;2021-03-24;0;0;0;0;0;0;0;0;0;0;0;0;0;0;0;0;0;0
FR;11;2021-03-25;0;0;0;0;0;0;0;0;0;0;0;0;0;0;0;0;0;0
FR;11;2021-03-26;0;0;0;0;0;0;0;0;0;0;0;0;0;0;0;0;0;0
FR;11;2021-03-27;0;0;0;0;0;0;0;0;0;0;0;0;0;0;0;0;0;0
FR;11;2021-03-28;0;0;0;0;0;0;0;0;0;0;0;0;0;0;0;0;0;0
FR;11;2021-03-29;0;0;0;0;0;0;0;0;0;0;0;0;0;0;0;0;0;0
FR;11;2021-03-30;0;0;0;0;0;0;0;0;0;0;0;0;0;0;0;0;0;0
FR;11;2021-03-31;0;0;0;0;0;0;0;0;0;0;0;0;0;0;0;0;0;0
FR;11;2021-04-01;0;0;0;0;0;0;0;0;0;0;0;0;0;0;0;0;0;0
FR;11;2021-04-02;0;0;0;0;0;0;0;0;0;0;0;0;0;0;0;0;0;0
FR;11;2021-04-03;0;0;0;0;0;0;0;0;0;0;0;0;0;0;0;0;0;0
FR;11;2021-04-04;0;0;0;0;0;0;0;0;0;0;0;0;0;0;0;0;0;0
FR;11;2021-04-05;0;0;0;0;0;0;0;0;0;0;0;0;0;0;0;0;0;0
FR;11;2021-04-06;0;0;0;0;0;0;0;0;0;0;0;0;0;0;0;0;0;0
FR;11;2021-04-07;0;0;0;0;0;0;0;0;0;0;0;0;0;0;0;0;0;0
FR;11;2021-04-08;0;0;0;0;0;0;0;0;0;0;0;0;0;0;0;0;0;0
FR;11;2021-04-09;0;0;0;0;0;0;0;0;0;0;0;0;0;0;0;0;0;0
FR;11;2021-04-10;0;0;0;0;0;0;0;0;0;0;0;0;0;0;0;0;0;0
FR;11;2021-04-11;0;0;0;0;0;0;0;0;0;0;0;0;0;0;0;0;0;0
FR;11;2021-04-12;0;0;0;0;0;0;0;0;0;0;0;0;0;0;0;0;0;0
FR;11;2021-04-13;0;0;0;0;0;0;0;0;0;0;0;0;0;0;0;0;0;0
FR;11;2021-04-14;0;0;0;0;0;0;0;0;0;0;0;0;0;0;0;0;0;0
FR;11;2021-04-15;0;0;0;0;0;0;0;0;0;0;0;0;0;0;0;0;0;0
FR;11;2021-04-16;0;0;0;0;0;0;0;0;0;0;0;0;0;0;0;0;0;0
FR;11;2021-04-17;0;0;0;0;0;0;0;0;0;0;0;0;0;0;0;0;0;0
FR;11;2021-04-18;0;0;0;0;0;0;0;0;0;0;0;0;0;0;0;0;0;0
FR;11;2021-04-19;0;0;0;0;0;0;0;0;0;0;0;0;0;0;0;0;0;0
FR;11;2021-04-20;0;0;0;0;0;0;0;0;0;0;0;0;0;0;0;0;0;0
FR;11;2021-04-21;0;0;0;0;0;0;0;0;0;0;0;0;0;0;0;0;0;0
FR;11;2021-04-22;0;0;0;0;0;0;0;0;0;0;0;0;0;0;0;0;0;0
FR;11;2021-04-23;0;0;0;0;0;0;0;0;0;0;0;0;0;0;0;0;0;0
FR;11;2021-04-24;0;0;0;0;0;0;0;0;0;0;0;0;0;0;0;0;0;0
FR;11;2021-04-25;0;0;0;0;0;0;0;0;0;0;0;0;0;0;0;0;0;0
FR;11;2021-04-26;0;0;0;0;0;0;0;0;0;0;0;0;0;0;0;0;0;0
FR;11;2021-04-27;0;0;0;0;0;0;0;0;0;0;0;0;0;0;0;0;0;0
FR;11;2021-04-28;0;0;0;0;0;0;0;0;0;0;0;0;0;0;0;0;0;0
FR;11;2021-04-29;0;0;0;0;0;0;0;0;0;0;0;0;0;0;0;0;0;0
FR;11;2021-04-30;0;0;0;0;0;0;0;0;0;0;0;0;0;0;0;0;0;0
FR;11;2021-05-01;0;0;0;0;0;0;0;0;0;0;0;0;0;0;0;0;0;0
FR;11;2021-05-02;0;0;0;0;0;0;0;0;0;0;0;0;0;0;0;0;0;0
FR;11;2021-05-03;0;0;0;0;0;0;0;0;0;0;0;0;0;0;0;0;0;0
FR;11;2021-05-04;0;0;0;0;0;0;0;0;0;0;0;0;0;0;0;0;0;0
FR;11;2021-05-05;0;0;0;0;0;0;0;0;0;0;0;0;0;0;0;0;0;0
FR;11;2021-05-06;0;0;0;0;0;0;0;0;0;0;0;0;0;0;0;0;0;0
FR;11;2021-05-07;0;0;0;0;0;0;0;0;0;0;0;0;0;0;0;0;0;0
FR;11;2021-05-08;0;0;0;0;0;0;0;0;0;0;0;0;0;0;0;0;0;0
FR;11;2021-05-09;0;0;0;0;0;0;0;0;0;0;0;0;0;0;0;0;0;0
FR;11;2021-05-10;0;0;0;0;0;0;0;0;0;0;0;0;0;0;0;0;0;0
FR;11;2021-05-11;0;0;0;0;0;0;0;0;0;0;0;0;0;0;0;0;0;0
FR;11;2021-05-12;0;0;0;0;0;0;0;0;0;0;0;0;0;0;0;0;0;0
FR;11;2021-05-13;0;0;0;0;0;0;0;0;0;0;0;0;0;0;0;0;0;0
FR;11;2021-05-14;0;0;0;0;0;0;0;0;0;0;0;0;0;0;0;0;0;0
FR;11;2021-05-15;0;0;0;0;0;0;0;0;0;0;0;0;0;0;0;0;0;0
FR;11;2021-05-16;0;0;0;0;0;0;0;0;0;0;0;0;0;0;0;0;0;0
FR;11;2021-05-17;0;0;0;0;0;0;0;0;0;0;0;0;0;0;0;0;0;0
FR;11;2021-05-18;0;0;0;0;0;0;0;0;0;0;0;0;0;0;0;0;0;0
FR;11;2021-05-19;0;0;0;0;0;0;0;0;0;0;0;0;0;0;0;0;0;0
FR;11;2021-05-20;0;0;0;0;0;0;0;0;0;0;0;0;0;0;0;0;0;0
FR;11;2021-05-21;0;0;0;0;0;0;0;0;0;0;0;0;0;0;0;0;0;0
FR;11;2021-05-22;0;0;0;0;0;0;0;0;0;0;0;0;0;0;0;0;0;0
FR;11;2021-05-23;0;0;0;0;0;0;0;0;0;0;0;0;0;0;0;0;0;0
FR;11;2021-05-24;0;0;0;0;0;0;0;0;0;0;0;0;0;0;0;0;0;0
FR;11;2021-05-25;0;0;0;0;0;0;0;0;0;0;0;0;0;0;0;0;0;0
FR;11;2021-05-26;0;0;0;0;0;0;0;0;0;0;0;0;0;0;0;0;0;0
FR;11;2021-05-27;0;0;0;0;0;0;0;0;0;0;0;0;0;0;0;0;0;0
FR;11;2021-05-28;0;0;0;0;0;0;0;0;0;0;0;0;0;0;0;0;0;0
FR;11;2021-05-29;0;0;0;0;0;0;0;0;0;0;0;0;0;0;0;0;0;0
FR;11;2021-05-30;0;0;0;0;0;0;0;0;0;0;0;0;0;0;0;0;0;0
FR;11;2021-05-31;0;0;0;0;0;0;0;0;0;0;0;0;0;0;0;0;0;0
FR;11;2021-06-01;0;0;0;0;0;0;0;0;0;0;0;0;0;0;0;0;0;0
FR;11;2021-06-02;0;0;0;0;0;0;0;0;0;0;0;0;0;0;0;0;0;0
FR;11;2021-06-03;0;0;0;0;0;0;0;0;0;0;0;0;0;0;0;0;0;0
FR;11;2021-06-04;0;0;0;0;0;0;0;0;0;0;0;0;0;0;0;0;0;0
FR;11;2021-06-05;0;0;0;0;0;0;0;0;0;0;0;0;0;0;0;0;0;0
FR;11;2021-06-06;0;0;0;0;0;0;0;0;0;0;0;0;0;0;0;0;0;0
FR;11;2021-06-07;0;0;0;0;0;0;0;0;0;0;0;0;0;0;0;0;0;0
FR;11;2021-06-08;0;0;0;0;0;0;0;0;0;0;0;0;0;0;0;0;0;0
FR;11;2021-06-09;0;0;0;0;0;0;0;0;0;0;0;0;0;0;0;0;0;0
FR;11;2021-06-10;0;0;0;0;0;0;0;0;0;0;0;0;0;0;0;0;0;0
FR;11;2021-06-11;0;0;0;0;0;0;0;0;0;0;0;0;0;0;0;0;0;0
FR;11;2021-06-12;0;0;0;0;0;0;0;0;0;0;0;0;0;0;0;0;0;0
FR;11;2021-06-13;0;0;0;0;0;0;0;0;0;0;0;0;0;0;0;0;0;0
FR;11;2021-06-14;0;0;0;0;0;0;0;0;0;0;0;0;0;0;0;0;0;0
FR;11;2021-06-15;0;0;0;0;0;0;0;0;0;0;0;0;0;0;0;0;0;0
FR;11;2021-06-16;0;0;0;0;0;0;0;0;0;0;0;0;0;0;0;0;0;0
FR;11;2021-06-17;0;0;0;0;0;0;0;0;0;0;0;0;0;0;0;0;0;0
FR;11;2021-06-18;0;0;0;0;0;0;0;0;0;0;0;0;0;0;0;0;0;0
FR;11;2021-06-19;0;0;0;0;0;0;0;0;0;0;0;0;0;0;0;0;0;0
FR;11;2021-06-20;0;0;0;0;0;0;0;0;0;0;0;0;0;0;0;0;0;0
FR;11;2021-06-21;0;0;0;0;0;0;0;0;0;0;0;0;0;0;0;0;0;0
FR;11;2021-06-22;0;0;0;0;0;0;0;0;0;0;0;0;0;0;0;0;0;0
FR;11;2021-06-23;0;0;0;0;0;0;0;0;0;0;0;0;0;0;0;0;0;0
FR;11;2021-06-24;0;0;0;0;0;0;0;0;0;0;0;0;0;0;0;0;0;0
FR;11;2021-06-25;0;0;0;0;0;0;0;0;0;0;0;0;0;0;0;0;0;0
FR;11;2021-06-26;0;0;0;0;0;0;0;0;0;0;0;0;0;0;0;0;0;0
FR;11;2021-06-27;0;0;0;0;0;0;0;0;0;0;0;0;0;0;0;0;0;0
FR;11;2021-06-28;0;0;0;0;0;0;0;0;0;0;0;0;0;0;0;0;0;0
FR;11;2021-06-29;0;0;0;0;0;0;0;0;0;0;0;0;0;0;0;0;0;0
FR;11;2021-06-30;0;0;0;0;0;0;0;0;0;0;0;0;0;0;0;0;0;0
FR;11;2021-07-01;0;0;0;0;0;0;0;0;0;0;0;0;0;0;0;0;0;0
FR;11;2021-07-02;0;0;0;0;0;0;0;0;0;0;0;0;0;0;0;0;0;0
FR;11;2021-07-03;0;0;0;0;0;0;0;0;0;0;0;0;0;0;0;0;0;0
FR;11;2021-07-04;0;0;0;0;0;0;0;0;0;0;0;0;0;0;0;0;0;0
FR;11;2021-07-05;0;0;0;0;0;0;0;0;0;0;0;0;0;0;0;0;0;0
FR;11;2021-07-06;0;0;0;0;0;0;0;0;0;0;0;0;0;0;0;0;0;0
FR;11;2021-07-07;0;0;0;0;0;0;0;0;0;0;0;0;0;0;0;0;0;0
FR;11;2021-07-08;0;0;0;0;0;0;0;0;0;0;0;0;0;0;0;0;0;0
FR;11;2021-07-09;0;0;0;0;0;0;0;0;0;0;0;0;0;0;0;0;0;0
FR;11;2021-07-10;0;0;0;0;0;0;0;0;0;0;0;0;0;0;0;0;0;0
FR;11;2021-07-11;0;0;0;0;0;0;0;0;0;0;0;0;0;0;0;0;0;0
FR;11;2021-07-12;0;0;0;0;0;0;0;0;0;0;0;0;0;0;0;0;0;0
FR;11;2021-07-13;0;0;0;0;0;0;0;0;0;0;0;0;0;0;0;0;0;0
FR;11;2021-07-14;0;0;0;0;0;0;0;0;0;0;0;0;0;0;0;0;0;0
FR;11;2021-07-15;0;0;0;0;0;0;0;0;0;0;0;0;0;0;0;0;0;0
FR;11;2021-07-16;0;0;0;0;0;0;0;0;0;0;0;0;0;0;0;0;0;0
FR;11;2021-07-17;0;0;0;0;0;0;0;0;0;0;0;0;0;0;0;0;0;0
FR;11;2021-07-18;0;0;0;0;0;0;0;0;0;0;0;0;0;0;0;0;0;0
FR;11;2021-07-19;0;0;0;0;0;0;0;0;0;0;0;0;0;0;0;0;0;0
FR;11;2021-07-20;0;0;0;0;0;0;0;0;0;0;0;0;0;0;0;0;0;0
FR;11;2021-07-21;0;0;0;0;0;0;0;0;0;0;0;0;0;0;0;0;0;0
FR;11;2021-07-22;0;0;0;0;0;0;0;0;0;0;0;0;0;0;0;0;0;0
FR;11;2021-07-23;0;0;0;0;0;0;0;0;0;0;0;0;0;0;0;0;0;0
FR;11;2021-07-24;0;0;0;0;0;0;0;0;0;0;0;0;0;0;0;0;0;0
FR;11;2021-07-25;0;0;0;0;0;0;0;0;0;0;0;0;0;0;0;0;0;0
FR;11;2021-07-26;0;0;0;0;0;0;0;0;0;0;0;0;0;0;0;0;0;0
FR;11;2021-07-27;0;0;0;0;0;0;0;0;0;0;0;0;0;0;0;0;0;0
FR;11;2021-07-28;0;0;0;0;0;0;0;0;0;0;0;0;0;0;0;0;0;0
FR;11;2021-07-29;0;0;0;0;0;0;0;0;0;0;0;0;0;0;0;0;0;0
FR;11;2021-07-30;0;0;0;0;0;0;0;0;0;0;0;0;0;0;0;0;0;0
FR;11;2021-07-31;0;0;0;0;0;0;0;0;0;0;0;0;0;0;0;0;0;0
FR;11;2021-08-01;0;0;0;0;0;0;0;0;0;0;0;0;0;0;0;0;0;0
FR;11;2021-08-02;0;0;0;0;0;0;0;0;0;0;0;0;0;0;0;0;0;0
FR;11;2021-08-03;0;0;0;0;0;0;0;0;0;0;0;0;0;0;0;0;0;0
FR;11;2021-08-04;0;0;0;0;0;0;0;0;0;0;0;0;0;0;0;0;0;0
FR;11;2021-08-05;0;0;0;0;0;0;0;0;0;0;0;0;0;0;0;0;0;0
FR;11;2021-08-06;0;0;0;0;0;0;0;0;0;0;0;0;0;0;0;0;0;0
FR;11;2021-08-07;0;0;0;0;0;0;0;0;0;0;0;0;0;0;0;0;0;0
FR;11;2021-08-08;0;0;0;0;0;0;0;0;0;0;0;0;0;0;0;0;0;0
FR;11;2021-08-09;0;0;0;0;0;0;0;0;0;0;0;0;0;0;0;0;0;0
FR;11;2021-08-10;0;0;0;0;0;0;0;0;0;0;0;0;0;0;0;0;0;0
FR;11;2021-08-11;0;0;0;0;0;0;0;0;0;0;0;0;0;0;0;0;0;0
FR;11;2021-08-12;0;0;0;0;0;0;0;0;0;0;0;0;0;0;0;0;0;0
FR;11;2021-08-13;0;0;0;0;0;0;0;0;0;0;0;0;0;0;0;0;0;0
FR;11;2021-08-14;0;0;0;0;0;0;0;0;0;0;0;0;0;0;0;0;0;0
FR;11;2021-08-15;0;0;0;0;0;0;0;0;0;0;0;0;0;0;0;0;0;0
FR;11;2021-08-16;0;0;0;0;0;0;0;0;0;0;0;0;0;0;0;0;0;0
FR;11;2021-08-17;0;0;0;0;0;0;0;0;0;0;0;0;0;0;0;0;0;0
FR;11;2021-08-18;0;0;0;0;0;0;0;0;0;0;0;0;0;0;0;0;0;0
FR;11;2021-08-19;0;0;0;0;0;0;0;0;0;0;0;0;0;0;0;0;0;0
FR;11;2021-08-20;0;0;0;0;0;0;0;0;0;0;0;0;0;0;0;0;0;0
FR;11;2021-08-21;0;0;0;0;0;0;0;0;0;0;0;0;0;0;0;0;0;0
FR;11;2021-08-22;0;0;0;0;0;0;0;0;0;0;0;0;0;0;0;0;0;0
FR;11;2021-08-23;0;0;0;0;0;0;0;0;0;0;0;0;0;0;0;0;0;0
FR;11;2021-08-24;0;0;0;0;0;0;0;0;0;0;0;0;0;0;0;0;0;0
FR;11;2021-08-25;0;0;0;0;0;0;0;0;0;0;0;0;0;0;0;0;0;0
FR;11;2021-08-26;0;0;0;0;0;0;0;0;0;0;0;0;0;0;0;0;0;0
FR;11;2021-08-27;0;0;0;0;0;0;0;0;0;0;0;0;0;0;0;0;0;0
FR;11;2021-08-28;0;0;0;0;0;0;0;0;0;0;0;0;0;0;0;0;0;0
FR;11;2021-08-29;0;0;0;0;0;0;0;0;0;0;0;0;0;0;0;0;0;0
FR;11;2021-08-30;0;0;0;0;0;0;0;0;0;0;0;0;0;0;0;0;0;0
FR;11;2021-08-31;0;0;0;0;0;0;0;0;0;0;0;0;0;0;0;0;0;0
FR;11;2021-09-01;0;0;0;0;0;0;0;0;0;0;0;0;0;0;0;0;0;0
FR;11;2021-09-02;0;0;0;0;0;0;0;0;0;0;0;0;0;0;0;0;0;0
FR;11;2021-09-03;0;0;0;0;0;0;0;0;0;0;0;0;0;0;0;0;0;0
FR;11;2021-09-04;0;0;0;0;0;0;0;0;0;0;0;0;0;0;0;0;0;0
FR;11;2021-09-05;0;0;0;0;0;0;0;0;0;0;0;0;0;0;0;0;0;0
FR;11;2021-09-06;0;0;0;0;0;0;0;0;0;0;0;0;0;0;0;0;0;0
FR;11;2021-09-07;0;0;0;0;0;0;0;0;0;0;0;0;0;0;0;0;0;0
FR;11;2021-09-08;0;0;0;0;0;0;0;0;0;0;0;0;0;0;0;0;0;0
FR;11;2021-09-09;0;0;0;0;0;0;0;0;0;0;0;0;0;0;0;0;0;0
FR;11;2021-09-10;0;0;0;0;0;0;0;0;0;0;0;0;0;0;0;0;0;0
FR;11;2021-09-11;0;0;0;0;0;0;0;0;0;0;0;0;0;0;0;0;0;0
FR;11;2021-09-12;0;0;0;0;0;0;0;0;0;0;0;0;0;0;0;0;0;0
FR;11;2021-09-13;0;0;0;0;0;0;0;0;0;0;0;0;0;0;0;0;0;0
FR;11;2021-09-14;0;0;0;0;0;0;0;0;0;0;0;0;0;0;0;0;0;0
FR;11;2021-09-15;0;0;0;0;0;0;0;0;0;0;0;0;0;0;0;0;0;0
FR;11;2021-09-16;0;0;0;0;0;0;0;0;0;0;0;0;0;0;0;0;0;0
FR;11;2021-09-17;0;0;0;0;0;0;0;0;0;0;0;0;0;0;0;0;0;0
FR;11;2021-09-18;0;0;0;0;0;0;0;0;0;0;0;0;0;0;0;0;0;0
FR;11;2021-09-19;0;0;0;0;0;0;0;0;0;0;0;0;0;0;0;0;0;0
FR;11;2021-09-20;0;0;0;0;0;0;0;0;0;0;0;0;0;0;0;0;0;0
FR;11;2021-09-21;0;0;0;0;0;0;0;0;0;0;0;0;0;0;0;0;0;0
FR;11;2021-09-22;0;0;0;0;0;0;0;0;0;0;0;0;0;0;0;0;0;0
FR;11;2021-09-23;0;0;0;0;0;0;0;0;0;0;0;0;0;0;0;0;0;0
FR;11;2021-09-24;0;0;0;0;0;0;0;0;0;0;0;0;0;0;0;0;0;0
FR;11;2021-09-25;0;0;0;0;0;0;0;0;0;0;0;0;0;0;0;0;0;0
FR;11;2021-09-26;0;0;0;0;0;0;0;0;0;0;0;0;0;0;0;0;0;0
FR;11;2021-09-27;0;0;0;0;0;0;0;0;0;0;0;0;0;0;0;0;0;0
FR;11;2021-09-28;0;0;0;0;0;0;0;0;0;0;0;0;0;0;0;0;0;0
FR;11;2021-09-29;0;0;0;0;0;0;0;0;0;0;0;0;0;0;0;0;0;0
FR;11;2021-09-30;0;0;0;0;0;0;0;0;0;0;0;0;0;0;0;0;0;0
FR;11;2021-10-01;0;0;0;0;0;0;0;0;0;0;0;0;0;0;0;0;0;0
FR;11;2021-10-02;0;0;0;0;0;0;0;0;0;0;0;0;0;0;0;0;0;0
FR;11;2021-10-03;0;0;0;0;0;0;0;0;0;0;0;0;0;0;0;0;0;0
FR;11;2021-10-04;0;0;0;0;0;0;0;0;0;0;0;0;0;0;0;0;0;0
FR;11;2021-10-05;0;0;0;0;0;0;0;0;0;0;0;0;0;0;0;0;0;0
FR;11;2021-10-06;0;0;0;0;0;0;0;0;0;0;0;0;0;0;0;0;0;0
FR;11;2021-10-07;0;0;0;0;0;0;0;0;0;0;0;0;0;0;0;0;0;0
FR;11;2021-10-08;0;0;0;0;0;0;0;0;0;0;0;0;0;0;0;0;0;0
FR;11;2021-10-09;0;0;0;0;0;0;0;0;0;0;0;0;0;0;0;0;0;0
FR;11;2021-10-10;0;0;0;0;0;0;0;0;0;0;0;0;0;0;0;0;0;0
FR;11;2021-10-11;0;0;0;0;0;0;0;0;0;0;0;0;0;0;0;0;0;0
FR;11;2021-10-12;0;0;0;0;0;0;0;0;0;0;0;0;0;0;0;0;0;0
FR;11;2021-10-13;0;0;0;0;0;0;0;0;0;0;0;0;0;0;0;0;0;0
FR;11;2021-10-14;0;0;0;0;0;0;0;0;0;0;0;0;0;0;0;0;0;0
FR;11;2021-10-15;0;0;0;0;0;0;0;0;0;0;0;0;0;0;0;0;0;0
FR;11;2021-10-16;0;0;0;0;0;0;0;0;0;0;0;0;0;0;0;0;0;0
FR;11;2021-10-17;0;0;0;0;0;0;0;0;0;0;0;0;0;0;0;0;0;0
FR;11;2021-10-18;0;0;0;0;0;0;0;0;0;0;0;0;0;0;0;0;0;0
FR;11;2021-10-19;0;0;0;0;0;0;0;0;0;0;0;0;0;0;0;0;0;0
FR;11;2021-10-20;0;0;0;0;0;0;0;0;0;0;0;0;0;0;0;0;0;0
FR;11;2021-10-21;0;0;0;0;0;0;0;0;0;0;0;0;0;0;0;0;0;0
FR;11;2021-10-22;0;0;0;0;0;0;0;0;0;0;0;0;0;0;0;0;0;0
FR;11;2021-10-23;0;0;0;0;0;0;0;0;0;0;0;0;0;0;0;0;0;0
FR;11;2021-10-24;0;0;0;0;0;0;0;0;0;0;0;0;0;0;0;0;0;0
FR;11;2021-10-25;0;0;0;0;0;0;0;0;0;0;0;0;0;0;0;0;0;0
FR;11;2021-10-26;0;0;0;0;0;0;0;0;0;0;0;0;0;0;0;0;0;0
FR;11;2021-10-27;0;0;0;0;0;0;0;0;0;0;0;0;0;0;0;0;0;0
FR;11;2021-10-28;0;0;0;0;0;0;0;0;0;0;0;0;0;0;0;0;0;0
FR;11;2021-10-29;0;0;0;0;0;0;0;0;0;0;0;0;0;0;0;0;0;0
FR;11;2021-10-30;0;0;0;0;0;0;0;0;0;0;0;0;0;0;0;0;0;0
FR;11;2021-10-31;0;0;0;0;0;0;0;0;0;0;0;0;0;0;0;0;0;0
FR;11;2021-11-01;0;0;0;0;0;0;0;0;0;0;0;0;0;0;0;0;0;0
FR;11;2021-11-02;0;0;0;0;0;0;0;0;0;0;0;0;0;0;0;0;0;0
FR;11;2021-11-03;0;0;0;0;0;0;0;0;0;0;0;0;0;0;0;0;0;0
FR;11;2021-11-04;0;0;0;0;0;0;0;0;0;0;0;0;0;0;0;0;0;0
FR;11;2021-11-05;0;0;0;0;0;0;0;0;0;0;0;0;0;0;0;0;0;0
FR;11;2021-11-06;0;0;0;0;0;0;0;0;0;0;0;0;0;0;0;0;0;0
FR;11;2021-11-07;0;0;0;0;0;0;0;0;0;0;0;0;0;0;0;0;0;0
FR;11;2021-11-08;0;0;0;0;0;0;0;0;0;0;0;0;0;0;0;0;0;0
FR;11;2021-11-09;0;0;0;0;0;0;0;0;0;0;0;0;0;0;0;0;0;0
FR;11;2021-11-10;0;0;0;0;0;0;0;0;0;0;0;0;0;0;0;0;0;0
FR;11;2021-11-11;0;0;0;0;0;0;0;0;0;0;0;0;0;0;0;0;0;0
FR;11;2021-11-12;0;0;0;0;0;0;0;0;0;0;0;0;0;0;0;0;0;0
FR;11;2021-11-13;0;0;0;0;0;0;0;0;0;0;0;0;0;0;0;0;0;0
FR;11;2021-11-14;0;0;0;0;0;0;0;0;0;0;0;0;0;0;0;0;0;0
FR;11;2021-11-15;0;0;0;0;0;0;0;0;0;0;0;0;0;0;0;0;0;0
FR;11;2021-11-16;0;0;0;0;0;0;0;0;0;0;0;0;0;0;0;0;0;0
FR;11;2021-11-17;0;0;0;0;0;0;0;0;0;0;0;0;0;0;0;0;0;0
FR;11;2021-11-18;0;0;0;0;0;0;0;0;0;0;0;0;0;0;0;0;0;0
FR;11;2021-11-19;0;0;0;0;0;0;0;0;0;0;0;0;0;0;0;0;0;0
FR;11;2021-11-20;0;0;0;0;0;0;0;0;0;0;0;0;0;0;0;0;0;0
FR;11;2021-11-21;0;0;0;0;0;0;0;0;0;0;0;0;0;0;0;0;0;0
FR;11;2021-11-22;0;0;0;0;0;0;0;0;0;0;0;0;0;0;0;0;0;0
FR;11;2021-11-23;0;0;0;0;0;0;0;0;0;0;0;0;0;0;0;0;0;0
FR;11;2021-11-24;0;0;0;0;0;0;0;0;0;0;0;0;0;0;0;0;0;0
FR;11;2021-11-25;0;0;0;0;0;0;0;0;0;0;0;0;0;0;0;0;0;0
FR;11;2021-11-26;0;0;0;0;0;0;0;0;0;0;0;0;0;0;0;0;0;0
FR;11;2021-11-27;0;0;0;0;0;0;0;0;0;0;0;0;0;0;0;0;0;0
FR;11;2021-11-28;0;0;0;0;0;0;0;0;0;0;0;0;0;0;0;0;0;0
FR;11;2021-11-29;0;0;0;0;0;0;0;0;0;0;0;0;0;0;0;0;0;0
FR;11;2021-11-30;0;0;0;0;0;0;0;0;0;0;0;0;0;0;0;0;0;0
FR;11;2021-12-01;0;0;0;0;0;0;0;0;0;0;0;0;0;0;0;0;0;0
FR;11;2021-12-02;0;0;0;0;0;0;0;0;0;0;0;0;0;0;0;0;0;0
FR;11;2021-12-03;0;0;0;0;0;0;0;0;0;0;0;0;0;0;0;0;0;0
FR;11;2021-12-04;0;0;0;0;0;0;0;0;0;0;0;0;0;0;0;0;0;0
FR;11;2021-12-05;0;0;0;0;0;0;0;0;0;0;0;0;0;0;0;0;0;0
FR;11;2021-12-06;0;0;0;0;0;0;0;0;0;0;0;0;0;0;0;0;0;0
FR;11;2021-12-07;0;0;0;0;0;0;0;0;0;0;0;0;0;0;0;0;0;0
FR;11;2021-12-08;0;0;0;0;0;0;0;0;0;0;0;0;0;0;0;0;0;0
FR;11;2021-12-09;0;0;0;0;0;0;0;0;0;0;0;0;0;0;0;0;0;0
FR;11;2021-12-10;0;0;0;0;0;0;0;0;0;0;0;0;0;0;0;0;0;0
FR;11;2021-12-11;0;0;0;0;0;0;0;0;0;0;0;0;0;0;0;0;0;0
FR;11;2021-12-12;0;0;0;0;0;0;0;0;0;0;0;0;0;0;0;0;0;0
FR;11;2021-12-13;0;0;0;0;0;0;0;0;0;0;0;0;0;0;0;0;0;0
FR;11;2021-12-14;0;0;0;0;0;0;0;0;0;0;0;0;0;0;0;0;0;0
FR;11;2021-12-15;0;0;0;0;0;0;0;0;0;0;0;0;0;0;0;0;0;0
FR;11;2021-12-16;0;0;0;0;0;0;0;0;0;0;0;0;0;0;0;0;0;0
FR;11;2021-12-17;0;0;0;0;0;0;0;0;0;0;0;0;0;0;0;0;0;0
FR;11;2021-12-18;0;0;0;0;0;0;0;0;0;0;0;0;0;0;0;0;0;0
FR;11;2021-12-19;0;0;0;0;0;0;0;0;0;0;0;0;0;0;0;0;0;0
FR;11;2021-12-20;0;0;0;0;0;0;0;0;0;0;0;0;0;0;0;0;0;0
FR;11;2021-12-21;0;0;0;0;0;0;0;0;0;0;0;0;0;0;0;0;0;0
FR;11;2021-12-22;0;0;0;0;0;0;0;0;0;0;0;0;0;0;0;0;0;0
FR;11;2021-12-23;0;0;0;0;0;0;0;0;0;0;0;0;0;0;0;0;0;0
FR;11;2021-12-24;0;0;0;0;0;0;0;0;0;0;0;0;0;0;0;0;0;0
FR;11;2021-12-25;0;0;0;0;0;0;0;0;0;0;0;0;0;0;0;0;0;0
FR;11;2021-12-26;0;0;0;0;0;0;0;0;0;0;0;0;0;0;0;0;0;0
FR;11;2021-12-27;0;0;0;0;0;0;0;0;0;0;0;0;0;0;0;0;0;0
FR;11;2021-12-28;0;0;0;0;0;0;0;0;0;0;0;0;0;0;0;0;0;0
FR;11;2021-12-29;0;0;0;0;0;0;0;0;0;0;0;0;0;0;0;0;0;0
FR;11;2021-12-30;0;0;0;0;0;0;0;0;0;0;0;0;0;0;0;0;0;0
FR;11;2021-12-31;0;0;0;0;0;0;0;0;0;0;0;0;0;0;0;0;0;0
FR;11;2022-01-01;0;0;0;0;0;0;0;0;0;0;0;0;0;0;0;0;0;0
FR;11;2022-01-02;0;0;0;0;0;0;0;0;0;0;0;0;0;0;0;0;0;0
FR;11;2022-01-03;0;0;0;0;0;0;0;0;0;0;0;0;0;0;0;0;0;0
FR;11;2022-01-04;0;0;0;0;0;0;0;0;0;0;0;0;0;0;0;0;0;0
FR;11;2022-01-05;0;0;0;0;0;0;0;0;0;0;0;0;0;0;0;0;0;0
FR;11;2022-01-06;0;0;0;0;0;0;0;0;0;0;0;0;0;0;0;0;0;0
FR;11;2022-01-07;0;0;0;0;0;0;0;0;0;0;0;0;0;0;0;0;0;0
FR;11;2022-01-08;0;0;0;0;0;0;0;0;0;0;0;0;0;0;0;0;0;0
FR;11;2022-01-09;0;0;0;0;0;0;0;0;0;0;0;0;0;0;0;0;0;0
FR;11;2022-01-10;0;0;0;0;0;0;0;0;0;0;0;0;0;0;0;0;0;0
FR;11;2022-01-11;0;0;0;0;0;0;0;0;0;0;0;0;0;0;0;0;0;0
FR;11;2022-01-12;0;0;0;0;0;0;0;0;0;0;0;0;0;0;0;0;0;0
FR;11;2022-01-13;0;0;0;0;0;0;0;0;0;0;0;0;0;0;0;0;0;0
FR;11;2022-01-14;0;0;0;0;0;0;0;0;0;0;0;0;0;0;0;0;0;0
FR;11;2022-01-15;0;0;0;0;0;0;0;0;0;0;0;0;0;0;0;0;0;0
FR;11;2022-01-16;0;0;0;0;0;0;0;0;0;0;0;0;0;0;0;0;0;0
FR;11;2022-01-17;0;0;0;0;0;0;0;0;0;0;0;0;0;0;0;0;0;0
FR;11;2022-01-18;0;0;0;0;0;0;0;0;0;0;0;0;0;0;0;0;0;0
FR;11;2022-01-19;0;0;0;0;0;0;0;0;0;0;0;0;0;0;0;0;0;0
FR;11;2022-01-20;0;0;0;0;0;0;0;0;0;0;0;0;0;0;0;0;0;0
FR;11;2022-01-21;0;0;0;0;0;0;0;0;0;0;0;0;0;0;0;0;0;0
FR;11;2022-01-22;0;0;0;0;0;0;0;0;0;0;0;0;0;0;0;0;0;0
FR;11;2022-01-23;0;0;0;0;0;0;0;0;0;0;0;0;0;0;0;0;0;0
FR;11;2022-01-24;0;0;0;0;0;0;0;0;0;0;0;0;0;0;0;0;0;0
FR;11;2022-01-25;0;0;0;0;0;0;0;0;0;0;0;0;0;0;0;0;0;0
FR;11;2022-01-26;0;0;0;0;0;0;0;0;0;0;0;0;0;0;0;0;0;0
FR;11;2022-01-27;0;0;0;0;0;0;0;0;0;0;0;0;0;0;0;0;0;0
FR;11;2022-01-28;0;0;0;0;0;0;0;0;0;0;0;0;0;0;0;0;0;0
FR;11;2022-01-29;0;0;0;0;0;0;0;0;0;0;0;0;0;0;0;0;0;0
FR;11;2022-01-30;0;0;0;0;0;0;0;0;0;0;0;0;0;0;0;0;0;0
FR;11;2022-01-31;0;0;0;0;0;0;0;0;0;0;0;0;0;0;0;0;0;0
FR;11;2022-02-01;0;0;0;0;0;0;0;0;0;0;0;0;0;0;0;0;0;0
FR;11;2022-02-02;0;0;0;0;0;0;0;0;0;0;0;0;0;0;0;0;0;0
FR;11;2022-02-03;0;0;0;0;0;0;0;0;0;0;0;0;0;0;0;0;0;0
FR;11;2022-02-04;0;0;0;0;0;0;0;0;0;0;0;0;0;0;0;0;0;0
FR;11;2022-02-05;0;0;0;0;0;0;0;0;0;0;0;0;0;0;0;0;0;0
FR;11;2022-02-06;0;0;0;0;0;0;0;0;0;0;0;0;0;0;0;0;0;0
FR;11;2022-02-07;0;0;0;0;0;0;0;0;0;0;0;0;0;0;0;0;0;0
FR;11;2022-02-08;0;0;0;0;0;0;0;0;0;0;0;0;0;0;0;0;0;0
FR;11;2022-02-09;0;0;0;0;0;0;0;0;0;0;0;0;0;0;0;0;0;0
FR;11;2022-02-10;0;0;0;0;0;0;0;0;0;0;0;0;0;0;0;0;0;0
FR;11;2022-02-11;0;0;0;0;0;0;0;0;0;0;0;0;0;0;0;0;0;0
FR;11;2022-02-12;0;0;0;0;0;0;0;0;0;0;0;0;0;0;0;0;0;0
FR;11;2022-02-13;0;0;0;0;0;0;0;0;0;0;0;0;0;0;0;0;0;0
FR;11;2022-02-14;0;0;0;0;0;0;0;0;0;0;0;0;0;0;0;0;0;0
FR;11;2022-02-15;0;0;0;0;0;0;0;0;0;0;0;0;0;0;0;0;0;0
FR;11;2022-02-16;0;0;0;0;0;0;0;0;0;0;0;0;0;0;0;0;0;0
FR;11;2022-02-17;0;0;0;0;0;0;0;0;0;0;0;0;0;0;0;0;0;0
FR;11;2022-02-18;0;0;0;0;0;0;0;0;0;0;0;0;0;0;0;0;0;0
FR;11;2022-02-19;0;0;0;0;0;0;0;0;0;0;0;0;0;0;0;0;0;0
FR;11;2022-02-20;0;0;0;0;0;0;0;0;0;0;0;0;0;0;0;0;0;0
FR;11;2022-02-21;0;0;0;0;0;0;0;0;0;0;0;0;0;0;0;0;0;0
FR;11;2022-02-22;0;0;0;0;0;0;0;0;0;0;0;0;0;0;0;0;0;0
FR;11;2022-02-23;0;0;0;0;0;0;0;0;0;0;0;0;0;0;0;0;0;0
FR;11;2022-02-24;0;0;0;0;0;0;0;0;0;0;0;0;0;0;0;0;0;0
FR;11;2022-02-25;0;0;0;0;0;0;0;0;0;0;0;0;0;0;0;0;0;0
FR;11;2022-02-26;0;0;0;0;0;0;0;0;0;0;0;0;0;0;0;0;0;0
FR;11;2022-02-27;0;0;0;0;0;0;0;0;0;0;0;0;0;0;0;0;0;0
FR;11;2022-02-28;0;0;0;0;0;0;0;0;0;0;0;0;0;0;0;0;0;0
FR;11;2022-03-01;0;0;0;0;0;0;0;0;0;0;0;0;0;0;0;0;0;0
FR;11;2022-03-02;0;0;0;0;0;0;0;0;0;0;0;0;0;0;0;0;0;0
FR;11;2022-03-03;0;0;0;0;0;0;0;0;0;0;0;0;0;0;0;0;0;0
FR;11;2022-03-04;0;0;0;0;0;0;0;0;0;0;0;0;0;0;0;0;0;0
FR;11;2022-03-05;0;0;0;0;0;0;0;0;0;0;0;0;0;0;0;0;0;0
FR;11;2022-03-06;0;0;0;0;0;0;0;0;0;0;0;0;0;0;0;0;0;0
FR;11;2022-03-07;0;0;0;0;0;0;0;0;0;0;0;0;0;0;0;0;0;0
FR;11;2022-03-08;0;0;0;0;0;0;0;0;0;0;0;0;0;0;0;0;0;0
FR;11;2022-03-09;0;0;0;0;0;0;0;0;0;0;0;0;0;0;0;0;0;0
FR;11;2022-03-10;0;0;0;0;0;0;0;0;0;0;0;0;0;0;0;0;0;0
FR;11;2022-03-11;0;0;0;0;0;0;0;0;0;0;0;0;0;0;0;0;0;0
FR;11;2022-03-12;0;0;0;0;0;0;0;0;0;0;0;0;0;0;0;0;0;0
FR;11;2022-03-13;0;0;0;0;0;0;0;0;0;0;0;0;0;0;0;0;0;0
FR;11;2022-03-14;0;0;0;0;0;0;0;0;0;0;0;0;0;0;0;0;0;0
FR;11;2022-03-15;0;0;0;0;0;0;0;0;0;0;0;0;0;0;0;0;0;0
FR;11;2022-03-16;0;0;0;0;0;0;0;0;0;0;0;0;0;0;0;0;0;0
FR;11;2022-03-17;0;0;0;0;0;0;0;0;0;0;0;0;0;0;0;0;0;0
FR;11;2022-03-18;0;0;0;0;0;0;0;0;0;0;0;0;0;0;0;0;0;0
FR;11;2022-03-19;0;0;0;0;0;0;0;0;0;0;0;0;0;0;0;0;0;0
FR;11;2022-03-20;0;0;0;0;0;0;0;0;0;0;0;0;0;0;0;0;0;0
FR;11;2022-03-21;0;0;0;0;0;0;0;0;0;0;0;0;0;0;0;0;0;0
FR;11;2022-03-22;0;0;0;0;0;0;0;0;0;0;0;0;0;0;0;0;0;0
FR;11;2022-03-23;0;0;0;0;0;0;0;0;0;0;0;0;0;0;0;0;0;0
FR;11;2022-03-24;0;0;0;0;0;0;0;0;0;0;0;0;0;0;0;0;0;0
FR;11;2022-03-25;0;0;0;0;0;0;0;0;0;0;0;0;0;0;0;0;0;0
FR;11;2022-03-26;0;0;0;0;0;0;0;0;0;0;0;0;0;0;0;0;0;0
FR;11;2022-03-27;0;0;0;0;0;0;0;0;0;0;0;0;0;0;0;0;0;0
FR;11;2022-03-28;0;0;0;0;0;0;0;0;0;0;0;0;0;0;0;0;0;0
FR;11;2022-03-29;0;0;0;0;0;0;0;0;0;0;0;0;0;0;0;0;0;0
FR;11;2022-03-30;0;0;0;0;0;0;0;0;0;0;0;0;0;0;0;0;0;0
FR;11;2022-03-31;0;0;0;0;0;0;0;0;0;0;0;0;0;0;0;0;0;0
FR;11;2022-04-01;0;0;0;0;0;0;0;0;0;0;0;0;0;0;0;0;0;0
FR;11;2022-04-02;0;0;0;0;0;0;0;0;0;0;0;0;0;0;0;0;0;0
FR;11;2022-04-03;0;0;0;0;0;0;0;0;0;0;0;0;0;0;0;0;0;0
FR;11;2022-04-04;0;0;0;0;0;0;0;0;0;0;0;0;0;0;0;0;0;0
FR;11;2022-04-05;0;0;0;0;0;0;0;0;0;0;0;0;0;0;0;0;0;0
FR;11;2022-04-06;0;0;0;0;0;0;0;0;0;0;0;0;0;0;0;0;0;0
FR;11;2022-04-07;0;0;0;0;0;0;0;0;0;0;0;0;0;0;0;0;0;0
FR;11;2022-04-08;0;0;0;0;0;0;0;0;0;0;0;0;0;0;0;0;0;0
FR;11;2022-04-09;0;0;0;0;0;0;0;0;0;0;0;0;0;0;0;0;0;0
FR;11;2022-04-10;0;0;0;0;0;0;0;0;0;0;0;0;0;0;0;0;0;0
FR;11;2022-04-11;0;0;0;0;0;0;0;0;0;0;0;0;0;0;0;0;0;0
FR;11;2022-04-12;0;0;0;0;0;0;0;0;0;0;0;0;0;0;0;0;0;0
FR;11;2022-04-13;0;0;0;0;0;0;0;0;0;0;0;0;0;0;0;0;0;0
FR;11;2022-04-14;0;0;0;0;0;0;0;0;0;0;0;0;0;0;0;0;0;0
FR;11;2022-04-15;0;0;0;0;0;0;0;0;0;0;0;0;0;0;0;0;0;0
FR;11;2022-04-16;0;0;0;0;0;0;0;0;0;0;0;0;0;0;0;0;0;0
FR;11;2022-04-17;0;0;0;0;0;0;0;0;0;0;0;0;0;0;0;0;0;0
FR;11;2022-04-18;0;0;0;0;0;0;0;0;0;0;0;0;0;0;0;0;0;0
FR;11;2022-04-19;0;0;0;0;0;0;0;0;0;0;0;0;0;0;0;0;0;0
FR;11;2022-04-20;0;0;0;0;0;0;0;0;0;0;0;0;0;0;0;0;0;0
FR;11;2022-04-21;0;0;0;0;0;0;0;0;0;0;0;0;0;0;0;0;0;0
FR;11;2022-04-22;0;0;0;0;0;0;0;0;0;0;0;0;0;0;0;0;0;0
FR;11;2022-04-23;0;0;0;0;0;0;0;0;0;0;0;0;0;0;0;0;0;0
FR;11;2022-04-24;0;0;0;0;0;0;0;0;0;0;0;0;0;0;0;0;0;0
FR;11;2022-04-25;0;0;0;0;0;0;0;0;0;0;0;0;0;0;0;0;0;0
FR;11;2022-04-26;0;0;0;0;0;0;0;0;0;0;0;0;0;0;0;0;0;0
FR;11;2022-04-27;0;0;0;0;0;0;0;0;0;0;0;0;0;0;0;0;0;0
FR;11;2022-04-28;0;0;0;0;0;0;0;0;0;0;0;0;0;0;0;0;0;0
FR;11;2022-04-29;0;0;0;0;0;0;0;0;0;0;0;0;0;0;0;0;0;0
FR;11;2022-04-30;0;0;0;0;0;0;0;0;0;0;0;0;0;0;0;0;0;0
FR;11;2022-05-01;0;0;0;0;0;0;0;0;0;0;0;0;0;0;0;0;0;0
FR;11;2022-05-02;0;0;0;0;0;0;0;0;0;0;0;0;0;0;0;0;0;0
FR;11;2022-05-03;0;0;0;0;0;0;0;0;0;0;0;0;0;0;0;0;0;0
FR;11;2022-05-04;0;0;0;0;0;0;0;0;0;0;0;0;0;0;0;0;0;0
FR;11;2022-05-05;0;0;0;0;0;0;0;0;0;0;0;0;0;0;0;0;0;0
FR;11;2022-05-06;0;0;0;0;0;0;0;0;0;0;0;0;0;0;0;0;0;0
FR;11;2022-05-07;0;0;0;0;0;0;0;0;0;0;0;0;0;0;0;0;0;0
FR;11;2022-05-08;0;0;0;0;0;0;0;0;0;0;0;0;0;0;0;0;0;0
FR;11;2022-05-09;0;0;0;0;0;0;0;0;0;0;0;0;0;0;0;0;0;0
FR;11;2022-05-10;0;0;0;0;0;0;0;0;0;0;0;0;0;0;0;0;0;0
FR;11;2022-05-11;0;0;0;0;0;0;0;0;0;0;0;0;0;0;0;0;0;0
FR;11;2022-05-12;0;0;0;0;0;0;0;0;0;0;0;0;0;0;0;0;0;0
FR;11;2022-05-13;0;0;0;0;0;0;0;0;0;0;0;0;0;0;0;0;0;0
FR;11;2022-05-14;0;0;0;0;0;0;0;0;0;0;0;0;0;0;0;0;0;0
FR;11;2022-05-15;0;0;0;0;0;0;0;0;0;0;0;0;0;0;0;0;0;0
FR;11;2022-05-16;0;0;0;0;0;0;0;0;0;0;0;0;0;0;0;0;0;0
FR;11;2022-05-17;0;0;0;0;0;0;0;0;0;0;0;0;0;0;0;0;0;0
FR;11;2022-05-18;0;0;0;0;0;0;0;0;0;0;0;0;0;0;0;0;0;0
FR;11;2022-05-19;0;0;0;0;0;0;0;0;0;0;0;0;0;0;0;0;0;0
FR;11;2022-05-20;0;0;0;0;0;0;0;0;0;0;0;0;0;0;0;0;0;0
FR;11;2022-05-21;0;0;0;0;0;0;0;0;0;0;0;0;0;0;0;0;0;0
FR;11;2022-05-22;0;0;0;0;0;0;0;0;0;0;0;0;0;0;0;0;0;0
FR;11;2022-05-23;0;0;0;0;0;0;0;0;0;0;0;0;0;0;0;0;0;0
FR;11;2022-05-24;0;0;0;0;0;0;0;0;0;0;0;0;0;0;0;0;0;0
FR;11;2022-05-25;0;0;0;0;0;0;0;0;0;0;0;0;0;0;0;0;0;0
FR;11;2022-05-26;0;0;0;0;0;0;0;0;0;0;0;0;0;0;0;0;0;0
FR;11;2022-05-27;0;0;0;0;0;0;0;0;0;0;0;0;0;0;0;0;0;0
FR;11;2022-05-28;0;0;0;0;0;0;0;0;0;0;0;0;0;0;0;0;0;0
FR;11;2022-05-29;0;0;0;0;0;0;0;0;0;0;0;0;0;0;0;0;0;0
FR;11;2022-05-30;0;0;0;0;0;0;0;0;0;0;0;0;0;0;0;0;0;0
FR;11;2022-05-31;0;0;0;0;0;0;0;0;0;0;0;0;0;0;0;0;0;0
FR;11;2022-06-01;0;0;0;0;0;0;0;0;0;0;0;0;0;0;0;0;0;0
FR;11;2022-06-02;0;0;0;0;0;0;0;0;0;0;0;0;0;0;0;0;0;0
FR;11;2022-06-03;0;0;0;0;0;0;0;0;0;0;0;0;0;0;0;0;0;0
FR;11;2022-06-04;0;0;0;0;0;0;0;0;0;0;0;0;0;0;0;0;0;0
FR;11;2022-06-05;0;0;0;0;0;0;0;0;0;0;0;0;0;0;0;0;0;0
FR;11;2022-06-06;0;0;0;0;0;0;0;0;0;0;0;0;0;0;0;0;0;0
FR;11;2022-06-07;0;0;0;0;0;0;0;0;0;0;0;0;0;0;0;0;0;0
FR;11;2022-06-08;0;0;0;0;0;0;0;0;0;0;0;0;0;0;0;0;0;0
FR;11;2022-06-09;0;0;0;0;0;0;0;0;0;0;0;0;0;0;0;0;0;0
FR;11;2022-06-10;0;0;0;0;0;0;0;0;0;0;0;0;0;0;0;0;0;0
FR;11;2022-06-11;0;0;0;0;0;0;0;0;0;0;0;0;0;0;0;0;0;0
FR;11;2022-06-12;0;0;0;0;0;0;0;0;0;0;0;0;0;0;0;0;0;0
FR;11;2022-06-13;0;0;0;0;0;0;0;0;0;0;0;0;0;0;0;0;0;0
FR;11;2022-06-14;0;0;0;0;0;0;0;0;0;0;0;0;0;0;0;0;0;0
FR;11;2022-06-15;0;0;0;0;0;0;0;0;0;0;0;0;0;0;0;0;0;0
FR;11;2022-06-16;0;0;0;0;0;0;0;0;0;0;0;0;0;0;0;0;0;0
FR;11;2022-06-17;0;0;0;0;0;0;0;0;0;0;0;0;0;0;0;0;0;0
FR;11;2022-06-18;0;0;0;0;0;0;0;0;0;0;0;0;0;0;0;0;0;0
FR;11;2022-06-19;0;0;0;0;0;0;0;0;0;0;0;0;0;0;0;0;0;0
FR;11;2022-06-20;0;0;0;0;0;0;0;0;0;0;0;0;0;0;0;0;0;0
FR;11;2022-06-21;0;0;0;0;0;0;0;0;0;0;0;0;0;0;0;0;0;0
FR;11;2022-06-22;0;0;0;0;0;0;0;0;0;0;0;0;0;0;0;0;0;0
FR;11;2022-06-23;0;0;0;0;0;0;0;0;0;0;0;0;0;0;0;0;0;0
FR;11;2022-06-24;0;0;0;0;0;0;0;0;0;0;0;0;0;0;0;0;0;0
FR;11;2022-06-25;0;0;0;0;0;0;0;0;0;0;0;0;0;0;0;0;0;0
FR;11;2022-06-26;0;0;0;0;0;0;0;0;0;0;0;0;0;0;0;0;0;0
FR;11;2022-06-27;0;0;0;0;0;0;0;0;0;0;0;0;0;0;0;0;0;0
FR;11;2022-06-28;0;0;0;0;0;0;0;0;0;0;0;0;0;0;0;0;0;0
FR;11;2022-06-29;0;0;0;0;0;0;0;0;0;0;0;0;0;0;0;0;0;0
FR;11;2022-06-30;0;0;0;0;0;0;0;0;0;0;0;0;0;0;0;0;0;0
FR;11;2022-07-01;0;0;0;0;0;0;0;0;0;0;0;0;0;0;0;0;0;0
FR;11;2022-07-02;0;0;0;0;0;0;0;0;0;0;0;0;0;0;0;0;0;0
FR;11;2022-07-03;0;0;0;0;0;0;0;0;0;0;0;0;0;0;0;0;0;0
FR;11;2022-07-04;0;0;0;0;0;0;0;0;0;0;0;0;0;0;0;0;0;0
FR;11;2022-07-05;0;0;0;0;0;0;0;0;0;0;0;0;0;0;0;0;0;0
FR;11;2022-07-06;0;0;0;0;0;0;0;0;0;0;0;0;0;0;0;0;0;0
FR;11;2022-07-07;0;0;0;0;0;0;0;0;0;0;0;0;0;0;0;0;0;0
FR;11;2022-07-08;0;0;0;0;0;0;0;0;0;0;0;0;0;0;0;0;0;0
FR;11;2022-07-09;0;0;0;0;0;0;0;0;0;0;0;0;0;0;0;0;0;0
FR;11;2022-07-10;0;0;0;0;0;0;0;0;0;0;0;0;0;0;0;0;0;0
FR;11;2022-07-11;0;0;0;0;0;0;0;0;0;0;0;0;0;0;0;0;0;0
FR;11;2022-07-12;0;0;0;0;0;0;0;0;0;0;0;0;0;0;0;0;0;0
FR;11;2022-07-13;0;0;0;0;0;0;0;0;0;0;0;0;0;0;0;0;0;0
FR;11;2022-07-14;0;0;0;0;0;0;0;0;0;0;0;0;0;0;0;0;0;0
FR;11;2022-07-15;0;0;0;0;0;0;0;0;0;0;0;0;0;0;0;0;0;0
FR;11;2022-07-16;0;0;0;0;0;0;0;0;0;0;0;0;0;0;0;0;0;0
FR;11;2022-07-17;0;0;0;0;0;0;0;0;0;0;0;0;0;0;0;0;0;0
FR;11;2022-07-18;0;0;0;0;0;0;0;0;0;0;0;0;0;0;0;0;0;0
FR;11;2022-07-19;0;0;0;0;0;0;0;0;0;0;0;0;0;0;0;0;0;0
FR;11;2022-07-20;0;0;0;0;0;0;0;0;0;0;0;0;0;0;0;0;0;0
FR;11;2022-07-21;0;0;0;0;0;0;0;0;0;0;0;0;0;0;0;0;0;0
FR;11;2022-07-22;0;0;0;0;0;0;0;0;0;0;0;0;0;0;0;0;0;0
FR;11;2022-07-23;0;0;0;0;0;0;0;0;0;0;0;0;0;0;0;0;0;0
FR;11;2022-07-24;0;0;0;0;0;0;0;0;0;0;0;0;0;0;0;0;0;0
FR;11;2022-07-25;0;0;0;0;0;0;0;0;0;0;0;0;0;0;0;0;0;0
FR;11;2022-07-26;0;0;0;0;0;0;0;0;0;0;0;0;0;0;0;0;0;0
FR;11;2022-07-27;0;0;0;0;0;0;0;0;0;0;0;0;0;0;0;0;0;0
FR;11;2022-07-28;0;0;0;0;0;0;0;0;0;0;0;0;0;0;0;0;0;0
FR;11;2022-07-29;0;0;0;0;0;0;0;0;0;0;0;0;0;0;0;0;0;0
FR;11;2022-07-30;0;0;0;0;0;0;0;0;0;0;0;0;0;0;0;0;0;0
FR;11;2022-07-31;0;0;0;0;0;0;0;0;0;0;0;0;0;0;0;0;0;0
FR;11;2022-08-01;0;0;0;0;0;0;0;0;0;0;0;0;0;0;0;0;0;0
FR;11;2022-08-02;0;0;0;0;0;0;0;0;0;0;0;0;0;0;0;0;0;0
FR;11;2022-08-03;0;0;0;0;0;0;0;0;0;0;0;0;0;0;0;0;0;0
FR;11;2022-08-04;0;0;0;0;0;0;0;0;0;0;0;0;0;0;0;0;0;0
FR;11;2022-08-05;0;0;0;0;0;0;0;0;0;0;0;0;0;0;0;0;0;0
FR;11;2022-08-06;0;0;0;0;0;0;0;0;0;0;0;0;0;0;0;0;0;0
FR;11;2022-08-07;0;0;0;0;0;0;0;0;0;0;0;0;0;0;0;0;0;0
FR;11;2022-08-08;0;0;0;0;0;0;0;0;0;0;0;0;0;0;0;0;0;0
FR;11;2022-08-09;0;0;0;0;0;0;0;0;0;0;0;0;0;0;0;0;0;0
FR;11;2022-08-10;0;0;0;0;0;0;0;0;0;0;0;0;0;0;0;0;0;0
FR;11;2022-08-11;0;0;0;0;0;0;0;0;0;0;0;0;0;0;0;0;0;0
FR;11;2022-08-12;0;0;0;0;0;0;0;0;0;0;0;0;0;0;0;0;0;0
FR;11;2022-08-13;0;0;0;0;0;0;0;0;0;0;0;0;0;0;0;0;0;0
FR;11;2022-08-14;0;0;0;0;0;0;0;0;0;0;0;0;0;0;0;0;0;0
FR;11;2022-08-15;0;0;0;0;0;0;0;0;0;0;0;0;0;0;0;0;0;0
FR;11;2022-08-16;0;0;0;0;0;0;0;0;0;0;0;0;0;0;0;0;0;0
FR;11;2022-08-17;0;0;0;0;0;0;0;0;0;0;0;0;0;0;0;0;0;0
FR;11;2022-08-18;0;0;0;0;0;0;0;0;0;0;0;0;0;0;0;0;0;0
FR;11;2022-08-19;0;0;0;0;0;0;0;0;0;0;0;0;0;0;0;0;0;0
FR;11;2022-08-20;0;0;0;0;0;0;0;0;0;0;0;0;0;0;0;0;0;0
FR;11;2022-08-21;0;0;0;0;0;0;0;0;0;0;0;0;0;0;0;0;0;0
FR;11;2022-08-22;0;0;0;0;0;0;0;0;0;0;0;0;0;0;0;0;0;0
FR;11;2022-08-23;0;0;0;0;0;0;0;0;0;0;0;0;0;0;0;0;0;0
FR;11;2022-08-24;0;0;0;0;0;0;0;0;0;0;0;0;0;0;0;0;0;0
FR;11;2022-08-25;0;0;0;0;0;0;0;0;0;0;0;0;0;0;0;0;0;0
FR;11;2022-08-26;0;0;0;0;0;0;0;0;0;0;0;0;0;0;0;0;0;0
FR;11;2022-08-27;0;0;0;0;0;0;0;0;0;0;0;0;0;0;0;0;0;0
FR;11;2022-08-28;0;0;0;0;0;0;0;0;0;0;0;0;0;0;0;0;0;0
FR;11;2022-08-29;0;0;0;0;0;0;0;0;0;0;0;0;0;0;0;0;0;0
FR;11;2022-08-30;0;0;0;0;0;0;0;0;0;0;0;0;0;0;0;0;0;0
FR;11;2022-08-31;0;0;0;0;0;0;0;0;0;0;0;0;0;0;0;0;0;0
FR;11;2022-09-01;0;0;0;0;0;0;0;0;0;0;0;0;0;0;0;0;0;0
FR;11;2022-09-02;0;0;0;0;0;0;0;0;0;0;0;0;0;0;0;0;0;0
FR;11;2022-09-03;0;0;0;0;0;0;0;0;0;0;0;0;0;0;0;0;0;0
FR;11;2022-09-04;0;0;0;0;0;0;0;0;0;0;0;0;0;0;0;0;0;0
FR;11;2022-09-05;0;0;0;0;0;0;0;0;0;0;0;0;0;0;0;0;0;0
FR;11;2022-09-06;0;0;0;0;0;0;0;0;0;0;0;0;0;0;0;0;0;0
FR;11;2022-09-07;0;0;0;0;0;0;0;0;0;0;0;0;0;0;0;0;0;0
FR;11;2022-09-08;0;0;0;0;0;0;0;0;0;0;0;0;0;0;0;0;0;0
FR;11;2022-09-09;0;0;0;0;0;0;0;0;0;0;0;0;0;0;0;0;0;0
FR;11;2022-09-10;0;0;0;0;0;0;0;0;0;0;0;0;0;0;0;0;0;0
FR;11;2022-09-11;0;0;0;0;0;0;0;0;0;0;0;0;0;0;0;0;0;0
FR;11;2022-09-12;0;0;0;0;0;0;0;0;0;0;0;0;0;0;0;0;0;0
FR;11;2022-09-13;0;0;0;0;0;0;0;0;0;0;0;0;0;0;0;0;0;0
FR;11;2022-09-14;0;0;0;0;0;0;0;0;0;0;0;0;0;0;0;0;0;0
FR;11;2022-09-15;0;0;0;0;0;0;0;0;0;0;0;0;0;0;0;0;0;0
FR;11;2022-09-16;0;0;0;0;0;0;0;0;0;0;0;0;0;0;0;0;0;0
FR;11;2022-09-17;0;0;0;0;0;0;0;0;0;0;0;0;0;0;0;0;0;0
FR;11;2022-09-18;0;0;0;0;0;0;0;0;0;0;0;0;0;0;0;0;0;0
FR;11;2022-09-19;0;0;0;0;0;0;0;0;0;0;0;0;0;0;0;0;0;0
FR;11;2022-09-20;0;0;0;0;0;0;0;0;0;0;0;0;0;0;0;0;0;0
FR;11;2022-09-21;0;0;0;0;0;0;0;0;0;0;0;0;0;0;0;0;0;0
FR;11;2022-09-22;0;0;0;0;0;0;0;0;0;0;0;0;0;0;0;0;0;0
FR;11;2022-09-23;0;0;0;0;0;0;0;0;0;0;0;0;0;0;0;0;0;0
FR;11;2022-09-24;0;0;0;0;0;0;0;0;0;0;0;0;0;0;0;0;0;0
FR;11;2022-09-25;0;0;0;0;0;0;0;0;0;0;0;0;0;0;0;0;0;0
FR;11;2022-09-26;0;0;0;0;0;0;0;0;0;0;0;0;0;0;0;0;0;0
FR;11;2022-09-27;0;0;0;0;0;0;0;0;0;0;0;0;0;0;0;0;0;0
FR;11;2022-09-28;0;0;0;0;0;0;0;0;0;0;0;0;0;0;0;0;0;0
FR;11;2022-09-29;0;0;0;0;0;0;0;0;0;0;0;0;0;0;0;0;0;0
FR;11;2022-09-30;0;0;0;0;0;0;0;0;0;0;0;0;0;0;0;0;0;0
FR;11;2022-10-01;0;0;0;0;0;0;0;0;0;0;0;0;0;0;0;0;0;0
FR;11;2022-10-02;0;0;0;0;0;0;0;0;0;0;0;0;0;0;0;0;0;0
FR;11;2022-10-03;0;0;0;0;0;0;0;0;0;0;0;0;0;0;0;0;0;0
FR;11;2022-10-04;0;0;0;0;0;0;0;0;0;0;0;0;0;0;0;0;0;0
FR;11;2022-10-05;0;0;0;0;0;0;0;0;0;0;0;0;0;0;0;0;0;0
FR;11;2022-10-06;0;0;0;0;0;0;0;0;0;0;0;0;0;0;0;0;0;0
FR;11;2022-10-07;0;0;0;0;0;0;0;0;0;0;0;0;0;0;0;0;0;0
FR;11;2022-10-08;0;0;0;0;0;0;0;0;0;0;0;0;0;0;0;0;0;0
FR;11;2022-10-09;0;0;0;0;0;0;0;0;0;0;0;0;0;0;0;0;0;0
FR;11;2022-10-10;0;0;0;0;0;0;0;0;0;0;0;0;0;0;0;0;0;0
FR;11;2022-10-11;0;0;0;0;0;0;0;0;0;0;0;0;0;0;0;0;0;0
FR;11;2022-10-12;0;0;0;0;0;0;0;0;0;0;0;0;0;0;0;0;0;0
FR;11;2022-10-13;0;0;0;0;0;0;0;0;0;0;0;0;0;0;0;0;0;0
FR;11;2022-10-14;0;0;0;0;0;0;0;0;0;0;0;0;0;0;0;0;0;0
FR;11;2022-10-15;0;0;0;0;0;0;0;0;0;0;0;0;0;0;0;0;0;0
FR;11;2022-10-16;0;0;0;0;0;0;0;0;0;0;0;0;0;0;0;0;0;0
FR;11;2022-10-17;0;0;0;0;0;0;0;0;0;0;0;0;0;0;0;0;0;0
FR;11;2022-10-18;0;0;0;0;0;0;0;0;0;0;0;0;0;0;0;0;0;0
FR;11;2022-10-19;0;0;0;0;0;0;0;0;0;0;0;0;0;0;0;0;0;0
FR;11;2022-10-20;0;0;0;0;0;0;0;0;0;0;0;0;0;0;0;0;0;0
FR;11;2022-10-21;0;0;0;0;0;0;0;0;0;0;0;0;0;0;0;0;0;0
FR;11;2022-10-22;0;0;0;0;0;0;0;0;0;0;0;0;0;0;0;0;0;0
FR;11;2022-10-23;0;0;0;0;0;0;0;0;0;0;0;0;0;0;0;0;0;0
FR;11;2022-10-24;0;0;0;0;0;0;0;0;0;0;0;0;0;0;0;0;0;0
FR;11;2022-10-25;0;0;0;0;0;0;0;0;0;0;0;0;0;0;0;0;0;0
FR;11;2022-10-26;0;0;0;0;0;0;0;0;0;0;0;0;0;0;0;0;0;0
FR;11;2022-10-27;0;0;0;0;0;0;0;0;0;0;0;0;0;0;0;0;0;0
FR;11;2022-10-28;0;0;0;0;0;0;0;0;0;0;0;0;0;0;0;0;0;0
FR;11;2022-10-29;0;0;0;0;0;0;0;0;0;0;0;0;0;0;0;0;0;0
FR;11;2022-10-30;0;0;0;0;0;0;0;0;0;0;0;0;0;0;0;0;0;0
FR;11;2022-10-31;0;0;0;0;0;0;0;0;0;0;0;0;0;0;0;0;0;0
FR;11;2022-11-01;0;0;0;0;0;0;0;0;0;0;0;0;0;0;0;0;0;0
FR;11;2022-11-02;0;0;0;0;0;0;0;0;0;0;0;0;0;0;0;0;0;0
FR;11;2022-11-03;0;0;0;0;0;0;0;0;0;0;0;0;0;0;0;0;0;0
FR;11;2022-11-04;0;0;0;0;0;0;0;0;0;0;0;0;0;0;0;0;0;0
FR;11;2022-11-05;0;0;0;0;0;0;0;0;0;0;0;0;0;0;0;0;0;0
FR;11;2022-11-06;0;0;0;0;0;0;0;0;0;0;0;0;0;0;0;0;0;0
FR;11;2022-11-07;0;0;0;0;0;0;0;0;0;0;0;0;0;0;0;0;0;0
FR;11;2022-11-08;0;0;0;0;0;0;0;0;0;0;0;0;0;0;0;0;0;0
FR;11;2022-11-09;0;0;0;0;0;0;0;0;0;0;0;0;0;0;0;0;0;0
FR;11;2022-11-10;0;0;0;0;0;0;0;0;0;0;0;0;0;0;0;0;0;0
FR;11;2022-11-11;0;0;0;0;0;0;0;0;0;0;0;0;0;0;0;0;0;0
FR;11;2022-11-12;0;0;0;0;0;0;0;0;0;0;0;0;0;0;0;0;0;0
FR;11;2022-11-13;0;0;0;0;0;0;0;0;0;0;0;0;0;0;0;0;0;0
FR;11;2022-11-14;0;0;0;0;0;0;0;0;0;0;0;0;0;0;0;0;0;0
FR;11;2022-11-15;0;0;0;0;0;0;0;0;0;0;0;0;0;0;0;0;0;0
FR;11;2022-11-16;0;0;0;0;0;0;0;0;0;0;0;0;0;0;0;0;0;0
FR;11;2022-11-17;0;0;0;0;0;0;0;0;0;0;0;0;0;0;0;0;0;0
FR;11;2022-11-18;0;0;0;0;0;0;0;0;0;0;0;0;0;0;0;0;0;0
FR;11;2022-11-19;0;0;0;0;0;0;0;0;0;0;0;0;0;0;0;0;0;0
FR;11;2022-11-20;0;0;0;0;0;0;0;0;0;0;0;0;0;0;0;0;0;0
FR;11;2022-11-21;0;0;0;0;0;0;0;0;0;0;0;0;0;0;0;0;0;0
FR;11;2022-11-22;0;0;0;0;0;0;0;0;0;0;0;0;0;0;0;0;0;0
FR;11;2022-11-23;0;0;0;0;0;0;0;0;0;0;0;0;0;0;0;0;0;0
FR;11;2022-11-24;0;0;0;0;0;0;0;0;0;0;0;0;0;0;0;0;0;0
FR;11;2022-11-25;0;0;0;0;0;0;0;0;0;0;0;0;0;0;0;0;0;0
FR;11;2022-11-26;0;0;0;0;0;0;0;0;0;0;0;0;0;0;0;0;0;0
FR;11;2022-11-27;0;0;0;0;0;0;0;0;0;0;0;0;0;0;0;0;0;0
FR;11;2022-11-28;0;0;0;0;0;0;0;0;0;0;0;0;0;0;0;0;0;0
FR;11;2022-11-29;0;0;0;0;0;0;0;0;0;0;0;0;0;0;0;0;0;0
FR;11;2022-11-30;0;0;0;0;0;0;0;0;0;0;0;0;0;0;0;0;0;0
FR;11;2022-12-01;0;0;0;0;0;0;0;0;0;0;0;0;0;0;0;0;0;0
FR;11;2022-12-02;0;0;0;0;0;0;0;0;0;0;0;0;0;0;0;0;0;0
FR;11;2022-12-03;0;0;0;0;0;0;0;0;0;0;0;0;0;0;0;0;0;0
FR;11;2022-12-04;0;0;0;0;0;0;0;0;0;0;0;0;0;0;0;0;0;0
FR;11;2022-12-05;0;0;0;0;0;0;0;0;0;0;0;0;0;0;0;0;0;0
FR;11;2022-12-06;0;0;0;0;0;0;0;0;0;0;0;0;0;0;0;0;0;0
FR;11;2022-12-07;0;0;0;0;0;0;0;0;0;0;0;0;0;0;0;0;0;0
FR;11;2022-12-08;0;0;0;0;0;0;0;0;0;0;0;0;0;0;0;0;0;0
FR;11;2022-12-09;0;0;0;0;0;0;0;0;0;0;0;0;0;0;0;0;0;0
FR;11;2022-12-10;0;0;0;0;0;0;0;0;0;0;0;0;0;0;0;0;0;0
FR;11;2022-12-11;0;0;0;0;0;0;0;0;0;0;0;0;0;0;0;0;0;0
FR;11;2022-12-12;0;0;0;0;0;0;0;0;0;0;0;0;0;0;0;0;0;0
FR;11;2022-12-13;0;0;0;0;0;0;0;0;0;0;0;0;0;0;0;0;0;0
FR;11;2022-12-14;0;0;0;0;0;0;0;0;0;0;0;0;0;0;0;0;0;0
FR;11;2022-12-15;0;0;0;0;0;0;0;0;0;0;0;0;0;0;0;0;0;0
FR;11;2022-12-16;0;0;0;0;0;0;0;0;0;0;0;0;0;0;0;0;0;0
FR;11;2022-12-17;0;0;0;0;0;0;0;0;0;0;0;0;0;0;0;0;0;0
FR;11;2022-12-18;0;0;0;0;0;0;0;0;0;0;0;0;0;0;0;0;0;0
FR;11;2022-12-19;0;0;0;0;0;0;0;0;0;0;0;0;0;0;0;0;0;0
FR;11;2022-12-20;0;0;0;0;0;0;0;0;0;0;0;0;0;0;0;0;0;0
FR;11;2022-12-21;0;0;0;0;0;0;0;0;0;0;0;0;0;0;0;0;0;0
FR;11;2022-12-22;0;0;0;0;0;0;0;0;0;0;0;0;0;0;0;0;0;0
FR;11;2022-12-23;0;0;0;0;0;0;0;0;0;0;0;0;0;0;0;0;0;0
FR;11;2022-12-24;0;0;0;0;0;0;0;0;0;0;0;0;0;0;0;0;0;0
FR;11;2022-12-25;0;0;0;0;0;0;0;0;0;0;0;0;0;0;0;0;0;0
FR;11;2022-12-26;0;0;0;0;0;0;0;0;0;0;0;0;0;0;0;0;0;0
FR;11;2022-12-27;0;0;0;0;0;0;0;0;0;0;0;0;0;0;0;0;0;0
FR;11;2022-12-28;0;0;0;0;0;0;0;0;0;0;0;0;0;0;0;0;0;0
FR;11;2022-12-29;0;0;0;0;0;0;0;0;0;0;0;0;0;0;0;0;0;0
FR;11;2022-12-30;0;0;0;0;0;0;0;0;0;0;0;0;0;0;0;0;0;0
FR;11;2022-12-31;0;0;0;0;0;0;0;0;0;0;0;0;0;0;0;0;0;0
FR;11;2023-01-01;0;0;0;0;0;0;0;0;0;0;0;0;0;0;0;0;0;0
FR;11;2023-01-02;0;0;0;0;0;0;0;0;0;0;0;0;0;0;0;0;0;0
FR;11;2023-01-03;0;0;0;0;0;0;0;0;0;0;0;0;0;0;0;0;0;0
FR;11;2023-01-04;0;0;0;0;0;0;0;0;0;0;0;0;0;0;0;0;0;0
FR;11;2023-01-05;0;0;0;0;0;0;0;0;0;0;0;0;0;0;0;0;0;0
FR;11;2023-01-06;0;0;0;0;0;0;0;0;0;0;0;0;0;0;0;0;0;0
FR;11;2023-01-07;0;0;0;0;0;0;0;0;0;0;0;0;0;0;0;0;0;0
FR;11;2023-01-08;0;0;0;0;0;0;0;0;0;0;0;0;0;0;0;0;0;0
FR;11;2023-01-09;0;0;0;0;0;0;0;0;0;0;0;0;0;0;0;0;0;0
FR;11;2023-01-10;0;0;0;0;0;0;0;0;0;0;0;0;0;0;0;0;0;0
FR;11;2023-01-11;0;0;0;0;0;0;0;0;0;0;0;0;0;0;0;0;0;0
FR;11;2023-01-12;0;0;0;0;0;0;0;0;0;0;0;0;0;0;0;0;0;0
FR;11;2023-01-13;0;0;0;0;0;0;0;0;0;0;0;0;0;0;0;0;0;0
FR;11;2023-01-14;0;0;0;0;0;0;0;0;0;0;0;0;0;0;0;0;0;0
FR;11;2023-01-15;0;0;0;0;0;0;0;0;0;0;0;0;0;0;0;0;0;0
FR;11;2023-01-16;0;0;0;0;0;0;0;0;0;0;0;0;0;0;0;0;0;0
FR;11;2023-01-17;0;0;0;0;0;0;0;0;0;0;0;0;0;0;0;0;0;0
FR;11;2023-01-18;0;0;0;0;0;0;0;0;0;0;0;0;0;0;0;0;0;0
FR;11;2023-01-19;0;0;0;0;0;0;0;0;0;0;0;0;0;0;0;0;0;0
FR;11;2023-01-20;0;0;0;0;0;0;0;0;0;0;0;0;0;0;0;0;0;0
FR;11;2023-01-21;0;0;0;0;0;0;0;0;0;0;0;0;0;0;0;0;0;0
FR;11;2023-01-22;0;0;0;0;0;0;0;0;0;0;0;0;0;0;0;0;0;0
FR;11;2023-01-23;0;0;0;0;0;0;0;0;0;0;0;0;0;0;0;0;0;0
FR;11;2023-01-24;0;0;0;0;0;0;0;0;0;0;0;0;0;0;0;0;0;0
FR;11;2023-01-25;0;0;0;0;0;0;0;0;0;0;0;0;0;0;0;0;0;0
FR;11;2023-01-26;0;0;0;0;0;0;0;0;0;0;0;0;0;0;0;0;0;0
FR;11;2023-01-27;0;0;0;0;0;0;0;0;0;0;0;0;0;0;0;0;0;0
FR;11;2023-01-28;0;0;0;0;0;0;0;0;0;0;0;0;0;0;0;0;0;0
FR;11;2023-01-29;0;0;0;0;0;0;0;0;0;0;0;0;0;0;0;0;0;0
FR;11;2023-01-30;0;0;0;0;0;0;0;0;0;0;0;0;0;0;0;0;0;0
FR;11;2023-01-31;0;0;0;0;0;0;0;0;0;0;0;0;0;0;0;0;0;0
FR;11;2023-02-01;0;0;0;0;0;0;0;0;0;0;0;0;0;0;0;0;0;0
FR;11;2023-02-02;0;0;0;0;0;0;0;0;0;0;0;0;0;0;0;0;0;0
FR;11;2023-02-03;0;0;0;0;0;0;0;0;0;0;0;0;0;0;0;0;0;0
FR;11;2023-02-04;0;0;0;0;0;0;0;0;0;0;0;0;0;0;0;0;0;0
FR;11;2023-02-05;0;0;0;0;0;0;0;0;0;0;0;0;0;0;0;0;0;0
FR;11;2023-02-06;1;0;0;0;0;0;0;0;0;1;0;0;0;0;0;0;0;0
FR;11;2023-02-07;0;0;0;0;0;0;0;0;0;1;0;0;0;0;0;0;0;0
FR;11;2023-02-08;2;0;0;0;0;0;0;0;0;3;0;0;0;0;0;0;0;0
FR;11;2023-02-09;2;0;0;0;0;0;0;0;0;5;0;0;0;0;0;0;0;0
FR;11;2023-02-10;0;0;0;0;0;0;0;0;0;5;0;0;0;0;0;0;0;0
FR;11;2023-02-11;0;0;0;0;0;0;0;0;0;5;0;0;0;0;0;0;0;0
FR;11;2023-02-12;0;0;0;0;0;0;0;0;0;5;0;0;0;0;0;0;0;0
FR;11;2023-02-13;2;0;0;0;0;0;0;0;0;7;0;0;0;0;0;0;0;0
FR;11;2023-02-14;0;0;0;0;0;0;0;0;0;7;0;0;0;0;0;0;0;0
FR;11;2023-02-15;2;0;0;0;0;0;0;0;0;9;0;0;0;0;0;0;0;0
FR;11;2023-02-16;0;0;0;0;0;0;0;0;0;9;0;0;0;0;0;0;0;0
FR;11;2023-02-17;0;0;0;0;0;0;0;0;0;9;0;0;0;0;0;0;0;0
FR;11;2023-02-18;0;0;0;0;0;0;0;0;0;9;0;0;0;0;0;0;0;0
FR;11;2023-02-19;0;0;0;0;0;0;0;0;0;9;0;0;0;0;0;0;0;0
FR;11;2023-02-20;0;0;0;0;0;0;0;0;0;9;0;0;0;0;0;0;0;0
FR;11;2023-02-21;1;0;0;0;0;0;0;0;0;10;0;0;0;0;0;0;0;0
FR;11;2023-02-22;0;0;0;0;0;0;0;0;0;10;0;0;0;0;0;0;0;0
FR;11;2023-02-23;0;0;0;0;0;0;0;0;0;10;0;0;0;0;0;0;0;0
FR;11;2023-02-24;0;0;0;0;0;0;0;0;0;10;0;0;0;0;0;0;0;0
FR;11;2023-02-25;0;0;0;0;0;0;0;0;0;10;0;0;0;0;0;0;0;0
FR;11;2023-02-26;0;0;2;0;0;2;0;0;0;10;0;2;0;0;2;0;0;0
FR;11;2023-02-27;0;0;0;0;0;0;0;0;0;10;0;2;0;0;2;0;0;0
FR;11;2023-02-28;1;1;0;0;1;0;0;0;0;11;1;2;0;1;2;0;0;0
FR;11;2023-03-01;0;1;0;0;1;0;0;0;0;11;2;2;0;2;2;0;0;0
FR;11;2023-03-02;0;0;0;0;0;0;0;0;0;11;2;2;0;2;2;0;0;0
FR;11;2023-03-03;0;0;0;0;0;0;0;0;0;11;2;2;0;2;2;0;0;0
FR;11;2023-03-04;2;1;0;0;1;0;0;0;0;13;3;2;0;3;2;0;0;0
FR;11;2023-03-05;0;0;0;0;0;0;0;0;0;13;3;2;0;3;2;0;0;0
FR;11;2023-03-06;4;0;1;0;1;1;0;0;0;17;3;3;0;4;3;0;0;0
FR;11;2023-03-07;0;1;0;0;1;0;0;0;0;17;4;3;0;5;3;0;0;0
FR;11;2023-03-08;1;1;0;0;1;0;0;0;0;18;5;3;0;6;3;0;0;0
FR;11;2023-03-09;0;0;0;0;0;0;0;0;0;18;5;3;0;6;3;0;0;0
FR;11;2023-03-10;0;0;0;0;0;0;0;0;0;18;5;3;0;6;3;0;0;0
FR;11;2023-03-11;2;0;0;0;0;0;0;0;0;20;5;3;0;6;3;0;0;0
FR;11;2023-03-12;0;1;0;0;1;0;0;0;0;20;6;3;0;7;3;0;0;0
FR;11;2023-03-13;0;0;0;0;0;0;0;0;0;20;6;3;0;7;3;0;0;0
FR;11;2023-03-14;0;0;0;0;0;0;0;0;0;20;6;3;0;7;3;0;0;0
FR;11;2023-03-15;0;1;0;0;1;0;0;0;0;20;7;3;0;8;3;0;0;0
FR;11;2023-03-16;0;0;0;0;0;0;0;0;0;20;7;3;0;8;3;0;0;0
FR;11;2023-03-17;0;0;0;0;0;0;0;0;0;20;7;3;0;8;3;0;0;0
FR;11;2023-03-18;1;0;0;0;0;0;0;0;0;21;7;3;0;8;3;0;0;0
FR;11;2023-03-19;0;0;0;0;0;0;0;0;0;21;7;3;0;8;3;0;0;0
FR;11;2023-03-20;0;0;0;0;0;0;0;0;0;21;7;3;0;8;3;0;0;0
FR;11;2023-03-21;1;0;0;0;0;0;0;0;0;22;7;3;0;8;3;0;0;0
FR;11;2023-03-22;2;0;0;0;0;0;0;0;0;24;7;3;0;8;3;0;0;0
FR;11;2023-03-23;0;0;0;1;0;0;1;0;0;24;7;3;1;8;3;1;0;0
FR;11;2023-03-24;0;0;0;0;0;0;0;0;0;24;7;3;1;8;3;1;0;0
FR;11;2023-03-25;1;1;0;0;1;0;0;0;0;25;8;3;1;9;3;1;0;0
FR;11;2023-03-26;0;0;0;0;0;0;0;0;0;25;8;3;1;9;3;1;0;0
FR;11;2023-03-27;0;1;0;0;0;1;0;0;0;25;9;3;1;9;4;1;0;0
FR;11;2023-03-28;0;0;0;0;0;0;0;0;0;25;9;3;1;9;4;1;0;0
FR;11;2023-03-29;0;1;0;0;1;0;0;0;0;25;10;3;1;10;4;1;0;0
FR;11;2023-03-30;1;1;0;0;1;0;0;0;0;26;11;3;1;11;4;1;0;0
FR;11;2023-03-31;0;0;0;0;0;0;0;0;0;26;11;3;1;11;4;1;0;0
FR;11;2023-04-01;0;2;0;0;2;0;0;0;0;26;13;3;1;13;4;1;0;0
FR;11;2023-04-02;0;0;0;0;0;0;0;0;0;26;13;3;1;13;4;1;0;0
FR;11;2023-04-03;0;3;0;0;3;0;0;0;0;26;16;3;1;16;4;1;0;0
FR;11;2023-04-04;0;0;0;0;0;0;0;0;0;26;16;3;1;16;4;1;0;0
FR;11;2023-04-05;0;0;0;0;0;0;0;0;0;26;16;3;1;16;4;1;0;0
FR;11;2023-04-06;0;0;0;0;0;0;0;0;0;26;16;3;1;16;4;1;0;0
FR;11;2023-04-07;0;1;0;0;1;0;0;0;0;26;17;3;1;17;4;1;0;0
FR;11;2023-04-08;0;0;0;0;0;0;0;0;0;26;17;3;1;17;4;1;0;0
FR;11;2023-04-09;0;0;0;0;0;0;0;0;0;26;17;3;1;17;4;1;0;0
FR;11;2023-04-10;0;0;0;0;0;0;0;0;0;26;17;3;1;17;4;1;0;0
FR;11;2023-04-11;0;1;0;0;1;0;0;0;0;26;18;3;1;18;4;1;0;0
FR;11;2023-04-12;1;1;0;0;1;0;0;0;0;27;19;3;1;19;4;1;0;0
FR;11;2023-04-13;0;0;0;0;0;0;0;0;0;27;19;3;1;19;4;1;0;0
FR;11;2023-04-14;0;0;0;0;0;0;0;0;0;27;19;3;1;19;4;1;0;0
FR;11;2023-04-15;0;1;0;0;1;0;0;0;0;27;20;3;1;20;4;1;0;0
FR;11;2023-04-16;0;0;0;0;0;0;0;0;0;27;20;3;1;20;4;1;0;0
FR;11;2023-04-17;0;1;0;0;1;0;0;0;0;27;21;3;1;21;4;1;0;0
FR;11;2023-04-18;0;0;0;0;0;0;0;0;0;27;21;3;1;21;4;1;0;0
FR;11;2023-04-19;1;0;0;0;0;0;0;0;0;28;21;3;1;21;4;1;0;0
FR;11;2023-04-20;0;1;0;0;1;0;0;0;0;28;22;3;1;22;4;1;0;0
FR;11;2023-04-21;2;0;0;0;0;0;0;0;0;30;22;3;1;22;4;1;0;0
FR;11;2023-04-22;0;2;0;0;2;0;0;0;0;30;24;3;1;24;4;1;0;0
FR;11;2023-04-23;0;0;0;0;0;0;0;0;0;30;24;3;1;24;4;1;0;0
FR;11;2023-04-24;0;0;1;0;0;1;0;0;0;30;24;4;1;24;5;1;0;0
FR;11;2023-04-25;0;0;0;0;0;0;0;0;0;30;24;4;1;24;5;1;0;0
FR;11;2023-04-26;0;0;0;0;0;0;0;0;0;30;24;4;1;24;5;1;0;0
FR;11;2023-04-27;0;0;0;0;0;0;0;0;0;30;24;4;1;24;5;1;0;0
FR;11;2023-04-28;0;0;0;0;0;0;0;0;0;30;24;4;1;24;5;1;0;0
FR;11;2023-04-29;0;0;0;0;0;0;0;0;0;30;24;4;1;24;5;1;0;0
FR;11;2023-04-30;0;0;0;0;0;0;0;0;0;30;24;4;1;24;5;1;0;0
FR;11;2023-05-01;0;0;0;0;0;0;0;0;0;30;24;4;1;24;5;1;0;0
FR;11;2023-05-02;0;0;0;0;0;0;0;0;0;30;24;4;1;24;5;1;0;0
FR;11;2023-05-03;0;0;2;0;0;2;0;0;0;30;24;6;1;24;7;1;0;0
FR;11;2023-05-04;0;0;0;0;0;0;0;0;0;30;24;6;1;24;7;1;0;0
FR;11;2023-05-05;0;0;0;0;0;0;0;0;0;30;24;6;1;24;7;1;0;0
FR;11;2023-05-06;0;0;0;0;0;0;0;0;0;30;24;6;1;24;7;1;0;0
FR;11;2023-05-07;0;0;0;0;0;0;0;0;0;30;24;6;1;24;7;1;0;0
FR;11;2023-05-08;0;0;0;0;0;0;0;0;0;30;24;6;1;24;7;1;0;0
FR;11;2023-05-09;0;0;0;0;0;0;0;0;0;30;24;6;1;24;7;1;0;0
FR;11;2023-05-10;2;2;0;0;2;0;0;0;0;32;26;6;1;26;7;1;0;0
FR;11;2023-05-11;0;0;0;0;0;0;0;0;0;32;26;6;1;26;7;1;0;0
FR;11;2023-05-12;0;0;0;0;0;0;0;0;0;32;26;6;1;26;7;1;0;0
FR;11;2023-05-13;0;0;0;0;0;0;0;0;0;32;26;6;1;26;7;1;0;0
FR;11;2023-05-14;0;0;0;0;0;0;0;0;0;32;26;6;1;26;7;1;0;0
FR;11;2023-05-15;0;0;0;0;0;0;0;0;0;32;26;6;1;26;7;1;0;0
FR;11;2023-05-16;0;0;0;0;0;0;0;0;0;32;26;6;1;26;7;1;0;0
FR;11;2023-05-17;0;0;0;0;0;0;0;0;0;32;26;6;1;26;7;1;0;0
FR;11;2023-05-18;0;0;0;0;0;0;0;0;0;32;26;6;1;26;7;1;0;0
FR;11;2023-05-19;0;0;0;0;0;0;0;0;0;32;26;6;1;26;7;1;0;0
FR;11;2023-05-20;0;0;0;0;0;0;0;0;0;32;26;6;1;26;7;1;0;0
FR;11;2023-05-21;0;0;0;0;0;0;0;0;0;32;26;6;1;26;7;1;0;0
FR;11;2023-05-22;0;0;0;0;0;0;0;0;0;32;26;6;1;26;7;1;0;0
FR;11;2023-05-23;0;0;0;0;0;0;0;0;0;32;26;6;1;26;7;1;0;0
FR;11;2023-05-24;1;0;1;0;0;0;0;0;0;33;26;7;1;26;7;1;0;0
FR;11;2023-05-25;0;0;0;0;0;0;0;0;0;33;26;7;1;26;7;1;0;0
FR;11;2023-05-26;0;0;0;0;0;0;0;0;0;33;26;7;1;26;7;1;0;0
FR;11;2023-05-27;0;0;3;0;0;3;0;0;0;33;26;10;1;26;10;1;0;0
FR;11;2023-05-28;0;0;0;0;0;0;0;0;0;33;26;10;1;26;10;1;0;0
FR;11;2023-05-29;0;0;0;0;0;0;0;0;0;33;26;10;1;26;10;1;0;0
FR;11;2023-05-30;0;1;3;0;1;3;0;0;0;33;27;13;1;27;13;1;0;0
FR;11;2023-05-31;0;0;1;0;0;0;1;0;0;33;27;14;1;27;13;2;0;0
FR;11;2023-06-01;0;0;0;0;0;0;0;0;0;33;27;14;1;27;13;2;0;0
FR;11;2023-06-02;0;0;1;0;0;1;0;0;0;33;27;15;1;27;14;2;0;0
FR;11;2023-06-03;0;0;0;0;0;0;0;0;0;33;27;15;1;27;14;2;0;0
FR;11;2023-06-04;0;0;0;0;0;0;0;0;0;33;27;15;1;27;14;2;0;0
FR;11;2023-06-05;0;0;0;0;0;0;0;0;0;33;27;15;1;27;14;2;0;0
FR;11;2023-06-06;0;0;1;0;0;0;0;0;0;33;27;16;1;27;14;2;0;0
FR;11;2023-06-07;2;0;1;0;0;1;0;0;0;35;27;17;1;27;15;2;0;0
FR;11;2023-06-08;3;0;0;0;0;0;0;0;0;38;27;17;1;27;15;2;0;0
FR;11;2023-06-09;0;0;0;0;0;0;0;0;0;38;27;17;1;27;15;2;0;0
FR;11;2023-06-10;0;0;0;0;0;0;0;0;0;38;27;17;1;27;15;2;0;0
FR;11;2023-06-11;2;0;0;0;0;0;0;0;0;40;27;17;1;27;15;2;0;0
FR;11;2023-06-12;0;0;0;0;0;0;0;0;0;40;27;17;1;27;15;2;0;0
FR;11;2023-06-13;0;0;0;0;0;0;0;0;0;40;27;17;1;27;15;2;0;0
FR;11;2023-06-14;0;0;0;0;0;0;0;0;0;40;27;17;1;27;15;2;0;0
FR;11;2023-06-15;0;0;1;0;0;1;0;0;0;40;27;18;1;27;16;2;0;0
FR;11;2023-06-16;0;0;1;0;0;1;0;0;0;40;27;19;1;27;17;2;0;0
FR;11;2023-06-17;0;0;0;0;0;0;0;0;0;40;27;19;1;27;17;2;0;0
FR;11;2023-06-18;0;0;1;0;0;1;0;0;0;40;27;20;1;27;18;2;0;0
FR;11;2023-06-19;0;0;0;0;0;0;0;0;0;40;27;20;1;27;18;2;0;0
FR;11;2023-06-20;0;0;0;0;0;0;0;0;0;40;27;20;1;27;18;2;0;0
FR;11;2023-06-21;0;1;0;0;1;0;0;0;0;40;28;20;1;28;18;2;0;0
FR;11;2023-06-22;0;0;0;0;0;0;0;0;0;40;28;20;1;28;18;2;0;0
FR;11;2023-06-23;1;0;0;0;0;0;0;0;0;41;28;20;1;28;18;2;0;0
FR;11;2023-06-24;0;0;0;0;0;0;0;0;0;41;28;20;1;28;18;2;0;0
FR;11;2023-06-25;0;0;0;0;0;0;0;0;0;41;28;20;1;28;18;2;0;0
FR;11;2023-06-26;0;0;0;0;0;0;0;0;0;41;28;20;1;28;18;2;0;0
FR;12;2020-12-27;0;0;0;0;0;0;0;0;0;0;0;0;0;0;0;0;0;0
FR;12;2020-12-28;0;0;0;0;0;0;0;0;0;0;0;0;0;0;0;0;0;0
FR;12;2020-12-29;0;0;0;0;0;0;0;0;0;0;0;0;0;0;0;0;0;0
FR;12;2020-12-30;0;0;0;0;0;0;0;0;0;0;0;0;0;0;0;0;0;0
FR;12;2020-12-31;0;0;0;0;0;0;0;0;0;0;0;0;0;0;0;0;0;0
FR;12;2021-01-01;0;0;0;0;0;0;0;0;0;0;0;0;0;0;0;0;0;0
FR;12;2021-01-02;0;0;0;0;0;0;0;0;0;0;0;0;0;0;0;0;0;0
FR;12;2021-01-03;0;0;0;0;0;0;0;0;0;0;0;0;0;0;0;0;0;0
FR;12;2021-01-04;0;0;0;0;0;0;0;0;0;0;0;0;0;0;0;0;0;0
FR;12;2021-01-05;0;0;0;0;0;0;0;0;0;0;0;0;0;0;0;0;0;0
FR;12;2021-01-06;0;0;0;0;0;0;0;0;0;0;0;0;0;0;0;0;0;0
FR;12;2021-01-07;0;0;0;0;0;0;0;0;0;0;0;0;0;0;0;0;0;0
FR;12;2021-01-08;0;0;0;0;0;0;0;0;0;0;0;0;0;0;0;0;0;0
FR;12;2021-01-09;0;0;0;0;0;0;0;0;0;0;0;0;0;0;0;0;0;0
FR;12;2021-01-10;0;0;0;0;0;0;0;0;0;0;0;0;0;0;0;0;0;0
FR;12;2021-01-11;0;0;0;0;0;0;0;0;0;0;0;0;0;0;0;0;0;0
FR;12;2021-01-12;0;0;0;0;0;0;0;0;0;0;0;0;0;0;0;0;0;0
FR;12;2021-01-13;0;0;0;0;0;0;0;0;0;0;0;0;0;0;0;0;0;0
FR;12;2021-01-14;0;0;0;0;0;0;0;0;0;0;0;0;0;0;0;0;0;0
FR;12;2021-01-15;0;0;0;0;0;0;0;0;0;0;0;0;0;0;0;0;0;0
FR;12;2021-01-16;0;0;0;0;0;0;0;0;0;0;0;0;0;0;0;0;0;0
FR;12;2021-01-17;0;0;0;0;0;0;0;0;0;0;0;0;0;0;0;0;0;0
FR;12;2021-01-18;0;0;0;0;0;0;0;0;0;0;0;0;0;0;0;0;0;0
FR;12;2021-01-19;0;0;0;0;0;0;0;0;0;0;0;0;0;0;0;0;0;0
FR;12;2021-01-20;0;0;0;0;0;0;0;0;0;0;0;0;0;0;0;0;0;0
FR;12;2021-01-21;0;0;0;0;0;0;0;0;0;0;0;0;0;0;0;0;0;0
FR;12;2021-01-22;0;0;0;0;0;0;0;0;0;0;0;0;0;0;0;0;0;0
FR;12;2021-01-23;0;0;0;0;0;0;0;0;0;0;0;0;0;0;0;0;0;0
FR;12;2021-01-24;0;0;0;0;0;0;0;0;0;0;0;0;0;0;0;0;0;0
FR;12;2021-01-25;0;0;0;0;0;0;0;0;0;0;0;0;0;0;0;0;0;0
FR;12;2021-01-26;0;0;0;0;0;0;0;0;0;0;0;0;0;0;0;0;0;0
FR;12;2021-01-27;0;0;0;0;0;0;0;0;0;0;0;0;0;0;0;0;0;0
FR;12;2021-01-28;0;0;0;0;0;0;0;0;0;0;0;0;0;0;0;0;0;0
FR;12;2021-01-29;0;0;0;0;0;0;0;0;0;0;0;0;0;0;0;0;0;0
FR;12;2021-01-30;0;0;0;0;0;0;0;0;0;0;0;0;0;0;0;0;0;0
FR;12;2021-01-31;0;0;0;0;0;0;0;0;0;0;0;0;0;0;0;0;0;0
FR;12;2021-02-01;0;0;0;0;0;0;0;0;0;0;0;0;0;0;0;0;0;0
FR;12;2021-02-02;0;0;0;0;0;0;0;0;0;0;0;0;0;0;0;0;0;0
FR;12;2021-02-03;0;0;0;0;0;0;0;0;0;0;0;0;0;0;0;0;0;0
FR;12;2021-02-04;0;0;0;0;0;0;0;0;0;0;0;0;0;0;0;0;0;0
FR;12;2021-02-05;0;0;0;0;0;0;0;0;0;0;0;0;0;0;0;0;0;0
FR;12;2021-02-06;0;0;0;0;0;0;0;0;0;0;0;0;0;0;0;0;0;0
FR;12;2021-02-07;0;0;0;0;0;0;0;0;0;0;0;0;0;0;0;0;0;0
FR;12;2021-02-08;0;0;0;0;0;0;0;0;0;0;0;0;0;0;0;0;0;0
FR;12;2021-02-09;0;0;0;0;0;0;0;0;0;0;0;0;0;0;0;0;0;0
FR;12;2021-02-10;0;0;0;0;0;0;0;0;0;0;0;0;0;0;0;0;0;0
FR;12;2021-02-11;0;0;0;0;0;0;0;0;0;0;0;0;0;0;0;0;0;0
FR;12;2021-02-12;0;0;0;0;0;0;0;0;0;0;0;0;0;0;0;0;0;0
FR;12;2021-02-13;0;0;0;0;0;0;0;0;0;0;0;0;0;0;0;0;0;0
FR;12;2021-02-14;0;0;0;0;0;0;0;0;0;0;0;0;0;0;0;0;0;0
FR;12;2021-02-15;0;0;0;0;0;0;0;0;0;0;0;0;0;0;0;0;0;0
FR;12;2021-02-16;0;0;0;0;0;0;0;0;0;0;0;0;0;0;0;0;0;0
FR;12;2021-02-17;0;0;0;0;0;0;0;0;0;0;0;0;0;0;0;0;0;0
FR;12;2021-02-18;0;0;0;0;0;0;0;0;0;0;0;0;0;0;0;0;0;0
FR;12;2021-02-19;0;0;0;0;0;0;0;0;0;0;0;0;0;0;0;0;0;0
FR;12;2021-02-20;0;0;0;0;0;0;0;0;0;0;0;0;0;0;0;0;0;0
FR;12;2021-02-21;0;0;0;0;0;0;0;0;0;0;0;0;0;0;0;0;0;0
FR;12;2021-02-22;0;0;0;0;0;0;0;0;0;0;0;0;0;0;0;0;0;0
FR;12;2021-02-23;0;0;0;0;0;0;0;0;0;0;0;0;0;0;0;0;0;0
FR;12;2021-02-24;0;0;0;0;0;0;0;0;0;0;0;0;0;0;0;0;0;0
FR;12;2021-02-25;0;0;0;0;0;0;0;0;0;0;0;0;0;0;0;0;0;0
FR;12;2021-02-26;0;0;0;0;0;0;0;0;0;0;0;0;0;0;0;0;0;0
FR;12;2021-02-27;0;0;0;0;0;0;0;0;0;0;0;0;0;0;0;0;0;0
FR;12;2021-02-28;0;0;0;0;0;0;0;0;0;0;0;0;0;0;0;0;0;0
FR;12;2021-03-01;0;0;0;0;0;0;0;0;0;0;0;0;0;0;0;0;0;0
FR;12;2021-03-02;0;0;0;0;0;0;0;0;0;0;0;0;0;0;0;0;0;0
FR;12;2021-03-03;0;0;0;0;0;0;0;0;0;0;0;0;0;0;0;0;0;0
FR;12;2021-03-04;0;0;0;0;0;0;0;0;0;0;0;0;0;0;0;0;0;0
FR;12;2021-03-05;0;0;0;0;0;0;0;0;0;0;0;0;0;0;0;0;0;0
FR;12;2021-03-06;0;0;0;0;0;0;0;0;0;0;0;0;0;0;0;0;0;0
FR;12;2021-03-07;0;0;0;0;0;0;0;0;0;0;0;0;0;0;0;0;0;0
FR;12;2021-03-08;0;0;0;0;0;0;0;0;0;0;0;0;0;0;0;0;0;0
FR;12;2021-03-09;0;0;0;0;0;0;0;0;0;0;0;0;0;0;0;0;0;0
FR;12;2021-03-10;0;0;0;0;0;0;0;0;0;0;0;0;0;0;0;0;0;0
FR;12;2021-03-11;0;0;0;0;0;0;0;0;0;0;0;0;0;0;0;0;0;0
FR;12;2021-03-12;0;0;0;0;0;0;0;0;0;0;0;0;0;0;0;0;0;0
FR;12;2021-03-13;0;0;0;0;0;0;0;0;0;0;0;0;0;0;0;0;0;0
FR;12;2021-03-14;0;0;0;0;0;0;0;0;0;0;0;0;0;0;0;0;0;0
FR;12;2021-03-15;0;0;0;0;0;0;0;0;0;0;0;0;0;0;0;0;0;0
FR;12;2021-03-16;0;0;0;0;0;0;0;0;0;0;0;0;0;0;0;0;0;0
FR;12;2021-03-17;0;0;0;0;0;0;0;0;0;0;0;0;0;0;0;0;0;0
FR;12;2021-03-18;0;0;0;0;0;0;0;0;0;0;0;0;0;0;0;0;0;0
FR;12;2021-03-19;0;0;0;0;0;0;0;0;0;0;0;0;0;0;0;0;0;0
FR;12;2021-03-20;0;0;0;0;0;0;0;0;0;0;0;0;0;0;0;0;0;0
FR;12;2021-03-21;0;0;0;0;0;0;0;0;0;0;0;0;0;0;0;0;0;0
FR;12;2021-03-22;0;0;0;0;0;0;0;0;0;0;0;0;0;0;0;0;0;0
FR;12;2021-03-23;0;0;0;0;0;0;0;0;0;0;0;0;0;0;0;0;0;0
FR;12;2021-03-24;0;0;0;0;0;0;0;0;0;0;0;0;0;0;0;0;0;0
FR;12;2021-03-25;0;0;0;0;0;0;0;0;0;0;0;0;0;0;0;0;0;0
FR;12;2021-03-26;0;0;0;0;0;0;0;0;0;0;0;0;0;0;0;0;0;0
FR;12;2021-03-27;0;0;0;0;0;0;0;0;0;0;0;0;0;0;0;0;0;0
FR;12;2021-03-28;0;0;0;0;0;0;0;0;0;0;0;0;0;0;0;0;0;0
FR;12;2021-03-29;0;0;0;0;0;0;0;0;0;0;0;0;0;0;0;0;0;0
FR;12;2021-03-30;0;0;0;0;0;0;0;0;0;0;0;0;0;0;0;0;0;0
FR;12;2021-03-31;0;0;0;0;0;0;0;0;0;0;0;0;0;0;0;0;0;0
FR;12;2021-04-01;0;0;0;0;0;0;0;0;0;0;0;0;0;0;0;0;0;0
FR;12;2021-04-02;0;0;0;0;0;0;0;0;0;0;0;0;0;0;0;0;0;0
FR;12;2021-04-03;0;0;0;0;0;0;0;0;0;0;0;0;0;0;0;0;0;0
FR;12;2021-04-04;0;0;0;0;0;0;0;0;0;0;0;0;0;0;0;0;0;0
FR;12;2021-04-05;0;0;0;0;0;0;0;0;0;0;0;0;0;0;0;0;0;0
FR;12;2021-04-06;0;0;0;0;0;0;0;0;0;0;0;0;0;0;0;0;0;0
FR;12;2021-04-07;0;0;0;0;0;0;0;0;0;0;0;0;0;0;0;0;0;0
FR;12;2021-04-08;0;0;0;0;0;0;0;0;0;0;0;0;0;0;0;0;0;0
FR;12;2021-04-09;0;0;0;0;0;0;0;0;0;0;0;0;0;0;0;0;0;0
FR;12;2021-04-10;0;0;0;0;0;0;0;0;0;0;0;0;0;0;0;0;0;0
FR;12;2021-04-11;0;0;0;0;0;0;0;0;0;0;0;0;0;0;0;0;0;0
FR;12;2021-04-12;0;0;0;0;0;0;0;0;0;0;0;0;0;0;0;0;0;0
FR;12;2021-04-13;0;0;0;0;0;0;0;0;0;0;0;0;0;0;0;0;0;0
FR;12;2021-04-14;0;0;0;0;0;0;0;0;0;0;0;0;0;0;0;0;0;0
FR;12;2021-04-15;0;0;0;0;0;0;0;0;0;0;0;0;0;0;0;0;0;0
FR;12;2021-04-16;0;0;0;0;0;0;0;0;0;0;0;0;0;0;0;0;0;0
FR;12;2021-04-17;0;0;0;0;0;0;0;0;0;0;0;0;0;0;0;0;0;0
FR;12;2021-04-18;0;0;0;0;0;0;0;0;0;0;0;0;0;0;0;0;0;0
FR;12;2021-04-19;0;0;0;0;0;0;0;0;0;0;0;0;0;0;0;0;0;0
FR;12;2021-04-20;0;0;0;0;0;0;0;0;0;0;0;0;0;0;0;0;0;0
FR;12;2021-04-21;0;0;0;0;0;0;0;0;0;0;0;0;0;0;0;0;0;0
FR;12;2021-04-22;0;0;0;0;0;0;0;0;0;0;0;0;0;0;0;0;0;0
FR;12;2021-04-23;0;0;0;0;0;0;0;0;0;0;0;0;0;0;0;0;0;0
FR;12;2021-04-24;0;0;0;0;0;0;0;0;0;0;0;0;0;0;0;0;0;0
FR;12;2021-04-25;0;0;0;0;0;0;0;0;0;0;0;0;0;0;0;0;0;0
FR;12;2021-04-26;0;0;0;0;0;0;0;0;0;0;0;0;0;0;0;0;0;0
FR;12;2021-04-27;0;0;0;0;0;0;0;0;0;0;0;0;0;0;0;0;0;0
FR;12;2021-04-28;0;0;0;0;0;0;0;0;0;0;0;0;0;0;0;0;0;0
FR;12;2021-04-29;0;0;0;0;0;0;0;0;0;0;0;0;0;0;0;0;0;0
FR;12;2021-04-30;0;0;0;0;0;0;0;0;0;0;0;0;0;0;0;0;0;0
FR;12;2021-05-01;0;0;0;0;0;0;0;0;0;0;0;0;0;0;0;0;0;0
FR;12;2021-05-02;0;0;0;0;0;0;0;0;0;0;0;0;0;0;0;0;0;0
FR;12;2021-05-03;0;0;0;0;0;0;0;0;0;0;0;0;0;0;0;0;0;0
FR;12;2021-05-04;0;0;0;0;0;0;0;0;0;0;0;0;0;0;0;0;0;0
FR;12;2021-05-05;0;0;0;0;0;0;0;0;0;0;0;0;0;0;0;0;0;0
FR;12;2021-05-06;0;0;0;0;0;0;0;0;0;0;0;0;0;0;0;0;0;0
FR;12;2021-05-07;0;0;0;0;0;0;0;0;0;0;0;0;0;0;0;0;0;0
FR;12;2021-05-08;0;0;0;0;0;0;0;0;0;0;0;0;0;0;0;0;0;0
FR;12;2021-05-09;0;0;0;0;0;0;0;0;0;0;0;0;0;0;0;0;0;0
FR;12;2021-05-10;0;0;0;0;0;0;0;0;0;0;0;0;0;0;0;0;0;0
FR;12;2021-05-11;0;0;0;0;0;0;0;0;0;0;0;0;0;0;0;0;0;0
FR;12;2021-05-12;0;0;0;0;0;0;0;0;0;0;0;0;0;0;0;0;0;0
FR;12;2021-05-13;0;0;0;0;0;0;0;0;0;0;0;0;0;0;0;0;0;0
FR;12;2021-05-14;0;0;0;0;0;0;0;0;0;0;0;0;0;0;0;0;0;0
FR;12;2021-05-15;0;0;0;0;0;0;0;0;0;0;0;0;0;0;0;0;0;0
FR;12;2021-05-16;0;0;0;0;0;0;0;0;0;0;0;0;0;0;0;0;0;0
FR;12;2021-05-17;0;0;0;0;0;0;0;0;0;0;0;0;0;0;0;0;0;0
FR;12;2021-05-18;0;0;0;0;0;0;0;0;0;0;0;0;0;0;0;0;0;0
FR;12;2021-05-19;0;0;0;0;0;0;0;0;0;0;0;0;0;0;0;0;0;0
FR;12;2021-05-20;0;0;0;0;0;0;0;0;0;0;0;0;0;0;0;0;0;0
FR;12;2021-05-21;0;0;0;0;0;0;0;0;0;0;0;0;0;0;0;0;0;0
FR;12;2021-05-22;0;0;0;0;0;0;0;0;0;0;0;0;0;0;0;0;0;0
FR;12;2021-05-23;0;0;0;0;0;0;0;0;0;0;0;0;0;0;0;0;0;0
FR;12;2021-05-24;0;0;0;0;0;0;0;0;0;0;0;0;0;0;0;0;0;0
FR;12;2021-05-25;0;0;0;0;0;0;0;0;0;0;0;0;0;0;0;0;0;0
FR;12;2021-05-26;0;0;0;0;0;0;0;0;0;0;0;0;0;0;0;0;0;0
FR;12;2021-05-27;0;0;0;0;0;0;0;0;0;0;0;0;0;0;0;0;0;0
FR;12;2021-05-28;0;0;0;0;0;0;0;0;0;0;0;0;0;0;0;0;0;0
FR;12;2021-05-29;0;0;0;0;0;0;0;0;0;0;0;0;0;0;0;0;0;0
FR;12;2021-05-30;0;0;0;0;0;0;0;0;0;0;0;0;0;0;0;0;0;0
FR;12;2021-05-31;0;0;0;0;0;0;0;0;0;0;0;0;0;0;0;0;0;0
FR;12;2021-06-01;0;0;0;0;0;0;0;0;0;0;0;0;0;0;0;0;0;0
FR;12;2021-06-02;0;0;0;0;0;0;0;0;0;0;0;0;0;0;0;0;0;0
FR;12;2021-06-03;0;0;0;0;0;0;0;0;0;0;0;0;0;0;0;0;0;0
FR;12;2021-06-04;0;0;0;0;0;0;0;0;0;0;0;0;0;0;0;0;0;0
FR;12;2021-06-05;0;0;0;0;0;0;0;0;0;0;0;0;0;0;0;0;0;0
FR;12;2021-06-06;0;0;0;0;0;0;0;0;0;0;0;0;0;0;0;0;0;0
FR;12;2021-06-07;0;0;0;0;0;0;0;0;0;0;0;0;0;0;0;0;0;0
FR;12;2021-06-08;0;0;0;0;0;0;0;0;0;0;0;0;0;0;0;0;0;0
FR;12;2021-06-09;0;0;0;0;0;0;0;0;0;0;0;0;0;0;0;0;0;0
FR;12;2021-06-10;0;0;0;0;0;0;0;0;0;0;0;0;0;0;0;0;0;0
FR;12;2021-06-11;0;0;0;0;0;0;0;0;0;0;0;0;0;0;0;0;0;0
FR;12;2021-06-12;0;0;0;0;0;0;0;0;0;0;0;0;0;0;0;0;0;0
FR;12;2021-06-13;0;0;0;0;0;0;0;0;0;0;0;0;0;0;0;0;0;0
FR;12;2021-06-14;0;0;0;0;0;0;0;0;0;0;0;0;0;0;0;0;0;0
FR;12;2021-06-15;0;0;0;0;0;0;0;0;0;0;0;0;0;0;0;0;0;0
FR;12;2021-06-16;0;0;0;0;0;0;0;0;0;0;0;0;0;0;0;0;0;0
FR;12;2021-06-17;0;0;0;0;0;0;0;0;0;0;0;0;0;0;0;0;0;0
FR;12;2021-06-18;0;0;0;0;0;0;0;0;0;0;0;0;0;0;0;0;0;0
FR;12;2021-06-19;0;0;0;0;0;0;0;0;0;0;0;0;0;0;0;0;0;0
FR;12;2021-06-20;0;0;0;0;0;0;0;0;0;0;0;0;0;0;0;0;0;0
FR;12;2021-06-21;0;0;0;0;0;0;0;0;0;0;0;0;0;0;0;0;0;0
FR;12;2021-06-22;0;0;0;0;0;0;0;0;0;0;0;0;0;0;0;0;0;0
FR;12;2021-06-23;0;0;0;0;0;0;0;0;0;0;0;0;0;0;0;0;0;0
FR;12;2021-06-24;0;0;0;0;0;0;0;0;0;0;0;0;0;0;0;0;0;0
FR;12;2021-06-25;0;0;0;0;0;0;0;0;0;0;0;0;0;0;0;0;0;0
FR;12;2021-06-26;0;0;0;0;0;0;0;0;0;0;0;0;0;0;0;0;0;0
FR;12;2021-06-27;0;0;0;0;0;0;0;0;0;0;0;0;0;0;0;0;0;0
FR;12;2021-06-28;0;0;0;0;0;0;0;0;0;0;0;0;0;0;0;0;0;0
FR;12;2021-06-29;0;0;0;0;0;0;0;0;0;0;0;0;0;0;0;0;0;0
FR;12;2021-06-30;0;0;0;0;0;0;0;0;0;0;0;0;0;0;0;0;0;0
FR;12;2021-07-01;0;0;0;0;0;0;0;0;0;0;0;0;0;0;0;0;0;0
FR;12;2021-07-02;0;0;0;0;0;0;0;0;0;0;0;0;0;0;0;0;0;0
FR;12;2021-07-03;0;0;0;0;0;0;0;0;0;0;0;0;0;0;0;0;0;0
FR;12;2021-07-04;0;0;0;0;0;0;0;0;0;0;0;0;0;0;0;0;0;0
FR;12;2021-07-05;0;0;0;0;0;0;0;0;0;0;0;0;0;0;0;0;0;0
FR;12;2021-07-06;0;0;0;0;0;0;0;0;0;0;0;0;0;0;0;0;0;0
FR;12;2021-07-07;0;0;0;0;0;0;0;0;0;0;0;0;0;0;0;0;0;0
FR;12;2021-07-08;0;0;0;0;0;0;0;0;0;0;0;0;0;0;0;0;0;0
FR;12;2021-07-09;0;0;0;0;0;0;0;0;0;0;0;0;0;0;0;0;0;0
FR;12;2021-07-10;0;0;0;0;0;0;0;0;0;0;0;0;0;0;0;0;0;0
FR;12;2021-07-11;0;0;0;0;0;0;0;0;0;0;0;0;0;0;0;0;0;0
FR;12;2021-07-12;0;0;0;0;0;0;0;0;0;0;0;0;0;0;0;0;0;0
FR;12;2021-07-13;0;0;0;0;0;0;0;0;0;0;0;0;0;0;0;0;0;0
FR;12;2021-07-14;0;0;0;0;0;0;0;0;0;0;0;0;0;0;0;0;0;0
FR;12;2021-07-15;0;0;0;0;0;0;0;0;0;0;0;0;0;0;0;0;0;0
FR;12;2021-07-16;0;0;0;0;0;0;0;0;0;0;0;0;0;0;0;0;0;0
FR;12;2021-07-17;0;0;0;0;0;0;0;0;0;0;0;0;0;0;0;0;0;0
FR;12;2021-07-18;0;0;0;0;0;0;0;0;0;0;0;0;0;0;0;0;0;0
FR;12;2021-07-19;0;0;0;0;0;0;0;0;0;0;0;0;0;0;0;0;0;0
FR;12;2021-07-20;0;0;0;0;0;0;0;0;0;0;0;0;0;0;0;0;0;0
FR;12;2021-07-21;0;0;0;0;0;0;0;0;0;0;0;0;0;0;0;0;0;0
FR;12;2021-07-22;0;0;0;0;0;0;0;0;0;0;0;0;0;0;0;0;0;0
FR;12;2021-07-23;0;0;0;0;0;0;0;0;0;0;0;0;0;0;0;0;0;0
FR;12;2021-07-24;0;0;0;0;0;0;0;0;0;0;0;0;0;0;0;0;0;0
FR;12;2021-07-25;0;0;0;0;0;0;0;0;0;0;0;0;0;0;0;0;0;0
FR;12;2021-07-26;0;0;0;0;0;0;0;0;0;0;0;0;0;0;0;0;0;0
FR;12;2021-07-27;0;0;0;0;0;0;0;0;0;0;0;0;0;0;0;0;0;0
FR;12;2021-07-28;0;0;0;0;0;0;0;0;0;0;0;0;0;0;0;0;0;0
FR;12;2021-07-29;0;0;0;0;0;0;0;0;0;0;0;0;0;0;0;0;0;0
FR;12;2021-07-30;0;0;0;0;0;0;0;0;0;0;0;0;0;0;0;0;0;0
FR;12;2021-07-31;0;0;0;0;0;0;0;0;0;0;0;0;0;0;0;0;0;0
FR;12;2021-08-01;0;0;0;0;0;0;0;0;0;0;0;0;0;0;0;0;0;0
FR;12;2021-08-02;0;0;0;0;0;0;0;0;0;0;0;0;0;0;0;0;0;0
FR;12;2021-08-03;0;0;0;0;0;0;0;0;0;0;0;0;0;0;0;0;0;0
FR;12;2021-08-04;0;0;0;0;0;0;0;0;0;0;0;0;0;0;0;0;0;0
FR;12;2021-08-05;0;0;0;0;0;0;0;0;0;0;0;0;0;0;0;0;0;0
FR;12;2021-08-06;0;0;0;0;0;0;0;0;0;0;0;0;0;0;0;0;0;0
FR;12;2021-08-07;0;0;0;0;0;0;0;0;0;0;0;0;0;0;0;0;0;0
FR;12;2021-08-08;0;0;0;0;0;0;0;0;0;0;0;0;0;0;0;0;0;0
FR;12;2021-08-09;0;0;0;0;0;0;0;0;0;0;0;0;0;0;0;0;0;0
FR;12;2021-08-10;0;0;0;0;0;0;0;0;0;0;0;0;0;0;0;0;0;0
FR;12;2021-08-11;0;0;0;0;0;0;0;0;0;0;0;0;0;0;0;0;0;0
FR;12;2021-08-12;0;0;0;0;0;0;0;0;0;0;0;0;0;0;0;0;0;0
FR;12;2021-08-13;0;0;0;0;0;0;0;0;0;0;0;0;0;0;0;0;0;0
FR;12;2021-08-14;0;0;0;0;0;0;0;0;0;0;0;0;0;0;0;0;0;0
FR;12;2021-08-15;0;0;0;0;0;0;0;0;0;0;0;0;0;0;0;0;0;0
FR;12;2021-08-16;0;0;0;0;0;0;0;0;0;0;0;0;0;0;0;0;0;0
FR;12;2021-08-17;0;0;0;0;0;0;0;0;0;0;0;0;0;0;0;0;0;0
FR;12;2021-08-18;0;0;0;0;0;0;0;0;0;0;0;0;0;0;0;0;0;0
FR;12;2021-08-19;0;0;0;0;0;0;0;0;0;0;0;0;0;0;0;0;0;0
FR;12;2021-08-20;0;0;0;0;0;0;0;0;0;0;0;0;0;0;0;0;0;0
FR;12;2021-08-21;0;0;0;0;0;0;0;0;0;0;0;0;0;0;0;0;0;0
FR;12;2021-08-22;0;0;0;0;0;0;0;0;0;0;0;0;0;0;0;0;0;0
FR;12;2021-08-23;0;0;0;0;0;0;0;0;0;0;0;0;0;0;0;0;0;0
FR;12;2021-08-24;0;0;0;0;0;0;0;0;0;0;0;0;0;0;0;0;0;0
FR;12;2021-08-25;0;0;0;0;0;0;0;0;0;0;0;0;0;0;0;0;0;0
FR;12;2021-08-26;0;0;0;0;0;0;0;0;0;0;0;0;0;0;0;0;0;0
FR;12;2021-08-27;0;0;0;0;0;0;0;0;0;0;0;0;0;0;0;0;0;0
FR;12;2021-08-28;0;0;0;0;0;0;0;0;0;0;0;0;0;0;0;0;0;0
FR;12;2021-08-29;0;0;0;0;0;0;0;0;0;0;0;0;0;0;0;0;0;0
FR;12;2021-08-30;0;0;0;0;0;0;0;0;0;0;0;0;0;0;0;0;0;0
FR;12;2021-08-31;0;0;0;0;0;0;0;0;0;0;0;0;0;0;0;0;0;0
FR;12;2021-09-01;0;0;0;0;0;0;0;0;0;0;0;0;0;0;0;0;0;0
FR;12;2021-09-02;0;0;0;0;0;0;0;0;0;0;0;0;0;0;0;0;0;0
FR;12;2021-09-03;0;0;0;0;0;0;0;0;0;0;0;0;0;0;0;0;0;0
FR;12;2021-09-04;0;0;0;0;0;0;0;0;0;0;0;0;0;0;0;0;0;0
FR;12;2021-09-05;0;0;0;0;0;0;0;0;0;0;0;0;0;0;0;0;0;0
FR;12;2021-09-06;0;0;0;0;0;0;0;0;0;0;0;0;0;0;0;0;0;0
FR;12;2021-09-07;0;0;0;0;0;0;0;0;0;0;0;0;0;0;0;0;0;0
FR;12;2021-09-08;0;0;0;0;0;0;0;0;0;0;0;0;0;0;0;0;0;0
FR;12;2021-09-09;0;0;0;0;0;0;0;0;0;0;0;0;0;0;0;0;0;0
FR;12;2021-09-10;0;0;0;0;0;0;0;0;0;0;0;0;0;0;0;0;0;0
FR;12;2021-09-11;0;0;0;0;0;0;0;0;0;0;0;0;0;0;0;0;0;0
FR;12;2021-09-12;0;0;0;0;0;0;0;0;0;0;0;0;0;0;0;0;0;0
FR;12;2021-09-13;0;0;0;0;0;0;0;0;0;0;0;0;0;0;0;0;0;0
FR;12;2021-09-14;0;0;0;0;0;0;0;0;0;0;0;0;0;0;0;0;0;0
FR;12;2021-09-15;0;0;0;0;0;0;0;0;0;0;0;0;0;0;0;0;0;0
FR;12;2021-09-16;0;0;0;0;0;0;0;0;0;0;0;0;0;0;0;0;0;0
FR;12;2021-09-17;0;0;0;0;0;0;0;0;0;0;0;0;0;0;0;0;0;0
FR;12;2021-09-18;0;0;0;0;0;0;0;0;0;0;0;0;0;0;0;0;0;0
FR;12;2021-09-19;0;0;0;0;0;0;0;0;0;0;0;0;0;0;0;0;0;0
FR;12;2021-09-20;0;0;0;0;0;0;0;0;0;0;0;0;0;0;0;0;0;0
FR;12;2021-09-21;0;0;0;0;0;0;0;0;0;0;0;0;0;0;0;0;0;0
FR;12;2021-09-22;0;0;0;0;0;0;0;0;0;0;0;0;0;0;0;0;0;0
FR;12;2021-09-23;0;0;0;0;0;0;0;0;0;0;0;0;0;0;0;0;0;0
FR;12;2021-09-24;0;0;0;0;0;0;0;0;0;0;0;0;0;0;0;0;0;0
FR;12;2021-09-25;0;0;0;0;0;0;0;0;0;0;0;0;0;0;0;0;0;0
FR;12;2021-09-26;0;0;0;0;0;0;0;0;0;0;0;0;0;0;0;0;0;0
FR;12;2021-09-27;0;0;0;0;0;0;0;0;0;0;0;0;0;0;0;0;0;0
FR;12;2021-09-28;0;0;0;0;0;0;0;0;0;0;0;0;0;0;0;0;0;0
FR;12;2021-09-29;0;0;0;0;0;0;0;0;0;0;0;0;0;0;0;0;0;0
FR;12;2021-09-30;0;0;0;0;0;0;0;0;0;0;0;0;0;0;0;0;0;0
FR;12;2021-10-01;0;0;0;0;0;0;0;0;0;0;0;0;0;0;0;0;0;0
FR;12;2021-10-02;0;0;0;0;0;0;0;0;0;0;0;0;0;0;0;0;0;0
FR;12;2021-10-03;0;0;0;0;0;0;0;0;0;0;0;0;0;0;0;0;0;0
FR;12;2021-10-04;0;0;0;0;0;0;0;0;0;0;0;0;0;0;0;0;0;0
FR;12;2021-10-05;0;0;0;0;0;0;0;0;0;0;0;0;0;0;0;0;0;0
FR;12;2021-10-06;0;0;0;0;0;0;0;0;0;0;0;0;0;0;0;0;0;0
FR;12;2021-10-07;0;0;0;0;0;0;0;0;0;0;0;0;0;0;0;0;0;0
FR;12;2021-10-08;0;0;0;0;0;0;0;0;0;0;0;0;0;0;0;0;0;0
FR;12;2021-10-09;0;0;0;0;0;0;0;0;0;0;0;0;0;0;0;0;0;0
FR;12;2021-10-10;0;0;0;0;0;0;0;0;0;0;0;0;0;0;0;0;0;0
FR;12;2021-10-11;0;0;0;0;0;0;0;0;0;0;0;0;0;0;0;0;0;0
FR;12;2021-10-12;0;0;0;0;0;0;0;0;0;0;0;0;0;0;0;0;0;0
FR;12;2021-10-13;0;0;0;0;0;0;0;0;0;0;0;0;0;0;0;0;0;0
FR;12;2021-10-14;0;0;0;0;0;0;0;0;0;0;0;0;0;0;0;0;0;0
FR;12;2021-10-15;0;0;0;0;0;0;0;0;0;0;0;0;0;0;0;0;0;0
FR;12;2021-10-16;0;0;0;0;0;0;0;0;0;0;0;0;0;0;0;0;0;0
FR;12;2021-10-17;0;0;0;0;0;0;0;0;0;0;0;0;0;0;0;0;0;0
FR;12;2021-10-18;0;0;0;0;0;0;0;0;0;0;0;0;0;0;0;0;0;0
FR;12;2021-10-19;0;0;0;0;0;0;0;0;0;0;0;0;0;0;0;0;0;0
FR;12;2021-10-20;0;0;0;0;0;0;0;0;0;0;0;0;0;0;0;0;0;0
FR;12;2021-10-21;0;0;0;0;0;0;0;0;0;0;0;0;0;0;0;0;0;0
FR;12;2021-10-22;0;0;0;0;0;0;0;0;0;0;0;0;0;0;0;0;0;0
FR;12;2021-10-23;0;0;0;0;0;0;0;0;0;0;0;0;0;0;0;0;0;0
FR;12;2021-10-24;0;0;0;0;0;0;0;0;0;0;0;0;0;0;0;0;0;0
FR;12;2021-10-25;0;0;0;0;0;0;0;0;0;0;0;0;0;0;0;0;0;0
FR;12;2021-10-26;0;0;0;0;0;0;0;0;0;0;0;0;0;0;0;0;0;0
FR;12;2021-10-27;0;0;0;0;0;0;0;0;0;0;0;0;0;0;0;0;0;0
FR;12;2021-10-28;0;0;0;0;0;0;0;0;0;0;0;0;0;0;0;0;0;0
FR;12;2021-10-29;0;0;0;0;0;0;0;0;0;0;0;0;0;0;0;0;0;0
FR;12;2021-10-30;0;0;0;0;0;0;0;0;0;0;0;0;0;0;0;0;0;0
FR;12;2021-10-31;0;0;0;0;0;0;0;0;0;0;0;0;0;0;0;0;0;0
FR;12;2021-11-01;0;0;0;0;0;0;0;0;0;0;0;0;0;0;0;0;0;0
FR;12;2021-11-02;0;0;0;0;0;0;0;0;0;0;0;0;0;0;0;0;0;0
FR;12;2021-11-03;0;0;0;0;0;0;0;0;0;0;0;0;0;0;0;0;0;0
FR;12;2021-11-04;0;0;0;0;0;0;0;0;0;0;0;0;0;0;0;0;0;0
FR;12;2021-11-05;0;0;0;0;0;0;0;0;0;0;0;0;0;0;0;0;0;0
FR;12;2021-11-06;0;0;0;0;0;0;0;0;0;0;0;0;0;0;0;0;0;0
FR;12;2021-11-07;0;0;0;0;0;0;0;0;0;0;0;0;0;0;0;0;0;0
FR;12;2021-11-08;0;0;0;0;0;0;0;0;0;0;0;0;0;0;0;0;0;0
FR;12;2021-11-09;0;0;0;0;0;0;0;0;0;0;0;0;0;0;0;0;0;0
FR;12;2021-11-10;0;0;0;0;0;0;0;0;0;0;0;0;0;0;0;0;0;0
FR;12;2021-11-11;0;0;0;0;0;0;0;0;0;0;0;0;0;0;0;0;0;0
FR;12;2021-11-12;0;0;0;0;0;0;0;0;0;0;0;0;0;0;0;0;0;0
FR;12;2021-11-13;0;0;0;0;0;0;0;0;0;0;0;0;0;0;0;0;0;0
FR;12;2021-11-14;0;0;0;0;0;0;0;0;0;0;0;0;0;0;0;0;0;0
FR;12;2021-11-15;0;0;0;0;0;0;0;0;0;0;0;0;0;0;0;0;0;0
FR;12;2021-11-16;0;0;0;0;0;0;0;0;0;0;0;0;0;0;0;0;0;0
FR;12;2021-11-17;0;0;0;0;0;0;0;0;0;0;0;0;0;0;0;0;0;0
FR;12;2021-11-18;0;0;0;0;0;0;0;0;0;0;0;0;0;0;0;0;0;0
FR;12;2021-11-19;0;0;0;0;0;0;0;0;0;0;0;0;0;0;0;0;0;0
FR;12;2021-11-20;0;0;0;0;0;0;0;0;0;0;0;0;0;0;0;0;0;0
FR;12;2021-11-21;0;0;0;0;0;0;0;0;0;0;0;0;0;0;0;0;0;0
FR;12;2021-11-22;0;0;0;0;0;0;0;0;0;0;0;0;0;0;0;0;0;0
FR;12;2021-11-23;0;0;0;0;0;0;0;0;0;0;0;0;0;0;0;0;0;0
FR;12;2021-11-24;0;0;0;0;0;0;0;0;0;0;0;0;0;0;0;0;0;0
FR;12;2021-11-25;0;0;0;0;0;0;0;0;0;0;0;0;0;0;0;0;0;0
FR;12;2021-11-26;0;0;0;0;0;0;0;0;0;0;0;0;0;0;0;0;0;0
FR;12;2021-11-27;0;0;0;0;0;0;0;0;0;0;0;0;0;0;0;0;0;0
FR;12;2021-11-28;0;0;0;0;0;0;0;0;0;0;0;0;0;0;0;0;0;0
FR;12;2021-11-29;0;0;0;0;0;0;0;0;0;0;0;0;0;0;0;0;0;0
FR;12;2021-11-30;0;0;0;0;0;0;0;0;0;0;0;0;0;0;0;0;0;0
FR;12;2021-12-01;0;0;0;0;0;0;0;0;0;0;0;0;0;0;0;0;0;0
FR;12;2021-12-02;0;0;0;0;0;0;0;0;0;0;0;0;0;0;0;0;0;0
FR;12;2021-12-03;0;0;0;0;0;0;0;0;0;0;0;0;0;0;0;0;0;0
FR;12;2021-12-04;0;0;0;0;0;0;0;0;0;0;0;0;0;0;0;0;0;0
FR;12;2021-12-05;0;0;0;0;0;0;0;0;0;0;0;0;0;0;0;0;0;0
FR;12;2021-12-06;0;0;0;0;0;0;0;0;0;0;0;0;0;0;0;0;0;0
FR;12;2021-12-07;0;0;0;0;0;0;0;0;0;0;0;0;0;0;0;0;0;0
FR;12;2021-12-08;0;0;0;0;0;0;0;0;0;0;0;0;0;0;0;0;0;0
FR;12;2021-12-09;0;0;0;0;0;0;0;0;0;0;0;0;0;0;0;0;0;0
FR;12;2021-12-10;0;0;0;0;0;0;0;0;0;0;0;0;0;0;0;0;0;0
FR;12;2021-12-11;0;0;0;0;0;0;0;0;0;0;0;0;0;0;0;0;0;0
FR;12;2021-12-12;0;0;0;0;0;0;0;0;0;0;0;0;0;0;0;0;0;0
FR;12;2021-12-13;0;0;0;0;0;0;0;0;0;0;0;0;0;0;0;0;0;0
FR;12;2021-12-14;0;0;0;0;0;0;0;0;0;0;0;0;0;0;0;0;0;0
FR;12;2021-12-15;0;0;0;0;0;0;0;0;0;0;0;0;0;0;0;0;0;0
FR;12;2021-12-16;0;0;0;0;0;0;0;0;0;0;0;0;0;0;0;0;0;0
FR;12;2021-12-17;0;0;0;0;0;0;0;0;0;0;0;0;0;0;0;0;0;0
FR;12;2021-12-18;0;0;0;0;0;0;0;0;0;0;0;0;0;0;0;0;0;0
FR;12;2021-12-19;0;0;0;0;0;0;0;0;0;0;0;0;0;0;0;0;0;0
FR;12;2021-12-20;0;0;0;0;0;0;0;0;0;0;0;0;0;0;0;0;0;0
FR;12;2021-12-21;0;0;0;0;0;0;0;0;0;0;0;0;0;0;0;0;0;0
FR;12;2021-12-22;0;0;0;0;0;0;0;0;0;0;0;0;0;0;0;0;0;0
FR;12;2021-12-23;0;0;0;0;0;0;0;0;0;0;0;0;0;0;0;0;0;0
FR;12;2021-12-24;0;0;0;0;0;0;0;0;0;0;0;0;0;0;0;0;0;0
FR;12;2021-12-25;0;0;0;0;0;0;0;0;0;0;0;0;0;0;0;0;0;0
FR;12;2021-12-26;0;0;0;0;0;0;0;0;0;0;0;0;0;0;0;0;0;0
FR;12;2021-12-27;0;0;0;0;0;0;0;0;0;0;0;0;0;0;0;0;0;0
FR;12;2021-12-28;0;0;0;0;0;0;0;0;0;0;0;0;0;0;0;0;0;0
FR;12;2021-12-29;0;0;0;0;0;0;0;0;0;0;0;0;0;0;0;0;0;0
FR;12;2021-12-30;0;0;0;0;0;0;0;0;0;0;0;0;0;0;0;0;0;0
FR;12;2021-12-31;0;0;0;0;0;0;0;0;0;0;0;0;0;0;0;0;0;0
FR;12;2022-01-01;0;0;0;0;0;0;0;0;0;0;0;0;0;0;0;0;0;0
FR;12;2022-01-02;0;0;0;0;0;0;0;0;0;0;0;0;0;0;0;0;0;0
FR;12;2022-01-03;0;0;0;0;0;0;0;0;0;0;0;0;0;0;0;0;0;0
FR;12;2022-01-04;0;0;0;0;0;0;0;0;0;0;0;0;0;0;0;0;0;0
FR;12;2022-01-05;0;0;0;0;0;0;0;0;0;0;0;0;0;0;0;0;0;0
FR;12;2022-01-06;0;0;0;0;0;0;0;0;0;0;0;0;0;0;0;0;0;0
FR;12;2022-01-07;0;0;0;0;0;0;0;0;0;0;0;0;0;0;0;0;0;0
FR;12;2022-01-08;0;0;0;0;0;0;0;0;0;0;0;0;0;0;0;0;0;0
FR;12;2022-01-09;0;0;0;0;0;0;0;0;0;0;0;0;0;0;0;0;0;0
FR;12;2022-01-10;0;0;0;0;0;0;0;0;0;0;0;0;0;0;0;0;0;0
FR;12;2022-01-11;0;0;0;0;0;0;0;0;0;0;0;0;0;0;0;0;0;0
FR;12;2022-01-12;0;0;0;0;0;0;0;0;0;0;0;0;0;0;0;0;0;0
FR;12;2022-01-13;0;0;0;0;0;0;0;0;0;0;0;0;0;0;0;0;0;0
FR;12;2022-01-14;0;0;0;0;0;0;0;0;0;0;0;0;0;0;0;0;0;0
FR;12;2022-01-15;0;0;0;0;0;0;0;0;0;0;0;0;0;0;0;0;0;0
FR;12;2022-01-16;0;0;0;0;0;0;0;0;0;0;0;0;0;0;0;0;0;0
FR;12;2022-01-17;0;0;0;0;0;0;0;0;0;0;0;0;0;0;0;0;0;0
FR;12;2022-01-18;0;0;0;0;0;0;0;0;0;0;0;0;0;0;0;0;0;0
FR;12;2022-01-19;0;0;0;0;0;0;0;0;0;0;0;0;0;0;0;0;0;0
FR;12;2022-01-20;0;0;0;0;0;0;0;0;0;0;0;0;0;0;0;0;0;0
FR;12;2022-01-21;0;0;0;0;0;0;0;0;0;0;0;0;0;0;0;0;0;0
FR;12;2022-01-22;0;0;0;0;0;0;0;0;0;0;0;0;0;0;0;0;0;0
FR;12;2022-01-23;0;0;0;0;0;0;0;0;0;0;0;0;0;0;0;0;0;0
FR;12;2022-01-24;0;0;0;0;0;0;0;0;0;0;0;0;0;0;0;0;0;0
FR;12;2022-01-25;0;0;0;0;0;0;0;0;0;0;0;0;0;0;0;0;0;0
FR;12;2022-01-26;0;0;0;0;0;0;0;0;0;0;0;0;0;0;0;0;0;0
FR;12;2022-01-27;0;0;0;0;0;0;0;0;0;0;0;0;0;0;0;0;0;0
FR;12;2022-01-28;0;0;0;0;0;0;0;0;0;0;0;0;0;0;0;0;0;0
FR;12;2022-01-29;0;0;0;0;0;0;0;0;0;0;0;0;0;0;0;0;0;0
FR;12;2022-01-30;0;0;0;0;0;0;0;0;0;0;0;0;0;0;0;0;0;0
FR;12;2022-01-31;0;0;0;0;0;0;0;0;0;0;0;0;0;0;0;0;0;0
FR;12;2022-02-01;0;0;0;0;0;0;0;0;0;0;0;0;0;0;0;0;0;0
FR;12;2022-02-02;0;0;0;0;0;0;0;0;0;0;0;0;0;0;0;0;0;0
FR;12;2022-02-03;0;0;0;0;0;0;0;0;0;0;0;0;0;0;0;0;0;0
FR;12;2022-02-04;0;0;0;0;0;0;0;0;0;0;0;0;0;0;0;0;0;0
FR;12;2022-02-05;0;0;0;0;0;0;0;0;0;0;0;0;0;0;0;0;0;0
FR;12;2022-02-06;0;0;0;0;0;0;0;0;0;0;0;0;0;0;0;0;0;0
FR;12;2022-02-07;0;0;0;0;0;0;0;0;0;0;0;0;0;0;0;0;0;0
FR;12;2022-02-08;0;0;0;0;0;0;0;0;0;0;0;0;0;0;0;0;0;0
FR;12;2022-02-09;0;0;0;0;0;0;0;0;0;0;0;0;0;0;0;0;0;0
FR;12;2022-02-10;0;0;0;0;0;0;0;0;0;0;0;0;0;0;0;0;0;0
FR;12;2022-02-11;0;0;0;0;0;0;0;0;0;0;0;0;0;0;0;0;0;0
FR;12;2022-02-12;0;0;0;0;0;0;0;0;0;0;0;0;0;0;0;0;0;0
FR;12;2022-02-13;0;0;0;0;0;0;0;0;0;0;0;0;0;0;0;0;0;0
FR;12;2022-02-14;0;0;0;0;0;0;0;0;0;0;0;0;0;0;0;0;0;0
FR;12;2022-02-15;0;0;0;0;0;0;0;0;0;0;0;0;0;0;0;0;0;0
FR;12;2022-02-16;0;0;0;0;0;0;0;0;0;0;0;0;0;0;0;0;0;0
FR;12;2022-02-17;0;0;0;0;0;0;0;0;0;0;0;0;0;0;0;0;0;0
FR;12;2022-02-18;0;0;0;0;0;0;0;0;0;0;0;0;0;0;0;0;0;0
FR;12;2022-02-19;0;0;0;0;0;0;0;0;0;0;0;0;0;0;0;0;0;0
FR;12;2022-02-20;0;0;0;0;0;0;0;0;0;0;0;0;0;0;0;0;0;0
FR;12;2022-02-21;0;0;0;0;0;0;0;0;0;0;0;0;0;0;0;0;0;0
FR;12;2022-02-22;0;0;0;0;0;0;0;0;0;0;0;0;0;0;0;0;0;0
FR;12;2022-02-23;0;0;0;0;0;0;0;0;0;0;0;0;0;0;0;0;0;0
FR;12;2022-02-24;0;0;0;0;0;0;0;0;0;0;0;0;0;0;0;0;0;0
FR;12;2022-02-25;0;0;0;0;0;0;0;0;0;0;0;0;0;0;0;0;0;0
FR;12;2022-02-26;0;0;0;0;0;0;0;0;0;0;0;0;0;0;0;0;0;0
FR;12;2022-02-27;0;0;0;0;0;0;0;0;0;0;0;0;0;0;0;0;0;0
FR;12;2022-02-28;0;0;0;0;0;0;0;0;0;0;0;0;0;0;0;0;0;0
FR;12;2022-03-01;0;0;0;0;0;0;0;0;0;0;0;0;0;0;0;0;0;0
FR;12;2022-03-02;0;0;0;0;0;0;0;0;0;0;0;0;0;0;0;0;0;0
FR;12;2022-03-03;0;0;0;0;0;0;0;0;0;0;0;0;0;0;0;0;0;0
FR;12;2022-03-04;0;0;0;0;0;0;0;0;0;0;0;0;0;0;0;0;0;0
FR;12;2022-03-05;0;0;0;0;0;0;0;0;0;0;0;0;0;0;0;0;0;0
FR;12;2022-03-06;0;0;0;0;0;0;0;0;0;0;0;0;0;0;0;0;0;0
FR;12;2022-03-07;0;0;0;0;0;0;0;0;0;0;0;0;0;0;0;0;0;0
FR;12;2022-03-08;0;0;0;0;0;0;0;0;0;0;0;0;0;0;0;0;0;0
FR;12;2022-03-09;0;0;0;0;0;0;0;0;0;0;0;0;0;0;0;0;0;0
FR;12;2022-03-10;0;0;0;0;0;0;0;0;0;0;0;0;0;0;0;0;0;0
FR;12;2022-03-11;0;0;0;0;0;0;0;0;0;0;0;0;0;0;0;0;0;0
FR;12;2022-03-12;0;0;0;0;0;0;0;0;0;0;0;0;0;0;0;0;0;0
FR;12;2022-03-13;0;0;0;0;0;0;0;0;0;0;0;0;0;0;0;0;0;0
FR;12;2022-03-14;0;0;0;0;0;0;0;0;0;0;0;0;0;0;0;0;0;0
FR;12;2022-03-15;0;0;0;0;0;0;0;0;0;0;0;0;0;0;0;0;0;0
FR;12;2022-03-16;0;0;0;0;0;0;0;0;0;0;0;0;0;0;0;0;0;0
FR;12;2022-03-17;0;0;0;0;0;0;0;0;0;0;0;0;0;0;0;0;0;0
FR;12;2022-03-18;0;0;0;0;0;0;0;0;0;0;0;0;0;0;0;0;0;0
FR;12;2022-03-19;0;0;0;0;0;0;0;0;0;0;0;0;0;0;0;0;0;0
FR;12;2022-03-20;0;0;0;0;0;0;0;0;0;0;0;0;0;0;0;0;0;0
FR;12;2022-03-21;0;0;0;0;0;0;0;0;0;0;0;0;0;0;0;0;0;0
FR;12;2022-03-22;0;0;0;0;0;0;0;0;0;0;0;0;0;0;0;0;0;0
FR;12;2022-03-23;0;0;0;0;0;0;0;0;0;0;0;0;0;0;0;0;0;0
FR;12;2022-03-24;0;0;0;0;0;0;0;0;0;0;0;0;0;0;0;0;0;0
FR;12;2022-03-25;0;0;0;0;0;0;0;0;0;0;0;0;0;0;0;0;0;0
FR;12;2022-03-26;0;0;0;0;0;0;0;0;0;0;0;0;0;0;0;0;0;0
FR;12;2022-03-27;0;0;0;0;0;0;0;0;0;0;0;0;0;0;0;0;0;0
FR;12;2022-03-28;0;0;0;0;0;0;0;0;0;0;0;0;0;0;0;0;0;0
FR;12;2022-03-29;0;0;0;0;0;0;0;0;0;0;0;0;0;0;0;0;0;0
FR;12;2022-03-30;0;0;0;0;0;0;0;0;0;0;0;0;0;0;0;0;0;0
FR;12;2022-03-31;0;0;0;0;0;0;0;0;0;0;0;0;0;0;0;0;0;0
FR;12;2022-04-01;0;0;0;0;0;0;0;0;0;0;0;0;0;0;0;0;0;0
FR;12;2022-04-02;0;0;0;0;0;0;0;0;0;0;0;0;0;0;0;0;0;0
FR;12;2022-04-03;0;0;0;0;0;0;0;0;0;0;0;0;0;0;0;0;0;0
FR;12;2022-04-04;0;0;0;0;0;0;0;0;0;0;0;0;0;0;0;0;0;0
FR;12;2022-04-05;0;0;0;0;0;0;0;0;0;0;0;0;0;0;0;0;0;0
FR;12;2022-04-06;0;0;0;0;0;0;0;0;0;0;0;0;0;0;0;0;0;0
FR;12;2022-04-07;0;0;0;0;0;0;0;0;0;0;0;0;0;0;0;0;0;0
FR;12;2022-04-08;0;0;0;0;0;0;0;0;0;0;0;0;0;0;0;0;0;0
FR;12;2022-04-09;0;0;0;0;0;0;0;0;0;0;0;0;0;0;0;0;0;0
FR;12;2022-04-10;0;0;0;0;0;0;0;0;0;0;0;0;0;0;0;0;0;0
FR;12;2022-04-11;0;0;0;0;0;0;0;0;0;0;0;0;0;0;0;0;0;0
FR;12;2022-04-12;0;0;0;0;0;0;0;0;0;0;0;0;0;0;0;0;0;0
FR;12;2022-04-13;0;0;0;0;0;0;0;0;0;0;0;0;0;0;0;0;0;0
FR;12;2022-04-14;0;0;0;0;0;0;0;0;0;0;0;0;0;0;0;0;0;0
FR;12;2022-04-15;0;0;0;0;0;0;0;0;0;0;0;0;0;0;0;0;0;0
FR;12;2022-04-16;0;0;0;0;0;0;0;0;0;0;0;0;0;0;0;0;0;0
FR;12;2022-04-17;0;0;0;0;0;0;0;0;0;0;0;0;0;0;0;0;0;0
FR;12;2022-04-18;0;0;0;0;0;0;0;0;0;0;0;0;0;0;0;0;0;0
FR;12;2022-04-19;0;0;0;0;0;0;0;0;0;0;0;0;0;0;0;0;0;0
FR;12;2022-04-20;0;0;0;0;0;0;0;0;0;0;0;0;0;0;0;0;0;0
FR;12;2022-04-21;0;0;0;0;0;0;0;0;0;0;0;0;0;0;0;0;0;0
FR;12;2022-04-22;0;0;0;0;0;0;0;0;0;0;0;0;0;0;0;0;0;0
FR;12;2022-04-23;0;0;0;0;0;0;0;0;0;0;0;0;0;0;0;0;0;0
FR;12;2022-04-24;0;0;0;0;0;0;0;0;0;0;0;0;0;0;0;0;0;0
FR;12;2022-04-25;0;0;0;0;0;0;0;0;0;0;0;0;0;0;0;0;0;0
FR;12;2022-04-26;0;0;0;0;0;0;0;0;0;0;0;0;0;0;0;0;0;0
FR;12;2022-04-27;0;0;0;0;0;0;0;0;0;0;0;0;0;0;0;0;0;0
FR;12;2022-04-28;0;0;0;0;0;0;0;0;0;0;0;0;0;0;0;0;0;0
FR;12;2022-04-29;0;0;0;0;0;0;0;0;0;0;0;0;0;0;0;0;0;0
FR;12;2022-04-30;0;0;0;0;0;0;0;0;0;0;0;0;0;0;0;0;0;0
FR;12;2022-05-01;0;0;0;0;0;0;0;0;0;0;0;0;0;0;0;0;0;0
FR;12;2022-05-02;0;0;0;0;0;0;0;0;0;0;0;0;0;0;0;0;0;0
FR;12;2022-05-03;0;0;0;0;0;0;0;0;0;0;0;0;0;0;0;0;0;0
FR;12;2022-05-04;0;0;0;0;0;0;0;0;0;0;0;0;0;0;0;0;0;0
FR;12;2022-05-05;0;0;0;0;0;0;0;0;0;0;0;0;0;0;0;0;0;0
FR;12;2022-05-06;0;0;0;0;0;0;0;0;0;0;0;0;0;0;0;0;0;0
FR;12;2022-05-07;0;0;0;0;0;0;0;0;0;0;0;0;0;0;0;0;0;0
FR;12;2022-05-08;0;0;0;0;0;0;0;0;0;0;0;0;0;0;0;0;0;0
FR;12;2022-05-09;0;0;0;0;0;0;0;0;0;0;0;0;0;0;0;0;0;0
FR;12;2022-05-10;0;0;0;0;0;0;0;0;0;0;0;0;0;0;0;0;0;0
FR;12;2022-05-11;0;0;0;0;0;0;0;0;0;0;0;0;0;0;0;0;0;0
FR;12;2022-05-12;0;0;0;0;0;0;0;0;0;0;0;0;0;0;0;0;0;0
FR;12;2022-05-13;0;0;0;0;0;0;0;0;0;0;0;0;0;0;0;0;0;0
FR;12;2022-05-14;0;0;0;0;0;0;0;0;0;0;0;0;0;0;0;0;0;0
FR;12;2022-05-15;0;0;0;0;0;0;0;0;0;0;0;0;0;0;0;0;0;0
FR;12;2022-05-16;0;0;0;0;0;0;0;0;0;0;0;0;0;0;0;0;0;0
FR;12;2022-05-17;0;0;0;0;0;0;0;0;0;0;0;0;0;0;0;0;0;0
FR;12;2022-05-18;0;0;0;0;0;0;0;0;0;0;0;0;0;0;0;0;0;0
FR;12;2022-05-19;0;0;0;0;0;0;0;0;0;0;0;0;0;0;0;0;0;0
FR;12;2022-05-20;0;0;0;0;0;0;0;0;0;0;0;0;0;0;0;0;0;0
FR;12;2022-05-21;0;0;0;0;0;0;0;0;0;0;0;0;0;0;0;0;0;0
FR;12;2022-05-22;0;0;0;0;0;0;0;0;0;0;0;0;0;0;0;0;0;0
FR;12;2022-05-23;0;0;0;0;0;0;0;0;0;0;0;0;0;0;0;0;0;0
FR;12;2022-05-24;0;0;0;0;0;0;0;0;0;0;0;0;0;0;0;0;0;0
FR;12;2022-05-25;0;0;0;0;0;0;0;0;0;0;0;0;0;0;0;0;0;0
FR;12;2022-05-26;0;0;0;0;0;0;0;0;0;0;0;0;0;0;0;0;0;0
FR;12;2022-05-27;0;0;0;0;0;0;0;0;0;0;0;0;0;0;0;0;0;0
FR;12;2022-05-28;0;0;0;0;0;0;0;0;0;0;0;0;0;0;0;0;0;0
FR;12;2022-05-29;0;0;0;0;0;0;0;0;0;0;0;0;0;0;0;0;0;0
FR;12;2022-05-30;0;0;0;0;0;0;0;0;0;0;0;0;0;0;0;0;0;0
FR;12;2022-05-31;0;0;0;0;0;0;0;0;0;0;0;0;0;0;0;0;0;0
FR;12;2022-06-01;0;0;0;0;0;0;0;0;0;0;0;0;0;0;0;0;0;0
FR;12;2022-06-02;0;0;0;0;0;0;0;0;0;0;0;0;0;0;0;0;0;0
FR;12;2022-06-03;0;0;0;0;0;0;0;0;0;0;0;0;0;0;0;0;0;0
FR;12;2022-06-04;0;0;0;0;0;0;0;0;0;0;0;0;0;0;0;0;0;0
FR;12;2022-06-05;0;0;0;0;0;0;0;0;0;0;0;0;0;0;0;0;0;0
FR;12;2022-06-06;0;0;0;0;0;0;0;0;0;0;0;0;0;0;0;0;0;0
FR;12;2022-06-07;0;0;0;0;0;0;0;0;0;0;0;0;0;0;0;0;0;0
FR;12;2022-06-08;0;0;0;0;0;0;0;0;0;0;0;0;0;0;0;0;0;0
FR;12;2022-06-09;0;0;0;0;0;0;0;0;0;0;0;0;0;0;0;0;0;0
FR;12;2022-06-10;0;0;0;0;0;0;0;0;0;0;0;0;0;0;0;0;0;0
FR;12;2022-06-11;0;0;0;0;0;0;0;0;0;0;0;0;0;0;0;0;0;0
FR;12;2022-06-12;0;0;0;0;0;0;0;0;0;0;0;0;0;0;0;0;0;0
FR;12;2022-06-13;0;0;0;0;0;0;0;0;0;0;0;0;0;0;0;0;0;0
FR;12;2022-06-14;0;0;0;0;0;0;0;0;0;0;0;0;0;0;0;0;0;0
FR;12;2022-06-15;0;0;0;0;0;0;0;0;0;0;0;0;0;0;0;0;0;0
FR;12;2022-06-16;0;0;0;0;0;0;0;0;0;0;0;0;0;0;0;0;0;0
FR;12;2022-06-17;0;0;0;0;0;0;0;0;0;0;0;0;0;0;0;0;0;0
FR;12;2022-06-18;0;0;0;0;0;0;0;0;0;0;0;0;0;0;0;0;0;0
FR;12;2022-06-19;0;0;0;0;0;0;0;0;0;0;0;0;0;0;0;0;0;0
FR;12;2022-06-20;0;0;0;0;0;0;0;0;0;0;0;0;0;0;0;0;0;0
FR;12;2022-06-21;0;0;0;0;0;0;0;0;0;0;0;0;0;0;0;0;0;0
FR;12;2022-06-22;0;0;0;0;0;0;0;0;0;0;0;0;0;0;0;0;0;0
FR;12;2022-06-23;0;0;0;0;0;0;0;0;0;0;0;0;0;0;0;0;0;0
FR;12;2022-06-24;0;0;0;0;0;0;0;0;0;0;0;0;0;0;0;0;0;0
FR;12;2022-06-25;0;0;0;0;0;0;0;0;0;0;0;0;0;0;0;0;0;0
FR;12;2022-06-26;0;0;0;0;0;0;0;0;0;0;0;0;0;0;0;0;0;0
FR;12;2022-06-27;0;0;0;0;0;0;0;0;0;0;0;0;0;0;0;0;0;0
FR;12;2022-06-28;0;0;0;0;0;0;0;0;0;0;0;0;0;0;0;0;0;0
FR;12;2022-06-29;0;0;0;0;0;0;0;0;0;0;0;0;0;0;0;0;0;0
FR;12;2022-06-30;0;0;0;0;0;0;0;0;0;0;0;0;0;0;0;0;0;0
FR;12;2022-07-01;0;0;0;0;0;0;0;0;0;0;0;0;0;0;0;0;0;0
FR;12;2022-07-02;0;0;0;0;0;0;0;0;0;0;0;0;0;0;0;0;0;0
FR;12;2022-07-03;0;0;0;0;0;0;0;0;0;0;0;0;0;0;0;0;0;0
FR;12;2022-07-04;0;0;0;0;0;0;0;0;0;0;0;0;0;0;0;0;0;0
FR;12;2022-07-05;0;0;0;0;0;0;0;0;0;0;0;0;0;0;0;0;0;0
FR;12;2022-07-06;0;0;0;0;0;0;0;0;0;0;0;0;0;0;0;0;0;0
FR;12;2022-07-07;0;0;0;0;0;0;0;0;0;0;0;0;0;0;0;0;0;0
FR;12;2022-07-08;0;0;0;0;0;0;0;0;0;0;0;0;0;0;0;0;0;0
FR;12;2022-07-09;0;0;0;0;0;0;0;0;0;0;0;0;0;0;0;0;0;0
FR;12;2022-07-10;0;0;0;0;0;0;0;0;0;0;0;0;0;0;0;0;0;0
FR;12;2022-07-11;0;0;0;0;0;0;0;0;0;0;0;0;0;0;0;0;0;0
FR;12;2022-07-12;0;0;0;0;0;0;0;0;0;0;0;0;0;0;0;0;0;0
FR;12;2022-07-13;0;0;0;0;0;0;0;0;0;0;0;0;0;0;0;0;0;0
FR;12;2022-07-14;0;0;0;0;0;0;0;0;0;0;0;0;0;0;0;0;0;0
FR;12;2022-07-15;0;0;0;0;0;0;0;0;0;0;0;0;0;0;0;0;0;0
FR;12;2022-07-16;0;0;0;0;0;0;0;0;0;0;0;0;0;0;0;0;0;0
FR;12;2022-07-17;0;0;0;0;0;0;0;0;0;0;0;0;0;0;0;0;0;0
FR;12;2022-07-18;0;0;0;0;0;0;0;0;0;0;0;0;0;0;0;0;0;0
FR;12;2022-07-19;0;0;0;0;0;0;0;0;0;0;0;0;0;0;0;0;0;0
FR;12;2022-07-20;0;0;0;0;0;0;0;0;0;0;0;0;0;0;0;0;0;0
FR;12;2022-07-21;0;0;0;0;0;0;0;0;0;0;0;0;0;0;0;0;0;0
FR;12;2022-07-22;0;0;0;0;0;0;0;0;0;0;0;0;0;0;0;0;0;0
FR;12;2022-07-23;0;0;0;0;0;0;0;0;0;0;0;0;0;0;0;0;0;0
FR;12;2022-07-24;0;0;0;0;0;0;0;0;0;0;0;0;0;0;0;0;0;0
FR;12;2022-07-25;0;0;0;0;0;0;0;0;0;0;0;0;0;0;0;0;0;0
FR;12;2022-07-26;0;0;0;0;0;0;0;0;0;0;0;0;0;0;0;0;0;0
FR;12;2022-07-27;0;0;0;0;0;0;0;0;0;0;0;0;0;0;0;0;0;0
FR;12;2022-07-28;0;0;0;0;0;0;0;0;0;0;0;0;0;0;0;0;0;0
FR;12;2022-07-29;0;0;0;0;0;0;0;0;0;0;0;0;0;0;0;0;0;0
FR;12;2022-07-30;0;0;0;0;0;0;0;0;0;0;0;0;0;0;0;0;0;0
FR;12;2022-07-31;0;0;0;0;0;0;0;0;0;0;0;0;0;0;0;0;0;0
FR;12;2022-08-01;0;0;0;0;0;0;0;0;0;0;0;0;0;0;0;0;0;0
FR;12;2022-08-02;0;0;0;0;0;0;0;0;0;0;0;0;0;0;0;0;0;0
FR;12;2022-08-03;0;0;0;0;0;0;0;0;0;0;0;0;0;0;0;0;0;0
FR;12;2022-08-04;0;0;0;0;0;0;0;0;0;0;0;0;0;0;0;0;0;0
FR;12;2022-08-05;0;0;0;0;0;0;0;0;0;0;0;0;0;0;0;0;0;0
FR;12;2022-08-06;0;0;0;0;0;0;0;0;0;0;0;0;0;0;0;0;0;0
FR;12;2022-08-07;0;0;0;0;0;0;0;0;0;0;0;0;0;0;0;0;0;0
FR;12;2022-08-08;0;0;0;0;0;0;0;0;0;0;0;0;0;0;0;0;0;0
FR;12;2022-08-09;0;0;0;0;0;0;0;0;0;0;0;0;0;0;0;0;0;0
FR;12;2022-08-10;0;0;0;0;0;0;0;0;0;0;0;0;0;0;0;0;0;0
FR;12;2022-08-11;0;0;0;0;0;0;0;0;0;0;0;0;0;0;0;0;0;0
FR;12;2022-08-12;0;0;0;0;0;0;0;0;0;0;0;0;0;0;0;0;0;0
FR;12;2022-08-13;0;0;0;0;0;0;0;0;0;0;0;0;0;0;0;0;0;0
FR;12;2022-08-14;0;0;0;0;0;0;0;0;0;0;0;0;0;0;0;0;0;0
FR;12;2022-08-15;0;0;0;0;0;0;0;0;0;0;0;0;0;0;0;0;0;0
FR;12;2022-08-16;0;0;0;0;0;0;0;0;0;0;0;0;0;0;0;0;0;0
FR;12;2022-08-17;0;0;0;0;0;0;0;0;0;0;0;0;0;0;0;0;0;0
FR;12;2022-08-18;0;0;0;0;0;0;0;0;0;0;0;0;0;0;0;0;0;0
FR;12;2022-08-19;0;0;0;0;0;0;0;0;0;0;0;0;0;0;0;0;0;0
FR;12;2022-08-20;0;0;0;0;0;0;0;0;0;0;0;0;0;0;0;0;0;0
FR;12;2022-08-21;0;0;0;0;0;0;0;0;0;0;0;0;0;0;0;0;0;0
FR;12;2022-08-22;0;0;0;0;0;0;0;0;0;0;0;0;0;0;0;0;0;0
FR;12;2022-08-23;0;0;0;0;0;0;0;0;0;0;0;0;0;0;0;0;0;0
FR;12;2022-08-24;0;0;0;0;0;0;0;0;0;0;0;0;0;0;0;0;0;0
FR;12;2022-08-25;0;0;0;0;0;0;0;0;0;0;0;0;0;0;0;0;0;0
FR;12;2022-08-26;0;0;0;0;0;0;0;0;0;0;0;0;0;0;0;0;0;0
FR;12;2022-08-27;0;0;0;0;0;0;0;0;0;0;0;0;0;0;0;0;0;0
FR;12;2022-08-28;0;0;0;0;0;0;0;0;0;0;0;0;0;0;0;0;0;0
FR;12;2022-08-29;0;0;0;0;0;0;0;0;0;0;0;0;0;0;0;0;0;0
FR;12;2022-08-30;0;0;0;0;0;0;0;0;0;0;0;0;0;0;0;0;0;0
FR;12;2022-08-31;0;0;0;0;0;0;0;0;0;0;0;0;0;0;0;0;0;0
FR;12;2022-09-01;0;0;0;0;0;0;0;0;0;0;0;0;0;0;0;0;0;0
FR;12;2022-09-02;0;0;0;0;0;0;0;0;0;0;0;0;0;0;0;0;0;0
FR;12;2022-09-03;0;0;0;0;0;0;0;0;0;0;0;0;0;0;0;0;0;0
FR;12;2022-09-04;0;0;0;0;0;0;0;0;0;0;0;0;0;0;0;0;0;0
FR;12;2022-09-05;0;0;0;0;0;0;0;0;0;0;0;0;0;0;0;0;0;0
FR;12;2022-09-06;0;0;0;0;0;0;0;0;0;0;0;0;0;0;0;0;0;0
FR;12;2022-09-07;0;0;0;0;0;0;0;0;0;0;0;0;0;0;0;0;0;0
FR;12;2022-09-08;0;0;0;0;0;0;0;0;0;0;0;0;0;0;0;0;0;0
FR;12;2022-09-09;0;0;0;0;0;0;0;0;0;0;0;0;0;0;0;0;0;0
FR;12;2022-09-10;0;0;0;0;0;0;0;0;0;0;0;0;0;0;0;0;0;0
FR;12;2022-09-11;0;0;0;0;0;0;0;0;0;0;0;0;0;0;0;0;0;0
FR;12;2022-09-12;0;0;0;0;0;0;0;0;0;0;0;0;0;0;0;0;0;0
FR;12;2022-09-13;0;0;0;0;0;0;0;0;0;0;0;0;0;0;0;0;0;0
FR;12;2022-09-14;0;0;0;0;0;0;0;0;0;0;0;0;0;0;0;0;0;0
FR;12;2022-09-15;0;0;0;0;0;0;0;0;0;0;0;0;0;0;0;0;0;0
FR;12;2022-09-16;0;0;0;0;0;0;0;0;0;0;0;0;0;0;0;0;0;0
FR;12;2022-09-17;0;0;0;0;0;0;0;0;0;0;0;0;0;0;0;0;0;0
FR;12;2022-09-18;0;0;0;0;0;0;0;0;0;0;0;0;0;0;0;0;0;0
FR;12;2022-09-19;0;0;0;0;0;0;0;0;0;0;0;0;0;0;0;0;0;0
FR;12;2022-09-20;0;0;0;0;0;0;0;0;0;0;0;0;0;0;0;0;0;0
FR;12;2022-09-21;0;0;0;0;0;0;0;0;0;0;0;0;0;0;0;0;0;0
FR;12;2022-09-22;0;0;0;0;0;0;0;0;0;0;0;0;0;0;0;0;0;0
FR;12;2022-09-23;0;0;0;0;0;0;0;0;0;0;0;0;0;0;0;0;0;0
FR;12;2022-09-24;0;0;0;0;0;0;0;0;0;0;0;0;0;0;0;0;0;0
FR;12;2022-09-25;0;0;0;0;0;0;0;0;0;0;0;0;0;0;0;0;0;0
FR;12;2022-09-26;0;0;0;0;0;0;0;0;0;0;0;0;0;0;0;0;0;0
FR;12;2022-09-27;0;0;0;0;0;0;0;0;0;0;0;0;0;0;0;0;0;0
FR;12;2022-09-28;0;0;0;0;0;0;0;0;0;0;0;0;0;0;0;0;0;0
FR;12;2022-09-29;0;0;0;0;0;0;0;0;0;0;0;0;0;0;0;0;0;0
FR;12;2022-09-30;0;0;0;0;0;0;0;0;0;0;0;0;0;0;0;0;0;0
FR;12;2022-10-01;0;0;0;0;0;0;0;0;0;0;0;0;0;0;0;0;0;0
FR;12;2022-10-02;0;0;0;0;0;0;0;0;0;0;0;0;0;0;0;0;0;0
FR;12;2022-10-03;0;0;0;0;0;0;0;0;0;0;0;0;0;0;0;0;0;0
FR;12;2022-10-04;0;0;0;0;0;0;0;0;0;0;0;0;0;0;0;0;0;0
FR;12;2022-10-05;0;0;0;0;0;0;0;0;0;0;0;0;0;0;0;0;0;0
FR;12;2022-10-06;0;0;0;0;0;0;0;0;0;0;0;0;0;0;0;0;0;0
FR;12;2022-10-07;0;0;0;0;0;0;0;0;0;0;0;0;0;0;0;0;0;0
FR;12;2022-10-08;0;0;0;0;0;0;0;0;0;0;0;0;0;0;0;0;0;0
FR;12;2022-10-09;0;0;0;0;0;0;0;0;0;0;0;0;0;0;0;0;0;0
FR;12;2022-10-10;0;0;0;0;0;0;0;0;0;0;0;0;0;0;0;0;0;0
FR;12;2022-10-11;0;0;0;0;0;0;0;0;0;0;0;0;0;0;0;0;0;0
FR;12;2022-10-12;0;0;0;0;0;0;0;0;0;0;0;0;0;0;0;0;0;0
FR;12;2022-10-13;0;0;0;0;0;0;0;0;0;0;0;0;0;0;0;0;0;0
FR;12;2022-10-14;0;0;0;0;0;0;0;0;0;0;0;0;0;0;0;0;0;0
FR;12;2022-10-15;0;0;0;0;0;0;0;0;0;0;0;0;0;0;0;0;0;0
FR;12;2022-10-16;0;0;0;0;0;0;0;0;0;0;0;0;0;0;0;0;0;0
FR;12;2022-10-17;0;0;0;0;0;0;0;0;0;0;0;0;0;0;0;0;0;0
FR;12;2022-10-18;0;0;0;0;0;0;0;0;0;0;0;0;0;0;0;0;0;0
FR;12;2022-10-19;0;0;0;0;0;0;0;0;0;0;0;0;0;0;0;0;0;0
FR;12;2022-10-20;0;0;0;0;0;0;0;0;0;0;0;0;0;0;0;0;0;0
FR;12;2022-10-21;0;0;0;0;0;0;0;0;0;0;0;0;0;0;0;0;0;0
FR;12;2022-10-22;0;0;0;0;0;0;0;0;0;0;0;0;0;0;0;0;0;0
FR;12;2022-10-23;0;0;0;0;0;0;0;0;0;0;0;0;0;0;0;0;0;0
FR;12;2022-10-24;0;0;0;0;0;0;0;0;0;0;0;0;0;0;0;0;0;0
FR;12;2022-10-25;0;0;0;0;0;0;0;0;0;0;0;0;0;0;0;0;0;0
FR;12;2022-10-26;0;0;0;0;0;0;0;0;0;0;0;0;0;0;0;0;0;0
FR;12;2022-10-27;0;0;0;0;0;0;0;0;0;0;0;0;0;0;0;0;0;0
FR;12;2022-10-28;0;0;0;0;0;0;0;0;0;0;0;0;0;0;0;0;0;0
FR;12;2022-10-29;0;0;0;0;0;0;0;0;0;0;0;0;0;0;0;0;0;0
FR;12;2022-10-30;0;0;0;0;0;0;0;0;0;0;0;0;0;0;0;0;0;0
FR;12;2022-10-31;0;0;0;0;0;0;0;0;0;0;0;0;0;0;0;0;0;0
FR;12;2022-11-01;0;0;0;0;0;0;0;0;0;0;0;0;0;0;0;0;0;0
FR;12;2022-11-02;0;0;0;0;0;0;0;0;0;0;0;0;0;0;0;0;0;0
FR;12;2022-11-03;0;0;0;0;0;0;0;0;0;0;0;0;0;0;0;0;0;0
FR;12;2022-11-04;0;0;0;0;0;0;0;0;0;0;0;0;0;0;0;0;0;0
FR;12;2022-11-05;0;0;0;0;0;0;0;0;0;0;0;0;0;0;0;0;0;0
FR;12;2022-11-06;0;0;0;0;0;0;0;0;0;0;0;0;0;0;0;0;0;0
FR;12;2022-11-07;0;0;0;0;0;0;0;0;0;0;0;0;0;0;0;0;0;0
FR;12;2022-11-08;0;0;0;0;0;0;0;0;0;0;0;0;0;0;0;0;0;0
FR;12;2022-11-09;0;0;0;0;0;0;0;0;0;0;0;0;0;0;0;0;0;0
FR;12;2022-11-10;0;0;0;0;0;0;0;0;0;0;0;0;0;0;0;0;0;0
FR;12;2022-11-11;0;0;0;0;0;0;0;0;0;0;0;0;0;0;0;0;0;0
FR;12;2022-11-12;0;0;0;0;0;0;0;0;0;0;0;0;0;0;0;0;0;0
FR;12;2022-11-13;0;0;0;0;0;0;0;0;0;0;0;0;0;0;0;0;0;0
FR;12;2022-11-14;0;0;0;0;0;0;0;0;0;0;0;0;0;0;0;0;0;0
FR;12;2022-11-15;0;0;0;0;0;0;0;0;0;0;0;0;0;0;0;0;0;0
FR;12;2022-11-16;0;0;0;0;0;0;0;0;0;0;0;0;0;0;0;0;0;0
FR;12;2022-11-17;0;0;0;0;0;0;0;0;0;0;0;0;0;0;0;0;0;0
FR;12;2022-11-18;0;0;0;0;0;0;0;0;0;0;0;0;0;0;0;0;0;0
FR;12;2022-11-19;0;0;0;0;0;0;0;0;0;0;0;0;0;0;0;0;0;0
FR;12;2022-11-20;0;0;0;0;0;0;0;0;0;0;0;0;0;0;0;0;0;0
FR;12;2022-11-21;0;0;0;0;0;0;0;0;0;0;0;0;0;0;0;0;0;0
FR;12;2022-11-22;0;0;0;0;0;0;0;0;0;0;0;0;0;0;0;0;0;0
FR;12;2022-11-23;0;0;0;0;0;0;0;0;0;0;0;0;0;0;0;0;0;0
FR;12;2022-11-24;0;0;0;0;0;0;0;0;0;0;0;0;0;0;0;0;0;0
FR;12;2022-11-25;0;0;0;0;0;0;0;0;0;0;0;0;0;0;0;0;0;0
FR;12;2022-11-26;0;0;0;0;0;0;0;0;0;0;0;0;0;0;0;0;0;0
FR;12;2022-11-27;0;0;0;0;0;0;0;0;0;0;0;0;0;0;0;0;0;0
FR;12;2022-11-28;0;0;0;0;0;0;0;0;0;0;0;0;0;0;0;0;0;0
FR;12;2022-11-29;0;0;0;0;0;0;0;0;0;0;0;0;0;0;0;0;0;0
FR;12;2022-11-30;0;0;0;0;0;0;0;0;0;0;0;0;0;0;0;0;0;0
FR;12;2022-12-01;0;0;0;0;0;0;0;0;0;0;0;0;0;0;0;0;0;0
FR;12;2022-12-02;0;0;0;0;0;0;0;0;0;0;0;0;0;0;0;0;0;0
FR;12;2022-12-03;0;0;0;0;0;0;0;0;0;0;0;0;0;0;0;0;0;0
FR;12;2022-12-04;0;0;0;0;0;0;0;0;0;0;0;0;0;0;0;0;0;0
FR;12;2022-12-05;0;0;0;0;0;0;0;0;0;0;0;0;0;0;0;0;0;0
FR;12;2022-12-06;0;0;0;0;0;0;0;0;0;0;0;0;0;0;0;0;0;0
FR;12;2022-12-07;0;0;0;0;0;0;0;0;0;0;0;0;0;0;0;0;0;0
FR;12;2022-12-08;0;0;0;0;0;0;0;0;0;0;0;0;0;0;0;0;0;0
FR;12;2022-12-09;0;0;0;0;0;0;0;0;0;0;0;0;0;0;0;0;0;0
FR;12;2022-12-10;0;0;0;0;0;0;0;0;0;0;0;0;0;0;0;0;0;0
FR;12;2022-12-11;0;0;0;0;0;0;0;0;0;0;0;0;0;0;0;0;0;0
FR;12;2022-12-12;0;0;0;0;0;0;0;0;0;0;0;0;0;0;0;0;0;0
FR;12;2022-12-13;0;0;0;0;0;0;0;0;0;0;0;0;0;0;0;0;0;0
FR;12;2022-12-14;0;0;0;0;0;0;0;0;0;0;0;0;0;0;0;0;0;0
FR;12;2022-12-15;0;0;0;0;0;0;0;0;0;0;0;0;0;0;0;0;0;0
FR;12;2022-12-16;0;0;0;0;0;0;0;0;0;0;0;0;0;0;0;0;0;0
FR;12;2022-12-17;0;0;0;0;0;0;0;0;0;0;0;0;0;0;0;0;0;0
FR;12;2022-12-18;0;0;0;0;0;0;0;0;0;0;0;0;0;0;0;0;0;0
FR;12;2022-12-19;0;0;0;0;0;0;0;0;0;0;0;0;0;0;0;0;0;0
FR;12;2022-12-20;0;0;0;0;0;0;0;0;0;0;0;0;0;0;0;0;0;0
FR;12;2022-12-21;0;0;0;0;0;0;0;0;0;0;0;0;0;0;0;0;0;0
FR;12;2022-12-22;0;0;0;0;0;0;0;0;0;0;0;0;0;0;0;0;0;0
FR;12;2022-12-23;0;0;0;0;0;0;0;0;0;0;0;0;0;0;0;0;0;0
FR;12;2022-12-24;0;0;0;0;0;0;0;0;0;0;0;0;0;0;0;0;0;0
FR;12;2022-12-25;0;0;0;0;0;0;0;0;0;0;0;0;0;0;0;0;0;0
FR;12;2022-12-26;0;0;0;0;0;0;0;0;0;0;0;0;0;0;0;0;0;0
FR;12;2022-12-27;0;0;0;0;0;0;0;0;0;0;0;0;0;0;0;0;0;0
FR;12;2022-12-28;0;0;0;0;0;0;0;0;0;0;0;0;0;0;0;0;0;0
FR;12;2022-12-29;0;0;0;0;0;0;0;0;0;0;0;0;0;0;0;0;0;0
FR;12;2022-12-30;0;0;0;0;0;0;0;0;0;0;0;0;0;0;0;0;0;0
FR;12;2022-12-31;0;0;0;0;0;0;0;0;0;0;0;0;0;0;0;0;0;0
FR;12;2023-01-01;0;0;0;0;0;0;0;0;0;0;0;0;0;0;0;0;0;0
FR;12;2023-01-02;0;0;0;0;0;0;0;0;0;0;0;0;0;0;0;0;0;0
FR;12;2023-01-03;0;0;0;0;0;0;0;0;0;0;0;0;0;0;0;0;0;0
FR;12;2023-01-04;0;0;0;0;0;0;0;0;0;0;0;0;0;0;0;0;0;0
FR;12;2023-01-05;0;0;0;0;0;0;0;0;0;0;0;0;0;0;0;0;0;0
FR;12;2023-01-06;0;0;0;0;0;0;0;0;0;0;0;0;0;0;0;0;0;0
FR;12;2023-01-07;0;0;0;0;0;0;0;0;0;0;0;0;0;0;0;0;0;0
FR;12;2023-01-08;0;0;0;0;0;0;0;0;0;0;0;0;0;0;0;0;0;0
FR;12;2023-01-09;0;0;0;0;0;0;0;0;0;0;0;0;0;0;0;0;0;0
FR;12;2023-01-10;0;0;0;0;0;0;0;0;0;0;0;0;0;0;0;0;0;0
FR;12;2023-01-11;0;0;0;0;0;0;0;0;0;0;0;0;0;0;0;0;0;0
FR;12;2023-01-12;0;0;0;0;0;0;0;0;0;0;0;0;0;0;0;0;0;0
FR;12;2023-01-13;0;0;0;0;0;0;0;0;0;0;0;0;0;0;0;0;0;0
FR;12;2023-01-14;0;0;0;0;0;0;0;0;0;0;0;0;0;0;0;0;0;0
FR;12;2023-01-15;0;0;0;0;0;0;0;0;0;0;0;0;0;0;0;0;0;0
FR;12;2023-01-16;0;0;0;0;0;0;0;0;0;0;0;0;0;0;0;0;0;0
FR;12;2023-01-17;0;0;0;0;0;0;0;0;0;0;0;0;0;0;0;0;0;0
FR;12;2023-01-18;0;0;0;0;0;0;0;0;0;0;0;0;0;0;0;0;0;0
FR;12;2023-01-19;0;0;0;0;0;0;0;0;0;0;0;0;0;0;0;0;0;0
FR;12;2023-01-20;0;0;0;0;0;0;0;0;0;0;0;0;0;0;0;0;0;0
FR;12;2023-01-21;0;0;0;0;0;0;0;0;0;0;0;0;0;0;0;0;0;0
FR;12;2023-01-22;0;0;0;0;0;0;0;0;0;0;0;0;0;0;0;0;0;0
FR;12;2023-01-23;0;0;0;0;0;0;0;0;0;0;0;0;0;0;0;0;0;0
FR;12;2023-01-24;0;0;0;0;0;0;0;0;0;0;0;0;0;0;0;0;0;0
FR;12;2023-01-25;0;0;0;0;0;0;0;0;0;0;0;0;0;0;0;0;0;0
FR;12;2023-01-26;0;0;0;0;0;0;0;0;0;0;0;0;0;0;0;0;0;0
FR;12;2023-01-27;0;0;0;0;0;0;0;0;0;0;0;0;0;0;0;0;0;0
FR;12;2023-01-28;0;0;0;0;0;0;0;0;0;0;0;0;0;0;0;0;0;0
FR;12;2023-01-29;0;0;0;0;0;0;0;0;0;0;0;0;0;0;0;0;0;0
FR;12;2023-01-30;0;0;0;0;0;0;0;0;0;0;0;0;0;0;0;0;0;0
FR;12;2023-01-31;0;0;0;0;0;0;0;0;0;0;0;0;0;0;0;0;0;0
FR;12;2023-02-01;0;0;0;0;0;0;0;0;0;0;0;0;0;0;0;0;0;0
FR;12;2023-02-02;0;0;0;1;0;0;0;2;2;0;0;0;1;0;0;0;2;2
FR;12;2023-02-03;0;1;6;57;0;4;58;141;77;0;1;6;58;0;4;58;143;79
FR;12;2023-02-04;1;3;6;51;1;5;52;110;52;1;4;12;109;1;9;110;253;131
FR;12;2023-02-05;0;0;0;0;0;0;0;1;1;1;4;12;109;1;9;110;254;132
FR;12;2023-02-06;3;2;13;63;0;11;69;154;69;4;6;25;172;1;20;179;408;201
FR;12;2023-02-07;2;7;18;95;4;13;98;237;121;6;13;43;267;5;33;277;645;322
FR;12;2023-02-08;1;3;10;62;1;10;69;170;89;7;16;53;329;6;43;346;815;411
FR;12;2023-02-09;5;3;12;75;2;13;78;284;190;12;19;65;404;8;56;424;1099;601
FR;12;2023-02-10;4;2;22;140;4;12;150;327;162;16;21;87;544;12;68;574;1426;763
FR;12;2023-02-11;0;2;8;59;1;3;58;123;60;16;23;95;603;13;71;632;1549;823
FR;12;2023-02-12;0;0;0;3;0;0;3;7;3;16;23;95;606;13;71;635;1556;826
FR;12;2023-02-13;0;0;17;78;0;8;85;217;114;16;23;112;684;13;79;720;1773;940
FR;12;2023-02-14;3;5;17;96;5;14;99;229;108;19;28;129;780;18;93;819;2002;1048
FR;12;2023-02-15;3;5;19;85;0;13;86;236;132;22;33;148;865;18;106;905;2238;1180
FR;12;2023-02-16;5;3;16;107;3;13;103;247;129;27;36;164;972;21;119;1008;2485;1309
FR;12;2023-02-17;2;4;12;115;3;11;110;280;153;29;40;176;1087;24;130;1118;2765;1462
FR;12;2023-02-18;1;4;10;51;2;12;52;102;36;30;44;186;1138;26;142;1170;2867;1498
FR;12;2023-02-19;0;0;0;2;0;0;1;2;1;30;44;186;1140;26;142;1171;2869;1499
FR;12;2023-02-20;10;2;11;65;6;11;69;219;132;40;46;197;1205;32;153;1240;3088;1631
FR;12;2023-02-21;6;6;19;98;4;14;94;280;167;46;52;216;1303;36;167;1334;3368;1798
FR;12;2023-02-22;2;4;19;74;2;20;78;231;125;48;56;235;1377;38;187;1412;3599;1923
FR;12;2023-02-23;4;3;20;88;2;16;87;265;155;52;59;255;1465;40;203;1499;3864;2078
FR;12;2023-02-24;3;7;20;135;3;17;142;360;189;55;66;275;1600;43;220;1641;4224;2267
FR;12;2023-02-25;7;1;19;92;1;10;106;200;77;62;67;294;1692;44;230;1747;4424;2344
FR;12;2023-02-26;0;0;0;0;0;0;0;2;2;62;67;294;1692;44;230;1747;4426;2346
FR;12;2023-02-27;6;10;20;92;8;16;95;270;156;68;77;314;1784;52;246;1842;4696;2502
FR;12;2023-02-28;6;9;21;125;0;23;128;385;227;74;86;335;1909;52;269;1970;5081;2729
FR;12;2023-03-01;3;7;23;78;2;18;91;292;175;77;93;358;1987;54;287;2061;5373;2904
FR;12;2023-03-02;9;9;21;110;6;18;117;304;163;86;102;379;2097;60;305;2178;5677;3067
FR;12;2023-03-03;10;8;45;142;7;39;148;418;220;96;110;424;2239;67;344;2326;6095;3287
FR;12;2023-03-04;3;2;12;55;0;10;53;119;49;99;112;436;2294;67;354;2379;6214;3336
FR;12;2023-03-05;0;1;1;2;1;1;2;8;5;99;113;437;2296;68;355;2381;6222;3341
FR;12;2023-03-06;4;5;27;74;2;20;82;268;157;103;118;464;2370;70;375;2463;6490;3498
FR;12;2023-03-07;6;10;29;130;9;24;132;356;191;109;128;493;2500;79;399;2595;6846;3689
FR;12;2023-03-08;4;7;27;71;5;22;77;249;137;113;135;520;2571;84;421;2672;7095;3826
FR;12;2023-03-09;4;8;18;91;4;22;85;323;197;117;143;538;2662;88;443;2757;7418;4023
FR;12;2023-03-10;11;7;23;137;9;23;133;368;209;128;150;561;2799;97;466;2890;7786;4232
FR;12;2023-03-11;1;4;15;45;4;9;50;132;72;129;154;576;2844;101;475;2940;7918;4304
FR;12;2023-03-12;0;2;0;2;0;2;1;5;2;129;156;576;2846;101;477;2941;7923;4306
FR;12;2023-03-13;3;4;32;102;1;28;104;297;158;132;160;608;2948;102;505;3045;8220;4464
FR;12;2023-03-14;3;7;16;85;2;15;83;322;210;135;167;624;3033;104;520;3128;8542;4674
FR;12;2023-03-15;1;4;20;66;2;19;69;225;124;136;171;644;3099;106;539;3197;8767;4798
FR;12;2023-03-16;5;5;20;100;5;13;116;300;157;141;176;664;3199;111;552;3313;9067;4955
FR;12;2023-03-17;4;11;30;112;4;28;113;388;224;145;187;694;3311;115;580;3426;9455;5179
FR;12;2023-03-18;1;4;21;53;4;17;59;144;64;146;191;715;3364;119;597;3485;9599;5243
FR;12;2023-03-19;0;0;0;6;0;0;5;10;5;146;191;715;3370;119;597;3490;9609;5248
FR;12;2023-03-20;9;8;27;87;7;23;90;258;134;155;199;742;3457;126;620;3580;9867;5382
FR;12;2023-03-21;2;7;42;81;3;36;93;356;210;157;206;784;3538;129;656;3673;10223;5592
FR;12;2023-03-22;6;4;36;50;5;29;58;241;139;163;210;820;3588;134;685;3731;10464;5731
FR;12;2023-03-23;3;8;26;80;5;25;82;264;147;166;218;846;3668;139;710;3813;10728;5878
FR;12;2023-03-24;6;2;25;99;3;22;109;347;203;172;220;871;3767;142;732;3922;11075;6081
FR;12;2023-03-25;7;8;25;61;3;14;75;162;62;179;228;896;3828;145;746;3997;11237;6143
FR;12;2023-03-26;0;1;0;1;1;0;1;7;6;179;229;896;3829;146;746;3998;11244;6149
FR;12;2023-03-27;5;10;28;77;7;23;85;283;159;184;239;924;3906;153;769;4083;11527;6308
FR;12;2023-03-28;2;5;29;95;2;25;91;344;207;186;244;953;4001;155;794;4174;11871;6515
FR;12;2023-03-29;4;8;18;52;5;20;56;201;105;190;252;971;4053;160;814;4230;12072;6620
FR;12;2023-03-30;9;2;27;65;4;19;81;281;168;199;254;998;4118;164;833;4311;12353;6788
FR;12;2023-03-31;4;14;41;120;4;39;126;424;233;203;268;1039;4238;168;872;4437;12777;7021
FR;12;2023-04-01;1;8;17;44;4;13;48;139;63;204;276;1056;4282;172;885;4485;12916;7084
FR;12;2023-04-02;0;2;1;0;0;3;0;6;3;204;278;1057;4282;172;888;4485;12922;7087
FR;12;2023-04-03;6;3;35;90;4;18;112;300;159;210;281;1092;4372;176;906;4597;13222;7246
FR;12;2023-04-04;4;7;22;85;0;26;87;383;247;214;288;1114;4457;176;932;4684;13605;7493
FR;12;2023-04-05;4;9;21;60;5;23;57;231;138;218;297;1135;4517;181;955;4741;13836;7631
FR;12;2023-04-06;10;8;25;57;3;23;67;280;164;228;305;1160;4574;184;978;4808;14116;7795
FR;12;2023-04-07;4;11;29;98;8;25;110;389;221;232;316;1189;4672;192;1003;4918;14505;8016
FR;12;2023-04-08;1;5;11;38;3;9;38;117;56;233;321;1200;4710;195;1012;4956;14622;8072
FR;12;2023-04-09;0;0;2;1;0;1;2;5;2;233;321;1202;4711;195;1013;4958;14627;8074
FR;12;2023-04-10;0;1;2;2;1;0;5;9;4;233;322;1204;4713;196;1013;4963;14636;8078
FR;12;2023-04-11;5;8;27;87;6;16;98;297;161;238;330;1231;4800;202;1029;5061;14933;8239
FR;12;2023-04-12;5;12;16;52;5;23;60;260;154;243;342;1247;4852;207;1052;5121;15193;8393
FR;12;2023-04-13;3;5;22;58;2;17;64;251;140;246;347;1269;4910;209;1069;5185;15444;8533
FR;12;2023-04-14;6;15;21;91;9;18;97;397;248;252;362;1290;5001;218;1087;5282;15841;8781
FR;12;2023-04-15;5;0;14;34;0;8;40;110;49;257;362;1304;5035;218;1095;5322;15951;8830
FR;12;2023-04-16;0;0;1;2;0;0;2;4;2;257;362;1305;5037;218;1095;5324;15955;8832
FR;12;2023-04-17;3;2;18;40;2;19;40;181;97;260;364;1323;5077;220;1114;5364;16136;8929
FR;12;2023-04-18;6;6;18;56;2;14;63;273;145;266;370;1341;5133;222;1128;5427;16409;9074
FR;12;2023-04-19;3;7;11;40;2;11;38;149;81;269;377;1352;5173;224;1139;5465;16558;9155
FR;12;2023-04-20;2;3;15;51;1;11;58;215;120;271;380;1367;5224;225;1150;5523;16773;9275
FR;12;2023-04-21;4;6;25;60;5;19;68;255;148;275;386;1392;5284;230;1169;5591;17028;9423
FR;12;2023-04-22;3;8;11;22;6;9;29;94;36;278;394;1403;5306;236;1178;5620;17122;9459
FR;12;2023-04-23;0;0;1;0;0;1;1;3;1;278;394;1404;5306;236;1179;5621;17125;9460
FR;12;2023-04-24;2;6;11;42;5;11;49;172;99;280;400;1415;5348;241;1190;5670;17297;9559
FR;12;2023-04-25;1;3;15;46;1;15;51;207;120;281;403;1430;5394;242;1205;5721;17504;9679
FR;12;2023-04-26;3;4;16;36;2;14;42;170;88;284;407;1446;5430;244;1219;5763;17674;9767
FR;12;2023-04-27;4;4;13;46;3;13;46;193;108;288;411;1459;5476;247;1232;5809;17867;9875
FR;12;2023-04-28;5;9;24;63;3;24;74;317;181;293;420;1483;5539;250;1256;5883;18184;10056
FR;12;2023-04-29;2;4;10;25;4;6;30;94;44;295;424;1493;5564;254;1262;5913;18278;10100
FR;12;2023-04-30;0;0;0;0;0;0;0;0;0;295;424;1493;5564;254;1262;5913;18278;10100
FR;12;2023-05-01;0;0;0;0;0;0;0;4;3;295;424;1493;5564;254;1262;5913;18282;10103
FR;12;2023-05-02;8;3;12;48;2;15;48;248;128;303;427;1505;5612;256;1277;5961;18530;10231
FR;12;2023-05-03;7;6;10;44;7;9;47;228;122;310;433;1515;5656;263;1286;6008;18758;10353
FR;12;2023-05-04;5;4;20;37;1;17;51;222;110;315;437;1535;5693;264;1303;6059;18980;10463
FR;12;2023-05-05;4;12;18;49;5;19;48;284;151;319;449;1553;5742;269;1322;6107;19264;10614
FR;12;2023-05-06;2;5;7;15;2;11;15;69;29;321;454;1560;5757;271;1333;6122;19333;10643
FR;12;2023-05-07;2;0;1;0;2;1;2;3;0;323;454;1561;5757;273;1334;6124;19336;10643
FR;12;2023-05-08;0;1;1;0;1;0;1;5;2;323;455;1562;5757;274;1334;6125;19341;10645
FR;12;2023-05-09;1;6;11;46;3;14;53;246;119;324;461;1573;5803;277;1348;6178;19587;10764
FR;12;2023-05-10;5;8;10;39;7;13;42;208;105;329;469;1583;5842;284;1361;6220;19795;10869
FR;12;2023-05-11;4;6;8;43;4;8;45;208;108;333;475;1591;5885;288;1369;6265;20003;10977
FR;12;2023-05-12;3;3;8;58;1;7;56;308;165;336;478;1599;5943;289;1376;6321;20311;11142
FR;12;2023-05-13;3;3;4;18;1;7;20;75;39;339;481;1603;5961;290;1383;6341;20386;11181
FR;12;2023-05-14;0;0;0;0;0;0;0;1;1;339;481;1603;5961;290;1383;6341;20387;11182
FR;12;2023-05-15;2;1;6;35;2;4;40;203;99;341;482;1609;5996;292;1387;6381;20590;11281
FR;12;2023-05-16;5;9;7;39;4;11;42;268;142;346;491;1616;6035;296;1398;6423;20858;11423
FR;12;2023-05-17;3;7;10;31;5;8;34;194;86;349;498;1626;6066;301;1406;6457;21052;11509
FR;12;2023-05-18;1;0;1;2;0;0;3;4;1;350;498;1627;6068;301;1406;6460;21056;11510
FR;12;2023-05-19;1;4;11;32;3;10;39;175;82;351;502;1638;6100;304;1416;6499;21231;11592
FR;12;2023-05-20;1;3;3;6;2;2;9;51;20;352;505;1641;6106;306;1418;6508;21282;11612
FR;12;2023-05-21;0;3;0;2;0;3;2;10;1;352;508;1641;6108;306;1421;6510;21292;11613
FR;12;2023-05-22;3;5;9;24;1;13;27;137;61;355;513;1650;6132;307;1434;6537;21429;11674
FR;12;2023-05-23;4;5;12;67;4;13;72;251;102;359;518;1662;6199;311;1447;6609;21680;11776
FR;12;2023-05-24;4;5;5;32;4;6;37;169;77;363;523;1667;6231;315;1453;6646;21849;11853
FR;12;2023-05-25;5;3;8;17;4;10;24;175;79;368;526;1675;6248;319;1463;6670;22024;11932
FR;12;2023-05-26;5;9;11;29;9;10;33;248;107;373;535;1686;6277;328;1473;6703;22272;12039
FR;12;2023-05-27;3;2;7;9;1;4;13;68;36;376;537;1693;6286;329;1477;6716;22340;12075
FR;12;2023-05-28;0;0;0;0;0;0;0;1;0;376;537;1693;6286;329;1477;6716;22341;12075
FR;12;2023-05-29;0;2;0;0;1;1;0;1;0;376;539;1693;6286;330;1478;6716;22342;12075
FR;12;2023-05-30;6;5;10;28;2;12;33;240;104;382;544;1703;6314;332;1490;6749;22582;12179
FR;12;2023-05-31;4;5;6;24;6;6;25;167;77;386;549;1709;6338;338;1496;6774;22749;12256
FR;12;2023-06-01;1;2;12;22;2;7;32;223;97;387;551;1721;6360;340;1503;6806;22972;12353
FR;12;2023-06-02;7;2;9;34;1;9;35;312;151;394;553;1730;6394;341;1512;6841;23284;12504
FR;12;2023-06-03;2;2;3;11;1;3;15;88;25;396;555;1733;6405;342;1515;6856;23372;12529
FR;12;2023-06-04;0;0;0;2;0;0;1;8;5;396;555;1733;6407;342;1515;6857;23380;12534
FR;12;2023-06-05;5;4;3;25;2;7;28;238;110;401;559;1736;6432;344;1522;6885;23618;12644
FR;12;2023-06-06;2;7;15;24;4;11;33;278;127;403;566;1751;6456;348;1533;6918;23896;12771
FR;12;2023-06-07;2;5;7;16;1;12;22;190;74;405;571;1758;6472;349;1545;6940;24086;12845
FR;12;2023-06-08;4;6;8;17;5;10;19;186;84;409;577;1766;6489;354;1555;6959;24272;12929
FR;12;2023-06-09;5;3;8;25;2;7;31;272;128;414;580;1774;6514;356;1562;6990;24544;13057
FR;12;2023-06-10;1;3;2;11;4;1;13;82;32;415;583;1776;6525;360;1563;7003;24626;13089
FR;12;2023-06-11;0;1;0;0;0;1;0;2;0;415;584;1776;6525;360;1564;7003;24628;13089
FR;12;2023-06-12;2;2;2;23;0;3;22;173;82;417;586;1778;6548;360;1567;7025;24801;13171
FR;12;2023-06-13;0;1;10;24;1;7;27;213;89;417;587;1788;6572;361;1574;7052;25014;13260
FR;12;2023-06-14;1;1;9;17;0;4;25;174;59;418;588;1797;6589;361;1578;7077;25188;13319
FR;12;2023-06-15;1;2;8;20;1;2;28;227;85;419;590;1805;6609;362;1580;7105;25415;13404
FR;12;2023-06-16;7;2;9;26;4;13;22;300;117;426;592;1814;6635;366;1593;7127;25715;13521
FR;12;2023-06-17;0;3;6;12;3;3;11;104;51;426;595;1820;6647;369;1596;7138;25819;13572
FR;12;2023-06-18;0;0;0;0;0;0;0;0;0;426;595;1820;6647;369;1596;7138;25819;13572
FR;12;2023-06-19;3;7;6;28;6;4;31;218;80;429;602;1826;6675;375;1600;7169;26037;13652
FR;12;2023-06-20;1;0;5;23;0;5;29;296;148;430;602;1831;6698;375;1605;7198;26333;13800
FR;12;2023-06-21;1;6;4;21;3;6;21;212;96;431;608;1835;6719;378;1611;7219;26545;13896
FR;12;2023-06-22;2;2;5;23;2;5;24;262;118;433;610;1840;6742;380;1616;7243;26807;14014
FR;12;2023-06-23;1;2;4;28;2;4;35;277;109;434;612;1844;6770;382;1620;7278;27084;14123
FR;12;2023-06-24;0;0;6;10;0;5;18;76;21;434;612;1850;6780;382;1625;7296;27160;14144
FR;12;2023-06-25;0;0;0;2;0;0;1;3;2;434;612;1850;6782;382;1625;7297;27163;14146
FR;12;2023-06-26;4;0;4;18;0;6;21;181;55;438;612;1854;6800;382;1631;7318;27344;14201
FR;0;2020-12-27;616;0;0;0;55;0;0;0;0;616;0;0;0;55;0;0;0;0
FR;0;2020-12-28;710;1;0;0;44;0;0;0;0;1326;1;0;0;99;0;0;0;0
FR;0;2020-12-29;389;0;0;0;19;0;0;0;0;1715;1;0;0;118;0;0;0;0
FR;0;2020-12-30;456;0;0;0;20;0;0;0;0;2171;1;0;0;138;0;0;0;0
FR;0;2020-12-31;451;1;0;0;21;0;0;0;0;2622;2;0;0;159;0;0;0;0
FR;0;2021-01-01;1199;2;0;0;66;0;0;0;0;3821;4;0;0;225;0;0;0;0
FR;0;2021-01-02;370;4;0;0;29;0;0;0;0;4191;8;0;0;254;0;0;0;0
FR;0;2021-01-03;419;0;0;0;23;0;0;0;0;4610;8;0;0;277;0;0;0;0
FR;0;2021-01-04;2152;5;0;0;51;0;0;0;0;6762;13;0;0;328;0;0;0;0
FR;0;2021-01-05;7794;6;0;0;128;0;0;0;0;14556;19;0;0;456;0;0;0;0
FR;0;2021-01-06;12491;23;0;0;128;0;0;0;0;27047;42;0;0;584;0;0;0;0
FR;0;2021-01-07;29481;24;0;0;159;0;0;0;0;56528;66;0;0;743;0;0;0;0
FR;0;2021-01-08;37170;36;0;0;205;0;0;0;0;93698;102;0;0;948;0;0;0;0
FR;0;2021-01-09;11221;9;0;0;77;0;0;0;0;104919;111;0;0;1025;0;0;0;0
FR;0;2021-01-10;6017;8;0;0;28;0;0;0;0;110936;119;0;0;1053;0;0;0;0
FR;0;2021-01-11;39956;39;0;0;232;0;0;0;0;150892;158;0;0;1285;0;0;0;0
FR;0;2021-01-12;62166;31;0;0;296;0;0;0;0;213058;189;0;0;1581;0;0;0;0
FR;0;2021-01-13;65150;63;0;0;433;0;0;0;0;278208;252;0;0;2014;0;0;0;0
FR;0;2021-01-14;83109;263;0;0;1166;0;0;0;0;361317;515;0;0;3180;0;0;0;0
FR;0;2021-01-15;69040;103;1;0;555;0;0;0;0;430357;618;1;0;3735;0;0;0;0
FR;0;2021-01-16;20219;73;0;0;183;0;0;0;0;450576;691;1;0;3918;0;0;0;0
FR;0;2021-01-17;10993;54;0;0;137;0;0;0;0;461569;745;1;0;4055;0;0;0;0
FR;0;2021-01-18;85924;179;0;0;614;0;0;0;0;547493;924;1;0;4669;0;0;0;0
FR;0;2021-01-19;130616;211;0;0;860;0;0;0;0;678109;1135;1;0;5529;0;0;0;0
FR;0;2021-01-20;137577;197;0;0;836;0;0;0;0;815686;1332;1;0;6365;0;0;0;0
FR;0;2021-01-21;158435;205;0;0;947;0;0;0;0;974121;1537;1;0;7312;0;0;0;0
FR;0;2021-01-22;121091;259;0;0;846;0;0;0;0;1095212;1796;1;0;8158;0;0;0;0
FR;0;2021-01-23;38494;86;0;0;223;0;0;0;0;1133706;1882;1;0;8381;0;0;0;0
FR;0;2021-01-24;9752;131;0;0;196;0;0;0;0;1143458;2013;1;0;8577;0;0;0;0
FR;0;2021-01-25;78257;1458;0;0;1808;0;0;0;0;1221715;3471;1;0;10385;0;0;0;0
FR;0;2021-01-26;100401;3713;1;0;4189;0;0;0;0;1322116;7184;2;0;14574;0;0;0;0
FR;0;2021-01-27;107266;6447;0;0;7162;0;0;0;0;1429382;13631;2;0;21736;0;0;0;0
FR;0;2021-01-28;124384;16427;0;0;17249;0;0;0;0;1553766;30058;2;0;38985;0;0;0;0
FR;0;2021-01-29;92206;18809;0;0;19386;0;0;0;0;1645972;48867;2;0;58371;0;0;0;0
FR;0;2021-01-30;29128;4541;0;0;4678;0;0;0;0;1675100;53408;2;0;63049;0;0;0;0
FR;0;2021-01-31;5241;1900;0;0;1945;0;0;0;0;1680341;55308;2;0;64994;0;0;0;0
FR;0;2021-02-01;53161;23082;0;0;23356;0;0;0;0;1733502;78390;2;0;88350;0;0;0;0
FR;0;2021-02-02;72337;38221;0;0;38713;0;0;0;0;1805839;116611;2;0;127063;0;0;0;0
FR;0;2021-02-03;72329;40312;0;0;40818;0;0;0;0;1878168;156923;2;0;167881;0;0;0;0
FR;0;2021-02-04;82100;55163;0;0;55758;0;0;0;0;1960268;212086;2;0;223639;0;0;0;0
FR;0;2021-02-05;68252;48266;0;0;48704;0;0;0;0;2028520;260352;2;0;272343;0;0;0;0
FR;0;2021-02-06;22948;11435;0;0;11673;0;0;0;0;2051468;271787;2;0;284016;0;0;0;0
FR;0;2021-02-07;5195;6080;0;0;6206;0;0;0;0;2056663;277867;2;0;290222;0;0;0;0
FR;0;2021-02-08;46857;48832;0;0;49321;0;0;0;0;2103520;326699;2;0;339543;0;0;0;0
FR;0;2021-02-09;66051;78493;0;0;79591;0;0;0;0;2169571;405192;2;0;419134;0;0;0;0
FR;0;2021-02-10;71049;83557;0;0;84856;0;0;0;0;2240620;488749;2;0;503990;0;0;0;0
FR;0;2021-02-11;87309;105778;0;0;107728;0;0;0;0;2327929;594527;2;0;611718;0;0;0;0
FR;0;2021-02-12;79358;76114;0;0;77861;0;0;0;0;2407287;670641;2;0;689579;0;0;0;0
FR;0;2021-02-13;22391;19531;0;0;19898;0;0;0;0;2429678;690172;2;0;709477;0;0;0;0
FR;0;2021-02-14;5080;7324;0;0;7452;0;0;0;0;2434758;697496;2;0;716929;0;0;0;0
FR;0;2021-02-15;38132;76801;0;0;77825;0;0;0;0;2472890;774297;2;0;794754;0;0;0;0
FR;0;2021-02-16;50420;99673;0;0;101027;0;0;0;0;2523310;873970;2;0;895781;0;0;0;0
FR;0;2021-02-17;50561;106940;20;0;108392;0;0;0;0;2573871;980910;22;0;1004173;0;0;0;0
FR;0;2021-02-18;69814;123790;0;0;125840;0;0;0;0;2643685;1104700;22;0;1130013;0;0;0;0
FR;0;2021-02-19;65093;92334;1;0;94224;0;0;0;0;2708778;1197034;23;0;1224237;0;0;0;0
FR;0;2021-02-20;18602;28544;0;0;28915;0;0;0;0;2727380;1225578;23;0;1253152;0;0;0;0
FR;0;2021-02-21;3335;6038;0;0;6143;0;0;0;0;2730715;1231616;23;0;1259295;0;0;0;0
FR;0;2021-02-22;37512;73164;2;0;74181;0;0;0;0;2768227;1304780;25;0;1333476;0;0;0;0
FR;0;2021-02-23;53802;85302;1;0;86826;0;0;0;0;2822029;1390082;26;0;1420302;0;0;0;0
FR;0;2021-02-24;60039;82946;1;0;84528;0;0;0;0;2882068;1473028;27;0;1504830;0;0;0;0
FR;0;2021-02-25;100614;91199;1;0;94199;0;0;0;0;2982682;1564227;28;0;1599029;0;0;0;0
FR;0;2021-02-26;113492;70750;1;0;73901;0;0;0;0;3096174;1634977;29;0;1672930;0;0;0;0
FR;0;2021-02-27;52131;22440;1;0;23686;0;0;0;0;3148305;1657417;30;0;1696616;0;0;0;0
FR;0;2021-02-28;6209;4104;2;0;4302;0;0;0;0;3154514;1661521;32;0;1700918;0;0;0;0
FR;0;2021-03-01;65946;54077;1;0;55950;0;0;0;0;3220460;1715598;33;0;1756868;0;0;0;0
FR;0;2021-03-02;101417;67182;3;0;70228;0;0;0;0;3321877;1782780;36;0;1827096;0;0;0;0
FR;0;2021-03-03;116567;65485;0;0;69180;0;0;0;0;3438444;1848265;36;0;1896276;0;0;0;0
FR;0;2021-03-04;163664;72643;3;0;78217;0;0;0;0;3602108;1920908;39;0;1974493;0;0;0;0
FR;0;2021-03-05;200962;62702;3;0;69436;0;0;0;0;3803070;1983610;42;0;2043929;0;0;0;0
FR;0;2021-03-06;207995;17478;3;0;22781;0;0;0;0;4011065;2001088;45;0;2066710;0;0;0;0
FR;0;2021-03-07;121293;3967;1;0;7262;0;0;0;0;4132358;2005055;46;0;2073972;0;0;0;0
FR;0;2021-03-08;107180;49547;2;0;53037;0;0;0;0;4239538;2054602;48;0;2127009;0;0;0;0
FR;0;2021-03-09;172489;56026;2;0;61527;0;0;0;0;4412027;2110628;50;0;2188536;0;0;0;0
FR;0;2021-03-10;179044;57063;5;0;62740;0;0;0;0;4591071;2167691;55;0;2251276;0;0;0;0
FR;0;2021-03-11;242934;64041;2;0;72138;0;0;0;0;4834005;2231732;57;0;2323414;0;0;0;0
FR;0;2021-03-12;294876;53368;1;0;62826;0;0;0;0;5128881;2285100;58;0;2386240;0;0;0;0
FR;0;2021-03-13;231445;15263;1;0;21242;0;0;0;0;5360326;2300363;59;0;2407482;0;0;0;0
FR;0;2021-03-14;63365;3032;1;0;5068;0;0;0;0;5423691;2303395;60;0;2412550;0;0;0;0
FR;0;2021-03-15;158701;31485;3;0;36142;0;0;0;0;5582392;2334880;63;0;2448692;0;0;0;0
FR;0;2021-03-16;141599;38811;6;0;42964;0;0;0;0;5723991;2373691;69;0;2491656;0;0;0;0
FR;0;2021-03-17;150519;37570;4;0;42339;0;0;0;0;5874510;2411261;73;0;2533995;0;0;0;0
FR;0;2021-03-18;167873;44320;5;0;49887;0;0;0;0;6042383;2455581;78;0;2583882;0;0;0;0
FR;0;2021-03-19;230056;36745;2;0;44105;0;0;0;0;6272439;2492326;80;0;2627987;0;0;0;0
FR;0;2021-03-20;166721;11385;1;0;16010;0;0;0;0;6439160;2503711;81;0;2643997;0;0;0;0
FR;0;2021-03-21;49959;2129;1;0;3888;0;0;0;0;6489119;2505840;82;0;2647885;0;0;0;0
FR;0;2021-03-22;170085;33533;2;0;39038;0;0;0;0;6659204;2539373;84;0;2686923;0;0;0;0
FR;0;2021-03-23;250442;42361;1;0;50208;0;0;0;0;6909646;2581734;85;0;2737131;0;0;0;0
FR;0;2021-03-24;256953;43595;0;0;51698;0;0;0;0;7166599;2625329;85;0;2788829;0;0;0;0
FR;0;2021-03-25;341877;45294;5;0;56295;0;0;0;0;7508476;2670623;90;0;2845124;0;0;0;0
FR;0;2021-03-26;358850;41794;5;1;53552;0;0;0;0;7867326;2712417;95;1;2898676;0;0;0;0
FR;0;2021-03-27;195297;16954;1;0;23398;0;0;0;0;8062623;2729371;96;1;2922074;0;0;0;0
FR;0;2021-03-28;59361;4587;3;0;6652;0;0;0;0;8121984;2733958;99;1;2928726;0;0;0;0
FR;0;2021-03-29;203028;53393;4;0;60158;0;0;0;0;8325012;2787351;103;1;2988884;0;0;0;0
FR;0;2021-03-30;285550;70043;5;0;80458;0;0;0;0;8610562;2857394;108;1;3069342;0;0;0;0
FR;0;2021-03-31;263083;74060;4;0;84732;0;0;0;0;8873645;2931454;112;1;3154074;0;0;0;0
FR;0;2021-04-01;315587;92827;11;0;106412;0;0;0;0;9189232;3024281;123;1;3260486;0;0;0;0
FR;0;2021-04-02;281385;94824;7;0;106657;0;0;0;0;9470617;3119105;130;1;3367143;0;0;0;0
FR;0;2021-04-03;141097;62621;6;0;67883;0;0;0;0;9611714;3181726;136;1;3435026;0;0;0;0
FR;0;2021-04-04;46552;19022;2;0;21076;0;0;0;0;9658266;3200748;138;1;3456102;0;0;0;0
FR;0;2021-04-05;63373;10402;11;0;13059;0;0;0;0;9721639;3211150;149;1;3469161;0;0;0;0
FR;0;2021-04-06;217276;113153;17;0;122024;0;0;0;0;9938915;3324303;166;1;3591185;0;0;0;0
FR;0;2021-04-07;260325;115285;17;0;126640;0;0;0;0;10199240;3439588;183;1;3717825;0;0;0;0
FR;0;2021-04-08;337917;123228;15;0;138861;0;0;0;0;10537157;3562816;198;1;3856686;0;0;0;0
FR;0;2021-04-09;410245;116881;50;0;134293;0;0;0;0;10947402;3679697;248;1;3990979;0;0;0;0
FR;0;2021-04-10;212666;82880;15;0;91274;0;0;0;0;11160068;3762577;263;1;4082253;0;0;0;0
FR;0;2021-04-11;56162;34180;7;0;36706;0;0;0;0;11216230;3796757;270;1;4118959;0;0;0;0
FR;0;2021-04-12;237130;115832;46;0;125444;0;0;0;0;11453360;3912589;316;1;4244403;0;0;0;0
FR;0;2021-04-13;309558;144153;98;1;157116;0;0;0;0;11762918;4056742;414;2;4401519;0;0;0;0
FR;0;2021-04-14;294609;139862;215;0;153242;0;0;0;0;12057527;4196604;629;2;4554761;0;0;0;0
FR;0;2021-04-15;337206;150552;340;0;166096;0;0;0;0;12394733;4347156;969;2;4720857;0;0;0;0
FR;0;2021-04-16;339363;147042;354;0;161701;0;0;0;0;12734096;4494198;1323;2;4882558;0;0;0;0
FR;0;2021-04-17;188689;89983;109;0;97683;0;0;0;0;12922785;4584181;1432;2;4980241;0;0;0;0
FR;0;2021-04-18;51645;35460;48;0;37882;0;0;0;0;12974430;4619641;1480;2;5018123;0;0;0;0
FR;0;2021-04-19;205751;138301;457;0;147461;0;0;0;0;13180181;4757942;1937;2;5165584;0;0;0;0
FR;0;2021-04-20;254497;172051;569;0;183713;0;0;0;0;13434678;4929993;2506;2;5349297;0;0;0;0
FR;0;2021-04-21;253347;170239;837;0;182262;0;0;0;0;13688025;5100232;3343;2;5531559;0;0;0;0
FR;0;2021-04-22;287635;190465;820;0;205061;0;0;0;0;13975660;5290697;4163;2;5736620;0;0;0;0
FR;0;2021-04-23;297686;184747;747;0;203508;0;0;0;0;14273346;5475444;4910;2;5940128;0;0;0;0
FR;0;2021-04-24;190483;112060;252;0;122515;0;0;0;0;14463829;5587504;5162;2;6062643;0;0;0;0
FR;0;2021-04-25;69579;38861;51;0;42591;0;0;0;0;14533408;5626365;5213;2;6105234;0;0;0;0
FR;0;2021-04-26;221007;158712;564;0;171913;0;0;0;0;14754415;5785077;5777;2;6277147;0;0;0;0
FR;0;2021-04-27;284658;188074;941;0;211389;0;0;0;0;15039073;5973151;6718;2;6488536;0;0;0;0
FR;0;2021-04-28;299598;184734;1427;1;209813;1;0;0;0;15338671;6157885;8145;3;6698349;1;0;0;0
FR;0;2021-04-29;357220;198332;1281;0;233417;0;0;0;0;15695891;6356217;9426;3;6931766;1;0;0;0
FR;0;2021-04-30;372271;186156;1124;1;225495;0;0;0;0;16068162;6542373;10550;4;7157261;1;0;0;0
FR;0;2021-05-01;167680;52539;179;0;63785;0;0;0;0;16235842;6594912;10729;4;7221046;1;0;0;0
FR;0;2021-05-02;91771;37869;83;0;43598;0;0;0;0;16327613;6632781;10812;4;7264644;1;0;0;0
FR;0;2021-05-03;288988;165103;843;0;185629;0;0;0;0;16616601;6797884;11655;4;7450273;1;0;0;0
FR;0;2021-05-04;315761;225644;1237;0;251818;0;0;0;0;16932362;7023528;12892;4;7702091;1;0;0;0
FR;0;2021-05-05;327323;226691;1316;0;251771;0;0;0;0;17259685;7250219;14208;4;7953862;1;0;0;0
FR;0;2021-05-06;379658;241298;1634;0;275545;0;0;0;0;17639343;7491517;15842;4;8229407;1;0;0;0
FR;0;2021-05-07;372837;258924;1225;0;299980;0;0;0;0;18012180;7750441;17067;4;8529387;1;0;0;0
FR;0;2021-05-08;222192;71532;300;0;86741;0;0;0;0;18234372;7821973;17367;4;8616128;1;0;0;0
FR;0;2021-05-09;129735;44486;243;0;53124;0;0;0;0;18364107;7866459;17610;4;8669252;1;0;0;0
FR;0;2021-05-10;313436;229741;1239;0;255522;0;0;0;0;18677543;8096200;18849;4;8924774;1;0;0;0
FR;0;2021-05-11;403988;258458;1566;0;296886;0;0;0;0;19081531;8354658;20415;4;9221660;1;0;0;0
FR;0;2021-05-12;434234;233894;1545;0;270184;0;0;0;0;19515765;8588552;21960;4;9491844;1;0;0;0
FR;0;2021-05-13;338644;56435;432;0;77927;0;0;0;0;19854409;8644987;22392;4;9569771;1;0;0;0
FR;0;2021-05-14;454194;167502;1130;0;203114;0;0;0;0;20308603;8812489;23522;4;9772885;1;0;0;0
FR;0;2021-05-15;375023;94404;445;0;120803;0;0;0;0;20683626;8906893;23967;4;9893688;1;0;0;0
FR;0;2021-05-16;202779;20694;168;0;34095;0;0;0;0;20886405;8927587;24135;4;9927783;1;0;0;0
FR;0;2021-05-17;376171;148882;1555;0;178672;0;0;0;0;21262576;9076469;25690;4;10106455;1;0;0;0
FR;0;2021-05-18;460233;154153;1991;0;193306;0;0;0;0;21722809;9230622;27681;4;10299761;1;0;0;0
FR;0;2021-05-19;467483;142581;2466;0;179844;0;0;0;0;22190292;9373203;30147;4;10479605;1;0;0;0
FR;0;2021-05-20;507610;160262;2340;0;204214;0;0;0;0;22697902;9533465;32487;4;10683819;1;0;0;0
FR;0;2021-05-21;489737;175269;1997;0;221815;0;0;0;0;23187639;9708734;34484;4;10905634;1;0;0;0
FR;0;2021-05-22;347231;80251;670;0;108682;0;0;0;0;23534870;9788985;35154;4;11014316;1;0;0;0
FR;0;2021-05-23;161720;14211;246;0;26680;0;0;0;0;23696590;9803196;35400;4;11040996;1;0;0;0
FR;0;2021-05-24;263223;33110;604;0;52945;0;0;0;0;23959813;9836306;36004;4;11093941;1;0;0;0
FR;0;2021-05-25;400322;190461;2357;1;227030;0;0;0;0;24360135;10026767;38361;5;11320971;1;0;0;0
FR;0;2021-05-26;413524;191305;2227;0;229355;0;0;0;0;24773659;10218072;40588;5;11550326;1;0;0;0
FR;0;2021-05-27;449888;220136;2163;0;267276;0;0;0;0;25223547;10438208;42751;5;11817602;1;0;0;0
FR;0;2021-05-28;429618;261168;1895;0;319268;0;0;0;0;25653165;10699376;44646;5;12136870;1;0;0;0
FR;0;2021-05-29;299010;150536;586;0;183389;0;0;0;0;25952175;10849912;45232;5;12320259;1;0;0;0
FR;0;2021-05-30;107156;32504;164;0;42087;0;0;0;0;26059331;10882416;45396;5;12362346;1;0;0;0
FR;0;2021-05-31;358084;203496;1474;1;241777;1;0;0;0;26417415;11085912;46870;6;12604123;2;0;0;0
FR;0;2021-06-01;431167;251295;1969;1;302940;1;0;0;0;26848582;11337207;48839;7;12907063;3;0;0;0
FR;0;2021-06-02;420196;232804;1986;0;280191;0;0;0;0;27268778;11570011;50825;7;13187254;3;0;0;0
FR;0;2021-06-03;465724;257772;1826;0;312546;0;0;0;0;27734502;11827783;52651;7;13499800;3;0;0;0
FR;0;2021-06-04;456313;305909;1735;1;363322;1;0;0;0;28190815;12133692;54386;8;13863122;4;0;0;0
FR;0;2021-06-05;304841;189572;653;0;222795;0;0;0;0;28495656;12323264;55039;8;14085917;4;0;0;0
FR;0;2021-06-06;133344;49020;227;0;61159;0;0;0;0;28629000;12372284;55266;8;14147076;4;0;0;0
FR;0;2021-06-07;340029;261514;1529;0;298606;0;0;0;0;28969029;12633798;56795;8;14445682;4;0;0;0
FR;0;2021-06-08;393974;291417;1806;0;338282;0;0;0;0;29363003;12925215;58601;8;14783964;4;0;0;0
FR;0;2021-06-09;384976;273771;1734;0;318166;0;0;0;0;29747979;13198986;60335;8;15102130;4;0;0;0
FR;0;2021-06-10;404263;286270;1729;1;335720;0;0;0;0;30152242;13485256;62064;9;15437850;4;0;0;0
FR;0;2021-06-11;386737;356534;1468;1;406980;0;0;0;0;30538979;13841790;63532;10;15844830;4;0;0;0
FR;0;2021-06-12;283301;210995;497;0;243140;0;0;0;0;30822280;14052785;64029;10;16087970;4;0;0;0
FR;0;2021-06-13;104907;73842;204;0;84835;0;0;0;0;30927187;14126627;64233;10;16172805;4;0;0;0
FR;0;2021-06-14;240893;354025;1429;1;383222;0;0;0;0;31168080;14480652;65662;11;16556027;4;0;0;0
FR;0;2021-06-15;308240;384331;1574;1;423107;0;0;0;0;31476320;14864983;67236;12;16979134;4;0;0;0
FR;0;2021-06-16;314028;357607;1419;1;395373;0;0;0;0;31790348;15222590;68655;13;17374507;4;0;0;0
FR;0;2021-06-17;317744;373167;1432;1;414365;0;0;0;0;32108092;15595757;70087;14;17788872;4;0;0;0
FR;0;2021-06-18;321786;442590;1342;2;485998;0;0;0;0;32429878;16038347;71429;16;18274870;4;0;0;0
FR;0;2021-06-19;224368;274026;449;0;301219;0;0;0;0;32654246;16312373;71878;16;18576089;4;0;0;0
FR;0;2021-06-20;74459;102286;131;0;111479;0;0;0;0;32728705;16414659;72009;16;18687568;4;0;0;0
FR;0;2021-06-21;195821;401759;1038;1;427725;1;0;0;0;32924526;16816418;73047;17;19115293;5;0;0;0
FR;0;2021-06-22;223248;467832;1266;10;500506;1;0;0;0;33147774;17284250;74313;27;19615799;6;0;0;0
FR;0;2021-06-23;234087;440151;1198;1;474262;1;0;0;0;33381861;17724401;75511;28;20090061;7;0;0;0
FR;0;2021-06-24;241909;409782;1359;0;447275;0;0;0;0;33623770;18134183;76870;28;20537336;7;0;0;0
FR;0;2021-06-25;227678;523087;1404;0;562088;0;0;0;0;33851448;18657270;78274;28;21099424;7;0;0;0
FR;0;2021-06-26;153296;371101;589;1;395908;0;0;0;0;34004744;19028371;78863;29;21495332;7;0;0;0
FR;0;2021-06-27;55925;155942;169;1;164852;0;0;0;0;34060669;19184313;79032;30;21660184;7;0;0;0
FR;0;2021-06-28;154813;452529;1178;0;478128;0;0;0;0;34215482;19636842;80210;30;22138312;7;0;0;0
FR;0;2021-06-29;182753;507864;2124;0;539234;0;0;0;0;34398235;20144706;82334;30;22677546;7;0;0;0
FR;0;2021-06-30;204047;485266;2016;21;519530;2;0;0;0;34602282;20629972;84350;51;23197076;9;0;0;0
FR;0;2021-07-01;231467;458577;2226;5;498514;0;0;0;0;34833749;21088549;86576;56;23695590;9;0;0;0
FR;0;2021-07-02;228706;520027;2120;5;562335;2;0;0;0;35062455;21608576;88696;61;24257925;11;0;0;0
FR;0;2021-07-03;142059;368761;908;3;395248;1;0;0;0;35204514;21977337;89604;64;24653173;12;0;0;0
FR;0;2021-07-04;56765;141008;265;0;150697;0;0;0;0;35261279;22118345;89869;64;24803870;12;0;0;0
FR;0;2021-07-05;168555;418640;1668;8;448583;0;0;0;0;35429834;22536985;91537;72;25252453;12;0;0;0
FR;0;2021-07-06;196812;474528;1830;45;511118;8;0;0;0;35626646;23011513;93367;117;25763571;20;0;0;0
FR;0;2021-07-07;213258;438970;1881;25;477430;2;0;0;0;35839904;23450483;95248;142;26241001;22;0;0;0
FR;0;2021-07-08;231680;424138;2090;20;468067;2;0;0;0;36071584;23874621;97338;162;26709068;24;0;0;0
FR;0;2021-07-09;228644;511071;2185;4;557355;1;0;0;0;36300228;24385692;99523;166;27266423;25;0;0;0
FR;0;2021-07-10;148640;339924;986;1;368865;0;0;0;0;36448868;24725616;100509;167;27635288;25;0;0;0
FR;0;2021-07-11;60217;110048;284;0;120957;0;0;0;0;36509085;24835664;100793;167;27756245;25;0;0;0
FR;0;2021-07-12;169444;477698;1766;4;512425;0;0;0;0;36678529;25313362;102559;171;28268670;25;0;0;0
FR;0;2021-07-13;287312;526601;2050;8;585620;0;0;0;0;36965841;25839963;104609;179;28854290;25;0;0;0
FR;0;2021-07-14;181123;157331;435;0;186638;0;0;0;0;37146964;25997294;105044;179;29040928;25;0;0;0
FR;0;2021-07-15;347131;501595;2100;1;571554;0;0;0;0;37494095;26498889;107144;180;29612482;25;0;0;0
FR;0;2021-07-16;380125;494959;2023;3;574126;1;0;0;0;37874220;26993848;109167;183;30186608;26;0;0;0
FR;0;2021-07-17;259757;319632;877;1;368586;0;0;0;0;38133977;27313480;110044;184;30555194;26;0;0;0
FR;0;2021-07-18;109747;114564;310;0;132999;0;0;0;0;38243724;27428044;110354;184;30688193;26;0;0;0
FR;0;2021-07-19;285528;423871;1631;3;478874;0;0;0;0;38529252;27851915;111985;187;31167067;26;0;0;0
FR;0;2021-07-20;376945;451200;1725;0;523530;0;0;0;0;38906197;28303115;113710;187;31690597;26;0;0;0
FR;0;2021-07-21;395847;406820;1550;4;481801;1;0;0;0;39302044;28709935;115260;191;32172398;27;0;0;0
FR;0;2021-07-22;441093;387300;1715;4;471766;1;0;0;0;39743137;29097235;116975;195;32644164;28;0;0;0
FR;0;2021-07-23;440353;421951;1883;4;509909;1;0;0;0;40183490;29519186;118858;199;33154073;29;0;0;0
FR;0;2021-07-24;285264;269309;804;1;321989;0;0;0;0;40468754;29788495;119662;200;33476062;29;0;0;0
FR;0;2021-07-25;121130;79918;234;0;100271;0;0;0;0;40589884;29868413;119896;200;33576333;29;0;0;0
FR;0;2021-07-26;347455;322126;1614;3;384679;1;0;0;0;40937339;30190539;121510;203;33961012;30;0;0;0
FR;0;2021-07-27;464124;319256;1699;4;400404;1;0;0;0;41401463;30509795;123209;207;34361416;31;0;0;0
FR;0;2021-07-28;459484;289369;1637;4;366979;1;0;0;0;41860947;30799164;124846;211;34728395;32;0;0;0
FR;0;2021-07-29;489868;276099;1797;2;356966;0;0;0;0;42350815;31075263;126643;213;35085361;32;0;0;0
FR;0;2021-07-30;461863;302324;1942;5;380803;1;0;0;0;42812678;31377587;128585;218;35466164;33;0;0;0
FR;0;2021-07-31;285426;185021;916;1;231506;0;0;0;0;43098104;31562608;129501;219;35697670;33;0;0;0
FR;0;2021-08-01;112056;49908;257;0;65686;0;0;0;0;43210160;31612516;129758;219;35763356;33;0;0;0
FR;0;2021-08-02;341681;234026;1603;2;284714;0;0;0;0;43551841;31846542;131361;221;36048070;33;0;0;0
FR;0;2021-08-03;398648;244425;1729;2;304493;1;0;0;0;43950489;32090967;133090;223;36352563;34;0;0;0
FR;0;2021-08-04;384887;209509;1594;6;265628;3;0;0;0;44335376;32300476;134684;229;36618191;37;0;0;0
FR;0;2021-08-05;366207;228339;1711;0;281712;0;0;0;0;44701583;32528815;136395;229;36899903;37;0;0;0
FR;0;2021-08-06;359762;271205;1835;4;326581;0;0;0;0;45061345;32800020;138230;233;37226484;37;0;0;0
FR;0;2021-08-07;213152;178315;756;5;210040;1;0;0;0;45274497;32978335;138986;238;37436524;38;0;0;0
FR;0;2021-08-08;74213;63190;276;0;73623;0;0;0;0;45348710;33041525;139262;238;37510147;38;0;0;0
FR;0;2021-08-09;258779;258567;1549;4;297476;2;0;0;0;45607489;33300092;140811;242;37807623;40;0;0;0
FR;0;2021-08-10;306900;277038;1662;2;323420;0;0;0;0;45914389;33577130;142473;244;38131043;40;0;0;0
FR;0;2021-08-11;279770;259537;1442;5;301604;0;0;0;0;46194159;33836667;143915;249;38432647;40;0;0;0
FR;0;2021-08-12;271575;277996;1669;3;320249;0;0;0;0;46465734;34114663;145584;252;38752896;40;0;0;0
FR;0;2021-08-13;252181;278116;1595;3;316947;2;0;0;0;46717915;34392779;147179;255;39069843;42;0;0;0
FR;0;2021-08-14;145366;197059;740;0;218980;0;0;0;0;46863281;34589838;147919;255;39288823;42;0;0;0
FR;0;2021-08-15;39403;50088;218;1;55668;0;0;0;0;46902684;34639926;148137;256;39344491;42;0;0;0
FR;0;2021-08-16;186198;317460;1543;0;345378;0;0;0;0;47088882;34957386;149680;256;39689869;42;0;0;0
FR;0;2021-08-17;215721;335791;1638;7;368822;0;0;0;0;47304603;35293177;151318;263;40058691;42;0;0;0
FR;0;2021-08-18;199083;324368;1599;7;354529;3;0;0;0;47503686;35617545;152917;270;40413220;45;0;0;0
FR;0;2021-08-19;192053;325390;1642;1;355945;0;0;0;0;47695739;35942935;154559;271;40769165;45;0;0;0
FR;0;2021-08-20;186495;366173;1823;3;396599;2;0;0;0;47882234;36309108;156382;274;41165764;47;0;0;0
FR;0;2021-08-21;104816;238131;709;0;254561;0;0;0;0;47987050;36547239;157091;274;41420325;47;0;0;0
FR;0;2021-08-22;31950;87210;256;1;92162;1;0;0;0;48019000;36634449;157347;275;41512487;48;0;0;0
FR;0;2021-08-23;141003;356999;1561;3;379588;0;0;0;0;48160003;36991448;158908;278;41892075;48;0;0;0
FR;0;2021-08-24;162524;376569;1850;5;402815;0;0;0;0;48322527;37368017;160758;283;42294890;48;0;0;0
FR;0;2021-08-25;151165;350711;2038;8;375397;2;0;0;0;48473692;37718728;162796;291;42670287;50;0;0;0
FR;0;2021-08-26;142899;342772;2564;10;367561;0;0;0;0;48616591;38061500;165360;301;43037848;50;0;0;0
FR;0;2021-08-27;148457;388232;2791;11;414864;1;0;0;0;48765048;38449732;168151;312;43452712;51;0;0;0
FR;0;2021-08-28;90682;249640;1407;0;264964;0;0;0;0;48855730;38699372;169558;312;43717676;51;0;0;0
FR;0;2021-08-29;27325;83357;518;1;88273;0;0;0;0;48883055;38782729;170076;313;43805949;51;0;0;0
FR;0;2021-08-30;117432;324566;4714;6;342388;5831;0;0;0;49000487;39107295;174790;319;44148337;5882;0;0;0
FR;0;2021-08-31;128834;334444;10189;19;353925;11763;2;0;0;49129321;39441739;184979;338;44502262;17645;2;0;0
FR;0;2021-09-01;136168;285658;22437;8;302399;24413;1;0;0;49265489;39727397;207416;346;44804661;42058;3;0;0
FR;0;2021-09-02;114655;247200;26525;20;262097;29009;0;0;0;49380144;39974597;233941;366;45066758;71067;3;0;0
FR;0;2021-09-03;118331;292647;29968;24;309303;33076;1;0;0;49498475;40267244;263909;390;45376061;104143;4;0;0
FR;0;2021-09-04;89894;217797;12587;12;230488;14157;7;0;0;49588369;40485041;276496;402;45606549;118300;11;0;0
FR;0;2021-09-05;21366;44794;4397;2;48279;4714;0;0;0;49609735;40529835;280893;404;45654828;123014;11;0;0
FR;0;2021-09-06;75701;180482;31957;16;190658;34305;2;0;0;49685436;40710317;312850;420;45845486;157319;13;0;0
FR;0;2021-09-07;80317;181181;33251;43;191038;36322;2;0;0;49765753;40891498;346101;463;46036524;193641;15;0;0
FR;0;2021-09-08;91014;206087;29666;28;216566;32572;4;0;0;49856767;41097585;375767;491;46253090;226213;19;0;0
FR;0;2021-09-09;76986;165314;33086;27;174119;36699;5;0;0;49933753;41262899;408853;518;46427209;262912;24;0;0
FR;0;2021-09-10;96051;203820;35743;28;214896;40790;7;0;0;50029804;41466719;444596;546;46642105;303702;31;0;0
FR;0;2021-09-11;67169;169343;12140;19;178186;14414;0;0;0;50096973;41636062;456736;565;46820291;318116;31;0;0
FR;0;2021-09-12;12830;32093;2784;1;34139;3190;2;0;0;50109803;41668155;459520;566;46854430;321306;33;0;0
FR;0;2021-09-13;64582;126154;41249;35;134170;44268;17;0;0;50174385;41794309;500769;601;46988600;365574;50;0;0
FR;0;2021-09-14;73504;129009;56393;80;135747;62455;39;0;0;50247889;41923318;557162;681;47124347;428029;89;0;0
FR;0;2021-09-15;76668;167735;55671;58;174677;54852;76;0;0;50324557;42091053;612833;739;47299024;482881;165;0;0
FR;0;2021-09-16;63898;114503;60099;82;117879;60179;59;0;0;50388455;42205556;672932;821;47416903;543060;224;0;0
FR;0;2021-09-17;75093;156851;53871;71;159728;57366;67;0;0;50463548;42362407;726803;892;47576631;600426;291;0;0
FR;0;2021-09-18;48244;139637;15603;25;144317;17321;20;0;0;50511792;42502044;742406;917;47720948;617747;311;0;0
FR;0;2021-09-19;7908;23645;2443;1;24875;2619;1;0;0;50519700;42525689;744849;918;47745823;620366;312;0;0
FR;0;2021-09-20;44580;93751;50086;72;96241;50346;34;0;0;50564280;42619440;794935;990;47842064;670712;346;0;0
FR;0;2021-09-21;45918;98367;62772;77;98384;63506;79;0;0;50610198;42717807;857707;1067;47940448;734218;425;0;0
FR;0;2021-09-22;48711;142398;55387;82;144841;55490;46;0;0;50658909;42860205;913094;1149;48085289;789708;471;0;0
FR;0;2021-09-23;43298;92063;62408;95;91270;63589;86;0;0;50702207;42952268;975502;1244;48176559;853297;557;0;0
FR;0;2021-09-24;52324;133289;54571;107;132385;59233;78;0;0;50754531;43085557;1030073;1351;48308944;912530;635;0;0
FR;0;2021-09-25;35225;115668;16277;36;118648;18319;22;0;0;50789756;43201225;1046350;1387;48427592;930849;657;0;0
FR;0;2021-09-26;5561;17803;2273;5;18690;2331;5;0;0;50795317;43219028;1048623;1392;48446282;933180;662;0;0
FR;0;2021-09-27;33987;76895;47221;97;78782;48206;80;0;1;50829304;43295923;1095844;1489;48525064;981386;742;0;1
FR;0;2021-09-28;36524;75245;54983;90;74325;56602;45;0;0;50865828;43371168;1150827;1579;48599389;1037988;787;0;1
FR;0;2021-09-29;44426;100685;53376;113;102845;54911;41;0;0;50910254;43471853;1204203;1692;48702234;1092899;828;0;1
FR;0;2021-09-30;36349;72979;57047;96;71481;59613;57;0;0;50946603;43544832;1261250;1788;48773715;1152512;885;0;1
FR;0;2021-10-01;61720;102863;57836;108;101413;64019;23;0;0;51008323;43647695;1319086;1896;48875128;1216531;908;0;1
FR;0;2021-10-02;39473;78460;20965;39;81737;23386;12;0;0;51047796;43726155;1340051;1935;48956865;1239917;920;0;1
FR;0;2021-10-03;5290;10489;2536;4;11255;2542;4;0;0;51053086;43736644;1342587;1939;48968120;1242459;924;0;1
FR;0;2021-10-04;35208;58501;52638;84;59500;54860;37;0;0;51088294;43795145;1395225;2023;49027620;1297319;961;0;1
FR;0;2021-10-05;33937;64382;61032;135;62111;65122;47;0;0;51122231;43859527;1456257;2158;49089731;1362441;1008;0;1
FR;0;2021-10-06;42728;79311;65764;112;80183;68386;28;0;0;51164959;43938838;1522021;2270;49169914;1430827;1036;0;1
FR;0;2021-10-07;30577;62281;65450;88;59499;68899;37;0;0;51195536;44001119;1587471;2358;49229413;1499726;1073;0;1
FR;0;2021-10-08;49486;91943;77772;111;89885;84805;39;0;0;51245022;44093062;1665243;2469;49319298;1584531;1112;0;1
FR;0;2021-10-09;33677;60950;31549;35;64140;33933;17;0;0;51278699;44154012;1696792;2504;49383438;1618464;1129;0;1
FR;0;2021-10-10;4722;7424;3199;9;7940;3475;2;0;0;51283421;44161436;1699991;2513;49391378;1621939;1131;0;1
FR;0;2021-10-11;30736;49887;61050;105;50603;64120;46;0;0;51314157;44211323;1761041;2618;49441981;1686059;1177;0;1
FR;0;2021-10-12;31651;54483;70635;141;51309;76050;27;0;0;51345808;44265806;1831676;2759;49493290;1762109;1204;0;1
FR;0;2021-10-13;40168;62851;74443;137;62798;79398;29;0;1;51385976;44328657;1906119;2896;49556088;1841507;1233;0;2
FR;0;2021-10-14;30364;52873;68779;116;49694;73871;31;0;0;51416340;44381530;1974898;3012;49605782;1915378;1264;0;2
FR;0;2021-10-15;44961;75242;93255;191;70334;103058;26;0;0;51461301;44456772;2068153;3203;49676116;2018436;1290;0;2
FR;0;2021-10-16;31335;44081;36701;45;46701;39650;15;0;0;51492636;44500853;2104854;3248;49722817;2058086;1305;0;2
FR;0;2021-10-17;3898;5229;3604;2;5677;3674;4;0;0;51496534;44506082;2108458;3250;49728494;2061760;1309;0;2
FR;0;2021-10-18;29217;42342;67522;134;42559;71384;27;0;0;51525751;44548424;2175980;3384;49771053;2133144;1336;0;2
FR;0;2021-10-19;27196;45546;76431;140;43201;81679;43;0;0;51552947;44593970;2252411;3524;49814254;2214823;1379;0;2
FR;0;2021-10-20;35347;52401;96961;181;51808;101580;45;0;0;51588294;44646371;2349372;3705;49866062;2316403;1424;0;2
FR;0;2021-10-21;26169;45174;83999;112;41970;89196;30;0;0;51614463;44691545;2433371;3817;49908032;2405599;1454;0;2
FR;0;2021-10-22;38450;62488;104928;200;59355;112654;61;0;0;51652913;44754033;2538299;4017;49967387;2518253;1515;0;2
FR;0;2021-10-23;27034;41204;45467;57;42426;48637;14;0;0;51679947;44795237;2583766;4074;50009813;2566890;1529;0;2
FR;0;2021-10-24;2947;4763;3686;6;5014;3923;1;0;0;51682894;44800000;2587452;4080;50014827;2570813;1530;0;2
FR;0;2021-10-25;26109;36208;82347;144;35481;86681;38;0;0;51709003;44836208;2669799;4224;50050308;2657494;1568;0;2
FR;0;2021-10-26;23770;34993;87283;166;32158;92413;35;0;0;51732773;44871201;2757082;4390;50082466;2749907;1603;0;2
FR;0;2021-10-27;30116;46298;109035;257;44037;114753;48;0;0;51762889;44917499;2866117;4647;50126503;2864660;1651;0;2
FR;0;2021-10-28;23611;34927;88745;153;31193;94544;35;0;0;51786500;44952426;2954862;4800;50157696;2959204;1686;0;2
FR;0;2021-10-29;31589;51449;117349;206;46497;125437;52;0;0;51818089;45003875;3072211;5006;50204193;3084641;1738;0;2
FR;0;2021-10-30;20578;33237;50361;76;32919;53430;20;0;0;51838667;45037112;3122572;5082;50237112;3138071;1758;0;2
FR;0;2021-10-31;2519;3732;3595;3;3844;3881;3;0;0;51841186;45040844;3126167;5085;50240956;3141952;1761;0;2
FR;0;2021-11-01;8544;4869;3224;3;5020;3587;10;0;0;51849730;45045713;3129391;5088;50245976;3145539;1771;0;2
FR;0;2021-11-02;26387;40098;93612;156;36236;99674;44;0;1;51876117;45085811;3223003;5244;50282212;3245213;1815;0;3
FR;0;2021-11-03;30134;47902;118933;222;43555;125912;62;0;0;51906251;45133713;3341936;5466;50325767;3371125;1877;0;3
FR;0;2021-11-04;23824;37460;107603;217;31573;114483;46;0;0;51930075;45171173;3449539;5683;50357340;3485608;1923;0;3
FR;0;2021-11-05;32422;52937;141679;236;44652;151469;54;0;0;51962497;45224110;3591218;5919;50401992;3637077;1977;0;3
FR;0;2021-11-06;21554;34551;64911;123;32384;68353;26;0;0;51984051;45258661;3656129;6042;50434376;3705430;2003;0;3
FR;0;2021-11-07;2430;4154;5209;6;4000;5598;7;0;0;51986481;45262815;3661338;6048;50438376;3711028;2010;0;3
FR;0;2021-11-08;20634;37741;127237;227;30950;134364;50;0;0;52007115;45300556;3788575;6275;50469326;3845392;2060;0;3
FR;0;2021-11-09;22443;44653;161745;339;32855;172361;65;0;0;52029558;45345209;3950320;6614;50502181;4017753;2125;0;3
FR;0;2021-11-10;31621;54874;187071;447;44022;198890;91;0;0;52061179;45400083;4137391;7061;50546203;4216643;2216;0;3
FR;0;2021-11-11;4750;6744;12999;28;5906;13982;17;0;0;52065929;45406827;4150390;7089;50552109;4230625;2233;0;3
FR;0;2021-11-12;29104;55052;183839;252;41715;197506;86;0;0;52095033;45461879;4334229;7341;50593824;4428131;2319;0;3
FR;0;2021-11-13;20357;32596;80730;118;28226;86354;44;0;0;52115390;45494475;4414959;7459;50622050;4514485;2363;0;3
FR;0;2021-11-14;2367;3854;7184;6;3362;7847;9;0;0;52117757;45498329;4422143;7465;50625412;4522332;2372;0;3
FR;0;2021-11-15;20525;38546;160911;314;27780;171651;77;0;0;52138282;45536875;4583054;7779;50653192;4693983;2449;0;3
FR;0;2021-11-16;23675;43824;200492;394;27699;215192;115;0;1;52161957;45580699;4783546;8173;50680891;4909175;2564;0;4
FR;0;2021-11-17;30545;50240;199905;406;36446;212974;98;0;0;52192502;45630939;4983451;8579;50717337;5122149;2662;0;4
FR;0;2021-11-18;23460;45680;191757;469;29389;205744;94;0;0;52215962;45676619;5175208;9048;50746726;5327893;2756;0;4
FR;0;2021-11-19;33696;61267;243294;551;39904;262312;147;0;0;52249658;45737886;5418502;9599;50786630;5590205;2903;0;4
FR;0;2021-11-20;25426;36659;102195;207;29267;109768;43;0;0;52275084;45774545;5520697;9806;50815897;5699973;2946;0;4
FR;0;2021-11-21;2666;4444;9683;19;3443;10609;19;0;0;52277750;45778989;5530380;9825;50819340;5710582;2965;0;4
FR;0;2021-11-22;22824;33109;180437;472;18909;194924;90;0;0;52300574;45812098;5710817;10297;50838249;5905506;3055;0;4
FR;0;2021-11-23;25738;45458;229496;549;24111;247988;85;0;0;52326312;45857556;5940313;10846;50862360;6153494;3140;0;4
FR;0;2021-11-24;31822;53591;224910;715;34472;243364;80;0;0;52358134;45911147;6165223;11561;50896832;6396858;3220;0;4
FR;0;2021-11-25;25654;49132;256032;739;25045;277942;112;0;0;52383788;45960279;6421255;12300;50921877;6674800;3332;0;4
FR;0;2021-11-26;33256;74669;379565;867;37393;414798;172;0;0;52417044;46034948;6800820;13167;50959270;7089598;3504;0;4
FR;0;2021-11-27;23508;49551;214980;391;28440;236786;135;0;0;52440552;46084499;7015800;13558;50987710;7326384;3639;0;4
FR;0;2021-11-28;3528;10442;56787;66;4057;63333;42;0;0;52444080;46094941;7072587;13624;50991767;7389717;3681;0;4
FR;0;2021-11-29;19449;54060;341575;864;23088;371913;178;0;0;52463529;46149001;7414162;14488;51014855;7761630;3859;0;4
FR;0;2021-11-30;24789;71794;457493;988;26790;500937;291;0;0;52488318;46220795;7871655;15476;51041645;8262567;4150;0;4
FR;0;2021-12-01;27401;75418;469225;1162;31307;511449;304;0;0;52515719;46296213;8340880;16638;51072952;8774016;4454;0;4
FR;0;2021-12-02;22133;71460;527256;1282;20994;575059;309;0;0;52537852;46367673;8868136;17920;51093946;9349075;4763;0;4
FR;0;2021-12-03;25582;92760;596539;1421;34320;651333;343;0;0;52563434;46460433;9464675;19341;51128266;10000408;5106;0;4
FR;0;2021-12-04;18342;60284;336314;692;25659;369891;197;0;0;52581776;46520717;9800989;20033;51153925;10370299;5303;0;4
FR;0;2021-12-05;4158;16083;95820;157;4852;107050;92;0;0;52585934;46536800;9896809;20190;51158777;10477349;5395;0;4
FR;0;2021-12-06;28452;72656;493296;1175;25213;540115;387;0;0;52614386;46609456;10390105;21365;51183990;11017464;5782;0;4
FR;0;2021-12-07;23569;91182;645591;1774;28501;706603;416;0;0;52637955;46700638;11035696;23139;51212491;11724067;6198;0;4
FR;0;2021-12-08;25527;91860;591910;1875;34932;647777;439;0;0;52663482;46792498;11627606;25014;51247423;12371844;6637;0;4
FR;0;2021-12-09;24087;94007;663388;2179;28951;726834;463;0;0;52687569;46886505;12290994;27193;51276374;13098678;7100;0;4
FR;0;2021-12-10;28079;110828;736225;2075;37926;806403;471;0;1;52715648;46997333;13027219;29268;51314300;13905081;7571;0;5
FR;0;2021-12-11;20254;76039;435258;990;29935;480483;343;0;0;52735902;47073372;13462477;30258;51344235;14385564;7914;0;5
FR;0;2021-12-12;5685;23104;142363;262;6384;159236;108;0;0;52741587;47096476;13604840;30520;51350619;14544800;8022;0;5
FR;0;2021-12-13;21372;90672;587854;1699;29629;649469;397;0;0;52762959;47187148;14192694;32219;51380248;15194269;8419;0;5
FR;0;2021-12-14;27991;118201;765826;2658;35394;847808;701;0;1;52790950;47305349;14958520;34877;51415642;16042077;9120;0;6
FR;0;2021-12-15;28458;114127;694536;2267;39483;769317;503;0;1;52819408;47419476;15653056;37144;51455125;16811394;9623;0;7
FR;0;2021-12-16;28058;115558;764277;2559;35073;844701;516;0;0;52847466;47535034;16417333;39703;51490198;17656095;10139;0;7
FR;0;2021-12-17;31665;128218;808045;2713;43319;892198;611;0;0;52879131;47663252;17225378;42416;51533517;18548293;10750;0;7
FR;0;2021-12-18;24945;81468;470067;1179;30036;522271;353;0;0;52904076;47744720;17695445;43595;51563553;19070564;11103;0;7
FR;0;2021-12-19;8771;28505;169449;376;7834;191056;143;0;0;52912847;47773225;17864894;43971;51571387;19261620;11246;0;7
FR;0;2021-12-20;31785;97012;591633;1789;33808;658847;503;0;0;52944632;47870237;18456527;45760;51605195;19920467;11749;0;7
FR;0;2021-12-21;39484;111841;682566;2391;38745;759704;607;0;0;52984116;47982078;19139093;48151;51643940;20680171;12356;0;7
FR;0;2021-12-22;39566;99103;575913;2169;37074;642230;687;0;2;53023682;48081181;19715006;50320;51681014;21322401;13043;0;9
FR;0;2021-12-23;33794;79315;441114;1659;30089;494450;589;0;0;53057476;48160496;20156120;51979;51711103;21816851;13632;0;9
FR;0;2021-12-24;10701;26011;111060;398;11636;126675;236;0;1;53068177;48186507;20267180;52377;51722739;21943526;13868;0;10
FR;0;2021-12-25;779;3565;7603;25;2046;9022;72;0;0;53068956;48190072;20274783;52402;51724785;21952548;13940;0;10
FR;0;2021-12-26;4699;11876;52128;142;4735;60172;170;0;0;53073655;48201948;20326911;52544;51729520;22012720;14110;0;10
FR;0;2021-12-27;30510;83906;453633;1364;33013;509282;665;0;0;53104165;48285854;20780544;53908;51762533;22522002;14775;0;10
FR;0;2021-12-28;38369;98786;564243;1769;35081;632339;1558;0;2;53142534;48384640;21344787;55677;51797614;23154341;16333;0;12
FR;0;2021-12-29;39882;88134;501292;1687;33082;561058;1738;0;1;53182416;48472774;21846079;57364;51830696;23715399;18071;0;13
FR;0;2021-12-30;35928;75050;421076;1521;29499;471184;1880;0;0;53218344;48547824;22267155;58885;51860195;24186583;19951;0;13
FR;0;2021-12-31;12053;25073;116896;405;11263;131680;741;0;0;53230397;48572897;22384051;59290;51871458;24318263;20692;0;13
FR;0;2022-01-01;1597;3217;8533;37;1808;9942;103;0;0;53231994;48576114;22392584;59327;51873266;24328205;20795;0;13
FR;0;2022-01-02;6131;13015;58437;126;5110;66975;408;0;0;53238125;48589129;22451021;59453;51878376;24395180;21203;0;13
FR;0;2022-01-03;39750;90136;494910;1597;36875;551790;2650;0;1;53277875;48679265;22945931;61050;51915251;24946970;23853;0;14
FR;0;2022-01-04;42316;110968;641488;2309;40640;714497;3836;0;3;53320191;48790233;23587419;63359;51955891;25661467;27689;0;17
FR;0;2022-01-05;61226;103574;569288;1985;43792;634323;3429;0;2;53381417;48893807;24156707;65344;51999683;26295790;31118;0;19
FR;0;2022-01-06;44321;110306;639068;2702;40220;711591;4556;0;2;53425738;49004113;24795775;68046;52039903;27007381;35674;0;21
FR;0;2022-01-07;50848;123277;711079;2811;46837;790562;4995;0;2;53476586;49127390;25506854;70857;52086740;27797943;40669;0;23
FR;0;2022-01-08;45015;80263;423847;1213;35042;472911;2447;0;3;53521601;49207653;25930701;72070;52121782;28270854;43116;0;26
FR;0;2022-01-09;15614;26592;128585;300;11482;145663;829;0;0;53537215;49234245;26059286;72370;52133264;28416517;43945;0;26
FR;0;2022-01-10;35425;93245;469405;1816;43020;522791;3722;0;1;53572640;49327490;26528691;74186;52176284;28939308;47667;0;27
FR;0;2022-01-11;41956;100433;548349;2311;42392;608599;5218;0;2;53614596;49427923;27077040;76497;52218676;29547907;52885;0;29
FR;0;2022-01-12;60425;95679;452752;1969;49481;504416;4497;0;8;53675021;49523602;27529792;78466;52268157;30052323;57382;0;37
FR;0;2022-01-13;38275;92513;487422;2084;40548;541104;5467;0;8;53713296;49616115;28017214;80550;52308705;30593427;62849;0;45
FR;0;2022-01-14;42590;103286;568676;2286;43496;629062;6463;0;2;53755886;49719401;28585890;82836;52352201;31222489;69312;0;47
FR;0;2022-01-15;39433;65881;340169;985;31450;377582;3296;0;1;53795319;49785282;28926059;83821;52383651;31600071;72608;0;48
FR;0;2022-01-16;11415;19194;87447;216;9016;99404;764;0;0;53806734;49804476;29013506;84037;52392667;31699475;73372;0;48
FR;0;2022-01-17;24756;59977;320338;1384;28035;354175;3960;0;4;53831490;49864453;29333844;85421;52420702;32053650;77332;0;52
FR;0;2022-01-18;28332;68677;361152;1802;32011;397600;5771;0;1;53859822;49933130;29694996;87223;52452713;32451250;83103;0;53
FR;0;2022-01-19;43231;67008;281355;1452;40384;311093;4392;0;5;53903053;50000138;29976351;88675;52493097;32762343;87495;0;58
FR;0;2022-01-20;23681;59591;299074;1750;29562;328542;5637;0;4;53926734;50059729;30275425;90425;52522659;33090885;93132;0;62
FR;0;2022-01-21;28214;68763;366415;2086;33070;401222;6580;0;3;53954948;50128492;30641840;92511;52555729;33492107;99712;0;65
FR;0;2022-01-22;27630;47971;218811;840;27302;241796;2838;0;2;53982578;50176463;30860651;93351;52583031;33733903;102550;0;67
FR;0;2022-01-23;6740;12962;48695;173;7502;55169;591;0;1;53989318;50189425;30909346;93524;52590533;33789072;103141;0;68
FR;0;2022-01-24;16287;47437;217358;1149;25399;239357;4103;0;3;54005605;50236862;31126704;94673;52615932;34028429;107244;0;71
FR;0;2022-01-25;19034;54317;243104;1548;28808;267104;6067;0;5;54024639;50291179;31369808;96221;52644740;34295533;113311;0;76
FR;0;2022-01-26;28148;60550;209319;1299;41362;229548;4479;0;3;54052787;50351729;31579127;97520;52686102;34525081;117790;0;79
FR;0;2022-01-27;16338;46487;207675;1287;26148;226065;5693;0;4;54069125;50398216;31786802;98807;52712250;34751146;123483;0;83
FR;0;2022-01-28;21594;78648;290091;1574;44967;321350;7411;0;4;54090719;50476864;32076893;100381;52757217;35072496;130894;0;87
FR;0;2022-01-29;18424;52843;184145;689;32751;204574;3255;0;2;54109143;50529707;32261038;101070;52789968;35277070;134149;0;89
FR;0;2022-01-30;4477;14462;39152;124;9129;45056;637;0;1;54113620;50544169;32300190;101194;52799097;35322126;134786;0;90
FR;0;2022-01-31;11262;43903;148219;742;26128;164721;4230;0;5;54124882;50588072;32448409;101936;52825225;35486847;139016;0;95
FR;0;2022-02-01;13653;48291;174148;1145;27329;191335;7036;0;1;54138535;50636363;32622557;103081;52852554;35678182;146052;0;96
FR;0;2022-02-02;20761;66292;171561;1035;46157;190078;5969;0;10;54159296;50702655;32794118;104116;52898711;35868260;152021;0;106
FR;0;2022-02-03;11760;44789;157585;990;25345;173287;6932;0;6;54171056;50747444;32951703;105106;52924056;36041547;158953;0;112
FR;0;2022-02-04;14647;67979;239263;1267;37603;264080;9153;0;6;54185703;50815423;33190966;106373;52961659;36305627;168106;0;118
FR;0;2022-02-05;12903;51439;153565;523;31977;172293;3784;0;3;54198606;50866862;33344531;106896;52993636;36477920;171890;0;121
FR;0;2022-02-06;2726;12168;28898;103;7289;33830;663;0;0;54201332;50879030;33373429;106999;53000925;36511750;172553;0;121
FR;0;2022-02-07;9620;46620;156906;594;24516;176303;5294;0;6;54210952;50925650;33530335;107593;53025441;36688053;177847;0;127
FR;0;2022-02-08;9817;43102;166665;870;20967;184460;7054;0;6;54220769;50968752;33697000;108463;53046408;36872513;184901;0;133
FR;0;2022-02-09;14463;58262;172360;876;35361;193068;5788;0;9;54235232;51027014;33869360;109339;53081769;37065581;190689;0;142
FR;0;2022-02-10;8731;39229;150244;881;18706;166722;6503;0;2;54243963;51066243;34019604;110220;53100475;37232303;197192;0;144
FR;0;2022-02-11;10864;55704;218522;1101;25847;243117;8322;0;3;54254827;51121947;34238126;111321;53126322;37475420;205514;0;147
FR;0;2022-02-12;8409;40970;134740;465;22637;151768;3509;0;4;54263236;51162917;34372866;111786;53148959;37627188;209023;0;151
FR;0;2022-02-13;1940;8605;26568;86;4411;30930;544;0;3;54265176;51171522;34399434;111872;53153370;37658118;209567;0;154
FR;0;2022-02-14;6998;35260;148389;487;14672;166385;4789;0;5;54272174;51206782;34547823;112359;53168042;37824503;214356;0;159
FR;0;2022-02-15;7070;36238;147003;751;16008;162588;6849;0;3;54279244;51243020;34694826;113110;53184050;37987091;221205;0;162
FR;0;2022-02-16;9417;42994;132550;722;25985;146769;5727;0;6;54288661;51286014;34827376;113832;53210035;38133860;226932;0;168
FR;0;2022-02-17;5582;24348;87320;587;13147;94895;5408;0;5;54294243;51310362;34914696;114419;53223182;38228755;232340;0;173
FR;0;2022-02-18;7003;33597;119673;807;18769;129339;7416;0;2;54301246;51343959;35034369;115226;53241951;38358094;239756;0;175
FR;0;2022-02-19;5372;24558;70030;371;15910;77340;3020;0;2;54306618;51368517;35104399;115597;53257861;38435434;242776;0;177
FR;0;2022-02-20;1152;4661;12175;39;2916;13957;460;0;1;54307770;51373178;35116574;115636;53260777;38449391;243236;0;178
FR;0;2022-02-21;4100;17896;61958;351;10173;67188;4059;0;2;54311870;51391074;35178532;115987;53270950;38516579;247295;0;180
FR;0;2022-02-22;4468;18669;60840;577;11271;64481;5255;0;1;54316338;51409743;35239372;116564;53282221;38581060;252550;0;181
FR;0;2022-02-23;6593;27364;66512;593;19632;71911;4595;0;3;54322931;51437107;35305884;117157;53301853;38652971;257145;0;184
FR;0;2022-02-24;3852;15564;50435;519;9524;53259;4531;0;2;54326783;51452671;35356319;117676;53311377;38706230;261676;0;186
FR;0;2022-02-25;5287;24299;76372;804;15274;80104;7336;0;7;54332070;51476970;35432691;118480;53326651;38786334;269012;0;193
FR;0;2022-02-26;3994;17772;47421;359;12174;51488;3083;0;3;54336064;51494742;35480112;118839;53338825;38837822;272095;0;196
FR;0;2022-02-27;881;3011;8040;47;1980;8949;531;0;0;54336945;51497753;35488152;118886;53340805;38846771;272626;0;196
FR;0;2022-02-28;3127;12563;40496;359;7597;42930;3857;0;0;54340072;51510316;35528648;119245;53348402;38889701;276483;0;196
FR;0;2022-03-01;4013;12615;44203;438;7639;44875;5519;0;6;54344085;51522931;35572851;119683;53356041;38934576;282002;0;202
FR;0;2022-03-02;5338;17901;47155;448;12961;49087;4931;0;2;54349423;51540832;35620006;120131;53369002;38983663;286933;0;204
FR;0;2022-03-03;2830;9362;29902;371;6260;30025;4050;0;2;54352253;51550194;35649908;120502;53375262;39013688;290983;0;206
FR;0;2022-03-04;3230;12524;40343;669;8522;39493;6235;0;4;54355483;51562718;35690251;121171;53383784;39053181;297218;0;210
FR;0;2022-03-05;3074;9291;24962;315;7133;25126;3136;0;1;54358557;51572009;35715213;121486;53390917;39078307;300354;0;211
FR;0;2022-03-06;522;1410;3199;43;1031;3444;379;0;0;54359079;51573419;35718412;121529;53391948;39081751;300733;0;211
FR;0;2022-03-07;2499;5636;18439;315;3853;17710;3308;0;4;54361578;51579055;35736851;121844;53395801;39099461;304041;0;215
FR;0;2022-03-08;2154;6082;19452;363;4336;17925;4093;0;3;54363732;51585137;35756303;122207;53400137;39117386;308134;0;218
FR;0;2022-03-09;3583;10572;22200;408;8799;21295;4042;0;4;54367315;51595709;35778503;122615;53408936;39138681;312176;0;222
FR;0;2022-03-10;1833;5849;17013;345;4398;15839;3408;0;3;54369148;51601558;35795516;122960;53413334;39154520;315584;0;225
FR;0;2022-03-11;2422;7568;24511;545;5446;22280;5479;0;2;54371570;51609126;35820027;123505;53418780;39176800;321063;0;227
FR;0;2022-03-12;2699;6776;17168;309;5494;16522;3137;0;2;54374269;51615902;35837195;123814;53424274;39193322;324200;0;229
FR;0;2022-03-13;407;795;2323;150;605;2272;538;0;0;54374676;51616697;35839518;123964;53424879;39195594;324738;0;229
FR;0;2022-03-14;1563;4278;14990;4412;2813;13843;7295;0;8;54376239;51620975;35854508;128376;53427692;39209437;332033;0;237
FR;0;2022-03-15;1751;6295;16387;7556;4810;14618;11036;0;9;54377990;51627270;35870895;135932;53432502;39224055;343069;0;246
FR;0;2022-03-16;3041;7415;19436;13142;6217;18113;16299;0;8;54381031;51634685;35890331;149074;53438719;39242168;359368;0;254
FR;0;2022-03-17;1466;3988;13157;10846;2809;11996;13315;0;9;54382497;51638673;35903488;159920;53441528;39254164;372683;0;263
FR;0;2022-03-18;2268;5758;20020;18307;4099;18116;22039;0;15;54384765;51644431;35923508;178227;53445627;39272280;394722;0;278
FR;0;2022-03-19;2294;4806;13116;9406;4142;12421;11409;0;6;54387059;51649237;35936624;187633;53449769;39284701;406131;0;284
FR;0;2022-03-20;302;738;1920;1074;530;1933;1340;0;2;54387361;51649975;35938544;188707;53450299;39286634;407471;0;286
FR;0;2022-03-21;1395;3222;12736;14951;2157;11962;16910;0;11;54388756;51653197;35951280;203658;53452456;39298596;424381;0;297
FR;0;2022-03-22;1557;3743;13808;20554;2581;12564;22846;0;5;54390313;51656940;35965088;224212;53455037;39311160;447227;0;302
FR;0;2022-03-23;2692;6300;17743;23152;5232;17251;25269;0;40;54393005;51663240;35982831;247364;53460269;39328411;472496;0;342
FR;0;2022-03-24;1411;3160;11600;17619;2248;10685;19394;0;23;54394416;51666400;35994431;264983;53462517;39339096;491890;0;365
FR;0;2022-03-25;2090;5160;18583;27777;3691;16922;30810;0;31;54396506;51671560;36013014;292760;53466208;39356018;522700;0;396
FR;0;2022-03-26;2232;4418;12080;12680;3866;11521;14402;0;26;54398738;51675978;36025094;305440;53470074;39367539;537102;0;422
FR;0;2022-03-27;365;693;1909;1483;515;1943;1740;0;1;54399103;51676671;36027003;306923;53470589;39369482;538842;0;423
FR;0;2022-03-28;1468;3082;11133;17490;2120;10621;19070;0;16;54400571;51679753;36038136;324413;53472709;39380103;557912;0;439
FR;0;2022-03-29;1452;3284;12913;27586;2098;12055;29285;0;34;54402023;51683037;36051049;351999;53474807;39392158;587197;0;473
FR;0;2022-03-30;2854;5589;15691;27435;4773;15091;29341;0;21;54404877;51688626;36066740;379434;53479580;39407249;616538;0;494
FR;0;2022-03-31;1615;3585;12992;25042;2570;12331;26652;0;43;54406492;51692211;36079732;404476;53482150;39419580;643190;0;537
FR;0;2022-04-01;2690;4588;20084;30896;2974;18726;33489;0;62;54409182;51696799;36099816;435372;53485124;39438306;676679;0;599
FR;0;2022-04-02;1532;2649;9054;10136;2009;8728;11298;0;29;54410714;51699448;36108870;445508;53487133;39447034;687977;0;628
FR;0;2022-04-03;294;516;1562;1171;360;1580;1382;0;2;54411008;51699964;36110432;446679;53487493;39448614;689359;0;630
FR;0;2022-04-04;4569;3032;12390;19132;2054;11598;20605;0;35;54415577;51702996;36122822;465811;53489547;39460212;709964;0;665
FR;0;2022-04-05;2608;3178;14354;34151;2055;13207;35769;0;85;54418185;51706174;36137176;499962;53491602;39473419;745733;0;750
FR;0;2022-04-06;2613;3964;13546;26554;3030;12821;28023;0;72;54420798;51710138;36150722;526516;53494632;39486240;773756;0;822
FR;0;2022-04-07;1989;3151;13687;33822;1999;12901;35178;0;76;54422787;51713289;36164409;560338;53496631;39499141;808934;0;898
FR;0;2022-04-08;2310;4345;19236;44016;2675;17862;46369;0;89;54425097;51717634;36183645;604354;53499306;39517003;855303;0;987
FR;0;2022-04-09;1374;2682;9315;13568;1905;8869;14800;0;30;54426471;51720316;36192960;617922;53501211;39525872;870103;0;1017
FR;0;2022-04-10;296;757;1985;2017;555;2007;2279;0;7;54426767;51721073;36194945;619939;53501766;39527879;872382;0;1024
FR;0;2022-04-11;1351;2634;11876;23935;1655;11483;25207;0;74;54428118;51723707;36206821;643874;53503421;39539362;897589;0;1098
FR;0;2022-04-12;1729;3083;14025;40929;1967;13397;41819;0;127;54429847;51726790;36220846;684803;53505388;39552759;939408;0;1225
FR;0;2022-04-13;1978;3723;13416;33118;2720;13038;34087;0;96;54431825;51730513;36234262;717921;53508108;39565797;973495;0;1321
FR;0;2022-04-14;1510;3016;13216;36354;1944;13074;37023;0;105;54433335;51733529;36247478;754275;53510052;39578871;1010518;0;1426
FR;0;2022-04-15;1884;3882;15645;35584;2624;14927;37235;0;115;54435219;51737411;36263123;789859;53512676;39593798;1047753;0;1541
FR;0;2022-04-16;1046;1834;6400;8553;1263;6263;9435;0;40;54436265;51739245;36269523;798412;53513939;39600061;1057188;0;1581
FR;0;2022-04-17;195;340;993;1174;224;1036;1242;0;7;54436460;51739585;36270516;799586;53514163;39601097;1058430;0;1588
FR;0;2022-04-18;201;561;2768;1072;358;2787;1287;0;5;54436661;51740146;36273284;800658;53514521;39603884;1059717;0;1593
FR;0;2022-04-19;1547;3031;12919;29691;1879;12480;30738;0;78;54438208;51743177;36286203;830349;53516400;39616364;1090455;0;1671
FR;0;2022-04-20;2009;3499;13308;29072;2612;12996;30088;0;96;54440217;51746676;36299511;859421;53519012;39629360;1120543;0;1767
FR;0;2022-04-21;1516;2857;12554;35212;1828;12647;35786;0;117;54441733;51749533;36312065;894633;53520840;39642007;1156329;0;1884
FR;0;2022-04-22;1880;3627;16482;37646;2402;15847;39178;0;132;54443613;51753160;36328547;932279;53523242;39657854;1195507;0;2016
FR;0;2022-04-23;1151;2072;7391;10661;1482;7242;11446;0;38;54444764;51755232;36335938;942940;53524724;39665096;1206953;0;2054
FR;0;2022-04-24;249;467;1478;1592;326;1414;1850;0;7;54445013;51755699;36337416;944532;53525050;39666510;1208803;0;2061
FR;0;2022-04-25;1308;2535;10687;21082;1614;10500;22096;0;79;54446321;51758234;36348103;965614;53526664;39677010;1230899;0;2140
FR;0;2022-04-26;1627;3008;13671;38665;1967;13114;39462;0;181;54447948;51761242;36361774;1004279;53528631;39690124;1270361;0;2321
FR;0;2022-04-27;1965;3068;11540;31089;2283;11597;31507;0;131;54449913;51764310;36373314;1035368;53530914;39701721;1301868;0;2452
FR;0;2022-04-28;1571;2783;12530;36269;1866;12271;36586;0;139;54451484;51767093;36385844;1071637;53532780;39713992;1338454;0;2591
FR;0;2022-04-29;2011;4834;15561;37281;3639;14938;38751;0;164;54453495;51771927;36401405;1108918;53536419;39728930;1377205;0;2755
FR;0;2022-04-30;1225;4702;6929;9717;4196;6758;10608;0;44;54454720;51776629;36408334;1118635;53540615;39735688;1387813;0;2799
FR;0;2022-05-01;221;325;916;1000;229;911;1141;0;6;54454941;51776954;36409250;1119635;53540844;39736599;1388954;0;2805
FR;0;2022-05-02;2364;2970;11160;18182;2066;10994;19026;0;69;54457305;51779924;36420410;1137817;53542910;39747593;1407980;0;2874
FR;0;2022-05-03;2067;3269;13726;34703;2129;13567;35624;0;163;54459372;51783193;36434136;1172520;53545039;39761160;1443604;0;3037
FR;0;2022-05-04;1926;3302;12188;25650;2302;12305;26202;0;110;54461298;51786495;36446324;1198170;53547341;39773465;1469806;0;3147
FR;0;2022-05-05;1796;3041;13070;33602;2019;12916;34270;0;180;54463094;51789536;36459394;1231772;53549360;39786381;1504076;0;3327
FR;0;2022-05-06;2218;3667;15360;36824;2325;14873;38283;0;182;54465312;51793203;36474754;1268596;53551685;39801254;1542359;0;3509
FR;0;2022-05-07;1210;1783;6464;9614;1255;6456;10339;0;48;54466522;51794986;36481218;1278210;53552940;39807710;1552698;0;3557
FR;0;2022-05-08;267;400;1175;1548;288;1236;1654;0;8;54466789;51795386;36482393;1279758;53553228;39808946;1554352;0;3565
FR;0;2022-05-09;1404;2307;9927;20259;1414;9798;21175;0;102;54468193;51797693;36492320;1300017;53554642;39818744;1575527;0;3667
FR;0;2022-05-10;1803;3432;13576;38999;2296;13132;40026;0;200;54469996;51801125;36505896;1339016;53556938;39831876;1615553;0;3867
FR;0;2022-05-11;2004;3022;10756;27943;2326;10701;28447;0;146;54472000;51804147;36516652;1366959;53559264;39842577;1644000;0;4013
FR;0;2022-05-12;1595;2746;11387;35758;1816;11056;36523;0;211;54473595;51806893;36528039;1402717;53561080;39853633;1680523;0;4224
FR;0;2022-05-13;1985;3224;13761;37981;2068;13350;39246;0;162;54475580;51810117;36541800;1440698;53563148;39866983;1719769;0;4386
FR;0;2022-05-14;1150;1648;5938;10778;1207;5801;11366;0;58;54476730;51811765;36547738;1451476;53564355;39872784;1731135;0;4444
FR;0;2022-05-15;283;480;1278;1440;303;1361;1593;0;6;54477013;51812245;36549016;1452916;53564658;39874145;1732728;0;4450
FR;0;2022-05-16;1196;2047;8695;21070;1248;8701;21597;0;128;54478209;51814292;36557711;1473986;53565906;39882846;1754325;0;4578
FR;0;2022-05-17;1593;2605;11828;37881;1671;11404;38723;0;180;54479802;51816897;36569539;1511867;53567577;39894250;1793048;0;4758
FR;0;2022-05-18;1816;2655;9694;27166;1957;9667;27785;0;109;54481618;51819552;36579233;1539033;53569534;39903917;1820833;0;4867
FR;0;2022-05-19;1451;2660;10581;35846;1636;10721;36037;0;162;54483069;51822212;36589814;1574879;53571170;39914638;1856870;0;5029
FR;0;2022-05-20;1876;3118;13426;39369;2080;12913;40389;0;168;54484945;51825330;36603240;1614248;53573250;39927551;1897259;0;5197
FR;0;2022-05-21;1159;1718;5662;9897;1314;5533;10534;0;45;54486104;51827048;36608902;1624145;53574564;39933084;1907793;0;5242
FR;0;2022-05-22;241;341;1032;1440;263;1017;1585;0;10;54486345;51827389;36609934;1625585;53574827;39934101;1909378;0;5252
FR;0;2022-05-23;1176;2127;8880;20375;1411;8830;21030;0;86;54487521;51829516;36618814;1645960;53576238;39942931;1930408;0;5338
FR;0;2022-05-24;1542;2759;11367;38882;1736;11239;39511;0;190;54489063;51832275;36630181;1684842;53577974;39954170;1969919;0;5528
FR;0;2022-05-25;1814;2842;9343;24847;2080;9481;25323;0;116;54490877;51835117;36639524;1709689;53580054;39963651;1995242;0;5644
FR;0;2022-05-26;216;430;1666;1201;293;1677;1344;0;26;54491093;51835547;36641190;1710890;53580347;39965328;1996586;0;5670
FR;0;2022-05-27;1390;2477;9266;21291;1670;9006;22325;0;94;54492483;51838024;36650456;1732181;53582017;39974334;2018911;0;5764
FR;0;2022-05-28;669;1272;3919;6795;852;3968;7204;0;38;54493152;51839296;36654375;1738976;53582869;39978302;2026115;0;5802
FR;0;2022-05-29;157;315;753;921;200;774;1033;0;4;54493309;51839611;36655128;1739897;53583069;39979076;2027148;0;5806
FR;0;2022-05-30;1026;1969;6995;19296;1249;7013;19808;0;91;54494335;51841580;36662123;1759193;53584318;39986089;2046956;0;5897
FR;0;2022-05-31;1488;2522;9823;35664;1649;9645;36295;0;171;54495823;51844102;36671946;1794857;53585967;39995734;2083251;0;6068
FR;0;2022-06-01;1754;3106;11029;24538;2256;10896;25491;0;122;54497577;51847208;36682975;1819395;53588223;40006630;2108742;0;6190
FR;0;2022-06-02;1480;2615;11311;35606;1718;10866;36552;0;174;54499057;51849823;36694286;1855001;53589941;40017496;2145294;0;6364
FR;0;2022-06-03;1729;3085;13424;38731;2054;12789;40001;0;176;54500786;51852908;36707710;1893732;53591995;40030285;2185295;0;6540
FR;0;2022-06-04;975;1517;5046;9114;1077;5117;9650;0;73;54501761;51854425;36712756;1902846;53593072;40035402;2194945;0;6613
FR;0;2022-06-05;181;336;876;1108;207;887;1230;0;4;54501942;51854761;36713632;1903954;53593279;40036289;2196175;0;6617
FR;0;2022-06-06;896;1255;2125;1329;1081;2142;1510;0;13;54502838;51856016;36715757;1905283;53594360;40038431;2197685;0;6630
FR;0;2022-06-07;1499;2713;9857;35598;1794;9435;36825;0;153;54504337;51858729;36725614;1940881;53596154;40047866;2234510;0;6783
FR;0;2022-06-08;1585;2699;9178;28790;1942;9021;29756;0;112;54505922;51861428;36734792;1969671;53598096;40056887;2264266;0;6895
FR;0;2022-06-09;1297;2443;10622;39505;1556;10267;40280;0;167;54507219;51863871;36745414;2009176;53599652;40067154;2304546;0;7062
FR;0;2022-06-10;1631;3195;13107;44828;2161;12669;46153;0;223;54508850;51867066;36758521;2054004;53601813;40079823;2350699;0;7285
FR;0;2022-06-11;962;1739;5432;11627;1125;5465;12212;0;55;54509812;51868805;36763953;2065631;53602938;40085288;2362911;0;7340
FR;0;2022-06-12;203;446;1079;1765;255;1143;1866;0;11;54510015;51869251;36765032;2067396;53603193;40086431;2364777;0;7351
FR;0;2022-06-13;1127;2070;7440;23183;1344;7270;24099;0;90;54511142;51871321;36772472;2090579;53604537;40093701;2388876;0;7441
FR;0;2022-06-14;1347;2550;10449;44949;1598;9808;46144;0;200;54512489;51873871;36782921;2135528;53606135;40103509;2435020;0;7641
FR;0;2022-06-15;1529;2466;9326;30914;1935;8965;31604;0;180;54514018;51876337;36792247;2166442;53608070;40112474;2466624;0;7821
FR;0;2022-06-16;1189;2041;9919;39933;1277;9328;40954;0;201;54515207;51878378;36802166;2206375;53609347;40121802;2507578;0;8022
FR;0;2022-06-17;1494;2859;12513;46699;1788;11920;47935;0;240;54516701;51881237;36814679;2253074;53611135;40133722;2555513;0;8262
FR;0;2022-06-18;857;1527;4567;11125;1038;4501;11720;0;67;54517558;51882764;36819246;2264199;53612173;40138223;2567233;0;8329
FR;0;2022-06-19;183;363;1059;1615;208;1131;1701;0;14;54517741;51883127;36820305;2265814;53612381;40139354;2568934;0;8343
FR;0;2022-06-20;1027;1928;8908;26081;1204;8569;27022;0;156;54518768;51885055;36829213;2291895;53613585;40147923;2595956;0;8499
FR;0;2022-06-21;1329;2404;10310;49898;1539;9339;51283;0;264;54520097;51887459;36839523;2341793;53615124;40157262;2647239;0;8763
FR;0;2022-06-22;1398;2519;8920;39066;1809;8430;40008;0;256;54521495;51889978;36848443;2380859;53616933;40165692;2687247;0;9019
FR;0;2022-06-23;1229;2371;10681;55114;1366;9887;56246;0;320;54522724;51892349;36859124;2435973;53618299;40175579;2743493;0;9339
FR;0;2022-06-24;1493;2997;13647;69186;1751;12309;71005;0;405;54524217;51895346;36872771;2505159;53620050;40187888;2814498;0;9744
FR;0;2022-06-25;939;1781;6236;19923;1112;5989;20778;0;177;54525156;51897127;36879007;2525082;53621162;40193877;2835276;0;9921
FR;0;2022-06-26;229;459;1953;3688;259;1818;3966;0;39;54525385;51897586;36880960;2528770;53621421;40195695;2839242;0;9960
FR;0;2022-06-27;1134;2026;10493;48497;1179;9636;49765;0;339;54526519;51899612;36891453;2577267;53622600;40205331;2889007;0;10299
FR;0;2022-06-28;1464;2816;14672;91422;1585;13090;93191;0;624;54527983;51902428;36906125;2668689;53624185;40218421;2982198;0;10923
FR;0;2022-06-29;1713;2835;12294;71899;1848;11242;73040;0;548;54529696;51905263;36918419;2740588;53626033;40229663;3055238;0;11471
FR;0;2022-06-30;1538;2737;14395;95168;1661;12477;97185;0;724;54531234;51908000;36932814;2835756;53627694;40242140;3152423;0;12195
FR;0;2022-07-01;2017;3807;21509;115937;2310;18861;118587;0;954;54533251;51911807;36954323;2951693;53630004;40261001;3271010;0;13149
FR;0;2022-07-02;1088;1859;8529;35755;1108;7705;36876;0;342;54534339;51913666;36962852;2987448;53631112;40268706;3307886;0;13491
FR;0;2022-07-03;294;539;2095;6456;320;1898;6805;0;79;54534633;51914205;36964947;2993904;53631432;40270604;3314691;0;13570
FR;0;2022-07-04;1971;3471;14714;79236;2338;12993;81308;0;639;54536604;51917676;36979661;3073140;53633770;40283597;3395999;0;14209
FR;0;2022-07-05;1799;3173;18842;133282;1805;16025;135573;0;1146;54538403;51920849;36998503;3206422;53635575;40299622;3531572;0;15355
FR;0;2022-07-06;1849;2794;15858;99604;1856;13651;101172;0;900;54540252;51923643;37014361;3306026;53637431;40313273;3632744;0;16255
FR;0;2022-07-07;1717;2872;18010;126041;1712;14789;128368;0;1179;54541969;51926515;37032371;3432067;53639143;40328062;3761112;0;17434
FR;0;2022-07-08;1894;3153;20756;137093;1857;16769;140085;0;1347;54543863;51929668;37053127;3569160;53641000;40344831;3901197;0;18781
FR;0;2022-07-09;868;1464;7746;37928;883;6693;38769;0;426;54544731;51931132;37060873;3607088;53641883;40351524;3939966;0;19207
FR;0;2022-07-10;272;687;2346;7004;441;2125;7395;0;94;54545003;51931819;37063219;3614092;53642324;40353649;3947361;0;19301
FR;0;2022-07-11;1459;2483;15020;88290;1405;12514;90477;0;801;54546462;51934302;37078239;3702382;53643729;40366163;4037838;0;20102
FR;0;2022-07-12;1844;3121;20538;143974;1716;16735;146678;0;1604;54548306;51937423;37098777;3846356;53645445;40382898;4184516;0;21706
FR;0;2022-07-13;1784;2755;15697;94543;1666;13278;96402;0;1080;54550090;51940178;37114474;3940899;53647111;40396176;4280918;0;22786
FR;0;2022-07-14;187;371;1957;5540;221;1836;5707;0;82;54550277;51940549;37116431;3946439;53647332;40398012;4286625;0;22868
FR;0;2022-07-15;1487;2575;15118;84465;1441;12601;86624;0;1035;54551764;51943124;37131549;4030904;53648773;40410613;4373249;0;23903
FR;0;2022-07-16;628;1193;5949;24982;699;5155;25674;0;327;54552392;51944317;37137498;4055886;53649472;40415768;4398923;0;24230
FR;0;2022-07-17;182;395;1738;4666;218;1570;4938;0;66;54552574;51944712;37139236;4060552;53649690;40417338;4403861;0;24296
FR;0;2022-07-18;1132;2252;11829;61810;1342;9979;63673;0;780;54553706;51946964;37151065;4122362;53651032;40427317;4467534;0;25076
FR;0;2022-07-19;1423;2355;15475;103709;1396;12296;105898;0;1459;54555129;51949319;37166540;4226071;53652428;40439613;4573432;0;26535
FR;0;2022-07-20;1429;2302;12970;77586;1470;10744;79173;0;1051;54556558;51951621;37179510;4303657;53653898;40450357;4652605;0;27586
FR;0;2022-07-21;1289;2172;13098;88245;1372;10500;89730;0;1316;54557847;51953793;37192608;4391902;53655270;40460857;4742335;0;28902
FR;0;2022-07-22;1433;2490;14833;89554;1470;11974;91420;0;1347;54559280;51956283;37207441;4481456;53656740;40472831;4833755;0;30249
FR;0;2022-07-23;685;1310;5536;22482;821;4858;23081;0;411;54559965;51957593;37212977;4503938;53657561;40477689;4856836;0;30660
FR;0;2022-07-24;186;353;1401;3905;204;1243;4132;0;72;54560151;51957946;37214378;4507843;53657765;40478932;4860968;0;30732
FR;0;2022-07-25;1061;1797;9493;48082;1149;7845;49519;0;737;54561212;51959743;37223871;4555925;53658914;40486777;4910487;0;31469
FR;0;2022-07-26;1301;2213;13308;85438;1322;10829;87136;0;1311;54562513;51961956;37237179;4641363;53660236;40497606;4997623;0;32780
FR;0;2022-07-27;1226;2008;10236;61318;1341;8530;62522;0;971;54563739;51963964;37247415;4702681;53661577;40506136;5060145;0;33751
FR;0;2022-07-28;1094;1864;10313;64420;1261;8226;65648;0;1046;54564833;51965828;37257728;4767101;53662838;40514362;5125793;0;34797
FR;0;2022-07-29;1282;2078;11011;65901;1387;8765;67331;0;1140;54566115;51967906;37268739;4833002;53664225;40523127;5193124;0;35937
FR;0;2022-07-30;503;867;3523;15283;604;2974;15666;0;303;54566618;51968773;37272262;4848285;53664829;40526101;5208790;0;36240
FR;0;2022-07-31;154;289;929;2439;185;788;2588;0;49;54566772;51969062;37273191;4850724;53665014;40526889;5211378;0;36289
FR;0;2022-08-01;1005;1670;7600;30240;1262;6399;31314;0;549;54567777;51970732;37280791;4880964;53666276;40533288;5242692;0;36838
FR;0;2022-08-02;1056;1650;8582;56131;1157;6895;56808;0;1170;54568833;51972382;37289373;4937095;53667433;40540183;5299500;0;38008
FR;0;2022-08-03;852;1266;6430;38683;903;5150;39421;0;702;54569685;51973648;37295803;4975778;53668336;40545333;5338921;0;38710
FR;0;2022-08-04;741;1187;6575;43161;783;5307;43726;0;917;54570426;51974835;37302378;5018939;53669119;40550640;5382647;0;39627
FR;0;2022-08-05;861;1364;7099;44976;972;5681;45631;0;993;54571287;51976199;37309477;5063915;53670091;40556321;5428278;0;40620
FR;0;2022-08-06;341;560;2101;9368;401;1759;9568;0;228;54571628;51976759;37311578;5073283;53670492;40558080;5437846;0;40848
FR;0;2022-08-07;104;163;536;1627;120;453;1703;0;38;54571732;51976922;37312114;5074910;53670612;40558533;5439549;0;40886
FR;0;2022-08-08;676;1165;4030;22109;921;3293;22544;0;490;54572408;51978087;37316144;5097019;53671533;40561826;5462093;0;41376
FR;0;2022-08-09;748;1167;5973;39963;854;4804;40446;0;844;54573156;51979254;37322117;5136982;53672387;40566630;5502539;0;42220
FR;0;2022-08-10;674;1292;4656;28058;1007;3797;28392;0;652;54573830;51980546;37326773;5165040;53673394;40570427;5530931;0;42872
FR;0;2022-08-11;640;1030;4493;29253;744;3713;29589;0;676;54574470;51981576;37331266;5194293;53674138;40574140;5560520;0;43548
FR;0;2022-08-12;849;1167;4747;28219;851;3920;28656;0;704;54575319;51982743;37336013;5222512;53674989;40578060;5589176;0;44252
FR;0;2022-08-13;363;428;1295;5260;325;1120;5419;0;121;54575682;51983171;37337308;5227772;53675314;40579180;5594595;0;44373
FR;0;2022-08-14;74;121;289;923;104;247;995;0;25;54575756;51983292;37337597;5228695;53675418;40579427;5595590;0;44398
FR;0;2022-08-15;117;232;610;564;198;558;618;0;19;54575873;51983524;37338207;5229259;53675616;40579985;5596208;0;44417
FR;0;2022-08-16;646;1078;3962;22179;840;3356;22372;0;615;54576519;51984602;37342169;5251438;53676456;40583341;5618580;0;45032
FR;0;2022-08-17;654;1041;3890;22900;816;3294;23141;0;620;54577173;51985643;37346059;5274338;53677272;40586635;5641721;0;45652
FR;0;2022-08-18;637;1002;4124;26312;806;3262;26545;0;673;54577810;51986645;37350183;5300650;53678078;40589897;5668266;0;46325
FR;0;2022-08-19;607;1167;4493;27259;875;3694;27565;0;766;54578417;51987812;37354676;5327909;53678953;40593591;5695831;0;47091
FR;0;2022-08-20;311;504;1356;5569;402;1171;5728;0;146;54578728;51988316;37356032;5333478;53679355;40594762;5701559;0;47237
FR;0;2022-08-21;97;135;305;1009;96;267;1044;0;27;54578825;51988451;37356337;5334487;53679451;40595029;5702603;0;47264
FR;0;2022-08-22;584;1002;3274;15358;780;2798;15688;0;425;54579409;51989453;37359611;5349845;53680231;40597827;5718291;0;47689
FR;0;2022-08-23;732;1180;4299;29002;853;3610;29091;0;870;54580141;51990633;37363910;5378847;53681084;40601437;5747382;0;48559
FR;0;2022-08-24;670;940;3498;19539;786;2860;19729;0;608;54580811;51991573;37367408;5398386;53681870;40604297;5767111;0;49167
FR;0;2022-08-25;626;1025;3947;23402;731;3295;23666;0;673;54581437;51992598;37371355;5421788;53682601;40607592;5790777;0;49840
FR;0;2022-08-26;862;1266;4478;25884;961;3671;26257;0;777;54582299;51993864;37375833;5447672;53683562;40611263;5817034;0;50617
FR;0;2022-08-27;299;500;1379;5469;362;1244;5533;0;194;54582598;51994364;37377212;5453141;53683924;40612507;5822567;0;50811
FR;0;2022-08-28;125;163;303;921;117;288;966;0;38;54582723;51994527;37377515;5454062;53684041;40612795;5823533;0;50849
FR;0;2022-08-29;623;970;3076;14679;770;2614;14985;0;433;54583346;51995497;37380591;5468741;53684811;40615409;5838518;0;51282
FR;0;2022-08-30;855;1224;4796;28553;900;3914;28883;0;823;54584201;51996721;37385387;5497294;53685711;40619323;5867401;0;52105
FR;0;2022-08-31;697;958;3207;17647;745;2718;17911;0;508;54584898;51997679;37388594;5514941;53686456;40622041;5885312;0;52613
FR;0;2022-09-01;763;997;4480;22502;709;3827;22768;0;623;54585661;51998676;37393074;5537443;53687165;40625868;5908080;0;53236
FR;0;2022-09-02;998;1161;5045;28615;849;4258;28909;0;914;54586659;51999837;37398119;5566058;53688014;40630126;5936989;0;54150
FR;0;2022-09-03;421;571;1920;6086;425;1667;6323;0;181;54587080;52000408;37400039;5572144;53688439;40631793;5943312;0;54331
FR;0;2022-09-04;135;150;351;876;85;347;945;0;24;54587215;52000558;37400390;5573020;53688524;40632140;5944257;0;54355
FR;0;2022-09-05;779;918;3178;16065;739;2658;16379;0;523;54587994;52001476;37403568;5589085;53689263;40634798;5960636;0;54878
FR;0;2022-09-06;925;1051;4740;31853;681;3873;32082;0;1040;54588919;52002527;37408308;5620938;53689944;40638671;5992718;0;55918
FR;0;2022-09-07;713;791;3000;16822;573;2482;16972;0;573;54589632;52003318;37411308;5637760;53690517;40641153;6009690;0;56491
FR;0;2022-09-08;635;862;3810;24866;597;3142;24957;0;818;54590267;52004180;37415118;5662626;53691114;40644295;6034647;0;57309
FR;0;2022-09-09;852;1041;4444;27660;683;3686;27836;0;951;54591119;52005221;37419562;5690286;53691797;40647981;6062483;0;58260
FR;0;2022-09-10;408;654;1739;5711;480;1539;5917;0;207;54591527;52005875;37421301;5695997;53692277;40649520;6068400;0;58467
FR;0;2022-09-11;124;131;324;657;93;307;716;0;17;54591651;52006006;37421625;5696654;53692370;40649827;6069116;0;58484
FR;0;2022-09-12;523;646;2691;13297;463;2296;13590;0;478;54592174;52006652;37424316;5709951;53692833;40652123;6082706;0;58962
FR;0;2022-09-13;683;873;4001;26521;562;3490;26398;0;875;54592857;52007525;37428317;5736472;53693395;40655613;6109104;0;59837
FR;0;2022-09-14;710;803;2968;16188;595;2485;16421;0;573;54593567;52008328;37431285;5752660;53693990;40658098;6125525;0;60410
FR;0;2022-09-15;579;849;3478;23587;602;2967;23656;0;728;54594146;52009177;37434763;5776247;53694592;40661065;6149181;0;61138
FR;0;2022-09-16;799;1051;4147;25919;734;3489;26139;0;932;54594945;52010228;37438910;5802166;53695326;40664554;6175320;0;62070
FR;0;2022-09-17;395;513;1454;6146;392;1284;6238;0;243;54595340;52010741;37440364;5808312;53695718;40665838;6181558;0;62313
FR;0;2022-09-18;117;144;323;962;123;291;1017;0;37;54595457;52010885;37440687;5809274;53695841;40666129;6182575;0;62350
FR;0;2022-09-19;482;648;2262;13219;451;1936;13402;0;436;54595939;52011533;37442949;5822493;53696292;40668065;6195977;0;62786
FR;0;2022-09-20;646;904;3791;26462;659;3158;26516;0;893;54596585;52012437;37446740;5848955;53696951;40671223;6222493;0;63679
FR;0;2022-09-21;591;776;2740;16259;580;2355;16250;0;587;54597176;52013213;37449480;5865214;53697531;40673578;6238743;0;64266
FR;0;2022-09-22;601;852;3426;23625;575;2809;23839;0;775;54597777;52014065;37452906;5888839;53698106;40676387;6262582;0;65041
FR;0;2022-09-23;838;1053;4495;28732;776;3764;28903;0;1021;54598615;52015118;37457401;5917571;53698882;40680151;6291485;0;66062
FR;0;2022-09-24;427;615;1648;6906;474;1422;7091;0;307;54599042;52015733;37459049;5924477;53699356;40681573;6298576;0;66369
FR;0;2022-09-25;99;194;336;1101;149;307;1143;0;37;54599141;52015927;37459385;5925578;53699505;40681880;6299719;0;66406
FR;0;2022-09-26;437;715;2300;13545;485;2019;13650;0;435;54599578;52016642;37461685;5939123;53699990;40683899;6313369;0;66841
FR;0;2022-09-27;615;845;3627;25944;615;2910;26099;0;959;54600193;52017487;37465312;5965067;53700605;40686809;6339468;0;67800
FR;0;2022-09-28;635;828;2557;15403;635;2305;15516;0;622;54600828;52018315;37467869;5980470;53701240;40689114;6354984;0;68422
FR;0;2022-09-29;566;770;3138;21058;547;2651;21088;43;810;54601394;52019085;37471007;6001528;53701787;40691765;6376072;43;69232
FR;0;2022-09-30;787;1125;3958;25563;845;3303;25831;715;1052;54602181;52020210;37474965;6027091;53702632;40695068;6401903;758;70284
FR;0;2022-10-01;431;718;2009;5975;566;1737;6212;396;318;54602612;52020928;37476974;6033066;53703198;40696805;6408115;1154;70602
FR;0;2022-10-02;63;136;218;639;97;215;665;66;42;54602675;52021064;37477192;6033705;53703295;40697020;6408780;1220;70644
FR;0;2022-10-03;632;951;2469;12053;785;2195;12231;2074;745;54603307;52022015;37479661;6045758;53704080;40699215;6421011;3294;71389
FR;0;2022-10-04;756;833;3394;23508;579;2786;23685;4704;1585;54604063;52022848;37483055;6069266;53704659;40702001;6444696;7998;72974
FR;0;2022-10-05;606;854;2448;14609;633;2163;14750;3658;1210;54604669;52023702;37485503;6083875;53705292;40704164;6459446;11656;74184
FR;0;2022-10-06;552;742;3090;21689;543;2522;21898;6668;1910;54605221;52024444;37488593;6105564;53705835;40706686;6481344;18324;76094
FR;0;2022-10-07;735;1015;4129;30310;742;3478;30398;16875;3207;54605956;52025459;37492722;6135874;53706577;40710164;6511742;35199;79301
FR;0;2022-10-08;356;521;1651;8432;383;1410;8601;6699;1171;54606312;52025980;37494373;6144306;53706960;40711574;6520343;41898;80472
FR;0;2022-10-09;109;143;337;1587;117;312;1650;1511;297;54606421;52026123;37494710;6145893;53707077;40711886;6521993;43409;80769
FR;0;2022-10-10;509;842;2932;20565;658;2523;20887;19597;3272;54606930;52026965;37497642;6166458;53707735;40714409;6542880;63006;84041
FR;0;2022-10-11;620;814;4270;40342;555;3573;40685;40193;6391;54607550;52027779;37501912;6206800;53708290;40717982;6583565;103199;90432
FR;0;2022-10-12;605;858;3268;26759;639;2776;27089;27307;4696;54608155;52028637;37505180;6233559;53708929;40720758;6610654;130506;95128
FR;0;2022-10-13;627;818;4017;38465;609;3138;38924;40609;6608;54608782;52029455;37509197;6272024;53709538;40723896;6649578;171115;101736
FR;0;2022-10-14;761;1074;4873;47668;784;3959;48143;51136;7863;54609543;52030529;37514070;6319692;53710322;40727855;6697721;222251;109599
FR;0;2022-10-15;368;590;1868;11851;429;1630;11965;13091;2274;54609911;52031119;37515938;6331543;53710751;40729485;6709686;235342;111873
FR;0;2022-10-16;94;136;372;1967;86;356;2012;2347;479;54610005;52031255;37516310;6333510;53710837;40729841;6711698;237689;112352
FR;0;2022-10-17;440;712;3044;26466;497;2487;26838;30793;5409;54610445;52031967;37519354;6359976;53711334;40732328;6738536;268482;117761
FR;0;2022-10-18;610;736;4706;46102;535;3762;46667;55450;11701;54611055;52032703;37524060;6406078;53711869;40736090;6785203;323932;129462
FR;0;2022-10-19;570;820;3645;34378;625;3076;34756;42482;9263;54611625;52033523;37527705;6440456;53712494;40739166;6819959;366414;138725
FR;0;2022-10-20;617;807;4843;49469;595;3730;50126;60538;12937;54612242;52034330;37532548;6489925;53713089;40742896;6870085;426952;151662
FR;0;2022-10-21;690;995;5710;57045;710;4519;57715;70967;14299;54612932;52035325;37538258;6546970;53713799;40747415;6927800;497919;165961
FR;0;2022-10-22;335;413;1654;12950;335;1320;13107;15939;3386;54613267;52035738;37539912;6559920;53714134;40748735;6940907;513858;169347
FR;0;2022-10-23;98;107;350;2064;102;266;2166;2758;631;54613365;52035845;37540262;6561984;53714236;40749001;6943073;516616;169978
FR;0;2022-10-24;552;599;3137;27137;424;2687;27565;35497;7810;54613917;52036444;37543399;6589121;53714660;40751688;6970638;552113;177788
FR;0;2022-10-25;598;726;4873;49117;535;3805;49791;65256;15451;54614515;52037170;37548272;6638238;53715195;40755493;7020429;617369;193239
FR;0;2022-10-26;535;645;3476;32623;485;2901;32930;44001;11024;54615050;52037815;37551748;6670861;53715680;40758394;7053359;661370;204263
FR;0;2022-10-27;592;698;4082;40797;499;3349;41274;54477;13138;54615642;52038513;37555830;6711658;53716179;40761743;7094633;715847;217401
FR;0;2022-10-28;706;872;4610;44190;637;3505;45009;58280;13189;54616348;52039385;37560440;6755848;53716816;40765248;7139642;774127;230590
FR;0;2022-10-29;260;364;1328;9499;262;1082;9633;12523;3012;54616608;52039749;37561768;6765347;53717078;40766330;7149275;786650;233602
FR;0;2022-10-30;87;122;287;1598;98;249;1646;2145;540;54616695;52039871;37562055;6766945;53717176;40766579;7150921;788795;234142
FR;0;2022-10-31;382;489;2075;16062;358;1626;16427;22206;5504;54617077;52040360;37564130;6783007;53717534;40768205;7167348;811001;239646
FR;0;2022-11-01;136;196;929;1123;153;963;1166;1697;504;54617213;52040556;37565059;6784130;53717687;40769168;7168514;812698;240150
FR;0;2022-11-02;527;676;3038;25403;506;2584;25881;36653;10142;54617740;52041232;37568097;6809533;53718193;40771752;7194395;849351;250292
FR;0;2022-11-03;645;704;4114;40066;538;3119;40799;57042;15379;54618385;52041936;37572211;6849599;53718731;40774871;7235194;906393;265671
FR;0;2022-11-04;660;831;4426;43660;578;3518;44280;60539;15251;54619045;52042767;37576637;6893259;53719309;40778389;7279474;966932;280922
FR;0;2022-11-05;255;389;1450;9717;312;1166;9926;13465;3295;54619300;52043156;37578087;6902976;53719621;40779555;7289400;980397;284217
FR;0;2022-11-06;94;119;263;1604;102;246;1633;2340;654;54619394;52043275;37578350;6904580;53719723;40779801;7291033;982737;284871
FR;0;2022-11-07;564;610;2763;26770;526;2249;27402;39125;11012;54619958;52043885;37581113;6931350;53720249;40782050;7318435;1021862;295883
FR;0;2022-11-08;687;820;5004;52022;606;3848;53029;74326;20083;54620645;52044705;37586117;6983372;53720855;40785898;7371464;1096188;315966
FR;0;2022-11-09;534;699;3363;31611;523;2691;32387;46364;13233;54621179;52045404;37589480;7014983;53721378;40788589;7403851;1142552;329199
FR;0;2022-11-10;632;1001;4581;43693;751;3639;44592;62883;17360;54621811;52046405;37594061;7058676;53722129;40792228;7448443;1205435;346559
FR;0;2022-11-11;82;124;370;1666;92;313;1729;2800;1012;54621893;52046529;37594431;7060342;53722221;40792541;7450172;1208235;347571
FR;0;2022-11-12;212;353;1195;7102;261;979;7337;10289;2765;54622105;52046882;37595626;7067444;53722482;40793520;7457509;1218524;350336
FR;0;2022-11-13;73;118;249;1208;97;213;1262;1978;628;54622178;52047000;37595875;7068652;53722579;40793733;7458771;1220502;350964
FR;0;2022-11-14;452;531;2591;24015;379;2068;24635;36243;10921;54622630;52047531;37598466;7092667;53722958;40795801;7483406;1256745;361885
FR;0;2022-11-15;626;895;4329;45075;720;3377;46025;66953;19635;54623256;52048426;37602795;7137742;53723678;40799178;7529431;1323698;381520
FR;0;2022-11-16;572;681;3073;28599;553;2579;29137;43281;13331;54623828;52049107;37605868;7166341;53724231;40801757;7558568;1366979;394851
FR;0;2022-11-17;571;693;3830;39273;540;2990;39882;58410;17434;54624399;52049800;37609698;7205614;53724771;40804747;7598450;1425389;412285
FR;0;2022-11-18;628;786;4608;45148;601;3458;46057;65731;18360;54625027;52050586;37614306;7250762;53725372;40808205;7644507;1491120;430645
FR;0;2022-11-19;270;346;1502;9806;279;1098;10001;14329;4015;54625297;52050932;37615808;7260568;53725651;40809303;7654508;1505449;434660
FR;0;2022-11-20;79;190;305;1700;172;262;1774;2720;860;54625376;52051122;37616113;7262268;53725823;40809565;7656282;1508169;435520
FR;0;2022-11-21;437;516;2425;21453;354;1956;22024;33159;10369;54625813;52051638;37618538;7283721;53726177;40811521;7678306;1541328;445889
FR;0;2022-11-22;542;611;4036;39838;438;3171;40416;59826;18288;54626355;52052249;37622574;7323559;53726615;40814692;7718722;1601154;464177
FR;0;2022-11-23;477;569;2759;26033;416;2325;26525;40430;12915;54626832;52052818;37625333;7349592;53727031;40817017;7745247;1641584;477092
FR;0;2022-11-24;517;609;3768;37183;432;2965;37895;56871;17968;54627349;52053427;37629101;7386775;53727463;40819982;7783142;1698455;495060
FR;0;2022-11-25;581;735;4190;40157;589;3151;41000;59643;17481;54627930;52054162;37633291;7426932;53728052;40823133;7824142;1758098;512541
FR;0;2022-11-26;301;339;1335;9371;263;1064;9512;13999;3971;54628231;52054501;37634626;7436303;53728315;40824197;7833654;1772097;516512
FR;0;2022-11-27;74;88;268;1665;70;228;1693;2560;807;54628305;52054589;37634894;7437968;53728385;40824425;7835347;1774657;517319
FR;0;2022-11-28;421;483;2638;24817;365;1983;25556;38492;12211;54628726;52055072;37637532;7462785;53728750;40826408;7860903;1813149;529530
FR;0;2022-11-29;500;613;4403;46550;382;3293;47279;71155;22345;54629226;52055685;37641935;7509335;53729132;40829701;7908182;1884304;551875
FR;0;2022-11-30;509;708;3741;36932;510;2899;37738;56336;17237;54629735;52056393;37645676;7546267;53729642;40832600;7945920;1940640;569112
FR;0;2022-12-01;569;685;5324;51908;464;3916;52719;79736;25275;54630304;52057078;37651000;7598175;53730106;40836516;7998639;2020376;594387
FR;0;2022-12-02;646;751;6175;61553;536;4385;62785;92481;27480;54630950;52057829;37657175;7659728;53730642;40840901;8061424;2112857;621867
FR;0;2022-12-03;305;354;2289;18052;232;1630;18482;26731;7618;54631255;52058183;37659464;7677780;53730874;40842531;8079906;2139588;629485
FR;0;2022-12-04;98;125;524;4305;92;434;4356;6441;1856;54631353;52058308;37659988;7682085;53730966;40842965;8084262;2146029;631341
FR;0;2022-12-05;491;620;4319;44739;457;2928;45710;69089;21916;54631844;52058928;37664307;7726824;53731423;40845893;8129972;2215118;653257
FR;0;2022-12-06;642;777;6859;78307;516;4662;79832;121780;39611;54632486;52059705;37671166;7805131;53731939;40850555;8209804;2336898;692868
FR;0;2022-12-07;562;657;5367;58171;491;3613;59322;90544;29582;54633048;52060362;37676533;7863302;53732430;40854168;8269126;2427442;722450
FR;0;2022-12-08;611;725;6991;79680;465;4594;81375;124198;40885;54633659;52061087;37683524;7942982;53732895;40858762;8350501;2551640;763335
FR;0;2022-12-09;784;849;8684;95696;561;5739;97591;147386;46829;54634443;52061936;37692208;8038678;53733456;40864501;8448092;2699026;810164
FR;0;2022-12-10;410;562;3827;33958;406;2481;34855;50557;14712;54634853;52062498;37696035;8072636;53733862;40866982;8482947;2749583;824876
FR;0;2022-12-11;133;146;994;8364;105;688;8570;12258;3276;54634986;52062644;37697029;8081000;53733967;40867670;8491517;2761841;828152
FR;0;2022-12-12;523;598;6385;67488;389;4139;69083;106302;34851;54635509;52063242;37703414;8148488;53734356;40871809;8560600;2868143;863003
FR;0;2022-12-13;717;795;9055;103630;507;5646;106217;164975;55123;54636226;52064037;37712469;8252118;53734863;40877455;8666817;3033118;918126
FR;0;2022-12-14;596;726;6827;73348;489;4559;75031;117011;38772;54636822;52064763;37719296;8325466;53735352;40882014;8741848;3150129;956898
FR;0;2022-12-15;665;893;8902;95933;582;5727;98248;153333;51776;54637487;52065656;37728198;8421399;53735934;40887741;8840096;3303462;1008674
FR;0;2022-12-16;826;981;9783;104833;655;6464;107075;166548;55335;54638313;52066637;37737981;8526232;53736589;40894205;8947171;3470010;1064009
FR;0;2022-12-17;346;430;3504;31808;295;2296;32598;48448;14450;54638659;52067067;37741485;8558040;53736884;40896501;8979769;3518458;1078459
FR;0;2022-12-18;93;127;791;6336;81;544;6487;9642;2763;54638752;52067194;37742276;8564376;53736965;40897045;8986256;3528100;1081222
FR;0;2022-12-19;593;621;5757;56226;437;3684;57858;90286;30102;54639345;52067815;37748033;8620602;53737402;40900729;9044114;3618386;1111324
FR;0;2022-12-20;747;797;7954;79863;533;5249;82009;130833;45060;54640092;52068612;37755987;8700465;53737935;40905978;9126123;3749219;1156384
FR;0;2022-12-21;605;629;5341;50981;441;3592;52333;84194;29343;54640697;52069241;37761328;8751446;53738376;40909570;9178456;3833413;1185727
FR;0;2022-12-22;649;668;4917;46293;468;3437;47530;76916;26914;54641346;52069909;37766245;8797739;53738844;40913007;9225986;3910329;1212641
FR;0;2022-12-23;478;588;3452;26235;426;2635;26896;43426;14918;54641824;52070497;37769697;8823974;53739270;40915642;9252882;3953755;1227559
FR;0;2022-12-24;105;108;447;2708;80;338;2832;4289;1231;54641929;52070605;37770144;8826682;53739350;40915980;9255714;3958044;1228790
FR;0;2022-12-25;34;43;134;566;34;106;592;926;273;54641963;52070648;37770278;8827248;53739384;40916086;9256306;3958970;1229063
FR;0;2022-12-26;370;393;2500;16947;293;1830;17577;27641;8843;54642333;52071041;37772778;8844195;53739677;40917916;9273883;3986611;1237906
FR;0;2022-12-27;540;662;4220;33739;447;2956;34889;56755;19759;54642873;52071703;37776998;8877934;53740124;40920872;9308772;4043366;1257665
FR;0;2022-12-28;480;523;3243;25722;357;2319;26343;42953;14847;54643353;52072226;37780241;8903656;53740481;40923191;9335115;4086319;1272512
FR;0;2022-12-29;431;552;3424;26592;364;2408;27599;45115;15664;54643784;52072778;37783665;8930248;53740845;40925599;9362714;4131434;1288176
FR;0;2022-12-30;464;507;2632;19576;365;1868;20248;32641;11003;54644248;52073285;37786297;8949824;53741210;40927467;9382962;4164075;1299179
FR;0;2022-12-31;137;157;508;3195;121;413;3339;4954;1341;54644385;52073442;37786805;8953019;53741331;40927880;9386301;4169029;1300520
FR;0;2023-01-01;25;46;177;711;27;150;737;1026;246;54644410;52073488;37786982;8953730;53741358;40928030;9387038;4170055;1300766
FR;0;2023-01-02;924;607;3019;19048;433;2335;19528;33029;12101;54645334;52074095;37790001;8972778;53741791;40930365;9406566;4203084;1312867
FR;0;2023-01-03;675;699;4767;44192;479;3378;45136;82800;34833;54646009;52074794;37794768;9016970;53742270;40933743;9451702;4285884;1347700
FR;0;2023-01-04;548;616;3878;31106;424;2771;31920;59893;25828;54646557;52075410;37798646;9048076;53742694;40936514;9483622;4345777;1373528
FR;0;2023-01-05;668;770;4693;43320;569;3197;44251;84065;37187;54647225;52076180;37803339;9091396;53743263;40939711;9527873;4429842;1410715
FR;0;2023-01-06;753;861;5530;48580;582;3670;49638;92110;39516;54647978;52077041;37808869;9139976;53743845;40943381;9577511;4521952;1450231
FR;0;2023-01-07;350;413;1949;12940;302;1415;13260;23039;8768;54648328;52077454;37810818;9152916;53744147;40944796;9590771;4544991;1458999
FR;0;2023-01-08;105;144;496;2918;100;357;3015;5231;1992;54648433;52077598;37811314;9155834;53744247;40945153;9593786;4550222;1460991
FR;0;2023-01-09;585;641;2866;22361;464;2078;22936;45870;21215;54649018;52078239;37814180;9178195;53744711;40947231;9616722;4596092;1482206
FR;0;2023-01-10;620;820;4825;41595;575;3460;42427;87054;41791;54649638;52079059;37819005;9219790;53745286;40950691;9659149;4683146;1523997
FR;0;2023-01-11;506;605;3147;25105;441;2290;25639;52874;25244;54650144;52079664;37822152;9244895;53745727;40952981;9684788;4736020;1549241
FR;0;2023-01-12;607;698;3987;34352;476;2888;34978;72520;35110;54650751;52080362;37826139;9279247;53746203;40955869;9719766;4808540;1584351
FR;0;2023-01-13;801;815;4386;36239;570;3159;36907;74673;35224;54651552;52081177;37830525;9315486;53746773;40959028;9756673;4883213;1619575
FR;0;2023-01-14;354;346;1590;9312;237;1201;9505;17775;7419;54651906;52081523;37832115;9324798;53747010;40960229;9766178;4900988;1626994
FR;0;2023-01-15;100;138;378;1573;94;290;1684;3279;1424;54652006;52081661;37832493;9326371;53747104;40960519;9767862;4904267;1628418
FR;0;2023-01-16;425;484;2382;16349;337;1789;16610;35994;18105;54652431;52082145;37834875;9342720;53747441;40962308;9784472;4940261;1646523
FR;0;2023-01-17;504;599;3540;29064;414;2568;29627;65751;33910;54652935;52082744;37838415;9371784;53747855;40964876;9814099;5006012;1680433
FR;0;2023-01-18;472;562;2373;17448;409;1840;17764;39176;19886;54653407;52083306;37840788;9389232;53748264;40966716;9831863;5045188;1700319
FR;0;2023-01-19;506;523;2878;23076;357;2143;23421;52309;27019;54653913;52083829;37843666;9412308;53748621;40968859;9855284;5097497;1727338
FR;0;2023-01-20;637;708;3473;25811;508;2628;26296;57784;29431;54654550;52084537;37847139;9438119;53749129;40971487;9881580;5155281;1756769
FR;0;2023-01-21;261;306;1143;6423;221;881;6533;13246;6020;54654811;52084843;37848282;9444542;53749350;40972368;9888113;5168527;1762789
FR;0;2023-01-22;47;65;181;880;34;156;931;1922;874;54654858;52084908;37848463;9445422;53749384;40972524;9889044;5170449;1763663
FR;0;2023-01-23;324;415;1739;11043;273;1304;11268;27228;14820;54655182;52085323;37850202;9456465;53749657;40973828;9900312;5197677;1778483
FR;0;2023-01-24;478;533;2598;20755;377;1946;21058;51083;28342;54655660;52085856;37852800;9477220;53750034;40975774;9921370;5248760;1806825
FR;0;2023-01-25;408;556;1955;12616;399;1483;13049;30759;16455;54656068;52086412;37854755;9489836;53750433;40977257;9934419;5279519;1823280
FR;0;2023-01-26;435;533;2394;17198;387;1796;17512;42518;23437;54656503;52086945;37857149;9507034;53750820;40979053;9951931;5322037;1846717
FR;0;2023-01-27;528;1139;2657;18543;963;2018;18793;45090;24586;54657031;52088084;37859806;9525577;53751783;40981071;9970724;5367127;1871303
FR;0;2023-01-28;237;291;868;4521;234;693;4640;9987;4751;54657268;52088375;37860674;9530098;53752017;40981764;9975364;5377114;1876054
FR;0;2023-01-29;42;72;124;466;55;102;504;1098;548;54657310;52088447;37860798;9530564;53752072;40981866;9975868;5378212;1876602
FR;0;2023-01-30;367;452;1347;8302;328;1115;8496;20965;11444;54657677;52088899;37862145;9538866;53752400;40982981;9984364;5399177;1888046
FR;0;2023-01-31;426;493;2056;14133;335;1536;14385;36907;21265;54658103;52089392;37864201;9552999;53752735;40984517;9998749;5436084;1909311
FR;0;2023-02-01;412;544;1729;8353;418;1473;8512;22229;12619;54658515;52089936;37865930;9561352;53753153;40985990;10007261;5458313;1921930
FR;0;2023-02-02;370;513;1730;11936;355;1438;12145;31724;18274;54658885;52090449;37867660;9573288;53753508;40987428;10019406;5490037;1940204
FR;0;2023-02-03;480;658;2064;12631;492;1648;12809;33771;19459;54659365;52091107;37869724;9585919;53754000;40989076;10032215;5523808;1959663
FR;0;2023-02-04;200;278;672;3138;240;565;3183;7458;3826;54659565;52091385;37870396;9589057;53754240;40989641;10035398;5531266;1963489
FR;0;2023-02-05;25;65;91;245;42;89;261;590;284;54659590;52091450;37870487;9589302;53754282;40989730;10035659;5531856;1963773
FR;0;2023-02-06;313;361;1106;5429;292;869;5615;15395;9057;54659903;52091811;37871593;9594731;53754574;40990599;10041274;5547251;1972830
FR;0;2023-02-07;351;506;1611;9771;375;1324;9941;28288;16956;54660254;52092317;37873204;9604502;53754949;40991923;10051215;5575539;1989786
FR;0;2023-02-08;302;394;1135;6079;312;921;6243;17038;9799;54660556;52092711;37874339;9610581;53755261;40992844;10057458;5592577;1999585
FR;0;2023-02-09;339;476;1308;7926;346;1116;8107;22868;13709;54660895;52093187;37875647;9618507;53755607;40993960;10065565;5615445;2013294
FR;0;2023-02-10;468;554;1522;8361;440;1279;8508;23773;13967;54661363;52093741;37877169;9626868;53756047;40995239;10074073;5639218;2027261
FR;0;2023-02-11;169;225;583;2149;182;512;2237;5435;2770;54661532;52093966;37877752;9629017;53756229;40995751;10076310;5644653;2030031
FR;0;2023-02-12;43;49;62;178;48;56;200;443;208;54661575;52094015;37877814;9629195;53756277;40995807;10076510;5645096;2030239
FR;0;2023-02-13;251;346;756;3358;271;688;3450;9626;5506;54661826;52094361;37878570;9632553;53756548;40996495;10079960;5654722;2035745
FR;0;2023-02-14;300;381;1185;5984;278;1011;6129;17570;10421;54662126;52094742;37879755;9638537;53756826;40997506;10086089;5672292;2046166
FR;0;2023-02-15;293;407;970;4078;302;846;4255;12220;7169;54662419;52095149;37880725;9642615;53757128;40998352;10090344;5684512;2053335
FR;0;2023-02-16;266;406;1163;5206;270;1019;5350;15066;8765;54662685;52095555;37881888;9647821;53757398;40999371;10095694;5699578;2062100
FR;0;2023-02-17;372;476;1320;5482;386;1159;5704;16397;9638;54663057;52096031;37883208;9653303;53757784;41000530;10101398;5715975;2071738
FR;0;2023-02-18;162;218;565;1628;173;494;1698;4073;2060;54663219;52096249;37883773;9654931;53757957;41001024;10103096;5720048;2073798
FR;0;2023-02-19;37;38;49;139;35;40;141;338;167;54663256;52096287;37883822;9655070;53757992;41001064;10103237;5720386;2073965
FR;0;2023-02-20;249;350;720;2861;263;678;2981;8544;4895;54663505;52096637;37884542;9657931;53758255;41001742;10106218;5728930;2078860
FR;0;2023-02-21;270;413;1075;4539;268;939;4747;14014;8281;54663775;52097050;37885617;9662470;53758523;41002681;10110965;5742944;2087141
FR;0;2023-02-22;246;375;741;2950;288;702;2998;9095;5318;54664021;52097425;37886358;9665420;53758811;41003383;10113963;5752039;2092459
FR;0;2023-02-23;227;365;936;4003;251;847;4192;12280;7174;54664248;52097790;37887294;9669423;53759062;41004230;10118155;5764319;2099633
FR;0;2023-02-24;291;472;1049;4414;350;922;4613;13009;7450;54664539;52098262;37888343;9673837;53759412;41005152;10122768;5777328;2107083
FR;0;2023-02-25;126;169;448;1193;148;364;1273;3189;1624;54664665;52098431;37888791;9675030;53759560;41005516;10124041;5780517;2108707
FR;0;2023-02-26;20;28;34;101;28;35;113;256;111;54664685;52098459;37888825;9675131;53759588;41005551;10124154;5780773;2108818
FR;0;2023-02-27;213;329;602;1995;256;584;2068;6563;3946;54664898;52098788;37889427;9677126;53759844;41006135;10126222;5787336;2112764
FR;0;2023-02-28;270;370;842;3592;252;809;3736;12188;7493;54665168;52099158;37890269;9680718;53760096;41006944;10129958;5799524;2120257
FR;0;2023-03-01;227;345;835;1997;284;762;2180;6609;3928;54665395;52099503;37891104;9682715;53760380;41007706;10132138;5806133;2124185
FR;0;2023-03-02;223;318;852;2987;231;730;3204;10080;6261;54665618;52099821;37891956;9685702;53760611;41008436;10135342;5816213;2130446
FR;0;2023-03-03;334;469;1039;3688;357;931;3827;11853;7018;54665952;52100290;37892995;9689390;53760968;41009367;10139169;5828066;2137464
FR;0;2023-03-04;131;220;409;1081;160;392;1096;2792;1372;54666083;52100510;37893404;9690471;53761128;41009759;10140265;5830858;2138836
FR;0;2023-03-05;23;27;29;52;24;32;53;201;113;54666106;52100537;37893433;9690523;53761152;41009791;10140318;5831059;2138949
FR;0;2023-03-06;226;268;539;1418;192;520;1495;4729;2725;54666332;52100805;37893972;9691941;53761344;41010311;10141813;5835788;2141674
FR;0;2023-03-07;190;317;660;2363;221;614;2456;7983;4886;54666522;52101122;37894632;9694304;53761565;41010925;10144269;5843771;2146560
FR;0;2023-03-08;161;291;526;1456;225;467;1565;5022;2923;54666683;52101413;37895158;9695760;53761790;41011392;10145834;5848793;2149483
FR;0;2023-03-09;170;283;633;2007;190;608;2078;7156;4414;54666853;52101696;37895791;9697767;53761980;41012000;10147912;5855949;2153897
FR;0;2023-03-10;323;461;894;2645;345;821;2785;9020;5373;54667176;52102157;37896685;9700412;53762325;41012821;10150697;5864969;2159270
FR;0;2023-03-11;126;178;352;801;136;311;853;2299;1179;54667302;52102335;37897037;9701213;53762461;41013132;10151550;5867268;2160449
FR;0;2023-03-12;10;26;30;62;25;30;63;177;87;54667312;52102361;37897067;9701275;53762486;41013162;10151613;5867445;2160536
FR;0;2023-03-13;146;236;473;1149;180;429;1207;3778;2143;54667458;52102597;37897540;9702424;53762666;41013591;10152820;5871223;2162679
FR;0;2023-03-14;198;283;648;1900;194;635;1979;6801;4136;54667656;52102880;37898188;9704324;53762860;41014226;10154799;5878024;2166815
FR;0;2023-03-15;161;263;522;1289;214;485;1339;4342;2579;54667817;52103143;37898710;9705613;53763074;41014711;10156138;5882366;2169394
FR;0;2023-03-16;174;269;629;1650;200;579;1758;5955;3578;54667991;52103412;37899339;9707263;53763274;41015290;10157896;5888321;2172972
FR;0;2023-03-17;282;361;800;2050;272;720;2193;7339;4398;54668273;52103773;37900139;9709313;53763546;41016010;10160089;5895660;2177370
FR;0;2023-03-18;123;163;452;607;115;440;679;2042;1043;54668396;52103936;37900591;9709920;53763661;41016450;10160768;5897702;2178413
FR;0;2023-03-19;20;21;27;53;22;14;60;126;54;54668416;52103957;37900618;9709973;53763683;41016464;10160828;5897828;2178467
FR;0;2023-03-20;152;265;486;1083;176;490;1159;3826;2190;54668568;52104222;37901104;9711056;53763859;41016954;10161987;5901654;2180657
FR;0;2023-03-21;212;282;670;1630;200;638;1827;6530;3930;54668780;52104504;37901774;9712686;53764059;41017592;10163814;5908184;2184587
FR;0;2023-03-22;195;244;483;1040;191;462;1160;3955;2298;54668975;52104748;37902257;9713726;53764250;41018054;10164974;5912139;2186885
FR;0;2023-03-23;166;241;593;1418;167;536;1510;5205;3080;54669141;52104989;37902850;9715144;53764417;41018590;10166484;5917344;2189965
FR;0;2023-03-24;241;394;925;1787;290;869;1971;6633;3817;54669382;52105383;37903775;9716931;53764707;41019459;10168455;5923977;2193782
FR;0;2023-03-25;129;172;354;575;141;315;650;1794;841;54669511;52105555;37904129;9717506;53764848;41019774;10169105;5925771;2194623
FR;0;2023-03-26;10;18;26;31;12;26;33;92;47;54669521;52105573;37904155;9717537;53764860;41019800;10169138;5925863;2194670
FR;0;2023-03-27;230;256;515;891;209;493;992;3441;1954;54669751;52105829;37904670;9718428;53765069;41020293;10170130;5929304;2196624
FR;0;2023-03-28;186;250;592;1594;170;547;1723;6196;3715;54669937;52106079;37905262;9720022;53765239;41020840;10171853;5935500;2200339
FR;0;2023-03-29;172;253;437;980;165;441;1121;3776;2105;54670109;52106332;37905699;9721002;53765404;41021281;10172974;5939276;2202444
FR;0;2023-03-30;193;242;577;1362;163;564;1530;5393;3118;54670302;52106574;37906276;9722364;53765567;41021845;10174504;5944669;2205562
FR;0;2023-03-31;215;366;721;1795;272;647;1934;6856;4019;54670517;52106940;37906997;9724159;53765839;41022492;10176438;5951525;2209581
FR;0;2023-04-01;109;196;437;594;134;394;698;1982;949;54670626;52107136;37907434;9724753;53765973;41022886;10177136;5953507;2210530
FR;0;2023-04-02;10;26;30;34;14;38;37;116;50;54670636;52107162;37907464;9724787;53765987;41022924;10177173;5953623;2210580
FR;0;2023-04-03;184;214;552;876;160;509;998;3300;1831;54670820;52107376;37908016;9725663;53766147;41023433;10178171;5956923;2212411
FR;0;2023-04-04;131;257;539;1230;177;474;1391;5348;3204;54670951;52107633;37908555;9726893;53766324;41023907;10179562;5962271;2215615
FR;0;2023-04-05;101;199;413;841;141;394;941;3480;2003;54671052;52107832;37908968;9727734;53766465;41024301;10180503;5965751;2217618
FR;0;2023-04-06;153;184;438;1040;129;402;1169;4264;2453;54671205;52108016;37909406;9728774;53766594;41024703;10181672;5970015;2220071
FR;0;2023-04-07;194;308;558;1289;218;524;1421;5069;2850;54671399;52108324;37909964;9730063;53766812;41025227;10183093;5975084;2222921
FR;0;2023-04-08;67;142;240;399;96;239;436;1341;609;54671466;52108466;37910204;9730462;53766908;41025466;10183529;5976425;2223530
FR;0;2023-04-09;9;19;19;15;11;22;20;62;19;54671475;52108485;37910223;9730477;53766919;41025488;10183549;5976487;2223549
FR;0;2023-04-10;12;31;53;35;24;52;49;106;30;54671487;52108516;37910276;9730512;53766943;41025540;10183598;5976593;2223579
FR;0;2023-04-11;125;254;518;997;165;501;1109;4350;2408;54671612;52108770;37910794;9731509;53767108;41026041;10184707;5980943;2225987
FR;0;2023-04-12;131;207;382;744;154;383;819;3290;1881;54671743;52108977;37911176;9732253;53767262;41026424;10185526;5984233;2227868
FR;0;2023-04-13;109;218;408;953;148;400;1041;4251;2469;54671852;52109195;37911584;9733206;53767410;41026824;10186567;5988484;2230337
FR;0;2023-04-14;198;292;634;1240;231;576;1326;5274;3075;54672050;52109487;37912218;9734446;53767641;41027400;10187893;5993758;2233412
FR;0;2023-04-15;75;117;251;417;81;244;453;1485;683;54672125;52109604;37912469;9734863;53767722;41027644;10188346;5995243;2234095
FR;0;2023-04-16;18;19;13;38;15;17;34;111;48;54672143;52109623;37912482;9734901;53767737;41027661;10188380;5995354;2234143
FR;0;2023-04-17;110;194;379;663;134;394;761;3046;1629;54672253;52109817;37912861;9735564;53767871;41028055;10189141;5998400;2235772
FR;0;2023-04-18;149;189;403;874;129;417;972;4176;2383;54672402;52110006;37913264;9736438;53768000;41028472;10190113;6002576;2238155
FR;0;2023-04-19;111;166;291;605;125;274;699;2781;1481;54672513;52110172;37913555;9737043;53768125;41028746;10190812;6005357;2239636
FR;0;2023-04-20;106;190;350;810;135;343;869;3465;1905;54672619;52110362;37913905;9737853;53768260;41029089;10191681;6008822;2241541
FR;0;2023-04-21;146;260;542;989;169;542;1123;4296;2299;54672765;52110622;37914447;9738842;53768429;41029631;10192804;6013118;2243840
FR;0;2023-04-22;57;113;186;271;79;201;300;1114;540;54672822;52110735;37914633;9739113;53768508;41029832;10193104;6014232;2244380
FR;0;2023-04-23;5;8;15;17;7;16;21;64;22;54672827;52110743;37914648;9739130;53768515;41029848;10193125;6014296;2244402
FR;0;2023-04-24;137;177;293;544;126;284;628;2390;1221;54672964;52110920;37914941;9739674;53768641;41030132;10193753;6016686;2245623
FR;0;2023-04-25;120;175;366;825;121;374;888;4058;2215;54673084;52111095;37915307;9740499;53768762;41030506;10194641;6020744;2247838
FR;0;2023-04-26;104;134;277;503;109;275;570;2530;1298;54673188;52111229;37915584;9741002;53768871;41030781;10195211;6023274;2249136
FR;0;2023-04-27;135;171;338;783;117;352;879;3656;1954;54673323;52111400;37915922;9741785;53768988;41031133;10196090;6026930;2251090
FR;0;2023-04-28;192;265;411;850;158;434;978;4275;2190;54673515;52111665;37916333;9742635;53769146;41031567;10197068;6031205;2253280
FR;0;2023-04-29;82;96;155;271;78;139;322;1105;516;54673597;52111761;37916488;9742906;53769224;41031706;10197390;6032310;2253796
FR;0;2023-04-30;7;8;10;11;4;9;12;63;34;54673604;52111769;37916498;9742917;53769228;41031715;10197402;6032373;2253830
FR;0;2023-05-01;15;20;57;11;18;58;14;66;24;54673619;52111789;37916555;9742928;53769246;41031773;10197416;6032439;2253854
FR;0;2023-05-02;202;213;469;642;157;461;760;3523;1829;54673821;52112002;37917024;9743570;53769403;41032234;10198176;6035962;2255683
FR;0;2023-05-03;143;139;275;482;105;280;532;2759;1426;54673964;52112141;37917299;9744052;53769508;41032514;10198708;6038721;2257109
FR;0;2023-05-04;95;167;358;741;126;429;796;4001;2061;54674059;52112308;37917657;9744793;53769634;41032943;10199504;6042722;2259170
FR;0;2023-05-05;125;205;349;783;132;386;868;4447;2349;54674184;52112513;37918006;9745576;53769766;41033329;10200372;6047169;2261519
FR;0;2023-05-06;68;72;126;249;52;145;262;1135;532;54674252;52112585;37918132;9745825;53769818;41033474;10200634;6048304;2262051
FR;0;2023-05-07;9;9;12;21;8;12;23;88;32;54674261;52112594;37918144;9745846;53769826;41033486;10200657;6048392;2262083
FR;0;2023-05-08;20;15;28;18;12;26;42;128;63;54674281;52112609;37918172;9745864;53769838;41033512;10200699;6048520;2262146
FR;0;2023-05-09;86;126;234;562;95;249;626;3503;1757;54674367;52112735;37918406;9746426;53769933;41033761;10201325;6052023;2263903
FR;0;2023-05-10;114;133;199;524;108;242;566;3292;1560;54674481;52112868;37918605;9746950;53770041;41034003;10201891;6055315;2265463
FR;0;2023-05-11;84;108;224;661;85;214;739;3978;1983;54674565;52112976;37918829;9747611;53770126;41034217;10202630;6059293;2267446
FR;0;2023-05-12;94;143;274;776;108;283;813;4480;2148;54674659;52113119;37919103;9748387;53770234;41034500;10203443;6063773;2269594
FR;0;2023-05-13;50;80;117;210;56;133;233;1011;428;54674709;52113199;37919220;9748597;53770290;41034633;10203676;6064784;2270022
FR;0;2023-05-14;15;13;8;14;8;12;15;83;30;54674724;52113212;37919228;9748611;53770298;41034645;10203691;6064867;2270052
FR;0;2023-05-15;65;89;201;476;61;190;526;3279;1547;54674789;52113301;37919429;9749087;53770359;41034835;10204217;6068146;2271599
FR;0;2023-05-16;89;157;228;869;111;247;1019;6020;2887;54674878;52113458;37919657;9749956;53770470;41035082;10205236;6074166;2274486
FR;0;2023-05-17;98;140;207;514;107;205;580;3284;1460;54674976;52113598;37919864;9750470;53770577;41035287;10205816;6077450;2275946
FR;0;2023-05-18;5;9;11;29;7;12;36;172;67;54674981;52113607;37919875;9750499;53770584;41035299;10205852;6077622;2276013
FR;0;2023-05-19;74;135;245;498;95;243;562;2904;1253;54675055;52113742;37920120;9750997;53770679;41035542;10206414;6080526;2277266
FR;0;2023-05-20;46;45;103;123;32;95;142;830;330;54675101;52113787;37920223;9751120;53770711;41035637;10206556;6081356;2277596
FR;0;2023-05-21;11;9;5;16;7;8;17;152;45;54675112;52113796;37920228;9751136;53770718;41035645;10206573;6081508;2277641
FR;0;2023-05-22;91;68;176;478;56;178;540;3222;1450;54675203;52113864;37920404;9751614;53770774;41035823;10207113;6084730;2279091
FR;0;2023-05-23;48;86;191;672;68;178;817;4866;2219;54675251;52113950;37920595;9752286;53770842;41036001;10207930;6089596;2281310
FR;0;2023-05-24;70;88;184;536;72;178;621;3368;1532;54675321;52114038;37920779;9752822;53770914;41036179;10208551;6092964;2282842
FR;0;2023-05-25;78;87;181;573;69;178;662;4695;2116;54675399;52114125;37920960;9753395;53770983;41036357;10209213;6097659;2284958
FR;0;2023-05-26;92;139;219;645;105;226;704;4725;2176;54675491;52114264;37921179;9754040;53771088;41036583;10209917;6102384;2287134
FR;0;2023-05-27;35;66;80;140;47;82;168;879;417;54675526;52114330;37921259;9754180;53771135;41036665;10210085;6103263;2287551
FR;0;2023-05-28;4;5;4;8;7;3;14;69;32;54675530;52114335;37921263;9754188;53771142;41036668;10210099;6103332;2287583
FR;0;2023-05-29;5;7;7;32;4;10;44;305;118;54675535;52114342;37921270;9754220;53771146;41036678;10210143;6103637;2287701
FR;0;2023-05-30;96;102;167;648;71;187;791;4752;1995;54675631;52114444;37921437;9754868;53771217;41036865;10210934;6108389;2289696
FR;0;2023-05-31;73;118;131;515;82;146;597;3546;1657;54675704;52114562;37921568;9755383;53771299;41037011;10211531;6111935;2291353
FR;0;2023-06-01;72;97;196;582;71;206;689;4772;1975;54675776;52114659;37921764;9755965;53771370;41037217;10212220;6116707;2293328
FR;0;2023-06-02;72;120;199;622;79;220;730;5184;2329;54675848;52114779;37921963;9756587;53771449;41037437;10212950;6121891;2295657
FR;0;2023-06-03;26;52;73;159;33;77;183;1057;406;54675874;52114831;37922036;9756746;53771482;41037514;10213133;6122948;2296063
FR;0;2023-06-04;2;17;5;13;14;8;15;118;35;54675876;52114848;37922041;9756759;53771496;41037522;10213148;6123066;2296098
FR;0;2023-06-05;113;97;160;555;74;193;648;4350;1795;54675989;52114945;37922201;9757314;53771570;41037715;10213796;6127416;2297893
FR;0;2023-06-06;95;121;238;777;97;263;896;7107;3005;54676084;52115066;37922439;9758091;53771667;41037978;10214692;6134523;2300898
FR;0;2023-06-07;62;85;147;537;58;144;583;4001;1672;54676146;52115151;37922586;9758628;53771725;41038122;10215275;6138524;2302570
FR;0;2023-06-08;72;81;192;729;64;207;833;6087;2575;54676218;52115232;37922778;9759357;53771789;41038329;10216108;6144611;2305145
FR;0;2023-06-09;71;135;193;593;112;194;656;5126;2155;54676289;52115367;37922971;9759950;53771901;41038523;10216764;6149737;2307300
FR;0;2023-06-10;31;43;65;141;34;61;172;978;373;54676320;52115410;37923036;9760091;53771935;41038584;10216936;6150715;2307673
FR;0;2023-06-11;3;7;5;14;6;7;17;140;58;54676323;52115417;37923041;9760105;53771941;41038591;10216953;6150855;2307731
FR;0;2023-06-12;40;95;165;572;74;166;635;4708;1988;54676363;52115512;37923206;9760677;53772015;41038757;10217588;6155563;2309719
FR;0;2023-06-13;62;68;231;793;56;203;922;6792;2841;54676425;52115580;37923437;9761470;53772071;41038960;10218510;6162355;2312560
FR;0;2023-06-14;45;117;133;538;100;148;611;4395;1902;54676470;52115697;37923570;9762008;53772171;41039108;10219121;6166750;2314462
FR;0;2023-06-15;51;71;189;691;55;187;800;6086;2675;54676521;52115768;37923759;9762699;53772226;41039295;10219921;6172836;2317137
FR;0;2023-06-16;70;93;193;759;83;167;771;5845;2520;54676591;52115861;37923952;9763458;53772309;41039462;10220692;6178681;2319657
FR;0;2023-06-17;20;48;51;104;38;56;120;874;335;54676611;52115909;37924003;9763562;53772347;41039518;10220812;6179555;2319992
FR;0;2023-06-18;3;7;7;24;7;9;22;161;72;54676614;52115916;37924010;9763586;53772354;41039527;10220834;6179716;2320064
FR;0;2023-06-19;57;60;145;465;44;150;560;4023;1586;54676671;52115976;37924155;9764051;53772398;41039677;10221394;6183739;2321650
FR;0;2023-06-20;97;59;200;683;53;215;710;5989;2632;54676768;52116035;37924355;9764734;53772451;41039892;10222104;6189728;2324282
FR;0;2023-06-21;38;69;137;575;58;199;690;4077;1703;54676806;52116104;37924492;9765309;53772509;41040091;10222794;6193805;2325985
FR;0;2023-06-22;50;46;151;553;35;184;651;4419;1714;54676856;52116150;37924643;9765862;53772544;41040275;10223445;6198224;2327699
FR;0;2023-06-23;73;84;133;533;63;123;620;4562;1707;54676929;52116234;37924776;9766395;53772607;41040398;10224065;6202786;2329406
FR;0;2023-06-24;12;20;54;92;12;58;114;753;242;54676941;52116254;37924830;9766487;53772619;41040456;10224179;6203539;2329648
FR;0;2023-06-25;4;4;11;12;2;10;12;78;28;54676945;52116258;37924841;9766499;53772621;41040466;10224191;6203617;2329676
FR;0;2023-06-26;39;41;134;241;33;127;279;2114;761;54676984;52116299;37924975;9766740;53772654;41040593;10224470;6205731;2330437
