fra;vaccin;jour;n_dose1;n_dose2;n_cum_dose1;n_cum_dose2
FR;1;2020-12-27;20;0;20;0
FR;1;2020-12-28;69;0;89;0
FR;1;2020-12-29;108;0;197;0
FR;1;2020-12-30;120;0;317;0
FR;1;2020-12-31;85;0;402;0
FR;1;2021-01-01;67;0;469;0
FR;1;2021-01-02;78;0;547;0
FR;1;2021-01-03;89;0;636;0
FR;1;2021-01-04;1472;0;2108;0
FR;1;2021-01-05;5386;0;7494;0
FR;1;2021-01-06;11291;0;18785;0
FR;1;2021-01-07;28544;0;47329;0
FR;1;2021-01-08;36168;0;83497;0
FR;1;2021-01-09;10903;0;94400;0
FR;1;2021-01-10;5614;0;100014;0
FR;1;2021-01-11;38936;0;138950;0
FR;1;2021-01-12;60781;0;199731;0
FR;1;2021-01-13;63684;0;263415;0
FR;1;2021-01-14;79659;0;343074;0
FR;1;2021-01-15;67168;0;410242;0
FR;1;2021-01-16;19507;78;429749;78
FR;1;2021-01-17;10462;42;440211;120
FR;1;2021-01-18;81401;163;521612;283
FR;1;2021-01-19;123849;127;645461;410
FR;1;2021-01-20;130088;159;775549;569
FR;1;2021-01-21;150035;135;925584;704
FR;1;2021-01-22;113574;162;1039158;866
FR;1;2021-01-23;36037;50;1075195;916
FR;1;2021-01-24;9257;27;1084452;943
FR;1;2021-01-25;73120;1218;1157572;2161
FR;1;2021-01-26;94991;3110;1252563;5271
FR;1;2021-01-27;102141;5600;1354704;10871
FR;1;2021-01-28;118736;14361;1473440;25232
FR;1;2021-01-29;87753;17294;1561193;42526
FR;1;2021-01-30;27573;4225;1588766;46751
FR;1;2021-01-31;4865;1681;1593631;48432
FR;1;2021-02-01;48267;21134;1641898;69566
FR;1;2021-02-02;66299;34586;1708197;104152
FR;1;2021-02-03;65890;36984;1774087;141136
FR;1;2021-02-04;75732;50079;1849819;191215
FR;1;2021-02-05;62424;45342;1912243;236557
FR;1;2021-02-06;19038;10398;1931281;246955
FR;1;2021-02-07;3434;5046;1934715;252001
FR;1;2021-02-08;35763;45989;1970478;297990
FR;1;2021-02-09;49816;72406;2020294;370396
FR;1;2021-02-10;50849;76662;2071143;447058
FR;1;2021-02-11;62135;99107;2133278;546165
FR;1;2021-02-12;54818;74060;2188096;620225
FR;1;2021-02-13;15130;19274;2203226;639499
FR;1;2021-02-14;3420;7193;2206646;646692
FR;1;2021-02-15;23569;73445;2230215;720137
FR;1;2021-02-16;32112;96887;2262327;817024
FR;1;2021-02-17;34369;98586;2296696;915610
FR;1;2021-02-18;48070;113505;2344766;1029115
FR;1;2021-02-19;44409;86437;2389175;1115552
FR;1;2021-02-20;13020;26923;2402195;1142475
FR;1;2021-02-21;2116;6290;2404311;1148765
FR;1;2021-02-22;24023;69418;2428334;1218183
FR;1;2021-02-23;36627;80454;2464961;1298637
FR;1;2021-02-24;39351;77670;2504312;1376307
FR;1;2021-02-25;48880;88001;2553192;1464308
FR;1;2021-02-26;46068;67893;2599260;1532201
FR;1;2021-02-27;15173;20929;2614433;1553130
FR;1;2021-02-28;3229;4386;2617662;1557516
FR;1;2021-03-01;38692;49040;2656354;1606556
FR;1;2021-03-02;54647;61542;2711001;1668098
FR;1;2021-03-03;59440;60660;2770441;1728758
FR;1;2021-03-04;71045;64908;2841486;1793666
FR;1;2021-03-05;73096;59281;2914582;1852947
FR;1;2021-03-06;81306;16091;2995888;1869038
FR;1;2021-03-07;62963;5422;3058851;1874460
FR;1;2021-03-08;58683;42482;3117534;1916942
FR;1;2021-03-09;84339;48323;3201873;1965265
FR;1;2021-03-10;88903;48067;3290776;2013332
FR;1;2021-03-11;103158;53882;3393934;2067214
FR;1;2021-03-12;102092;45279;3496026;2112493
FR;1;2021-03-13;87496;12729;3583522;2125222
FR;1;2021-03-14;43630;3031;3627152;2128253
FR;1;2021-03-15;93727;29168;3720879;2157421
FR;1;2021-03-16;121822;34919;3842701;2192340
FR;1;2021-03-17;127340;34884;3970041;2227224
FR;1;2021-03-18;140712;39755;4110753;2266979
FR;1;2021-03-19;134120;32918;4244873;2299897
FR;1;2021-03-20;74889;10211;4319762;2310108
FR;1;2021-03-21;25768;2477;4345530;2312585
FR;1;2021-03-22;112838;31190;4458368;2343775
FR;1;2021-03-23;140715;38180;4599083;2381955
FR;1;2021-03-24;139784;38793;4738867;2420748
FR;1;2021-03-25;162577;39633;4901444;2460381
FR;1;2021-03-26;164037;37504;5065481;2497885
FR;1;2021-03-27;109791;15261;5175272;2513146
FR;1;2021-03-28;41717;3624;5216989;2516770
FR;1;2021-03-29;128198;49979;5345187;2566749
FR;1;2021-03-30;165403;63597;5510590;2630346
FR;1;2021-03-31;168562;66913;5679152;2697259
FR;1;2021-04-01;190826;79261;5869978;2776520
FR;1;2021-04-02;162102;84326;6032080;2860846
FR;1;2021-04-03;87064;58188;6119144;2919034
FR;1;2021-04-04;32290;17732;6151434;2936766
FR;1;2021-04-05;42388;10177;6193822;2946943
FR;1;2021-04-06;157106;100908;6350928;3047851
FR;1;2021-04-07;193781;108274;6544709;3156125
FR;1;2021-04-08;218223;112414;6762932;3268539
FR;1;2021-04-09;210935;107554;6973867;3376093
FR;1;2021-04-10;116055;73467;7089922;3449560
FR;1;2021-04-11;40118;30292;7130040;3479852
FR;1;2021-04-12;166138;103804;7296178;3583656
FR;1;2021-04-13;200582;128287;7496760;3711943
FR;1;2021-04-14;204904;122822;7701664;3834765
FR;1;2021-04-15;217607;126780;7919271;3961545
FR;1;2021-04-16;202807;125163;8122078;4086708
FR;1;2021-04-17;120643;67486;8242721;4154194
FR;1;2021-04-18;35189;20993;8277910;4175187
FR;1;2021-04-19;161284;121986;8439194;4297173
FR;1;2021-04-20;185836;148832;8625030;4446005
FR;1;2021-04-21;190584;146790;8815614;4592795
FR;1;2021-04-22;204839;162689;9020453;4755484
FR;1;2021-04-23;194952;157067;9215405;4912551
FR;1;2021-04-24;124225;95512;9339630;5008063
FR;1;2021-04-25;52450;30135;9392080;5038198
FR;1;2021-04-26;176669;138304;9568749;5176502
FR;1;2021-04-27;217539;162022;9786288;5338524
FR;1;2021-04-28;234342;155200;10020630;5493724
FR;1;2021-04-29;265517;160168;10286147;5653892
FR;1;2021-04-30;267092;148239;10553239;5802131
FR;1;2021-05-01;137147;40718;10690386;5842849
FR;1;2021-05-02;79664;28165;10770050;5871014
FR;1;2021-05-03;244834;146612;11014884;6017626
FR;1;2021-05-04;259348;186895;11274232;6204521
FR;1;2021-05-05;275877;184721;11550109;6389242
FR;1;2021-05-06;302970;183234;11853079;6572476
FR;1;2021-05-07;278444;196130;12131523;6768606
FR;1;2021-05-08;179297;48504;12310820;6817110
FR;1;2021-05-09;112275;36237;12423095;6853347
FR;1;2021-05-10;249110;194468;12672205;7047815
FR;1;2021-05-11;312101;211547;12984306;7259362
FR;1;2021-05-12;345646;186151;13329952;7445513
FR;1;2021-05-13;276699;47716;13606651;7493229
FR;1;2021-05-14;358733;128998;13965384;7622227
FR;1;2021-05-15;286901;66177;14252285;7688404
FR;1;2021-05-16;155139;15590;14407424;7703994
FR;1;2021-05-17;310852;116798;14718276;7820792
FR;1;2021-05-18;369983;111531;15088259;7932323
FR;1;2021-05-19;384683;103248;15472942;8035571
FR;1;2021-05-20;410012;96630;15882954;8132201
FR;1;2021-05-21;388415;97676;16271369;8229877
FR;1;2021-05-22;270102;42193;16541471;8272070
FR;1;2021-05-23;120550;11250;16662021;8283320
FR;1;2021-05-24;238152;26398;16900173;8309718
FR;1;2021-05-25;356290;132445;17256463;8442163
FR;1;2021-05-26;364351;128986;17620814;8571149
FR;1;2021-05-27;394800;121213;18015614;8692362
FR;1;2021-05-28;355545;145714;18371159;8838076
FR;1;2021-05-29;249451;81076;18620610;8919152
FR;1;2021-05-30;98487;22616;18719097;8941768
FR;1;2021-05-31;305266;148959;19024363;9090727
FR;2;2020-12-27;0;0;0;0
FR;2;2020-12-28;0;0;0;0
FR;2;2020-12-29;0;0;0;0
FR;2;2020-12-30;0;0;0;0
FR;2;2020-12-31;0;0;0;0
FR;2;2021-01-01;0;0;0;0
FR;2;2021-01-02;0;0;0;0
FR;2;2021-01-03;0;0;0;0
FR;2;2021-01-04;0;0;0;0
FR;2;2021-01-05;0;0;0;0
FR;2;2021-01-06;0;0;0;0
FR;2;2021-01-07;0;0;0;0
FR;2;2021-01-08;0;0;0;0
FR;2;2021-01-09;0;0;0;0
FR;2;2021-01-10;0;0;0;0
FR;2;2021-01-11;0;0;0;0
FR;2;2021-01-12;0;0;0;0
FR;2;2021-01-13;0;0;0;0
FR;2;2021-01-14;143;0;143;0
FR;2;2021-01-15;217;0;360;0
FR;2;2021-01-16;185;0;545;0
FR;2;2021-01-17;3;0;548;0
FR;2;2021-01-18;2905;0;3453;0
FR;2;2021-01-19;4508;0;7961;0
FR;2;2021-01-20;4921;0;12882;0
FR;2;2021-01-21;5122;0;18004;0
FR;2;2021-01-22;4877;0;22881;0
FR;2;2021-01-23;1735;0;24616;0
FR;2;2021-01-24;102;0;24718;0
FR;2;2021-01-25;3634;0;28352;0
FR;2;2021-01-26;3747;0;32099;0
FR;2;2021-01-27;3440;0;35539;0
FR;2;2021-01-28;3510;0;39049;0
FR;2;2021-01-29;3082;0;42131;0
FR;2;2021-01-30;1065;0;43196;0
FR;2;2021-01-31;0;0;43196;0
FR;2;2021-02-01;3255;0;46451;0
FR;2;2021-02-02;4303;0;50754;0
FR;2;2021-02-03;5030;0;55784;0
FR;2;2021-02-04;4729;3;60513;3
FR;2;2021-02-05;4610;6;65123;9
FR;2;2021-02-06;1930;3;67053;12
FR;2;2021-02-07;42;0;67095;12
FR;2;2021-02-08;7417;8;74512;20
FR;2;2021-02-09;8252;15;82764;35
FR;2;2021-02-10;9136;49;91900;84
FR;2;2021-02-11;10051;67;101951;151
FR;2;2021-02-12;9801;238;111752;389
FR;2;2021-02-13;3014;222;114766;611
FR;2;2021-02-14;296;0;115062;611
FR;2;2021-02-15;3357;3067;118419;3678
FR;2;2021-02-16;4899;3881;123318;7559
FR;2;2021-02-17;4101;4403;127419;11962
FR;2;2021-02-18;5229;5107;132648;17069
FR;2;2021-02-19;5156;4329;137804;21398
FR;2;2021-02-20;1763;1509;139567;22907
FR;2;2021-02-21;197;87;139764;22994
FR;2;2021-02-22;3513;3725;143277;26719
FR;2;2021-02-23;4816;3694;148093;30413
FR;2;2021-02-24;4744;3483;152837;33896
FR;2;2021-02-25;5292;3427;158129;37323
FR;2;2021-02-26;4193;3149;162322;40472
FR;2;2021-02-27;1502;1042;163824;41514
FR;2;2021-02-28;99;28;163923;41542
FR;2;2021-03-01;4957;3764;168880;45306
FR;2;2021-03-02;6302;4728;175182;50034
FR;2;2021-03-03;6240;4883;181422;54917
FR;2;2021-03-04;8070;3967;189492;58884
FR;2;2021-03-05;7767;4059;197259;62943
FR;2;2021-03-06;4620;1682;201879;64625
FR;2;2021-03-07;2284;29;204163;64654
FR;2;2021-03-08;3978;8309;208141;72963
FR;2;2021-03-09;7264;8430;215405;81393
FR;2;2021-03-10;6854;9113;222259;90506
FR;2;2021-03-11;9051;9209;231310;99715
FR;2;2021-03-12;7712;8174;239022;107889
FR;2;2021-03-13;9867;2510;248889;110399
FR;2;2021-03-14;4753;401;253642;110800
FR;2;2021-03-15;10630;3483;264272;114283
FR;2;2021-03-16;16435;4621;280707;118904
FR;2;2021-03-17;19908;3952;300615;122856
FR;2;2021-03-18;22943;4911;323558;127767
FR;2;2021-03-19;22882;4538;346440;132305
FR;2;2021-03-20;25141;1540;371581;133845
FR;2;2021-03-21;17469;147;389050;133992
FR;2;2021-03-22;17383;3080;406433;137072
FR;2;2021-03-23;22264;4183;428697;141255
FR;2;2021-03-24;23537;4989;452234;146244
FR;2;2021-03-25;26263;5020;478497;151264
FR;2;2021-03-26;26581;4260;505078;155524
FR;2;2021-03-27;15636;1309;520714;156833
FR;2;2021-03-28;10391;94;531105;156927
FR;2;2021-03-29;18629;4280;549734;161207
FR;2;2021-03-30;24159;6002;573893;167209
FR;2;2021-03-31;28089;5957;601982;173166
FR;2;2021-04-01;33914;8496;635896;181662
FR;2;2021-04-02;29413;7663;665309;189325
FR;2;2021-04-03;16723;3582;682032;192907
FR;2;2021-04-04;9156;918;691188;193825
FR;2;2021-04-05;12115;811;703303;194636
FR;2;2021-04-06;26658;6935;729961;201571
FR;2;2021-04-07;30579;7174;760540;208745
FR;2;2021-04-08;36479;8818;797019;217563
FR;2;2021-04-09;33346;8601;830365;226164
FR;2;2021-04-10;19436;8969;849801;235133
FR;2;2021-04-11;7812;4271;857613;239404
FR;2;2021-04-12;16789;11254;874402;250658
FR;2;2021-04-13;19061;16426;893463;267084
FR;2;2021-04-14;17645;16285;911108;283369
FR;2;2021-04-15;21821;20791;932929;304160
FR;2;2021-04-16;20339;20077;953268;324237
FR;2;2021-04-17;13038;22463;966306;346700
FR;2;2021-04-18;5781;14405;972087;361105
FR;2;2021-04-19;16461;16264;988548;377369
FR;2;2021-04-20;18932;21597;1007480;398966
FR;2;2021-04-21;19636;21667;1027116;420633
FR;2;2021-04-22;23248;24866;1050364;445499
FR;2;2021-04-23;24087;25375;1074451;470874
FR;2;2021-04-24;25008;15115;1099459;485989
FR;2;2021-04-25;9414;8590;1108873;494579
FR;2;2021-04-26;16661;17202;1125534;511781
FR;2;2021-04-27;18926;24311;1144460;536092
FR;2;2021-04-28;21531;26209;1165991;562301
FR;2;2021-04-29;24830;30139;1190821;592440
FR;2;2021-04-30;25077;27783;1215898;620223
FR;2;2021-05-01;14756;9863;1230654;630086
FR;2;2021-05-02;6480;9184;1237134;639270
FR;2;2021-05-03;19030;19328;1256164;658598
FR;2;2021-05-04;17891;29056;1274055;687654
FR;2;2021-05-05;17897;29416;1291952;717070
FR;2;2021-05-06;23107;35298;1315059;752368
FR;2;2021-05-07;23658;33255;1338717;785623
FR;2;2021-05-08;19914;9715;1358631;795338
FR;2;2021-05-09;12898;7894;1371529;803232
FR;2;2021-05-10;32181;22236;1403710;825468
FR;2;2021-05-11;42396;21080;1446106;846548
FR;2;2021-05-12;47746;19908;1493852;866456
FR;2;2021-05-13;50448;5772;1544300;872228
FR;2;2021-05-14;60412;12959;1604712;885187
FR;2;2021-05-15;65187;7154;1669899;892341
FR;2;2021-05-16;42936;2575;1712835;894916
FR;2;2021-05-17;44046;12599;1756881;907515
FR;2;2021-05-18;52720;12279;1809601;919794
FR;2;2021-05-19;55335;10652;1864936;930446
FR;2;2021-05-20;62390;10917;1927326;941363
FR;2;2021-05-21;62181;11732;1989507;953095
FR;2;2021-05-22;60710;4527;2050217;957622
FR;2;2021-05-23;36907;577;2087124;958199
FR;2;2021-05-24;16815;2033;2103939;960232
FR;2;2021-05-25;20414;12318;2124353;972550
FR;2;2021-05-26;18313;11709;2142666;984259
FR;2;2021-05-27;22306;11965;2164972;996224
FR;2;2021-05-28;27960;14987;2192932;1011211
FR;2;2021-05-29;29551;8188;2222483;1019399
FR;2;2021-05-30;4403;1810;2226886;1021209
FR;2;2021-05-31;26930;18760;2253816;1039969
FR;3;2020-12-27;0;0;0;0
FR;3;2020-12-28;0;0;0;0
FR;3;2020-12-29;0;0;0;0
FR;3;2020-12-30;0;0;0;0
FR;3;2020-12-31;0;0;0;0
FR;3;2021-01-01;0;0;0;0
FR;3;2021-01-02;0;0;0;0
FR;3;2021-01-03;0;0;0;0
FR;3;2021-01-04;0;0;0;0
FR;3;2021-01-05;0;0;0;0
FR;3;2021-01-06;0;0;0;0
FR;3;2021-01-07;0;0;0;0
FR;3;2021-01-08;0;0;0;0
FR;3;2021-01-09;0;0;0;0
FR;3;2021-01-10;0;0;0;0
FR;3;2021-01-11;0;0;0;0
FR;3;2021-01-12;0;0;0;0
FR;3;2021-01-13;0;0;0;0
FR;3;2021-01-14;0;0;0;0
FR;3;2021-01-15;0;0;0;0
FR;3;2021-01-16;0;0;0;0
FR;3;2021-01-17;0;0;0;0
FR;3;2021-01-18;0;0;0;0
FR;3;2021-01-19;0;0;0;0
FR;3;2021-01-20;0;0;0;0
FR;3;2021-01-21;0;0;0;0
FR;3;2021-01-22;0;0;0;0
FR;3;2021-01-23;0;0;0;0
FR;3;2021-01-24;0;0;0;0
FR;3;2021-01-25;0;0;0;0
FR;3;2021-01-26;0;0;0;0
FR;3;2021-01-27;0;0;0;0
FR;3;2021-01-28;0;0;0;0
FR;3;2021-01-29;0;0;0;0
FR;3;2021-01-30;0;0;0;0
FR;3;2021-01-31;0;0;0;0
FR;3;2021-02-01;0;0;0;0
FR;3;2021-02-02;0;0;0;0
FR;3;2021-02-03;0;0;0;0
FR;3;2021-02-04;0;0;0;0
FR;3;2021-02-05;0;0;0;0
FR;3;2021-02-06;312;0;312;0
FR;3;2021-02-07;1348;0;1660;0
FR;3;2021-02-08;2630;0;4290;0
FR;3;2021-02-09;6630;0;10920;0
FR;3;2021-02-10;9215;0;20135;0
FR;3;2021-02-11;13325;0;33460;0
FR;3;2021-02-12;13026;0;46486;0
FR;3;2021-02-13;3500;0;49986;0
FR;3;2021-02-14;864;0;50850;0
FR;3;2021-02-15;10102;0;60952;0
FR;3;2021-02-16;12156;0;73108;0
FR;3;2021-02-17;10811;0;83919;0
FR;3;2021-02-18;14527;0;98446;0
FR;3;2021-02-19;14076;0;112522;0
FR;3;2021-02-20;3173;0;115695;0
FR;3;2021-02-21;544;0;116239;0
FR;3;2021-02-22;8899;0;125138;0
FR;3;2021-02-23;11067;0;136205;0
FR;3;2021-02-24;13859;0;150064;0
FR;3;2021-02-25;44272;0;194336;0
FR;3;2021-02-26;61331;0;255667;0
FR;3;2021-02-27;34405;8;290072;8
FR;3;2021-02-28;2336;0;292408;8
FR;3;2021-03-01;19822;11;312230;19
FR;3;2021-03-02;38232;13;350462;32
FR;3;2021-03-03;47621;17;398083;49
FR;3;2021-03-04;80741;20;478824;69
FR;3;2021-03-05;116548;60;595372;129
FR;3;2021-03-06;118314;52;713686;181
FR;3;2021-03-07;54339;29;768025;210
FR;3;2021-03-08;41862;21;809887;231
FR;3;2021-03-09;77477;30;887364;261
FR;3;2021-03-10;79313;42;966677;303
FR;3;2021-03-11;126381;50;1093058;353
FR;3;2021-03-12;180278;70;1273336;423
FR;3;2021-03-13;130195;53;1403531;476
FR;3;2021-03-14;13663;5;1417194;481
FR;3;2021-03-15;51064;40;1468258;521
FR;3;2021-03-16;887;14;1469145;535
FR;3;2021-03-17;598;6;1469743;541
FR;3;2021-03-18;1157;4;1470900;545
FR;3;2021-03-19;69200;37;1540100;582
FR;3;2021-03-20;64224;36;1604324;618
FR;3;2021-03-21;5473;4;1609797;622
FR;3;2021-03-22;36607;33;1646404;655
FR;3;2021-03-23;83319;50;1729723;705
FR;3;2021-03-24;89553;91;1819276;796
FR;3;2021-03-25;148072;114;1967348;910
FR;3;2021-03-26;163469;156;2130817;1066
FR;3;2021-03-27;67260;88;2198077;1154
FR;3;2021-03-28;6162;19;2204239;1173
FR;3;2021-03-29;53291;61;2257530;1234
FR;3;2021-03-30;91896;88;2349426;1322
FR;3;2021-03-31;62288;82;2411714;1404
FR;3;2021-04-01;84566;104;2496280;1508
FR;3;2021-04-02;85655;148;2581935;1656
FR;3;2021-04-03;35174;109;2617109;1765
FR;3;2021-04-04;3372;16;2620481;1781
FR;3;2021-04-05;4210;21;2624691;1802
FR;3;2021-04-06;28852;76;2653543;1878
FR;3;2021-04-07;31491;61;2685034;1939
FR;3;2021-04-08;77432;236;2762466;2175
FR;3;2021-04-09;159707;412;2922173;2587
FR;3;2021-04-10;74390;332;2996563;2919
FR;3;2021-04-11;7011;44;3003574;2963
FR;3;2021-04-12;50506;197;3054080;3160
FR;3;2021-04-13;85003;315;3139083;3475
FR;3;2021-04-14;66481;342;3205564;3817
FR;3;2021-04-15;91609;369;3297173;4186
FR;3;2021-04-16;110952;573;3408125;4759
FR;3;2021-04-17;52179;336;3460304;5095
FR;3;2021-04-18;9426;35;3469730;5130
FR;3;2021-04-19;24397;239;3494127;5369
FR;3;2021-04-20;44780;398;3538907;5767
FR;3;2021-04-21;38009;458;3576916;6225
FR;3;2021-04-22;53626;793;3630542;7018
FR;3;2021-04-23;69403;1030;3699945;8048
FR;3;2021-04-24;36480;985;3736425;9033
FR;3;2021-04-25;5909;168;3742334;9201
FR;3;2021-04-26;19073;665;3761407;9866
FR;3;2021-04-27;33693;1245;3795100;11111
FR;3;2021-04-28;28249;1926;3823349;13037
FR;3;2021-04-29;44502;5959;3867851;18996
FR;3;2021-04-30;54526;8933;3922377;27929
FR;3;2021-05-01;9161;1968;3931538;29897
FR;3;2021-05-02;2789;501;3934327;30398
FR;3;2021-05-03;12488;3888;3946815;34286
FR;3;2021-05-04;22392;8456;3969207;42742
FR;3;2021-05-05;18017;10573;3987224;53315
FR;3;2021-05-06;33849;20906;4021073;74221
FR;3;2021-05-07;43304;28414;4064377;102635
FR;3;2021-05-08;6332;8914;4070709;111549
FR;3;2021-05-09;1561;2655;4072270;114204
FR;3;2021-05-10;14378;12563;4086648;126767
FR;3;2021-05-11;26352;25751;4113000;152518
FR;3;2021-05-12;16676;27477;4129676;179995
FR;3;2021-05-13;1997;3487;4131673;183482
FR;3;2021-05-14;14026;25749;4145699;209231
FR;3;2021-05-15;6897;20743;4152596;229974
FR;3;2021-05-16;810;2680;4153406;232654
FR;3;2021-05-17;7475;19923;4160881;252577
FR;3;2021-05-18;12870;29672;4173751;282249
FR;3;2021-05-19;8768;31891;4182519;314140
FR;3;2021-05-20;12213;53290;4194732;367430
FR;3;2021-05-21;12193;65642;4206925;433072
FR;3;2021-05-22;4637;33365;4211562;466437
FR;3;2021-05-23;529;2681;4212091;469118
FR;3;2021-05-24;573;4922;4212664;474040
FR;3;2021-05-25;4771;45457;4217435;519497
FR;3;2021-05-26;4529;51714;4221964;571211
FR;3;2021-05-27;5840;76517;4227804;647728
FR;3;2021-05-28;6997;99109;4234801;746837
FR;3;2021-05-29;3004;60286;4237805;807123
FR;3;2021-05-30;361;8243;4238166;815366
FR;3;2021-05-31;1992;35993;4240158;851359
FR;4;2020-12-27;0;0;0;0
FR;4;2020-12-28;0;0;0;0
FR;4;2020-12-29;0;0;0;0
FR;4;2020-12-30;0;0;0;0
FR;4;2020-12-31;0;0;0;0
FR;4;2021-01-01;0;0;0;0
FR;4;2021-01-02;0;0;0;0
FR;4;2021-01-03;0;0;0;0
FR;4;2021-01-04;0;0;0;0
FR;4;2021-01-05;0;0;0;0
FR;4;2021-01-06;0;0;0;0
FR;4;2021-01-07;0;0;0;0
FR;4;2021-01-08;0;0;0;0
FR;4;2021-01-09;0;0;0;0
FR;4;2021-01-10;0;0;0;0
FR;4;2021-01-11;0;0;0;0
FR;4;2021-01-12;0;0;0;0
FR;4;2021-01-13;0;0;0;0
FR;4;2021-01-14;0;0;0;0
FR;4;2021-01-15;0;0;0;0
FR;4;2021-01-16;0;0;0;0
FR;4;2021-01-17;0;0;0;0
FR;4;2021-01-18;0;0;0;0
FR;4;2021-01-19;0;0;0;0
FR;4;2021-01-20;0;0;0;0
FR;4;2021-01-21;0;0;0;0
FR;4;2021-01-22;0;0;0;0
FR;4;2021-01-23;0;0;0;0
FR;4;2021-01-24;0;0;0;0
FR;4;2021-01-25;0;0;0;0
FR;4;2021-01-26;0;0;0;0
FR;4;2021-01-27;0;0;0;0
FR;4;2021-01-28;0;0;0;0
FR;4;2021-01-29;0;0;0;0
FR;4;2021-01-30;0;0;0;0
FR;4;2021-01-31;0;0;0;0
FR;4;2021-02-01;0;0;0;0
FR;4;2021-02-02;0;0;0;0
FR;4;2021-02-03;0;0;0;0
FR;4;2021-02-04;0;0;0;0
FR;4;2021-02-05;0;0;0;0
FR;4;2021-02-06;0;0;0;0
FR;4;2021-02-07;0;0;0;0
FR;4;2021-02-08;0;0;0;0
FR;4;2021-02-09;0;0;0;0
FR;4;2021-02-10;0;0;0;0
FR;4;2021-02-11;0;0;0;0
FR;4;2021-02-12;0;0;0;0
FR;4;2021-02-13;0;0;0;0
FR;4;2021-02-14;0;0;0;0
FR;4;2021-02-15;0;0;0;0
FR;4;2021-02-16;0;0;0;0
FR;4;2021-02-17;0;0;0;0
FR;4;2021-02-18;0;0;0;0
FR;4;2021-02-19;0;0;0;0
FR;4;2021-02-20;0;0;0;0
FR;4;2021-02-21;0;0;0;0
FR;4;2021-02-22;0;0;0;0
FR;4;2021-02-23;0;0;0;0
FR;4;2021-02-24;0;0;0;0
FR;4;2021-02-25;0;0;0;0
FR;4;2021-02-26;0;0;0;0
FR;4;2021-02-27;0;0;0;0
FR;4;2021-02-28;0;0;0;0
FR;4;2021-03-01;0;0;0;0
FR;4;2021-03-02;0;0;0;0
FR;4;2021-03-03;0;0;0;0
FR;4;2021-03-04;0;0;0;0
FR;4;2021-03-05;0;0;0;0
FR;4;2021-03-06;0;0;0;0
FR;4;2021-03-07;0;0;0;0
FR;4;2021-03-08;0;0;0;0
FR;4;2021-03-09;0;0;0;0
FR;4;2021-03-10;0;0;0;0
FR;4;2021-03-11;0;0;0;0
FR;4;2021-03-12;0;0;0;0
FR;4;2021-03-13;0;0;0;0
FR;4;2021-03-14;0;0;0;0
FR;4;2021-03-15;0;0;0;0
FR;4;2021-03-16;0;0;0;0
FR;4;2021-03-17;0;0;0;0
FR;4;2021-03-18;0;0;0;0
FR;4;2021-03-19;0;0;0;0
FR;4;2021-03-20;0;0;0;0
FR;4;2021-03-21;0;0;0;0
FR;4;2021-03-22;0;0;0;0
FR;4;2021-03-23;0;0;0;0
FR;4;2021-03-24;0;0;0;0
FR;4;2021-03-25;0;0;0;0
FR;4;2021-03-26;0;0;0;0
FR;4;2021-03-27;0;0;0;0
FR;4;2021-03-28;0;0;0;0
FR;4;2021-03-29;0;0;0;0
FR;4;2021-03-30;0;0;0;0
FR;4;2021-03-31;0;0;0;0
FR;4;2021-04-01;0;0;0;0
FR;4;2021-04-02;0;0;0;0
FR;4;2021-04-03;0;0;0;0
FR;4;2021-04-04;0;0;0;0
FR;4;2021-04-05;0;0;0;0
FR;4;2021-04-06;0;0;0;0
FR;4;2021-04-07;0;0;0;0
FR;4;2021-04-08;0;0;0;0
FR;4;2021-04-09;0;0;0;0
FR;4;2021-04-10;0;0;0;0
FR;4;2021-04-11;0;0;0;0
FR;4;2021-04-12;0;0;0;0
FR;4;2021-04-13;0;0;0;0
FR;4;2021-04-14;0;0;0;0
FR;4;2021-04-15;0;0;0;0
FR;4;2021-04-16;0;0;0;0
FR;4;2021-04-17;0;0;0;0
FR;4;2021-04-18;0;0;0;0
FR;4;2021-04-19;0;0;0;0
FR;4;2021-04-20;0;0;0;0
FR;4;2021-04-21;0;0;0;0
FR;4;2021-04-22;0;0;0;0
FR;4;2021-04-23;628;0;628;0
FR;4;2021-04-24;1553;0;2181;0
FR;4;2021-04-25;117;0;2298;0
FR;4;2021-04-26;2826;0;5124;0
FR;4;2021-04-27;9356;3;14480;3
FR;4;2021-04-28;9752;3;24232;6
FR;4;2021-04-29;15860;7;40092;13
FR;4;2021-04-30;19059;7;59151;20
FR;4;2021-05-01;1891;5;61042;25
FR;4;2021-05-02;438;0;61480;25
FR;4;2021-05-03;4903;1;66383;26
FR;4;2021-05-04;8243;8;74626;34
FR;4;2021-05-05;5996;7;80622;41
FR;4;2021-05-06;11250;11;91872;52
FR;4;2021-05-07;18888;8;110760;60
FR;4;2021-05-08;2248;4;113008;64
FR;4;2021-05-09;627;2;113635;66
FR;4;2021-05-10;7055;13;120690;79
FR;4;2021-05-11;14081;12;134771;91
FR;4;2021-05-12;9925;14;144696;105
FR;4;2021-05-13;1435;3;146131;108
FR;4;2021-05-14;7566;8;153697;116
FR;4;2021-05-15;3571;9;157268;125
FR;4;2021-05-16;348;1;157616;126
FR;4;2021-05-17;4220;3;161836;129
FR;4;2021-05-18;8432;10;170268;139
FR;4;2021-05-19;5481;5;175749;144
FR;4;2021-05-20;9152;7;184901;151
FR;4;2021-05-21;12461;26;197362;177
FR;4;2021-05-22;4896;13;202258;190
FR;4;2021-05-23;419;2;202677;192
FR;4;2021-05-24;918;3;203595;195
FR;4;2021-05-25;7318;16;210913;211
FR;4;2021-05-26;7456;12;218369;223
FR;4;2021-05-27;13933;34;232302;257
FR;4;2021-05-28;25911;72;258213;329
FR;4;2021-05-29;10936;17;269149;346
FR;4;2021-05-30;834;2;269983;348
FR;4;2021-05-31;12063;17;282046;365
FR;0;2020-12-27;20;0;20;0
FR;0;2020-12-28;69;0;89;0
FR;0;2020-12-29;108;0;197;0
FR;0;2020-12-30;120;0;317;0
FR;0;2020-12-31;85;0;402;0
FR;0;2021-01-01;67;0;469;0
FR;0;2021-01-02;78;0;547;0
FR;0;2021-01-03;89;0;636;0
FR;0;2021-01-04;1472;0;2108;0
FR;0;2021-01-05;5386;0;7494;0
FR;0;2021-01-06;11291;0;18785;0
FR;0;2021-01-07;28544;0;47329;0
FR;0;2021-01-08;36168;0;83497;0
FR;0;2021-01-09;10903;0;94400;0
FR;0;2021-01-10;5614;0;100014;0
FR;0;2021-01-11;38936;0;138950;0
FR;0;2021-01-12;60781;0;199731;0
FR;0;2021-01-13;63684;0;263415;0
FR;0;2021-01-14;79802;0;343217;0
FR;0;2021-01-15;67385;0;410602;0
FR;0;2021-01-16;19692;78;430294;78
FR;0;2021-01-17;10465;42;440759;120
FR;0;2021-01-18;84306;163;525065;283
FR;0;2021-01-19;128357;127;653422;410
FR;0;2021-01-20;135009;159;788431;569
FR;0;2021-01-21;155157;135;943588;704
FR;0;2021-01-22;118451;162;1062039;866
FR;0;2021-01-23;37772;50;1099811;916
FR;0;2021-01-24;9359;27;1109170;943
FR;0;2021-01-25;76754;1218;1185924;2161
FR;0;2021-01-26;98738;3110;1284662;5271
FR;0;2021-01-27;105581;5600;1390243;10871
FR;0;2021-01-28;122246;14361;1512489;25232
FR;0;2021-01-29;90835;17294;1603324;42526
FR;0;2021-01-30;28638;4225;1631962;46751
FR;0;2021-01-31;4865;1681;1636827;48432
FR;0;2021-02-01;51522;21134;1688349;69566
FR;0;2021-02-02;70602;34586;1758951;104152
FR;0;2021-02-03;70920;36984;1829871;141136
FR;0;2021-02-04;80461;50082;1910332;191218
FR;0;2021-02-05;67034;45348;1977366;236566
FR;0;2021-02-06;21280;10401;1998646;246967
FR;0;2021-02-07;4824;5046;2003470;252013
FR;0;2021-02-08;45810;45997;2049280;298010
FR;0;2021-02-09;64698;72421;2113978;370431
FR;0;2021-02-10;69200;76711;2183178;447142
FR;0;2021-02-11;85511;99174;2268689;546316
FR;0;2021-02-12;77645;74298;2346334;620614
FR;0;2021-02-13;21644;19496;2367978;640110
FR;0;2021-02-14;4580;7193;2372558;647303
FR;0;2021-02-15;37028;76512;2409586;723815
FR;0;2021-02-16;49167;100768;2458753;824583
FR;0;2021-02-17;49281;102989;2508034;927572
FR;0;2021-02-18;67826;118612;2575860;1046184
FR;0;2021-02-19;63641;90766;2639501;1136950
FR;0;2021-02-20;17956;28432;2657457;1165382
FR;0;2021-02-21;2857;6377;2660314;1171759
FR;0;2021-02-22;36435;73143;2696749;1244902
FR;0;2021-02-23;52510;84148;2749259;1329050
FR;0;2021-02-24;57954;81153;2807213;1410203
FR;0;2021-02-25;98444;91428;2905657;1501631
FR;0;2021-02-26;111592;71042;3017249;1572673
FR;0;2021-02-27;51080;21979;3068329;1594652
FR;0;2021-02-28;5664;4414;3073993;1599066
FR;0;2021-03-01;63471;52815;3137464;1651881
FR;0;2021-03-02;99181;66283;3236645;1718164
FR;0;2021-03-03;113301;65560;3349946;1783724
FR;0;2021-03-04;159856;68895;3509802;1852619
FR;0;2021-03-05;197411;63400;3707213;1916019
FR;0;2021-03-06;204240;17825;3911453;1933844
FR;0;2021-03-07;119586;5480;4031039;1939324
FR;0;2021-03-08;104523;50812;4135562;1990136
FR;0;2021-03-09;169080;56783;4304642;2046919
FR;0;2021-03-10;175070;57222;4479712;2104141
FR;0;2021-03-11;238590;63141;4718302;2167282
FR;0;2021-03-12;290082;53523;5008384;2220805
FR;0;2021-03-13;227558;15292;5235942;2236097
FR;0;2021-03-14;62046;3437;5297988;2239534
FR;0;2021-03-15;155421;32691;5453409;2272225
FR;0;2021-03-16;139144;39554;5592553;2311779
FR;0;2021-03-17;147846;38842;5740399;2350621
FR;0;2021-03-18;164812;44670;5905211;2395291
FR;0;2021-03-19;226202;37493;6131413;2432784
FR;0;2021-03-20;164254;11787;6295667;2444571
FR;0;2021-03-21;48710;2628;6344377;2447199
FR;0;2021-03-22;166828;34303;6511205;2481502
FR;0;2021-03-23;246298;42413;6757503;2523915
FR;0;2021-03-24;252874;43873;7010377;2567788
FR;0;2021-03-25;336912;44767;7347289;2612555
FR;0;2021-03-26;354087;41920;7701376;2654475
FR;0;2021-03-27;192687;16658;7894063;2671133
FR;0;2021-03-28;58270;3737;7952333;2674870
FR;0;2021-03-29;200118;54320;8152451;2729190
FR;0;2021-03-30;281458;69687;8433909;2798877
FR;0;2021-03-31;258939;72952;8692848;2871829
FR;0;2021-04-01;309306;87861;9002154;2959690
FR;0;2021-04-02;277170;92137;9279324;3051827
FR;0;2021-04-03;138961;61879;9418285;3113706
FR;0;2021-04-04;44818;18666;9463103;3132372
FR;0;2021-04-05;58713;11009;9521816;3143381
FR;0;2021-04-06;212616;107919;9734432;3251300
FR;0;2021-04-07;255851;115509;9990283;3366809
FR;0;2021-04-08;332134;121468;10322417;3488277
FR;0;2021-04-09;403988;116567;10726405;3604844
FR;0;2021-04-10;209881;82768;10936286;3687612
FR;0;2021-04-11;54941;34607;10991227;3722219
FR;0;2021-04-12;233433;115255;11224660;3837474
FR;0;2021-04-13;304646;145028;11529306;3982502
FR;0;2021-04-14;289030;139449;11818336;4121951
FR;0;2021-04-15;331037;147940;12149373;4269891
FR;0;2021-04-16;334098;145813;12483471;4415704
FR;0;2021-04-17;185860;90285;12669331;4505989
FR;0;2021-04-18;50396;35433;12719727;4541422
FR;0;2021-04-19;202142;138489;12921869;4679911
FR;0;2021-04-20;249548;170827;13171417;4850738
FR;0;2021-04-21;248229;168915;13419646;5019653
FR;0;2021-04-22;281713;188348;13701359;5208001
FR;0;2021-04-23;289070;183472;13990429;5391473
FR;0;2021-04-24;187266;111612;14177695;5503085
FR;0;2021-04-25;67890;38893;14245585;5541978
FR;0;2021-04-26;215229;156171;14460814;5698149
FR;0;2021-04-27;279514;187581;14740328;5885730
FR;0;2021-04-28;293874;183338;15034202;6069068
FR;0;2021-04-29;350709;196273;15384911;6265341
FR;0;2021-04-30;365754;184962;15750665;6450303
FR;0;2021-05-01;162955;52554;15913620;6502857
FR;0;2021-05-02;89371;37850;16002991;6540707
FR;0;2021-05-03;281255;169829;16284246;6710536
FR;0;2021-05-04;307874;224415;16592120;6934951
FR;0;2021-05-05;317787;224717;16909907;7159668
FR;0;2021-05-06;371176;239449;17281083;7399117
FR;0;2021-05-07;364294;257807;17645377;7656924
FR;0;2021-05-08;207791;67137;17853168;7724061
FR;0;2021-05-09;127361;46788;17980529;7770849
FR;0;2021-05-10;302724;229280;18283253;8000129
FR;0;2021-05-11;394930;258390;18678183;8258519
FR;0;2021-05-12;419993;233550;19098176;8492069
FR;0;2021-05-13;330579;56978;19428755;8549047
FR;0;2021-05-14;440737;167714;19869492;8716761
FR;0;2021-05-15;362556;94083;20232048;8810844
FR;0;2021-05-16;199233;20846;20431281;8831690
FR;0;2021-05-17;366593;149323;20797874;8981013
FR;0;2021-05-18;444005;153492;21241879;9134505
FR;0;2021-05-19;454267;145796;21696146;9280301
FR;0;2021-05-20;493767;160844;22189913;9441145
FR;0;2021-05-21;475250;175076;22665163;9616221
FR;0;2021-05-22;340345;80098;23005508;9696319
FR;0;2021-05-23;158405;14510;23163913;9710829
FR;0;2021-05-24;256458;33356;23420371;9744185
FR;0;2021-05-25;388793;190236;23809164;9934421
FR;0;2021-05-26;394649;192421;24203813;10126842
FR;0;2021-05-27;436879;209729;24640692;10336571
FR;0;2021-05-28;416413;259882;25057105;10596453
FR;0;2021-05-29;292942;149567;25350047;10746020
FR;0;2021-05-30;104085;32671;25454132;10778691
FR;0;2021-05-31;346251;203729;25800383;10982420
