fra;vaccin;jour;n_dose1;n_dose2;n_cum_dose1;n_cum_dose2
FR;1;2020-12-27;20;0;20;0
FR;1;2020-12-28;71;0;91;0
FR;1;2020-12-29;108;0;199;0
FR;1;2020-12-30;123;0;322;0
FR;1;2020-12-31;88;0;410;0
FR;1;2021-01-01;75;0;485;0
FR;1;2021-01-02;88;0;573;0
FR;1;2021-01-03;92;0;665;0
FR;1;2021-01-04;1479;0;2144;0
FR;1;2021-01-05;5416;0;7560;0
FR;1;2021-01-06;11324;0;18884;0
FR;1;2021-01-07;28585;0;47469;0
FR;1;2021-01-08;36301;0;83770;0
FR;1;2021-01-09;10945;0;94715;0
FR;1;2021-01-10;5639;0;100354;0
FR;1;2021-01-11;39126;0;139480;0
FR;1;2021-01-12;61013;0;200493;0
FR;1;2021-01-13;63944;0;264437;0
FR;1;2021-01-14;79877;0;344314;0
FR;1;2021-01-15;67381;0;411695;0
FR;1;2021-01-16;19564;87;431259;87
FR;1;2021-01-17;10475;42;441734;129
FR;1;2021-01-18;81589;164;523323;293
FR;1;2021-01-19;124059;128;647382;421
FR;1;2021-01-20;130466;160;777848;581
FR;1;2021-01-21;150464;141;928312;722
FR;1;2021-01-22;113949;163;1042261;885
FR;1;2021-01-23;36131;52;1078392;937
FR;1;2021-01-24;9270;28;1087662;965
FR;1;2021-01-25;73306;1219;1160968;2184
FR;1;2021-01-26;95184;3113;1256152;5297
FR;1;2021-01-27;102310;5599;1358462;10896
FR;1;2021-01-28;118972;14361;1477434;25257
FR;1;2021-01-29;87889;17293;1565323;42550
FR;1;2021-01-30;27620;4225;1592943;46775
FR;1;2021-01-31;4872;1679;1597815;48454
FR;1;2021-02-01;48380;21128;1646195;69582
FR;1;2021-02-02;66453;34568;1712648;104150
FR;1;2021-02-03;66033;36961;1778681;141111
FR;1;2021-02-04;75963;50059;1854644;191170
FR;1;2021-02-05;62598;45337;1917242;236507
FR;1;2021-02-06;19090;10396;1936332;246903
FR;1;2021-02-07;3435;5041;1939767;251944
FR;1;2021-02-08;35884;45986;1975651;297930
FR;1;2021-02-09;49971;72392;2025622;370322
FR;1;2021-02-10;50981;76646;2076603;446968
FR;1;2021-02-11;62311;99077;2138914;546045
FR;1;2021-02-12;54980;74038;2193894;620083
FR;1;2021-02-13;15187;19270;2209081;639353
FR;1;2021-02-14;3431;7190;2212512;646543
FR;1;2021-02-15;23603;73440;2236115;719983
FR;1;2021-02-16;32149;96865;2268264;816848
FR;1;2021-02-17;34418;98569;2302682;915417
FR;1;2021-02-18;48284;113473;2350966;1028890
FR;1;2021-02-19;44538;86414;2395504;1115304
FR;1;2021-02-20;13069;26920;2408573;1142224
FR;1;2021-02-21;2119;6287;2410692;1148511
FR;1;2021-02-22;24127;69415;2434819;1217926
FR;1;2021-02-23;36749;80366;2471568;1298292
FR;1;2021-02-24;39495;77662;2511063;1375954
FR;1;2021-02-25;49114;87994;2560177;1463948
FR;1;2021-02-26;46217;67888;2606394;1531836
FR;1;2021-02-27;15246;20931;2621640;1552767
FR;1;2021-02-28;3234;4386;2624874;1557153
FR;1;2021-03-01;38797;49031;2663671;1606184
FR;1;2021-03-02;54783;61506;2718454;1667690
FR;1;2021-03-03;59680;60653;2778134;1728343
FR;1;2021-03-04;71369;64894;2849503;1793237
FR;1;2021-03-05;73322;59275;2922825;1852512
FR;1;2021-03-06;81468;16094;3004293;1868606
FR;1;2021-03-07;63004;5424;3067297;1874030
FR;1;2021-03-08;58922;42480;3126219;1916510
FR;1;2021-03-09;84591;48318;3210810;1964828
FR;1;2021-03-10;89192;48067;3300002;2012895
FR;1;2021-03-11;103421;53867;3403423;2066762
FR;1;2021-03-12;102332;45270;3505755;2112032
FR;1;2021-03-13;87888;12722;3593643;2124754
FR;1;2021-03-14;43752;3031;3637395;2127785
FR;1;2021-03-15;94036;29153;3731431;2156938
FR;1;2021-03-16;122108;34908;3853539;2191846
FR;1;2021-03-17;127711;34869;3981250;2226715
FR;1;2021-03-18;141201;39756;4122451;2266471
FR;1;2021-03-19;134495;32914;4256946;2299385
FR;1;2021-03-20;75080;10212;4332026;2309597
FR;1;2021-03-21;25777;2477;4357803;2312074
FR;1;2021-03-22;113101;31191;4470904;2343265
FR;1;2021-03-23;141165;38176;4612069;2381441
FR;1;2021-03-24;140062;38791;4752131;2420232
FR;1;2021-03-25;163026;39620;4915157;2459852
FR;1;2021-03-26;164476;37500;5079633;2497352
FR;1;2021-03-27;109966;15260;5189599;2512612
FR;1;2021-03-28;41740;3624;5231339;2516236
FR;1;2021-03-29;128455;49969;5359794;2566205
FR;1;2021-03-30;165798;63600;5525592;2629805
FR;1;2021-03-31;169036;66916;5694628;2696721
FR;1;2021-04-01;191445;79256;5886073;2775977
FR;1;2021-04-02;162470;84319;6048543;2860296
FR;1;2021-04-03;87206;58188;6135749;2918484
FR;1;2021-04-04;32343;17733;6168092;2936217
FR;1;2021-04-05;42437;10178;6210529;2946395
FR;1;2021-04-06;157839;100891;6368368;3047286
FR;1;2021-04-07;194312;108272;6562680;3155558
FR;1;2021-04-08;218896;112406;6781576;3267964
FR;1;2021-04-09;211731;107520;6993307;3375484
FR;1;2021-04-10;116000;73465;7109307;3448949
FR;1;2021-04-11;40049;30288;7149356;3479237
FR;1;2021-04-12;166550;103797;7315906;3583034
FR;1;2021-04-13;201184;128263;7517090;3711297
FR;1;2021-04-14;205550;122820;7722640;3834117
FR;1;2021-04-15;218352;126766;7940992;3960883
FR;1;2021-04-16;203886;125155;8144878;4086038
FR;1;2021-04-17;120971;67490;8265849;4153528
FR;1;2021-04-18;35230;20997;8301079;4174525
FR;1;2021-04-19;161918;121935;8462997;4296460
FR;1;2021-04-20;187141;148804;8650138;4445264
FR;1;2021-04-21;191650;146761;8841788;4592025
FR;1;2021-04-22;206407;162652;9048195;4754677
FR;1;2021-04-23;196696;156940;9244891;4911617
FR;1;2021-04-24;125007;95520;9369898;5007137
FR;1;2021-04-25;52880;30144;9422778;5037281
FR;1;2021-04-26;179252;138282;9602030;5175563
FR;1;2021-04-27;219063;162011;9821093;5337574
FR;1;2021-04-28;236141;155142;10057234;5492716
FR;1;2021-04-29;267569;160093;10324803;5652809
FR;1;2021-04-30;269305;148183;10594108;5800992
FR;1;2021-05-01;138206;40719;10732314;5841711
FR;1;2021-05-02;80444;28165;10812758;5869876
FR;1;2021-05-03;247214;146549;11059972;6016425
FR;1;2021-05-04;262535;186879;11322507;6203304
FR;1;2021-05-05;279110;184602;11601617;6387906
FR;1;2021-05-06;305592;183074;11907209;6570980
FR;1;2021-05-07;280741;195761;12187950;6766741
FR;1;2021-05-08;188608;48338;12376558;6815079
FR;1;2021-05-09;113088;36234;12489646;6851313
FR;1;2021-05-10;252258;194295;12741904;7045608
FR;1;2021-05-11;313978;211458;13055882;7257066
FR;1;2021-05-12;348756;185960;13404638;7443026
FR;1;2021-05-13;277952;47685;13682590;7490711
FR;1;2021-05-14;364283;128946;14046873;7619657
FR;1;2021-05-15;292108;66179;14338981;7685836
FR;1;2021-05-16;155493;15588;14494474;7701424
FR;1;2021-05-17;313811;116749;14808285;7818173
FR;1;2021-05-18;374047;111416;15182332;7929589
FR;1;2021-05-19;388511;103020;15570843;8032609
FR;1;2021-05-20;413492;96422;15984335;8129031
FR;1;2021-05-21;392507;97537;16376842;8226568
FR;1;2021-05-22;271706;42191;16648548;8268759
FR;1;2021-05-23;121141;11256;16769689;8280015
FR;1;2021-05-24;239066;26394;17008755;8306409
FR;1;2021-05-25;358804;132082;17367559;8438491
FR;1;2021-05-26;370558;125870;17738117;8564361
FR;1;2021-05-27;399118;128458;18137235;8692819
FR;1;2021-05-28;359705;145744;18496940;8838563
FR;1;2021-05-29;250418;81092;18747358;8919655
FR;1;2021-05-30;99088;22619;18846446;8942274
FR;1;2021-05-31;309221;148973;19155667;9091247
FR;1;2021-06-01;346074;166979;19501741;9258226
FR;1;2021-06-02;347760;153500;19849501;9411726
FR;1;2021-06-03;378324;147941;20227825;9559667
FR;1;2021-06-04;351494;175825;20579319;9735492
FR;1;2021-06-05;253169;112887;20832488;9848379
FR;1;2021-06-06;123180;37572;20955668;9885951
FR;1;2021-06-07;290712;208378;21246380;10094329
FR;1;2021-06-08;324527;224288;21570907;10318617
FR;1;2021-06-09;322828;216731;21893735;10535348
FR;1;2021-06-10;327760;202541;22221495;10737889
FR;1;2021-06-11;301729;235696;22523224;10973585
FR;1;2021-06-12;237915;150986;22761139;11124571
FR;1;2021-06-13;97471;61134;22858610;11185705
FR;1;2021-06-14;198058;289339;23056668;11475044
FR;1;2021-06-15;244497;282767;23301165;11757811
FR;1;2021-06-16;263727;270779;23564892;12028590
FR;1;2021-06-17;258585;244698;23823477;12273288
FR;1;2021-06-18;248280;296343;24071757;12569631
FR;1;2021-06-19;187799;209832;24259556;12779463
FR;1;2021-06-20;67056;89252;24326612;12868715
FR;2;2020-12-27;0;0;0;0
FR;2;2020-12-28;0;0;0;0
FR;2;2020-12-29;0;0;0;0
FR;2;2020-12-30;0;0;0;0
FR;2;2020-12-31;0;0;0;0
FR;2;2021-01-01;0;0;0;0
FR;2;2021-01-02;0;0;0;0
FR;2;2021-01-03;0;0;0;0
FR;2;2021-01-04;0;0;0;0
FR;2;2021-01-05;0;0;0;0
FR;2;2021-01-06;0;0;0;0
FR;2;2021-01-07;0;0;0;0
FR;2;2021-01-08;0;0;0;0
FR;2;2021-01-09;0;0;0;0
FR;2;2021-01-10;0;0;0;0
FR;2;2021-01-11;0;0;0;0
FR;2;2021-01-12;0;0;0;0
FR;2;2021-01-13;0;0;0;0
FR;2;2021-01-14;152;0;152;0
FR;2;2021-01-15;218;0;370;0
FR;2;2021-01-16;186;0;556;0
FR;2;2021-01-17;3;0;559;0
FR;2;2021-01-18;2914;0;3473;0
FR;2;2021-01-19;4515;0;7988;0
FR;2;2021-01-20;4921;0;12909;0
FR;2;2021-01-21;5126;0;18035;0
FR;2;2021-01-22;4882;0;22917;0
FR;2;2021-01-23;1734;0;24651;0
FR;2;2021-01-24;102;0;24753;0
FR;2;2021-01-25;3635;0;28388;0
FR;2;2021-01-26;3750;0;32138;0
FR;2;2021-01-27;3443;0;35581;0
FR;2;2021-01-28;3514;0;39095;0
FR;2;2021-01-29;3083;0;42178;0
FR;2;2021-01-30;1064;0;43242;0
FR;2;2021-01-31;0;0;43242;0
FR;2;2021-02-01;3260;0;46502;0
FR;2;2021-02-02;4308;0;50810;0
FR;2;2021-02-03;5032;0;55842;0
FR;2;2021-02-04;4735;4;60577;4
FR;2;2021-02-05;4621;6;65198;10
FR;2;2021-02-06;1931;3;67129;13
FR;2;2021-02-07;42;0;67171;13
FR;2;2021-02-08;7428;8;74599;21
FR;2;2021-02-09;8258;16;82857;37
FR;2;2021-02-10;9142;49;91999;86
FR;2;2021-02-11;10056;67;102055;153
FR;2;2021-02-12;9815;238;111870;391
FR;2;2021-02-13;3017;222;114887;613
FR;2;2021-02-14;296;0;115183;613
FR;2;2021-02-15;3359;3067;118542;3680
FR;2;2021-02-16;4909;3881;123451;7561
FR;2;2021-02-17;4106;4403;127557;11964
FR;2;2021-02-18;5236;5089;132793;17053
FR;2;2021-02-19;5213;4323;138006;21376
FR;2;2021-02-20;1764;1509;139770;22885
FR;2;2021-02-21;197;86;139967;22971
FR;2;2021-02-22;3530;3723;143497;26694
FR;2;2021-02-23;4837;3693;148334;30387
FR;2;2021-02-24;4765;3468;153099;33855
FR;2;2021-02-25;5293;3426;158392;37281
FR;2;2021-02-26;4197;3125;162589;40406
FR;2;2021-02-27;1502;1042;164091;41448
FR;2;2021-02-28;99;28;164190;41476
FR;2;2021-03-01;4963;3764;169153;45240
FR;2;2021-03-02;6308;4727;175461;49967
FR;2;2021-03-03;6245;4883;181706;54850
FR;2;2021-03-04;8073;3967;189779;58817
FR;2;2021-03-05;7769;4060;197548;62877
FR;2;2021-03-06;4621;1682;202169;64559
FR;2;2021-03-07;2284;29;204453;64588
FR;2;2021-03-08;3975;8311;208428;72899
FR;2;2021-03-09;7268;8429;215696;81328
FR;2;2021-03-10;6862;9109;222558;90437
FR;2;2021-03-11;9086;9209;231644;99646
FR;2;2021-03-12;7722;8170;239366;107816
FR;2;2021-03-13;9873;2511;249239;110327
FR;2;2021-03-14;4753;402;253992;110729
FR;2;2021-03-15;10652;3484;264644;114213
FR;2;2021-03-16;16457;4621;281101;118834
FR;2;2021-03-17;19901;3952;301002;122786
FR;2;2021-03-18;22960;4910;323962;127696
FR;2;2021-03-19;22886;4538;346848;132234
FR;2;2021-03-20;25147;1540;371995;133774
FR;2;2021-03-21;17474;147;389469;133921
FR;2;2021-03-22;17400;3078;406869;136999
FR;2;2021-03-23;22270;4183;429139;141182
FR;2;2021-03-24;23553;4988;452692;146170
FR;2;2021-03-25;26280;5022;478972;151192
FR;2;2021-03-26;26592;4262;505564;155454
FR;2;2021-03-27;15639;1309;521203;156763
FR;2;2021-03-28;10395;94;531598;156857
FR;2;2021-03-29;18650;4281;550248;161138
FR;2;2021-03-30;24178;6002;574426;167140
FR;2;2021-03-31;28126;5958;602552;173098
FR;2;2021-04-01;33988;8496;636540;181594
FR;2;2021-04-02;29560;7662;666100;189256
FR;2;2021-04-03;16728;3582;682828;192838
FR;2;2021-04-04;9161;918;691989;193756
FR;2;2021-04-05;12122;811;704111;194567
FR;2;2021-04-06;26769;6933;730880;201500
FR;2;2021-04-07;30583;7174;761463;208674
FR;2;2021-04-08;36499;8818;797962;217492
FR;2;2021-04-09;33398;8602;831360;226094
FR;2;2021-04-10;19452;8969;850812;235063
FR;2;2021-04-11;7816;4272;858628;239335
FR;2;2021-04-12;16807;11255;875435;250590
FR;2;2021-04-13;19112;16426;894547;267016
FR;2;2021-04-14;17672;16285;912219;283301
FR;2;2021-04-15;21857;20757;934076;304058
FR;2;2021-04-16;20398;20073;954474;324131
FR;2;2021-04-17;13058;22462;967532;346593
FR;2;2021-04-18;5785;14405;973317;360998
FR;2;2021-04-19;16483;16263;989800;377261
FR;2;2021-04-20;18997;21595;1008797;398856
FR;2;2021-04-21;19792;21665;1028589;420521
FR;2;2021-04-22;23416;24863;1052005;445384
FR;2;2021-04-23;24217;25352;1076222;470736
FR;2;2021-04-24;25108;15111;1101330;485847
FR;2;2021-04-25;9495;8589;1110825;494436
FR;2;2021-04-26;16907;17196;1127732;511632
FR;2;2021-04-27;19023;24307;1146755;535939
FR;2;2021-04-28;22032;26188;1168787;562127
FR;2;2021-04-29;25206;30137;1193993;592264
FR;2;2021-04-30;25337;27782;1219330;620046
FR;2;2021-05-01;14797;9863;1234127;629909
FR;2;2021-05-02;6519;9184;1240646;639093
FR;2;2021-05-03;19638;19328;1260284;658421
FR;2;2021-05-04;18046;29056;1278330;687477
FR;2;2021-05-05;17996;29415;1296326;716892
FR;2;2021-05-06;23230;35292;1319556;752184
FR;2;2021-05-07;24876;33245;1344432;785429
FR;2;2021-05-08;20981;9705;1365413;795134
FR;2;2021-05-09;13023;7894;1378436;803028
FR;2;2021-05-10;32350;22221;1410786;825249
FR;2;2021-05-11;43039;21078;1453825;846327
FR;2;2021-05-12;49009;19907;1502834;866234
FR;2;2021-05-13;50535;5770;1553369;872004
FR;2;2021-05-14;60495;12957;1613864;884961
FR;2;2021-05-15;65225;7154;1679089;892115
FR;2;2021-05-16;42992;2576;1722081;894691
FR;2;2021-05-17;44108;12591;1766189;907282
FR;2;2021-05-18;53471;12256;1819660;919538
FR;2;2021-05-19;56269;10636;1875929;930174
FR;2;2021-05-20;62479;10900;1938408;941074
FR;2;2021-05-21;63253;11686;2001661;952760
FR;2;2021-05-22;60758;4528;2062419;957288
FR;2;2021-05-23;36959;577;2099378;957865
FR;2;2021-05-24;16828;2033;2116206;959898
FR;2;2021-05-25;20524;12245;2136730;972143
FR;2;2021-05-26;19058;11469;2155788;983612
FR;2;2021-05-27;22437;12670;2178225;996282
FR;2;2021-05-28;28754;14992;2206979;1011274
FR;2;2021-05-29;29960;8191;2236939;1019465
FR;2;2021-05-30;4473;1811;2241412;1021276
FR;2;2021-05-31;28032;18761;2269444;1040037
FR;2;2021-06-01;44322;20077;2313766;1060114
FR;2;2021-06-02;36461;19319;2350227;1079433
FR;2;2021-06-03;50266;23409;2400493;1102842
FR;2;2021-06-04;64391;24107;2464884;1126949
FR;2;2021-06-05;33814;24053;2498698;1151002
FR;2;2021-06-06;4729;6206;2503427;1157208
FR;2;2021-06-07;27483;23113;2530910;1180321
FR;2;2021-06-08;45811;23261;2576721;1203582
FR;2;2021-06-09;33013;21510;2609734;1225092
FR;2;2021-06-10;41040;19162;2650774;1244254
FR;2;2021-06-11;54186;25258;2704960;1269512
FR;2;2021-06-12;29736;19823;2734696;1289335
FR;2;2021-06-13;3101;9190;2737797;1298525
FR;2;2021-06-14;24571;24198;2762368;1322723
FR;2;2021-06-15;38017;22898;2800385;1345621
FR;2;2021-06-16;29347;21552;2829732;1367173
FR;2;2021-06-17;35857;25907;2865589;1393080
FR;2;2021-06-18;45346;28803;2910935;1421883
FR;2;2021-06-19;23560;24922;2934495;1446805
FR;2;2021-06-20;2523;10073;2937018;1456878
FR;3;2020-12-27;0;0;0;0
FR;3;2020-12-28;0;0;0;0
FR;3;2020-12-29;0;0;0;0
FR;3;2020-12-30;0;0;0;0
FR;3;2020-12-31;0;0;0;0
FR;3;2021-01-01;0;0;0;0
FR;3;2021-01-02;0;0;0;0
FR;3;2021-01-03;0;0;0;0
FR;3;2021-01-04;0;0;0;0
FR;3;2021-01-05;0;0;0;0
FR;3;2021-01-06;0;0;0;0
FR;3;2021-01-07;0;0;0;0
FR;3;2021-01-08;0;0;0;0
FR;3;2021-01-09;0;0;0;0
FR;3;2021-01-10;0;0;0;0
FR;3;2021-01-11;0;0;0;0
FR;3;2021-01-12;0;0;0;0
FR;3;2021-01-13;0;0;0;0
FR;3;2021-01-14;0;0;0;0
FR;3;2021-01-15;0;0;0;0
FR;3;2021-01-16;0;0;0;0
FR;3;2021-01-17;0;0;0;0
FR;3;2021-01-18;0;0;0;0
FR;3;2021-01-19;0;0;0;0
FR;3;2021-01-20;0;0;0;0
FR;3;2021-01-21;0;0;0;0
FR;3;2021-01-22;0;0;0;0
FR;3;2021-01-23;0;0;0;0
FR;3;2021-01-24;0;0;0;0
FR;3;2021-01-25;0;0;0;0
FR;3;2021-01-26;0;0;0;0
FR;3;2021-01-27;0;0;0;0
FR;3;2021-01-28;0;0;0;0
FR;3;2021-01-29;0;0;0;0
FR;3;2021-01-30;0;0;0;0
FR;3;2021-01-31;0;0;0;0
FR;3;2021-02-01;0;0;0;0
FR;3;2021-02-02;0;0;0;0
FR;3;2021-02-03;0;0;0;0
FR;3;2021-02-04;0;0;0;0
FR;3;2021-02-05;0;0;0;0
FR;3;2021-02-06;332;0;332;0
FR;3;2021-02-07;1348;0;1680;0
FR;3;2021-02-08;2635;0;4315;0
FR;3;2021-02-09;6644;0;10959;0
FR;3;2021-02-10;9243;0;20202;0
FR;3;2021-02-11;13364;0;33566;0
FR;3;2021-02-12;13052;0;46618;0
FR;3;2021-02-13;3516;0;50134;0
FR;3;2021-02-14;869;0;51003;0
FR;3;2021-02-15;10135;0;61138;0
FR;3;2021-02-16;12184;0;73322;0
FR;3;2021-02-17;10823;0;84145;0
FR;3;2021-02-18;14588;0;98733;0
FR;3;2021-02-19;14126;0;112859;0
FR;3;2021-02-20;3183;0;116042;0
FR;3;2021-02-21;544;0;116586;0
FR;3;2021-02-22;8922;0;125508;0
FR;3;2021-02-23;11119;0;136627;0
FR;3;2021-02-24;13914;0;150541;0
FR;3;2021-02-25;44430;0;194971;0
FR;3;2021-02-26;61450;0;256421;0
FR;3;2021-02-27;34502;8;290923;8
FR;3;2021-02-28;2347;0;293270;8
FR;3;2021-03-01;19954;9;313224;17
FR;3;2021-03-02;38374;14;351598;31
FR;3;2021-03-03;47958;18;399556;49
FR;3;2021-03-04;81296;23;480852;72
FR;3;2021-03-05;117185;60;598037;132
FR;3;2021-03-06;119412;51;717449;183
FR;3;2021-03-07;54668;28;772117;211
FR;3;2021-03-08;42164;20;814281;231
FR;3;2021-03-09;78154;31;892435;262
FR;3;2021-03-10;79984;39;972419;301
FR;3;2021-03-11;127377;47;1099796;348
FR;3;2021-03-12;181476;70;1281272;418
FR;3;2021-03-13;131209;56;1412481;474
FR;3;2021-03-14;13804;4;1426285;478
FR;3;2021-03-15;51532;37;1477817;515
FR;3;2021-03-16;941;13;1478758;528
FR;3;2021-03-17;673;6;1479431;534
FR;3;2021-03-18;1231;4;1480662;538
FR;3;2021-03-19;69811;36;1550473;574
FR;3;2021-03-20;64690;38;1615163;612
FR;3;2021-03-21;5521;4;1620684;616
FR;3;2021-03-22;36931;32;1657615;648
FR;3;2021-03-23;83834;50;1741449;698
FR;3;2021-03-24;90208;93;1831657;791
FR;3;2021-03-25;149135;115;1980792;906
FR;3;2021-03-26;164539;155;2145331;1061
FR;3;2021-03-27;67813;90;2213144;1151
FR;3;2021-03-28;6257;19;2219401;1170
FR;3;2021-03-29;53562;61;2272963;1231
FR;3;2021-03-30;92356;88;2365319;1319
FR;3;2021-03-31;62748;82;2428067;1401
FR;3;2021-04-01;85156;103;2513223;1504
FR;3;2021-04-02;86128;147;2599351;1651
FR;3;2021-04-03;35365;109;2634716;1760
FR;3;2021-04-04;3405;15;2638121;1775
FR;3;2021-04-05;4250;21;2642371;1796
FR;3;2021-04-06;29082;76;2671453;1872
FR;3;2021-04-07;31650;60;2703103;1932
FR;3;2021-04-08;77791;234;2780894;2166
FR;3;2021-04-09;160384;409;2941278;2575
FR;3;2021-04-10;74799;331;3016077;2906
FR;3;2021-04-11;7051;44;3023128;2950
FR;3;2021-04-12;50677;197;3073805;3147
FR;3;2021-04-13;85256;315;3159061;3462
FR;3;2021-04-14;66719;341;3225780;3803
FR;3;2021-04-15;91905;369;3317685;4172
FR;3;2021-04-16;111281;571;3428966;4743
FR;3;2021-04-17;52413;327;3481379;5070
FR;3;2021-04-18;9442;32;3490821;5102
FR;3;2021-04-19;24495;234;3515316;5336
FR;3;2021-04-20;44858;394;3560174;5730
FR;3;2021-04-21;38072;450;3598246;6180
FR;3;2021-04-22;53760;791;3652006;6971
FR;3;2021-04-23;69516;1019;3721522;7990
FR;3;2021-04-24;36540;976;3758062;8966
FR;3;2021-04-25;5912;154;3763974;9120
FR;3;2021-04-26;19113;662;3783087;9782
FR;3;2021-04-27;33727;1246;3816814;11028
FR;3;2021-04-28;28296;1925;3845110;12953
FR;3;2021-04-29;44581;5956;3889691;18909
FR;3;2021-04-30;54612;8932;3944303;27841
FR;3;2021-05-01;9183;1968;3953486;29809
FR;3;2021-05-02;2800;500;3956286;30309
FR;3;2021-05-03;12532;3881;3968818;34190
FR;3;2021-05-04;22461;8454;3991279;42644
FR;3;2021-05-05;18057;10574;4009336;53218
FR;3;2021-05-06;33880;20906;4043216;74124
FR;3;2021-05-07;43389;28410;4086605;102534
FR;3;2021-05-08;6358;8901;4092963;111435
FR;3;2021-05-09;1565;2655;4094528;114090
FR;3;2021-05-10;14428;12567;4108956;126657
FR;3;2021-05-11;26404;25738;4135360;152395
FR;3;2021-05-12;16713;27452;4152073;179847
FR;3;2021-05-13;2001;3480;4154074;183327
FR;3;2021-05-14;14066;25742;4168140;209069
FR;3;2021-05-15;6915;20734;4175055;229803
FR;3;2021-05-16;812;2679;4175867;232482
FR;3;2021-05-17;7510;19915;4183377;252397
FR;3;2021-05-18;12914;29634;4196291;282031
FR;3;2021-05-19;8804;31866;4205095;313897
FR;3;2021-05-20;12292;53220;4217387;367117
FR;3;2021-05-21;12243;65540;4229630;432657
FR;3;2021-05-22;4673;33300;4234303;465957
FR;3;2021-05-23;537;2665;4234840;468622
FR;3;2021-05-24;584;4920;4235424;473542
FR;3;2021-05-25;4986;45189;4240410;518731
FR;3;2021-05-26;4563;51055;4244973;569786
FR;3;2021-05-27;5942;77848;4250915;647634
FR;3;2021-05-28;7142;99104;4258057;746738
FR;3;2021-05-29;3070;60285;4261127;807023
FR;3;2021-05-30;381;8243;4261508;815266
FR;3;2021-05-31;2061;36000;4263569;851266
FR;3;2021-06-01;2973;64819;4266542;916085
FR;3;2021-06-02;2366;58361;4268908;974446
FR;3;2021-06-03;3183;87589;4272091;1062035
FR;3;2021-06-04;3848;105129;4275939;1167164
FR;3;2021-06-05;1771;52247;4277710;1219411
FR;3;2021-06-06;263;5400;4277973;1224811
FR;3;2021-06-07;1099;31186;4279072;1255997
FR;3;2021-06-08;2224;47885;4281296;1303882
FR;3;2021-06-09;1403;42455;4282699;1346337
FR;3;2021-06-10;1872;68014;4284571;1414351
FR;3;2021-06-11;2211;96813;4286782;1511164
FR;3;2021-06-12;1004;40841;4287786;1552005
FR;3;2021-06-13;138;3823;4287924;1555828
FR;3;2021-06-14;745;42671;4288669;1598499
FR;3;2021-06-15;1174;80696;4289843;1679195
FR;3;2021-06-16;1023;65787;4290866;1744982
FR;3;2021-06-17;1434;101862;4292300;1846844
FR;3;2021-06-18;1686;117932;4293986;1964776
FR;3;2021-06-19;686;39409;4294672;2004185
FR;3;2021-06-20;69;3384;4294741;2007569
FR;4;2020-12-27;0;0;0;0
FR;4;2020-12-28;0;0;0;0
FR;4;2020-12-29;0;0;0;0
FR;4;2020-12-30;0;0;0;0
FR;4;2020-12-31;0;0;0;0
FR;4;2021-01-01;0;0;0;0
FR;4;2021-01-02;0;0;0;0
FR;4;2021-01-03;0;0;0;0
FR;4;2021-01-04;0;0;0;0
FR;4;2021-01-05;0;0;0;0
FR;4;2021-01-06;0;0;0;0
FR;4;2021-01-07;0;0;0;0
FR;4;2021-01-08;0;0;0;0
FR;4;2021-01-09;0;0;0;0
FR;4;2021-01-10;0;0;0;0
FR;4;2021-01-11;0;0;0;0
FR;4;2021-01-12;0;0;0;0
FR;4;2021-01-13;0;0;0;0
FR;4;2021-01-14;0;0;0;0
FR;4;2021-01-15;0;0;0;0
FR;4;2021-01-16;0;0;0;0
FR;4;2021-01-17;0;0;0;0
FR;4;2021-01-18;0;0;0;0
FR;4;2021-01-19;0;0;0;0
FR;4;2021-01-20;0;0;0;0
FR;4;2021-01-21;0;0;0;0
FR;4;2021-01-22;0;0;0;0
FR;4;2021-01-23;0;0;0;0
FR;4;2021-01-24;0;0;0;0
FR;4;2021-01-25;0;0;0;0
FR;4;2021-01-26;0;0;0;0
FR;4;2021-01-27;0;0;0;0
FR;4;2021-01-28;0;0;0;0
FR;4;2021-01-29;0;0;0;0
FR;4;2021-01-30;0;0;0;0
FR;4;2021-01-31;0;0;0;0
FR;4;2021-02-01;0;0;0;0
FR;4;2021-02-02;0;0;0;0
FR;4;2021-02-03;0;0;0;0
FR;4;2021-02-04;0;0;0;0
FR;4;2021-02-05;0;0;0;0
FR;4;2021-02-06;0;0;0;0
FR;4;2021-02-07;0;0;0;0
FR;4;2021-02-08;0;0;0;0
FR;4;2021-02-09;0;0;0;0
FR;4;2021-02-10;0;0;0;0
FR;4;2021-02-11;0;0;0;0
FR;4;2021-02-12;0;0;0;0
FR;4;2021-02-13;0;0;0;0
FR;4;2021-02-14;0;0;0;0
FR;4;2021-02-15;0;0;0;0
FR;4;2021-02-16;0;0;0;0
FR;4;2021-02-17;0;0;0;0
FR;4;2021-02-18;0;0;0;0
FR;4;2021-02-19;0;0;0;0
FR;4;2021-02-20;0;0;0;0
FR;4;2021-02-21;0;0;0;0
FR;4;2021-02-22;0;0;0;0
FR;4;2021-02-23;0;0;0;0
FR;4;2021-02-24;0;0;0;0
FR;4;2021-02-25;0;0;0;0
FR;4;2021-02-26;0;0;0;0
FR;4;2021-02-27;0;0;0;0
FR;4;2021-02-28;0;0;0;0
FR;4;2021-03-01;0;0;0;0
FR;4;2021-03-02;0;0;0;0
FR;4;2021-03-03;0;0;0;0
FR;4;2021-03-04;0;0;0;0
FR;4;2021-03-05;0;0;0;0
FR;4;2021-03-06;0;0;0;0
FR;4;2021-03-07;0;0;0;0
FR;4;2021-03-08;0;0;0;0
FR;4;2021-03-09;0;0;0;0
FR;4;2021-03-10;0;0;0;0
FR;4;2021-03-11;0;0;0;0
FR;4;2021-03-12;0;0;0;0
FR;4;2021-03-13;0;0;0;0
FR;4;2021-03-14;0;0;0;0
FR;4;2021-03-15;0;0;0;0
FR;4;2021-03-16;0;0;0;0
FR;4;2021-03-17;0;0;0;0
FR;4;2021-03-18;0;0;0;0
FR;4;2021-03-19;0;0;0;0
FR;4;2021-03-20;0;0;0;0
FR;4;2021-03-21;0;0;0;0
FR;4;2021-03-22;0;0;0;0
FR;4;2021-03-23;0;0;0;0
FR;4;2021-03-24;0;0;0;0
FR;4;2021-03-25;0;0;0;0
FR;4;2021-03-26;0;0;0;0
FR;4;2021-03-27;0;0;0;0
FR;4;2021-03-28;0;0;0;0
FR;4;2021-03-29;0;0;0;0
FR;4;2021-03-30;0;0;0;0
FR;4;2021-03-31;0;0;0;0
FR;4;2021-04-01;0;0;0;0
FR;4;2021-04-02;0;0;0;0
FR;4;2021-04-03;0;0;0;0
FR;4;2021-04-04;0;0;0;0
FR;4;2021-04-05;0;0;0;0
FR;4;2021-04-06;0;0;0;0
FR;4;2021-04-07;0;0;0;0
FR;4;2021-04-08;0;0;0;0
FR;4;2021-04-09;0;1;0;1
FR;4;2021-04-10;0;0;0;1
FR;4;2021-04-11;0;0;0;1
FR;4;2021-04-12;0;0;0;1
FR;4;2021-04-13;0;0;0;1
FR;4;2021-04-14;0;0;0;1
FR;4;2021-04-15;0;0;0;1
FR;4;2021-04-16;0;0;0;1
FR;4;2021-04-17;0;0;0;1
FR;4;2021-04-18;0;0;0;1
FR;4;2021-04-19;0;0;0;1
FR;4;2021-04-20;0;0;0;1
FR;4;2021-04-21;0;0;0;1
FR;4;2021-04-22;0;0;0;1
FR;4;2021-04-23;795;0;795;1
FR;4;2021-04-24;1552;0;2347;1
FR;4;2021-04-25;117;0;2464;1
FR;4;2021-04-26;2831;0;5295;1
FR;4;2021-04-27;9387;4;14682;5
FR;4;2021-04-28;9778;3;24460;8
FR;4;2021-04-29;15886;7;40346;15
FR;4;2021-04-30;19085;7;59431;22
FR;4;2021-05-01;1897;5;61328;27
FR;4;2021-05-02;440;0;61768;27
FR;4;2021-05-03;4928;1;66696;28
FR;4;2021-05-04;8249;8;74945;36
FR;4;2021-05-05;6008;7;80953;43
FR;4;2021-05-06;11257;11;92210;54
FR;4;2021-05-07;18908;8;111118;62
FR;4;2021-05-08;2260;5;113378;67
FR;4;2021-05-09;629;2;114007;69
FR;4;2021-05-10;7095;8;121102;77
FR;4;2021-05-11;14119;12;135221;89
FR;4;2021-05-12;9956;14;145177;103
FR;4;2021-05-13;1441;2;146618;105
FR;4;2021-05-14;7597;8;154215;113
FR;4;2021-05-15;3588;9;157803;122
FR;4;2021-05-16;359;1;158162;123
FR;4;2021-05-17;4347;2;162509;125
FR;4;2021-05-18;8584;10;171093;135
FR;4;2021-05-19;5519;5;176612;140
FR;4;2021-05-20;9220;6;185832;146
FR;4;2021-05-21;12517;27;198349;173
FR;4;2021-05-22;4928;13;203277;186
FR;4;2021-05-23;424;2;203701;188
FR;4;2021-05-24;938;3;204639;191
FR;4;2021-05-25;7396;16;212035;207
FR;4;2021-05-26;7554;12;219589;219
FR;4;2021-05-27;14097;34;233686;253
FR;4;2021-05-28;26251;77;259937;330
FR;4;2021-05-29;11130;20;271067;350
FR;4;2021-05-30;858;2;271925;352
FR;4;2021-05-31;12430;19;284355;371
FR;4;2021-06-01;19812;42;304167;413
FR;4;2021-06-02;14207;34;318374;447
FR;4;2021-06-03;19143;23;337517;470
FR;4;2021-06-04;22084;45;359601;515
FR;4;2021-06-05;9445;28;369046;543
FR;4;2021-06-06;918;0;369964;543
FR;4;2021-06-07;8896;16;378860;559
FR;4;2021-06-08;14253;49;393113;608
FR;4;2021-06-09;11523;423;404636;1031
FR;4;2021-06-10;14942;28;419578;1059
FR;4;2021-06-11;16556;53;436134;1112
FR;4;2021-06-12;7184;26;443318;1138
FR;4;2021-06-13;815;8;444133;1146
FR;4;2021-06-14;6381;22;450514;1168
FR;4;2021-06-15;10524;32;461038;1200
FR;4;2021-06-16;8529;13;469567;1213
FR;4;2021-06-17;10451;27;480018;1240
FR;4;2021-06-18;11841;38;491859;1278
FR;4;2021-06-19;5220;21;497079;1299
FR;4;2021-06-20;547;2;497626;1301
FR;0;2020-12-27;20;0;20;0
FR;0;2020-12-28;71;0;91;0
FR;0;2020-12-29;108;0;199;0
FR;0;2020-12-30;123;0;322;0
FR;0;2020-12-31;88;0;410;0
FR;0;2021-01-01;75;0;485;0
FR;0;2021-01-02;88;0;573;0
FR;0;2021-01-03;92;0;665;0
FR;0;2021-01-04;1479;0;2144;0
FR;0;2021-01-05;5416;0;7560;0
FR;0;2021-01-06;11324;0;18884;0
FR;0;2021-01-07;28585;0;47469;0
FR;0;2021-01-08;36301;0;83770;0
FR;0;2021-01-09;10945;0;94715;0
FR;0;2021-01-10;5639;0;100354;0
FR;0;2021-01-11;39126;0;139480;0
FR;0;2021-01-12;61013;0;200493;0
FR;0;2021-01-13;63944;0;264437;0
FR;0;2021-01-14;80029;0;344466;0
FR;0;2021-01-15;67599;0;412065;0
FR;0;2021-01-16;19750;87;431815;87
FR;0;2021-01-17;10478;42;442293;129
FR;0;2021-01-18;84503;164;526796;293
FR;0;2021-01-19;128574;128;655370;421
FR;0;2021-01-20;135387;160;790757;581
FR;0;2021-01-21;155590;141;946347;722
FR;0;2021-01-22;118831;163;1065178;885
FR;0;2021-01-23;37865;52;1103043;937
FR;0;2021-01-24;9372;28;1112415;965
FR;0;2021-01-25;76941;1219;1189356;2184
FR;0;2021-01-26;98934;3113;1288290;5297
FR;0;2021-01-27;105753;5599;1394043;10896
FR;0;2021-01-28;122486;14361;1516529;25257
FR;0;2021-01-29;90972;17293;1607501;42550
FR;0;2021-01-30;28684;4225;1636185;46775
FR;0;2021-01-31;4872;1679;1641057;48454
FR;0;2021-02-01;51640;21128;1692697;69582
FR;0;2021-02-02;70761;34568;1763458;104150
FR;0;2021-02-03;71065;36961;1834523;141111
FR;0;2021-02-04;80698;50063;1915221;191174
FR;0;2021-02-05;67219;45343;1982440;236517
FR;0;2021-02-06;21353;10399;2003793;246916
FR;0;2021-02-07;4825;5041;2008618;251957
FR;0;2021-02-08;45947;45994;2054565;297951
FR;0;2021-02-09;64873;72408;2119438;370359
FR;0;2021-02-10;69366;76695;2188804;447054
FR;0;2021-02-11;85731;99144;2274535;546198
FR;0;2021-02-12;77847;74276;2352382;620474
FR;0;2021-02-13;21720;19492;2374102;639966
FR;0;2021-02-14;4596;7190;2378698;647156
FR;0;2021-02-15;37097;76507;2415795;723663
FR;0;2021-02-16;49242;100746;2465037;824409
FR;0;2021-02-17;49347;102972;2514384;927381
FR;0;2021-02-18;68108;118562;2582492;1045943
FR;0;2021-02-19;63877;90737;2646369;1136680
FR;0;2021-02-20;18016;28429;2664385;1165109
FR;0;2021-02-21;2860;6373;2667245;1171482
FR;0;2021-02-22;36579;73138;2703824;1244620
FR;0;2021-02-23;52705;84059;2756529;1328679
FR;0;2021-02-24;58174;81130;2814703;1409809
FR;0;2021-02-25;98837;91420;2913540;1501229
FR;0;2021-02-26;111864;71013;3025404;1572242
FR;0;2021-02-27;51250;21981;3076654;1594223
FR;0;2021-02-28;5680;4414;3082334;1598637
FR;0;2021-03-01;63714;52804;3146048;1651441
FR;0;2021-03-02;99465;66247;3245513;1717688
FR;0;2021-03-03;113883;65554;3359396;1783242
FR;0;2021-03-04;160738;68884;3520134;1852126
FR;0;2021-03-05;198276;63395;3718410;1915521
FR;0;2021-03-06;205501;17827;3923911;1933348
FR;0;2021-03-07;119956;5481;4043867;1938829
FR;0;2021-03-08;105061;50811;4148928;1989640
FR;0;2021-03-09;170013;56778;4318941;2046418
FR;0;2021-03-10;176038;57215;4494979;2103633
FR;0;2021-03-11;239884;63123;4734863;2166756
FR;0;2021-03-12;291530;53510;5026393;2220266
FR;0;2021-03-13;228970;15289;5255363;2235555
FR;0;2021-03-14;62309;3437;5317672;2238992
FR;0;2021-03-15;156220;32674;5473892;2271666
FR;0;2021-03-16;139506;39542;5613398;2311208
FR;0;2021-03-17;148285;38827;5761683;2350035
FR;0;2021-03-18;165392;44670;5927075;2394705
FR;0;2021-03-19;227192;37488;6154267;2432193
FR;0;2021-03-20;164917;11790;6319184;2443983
FR;0;2021-03-21;48772;2628;6367956;2446611
FR;0;2021-03-22;167432;34301;6535388;2480912
FR;0;2021-03-23;247269;42409;6782657;2523321
FR;0;2021-03-24;253823;43872;7036480;2567193
FR;0;2021-03-25;338441;44757;7374921;2611950
FR;0;2021-03-26;355607;41917;7730528;2653867
FR;0;2021-03-27;193418;16659;7923946;2670526
FR;0;2021-03-28;58392;3737;7982338;2674263
FR;0;2021-03-29;200667;54311;8183005;2728574
FR;0;2021-03-30;282332;69690;8465337;2798264
FR;0;2021-03-31;259910;72956;8725247;2871220
FR;0;2021-04-01;310589;87855;9035836;2959075
FR;0;2021-04-02;278158;92128;9313994;3051203
FR;0;2021-04-03;139299;61879;9453293;3113082
FR;0;2021-04-04;44909;18666;9498202;3131748
FR;0;2021-04-05;58809;11010;9557011;3142758
FR;0;2021-04-06;213690;107900;9770701;3250658
FR;0;2021-04-07;256545;115506;10027246;3366164
FR;0;2021-04-08;333186;121458;10360432;3487622
FR;0;2021-04-09;405513;116532;10765945;3604154
FR;0;2021-04-10;210251;82765;10976196;3686919
FR;0;2021-04-11;54916;34604;11031112;3721523
FR;0;2021-04-12;234034;115249;11265146;3836772
FR;0;2021-04-13;305552;145004;11570698;3981776
FR;0;2021-04-14;289941;139446;11860639;4121222
FR;0;2021-04-15;332114;147892;12192753;4269114
FR;0;2021-04-16;335565;145799;12528318;4414913
FR;0;2021-04-17;186442;90279;12714760;4505192
FR;0;2021-04-18;50457;35434;12765217;4540626
FR;0;2021-04-19;202896;138432;12968113;4679058
FR;0;2021-04-20;250996;170793;13219109;4849851
FR;0;2021-04-21;249514;168876;13468623;5018727
FR;0;2021-04-22;283583;188306;13752206;5207033
FR;0;2021-04-23;291224;183311;14043430;5390344
FR;0;2021-04-24;188207;111607;14231637;5501951
FR;0;2021-04-25;68404;38887;14300041;5540838
FR;0;2021-04-26;218103;156140;14518144;5696978
FR;0;2021-04-27;281200;187568;14799344;5884546
FR;0;2021-04-28;296247;183258;15095591;6067804
FR;0;2021-04-29;353242;196193;15448833;6263997
FR;0;2021-04-30;368339;184904;15817172;6448901
FR;0;2021-05-01;164083;52555;15981255;6501456
FR;0;2021-05-02;90203;37849;16071458;6539305
FR;0;2021-05-03;284312;169759;16355770;6709064
FR;0;2021-05-04;311291;224397;16667061;6933461
FR;0;2021-05-05;321171;224598;16988232;7158059
FR;0;2021-05-06;373959;239283;17362191;7397342
FR;0;2021-05-07;367914;257424;17730105;7654766
FR;0;2021-05-08;218207;66949;17948312;7721715
FR;0;2021-05-09;128305;46785;18076617;7768500
FR;0;2021-05-10;306131;229091;18382748;7997591
FR;0;2021-05-11;397540;258286;18780288;8255877
FR;0;2021-05-12;424434;233333;19204722;8489210
FR;0;2021-05-13;331929;56937;19536651;8546147
FR;0;2021-05-14;446441;167653;19983092;8713800
FR;0;2021-05-15;367836;94076;20350928;8807876
FR;0;2021-05-16;199656;20844;20550584;8828720
FR;0;2021-05-17;369776;149257;20920360;8977977
FR;0;2021-05-18;449016;153316;21369376;9131293
FR;0;2021-05-19;459103;145527;21828479;9276820
FR;0;2021-05-20;497483;160548;22325962;9437368
FR;0;2021-05-21;480520;174790;22806482;9612158
FR;0;2021-05-22;342065;80032;23148547;9692190
FR;0;2021-05-23;159061;14500;23307608;9706690
FR;0;2021-05-24;257416;33350;23565024;9740040
FR;0;2021-05-25;391710;189532;23956734;9929572
FR;0;2021-05-26;401733;188406;24358467;10117978
FR;0;2021-05-27;441594;219010;24800061;10336988
FR;0;2021-05-28;421852;259917;25221913;10596905
FR;0;2021-05-29;294578;149588;25516491;10746493
FR;0;2021-05-30;104800;32675;25621291;10779168
FR;0;2021-05-31;351744;203753;25973035;10982921
FR;0;2021-06-01;413181;251917;26386216;11234838
FR;0;2021-06-02;400794;231214;26787010;11466052
FR;0;2021-06-03;450916;258962;27237926;11725014
FR;0;2021-06-04;441817;305106;27679743;12030120
FR;0;2021-06-05;298199;189215;27977942;12219335
FR;0;2021-06-06;129090;49178;28107032;12268513
FR;0;2021-06-07;328190;262693;28435222;12531206
FR;0;2021-06-08;386815;295483;28822037;12826689
FR;0;2021-06-09;368767;281119;29190804;13107808
FR;0;2021-06-10;385614;289745;29576418;13397553
FR;0;2021-06-11;374682;357820;29951100;13755373
FR;0;2021-06-12;275839;211676;30226939;13967049
FR;0;2021-06-13;101525;74155;30328464;14041204
FR;0;2021-06-14;229755;356230;30558219;14397434
FR;0;2021-06-15;294212;386393;30852431;14783827
FR;0;2021-06-16;302626;358131;31155057;15141958
FR;0;2021-06-17;306327;372494;31461384;15514452
FR;0;2021-06-18;307153;443116;31768537;15957568
FR;0;2021-06-19;217265;274184;31985802;16231752
FR;0;2021-06-20;70195;102711;32055997;16334463
