fra;vaccin;jour;n_dose1;n_dose2;n_cum_dose1;n_cum_dose2
FR;1;2020-12-27;20;0;20;0
FR;1;2020-12-28;70;0;90;0
FR;1;2020-12-29;108;0;198;0
FR;1;2020-12-30;122;0;320;0
FR;1;2020-12-31;85;0;405;0
FR;1;2021-01-01;73;0;478;0
FR;1;2021-01-02;88;0;566;0
FR;1;2021-01-03;92;0;658;0
FR;1;2021-01-04;1479;0;2137;0
FR;1;2021-01-05;5400;0;7537;0
FR;1;2021-01-06;11316;0;18853;0
FR;1;2021-01-07;28572;0;47425;0
FR;1;2021-01-08;36276;0;83701;0
FR;1;2021-01-09;10928;0;94629;0
FR;1;2021-01-10;5625;0;100254;0
FR;1;2021-01-11;39075;0;139329;0
FR;1;2021-01-12;60951;0;200280;0
FR;1;2021-01-13;63885;0;264165;0
FR;1;2021-01-14;79788;0;343953;0
FR;1;2021-01-15;67338;0;411291;0
FR;1;2021-01-16;19556;78;430847;78
FR;1;2021-01-17;10469;42;441316;120
FR;1;2021-01-18;81522;163;522838;283
FR;1;2021-01-19;124015;127;646853;410
FR;1;2021-01-20;130395;159;777248;569
FR;1;2021-01-21;150388;135;927636;704
FR;1;2021-01-22;113837;162;1041473;866
FR;1;2021-01-23;36111;50;1077584;916
FR;1;2021-01-24;9268;27;1086852;943
FR;1;2021-01-25;73247;1218;1160099;2161
FR;1;2021-01-26;95142;3110;1255241;5271
FR;1;2021-01-27;102253;5597;1357494;10868
FR;1;2021-01-28;118896;14360;1476390;25228
FR;1;2021-01-29;87841;17292;1564231;42520
FR;1;2021-01-30;27589;4225;1591820;46745
FR;1;2021-01-31;4871;1679;1596691;48424
FR;1;2021-02-01;48353;21128;1645044;69552
FR;1;2021-02-02;66427;34568;1711471;104120
FR;1;2021-02-03;65983;36960;1777454;141080
FR;1;2021-02-04;75928;50057;1853382;191137
FR;1;2021-02-05;62551;45335;1915933;236472
FR;1;2021-02-06;19090;10396;1935023;246868
FR;1;2021-02-07;3436;5041;1938459;251909
FR;1;2021-02-08;35844;45985;1974303;297894
FR;1;2021-02-09;49977;72392;2024280;370286
FR;1;2021-02-10;50937;76645;2075217;446931
FR;1;2021-02-11;62279;99075;2137496;546006
FR;1;2021-02-12;54945;74038;2192441;620044
FR;1;2021-02-13;15178;19270;2207619;639314
FR;1;2021-02-14;3430;7190;2211049;646504
FR;1;2021-02-15;23591;73440;2234640;719944
FR;1;2021-02-16;32140;96865;2266780;816809
FR;1;2021-02-17;34384;98568;2301164;915377
FR;1;2021-02-18;48227;113473;2349391;1028850
FR;1;2021-02-19;44517;86413;2393908;1115263
FR;1;2021-02-20;13064;26920;2406972;1142183
FR;1;2021-02-21;2118;6287;2409090;1148470
FR;1;2021-02-22;24112;69414;2433202;1217884
FR;1;2021-02-23;36734;80364;2469936;1298248
FR;1;2021-02-24;39479;77662;2509415;1375910
FR;1;2021-02-25;49059;87992;2558474;1463902
FR;1;2021-02-26;46170;67887;2604644;1531789
FR;1;2021-02-27;15246;20931;2619890;1552720
FR;1;2021-02-28;3234;4386;2623124;1557106
FR;1;2021-03-01;38776;49029;2661900;1606135
FR;1;2021-03-02;54759;61505;2716659;1667640
FR;1;2021-03-03;59637;60651;2776296;1728291
FR;1;2021-03-04;71335;64892;2847631;1793183
FR;1;2021-03-05;73284;59272;2920915;1852455
FR;1;2021-03-06;81439;16093;3002354;1868548
FR;1;2021-03-07;62995;5424;3065349;1873972
FR;1;2021-03-08;58866;42477;3124215;1916449
FR;1;2021-03-09;84502;48317;3208717;1964766
FR;1;2021-03-10;89119;48067;3297836;2012833
FR;1;2021-03-11;103374;53861;3401210;2066694
FR;1;2021-03-12;102193;45268;3503403;2111962
FR;1;2021-03-13;87679;12720;3591082;2124682
FR;1;2021-03-14;43740;3031;3634822;2127713
FR;1;2021-03-15;93833;29151;3728655;2156864
FR;1;2021-03-16;121917;34906;3850572;2191770
FR;1;2021-03-17;127527;34868;3978099;2226638
FR;1;2021-03-18;140990;39750;4119089;2266388
FR;1;2021-03-19;134311;32912;4253400;2299300
FR;1;2021-03-20;74976;10212;4328376;2309512
FR;1;2021-03-21;25774;2477;4354150;2311989
FR;1;2021-03-22;113058;31189;4467208;2343178
FR;1;2021-03-23;141037;38171;4608245;2381349
FR;1;2021-03-24;139996;38790;4748241;2420139
FR;1;2021-03-25;162863;39619;4911104;2459758
FR;1;2021-03-26;164382;37494;5075486;2497252
FR;1;2021-03-27;109939;15256;5185425;2512508
FR;1;2021-03-28;41733;3624;5227158;2516132
FR;1;2021-03-29;128420;49969;5355578;2566101
FR;1;2021-03-30;165705;63596;5521283;2629697
FR;1;2021-03-31;168938;66912;5690221;2696609
FR;1;2021-04-01;191269;79248;5881490;2775857
FR;1;2021-04-02;162355;84316;6043845;2860173
FR;1;2021-04-03;87154;58185;6130999;2918358
FR;1;2021-04-04;32330;17732;6163329;2936090
FR;1;2021-04-05;42426;10177;6205755;2946267
FR;1;2021-04-06;157755;100886;6363510;3047153
FR;1;2021-04-07;194204;108269;6557714;3155422
FR;1;2021-04-08;218776;112404;6776490;3267826
FR;1;2021-04-09;211539;107516;6988029;3375342
FR;1;2021-04-10;116073;73462;7104102;3448804
FR;1;2021-04-11;40037;30288;7144139;3479092
FR;1;2021-04-12;166486;103795;7310625;3582887
FR;1;2021-04-13;201003;128257;7511628;3711144
FR;1;2021-04-14;205354;122819;7716982;3833963
FR;1;2021-04-15;218204;126759;7935186;3960722
FR;1;2021-04-16;203627;125149;8138813;4085871
FR;1;2021-04-17;120930;67489;8259743;4153360
FR;1;2021-04-18;35215;20993;8294958;4174353
FR;1;2021-04-19;161852;121931;8456810;4296284
FR;1;2021-04-20;187048;148799;8643858;4445083
FR;1;2021-04-21;191543;146755;8835401;4591838
FR;1;2021-04-22;206235;162648;9041636;4754486
FR;1;2021-04-23;196231;156934;9237867;4911420
FR;1;2021-04-24;124958;95514;9362825;5006934
FR;1;2021-04-25;52865;30140;9415690;5037074
FR;1;2021-04-26;179120;138279;9594810;5175353
FR;1;2021-04-27;218896;162001;9813706;5337354
FR;1;2021-04-28;235986;155131;10049692;5492485
FR;1;2021-04-29;267361;160089;10317053;5652574
FR;1;2021-04-30;269077;148176;10586130;5800750
FR;1;2021-05-01;138117;40718;10724247;5841468
FR;1;2021-05-02;80278;28163;10804525;5869631
FR;1;2021-05-03;246347;146542;11050872;6016173
FR;1;2021-05-04;261114;186869;11311986;6203042
FR;1;2021-05-05;277168;184599;11589154;6387641
FR;1;2021-05-06;304156;183069;11893310;6570710
FR;1;2021-05-07;279548;195759;12172858;6766469
FR;1;2021-05-08;181495;48336;12354353;6814805
FR;1;2021-05-09;112424;36234;12466777;6851039
FR;1;2021-05-10;250458;194288;12717235;7045327
FR;1;2021-05-11;313161;211449;13030396;7256776
FR;1;2021-05-12;347159;185956;13377555;7442732
FR;1;2021-05-13;277544;47683;13655099;7490415
FR;1;2021-05-14;363770;128938;14018869;7619353
FR;1;2021-05-15;291707;66173;14310576;7685526
FR;1;2021-05-16;155259;15588;14465835;7701114
FR;1;2021-05-17;312890;116746;14778725;7817860
FR;1;2021-05-18;372447;111413;15151172;7929273
FR;1;2021-05-19;387470;103007;15538642;8032280
FR;1;2021-05-20;412512;96414;15951154;8128694
FR;1;2021-05-21;391930;97506;16343084;8226200
FR;1;2021-05-22;271458;42184;16614542;8268384
FR;1;2021-05-23;121029;11247;16735571;8279631
FR;1;2021-05-24;238905;26380;16974476;8306011
FR;1;2021-05-25;358482;132070;17332958;8438081
FR;1;2021-05-26;369631;125827;17702589;8563908
FR;1;2021-05-27;398326;128413;18100915;8692321
FR;1;2021-05-28;358947;145712;18459862;8838033
FR;1;2021-05-29;250340;81075;18710202;8919108
FR;1;2021-05-30;99049;22615;18809251;8941723
FR;1;2021-05-31;309064;148955;19118315;9090678
FR;1;2021-06-01;345597;166961;19463912;9257639
FR;1;2021-06-02;347207;153481;19811119;9411120
FR;1;2021-06-03;377636;147917;20188755;9559037
FR;1;2021-06-04;350534;175812;20539289;9734849
FR;1;2021-06-05;252427;112882;20791716;9847731
FR;1;2021-06-06;123016;37572;20914732;9885303
FR;1;2021-06-07;289314;208368;21204046;10093671
FR;1;2021-06-08;337638;210291;21541684;10303962
FR;1;2021-06-09;352861;185451;21894545;10489413
FR;1;2021-06-10;354464;173432;22249009;10662845
FR;1;2021-06-11;300083;235694;22549092;10898539
FR;1;2021-06-12;236724;150981;22785816;11049520
FR;2;2020-12-27;0;0;0;0
FR;2;2020-12-28;0;0;0;0
FR;2;2020-12-29;0;0;0;0
FR;2;2020-12-30;0;0;0;0
FR;2;2020-12-31;0;0;0;0
FR;2;2021-01-01;0;0;0;0
FR;2;2021-01-02;0;0;0;0
FR;2;2021-01-03;0;0;0;0
FR;2;2021-01-04;0;0;0;0
FR;2;2021-01-05;0;0;0;0
FR;2;2021-01-06;0;0;0;0
FR;2;2021-01-07;0;0;0;0
FR;2;2021-01-08;0;0;0;0
FR;2;2021-01-09;0;0;0;0
FR;2;2021-01-10;0;0;0;0
FR;2;2021-01-11;0;0;0;0
FR;2;2021-01-12;0;0;0;0
FR;2;2021-01-13;0;0;0;0
FR;2;2021-01-14;151;0;151;0
FR;2;2021-01-15;218;0;369;0
FR;2;2021-01-16;185;0;554;0
FR;2;2021-01-17;3;0;557;0
FR;2;2021-01-18;2913;0;3470;0
FR;2;2021-01-19;4513;0;7983;0
FR;2;2021-01-20;4921;0;12904;0
FR;2;2021-01-21;5126;0;18030;0
FR;2;2021-01-22;4881;0;22911;0
FR;2;2021-01-23;1735;0;24646;0
FR;2;2021-01-24;102;0;24748;0
FR;2;2021-01-25;3635;0;28383;0
FR;2;2021-01-26;3749;0;32132;0
FR;2;2021-01-27;3440;0;35572;0
FR;2;2021-01-28;3514;0;39086;0
FR;2;2021-01-29;3082;0;42168;0
FR;2;2021-01-30;1064;0;43232;0
FR;2;2021-01-31;0;0;43232;0
FR;2;2021-02-01;3259;0;46491;0
FR;2;2021-02-02;4308;0;50799;0
FR;2;2021-02-03;5031;0;55830;0
FR;2;2021-02-04;4735;3;60565;3
FR;2;2021-02-05;4620;6;65185;9
FR;2;2021-02-06;1930;3;67115;12
FR;2;2021-02-07;42;0;67157;12
FR;2;2021-02-08;7427;8;74584;20
FR;2;2021-02-09;8258;15;82842;35
FR;2;2021-02-10;9139;49;91981;84
FR;2;2021-02-11;10056;67;102037;151
FR;2;2021-02-12;9815;238;111852;389
FR;2;2021-02-13;3016;222;114868;611
FR;2;2021-02-14;296;0;115164;611
FR;2;2021-02-15;3358;3067;118522;3678
FR;2;2021-02-16;4909;3881;123431;7559
FR;2;2021-02-17;4104;4403;127535;11962
FR;2;2021-02-18;5233;5089;132768;17051
FR;2;2021-02-19;5213;4323;137981;21374
FR;2;2021-02-20;1764;1509;139745;22883
FR;2;2021-02-21;197;86;139942;22969
FR;2;2021-02-22;3515;3723;143457;26692
FR;2;2021-02-23;4836;3693;148293;30385
FR;2;2021-02-24;4757;3468;153050;33853
FR;2;2021-02-25;5293;3426;158343;37279
FR;2;2021-02-26;4197;3125;162540;40404
FR;2;2021-02-27;1502;1042;164042;41446
FR;2;2021-02-28;99;28;164141;41474
FR;2;2021-03-01;4960;3764;169101;45238
FR;2;2021-03-02;6308;4728;175409;49966
FR;2;2021-03-03;6244;4883;181653;54849
FR;2;2021-03-04;8072;3967;189725;58816
FR;2;2021-03-05;7769;4060;197494;62876
FR;2;2021-03-06;4621;1682;202115;64558
FR;2;2021-03-07;2284;29;204399;64587
FR;2;2021-03-08;3973;8310;208372;72897
FR;2;2021-03-09;7265;8429;215637;81326
FR;2;2021-03-10;6862;9109;222499;90435
FR;2;2021-03-11;9084;9208;231583;99643
FR;2;2021-03-12;7716;8170;239299;107813
FR;2;2021-03-13;9870;2511;249169;110324
FR;2;2021-03-14;4753;402;253922;110726
FR;2;2021-03-15;10649;3484;264571;114210
FR;2;2021-03-16;16454;4621;281025;118831
FR;2;2021-03-17;19896;3952;300921;122783
FR;2;2021-03-18;22957;4909;323878;127692
FR;2;2021-03-19;22886;4536;346764;132228
FR;2;2021-03-20;25144;1540;371908;133768
FR;2;2021-03-21;17472;147;389380;133915
FR;2;2021-03-22;17394;3078;406774;136993
FR;2;2021-03-23;22267;4183;429041;141176
FR;2;2021-03-24;23547;4988;452588;146164
FR;2;2021-03-25;26280;5020;478868;151184
FR;2;2021-03-26;26585;4261;505453;155445
FR;2;2021-03-27;15639;1309;521092;156754
FR;2;2021-03-28;10394;94;531486;156848
FR;2;2021-03-29;18649;4281;550135;161129
FR;2;2021-03-30;24171;6002;574306;167131
FR;2;2021-03-31;28122;5956;602428;173087
FR;2;2021-04-01;33974;8495;636402;181582
FR;2;2021-04-02;29554;7661;665956;189243
FR;2;2021-04-03;16730;3582;682686;192825
FR;2;2021-04-04;9161;918;691847;193743
FR;2;2021-04-05;12120;811;703967;194554
FR;2;2021-04-06;26764;6933;730731;201487
FR;2;2021-04-07;30584;7173;761315;208660
FR;2;2021-04-08;36495;8817;797810;217477
FR;2;2021-04-09;33392;8602;831202;226079
FR;2;2021-04-10;19447;8969;850649;235048
FR;2;2021-04-11;7815;4271;858464;239319
FR;2;2021-04-12;16803;11254;875267;250573
FR;2;2021-04-13;19096;16426;894363;266999
FR;2;2021-04-14;17657;16284;912020;283283
FR;2;2021-04-15;21830;20757;933850;304040
FR;2;2021-04-16;20379;20073;954229;324113
FR;2;2021-04-17;13052;22462;967281;346575
FR;2;2021-04-18;5785;14404;973066;360979
FR;2;2021-04-19;16483;16262;989549;377241
FR;2;2021-04-20;18991;21595;1008540;398836
FR;2;2021-04-21;19699;21665;1028239;420501
FR;2;2021-04-22;23412;24862;1051651;445363
FR;2;2021-04-23;24216;25350;1075867;470713
FR;2;2021-04-24;25104;15111;1100971;485824
FR;2;2021-04-25;9495;8589;1110466;494413
FR;2;2021-04-26;16900;17196;1127366;511609
FR;2;2021-04-27;19020;24307;1146386;535916
FR;2;2021-04-28;21845;26188;1168231;562104
FR;2;2021-04-29;25169;30136;1193400;592240
FR;2;2021-04-30;25260;27781;1218660;620021
FR;2;2021-05-01;14789;9863;1233449;629884
FR;2;2021-05-02;6499;9184;1239948;639068
FR;2;2021-05-03;19509;19327;1259457;658395
FR;2;2021-05-04;17972;29055;1277429;687450
FR;2;2021-05-05;17928;29416;1295357;716866
FR;2;2021-05-06;23166;35293;1318523;752159
FR;2;2021-05-07;24774;33241;1343297;785400
FR;2;2021-05-08;20197;9704;1363494;795104
FR;2;2021-05-09;12963;7894;1376457;802998
FR;2;2021-05-10;32239;22223;1408696;825221
FR;2;2021-05-11;42889;21077;1451585;846298
FR;2;2021-05-12;48910;19907;1500495;866205
FR;2;2021-05-13;50480;5769;1550975;871974
FR;2;2021-05-14;60458;12955;1611433;884929
FR;2;2021-05-15;65202;7154;1676635;892083
FR;2;2021-05-16;42942;2575;1719577;894658
FR;2;2021-05-17;44066;12592;1763643;907250
FR;2;2021-05-18;53406;12256;1817049;919506
FR;2;2021-05-19;56164;10635;1873213;930141
FR;2;2021-05-20;62443;10899;1935656;941040
FR;2;2021-05-21;63170;11686;1998826;952726
FR;2;2021-05-22;60737;4528;2059563;957254
FR;2;2021-05-23;36914;577;2096477;957831
FR;2;2021-05-24;16819;2033;2113296;959864
FR;2;2021-05-25;20513;12242;2133809;972106
FR;2;2021-05-26;19046;11468;2152855;983574
FR;2;2021-05-27;22380;12669;2175235;996243
FR;2;2021-05-28;28721;14990;2203956;1011233
FR;2;2021-05-29;29944;8190;2233900;1019423
FR;2;2021-05-30;4458;1811;2238358;1021234
FR;2;2021-05-31;27974;18759;2266332;1039993
FR;2;2021-06-01;44154;20078;2310486;1060071
FR;2;2021-06-02;36332;19317;2346818;1079388
FR;2;2021-06-03;50161;23405;2396979;1102793
FR;2;2021-06-04;64285;24106;2461264;1126899
FR;2;2021-06-05;33739;24052;2495003;1150951
FR;2;2021-06-06;4715;6206;2499718;1157157
FR;2;2021-06-07;27432;23112;2527150;1180269
FR;2;2021-06-08;46512;21988;2573662;1202257
FR;2;2021-06-09;35871;18201;2609533;1220458
FR;2;2021-06-10;43322;16476;2652855;1236934
FR;2;2021-06-11;53354;25251;2706209;1262185
FR;2;2021-06-12;28965;19821;2735174;1282006
FR;3;2020-12-27;0;0;0;0
FR;3;2020-12-28;0;0;0;0
FR;3;2020-12-29;0;0;0;0
FR;3;2020-12-30;0;0;0;0
FR;3;2020-12-31;0;0;0;0
FR;3;2021-01-01;0;0;0;0
FR;3;2021-01-02;0;0;0;0
FR;3;2021-01-03;0;0;0;0
FR;3;2021-01-04;0;0;0;0
FR;3;2021-01-05;0;0;0;0
FR;3;2021-01-06;0;0;0;0
FR;3;2021-01-07;0;0;0;0
FR;3;2021-01-08;0;0;0;0
FR;3;2021-01-09;0;0;0;0
FR;3;2021-01-10;0;0;0;0
FR;3;2021-01-11;0;0;0;0
FR;3;2021-01-12;0;0;0;0
FR;3;2021-01-13;0;0;0;0
FR;3;2021-01-14;0;0;0;0
FR;3;2021-01-15;0;0;0;0
FR;3;2021-01-16;0;0;0;0
FR;3;2021-01-17;0;0;0;0
FR;3;2021-01-18;0;0;0;0
FR;3;2021-01-19;0;0;0;0
FR;3;2021-01-20;0;0;0;0
FR;3;2021-01-21;0;0;0;0
FR;3;2021-01-22;0;0;0;0
FR;3;2021-01-23;0;0;0;0
FR;3;2021-01-24;0;0;0;0
FR;3;2021-01-25;0;0;0;0
FR;3;2021-01-26;0;0;0;0
FR;3;2021-01-27;0;0;0;0
FR;3;2021-01-28;0;0;0;0
FR;3;2021-01-29;0;0;0;0
FR;3;2021-01-30;0;0;0;0
FR;3;2021-01-31;0;0;0;0
FR;3;2021-02-01;0;0;0;0
FR;3;2021-02-02;0;0;0;0
FR;3;2021-02-03;0;0;0;0
FR;3;2021-02-04;0;0;0;0
FR;3;2021-02-05;0;0;0;0
FR;3;2021-02-06;325;0;325;0
FR;3;2021-02-07;1348;0;1673;0
FR;3;2021-02-08;2634;0;4307;0
FR;3;2021-02-09;6641;0;10948;0
FR;3;2021-02-10;9237;0;20185;0
FR;3;2021-02-11;13354;0;33539;0
FR;3;2021-02-12;13044;0;46583;0
FR;3;2021-02-13;3517;0;50100;0
FR;3;2021-02-14;867;0;50967;0
FR;3;2021-02-15;10121;0;61088;0
FR;3;2021-02-16;12178;0;73266;0
FR;3;2021-02-17;10815;0;84081;0
FR;3;2021-02-18;14567;0;98648;0
FR;3;2021-02-19;14120;0;112768;0
FR;3;2021-02-20;3178;0;115946;0
FR;3;2021-02-21;544;0;116490;0
FR;3;2021-02-22;8914;0;125404;0
FR;3;2021-02-23;11113;0;136517;0
FR;3;2021-02-24;13897;0;150414;0
FR;3;2021-02-25;44377;0;194791;0
FR;3;2021-02-26;61409;0;256200;0
FR;3;2021-02-27;34474;7;290674;7
FR;3;2021-02-28;2346;0;293020;7
FR;3;2021-03-01;19929;10;312949;17
FR;3;2021-03-02;38349;13;351298;30
FR;3;2021-03-03;47897;17;399195;47
FR;3;2021-03-04;81203;20;480398;67
FR;3;2021-03-05;117058;59;597456;126
FR;3;2021-03-06;119015;49;716471;175
FR;3;2021-03-07;54537;28;771008;203
FR;3;2021-03-08;42120;21;813128;224
FR;3;2021-03-09;78071;31;891199;255
FR;3;2021-03-10;79869;39;971068;294
FR;3;2021-03-11;127245;47;1098313;341
FR;3;2021-03-12;181299;68;1279612;409
FR;3;2021-03-13;131013;53;1410625;462
FR;3;2021-03-14;13772;4;1424397;466
FR;3;2021-03-15;51434;38;1475831;504
FR;3;2021-03-16;917;13;1476748;517
FR;3;2021-03-17;639;6;1477387;523
FR;3;2021-03-18;1203;4;1478590;527
FR;3;2021-03-19;69681;36;1548271;563
FR;3;2021-03-20;64592;35;1612863;598
FR;3;2021-03-21;5505;4;1618368;602
FR;3;2021-03-22;36812;32;1655180;634
FR;3;2021-03-23;83588;49;1738768;683
FR;3;2021-03-24;89952;89;1828720;772
FR;3;2021-03-25;148679;115;1977399;887
FR;3;2021-03-26;164059;154;2141458;1041
FR;3;2021-03-27;67542;87;2209000;1128
FR;3;2021-03-28;6210;19;2215210;1147
FR;3;2021-03-29;53474;60;2268684;1207
FR;3;2021-03-30;92214;86;2360898;1293
FR;3;2021-03-31;62615;82;2423513;1375
FR;3;2021-04-01;84984;102;2508497;1477
FR;3;2021-04-02;85960;147;2594457;1624
FR;3;2021-04-03;35295;109;2629752;1733
FR;3;2021-04-04;3387;15;2633139;1748
FR;3;2021-04-05;4230;21;2637369;1769
FR;3;2021-04-06;28999;76;2666368;1845
FR;3;2021-04-07;31588;60;2697956;1905
FR;3;2021-04-08;77614;233;2775570;2138
FR;3;2021-04-09;160106;410;2935676;2548
FR;3;2021-04-10;74628;330;3010304;2878
FR;3;2021-04-11;7035;44;3017339;2922
FR;3;2021-04-12;50584;197;3067923;3119
FR;3;2021-04-13;85112;314;3153035;3433
FR;3;2021-04-14;66580;341;3219615;3774
FR;3;2021-04-15;91705;369;3311320;4143
FR;3;2021-04-16;111093;571;3422413;4714
FR;3;2021-04-17;52291;327;3474704;5041
FR;3;2021-04-18;9434;34;3484138;5075
FR;3;2021-04-19;24461;234;3508599;5309
FR;3;2021-04-20;44838;395;3553437;5704
FR;3;2021-04-21;38045;450;3591482;6154
FR;3;2021-04-22;53691;791;3645173;6945
FR;3;2021-04-23;69468;1019;3714641;7964
FR;3;2021-04-24;36514;976;3751155;8940
FR;3;2021-04-25;5916;158;3757071;9098
FR;3;2021-04-26;19088;663;3776159;9761
FR;3;2021-04-27;33710;1246;3809869;11007
FR;3;2021-04-28;28275;1926;3838144;12933
FR;3;2021-04-29;44559;5956;3882703;18889
FR;3;2021-04-30;54575;8932;3937278;27821
FR;3;2021-05-01;9175;1967;3946453;29788
FR;3;2021-05-02;2797;500;3949250;30288
FR;3;2021-05-03;12512;3880;3961762;34168
FR;3;2021-05-04;22426;8456;3984188;42624
FR;3;2021-05-05;18041;10572;4002229;53196
FR;3;2021-05-06;33869;20906;4036098;74102
FR;3;2021-05-07;43364;28411;4079462;102513
FR;3;2021-05-08;6349;8901;4085811;111414
FR;3;2021-05-09;1562;2655;4087373;114069
FR;3;2021-05-10;14412;12561;4101785;126630
FR;3;2021-05-11;26385;25737;4128170;152367
FR;3;2021-05-12;16704;27452;4144874;179819
FR;3;2021-05-13;2001;3480;4146875;183299
FR;3;2021-05-14;14049;25742;4160924;209041
FR;3;2021-05-15;6909;20733;4167833;229774
FR;3;2021-05-16;811;2680;4168644;232454
FR;3;2021-05-17;7501;19913;4176145;252367
FR;3;2021-05-18;12893;29634;4189038;282001
FR;3;2021-05-19;8797;31864;4197835;313865
FR;3;2021-05-20;12258;53215;4210093;367080
FR;3;2021-05-21;12234;65540;4222327;432620
FR;3;2021-05-22;4645;33300;4226972;465920
FR;3;2021-05-23;535;2665;4227507;468585
FR;3;2021-05-24;580;4920;4228087;473505
FR;3;2021-05-25;4817;45189;4232904;518694
FR;3;2021-05-26;4548;51053;4237452;569747
FR;3;2021-05-27;5927;77847;4243379;647594
FR;3;2021-05-28;7100;99104;4250479;746698
FR;3;2021-05-29;3070;60283;4253549;806981
FR;3;2021-05-30;379;8243;4253928;815224
FR;3;2021-05-31;2062;35995;4255990;851219
FR;3;2021-06-01;2967;64819;4258957;916038
FR;3;2021-06-02;2346;58359;4261303;974397
FR;3;2021-06-03;3166;87587;4264469;1061984
FR;3;2021-06-04;3831;105126;4268300;1167110
FR;3;2021-06-05;1749;52244;4270049;1219354
FR;3;2021-06-06;263;5400;4270312;1224754
FR;3;2021-06-07;1090;31178;4271402;1255932
FR;3;2021-06-08;6969;43217;4278371;1299149
FR;3;2021-06-09;10596;33242;4288967;1332391
FR;3;2021-06-10;16476;53370;4305443;1385761
FR;3;2021-06-11;2164;96813;4307607;1482574
FR;3;2021-06-12;942;40841;4308549;1523415
FR;4;2020-12-27;0;0;0;0
FR;4;2020-12-28;0;0;0;0
FR;4;2020-12-29;0;0;0;0
FR;4;2020-12-30;0;0;0;0
FR;4;2020-12-31;0;0;0;0
FR;4;2021-01-01;0;0;0;0
FR;4;2021-01-02;0;0;0;0
FR;4;2021-01-03;0;0;0;0
FR;4;2021-01-04;0;0;0;0
FR;4;2021-01-05;0;0;0;0
FR;4;2021-01-06;0;0;0;0
FR;4;2021-01-07;0;0;0;0
FR;4;2021-01-08;0;0;0;0
FR;4;2021-01-09;0;0;0;0
FR;4;2021-01-10;0;0;0;0
FR;4;2021-01-11;0;0;0;0
FR;4;2021-01-12;0;0;0;0
FR;4;2021-01-13;0;0;0;0
FR;4;2021-01-14;0;0;0;0
FR;4;2021-01-15;0;0;0;0
FR;4;2021-01-16;0;0;0;0
FR;4;2021-01-17;0;0;0;0
FR;4;2021-01-18;0;0;0;0
FR;4;2021-01-19;0;0;0;0
FR;4;2021-01-20;0;0;0;0
FR;4;2021-01-21;0;0;0;0
FR;4;2021-01-22;0;0;0;0
FR;4;2021-01-23;0;0;0;0
FR;4;2021-01-24;0;0;0;0
FR;4;2021-01-25;0;0;0;0
FR;4;2021-01-26;0;0;0;0
FR;4;2021-01-27;0;0;0;0
FR;4;2021-01-28;0;0;0;0
FR;4;2021-01-29;0;0;0;0
FR;4;2021-01-30;0;0;0;0
FR;4;2021-01-31;0;0;0;0
FR;4;2021-02-01;0;0;0;0
FR;4;2021-02-02;0;0;0;0
FR;4;2021-02-03;0;0;0;0
FR;4;2021-02-04;0;0;0;0
FR;4;2021-02-05;0;0;0;0
FR;4;2021-02-06;0;0;0;0
FR;4;2021-02-07;0;0;0;0
FR;4;2021-02-08;0;0;0;0
FR;4;2021-02-09;0;0;0;0
FR;4;2021-02-10;0;0;0;0
FR;4;2021-02-11;0;0;0;0
FR;4;2021-02-12;0;0;0;0
FR;4;2021-02-13;0;0;0;0
FR;4;2021-02-14;0;0;0;0
FR;4;2021-02-15;0;0;0;0
FR;4;2021-02-16;0;0;0;0
FR;4;2021-02-17;0;0;0;0
FR;4;2021-02-18;0;0;0;0
FR;4;2021-02-19;0;0;0;0
FR;4;2021-02-20;0;0;0;0
FR;4;2021-02-21;0;0;0;0
FR;4;2021-02-22;0;0;0;0
FR;4;2021-02-23;0;0;0;0
FR;4;2021-02-24;0;0;0;0
FR;4;2021-02-25;0;0;0;0
FR;4;2021-02-26;0;0;0;0
FR;4;2021-02-27;0;0;0;0
FR;4;2021-02-28;0;0;0;0
FR;4;2021-03-01;0;0;0;0
FR;4;2021-03-02;0;0;0;0
FR;4;2021-03-03;0;0;0;0
FR;4;2021-03-04;0;0;0;0
FR;4;2021-03-05;0;0;0;0
FR;4;2021-03-06;0;0;0;0
FR;4;2021-03-07;0;0;0;0
FR;4;2021-03-08;0;0;0;0
FR;4;2021-03-09;0;0;0;0
FR;4;2021-03-10;0;0;0;0
FR;4;2021-03-11;0;0;0;0
FR;4;2021-03-12;0;0;0;0
FR;4;2021-03-13;0;0;0;0
FR;4;2021-03-14;0;0;0;0
FR;4;2021-03-15;0;0;0;0
FR;4;2021-03-16;0;0;0;0
FR;4;2021-03-17;0;0;0;0
FR;4;2021-03-18;0;0;0;0
FR;4;2021-03-19;0;0;0;0
FR;4;2021-03-20;0;0;0;0
FR;4;2021-03-21;0;0;0;0
FR;4;2021-03-22;0;0;0;0
FR;4;2021-03-23;0;0;0;0
FR;4;2021-03-24;0;0;0;0
FR;4;2021-03-25;0;0;0;0
FR;4;2021-03-26;0;0;0;0
FR;4;2021-03-27;0;0;0;0
FR;4;2021-03-28;0;0;0;0
FR;4;2021-03-29;0;0;0;0
FR;4;2021-03-30;0;0;0;0
FR;4;2021-03-31;0;0;0;0
FR;4;2021-04-01;0;0;0;0
FR;4;2021-04-02;0;0;0;0
FR;4;2021-04-03;0;0;0;0
FR;4;2021-04-04;0;0;0;0
FR;4;2021-04-05;0;0;0;0
FR;4;2021-04-06;0;0;0;0
FR;4;2021-04-07;0;0;0;0
FR;4;2021-04-08;0;0;0;0
FR;4;2021-04-09;0;0;0;0
FR;4;2021-04-10;0;0;0;0
FR;4;2021-04-11;0;0;0;0
FR;4;2021-04-12;0;0;0;0
FR;4;2021-04-13;0;0;0;0
FR;4;2021-04-14;0;0;0;0
FR;4;2021-04-15;0;0;0;0
FR;4;2021-04-16;0;0;0;0
FR;4;2021-04-17;0;0;0;0
FR;4;2021-04-18;0;0;0;0
FR;4;2021-04-19;0;0;0;0
FR;4;2021-04-20;0;0;0;0
FR;4;2021-04-21;0;0;0;0
FR;4;2021-04-22;0;0;0;0
FR;4;2021-04-23;773;0;773;0
FR;4;2021-04-24;1552;0;2325;0
FR;4;2021-04-25;117;0;2442;0
FR;4;2021-04-26;2829;0;5271;0
FR;4;2021-04-27;9379;3;14650;3
FR;4;2021-04-28;9764;3;24414;6
FR;4;2021-04-29;15874;7;40288;13
FR;4;2021-04-30;19079;7;59367;20
FR;4;2021-05-01;1896;5;61263;25
FR;4;2021-05-02;440;0;61703;25
FR;4;2021-05-03;4927;1;66630;26
FR;4;2021-05-04;8247;8;74877;34
FR;4;2021-05-05;6001;7;80878;41
FR;4;2021-05-06;11256;11;92134;52
FR;4;2021-05-07;18901;8;111035;60
FR;4;2021-05-08;2255;5;113290;65
FR;4;2021-05-09;629;2;113919;67
FR;4;2021-05-10;7089;13;121008;80
FR;4;2021-05-11;14108;12;135116;92
FR;4;2021-05-12;9950;14;145066;106
FR;4;2021-05-13;1440;2;146506;108
FR;4;2021-05-14;7595;8;154101;116
FR;4;2021-05-15;3581;9;157682;125
FR;4;2021-05-16;356;1;158038;126
FR;4;2021-05-17;4258;2;162296;128
FR;4;2021-05-18;8578;10;170874;138
FR;4;2021-05-19;5515;5;176389;143
FR;4;2021-05-20;9179;6;185568;149
FR;4;2021-05-21;12512;25;198080;174
FR;4;2021-05-22;4922;13;203002;187
FR;4;2021-05-23;421;2;203423;189
FR;4;2021-05-24;937;3;204360;192
FR;4;2021-05-25;7389;16;211749;208
FR;4;2021-05-26;7545;12;219294;220
FR;4;2021-05-27;14072;34;233366;254
FR;4;2021-05-28;26220;74;259586;328
FR;4;2021-05-29;11115;18;270701;346
FR;4;2021-05-30;859;2;271560;348
FR;4;2021-05-31;12415;19;283975;367
FR;4;2021-06-01;19772;40;303747;407
FR;4;2021-06-02;14159;33;317906;440
FR;4;2021-06-03;19083;23;336989;463
FR;4;2021-06-04;21998;45;358987;508
FR;4;2021-06-05;9358;27;368345;535
FR;4;2021-06-06;902;0;369247;535
FR;4;2021-06-07;8853;17;378100;552
FR;4;2021-06-08;14159;23;392259;575
FR;4;2021-06-09;11750;19;404009;594
FR;4;2021-06-10;14786;19;418795;613
FR;4;2021-06-11;16227;50;435022;663
FR;4;2021-06-12;6870;23;441892;686
FR;0;2020-12-27;20;0;20;0
FR;0;2020-12-28;70;0;90;0
FR;0;2020-12-29;108;0;198;0
FR;0;2020-12-30;122;0;320;0
FR;0;2020-12-31;85;0;405;0
FR;0;2021-01-01;73;0;478;0
FR;0;2021-01-02;88;0;566;0
FR;0;2021-01-03;92;0;658;0
FR;0;2021-01-04;1479;0;2137;0
FR;0;2021-01-05;5400;0;7537;0
FR;0;2021-01-06;11316;0;18853;0
FR;0;2021-01-07;28572;0;47425;0
FR;0;2021-01-08;36276;0;83701;0
FR;0;2021-01-09;10928;0;94629;0
FR;0;2021-01-10;5625;0;100254;0
FR;0;2021-01-11;39075;0;139329;0
FR;0;2021-01-12;60951;0;200280;0
FR;0;2021-01-13;63885;0;264165;0
FR;0;2021-01-14;79939;0;344104;0
FR;0;2021-01-15;67556;0;411660;0
FR;0;2021-01-16;19741;78;431401;78
FR;0;2021-01-17;10472;42;441873;120
FR;0;2021-01-18;84435;163;526308;283
FR;0;2021-01-19;128528;127;654836;410
FR;0;2021-01-20;135316;159;790152;569
FR;0;2021-01-21;155514;135;945666;704
FR;0;2021-01-22;118718;162;1064384;866
FR;0;2021-01-23;37846;50;1102230;916
FR;0;2021-01-24;9370;27;1111600;943
FR;0;2021-01-25;76882;1218;1188482;2161
FR;0;2021-01-26;98891;3110;1287373;5271
FR;0;2021-01-27;105693;5597;1393066;10868
FR;0;2021-01-28;122410;14360;1515476;25228
FR;0;2021-01-29;90923;17292;1606399;42520
FR;0;2021-01-30;28653;4225;1635052;46745
FR;0;2021-01-31;4871;1679;1639923;48424
FR;0;2021-02-01;51612;21128;1691535;69552
FR;0;2021-02-02;70735;34568;1762270;104120
FR;0;2021-02-03;71014;36960;1833284;141080
FR;0;2021-02-04;80663;50060;1913947;191140
FR;0;2021-02-05;67171;45341;1981118;236481
FR;0;2021-02-06;21345;10399;2002463;246880
FR;0;2021-02-07;4826;5041;2007289;251921
FR;0;2021-02-08;45905;45993;2053194;297914
FR;0;2021-02-09;64876;72407;2118070;370321
FR;0;2021-02-10;69313;76694;2187383;447015
FR;0;2021-02-11;85689;99142;2273072;546157
FR;0;2021-02-12;77804;74276;2350876;620433
FR;0;2021-02-13;21711;19492;2372587;639925
FR;0;2021-02-14;4593;7190;2377180;647115
FR;0;2021-02-15;37070;76507;2414250;723622
FR;0;2021-02-16;49227;100746;2463477;824368
FR;0;2021-02-17;49303;102971;2512780;927339
FR;0;2021-02-18;68027;118562;2580807;1045901
FR;0;2021-02-19;63850;90736;2644657;1136637
FR;0;2021-02-20;18006;28429;2662663;1165066
FR;0;2021-02-21;2859;6373;2665522;1171439
FR;0;2021-02-22;36541;73137;2702063;1244576
FR;0;2021-02-23;52683;84057;2754746;1328633
FR;0;2021-02-24;58133;81130;2812879;1409763
FR;0;2021-02-25;98729;91418;2911608;1501181
FR;0;2021-02-26;111776;71012;3023384;1572193
FR;0;2021-02-27;51222;21980;3074606;1594173
FR;0;2021-02-28;5679;4414;3080285;1598587
FR;0;2021-03-01;63665;52803;3143950;1651390
FR;0;2021-03-02;99416;66246;3243366;1717636
FR;0;2021-03-03;113778;65551;3357144;1783187
FR;0;2021-03-04;160610;68879;3517754;1852066
FR;0;2021-03-05;198111;63391;3715865;1915457
FR;0;2021-03-06;205075;17824;3920940;1933281
FR;0;2021-03-07;119816;5481;4040756;1938762
FR;0;2021-03-08;104959;50808;4145715;1989570
FR;0;2021-03-09;169838;56777;4315553;2046347
FR;0;2021-03-10;175850;57215;4491403;2103562
FR;0;2021-03-11;239703;63116;4731106;2166678
FR;0;2021-03-12;291208;53506;5022314;2220184
FR;0;2021-03-13;228562;15284;5250876;2235468
FR;0;2021-03-14;62265;3437;5313141;2238905
FR;0;2021-03-15;155916;32673;5469057;2271578
FR;0;2021-03-16;139288;39540;5608345;2311118
FR;0;2021-03-17;148062;38826;5756407;2349944
FR;0;2021-03-18;165150;44663;5921557;2394607
FR;0;2021-03-19;226878;37484;6148435;2432091
FR;0;2021-03-20;164712;11787;6313147;2443878
FR;0;2021-03-21;48751;2628;6361898;2446506
FR;0;2021-03-22;167264;34299;6529162;2480805
FR;0;2021-03-23;246892;42403;6776054;2523208
FR;0;2021-03-24;253495;43867;7029549;2567075
FR;0;2021-03-25;337822;44754;7367371;2611829
FR;0;2021-03-26;355026;41909;7722397;2653738
FR;0;2021-03-27;193120;16652;7915517;2670390
FR;0;2021-03-28;58337;3737;7973854;2674127
FR;0;2021-03-29;200543;54310;8174397;2728437
FR;0;2021-03-30;282090;69684;8456487;2798121
FR;0;2021-03-31;259675;72950;8716162;2871071
FR;0;2021-04-01;310227;87845;9026389;2958916
FR;0;2021-04-02;277869;92124;9304258;3051040
FR;0;2021-04-03;139179;61876;9443437;3112916
FR;0;2021-04-04;44878;18665;9488315;3131581
FR;0;2021-04-05;58776;11009;9547091;3142590
FR;0;2021-04-06;213518;107895;9760609;3250485
FR;0;2021-04-07;256376;115502;10016985;3365987
FR;0;2021-04-08;332885;121454;10349870;3487441
FR;0;2021-04-09;405037;116528;10754907;3603969
FR;0;2021-04-10;210148;82761;10965055;3686730
FR;0;2021-04-11;54887;34603;11019942;3721333
FR;0;2021-04-12;233873;115246;11253815;3836579
FR;0;2021-04-13;305211;144997;11559026;3981576
FR;0;2021-04-14;289591;139444;11848617;4121020
FR;0;2021-04-15;331739;147885;12180356;4268905
FR;0;2021-04-16;335099;145793;12515455;4414698
FR;0;2021-04-17;186273;90278;12701728;4504976
FR;0;2021-04-18;50434;35431;12752162;4540407
FR;0;2021-04-19;202796;138427;12954958;4678834
FR;0;2021-04-20;250877;170789;13205835;4849623
FR;0;2021-04-21;249287;168870;13455122;5018493
FR;0;2021-04-22;283338;188301;13738460;5206794
FR;0;2021-04-23;290688;183303;14029148;5390097
FR;0;2021-04-24;188128;111601;14217276;5501698
FR;0;2021-04-25;68393;38887;14285669;5540585
FR;0;2021-04-26;217937;156138;14503606;5696723
FR;0;2021-04-27;281005;187557;14784611;5884280
FR;0;2021-04-28;295870;183248;15080481;6067528
FR;0;2021-04-29;352963;196188;15433444;6263716
FR;0;2021-04-30;367991;184896;15801435;6448612
FR;0;2021-05-01;163977;52553;15965412;6501165
FR;0;2021-05-02;90014;37847;16055426;6539012
FR;0;2021-05-03;283295;169750;16338721;6708762
FR;0;2021-05-04;309759;224388;16648480;6933150
FR;0;2021-05-05;319138;224594;16967618;7157744
FR;0;2021-05-06;372447;239279;17340065;7397023
FR;0;2021-05-07;366587;257419;17706652;7654442
FR;0;2021-05-08;210296;66946;17916948;7721388
FR;0;2021-05-09;127578;46785;18044526;7768173
FR;0;2021-05-10;304198;229085;18348724;7997258
FR;0;2021-05-11;396543;258275;18745267;8255533
FR;0;2021-05-12;422723;233329;19167990;8488862
FR;0;2021-05-13;331465;56934;19499455;8545796
FR;0;2021-05-14;445872;167643;19945327;8713439
FR;0;2021-05-15;367399;94069;20312726;8807508
FR;0;2021-05-16;199368;20844;20512094;8828352
FR;0;2021-05-17;368715;149253;20880809;8977605
FR;0;2021-05-18;447324;153313;21328133;9130918
FR;0;2021-05-19;457946;145511;21786079;9276429
FR;0;2021-05-20;496392;160534;22282471;9436963
FR;0;2021-05-21;479846;174757;22762317;9611720
FR;0;2021-05-22;341762;80025;23104079;9691745
FR;0;2021-05-23;158899;14491;23262978;9706236
FR;0;2021-05-24;257241;33336;23520219;9739572
FR;0;2021-05-25;391201;189517;23911420;9929089
FR;0;2021-05-26;400770;188360;24312190;10117449
FR;0;2021-05-27;440705;218963;24752895;10336412
FR;0;2021-05-28;420988;259880;25173883;10596292
FR;0;2021-05-29;294469;149566;25468352;10745858
FR;0;2021-05-30;104745;32671;25573097;10778529
FR;0;2021-05-31;351515;203728;25924612;10982257
FR;0;2021-06-01;412490;251898;26337102;11234155
FR;0;2021-06-02;400044;231190;26737146;11465345
FR;0;2021-06-03;450046;258932;27187192;11724277
FR;0;2021-06-04;440648;305089;27627840;12029366
FR;0;2021-06-05;297273;189205;27925113;12218571
FR;0;2021-06-06;128896;49178;28054009;12267749
FR;0;2021-06-07;326689;262675;28380698;12530424
FR;0;2021-06-08;405278;275519;28785976;12805943
FR;0;2021-06-09;411078;236913;29197054;13042856
FR;0;2021-06-10;429048;243297;29626102;13286153
FR;0;2021-06-11;371828;357808;29997930;13643961
FR;0;2021-06-12;273501;211666;30271431;13855627
