fra;vaccin;jour;n_dose1;n_dose2;n_dose3;n_dose4;n_rappel;n_cum_dose1;n_cum_dose2;n_cum_dose3;n_cum_dose4;n_cum_rappel
FR;1;2020-12-27;602;0;0;0;0;602;0;0;0;0
FR;1;2020-12-28;668;1;0;0;0;1270;1;0;0;0
FR;1;2020-12-29;374;0;0;0;0;1644;1;0;0;0
FR;1;2020-12-30;440;0;0;0;0;2084;1;0;0;0
FR;1;2020-12-31;429;1;0;0;0;2513;2;0;0;0
FR;1;2021-01-01;1136;2;0;0;0;3649;4;0;0;0
FR;1;2021-01-02;356;3;0;0;0;4005;7;0;0;0
FR;1;2021-01-03;401;0;0;0;0;4406;7;0;0;0
FR;1;2021-01-04;2089;2;0;0;0;6495;9;0;0;0
FR;1;2021-01-05;7620;3;0;0;0;14115;12;0;0;0
FR;1;2021-01-06;12421;11;0;0;0;26536;23;0;0;0
FR;1;2021-01-07;29446;9;0;0;0;55982;32;0;0;0
FR;1;2021-01-08;37121;9;0;0;0;93103;41;0;0;0
FR;1;2021-01-09;11209;4;0;0;0;104312;45;0;0;0
FR;1;2021-01-10;5996;3;0;0;0;110308;48;0;0;0
FR;1;2021-01-11;39924;17;0;0;0;150232;65;0;0;0
FR;1;2021-01-12;62125;16;0;0;0;212357;81;0;0;0
FR;1;2021-01-13;65102;29;0;0;0;277459;110;0;0;0
FR;1;2021-01-14;81434;78;0;0;0;358893;188;0;0;0
FR;1;2021-01-15;68596;33;0;0;0;427489;221;0;0;0
FR;1;2021-01-16;19893;69;0;0;0;447382;290;0;0;0
FR;1;2021-01-17;10896;47;0;0;0;458278;337;0;0;0
FR;1;2021-01-18;82807;162;0;0;0;541085;499;0;0;0
FR;1;2021-01-19;125897;173;0;0;0;666982;672;0;0;0
FR;1;2021-01-20;132390;168;0;0;0;799372;840;0;0;0
FR;1;2021-01-21;153037;161;0;0;0;952409;1001;0;0;0
FR;1;2021-01-22;115926;200;0;0;0;1068335;1201;0;0;0
FR;1;2021-01-23;36601;64;0;0;0;1104936;1265;0;0;0
FR;1;2021-01-24;9580;70;0;0;0;1114516;1335;0;0;0
FR;1;2021-01-25;74410;1265;0;0;0;1188926;2600;0;0;0
FR;1;2021-01-26;96444;3287;1;0;0;1285370;5887;1;0;0
FR;1;2021-01-27;103624;5922;0;0;0;1388994;11809;1;0;0
FR;1;2021-01-28;120583;15010;0;0;0;1509577;26819;1;0;0
FR;1;2021-01-29;88879;17727;0;0;0;1598456;44546;1;0;0
FR;1;2021-01-30;27983;4310;0;0;0;1626439;48856;1;0;0
FR;1;2021-01-31;5180;1737;0;0;0;1631619;50593;1;0;0
FR;1;2021-02-01;49708;21534;0;0;0;1681327;72127;1;0;0
FR;1;2021-02-02;67791;35738;0;0;0;1749118;107865;1;0;0
FR;1;2021-02-03;67073;38035;0;0;0;1816191;145900;1;0;0
FR;1;2021-02-04;77118;51479;0;0;0;1893309;197379;1;0;0
FR;1;2021-02-05;63406;46151;0;0;0;1956715;243530;1;0;0
FR;1;2021-02-06;19407;10754;0;0;0;1976122;254284;1;0;0
FR;1;2021-02-07;3658;5315;0;0;0;1979780;259599;1;0;0
FR;1;2021-02-08;36481;46849;0;0;0;2016261;306448;1;0;0
FR;1;2021-02-09;50790;74438;0;0;0;2067051;380886;1;0;0
FR;1;2021-02-10;52044;79284;0;0;0;2119095;460170;1;0;0
FR;1;2021-02-11;63350;101183;0;0;0;2182445;561353;1;0;0
FR;1;2021-02-12;55838;74699;0;0;0;2238283;636052;1;0;0
FR;1;2021-02-13;15451;19256;0;0;0;2253734;655308;1;0;0
FR;1;2021-02-14;3744;7191;0;0;0;2257478;662499;1;0;0
FR;1;2021-02-15;24128;73525;0;0;0;2281606;736024;1;0;0
FR;1;2021-02-16;32754;96536;0;0;0;2314360;832560;1;0;0
FR;1;2021-02-17;35097;100140;1;0;0;2349457;932700;2;0;0
FR;1;2021-02-18;49422;115360;0;0;0;2398879;1048060;2;0;0
FR;1;2021-02-19;45366;86663;1;0;0;2444245;1134723;3;0;0
FR;1;2021-02-20;13376;27080;0;0;0;2457621;1161803;3;0;0
FR;1;2021-02-21;2454;6219;0;0;0;2460075;1168022;3;0;0
FR;1;2021-02-22;24704;69435;2;0;0;2484779;1237457;5;0;0
FR;1;2021-02-23;37414;80742;1;0;0;2522193;1318199;6;0;0
FR;1;2021-02-24;40672;78276;1;0;0;2562865;1396475;7;0;0
FR;1;2021-02-25;50132;87974;1;0;0;2612997;1484449;8;0;0
FR;1;2021-02-26;47189;67570;1;0;0;2660186;1552019;9;0;0
FR;1;2021-02-27;15667;21084;0;0;0;2675853;1573103;9;0;0
FR;1;2021-02-28;3552;4246;1;0;0;2679405;1577349;10;0;0
FR;1;2021-03-01;40145;49542;1;0;0;2719550;1626891;11;0;0
FR;1;2021-03-02;55957;61862;2;0;0;2775507;1688753;13;0;0
FR;1;2021-03-03;61202;60574;0;0;0;2836709;1749327;13;0;0
FR;1;2021-03-04;72971;66211;3;0;0;2909680;1815538;16;0;0
FR;1;2021-03-05;74734;58970;3;0;0;2984414;1874508;19;0;0
FR;1;2021-03-06;82434;15961;2;0;0;3066848;1890469;21;0;0
FR;1;2021-03-07;63702;4915;1;0;0;3130550;1895384;22;0;0
FR;1;2021-03-08;60141;41990;2;0;0;3190691;1937374;24;0;0
FR;1;2021-03-09;85962;47976;1;0;0;3276653;1985350;25;0;0
FR;1;2021-03-10;90873;47925;5;0;0;3367526;2033275;30;0;0
FR;1;2021-03-11;105036;54189;1;0;0;3472562;2087464;31;0;0
FR;1;2021-03-12;104084;45034;1;0;0;3576646;2132498;32;0;0
FR;1;2021-03-13;89181;12703;1;0;0;3665827;2145201;33;0;0
FR;1;2021-03-14;44445;2871;1;0;0;3710272;2148072;34;0;0
FR;1;2021-03-15;95473;28614;3;0;0;3805745;2176686;37;0;0
FR;1;2021-03-16;123569;34448;5;0;0;3929314;2211134;42;0;0
FR;1;2021-03-17;129279;34178;4;0;0;4058593;2245312;46;0;0
FR;1;2021-03-18;142857;39565;5;0;0;4201450;2284877;51;0;0
FR;1;2021-03-19;136212;32525;2;0;0;4337662;2317402;53;0;0
FR;1;2021-03-20;75973;9981;1;0;0;4413635;2327383;54;0;0
FR;1;2021-03-21;26495;2340;1;0;0;4440130;2329723;55;0;0
FR;1;2021-03-22;114719;30791;2;0;0;4554849;2360514;57;0;0
FR;1;2021-03-23;142992;38086;1;0;0;4697841;2398600;58;0;0
FR;1;2021-03-24;141966;38569;0;0;0;4839807;2437169;58;0;0
FR;1;2021-03-25;164968;39596;4;0;0;5004775;2476765;62;0;0
FR;1;2021-03-26;166361;37511;4;1;0;5171136;2514276;66;1;0
FR;1;2021-03-27;110866;15293;1;0;0;5282002;2529569;67;1;0
FR;1;2021-03-28;42292;3875;3;0;0;5324294;2533444;70;1;0
FR;1;2021-03-29;129787;49645;4;0;0;5454081;2583089;74;1;0
FR;1;2021-03-30;167676;63526;4;0;0;5621757;2646615;78;1;0
FR;1;2021-03-31;170886;67234;4;0;0;5792643;2713849;82;1;0
FR;1;2021-04-01;194723;80680;11;0;0;5987366;2794529;93;1;0
FR;1;2021-04-02;164414;84943;7;0;0;6151780;2879472;100;1;0
FR;1;2021-04-03;88225;58044;5;0;0;6240005;2937516;105;1;0
FR;1;2021-04-04;33586;17692;0;0;0;6273591;2955208;105;1;0
FR;1;2021-04-05;46376;9965;11;0;0;6319967;2965173;116;1;0
FR;1;2021-04-06;160261;102196;17;0;0;6480228;3067369;133;1;0
FR;1;2021-04-07;196930;108194;16;0;0;6677158;3175563;149;1;0
FR;1;2021-04-08;222050;112767;13;0;0;6899208;3288330;162;1;0
FR;1;2021-04-09;214502;107376;21;0;0;7113710;3395706;183;1;0
FR;1;2021-04-10;117150;73268;14;0;0;7230860;3468974;197;1;0
FR;1;2021-04-11;40873;30137;6;0;0;7271733;3499111;203;1;0
FR;1;2021-04-12;168416;103876;45;0;0;7440149;3602987;248;1;0
FR;1;2021-04-13;203751;127998;97;1;0;7643900;3730985;345;2;0
FR;1;2021-04-14;208547;122656;206;0;0;7852447;3853641;551;2;0
FR;1;2021-04-15;221605;127055;311;0;0;8074052;3980696;862;2;0
FR;1;2021-04-16;206004;125172;307;0;0;8280056;4105868;1169;2;0
FR;1;2021-04-17;122062;67272;103;0;0;8402118;4173140;1272;2;0
FR;1;2021-04-18;35953;20931;41;0;0;8438071;4194071;1313;2;0
FR;1;2021-04-19;163706;121707;430;0;0;8601777;4315778;1743;2;0
FR;1;2021-04-20;189357;148873;530;0;0;8791134;4464651;2273;2;0
FR;1;2021-04-21;193932;146912;758;0;0;8985066;4611563;3031;2;0
FR;1;2021-04-22;208979;163083;777;0;0;9194045;4774646;3808;2;0
FR;1;2021-04-23;198913;157046;671;0;0;9392958;4931692;4479;2;0
FR;1;2021-04-24;126301;95473;148;0;0;9519259;5027165;4627;2;0
FR;1;2021-04-25;53619;30020;46;0;0;9572878;5057185;4673;2;0
FR;1;2021-04-26;181087;138342;539;0;0;9753965;5195527;5212;2;0
FR;1;2021-04-27;221318;161861;900;0;0;9975283;5357388;6112;2;0
FR;1;2021-04-28;238242;155059;1310;1;1;10213525;5512447;7422;3;1
FR;1;2021-04-29;270224;160390;1207;0;0;10483749;5672837;8629;3;1
FR;1;2021-04-30;271930;148124;1069;0;0;10755679;5820961;9698;3;1
FR;1;2021-05-01;141115;40620;172;0;0;10896794;5861581;9870;3;1
FR;1;2021-05-02;81520;28089;81;0;0;10978314;5889670;9951;3;1
FR;1;2021-05-03;250727;145240;800;0;0;11229041;6034910;10751;3;1
FR;1;2021-05-04;265808;186868;1197;0;0;11494849;6221778;11948;3;1
FR;1;2021-05-05;283809;184759;1264;0;0;11778658;6406537;13212;3;1
FR;1;2021-05-06;309887;183215;1498;0;0;12088545;6589752;14710;3;1
FR;1;2021-05-07;284036;195654;1125;0;0;12372581;6785406;15835;3;1
FR;1;2021-05-08;191637;48649;284;0;0;12564218;6834055;16119;3;1
FR;1;2021-05-09;114045;35864;236;0;0;12678263;6869919;16355;3;1
FR;1;2021-05-10;258133;193996;1183;0;0;12936396;7063915;17538;3;1
FR;1;2021-05-11;318817;210972;1462;0;0;13255213;7274887;19000;3;1
FR;1;2021-05-12;356562;185709;1399;0;0;13611775;7460596;20399;3;1
FR;1;2021-05-13;283404;47703;399;0;0;13895179;7508299;20798;3;1
FR;1;2021-05-14;370436;128552;990;0;0;14265615;7636851;21788;3;1
FR;1;2021-05-15;298050;66090;402;0;0;14563665;7702941;22190;3;1
FR;1;2021-05-16;157751;15533;158;0;0;14721416;7718474;22348;3;1
FR;1;2021-05-17;318888;116288;1436;0;0;15040304;7834762;23784;3;1
FR;1;2021-05-18;383268;111187;1795;0;0;15423572;7945949;25579;3;1
FR;1;2021-05-19;395208;102574;2174;0;0;15818780;8048523;27753;3;1
FR;1;2021-05-20;421748;96092;2042;0;0;16240528;8144615;29795;3;1
FR;1;2021-05-21;399759;97174;1756;0;0;16640287;8241789;31551;3;1
FR;1;2021-05-22;275648;42012;602;0;0;16915935;8283801;32153;3;1
FR;1;2021-05-23;122985;11144;224;0;0;17038920;8294945;32377;3;1
FR;1;2021-05-24;243978;26216;566;0;0;17282898;8321161;32943;3;1
FR;1;2021-05-25;366173;131606;2108;1;0;17649071;8452767;35051;4;1
FR;1;2021-05-26;380762;125860;1987;0;0;18029833;8578627;37038;4;1
FR;1;2021-05-27;406094;127977;1974;0;0;18435927;8706604;39012;4;1
FR;1;2021-05-28;365971;145278;1698;0;0;18801898;8851882;40710;4;1
FR;1;2021-05-29;253802;80834;525;0;0;19055700;8932716;41235;4;1
FR;1;2021-05-30;100956;22535;157;0;0;19156656;8955251;41392;4;1
FR;1;2021-05-31;314261;148743;1280;1;1;19470917;9103994;42672;5;2
FR;1;2021-06-01;361486;166415;1724;1;1;19832403;9270409;44396;6;3
FR;1;2021-06-02;364736;153157;1791;0;0;20197139;9423566;46187;6;3
FR;1;2021-06-03;390549;147555;1647;0;0;20587688;9571121;47834;6;3
FR;1;2021-06-04;363578;175493;1492;1;1;20951266;9746614;49326;7;4
FR;1;2021-06-05;258461;112646;596;0;0;21209727;9859260;49922;7;4
FR;1;2021-06-06;126743;37546;215;0;0;21336470;9896806;50137;7;4
FR;1;2021-06-07;300214;207772;1362;0;0;21636684;10104578;51499;7;4
FR;1;2021-06-08;330544;220754;1636;0;0;21967228;10325332;53135;7;4
FR;1;2021-06-09;336397;212195;1607;0;0;22303625;10537527;54742;7;4
FR;1;2021-06-10;343695;201845;1608;0;0;22647320;10739372;56350;7;4
FR;1;2021-06-11;311730;235245;1293;0;0;22959050;10974617;57643;7;4
FR;1;2021-06-12;244028;150647;431;0;0;23203078;11125264;58074;7;4
FR;1;2021-06-13;100319;61004;188;0;0;23303397;11186268;58262;7;4
FR;1;2021-06-14;207672;288741;1316;1;0;23511069;11475009;59578;8;4
FR;1;2021-06-15;256710;282093;1391;1;0;23767779;11757102;60969;9;4
FR;1;2021-06-16;273525;270613;1262;1;0;24041304;12027715;62231;10;4
FR;1;2021-06-17;268099;244743;1231;1;0;24309403;12272458;63462;11;4
FR;1;2021-06-18;260422;295654;1149;1;0;24569825;12568112;64611;12;4
FR;1;2021-06-19;193414;209485;387;0;0;24763239;12777597;64998;12;4
FR;1;2021-06-20;69654;89153;117;0;0;24832893;12866750;65115;12;4
FR;1;2021-06-21;172200;319811;929;1;1;25005093;13186561;66044;13;5
FR;1;2021-06-22;185688;347840;1097;10;2;25190781;13534401;67141;23;7
FR;1;2021-06-23;204046;339467;1048;0;0;25394827;13873868;68189;23;7
FR;1;2021-06-24;203407;282091;1166;0;0;25598234;14155959;69355;23;7
FR;1;2021-06-25;182498;371834;1196;0;0;25780732;14527793;70551;23;7
FR;1;2021-06-26;131348;278327;502;0;0;25912080;14806120;71053;23;7
FR;1;2021-06-27;52374;122905;145;0;0;25964454;14929025;71198;23;7
FR;1;2021-06-28;136511;368153;1057;0;0;26100965;15297178;72255;23;7
FR;1;2021-06-29;154754;390723;1849;0;0;26255719;15687901;74104;23;7
FR;1;2021-06-30;179910;379663;1663;4;2;26435629;16067564;75767;27;9
FR;1;2021-07-01;201275;332192;1886;5;1;26636904;16399756;77653;32;10
FR;1;2021-07-02;193550;367662;1764;5;3;26830454;16767418;79417;37;13
FR;1;2021-07-03;124382;280448;704;3;1;26954836;17047866;80121;40;14
FR;1;2021-07-04;53908;113682;244;0;0;27008744;17161548;80365;40;14
FR;1;2021-07-05;153686;356017;1500;8;2;27162430;17517565;81865;48;16
FR;1;2021-07-06;173319;382519;1601;45;8;27335749;17900084;83466;93;24
FR;1;2021-07-07;190620;362572;1656;24;5;27526369;18262656;85122;117;29
FR;1;2021-07-08;201389;323109;1825;20;7;27727758;18585765;86947;137;36
FR;1;2021-07-09;189720;387651;1851;3;2;27917478;18973416;88798;140;38
FR;1;2021-07-10;129876;281140;814;1;1;28047354;19254556;89612;141;39
FR;1;2021-07-11;57628;102503;261;0;0;28104982;19357059;89873;141;39
FR;1;2021-07-12;149468;417019;1580;4;0;28254450;19774078;91453;145;39
FR;1;2021-07-13;234085;439502;1805;8;2;28488535;20213580;93258;153;41
FR;1;2021-07-14;171746;151534;417;0;0;28660281;20365114;93675;153;41
FR;1;2021-07-15;279482;424780;1856;1;0;28939763;20789894;95531;154;41
FR;1;2021-07-16;290266;401222;1710;3;1;29230029;21191116;97241;157;42
FR;1;2021-07-17;217282;282112;754;1;0;29447311;21473228;97995;158;42
FR;1;2021-07-18;101965;107304;288;0;0;29549276;21580532;98283;158;42
FR;1;2021-07-19;238074;379139;1495;3;0;29787350;21959671;99778;161;42
FR;1;2021-07-20;305587;380723;1468;0;0;30092937;22340394;101246;161;42
FR;1;2021-07-21;333136;353413;1412;4;2;30426073;22693807;102658;165;44
FR;1;2021-07-22;364526;319240;1501;3;2;30790599;23013047;104159;168;46
FR;1;2021-07-23;349080;343599;1586;4;2;31139679;23356646;105745;172;48
FR;1;2021-07-24;238912;240984;696;1;0;31378591;23597630;106441;173;48
FR;1;2021-07-25;112751;76060;215;0;0;31491342;23673690;106656;173;48
FR;1;2021-07-26;299021;290044;1496;2;2;31790363;23963734;108152;175;50
FR;1;2021-07-27;385706;268700;1457;4;2;32176069;24232434;109609;179;52
FR;1;2021-07-28;390100;251441;1460;4;2;32566169;24483875;111069;183;54
FR;1;2021-07-29;406023;228247;1538;2;1;32972192;24712122;112607;185;55
FR;1;2021-07-30;370602;246972;1633;4;1;33342794;24959094;114240;189;56
FR;1;2021-07-31;243353;165124;793;1;0;33586147;25124218;115033;190;56
FR;1;2021-08-01;105524;47230;233;0;0;33691671;25171448;115266;190;56
FR;1;2021-08-02;297039;213214;1475;2;0;33988710;25384662;116741;192;56
FR;1;2021-08-03;331182;209204;1547;2;1;34319892;25593866;118288;194;57
FR;1;2021-08-04;327855;184345;1436;5;3;34647747;25778211;119724;199;60
FR;1;2021-08-05;301125;193548;1482;0;0;34948872;25971759;121206;199;60
FR;1;2021-08-06;290853;224505;1558;3;1;35239725;26196264;122764;202;61
FR;1;2021-08-07;182598;158821;654;4;3;35422323;26355085;123418;206;64
FR;1;2021-08-08;68834;59127;247;0;0;35491157;26414212;123665;206;64
FR;1;2021-08-09;222632;235872;1438;4;3;35713789;26650084;125103;210;67
FR;1;2021-08-10;252519;240615;1486;2;1;35966308;26890699;126589;212;68
FR;1;2021-08-11;236060;232370;1271;5;1;36202368;27123069;127860;217;69
FR;1;2021-08-12;220642;240223;1484;3;1;36423010;27363292;129344;220;70
FR;1;2021-08-13;201626;238563;1356;2;2;36624636;27601855;130700;222;72
FR;1;2021-08-14;122815;174155;645;0;0;36747451;27776010;131345;222;72
FR;1;2021-08-15;34663;46123;198;1;0;36782114;27822133;131543;223;72
FR;1;2021-08-16;156843;289846;1421;0;0;36938957;28111979;132964;223;72
FR;1;2021-08-17;171510;291561;1420;5;1;37110467;28403540;134384;228;73
FR;1;2021-08-18;161323;286993;1389;6;3;37271790;28690533;135773;234;76
FR;1;2021-08-19;148827;277717;1397;1;0;37420617;28968250;137170;235;76
FR;1;2021-08-20;140426;309087;1524;2;2;37561043;29277337;138694;237;78
FR;1;2021-08-21;84240;213251;586;0;0;37645283;29490588;139280;237;78
FR;1;2021-08-22;28545;82691;230;0;0;37673828;29573279;139510;237;78
FR;1;2021-08-23;118588;321173;1420;2;1;37792416;29894452;140930;239;79
FR;1;2021-08-24;126595;319884;1602;5;1;37919011;30214336;142532;244;80
FR;1;2021-08-25;121462;306582;1776;8;3;38040473;30520918;144308;252;83
FR;1;2021-08-26;106529;286214;2157;10;1;38147002;30807132;146465;262;84
FR;1;2021-08-27;107595;321621;2300;9;3;38254597;31128753;148765;271;87
FR;1;2021-08-28;70971;220712;1100;0;0;38325568;31349465;149865;271;87
FR;1;2021-08-29;24135;78149;467;1;0;38349703;31427614;150332;272;87
FR;1;2021-08-30;96805;286516;4307;6;5119;38446508;31714130;154639;278;5206
FR;1;2021-08-31;98031;276436;9285;15;10170;38544539;31990566;163924;293;15376
FR;1;2021-09-01;112002;245339;21104;7;22073;38656541;32235905;185028;300;37449
FR;1;2021-09-02;84738;198019;24524;11;25441;38741279;32433924;209552;311;62890
FR;1;2021-09-03;82325;227605;26943;20;27969;38823604;32661529;236495;331;90859
FR;1;2021-09-04;71554;189714;11138;11;11652;38895158;32851243;247633;342;102511
FR;1;2021-09-05;18596;41189;4121;2;4291;38913754;32892432;251754;344;106802
FR;1;2021-09-06;59474;151625;30172;15;31146;38973228;33044057;281926;359;137948
FR;1;2021-09-07;57212;139721;30200;27;31109;39030440;33183778;312126;386;169057
FR;1;2021-09-08;71223;173878;26916;20;27865;39101663;33357656;339042;406;196922
FR;1;2021-09-09;54236;124571;28600;23;29651;39155899;33482227;367642;429;226573
FR;1;2021-09-10;65805;152092;30431;22;31563;39221704;33634319;398073;451;258136
FR;1;2021-09-11;52317;146612;9727;14;10304;39274021;33780931;407800;465;268440
FR;1;2021-09-12;10769;29243;2482;1;2637;39284790;33810174;410282;466;271077
FR;1;2021-09-13;51333;104602;38729;28;39915;39336123;33914776;449011;494;310992
FR;1;2021-09-14;53192;96057;51255;65;52885;39389315;34010833;500266;559;363877
FR;1;2021-09-15;60354;139304;50461;55;46966;39449669;34150137;550727;614;410843
FR;1;2021-09-16;46533;81427;53289;71;49474;39496202;34231564;604016;685;460317
FR;1;2021-09-17;53121;109385;45047;61;42640;39549323;34340949;649063;746;502957
FR;1;2021-09-18;37839;118489;11790;19;11256;39587162;34459438;660853;765;514213
FR;1;2021-09-19;6492;21035;2037;1;1973;39593654;34480473;662890;766;516186
FR;1;2021-09-20;36430;74922;46174;66;44087;39630084;34555395;709064;832;560273
FR;1;2021-09-21;34122;68144;56229;71;52618;39664206;34623539;765293;903;612891
FR;1;2021-09-22;38745;118528;49833;76;46817;39702951;34742067;815126;979;659708
FR;1;2021-09-23;31930;62846;54460;85;50820;39734881;34804913;869586;1064;710528
FR;1;2021-09-24;36717;90096;43640;91;41866;39771598;34895009;913226;1155;752394
FR;1;2021-09-25;27626;96610;12297;27;12162;39799224;34991619;925523;1182;764556
FR;1;2021-09-26;4357;15202;1770;5;1694;39803581;35006821;927293;1187;766250
FR;1;2021-09-27;27309;60234;42884;89;41563;39830890;35067055;970177;1276;807813
FR;1;2021-09-28;26844;49450;47156;75;44377;39857734;35116505;1017333;1351;852190
FR;1;2021-09-29;35829;80393;47245;87;45524;39893563;35196898;1064578;1438;897714
FR;1;2021-09-30;26012;46784;47492;79;45370;39919575;35243682;1112070;1517;943084
FR;1;2021-10-01;47132;65008;44858;83;44404;39966707;35308690;1156928;1600;987488
FR;1;2021-10-02;32332;62350;16106;32;16296;39999039;35371040;1173034;1632;1003784
FR;1;2021-10-03;4318;8575;2031;3;2024;40003357;35379615;1175065;1635;1005808
FR;1;2021-10-04;28766;44422;47088;79;46899;40032123;35424037;1222153;1714;1052707
FR;1;2021-10-05;24236;41621;49829;116;49180;40056359;35465658;1271982;1830;1101887
FR;1;2021-10-06;34395;61346;57441;102;57129;40090754;35527004;1329423;1932;1159016
FR;1;2021-10-07;20937;39811;52990;75;51808;40111691;35566815;1382413;2007;1210824
FR;1;2021-10-08;34952;59594;60360;83;61055;40146643;35626409;1442773;2090;1271879
FR;1;2021-10-09;27421;47969;25474;30;25971;40174064;35674378;1468247;2120;1297850
FR;1;2021-10-10;3639;5786;2746;7;2846;40177703;35680164;1470993;2127;1300696
FR;1;2021-10-11;24697;38162;54560;88;55166;40202400;35718326;1525553;2215;1355862
FR;1;2021-10-12;23126;36562;58021;126;59080;40225526;35754888;1583574;2341;1414942
FR;1;2021-10-13;32807;47784;64144;124;65613;40258333;35802672;1647718;2465;1480555
FR;1;2021-10-14;21603;34765;53726;103;54292;40279936;35837437;1701444;2568;1534847
FR;1;2021-10-15;32555;48810;72300;165;74916;40312491;35886247;1773744;2733;1609763
FR;1;2021-10-16;25956;35275;34857;44;36390;40338447;35921522;1808601;2777;1646153
FR;1;2021-10-17;3096;4062;3407;2;3317;40341543;35925584;1812008;2779;1649470
FR;1;2021-10-18;23512;34906;66804;131;69645;40365055;35960490;1878812;2910;1719115
FR;1;2021-10-19;20594;34586;75629;136;79515;40385649;35995076;1954441;3046;1798630
FR;1;2021-10-20;29797;44190;96140;177;99761;40415446;36039266;2050581;3223;1898391
FR;1;2021-10-21;19614;35092;83119;107;86980;40435060;36074358;2133700;3330;1985371
FR;1;2021-10-22;29533;47632;103699;196;109565;40464593;36121990;2237399;3526;2094936
FR;1;2021-10-23;23004;35157;44849;57;47351;40487597;36157147;2282248;3583;2142287
FR;1;2021-10-24;2373;3877;3579;6;3731;40489970;36161024;2285827;3589;2146018
FR;1;2021-10-25;22392;30826;81992;143;85758;40512362;36191850;2367819;3732;2231776
FR;1;2021-10-26;19296;27703;86059;162;90275;40531658;36219553;2453878;3894;2322051
FR;1;2021-10-27;26129;39663;107757;252;112597;40557787;36259216;2561635;4146;2434648
FR;1;2021-10-28;18603;27060;86894;150;91587;40576390;36286276;2648529;4296;2526235
FR;1;2021-10-29;25876;40175;114784;200;121516;40602266;36326451;2763313;4496;2647751
FR;1;2021-10-30;17671;28615;49339;75;51912;40619937;36355066;2812652;4571;2699663
FR;1;2021-10-31;2055;3199;3442;2;3677;40621992;36358265;2816094;4573;2703340
FR;1;2021-11-01;7711;4201;3021;3;3263;40629703;36362466;2819115;4576;2706603
FR;1;2021-11-02;21847;33200;92344;157;97684;40651550;36395666;2911459;4733;2804287
FR;1;2021-11-03;26283;41530;117442;215;123795;40677833;36437196;3028901;4948;2928082
FR;1;2021-11-04;19488;30286;105732;213;111819;40697321;36467482;3134633;5161;3039901
FR;1;2021-11-05;26902;42238;138716;227;147290;40724223;36509720;3273349;5388;3187191
FR;1;2021-11-06;18806;29822;63443;123;66411;40743029;36539542;3336792;5511;3253602
FR;1;2021-11-07;1789;3350;4958;6;5298;40744818;36542892;3341750;5517;3258900
FR;1;2021-11-08;17676;32301;125906;224;132459;40762494;36575193;3467656;5741;3391359
FR;1;2021-11-09;19232;37704;159214;335;168914;40781726;36612897;3626870;6076;3560273
FR;1;2021-11-10;28676;49177;181816;440;192360;40810402;36662074;3808686;6516;3752633
FR;1;2021-11-11;3793;5931;12194;26;13002;40814195;36668005;3820880;6542;3765635
FR;1;2021-11-12;25930;46864;174741;244;186338;40840125;36714869;3995621;6786;3951973
FR;1;2021-11-13;18691;29243;76801;111;81737;40858816;36744112;4072422;6897;4033710
FR;1;2021-11-14;2024;3316;6812;5;7384;40860840;36747428;4079234;6902;4041094
FR;1;2021-11-15;18589;34877;156337;303;166098;40879429;36782305;4235571;7205;4207192
FR;1;2021-11-16;21079;37923;192001;377;204780;40900508;36820228;4427572;7582;4411972
FR;1;2021-11-17;28497;45710;193142;399;204913;40929005;36865938;4620714;7981;4616885
FR;1;2021-11-18;21053;38874;182381;457;194348;40950058;36904812;4803095;8438;4811233
FR;1;2021-11-19;30773;53370;230138;529;246552;40980831;36958182;5033233;8967;5057785
FR;1;2021-11-20;23691;33319;96940;201;103577;41004522;36991501;5130173;9168;5161362
FR;1;2021-11-21;2313;4017;9096;18;9968;41006835;36995518;5139269;9186;5171330
FR;1;2021-11-22;21353;30486;175797;465;189317;41028188;37026004;5315066;9651;5360647
FR;1;2021-11-23;23869;41164;221093;538;237788;41052057;37067168;5536159;10189;5598435
FR;1;2021-11-24;30258;49761;217256;703;234373;41082315;37116929;5753415;10892;5832808
FR;1;2021-11-25;23486;43934;244349;718;263881;41105801;37160863;5997764;11610;6096689
FR;1;2021-11-26;30585;66548;356672;833;388359;41136386;37227411;6354436;12443;6485048
FR;1;2021-11-27;21776;45366;202549;371;222524;41158162;37272777;6556985;12814;6707572
FR;1;2021-11-28;3137;9675;54754;63;61031;41161299;37282452;6611739;12877;6768603
FR;1;2021-11-29;17854;49529;326268;840;354252;41179153;37331981;6938007;13717;7122855
FR;1;2021-11-30;22742;64968;431027;950;470593;41201895;37396949;7369034;14667;7593448
FR;1;2021-12-01;24912;69380;442738;1130;481588;41226807;37466329;7811772;15797;8075036
FR;1;2021-12-02;19968;64438;489239;1227;532679;41246775;37530767;8301011;17024;8607715
FR;1;2021-12-03;22828;81816;542600;1307;591579;41269603;37612583;8843611;18331;9199294
FR;1;2021-12-04;16369;53928;299026;652;328858;41285972;37666511;9142637;18983;9528152
FR;1;2021-12-05;3622;13913;81495;143;91050;41289594;37680424;9224132;19126;9619202
FR;1;2021-12-06;20811;62781;415304;1065;455011;41310405;37743205;9639436;20191;10074213
FR;1;2021-12-07;19791;75819;522802;1531;572400;41330196;37819024;10162238;21722;10646613
FR;1;2021-12-08;21562;75857;458214;1543;501913;41351758;37894881;10620452;23265;11148526
FR;1;2021-12-09;19393;74112;492756;1625;540612;41371151;37968993;11113208;24890;11689138
FR;1;2021-12-10;22989;87637;547261;1586;599842;41394140;38056630;11660469;26476;12288980
FR;1;2021-12-11;16516;59013;302678;747;335423;41410656;38115643;11963147;27223;12624403
FR;1;2021-12-12;4343;16029;83178;179;94079;41414999;38131672;12046325;27402;12718482
FR;1;2021-12-13;15489;63827;366825;1093;406184;41430488;38195499;12413150;28495;13124666
FR;1;2021-12-14;20484;80336;464537;1740;515023;41450972;38275835;12877687;30235;13639689
FR;1;2021-12-15;21414;77523;408912;1307;452986;41472386;38353358;13286599;31542;14092675
FR;1;2021-12-16;19961;77389;451676;1574;500457;41492347;38430747;13738275;33116;14593132
FR;1;2021-12-17;22519;86709;479788;1732;530926;41514866;38517456;14218063;34848;15124058
FR;1;2021-12-18;17582;54732;257558;730;288470;41532448;38572188;14475621;35578;15412528
FR;1;2021-12-19;5537;17130;79131;194;90740;41537985;38589318;14554752;35772;15503268
FR;1;2021-12-20;20785;63181;316101;1081;355169;41558770;38652499;14870853;36853;15858437
FR;1;2021-12-21;26099;73241;372618;1421;417976;41584869;38725740;15243471;38274;16276413
FR;1;2021-12-22;24903;65997;310507;1215;349472;41609772;38791737;15553978;39489;16625885
FR;1;2021-12-23;21234;52354;241391;954;272975;41631006;38844091;15795369;40443;16898860
FR;1;2021-12-24;7099;18262;67109;256;77030;41638105;38862353;15862478;40699;16975890
FR;1;2021-12-25;500;2767;5569;15;6530;41638605;38865120;15868047;40714;16982420
FR;1;2021-12-26;2748;7599;26922;70;31448;41641353;38872719;15894969;40784;17013868
FR;1;2021-12-27;18220;53575;235017;707;265705;41659573;38926294;16129986;41491;17279573
FR;1;2021-12-28;23251;62038;291951;1025;330145;41682824;38988332;16421937;42516;17609718
FR;1;2021-12-29;22195;55562;254916;918;288136;41705019;39043894;16676853;43434;17897854
FR;1;2021-12-30;21223;46365;212096;857;239565;41726242;39090259;16888949;44291;18137419
FR;1;2021-12-31;7460;16633;61834;229;70359;41733702;39106892;16950783;44520;18207778
FR;1;2022-01-01;961;2480;5644;29;6574;41734663;39109372;16956427;44549;18214352
FR;1;2022-01-02;3043;8067;28872;50;33525;41737706;39117439;16985299;44599;18247877
FR;1;2022-01-03;20214;53926;228111;786;257522;41757920;39171365;17213410;45385;18505399
FR;1;2022-01-04;25059;64857;299148;1235;337193;41782979;39236222;17512558;46620;18842592
FR;1;2022-01-05;29747;63950;274767;1098;310110;41812726;39300172;17787325;47718;19152702
FR;1;2022-01-06;26559;65976;306799;1396;346422;41839285;39366148;18094124;49114;19499124
FR;1;2022-01-07;31348;74671;349752;1534;393841;41870633;39440819;18443876;50648;19892965
FR;1;2022-01-08;23346;51388;222461;695;251094;41893979;39492207;18666337;51343;20144059
FR;1;2022-01-09;7074;17195;66012;163;76154;41901053;39509402;18732349;51506;20220213
FR;1;2022-01-10;21471;56140;236691;952;267090;41922524;39565542;18969040;52458;20487303
FR;1;2022-01-11;26494;63180;282197;1277;317741;41949018;39628722;19251237;53735;20805044
FR;1;2022-01-12;28733;62281;246145;1103;277919;41977751;39691003;19497382;54838;21082963
FR;1;2022-01-13;24460;59976;262710;1253;296063;42002211;39750979;19760092;56091;21379026
FR;1;2022-01-14;27796;66531;313900;1366;351177;42030007;39817510;20073992;57457;21730203
FR;1;2022-01-15;19259;44356;199269;619;223841;42049266;39861866;20273261;58076;21954044
FR;1;2022-01-16;5134;12999;51495;135;59575;42054400;39874865;20324756;58211;22013619
FR;1;2022-01-17;16748;39728;184775;779;206814;42071148;39914593;20509531;58990;22220433
FR;1;2022-01-18;19242;45776;212350;1151;236983;42090390;39960369;20721881;60141;22457416
FR;1;2022-01-19;20156;43939;176041;894;197172;42110546;40004308;20897922;61035;22654588
FR;1;2022-01-20;16606;40403;183582;1137;204673;42127152;40044711;21081504;62172;22859261
FR;1;2022-01-21;19740;46952;228884;1406;253300;42146892;40091663;21310388;63578;23112561
FR;1;2022-01-22;13826;33264;144466;578;161360;42160718;40124927;21454854;64156;23273921
FR;1;2022-01-23;3346;8802;33402;130;38325;42164064;40133729;21488256;64286;23312246
FR;1;2022-01-24;11736;32712;142156;706;158239;42175800;40166441;21630412;64992;23470485
FR;1;2022-01-25;14096;38040;163336;1048;181522;42189896;40204481;21793748;66040;23652007
FR;1;2022-01-26;14827;37400;150198;931;166261;42204723;40241881;21943946;66971;23818268
FR;1;2022-01-27;12286;32971;143395;882;157878;42217009;40274852;22087341;67853;23976146
FR;1;2022-01-28;16249;53907;198247;1144;222443;42233258;40328759;22285588;68997;24198589
FR;1;2022-01-29;10257;35437;135175;522;151544;42243515;40364196;22420763;69519;24350133
FR;1;2022-01-30;2474;9300;29666;86;34463;42245989;40373496;22450429;69605;24384596
FR;1;2022-01-31;8728;32353;104301;530;117390;42254717;40405849;22554730;70135;24501986
FR;1;2022-02-01;10186;36276;127020;863;141228;42264903;40442125;22681750;70998;24643214
FR;1;2022-02-02;11505;41148;130298;780;145840;42276408;40483273;22812048;71778;24789054
FR;1;2022-02-03;8764;33414;116950;780;130350;42285172;40516687;22928998;72558;24919404
FR;1;2022-02-04;11400;48103;172521;965;192781;42296572;40564790;23101519;73523;25112185
FR;1;2022-02-05;7884;33905;117552;391;133055;42304456;40598695;23219071;73914;25245240
FR;1;2022-02-06;1689;8051;22735;85;26907;42306145;40606746;23241806;73999;25272147
FR;1;2022-02-07;7140;35357;119043;452;134965;42313285;40642103;23360849;74451;25407112
FR;1;2022-02-08;7568;31575;125600;694;140573;42320853;40673678;23486449;75145;25547685
FR;1;2022-02-09;8462;36175;135206;695;152423;42329315;40709853;23621655;75840;25700108
FR;1;2022-02-10;6581;29340;116294;674;130049;42335896;40739193;23737949;76514;25830157
FR;1;2022-02-11;8562;41361;165078;875;185286;42344458;40780554;23903027;77389;26015443
FR;1;2022-02-12;5292;27530;106671;378;120844;42349750;40808084;24009698;77767;26136287
FR;1;2022-02-13;1223;5699;21705;65;25317;42350973;40813783;24031403;77832;26161604
FR;1;2022-02-14;5379;27080;118035;388;133056;42356352;40840863;24149438;78220;26294660
FR;1;2022-02-15;5587;28120;118849;609;132441;42361939;40868983;24268287;78829;26427101
FR;1;2022-02-16;5646;28154;110372;595;122973;42367585;40897137;24378659;79424;26550074
FR;1;2022-02-17;4415;19209;73098;486;80156;42372000;40916346;24451757;79910;26630230
FR;1;2022-02-18;5499;26479;99153;668;108098;42377499;40942825;24550910;80578;26738328
FR;1;2022-02-19;3532;17081;59458;304;66030;42381031;40959906;24610368;80882;26804358
FR;1;2022-02-20;784;3225;10690;35;12313;42381815;40963131;24621058;80917;26816671
FR;1;2022-02-21;3356;14472;52791;286;57637;42385171;40977603;24673849;81203;26874308
FR;1;2022-02-22;3718;15365;51869;499;55594;42388889;40992968;24725718;81702;26929902
FR;1;2022-02-23;4161;17617;57445;508;62546;42393050;41010585;24783163;82210;26992448
FR;1;2022-02-24;3239;12760;43569;436;46350;42396289;41023345;24826732;82646;27038798
FR;1;2022-02-25;4399;19405;64845;695;68708;42400688;41042750;24891577;83341;27107506
FR;1;2022-02-26;2677;12685;41349;308;45102;42403365;41055435;24932926;83649;27152608
FR;1;2022-02-27;639;2169;7116;42;7981;42404004;41057604;24940042;83691;27160589
FR;1;2022-02-28;2563;10209;34924;301;37347;42406567;41067813;24974966;83992;27197936
FR;1;2022-03-01;2724;10398;38644;389;39565;42409291;41078211;25013610;84381;27237501
FR;1;2022-03-02;3440;11886;41808;390;43859;42412731;41090097;25055418;84771;27281360
FR;1;2022-03-03;2295;7566;26119;319;26431;42415026;41097663;25081537;85090;27307791
FR;1;2022-03-04;2652;10227;35389;575;34866;42417678;41107890;25116926;85665;27342657
FR;1;2022-03-05;1684;6291;21944;278;22331;42419362;41114181;25138870;85943;27364988
FR;1;2022-03-06;350;938;2914;37;3112;42419712;41115119;25141784;85980;27368100
FR;1;2022-03-07;1392;4569;16406;244;15863;42421104;41119688;25158190;86224;27383963
FR;1;2022-03-08;1536;5088;17126;307;15947;42422640;41124776;25175316;86531;27399910
FR;1;2022-03-09;1862;6471;19776;367;19123;42424502;41131247;25195092;86898;27419033
FR;1;2022-03-10;1299;4420;15195;305;14209;42425801;41135667;25210287;87203;27433242
FR;1;2022-03-11;1692;6153;21675;480;19823;42427493;41141820;25231962;87683;27453065
FR;1;2022-03-12;1227;4596;15350;276;14896;42428720;41146416;25247312;87959;27467961
FR;1;2022-03-13;240;604;2103;115;2051;42428960;41147020;25249415;88074;27470012
FR;1;2022-03-14;1073;3560;13364;3873;12488;42430033;41150580;25262779;91947;27482500
FR;1;2022-03-15;1258;3838;14517;6861;12995;42431291;41154418;25277296;98808;27495495
FR;1;2022-03-16;1601;4753;17336;11513;16388;42432892;41159171;25294632;110321;27511883
FR;1;2022-03-17;1094;3165;11681;9637;10775;42433986;41162336;25306313;119958;27522658
FR;1;2022-03-18;1663;4713;17919;16484;16346;42435649;41167049;25324232;136442;27539004
FR;1;2022-03-19;1109;3174;11880;8451;11345;42436758;41170223;25336112;144893;27550349
FR;1;2022-03-20;218;534;1716;1006;1749;42436976;41170757;25337828;145899;27552098
FR;1;2022-03-21;1037;2683;11471;13442;10815;42438013;41173440;25349299;159341;27562913
FR;1;2022-03-22;1188;3066;12219;18682;11207;42439201;41176506;25361518;178023;27574120
FR;1;2022-03-23;1465;4166;15962;20090;15641;42440666;41180672;25377480;198113;27589761
FR;1;2022-03-24;1069;2517;10357;16012;9609;42441735;41183189;25387837;214125;27599370
FR;1;2022-03-25;1498;4023;16678;25280;15320;42443233;41187212;25404515;239405;27614690
FR;1;2022-03-26;1097;2848;10837;11430;10495;42444330;41190060;25415352;250835;27625185
FR;1;2022-03-27;228;537;1728;1378;1780;42444558;41190597;25417080;252213;27626965
FR;1;2022-03-28;1034;2352;9930;15861;9551;42445592;41192949;25427010;268074;27636516
FR;1;2022-03-29;1111;2699;11518;25059;10885;42446703;41195648;25438528;293133;27647401
FR;1;2022-03-30;1593;3456;14110;24144;13640;42448296;41199104;25452638;317277;27661041
FR;1;2022-03-31;1260;2601;11587;22547;11091;42449556;41201705;25464225;339824;27672132
FR;1;2022-04-01;1652;3726;18396;28447;17242;42451208;41205431;25482621;368271;27689374
FR;1;2022-04-02;883;1853;8174;9205;7922;42452091;41207284;25490795;377476;27697296
FR;1;2022-04-03;187;364;1427;1056;1427;42452278;41207648;25492222;378532;27698723
FR;1;2022-04-04;1056;2148;11265;17627;10638;42453334;41209796;25503487;396159;27709361
FR;1;2022-04-05;1249;2481;12918;31095;11935;42454583;41212277;25516405;427254;27721296
FR;1;2022-04-06;1316;2689;12100;23765;11512;42455899;41214966;25528505;451019;27732808
FR;1;2022-04-07;1131;2469;12263;30904;11721;42457030;41217435;25540768;481923;27744529
FR;1;2022-04-08;1556;3460;17471;40398;16387;42458586;41220895;25558239;522321;27760916
FR;1;2022-04-09;803;1971;8380;12474;8074;42459389;41222866;25566619;534795;27768990
FR;1;2022-04-10;185;456;1817;1831;1848;42459574;41223322;25568436;536626;27770838
FR;1;2022-04-11;942;2102;10920;22104;10630;42460516;41225424;25579356;558730;27781468
FR;1;2022-04-12;1190;2374;12713;37800;12203;42461706;41227798;25592069;596530;27793671
FR;1;2022-04-13;1158;2590;12175;30304;11889;42462864;41230388;25604244;626834;27805560
FR;1;2022-04-14;1169;2281;11967;33251;11950;42464033;41232669;25616211;660085;27817510
FR;1;2022-04-15;1408;2774;14289;32966;13660;42465441;41235443;25630500;693051;27831170
FR;1;2022-04-16;649;1386;5818;7970;5739;42466090;41236829;25636318;701021;27836909
FR;1;2022-04-17;148;271;927;1101;969;42466238;41237100;25637245;702122;27837878
FR;1;2022-04-18;117;373;2604;970;2627;42466355;41237473;25639849;703092;27840505
FR;1;2022-04-19;1182;2478;11711;27681;11388;42467537;41239951;25651560;730773;27851893
FR;1;2022-04-20;1255;2511;12066;26650;11891;42468792;41242462;25663626;757423;27863784
FR;1;2022-04-21;1202;2332;11423;32854;11576;42469994;41244794;25675049;790277;27875360
FR;1;2022-04-22;1468;2936;15133;35304;14717;42471462;41247730;25690182;825581;27890077
FR;1;2022-04-23;741;1552;6702;9869;6604;42472203;41249282;25696884;835450;27896681
FR;1;2022-04-24;184;355;1367;1510;1319;42472387;41249637;25698251;836960;27898000
FR;1;2022-04-25;985;2038;9803;19499;9689;42473372;41251675;25708054;856459;27907689
FR;1;2022-04-26;1289;2568;12517;36245;12113;42474661;41254243;25720571;892704;27919802
FR;1;2022-04-27;1271;2345;10553;28789;10686;42475932;41256588;25731124;921493;27930488
FR;1;2022-04-28;1241;2278;11444;33787;11264;42477173;41258866;25742568;955280;27941752
FR;1;2022-04-29;1559;2893;14234;35118;13663;42478732;41261759;25756802;990398;27955415
FR;1;2022-04-30;799;1431;6312;9104;6153;42479531;41263190;25763114;999502;27961568
FR;1;2022-05-01;149;260;804;909;799;42479680;41263450;25763918;1000411;27962367
FR;1;2022-05-02;879;1796;10116;16582;9980;42480559;41265246;25774034;1016993;27972347
FR;1;2022-05-03;1341;2487;12325;32377;12232;42481900;41267733;25786359;1049370;27984579
FR;1;2022-05-04;1257;2385;10752;23394;10900;42483157;41270118;25797111;1072764;27995479
FR;1;2022-05-05;1303;2315;11338;31238;11167;42484460;41272433;25808449;1104002;28006646
FR;1;2022-05-06;1646;3086;13969;34537;13523;42486106;41275519;25822418;1138539;28020169
FR;1;2022-05-07;813;1441;5898;9043;5929;42486919;41276960;25828316;1147582;28026098
FR;1;2022-05-08;180;315;1041;1446;1102;42487099;41277275;25829357;1149028;28027200
FR;1;2022-05-09;995;1827;9037;18947;8949;42488094;41279102;25838394;1167975;28036149
FR;1;2022-05-10;1337;2463;12134;36490;11756;42489431;41281565;25850528;1204465;28047905
FR;1;2022-05-11;1351;2165;9577;25586;9486;42490782;41283730;25860105;1230051;28057391
FR;1;2022-05-12;1230;2191;10131;32876;9791;42492012;41285921;25870236;1262927;28067182
FR;1;2022-05-13;1543;2675;12517;35290;12170;42493555;41288596;25882753;1298217;28079352
FR;1;2022-05-14;751;1261;5229;10103;5106;42494306;41289857;25887982;1308320;28084458
FR;1;2022-05-15;201;352;1048;1331;1129;42494507;41290209;25889030;1309651;28085587
FR;1;2022-05-16;899;1618;7363;19569;7415;42495406;41291827;25896393;1329220;28093002
FR;1;2022-05-17;1216;2119;10305;35292;9922;42496622;41293946;25906698;1364512;28102924
FR;1;2022-05-18;1215;1928;8137;25227;8090;42497837;41295874;25914835;1389739;28111014
FR;1;2022-05-19;1127;2183;8986;32756;8925;42498964;41298057;25923821;1422495;28119939
FR;1;2022-05-20;1509;2528;11402;37021;11023;42500473;41300585;25935223;1459516;28130962
FR;1;2022-05-21;751;1300;4681;9186;4639;42501224;41301885;25939904;1468702;28135601
FR;1;2022-05-22;175;266;909;1296;904;42501399;41302151;25940813;1469998;28136505
FR;1;2022-05-23;878;1620;6786;18741;6751;42502277;41303771;25947599;1488739;28143256
FR;1;2022-05-24;1214;2255;9563;35773;9390;42503491;41306026;25957162;1524512;28152646
FR;1;2022-05-25;1199;2106;7906;22927;8067;42504690;41308132;25965068;1547439;28160713
FR;1;2022-05-26;133;228;720;984;753;42504823;41308360;25965788;1548423;28161466
FR;1;2022-05-27;1019;1963;7576;20028;7388;42505842;41310323;25973364;1568451;28168854
FR;1;2022-05-28;450;978;3283;6425;3327;42506292;41311301;25976647;1574876;28172181
FR;1;2022-05-29;105;227;651;815;648;42506397;41311528;25977298;1575691;28172829
FR;1;2022-05-30;759;1566;5682;17641;5669;42507156;41313094;25982980;1593332;28178498
FR;1;2022-05-31;1149;1963;8447;32254;8340;42508305;41315057;25991427;1625586;28186838
FR;2;2020-12-27;0;0;0;0;0;0;0;0;0;0
FR;2;2020-12-28;0;0;0;0;0;0;0;0;0;0
FR;2;2020-12-29;0;0;0;0;0;0;0;0;0;0
FR;2;2020-12-30;0;0;0;0;0;0;0;0;0;0
FR;2;2020-12-31;0;0;0;0;0;0;0;0;0;0
FR;2;2021-01-01;0;0;0;0;0;0;0;0;0;0
FR;2;2021-01-02;0;0;0;0;0;0;0;0;0;0
FR;2;2021-01-03;0;0;0;0;0;0;0;0;0;0
FR;2;2021-01-04;0;0;0;0;0;0;0;0;0;0
FR;2;2021-01-05;0;0;0;0;0;0;0;0;0;0
FR;2;2021-01-06;0;0;0;0;0;0;0;0;0;0
FR;2;2021-01-07;0;0;0;0;0;0;0;0;0;0
FR;2;2021-01-08;0;0;0;0;0;0;0;0;0;0
FR;2;2021-01-09;0;0;0;0;0;0;0;0;0;0
FR;2;2021-01-10;0;0;0;0;0;0;0;0;0;0
FR;2;2021-01-11;0;0;0;0;0;0;0;0;0;0
FR;2;2021-01-12;0;0;0;0;0;0;0;0;0;0
FR;2;2021-01-13;0;0;0;0;0;0;0;0;0;0
FR;2;2021-01-14;1687;0;0;0;0;1687;0;0;0;0
FR;2;2021-01-15;396;0;0;0;0;2083;0;0;0;0
FR;2;2021-01-16;315;0;0;0;0;2398;0;0;0;0
FR;2;2021-01-17;81;0;0;0;0;2479;0;0;0;0
FR;2;2021-01-18;3073;2;0;0;0;5552;2;0;0;0
FR;2;2021-01-19;4676;0;0;0;0;10228;2;0;0;0
FR;2;2021-01-20;5135;4;0;0;0;15363;6;0;0;0
FR;2;2021-01-21;5338;8;0;0;0;20701;14;0;0;0
FR;2;2021-01-22;5115;7;0;0;0;25816;21;0;0;0
FR;2;2021-01-23;1866;0;0;0;0;27682;21;0;0;0
FR;2;2021-01-24;160;1;0;0;0;27842;22;0;0;0
FR;2;2021-01-25;3811;3;0;0;0;31653;25;0;0;0
FR;2;2021-01-26;3919;1;0;0;0;35572;26;0;0;0
FR;2;2021-01-27;3598;2;0;0;0;39170;28;0;0;0
FR;2;2021-01-28;3747;7;0;0;0;42917;35;0;0;0
FR;2;2021-01-29;3291;2;0;0;0;46208;37;0;0;0
FR;2;2021-01-30;1130;1;0;0;0;47338;38;0;0;0
FR;2;2021-01-31;45;1;0;0;0;47383;39;0;0;0
FR;2;2021-02-01;3399;3;0;0;0;50782;42;0;0;0
FR;2;2021-02-02;4489;10;0;0;0;55271;52;0;0;0
FR;2;2021-02-03;5218;6;0;0;0;60489;58;0;0;0
FR;2;2021-02-04;4931;10;0;0;0;65420;68;0;0;0
FR;2;2021-02-05;4810;13;0;0;0;70230;81;0;0;0
FR;2;2021-02-06;2040;12;0;0;0;72270;93;0;0;0
FR;2;2021-02-07;101;4;0;0;0;72371;97;0;0;0
FR;2;2021-02-08;7553;19;0;0;0;79924;116;0;0;0
FR;2;2021-02-09;8420;28;0;0;0;88344;144;0;0;0
FR;2;2021-02-10;9338;58;0;0;0;97682;202;0;0;0
FR;2;2021-02-11;10279;97;0;0;0;107961;299;0;0;0
FR;2;2021-02-12;10053;260;0;0;0;118014;559;0;0;0
FR;2;2021-02-13;3118;226;0;0;0;121132;785;0;0;0
FR;2;2021-02-14;355;8;0;0;0;121487;793;0;0;0
FR;2;2021-02-15;3454;3099;0;0;0;124941;3892;0;0;0
FR;2;2021-02-16;5066;4032;0;0;0;130007;7924;0;0;0
FR;2;2021-02-17;4253;4468;0;0;0;134260;12392;0;0;0
FR;2;2021-02-18;5400;5117;0;0;0;139660;17509;0;0;0
FR;2;2021-02-19;5324;4399;0;0;0;144984;21908;0;0;0
FR;2;2021-02-20;1869;1508;0;0;0;146853;23416;0;0;0
FR;2;2021-02-21;242;88;0;0;0;147095;23504;0;0;0
FR;2;2021-02-22;3611;3749;0;0;0;150706;27253;0;0;0
FR;2;2021-02-23;4952;3692;0;0;0;155658;30945;0;0;0
FR;2;2021-02-24;5010;3495;0;0;0;160668;34440;0;0;0
FR;2;2021-02-25;5483;3454;0;0;0;166151;37894;0;0;0
FR;2;2021-02-26;4361;3147;0;0;0;170512;41041;0;0;0
FR;2;2021-02-27;1623;1053;0;0;0;172135;42094;0;0;0
FR;2;2021-02-28;177;29;0;0;0;172312;42123;0;0;0
FR;2;2021-03-01;5178;3726;0;0;0;177490;45849;0;0;0
FR;2;2021-03-02;6528;4729;0;0;0;184018;50578;0;0;0
FR;2;2021-03-03;6534;4921;0;0;0;190552;55499;0;0;0
FR;2;2021-03-04;8397;4056;0;0;0;198949;59555;0;0;0
FR;2;2021-03-05;8028;4062;0;0;0;206977;63617;0;0;0
FR;2;2021-03-06;4783;1683;0;0;0;211760;65300;0;0;0
FR;2;2021-03-07;2372;30;0;0;0;214132;65330;0;0;0
FR;2;2021-03-08;4164;8333;0;0;0;218296;73663;0;0;0
FR;2;2021-03-09;7485;8497;1;0;0;225781;82160;1;0;0
FR;2;2021-03-10;7099;9141;0;0;0;232880;91301;1;0;0
FR;2;2021-03-11;9372;9244;1;0;0;242252;100545;2;0;0
FR;2;2021-03-12;7972;8222;0;0;0;250224;108767;2;0;0
FR;2;2021-03-13;10046;2558;0;0;0;260270;111325;2;0;0
FR;2;2021-03-14;4838;404;0;0;0;265108;111729;2;0;0
FR;2;2021-03-15;10905;3486;0;0;0;276013;115215;2;0;0
FR;2;2021-03-16;16761;4647;1;0;0;292774;119862;3;0;0
FR;2;2021-03-17;20226;3973;0;0;0;313000;123835;3;0;0
FR;2;2021-03-18;23364;4974;0;0;0;336364;128809;3;0;0
FR;2;2021-03-19;23302;4578;0;0;0;359666;133387;3;0;0
FR;2;2021-03-20;25443;1549;0;0;0;385109;134936;3;0;0
FR;2;2021-03-21;17669;150;0;0;0;402778;135086;3;0;0
FR;2;2021-03-22;17782;3142;0;0;0;420560;138228;3;0;0
FR;2;2021-03-23;22686;4202;0;0;0;443246;142430;3;0;0
FR;2;2021-03-24;23954;5017;0;0;0;467200;147447;3;0;0
FR;2;2021-03-25;26739;5139;1;0;0;493939;152586;4;0;0
FR;2;2021-03-26;26976;4238;0;0;0;520915;156824;4;0;0
FR;2;2021-03-27;15918;1330;0;0;0;536833;158154;4;0;0
FR;2;2021-03-28;10561;120;0;0;0;547394;158274;4;0;0
FR;2;2021-03-29;18987;4289;0;0;0;566381;162563;4;0;0
FR;2;2021-03-30;24575;6027;0;0;0;590956;168590;4;0;0
FR;2;2021-03-31;28553;5925;0;0;0;619509;174515;4;0;0
FR;2;2021-04-01;34544;8499;1;0;0;654053;183014;5;0;0
FR;2;2021-04-02;29976;7668;0;0;0;684029;190682;5;0;0
FR;2;2021-04-03;16953;3789;0;0;0;700982;194471;5;0;0
FR;2;2021-04-04;9305;1024;2;0;0;710287;195495;7;0;0
FR;2;2021-04-05;12444;805;0;0;0;722731;196300;7;0;0
FR;2;2021-04-06;27143;7037;0;0;0;749874;203337;7;0;0
FR;2;2021-04-07;30926;7145;1;0;0;780800;210482;8;0;0
FR;2;2021-04-08;36880;8726;1;0;0;817680;219208;9;0;0
FR;2;2021-04-09;33835;8541;28;0;0;851515;227749;37;0;0
FR;2;2021-04-10;19678;9028;1;0;0;871193;236777;38;0;0
FR;2;2021-04-11;7941;4255;1;0;0;879134;241032;39;0;0
FR;2;2021-04-12;17121;11140;0;0;0;896255;252172;39;0;0
FR;2;2021-04-13;19448;16192;1;0;0;915703;268364;40;0;0
FR;2;2021-04-14;18060;16309;7;0;0;933763;284673;47;0;0
FR;2;2021-04-15;22186;21003;27;0;0;955949;305676;74;0;0
FR;2;2021-04-16;20705;20149;45;0;0;976654;325825;119;0;0
FR;2;2021-04-17;13253;22432;5;0;0;989907;348257;124;0;0
FR;2;2021-04-18;5907;14393;6;0;0;995814;362650;130;0;0
FR;2;2021-04-19;16831;16275;24;0;0;1012645;378925;154;0;0
FR;2;2021-04-20;19319;21590;38;0;0;1031964;400515;192;0;0
FR;2;2021-04-21;20280;21706;76;0;0;1052244;422221;268;0;0
FR;2;2021-04-22;23810;24869;41;0;0;1076054;447090;309;0;0
FR;2;2021-04-23;24516;25353;76;0;0;1100570;472443;385;0;0
FR;2;2021-04-24;25301;15088;104;0;0;1125871;487531;489;0;0
FR;2;2021-04-25;9592;8601;5;0;0;1135463;496132;494;0;0
FR;2;2021-04-26;17157;17262;21;0;0;1152620;513394;515;0;0
FR;2;2021-04-27;19240;24223;40;0;0;1171860;537617;555;0;0
FR;2;2021-04-28;22333;26220;112;0;0;1194193;563837;667;0;0
FR;2;2021-04-29;25466;30148;69;0;0;1219659;593985;736;0;0
FR;2;2021-04-30;25529;27745;49;1;0;1245188;621730;785;1;0
FR;2;2021-05-01;14981;9871;6;0;0;1260169;631601;791;1;0
FR;2;2021-05-02;6635;9174;2;0;0;1266804;640775;793;1;0
FR;2;2021-05-03;20012;19243;40;0;0;1286816;660018;833;1;0
FR;2;2021-05-04;18280;29050;33;0;0;1305096;689068;866;1;0
FR;2;2021-05-05;18359;29388;48;0;0;1323455;718456;914;1;0
FR;2;2021-05-06;23539;35244;131;0;0;1346994;753700;1045;1;0
FR;2;2021-05-07;25323;33192;97;0;0;1372317;786892;1142;1;0
FR;2;2021-05-08;21337;9836;14;0;0;1393654;796728;1156;1;0
FR;2;2021-05-09;13162;7839;7;0;0;1406816;804567;1163;1;0
FR;2;2021-05-10;32937;22108;49;0;0;1439753;826675;1212;1;0
FR;2;2021-05-11;43595;21024;101;0;0;1483348;847699;1313;1;0
FR;2;2021-05-12;50041;19833;143;0;0;1533389;867532;1456;1;0
FR;2;2021-05-13;51289;5744;31;0;0;1584678;873276;1487;1;0
FR;2;2021-05-14;61344;12912;132;0;0;1646022;886188;1619;1;0
FR;2;2021-05-15;65925;7138;39;0;0;1711947;893326;1658;1;0
FR;2;2021-05-16;43581;2566;10;0;0;1755528;895892;1668;1;0
FR;2;2021-05-17;44742;12569;114;0;0;1800270;908461;1782;1;0
FR;2;2021-05-18;54633;12240;191;0;0;1854903;920701;1973;1;0
FR;2;2021-05-19;57163;10591;281;0;0;1912066;931292;2254;1;0
FR;2;2021-05-20;63431;10834;287;0;0;1975497;942126;2541;1;0
FR;2;2021-05-21;64290;11636;230;0;0;2039787;953762;2771;1;0
FR;2;2021-05-22;61479;4506;65;0;0;2101266;958268;2836;1;0
FR;2;2021-05-23;37531;571;22;0;0;2138797;958839;2858;1;0
FR;2;2021-05-24;17235;2035;34;0;0;2156032;960874;2892;1;0
FR;2;2021-05-25;21104;12224;240;0;0;2177136;973098;3132;1;0
FR;2;2021-05-26;19933;11458;229;0;0;2197069;984556;3361;1;0
FR;2;2021-05-27;22994;12661;182;0;0;2220063;997217;3543;1;0
FR;2;2021-05-28;29389;14946;190;0;0;2249452;1012163;3733;1;0
FR;2;2021-05-29;30418;8180;57;0;0;2279870;1020343;3790;1;0
FR;2;2021-05-30;4646;1817;6;0;0;2284516;1022160;3796;1;0
FR;2;2021-05-31;28585;18714;183;0;0;2313101;1040874;3979;1;0
FR;2;2021-06-01;45711;19998;224;0;0;2358812;1060872;4203;1;0
FR;2;2021-06-02;37463;19288;181;0;0;2396275;1080160;4384;1;0
FR;2;2021-06-03;51270;23316;161;0;0;2447545;1103476;4545;1;0
FR;2;2021-06-04;65508;24054;215;0;0;2513053;1127530;4760;1;0
FR;2;2021-06-05;34598;24033;51;0;0;2547651;1151563;4811;1;0
FR;2;2021-06-06;4953;6198;10;0;0;2552604;1157761;4821;1;0
FR;2;2021-06-07;28166;23040;146;0;0;2580770;1180801;4967;1;0
FR;2;2021-06-08;46369;22918;143;0;0;2627139;1203719;5110;1;0
FR;2;2021-06-09;34285;20912;107;0;0;2661424;1224631;5217;1;0
FR;2;2021-06-10;42635;19129;95;1;0;2704059;1243760;5312;2;0
FR;2;2021-06-11;55287;25222;134;0;0;2759346;1268982;5446;2;0
FR;2;2021-06-12;30559;19777;53;0;0;2789905;1288759;5499;2;0
FR;2;2021-06-13;3329;9186;13;0;0;2793234;1297945;5512;2;0
FR;2;2021-06-14;25295;24155;92;0;0;2818529;1322100;5604;2;0
FR;2;2021-06-15;39033;22841;154;0;0;2857562;1344941;5758;2;0
FR;2;2021-06-16;30159;21437;134;0;0;2887721;1366378;5892;2;0
FR;2;2021-06-17;36905;25853;150;0;0;2924626;1392231;6042;2;0
FR;2;2021-06-18;46845;28815;122;0;0;2971471;1421046;6164;2;0
FR;2;2021-06-19;24524;24892;39;0;0;2995995;1445938;6203;2;0
FR;2;2021-06-20;3740;10065;10;0;0;2999735;1456003;6213;2;0
FR;2;2021-06-21;17522;42840;87;0;0;3017257;1498843;6300;2;0
FR;2;2021-06-22;28357;49564;110;0;0;3045614;1548407;6410;2;0
FR;2;2021-06-23;21788;49560;107;1;1;3067402;1597967;6517;3;1
FR;2;2021-06-24;28375;50279;133;0;0;3095777;1648246;6650;3;1
FR;2;2021-06-25;33399;60398;127;0;0;3129176;1708644;6777;3;1
FR;2;2021-06-26;16378;59248;54;1;0;3145554;1767892;6831;4;1
FR;2;2021-06-27;2564;29321;22;1;0;3148118;1797213;6853;5;1
FR;2;2021-06-28;12637;54340;83;0;0;3160755;1851553;6936;5;1
FR;2;2021-06-29;19841;59886;178;0;0;3180596;1911439;7114;5;1
FR;2;2021-06-30;16322;57876;252;17;0;3196918;1969315;7366;22;1
FR;2;2021-07-01;20484;59891;227;0;0;3217402;2029206;7593;22;1
FR;2;2021-07-02;24069;62138;184;0;0;3241471;2091344;7777;22;1
FR;2;2021-07-03;12111;57083;153;0;0;3253582;2148427;7930;22;1
FR;2;2021-07-04;1958;23310;18;0;0;3255540;2171737;7948;22;1
FR;2;2021-07-05;9171;29366;106;0;0;3264711;2201103;8054;22;1
FR;2;2021-07-06;14575;36203;135;0;0;3279286;2237306;8189;22;1
FR;2;2021-07-07;14403;33670;139;0;0;3293689;2270976;8328;22;1
FR;2;2021-07-08;19714;40294;162;0;0;3313403;2311270;8490;22;1
FR;2;2021-07-09;27094;54280;202;1;0;3340497;2365550;8692;23;1
FR;2;2021-07-10;13384;33667;107;0;0;3353881;2399217;8799;23;1
FR;2;2021-07-11;1805;4352;16;0;0;3355686;2403569;8815;23;1
FR;2;2021-07-12;12963;37276;118;0;0;3368649;2440845;8933;23;1
FR;2;2021-07-13;37111;53216;150;0;0;3405760;2494061;9083;23;1
FR;2;2021-07-14;6609;3560;15;0;0;3412369;2497621;9098;23;1
FR;2;2021-07-15;47232;47028;156;0;0;3459601;2544649;9254;23;1
FR;2;2021-07-16;64306;55811;187;0;0;3523907;2600460;9441;23;1
FR;2;2021-07-17;31594;23931;96;0;0;3555501;2624391;9537;23;1
FR;2;2021-07-18;6087;4880;19;0;0;3561588;2629271;9556;23;1
FR;2;2021-07-19;32989;28684;94;0;0;3594577;2657955;9650;23;1
FR;2;2021-07-20;51989;44567;155;0;0;3646566;2702522;9805;23;1
FR;2;2021-07-21;45244;34755;93;0;0;3691810;2737277;9898;23;1
FR;2;2021-07-22;56273;41093;128;1;0;3748083;2778370;10026;24;1
FR;2;2021-07-23;68276;49076;170;0;0;3816359;2827446;10196;24;1
FR;2;2021-07-24;36167;21596;82;0;0;3852526;2849042;10278;24;1
FR;2;2021-07-25;6743;2650;10;0;0;3859269;2851692;10288;24;1
FR;2;2021-07-26;36299;22446;91;1;0;3895568;2874138;10379;25;1
FR;2;2021-07-27;62360;34619;180;0;0;3957928;2908757;10559;25;1
FR;2;2021-07-28;55299;26453;132;0;0;4013227;2935210;10691;25;1
FR;2;2021-07-29;68457;32785;189;0;0;4081684;2967995;10880;25;1
FR;2;2021-07-30;74433;37773;222;1;1;4156117;3005768;11102;26;2
FR;2;2021-07-31;34752;16191;104;0;0;4190869;3021959;11206;26;2
FR;2;2021-08-01;5397;2280;19;0;0;4196266;3024239;11225;26;2
FR;2;2021-08-02;35865;16201;101;0;0;4232131;3040440;11326;26;2
FR;2;2021-08-03;55963;28291;142;0;0;4288094;3068731;11468;26;2
FR;2;2021-08-04;46625;20861;128;1;0;4334719;3089592;11596;27;2
FR;2;2021-08-05;54618;31587;215;0;0;4389337;3121179;11811;27;2
FR;2;2021-08-06;58081;42392;242;1;0;4447418;3163571;12053;28;2
FR;2;2021-08-07;25134;17604;89;0;0;4472552;3181175;12142;28;2
FR;2;2021-08-08;3833;3668;21;0;0;4476385;3184843;12163;28;2
FR;2;2021-08-09;29299;21128;91;0;0;4505684;3205971;12254;28;2
FR;2;2021-08-10;44989;33518;154;0;0;4550673;3239489;12408;28;2
FR;2;2021-08-11;35264;25173;151;0;0;4585937;3264662;12559;28;2
FR;2;2021-08-12;41894;35732;162;0;0;4627831;3300394;12721;28;2
FR;2;2021-08-13;42587;37070;218;0;0;4670418;3337464;12939;28;2
FR;2;2021-08-14;18508;22250;93;0;0;4688926;3359714;13032;28;2
FR;2;2021-08-15;3821;3814;17;0;0;4692747;3363528;13049;28;2
FR;2;2021-08-16;25079;27200;110;0;0;4717826;3390728;13159;28;2
FR;2;2021-08-17;38250;43481;205;2;0;4756076;3434209;13364;30;2
FR;2;2021-08-18;32246;36367;195;1;1;4788322;3470576;13559;31;3
FR;2;2021-08-19;37429;46585;224;0;0;4825751;3517161;13783;31;3
FR;2;2021-08-20;40558;55606;269;1;0;4866309;3572767;14052;32;3
FR;2;2021-08-21;18116;24308;115;0;0;4884425;3597075;14167;32;3
FR;2;2021-08-22;2904;4318;22;1;1;4887329;3601393;14189;33;4
FR;2;2021-08-23;19240;35162;131;1;0;4906569;3636555;14320;34;4
FR;2;2021-08-24;31941;56031;235;0;0;4938510;3692586;14555;34;4
FR;2;2021-08-25;25927;43432;250;0;0;4964437;3736018;14805;34;4
FR;2;2021-08-26;32350;55790;387;0;0;4996787;3791808;15192;34;4
FR;2;2021-08-27;36992;65593;478;2;0;5033779;3857401;15670;36;4
FR;2;2021-08-28;17814;28488;300;0;0;5051593;3885889;15970;36;4
FR;2;2021-08-29;2655;5033;47;0;0;5054248;3890922;16017;36;4
FR;2;2021-08-30;18409;37747;399;0;756;5072657;3928669;16416;36;760
FR;2;2021-08-31;28077;57500;886;4;1538;5100734;3986169;17302;40;2298
FR;2;2021-09-01;21590;39839;1307;0;2091;5122324;4026008;18609;40;4389
FR;2;2021-09-02;25479;48610;1962;2;3297;5147803;4074618;20571;42;7686
FR;2;2021-09-03;33404;64477;2987;3;4828;5181207;4139095;23558;45;12514
FR;2;2021-09-04;16827;27704;1442;1;2358;5198034;4166799;25000;46;14872
FR;2;2021-09-05;2260;3607;265;0;412;5200294;4170406;25265;46;15284
FR;2;2021-09-06;14037;28732;1769;1;2929;5214331;4199138;27034;47;18213
FR;2;2021-09-07;21103;41061;3020;13;4861;5235434;4240199;30054;60;23074
FR;2;2021-09-08;17241;31931;2732;6;4467;5252675;4272130;32786;66;27541
FR;2;2021-09-09;20973;40430;4432;3;6753;5273648;4312560;37218;69;34294
FR;2;2021-09-10;28195;51155;5282;4;8829;5301843;4363715;42500;73;43123
FR;2;2021-09-11;13653;22359;2403;5;3939;5315496;4386074;44903;78;47062
FR;2;2021-09-12;1822;2787;284;0;505;5317318;4388861;45187;78;47567
FR;2;2021-09-13;11656;21442;2468;4;4010;5328974;4410303;47655;82;51577
FR;2;2021-09-14;18567;32772;5084;13;9043;5347541;4443075;52739;95;60620
FR;2;2021-09-15;14909;28283;5164;3;7779;5362450;4471358;57903;98;68399
FR;2;2021-09-16;16071;32767;6735;14;10529;5378521;4504125;64638;112;78928
FR;2;2021-09-17;20911;47092;8777;10;14578;5399432;4551217;73415;122;93506
FR;2;2021-09-18;9855;20924;3804;6;6022;5409287;4572141;77219;128;99528
FR;2;2021-09-19;1164;2647;395;0;643;5410451;4574788;77614;128;100171
FR;2;2021-09-20;7491;18782;3851;7;6153;5417942;4593570;81465;135;106324
FR;2;2021-09-21;11207;29997;6494;5;10737;5429149;4623567;87959;140;117061
FR;2;2021-09-22;9406;23541;5491;7;8513;5438555;4647108;93450;147;125574
FR;2;2021-09-23;10722;28877;7879;9;12636;5449277;4675985;101329;156;138210
FR;2;2021-09-24;15066;42867;10874;18;17196;5464343;4718852;112203;174;155406
FR;2;2021-09-25;7257;18747;3962;10;6084;5471600;4737599;116165;184;161490
FR;2;2021-09-26;1079;2556;494;0;631;5472679;4740155;116659;184;162121
FR;2;2021-09-27;6313;16447;4286;8;6551;5478992;4756602;120945;192;168672
FR;2;2021-09-28;9238;25549;7768;13;12072;5488230;4782151;128713;205;180744
FR;2;2021-09-29;8080;20208;6066;25;9263;5496310;4802359;134779;230;190007
FR;2;2021-09-30;9863;25791;9503;16;14079;5506173;4828150;144282;246;204086
FR;2;2021-10-01;13968;35635;12913;25;19232;5520141;4863785;157195;271;223318
FR;2;2021-10-02;6873;15877;4845;6;7008;5527014;4879662;162040;277;230326
FR;2;2021-10-03;841;1939;492;1;514;5527855;4881601;162532;278;230840
FR;2;2021-10-04;5819;13931;5516;5;7860;5533674;4895532;168048;283;238700
FR;2;2021-10-05;9052;22548;11121;19;15714;5542726;4918080;179169;302;254414
FR;2;2021-10-06;7781;17736;8239;11;11068;5550507;4935816;187408;313;265482
FR;2;2021-10-07;9196;22179;12378;15;16835;5559703;4957995;199786;328;282317
FR;2;2021-10-08;13423;32059;17346;27;23539;5573126;4990054;217132;355;305856
FR;2;2021-10-09;5996;12823;6041;6;7877;5579122;5002877;223173;361;313733
FR;2;2021-10-10;883;1634;436;2;632;5580005;5004511;223609;363;314365
FR;2;2021-10-11;5603;11599;6454;17;8835;5585608;5016110;230063;380;323200
FR;2;2021-10-12;8033;17755;12538;13;16732;5593641;5033865;242601;393;339932
FR;2;2021-10-13;6944;14846;10245;11;13606;5600585;5048711;252846;404;353538
FR;2;2021-10-14;8310;17938;14989;13;19448;5608895;5066649;267835;417;372986
FR;2;2021-10-15;11846;26277;20901;26;27945;5620741;5092926;288736;443;400931
FR;2;2021-10-16;5137;8726;1816;0;3204;5625878;5101652;290552;443;404135
FR;2;2021-10-17;651;1188;184;0;373;5626529;5102840;290736;443;404508
FR;2;2021-10-18;4558;7418;661;2;1673;5631087;5110258;291397;445;406181
FR;2;2021-10-19;6235;9898;729;5;2053;5637322;5120156;292126;450;408234
FR;2;2021-10-20;5162;8094;756;3;1684;5642484;5128250;292882;453;409918
FR;2;2021-10-21;6088;9968;779;5;2101;5648572;5138218;293661;458;412019
FR;2;2021-10-22;8446;14578;1147;4;2878;5657018;5152796;294808;462;414897
FR;2;2021-10-23;3840;6000;584;0;1234;5660858;5158796;295392;462;416131
FR;2;2021-10-24;494;888;100;0;203;5661352;5159684;295492;462;416334
FR;2;2021-10-25;3357;5369;303;1;825;5664709;5165053;295795;463;417159
FR;2;2021-10-26;4175;7257;1125;4;2005;5668884;5172310;296920;467;419164
FR;2;2021-10-27;3673;6629;1193;5;1997;5672557;5178939;298113;472;421161
FR;2;2021-10-28;4596;7690;1727;3;2746;5677153;5186629;299840;475;423907
FR;2;2021-10-29;5407;11079;2433;4;3669;5682560;5197708;302273;479;427576
FR;2;2021-10-30;2748;4437;973;1;1428;5685308;5202145;303246;480;429004
FR;2;2021-10-31;363;534;139;1;187;5685671;5202679;303385;481;429191
FR;2;2021-11-01;418;553;175;0;267;5686089;5203232;303560;481;429458
FR;2;2021-11-02;3287;6759;1179;0;1756;5689376;5209991;304739;481;431214
FR;2;2021-11-03;3338;6249;1383;2;1966;5692714;5216240;306122;483;433180
FR;2;2021-11-04;3985;7097;1761;4;2491;5696699;5223337;307883;487;435671
FR;2;2021-11-05;5227;10510;2864;5;3944;5701926;5233847;310747;492;439615
FR;2;2021-11-06;2594;4669;1397;0;1809;5704520;5238516;312144;492;441424
FR;2;2021-11-07;508;865;218;0;287;5705028;5239381;312362;492;441711
FR;2;2021-11-08;2578;5361;1201;3;1676;5707606;5244742;313563;495;443387
FR;2;2021-11-09;2749;6949;2394;6;3175;5710355;5251691;315957;501;446562
FR;2;2021-11-10;2587;5711;5094;6;6273;5712942;5257402;321051;507;452835
FR;2;2021-11-11;435;748;732;2;915;5713377;5258150;321783;509;453750
FR;2;2021-11-12;2951;8112;8964;8;10902;5716328;5266262;330747;517;464652
FR;2;2021-11-13;1534;3382;3865;7;4527;5717862;5269644;334612;524;469179
FR;2;2021-11-14;254;605;349;1;487;5718116;5270249;334961;525;469666
FR;2;2021-11-15;1622;3689;4435;9;5319;5719738;5273938;339396;534;474985
FR;2;2021-11-16;2184;5945;8297;14;10075;5721922;5279883;347693;548;485060
FR;2;2021-11-17;1740;4557;6619;8;7832;5723662;5284440;354312;556;492892
FR;2;2021-11-18;2189;5948;9170;11;10994;5725851;5290388;363482;567;503886
FR;2;2021-11-19;2697;7802;12959;19;15465;5728548;5298190;376441;586;519351
FR;2;2021-11-20;1563;3336;5170;5;6076;5730111;5301526;381611;591;525427
FR;2;2021-11-21;246;519;540;0;663;5730357;5302045;382151;591;526090
FR;2;2021-11-22;1275;2622;4469;5;5400;5731632;5304667;386620;596;531490
FR;2;2021-11-23;1614;4311;8187;9;9895;5733246;5308978;394807;605;541385
FR;2;2021-11-24;1418;3796;7463;14;8721;5734664;5312774;402270;619;550106
FR;2;2021-11-25;1812;4897;11450;21;13651;5736476;5317671;413720;640;563757
FR;2;2021-11-26;2538;7780;22656;31;26069;5739014;5325451;436376;671;589826
FR;2;2021-11-27;1497;4131;12256;18;13995;5740511;5329582;448632;689;603821
FR;2;2021-11-28;291;842;1966;3;2290;5740802;5330424;450598;692;606111
FR;2;2021-11-29;1444;4388;15073;23;17244;5742246;5334812;465671;715;623355
FR;2;2021-11-30;1911;6749;26221;36;29973;5744157;5341561;491892;751;653328
FR;2;2021-12-01;1905;6094;26184;29;29504;5746062;5347655;518076;780;682832
FR;2;2021-12-02;1908;6826;37684;52;41925;5747970;5354481;555760;832;724757
FR;2;2021-12-03;2550;10112;53586;112;59310;5750520;5364593;609346;944;784067
FR;2;2021-12-04;1849;6304;37089;38;40765;5752369;5370897;646435;982;824832
FR;2;2021-12-05;458;2264;14252;14;15989;5752827;5373161;660687;996;840821
FR;2;2021-12-06;2466;9891;77681;109;84727;5755293;5383052;738368;1105;925548
FR;2;2021-12-07;3446;15332;122409;238;133694;5758739;5398384;860777;1343;1059242
FR;2;2021-12-08;3717;16056;133169;330;145370;5762456;5414440;993946;1673;1204612
FR;2;2021-12-09;4544;19632;170147;554;185504;5767000;5434072;1164093;2227;1390116
FR;2;2021-12-10;4671;22810;188608;490;206041;5771671;5456882;1352701;2717;1596157
FR;2;2021-12-11;3682;16624;132422;239;144855;5775353;5473506;1485123;2956;1741012
FR;2;2021-12-12;1257;7131;59082;83;65132;5776610;5480637;1544205;3039;1806144
FR;2;2021-12-13;5525;26863;220654;604;242936;5782135;5507500;1764859;3643;2049080
FR;2;2021-12-14;7018;37530;300715;910;332185;5789153;5545030;2065574;4553;2381265
FR;2;2021-12-15;6557;36237;285174;955;315770;5795710;5581267;2350748;5508;2697035
FR;2;2021-12-16;7762;37921;312103;981;343682;5803472;5619188;2662851;6489;3040717
FR;2;2021-12-17;8680;41249;327828;976;360910;5812152;5660437;2990679;7465;3401627
FR;2;2021-12-18;6515;26563;212317;448;233617;5818667;5687000;3202996;7913;3635244
FR;2;2021-12-19;2600;11487;90201;183;100376;5821267;5698487;3293197;8096;3735620
FR;2;2021-12-20;9548;33613;275153;706;303330;5830815;5732100;3568350;8802;4038950
FR;2;2021-12-21;11556;38322;309591;969;341374;5842371;5770422;3877941;9771;4380324
FR;2;2021-12-22;10457;32852;265082;952;292467;5852828;5803274;4143023;10723;4672791
FR;2;2021-12-23;9429;26711;199459;700;221260;5862257;5829985;4342482;11423;4894051
FR;2;2021-12-24;2781;7501;43845;140;49564;5865038;5837486;4386327;11563;4943615
FR;2;2021-12-25;201;699;2000;10;2494;5865239;5838185;4388327;11573;4946109
FR;2;2021-12-26;1322;4213;25148;71;28677;5866561;5842398;4413475;11644;4974786
FR;2;2021-12-27;8077;29943;218380;659;243305;5874638;5872341;4631855;12303;5218091
FR;2;2021-12-28;9840;36342;272062;741;301951;5884478;5908683;4903917;13044;5520042
FR;2;2021-12-29;9495;32285;246107;766;272675;5893973;5940968;5150024;13810;5792717
FR;2;2021-12-30;9454;28139;208810;662;231465;5903427;5969107;5358834;14472;6024182
FR;2;2021-12-31;3007;8374;54980;177;61234;5906434;5977481;5413814;14649;6085416
FR;2;2022-01-01;227;692;2849;7;3344;5906661;5978173;5416663;14656;6088760
FR;2;2022-01-02;1505;4857;29505;75;33392;5908166;5983030;5446168;14731;6122152
FR;2;2022-01-03;9583;35371;266501;806;293862;5917749;6018401;5712669;15537;6416014
FR;2;2022-01-04;12843;45376;342065;1067;376948;5930592;6063777;6054734;16604;6792962
FR;2;2022-01-05;11269;38669;294153;885;323808;5941861;6102446;6348887;17489;7116770
FR;2;2022-01-06;13650;43494;331929;1299;364705;5955511;6145940;6680816;18788;7481475
FR;2;2022-01-07;14220;47641;361079;1270;396411;5969731;6193581;7041895;20058;7877886
FR;2;2022-01-08;7947;28149;201256;515;221686;5977678;6221730;7243151;20573;8099572
FR;2;2022-01-09;2749;8994;62519;137;69522;5980427;6230724;7305670;20710;8169094
FR;2;2022-01-10;10086;31921;232449;858;255035;5990513;6262645;7538119;21568;8424129
FR;2;2022-01-11;11470;36258;265883;1030;290575;6001983;6298903;7804002;22598;8714704
FR;2;2022-01-12;8758;29823;206301;862;226165;6010741;6328726;8010303;23460;8940869
FR;2;2022-01-13;9387;31347;224465;831;244815;6020128;6360073;8234768;24291;9185684
FR;2;2022-01-14;9743;35664;254515;920;277679;6029871;6395737;8489283;25211;9463363
FR;2;2022-01-15;5356;19459;140769;363;153638;6035227;6415196;8630052;25574;9617001
FR;2;2022-01-16;1512;5520;35871;80;39847;6036739;6420716;8665923;25654;9656848
FR;2;2022-01-17;5545;19298;135385;601;147246;6042284;6440014;8801308;26255;9804094
FR;2;2022-01-18;6417;21525;148610;648;160467;6048701;6461539;8949918;26903;9964561
FR;2;2022-01-19;4389;16362;105081;552;113702;6053090;6477901;9054999;27455;10078263
FR;2;2022-01-20;4867;17596;115274;603;123672;6057957;6495497;9170273;28058;10201935
FR;2;2022-01-21;5195;20063;137324;678;147743;6063152;6515560;9307597;28736;10349678
FR;2;2022-01-22;3027;10962;74256;259;80325;6066179;6526522;9381853;28995;10430003
FR;2;2022-01-23;723;2733;15237;41;16837;6066902;6529255;9397090;29036;10446840
FR;2;2022-01-24;3293;12825;75058;430;81020;6070195;6542080;9472148;29466;10527860
FR;2;2022-01-25;3571;14435;79612;496;85447;6073766;6556515;9551760;29962;10613307
FR;2;2022-01-26;2515;10662;58960;363;62986;6076281;6567177;9610720;30325;10676293
FR;2;2022-01-27;2681;11274;64169;388;67906;6078962;6578451;9674889;30713;10744199
FR;2;2022-01-28;3543;18379;91711;430;98959;6082505;6596830;9766600;31143;10843158
FR;2;2022-01-29;1893;9251;48838;164;52923;6084398;6606081;9815438;31307;10896081
FR;2;2022-01-30;464;2241;9452;38;10605;6084862;6608322;9824890;31345;10906686
FR;2;2022-01-31;1887;9589;43817;208;47341;6086749;6617911;9868707;31553;10954027
FR;2;2022-02-01;1911;10053;47020;278;50103;6088660;6627964;9915727;31831;11004130
FR;2;2022-02-02;1607;9030;41102;251;44173;6090267;6636994;9956829;32082;11048303
FR;2;2022-02-03;1723;8944;40509;204;42908;6091990;6645938;9997338;32286;11091211
FR;2;2022-02-04;2152;15217;66627;297;71347;6094142;6661155;10063965;32583;11162558
FR;2;2022-02-05;1360;8535;35938;131;39233;6095502;6669690;10099903;32714;11201791
FR;2;2022-02-06;274;1778;6124;16;6898;6095776;6671468;10106027;32730;11208689
FR;2;2022-02-07;1350;9604;37747;134;41304;6097126;6681072;10143774;32864;11249993
FR;2;2022-02-08;1298;9813;40927;173;43711;6098424;6690885;10184701;33037;11293704
FR;2;2022-02-09;1160;8816;37033;174;40452;6099584;6699701;10221734;33211;11334156
FR;2;2022-02-10;1024;7985;33833;204;36500;6100608;6707686;10255567;33415;11370656
FR;2;2022-02-11;1388;12078;53338;222;57684;6101996;6719764;10308905;33637;11428340
FR;2;2022-02-12;749;6532;27986;83;30805;6102745;6726296;10336891;33720;11459145
FR;2;2022-02-13;200;1336;4833;20;5574;6102945;6727632;10341724;33740;11464719
FR;2;2022-02-14;835;6727;30263;89;33227;6103780;6734359;10371987;33829;11497946
FR;2;2022-02-15;771;6449;28044;141;29982;6104551;6740808;10400031;33970;11527928
FR;2;2022-02-16;655;5348;22051;123;23612;6105206;6746156;10422082;34093;11551540
FR;2;2022-02-17;515;3773;14144;98;14608;6105721;6749929;10436226;34191;11566148
FR;2;2022-02-18;721;5361;20429;134;21125;6106442;6755290;10456655;34325;11587273
FR;2;2022-02-19;430;3047;10527;66;11241;6106872;6758337;10467182;34391;11598514
FR;2;2022-02-20;101;512;1456;3;1604;6106973;6758849;10468638;34394;11600118
FR;2;2022-02-21;421;2682;9117;65;9493;6107394;6761531;10477755;34459;11609611
FR;2;2022-02-22;389;2565;8888;76;8792;6107783;6764096;10486643;34535;11618403
FR;2;2022-02-23;432;2600;8986;82;9264;6108215;6766696;10495629;34617;11627667
FR;2;2022-02-24;314;2028;6797;81;6825;6108529;6768724;10502426;34698;11634492
FR;2;2022-02-25;455;3194;11414;108;11277;6108984;6771918;10513840;34806;11645769
FR;2;2022-02-26;294;1889;6035;49;6340;6109278;6773807;10519875;34855;11652109
FR;2;2022-02-27;75;312;905;5;948;6109353;6774119;10520780;34860;11653057
FR;2;2022-02-28;330;1682;5522;53;5530;6109683;6775801;10526302;34913;11658587
FR;2;2022-03-01;274;1559;5474;44;5191;6109957;6777360;10531776;34957;11663778
FR;2;2022-03-02;296;1430;5243;45;5084;6110253;6778790;10537019;35002;11668862
FR;2;2022-03-03;225;1101;3703;42;3478;6110478;6779891;10540722;35044;11672340
FR;2;2022-03-04;240;1463;4853;73;4498;6110718;6781354;10545575;35117;11676838
FR;2;2022-03-05;172;903;2973;32;2716;6110890;6782257;10548548;35149;11679554
FR;2;2022-03-06;40;182;278;5;318;6110930;6782439;10548826;35154;11679872
FR;2;2022-03-07;155;654;1982;69;1773;6111085;6783093;10550808;35223;11681645
FR;2;2022-03-08;143;653;2270;51;1902;6111228;6783746;10553078;35274;11683547
FR;2;2022-03-09;152;695;2341;37;2042;6111380;6784441;10555419;35311;11685589
FR;2;2022-03-10;119;596;1687;35;1459;6111499;6785037;10557106;35346;11687048
FR;2;2022-03-11;169;753;2767;57;2366;6111668;6785790;10559873;35403;11689414
FR;2;2022-03-12;144;482;1784;27;1553;6111812;6786272;10561657;35430;11690967
FR;2;2022-03-13;25;75;201;29;202;6111837;6786347;10561858;35459;11691169
FR;2;2022-03-14;125;465;1560;529;1289;6111962;6786812;10563418;35988;11692458
FR;2;2022-03-15;138;417;1706;688;1322;6112100;6787229;10565124;36676;11693780
FR;2;2022-03-16;141;464;2010;1611;1588;6112241;6787693;10567134;38287;11695368
FR;2;2022-03-17;93;412;1405;1193;1142;6112334;6788105;10568539;39480;11696510
FR;2;2022-03-18;144;489;2018;1787;1660;6112478;6788594;10570557;41267;11698170
FR;2;2022-03-19;108;318;1209;940;1013;6112586;6788912;10571766;42207;11699183
FR;2;2022-03-20;12;76;190;59;166;6112598;6788988;10571956;42266;11699349
FR;2;2022-03-21;96;301;1210;1481;1074;6112694;6789289;10573166;43747;11700423
FR;2;2022-03-22;117;383;1528;1828;1290;6112811;6789672;10574694;45575;11701713
FR;2;2022-03-23;137;344;1666;3031;1457;6112948;6790016;10576360;48606;11703170
FR;2;2022-03-24;116;290;1180;1546;996;6113064;6790306;10577540;50152;11704166
FR;2;2022-03-25;119;360;1802;2449;1472;6113183;6790666;10579342;52601;11705638
FR;2;2022-03-26;76;246;1202;1220;952;6113259;6790912;10580544;53821;11706590
FR;2;2022-03-27;19;36;152;98;131;6113278;6790948;10580696;53919;11706721
FR;2;2022-03-28;93;286;1133;1588;993;6113371;6791234;10581829;55507;11707714
FR;2;2022-03-29;106;257;1324;2462;1104;6113477;6791491;10583153;57969;11708818
FR;2;2022-03-30;91;312;1482;3183;1315;6113568;6791803;10584635;61152;11710133
FR;2;2022-03-31;103;279;1268;2326;1082;6113671;6792082;10585903;63478;11711215
FR;2;2022-04-01;120;315;1562;2341;1314;6113791;6792397;10587465;65819;11712529
FR;2;2022-04-02;72;160;845;889;737;6113863;6792557;10588310;66708;11713266
FR;2;2022-04-03;16;53;128;112;142;6113879;6792610;10588438;66820;11713408
FR;2;2022-04-04;108;227;984;1434;791;6113987;6792837;10589422;68254;11714199
FR;2;2022-04-05;142;286;1309;2870;1137;6114129;6793123;10590731;71124;11715336
FR;2;2022-04-06;87;244;1303;2499;1113;6114216;6793367;10592034;73623;11716449
FR;2;2022-04-07;119;214;1295;2681;1034;6114335;6793581;10593329;76304;11717483
FR;2;2022-04-08;123;327;1622;3207;1319;6114458;6793908;10594951;79511;11718802
FR;2;2022-04-09;90;218;899;1045;731;6114548;6794126;10595850;80556;11719533
FR;2;2022-04-10;37;46;143;161;118;6114585;6794172;10595993;80717;11719651
FR;2;2022-04-11;85;184;878;1518;769;6114670;6794356;10596871;82235;11720420
FR;2;2022-04-12;176;260;1175;2729;1053;6114846;6794616;10598046;84964;11721473
FR;2;2022-04-13;140;223;1114;2420;972;6114986;6794839;10599160;87384;11722445
FR;2;2022-04-14;114;217;1081;2665;909;6115100;6795056;10600241;90049;11723354
FR;2;2022-04-15;111;241;1187;2249;1044;6115211;6795297;10601428;92298;11724398
FR;2;2022-04-16;64;108;540;545;452;6115275;6795405;10601968;92843;11724850
FR;2;2022-04-17;14;26;57;53;53;6115289;6795431;10602025;92896;11724903
FR;2;2022-04-18;11;35;118;65;113;6115300;6795466;10602143;92961;11725016
FR;2;2022-04-19;108;235;1114;1702;945;6115408;6795701;10603257;94663;11725961
FR;2;2022-04-20;95;237;1090;2101;918;6115503;6795938;10604347;96764;11726879
FR;2;2022-04-21;109;228;972;1822;829;6115612;6796166;10605319;98586;11727708
FR;2;2022-04-22;96;266;1238;2080;1020;6115708;6796432;10606557;100666;11728728
FR;2;2022-04-23;66;154;644;762;573;6115774;6796586;10607201;101428;11729301
FR;2;2022-04-24;11;28;100;68;78;6115785;6796614;10607301;101496;11729379
FR;2;2022-04-25;103;200;819;1312;708;6115888;6796814;10608120;102808;11730087
FR;2;2022-04-26;106;182;1029;1901;869;6115994;6796996;10609149;104709;11730956
FR;2;2022-04-27;95;177;855;1682;758;6116089;6797173;10610004;106391;11731714
FR;2;2022-04-28;90;212;946;1891;841;6116179;6797385;10610950;108282;11732555
FR;2;2022-04-29;76;278;1123;1687;1033;6116255;6797663;10612073;109969;11733588
FR;2;2022-04-30;65;124;464;535;423;6116320;6797787;10612537;110504;11734011
FR;2;2022-05-01;17;22;80;44;81;6116337;6797809;10612617;110548;11734092
FR;2;2022-05-02;112;209;747;1201;643;6116449;6798018;10613364;111749;11734735
FR;2;2022-05-03;145;221;982;1728;919;6116594;6798239;10614346;113477;11735654
FR;2;2022-05-04;86;217;905;1786;848;6116680;6798456;10615251;115263;11736502
FR;2;2022-05-05;121;189;833;1663;746;6116801;6798645;10616084;116926;11737248
FR;2;2022-05-06;129;234;1085;1845;999;6116930;6798879;10617169;118771;11738247
FR;2;2022-05-07;40;95;463;502;400;6116970;6798974;10617632;119273;11738647
FR;2;2022-05-08;45;46;103;70;91;6117015;6799020;10617735;119343;11738738
FR;2;2022-05-09;100;167;638;981;590;6117115;6799187;10618373;120324;11739328
FR;2;2022-05-10;111;233;917;1764;868;6117226;6799420;10619290;122088;11740196
FR;2;2022-05-11;96;161;796;1831;774;6117322;6799581;10620086;123919;11740970
FR;2;2022-05-12;108;165;825;2056;786;6117430;6799746;10620911;125975;11741756
FR;2;2022-05-13;94;226;941;1940;878;6117524;6799972;10621852;127915;11742634
FR;2;2022-05-14;75;116;430;551;390;6117599;6800088;10622282;128466;11743024
FR;2;2022-05-15;23;34;91;86;102;6117622;6800122;10622373;128552;11743126
FR;2;2022-05-16;101;161;571;904;510;6117723;6800283;10622944;129456;11743636
FR;2;2022-05-17;94;179;665;1657;636;6117817;6800462;10623609;131113;11744272
FR;2;2022-05-18;80;170;608;1396;612;6117897;6800632;10624217;132509;11744884
FR;2;2022-05-19;68;155;681;1753;714;6117965;6800787;10624898;134262;11745598
FR;2;2022-05-20;97;168;819;1617;719;6118062;6800955;10625717;135879;11746317
FR;2;2022-05-21;43;91;384;508;327;6118105;6801046;10626101;136387;11746644
FR;2;2022-05-22;8;21;66;37;56;6118113;6801067;10626167;136424;11746700
FR;2;2022-05-23;79;125;441;900;431;6118192;6801192;10626608;137324;11747131
FR;2;2022-05-24;79;157;585;1512;566;6118271;6801349;10627193;138836;11747697
FR;2;2022-05-25;66;132;509;1127;462;6118337;6801481;10627702;139963;11748159
FR;2;2022-05-26;7;21;54;40;58;6118344;6801502;10627756;140003;11748217
FR;2;2022-05-27;43;109;405;779;387;6118387;6801611;10628161;140782;11748604
FR;2;2022-05-28;25;57;204;235;210;6118412;6801668;10628365;141017;11748814
FR;2;2022-05-29;8;28;43;17;51;6118420;6801696;10628408;141034;11748865
FR;2;2022-05-30;65;91;366;667;343;6118485;6801787;10628774;141701;11749208
FR;2;2022-05-31;65;110;508;1094;455;6118550;6801897;10629282;142795;11749663
FR;3;2020-12-27;0;0;0;0;0;0;0;0;0;0
FR;3;2020-12-28;0;0;0;0;0;0;0;0;0;0
FR;3;2020-12-29;0;0;0;0;0;0;0;0;0;0
FR;3;2020-12-30;0;0;0;0;0;0;0;0;0;0
FR;3;2020-12-31;0;0;0;0;0;0;0;0;0;0
FR;3;2021-01-01;0;0;0;0;0;0;0;0;0;0
FR;3;2021-01-02;0;0;0;0;0;0;0;0;0;0
FR;3;2021-01-03;0;0;0;0;0;0;0;0;0;0
FR;3;2021-01-04;0;0;0;0;0;0;0;0;0;0
FR;3;2021-01-05;0;0;0;0;0;0;0;0;0;0
FR;3;2021-01-06;0;0;0;0;0;0;0;0;0;0
FR;3;2021-01-07;0;0;0;0;0;0;0;0;0;0
FR;3;2021-01-08;0;0;0;0;0;0;0;0;0;0
FR;3;2021-01-09;0;0;0;0;0;0;0;0;0;0
FR;3;2021-01-10;0;0;0;0;0;0;0;0;0;0
FR;3;2021-01-11;0;0;0;0;0;0;0;0;0;0
FR;3;2021-01-12;0;0;0;0;0;0;0;0;0;0
FR;3;2021-01-13;0;0;0;0;0;0;0;0;0;0
FR;3;2021-01-14;0;0;0;0;0;0;0;0;0;0
FR;3;2021-01-15;0;0;0;0;0;0;0;0;0;0
FR;3;2021-01-16;0;0;0;0;0;0;0;0;0;0
FR;3;2021-01-17;0;0;0;0;0;0;0;0;0;0
FR;3;2021-01-18;0;0;0;0;0;0;0;0;0;0
FR;3;2021-01-19;0;0;0;0;0;0;0;0;0;0
FR;3;2021-01-20;0;0;0;0;0;0;0;0;0;0
FR;3;2021-01-21;0;0;0;0;0;0;0;0;0;0
FR;3;2021-01-22;0;0;0;0;0;0;0;0;0;0
FR;3;2021-01-23;0;0;0;0;0;0;0;0;0;0
FR;3;2021-01-24;0;0;0;0;0;0;0;0;0;0
FR;3;2021-01-25;0;0;0;0;0;0;0;0;0;0
FR;3;2021-01-26;0;0;0;0;0;0;0;0;0;0
FR;3;2021-01-27;0;0;0;0;0;0;0;0;0;0
FR;3;2021-01-28;0;0;0;0;0;0;0;0;0;0
FR;3;2021-01-29;0;0;0;0;0;0;0;0;0;0
FR;3;2021-01-30;0;0;0;0;0;0;0;0;0;0
FR;3;2021-01-31;0;0;0;0;0;0;0;0;0;0
FR;3;2021-02-01;0;0;0;0;0;0;0;0;0;0
FR;3;2021-02-02;0;0;0;0;0;0;0;0;0;0
FR;3;2021-02-03;0;0;0;0;0;0;0;0;0;0
FR;3;2021-02-04;0;0;0;0;0;0;0;0;0;0
FR;3;2021-02-05;0;0;0;0;0;0;0;0;0;0
FR;3;2021-02-06;1662;0;0;0;0;1662;0;0;0;0
FR;3;2021-02-07;1423;0;0;0;0;3085;0;0;0;0
FR;3;2021-02-08;2783;1;0;0;0;5868;1;0;0;0
FR;3;2021-02-09;6782;0;0;0;0;12650;1;0;0;0
FR;3;2021-02-10;9603;0;0;0;0;22253;1;0;0;0
FR;3;2021-02-11;13611;0;0;0;0;35864;1;0;0;0
FR;3;2021-02-12;13399;0;0;0;0;49263;1;0;0;0
FR;3;2021-02-13;3784;1;0;0;0;53047;2;0;0;0
FR;3;2021-02-14;972;0;0;0;0;54019;2;0;0;0
FR;3;2021-02-15;10487;0;0;0;0;64506;2;0;0;0
FR;3;2021-02-16;12544;1;0;0;0;77050;3;0;0;0
FR;3;2021-02-17;11151;0;0;0;0;88201;3;0;0;0
FR;3;2021-02-18;14935;2;0;0;0;103136;5;0;0;0
FR;3;2021-02-19;14359;1;0;0;0;117495;6;0;0;0
FR;3;2021-02-20;3329;0;0;0;0;120824;6;0;0;0
FR;3;2021-02-21;618;0;0;0;0;121442;6;0;0;0
FR;3;2021-02-22;9162;0;0;0;0;130604;6;0;0;0
FR;3;2021-02-23;11394;1;0;0;0;141998;7;0;0;0
FR;3;2021-02-24;14299;0;0;0;0;156297;7;0;0;0
FR;3;2021-02-25;44929;1;0;0;0;201226;8;0;0;0
FR;3;2021-02-26;61882;3;0;0;0;263108;11;0;0;0
FR;3;2021-02-27;34801;5;0;0;0;297909;16;0;0;0
FR;3;2021-02-28;2463;0;0;0;0;300372;16;0;0;0
FR;3;2021-03-01;20511;10;0;0;0;320883;26;0;0;0
FR;3;2021-03-02;38862;18;0;0;0;359745;44;0;0;0
FR;3;2021-03-03;48730;16;0;0;0;408475;60;0;0;0
FR;3;2021-03-04;82217;20;0;0;0;490692;80;0;0;0
FR;3;2021-03-05;118123;40;0;0;0;608815;120;0;0;0
FR;3;2021-03-06;120710;56;1;0;0;729525;176;1;0;0
FR;3;2021-03-07;55176;27;0;0;0;784701;203;1;0;0
FR;3;2021-03-08;42808;24;0;0;0;827509;227;1;0;0
FR;3;2021-03-09;78965;43;0;0;0;906474;270;1;0;0
FR;3;2021-03-10;80966;47;0;0;0;987440;317;1;0;0
FR;3;2021-03-11;128423;55;0;0;0;1115863;372;1;0;0
FR;3;2021-03-12;182721;91;0;0;0;1298584;463;1;0;0
FR;3;2021-03-13;132144;63;0;0;0;1430728;526;1;0;0
FR;3;2021-03-14;14054;4;0;0;0;1444782;530;1;0;0
FR;3;2021-03-15;52223;48;0;0;0;1497005;578;1;0;0
FR;3;2021-03-16;1209;25;0;0;0;1498214;603;1;0;0
FR;3;2021-03-17;942;30;0;0;0;1499156;633;1;0;0
FR;3;2021-03-18;1564;13;0;0;0;1500720;646;1;0;0
FR;3;2021-03-19;70450;48;0;0;0;1571170;694;1;0;0
FR;3;2021-03-20;65226;44;0;0;0;1636396;738;1;0;0
FR;3;2021-03-21;5756;6;0;0;0;1642152;744;1;0;0
FR;3;2021-03-22;37496;38;0;0;0;1679648;782;1;0;0
FR;3;2021-03-23;84650;61;0;0;0;1764298;843;1;0;0
FR;3;2021-03-24;90935;94;0;0;0;1855233;937;1;0;0
FR;3;2021-03-25;150046;128;0;0;0;2005279;1065;1;0;0
FR;3;2021-03-26;165413;153;0;0;0;2170692;1218;1;0;0
FR;3;2021-03-27;68456;100;0;0;0;2239148;1318;1;0;0
FR;3;2021-03-28;6469;19;0;0;0;2245617;1337;1;0;0
FR;3;2021-03-29;54160;76;0;0;0;2299777;1413;1;0;0
FR;3;2021-03-30;93159;100;0;0;0;2392936;1513;1;0;0
FR;3;2021-03-31;63523;98;0;0;0;2456459;1611;1;0;0
FR;3;2021-04-01;86120;106;0;0;0;2542579;1717;1;0;0
FR;3;2021-04-02;86892;153;0;0;0;2629471;1870;1;0;0
FR;3;2021-04-03;35872;115;0;0;0;2665343;1985;1;0;0
FR;3;2021-04-04;3570;18;0;0;0;2668913;2003;1;0;0
FR;3;2021-04-05;4487;28;0;0;0;2673400;2031;1;0;0
FR;3;2021-04-06;29742;84;0;0;0;2703142;2115;1;0;0
FR;3;2021-04-07;32336;79;0;0;0;2735478;2194;1;0;0
FR;3;2021-04-08;78808;243;0;0;0;2814286;2437;1;0;0
FR;3;2021-04-09;161746;416;0;0;0;2976032;2853;1;0;0
FR;3;2021-04-10;75755;331;0;0;0;3051787;3184;1;0;0
FR;3;2021-04-11;7309;45;0;0;0;3059096;3229;1;0;0
FR;3;2021-04-12;51467;207;0;0;0;3110563;3436;1;0;0
FR;3;2021-04-13;86219;318;0;0;0;3196782;3754;1;0;0
FR;3;2021-04-14;67834;344;0;0;0;3264616;4098;1;0;0
FR;3;2021-04-15;93219;370;0;0;0;3357835;4468;1;0;0
FR;3;2021-04-16;112516;581;0;0;0;3470351;5049;1;0;0
FR;3;2021-04-17;53311;325;1;0;0;3523662;5374;2;0;0
FR;3;2021-04-18;9743;35;0;0;0;3533405;5409;2;0;0
FR;3;2021-04-19;25103;241;0;0;0;3558508;5650;2;0;0
FR;3;2021-04-20;45671;398;0;0;0;3604179;6048;2;0;0
FR;3;2021-04-21;38967;467;0;0;0;3643146;6515;2;0;0
FR;3;2021-04-22;54703;788;0;0;0;3697849;7303;2;0;0
FR;3;2021-04-23;70483;1021;0;0;0;3768332;8324;2;0;0
FR;3;2021-04-24;37240;1000;0;0;0;3805572;9324;2;0;0
FR;3;2021-04-25;6204;157;0;0;0;3811776;9481;2;0;0
FR;3;2021-04-26;19781;654;0;0;0;3831557;10135;2;0;0
FR;3;2021-04-27;34471;1262;0;0;0;3866028;11397;2;0;0
FR;3;2021-04-28;28967;1942;0;0;0;3894995;13339;2;0;0
FR;3;2021-04-29;45377;5964;0;0;0;3940372;19303;2;0;0
FR;3;2021-04-30;55451;8939;1;0;0;3995823;28242;3;0;0
FR;3;2021-05-01;9510;1977;0;0;0;4005333;30219;3;0;0
FR;3;2021-05-02;3070;488;0;0;0;4008403;30707;3;0;0
FR;3;2021-05-03;13059;3886;0;0;0;4021462;34593;3;0;0
FR;3;2021-05-04;23109;8411;0;0;0;4044571;43004;3;0;0
FR;3;2021-05-05;18754;10622;0;0;0;4063325;53626;3;0;0
FR;3;2021-05-06;34620;20913;0;0;0;4097945;74539;3;0;0
FR;3;2021-05-07;44202;28458;0;0;0;4142147;102997;3;0;0
FR;3;2021-05-08;6785;8942;0;0;0;4148932;111939;3;0;0
FR;3;2021-05-09;1792;2657;0;0;0;4150724;114596;3;0;0
FR;3;2021-05-10;14989;12612;0;0;0;4165713;127208;3;0;0
FR;3;2021-05-11;27093;25812;0;0;0;4192806;153020;3;0;0
FR;3;2021-05-12;17266;27527;0;0;0;4210072;180547;3;0;0
FR;3;2021-05-13;2278;3472;0;0;0;4212350;184019;3;0;0
FR;3;2021-05-14;14513;25775;0;0;0;4226863;209794;3;0;0
FR;3;2021-05-15;7230;20800;0;0;0;4234093;230594;3;0;0
FR;3;2021-05-16;975;2674;0;0;0;4235068;233268;3;0;0
FR;3;2021-05-17;7960;19953;0;0;0;4243028;253221;3;0;0
FR;3;2021-05-18;13410;29676;0;0;0;4256438;282897;3;0;0
FR;3;2021-05-19;9263;31507;0;0;0;4265701;314404;3;0;0
FR;3;2021-05-20;12801;53240;3;0;0;4278502;367644;6;0;0
FR;3;2021-05-21;12759;65563;2;0;0;4291261;433207;8;0;0
FR;3;2021-05-22;4960;33330;1;0;0;4296221;466537;9;0;0
FR;3;2021-05-23;649;2669;0;0;0;4296870;469206;9;0;0
FR;3;2021-05-24;879;4913;0;0;0;4297749;474119;9;0;0
FR;3;2021-05-25;5301;45297;1;0;0;4303050;519416;10;0;0
FR;3;2021-05-26;4972;51119;1;0;0;4308022;570535;11;0;0
FR;3;2021-05-27;6325;77918;3;0;0;4314347;648453;14;0;0
FR;3;2021-05-28;7541;99133;2;0;0;4321888;747586;16;0;0
FR;3;2021-05-29;3345;60345;1;0;0;4325233;807931;17;0;0
FR;3;2021-05-30;547;8214;0;0;0;4325780;816145;17;0;0
FR;3;2021-05-31;2437;35861;3;0;0;4328217;852006;20;0;0
FR;3;2021-06-01;3400;64729;10;0;0;4331617;916735;30;0;0
FR;3;2021-06-02;2727;58317;6;0;0;4334344;975052;36;0;0
FR;3;2021-06-03;3491;87494;10;0;0;4337835;1062546;46;0;0
FR;3;2021-06-04;4110;105097;22;0;0;4341945;1167643;68;0;0
FR;3;2021-06-05;1979;52246;4;0;0;4343924;1219889;72;0;0
FR;3;2021-06-06;505;5386;1;0;0;4344429;1225275;73;0;0
FR;3;2021-06-07;1471;31076;11;0;0;4345900;1256351;84;0;0
FR;3;2021-06-08;2047;47233;18;0;0;4347947;1303584;102;0;0
FR;3;2021-06-09;1788;42297;13;0;0;4349735;1345881;115;0;0
FR;3;2021-06-10;2243;67857;17;0;0;4351978;1413738;132;0;0
FR;3;2021-06-11;2471;96689;34;0;0;4354449;1510427;166;0;0
FR;3;2021-06-12;1175;40829;6;0;0;4355624;1551256;172;0;0
FR;3;2021-06-13;279;3800;3;0;0;4355903;1555056;175;0;0
FR;3;2021-06-14;1039;42597;17;0;0;4356942;1597653;192;0;0
FR;3;2021-06-15;1364;80589;20;0;0;4358306;1678242;212;0;0
FR;3;2021-06-16;1255;65680;19;0;0;4359561;1743922;231;0;0
FR;3;2021-06-17;1660;101810;41;0;0;4361221;1845732;272;0;0
FR;3;2021-06-18;1868;117931;61;0;0;4363089;1963663;333;0;0
FR;3;2021-06-19;801;39385;22;0;0;4363890;2003048;355;0;0
FR;3;2021-06-20;158;3371;0;0;0;4364048;2006419;355;0;0
FR;3;2021-06-21;768;39240;16;0;0;4364816;2045659;371;0;0
FR;3;2021-06-22;1060;69954;52;0;0;4365876;2115613;423;0;0
FR;3;2021-06-23;942;50817;39;0;0;4366818;2166430;462;0;0
FR;3;2021-06-24;1305;77149;48;0;0;4368123;2243579;510;0;0
FR;3;2021-06-25;1399;89967;73;0;0;4369522;2333546;583;0;0
FR;3;2021-06-26;625;33121;29;0;0;4370147;2366667;612;0;0
FR;3;2021-06-27;165;3988;1;0;0;4370312;2370655;613;0;0
FR;3;2021-06-28;648;30397;27;0;0;4370960;2401052;640;0;0
FR;3;2021-06-29;854;56170;95;0;0;4371814;2457222;735;0;0
FR;3;2021-06-30;901;45072;93;0;0;4372715;2502294;828;0;0
FR;3;2021-07-01;1161;65677;108;0;0;4373876;2567971;936;0;0
FR;3;2021-07-02;1299;90361;170;0;0;4375175;2658332;1106;0;0
FR;3;2021-07-03;600;31181;52;0;0;4375775;2689513;1158;0;0
FR;3;2021-07-04;142;4257;3;0;0;4375917;2693770;1161;0;0
FR;3;2021-07-05;608;33902;60;0;0;4376525;2727672;1221;0;0
FR;3;2021-07-06;957;56044;88;0;0;4377482;2783716;1309;0;0
FR;3;2021-07-07;870;43035;79;0;0;4378352;2826751;1388;0;0
FR;3;2021-07-08;1123;60725;99;0;0;4379475;2887476;1487;0;0
FR;3;2021-07-09;1258;68806;128;0;0;4380733;2956282;1615;0;0
FR;3;2021-07-10;641;25066;59;0;0;4381374;2981348;1674;0;0
FR;3;2021-07-11;128;3286;4;0;0;4381502;2984634;1678;0;0
FR;3;2021-07-12;660;23877;59;0;0;4382162;3008511;1737;0;0
FR;3;2021-07-13;1645;34718;90;0;0;4383807;3043229;1827;0;0
FR;3;2021-07-14;261;2623;2;0;0;4384068;3045852;1829;0;0
FR;3;2021-07-15;1933;30649;85;0;0;4386001;3076501;1914;0;0
FR;3;2021-07-16;2520;38861;122;0;0;4388521;3115362;2036;0;0
FR;3;2021-07-17;1046;13750;26;0;0;4389567;3129112;2062;0;0
FR;3;2021-07-18;262;2605;3;0;0;4389829;3131717;2065;0;0
FR;3;2021-07-19;1273;17187;37;0;0;4391102;3148904;2102;0;0
FR;3;2021-07-20;1823;27124;98;0;0;4392925;3176028;2200;0;0
FR;3;2021-07-21;1647;19711;44;0;0;4394572;3195739;2244;0;0
FR;3;2021-07-22;1848;27743;83;0;0;4396420;3223482;2327;0;0
FR;3;2021-07-23;2212;30446;117;0;0;4398632;3253928;2444;0;0
FR;3;2021-07-24;822;7008;25;0;0;4399454;3260936;2469;0;0
FR;3;2021-07-25;210;1338;1;0;0;4399664;3262274;2470;0;0
FR;3;2021-07-26;921;10695;28;0;0;4400585;3272969;2498;0;0
FR;3;2021-07-27;1165;16941;56;0;0;4401750;3289910;2554;0;0
FR;3;2021-07-28;988;12100;40;0;0;4402738;3302010;2594;0;0
FR;3;2021-07-29;1126;15842;63;0;0;4403864;3317852;2657;0;0
FR;3;2021-07-30;1126;18089;79;0;0;4404990;3335941;2736;0;0
FR;3;2021-07-31;406;3745;15;0;0;4405396;3339686;2751;0;0
FR;3;2021-08-01;113;486;1;0;0;4405509;3340172;2752;0;0
FR;3;2021-08-02;419;5152;22;0;0;4405928;3345324;2774;0;0
FR;3;2021-08-03;488;7585;27;0;0;4406416;3352909;2801;0;0
FR;3;2021-08-04;435;4884;26;0;0;4406851;3357793;2827;0;0
FR;3;2021-08-05;428;3734;12;0;0;4407279;3361527;2839;0;0
FR;3;2021-08-06;452;4786;30;0;0;4407731;3366313;2869;0;0
FR;3;2021-08-07;214;1922;11;0;0;4407945;3368235;2880;0;0
FR;3;2021-08-08;249;431;2;0;0;4408194;3368666;2882;0;0
FR;3;2021-08-09;313;2497;11;0;0;4408507;3371163;2893;0;0
FR;3;2021-08-10;363;3877;15;0;0;4408870;3375040;2908;0;0
FR;3;2021-08-11;285;2724;15;0;0;4409155;3377764;2923;0;0
FR;3;2021-08-12;276;2637;12;0;0;4409431;3380401;2935;0;0
FR;3;2021-08-13;277;2267;16;0;0;4409708;3382668;2951;0;0
FR;3;2021-08-14;169;916;1;0;0;4409877;3383584;2952;0;0
FR;3;2021-08-15;55;172;0;0;0;4409932;3383756;2952;0;0
FR;3;2021-08-16;123;1084;8;0;0;4410055;3384840;2960;0;0
FR;3;2021-08-17;187;1503;8;0;0;4410242;3386343;2968;0;0
FR;3;2021-08-18;200;1369;10;0;0;4410442;3387712;2978;0;0
FR;3;2021-08-19;165;1411;10;0;0;4410607;3389123;2988;0;0
FR;3;2021-08-20;166;1633;16;0;0;4410773;3390756;3004;0;0
FR;3;2021-08-21;93;587;2;0;0;4410866;3391343;3006;0;0
FR;3;2021-08-22;39;188;1;0;0;4410905;3391531;3007;0;0
FR;3;2021-08-23;140;930;7;0;0;4411045;3392461;3014;0;0
FR;3;2021-08-24;124;969;10;0;0;4411169;3393430;3024;0;0
FR;3;2021-08-25;136;844;2;0;0;4411305;3394274;3026;0;0
FR;3;2021-08-26;170;873;9;0;0;4411475;3395147;3035;0;0
FR;3;2021-08-27;172;966;9;0;0;4411647;3396113;3044;0;0
FR;3;2021-08-28;98;372;4;0;0;4411745;3396485;3048;0;0
FR;3;2021-08-29;127;133;1;0;0;4411872;3396618;3049;0;0
FR;3;2021-08-30;99;602;0;0;135;4411971;3397220;3049;0;135
FR;3;2021-08-31;127;713;7;0;153;4412098;3397933;3056;0;288
FR;3;2021-09-01;113;479;5;0;123;4412211;3398412;3061;0;411
FR;3;2021-09-02;100;633;22;0;119;4412311;3399045;3083;0;530
FR;3;2021-09-03;115;584;17;0;128;4412426;3399629;3100;0;658
FR;3;2021-09-04;52;303;3;0;58;4412478;3399932;3103;0;716
FR;3;2021-09-05;51;68;5;0;28;4412529;3400000;3108;0;744
FR;3;2021-09-06;113;394;4;0;144;4412642;3400394;3112;0;888
FR;3;2021-09-07;123;472;14;0;128;4412765;3400866;3126;0;1016
FR;3;2021-09-08;117;371;2;0;103;4412882;3401237;3128;0;1119
FR;3;2021-09-09;92;397;8;0;114;4412974;3401634;3136;0;1233
FR;3;2021-09-10;100;421;3;0;105;4413074;3402055;3139;0;1338
FR;3;2021-09-11;75;239;4;0;66;4413149;3402294;3143;0;1404
FR;3;2021-09-12;36;48;1;0;17;4413185;3402342;3144;0;1421
FR;3;2021-09-13;70;320;7;0;109;4413255;3402662;3151;0;1530
FR;3;2021-09-14;71;293;6;0;107;4413326;3402955;3157;0;1637
FR;3;2021-09-15;59;263;3;0;6;4413385;3403218;3160;0;1643
FR;3;2021-09-16;59;339;5;0;5;4413444;3403557;3165;0;1648
FR;3;2021-09-17;51;348;3;0;7;4413495;3403905;3168;0;1655
FR;3;2021-09-18;36;173;1;0;1;4413531;3404078;3169;0;1656
FR;3;2021-09-19;27;32;2;0;1;4413558;3404110;3171;0;1657
FR;3;2021-09-20;79;211;0;0;1;4413637;3404321;3171;0;1658
FR;3;2021-09-21;58;287;6;0;7;4413695;3404608;3177;0;1665
FR;3;2021-09-22;63;228;6;0;7;4413758;3404836;3183;0;1672
FR;3;2021-09-23;36;273;11;0;7;4413794;3405109;3194;0;1679
FR;3;2021-09-24;25;325;12;0;19;4413819;3405434;3206;0;1698
FR;3;2021-09-25;29;149;3;0;3;4413848;3405583;3209;0;1701
FR;3;2021-09-26;15;55;1;0;1;4413863;3405638;3210;0;1702
FR;3;2021-09-27;39;290;3;0;5;4413902;3405928;3213;0;1707
FR;3;2021-09-28;49;256;6;0;10;4413951;3406184;3219;0;1717
FR;3;2021-09-29;34;223;10;0;13;4413985;3406407;3229;0;1730
FR;3;2021-09-30;38;201;8;0;10;4414023;3406608;3237;0;1740
FR;3;2021-10-01;17;169;6;0;7;4414040;3406777;3243;0;1747
FR;3;2021-10-02;14;90;0;0;0;4414054;3406867;3243;0;1747
FR;3;2021-10-03;18;20;1;0;2;4414072;3406887;3244;0;1749
FR;3;2021-10-04;30;160;4;0;4;4414102;3407047;3248;0;1753
FR;3;2021-10-05;16;153;10;0;13;4414118;3407200;3258;0;1766
FR;3;2021-10-06;31;157;7;0;8;4414149;3407357;3265;0;1774
FR;3;2021-10-07;18;140;6;0;6;4414167;3407497;3271;0;1780
FR;3;2021-10-08;22;145;10;0;9;4414189;3407642;3281;0;1789
FR;3;2021-10-09;12;73;1;0;1;4414201;3407715;3282;0;1790
FR;3;2021-10-10;12;16;2;0;2;4414213;3407731;3284;0;1792
FR;3;2021-10-11;15;123;4;0;5;4414228;3407854;3288;0;1797
FR;3;2021-10-12;17;115;5;0;5;4414245;3407969;3293;0;1802
FR;3;2021-10-13;23;120;7;0;5;4414268;3408089;3300;0;1807
FR;3;2021-10-14;16;161;3;0;4;4414284;3408250;3303;0;1811
FR;3;2021-10-15;21;157;8;0;11;4414305;3408407;3311;0;1822
FR;3;2021-10-16;11;78;6;0;8;4414316;3408485;3317;0;1830
FR;3;2021-10-17;10;24;0;0;0;4414326;3408509;3317;0;1830
FR;3;2021-10-18;17;128;2;0;1;4414343;3408637;3319;0;1831
FR;3;2021-10-19;16;125;19;0;21;4414359;3408762;3338;0;1852
FR;3;2021-10-20;21;131;5;0;6;4414380;3408893;3343;0;1858
FR;3;2021-10-21;25;136;17;0;13;4414405;3409029;3360;0;1871
FR;3;2021-10-22;19;128;16;0;20;4414424;3409157;3376;0;1891
FR;3;2021-10-23;12;57;2;0;1;4414436;3409214;3378;0;1892
FR;3;2021-10-24;7;31;0;0;0;4414443;3409245;3378;0;1892
FR;3;2021-10-25;22;150;7;0;7;4414465;3409395;3385;0;1899
FR;3;2021-10-26;18;113;22;0;19;4414483;3409508;3407;0;1918
FR;3;2021-10-27;15;117;9;0;9;4414498;3409625;3416;0;1927
FR;3;2021-10-28;20;126;33;0;36;4414518;3409751;3449;0;1963
FR;3;2021-10-29;10;123;64;0;54;4414528;3409874;3513;0;2017
FR;3;2021-10-30;8;66;11;1;10;4414536;3409940;3524;1;2027
FR;3;2021-10-31;6;22;1;0;1;4414542;3409962;3525;1;2028
FR;3;2021-11-01;7;22;2;0;1;4414549;3409984;3527;1;2029
FR;3;2021-11-02;9;107;8;0;10;4414558;3410091;3535;1;2039
FR;3;2021-11-03;19;119;10;0;10;4414577;3410210;3545;1;2049
FR;3;2021-11-04;18;97;4;0;3;4414595;3410307;3549;1;2052
FR;3;2021-11-05;17;142;8;1;5;4414612;3410449;3557;2;2057
FR;3;2021-11-06;7;66;3;0;3;4414619;3410515;3560;2;2060
FR;3;2021-11-07;6;21;1;0;1;4414625;3410536;3561;2;2061
FR;3;2021-11-08;11;139;7;0;5;4414636;3410675;3568;2;2066
FR;3;2021-11-09;12;151;5;0;5;4414648;3410826;3573;2;2071
FR;3;2021-11-10;12;180;14;0;15;4414660;3411006;3587;2;2086
FR;3;2021-11-11;8;51;3;0;3;4414668;3411057;3590;2;2089
FR;3;2021-11-12;10;154;6;0;4;4414678;3411211;3596;2;2093
FR;3;2021-11-13;7;76;8;0;10;4414685;3411287;3604;2;2103
FR;3;2021-11-14;2;21;0;0;0;4414687;3411308;3604;2;2103
FR;3;2021-11-15;4;191;10;0;10;4414691;3411499;3614;2;2113
FR;3;2021-11-16;2;167;11;0;10;4414693;3411666;3625;2;2123
FR;3;2021-11-17;6;178;10;0;7;4414699;3411844;3635;2;2130
FR;3;2021-11-18;13;178;10;0;11;4414712;3412022;3645;2;2141
FR;3;2021-11-19;9;225;22;0;27;4414721;3412247;3667;2;2168
FR;3;2021-11-20;6;117;5;0;5;4414727;3412364;3672;2;2173
FR;3;2021-11-21;3;26;3;0;3;4414730;3412390;3675;2;2176
FR;3;2021-11-22;10;235;10;0;10;4414740;3412625;3685;2;2186
FR;3;2021-11-23;6;231;15;0;14;4414746;3412856;3700;2;2200
FR;3;2021-11-24;5;239;9;0;17;4414751;3413095;3709;2;2217
FR;3;2021-11-25;9;283;11;0;10;4414760;3413378;3720;2;2227
FR;3;2021-11-26;5;361;35;0;32;4414765;3413739;3755;2;2259
FR;3;2021-11-27;8;172;20;0;21;4414773;3413911;3775;2;2280
FR;3;2021-11-28;3;65;7;0;7;4414776;3413976;3782;2;2287
FR;3;2021-11-29;4;318;19;0;20;4414780;3414294;3801;2;2307
FR;3;2021-11-30;5;412;26;0;29;4414785;3414706;3827;2;2336
FR;3;2021-12-01;18;464;32;0;33;4414803;3415170;3859;2;2369
FR;3;2021-12-02;9;493;33;0;36;4414812;3415663;3892;2;2405
FR;3;2021-12-03;3;564;37;0;38;4414815;3416227;3929;2;2443
FR;3;2021-12-04;3;279;26;0;28;4414818;3416506;3955;2;2471
FR;3;2021-12-05;1;80;5;0;5;4414819;3416586;3960;2;2476
FR;3;2021-12-06;5;504;14;0;16;4414824;3417090;3974;2;2492
FR;3;2021-12-07;4;608;20;0;24;4414828;3417698;3994;2;2516
FR;3;2021-12-08;4;535;29;0;30;4414832;3418233;4023;2;2546
FR;3;2021-12-09;3;584;17;0;22;4414835;3418817;4040;2;2568
FR;3;2021-12-10;9;623;29;0;25;4414844;3419440;4069;2;2593
FR;3;2021-12-11;4;384;10;0;9;4414848;3419824;4079;2;2602
FR;3;2021-12-12;1;121;3;0;3;4414849;3419945;4082;2;2605
FR;3;2021-12-13;2;598;19;0;21;4414851;3420543;4101;2;2626
FR;3;2021-12-14;7;753;18;0;21;4414858;3421296;4119;2;2647
FR;3;2021-12-15;9;718;17;0;21;4414867;3422014;4136;2;2668
FR;3;2021-12-16;9;724;19;0;18;4414876;3422738;4155;2;2686
FR;3;2021-12-17;4;791;18;0;19;4414880;3423529;4173;2;2705
FR;3;2021-12-18;4;411;4;0;5;4414884;3423940;4177;2;2710
FR;3;2021-12-19;3;207;2;0;2;4414887;3424147;4179;2;2712
FR;3;2021-12-20;8;717;23;0;28;4414895;3424864;4202;2;2740
FR;3;2021-12-21;3;802;10;0;13;4414898;3425666;4212;2;2753
FR;3;2021-12-22;6;755;9;0;10;4414904;3426421;4221;2;2763
FR;3;2021-12-23;1;647;9;0;8;4414905;3427068;4230;2;2771
FR;3;2021-12-24;2;271;3;0;6;4414907;3427339;4233;2;2777
FR;3;2021-12-25;0;25;0;0;0;4414907;3427364;4233;2;2777
FR;3;2021-12-26;0;94;1;0;1;4414907;3427458;4234;2;2778
FR;3;2021-12-27;7;539;17;0;19;4414914;3427997;4251;2;2797
FR;3;2021-12-28;1;689;6;0;5;4414915;3428686;4257;2;2802
FR;3;2021-12-29;4;572;14;0;16;4414919;3429258;4271;2;2818
FR;3;2021-12-30;1;599;7;0;10;4414920;3429857;4278;2;2828
FR;3;2021-12-31;0;204;5;0;6;4414920;3430061;4283;2;2834
FR;3;2022-01-01;0;27;0;0;2;4414920;3430088;4283;2;2836
FR;3;2022-01-02;0;82;0;0;0;4414920;3430170;4283;2;2836
FR;3;2022-01-03;3;564;17;0;20;4414923;3430734;4300;2;2856
FR;3;2022-01-04;6;623;9;0;8;4414929;3431357;4309;2;2864
FR;3;2022-01-05;4;552;10;0;14;4414933;3431909;4319;2;2878
FR;3;2022-01-06;5;547;9;0;12;4414938;3432456;4328;2;2890
FR;3;2022-01-07;2;574;11;0;14;4414940;3433030;4339;2;2904
FR;3;2022-01-08;2;283;4;0;5;4414942;3433313;4343;2;2909
FR;3;2022-01-09;0;118;0;0;0;4414942;3433431;4343;2;2909
FR;3;2022-01-10;2;479;12;0;12;4414944;3433910;4355;2;2921
FR;3;2022-01-11;2;530;1;0;1;4414946;3434440;4356;2;2922
FR;3;2022-01-12;2;445;9;0;10;4414948;3434885;4365;2;2932
FR;3;2022-01-13;3;423;11;0;12;4414951;3435308;4376;2;2944
FR;3;2022-01-14;3;473;10;0;13;4414954;3435781;4386;2;2957
FR;3;2022-01-15;0;298;2;0;3;4414954;3436079;4388;2;2960
FR;3;2022-01-16;0;116;1;0;1;4414954;3436195;4389;2;2961
FR;3;2022-01-17;2;349;8;0;10;4414956;3436544;4397;2;2971
FR;3;2022-01-18;2;412;1;0;2;4414958;3436956;4398;2;2973
FR;3;2022-01-19;1;349;5;0;10;4414959;3437305;4403;2;2983
FR;3;2022-01-20;1;379;5;0;3;4414960;3437684;4408;2;2986
FR;3;2022-01-21;3;372;5;0;7;4414963;3438056;4413;2;2993
FR;3;2022-01-22;2;231;1;0;2;4414965;3438287;4414;2;2995
FR;3;2022-01-23;0;82;0;0;1;4414965;3438369;4414;2;2996
FR;3;2022-01-24;2;348;1;0;6;4414967;3438717;4415;2;3002
FR;3;2022-01-25;0;192;0;0;0;4414967;3438909;4415;2;3002
FR;3;2022-01-26;0;88;0;0;0;4414967;3438997;4415;2;3002
FR;3;2022-01-27;0;58;0;0;0;4414967;3439055;4415;2;3002
FR;3;2022-01-28;0;133;0;0;0;4414967;3439188;4415;2;3002
FR;3;2022-01-29;0;110;0;0;0;4414967;3439298;4415;2;3002
FR;3;2022-01-30;0;51;0;0;0;4414967;3439349;4415;2;3002
FR;3;2022-01-31;0;97;0;0;0;4414967;3439446;4415;2;3002
FR;3;2022-02-01;0;108;0;0;1;4414967;3439554;4415;2;3003
FR;3;2022-02-02;0;95;0;0;0;4414967;3439649;4415;2;3003
FR;3;2022-02-03;0;101;0;0;0;4414967;3439750;4415;2;3003
FR;3;2022-02-04;0;124;0;0;0;4414967;3439874;4415;2;3003
FR;3;2022-02-05;0;73;0;0;0;4414967;3439947;4415;2;3003
FR;3;2022-02-06;0;11;0;0;0;4414967;3439958;4415;2;3003
FR;3;2022-02-07;0;89;0;0;1;4414967;3440047;4415;2;3004
FR;3;2022-02-08;0;0;0;0;0;4414967;3440047;4415;2;3004
FR;3;2022-02-09;0;0;0;0;0;4414967;3440047;4415;2;3004
FR;3;2022-02-10;0;0;0;0;0;4414967;3440047;4415;2;3004
FR;3;2022-02-11;0;0;0;0;0;4414967;3440047;4415;2;3004
FR;3;2022-02-12;0;0;0;0;0;4414967;3440047;4415;2;3004
FR;3;2022-02-13;0;0;0;0;0;4414967;3440047;4415;2;3004
FR;3;2022-02-14;0;0;0;0;0;4414967;3440047;4415;2;3004
FR;3;2022-02-15;0;0;0;0;0;4414967;3440047;4415;2;3004
FR;3;2022-02-16;0;0;0;0;0;4414967;3440047;4415;2;3004
FR;3;2022-02-17;0;0;0;0;0;4414967;3440047;4415;2;3004
FR;3;2022-02-18;0;0;0;0;0;4414967;3440047;4415;2;3004
FR;3;2022-02-19;0;0;0;0;0;4414967;3440047;4415;2;3004
FR;3;2022-02-20;0;0;0;0;0;4414967;3440047;4415;2;3004
FR;3;2022-02-21;2;0;0;0;0;4414969;3440047;4415;2;3004
FR;3;2022-02-22;0;0;0;0;0;4414969;3440047;4415;2;3004
FR;3;2022-02-23;0;0;0;0;0;4414969;3440047;4415;2;3004
FR;3;2022-02-24;0;0;0;0;0;4414969;3440047;4415;2;3004
FR;3;2022-02-25;0;0;0;0;0;4414969;3440047;4415;2;3004
FR;3;2022-02-26;0;0;0;0;0;4414969;3440047;4415;2;3004
FR;3;2022-02-27;0;0;0;0;0;4414969;3440047;4415;2;3004
FR;3;2022-02-28;1;0;0;0;0;4414970;3440047;4415;2;3004
FR;3;2022-03-01;1;0;0;0;0;4414971;3440047;4415;2;3004
FR;3;2022-03-02;0;0;0;0;0;4414971;3440047;4415;2;3004
FR;3;2022-03-03;0;0;0;0;0;4414971;3440047;4415;2;3004
FR;3;2022-03-04;0;0;0;0;0;4414971;3440047;4415;2;3004
FR;3;2022-03-05;0;0;0;0;0;4414971;3440047;4415;2;3004
FR;3;2022-03-06;1;0;0;0;0;4414972;3440047;4415;2;3004
FR;3;2022-03-07;0;0;0;0;0;4414972;3440047;4415;2;3004
FR;3;2022-03-08;1;0;0;0;0;4414973;3440047;4415;2;3004
FR;3;2022-03-09;0;0;0;0;0;4414973;3440047;4415;2;3004
FR;3;2022-03-10;0;0;0;0;0;4414973;3440047;4415;2;3004
FR;3;2022-03-11;0;0;0;0;0;4414973;3440047;4415;2;3004
FR;3;2022-03-12;0;0;0;0;0;4414973;3440047;4415;2;3004
FR;3;2022-03-13;0;0;0;0;0;4414973;3440047;4415;2;3004
FR;3;2022-03-14;0;0;0;0;0;4414973;3440047;4415;2;3004
FR;3;2022-03-15;0;0;0;0;0;4414973;3440047;4415;2;3004
FR;3;2022-03-16;0;0;0;0;0;4414973;3440047;4415;2;3004
FR;3;2022-03-17;0;0;0;0;0;4414973;3440047;4415;2;3004
FR;3;2022-03-18;0;0;0;0;0;4414973;3440047;4415;2;3004
FR;3;2022-03-19;0;0;0;0;0;4414973;3440047;4415;2;3004
FR;3;2022-03-20;1;0;0;0;0;4414974;3440047;4415;2;3004
FR;3;2022-03-21;0;0;0;0;0;4414974;3440047;4415;2;3004
FR;3;2022-03-22;0;0;0;0;0;4414974;3440047;4415;2;3004
FR;3;2022-03-23;1;0;0;0;0;4414975;3440047;4415;2;3004
FR;3;2022-03-24;0;0;0;0;0;4414975;3440047;4415;2;3004
FR;3;2022-03-25;1;0;0;0;0;4414976;3440047;4415;2;3004
FR;3;2022-03-26;0;0;0;0;0;4414976;3440047;4415;2;3004
FR;3;2022-03-27;0;0;0;0;0;4414976;3440047;4415;2;3004
FR;3;2022-03-28;0;0;0;0;0;4414976;3440047;4415;2;3004
FR;3;2022-03-29;0;0;0;0;0;4414976;3440047;4415;2;3004
FR;3;2022-03-30;0;0;0;0;0;4414976;3440047;4415;2;3004
FR;3;2022-03-31;0;0;0;0;0;4414976;3440047;4415;2;3004
FR;3;2022-04-01;0;0;0;0;0;4414976;3440047;4415;2;3004
FR;3;2022-04-02;0;0;0;0;0;4414976;3440047;4415;2;3004
FR;3;2022-04-03;0;0;0;0;0;4414976;3440047;4415;2;3004
FR;3;2022-04-04;0;0;0;0;0;4414976;3440047;4415;2;3004
FR;3;2022-04-05;0;0;0;0;0;4414976;3440047;4415;2;3004
FR;3;2022-04-06;0;0;0;0;0;4414976;3440047;4415;2;3004
FR;3;2022-04-07;0;0;0;0;0;4414976;3440047;4415;2;3004
FR;3;2022-04-08;0;0;0;0;0;4414976;3440047;4415;2;3004
FR;3;2022-04-09;0;0;0;0;0;4414976;3440047;4415;2;3004
FR;3;2022-04-10;0;0;0;0;0;4414976;3440047;4415;2;3004
FR;3;2022-04-11;0;0;0;0;0;4414976;3440047;4415;2;3004
FR;3;2022-04-12;0;0;0;0;0;4414976;3440047;4415;2;3004
FR;3;2022-04-13;0;0;0;0;0;4414976;3440047;4415;2;3004
FR;3;2022-04-14;0;0;0;0;0;4414976;3440047;4415;2;3004
FR;3;2022-04-15;1;0;0;0;0;4414977;3440047;4415;2;3004
FR;3;2022-04-16;0;0;0;0;0;4414977;3440047;4415;2;3004
FR;3;2022-04-17;0;0;0;0;0;4414977;3440047;4415;2;3004
FR;3;2022-04-18;0;0;0;0;0;4414977;3440047;4415;2;3004
FR;3;2022-04-19;0;0;0;0;0;4414977;3440047;4415;2;3004
FR;3;2022-04-20;0;0;0;0;0;4414977;3440047;4415;2;3004
FR;3;2022-04-21;0;0;0;0;0;4414977;3440047;4415;2;3004
FR;3;2022-04-22;0;0;0;0;0;4414977;3440047;4415;2;3004
FR;3;2022-04-23;0;0;0;0;0;4414977;3440047;4415;2;3004
FR;3;2022-04-24;0;0;0;0;0;4414977;3440047;4415;2;3004
FR;3;2022-04-25;0;0;0;0;0;4414977;3440047;4415;2;3004
FR;3;2022-04-26;0;0;0;0;0;4414977;3440047;4415;2;3004
FR;3;2022-04-27;0;0;0;0;0;4414977;3440047;4415;2;3004
FR;3;2022-04-28;0;0;0;0;0;4414977;3440047;4415;2;3004
FR;3;2022-04-29;0;0;0;0;0;4414977;3440047;4415;2;3004
FR;3;2022-04-30;0;0;0;0;0;4414977;3440047;4415;2;3004
FR;3;2022-05-01;0;0;0;0;0;4414977;3440047;4415;2;3004
FR;3;2022-05-02;0;0;0;0;0;4414977;3440047;4415;2;3004
FR;3;2022-05-03;0;0;0;0;0;4414977;3440047;4415;2;3004
FR;3;2022-05-04;0;0;0;0;0;4414977;3440047;4415;2;3004
FR;3;2022-05-05;0;0;0;0;0;4414977;3440047;4415;2;3004
FR;3;2022-05-06;0;0;0;0;0;4414977;3440047;4415;2;3004
FR;3;2022-05-07;0;0;0;0;0;4414977;3440047;4415;2;3004
FR;3;2022-05-08;0;0;0;0;0;4414977;3440047;4415;2;3004
FR;3;2022-05-09;0;0;0;0;0;4414977;3440047;4415;2;3004
FR;3;2022-05-10;0;0;0;0;0;4414977;3440047;4415;2;3004
FR;3;2022-05-11;0;0;0;0;0;4414977;3440047;4415;2;3004
FR;3;2022-05-12;0;0;0;0;0;4414977;3440047;4415;2;3004
FR;3;2022-05-13;0;0;0;0;0;4414977;3440047;4415;2;3004
FR;3;2022-05-14;1;0;0;0;0;4414978;3440047;4415;2;3004
FR;3;2022-05-15;0;0;0;0;0;4414978;3440047;4415;2;3004
FR;3;2022-05-16;0;0;0;0;0;4414978;3440047;4415;2;3004
FR;3;2022-05-17;0;0;0;0;0;4414978;3440047;4415;2;3004
FR;3;2022-05-18;0;0;0;0;0;4414978;3440047;4415;2;3004
FR;3;2022-05-19;0;0;0;0;0;4414978;3440047;4415;2;3004
FR;3;2022-05-20;0;0;0;0;0;4414978;3440047;4415;2;3004
FR;3;2022-05-21;0;0;0;0;0;4414978;3440047;4415;2;3004
FR;3;2022-05-22;0;0;0;0;0;4414978;3440047;4415;2;3004
FR;3;2022-05-23;0;0;0;0;0;4414978;3440047;4415;2;3004
FR;3;2022-05-24;0;0;0;0;0;4414978;3440047;4415;2;3004
FR;3;2022-05-25;0;0;0;0;0;4414978;3440047;4415;2;3004
FR;3;2022-05-26;0;0;0;0;0;4414978;3440047;4415;2;3004
FR;3;2022-05-27;0;0;0;0;0;4414978;3440047;4415;2;3004
FR;3;2022-05-28;0;0;0;0;0;4414978;3440047;4415;2;3004
FR;3;2022-05-29;0;0;0;0;0;4414978;3440047;4415;2;3004
FR;3;2022-05-30;0;0;0;0;0;4414978;3440047;4415;2;3004
FR;3;2022-05-31;0;0;0;0;0;4414978;3440047;4415;2;3004
FR;4;2020-12-27;0;0;0;0;0;0;0;0;0;0
FR;4;2020-12-28;0;0;0;0;0;0;0;0;0;0
FR;4;2020-12-29;0;0;0;0;0;0;0;0;0;0
FR;4;2020-12-30;0;0;0;0;0;0;0;0;0;0
FR;4;2020-12-31;0;0;0;0;0;0;0;0;0;0
FR;4;2021-01-01;0;0;0;0;0;0;0;0;0;0
FR;4;2021-01-02;0;0;0;0;0;0;0;0;0;0
FR;4;2021-01-03;0;0;0;0;0;0;0;0;0;0
FR;4;2021-01-04;0;0;0;0;0;0;0;0;0;0
FR;4;2021-01-05;0;0;0;0;0;0;0;0;0;0
FR;4;2021-01-06;0;0;0;0;0;0;0;0;0;0
FR;4;2021-01-07;0;0;0;0;0;0;0;0;0;0
FR;4;2021-01-08;0;0;0;0;0;0;0;0;0;0
FR;4;2021-01-09;0;0;0;0;0;0;0;0;0;0
FR;4;2021-01-10;0;0;0;0;0;0;0;0;0;0
FR;4;2021-01-11;0;0;0;0;0;0;0;0;0;0
FR;4;2021-01-12;0;0;0;0;0;0;0;0;0;0
FR;4;2021-01-13;0;0;0;0;0;0;0;0;0;0
FR;4;2021-01-14;0;0;0;0;0;0;0;0;0;0
FR;4;2021-01-15;0;0;0;0;0;0;0;0;0;0
FR;4;2021-01-16;0;0;0;0;0;0;0;0;0;0
FR;4;2021-01-17;0;0;0;0;0;0;0;0;0;0
FR;4;2021-01-18;0;0;0;0;0;0;0;0;0;0
FR;4;2021-01-19;0;0;0;0;0;0;0;0;0;0
FR;4;2021-01-20;0;0;0;0;0;0;0;0;0;0
FR;4;2021-01-21;0;0;0;0;0;0;0;0;0;0
FR;4;2021-01-22;0;0;0;0;0;0;0;0;0;0
FR;4;2021-01-23;0;0;0;0;0;0;0;0;0;0
FR;4;2021-01-24;0;0;0;0;0;0;0;0;0;0
FR;4;2021-01-25;0;0;0;0;0;0;0;0;0;0
FR;4;2021-01-26;0;0;0;0;0;0;0;0;0;0
FR;4;2021-01-27;0;0;0;0;0;0;0;0;0;0
FR;4;2021-01-28;0;0;0;0;0;0;0;0;0;0
FR;4;2021-01-29;0;0;0;0;0;0;0;0;0;0
FR;4;2021-01-30;0;0;0;0;0;0;0;0;0;0
FR;4;2021-01-31;0;0;0;0;0;0;0;0;0;0
FR;4;2021-02-01;0;0;0;0;0;0;0;0;0;0
FR;4;2021-02-02;0;0;0;0;0;0;0;0;0;0
FR;4;2021-02-03;0;0;0;0;0;0;0;0;0;0
FR;4;2021-02-04;0;0;0;0;0;0;0;0;0;0
FR;4;2021-02-05;0;0;0;0;0;0;0;0;0;0
FR;4;2021-02-06;0;0;0;0;0;0;0;0;0;0
FR;4;2021-02-07;0;0;0;0;0;0;0;0;0;0
FR;4;2021-02-08;0;0;0;0;0;0;0;0;0;0
FR;4;2021-02-09;0;0;0;0;0;0;0;0;0;0
FR;4;2021-02-10;0;0;0;0;0;0;0;0;0;0
FR;4;2021-02-11;0;0;0;0;0;0;0;0;0;0
FR;4;2021-02-12;0;0;0;0;0;0;0;0;0;0
FR;4;2021-02-13;0;0;0;0;0;0;0;0;0;0
FR;4;2021-02-14;0;0;0;0;0;0;0;0;0;0
FR;4;2021-02-15;0;0;0;0;0;0;0;0;0;0
FR;4;2021-02-16;0;0;0;0;0;0;0;0;0;0
FR;4;2021-02-17;0;0;0;0;0;0;0;0;0;0
FR;4;2021-02-18;0;0;0;0;0;0;0;0;0;0
FR;4;2021-02-19;0;0;0;0;0;0;0;0;0;0
FR;4;2021-02-20;0;0;0;0;0;0;0;0;0;0
FR;4;2021-02-21;0;0;0;0;0;0;0;0;0;0
FR;4;2021-02-22;0;0;0;0;0;0;0;0;0;0
FR;4;2021-02-23;0;0;0;0;0;0;0;0;0;0
FR;4;2021-02-24;0;0;0;0;0;0;0;0;0;0
FR;4;2021-02-25;0;0;0;0;0;0;0;0;0;0
FR;4;2021-02-26;0;0;0;0;0;0;0;0;0;0
FR;4;2021-02-27;0;0;0;0;0;0;0;0;0;0
FR;4;2021-02-28;0;0;0;0;0;0;0;0;0;0
FR;4;2021-03-01;0;0;0;0;0;0;0;0;0;0
FR;4;2021-03-02;0;0;0;0;0;0;0;0;0;0
FR;4;2021-03-03;0;0;0;0;0;0;0;0;0;0
FR;4;2021-03-04;0;0;0;0;0;0;0;0;0;0
FR;4;2021-03-05;0;0;0;0;0;0;0;0;0;0
FR;4;2021-03-06;0;0;0;0;0;0;0;0;0;0
FR;4;2021-03-07;0;0;0;0;0;0;0;0;0;0
FR;4;2021-03-08;0;0;0;0;0;0;0;0;0;0
FR;4;2021-03-09;0;0;0;0;0;0;0;0;0;0
FR;4;2021-03-10;0;0;0;0;0;0;0;0;0;0
FR;4;2021-03-11;0;0;0;0;0;0;0;0;0;0
FR;4;2021-03-12;0;0;0;0;0;0;0;0;0;0
FR;4;2021-03-13;0;0;0;0;0;0;0;0;0;0
FR;4;2021-03-14;0;0;0;0;0;0;0;0;0;0
FR;4;2021-03-15;0;0;0;0;0;0;0;0;0;0
FR;4;2021-03-16;0;0;0;0;0;0;0;0;0;0
FR;4;2021-03-17;0;0;0;0;0;0;0;0;0;0
FR;4;2021-03-18;0;0;0;0;0;0;0;0;0;0
FR;4;2021-03-19;0;0;0;0;0;0;0;0;0;0
FR;4;2021-03-20;0;0;0;0;0;0;0;0;0;0
FR;4;2021-03-21;0;0;0;0;0;0;0;0;0;0
FR;4;2021-03-22;0;0;0;0;0;0;0;0;0;0
FR;4;2021-03-23;0;0;0;0;0;0;0;0;0;0
FR;4;2021-03-24;0;0;0;0;0;0;0;0;0;0
FR;4;2021-03-25;0;0;0;0;0;0;0;0;0;0
FR;4;2021-03-26;0;0;0;0;0;0;0;0;0;0
FR;4;2021-03-27;0;0;0;0;0;0;0;0;0;0
FR;4;2021-03-28;0;0;0;0;0;0;0;0;0;0
FR;4;2021-03-29;0;0;0;0;0;0;0;0;0;0
FR;4;2021-03-30;0;0;0;0;0;0;0;0;0;0
FR;4;2021-03-31;0;0;0;0;0;0;0;0;0;0
FR;4;2021-04-01;0;0;0;0;0;0;0;0;0;0
FR;4;2021-04-02;0;0;0;0;0;0;0;0;0;0
FR;4;2021-04-03;0;0;0;0;0;0;0;0;0;0
FR;4;2021-04-04;0;0;0;0;0;0;0;0;0;0
FR;4;2021-04-05;0;0;0;0;0;0;0;0;0;0
FR;4;2021-04-06;0;0;0;0;0;0;0;0;0;0
FR;4;2021-04-07;0;0;0;0;0;0;0;0;0;0
FR;4;2021-04-08;0;0;0;0;0;0;0;0;0;0
FR;4;2021-04-09;0;0;0;0;0;0;0;0;0;0
FR;4;2021-04-10;0;0;0;0;0;0;0;0;0;0
FR;4;2021-04-11;0;0;0;0;0;0;0;0;0;0
FR;4;2021-04-12;0;0;0;0;0;0;0;0;0;0
FR;4;2021-04-13;0;0;0;0;0;0;0;0;0;0
FR;4;2021-04-14;0;0;0;0;0;0;0;0;0;0
FR;4;2021-04-15;0;0;0;0;0;0;0;0;0;0
FR;4;2021-04-16;0;0;0;0;0;0;0;0;0;0
FR;4;2021-04-17;0;0;0;0;0;0;0;0;0;0
FR;4;2021-04-18;0;0;0;0;0;0;0;0;0;0
FR;4;2021-04-19;0;0;0;0;0;0;0;0;0;0
FR;4;2021-04-20;0;0;0;0;0;0;0;0;0;0
FR;4;2021-04-21;0;0;0;0;0;0;0;0;0;0
FR;4;2021-04-22;0;0;0;0;0;0;0;0;0;0
FR;4;2021-04-23;4011;0;0;0;0;4011;0;0;0;0
FR;4;2021-04-24;1569;0;0;0;0;5580;0;0;0;0
FR;4;2021-04-25;125;0;0;0;0;5705;0;0;0;0
FR;4;2021-04-26;2869;1;0;0;0;8574;1;0;0;0
FR;4;2021-04-27;9519;3;0;0;0;18093;4;0;0;0
FR;4;2021-04-28;9904;6;0;0;0;27997;10;0;0;0
FR;4;2021-04-29;15991;8;0;0;0;43988;18;0;0;0
FR;4;2021-04-30;19229;10;0;0;0;63217;28;0;0;0
FR;4;2021-05-01;1994;6;0;0;0;65211;34;0;0;0
FR;4;2021-05-02;482;0;0;0;0;65693;34;0;0;0
FR;4;2021-05-03;5058;2;0;0;0;70751;36;0;0;0
FR;4;2021-05-04;8397;10;0;0;0;79148;46;0;0;0
FR;4;2021-05-05;6182;7;0;0;0;85330;53;0;0;0
FR;4;2021-05-06;11377;11;0;0;0;96707;64;0;0;0
FR;4;2021-05-07;19121;9;0;0;0;115828;73;0;0;0
FR;4;2021-05-08;2377;6;0;0;0;118205;79;0;0;0
FR;4;2021-05-09;685;3;0;0;0;118890;82;0;0;0
FR;4;2021-05-10;7239;5;1;0;0;126129;87;1;0;0
FR;4;2021-05-11;14313;12;0;0;0;140442;99;1;0;0
FR;4;2021-05-12;10163;15;0;0;0;150605;114;1;0;0
FR;4;2021-05-13;1579;3;0;0;0;152184;117;1;0;0
FR;4;2021-05-14;7760;6;0;0;0;159944;123;1;0;0
FR;4;2021-05-15;3717;8;1;0;0;163661;131;2;0;0
FR;4;2021-05-16;417;1;0;0;0;164078;132;2;0;0
FR;4;2021-05-17;4476;6;0;0;0;168554;138;2;0;0
FR;4;2021-05-18;8751;10;0;0;0;177305;148;2;0;0
FR;4;2021-05-19;5690;7;0;0;0;182995;155;2;0;0
FR;4;2021-05-20;9480;7;0;0;0;192475;162;2;0;0
FR;4;2021-05-21;12791;30;0;0;0;205266;192;2;0;0
FR;4;2021-05-22;5056;15;0;0;0;210322;207;2;0;0
FR;4;2021-05-23;494;4;0;0;0;210816;211;2;0;0
FR;4;2021-05-24;1054;7;0;0;0;211870;218;2;0;0
FR;4;2021-05-25;7620;16;0;0;0;219490;234;2;0;0
FR;4;2021-05-26;7723;16;0;0;0;227213;250;2;0;0
FR;4;2021-05-27;14327;35;0;0;0;241540;285;2;0;0
FR;4;2021-05-28;26583;82;1;0;0;268123;367;3;0;0
FR;4;2021-05-29;11380;18;0;0;0;279503;385;3;0;0
FR;4;2021-05-30;971;6;0;0;0;280474;391;3;0;0
FR;4;2021-05-31;12688;21;0;0;0;293162;412;3;0;0
FR;4;2021-06-01;20249;46;1;0;0;313411;458;4;0;0
FR;4;2021-06-02;14518;33;0;0;0;327929;491;4;0;0
FR;4;2021-06-03;19410;24;1;0;0;347339;515;5;0;0
FR;4;2021-06-04;22508;47;0;0;0;369847;562;5;0;0
FR;4;2021-06-05;9712;32;0;0;0;379559;594;5;0;0
FR;4;2021-06-06;1039;1;0;0;0;380598;595;5;0;0
FR;4;2021-06-07;9224;19;0;0;0;389822;614;5;0;0
FR;4;2021-06-08;14606;31;0;0;0;404428;645;5;0;0
FR;4;2021-06-09;12202;25;0;0;0;416630;670;5;0;0
FR;4;2021-06-10;15398;30;0;0;0;432028;700;5;0;0
FR;4;2021-06-11;16978;56;0;0;0;449006;756;5;0;0
FR;4;2021-06-12;7444;27;0;0;0;456450;783;5;0;0
FR;4;2021-06-13;906;2;0;0;0;457356;785;5;0;0
FR;4;2021-06-14;6645;25;0;0;0;464001;810;5;0;0
FR;4;2021-06-15;10883;37;0;0;0;474884;847;5;0;0
FR;4;2021-06-16;8904;15;0;0;0;483788;862;5;0;0
FR;4;2021-06-17;10897;36;0;0;0;494685;898;5;0;0
FR;4;2021-06-18;12420;45;0;0;0;507105;943;5;0;0
FR;4;2021-06-19;5567;25;0;0;0;512672;968;5;0;0
FR;4;2021-06-20;819;5;0;0;0;513491;973;5;0;0
FR;4;2021-06-21;5081;20;0;0;0;518572;993;5;0;0
FR;4;2021-06-22;7905;28;2;0;0;526477;1021;7;0;0
FR;4;2021-06-23;7092;39;2;0;0;533569;1060;9;0;0
FR;4;2021-06-24;8647;46;1;0;0;542216;1106;10;0;0
FR;4;2021-06-25;10172;39;2;0;0;552388;1145;12;0;0
FR;4;2021-06-26;4841;21;0;0;0;557229;1166;12;0;0
FR;4;2021-06-27;760;3;0;0;0;557989;1169;12;0;0
FR;4;2021-06-28;4822;16;1;0;0;562811;1185;13;0;0
FR;4;2021-06-29;7097;27;2;0;0;569908;1212;15;0;0
FR;4;2021-06-30;6708;39;2;0;0;576616;1251;17;0;0
FR;4;2021-07-01;8191;40;0;0;0;584807;1291;17;0;0
FR;4;2021-07-02;9413;52;1;0;0;594220;1343;18;0;0
FR;4;2021-07-03;4844;19;0;0;0;599064;1362;18;0;0
FR;4;2021-07-04;686;5;0;0;0;599750;1367;18;0;0
FR;4;2021-07-05;4766;19;2;0;0;604516;1386;20;0;0
FR;4;2021-07-06;7717;28;4;0;0;612233;1414;24;0;0
FR;4;2021-07-07;7069;34;2;0;0;619302;1448;26;0;0
FR;4;2021-07-08;9218;40;2;0;0;628520;1488;28;0;0
FR;4;2021-07-09;10276;34;1;0;0;638796;1522;29;0;0
FR;4;2021-07-10;4634;14;2;0;0;643430;1536;31;0;0
FR;4;2021-07-11;582;4;1;0;0;644012;1540;32;0;0
FR;4;2021-07-12;5867;29;0;0;0;649879;1569;32;0;0
FR;4;2021-07-13;14230;29;0;0;0;664109;1598;32;0;0
FR;4;2021-07-14;2282;14;0;0;0;666391;1612;32;0;0
FR;4;2021-07-15;18231;36;0;0;0;684622;1648;32;0;0
FR;4;2021-07-16;22815;70;2;0;0;707437;1718;34;0;0
FR;4;2021-07-17;9735;20;0;0;0;717172;1738;34;0;0
FR;4;2021-07-18;1354;4;0;0;0;718526;1742;34;0;0
FR;4;2021-07-19;12980;28;1;0;0;731506;1770;35;0;0
FR;4;2021-07-20;17333;26;1;0;0;748839;1796;36;0;0
FR;4;2021-07-21;15605;33;0;0;0;764444;1829;36;0;0
FR;4;2021-07-22;18237;44;2;0;0;782681;1873;38;0;0
FR;4;2021-07-23;20404;57;7;0;0;803085;1930;45;0;0
FR;4;2021-07-24;9282;32;0;0;0;812367;1962;45;0;0
FR;4;2021-07-25;1350;8;0;0;0;813717;1970;45;0;0
FR;4;2021-07-26;11031;20;0;0;0;824748;1990;45;0;0
FR;4;2021-07-27;14662;35;3;0;0;839410;2025;48;0;0
FR;4;2021-07-28;12923;26;2;0;0;852333;2051;50;0;0
FR;4;2021-07-29;14079;54;4;0;0;866412;2105;54;0;0
FR;4;2021-07-30;15480;45;2;0;0;881892;2150;56;0;0
FR;4;2021-07-31;6831;14;2;0;0;888723;2164;58;0;0
FR;4;2021-08-01;905;1;0;0;0;889628;2165;58;0;0
FR;4;2021-08-02;7903;29;0;0;0;897531;2194;58;0;0
FR;4;2021-08-03;10789;32;2;0;0;908320;2226;60;0;0
FR;4;2021-08-04;9732;29;0;0;0;918052;2255;60;0;0
FR;4;2021-08-05;9812;41;0;0;0;927864;2296;60;0;0
FR;4;2021-08-06;10184;30;3;0;0;938048;2326;63;0;0
FR;4;2021-08-07;5089;30;1;0;0;943137;2356;64;0;0
FR;4;2021-08-08;1217;13;0;0;0;944354;2369;64;0;0
FR;4;2021-08-09;6334;31;0;0;0;950688;2400;64;0;0
FR;4;2021-08-10;8742;18;0;0;0;959430;2418;64;0;0
FR;4;2021-08-11;7931;33;4;0;0;967361;2451;68;0;0
FR;4;2021-08-12;8580;29;1;0;0;975941;2480;69;0;0
FR;4;2021-08-13;7548;24;0;1;0;983489;2504;69;1;0
FR;4;2021-08-14;3787;20;0;0;0;987276;2524;69;1;0
FR;4;2021-08-15;769;5;0;0;0;988045;2529;69;1;0
FR;4;2021-08-16;4002;16;0;0;0;992047;2545;69;1;0
FR;4;2021-08-17;5616;16;1;0;0;997663;2561;70;1;0
FR;4;2021-08-18;5164;34;0;0;0;1002827;2595;70;1;0
FR;4;2021-08-19;5475;33;3;0;0;1008302;2628;73;1;0
FR;4;2021-08-20;5210;24;1;0;0;1013512;2652;74;1;0
FR;4;2021-08-21;2307;21;1;0;0;1015819;2673;75;1;0
FR;4;2021-08-22;401;2;0;0;0;1016220;2675;75;1;0
FR;4;2021-08-23;2924;19;1;0;0;1019144;2694;76;1;0
FR;4;2021-08-24;3745;15;0;0;0;1022889;2709;76;1;0
FR;4;2021-08-25;3538;25;0;0;0;1026427;2734;76;1;0
FR;4;2021-08-26;3702;20;2;0;0;1030129;2754;78;1;0
FR;4;2021-08-27;3605;31;2;0;0;1033734;2785;80;1;0
FR;4;2021-08-28;1725;9;1;0;0;1035459;2794;81;1;0
FR;4;2021-08-29;387;7;1;0;0;1035846;2801;82;1;0
FR;4;2021-08-30;2009;24;0;0;14;1037855;2825;82;1;14
FR;4;2021-08-31;2481;20;0;0;13;1040336;2845;82;1;27
FR;4;2021-09-01;2078;38;1;0;21;1042414;2883;83;1;48
FR;4;2021-09-02;2300;31;4;0;18;1044714;2914;87;1;66
FR;4;2021-09-03;2357;44;5;0;32;1047071;2958;92;1;98
FR;4;2021-09-04;1373;17;0;0;7;1048444;2975;92;1;105
FR;4;2021-09-05;431;2;0;0;2;1048875;2977;92;1;107
FR;4;2021-09-06;1705;60;0;0;21;1050580;3037;92;1;128
FR;4;2021-09-07;1674;18;1;0;9;1052254;3055;93;1;137
FR;4;2021-09-08;1279;27;3;1;20;1053533;3082;96;2;157
FR;4;2021-09-09;1385;23;2;0;9;1054918;3105;98;2;166
FR;4;2021-09-10;1516;31;2;0;23;1056434;3136;100;2;189
FR;4;2021-09-11;738;11;0;0;3;1057172;3147;100;2;192
FR;4;2021-09-12;168;4;0;0;2;1057340;3151;100;2;194
FR;4;2021-09-13;1316;22;1;0;16;1058656;3173;101;2;210
FR;4;2021-09-14;1497;9;2;0;6;1060153;3182;103;2;216
FR;4;2021-09-15;1092;27;1;0;24;1061245;3209;104;2;240
FR;4;2021-09-16;1096;22;2;0;15;1062341;3231;106;2;255
FR;4;2021-09-17;891;21;1;0;12;1063232;3252;107;2;267
FR;4;2021-09-18;462;6;1;0;5;1063694;3258;108;2;272
FR;4;2021-09-19;182;3;0;0;2;1063876;3261;108;2;274
FR;4;2021-09-20;447;18;0;0;12;1064323;3279;108;2;286
FR;4;2021-09-21;423;11;0;0;7;1064746;3290;108;2;293
FR;4;2021-09-22;372;19;2;0;13;1065118;3309;110;2;306
FR;4;2021-09-23;477;16;1;0;15;1065595;3325;111;2;321
FR;4;2021-09-24;409;13;2;0;9;1066004;3338;113;2;330
FR;4;2021-09-25;281;9;1;0;4;1066285;3347;114;2;334
FR;4;2021-09-26;73;2;0;0;1;1066358;3349;114;2;335
FR;4;2021-09-27;261;10;1;0;8;1066619;3359;115;2;343
FR;4;2021-09-28;315;8;0;0;8;1066934;3367;115;2;351
FR;4;2021-09-29;372;18;1;0;12;1067306;3385;116;2;363
FR;4;2021-09-30;359;40;0;0;21;1067665;3425;116;2;384
FR;4;2021-10-01;407;49;0;0;43;1068072;3474;116;2;427
FR;4;2021-10-02;195;22;1;0;13;1068267;3496;117;2;440
FR;4;2021-10-03;85;1;0;0;0;1068352;3497;117;2;440
FR;4;2021-10-04;355;19;1;0;15;1068707;3516;118;2;455
FR;4;2021-10-05;276;19;2;0;15;1068983;3535;120;2;470
FR;4;2021-10-06;243;21;1;0;17;1069226;3556;121;2;487
FR;4;2021-10-07;256;25;2;0;13;1069482;3581;123;2;500
FR;4;2021-10-08;352;23;2;0;19;1069834;3604;125;2;519
FR;4;2021-10-09;193;6;6;0;7;1070027;3610;131;2;526
FR;4;2021-10-10;95;3;2;0;3;1070122;3613;133;2;529
FR;4;2021-10-11;246;15;1;0;14;1070368;3628;134;2;543
FR;4;2021-10-12;205;14;0;0;13;1070573;3642;134;2;556
FR;4;2021-10-13;218;27;1;0;24;1070791;3669;135;2;580
FR;4;2021-10-14;307;22;4;0;16;1071098;3691;139;2;596
FR;4;2021-10-15;321;24;5;0;25;1071419;3715;144;2;621
FR;4;2021-10-16;166;6;2;0;6;1071585;3721;146;2;627
FR;4;2021-10-17;70;2;0;0;1;1071655;3723;146;2;628
FR;4;2021-10-18;278;16;1;0;12;1071933;3739;147;2;640
FR;4;2021-10-19;210;14;2;0;15;1072143;3753;149;2;655
FR;4;2021-10-20;225;27;4;0;15;1072368;3780;153;2;670
FR;4;2021-10-21;235;17;0;0;13;1072603;3797;153;2;683
FR;4;2021-10-22;211;25;2;0;20;1072814;3822;155;2;703
FR;4;2021-10-23;115;16;1;0;15;1072929;3838;156;2;718
FR;4;2021-10-24;38;4;0;0;1;1072967;3842;156;2;719
FR;4;2021-10-25;209;7;2;0;9;1073176;3849;158;2;728
FR;4;2021-10-26;196;14;0;0;12;1073372;3863;158;2;740
FR;4;2021-10-27;191;11;4;0;11;1073563;3874;162;2;751
FR;4;2021-10-28;182;18;4;0;21;1073745;3892;166;2;772
FR;4;2021-10-29;220;15;2;0;13;1073965;3907;168;2;785
FR;4;2021-10-30;102;2;1;0;2;1074067;3909;169;2;787
FR;4;2021-10-31;56;3;2;0;3;1074123;3912;171;2;790
FR;4;2021-11-01;75;27;4;0;24;1074198;3939;175;2;814
FR;4;2021-11-02;155;20;2;0;21;1074353;3959;177;2;835
FR;4;2021-11-03;127;20;8;1;18;1074480;3979;185;3;853
FR;4;2021-11-04;175;15;1;0;12;1074655;3994;186;3;865
FR;4;2021-11-05;126;17;1;0;16;1074781;4011;187;3;881
FR;4;2021-11-06;77;6;1;0;6;1074858;4017;188;3;887
FR;4;2021-11-07;76;2;2;0;4;1074934;4019;190;3;891
FR;4;2021-11-08;158;20;1;0;20;1075092;4039;191;3;911
FR;4;2021-11-09;151;14;3;0;16;1075243;4053;194;3;927
FR;4;2021-11-10;114;29;6;0;31;1075357;4082;200;3;958
FR;4;2021-11-11;86;10;0;0;10;1075443;4092;200;3;968
FR;4;2021-11-12;99;18;2;0;17;1075542;4110;202;3;985
FR;4;2021-11-13;73;15;2;0;14;1075615;4125;204;3;999
FR;4;2021-11-14;53;5;3;0;7;1075668;4130;207;3;1006
FR;4;2021-11-15;97;26;2;0;24;1075765;4156;209;3;1030
FR;4;2021-11-16;100;12;2;0;14;1075865;4168;211;3;1044
FR;4;2021-11-17;116;29;4;0;29;1075981;4197;215;3;1073
FR;4;2021-11-18;99;34;12;0;41;1076080;4231;227;3;1114
FR;4;2021-11-19;79;19;3;0;20;1076159;4250;230;3;1134
FR;4;2021-11-20;75;8;1;0;8;1076234;4258;231;3;1142
FR;4;2021-11-21;61;7;2;0;9;1076295;4265;233;3;1151
FR;4;2021-11-22;101;27;6;0;29;1076396;4292;239;3;1180
FR;4;2021-11-23;74;29;5;0;26;1076470;4321;244;3;1206
FR;4;2021-11-24;85;23;9;0;22;1076555;4344;253;3;1228
FR;4;2021-11-25;84;28;14;0;30;1076639;4372;267;3;1258
FR;4;2021-11-26;81;43;12;0;45;1076720;4415;279;3;1303
FR;4;2021-11-27;35;22;15;0;25;1076755;4437;294;3;1328
FR;4;2021-11-28;48;8;0;0;7;1076803;4445;294;3;1335
FR;4;2021-11-29;84;31;15;0;39;1076887;4476;309;3;1374
FR;4;2021-11-30;72;36;12;0;40;1076959;4512;321;3;1414
FR;4;2021-12-01;79;59;19;0;66;1077038;4571;340;3;1480
FR;4;2021-12-02;98;47;19;0;52;1077136;4618;359;3;1532
FR;4;2021-12-03;98;36;15;0;44;1077234;4654;374;3;1576
FR;4;2021-12-04;70;31;18;0;44;1077304;4685;392;3;1620
FR;4;2021-12-05;61;5;1;0;6;1077365;4690;393;3;1626
FR;4;2021-12-06;96;45;20;0;59;1077461;4735;413;3;1685
FR;4;2021-12-07;77;34;9;0;34;1077538;4769;422;3;1719
FR;4;2021-12-08;66;29;15;0;34;1077604;4798;437;3;1753
FR;4;2021-12-09;60;32;10;0;38;1077664;4830;447;3;1791
FR;4;2021-12-10;60;62;21;0;66;1077724;4892;468;3;1857
FR;4;2021-12-11;24;34;7;0;34;1077748;4926;475;3;1891
FR;4;2021-12-12;23;10;3;0;13;1077771;4936;478;3;1904
FR;4;2021-12-13;68;38;13;0;47;1077839;4974;491;3;1951
FR;4;2021-12-14;56;43;15;0;52;1077895;5017;506;3;2003
FR;4;2021-12-15;59;63;28;0;83;1077954;5080;534;3;2086
FR;4;2021-12-16;31;44;18;0;56;1077985;5124;552;3;2142
FR;4;2021-12-17;39;55;12;0;60;1078024;5179;564;3;2202
FR;4;2021-12-18;48;29;2;0;30;1078072;5208;566;3;2232
FR;4;2021-12-19;15;4;1;0;4;1078087;5212;567;3;2236
FR;4;2021-12-20;35;38;10;0;41;1078122;5250;577;3;2277
FR;4;2021-12-21;26;30;15;0;36;1078148;5280;592;3;2313
FR;4;2021-12-22;35;36;10;0;37;1078183;5316;602;3;2350
FR;4;2021-12-23;39;43;8;0;47;1078222;5359;610;3;2397
FR;4;2021-12-24;23;25;10;0;29;1078245;5384;620;3;2426
FR;4;2021-12-25;6;3;3;0;4;1078251;5387;623;3;2430
FR;4;2021-12-26;4;3;1;0;2;1078255;5390;624;3;2432
FR;4;2021-12-27;27;41;8;0;42;1078282;5431;632;3;2474
FR;4;2021-12-28;24;28;7;0;29;1078306;5459;639;3;2503
FR;4;2021-12-29;48;24;10;0;28;1078354;5483;649;3;2531
FR;4;2021-12-30;41;16;12;0;19;1078395;5499;661;3;2550
FR;4;2021-12-31;18;5;8;0;10;1078413;5504;669;3;2560
FR;4;2022-01-01;5;4;4;0;6;1078418;5508;673;3;2566
FR;4;2022-01-02;40;4;14;0;17;1078458;5512;687;3;2583
FR;4;2022-01-03;38;52;20;1;57;1078496;5564;707;4;2640
FR;4;2022-01-04;29;26;13;0;29;1078525;5590;720;4;2669
FR;4;2022-01-05;46;21;16;0;22;1078571;5611;736;4;2691
FR;4;2022-01-06;43;20;21;0;33;1078614;5631;757;4;2724
FR;4;2022-01-07;28;19;15;0;19;1078642;5650;772;4;2743
FR;4;2022-01-08;8;5;9;0;11;1078650;5655;781;4;2754
FR;4;2022-01-09;17;2;1;0;2;1078667;5657;782;4;2756
FR;4;2022-01-10;39;22;16;0;33;1078706;5679;798;4;2789
FR;4;2022-01-11;23;30;12;0;34;1078729;5709;810;4;2823
FR;4;2022-01-12;30;20;12;0;21;1078759;5729;822;4;2844
FR;4;2022-01-13;48;18;26;0;35;1078807;5747;848;4;2879
FR;4;2022-01-14;22;28;13;0;31;1078829;5775;861;4;2910
FR;4;2022-01-15;10;6;7;0;11;1078839;5781;868;4;2921
FR;4;2022-01-16;9;9;11;0;19;1078848;5790;879;4;2940
FR;4;2022-01-17;23;18;12;0;24;1078871;5808;891;4;2964
FR;4;2022-01-18;16;13;7;0;17;1078887;5821;898;4;2981
FR;4;2022-01-19;28;22;9;0;29;1078915;5843;907;4;3010
FR;4;2022-01-20;31;34;11;0;37;1078946;5877;918;4;3047
FR;4;2022-01-21;9;12;18;1;15;1078955;5889;936;5;3062
FR;4;2022-01-22;30;9;2;0;9;1078985;5898;938;5;3071
FR;4;2022-01-23;6;3;4;0;7;1078991;5901;942;5;3078
FR;4;2022-01-24;14;21;8;0;27;1079005;5922;950;5;3105
FR;4;2022-01-25;20;30;8;1;34;1079025;5952;958;6;3139
FR;4;2022-01-26;19;15;6;1;16;1079044;5967;964;7;3155
FR;4;2022-01-27;19;18;5;0;21;1079063;5985;969;7;3176
FR;4;2022-01-28;12;23;7;0;25;1079075;6008;976;7;3201
FR;4;2022-01-29;15;6;4;0;9;1079090;6014;980;7;3210
FR;4;2022-01-30;16;2;0;0;2;1079106;6016;980;7;3212
FR;4;2022-01-31;19;27;6;0;29;1079125;6043;986;7;3241
FR;4;2022-02-01;9;19;11;0;19;1079134;6062;997;7;3260
FR;4;2022-02-02;16;11;10;2;16;1079150;6073;1007;9;3276
FR;4;2022-02-03;12;22;9;0;25;1079162;6095;1016;9;3301
FR;4;2022-02-04;6;5;7;0;9;1079168;6100;1023;9;3310
FR;4;2022-02-05;6;14;1;0;13;1079174;6114;1024;9;3323
FR;4;2022-02-06;5;2;2;0;3;1079179;6116;1026;9;3326
FR;4;2022-02-07;13;19;6;0;19;1079192;6135;1032;9;3345
FR;4;2022-02-08;15;19;13;1;20;1079207;6154;1045;10;3365
FR;4;2022-02-09;14;10;7;0;13;1079221;6164;1052;10;3378
FR;4;2022-02-10;18;23;9;0;24;1079239;6187;1061;10;3402
FR;4;2022-02-11;18;14;8;0;19;1079257;6201;1069;10;3421
FR;4;2022-02-12;23;6;1;0;5;1079280;6207;1070;10;3426
FR;4;2022-02-13;7;3;3;0;6;1079287;6210;1073;10;3432
FR;4;2022-02-14;18;10;7;0;13;1079305;6220;1080;10;3445
FR;4;2022-02-15;16;7;1;0;7;1079321;6227;1081;10;3452
FR;4;2022-02-16;11;9;10;0;15;1079332;6236;1091;10;3467
FR;4;2022-02-17;10;4;4;0;6;1079342;6240;1095;10;3473
FR;4;2022-02-18;17;13;6;0;17;1079359;6253;1101;10;3490
FR;4;2022-02-19;16;2;2;0;4;1079375;6255;1103;10;3494
FR;4;2022-02-20;7;2;0;0;1;1079382;6257;1103;10;3495
FR;4;2022-02-21;22;3;3;0;4;1079404;6260;1106;10;3499
FR;4;2022-02-22;8;4;8;0;8;1079412;6264;1114;10;3507
FR;4;2022-02-23;16;6;9;0;9;1079428;6270;1123;10;3516
FR;4;2022-02-24;9;4;2;0;4;1079437;6274;1125;10;3520
FR;4;2022-02-25;15;5;7;0;6;1079452;6279;1132;10;3526
FR;4;2022-02-26;26;3;0;0;3;1079478;6282;1132;10;3529
FR;4;2022-02-27;9;0;1;0;1;1079487;6282;1133;10;3530
FR;4;2022-02-28;14;3;2;0;3;1079501;6285;1135;10;3533
FR;4;2022-03-01;6;2;7;0;3;1079507;6287;1142;10;3536
FR;4;2022-03-02;10;2;3;0;4;1079517;6289;1145;10;3540
FR;4;2022-03-03;15;5;1;0;4;1079532;6294;1146;10;3544
FR;4;2022-03-04;6;7;2;1;5;1079538;6301;1148;11;3549
FR;4;2022-03-05;8;2;0;0;2;1079546;6303;1148;11;3551
FR;4;2022-03-06;4;0;1;0;1;1079550;6303;1149;11;3552
FR;4;2022-03-07;10;4;1;0;3;1079560;6307;1150;11;3555
FR;4;2022-03-08;13;2;0;0;2;1079573;6309;1150;11;3557
FR;4;2022-03-09;7;3;2;0;4;1079580;6312;1152;11;3561
FR;4;2022-03-10;5;1;5;0;2;1079585;6313;1157;11;3563
FR;4;2022-03-11;8;2;5;0;1;1079593;6315;1162;11;3564
FR;4;2022-03-12;9;2;0;0;0;1079602;6317;1162;11;3564
FR;4;2022-03-13;5;0;1;0;1;1079607;6317;1163;11;3565
FR;4;2022-03-14;4;1;0;0;1;1079611;6318;1163;11;3566
FR;4;2022-03-15;5;3;1;0;1;1079616;6321;1164;11;3567
FR;4;2022-03-16;6;3;3;0;3;1079622;6324;1167;11;3570
FR;4;2022-03-17;1;4;1;0;5;1079623;6328;1168;11;3575
FR;4;2022-03-18;7;3;0;0;3;1079630;6331;1168;11;3578
FR;4;2022-03-19;1;1;0;0;1;1079631;6332;1168;11;3579
FR;4;2022-03-20;2;0;2;0;1;1079633;6332;1170;11;3580
FR;4;2022-03-21;5;3;0;0;3;1079638;6335;1170;11;3583
FR;4;2022-03-22;3;2;1;0;2;1079641;6337;1171;11;3585
FR;4;2022-03-23;6;3;4;0;6;1079647;6340;1175;11;3591
FR;4;2022-03-24;2;4;3;1;5;1079649;6344;1178;12;3596
FR;4;2022-03-25;3;1;2;0;1;1079652;6345;1180;12;3597
FR;4;2022-03-26;5;5;0;0;5;1079657;6350;1180;12;3602
FR;4;2022-03-27;1;0;1;0;0;1079658;6350;1181;12;3602
FR;4;2022-03-28;4;1;1;0;1;1079662;6351;1182;12;3603
FR;4;2022-03-29;7;0;4;1;0;1079669;6351;1186;13;3603
FR;4;2022-03-30;1;4;0;0;4;1079670;6355;1186;13;3607
FR;4;2022-03-31;1;3;1;1;3;1079671;6358;1187;14;3610
FR;4;2022-04-01;13;3;5;0;6;1079684;6361;1192;14;3616
FR;4;2022-04-02;4;4;0;0;3;1079688;6365;1192;14;3619
FR;4;2022-04-03;0;0;0;0;0;1079688;6365;1192;14;3619
FR;4;2022-04-04;3;3;4;0;3;1079691;6368;1196;14;3622
FR;4;2022-04-05;3;4;1;1;2;1079694;6372;1197;15;3624
FR;4;2022-04-06;3;0;0;0;0;1079697;6372;1197;15;3624
FR;4;2022-04-07;3;2;1;2;3;1079700;6374;1198;17;3627
FR;4;2022-04-08;4;1;1;0;1;1079704;6375;1199;17;3628
FR;4;2022-04-09;0;0;1;1;1;1079704;6375;1200;18;3629
FR;4;2022-04-10;1;2;0;0;2;1079705;6377;1200;18;3631
FR;4;2022-04-11;3;2;4;0;4;1079708;6379;1204;18;3635
FR;4;2022-04-12;2;1;4;0;2;1079710;6380;1208;18;3637
FR;4;2022-04-13;3;6;1;0;7;1079713;6386;1209;18;3644
FR;4;2022-04-14;5;3;0;1;2;1079718;6389;1209;19;3646
FR;4;2022-04-15;2;7;1;0;8;1079720;6396;1210;19;3654
FR;4;2022-04-16;1;0;0;0;0;1079721;6396;1210;19;3654
FR;4;2022-04-17;1;0;0;0;0;1079722;6396;1210;19;3654
FR;4;2022-04-18;1;2;4;0;2;1079723;6398;1214;19;3656
FR;4;2022-04-19;2;0;1;0;0;1079725;6398;1215;19;3656
FR;4;2022-04-20;13;4;1;0;2;1079738;6402;1216;19;3658
FR;4;2022-04-21;5;1;0;0;1;1079743;6403;1216;19;3659
FR;4;2022-04-22;1;0;1;0;0;1079744;6403;1217;19;3659
FR;4;2022-04-23;1;3;2;0;5;1079745;6406;1219;19;3664
FR;4;2022-04-24;0;2;0;0;2;1079745;6408;1219;19;3666
FR;4;2022-04-25;2;4;2;0;6;1079747;6412;1221;19;3672
FR;4;2022-04-26;2;4;1;0;4;1079749;6416;1222;19;3676
FR;4;2022-04-27;4;0;0;0;0;1079753;6416;1222;19;3676
FR;4;2022-04-28;2;5;5;0;6;1079755;6421;1227;19;3682
FR;4;2022-04-29;3;2;0;0;1;1079758;6423;1227;19;3683
FR;4;2022-04-30;0;1;1;0;2;1079758;6424;1228;19;3685
FR;4;2022-05-01;0;0;0;0;0;1079758;6424;1228;19;3685
FR;4;2022-05-02;4;5;3;0;5;1079762;6429;1231;19;3690
FR;4;2022-05-03;0;3;1;0;3;1079762;6432;1232;19;3693
FR;4;2022-05-04;3;4;1;0;4;1079765;6436;1233;19;3697
FR;4;2022-05-05;2;1;1;0;1;1079767;6437;1234;19;3698
FR;4;2022-05-06;2;0;0;0;0;1079769;6437;1234;19;3698
FR;4;2022-05-07;0;0;0;0;0;1079769;6437;1234;19;3698
FR;4;2022-05-08;1;1;0;0;1;1079770;6438;1234;19;3699
FR;4;2022-05-09;5;0;0;0;0;1079775;6438;1234;19;3699
FR;4;2022-05-10;0;0;0;2;2;1079775;6438;1234;21;3701
FR;4;2022-05-11;2;0;1;0;0;1079777;6438;1235;21;3701
FR;4;2022-05-12;5;1;1;1;2;1079782;6439;1236;22;3703
FR;4;2022-05-13;0;0;2;0;2;1079782;6439;1238;22;3705
FR;4;2022-05-14;0;1;0;0;1;1079782;6440;1238;22;3706
FR;4;2022-05-15;1;2;0;0;0;1079783;6442;1238;22;3706
FR;4;2022-05-16;3;1;1;0;1;1079786;6443;1239;22;3707
FR;4;2022-05-17;3;0;1;0;1;1079789;6443;1240;22;3708
FR;4;2022-05-18;0;1;0;0;1;1079789;6444;1240;22;3709
FR;4;2022-05-19;2;1;1;0;2;1079791;6445;1241;22;3711
FR;4;2022-05-20;1;0;1;0;0;1079792;6445;1242;22;3711
FR;4;2022-05-21;2;0;0;0;0;1079794;6445;1242;22;3711
FR;4;2022-05-22;0;0;1;0;1;1079794;6445;1243;22;3712
FR;4;2022-05-23;0;0;1;0;0;1079794;6445;1244;22;3712
FR;4;2022-05-24;1;0;0;0;0;1079795;6445;1244;22;3712
FR;4;2022-05-25;1;1;0;0;0;1079796;6446;1244;22;3712
FR;4;2022-05-26;1;0;0;0;0;1079797;6446;1244;22;3712
FR;4;2022-05-27;0;0;0;0;0;1079797;6446;1244;22;3712
FR;4;2022-05-28;0;0;0;0;0;1079797;6446;1244;22;3712
FR;4;2022-05-29;0;0;0;0;0;1079797;6446;1244;22;3712
FR;4;2022-05-30;1;0;1;0;1;1079798;6446;1245;22;3713
FR;4;2022-05-31;0;0;0;0;0;1079798;6446;1245;22;3713
FR;5;2020-12-27;0;0;0;0;0;0;0;0;0;0
FR;5;2020-12-28;0;0;0;0;0;0;0;0;0;0
FR;5;2020-12-29;0;0;0;0;0;0;0;0;0;0
FR;5;2020-12-30;0;0;0;0;0;0;0;0;0;0
FR;5;2020-12-31;0;0;0;0;0;0;0;0;0;0
FR;5;2021-01-01;0;0;0;0;0;0;0;0;0;0
FR;5;2021-01-02;0;0;0;0;0;0;0;0;0;0
FR;5;2021-01-03;0;0;0;0;0;0;0;0;0;0
FR;5;2021-01-04;0;0;0;0;0;0;0;0;0;0
FR;5;2021-01-05;0;0;0;0;0;0;0;0;0;0
FR;5;2021-01-06;0;0;0;0;0;0;0;0;0;0
FR;5;2021-01-07;0;0;0;0;0;0;0;0;0;0
FR;5;2021-01-08;0;0;0;0;0;0;0;0;0;0
FR;5;2021-01-09;0;0;0;0;0;0;0;0;0;0
FR;5;2021-01-10;0;0;0;0;0;0;0;0;0;0
FR;5;2021-01-11;0;0;0;0;0;0;0;0;0;0
FR;5;2021-01-12;0;0;0;0;0;0;0;0;0;0
FR;5;2021-01-13;0;0;0;0;0;0;0;0;0;0
FR;5;2021-01-14;0;0;0;0;0;0;0;0;0;0
FR;5;2021-01-15;0;0;0;0;0;0;0;0;0;0
FR;5;2021-01-16;0;0;0;0;0;0;0;0;0;0
FR;5;2021-01-17;0;0;0;0;0;0;0;0;0;0
FR;5;2021-01-18;0;0;0;0;0;0;0;0;0;0
FR;5;2021-01-19;0;0;0;0;0;0;0;0;0;0
FR;5;2021-01-20;0;0;0;0;0;0;0;0;0;0
FR;5;2021-01-21;0;0;0;0;0;0;0;0;0;0
FR;5;2021-01-22;0;0;0;0;0;0;0;0;0;0
FR;5;2021-01-23;0;0;0;0;0;0;0;0;0;0
FR;5;2021-01-24;0;0;0;0;0;0;0;0;0;0
FR;5;2021-01-25;0;0;0;0;0;0;0;0;0;0
FR;5;2021-01-26;0;0;0;0;0;0;0;0;0;0
FR;5;2021-01-27;0;0;0;0;0;0;0;0;0;0
FR;5;2021-01-28;0;0;0;0;0;0;0;0;0;0
FR;5;2021-01-29;0;0;0;0;0;0;0;0;0;0
FR;5;2021-01-30;0;0;0;0;0;0;0;0;0;0
FR;5;2021-01-31;0;0;0;0;0;0;0;0;0;0
FR;5;2021-02-01;0;0;0;0;0;0;0;0;0;0
FR;5;2021-02-02;0;0;0;0;0;0;0;0;0;0
FR;5;2021-02-03;0;0;0;0;0;0;0;0;0;0
FR;5;2021-02-04;0;0;0;0;0;0;0;0;0;0
FR;5;2021-02-05;0;0;0;0;0;0;0;0;0;0
FR;5;2021-02-06;0;0;0;0;0;0;0;0;0;0
FR;5;2021-02-07;0;0;0;0;0;0;0;0;0;0
FR;5;2021-02-08;0;0;0;0;0;0;0;0;0;0
FR;5;2021-02-09;0;0;0;0;0;0;0;0;0;0
FR;5;2021-02-10;0;0;0;0;0;0;0;0;0;0
FR;5;2021-02-11;0;0;0;0;0;0;0;0;0;0
FR;5;2021-02-12;0;0;0;0;0;0;0;0;0;0
FR;5;2021-02-13;0;0;0;0;0;0;0;0;0;0
FR;5;2021-02-14;0;0;0;0;0;0;0;0;0;0
FR;5;2021-02-15;0;0;0;0;0;0;0;0;0;0
FR;5;2021-02-16;0;0;0;0;0;0;0;0;0;0
FR;5;2021-02-17;0;0;0;0;0;0;0;0;0;0
FR;5;2021-02-18;0;0;0;0;0;0;0;0;0;0
FR;5;2021-02-19;0;0;0;0;0;0;0;0;0;0
FR;5;2021-02-20;0;0;0;0;0;0;0;0;0;0
FR;5;2021-02-21;0;0;0;0;0;0;0;0;0;0
FR;5;2021-02-22;0;0;0;0;0;0;0;0;0;0
FR;5;2021-02-23;0;0;0;0;0;0;0;0;0;0
FR;5;2021-02-24;0;0;0;0;0;0;0;0;0;0
FR;5;2021-02-25;0;0;0;0;0;0;0;0;0;0
FR;5;2021-02-26;0;0;0;0;0;0;0;0;0;0
FR;5;2021-02-27;0;0;0;0;0;0;0;0;0;0
FR;5;2021-02-28;0;0;0;0;0;0;0;0;0;0
FR;5;2021-03-01;0;0;0;0;0;0;0;0;0;0
FR;5;2021-03-02;0;0;0;0;0;0;0;0;0;0
FR;5;2021-03-03;0;0;0;0;0;0;0;0;0;0
FR;5;2021-03-04;0;0;0;0;0;0;0;0;0;0
FR;5;2021-03-05;0;0;0;0;0;0;0;0;0;0
FR;5;2021-03-06;0;0;0;0;0;0;0;0;0;0
FR;5;2021-03-07;0;0;0;0;0;0;0;0;0;0
FR;5;2021-03-08;0;0;0;0;0;0;0;0;0;0
FR;5;2021-03-09;0;0;0;0;0;0;0;0;0;0
FR;5;2021-03-10;0;0;0;0;0;0;0;0;0;0
FR;5;2021-03-11;0;0;0;0;0;0;0;0;0;0
FR;5;2021-03-12;0;0;0;0;0;0;0;0;0;0
FR;5;2021-03-13;0;0;0;0;0;0;0;0;0;0
FR;5;2021-03-14;0;0;0;0;0;0;0;0;0;0
FR;5;2021-03-15;0;0;0;0;0;0;0;0;0;0
FR;5;2021-03-16;0;0;0;0;0;0;0;0;0;0
FR;5;2021-03-17;0;0;0;0;0;0;0;0;0;0
FR;5;2021-03-18;0;0;0;0;0;0;0;0;0;0
FR;5;2021-03-19;0;0;0;0;0;0;0;0;0;0
FR;5;2021-03-20;0;0;0;0;0;0;0;0;0;0
FR;5;2021-03-21;0;0;0;0;0;0;0;0;0;0
FR;5;2021-03-22;0;0;0;0;0;0;0;0;0;0
FR;5;2021-03-23;0;0;0;0;0;0;0;0;0;0
FR;5;2021-03-24;0;0;0;0;0;0;0;0;0;0
FR;5;2021-03-25;0;0;0;0;0;0;0;0;0;0
FR;5;2021-03-26;0;0;0;0;0;0;0;0;0;0
FR;5;2021-03-27;0;0;0;0;0;0;0;0;0;0
FR;5;2021-03-28;0;0;0;0;0;0;0;0;0;0
FR;5;2021-03-29;0;0;0;0;0;0;0;0;0;0
FR;5;2021-03-30;0;0;0;0;0;0;0;0;0;0
FR;5;2021-03-31;0;0;0;0;0;0;0;0;0;0
FR;5;2021-04-01;0;0;0;0;0;0;0;0;0;0
FR;5;2021-04-02;0;0;0;0;0;0;0;0;0;0
FR;5;2021-04-03;0;0;0;0;0;0;0;0;0;0
FR;5;2021-04-04;0;0;0;0;0;0;0;0;0;0
FR;5;2021-04-05;0;0;0;0;0;0;0;0;0;0
FR;5;2021-04-06;0;0;0;0;0;0;0;0;0;0
FR;5;2021-04-07;0;0;0;0;0;0;0;0;0;0
FR;5;2021-04-08;0;0;0;0;0;0;0;0;0;0
FR;5;2021-04-09;0;0;0;0;0;0;0;0;0;0
FR;5;2021-04-10;0;0;0;0;0;0;0;0;0;0
FR;5;2021-04-11;0;0;0;0;0;0;0;0;0;0
FR;5;2021-04-12;0;0;0;0;0;0;0;0;0;0
FR;5;2021-04-13;0;0;0;0;0;0;0;0;0;0
FR;5;2021-04-14;0;0;0;0;0;0;0;0;0;0
FR;5;2021-04-15;0;0;0;0;0;0;0;0;0;0
FR;5;2021-04-16;0;0;0;0;0;0;0;0;0;0
FR;5;2021-04-17;0;0;0;0;0;0;0;0;0;0
FR;5;2021-04-18;0;0;0;0;0;0;0;0;0;0
FR;5;2021-04-19;0;0;0;0;0;0;0;0;0;0
FR;5;2021-04-20;0;0;0;0;0;0;0;0;0;0
FR;5;2021-04-21;0;0;0;0;0;0;0;0;0;0
FR;5;2021-04-22;0;0;0;0;0;0;0;0;0;0
FR;5;2021-04-23;0;0;0;0;0;0;0;0;0;0
FR;5;2021-04-24;0;0;0;0;0;0;0;0;0;0
FR;5;2021-04-25;0;0;0;0;0;0;0;0;0;0
FR;5;2021-04-26;0;0;0;0;0;0;0;0;0;0
FR;5;2021-04-27;0;0;0;0;0;0;0;0;0;0
FR;5;2021-04-28;0;0;0;0;0;0;0;0;0;0
FR;5;2021-04-29;0;0;0;0;0;0;0;0;0;0
FR;5;2021-04-30;0;0;0;0;0;0;0;0;0;0
FR;5;2021-05-01;0;0;0;0;0;0;0;0;0;0
FR;5;2021-05-02;0;0;0;0;0;0;0;0;0;0
FR;5;2021-05-03;0;0;0;0;0;0;0;0;0;0
FR;5;2021-05-04;0;0;0;0;0;0;0;0;0;0
FR;5;2021-05-05;0;0;0;0;0;0;0;0;0;0
FR;5;2021-05-06;0;0;0;0;0;0;0;0;0;0
FR;5;2021-05-07;0;0;0;0;0;0;0;0;0;0
FR;5;2021-05-08;0;0;0;0;0;0;0;0;0;0
FR;5;2021-05-09;0;0;0;0;0;0;0;0;0;0
FR;5;2021-05-10;0;0;0;0;0;0;0;0;0;0
FR;5;2021-05-11;0;0;0;0;0;0;0;0;0;0
FR;5;2021-05-12;0;0;0;0;0;0;0;0;0;0
FR;5;2021-05-13;0;0;0;0;0;0;0;0;0;0
FR;5;2021-05-14;0;0;0;0;0;0;0;0;0;0
FR;5;2021-05-15;0;0;0;0;0;0;0;0;0;0
FR;5;2021-05-16;0;0;0;0;0;0;0;0;0;0
FR;5;2021-05-17;0;0;0;0;0;0;0;0;0;0
FR;5;2021-05-18;0;0;0;0;0;0;0;0;0;0
FR;5;2021-05-19;0;0;0;0;0;0;0;0;0;0
FR;5;2021-05-20;0;0;0;0;0;0;0;0;0;0
FR;5;2021-05-21;0;0;0;0;0;0;0;0;0;0
FR;5;2021-05-22;0;0;0;0;0;0;0;0;0;0
FR;5;2021-05-23;0;0;0;0;0;0;0;0;0;0
FR;5;2021-05-24;0;0;0;0;0;0;0;0;0;0
FR;5;2021-05-25;0;0;0;0;0;0;0;0;0;0
FR;5;2021-05-26;0;0;0;0;0;0;0;0;0;0
FR;5;2021-05-27;0;0;0;0;0;0;0;0;0;0
FR;5;2021-05-28;0;0;0;0;0;0;0;0;0;0
FR;5;2021-05-29;0;0;0;0;0;0;0;0;0;0
FR;5;2021-05-30;0;0;0;0;0;0;0;0;0;0
FR;5;2021-05-31;0;0;0;0;0;0;0;0;0;0
FR;5;2021-06-01;0;0;0;0;0;0;0;0;0;0
FR;5;2021-06-02;0;0;0;0;0;0;0;0;0;0
FR;5;2021-06-03;0;0;0;0;0;0;0;0;0;0
FR;5;2021-06-04;0;0;0;0;0;0;0;0;0;0
FR;5;2021-06-05;0;0;0;0;0;0;0;0;0;0
FR;5;2021-06-06;0;0;0;0;0;0;0;0;0;0
FR;5;2021-06-07;0;0;0;0;0;0;0;0;0;0
FR;5;2021-06-08;0;0;0;0;0;0;0;0;0;0
FR;5;2021-06-09;0;0;0;0;0;0;0;0;0;0
FR;5;2021-06-10;0;0;0;0;0;0;0;0;0;0
FR;5;2021-06-11;0;0;0;0;0;0;0;0;0;0
FR;5;2021-06-12;0;0;0;0;0;0;0;0;0;0
FR;5;2021-06-13;0;0;0;0;0;0;0;0;0;0
FR;5;2021-06-14;0;0;0;0;0;0;0;0;0;0
FR;5;2021-06-15;0;0;0;0;0;0;0;0;0;0
FR;5;2021-06-16;0;0;0;0;0;0;0;0;0;0
FR;5;2021-06-17;0;0;0;0;0;0;0;0;0;0
FR;5;2021-06-18;0;0;0;0;0;0;0;0;0;0
FR;5;2021-06-19;0;0;0;0;0;0;0;0;0;0
FR;5;2021-06-20;0;0;0;0;0;0;0;0;0;0
FR;5;2021-06-21;0;0;0;0;0;0;0;0;0;0
FR;5;2021-06-22;0;0;0;0;0;0;0;0;0;0
FR;5;2021-06-23;0;0;0;0;0;0;0;0;0;0
FR;5;2021-06-24;0;0;0;0;0;0;0;0;0;0
FR;5;2021-06-25;0;0;0;0;0;0;0;0;0;0
FR;5;2021-06-26;0;0;0;0;0;0;0;0;0;0
FR;5;2021-06-27;0;0;0;0;0;0;0;0;0;0
FR;5;2021-06-28;0;0;0;0;0;0;0;0;0;0
FR;5;2021-06-29;0;0;0;0;0;0;0;0;0;0
FR;5;2021-06-30;0;0;0;0;0;0;0;0;0;0
FR;5;2021-07-01;0;0;0;0;0;0;0;0;0;0
FR;5;2021-07-02;0;0;0;0;0;0;0;0;0;0
FR;5;2021-07-03;0;0;0;0;0;0;0;0;0;0
FR;5;2021-07-04;0;0;0;0;0;0;0;0;0;0
FR;5;2021-07-05;0;0;0;0;0;0;0;0;0;0
FR;5;2021-07-06;0;0;0;0;0;0;0;0;0;0
FR;5;2021-07-07;0;0;0;0;0;0;0;0;0;0
FR;5;2021-07-08;0;0;0;0;0;0;0;0;0;0
FR;5;2021-07-09;0;0;0;0;0;0;0;0;0;0
FR;5;2021-07-10;0;0;0;0;0;0;0;0;0;0
FR;5;2021-07-11;0;0;0;0;0;0;0;0;0;0
FR;5;2021-07-12;0;0;0;0;0;0;0;0;0;0
FR;5;2021-07-13;0;0;0;0;0;0;0;0;0;0
FR;5;2021-07-14;0;0;0;0;0;0;0;0;0;0
FR;5;2021-07-15;0;0;0;0;0;0;0;0;0;0
FR;5;2021-07-16;0;0;0;0;0;0;0;0;0;0
FR;5;2021-07-17;0;0;0;0;0;0;0;0;0;0
FR;5;2021-07-18;0;0;0;0;0;0;0;0;0;0
FR;5;2021-07-19;0;0;0;0;0;0;0;0;0;0
FR;5;2021-07-20;0;0;0;0;0;0;0;0;0;0
FR;5;2021-07-21;0;0;0;0;0;0;0;0;0;0
FR;5;2021-07-22;0;0;0;0;0;0;0;0;0;0
FR;5;2021-07-23;0;0;0;0;0;0;0;0;0;0
FR;5;2021-07-24;0;0;0;0;0;0;0;0;0;0
FR;5;2021-07-25;0;0;0;0;0;0;0;0;0;0
FR;5;2021-07-26;0;0;0;0;0;0;0;0;0;0
FR;5;2021-07-27;0;0;0;0;0;0;0;0;0;0
FR;5;2021-07-28;0;0;0;0;0;0;0;0;0;0
FR;5;2021-07-29;0;0;0;0;0;0;0;0;0;0
FR;5;2021-07-30;0;0;0;0;0;0;0;0;0;0
FR;5;2021-07-31;0;0;0;0;0;0;0;0;0;0
FR;5;2021-08-01;0;0;0;0;0;0;0;0;0;0
FR;5;2021-08-02;0;0;0;0;0;0;0;0;0;0
FR;5;2021-08-03;0;0;0;0;0;0;0;0;0;0
FR;5;2021-08-04;0;0;0;0;0;0;0;0;0;0
FR;5;2021-08-05;0;0;0;0;0;0;0;0;0;0
FR;5;2021-08-06;0;0;0;0;0;0;0;0;0;0
FR;5;2021-08-07;0;0;0;0;0;0;0;0;0;0
FR;5;2021-08-08;0;0;0;0;0;0;0;0;0;0
FR;5;2021-08-09;0;0;0;0;0;0;0;0;0;0
FR;5;2021-08-10;0;0;0;0;0;0;0;0;0;0
FR;5;2021-08-11;0;0;0;0;0;0;0;0;0;0
FR;5;2021-08-12;0;0;0;0;0;0;0;0;0;0
FR;5;2021-08-13;0;0;0;0;0;0;0;0;0;0
FR;5;2021-08-14;0;0;0;0;0;0;0;0;0;0
FR;5;2021-08-15;0;0;0;0;0;0;0;0;0;0
FR;5;2021-08-16;0;0;0;0;0;0;0;0;0;0
FR;5;2021-08-17;0;0;0;0;0;0;0;0;0;0
FR;5;2021-08-18;0;0;0;0;0;0;0;0;0;0
FR;5;2021-08-19;0;0;0;0;0;0;0;0;0;0
FR;5;2021-08-20;0;0;0;0;0;0;0;0;0;0
FR;5;2021-08-21;0;0;0;0;0;0;0;0;0;0
FR;5;2021-08-22;0;0;0;0;0;0;0;0;0;0
FR;5;2021-08-23;0;0;0;0;0;0;0;0;0;0
FR;5;2021-08-24;0;0;0;0;0;0;0;0;0;0
FR;5;2021-08-25;0;0;0;0;0;0;0;0;0;0
FR;5;2021-08-26;0;0;0;0;0;0;0;0;0;0
FR;5;2021-08-27;0;0;0;0;0;0;0;0;0;0
FR;5;2021-08-28;0;0;0;0;0;0;0;0;0;0
FR;5;2021-08-29;0;0;0;0;0;0;0;0;0;0
FR;5;2021-08-30;0;0;0;0;0;0;0;0;0;0
FR;5;2021-08-31;0;0;0;0;0;0;0;0;0;0
FR;5;2021-09-01;0;0;0;0;0;0;0;0;0;0
FR;5;2021-09-02;0;0;0;0;0;0;0;0;0;0
FR;5;2021-09-03;0;0;0;0;0;0;0;0;0;0
FR;5;2021-09-04;0;0;0;0;0;0;0;0;0;0
FR;5;2021-09-05;0;0;0;0;0;0;0;0;0;0
FR;5;2021-09-06;0;0;0;0;0;0;0;0;0;0
FR;5;2021-09-07;0;0;0;0;0;0;0;0;0;0
FR;5;2021-09-08;0;0;0;0;0;0;0;0;0;0
FR;5;2021-09-09;0;0;0;0;0;0;0;0;0;0
FR;5;2021-09-10;0;0;0;0;0;0;0;0;0;0
FR;5;2021-09-11;0;0;0;0;0;0;0;0;0;0
FR;5;2021-09-12;0;0;0;0;0;0;0;0;0;0
FR;5;2021-09-13;0;0;0;0;0;0;0;0;0;0
FR;5;2021-09-14;0;0;0;0;0;0;0;0;0;0
FR;5;2021-09-15;0;0;0;0;0;0;0;0;0;0
FR;5;2021-09-16;0;0;0;0;0;0;0;0;0;0
FR;5;2021-09-17;0;0;0;0;0;0;0;0;0;0
FR;5;2021-09-18;0;0;0;0;0;0;0;0;0;0
FR;5;2021-09-19;0;0;0;0;0;0;0;0;0;0
FR;5;2021-09-20;0;0;0;0;0;0;0;0;0;0
FR;5;2021-09-21;0;0;0;0;0;0;0;0;0;0
FR;5;2021-09-22;0;0;0;0;0;0;0;0;0;0
FR;5;2021-09-23;0;0;0;0;0;0;0;0;0;0
FR;5;2021-09-24;0;0;0;0;0;0;0;0;0;0
FR;5;2021-09-25;0;0;0;0;0;0;0;0;0;0
FR;5;2021-09-26;0;0;0;0;0;0;0;0;0;0
FR;5;2021-09-27;0;0;0;0;0;0;0;0;0;0
FR;5;2021-09-28;0;0;0;0;0;0;0;0;0;0
FR;5;2021-09-29;0;0;0;0;0;0;0;0;0;0
FR;5;2021-09-30;0;0;0;0;0;0;0;0;0;0
FR;5;2021-10-01;0;0;0;0;0;0;0;0;0;0
FR;5;2021-10-02;0;0;0;0;0;0;0;0;0;0
FR;5;2021-10-03;0;0;0;0;0;0;0;0;0;0
FR;5;2021-10-04;0;0;0;0;0;0;0;0;0;0
FR;5;2021-10-05;0;0;0;0;0;0;0;0;0;0
FR;5;2021-10-06;0;0;0;0;0;0;0;0;0;0
FR;5;2021-10-07;0;0;0;0;0;0;0;0;0;0
FR;5;2021-10-08;0;0;0;0;0;0;0;0;0;0
FR;5;2021-10-09;0;0;0;0;0;0;0;0;0;0
FR;5;2021-10-10;0;0;0;0;0;0;0;0;0;0
FR;5;2021-10-11;0;0;0;0;0;0;0;0;0;0
FR;5;2021-10-12;0;0;0;0;0;0;0;0;0;0
FR;5;2021-10-13;0;0;0;0;0;0;0;0;0;0
FR;5;2021-10-14;0;0;0;0;0;0;0;0;0;0
FR;5;2021-10-15;0;0;0;0;0;0;0;0;0;0
FR;5;2021-10-16;0;0;0;0;0;0;0;0;0;0
FR;5;2021-10-17;0;0;0;0;0;0;0;0;0;0
FR;5;2021-10-18;0;0;0;0;0;0;0;0;0;0
FR;5;2021-10-19;0;0;0;0;0;0;0;0;0;0
FR;5;2021-10-20;0;0;0;0;0;0;0;0;0;0
FR;5;2021-10-21;0;0;0;0;0;0;0;0;0;0
FR;5;2021-10-22;0;0;0;0;0;0;0;0;0;0
FR;5;2021-10-23;0;0;0;0;0;0;0;0;0;0
FR;5;2021-10-24;0;0;0;0;0;0;0;0;0;0
FR;5;2021-10-25;0;0;0;0;0;0;0;0;0;0
FR;5;2021-10-26;0;0;0;0;0;0;0;0;0;0
FR;5;2021-10-27;0;0;0;0;0;0;0;0;0;0
FR;5;2021-10-28;0;0;0;0;0;0;0;0;0;0
FR;5;2021-10-29;0;0;0;0;0;0;0;0;0;0
FR;5;2021-10-30;0;0;0;0;0;0;0;0;0;0
FR;5;2021-10-31;0;0;0;0;0;0;0;0;0;0
FR;5;2021-11-01;0;0;0;0;0;0;0;0;0;0
FR;5;2021-11-02;0;0;0;0;0;0;0;0;0;0
FR;5;2021-11-03;0;0;0;0;0;0;0;0;0;0
FR;5;2021-11-04;0;0;0;0;0;0;0;0;0;0
FR;5;2021-11-05;0;0;0;0;0;0;0;0;0;0
FR;5;2021-11-06;0;0;0;0;0;0;0;0;0;0
FR;5;2021-11-07;0;0;0;0;0;0;0;0;0;0
FR;5;2021-11-08;0;0;0;0;0;0;0;0;0;0
FR;5;2021-11-09;0;0;0;0;0;0;0;0;0;0
FR;5;2021-11-10;0;0;0;0;0;0;0;0;0;0
FR;5;2021-11-11;0;0;0;0;0;0;0;0;0;0
FR;5;2021-11-12;0;0;0;0;0;0;0;0;0;0
FR;5;2021-11-13;0;0;0;0;0;0;0;0;0;0
FR;5;2021-11-14;0;0;0;0;0;0;0;0;0;0
FR;5;2021-11-15;0;0;0;0;0;0;0;0;0;0
FR;5;2021-11-16;0;0;0;0;0;0;0;0;0;0
FR;5;2021-11-17;0;0;0;0;0;0;0;0;0;0
FR;5;2021-11-18;0;0;0;0;0;0;0;0;0;0
FR;5;2021-11-19;0;0;0;0;0;0;0;0;0;0
FR;5;2021-11-20;0;0;0;0;0;0;0;0;0;0
FR;5;2021-11-21;0;0;0;0;0;0;0;0;0;0
FR;5;2021-11-22;0;0;0;0;0;0;0;0;0;0
FR;5;2021-11-23;0;0;0;0;0;0;0;0;0;0
FR;5;2021-11-24;0;0;0;0;0;0;0;0;0;0
FR;5;2021-11-25;0;0;0;0;0;0;0;0;0;0
FR;5;2021-11-26;0;0;0;0;0;0;0;0;0;0
FR;5;2021-11-27;0;0;0;0;0;0;0;0;0;0
FR;5;2021-11-28;0;0;0;0;0;0;0;0;0;0
FR;5;2021-11-29;0;0;0;0;0;0;0;0;0;0
FR;5;2021-11-30;0;0;0;0;0;0;0;0;0;0
FR;5;2021-12-01;0;0;0;0;0;0;0;0;0;0
FR;5;2021-12-02;0;0;0;0;0;0;0;0;0;0
FR;5;2021-12-03;0;0;0;0;0;0;0;0;0;0
FR;5;2021-12-04;0;0;0;0;0;0;0;0;0;0
FR;5;2021-12-05;0;0;0;0;0;0;0;0;0;0
FR;5;2021-12-06;0;0;0;0;0;0;0;0;0;0
FR;5;2021-12-07;0;0;0;0;0;0;0;0;0;0
FR;5;2021-12-08;0;0;0;0;0;0;0;0;0;0
FR;5;2021-12-09;0;0;0;0;0;0;0;0;0;0
FR;5;2021-12-10;0;0;0;0;0;0;0;0;0;0
FR;5;2021-12-11;0;0;0;0;0;0;0;0;0;0
FR;5;2021-12-12;0;0;0;0;0;0;0;0;0;0
FR;5;2021-12-13;0;0;0;0;0;0;0;0;0;0
FR;5;2021-12-14;29;45;77;0;88;29;45;77;0;88
FR;5;2021-12-15;196;44;37;0;49;225;89;114;0;137
FR;5;2021-12-16;180;21;44;0;48;405;110;158;0;185
FR;5;2021-12-17;310;16;72;0;74;715;126;230;0;259
FR;5;2021-12-18;765;24;22;0;29;1480;150;252;0;288
FR;5;2021-12-19;586;15;15;0;17;2066;165;267;0;305
FR;5;2021-12-20;1223;31;35;0;38;3289;196;302;0;343
FR;5;2021-12-21;1535;22;54;1;60;4824;218;356;1;403
FR;5;2021-12-22;4069;40;37;0;46;8893;258;393;1;449
FR;5;2021-12-23;3042;16;21;0;25;11935;274;414;1;474
FR;5;2021-12-24;759;18;9;0;15;12694;292;423;1;489
FR;5;2021-12-25;61;5;1;0;2;12755;297;424;1;491
FR;5;2021-12-26;623;6;3;0;4;13378;303;427;1;495
FR;5;2021-12-27;4080;25;21;0;23;17458;328;448;1;518
FR;5;2021-12-28;5202;23;41;1;43;22660;351;489;2;561
FR;5;2021-12-29;8104;34;65;2;68;30764;385;554;4;629
FR;5;2021-12-30;5172;18;33;0;39;35936;403;587;4;668
FR;5;2021-12-31;1553;8;10;0;11;37489;411;597;4;679
FR;5;2022-01-01;185;2;2;0;3;37674;413;599;4;682
FR;5;2022-01-02;1489;1;1;0;1;39163;414;600;4;683
FR;5;2022-01-03;3059;36;33;0;32;42222;450;633;4;715
FR;5;2022-01-04;3034;39;33;0;42;45256;489;666;4;757
FR;5;2022-01-05;19323;203;97;1;108;64579;692;763;5;865
FR;5;2022-01-06;3742;133;122;0;142;68321;825;885;5;1007
FR;5;2022-01-07;5007;200;48;2;56;73328;1025;933;7;1063
FR;5;2022-01-08;13654;514;45;0;52;86982;1539;978;7;1115
FR;5;2022-01-09;5755;399;15;0;20;92737;1938;993;7;1135
FR;5;2022-01-10;3453;326;25;0;29;96190;2264;1018;7;1164
FR;5;2022-01-11;3668;284;38;0;41;99858;2548;1056;7;1205
FR;5;2022-01-12;22653;3003;90;0;113;122511;5551;1146;7;1318
FR;5;2022-01-13;4035;622;30;0;32;126546;6173;1176;7;1350
FR;5;2022-01-14;4843;581;44;0;51;131389;6754;1220;7;1401
FR;5;2022-01-15;14681;1746;38;3;49;146070;8500;1258;10;1450
FR;5;2022-01-16;4727;666;3;0;5;150797;9166;1261;10;1455
FR;5;2022-01-17;2294;715;26;0;29;153091;9881;1287;10;1484
FR;5;2022-01-18;2430;870;30;0;40;155521;10751;1317;10;1524
FR;5;2022-01-19;18481;6422;74;2;142;174002;17173;1391;12;1666
FR;5;2022-01-20;1920;1067;25;0;34;175922;18240;1416;12;1700
FR;5;2022-01-21;3076;1371;47;1;59;178998;19611;1463;13;1759
FR;5;2022-01-22;10722;3454;33;1;43;189720;23065;1496;14;1802
FR;5;2022-01-23;2629;1415;5;0;9;192349;24480;1501;14;1811
FR;5;2022-01-24;1159;1340;19;0;23;193508;25820;1520;14;1834
FR;5;2022-01-25;1219;1548;19;2;29;194727;27368;1539;16;1863
FR;5;2022-01-26;10751;12024;50;1;89;205478;39392;1589;17;1952
FR;5;2022-01-27;1291;1693;10;0;17;206769;41085;1599;17;1969
FR;5;2022-01-28;1695;3347;16;0;19;208464;44432;1615;17;1988
FR;5;2022-01-29;6237;8040;68;0;96;214701;52472;1683;17;2084
FR;5;2022-01-30;1509;2950;5;0;18;216210;55422;1688;17;2102
FR;5;2022-01-31;588;1773;23;0;24;216798;57195;1711;17;2126
FR;5;2022-02-01;712;1703;10;0;15;217510;58898;1721;17;2141
FR;5;2022-02-02;6957;15654;52;0;94;224467;74552;1773;17;2235
FR;5;2022-02-03;489;1690;14;0;13;224956;76242;1787;17;2248
FR;5;2022-02-04;943;3001;19;0;31;225899;79243;1806;17;2279
FR;5;2022-02-05;3532;8916;23;0;37;229431;88159;1829;17;2316
FR;5;2022-02-06;737;2397;10;0;19;230168;90556;1839;17;2335
FR;5;2022-02-07;883;1595;22;0;24;231051;92151;1861;17;2359
FR;5;2022-02-08;722;1285;18;0;20;231773;93436;1879;17;2379
FR;5;2022-02-09;4535;12876;44;0;76;236308;106312;1923;17;2455
FR;5;2022-02-10;646;1058;14;0;15;236954;107370;1937;17;2470
FR;5;2022-02-11;793;2026;16;0;21;237747;109396;1953;17;2491
FR;5;2022-02-12;2285;6811;33;0;53;240032;116207;1986;17;2544
FR;5;2022-02-13;465;1540;8;0;8;240497;117747;1994;17;2552
FR;5;2022-02-14;678;1288;10;0;13;241175;119035;2004;17;2565
FR;5;2022-02-15;482;885;9;0;14;241657;119920;2013;17;2579
FR;5;2022-02-16;2980;9123;41;1;58;244637;129043;2054;18;2637
FR;5;2022-02-17;435;805;6;0;7;245072;129848;2060;18;2644
FR;5;2022-02-18;650;1407;13;0;17;245722;131255;2073;18;2661
FR;5;2022-02-19;1371;4315;16;0;28;247093;135570;2089;18;2689
FR;5;2022-02-20;247;879;6;0;8;247340;136449;2095;18;2697
FR;5;2022-02-21;221;607;2;0;4;247561;137056;2097;18;2701
FR;5;2022-02-22;259;545;17;0;17;247820;137601;2114;18;2718
FR;5;2022-02-23;1907;6924;22;1;42;249727;144525;2136;19;2760
FR;5;2022-02-24;182;374;5;1;6;249909;144899;2141;20;2766
FR;5;2022-02-25;336;949;13;0;12;250245;145848;2154;20;2778
FR;5;2022-02-26;972;3069;10;0;14;251217;148917;2164;20;2792
FR;5;2022-02-27;147;506;0;0;3;251364;149423;2164;20;2795
FR;5;2022-02-28;161;369;1;0;1;251525;149792;2165;20;2796
FR;5;2022-03-01;128;279;6;0;7;251653;150071;2171;20;2803
FR;5;2022-03-02;1240;4150;28;3;40;252893;154221;2199;23;2843
FR;5;2022-03-03;121;250;6;0;9;253014;154471;2205;23;2852
FR;5;2022-03-04;193;488;13;0;14;253207;154959;2218;23;2866
FR;5;2022-03-05;676;1990;8;0;16;253883;156949;2226;23;2882
FR;5;2022-03-06;108;260;0;0;0;253991;157209;2226;23;2882
FR;5;2022-03-07;71;228;5;0;3;254062;157437;2231;23;2885
FR;5;2022-03-08;46;130;7;1;7;254108;157567;2238;24;2892
FR;5;2022-03-09;909;3076;24;0;36;255017;160643;2262;24;2928
FR;5;2022-03-10;82;200;8;0;11;255099;160843;2270;24;2939
FR;5;2022-03-11;147;369;13;1;15;255246;161212;2283;25;2954
FR;5;2022-03-12;758;1613;13;1;30;256004;162825;2296;26;2984
FR;5;2022-03-13;76;100;0;0;0;256080;162925;2296;26;2984
FR;5;2022-03-14;67;118;7;1;7;256147;163043;2303;27;2991
FR;5;2022-03-15;83;99;3;0;6;256230;163142;2306;27;2997
FR;5;2022-03-16;884;1823;15;3;35;257114;164965;2321;30;3032
FR;5;2022-03-17;66;123;8;4;10;257180;165088;2329;34;3042
FR;5;2022-03-18;172;318;13;4;18;257352;165406;2342;38;3060
FR;5;2022-03-19;750;1162;12;5;33;258102;166568;2354;43;3093
FR;5;2022-03-20;45;93;1;0;1;258147;166661;2355;43;3094
FR;5;2022-03-21;71;120;10;6;15;258218;166781;2365;49;3109
FR;5;2022-03-22;56;119;8;8;9;258274;166900;2373;57;3118
FR;5;2022-03-23;803;1461;14;8;36;259077;168361;2387;65;3154
FR;5;2022-03-24;68;93;8;7;7;259145;168454;2395;72;3161
FR;5;2022-03-25;222;290;14;8;18;259367;168744;2409;80;3179
FR;5;2022-03-26;706;853;12;5;26;260073;169597;2421;85;3205
FR;5;2022-03-27;74;78;0;0;3;260147;169675;2421;85;3208
FR;5;2022-03-28;81;91;1;2;3;260228;169766;2422;87;3211
FR;5;2022-03-29;71;82;10;4;12;260299;169848;2432;91;3223
FR;5;2022-03-30;820;1115;16;13;29;261119;170963;2448;104;3252
FR;5;2022-03-31;102;124;1;4;6;261221;171087;2449;108;3258
FR;5;2022-04-01;107;86;7;12;11;261328;171173;2456;120;3269
FR;5;2022-04-02;329;349;3;3;15;261657;171522;2459;123;3284
FR;5;2022-04-03;54;59;1;0;1;261711;171581;2460;123;3285
FR;5;2022-04-04;38;57;4;1;8;261749;171638;2464;124;3293
FR;5;2022-04-05;51;60;6;7;9;261800;171698;2470;131;3302
FR;5;2022-04-06;421;439;7;15;16;262221;172137;2477;146;3318
FR;5;2022-04-07;45;68;5;7;7;262266;172205;2482;153;3325
FR;5;2022-04-08;130;110;12;14;15;262396;172315;2494;167;3340
FR;5;2022-04-09;308;322;2;5;16;262704;172637;2496;172;3356
FR;5;2022-04-10;43;31;2;0;2;262747;172668;2498;172;3358
FR;5;2022-04-11;50;60;3;2;4;262797;172728;2501;174;3362
FR;5;2022-04-12;57;54;3;3;5;262854;172782;2504;177;3367
FR;5;2022-04-13;382;413;3;8;16;263236;173195;2507;185;3383
FR;5;2022-04-14;47;48;5;5;9;263283;173243;2512;190;3392
FR;5;2022-04-15;91;109;3;5;5;263374;173352;2515;195;3397
FR;5;2022-04-16;188;184;2;1;13;263562;173536;2517;196;3410
FR;5;2022-04-17;12;10;1;0;1;263574;173546;2518;196;3411
FR;5;2022-04-18;8;9;2;0;2;263582;173555;2520;196;3413
FR;5;2022-04-19;73;70;6;1;6;263655;173625;2526;197;3419
FR;5;2022-04-20;360;349;9;6;12;264015;173974;2535;203;3431
FR;5;2022-04-21;42;64;9;10;12;264057;174038;2544;213;3443
FR;5;2022-04-22;113;96;5;4;5;264170;174134;2549;217;3448
FR;5;2022-04-23;209;192;3;2;10;264379;174326;2552;219;3458
FR;5;2022-04-24;37;35;0;0;3;264416;174361;2552;219;3461
FR;5;2022-04-25;67;65;1;1;4;264483;174426;2553;220;3465
FR;5;2022-04-26;60;61;2;1;5;264543;174487;2555;221;3470
FR;5;2022-04-27;335;316;2;7;14;264878;174803;2557;228;3484
FR;5;2022-04-28;75;54;4;5;8;264953;174857;2561;233;3492
FR;5;2022-04-29;117;79;5;18;12;265070;174936;2566;251;3504
FR;5;2022-04-30;182;115;2;3;10;265252;175051;2568;254;3514
FR;5;2022-05-01;11;7;0;0;0;265263;175058;2568;254;3514
FR;5;2022-05-02;46;27;4;5;2;265309;175085;2572;259;3516
FR;5;2022-05-03;83;55;2;5;11;265392;175140;2574;264;3527
FR;5;2022-05-04;277;204;1;2;7;265669;175344;2575;266;3534
FR;5;2022-05-05;62;32;2;4;4;265731;175376;2577;270;3538
FR;5;2022-05-06;104;64;2;3;5;265835;175440;2579;273;3543
FR;5;2022-05-07;171;115;3;10;13;266006;175555;2582;283;3556
FR;5;2022-05-08;7;8;0;0;2;266013;175563;2582;283;3558
FR;5;2022-05-09;44;32;15;3;16;266057;175595;2597;286;3574
FR;5;2022-05-10;54;49;3;4;5;266111;175644;2600;290;3579
FR;5;2022-05-11;324;236;12;7;21;266435;175880;2612;297;3600
FR;5;2022-05-12;46;34;1;3;2;266481;175914;2613;300;3602
FR;5;2022-05-13;108;83;2;8;8;266589;175997;2615;308;3610
FR;5;2022-05-14;203;129;0;1;8;266792;176126;2615;309;3618
FR;5;2022-05-15;22;7;2;0;1;266814;176133;2617;309;3619
FR;5;2022-05-16;49;33;2;5;4;266863;176166;2619;314;3623
FR;5;2022-05-17;72;40;5;0;2;266935;176206;2624;314;3625
FR;5;2022-05-18;288;214;4;4;8;267223;176420;2628;318;3633
FR;5;2022-05-19;44;35;4;3;2;267267;176455;2632;321;3635
FR;5;2022-05-20;73;62;2;4;1;267340;176517;2634;325;3636
FR;5;2022-05-21;241;166;2;3;17;267581;176683;2636;328;3653
FR;5;2022-05-22;20;14;2;5;2;267601;176697;2638;333;3655
FR;5;2022-05-23;42;24;4;3;6;267643;176721;2642;336;3661
FR;5;2022-05-24;45;45;3;2;5;267688;176766;2645;338;3666
FR;5;2022-05-25;322;252;4;0;15;268010;177018;2649;338;3681
FR;5;2022-05-26;15;5;0;1;2;268025;177023;2649;339;3683
FR;5;2022-05-27;97;53;3;4;8;268122;177076;2652;343;3691
FR;5;2022-05-28;95;73;5;3;10;268217;177149;2657;346;3701
FR;5;2022-05-29;14;14;1;0;2;268231;177163;2658;346;3703
FR;5;2022-05-30;54;39;2;1;2;268285;177202;2660;347;3705
FR;5;2022-05-31;52;40;1;7;1;268337;177242;2661;354;3706
FR;6;2020-12-27;0;0;0;0;0;0;0;0;0;0
FR;6;2020-12-28;0;0;0;0;0;0;0;0;0;0
FR;6;2020-12-29;0;0;0;0;0;0;0;0;0;0
FR;6;2020-12-30;0;0;0;0;0;0;0;0;0;0
FR;6;2020-12-31;0;0;0;0;0;0;0;0;0;0
FR;6;2021-01-01;0;0;0;0;0;0;0;0;0;0
FR;6;2021-01-02;0;0;0;0;0;0;0;0;0;0
FR;6;2021-01-03;0;0;0;0;0;0;0;0;0;0
FR;6;2021-01-04;0;0;0;0;0;0;0;0;0;0
FR;6;2021-01-05;0;0;0;0;0;0;0;0;0;0
FR;6;2021-01-06;0;0;0;0;0;0;0;0;0;0
FR;6;2021-01-07;0;0;0;0;0;0;0;0;0;0
FR;6;2021-01-08;0;0;0;0;0;0;0;0;0;0
FR;6;2021-01-09;0;0;0;0;0;0;0;0;0;0
FR;6;2021-01-10;0;0;0;0;0;0;0;0;0;0
FR;6;2021-01-11;0;0;0;0;0;0;0;0;0;0
FR;6;2021-01-12;0;0;0;0;0;0;0;0;0;0
FR;6;2021-01-13;0;0;0;0;0;0;0;0;0;0
FR;6;2021-01-14;0;0;0;0;0;0;0;0;0;0
FR;6;2021-01-15;0;0;0;0;0;0;0;0;0;0
FR;6;2021-01-16;0;0;0;0;0;0;0;0;0;0
FR;6;2021-01-17;0;0;0;0;0;0;0;0;0;0
FR;6;2021-01-18;0;0;0;0;0;0;0;0;0;0
FR;6;2021-01-19;0;0;0;0;0;0;0;0;0;0
FR;6;2021-01-20;0;0;0;0;0;0;0;0;0;0
FR;6;2021-01-21;0;0;0;0;0;0;0;0;0;0
FR;6;2021-01-22;0;0;0;0;0;0;0;0;0;0
FR;6;2021-01-23;0;0;0;0;0;0;0;0;0;0
FR;6;2021-01-24;0;0;0;0;0;0;0;0;0;0
FR;6;2021-01-25;0;0;0;0;0;0;0;0;0;0
FR;6;2021-01-26;0;0;0;0;0;0;0;0;0;0
FR;6;2021-01-27;0;0;0;0;0;0;0;0;0;0
FR;6;2021-01-28;0;0;0;0;0;0;0;0;0;0
FR;6;2021-01-29;0;0;0;0;0;0;0;0;0;0
FR;6;2021-01-30;0;0;0;0;0;0;0;0;0;0
FR;6;2021-01-31;0;0;0;0;0;0;0;0;0;0
FR;6;2021-02-01;0;0;0;0;0;0;0;0;0;0
FR;6;2021-02-02;0;0;0;0;0;0;0;0;0;0
FR;6;2021-02-03;0;0;0;0;0;0;0;0;0;0
FR;6;2021-02-04;0;0;0;0;0;0;0;0;0;0
FR;6;2021-02-05;0;0;0;0;0;0;0;0;0;0
FR;6;2021-02-06;0;0;0;0;0;0;0;0;0;0
FR;6;2021-02-07;0;0;0;0;0;0;0;0;0;0
FR;6;2021-02-08;0;0;0;0;0;0;0;0;0;0
FR;6;2021-02-09;0;0;0;0;0;0;0;0;0;0
FR;6;2021-02-10;0;0;0;0;0;0;0;0;0;0
FR;6;2021-02-11;0;0;0;0;0;0;0;0;0;0
FR;6;2021-02-12;0;0;0;0;0;0;0;0;0;0
FR;6;2021-02-13;0;0;0;0;0;0;0;0;0;0
FR;6;2021-02-14;0;0;0;0;0;0;0;0;0;0
FR;6;2021-02-15;0;0;0;0;0;0;0;0;0;0
FR;6;2021-02-16;0;0;0;0;0;0;0;0;0;0
FR;6;2021-02-17;0;0;0;0;0;0;0;0;0;0
FR;6;2021-02-18;0;0;0;0;0;0;0;0;0;0
FR;6;2021-02-19;0;0;0;0;0;0;0;0;0;0
FR;6;2021-02-20;0;0;0;0;0;0;0;0;0;0
FR;6;2021-02-21;0;0;0;0;0;0;0;0;0;0
FR;6;2021-02-22;0;0;0;0;0;0;0;0;0;0
FR;6;2021-02-23;0;0;0;0;0;0;0;0;0;0
FR;6;2021-02-24;0;0;0;0;0;0;0;0;0;0
FR;6;2021-02-25;0;0;0;0;0;0;0;0;0;0
FR;6;2021-02-26;0;0;0;0;0;0;0;0;0;0
FR;6;2021-02-27;0;0;0;0;0;0;0;0;0;0
FR;6;2021-02-28;0;0;0;0;0;0;0;0;0;0
FR;6;2021-03-01;0;0;0;0;0;0;0;0;0;0
FR;6;2021-03-02;0;0;0;0;0;0;0;0;0;0
FR;6;2021-03-03;0;0;0;0;0;0;0;0;0;0
FR;6;2021-03-04;0;0;0;0;0;0;0;0;0;0
FR;6;2021-03-05;0;0;0;0;0;0;0;0;0;0
FR;6;2021-03-06;0;0;0;0;0;0;0;0;0;0
FR;6;2021-03-07;0;0;0;0;0;0;0;0;0;0
FR;6;2021-03-08;0;0;0;0;0;0;0;0;0;0
FR;6;2021-03-09;0;0;0;0;0;0;0;0;0;0
FR;6;2021-03-10;0;0;0;0;0;0;0;0;0;0
FR;6;2021-03-11;0;0;0;0;0;0;0;0;0;0
FR;6;2021-03-12;0;0;0;0;0;0;0;0;0;0
FR;6;2021-03-13;0;0;0;0;0;0;0;0;0;0
FR;6;2021-03-14;0;0;0;0;0;0;0;0;0;0
FR;6;2021-03-15;0;0;0;0;0;0;0;0;0;0
FR;6;2021-03-16;0;0;0;0;0;0;0;0;0;0
FR;6;2021-03-17;0;0;0;0;0;0;0;0;0;0
FR;6;2021-03-18;0;0;0;0;0;0;0;0;0;0
FR;6;2021-03-19;0;0;0;0;0;0;0;0;0;0
FR;6;2021-03-20;0;0;0;0;0;0;0;0;0;0
FR;6;2021-03-21;0;0;0;0;0;0;0;0;0;0
FR;6;2021-03-22;0;0;0;0;0;0;0;0;0;0
FR;6;2021-03-23;0;0;0;0;0;0;0;0;0;0
FR;6;2021-03-24;0;0;0;0;0;0;0;0;0;0
FR;6;2021-03-25;0;0;0;0;0;0;0;0;0;0
FR;6;2021-03-26;0;0;0;0;0;0;0;0;0;0
FR;6;2021-03-27;0;0;0;0;0;0;0;0;0;0
FR;6;2021-03-28;0;0;0;0;0;0;0;0;0;0
FR;6;2021-03-29;0;0;0;0;0;0;0;0;0;0
FR;6;2021-03-30;0;0;0;0;0;0;0;0;0;0
FR;6;2021-03-31;0;0;0;0;0;0;0;0;0;0
FR;6;2021-04-01;0;0;0;0;0;0;0;0;0;0
FR;6;2021-04-02;0;0;0;0;0;0;0;0;0;0
FR;6;2021-04-03;0;0;0;0;0;0;0;0;0;0
FR;6;2021-04-04;0;0;0;0;0;0;0;0;0;0
FR;6;2021-04-05;0;0;0;0;0;0;0;0;0;0
FR;6;2021-04-06;0;0;0;0;0;0;0;0;0;0
FR;6;2021-04-07;0;0;0;0;0;0;0;0;0;0
FR;6;2021-04-08;0;0;0;0;0;0;0;0;0;0
FR;6;2021-04-09;0;0;0;0;0;0;0;0;0;0
FR;6;2021-04-10;0;0;0;0;0;0;0;0;0;0
FR;6;2021-04-11;0;0;0;0;0;0;0;0;0;0
FR;6;2021-04-12;0;0;0;0;0;0;0;0;0;0
FR;6;2021-04-13;0;0;0;0;0;0;0;0;0;0
FR;6;2021-04-14;0;0;0;0;0;0;0;0;0;0
FR;6;2021-04-15;0;0;0;0;0;0;0;0;0;0
FR;6;2021-04-16;0;0;0;0;0;0;0;0;0;0
FR;6;2021-04-17;0;0;0;0;0;0;0;0;0;0
FR;6;2021-04-18;0;0;0;0;0;0;0;0;0;0
FR;6;2021-04-19;0;0;0;0;0;0;0;0;0;0
FR;6;2021-04-20;0;0;0;0;0;0;0;0;0;0
FR;6;2021-04-21;0;0;0;0;0;0;0;0;0;0
FR;6;2021-04-22;0;0;0;0;0;0;0;0;0;0
FR;6;2021-04-23;0;0;0;0;0;0;0;0;0;0
FR;6;2021-04-24;0;0;0;0;0;0;0;0;0;0
FR;6;2021-04-25;0;0;0;0;0;0;0;0;0;0
FR;6;2021-04-26;0;0;0;0;0;0;0;0;0;0
FR;6;2021-04-27;0;0;0;0;0;0;0;0;0;0
FR;6;2021-04-28;0;0;0;0;0;0;0;0;0;0
FR;6;2021-04-29;0;0;0;0;0;0;0;0;0;0
FR;6;2021-04-30;0;0;0;0;0;0;0;0;0;0
FR;6;2021-05-01;0;0;0;0;0;0;0;0;0;0
FR;6;2021-05-02;0;0;0;0;0;0;0;0;0;0
FR;6;2021-05-03;0;0;0;0;0;0;0;0;0;0
FR;6;2021-05-04;0;0;0;0;0;0;0;0;0;0
FR;6;2021-05-05;0;0;0;0;0;0;0;0;0;0
FR;6;2021-05-06;0;0;0;0;0;0;0;0;0;0
FR;6;2021-05-07;0;0;0;0;0;0;0;0;0;0
FR;6;2021-05-08;0;0;0;0;0;0;0;0;0;0
FR;6;2021-05-09;0;0;0;0;0;0;0;0;0;0
FR;6;2021-05-10;0;0;0;0;0;0;0;0;0;0
FR;6;2021-05-11;0;0;0;0;0;0;0;0;0;0
FR;6;2021-05-12;0;0;0;0;0;0;0;0;0;0
FR;6;2021-05-13;0;0;0;0;0;0;0;0;0;0
FR;6;2021-05-14;0;0;0;0;0;0;0;0;0;0
FR;6;2021-05-15;0;0;0;0;0;0;0;0;0;0
FR;6;2021-05-16;0;0;0;0;0;0;0;0;0;0
FR;6;2021-05-17;0;0;0;0;0;0;0;0;0;0
FR;6;2021-05-18;0;0;0;0;0;0;0;0;0;0
FR;6;2021-05-19;0;0;0;0;0;0;0;0;0;0
FR;6;2021-05-20;0;0;0;0;0;0;0;0;0;0
FR;6;2021-05-21;0;0;0;0;0;0;0;0;0;0
FR;6;2021-05-22;0;0;0;0;0;0;0;0;0;0
FR;6;2021-05-23;0;0;0;0;0;0;0;0;0;0
FR;6;2021-05-24;0;0;0;0;0;0;0;0;0;0
FR;6;2021-05-25;0;0;0;0;0;0;0;0;0;0
FR;6;2021-05-26;0;0;0;0;0;0;0;0;0;0
FR;6;2021-05-27;0;0;0;0;0;0;0;0;0;0
FR;6;2021-05-28;0;0;0;0;0;0;0;0;0;0
FR;6;2021-05-29;0;0;0;0;0;0;0;0;0;0
FR;6;2021-05-30;0;0;0;0;0;0;0;0;0;0
FR;6;2021-05-31;0;0;0;0;0;0;0;0;0;0
FR;6;2021-06-01;0;0;0;0;0;0;0;0;0;0
FR;6;2021-06-02;0;0;0;0;0;0;0;0;0;0
FR;6;2021-06-03;0;0;0;0;0;0;0;0;0;0
FR;6;2021-06-04;0;0;0;0;0;0;0;0;0;0
FR;6;2021-06-05;0;0;0;0;0;0;0;0;0;0
FR;6;2021-06-06;0;0;0;0;0;0;0;0;0;0
FR;6;2021-06-07;0;0;0;0;0;0;0;0;0;0
FR;6;2021-06-08;0;0;0;0;0;0;0;0;0;0
FR;6;2021-06-09;0;0;0;0;0;0;0;0;0;0
FR;6;2021-06-10;0;0;0;0;0;0;0;0;0;0
FR;6;2021-06-11;0;0;0;0;0;0;0;0;0;0
FR;6;2021-06-12;0;0;0;0;0;0;0;0;0;0
FR;6;2021-06-13;0;0;0;0;0;0;0;0;0;0
FR;6;2021-06-14;0;0;0;0;0;0;0;0;0;0
FR;6;2021-06-15;0;0;0;0;0;0;0;0;0;0
FR;6;2021-06-16;0;0;0;0;0;0;0;0;0;0
FR;6;2021-06-17;0;0;0;0;0;0;0;0;0;0
FR;6;2021-06-18;0;0;0;0;0;0;0;0;0;0
FR;6;2021-06-19;0;0;0;0;0;0;0;0;0;0
FR;6;2021-06-20;0;0;0;0;0;0;0;0;0;0
FR;6;2021-06-21;0;0;0;0;0;0;0;0;0;0
FR;6;2021-06-22;0;0;0;0;0;0;0;0;0;0
FR;6;2021-06-23;0;0;0;0;0;0;0;0;0;0
FR;6;2021-06-24;0;0;0;0;0;0;0;0;0;0
FR;6;2021-06-25;0;0;0;0;0;0;0;0;0;0
FR;6;2021-06-26;0;0;0;0;0;0;0;0;0;0
FR;6;2021-06-27;0;0;0;0;0;0;0;0;0;0
FR;6;2021-06-28;0;0;0;0;0;0;0;0;0;0
FR;6;2021-06-29;0;0;0;0;0;0;0;0;0;0
FR;6;2021-06-30;0;0;0;0;0;0;0;0;0;0
FR;6;2021-07-01;0;0;0;0;0;0;0;0;0;0
FR;6;2021-07-02;0;0;0;0;0;0;0;0;0;0
FR;6;2021-07-03;0;0;0;0;0;0;0;0;0;0
FR;6;2021-07-04;0;0;0;0;0;0;0;0;0;0
FR;6;2021-07-05;0;0;0;0;0;0;0;0;0;0
FR;6;2021-07-06;0;0;0;0;0;0;0;0;0;0
FR;6;2021-07-07;0;0;0;0;0;0;0;0;0;0
FR;6;2021-07-08;0;0;0;0;0;0;0;0;0;0
FR;6;2021-07-09;0;0;0;0;0;0;0;0;0;0
FR;6;2021-07-10;0;0;0;0;0;0;0;0;0;0
FR;6;2021-07-11;0;0;0;0;0;0;0;0;0;0
FR;6;2021-07-12;0;0;0;0;0;0;0;0;0;0
FR;6;2021-07-13;0;0;0;0;0;0;0;0;0;0
FR;6;2021-07-14;0;0;0;0;0;0;0;0;0;0
FR;6;2021-07-15;0;0;0;0;0;0;0;0;0;0
FR;6;2021-07-16;0;0;0;0;0;0;0;0;0;0
FR;6;2021-07-17;0;0;0;0;0;0;0;0;0;0
FR;6;2021-07-18;0;0;0;0;0;0;0;0;0;0
FR;6;2021-07-19;0;0;0;0;0;0;0;0;0;0
FR;6;2021-07-20;0;0;0;0;0;0;0;0;0;0
FR;6;2021-07-21;0;0;0;0;0;0;0;0;0;0
FR;6;2021-07-22;0;0;0;0;0;0;0;0;0;0
FR;6;2021-07-23;0;0;0;0;0;0;0;0;0;0
FR;6;2021-07-24;0;0;0;0;0;0;0;0;0;0
FR;6;2021-07-25;0;0;0;0;0;0;0;0;0;0
FR;6;2021-07-26;0;0;0;0;0;0;0;0;0;0
FR;6;2021-07-27;0;0;0;0;0;0;0;0;0;0
FR;6;2021-07-28;0;0;0;0;0;0;0;0;0;0
FR;6;2021-07-29;0;0;0;0;0;0;0;0;0;0
FR;6;2021-07-30;0;0;0;0;0;0;0;0;0;0
FR;6;2021-07-31;0;0;0;0;0;0;0;0;0;0
FR;6;2021-08-01;0;0;0;0;0;0;0;0;0;0
FR;6;2021-08-02;0;0;0;0;0;0;0;0;0;0
FR;6;2021-08-03;0;0;0;0;0;0;0;0;0;0
FR;6;2021-08-04;0;0;0;0;0;0;0;0;0;0
FR;6;2021-08-05;0;0;0;0;0;0;0;0;0;0
FR;6;2021-08-06;0;0;0;0;0;0;0;0;0;0
FR;6;2021-08-07;0;0;0;0;0;0;0;0;0;0
FR;6;2021-08-08;0;0;0;0;0;0;0;0;0;0
FR;6;2021-08-09;0;0;0;0;0;0;0;0;0;0
FR;6;2021-08-10;0;0;0;0;0;0;0;0;0;0
FR;6;2021-08-11;0;0;0;0;0;0;0;0;0;0
FR;6;2021-08-12;0;0;0;0;0;0;0;0;0;0
FR;6;2021-08-13;0;0;0;0;0;0;0;0;0;0
FR;6;2021-08-14;0;0;0;0;0;0;0;0;0;0
FR;6;2021-08-15;0;0;0;0;0;0;0;0;0;0
FR;6;2021-08-16;0;0;0;0;0;0;0;0;0;0
FR;6;2021-08-17;0;0;0;0;0;0;0;0;0;0
FR;6;2021-08-18;0;0;0;0;0;0;0;0;0;0
FR;6;2021-08-19;0;0;0;0;0;0;0;0;0;0
FR;6;2021-08-20;0;0;0;0;0;0;0;0;0;0
FR;6;2021-08-21;0;0;0;0;0;0;0;0;0;0
FR;6;2021-08-22;0;0;0;0;0;0;0;0;0;0
FR;6;2021-08-23;0;0;0;0;0;0;0;0;0;0
FR;6;2021-08-24;0;0;0;0;0;0;0;0;0;0
FR;6;2021-08-25;0;0;0;0;0;0;0;0;0;0
FR;6;2021-08-26;0;0;0;0;0;0;0;0;0;0
FR;6;2021-08-27;0;0;0;0;0;0;0;0;0;0
FR;6;2021-08-28;0;0;0;0;0;0;0;0;0;0
FR;6;2021-08-29;0;0;0;0;0;0;0;0;0;0
FR;6;2021-08-30;0;0;0;0;0;0;0;0;0;0
FR;6;2021-08-31;0;0;0;0;0;0;0;0;0;0
FR;6;2021-09-01;0;0;0;0;0;0;0;0;0;0
FR;6;2021-09-02;0;0;0;0;0;0;0;0;0;0
FR;6;2021-09-03;0;0;0;0;0;0;0;0;0;0
FR;6;2021-09-04;0;0;0;0;0;0;0;0;0;0
FR;6;2021-09-05;0;0;0;0;0;0;0;0;0;0
FR;6;2021-09-06;0;0;0;0;0;0;0;0;0;0
FR;6;2021-09-07;0;0;0;0;0;0;0;0;0;0
FR;6;2021-09-08;0;0;0;0;0;0;0;0;0;0
FR;6;2021-09-09;0;0;0;0;0;0;0;0;0;0
FR;6;2021-09-10;0;0;0;0;0;0;0;0;0;0
FR;6;2021-09-11;0;0;0;0;0;0;0;0;0;0
FR;6;2021-09-12;0;0;0;0;0;0;0;0;0;0
FR;6;2021-09-13;0;0;0;0;0;0;0;0;0;0
FR;6;2021-09-14;0;0;0;0;0;0;0;0;0;0
FR;6;2021-09-15;0;0;0;0;0;0;0;0;0;0
FR;6;2021-09-16;0;0;0;0;0;0;0;0;0;0
FR;6;2021-09-17;0;0;0;0;0;0;0;0;0;0
FR;6;2021-09-18;0;0;0;0;0;0;0;0;0;0
FR;6;2021-09-19;0;0;0;0;0;0;0;0;0;0
FR;6;2021-09-20;0;0;0;0;0;0;0;0;0;0
FR;6;2021-09-21;0;0;0;0;0;0;0;0;0;0
FR;6;2021-09-22;0;0;0;0;0;0;0;0;0;0
FR;6;2021-09-23;0;0;0;0;0;0;0;0;0;0
FR;6;2021-09-24;0;0;0;0;0;0;0;0;0;0
FR;6;2021-09-25;0;0;0;0;0;0;0;0;0;0
FR;6;2021-09-26;0;0;0;0;0;0;0;0;0;0
FR;6;2021-09-27;0;0;0;0;0;0;0;0;0;0
FR;6;2021-09-28;0;0;0;0;0;0;0;0;0;0
FR;6;2021-09-29;0;0;0;0;0;0;0;0;0;0
FR;6;2021-09-30;0;0;0;0;0;0;0;0;0;0
FR;6;2021-10-01;0;0;0;0;0;0;0;0;0;0
FR;6;2021-10-02;0;0;0;0;0;0;0;0;0;0
FR;6;2021-10-03;0;0;0;0;0;0;0;0;0;0
FR;6;2021-10-04;0;0;0;0;0;0;0;0;0;0
FR;6;2021-10-05;0;0;0;0;0;0;0;0;0;0
FR;6;2021-10-06;0;0;0;0;0;0;0;0;0;0
FR;6;2021-10-07;0;0;0;0;0;0;0;0;0;0
FR;6;2021-10-08;0;0;0;0;0;0;0;0;0;0
FR;6;2021-10-09;0;0;0;0;0;0;0;0;0;0
FR;6;2021-10-10;0;0;0;0;0;0;0;0;0;0
FR;6;2021-10-11;0;0;0;0;0;0;0;0;0;0
FR;6;2021-10-12;0;0;0;0;0;0;0;0;0;0
FR;6;2021-10-13;0;0;0;0;0;0;0;0;0;0
FR;6;2021-10-14;0;0;0;0;0;0;0;0;0;0
FR;6;2021-10-15;0;0;0;0;0;0;0;0;0;0
FR;6;2021-10-16;0;0;0;0;0;0;0;0;0;0
FR;6;2021-10-17;0;0;0;0;0;0;0;0;0;0
FR;6;2021-10-18;0;0;0;0;0;0;0;0;0;0
FR;6;2021-10-19;0;0;0;0;0;0;0;0;0;0
FR;6;2021-10-20;0;0;0;0;0;0;0;0;0;0
FR;6;2021-10-21;0;0;0;0;0;0;0;0;0;0
FR;6;2021-10-22;0;0;0;0;0;0;0;0;0;0
FR;6;2021-10-23;0;0;0;0;0;0;0;0;0;0
FR;6;2021-10-24;0;0;0;0;0;0;0;0;0;0
FR;6;2021-10-25;0;0;0;0;0;0;0;0;0;0
FR;6;2021-10-26;0;0;0;0;0;0;0;0;0;0
FR;6;2021-10-27;0;0;0;0;0;0;0;0;0;0
FR;6;2021-10-28;0;0;0;0;0;0;0;0;0;0
FR;6;2021-10-29;0;0;0;0;0;0;0;0;0;0
FR;6;2021-10-30;0;0;0;0;0;0;0;0;0;0
FR;6;2021-10-31;0;0;0;0;0;0;0;0;0;0
FR;6;2021-11-01;0;0;0;0;0;0;0;0;0;0
FR;6;2021-11-02;0;0;0;0;0;0;0;0;0;0
FR;6;2021-11-03;0;0;0;0;0;0;0;0;0;0
FR;6;2021-11-04;0;0;0;0;0;0;0;0;0;0
FR;6;2021-11-05;0;0;0;0;0;0;0;0;0;0
FR;6;2021-11-06;0;0;0;0;0;0;0;0;0;0
FR;6;2021-11-07;0;0;0;0;0;0;0;0;0;0
FR;6;2021-11-08;0;0;0;0;0;0;0;0;0;0
FR;6;2021-11-09;0;0;0;0;0;0;0;0;0;0
FR;6;2021-11-10;0;0;0;0;0;0;0;0;0;0
FR;6;2021-11-11;0;0;0;0;0;0;0;0;0;0
FR;6;2021-11-12;0;0;0;0;0;0;0;0;0;0
FR;6;2021-11-13;0;0;0;0;0;0;0;0;0;0
FR;6;2021-11-14;0;0;0;0;0;0;0;0;0;0
FR;6;2021-11-15;0;0;0;0;0;0;0;0;0;0
FR;6;2021-11-16;0;0;0;0;0;0;0;0;0;0
FR;6;2021-11-17;0;0;0;0;0;0;0;0;0;0
FR;6;2021-11-18;0;0;0;0;0;0;0;0;0;0
FR;6;2021-11-19;0;0;0;0;0;0;0;0;0;0
FR;6;2021-11-20;0;0;0;0;0;0;0;0;0;0
FR;6;2021-11-21;0;0;0;0;0;0;0;0;0;0
FR;6;2021-11-22;0;0;0;0;0;0;0;0;0;0
FR;6;2021-11-23;0;0;0;0;0;0;0;0;0;0
FR;6;2021-11-24;0;0;0;0;0;0;0;0;0;0
FR;6;2021-11-25;0;0;0;0;0;0;0;0;0;0
FR;6;2021-11-26;0;0;0;0;0;0;0;0;0;0
FR;6;2021-11-27;0;0;0;0;0;0;0;0;0;0
FR;6;2021-11-28;0;0;0;0;0;0;0;0;0;0
FR;6;2021-11-29;0;0;0;0;0;0;0;0;0;0
FR;6;2021-11-30;0;0;0;0;0;0;0;0;0;0
FR;6;2021-12-01;0;0;0;0;0;0;0;0;0;0
FR;6;2021-12-02;0;0;0;0;0;0;0;0;0;0
FR;6;2021-12-03;0;0;0;0;0;0;0;0;0;0
FR;6;2021-12-04;0;0;0;0;0;0;0;0;0;0
FR;6;2021-12-05;0;0;0;0;0;0;0;0;0;0
FR;6;2021-12-06;0;0;0;0;0;0;0;0;0;0
FR;6;2021-12-07;0;0;0;0;0;0;0;0;0;0
FR;6;2021-12-08;0;0;0;0;0;0;0;0;0;0
FR;6;2021-12-09;0;0;0;0;0;0;0;0;0;0
FR;6;2021-12-10;0;0;0;0;0;0;0;0;0;0
FR;6;2021-12-11;0;0;0;0;0;0;0;0;0;0
FR;6;2021-12-12;0;0;0;0;0;0;0;0;0;0
FR;6;2021-12-13;0;0;0;0;0;0;0;0;0;0
FR;6;2021-12-14;0;0;0;0;0;0;0;0;0;0
FR;6;2021-12-15;0;0;0;0;0;0;0;0;0;0
FR;6;2021-12-16;0;0;0;0;0;0;0;0;0;0
FR;6;2021-12-17;0;0;0;0;0;0;0;0;0;0
FR;6;2021-12-18;0;0;0;0;0;0;0;0;0;0
FR;6;2021-12-19;0;0;0;0;0;0;0;0;0;0
FR;6;2021-12-20;0;0;0;0;0;0;0;0;0;0
FR;6;2021-12-21;0;0;0;0;0;0;0;0;0;0
FR;6;2021-12-22;0;0;0;0;0;0;0;0;0;0
FR;6;2021-12-23;0;0;0;0;0;0;0;0;0;0
FR;6;2021-12-24;0;0;0;0;0;0;0;0;0;0
FR;6;2021-12-25;0;0;0;0;0;0;0;0;0;0
FR;6;2021-12-26;0;0;0;0;0;0;0;0;0;0
FR;6;2021-12-27;0;0;0;0;0;0;0;0;0;0
FR;6;2021-12-28;0;0;0;0;0;0;0;0;0;0
FR;6;2021-12-29;0;0;0;0;0;0;0;0;0;0
FR;6;2021-12-30;0;0;0;0;0;0;0;0;0;0
FR;6;2021-12-31;0;0;0;0;0;0;0;0;0;0
FR;6;2022-01-01;0;0;0;0;0;0;0;0;0;0
FR;6;2022-01-02;0;0;0;0;0;0;0;0;0;0
FR;6;2022-01-03;0;0;0;0;0;0;0;0;0;0
FR;6;2022-01-04;0;0;0;0;0;0;0;0;0;0
FR;6;2022-01-05;0;0;0;0;0;0;0;0;0;0
FR;6;2022-01-06;0;0;0;0;0;0;0;0;0;0
FR;6;2022-01-07;0;0;0;0;0;0;0;0;0;0
FR;6;2022-01-08;0;0;0;0;0;0;0;0;0;0
FR;6;2022-01-09;0;0;0;0;0;0;0;0;0;0
FR;6;2022-01-10;0;0;0;0;0;0;0;0;0;0
FR;6;2022-01-11;0;0;0;0;0;0;0;0;0;0
FR;6;2022-01-12;0;0;0;0;0;0;0;0;0;0
FR;6;2022-01-13;0;0;0;0;0;0;0;0;0;0
FR;6;2022-01-14;0;0;0;0;0;0;0;0;0;0
FR;6;2022-01-15;0;0;0;0;0;0;0;0;0;0
FR;6;2022-01-16;0;0;0;0;0;0;0;0;0;0
FR;6;2022-01-17;0;0;0;0;0;0;0;0;0;0
FR;6;2022-01-18;0;0;0;0;0;0;0;0;0;0
FR;6;2022-01-19;0;0;0;0;0;0;0;0;0;0
FR;6;2022-01-20;0;0;0;0;0;0;0;0;0;0
FR;6;2022-01-21;0;0;0;0;0;0;0;0;0;0
FR;6;2022-01-22;0;0;0;0;0;0;0;0;0;0
FR;6;2022-01-23;0;0;0;0;0;0;0;0;0;0
FR;6;2022-01-24;0;0;0;0;0;0;0;0;0;0
FR;6;2022-01-25;0;0;0;0;0;0;0;0;0;0
FR;6;2022-01-26;0;0;0;0;0;0;0;0;0;0
FR;6;2022-01-27;0;0;0;0;0;0;0;0;0;0
FR;6;2022-01-28;0;0;0;0;0;0;0;0;0;0
FR;6;2022-01-29;0;0;0;0;0;0;0;0;0;0
FR;6;2022-01-30;0;0;0;0;0;0;0;0;0;0
FR;6;2022-01-31;0;0;0;0;0;0;0;0;0;0
FR;6;2022-02-01;0;0;0;0;0;0;0;0;0;0
FR;6;2022-02-02;0;0;0;0;0;0;0;0;0;0
FR;6;2022-02-03;0;0;0;0;0;0;0;0;0;0
FR;6;2022-02-04;0;0;0;0;0;0;0;0;0;0
FR;6;2022-02-05;0;0;0;0;0;0;0;0;0;0
FR;6;2022-02-06;0;0;0;0;0;0;0;0;0;0
FR;6;2022-02-07;0;0;0;0;0;0;0;0;0;0
FR;6;2022-02-08;0;0;0;0;0;0;0;0;0;0
FR;6;2022-02-09;0;0;0;0;0;0;0;0;0;0
FR;6;2022-02-10;0;0;0;0;0;0;0;0;0;0
FR;6;2022-02-11;0;0;0;0;0;0;0;0;0;0
FR;6;2022-02-12;0;0;0;0;0;0;0;0;0;0
FR;6;2022-02-13;0;0;0;0;0;0;0;0;0;0
FR;6;2022-02-14;0;0;0;0;0;0;0;0;0;0
FR;6;2022-02-15;0;0;0;0;0;0;0;0;0;0
FR;6;2022-02-16;0;0;0;0;0;0;0;0;0;0
FR;6;2022-02-17;0;0;0;0;0;0;0;0;0;0
FR;6;2022-02-18;0;0;0;0;0;0;0;0;0;0
FR;6;2022-02-19;0;0;0;0;0;0;0;0;0;0
FR;6;2022-02-20;0;0;0;0;0;0;0;0;0;0
FR;6;2022-02-21;0;0;0;0;0;0;0;0;0;0
FR;6;2022-02-22;0;0;0;0;0;0;0;0;0;0
FR;6;2022-02-23;0;0;0;0;0;0;0;0;0;0
FR;6;2022-02-24;0;0;0;0;0;0;0;0;0;0
FR;6;2022-02-25;0;0;0;0;0;0;0;0;0;0
FR;6;2022-02-26;1;0;0;0;0;1;0;0;0;0
FR;6;2022-02-27;0;0;0;0;0;1;0;0;0;0
FR;6;2022-02-28;0;0;0;0;0;1;0;0;0;0
FR;6;2022-03-01;3;0;0;0;0;4;0;0;0;0
FR;6;2022-03-02;97;9;2;0;7;101;9;2;0;7
FR;6;2022-03-03;0;0;0;0;0;101;9;2;0;7
FR;6;2022-03-04;91;4;0;0;4;192;13;2;0;11
FR;6;2022-03-05;391;23;2;0;14;583;36;4;0;25
FR;6;2022-03-06;7;1;0;0;0;590;37;4;0;25
FR;6;2022-03-07;337;19;0;0;13;927;56;4;0;38
FR;6;2022-03-08;230;14;0;0;5;1157;70;4;0;43
FR;6;2022-03-09;519;29;2;0;21;1676;99;6;0;64
FR;6;2022-03-10;207;18;0;1;12;1883;117;6;1;76
FR;6;2022-03-11;328;21;6;0;21;2211;138;12;1;97
FR;6;2022-03-12;518;25;1;0;20;2729;163;13;1;117
FR;6;2022-03-13;40;2;0;0;1;2769;165;13;1;118
FR;6;2022-03-14;201;4;2;0;3;2970;169;15;1;121
FR;6;2022-03-15;112;11;2;0;9;3082;180;17;1;130
FR;6;2022-03-16;310;17;1;1;14;3392;197;18;2;144
FR;6;2022-03-17;117;6;1;2;4;3509;203;19;4;148
FR;6;2022-03-18;214;11;0;0;6;3723;214;19;4;154
FR;6;2022-03-19;307;19;2;0;9;4030;233;21;4;163
FR;6;2022-03-20;15;5;0;0;1;4045;238;21;4;164
FR;6;2022-03-21;132;23;1;0;4;4177;261;22;4;168
FR;6;2022-03-22;97;15;0;0;4;4274;276;22;4;172
FR;6;2022-03-23;226;108;3;0;14;4500;384;25;4;186
FR;6;2022-03-24;100;15;1;3;4;4600;399;26;7;190
FR;6;2022-03-25;203;141;2;1;15;4803;540;28;8;205
FR;6;2022-03-26;332;295;7;1;19;5135;835;35;9;224
FR;6;2022-03-27;32;30;1;0;1;5167;865;36;9;225
FR;6;2022-03-28;200;208;8;1;17;5367;1073;44;10;242
FR;6;2022-03-29;126;189;12;2;12;5493;1262;56;12;254
FR;6;2022-03-30;305;476;10;2;22;5798;1738;66;14;276
FR;6;2022-03-31;124;140;9;0;13;5922;1878;75;14;289
FR;6;2022-04-01;195;150;11;2;23;6117;2028;86;16;312
FR;6;2022-04-02;205;241;9;1;13;6322;2269;95;17;325
FR;6;2022-04-03;17;21;0;0;1;6339;2290;95;17;326
FR;6;2022-04-04;132;114;6;1;9;6471;2404;101;18;335
FR;6;2022-04-05;145;88;15;1;11;6616;2492;116;19;346
FR;6;2022-04-06;203;245;22;26;27;6819;2737;138;45;373
FR;6;2022-04-07;127;96;15;5;17;6946;2833;153;50;390
FR;6;2022-04-08;199;170;16;3;17;7145;3003;169;53;407
FR;6;2022-04-09;145;139;6;12;13;7290;3142;175;65;420
FR;6;2022-04-10;10;20;3;0;1;7300;3162;178;65;421
FR;6;2022-04-11;101;106;4;0;5;7401;3268;182;65;426
FR;6;2022-04-12;135;75;5;8;10;7536;3343;187;73;436
FR;6;2022-04-13;160;175;7;5;13;7696;3518;194;78;449
FR;6;2022-04-14;100;103;5;10;8;7796;3621;199;88;457
FR;6;2022-04-15;160;148;11;7;19;7956;3769;210;95;476
FR;6;2022-04-16;127;132;5;0;14;8083;3901;215;95;490
FR;6;2022-04-17;8;9;4;0;4;8091;3910;219;95;494
FR;6;2022-04-18;8;15;3;0;4;8099;3925;222;95;498
FR;6;2022-04-19;97;112;4;3;3;8196;4037;226;98;501
FR;6;2022-04-20;173;227;8;7;15;8369;4264;234;105;516
FR;6;2022-04-21;111;93;8;4;11;8480;4357;242;109;527
FR;6;2022-04-22;138;160;13;12;13;8618;4517;255;121;540
FR;6;2022-04-23;104;129;1;1;7;8722;4646;256;122;547
FR;6;2022-04-24;5;21;1;0;0;8727;4667;257;122;547
FR;6;2022-04-25;90;128;3;8;11;8817;4795;260;130;558
FR;6;2022-04-26;101;128;18;2;16;8918;4923;278;132;574
FR;6;2022-04-27;197;159;21;1;27;9115;5082;299;133;601
FR;6;2022-04-28;109;87;7;1;8;9224;5169;306;134;609
FR;6;2022-04-29;189;168;16;2;20;9413;5337;322;136;629
FR;6;2022-04-30;131;125;7;1;24;9544;5462;329;137;653
FR;6;2022-05-01;7;6;0;0;0;9551;5468;329;137;653
FR;6;2022-05-02;94;65;3;4;3;9645;5533;332;141;656
FR;6;2022-05-03;136;92;11;2;7;9781;5625;343;143;663
FR;6;2022-05-04;165;118;25;12;29;9946;5743;368;155;692
FR;6;2022-05-05;101;70;8;3;12;10047;5813;376;158;704
FR;6;2022-05-06;151;110;10;9;16;10198;5923;386;167;720
FR;6;2022-05-07;138;93;13;3;23;10336;6016;399;170;743
FR;6;2022-05-08;20;8;6;5;7;10356;6024;405;175;750
FR;6;2022-05-09;83;73;9;7;13;10439;6097;414;182;763
FR;6;2022-05-10;111;80;15;7;12;10550;6177;429;189;775
FR;6;2022-05-11;129;120;11;14;20;10679;6297;440;203;795
FR;6;2022-05-12;105;75;6;5;13;10784;6372;446;208;808
FR;6;2022-05-13;154;95;17;21;20;10938;6467;463;229;828
FR;6;2022-05-14;81;59;6;7;15;11019;6526;469;236;843
FR;6;2022-05-15;12;7;0;0;0;11031;6533;469;236;843
FR;6;2022-05-16;64;54;6;2;12;11095;6587;475;238;855
FR;6;2022-05-17;123;76;5;7;11;11218;6663;480;245;866
FR;6;2022-05-18;130;116;5;1;13;11348;6779;485;246;879
FR;6;2022-05-19;124;56;6;8;9;11472;6835;491;254;888
FR;6;2022-05-20;125;113;13;3;18;11597;6948;504;257;906
FR;6;2022-05-21;90;67;14;3;12;11687;7015;518;260;918
FR;6;2022-05-22;19;12;5;0;4;11706;7027;523;260;922
FR;6;2022-05-23;73;72;3;2;6;11779;7099;526;262;928
FR;6;2022-05-24;116;98;8;2;16;11895;7197;534;264;944
FR;6;2022-05-25;139;126;6;3;12;12034;7323;540;267;956
FR;6;2022-05-26;6;4;0;0;2;12040;7327;540;267;958
FR;6;2022-05-27;127;104;15;11;18;12167;7431;555;278;976
FR;6;2022-05-28;50;72;1;5;8;12217;7503;556;283;984
FR;6;2022-05-29;8;10;0;0;1;12225;7513;556;283;985
FR;6;2022-05-30;68;66;7;4;4;12293;7579;563;287;989
FR;6;2022-05-31;86;101;10;2;14;12379;7680;573;289;1003
FR;0;2020-12-27;602;0;0;0;0;602;0;0;0;0
FR;0;2020-12-28;668;1;0;0;0;1270;1;0;0;0
FR;0;2020-12-29;374;0;0;0;0;1644;1;0;0;0
FR;0;2020-12-30;440;0;0;0;0;2084;1;0;0;0
FR;0;2020-12-31;429;1;0;0;0;2513;2;0;0;0
FR;0;2021-01-01;1136;2;0;0;0;3649;4;0;0;0
FR;0;2021-01-02;356;3;0;0;0;4005;7;0;0;0
FR;0;2021-01-03;401;0;0;0;0;4406;7;0;0;0
FR;0;2021-01-04;2089;2;0;0;0;6495;9;0;0;0
FR;0;2021-01-05;7620;3;0;0;0;14115;12;0;0;0
FR;0;2021-01-06;12421;11;0;0;0;26536;23;0;0;0
FR;0;2021-01-07;29446;9;0;0;0;55982;32;0;0;0
FR;0;2021-01-08;37121;9;0;0;0;93103;41;0;0;0
FR;0;2021-01-09;11209;4;0;0;0;104312;45;0;0;0
FR;0;2021-01-10;5996;3;0;0;0;110308;48;0;0;0
FR;0;2021-01-11;39924;17;0;0;0;150232;65;0;0;0
FR;0;2021-01-12;62125;16;0;0;0;212357;81;0;0;0
FR;0;2021-01-13;65102;29;0;0;0;277459;110;0;0;0
FR;0;2021-01-14;83121;78;0;0;0;360580;188;0;0;0
FR;0;2021-01-15;68992;33;0;0;0;429572;221;0;0;0
FR;0;2021-01-16;20208;69;0;0;0;449780;290;0;0;0
FR;0;2021-01-17;10977;47;0;0;0;460757;337;0;0;0
FR;0;2021-01-18;85880;164;0;0;0;546637;501;0;0;0
FR;0;2021-01-19;130573;173;0;0;0;677210;674;0;0;0
FR;0;2021-01-20;137525;172;0;0;0;814735;846;0;0;0
FR;0;2021-01-21;158375;169;0;0;0;973110;1015;0;0;0
FR;0;2021-01-22;121041;207;0;0;0;1094151;1222;0;0;0
FR;0;2021-01-23;38467;64;0;0;0;1132618;1286;0;0;0
FR;0;2021-01-24;9740;71;0;0;0;1142358;1357;0;0;0
FR;0;2021-01-25;78221;1268;0;0;0;1220579;2625;0;0;0
FR;0;2021-01-26;100363;3288;1;0;0;1320942;5913;1;0;0
FR;0;2021-01-27;107222;5924;0;0;0;1428164;11837;1;0;0
FR;0;2021-01-28;124330;15017;0;0;0;1552494;26854;1;0;0
FR;0;2021-01-29;92170;17729;0;0;0;1644664;44583;1;0;0
FR;0;2021-01-30;29113;4311;0;0;0;1673777;48894;1;0;0
FR;0;2021-01-31;5225;1738;0;0;0;1679002;50632;1;0;0
FR;0;2021-02-01;53107;21537;0;0;0;1732109;72169;1;0;0
FR;0;2021-02-02;72280;35748;0;0;0;1804389;107917;1;0;0
FR;0;2021-02-03;72291;38041;0;0;0;1876680;145958;1;0;0
FR;0;2021-02-04;82049;51489;0;0;0;1958729;197447;1;0;0
FR;0;2021-02-05;68216;46164;0;0;0;2026945;243611;1;0;0
FR;0;2021-02-06;23109;10766;0;0;0;2050054;254377;1;0;0
FR;0;2021-02-07;5182;5319;0;0;0;2055236;259696;1;0;0
FR;0;2021-02-08;46817;46869;0;0;0;2102053;306565;1;0;0
FR;0;2021-02-09;65992;74466;0;0;0;2168045;381031;1;0;0
FR;0;2021-02-10;70985;79342;0;0;0;2239030;460373;1;0;0
FR;0;2021-02-11;87240;101280;0;0;0;2326270;561653;1;0;0
FR;0;2021-02-12;79290;74959;0;0;0;2405560;636612;1;0;0
FR;0;2021-02-13;22353;19483;0;0;0;2427913;656095;1;0;0
FR;0;2021-02-14;5071;7199;0;0;0;2432984;663294;1;0;0
FR;0;2021-02-15;38069;76624;0;0;0;2471053;739918;1;0;0
FR;0;2021-02-16;50364;100569;0;0;0;2521417;840487;1;0;0
FR;0;2021-02-17;50501;104608;1;0;0;2571918;945095;2;0;0
FR;0;2021-02-18;69757;120479;0;0;0;2641675;1065574;2;0;0
FR;0;2021-02-19;65049;91063;1;0;0;2706724;1156637;3;0;0
FR;0;2021-02-20;18574;28588;0;0;0;2725298;1185225;3;0;0
FR;0;2021-02-21;3314;6307;0;0;0;2728612;1191532;3;0;0
FR;0;2021-02-22;37477;73184;2;0;0;2766089;1264716;5;0;0
FR;0;2021-02-23;53760;84435;1;0;0;2819849;1349151;6;0;0
FR;0;2021-02-24;59981;81771;1;0;0;2879830;1430922;7;0;0
FR;0;2021-02-25;100544;91429;1;0;0;2980374;1522351;8;0;0
FR;0;2021-02-26;113432;70720;1;0;0;3093806;1593071;9;0;0
FR;0;2021-02-27;52091;22142;0;0;0;3145897;1615213;9;0;0
FR;0;2021-02-28;6192;4275;1;0;0;3152089;1619488;10;0;0
FR;0;2021-03-01;65834;53278;1;0;0;3217923;1672766;11;0;0
FR;0;2021-03-02;101347;66609;2;0;0;3319270;1739375;13;0;0
FR;0;2021-03-03;116466;65511;0;0;0;3435736;1804886;13;0;0
FR;0;2021-03-04;163585;70287;3;0;0;3599321;1875173;16;0;0
FR;0;2021-03-05;200885;63072;3;0;0;3800206;1938245;19;0;0
FR;0;2021-03-06;207927;17700;3;0;0;4008133;1955945;22;0;0
FR;0;2021-03-07;121250;4972;1;0;0;4129383;1960917;23;0;0
FR;0;2021-03-08;107113;50347;2;0;0;4236496;2011264;25;0;0
FR;0;2021-03-09;172412;56516;2;0;0;4408908;2067780;27;0;0
FR;0;2021-03-10;178938;57113;5;0;0;4587846;2124893;32;0;0
FR;0;2021-03-11;242831;63488;2;0;0;4830677;2188381;34;0;0
FR;0;2021-03-12;294777;53347;1;0;0;5125454;2241728;35;0;0
FR;0;2021-03-13;231372;15324;1;0;0;5356826;2257052;36;0;0
FR;0;2021-03-14;63337;3279;1;0;0;5420163;2260331;37;0;0
FR;0;2021-03-15;158601;32148;3;0;0;5578764;2292479;40;0;0
FR;0;2021-03-16;141539;39120;6;0;0;5720303;2331599;46;0;0
FR;0;2021-03-17;150447;38181;4;0;0;5870750;2369780;50;0;0
FR;0;2021-03-18;167785;44552;5;0;0;6038535;2414332;55;0;0
FR;0;2021-03-19;229964;37151;2;0;0;6268499;2451483;57;0;0
FR;0;2021-03-20;166642;11574;1;0;0;6435141;2463057;58;0;0
FR;0;2021-03-21;49920;2496;1;0;0;6485061;2465553;59;0;0
FR;0;2021-03-22;169997;33971;2;0;0;6655058;2499524;61;0;0
FR;0;2021-03-23;250328;42349;1;0;0;6905386;2541873;62;0;0
FR;0;2021-03-24;256855;43680;0;0;0;7162241;2585553;62;0;0
FR;0;2021-03-25;341753;44863;5;0;0;7503994;2630416;67;0;0
FR;0;2021-03-26;358750;41902;4;1;0;7862744;2672318;71;1;0
FR;0;2021-03-27;195240;16723;1;0;0;8057984;2689041;72;1;0
FR;0;2021-03-28;59322;4014;3;0;0;8117306;2693055;75;1;0
FR;0;2021-03-29;202934;54010;4;0;0;8320240;2747065;79;1;0
FR;0;2021-03-30;285410;69653;4;0;0;8605650;2816718;83;1;0
FR;0;2021-03-31;262962;73257;4;0;0;8868612;2889975;87;1;0
FR;0;2021-04-01;315387;89285;12;0;0;9183999;2979260;99;1;0
FR;0;2021-04-02;281282;92764;7;0;0;9465281;3072024;106;1;0
FR;0;2021-04-03;141050;61948;5;0;0;9606331;3133972;111;1;0
FR;0;2021-04-04;46461;18734;2;0;0;9652792;3152706;113;1;0
FR;0;2021-04-05;63307;10798;11;0;0;9716099;3163504;124;1;0
FR;0;2021-04-06;217146;109317;17;0;0;9933245;3272821;141;1;0
FR;0;2021-04-07;260192;115418;17;0;0;10193437;3388239;158;1;0
FR;0;2021-04-08;337738;121736;14;0;0;10531175;3509975;172;1;0
FR;0;2021-04-09;410083;116334;49;0;0;10941258;3626309;221;1;0
FR;0;2021-04-10;212583;82627;15;0;0;11153841;3708936;236;1;0
FR;0;2021-04-11;56123;34437;7;0;0;11209964;3743373;243;1;0
FR;0;2021-04-12;237004;115223;45;0;0;11446968;3858596;288;1;0
FR;0;2021-04-13;309418;144508;98;1;0;11756386;4003104;386;2;0
FR;0;2021-04-14;294441;139309;213;0;0;12050827;4142413;599;2;0
FR;0;2021-04-15;337010;148428;338;0;0;12387837;4290841;937;2;0
FR;0;2021-04-16;339225;145902;352;0;0;12727062;4436743;1289;2;0
FR;0;2021-04-17;188626;90029;109;0;0;12915688;4526772;1398;2;0
FR;0;2021-04-18;51603;35359;47;0;0;12967291;4562131;1445;2;0
FR;0;2021-04-19;205640;138223;454;0;0;13172931;4700354;1899;2;0
FR;0;2021-04-20;254347;170861;568;0;0;13427278;4871215;2467;2;0
FR;0;2021-04-21;253179;169085;834;0;0;13680457;5040300;3301;2;0
FR;0;2021-04-22;287492;188740;818;0;0;13967949;5229040;4119;2;0
FR;0;2021-04-23;297923;183420;747;0;0;14265872;5412460;4866;2;0
FR;0;2021-04-24;190411;111561;252;0;0;14456283;5524021;5118;2;0
FR;0;2021-04-25;69540;38778;51;0;0;14525823;5562799;5169;2;0
FR;0;2021-04-26;220894;156259;560;0;0;14746717;5719058;5729;2;0
FR;0;2021-04-27;284548;187349;940;0;0;15031265;5906407;6669;2;0
FR;0;2021-04-28;299446;183227;1422;1;1;15330711;6089634;8091;3;1
FR;0;2021-04-29;357058;196510;1276;0;0;15687769;6286144;9367;3;1
FR;0;2021-04-30;372139;184818;1119;1;0;16059908;6470962;10486;4;1
FR;0;2021-05-01;167600;52474;178;0;0;16227508;6523436;10664;4;1
FR;0;2021-05-02;91707;37751;83;0;0;16319215;6561187;10747;4;1
FR;0;2021-05-03;288856;168371;840;0;0;16608071;6729558;11587;4;1
FR;0;2021-05-04;315594;224339;1230;0;0;16923665;6953897;12817;4;1
FR;0;2021-05-05;327104;224776;1312;0;0;17250769;7178673;14129;4;1
FR;0;2021-05-06;379423;239383;1629;0;0;17630192;7418056;15758;4;1
FR;0;2021-05-07;372682;257314;1222;0;0;18002874;7675370;16980;4;1
FR;0;2021-05-08;222136;67433;298;0;0;18225010;7742803;17278;4;1
FR;0;2021-05-09;129684;46363;243;0;0;18354694;7789166;17521;4;1
FR;0;2021-05-10;313298;228721;1233;0;0;18667992;8017887;18754;4;1
FR;0;2021-05-11;403818;257820;1563;0;0;19071810;8275707;20317;4;1
FR;0;2021-05-12;434032;233084;1542;0;0;19505842;8508791;21859;4;1
FR;0;2021-05-13;338550;56922;430;0;0;19844392;8565713;22289;4;1
FR;0;2021-05-14;454053;167245;1122;0;0;20298445;8732958;23411;4;1
FR;0;2021-05-15;374922;94036;442;0;0;20673367;8826994;23853;4;1
FR;0;2021-05-16;202724;20774;168;0;0;20876091;8847768;24021;4;1
FR;0;2021-05-17;376066;148816;1550;0;0;21252157;8996584;25571;4;1
FR;0;2021-05-18;460062;153113;1986;0;0;21712219;9149697;27557;4;1
FR;0;2021-05-19;467324;144679;2455;0;0;22179543;9294376;30012;4;1
FR;0;2021-05-20;507460;160173;2332;0;0;22687003;9454549;32344;4;1
FR;0;2021-05-21;489599;174403;1988;0;0;23176602;9628952;34332;4;1
FR;0;2021-05-22;347143;79863;668;0;0;23523745;9708815;35000;4;1
FR;0;2021-05-23;161659;14388;246;0;0;23685404;9723203;35246;4;1
FR;0;2021-05-24;263146;33171;600;0;0;23948550;9756374;35846;4;1
FR;0;2021-05-25;400198;189143;2349;1;0;24348748;9945517;38195;5;1
FR;0;2021-05-26;413390;188453;2217;0;0;24762138;10133970;40412;5;1
FR;0;2021-05-27;449740;218592;2159;0;0;25211878;10352562;42571;5;1
FR;0;2021-05-28;429484;259439;1891;0;0;25641362;10612001;44462;5;1
FR;0;2021-05-29;298945;149377;583;0;0;25940307;10761378;45045;5;1
FR;0;2021-05-30;107120;32572;163;0;0;26047427;10793950;45208;5;1
FR;0;2021-05-31;357971;203339;1466;1;1;26405398;10997289;46674;6;2
FR;0;2021-06-01;430846;251188;1959;1;1;26836244;11248477;48633;7;3
FR;0;2021-06-02;419444;230795;1978;0;0;27255688;11479272;50611;7;3
FR;0;2021-06-03;464720;258389;1819;0;0;27720408;11737661;52430;7;3
FR;0;2021-06-04;455704;304691;1729;1;1;28176112;12042352;54159;8;4
FR;0;2021-06-05;304750;188957;651;0;0;28480862;12231309;54810;8;4
FR;0;2021-06-06;133240;49131;226;0;0;28614102;12280440;55036;8;4
FR;0;2021-06-07;339075;261907;1519;0;0;28953177;12542347;56555;8;4
FR;0;2021-06-08;393566;290936;1797;0;0;29346743;12833283;58352;8;4
FR;0;2021-06-09;384672;275429;1727;0;0;29731415;13108712;60079;8;4
FR;0;2021-06-10;403971;288861;1720;1;0;30135386;13397573;61799;9;4
FR;0;2021-06-11;386466;357212;1461;0;0;30521852;13754785;63260;9;4
FR;0;2021-06-12;283206;211280;490;0;0;30805058;13966065;63750;9;4
FR;0;2021-06-13;104833;73992;204;0;0;30909891;14040057;63954;9;4
FR;0;2021-06-14;240651;355518;1425;1;0;31150542;14395575;65379;10;4
FR;0;2021-06-15;307990;385560;1565;1;0;31458532;14781135;66944;11;4
FR;0;2021-06-16;313843;357745;1415;1;0;31772375;15138880;68359;12;4
FR;0;2021-06-17;317561;372442;1422;1;0;32089936;15511322;69781;13;4
FR;0;2021-06-18;321555;442445;1332;1;0;32411491;15953767;71113;14;4
FR;0;2021-06-19;224306;273787;448;0;0;32635797;16227554;71561;14;4
FR;0;2021-06-20;74371;102594;127;0;0;32710168;16330148;71688;14;4
FR;0;2021-06-21;195571;401911;1032;1;1;32905739;16732059;72720;15;5
FR;0;2021-06-22;223010;467386;1261;10;2;33128749;17199445;73981;25;7
FR;0;2021-06-23;233868;439883;1196;1;1;33362617;17639328;75177;26;8
FR;0;2021-06-24;241734;409565;1348;0;0;33604351;18048893;76525;26;8
FR;0;2021-06-25;227468;522238;1398;0;0;33831819;18571131;77923;26;8
FR;0;2021-06-26;153192;370717;585;1;0;33985011;18941848;78508;27;8
FR;0;2021-06-27;55863;156217;168;1;0;34040874;19098065;78676;28;8
FR;0;2021-06-28;154618;452906;1168;0;0;34195492;19550971;79844;28;8
FR;0;2021-06-29;182546;506806;2124;0;0;34378038;20057777;81968;28;8
FR;0;2021-06-30;203841;482650;2010;21;2;34581879;20540427;83978;49;10
FR;0;2021-07-01;231111;457800;2221;5;1;34812990;20998227;86199;54;11
FR;0;2021-07-02;228331;520213;2119;5;3;35041321;21518440;88318;59;14
FR;0;2021-07-03;141937;368731;909;3;1;35183258;21887171;89227;62;15
FR;0;2021-07-04;56694;141254;265;0;0;35239952;22028425;89492;62;15
FR;0;2021-07-05;168231;419304;1668;8;2;35408183;22447729;91160;70;17
FR;0;2021-07-06;196568;474794;1828;45;8;35604751;22922523;92988;115;25
FR;0;2021-07-07;212962;439311;1876;24;5;35817713;23361834;94864;139;30
FR;0;2021-07-08;231444;424168;2088;20;7;36049157;23786002;96952;159;37
FR;0;2021-07-09;228348;510771;2182;4;2;36277505;24296773;99134;163;39
FR;0;2021-07-10;148535;339887;982;1;1;36426040;24636660;100116;164;40
FR;0;2021-07-11;60143;110145;282;0;0;36486183;24746805;100398;164;40
FR;0;2021-07-12;168958;478201;1757;4;0;36655141;25225006;102155;168;40
FR;0;2021-07-13;287071;527465;2045;8;2;36942212;25752471;104200;176;42
FR;0;2021-07-14;180898;157731;434;0;0;37123110;25910202;104634;176;42
FR;0;2021-07-15;346878;502493;2097;1;0;37469988;26412695;106731;177;42
FR;0;2021-07-16;379907;495964;2021;3;1;37849895;26908659;108752;180;43
FR;0;2021-07-17;259657;319813;876;1;0;38109552;27228472;109628;181;43
FR;0;2021-07-18;109668;114793;310;0;0;38219220;27343265;109938;181;43
FR;0;2021-07-19;285316;425038;1627;3;0;38504536;27768303;111565;184;43
FR;0;2021-07-20;376732;452440;1722;0;0;38881268;28220743;113287;184;43
FR;0;2021-07-21;395632;407912;1549;4;2;39276900;28628655;114836;188;45
FR;0;2021-07-22;440884;388120;1714;4;2;39717784;29016775;116550;192;47
FR;0;2021-07-23;439972;423178;1880;4;2;40157756;29439953;118430;196;49
FR;0;2021-07-24;285183;269620;803;1;0;40442939;29709573;119233;197;49
FR;0;2021-07-25;121054;80056;226;0;0;40563993;29789629;119459;197;49
FR;0;2021-07-26;347272;323205;1615;3;2;40911265;30112834;121074;200;51
FR;0;2021-07-27;463893;320295;1696;4;2;41375158;30433129;122770;204;53
FR;0;2021-07-28;459310;290020;1634;4;2;41834468;30723149;124404;208;55
FR;0;2021-07-29;489685;276928;1794;2;1;42324153;31000077;126198;210;56
FR;0;2021-07-30;461641;302879;1936;5;2;42785794;31302956;128134;215;58
FR;0;2021-07-31;285342;185074;914;1;0;43071136;31488030;129048;216;58
FR;0;2021-08-01;111939;49997;253;0;0;43183075;31538027;129301;216;58
FR;0;2021-08-02;341226;234596;1598;2;0;43524301;31772623;130899;218;58
FR;0;2021-08-03;398422;245112;1718;2;1;43922723;32017735;132617;220;59
FR;0;2021-08-04;384647;210119;1590;6;3;44307370;32227854;134207;226;62
FR;0;2021-08-05;365983;228910;1709;0;0;44673353;32456764;135916;226;62
FR;0;2021-08-06;359570;271713;1833;4;1;45032923;32728477;137749;230;63
FR;0;2021-08-07;213035;178377;755;4;3;45245958;32906854;138504;234;66
FR;0;2021-08-08;74133;63239;270;0;0;45320091;32970093;138774;234;66
FR;0;2021-08-09;258578;259528;1540;4;3;45578669;33229621;140314;238;69
FR;0;2021-08-10;306613;278028;1655;2;1;45885282;33507649;141969;240;70
FR;0;2021-08-11;279540;260300;1441;5;1;46164822;33767949;143410;245;71
FR;0;2021-08-12;271392;278621;1659;3;1;46436214;34046570;145069;248;72
FR;0;2021-08-13;252038;277924;1590;3;2;46688252;34324494;146659;251;74
FR;0;2021-08-14;145279;197341;739;0;0;46833531;34521835;147398;251;74
FR;0;2021-08-15;39308;50114;215;1;0;46872839;34571949;147613;252;74
FR;0;2021-08-16;186047;318146;1539;0;0;47058886;34890095;149152;252;74
FR;0;2021-08-17;215563;336561;1634;7;1;47274449;35226656;150786;259;75
FR;0;2021-08-18;198933;324763;1594;7;4;47473382;35551419;152380;266;79
FR;0;2021-08-19;191896;325746;1634;1;0;47665278;35877165;154014;267;79
FR;0;2021-08-20;186360;366350;1810;3;2;47851638;36243515;155824;270;81
FR;0;2021-08-21;104756;238167;704;0;0;47956394;36481682;156528;270;81
FR;0;2021-08-22;31889;87199;253;1;1;47988283;36568881;156781;271;82
FR;0;2021-08-23;140892;357284;1559;3;1;48129175;36926165;158340;274;83
FR;0;2021-08-24;162405;376899;1847;5;1;48291580;37303064;160187;279;84
FR;0;2021-08-25;151063;350883;2028;8;3;48442643;37653947;162215;287;87
FR;0;2021-08-26;142751;342897;2555;10;1;48585394;37996844;164770;297;88
FR;0;2021-08-27;148364;388211;2789;11;3;48733758;38385055;167559;308;91
FR;0;2021-08-28;90608;249581;1405;0;0;48824366;38634636;168964;308;91
FR;0;2021-08-29;27304;83322;516;1;0;48851670;38717958;169480;309;91
FR;0;2021-08-30;117322;324889;4706;6;6024;48968992;39042847;174186;315;6115
FR;0;2021-08-31;128716;334669;10178;19;11874;49097708;39377516;184364;334;17989
FR;0;2021-09-01;135783;285695;22417;7;24308;49233491;39663211;206781;341;42297
FR;0;2021-09-02;112617;247293;26512;13;28875;49346108;39910504;233293;354;71172
FR;0;2021-09-03;118201;292710;29952;23;32957;49464309;40203214;263245;377;104129
FR;0;2021-09-04;89806;217738;12583;12;14075;49554115;40420952;275828;389;118204
FR;0;2021-09-05;21338;44866;4391;2;4733;49575453;40465818;280219;391;122937
FR;0;2021-09-06;75329;180811;31945;16;34240;49650782;40646629;312164;407;157177
FR;0;2021-09-07;80112;181272;33235;40;36107;49730894;40827901;345399;447;193284
FR;0;2021-09-08;89860;206207;29653;27;32455;49820754;41034108;375052;474;225739
FR;0;2021-09-09;76686;165421;33042;26;36527;49897440;41199529;408094;500;262266
FR;0;2021-09-10;95616;203699;35718;26;40520;49993056;41403228;443812;526;302786
FR;0;2021-09-11;66783;169221;12134;19;14312;50059839;41572449;455946;545;317098
FR;0;2021-09-12;12795;32082;2767;1;3161;50072634;41604531;458713;546;320259
FR;0;2021-09-13;64375;126386;41205;32;44050;50137009;41730917;499918;578;364309
FR;0;2021-09-14;73327;129131;56347;78;62041;50210336;41860048;556265;656;426350
FR;0;2021-09-15;76414;167877;55629;58;54775;50286750;42027925;611894;714;481125
FR;0;2021-09-16;63759;114555;60031;85;60023;50350509;42142480;671925;799;541148
FR;0;2021-09-17;74974;156846;53828;71;57237;50425483;42299326;725753;870;598385
FR;0;2021-09-18;48192;139592;15596;25;17284;50473675;42438918;741349;895;615669
FR;0;2021-09-19;7865;23717;2434;1;2619;50481540;42462635;743783;896;618288
FR;0;2021-09-20;44447;93933;50025;73;50253;50525987;42556568;793808;969;668541
FR;0;2021-09-21;45810;98439;62729;76;63369;50571797;42655007;856537;1045;731910
FR;0;2021-09-22;48586;142316;55332;83;55350;50620383;42797323;911869;1128;787260
FR;0;2021-09-23;43165;92012;62351;94;63478;50663548;42889335;974220;1222;850738
FR;0;2021-09-24;52217;133301;54528;109;59090;50715765;43022636;1028748;1331;909828
FR;0;2021-09-25;35193;115515;16263;37;18253;50750958;43138151;1045011;1368;928081
FR;0;2021-09-26;5524;17815;2265;5;2327;50756482;43155966;1047276;1373;930408
FR;0;2021-09-27;33922;76981;47174;97;48127;50790404;43232947;1094450;1470;978535
FR;0;2021-09-28;36446;75263;54930;88;56467;50826850;43308210;1149380;1558;1035002
FR;0;2021-09-29;44315;100842;53322;112;54812;50871165;43409052;1202702;1670;1089814
FR;0;2021-09-30;36272;72816;57003;95;59480;50907437;43481868;1259705;1765;1149294
FR;0;2021-10-01;61524;100861;57777;108;63686;50968961;43582729;1317482;1873;1212980
FR;0;2021-10-02;39414;78339;20952;38;23317;51008375;43661068;1338434;1911;1236297
FR;0;2021-10-03;5262;10535;2524;4;2540;51013637;43671603;1340958;1915;1238837
FR;0;2021-10-04;34970;58532;52609;84;54778;51048607;43730135;1393567;1999;1293615
FR;0;2021-10-05;33580;64341;60962;135;64922;51082187;43794476;1454529;2134;1358537
FR;0;2021-10-06;42450;79260;65688;113;68222;51124637;43873736;1520217;2247;1426759
FR;0;2021-10-07;30407;62155;65376;90;68662;51155044;43935891;1585593;2337;1495421
FR;0;2021-10-08;48749;91821;77718;110;84622;51203793;44027712;1663311;2447;1580043
FR;0;2021-10-09;33622;60871;31522;36;33856;51237415;44088583;1694833;2483;1613899
FR;0;2021-10-10;4629;7439;3186;9;3483;51242044;44096022;1698019;2492;1617382
FR;0;2021-10-11;30561;49899;61019;105;64020;51272605;44145921;1759038;2597;1681402
FR;0;2021-10-12;31381;54446;70564;139;75830;51303986;44200367;1829602;2736;1757232
FR;0;2021-10-13;39992;62777;74397;135;79248;51343978;44263144;1903999;2871;1836480
FR;0;2021-10-14;30236;52886;68722;116;73760;51374214;44316030;1972721;2987;1910240
FR;0;2021-10-15;44743;75268;93214;191;102897;51418957;44391298;2065935;3178;2013137
FR;0;2021-10-16;31270;44085;36681;44;39608;51450227;44435383;2102616;3222;2052745
FR;0;2021-10-17;3827;5276;3591;2;3691;51454054;44440659;2106207;3224;2056436
FR;0;2021-10-18;28365;42468;67468;133;71331;51482419;44483127;2173675;3357;2127767
FR;0;2021-10-19;27055;44623;76379;141;81604;51509474;44527750;2250054;3498;2209371
FR;0;2021-10-20;35205;52442;96905;180;101466;51544679;44580192;2346959;3678;2310837
FR;0;2021-10-21;25962;45213;83915;112;89107;51570641;44625405;2430874;3790;2399944
FR;0;2021-10-22;38209;62363;104864;200;112483;51608850;44687768;2535738;3990;2512427
FR;0;2021-10-23;26971;41230;45436;57;48601;51635821;44728998;2581174;4047;2561028
FR;0;2021-10-24;2912;4800;3679;6;3935;51638733;44733798;2584853;4053;2564963
FR;0;2021-10-25;25980;36352;82304;144;86599;51664713;44770150;2667157;4197;2651562
FR;0;2021-10-26;23685;35087;87206;166;92311;51688398;44805237;2754363;4363;2743873
FR;0;2021-10-27;30008;46420;108963;257;114614;51718406;44851657;2863326;4620;2858487
FR;0;2021-10-28;23401;34894;88658;153;94390;51741807;44886551;2951984;4773;2952877
FR;0;2021-10-29;31513;51392;117283;204;125252;51773320;44937943;3069267;4977;3078129
FR;0;2021-10-30;20529;33120;50324;77;53352;51793849;44971063;3119591;5054;3131481
FR;0;2021-10-31;2480;3758;3584;3;3868;51796329;44974821;3123175;5057;3135349
FR;0;2021-11-01;8211;4803;3202;3;3555;51804540;44979624;3126377;5060;3138904
FR;0;2021-11-02;25298;40086;93533;157;99471;51829838;45019710;3219910;5217;3238375
FR;0;2021-11-03;29767;47918;118843;218;125789;51859605;45067628;3338753;5435;3364164
FR;0;2021-11-04;23666;37495;107498;217;114325;51883271;45105123;3446251;5652;3478489
FR;0;2021-11-05;32272;52907;141589;233;151255;51915543;45158030;3587840;5885;3629744
FR;0;2021-11-06;21484;34563;64844;123;68229;51937027;45192593;3652684;6008;3697973
FR;0;2021-11-07;2379;4238;5179;6;5590;51939406;45196831;3657863;6014;3703563
FR;0;2021-11-08;20423;37821;127115;227;134160;51959829;45234652;3784978;6241;3837723
FR;0;2021-11-09;22144;44818;161616;341;172110;51981973;45279470;3946594;6582;4009833
FR;0;2021-11-10;31389;55097;186930;446;198679;52013362;45334567;4133524;7028;4208512
FR;0;2021-11-11;4322;6740;12929;28;13930;52017684;45341307;4146453;7056;4222442
FR;0;2021-11-12;28990;55148;183713;252;197261;52046674;45396455;4330166;7308;4419703
FR;0;2021-11-13;20305;32716;80676;118;86288;52066979;45429171;4410842;7426;4505991
FR;0;2021-11-14;2333;3947;7164;6;7878;52069312;45433118;4418006;7432;4513869
FR;0;2021-11-15;20312;38783;160784;312;171451;52089624;45471901;4578790;7744;4685320
FR;0;2021-11-16;23365;44047;200311;391;214879;52112989;45515948;4779101;8135;4900199
FR;0;2021-11-17;30359;50474;199775;407;212781;52143348;45566422;4978876;8542;5112980
FR;0;2021-11-18;23354;45034;191573;468;205394;52166702;45611456;5170449;9010;5318374
FR;0;2021-11-19;33558;61416;243122;548;262064;52200260;45672872;5413571;9558;5580438
FR;0;2021-11-20;25335;36780;102116;206;109666;52225595;45709652;5515687;9764;5690104
FR;0;2021-11-21;2623;4569;9641;18;10643;52228218;45714221;5525328;9782;5700747
FR;0;2021-11-22;22739;33370;180282;470;194756;52250957;45747591;5705610;10252;5895503
FR;0;2021-11-23;25563;45735;229300;547;247723;52276520;45793326;5934910;10799;6143226
FR;0;2021-11-24;31766;53819;224737;717;243133;52308286;45847145;6159647;11516;6386359
FR;0;2021-11-25;25391;49142;255824;739;277572;52333677;45896287;6415471;12255;6663931
FR;0;2021-11-26;33209;74732;379375;864;414505;52366886;45971019;6794846;13119;7078436
FR;0;2021-11-27;23316;49691;214840;389;236565;52390202;46020710;7009686;13508;7315001
FR;0;2021-11-28;3479;10590;56727;66;63335;52393681;46031300;7066413;13574;7378336
FR;0;2021-11-29;19386;54266;341375;863;371555;52413067;46085566;7407788;14437;7749891
FR;0;2021-11-30;24730;72165;457286;986;500635;52437797;46157731;7865074;15423;8250526
FR;0;2021-12-01;26914;75997;468973;1159;511191;52464711;46233728;8334047;16582;8761717
FR;0;2021-12-02;21983;71804;526975;1279;574692;52486694;46305532;8861022;17861;9336409
FR;0;2021-12-03;25479;92528;596238;1419;650971;52512173;46398060;9457260;19280;9987380
FR;0;2021-12-04;18291;60542;336159;690;369695;52530464;46458602;9793419;19970;10357075
FR;0;2021-12-05;4142;16262;95753;157;107050;52534606;46474864;9889172;20127;10464125
FR;0;2021-12-06;23378;73221;493019;1174;539813;52557984;46548085;10382191;21301;11003938
FR;0;2021-12-07;23318;91793;645240;1769;706152;52581302;46639878;11027431;23070;11710090
FR;0;2021-12-08;25349;92477;591427;1873;647347;52606651;46732355;11618858;24943;12357437
FR;0;2021-12-09;24000;94360;662930;2179;726176;52630651;46826715;12281788;27122;13083613
FR;0;2021-12-10;27729;111132;735919;2076;805974;52658380;46937847;13017707;29198;13889587
FR;0;2021-12-11;20226;76055;435117;986;480321;52678606;47013902;13452824;30184;14369908
FR;0;2021-12-12;5624;23291;142266;262;159227;52684230;47037193;13595090;30446;14529135
FR;0;2021-12-13;21084;91326;587511;1697;649188;52705314;47128519;14182601;32143;15178323
FR;0;2021-12-14;27594;118707;765362;2650;847369;52732908;47247226;14947963;34793;16025692
FR;0;2021-12-15;28235;114585;694168;2262;768909;52761143;47361811;15642131;37055;16794601
FR;0;2021-12-16;27943;116099;763860;2555;844261;52789086;47477910;16405991;39610;17638862
FR;0;2021-12-17;31552;128820;807718;2708;891989;52820638;47606730;17213709;42318;18530851
FR;0;2021-12-18;24914;81759;469903;1178;522151;52845552;47688489;17683612;43496;19053002
FR;0;2021-12-19;8741;28843;169350;377;191139;52854293;47717332;17852962;43873;19244141
FR;0;2021-12-20;31599;97580;591322;1787;658606;52885892;47814912;18444284;45660;19902747
FR;0;2021-12-21;39219;112417;682288;2391;759459;52925111;47927329;19126572;48051;20662206
FR;0;2021-12-22;39470;99680;575645;2167;642032;52964581;48027009;19702217;50218;21304238
FR;0;2021-12-23;33745;79771;440888;1654;494315;52998326;48106780;20143105;51872;21798553
FR;0;2021-12-24;10664;26077;110976;396;126644;53008990;48132857;20254081;52268;21925197
FR;0;2021-12-25;768;3499;7573;25;9030;53009758;48136356;20261654;52293;21934227
FR;0;2021-12-26;4697;11915;52075;141;60132;53014455;48148271;20313729;52434;21994359
FR;0;2021-12-27;30411;84123;453443;1366;509094;53044866;48232394;20767172;53800;22503453
FR;0;2021-12-28;38318;99120;564067;1767;632173;53083184;48331514;21331239;55567;23135626
FR;0;2021-12-29;39846;88477;501112;1686;560923;53123030;48419991;21832351;57253;23696549
FR;0;2021-12-30;35891;75137;420958;1519;471098;53158921;48495128;22253309;58772;24167647
FR;0;2021-12-31;12038;25224;116837;406;131620;53170959;48520352;22370146;59178;24299267
FR;0;2022-01-01;1378;3205;8499;36;9929;53172337;48523557;22378645;59214;24309196
FR;0;2022-01-02;6077;13011;58392;125;66935;53178414;48536568;22437037;59339;24376131
FR;0;2022-01-03;32897;89949;494682;1593;551493;53211311;48626517;22931719;60932;24927624
FR;0;2022-01-04;40971;110921;641268;2302;714220;53252282;48737438;23572987;63234;25641844
FR;0;2022-01-05;60389;103395;569043;1984;634062;53312671;48840833;24142030;65218;26275906
FR;0;2022-01-06;43999;110170;638880;2695;711314;53356670;48951003;24780910;67913;26987220
FR;0;2022-01-07;50605;123105;710905;2806;790341;53407275;49074108;25491815;70719;27777561
FR;0;2022-01-08;44957;80339;423775;1210;472848;53452232;49154447;25915590;71929;28250409
FR;0;2022-01-09;15595;26708;128547;300;145698;53467827;49181155;26044137;72229;28396107
FR;0;2022-01-10;35051;88888;469193;1810;522199;53502878;49270043;26513330;74039;28918306
FR;0;2022-01-11;41657;100282;548131;2307;608392;53544535;49370325;27061461;76346;29526698
FR;0;2022-01-12;60176;95572;452557;1965;504228;53604711;49465897;27514018;78311;30030926
FR;0;2022-01-13;37933;92386;487242;2084;540957;53642644;49558283;28001260;80395;30571883
FR;0;2022-01-14;42407;103277;568482;2286;628951;53685051;49661560;28569742;82681;31200834
FR;0;2022-01-15;39306;65865;340085;985;377542;53724357;49727425;28909827;83666;31578376
FR;0;2022-01-16;11382;19310;87381;215;99447;53735739;49746735;28997208;83881;31677823
FR;0;2022-01-17;24612;60108;320206;1380;354123;53760351;49806843;29317414;85261;32031946
FR;0;2022-01-18;28107;68596;360998;1799;397509;53788458;49875439;29678412;87060;32429455
FR;0;2022-01-19;43055;67094;281210;1448;311055;53831513;49942533;29959622;88508;32740510
FR;0;2022-01-20;23425;59479;298897;1740;328419;53854938;50002012;30258519;90248;33068929
FR;0;2022-01-21;28023;68770;366278;2086;401124;53882961;50070782;30624797;92334;33470053
FR;0;2022-01-22;27607;47920;218758;838;241739;53910568;50118702;30843555;93172;33711792
FR;0;2022-01-23;6704;13035;48648;171;55179;53917272;50131737;30892203;93343;33766971
FR;0;2022-01-24;16204;47246;217242;1136;239315;53933476;50178983;31109445;94479;34006286
FR;0;2022-01-25;18906;54245;242975;1547;267032;53952382;50233228;31352420;96026;34273318
FR;0;2022-01-26;28112;60189;209214;1296;229352;53980494;50293417;31561634;97322;34502670
FR;0;2022-01-27;16277;46014;207579;1270;225822;53996771;50339431;31769213;98592;34728492
FR;0;2022-01-28;21499;75789;289981;1574;321446;54018270;50415220;32059194;100166;35049938
FR;0;2022-01-29;18402;52844;184085;686;204572;54036672;50468064;32243279;100852;35254510
FR;0;2022-01-30;4463;14544;39123;124;45088;54041135;50482608;32282402;100976;35299598
FR;0;2022-01-31;11222;43839;148147;738;164784;54052357;50526447;32430549;101714;35464382
FR;0;2022-02-01;12818;48159;174061;1141;191366;54065175;50574606;32604610;102855;35655748
FR;0;2022-02-02;20085;65938;171462;1033;190123;54085260;50640544;32776072;103888;35845871
FR;0;2022-02-03;10988;44171;157482;984;173296;54096248;50684715;32933554;104872;36019167
FR;0;2022-02-04;14501;66450;239174;1262;264168;54110749;50751165;33172728;106134;36283335
FR;0;2022-02-05;12782;51443;153514;522;172338;54123531;50802608;33326242;106656;36455673
FR;0;2022-02-06;2705;12239;28871;101;33827;54126236;50814847;33355113;106757;36489500
FR;0;2022-02-07;9386;46664;156818;586;176313;54135622;50861511;33511931;107343;36665813
FR;0;2022-02-08;9603;42692;166558;868;184324;54145225;50904203;33678489;108211;36850137
FR;0;2022-02-09;14171;57877;172290;869;192964;54159396;50962080;33850779;109080;37043101
FR;0;2022-02-10;8269;38406;150150;878;166588;54167665;51000486;34000929;109958;37209689
FR;0;2022-02-11;10761;55479;218440;1097;243010;54178426;51055965;34219369;111055;37452699
FR;0;2022-02-12;8349;40879;134691;461;151707;54186775;51096844;34354060;111516;37604406
FR;0;2022-02-13;1895;8578;26549;85;30905;54188670;51105422;34380609;111601;37635311
FR;0;2022-02-14;6910;35105;148315;477;166309;54195580;51140527;34528924;112078;37801620
FR;0;2022-02-15;6856;35461;146903;750;162444;54202436;51175988;34675827;112828;37964064
FR;0;2022-02-16;9292;42634;132474;719;146658;54211728;51218622;34808301;113547;38110722
FR;0;2022-02-17;5375;23791;87252;584;94777;54217103;51242413;34895553;114131;38205499
FR;0;2022-02-18;6887;33260;119601;802;129257;54223990;51275673;35015154;114933;38334756
FR;0;2022-02-19;5349;24445;70003;370;77303;54229339;51300118;35085157;115303;38412059
FR;0;2022-02-20;1139;4618;12152;38;13926;54230478;51304736;35097309;115341;38425985
FR;0;2022-02-21;4022;17764;61913;351;67138;54234500;51322500;35159222;115692;38493123
FR;0;2022-02-22;4374;18479;60782;575;64411;54238874;51340979;35220004;116267;38557534
FR;0;2022-02-23;6516;27147;66462;591;71861;54245390;51368126;35286466;116858;38629395
FR;0;2022-02-24;3744;15166;50373;518;53185;54249134;51383292;35336839;117376;38682580
FR;0;2022-02-25;5205;23553;76279;803;80003;54254339;51406845;35413118;118179;38762583
FR;0;2022-02-26;3970;17646;47394;357;51459;54258309;51424491;35460512;118536;38814042
FR;0;2022-02-27;870;2987;8022;47;8933;54259179;51427478;35468534;118583;38822975
FR;0;2022-02-28;3069;12263;40449;354;42881;54262248;51439741;35508983;118937;38865856
FR;0;2022-03-01;3136;12238;44131;433;44766;54265384;51451979;35553114;119370;38910622
FR;0;2022-03-02;5083;17477;47084;438;48994;54270467;51469456;35600198;119808;38959616
FR;0;2022-03-03;2656;8922;29829;361;29922;54273123;51478378;35630027;120169;38989538
FR;0;2022-03-04;3182;12189;40257;649;39387;54276305;51490567;35670284;120818;39028925
FR;0;2022-03-05;2931;9209;24927;310;25079;54279236;51499776;35695211;121128;39054004
FR;0;2022-03-06;510;1381;3193;42;3431;54279746;51501157;35698404;121170;39057435
FR;0;2022-03-07;1965;5474;18394;313;17655;54281711;51506631;35716798;121483;39075090
FR;0;2022-03-08;1969;5887;19403;359;17863;54283680;51512518;35736201;121842;39092953
FR;0;2022-03-09;3449;10274;22145;404;21226;54287129;51522792;35758346;122246;39114179
FR;0;2022-03-10;1712;5235;16895;341;15693;54288841;51528027;35775241;122587;39129872
FR;0;2022-03-11;2344;7298;24466;538;22226;54291185;51535325;35799707;123125;39152098
FR;0;2022-03-12;2656;6718;17148;304;16499;54293841;51542043;35816855;123429;39168597
FR;0;2022-03-13;386;781;2305;144;2255;54294227;51542824;35819160;123573;39170852
FR;0;2022-03-14;1470;4148;14933;4403;13788;54295697;51546972;35834093;127976;39184640
FR;0;2022-03-15;1596;4368;16229;7549;14333;54297293;51551340;35850322;135525;39198973
FR;0;2022-03-16;2942;7060;19365;13128;18028;54300235;51558400;35869687;148653;39217001
FR;0;2022-03-17;1371;3710;13096;10836;11936;54301606;51562110;35882783;159489;39228937
FR;0;2022-03-18;2200;5534;19950;18275;18033;54303806;51567644;35902733;177764;39246970
FR;0;2022-03-19;2275;4674;13103;9396;12401;54306081;51572318;35915836;187160;39259371
FR;0;2022-03-20;293;708;1909;1065;1918;54306374;51573026;35917745;188225;39261289
FR;0;2022-03-21;1341;3130;12692;14929;11911;54307715;51576156;35930437;203154;39273200
FR;0;2022-03-22;1461;3585;13756;20518;12512;54309176;51579741;35944193;223672;39285712
FR;0;2022-03-23;2638;6082;17649;23129;17154;54311814;51585823;35961842;246801;39302866
FR;0;2022-03-24;1355;2919;11549;17569;10621;54313169;51588742;35973391;264370;39313487
FR;0;2022-03-25;2046;4815;18498;27738;16826;54315215;51593557;35991889;292108;39330313
FR;0;2022-03-26;2216;4247;12058;12656;11497;54317431;51597804;36003947;304764;39341810
FR;0;2022-03-27;354;681;1882;1476;1915;54317785;51598485;36005829;306240;39343725
FR;0;2022-03-28;1412;2938;11073;17452;10565;54319197;51601423;36016902;323692;39354290
FR;0;2022-03-29;1421;3227;12868;27528;12013;54320618;51604650;36029770;351220;39366303
FR;0;2022-03-30;2810;5363;15618;27342;15010;54323428;51610013;36045388;378562;39381313
FR;0;2022-03-31;1590;3147;12866;24878;12195;54325018;51613160;36058254;403440;39393508
FR;0;2022-04-01;2087;4280;19981;30802;18596;54327105;51617440;36078235;434242;39412104
FR;0;2022-04-02;1493;2607;9031;10098;8690;54328598;51620047;36087266;444340;39420794
FR;0;2022-04-03;274;497;1556;1168;1571;54328872;51620544;36088822;445508;39422365
FR;0;2022-04-04;1337;2549;12263;19063;11449;54330209;51623093;36101085;464571;39433814
FR;0;2022-04-05;1590;2919;14249;33974;13094;54331799;51626012;36115334;498545;39446908
FR;0;2022-04-06;2030;3617;13432;26305;12668;54333829;51629629;36128766;524850;39459576
FR;0;2022-04-07;1425;2849;13579;33599;12782;54335254;51632478;36142345;558449;39472358
FR;0;2022-04-08;2012;4068;19122;43622;17739;54337266;51636546;36161467;602071;39490097
FR;0;2022-04-09;1346;2650;9288;13537;8835;54338612;51639196;36170755;615608;39498932
FR;0;2022-04-10;276;555;1965;1992;1971;54338888;51639751;36172720;617600;39500903
FR;0;2022-04-11;1181;2454;11809;23624;11412;54340069;51642205;36184529;641224;39512315
FR;0;2022-04-12;1560;2764;13900;40540;13273;54341629;51644969;36198429;681764;39525588
FR;0;2022-04-13;1843;3407;13300;32737;12897;54343472;51648376;36211729;714501;39538485
FR;0;2022-04-14;1435;2652;13058;35932;12878;54344907;51651028;36224787;750433;39551363
FR;0;2022-04-15;1773;3279;15491;35227;14736;54346680;51654307;36240278;785660;39566099
FR;0;2022-04-16;1029;1810;6365;8516;6218;54347709;51656117;36246643;794176;39572317
FR;0;2022-04-17;183;316;989;1154;1027;54347892;51656433;36247632;795330;39573344
FR;0;2022-04-18;145;434;2731;1035;2748;54348037;51656867;36250363;796365;39576092
FR;0;2022-04-19;1462;2895;12836;29387;12342;54349499;51659762;36263199;825752;39588434
FR;0;2022-04-20;1896;3328;13174;28764;12838;54351395;51663090;36276373;854516;39601272
FR;0;2022-04-21;1469;2718;12412;34690;12429;54352864;51665808;36288785;889206;39613701
FR;0;2022-04-22;1816;3458;16390;37400;15755;54354680;51669266;36305175;926606;39629456
FR;0;2022-04-23;1121;2030;7352;10634;7199;54355801;51671296;36312527;937240;39636655
FR;0;2022-04-24;237;441;1468;1578;1402;54356038;51671737;36313995;938818;39638057
FR;0;2022-04-25;1247;2435;10628;20820;10418;54357285;51674172;36324623;959638;39648475
FR;0;2022-04-26;1558;2943;13567;38149;13007;54358843;51677115;36338190;997787;39661482
FR;0;2022-04-27;1902;2997;11431;30479;11485;54360745;51680112;36349621;1028266;39672967
FR;0;2022-04-28;1517;2636;12406;35684;12127;54362262;51682748;36362027;1063950;39685094
FR;0;2022-04-29;1944;3420;15378;36825;14729;54364206;51686168;36377405;1100775;39699823
FR;0;2022-04-30;1177;1796;6786;9643;6612;54365383;51687964;36384191;1110418;39706435
FR;0;2022-05-01;184;295;884;953;880;54365567;51688259;36385075;1111371;39707315
FR;0;2022-05-02;1135;2102;10873;17792;10633;54366702;51690361;36395948;1129163;39717948
FR;0;2022-05-03;1705;2858;13321;34112;13172;54368407;51693219;36409269;1163275;39731120
FR;0;2022-05-04;1788;2928;11684;25194;11788;54370195;51696147;36420953;1188469;39742908
FR;0;2022-05-05;1589;2607;12182;32908;11930;54371784;51698754;36433135;1221377;39754838
FR;0;2022-05-06;2032;3494;15066;36394;14543;54373816;51702248;36448201;1257771;39769381
FR;0;2022-05-07;1162;1744;6377;9558;6365;54374978;51703992;36454578;1267329;39775746
FR;0;2022-05-08;253;378;1150;1521;1203;54375231;51704370;36455728;1268850;39776949
FR;0;2022-05-09;1227;2099;9699;19938;9568;54376458;51706469;36465427;1288788;39786517
FR;0;2022-05-10;1613;2825;13069;38267;12643;54378071;51709294;36478496;1327055;39799160
FR;0;2022-05-11;1902;2682;10397;27438;10301;54379973;51711976;36488893;1354493;39809461
FR;0;2022-05-12;1494;2466;10964;34941;10594;54381467;51714442;36499857;1389434;39820055
FR;0;2022-05-13;1899;3079;13479;37259;13078;54383366;51717521;36513336;1426693;39833133
FR;0;2022-05-14;1111;1566;5665;10662;5520;54384477;51719087;36519001;1437355;39838653
FR;0;2022-05-15;259;402;1141;1417;1232;54384736;51719489;36520142;1438772;39839885
FR;0;2022-05-16;1116;1867;7943;20480;7942;54385852;51721356;36528085;1459252;39847827
FR;0;2022-05-17;1508;2414;10981;36956;10572;54387360;51723770;36539066;1496208;39858399
FR;0;2022-05-18;1713;2429;8754;26628;8724;54389073;51726199;36547820;1522836;39867123
FR;0;2022-05-19;1365;2430;9678;34520;9652;54390438;51728629;36557498;1557356;39876775
FR;0;2022-05-20;1805;2871;12237;38645;11761;54392243;51731500;36569735;1596001;39888536
FR;0;2022-05-21;1127;1624;5081;9700;4995;54393370;51733124;36574816;1605701;39893531
FR;0;2022-05-22;222;313;983;1338;967;54393592;51733437;36575799;1607039;39894498
FR;0;2022-05-23;1072;1841;7235;19646;7194;54394664;51735278;36583034;1626685;39901692
FR;0;2022-05-24;1455;2555;10159;37289;9977;54396119;51737833;36593193;1663974;39911669
FR;0;2022-05-25;1727;2617;8425;24057;8556;54397846;51740450;36601618;1688031;39920225
FR;0;2022-05-26;162;258;774;1025;815;54398008;51740708;36602392;1689056;39921040
FR;0;2022-05-27;1286;2229;7999;20822;7801;54399294;51742937;36610391;1709878;39928841
FR;0;2022-05-28;620;1180;3493;6668;3555;54399914;51744117;36613884;1716546;39932396
FR;0;2022-05-29;135;279;695;832;702;54400049;51744396;36614579;1717378;39933098
FR;0;2022-05-30;947;1762;6058;18313;6019;54400996;51746158;36620637;1735691;39939117
FR;0;2022-05-31;1352;2214;8966;33357;8810;54402348;51748372;36629603;1769048;39947927
