fra;vaccin;jour;n_dose1;n_dose2;n_cum_dose1;n_cum_dose2
FR;1;2020-12-27;261;0;261;0
FR;1;2020-12-28;282;0;543;0
FR;1;2020-12-29;208;0;751;0
FR;1;2020-12-30;252;0;1003;0
FR;1;2020-12-31;189;0;1192;0
FR;1;2021-01-01;208;0;1400;0
FR;1;2021-01-02;164;0;1564;0
FR;1;2021-01-03;195;0;1759;0
FR;1;2021-01-04;1655;0;3414;0
FR;1;2021-01-05;5609;0;9023;0
FR;1;2021-01-06;11507;0;20530;0
FR;1;2021-01-07;28953;0;49483;0
FR;1;2021-01-08;36625;0;86108;0
FR;1;2021-01-09;11037;0;97145;0
FR;1;2021-01-10;5733;0;102878;0
FR;1;2021-01-11;39504;0;142382;0
FR;1;2021-01-12;61521;0;203903;0
FR;1;2021-01-13;64467;0;268370;0
FR;1;2021-01-14;80681;0;349051;0
FR;1;2021-01-15;68044;0;417095;0
FR;1;2021-01-16;19721;77;436816;77
FR;1;2021-01-17;10644;42;447460;119
FR;1;2021-01-18;82186;161;529646;280
FR;1;2021-01-19;125144;125;654790;405
FR;1;2021-01-20;131586;156;786376;561
FR;1;2021-01-21;151946;132;938322;693
FR;1;2021-01-22;115109;160;1053431;853
FR;1;2021-01-23;36342;50;1089773;903
FR;1;2021-01-24;9387;27;1099160;930
FR;1;2021-01-25;73849;1215;1173009;2145
FR;1;2021-01-26;95902;3108;1268911;5253
FR;1;2021-01-27;103073;5593;1371984;10846
FR;1;2021-01-28;119944;14356;1491928;25202
FR;1;2021-01-29;88364;17281;1580292;42483
FR;1;2021-01-30;27789;4223;1608081;46706
FR;1;2021-01-31;5009;1679;1613090;48385
FR;1;2021-02-01;48785;21120;1661875;69505
FR;1;2021-02-02;67032;34557;1728907;104062
FR;1;2021-02-03;66510;36954;1795417;141016
FR;1;2021-02-04;76453;50038;1871870;191054
FR;1;2021-02-05;62944;45323;1934814;236377
FR;1;2021-02-06;19194;10393;1954008;246770
FR;1;2021-02-07;3530;5041;1957538;251811
FR;1;2021-02-08;36104;45962;1993642;297773
FR;1;2021-02-09;50391;72383;2044033;370156
FR;1;2021-02-10;51366;76667;2095399;446823
FR;1;2021-02-11;62832;99070;2158231;545893
FR;1;2021-02-12;55337;73973;2213568;619866
FR;1;2021-02-13;15277;19262;2228845;639128
FR;1;2021-02-14;3527;7190;2232372;646318
FR;1;2021-02-15;23803;73432;2256175;719750
FR;1;2021-02-16;32340;96841;2288515;816591
FR;1;2021-02-17;34655;98583;2323170;915174
FR;1;2021-02-18;48823;113423;2371993;1028597
FR;1;2021-02-19;44930;86418;2416923;1115015
FR;1;2021-02-20;13198;26912;2430121;1141927
FR;1;2021-02-21;2254;6286;2432375;1148213
FR;1;2021-02-22;24319;69414;2456694;1217627
FR;1;2021-02-23;37001;80353;2493695;1297980
FR;1;2021-02-24;40066;77646;2533761;1375626
FR;1;2021-02-25;49601;87947;2583362;1463573
FR;1;2021-02-26;46629;67884;2629991;1531457
FR;1;2021-02-27;15408;20930;2645399;1552387
FR;1;2021-02-28;3350;4385;2648749;1556772
FR;1;2021-03-01;39249;49010;2687998;1605782
FR;1;2021-03-02;55269;61509;2743267;1667291
FR;1;2021-03-03;60231;60645;2803498;1727936
FR;1;2021-03-04;72143;64893;2875641;1792829
FR;1;2021-03-05;73875;59259;2949516;1852088
FR;1;2021-03-06;81933;16083;3031449;1868171
FR;1;2021-03-07;63322;5412;3094771;1873583
FR;1;2021-03-08;59412;42460;3154183;1916043
FR;1;2021-03-09;85210;48315;3239393;1964358
FR;1;2021-03-10;89856;48062;3329249;2012420
FR;1;2021-03-11;104022;53852;3433271;2066272
FR;1;2021-03-12;103180;45290;3536451;2111562
FR;1;2021-03-13;88397;12743;3624848;2124305
FR;1;2021-03-14;44048;3028;3668896;2127333
FR;1;2021-03-15;94592;29119;3763488;2156452
FR;1;2021-03-16;122804;34891;3886292;2191343
FR;1;2021-03-17;128514;34829;4014806;2226172
FR;1;2021-03-18;141977;39708;4156783;2265880
FR;1;2021-03-19;135389;32898;4292172;2298778
FR;1;2021-03-20;75478;10208;4367650;2308986
FR;1;2021-03-21;26107;2475;4393757;2311461
FR;1;2021-03-22;113869;31174;4507626;2342635
FR;1;2021-03-23;142048;38168;4649674;2380803
FR;1;2021-03-24;140996;38772;4790670;2419575
FR;1;2021-03-25;164047;39617;4954717;2459192
FR;1;2021-03-26;165549;37486;5120266;2496678
FR;1;2021-03-27;110375;15253;5230641;2511931
FR;1;2021-03-28;41996;3621;5272637;2515552
FR;1;2021-03-29;129166;49949;5401803;2565501
FR;1;2021-03-30;166727;63578;5568530;2629079
FR;1;2021-03-31;169938;66897;5738468;2695976
FR;1;2021-04-01;192765;79242;5931233;2775218
FR;1;2021-04-02;163436;84310;6094669;2859528
FR;1;2021-04-03;87563;58170;6182232;2917698
FR;1;2021-04-04;32623;17732;6214855;2935430
FR;1;2021-04-05;42926;10176;6257781;2945606
FR;1;2021-04-06;158984;100869;6416765;3046475
FR;1;2021-04-07;195425;108246;6612190;3154721
FR;1;2021-04-08;220275;112379;6832465;3267100
FR;1;2021-04-09;212988;107498;7045453;3374598
FR;1;2021-04-10;116420;73455;7161873;3448053
FR;1;2021-04-11;40377;30281;7202250;3478334
FR;1;2021-04-12;167293;103779;7369543;3582113
FR;1;2021-04-13;202324;128239;7571867;3710352
FR;1;2021-04-14;206716;122802;7778583;3833154
FR;1;2021-04-15;219517;126754;7998100;3959908
FR;1;2021-04-16;204850;125139;8202950;4085047
FR;1;2021-04-17;121405;67479;8324355;4152526
FR;1;2021-04-18;35496;20992;8359851;4173518
FR;1;2021-04-19;162589;121907;8522440;4295425
FR;1;2021-04-20;187903;148765;8710343;4444190
FR;1;2021-04-21;192534;146704;8902877;4590894
FR;1;2021-04-22;207515;162630;9110392;4753524
FR;1;2021-04-23;197705;156925;9308097;4910449
FR;1;2021-04-24;125489;95502;9433586;5005951
FR;1;2021-04-25;53132;30130;9486718;5036081
FR;1;2021-04-26;180071;138264;9666789;5174345
FR;1;2021-04-27;219967;161967;9886756;5336312
FR;1;2021-04-28;236920;155101;10123676;5491413
FR;1;2021-04-29;268605;160055;10392281;5651468
FR;1;2021-04-30;270343;148144;10662624;5799612
FR;1;2021-05-01;138898;40708;10801522;5840320
FR;1;2021-05-02;80775;28150;10882297;5868470
FR;1;2021-05-03;248200;146452;11130497;6014922
FR;1;2021-05-04;263420;186830;11393917;6201752
FR;1;2021-05-05;280426;184559;11674343;6386311
FR;1;2021-05-06;306975;183019;11981318;6569330
FR;1;2021-05-07;281941;195719;12263259;6765049
FR;1;2021-05-08;190514;48335;12453773;6813384
FR;1;2021-05-09;113438;36212;12567211;6849596
FR;1;2021-05-10;254356;194248;12821567;7043844
FR;1;2021-05-11;316392;211387;13137959;7255231
FR;1;2021-05-12;353465;185891;13491424;7441122
FR;1;2021-05-13;280979;47647;13772403;7488769
FR;1;2021-05-14;367549;128848;14139952;7617617
FR;1;2021-05-15;295243;66142;14435195;7683759
FR;1;2021-05-16;156787;15578;14591982;7699337
FR;1;2021-05-17;316626;116684;14908608;7816021
FR;1;2021-05-18;379805;111321;15288413;7927342
FR;1;2021-05-19;392668;102909;15681081;8030251
FR;1;2021-05-20;418678;96313;16099759;8126564
FR;1;2021-05-21;397171;97373;16496930;8223937
FR;1;2021-05-22;274178;42083;16771108;8266020
FR;1;2021-05-23;122357;11209;16893465;8277229
FR;1;2021-05-24;242660;26305;17136125;8303534
FR;1;2021-05-25;363672;131936;17499797;8435470
FR;1;2021-05-26;378427;125692;17878224;8561162
FR;1;2021-05-27;403733;128216;18281957;8689378
FR;1;2021-05-28;363918;145542;18645875;8834920
FR;1;2021-05-29;252809;80975;18898684;8915895
FR;1;2021-05-30;100273;22572;18998957;8938467
FR;1;2021-05-31;312517;148814;19311474;9087281
FR;1;2021-06-01;353693;166788;19665167;9254069
FR;1;2021-06-02;358233;153259;20023400;9407328
FR;1;2021-06-03;384569;147763;20407969;9555091
FR;1;2021-06-04;359796;175672;20767765;9730763
FR;1;2021-06-05;256431;112796;21024196;9843559
FR;1;2021-06-06;125223;37538;21149419;9881097
FR;1;2021-06-07;296209;208214;21445628;10089311
FR;1;2021-06-08;327319;221094;21772947;10310405
FR;1;2021-06-09;332598;212688;22105545;10523093
FR;1;2021-06-10;338400;202299;22443945;10725392
FR;1;2021-06-11;309368;235550;22753313;10960942
FR;1;2021-06-12;242338;150860;22995651;11111802
FR;1;2021-06-13;99477;61083;23095128;11172885
FR;1;2021-06-14;205420;289189;23300548;11462074
FR;1;2021-06-15;253619;282569;23554167;11744643
FR;1;2021-06-16;270566;270593;23824733;12015236
FR;1;2021-06-17;265262;244537;24089995;12259773
FR;1;2021-06-18;258288;296151;24348283;12555924
FR;1;2021-06-19;192330;209704;24540613;12765628
FR;1;2021-06-20;68869;89195;24609482;12854823
FR;1;2021-06-21;170190;320168;24779672;13174991
FR;1;2021-06-22;183630;347849;24963302;13522840
FR;1;2021-06-23;201654;339569;25164956;13862409
FR;1;2021-06-24;201204;281913;25366160;14144322
FR;1;2021-06-25;179859;372058;25546019;14516380
FR;1;2021-06-26;130326;278520;25676345;14794900
FR;1;2021-06-27;51832;123058;25728177;14917958
FR;1;2021-06-28;134961;368553;25863138;15286511
FR;1;2021-06-29;153294;389714;26016432;15676225
FR;1;2021-06-30;178054;378461;26194486;16054686
FR;1;2021-07-01;192254;332315;26386740;16387001
FR;1;2021-07-02;187107;367934;26573847;16754935
FR;1;2021-07-03;122666;280673;26696513;17035608
FR;1;2021-07-04;53184;113780;26749697;17149388
FR;1;2021-07-05;149380;356361;26899077;17505749
FR;1;2021-07-06;169762;382868;27068839;17888617
FR;1;2021-07-07;185720;362897;27254559;18251514
FR;1;2021-07-08;197993;323238;27452552;18574752
FR;1;2021-07-09;186458;386862;27639010;18961614
FR;1;2021-07-10;128274;281106;27767284;19242720
FR;1;2021-07-11;57000;102516;27824284;19345236
FR;1;2021-07-12;146250;417163;27970534;19762399
FR;1;2021-07-13;230888;439859;28201422;20202258
FR;1;2021-07-14;169310;151693;28370732;20353951
FR;1;2021-07-15;275592;424925;28646324;20778876
FR;1;2021-07-16;285888;401549;28932212;21180425
FR;1;2021-07-17;215053;282414;29147265;21462839
FR;1;2021-07-18;101287;107492;29248552;21570331
FR;1;2021-07-19;234840;379594;29483392;21949925
FR;1;2021-07-20;302196;381449;29785588;22331374
FR;1;2021-07-21;329863;353949;30115451;22685323
FR;1;2021-07-22;361217;319672;30476668;23004995
FR;1;2021-07-23;344174;343325;30820842;23348320
FR;1;2021-07-24;237500;241476;31058342;23589796
FR;1;2021-07-25;111936;76182;31170278;23665978
FR;1;2021-07-26;296242;290597;31466520;23956575
FR;1;2021-07-27;381461;269146;31847981;24225721
FR;1;2021-07-28;384352;251723;32232333;24477444
FR;1;2021-07-29;401925;228123;32634258;24705567
FR;1;2021-07-30;364266;246887;32998524;24952454
FR;1;2021-07-31;241416;165097;33239940;25117551
FR;1;2021-08-01;102003;47283;33341943;25164834
FR;1;2021-08-02;278087;212959;33620030;25377793
FR;1;2021-08-03;320712;209558;33940742;25587351
FR;1;2021-08-04;318486;184653;34259228;25772004
FR;1;2021-08-05;293994;193494;34553222;25965498
FR;1;2021-08-06;283210;224953;34836432;26190451
FR;1;2021-08-07;179279;159193;35015711;26349644
FR;1;2021-08-08;66749;59260;35082460;26408904
FR;1;2021-08-09;216224;236546;35298684;26645450
FR;1;2021-08-10;245477;241342;35544161;26886792
FR;1;2021-08-11;229946;233054;35774107;27119846
FR;1;2021-08-12;214811;240122;35988918;27359968
FR;1;2021-08-13;194830;237003;36183748;27596971
FR;1;2021-08-14;118625;174851;36302373;27771822
FR;1;2021-08-15;33201;46256;36335574;27818078
FR;1;2021-08-16;150033;290218;36485607;28108296
FR;1;2021-08-17;166759;292061;36652366;28400357
FR;1;2021-08-18;156873;287126;36809239;28687483
FR;1;2021-08-19;144484;277518;36953723;28965001
FR;1;2021-08-20;134572;307942;37088295;29272943
FR;1;2021-08-21;82217;213246;37170512;29486189
FR;1;2021-08-22;27759;82766;37198271;29568955
FR;1;2021-08-23;114103;321097;37312374;29890052
FR;2;2020-12-27;0;0;0;0
FR;2;2020-12-28;0;0;0;0
FR;2;2020-12-29;0;0;0;0
FR;2;2020-12-30;0;0;0;0
FR;2;2020-12-31;0;0;0;0
FR;2;2021-01-01;0;0;0;0
FR;2;2021-01-02;0;0;0;0
FR;2;2021-01-03;0;0;0;0
FR;2;2021-01-04;0;0;0;0
FR;2;2021-01-05;0;0;0;0
FR;2;2021-01-06;0;0;0;0
FR;2;2021-01-07;0;0;0;0
FR;2;2021-01-08;0;0;0;0
FR;2;2021-01-09;0;0;0;0
FR;2;2021-01-10;0;0;0;0
FR;2;2021-01-11;0;0;0;0
FR;2;2021-01-12;0;0;0;0
FR;2;2021-01-13;0;0;0;0
FR;2;2021-01-14;713;0;713;0
FR;2;2021-01-15;277;0;990;0
FR;2;2021-01-16;234;0;1224;0
FR;2;2021-01-17;34;0;1258;0
FR;2;2021-01-18;2989;0;4247;0
FR;2;2021-01-19;4580;0;8827;0
FR;2;2021-01-20;5004;0;13831;0
FR;2;2021-01-21;5203;0;19034;0
FR;2;2021-01-22;4977;0;24011;0
FR;2;2021-01-23;1777;0;25788;0
FR;2;2021-01-24;122;0;25910;0
FR;2;2021-01-25;3715;0;29625;0
FR;2;2021-01-26;3800;0;33425;0
FR;2;2021-01-27;3486;0;36911;0
FR;2;2021-01-28;3595;0;40506;0
FR;2;2021-01-29;3151;0;43657;0
FR;2;2021-01-30;1086;0;44743;0
FR;2;2021-01-31;14;0;44757;0
FR;2;2021-02-01;3306;0;48063;0
FR;2;2021-02-02;4360;0;52423;0
FR;2;2021-02-03;5082;0;57505;0
FR;2;2021-02-04;4798;3;62303;3
FR;2;2021-02-05;4680;6;66983;9
FR;2;2021-02-06;1961;3;68944;12
FR;2;2021-02-07;55;0;68999;12
FR;2;2021-02-08;7463;8;76462;20
FR;2;2021-02-09;8304;15;84766;35
FR;2;2021-02-10;9201;50;93967;85
FR;2;2021-02-11;10125;66;104092;151
FR;2;2021-02-12;9897;238;113989;389
FR;2;2021-02-13;3055;221;117044;610
FR;2;2021-02-14;316;0;117360;610
FR;2;2021-02-15;3387;3067;120747;3677
FR;2;2021-02-16;4983;3880;125730;7557
FR;2;2021-02-17;4158;4402;129888;11959
FR;2;2021-02-18;5301;5089;135189;17048
FR;2;2021-02-19;5245;4323;140434;21371
FR;2;2021-02-20;1797;1509;142231;22880
FR;2;2021-02-21;213;86;142444;22966
FR;2;2021-02-22;3550;3722;145994;26688
FR;2;2021-02-23;4862;3693;150856;30381
FR;2;2021-02-24;4881;3468;155737;33849
FR;2;2021-02-25;5359;3426;161096;37275
FR;2;2021-02-26;4273;3124;165369;40399
FR;2;2021-02-27;1548;1042;166917;41441
FR;2;2021-02-28;131;28;167048;41469
FR;2;2021-03-01;5023;3764;172071;45233
FR;2;2021-03-02;6383;4727;178454;49960
FR;2;2021-03-03;6378;4882;184832;54842
FR;2;2021-03-04;8217;3966;193049;58808
FR;2;2021-03-05;7859;4058;200908;62866
FR;2;2021-03-06;4678;1683;205586;64549
FR;2;2021-03-07;2324;29;207910;64578
FR;2;2021-03-08;4043;8311;211953;72889
FR;2;2021-03-09;7354;8430;219307;81319
FR;2;2021-03-10;6943;9108;226250;90427
FR;2;2021-03-11;9210;9207;235460;99634
FR;2;2021-03-12;7811;8161;243271;107795
FR;2;2021-03-13;9944;2510;253215;110305
FR;2;2021-03-14;4796;402;258011;110707
FR;2;2021-03-15;10747;3483;268758;114190
FR;2;2021-03-16;16600;4621;285358;118811
FR;2;2021-03-17;20041;3952;305399;122763
FR;2;2021-03-18;23127;4907;328526;127670
FR;2;2021-03-19;23094;4537;351620;132207
FR;2;2021-03-20;25291;1539;376911;133746
FR;2;2021-03-21;17561;147;394472;133893
FR;2;2021-03-22;17574;3079;412046;136972
FR;2;2021-03-23;22449;4184;434495;141156
FR;2;2021-03-24;23727;4985;458222;146141
FR;2;2021-03-25;26495;5018;484717;151159
FR;2;2021-03-26;26746;4262;511463;155421
FR;2;2021-03-27;15785;1308;527248;156729
FR;2;2021-03-28;10491;92;537739;156821
FR;2;2021-03-29;18804;4278;556543;161099
FR;2;2021-03-30;24320;6019;580863;167118
FR;2;2021-03-31;28330;5954;609193;173072
FR;2;2021-04-01;34253;8479;643446;181551
FR;2;2021-04-02;29746;7685;673192;189236
FR;2;2021-04-03;16828;3581;690020;192817
FR;2;2021-04-04;9226;918;699246;193735
FR;2;2021-04-05;12254;807;711500;194542
FR;2;2021-04-06;26927;6926;738427;201468
FR;2;2021-04-07;30713;7156;769140;208624
FR;2;2021-04-08;36659;8818;805799;217442
FR;2;2021-04-09;33578;8593;839377;226035
FR;2;2021-04-10;19551;8969;858928;235004
FR;2;2021-04-11;7849;4271;866777;239275
FR;2;2021-04-12;16950;11252;883727;250527
FR;2;2021-04-13;19274;16425;903001;266952
FR;2;2021-04-14;17818;16279;920819;283231
FR;2;2021-04-15;21983;20755;942802;303986
FR;2;2021-04-16;20519;20076;963321;324062
FR;2;2021-04-17;13130;22461;976451;346523
FR;2;2021-04-18;5830;14403;982281;360926
FR;2;2021-04-19;16596;16254;998877;377180
FR;2;2021-04-20;19083;21577;1017960;398757
FR;2;2021-04-21;20025;21665;1037985;420422
FR;2;2021-04-22;23558;24853;1061543;445275
FR;2;2021-04-23;24319;25349;1085862;470624
FR;2;2021-04-24;25148;15104;1111010;485728
FR;2;2021-04-25;9532;8589;1120542;494317
FR;2;2021-04-26;16985;17198;1137527;511515
FR;2;2021-04-27;19092;24300;1156619;535815
FR;2;2021-04-28;22162;26180;1178781;561995
FR;2;2021-04-29;25278;30130;1204059;592125
FR;2;2021-04-30;25396;27775;1229455;619900
FR;2;2021-05-01;14860;9858;1244315;629758
FR;2;2021-05-02;6561;9183;1250876;638941
FR;2;2021-05-03;19813;19316;1270689;658257
FR;2;2021-05-04;18117;29054;1288806;687311
FR;2;2021-05-05;18088;29409;1306894;716720
FR;2;2021-05-06;23310;35287;1330204;752007
FR;2;2021-05-07;25044;33224;1355248;785231
FR;2;2021-05-08;21140;9701;1376388;794932
FR;2;2021-05-09;13061;7893;1389449;802825
FR;2;2021-05-10;32623;22217;1422072;825042
FR;2;2021-05-11;43329;21072;1465401;846114
FR;2;2021-05-12;49666;19896;1515067;866010
FR;2;2021-05-13;50974;5766;1566041;871776
FR;2;2021-05-14;60992;12953;1627033;884729
FR;2;2021-05-15;65605;7148;1692638;891877
FR;2;2021-05-16;43328;2575;1735966;894452
FR;2;2021-05-17;44438;12585;1780404;907037
FR;2;2021-05-18;54286;12244;1834690;919281
FR;2;2021-05-19;56823;10612;1891513;929893
FR;2;2021-05-20;63029;10875;1954542;940768
FR;2;2021-05-21;63921;11664;2018463;952432
FR;2;2021-05-22;61225;4513;2079688;956945
FR;2;2021-05-23;37313;570;2117001;957515
FR;2;2021-05-24;17014;2030;2134015;959545
FR;2;2021-05-25;20813;12237;2154828;971782
FR;2;2021-05-26;19587;11457;2174415;983239
FR;2;2021-05-27;22672;12663;2197087;995902
FR;2;2021-05-28;29103;14977;2226190;1010879
FR;2;2021-05-29;30228;8180;2256418;1019059
FR;2;2021-05-30;4559;1812;2260977;1020871
FR;2;2021-05-31;28370;18750;2289347;1039621
FR;2;2021-06-01;45280;20068;2334627;1059689
FR;2;2021-06-02;37160;19309;2371787;1078998
FR;2;2021-06-03;50948;23384;2422735;1102382
FR;2;2021-06-04;65229;24097;2487964;1126479
FR;2;2021-06-05;34298;24041;2522262;1150520
FR;2;2021-06-06;4833;6203;2527095;1156723
FR;2;2021-06-07;27919;23099;2555014;1179822
FR;2;2021-06-08;46093;22959;2601107;1202781
FR;2;2021-06-09;34053;20912;2635160;1223693
FR;2;2021-06-10;42387;19155;2677547;1242848
FR;2;2021-06-11;55075;25249;2732622;1268097
FR;2;2021-06-12;30412;19815;2763034;1287912
FR;2;2021-06-13;3234;9189;2766268;1297101
FR;2;2021-06-14;25098;24188;2791366;1321289
FR;2;2021-06-15;38772;22889;2830138;1344178
FR;2;2021-06-16;29974;21486;2860112;1365664
FR;2;2021-06-17;36674;25901;2896786;1391565
FR;2;2021-06-18;46670;28800;2943456;1420365
FR;2;2021-06-19;24414;24918;2967870;1445283
FR;2;2021-06-20;2694;10072;2970564;1455355
FR;2;2021-06-21;17305;42776;2987869;1498131
FR;2;2021-06-22;28166;49619;3016035;1547750
FR;2;2021-06-23;21627;49620;3037662;1597370
FR;2;2021-06-24;28221;50314;3065883;1647684
FR;2;2021-06-25;33235;60437;3099118;1708121
FR;2;2021-06-26;16255;59292;3115373;1767413
FR;2;2021-06-27;2508;29358;3117881;1796771
FR;2;2021-06-28;12487;54387;3130368;1851158
FR;2;2021-06-29;19743;59910;3150111;1911068
FR;2;2021-06-30;16189;57790;3166300;1968858
FR;2;2021-07-01;20151;59921;3186451;2028779
FR;2;2021-07-02;23830;62227;3210281;2091006
FR;2;2021-07-03;11969;57110;3222250;2148116
FR;2;2021-07-04;1899;23335;3224149;2171451
FR;2;2021-07-05;8931;29372;3233080;2200823
FR;2;2021-07-06;14315;36214;3247395;2237037
FR;2;2021-07-07;14052;33694;3261447;2270731
FR;2;2021-07-08;19344;40305;3280791;2311036
FR;2;2021-07-09;26834;54289;3307625;2365325
FR;2;2021-07-10;13230;33684;3320855;2399009
FR;2;2021-07-11;1630;4329;3322485;2403338
FR;2;2021-07-12;12724;37289;3335209;2440627
FR;2;2021-07-13;36849;53294;3372058;2493921
FR;2;2021-07-14;6367;3579;3378425;2497500
FR;2;2021-07-15;46866;47067;3425291;2544567
FR;2;2021-07-16;63941;55892;3489232;2600459
FR;2;2021-07-17;31340;23964;3520572;2624423
FR;2;2021-07-18;5970;4946;3526542;2629369
FR;2;2021-07-19;32676;28744;3559218;2658113
FR;2;2021-07-20;51645;44609;3610863;2702722
FR;2;2021-07-21;44847;34845;3655710;2737567
FR;2;2021-07-22;55769;41119;3711479;2778686
FR;2;2021-07-23;67821;49153;3779300;2827839
FR;2;2021-07-24;35846;21565;3815146;2849404
FR;2;2021-07-25;6576;2680;3821722;2852084
FR;2;2021-07-26;35868;22527;3857590;2874611
FR;2;2021-07-27;61745;34680;3919335;2909291
FR;2;2021-07-28;54724;26500;3974059;2935791
FR;2;2021-07-29;67695;32809;4041754;2968600
FR;2;2021-07-30;73495;37800;4115249;3006400
FR;2;2021-07-31;34200;16168;4149449;3022568
FR;2;2021-08-01;5112;2308;4154561;3024876
FR;2;2021-08-02;34859;16198;4189420;3041074
FR;2;2021-08-03;55024;28261;4244444;3069335
FR;2;2021-08-04;45771;20867;4290215;3090202
FR;2;2021-08-05;53560;31610;4343775;3121812
FR;2;2021-08-06;57032;42386;4400807;3164198
FR;2;2021-08-07;24532;17598;4425339;3181796
FR;2;2021-08-08;3663;3669;4429002;3185465
FR;2;2021-08-09;28589;21156;4457591;3206621
FR;2;2021-08-10;44186;33554;4501777;3240175
FR;2;2021-08-11;34621;25157;4536398;3265332
FR;2;2021-08-12;41105;35757;4577503;3301089
FR;2;2021-08-13;41595;36314;4619098;3337403
FR;2;2021-08-14;17997;22649;4637095;3360052
FR;2;2021-08-15;2741;3846;4639836;3363898
FR;2;2021-08-16;24361;27393;4664197;3391291
FR;2;2021-08-17;37506;43551;4701703;3434842
FR;2;2021-08-18;31537;36419;4733240;3471261
FR;2;2021-08-19;36698;46592;4769938;3517853
FR;2;2021-08-20;39357;55513;4809295;3573366
FR;2;2021-08-21;17405;24270;4826700;3597636
FR;2;2021-08-22;2677;4316;4829377;3601952
FR;2;2021-08-23;18125;35140;4847502;3637092
FR;3;2020-12-27;0;0;0;0
FR;3;2020-12-28;0;0;0;0
FR;3;2020-12-29;0;0;0;0
FR;3;2020-12-30;0;0;0;0
FR;3;2020-12-31;0;0;0;0
FR;3;2021-01-01;0;0;0;0
FR;3;2021-01-02;0;0;0;0
FR;3;2021-01-03;0;0;0;0
FR;3;2021-01-04;0;0;0;0
FR;3;2021-01-05;0;0;0;0
FR;3;2021-01-06;0;0;0;0
FR;3;2021-01-07;0;0;0;0
FR;3;2021-01-08;0;0;0;0
FR;3;2021-01-09;0;0;0;0
FR;3;2021-01-10;0;0;0;0
FR;3;2021-01-11;0;0;0;0
FR;3;2021-01-12;0;0;0;0
FR;3;2021-01-13;0;0;0;0
FR;3;2021-01-14;0;0;0;0
FR;3;2021-01-15;0;0;0;0
FR;3;2021-01-16;0;0;0;0
FR;3;2021-01-17;0;0;0;0
FR;3;2021-01-18;0;0;0;0
FR;3;2021-01-19;0;0;0;0
FR;3;2021-01-20;0;0;0;0
FR;3;2021-01-21;0;0;0;0
FR;3;2021-01-22;0;0;0;0
FR;3;2021-01-23;0;0;0;0
FR;3;2021-01-24;0;0;0;0
FR;3;2021-01-25;0;0;0;0
FR;3;2021-01-26;0;0;0;0
FR;3;2021-01-27;0;0;0;0
FR;3;2021-01-28;0;0;0;0
FR;3;2021-01-29;0;0;0;0
FR;3;2021-01-30;0;0;0;0
FR;3;2021-01-31;0;0;0;0
FR;3;2021-02-01;0;0;0;0
FR;3;2021-02-02;0;0;0;0
FR;3;2021-02-03;0;0;0;0
FR;3;2021-02-04;0;0;0;0
FR;3;2021-02-05;0;0;0;0
FR;3;2021-02-06;693;0;693;0
FR;3;2021-02-07;1371;0;2064;0
FR;3;2021-02-08;2687;0;4751;0
FR;3;2021-02-09;6687;0;11438;0
FR;3;2021-02-10;9433;0;20871;0
FR;3;2021-02-11;13455;0;34326;0
FR;3;2021-02-12;13163;0;47489;0
FR;3;2021-02-13;3574;0;51063;0
FR;3;2021-02-14;895;0;51958;0
FR;3;2021-02-15;10238;0;62196;0
FR;3;2021-02-16;12316;0;74512;0
FR;3;2021-02-17;10942;0;85454;0
FR;3;2021-02-18;14710;0;100164;0
FR;3;2021-02-19;14207;0;114371;0
FR;3;2021-02-20;3221;0;117592;0
FR;3;2021-02-21;566;0;118158;0
FR;3;2021-02-22;9010;0;127168;0
FR;3;2021-02-23;11213;0;138381;0
FR;3;2021-02-24;14063;0;152444;0
FR;3;2021-02-25;44682;0;197126;0
FR;3;2021-02-26;61677;0;258803;0
FR;3;2021-02-27;34639;6;293442;6
FR;3;2021-02-28;2389;0;295831;6
FR;3;2021-03-01;20170;9;316001;15
FR;3;2021-03-02;38602;12;354603;27
FR;3;2021-03-03;48375;15;402978;42
FR;3;2021-03-04;81861;18;484839;60
FR;3;2021-03-05;117743;42;602582;102
FR;3;2021-03-06;120267;47;722849;149
FR;3;2021-03-07;54966;27;777815;176
FR;3;2021-03-08;42508;20;820323;196
FR;3;2021-03-09;78635;30;898958;226
FR;3;2021-03-10;80494;36;979452;262
FR;3;2021-03-11;128027;46;1107479;308
FR;3;2021-03-12;182272;67;1289751;375
FR;3;2021-03-13;131826;50;1421577;425
FR;3;2021-03-14;13927;4;1435504;429
FR;3;2021-03-15;51902;34;1487406;463
FR;3;2021-03-16;1030;13;1488436;476
FR;3;2021-03-17;779;6;1489215;482
FR;3;2021-03-18;1362;4;1490577;486
FR;3;2021-03-19;70155;36;1560732;522
FR;3;2021-03-20;64992;35;1625724;557
FR;3;2021-03-21;5614;4;1631338;561
FR;3;2021-03-22;37212;30;1668550;591
FR;3;2021-03-23;84281;49;1752831;640
FR;3;2021-03-24;90609;89;1843440;729
FR;3;2021-03-25;149687;114;1993127;843
FR;3;2021-03-26;165042;152;2158169;995
FR;3;2021-03-27;68195;88;2226364;1083
FR;3;2021-03-28;6353;19;2232717;1102
FR;3;2021-03-29;53900;59;2286617;1161
FR;3;2021-03-30;92866;87;2379483;1248
FR;3;2021-03-31;63224;81;2442707;1329
FR;3;2021-04-01;85780;99;2528487;1428
FR;3;2021-04-02;86643;143;2615130;1571
FR;3;2021-04-03;35690;108;2650820;1679
FR;3;2021-04-04;3461;15;2654281;1694
FR;3;2021-04-05;4346;21;2658627;1715
FR;3;2021-04-06;29441;72;2688068;1787
FR;3;2021-04-07;32039;59;2720107;1846
FR;3;2021-04-08;78508;232;2798615;2078
FR;3;2021-04-09;161411;405;2960026;2483
FR;3;2021-04-10;75496;329;3035522;2812
FR;3;2021-04-11;7197;42;3042719;2854
FR;3;2021-04-12;51187;195;3093906;3049
FR;3;2021-04-13;85908;309;3179814;3358
FR;3;2021-04-14;67476;337;3247290;3695
FR;3;2021-04-15;92781;363;3340071;4058
FR;3;2021-04-16;112205;567;3452276;4625
FR;3;2021-04-17;53096;320;3505372;4945
FR;3;2021-04-18;9596;32;3514968;4977
FR;3;2021-04-19;24837;228;3539805;5205
FR;3;2021-04-20;45335;390;3585140;5595
FR;3;2021-04-21;38644;442;3623784;6037
FR;3;2021-04-22;54431;780;3678215;6817
FR;3;2021-04-23;70218;1009;3748433;7826
FR;3;2021-04-24;37048;969;3785481;8795
FR;3;2021-04-25;6056;152;3791537;8947
FR;3;2021-04-26;19493;648;3811030;9595
FR;3;2021-04-27;34178;1240;3845208;10835
FR;3;2021-04-28;28718;1926;3873926;12761
FR;3;2021-04-29;45122;5946;3919048;18707
FR;3;2021-04-30;55247;8921;3974295;27628
FR;3;2021-05-01;9358;1964;3983653;29592
FR;3;2021-05-02;2913;498;3986566;30090
FR;3;2021-05-03;12810;3881;3999376;33971
FR;3;2021-05-04;22802;8428;4022178;42399
FR;3;2021-05-05;18427;10568;4040605;52967
FR;3;2021-05-06;34315;20892;4074920;73859
FR;3;2021-05-07;43927;28394;4118847;102253
FR;3;2021-05-08;6585;8878;4125432;111131
FR;3;2021-05-09;1678;2651;4127110;113782
FR;3;2021-05-10;14729;12556;4141839;126338
FR;3;2021-05-11;26790;25720;4168629;152058
FR;3;2021-05-12;17027;27447;4185656;179505
FR;3;2021-05-13;2125;3483;4187781;182988
FR;3;2021-05-14;14321;25735;4202102;208723
FR;3;2021-05-15;7044;20730;4209146;229453
FR;3;2021-05-16;877;2677;4210023;232130
FR;3;2021-05-17;7722;19907;4217745;252037
FR;3;2021-05-18;13178;29628;4230923;281665
FR;3;2021-05-19;9001;31856;4239924;313521
FR;3;2021-05-20;12526;53210;4252450;366731
FR;3;2021-05-21;12518;65528;4264968;432259
FR;3;2021-05-22;4793;33295;4269761;465554
FR;3;2021-05-23;548;2665;4270309;468219
FR;3;2021-05-24;641;4915;4270950;473134
FR;3;2021-05-25;5036;45170;4275986;518304
FR;3;2021-05-26;4719;51050;4280705;569354
FR;3;2021-05-27;6068;77832;4286773;647186
FR;3;2021-05-28;7319;99100;4294092;746286
FR;3;2021-05-29;3156;60283;4297248;806569
FR;3;2021-05-30;395;8243;4297643;814812
FR;3;2021-05-31;2165;35991;4299808;850803
FR;3;2021-06-01;3086;64812;4302894;915615
FR;3;2021-06-02;2486;58354;4305380;973969
FR;3;2021-06-03;3282;87579;4308662;1061548
FR;3;2021-06-04;3927;105119;4312589;1166667
FR;3;2021-06-05;1836;52243;4314425;1218910
FR;3;2021-06-06;304;5399;4314729;1224309
FR;3;2021-06-07;1167;31182;4315896;1255491
FR;3;2021-06-08;1775;47281;4317671;1302772
FR;3;2021-06-09;1511;42394;4319182;1345166
FR;3;2021-06-10;1951;67999;4321133;1413165
FR;3;2021-06-11;2289;96798;4323422;1509963
FR;3;2021-06-12;1032;40835;4324454;1550798
FR;3;2021-06-13;164;3823;4324618;1554621
FR;3;2021-06-14;815;42665;4325433;1597286
FR;3;2021-06-15;1189;80697;4326622;1677983
FR;3;2021-06-16;1068;65781;4327690;1743764
FR;3;2021-06-17;1465;101856;4329155;1845620
FR;3;2021-06-18;1756;117924;4330911;1963544
FR;3;2021-06-19;729;39405;4331640;2002949
FR;3;2021-06-20;88;3384;4331728;2006333
FR;3;2021-06-21;597;39290;4332325;2045623
FR;3;2021-06-22;907;70018;4333232;2115641
FR;3;2021-06-23;806;50846;4334038;2166487
FR;3;2021-06-24;1180;77216;4335218;2243703
FR;3;2021-06-25;1286;89970;4336504;2333673
FR;3;2021-06-26;545;33137;4337049;2366810
FR;3;2021-06-27;99;4027;4337148;2370837
FR;3;2021-06-28;493;30459;4337641;2401296
FR;3;2021-06-29;751;56147;4338392;2457443
FR;3;2021-06-30;778;45062;4339170;2502505
FR;3;2021-07-01;1011;65663;4340181;2568168
FR;3;2021-07-02;1179;90450;4341360;2658618
FR;3;2021-07-03;546;31195;4341906;2689813
FR;3;2021-07-04;84;4275;4341990;2694088
FR;3;2021-07-05;516;33934;4342506;2728022
FR;3;2021-07-06;817;56135;4343323;2784157
FR;3;2021-07-07;754;43085;4344077;2827242
FR;3;2021-07-08;1011;60760;4345088;2888002
FR;3;2021-07-09;1157;68840;4346245;2956842
FR;3;2021-07-10;556;25054;4346801;2981896
FR;3;2021-07-11;71;3311;4346872;2985207
FR;3;2021-07-12;529;23933;4347401;3009140
FR;3;2021-07-13;1512;34768;4348913;3043908
FR;3;2021-07-14;141;2651;4349054;3046559
FR;3;2021-07-15;1829;30700;4350883;3077259
FR;3;2021-07-16;2401;38907;4353284;3116166
FR;3;2021-07-17;973;13753;4354257;3129919
FR;3;2021-07-18;201;2610;4354458;3132529
FR;3;2021-07-19;1191;17242;4355649;3149771
FR;3;2021-07-20;1711;27173;4357360;3176944
FR;3;2021-07-21;1553;19752;4358913;3196696
FR;3;2021-07-22;1736;27806;4360649;3224502
FR;3;2021-07-23;2092;30481;4362741;3254983
FR;3;2021-07-24;754;7022;4363495;3262005
FR;3;2021-07-25;159;1353;4363654;3263358
FR;3;2021-07-26;796;10736;4364450;3274094
FR;3;2021-07-27;1052;16984;4365502;3291078
FR;3;2021-07-28;858;12136;4366360;3303214
FR;3;2021-07-29;1029;15872;4367389;3319086
FR;3;2021-07-30;1035;18112;4368424;3337198
FR;3;2021-07-31;333;3751;4368757;3340949
FR;3;2021-08-01;44;484;4368801;3341433
FR;3;2021-08-02;315;5163;4369116;3346596
FR;3;2021-08-03;410;7589;4369526;3354185
FR;3;2021-08-04;362;4893;4369888;3359078
FR;3;2021-08-05;353;3750;4370241;3362828
FR;3;2021-08-06;386;4788;4370627;3367616
FR;3;2021-08-07;160;1926;4370787;3369542
FR;3;2021-08-08;41;423;4370828;3369965
FR;3;2021-08-09;208;2521;4371036;3372486
FR;3;2021-08-10;258;3899;4371294;3376385
FR;3;2021-08-11;187;2719;4371481;3379104
FR;3;2021-08-12;208;2627;4371689;3381731
FR;3;2021-08-13;206;2252;4371895;3383983
FR;3;2021-08-14;125;937;4372020;3384920
FR;3;2021-08-15;24;161;4372044;3385081
FR;3;2021-08-16;82;1092;4372126;3386173
FR;3;2021-08-17;118;1494;4372244;3387667
FR;3;2021-08-18;132;1347;4372376;3389014
FR;3;2021-08-19;119;1428;4372495;3390442
FR;3;2021-08-20;119;1630;4372614;3392072
FR;3;2021-08-21;56;583;4372670;3392655
FR;3;2021-08-22;19;168;4372689;3392823
FR;3;2021-08-23;83;921;4372772;3393744
FR;4;2020-12-27;0;0;0;0
FR;4;2020-12-28;0;0;0;0
FR;4;2020-12-29;0;0;0;0
FR;4;2020-12-30;0;0;0;0
FR;4;2020-12-31;0;0;0;0
FR;4;2021-01-01;0;0;0;0
FR;4;2021-01-02;0;0;0;0
FR;4;2021-01-03;0;0;0;0
FR;4;2021-01-04;0;0;0;0
FR;4;2021-01-05;0;0;0;0
FR;4;2021-01-06;0;0;0;0
FR;4;2021-01-07;0;0;0;0
FR;4;2021-01-08;0;0;0;0
FR;4;2021-01-09;0;0;0;0
FR;4;2021-01-10;0;0;0;0
FR;4;2021-01-11;0;0;0;0
FR;4;2021-01-12;0;0;0;0
FR;4;2021-01-13;0;0;0;0
FR;4;2021-01-14;0;0;0;0
FR;4;2021-01-15;0;0;0;0
FR;4;2021-01-16;0;0;0;0
FR;4;2021-01-17;0;0;0;0
FR;4;2021-01-18;0;0;0;0
FR;4;2021-01-19;0;0;0;0
FR;4;2021-01-20;0;0;0;0
FR;4;2021-01-21;0;0;0;0
FR;4;2021-01-22;0;0;0;0
FR;4;2021-01-23;0;0;0;0
FR;4;2021-01-24;0;0;0;0
FR;4;2021-01-25;0;0;0;0
FR;4;2021-01-26;0;0;0;0
FR;4;2021-01-27;0;0;0;0
FR;4;2021-01-28;0;0;0;0
FR;4;2021-01-29;0;0;0;0
FR;4;2021-01-30;0;0;0;0
FR;4;2021-01-31;0;0;0;0
FR;4;2021-02-01;0;0;0;0
FR;4;2021-02-02;0;0;0;0
FR;4;2021-02-03;0;0;0;0
FR;4;2021-02-04;0;0;0;0
FR;4;2021-02-05;0;0;0;0
FR;4;2021-02-06;0;0;0;0
FR;4;2021-02-07;0;0;0;0
FR;4;2021-02-08;0;0;0;0
FR;4;2021-02-09;0;0;0;0
FR;4;2021-02-10;0;0;0;0
FR;4;2021-02-11;0;0;0;0
FR;4;2021-02-12;0;0;0;0
FR;4;2021-02-13;0;0;0;0
FR;4;2021-02-14;0;0;0;0
FR;4;2021-02-15;0;0;0;0
FR;4;2021-02-16;0;0;0;0
FR;4;2021-02-17;0;0;0;0
FR;4;2021-02-18;0;0;0;0
FR;4;2021-02-19;0;0;0;0
FR;4;2021-02-20;0;0;0;0
FR;4;2021-02-21;0;0;0;0
FR;4;2021-02-22;0;0;0;0
FR;4;2021-02-23;0;0;0;0
FR;4;2021-02-24;0;0;0;0
FR;4;2021-02-25;0;0;0;0
FR;4;2021-02-26;0;0;0;0
FR;4;2021-02-27;0;0;0;0
FR;4;2021-02-28;0;0;0;0
FR;4;2021-03-01;0;0;0;0
FR;4;2021-03-02;0;0;0;0
FR;4;2021-03-03;0;0;0;0
FR;4;2021-03-04;0;0;0;0
FR;4;2021-03-05;0;1;0;1
FR;4;2021-03-06;0;0;0;1
FR;4;2021-03-07;0;0;0;1
FR;4;2021-03-08;0;0;0;1
FR;4;2021-03-09;0;0;0;1
FR;4;2021-03-10;0;0;0;1
FR;4;2021-03-11;0;0;0;1
FR;4;2021-03-12;0;0;0;1
FR;4;2021-03-13;0;0;0;1
FR;4;2021-03-14;0;0;0;1
FR;4;2021-03-15;0;0;0;1
FR;4;2021-03-16;0;0;0;1
FR;4;2021-03-17;0;0;0;1
FR;4;2021-03-18;0;0;0;1
FR;4;2021-03-19;0;0;0;1
FR;4;2021-03-20;0;0;0;1
FR;4;2021-03-21;0;0;0;1
FR;4;2021-03-22;0;0;0;1
FR;4;2021-03-23;0;0;0;1
FR;4;2021-03-24;0;0;0;1
FR;4;2021-03-25;0;0;0;1
FR;4;2021-03-26;0;0;0;1
FR;4;2021-03-27;0;0;0;1
FR;4;2021-03-28;0;0;0;1
FR;4;2021-03-29;0;0;0;1
FR;4;2021-03-30;0;0;0;1
FR;4;2021-03-31;0;1;0;2
FR;4;2021-04-01;0;0;0;2
FR;4;2021-04-02;0;0;0;2
FR;4;2021-04-03;0;0;0;2
FR;4;2021-04-04;0;0;0;2
FR;4;2021-04-05;0;0;0;2
FR;4;2021-04-06;0;1;0;3
FR;4;2021-04-07;0;0;0;3
FR;4;2021-04-08;0;0;0;3
FR;4;2021-04-09;0;2;0;5
FR;4;2021-04-10;0;0;0;5
FR;4;2021-04-11;0;0;0;5
FR;4;2021-04-12;0;1;0;6
FR;4;2021-04-13;0;0;0;6
FR;4;2021-04-14;0;0;0;6
FR;4;2021-04-15;0;0;0;6
FR;4;2021-04-16;0;0;0;6
FR;4;2021-04-17;0;0;0;6
FR;4;2021-04-18;0;0;0;6
FR;4;2021-04-19;0;0;0;6
FR;4;2021-04-20;0;0;0;6
FR;4;2021-04-21;0;0;0;6
FR;4;2021-04-22;0;0;0;6
FR;4;2021-04-23;2373;0;2373;6
FR;4;2021-04-24;1557;0;3930;6
FR;4;2021-04-25;122;0;4052;6
FR;4;2021-04-26;2848;0;6900;6
FR;4;2021-04-27;9450;4;16350;10
FR;4;2021-04-28;9843;3;26193;13
FR;4;2021-04-29;15951;8;42144;21
FR;4;2021-04-30;19170;7;61314;28
FR;4;2021-05-01;1941;5;63255;33
FR;4;2021-05-02;458;0;63713;33
FR;4;2021-05-03;4981;1;68694;34
FR;4;2021-05-04;8308;8;77002;42
FR;4;2021-05-05;6073;5;83075;47
FR;4;2021-05-06;11302;11;94377;58
FR;4;2021-05-07;18990;9;113367;67
FR;4;2021-05-08;2287;6;115654;73
FR;4;2021-05-09;641;2;116295;75
FR;4;2021-05-10;7149;8;123444;83
FR;4;2021-05-11;14204;12;137648;95
FR;4;2021-05-12;10072;16;147720;111
FR;4;2021-05-13;1495;3;149215;114
FR;4;2021-05-14;7654;7;156869;121
FR;4;2021-05-15;3640;8;160509;129
FR;4;2021-05-16;382;1;160891;130
FR;4;2021-05-17;4378;3;165269;133
FR;4;2021-05-18;8658;10;173927;143
FR;4;2021-05-19;5585;5;179512;148
FR;4;2021-05-20;9320;6;188832;154
FR;4;2021-05-21;12636;29;201468;183
FR;4;2021-05-22;4968;12;206436;195
FR;4;2021-05-23;447;2;206883;197
FR;4;2021-05-24;976;3;207859;200
FR;4;2021-05-25;7472;16;215331;216
FR;4;2021-05-26;7619;13;222950;229
FR;4;2021-05-27;14190;34;237140;263
FR;4;2021-05-28;26376;81;263516;344
FR;4;2021-05-29;11236;20;274752;364
FR;4;2021-05-30;871;2;275623;366
FR;4;2021-05-31;12489;19;288112;385
FR;4;2021-06-01;19978;41;308090;426
FR;4;2021-06-02;14324;33;322414;459
FR;4;2021-06-03;19247;24;341661;483
FR;4;2021-06-04;22252;46;363913;529
FR;4;2021-06-05;9604;29;373517;558
FR;4;2021-06-06;945;0;374462;558
FR;4;2021-06-07;8997;16;383459;574
FR;4;2021-06-08;14418;27;397877;601
FR;4;2021-06-09;12023;24;409900;625
FR;4;2021-06-10;15183;24;425083;649
FR;4;2021-06-11;16773;52;441856;701
FR;4;2021-06-12;7318;27;449174;728
FR;4;2021-06-13;851;2;450025;730
FR;4;2021-06-14;6495;22;456520;752
FR;4;2021-06-15;10740;32;467260;784
FR;4;2021-06-16;8733;13;475993;797
FR;4;2021-06-17;10712;24;486705;821
FR;4;2021-06-18;12240;39;498945;860
FR;4;2021-06-19;5460;24;504405;884
FR;4;2021-06-20;618;2;505023;886
FR;4;2021-06-21;4913;9;509936;895
FR;4;2021-06-22;7710;18;517646;913
FR;4;2021-06-23;6940;33;524586;946
FR;4;2021-06-24;8466;31;533052;977
FR;4;2021-06-25;9921;36;542973;1013
FR;4;2021-06-26;4639;20;547612;1033
FR;4;2021-06-27;606;2;548218;1035
FR;4;2021-06-28;4581;14;552799;1049
FR;4;2021-06-29;6805;16;559604;1065
FR;4;2021-06-30;6428;36;566032;1101
FR;4;2021-07-01;7900;26;573932;1127
FR;4;2021-07-02;9195;44;583127;1171
FR;4;2021-07-03;4698;18;587825;1189
FR;4;2021-07-04;576;5;588401;1194
FR;4;2021-07-05;4591;18;592992;1212
FR;4;2021-07-06;7482;20;600474;1232
FR;4;2021-07-07;6749;27;607223;1259
FR;4;2021-07-08;8966;37;616189;1296
FR;4;2021-07-09;10059;30;626248;1326
FR;4;2021-07-10;4475;10;630723;1336
FR;4;2021-07-11;502;0;631225;1336
FR;4;2021-07-12;5645;27;636870;1363
FR;4;2021-07-13;14025;26;650895;1389
FR;4;2021-07-14;2067;6;652962;1395
FR;4;2021-07-15;17991;32;670953;1427
FR;4;2021-07-16;22527;64;693480;1491
FR;4;2021-07-17;9538;16;703018;1507
FR;4;2021-07-18;1270;4;704288;1511
FR;4;2021-07-19;12719;26;717007;1537
FR;4;2021-07-20;17076;29;734083;1566
FR;4;2021-07-21;15298;28;749381;1594
FR;4;2021-07-22;17932;40;767313;1634
FR;4;2021-07-23;20052;48;787365;1682
FR;4;2021-07-24;9019;28;796384;1710
FR;4;2021-07-25;1190;6;797574;1716
FR;4;2021-07-26;10642;18;808216;1734
FR;4;2021-07-27;14125;26;822341;1760
FR;4;2021-07-28;12284;18;834625;1778
FR;4;2021-07-29;13676;45;848301;1823
FR;4;2021-07-30;15089;39;863390;1862
FR;4;2021-07-31;6553;11;869943;1873
FR;4;2021-08-01;774;1;870717;1874
FR;4;2021-08-02;7060;16;877777;1890
FR;4;2021-08-03;9872;21;887649;1911
FR;4;2021-08-04;8651;21;896300;1932
FR;4;2021-08-05;8901;32;905201;1964
FR;4;2021-08-06;9463;19;914664;1983
FR;4;2021-08-07;4433;22;919097;2005
FR;4;2021-08-08;694;8;919791;2013
FR;4;2021-08-09;5365;16;925156;2029
FR;4;2021-08-10;8027;14;933183;2043
FR;4;2021-08-11;7349;20;940532;2063
FR;4;2021-08-12;7841;13;948373;2076
FR;4;2021-08-13;6798;21;955171;2097
FR;4;2021-08-14;3180;16;958351;2113
FR;4;2021-08-15;461;2;958812;2115
FR;4;2021-08-16;3631;6;962443;2121
FR;4;2021-08-17;5231;7;967674;2128
FR;4;2021-08-18;4827;24;972501;2152
FR;4;2021-08-19;5136;13;977637;2165
FR;4;2021-08-20;4800;9;982437;2174
FR;4;2021-08-21;1968;13;984405;2187
FR;4;2021-08-22;320;1;984725;2188
FR;4;2021-08-23;2485;4;987210;2192
FR;0;2020-12-27;261;0;261;0
FR;0;2020-12-28;282;0;543;0
FR;0;2020-12-29;208;0;751;0
FR;0;2020-12-30;252;0;1003;0
FR;0;2020-12-31;189;0;1192;0
FR;0;2021-01-01;208;0;1400;0
FR;0;2021-01-02;164;0;1564;0
FR;0;2021-01-03;195;0;1759;0
FR;0;2021-01-04;1655;0;3414;0
FR;0;2021-01-05;5609;0;9023;0
FR;0;2021-01-06;11507;0;20530;0
FR;0;2021-01-07;28953;0;49483;0
FR;0;2021-01-08;36625;0;86108;0
FR;0;2021-01-09;11037;0;97145;0
FR;0;2021-01-10;5733;0;102878;0
FR;0;2021-01-11;39504;0;142382;0
FR;0;2021-01-12;61521;0;203903;0
FR;0;2021-01-13;64467;0;268370;0
FR;0;2021-01-14;81394;0;349764;0
FR;0;2021-01-15;68321;0;418085;0
FR;0;2021-01-16;19955;77;438040;77
FR;0;2021-01-17;10678;42;448718;119
FR;0;2021-01-18;85175;161;533893;280
FR;0;2021-01-19;129724;125;663617;405
FR;0;2021-01-20;136590;156;800207;561
FR;0;2021-01-21;157149;132;957356;693
FR;0;2021-01-22;120086;160;1077442;853
FR;0;2021-01-23;38119;50;1115561;903
FR;0;2021-01-24;9509;27;1125070;930
FR;0;2021-01-25;77564;1215;1202634;2145
FR;0;2021-01-26;99702;3108;1302336;5253
FR;0;2021-01-27;106559;5593;1408895;10846
FR;0;2021-01-28;123539;14356;1532434;25202
FR;0;2021-01-29;91515;17281;1623949;42483
FR;0;2021-01-30;28875;4223;1652824;46706
FR;0;2021-01-31;5023;1679;1657847;48385
FR;0;2021-02-01;52091;21120;1709938;69505
FR;0;2021-02-02;71392;34557;1781330;104062
FR;0;2021-02-03;71592;36954;1852922;141016
FR;0;2021-02-04;81251;50041;1934173;191057
FR;0;2021-02-05;67624;45329;2001797;236386
FR;0;2021-02-06;21848;10396;2023645;246782
FR;0;2021-02-07;4956;5041;2028601;251823
FR;0;2021-02-08;46254;45970;2074855;297793
FR;0;2021-02-09;65382;72398;2140237;370191
FR;0;2021-02-10;70000;76717;2210237;446908
FR;0;2021-02-11;86412;99136;2296649;546044
FR;0;2021-02-12;78397;74211;2375046;620255
FR;0;2021-02-13;21906;19483;2396952;639738
FR;0;2021-02-14;4738;7190;2401690;646928
FR;0;2021-02-15;37428;76499;2439118;723427
FR;0;2021-02-16;49639;100721;2488757;824148
FR;0;2021-02-17;49755;102985;2538512;927133
FR;0;2021-02-18;68834;118512;2607346;1045645
FR;0;2021-02-19;64382;90741;2671728;1136386
FR;0;2021-02-20;18216;28421;2689944;1164807
FR;0;2021-02-21;3033;6372;2692977;1171179
FR;0;2021-02-22;36879;73136;2729856;1244315
FR;0;2021-02-23;53076;84046;2782932;1328361
FR;0;2021-02-24;59010;81114;2841942;1409475
FR;0;2021-02-25;99642;91373;2941584;1500848
FR;0;2021-02-26;112579;71008;3054163;1571856
FR;0;2021-02-27;51595;21978;3105758;1593834
FR;0;2021-02-28;5870;4413;3111628;1598247
FR;0;2021-03-01;64442;52783;3176070;1651030
FR;0;2021-03-02;100254;66248;3276324;1717278
FR;0;2021-03-03;114984;65542;3391308;1782820
FR;0;2021-03-04;162221;68877;3553529;1851697
FR;0;2021-03-05;199477;63360;3753006;1915057
FR;0;2021-03-06;206878;17813;3959884;1932870
FR;0;2021-03-07;120612;5468;4080496;1938338
FR;0;2021-03-08;105963;50791;4186459;1989129
FR;0;2021-03-09;171199;56775;4357658;2045904
FR;0;2021-03-10;177293;57206;4534951;2103110
FR;0;2021-03-11;241259;63105;4776210;2166215
FR;0;2021-03-12;293263;53518;5069473;2219733
FR;0;2021-03-13;230167;15303;5299640;2235036
FR;0;2021-03-14;62771;3434;5362411;2238470
FR;0;2021-03-15;157241;32636;5519652;2271106
FR;0;2021-03-16;140434;39525;5660086;2310631
FR;0;2021-03-17;149334;38787;5809420;2349418
FR;0;2021-03-18;166466;44619;5975886;2394037
FR;0;2021-03-19;228638;37471;6204524;2431508
FR;0;2021-03-20;165761;11782;6370285;2443290
FR;0;2021-03-21;49282;2626;6419567;2445916
FR;0;2021-03-22;168655;34283;6588222;2480199
FR;0;2021-03-23;248778;42401;6837000;2522600
FR;0;2021-03-24;255332;43846;7092332;2566446
FR;0;2021-03-25;340229;44749;7432561;2611195
FR;0;2021-03-26;357337;41900;7789898;2653095
FR;0;2021-03-27;194355;16649;7984253;2669744
FR;0;2021-03-28;58840;3732;8043093;2673476
FR;0;2021-03-29;201870;54286;8244963;2727762
FR;0;2021-03-30;283913;69684;8528876;2797446
FR;0;2021-03-31;261492;72933;8790368;2870379
FR;0;2021-04-01;312798;87820;9103166;2958199
FR;0;2021-04-02;279825;92138;9382991;3050337
FR;0;2021-04-03;140081;61859;9523072;3112196
FR;0;2021-04-04;45310;18665;9568382;3130861
FR;0;2021-04-05;59526;11004;9627908;3141865
FR;0;2021-04-06;215352;107868;9843260;3249733
FR;0;2021-04-07;258177;115461;10101437;3365194
FR;0;2021-04-08;335442;121429;10436879;3486623
FR;0;2021-04-09;407977;116498;10844856;3603121
FR;0;2021-04-10;211467;82753;11056323;3685874
FR;0;2021-04-11;55423;34594;11111746;3720468
FR;0;2021-04-12;235430;115227;11347176;3835695
FR;0;2021-04-13;307506;144973;11654682;3980668
FR;0;2021-04-14;292010;139418;11946692;4120086
FR;0;2021-04-15;334281;147872;12280973;4267958
FR;0;2021-04-16;337574;145782;12618547;4413740
FR;0;2021-04-17;187631;90260;12806178;4504000
FR;0;2021-04-18;50922;35427;12857100;4539427
FR;0;2021-04-19;204022;138389;13061122;4677816
FR;0;2021-04-20;252321;170732;13313443;4848548
FR;0;2021-04-21;251203;168811;13564646;5017359
FR;0;2021-04-22;285504;188263;13850150;5205622
FR;0;2021-04-23;294615;183283;14144765;5388905
FR;0;2021-04-24;189242;111575;14334007;5500480
FR;0;2021-04-25;68842;38871;14402849;5539351
FR;0;2021-04-26;219397;156110;14622246;5695461
FR;0;2021-04-27;282687;187511;14904933;5882972
FR;0;2021-04-28;297643;183210;15202576;6066182
FR;0;2021-04-29;354956;196139;15557532;6262321
FR;0;2021-04-30;370156;184847;15927688;6447168
FR;0;2021-05-01;165057;52535;16092745;6499703
FR;0;2021-05-02;90707;37831;16183452;6537534
FR;0;2021-05-03;285804;169650;16469256;6707184
FR;0;2021-05-04;312647;224320;16781903;6931504
FR;0;2021-05-05;323014;224541;17104917;7156045
FR;0;2021-05-06;375902;239209;17480819;7395254
FR;0;2021-05-07;369902;257346;17850721;7652600
FR;0;2021-05-08;220526;66920;18071247;7719520
FR;0;2021-05-09;128818;46758;18200065;7766278
FR;0;2021-05-10;308857;229029;18508922;7995307
FR;0;2021-05-11;400715;258191;18909637;8253498
FR;0;2021-05-12;430230;233250;19339867;8486748
FR;0;2021-05-13;335573;56899;19675440;8543647
FR;0;2021-05-14;450516;167543;20125956;8711190
FR;0;2021-05-15;371532;94028;20497488;8805218
FR;0;2021-05-16;201374;20831;20698862;8826049
FR;0;2021-05-17;373164;149179;21072026;8975228
FR;0;2021-05-18;455927;153203;21527953;9128431
FR;0;2021-05-19;464077;145382;21992030;9273813
FR;0;2021-05-20;503553;160404;22495583;9434217
FR;0;2021-05-21;486246;174594;22981829;9608811
FR;0;2021-05-22;345164;79903;23326993;9688714
FR;0;2021-05-23;160665;14446;23487658;9703160
FR;0;2021-05-24;261291;33253;23748949;9736413
FR;0;2021-05-25;396993;189359;24145942;9925772
FR;0;2021-05-26;410352;188212;24556294;10113984
FR;0;2021-05-27;446663;218745;25002957;10332729
FR;0;2021-05-28;426716;259700;25429673;10592429
FR;0;2021-05-29;297429;149458;25727102;10741887
FR;0;2021-05-30;106098;32629;25833200;10774516
FR;0;2021-05-31;355541;203574;26188741;10978090
FR;0;2021-06-01;422037;251709;26610778;11229799
FR;0;2021-06-02;412203;230955;27022981;11460754
FR;0;2021-06-03;458046;258750;27481027;11719504
FR;0;2021-06-04;451204;304934;27932231;12024438
FR;0;2021-06-05;302169;189109;28234400;12213547
FR;0;2021-06-06;131305;49140;28365705;12262687
FR;0;2021-06-07;334292;262511;28699997;12525198
FR;0;2021-06-08;389605;291361;29089602;12816559
FR;0;2021-06-09;380185;276018;29469787;13092577
FR;0;2021-06-10;397921;289477;29867708;13382054
FR;0;2021-06-11;383505;357649;30251213;13739703
FR;0;2021-06-12;281100;211537;30532313;13951240
FR;0;2021-06-13;103726;74097;30636039;14025337
FR;0;2021-06-14;237828;356064;30873867;14381401
FR;0;2021-06-15;304320;386187;31178187;14767588
FR;0;2021-06-16;310341;357873;31488528;15125461
FR;0;2021-06-17;314113;372318;31802641;15497779
FR;0;2021-06-18;318954;442914;32121595;15940693
FR;0;2021-06-19;222933;274051;32344528;16214744
FR;0;2021-06-20;72269;102653;32416797;16317397
FR;0;2021-06-21;193005;402243;32609802;16719640
FR;0;2021-06-22;220413;467504;32830215;17187144
FR;0;2021-06-23;231027;440068;33061242;17627212
FR;0;2021-06-24;239071;409474;33300313;18036686
FR;0;2021-06-25;224301;522501;33524614;18559187
FR;0;2021-06-26;151765;370969;33676379;18930156
FR;0;2021-06-27;55045;156445;33731424;19086601
FR;0;2021-06-28;152522;453413;33883946;19540014
FR;0;2021-06-29;180593;505787;34064539;20045801
FR;0;2021-06-30;201449;481349;34265988;20527150
FR;0;2021-07-01;221316;457925;34487304;20985075
FR;0;2021-07-02;221311;520655;34708615;21505730
FR;0;2021-07-03;139879;368996;34848494;21874726
FR;0;2021-07-04;55743;141395;34904237;22016121
FR;0;2021-07-05;163418;419685;35067655;22435806
FR;0;2021-07-06;192376;475237;35260031;22911043
FR;0;2021-07-07;207275;439703;35467306;23350746
FR;0;2021-07-08;227314;424340;35694620;23775086
FR;0;2021-07-09;224508;510021;35919128;24285107
FR;0;2021-07-10;146535;339854;36065663;24624961
FR;0;2021-07-11;59203;110156;36124866;24735117
FR;0;2021-07-12;165148;478412;36290014;25213529
FR;0;2021-07-13;283274;527947;36573288;25741476
FR;0;2021-07-14;177885;157929;36751173;25899405
FR;0;2021-07-15;342278;502724;37093451;26402129
FR;0;2021-07-16;374757;496412;37468208;26898541
FR;0;2021-07-17;256904;320147;37725112;27218688
FR;0;2021-07-18;108728;115052;37833840;27333740
FR;0;2021-07-19;281426;425606;38115266;27759346
FR;0;2021-07-20;372628;453260;38487894;28212606
FR;0;2021-07-21;391561;408574;38879455;28621180
FR;0;2021-07-22;436654;388637;39316109;29009817
FR;0;2021-07-23;434139;423007;39750248;29432824
FR;0;2021-07-24;283119;270091;40033367;29702915
FR;0;2021-07-25;119861;80221;40153228;29783136
FR;0;2021-07-26;343548;323878;40496776;30107014
FR;0;2021-07-27;458383;320836;40955159;30427850
FR;0;2021-07-28;452218;290377;41407377;30718227
FR;0;2021-07-29;484325;276849;41891702;30995076
FR;0;2021-07-30;453885;302838;42345587;31297914
FR;0;2021-07-31;282502;185027;42628089;31482941
FR;0;2021-08-01;107933;50076;42736022;31533017
FR;0;2021-08-02;320321;234336;43056343;31767353
FR;0;2021-08-03;386018;245429;43442361;32012782
FR;0;2021-08-04;373270;210434;43815631;32223216
FR;0;2021-08-05;356808;228886;44172439;32452102
FR;0;2021-08-06;350091;272146;44522530;32724248
FR;0;2021-08-07;208404;178739;44730934;32902987
FR;0;2021-08-08;71147;63360;44802081;32966347
FR;0;2021-08-09;250386;260239;45052467;33226586
FR;0;2021-08-10;297948;278809;45350415;33505395
FR;0;2021-08-11;272103;260950;45622518;33766345
FR;0;2021-08-12;263965;278519;45886483;34044864
FR;0;2021-08-13;243429;275590;46129912;34320454
FR;0;2021-08-14;139927;198453;46269839;34518907
FR;0;2021-08-15;36427;50265;46306266;34569172
FR;0;2021-08-16;178107;318709;46484373;34887881
FR;0;2021-08-17;209614;337113;46693987;35224994
FR;0;2021-08-18;193369;324916;46887356;35549910
FR;0;2021-08-19;186437;325551;47073793;35875461
FR;0;2021-08-20;178848;365094;47252641;36240555
FR;0;2021-08-21;101646;238112;47354287;36478667
FR;0;2021-08-22;30775;87251;47385062;36565918
FR;0;2021-08-23;134796;357162;47519858;36923080
