fra;vaccin;jour;n_dose1;n_dose2;n_dose3;n_dose4;n_rappel;n_cum_dose1;n_cum_dose2;n_cum_dose3;n_cum_dose4;n_cum_rappel
FR;1;2020-12-27;602;0;0;0;0;602;0;0;0;0
FR;1;2020-12-28;666;1;0;0;0;1268;1;0;0;0
FR;1;2020-12-29;374;0;0;0;0;1642;1;0;0;0
FR;1;2020-12-30;439;0;0;0;0;2081;1;0;0;0
FR;1;2020-12-31;426;0;0;0;0;2507;1;0;0;0
FR;1;2021-01-01;1136;2;0;0;0;3643;3;0;0;0
FR;1;2021-01-02;356;3;0;0;0;3999;6;0;0;0
FR;1;2021-01-03;401;0;0;0;0;4400;6;0;0;0
FR;1;2021-01-04;2088;2;0;0;0;6488;8;0;0;0
FR;1;2021-01-05;7601;3;0;0;0;14089;11;0;0;0
FR;1;2021-01-06;12418;11;0;0;0;26507;22;0;0;0
FR;1;2021-01-07;29446;9;0;0;0;55953;31;0;0;0
FR;1;2021-01-08;37120;9;0;0;0;93073;40;0;0;0
FR;1;2021-01-09;11209;4;0;0;0;104282;44;0;0;0
FR;1;2021-01-10;5996;3;0;0;0;110278;47;0;0;0
FR;1;2021-01-11;39924;17;0;0;0;150202;64;0;0;0
FR;1;2021-01-12;62123;16;0;0;0;212325;80;0;0;0
FR;1;2021-01-13;65101;28;0;0;0;277426;108;0;0;0
FR;1;2021-01-14;81434;77;0;0;0;358860;185;0;0;0
FR;1;2021-01-15;68595;32;0;0;0;427455;217;0;0;0
FR;1;2021-01-16;19893;70;0;0;0;447348;287;0;0;0
FR;1;2021-01-17;10896;46;0;0;0;458244;333;0;0;0
FR;1;2021-01-18;82807;162;0;0;0;541051;495;0;0;0
FR;1;2021-01-19;125897;172;0;0;0;666948;667;0;0;0
FR;1;2021-01-20;132390;168;0;0;0;799338;835;0;0;0
FR;1;2021-01-21;153037;161;0;0;0;952375;996;0;0;0
FR;1;2021-01-22;115924;197;0;0;0;1068299;1193;0;0;0
FR;1;2021-01-23;36600;63;0;0;0;1104899;1256;0;0;0
FR;1;2021-01-24;9580;70;0;0;0;1114479;1326;0;0;0
FR;1;2021-01-25;74410;1261;0;0;0;1188889;2587;0;0;0
FR;1;2021-01-26;96442;3285;1;0;0;1285331;5872;1;0;0
FR;1;2021-01-27;103625;5913;0;0;0;1388956;11785;1;0;0
FR;1;2021-01-28;120582;14995;0;0;0;1509538;26780;1;0;0
FR;1;2021-01-29;88879;17725;0;0;0;1598417;44505;1;0;0
FR;1;2021-01-30;27983;4311;0;0;0;1626400;48816;1;0;0
FR;1;2021-01-31;5180;1737;0;0;0;1631580;50553;1;0;0
FR;1;2021-02-01;49707;21521;0;0;0;1681287;72074;1;0;0
FR;1;2021-02-02;67790;35679;0;0;0;1749077;107753;1;0;0
FR;1;2021-02-03;67072;38013;0;0;0;1816149;145766;1;0;0
FR;1;2021-02-04;77118;51419;0;0;0;1893267;197185;1;0;0
FR;1;2021-02-05;63406;46140;0;0;0;1956673;243325;1;0;0
FR;1;2021-02-06;19406;10751;0;0;0;1976079;254076;1;0;0
FR;1;2021-02-07;3658;5312;0;0;0;1979737;259388;1;0;0
FR;1;2021-02-08;36480;46847;0;0;0;2016217;306235;1;0;0
FR;1;2021-02-09;50788;74390;0;0;0;2067005;380625;1;0;0
FR;1;2021-02-10;52044;79249;0;0;0;2119049;459874;1;0;0
FR;1;2021-02-11;63349;101067;0;0;0;2182398;560941;1;0;0
FR;1;2021-02-12;55838;74673;0;0;0;2238236;635614;1;0;0
FR;1;2021-02-13;15451;19241;0;0;0;2253687;654855;1;0;0
FR;1;2021-02-14;3744;7185;0;0;0;2257431;662040;1;0;0
FR;1;2021-02-15;24128;73516;0;0;0;2281559;735556;1;0;0
FR;1;2021-02-16;32754;96534;0;0;0;2314313;832090;1;0;0
FR;1;2021-02-17;35097;100138;1;0;0;2349410;932228;2;0;0
FR;1;2021-02-18;49422;115314;0;0;0;2398832;1047542;2;0;0
FR;1;2021-02-19;45365;86657;1;0;0;2444197;1134199;3;0;0
FR;1;2021-02-20;13376;27077;0;0;0;2457573;1161276;3;0;0
FR;1;2021-02-21;2454;6218;0;0;0;2460027;1167494;3;0;0
FR;1;2021-02-22;24704;69421;2;0;0;2484731;1236915;5;0;0
FR;1;2021-02-23;37414;80773;1;0;0;2522145;1317688;6;0;0
FR;1;2021-02-24;40672;78255;1;0;0;2562817;1395943;7;0;0
FR;1;2021-02-25;50132;87990;1;0;0;2612949;1483933;8;0;0
FR;1;2021-02-26;47189;67573;1;0;0;2660138;1551506;9;0;0
FR;1;2021-02-27;15667;21086;0;0;0;2675805;1572592;9;0;0
FR;1;2021-02-28;3551;4254;1;0;0;2679356;1576846;10;0;0
FR;1;2021-03-01;40144;49553;1;0;0;2719500;1626399;11;0;0
FR;1;2021-03-02;55956;61850;2;0;0;2775456;1688249;13;0;0
FR;1;2021-03-03;61202;60572;0;0;0;2836658;1748821;13;0;0
FR;1;2021-03-04;72971;66175;3;0;0;2909629;1814996;16;0;0
FR;1;2021-03-05;74733;59016;3;0;0;2984362;1874012;19;0;0
FR;1;2021-03-06;82433;15967;2;0;0;3066795;1889979;21;0;0
FR;1;2021-03-07;63702;4928;1;0;0;3130497;1894907;22;0;0
FR;1;2021-03-08;60141;42011;2;0;0;3190638;1936918;24;0;0
FR;1;2021-03-09;85961;47976;1;0;0;3276599;1984894;25;0;0
FR;1;2021-03-10;90873;47940;5;0;0;3367472;2032834;30;0;0
FR;1;2021-03-11;105034;54172;1;0;0;3472506;2087006;31;0;0
FR;1;2021-03-12;104082;45046;1;0;0;3576588;2132052;32;0;0
FR;1;2021-03-13;89179;12715;1;0;0;3665767;2144767;33;0;0
FR;1;2021-03-14;44444;2874;1;0;0;3710211;2147641;34;0;0
FR;1;2021-03-15;95473;28621;3;0;0;3805684;2176262;37;0;0
FR;1;2021-03-16;123569;34451;5;0;0;3929253;2210713;42;0;0
FR;1;2021-03-17;129279;34181;4;0;0;4058532;2244894;46;0;0
FR;1;2021-03-18;142854;39574;5;0;0;4201386;2284468;51;0;0
FR;1;2021-03-19;136212;32531;2;0;0;4337598;2316999;53;0;0
FR;1;2021-03-20;75973;9982;1;0;0;4413571;2326981;54;0;0
FR;1;2021-03-21;26495;2348;1;0;0;4440066;2329329;55;0;0
FR;1;2021-03-22;114719;30793;2;0;0;4554785;2360122;57;0;0
FR;1;2021-03-23;142992;38101;1;0;0;4697777;2398223;58;0;0
FR;1;2021-03-24;141962;38591;0;0;0;4839739;2436814;58;0;0
FR;1;2021-03-25;164968;39613;4;0;0;5004707;2476427;62;0;0
FR;1;2021-03-26;166360;37503;4;1;0;5171067;2513930;66;1;0
FR;1;2021-03-27;110866;15288;1;0;0;5281933;2529218;67;1;0
FR;1;2021-03-28;42292;3873;3;0;0;5324225;2533091;70;1;0
FR;1;2021-03-29;129786;49653;4;0;0;5454011;2582744;74;1;0
FR;1;2021-03-30;167673;63516;4;0;0;5621684;2646260;78;1;0
FR;1;2021-03-31;170886;67225;4;0;0;5792570;2713485;82;1;0
FR;1;2021-04-01;194720;80652;11;0;0;5987290;2794137;93;1;0
FR;1;2021-04-02;164413;84940;7;0;0;6151703;2879077;100;1;0
FR;1;2021-04-03;88224;58038;5;0;0;6239927;2937115;105;1;0
FR;1;2021-04-04;33581;17692;0;0;0;6273508;2954807;105;1;0
FR;1;2021-04-05;46376;9969;11;0;0;6319884;2964776;116;1;0
FR;1;2021-04-06;160259;102166;17;0;0;6480143;3066942;133;1;0
FR;1;2021-04-07;196927;108204;16;0;0;6677070;3175146;149;1;0
FR;1;2021-04-08;222047;112748;13;0;0;6899117;3287894;162;1;0
FR;1;2021-04-09;214500;107363;21;0;0;7113617;3395257;183;1;0
FR;1;2021-04-10;117149;73267;14;0;0;7230766;3468524;197;1;0
FR;1;2021-04-11;40873;30136;6;0;0;7271639;3498660;203;1;0
FR;1;2021-04-12;168416;103878;45;0;0;7440055;3602538;248;1;0
FR;1;2021-04-13;203749;127995;97;1;0;7643804;3730533;345;2;0
FR;1;2021-04-14;208542;122660;206;0;0;7852346;3853193;551;2;0
FR;1;2021-04-15;221604;127045;311;0;0;8073950;3980238;862;2;0
FR;1;2021-04-16;206003;125164;307;0;0;8279953;4105402;1169;2;0
FR;1;2021-04-17;122059;67275;103;0;0;8402012;4172677;1272;2;0
FR;1;2021-04-18;35953;20931;41;0;0;8437965;4193608;1313;2;0
FR;1;2021-04-19;163706;121698;430;0;0;8601671;4315306;1743;2;0
FR;1;2021-04-20;189356;148844;530;0;0;8791027;4464150;2273;2;0
FR;1;2021-04-21;193932;146908;758;0;0;8984959;4611058;3031;2;0
FR;1;2021-04-22;208979;163061;777;0;0;9193938;4774119;3808;2;0
FR;1;2021-04-23;198912;157037;671;0;0;9392850;4931156;4479;2;0
FR;1;2021-04-24;126299;95464;148;0;0;9519149;5026620;4627;2;0
FR;1;2021-04-25;53618;30017;46;0;0;9572767;5056637;4673;2;0
FR;1;2021-04-26;181085;138337;539;0;0;9753852;5194974;5212;2;0
FR;1;2021-04-27;221318;161853;900;0;0;9975170;5356827;6112;2;0
FR;1;2021-04-28;238241;155053;1310;1;1;10213411;5511880;7422;3;1
FR;1;2021-04-29;270224;160371;1207;0;0;10483635;5672251;8629;3;1
FR;1;2021-04-30;271927;148111;1069;0;0;10755562;5820362;9698;3;1
FR;1;2021-05-01;141115;40627;172;0;0;10896677;5860989;9870;3;1
FR;1;2021-05-02;81520;28089;81;0;0;10978197;5889078;9951;3;1
FR;1;2021-05-03;250726;145267;799;0;0;11228923;6034345;10750;3;1
FR;1;2021-05-04;265808;186865;1197;0;0;11494731;6221210;11947;3;1
FR;1;2021-05-05;283806;184739;1264;0;0;11778537;6405949;13211;3;1
FR;1;2021-05-06;309887;183207;1498;0;0;12088424;6589156;14709;3;1
FR;1;2021-05-07;284033;195651;1125;0;0;12372457;6784807;15834;3;1
FR;1;2021-05-08;191636;48629;284;0;0;12564093;6833436;16118;3;1
FR;1;2021-05-09;114045;35876;236;0;0;12678138;6869312;16354;3;1
FR;1;2021-05-10;258132;193994;1183;0;0;12936270;7063306;17537;3;1
FR;1;2021-05-11;318815;210972;1462;0;0;13255085;7274278;18999;3;1
FR;1;2021-05-12;356562;185702;1399;0;0;13611647;7459980;20398;3;1
FR;1;2021-05-13;283404;47705;399;0;0;13895051;7507685;20797;3;1
FR;1;2021-05-14;370438;128551;990;0;0;14265489;7636236;21787;3;1
FR;1;2021-05-15;298052;66089;402;0;0;14563541;7702325;22189;3;1
FR;1;2021-05-16;157750;15532;158;0;0;14721291;7717857;22347;3;1
FR;1;2021-05-17;318888;116289;1436;0;0;15040179;7834146;23783;3;1
FR;1;2021-05-18;383268;111188;1795;0;0;15423447;7945334;25578;3;1
FR;1;2021-05-19;395206;102582;2174;0;0;15818653;8047916;27752;3;1
FR;1;2021-05-20;421747;96099;2042;0;0;16240400;8144015;29794;3;1
FR;1;2021-05-21;399759;97170;1756;0;0;16640159;8241185;31550;3;1
FR;1;2021-05-22;275645;42010;602;0;0;16915804;8283195;32152;3;1
FR;1;2021-05-23;122985;11149;224;0;0;17038789;8294344;32376;3;1
FR;1;2021-05-24;243977;26213;566;0;0;17282766;8320557;32942;3;1
FR;1;2021-05-25;366171;131609;2108;1;0;17648937;8452166;35050;4;1
FR;1;2021-05-26;380762;125849;1987;0;0;18029699;8578015;37037;4;1
FR;1;2021-05-27;406091;127962;1974;0;0;18435790;8705977;39011;4;1
FR;1;2021-05-28;365969;145278;1698;0;0;18801759;8851255;40709;4;1
FR;1;2021-05-29;253802;80832;525;0;0;19055561;8932087;41234;4;1
FR;1;2021-05-30;100935;22536;157;0;0;19156496;8954623;41391;4;1
FR;1;2021-05-31;314217;148743;1279;1;1;19470713;9103366;42670;5;2
FR;1;2021-06-01;361482;166433;1724;1;1;19832195;9269799;44394;6;3
FR;1;2021-06-02;364727;153164;1791;0;0;20196922;9422963;46185;6;3
FR;1;2021-06-03;390494;147561;1647;0;0;20587416;9570524;47832;6;3
FR;1;2021-06-04;363568;175486;1492;1;1;20950984;9746010;49324;7;4
FR;1;2021-06-05;258459;112648;596;0;0;21209443;9858658;49920;7;4
FR;1;2021-06-06;126741;37545;215;0;0;21336184;9896203;50135;7;4
FR;1;2021-06-07;300213;207774;1362;0;0;21636397;10103977;51497;7;4
FR;1;2021-06-08;330544;220759;1636;0;0;21966941;10324736;53133;7;4
FR;1;2021-06-09;336395;212195;1607;0;0;22303336;10536931;54740;7;4
FR;1;2021-06-10;343690;201862;1608;0;0;22647026;10738793;56348;7;4
FR;1;2021-06-11;311729;235239;1292;0;0;22958755;10974032;57640;7;4
FR;1;2021-06-12;244027;150648;431;0;0;23202782;11124680;58071;7;4
FR;1;2021-06-13;100316;61002;188;0;0;23303098;11185682;58259;7;4
FR;1;2021-06-14;207670;288758;1316;1;0;23510768;11474440;59575;8;4
FR;1;2021-06-15;256707;282100;1391;1;0;23767475;11756540;60966;9;4
FR;1;2021-06-16;273523;270611;1262;1;0;24040998;12027151;62228;10;4
FR;1;2021-06-17;268098;244744;1231;1;0;24309096;12271895;63459;11;4
FR;1;2021-06-18;260422;295648;1149;1;0;24569518;12567543;64608;12;4
FR;1;2021-06-19;193413;209485;387;0;0;24762931;12777028;64995;12;4
FR;1;2021-06-20;69654;89151;117;0;0;24832585;12866179;65112;12;4
FR;1;2021-06-21;172197;319809;929;1;1;25004782;13185988;66041;13;5
FR;1;2021-06-22;185687;347825;1096;10;2;25190469;13533813;67137;23;7
FR;1;2021-06-23;204044;339462;1048;0;0;25394513;13873275;68185;23;7
FR;1;2021-06-24;203404;282103;1166;0;0;25597917;14155378;69351;23;7
FR;1;2021-06-25;182497;371839;1196;0;0;25780414;14527217;70547;23;7
FR;1;2021-06-26;131347;278321;502;0;0;25911761;14805538;71049;23;7
FR;1;2021-06-27;52373;122906;145;0;0;25964134;14928444;71194;23;7
FR;1;2021-06-28;136510;368156;1057;0;0;26100644;15296600;72251;23;7
FR;1;2021-06-29;154753;390717;1849;0;0;26255397;15687317;74100;23;7
FR;1;2021-06-30;179907;379595;1663;4;2;26435304;16066912;75763;27;9
FR;1;2021-07-01;201274;332189;1886;5;1;26636578;16399101;77649;32;10
FR;1;2021-07-02;193549;367668;1764;5;3;26830127;16766769;79413;37;13
FR;1;2021-07-03;124381;280449;704;3;1;26954508;17047218;80117;40;14
FR;1;2021-07-04;53908;113683;244;0;0;27008416;17160901;80361;40;14
FR;1;2021-07-05;153683;356021;1500;8;2;27162099;17516922;81861;48;16
FR;1;2021-07-06;173312;382518;1601;45;8;27335411;17899440;83462;93;24
FR;1;2021-07-07;190611;362568;1656;24;5;27526022;18262008;85118;117;29
FR;1;2021-07-08;201386;323117;1825;20;7;27727408;18585125;86943;137;36
FR;1;2021-07-09;189717;387660;1851;3;2;27917125;18972785;88794;140;38
FR;1;2021-07-10;129874;281140;814;1;1;28046999;19253925;89608;141;39
FR;1;2021-07-11;57628;102503;261;0;0;28104627;19356428;89869;141;39
FR;1;2021-07-12;149469;417020;1580;4;0;28254096;19773448;91449;145;39
FR;1;2021-07-13;234084;439504;1805;8;2;28488180;20212952;93254;153;41
FR;1;2021-07-14;171744;151537;417;0;0;28659924;20364489;93671;153;41
FR;1;2021-07-15;279480;424775;1856;1;0;28939404;20789264;95527;154;41
FR;1;2021-07-16;290263;401219;1710;3;1;29229667;21190483;97237;157;42
FR;1;2021-07-17;217278;282112;754;1;0;29446945;21472595;97991;158;42
FR;1;2021-07-18;101965;107305;288;0;0;29548910;21579900;98279;158;42
FR;1;2021-07-19;238073;379145;1495;3;0;29786983;21959045;99774;161;42
FR;1;2021-07-20;305583;380732;1468;0;0;30092566;22339777;101242;161;42
FR;1;2021-07-21;333135;353416;1412;4;2;30425701;22693193;102654;165;44
FR;1;2021-07-22;364521;319239;1502;3;2;30790222;23012432;104156;168;46
FR;1;2021-07-23;349036;343608;1586;4;2;31139258;23356040;105742;172;48
FR;1;2021-07-24;238911;240985;696;1;0;31378169;23597025;106438;173;48
FR;1;2021-07-25;112750;76059;215;0;0;31490919;23673084;106653;173;48
FR;1;2021-07-26;299021;290054;1496;2;2;31789940;23963138;108149;175;50
FR;1;2021-07-27;385706;268692;1457;4;2;32175646;24231830;109606;179;52
FR;1;2021-07-28;390095;251445;1460;4;2;32565741;24483275;111066;183;54
FR;1;2021-07-29;406022;228247;1538;2;1;32971763;24711522;112604;185;55
FR;1;2021-07-30;370599;246970;1633;4;1;33342362;24958492;114237;189;56
FR;1;2021-07-31;243352;165119;793;1;0;33585714;25123611;115030;190;56
FR;1;2021-08-01;105523;47232;233;0;0;33691237;25170843;115263;190;56
FR;1;2021-08-02;297032;213216;1475;2;0;33988269;25384059;116738;192;56
FR;1;2021-08-03;331179;209205;1547;2;1;34319448;25593264;118285;194;57
FR;1;2021-08-04;327849;184346;1436;5;3;34647297;25777610;119721;199;60
FR;1;2021-08-05;301122;193548;1482;0;0;34948419;25971158;121203;199;60
FR;1;2021-08-06;290851;224513;1558;3;1;35239270;26195671;122761;202;61
FR;1;2021-08-07;182599;158825;654;4;3;35421869;26354496;123415;206;64
FR;1;2021-08-08;68834;59133;247;0;0;35490703;26413629;123662;206;64
FR;1;2021-08-09;222632;235874;1438;4;3;35713335;26649503;125100;210;67
FR;1;2021-08-10;252513;240626;1486;2;1;35965848;26890129;126586;212;68
FR;1;2021-08-11;236054;232371;1270;5;1;36201902;27122500;127856;217;69
FR;1;2021-08-12;220630;240219;1484;3;1;36422532;27362719;129340;220;70
FR;1;2021-08-13;201625;238554;1356;2;2;36624157;27601273;130696;222;72
FR;1;2021-08-14;122815;174155;645;0;0;36746972;27775428;131341;222;72
FR;1;2021-08-15;34661;46121;198;1;0;36781633;27821549;131539;223;72
FR;1;2021-08-16;156839;289849;1421;0;0;36938472;28111398;132960;223;72
FR;1;2021-08-17;171509;291571;1420;5;1;37109981;28402969;134380;228;73
FR;1;2021-08-18;161321;286994;1389;6;3;37271302;28689963;135769;234;76
FR;1;2021-08-19;148824;277720;1397;1;0;37420126;28967683;137166;235;76
FR;1;2021-08-20;140425;309078;1524;2;2;37560551;29276761;138690;237;78
FR;1;2021-08-21;84239;213253;586;0;0;37644790;29490014;139276;237;78
FR;1;2021-08-22;28545;82692;230;0;0;37673335;29572706;139506;237;78
FR;1;2021-08-23;118587;321169;1420;2;1;37791922;29893875;140926;239;79
FR;1;2021-08-24;126595;319888;1602;5;1;37918517;30213763;142528;244;80
FR;1;2021-08-25;121462;306586;1776;8;3;38039979;30520349;144304;252;83
FR;1;2021-08-26;106519;286196;2157;10;1;38146498;30806545;146461;262;84
FR;1;2021-08-27;107594;321591;2300;9;3;38254092;31128136;148761;271;87
FR;1;2021-08-28;70971;220715;1100;0;0;38325063;31348851;149861;271;87
FR;1;2021-08-29;24135;78154;467;1;0;38349198;31427005;150328;272;87
FR;1;2021-08-30;96804;286520;4307;6;5121;38446002;31713525;154635;278;5208
FR;1;2021-08-31;98031;276445;9285;15;10173;38544033;31989970;163920;293;15381
FR;1;2021-09-01;111997;245337;21103;7;22071;38656030;32235307;185023;300;37452
FR;1;2021-09-02;84732;198010;24524;11;25438;38740762;32433317;209547;311;62890
FR;1;2021-09-03;82325;227609;26943;20;27970;38823087;32660926;236490;331;90860
FR;1;2021-09-04;71552;189713;11138;11;11651;38894639;32850639;247628;342;102511
FR;1;2021-09-05;18596;41190;4121;2;4288;38913235;32891829;251749;344;106799
FR;1;2021-09-06;59472;151628;30172;15;31147;38972707;33043457;281921;359;137946
FR;1;2021-09-07;57207;139715;30200;27;31107;39029914;33183172;312121;386;169053
FR;1;2021-09-08;71198;173884;26916;20;27864;39101112;33357056;339037;406;196917
FR;1;2021-09-09;54233;124574;28600;23;29650;39155345;33481630;367637;429;226567
FR;1;2021-09-10;65790;152087;30431;22;31565;39221135;33633717;398068;451;258132
FR;1;2021-09-11;52297;146615;9727;14;10303;39273432;33780332;407795;465;268435
FR;1;2021-09-12;10767;29244;2481;1;2635;39284199;33809576;410276;466;271070
FR;1;2021-09-13;51330;104604;38729;28;39916;39335529;33914180;449005;494;310986
FR;1;2021-09-14;53190;96056;51254;65;52880;39388719;34010236;500259;559;363866
FR;1;2021-09-15;60348;139297;50460;55;46965;39449067;34149533;550719;614;410831
FR;1;2021-09-16;46533;81420;53285;71;49466;39495600;34230953;604004;685;460297
FR;1;2021-09-17;53116;109389;45047;60;42638;39548716;34340342;649051;745;502935
FR;1;2021-09-18;37838;118489;11790;19;11256;39586554;34458831;660841;764;514191
FR;1;2021-09-19;6492;21035;2037;1;1973;39593046;34479866;662878;765;516164
FR;1;2021-09-20;36429;74916;46174;66;44087;39629475;34554782;709052;831;560251
FR;1;2021-09-21;34121;68142;56229;71;52618;39663596;34622924;765281;902;612869
FR;1;2021-09-22;38744;118522;49832;76;46816;39702340;34741446;815113;978;659685
FR;1;2021-09-23;31929;62838;54460;85;50814;39734269;34804284;869573;1063;710499
FR;1;2021-09-24;36716;90087;43640;91;41867;39770985;34894371;913213;1154;752366
FR;1;2021-09-25;27626;96609;12297;27;12162;39798611;34990980;925510;1181;764528
FR;1;2021-09-26;4356;15203;1770;5;1696;39802967;35006183;927280;1186;766224
FR;1;2021-09-27;27309;60234;42883;89;41562;39830276;35066417;970163;1275;807786
FR;1;2021-09-28;26844;49450;47156;75;44375;39857120;35115867;1017319;1350;852161
FR;1;2021-09-29;35829;80393;47244;87;45522;39892949;35196260;1064563;1437;897683
FR;1;2021-09-30;26011;46782;47490;79;45365;39918960;35243042;1112053;1516;943048
FR;1;2021-10-01;47131;65009;44858;83;44404;39966091;35308051;1156911;1599;987452
FR;1;2021-10-02;32333;62348;16105;32;16296;39998424;35370399;1173016;1631;1003748
FR;1;2021-10-03;4318;8576;2031;3;2024;40002742;35378975;1175047;1634;1005772
FR;1;2021-10-04;28763;44417;47088;79;46899;40031505;35423392;1222135;1713;1052671
FR;1;2021-10-05;24227;41621;49829;116;49180;40055732;35465013;1271964;1829;1101851
FR;1;2021-10-06;34383;61342;57441;102;57129;40090115;35526355;1329405;1931;1158980
FR;1;2021-10-07;20934;39811;52990;75;51808;40111049;35566166;1382395;2006;1210788
FR;1;2021-10-08;34949;59586;60360;83;61055;40145998;35625752;1442755;2089;1271843
FR;1;2021-10-09;27421;47971;25474;30;25971;40173419;35673723;1468229;2119;1297814
FR;1;2021-10-10;3635;5785;2746;7;2846;40177054;35679508;1470975;2126;1300660
FR;1;2021-10-11;24696;38162;54559;88;55164;40201750;35717670;1525534;2214;1355824
FR;1;2021-10-12;23111;36569;58020;126;59078;40224861;35754239;1583554;2340;1414902
FR;1;2021-10-13;32803;47787;64143;124;65612;40257664;35802026;1647697;2464;1480514
FR;1;2021-10-14;21601;34762;53725;103;54289;40279265;35836788;1701422;2567;1534803
FR;1;2021-10-15;32553;48804;72298;165;74912;40311818;35885592;1773720;2732;1609715
FR;1;2021-10-16;25956;35268;34857;44;36389;40337774;35920860;1808577;2776;1646104
FR;1;2021-10-17;3096;4061;3407;2;3318;40340870;35924921;1811984;2778;1649422
FR;1;2021-10-18;23489;34906;66804;131;69645;40364359;35959827;1878788;2909;1719067
FR;1;2021-10-19;20593;34565;75628;136;79514;40384952;35994392;1954416;3045;1798581
FR;1;2021-10-20;29797;44192;96140;177;99757;40414749;36038584;2050556;3222;1898338
FR;1;2021-10-21;19608;35091;83119;107;86980;40434357;36073675;2133675;3329;1985318
FR;1;2021-10-22;29531;47626;103699;196;109563;40463888;36121301;2237374;3525;2094881
FR;1;2021-10-23;23004;35154;44849;57;47347;40486892;36156455;2282223;3582;2142228
FR;1;2021-10-24;2373;3879;3579;6;3733;40489265;36160334;2285802;3588;2145961
FR;1;2021-10-25;22392;30824;81992;143;85757;40511657;36191158;2367794;3731;2231718
FR;1;2021-10-26;19296;27705;86058;162;90275;40530953;36218863;2453852;3893;2321993
FR;1;2021-10-27;26128;39658;107756;252;112595;40557081;36258521;2561608;4145;2434588
FR;1;2021-10-28;18586;27061;86893;150;91585;40575667;36285582;2648501;4295;2526173
FR;1;2021-10-29;25873;40175;114782;200;121512;40601540;36325757;2763283;4495;2647685
FR;1;2021-10-30;17666;28604;49339;75;51913;40619206;36354361;2812622;4570;2699598
FR;1;2021-10-31;2055;3200;3442;2;3677;40621261;36357561;2816064;4572;2703275
FR;1;2021-11-01;7707;4200;3021;3;3263;40628968;36361761;2819085;4575;2706538
FR;1;2021-11-02;21841;33203;92343;157;97681;40650809;36394964;2911428;4732;2804219
FR;1;2021-11-03;26280;41524;117440;215;123796;40677089;36436488;3028868;4947;2928015
FR;1;2021-11-04;19487;30284;105731;213;111815;40696576;36466772;3134599;5160;3039830
FR;1;2021-11-05;26901;42244;138715;227;147289;40723477;36509016;3273314;5387;3187119
FR;1;2021-11-06;18804;29820;63442;123;66410;40742281;36538836;3336756;5510;3253529
FR;1;2021-11-07;1789;3351;4956;6;5296;40744070;36542187;3341712;5516;3258825
FR;1;2021-11-08;17673;32296;125904;224;132452;40761743;36574483;3467616;5740;3391277
FR;1;2021-11-09;19226;37711;159213;335;168913;40780969;36612194;3626829;6075;3560190
FR;1;2021-11-10;28672;49169;181813;440;192356;40809641;36661363;3808642;6515;3752546
FR;1;2021-11-11;3782;5932;12193;26;12999;40813423;36667295;3820835;6541;3765545
FR;1;2021-11-12;25930;46869;174737;243;186333;40839353;36714164;3995572;6784;3951878
FR;1;2021-11-13;18689;29244;76800;111;81736;40858042;36743408;4072372;6895;4033614
FR;1;2021-11-14;2024;3314;6812;5;7383;40860066;36746722;4079184;6900;4040997
FR;1;2021-11-15;18582;34885;156335;303;166096;40878648;36781607;4235519;7203;4207093
FR;1;2021-11-16;21070;37924;191996;377;204774;40899718;36819531;4427515;7580;4411867
FR;1;2021-11-17;28493;45708;193140;399;204910;40928211;36865239;4620655;7979;4616777
FR;1;2021-11-18;21048;38859;182381;457;194350;40949259;36904098;4803036;8436;4811127
FR;1;2021-11-19;30772;53370;230137;529;246549;40980031;36957468;5033173;8965;5057676
FR;1;2021-11-20;23683;33321;96940;201;103577;41003714;36990789;5130113;9166;5161253
FR;1;2021-11-21;2313;4016;9096;18;9968;41006027;36994805;5139209;9184;5171221
FR;1;2021-11-22;21353;30482;175796;465;189316;41027380;37025287;5315005;9649;5360537
FR;1;2021-11-23;23869;41164;221087;539;237784;41051249;37066451;5536092;10188;5598321
FR;1;2021-11-24;30256;49752;217253;703;234365;41081505;37116203;5753345;10891;5832686
FR;1;2021-11-25;23482;43931;244346;719;263881;41104987;37160134;5997691;11610;6096567
FR;1;2021-11-26;30582;66551;356670;832;388357;41135569;37226685;6354361;12442;6484924
FR;1;2021-11-27;21775;45365;202547;371;222519;41157344;37272050;6556908;12813;6707443
FR;1;2021-11-28;3137;9675;54754;63;61030;41160481;37281725;6611662;12876;6768473
FR;1;2021-11-29;17853;49526;326263;840;354243;41178334;37331251;6937925;13716;7122716
FR;1;2021-11-30;22740;64972;431025;949;470592;41201074;37396223;7368950;14665;7593308
FR;1;2021-12-01;24904;69372;442738;1130;481579;41225978;37465595;7811688;15795;8074887
FR;1;2021-12-02;19965;64431;489239;1227;532677;41245943;37530026;8300927;17022;8607564
FR;1;2021-12-03;22827;81816;542598;1307;591577;41268770;37611842;8843525;18329;9199141
FR;1;2021-12-04;16369;53929;299025;652;328855;41285139;37665771;9142550;18981;9527996
FR;1;2021-12-05;3622;13918;81495;143;91051;41288761;37679689;9224045;19124;9619047
FR;1;2021-12-06;20618;62779;415301;1065;455008;41309379;37742468;9639346;20189;10074055
FR;1;2021-12-07;19788;75818;522800;1531;572399;41329167;37818286;10162146;21720;10646454
FR;1;2021-12-08;21560;75847;458212;1543;501909;41350727;37894133;10620358;23263;11148363
FR;1;2021-12-09;19391;74112;492753;1625;540609;41370118;37968245;11113111;24888;11688972
FR;1;2021-12-10;22979;87632;547257;1586;599837;41393097;38055877;11660368;26474;12288809
FR;1;2021-12-11;16516;59015;302675;747;335421;41409613;38114892;11963043;27221;12624230
FR;1;2021-12-12;4343;16026;83178;179;94081;41413956;38130918;12046221;27400;12718311
FR;1;2021-12-13;15470;63831;366823;1094;406187;41429426;38194749;12413044;28494;13124498
FR;1;2021-12-14;20472;80318;464538;1739;515017;41449898;38275067;12877582;30233;13639515
FR;1;2021-12-15;21394;77519;408912;1307;452988;41471292;38352586;13286494;31540;14092503
FR;1;2021-12-16;19959;77385;451673;1574;500454;41491251;38429971;13738167;33114;14592957
FR;1;2021-12-17;22516;86707;479786;1732;530919;41513767;38516678;14217953;34846;15123876
FR;1;2021-12-18;17582;54728;257557;730;288467;41531349;38571406;14475510;35576;15412343
FR;1;2021-12-19;5538;17131;79131;194;90741;41536887;38588537;14554641;35770;15503084
FR;1;2021-12-20;20782;63176;316100;1081;355170;41557669;38651713;14870741;36851;15858254
FR;1;2021-12-21;26099;73238;372617;1421;417972;41583768;38724951;15243358;38272;16276226
FR;1;2021-12-22;24901;65994;310505;1215;349470;41608669;38790945;15553863;39487;16625696
FR;1;2021-12-23;21234;52353;241390;954;272978;41629903;38843298;15795253;40441;16898674
FR;1;2021-12-24;7099;18255;67109;256;77029;41637002;38861553;15862362;40697;16975703
FR;1;2021-12-25;500;2765;5567;15;6528;41637502;38864318;15867929;40712;16982231
FR;1;2021-12-26;2748;7600;26922;70;31448;41640250;38871918;15894851;40782;17013679
FR;1;2021-12-27;18206;53575;235017;707;265708;41658456;38925493;16129868;41489;17279387
FR;1;2021-12-28;23250;62033;291948;1025;330141;41681706;38987526;16421816;42514;17609528
FR;1;2021-12-29;22193;55560;254912;918;288131;41703899;39043086;16676728;43432;17897659
FR;1;2021-12-30;21221;46364;212094;857;239563;41725120;39089450;16888822;44289;18137222
FR;1;2021-12-31;7457;16604;61832;229;70354;41732577;39106054;16950654;44518;18207576
FR;1;2022-01-01;946;2480;5644;29;6575;41733523;39108534;16956298;44547;18214151
FR;1;2022-01-02;3043;8066;28872;50;33525;41736566;39116600;16985170;44597;18247676
FR;1;2022-01-03;20102;53906;228109;786;257515;41756668;39170506;17213279;45383;18505191
FR;1;2022-01-04;25045;64848;299145;1235;337189;41781713;39235354;17512424;46618;18842380
FR;1;2022-01-05;29731;63940;274766;1098;310109;41811444;39299294;17787190;47716;19152489
FR;1;2022-01-06;26528;65984;306796;1395;346427;41837972;39365278;18093986;49111;19498916
FR;1;2022-01-07;31321;74666;349752;1534;393836;41869293;39439944;18443738;50645;19892752
FR;1;2022-01-08;23342;51387;222460;695;251093;41892635;39491331;18666198;51340;20143845
FR;1;2022-01-09;7074;17194;66012;163;76154;41899709;39508525;18732210;51503;20219999
FR;1;2022-01-10;21462;55955;236690;952;267087;41921171;39564480;18968900;52455;20487086
FR;1;2022-01-11;26489;63155;282196;1277;317737;41947660;39627635;19251096;53732;20804823
FR;1;2022-01-12;28732;62264;246144;1103;277918;41976392;39689899;19497240;54835;21082741
FR;1;2022-01-13;24446;59965;262705;1253;296056;42000838;39749864;19759945;56088;21378797
FR;1;2022-01-14;27782;66534;313899;1366;351179;42028620;39816398;20073844;57454;21729976
FR;1;2022-01-15;19258;44347;199269;619;223843;42047878;39860745;20273113;58073;21953819
FR;1;2022-01-16;5134;12997;51495;135;59574;42053012;39873742;20324608;58208;22013393
FR;1;2022-01-17;16739;39722;184774;779;206814;42069751;39913464;20509382;58987;22220207
FR;1;2022-01-18;19240;45747;212350;1151;236980;42088991;39959211;20721732;60138;22457187
FR;1;2022-01-19;20153;43925;176039;894;197169;42109144;40003136;20897771;61032;22654356
FR;1;2022-01-20;16603;40390;183579;1137;204667;42125747;40043526;21081350;62169;22859023
FR;1;2022-01-21;19716;46950;228883;1405;253299;42145463;40090476;21310233;63574;23112322
FR;1;2022-01-22;13826;33248;144466;578;161362;42159289;40123724;21454699;64152;23273684
FR;1;2022-01-23;3345;8804;33402;130;38326;42162634;40132528;21488101;64282;23312010
FR;1;2022-01-24;11728;32672;142155;706;158238;42174362;40165200;21630256;64988;23470248
FR;1;2022-01-25;14096;38029;163336;1049;181521;42188458;40203229;21793592;66037;23651769
FR;1;2022-01-26;14826;37397;150196;931;166257;42203284;40240626;21943788;66968;23818026
FR;1;2022-01-27;12286;32955;143391;882;157872;42215570;40273581;22087179;67850;23975898
FR;1;2022-01-28;16248;53867;198246;1144;222442;42231818;40327448;22285425;68994;24198340
FR;1;2022-01-29;10257;35436;135175;522;151544;42242075;40362884;22420600;69516;24349884
FR;1;2022-01-30;2474;9301;29666;86;34464;42244549;40372185;22450266;69602;24384348
FR;1;2022-01-31;8728;32352;104300;530;117388;42253277;40404537;22554566;70132;24501736
FR;1;2022-02-01;10181;36268;127018;863;141227;42263458;40440805;22681584;70995;24642963
FR;1;2022-02-02;11491;41142;130293;780;145835;42274949;40481947;22811877;71775;24788798
FR;1;2022-02-03;8756;33408;116949;780;130347;42283705;40515355;22928826;72555;24919145
FR;1;2022-02-04;11393;48102;172520;965;192781;42295098;40563457;23101346;73520;25111926
FR;1;2022-02-05;7883;33903;117552;391;133055;42302981;40597360;23218898;73911;25244981
FR;1;2022-02-06;1689;8052;22735;84;26906;42304670;40605412;23241633;73995;25271887
FR;1;2022-02-07;7129;35355;119041;452;134966;42311799;40640767;23360674;74447;25406853
FR;1;2022-02-08;7563;31556;125599;694;140572;42319362;40672323;23486273;75141;25547425
FR;1;2022-02-09;8460;36163;135205;694;152420;42327822;40708486;23621478;75835;25699845
FR;1;2022-02-10;6582;29318;116294;674;130045;42334404;40737804;23737772;76509;25829890
FR;1;2022-02-11;8560;41331;165078;875;185284;42342964;40779135;23902850;77384;26015174
FR;1;2022-02-12;5292;27529;106670;378;120843;42348256;40806664;24009520;77762;26136017
FR;1;2022-02-13;1223;5699;21703;65;25315;42349479;40812363;24031223;77827;26161332
FR;1;2022-02-14;5376;27075;118033;388;133054;42354855;40839438;24149256;78215;26294386
FR;1;2022-02-15;5585;28110;118847;609;132440;42360440;40867548;24268103;78824;26426826
FR;1;2022-02-16;5644;28142;110372;595;122972;42366084;40895690;24378475;79419;26549798
FR;1;2022-02-17;4414;19154;73093;486;80145;42370498;40914844;24451568;79905;26629943
FR;1;2022-02-18;5490;26456;99152;668;108092;42375988;40941300;24550720;80573;26738035
FR;1;2022-02-19;3532;17080;59458;304;66029;42379520;40958380;24610178;80877;26804064
FR;1;2022-02-20;783;3225;10690;35;12313;42380303;40961605;24620868;80912;26816377
FR;1;2022-02-21;3356;14468;52791;286;57636;42383659;40976073;24673659;81198;26874013
FR;1;2022-02-22;3717;15364;51869;499;55593;42387376;40991437;24725528;81697;26929606
FR;1;2022-02-23;4157;17615;57445;508;62546;42391533;41009052;24782973;82205;26992152
FR;1;2022-02-24;3239;12756;43569;436;46350;42394772;41021808;24826542;82641;27038502
FR;1;2022-02-25;4395;19397;64844;695;68706;42399167;41041205;24891386;83336;27107208
FR;1;2022-02-26;2677;12683;41344;308;45097;42401844;41053888;24932730;83644;27152305
FR;1;2022-02-27;639;2168;7116;42;7981;42402483;41056056;24939846;83686;27160286
FR;1;2022-02-28;2563;10191;34924;301;37346;42405046;41066247;24974770;83987;27197632
FR;1;2022-03-01;2723;10395;38640;389;39563;42407769;41076642;25013410;84376;27237195
FR;1;2022-03-02;3437;11882;41807;390;43857;42411206;41088524;25055217;84766;27281052
FR;1;2022-03-03;2290;7558;26119;319;26431;42413496;41096082;25081336;85085;27307483
FR;1;2022-03-04;2651;10221;35389;575;34866;42416147;41106303;25116725;85660;27342349
FR;1;2022-03-05;1673;6290;21941;278;22327;42417820;41112593;25138666;85938;27364676
FR;1;2022-03-06;349;938;2914;37;3112;42418169;41113531;25141580;85975;27367788
FR;1;2022-03-07;1382;4565;16405;244;15861;42419551;41118096;25157985;86219;27383649
FR;1;2022-03-08;1535;5087;17125;307;15946;42421086;41123183;25175110;86526;27399595
FR;1;2022-03-09;1862;6470;19775;367;19122;42422948;41129653;25194885;86893;27418717
FR;1;2022-03-10;1299;4412;15195;305;14208;42424247;41134065;25210080;87198;27432925
FR;1;2022-03-11;1691;6147;21672;480;19820;42425938;41140212;25231752;87678;27452745
FR;1;2022-03-12;1227;4596;15350;276;14896;42427165;41144808;25247102;87954;27467641
FR;1;2022-03-13;240;604;2102;115;2050;42427405;41145412;25249204;88069;27469691
FR;1;2022-03-14;1070;3554;13362;3873;12485;42428475;41148966;25262566;91942;27482176
FR;1;2022-03-15;1256;3834;14517;6861;12995;42429731;41152800;25277083;98803;27495171
FR;1;2022-03-16;1600;4749;17336;11513;16388;42431331;41157549;25294419;110316;27511559
FR;1;2022-03-17;1093;3165;11680;9637;10774;42432424;41160714;25306099;119953;27522333
FR;1;2022-03-18;1661;4709;17914;16485;16340;42434085;41165423;25324013;136438;27538673
FR;1;2022-03-19;1109;3174;11880;8450;11344;42435194;41168597;25335893;144888;27550017
FR;1;2022-03-20;218;534;1716;1006;1749;42435412;41169131;25337609;145894;27551766
FR;1;2022-03-21;1037;2679;11470;13442;10813;42436449;41171810;25349079;159336;27562579
FR;1;2022-03-22;1188;3062;12218;18682;11205;42437637;41174872;25361297;178018;27573784
FR;1;2022-03-23;1463;4158;15959;20090;15638;42439100;41179030;25377256;198108;27589422
FR;1;2022-03-24;1069;2515;10354;16012;9606;42440169;41181545;25387610;214120;27599028
FR;1;2022-03-25;1497;4014;16676;25280;15319;42441666;41185559;25404286;239400;27614347
FR;1;2022-03-26;1097;2837;10837;11431;10495;42442763;41188396;25415123;250831;27624842
FR;1;2022-03-27;228;537;1727;1376;1779;42442991;41188933;25416850;252207;27626621
FR;1;2022-03-28;1034;2348;9914;15861;9535;42444025;41191281;25426764;268068;27636156
FR;1;2022-03-29;1109;2697;11515;25060;10883;42445134;41193978;25438279;293128;27647039
FR;1;2022-03-30;1593;3456;14103;24144;13632;42446727;41197434;25452382;317272;27660671
FR;1;2022-03-31;1259;2598;11578;22546;11082;42447986;41200032;25463960;339818;27671753
FR;1;2022-04-01;1651;3723;18396;28446;17241;42449637;41203755;25482356;368264;27688994
FR;1;2022-04-02;881;1852;8173;9205;7921;42450518;41205607;25490529;377469;27696915
FR;1;2022-04-03;187;364;1426;1056;1427;42450705;41205971;25491955;378525;27698342
FR;1;2022-04-04;1052;2144;11232;17616;10605;42451757;41208115;25503187;396141;27708947
FR;1;2022-04-05;1244;2477;12917;31093;11934;42453001;41210592;25516104;427234;27720881
FR;1;2022-04-06;1316;2687;12097;23756;11509;42454317;41213279;25528201;450990;27732390
FR;1;2022-04-07;1131;2467;12263;30893;11720;42455448;41215746;25540464;481883;27744110
FR;1;2022-04-08;1556;3456;17468;40396;16383;42457004;41219202;25557932;522279;27760493
FR;1;2022-04-09;800;1971;8380;12474;8074;42457804;41221173;25566312;534753;27768567
FR;1;2022-04-10;185;454;1817;1831;1848;42457989;41221627;25568129;536584;27770415
FR;1;2022-04-11;942;2100;10917;22103;10626;42458931;41223727;25579046;558687;27781041
FR;1;2022-04-12;1190;2374;12711;37795;12201;42460121;41226101;25591757;596482;27793242
FR;1;2022-04-13;1157;2583;12171;30296;11885;42461278;41228684;25603928;626778;27805127
FR;1;2022-04-14;1168;2280;11957;33241;11940;42462446;41230964;25615885;660019;27817067
FR;1;2022-04-15;1407;2771;14285;32958;13658;42463853;41233735;25630170;692977;27830725
FR;1;2022-04-16;647;1386;5817;7970;5738;42464500;41235121;25635987;700947;27836463
FR;1;2022-04-17;148;271;927;1101;969;42464648;41235392;25636914;702048;27837432
FR;1;2022-04-18;116;371;2598;968;2621;42464764;41235763;25639512;703016;27840053
FR;1;2022-04-19;1180;2477;11704;27661;11384;42465944;41238240;25651216;730677;27851437
FR;1;2022-04-20;1250;2508;12054;26587;11878;42467194;41240748;25663270;757264;27863315
FR;1;2022-04-21;1201;2330;11414;32812;11569;42468395;41243078;25674684;790076;27874884
FR;1;2022-04-22;1467;2936;15128;35280;14707;42469862;41246014;25689812;825356;27889591
FR;1;2022-04-23;736;1552;6702;9867;6604;42470598;41247566;25696514;835223;27896195
FR;1;2022-04-24;184;355;1367;1510;1319;42470782;41247921;25697881;836733;27897514
FR;1;2022-04-25;983;2034;9800;19488;9685;42471765;41249955;25707681;856221;27907199
FR;1;2022-04-26;1286;2566;12511;36173;12102;42473051;41252521;25720192;892394;27919301
FR;1;2022-04-27;1267;2345;10549;28753;10661;42474318;41254866;25730741;921147;27929962
FR;1;2022-04-28;1240;2273;11432;33748;11255;42475558;41257139;25742173;954895;27941217
FR;1;2022-04-29;1555;2890;14217;35102;13648;42477113;41260029;25756390;989997;27954865
FR;1;2022-04-30;797;1429;6291;9091;6123;42477910;41261458;25762681;999088;27960988
FR;1;2022-05-01;142;259;800;909;795;42478052;41261717;25763481;999997;27961783
FR;1;2022-05-02;878;1793;10055;16556;9927;42478930;41263510;25773536;1016553;27971710
FR;1;2022-05-03;1337;2485;12301;32362;12207;42480267;41265995;25785837;1048915;27983917
FR;1;2022-05-04;1257;2381;10722;23345;10857;42481524;41268376;25796559;1072260;27994774
FR;1;2022-05-05;1301;2311;11294;31180;11096;42482825;41270687;25807853;1103440;28005870
FR;1;2022-05-06;1643;3076;13948;34523;13500;42484468;41273763;25821801;1137963;28019370
FR;1;2022-05-07;809;1440;5887;9038;5921;42485277;41275203;25827688;1147001;28025291
FR;1;2022-05-08;180;315;1037;1446;1098;42485457;41275518;25828725;1148447;28026389
FR;1;2022-05-09;991;1808;8905;18909;8817;42486448;41277326;25837630;1167356;28035206
FR;1;2022-05-10;1335;2456;12013;36400;11646;42487783;41279782;25849643;1203756;28046852
FR;1;2022-05-11;1348;2148;9408;25558;9310;42489131;41281930;25859051;1229314;28056162
FR;1;2022-05-12;1228;2182;10069;32849;9731;42490359;41284112;25869120;1262163;28065893
FR;1;2022-05-13;1542;2661;12382;35247;12037;42491901;41286773;25881502;1297410;28077930
FR;1;2022-05-14;747;1247;5114;10097;4996;42492648;41288020;25886616;1307507;28082926
FR;1;2022-05-15;201;347;1041;1322;1122;42492849;41288367;25887657;1308829;28084048
FR;1;2022-05-16;893;1600;7107;19482;7162;42493742;41289967;25894764;1328311;28091210
FR;1;2022-05-17;1212;2106;10115;35229;9740;42494954;41292073;25904879;1363540;28100950
FR;1;2022-05-18;1211;1919;8078;25136;8017;42496165;41293992;25912957;1388676;28108967
FR;1;2022-05-19;1124;2164;8914;32632;8862;42497289;41296156;25921871;1421308;28117829
FR;1;2022-05-20;1503;2504;11161;36834;10802;42498792;41298660;25933032;1458142;28128631
FR;1;2022-05-21;751;1289;4648;9173;4607;42499543;41299949;25937680;1467315;28133238
FR;1;2022-05-22;171;263;899;1284;893;42499714;41300212;25938579;1468599;28134131
FR;1;2022-05-23;869;1596;6525;18462;6468;42500583;41301808;25945104;1487061;28140599
FR;1;2022-05-24;1198;2220;9442;35428;9226;42501781;41304028;25954546;1522489;28149825
FR;1;2022-05-25;1179;2078;7783;22498;7970;42502960;41306106;25962329;1544987;28157795
FR;1;2022-05-26;130;223;711;941;743;42503090;41306329;25963040;1545928;28158538
FR;1;2022-05-27;1001;1935;7417;19726;7262;42504091;41308264;25970457;1565654;28165800
FR;1;2022-05-28;439;944;3224;6302;3261;42504530;41309208;25973681;1571956;28169061
FR;1;2022-05-29;98;203;608;743;611;42504628;41309411;25974289;1572699;28169672
FR;2;2020-12-27;0;0;0;0;0;0;0;0;0;0
FR;2;2020-12-28;0;0;0;0;0;0;0;0;0;0
FR;2;2020-12-29;0;0;0;0;0;0;0;0;0;0
FR;2;2020-12-30;0;0;0;0;0;0;0;0;0;0
FR;2;2020-12-31;0;0;0;0;0;0;0;0;0;0
FR;2;2021-01-01;0;0;0;0;0;0;0;0;0;0
FR;2;2021-01-02;0;0;0;0;0;0;0;0;0;0
FR;2;2021-01-03;0;0;0;0;0;0;0;0;0;0
FR;2;2021-01-04;0;0;0;0;0;0;0;0;0;0
FR;2;2021-01-05;0;0;0;0;0;0;0;0;0;0
FR;2;2021-01-06;0;0;0;0;0;0;0;0;0;0
FR;2;2021-01-07;0;0;0;0;0;0;0;0;0;0
FR;2;2021-01-08;0;0;0;0;0;0;0;0;0;0
FR;2;2021-01-09;0;0;0;0;0;0;0;0;0;0
FR;2;2021-01-10;0;0;0;0;0;0;0;0;0;0
FR;2;2021-01-11;0;0;0;0;0;0;0;0;0;0
FR;2;2021-01-12;0;0;0;0;0;0;0;0;0;0
FR;2;2021-01-13;0;0;0;0;0;0;0;0;0;0
FR;2;2021-01-14;1687;0;0;0;0;1687;0;0;0;0
FR;2;2021-01-15;396;0;0;0;0;2083;0;0;0;0
FR;2;2021-01-16;315;0;0;0;0;2398;0;0;0;0
FR;2;2021-01-17;80;0;0;0;0;2478;0;0;0;0
FR;2;2021-01-18;3073;2;0;0;0;5551;2;0;0;0
FR;2;2021-01-19;4676;0;0;0;0;10227;2;0;0;0
FR;2;2021-01-20;5135;4;0;0;0;15362;6;0;0;0
FR;2;2021-01-21;5338;8;0;0;0;20700;14;0;0;0
FR;2;2021-01-22;5115;6;0;0;0;25815;20;0;0;0
FR;2;2021-01-23;1866;0;0;0;0;27681;20;0;0;0
FR;2;2021-01-24;160;1;0;0;0;27841;21;0;0;0
FR;2;2021-01-25;3811;3;0;0;0;31652;24;0;0;0
FR;2;2021-01-26;3919;1;0;0;0;35571;25;0;0;0
FR;2;2021-01-27;3598;2;0;0;0;39169;27;0;0;0
FR;2;2021-01-28;3747;7;0;0;0;42916;34;0;0;0
FR;2;2021-01-29;3291;2;0;0;0;46207;36;0;0;0
FR;2;2021-01-30;1130;1;0;0;0;47337;37;0;0;0
FR;2;2021-01-31;45;1;0;0;0;47382;38;0;0;0
FR;2;2021-02-01;3399;3;0;0;0;50781;41;0;0;0
FR;2;2021-02-02;4487;10;0;0;0;55268;51;0;0;0
FR;2;2021-02-03;5217;6;0;0;0;60485;57;0;0;0
FR;2;2021-02-04;4931;10;0;0;0;65416;67;0;0;0
FR;2;2021-02-05;4810;13;0;0;0;70226;80;0;0;0
FR;2;2021-02-06;2040;12;0;0;0;72266;92;0;0;0
FR;2;2021-02-07;101;4;0;0;0;72367;96;0;0;0
FR;2;2021-02-08;7553;19;0;0;0;79920;115;0;0;0
FR;2;2021-02-09;8420;28;0;0;0;88340;143;0;0;0
FR;2;2021-02-10;9338;58;0;0;0;97678;201;0;0;0
FR;2;2021-02-11;10279;97;0;0;0;107957;298;0;0;0
FR;2;2021-02-12;10053;260;0;0;0;118010;558;0;0;0
FR;2;2021-02-13;3118;226;0;0;0;121128;784;0;0;0
FR;2;2021-02-14;355;8;0;0;0;121483;792;0;0;0
FR;2;2021-02-15;3454;3098;0;0;0;124937;3890;0;0;0
FR;2;2021-02-16;5066;4028;0;0;0;130003;7918;0;0;0
FR;2;2021-02-17;4253;4468;0;0;0;134256;12386;0;0;0
FR;2;2021-02-18;5400;5115;0;0;0;139656;17501;0;0;0
FR;2;2021-02-19;5324;4398;0;0;0;144980;21899;0;0;0
FR;2;2021-02-20;1869;1508;0;0;0;146849;23407;0;0;0
FR;2;2021-02-21;242;88;0;0;0;147091;23495;0;0;0
FR;2;2021-02-22;3611;3749;0;0;0;150702;27244;0;0;0
FR;2;2021-02-23;4952;3692;0;0;0;155654;30936;0;0;0
FR;2;2021-02-24;5010;3495;0;0;0;160664;34431;0;0;0
FR;2;2021-02-25;5482;3454;0;0;0;166146;37885;0;0;0
FR;2;2021-02-26;4361;3147;0;0;0;170507;41032;0;0;0
FR;2;2021-02-27;1623;1053;0;0;0;172130;42085;0;0;0
FR;2;2021-02-28;177;29;0;0;0;172307;42114;0;0;0
FR;2;2021-03-01;5178;3729;0;0;0;177485;45843;0;0;0
FR;2;2021-03-02;6528;4728;0;0;0;184013;50571;0;0;0
FR;2;2021-03-03;6534;4920;0;0;0;190547;55491;0;0;0
FR;2;2021-03-04;8396;4055;0;0;0;198943;59546;0;0;0
FR;2;2021-03-05;8027;4062;0;0;0;206970;63608;0;0;0
FR;2;2021-03-06;4783;1683;0;0;0;211753;65291;0;0;0
FR;2;2021-03-07;2372;30;0;0;0;214125;65321;0;0;0
FR;2;2021-03-08;4164;8333;0;0;0;218289;73654;0;0;0
FR;2;2021-03-09;7485;8496;1;0;0;225774;82150;1;0;0
FR;2;2021-03-10;7098;9141;0;0;0;232872;91291;1;0;0
FR;2;2021-03-11;9372;9241;1;0;0;242244;100532;2;0;0
FR;2;2021-03-12;7972;8222;0;0;0;250216;108754;2;0;0
FR;2;2021-03-13;10046;2558;0;0;0;260262;111312;2;0;0
FR;2;2021-03-14;4838;404;0;0;0;265100;111716;2;0;0
FR;2;2021-03-15;10905;3487;0;0;0;276005;115203;2;0;0
FR;2;2021-03-16;16761;4648;1;0;0;292766;119851;3;0;0
FR;2;2021-03-17;20226;3973;0;0;0;312992;123824;3;0;0
FR;2;2021-03-18;23364;4973;0;0;0;336356;128797;3;0;0
FR;2;2021-03-19;23302;4577;0;0;0;359658;133374;3;0;0
FR;2;2021-03-20;25443;1548;0;0;0;385101;134922;3;0;0
FR;2;2021-03-21;17669;150;0;0;0;402770;135072;3;0;0
FR;2;2021-03-22;17782;3140;0;0;0;420552;138212;3;0;0
FR;2;2021-03-23;22686;4202;0;0;0;443238;142414;3;0;0
FR;2;2021-03-24;23954;5017;0;0;0;467192;147431;3;0;0
FR;2;2021-03-25;26738;5138;1;0;0;493930;152569;4;0;0
FR;2;2021-03-26;26976;4238;0;0;0;520906;156807;4;0;0
FR;2;2021-03-27;15918;1330;0;0;0;536824;158137;4;0;0
FR;2;2021-03-28;10561;120;0;0;0;547385;158257;4;0;0
FR;2;2021-03-29;18986;4288;0;0;0;566371;162545;4;0;0
FR;2;2021-03-30;24575;6027;0;0;0;590946;168572;4;0;0
FR;2;2021-03-31;28553;5927;0;0;0;619499;174499;4;0;0
FR;2;2021-04-01;34544;8499;1;0;0;654043;182998;5;0;0
FR;2;2021-04-02;29976;7668;0;0;0;684019;190666;5;0;0
FR;2;2021-04-03;16953;3784;0;0;0;700972;194450;5;0;0
FR;2;2021-04-04;9305;1024;2;0;0;710277;195474;7;0;0
FR;2;2021-04-05;12443;805;0;0;0;722720;196279;7;0;0
FR;2;2021-04-06;27143;7032;0;0;0;749863;203311;7;0;0
FR;2;2021-04-07;30926;7142;1;0;0;780789;210453;8;0;0
FR;2;2021-04-08;36879;8728;1;0;0;817668;219181;9;0;0
FR;2;2021-04-09;33835;8542;28;0;0;851503;227723;37;0;0
FR;2;2021-04-10;19678;9025;1;0;0;871181;236748;38;0;0
FR;2;2021-04-11;7941;4255;1;0;0;879122;241003;39;0;0
FR;2;2021-04-12;17121;11143;0;0;0;896243;252146;39;0;0
FR;2;2021-04-13;19448;16193;1;0;0;915691;268339;40;0;0
FR;2;2021-04-14;18060;16307;7;0;0;933751;284646;47;0;0
FR;2;2021-04-15;22186;20997;27;0;0;955937;305643;74;0;0
FR;2;2021-04-16;20705;20147;45;0;0;976642;325790;119;0;0
FR;2;2021-04-17;13253;22427;5;0;0;989895;348217;124;0;0
FR;2;2021-04-18;5907;14394;6;0;0;995802;362611;130;0;0
FR;2;2021-04-19;16831;16274;24;0;0;1012633;378885;154;0;0
FR;2;2021-04-20;19319;21588;38;0;0;1031952;400473;192;0;0
FR;2;2021-04-21;20280;21704;76;0;0;1052232;422177;268;0;0
FR;2;2021-04-22;23810;24868;41;0;0;1076042;447045;309;0;0
FR;2;2021-04-23;24516;25353;76;0;0;1100558;472398;385;0;0
FR;2;2021-04-24;25301;15087;104;0;0;1125859;487485;489;0;0
FR;2;2021-04-25;9592;8601;5;0;0;1135451;496086;494;0;0
FR;2;2021-04-26;17157;17259;21;0;0;1152608;513345;515;0;0
FR;2;2021-04-27;19240;24222;40;0;0;1171848;537567;555;0;0
FR;2;2021-04-28;22333;26221;112;0;0;1194181;563788;667;0;0
FR;2;2021-04-29;25465;30147;69;0;0;1219646;593935;736;0;0
FR;2;2021-04-30;25529;27741;49;1;0;1245175;621676;785;1;0
FR;2;2021-05-01;14981;9875;6;0;0;1260156;631551;791;1;0
FR;2;2021-05-02;6635;9174;2;0;0;1266791;640725;793;1;0
FR;2;2021-05-03;20012;19245;40;0;0;1286803;659970;833;1;0
FR;2;2021-05-04;18280;29044;33;0;0;1305083;689014;866;1;0
FR;2;2021-05-05;18359;29387;48;0;0;1323442;718401;914;1;0
FR;2;2021-05-06;23539;35240;131;0;0;1346981;753641;1045;1;0
FR;2;2021-05-07;25322;33193;97;0;0;1372303;786834;1142;1;0
FR;2;2021-05-08;21337;9827;14;0;0;1393640;796661;1156;1;0
FR;2;2021-05-09;13162;7839;7;0;0;1406802;804500;1163;1;0
FR;2;2021-05-10;32937;22116;49;0;0;1439739;826616;1212;1;0
FR;2;2021-05-11;43595;21026;101;0;0;1483334;847642;1313;1;0
FR;2;2021-05-12;50040;19833;143;0;0;1533374;867475;1456;1;0
FR;2;2021-05-13;51289;5744;31;0;0;1584663;873219;1487;1;0
FR;2;2021-05-14;61343;12913;132;0;0;1646006;886132;1619;1;0
FR;2;2021-05-15;65925;7139;39;0;0;1711931;893271;1658;1;0
FR;2;2021-05-16;43581;2566;10;0;0;1755512;895837;1668;1;0
FR;2;2021-05-17;44742;12569;114;0;0;1800254;908406;1782;1;0
FR;2;2021-05-18;54633;12240;191;0;0;1854887;920646;1973;1;0
FR;2;2021-05-19;57163;10592;281;0;0;1912050;931238;2254;1;0
FR;2;2021-05-20;63431;10834;287;0;0;1975481;942072;2541;1;0
FR;2;2021-05-21;64289;11637;230;0;0;2039770;953709;2771;1;0
FR;2;2021-05-22;61479;4506;65;0;0;2101249;958215;2836;1;0
FR;2;2021-05-23;37531;570;22;0;0;2138780;958785;2858;1;0
FR;2;2021-05-24;17235;2035;34;0;0;2156015;960820;2892;1;0
FR;2;2021-05-25;21104;12224;240;0;0;2177119;973044;3132;1;0
FR;2;2021-05-26;19933;11458;229;0;0;2197052;984502;3361;1;0
FR;2;2021-05-27;22994;12661;182;0;0;2220046;997163;3543;1;0
FR;2;2021-05-28;29389;14946;190;0;0;2249435;1012109;3733;1;0
FR;2;2021-05-29;30418;8179;57;0;0;2279853;1020288;3790;1;0
FR;2;2021-05-30;4646;1816;6;0;0;2284499;1022104;3796;1;0
FR;2;2021-05-31;28584;18717;183;0;0;2313083;1040821;3979;1;0
FR;2;2021-06-01;45711;20000;224;0;0;2358794;1060821;4203;1;0
FR;2;2021-06-02;37463;19291;181;0;0;2396257;1080112;4384;1;0
FR;2;2021-06-03;51270;23316;161;0;0;2447527;1103428;4545;1;0
FR;2;2021-06-04;65508;24052;215;0;0;2513035;1127480;4760;1;0
FR;2;2021-06-05;34598;24033;51;0;0;2547633;1151513;4811;1;0
FR;2;2021-06-06;4953;6198;10;0;0;2552586;1157711;4821;1;0
FR;2;2021-06-07;28165;23040;146;0;0;2580751;1180751;4967;1;0
FR;2;2021-06-08;46369;22918;143;0;0;2627120;1203669;5110;1;0
FR;2;2021-06-09;34285;20912;107;0;0;2661405;1224581;5217;1;0
FR;2;2021-06-10;42635;19132;95;1;0;2704040;1243713;5312;2;0
FR;2;2021-06-11;55287;25223;134;0;0;2759327;1268936;5446;2;0
FR;2;2021-06-12;30559;19777;53;0;0;2789886;1288713;5499;2;0
FR;2;2021-06-13;3329;9186;13;0;0;2793215;1297899;5512;2;0
FR;2;2021-06-14;25295;24155;92;0;0;2818510;1322054;5604;2;0
FR;2;2021-06-15;39033;22841;154;0;0;2857543;1344895;5758;2;0
FR;2;2021-06-16;30159;21437;134;0;0;2887702;1366332;5892;2;0
FR;2;2021-06-17;36905;25854;150;0;0;2924607;1392186;6042;2;0
FR;2;2021-06-18;46845;28815;122;0;0;2971452;1421001;6164;2;0
FR;2;2021-06-19;24524;24891;39;0;0;2995976;1445892;6203;2;0
FR;2;2021-06-20;3740;10065;10;0;0;2999716;1455957;6213;2;0
FR;2;2021-06-21;17522;42840;87;0;0;3017238;1498797;6300;2;0
FR;2;2021-06-22;28355;49564;110;0;0;3045593;1548361;6410;2;0
FR;2;2021-06-23;21788;49559;107;1;1;3067381;1597920;6517;3;1
FR;2;2021-06-24;28375;50277;133;0;0;3095756;1648197;6650;3;1
FR;2;2021-06-25;33399;60397;127;0;0;3129155;1708594;6777;3;1
FR;2;2021-06-26;16379;59249;54;1;0;3145534;1767843;6831;4;1
FR;2;2021-06-27;2564;29322;22;1;0;3148098;1797165;6853;5;1
FR;2;2021-06-28;12637;54338;82;0;0;3160735;1851503;6935;5;1
FR;2;2021-06-29;19841;59886;178;0;0;3180576;1911389;7113;5;1
FR;2;2021-06-30;16322;57876;252;17;0;3196898;1969265;7365;22;1
FR;2;2021-07-01;20483;59889;227;0;0;3217381;2029154;7592;22;1
FR;2;2021-07-02;24069;62138;184;0;0;3241450;2091292;7776;22;1
FR;2;2021-07-03;12111;57083;153;0;0;3253561;2148375;7929;22;1
FR;2;2021-07-04;1958;23310;18;0;0;3255519;2171685;7947;22;1
FR;2;2021-07-05;9171;29364;106;0;0;3264690;2201049;8053;22;1
FR;2;2021-07-06;14575;36205;135;0;0;3279265;2237254;8188;22;1
FR;2;2021-07-07;14403;33671;139;0;0;3293668;2270925;8327;22;1
FR;2;2021-07-08;19714;40295;162;0;0;3313382;2311220;8489;22;1
FR;2;2021-07-09;27094;54279;202;1;0;3340476;2365499;8691;23;1
FR;2;2021-07-10;13384;33667;107;0;0;3353860;2399166;8798;23;1
FR;2;2021-07-11;1805;4352;16;0;0;3355665;2403518;8814;23;1
FR;2;2021-07-12;12963;37276;118;0;0;3368628;2440794;8932;23;1
FR;2;2021-07-13;37110;53217;150;0;0;3405738;2494011;9082;23;1
FR;2;2021-07-14;6609;3560;15;0;0;3412347;2497571;9097;23;1
FR;2;2021-07-15;47232;47027;156;0;0;3459579;2544598;9253;23;1
FR;2;2021-07-16;64306;55812;187;0;0;3523885;2600410;9440;23;1
FR;2;2021-07-17;31594;23931;96;0;0;3555479;2624341;9536;23;1
FR;2;2021-07-18;6087;4881;19;0;0;3561566;2629222;9555;23;1
FR;2;2021-07-19;32988;28685;94;0;0;3594554;2657907;9649;23;1
FR;2;2021-07-20;51989;44565;155;0;0;3646543;2702472;9804;23;1
FR;2;2021-07-21;45244;34756;93;0;0;3691787;2737228;9897;23;1
FR;2;2021-07-22;56273;41094;128;1;0;3748060;2778322;10025;24;1
FR;2;2021-07-23;68276;49076;170;0;0;3816336;2827398;10195;24;1
FR;2;2021-07-24;36166;21595;82;0;0;3852502;2848993;10277;24;1
FR;2;2021-07-25;6743;2650;10;0;0;3859245;2851643;10287;24;1
FR;2;2021-07-26;36299;22448;91;1;0;3895544;2874091;10378;25;1
FR;2;2021-07-27;62360;34619;180;0;0;3957904;2908710;10558;25;1
FR;2;2021-07-28;55298;26453;132;0;0;4013202;2935163;10690;25;1
FR;2;2021-07-29;68455;32784;189;0;0;4081657;2967947;10879;25;1
FR;2;2021-07-30;74433;37773;222;1;1;4156090;3005720;11101;26;2
FR;2;2021-07-31;34751;16191;104;0;0;4190841;3021911;11205;26;2
FR;2;2021-08-01;5397;2280;19;0;0;4196238;3024191;11224;26;2
FR;2;2021-08-02;35860;16203;101;0;0;4232098;3040394;11325;26;2
FR;2;2021-08-03;55961;28288;142;0;0;4288059;3068682;11467;26;2
FR;2;2021-08-04;46625;20862;128;1;0;4334684;3089544;11595;27;2
FR;2;2021-08-05;54618;31587;215;0;0;4389302;3121131;11810;27;2
FR;2;2021-08-06;58081;42393;242;1;0;4447383;3163524;12052;28;2
FR;2;2021-08-07;25134;17604;89;0;0;4472517;3181128;12141;28;2
FR;2;2021-08-08;3833;3668;21;0;0;4476350;3184796;12162;28;2
FR;2;2021-08-09;29298;21129;91;0;0;4505648;3205925;12253;28;2
FR;2;2021-08-10;44989;33517;154;0;0;4550637;3239442;12407;28;2
FR;2;2021-08-11;35264;25172;151;0;0;4585901;3264614;12558;28;2
FR;2;2021-08-12;41893;35731;162;0;0;4627794;3300345;12720;28;2
FR;2;2021-08-13;42587;37068;218;0;0;4670381;3337413;12938;28;2
FR;2;2021-08-14;18508;22250;93;0;0;4688889;3359663;13031;28;2
FR;2;2021-08-15;3821;3814;17;0;0;4692710;3363477;13048;28;2
FR;2;2021-08-16;25079;27196;110;0;0;4717789;3390673;13158;28;2
FR;2;2021-08-17;38249;43484;205;2;0;4756038;3434157;13363;30;2
FR;2;2021-08-18;32246;36368;195;1;1;4788284;3470525;13558;31;3
FR;2;2021-08-19;37428;46583;224;0;0;4825712;3517108;13782;31;3
FR;2;2021-08-20;40556;55606;269;1;0;4866268;3572714;14051;32;3
FR;2;2021-08-21;18116;24309;115;0;0;4884384;3597023;14166;32;3
FR;2;2021-08-22;2904;4319;22;1;1;4887288;3601342;14188;33;4
FR;2;2021-08-23;19240;35162;131;1;0;4906528;3636504;14319;34;4
FR;2;2021-08-24;31941;56031;235;0;0;4938469;3692535;14554;34;4
FR;2;2021-08-25;25926;43431;250;0;0;4964395;3735966;14804;34;4
FR;2;2021-08-26;32350;55787;387;0;0;4996745;3791753;15191;34;4
FR;2;2021-08-27;36992;65594;478;2;0;5033737;3857347;15669;36;4
FR;2;2021-08-28;17814;28484;300;0;0;5051551;3885831;15969;36;4
FR;2;2021-08-29;2655;5035;47;0;0;5054206;3890866;16016;36;4
FR;2;2021-08-30;18409;37745;399;0;756;5072615;3928611;16415;36;760
FR;2;2021-08-31;28077;57493;885;4;1537;5100692;3986104;17300;40;2297
FR;2;2021-09-01;21590;39843;1307;0;2092;5122282;4025947;18607;40;4389
FR;2;2021-09-02;25478;48611;1962;2;3295;5147760;4074558;20569;42;7684
FR;2;2021-09-03;33404;64475;2986;3;4827;5181164;4139033;23555;45;12511
FR;2;2021-09-04;16826;27705;1442;1;2358;5197990;4166738;24997;46;14869
FR;2;2021-09-05;2260;3607;265;0;412;5200250;4170345;25262;46;15281
FR;2;2021-09-06;14037;28732;1769;1;2928;5214287;4199077;27031;47;18209
FR;2;2021-09-07;21103;41056;3020;13;4858;5235390;4240133;30051;60;23067
FR;2;2021-09-08;17241;31931;2732;6;4467;5252631;4272064;32783;66;27534
FR;2;2021-09-09;20973;40431;4432;3;6754;5273604;4312495;37215;69;34288
FR;2;2021-09-10;28195;51154;5282;4;8829;5301799;4363649;42497;73;43117
FR;2;2021-09-11;13652;22359;2403;5;3939;5315451;4386008;44900;78;47056
FR;2;2021-09-12;1822;2787;284;0;505;5317273;4388795;45184;78;47561
FR;2;2021-09-13;11656;21444;2468;4;4011;5328929;4410239;47652;82;51572
FR;2;2021-09-14;18567;32770;5084;13;9042;5347496;4443009;52736;95;60614
FR;2;2021-09-15;14908;28284;5164;3;7780;5362404;4471293;57900;98;68394
FR;2;2021-09-16;16071;32766;6735;14;10529;5378475;4504059;64635;112;78923
FR;2;2021-09-17;20911;47092;8777;10;14578;5399386;4551151;73412;122;93501
FR;2;2021-09-18;9855;20925;3804;6;6022;5409241;4572076;77216;128;99523
FR;2;2021-09-19;1165;2647;395;0;643;5410406;4574723;77611;128;100166
FR;2;2021-09-20;7491;18782;3851;7;6152;5417897;4593505;81462;135;106318
FR;2;2021-09-21;11207;29997;6494;5;10737;5429104;4623502;87956;140;117055
FR;2;2021-09-22;9406;23541;5491;7;8513;5438510;4647043;93447;147;125568
FR;2;2021-09-23;10722;28875;7879;9;12636;5449232;4675918;101326;156;138204
FR;2;2021-09-24;15065;42866;10874;18;17194;5464297;4718784;112200;174;155398
FR;2;2021-09-25;7257;18740;3962;10;6085;5471554;4737524;116162;184;161483
FR;2;2021-09-26;1079;2556;494;0;631;5472633;4740080;116656;184;162114
FR;2;2021-09-27;6313;16447;4286;8;6551;5478946;4756527;120942;192;168665
FR;2;2021-09-28;9238;25550;7768;13;12071;5488184;4782077;128710;205;180736
FR;2;2021-09-29;8080;20207;6066;25;9262;5496264;4802284;134776;230;189998
FR;2;2021-09-30;9863;25790;9503;16;14079;5506127;4828074;144279;246;204077
FR;2;2021-10-01;13968;35635;12912;25;19231;5520095;4863709;157191;271;223308
FR;2;2021-10-02;6873;15875;4845;6;7008;5526968;4879584;162036;277;230316
FR;2;2021-10-03;841;1938;492;1;514;5527809;4881522;162528;278;230830
FR;2;2021-10-04;5818;13933;5516;5;7860;5533627;4895455;168044;283;238690
FR;2;2021-10-05;9052;22545;11121;19;15713;5542679;4918000;179165;302;254403
FR;2;2021-10-06;7781;17738;8239;11;11070;5550460;4935738;187404;313;265473
FR;2;2021-10-07;9195;22177;12378;15;16835;5559655;4957915;199782;328;282308
FR;2;2021-10-08;13423;32060;17346;27;23539;5573078;4989975;217128;355;305847
FR;2;2021-10-09;5998;12822;6041;6;7876;5579076;5002797;223169;361;313723
FR;2;2021-10-10;883;1635;436;2;632;5579959;5004432;223605;363;314355
FR;2;2021-10-11;5604;11600;6454;17;8836;5585563;5016032;230059;380;323191
FR;2;2021-10-12;8033;17755;12538;13;16732;5593596;5033787;242597;393;339923
FR;2;2021-10-13;6944;14847;10245;11;13606;5600540;5048634;252842;404;353529
FR;2;2021-10-14;8310;17939;14989;13;19448;5608850;5066573;267831;417;372977
FR;2;2021-10-15;11845;26277;20901;26;27945;5620695;5092850;288732;443;400922
FR;2;2021-10-16;5137;8724;1816;0;3204;5625832;5101574;290548;443;404126
FR;2;2021-10-17;651;1188;184;0;373;5626483;5102762;290732;443;404499
FR;2;2021-10-18;4558;7419;661;2;1673;5631041;5110181;291393;445;406172
FR;2;2021-10-19;6236;9897;729;5;2053;5637277;5120078;292122;450;408225
FR;2;2021-10-20;5162;8094;756;3;1684;5642439;5128172;292878;453;409909
FR;2;2021-10-21;6088;9968;779;5;2101;5648527;5138140;293657;458;412010
FR;2;2021-10-22;8446;14578;1147;4;2878;5656973;5152718;294804;462;414888
FR;2;2021-10-23;3840;5999;584;0;1234;5660813;5158717;295388;462;416122
FR;2;2021-10-24;494;888;100;0;203;5661307;5159605;295488;462;416325
FR;2;2021-10-25;3357;5369;303;1;825;5664664;5164974;295791;463;417150
FR;2;2021-10-26;4175;7258;1125;4;2006;5668839;5172232;296916;467;419156
FR;2;2021-10-27;3673;6630;1193;5;1997;5672512;5178862;298109;472;421153
FR;2;2021-10-28;4596;7691;1727;3;2746;5677108;5186553;299836;475;423899
FR;2;2021-10-29;5405;11078;2433;4;3668;5682513;5197631;302269;479;427567
FR;2;2021-10-30;2748;4436;972;1;1427;5685261;5202067;303241;480;428994
FR;2;2021-10-31;363;534;139;1;187;5685624;5202601;303380;481;429181
FR;2;2021-11-01;416;554;175;0;267;5686040;5203155;303555;481;429448
FR;2;2021-11-02;3287;6760;1179;0;1756;5689327;5209915;304734;481;431204
FR;2;2021-11-03;3338;6249;1383;2;1966;5692665;5216164;306117;483;433170
FR;2;2021-11-04;3985;7097;1761;4;2491;5696650;5223261;307878;487;435661
FR;2;2021-11-05;5227;10510;2864;5;3944;5701877;5233771;310742;492;439605
FR;2;2021-11-06;2594;4668;1397;0;1809;5704471;5238439;312139;492;441414
FR;2;2021-11-07;508;863;216;0;284;5704979;5239302;312355;492;441698
FR;2;2021-11-08;2576;5361;1201;3;1676;5707555;5244663;313556;495;443374
FR;2;2021-11-09;2749;6951;2392;6;3173;5710304;5251614;315948;501;446547
FR;2;2021-11-10;2587;5712;5093;6;6272;5712891;5257326;321041;507;452819
FR;2;2021-11-11;435;746;732;2;915;5713326;5258072;321773;509;453734
FR;2;2021-11-12;2951;8113;8963;8;10901;5716277;5266185;330736;517;464635
FR;2;2021-11-13;1534;3382;3865;7;4527;5717811;5269567;334601;524;469162
FR;2;2021-11-14;254;604;348;1;485;5718065;5270171;334949;525;469647
FR;2;2021-11-15;1622;3689;4435;9;5319;5719687;5273860;339384;534;474966
FR;2;2021-11-16;2184;5943;8297;14;10074;5721871;5279803;347681;548;485040
FR;2;2021-11-17;1740;4561;6619;8;7834;5723611;5284364;354300;556;492874
FR;2;2021-11-18;2189;5948;9170;11;10994;5725800;5290312;363470;567;503868
FR;2;2021-11-19;2697;7802;12958;19;15464;5728497;5298114;376428;586;519332
FR;2;2021-11-20;1563;3336;5170;5;6076;5730060;5301450;381598;591;525408
FR;2;2021-11-21;246;518;540;0;663;5730306;5301968;382138;591;526071
FR;2;2021-11-22;1275;2622;4469;5;5400;5731581;5304590;386607;596;531471
FR;2;2021-11-23;1614;4312;8186;9;9894;5733195;5308902;394793;605;541365
FR;2;2021-11-24;1418;3797;7462;14;8720;5734613;5312699;402255;619;550085
FR;2;2021-11-25;1812;4894;11450;21;13648;5736425;5317593;413705;640;563733
FR;2;2021-11-26;2537;7780;22654;31;26069;5738962;5325373;436359;671;589802
FR;2;2021-11-27;1497;4130;12256;18;13994;5740459;5329503;448615;689;603796
FR;2;2021-11-28;291;844;1965;3;2289;5740750;5330347;450580;692;606085
FR;2;2021-11-29;1444;4388;15073;23;17244;5742194;5334735;465653;715;623329
FR;2;2021-11-30;1911;6749;26221;36;29973;5744105;5341484;491874;751;653302
FR;2;2021-12-01;1905;6101;26184;29;29504;5746010;5347585;518058;780;682806
FR;2;2021-12-02;1908;6828;37684;52;41927;5747918;5354413;555742;832;724733
FR;2;2021-12-03;2550;10110;53586;112;59309;5750468;5364523;609328;944;784042
FR;2;2021-12-04;1849;6305;37089;38;40766;5752317;5370828;646417;982;824808
FR;2;2021-12-05;458;2264;14252;14;15989;5752775;5373092;660669;996;840797
FR;2;2021-12-06;2465;9888;77681;109;84727;5755240;5382980;738350;1105;925524
FR;2;2021-12-07;3445;15331;122408;238;133693;5758685;5398311;860758;1343;1059217
FR;2;2021-12-08;3717;16056;133169;330;145369;5762402;5414367;993927;1673;1204586
FR;2;2021-12-09;4544;19631;170145;554;185503;5766946;5433998;1164072;2227;1390089
FR;2;2021-12-10;4672;22810;188607;490;206040;5771618;5456808;1352679;2717;1596129
FR;2;2021-12-11;3682;16624;132422;239;144855;5775300;5473432;1485101;2956;1740984
FR;2;2021-12-12;1257;7129;59082;83;65131;5776557;5480561;1544183;3039;1806115
FR;2;2021-12-13;5525;26859;220652;604;242929;5782082;5507420;1764835;3643;2049044
FR;2;2021-12-14;7018;37529;300713;910;332181;5789100;5544949;2065548;4553;2381225
FR;2;2021-12-15;6557;36240;285173;955;315771;5795657;5581189;2350721;5508;2696996
FR;2;2021-12-16;7762;37921;312103;981;343682;5803419;5619110;2662824;6489;3040678
FR;2;2021-12-17;8680;41251;327828;976;360910;5812099;5660361;2990652;7465;3401588
FR;2;2021-12-18;6515;26562;212317;448;233617;5818614;5686923;3202969;7913;3635205
FR;2;2021-12-19;2600;11489;90201;183;100378;5821214;5698412;3293170;8096;3735583
FR;2;2021-12-20;9548;33614;275153;706;303331;5830762;5732026;3568323;8802;4038914
FR;2;2021-12-21;11556;38325;309591;969;341377;5842318;5770351;3877914;9771;4380291
FR;2;2021-12-22;10457;32851;265080;952;292465;5852775;5803202;4142994;10723;4672756
FR;2;2021-12-23;9428;26712;199458;700;221259;5862203;5829914;4342452;11423;4894015
FR;2;2021-12-24;2781;7499;43845;140;49562;5864984;5837413;4386297;11563;4943577
FR;2;2021-12-25;201;699;2000;10;2494;5865185;5838112;4388297;11573;4946071
FR;2;2021-12-26;1322;4214;25148;71;28678;5866507;5842326;4413445;11644;4974749
FR;2;2021-12-27;8077;29940;218378;659;243300;5874584;5872266;4631823;12303;5218049
FR;2;2021-12-28;9840;36343;272062;741;301951;5884424;5908609;4903885;13044;5520000
FR;2;2021-12-29;9494;32287;246105;766;272678;5893918;5940896;5149990;13810;5792678
FR;2;2021-12-30;9453;28138;208809;663;231464;5903371;5969034;5358799;14473;6024142
FR;2;2021-12-31;3007;8374;54980;177;61234;5906378;5977408;5413779;14650;6085376
FR;2;2022-01-01;227;692;2849;7;3344;5906605;5978100;5416628;14657;6088720
FR;2;2022-01-02;1505;4857;29505;75;33392;5908110;5982957;5446133;14732;6122112
FR;2;2022-01-03;9583;35372;266501;806;293862;5917693;6018329;5712634;15538;6415974
FR;2;2022-01-04;12843;45375;342063;1067;376945;5930536;6063704;6054697;16605;6792919
FR;2;2022-01-05;11268;38669;294152;885;323807;5941804;6102373;6348849;17490;7116726
FR;2;2022-01-06;13650;43493;331928;1299;364701;5955454;6145866;6680777;18789;7481427
FR;2;2022-01-07;14220;47638;361077;1270;396406;5969674;6193504;7041854;20059;7877833
FR;2;2022-01-08;7944;28149;201256;515;221687;5977618;6221653;7243110;20574;8099520
FR;2;2022-01-09;2749;8995;62519;137;69522;5980367;6230648;7305629;20711;8169042
FR;2;2022-01-10;10086;31924;232448;858;255037;5990453;6262572;7538077;21569;8424079
FR;2;2022-01-11;11470;36257;265882;1030;290574;6001923;6298829;7803959;22599;8714653
FR;2;2022-01-12;8758;29831;206299;862;226167;6010681;6328660;8010258;23461;8940820
FR;2;2022-01-13;9387;31346;224463;831;244813;6020068;6360006;8234721;24292;9185633
FR;2;2022-01-14;9743;35666;254515;920;277680;6029811;6395672;8489236;25212;9463313
FR;2;2022-01-15;5356;19458;140768;363;153638;6035167;6415130;8630004;25575;9616951
FR;2;2022-01-16;1512;5520;35871;80;39847;6036679;6420650;8665875;25655;9656798
FR;2;2022-01-17;5545;19300;135385;601;147246;6042224;6439950;8801260;26256;9804044
FR;2;2022-01-18;6417;21525;148609;648;160466;6048641;6461475;8949869;26904;9964510
FR;2;2022-01-19;4389;16362;105081;552;113702;6053030;6477837;9054950;27456;10078212
FR;2;2022-01-20;4867;17595;115275;603;123672;6057897;6495432;9170225;28059;10201884
FR;2;2022-01-21;5195;20065;137324;678;147745;6063092;6515497;9307549;28737;10349629
FR;2;2022-01-22;3027;10962;74256;259;80325;6066119;6526459;9381805;28996;10429954
FR;2;2022-01-23;722;2732;15236;41;16835;6066841;6529191;9397041;29037;10446789
FR;2;2022-01-24;3293;12824;75058;430;81019;6070134;6542015;9472099;29467;10527808
FR;2;2022-01-25;3571;14437;79613;496;85450;6073705;6556452;9551712;29963;10613258
FR;2;2022-01-26;2515;10659;58959;363;62983;6076220;6567111;9610671;30326;10676241
FR;2;2022-01-27;2681;11275;64168;388;67907;6078901;6578386;9674839;30714;10744148
FR;2;2022-01-28;3543;18379;91711;430;98959;6082444;6596765;9766550;31144;10843107
FR;2;2022-01-29;1893;9250;48837;164;52922;6084337;6606015;9815387;31308;10896029
FR;2;2022-01-30;464;2242;9452;38;10605;6084801;6608257;9824839;31346;10906634
FR;2;2022-01-31;1887;9589;43817;208;47340;6086688;6617846;9868656;31554;10953974
FR;2;2022-02-01;1912;10051;47019;278;50100;6088600;6627897;9915675;31832;11004074
FR;2;2022-02-02;1607;9030;41101;251;44172;6090207;6636927;9956776;32083;11048246
FR;2;2022-02-03;1723;8944;40508;204;42907;6091930;6645871;9997284;32287;11091153
FR;2;2022-02-04;2152;15217;66627;297;71347;6094082;6661088;10063911;32584;11162500
FR;2;2022-02-05;1360;8535;35938;131;39233;6095442;6669623;10099849;32715;11201733
FR;2;2022-02-06;274;1779;6124;16;6899;6095716;6671402;10105973;32731;11208632
FR;2;2022-02-07;1350;9604;37747;134;41304;6097066;6681006;10143720;32865;11249936
FR;2;2022-02-08;1298;9813;40927;173;43711;6098364;6690819;10184647;33038;11293647
FR;2;2022-02-09;1160;8816;37033;174;40452;6099524;6699635;10221680;33212;11334099
FR;2;2022-02-10;1023;7985;33833;204;36500;6100547;6707620;10255513;33416;11370599
FR;2;2022-02-11;1388;12078;53338;222;57684;6101935;6719698;10308851;33638;11428283
FR;2;2022-02-12;749;6529;27986;83;30803;6102684;6726227;10336837;33721;11459086
FR;2;2022-02-13;200;1336;4833;20;5574;6102884;6727563;10341670;33741;11464660
FR;2;2022-02-14;835;6727;30263;89;33227;6103719;6734290;10371933;33830;11497887
FR;2;2022-02-15;771;6448;28044;141;29982;6104490;6740738;10399977;33971;11527869
FR;2;2022-02-16;656;5344;22050;123;23611;6105146;6746082;10422027;34094;11551480
FR;2;2022-02-17;515;3772;14144;98;14608;6105661;6749854;10436171;34192;11566088
FR;2;2022-02-18;721;5361;20429;134;21125;6106382;6755215;10456600;34326;11587213
FR;2;2022-02-19;430;3047;10527;66;11241;6106812;6758262;10467127;34392;11598454
FR;2;2022-02-20;101;512;1456;3;1604;6106913;6758774;10468583;34395;11600058
FR;2;2022-02-21;421;2682;9117;65;9493;6107334;6761456;10477700;34460;11609551
FR;2;2022-02-22;389;2565;8888;76;8792;6107723;6764021;10486588;34536;11618343
FR;2;2022-02-23;432;2600;8985;82;9264;6108155;6766621;10495573;34618;11627607
FR;2;2022-02-24;314;2028;6797;81;6825;6108469;6768649;10502370;34699;11634432
FR;2;2022-02-25;455;3194;11414;108;11277;6108924;6771843;10513784;34807;11645709
FR;2;2022-02-26;294;1889;6035;49;6340;6109218;6773732;10519819;34856;11652049
FR;2;2022-02-27;75;312;905;5;948;6109293;6774044;10520724;34861;11652997
FR;2;2022-02-28;330;1682;5522;53;5530;6109623;6775726;10526246;34914;11658527
FR;2;2022-03-01;274;1559;5474;44;5191;6109897;6777285;10531720;34958;11663718
FR;2;2022-03-02;296;1429;5242;45;5082;6110193;6778714;10536962;35003;11668800
FR;2;2022-03-03;225;1101;3703;42;3478;6110418;6779815;10540665;35045;11672278
FR;2;2022-03-04;240;1463;4852;73;4498;6110658;6781278;10545517;35118;11676776
FR;2;2022-03-05;172;903;2973;32;2716;6110830;6782181;10548490;35150;11679492
FR;2;2022-03-06;40;181;277;5;316;6110870;6782362;10548767;35155;11679808
FR;2;2022-03-07;155;653;1981;69;1772;6111025;6783015;10550748;35224;11681580
FR;2;2022-03-08;143;653;2270;51;1902;6111168;6783668;10553018;35275;11683482
FR;2;2022-03-09;152;695;2341;37;2042;6111320;6784363;10555359;35312;11685524
FR;2;2022-03-10;119;596;1687;35;1459;6111439;6784959;10557046;35347;11686983
FR;2;2022-03-11;169;753;2767;57;2366;6111608;6785712;10559813;35404;11689349
FR;2;2022-03-12;144;480;1784;27;1553;6111752;6786192;10561597;35431;11690902
FR;2;2022-03-13;25;75;201;29;202;6111777;6786267;10561798;35460;11691104
FR;2;2022-03-14;125;465;1560;529;1289;6111902;6786732;10563358;35989;11692393
FR;2;2022-03-15;138;417;1706;688;1322;6112040;6787149;10565064;36677;11693715
FR;2;2022-03-16;141;463;2010;1611;1588;6112181;6787612;10567074;38288;11695303
FR;2;2022-03-17;93;412;1405;1192;1142;6112274;6788024;10568479;39480;11696445
FR;2;2022-03-18;144;489;2017;1787;1659;6112418;6788513;10570496;41267;11698104
FR;2;2022-03-19;108;318;1209;940;1013;6112526;6788831;10571705;42207;11699117
FR;2;2022-03-20;12;76;190;59;166;6112538;6788907;10571895;42266;11699283
FR;2;2022-03-21;96;301;1209;1481;1073;6112634;6789208;10573104;43747;11700356
FR;2;2022-03-22;116;383;1528;1828;1290;6112750;6789591;10574632;45575;11701646
FR;2;2022-03-23;137;343;1666;3031;1456;6112887;6789934;10576298;48606;11703102
FR;2;2022-03-24;116;290;1180;1546;996;6113003;6790224;10577478;50152;11704098
FR;2;2022-03-25;119;360;1802;2449;1472;6113122;6790584;10579280;52601;11705570
FR;2;2022-03-26;76;246;1202;1220;952;6113198;6790830;10580482;53821;11706522
FR;2;2022-03-27;19;36;151;98;131;6113217;6790866;10580633;53919;11706653
FR;2;2022-03-28;93;286;1133;1588;993;6113310;6791152;10581766;55507;11707646
FR;2;2022-03-29;106;257;1324;2462;1104;6113416;6791409;10583090;57969;11708750
FR;2;2022-03-30;91;312;1482;3183;1315;6113507;6791721;10584572;61152;11710065
FR;2;2022-03-31;103;279;1268;2326;1082;6113610;6792000;10585840;63478;11711147
FR;2;2022-04-01;120;314;1562;2341;1313;6113730;6792314;10587402;65819;11712460
FR;2;2022-04-02;72;160;845;889;737;6113802;6792474;10588247;66708;11713197
FR;2;2022-04-03;16;53;128;112;142;6113818;6792527;10588375;66820;11713339
FR;2;2022-04-04;107;226;984;1434;790;6113925;6792753;10589359;68254;11714129
FR;2;2022-04-05;142;286;1309;2870;1137;6114067;6793039;10590668;71124;11715266
FR;2;2022-04-06;87;243;1303;2499;1113;6114154;6793282;10591971;73623;11716379
FR;2;2022-04-07;119;214;1295;2681;1034;6114273;6793496;10593266;76304;11717413
FR;2;2022-04-08;123;327;1622;3207;1319;6114396;6793823;10594888;79511;11718732
FR;2;2022-04-09;90;218;899;1045;731;6114486;6794041;10595787;80556;11719463
FR;2;2022-04-10;37;45;143;161;117;6114523;6794086;10595930;80717;11719580
FR;2;2022-04-11;85;184;878;1518;769;6114608;6794270;10596808;82235;11720349
FR;2;2022-04-12;176;260;1175;2729;1053;6114784;6794530;10597983;84964;11721402
FR;2;2022-04-13;141;222;1114;2419;971;6114925;6794752;10599097;87383;11722373
FR;2;2022-04-14;114;216;1079;2652;908;6115039;6794968;10600176;90035;11723281
FR;2;2022-04-15;111;241;1186;2248;1043;6115150;6795209;10601362;92283;11724324
FR;2;2022-04-16;64;108;540;544;452;6115214;6795317;10601902;92827;11724776
FR;2;2022-04-17;14;26;57;53;53;6115228;6795343;10601959;92880;11724829
FR;2;2022-04-18;11;35;118;65;113;6115239;6795378;10602077;92945;11724942
FR;2;2022-04-19;108;235;1114;1702;945;6115347;6795613;10603191;94647;11725887
FR;2;2022-04-20;96;237;1090;2101;918;6115443;6795850;10604281;96748;11726805
FR;2;2022-04-21;109;228;972;1822;829;6115552;6796078;10605253;98570;11727634
FR;2;2022-04-22;96;266;1237;2080;1019;6115648;6796344;10606490;100650;11728653
FR;2;2022-04-23;66;154;644;762;573;6115714;6796498;10607134;101412;11729226
FR;2;2022-04-24;11;28;100;68;78;6115725;6796526;10607234;101480;11729304
FR;2;2022-04-25;103;200;819;1312;708;6115828;6796726;10608053;102792;11730012
FR;2;2022-04-26;106;182;1029;1901;869;6115934;6796908;10609082;104693;11730881
FR;2;2022-04-27;95;177;855;1682;758;6116029;6797085;10609937;106375;11731639
FR;2;2022-04-28;90;212;944;1891;840;6116119;6797297;10610881;108266;11732479
FR;2;2022-04-29;75;277;1122;1687;1032;6116194;6797574;10612003;109953;11733511
FR;2;2022-04-30;65;124;463;535;422;6116259;6797698;10612466;110488;11733933
FR;2;2022-05-01;14;22;80;42;81;6116273;6797720;10612546;110530;11734014
FR;2;2022-05-02;112;208;744;1201;641;6116385;6797928;10613290;111731;11734655
FR;2;2022-05-03;145;221;982;1728;919;6116530;6798149;10614272;113459;11735574
FR;2;2022-05-04;85;217;903;1771;847;6116615;6798366;10615175;115230;11736421
FR;2;2022-05-05;120;189;832;1661;745;6116735;6798555;10616007;116891;11737166
FR;2;2022-05-06;129;234;1084;1845;998;6116864;6798789;10617091;118736;11738164
FR;2;2022-05-07;40;95;462;502;399;6116904;6798884;10617553;119238;11738563
FR;2;2022-05-08;44;46;103;70;91;6116948;6798930;10617656;119308;11738654
FR;2;2022-05-09;100;163;633;967;583;6117048;6799093;10618289;120275;11739237
FR;2;2022-05-10;110;233;912;1764;863;6117158;6799326;10619201;122039;11740100
FR;2;2022-05-11;96;161;788;1824;769;6117254;6799487;10619989;123863;11740869
FR;2;2022-05-12;106;165;824;2054;786;6117360;6799652;10620813;125917;11741655
FR;2;2022-05-13;94;226;940;1939;877;6117454;6799878;10621753;127856;11742532
FR;2;2022-05-14;75;116;428;550;388;6117529;6799994;10622181;128406;11742920
FR;2;2022-05-15;23;34;91;86;102;6117552;6800028;10622272;128492;11743022
FR;2;2022-05-16;101;159;556;904;498;6117653;6800187;10622828;129396;11743520
FR;2;2022-05-17;94;176;658;1656;625;6117747;6800363;10623486;131052;11744145
FR;2;2022-05-18;80;168;603;1394;609;6117827;6800531;10624089;132446;11744754
FR;2;2022-05-19;68;153;678;1750;710;6117895;6800684;10624767;134196;11745464
FR;2;2022-05-20;97;167;804;1615;705;6117992;6800851;10625571;135811;11746169
FR;2;2022-05-21;43;90;382;507;324;6118035;6800941;10625953;136318;11746493
FR;2;2022-05-22;8;21;65;35;56;6118043;6800962;10626018;136353;11746549
FR;2;2022-05-23;78;122;423;889;415;6118121;6801084;10626441;137242;11746964
FR;2;2022-05-24;75;157;575;1437;560;6118196;6801241;10627016;138679;11747524
FR;2;2022-05-25;64;126;503;1119;455;6118260;6801367;10627519;139798;11747979
FR;2;2022-05-26;7;21;55;40;59;6118267;6801388;10627574;139838;11748038
FR;2;2022-05-27;42;107;399;767;380;6118309;6801495;10627973;140605;11748418
FR;2;2022-05-28;25;54;198;226;204;6118334;6801549;10628171;140831;11748622
FR;2;2022-05-29;6;19;42;15;50;6118340;6801568;10628213;140846;11748672
FR;3;2020-12-27;0;0;0;0;0;0;0;0;0;0
FR;3;2020-12-28;0;0;0;0;0;0;0;0;0;0
FR;3;2020-12-29;0;0;0;0;0;0;0;0;0;0
FR;3;2020-12-30;0;0;0;0;0;0;0;0;0;0
FR;3;2020-12-31;0;0;0;0;0;0;0;0;0;0
FR;3;2021-01-01;0;0;0;0;0;0;0;0;0;0
FR;3;2021-01-02;0;0;0;0;0;0;0;0;0;0
FR;3;2021-01-03;0;0;0;0;0;0;0;0;0;0
FR;3;2021-01-04;0;0;0;0;0;0;0;0;0;0
FR;3;2021-01-05;0;0;0;0;0;0;0;0;0;0
FR;3;2021-01-06;0;0;0;0;0;0;0;0;0;0
FR;3;2021-01-07;0;0;0;0;0;0;0;0;0;0
FR;3;2021-01-08;0;0;0;0;0;0;0;0;0;0
FR;3;2021-01-09;0;0;0;0;0;0;0;0;0;0
FR;3;2021-01-10;0;0;0;0;0;0;0;0;0;0
FR;3;2021-01-11;0;0;0;0;0;0;0;0;0;0
FR;3;2021-01-12;0;0;0;0;0;0;0;0;0;0
FR;3;2021-01-13;0;0;0;0;0;0;0;0;0;0
FR;3;2021-01-14;0;0;0;0;0;0;0;0;0;0
FR;3;2021-01-15;0;0;0;0;0;0;0;0;0;0
FR;3;2021-01-16;0;0;0;0;0;0;0;0;0;0
FR;3;2021-01-17;0;0;0;0;0;0;0;0;0;0
FR;3;2021-01-18;0;0;0;0;0;0;0;0;0;0
FR;3;2021-01-19;0;0;0;0;0;0;0;0;0;0
FR;3;2021-01-20;0;0;0;0;0;0;0;0;0;0
FR;3;2021-01-21;0;0;0;0;0;0;0;0;0;0
FR;3;2021-01-22;0;0;0;0;0;0;0;0;0;0
FR;3;2021-01-23;0;0;0;0;0;0;0;0;0;0
FR;3;2021-01-24;0;0;0;0;0;0;0;0;0;0
FR;3;2021-01-25;0;0;0;0;0;0;0;0;0;0
FR;3;2021-01-26;0;0;0;0;0;0;0;0;0;0
FR;3;2021-01-27;0;0;0;0;0;0;0;0;0;0
FR;3;2021-01-28;0;0;0;0;0;0;0;0;0;0
FR;3;2021-01-29;0;0;0;0;0;0;0;0;0;0
FR;3;2021-01-30;0;0;0;0;0;0;0;0;0;0
FR;3;2021-01-31;0;0;0;0;0;0;0;0;0;0
FR;3;2021-02-01;0;0;0;0;0;0;0;0;0;0
FR;3;2021-02-02;0;0;0;0;0;0;0;0;0;0
FR;3;2021-02-03;0;0;0;0;0;0;0;0;0;0
FR;3;2021-02-04;0;0;0;0;0;0;0;0;0;0
FR;3;2021-02-05;0;0;0;0;0;0;0;0;0;0
FR;3;2021-02-06;1663;0;0;0;0;1663;0;0;0;0
FR;3;2021-02-07;1423;0;0;0;0;3086;0;0;0;0
FR;3;2021-02-08;2783;1;0;0;0;5869;1;0;0;0
FR;3;2021-02-09;6782;0;0;0;0;12651;1;0;0;0
FR;3;2021-02-10;9603;0;0;0;0;22254;1;0;0;0
FR;3;2021-02-11;13611;0;0;0;0;35865;1;0;0;0
FR;3;2021-02-12;13398;0;0;0;0;49263;1;0;0;0
FR;3;2021-02-13;3784;1;0;0;0;53047;2;0;0;0
FR;3;2021-02-14;972;0;0;0;0;54019;2;0;0;0
FR;3;2021-02-15;10486;0;0;0;0;64505;2;0;0;0
FR;3;2021-02-16;12544;1;0;0;0;77049;3;0;0;0
FR;3;2021-02-17;11151;0;0;0;0;88200;3;0;0;0
FR;3;2021-02-18;14935;2;0;0;0;103135;5;0;0;0
FR;3;2021-02-19;14359;1;0;0;0;117494;6;0;0;0
FR;3;2021-02-20;3329;0;0;0;0;120823;6;0;0;0
FR;3;2021-02-21;618;0;0;0;0;121441;6;0;0;0
FR;3;2021-02-22;9162;0;0;0;0;130603;6;0;0;0
FR;3;2021-02-23;11394;1;0;0;0;141997;7;0;0;0
FR;3;2021-02-24;14299;0;0;0;0;156296;7;0;0;0
FR;3;2021-02-25;44929;1;0;0;0;201225;8;0;0;0
FR;3;2021-02-26;61882;3;0;0;0;263107;11;0;0;0
FR;3;2021-02-27;34801;5;0;0;0;297908;16;0;0;0
FR;3;2021-02-28;2463;0;0;0;0;300371;16;0;0;0
FR;3;2021-03-01;20510;10;0;0;0;320881;26;0;0;0
FR;3;2021-03-02;38862;18;0;0;0;359743;44;0;0;0
FR;3;2021-03-03;48730;16;0;0;0;408473;60;0;0;0
FR;3;2021-03-04;82217;20;0;0;0;490690;80;0;0;0
FR;3;2021-03-05;118123;40;0;0;0;608813;120;0;0;0
FR;3;2021-03-06;120709;55;1;0;0;729522;175;1;0;0
FR;3;2021-03-07;55176;27;0;0;0;784698;202;1;0;0
FR;3;2021-03-08;42807;24;0;0;0;827505;226;1;0;0
FR;3;2021-03-09;78965;43;0;0;0;906470;269;1;0;0
FR;3;2021-03-10;80966;47;0;0;0;987436;316;1;0;0
FR;3;2021-03-11;128422;55;0;0;0;1115858;371;1;0;0
FR;3;2021-03-12;182721;91;0;0;0;1298579;462;1;0;0
FR;3;2021-03-13;132144;63;0;0;0;1430723;525;1;0;0
FR;3;2021-03-14;14054;4;0;0;0;1444777;529;1;0;0
FR;3;2021-03-15;52223;48;0;0;0;1497000;577;1;0;0
FR;3;2021-03-16;1209;25;0;0;0;1498209;602;1;0;0
FR;3;2021-03-17;942;30;0;0;0;1499151;632;1;0;0
FR;3;2021-03-18;1564;13;0;0;0;1500715;645;1;0;0
FR;3;2021-03-19;70450;48;0;0;0;1571165;693;1;0;0
FR;3;2021-03-20;65226;44;0;0;0;1636391;737;1;0;0
FR;3;2021-03-21;5756;6;0;0;0;1642147;743;1;0;0
FR;3;2021-03-22;37496;38;0;0;0;1679643;781;1;0;0
FR;3;2021-03-23;84650;61;0;0;0;1764293;842;1;0;0
FR;3;2021-03-24;90935;94;0;0;0;1855228;936;1;0;0
FR;3;2021-03-25;150045;128;0;0;0;2005273;1064;1;0;0
FR;3;2021-03-26;165413;153;0;0;0;2170686;1217;1;0;0
FR;3;2021-03-27;68456;99;0;0;0;2239142;1316;1;0;0
FR;3;2021-03-28;6469;19;0;0;0;2245611;1335;1;0;0
FR;3;2021-03-29;54160;77;0;0;0;2299771;1412;1;0;0
FR;3;2021-03-30;93159;100;0;0;0;2392930;1512;1;0;0
FR;3;2021-03-31;63523;98;0;0;0;2456453;1610;1;0;0
FR;3;2021-04-01;86121;106;0;0;0;2542574;1716;1;0;0
FR;3;2021-04-02;86891;153;0;0;0;2629465;1869;1;0;0
FR;3;2021-04-03;35872;115;0;0;0;2665337;1984;1;0;0
FR;3;2021-04-04;3570;18;0;0;0;2668907;2002;1;0;0
FR;3;2021-04-05;4487;28;0;0;0;2673394;2030;1;0;0
FR;3;2021-04-06;29742;84;0;0;0;2703136;2114;1;0;0
FR;3;2021-04-07;32335;79;0;0;0;2735471;2193;1;0;0
FR;3;2021-04-08;78808;243;0;0;0;2814279;2436;1;0;0
FR;3;2021-04-09;161746;416;0;0;0;2976025;2852;1;0;0
FR;3;2021-04-10;75755;331;0;0;0;3051780;3183;1;0;0
FR;3;2021-04-11;7309;45;0;0;0;3059089;3228;1;0;0
FR;3;2021-04-12;51467;207;0;0;0;3110556;3435;1;0;0
FR;3;2021-04-13;86219;318;0;0;0;3196775;3753;1;0;0
FR;3;2021-04-14;67834;344;0;0;0;3264609;4097;1;0;0
FR;3;2021-04-15;93219;370;0;0;0;3357828;4467;1;0;0
FR;3;2021-04-16;112516;581;0;0;0;3470344;5048;1;0;0
FR;3;2021-04-17;53311;324;1;0;0;3523655;5372;2;0;0
FR;3;2021-04-18;9743;35;0;0;0;3533398;5407;2;0;0
FR;3;2021-04-19;25103;241;0;0;0;3558501;5648;2;0;0
FR;3;2021-04-20;45671;398;0;0;0;3604172;6046;2;0;0
FR;3;2021-04-21;38967;466;0;0;0;3643139;6512;2;0;0
FR;3;2021-04-22;54702;787;0;0;0;3697841;7299;2;0;0
FR;3;2021-04-23;70483;1022;0;0;0;3768324;8321;2;0;0
FR;3;2021-04-24;37240;1000;0;0;0;3805564;9321;2;0;0
FR;3;2021-04-25;6204;156;0;0;0;3811768;9477;2;0;0
FR;3;2021-04-26;19781;653;0;0;0;3831549;10130;2;0;0
FR;3;2021-04-27;34470;1262;0;0;0;3866019;11392;2;0;0
FR;3;2021-04-28;28965;1942;0;0;0;3894984;13334;2;0;0
FR;3;2021-04-29;45377;5962;0;0;0;3940361;19296;2;0;0
FR;3;2021-04-30;55451;8935;1;0;0;3995812;28231;3;0;0
FR;3;2021-05-01;9510;1977;0;0;0;4005322;30208;3;0;0
FR;3;2021-05-02;3070;488;0;0;0;4008392;30696;3;0;0
FR;3;2021-05-03;13057;3885;0;0;0;4021449;34581;3;0;0
FR;3;2021-05-04;23109;8412;0;0;0;4044558;42993;3;0;0
FR;3;2021-05-05;18753;10619;0;0;0;4063311;53612;3;0;0
FR;3;2021-05-06;34619;20912;0;0;0;4097930;74524;3;0;0
FR;3;2021-05-07;44202;28455;0;0;0;4142132;102979;3;0;0
FR;3;2021-05-08;6784;8938;0;0;0;4148916;111917;3;0;0
FR;3;2021-05-09;1792;2657;0;0;0;4150708;114574;3;0;0
FR;3;2021-05-10;14989;12608;0;0;0;4165697;127182;3;0;0
FR;3;2021-05-11;27092;25802;0;0;0;4192789;152984;3;0;0
FR;3;2021-05-12;17266;27519;0;0;0;4210055;180503;3;0;0
FR;3;2021-05-13;2278;3472;0;0;0;4212333;183975;3;0;0
FR;3;2021-05-14;14513;25767;0;0;0;4226846;209742;3;0;0
FR;3;2021-05-15;7230;20794;0;0;0;4234076;230536;3;0;0
FR;3;2021-05-16;975;2677;0;0;0;4235051;233213;3;0;0
FR;3;2021-05-17;7960;19945;0;0;0;4243011;253158;3;0;0
FR;3;2021-05-18;13410;29665;0;0;0;4256421;282823;3;0;0
FR;3;2021-05-19;9262;31525;0;0;0;4265683;314348;3;0;0
FR;3;2021-05-20;12801;53237;3;0;0;4278484;367585;6;0;0
FR;3;2021-05-21;12759;65559;2;0;0;4291243;433144;8;0;0
FR;3;2021-05-22;4960;33322;1;0;0;4296203;466466;9;0;0
FR;3;2021-05-23;649;2670;0;0;0;4296852;469136;9;0;0
FR;3;2021-05-24;879;4914;0;0;0;4297731;474050;9;0;0
FR;3;2021-05-25;5297;45262;1;0;0;4303028;519312;10;0;0
FR;3;2021-05-26;4971;51111;1;0;0;4307999;570423;11;0;0
FR;3;2021-05-27;6325;77898;3;0;0;4314324;648321;14;0;0
FR;3;2021-05-28;7541;99119;2;0;0;4321865;747440;16;0;0
FR;3;2021-05-29;3345;60325;1;0;0;4325210;807765;17;0;0
FR;3;2021-05-30;545;8218;0;0;0;4325755;815983;17;0;0
FR;3;2021-05-31;2436;35870;3;0;0;4328191;851853;20;0;0
FR;3;2021-06-01;3400;64742;10;0;0;4331591;916595;30;0;0
FR;3;2021-06-02;2726;58323;6;0;0;4334317;974918;36;0;0
FR;3;2021-06-03;3491;87500;10;0;0;4337808;1062418;46;0;0
FR;3;2021-06-04;4110;105095;22;0;0;4341918;1167513;68;0;0
FR;3;2021-06-05;1979;52240;4;0;0;4343897;1219753;72;0;0
FR;3;2021-06-06;505;5388;1;0;0;4344402;1225141;73;0;0
FR;3;2021-06-07;1469;31080;11;0;0;4345871;1256221;84;0;0
FR;3;2021-06-08;2047;47233;18;0;0;4347918;1303454;102;0;0
FR;3;2021-06-09;1788;42308;13;0;0;4349706;1345762;115;0;0
FR;3;2021-06-10;2242;67862;17;0;0;4351948;1413624;132;0;0
FR;3;2021-06-11;2471;96696;34;0;0;4354419;1510320;166;0;0
FR;3;2021-06-12;1174;40831;6;0;0;4355593;1551151;172;0;0
FR;3;2021-06-13;278;3801;3;0;0;4355871;1554952;175;0;0
FR;3;2021-06-14;1039;42597;17;0;0;4356910;1597549;192;0;0
FR;3;2021-06-15;1364;80594;20;0;0;4358274;1678143;212;0;0
FR;3;2021-06-16;1255;65680;19;0;0;4359529;1743823;231;0;0
FR;3;2021-06-17;1659;101808;41;0;0;4361188;1845631;272;0;0
FR;3;2021-06-18;1868;117931;61;0;0;4363056;1963562;333;0;0
FR;3;2021-06-19;801;39386;22;0;0;4363857;2002948;355;0;0
FR;3;2021-06-20;158;3372;0;0;0;4364015;2006320;355;0;0
FR;3;2021-06-21;768;39242;16;0;0;4364783;2045562;371;0;0
FR;3;2021-06-22;1060;69950;52;0;0;4365843;2115512;423;0;0
FR;3;2021-06-23;942;50823;39;0;0;4366785;2166335;462;0;0
FR;3;2021-06-24;1305;77150;48;0;0;4368090;2243485;510;0;0
FR;3;2021-06-25;1399;89967;73;0;0;4369489;2333452;583;0;0
FR;3;2021-06-26;625;33119;29;0;0;4370114;2366571;612;0;0
FR;3;2021-06-27;165;3988;1;0;0;4370279;2370559;613;0;0
FR;3;2021-06-28;648;30401;27;0;0;4370927;2400960;640;0;0
FR;3;2021-06-29;853;56169;95;0;0;4371780;2457129;735;0;0
FR;3;2021-06-30;901;45075;93;0;0;4372681;2502204;828;0;0
FR;3;2021-07-01;1160;65678;108;0;0;4373841;2567882;936;0;0
FR;3;2021-07-02;1299;90363;170;0;0;4375140;2658245;1106;0;0
FR;3;2021-07-03;600;31184;52;0;0;4375740;2689429;1158;0;0
FR;3;2021-07-04;142;4257;3;0;0;4375882;2693686;1161;0;0
FR;3;2021-07-05;608;33898;60;0;0;4376490;2727584;1221;0;0
FR;3;2021-07-06;956;56046;88;0;0;4377446;2783630;1309;0;0
FR;3;2021-07-07;870;43032;79;0;0;4378316;2826662;1388;0;0
FR;3;2021-07-08;1123;60725;99;0;0;4379439;2887387;1487;0;0
FR;3;2021-07-09;1258;68806;128;0;0;4380697;2956193;1615;0;0
FR;3;2021-07-10;640;25065;59;0;0;4381337;2981258;1674;0;0
FR;3;2021-07-11;127;3288;4;0;0;4381464;2984546;1678;0;0
FR;3;2021-07-12;660;23876;59;0;0;4382124;3008422;1737;0;0
FR;3;2021-07-13;1645;34719;90;0;0;4383769;3043141;1827;0;0
FR;3;2021-07-14;261;2623;2;0;0;4384030;3045764;1829;0;0
FR;3;2021-07-15;1933;30650;85;0;0;4385963;3076414;1914;0;0
FR;3;2021-07-16;2520;38861;122;0;0;4388483;3115275;2036;0;0
FR;3;2021-07-17;1046;13749;26;0;0;4389529;3129024;2062;0;0
FR;3;2021-07-18;262;2604;3;0;0;4389791;3131628;2065;0;0
FR;3;2021-07-19;1273;17188;37;0;0;4391064;3148816;2102;0;0
FR;3;2021-07-20;1823;27126;98;0;0;4392887;3175942;2200;0;0
FR;3;2021-07-21;1647;19710;44;0;0;4394534;3195652;2244;0;0
FR;3;2021-07-22;1848;27746;83;0;0;4396382;3223398;2327;0;0
FR;3;2021-07-23;2212;30446;117;0;0;4398594;3253844;2444;0;0
FR;3;2021-07-24;822;7008;25;0;0;4399416;3260852;2469;0;0
FR;3;2021-07-25;210;1337;1;0;0;4399626;3262189;2470;0;0
FR;3;2021-07-26;921;10698;28;0;0;4400547;3272887;2498;0;0
FR;3;2021-07-27;1165;16942;56;0;0;4401712;3289829;2554;0;0
FR;3;2021-07-28;988;12100;40;0;0;4402700;3301929;2594;0;0
FR;3;2021-07-29;1126;15840;63;0;0;4403826;3317769;2657;0;0
FR;3;2021-07-30;1126;18091;79;0;0;4404952;3335860;2736;0;0
FR;3;2021-07-31;406;3746;15;0;0;4405358;3339606;2751;0;0
FR;3;2021-08-01;113;486;1;0;0;4405471;3340092;2752;0;0
FR;3;2021-08-02;419;5152;22;0;0;4405890;3345244;2774;0;0
FR;3;2021-08-03;488;7584;27;0;0;4406378;3352828;2801;0;0
FR;3;2021-08-04;435;4884;26;0;0;4406813;3357712;2827;0;0
FR;3;2021-08-05;428;3735;12;0;0;4407241;3361447;2839;0;0
FR;3;2021-08-06;452;4788;30;0;0;4407693;3366235;2869;0;0
FR;3;2021-08-07;214;1922;11;0;0;4407907;3368157;2880;0;0
FR;3;2021-08-08;249;432;2;0;0;4408156;3368589;2882;0;0
FR;3;2021-08-09;313;2498;11;0;0;4408469;3371087;2893;0;0
FR;3;2021-08-10;363;3879;15;0;0;4408832;3374966;2908;0;0
FR;3;2021-08-11;285;2722;15;0;0;4409117;3377688;2923;0;0
FR;3;2021-08-12;276;2639;12;0;0;4409393;3380327;2935;0;0
FR;3;2021-08-13;277;2266;16;0;0;4409670;3382593;2951;0;0
FR;3;2021-08-14;169;916;1;0;0;4409839;3383509;2952;0;0
FR;3;2021-08-15;55;171;0;0;0;4409894;3383680;2952;0;0
FR;3;2021-08-16;123;1085;8;0;0;4410017;3384765;2960;0;0
FR;3;2021-08-17;187;1503;8;0;0;4410204;3386268;2968;0;0
FR;3;2021-08-18;200;1369;10;0;0;4410404;3387637;2978;0;0
FR;3;2021-08-19;165;1411;10;0;0;4410569;3389048;2988;0;0
FR;3;2021-08-20;166;1635;16;0;0;4410735;3390683;3004;0;0
FR;3;2021-08-21;93;587;2;0;0;4410828;3391270;3006;0;0
FR;3;2021-08-22;39;189;1;0;0;4410867;3391459;3007;0;0
FR;3;2021-08-23;140;930;7;0;0;4411007;3392389;3014;0;0
FR;3;2021-08-24;124;966;10;0;0;4411131;3393355;3024;0;0
FR;3;2021-08-25;136;844;2;0;0;4411267;3394199;3026;0;0
FR;3;2021-08-26;170;874;9;0;0;4411437;3395073;3035;0;0
FR;3;2021-08-27;172;965;9;0;0;4411609;3396038;3044;0;0
FR;3;2021-08-28;98;372;4;0;0;4411707;3396410;3048;0;0
FR;3;2021-08-29;127;133;1;0;0;4411834;3396543;3049;0;0
FR;3;2021-08-30;98;599;0;0;135;4411932;3397142;3049;0;135
FR;3;2021-08-31;127;712;7;0;153;4412059;3397854;3056;0;288
FR;3;2021-09-01;113;479;5;0;123;4412172;3398333;3061;0;411
FR;3;2021-09-02;100;633;22;0;120;4412272;3398966;3083;0;531
FR;3;2021-09-03;115;586;17;0;128;4412387;3399552;3100;0;659
FR;3;2021-09-04;51;303;3;0;58;4412438;3399855;3103;0;717
FR;3;2021-09-05;51;68;5;0;28;4412489;3399923;3108;0;745
FR;3;2021-09-06;113;394;4;0;144;4412602;3400317;3112;0;889
FR;3;2021-09-07;123;473;14;0;128;4412725;3400790;3126;0;1017
FR;3;2021-09-08;117;371;2;0;103;4412842;3401161;3128;0;1120
FR;3;2021-09-09;92;397;8;0;114;4412934;3401558;3136;0;1234
FR;3;2021-09-10;100;421;3;0;105;4413034;3401979;3139;0;1339
FR;3;2021-09-11;75;239;4;0;66;4413109;3402218;3143;0;1405
FR;3;2021-09-12;36;48;1;0;17;4413145;3402266;3144;0;1422
FR;3;2021-09-13;70;320;7;0;109;4413215;3402586;3151;0;1531
FR;3;2021-09-14;71;293;6;0;107;4413286;3402879;3157;0;1638
FR;3;2021-09-15;59;263;3;0;6;4413345;3403142;3160;0;1644
FR;3;2021-09-16;59;339;5;0;5;4413404;3403481;3165;0;1649
FR;3;2021-09-17;51;348;3;0;7;4413455;3403829;3168;0;1656
FR;3;2021-09-18;36;173;1;0;1;4413491;3404002;3169;0;1657
FR;3;2021-09-19;27;32;2;0;1;4413518;3404034;3171;0;1658
FR;3;2021-09-20;79;211;0;0;1;4413597;3404245;3171;0;1659
FR;3;2021-09-21;58;287;6;0;7;4413655;3404532;3177;0;1666
FR;3;2021-09-22;63;228;6;0;7;4413718;3404760;3183;0;1673
FR;3;2021-09-23;36;273;11;0;7;4413754;3405033;3194;0;1680
FR;3;2021-09-24;25;325;12;0;19;4413779;3405358;3206;0;1699
FR;3;2021-09-25;29;150;3;0;3;4413808;3405508;3209;0;1702
FR;3;2021-09-26;15;55;1;0;1;4413823;3405563;3210;0;1703
FR;3;2021-09-27;39;291;3;0;5;4413862;3405854;3213;0;1708
FR;3;2021-09-28;49;256;6;0;10;4413911;3406110;3219;0;1718
FR;3;2021-09-29;34;223;10;0;13;4413945;3406333;3229;0;1731
FR;3;2021-09-30;38;200;8;0;10;4413983;3406533;3237;0;1741
FR;3;2021-10-01;17;169;6;0;7;4414000;3406702;3243;0;1748
FR;3;2021-10-02;14;90;0;0;0;4414014;3406792;3243;0;1748
FR;3;2021-10-03;18;20;1;0;2;4414032;3406812;3244;0;1750
FR;3;2021-10-04;30;160;4;0;4;4414062;3406972;3248;0;1754
FR;3;2021-10-05;16;153;10;0;13;4414078;3407125;3258;0;1767
FR;3;2021-10-06;31;157;7;0;8;4414109;3407282;3265;0;1775
FR;3;2021-10-07;18;140;6;0;6;4414127;3407422;3271;0;1781
FR;3;2021-10-08;22;145;10;0;9;4414149;3407567;3281;0;1790
FR;3;2021-10-09;12;73;1;0;1;4414161;3407640;3282;0;1791
FR;3;2021-10-10;12;16;2;0;2;4414173;3407656;3284;0;1793
FR;3;2021-10-11;15;123;4;0;5;4414188;3407779;3288;0;1798
FR;3;2021-10-12;17;116;5;0;5;4414205;3407895;3293;0;1803
FR;3;2021-10-13;23;120;7;0;5;4414228;3408015;3300;0;1808
FR;3;2021-10-14;16;161;3;0;4;4414244;3408176;3303;0;1812
FR;3;2021-10-15;21;157;8;0;11;4414265;3408333;3311;0;1823
FR;3;2021-10-16;11;78;6;0;8;4414276;3408411;3317;0;1831
FR;3;2021-10-17;10;24;0;0;0;4414286;3408435;3317;0;1831
FR;3;2021-10-18;17;128;2;0;1;4414303;3408563;3319;0;1832
FR;3;2021-10-19;16;125;19;0;21;4414319;3408688;3338;0;1853
FR;3;2021-10-20;21;131;5;0;6;4414340;3408819;3343;0;1859
FR;3;2021-10-21;25;136;17;0;13;4414365;3408955;3360;0;1872
FR;3;2021-10-22;18;128;16;0;20;4414383;3409083;3376;0;1892
FR;3;2021-10-23;12;57;2;0;1;4414395;3409140;3378;0;1893
FR;3;2021-10-24;7;31;0;0;0;4414402;3409171;3378;0;1893
FR;3;2021-10-25;22;150;7;0;7;4414424;3409321;3385;0;1900
FR;3;2021-10-26;18;113;22;0;19;4414442;3409434;3407;0;1919
FR;3;2021-10-27;15;117;9;0;9;4414457;3409551;3416;0;1928
FR;3;2021-10-28;20;126;33;0;36;4414477;3409677;3449;0;1964
FR;3;2021-10-29;10;123;64;0;54;4414487;3409800;3513;0;2018
FR;3;2021-10-30;8;66;11;1;10;4414495;3409866;3524;1;2028
FR;3;2021-10-31;5;22;1;0;1;4414500;3409888;3525;1;2029
FR;3;2021-11-01;7;22;2;0;1;4414507;3409910;3527;1;2030
FR;3;2021-11-02;9;107;8;0;10;4414516;3410017;3535;1;2040
FR;3;2021-11-03;19;119;10;0;10;4414535;3410136;3545;1;2050
FR;3;2021-11-04;18;97;4;0;3;4414553;3410233;3549;1;2053
FR;3;2021-11-05;17;144;8;1;5;4414570;3410377;3557;2;2058
FR;3;2021-11-06;7;66;3;0;3;4414577;3410443;3560;2;2061
FR;3;2021-11-07;6;21;1;0;1;4414583;3410464;3561;2;2062
FR;3;2021-11-08;11;140;7;0;5;4414594;3410604;3568;2;2067
FR;3;2021-11-09;12;151;5;0;5;4414606;3410755;3573;2;2072
FR;3;2021-11-10;12;180;14;0;15;4414618;3410935;3587;2;2087
FR;3;2021-11-11;8;51;3;0;3;4414626;3410986;3590;2;2090
FR;3;2021-11-12;10;155;6;0;4;4414636;3411141;3596;2;2094
FR;3;2021-11-13;7;76;8;0;10;4414643;3411217;3604;2;2104
FR;3;2021-11-14;2;21;0;0;0;4414645;3411238;3604;2;2104
FR;3;2021-11-15;4;190;10;0;10;4414649;3411428;3614;2;2114
FR;3;2021-11-16;2;167;11;0;10;4414651;3411595;3625;2;2124
FR;3;2021-11-17;5;178;10;0;7;4414656;3411773;3635;2;2131
FR;3;2021-11-18;13;178;10;0;11;4414669;3411951;3645;2;2142
FR;3;2021-11-19;8;228;22;0;27;4414677;3412179;3667;2;2169
FR;3;2021-11-20;6;118;5;0;5;4414683;3412297;3672;2;2174
FR;3;2021-11-21;3;26;3;0;3;4414686;3412323;3675;2;2177
FR;3;2021-11-22;10;235;10;0;10;4414696;3412558;3685;2;2187
FR;3;2021-11-23;6;232;15;0;14;4414702;3412790;3700;2;2201
FR;3;2021-11-24;5;240;9;0;17;4414707;3413030;3709;2;2218
FR;3;2021-11-25;9;283;11;0;10;4414716;3413313;3720;2;2228
FR;3;2021-11-26;5;362;35;0;32;4414721;3413675;3755;2;2260
FR;3;2021-11-27;8;173;20;0;21;4414729;3413848;3775;2;2281
FR;3;2021-11-28;3;65;7;0;7;4414732;3413913;3782;2;2288
FR;3;2021-11-29;4;322;19;0;20;4414736;3414235;3801;2;2308
FR;3;2021-11-30;5;416;26;0;29;4414741;3414651;3827;2;2337
FR;3;2021-12-01;18;463;32;0;33;4414759;3415114;3859;2;2370
FR;3;2021-12-02;9;496;33;0;36;4414768;3415610;3892;2;2406
FR;3;2021-12-03;3;564;37;0;38;4414771;3416174;3929;2;2444
FR;3;2021-12-04;3;279;26;0;28;4414774;3416453;3955;2;2472
FR;3;2021-12-05;1;80;5;0;5;4414775;3416533;3960;2;2477
FR;3;2021-12-06;5;506;14;0;16;4414780;3417039;3974;2;2493
FR;3;2021-12-07;4;609;20;0;24;4414784;3417648;3994;2;2517
FR;3;2021-12-08;4;536;29;0;30;4414788;3418184;4023;2;2547
FR;3;2021-12-09;3;587;17;0;22;4414791;3418771;4040;2;2569
FR;3;2021-12-10;9;623;29;0;25;4414800;3419394;4069;2;2594
FR;3;2021-12-11;4;384;10;0;9;4414804;3419778;4079;2;2603
FR;3;2021-12-12;1;121;3;0;3;4414805;3419899;4082;2;2606
FR;3;2021-12-13;2;599;19;0;21;4414807;3420498;4101;2;2627
FR;3;2021-12-14;7;753;18;0;21;4414814;3421251;4119;2;2648
FR;3;2021-12-15;9;720;17;0;21;4414823;3421971;4136;2;2669
FR;3;2021-12-16;9;724;19;0;18;4414832;3422695;4155;2;2687
FR;3;2021-12-17;4;791;18;0;19;4414836;3423486;4173;2;2706
FR;3;2021-12-18;4;411;4;0;5;4414840;3423897;4177;2;2711
FR;3;2021-12-19;3;207;2;0;2;4414843;3424104;4179;2;2713
FR;3;2021-12-20;8;719;23;0;28;4414851;3424823;4202;2;2741
FR;3;2021-12-21;3;804;10;0;13;4414854;3425627;4212;2;2754
FR;3;2021-12-22;6;755;9;0;10;4414860;3426382;4221;2;2764
FR;3;2021-12-23;1;647;9;0;8;4414861;3427029;4230;2;2772
FR;3;2021-12-24;2;271;3;0;6;4414863;3427300;4233;2;2778
FR;3;2021-12-25;0;25;0;0;0;4414863;3427325;4233;2;2778
FR;3;2021-12-26;0;95;1;0;1;4414863;3427420;4234;2;2779
FR;3;2021-12-27;7;541;17;0;19;4414870;3427961;4251;2;2798
FR;3;2021-12-28;1;689;6;0;5;4414871;3428650;4257;2;2803
FR;3;2021-12-29;4;572;14;0;16;4414875;3429222;4271;2;2819
FR;3;2021-12-30;1;599;7;0;10;4414876;3429821;4278;2;2829
FR;3;2021-12-31;0;204;5;0;6;4414876;3430025;4283;2;2835
FR;3;2022-01-01;0;27;0;0;2;4414876;3430052;4283;2;2837
FR;3;2022-01-02;0;82;0;0;0;4414876;3430134;4283;2;2837
FR;3;2022-01-03;3;564;17;0;20;4414879;3430698;4300;2;2857
FR;3;2022-01-04;6;623;9;0;8;4414885;3431321;4309;2;2865
FR;3;2022-01-05;4;552;10;0;14;4414889;3431873;4319;2;2879
FR;3;2022-01-06;5;547;9;0;12;4414894;3432420;4328;2;2891
FR;3;2022-01-07;2;574;11;0;14;4414896;3432994;4339;2;2905
FR;3;2022-01-08;2;283;4;0;5;4414898;3433277;4343;2;2910
FR;3;2022-01-09;0;118;0;0;0;4414898;3433395;4343;2;2910
FR;3;2022-01-10;2;479;12;0;12;4414900;3433874;4355;2;2922
FR;3;2022-01-11;2;531;1;0;1;4414902;3434405;4356;2;2923
FR;3;2022-01-12;2;445;9;0;10;4414904;3434850;4365;2;2933
FR;3;2022-01-13;3;423;11;0;12;4414907;3435273;4376;2;2945
FR;3;2022-01-14;3;474;10;0;13;4414910;3435747;4386;2;2958
FR;3;2022-01-15;0;298;2;0;3;4414910;3436045;4388;2;2961
FR;3;2022-01-16;0;116;1;0;1;4414910;3436161;4389;2;2962
FR;3;2022-01-17;2;349;8;0;10;4414912;3436510;4397;2;2972
FR;3;2022-01-18;2;413;1;0;2;4414914;3436923;4398;2;2974
FR;3;2022-01-19;1;349;5;0;10;4414915;3437272;4403;2;2984
FR;3;2022-01-20;1;379;5;0;3;4414916;3437651;4408;2;2987
FR;3;2022-01-21;3;372;5;0;7;4414919;3438023;4413;2;2994
FR;3;2022-01-22;2;231;1;0;2;4414921;3438254;4414;2;2996
FR;3;2022-01-23;0;82;0;0;1;4414921;3438336;4414;2;2997
FR;3;2022-01-24;2;348;1;0;6;4414923;3438684;4415;2;3003
FR;3;2022-01-25;0;192;0;0;0;4414923;3438876;4415;2;3003
FR;3;2022-01-26;0;88;0;0;0;4414923;3438964;4415;2;3003
FR;3;2022-01-27;0;58;0;0;0;4414923;3439022;4415;2;3003
FR;3;2022-01-28;0;133;0;0;0;4414923;3439155;4415;2;3003
FR;3;2022-01-29;0;110;0;0;0;4414923;3439265;4415;2;3003
FR;3;2022-01-30;0;51;0;0;0;4414923;3439316;4415;2;3003
FR;3;2022-01-31;0;97;0;0;0;4414923;3439413;4415;2;3003
FR;3;2022-02-01;0;108;0;0;1;4414923;3439521;4415;2;3004
FR;3;2022-02-02;0;95;0;0;0;4414923;3439616;4415;2;3004
FR;3;2022-02-03;0;101;0;0;0;4414923;3439717;4415;2;3004
FR;3;2022-02-04;0;124;0;0;0;4414923;3439841;4415;2;3004
FR;3;2022-02-05;0;73;0;0;0;4414923;3439914;4415;2;3004
FR;3;2022-02-06;0;11;0;0;0;4414923;3439925;4415;2;3004
FR;3;2022-02-07;0;89;0;0;1;4414923;3440014;4415;2;3005
FR;3;2022-02-08;0;0;0;0;0;4414923;3440014;4415;2;3005
FR;3;2022-02-09;0;0;0;0;0;4414923;3440014;4415;2;3005
FR;3;2022-02-10;0;0;0;0;0;4414923;3440014;4415;2;3005
FR;3;2022-02-11;0;0;0;0;0;4414923;3440014;4415;2;3005
FR;3;2022-02-12;0;0;0;0;0;4414923;3440014;4415;2;3005
FR;3;2022-02-13;0;0;0;0;0;4414923;3440014;4415;2;3005
FR;3;2022-02-14;0;0;0;0;0;4414923;3440014;4415;2;3005
FR;3;2022-02-15;0;0;0;0;0;4414923;3440014;4415;2;3005
FR;3;2022-02-16;0;0;0;0;0;4414923;3440014;4415;2;3005
FR;3;2022-02-17;0;0;0;0;0;4414923;3440014;4415;2;3005
FR;3;2022-02-18;0;0;0;0;0;4414923;3440014;4415;2;3005
FR;3;2022-02-19;0;0;0;0;0;4414923;3440014;4415;2;3005
FR;3;2022-02-20;0;0;0;0;0;4414923;3440014;4415;2;3005
FR;3;2022-02-21;2;0;0;0;0;4414925;3440014;4415;2;3005
FR;3;2022-02-22;0;0;0;0;0;4414925;3440014;4415;2;3005
FR;3;2022-02-23;0;0;0;0;0;4414925;3440014;4415;2;3005
FR;3;2022-02-24;0;0;0;0;0;4414925;3440014;4415;2;3005
FR;3;2022-02-25;0;0;0;0;0;4414925;3440014;4415;2;3005
FR;3;2022-02-26;0;0;0;0;0;4414925;3440014;4415;2;3005
FR;3;2022-02-27;0;0;0;0;0;4414925;3440014;4415;2;3005
FR;3;2022-02-28;1;0;0;0;0;4414926;3440014;4415;2;3005
FR;3;2022-03-01;1;0;0;0;0;4414927;3440014;4415;2;3005
FR;3;2022-03-02;0;0;0;0;0;4414927;3440014;4415;2;3005
FR;3;2022-03-03;0;0;0;0;0;4414927;3440014;4415;2;3005
FR;3;2022-03-04;0;0;0;0;0;4414927;3440014;4415;2;3005
FR;3;2022-03-05;0;0;0;0;0;4414927;3440014;4415;2;3005
FR;3;2022-03-06;1;0;0;0;0;4414928;3440014;4415;2;3005
FR;3;2022-03-07;0;0;0;0;0;4414928;3440014;4415;2;3005
FR;3;2022-03-08;1;0;0;0;0;4414929;3440014;4415;2;3005
FR;3;2022-03-09;0;0;0;0;0;4414929;3440014;4415;2;3005
FR;3;2022-03-10;0;0;0;0;0;4414929;3440014;4415;2;3005
FR;3;2022-03-11;0;0;0;0;0;4414929;3440014;4415;2;3005
FR;3;2022-03-12;0;0;0;0;0;4414929;3440014;4415;2;3005
FR;3;2022-03-13;0;0;0;0;0;4414929;3440014;4415;2;3005
FR;3;2022-03-14;0;0;0;0;0;4414929;3440014;4415;2;3005
FR;3;2022-03-15;0;0;0;0;0;4414929;3440014;4415;2;3005
FR;3;2022-03-16;0;0;0;0;0;4414929;3440014;4415;2;3005
FR;3;2022-03-17;0;0;0;0;0;4414929;3440014;4415;2;3005
FR;3;2022-03-18;0;0;0;0;0;4414929;3440014;4415;2;3005
FR;3;2022-03-19;0;0;0;0;0;4414929;3440014;4415;2;3005
FR;3;2022-03-20;1;0;0;0;0;4414930;3440014;4415;2;3005
FR;3;2022-03-21;0;0;0;0;0;4414930;3440014;4415;2;3005
FR;3;2022-03-22;0;0;0;0;0;4414930;3440014;4415;2;3005
FR;3;2022-03-23;1;0;0;0;0;4414931;3440014;4415;2;3005
FR;3;2022-03-24;0;0;0;0;0;4414931;3440014;4415;2;3005
FR;3;2022-03-25;1;0;0;0;0;4414932;3440014;4415;2;3005
FR;3;2022-03-26;0;0;0;0;0;4414932;3440014;4415;2;3005
FR;3;2022-03-27;0;0;0;0;0;4414932;3440014;4415;2;3005
FR;3;2022-03-28;0;0;0;0;0;4414932;3440014;4415;2;3005
FR;3;2022-03-29;0;0;0;0;0;4414932;3440014;4415;2;3005
FR;3;2022-03-30;0;0;0;0;0;4414932;3440014;4415;2;3005
FR;3;2022-03-31;0;0;0;0;0;4414932;3440014;4415;2;3005
FR;3;2022-04-01;0;0;0;0;0;4414932;3440014;4415;2;3005
FR;3;2022-04-02;0;0;0;0;0;4414932;3440014;4415;2;3005
FR;3;2022-04-03;0;0;0;0;0;4414932;3440014;4415;2;3005
FR;3;2022-04-04;0;0;0;0;0;4414932;3440014;4415;2;3005
FR;3;2022-04-05;0;0;0;0;0;4414932;3440014;4415;2;3005
FR;3;2022-04-06;0;0;0;0;0;4414932;3440014;4415;2;3005
FR;3;2022-04-07;0;0;0;0;0;4414932;3440014;4415;2;3005
FR;3;2022-04-08;0;0;0;0;0;4414932;3440014;4415;2;3005
FR;3;2022-04-09;0;0;0;0;0;4414932;3440014;4415;2;3005
FR;3;2022-04-10;0;0;0;0;0;4414932;3440014;4415;2;3005
FR;3;2022-04-11;0;0;0;0;0;4414932;3440014;4415;2;3005
FR;3;2022-04-12;0;0;0;0;0;4414932;3440014;4415;2;3005
FR;3;2022-04-13;0;0;0;0;0;4414932;3440014;4415;2;3005
FR;3;2022-04-14;0;0;0;0;0;4414932;3440014;4415;2;3005
FR;3;2022-04-15;1;0;0;0;0;4414933;3440014;4415;2;3005
FR;3;2022-04-16;0;0;0;0;0;4414933;3440014;4415;2;3005
FR;3;2022-04-17;0;0;0;0;0;4414933;3440014;4415;2;3005
FR;3;2022-04-18;0;0;0;0;0;4414933;3440014;4415;2;3005
FR;3;2022-04-19;0;0;0;0;0;4414933;3440014;4415;2;3005
FR;3;2022-04-20;0;0;0;0;0;4414933;3440014;4415;2;3005
FR;3;2022-04-21;0;0;0;0;0;4414933;3440014;4415;2;3005
FR;3;2022-04-22;0;0;0;0;0;4414933;3440014;4415;2;3005
FR;3;2022-04-23;0;0;0;0;0;4414933;3440014;4415;2;3005
FR;3;2022-04-24;0;0;0;0;0;4414933;3440014;4415;2;3005
FR;3;2022-04-25;0;0;0;0;0;4414933;3440014;4415;2;3005
FR;3;2022-04-26;0;0;0;0;0;4414933;3440014;4415;2;3005
FR;3;2022-04-27;0;0;0;0;0;4414933;3440014;4415;2;3005
FR;3;2022-04-28;0;0;0;0;0;4414933;3440014;4415;2;3005
FR;3;2022-04-29;0;0;0;0;0;4414933;3440014;4415;2;3005
FR;3;2022-04-30;0;0;0;0;0;4414933;3440014;4415;2;3005
FR;3;2022-05-01;0;0;0;0;0;4414933;3440014;4415;2;3005
FR;3;2022-05-02;0;0;0;0;0;4414933;3440014;4415;2;3005
FR;3;2022-05-03;0;0;0;0;0;4414933;3440014;4415;2;3005
FR;3;2022-05-04;0;0;0;0;0;4414933;3440014;4415;2;3005
FR;3;2022-05-05;0;0;0;0;0;4414933;3440014;4415;2;3005
FR;3;2022-05-06;0;0;0;0;0;4414933;3440014;4415;2;3005
FR;3;2022-05-07;0;0;0;0;0;4414933;3440014;4415;2;3005
FR;3;2022-05-08;0;0;0;0;0;4414933;3440014;4415;2;3005
FR;3;2022-05-09;0;0;0;0;0;4414933;3440014;4415;2;3005
FR;3;2022-05-10;0;0;0;0;0;4414933;3440014;4415;2;3005
FR;3;2022-05-11;0;0;0;0;0;4414933;3440014;4415;2;3005
FR;3;2022-05-12;0;0;0;0;0;4414933;3440014;4415;2;3005
FR;3;2022-05-13;0;0;0;0;0;4414933;3440014;4415;2;3005
FR;3;2022-05-14;1;0;0;0;0;4414934;3440014;4415;2;3005
FR;3;2022-05-15;0;0;0;0;0;4414934;3440014;4415;2;3005
FR;3;2022-05-16;0;0;0;0;0;4414934;3440014;4415;2;3005
FR;3;2022-05-17;0;0;0;0;0;4414934;3440014;4415;2;3005
FR;3;2022-05-18;0;0;0;0;0;4414934;3440014;4415;2;3005
FR;3;2022-05-19;0;0;0;0;0;4414934;3440014;4415;2;3005
FR;3;2022-05-20;0;0;0;0;0;4414934;3440014;4415;2;3005
FR;3;2022-05-21;0;0;0;0;0;4414934;3440014;4415;2;3005
FR;3;2022-05-22;0;0;0;0;0;4414934;3440014;4415;2;3005
FR;3;2022-05-23;0;0;0;0;0;4414934;3440014;4415;2;3005
FR;3;2022-05-24;0;0;0;0;0;4414934;3440014;4415;2;3005
FR;3;2022-05-25;0;0;0;0;0;4414934;3440014;4415;2;3005
FR;3;2022-05-26;0;0;0;0;0;4414934;3440014;4415;2;3005
FR;3;2022-05-27;0;0;0;0;0;4414934;3440014;4415;2;3005
FR;3;2022-05-28;0;0;0;0;0;4414934;3440014;4415;2;3005
FR;3;2022-05-29;0;0;0;0;0;4414934;3440014;4415;2;3005
FR;4;2020-12-27;0;0;0;0;0;0;0;0;0;0
FR;4;2020-12-28;0;0;0;0;0;0;0;0;0;0
FR;4;2020-12-29;0;0;0;0;0;0;0;0;0;0
FR;4;2020-12-30;0;0;0;0;0;0;0;0;0;0
FR;4;2020-12-31;0;0;0;0;0;0;0;0;0;0
FR;4;2021-01-01;0;0;0;0;0;0;0;0;0;0
FR;4;2021-01-02;0;0;0;0;0;0;0;0;0;0
FR;4;2021-01-03;0;0;0;0;0;0;0;0;0;0
FR;4;2021-01-04;0;0;0;0;0;0;0;0;0;0
FR;4;2021-01-05;0;0;0;0;0;0;0;0;0;0
FR;4;2021-01-06;0;0;0;0;0;0;0;0;0;0
FR;4;2021-01-07;0;0;0;0;0;0;0;0;0;0
FR;4;2021-01-08;0;0;0;0;0;0;0;0;0;0
FR;4;2021-01-09;0;0;0;0;0;0;0;0;0;0
FR;4;2021-01-10;0;0;0;0;0;0;0;0;0;0
FR;4;2021-01-11;0;0;0;0;0;0;0;0;0;0
FR;4;2021-01-12;0;0;0;0;0;0;0;0;0;0
FR;4;2021-01-13;0;0;0;0;0;0;0;0;0;0
FR;4;2021-01-14;0;0;0;0;0;0;0;0;0;0
FR;4;2021-01-15;0;0;0;0;0;0;0;0;0;0
FR;4;2021-01-16;0;0;0;0;0;0;0;0;0;0
FR;4;2021-01-17;0;0;0;0;0;0;0;0;0;0
FR;4;2021-01-18;0;0;0;0;0;0;0;0;0;0
FR;4;2021-01-19;0;0;0;0;0;0;0;0;0;0
FR;4;2021-01-20;0;0;0;0;0;0;0;0;0;0
FR;4;2021-01-21;0;0;0;0;0;0;0;0;0;0
FR;4;2021-01-22;0;0;0;0;0;0;0;0;0;0
FR;4;2021-01-23;0;0;0;0;0;0;0;0;0;0
FR;4;2021-01-24;0;0;0;0;0;0;0;0;0;0
FR;4;2021-01-25;0;0;0;0;0;0;0;0;0;0
FR;4;2021-01-26;0;0;0;0;0;0;0;0;0;0
FR;4;2021-01-27;0;0;0;0;0;0;0;0;0;0
FR;4;2021-01-28;0;0;0;0;0;0;0;0;0;0
FR;4;2021-01-29;0;0;0;0;0;0;0;0;0;0
FR;4;2021-01-30;0;0;0;0;0;0;0;0;0;0
FR;4;2021-01-31;0;0;0;0;0;0;0;0;0;0
FR;4;2021-02-01;0;0;0;0;0;0;0;0;0;0
FR;4;2021-02-02;0;0;0;0;0;0;0;0;0;0
FR;4;2021-02-03;0;0;0;0;0;0;0;0;0;0
FR;4;2021-02-04;0;0;0;0;0;0;0;0;0;0
FR;4;2021-02-05;0;0;0;0;0;0;0;0;0;0
FR;4;2021-02-06;0;0;0;0;0;0;0;0;0;0
FR;4;2021-02-07;0;0;0;0;0;0;0;0;0;0
FR;4;2021-02-08;0;0;0;0;0;0;0;0;0;0
FR;4;2021-02-09;0;0;0;0;0;0;0;0;0;0
FR;4;2021-02-10;0;0;0;0;0;0;0;0;0;0
FR;4;2021-02-11;0;0;0;0;0;0;0;0;0;0
FR;4;2021-02-12;0;0;0;0;0;0;0;0;0;0
FR;4;2021-02-13;0;0;0;0;0;0;0;0;0;0
FR;4;2021-02-14;0;0;0;0;0;0;0;0;0;0
FR;4;2021-02-15;0;0;0;0;0;0;0;0;0;0
FR;4;2021-02-16;0;0;0;0;0;0;0;0;0;0
FR;4;2021-02-17;0;0;0;0;0;0;0;0;0;0
FR;4;2021-02-18;0;0;0;0;0;0;0;0;0;0
FR;4;2021-02-19;0;0;0;0;0;0;0;0;0;0
FR;4;2021-02-20;0;0;0;0;0;0;0;0;0;0
FR;4;2021-02-21;0;0;0;0;0;0;0;0;0;0
FR;4;2021-02-22;0;0;0;0;0;0;0;0;0;0
FR;4;2021-02-23;0;0;0;0;0;0;0;0;0;0
FR;4;2021-02-24;0;0;0;0;0;0;0;0;0;0
FR;4;2021-02-25;0;0;0;0;0;0;0;0;0;0
FR;4;2021-02-26;0;0;0;0;0;0;0;0;0;0
FR;4;2021-02-27;0;0;0;0;0;0;0;0;0;0
FR;4;2021-02-28;0;0;0;0;0;0;0;0;0;0
FR;4;2021-03-01;0;0;0;0;0;0;0;0;0;0
FR;4;2021-03-02;0;0;0;0;0;0;0;0;0;0
FR;4;2021-03-03;0;0;0;0;0;0;0;0;0;0
FR;4;2021-03-04;0;0;0;0;0;0;0;0;0;0
FR;4;2021-03-05;0;0;0;0;0;0;0;0;0;0
FR;4;2021-03-06;0;0;0;0;0;0;0;0;0;0
FR;4;2021-03-07;0;0;0;0;0;0;0;0;0;0
FR;4;2021-03-08;0;0;0;0;0;0;0;0;0;0
FR;4;2021-03-09;0;0;0;0;0;0;0;0;0;0
FR;4;2021-03-10;0;0;0;0;0;0;0;0;0;0
FR;4;2021-03-11;0;0;0;0;0;0;0;0;0;0
FR;4;2021-03-12;0;0;0;0;0;0;0;0;0;0
FR;4;2021-03-13;0;0;0;0;0;0;0;0;0;0
FR;4;2021-03-14;0;0;0;0;0;0;0;0;0;0
FR;4;2021-03-15;0;0;0;0;0;0;0;0;0;0
FR;4;2021-03-16;0;0;0;0;0;0;0;0;0;0
FR;4;2021-03-17;0;0;0;0;0;0;0;0;0;0
FR;4;2021-03-18;0;0;0;0;0;0;0;0;0;0
FR;4;2021-03-19;0;0;0;0;0;0;0;0;0;0
FR;4;2021-03-20;0;0;0;0;0;0;0;0;0;0
FR;4;2021-03-21;0;0;0;0;0;0;0;0;0;0
FR;4;2021-03-22;0;0;0;0;0;0;0;0;0;0
FR;4;2021-03-23;0;0;0;0;0;0;0;0;0;0
FR;4;2021-03-24;0;0;0;0;0;0;0;0;0;0
FR;4;2021-03-25;0;0;0;0;0;0;0;0;0;0
FR;4;2021-03-26;0;0;0;0;0;0;0;0;0;0
FR;4;2021-03-27;0;0;0;0;0;0;0;0;0;0
FR;4;2021-03-28;0;0;0;0;0;0;0;0;0;0
FR;4;2021-03-29;0;0;0;0;0;0;0;0;0;0
FR;4;2021-03-30;0;0;0;0;0;0;0;0;0;0
FR;4;2021-03-31;0;0;0;0;0;0;0;0;0;0
FR;4;2021-04-01;0;0;0;0;0;0;0;0;0;0
FR;4;2021-04-02;0;0;0;0;0;0;0;0;0;0
FR;4;2021-04-03;0;0;0;0;0;0;0;0;0;0
FR;4;2021-04-04;0;0;0;0;0;0;0;0;0;0
FR;4;2021-04-05;0;0;0;0;0;0;0;0;0;0
FR;4;2021-04-06;0;0;0;0;0;0;0;0;0;0
FR;4;2021-04-07;0;0;0;0;0;0;0;0;0;0
FR;4;2021-04-08;0;0;0;0;0;0;0;0;0;0
FR;4;2021-04-09;0;0;0;0;0;0;0;0;0;0
FR;4;2021-04-10;0;0;0;0;0;0;0;0;0;0
FR;4;2021-04-11;0;0;0;0;0;0;0;0;0;0
FR;4;2021-04-12;0;0;0;0;0;0;0;0;0;0
FR;4;2021-04-13;0;0;0;0;0;0;0;0;0;0
FR;4;2021-04-14;0;0;0;0;0;0;0;0;0;0
FR;4;2021-04-15;0;0;0;0;0;0;0;0;0;0
FR;4;2021-04-16;0;0;0;0;0;0;0;0;0;0
FR;4;2021-04-17;0;0;0;0;0;0;0;0;0;0
FR;4;2021-04-18;0;0;0;0;0;0;0;0;0;0
FR;4;2021-04-19;0;0;0;0;0;0;0;0;0;0
FR;4;2021-04-20;0;0;0;0;0;0;0;0;0;0
FR;4;2021-04-21;0;0;0;0;0;0;0;0;0;0
FR;4;2021-04-22;0;0;0;0;0;0;0;0;0;0
FR;4;2021-04-23;4017;0;0;0;0;4017;0;0;0;0
FR;4;2021-04-24;1569;0;0;0;0;5586;0;0;0;0
FR;4;2021-04-25;125;0;0;0;0;5711;0;0;0;0
FR;4;2021-04-26;2869;1;0;0;0;8580;1;0;0;0
FR;4;2021-04-27;9519;3;0;0;0;18099;4;0;0;0
FR;4;2021-04-28;9904;6;0;0;0;28003;10;0;0;0
FR;4;2021-04-29;15991;8;0;0;0;43994;18;0;0;0
FR;4;2021-04-30;19229;10;0;0;0;63223;28;0;0;0
FR;4;2021-05-01;1993;6;0;0;0;65216;34;0;0;0
FR;4;2021-05-02;482;0;0;0;0;65698;34;0;0;0
FR;4;2021-05-03;5058;2;0;0;0;70756;36;0;0;0
FR;4;2021-05-04;8397;10;0;0;0;79153;46;0;0;0
FR;4;2021-05-05;6182;7;0;0;0;85335;53;0;0;0
FR;4;2021-05-06;11377;11;0;0;0;96712;64;0;0;0
FR;4;2021-05-07;19121;9;0;0;0;115833;73;0;0;0
FR;4;2021-05-08;2377;6;0;0;0;118210;79;0;0;0
FR;4;2021-05-09;685;3;0;0;0;118895;82;0;0;0
FR;4;2021-05-10;7239;5;1;0;0;126134;87;1;0;0
FR;4;2021-05-11;14313;12;0;0;0;140447;99;1;0;0
FR;4;2021-05-12;10163;15;0;0;0;150610;114;1;0;0
FR;4;2021-05-13;1579;3;0;0;0;152189;117;1;0;0
FR;4;2021-05-14;7760;6;0;0;0;159949;123;1;0;0
FR;4;2021-05-15;3717;8;1;0;0;163666;131;2;0;0
FR;4;2021-05-16;417;1;0;0;0;164083;132;2;0;0
FR;4;2021-05-17;4475;6;0;0;0;168558;138;2;0;0
FR;4;2021-05-18;8751;10;0;0;0;177309;148;2;0;0
FR;4;2021-05-19;5690;7;0;0;0;182999;155;2;0;0
FR;4;2021-05-20;9479;7;0;0;0;192478;162;2;0;0
FR;4;2021-05-21;12791;30;0;0;0;205269;192;2;0;0
FR;4;2021-05-22;5056;15;0;0;0;210325;207;2;0;0
FR;4;2021-05-23;494;4;0;0;0;210819;211;2;0;0
FR;4;2021-05-24;1054;7;0;0;0;211873;218;2;0;0
FR;4;2021-05-25;7620;16;0;0;0;219493;234;2;0;0
FR;4;2021-05-26;7723;16;0;0;0;227216;250;2;0;0
FR;4;2021-05-27;14327;35;0;0;0;241543;285;2;0;0
FR;4;2021-05-28;26583;82;1;0;0;268126;367;3;0;0
FR;4;2021-05-29;11380;18;0;0;0;279506;385;3;0;0
FR;4;2021-05-30;971;6;0;0;0;280477;391;3;0;0
FR;4;2021-05-31;12686;21;0;0;0;293163;412;3;0;0
FR;4;2021-06-01;20249;46;1;0;0;313412;458;4;0;0
FR;4;2021-06-02;14518;33;0;0;0;327930;491;4;0;0
FR;4;2021-06-03;19410;24;1;0;0;347340;515;5;0;0
FR;4;2021-06-04;22508;47;0;0;0;369848;562;5;0;0
FR;4;2021-06-05;9712;32;0;0;0;379560;594;5;0;0
FR;4;2021-06-06;1039;1;0;0;0;380599;595;5;0;0
FR;4;2021-06-07;9224;19;0;0;0;389823;614;5;0;0
FR;4;2021-06-08;14605;31;0;0;0;404428;645;5;0;0
FR;4;2021-06-09;12202;25;0;0;0;416630;670;5;0;0
FR;4;2021-06-10;15398;30;0;0;0;432028;700;5;0;0
FR;4;2021-06-11;16978;56;0;0;0;449006;756;5;0;0
FR;4;2021-06-12;7444;27;0;0;0;456450;783;5;0;0
FR;4;2021-06-13;906;2;0;0;0;457356;785;5;0;0
FR;4;2021-06-14;6645;25;0;0;0;464001;810;5;0;0
FR;4;2021-06-15;10883;37;0;0;0;474884;847;5;0;0
FR;4;2021-06-16;8904;15;0;0;0;483788;862;5;0;0
FR;4;2021-06-17;10897;36;0;0;0;494685;898;5;0;0
FR;4;2021-06-18;12420;45;0;0;0;507105;943;5;0;0
FR;4;2021-06-19;5567;25;0;0;0;512672;968;5;0;0
FR;4;2021-06-20;819;5;0;0;0;513491;973;5;0;0
FR;4;2021-06-21;5081;20;0;0;0;518572;993;5;0;0
FR;4;2021-06-22;7905;28;2;0;0;526477;1021;7;0;0
FR;4;2021-06-23;7092;39;2;0;0;533569;1060;9;0;0
FR;4;2021-06-24;8647;46;1;0;0;542216;1106;10;0;0
FR;4;2021-06-25;10172;39;2;0;0;552388;1145;12;0;0
FR;4;2021-06-26;4841;21;0;0;0;557229;1166;12;0;0
FR;4;2021-06-27;760;3;0;0;0;557989;1169;12;0;0
FR;4;2021-06-28;4822;16;1;0;0;562811;1185;13;0;0
FR;4;2021-06-29;7097;27;2;0;0;569908;1212;15;0;0
FR;4;2021-06-30;6708;39;2;0;0;576616;1251;17;0;0
FR;4;2021-07-01;8191;40;0;0;0;584807;1291;17;0;0
FR;4;2021-07-02;9413;52;1;0;0;594220;1343;18;0;0
FR;4;2021-07-03;4844;19;0;0;0;599064;1362;18;0;0
FR;4;2021-07-04;686;5;0;0;0;599750;1367;18;0;0
FR;4;2021-07-05;4766;19;2;0;0;604516;1386;20;0;0
FR;4;2021-07-06;7717;28;4;0;0;612233;1414;24;0;0
FR;4;2021-07-07;7069;34;2;0;0;619302;1448;26;0;0
FR;4;2021-07-08;9218;40;2;0;0;628520;1488;28;0;0
FR;4;2021-07-09;10275;34;1;0;0;638795;1522;29;0;0
FR;4;2021-07-10;4634;14;2;0;0;643429;1536;31;0;0
FR;4;2021-07-11;582;4;1;0;0;644011;1540;32;0;0
FR;4;2021-07-12;5867;29;0;0;0;649878;1569;32;0;0
FR;4;2021-07-13;14230;29;0;0;0;664108;1598;32;0;0
FR;4;2021-07-14;2282;14;0;0;0;666390;1612;32;0;0
FR;4;2021-07-15;18231;36;0;0;0;684621;1648;32;0;0
FR;4;2021-07-16;22815;70;2;0;0;707436;1718;34;0;0
FR;4;2021-07-17;9735;20;0;0;0;717171;1738;34;0;0
FR;4;2021-07-18;1354;4;0;0;0;718525;1742;34;0;0
FR;4;2021-07-19;12979;28;1;0;0;731504;1770;35;0;0
FR;4;2021-07-20;17332;26;1;0;0;748836;1796;36;0;0
FR;4;2021-07-21;15605;33;0;0;0;764441;1829;36;0;0
FR;4;2021-07-22;18237;44;2;0;0;782678;1873;38;0;0
FR;4;2021-07-23;20404;57;7;0;0;803082;1930;45;0;0
FR;4;2021-07-24;9282;32;0;0;0;812364;1962;45;0;0
FR;4;2021-07-25;1350;8;0;0;0;813714;1970;45;0;0
FR;4;2021-07-26;11031;20;0;0;0;824745;1990;45;0;0
FR;4;2021-07-27;14662;35;3;0;0;839407;2025;48;0;0
FR;4;2021-07-28;12923;26;2;0;0;852330;2051;50;0;0
FR;4;2021-07-29;14079;54;4;0;0;866409;2105;54;0;0
FR;4;2021-07-30;15479;45;2;0;0;881888;2150;56;0;0
FR;4;2021-07-31;6831;14;2;0;0;888719;2164;58;0;0
FR;4;2021-08-01;905;1;0;0;0;889624;2165;58;0;0
FR;4;2021-08-02;7902;29;0;0;0;897526;2194;58;0;0
FR;4;2021-08-03;10789;32;2;0;0;908315;2226;60;0;0
FR;4;2021-08-04;9732;29;0;0;0;918047;2255;60;0;0
FR;4;2021-08-05;9812;41;0;0;0;927859;2296;60;0;0
FR;4;2021-08-06;10183;30;3;0;0;938042;2326;63;0;0
FR;4;2021-08-07;5088;30;1;0;0;943130;2356;64;0;0
FR;4;2021-08-08;1217;13;0;0;0;944347;2369;64;0;0
FR;4;2021-08-09;6334;31;0;0;0;950681;2400;64;0;0
FR;4;2021-08-10;8741;18;0;0;0;959422;2418;64;0;0
FR;4;2021-08-11;7931;33;4;0;0;967353;2451;68;0;0
FR;4;2021-08-12;8580;29;1;0;0;975933;2480;69;0;0
FR;4;2021-08-13;7547;24;0;1;0;983480;2504;69;1;0
FR;4;2021-08-14;3787;20;0;0;0;987267;2524;69;1;0
FR;4;2021-08-15;769;5;0;0;0;988036;2529;69;1;0
FR;4;2021-08-16;4003;16;0;0;0;992039;2545;69;1;0
FR;4;2021-08-17;5616;16;1;0;0;997655;2561;70;1;0
FR;4;2021-08-18;5163;34;0;0;0;1002818;2595;70;1;0
FR;4;2021-08-19;5475;33;3;0;0;1008293;2628;73;1;0
FR;4;2021-08-20;5210;24;1;0;0;1013503;2652;74;1;0
FR;4;2021-08-21;2307;21;1;0;0;1015810;2673;75;1;0
FR;4;2021-08-22;401;2;0;0;0;1016211;2675;75;1;0
FR;4;2021-08-23;2924;19;1;0;0;1019135;2694;76;1;0
FR;4;2021-08-24;3745;15;0;0;0;1022880;2709;76;1;0
FR;4;2021-08-25;3538;25;0;0;0;1026418;2734;76;1;0
FR;4;2021-08-26;3701;20;2;0;0;1030119;2754;78;1;0
FR;4;2021-08-27;3605;31;2;0;0;1033724;2785;80;1;0
FR;4;2021-08-28;1724;9;1;0;0;1035448;2794;81;1;0
FR;4;2021-08-29;387;7;1;0;0;1035835;2801;82;1;0
FR;4;2021-08-30;2009;24;0;0;14;1037844;2825;82;1;14
FR;4;2021-08-31;2481;20;0;0;13;1040325;2845;82;1;27
FR;4;2021-09-01;2078;38;1;0;21;1042403;2883;83;1;48
FR;4;2021-09-02;2300;31;4;0;18;1044703;2914;87;1;66
FR;4;2021-09-03;2357;44;5;0;32;1047060;2958;92;1;98
FR;4;2021-09-04;1373;17;0;0;7;1048433;2975;92;1;105
FR;4;2021-09-05;431;2;0;0;2;1048864;2977;92;1;107
FR;4;2021-09-06;1705;60;0;0;21;1050569;3037;92;1;128
FR;4;2021-09-07;1674;18;1;0;9;1052243;3055;93;1;137
FR;4;2021-09-08;1279;27;3;1;20;1053522;3082;96;2;157
FR;4;2021-09-09;1385;23;2;0;9;1054907;3105;98;2;166
FR;4;2021-09-10;1516;31;2;0;23;1056423;3136;100;2;189
FR;4;2021-09-11;738;11;0;0;3;1057161;3147;100;2;192
FR;4;2021-09-12;168;4;0;0;2;1057329;3151;100;2;194
FR;4;2021-09-13;1316;22;1;0;16;1058645;3173;101;2;210
FR;4;2021-09-14;1496;9;2;0;6;1060141;3182;103;2;216
FR;4;2021-09-15;1091;27;1;0;24;1061232;3209;104;2;240
FR;4;2021-09-16;1095;22;2;0;15;1062327;3231;106;2;255
FR;4;2021-09-17;891;21;1;0;12;1063218;3252;107;2;267
FR;4;2021-09-18;462;6;1;0;5;1063680;3258;108;2;272
FR;4;2021-09-19;182;3;0;0;2;1063862;3261;108;2;274
FR;4;2021-09-20;446;18;0;0;12;1064308;3279;108;2;286
FR;4;2021-09-21;423;11;0;0;7;1064731;3290;108;2;293
FR;4;2021-09-22;372;19;2;0;13;1065103;3309;110;2;306
FR;4;2021-09-23;477;16;1;0;15;1065580;3325;111;2;321
FR;4;2021-09-24;409;13;2;0;9;1065989;3338;113;2;330
FR;4;2021-09-25;281;9;1;0;4;1066270;3347;114;2;334
FR;4;2021-09-26;73;2;0;0;1;1066343;3349;114;2;335
FR;4;2021-09-27;261;10;1;0;8;1066604;3359;115;2;343
FR;4;2021-09-28;315;8;0;0;8;1066919;3367;115;2;351
FR;4;2021-09-29;372;18;1;0;12;1067291;3385;116;2;363
FR;4;2021-09-30;359;40;0;0;21;1067650;3425;116;2;384
FR;4;2021-10-01;407;49;0;0;43;1068057;3474;116;2;427
FR;4;2021-10-02;195;22;1;0;13;1068252;3496;117;2;440
FR;4;2021-10-03;84;1;0;0;0;1068336;3497;117;2;440
FR;4;2021-10-04;355;19;1;0;15;1068691;3516;118;2;455
FR;4;2021-10-05;276;19;2;0;15;1068967;3535;120;2;470
FR;4;2021-10-06;243;21;1;0;17;1069210;3556;121;2;487
FR;4;2021-10-07;256;25;2;0;13;1069466;3581;123;2;500
FR;4;2021-10-08;352;23;2;0;19;1069818;3604;125;2;519
FR;4;2021-10-09;192;6;6;0;7;1070010;3610;131;2;526
FR;4;2021-10-10;95;3;2;0;3;1070105;3613;133;2;529
FR;4;2021-10-11;246;15;1;0;14;1070351;3628;134;2;543
FR;4;2021-10-12;204;14;0;0;13;1070555;3642;134;2;556
FR;4;2021-10-13;218;27;1;0;24;1070773;3669;135;2;580
FR;4;2021-10-14;307;22;4;0;16;1071080;3691;139;2;596
FR;4;2021-10-15;321;24;5;0;25;1071401;3715;144;2;621
FR;4;2021-10-16;166;6;2;0;6;1071567;3721;146;2;627
FR;4;2021-10-17;70;2;0;0;1;1071637;3723;146;2;628
FR;4;2021-10-18;278;16;1;0;12;1071915;3739;147;2;640
FR;4;2021-10-19;210;14;2;0;15;1072125;3753;149;2;655
FR;4;2021-10-20;225;27;4;0;15;1072350;3780;153;2;670
FR;4;2021-10-21;235;17;0;0;13;1072585;3797;153;2;683
FR;4;2021-10-22;211;25;2;0;20;1072796;3822;155;2;703
FR;4;2021-10-23;115;16;1;0;15;1072911;3838;156;2;718
FR;4;2021-10-24;38;4;0;0;1;1072949;3842;156;2;719
FR;4;2021-10-25;209;7;2;0;9;1073158;3849;158;2;728
FR;4;2021-10-26;196;14;0;0;12;1073354;3863;158;2;740
FR;4;2021-10-27;191;11;4;0;11;1073545;3874;162;2;751
FR;4;2021-10-28;182;18;4;0;21;1073727;3892;166;2;772
FR;4;2021-10-29;220;15;2;0;13;1073947;3907;168;2;785
FR;4;2021-10-30;102;2;1;0;2;1074049;3909;169;2;787
FR;4;2021-10-31;56;3;2;0;3;1074105;3912;171;2;790
FR;4;2021-11-01;75;27;4;0;24;1074180;3939;175;2;814
FR;4;2021-11-02;155;20;2;0;21;1074335;3959;177;2;835
FR;4;2021-11-03;127;20;8;1;18;1074462;3979;185;3;853
FR;4;2021-11-04;175;14;1;0;11;1074637;3993;186;3;864
FR;4;2021-11-05;126;17;1;0;16;1074763;4010;187;3;880
FR;4;2021-11-06;77;6;1;0;6;1074840;4016;188;3;886
FR;4;2021-11-07;76;2;2;0;4;1074916;4018;190;3;890
FR;4;2021-11-08;158;20;1;0;20;1075074;4038;191;3;910
FR;4;2021-11-09;151;14;3;0;16;1075225;4052;194;3;926
FR;4;2021-11-10;114;29;6;0;31;1075339;4081;200;3;957
FR;4;2021-11-11;86;10;0;0;10;1075425;4091;200;3;967
FR;4;2021-11-12;99;18;2;0;17;1075524;4109;202;3;984
FR;4;2021-11-13;73;15;2;0;14;1075597;4124;204;3;998
FR;4;2021-11-14;53;5;3;0;7;1075650;4129;207;3;1005
FR;4;2021-11-15;97;26;2;0;24;1075747;4155;209;3;1029
FR;4;2021-11-16;100;12;2;0;14;1075847;4167;211;3;1043
FR;4;2021-11-17;116;29;4;0;29;1075963;4196;215;3;1072
FR;4;2021-11-18;99;34;12;0;41;1076062;4230;227;3;1113
FR;4;2021-11-19;79;19;3;0;20;1076141;4249;230;3;1133
FR;4;2021-11-20;75;8;1;0;8;1076216;4257;231;3;1141
FR;4;2021-11-21;61;7;2;0;9;1076277;4264;233;3;1150
FR;4;2021-11-22;101;27;6;0;29;1076378;4291;239;3;1179
FR;4;2021-11-23;74;29;5;0;26;1076452;4320;244;3;1205
FR;4;2021-11-24;85;23;9;0;22;1076537;4343;253;3;1227
FR;4;2021-11-25;84;28;14;0;30;1076621;4371;267;3;1257
FR;4;2021-11-26;81;43;12;0;45;1076702;4414;279;3;1302
FR;4;2021-11-27;35;22;15;0;25;1076737;4436;294;3;1327
FR;4;2021-11-28;48;8;0;0;7;1076785;4444;294;3;1334
FR;4;2021-11-29;84;31;15;0;39;1076869;4475;309;3;1373
FR;4;2021-11-30;72;36;12;0;40;1076941;4511;321;3;1413
FR;4;2021-12-01;79;59;19;0;66;1077020;4570;340;3;1479
FR;4;2021-12-02;98;47;19;0;52;1077118;4617;359;3;1531
FR;4;2021-12-03;98;36;15;0;44;1077216;4653;374;3;1575
FR;4;2021-12-04;69;31;18;0;44;1077285;4684;392;3;1619
FR;4;2021-12-05;61;5;1;0;6;1077346;4689;393;3;1625
FR;4;2021-12-06;96;45;20;0;59;1077442;4734;413;3;1684
FR;4;2021-12-07;77;33;9;0;33;1077519;4767;422;3;1717
FR;4;2021-12-08;66;29;15;0;34;1077585;4796;437;3;1751
FR;4;2021-12-09;59;32;10;0;38;1077644;4828;447;3;1789
FR;4;2021-12-10;60;62;21;0;66;1077704;4890;468;3;1855
FR;4;2021-12-11;24;34;7;0;34;1077728;4924;475;3;1889
FR;4;2021-12-12;23;10;3;0;13;1077751;4934;478;3;1902
FR;4;2021-12-13;68;38;13;0;47;1077819;4972;491;3;1949
FR;4;2021-12-14;56;43;15;0;52;1077875;5015;506;3;2001
FR;4;2021-12-15;59;63;28;0;83;1077934;5078;534;3;2084
FR;4;2021-12-16;31;44;18;0;56;1077965;5122;552;3;2140
FR;4;2021-12-17;39;55;12;0;60;1078004;5177;564;3;2200
FR;4;2021-12-18;48;29;2;0;30;1078052;5206;566;3;2230
FR;4;2021-12-19;15;4;1;0;4;1078067;5210;567;3;2234
FR;4;2021-12-20;35;38;10;0;41;1078102;5248;577;3;2275
FR;4;2021-12-21;26;30;15;0;36;1078128;5278;592;3;2311
FR;4;2021-12-22;35;36;10;0;37;1078163;5314;602;3;2348
FR;4;2021-12-23;39;43;8;0;47;1078202;5357;610;3;2395
FR;4;2021-12-24;23;25;10;0;29;1078225;5382;620;3;2424
FR;4;2021-12-25;6;3;3;0;4;1078231;5385;623;3;2428
FR;4;2021-12-26;4;3;1;0;2;1078235;5388;624;3;2430
FR;4;2021-12-27;26;41;8;0;42;1078261;5429;632;3;2472
FR;4;2021-12-28;24;28;7;0;29;1078285;5457;639;3;2501
FR;4;2021-12-29;48;24;10;0;28;1078333;5481;649;3;2529
FR;4;2021-12-30;41;16;12;0;19;1078374;5497;661;3;2548
FR;4;2021-12-31;18;5;8;0;10;1078392;5502;669;3;2558
FR;4;2022-01-01;5;4;4;0;6;1078397;5506;673;3;2564
FR;4;2022-01-02;40;4;14;0;17;1078437;5510;687;3;2581
FR;4;2022-01-03;38;52;20;1;57;1078475;5562;707;4;2638
FR;4;2022-01-04;28;26;13;0;29;1078503;5588;720;4;2667
FR;4;2022-01-05;46;21;16;0;22;1078549;5609;736;4;2689
FR;4;2022-01-06;43;20;21;0;33;1078592;5629;757;4;2722
FR;4;2022-01-07;26;19;15;0;19;1078618;5648;772;4;2741
FR;4;2022-01-08;8;5;9;0;11;1078626;5653;781;4;2752
FR;4;2022-01-09;17;2;1;0;2;1078643;5655;782;4;2754
FR;4;2022-01-10;39;22;16;0;33;1078682;5677;798;4;2787
FR;4;2022-01-11;23;30;12;0;34;1078705;5707;810;4;2821
FR;4;2022-01-12;30;20;12;0;21;1078735;5727;822;4;2842
FR;4;2022-01-13;48;18;26;0;35;1078783;5745;848;4;2877
FR;4;2022-01-14;21;28;13;0;31;1078804;5773;861;4;2908
FR;4;2022-01-15;10;6;7;0;11;1078814;5779;868;4;2919
FR;4;2022-01-16;9;9;11;0;19;1078823;5788;879;4;2938
FR;4;2022-01-17;23;17;12;0;23;1078846;5805;891;4;2961
FR;4;2022-01-18;16;13;7;0;17;1078862;5818;898;4;2978
FR;4;2022-01-19;28;22;9;0;29;1078890;5840;907;4;3007
FR;4;2022-01-20;31;33;11;0;36;1078921;5873;918;4;3043
FR;4;2022-01-21;9;12;18;1;15;1078930;5885;936;5;3058
FR;4;2022-01-22;30;9;2;0;9;1078960;5894;938;5;3067
FR;4;2022-01-23;6;3;4;0;7;1078966;5897;942;5;3074
FR;4;2022-01-24;14;21;8;0;27;1078980;5918;950;5;3101
FR;4;2022-01-25;20;30;8;1;34;1079000;5948;958;6;3135
FR;4;2022-01-26;19;15;6;1;16;1079019;5963;964;7;3151
FR;4;2022-01-27;19;18;5;0;21;1079038;5981;969;7;3172
FR;4;2022-01-28;12;23;7;0;25;1079050;6004;976;7;3197
FR;4;2022-01-29;15;6;4;0;9;1079065;6010;980;7;3206
FR;4;2022-01-30;16;2;0;0;2;1079081;6012;980;7;3208
FR;4;2022-01-31;19;27;6;0;29;1079100;6039;986;7;3237
FR;4;2022-02-01;9;19;11;0;19;1079109;6058;997;7;3256
FR;4;2022-02-02;16;11;10;2;16;1079125;6069;1007;9;3272
FR;4;2022-02-03;12;22;9;0;25;1079137;6091;1016;9;3297
FR;4;2022-02-04;6;5;7;0;9;1079143;6096;1023;9;3306
FR;4;2022-02-05;6;14;1;0;13;1079149;6110;1024;9;3319
FR;4;2022-02-06;5;2;2;0;3;1079154;6112;1026;9;3322
FR;4;2022-02-07;13;19;6;0;19;1079167;6131;1032;9;3341
FR;4;2022-02-08;14;19;13;1;20;1079181;6150;1045;10;3361
FR;4;2022-02-09;14;10;7;0;13;1079195;6160;1052;10;3374
FR;4;2022-02-10;18;23;9;0;24;1079213;6183;1061;10;3398
FR;4;2022-02-11;18;14;8;0;19;1079231;6197;1069;10;3417
FR;4;2022-02-12;23;6;1;0;5;1079254;6203;1070;10;3422
FR;4;2022-02-13;7;3;3;0;6;1079261;6206;1073;10;3428
FR;4;2022-02-14;18;10;7;0;13;1079279;6216;1080;10;3441
FR;4;2022-02-15;16;7;1;0;7;1079295;6223;1081;10;3448
FR;4;2022-02-16;11;9;10;0;15;1079306;6232;1091;10;3463
FR;4;2022-02-17;10;4;4;0;6;1079316;6236;1095;10;3469
FR;4;2022-02-18;17;13;6;0;17;1079333;6249;1101;10;3486
FR;4;2022-02-19;16;2;2;0;4;1079349;6251;1103;10;3490
FR;4;2022-02-20;7;2;0;0;1;1079356;6253;1103;10;3491
FR;4;2022-02-21;22;3;3;0;4;1079378;6256;1106;10;3495
FR;4;2022-02-22;8;4;8;0;8;1079386;6260;1114;10;3503
FR;4;2022-02-23;16;6;8;0;8;1079402;6266;1122;10;3511
FR;4;2022-02-24;9;4;2;0;4;1079411;6270;1124;10;3515
FR;4;2022-02-25;15;5;7;0;6;1079426;6275;1131;10;3521
FR;4;2022-02-26;26;3;0;0;3;1079452;6278;1131;10;3524
FR;4;2022-02-27;9;0;1;0;1;1079461;6278;1132;10;3525
FR;4;2022-02-28;14;3;2;0;3;1079475;6281;1134;10;3528
FR;4;2022-03-01;6;2;7;0;3;1079481;6283;1141;10;3531
FR;4;2022-03-02;10;2;3;0;4;1079491;6285;1144;10;3535
FR;4;2022-03-03;15;5;1;0;4;1079506;6290;1145;10;3539
FR;4;2022-03-04;6;7;2;1;5;1079512;6297;1147;11;3544
FR;4;2022-03-05;8;2;0;0;2;1079520;6299;1147;11;3546
FR;4;2022-03-06;4;0;1;0;1;1079524;6299;1148;11;3547
FR;4;2022-03-07;10;4;1;0;3;1079534;6303;1149;11;3550
FR;4;2022-03-08;13;2;0;0;2;1079547;6305;1149;11;3552
FR;4;2022-03-09;7;3;2;0;4;1079554;6308;1151;11;3556
FR;4;2022-03-10;5;1;5;0;2;1079559;6309;1156;11;3558
FR;4;2022-03-11;8;2;5;0;1;1079567;6311;1161;11;3559
FR;4;2022-03-12;9;2;0;0;0;1079576;6313;1161;11;3559
FR;4;2022-03-13;5;0;1;0;1;1079581;6313;1162;11;3560
FR;4;2022-03-14;4;1;0;0;1;1079585;6314;1162;11;3561
FR;4;2022-03-15;5;3;1;0;1;1079590;6317;1163;11;3562
FR;4;2022-03-16;6;3;3;0;3;1079596;6320;1166;11;3565
FR;4;2022-03-17;1;4;1;0;5;1079597;6324;1167;11;3570
FR;4;2022-03-18;7;3;0;0;3;1079604;6327;1167;11;3573
FR;4;2022-03-19;1;1;0;0;1;1079605;6328;1167;11;3574
FR;4;2022-03-20;2;0;2;0;1;1079607;6328;1169;11;3575
FR;4;2022-03-21;5;3;0;0;3;1079612;6331;1169;11;3578
FR;4;2022-03-22;3;2;1;0;2;1079615;6333;1170;11;3580
FR;4;2022-03-23;6;3;3;0;5;1079621;6336;1173;11;3585
FR;4;2022-03-24;2;4;3;1;5;1079623;6340;1176;12;3590
FR;4;2022-03-25;3;1;2;0;1;1079626;6341;1178;12;3591
FR;4;2022-03-26;5;5;0;0;5;1079631;6346;1178;12;3596
FR;4;2022-03-27;1;0;1;0;0;1079632;6346;1179;12;3596
FR;4;2022-03-28;4;1;1;0;1;1079636;6347;1180;12;3597
FR;4;2022-03-29;7;0;4;1;0;1079643;6347;1184;13;3597
FR;4;2022-03-30;1;4;0;0;4;1079644;6351;1184;13;3601
FR;4;2022-03-31;1;3;1;1;3;1079645;6354;1185;14;3604
FR;4;2022-04-01;13;3;5;0;6;1079658;6357;1190;14;3610
FR;4;2022-04-02;4;4;0;0;3;1079662;6361;1190;14;3613
FR;4;2022-04-03;0;0;0;0;0;1079662;6361;1190;14;3613
FR;4;2022-04-04;3;3;4;0;3;1079665;6364;1194;14;3616
FR;4;2022-04-05;3;4;1;1;2;1079668;6368;1195;15;3618
FR;4;2022-04-06;3;0;0;0;0;1079671;6368;1195;15;3618
FR;4;2022-04-07;3;2;1;2;3;1079674;6370;1196;17;3621
FR;4;2022-04-08;4;1;1;0;1;1079678;6371;1197;17;3622
FR;4;2022-04-09;0;0;1;1;1;1079678;6371;1198;18;3623
FR;4;2022-04-10;1;2;0;0;2;1079679;6373;1198;18;3625
FR;4;2022-04-11;3;2;4;0;4;1079682;6375;1202;18;3629
FR;4;2022-04-12;2;1;4;0;2;1079684;6376;1206;18;3631
FR;4;2022-04-13;3;6;1;0;7;1079687;6382;1207;18;3638
FR;4;2022-04-14;4;3;0;1;2;1079691;6385;1207;19;3640
FR;4;2022-04-15;2;7;1;0;8;1079693;6392;1208;19;3648
FR;4;2022-04-16;1;0;0;0;0;1079694;6392;1208;19;3648
FR;4;2022-04-17;1;0;0;0;0;1079695;6392;1208;19;3648
FR;4;2022-04-18;1;2;4;0;2;1079696;6394;1212;19;3650
FR;4;2022-04-19;2;0;1;0;0;1079698;6394;1213;19;3650
FR;4;2022-04-20;12;4;1;0;2;1079710;6398;1214;19;3652
FR;4;2022-04-21;5;1;0;0;1;1079715;6399;1214;19;3653
FR;4;2022-04-22;1;0;1;0;0;1079716;6399;1215;19;3653
FR;4;2022-04-23;1;3;2;0;5;1079717;6402;1217;19;3658
FR;4;2022-04-24;0;2;0;0;2;1079717;6404;1217;19;3660
FR;4;2022-04-25;2;4;2;0;6;1079719;6408;1219;19;3666
FR;4;2022-04-26;2;4;1;0;4;1079721;6412;1220;19;3670
FR;4;2022-04-27;4;0;0;0;0;1079725;6412;1220;19;3670
FR;4;2022-04-28;2;4;5;0;5;1079727;6416;1225;19;3675
FR;4;2022-04-29;2;2;0;0;1;1079729;6418;1225;19;3676
FR;4;2022-04-30;0;1;1;0;2;1079729;6419;1226;19;3678
FR;4;2022-05-01;0;0;0;0;0;1079729;6419;1226;19;3678
FR;4;2022-05-02;4;5;2;0;5;1079733;6424;1228;19;3683
FR;4;2022-05-03;0;3;1;0;3;1079733;6427;1229;19;3686
FR;4;2022-05-04;3;4;1;0;4;1079736;6431;1230;19;3690
FR;4;2022-05-05;2;1;1;0;1;1079738;6432;1231;19;3691
FR;4;2022-05-06;2;0;0;0;0;1079740;6432;1231;19;3691
FR;4;2022-05-07;0;0;0;0;0;1079740;6432;1231;19;3691
FR;4;2022-05-08;1;1;0;0;1;1079741;6433;1231;19;3692
FR;4;2022-05-09;3;0;0;0;0;1079744;6433;1231;19;3692
FR;4;2022-05-10;0;0;0;2;2;1079744;6433;1231;21;3694
FR;4;2022-05-11;2;0;1;0;0;1079746;6433;1232;21;3694
FR;4;2022-05-12;5;0;0;1;0;1079751;6433;1232;22;3694
FR;4;2022-05-13;0;0;1;0;1;1079751;6433;1233;22;3695
FR;4;2022-05-14;0;1;0;0;1;1079751;6434;1233;22;3696
FR;4;2022-05-15;0;2;0;0;0;1079751;6436;1233;22;3696
FR;4;2022-05-16;3;1;1;0;1;1079754;6437;1234;22;3697
FR;4;2022-05-17;3;0;1;0;1;1079757;6437;1235;22;3698
FR;4;2022-05-18;0;1;0;0;1;1079757;6438;1235;22;3699
FR;4;2022-05-19;2;1;1;0;2;1079759;6439;1236;22;3701
FR;4;2022-05-20;1;0;0;0;0;1079760;6439;1236;22;3701
FR;4;2022-05-21;2;0;0;0;0;1079762;6439;1236;22;3701
FR;4;2022-05-22;0;0;1;0;1;1079762;6439;1237;22;3702
FR;4;2022-05-23;0;0;0;0;0;1079762;6439;1237;22;3702
FR;4;2022-05-24;1;0;0;0;0;1079763;6439;1237;22;3702
FR;4;2022-05-25;1;1;0;0;0;1079764;6440;1237;22;3702
FR;4;2022-05-26;1;0;0;0;0;1079765;6440;1237;22;3702
FR;4;2022-05-27;0;0;0;0;0;1079765;6440;1237;22;3702
FR;4;2022-05-28;0;0;0;0;0;1079765;6440;1237;22;3702
FR;4;2022-05-29;0;0;0;0;0;1079765;6440;1237;22;3702
FR;5;2020-12-27;0;0;0;0;0;0;0;0;0;0
FR;5;2020-12-28;0;0;0;0;0;0;0;0;0;0
FR;5;2020-12-29;0;0;0;0;0;0;0;0;0;0
FR;5;2020-12-30;0;0;0;0;0;0;0;0;0;0
FR;5;2020-12-31;0;0;0;0;0;0;0;0;0;0
FR;5;2021-01-01;0;0;0;0;0;0;0;0;0;0
FR;5;2021-01-02;0;0;0;0;0;0;0;0;0;0
FR;5;2021-01-03;0;0;0;0;0;0;0;0;0;0
FR;5;2021-01-04;0;0;0;0;0;0;0;0;0;0
FR;5;2021-01-05;0;0;0;0;0;0;0;0;0;0
FR;5;2021-01-06;0;0;0;0;0;0;0;0;0;0
FR;5;2021-01-07;0;0;0;0;0;0;0;0;0;0
FR;5;2021-01-08;0;0;0;0;0;0;0;0;0;0
FR;5;2021-01-09;0;0;0;0;0;0;0;0;0;0
FR;5;2021-01-10;0;0;0;0;0;0;0;0;0;0
FR;5;2021-01-11;0;0;0;0;0;0;0;0;0;0
FR;5;2021-01-12;0;0;0;0;0;0;0;0;0;0
FR;5;2021-01-13;0;0;0;0;0;0;0;0;0;0
FR;5;2021-01-14;0;0;0;0;0;0;0;0;0;0
FR;5;2021-01-15;0;0;0;0;0;0;0;0;0;0
FR;5;2021-01-16;0;0;0;0;0;0;0;0;0;0
FR;5;2021-01-17;0;0;0;0;0;0;0;0;0;0
FR;5;2021-01-18;0;0;0;0;0;0;0;0;0;0
FR;5;2021-01-19;0;0;0;0;0;0;0;0;0;0
FR;5;2021-01-20;0;0;0;0;0;0;0;0;0;0
FR;5;2021-01-21;0;0;0;0;0;0;0;0;0;0
FR;5;2021-01-22;0;0;0;0;0;0;0;0;0;0
FR;5;2021-01-23;0;0;0;0;0;0;0;0;0;0
FR;5;2021-01-24;0;0;0;0;0;0;0;0;0;0
FR;5;2021-01-25;0;0;0;0;0;0;0;0;0;0
FR;5;2021-01-26;0;0;0;0;0;0;0;0;0;0
FR;5;2021-01-27;0;0;0;0;0;0;0;0;0;0
FR;5;2021-01-28;0;0;0;0;0;0;0;0;0;0
FR;5;2021-01-29;0;0;0;0;0;0;0;0;0;0
FR;5;2021-01-30;0;0;0;0;0;0;0;0;0;0
FR;5;2021-01-31;0;0;0;0;0;0;0;0;0;0
FR;5;2021-02-01;0;0;0;0;0;0;0;0;0;0
FR;5;2021-02-02;0;0;0;0;0;0;0;0;0;0
FR;5;2021-02-03;0;0;0;0;0;0;0;0;0;0
FR;5;2021-02-04;0;0;0;0;0;0;0;0;0;0
FR;5;2021-02-05;0;0;0;0;0;0;0;0;0;0
FR;5;2021-02-06;0;0;0;0;0;0;0;0;0;0
FR;5;2021-02-07;0;0;0;0;0;0;0;0;0;0
FR;5;2021-02-08;0;0;0;0;0;0;0;0;0;0
FR;5;2021-02-09;0;0;0;0;0;0;0;0;0;0
FR;5;2021-02-10;0;0;0;0;0;0;0;0;0;0
FR;5;2021-02-11;0;0;0;0;0;0;0;0;0;0
FR;5;2021-02-12;0;0;0;0;0;0;0;0;0;0
FR;5;2021-02-13;0;0;0;0;0;0;0;0;0;0
FR;5;2021-02-14;0;0;0;0;0;0;0;0;0;0
FR;5;2021-02-15;0;0;0;0;0;0;0;0;0;0
FR;5;2021-02-16;0;0;0;0;0;0;0;0;0;0
FR;5;2021-02-17;0;0;0;0;0;0;0;0;0;0
FR;5;2021-02-18;0;0;0;0;0;0;0;0;0;0
FR;5;2021-02-19;0;0;0;0;0;0;0;0;0;0
FR;5;2021-02-20;0;0;0;0;0;0;0;0;0;0
FR;5;2021-02-21;0;0;0;0;0;0;0;0;0;0
FR;5;2021-02-22;0;0;0;0;0;0;0;0;0;0
FR;5;2021-02-23;0;0;0;0;0;0;0;0;0;0
FR;5;2021-02-24;0;0;0;0;0;0;0;0;0;0
FR;5;2021-02-25;0;0;0;0;0;0;0;0;0;0
FR;5;2021-02-26;0;0;0;0;0;0;0;0;0;0
FR;5;2021-02-27;0;0;0;0;0;0;0;0;0;0
FR;5;2021-02-28;0;0;0;0;0;0;0;0;0;0
FR;5;2021-03-01;0;0;0;0;0;0;0;0;0;0
FR;5;2021-03-02;0;0;0;0;0;0;0;0;0;0
FR;5;2021-03-03;0;0;0;0;0;0;0;0;0;0
FR;5;2021-03-04;0;0;0;0;0;0;0;0;0;0
FR;5;2021-03-05;0;0;0;0;0;0;0;0;0;0
FR;5;2021-03-06;0;0;0;0;0;0;0;0;0;0
FR;5;2021-03-07;0;0;0;0;0;0;0;0;0;0
FR;5;2021-03-08;0;0;0;0;0;0;0;0;0;0
FR;5;2021-03-09;0;0;0;0;0;0;0;0;0;0
FR;5;2021-03-10;0;0;0;0;0;0;0;0;0;0
FR;5;2021-03-11;0;0;0;0;0;0;0;0;0;0
FR;5;2021-03-12;0;0;0;0;0;0;0;0;0;0
FR;5;2021-03-13;0;0;0;0;0;0;0;0;0;0
FR;5;2021-03-14;0;0;0;0;0;0;0;0;0;0
FR;5;2021-03-15;0;0;0;0;0;0;0;0;0;0
FR;5;2021-03-16;0;0;0;0;0;0;0;0;0;0
FR;5;2021-03-17;0;0;0;0;0;0;0;0;0;0
FR;5;2021-03-18;0;0;0;0;0;0;0;0;0;0
FR;5;2021-03-19;0;0;0;0;0;0;0;0;0;0
FR;5;2021-03-20;0;0;0;0;0;0;0;0;0;0
FR;5;2021-03-21;0;0;0;0;0;0;0;0;0;0
FR;5;2021-03-22;0;0;0;0;0;0;0;0;0;0
FR;5;2021-03-23;0;0;0;0;0;0;0;0;0;0
FR;5;2021-03-24;0;0;0;0;0;0;0;0;0;0
FR;5;2021-03-25;0;0;0;0;0;0;0;0;0;0
FR;5;2021-03-26;0;0;0;0;0;0;0;0;0;0
FR;5;2021-03-27;0;0;0;0;0;0;0;0;0;0
FR;5;2021-03-28;0;0;0;0;0;0;0;0;0;0
FR;5;2021-03-29;0;0;0;0;0;0;0;0;0;0
FR;5;2021-03-30;0;0;0;0;0;0;0;0;0;0
FR;5;2021-03-31;0;0;0;0;0;0;0;0;0;0
FR;5;2021-04-01;0;0;0;0;0;0;0;0;0;0
FR;5;2021-04-02;0;0;0;0;0;0;0;0;0;0
FR;5;2021-04-03;0;0;0;0;0;0;0;0;0;0
FR;5;2021-04-04;0;0;0;0;0;0;0;0;0;0
FR;5;2021-04-05;0;0;0;0;0;0;0;0;0;0
FR;5;2021-04-06;0;0;0;0;0;0;0;0;0;0
FR;5;2021-04-07;0;0;0;0;0;0;0;0;0;0
FR;5;2021-04-08;0;0;0;0;0;0;0;0;0;0
FR;5;2021-04-09;0;0;0;0;0;0;0;0;0;0
FR;5;2021-04-10;0;0;0;0;0;0;0;0;0;0
FR;5;2021-04-11;0;0;0;0;0;0;0;0;0;0
FR;5;2021-04-12;0;0;0;0;0;0;0;0;0;0
FR;5;2021-04-13;0;0;0;0;0;0;0;0;0;0
FR;5;2021-04-14;0;0;0;0;0;0;0;0;0;0
FR;5;2021-04-15;0;0;0;0;0;0;0;0;0;0
FR;5;2021-04-16;0;0;0;0;0;0;0;0;0;0
FR;5;2021-04-17;0;0;0;0;0;0;0;0;0;0
FR;5;2021-04-18;0;0;0;0;0;0;0;0;0;0
FR;5;2021-04-19;0;0;0;0;0;0;0;0;0;0
FR;5;2021-04-20;0;0;0;0;0;0;0;0;0;0
FR;5;2021-04-21;0;0;0;0;0;0;0;0;0;0
FR;5;2021-04-22;0;0;0;0;0;0;0;0;0;0
FR;5;2021-04-23;0;0;0;0;0;0;0;0;0;0
FR;5;2021-04-24;0;0;0;0;0;0;0;0;0;0
FR;5;2021-04-25;0;0;0;0;0;0;0;0;0;0
FR;5;2021-04-26;0;0;0;0;0;0;0;0;0;0
FR;5;2021-04-27;0;0;0;0;0;0;0;0;0;0
FR;5;2021-04-28;0;0;0;0;0;0;0;0;0;0
FR;5;2021-04-29;0;0;0;0;0;0;0;0;0;0
FR;5;2021-04-30;0;0;0;0;0;0;0;0;0;0
FR;5;2021-05-01;0;0;0;0;0;0;0;0;0;0
FR;5;2021-05-02;0;0;0;0;0;0;0;0;0;0
FR;5;2021-05-03;0;0;0;0;0;0;0;0;0;0
FR;5;2021-05-04;0;0;0;0;0;0;0;0;0;0
FR;5;2021-05-05;0;0;0;0;0;0;0;0;0;0
FR;5;2021-05-06;0;0;0;0;0;0;0;0;0;0
FR;5;2021-05-07;0;0;0;0;0;0;0;0;0;0
FR;5;2021-05-08;0;0;0;0;0;0;0;0;0;0
FR;5;2021-05-09;0;0;0;0;0;0;0;0;0;0
FR;5;2021-05-10;0;0;0;0;0;0;0;0;0;0
FR;5;2021-05-11;0;0;0;0;0;0;0;0;0;0
FR;5;2021-05-12;0;0;0;0;0;0;0;0;0;0
FR;5;2021-05-13;0;0;0;0;0;0;0;0;0;0
FR;5;2021-05-14;0;0;0;0;0;0;0;0;0;0
FR;5;2021-05-15;0;0;0;0;0;0;0;0;0;0
FR;5;2021-05-16;0;0;0;0;0;0;0;0;0;0
FR;5;2021-05-17;0;0;0;0;0;0;0;0;0;0
FR;5;2021-05-18;0;0;0;0;0;0;0;0;0;0
FR;5;2021-05-19;0;0;0;0;0;0;0;0;0;0
FR;5;2021-05-20;0;0;0;0;0;0;0;0;0;0
FR;5;2021-05-21;0;0;0;0;0;0;0;0;0;0
FR;5;2021-05-22;0;0;0;0;0;0;0;0;0;0
FR;5;2021-05-23;0;0;0;0;0;0;0;0;0;0
FR;5;2021-05-24;0;0;0;0;0;0;0;0;0;0
FR;5;2021-05-25;0;0;0;0;0;0;0;0;0;0
FR;5;2021-05-26;0;0;0;0;0;0;0;0;0;0
FR;5;2021-05-27;0;0;0;0;0;0;0;0;0;0
FR;5;2021-05-28;0;0;0;0;0;0;0;0;0;0
FR;5;2021-05-29;0;0;0;0;0;0;0;0;0;0
FR;5;2021-05-30;0;0;0;0;0;0;0;0;0;0
FR;5;2021-05-31;0;0;0;0;0;0;0;0;0;0
FR;5;2021-06-01;0;0;0;0;0;0;0;0;0;0
FR;5;2021-06-02;0;0;0;0;0;0;0;0;0;0
FR;5;2021-06-03;0;0;0;0;0;0;0;0;0;0
FR;5;2021-06-04;0;0;0;0;0;0;0;0;0;0
FR;5;2021-06-05;0;0;0;0;0;0;0;0;0;0
FR;5;2021-06-06;0;0;0;0;0;0;0;0;0;0
FR;5;2021-06-07;0;0;0;0;0;0;0;0;0;0
FR;5;2021-06-08;0;0;0;0;0;0;0;0;0;0
FR;5;2021-06-09;0;0;0;0;0;0;0;0;0;0
FR;5;2021-06-10;0;0;0;0;0;0;0;0;0;0
FR;5;2021-06-11;0;0;0;0;0;0;0;0;0;0
FR;5;2021-06-12;0;0;0;0;0;0;0;0;0;0
FR;5;2021-06-13;0;0;0;0;0;0;0;0;0;0
FR;5;2021-06-14;0;0;0;0;0;0;0;0;0;0
FR;5;2021-06-15;0;0;0;0;0;0;0;0;0;0
FR;5;2021-06-16;0;0;0;0;0;0;0;0;0;0
FR;5;2021-06-17;0;0;0;0;0;0;0;0;0;0
FR;5;2021-06-18;0;0;0;0;0;0;0;0;0;0
FR;5;2021-06-19;0;0;0;0;0;0;0;0;0;0
FR;5;2021-06-20;0;0;0;0;0;0;0;0;0;0
FR;5;2021-06-21;0;0;0;0;0;0;0;0;0;0
FR;5;2021-06-22;0;0;0;0;0;0;0;0;0;0
FR;5;2021-06-23;0;0;0;0;0;0;0;0;0;0
FR;5;2021-06-24;0;0;0;0;0;0;0;0;0;0
FR;5;2021-06-25;0;0;0;0;0;0;0;0;0;0
FR;5;2021-06-26;0;0;0;0;0;0;0;0;0;0
FR;5;2021-06-27;0;0;0;0;0;0;0;0;0;0
FR;5;2021-06-28;0;0;0;0;0;0;0;0;0;0
FR;5;2021-06-29;0;0;0;0;0;0;0;0;0;0
FR;5;2021-06-30;0;0;0;0;0;0;0;0;0;0
FR;5;2021-07-01;0;0;0;0;0;0;0;0;0;0
FR;5;2021-07-02;0;0;0;0;0;0;0;0;0;0
FR;5;2021-07-03;0;0;0;0;0;0;0;0;0;0
FR;5;2021-07-04;0;0;0;0;0;0;0;0;0;0
FR;5;2021-07-05;0;0;0;0;0;0;0;0;0;0
FR;5;2021-07-06;0;0;0;0;0;0;0;0;0;0
FR;5;2021-07-07;0;0;0;0;0;0;0;0;0;0
FR;5;2021-07-08;0;0;0;0;0;0;0;0;0;0
FR;5;2021-07-09;0;0;0;0;0;0;0;0;0;0
FR;5;2021-07-10;0;0;0;0;0;0;0;0;0;0
FR;5;2021-07-11;0;0;0;0;0;0;0;0;0;0
FR;5;2021-07-12;0;0;0;0;0;0;0;0;0;0
FR;5;2021-07-13;0;0;0;0;0;0;0;0;0;0
FR;5;2021-07-14;0;0;0;0;0;0;0;0;0;0
FR;5;2021-07-15;0;0;0;0;0;0;0;0;0;0
FR;5;2021-07-16;0;0;0;0;0;0;0;0;0;0
FR;5;2021-07-17;0;0;0;0;0;0;0;0;0;0
FR;5;2021-07-18;0;0;0;0;0;0;0;0;0;0
FR;5;2021-07-19;0;0;0;0;0;0;0;0;0;0
FR;5;2021-07-20;0;0;0;0;0;0;0;0;0;0
FR;5;2021-07-21;0;0;0;0;0;0;0;0;0;0
FR;5;2021-07-22;0;0;0;0;0;0;0;0;0;0
FR;5;2021-07-23;0;0;0;0;0;0;0;0;0;0
FR;5;2021-07-24;0;0;0;0;0;0;0;0;0;0
FR;5;2021-07-25;0;0;0;0;0;0;0;0;0;0
FR;5;2021-07-26;0;0;0;0;0;0;0;0;0;0
FR;5;2021-07-27;0;0;0;0;0;0;0;0;0;0
FR;5;2021-07-28;0;0;0;0;0;0;0;0;0;0
FR;5;2021-07-29;0;0;0;0;0;0;0;0;0;0
FR;5;2021-07-30;0;0;0;0;0;0;0;0;0;0
FR;5;2021-07-31;0;0;0;0;0;0;0;0;0;0
FR;5;2021-08-01;0;0;0;0;0;0;0;0;0;0
FR;5;2021-08-02;0;0;0;0;0;0;0;0;0;0
FR;5;2021-08-03;0;0;0;0;0;0;0;0;0;0
FR;5;2021-08-04;0;0;0;0;0;0;0;0;0;0
FR;5;2021-08-05;0;0;0;0;0;0;0;0;0;0
FR;5;2021-08-06;0;0;0;0;0;0;0;0;0;0
FR;5;2021-08-07;0;0;0;0;0;0;0;0;0;0
FR;5;2021-08-08;0;0;0;0;0;0;0;0;0;0
FR;5;2021-08-09;0;0;0;0;0;0;0;0;0;0
FR;5;2021-08-10;0;0;0;0;0;0;0;0;0;0
FR;5;2021-08-11;0;0;0;0;0;0;0;0;0;0
FR;5;2021-08-12;0;0;0;0;0;0;0;0;0;0
FR;5;2021-08-13;0;0;0;0;0;0;0;0;0;0
FR;5;2021-08-14;0;0;0;0;0;0;0;0;0;0
FR;5;2021-08-15;0;0;0;0;0;0;0;0;0;0
FR;5;2021-08-16;0;0;0;0;0;0;0;0;0;0
FR;5;2021-08-17;0;0;0;0;0;0;0;0;0;0
FR;5;2021-08-18;0;0;0;0;0;0;0;0;0;0
FR;5;2021-08-19;0;0;0;0;0;0;0;0;0;0
FR;5;2021-08-20;0;0;0;0;0;0;0;0;0;0
FR;5;2021-08-21;0;0;0;0;0;0;0;0;0;0
FR;5;2021-08-22;0;0;0;0;0;0;0;0;0;0
FR;5;2021-08-23;0;0;0;0;0;0;0;0;0;0
FR;5;2021-08-24;0;0;0;0;0;0;0;0;0;0
FR;5;2021-08-25;0;0;0;0;0;0;0;0;0;0
FR;5;2021-08-26;0;0;0;0;0;0;0;0;0;0
FR;5;2021-08-27;0;0;0;0;0;0;0;0;0;0
FR;5;2021-08-28;0;0;0;0;0;0;0;0;0;0
FR;5;2021-08-29;0;0;0;0;0;0;0;0;0;0
FR;5;2021-08-30;0;0;0;0;0;0;0;0;0;0
FR;5;2021-08-31;0;0;0;0;0;0;0;0;0;0
FR;5;2021-09-01;0;0;0;0;0;0;0;0;0;0
FR;5;2021-09-02;0;0;0;0;0;0;0;0;0;0
FR;5;2021-09-03;0;0;0;0;0;0;0;0;0;0
FR;5;2021-09-04;0;0;0;0;0;0;0;0;0;0
FR;5;2021-09-05;0;0;0;0;0;0;0;0;0;0
FR;5;2021-09-06;0;0;0;0;0;0;0;0;0;0
FR;5;2021-09-07;0;0;0;0;0;0;0;0;0;0
FR;5;2021-09-08;0;0;0;0;0;0;0;0;0;0
FR;5;2021-09-09;0;0;0;0;0;0;0;0;0;0
FR;5;2021-09-10;0;0;0;0;0;0;0;0;0;0
FR;5;2021-09-11;0;0;0;0;0;0;0;0;0;0
FR;5;2021-09-12;0;0;0;0;0;0;0;0;0;0
FR;5;2021-09-13;0;0;0;0;0;0;0;0;0;0
FR;5;2021-09-14;0;0;0;0;0;0;0;0;0;0
FR;5;2021-09-15;0;0;0;0;0;0;0;0;0;0
FR;5;2021-09-16;0;0;0;0;0;0;0;0;0;0
FR;5;2021-09-17;0;0;0;0;0;0;0;0;0;0
FR;5;2021-09-18;0;0;0;0;0;0;0;0;0;0
FR;5;2021-09-19;0;0;0;0;0;0;0;0;0;0
FR;5;2021-09-20;0;0;0;0;0;0;0;0;0;0
FR;5;2021-09-21;0;0;0;0;0;0;0;0;0;0
FR;5;2021-09-22;0;0;0;0;0;0;0;0;0;0
FR;5;2021-09-23;0;0;0;0;0;0;0;0;0;0
FR;5;2021-09-24;0;0;0;0;0;0;0;0;0;0
FR;5;2021-09-25;0;0;0;0;0;0;0;0;0;0
FR;5;2021-09-26;0;0;0;0;0;0;0;0;0;0
FR;5;2021-09-27;0;0;0;0;0;0;0;0;0;0
FR;5;2021-09-28;0;0;0;0;0;0;0;0;0;0
FR;5;2021-09-29;0;0;0;0;0;0;0;0;0;0
FR;5;2021-09-30;0;0;0;0;0;0;0;0;0;0
FR;5;2021-10-01;0;0;0;0;0;0;0;0;0;0
FR;5;2021-10-02;0;0;0;0;0;0;0;0;0;0
FR;5;2021-10-03;0;0;0;0;0;0;0;0;0;0
FR;5;2021-10-04;0;0;0;0;0;0;0;0;0;0
FR;5;2021-10-05;0;0;0;0;0;0;0;0;0;0
FR;5;2021-10-06;0;0;0;0;0;0;0;0;0;0
FR;5;2021-10-07;0;0;0;0;0;0;0;0;0;0
FR;5;2021-10-08;0;0;0;0;0;0;0;0;0;0
FR;5;2021-10-09;0;0;0;0;0;0;0;0;0;0
FR;5;2021-10-10;0;0;0;0;0;0;0;0;0;0
FR;5;2021-10-11;0;0;0;0;0;0;0;0;0;0
FR;5;2021-10-12;0;0;0;0;0;0;0;0;0;0
FR;5;2021-10-13;0;0;0;0;0;0;0;0;0;0
FR;5;2021-10-14;0;0;0;0;0;0;0;0;0;0
FR;5;2021-10-15;0;0;0;0;0;0;0;0;0;0
FR;5;2021-10-16;0;0;0;0;0;0;0;0;0;0
FR;5;2021-10-17;0;0;0;0;0;0;0;0;0;0
FR;5;2021-10-18;0;0;0;0;0;0;0;0;0;0
FR;5;2021-10-19;0;0;0;0;0;0;0;0;0;0
FR;5;2021-10-20;0;0;0;0;0;0;0;0;0;0
FR;5;2021-10-21;0;0;0;0;0;0;0;0;0;0
FR;5;2021-10-22;0;0;0;0;0;0;0;0;0;0
FR;5;2021-10-23;0;0;0;0;0;0;0;0;0;0
FR;5;2021-10-24;0;0;0;0;0;0;0;0;0;0
FR;5;2021-10-25;0;0;0;0;0;0;0;0;0;0
FR;5;2021-10-26;0;0;0;0;0;0;0;0;0;0
FR;5;2021-10-27;0;0;0;0;0;0;0;0;0;0
FR;5;2021-10-28;0;0;0;0;0;0;0;0;0;0
FR;5;2021-10-29;0;0;0;0;0;0;0;0;0;0
FR;5;2021-10-30;0;0;0;0;0;0;0;0;0;0
FR;5;2021-10-31;0;0;0;0;0;0;0;0;0;0
FR;5;2021-11-01;0;0;0;0;0;0;0;0;0;0
FR;5;2021-11-02;0;0;0;0;0;0;0;0;0;0
FR;5;2021-11-03;0;0;0;0;0;0;0;0;0;0
FR;5;2021-11-04;0;0;0;0;0;0;0;0;0;0
FR;5;2021-11-05;0;0;0;0;0;0;0;0;0;0
FR;5;2021-11-06;0;0;0;0;0;0;0;0;0;0
FR;5;2021-11-07;0;0;0;0;0;0;0;0;0;0
FR;5;2021-11-08;0;0;0;0;0;0;0;0;0;0
FR;5;2021-11-09;0;0;0;0;0;0;0;0;0;0
FR;5;2021-11-10;0;0;0;0;0;0;0;0;0;0
FR;5;2021-11-11;0;0;0;0;0;0;0;0;0;0
FR;5;2021-11-12;0;0;0;0;0;0;0;0;0;0
FR;5;2021-11-13;0;0;0;0;0;0;0;0;0;0
FR;5;2021-11-14;0;0;0;0;0;0;0;0;0;0
FR;5;2021-11-15;0;0;0;0;0;0;0;0;0;0
FR;5;2021-11-16;0;0;0;0;0;0;0;0;0;0
FR;5;2021-11-17;0;0;0;0;0;0;0;0;0;0
FR;5;2021-11-18;0;0;0;0;0;0;0;0;0;0
FR;5;2021-11-19;0;0;0;0;0;0;0;0;0;0
FR;5;2021-11-20;0;0;0;0;0;0;0;0;0;0
FR;5;2021-11-21;0;0;0;0;0;0;0;0;0;0
FR;5;2021-11-22;0;0;0;0;0;0;0;0;0;0
FR;5;2021-11-23;0;0;0;0;0;0;0;0;0;0
FR;5;2021-11-24;0;0;0;0;0;0;0;0;0;0
FR;5;2021-11-25;0;0;0;0;0;0;0;0;0;0
FR;5;2021-11-26;0;0;0;0;0;0;0;0;0;0
FR;5;2021-11-27;0;0;0;0;0;0;0;0;0;0
FR;5;2021-11-28;0;0;0;0;0;0;0;0;0;0
FR;5;2021-11-29;0;0;0;0;0;0;0;0;0;0
FR;5;2021-11-30;0;0;0;0;0;0;0;0;0;0
FR;5;2021-12-01;0;0;0;0;0;0;0;0;0;0
FR;5;2021-12-02;0;0;0;0;0;0;0;0;0;0
FR;5;2021-12-03;0;0;0;0;0;0;0;0;0;0
FR;5;2021-12-04;0;0;0;0;0;0;0;0;0;0
FR;5;2021-12-05;0;0;0;0;0;0;0;0;0;0
FR;5;2021-12-06;0;0;0;0;0;0;0;0;0;0
FR;5;2021-12-07;0;0;0;0;0;0;0;0;0;0
FR;5;2021-12-08;0;0;0;0;0;0;0;0;0;0
FR;5;2021-12-09;0;0;0;0;0;0;0;0;0;0
FR;5;2021-12-10;0;0;0;0;0;0;0;0;0;0
FR;5;2021-12-11;0;0;0;0;0;0;0;0;0;0
FR;5;2021-12-12;0;0;0;0;0;0;0;0;0;0
FR;5;2021-12-13;0;0;0;0;0;0;0;0;0;0
FR;5;2021-12-14;29;45;77;0;88;29;45;77;0;88
FR;5;2021-12-15;196;44;37;0;49;225;89;114;0;137
FR;5;2021-12-16;180;21;44;0;48;405;110;158;0;185
FR;5;2021-12-17;310;16;72;0;74;715;126;230;0;259
FR;5;2021-12-18;765;24;22;0;29;1480;150;252;0;288
FR;5;2021-12-19;586;15;15;0;17;2066;165;267;0;305
FR;5;2021-12-20;1223;31;35;0;38;3289;196;302;0;343
FR;5;2021-12-21;1535;22;54;1;60;4824;218;356;1;403
FR;5;2021-12-22;4069;40;37;0;46;8893;258;393;1;449
FR;5;2021-12-23;3042;16;21;0;25;11935;274;414;1;474
FR;5;2021-12-24;759;18;9;0;15;12694;292;423;1;489
FR;5;2021-12-25;61;5;1;0;2;12755;297;424;1;491
FR;5;2021-12-26;623;6;3;0;4;13378;303;427;1;495
FR;5;2021-12-27;4080;25;21;0;23;17458;328;448;1;518
FR;5;2021-12-28;5202;23;41;1;43;22660;351;489;2;561
FR;5;2021-12-29;8104;34;65;2;68;30764;385;554;4;629
FR;5;2021-12-30;5172;18;33;0;39;35936;403;587;4;668
FR;5;2021-12-31;1553;8;10;0;11;37489;411;597;4;679
FR;5;2022-01-01;185;2;2;0;3;37674;413;599;4;682
FR;5;2022-01-02;1489;1;1;0;1;39163;414;600;4;683
FR;5;2022-01-03;3059;36;33;0;32;42222;450;633;4;715
FR;5;2022-01-04;3034;39;33;0;42;45256;489;666;4;757
FR;5;2022-01-05;19323;203;97;1;108;64579;692;763;5;865
FR;5;2022-01-06;3742;133;122;0;142;68321;825;885;5;1007
FR;5;2022-01-07;5007;200;48;2;56;73328;1025;933;7;1063
FR;5;2022-01-08;13654;514;45;0;52;86982;1539;978;7;1115
FR;5;2022-01-09;5755;399;15;0;20;92737;1938;993;7;1135
FR;5;2022-01-10;3453;326;25;0;29;96190;2264;1018;7;1164
FR;5;2022-01-11;3668;284;38;0;41;99858;2548;1056;7;1205
FR;5;2022-01-12;22652;3003;90;0;113;122510;5551;1146;7;1318
FR;5;2022-01-13;4035;622;30;0;32;126545;6173;1176;7;1350
FR;5;2022-01-14;4843;581;44;0;51;131388;6754;1220;7;1401
FR;5;2022-01-15;14681;1746;38;3;49;146069;8500;1258;10;1450
FR;5;2022-01-16;4727;666;3;0;5;150796;9166;1261;10;1455
FR;5;2022-01-17;2293;715;26;0;29;153089;9881;1287;10;1484
FR;5;2022-01-18;2430;870;30;0;40;155519;10751;1317;10;1524
FR;5;2022-01-19;18481;6422;74;2;142;174000;17173;1391;12;1666
FR;5;2022-01-20;1920;1067;25;0;34;175920;18240;1416;12;1700
FR;5;2022-01-21;3076;1371;47;1;59;178996;19611;1463;13;1759
FR;5;2022-01-22;10722;3454;33;1;43;189718;23065;1496;14;1802
FR;5;2022-01-23;2629;1415;5;0;9;192347;24480;1501;14;1811
FR;5;2022-01-24;1159;1340;19;0;23;193506;25820;1520;14;1834
FR;5;2022-01-25;1219;1548;19;2;29;194725;27368;1539;16;1863
FR;5;2022-01-26;10751;12024;50;1;89;205476;39392;1589;17;1952
FR;5;2022-01-27;1291;1693;10;0;17;206767;41085;1599;17;1969
FR;5;2022-01-28;1695;3347;16;0;19;208462;44432;1615;17;1988
FR;5;2022-01-29;6237;8040;68;0;96;214699;52472;1683;17;2084
FR;5;2022-01-30;1509;2950;5;0;18;216208;55422;1688;17;2102
FR;5;2022-01-31;588;1773;23;0;24;216796;57195;1711;17;2126
FR;5;2022-02-01;712;1703;10;0;15;217508;58898;1721;17;2141
FR;5;2022-02-02;6957;15654;52;0;94;224465;74552;1773;17;2235
FR;5;2022-02-03;489;1690;14;0;13;224954;76242;1787;17;2248
FR;5;2022-02-04;943;3001;19;0;31;225897;79243;1806;17;2279
FR;5;2022-02-05;3532;8916;23;0;37;229429;88159;1829;17;2316
FR;5;2022-02-06;737;2397;10;0;19;230166;90556;1839;17;2335
FR;5;2022-02-07;883;1595;22;0;24;231049;92151;1861;17;2359
FR;5;2022-02-08;722;1285;18;0;20;231771;93436;1879;17;2379
FR;5;2022-02-09;4535;12876;44;0;76;236306;106312;1923;17;2455
FR;5;2022-02-10;646;1058;14;0;15;236952;107370;1937;17;2470
FR;5;2022-02-11;793;2026;16;0;21;237745;109396;1953;17;2491
FR;5;2022-02-12;2285;6811;33;0;53;240030;116207;1986;17;2544
FR;5;2022-02-13;465;1540;8;0;8;240495;117747;1994;17;2552
FR;5;2022-02-14;678;1288;10;0;13;241173;119035;2004;17;2565
FR;5;2022-02-15;482;885;9;0;14;241655;119920;2013;17;2579
FR;5;2022-02-16;2980;9123;41;1;58;244635;129043;2054;18;2637
FR;5;2022-02-17;435;805;6;0;7;245070;129848;2060;18;2644
FR;5;2022-02-18;650;1407;13;0;17;245720;131255;2073;18;2661
FR;5;2022-02-19;1371;4315;16;0;28;247091;135570;2089;18;2689
FR;5;2022-02-20;247;879;6;0;8;247338;136449;2095;18;2697
FR;5;2022-02-21;221;607;2;0;4;247559;137056;2097;18;2701
FR;5;2022-02-22;259;545;17;0;17;247818;137601;2114;18;2718
FR;5;2022-02-23;1907;6924;22;1;42;249725;144525;2136;19;2760
FR;5;2022-02-24;182;374;5;1;6;249907;144899;2141;20;2766
FR;5;2022-02-25;336;949;13;0;12;250243;145848;2154;20;2778
FR;5;2022-02-26;972;3069;10;0;14;251215;148917;2164;20;2792
FR;5;2022-02-27;147;506;0;0;3;251362;149423;2164;20;2795
FR;5;2022-02-28;161;369;1;0;1;251523;149792;2165;20;2796
FR;5;2022-03-01;128;279;6;0;7;251651;150071;2171;20;2803
FR;5;2022-03-02;1240;4150;28;3;40;252891;154221;2199;23;2843
FR;5;2022-03-03;121;250;6;0;9;253012;154471;2205;23;2852
FR;5;2022-03-04;193;488;13;0;14;253205;154959;2218;23;2866
FR;5;2022-03-05;676;1990;8;0;16;253881;156949;2226;23;2882
FR;5;2022-03-06;108;260;0;0;0;253989;157209;2226;23;2882
FR;5;2022-03-07;71;228;5;0;3;254060;157437;2231;23;2885
FR;5;2022-03-08;46;130;7;1;7;254106;157567;2238;24;2892
FR;5;2022-03-09;909;3076;24;0;36;255015;160643;2262;24;2928
FR;5;2022-03-10;82;200;8;0;11;255097;160843;2270;24;2939
FR;5;2022-03-11;147;369;13;1;15;255244;161212;2283;25;2954
FR;5;2022-03-12;758;1613;13;1;30;256002;162825;2296;26;2984
FR;5;2022-03-13;76;100;0;0;0;256078;162925;2296;26;2984
FR;5;2022-03-14;67;118;7;1;7;256145;163043;2303;27;2991
FR;5;2022-03-15;83;99;3;0;6;256228;163142;2306;27;2997
FR;5;2022-03-16;884;1822;15;3;34;257112;164964;2321;30;3031
FR;5;2022-03-17;66;123;8;4;10;257178;165087;2329;34;3041
FR;5;2022-03-18;172;318;13;4;18;257350;165405;2342;38;3059
FR;5;2022-03-19;750;1162;12;5;33;258100;166567;2354;43;3092
FR;5;2022-03-20;45;93;1;0;1;258145;166660;2355;43;3093
FR;5;2022-03-21;71;120;10;6;15;258216;166780;2365;49;3108
FR;5;2022-03-22;56;119;8;8;9;258272;166899;2373;57;3117
FR;5;2022-03-23;803;1461;14;8;36;259075;168360;2387;65;3153
FR;5;2022-03-24;68;93;8;7;7;259143;168453;2395;72;3160
FR;5;2022-03-25;222;290;14;8;18;259365;168743;2409;80;3178
FR;5;2022-03-26;706;853;12;5;26;260071;169596;2421;85;3204
FR;5;2022-03-27;74;78;0;0;3;260145;169674;2421;85;3207
FR;5;2022-03-28;81;91;1;2;3;260226;169765;2422;87;3210
FR;5;2022-03-29;71;82;10;4;12;260297;169847;2432;91;3222
FR;5;2022-03-30;820;1115;16;13;29;261117;170962;2448;104;3251
FR;5;2022-03-31;102;124;1;4;6;261219;171086;2449;108;3257
FR;5;2022-04-01;107;86;7;12;11;261326;171172;2456;120;3268
FR;5;2022-04-02;329;348;3;3;14;261655;171520;2459;123;3282
FR;5;2022-04-03;54;59;1;0;1;261709;171579;2460;123;3283
FR;5;2022-04-04;36;57;4;1;8;261745;171636;2464;124;3291
FR;5;2022-04-05;51;60;6;7;9;261796;171696;2470;131;3300
FR;5;2022-04-06;421;439;7;15;16;262217;172135;2477;146;3316
FR;5;2022-04-07;45;68;5;7;7;262262;172203;2482;153;3323
FR;5;2022-04-08;130;110;12;14;15;262392;172313;2494;167;3338
FR;5;2022-04-09;308;322;2;5;16;262700;172635;2496;172;3354
FR;5;2022-04-10;43;31;2;0;2;262743;172666;2498;172;3356
FR;5;2022-04-11;50;60;3;2;4;262793;172726;2501;174;3360
FR;5;2022-04-12;57;54;3;3;5;262850;172780;2504;177;3365
FR;5;2022-04-13;382;413;3;8;16;263232;173193;2507;185;3381
FR;5;2022-04-14;47;48;5;5;9;263279;173241;2512;190;3390
FR;5;2022-04-15;91;109;3;5;5;263370;173350;2515;195;3395
FR;5;2022-04-16;188;184;2;1;13;263558;173534;2517;196;3408
FR;5;2022-04-17;12;10;1;0;1;263570;173544;2518;196;3409
FR;5;2022-04-18;8;9;2;0;2;263578;173553;2520;196;3411
FR;5;2022-04-19;73;70;6;1;6;263651;173623;2526;197;3417
FR;5;2022-04-20;360;349;9;6;12;264011;173972;2535;203;3429
FR;5;2022-04-21;42;64;9;10;12;264053;174036;2544;213;3441
FR;5;2022-04-22;113;96;5;4;5;264166;174132;2549;217;3446
FR;5;2022-04-23;209;192;3;2;10;264375;174324;2552;219;3456
FR;5;2022-04-24;37;35;0;0;3;264412;174359;2552;219;3459
FR;5;2022-04-25;67;65;1;1;4;264479;174424;2553;220;3463
FR;5;2022-04-26;60;61;2;1;5;264539;174485;2555;221;3468
FR;5;2022-04-27;335;316;2;7;14;264874;174801;2557;228;3482
FR;5;2022-04-28;75;54;4;5;8;264949;174855;2561;233;3490
FR;5;2022-04-29;117;79;5;18;12;265066;174934;2566;251;3502
FR;5;2022-04-30;182;115;1;3;10;265248;175049;2567;254;3512
FR;5;2022-05-01;11;7;0;0;0;265259;175056;2567;254;3512
FR;5;2022-05-02;46;27;4;5;2;265305;175083;2571;259;3514
FR;5;2022-05-03;83;55;2;5;11;265388;175138;2573;264;3525
FR;5;2022-05-04;277;204;1;2;7;265665;175342;2574;266;3532
FR;5;2022-05-05;62;32;2;4;4;265727;175374;2576;270;3536
FR;5;2022-05-06;104;64;2;3;5;265831;175438;2578;273;3541
FR;5;2022-05-07;171;115;3;10;13;266002;175553;2581;283;3554
FR;5;2022-05-08;7;8;0;0;2;266009;175561;2581;283;3556
FR;5;2022-05-09;44;32;15;3;16;266053;175593;2596;286;3572
FR;5;2022-05-10;54;49;3;4;5;266107;175642;2599;290;3577
FR;5;2022-05-11;324;236;12;7;21;266431;175878;2611;297;3598
FR;5;2022-05-12;46;34;1;3;2;266477;175912;2612;300;3600
FR;5;2022-05-13;108;83;2;8;8;266585;175995;2614;308;3608
FR;5;2022-05-14;203;129;0;1;8;266788;176124;2614;309;3616
FR;5;2022-05-15;22;7;2;0;1;266810;176131;2616;309;3617
FR;5;2022-05-16;49;31;2;5;4;266859;176162;2618;314;3621
FR;5;2022-05-17;72;40;5;0;2;266931;176202;2623;314;3623
FR;5;2022-05-18;288;213;4;4;8;267219;176415;2627;318;3631
FR;5;2022-05-19;44;35;4;3;2;267263;176450;2631;321;3633
FR;5;2022-05-20;73;62;2;4;1;267336;176512;2633;325;3634
FR;5;2022-05-21;241;166;2;3;17;267577;176678;2635;328;3651
FR;5;2022-05-22;20;14;2;5;2;267597;176692;2637;333;3653
FR;5;2022-05-23;42;23;4;3;6;267639;176715;2641;336;3659
FR;5;2022-05-24;44;43;3;2;4;267683;176758;2644;338;3663
FR;5;2022-05-25;322;252;4;0;15;268005;177010;2648;338;3678
FR;5;2022-05-26;14;5;0;1;2;268019;177015;2648;339;3680
FR;5;2022-05-27;96;53;3;4;8;268115;177068;2651;343;3688
FR;5;2022-05-28;95;73;5;3;10;268210;177141;2656;346;3698
FR;5;2022-05-29;14;14;1;0;2;268224;177155;2657;346;3700
FR;6;2020-12-27;0;0;0;0;0;0;0;0;0;0
FR;6;2020-12-28;0;0;0;0;0;0;0;0;0;0
FR;6;2020-12-29;0;0;0;0;0;0;0;0;0;0
FR;6;2020-12-30;0;0;0;0;0;0;0;0;0;0
FR;6;2020-12-31;0;0;0;0;0;0;0;0;0;0
FR;6;2021-01-01;0;0;0;0;0;0;0;0;0;0
FR;6;2021-01-02;0;0;0;0;0;0;0;0;0;0
FR;6;2021-01-03;0;0;0;0;0;0;0;0;0;0
FR;6;2021-01-04;0;0;0;0;0;0;0;0;0;0
FR;6;2021-01-05;0;0;0;0;0;0;0;0;0;0
FR;6;2021-01-06;0;0;0;0;0;0;0;0;0;0
FR;6;2021-01-07;0;0;0;0;0;0;0;0;0;0
FR;6;2021-01-08;0;0;0;0;0;0;0;0;0;0
FR;6;2021-01-09;0;0;0;0;0;0;0;0;0;0
FR;6;2021-01-10;0;0;0;0;0;0;0;0;0;0
FR;6;2021-01-11;0;0;0;0;0;0;0;0;0;0
FR;6;2021-01-12;0;0;0;0;0;0;0;0;0;0
FR;6;2021-01-13;0;0;0;0;0;0;0;0;0;0
FR;6;2021-01-14;0;0;0;0;0;0;0;0;0;0
FR;6;2021-01-15;0;0;0;0;0;0;0;0;0;0
FR;6;2021-01-16;0;0;0;0;0;0;0;0;0;0
FR;6;2021-01-17;0;0;0;0;0;0;0;0;0;0
FR;6;2021-01-18;0;0;0;0;0;0;0;0;0;0
FR;6;2021-01-19;0;0;0;0;0;0;0;0;0;0
FR;6;2021-01-20;0;0;0;0;0;0;0;0;0;0
FR;6;2021-01-21;0;0;0;0;0;0;0;0;0;0
FR;6;2021-01-22;0;0;0;0;0;0;0;0;0;0
FR;6;2021-01-23;0;0;0;0;0;0;0;0;0;0
FR;6;2021-01-24;0;0;0;0;0;0;0;0;0;0
FR;6;2021-01-25;0;0;0;0;0;0;0;0;0;0
FR;6;2021-01-26;0;0;0;0;0;0;0;0;0;0
FR;6;2021-01-27;0;0;0;0;0;0;0;0;0;0
FR;6;2021-01-28;0;0;0;0;0;0;0;0;0;0
FR;6;2021-01-29;0;0;0;0;0;0;0;0;0;0
FR;6;2021-01-30;0;0;0;0;0;0;0;0;0;0
FR;6;2021-01-31;0;0;0;0;0;0;0;0;0;0
FR;6;2021-02-01;0;0;0;0;0;0;0;0;0;0
FR;6;2021-02-02;0;0;0;0;0;0;0;0;0;0
FR;6;2021-02-03;0;0;0;0;0;0;0;0;0;0
FR;6;2021-02-04;0;0;0;0;0;0;0;0;0;0
FR;6;2021-02-05;0;0;0;0;0;0;0;0;0;0
FR;6;2021-02-06;0;0;0;0;0;0;0;0;0;0
FR;6;2021-02-07;0;0;0;0;0;0;0;0;0;0
FR;6;2021-02-08;0;0;0;0;0;0;0;0;0;0
FR;6;2021-02-09;0;0;0;0;0;0;0;0;0;0
FR;6;2021-02-10;0;0;0;0;0;0;0;0;0;0
FR;6;2021-02-11;0;0;0;0;0;0;0;0;0;0
FR;6;2021-02-12;0;0;0;0;0;0;0;0;0;0
FR;6;2021-02-13;0;0;0;0;0;0;0;0;0;0
FR;6;2021-02-14;0;0;0;0;0;0;0;0;0;0
FR;6;2021-02-15;0;0;0;0;0;0;0;0;0;0
FR;6;2021-02-16;0;0;0;0;0;0;0;0;0;0
FR;6;2021-02-17;0;0;0;0;0;0;0;0;0;0
FR;6;2021-02-18;0;0;0;0;0;0;0;0;0;0
FR;6;2021-02-19;0;0;0;0;0;0;0;0;0;0
FR;6;2021-02-20;0;0;0;0;0;0;0;0;0;0
FR;6;2021-02-21;0;0;0;0;0;0;0;0;0;0
FR;6;2021-02-22;0;0;0;0;0;0;0;0;0;0
FR;6;2021-02-23;0;0;0;0;0;0;0;0;0;0
FR;6;2021-02-24;0;0;0;0;0;0;0;0;0;0
FR;6;2021-02-25;0;0;0;0;0;0;0;0;0;0
FR;6;2021-02-26;0;0;0;0;0;0;0;0;0;0
FR;6;2021-02-27;0;0;0;0;0;0;0;0;0;0
FR;6;2021-02-28;0;0;0;0;0;0;0;0;0;0
FR;6;2021-03-01;0;0;0;0;0;0;0;0;0;0
FR;6;2021-03-02;0;0;0;0;0;0;0;0;0;0
FR;6;2021-03-03;0;0;0;0;0;0;0;0;0;0
FR;6;2021-03-04;0;0;0;0;0;0;0;0;0;0
FR;6;2021-03-05;0;0;0;0;0;0;0;0;0;0
FR;6;2021-03-06;0;0;0;0;0;0;0;0;0;0
FR;6;2021-03-07;0;0;0;0;0;0;0;0;0;0
FR;6;2021-03-08;0;0;0;0;0;0;0;0;0;0
FR;6;2021-03-09;0;0;0;0;0;0;0;0;0;0
FR;6;2021-03-10;0;0;0;0;0;0;0;0;0;0
FR;6;2021-03-11;0;0;0;0;0;0;0;0;0;0
FR;6;2021-03-12;0;0;0;0;0;0;0;0;0;0
FR;6;2021-03-13;0;0;0;0;0;0;0;0;0;0
FR;6;2021-03-14;0;0;0;0;0;0;0;0;0;0
FR;6;2021-03-15;0;0;0;0;0;0;0;0;0;0
FR;6;2021-03-16;0;0;0;0;0;0;0;0;0;0
FR;6;2021-03-17;0;0;0;0;0;0;0;0;0;0
FR;6;2021-03-18;0;0;0;0;0;0;0;0;0;0
FR;6;2021-03-19;0;0;0;0;0;0;0;0;0;0
FR;6;2021-03-20;0;0;0;0;0;0;0;0;0;0
FR;6;2021-03-21;0;0;0;0;0;0;0;0;0;0
FR;6;2021-03-22;0;0;0;0;0;0;0;0;0;0
FR;6;2021-03-23;0;0;0;0;0;0;0;0;0;0
FR;6;2021-03-24;0;0;0;0;0;0;0;0;0;0
FR;6;2021-03-25;0;0;0;0;0;0;0;0;0;0
FR;6;2021-03-26;0;0;0;0;0;0;0;0;0;0
FR;6;2021-03-27;0;0;0;0;0;0;0;0;0;0
FR;6;2021-03-28;0;0;0;0;0;0;0;0;0;0
FR;6;2021-03-29;0;0;0;0;0;0;0;0;0;0
FR;6;2021-03-30;0;0;0;0;0;0;0;0;0;0
FR;6;2021-03-31;0;0;0;0;0;0;0;0;0;0
FR;6;2021-04-01;0;0;0;0;0;0;0;0;0;0
FR;6;2021-04-02;0;0;0;0;0;0;0;0;0;0
FR;6;2021-04-03;0;0;0;0;0;0;0;0;0;0
FR;6;2021-04-04;0;0;0;0;0;0;0;0;0;0
FR;6;2021-04-05;0;0;0;0;0;0;0;0;0;0
FR;6;2021-04-06;0;0;0;0;0;0;0;0;0;0
FR;6;2021-04-07;0;0;0;0;0;0;0;0;0;0
FR;6;2021-04-08;0;0;0;0;0;0;0;0;0;0
FR;6;2021-04-09;0;0;0;0;0;0;0;0;0;0
FR;6;2021-04-10;0;0;0;0;0;0;0;0;0;0
FR;6;2021-04-11;0;0;0;0;0;0;0;0;0;0
FR;6;2021-04-12;0;0;0;0;0;0;0;0;0;0
FR;6;2021-04-13;0;0;0;0;0;0;0;0;0;0
FR;6;2021-04-14;0;0;0;0;0;0;0;0;0;0
FR;6;2021-04-15;0;0;0;0;0;0;0;0;0;0
FR;6;2021-04-16;0;0;0;0;0;0;0;0;0;0
FR;6;2021-04-17;0;0;0;0;0;0;0;0;0;0
FR;6;2021-04-18;0;0;0;0;0;0;0;0;0;0
FR;6;2021-04-19;0;0;0;0;0;0;0;0;0;0
FR;6;2021-04-20;0;0;0;0;0;0;0;0;0;0
FR;6;2021-04-21;0;0;0;0;0;0;0;0;0;0
FR;6;2021-04-22;0;0;0;0;0;0;0;0;0;0
FR;6;2021-04-23;0;0;0;0;0;0;0;0;0;0
FR;6;2021-04-24;0;0;0;0;0;0;0;0;0;0
FR;6;2021-04-25;0;0;0;0;0;0;0;0;0;0
FR;6;2021-04-26;0;0;0;0;0;0;0;0;0;0
FR;6;2021-04-27;0;0;0;0;0;0;0;0;0;0
FR;6;2021-04-28;0;0;0;0;0;0;0;0;0;0
FR;6;2021-04-29;0;0;0;0;0;0;0;0;0;0
FR;6;2021-04-30;0;0;0;0;0;0;0;0;0;0
FR;6;2021-05-01;0;0;0;0;0;0;0;0;0;0
FR;6;2021-05-02;0;0;0;0;0;0;0;0;0;0
FR;6;2021-05-03;0;0;0;0;0;0;0;0;0;0
FR;6;2021-05-04;0;0;0;0;0;0;0;0;0;0
FR;6;2021-05-05;0;0;0;0;0;0;0;0;0;0
FR;6;2021-05-06;0;0;0;0;0;0;0;0;0;0
FR;6;2021-05-07;0;0;0;0;0;0;0;0;0;0
FR;6;2021-05-08;0;0;0;0;0;0;0;0;0;0
FR;6;2021-05-09;0;0;0;0;0;0;0;0;0;0
FR;6;2021-05-10;0;0;0;0;0;0;0;0;0;0
FR;6;2021-05-11;0;0;0;0;0;0;0;0;0;0
FR;6;2021-05-12;0;0;0;0;0;0;0;0;0;0
FR;6;2021-05-13;0;0;0;0;0;0;0;0;0;0
FR;6;2021-05-14;0;0;0;0;0;0;0;0;0;0
FR;6;2021-05-15;0;0;0;0;0;0;0;0;0;0
FR;6;2021-05-16;0;0;0;0;0;0;0;0;0;0
FR;6;2021-05-17;0;0;0;0;0;0;0;0;0;0
FR;6;2021-05-18;0;0;0;0;0;0;0;0;0;0
FR;6;2021-05-19;0;0;0;0;0;0;0;0;0;0
FR;6;2021-05-20;0;0;0;0;0;0;0;0;0;0
FR;6;2021-05-21;0;0;0;0;0;0;0;0;0;0
FR;6;2021-05-22;0;0;0;0;0;0;0;0;0;0
FR;6;2021-05-23;0;0;0;0;0;0;0;0;0;0
FR;6;2021-05-24;0;0;0;0;0;0;0;0;0;0
FR;6;2021-05-25;0;0;0;0;0;0;0;0;0;0
FR;6;2021-05-26;0;0;0;0;0;0;0;0;0;0
FR;6;2021-05-27;0;0;0;0;0;0;0;0;0;0
FR;6;2021-05-28;0;0;0;0;0;0;0;0;0;0
FR;6;2021-05-29;0;0;0;0;0;0;0;0;0;0
FR;6;2021-05-30;0;0;0;0;0;0;0;0;0;0
FR;6;2021-05-31;0;0;0;0;0;0;0;0;0;0
FR;6;2021-06-01;0;0;0;0;0;0;0;0;0;0
FR;6;2021-06-02;0;0;0;0;0;0;0;0;0;0
FR;6;2021-06-03;0;0;0;0;0;0;0;0;0;0
FR;6;2021-06-04;0;0;0;0;0;0;0;0;0;0
FR;6;2021-06-05;0;0;0;0;0;0;0;0;0;0
FR;6;2021-06-06;0;0;0;0;0;0;0;0;0;0
FR;6;2021-06-07;0;0;0;0;0;0;0;0;0;0
FR;6;2021-06-08;0;0;0;0;0;0;0;0;0;0
FR;6;2021-06-09;0;0;0;0;0;0;0;0;0;0
FR;6;2021-06-10;0;0;0;0;0;0;0;0;0;0
FR;6;2021-06-11;0;0;0;0;0;0;0;0;0;0
FR;6;2021-06-12;0;0;0;0;0;0;0;0;0;0
FR;6;2021-06-13;0;0;0;0;0;0;0;0;0;0
FR;6;2021-06-14;0;0;0;0;0;0;0;0;0;0
FR;6;2021-06-15;0;0;0;0;0;0;0;0;0;0
FR;6;2021-06-16;0;0;0;0;0;0;0;0;0;0
FR;6;2021-06-17;0;0;0;0;0;0;0;0;0;0
FR;6;2021-06-18;0;0;0;0;0;0;0;0;0;0
FR;6;2021-06-19;0;0;0;0;0;0;0;0;0;0
FR;6;2021-06-20;0;0;0;0;0;0;0;0;0;0
FR;6;2021-06-21;0;0;0;0;0;0;0;0;0;0
FR;6;2021-06-22;0;0;0;0;0;0;0;0;0;0
FR;6;2021-06-23;0;0;0;0;0;0;0;0;0;0
FR;6;2021-06-24;0;0;0;0;0;0;0;0;0;0
FR;6;2021-06-25;0;0;0;0;0;0;0;0;0;0
FR;6;2021-06-26;0;0;0;0;0;0;0;0;0;0
FR;6;2021-06-27;0;0;0;0;0;0;0;0;0;0
FR;6;2021-06-28;0;0;0;0;0;0;0;0;0;0
FR;6;2021-06-29;0;0;0;0;0;0;0;0;0;0
FR;6;2021-06-30;0;0;0;0;0;0;0;0;0;0
FR;6;2021-07-01;0;0;0;0;0;0;0;0;0;0
FR;6;2021-07-02;0;0;0;0;0;0;0;0;0;0
FR;6;2021-07-03;0;0;0;0;0;0;0;0;0;0
FR;6;2021-07-04;0;0;0;0;0;0;0;0;0;0
FR;6;2021-07-05;0;0;0;0;0;0;0;0;0;0
FR;6;2021-07-06;0;0;0;0;0;0;0;0;0;0
FR;6;2021-07-07;0;0;0;0;0;0;0;0;0;0
FR;6;2021-07-08;0;0;0;0;0;0;0;0;0;0
FR;6;2021-07-09;0;0;0;0;0;0;0;0;0;0
FR;6;2021-07-10;0;0;0;0;0;0;0;0;0;0
FR;6;2021-07-11;0;0;0;0;0;0;0;0;0;0
FR;6;2021-07-12;0;0;0;0;0;0;0;0;0;0
FR;6;2021-07-13;0;0;0;0;0;0;0;0;0;0
FR;6;2021-07-14;0;0;0;0;0;0;0;0;0;0
FR;6;2021-07-15;0;0;0;0;0;0;0;0;0;0
FR;6;2021-07-16;0;0;0;0;0;0;0;0;0;0
FR;6;2021-07-17;0;0;0;0;0;0;0;0;0;0
FR;6;2021-07-18;0;0;0;0;0;0;0;0;0;0
FR;6;2021-07-19;0;0;0;0;0;0;0;0;0;0
FR;6;2021-07-20;0;0;0;0;0;0;0;0;0;0
FR;6;2021-07-21;0;0;0;0;0;0;0;0;0;0
FR;6;2021-07-22;0;0;0;0;0;0;0;0;0;0
FR;6;2021-07-23;0;0;0;0;0;0;0;0;0;0
FR;6;2021-07-24;0;0;0;0;0;0;0;0;0;0
FR;6;2021-07-25;0;0;0;0;0;0;0;0;0;0
FR;6;2021-07-26;0;0;0;0;0;0;0;0;0;0
FR;6;2021-07-27;0;0;0;0;0;0;0;0;0;0
FR;6;2021-07-28;0;0;0;0;0;0;0;0;0;0
FR;6;2021-07-29;0;0;0;0;0;0;0;0;0;0
FR;6;2021-07-30;0;0;0;0;0;0;0;0;0;0
FR;6;2021-07-31;0;0;0;0;0;0;0;0;0;0
FR;6;2021-08-01;0;0;0;0;0;0;0;0;0;0
FR;6;2021-08-02;0;0;0;0;0;0;0;0;0;0
FR;6;2021-08-03;0;0;0;0;0;0;0;0;0;0
FR;6;2021-08-04;0;0;0;0;0;0;0;0;0;0
FR;6;2021-08-05;0;0;0;0;0;0;0;0;0;0
FR;6;2021-08-06;0;0;0;0;0;0;0;0;0;0
FR;6;2021-08-07;0;0;0;0;0;0;0;0;0;0
FR;6;2021-08-08;0;0;0;0;0;0;0;0;0;0
FR;6;2021-08-09;0;0;0;0;0;0;0;0;0;0
FR;6;2021-08-10;0;0;0;0;0;0;0;0;0;0
FR;6;2021-08-11;0;0;0;0;0;0;0;0;0;0
FR;6;2021-08-12;0;0;0;0;0;0;0;0;0;0
FR;6;2021-08-13;0;0;0;0;0;0;0;0;0;0
FR;6;2021-08-14;0;0;0;0;0;0;0;0;0;0
FR;6;2021-08-15;0;0;0;0;0;0;0;0;0;0
FR;6;2021-08-16;0;0;0;0;0;0;0;0;0;0
FR;6;2021-08-17;0;0;0;0;0;0;0;0;0;0
FR;6;2021-08-18;0;0;0;0;0;0;0;0;0;0
FR;6;2021-08-19;0;0;0;0;0;0;0;0;0;0
FR;6;2021-08-20;0;0;0;0;0;0;0;0;0;0
FR;6;2021-08-21;0;0;0;0;0;0;0;0;0;0
FR;6;2021-08-22;0;0;0;0;0;0;0;0;0;0
FR;6;2021-08-23;0;0;0;0;0;0;0;0;0;0
FR;6;2021-08-24;0;0;0;0;0;0;0;0;0;0
FR;6;2021-08-25;0;0;0;0;0;0;0;0;0;0
FR;6;2021-08-26;0;0;0;0;0;0;0;0;0;0
FR;6;2021-08-27;0;0;0;0;0;0;0;0;0;0
FR;6;2021-08-28;0;0;0;0;0;0;0;0;0;0
FR;6;2021-08-29;0;0;0;0;0;0;0;0;0;0
FR;6;2021-08-30;0;0;0;0;0;0;0;0;0;0
FR;6;2021-08-31;0;0;0;0;0;0;0;0;0;0
FR;6;2021-09-01;0;0;0;0;0;0;0;0;0;0
FR;6;2021-09-02;0;0;0;0;0;0;0;0;0;0
FR;6;2021-09-03;0;0;0;0;0;0;0;0;0;0
FR;6;2021-09-04;0;0;0;0;0;0;0;0;0;0
FR;6;2021-09-05;0;0;0;0;0;0;0;0;0;0
FR;6;2021-09-06;0;0;0;0;0;0;0;0;0;0
FR;6;2021-09-07;0;0;0;0;0;0;0;0;0;0
FR;6;2021-09-08;0;0;0;0;0;0;0;0;0;0
FR;6;2021-09-09;0;0;0;0;0;0;0;0;0;0
FR;6;2021-09-10;0;0;0;0;0;0;0;0;0;0
FR;6;2021-09-11;0;0;0;0;0;0;0;0;0;0
FR;6;2021-09-12;0;0;0;0;0;0;0;0;0;0
FR;6;2021-09-13;0;0;0;0;0;0;0;0;0;0
FR;6;2021-09-14;0;0;0;0;0;0;0;0;0;0
FR;6;2021-09-15;0;0;0;0;0;0;0;0;0;0
FR;6;2021-09-16;0;0;0;0;0;0;0;0;0;0
FR;6;2021-09-17;0;0;0;0;0;0;0;0;0;0
FR;6;2021-09-18;0;0;0;0;0;0;0;0;0;0
FR;6;2021-09-19;0;0;0;0;0;0;0;0;0;0
FR;6;2021-09-20;0;0;0;0;0;0;0;0;0;0
FR;6;2021-09-21;0;0;0;0;0;0;0;0;0;0
FR;6;2021-09-22;0;0;0;0;0;0;0;0;0;0
FR;6;2021-09-23;0;0;0;0;0;0;0;0;0;0
FR;6;2021-09-24;0;0;0;0;0;0;0;0;0;0
FR;6;2021-09-25;0;0;0;0;0;0;0;0;0;0
FR;6;2021-09-26;0;0;0;0;0;0;0;0;0;0
FR;6;2021-09-27;0;0;0;0;0;0;0;0;0;0
FR;6;2021-09-28;0;0;0;0;0;0;0;0;0;0
FR;6;2021-09-29;0;0;0;0;0;0;0;0;0;0
FR;6;2021-09-30;0;0;0;0;0;0;0;0;0;0
FR;6;2021-10-01;0;0;0;0;0;0;0;0;0;0
FR;6;2021-10-02;0;0;0;0;0;0;0;0;0;0
FR;6;2021-10-03;0;0;0;0;0;0;0;0;0;0
FR;6;2021-10-04;0;0;0;0;0;0;0;0;0;0
FR;6;2021-10-05;0;0;0;0;0;0;0;0;0;0
FR;6;2021-10-06;0;0;0;0;0;0;0;0;0;0
FR;6;2021-10-07;0;0;0;0;0;0;0;0;0;0
FR;6;2021-10-08;0;0;0;0;0;0;0;0;0;0
FR;6;2021-10-09;0;0;0;0;0;0;0;0;0;0
FR;6;2021-10-10;0;0;0;0;0;0;0;0;0;0
FR;6;2021-10-11;0;0;0;0;0;0;0;0;0;0
FR;6;2021-10-12;0;0;0;0;0;0;0;0;0;0
FR;6;2021-10-13;0;0;0;0;0;0;0;0;0;0
FR;6;2021-10-14;0;0;0;0;0;0;0;0;0;0
FR;6;2021-10-15;0;0;0;0;0;0;0;0;0;0
FR;6;2021-10-16;0;0;0;0;0;0;0;0;0;0
FR;6;2021-10-17;0;0;0;0;0;0;0;0;0;0
FR;6;2021-10-18;0;0;0;0;0;0;0;0;0;0
FR;6;2021-10-19;0;0;0;0;0;0;0;0;0;0
FR;6;2021-10-20;0;0;0;0;0;0;0;0;0;0
FR;6;2021-10-21;0;0;0;0;0;0;0;0;0;0
FR;6;2021-10-22;0;0;0;0;0;0;0;0;0;0
FR;6;2021-10-23;0;0;0;0;0;0;0;0;0;0
FR;6;2021-10-24;0;0;0;0;0;0;0;0;0;0
FR;6;2021-10-25;0;0;0;0;0;0;0;0;0;0
FR;6;2021-10-26;0;0;0;0;0;0;0;0;0;0
FR;6;2021-10-27;0;0;0;0;0;0;0;0;0;0
FR;6;2021-10-28;0;0;0;0;0;0;0;0;0;0
FR;6;2021-10-29;0;0;0;0;0;0;0;0;0;0
FR;6;2021-10-30;0;0;0;0;0;0;0;0;0;0
FR;6;2021-10-31;0;0;0;0;0;0;0;0;0;0
FR;6;2021-11-01;0;0;0;0;0;0;0;0;0;0
FR;6;2021-11-02;0;0;0;0;0;0;0;0;0;0
FR;6;2021-11-03;0;0;0;0;0;0;0;0;0;0
FR;6;2021-11-04;0;0;0;0;0;0;0;0;0;0
FR;6;2021-11-05;0;0;0;0;0;0;0;0;0;0
FR;6;2021-11-06;0;0;0;0;0;0;0;0;0;0
FR;6;2021-11-07;0;0;0;0;0;0;0;0;0;0
FR;6;2021-11-08;0;0;0;0;0;0;0;0;0;0
FR;6;2021-11-09;0;0;0;0;0;0;0;0;0;0
FR;6;2021-11-10;0;0;0;0;0;0;0;0;0;0
FR;6;2021-11-11;0;0;0;0;0;0;0;0;0;0
FR;6;2021-11-12;0;0;0;0;0;0;0;0;0;0
FR;6;2021-11-13;0;0;0;0;0;0;0;0;0;0
FR;6;2021-11-14;0;0;0;0;0;0;0;0;0;0
FR;6;2021-11-15;0;0;0;0;0;0;0;0;0;0
FR;6;2021-11-16;0;0;0;0;0;0;0;0;0;0
FR;6;2021-11-17;0;0;0;0;0;0;0;0;0;0
FR;6;2021-11-18;0;0;0;0;0;0;0;0;0;0
FR;6;2021-11-19;0;0;0;0;0;0;0;0;0;0
FR;6;2021-11-20;0;0;0;0;0;0;0;0;0;0
FR;6;2021-11-21;0;0;0;0;0;0;0;0;0;0
FR;6;2021-11-22;0;0;0;0;0;0;0;0;0;0
FR;6;2021-11-23;0;0;0;0;0;0;0;0;0;0
FR;6;2021-11-24;0;0;0;0;0;0;0;0;0;0
FR;6;2021-11-25;0;0;0;0;0;0;0;0;0;0
FR;6;2021-11-26;0;0;0;0;0;0;0;0;0;0
FR;6;2021-11-27;0;0;0;0;0;0;0;0;0;0
FR;6;2021-11-28;0;0;0;0;0;0;0;0;0;0
FR;6;2021-11-29;0;0;0;0;0;0;0;0;0;0
FR;6;2021-11-30;0;0;0;0;0;0;0;0;0;0
FR;6;2021-12-01;0;0;0;0;0;0;0;0;0;0
FR;6;2021-12-02;0;0;0;0;0;0;0;0;0;0
FR;6;2021-12-03;0;0;0;0;0;0;0;0;0;0
FR;6;2021-12-04;0;0;0;0;0;0;0;0;0;0
FR;6;2021-12-05;0;0;0;0;0;0;0;0;0;0
FR;6;2021-12-06;0;0;0;0;0;0;0;0;0;0
FR;6;2021-12-07;0;0;0;0;0;0;0;0;0;0
FR;6;2021-12-08;0;0;0;0;0;0;0;0;0;0
FR;6;2021-12-09;0;0;0;0;0;0;0;0;0;0
FR;6;2021-12-10;0;0;0;0;0;0;0;0;0;0
FR;6;2021-12-11;0;0;0;0;0;0;0;0;0;0
FR;6;2021-12-12;0;0;0;0;0;0;0;0;0;0
FR;6;2021-12-13;0;0;0;0;0;0;0;0;0;0
FR;6;2021-12-14;0;0;0;0;0;0;0;0;0;0
FR;6;2021-12-15;0;0;0;0;0;0;0;0;0;0
FR;6;2021-12-16;0;0;0;0;0;0;0;0;0;0
FR;6;2021-12-17;0;0;0;0;0;0;0;0;0;0
FR;6;2021-12-18;0;0;0;0;0;0;0;0;0;0
FR;6;2021-12-19;0;0;0;0;0;0;0;0;0;0
FR;6;2021-12-20;0;0;0;0;0;0;0;0;0;0
FR;6;2021-12-21;0;0;0;0;0;0;0;0;0;0
FR;6;2021-12-22;0;0;0;0;0;0;0;0;0;0
FR;6;2021-12-23;0;0;0;0;0;0;0;0;0;0
FR;6;2021-12-24;0;0;0;0;0;0;0;0;0;0
FR;6;2021-12-25;0;0;0;0;0;0;0;0;0;0
FR;6;2021-12-26;0;0;0;0;0;0;0;0;0;0
FR;6;2021-12-27;0;0;0;0;0;0;0;0;0;0
FR;6;2021-12-28;0;0;0;0;0;0;0;0;0;0
FR;6;2021-12-29;0;0;0;0;0;0;0;0;0;0
FR;6;2021-12-30;0;0;0;0;0;0;0;0;0;0
FR;6;2021-12-31;0;0;0;0;0;0;0;0;0;0
FR;6;2022-01-01;0;0;0;0;0;0;0;0;0;0
FR;6;2022-01-02;0;0;0;0;0;0;0;0;0;0
FR;6;2022-01-03;0;0;0;0;0;0;0;0;0;0
FR;6;2022-01-04;0;0;0;0;0;0;0;0;0;0
FR;6;2022-01-05;0;0;0;0;0;0;0;0;0;0
FR;6;2022-01-06;0;0;0;0;0;0;0;0;0;0
FR;6;2022-01-07;0;0;0;0;0;0;0;0;0;0
FR;6;2022-01-08;0;0;0;0;0;0;0;0;0;0
FR;6;2022-01-09;0;0;0;0;0;0;0;0;0;0
FR;6;2022-01-10;0;0;0;0;0;0;0;0;0;0
FR;6;2022-01-11;0;0;0;0;0;0;0;0;0;0
FR;6;2022-01-12;0;0;0;0;0;0;0;0;0;0
FR;6;2022-01-13;0;0;0;0;0;0;0;0;0;0
FR;6;2022-01-14;0;0;0;0;0;0;0;0;0;0
FR;6;2022-01-15;0;0;0;0;0;0;0;0;0;0
FR;6;2022-01-16;0;0;0;0;0;0;0;0;0;0
FR;6;2022-01-17;0;0;0;0;0;0;0;0;0;0
FR;6;2022-01-18;0;0;0;0;0;0;0;0;0;0
FR;6;2022-01-19;0;0;0;0;0;0;0;0;0;0
FR;6;2022-01-20;0;0;0;0;0;0;0;0;0;0
FR;6;2022-01-21;0;0;0;0;0;0;0;0;0;0
FR;6;2022-01-22;0;0;0;0;0;0;0;0;0;0
FR;6;2022-01-23;0;0;0;0;0;0;0;0;0;0
FR;6;2022-01-24;0;0;0;0;0;0;0;0;0;0
FR;6;2022-01-25;0;0;0;0;0;0;0;0;0;0
FR;6;2022-01-26;0;0;0;0;0;0;0;0;0;0
FR;6;2022-01-27;0;0;0;0;0;0;0;0;0;0
FR;6;2022-01-28;0;0;0;0;0;0;0;0;0;0
FR;6;2022-01-29;0;0;0;0;0;0;0;0;0;0
FR;6;2022-01-30;0;0;0;0;0;0;0;0;0;0
FR;6;2022-01-31;0;0;0;0;0;0;0;0;0;0
FR;6;2022-02-01;0;0;0;0;0;0;0;0;0;0
FR;6;2022-02-02;0;0;0;0;0;0;0;0;0;0
FR;6;2022-02-03;0;0;0;0;0;0;0;0;0;0
FR;6;2022-02-04;0;0;0;0;0;0;0;0;0;0
FR;6;2022-02-05;0;0;0;0;0;0;0;0;0;0
FR;6;2022-02-06;0;0;0;0;0;0;0;0;0;0
FR;6;2022-02-07;0;0;0;0;0;0;0;0;0;0
FR;6;2022-02-08;0;0;0;0;0;0;0;0;0;0
FR;6;2022-02-09;0;0;0;0;0;0;0;0;0;0
FR;6;2022-02-10;0;0;0;0;0;0;0;0;0;0
FR;6;2022-02-11;0;0;0;0;0;0;0;0;0;0
FR;6;2022-02-12;0;0;0;0;0;0;0;0;0;0
FR;6;2022-02-13;0;0;0;0;0;0;0;0;0;0
FR;6;2022-02-14;0;0;0;0;0;0;0;0;0;0
FR;6;2022-02-15;0;0;0;0;0;0;0;0;0;0
FR;6;2022-02-16;0;0;0;0;0;0;0;0;0;0
FR;6;2022-02-17;0;0;0;0;0;0;0;0;0;0
FR;6;2022-02-18;0;0;0;0;0;0;0;0;0;0
FR;6;2022-02-19;0;0;0;0;0;0;0;0;0;0
FR;6;2022-02-20;0;0;0;0;0;0;0;0;0;0
FR;6;2022-02-21;0;0;0;0;0;0;0;0;0;0
FR;6;2022-02-22;0;0;0;0;0;0;0;0;0;0
FR;6;2022-02-23;0;0;0;0;0;0;0;0;0;0
FR;6;2022-02-24;0;0;0;0;0;0;0;0;0;0
FR;6;2022-02-25;0;0;0;0;0;0;0;0;0;0
FR;6;2022-02-26;1;0;0;0;0;1;0;0;0;0
FR;6;2022-02-27;0;0;0;0;0;1;0;0;0;0
FR;6;2022-02-28;0;0;0;0;0;1;0;0;0;0
FR;6;2022-03-01;3;0;0;0;0;4;0;0;0;0
FR;6;2022-03-02;97;9;2;0;7;101;9;2;0;7
FR;6;2022-03-03;0;0;0;0;0;101;9;2;0;7
FR;6;2022-03-04;91;4;0;0;4;192;13;2;0;11
FR;6;2022-03-05;391;23;2;0;14;583;36;4;0;25
FR;6;2022-03-06;7;1;0;0;0;590;37;4;0;25
FR;6;2022-03-07;337;19;0;0;13;927;56;4;0;38
FR;6;2022-03-08;230;14;0;0;5;1157;70;4;0;43
FR;6;2022-03-09;519;29;2;0;21;1676;99;6;0;64
FR;6;2022-03-10;207;18;0;1;12;1883;117;6;1;76
FR;6;2022-03-11;328;21;6;0;21;2211;138;12;1;97
FR;6;2022-03-12;518;25;1;0;20;2729;163;13;1;117
FR;6;2022-03-13;40;2;0;0;1;2769;165;13;1;118
FR;6;2022-03-14;201;4;2;0;3;2970;169;15;1;121
FR;6;2022-03-15;112;11;2;0;9;3082;180;17;1;130
FR;6;2022-03-16;310;17;1;1;14;3392;197;18;2;144
FR;6;2022-03-17;117;6;1;2;4;3509;203;19;4;148
FR;6;2022-03-18;214;11;0;0;6;3723;214;19;4;154
FR;6;2022-03-19;307;19;2;0;9;4030;233;21;4;163
FR;6;2022-03-20;15;5;0;0;1;4045;238;21;4;164
FR;6;2022-03-21;132;23;1;0;4;4177;261;22;4;168
FR;6;2022-03-22;97;15;0;0;4;4274;276;22;4;172
FR;6;2022-03-23;226;108;3;0;14;4500;384;25;4;186
FR;6;2022-03-24;100;15;1;3;4;4600;399;26;7;190
FR;6;2022-03-25;203;141;2;1;15;4803;540;28;8;205
FR;6;2022-03-26;332;295;7;1;19;5135;835;35;9;224
FR;6;2022-03-27;32;30;1;0;1;5167;865;36;9;225
FR;6;2022-03-28;200;208;8;1;17;5367;1073;44;10;242
FR;6;2022-03-29;126;189;12;2;12;5493;1262;56;12;254
FR;6;2022-03-30;305;476;10;2;22;5798;1738;66;14;276
FR;6;2022-03-31;124;140;9;0;13;5922;1878;75;14;289
FR;6;2022-04-01;195;150;11;2;23;6117;2028;86;16;312
FR;6;2022-04-02;205;241;9;1;13;6322;2269;95;17;325
FR;6;2022-04-03;17;21;0;0;1;6339;2290;95;17;326
FR;6;2022-04-04;132;114;6;1;9;6471;2404;101;18;335
FR;6;2022-04-05;145;88;15;1;11;6616;2492;116;19;346
FR;6;2022-04-06;203;245;22;26;27;6819;2737;138;45;373
FR;6;2022-04-07;127;96;15;5;17;6946;2833;153;50;390
FR;6;2022-04-08;199;170;16;3;17;7145;3003;169;53;407
FR;6;2022-04-09;145;139;6;12;13;7290;3142;175;65;420
FR;6;2022-04-10;10;20;3;0;1;7300;3162;178;65;421
FR;6;2022-04-11;101;106;4;0;5;7401;3268;182;65;426
FR;6;2022-04-12;135;75;5;8;10;7536;3343;187;73;436
FR;6;2022-04-13;160;175;7;5;13;7696;3518;194;78;449
FR;6;2022-04-14;100;103;5;10;8;7796;3621;199;88;457
FR;6;2022-04-15;160;148;11;7;19;7956;3769;210;95;476
FR;6;2022-04-16;127;132;5;0;14;8083;3901;215;95;490
FR;6;2022-04-17;8;9;4;0;4;8091;3910;219;95;494
FR;6;2022-04-18;8;15;3;0;4;8099;3925;222;95;498
FR;6;2022-04-19;97;112;4;3;3;8196;4037;226;98;501
FR;6;2022-04-20;173;227;8;7;15;8369;4264;234;105;516
FR;6;2022-04-21;111;93;8;4;11;8480;4357;242;109;527
FR;6;2022-04-22;136;160;13;12;13;8616;4517;255;121;540
FR;6;2022-04-23;104;129;1;1;7;8720;4646;256;122;547
FR;6;2022-04-24;5;21;1;0;0;8725;4667;257;122;547
FR;6;2022-04-25;90;128;3;8;11;8815;4795;260;130;558
FR;6;2022-04-26;101;128;18;2;16;8916;4923;278;132;574
FR;6;2022-04-27;197;159;21;1;27;9113;5082;299;133;601
FR;6;2022-04-28;109;87;7;1;8;9222;5169;306;134;609
FR;6;2022-04-29;189;168;16;2;20;9411;5337;322;136;629
FR;6;2022-04-30;131;125;7;1;24;9542;5462;329;137;653
FR;6;2022-05-01;7;6;0;0;0;9549;5468;329;137;653
FR;6;2022-05-02;94;65;3;4;3;9643;5533;332;141;656
FR;6;2022-05-03;136;92;11;2;7;9779;5625;343;143;663
FR;6;2022-05-04;165;118;25;12;29;9944;5743;368;155;692
FR;6;2022-05-05;101;70;8;3;12;10045;5813;376;158;704
FR;6;2022-05-06;150;110;10;9;16;10195;5923;386;167;720
FR;6;2022-05-07;138;93;13;3;23;10333;6016;399;170;743
FR;6;2022-05-08;20;8;6;5;7;10353;6024;405;175;750
FR;6;2022-05-09;83;73;9;7;13;10436;6097;414;182;763
FR;6;2022-05-10;111;80;15;7;12;10547;6177;429;189;775
FR;6;2022-05-11;130;120;11;14;20;10677;6297;440;203;795
FR;6;2022-05-12;105;75;6;5;13;10782;6372;446;208;808
FR;6;2022-05-13;154;95;17;21;20;10936;6467;463;229;828
FR;6;2022-05-14;81;59;6;7;15;11017;6526;469;236;843
FR;6;2022-05-15;12;7;0;0;0;11029;6533;469;236;843
FR;6;2022-05-16;64;53;6;2;11;11093;6586;475;238;854
FR;6;2022-05-17;123;76;5;7;11;11216;6662;480;245;865
FR;6;2022-05-18;130;116;5;1;13;11346;6778;485;246;878
FR;6;2022-05-19;123;57;6;8;9;11469;6835;491;254;887
FR;6;2022-05-20;125;113;13;3;18;11594;6948;504;257;905
FR;6;2022-05-21;90;67;14;3;12;11684;7015;518;260;917
FR;6;2022-05-22;19;12;5;0;4;11703;7027;523;260;921
FR;6;2022-05-23;72;72;3;2;6;11775;7099;526;262;927
FR;6;2022-05-24;115;98;7;2;16;11890;7197;533;264;943
FR;6;2022-05-25;139;126;6;3;12;12029;7323;539;267;955
FR;6;2022-05-26;6;4;0;0;2;12035;7327;539;267;957
FR;6;2022-05-27;126;104;15;11;18;12161;7431;554;278;975
FR;6;2022-05-28;47;71;1;5;8;12208;7502;555;283;983
FR;6;2022-05-29;8;10;0;0;1;12216;7512;555;283;984
FR;0;2020-12-27;602;0;0;0;0;602;0;0;0;0
FR;0;2020-12-28;666;1;0;0;0;1268;1;0;0;0
FR;0;2020-12-29;374;0;0;0;0;1642;1;0;0;0
FR;0;2020-12-30;439;0;0;0;0;2081;1;0;0;0
FR;0;2020-12-31;426;0;0;0;0;2507;1;0;0;0
FR;0;2021-01-01;1136;2;0;0;0;3643;3;0;0;0
FR;0;2021-01-02;356;3;0;0;0;3999;6;0;0;0
FR;0;2021-01-03;401;0;0;0;0;4400;6;0;0;0
FR;0;2021-01-04;2088;2;0;0;0;6488;8;0;0;0
FR;0;2021-01-05;7601;3;0;0;0;14089;11;0;0;0
FR;0;2021-01-06;12418;11;0;0;0;26507;22;0;0;0
FR;0;2021-01-07;29446;9;0;0;0;55953;31;0;0;0
FR;0;2021-01-08;37120;9;0;0;0;93073;40;0;0;0
FR;0;2021-01-09;11209;4;0;0;0;104282;44;0;0;0
FR;0;2021-01-10;5996;3;0;0;0;110278;47;0;0;0
FR;0;2021-01-11;39924;17;0;0;0;150202;64;0;0;0
FR;0;2021-01-12;62123;16;0;0;0;212325;80;0;0;0
FR;0;2021-01-13;65101;28;0;0;0;277426;108;0;0;0
FR;0;2021-01-14;83121;77;0;0;0;360547;185;0;0;0
FR;0;2021-01-15;68991;32;0;0;0;429538;217;0;0;0
FR;0;2021-01-16;20208;70;0;0;0;449746;287;0;0;0
FR;0;2021-01-17;10976;46;0;0;0;460722;333;0;0;0
FR;0;2021-01-18;85880;164;0;0;0;546602;497;0;0;0
FR;0;2021-01-19;130573;172;0;0;0;677175;669;0;0;0
FR;0;2021-01-20;137525;172;0;0;0;814700;841;0;0;0
FR;0;2021-01-21;158375;169;0;0;0;973075;1010;0;0;0
FR;0;2021-01-22;121039;203;0;0;0;1094114;1213;0;0;0
FR;0;2021-01-23;38466;63;0;0;0;1132580;1276;0;0;0
FR;0;2021-01-24;9740;71;0;0;0;1142320;1347;0;0;0
FR;0;2021-01-25;78221;1264;0;0;0;1220541;2611;0;0;0
FR;0;2021-01-26;100361;3286;1;0;0;1320902;5897;1;0;0
FR;0;2021-01-27;107223;5915;0;0;0;1428125;11812;1;0;0
FR;0;2021-01-28;124329;15002;0;0;0;1552454;26814;1;0;0
FR;0;2021-01-29;92170;17727;0;0;0;1644624;44541;1;0;0
FR;0;2021-01-30;29113;4312;0;0;0;1673737;48853;1;0;0
FR;0;2021-01-31;5225;1738;0;0;0;1678962;50591;1;0;0
FR;0;2021-02-01;53106;21524;0;0;0;1732068;72115;1;0;0
FR;0;2021-02-02;72277;35689;0;0;0;1804345;107804;1;0;0
FR;0;2021-02-03;72289;38019;0;0;0;1876634;145823;1;0;0
FR;0;2021-02-04;82049;51429;0;0;0;1958683;197252;1;0;0
FR;0;2021-02-05;68216;46153;0;0;0;2026899;243405;1;0;0
FR;0;2021-02-06;23109;10763;0;0;0;2050008;254168;1;0;0
FR;0;2021-02-07;5182;5316;0;0;0;2055190;259484;1;0;0
FR;0;2021-02-08;46816;46867;0;0;0;2102006;306351;1;0;0
FR;0;2021-02-09;65990;74418;0;0;0;2167996;380769;1;0;0
FR;0;2021-02-10;70985;79307;0;0;0;2238981;460076;1;0;0
FR;0;2021-02-11;87239;101164;0;0;0;2326220;561240;1;0;0
FR;0;2021-02-12;79289;74933;0;0;0;2405509;636173;1;0;0
FR;0;2021-02-13;22353;19468;0;0;0;2427862;655641;1;0;0
FR;0;2021-02-14;5071;7193;0;0;0;2432933;662834;1;0;0
FR;0;2021-02-15;38068;76614;0;0;0;2471001;739448;1;0;0
FR;0;2021-02-16;50364;100563;0;0;0;2521365;840011;1;0;0
FR;0;2021-02-17;50501;104606;1;0;0;2571866;944617;2;0;0
FR;0;2021-02-18;69757;120431;0;0;0;2641623;1065048;2;0;0
FR;0;2021-02-19;65048;91056;1;0;0;2706671;1156104;3;0;0
FR;0;2021-02-20;18574;28585;0;0;0;2725245;1184689;3;0;0
FR;0;2021-02-21;3314;6306;0;0;0;2728559;1190995;3;0;0
FR;0;2021-02-22;37477;73170;2;0;0;2766036;1264165;5;0;0
FR;0;2021-02-23;53760;84466;1;0;0;2819796;1348631;6;0;0
FR;0;2021-02-24;59981;81750;1;0;0;2879777;1430381;7;0;0
FR;0;2021-02-25;100543;91445;1;0;0;2980320;1521826;8;0;0
FR;0;2021-02-26;113432;70723;1;0;0;3093752;1592549;9;0;0
FR;0;2021-02-27;52091;22144;0;0;0;3145843;1614693;9;0;0
FR;0;2021-02-28;6191;4283;1;0;0;3152034;1618976;10;0;0
FR;0;2021-03-01;65832;53292;1;0;0;3217866;1672268;11;0;0
FR;0;2021-03-02;101346;66596;2;0;0;3319212;1738864;13;0;0
FR;0;2021-03-03;116466;65508;0;0;0;3435678;1804372;13;0;0
FR;0;2021-03-04;163584;70250;3;0;0;3599262;1874622;16;0;0
FR;0;2021-03-05;200883;63118;3;0;0;3800145;1937740;19;0;0
FR;0;2021-03-06;207925;17705;3;0;0;4008070;1955445;22;0;0
FR;0;2021-03-07;121250;4985;1;0;0;4129320;1960430;23;0;0
FR;0;2021-03-08;107112;50368;2;0;0;4236432;2010798;25;0;0
FR;0;2021-03-09;172411;56515;2;0;0;4408843;2067313;27;0;0
FR;0;2021-03-10;178937;57128;5;0;0;4587780;2124441;32;0;0
FR;0;2021-03-11;242828;63468;2;0;0;4830608;2187909;34;0;0
FR;0;2021-03-12;294775;53359;1;0;0;5125383;2241268;35;0;0
FR;0;2021-03-13;231370;15336;1;0;0;5356753;2256604;36;0;0
FR;0;2021-03-14;63336;3282;1;0;0;5420089;2259886;37;0;0
FR;0;2021-03-15;158601;32156;3;0;0;5578690;2292042;40;0;0
FR;0;2021-03-16;141539;39124;6;0;0;5720229;2331166;46;0;0
FR;0;2021-03-17;150447;38184;4;0;0;5870676;2369350;50;0;0
FR;0;2021-03-18;167782;44560;5;0;0;6038458;2413910;55;0;0
FR;0;2021-03-19;229964;37156;2;0;0;6268422;2451066;57;0;0
FR;0;2021-03-20;166642;11574;1;0;0;6435064;2462640;58;0;0
FR;0;2021-03-21;49920;2504;1;0;0;6484984;2465144;59;0;0
FR;0;2021-03-22;169997;33971;2;0;0;6654981;2499115;61;0;0
FR;0;2021-03-23;250328;42364;1;0;0;6905309;2541479;62;0;0
FR;0;2021-03-24;256851;43702;0;0;0;7162160;2585181;62;0;0
FR;0;2021-03-25;341751;44879;5;0;0;7503911;2630060;67;0;0
FR;0;2021-03-26;358749;41894;4;1;0;7862660;2671954;71;1;0
FR;0;2021-03-27;195240;16717;1;0;0;8057900;2688671;72;1;0
FR;0;2021-03-28;59322;4012;3;0;0;8117222;2692683;75;1;0
FR;0;2021-03-29;202932;54018;4;0;0;8320154;2746701;79;1;0
FR;0;2021-03-30;285407;69643;4;0;0;8605561;2816344;83;1;0
FR;0;2021-03-31;262962;73250;4;0;0;8868523;2889594;87;1;0
FR;0;2021-04-01;315385;89257;12;0;0;9183908;2978851;99;1;0
FR;0;2021-04-02;281280;92761;7;0;0;9465188;3071612;106;1;0
FR;0;2021-04-03;141049;61937;5;0;0;9606237;3133549;111;1;0
FR;0;2021-04-04;46456;18734;2;0;0;9652693;3152283;113;1;0
FR;0;2021-04-05;63306;10802;11;0;0;9715999;3163085;124;1;0
FR;0;2021-04-06;217144;109282;17;0;0;9933143;3272367;141;1;0
FR;0;2021-04-07;260188;115425;17;0;0;10193331;3387792;158;1;0
FR;0;2021-04-08;337734;121719;14;0;0;10531065;3509511;172;1;0
FR;0;2021-04-09;410081;116322;49;0;0;10941146;3625833;221;1;0
FR;0;2021-04-10;212582;82623;15;0;0;11153728;3708456;236;1;0
FR;0;2021-04-11;56123;34436;7;0;0;11209851;3742892;243;1;0
FR;0;2021-04-12;237004;115228;45;0;0;11446855;3858120;288;1;0
FR;0;2021-04-13;309416;144506;98;1;0;11756271;4002626;386;2;0
FR;0;2021-04-14;294436;139311;213;0;0;12050707;4141937;599;2;0
FR;0;2021-04-15;337009;148412;338;0;0;12387716;4290349;937;2;0
FR;0;2021-04-16;339224;145892;352;0;0;12726940;4436241;1289;2;0
FR;0;2021-04-17;188623;90026;109;0;0;12915563;4526267;1398;2;0
FR;0;2021-04-18;51603;35360;47;0;0;12967166;4561627;1445;2;0
FR;0;2021-04-19;205640;138213;454;0;0;13172806;4699840;1899;2;0
FR;0;2021-04-20;254346;170830;568;0;0;13427152;4870670;2467;2;0
FR;0;2021-04-21;253179;169078;834;0;0;13680331;5039748;3301;2;0
FR;0;2021-04-22;287491;188716;818;0;0;13967822;5228464;4119;2;0
FR;0;2021-04-23;297928;183412;747;0;0;14265750;5411876;4866;2;0
FR;0;2021-04-24;190409;111551;252;0;0;14456159;5523427;5118;2;0
FR;0;2021-04-25;69539;38774;51;0;0;14525698;5562201;5169;2;0
FR;0;2021-04-26;220892;156250;560;0;0;14746590;5718451;5729;2;0
FR;0;2021-04-27;284547;187340;940;0;0;15031137;5905791;6669;2;0
FR;0;2021-04-28;299443;183222;1422;1;1;15330580;6089013;8091;3;1
FR;0;2021-04-29;357057;196488;1276;0;0;15687637;6285501;9367;3;1
FR;0;2021-04-30;372136;184797;1119;1;0;16059773;6470298;10486;4;1
FR;0;2021-05-01;167599;52485;178;0;0;16227372;6522783;10664;4;1
FR;0;2021-05-02;91707;37751;83;0;0;16319079;6560534;10747;4;1
FR;0;2021-05-03;288853;168399;839;0;0;16607932;6728933;11586;4;1
FR;0;2021-05-04;315594;224331;1230;0;0;16923526;6953264;12816;4;1
FR;0;2021-05-05;327100;224752;1312;0;0;17250626;7178016;14128;4;1
FR;0;2021-05-06;379422;239370;1629;0;0;17630048;7417386;15757;4;1
FR;0;2021-05-07;372678;257309;1222;0;0;18002726;7674695;16979;4;1
FR;0;2021-05-08;222134;67400;298;0;0;18224860;7742095;17277;4;1
FR;0;2021-05-09;129684;46375;243;0;0;18354544;7788470;17520;4;1
FR;0;2021-05-10;313297;228723;1233;0;0;18667841;8017193;18753;4;1
FR;0;2021-05-11;403815;257812;1563;0;0;19071656;8275005;20316;4;1
FR;0;2021-05-12;434031;233069;1542;0;0;19505687;8508074;21858;4;1
FR;0;2021-05-13;338550;56924;430;0;0;19844237;8564998;22288;4;1
FR;0;2021-05-14;454054;167237;1122;0;0;20298291;8732235;23410;4;1
FR;0;2021-05-15;374924;94030;442;0;0;20673215;8826265;23852;4;1
FR;0;2021-05-16;202723;20776;168;0;0;20875938;8847041;24020;4;1
FR;0;2021-05-17;376065;148809;1550;0;0;21252003;8995850;25570;4;1
FR;0;2021-05-18;460062;153103;1986;0;0;21712065;9148953;27556;4;1
FR;0;2021-05-19;467321;144706;2455;0;0;22179386;9293659;30011;4;1
FR;0;2021-05-20;507458;160177;2332;0;0;22686844;9453836;32343;4;1
FR;0;2021-05-21;489598;174396;1988;0;0;23176442;9628232;34331;4;1
FR;0;2021-05-22;347140;79853;668;0;0;23523582;9708085;34999;4;1
FR;0;2021-05-23;161659;14393;246;0;0;23685241;9722478;35245;4;1
FR;0;2021-05-24;263145;33169;600;0;0;23948386;9755647;35845;4;1
FR;0;2021-05-25;400192;189111;2349;1;0;24348578;9944758;38194;5;1
FR;0;2021-05-26;413389;188434;2217;0;0;24761967;10133192;40411;5;1
FR;0;2021-05-27;449737;218557;2159;0;0;25211704;10351749;42570;5;1
FR;0;2021-05-28;429482;259425;1891;0;0;25641186;10611174;44461;5;1
FR;0;2021-05-29;298945;149354;583;0;0;25940131;10760528;45044;5;1
FR;0;2021-05-30;107097;32576;163;0;0;26047228;10793104;45207;5;1
FR;0;2021-05-31;357923;203351;1465;1;1;26405151;10996455;46672;6;2
FR;0;2021-06-01;430842;251221;1959;1;1;26835993;11247676;48631;7;3
FR;0;2021-06-02;419434;230811;1978;0;0;27255427;11478487;50609;7;3
FR;0;2021-06-03;464665;258401;1819;0;0;27720092;11736888;52428;7;3
FR;0;2021-06-04;455694;304680;1729;1;1;28175786;12041568;54157;8;4
FR;0;2021-06-05;304748;188953;651;0;0;28480534;12230521;54808;8;4
FR;0;2021-06-06;133238;49132;226;0;0;28613772;12279653;55034;8;4
FR;0;2021-06-07;339071;261913;1519;0;0;28952843;12541566;56553;8;4
FR;0;2021-06-08;393565;290941;1797;0;0;29346408;12832507;58350;8;4
FR;0;2021-06-09;384670;275440;1727;0;0;29731078;13107947;60077;8;4
FR;0;2021-06-10;403965;288886;1720;1;0;30135043;13396833;61797;9;4
FR;0;2021-06-11;386465;357214;1460;0;0;30521508;13754047;63257;9;4
FR;0;2021-06-12;283204;211283;490;0;0;30804712;13965330;63747;9;4
FR;0;2021-06-13;104829;73991;204;0;0;30909541;14039321;63951;9;4
FR;0;2021-06-14;240649;355535;1425;1;0;31150190;14394856;65376;10;4
FR;0;2021-06-15;307987;385572;1565;1;0;31458177;14780428;66941;11;4
FR;0;2021-06-16;313841;357743;1415;1;0;31772018;15138171;68356;12;4
FR;0;2021-06-17;317559;372442;1422;1;0;32089577;15510613;69778;13;4
FR;0;2021-06-18;321555;442439;1332;1;0;32411132;15953052;71110;14;4
FR;0;2021-06-19;224305;273787;448;0;0;32635437;16226839;71558;14;4
FR;0;2021-06-20;74371;102593;127;0;0;32709808;16329432;71685;14;4
FR;0;2021-06-21;195568;401911;1032;1;1;32905376;16731343;72717;15;5
FR;0;2021-06-22;223007;467367;1260;10;2;33128383;17198710;73977;25;7
FR;0;2021-06-23;233866;439883;1196;1;1;33362249;17638593;75173;26;8
FR;0;2021-06-24;241731;409576;1348;0;0;33603980;18048169;76521;26;8
FR;0;2021-06-25;227467;522242;1398;0;0;33831447;18570411;77919;26;8
FR;0;2021-06-26;153192;370710;585;1;0;33984639;18941121;78504;27;8
FR;0;2021-06-27;55862;156219;168;1;0;34040501;19097340;78672;28;8
FR;0;2021-06-28;154617;452911;1167;0;0;34195118;19550251;79839;28;8
FR;0;2021-06-29;182544;506799;2124;0;0;34377662;20057050;81963;28;8
FR;0;2021-06-30;203838;482585;2010;21;2;34581500;20539635;83973;49;10
FR;0;2021-07-01;231108;457796;2221;5;1;34812608;20997431;86194;54;11
FR;0;2021-07-02;228330;520221;2119;5;3;35040938;21517652;88313;59;14
FR;0;2021-07-03;141936;368735;909;3;1;35182874;21886387;89222;62;15
FR;0;2021-07-04;56694;141255;265;0;0;35239568;22027642;89487;62;15
FR;0;2021-07-05;168228;419302;1668;8;2;35407796;22446944;91155;70;17
FR;0;2021-07-06;196560;474797;1828;45;8;35604356;22921741;92983;115;25
FR;0;2021-07-07;212953;439305;1876;24;5;35817309;23361046;94859;139;30
FR;0;2021-07-08;231441;424177;2088;20;7;36048750;23785223;96947;159;37
FR;0;2021-07-09;228344;510779;2182;4;2;36277094;24296002;99129;163;39
FR;0;2021-07-10;148532;339886;982;1;1;36425626;24635888;100111;164;40
FR;0;2021-07-11;60142;110147;282;0;0;36485768;24746035;100393;164;40
FR;0;2021-07-12;168959;478201;1757;4;0;36654727;25224236;102150;168;40
FR;0;2021-07-13;287069;527469;2045;8;2;36941796;25751705;104195;176;42
FR;0;2021-07-14;180896;157734;434;0;0;37122692;25909439;104629;176;42
FR;0;2021-07-15;346876;502488;2097;1;0;37469568;26411927;106726;177;42
FR;0;2021-07-16;379904;495962;2021;3;1;37849472;26907889;108747;180;43
FR;0;2021-07-17;259653;319812;876;1;0;38109125;27227701;109623;181;43
FR;0;2021-07-18;109668;114794;310;0;0;38218793;27342495;109933;181;43
FR;0;2021-07-19;285313;425046;1627;3;0;38504106;27767541;111560;184;43
FR;0;2021-07-20;376727;452449;1722;0;0;38880833;28219990;113282;184;43
FR;0;2021-07-21;395631;407915;1549;4;2;39276464;28627905;114831;188;45
FR;0;2021-07-22;440879;388123;1715;4;2;39717343;29016028;116546;192;47
FR;0;2021-07-23;439928;423187;1880;4;2;40157271;29439215;118426;196;49
FR;0;2021-07-24;285181;269620;803;1;0;40442452;29708835;119229;197;49
FR;0;2021-07-25;121053;80054;226;0;0;40563505;29788889;119455;197;49
FR;0;2021-07-26;347272;323220;1615;3;2;40910777;30112109;121070;200;51
FR;0;2021-07-27;463893;320288;1696;4;2;41374670;30432397;122766;204;53
FR;0;2021-07-28;459304;290024;1634;4;2;41833974;30722421;124400;208;55
FR;0;2021-07-29;489682;276925;1794;2;1;42323656;30999346;126194;210;56
FR;0;2021-07-30;461637;302879;1936;5;2;42785293;31302225;128130;215;58
FR;0;2021-07-31;285340;185070;914;1;0;43070633;31487295;129044;216;58
FR;0;2021-08-01;111938;49999;253;0;0;43182571;31537294;129297;216;58
FR;0;2021-08-02;341213;234600;1598;2;0;43523784;31771894;130895;218;58
FR;0;2021-08-03;398417;245109;1718;2;1;43922201;32017003;132613;220;59
FR;0;2021-08-04;384641;210121;1590;6;3;44306842;32227124;134203;226;62
FR;0;2021-08-05;365980;228911;1709;0;0;44672822;32456035;135912;226;62
FR;0;2021-08-06;359567;271724;1833;4;1;45032389;32727759;137745;230;63
FR;0;2021-08-07;213035;178381;755;4;3;45245424;32906140;138500;234;66
FR;0;2021-08-08;74133;63246;270;0;0;45319557;32969386;138770;234;66
FR;0;2021-08-09;258577;259532;1540;4;3;45578134;33228918;140310;238;69
FR;0;2021-08-10;306606;278040;1655;2;1;45884740;33506958;141965;240;70
FR;0;2021-08-11;279534;260298;1440;5;1;46164274;33767256;143405;245;71
FR;0;2021-08-12;271379;278618;1659;3;1;46435653;34045874;145064;248;72
FR;0;2021-08-13;252036;277912;1590;3;2;46687689;34323786;146654;251;74
FR;0;2021-08-14;145279;197341;739;0;0;46832968;34521127;147393;251;74
FR;0;2021-08-15;39306;50111;215;1;0;46872274;34571238;147608;252;74
FR;0;2021-08-16;186044;318146;1539;0;0;47058318;34889384;149147;252;74
FR;0;2021-08-17;215561;336574;1634;7;1;47273879;35225958;150781;259;75
FR;0;2021-08-18;198930;324765;1594;7;4;47472809;35550723;152375;266;79
FR;0;2021-08-19;191892;325747;1634;1;0;47664701;35876470;154009;267;79
FR;0;2021-08-20;186357;366343;1810;3;2;47851058;36242813;155819;270;81
FR;0;2021-08-21;104755;238170;704;0;0;47955813;36480983;156523;270;81
FR;0;2021-08-22;31889;87202;253;1;1;47987702;36568185;156776;271;82
FR;0;2021-08-23;140891;357280;1559;3;1;48128593;36925465;158335;274;83
FR;0;2021-08-24;162405;376900;1847;5;1;48290998;37302365;160182;279;84
FR;0;2021-08-25;151062;350886;2028;8;3;48442060;37653251;162210;287;87
FR;0;2021-08-26;142740;342877;2555;10;1;48584800;37996128;164765;297;88
FR;0;2021-08-27;148363;388181;2789;11;3;48733163;38384309;167554;308;91
FR;0;2021-08-28;90607;249580;1405;0;0;48823770;38633889;168959;308;91
FR;0;2021-08-29;27304;83329;516;1;0;48851074;38717218;169475;309;91
FR;0;2021-08-30;117320;324888;4706;6;6026;48968394;39042106;174181;315;6117
FR;0;2021-08-31;128716;334670;10177;19;11876;49097110;39376776;184358;334;17993
FR;0;2021-09-01;135778;285697;22416;7;24307;49232888;39662473;206774;341;42300
FR;0;2021-09-02;112610;247285;26512;13;28871;49345498;39909758;233286;354;71171
FR;0;2021-09-03;118201;292714;29951;23;32957;49463699;40202472;263237;377;104128
FR;0;2021-09-04;89802;217738;12583;12;14074;49553501;40420210;275820;389;118202
FR;0;2021-09-05;21338;44867;4391;2;4730;49574839;40465077;280211;391;122932
FR;0;2021-09-06;75327;180814;31945;16;34240;49650166;40645891;312156;407;157172
FR;0;2021-09-07;80107;181262;33235;40;36102;49730273;40827153;345391;447;193274
FR;0;2021-09-08;89835;206213;29653;27;32454;49820108;41033366;375044;474;225728
FR;0;2021-09-09;76683;165425;33042;26;36527;49896791;41198791;408086;500;262255
FR;0;2021-09-10;95601;203693;35718;26;40522;49992392;41402484;443804;526;302777
FR;0;2021-09-11;66762;169224;12134;19;14311;50059154;41571708;455938;545;317088
FR;0;2021-09-12;12793;32083;2766;1;3159;50071947;41603791;458704;546;320247
FR;0;2021-09-13;64372;126390;41205;32;44052;50136319;41730181;499909;578;364299
FR;0;2021-09-14;73324;129128;56346;78;62035;50209643;41859309;556255;656;426334
FR;0;2021-09-15;76406;167871;55628;58;54775;50286049;42027180;611883;714;481109
FR;0;2021-09-16;63758;114547;60027;85;60015;50349807;42141727;671910;799;541124
FR;0;2021-09-17;74969;156850;53828;70;57235;50424776;42298577;725738;869;598359
FR;0;2021-09-18;48191;139593;15596;25;17284;50472967;42438170;741334;894;615643
FR;0;2021-09-19;7866;23717;2434;1;2619;50480833;42461887;743768;895;618262
FR;0;2021-09-20;44445;93927;50025;73;50252;50525278;42555814;793793;968;668514
FR;0;2021-09-21;45809;98437;62729;76;63369;50571087;42654251;856522;1044;731883
FR;0;2021-09-22;48585;142310;55331;83;55349;50619672;42796561;911853;1127;787232
FR;0;2021-09-23;43164;92002;62351;94;63472;50662836;42888563;974204;1221;850704
FR;0;2021-09-24;52215;133291;54528;109;59089;50715051;43021854;1028732;1330;909793
FR;0;2021-09-25;35193;115508;16263;37;18254;50750244;43137362;1044995;1367;928047
FR;0;2021-09-26;5523;17816;2265;5;2329;50755767;43155178;1047260;1372;930376
FR;0;2021-09-27;33922;76982;47173;97;48126;50789689;43232160;1094433;1469;978502
FR;0;2021-09-28;36446;75264;54930;88;56464;50826135;43307424;1149363;1557;1034966
FR;0;2021-09-29;44315;100841;53321;112;54809;50870450;43408265;1202684;1669;1089775
FR;0;2021-09-30;36271;72812;57001;95;59475;50906721;43481077;1259685;1764;1149250
FR;0;2021-10-01;61523;100862;57776;108;63685;50968244;43581939;1317461;1872;1212935
FR;0;2021-10-02;39415;78335;20951;38;23317;51007659;43660274;1338412;1910;1236252
FR;0;2021-10-03;5261;10535;2524;4;2540;51012920;43670809;1340936;1914;1238792
FR;0;2021-10-04;34966;58529;52609;84;54778;51047886;43729338;1393545;1998;1293570
FR;0;2021-10-05;33571;64338;60962;135;64921;51081457;43793676;1454507;2133;1358491
FR;0;2021-10-06;42438;79258;65688;113;68224;51123895;43872934;1520195;2246;1426715
FR;0;2021-10-07;30403;62153;65376;90;68662;51154298;43935087;1585571;2336;1495377
FR;0;2021-10-08;48746;91814;77718;110;84622;51203044;44026901;1663289;2446;1579999
FR;0;2021-10-09;33623;60872;31522;36;33855;51236667;44087773;1694811;2482;1613854
FR;0;2021-10-10;4625;7439;3186;9;3483;51241292;44095212;1697997;2491;1617337
FR;0;2021-10-11;30561;49900;61018;105;64019;51271853;44145112;1759015;2596;1681356
FR;0;2021-10-12;31365;54454;70563;139;75828;51303218;44199566;1829578;2735;1757184
FR;0;2021-10-13;39988;62781;74396;135;79247;51343206;44262347;1903974;2870;1836431
FR;0;2021-10-14;30234;52884;68721;116;73757;51373440;44315231;1972695;2986;1910188
FR;0;2021-10-15;44740;75262;93212;191;102893;51418180;44390493;2065907;3177;2013081
FR;0;2021-10-16;31270;44076;36681;44;39607;51449450;44434569;2102588;3221;2052688
FR;0;2021-10-17;3827;5275;3591;2;3692;51453277;44439844;2106179;3223;2056380
FR;0;2021-10-18;28342;42469;67468;133;71331;51481619;44482313;2173647;3356;2127711
FR;0;2021-10-19;27055;44601;76378;141;81603;51508674;44526914;2250025;3497;2209314
FR;0;2021-10-20;35205;52444;96905;180;101462;51543879;44579358;2346930;3677;2310776
FR;0;2021-10-21;25956;45212;83915;112;89107;51569835;44624570;2430845;3789;2399883
FR;0;2021-10-22;38206;62357;104864;200;112481;51608041;44686927;2535709;3989;2512364
FR;0;2021-10-23;26971;41226;45436;57;48597;51635012;44728153;2581145;4046;2560961
FR;0;2021-10-24;2912;4802;3679;6;3937;51637924;44732955;2584824;4052;2564898
FR;0;2021-10-25;25980;36350;82304;144;86598;51663904;44769305;2667128;4196;2651496
FR;0;2021-10-26;23685;35090;87205;166;92312;51687589;44804395;2754333;4362;2743808
FR;0;2021-10-27;30007;46416;108962;257;114612;51717596;44850811;2863295;4619;2858420
FR;0;2021-10-28;23384;34896;88657;153;94388;51740980;44885707;2951952;4772;2952808
FR;0;2021-10-29;31508;51391;117281;204;125247;51772488;44937098;3069233;4976;3078055
FR;0;2021-10-30;20524;33108;50323;77;53352;51793012;44970206;3119556;5053;3131407
FR;0;2021-10-31;2479;3759;3584;3;3868;51795491;44973965;3123140;5056;3135275
FR;0;2021-11-01;8205;4803;3202;3;3555;51803696;44978768;3126342;5059;3138830
FR;0;2021-11-02;25292;40090;93532;157;99468;51828988;45018858;3219874;5216;3238298
FR;0;2021-11-03;29764;47912;118841;218;125790;51858752;45066770;3338715;5434;3364088
FR;0;2021-11-04;23665;37492;107497;217;114320;51882417;45104262;3446212;5651;3478408
FR;0;2021-11-05;32271;52915;141588;233;151254;51914688;45157177;3587800;5884;3629662
FR;0;2021-11-06;21482;34560;64843;123;68228;51936170;45191737;3652643;6007;3697890
FR;0;2021-11-07;2379;4237;5175;6;5585;51938549;45195974;3657818;6013;3703475
FR;0;2021-11-08;20418;37817;127113;227;134153;51958967;45233791;3784931;6240;3837628
FR;0;2021-11-09;22138;44827;161613;341;172107;51981105;45278618;3946544;6581;4009735
FR;0;2021-11-10;31385;55090;186926;446;198674;52012490;45333708;4133470;7027;4208409
FR;0;2021-11-11;4311;6739;12928;28;13927;52016801;45340447;4146398;7055;4222336
FR;0;2021-11-12;28990;55155;183708;251;197255;52045791;45395602;4330106;7306;4419591
FR;0;2021-11-13;20303;32717;80675;118;86287;52066094;45428319;4410781;7424;4505878
FR;0;2021-11-14;2333;3944;7163;6;7875;52068427;45432263;4417944;7430;4513753
FR;0;2021-11-15;20305;38790;160782;312;171449;52088732;45471053;4578726;7742;4685202
FR;0;2021-11-16;23356;44046;200306;391;214872;52112088;45515099;4779032;8133;4900074
FR;0;2021-11-17;30354;50476;199773;407;212780;52142442;45565575;4978805;8540;5112854
FR;0;2021-11-18;23349;45019;191573;468;205396;52165791;45610594;5170378;9008;5318250
FR;0;2021-11-19;33556;61419;243120;548;262060;52199347;45672013;5413498;9556;5580310
FR;0;2021-11-20;25327;36783;102116;206;109666;52224674;45708796;5515614;9762;5689976
FR;0;2021-11-21;2623;4567;9641;18;10643;52227297;45713363;5525255;9780;5700619
FR;0;2021-11-22;22739;33366;180281;470;194755;52250036;45746729;5705536;10250;5895374
FR;0;2021-11-23;25563;45737;229293;548;247718;52275599;45792466;5934829;10798;6143092
FR;0;2021-11-24;31764;53812;224733;717;243124;52307363;45846278;6159562;11515;6386216
FR;0;2021-11-25;25387;49136;255821;740;277569;52332750;45895414;6415383;12255;6663785
FR;0;2021-11-26;33205;74736;379371;863;414503;52365955;45970150;6794754;13118;7078288
FR;0;2021-11-27;23315;49690;214838;389;236559;52389270;46019840;7009592;13507;7314847
FR;0;2021-11-28;3479;10592;56726;66;63333;52392749;46030432;7066318;13573;7378180
FR;0;2021-11-29;19385;54267;341370;863;371546;52412134;46084699;7407688;14436;7749726
FR;0;2021-11-30;24728;72173;457284;985;500634;52436862;46156872;7864972;15421;8250360
FR;0;2021-12-01;26906;75995;468973;1159;511182;52463768;46232867;8333945;16580;8761542
FR;0;2021-12-02;21980;71802;526975;1279;574692;52485748;46304669;8860920;17859;9336234
FR;0;2021-12-03;25478;92526;596236;1419;650968;52511226;46397195;9457156;19278;9987202
FR;0;2021-12-04;18290;60544;336158;690;369693;52529516;46457739;9793314;19968;10356895
FR;0;2021-12-05;4142;16267;95753;157;107051;52533658;46474006;9889067;20125;10463946
FR;0;2021-12-06;23184;73218;493016;1174;539810;52556842;46547224;10382083;21299;11003756
FR;0;2021-12-07;23314;91791;645237;1769;706149;52580156;46639015;11027320;23068;11709905
FR;0;2021-12-08;25347;92468;591425;1873;647342;52605503;46731483;11618745;24941;12357247
FR;0;2021-12-09;23997;94362;662925;2179;726172;52629500;46825845;12281670;27120;13083419
FR;0;2021-12-10;27720;111127;735914;2076;805968;52657220;46936972;13017584;29196;13889387
FR;0;2021-12-11;20226;76057;435114;986;480319;52677446;47013029;13452698;30182;14369706
FR;0;2021-12-12;5624;23286;142266;262;159228;52683070;47036315;13594964;30444;14528934
FR;0;2021-12-13;21065;91327;587507;1698;649184;52704135;47127642;14182471;32142;15178118
FR;0;2021-12-14;27582;118688;765361;2649;847359;52731717;47246330;14947832;34791;16025477
FR;0;2021-12-15;28215;114586;694167;2262;768912;52759932;47360916;15641999;37053;16794389
FR;0;2021-12-16;27941;116095;763857;2555;844258;52787873;47477011;16405856;39608;17638647
FR;0;2021-12-17;31549;128820;807716;2708;891982;52819422;47605831;17213572;42316;18530629
FR;0;2021-12-18;24914;81754;469902;1178;522148;52844336;47687585;17683474;43494;19052777
FR;0;2021-12-19;8742;28846;169350;377;191142;52853078;47716431;17852824;43871;19243919
FR;0;2021-12-20;31596;97578;591321;1787;658608;52884674;47814009;18444145;45658;19902527
FR;0;2021-12-21;39219;112419;682287;2391;759458;52923893;47926428;19126432;48049;20661985
FR;0;2021-12-22;39468;99676;575641;2167;642028;52963361;48026104;19702073;50216;21304013
FR;0;2021-12-23;33744;79771;440886;1654;494317;52997105;48105875;20142959;51870;21798330
FR;0;2021-12-24;10664;26068;110976;396;126641;53007769;48131943;20253935;52266;21924971
FR;0;2021-12-25;768;3497;7571;25;9028;53008537;48135440;20261506;52291;21933999
FR;0;2021-12-26;4697;11918;52075;141;60133;53013234;48147358;20313581;52432;21994132
FR;0;2021-12-27;30396;84122;453441;1366;509092;53043630;48231480;20767022;53798;22503224
FR;0;2021-12-28;38317;99116;564064;1767;632169;53081947;48330596;21331086;55565;23135393
FR;0;2021-12-29;39843;88477;501106;1686;560921;53121790;48419073;21832192;57251;23696314
FR;0;2021-12-30;35888;75135;420955;1520;471095;53157678;48494208;22253147;58771;24167409
FR;0;2021-12-31;12035;25195;116835;406;131615;53169713;48519403;22369982;59177;24299024
FR;0;2022-01-01;1363;3205;8499;36;9930;53171076;48522608;22378481;59213;24308954
FR;0;2022-01-02;6077;13010;58392;125;66935;53177153;48535618;22436873;59338;24375889
FR;0;2022-01-03;32785;89930;494680;1593;551486;53209938;48625548;22931553;60931;24927375
FR;0;2022-01-04;40956;110911;641263;2302;714213;53250894;48736459;23572816;63233;25641588
FR;0;2022-01-05;60372;103385;569041;1984;634060;53311266;48839844;24141857;65217;26275648
FR;0;2022-01-06;43968;110177;638876;2694;711315;53355234;48950021;24780733;67911;26986963
FR;0;2022-01-07;50576;123097;710903;2806;790331;53405810;49073118;25491636;70717;27777294
FR;0;2022-01-08;44950;80338;423774;1210;472848;53450760;49153456;25915410;71927;28250142
FR;0;2022-01-09;15595;26708;128547;300;145698;53466355;49180164;26043957;72227;28395840
FR;0;2022-01-10;35042;88706;469191;1810;522198;53501397;49268870;26513148;74037;28918038
FR;0;2022-01-11;41652;100257;548129;2307;608387;53543049;49369127;27061277;76344;29526425
FR;0;2022-01-12;60174;95563;452554;1965;504229;53603223;49464690;27513831;78309;30030654
FR;0;2022-01-13;37919;92374;487235;2084;540948;53641142;49557064;28001066;80393;30571602
FR;0;2022-01-14;42392;103283;568481;2286;628954;53683534;49660347;28569547;82679;31200556
FR;0;2022-01-15;39305;65855;340084;985;377544;53722839;49726202;28909631;83664;31578100
FR;0;2022-01-16;11382;19308;87381;215;99446;53734221;49745510;28997012;83879;31677546
FR;0;2022-01-17;24602;60103;320205;1380;354122;53758823;49805613;29317217;85259;32031668
FR;0;2022-01-18;28105;68568;360997;1799;397505;53786928;49874181;29678214;87058;32429173
FR;0;2022-01-19;43052;67080;281208;1448;311052;53829980;49941261;29959422;88506;32740225
FR;0;2022-01-20;23422;59464;298895;1740;328412;53853402;50000725;30258317;90246;33068637
FR;0;2022-01-21;27999;68770;366277;2085;401125;53881401;50069495;30624594;92331;33469762
FR;0;2022-01-22;27607;47904;218758;838;241741;53909008;50117399;30843352;93169;33711503
FR;0;2022-01-23;6702;13036;48647;171;55178;53915710;50130435;30891999;93340;33766681
FR;0;2022-01-24;16196;47205;217241;1136;239313;53931906;50177640;31109240;94476;34005994
FR;0;2022-01-25;18906;54236;242976;1548;267034;53950812;50231876;31352216;96024;34273028
FR;0;2022-01-26;28111;60183;209211;1296;229345;53978923;50292059;31561427;97320;34502373
FR;0;2022-01-27;16277;45999;207574;1270;225817;53995200;50338058;31769001;98590;34728190
FR;0;2022-01-28;21498;75749;289980;1574;321445;54016698;50413807;32058981;100164;35049635
FR;0;2022-01-29;18402;52842;184084;686;204571;54035100;50466649;32243065;100850;35254206
FR;0;2022-01-30;4463;14546;39123;124;45089;54039563;50481195;32282188;100974;35299295
FR;0;2022-01-31;11222;43838;148146;738;164781;54050785;50525033;32430334;101712;35464076
FR;0;2022-02-01;12814;48149;174058;1141;191362;54063599;50573182;32604392;102853;35655438
FR;0;2022-02-02;20071;65932;171456;1033;190117;54083670;50639114;32775848;103886;35845555
FR;0;2022-02-03;10980;44165;157480;984;173292;54094650;50683279;32933328;104870;36018847
FR;0;2022-02-04;14494;66449;239173;1262;264168;54109144;50749728;33172501;106132;36283015
FR;0;2022-02-05;12781;51441;153514;522;172338;54121925;50801169;33326015;106654;36455353
FR;0;2022-02-06;2705;12241;28871;100;33827;54124630;50813410;33354886;106754;36489180
FR;0;2022-02-07;9375;46662;156816;586;176314;54134005;50860072;33511702;107340;36665494
FR;0;2022-02-08;9597;42673;166557;868;184323;54143602;50902745;33678259;108208;36849817
FR;0;2022-02-09;14169;57865;172289;868;192961;54157771;50960610;33850548;109076;37042778
FR;0;2022-02-10;8269;38384;150150;878;166584;54166040;50998994;34000698;109954;37209362
FR;0;2022-02-11;10759;55449;218440;1097;243008;54176799;51054443;34219138;111051;37452370
FR;0;2022-02-12;8349;40875;134690;461;151704;54185148;51095318;34353828;111512;37604074
FR;0;2022-02-13;1895;8578;26547;85;30903;54187043;51103896;34380375;111597;37634977
FR;0;2022-02-14;6907;35100;148313;477;166307;54193950;51138996;34528688;112074;37801284
FR;0;2022-02-15;6854;35450;146901;750;162443;54200804;51174446;34675589;112824;37963727
FR;0;2022-02-16;9291;42618;132473;719;146656;54210095;51217064;34808062;113543;38110383
FR;0;2022-02-17;5374;23735;87247;584;94766;54215469;51240799;34895309;114127;38205149
FR;0;2022-02-18;6878;33237;119600;802;129251;54222347;51274036;35014909;114929;38334400
FR;0;2022-02-19;5349;24444;70003;370;77302;54227696;51298480;35084912;115299;38411702
FR;0;2022-02-20;1138;4618;12152;38;13926;54228834;51303098;35097064;115337;38425628
FR;0;2022-02-21;4022;17760;61913;351;67137;54232856;51320858;35158977;115688;38492765
FR;0;2022-02-22;4373;18478;60782;575;64410;54237229;51339336;35219759;116263;38557175
FR;0;2022-02-23;6512;27145;66460;591;71860;54243741;51366481;35286219;116854;38629035
FR;0;2022-02-24;3744;15162;50373;518;53185;54247485;51381643;35336592;117372;38682220
FR;0;2022-02-25;5201;23545;76278;803;80001;54252686;51405188;35412870;118175;38762221
FR;0;2022-02-26;3970;17644;47389;357;51454;54256656;51422832;35460259;118532;38813675
FR;0;2022-02-27;870;2986;8022;47;8933;54257526;51425818;35468281;118579;38822608
FR;0;2022-02-28;3069;12245;40449;354;42880;54260595;51438063;35508730;118933;38865488
FR;0;2022-03-01;3135;12235;44127;433;44764;54263730;51450298;35552857;119366;38910252
FR;0;2022-03-02;5080;17472;47082;438;48990;54268810;51467770;35599939;119804;38959242
FR;0;2022-03-03;2651;8914;29829;361;29922;54271461;51476684;35629768;120165;38989164
FR;0;2022-03-04;3181;12183;40256;649;39387;54274642;51488867;35670024;120814;39028551
FR;0;2022-03-05;2920;9208;24924;310;25075;54277562;51498075;35694948;121124;39053626
FR;0;2022-03-06;509;1380;3192;42;3429;54278071;51499455;35698140;121166;39057055
FR;0;2022-03-07;1955;5469;18392;313;17652;54280026;51504924;35716532;121479;39074707
FR;0;2022-03-08;1968;5886;19402;359;17862;54281994;51510810;35735934;121838;39092569
FR;0;2022-03-09;3449;10273;22144;404;21225;54285443;51521083;35758078;122242;39113794
FR;0;2022-03-10;1712;5227;16895;341;15692;54287155;51526310;35774973;122583;39129486
FR;0;2022-03-11;2343;7292;24463;538;22223;54289498;51533602;35799436;123121;39151709
FR;0;2022-03-12;2656;6716;17148;304;16499;54292154;51540318;35816584;123425;39168208
FR;0;2022-03-13;386;781;2304;144;2254;54292540;51541099;35818888;123569;39170462
FR;0;2022-03-14;1467;4142;14931;4403;13785;54294007;51545241;35833819;127972;39184247
FR;0;2022-03-15;1594;4364;16229;7549;14333;54295601;51549605;35850048;135521;39198580
FR;0;2022-03-16;2941;7054;19365;13128;18027;54298542;51556659;35869413;148649;39216607
FR;0;2022-03-17;1370;3710;13095;10835;11935;54299912;51560369;35882508;159484;39228542
FR;0;2022-03-18;2198;5530;19944;18276;18026;54302110;51565899;35902452;177760;39246568
FR;0;2022-03-19;2275;4674;13103;9395;12400;54304385;51570573;35915555;187155;39258968
FR;0;2022-03-20;293;708;1909;1065;1918;54304678;51571281;35917464;188220;39260886
FR;0;2022-03-21;1341;3126;12690;14929;11908;54306019;51574407;35930154;203149;39272794
FR;0;2022-03-22;1460;3581;13755;20518;12510;54307479;51577988;35943909;223667;39285304
FR;0;2022-03-23;2636;6073;17645;23129;17149;54310115;51584061;35961554;246796;39302453
FR;0;2022-03-24;1355;2917;11546;17569;10618;54311470;51586978;35973100;264365;39313071
FR;0;2022-03-25;2045;4806;18496;27738;16825;54313515;51591784;35991596;292103;39329896
FR;0;2022-03-26;2216;4236;12058;12657;11497;54315731;51596020;36003654;304760;39341393
FR;0;2022-03-27;354;681;1880;1474;1914;54316085;51596701;36005534;306234;39343307
FR;0;2022-03-28;1412;2934;11057;17452;10549;54317497;51599635;36016591;323686;39353856
FR;0;2022-03-29;1419;3225;12865;27529;12011;54318916;51602860;36029456;351215;39365867
FR;0;2022-03-30;2810;5363;15611;27342;15002;54321726;51608223;36045067;378557;39380869
FR;0;2022-03-31;1589;3144;12857;24877;12186;54323315;51611367;36057924;403434;39393055
FR;0;2022-04-01;2086;4276;19981;30801;18594;54325401;51615643;36077905;434235;39411649
FR;0;2022-04-02;1491;2605;9030;10098;8688;54326892;51618248;36086935;444333;39420337
FR;0;2022-04-03;274;497;1555;1168;1571;54327166;51618745;36088490;445501;39421908
FR;0;2022-04-04;1330;2544;12230;19052;11415;54328496;51621289;36100720;464553;39433323
FR;0;2022-04-05;1585;2915;14248;33972;13093;54330081;51624204;36114968;498525;39446416
FR;0;2022-04-06;2030;3614;13429;26296;12665;54332111;51627818;36128397;524821;39459081
FR;0;2022-04-07;1425;2847;13579;33588;12781;54333536;51630665;36141976;558409;39471862
FR;0;2022-04-08;2012;4064;19119;43620;17735;54335548;51634729;36161095;602029;39489597
FR;0;2022-04-09;1343;2650;9288;13537;8835;54336891;51637379;36170383;615566;39498432
FR;0;2022-04-10;276;552;1965;1992;1970;54337167;51637931;36172348;617558;39500402
FR;0;2022-04-11;1181;2452;11806;23623;11408;54338348;51640383;36184154;641181;39511810
FR;0;2022-04-12;1560;2764;13898;40535;13271;54339908;51643147;36198052;681716;39525081
FR;0;2022-04-13;1843;3399;13296;32728;12892;54341751;51646546;36211348;714444;39537973
FR;0;2022-04-14;1433;2650;13046;35909;12867;54343184;51649196;36224394;750353;39550840
FR;0;2022-04-15;1772;3276;15486;35218;14733;54344956;51652472;36239880;785571;39565573
FR;0;2022-04-16;1027;1810;6364;8515;6217;54345983;51654282;36246244;794086;39571790
FR;0;2022-04-17;183;316;989;1154;1027;54346166;51654598;36247233;795240;39572817
FR;0;2022-04-18;144;432;2725;1033;2742;54346310;51655030;36249958;796273;39575559
FR;0;2022-04-19;1460;2894;12829;29367;12338;54347770;51657924;36262787;825640;39587897
FR;0;2022-04-20;1891;3325;13162;28701;12825;54349661;51661249;36275949;854341;39600722
FR;0;2022-04-21;1468;2716;12403;34648;12422;54351129;51663965;36288352;888989;39613144
FR;0;2022-04-22;1813;3458;16384;37376;15744;54352942;51667423;36304736;926365;39628888
FR;0;2022-04-23;1116;2030;7352;10632;7199;54354058;51669453;36312088;936997;39636087
FR;0;2022-04-24;237;441;1468;1578;1402;54354295;51669894;36313556;938575;39637489
FR;0;2022-04-25;1245;2431;10625;20809;10414;54355540;51672325;36324181;959384;39647903
FR;0;2022-04-26;1555;2941;13561;38077;12996;54357095;51675266;36337742;997461;39660899
FR;0;2022-04-27;1898;2997;11427;30443;11460;54358993;51678263;36349169;1027904;39672359
FR;0;2022-04-28;1516;2630;12392;35645;12116;54360509;51680893;36361561;1063549;39684475
FR;0;2022-04-29;1938;3416;15360;36809;14713;54362447;51684309;36376921;1100358;39699188
FR;0;2022-04-30;1175;1794;6763;9630;6581;54363622;51686103;36383684;1109988;39705769
FR;0;2022-05-01;174;294;880;951;876;54363796;51686397;36384564;1110939;39706645
FR;0;2022-05-02;1134;2098;10808;17766;10578;54364930;51688495;36395372;1128705;39717223
FR;0;2022-05-03;1701;2856;13297;34097;13147;54366631;51691351;36408669;1162802;39730370
FR;0;2022-05-04;1787;2924;11652;25130;11744;54368418;51694275;36420321;1187932;39742114
FR;0;2022-05-05;1586;2603;12137;32848;11858;54370004;51696878;36432458;1220780;39753972
FR;0;2022-05-06;2028;3484;15044;36380;14519;54372032;51700362;36447502;1257160;39768491
FR;0;2022-05-07;1158;1743;6365;9553;6356;54373190;51702105;36453867;1266713;39774847
FR;0;2022-05-08;252;378;1146;1521;1199;54373442;51702483;36455013;1268234;39776046
FR;0;2022-05-09;1221;2076;9562;19886;9429;54374663;51704559;36464575;1288120;39785475
FR;0;2022-05-10;1610;2818;12943;38177;12528;54376273;51707377;36477518;1326297;39798003
FR;0;2022-05-11;1900;2665;10220;27403;10120;54378173;51710042;36487738;1353700;39808123
FR;0;2022-05-12;1490;2456;10900;34912;10532;54379663;51712498;36498638;1388612;39818655
FR;0;2022-05-13;1898;3065;13342;37215;12943;54381561;51715563;36511980;1425827;39831598
FR;0;2022-05-14;1107;1552;5548;10655;5408;54382668;51717115;36517528;1436482;39837006
FR;0;2022-05-15;258;397;1134;1408;1225;54382926;51717512;36518662;1437890;39838231
FR;0;2022-05-16;1110;1844;7672;20393;7676;54384036;51719356;36526334;1458283;39845907
FR;0;2022-05-17;1504;2398;10784;36892;10379;54385540;51721754;36537118;1495175;39856286
FR;0;2022-05-18;1709;2417;8690;26535;8648;54387249;51724171;36545808;1521710;39864934
FR;0;2022-05-19;1361;2410;9603;34393;9585;54388610;51726581;36555411;1556103;39874519
FR;0;2022-05-20;1799;2846;11980;38456;11526;54390409;51729427;36567391;1594559;39886045
FR;0;2022-05-21;1127;1612;5046;9686;4960;54391536;51731039;36572437;1604245;39891005
FR;0;2022-05-22;218;310;972;1324;956;54391754;51731349;36573409;1605569;39891961
FR;0;2022-05-23;1061;1813;6955;19356;6895;54392815;51733162;36580364;1624925;39898856
FR;0;2022-05-24;1433;2518;10027;36869;9806;54394248;51735680;36590391;1661794;39908662
FR;0;2022-05-25;1705;2583;8296;23620;8452;54395953;51738263;36598687;1685414;39917114
FR;0;2022-05-26;158;253;766;982;806;54396111;51738516;36599453;1686396;39917920
FR;0;2022-05-27;1265;2199;7834;20508;7668;54397376;51740715;36607287;1706904;39925588
FR;0;2022-05-28;606;1142;3428;6536;3483;54397982;51741857;36610715;1713440;39929071
FR;0;2022-05-29;126;246;651;758;664;54398108;51742103;36611366;1714198;39929735
