fra;vaccin;jour;n_dose1;n_dose2;n_cum_dose1;n_cum_dose2
FR;1;2020-12-27;20;0;20;0
FR;1;2020-12-28;69;0;89;0
FR;1;2020-12-29;108;0;197;0
FR;1;2020-12-30;120;0;317;0
FR;1;2020-12-31;85;0;402;0
FR;1;2021-01-01;68;0;470;0
FR;1;2021-01-02;82;0;552;0
FR;1;2021-01-03;89;0;641;0
FR;1;2021-01-04;1474;0;2115;0
FR;1;2021-01-05;5389;0;7504;0
FR;1;2021-01-06;11292;0;18796;0
FR;1;2021-01-07;28552;0;47348;0
FR;1;2021-01-08;36181;0;83529;0
FR;1;2021-01-09;10908;0;94437;0
FR;1;2021-01-10;5618;0;100055;0
FR;1;2021-01-11;38954;0;139009;0
FR;1;2021-01-12;60805;0;199814;0
FR;1;2021-01-13;63730;0;263544;0
FR;1;2021-01-14;79669;0;343213;0
FR;1;2021-01-15;67203;0;410416;0
FR;1;2021-01-16;19519;78;429935;78
FR;1;2021-01-17;10462;42;440397;120
FR;1;2021-01-18;81417;163;521814;283
FR;1;2021-01-19;123901;127;645715;410
FR;1;2021-01-20;130138;159;775853;569
FR;1;2021-01-21;150091;135;925944;704
FR;1;2021-01-22;113640;162;1039584;866
FR;1;2021-01-23;36047;50;1075631;916
FR;1;2021-01-24;9259;27;1084890;943
FR;1;2021-01-25;73148;1218;1158038;2161
FR;1;2021-01-26;95015;3110;1253053;5271
FR;1;2021-01-27;102161;5600;1355214;10871
FR;1;2021-01-28;118766;14361;1473980;25232
FR;1;2021-01-29;87764;17294;1561744;42526
FR;1;2021-01-30;27577;4225;1589321;46751
FR;1;2021-01-31;4866;1681;1594187;48432
FR;1;2021-02-01;48271;21134;1642458;69566
FR;1;2021-02-02;66310;34586;1708768;104152
FR;1;2021-02-03;65899;36984;1774667;141136
FR;1;2021-02-04;75741;50079;1850408;191215
FR;1;2021-02-05;62436;45342;1912844;236557
FR;1;2021-02-06;19044;10398;1931888;246955
FR;1;2021-02-07;3434;5046;1935322;252001
FR;1;2021-02-08;35768;45989;1971090;297990
FR;1;2021-02-09;49822;72406;2020912;370396
FR;1;2021-02-10;50857;76662;2071769;447058
FR;1;2021-02-11;62149;99107;2133918;546165
FR;1;2021-02-12;54835;74060;2188753;620225
FR;1;2021-02-13;15134;19274;2203887;639499
FR;1;2021-02-14;3421;7193;2207308;646692
FR;1;2021-02-15;23572;73445;2230880;720137
FR;1;2021-02-16;32115;96887;2262995;817024
FR;1;2021-02-17;34372;98585;2297367;915609
FR;1;2021-02-18;48087;113505;2345454;1029114
FR;1;2021-02-19;44414;86437;2389868;1115551
FR;1;2021-02-20;13020;26923;2402888;1142474
FR;1;2021-02-21;2116;6290;2405004;1148764
FR;1;2021-02-22;24029;69418;2429033;1218182
FR;1;2021-02-23;36658;80454;2465691;1298636
FR;1;2021-02-24;39355;77670;2505046;1376306
FR;1;2021-02-25;48890;88001;2553936;1464307
FR;1;2021-02-26;46081;67893;2600017;1532200
FR;1;2021-02-27;15175;20929;2615192;1553129
FR;1;2021-02-28;3229;4386;2618421;1557515
FR;1;2021-03-01;38700;49040;2657121;1606555
FR;1;2021-03-02;54669;61542;2711790;1668097
FR;1;2021-03-03;59459;60660;2771249;1728757
FR;1;2021-03-04;71071;64908;2842320;1793665
FR;1;2021-03-05;73099;59281;2915419;1852946
FR;1;2021-03-06;81320;16093;2996739;1869039
FR;1;2021-03-07;62968;5422;3059707;1874461
FR;1;2021-03-08;58693;42482;3118400;1916943
FR;1;2021-03-09;84375;48323;3202775;1965266
FR;1;2021-03-10;88974;48069;3291749;2013335
FR;1;2021-03-11;103212;53882;3394961;2067217
FR;1;2021-03-12;102110;45279;3497071;2112496
FR;1;2021-03-13;87501;12729;3584572;2125225
FR;1;2021-03-14;43630;3031;3628202;2128256
FR;1;2021-03-15;93760;29168;3721962;2157424
FR;1;2021-03-16;121834;34919;3843796;2192343
FR;1;2021-03-17;127376;34884;3971172;2227227
FR;1;2021-03-18;140736;39755;4111908;2266982
FR;1;2021-03-19;134141;32918;4246049;2299900
FR;1;2021-03-20;74890;10212;4320939;2310112
FR;1;2021-03-21;25768;2477;4346707;2312589
FR;1;2021-03-22;112858;31190;4459565;2343779
FR;1;2021-03-23;140777;38180;4600342;2381959
FR;1;2021-03-24;139793;38793;4740135;2420752
FR;1;2021-03-25;162597;39634;4902732;2460386
FR;1;2021-03-26;164079;37504;5066811;2497890
FR;1;2021-03-27;109808;15261;5176619;2513151
FR;1;2021-03-28;41719;3624;5218338;2516775
FR;1;2021-03-29;128233;49979;5346571;2566754
FR;1;2021-03-30;165442;63597;5512013;2630351
FR;1;2021-03-31;168642;66913;5680655;2697264
FR;1;2021-04-01;190901;79261;5871556;2776525
FR;1;2021-04-02;162135;84326;6033691;2860851
FR;1;2021-04-03;87088;58188;6120779;2919039
FR;1;2021-04-04;32303;17732;6153082;2936771
FR;1;2021-04-05;42402;10177;6195484;2946948
FR;1;2021-04-06;157162;100908;6352646;3047856
FR;1;2021-04-07;193846;108274;6546492;3156130
FR;1;2021-04-08;218349;112414;6764841;3268544
FR;1;2021-04-09;211082;107554;6975923;3376098
FR;1;2021-04-10;116056;73467;7091979;3449565
FR;1;2021-04-11;40120;30292;7132099;3479857
FR;1;2021-04-12;166218;103804;7298317;3583661
FR;1;2021-04-13;200640;128287;7498957;3711948
FR;1;2021-04-14;204989;122822;7703946;3834770
FR;1;2021-04-15;217707;126780;7921653;3961550
FR;1;2021-04-16;203004;125163;8124657;4086713
FR;1;2021-04-17;120658;67486;8245315;4154199
FR;1;2021-04-18;35194;20993;8280509;4175192
FR;1;2021-04-19;161364;121986;8441873;4297178
FR;1;2021-04-20;186316;148832;8628189;4446010
FR;1;2021-04-21;191017;146790;8819206;4592800
FR;1;2021-04-22;205075;162689;9024281;4755489
FR;1;2021-04-23;195170;157068;9219451;4912557
FR;1;2021-04-24;124305;95512;9343756;5008069
FR;1;2021-04-25;52455;30145;9396211;5038214
FR;1;2021-04-26;176776;138304;9572987;5176518
FR;1;2021-04-27;217621;162021;9790608;5338539
FR;1;2021-04-28;234464;155200;10025072;5493739
FR;1;2021-04-29;265953;160168;10291025;5653907
FR;1;2021-04-30;267691;148239;10558716;5802146
FR;1;2021-05-01;137275;40718;10695991;5842864
FR;1;2021-05-02;79986;28165;10775977;5871029
FR;1;2021-05-03;245267;146612;11021244;6017641
FR;1;2021-05-04;259660;186895;11280904;6204536
FR;1;2021-05-05;276166;184721;11557070;6389257
FR;1;2021-05-06;303079;183234;11860149;6572491
FR;1;2021-05-07;278559;196130;12138708;6768621
FR;1;2021-05-08;179622;48505;12318330;6817126
FR;1;2021-05-09;112278;36237;12430608;6853363
FR;1;2021-05-10;249180;194468;12679788;7047831
FR;1;2021-05-11;312185;211548;12991973;7259379
FR;1;2021-05-12;345870;186152;13337843;7445531
FR;1;2021-05-13;277122;47716;13614965;7493247
FR;1;2021-05-14;360400;128999;13975365;7622246
FR;1;2021-05-15;287872;66177;14263237;7688423
FR;1;2021-05-16;155196;15590;14418433;7704013
FR;1;2021-05-17;311050;116798;14729483;7820811
FR;1;2021-05-18;370176;111531;15099659;7932342
FR;1;2021-05-19;384890;103248;15484549;8035590
FR;1;2021-05-20;410195;96629;15894744;8132219
FR;1;2021-05-21;388722;97677;16283466;8229896
FR;1;2021-05-22;270119;42192;16553585;8272088
FR;1;2021-05-23;120554;11250;16674139;8283338
FR;1;2021-05-24;238207;26398;16912346;8309736
FR;1;2021-05-25;356653;132444;17268999;8442180
FR;1;2021-05-26;365275;128985;17634274;8571165
FR;1;2021-05-27;395282;121213;18029556;8692378
FR;1;2021-05-28;356078;145714;18385634;8838092
FR;1;2021-05-29;249608;81075;18635242;8919167
FR;1;2021-05-30;98609;22616;18733851;8941783
FR;1;2021-05-31;306882;148958;19040733;9090741
FR;1;2021-06-01;342730;166963;19383463;9257704
FR;1;2021-06-02;339114;153484;19722577;9411188
FR;2;2020-12-27;0;0;0;0
FR;2;2020-12-28;0;0;0;0
FR;2;2020-12-29;0;0;0;0
FR;2;2020-12-30;0;0;0;0
FR;2;2020-12-31;0;0;0;0
FR;2;2021-01-01;0;0;0;0
FR;2;2021-01-02;0;0;0;0
FR;2;2021-01-03;0;0;0;0
FR;2;2021-01-04;0;0;0;0
FR;2;2021-01-05;0;0;0;0
FR;2;2021-01-06;0;0;0;0
FR;2;2021-01-07;0;0;0;0
FR;2;2021-01-08;0;0;0;0
FR;2;2021-01-09;0;0;0;0
FR;2;2021-01-10;0;0;0;0
FR;2;2021-01-11;0;0;0;0
FR;2;2021-01-12;0;0;0;0
FR;2;2021-01-13;0;0;0;0
FR;2;2021-01-14;144;0;144;0
FR;2;2021-01-15;217;0;361;0
FR;2;2021-01-16;185;0;546;0
FR;2;2021-01-17;3;0;549;0
FR;2;2021-01-18;2907;0;3456;0
FR;2;2021-01-19;4508;0;7964;0
FR;2;2021-01-20;4921;0;12885;0
FR;2;2021-01-21;5122;0;18007;0
FR;2;2021-01-22;4877;0;22884;0
FR;2;2021-01-23;1735;0;24619;0
FR;2;2021-01-24;102;0;24721;0
FR;2;2021-01-25;3634;0;28355;0
FR;2;2021-01-26;3747;0;32102;0
FR;2;2021-01-27;3440;0;35542;0
FR;2;2021-01-28;3511;0;39053;0
FR;2;2021-01-29;3082;0;42135;0
FR;2;2021-01-30;1065;0;43200;0
FR;2;2021-01-31;0;0;43200;0
FR;2;2021-02-01;3255;0;46455;0
FR;2;2021-02-02;4303;0;50758;0
FR;2;2021-02-03;5030;0;55788;0
FR;2;2021-02-04;4730;3;60518;3
FR;2;2021-02-05;4610;6;65128;9
FR;2;2021-02-06;1930;3;67058;12
FR;2;2021-02-07;42;0;67100;12
FR;2;2021-02-08;7417;8;74517;20
FR;2;2021-02-09;8254;15;82771;35
FR;2;2021-02-10;9136;49;91907;84
FR;2;2021-02-11;10052;67;101959;151
FR;2;2021-02-12;9801;238;111760;389
FR;2;2021-02-13;3015;222;114775;611
FR;2;2021-02-14;296;0;115071;611
FR;2;2021-02-15;3357;3067;118428;3678
FR;2;2021-02-16;4907;3881;123335;7559
FR;2;2021-02-17;4104;4403;127439;11962
FR;2;2021-02-18;5229;5107;132668;17069
FR;2;2021-02-19;5156;4329;137824;21398
FR;2;2021-02-20;1763;1509;139587;22907
FR;2;2021-02-21;197;87;139784;22994
FR;2;2021-02-22;3514;3725;143298;26719
FR;2;2021-02-23;4836;3694;148134;30413
FR;2;2021-02-24;4745;3483;152879;33896
FR;2;2021-02-25;5292;3427;158171;37323
FR;2;2021-02-26;4193;3149;162364;40472
FR;2;2021-02-27;1502;1042;163866;41514
FR;2;2021-02-28;99;28;163965;41542
FR;2;2021-03-01;4957;3764;168922;45306
FR;2;2021-03-02;6302;4728;175224;50034
FR;2;2021-03-03;6243;4883;181467;54917
FR;2;2021-03-04;8070;3967;189537;58884
FR;2;2021-03-05;7767;4059;197304;62943
FR;2;2021-03-06;4620;1682;201924;64625
FR;2;2021-03-07;2284;29;204208;64654
FR;2;2021-03-08;3979;8309;208187;72963
FR;2;2021-03-09;7263;8430;215450;81393
FR;2;2021-03-10;6855;9113;222305;90506
FR;2;2021-03-11;9051;9209;231356;99715
FR;2;2021-03-12;7715;8174;239071;107889
FR;2;2021-03-13;9867;2510;248938;110399
FR;2;2021-03-14;4753;402;253691;110801
FR;2;2021-03-15;10633;3484;264324;114285
FR;2;2021-03-16;16440;4621;280764;118906
FR;2;2021-03-17;19907;3952;300671;122858
FR;2;2021-03-18;22944;4911;323615;127769
FR;2;2021-03-19;22882;4538;346497;132307
FR;2;2021-03-20;25142;1540;371639;133847
FR;2;2021-03-21;17470;147;389109;133994
FR;2;2021-03-22;17384;3080;406493;137074
FR;2;2021-03-23;22264;4183;428757;141257
FR;2;2021-03-24;23543;4989;452300;146246
FR;2;2021-03-25;26267;5020;478567;151266
FR;2;2021-03-26;26581;4260;505148;155526
FR;2;2021-03-27;15637;1309;520785;156835
FR;2;2021-03-28;10391;94;531176;156929
FR;2;2021-03-29;18631;4280;549807;161209
FR;2;2021-03-30;24164;6002;573971;167211
FR;2;2021-03-31;28093;5957;602064;173168
FR;2;2021-04-01;33940;8496;636004;181664
FR;2;2021-04-02;29456;7663;665460;189327
FR;2;2021-04-03;16724;3582;682184;192909
FR;2;2021-04-04;9157;918;691341;193827
FR;2;2021-04-05;12116;811;703457;194638
FR;2;2021-04-06;26689;6935;730146;201573
FR;2;2021-04-07;30578;7174;760724;208747
FR;2;2021-04-08;36482;8818;797206;217565
FR;2;2021-04-09;33355;8601;830561;226166
FR;2;2021-04-10;19439;8969;850000;235135
FR;2;2021-04-11;7814;4271;857814;239406
FR;2;2021-04-12;16792;11254;874606;250660
FR;2;2021-04-13;19064;16426;893670;267086
FR;2;2021-04-14;17647;16285;911317;283371
FR;2;2021-04-15;21823;20791;933140;304162
FR;2;2021-04-16;20346;20077;953486;324239
FR;2;2021-04-17;13041;22463;966527;346702
FR;2;2021-04-18;5781;14405;972308;361107
FR;2;2021-04-19;16468;16265;988776;377372
FR;2;2021-04-20;18965;21597;1007741;398969
FR;2;2021-04-21;19670;21667;1027411;420636
FR;2;2021-04-22;23308;24866;1050719;445502
FR;2;2021-04-23;24117;25375;1074836;470877
FR;2;2021-04-24;25023;15115;1099859;485992
FR;2;2021-04-25;9415;8590;1109274;494582
FR;2;2021-04-26;16668;17202;1125942;511784
FR;2;2021-04-27;18934;24311;1144876;536095
FR;2;2021-04-28;21536;26209;1166412;562304
FR;2;2021-04-29;24980;30139;1191392;592443
FR;2;2021-04-30;25083;27783;1216475;620226
FR;2;2021-05-01;14757;9863;1231232;630089
FR;2;2021-05-02;6480;9184;1237712;639273
FR;2;2021-05-03;19334;19328;1257046;658601
FR;2;2021-05-04;17925;29056;1274971;687657
FR;2;2021-05-05;17901;29416;1292872;717073
FR;2;2021-05-06;23115;35298;1315987;752371
FR;2;2021-05-07;24112;33255;1340099;785626
FR;2;2021-05-08;19918;9716;1360017;795342
FR;2;2021-05-09;12899;7894;1372916;803236
FR;2;2021-05-10;32183;22235;1405099;825471
FR;2;2021-05-11;42397;21079;1447496;846550
FR;2;2021-05-12;47762;19908;1495258;866458
FR;2;2021-05-13;50453;5772;1545711;872230
FR;2;2021-05-14;60419;12959;1606130;885189
FR;2;2021-05-15;65190;7154;1671320;892343
FR;2;2021-05-16;42935;2575;1714255;894918
FR;2;2021-05-17;44050;12599;1758305;907517
FR;2;2021-05-18;52739;12279;1811044;919796
FR;2;2021-05-19;55384;10653;1866428;930449
FR;2;2021-05-20;62402;10918;1928830;941367
FR;2;2021-05-21;62212;11732;1991042;953099
FR;2;2021-05-22;60715;4528;2051757;957627
FR;2;2021-05-23;36909;577;2088666;958204
FR;2;2021-05-24;16816;2033;2105482;960237
FR;2;2021-05-25;20414;12319;2125896;972556
FR;2;2021-05-26;18377;11710;2144273;984266
FR;2;2021-05-27;22344;11966;2166617;996232
FR;2;2021-05-28;28106;14987;2194723;1011219
FR;2;2021-05-29;29696;8189;2224419;1019408
FR;2;2021-05-30;4428;1810;2228847;1021218
FR;2;2021-05-31;27416;18761;2256263;1039979
FR;2;2021-06-01;43558;20077;2299821;1060056
FR;2;2021-06-02;35088;19315;2334909;1079371
FR;3;2020-12-27;0;0;0;0
FR;3;2020-12-28;0;0;0;0
FR;3;2020-12-29;0;0;0;0
FR;3;2020-12-30;0;0;0;0
FR;3;2020-12-31;0;0;0;0
FR;3;2021-01-01;0;0;0;0
FR;3;2021-01-02;0;0;0;0
FR;3;2021-01-03;0;0;0;0
FR;3;2021-01-04;0;0;0;0
FR;3;2021-01-05;0;0;0;0
FR;3;2021-01-06;0;0;0;0
FR;3;2021-01-07;0;0;0;0
FR;3;2021-01-08;0;0;0;0
FR;3;2021-01-09;0;0;0;0
FR;3;2021-01-10;0;0;0;0
FR;3;2021-01-11;0;0;0;0
FR;3;2021-01-12;0;0;0;0
FR;3;2021-01-13;0;0;0;0
FR;3;2021-01-14;0;0;0;0
FR;3;2021-01-15;0;0;0;0
FR;3;2021-01-16;0;0;0;0
FR;3;2021-01-17;0;0;0;0
FR;3;2021-01-18;0;0;0;0
FR;3;2021-01-19;0;0;0;0
FR;3;2021-01-20;0;0;0;0
FR;3;2021-01-21;0;0;0;0
FR;3;2021-01-22;0;0;0;0
FR;3;2021-01-23;0;0;0;0
FR;3;2021-01-24;0;0;0;0
FR;3;2021-01-25;0;0;0;0
FR;3;2021-01-26;0;0;0;0
FR;3;2021-01-27;0;0;0;0
FR;3;2021-01-28;0;0;0;0
FR;3;2021-01-29;0;0;0;0
FR;3;2021-01-30;0;0;0;0
FR;3;2021-01-31;0;0;0;0
FR;3;2021-02-01;0;0;0;0
FR;3;2021-02-02;0;0;0;0
FR;3;2021-02-03;0;0;0;0
FR;3;2021-02-04;0;0;0;0
FR;3;2021-02-05;0;0;0;0
FR;3;2021-02-06;313;0;313;0
FR;3;2021-02-07;1348;0;1661;0
FR;3;2021-02-08;2631;0;4292;0
FR;3;2021-02-09;6635;0;10927;0
FR;3;2021-02-10;9224;0;20151;0
FR;3;2021-02-11;13333;0;33484;0
FR;3;2021-02-12;13030;0;46514;0
FR;3;2021-02-13;3508;0;50022;0
FR;3;2021-02-14;864;0;50886;0
FR;3;2021-02-15;10105;0;60991;0
FR;3;2021-02-16;12161;0;73152;0
FR;3;2021-02-17;10811;0;83963;0
FR;3;2021-02-18;14536;0;98499;0
FR;3;2021-02-19;14080;0;112579;0
FR;3;2021-02-20;3173;0;115752;0
FR;3;2021-02-21;544;0;116296;0
FR;3;2021-02-22;8901;0;125197;0
FR;3;2021-02-23;11075;0;136272;0
FR;3;2021-02-24;13872;0;150144;0
FR;3;2021-02-25;44292;0;194436;0
FR;3;2021-02-26;61348;0;255784;0
FR;3;2021-02-27;34413;8;290197;8
FR;3;2021-02-28;2338;0;292535;8
FR;3;2021-03-01;19853;11;312388;19
FR;3;2021-03-02;38259;13;350647;32
FR;3;2021-03-03;47675;17;398322;49
FR;3;2021-03-04;80832;20;479154;69
FR;3;2021-03-05;116619;60;595773;129
FR;3;2021-03-06;118472;50;714245;179
FR;3;2021-03-07;54400;29;768645;208
FR;3;2021-03-08;41914;21;810559;229
FR;3;2021-03-09;77769;30;888328;259
FR;3;2021-03-10;79575;40;967903;299
FR;3;2021-03-11;126533;50;1094436;349
FR;3;2021-03-12;180476;70;1274912;419
FR;3;2021-03-13;130280;53;1405192;472
FR;3;2021-03-14;13670;4;1418862;476
FR;3;2021-03-15;51123;39;1469985;515
FR;3;2021-03-16;894;14;1470879;529
FR;3;2021-03-17;606;6;1471485;535
FR;3;2021-03-18;1170;4;1472655;539
FR;3;2021-03-19;69261;37;1541916;576
FR;3;2021-03-20;64296;35;1606212;611
FR;3;2021-03-21;5477;4;1611689;615
FR;3;2021-03-22;36628;33;1648317;648
FR;3;2021-03-23;83384;50;1731701;698
FR;3;2021-03-24;89642;91;1821343;789
FR;3;2021-03-25;148147;113;1969490;902
FR;3;2021-03-26;163524;156;2133014;1058
FR;3;2021-03-27;67287;88;2200301;1146
FR;3;2021-03-28;6167;19;2206468;1165
FR;3;2021-03-29;53316;61;2259784;1226
FR;3;2021-03-30;92003;88;2351787;1314
FR;3;2021-03-31;62379;82;2414166;1396
FR;3;2021-04-01;84619;104;2498785;1500
FR;3;2021-04-02;85679;148;2584464;1648
FR;3;2021-04-03;35180;109;2619644;1757
FR;3;2021-04-04;3374;16;2623018;1773
FR;3;2021-04-05;4213;21;2627231;1794
FR;3;2021-04-06;28859;76;2656090;1870
FR;3;2021-04-07;31497;61;2687587;1931
FR;3;2021-04-08;77439;236;2765026;2167
FR;3;2021-04-09;159739;412;2924765;2579
FR;3;2021-04-10;74407;332;2999172;2911
FR;3;2021-04-11;7014;44;3006186;2955
FR;3;2021-04-12;50515;197;3056701;3152
FR;3;2021-04-13;85020;315;3141721;3467
FR;3;2021-04-14;66483;342;3208204;3809
FR;3;2021-04-15;91629;369;3299833;4178
FR;3;2021-04-16;110990;573;3410823;4751
FR;3;2021-04-17;52191;336;3463014;5087
FR;3;2021-04-18;9426;35;3472440;5122
FR;3;2021-04-19;24405;238;3496845;5360
FR;3;2021-04-20;44793;398;3541638;5758
FR;3;2021-04-21;38017;458;3579655;6216
FR;3;2021-04-22;53630;793;3633285;7009
FR;3;2021-04-23;69408;1029;3702693;8038
FR;3;2021-04-24;36483;985;3739176;9023
FR;3;2021-04-25;5910;158;3745086;9181
FR;3;2021-04-26;19076;665;3764162;9846
FR;3;2021-04-27;33695;1246;3797857;11092
FR;3;2021-04-28;28252;1926;3826109;13018
FR;3;2021-04-29;44508;5959;3870617;18977
FR;3;2021-04-30;54535;8933;3925152;27910
FR;3;2021-05-01;9164;1968;3934316;29878
FR;3;2021-05-02;2792;501;3937108;30379
FR;3;2021-05-03;12487;3888;3949595;34267
FR;3;2021-05-04;22389;8456;3971984;42723
FR;3;2021-05-05;18019;10573;3990003;53296
FR;3;2021-05-06;33860;20906;4023863;74202
FR;3;2021-05-07;43311;28414;4067174;102616
FR;3;2021-05-08;6337;8912;4073511;111528
FR;3;2021-05-09;1562;2655;4075073;114183
FR;3;2021-05-10;14392;12564;4089465;126747
FR;3;2021-05-11;26355;25751;4115820;152498
FR;3;2021-05-12;16680;27476;4132500;179974
FR;3;2021-05-13;1997;3487;4134497;183461
FR;3;2021-05-14;14029;25748;4148526;209209
FR;3;2021-05-15;6900;20743;4155426;229952
FR;3;2021-05-16;810;2680;4156236;232632
FR;3;2021-05-17;7478;19923;4163714;252555
FR;3;2021-05-18;12873;29672;4176587;282227
FR;3;2021-05-19;8772;31890;4185359;314117
FR;3;2021-05-20;12223;53290;4197582;367407
FR;3;2021-05-21;12204;65641;4209786;433048
FR;3;2021-05-22;4638;33364;4214424;466412
FR;3;2021-05-23;529;2681;4214953;469093
FR;3;2021-05-24;572;4922;4215525;474015
FR;3;2021-05-25;4804;45456;4220329;519471
FR;3;2021-05-26;4551;51714;4224880;571185
FR;3;2021-05-27;5868;76518;4230748;647703
FR;3;2021-05-28;7061;99108;4237809;746811
FR;3;2021-05-29;3025;60286;4240834;807097
FR;3;2021-05-30;364;8243;4241198;815340
FR;3;2021-05-31;2026;35993;4243224;851333
FR;3;2021-06-01;2902;64820;4246126;916153
FR;3;2021-06-02;2231;58360;4248357;974513
FR;4;2020-12-27;0;0;0;0
FR;4;2020-12-28;0;0;0;0
FR;4;2020-12-29;0;0;0;0
FR;4;2020-12-30;0;0;0;0
FR;4;2020-12-31;0;0;0;0
FR;4;2021-01-01;0;0;0;0
FR;4;2021-01-02;0;0;0;0
FR;4;2021-01-03;0;0;0;0
FR;4;2021-01-04;0;0;0;0
FR;4;2021-01-05;0;0;0;0
FR;4;2021-01-06;0;0;0;0
FR;4;2021-01-07;0;0;0;0
FR;4;2021-01-08;0;0;0;0
FR;4;2021-01-09;0;0;0;0
FR;4;2021-01-10;0;0;0;0
FR;4;2021-01-11;0;0;0;0
FR;4;2021-01-12;0;0;0;0
FR;4;2021-01-13;0;0;0;0
FR;4;2021-01-14;0;0;0;0
FR;4;2021-01-15;0;0;0;0
FR;4;2021-01-16;0;0;0;0
FR;4;2021-01-17;0;0;0;0
FR;4;2021-01-18;0;0;0;0
FR;4;2021-01-19;0;0;0;0
FR;4;2021-01-20;0;0;0;0
FR;4;2021-01-21;0;0;0;0
FR;4;2021-01-22;0;0;0;0
FR;4;2021-01-23;0;0;0;0
FR;4;2021-01-24;0;0;0;0
FR;4;2021-01-25;0;0;0;0
FR;4;2021-01-26;0;0;0;0
FR;4;2021-01-27;0;0;0;0
FR;4;2021-01-28;0;0;0;0
FR;4;2021-01-29;0;0;0;0
FR;4;2021-01-30;0;0;0;0
FR;4;2021-01-31;0;0;0;0
FR;4;2021-02-01;0;0;0;0
FR;4;2021-02-02;0;0;0;0
FR;4;2021-02-03;0;0;0;0
FR;4;2021-02-04;0;0;0;0
FR;4;2021-02-05;0;0;0;0
FR;4;2021-02-06;0;0;0;0
FR;4;2021-02-07;0;0;0;0
FR;4;2021-02-08;0;0;0;0
FR;4;2021-02-09;0;0;0;0
FR;4;2021-02-10;0;0;0;0
FR;4;2021-02-11;0;0;0;0
FR;4;2021-02-12;0;0;0;0
FR;4;2021-02-13;0;0;0;0
FR;4;2021-02-14;0;0;0;0
FR;4;2021-02-15;0;0;0;0
FR;4;2021-02-16;0;0;0;0
FR;4;2021-02-17;0;0;0;0
FR;4;2021-02-18;0;0;0;0
FR;4;2021-02-19;0;0;0;0
FR;4;2021-02-20;0;0;0;0
FR;4;2021-02-21;0;0;0;0
FR;4;2021-02-22;0;0;0;0
FR;4;2021-02-23;0;0;0;0
FR;4;2021-02-24;0;0;0;0
FR;4;2021-02-25;0;0;0;0
FR;4;2021-02-26;0;0;0;0
FR;4;2021-02-27;0;0;0;0
FR;4;2021-02-28;0;0;0;0
FR;4;2021-03-01;0;0;0;0
FR;4;2021-03-02;0;0;0;0
FR;4;2021-03-03;0;0;0;0
FR;4;2021-03-04;0;0;0;0
FR;4;2021-03-05;0;0;0;0
FR;4;2021-03-06;0;0;0;0
FR;4;2021-03-07;0;0;0;0
FR;4;2021-03-08;0;0;0;0
FR;4;2021-03-09;0;0;0;0
FR;4;2021-03-10;0;0;0;0
FR;4;2021-03-11;0;0;0;0
FR;4;2021-03-12;0;0;0;0
FR;4;2021-03-13;0;0;0;0
FR;4;2021-03-14;0;0;0;0
FR;4;2021-03-15;0;0;0;0
FR;4;2021-03-16;0;0;0;0
FR;4;2021-03-17;0;0;0;0
FR;4;2021-03-18;0;0;0;0
FR;4;2021-03-19;0;0;0;0
FR;4;2021-03-20;0;0;0;0
FR;4;2021-03-21;0;0;0;0
FR;4;2021-03-22;0;0;0;0
FR;4;2021-03-23;0;0;0;0
FR;4;2021-03-24;0;0;0;0
FR;4;2021-03-25;0;0;0;0
FR;4;2021-03-26;0;0;0;0
FR;4;2021-03-27;0;0;0;0
FR;4;2021-03-28;0;0;0;0
FR;4;2021-03-29;0;0;0;0
FR;4;2021-03-30;0;0;0;0
FR;4;2021-03-31;0;0;0;0
FR;4;2021-04-01;0;0;0;0
FR;4;2021-04-02;0;0;0;0
FR;4;2021-04-03;0;0;0;0
FR;4;2021-04-04;0;0;0;0
FR;4;2021-04-05;0;0;0;0
FR;4;2021-04-06;0;0;0;0
FR;4;2021-04-07;0;0;0;0
FR;4;2021-04-08;0;0;0;0
FR;4;2021-04-09;0;0;0;0
FR;4;2021-04-10;0;0;0;0
FR;4;2021-04-11;0;0;0;0
FR;4;2021-04-12;0;0;0;0
FR;4;2021-04-13;0;0;0;0
FR;4;2021-04-14;0;0;0;0
FR;4;2021-04-15;0;0;0;0
FR;4;2021-04-16;0;0;0;0
FR;4;2021-04-17;0;0;0;0
FR;4;2021-04-18;0;0;0;0
FR;4;2021-04-19;0;0;0;0
FR;4;2021-04-20;0;0;0;0
FR;4;2021-04-21;0;0;0;0
FR;4;2021-04-22;0;0;0;0
FR;4;2021-04-23;678;0;678;0
FR;4;2021-04-24;1552;0;2230;0
FR;4;2021-04-25;117;0;2347;0
FR;4;2021-04-26;2826;0;5173;0
FR;4;2021-04-27;9360;3;14533;3
FR;4;2021-04-28;9753;3;24286;6
FR;4;2021-04-29;15866;7;40152;13
FR;4;2021-04-30;19062;7;59214;20
FR;4;2021-05-01;1893;5;61107;25
FR;4;2021-05-02;438;0;61545;25
FR;4;2021-05-03;4917;1;66462;26
FR;4;2021-05-04;8243;8;74705;34
FR;4;2021-05-05;5996;7;80701;41
FR;4;2021-05-06;11251;11;91952;52
FR;4;2021-05-07;18891;8;110843;60
FR;4;2021-05-08;2249;4;113092;64
FR;4;2021-05-09;627;2;113719;66
FR;4;2021-05-10;7070;13;120789;79
FR;4;2021-05-11;14093;12;134882;91
FR;4;2021-05-12;9933;14;144815;105
FR;4;2021-05-13;1436;3;146251;108
FR;4;2021-05-14;7570;8;153821;116
FR;4;2021-05-15;3574;9;157395;125
FR;4;2021-05-16;348;1;157743;126
FR;4;2021-05-17;4231;3;161974;129
FR;4;2021-05-18;8440;10;170414;139
FR;4;2021-05-19;5496;5;175910;144
FR;4;2021-05-20;9158;7;185068;151
FR;4;2021-05-21;12480;26;197548;177
FR;4;2021-05-22;4901;13;202449;190
FR;4;2021-05-23;419;2;202868;192
FR;4;2021-05-24;921;3;203789;195
FR;4;2021-05-25;7337;16;211126;211
FR;4;2021-05-26;7487;12;218613;223
FR;4;2021-05-27;14011;34;232624;257
FR;4;2021-05-28;26066;74;258690;331
FR;4;2021-05-29;11026;18;269716;349
FR;4;2021-05-30;852;2;270568;351
FR;4;2021-05-31;12329;18;282897;369
FR;4;2021-06-01;19433;38;302330;407
FR;4;2021-06-02;13546;30;315876;437
FR;0;2020-12-27;20;0;20;0
FR;0;2020-12-28;69;0;89;0
FR;0;2020-12-29;108;0;197;0
FR;0;2020-12-30;120;0;317;0
FR;0;2020-12-31;85;0;402;0
FR;0;2021-01-01;68;0;470;0
FR;0;2021-01-02;82;0;552;0
FR;0;2021-01-03;89;0;641;0
FR;0;2021-01-04;1474;0;2115;0
FR;0;2021-01-05;5389;0;7504;0
FR;0;2021-01-06;11292;0;18796;0
FR;0;2021-01-07;28552;0;47348;0
FR;0;2021-01-08;36181;0;83529;0
FR;0;2021-01-09;10908;0;94437;0
FR;0;2021-01-10;5618;0;100055;0
FR;0;2021-01-11;38954;0;139009;0
FR;0;2021-01-12;60805;0;199814;0
FR;0;2021-01-13;63730;0;263544;0
FR;0;2021-01-14;79813;0;343357;0
FR;0;2021-01-15;67420;0;410777;0
FR;0;2021-01-16;19704;78;430481;78
FR;0;2021-01-17;10465;42;440946;120
FR;0;2021-01-18;84324;163;525270;283
FR;0;2021-01-19;128409;127;653679;410
FR;0;2021-01-20;135059;159;788738;569
FR;0;2021-01-21;155213;135;943951;704
FR;0;2021-01-22;118517;162;1062468;866
FR;0;2021-01-23;37782;50;1100250;916
FR;0;2021-01-24;9361;27;1109611;943
FR;0;2021-01-25;76782;1218;1186393;2161
FR;0;2021-01-26;98762;3110;1285155;5271
FR;0;2021-01-27;105601;5600;1390756;10871
FR;0;2021-01-28;122277;14361;1513033;25232
FR;0;2021-01-29;90846;17294;1603879;42526
FR;0;2021-01-30;28642;4225;1632521;46751
FR;0;2021-01-31;4866;1681;1637387;48432
FR;0;2021-02-01;51526;21134;1688913;69566
FR;0;2021-02-02;70613;34586;1759526;104152
FR;0;2021-02-03;70929;36984;1830455;141136
FR;0;2021-02-04;80471;50082;1910926;191218
FR;0;2021-02-05;67046;45348;1977972;236566
FR;0;2021-02-06;21287;10401;1999259;246967
FR;0;2021-02-07;4824;5046;2004083;252013
FR;0;2021-02-08;45816;45997;2049899;298010
FR;0;2021-02-09;64711;72421;2114610;370431
FR;0;2021-02-10;69217;76711;2183827;447142
FR;0;2021-02-11;85534;99174;2269361;546316
FR;0;2021-02-12;77666;74298;2347027;620614
FR;0;2021-02-13;21657;19496;2368684;640110
FR;0;2021-02-14;4581;7193;2373265;647303
FR;0;2021-02-15;37034;76512;2410299;723815
FR;0;2021-02-16;49183;100768;2459482;824583
FR;0;2021-02-17;49287;102988;2508769;927571
FR;0;2021-02-18;67852;118612;2576621;1046183
FR;0;2021-02-19;63650;90766;2640271;1136949
FR;0;2021-02-20;17956;28432;2658227;1165381
FR;0;2021-02-21;2857;6377;2661084;1171758
FR;0;2021-02-22;36444;73143;2697528;1244901
FR;0;2021-02-23;52569;84148;2750097;1329049
FR;0;2021-02-24;57972;81153;2808069;1410202
FR;0;2021-02-25;98474;91428;2906543;1501630
FR;0;2021-02-26;111622;71042;3018165;1572672
FR;0;2021-02-27;51090;21979;3069255;1594651
FR;0;2021-02-28;5666;4414;3074921;1599065
FR;0;2021-03-01;63510;52815;3138431;1651880
FR;0;2021-03-02;99230;66283;3237661;1718163
FR;0;2021-03-03;113377;65560;3351038;1783723
FR;0;2021-03-04;159973;68895;3511011;1852618
FR;0;2021-03-05;197485;63400;3708496;1916018
FR;0;2021-03-06;204412;17825;3912908;1933843
FR;0;2021-03-07;119652;5480;4032560;1939323
FR;0;2021-03-08;104586;50812;4137146;1990135
FR;0;2021-03-09;169407;56783;4306553;2046918
FR;0;2021-03-10;175404;57222;4481957;2104140
FR;0;2021-03-11;238796;63141;4720753;2167281
FR;0;2021-03-12;290301;53523;5011054;2220804
FR;0;2021-03-13;227648;15292;5238702;2236096
FR;0;2021-03-14;62053;3437;5300755;2239533
FR;0;2021-03-15;155516;32691;5456271;2272224
FR;0;2021-03-16;139168;39554;5595439;2311778
FR;0;2021-03-17;147889;38842;5743328;2350620
FR;0;2021-03-18;164850;44670;5908178;2395290
FR;0;2021-03-19;226284;37493;6134462;2432783
FR;0;2021-03-20;164328;11787;6298790;2444570
FR;0;2021-03-21;48715;2628;6347505;2447198
FR;0;2021-03-22;166870;34303;6514375;2481501
FR;0;2021-03-23;246425;42413;6760800;2523914
FR;0;2021-03-24;252978;43873;7013778;2567787
FR;0;2021-03-25;337011;44767;7350789;2612554
FR;0;2021-03-26;354184;41920;7704973;2654474
FR;0;2021-03-27;192732;16658;7897705;2671132
FR;0;2021-03-28;58277;3737;7955982;2674869
FR;0;2021-03-29;200180;54320;8156162;2729189
FR;0;2021-03-30;281609;69687;8437771;2798876
FR;0;2021-03-31;259114;72952;8696885;2871828
FR;0;2021-04-01;309460;87861;9006345;2959689
FR;0;2021-04-02;277270;92137;9283615;3051826
FR;0;2021-04-03;138992;61879;9422607;3113705
FR;0;2021-04-04;44834;18666;9467441;3132371
FR;0;2021-04-05;58731;11009;9526172;3143380
FR;0;2021-04-06;212710;107919;9738882;3251299
FR;0;2021-04-07;255921;115509;9994803;3366808
FR;0;2021-04-08;332270;121468;10327073;3488276
FR;0;2021-04-09;404176;116567;10731249;3604843
FR;0;2021-04-10;209902;82768;10941151;3687611
FR;0;2021-04-11;54948;34607;10996099;3722218
FR;0;2021-04-12;233525;115255;11229624;3837473
FR;0;2021-04-13;304724;145028;11534348;3982501
FR;0;2021-04-14;289119;139449;11823467;4121950
FR;0;2021-04-15;331159;147940;12154626;4269890
FR;0;2021-04-16;334340;145813;12488966;4415703
FR;0;2021-04-17;185890;90285;12674856;4505988
FR;0;2021-04-18;50401;35433;12725257;4541421
FR;0;2021-04-19;202237;138489;12927494;4679910
FR;0;2021-04-20;250074;170827;13177568;4850737
FR;0;2021-04-21;248704;168915;13426272;5019652
FR;0;2021-04-22;282013;188348;13708285;5208000
FR;0;2021-04-23;289373;183472;13997658;5391472
FR;0;2021-04-24;187363;111612;14185021;5503084
FR;0;2021-04-25;67897;38893;14252918;5541977
FR;0;2021-04-26;215346;156171;14468264;5698148
FR;0;2021-04-27;279610;187581;14747874;5885729
FR;0;2021-04-28;294005;183338;15041879;6069067
FR;0;2021-04-29;351307;196273;15393186;6265340
FR;0;2021-04-30;366371;184962;15759557;6450302
FR;0;2021-05-01;163089;52554;15922646;6502856
FR;0;2021-05-02;89696;37850;16012342;6540706
FR;0;2021-05-03;282005;169829;16294347;6710535
FR;0;2021-05-04;308217;224415;16602564;6934950
FR;0;2021-05-05;318082;224717;16920646;7159667
FR;0;2021-05-06;371305;239449;17291951;7399116
FR;0;2021-05-07;364873;257807;17656824;7656923
FR;0;2021-05-08;208126;67137;17864950;7724060
FR;0;2021-05-09;127366;46788;17992316;7770848
FR;0;2021-05-10;302825;229280;18295141;8000128
FR;0;2021-05-11;395030;258390;18690171;8258518
FR;0;2021-05-12;420245;233550;19110416;8492068
FR;0;2021-05-13;331008;56978;19441424;8549046
FR;0;2021-05-14;442418;167714;19883842;8716760
FR;0;2021-05-15;363536;94083;20247378;8810843
FR;0;2021-05-16;199289;20846;20446667;8831689
FR;0;2021-05-17;366809;149323;20813476;8981012
FR;0;2021-05-18;444228;153492;21257704;9134504
FR;0;2021-05-19;454542;145796;21712246;9280300
FR;0;2021-05-20;493978;160844;22206224;9441144
FR;0;2021-05-21;475618;175076;22681842;9616220
FR;0;2021-05-22;340373;80097;23022215;9696317
FR;0;2021-05-23;158411;14510;23180626;9710827
FR;0;2021-05-24;256516;33356;23437142;9744183
FR;0;2021-05-25;389208;190235;23826350;9934418
FR;0;2021-05-26;395690;192421;24222040;10126839
FR;0;2021-05-27;437505;209731;24659545;10336570
FR;0;2021-05-28;417311;259883;25076856;10596453
FR;0;2021-05-29;293355;149568;25370211;10746021
FR;0;2021-05-30;104253;32671;25474464;10778692
FR;0;2021-05-31;348653;203730;25823117;10982422
FR;0;2021-06-01;408623;251898;26231740;11234320
FR;0;2021-06-02;389979;231189;26621719;11465509
