fra;vaccin;jour;n_dose1;n_dose2;n_dose3;n_dose4;n_complet;n_rappel;n_2_rappel;n_rappel_biv;n_3_rappel;n_cum_dose1;n_cum_dose2;n_cum_dose3;n_cum_dose4;n_cum_complet;n_cum_rappel;n_cum_2_rappel;n_cum_rappel_biv;n_cum_3_rappel
FR;1;2020-12-27;616;0;0;0;55;0;0;0;0;616;0;0;0;55;0;0;0;0
FR;1;2020-12-28;710;1;0;0;44;0;0;0;0;1326;1;0;0;99;0;0;0;0
FR;1;2020-12-29;389;0;0;0;19;0;0;0;0;1715;1;0;0;118;0;0;0;0
FR;1;2020-12-30;456;0;0;0;20;0;0;0;0;2171;1;0;0;138;0;0;0;0
FR;1;2020-12-31;451;1;0;0;21;0;0;0;0;2622;2;0;0;159;0;0;0;0
FR;1;2021-01-01;1199;2;0;0;66;0;0;0;0;3821;4;0;0;225;0;0;0;0
FR;1;2021-01-02;370;4;0;0;29;0;0;0;0;4191;8;0;0;254;0;0;0;0
FR;1;2021-01-03;419;0;0;0;23;0;0;0;0;4610;8;0;0;277;0;0;0;0
FR;1;2021-01-04;2150;5;0;0;51;0;0;0;0;6760;13;0;0;328;0;0;0;0
FR;1;2021-01-05;7794;6;0;0;128;0;0;0;0;14554;19;0;0;456;0;0;0;0
FR;1;2021-01-06;12491;23;0;0;128;0;0;0;0;27045;42;0;0;584;0;0;0;0
FR;1;2021-01-07;29480;24;0;0;159;0;0;0;0;56525;66;0;0;743;0;0;0;0
FR;1;2021-01-08;37170;36;0;0;205;0;0;0;0;93695;102;0;0;948;0;0;0;0
FR;1;2021-01-09;11221;9;0;0;77;0;0;0;0;104916;111;0;0;1025;0;0;0;0
FR;1;2021-01-10;6017;8;0;0;28;0;0;0;0;110933;119;0;0;1053;0;0;0;0
FR;1;2021-01-11;39956;39;0;0;232;0;0;0;0;150889;158;0;0;1285;0;0;0;0
FR;1;2021-01-12;62165;31;0;0;299;0;0;0;0;213054;189;0;0;1584;0;0;0;0
FR;1;2021-01-13;65149;62;0;0;433;0;0;0;0;278203;251;0;0;2017;0;0;0;0
FR;1;2021-01-14;81473;262;0;0;957;0;0;0;0;359676;513;0;0;2974;0;0;0;0
FR;1;2021-01-15;68641;103;1;0;527;0;0;0;0;428317;616;1;0;3501;0;0;0;0
FR;1;2021-01-16;19903;73;0;0;171;0;0;0;0;448220;689;1;0;3672;0;0;0;0
FR;1;2021-01-17;10909;54;0;0;130;0;0;0;0;459129;743;1;0;3802;0;0;0;0
FR;1;2021-01-18;82849;176;0;0;587;0;0;0;0;541978;919;1;0;4389;0;0;0;0
FR;1;2021-01-19;125935;209;0;0;837;0;0;0;0;667913;1128;1;0;5226;0;0;0;0
FR;1;2021-01-20;132440;191;0;0;779;0;0;0;0;800353;1319;1;0;6005;0;0;0;0
FR;1;2021-01-21;153088;196;0;0;896;0;0;0;0;953441;1515;1;0;6901;0;0;0;0
FR;1;2021-01-22;115971;240;0;0;776;0;0;0;0;1069412;1755;1;0;7677;0;0;0;0
FR;1;2021-01-23;36619;84;0;0;207;0;0;0;0;1106031;1839;1;0;7884;0;0;0;0
FR;1;2021-01-24;9589;129;0;0;188;0;0;0;0;1115620;1968;1;0;8072;0;0;0;0
FR;1;2021-01-25;74443;1454;0;0;1771;0;0;0;0;1190063;3422;1;0;9843;0;0;0;0
FR;1;2021-01-26;96471;3705;1;0;4146;0;0;0;0;1286534;7127;2;0;13989;0;0;0;0
FR;1;2021-01-27;103660;6442;0;0;7126;0;0;0;0;1390194;13569;2;0;21115;0;0;0;0
FR;1;2021-01-28;120627;16419;0;0;17206;0;0;0;0;1510821;29988;2;0;38321;0;0;0;0
FR;1;2021-01-29;88904;18797;0;0;19338;0;0;0;0;1599725;48785;2;0;57659;0;0;0;0
FR;1;2021-01-30;27995;4538;0;0;4662;0;0;0;0;1627720;53323;2;0;62321;0;0;0;0
FR;1;2021-01-31;5194;1898;0;0;1936;0;0;0;0;1632914;55221;2;0;64257;0;0;0;0
FR;1;2021-02-01;49752;23046;0;0;23289;0;0;0;0;1682666;78267;2;0;87546;0;0;0;0
FR;1;2021-02-02;67839;38220;0;0;38678;0;0;0;0;1750505;116487;2;0;126224;0;0;0;0
FR;1;2021-02-03;67105;40291;0;0;40726;0;0;0;0;1817610;156778;2;0;166950;0;0;0;0
FR;1;2021-02-04;77159;55131;0;0;55701;0;0;0;0;1894769;211909;2;0;222651;0;0;0;0
FR;1;2021-02-05;63435;48236;0;0;48641;0;0;0;0;1958204;260145;2;0;271292;0;0;0;0
FR;1;2021-02-06;19428;11421;0;0;11528;0;0;0;0;1977632;271566;2;0;282820;0;0;0;0
FR;1;2021-02-07;3669;6071;0;0;6098;0;0;0;0;1981301;277637;2;0;288918;0;0;0;0
FR;1;2021-02-08;36508;48787;0;0;49041;0;0;0;0;2017809;326424;2;0;337959;0;0;0;0
FR;1;2021-02-09;50830;78447;0;0;78974;0;0;0;0;2068639;404871;2;0;416933;0;0;0;0
FR;1;2021-02-10;52088;83478;0;0;83962;0;0;0;0;2120727;488349;2;0;500895;0;0;0;0
FR;1;2021-02-11;63397;105579;0;0;106489;0;0;0;0;2184124;593928;2;0;607384;0;0;0;0
FR;1;2021-02-12;55889;75800;0;0;76486;0;0;0;0;2240013;669728;2;0;683870;0;0;0;0
FR;1;2021-02-13;15470;19308;0;0;19420;0;0;0;0;2255483;689036;2;0;703290;0;0;0;0
FR;1;2021-02-14;3747;7312;0;0;7378;0;0;0;0;2259230;696348;2;0;710668;0;0;0;0
FR;1;2021-02-15;24175;73672;0;0;73931;0;0;0;0;2283405;770020;2;0;784599;0;0;0;0
FR;1;2021-02-16;32788;95523;0;0;95938;0;0;0;0;2316193;865543;2;0;880537;0;0;0;0
FR;1;2021-02-17;35142;102379;20;0;103038;0;0;0;0;2351335;967922;22;0;983575;0;0;0;0
FR;1;2021-02-18;49466;118600;0;0;119597;0;0;0;0;2400801;1086522;22;0;1103172;0;0;0;0
FR;1;2021-02-19;45400;87834;1;0;88778;0;0;0;0;2446201;1174356;23;0;1191950;0;0;0;0
FR;1;2021-02-20;13398;27027;0;0;27203;0;0;0;0;2459599;1201383;23;0;1219153;0;0;0;0
FR;1;2021-02-21;2471;5944;0;0;6012;0;0;0;0;2462070;1207327;23;0;1225165;0;0;0;0
FR;1;2021-02-22;24726;69389;2;0;69690;0;0;0;0;2486796;1276716;25;0;1294855;0;0;0;0
FR;1;2021-02-23;37441;81547;1;0;82252;0;0;0;0;2524237;1358263;26;0;1377107;0;0;0;0
FR;1;2021-02-24;40717;79377;1;0;80077;0;0;0;0;2564954;1437640;27;0;1457184;0;0;0;0
FR;1;2021-02-25;50177;87697;1;0;88795;0;0;0;0;2615131;1525337;28;0;1545979;0;0;0;0
FR;1;2021-02-26;47235;67556;1;0;68445;0;0;0;0;2662366;1592893;29;0;1614424;0;0;0;0
FR;1;2021-02-27;15691;21360;1;0;21573;0;0;0;0;2678057;1614253;30;0;1635997;0;0;0;0
FR;1;2021-02-28;3566;4092;2;0;4165;0;0;0;0;2681623;1618345;32;0;1640162;0;0;0;0
FR;1;2021-03-01;40232;50293;1;0;51031;0;0;0;0;2721855;1668638;33;0;1691193;0;0;0;0
FR;1;2021-03-02;55997;62429;3;0;63609;0;0;0;0;2777852;1731067;36;0;1754802;0;0;0;0
FR;1;2021-03-03;61273;60500;0;0;61941;0;0;0;0;2839125;1791567;36;0;1816743;0;0;0;0
FR;1;2021-03-04;73023;68402;3;0;70619;0;0;0;0;2912148;1859969;39;0;1887362;0;0;0;0
FR;1;2021-03-05;74787;58605;3;0;60506;0;0;0;0;2986935;1918574;42;0;1947868;0;0;0;0
FR;1;2021-03-06;82475;15735;2;0;17443;0;0;0;0;3069410;1934309;44;0;1965311;0;0;0;0
FR;1;2021-03-07;63734;3914;1;0;5459;0;0;0;0;3133144;1938223;45;0;1970770;0;0;0;0
FR;1;2021-03-08;60200;41127;2;0;42415;0;0;0;0;3193344;1979350;47;0;2013185;0;0;0;0
FR;1;2021-03-09;86016;47356;1;0;49360;0;0;0;0;3279360;2026706;48;0;2062545;0;0;0;0
FR;1;2021-03-10;90951;47743;5;0;50016;0;0;0;0;3370311;2074449;53;0;2112561;0;0;0;0
FR;1;2021-03-11;105108;54606;1;0;57683;0;0;0;0;3475419;2129055;54;0;2170244;0;0;0;0
FR;1;2021-03-12;104169;44885;1;0;47883;0;0;0;0;3579588;2173940;55;0;2218127;0;0;0;0
FR;1;2021-03-13;89226;12578;1;0;14796;0;0;0;0;3668814;2186518;56;0;2232923;0;0;0;0
FR;1;2021-03-14;44463;2655;1;0;3988;0;0;0;0;3713277;2189173;57;0;2236911;0;0;0;0
FR;1;2021-03-15;95538;27934;3;0;30286;0;0;0;0;3808815;2217107;60;0;2267197;0;0;0;0
FR;1;2021-03-16;123608;34028;5;0;37576;0;0;0;0;3932423;2251135;65;0;2304773;0;0;0;0
FR;1;2021-03-17;129327;33512;4;0;37568;0;0;0;0;4061750;2284647;69;0;2342341;0;0;0;0
FR;1;2021-03-18;142921;39154;5;0;43832;0;0;0;0;4204671;2323801;74;0;2386173;0;0;0;0
FR;1;2021-03-19;136282;32012;2;0;36605;0;0;0;0;4340953;2355813;76;0;2422778;0;0;0;0
FR;1;2021-03-20;76028;9745;1;0;11962;0;0;0;0;4416981;2365558;77;0;2434740;0;0;0;0
FR;1;2021-03-21;26523;1967;1;0;2957;0;0;0;0;4443504;2367525;78;0;2437697;0;0;0;0
FR;1;2021-03-22;114783;30211;2;0;34044;0;0;0;0;4558287;2397736;80;0;2471741;0;0;0;0
FR;1;2021-03-23;143065;37997;1;0;42788;0;0;0;0;4701352;2435733;81;0;2514529;0;0;0;0
FR;1;2021-03-24;142031;38408;0;0;43282;0;0;0;0;4843383;2474141;81;0;2557811;0;0;0;0
FR;1;2021-03-25;165045;39883;4;0;46044;0;0;0;0;5008428;2514024;85;0;2603855;0;0;0;0
FR;1;2021-03-26;166426;37411;5;1;44032;0;0;0;0;5174854;2551435;90;1;2647887;0;0;0;0
FR;1;2021-03-27;110909;15481;1;0;19492;0;0;0;0;5285763;2566916;91;1;2667379;0;0;0;0
FR;1;2021-03-28;42317;4431;3;0;5986;0;0;0;0;5328080;2571347;94;1;2673365;0;0;0;0
FR;1;2021-03-29;129853;48967;4;0;53635;0;0;0;0;5457933;2620314;98;1;2727000;0;0;0;0
FR;1;2021-03-30;167768;63835;5;0;70848;0;0;0;0;5625701;2684149;103;1;2797848;0;0;0;0
FR;1;2021-03-31;170974;68023;4;0;75548;0;0;0;0;5796675;2752172;107;1;2873396;0;0;0;0
FR;1;2021-04-01;194890;84128;10;0;93638;0;0;0;0;5991565;2836300;117;1;2967034;0;0;0;0
FR;1;2021-04-02;164477;86902;7;0;94727;0;0;0;0;6156042;2923202;124;1;3061761;0;0;0;0
FR;1;2021-04-03;88262;58223;6;0;61772;0;0;0;0;6244304;2981425;130;1;3123533;0;0;0;0
FR;1;2021-04-04;33665;17733;0;0;19234;0;0;0;0;6277969;2999158;130;1;3142767;0;0;0;0
FR;1;2021-04-05;46433;9565;11;0;11442;0;0;0;0;6324402;3008723;141;1;3154209;0;0;0;0
FR;1;2021-04-06;160354;105685;17;0;112178;0;0;0;0;6484756;3114408;158;1;3266387;0;0;0;0
FR;1;2021-04-07;197044;108101;16;0;116941;0;0;0;0;6681800;3222509;174;1;3383328;0;0;0;0
FR;1;2021-04-08;222195;114358;14;0;125721;0;0;0;0;6903995;3336867;188;1;3509049;0;0;0;0
FR;1;2021-04-09;214625;108036;21;0;118936;0;0;0;0;7118620;3444903;209;1;3627985;0;0;0;0
FR;1;2021-04-10;117211;73242;14;0;78391;0;0;0;0;7235831;3518145;223;1;3706376;0;0;0;0
FR;1;2021-04-11;40903;29892;6;0;31796;0;0;0;0;7276734;3548037;229;1;3738172;0;0;0;0
FR;1;2021-04-12;168509;104583;46;0;111834;0;0;0;0;7445243;3652620;275;1;3850006;0;0;0;0
FR;1;2021-04-13;203857;127753;97;1;137101;0;0;0;0;7649100;3780373;372;2;3987107;0;0;0;0
FR;1;2021-04-14;208691;123038;208;0;133270;0;0;0;0;7857791;3903411;580;2;4120377;0;0;0;0
FR;1;2021-04-15;221751;128253;313;0;139303;0;0;0;0;8079542;4031664;893;2;4259680;0;0;0;0
FR;1;2021-04-16;206110;125775;309;0;135446;0;0;0;0;8285652;4157439;1202;2;4395126;0;0;0;0
FR;1;2021-04-17;122112;67118;103;0;72181;0;0;0;0;8407764;4224557;1305;2;4467307;0;0;0;0
FR;1;2021-04-18;35982;21015;42;0;22723;0;0;0;0;8443746;4245572;1347;2;4490030;0;0;0;0
FR;1;2021-04-19;163784;121616;433;0;129167;0;0;0;0;8607530;4367188;1780;2;4619197;0;0;0;0
FR;1;2021-04-20;189492;149803;531;0;158932;0;0;0;0;8797022;4516991;2311;2;4778129;0;0;0;0
FR;1;2021-04-21;194064;147782;761;0;157311;0;0;0;0;8991086;4664773;3072;2;4935440;0;0;0;0
FR;1;2021-04-22;209088;164624;779;0;175855;0;0;0;0;9200174;4829397;3851;2;5111295;0;0;0;0
FR;1;2021-04-23;198999;158148;671;0;169173;0;0;0;0;9399173;4987545;4522;2;5280468;0;0;0;0
FR;1;2021-04-24;126355;95889;148;0;101959;0;0;0;0;9525528;5083434;4670;2;5382427;0;0;0;0
FR;1;2021-04-25;53642;30083;46;0;32840;0;0;0;0;9579170;5113517;4716;2;5415267;0;0;0;0
FR;1;2021-04-26;181174;140326;543;0;149045;0;0;0;0;9760344;5253843;5259;2;5564312;0;0;0;0
FR;1;2021-04-27;221406;162634;901;0;174010;0;0;0;0;9981750;5416477;6160;2;5738322;0;0;0;0
FR;1;2021-04-28;238374;156222;1314;1;168905;1;0;0;0;10220124;5572699;7474;3;5907227;1;0;0;0
FR;1;2021-04-29;270354;161694;1211;0;177300;0;0;0;0;10490478;5734393;8685;3;6084527;1;0;0;0
FR;1;2021-04-30;272030;149051;1074;0;165151;0;0;0;0;10762508;5883444;9759;3;6249678;1;0;0;0
FR;1;2021-05-01;141180;40615;173;0;48643;0;0;0;0;10903688;5924059;9932;3;6298321;1;0;0;0
FR;1;2021-05-02;81564;28243;81;0;32999;0;0;0;0;10985252;5952302;10013;3;6331320;1;0;0;0
FR;1;2021-05-03;250829;142042;803;0;155736;0;0;0;0;11236081;6094344;10816;3;6487056;1;0;0;0
FR;1;2021-05-04;265939;188053;1204;0;203624;0;0;0;0;11502020;6282397;12020;3;6690680;1;0;0;0
FR;1;2021-05-05;283977;186327;1268;0;202990;0;0;0;0;11785997;6468724;13288;3;6893670;1;0;0;0
FR;1;2021-05-06;310084;184607;1502;0;204358;0;0;0;0;12096081;6653331;14790;3;7098028;1;0;0;0
FR;1;2021-05-07;284151;196767;1128;0;214583;0;0;0;0;12380232;6850098;15918;3;7312611;1;0;0;0
FR;1;2021-05-08;191687;51628;285;0;63011;0;0;0;0;12571919;6901726;16203;3;7375622;1;0;0;0
FR;1;2021-05-09;114076;34209;236;0;41381;0;0;0;0;12685995;6935935;16439;3;7417003;1;0;0;0
FR;1;2021-05-10;258240;195102;1188;0;211095;0;0;0;0;12944235;7131037;17627;3;7628098;1;0;0;0
FR;1;2021-05-11;318946;211264;1465;0;231503;0;0;0;0;13263181;7342301;19092;3;7859601;1;0;0;0
FR;1;2021-05-12;356713;186097;1402;0;208403;0;0;0;0;13619894;7528398;20494;3;8068004;1;0;0;0
FR;1;2021-05-13;283474;47324;401;0;64246;0;0;0;0;13903368;7575722;20895;3;8132250;1;0;0;0
FR;1;2021-05-14;370544;128527;998;0;151948;0;0;0;0;14273912;7704249;21893;3;8284198;1;0;0;0
FR;1;2021-05-15;298130;66209;404;0;84916;0;0;0;0;14572042;7770458;22297;3;8369114;1;0;0;0
FR;1;2021-05-16;157797;15471;158;0;26039;0;0;0;0;14729839;7785929;22455;3;8395153;1;0;0;0
FR;1;2021-05-17;318962;116205;1441;0;138168;0;0;0;0;15048801;7902134;23896;3;8533321;1;0;0;0
FR;1;2021-05-18;383395;111695;1801;0;137644;0;0;0;0;15432196;8013829;25697;3;8670965;1;0;0;0
FR;1;2021-05-19;395325;101589;2185;0;128525;0;0;0;0;15827521;8115418;27882;3;8799490;1;0;0;0
FR;1;2021-05-20;421862;95616;2049;0;125078;0;0;0;0;16249383;8211034;29931;3;8924568;1;0;0;0
FR;1;2021-05-21;399844;97457;1765;0;125854;0;0;0;0;16649227;8308491;31696;3;9050422;1;0;0;0
FR;1;2021-05-22;275713;41925;604;0;60948;0;0;0;0;16924940;8350416;32300;3;9111370;1;0;0;0
FR;1;2021-05-23;123034;10969;224;0;20572;0;0;0;0;17047974;8361385;32524;3;9131942;1;0;0;0
FR;1;2021-05-24;244027;26268;569;0;43793;0;0;0;0;17292001;8387653;33093;3;9175735;1;0;0;0
FR;1;2021-05-25;366248;131456;2115;1;158388;0;0;0;0;17658249;8519109;35208;4;9334123;1;0;0;0
FR;1;2021-05-26;380865;127553;1996;0;155876;0;0;0;0;18039114;8646662;37204;4;9489999;1;0;0;0
FR;1;2021-05-27;406209;128368;1978;0;158847;0;0;0;0;18445323;8775030;39182;4;9648846;1;0;0;0
FR;1;2021-05-28;366081;145712;1702;0;174274;0;0;0;0;18811404;8920742;40884;4;9823120;1;0;0;0
FR;1;2021-05-29;253851;81137;527;0;100334;0;0;0;0;19065255;9001879;41411;4;9923454;1;0;0;0
FR;1;2021-05-30;100983;22601;158;0;30834;0;0;0;0;19166238;9024480;41569;4;9954288;1;0;0;0
FR;1;2021-05-31;314351;149248;1287;1;172505;1;0;0;0;19480589;9173728;42856;5;10126793;2;0;0;0
FR;1;2021-06-01;361716;166427;1733;1;194132;1;0;0;0;19842305;9340155;44589;6;10320925;3;0;0;0
FR;1;2021-06-02;365450;154542;1798;0;184083;0;0;0;0;20207755;9494697;46387;6;10505008;3;0;0;0
FR;1;2021-06-03;391506;147438;1654;0;178410;0;0;0;0;20599261;9642135;48041;6;10683418;3;0;0;0
FR;1;2021-06-04;364148;175899;1496;1;205190;1;0;0;0;20963409;9818034;49537;7;10888608;4;0;0;0
FR;1;2021-06-05;258534;112823;597;0;133184;0;0;0;0;21221943;9930857;50134;7;11021792;4;0;0;0
FR;1;2021-06-06;126834;37555;216;0;48192;0;0;0;0;21348777;9968412;50350;7;11069984;4;0;0;0
FR;1;2021-06-07;301133;207762;1368;0;233038;0;0;0;0;21649910;10176174;51718;7;11303022;4;0;0;0
FR;1;2021-06-08;330916;221020;1645;0;248980;0;0;0;0;21980826;10397194;53363;7;11552002;4;0;0;0
FR;1;2021-06-09;336664;210941;1614;0;239698;0;0;0;0;22317490;10608135;54977;7;11791700;4;0;0;0
FR;1;2021-06-10;343949;199498;1615;0;229243;0;0;0;0;22661439;10807633;56592;7;12020943;4;0;0;0
FR;1;2021-06-11;311947;234700;1300;1;262612;0;0;0;0;22973386;11042333;57892;8;12283555;4;0;0;0
FR;1;2021-06-12;244101;150610;438;0;172218;0;0;0;0;23217487;11192943;58330;8;12455773;4;0;0;0
FR;1;2021-06-13;100383;61037;188;0;70699;0;0;0;0;23317870;11253980;58518;8;12526472;4;0;0;0
FR;1;2021-06-14;207885;287569;1320;1;307380;0;0;0;0;23525755;11541549;59838;9;12833852;4;0;0;0
FR;1;2021-06-15;256915;281112;1400;1;304960;0;0;0;0;23782670;11822661;61238;10;13138812;4;0;0;0
FR;1;2021-06-16;273687;270714;1264;1;296153;0;0;0;0;24056357;12093375;62502;11;13434965;4;0;0;0
FR;1;2021-06-17;268261;245101;1241;1;271172;0;0;0;0;24324618;12338476;63743;12;13706137;4;0;0;0
FR;1;2021-06-18;260625;295194;1156;1;321020;0;0;0;0;24585243;12633670;64899;13;14027157;4;0;0;0
FR;1;2021-06-19;193469;209608;388;0;228269;0;0;0;0;24778712;12843278;65287;13;14255426;4;0;0;0
FR;1;2021-06-20;69724;89029;122;0;96867;0;0;0;0;24848436;12932307;65409;13;14352293;4;0;0;0
FR;1;2021-06-21;172400;319785;934;1;338495;1;0;0;0;25020836;13252092;66343;14;14690788;5;0;0;0
FR;1;2021-06-22;185899;348088;1102;10;369156;1;0;0;0;25206735;13600180;67445;24;15059944;6;0;0;0
FR;1;2021-06-23;204245;339654;1050;0;363554;0;0;0;0;25410980;13939834;68495;24;15423498;6;0;0;0
FR;1;2021-06-24;203557;282107;1176;0;306853;0;0;0;0;25614537;14221941;69671;24;15730351;6;0;0;0
FR;1;2021-06-25;182687;371702;1200;0;395710;0;0;0;0;25797224;14593643;70871;24;16126061;6;0;0;0
FR;1;2021-06-26;131415;278610;506;0;295985;0;0;0;0;25928639;14872253;71377;24;16422046;6;0;0;0
FR;1;2021-06-27;52422;122844;146;0;130381;0;0;0;0;25981061;14995097;71523;24;16552427;6;0;0;0
FR;1;2021-06-28;136682;368243;1066;0;386843;0;0;0;0;26117743;15363340;72589;24;16939270;6;0;0;0
FR;1;2021-06-29;154930;391171;1849;0;412262;0;0;0;0;26272673;15754511;74438;24;17351532;6;0;0;0
FR;1;2021-06-30;180077;381968;1668;4;406565;2;0;0;0;26452750;16136479;76106;28;17758097;8;0;0;0
FR;1;2021-07-01;201593;332529;1890;5;360598;0;0;0;0;26654343;16469008;77996;33;18118695;8;0;0;0
FR;1;2021-07-02;193889;367288;1765;5;395483;2;0;0;0;26848232;16836296;79761;38;18514178;10;0;0;0
FR;1;2021-07-03;124485;280410;704;3;299515;1;0;0;0;26972717;17116706;80465;41;18813693;11;0;0;0
FR;1;2021-07-04;53970;113732;244;0;122138;0;0;0;0;27026687;17230438;80709;41;18935831;11;0;0;0
FR;1;2021-07-05;153987;355775;1500;8;379113;0;0;0;0;27180674;17586213;82209;49;19314944;11;0;0;0
FR;1;2021-07-06;173534;382277;1603;45;408164;8;0;0;0;27354208;17968490;83812;94;19723108;19;0;0;0
FR;1;2021-07-07;190875;362304;1659;25;390647;2;0;0;0;27545083;18330794;85471;119;20113755;21;0;0;0
FR;1;2021-07-08;201595;322964;1827;20;353608;2;0;0;0;27746678;18653758;87298;139;20467363;23;0;0;0
FR;1;2021-07-09;189996;387759;1854;3;418158;1;0;0;0;27936674;19041517;89152;142;20885521;24;0;0;0
FR;1;2021-07-10;129968;281185;818;1;302612;0;0;0;0;28066642;19322702;89970;143;21188133;24;0;0;0
FR;1;2021-07-11;57688;102528;263;0;112405;0;0;0;0;28124330;19425230;90233;143;21300538;24;0;0;0
FR;1;2021-07-12;149932;416806;1588;4;442793;0;0;0;0;28274262;19842036;91821;147;21743331;24;0;0;0
FR;1;2021-07-13;234313;438996;1808;8;476171;0;0;0;0;28508575;20281032;93629;155;22219502;24;0;0;0
FR;1;2021-07-14;171932;151300;418;0;176928;0;0;0;0;28680507;20432332;94047;155;22396430;24;0;0;0
FR;1;2021-07-15;279707;424132;1859;1;467101;0;0;0;0;28960214;20856464;95906;156;22863531;24;0;0;0
FR;1;2021-07-16;290447;400515;1711;3;445150;1;0;0;0;29250661;21256979;97617;159;23308681;25;0;0;0
FR;1;2021-07-17;217362;281971;755;1;315433;0;0;0;0;29468023;21538950;98372;160;23624114;25;0;0;0
FR;1;2021-07-18;102032;107205;288;0;123092;0;0;0;0;29570055;21646155;98660;160;23747206;25;0;0;0
FR;1;2021-07-19;238250;378359;1498;3;414397;0;0;0;0;29808305;22024514;100158;163;24161603;25;0;0;0
FR;1;2021-07-20;305778;379723;1471;0;425542;0;0;0;0;30114083;22404237;101629;163;24587145;25;0;0;0
FR;1;2021-07-21;333315;352691;1413;4;404055;1;0;0;0;30447398;22756928;103042;167;24991200;26;0;0;0
FR;1;2021-07-22;364709;318525;1502;3;374928;1;0;0;0;30812107;23075453;104544;170;25366128;27;0;0;0
FR;1;2021-07-23;349411;342721;1589;4;398256;1;0;0;0;31161518;23418174;106133;174;25764384;28;0;0;0
FR;1;2021-07-24;238968;240734;697;1;278061;0;0;0;0;31400486;23658908;106830;175;26042445;28;0;0;0
FR;1;2021-07-25;112813;76013;223;0;93706;0;0;0;0;31513299;23734921;107053;175;26136151;28;0;0;0
FR;1;2021-07-26;299151;289264;1495;2;334972;1;0;0;0;31812450;24024185;108548;177;26471123;29;0;0;0
FR;1;2021-07-27;385873;267859;1459;4;324824;1;0;0;0;32198323;24292044;110007;181;26795947;30;0;0;0
FR;1;2021-07-28;390231;250921;1463;4;307205;1;0;0;0;32588554;24542965;111470;185;27103152;31;0;0;0
FR;1;2021-07-29;406162;227576;1541;2;284264;0;0;0;0;32994716;24770541;113011;187;27387416;31;0;0;0
FR;1;2021-07-30;370762;246478;1639;4;298305;1;0;0;0;33365478;25017019;114650;191;27685721;32;0;0;0
FR;1;2021-07-31;243396;165091;794;1;199411;0;0;0;0;33608874;25182110;115444;192;27885132;32;0;0;0
FR;1;2021-08-01;105616;47204;237;0;61196;0;0;0;0;33714490;25229314;115681;192;27946328;32;0;0;0
FR;1;2021-08-02;297440;212828;1480;2;250605;0;0;0;0;34011930;25442142;117161;194;28196933;32;0;0;0
FR;1;2021-08-03;331357;208671;1557;2;250636;1;0;0;0;34343287;25650813;118718;196;28447569;33;0;0;0
FR;1;2021-08-04;328059;183822;1440;5;223969;3;0;0;0;34671346;25834635;120158;201;28671538;36;0;0;0
FR;1;2021-08-05;301298;193082;1483;0;229374;0;0;0;0;34972644;26027717;121641;201;28900912;36;0;0;0
FR;1;2021-08-06;291006;224080;1560;3;261359;0;0;0;0;35263650;26251797;123201;204;29162271;36;0;0;0
FR;1;2021-08-07;182686;158757;655;5;181660;1;0;0;0;35446336;26410554;123856;209;29343931;37;0;0;0
FR;1;2021-08-08;68897;59100;253;0;67627;0;0;0;0;35515233;26469654;124109;209;29411558;37;0;0;0
FR;1;2021-08-09;222801;235140;1446;4;263842;2;0;0;0;35738034;26704794;125555;213;29675400;39;0;0;0
FR;1;2021-08-10;252764;239820;1492;2;271649;0;0;0;0;35990798;26944614;127047;215;29947049;39;0;0;0
FR;1;2021-08-11;236257;231718;1272;5;261227;0;0;0;0;36227055;27176332;128319;220;30208276;39;0;0;0
FR;1;2021-08-12;220806;239713;1492;3;267799;0;0;0;0;36447861;27416045;129811;223;30476075;39;0;0;0
FR;1;2021-08-13;201733;238487;1361;2;264023;2;0;0;0;36649594;27654532;131172;225;30740098;41;0;0;0
FR;1;2021-08-14;122877;174034;645;0;189536;0;0;0;0;36772471;27828566;131817;225;30929634;41;0;0;0
FR;1;2021-08-15;34711;46113;201;1;50330;0;0;0;0;36807182;27874679;132018;226;30979964;41;0;0;0
FR;1;2021-08-16;156967;289321;1424;0;309889;0;0;0;0;36964149;28164000;133442;226;31289853;41;0;0;0
FR;1;2021-08-17;171626;290949;1422;5;313349;0;0;0;0;37135775;28454949;134864;231;31603202;41;0;0;0
FR;1;2021-08-18;161452;286672;1394;6;307299;3;0;0;0;37297227;28741621;136258;237;31910501;44;0;0;0
FR;1;2021-08-19;148963;277411;1405;1;297250;0;0;0;0;37446190;29019032;137663;238;32207751;44;0;0;0
FR;1;2021-08-20;140534;308909;1535;2;328138;2;0;0;0;37586724;29327941;139198;240;32535889;46;0;0;0
FR;1;2021-08-21;84288;213211;589;0;224529;0;0;0;0;37671012;29541152;139787;240;32760418;46;0;0;0
FR;1;2021-08-22;28585;82695;233;0;86699;0;0;0;0;37699597;29623847;140020;240;32847117;46;0;0;0
FR;1;2021-08-23;118674;320940;1422;2;337669;0;0;0;0;37818271;29944787;141442;242;33184786;46;0;0;0
FR;1;2021-08-24;126688;319598;1604;5;337409;0;0;0;0;37944959;30264385;143046;247;33522195;46;0;0;0
FR;1;2021-08-25;121548;306410;1783;8;323581;2;0;0;0;38066507;30570795;144829;255;33845776;48;0;0;0
FR;1;2021-08-26;106649;286081;2165;10;302377;0;0;0;0;38173156;30856876;146994;265;34148153;48;0;0;0
FR;1;2021-08-27;107659;321586;2303;9;338839;1;0;0;0;38280815;31178462;149297;274;34486992;49;0;0;0
FR;1;2021-08-28;71030;220701;1102;0;231221;0;0;0;0;38351845;31399163;150399;274;34718213;49;0;0;0
FR;1;2021-08-29;24156;78209;469;1;82099;0;0;0;0;38376001;31477372;150868;275;34800312;49;0;0;0
FR;1;2021-08-30;96904;286268;4315;6;299752;4968;0;0;0;38472905;31763640;155183;281;35100064;5017;0;0;0
FR;1;2021-08-31;98136;276231;9295;15;289898;10062;2;0;0;38571041;32039871;164478;296;35389962;15079;2;0;0
FR;1;2021-09-01;112366;245286;21122;8;257667;22158;1;0;0;38683407;32285157;185600;304;35647629;37237;3;0;0
FR;1;2021-09-02;86758;197904;24536;18;208299;25518;0;0;0;38770165;32483061;210136;322;35855928;62755;3;0;0
FR;1;2021-09-03;82434;227479;26958;21;238917;28038;0;0;0;38852599;32710540;237094;343;36094845;90793;3;0;0
FR;1;2021-09-04;71632;189719;11141;11;199298;11712;7;0;0;38924231;32900259;248235;354;36294143;102505;10;0;0
FR;1;2021-09-05;18614;41142;4126;2;43849;4275;0;0;0;38942845;32941401;252361;356;36337992;106780;10;0;0
FR;1;2021-09-06;59825;151363;30182;15;158893;31205;2;0;0;39002670;33092764;282543;371;36496885;137985;12;0;0
FR;1;2021-09-07;57400;139622;30215;30;146741;31253;2;0;0;39060070;33232386;312758;401;36643626;169238;14;0;0
FR;1;2021-09-08;72358;173795;26926;22;182266;27967;4;0;0;39132428;33406181;339684;423;36825892;197205;18;0;0
FR;1;2021-09-09;54514;124426;28638;24;131184;29745;5;0;0;39186942;33530607;368322;447;36957076;226950;23;0;0
FR;1;2021-09-10;66225;152066;30452;24;161152;31692;5;0;0;39253167;33682673;398774;471;37118228;258642;28;0;0
FR;1;2021-09-11;52689;146638;9731;14;154127;10356;0;0;0;39305856;33829311;408505;485;37272355;268998;28;0;0
FR;1;2021-09-12;10800;29269;2491;1;30967;2661;2;0;0;39316656;33858580;410996;486;37303322;271659;30;0;0
FR;1;2021-09-13;51520;104392;38767;31;110926;40096;16;0;0;39368176;33962972;449763;517;37414248;311755;46;0;0
FR;1;2021-09-14;53343;96010;51292;67;102370;53292;42;0;0;39421519;34058982;501055;584;37516618;365047;88;0;0
FR;1;2021-09-15;60592;139226;50499;55;146395;47072;67;0;0;39482111;34198208;551554;639;37663013;412119;155;0;0
FR;1;2021-09-16;46646;81362;53354;70;86256;49612;60;0;0;39528757;34279570;604908;709;37749269;461731;215;0;0
FR;1;2021-09-17;53227;109328;45085;61;115662;42718;61;0;0;39581984;34388898;649993;770;37864931;504449;276;0;0
FR;1;2021-09-18;37887;118499;11797;19;124081;11280;19;0;0;39619871;34507397;661790;789;37989012;515729;295;0;0
FR;1;2021-09-19;6531;21022;2045;1;22126;1985;1;0;0;39626402;34528419;663835;790;38011138;517714;296;0;0
FR;1;2021-09-20;36543;74844;46231;65;78564;44198;30;0;0;39662945;34603263;710066;855;38089702;561912;326;0;0
FR;1;2021-09-21;34209;68099;56270;72;71134;52747;76;0;0;39697154;34671362;766336;927;38160836;614659;402;0;0
FR;1;2021-09-22;38851;118608;49883;76;123027;46935;39;0;0;39736005;34789970;816219;1003;38283863;661594;441;0;0
FR;1;2021-09-23;32043;62890;54515;85;65793;50921;76;0;0;39768048;34852860;870734;1088;38349656;712515;517;0;0
FR;1;2021-09-24;36804;90017;43678;89;94375;41959;57;0;0;39804852;34942877;914412;1177;38444031;754474;574;0;0
FR;1;2021-09-25;27655;96714;12308;27;101064;12190;19;0;0;39832507;35039591;926720;1204;38545095;766664;593;0;0
FR;1;2021-09-26;4390;15201;1777;5;16066;1699;4;0;0;39836897;35054792;928497;1209;38561161;768363;597;0;0
FR;1;2021-09-27;27356;60208;42930;89;63438;41661;78;0;1;39864253;35115000;971427;1298;38624599;810024;675;0;1
FR;1;2021-09-28;26913;49418;47207;76;52034;44494;40;0;0;39891166;35164418;1018634;1374;38676633;854518;715;0;1
FR;1;2021-09-29;35927;80253;47297;88;84639;45624;33;0;0;39927093;35244671;1065931;1462;38761272;900142;748;0;1
FR;1;2021-09-30;26078;46900;47530;80;49258;45480;52;0;0;39953171;35291571;1113461;1542;38810530;945622;800;0;1
FR;1;2021-10-01;47307;66912;44909;83;70794;44633;14;0;0;40000478;35358483;1158370;1625;38881324;990255;814;0;1
FR;1;2021-10-02;32385;62416;16114;32;67224;16325;6;0;0;40032863;35420899;1174484;1657;38948548;1006580;820;0;1
FR;1;2021-10-03;4343;8563;2043;3;9312;2038;4;0;0;40037206;35429462;1176527;1660;38957860;1008618;824;0;1
FR;1;2021-10-04;28986;44425;47117;79;46837;46986;31;0;0;40066192;35473887;1223644;1739;39004697;1055604;855;0;1
FR;1;2021-10-05;24576;41640;49895;116;43136;49353;46;0;0;40090768;35515527;1273539;1855;39047833;1104957;901;0;1
FR;1;2021-10-06;34660;61394;57510;101;64501;57266;24;0;0;40125428;35576921;1331049;1956;39112334;1162223;925;0;1
FR;1;2021-10-07;21084;39911;53056;74;41089;52002;32;0;0;40146512;35616832;1384105;2030;39153423;1214225;957;0;1
FR;1;2021-10-08;35672;59644;60412;83;62871;61169;28;0;0;40182184;35676476;1444517;2113;39216294;1275394;985;0;1
FR;1;2021-10-09;27466;48025;25498;29;52491;26028;10;0;0;40209650;35724501;1470015;2142;39268785;1301422;995;0;1
FR;1;2021-10-10;3727;5811;2759;7;6289;2865;1;0;0;40213377;35730312;1472774;2149;39275074;1304287;996;0;1
FR;1;2021-10-11;24858;38210;54590;88;40294;55272;43;0;0;40238235;35768522;1527364;2237;39315368;1359559;1039;0;1
FR;1;2021-10-12;23387;36580;58078;128;37078;59241;18;0;0;40261622;35805102;1585442;2365;39352446;1418800;1057;0;1
FR;1;2021-10-13;32975;47839;64177;125;50643;65703;22;0;1;40294597;35852941;1649619;2490;39403089;1484503;1079;0;2
FR;1;2021-10-14;21715;34774;53776;103;35680;54373;21;0;0;40316312;35887715;1703395;2593;39438769;1538876;1100;0;2
FR;1;2021-10-15;32757;48765;72340;165;50457;75037;22;0;0;40349069;35936480;1775735;2758;39489226;1613913;1122;0;2
FR;1;2021-10-16;26014;35283;34874;45;38298;36432;13;0;0;40375083;35971763;1810609;2803;39527524;1650345;1135;0;2
FR;1;2021-10-17;3161;4054;3418;2;4497;3319;3;0;0;40378244;35975817;1814027;2805;39532021;1653664;1138;0;2
FR;1;2021-10-18;24353;34879;66853;132;34917;69738;27;0;0;40402597;36010696;1880880;2937;39566938;1723402;1165;0;2
FR;1;2021-10-19;20724;35572;75678;135;33222;79610;40;0;0;40423321;36046268;1956558;3072;39600160;1803012;1205;0;2
FR;1;2021-10-20;29918;44206;96191;178;43280;99882;45;0;0;40453239;36090474;2052749;3250;39643440;1902894;1250;0;2
FR;1;2021-10-21;19807;35053;83202;107;31763;87065;29;0;0;40473046;36125527;2135951;3357;39675203;1989959;1279;0;2
FR;1;2021-10-22;29756;47759;103757;196;44556;109723;58;0;0;40502802;36173286;2239708;3553;39719759;2099682;1337;0;2
FR;1;2021-10-23;23055;35143;44876;57;36130;47386;11;0;0;40525857;36208429;2284584;3610;39755889;2147068;1348;0;2
FR;1;2021-10-24;2407;3841;3585;6;4041;3718;1;0;0;40528264;36212270;2288169;3616;39759930;2150786;1349;0;2
FR;1;2021-10-25;22504;30718;82031;143;29600;85840;36;0;0;40550768;36242988;2370200;3759;39789530;2236626;1385;0;2
FR;1;2021-10-26;19368;27643;86127;162;24736;90357;30;0;0;40570136;36270631;2456327;3921;39814266;2326983;1415;0;2
FR;1;2021-10-27;26223;39610;107828;252;37301;112743;45;0;0;40596359;36310241;2564155;4173;39851567;2439726;1460;0;2
FR;1;2021-10-28;18804;27109;86970;150;23482;91739;34;0;0;40615163;36337350;2651125;4323;39875049;2531465;1494;0;2
FR;1;2021-10-29;25936;40252;114845;202;35485;121684;49;0;0;40641099;36377602;2765970;4525;39910534;2653149;1543;0;2
FR;1;2021-10-30;17714;28718;49373;74;28302;51970;18;0;0;40658813;36406320;2815343;4599;39938836;2705119;1561;0;2
FR;1;2021-10-31;2088;3169;3452;2;3215;3686;2;0;0;40660901;36409489;2818795;4601;39942051;2708805;1563;0;2
FR;1;2021-11-01;8027;4273;3037;3;4357;3294;6;0;0;40668928;36413762;2821832;4604;39946408;2712099;1569;0;2
FR;1;2021-11-02;22918;33218;92416;156;29173;97870;39;0;1;40691846;36446980;2914248;4760;39975581;2809969;1608;0;3
FR;1;2021-11-03;26638;41549;117526;219;36997;123910;56;0;0;40718484;36488529;3031774;4979;40012578;2933879;1664;0;3
FR;1;2021-11-04;19630;30288;105827;213;24183;111971;42;0;0;40738114;36518817;3137601;5192;40036761;3045850;1706;0;3
FR;1;2021-11-05;27035;42300;138800;230;34180;147490;47;0;0;40765149;36561117;3276401;5422;40070941;3193340;1753;0;3
FR;1;2021-11-06;18864;29807;63501;123;27605;66521;24;0;0;40784013;36590924;3339902;5545;40098546;3259861;1777;0;3
FR;1;2021-11-07;1835;3267;4985;6;3024;5302;5;0;0;40785848;36594191;3344887;5551;40101570;3265163;1782;0;3
FR;1;2021-11-08;17882;32248;126022;224;25388;132662;47;0;0;40803730;36626439;3470909;5775;40126958;3397825;1829;0;3
FR;1;2021-11-09;19521;37607;159334;334;26129;169157;63;0;0;40823251;36664046;3630243;6109;40153087;3566982;1892;0;3
FR;1;2021-11-10;28895;49047;181931;441;39011;192548;82;0;0;40852146;36713093;3812174;6550;40192098;3759530;1974;0;3
FR;1;2021-11-11;4192;5930;12240;26;5107;13030;14;0;0;40856338;36719023;3824414;6576;40197205;3772560;1988;0;3
FR;1;2021-11-12;26028;46818;174848;244;35281;186550;76;0;0;40882366;36765841;3999262;6820;40232486;3959110;2064;0;3
FR;1;2021-11-13;18736;29144;76847;111;25370;81792;40;0;0;40901102;36794985;4076109;6931;40257856;4040902;2104;0;3
FR;1;2021-11-14;2051;3240;6828;5;2796;7358;6;0;0;40903153;36798225;4082937;6936;40260652;4048260;2110;0;3
FR;1;2021-11-15;18798;34708;156449;306;24616;166286;59;0;0;40921951;36832933;4239386;7242;40285268;4214546;2169;0;3
FR;1;2021-11-16;21369;37809;192164;380;23315;205081;99;0;1;40943320;36870742;4431550;7622;40308583;4419627;2268;0;4
FR;1;2021-11-17;28675;45548;193256;398;33019;205081;92;0;0;40971995;36916290;4624806;8020;40341602;4624708;2360;0;4
FR;1;2021-11-18;21149;39598;182546;459;25136;194674;85;0;0;40993144;36955888;4807352;8479;40366738;4819382;2445;0;4
FR;1;2021-11-19;30894;53318;230287;532;34811;246784;134;0;0;41024038;37009206;5037639;9011;40401549;5066166;2579;0;4
FR;1;2021-11-20;23776;33216;97003;202;26735;103656;40;0;0;41047814;37042422;5134642;9213;40428284;5169822;2619;0;4
FR;1;2021-11-21;2342;3909;9134;19;2957;9940;16;0;0;41050156;37046331;5143776;9232;40431241;5179762;2635;0;4
FR;1;2021-11-22;21426;30328;175932;467;16944;189482;79;0;0;41071582;37076659;5319708;9699;40448185;5369244;2714;0;4
FR;1;2021-11-23;24033;40969;221266;540;21318;238019;77;0;0;41095615;37117628;5540974;10239;40469503;5607263;2791;0;4
FR;1;2021-11-24;30298;49641;217403;701;31960;234586;67;0;0;41125913;37167269;5758377;10940;40501463;5841849;2858;0;4
FR;1;2021-11-25;23732;44044;244528;718;22070;264229;101;0;0;41149645;37211313;6002905;11658;40523533;6106078;2959;0;4
FR;1;2021-11-26;30618;66639;356843;836;33239;388631;154;0;0;41180263;37277952;6359748;12494;40556772;6494709;3113;0;4
FR;1;2021-11-27;21960;45262;202667;372;26149;222698;112;0;0;41202223;37323214;6562415;12866;40582921;6717407;3225;0;4
FR;1;2021-11-28;3180;9543;54804;63;3468;61016;37;0;0;41205403;37332757;6617219;12929;40586389;6778423;3262;0;4
FR;1;2021-11-29;17905;49470;326438;841;20782;354582;150;0;0;41223308;37382227;6943657;13770;40607171;7133005;3412;0;4
FR;1;2021-11-30;22790;64816;431197;952;23792;470847;266;0;0;41246098;37447043;7374854;14722;40630963;7603852;3678;0;4
FR;1;2021-12-01;25365;69037;442956;1131;28429;481822;271;0;0;41271463;37516080;7817810;15853;40659392;8085674;3949;0;4
FR;1;2021-12-02;20094;64292;489465;1230;18430;532969;274;0;0;41291557;37580372;8307275;17083;40677822;8618643;4223;0;4
FR;1;2021-12-03;22912;82298;542843;1310;30269;591859;308;0;0;41314469;37662670;8850118;18393;40708091;9210502;4531;0;4
FR;1;2021-12-04;16416;53779;299138;654;23204;328999;180;0;0;41330885;37716449;9149256;19047;40731295;9539501;4711;0;4
FR;1;2021-12-05;3635;13773;81549;143;4193;91048;85;0;0;41334520;37730222;9230805;19190;40735488;9630549;4796;0;4
FR;1;2021-12-06;25847;62420;415525;1066;22059;455254;358;0;0;41360367;37792642;9646330;20256;40757547;10085803;5154;0;4
FR;1;2021-12-07;20020;75454;523083;1536;24272;572743;372;0;0;41380387;37868096;10169413;21792;40781819;10658546;5526;0;4
FR;1;2021-12-08;21719;75490;458639;1545;30647;502297;377;0;0;41402106;37943586;10628052;23337;40812466;11160843;5903;0;4
FR;1;2021-12-09;19473;73924;493115;1624;24308;541128;398;0;0;41421579;38017510;11121167;24961;40836774;11701971;6301;0;4
FR;1;2021-12-10;23330;87513;547476;1585;32412;600117;392;0;1;41444909;38105023;11668643;26546;40869186;12302088;6693;0;5
FR;1;2021-12-11;16533;59085;302769;751;25944;335502;278;0;0;41461442;38164108;11971412;27297;40895130;12637590;6971;0;5
FR;1;2021-12-12;4398;15877;83240;179;5242;94048;96;0;0;41465840;38179985;12054652;27476;40900372;12731638;7067;0;5
FR;1;2021-12-13;15761;63390;367088;1094;23898;406371;236;0;0;41481601;38243375;12421740;28570;40924270;13138009;7303;0;5
FR;1;2021-12-14;20870;80103;464907;1749;28629;515366;507;0;1;41502471;38323478;12886647;30319;40952899;13653375;7810;0;6
FR;1;2021-12-15;21629;77285;409188;1309;33002;453257;311;0;1;41524100;38400763;13295835;31628;40985901;14106632;8121;0;7
FR;1;2021-12-16;20069;77048;452014;1577;27919;500753;324;0;0;41544169;38477811;13747849;33205;41013820;14607385;8445;0;7
FR;1;2021-12-17;22628;86368;480032;1737;34638;531057;372;0;0;41566797;38564179;14227881;34942;41048458;15138442;8817;0;7
FR;1;2021-12-18;17610;54546;257663;731;24681;288530;232;0;0;41584407;38618725;14485544;35673;41073139;15426972;9049;0;7
FR;1;2021-12-19;5563;16906;79205;194;5920;90676;117;0;0;41589970;38635631;14564749;35867;41079059;15517648;9166;0;7
FR;1;2021-12-20;20957;62865;316306;1082;26483;355338;286;0;0;41610927;38698496;14881055;36949;41105542;15872986;9452;0;7
FR;1;2021-12-21;26344;72856;372822;1422;30551;418150;338;0;0;41637271;38771352;15253877;38371;41136093;16291136;9790;0;7
FR;1;2021-12-22;24989;65637;310706;1217;29568;349628;361;0;1;41662260;38836989;15564583;39588;41165661;16640764;10151;0;8
FR;1;2021-12-23;21279;52104;241543;958;23338;273076;362;0;0;41683539;38889093;15806126;40546;41188999;16913840;10513;0;8
FR;1;2021-12-24;7130;18268;67172;258;9243;77064;154;0;1;41690669;38907361;15873298;40804;41198242;16990904;10667;0;9
FR;1;2021-12-25;510;2864;5595;15;1797;6539;55;0;0;41691179;38910225;15878893;40819;41200039;16997443;10722;0;9
FR;1;2021-12-26;2751;7566;26961;71;3490;31471;100;0;0;41693930;38917791;15905854;40890;41203529;17028914;10822;0;9
FR;1;2021-12-27;18312;53456;235148;705;25447;265807;365;0;0;41712242;38971247;16141002;41595;41228976;17294721;11187;0;9
FR;1;2021-12-28;23302;61879;292071;1026;26988;330246;595;0;1;41735544;39033126;16433073;42621;41255964;17624967;11782;0;10
FR;1;2021-12-29;22218;55369;255049;921;25253;288245;645;0;1;41757762;39088495;16688122;43542;41281217;17913212;12427;0;11
FR;1;2021-12-30;21240;46406;212183;857;22443;239631;718;0;0;41779002;39134901;16900305;44399;41303660;18152843;13145;0;11
FR;1;2021-12-31;7468;16534;61882;229;8712;70416;347;0;0;41786470;39151435;16962187;44628;41312372;18223259;13492;0;11
FR;1;2022-01-01;1171;2489;5668;30;1543;6577;73;0;0;41787641;39153924;16967855;44658;41313915;18229836;13565;0;11
FR;1;2022-01-02;3096;8074;28896;50;3672;33537;190;0;0;41790737;39161998;16996751;44708;41317587;18263373;13755;0;11
FR;1;2022-01-03;27018;54160;228289;790;27528;257749;964;0;1;41817755;39216158;17225040;45498;41345115;18521122;14719;0;12
FR;1;2022-01-04;26374;64968;299328;1241;29772;337373;1367;0;2;41844129;39281126;17524368;46739;41374887;18858495;16086;0;14
FR;1;2022-01-05;30572;64238;274938;1099;32507;310316;1264;0;0;41874701;39345364;17799306;47838;41407394;19168811;17350;0;14
FR;1;2022-01-06;26862;66197;306957;1404;29270;346633;1568;0;1;41901563;39411561;18106263;49242;41436664;19515444;18918;0;15
FR;1;2022-01-07;31584;74957;349881;1538;34383;394009;1822;0;1;41933147;39486518;18456144;50780;41471047;19909453;20740;0;16
FR;1;2022-01-08;23391;51358;222512;698;25571;251140;913;0;1;41956538;39537876;18678656;51478;41496618;20160593;21653;0;17
FR;1;2022-01-09;7091;17130;66036;163;8165;76142;335;0;0;41963629;39555006;18744692;51641;41504783;20236735;21988;0;17
FR;1;2022-01-10;21815;60570;236838;957;32913;267627;1258;0;1;41985444;39615576;18981530;52598;41537696;20504362;23246;0;18
FR;1;2022-01-11;26787;63427;282348;1281;31188;317864;1838;0;1;42012231;39679003;19263878;53879;41568884;20822226;25084;0;19
FR;1;2022-01-12;28969;62477;246305;1106;35041;278094;1686;0;3;42041200;39741480;19510183;54985;41603925;21100320;26770;0;22
FR;1;2022-01-13;24791;60152;262845;1253;30023;296165;1993;0;4;42065991;39801632;19773028;56238;41633948;21396485;28763;0;26
FR;1;2022-01-14;27972;66680;314057;1366;32102;351308;2475;0;1;42093963;39868312;20087085;57604;41666050;21747793;31238;0;27
FR;1;2022-01-15;19371;44408;199333;619;22461;223870;1363;0;1;42113334;39912720;20286418;58223;41688511;21971663;32601;0;28
FR;1;2022-01-16;5161;12953;51537;135;6018;59557;338;0;0;42118495;39925673;20337955;58358;41694529;22031220;32939;0;28
FR;1;2022-01-17;16883;39658;184868;783;20108;206845;1690;0;2;42135378;39965331;20522823;59141;41714637;22238065;34629;0;30
FR;1;2022-01-18;19460;45958;212464;1154;22983;237066;2456;0;1;42154838;40011289;20735287;60295;41737620;22475131;37085;0;31
FR;1;2022-01-19;20314;43936;176151;898;25463;197206;1977;0;4;42175152;40055225;20911438;61193;41763083;22672337;39062;0;35
FR;1;2022-01-20;16853;40568;183727;1147;20814;204772;2517;0;2;42192005;40095793;21095165;62340;41783897;22877109;41579;0;37
FR;1;2022-01-21;19924;47001;228984;1405;23880;253361;3106;0;1;42211929;40142794;21324149;63745;41807777;23130470;44685;0;38
FR;1;2022-01-22;13845;33331;144509;579;18432;161398;1404;0;2;42225774;40176125;21468658;64324;41826209;23291868;46089;0;40
FR;1;2022-01-23;3379;8763;33439;132;4576;38324;352;0;1;42229153;40184888;21502097;64456;41830785;23330192;46441;0;41
FR;1;2022-01-24;11817;32968;142243;718;17788;158280;2105;0;1;42240970;40217856;21644340;65174;41848573;23488472;48546;0;42
FR;1;2022-01-25;14217;38159;163436;1049;20282;181571;3181;0;1;42255187;40256015;21807776;66223;41868855;23670043;51727;0;43
FR;1;2022-01-26;14865;37722;150273;934;22633;166402;2516;0;1;42270052;40293737;21958049;67157;41891488;23836445;54243;0;44
FR;1;2022-01-27;12341;33336;143472;896;18496;158051;3230;0;3;42282393;40327073;22101521;68053;41909984;23994496;57473;0;47
FR;1;2022-01-28;16331;56907;198337;1144;32662;222397;4007;0;3;42298724;40383980;22299858;69197;41942646;24216893;61480;0;50
FR;1;2022-01-29;10270;35467;135216;525;19612;151541;1879;0;1;42308994;40419447;22435074;69722;41962258;24368434;63359;0;51
FR;1;2022-01-30;2485;9254;29688;86;4827;34449;434;0;1;42311479;40428701;22464762;69808;41967085;24402883;63793;0;52
FR;1;2022-01-31;8759;32461;104354;533;19470;117343;2340;0;3;42320238;40461162;22569116;70341;41986555;24520226;66133;0;55
FR;1;2022-02-01;11010;36444;127095;866;20629;141217;4320;0;1;42331248;40497606;22696211;71207;42007184;24661443;70453;0;56
FR;1;2022-02-02;12169;41572;130371;782;25262;145817;3774;0;9;42343417;40539178;22826582;71989;42032446;24807260;74227;0;65
FR;1;2022-02-03;9520;34054;117034;785;19122;130333;4284;0;4;42352937;40573232;22943616;72774;42051568;24937593;78511;0;69
FR;1;2022-02-04;11544;49691;172589;968;26982;192724;5479;0;5;42364481;40622923;23116205;73742;42078550;25130317;83990;0;74
FR;1;2022-02-05;8000;33921;117593;391;18170;133024;2414;0;3;42372481;40656844;23233798;74133;42096720;25263341;86404;0;77
FR;1;2022-02-06;1706;7995;22754;86;3873;26905;444;0;0;42374187;40664839;23256552;74219;42100593;25290246;86848;0;77
FR;1;2022-02-07;7368;35386;119114;460;18173;134970;3398;0;4;42381555;40700225;23375666;74679;42118766;25425216;90246;0;81
FR;1;2022-02-08;7772;31960;125676;696;14892;140666;4301;0;5;42389327;40732185;23501342;75375;42133658;25565882;94547;0;86
FR;1;2022-02-09;8741;36529;135267;702;17930;152510;3884;0;7;42398068;40768714;23636609;76077;42151588;25718392;98431;0;93
FR;1;2022-02-10;7032;30146;116383;677;13911;130171;4445;0;1;42405100;40798860;23752992;76754;42165499;25848563;102876;0;94
FR;1;2022-02-11;8662;41569;165150;878;18383;185374;5430;0;3;42413762;40840429;23918142;77632;42183882;26033937;108306;0;97
FR;1;2022-02-12;5346;27617;106715;379;12540;120900;2396;0;2;42419108;40868046;24024857;78011;42196422;26154837;110702;0;99
FR;1;2022-02-13;1269;5721;21721;66;2188;25339;402;0;3;42420377;40873767;24046578;78077;42198610;26180176;111104;0;102
FR;1;2022-02-14;5462;27230;118095;395;10644;133123;3385;0;4;42425839;40900997;24164673;78472;42209254;26313299;114489;0;106
FR;1;2022-02-15;5797;28872;118941;611;12221;132572;4883;0;1;42431636;40929869;24283614;79083;42221475;26445871;119372;0;107
FR;1;2022-02-16;5763;28496;110429;597;13763;123059;4153;0;3;42437399;40958365;24394043;79680;42235238;26568930;123525;0;110
FR;1;2022-02-17;4617;19749;73156;489;10129;80263;3999;0;3;42442016;40978114;24467199;80169;42245367;26649193;127524;0;113
FR;1;2022-02-18;5615;26804;99209;673;14176;108171;5519;0;2;42447631;41004918;24566408;80842;42259543;26757364;133043;0;115
FR;1;2022-02-19;3552;17178;59479;305;9571;66060;2267;0;0;42451183;41022096;24625887;81147;42269114;26823424;135310;0;115
FR;1;2022-02-20;794;3258;10706;36;1651;12333;360;0;1;42451977;41025354;24636593;81183;42270765;26835757;135670;0;116
FR;1;2022-02-21;3430;14599;52830;286;7919;57678;3126;0;2;42455407;41039953;24689423;81469;42278684;26893435;138796;0;118
FR;1;2022-02-22;3804;15550;51919;500;9047;55657;4070;0;1;42459211;41055503;24741342;81969;42287731;26949092;142866;0;119
FR;1;2022-02-23;4235;17828;57487;510;10748;62589;3568;0;3;42463446;41073331;24798829;82479;42298479;27011681;146434;0;122
FR;1;2022-02-24;3345;13146;43620;436;7841;46410;3658;0;2;42466791;41086477;24842449;82915;42306320;27058091;150092;0;124
FR;1;2022-02-25;4478;20133;64928;697;12250;68799;5768;0;4;42471269;41106610;24907377;83612;42318570;27126890;155860;0;128
FR;1;2022-02-26;2698;12806;41371;310;7653;45124;2494;0;2;42473967;41119416;24948748;83922;42326223;27172014;158354;0;130
FR;1;2022-02-27;644;2192;7131;42;1207;7994;433;0;0;42474611;41121608;24955879;83964;42327430;27180008;158787;0;130
FR;1;2022-02-28;2614;10501;34969;306;6081;37395;3124;0;0;42477225;41132109;24990848;84270;42333511;27217403;161911;0;130
FR;1;2022-03-01;3592;10762;38706;391;6364;39662;4548;0;4;42480817;41142871;25029554;84661;42339875;27257065;166459;0;134
FR;1;2022-03-02;3685;12287;41871;399;7554;43941;4111;0;1;42484502;41155158;25071425;85060;42347429;27301006;170570;0;135
FR;1;2022-03-03;2464;7994;26185;329;5249;26523;3380;0;1;42486966;41163152;25097610;85389;42352678;27327529;173950;0;136
FR;1;2022-03-04;2691;10553;35468;594;6985;34962;5280;0;3;42489657;41173705;25133078;85983;42359663;27362491;179230;0;139
FR;1;2022-03-05;1823;6370;21972;280;4208;22370;2572;0;1;42491480;41180075;25155050;86263;42363871;27384861;181802;0;140
FR;1;2022-03-06;360;959;2918;38;605;3121;327;0;0;42491840;41181034;25157968;86301;42364476;27387982;182129;0;140
FR;1;2022-03-07;1923;4724;16441;245;3046;15909;2831;0;4;42493763;41185758;25174409;86546;42367522;27403891;184960;0;144
FR;1;2022-03-08;1719;5261;17172;309;3672;16001;3471;0;3;42495482;41191019;25191581;86855;42371194;27419892;188431;0;147
FR;1;2022-03-09;1988;6749;19821;371;4824;19179;3424;0;4;42497470;41197768;25211402;87226;42376018;27439071;191855;0;151
FR;1;2022-03-10;1416;5023;15302;309;3675;14340;2944;0;2;42498886;41202791;25226704;87535;42379693;27453411;194799;0;153
FR;1;2022-03-11;1761;6416;21717;487;4450;19873;4737;0;1;42500647;41209207;25248421;88022;42384143;27473284;199536;0;154
FR;1;2022-03-12;1264;4651;15367;281;3092;14915;2687;0;2;42501911;41213858;25263788;88303;42387235;27488199;202223;0;156
FR;1;2022-03-13;258;614;2119;120;416;2065;469;0;0;42502169;41214472;25265907;88423;42387651;27490264;202692;0;156
FR;1;2022-03-14;1160;3682;13409;3882;2297;12530;6342;0;8;42503329;41218154;25279316;92305;42389948;27502794;209034;0;164
FR;1;2022-03-15;1409;5736;14665;6865;4320;13262;9847;0;8;42504738;41223890;25293981;99170;42394268;27516056;218881;0;172
FR;1;2022-03-16;1700;5092;17401;11522;3603;16465;14127;0;6;42506438;41228982;25311382;110692;42397871;27532521;233008;0;178
FR;1;2022-03-17;1182;3442;11734;9648;2367;10829;11732;0;8;42507620;41232424;25323116;120340;42400238;27543350;244740;0;186
FR;1;2022-03-18;1725;4931;17980;16508;3324;16419;19722;0;14;42509345;41237355;25341096;136848;42403562;27559769;264462;0;200
FR;1;2022-03-19;1126;3302;11891;8460;2277;11362;10142;0;6;42510471;41240657;25352987;145308;42405839;27571131;274604;0;206
FR;1;2022-03-20;225;562;1726;1015;364;1761;1224;0;2;42510696;41241219;25354713;146323;42406203;27572892;275828;0;208
FR;1;2022-03-21;1088;2768;11506;13462;1787;10857;15142;0;10;42511784;41243987;25366219;159785;42407990;27583749;290970;0;218
FR;1;2022-03-22;1282;3216;12265;18716;2156;11254;20619;0;5;42513066;41247203;25378484;178501;42410146;27595003;311589;0;223
FR;1;2022-03-23;1516;4365;16035;20112;2961;15716;21884;0;34;42514582;41251568;25394519;198613;42413107;27610719;333473;0;257
FR;1;2022-03-24;1121;2754;10405;16060;1910;9666;17565;0;15;42515703;41254322;25404924;214673;42415017;27620385;351038;0;272
FR;1;2022-03-25;1540;4364;16758;25315;2882;15409;27960;0;23;42517243;41258686;25421682;239988;42417899;27635794;378998;0;295
FR;1;2022-03-26;1110;3018;10856;11452;2065;10518;12864;0;20;42518353;41261704;25432538;251440;42419964;27646312;391862;0;315
FR;1;2022-03-27;237;546;1751;1383;334;1804;1594;0;1;42518590;41262250;25434289;252823;42420298;27648116;393456;0;316
FR;1;2022-03-28;1086;2490;9981;15885;1558;9602;17230;0;10;42519676;41264740;25444270;268708;42421856;27657718;410686;0;326
FR;1;2022-03-29;1140;2754;11562;25112;1602;10926;26509;0;30;42520816;41267494;25455832;293820;42423458;27668644;437195;0;356
FR;1;2022-03-30;1632;3680;14176;24233;2454;13716;25897;0;19;42522448;41271174;25470008;318053;42425912;27682360;463092;0;375
FR;1;2022-03-31;1281;3033;11702;22704;2061;11215;24025;0;40;42523729;41274207;25481710;340757;42427973;27693575;487117;0;415
FR;1;2022-04-01;2243;4025;18492;28533;2482;17362;30805;0;54;42525972;41278232;25500202;369290;42430455;27710937;517922;0;469
FR;1;2022-04-02;911;1894;8197;9240;1106;7960;10233;0;28;42526883;41280126;25508399;378530;42431561;27718897;528155;0;497
FR;1;2022-04-03;207;382;1433;1058;219;1435;1249;0;1;42527090;41280508;25509832;379588;42431780;27720332;529404;0;498
FR;1;2022-04-04;4273;2608;11386;17683;1696;10777;18903;0;30;42531363;41283116;25521218;397271;42433476;27731109;548307;0;528
FR;1;2022-04-05;2262;2725;13008;31222;1708;12034;32603;0;68;42533625;41285841;25534226;428493;42435184;27743143;580910;0;596
FR;1;2022-04-06;1893;3018;12207;23982;1926;11644;25279;0;62;42535518;41288859;25546433;452475;42437110;27754787;606189;0;658
FR;1;2022-04-07;1694;2754;12361;31122;1651;11830;32196;0;68;42537212;41291613;25558794;483597;42438761;27766617;638385;0;726
FR;1;2022-04-08;1847;3714;17571;40649;2100;16501;42702;0;76;42539059;41295327;25576365;524246;42440861;27783118;681087;0;802
FR;1;2022-04-09;828;2000;8406;12504;1079;8106;13502;0;26;42539887;41297327;25584771;536750;42441940;27791224;694589;0;828
FR;1;2022-04-10;202;655;1837;1855;420;1883;2075;0;6;42540089;41297982;25586608;538605;42442360;27793107;696664;0;834
FR;1;2022-04-11;1108;2269;10973;22373;1322;10687;23481;0;68;42541197;41300251;25597581;560978;42443682;27803794;720145;0;902
FR;1;2022-04-12;1352;2680;12828;38147;1594;12316;38899;0;119;42542549;41302931;25610409;599125;42445276;27816110;759044;0;1021
FR;1;2022-04-13;1284;2895;12279;30627;1790;12010;31399;0;85;42543833;41305826;25622688;629752;42447066;27828120;790443;0;1106
FR;1;2022-04-14;1240;2629;12119;33661;1632;12133;34098;0;87;42545073;41308455;25634807;663413;42448698;27840253;824541;0;1193
FR;1;2022-04-15;1512;3350;14408;33269;2165;13814;34671;0;107;42546585;41311805;25649215;696682;42450863;27854067;859212;0;1300
FR;1;2022-04-16;663;1410;5845;8003;767;5777;8757;0;31;42547248;41313215;25655060;704685;42451630;27859844;867969;0;1331
FR;1;2022-04-17;157;290;930;1121;177;975;1171;0;7;42547405;41313505;25655990;705806;42451807;27860819;869140;0;1338
FR;1;2022-04-18;170;499;2636;1002;313;2660;1187;0;5;42547575;41314004;25658626;706808;42452120;27863479;870327;0;1343
FR;1;2022-04-19;1260;2610;11788;27936;1501;11519;28791;0;69;42548835;41316614;25670414;734744;42453621;27874998;899118;0;1412
FR;1;2022-04-20;1360;2676;12179;26886;1679;12031;27711;0;82;42550195;41319290;25682593;761630;42455300;27887029;926829;0;1494
FR;1;2022-04-21;1245;2466;11554;33286;1515;11785;33624;0;107;42551440;41321756;25694147;794916;42456815;27898814;960453;0;1601
FR;1;2022-04-22;1527;3094;15220;35528;1927;14803;36720;0;121;42552967;41324850;25709367;830444;42458742;27913617;997173;0;1722
FR;1;2022-04-23;767;1591;6738;9894;928;6644;10578;0;30;42553734;41326441;25716105;840338;42459670;27920261;1007751;0;1752
FR;1;2022-04-24;195;378;1376;1524;242;1329;1749;0;7;42553929;41326819;25717481;841862;42459912;27921590;1009500;0;1759
FR;1;2022-04-25;1042;2133;9858;19736;1255;9758;20558;0;64;42554971;41328952;25727339;861598;42461167;27931348;1030058;0;1823
FR;1;2022-04-26;1351;2627;12608;36640;1608;12207;37228;0;163;42556322;41331579;25739947;898238;42462775;27943555;1067286;0;1986
FR;1;2022-04-27;1331;2411;10654;29292;1471;10790;29677;0;123;42557653;41333990;25750601;927530;42464246;27954345;1096963;0;2109
FR;1;2022-04-28;1285;2423;11565;34331;1530;11406;34481;0;127;42558938;41336413;25762166;961861;42465776;27965751;1131444;0;2236
FR;1;2022-04-29;1616;4296;14407;35563;3169;13860;36852;0;153;42560554;41340709;25776573;997424;42468945;27979611;1168296;0;2389
FR;1;2022-04-30;841;4335;6448;9173;3762;6292;9974;0;35;42561395;41345044;25783021;1006597;42472707;27985903;1178270;0;2424
FR;1;2022-05-01;179;288;832;951;190;826;1080;0;5;42561574;41345332;25783853;1007548;42472897;27986729;1179350;0;2429
FR;1;2022-05-02;2098;2628;10383;16956;1783;10308;17637;0;64;42563672;41347960;25794236;1024504;42474680;27997037;1196987;0;2493
FR;1;2022-05-03;1689;2880;12712;32916;1764;12604;33715;0;149;42565361;41350840;25806948;1057420;42476444;28009641;1230702;0;2642
FR;1;2022-05-04;1384;2751;11235;23826;1696;11396;24366;0;96;42566745;41353591;25818183;1081246;42478140;28021037;1255068;0;2738
FR;1;2022-05-05;1501;2738;12201;31862;1722;12124;32410;0;170;42568246;41356329;25830384;1113108;42479862;28033161;1287478;0;2908
FR;1;2022-05-06;1823;3243;14242;34941;1920;13826;36203;0;166;42570069;41359572;25844626;1148049;42481782;28046987;1323681;0;3074
FR;1;2022-05-07;860;1473;5979;9097;878;6013;9731;0;44;42570929;41361045;25850605;1157146;42482660;28053000;1333412;0;3118
FR;1;2022-05-08;190;329;1062;1472;221;1124;1548;0;8;42571119;41361374;25851667;1158618;42482881;28054124;1334960;0;3126
FR;1;2022-05-09;1168;2020;9249;19262;1160;9164;20034;0;93;42572287;41363394;25860916;1177880;42484041;28063288;1354994;0;3219
FR;1;2022-05-10;1513;3050;12616;37145;1961;12215;38043;0;177;42573800;41366444;25873532;1215025;42486002;28075503;1393037;0;3396
FR;1;2022-05-11;1440;2480;9912;26042;1698;9860;26559;0;138;42575240;41368924;25883444;1241067;42487700;28085363;1419596;0;3534
FR;1;2022-05-12;1326;2458;10530;33654;1550;10230;34300;0;188;42576566;41371382;25893974;1274721;42489250;28095593;1453896;0;3722
FR;1;2022-05-13;1620;2808;12770;35855;1688;12418;36950;0;149;42578186;41374190;25906744;1310576;42490938;28108011;1490846;0;3871
FR;1;2022-05-14;783;1330;5481;10217;816;5365;10732;0;52;42578969;41375520;25912225;1320793;42491754;28113376;1501578;0;3923
FR;1;2022-05-15;223;422;1182;1352;246;1252;1497;0;5;42579192;41375942;25913407;1322145;42492000;28114628;1503075;0;3928
FR;1;2022-05-16;972;1786;8081;20138;1005;8145;20550;0;117;42580164;41377728;25921488;1342283;42493005;28122773;1523625;0;4045
FR;1;2022-05-17;1297;2303;11126;36187;1387;10730;36973;0;172;42581461;41380031;25932614;1378470;42494392;28133503;1560598;0;4217
FR;1;2022-05-18;1313;2137;9042;25730;1369;8991;26290;0;99;42582774;41382168;25941656;1404200;42495761;28142494;1586888;0;4316
FR;1;2022-05-19;1207;2404;9856;34005;1415;9951;34208;0;150;42583981;41384572;25951512;1438205;42497176;28152445;1621096;0;4466
FR;1;2022-05-20;1563;2757;12533;37655;1721;12113;38516;0;151;42585544;41387329;25964045;1475860;42498897;28164558;1659612;0;4617
FR;1;2022-05-21;775;1387;5247;9374;880;5164;9944;0;37;42586319;41388716;25969292;1485234;42499777;28169722;1669556;0;4654
FR;1;2022-05-22;194;292;954;1398;204;953;1521;0;10;42586513;41389008;25970246;1486632;42499981;28170675;1671077;0;4664
FR;1;2022-05-23;971;1891;8372;19439;1179;8348;20056;0;79;42587484;41390899;25978618;1506071;42501160;28179023;1691133;0;4743
FR;1;2022-05-24;1289;2448;10728;37252;1440;10598;37825;0;173;42588773;41393347;25989346;1543323;42502600;28189621;1728958;0;4916
FR;1;2022-05-25;1272;2302;8793;23694;1427;8957;24056;0;111;42590045;41395649;25998139;1567017;42504027;28198578;1753014;0;5027
FR;1;2022-05-26;175;385;1585;1155;261;1580;1288;0;24;42590220;41396034;25999724;1568172;42504288;28200158;1754302;0;5051
FR;1;2022-05-27;1120;2192;8790;20457;1377;8538;21410;0;84;42591340;41398226;26008514;1588629;42505665;28208696;1775712;0;5135
FR;1;2022-05-28;486;1059;3692;6543;627;3729;6930;0;37;42591826;41399285;26012206;1595172;42506292;28212425;1782642;0;5172
FR;1;2022-05-29;121;257;708;896;149;719;1005;0;4;42591947;41399542;26012914;1596068;42506441;28213144;1783647;0;5176
FR;1;2022-05-30;832;1745;6559;18536;1046;6592;18990;0;85;42592779;41401287;26019473;1614604;42507487;28219736;1802637;0;5261
FR;1;2022-05-31;1266;2241;9248;34376;1372;9118;34976;0;159;42594045;41403528;26028721;1648980;42508859;28228854;1837613;0;5420
FR;1;2022-06-01;1336;2605;10439;23460;1752;10302;24307;0;116;42595381;41406133;26039160;1672440;42510611;28239156;1861920;0;5536
FR;1;2022-06-02;1228;2309;10671;34153;1449;10249;34986;0;162;42596609;41408442;26049831;1706593;42512060;28249405;1896906;0;5698
FR;1;2022-06-03;1447;2749;12735;37113;1740;12156;38289;0;157;42598056;41411191;26062566;1743706;42513800;28261561;1935195;0;5855
FR;1;2022-06-04;686;1263;4750;8677;760;4826;9167;0;62;42598742;41412454;26067316;1752383;42514560;28266387;1944362;0;5917
FR;1;2022-06-05;134;293;811;1049;151;835;1154;0;3;42598876;41412747;26068127;1753432;42514711;28267222;1945516;0;5920
FR;1;2022-06-06;846;1196;2028;1252;1018;2047;1427;0;9;42599722;41413943;26070155;1754684;42515729;28269269;1946943;0;5929
FR;1;2022-06-07;1264;2343;9186;34057;1440;8846;35156;0;143;42600986;41416286;26079341;1788741;42517169;28278115;1982099;0;6072
FR;1;2022-06-08;1140;2239;8682;27615;1402;8566;28486;0;107;42602126;41418525;26088023;1816356;42518571;28286681;2010585;0;6179
FR;1;2022-06-09;1076;2152;9988;37576;1283;9673;38343;0;148;42603202;41420677;26098011;1853932;42519854;28296354;2048928;0;6327
FR;1;2022-06-10;1337;2862;12425;43134;1825;12016;44363;0;200;42604539;41423539;26110436;1897066;42521679;28308370;2093291;0;6527
FR;1;2022-06-11;661;1451;5136;11085;798;5185;11614;0;50;42605200;41424990;26115572;1908151;42522477;28313555;2104905;0;6577
FR;1;2022-06-12;158;377;1019;1687;189;1077;1788;0;11;42605358;41425367;26116591;1909838;42522666;28314632;2106693;0;6588
FR;1;2022-06-13;951;1841;7015;22226;1136;6872;23067;0;84;42606309;41427208;26123606;1932064;42523802;28321504;2129760;0;6672
FR;1;2022-06-14;1117;2234;9841;42852;1312;9247;43943;0;186;42607426;41429442;26133447;1974916;42525114;28330751;2173703;0;6858
FR;1;2022-06-15;1095;2012;8788;29393;1363;8476;29941;0;169;42608521;41431454;26142235;2004309;42526477;28339227;2203644;0;7027
FR;1;2022-06-16;959;1840;9404;38510;1061;8882;39417;0;188;42609480;41433294;26151639;2042819;42527538;28348109;2243061;0;7215
FR;1;2022-06-17;1229;2568;11916;44864;1483;11382;46004;0;224;42610709;41435862;26163555;2087683;42529021;28359491;2289065;0;7439
FR;1;2022-06-18;564;1277;4320;10544;717;4258;11087;0;62;42611273;41437139;26167875;2098227;42529738;28363749;2300152;0;7501
FR;1;2022-06-19;137;325;1003;1543;173;1082;1609;0;12;42611410;41437464;26168878;2099770;42529911;28364831;2301761;0;7513
FR;1;2022-06-20;861;1710;8493;25050;1009;8157;25911;0;146;42612271;41439174;26177371;2124820;42530920;28372988;2327672;0;7659
FR;1;2022-06-21;1104;2140;9765;47760;1254;8856;49105;0;241;42613375;41441314;26187136;2172580;42532174;28381844;2376777;0;7900
FR;1;2022-06-22;1046;2074;8442;37162;1301;7963;38022;0;231;42614421;41443388;26195578;2209742;42533475;28389807;2414799;0;8131
FR;1;2022-06-23;1054;2182;10126;52819;1211;9409;53828;0;290;42615475;41445570;26205704;2262561;42534686;28399216;2468627;0;8421
FR;1;2022-06-24;1256;2720;12917;65968;1487;11702;67640;0;367;42616731;41448290;26218621;2328529;42536173;28410918;2536267;0;8788
FR;1;2022-06-25;685;1506;5930;18923;792;5712;19722;0;163;42617416;41449796;26224551;2347452;42536965;28416630;2555989;0;8951
FR;1;2022-06-26;167;406;1817;3494;191;1713;3730;0;34;42617583;41450202;26226368;2350946;42537156;28418343;2559719;0;8985
FR;1;2022-06-27;945;1777;9901;45979;943;9127;47114;0;300;42618528;41451979;26236269;2396925;42538099;28427470;2606833;0;9285
FR;1;2022-06-28;1216;2576;13844;86590;1382;12406;88277;0;569;42619744;41454555;26250113;2483515;42539481;28439876;2695110;0;9854
FR;1;2022-06-29;1243;2297;11483;67405;1261;10550;68450;0;487;42620987;41456852;26261596;2550920;42540742;28450426;2763560;0;10341
FR;1;2022-06-30;1291;2487;13518;89968;1438;11829;91769;0;645;42622278;41459339;26275114;2640888;42542180;28462255;2855329;0;10986
FR;1;2022-07-01;1659;3483;20317;109201;1992;17974;111597;0;859;42623937;41462822;26295431;2750089;42544172;28480229;2966926;0;11845
FR;1;2022-07-02;770;1527;8025;33776;751;7254;34802;0;315;42624707;41464349;26303456;2783865;42544923;28487483;3001728;0;12160
FR;1;2022-07-03;230;480;1943;6119;257;1759;6445;0;71;42624937;41464829;26305399;2789984;42545180;28489242;3008173;0;12231
FR;1;2022-07-04;1681;3178;13935;75420;2063;12362;77309;0;589;42626618;41468007;26319334;2865404;42547243;28501604;3085482;0;12820
FR;1;2022-07-05;1507;2858;17696;126387;1512;15153;128500;0;1060;42628125;41470865;26337030;2991791;42548755;28516757;3213982;0;13880
FR;1;2022-07-06;1379;2406;14890;93747;1385;12914;95183;0;815;42629504;41473271;26351920;3085538;42550140;28529671;3309165;0;14695
FR;1;2022-07-07;1444;2538;16940;119493;1406;14010;121588;0;1074;42630948;41475809;26368860;3205031;42551546;28543681;3430753;0;15769
FR;1;2022-07-08;1534;2823;19612;130007;1541;15975;132811;0;1220;42632482;41478632;26388472;3335038;42553087;28559656;3563564;0;16989
FR;1;2022-07-09;663;1281;7311;36022;699;6354;36809;0;392;42633145;41479913;26395783;3371060;42553786;28566010;3600373;0;17381
FR;1;2022-07-10;245;657;2240;6689;412;2032;7068;0;89;42633390;41480570;26398023;3377749;42554198;28568042;3607441;0;17470
FR;1;2022-07-11;1242;2245;14320;84458;1180;11942;86568;0;734;42634632;41482815;26412343;3462207;42555378;28579984;3694009;0;18204
FR;1;2022-07-12;1605;2806;19464;137424;1442;15904;139914;0;1485;42636237;41485621;26431807;3599631;42556820;28595888;3833923;0;19689
FR;1;2022-07-13;1462;2442;14791;89838;1319;12644;91523;0;1002;42637699;41488063;26446598;3689469;42558139;28608532;3925446;0;20691
FR;1;2022-07-14;163;351;1866;5290;196;1775;5437;0;74;42637862;41488414;26448464;3694759;42558335;28610307;3930883;0;20765
FR;1;2022-07-15;1266;2319;14364;80599;1206;12007;82603;0;960;42639128;41490733;26462828;3775358;42559541;28622314;4013486;0;21725
FR;1;2022-07-16;514;1064;5640;23949;556;4893;24590;0;302;42639642;41491797;26468468;3799307;42560097;28627207;4038076;0;22027
FR;1;2022-07-17;163;369;1656;4464;193;1501;4727;0;60;42639805;41492166;26470124;3803771;42560290;28628708;4042803;0;22087
FR;1;2022-07-18;975;2037;11302;59282;1148;9572;61006;0;715;42640780;41494203;26481426;3863053;42561438;28638280;4103809;0;22802
FR;1;2022-07-19;1235;2132;14695;99429;1196;11727;101426;0;1386;42642015;41496335;26496121;3962482;42562634;28650007;4205235;0;24188
FR;1;2022-07-20;1185;2007;12376;74374;1173;10287;75859;0;964;42643200;41498342;26508497;4036856;42563807;28660294;4281094;0;25152
FR;1;2022-07-21;1138;1955;12418;84547;1189;9994;85912;0;1211;42644338;41500297;26520915;4121403;42564996;28670288;4367006;0;26363
FR;1;2022-07-22;1274;2246;14111;85964;1259;11433;87689;0;1264;42645612;41502543;26535026;4207367;42566255;28681721;4454695;0;27627
FR;1;2022-07-23;549;1093;5238;21296;634;4611;21842;0;373;42646161;41503636;26540264;4228663;42566889;28686332;4476537;0;28000
FR;1;2022-07-24;149;306;1328;3700;153;1169;3925;0;65;42646310;41503942;26541592;4232363;42567042;28687501;4480462;0;28065
FR;1;2022-07-25;891;1634;9076;46124;984;7526;47497;0;680;42647201;41505576;26550668;4278487;42568026;28695027;4527959;0;28745
FR;1;2022-07-26;1136;1964;12681;81968;1120;10336;83582;0;1198;42648337;41507540;26563349;4360455;42569146;28705363;4611541;0;29943
FR;1;2022-07-27;1021;1730;9760;58521;1047;8138;59702;0;874;42649358;41509270;26573109;4418976;42570193;28713501;4671243;0;30817
FR;1;2022-07-28;982;1706;9857;61926;1114;7856;63150;0;967;42650340;41510976;26582966;4480902;42571307;28721357;4734393;0;31784
FR;1;2022-07-29;1112;1845;10461;62991;1171;8385;64305;0;1066;42651452;41512821;26593427;4543893;42572478;28729742;4798698;0;32850
FR;1;2022-07-30;395;727;3349;14491;442;2850;14851;0;279;42651847;41513548;26596776;4558384;42572920;28732592;4813549;0;33129
FR;1;2022-07-31;141;264;900;2335;159;766;2477;0;47;42651988;41513812;26597676;4560719;42573079;28733358;4816026;0;33176
FR;1;2022-08-01;885;1474;7259;28968;1088;6121;29961;0;519;42652873;41515286;26604935;4589687;42574167;28739479;4845987;0;33695
FR;1;2022-08-02;931;1486;8239;54049;1001;6634;54688;0;1091;42653804;41516772;26613174;4643736;42575168;28746113;4900675;0;34786
FR;1;2022-08-03;738;1108;6157;37046;753;4939;37776;0;645;42654542;41517880;26619331;4680782;42575921;28751052;4938451;0;35431
FR;1;2022-08-04;651;1081;6264;41453;697;5058;42008;0;850;42655193;41518961;26625595;4722235;42576618;28756110;4980459;0;36281
FR;1;2022-08-05;745;1198;6766;43085;809;5436;43708;0;933;42655938;41520159;26632361;4765320;42577427;28761546;5024167;0;37214
FR;1;2022-08-06;277;465;1993;9000;305;1674;9192;0;218;42656215;41520624;26634354;4774320;42577732;28763220;5033359;0;37432
FR;1;2022-08-07;89;148;520;1558;104;436;1631;0;35;42656304;41520772;26634874;4775878;42577836;28763656;5034990;0;37467
FR;1;2022-08-08;603;1078;3807;21229;833;3141;21627;0;457;42656907;41521850;26638681;4797107;42578669;28766797;5056617;0;37924
FR;1;2022-08-09;669;1056;5683;38481;747;4558;38967;0;794;42657576;41522906;26644364;4835588;42579416;28771355;5095584;0;38718
FR;1;2022-08-10;571;1186;4435;26915;887;3636;27228;0;601;42658147;41524092;26648799;4862503;42580303;28774991;5122812;0;39319
FR;1;2022-08-11;566;920;4315;28210;632;3589;28538;0;634;42658713;41525012;26653114;4890713;42580935;28778580;5151350;0;39953
FR;1;2022-08-12;732;1044;4554;27171;720;3762;27583;0;668;42659445;41526056;26657668;4917884;42581655;28782342;5178933;0;40621
FR;1;2022-08-13;325;371;1248;5111;263;1066;5282;0;116;42659770;41526427;26658916;4922995;42581918;28783408;5184215;0;40737
FR;1;2022-08-14;67;115;277;871;96;236;941;0;24;42659837;41526542;26659193;4923866;42582014;28783644;5185156;0;40761
FR;1;2022-08-15;112;216;574;542;185;535;593;0;16;42659949;41526758;26659767;4924408;42582199;28784179;5185749;0;40777
FR;1;2022-08-16;551;953;3792;21491;712;3221;21692;0;582;42660500;41527711;26663559;4945899;42582911;28787400;5207441;0;41359
FR;1;2022-08-17;548;915;3769;22152;682;3195;22390;0;579;42661048;41528626;26667328;4968051;42583593;28790595;5229831;0;41938
FR;1;2022-08-18;562;899;3942;25455;700;3141;25677;0;630;42661610;41529525;26671270;4993506;42584293;28793736;5255508;0;42568
FR;1;2022-08-19;538;1050;4369;26547;749;3601;26855;0;732;42662148;41530575;26675639;5020053;42585042;28797337;5282363;0;43300
FR;1;2022-08-20;251;422;1290;5371;322;1107;5524;0;138;42662399;41530997;26676929;5025424;42585364;28798444;5287887;0;43438
FR;1;2022-08-21;84;112;287;990;77;253;1013;0;27;42662483;41531109;26677216;5026414;42585441;28798697;5288900;0;43465
FR;1;2022-08-22;511;900;3142;14956;674;2714;15232;0;411;42662994;41532009;26680358;5041370;42586115;28801411;5304132;0;43876
FR;1;2022-08-23;656;1064;4155;28323;748;3486;28405;0;830;42663650;41533073;26684513;5069693;42586863;28804897;5332537;0;44706
FR;1;2022-08-24;569;839;3405;19069;661;2774;19254;0;587;42664219;41533912;26687918;5088762;42587524;28807671;5351791;0;45293
FR;1;2022-08-25;565;937;3832;22919;654;3215;23148;0;655;42664784;41534849;26691750;5111681;42588178;28810886;5374939;0;45948
FR;1;2022-08-26;754;1137;4350;25157;810;3568;25532;0;745;42665538;41535986;26696100;5136838;42588988;28814454;5400471;0;46693
FR;1;2022-08-27;223;432;1324;5308;277;1191;5362;0;192;42665761;41536418;26697424;5142146;42589265;28815645;5405833;0;46885
FR;1;2022-08-28;113;147;298;900;106;280;949;0;33;42665874;41536565;26697722;5143046;42589371;28815925;5406782;0;46918
FR;1;2022-08-29;507;861;2979;14272;638;2519;14582;0;409;42666381;41537426;26700701;5157318;42590009;28818444;5421364;0;47327
FR;1;2022-08-30;746;1111;4626;27721;788;3776;28042;0;793;42667127;41538537;26705327;5185039;42590797;28822220;5449406;0;48120
FR;1;2022-08-31;587;835;3114;17243;614;2624;17505;0;483;42667714;41539372;26708441;5202282;42591411;28824844;5466911;0;48603
FR;1;2022-09-01;703;927;4333;21895;653;3693;22148;0;587;42668417;41540299;26712774;5224177;42592064;28828537;5489059;0;49190
FR;1;2022-09-02;876;1063;4887;27868;762;4084;28156;0;882;42669293;41541362;26717661;5252045;42592826;28832621;5517215;0;50072
FR;1;2022-09-03;322;511;1834;5876;349;1596;6105;0;174;42669615;41541873;26719495;5257921;42593175;28834217;5523320;0;50246
FR;1;2022-09-04;110;137;341;845;73;334;915;0;21;42669725;41542010;26719836;5258766;42593248;28834551;5524235;0;50267
FR;1;2022-09-05;730;873;3051;15698;697;2557;15982;0;499;42670455;41542883;26722887;5274464;42593945;28837108;5540217;0;50766
FR;1;2022-09-06;850;965;4572;31064;612;3712;31285;0;1002;42671305;41543848;26727459;5305528;42594557;28840820;5571502;0;51768
FR;1;2022-09-07;608;708;2921;16444;469;2426;16582;0;550;42671913;41544556;26730380;5321972;42595026;28843246;5588084;0;52318
FR;1;2022-09-08;585;796;3701;24224;543;3041;24305;0;796;42672498;41545352;26734081;5346196;42595569;28846287;5612389;0;53114
FR;1;2022-09-09;783;993;4307;26897;635;3597;27078;0;903;42673281;41546345;26738388;5373093;42596204;28849884;5639467;0;54017
FR;1;2022-09-10;351;579;1680;5590;410;1480;5782;0;203;42673632;41546924;26740068;5378683;42596614;28851364;5645249;0;54220
FR;1;2022-09-11;106;120;313;646;82;293;703;0;17;42673738;41547044;26740381;5379329;42596696;28851657;5645952;0;54237
FR;1;2022-09-12;484;605;2617;12955;426;2234;13235;0;462;42674222;41547649;26742998;5392284;42597122;28853891;5659187;0;54699
FR;1;2022-09-13;650;831;3872;25850;542;3385;25721;0;834;42674872;41548480;26746870;5418134;42597664;28857276;5684908;0;55533
FR;1;2022-09-14;626;724;2881;15702;508;2412;15938;0;537;42675498;41549204;26749751;5433836;42598172;28859688;5700846;0;56070
FR;1;2022-09-15;532;778;3345;23093;550;2851;23157;0;679;42676030;41549982;26753096;5456929;42598722;28862539;5724003;0;56749
FR;1;2022-09-16;726;947;4021;25351;631;3393;25550;0;891;42676756;41550929;26757117;5482280;42599353;28865932;5749553;0;57640
FR;1;2022-09-17;303;428;1397;5979;300;1222;6087;0;227;42677059;41551357;26758514;5488259;42599653;28867154;5755640;0;57867
FR;1;2022-09-18;99;126;310;924;103;278;980;0;34;42677158;41551483;26758824;5489183;42599756;28867432;5756620;0;57901
FR;1;2022-09-19;400;577;2142;12864;379;1837;13018;0;414;42677558;41552060;26760966;5502047;42600135;28869269;5769638;0;58315
FR;1;2022-09-20;564;841;3669;25830;589;3066;25870;0;854;42678122;41552901;26764635;5527877;42600724;28872335;5795508;0;59169
FR;1;2022-09-21;485;691;2628;15863;491;2256;15827;0;561;42678607;41553592;26767263;5543740;42601215;28874591;5811335;0;59730
FR;1;2022-09-22;549;778;3297;22998;517;2706;23176;0;745;42679156;41554370;26770560;5566738;42601732;28877297;5834511;0;60475
FR;1;2022-09-23;767;946;4353;28164;681;3634;28327;0;981;42679923;41555316;26774913;5594902;42602413;28880931;5862838;0;61456
FR;1;2022-09-24;356;539;1591;6706;379;1373;6880;0;300;42680279;41555855;26776504;5601608;42602792;28882304;5869718;0;61756
FR;1;2022-09-25;81;157;321;1072;111;293;1110;0;32;42680360;41556012;26776825;5602680;42602903;28882597;5870828;0;61788
FR;1;2022-09-26;383;654;2183;13078;432;1935;13172;0;412;42680743;41556666;26779008;5615758;42603335;28884532;5884000;0;62200
FR;1;2022-09-27;544;768;3458;25025;542;2794;25223;0;906;42681287;41557434;26782466;5640783;42603877;28887326;5909223;0;63106
FR;1;2022-09-28;525;720;2448;14971;507;2217;15060;0;597;42681812;41558154;26784914;5655754;42604384;28889543;5924283;0;63703
FR;1;2022-09-29;504;699;3002;20371;488;2526;20387;0;767;42682316;41558853;26787916;5676125;42604872;28892069;5944670;0;64470
FR;1;2022-09-30;694;996;3778;24429;705;3161;24678;0;970;42683010;41559849;26791694;5700554;42605577;28895230;5969348;0;65440
FR;1;2022-10-01;352;628;1905;5507;464;1659;5733;0;273;42683362;41560477;26793599;5706061;42606041;28896889;5975081;0;65713
FR;1;2022-10-02;56;120;204;568;82;204;589;0;29;42683418;41560597;26793803;5706629;42606123;28897093;5975670;0;65742
FR;1;2022-10-03;574;879;2226;10042;723;1986;10210;0;489;42683992;41561476;26796029;5716671;42606846;28899079;5985880;0;66231
FR;1;2022-10-04;683;738;2930;18922;507;2481;19010;0;1086;42684675;41562214;26798959;5735593;42607353;28901560;6004890;0;67317
FR;1;2022-10-05;487;726;2099;11114;500;1872;11243;0;723;42685162;41562940;26801058;5746707;42607853;28903432;6016133;0;68040
FR;1;2022-10-06;452;643;2498;15777;465;2063;15959;0;1062;42685614;41563583;26803556;5762484;42608318;28905495;6032092;0;69102
FR;1;2022-10-07;559;772;2694;16069;570;2311;16092;0;1162;42686173;41564355;26806250;5778553;42608888;28907806;6048184;0;70264
FR;1;2022-10-08;242;315;888;3171;248;776;3276;0;292;42686415;41564670;26807138;5781724;42609136;28908582;6051460;0;70556
FR;1;2022-10-09;76;93;151;461;83;135;487;0;51;42686491;41564763;26807289;5782185;42609219;28908717;6051947;0;70607
FR;1;2022-10-10;315;577;1324;4999;484;1240;5096;0;463;42686806;41565340;26808613;5787184;42609703;28909957;6057043;0;71070
FR;1;2022-10-11;339;457;1316;8086;343;1198;8187;0;758;42687145;41565797;26809929;5795270;42610046;28911155;6065230;0;71828
FR;1;2022-10-12;347;481;1078;5222;367;1076;5239;0;521;42687492;41566278;26811007;5800492;42610413;28912231;6070469;0;72349
FR;1;2022-10-13;338;450;1079;6099;360;936;6146;0;629;42687830;41566728;26812086;5806591;42610773;28913167;6076615;0;72978
FR;1;2022-10-14;413;554;1176;6712;468;1050;6781;0;676;42688243;41567282;26813262;5813303;42611241;28914217;6083396;0;73654
FR;1;2022-10-15;212;349;532;1860;301;515;1868;0;226;42688455;41567631;26813794;5815163;42611542;28914732;6085264;0;73880
FR;1;2022-10-16;47;68;111;296;49;118;315;0;48;42688502;41567699;26813905;5815459;42611591;28914850;6085579;0;73928
FR;1;2022-10-17;237;336;742;2653;268;698;2698;0;366;42688739;41568035;26814647;5818112;42611859;28915548;6088277;0;74294
FR;1;2022-10-18;266;319;956;4596;257;833;4700;0;866;42689005;41568354;26815603;5822708;42612116;28916381;6092977;0;75160
FR;1;2022-10-19;286;406;698;3187;339;667;3166;0;503;42689291;41568760;26816301;5825895;42612455;28917048;6096143;0;75663
FR;1;2022-10-20;289;356;903;4369;303;795;4404;0;771;42689580;41569116;26817204;5830264;42612758;28917843;6100547;0;76434
FR;1;2022-10-21;304;421;847;3807;372;743;3879;0;675;42689884;41569537;26818051;5834071;42613130;28918586;6104426;0;77109
FR;1;2022-10-22;135;184;306;1253;163;300;1218;0;210;42690019;41569721;26818357;5835324;42613293;28918886;6105644;0;77319
FR;1;2022-10-23;34;43;65;197;41;59;213;0;25;42690053;41569764;26818422;5835521;42613334;28918945;6105857;0;77344
FR;1;2022-10-24;273;236;479;1603;204;476;1660;0;306;42690326;41570000;26818901;5837124;42613538;28919421;6107517;0;77650
FR;1;2022-10-25;223;258;528;2651;227;449;2707;0;487;42690549;41570258;26819429;5839775;42613765;28919870;6110224;0;78137
FR;1;2022-10-26;236;251;394;1958;240;371;1965;0;439;42690785;41570509;26819823;5841733;42614005;28920241;6112189;0;78576
FR;1;2022-10-27;260;235;490;2167;207;509;2151;0;518;42691045;41570744;26820313;5843900;42614212;28920750;6114340;0;79094
FR;1;2022-10-28;313;336;534;2335;316;471;2402;0;478;42691358;41571080;26820847;5846235;42614528;28921221;6116742;0;79572
FR;1;2022-10-29;99;159;176;717;129;210;709;0;203;42691457;41571239;26821023;5846952;42614657;28921431;6117451;0;79775
FR;1;2022-10-30;38;51;62;184;43;56;189;0;38;42691495;41571290;26821085;5847136;42614700;28921487;6117640;0;79813
FR;1;2022-10-31;135;189;295;796;168;273;863;0;143;42691630;41571479;26821380;5847932;42614868;28921760;6118503;0;79956
FR;1;2022-11-01;77;135;768;115;117;768;134;0;19;42691707;41571614;26822148;5848047;42614985;28922528;6118637;0;79975
FR;1;2022-11-02;269;246;531;985;242;497;1048;0;356;42691976;41571860;26822679;5849032;42615227;28923025;6119685;0;80331
FR;1;2022-11-03;272;238;442;1380;223;404;1418;0;377;42692248;41572098;26823121;5850412;42615450;28923429;6121103;0;80708
FR;1;2022-11-04;233;262;424;1597;242;401;1637;0;438;42692481;41572360;26823545;5852009;42615692;28923830;6122740;0;81146
FR;1;2022-11-05;100;147;273;503;136;255;525;0;111;42692581;41572507;26823818;5852512;42615828;28924085;6123265;0;81257
FR;1;2022-11-06;36;49;32;131;48;35;129;0;33;42692617;41572556;26823850;5852643;42615876;28924120;6123394;0;81290
FR;1;2022-11-07;225;287;326;899;275;319;944;0;212;42692842;41572843;26824176;5853542;42616151;28924439;6124338;0;81502
FR;1;2022-11-08;240;267;472;1709;255;417;1738;0;524;42693082;41573110;26824648;5855251;42616406;28924856;6126076;0;82026
FR;1;2022-11-09;196;257;337;1104;247;303;1141;0;477;42693278;41573367;26824985;5856355;42616653;28925159;6127217;0;82503
FR;1;2022-11-10;216;394;435;1681;386;443;1670;0;605;42693494;41573761;26825420;5858036;42617039;28925602;6128887;0;83108
FR;1;2022-11-11;34;48;105;101;45;92;115;0;44;42693528;41573809;26825525;5858137;42617084;28925694;6129002;0;83152
FR;1;2022-11-12;95;152;257;375;138;257;390;0;101;42693623;41573961;26825782;5858512;42617222;28925951;6129392;0;83253
FR;1;2022-11-13;27;57;28;64;54;31;66;0;26;42693650;41574018;26825810;5858576;42617276;28925982;6129458;0;83279
FR;1;2022-11-14;175;184;271;768;172;275;838;0;235;42693825;41574202;26826081;5859344;42617448;28926257;6130296;0;83514
FR;1;2022-11-15;228;405;394;1300;404;372;1338;0;436;42694053;41574607;26826475;5860644;42617852;28926629;6131634;0;83950
FR;1;2022-11-16;197;273;336;983;267;350;1017;0;359;42694250;41574880;26826811;5861627;42618119;28926979;6132651;0;84309
FR;1;2022-11-17;171;212;297;1207;206;273;1211;0;387;42694421;41575092;26827108;5862834;42618325;28927252;6133862;0;84696
FR;1;2022-11-18;231;269;394;1315;261;383;1349;0;411;42694652;41575361;26827502;5864149;42618586;28927635;6135211;0;85107
FR;1;2022-11-19;120;115;249;441;114;214;474;0;102;42694772;41575476;26827751;5864590;42618700;28927849;6135685;0;85209
FR;1;2022-11-20;35;129;32;66;125;34;74;0;28;42694807;41575605;26827783;5864656;42618825;28927883;6135759;0;85237
FR;1;2022-11-21;174;173;271;641;146;288;678;0;211;42694981;41575778;26828054;5865297;42618971;28928171;6136437;0;85448
FR;1;2022-11-22;157;169;417;1160;152;398;1185;0;409;42695138;41575947;26828471;5866457;42619123;28928569;6137622;0;85857
FR;1;2022-11-23;179;186;246;763;171;247;786;0;241;42695317;41576133;26828717;5867220;42619294;28928816;6138408;0;86098
FR;1;2022-11-24;138;171;288;1213;151;301;1216;0;442;42695455;41576304;26829005;5868433;42619445;28929117;6139624;0;86540
FR;1;2022-11-25;210;249;429;1159;235;418;1191;0;392;42695665;41576553;26829434;5869592;42619680;28929535;6140815;0;86932
FR;1;2022-11-26;90;109;113;323;101;125;311;0;118;42695755;41576662;26829547;5869915;42619781;28929660;6141126;0;87050
FR;1;2022-11-27;18;38;22;72;25;34;78;0;49;42695773;41576700;26829569;5869987;42619806;28929694;6141204;0;87099
FR;1;2022-11-28;211;147;209;665;154;205;708;0;332;42695984;41576847;26829778;5870652;42619960;28929899;6141912;0;87431
FR;1;2022-11-29;171;145;269;1107;130;251;1119;0;458;42696155;41576992;26830047;5871759;42620090;28930150;6143031;0;87889
FR;1;2022-11-30;161;211;235;940;197;238;962;0;325;42696316;41577203;26830282;5872699;42620287;28930388;6143993;0;88214
FR;1;2022-12-01;183;162;716;1097;150;681;1146;0;379;42696499;41577365;26830998;5873796;42620437;28931069;6145139;0;88593
FR;1;2022-12-02;201;199;517;1187;194;513;1236;0;471;42696700;41577564;26831515;5874983;42620631;28931582;6146375;0;89064
FR;1;2022-12-03;102;112;263;532;100;240;530;0;180;42696802;41577676;26831778;5875515;42620731;28931822;6146905;0;89244
FR;1;2022-12-04;27;28;19;138;25;20;129;0;58;42696829;41577704;26831797;5875653;42620756;28931842;6147034;0;89302
FR;1;2022-12-05;148;171;308;868;167;303;902;0;318;42696977;41577875;26832105;5876521;42620923;28932145;6147936;0;89620
FR;1;2022-12-06;156;176;276;1449;162;281;1455;0;739;42697133;41578051;26832381;5877970;42621085;28932426;6149391;0;90359
FR;1;2022-12-07;155;173;256;1187;182;236;1203;0;576;42697288;41578224;26832637;5879157;42621267;28932662;6150594;0;90935
FR;1;2022-12-08;131;145;302;1757;137;259;1798;0;765;42697419;41578369;26832939;5880914;42621404;28932921;6152392;0;91700
FR;1;2022-12-09;202;197;357;1815;170;365;1836;0;721;42697621;41578566;26833296;5882729;42621574;28933286;6154228;0;92421
FR;1;2022-12-10;117;153;341;856;140;324;877;0;292;42697738;41578719;26833637;5883585;42621714;28933610;6155105;0;92713
FR;1;2022-12-11;32;30;32;218;27;30;200;0;62;42697770;41578749;26833669;5883803;42621741;28933640;6155305;0;92775
FR;1;2022-12-12;130;108;297;1101;105;284;1113;0;459;42697900;41578857;26833966;5884904;42621846;28933924;6156418;0;93234
FR;1;2022-12-13;126;134;293;1307;108;268;1321;0;618;42698026;41578991;26834259;5886211;42621954;28934192;6157739;0;93852
FR;1;2022-12-14;105;160;256;867;154;235;892;0;372;42698131;41579151;26834515;5887078;42622108;28934427;6158631;0;94224
FR;1;2022-12-15;139;182;457;1492;169;427;1518;0;691;42698270;41579333;26834972;5888570;42622277;28934854;6160149;0;94915
FR;1;2022-12-16;206;217;569;1344;220;553;1367;0;623;42698476;41579550;26835541;5889914;42622497;28935407;6161516;0;95538
FR;1;2022-12-17;88;93;224;468;82;219;476;0;204;42698564;41579643;26835765;5890382;42622579;28935626;6161992;0;95742
FR;1;2022-12-18;17;22;29;112;19;31;108;0;37;42698581;41579665;26835794;5890494;42622598;28935657;6162100;0;95779
FR;1;2022-12-19;151;132;251;791;140;221;835;0;382;42698732;41579797;26836045;5891285;42622738;28935878;6162935;0;96161
FR;1;2022-12-20;149;163;355;906;150;349;912;0;428;42698881;41579960;26836400;5892191;42622888;28936227;6163847;0;96589
FR;1;2022-12-21;139;112;218;638;122;183;647;0;388;42699020;41580072;26836618;5892829;42623010;28936410;6164494;0;96977
FR;1;2022-12-22;148;111;165;552;121;150;543;0;329;42699168;41580183;26836783;5893381;42623131;28936560;6165037;0;97306
FR;1;2022-12-23;130;157;458;419;141;448;426;0;182;42699298;41580340;26837241;5893800;42623272;28937008;6165463;0;97488
FR;1;2022-12-24;30;27;34;56;29;33;63;0;21;42699328;41580367;26837275;5893856;42623301;28937041;6165526;0;97509
FR;1;2022-12-25;4;11;20;12;12;14;15;0;11;42699332;41580378;26837295;5893868;42623313;28937055;6165541;0;97520
FR;1;2022-12-26;94;90;248;251;89;253;257;0;93;42699426;41580468;26837543;5894119;42623402;28937308;6165798;0;97613
FR;1;2022-12-27;117;160;311;387;151;317;402;0;180;42699543;41580628;26837854;5894506;42623553;28937625;6166200;0;97793
FR;1;2022-12-28;107;147;203;270;133;206;281;0;126;42699650;41580775;26838057;5894776;42623686;28937831;6166481;0;97919
FR;1;2022-12-29;105;109;154;282;109;153;303;0;114;42699755;41580884;26838211;5895058;42623795;28937984;6166784;0;98033
FR;1;2022-12-30;127;123;89;258;115;94;268;0;143;42699882;41581007;26838300;5895316;42623910;28938078;6167052;0;98176
FR;1;2022-12-31;38;35;28;79;40;25;79;0;25;42699920;41581042;26838328;5895395;42623950;28938103;6167131;0;98201
FR;1;2023-01-01;6;13;61;22;12;58;27;0;10;42699926;41581055;26838389;5895417;42623962;28938161;6167158;0;98211
FR;1;2023-01-02;573;154;678;169;162;658;194;0;64;42700499;41581209;26839067;5895586;42624124;28938819;6167352;0;98275
FR;1;2023-01-03;165;109;373;207;108;366;215;0;146;42700664;41581318;26839440;5895793;42624232;28939185;6167567;0;98421
FR;1;2023-01-04;96;99;249;198;100;250;208;0;193;42700760;41581417;26839689;5895991;42624332;28939435;6167775;0;98614
FR;1;2023-01-05;147;130;177;337;140;177;339;0;206;42700907;41581547;26839866;5896328;42624472;28939612;6168114;0;98820
FR;1;2023-01-06;200;144;225;325;147;211;350;0;230;42701107;41581691;26840091;5896653;42624619;28939823;6168464;0;99050
FR;1;2023-01-07;107;89;175;147;92;158;164;0;93;42701214;41581780;26840266;5896800;42624711;28939981;6168628;0;99143
FR;1;2023-01-08;27;19;31;59;18;26;64;0;24;42701241;41581799;26840297;5896859;42624729;28940007;6168692;0;99167
FR;1;2023-01-09;140;129;136;135;125;144;153;0;115;42701381;41581928;26840433;5896994;42624854;28940151;6168845;0;99282
FR;1;2023-01-10;119;140;284;277;137;291;278;0;192;42701500;41582068;26840717;5897271;42624991;28940442;6169123;0;99474
FR;1;2023-01-11;107;111;91;209;120;95;221;0;96;42701607;41582179;26840808;5897480;42625111;28940537;6169344;0;99570
FR;1;2023-01-12;136;123;214;243;118;214;268;0;166;42701743;41582302;26841022;5897723;42625229;28940751;6169612;0;99736
FR;1;2023-01-13;255;169;174;286;167;173;306;0;189;42701998;41582471;26841196;5898009;42625396;28940924;6169918;0;99925
FR;1;2023-01-14;89;64;162;104;66;172;103;0;62;42702087;41582535;26841358;5898113;42625462;28941096;6170021;0;99987
FR;1;2023-01-15;23;37;31;42;34;31;46;0;30;42702110;41582572;26841389;5898155;42625496;28941127;6170067;0;100017
FR;1;2023-01-16;113;104;310;155;98;314;133;0;101;42702223;41582676;26841699;5898310;42625594;28941441;6170200;0;100118
FR;1;2023-01-17;114;103;167;216;102;164;243;0;128;42702337;41582779;26841866;5898526;42625696;28941605;6170443;0;100246
FR;1;2023-01-18;99;90;97;143;89;92;184;0;121;42702436;41582869;26841963;5898669;42625785;28941697;6170627;0;100367
FR;1;2023-01-19;112;78;105;134;76;117;134;0;136;42702548;41582947;26842068;5898803;42625861;28941814;6170761;0;100503
FR;1;2023-01-20;170;150;168;278;151;196;267;0;204;42702718;41583097;26842236;5899081;42626012;28942010;6171028;0;100707
FR;1;2023-01-21;58;71;91;85;71;102;75;0;35;42702776;41583168;26842327;5899166;42626083;28942112;6171103;0;100742
FR;1;2023-01-22;10;9;14;21;7;9;26;0;14;42702786;41583177;26842341;5899187;42626090;28942121;6171129;0;100756
FR;1;2023-01-23;88;85;108;100;88;100;119;0;85;42702874;41583262;26842449;5899287;42626178;28942221;6171248;0;100841
FR;1;2023-01-24;122;76;73;122;89;70;131;0;183;42702996;41583338;26842522;5899409;42626267;28942291;6171379;0;101024
FR;1;2023-01-25;98;118;78;108;119;78;124;0;107;42703094;41583456;26842600;5899517;42626386;28942369;6171503;0;101131
FR;1;2023-01-26;104;105;63;152;94;68;173;0;108;42703198;41583561;26842663;5899669;42626480;28942437;6171676;0;101239
FR;1;2023-01-27;172;569;105;137;584;123;137;0;200;42703370;41584130;26842768;5899806;42627064;28942560;6171813;0;101439
FR;1;2023-01-28;73;74;56;40;76;53;48;0;28;42703443;41584204;26842824;5899846;42627140;28942613;6171861;0;101467
FR;1;2023-01-29;12;22;33;10;20;31;16;0;12;42703455;41584226;26842857;5899856;42627160;28942644;6171877;0;101479
FR;1;2023-01-30;144;108;64;72;110;70;80;0;51;42703599;41584334;26842921;5899928;42627270;28942714;6171957;0;101530
FR;1;2023-01-31;122;87;66;137;76;69;149;0;143;42703721;41584421;26842987;5900065;42627346;28942783;6172106;0;101673
FR;1;2023-02-01;122;145;345;106;143;338;134;0;77;42703843;41584566;26843332;5900171;42627489;28943121;6172240;0;101750
FR;1;2023-02-02;88;98;91;106;92;99;108;0;99;42703931;41584664;26843423;5900277;42627581;28943220;6172348;0;101849
FR;1;2023-02-03;156;148;133;98;148;139;104;0;97;42704087;41584812;26843556;5900375;42627729;28943359;6172452;0;101946
FR;1;2023-02-04;50;78;72;46;85;74;47;0;24;42704137;41584890;26843628;5900421;42627814;28943433;6172499;0;101970
FR;1;2023-02-05;6;8;19;6;7;22;7;0;8;42704143;41584898;26843647;5900427;42627821;28943455;6172506;0;101978
FR;1;2023-02-06;96;79;114;77;85;117;81;0;89;42704239;41584977;26843761;5900504;42627906;28943572;6172587;0;102067
FR;1;2023-02-07;92;76;97;77;77;91;97;0;115;42704331;41585053;26843858;5900581;42627983;28943663;6172684;0;102182
FR;1;2023-02-08;83;93;63;30;92;68;34;0;51;42704414;41585146;26843921;5900611;42628075;28943731;6172718;0;102233
FR;1;2023-02-09;65;65;83;59;75;82;67;0;79;42704479;41585211;26844004;5900670;42628150;28943813;6172785;0;102312
FR;1;2023-02-10;142;131;57;72;134;69;73;0;117;42704621;41585342;26844061;5900742;42628284;28943882;6172858;0;102429
FR;1;2023-02-11;45;53;78;25;50;87;27;0;11;42704666;41585395;26844139;5900767;42628334;28943969;6172885;0;102440
FR;1;2023-02-12;11;9;10;8;13;10;9;0;9;42704677;41585404;26844149;5900775;42628347;28943979;6172894;0;102449
FR;1;2023-02-13;91;119;47;42;120;54;34;0;31;42704768;41585523;26844196;5900817;42628467;28944033;6172928;0;102480
FR;1;2023-02-14;69;73;73;50;72;77;47;0;77;42704837;41585596;26844269;5900867;42628539;28944110;6172975;0;102557
FR;1;2023-02-15;76;103;77;52;111;83;60;0;81;42704913;41585699;26844346;5900919;42628650;28944193;6173035;0;102638
FR;1;2023-02-16;60;75;114;83;63;123;86;0;73;42704973;41585774;26844460;5901002;42628713;28944316;6173121;0;102711
FR;1;2023-02-17;105;125;172;61;130;176;70;0;47;42705078;41585899;26844632;5901063;42628843;28944492;6173191;0;102758
FR;1;2023-02-18;44;57;147;41;57;153;43;0;9;42705122;41585956;26844779;5901104;42628900;28944645;6173234;0;102767
FR;1;2023-02-19;14;0;6;4;2;5;4;0;5;42705136;41585956;26844785;5901108;42628902;28944650;6173238;0;102772
FR;1;2023-02-20;77;73;51;28;77;56;32;0;16;42705213;41586029;26844836;5901136;42628979;28944706;6173270;0;102788
FR;1;2023-02-21;62;74;54;49;78;57;47;0;38;42705275;41586103;26844890;5901185;42629057;28944763;6173317;0;102826
FR;1;2023-02-22;65;77;32;18;78;36;18;0;22;42705340;41586180;26844922;5901203;42629135;28944799;6173335;0;102848
FR;1;2023-02-23;52;79;47;36;77;57;31;0;54;42705392;41586259;26844969;5901239;42629212;28944856;6173366;0;102902
FR;1;2023-02-24;95;111;47;33;112;55;34;0;38;42705487;41586370;26845016;5901272;42629324;28944911;6173400;0;102940
FR;1;2023-02-25;42;49;69;22;56;69;24;0;26;42705529;41586419;26845085;5901294;42629380;28944980;6173424;0;102966
FR;1;2023-02-26;2;4;1;2;2;3;1;0;3;42705531;41586423;26845086;5901296;42629382;28944983;6173425;0;102969
FR;1;2023-02-27;91;77;62;35;77;70;32;0;21;42705622;41586500;26845148;5901331;42629459;28945053;6173457;0;102990
FR;1;2023-02-28;87;72;35;50;68;45;52;0;33;42705709;41586572;26845183;5901381;42629527;28945098;6173509;0;103023
FR;1;2023-03-01;73;90;242;52;88;234;69;0;42;42705782;41586662;26845425;5901433;42629615;28945332;6173578;0;103065
FR;1;2023-03-02;65;64;91;55;65;87;67;0;117;42705847;41586726;26845516;5901488;42629680;28945419;6173645;0;103182
FR;1;2023-03-03;106;108;71;53;107;69;57;0;47;42705953;41586834;26845587;5901541;42629787;28945488;6173702;0;103229
FR;1;2023-03-04;51;46;70;26;43;71;31;0;15;42706004;41586880;26845657;5901567;42629830;28945559;6173733;0;103244
FR;1;2023-03-05;4;2;5;0;3;5;1;0;0;42706008;41586882;26845662;5901567;42629833;28945564;6173734;0;103244
FR;1;2023-03-06;86;57;79;17;63;85;23;0;14;42706094;41586939;26845741;5901584;42629896;28945649;6173757;0;103258
FR;1;2023-03-07;53;71;47;40;68;45;50;0;71;42706147;41587010;26845788;5901624;42629964;28945694;6173807;0;103329
FR;1;2023-03-08;47;65;32;16;68;34;22;0;6;42706194;41587075;26845820;5901640;42630032;28945728;6173829;0;103335
FR;1;2023-03-09;37;55;45;22;49;50;31;0;30;42706231;41587130;26845865;5901662;42630081;28945778;6173860;0;103365
FR;1;2023-03-10;93;97;85;41;97;89;46;0;25;42706324;41587227;26845950;5901703;42630178;28945867;6173906;0;103390
FR;1;2023-03-11;47;39;51;9;33;57;13;0;6;42706371;41587266;26846001;5901712;42630211;28945924;6173919;0;103396
FR;1;2023-03-12;2;10;7;0;12;6;1;0;0;42706373;41587276;26846008;5901712;42630223;28945930;6173920;0;103396
FR;1;2023-03-13;48;67;39;15;63;46;14;0;19;42706421;41587343;26846047;5901727;42630286;28945976;6173934;0;103415
FR;1;2023-03-14;68;48;55;21;52;59;23;0;31;42706489;41587391;26846102;5901748;42630338;28946035;6173957;0;103446
FR;1;2023-03-15;39;70;73;60;69;76;67;0;47;42706528;41587461;26846175;5901808;42630407;28946111;6174024;0;103493
FR;1;2023-03-16;55;49;88;24;53;87;28;0;20;42706583;41587510;26846263;5901832;42630460;28946198;6174052;0;103513
FR;1;2023-03-17;109;89;101;37;103;104;41;0;35;42706692;41587599;26846364;5901869;42630563;28946302;6174093;0;103548
FR;1;2023-03-18;34;33;144;10;28;148;15;0;5;42706726;41587632;26846508;5901879;42630591;28946450;6174108;0;103553
FR;1;2023-03-19;11;4;1;2;5;1;3;0;0;42706737;41587636;26846509;5901881;42630596;28946451;6174111;0;103553
FR;1;2023-03-20;44;59;49;29;49;58;33;0;24;42706781;41587695;26846558;5901910;42630645;28946509;6174144;0;103577
FR;1;2023-03-21;73;61;42;11;66;45;16;0;26;42706854;41587756;26846600;5901921;42630711;28946554;6174160;0;103603
FR;1;2023-03-22;58;54;37;31;54;51;26;0;13;42706912;41587810;26846637;5901952;42630765;28946605;6174186;0;103616
FR;1;2023-03-23;58;47;37;23;48;41;25;0;47;42706970;41587857;26846674;5901975;42630813;28946646;6174211;0;103663
FR;1;2023-03-24;77;103;190;29;106;196;35;0;23;42707047;41587960;26846864;5902004;42630919;28946842;6174246;0;103686
FR;1;2023-03-25;47;51;48;11;48;52;15;0;5;42707094;41588011;26846912;5902015;42630967;28946894;6174261;0;103691
FR;1;2023-03-26;2;3;9;0;0;10;2;0;2;42707096;41588014;26846921;5902015;42630967;28946904;6174263;0;103693
FR;1;2023-03-27;104;58;68;11;61;71;15;0;22;42707200;41588072;26846989;5902026;42631028;28946975;6174278;0;103715
FR;1;2023-03-28;48;38;23;21;41;25;21;0;31;42707248;41588110;26847012;5902047;42631069;28947000;6174299;0;103746
FR;1;2023-03-29;55;46;31;28;45;38;25;0;14;42707303;41588156;26847043;5902075;42631114;28947038;6174324;0;103760
FR;1;2023-03-30;56;42;58;19;45;57;26;0;29;42707359;41588198;26847101;5902094;42631159;28947095;6174350;0;103789
FR;1;2023-03-31;66;84;28;16;82;34;13;0;35;42707425;41588282;26847129;5902110;42631241;28947129;6174363;0;103824
FR;1;2023-04-01;29;53;127;10;50;129;17;0;10;42707454;41588335;26847256;5902120;42631291;28947258;6174380;0;103834
FR;1;2023-04-02;1;1;8;0;1;7;1;0;0;42707455;41588336;26847264;5902120;42631292;28947265;6174381;0;103834
FR;1;2023-04-03;91;50;147;28;45;149;34;0;19;42707546;41588386;26847411;5902148;42631337;28947414;6174415;0;103853
FR;1;2023-04-04;40;51;40;11;43;47;12;0;25;42707586;41588437;26847451;5902159;42631380;28947461;6174427;0;103878
FR;1;2023-04-05;25;41;33;19;38;27;27;0;14;42707611;41588478;26847484;5902178;42631418;28947488;6174454;0;103892
FR;1;2023-04-06;41;45;33;11;42;35;16;0;15;42707652;41588523;26847517;5902189;42631460;28947523;6174470;0;103907
FR;1;2023-04-07;48;63;33;17;63;37;16;0;13;42707700;41588586;26847550;5902206;42631523;28947560;6174486;0;103920
FR;1;2023-04-08;25;32;11;13;25;18;13;0;13;42707725;41588618;26847561;5902219;42631548;28947578;6174499;0;103933
FR;1;2023-04-09;5;2;0;2;1;1;2;0;1;42707730;41588620;26847561;5902221;42631549;28947579;6174501;0;103934
FR;1;2023-04-10;5;15;22;1;15;24;1;0;1;42707735;41588635;26847583;5902222;42631564;28947603;6174502;0;103935
FR;1;2023-04-11;40;52;22;12;51;21;14;0;17;42707775;41588687;26847605;5902234;42631615;28947624;6174516;0;103952
FR;1;2023-04-12;36;35;36;19;33;41;22;0;24;42707811;41588722;26847641;5902253;42631648;28947665;6174538;0;103976
FR;1;2023-04-13;36;38;20;16;39;25;14;0;26;42707847;41588760;26847661;5902269;42631687;28947690;6174552;0;104002
FR;1;2023-04-14;59;69;131;15;78;125;22;0;17;42707906;41588829;26847792;5902284;42631765;28947815;6174574;0;104019
FR;1;2023-04-15;28;28;34;10;28;37;12;0;2;42707934;41588857;26847826;5902294;42631793;28947852;6174586;0;104021
FR;1;2023-04-16;3;2;0;0;2;0;0;0;0;42707937;41588859;26847826;5902294;42631795;28947852;6174586;0;104021
FR;1;2023-04-17;37;38;59;16;41;64;15;0;11;42707974;41588897;26847885;5902310;42631836;28947916;6174601;0;104032
FR;1;2023-04-18;37;40;27;7;35;41;12;0;24;42708011;41588937;26847912;5902317;42631871;28947957;6174613;0;104056
FR;1;2023-04-19;36;57;13;8;57;14;10;0;14;42708047;41588994;26847925;5902325;42631928;28947971;6174623;0;104070
FR;1;2023-04-20;27;40;39;16;40;40;17;0;14;42708074;41589034;26847964;5902341;42631968;28948011;6174640;0;104084
FR;1;2023-04-21;46;63;116;17;60;118;21;0;18;42708120;41589097;26848080;5902358;42632028;28948129;6174661;0;104102
FR;1;2023-04-22;19;23;34;9;20;39;9;0;4;42708139;41589120;26848114;5902367;42632048;28948168;6174670;0;104106
FR;1;2023-04-23;0;1;2;1;1;2;1;0;0;42708139;41589121;26848116;5902368;42632049;28948170;6174671;0;104106
FR;1;2023-04-24;57;39;29;5;37;33;6;0;8;42708196;41589160;26848145;5902373;42632086;28948203;6174677;0;104114
FR;1;2023-04-25;31;34;22;16;30;23;20;0;15;42708227;41589194;26848167;5902389;42632116;28948226;6174697;0;104129
FR;1;2023-04-26;31;24;9;6;24;14;7;0;8;42708258;41589218;26848176;5902395;42632140;28948240;6174704;0;104137
FR;1;2023-04-27;32;35;31;25;30;36;28;0;12;42708290;41589253;26848207;5902420;42632170;28948276;6174732;0;104149
FR;1;2023-04-28;69;53;22;14;47;28;20;0;11;42708359;41589306;26848229;5902434;42632217;28948304;6174752;0;104160
FR;1;2023-04-29;19;19;14;7;18;12;11;0;9;42708378;41589325;26848243;5902441;42632235;28948316;6174763;0;104169
FR;1;2023-04-30;6;0;0;1;0;0;1;0;0;42708384;41589325;26848243;5902442;42632235;28948316;6174764;0;104169
FR;1;2023-05-01;0;12;28;1;12;28;1;0;0;42708384;41589337;26848271;5902443;42632247;28948344;6174765;0;104169
FR;1;2023-05-02;94;54;131;12;58;126;24;0;19;42708478;41589391;26848402;5902455;42632305;28948470;6174789;0;104188
FR;1;2023-05-03;51;29;41;5;25;45;7;0;9;42708529;41589420;26848443;5902460;42632330;28948515;6174796;0;104197
FR;1;2023-05-04;19;33;63;26;33;82;35;0;18;42708548;41589453;26848506;5902486;42632363;28948597;6174831;0;104215
FR;1;2023-05-05;27;31;20;3;32;16;7;0;8;42708575;41589484;26848526;5902489;42632395;28948613;6174838;0;104223
FR;1;2023-05-06;11;7;6;3;8;7;4;0;7;42708586;41589491;26848532;5902492;42632403;28948620;6174842;0;104230
FR;1;2023-05-07;2;2;4;4;2;3;2;0;1;42708588;41589493;26848536;5902496;42632405;28948623;6174844;0;104231
FR;1;2023-05-08;7;3;4;1;3;4;1;0;0;42708595;41589496;26848540;5902497;42632408;28948627;6174845;0;104231
FR;1;2023-05-09;14;16;11;3;14;11;6;0;9;42708609;41589512;26848551;5902500;42632422;28948638;6174851;0;104240
FR;1;2023-05-10;19;17;6;11;17;8;8;0;1;42708628;41589529;26848557;5902511;42632439;28948646;6174859;0;104241
FR;1;2023-05-11;13;18;5;9;18;6;8;0;21;42708641;41589547;26848562;5902520;42632457;28948652;6174867;0;104262
FR;1;2023-05-12;16;42;25;15;38;30;18;0;11;42708657;41589589;26848587;5902535;42632495;28948682;6174885;0;104273
FR;1;2023-05-13;12;20;6;2;21;6;2;0;2;42708669;41589609;26848593;5902537;42632516;28948688;6174887;0;104275
FR;1;2023-05-14;12;1;1;0;1;1;0;0;0;42708681;41589610;26848594;5902537;42632517;28948689;6174887;0;104275
FR;1;2023-05-15;17;18;35;4;17;35;6;0;9;42708698;41589628;26848629;5902541;42632534;28948724;6174893;0;104284
FR;1;2023-05-16;17;25;17;29;22;17;34;0;45;42708715;41589653;26848646;5902570;42632556;28948741;6174927;0;104329
FR;1;2023-05-17;21;46;4;6;46;5;6;0;15;42708736;41589699;26848650;5902576;42632602;28948746;6174933;0;104344
FR;1;2023-05-18;0;3;1;0;3;1;0;0;1;42708736;41589702;26848651;5902576;42632605;28948747;6174933;0;104345
FR;1;2023-05-19;13;24;25;9;21;29;12;0;14;42708749;41589726;26848676;5902585;42632626;28948776;6174945;0;104359
FR;1;2023-05-20;6;7;9;5;6;8;8;0;6;42708755;41589733;26848685;5902590;42632632;28948784;6174953;0;104365
FR;1;2023-05-21;6;0;0;0;0;0;0;0;1;42708761;41589733;26848685;5902590;42632632;28948784;6174953;0;104366
FR;1;2023-05-22;40;16;30;6;16;30;7;0;7;42708801;41589749;26848715;5902596;42632648;28948814;6174960;0;104373
FR;1;2023-05-23;7;19;2;6;19;3;6;0;13;42708808;41589768;26848717;5902602;42632667;28948817;6174966;0;104386
FR;1;2023-05-24;14;19;6;16;19;6;18;0;29;42708822;41589787;26848723;5902618;42632686;28948823;6174984;0;104415
FR;1;2023-05-25;14;10;4;5;9;5;7;0;26;42708836;41589797;26848727;5902623;42632695;28948828;6174991;0;104441
FR;1;2023-05-26;25;19;13;8;17;15;10;0;10;42708861;41589816;26848740;5902631;42632712;28948843;6175001;0;104451
FR;1;2023-05-27;5;14;1;3;13;2;4;0;2;42708866;41589830;26848741;5902634;42632725;28948845;6175005;0;104453
FR;1;2023-05-28;1;2;1;0;2;1;0;0;0;42708867;41589832;26848742;5902634;42632727;28948846;6175005;0;104453
FR;1;2023-05-29;0;0;0;0;0;0;0;0;0;42708867;41589832;26848742;5902634;42632727;28948846;6175005;0;104453
FR;1;2023-05-30;39;15;14;20;17;16;24;0;23;42708906;41589847;26848756;5902654;42632744;28948862;6175029;0;104476
FR;1;2023-05-31;18;28;8;9;20;12;14;0;24;42708924;41589875;26848764;5902663;42632764;28948874;6175043;0;104500
FR;1;2023-06-01;10;14;4;6;11;7;6;0;12;42708934;41589889;26848768;5902669;42632775;28948881;6175049;0;104512
FR;1;2023-06-02;12;19;4;1;17;8;2;0;13;42708946;41589908;26848772;5902670;42632792;28948889;6175051;0;104525
FR;1;2023-06-03;4;7;0;2;7;1;2;0;0;42708950;41589915;26848772;5902672;42632799;28948890;6175053;0;104525
FR;1;2023-06-04;0;0;0;0;0;0;0;0;0;42708950;41589915;26848772;5902672;42632799;28948890;6175053;0;104525
FR;1;2023-06-05;40;13;3;5;14;3;6;0;7;42708990;41589928;26848775;5902677;42632813;28948893;6175059;0;104532
FR;2;2020-12-27;0;0;0;0;0;0;0;0;0;0;0;0;0;0;0;0;0;0
FR;2;2020-12-28;0;0;0;0;0;0;0;0;0;0;0;0;0;0;0;0;0;0
FR;2;2020-12-29;0;0;0;0;0;0;0;0;0;0;0;0;0;0;0;0;0;0
FR;2;2020-12-30;0;0;0;0;0;0;0;0;0;0;0;0;0;0;0;0;0;0
FR;2;2020-12-31;0;0;0;0;0;0;0;0;0;0;0;0;0;0;0;0;0;0
FR;2;2021-01-01;0;0;0;0;0;0;0;0;0;0;0;0;0;0;0;0;0;0
FR;2;2021-01-02;0;0;0;0;0;0;0;0;0;0;0;0;0;0;0;0;0;0
FR;2;2021-01-03;0;0;0;0;0;0;0;0;0;0;0;0;0;0;0;0;0;0
FR;2;2021-01-04;0;0;0;0;0;0;0;0;0;0;0;0;0;0;0;0;0;0
FR;2;2021-01-05;0;0;0;0;0;0;0;0;0;0;0;0;0;0;0;0;0;0
FR;2;2021-01-06;0;0;0;0;0;0;0;0;0;0;0;0;0;0;0;0;0;0
FR;2;2021-01-07;0;0;0;0;0;0;0;0;0;0;0;0;0;0;0;0;0;0
FR;2;2021-01-08;0;0;0;0;0;0;0;0;0;0;0;0;0;0;0;0;0;0
FR;2;2021-01-09;0;0;0;0;0;0;0;0;0;0;0;0;0;0;0;0;0;0
FR;2;2021-01-10;0;0;0;0;0;0;0;0;0;0;0;0;0;0;0;0;0;0
FR;2;2021-01-11;0;0;0;0;0;0;0;0;0;0;0;0;0;0;0;0;0;0
FR;2;2021-01-12;0;0;0;0;0;0;0;0;0;0;0;0;0;0;0;0;0;0
FR;2;2021-01-13;0;0;0;0;0;0;0;0;0;0;0;0;0;0;0;0;0;0
FR;2;2021-01-14;1636;0;0;0;213;0;0;0;0;1636;0;0;0;213;0;0;0;0
FR;2;2021-01-15;398;0;0;0;28;0;0;0;0;2034;0;0;0;241;0;0;0;0
FR;2;2021-01-16;316;0;0;0;12;0;0;0;0;2350;0;0;0;253;0;0;0;0
FR;2;2021-01-17;84;0;0;0;7;0;0;0;0;2434;0;0;0;260;0;0;0;0
FR;2;2021-01-18;3075;3;0;0;27;0;0;0;0;5509;3;0;0;287;0;0;0;0
FR;2;2021-01-19;4681;2;0;0;31;0;0;0;0;10190;5;0;0;318;0;0;0;0
FR;2;2021-01-20;5138;6;0;0;58;0;0;0;0;15328;11;0;0;376;0;0;0;0
FR;2;2021-01-21;5346;9;0;0;55;0;0;0;0;20674;20;0;0;431;0;0;0;0
FR;2;2021-01-22;5119;19;0;0;70;0;0;0;0;25793;39;0;0;501;0;0;0;0
FR;2;2021-01-23;1875;2;0;0;16;0;0;0;0;27668;41;0;0;517;0;0;0;0
FR;2;2021-01-24;163;2;0;0;8;0;0;0;0;27831;43;0;0;525;0;0;0;0
FR;2;2021-01-25;3814;4;0;0;37;0;0;0;0;31645;47;0;0;562;0;0;0;0
FR;2;2021-01-26;3930;6;0;0;42;0;0;0;0;35575;53;0;0;604;0;0;0;0
FR;2;2021-01-27;3606;4;0;0;36;0;0;0;0;39181;57;0;0;640;0;0;0;0
FR;2;2021-01-28;3757;9;0;0;44;0;0;0;0;42938;66;0;0;684;0;0;0;0
FR;2;2021-01-29;3300;6;0;0;42;0;0;0;0;46238;72;0;0;726;0;0;0;0
FR;2;2021-01-30;1133;3;0;0;16;0;0;0;0;47371;75;0;0;742;0;0;0;0
FR;2;2021-01-31;46;2;0;0;9;0;0;0;0;47417;77;0;0;751;0;0;0;0
FR;2;2021-02-01;3408;13;0;0;44;0;0;0;0;50825;90;0;0;795;0;0;0;0
FR;2;2021-02-02;4498;19;0;0;53;0;0;0;0;55323;109;0;0;848;0;0;0;0
FR;2;2021-02-03;5223;12;0;0;83;0;0;0;0;60546;121;0;0;931;0;0;0;0
FR;2;2021-02-04;4941;11;0;0;36;0;0;0;0;65487;132;0;0;967;0;0;0;0
FR;2;2021-02-05;4817;17;0;0;50;0;0;0;0;70304;149;0;0;1017;0;0;0;0
FR;2;2021-02-06;2047;15;0;0;41;0;0;0;0;72351;164;0;0;1058;0;0;0;0
FR;2;2021-02-07;103;6;0;0;20;0;0;0;0;72454;170;0;0;1078;0;0;0;0
FR;2;2021-02-08;7559;27;0;0;86;0;0;0;0;80013;197;0;0;1164;0;0;0;0
FR;2;2021-02-09;8435;31;0;0;100;0;0;0;0;88448;228;0;0;1264;0;0;0;0
FR;2;2021-02-10;9349;63;0;0;183;0;0;0;0;97797;291;0;0;1447;0;0;0;0
FR;2;2021-02-11;10292;132;0;0;256;0;0;0;0;108089;423;0;0;1703;0;0;0;0
FR;2;2021-02-12;10059;276;0;0;430;0;0;0;0;118148;699;0;0;2133;0;0;0;0
FR;2;2021-02-13;3121;223;0;0;261;0;0;0;0;121269;922;0;0;2394;0;0;0;0
FR;2;2021-02-14;358;11;0;0;21;0;0;0;0;121627;933;0;0;2415;0;0;0;0
FR;2;2021-02-15;3460;3129;0;0;3176;0;0;0;0;125087;4062;0;0;5591;0;0;0;0
FR;2;2021-02-16;5076;4164;0;0;4237;0;0;0;0;130163;8226;0;0;9828;0;0;0;0
FR;2;2021-02-17;4259;4555;0;0;4632;0;0;0;0;134422;12781;0;0;14460;0;0;0;0
FR;2;2021-02-18;5406;5179;0;0;5249;0;0;0;0;139828;17960;0;0;19709;0;0;0;0
FR;2;2021-02-19;5329;4491;0;0;4592;0;0;0;0;145157;22451;0;0;24301;0;0;0;0
FR;2;2021-02-20;1872;1520;0;0;1537;0;0;0;0;147029;23971;0;0;25838;0;0;0;0
FR;2;2021-02-21;244;96;0;0;98;0;0;0;0;147273;24067;0;0;25936;0;0;0;0
FR;2;2021-02-22;3614;3782;0;0;3844;0;0;0;0;150887;27849;0;0;29780;0;0;0;0
FR;2;2021-02-23;4956;3741;0;0;3805;0;0;0;0;155843;31590;0;0;33585;0;0;0;0
FR;2;2021-02-24;5017;3558;0;0;3611;0;0;0;0;160860;35148;0;0;37196;0;0;0;0
FR;2;2021-02-25;5501;3495;0;0;3585;0;0;0;0;166361;38643;0;0;40781;0;0;0;0
FR;2;2021-02-26;4368;3179;0;0;3253;0;0;0;0;170729;41822;0;0;44034;0;0;0;0
FR;2;2021-02-27;1629;1067;0;0;1086;0;0;0;0;172358;42889;0;0;45120;0;0;0;0
FR;2;2021-02-28;179;17;0;0;28;0;0;0;0;172537;42906;0;0;45148;0;0;0;0
FR;2;2021-03-01;5193;3763;0;0;3852;0;0;0;0;177730;46669;0;0;49000;0;0;0;0
FR;2;2021-03-02;6542;4728;0;0;4829;0;0;0;0;184272;51397;0;0;53829;0;0;0;0
FR;2;2021-03-03;6544;4955;0;0;5096;0;0;0;0;190816;56352;0;0;58925;0;0;0;0
FR;2;2021-03-04;8412;4210;0;0;4396;0;0;0;0;199228;60562;0;0;63321;0;0;0;0
FR;2;2021-03-05;8037;4054;0;0;4237;0;0;0;0;207265;64616;0;0;67558;0;0;0;0
FR;2;2021-03-06;4791;1683;0;0;1783;0;0;0;0;212056;66299;0;0;69341;0;0;0;0
FR;2;2021-03-07;2373;32;0;0;76;0;0;0;0;214429;66331;0;0;69417;0;0;0;0
FR;2;2021-03-08;4166;8392;0;0;8549;0;0;0;0;218595;74723;0;0;77966;0;0;0;0
FR;2;2021-03-09;7494;8610;1;0;8868;0;0;0;0;226089;83333;1;0;86834;0;0;0;0
FR;2;2021-03-10;7108;9246;0;0;9473;0;0;0;0;233197;92579;1;0;96307;0;0;0;0
FR;2;2021-03-11;9379;9365;1;0;9686;0;0;0;0;242576;101944;2;0;105993;0;0;0;0
FR;2;2021-03-12;7989;8368;0;0;8671;0;0;0;0;250565;110312;2;0;114664;0;0;0;0
FR;2;2021-03-13;10058;2593;0;0;2914;0;0;0;0;260623;112905;2;0;117578;0;0;0;0
FR;2;2021-03-14;4841;380;0;0;539;0;0;0;0;265464;113285;2;0;118117;0;0;0;0
FR;2;2021-03-15;10919;3476;0;0;3765;0;0;0;0;276383;116761;2;0;121882;0;0;0;0
FR;2;2021-03-16;16770;4732;1;0;5282;0;0;0;0;293153;121493;3;0;127164;0;0;0;0
FR;2;2021-03-17;20242;3998;0;0;4672;0;0;0;0;313395;125491;3;0;131836;0;0;0;0
FR;2;2021-03-18;23375;5128;0;0;5957;0;0;0;0;336770;130619;3;0;137793;0;0;0;0
FR;2;2021-03-19;23316;4680;0;0;5443;0;0;0;0;360086;135299;3;0;143236;0;0;0;0
FR;2;2021-03-20;25452;1588;0;0;2345;0;0;0;0;385538;136887;3;0;145581;0;0;0;0
FR;2;2021-03-21;17675;153;0;0;731;0;0;0;0;403213;137040;3;0;146312;0;0;0;0
FR;2;2021-03-22;17791;3276;0;0;3945;0;0;0;0;421004;140316;3;0;150257;0;0;0;0
FR;2;2021-03-23;22707;4288;0;0;5143;0;0;0;0;443711;144604;3;0;155400;0;0;0;0
FR;2;2021-03-24;23966;5100;0;0;5937;0;0;0;0;467677;149704;3;0;161337;0;0;0;0
FR;2;2021-03-25;26762;5259;1;0;6456;0;0;0;0;494439;154963;4;0;167793;0;0;0;0
FR;2;2021-03-26;26992;4236;0;0;5382;0;0;0;0;521431;159199;4;0;173175;0;0;0;0
FR;2;2021-03-27;15923;1369;0;0;1899;0;0;0;0;537354;160568;4;0;175074;0;0;0;0
FR;2;2021-03-28;10563;135;0;0;427;0;0;0;0;547917;160703;4;0;175501;0;0;0;0
FR;2;2021-03-29;19004;4349;0;0;5049;0;0;0;0;566921;165052;4;0;180550;0;0;0;0
FR;2;2021-03-30;24597;6105;0;0;7045;0;0;0;0;591518;171157;4;0;187595;0;0;0;0
FR;2;2021-03-31;28562;5931;0;0;7224;0;0;0;0;620080;177088;4;0;194819;0;0;0;0
FR;2;2021-04-01;34560;8576;1;0;10269;0;0;0;0;654640;185664;5;0;205088;0;0;0;0
FR;2;2021-04-02;29992;7736;0;0;9165;0;0;0;0;684632;193400;5;0;214253;0;0;0;0
FR;2;2021-04-03;16959;4263;0;0;4945;0;0;0;0;701591;197663;5;0;219198;0;0;0;0
FR;2;2021-04-04;9309;1269;2;0;1677;0;0;0;0;710900;198932;7;0;220875;0;0;0;0
FR;2;2021-04-05;12448;797;0;0;1381;0;0;0;0;723348;199729;7;0;222256;0;0;0;0
FR;2;2021-04-06;27159;7359;0;0;8751;0;0;0;0;750507;207088;7;0;231007;0;0;0;0
FR;2;2021-04-07;30931;7070;1;0;8646;0;0;0;0;781438;214158;8;0;239653;0;0;0;0
FR;2;2021-04-08;36896;8592;1;0;10517;0;0;0;0;818334;222750;9;0;250170;0;0;0;0
FR;2;2021-04-09;33856;8391;28;0;10176;0;0;0;0;852190;231141;37;0;260346;0;0;0;0
FR;2;2021-04-10;19689;9270;1;0;10182;0;0;0;0;871879;240411;38;0;270528;0;0;0;0
FR;2;2021-04-11;7943;4240;1;0;4603;0;0;0;0;879822;244651;39;0;275131;0;0;0;0
FR;2;2021-04-12;17137;11028;0;0;11870;0;0;0;0;896959;255679;39;0;287001;0;0;0;0
FR;2;2021-04-13;19465;16034;1;0;17102;0;0;0;0;916424;271713;40;0;304103;0;0;0;0
FR;2;2021-04-14;18071;16445;7;0;17541;0;0;0;0;934495;288158;47;0;321644;0;0;0;0
FR;2;2021-04-15;22208;21893;27;0;23347;0;0;0;0;956703;310051;74;0;344991;0;0;0;0
FR;2;2021-04-16;20721;20640;45;0;21913;0;0;0;0;977424;330691;119;0;366904;0;0;0;0
FR;2;2021-04-17;13258;22496;5;0;23227;0;0;0;0;990682;353187;124;0;390131;0;0;0;0
FR;2;2021-04-18;5911;14397;6;0;14737;0;0;0;0;996593;367584;130;0;404868;0;0;0;0
FR;2;2021-04-19;16850;16394;24;0;17197;0;0;0;0;1013443;383978;154;0;422065;0;0;0;0
FR;2;2021-04-20;19328;21807;38;0;22868;0;0;0;0;1032771;405785;192;0;444933;0;0;0;0
FR;2;2021-04-21;20294;21902;76;0;23052;0;0;0;0;1053065;427687;268;0;467985;0;0;0;0
FR;2;2021-04-22;23824;24958;41;0;26371;0;0;0;0;1076889;452645;309;0;494356;0;0;0;0
FR;2;2021-04-23;24534;25501;76;0;27013;0;0;0;0;1101423;478146;385;0;521369;0;0;0;0
FR;2;2021-04-24;25305;15068;104;0;16506;0;0;0;0;1126728;493214;489;0;537875;0;0;0;0
FR;2;2021-04-25;9598;8622;5;0;9183;0;0;0;0;1136326;501836;494;0;547058;0;0;0;0
FR;2;2021-04-26;17169;17679;21;0;18565;0;0;0;0;1153495;519515;515;0;565623;0;0;0;0
FR;2;2021-04-27;19246;24101;40;0;25285;0;0;0;0;1172741;543616;555;0;590908;0;0;0;0
FR;2;2021-04-28;22343;26458;113;0;27859;0;0;0;0;1195084;570074;668;0;618767;0;0;0;0
FR;2;2021-04-29;25477;30500;70;0;32190;0;0;0;0;1220561;600574;738;0;650957;0;0;0;0
FR;2;2021-04-30;25541;27977;49;1;29627;0;0;0;0;1246102;628551;787;1;680584;0;0;0;0
FR;2;2021-05-01;14988;9853;6;0;10654;0;0;0;0;1261090;638404;793;1;691238;0;0;0;0
FR;2;2021-05-02;6642;9160;2;0;9506;0;0;0;0;1267732;647564;795;1;700744;0;0;0;0
FR;2;2021-05-03;20026;19127;40;0;20334;0;0;0;0;1287758;666691;835;1;721078;0;0;0;0
FR;2;2021-05-04;18288;29202;33;0;30348;0;0;0;0;1306046;695893;868;1;751426;0;0;0;0
FR;2;2021-05-05;18385;29524;48;0;30822;0;0;0;0;1324431;725417;916;1;782248;0;0;0;0
FR;2;2021-05-06;23553;35414;132;0;36987;0;0;0;0;1347984;760831;1048;1;819235;0;0;0;0
FR;2;2021-05-07;25349;33240;97;0;35099;0;0;0;0;1373333;794071;1145;1;854334;0;0;0;0
FR;2;2021-05-08;21343;10701;15;0;11788;0;0;0;0;1394676;804772;1160;1;866122;0;0;0;0
FR;2;2021-05-09;13170;7609;7;0;8284;0;0;0;0;1407846;812381;1167;1;874406;0;0;0;0
FR;2;2021-05-10;32949;21717;50;0;23574;0;0;0;0;1440795;834098;1217;1;897980;0;0;0;0
FR;2;2021-05-11;43616;20904;101;0;23529;0;0;0;0;1484411;855002;1318;1;921509;0;0;0;0
FR;2;2021-05-12;50070;19637;143;0;22517;0;0;0;0;1534481;874639;1461;1;944026;0;0;0;0
FR;2;2021-05-13;51301;5597;31;0;8465;0;0;0;0;1585782;880236;1492;1;952491;0;0;0;0
FR;2;2021-05-14;61361;12884;132;0;16538;0;0;0;0;1647143;893120;1624;1;969029;0;0;0;0
FR;2;2021-05-15;65938;7100;40;0;10650;0;0;0;0;1713081;900220;1664;1;979679;0;0;0;0
FR;2;2021-05-16;43588;2573;10;0;4944;0;0;0;0;1756669;902793;1674;1;984623;0;0;0;0
FR;2;2021-05-17;44756;12447;114;0;15354;0;0;0;0;1801425;915240;1788;1;999977;0;0;0;0
FR;2;2021-05-18;54650;12289;190;0;15972;0;0;0;0;1856075;927529;1978;1;1015949;0;0;0;0
FR;2;2021-05-19;57180;10460;281;0;14500;0;0;0;0;1913255;937989;2259;1;1030449;0;0;0;0
FR;2;2021-05-20;63452;10804;288;0;14899;0;0;0;0;1976707;948793;2547;1;1045348;0;0;0;0
FR;2;2021-05-21;64306;11602;230;0;16027;0;0;0;0;2041013;960395;2777;1;1061375;0;0;0;0
FR;2;2021-05-22;61488;4530;65;0;8500;0;0;0;0;2102501;964925;2842;1;1069875;0;0;0;0
FR;2;2021-05-23;37537;575;22;0;2912;0;0;0;0;2140038;965500;2864;1;1072787;0;0;0;0
FR;2;2021-05-24;17248;2052;35;0;3259;0;0;0;0;2157286;967552;2899;1;1076046;0;0;0;0
FR;2;2021-05-25;21121;12253;241;0;13854;0;0;0;0;2178407;979805;3140;1;1089900;0;0;0;0
FR;2;2021-05-26;19946;11539;230;0;13069;0;0;0;0;2198353;991344;3370;1;1102969;0;0;0;0
FR;2;2021-05-27;23001;12663;182;0;14399;0;0;0;0;2221354;1004007;3552;1;1117368;0;0;0;0
FR;2;2021-05-28;29398;15044;190;0;17224;0;0;0;0;2250752;1019051;3742;1;1134592;0;0;0;0
FR;2;2021-05-29;30425;8196;58;0;10104;0;0;0;0;2281177;1027247;3800;1;1144696;0;0;0;0
FR;2;2021-05-30;4648;1819;6;0;2154;0;0;0;0;2285825;1029066;3806;1;1146850;0;0;0;0
FR;2;2021-05-31;28590;18741;184;0;20820;0;0;0;0;2314415;1047807;3990;1;1167670;0;0;0;0
FR;2;2021-06-01;45745;19915;225;0;23151;0;0;0;0;2360160;1067722;4215;1;1190821;0;0;0;0
FR;2;2021-06-02;37483;19311;182;0;22317;0;0;0;0;2397643;1087033;4397;1;1213138;0;0;0;0
FR;2;2021-06-03;51284;23117;161;0;26971;0;0;0;0;2448927;1110150;4558;1;1240109;0;0;0;0
FR;2;2021-06-04;65519;24090;217;0;29055;0;0;0;0;2514446;1134240;4775;1;1269164;0;0;0;0
FR;2;2021-06-05;34607;24109;52;0;26964;0;0;0;0;2549053;1158349;4827;1;1296128;0;0;0;0
FR;2;2021-06-06;4958;6194;10;0;6613;0;0;0;0;2554011;1164543;4837;1;1302741;0;0;0;0
FR;2;2021-06-07;28177;23015;150;0;25431;0;0;0;0;2582188;1187558;4987;1;1328172;0;0;0;0
FR;2;2021-06-08;46379;22945;143;0;26911;0;0;0;0;2628567;1210503;5130;1;1355083;0;0;0;0
FR;2;2021-06-09;34298;20999;107;0;24131;0;0;0;0;2662865;1231502;5237;1;1379214;0;0;0;0
FR;2;2021-06-10;42644;19081;96;1;23003;0;0;0;0;2705509;1250583;5333;2;1402217;0;0;0;0
FR;2;2021-06-11;55306;25133;134;0;30232;0;0;0;0;2760815;1275716;5467;2;1432449;0;0;0;0
FR;2;2021-06-12;30567;19801;53;0;22655;0;0;0;0;2791382;1295517;5520;2;1455104;0;0;0;0
FR;2;2021-06-13;3333;9197;13;0;9586;0;0;0;0;2794715;1304714;5533;2;1464690;0;0;0;0
FR;2;2021-06-14;25304;24119;92;0;26699;0;0;0;0;2820019;1328833;5625;2;1491389;0;0;0;0
FR;2;2021-06-15;39049;22819;154;0;26567;0;0;0;0;2859068;1351652;5779;2;1517956;0;0;0;0
FR;2;2021-06-16;30169;21370;135;0;24523;0;0;0;0;2889237;1373022;5914;2;1542479;0;0;0;0
FR;2;2021-06-17;36913;25737;150;0;29599;0;0;0;0;2926150;1398759;6064;2;1572078;0;0;0;0
FR;2;2021-06-18;46860;28884;123;0;33587;0;0;0;0;2973010;1427643;6187;2;1605665;0;0;0;0
FR;2;2021-06-19;24527;24940;39;0;27714;0;0;0;0;2997537;1452583;6226;2;1633379;0;0;0;0
FR;2;2021-06-20;3745;10058;9;0;10557;0;0;0;0;3001282;1462641;6235;2;1643936;0;0;0;0
FR;2;2021-06-21;17538;42862;88;0;44874;0;0;0;0;3018820;1505503;6323;2;1688810;0;0;0;0
FR;2;2021-06-22;28367;49617;110;0;53046;0;0;0;0;3047187;1555120;6433;2;1741856;0;0;0;0
FR;2;2021-06-23;21790;49613;107;1;52462;1;0;0;0;3068977;1604733;6540;3;1794318;1;0;0;0
FR;2;2021-06-24;28381;50317;134;0;54048;0;0;0;0;3097358;1655050;6674;3;1848366;1;0;0;0
FR;2;2021-06-25;33402;60489;129;0;64878;0;0;0;0;3130760;1715539;6803;3;1913244;1;0;0;0
FR;2;2021-06-26;16396;59357;54;1;61749;0;0;0;0;3147156;1774896;6857;4;1974993;1;0;0;0
FR;2;2021-06-27;2566;29316;22;1;29898;0;0;0;0;3149722;1804212;6879;5;2004891;1;0;0;0
FR;2;2021-06-28;12641;54341;84;0;56317;0;0;0;0;3162363;1858553;6963;5;2061208;1;0;0;0
FR;2;2021-06-29;19857;60000;178;0;62943;0;0;0;0;3182220;1918553;7141;5;2124151;1;0;0;0
FR;2;2021-06-30;16337;58037;253;17;60721;0;0;0;0;3198557;1976590;7394;22;2184872;1;0;0;0
FR;2;2021-07-01;20497;59874;228;0;63201;0;0;0;0;3219054;2036464;7622;22;2248073;1;0;0;0
FR;2;2021-07-02;24083;62161;184;0;66375;0;0;0;0;3243137;2098625;7806;22;2314448;1;0;0;0
FR;2;2021-07-03;12123;57146;153;0;59485;0;0;0;0;3255260;2155771;7959;22;2373933;1;0;0;0
FR;2;2021-07-04;1961;23303;18;0;23870;0;0;0;0;3257221;2179074;7977;22;2397803;1;0;0;0
FR;2;2021-07-05;9179;29257;106;0;30893;0;0;0;0;3266400;2208331;8083;22;2428696;1;0;0;0
FR;2;2021-07-06;14584;36279;135;0;38958;0;0;0;0;3280984;2244610;8218;22;2467654;1;0;0;0
FR;2;2021-07-07;14421;33664;140;0;36417;0;0;0;0;3295405;2278274;8358;22;2504071;1;0;0;0
FR;2;2021-07-08;19723;40324;162;0;43981;0;0;0;0;3315128;2318598;8520;22;2548052;1;0;0;0
FR;2;2021-07-09;27105;54334;202;1;59484;0;0;0;0;3342233;2372932;8722;23;2607536;1;0;0;0
FR;2;2021-07-10;13389;33708;107;0;36392;0;0;0;0;3355622;2406640;8829;23;2643928;1;0;0;0
FR;2;2021-07-11;1811;4344;16;0;4771;0;0;0;0;3357433;2410984;8845;23;2648699;1;0;0;0
FR;2;2021-07-12;12971;37265;119;0;39920;0;0;0;0;3370404;2448249;8964;23;2688619;1;0;0;0
FR;2;2021-07-13;37120;53146;152;0;60280;0;0;0;0;3407524;2501395;9116;23;2748899;1;0;0;0
FR;2;2021-07-14;6628;3540;15;0;4887;0;0;0;0;3414152;2504935;9131;23;2753786;1;0;0;0
FR;2;2021-07-15;47244;47014;156;0;55210;0;0;0;0;3461396;2551949;9287;23;2808996;1;0;0;0
FR;2;2021-07-16;64320;55754;188;0;66737;0;0;0;0;3525716;2607703;9475;23;2875733;1;0;0;0
FR;2;2021-07-17;31603;23918;96;0;29375;0;0;0;0;3557319;2631621;9571;23;2905108;1;0;0;0
FR;2;2021-07-18;6090;4807;19;0;5952;0;0;0;0;3563409;2636428;9590;23;2911060;1;0;0;0
FR;2;2021-07-19;33007;28599;94;0;34212;0;0;0;0;3596416;2665027;9684;23;2945272;1;0;0;0
FR;2;2021-07-20;51999;44524;155;0;53159;0;0;0;0;3648415;2709551;9839;23;2998431;1;0;0;0
FR;2;2021-07-21;45257;34626;93;0;42129;0;0;0;0;3693672;2744177;9932;23;3040560;1;0;0;0
FR;2;2021-07-22;56280;41082;128;1;50355;0;0;0;0;3749952;2785259;10060;24;3090915;1;0;0;0
FR;2;2021-07-23;68305;48967;170;0;60256;0;0;0;0;3818257;2834226;10230;24;3151171;1;0;0;0
FR;2;2021-07-24;36178;21614;82;0;27472;0;0;0;0;3854435;2855840;10312;24;3178643;1;0;0;0
FR;2;2021-07-25;6751;2608;10;0;3866;0;0;0;0;3861186;2858448;10322;24;3182509;1;0;0;0
FR;2;2021-07-26;36320;22336;91;1;27839;0;0;0;0;3897506;2880784;10413;25;3210348;1;0;0;0
FR;2;2021-07-27;62392;34563;180;0;43711;0;0;0;0;3959898;2915347;10593;25;3254059;1;0;0;0
FR;2;2021-07-28;55326;26425;132;0;34511;0;0;0;0;4015224;2941772;10725;25;3288570;1;0;0;0
FR;2;2021-07-29;68481;32795;189;0;42476;0;0;0;0;4083705;2974567;10914;25;3331046;1;0;0;0
FR;2;2021-07-30;74468;37816;222;1;48606;0;0;0;0;4158173;3012383;11136;26;3379652;1;0;0;0
FR;2;2021-07-31;34778;16207;105;0;21406;0;0;0;0;4192951;3028590;11241;26;3401058;1;0;0;0
FR;2;2021-08-01;5416;2260;19;0;3123;0;0;0;0;4198367;3030850;11260;26;3404181;1;0;0;0
FR;2;2021-08-02;35896;16150;101;0;21053;0;0;0;0;4234263;3047000;11361;26;3425234;1;0;0;0
FR;2;2021-08-03;55988;28261;143;0;35464;0;0;0;0;4290251;3075261;11504;26;3460698;1;0;0;0
FR;2;2021-08-04;46638;20828;128;1;26936;0;0;0;0;4336889;3096089;11632;27;3487634;1;0;0;0
FR;2;2021-08-05;54642;31562;215;0;38738;0;0;0;0;4391531;3127651;11847;27;3526372;1;0;0;0
FR;2;2021-08-06;58099;42399;242;1;50227;0;0;0;0;4449630;3170050;12089;28;3576599;1;0;0;0
FR;2;2021-08-07;25152;17627;89;0;21317;0;0;0;0;4474782;3187677;12178;28;3597916;1;0;0;0
FR;2;2021-08-08;3840;3653;21;0;4311;0;0;0;0;4478622;3191330;12199;28;3602227;1;0;0;0
FR;2;2021-08-09;29308;21023;92;0;24849;0;0;0;0;4507930;3212353;12291;28;3627076;1;0;0;0
FR;2;2021-08-10;45014;33467;155;0;39228;0;0;0;0;4552944;3245820;12446;28;3666304;1;0;0;0
FR;2;2021-08-11;35277;25144;151;0;29743;0;0;0;0;4588221;3270964;12597;28;3696047;1;0;0;0
FR;2;2021-08-12;41905;35692;163;0;41229;0;0;0;0;4630126;3306656;12760;28;3737276;1;0;0;0
FR;2;2021-08-13;42608;37354;218;0;43041;0;0;0;0;4672734;3344010;12978;28;3780317;1;0;0;0
FR;2;2021-08-14;18524;22130;94;0;24761;0;0;0;0;4691258;3366140;13072;28;3805078;1;0;0;0
FR;2;2021-08-15;3865;3796;17;0;4382;0;0;0;0;4695123;3369936;13089;28;3809460;1;0;0;0
FR;2;2021-08-16;25095;27124;111;0;30447;0;0;0;0;4720218;3397060;13200;28;3839907;1;0;0;0
FR;2;2021-08-17;38270;43397;207;2;48381;0;0;0;0;4758488;3440457;13407;30;3888288;1;0;0;0
FR;2;2021-08-18;32254;36351;195;1;40693;0;0;0;0;4790742;3476808;13602;31;3928981;1;0;0;0
FR;2;2021-08-19;37435;46575;224;0;51775;0;0;0;0;4828177;3523383;13826;31;3980756;1;0;0;0
FR;2;2021-08-20;40568;55648;271;1;61573;0;0;0;0;4868745;3579031;14097;32;4042329;1;0;0;0
FR;2;2021-08-21;18122;24321;117;0;27113;0;0;0;0;4886867;3603352;14214;32;4069442;1;0;0;0
FR;2;2021-08-22;2909;4320;22;1;4852;1;0;0;0;4889776;3607672;14236;33;4074294;2;0;0;0
FR;2;2021-08-23;19250;35149;131;1;38039;0;0;0;0;4909026;3642821;14367;34;4112333;2;0;0;0
FR;2;2021-08-24;31952;56036;236;0;60693;0;0;0;0;4940978;3698857;14603;34;4173026;2;0;0;0
FR;2;2021-08-25;25934;43456;251;0;47405;0;0;0;0;4966912;3742313;14854;34;4220431;2;0;0;0
FR;2;2021-08-26;32362;55845;388;0;60583;0;0;0;0;4999274;3798158;15242;34;4281014;2;0;0;0
FR;2;2021-08-27;37003;65679;477;2;71403;0;0;0;0;5036277;3863837;15719;36;4352417;2;0;0;0
FR;2;2021-08-28;17819;28556;300;0;31616;0;0;0;0;5054096;3892393;16019;36;4384033;2;0;0;0
FR;2;2021-08-29;2656;5012;47;0;5623;0;0;0;0;5056752;3897405;16066;36;4389656;2;0;0;0
FR;2;2021-08-30;18418;37728;399;0;40147;756;0;0;0;5075170;3935133;16465;36;4429803;758;0;0;0
FR;2;2021-08-31;28077;57516;887;4;60947;1558;0;0;0;5103247;3992649;17352;40;4490750;2316;0;0;0
FR;2;2021-09-01;21595;39876;1309;0;42254;2129;0;0;0;5124842;4032525;18661;40;4533004;4445;0;0;0
FR;2;2021-09-02;25486;48668;1963;2;50943;3369;0;0;0;5150328;4081193;20624;42;4583947;7814;0;0;0
FR;2;2021-09-03;33414;64575;2988;3;67538;4886;1;0;0;5183742;4145768;23612;45;4651485;12700;1;0;0
FR;2;2021-09-04;16833;27765;1443;1;29555;2386;0;0;0;5200575;4173533;25055;46;4681040;15086;1;0;0
FR;2;2021-09-05;2265;3585;266;0;3941;412;0;0;0;5202840;4177118;25321;46;4684981;15498;1;0;0
FR;2;2021-09-06;14045;28693;1771;1;29758;2945;0;0;0;5216885;4205811;27092;47;4714739;18443;1;0;0
FR;2;2021-09-07;21111;41110;3022;13;42261;4945;0;0;0;5237996;4246921;30114;60;4757000;23388;1;0;0
FR;2;2021-09-08;17248;31921;2735;6;32738;4498;0;0;0;5255244;4278842;32849;66;4789738;27886;1;0;0
FR;2;2021-09-09;20982;40485;4437;3;41229;6842;0;0;0;5276226;4319327;37286;69;4830967;34728;1;0;0
FR;2;2021-09-10;28203;51316;5286;4;51884;8979;1;0;0;5304429;4370643;42572;73;4882851;43707;2;0;0
FR;2;2021-09-11;13655;22461;2405;5;23133;3990;0;0;0;5318084;4393104;44977;78;4905984;47697;2;0;0
FR;2;2021-09-12;1824;2770;292;0;2964;509;0;0;0;5319908;4395874;45269;78;4908948;48206;2;0;0
FR;2;2021-09-13;11659;21441;2474;4;21701;4052;0;0;0;5331567;4417315;47743;82;4930649;52258;2;0;0
FR;2;2021-09-14;18579;32720;5092;13;31679;9055;2;0;0;5350146;4450035;52835;95;4962328;61313;4;0;0
FR;2;2021-09-15;14917;28226;5168;3;26925;7749;9;0;0;5365063;4478261;58003;98;4989253;69062;13;0;0
FR;2;2021-09-16;16079;32799;6737;12;30180;10541;4;0;0;5381142;4511060;64740;110;5019433;79603;17;0;0
FR;2;2021-09-17;20916;47179;8782;10;42825;14631;6;0;0;5402058;4558239;73522;120;5062258;94234;23;0;0
FR;2;2021-09-18;9856;20959;3804;6;19595;6034;1;0;0;5411914;4579198;77326;126;5081853;100268;24;0;0
FR;2;2021-09-19;1166;2590;396;0;2533;631;0;0;0;5413080;4581788;77722;126;5084386;100899;24;0;0
FR;2;2021-09-20;7503;18702;3856;7;17025;6135;4;0;0;5420583;4600490;81578;133;5101411;107034;28;0;0
FR;2;2021-09-21;11215;29983;6495;5;26536;10744;3;0;0;5431798;4630473;88073;138;5127947;117778;31;0;0
FR;2;2021-09-22;9415;23546;5490;6;21194;8526;8;0;0;5441213;4654019;93563;144;5149141;126304;39;0;0
FR;2;2021-09-23;10730;28905;7881;10;24731;12647;10;0;0;5451943;4682924;101444;154;5173872;138951;49;0;0
FR;2;2021-09-24;15075;42947;10878;18;37281;17246;21;0;0;5467018;4725871;112322;172;5211153;156197;70;0;0
FR;2;2021-09-25;7258;18798;3965;9;17151;6120;3;0;0;5474276;4744669;116287;181;5228304;162317;73;0;0
FR;2;2021-09-26;1080;2543;495;0;2489;630;1;0;0;5475356;4747212;116782;181;5230793;162947;74;0;0
FR;2;2021-09-27;6311;16400;4287;8;14792;6533;2;0;0;5481667;4763612;121069;189;5245585;169480;76;0;0
FR;2;2021-09-28;9243;25573;7770;14;21719;12089;7;0;0;5490910;4789185;128839;203;5267304;181569;83;0;0
FR;2;2021-09-29;8081;20198;6067;25;17606;9259;8;0;0;5498991;4809383;134906;228;5284910;190828;91;0;0
FR;2;2021-09-30;9865;25838;9509;16;21639;14099;6;0;0;5508856;4835221;144415;244;5306549;204927;97;0;0
FR;2;2021-10-01;13979;35736;12921;25;30046;19328;9;0;0;5522835;4870957;157336;269;5336595;224255;106;0;0
FR;2;2021-10-02;6875;15933;4850;7;14226;7047;6;0;0;5529710;4886890;162186;276;5350821;231302;112;0;0
FR;2;2021-10-03;841;1908;492;1;1839;502;0;0;0;5530551;4888798;162678;277;5352660;231804;112;0;0
FR;2;2021-10-04;5826;13901;5516;5;12136;7854;6;0;0;5536377;4902699;168194;282;5364796;239658;118;0;0
FR;2;2021-10-05;9058;22572;11125;19;18532;15741;1;0;0;5545435;4925271;179319;301;5383328;255399;119;0;0
FR;2;2021-10-06;7785;17747;8243;11;15274;11090;4;0;0;5553220;4943018;187562;312;5398602;266489;123;0;0
FR;2;2021-10-07;9204;22215;12386;14;18008;16878;6;0;0;5562424;4965233;199948;326;5416610;283367;129;0;0
FR;2;2021-10-08;13432;32143;17349;28;26517;23609;11;0;0;5575856;4997376;217297;354;5443127;306976;140;0;0
FR;2;2021-10-09;6000;12847;6044;6;11381;7897;7;0;0;5581856;5010223;223341;360;5454508;314873;147;0;0
FR;2;2021-10-10;885;1592;436;2;1535;604;1;0;0;5582741;5011815;223777;362;5456043;315477;148;0;0
FR;2;2021-10-11;5607;11544;6455;17;9932;8829;3;0;0;5588348;5023359;230232;379;5465975;324306;151;0;0
FR;2;2021-10-12;8031;17790;12551;13;13921;16790;9;0;0;5596379;5041149;242783;392;5479896;341096;160;0;0
FR;2;2021-10-13;6947;14870;10256;12;11811;13663;7;0;0;5603326;5056019;253039;404;5491707;354759;167;0;0
FR;2;2021-10-14;8314;17940;14996;13;13556;19478;10;0;0;5611640;5073959;268035;417;5505263;374237;177;0;0
FR;2;2021-10-15;11856;26309;20902;26;19411;27981;4;0;0;5623496;5100268;288937;443;5524674;402218;181;0;0
FR;2;2021-10-16;5141;8729;1819;0;8172;3206;2;0;0;5628637;5108997;290756;443;5532846;405424;183;0;0
FR;2;2021-10-17;654;1150;185;0;1083;354;1;0;0;5629291;5110147;290941;443;5533929;405778;184;0;0
FR;2;2021-10-18;4564;7335;665;2;7242;1629;0;0;0;5633855;5117482;291606;445;5541171;407407;184;0;0
FR;2;2021-10-19;6239;9849;732;5;9656;2030;5;0;0;5640094;5127331;292338;450;5550827;409437;189;0;0
FR;2;2021-10-20;5170;8051;759;3;8173;1675;0;0;0;5645264;5135382;293097;453;5559000;411112;189;0;0
FR;2;2021-10-21;6090;9982;780;5;9840;2104;1;0;0;5651354;5145364;293877;458;5568840;413216;190;0;0
FR;2;2021-10-22;8452;14602;1151;4;14478;2891;2;0;0;5659806;5159966;295028;462;5583318;416107;192;0;0
FR;2;2021-10-23;3845;5993;587;0;6125;1235;3;0;0;5663651;5165959;295615;462;5589443;417342;195;0;0
FR;2;2021-10-24;494;882;101;0;900;204;0;0;0;5664145;5166841;295716;462;5590343;417546;195;0;0
FR;2;2021-10-25;3360;5342;307;1;5518;825;2;0;0;5667505;5172183;296023;463;5595861;418371;197;0;0
FR;2;2021-10-26;4177;7237;1134;4;7126;2023;5;0;0;5671682;5179420;297157;467;5602987;420394;202;0;0
FR;2;2021-10-27;3677;6585;1194;5;6447;1989;1;0;0;5675359;5186005;298351;472;5609434;422383;203;0;0
FR;2;2021-10-28;4597;7687;1737;3;7415;2746;1;0;0;5679956;5193692;300088;475;5616849;425129;204;0;0
FR;2;2021-10-29;5414;11082;2438;4;10692;3684;3;0;0;5685370;5204774;302526;479;5627541;428813;207;0;0
FR;2;2021-10-30;2749;4457;976;1;4452;1448;2;0;0;5688119;5209231;303502;480;5631993;430261;209;0;0
FR;2;2021-10-31;364;535;140;1;544;191;1;0;0;5688483;5209766;303642;481;5632537;430452;210;0;0
FR;2;2021-11-01;430;546;181;0;563;267;1;0;0;5688913;5210312;303823;481;5633100;430719;211;0;0
FR;2;2021-11-02;3294;6760;1184;0;6800;1771;5;0;0;5692207;5217072;305007;481;5639900;432490;216;0;0
FR;2;2021-11-03;3340;6226;1389;2;6311;1970;2;0;0;5695547;5223298;306396;483;5646211;434460;218;0;0
FR;2;2021-11-04;3987;7069;1769;4;7109;2495;3;0;0;5699534;5230367;308165;487;5653320;436955;221;0;0
FR;2;2021-11-05;5235;10502;2869;5;10215;3957;6;0;0;5704769;5240869;311034;492;5663535;440912;227;0;0
FR;2;2021-11-06;2597;4684;1407;0;4641;1824;2;0;0;5707366;5245553;312441;492;5668176;442736;229;0;0
FR;2;2021-11-07;506;862;221;0;869;291;2;0;0;5707872;5246415;312662;492;5669045;443027;231;0;0
FR;2;2021-11-08;2578;5348;1207;3;5268;1678;3;0;0;5710450;5251763;313869;495;5674313;444705;234;0;0
FR;2;2021-11-09;2749;6907;2402;5;6442;3181;2;0;0;5713199;5258670;316271;500;5680755;447886;236;0;0
FR;2;2021-11-10;2590;5668;5118;6;4761;6294;7;0;0;5715789;5264338;321389;506;5685516;454180;243;0;0
FR;2;2021-11-11;446;754;755;2;647;938;3;0;0;5716235;5265092;322144;508;5686163;455118;246;0;0
FR;2;2021-11-12;2953;8088;8982;8;6196;10933;9;0;0;5719188;5273180;331126;516;5692359;466051;255;0;0
FR;2;2021-11-13;1539;3374;3872;7;2722;4538;4;0;0;5720727;5276554;334998;523;5695081;470589;259;0;0
FR;2;2021-11-14;258;585;351;1;486;480;3;0;0;5720985;5277139;335349;524;5695567;471069;262;0;0
FR;2;2021-11-15;1621;3654;4449;8;2908;5329;16;0;0;5722606;5280793;339798;532;5698475;476398;278;0;0
FR;2;2021-11-16;2185;5875;8314;14;4152;10083;16;0;0;5724791;5286668;348112;546;5702627;486481;294;0;0
FR;2;2021-11-17;1740;4523;6634;8;3168;7852;5;0;0;5726531;5291191;354746;554;5705795;494333;299;0;0
FR;2;2021-11-18;2192;5920;9188;10;4018;11018;8;0;0;5728723;5297111;363934;564;5709813;505351;307;0;0
FR;2;2021-11-19;2701;7752;12981;19;4832;15480;12;0;0;5731424;5304863;376915;583;5714645;520831;319;0;0
FR;2;2021-11-20;1566;3333;5185;5;2351;6098;3;0;0;5732990;5308196;382100;588;5716996;526929;322;0;0
FR;2;2021-11-21;251;504;543;0;393;656;3;0;0;5733241;5308700;382643;588;5717389;527585;325;0;0
FR;2;2021-11-22;1278;2570;4485;5;1673;5397;9;0;0;5734519;5311270;387128;593;5719062;532982;334;0;0
FR;2;2021-11-23;1617;4277;8207;9;2536;9923;6;0;0;5736136;5315547;395335;602;5721598;542905;340;0;0
FR;2;2021-11-24;1421;3747;7486;14;2246;8736;9;0;0;5737557;5319294;402821;616;5723844;551641;349;0;0
FR;2;2021-11-25;1814;4863;11474;21;2682;13668;6;0;0;5739371;5324157;414295;637;5726526;565309;355;0;0
FR;2;2021-11-26;2541;7735;22676;31;3812;26091;14;0;0;5741912;5331892;436971;668;5730338;591400;369;0;0
FR;2;2021-11-27;1498;4144;12278;19;2127;14042;13;0;0;5743410;5336036;449249;687;5732465;605442;382;0;0
FR;2;2021-11-28;292;836;1976;3;478;2303;5;0;0;5743702;5336872;451225;690;5732943;607745;387;0;0
FR;2;2021-11-29;1449;4348;15099;23;2009;17269;25;0;0;5745151;5341220;466324;713;5734952;625014;412;0;0
FR;2;2021-11-30;1913;6658;26252;36;2640;30014;22;0;0;5747064;5347878;492576;749;5737592;655028;434;0;0
FR;2;2021-12-01;1918;6006;26211;31;2477;29519;20;0;0;5748982;5353884;518787;780;5740069;684547;454;0;0
FR;2;2021-12-02;1916;6780;37736;52;2112;41995;32;0;0;5750898;5360664;556523;832;5742181;726542;486;0;0
FR;2;2021-12-03;2558;10069;53644;111;3592;59391;31;0;0;5753456;5370733;610167;943;5745773;785933;517;0;0
FR;2;2021-12-04;1850;6275;37132;38;2185;40820;16;0;0;5755306;5377008;647299;981;5747958;826753;533;0;0
FR;2;2021-12-05;458;2242;14265;14;533;15990;7;0;0;5755764;5379250;661564;995;5748491;842743;540;0;0
FR;2;2021-12-06;2486;9845;77735;109;2698;84785;25;0;0;5758250;5389095;739299;1104;5751189;927528;565;0;0
FR;2;2021-12-07;3458;15288;122475;238;3742;133797;40;0;0;5761708;5404383;861774;1342;5754931;1061325;605;0;0
FR;2;2021-12-08;3725;15967;133225;330;3844;145413;54;0;0;5765433;5420350;994999;1672;5758775;1206738;659;0;0
FR;2;2021-12-09;4547;19625;170241;554;4165;185639;61;0;0;5769980;5439975;1165240;2226;5762940;1392377;720;0;0
FR;2;2021-12-10;4676;22806;188699;490;5011;206189;69;0;0;5774656;5462781;1353939;2716;5767951;1598566;789;0;0
FR;2;2021-12-11;3687;16621;132469;239;3663;144937;60;0;0;5778343;5479402;1486408;2955;5771614;1743503;849;0;0
FR;2;2021-12-12;1256;7119;59116;83;1016;65169;12;0;0;5779599;5486521;1545524;3038;5772630;1808672;861;0;0
FR;2;2021-12-13;5529;26811;220733;605;5223;243029;159;0;0;5785128;5513332;1766257;3643;5777853;2051701;1020;0;0
FR;2;2021-12-14;7019;37458;300806;909;6136;332278;190;0;0;5792147;5550790;2067063;4552;5783989;2383979;1210;0;0
FR;2;2021-12-15;6555;36215;285264;958;5866;315903;186;0;0;5798702;5587005;2352327;5510;5789855;2699882;1396;0;0
FR;2;2021-12-16;7764;37923;312180;982;6564;343823;186;0;0;5806466;5624928;2664507;6492;5796419;3043705;1582;0;0
FR;2;2021-12-17;8680;41187;327911;976;8020;360987;232;0;0;5815146;5666115;2992418;7468;5804439;3404692;1814;0;0
FR;2;2021-12-18;6515;26527;212374;448;4904;233673;120;0;0;5821661;5692642;3204792;7916;5809343;3638365;1934;0;0
FR;2;2021-12-19;2603;11403;90226;182;1655;100356;26;0;0;5824264;5704045;3295018;8098;5810998;3738721;1960;0;0
FR;2;2021-12-20;9548;33515;275258;707;6586;303403;209;0;0;5833812;5737560;3570276;8805;5817584;4042124;2169;0;0
FR;2;2021-12-21;11568;38269;309663;968;7368;341439;262;0;0;5845380;5775829;3879939;9773;5824952;4383563;2431;0;0
FR;2;2021-12-22;10461;32775;265147;952;6442;292502;316;0;1;5855841;5808604;4145086;10725;5831394;4676065;2747;0;1
FR;2;2021-12-23;9426;26620;199534;701;5874;221294;225;0;0;5865267;5835224;4344620;11426;5837268;4897359;2972;0;1
FR;2;2021-12-24;2783;7465;43866;140;2036;49560;78;0;0;5868050;5842689;4388486;11566;5839304;4946919;3050;0;1
FR;2;2021-12-25;201;669;2003;10;209;2476;15;0;0;5868251;5843358;4390489;11576;5839513;4949395;3065;0;1
FR;2;2021-12-26;1320;4215;25162;71;1052;28694;70;0;0;5869571;5847573;4415651;11647;5840565;4978089;3135;0;1
FR;2;2021-12-27;8076;29928;218437;659;6624;243387;294;0;0;5877647;5877501;4634088;12306;5847189;5221476;3429;0;1
FR;2;2021-12-28;9832;36287;272116;742;6982;302014;957;0;1;5887479;5913788;4906204;13048;5854171;5523490;4386;0;2
FR;2;2021-12-29;9498;32218;246151;765;6402;272696;1088;0;0;5896977;5946006;5152355;13813;5860573;5796186;5474;0;2
FR;2;2021-12-30;9464;28090;208839;663;5970;231479;1155;0;0;5906441;5974096;5361194;14476;5866543;6027665;6629;0;2
FR;2;2021-12-31;3011;8340;54991;176;2169;61233;392;0;0;5909452;5982436;5416185;14652;5868712;6088898;7021;0;2
FR;2;2022-01-01;231;693;2858;7;207;3353;29;0;0;5909683;5983129;5419043;14659;5868919;6092251;7050;0;2
FR;2;2022-01-02;1503;4860;29524;76;1167;33418;217;0;0;5911186;5987989;5448567;14735;5870086;6125669;7267;0;2
FR;2;2022-01-03;9606;35395;266544;806;8498;293920;1672;0;0;5920792;6023384;5715111;15541;5878584;6419589;8939;0;2
FR;2;2022-01-04;12857;45401;342102;1068;9970;377042;2458;0;1;5933649;6068785;6057213;16609;5888554;6796631;11397;0;3
FR;2;2022-01-05;11273;38627;294222;885;8635;323856;2155;0;2;5944922;6107412;6351435;17494;5897189;7120487;13552;0;5
FR;2;2022-01-06;13653;43487;331956;1298;9933;364765;2978;0;1;5958575;6150899;6683391;18792;5907122;7485252;16530;0;6
FR;2;2022-01-07;14224;47607;361123;1271;11232;396464;3159;0;0;5972799;6198506;7044514;20063;5918354;7881716;19689;0;6
FR;2;2022-01-08;7946;28137;201276;515;7209;221703;1531;0;2;5980745;6226643;7245790;20578;5925563;8103419;21220;0;8
FR;2;2022-01-09;2749;8945;62531;137;2068;69497;493;0;0;5983494;6235588;7308321;20715;5927631;8172916;21713;0;8
FR;2;2022-01-10;10100;31907;232509;859;8901;255085;2460;0;0;5993594;6267495;7540830;21574;5936532;8428001;24173;0;8
FR;2;2022-01-11;11465;36235;265948;1030;10055;290653;3380;0;1;6005059;6303730;7806778;22604;5946587;8718654;27553;0;9
FR;2;2022-01-12;8767;29787;206335;863;8717;226176;2798;0;5;6013826;6333517;8013113;23467;5955304;8944830;30351;0;14
FR;2;2022-01-13;9387;31335;224510;831;9037;244857;3463;0;4;6023213;6364852;8237623;24298;5964341;9189687;33814;0;18
FR;2;2022-01-14;9746;35573;254551;920;9840;277655;3979;0;1;6032959;6400425;8492174;25218;5974181;9467342;37793;0;19
FR;2;2022-01-15;5361;19443;140788;363;5322;153648;1929;0;0;6038320;6419868;8632962;25581;5979503;9620990;39722;0;19
FR;2;2022-01-16;1512;5457;35892;81;1619;39818;424;0;0;6039832;6425325;8668854;25662;5981122;9660808;40146;0;19
FR;2;2022-01-17;5546;19264;135421;601;6600;147263;2264;0;2;6045378;6444589;8804275;26263;5987722;9808071;42410;0;21
FR;2;2022-01-18;6422;21480;148647;648;7519;160471;3311;0;0;6051800;6466069;8952922;26911;5995241;9968542;45721;0;21
FR;2;2022-01-19;4398;16304;105112;552;6206;113701;2411;0;1;6056198;6482373;9058034;27463;6001447;10082243;48132;0;22
FR;2;2022-01-20;4873;17571;115304;603;7067;123694;3111;0;2;6061071;6499944;9173338;28066;6008514;10205937;51243;0;24
FR;2;2022-01-21;5198;20041;137357;679;7170;147775;3455;0;1;6066269;6519985;9310695;28745;6015684;10353712;54698;0;25
FR;2;2022-01-22;3033;10956;74265;260;3956;80339;1428;0;0;6069302;6530941;9384960;29005;6019640;10434051;56126;0;25
FR;2;2022-01-23;724;2707;15243;41;1055;16826;238;0;0;6070026;6533648;9400203;29046;6020695;10450877;56364;0;25
FR;2;2022-01-24;3292;12793;75084;431;5843;81019;1994;0;2;6073318;6546441;9475287;29477;6026538;10531896;58358;0;27
FR;2;2022-01-25;3575;14404;79638;496;6650;85463;2879;0;4;6076893;6560845;9554925;29973;6033188;10617359;61237;0;31
FR;2;2022-01-26;2515;10701;58987;363;5330;63036;1958;0;1;6079408;6571546;9613912;30336;6038518;10680395;63195;0;32
FR;2;2022-01-27;2684;11386;64185;391;5738;67972;2462;0;1;6082092;6582932;9678097;30727;6044256;10748367;65657;0;33
FR;2;2022-01-28;3551;18257;91730;430;8611;98907;3399;0;1;6085643;6601189;9769827;31157;6052867;10847274;69056;0;34
FR;2;2022-01-29;1896;9234;48856;164;4170;52929;1374;0;1;6087539;6610423;9818683;31321;6057037;10900203;70430;0;35
FR;2;2022-01-30;464;2206;9457;38;1049;10584;203;0;0;6088003;6612629;9828140;31359;6058086;10910787;70633;0;35
FR;2;2022-01-31;1891;9551;43834;209;4709;47322;1885;0;2;6089894;6622180;9871974;31568;6062795;10958109;72518;0;37
FR;2;2022-02-01;1917;10019;47030;279;4797;50078;2707;0;0;6091811;6632199;9919004;31847;6067592;11008187;75225;0;37
FR;2;2022-02-02;1614;8971;41124;250;4191;44147;2189;0;1;6093425;6641170;9960128;32097;6071783;11052334;77414;0;38
FR;2;2022-02-03;1732;8929;40526;205;4368;42911;2640;0;2;6095157;6650099;10000654;32302;6076151;11095245;80054;0;40
FR;2;2022-02-04;2151;15167;66648;299;7379;71317;3670;0;1;6097308;6665266;10067302;32601;6083530;11166562;83724;0;41
FR;2;2022-02-05;1360;8517;35948;132;4214;39220;1369;0;0;6098668;6673783;10103250;32733;6087744;11205782;85093;0;41
FR;2;2022-02-06;275;1761;6130;16;842;6899;217;0;0;6098943;6675544;10109380;32749;6088586;11212681;85310;0;41
FR;2;2022-02-07;1352;9543;37760;134;4535;41288;1888;0;2;6100295;6685087;10147140;32883;6093121;11253969;87198;0;43
FR;2;2022-02-08;1300;9833;40956;173;4646;43750;2741;0;1;6101595;6694920;10188096;33056;6097767;11297719;89939;0;44
FR;2;2022-02-09;1160;8841;37040;174;3804;40465;1901;0;2;6102755;6703761;10225136;33230;6101571;11338184;91840;0;46
FR;2;2022-02-10;1030;8001;33837;204;3605;36511;2051;0;1;6103785;6711762;10258973;33434;6105176;11374695;93891;0;47
FR;2;2022-02-11;1391;12088;53348;223;5283;57702;2888;0;0;6105176;6723850;10312321;33657;6110459;11432397;96779;0;47
FR;2;2022-02-12;753;6535;27989;86;2792;30808;1113;0;2;6105929;6730385;10340310;33743;6113251;11463205;97892;0;49
FR;2;2022-02-13;200;1340;4836;20;562;5577;141;0;0;6106129;6731725;10345146;33763;6113813;11468782;98033;0;49
FR;2;2022-02-14;836;6732;30274;92;2599;33233;1399;0;1;6106965;6738457;10375420;33855;6116412;11502015;99432;0;50
FR;2;2022-02-15;773;6473;28051;140;2801;29994;1965;0;2;6107738;6744930;10403471;33995;6119213;11532009;101397;0;52
FR;2;2022-02-16;657;5362;22069;124;2528;23634;1569;0;3;6108395;6750292;10425540;34119;6121741;11555643;102966;0;55
FR;2;2022-02-17;518;3786;14152;98;2131;14617;1406;0;2;6108913;6754078;10439692;34217;6123872;11570260;104372;0;57
FR;2;2022-02-18;723;5369;20443;134;3041;21130;1895;0;0;6109636;6759447;10460135;34351;6126913;11591390;106267;0;57
FR;2;2022-02-19;431;3061;10533;66;1699;11247;753;0;2;6110067;6762508;10470668;34417;6128612;11602637;107020;0;59
FR;2;2022-02-20;102;520;1463;3;314;1613;100;0;0;6110169;6763028;10472131;34420;6128926;11604250;107120;0;59
FR;2;2022-02-21;423;2685;9122;65;1569;9499;930;0;0;6110592;6765713;10481253;34485;6130495;11613749;108050;0;59
FR;2;2022-02-22;393;2568;8894;77;1622;8797;1180;0;0;6110985;6768281;10490147;34562;6132117;11622546;109230;0;59
FR;2;2022-02-23;432;2605;8992;82;1522;9269;1022;0;0;6111417;6770886;10499139;34644;6133639;11631815;110252;0;59
FR;2;2022-02-24;314;2039;6805;82;1251;6835;870;0;0;6111731;6772925;10505944;34726;6134890;11638650;111122;0;59
FR;2;2022-02-25;456;3210;11424;107;1979;11287;1560;0;3;6112187;6776135;10517368;34833;6136869;11649937;112682;0;62
FR;2;2022-02-26;297;1892;6038;49;1161;6345;587;0;1;6112484;6778027;10523406;34882;6138030;11656282;113269;0;63
FR;2;2022-02-27;76;313;908;5;214;951;98;0;0;6112560;6778340;10524314;34887;6138244;11657233;113367;0;63
FR;2;2022-02-28;332;1689;5525;53;1088;5531;733;0;0;6112892;6780029;10529839;34940;6139332;11662764;114100;0;63
FR;2;2022-03-01;279;1569;5484;46;952;5201;964;0;2;6113171;6781598;10535323;34986;6140284;11667965;115064;0;65
FR;2;2022-03-02;298;1446;5248;46;878;5092;816;0;1;6113469;6783044;10540571;35032;6141162;11673057;115880;0;66
FR;2;2022-03-03;226;1112;3709;42;721;3486;668;0;1;6113695;6784156;10544280;35074;6141883;11676543;116548;0;67
FR;2;2022-03-04;243;1469;4860;74;983;4506;950;0;1;6113938;6785625;10549140;35148;6142866;11681049;117498;0;68
FR;2;2022-03-05;174;906;2980;34;613;2724;561;0;0;6114112;6786531;10552120;35182;6143479;11683773;118059;0;68
FR;2;2022-03-06;42;190;280;5;110;322;52;0;0;6114154;6786721;10552400;35187;6143589;11684095;118111;0;68
FR;2;2022-03-07;157;659;1990;70;491;1780;472;0;0;6114311;6787380;10554390;35257;6144080;11685875;118583;0;68
FR;2;2022-03-08;144;670;2273;53;461;1908;619;0;0;6114455;6788050;10556663;35310;6144541;11687783;119202;0;68
FR;2;2022-03-09;156;709;2351;37;473;2052;617;0;0;6114611;6788759;10559014;35347;6145014;11689835;119819;0;68
FR;2;2022-03-10;123;603;1696;35;446;1471;456;0;1;6114734;6789362;10560710;35382;6145460;11691306;120275;0;69
FR;2;2022-03-11;172;757;2770;57;505;2369;737;0;1;6114906;6790119;10563480;35439;6145965;11693675;121012;0;70
FR;2;2022-03-12;149;485;1787;27;331;1557;450;0;0;6115055;6790604;10565267;35466;6146296;11695232;121462;0;70
FR;2;2022-03-13;25;75;203;30;45;204;69;0;0;6115080;6790679;10565470;35496;6146341;11695436;121531;0;70
FR;2;2022-03-14;129;470;1572;529;333;1301;951;0;0;6115209;6791149;10567042;36025;6146674;11696737;122482;0;70
FR;2;2022-03-15;139;441;1713;691;333;1333;1186;0;1;6115348;6791590;10568755;36716;6147007;11698070;123668;0;71
FR;2;2022-03-16;142;476;2013;1616;331;1593;2160;0;2;6115490;6792066;10570768;38332;6147338;11699663;125828;0;73
FR;2;2022-03-17;95;413;1412;1192;273;1148;1576;0;1;6115585;6792479;10572180;39524;6147611;11700811;127404;0;74
FR;2;2022-03-18;147;496;2026;1795;335;1669;2313;0;1;6115732;6792975;10574206;41319;6147946;11702480;129717;0;75
FR;2;2022-03-19;108;321;1210;941;219;1015;1259;0;0;6115840;6793296;10575416;42260;6148165;11703495;130976;0;75
FR;2;2022-03-20;13;77;191;59;39;168;115;0;0;6115853;6793373;10575607;42319;6148204;11703663;131091;0;75
FR;2;2022-03-21;98;307;1218;1483;181;1081;1760;0;1;6115951;6793680;10576825;43802;6148385;11704744;132851;0;76
FR;2;2022-03-22;118;391;1533;1830;244;1294;2219;0;0;6116069;6794071;10578358;45632;6148629;11706038;135070;0;76
FR;2;2022-03-23;137;362;1684;3032;232;1475;3374;0;6;6116206;6794433;10580042;48664;6148861;11707513;138444;0;82
FR;2;2022-03-24;117;293;1183;1548;186;1001;1814;0;8;6116323;6794726;10581225;50212;6149047;11708514;140258;0;90
FR;2;2022-03-25;119;361;1807;2451;238;1477;2837;0;8;6116442;6795087;10583032;52663;6149285;11709991;143095;0;98
FR;2;2022-03-26;79;247;1205;1222;138;953;1531;0;5;6116521;6795334;10584237;53885;6149423;11710944;144626;0;103
FR;2;2022-03-27;19;36;154;100;19;133;144;0;0;6116540;6795370;10584391;53985;6149442;11711077;144770;0;103
FR;2;2022-03-28;94;290;1140;1602;189;996;1835;0;6;6116634;6795660;10585531;55587;6149631;11712073;146605;0;109
FR;2;2022-03-29;108;258;1325;2467;167;1105;2760;0;4;6116742;6795918;10586856;58054;6149798;11713178;149365;0;113
FR;2;2022-03-30;91;313;1489;3187;164;1320;3424;0;2;6116833;6796231;10588345;61241;6149962;11714498;152789;0;115
FR;2;2022-03-31;104;284;1277;2332;171;1092;2616;0;3;6116937;6796515;10589622;63573;6150133;11715590;155405;0;118
FR;2;2022-04-01;123;324;1568;2349;164;1323;2667;0;7;6117060;6796839;10591190;65922;6150297;11716913;158072;0;125
FR;2;2022-04-02;81;161;845;891;83;737;1052;0;1;6117141;6797000;10592035;66813;6150380;11717650;159124;0;126
FR;2;2022-04-03;16;53;128;113;27;142;133;0;1;6117157;6797053;10592163;66926;6150407;11717792;159257;0;127
FR;2;2022-04-04;114;249;990;1447;151;799;1693;0;5;6117271;6797302;10593153;68373;6150558;11718591;160950;0;132
FR;2;2022-04-05;143;302;1322;2921;162;1150;3150;0;17;6117414;6797604;10594475;71294;6150720;11719741;164100;0;149
FR;2;2022-04-06;89;261;1308;2522;129;1131;2687;0;10;6117503;6797865;10595783;73816;6150849;11720872;166787;0;159
FR;2;2022-04-07;120;230;1303;2682;141;1042;2958;0;8;6117623;6798095;10597086;76498;6150990;11721914;169745;0;167
FR;2;2022-04-08;126;346;1636;3351;182;1328;3642;0;12;6117749;6798441;10598722;79849;6151172;11723242;173387;0;179
FR;2;2022-04-09;90;219;900;1046;144;732;1288;0;4;6117839;6798660;10599622;80895;6151316;11723974;174675;0;183
FR;2;2022-04-10;37;49;143;162;46;119;200;0;1;6117876;6798709;10599765;81057;6151362;11724093;174875;0;184
FR;2;2022-04-11;88;196;892;1560;122;782;1718;0;6;6117964;6798905;10600657;82617;6151484;11724875;176593;0;190
FR;2;2022-04-12;176;273;1183;2770;175;1062;2903;0;8;6118140;6799178;10601840;85387;6151659;11725937;179496;0;198
FR;2;2022-04-13;147;232;1125;2477;111;989;2671;0;11;6118287;6799410;10602965;87864;6151770;11726926;182167;0;209
FR;2;2022-04-14;116;227;1085;2677;114;919;2911;0;18;6118403;6799637;10604050;90541;6151884;11727845;185078;0;227
FR;2;2022-04-15;114;261;1221;2304;131;1078;2544;0;7;6118517;6799898;10605271;92845;6152015;11728923;187622;0;234
FR;2;2022-04-16;67;108;548;549;68;459;675;0;9;6118584;6800006;10605819;93394;6152083;11729382;188297;0;243
FR;2;2022-04-17;15;28;57;53;17;53;71;0;0;6118599;6800034;10605876;93447;6152100;11729435;188368;0;243
FR;2;2022-04-18;12;35;121;70;18;116;95;0;0;6118611;6800069;10605997;93517;6152118;11729551;188463;0;243
FR;2;2022-04-19;112;237;1120;1750;149;951;1934;0;9;6118723;6800306;10607117;95267;6152267;11730502;190397;0;252
FR;2;2022-04-20;95;243;1111;2172;127;935;2366;0;14;6118818;6800549;10608228;97439;6152394;11731437;192763;0;266
FR;2;2022-04-21;111;233;983;1912;125;838;2141;0;10;6118929;6800782;10609211;99351;6152519;11732275;194904;0;276
FR;2;2022-04-22;100;276;1243;2102;141;1024;2440;0;11;6119029;6801058;10610454;101453;6152660;11733299;197344;0;287
FR;2;2022-04-23;67;156;645;762;107;574;862;0;8;6119096;6801214;10611099;102215;6152767;11733873;198206;0;295
FR;2;2022-04-24;12;30;101;68;12;79;100;0;0;6119108;6801244;10611200;102283;6152779;11733952;198306;0;295
FR;2;2022-04-25;104;204;822;1329;103;711;1528;0;15;6119212;6801448;10612022;103612;6152882;11734663;199834;0;310
FR;2;2022-04-26;110;184;1041;2022;118;879;2219;0;18;6119322;6801632;10613063;105634;6153000;11735542;202053;0;328
FR;2;2022-04-27;98;181;860;1787;122;764;1809;0;7;6119420;6801813;10613923;107421;6153122;11736306;203862;0;335
FR;2;2022-04-28;93;214;949;1931;128;842;2087;0;12;6119513;6802027;10614872;109352;6153250;11737148;205949;0;347
FR;2;2022-04-29;81;282;1133;1697;131;1044;1876;0;11;6119594;6802309;10616005;111049;6153381;11738192;207825;0;358
FR;2;2022-04-30;66;127;471;540;80;430;628;0;9;6119660;6802436;10616476;111589;6153461;11738622;208453;0;367
FR;2;2022-05-01;24;24;84;49;20;85;61;0;1;6119684;6802460;10616560;111638;6153481;11738707;208514;0;368
FR;2;2022-05-02;115;232;764;1217;141;662;1375;0;5;6119799;6802692;10617324;112855;6153622;11739369;209889;0;373
FR;2;2022-05-03;153;233;999;1781;155;938;1895;0;14;6119952;6802925;10618323;114636;6153777;11740307;211784;0;387
FR;2;2022-05-04;90;226;926;1811;116;869;1822;0;13;6120042;6803151;10619249;116447;6153893;11741176;213606;0;400
FR;2;2022-05-05;127;198;857;1732;147;774;1848;0;10;6120169;6803349;10620106;118179;6154040;11741950;215454;0;410
FR;2;2022-05-06;133;246;1101;1855;139;1017;2052;0;16;6120302;6803595;10621207;120034;6154179;11742967;217506;0;426
FR;2;2022-05-07;40;99;470;504;61;406;593;0;4;6120342;6803694;10621677;120538;6154240;11743373;218099;0;430
FR;2;2022-05-08;48;54;107;71;41;102;101;0;0;6120390;6803748;10621784;120609;6154281;11743475;218200;0;430
FR;2;2022-05-09;101;174;654;986;103;604;1130;0;9;6120491;6803922;10622438;121595;6154384;11744079;219330;0;439
FR;2;2022-05-10;121;252;938;1841;155;893;1965;0;23;6120612;6804174;10623376;123436;6154539;11744972;221295;0;462
FR;2;2022-05-11;103;179;816;1879;117;795;1868;0;8;6120715;6804353;10624192;125315;6154656;11745767;223163;0;470
FR;2;2022-05-12;111;174;845;2096;116;803;2213;0;21;6120826;6804527;10625037;127411;6154772;11746570;225376;0;491
FR;2;2022-05-13;100;236;969;2097;122;900;2273;0;13;6120926;6804763;10626006;129508;6154894;11747470;227649;0;504
FR;2;2022-05-14;76;124;451;553;93;411;632;0;6;6121002;6804887;10626457;130061;6154987;11747881;228281;0;510
FR;2;2022-05-15;24;39;94;88;20;108;95;0;1;6121026;6804926;10626551;130149;6155007;11747989;228376;0;511
FR;2;2022-05-16;102;171;601;925;116;537;1037;0;11;6121128;6805097;10627152;131074;6155123;11748526;229413;0;522
FR;2;2022-05-17;95;184;690;1687;119;658;1739;0;8;6121223;6805281;10627842;132761;6155242;11749184;231152;0;530
FR;2;2022-05-18;80;181;643;1431;97;648;1486;0;10;6121303;6805462;10628485;134192;6155339;11749832;232638;0;540
FR;2;2022-05-19;73;161;710;1830;81;752;1816;0;12;6121376;6805623;10629195;136022;6155420;11750584;234454;0;552
FR;2;2022-05-20;107;181;874;1701;111;779;1849;0;17;6121483;6805804;10630069;137723;6155531;11751363;236303;0;569
FR;2;2022-05-21;48;96;398;517;71;339;581;0;8;6121531;6805900;10630467;138240;6155602;11751702;236884;0;577
FR;2;2022-05-22;8;23;69;37;18;57;56;0;0;6121539;6805923;10630536;138277;6155620;11751759;236940;0;577
FR;2;2022-05-23;86;133;498;931;100;469;967;0;7;6121625;6806056;10631034;139208;6155720;11752228;237907;0;584
FR;2;2022-05-24;87;164;627;1626;103;615;1680;0;17;6121712;6806220;10631661;140834;6155823;11752843;239587;0;601
FR;2;2022-05-25;72;146;539;1149;90;494;1260;0;5;6121784;6806366;10632200;141983;6155913;11753337;240847;0;606
FR;2;2022-05-26;12;31;77;45;13;85;56;0;1;6121796;6806397;10632277;142028;6155926;11753422;240903;0;607
FR;2;2022-05-27;44;124;456;818;68;438;893;0;9;6121840;6806521;10632733;142846;6155994;11753860;241796;0;616
FR;2;2022-05-28;28;60;221;244;29;221;266;0;1;6121868;6806581;10632954;143090;6156023;11754081;242062;0;617
FR;2;2022-05-29;13;34;43;25;22;51;28;0;0;6121881;6806615;10632997;143115;6156045;11754132;242090;0;617
FR;2;2022-05-30;65;109;425;755;60;410;806;0;6;6121946;6806724;10633422;143870;6156105;11754542;242896;0;623
FR;2;2022-05-31;76;135;564;1278;92;511;1304;0;12;6122022;6806859;10633986;145148;6156197;11755053;244200;0;635
FR;2;2022-06-01;59;160;564;1075;86;543;1170;0;6;6122081;6807019;10634550;146223;6156283;11755596;245370;0;641
FR;2;2022-06-02;92;178;627;1450;109;593;1557;0;12;6122173;6807197;10635177;147673;6156392;11756189;246927;0;653
FR;2;2022-06-03;71;157;668;1605;96;595;1694;0;19;6122244;6807354;10635845;149278;6156488;11756784;248621;0;672
FR;2;2022-06-04;69;93;283;434;66;269;476;0;11;6122313;6807447;10636128;149712;6156554;11757053;249097;0;683
FR;2;2022-06-05;12;17;63;58;16;47;75;0;1;6122325;6807464;10636191;149770;6156570;11757100;249172;0;684
FR;2;2022-06-06;12;41;93;76;30;92;81;0;4;6122337;6807505;10636284;149846;6156600;11757192;249253;0;688
FR;2;2022-06-07;99;222;667;1535;154;577;1661;0;10;6122436;6807727;10636951;151381;6156754;11757769;250914;0;698
FR;2;2022-06-08;70;119;477;1166;76;411;1262;0;5;6122506;6807846;10637428;152547;6156830;11758180;252176;0;703
FR;2;2022-06-09;93;167;613;1923;108;571;1927;0;18;6122599;6808013;10638041;154470;6156938;11758751;254103;0;721
FR;2;2022-06-10;93;168;651;1683;107;623;1774;0;23;6122692;6808181;10638692;156153;6157045;11759374;255877;0;744
FR;2;2022-06-11;44;85;287;529;42;258;583;0;5;6122736;6808266;10638979;156682;6157087;11759632;256460;0;749
FR;2;2022-06-12;18;38;58;78;27;60;78;0;0;6122754;6808304;10639037;156760;6157114;11759692;256538;0;749
FR;2;2022-06-13;39;121;395;953;63;379;1021;0;6;6122793;6808425;10639432;157713;6157177;11760071;257559;0;755
FR;2;2022-06-14;68;157;599;2088;101;537;2189;0;14;6122861;6808582;10640031;159801;6157278;11760608;259748;0;769
FR;2;2022-06-15;78;104;522;1504;84;444;1641;0;10;6122939;6808686;10640553;161305;6157362;11761052;261389;0;779
FR;2;2022-06-16;128;128;497;1411;124;424;1526;0;12;6123067;6808814;10641050;162716;6157486;11761476;262915;0;791
FR;2;2022-06-17;73;138;589;1817;88;516;1921;0;16;6123140;6808952;10641639;164533;6157574;11761992;264836;0;807
FR;2;2022-06-18;76;93;224;579;81;196;630;0;4;6123216;6809045;10641863;165112;6157655;11762188;265466;0;811
FR;2;2022-06-19;11;17;53;71;7;41;90;0;2;6123227;6809062;10641916;165183;6157662;11762229;265556;0;813
FR;2;2022-06-20;62;125;401;1028;72;392;1105;0;10;6123289;6809187;10642317;166211;6157734;11762621;266661;0;823
FR;2;2022-06-21;108;116;526;2127;105;455;2164;0;22;6123397;6809303;10642843;168338;6157839;11763076;268825;0;845
FR;2;2022-06-22;39;110;462;1889;57;415;1971;0;25;6123436;6809413;10643305;170227;6157896;11763491;270796;0;870
FR;2;2022-06-23;58;109;537;2282;68;452;2400;0;30;6123494;6809522;10643842;172509;6157964;11763943;273196;0;900
FR;2;2022-06-24;66;122;709;3199;65;571;3339;0;38;6123560;6809644;10644551;175708;6158029;11764514;276535;0;938
FR;2;2022-06-25;30;90;298;988;55;254;1041;0;13;6123590;6809734;10644849;176696;6158084;11764768;277576;0;951
FR;2;2022-06-26;30;27;131;194;29;97;236;0;5;6123620;6809761;10644980;176890;6158113;11764865;277812;0;956
FR;2;2022-06-27;79;137;582;2490;94;483;2623;0;39;6123699;6809898;10645562;179380;6158207;11765348;280435;0;995
FR;2;2022-06-28;110;140;812;4817;81;650;4894;0;54;6123809;6810038;10646374;184197;6158288;11765998;285329;0;1049
FR;2;2022-06-29;73;150;776;4436;80;637;4532;0;56;6123882;6810188;10647150;188633;6158368;11766635;289861;0;1105
FR;2;2022-06-30;72;133;834;5177;71;619;5398;0;79;6123954;6810321;10647984;193810;6158439;11767254;295259;0;1184
FR;2;2022-07-01;113;161;1152;6692;95;853;6944;0;92;6124067;6810482;10649136;200502;6158534;11768107;302203;0;1276
FR;2;2022-07-02;69;132;474;1977;82;392;2068;0;27;6124136;6810614;10649610;202479;6158616;11768499;304271;0;1303
FR;2;2022-07-03;23;30;147;334;21;131;357;0;8;6124159;6810644;10649757;202813;6158637;11768630;304628;0;1311
FR;2;2022-07-04;122;184;776;3785;113;612;3971;0;49;6124281;6810828;10650533;206598;6158750;11769242;308599;0;1360
FR;2;2022-07-05;119;188;1121;6818;121;829;6999;0;85;6124400;6811016;10651654;213416;6158871;11770071;315598;0;1445
FR;2;2022-07-06;93;152;951;5807;95;698;5933;0;84;6124493;6811168;10652605;219223;6158966;11770769;321531;0;1529
FR;2;2022-07-07;81;185;1021;6501;116;752;6732;0;101;6124574;6811353;10653626;225724;6159082;11771521;328263;0;1630
FR;2;2022-07-08;65;122;1095;7044;51;758;7235;0;123;6124639;6811475;10654721;232768;6159133;11772279;335498;0;1753
FR;2;2022-07-09;34;62;417;1869;31;299;1919;0;33;6124673;6811537;10655138;234637;6159164;11772578;337417;0;1786
FR;2;2022-07-10;7;17;97;315;8;83;327;0;5;6124680;6811554;10655235;234952;6159172;11772661;337744;0;1791
FR;2;2022-07-11;68;121;683;3826;76;541;3901;0;67;6124748;6811675;10655918;238778;6159248;11773202;341645;0;1858
FR;2;2022-07-12;102;180;1054;6517;107;809;6725;0;119;6124850;6811855;10656972;245295;6159355;11774011;348370;0;1977
FR;2;2022-07-13;65;128;879;4665;76;591;4831;0;78;6124915;6811983;10657851;249960;6159431;11774602;353201;0;2055
FR;2;2022-07-14;6;13;89;250;8;60;269;0;8;6124921;6811996;10657940;250210;6159439;11774662;353470;0;2063
FR;2;2022-07-15;61;129;739;3795;53;560;3961;0;75;6124982;6812125;10658679;254005;6159492;11775222;357431;0;2138
FR;2;2022-07-16;28;54;289;1031;30;242;1077;0;25;6125010;6812179;10658968;255036;6159522;11775464;358508;0;2163
FR;2;2022-07-17;5;12;78;201;6;67;207;0;6;6125015;6812191;10659046;255237;6159528;11775531;358715;0;2169
FR;2;2022-07-18;57;103;514;2510;61;385;2648;0;59;6125072;6812294;10659560;257747;6159589;11775916;361363;0;2228
FR;2;2022-07-19;66;133;770;4258;72;555;4447;0;72;6125138;6812427;10660330;262005;6159661;11776471;365810;0;2300
FR;2;2022-07-20;59;117;582;3179;68;430;3278;0;87;6125197;6812544;10660912;265184;6159729;11776901;369088;0;2387
FR;2;2022-07-21;60;110;673;3680;73;487;3797;0;105;6125257;6812654;10661585;268864;6159802;11777388;372885;0;2492
FR;2;2022-07-22;51;100;700;3550;48;507;3701;0;80;6125308;6812754;10662285;272414;6159850;11777895;376586;0;2572
FR;2;2022-07-23;38;97;290;1175;51;229;1228;0;37;6125346;6812851;10662575;273589;6159901;11778124;377814;0;2609
FR;2;2022-07-24;14;24;69;201;19;68;203;0;7;6125360;6812875;10662644;273790;6159920;11778192;378017;0;2616
FR;2;2022-07-25;50;71;405;1938;60;300;2000;0;56;6125410;6812946;10663049;275728;6159980;11778492;380017;0;2672
FR;2;2022-07-26;57;133;606;3423;67;476;3496;0;113;6125467;6813079;10663655;279151;6160047;11778968;383513;0;2785
FR;2;2022-07-27;42;81;457;2782;50;361;2801;0;89;6125509;6813160;10664112;281933;6160097;11779329;386314;0;2874
FR;2;2022-07-28;29;75;450;2487;37;356;2491;0;78;6125538;6813235;10664562;284420;6160134;11779685;388805;0;2952
FR;2;2022-07-29;68;88;535;2857;63;347;2978;0;73;6125606;6813323;10665097;287277;6160197;11780032;391783;0;3025
FR;2;2022-07-30;22;39;163;776;32;110;796;0;24;6125628;6813362;10665260;288053;6160229;11780142;392579;0;3049
FR;2;2022-07-31;6;13;27;104;12;21;110;0;2;6125634;6813375;10665287;288157;6160241;11780163;392689;0;3051
FR;2;2022-08-01;38;107;323;1262;74;260;1344;0;29;6125672;6813482;10665610;289419;6160315;11780423;394033;0;3080
FR;2;2022-08-02;49;75;325;2061;50;247;2097;0;78;6125721;6813557;10665935;291480;6160365;11780670;396130;0;3158
FR;2;2022-08-03;29;53;260;1611;25;188;1617;0;57;6125750;6813610;10666195;293091;6160390;11780858;397747;0;3215
FR;2;2022-08-04;40;65;306;1692;39;240;1701;0;66;6125790;6813675;10666501;294783;6160429;11781098;399448;0;3281
FR;2;2022-08-05;33;94;328;1881;67;236;1912;0;60;6125823;6813769;10666829;296664;6160496;11781334;401360;0;3341
FR;2;2022-08-06;22;41;106;365;29;82;372;0;10;6125845;6813810;10666935;297029;6160525;11781416;401732;0;3351
FR;2;2022-08-07;7;8;15;69;5;16;71;0;3;6125852;6813818;10666950;297098;6160530;11781432;401803;0;3354
FR;2;2022-08-08;19;35;220;877;22;148;915;0;33;6125871;6813853;10667170;297975;6160552;11781580;402718;0;3387
FR;2;2022-08-09;30;52;279;1474;42;238;1470;0;50;6125901;6813905;10667449;299449;6160594;11781818;404188;0;3437
FR;2;2022-08-10;17;22;213;1134;19;150;1155;0;46;6125918;6813927;10667662;300583;6160613;11781968;405343;0;3483
FR;2;2022-08-11;21;41;174;1038;26;117;1047;0;40;6125939;6813968;10667836;301621;6160639;11782085;406390;0;3523
FR;2;2022-08-12;36;51;184;1046;38;141;1069;0;35;6125975;6814019;10668020;302667;6160677;11782226;407459;0;3558
FR;2;2022-08-13;11;19;47;149;15;53;137;0;5;6125986;6814038;10668067;302816;6160692;11782279;407596;0;3563
FR;2;2022-08-14;1;2;12;52;1;11;54;0;1;6125987;6814040;10668079;302868;6160693;11782290;407650;0;3564
FR;2;2022-08-15;0;5;32;22;2;21;21;0;3;6125987;6814045;10668111;302890;6160695;11782311;407671;0;3567
FR;2;2022-08-16;27;33;144;681;34;120;678;0;33;6126014;6814078;10668255;303571;6160729;11782431;408349;0;3600
FR;2;2022-08-17;18;27;109;738;18;88;744;0;34;6126032;6814105;10668364;304309;6160747;11782519;409093;0;3634
FR;2;2022-08-18;14;30;160;836;14;107;852;0;42;6126046;6814135;10668524;305145;6160761;11782626;409945;0;3676
FR;2;2022-08-19;8;38;118;706;31;88;706;0;33;6126054;6814173;10668642;305851;6160792;11782714;410651;0;3709
FR;2;2022-08-20;6;26;61;197;16;52;201;0;8;6126060;6814199;10668703;306048;6160808;11782766;410852;0;3717
FR;2;2022-08-21;4;14;15;19;6;13;31;0;0;6126064;6814213;10668718;306067;6160814;11782779;410883;0;3717
FR;2;2022-08-22;11;25;116;395;17;73;451;0;13;6126075;6814238;10668834;306462;6160831;11782852;411334;0;3730
FR;2;2022-08-23;12;42;134;671;23;112;679;0;38;6126087;6814280;10668968;307133;6160854;11782964;412013;0;3768
FR;2;2022-08-24;11;28;87;466;21;80;472;0;18;6126098;6814308;10669055;307599;6160875;11783044;412485;0;3786
FR;2;2022-08-25;8;32;109;481;16;69;516;0;17;6126106;6814340;10669164;308080;6160891;11783113;413001;0;3803
FR;2;2022-08-26;16;46;117;720;36;91;713;0;32;6126122;6814386;10669281;308800;6160927;11783204;413714;0;3835
FR;2;2022-08-27;10;19;47;158;16;42;166;0;2;6126132;6814405;10669328;308958;6160943;11783246;413880;0;3837
FR;2;2022-08-28;1;5;5;15;1;7;16;0;1;6126133;6814410;10669333;308973;6160944;11783253;413896;0;3838
FR;2;2022-08-29;24;43;94;400;29;88;396;0;24;6126157;6814453;10669427;309373;6160973;11783341;414292;0;3862
FR;2;2022-08-30;31;54;154;791;34;119;798;0;29;6126188;6814507;10669581;310164;6161007;11783460;415090;0;3891
FR;2;2022-08-31;19;37;85;392;24;79;393;0;25;6126207;6814544;10669666;310556;6161031;11783539;415483;0;3916
FR;2;2022-09-01;19;43;139;600;25;122;609;0;36;6126226;6814587;10669805;311156;6161056;11783661;416092;0;3952
FR;2;2022-09-02;34;57;147;744;34;160;748;0;32;6126260;6814644;10669952;311900;6161090;11783821;416840;0;3984
FR;2;2022-09-03;17;20;83;205;11;67;213;0;7;6126277;6814664;10670035;312105;6161101;11783888;417053;0;3991
FR;2;2022-09-04;8;5;9;31;2;10;30;0;3;6126285;6814669;10670044;312136;6161103;11783898;417083;0;3994
FR;2;2022-09-05;29;32;126;367;24;98;397;0;24;6126314;6814701;10670170;312503;6161127;11783996;417480;0;4018
FR;2;2022-09-06;44;63;158;762;43;153;768;0;36;6126358;6814764;10670328;313265;6161170;11784149;418248;0;4054
FR;2;2022-09-07;21;22;76;375;18;51;387;0;23;6126379;6814786;10670404;313640;6161188;11784200;418635;0;4077
FR;2;2022-09-08;31;58;109;636;41;100;646;0;22;6126410;6814844;10670513;314276;6161229;11784300;419281;0;4099
FR;2;2022-09-09;18;24;126;754;21;74;747;0;48;6126428;6814868;10670639;315030;6161250;11784374;420028;0;4147
FR;2;2022-09-10;14;25;57;117;17;48;131;0;4;6126442;6814893;10670696;315147;6161267;11784422;420159;0;4151
FR;2;2022-09-11;12;5;11;11;3;13;13;0;0;6126454;6814898;10670707;315158;6161270;11784435;420172;0;4151
FR;2;2022-09-12;20;31;70;340;26;56;352;0;16;6126474;6814929;10670777;315498;6161296;11784491;420524;0;4167
FR;2;2022-09-13;15;34;125;670;13;99;674;0;40;6126489;6814963;10670902;316168;6161309;11784590;421198;0;4207
FR;2;2022-09-14;19;23;81;480;20;60;478;0;36;6126508;6814986;10670983;316648;6161329;11784650;421676;0;4243
FR;2;2022-09-15;23;45;126;486;27;102;493;0;47;6126531;6815031;10671109;317134;6161356;11784752;422169;0;4290
FR;2;2022-09-16;22;31;124;563;17;89;585;0;39;6126553;6815062;10671233;317697;6161373;11784841;422754;0;4329
FR;2;2022-09-17;6;20;56;160;15;52;147;0;14;6126559;6815082;10671289;317857;6161388;11784893;422901;0;4343
FR;2;2022-09-18;4;7;13;37;6;10;37;0;3;6126563;6815089;10671302;317894;6161394;11784903;422938;0;4346
FR;2;2022-09-19;26;24;114;353;16;87;381;0;22;6126589;6815113;10671416;318247;6161410;11784990;423319;0;4368
FR;2;2022-09-20;29;27;117;624;21;84;639;0;38;6126618;6815140;10671533;318871;6161431;11785074;423958;0;4406
FR;2;2022-09-21;15;30;100;393;15;78;418;0;23;6126633;6815170;10671633;319264;6161446;11785152;424376;0;4429
FR;2;2022-09-22;19;39;124;581;18;95;619;0;28;6126652;6815209;10671757;319845;6161464;11785247;424995;0;4457
FR;2;2022-09-23;21;38;135;556;22;111;571;0;40;6126673;6815247;10671892;320401;6161486;11785358;425566;0;4497
FR;2;2022-09-24;10;8;52;190;8;37;201;0;7;6126683;6815255;10671944;320591;6161494;11785395;425767;0;4504
FR;2;2022-09-25;9;11;15;29;11;12;33;0;5;6126692;6815266;10671959;320620;6161505;11785407;425800;0;4509
FR;2;2022-09-26;22;41;116;447;27;79;458;0;20;6126714;6815307;10672075;321067;6161532;11785486;426258;0;4529
FR;2;2022-09-27;30;46;162;906;35;108;861;0;52;6126744;6815353;10672237;321973;6161567;11785594;427119;0;4581
FR;2;2022-09-28;15;31;93;421;18;74;439;0;23;6126759;6815384;10672330;322394;6161585;11785668;427558;0;4604
FR;2;2022-09-29;26;48;115;618;23;110;630;0;33;6126785;6815432;10672445;323012;6161608;11785778;428188;0;4637
FR;2;2022-09-30;25;44;111;520;45;84;533;0;31;6126810;6815476;10672556;323532;6161653;11785862;428721;0;4668
FR;2;2022-10-01;11;20;51;128;20;36;129;0;8;6126821;6815496;10672607;323660;6161673;11785898;428850;0;4676
FR;2;2022-10-02;0;5;8;21;4;5;25;0;2;6126821;6815501;10672615;323681;6161677;11785903;428875;0;4678
FR;2;2022-10-03;22;35;85;291;30;69;306;0;22;6126843;6815536;10672700;323972;6161707;11785972;429181;0;4700
FR;2;2022-10-04;17;21;106;601;19;71;620;0;46;6126860;6815557;10672806;324573;6161726;11786043;429801;0;4746
FR;2;2022-10-05;20;31;75;491;26;67;488;0;54;6126880;6815588;10672881;325064;6161752;11786110;430289;0;4800
FR;2;2022-10-06;30;23;74;442;17;71;428;0;65;6126910;6815611;10672955;325506;6161769;11786181;430717;0;4865
FR;2;2022-10-07;21;30;86;499;27;66;503;0;42;6126931;6815641;10673041;326005;6161796;11786247;431220;0;4907
FR;2;2022-10-08;12;8;24;114;3;25;108;0;12;6126943;6815649;10673065;326119;6161799;11786272;431328;0;4919
FR;2;2022-10-09;1;8;15;17;6;11;22;0;5;6126944;6815657;10673080;326136;6161805;11786283;431350;0;4924
FR;2;2022-10-10;18;27;47;223;25;49;218;0;21;6126962;6815684;10673127;326359;6161830;11786332;431568;0;4945
FR;2;2022-10-11;16;15;48;253;11;39;241;0;52;6126978;6815699;10673175;326612;6161841;11786371;431809;0;4997
FR;2;2022-10-12;9;20;52;290;16;36;305;0;56;6126987;6815719;10673227;326902;6161857;11786407;432114;0;5053
FR;2;2022-10-13;11;14;48;271;9;48;261;0;26;6126998;6815733;10673275;327173;6161866;11786455;432375;0;5079
FR;2;2022-10-14;13;30;36;230;18;40;231;0;29;6127011;6815763;10673311;327403;6161884;11786495;432606;0;5108
FR;2;2022-10-15;4;13;22;111;7;17;113;0;15;6127015;6815776;10673333;327514;6161891;11786512;432719;0;5123
FR;2;2022-10-16;0;7;4;11;6;7;8;0;1;6127015;6815783;10673337;327525;6161897;11786519;432727;0;5124
FR;2;2022-10-17;15;19;31;121;18;26;131;0;29;6127030;6815802;10673368;327646;6161915;11786545;432858;0;5153
FR;2;2022-10-18;13;12;68;185;6;34;247;0;46;6127043;6815814;10673436;327831;6161921;11786579;433105;0;5199
FR;2;2022-10-19;8;17;39;184;12;31;223;0;52;6127051;6815831;10673475;328015;6161933;11786610;433328;0;5251
FR;2;2022-10-20;11;29;41;200;15;40;196;0;52;6127062;6815860;10673516;328215;6161948;11786650;433524;0;5303
FR;2;2022-10-21;6;16;60;233;7;53;222;0;31;6127068;6815876;10673576;328448;6161955;11786703;433746;0;5334
FR;2;2022-10-22;8;7;25;102;2;23;103;0;20;6127076;6815883;10673601;328550;6161957;11786726;433849;0;5354
FR;2;2022-10-23;0;3;1;5;3;0;6;0;2;6127076;6815886;10673602;328555;6161960;11786726;433855;0;5356
FR;2;2022-10-24;12;12;16;110;12;16;113;0;20;6127088;6815898;10673618;328665;6161972;11786742;433968;0;5376
FR;2;2022-10-25;12;7;23;138;6;15;145;0;51;6127100;6815905;10673641;328803;6161978;11786757;434113;0;5427
FR;2;2022-10-26;4;3;17;90;2;11;96;0;27;6127104;6815908;10673658;328893;6161980;11786768;434209;0;5454
FR;2;2022-10-27;7;10;18;88;10;20;71;0;27;6127111;6815918;10673676;328981;6161990;11786788;434280;0;5481
FR;2;2022-10-28;5;3;15;91;3;7;92;0;27;6127116;6815921;10673691;329072;6161993;11786795;434372;0;5508
FR;2;2022-10-29;7;8;18;33;6;14;37;0;8;6127123;6815929;10673709;329105;6161999;11786809;434409;0;5516
FR;2;2022-10-30;3;7;5;8;5;2;5;0;1;6127126;6815936;10673714;329113;6162004;11786811;434414;0;5517
FR;2;2022-10-31;2;8;6;49;6;10;48;0;11;6127128;6815944;10673720;329162;6162010;11786821;434462;0;5528
FR;2;2022-11-01;0;6;8;1;5;6;4;0;0;6127128;6815950;10673728;329163;6162015;11786827;434466;0;5528
FR;2;2022-11-02;6;5;12;44;5;12;45;0;11;6127134;6815955;10673740;329207;6162020;11786839;434511;0;5539
FR;2;2022-11-03;6;7;16;77;6;10;75;0;18;6127140;6815962;10673756;329284;6162026;11786849;434586;0;5557
FR;2;2022-11-04;7;12;15;85;10;14;93;0;10;6127147;6815974;10673771;329369;6162036;11786863;434679;0;5567
FR;2;2022-11-05;0;11;13;38;6;17;35;0;6;6127147;6815985;10673784;329407;6162042;11786880;434714;0;5573
FR;2;2022-11-06;0;2;2;1;0;4;0;0;2;6127147;6815987;10673786;329408;6162042;11786884;434714;0;5575
FR;2;2022-11-07;13;8;15;67;6;14;66;0;20;6127160;6815995;10673801;329475;6162048;11786898;434780;0;5595
FR;2;2022-11-08;14;8;18;58;6;14;65;0;27;6127174;6816003;10673819;329533;6162054;11786912;434845;0;5622
FR;2;2022-11-09;4;5;17;56;2;17;50;0;28;6127178;6816008;10673836;329589;6162056;11786929;434895;0;5650
FR;2;2022-11-10;7;10;17;74;7;14;76;0;14;6127185;6816018;10673853;329663;6162063;11786943;434971;0;5664
FR;2;2022-11-11;0;3;9;3;0;10;4;0;0;6127185;6816021;10673862;329666;6162063;11786953;434975;0;5664
FR;2;2022-11-12;2;5;7;19;4;7;19;0;4;6127187;6816026;10673869;329685;6162067;11786960;434994;0;5668
FR;2;2022-11-13;3;2;4;2;1;5;1;0;0;6127190;6816028;10673873;329687;6162068;11786965;434995;0;5668
FR;2;2022-11-14;7;6;13;29;3;10;33;0;7;6127197;6816034;10673886;329716;6162071;11786975;435028;0;5675
FR;2;2022-11-15;8;15;15;35;16;18;32;0;7;6127205;6816049;10673901;329751;6162087;11786993;435060;0;5682
FR;2;2022-11-16;3;6;4;45;6;4;46;0;18;6127208;6816055;10673905;329796;6162093;11786997;435106;0;5700
FR;2;2022-11-17;2;6;12;56;5;9;55;0;22;6127210;6816061;10673917;329852;6162098;11787006;435161;0;5722
FR;2;2022-11-18;3;4;7;41;4;6;44;0;10;6127213;6816065;10673924;329893;6162102;11787012;435205;0;5732
FR;2;2022-11-19;3;3;2;25;3;3;18;0;5;6127216;6816068;10673926;329918;6162105;11787015;435223;0;5737
FR;2;2022-11-20;0;2;6;9;2;6;10;0;26;6127216;6816070;10673932;329927;6162107;11787021;435233;0;5763
FR;2;2022-11-21;6;10;9;31;7;8;34;0;22;6127222;6816080;10673941;329958;6162114;11787029;435267;0;5785
FR;2;2022-11-22;8;8;20;65;6;21;70;0;71;6127230;6816088;10673961;330023;6162120;11787050;435337;0;5856
FR;2;2022-11-23;7;6;8;68;3;5;73;0;8;6127237;6816094;10673969;330091;6162123;11787055;435410;0;5864
FR;2;2022-11-24;2;2;11;51;2;7;58;0;10;6127239;6816096;10673980;330142;6162125;11787062;435468;0;5874
FR;2;2022-11-25;11;8;14;25;11;14;26;0;8;6127250;6816104;10673994;330167;6162136;11787076;435494;0;5882
FR;2;2022-11-26;1;5;4;8;4;7;6;0;0;6127251;6816109;10673998;330175;6162140;11787083;435500;0;5882
FR;2;2022-11-27;2;2;12;2;0;11;4;0;1;6127253;6816111;10674010;330177;6162140;11787094;435504;0;5883
FR;2;2022-11-28;0;2;8;35;1;6;37;0;5;6127253;6816113;10674018;330212;6162141;11787100;435541;0;5888
FR;2;2022-11-29;1;1;10;24;0;4;30;0;8;6127254;6816114;10674028;330236;6162141;11787104;435571;0;5896
FR;2;2022-11-30;2;2;10;47;1;11;44;0;21;6127256;6816116;10674038;330283;6162142;11787115;435615;0;5917
FR;2;2022-12-01;2;12;6;63;9;13;55;0;24;6127258;6816128;10674044;330346;6162151;11787128;435670;0;5941
FR;2;2022-12-02;1;2;12;51;2;10;51;0;27;6127259;6816130;10674056;330397;6162153;11787138;435721;0;5968
FR;2;2022-12-03;1;4;8;19;2;8;18;0;10;6127260;6816134;10674064;330416;6162155;11787146;435739;0;5978
FR;2;2022-12-04;0;0;0;4;0;0;4;0;2;6127260;6816134;10674064;330420;6162155;11787146;435743;0;5980
FR;2;2022-12-05;3;5;8;51;8;4;45;0;16;6127263;6816139;10674072;330471;6162163;11787150;435788;0;5996
FR;2;2022-12-06;3;5;14;45;4;6;48;0;17;6127266;6816144;10674086;330516;6162167;11787156;435836;0;6013
FR;2;2022-12-07;1;5;9;42;3;8;44;0;11;6127267;6816149;10674095;330558;6162170;11787164;435880;0;6024
FR;2;2022-12-08;0;2;11;44;0;6;49;0;16;6127267;6816151;10674106;330602;6162170;11787170;435929;0;6040
FR;2;2022-12-09;0;1;13;52;0;9;57;0;17;6127267;6816152;10674119;330654;6162170;11787179;435986;0;6057
FR;2;2022-12-10;0;3;15;50;1;6;52;0;9;6127267;6816155;10674134;330704;6162171;11787185;436038;0;6066
FR;2;2022-12-11;0;0;2;2;0;2;1;0;3;6127267;6816155;10674136;330706;6162171;11787187;436039;0;6069
FR;2;2022-12-12;1;0;6;37;0;6;36;0;11;6127268;6816155;10674142;330743;6162171;11787193;436075;0;6080
FR;2;2022-12-13;0;3;2;37;2;1;37;0;14;6127268;6816158;10674144;330780;6162173;11787194;436112;0;6094
FR;2;2022-12-14;0;5;8;26;5;3;31;0;14;6127268;6816163;10674152;330806;6162178;11787197;436143;0;6108
FR;2;2022-12-15;0;5;12;43;5;9;44;0;17;6127268;6816168;10674164;330849;6162183;11787206;436187;0;6125
FR;2;2022-12-16;2;4;27;56;3;20;62;0;16;6127270;6816172;10674191;330905;6162186;11787226;436249;0;6141
FR;2;2022-12-17;1;4;10;44;3;6;39;0;5;6127271;6816176;10674201;330949;6162189;11787232;436288;0;6146
FR;2;2022-12-18;1;0;0;0;0;0;0;0;1;6127272;6816176;10674201;330949;6162189;11787232;436288;0;6147
FR;2;2022-12-19;6;5;4;31;6;5;24;0;24;6127278;6816181;10674205;330980;6162195;11787237;436312;0;6171
FR;2;2022-12-20;0;4;6;37;2;7;38;0;24;6127278;6816185;10674211;331017;6162197;11787244;436350;0;6195
FR;2;2022-12-21;0;1;4;13;1;4;13;0;8;6127278;6816186;10674215;331030;6162198;11787248;436363;0;6203
FR;2;2022-12-22;0;5;17;32;2;6;45;0;10;6127278;6816191;10674232;331062;6162200;11787254;436408;0;6213
FR;2;2022-12-23;1;5;15;18;3;12;22;0;4;6127279;6816196;10674247;331080;6162203;11787266;436430;0;6217
FR;2;2022-12-24;0;0;1;1;0;1;1;0;0;6127279;6816196;10674248;331081;6162203;11787267;436431;0;6217
FR;2;2022-12-25;0;1;1;3;0;1;4;0;0;6127279;6816197;10674249;331084;6162203;11787268;436435;0;6217
FR;2;2022-12-26;0;0;7;11;0;5;11;0;3;6127279;6816197;10674256;331095;6162203;11787273;436446;0;6220
FR;2;2022-12-27;0;1;7;5;1;5;7;0;4;6127279;6816198;10674263;331100;6162204;11787278;436453;0;6224
FR;2;2022-12-28;0;2;4;13;2;3;14;0;5;6127279;6816200;10674267;331113;6162206;11787281;436467;0;6229
FR;2;2022-12-29;1;2;4;18;1;5;18;0;7;6127280;6816202;10674271;331131;6162207;11787286;436485;0;6236
FR;2;2022-12-30;1;0;2;8;0;2;7;0;1;6127281;6816202;10674273;331139;6162207;11787288;436492;0;6237
FR;2;2022-12-31;0;0;1;2;0;1;2;0;1;6127281;6816202;10674274;331141;6162207;11787289;436494;0;6238
FR;2;2023-01-01;0;0;0;0;0;0;0;0;0;6127281;6816202;10674274;331141;6162207;11787289;436494;0;6238
FR;2;2023-01-02;5;4;9;21;3;7;23;0;2;6127286;6816206;10674283;331162;6162210;11787296;436517;0;6240
FR;2;2023-01-03;1;0;6;13;0;7;11;0;6;6127287;6816206;10674289;331175;6162210;11787303;436528;0;6246
FR;2;2023-01-04;1;4;9;13;5;7;13;0;6;6127288;6816210;10674298;331188;6162215;11787310;436541;0;6252
FR;2;2023-01-05;0;2;7;6;2;4;7;0;3;6127288;6816212;10674305;331194;6162217;11787314;436548;0;6255
FR;2;2023-01-06;1;0;9;9;0;4;13;0;9;6127289;6816212;10674314;331203;6162217;11787318;436561;0;6264
FR;2;2023-01-07;0;0;4;10;0;4;8;0;5;6127289;6816212;10674318;331213;6162217;11787322;436569;0;6269
FR;2;2023-01-08;0;0;3;3;0;3;3;0;2;6127289;6816212;10674321;331216;6162217;11787325;436572;0;6271
FR;2;2023-01-09;0;2;8;9;2;3;13;0;5;6127289;6816214;10674329;331225;6162219;11787328;436585;0;6276
FR;2;2023-01-10;0;5;4;8;4;3;10;0;6;6127289;6816219;10674333;331233;6162223;11787331;436595;0;6282
FR;2;2023-01-11;3;0;4;7;0;3;9;0;3;6127292;6816219;10674337;331240;6162223;11787334;436604;0;6285
FR;2;2023-01-12;1;1;9;13;1;7;10;0;11;6127293;6816220;10674346;331253;6162224;11787341;436614;0;6296
FR;2;2023-01-13;0;1;5;7;1;3;10;0;3;6127293;6816221;10674351;331260;6162225;11787344;436624;0;6299
FR;2;2023-01-14;0;1;2;6;0;3;6;0;1;6127293;6816222;10674353;331266;6162225;11787347;436630;0;6300
FR;2;2023-01-15;0;0;0;0;0;0;0;0;0;6127293;6816222;10674353;331266;6162225;11787347;436630;0;6300
FR;2;2023-01-16;1;1;5;6;2;2;7;0;1;6127294;6816223;10674358;331272;6162227;11787349;436637;0;6301
FR;2;2023-01-17;1;0;5;4;0;5;3;0;0;6127295;6816223;10674363;331276;6162227;11787354;436640;0;6301
FR;2;2023-01-18;0;0;3;2;0;3;2;0;0;6127295;6816223;10674366;331278;6162227;11787357;436642;0;6301
FR;2;2023-01-19;0;0;1;6;0;1;6;0;6;6127295;6816223;10674367;331284;6162227;11787358;436648;0;6307
FR;2;2023-01-20;0;0;1;8;0;1;8;0;4;6127295;6816223;10674368;331292;6162227;11787359;436656;0;6311
FR;2;2023-01-21;0;0;0;3;0;0;0;0;0;6127295;6816223;10674368;331295;6162227;11787359;436656;0;6311
FR;2;2023-01-22;0;0;0;0;0;0;0;0;0;6127295;6816223;10674368;331295;6162227;11787359;436656;0;6311
FR;2;2023-01-23;0;0;3;3;0;2;3;0;1;6127295;6816223;10674371;331298;6162227;11787361;436659;0;6312
FR;2;2023-01-24;1;3;1;6;3;0;7;0;4;6127296;6816226;10674372;331304;6162230;11787361;436666;0;6316
FR;2;2023-01-25;1;0;0;6;0;0;6;0;0;6127297;6816226;10674372;331310;6162230;11787361;436672;0;6316
FR;2;2023-01-26;1;0;3;7;0;1;9;0;3;6127298;6816226;10674375;331317;6162230;11787362;436681;0;6319
FR;2;2023-01-27;0;2;3;3;1;2;3;0;2;6127298;6816228;10674378;331320;6162231;11787364;436684;0;6321
FR;2;2023-01-28;0;0;0;1;0;0;1;0;0;6127298;6816228;10674378;331321;6162231;11787364;436685;0;6321
FR;2;2023-01-29;0;0;1;0;0;0;1;0;0;6127298;6816228;10674379;331321;6162231;11787364;436686;0;6321
FR;2;2023-01-30;0;1;2;3;1;1;4;0;1;6127298;6816229;10674381;331324;6162232;11787365;436690;0;6322
FR;2;2023-01-31;1;0;3;2;0;2;3;0;0;6127299;6816229;10674384;331326;6162232;11787367;436693;0;6322
FR;2;2023-02-01;0;3;2;0;2;3;0;0;0;6127299;6816232;10674386;331326;6162234;11787370;436693;0;6322
FR;2;2023-02-02;0;2;3;4;1;4;6;0;4;6127299;6816234;10674389;331330;6162235;11787374;436699;0;6326
FR;2;2023-02-03;0;2;1;12;2;0;11;0;9;6127299;6816236;10674390;331342;6162237;11787374;436710;0;6335
FR;2;2023-02-04;0;1;1;0;0;2;0;0;0;6127299;6816237;10674391;331342;6162237;11787376;436710;0;6335
FR;2;2023-02-05;0;0;0;0;0;0;0;0;0;6127299;6816237;10674391;331342;6162237;11787376;436710;0;6335
FR;2;2023-02-06;0;4;2;2;3;3;2;0;0;6127299;6816241;10674393;331344;6162240;11787379;436712;0;6335
FR;2;2023-02-07;2;1;0;0;0;1;0;0;1;6127301;6816242;10674393;331344;6162240;11787380;436712;0;6336
FR;2;2023-02-08;0;0;3;2;0;2;4;0;1;6127301;6816242;10674396;331346;6162240;11787382;436716;0;6337
FR;2;2023-02-09;0;0;1;4;0;2;3;0;3;6127301;6816242;10674397;331350;6162240;11787384;436719;0;6340
FR;2;2023-02-10;0;0;1;3;0;1;2;0;6;6127301;6816242;10674398;331353;6162240;11787385;436721;0;6346
FR;2;2023-02-11;2;2;1;1;0;2;2;0;0;6127303;6816244;10674399;331354;6162240;11787387;436723;0;6346
FR;2;2023-02-12;0;0;0;0;0;0;0;0;0;6127303;6816244;10674399;331354;6162240;11787387;436723;0;6346
FR;2;2023-02-13;3;0;1;5;0;0;5;0;1;6127306;6816244;10674400;331359;6162240;11787387;436728;0;6347
FR;2;2023-02-14;1;2;1;1;2;0;2;0;0;6127307;6816246;10674401;331360;6162242;11787387;436730;0;6347
FR;2;2023-02-15;3;0;1;1;0;1;1;0;0;6127310;6816246;10674402;331361;6162242;11787388;436731;0;6347
FR;2;2023-02-16;3;1;1;1;1;1;1;0;2;6127313;6816247;10674403;331362;6162243;11787389;436732;0;6349
FR;2;2023-02-17;0;0;1;4;0;1;3;0;4;6127313;6816247;10674404;331366;6162243;11787390;436735;0;6353
FR;2;2023-02-18;0;0;5;1;0;5;0;0;1;6127313;6816247;10674409;331367;6162243;11787395;436735;0;6354
FR;2;2023-02-19;0;1;0;0;1;0;0;0;0;6127313;6816248;10674409;331367;6162244;11787395;436735;0;6354
FR;2;2023-02-20;1;0;0;1;0;0;1;0;2;6127314;6816248;10674409;331368;6162244;11787395;436736;0;6356
FR;2;2023-02-21;0;0;0;1;0;0;1;0;2;6127314;6816248;10674409;331369;6162244;11787395;436737;0;6358
FR;2;2023-02-22;1;0;0;3;0;0;3;0;0;6127315;6816248;10674409;331372;6162244;11787395;436740;0;6358
FR;2;2023-02-23;0;0;0;1;0;0;1;0;3;6127315;6816248;10674409;331373;6162244;11787395;436741;0;6361
FR;2;2023-02-24;1;0;1;2;0;0;3;0;0;6127316;6816248;10674410;331375;6162244;11787395;436744;0;6361
FR;2;2023-02-25;0;0;1;2;0;1;2;0;0;6127316;6816248;10674411;331377;6162244;11787396;436746;0;6361
FR;2;2023-02-26;0;0;0;0;0;0;0;0;0;6127316;6816248;10674411;331377;6162244;11787396;436746;0;6361
FR;2;2023-02-27;1;0;1;1;1;1;1;0;0;6127317;6816248;10674412;331378;6162245;11787397;436747;0;6361
FR;2;2023-02-28;1;0;0;0;0;0;0;0;2;6127318;6816248;10674412;331378;6162245;11787397;436747;0;6363
FR;2;2023-03-01;0;2;3;2;1;3;1;0;1;6127318;6816250;10674415;331380;6162246;11787400;436748;0;6364
FR;2;2023-03-02;0;2;2;1;2;1;1;0;1;6127318;6816252;10674417;331381;6162248;11787401;436749;0;6365
FR;2;2023-03-03;1;0;3;1;0;3;1;0;0;6127319;6816252;10674420;331382;6162248;11787404;436750;0;6365
FR;2;2023-03-04;0;0;1;0;0;1;0;0;0;6127319;6816252;10674421;331382;6162248;11787405;436750;0;6365
FR;2;2023-03-05;0;0;0;0;0;0;0;0;0;6127319;6816252;10674421;331382;6162248;11787405;436750;0;6365
FR;2;2023-03-06;0;0;2;1;0;1;2;0;2;6127319;6816252;10674423;331383;6162248;11787406;436752;0;6367
FR;2;2023-03-07;0;1;2;1;1;2;1;0;1;6127319;6816253;10674425;331384;6162249;11787408;436753;0;6368
FR;2;2023-03-08;0;0;0;0;0;0;0;0;2;6127319;6816253;10674425;331384;6162249;11787408;436753;0;6370
FR;2;2023-03-09;0;0;1;1;0;0;2;0;0;6127319;6816253;10674426;331385;6162249;11787408;436755;0;6370
FR;2;2023-03-10;0;0;1;0;0;1;0;0;0;6127319;6816253;10674427;331385;6162249;11787409;436755;0;6370
FR;2;2023-03-11;0;0;4;1;0;3;2;0;0;6127319;6816253;10674431;331386;6162249;11787412;436757;0;6370
FR;2;2023-03-12;0;0;0;0;0;0;0;0;0;6127319;6816253;10674431;331386;6162249;11787412;436757;0;6370
FR;2;2023-03-13;0;0;1;3;0;1;3;0;0;6127319;6816253;10674432;331389;6162249;11787413;436760;0;6370
FR;2;2023-03-14;1;0;0;0;0;0;0;0;0;6127320;6816253;10674432;331389;6162249;11787413;436760;0;6370
FR;2;2023-03-15;0;2;0;3;2;0;3;0;0;6127320;6816255;10674432;331392;6162251;11787413;436763;0;6370
FR;2;2023-03-16;0;2;0;0;1;1;1;0;0;6127320;6816257;10674432;331392;6162252;11787414;436764;0;6370
FR;2;2023-03-17;0;0;1;1;0;1;0;0;0;6127320;6816257;10674433;331393;6162252;11787415;436764;0;6370
FR;2;2023-03-18;0;0;7;0;0;7;0;0;1;6127320;6816257;10674440;331393;6162252;11787422;436764;0;6371
FR;2;2023-03-19;0;0;0;0;0;0;0;0;0;6127320;6816257;10674440;331393;6162252;11787422;436764;0;6371
FR;2;2023-03-20;0;0;1;0;0;1;0;0;0;6127320;6816257;10674441;331393;6162252;11787423;436764;0;6371
FR;2;2023-03-21;0;0;1;2;0;1;2;0;1;6127320;6816257;10674442;331395;6162252;11787424;436766;0;6372
FR;2;2023-03-22;0;0;0;0;0;0;0;0;1;6127320;6816257;10674442;331395;6162252;11787424;436766;0;6373
FR;2;2023-03-23;0;1;0;0;1;0;0;0;1;6127320;6816258;10674442;331395;6162253;11787424;436766;0;6374
FR;2;2023-03-24;0;1;0;2;1;0;2;0;2;6127320;6816259;10674442;331397;6162254;11787424;436768;0;6376
FR;2;2023-03-25;0;0;1;2;0;1;2;0;0;6127320;6816259;10674443;331399;6162254;11787425;436770;0;6376
FR;2;2023-03-26;0;2;1;0;2;1;0;0;0;6127320;6816261;10674444;331399;6162256;11787426;436770;0;6376
FR;2;2023-03-27;0;2;2;0;2;2;0;0;1;6127320;6816263;10674446;331399;6162258;11787428;436770;0;6377
FR;2;2023-03-28;0;0;0;0;0;0;0;0;1;6127320;6816263;10674446;331399;6162258;11787428;436770;0;6378
FR;2;2023-03-29;0;0;0;2;0;0;2;0;0;6127320;6816263;10674446;331401;6162258;11787428;436772;0;6378
FR;2;2023-03-30;0;0;0;0;0;0;0;0;0;6127320;6816263;10674446;331401;6162258;11787428;436772;0;6378
FR;2;2023-03-31;0;1;0;1;1;0;1;0;0;6127320;6816264;10674446;331402;6162259;11787428;436773;0;6378
FR;2;2023-04-01;0;0;1;0;0;0;1;0;0;6127320;6816264;10674447;331402;6162259;11787428;436774;0;6378
FR;2;2023-04-02;0;0;0;0;0;0;0;0;0;6127320;6816264;10674447;331402;6162259;11787428;436774;0;6378
FR;2;2023-04-03;0;1;2;2;1;2;2;0;1;6127320;6816265;10674449;331404;6162260;11787430;436776;0;6379
FR;2;2023-04-04;0;0;0;2;0;0;2;0;0;6127320;6816265;10674449;331406;6162260;11787430;436778;0;6379
FR;2;2023-04-05;0;0;1;0;0;1;0;0;0;6127320;6816265;10674450;331406;6162260;11787431;436778;0;6379
FR;2;2023-04-06;0;1;0;0;1;0;0;0;0;6127320;6816266;10674450;331406;6162261;11787431;436778;0;6379
FR;2;2023-04-07;0;0;0;1;0;0;1;0;0;6127320;6816266;10674450;331407;6162261;11787431;436779;0;6379
FR;2;2023-04-08;0;0;0;0;0;0;0;0;0;6127320;6816266;10674450;331407;6162261;11787431;436779;0;6379
FR;2;2023-04-09;0;0;1;0;0;1;0;0;0;6127320;6816266;10674451;331407;6162261;11787432;436779;0;6379
FR;2;2023-04-10;0;2;0;0;1;1;0;0;0;6127320;6816268;10674451;331407;6162262;11787433;436779;0;6379
FR;2;2023-04-11;0;0;0;0;0;0;0;0;1;6127320;6816268;10674451;331407;6162262;11787433;436779;0;6380
FR;2;2023-04-12;0;0;0;0;0;0;0;0;0;6127320;6816268;10674451;331407;6162262;11787433;436779;0;6380
FR;2;2023-04-13;0;0;2;1;0;2;0;0;0;6127320;6816268;10674453;331408;6162262;11787435;436779;0;6380
FR;2;2023-04-14;0;1;0;1;1;0;1;0;0;6127320;6816269;10674453;331409;6162263;11787435;436780;0;6380
FR;2;2023-04-15;0;0;0;0;0;0;0;0;0;6127320;6816269;10674453;331409;6162263;11787435;436780;0;6380
FR;2;2023-04-16;0;0;0;0;0;0;0;0;0;6127320;6816269;10674453;331409;6162263;11787435;436780;0;6380
FR;2;2023-04-17;1;1;0;0;2;0;0;0;0;6127321;6816270;10674453;331409;6162265;11787435;436780;0;6380
FR;2;2023-04-18;0;0;1;2;0;1;2;0;0;6127321;6816270;10674454;331411;6162265;11787436;436782;0;6380
FR;2;2023-04-19;0;0;0;0;0;0;2;0;0;6127321;6816270;10674454;331411;6162265;11787436;436784;0;6380
FR;2;2023-04-20;0;0;1;1;0;1;1;0;0;6127321;6816270;10674455;331412;6162265;11787437;436785;0;6380
FR;2;2023-04-21;0;0;1;0;0;1;0;0;0;6127321;6816270;10674456;331412;6162265;11787438;436785;0;6380
FR;2;2023-04-22;0;0;2;2;0;1;1;0;2;6127321;6816270;10674458;331414;6162265;11787439;436786;0;6382
FR;2;2023-04-23;0;0;0;0;0;0;0;0;0;6127321;6816270;10674458;331414;6162265;11787439;436786;0;6382
FR;2;2023-04-24;0;0;1;0;0;0;1;0;0;6127321;6816270;10674459;331414;6162265;11787439;436787;0;6382
FR;2;2023-04-25;0;0;0;0;0;0;0;0;0;6127321;6816270;10674459;331414;6162265;11787439;436787;0;6382
FR;2;2023-04-26;0;1;0;0;0;1;0;0;0;6127321;6816271;10674459;331414;6162265;11787440;436787;0;6382
FR;2;2023-04-27;0;0;0;0;0;0;0;0;1;6127321;6816271;10674459;331414;6162265;11787440;436787;0;6383
FR;2;2023-04-28;0;0;0;0;0;0;0;0;2;6127321;6816271;10674459;331414;6162265;11787440;436787;0;6385
FR;2;2023-04-29;0;0;0;1;0;0;1;0;0;6127321;6816271;10674459;331415;6162265;11787440;436788;0;6385
FR;2;2023-04-30;0;0;0;0;0;0;0;0;0;6127321;6816271;10674459;331415;6162265;11787440;436788;0;6385
FR;2;2023-05-01;0;1;0;0;1;0;0;0;0;6127321;6816272;10674459;331415;6162266;11787440;436788;0;6385
FR;2;2023-05-02;0;0;4;1;0;4;1;0;2;6127321;6816272;10674463;331416;6162266;11787444;436789;0;6387
FR;2;2023-05-03;0;1;0;0;0;1;0;0;0;6127321;6816273;10674463;331416;6162266;11787445;436789;0;6387
FR;2;2023-05-04;0;0;0;1;0;0;1;0;0;6127321;6816273;10674463;331417;6162266;11787445;436790;0;6387
FR;2;2023-05-05;0;1;1;1;1;1;1;0;0;6127321;6816274;10674464;331418;6162267;11787446;436791;0;6387
FR;2;2023-05-06;0;0;0;0;0;0;0;0;0;6127321;6816274;10674464;331418;6162267;11787446;436791;0;6387
FR;2;2023-05-07;0;0;0;0;0;0;0;0;0;6127321;6816274;10674464;331418;6162267;11787446;436791;0;6387
FR;2;2023-05-08;0;0;0;0;0;0;0;0;0;6127321;6816274;10674464;331418;6162267;11787446;436791;0;6387
FR;2;2023-05-09;0;1;0;0;0;1;0;0;0;6127321;6816275;10674464;331418;6162267;11787447;436791;0;6387
FR;2;2023-05-10;0;0;0;0;0;0;0;0;2;6127321;6816275;10674464;331418;6162267;11787447;436791;0;6389
FR;2;2023-05-11;0;0;0;0;0;0;0;0;1;6127321;6816275;10674464;331418;6162267;11787447;436791;0;6390
FR;2;2023-05-12;0;0;0;0;0;0;0;0;0;6127321;6816275;10674464;331418;6162267;11787447;436791;0;6390
FR;2;2023-05-13;0;0;0;0;0;0;0;0;0;6127321;6816275;10674464;331418;6162267;11787447;436791;0;6390
FR;2;2023-05-14;0;0;0;0;0;0;0;0;0;6127321;6816275;10674464;331418;6162267;11787447;436791;0;6390
FR;2;2023-05-15;0;0;1;0;0;1;0;0;0;6127321;6816275;10674465;331418;6162267;11787448;436791;0;6390
FR;2;2023-05-16;0;0;0;0;0;0;0;0;0;6127321;6816275;10674465;331418;6162267;11787448;436791;0;6390
FR;2;2023-05-17;0;0;0;0;0;0;0;0;0;6127321;6816275;10674465;331418;6162267;11787448;436791;0;6390
FR;2;2023-05-18;0;0;0;1;0;0;1;0;0;6127321;6816275;10674465;331419;6162267;11787448;436792;0;6390
FR;2;2023-05-19;0;0;0;0;0;0;0;0;0;6127321;6816275;10674465;331419;6162267;11787448;436792;0;6390
FR;2;2023-05-20;0;0;0;0;0;0;0;0;0;6127321;6816275;10674465;331419;6162267;11787448;436792;0;6390
FR;2;2023-05-21;0;0;0;0;0;0;0;0;0;6127321;6816275;10674465;331419;6162267;11787448;436792;0;6390
FR;2;2023-05-22;0;0;0;1;0;0;1;0;0;6127321;6816275;10674465;331420;6162267;11787448;436793;0;6390
FR;2;2023-05-23;0;0;0;0;0;0;0;0;1;6127321;6816275;10674465;331420;6162267;11787448;436793;0;6391
FR;2;2023-05-24;0;0;0;0;0;0;0;0;0;6127321;6816275;10674465;331420;6162267;11787448;436793;0;6391
FR;2;2023-05-25;0;0;0;0;0;0;1;0;0;6127321;6816275;10674465;331420;6162267;11787448;436794;0;6391
FR;2;2023-05-26;0;1;0;1;1;0;1;0;1;6127321;6816276;10674465;331421;6162268;11787448;436795;0;6392
FR;2;2023-05-27;0;0;2;0;0;2;0;0;0;6127321;6816276;10674467;331421;6162268;11787450;436795;0;6392
FR;2;2023-05-28;0;0;0;0;0;0;0;0;0;6127321;6816276;10674467;331421;6162268;11787450;436795;0;6392
FR;2;2023-05-29;0;0;0;0;0;0;0;0;0;6127321;6816276;10674467;331421;6162268;11787450;436795;0;6392
FR;2;2023-05-30;0;0;0;0;0;0;0;0;0;6127321;6816276;10674467;331421;6162268;11787450;436795;0;6392
FR;2;2023-05-31;0;0;0;0;0;0;0;0;0;6127321;6816276;10674467;331421;6162268;11787450;436795;0;6392
FR;2;2023-06-01;0;0;1;0;0;0;1;0;0;6127321;6816276;10674468;331421;6162268;11787450;436796;0;6392
FR;2;2023-06-02;0;0;0;0;0;0;2;0;0;6127321;6816276;10674468;331421;6162268;11787450;436798;0;6392
FR;2;2023-06-03;0;0;1;0;0;0;1;0;0;6127321;6816276;10674469;331421;6162268;11787450;436799;0;6392
FR;2;2023-06-04;0;0;0;0;0;0;0;0;0;6127321;6816276;10674469;331421;6162268;11787450;436799;0;6392
FR;2;2023-06-05;0;0;0;0;0;0;0;0;0;6127321;6816276;10674469;331421;6162268;11787450;436799;0;6392
FR;3;2020-12-27;0;0;0;0;0;0;0;0;0;0;0;0;0;0;0;0;0;0
FR;3;2020-12-28;0;0;0;0;0;0;0;0;0;0;0;0;0;0;0;0;0;0
FR;3;2020-12-29;0;0;0;0;0;0;0;0;0;0;0;0;0;0;0;0;0;0
FR;3;2020-12-30;0;0;0;0;0;0;0;0;0;0;0;0;0;0;0;0;0;0
FR;3;2020-12-31;0;0;0;0;0;0;0;0;0;0;0;0;0;0;0;0;0;0
FR;3;2021-01-01;0;0;0;0;0;0;0;0;0;0;0;0;0;0;0;0;0;0
FR;3;2021-01-02;0;0;0;0;0;0;0;0;0;0;0;0;0;0;0;0;0;0
FR;3;2021-01-03;0;0;0;0;0;0;0;0;0;0;0;0;0;0;0;0;0;0
FR;3;2021-01-04;0;0;0;0;0;0;0;0;0;0;0;0;0;0;0;0;0;0
FR;3;2021-01-05;0;0;0;0;0;0;0;0;0;0;0;0;0;0;0;0;0;0
FR;3;2021-01-06;0;0;0;0;0;0;0;0;0;0;0;0;0;0;0;0;0;0
FR;3;2021-01-07;0;0;0;0;0;0;0;0;0;0;0;0;0;0;0;0;0;0
FR;3;2021-01-08;0;0;0;0;0;0;0;0;0;0;0;0;0;0;0;0;0;0
FR;3;2021-01-09;0;0;0;0;0;0;0;0;0;0;0;0;0;0;0;0;0;0
FR;3;2021-01-10;0;0;0;0;0;0;0;0;0;0;0;0;0;0;0;0;0;0
FR;3;2021-01-11;0;0;0;0;0;0;0;0;0;0;0;0;0;0;0;0;0;0
FR;3;2021-01-12;0;0;0;0;0;0;0;0;0;0;0;0;0;0;0;0;0;0
FR;3;2021-01-13;0;0;0;0;0;0;0;0;0;0;0;0;0;0;0;0;0;0
FR;3;2021-01-14;0;0;0;0;0;0;0;0;0;0;0;0;0;0;0;0;0;0
FR;3;2021-01-15;0;0;0;0;0;0;0;0;0;0;0;0;0;0;0;0;0;0
FR;3;2021-01-16;0;0;0;0;0;0;0;0;0;0;0;0;0;0;0;0;0;0
FR;3;2021-01-17;0;0;0;0;0;0;0;0;0;0;0;0;0;0;0;0;0;0
FR;3;2021-01-18;0;0;0;0;0;0;0;0;0;0;0;0;0;0;0;0;0;0
FR;3;2021-01-19;0;0;0;0;0;0;0;0;0;0;0;0;0;0;0;0;0;0
FR;3;2021-01-20;0;0;0;0;0;0;0;0;0;0;0;0;0;0;0;0;0;0
FR;3;2021-01-21;0;0;0;0;0;0;0;0;0;0;0;0;0;0;0;0;0;0
FR;3;2021-01-22;0;0;0;0;0;0;0;0;0;0;0;0;0;0;0;0;0;0
FR;3;2021-01-23;0;0;0;0;0;0;0;0;0;0;0;0;0;0;0;0;0;0
FR;3;2021-01-24;0;0;0;0;0;0;0;0;0;0;0;0;0;0;0;0;0;0
FR;3;2021-01-25;0;0;0;0;0;0;0;0;0;0;0;0;0;0;0;0;0;0
FR;3;2021-01-26;0;0;0;0;0;0;0;0;0;0;0;0;0;0;0;0;0;0
FR;3;2021-01-27;0;0;0;0;0;0;0;0;0;0;0;0;0;0;0;0;0;0
FR;3;2021-01-28;0;0;0;0;0;0;0;0;0;0;0;0;0;0;0;0;0;0
FR;3;2021-01-29;0;0;0;0;0;0;0;0;0;0;0;0;0;0;0;0;0;0
FR;3;2021-01-30;0;0;0;0;0;0;0;0;0;0;0;0;0;0;0;0;0;0
FR;3;2021-01-31;0;0;0;0;0;0;0;0;0;0;0;0;0;0;0;0;0;0
FR;3;2021-02-01;0;0;0;0;0;0;0;0;0;0;0;0;0;0;0;0;0;0
FR;3;2021-02-02;0;0;0;0;0;0;0;0;0;0;0;0;0;0;0;0;0;0
FR;3;2021-02-03;0;0;0;0;0;0;0;0;0;0;0;0;0;0;0;0;0;0
FR;3;2021-02-04;0;0;0;0;0;0;0;0;0;0;0;0;0;0;0;0;0;0
FR;3;2021-02-05;0;0;0;0;0;0;0;0;0;0;0;0;0;0;0;0;0;0
FR;3;2021-02-06;1474;0;0;0;105;0;0;0;0;1474;0;0;0;105;0;0;0;0
FR;3;2021-02-07;1423;2;0;0;87;0;0;0;0;2897;2;0;0;192;0;0;0;0
FR;3;2021-02-08;2790;1;0;0;177;0;0;0;0;5687;3;0;0;369;0;0;0;0
FR;3;2021-02-09;6786;0;0;0;502;0;0;0;0;12473;3;0;0;871;0;0;0;0
FR;3;2021-02-10;9612;0;0;0;695;0;0;0;0;22085;3;0;0;1566;0;0;0;0
FR;3;2021-02-11;13620;4;0;0;919;0;0;0;0;35705;7;0;0;2485;0;0;0;0
FR;3;2021-02-12;13410;0;0;0;907;0;0;0;0;49115;7;0;0;3392;0;0;0;0
FR;3;2021-02-13;3800;1;0;0;218;0;0;0;0;52915;8;0;0;3610;0;0;0;0
FR;3;2021-02-14;975;1;0;0;53;0;0;0;0;53890;9;0;0;3663;0;0;0;0
FR;3;2021-02-15;10497;2;0;0;719;0;0;0;0;64387;11;0;0;4382;0;0;0;0
FR;3;2021-02-16;12556;5;0;0;871;0;0;0;0;76943;16;0;0;5253;0;0;0;0
FR;3;2021-02-17;11159;1;0;0;717;0;0;0;0;88102;17;0;0;5970;0;0;0;0
FR;3;2021-02-18;14943;2;0;0;985;0;0;0;0;103045;19;0;0;6955;0;0;0;0
FR;3;2021-02-19;14364;1;0;0;846;0;0;0;0;117409;20;0;0;7801;0;0;0;0
FR;3;2021-02-20;3332;0;0;0;178;0;0;0;0;120741;20;0;0;7979;0;0;0;0
FR;3;2021-02-21;620;0;0;0;35;0;0;0;0;121361;20;0;0;8014;0;0;0;0
FR;3;2021-02-22;9171;1;0;0;654;0;0;0;0;130532;21;0;0;8668;0;0;0;0
FR;3;2021-02-23;11406;6;0;0;761;0;0;0;0;141938;27;0;0;9429;0;0;0;0
FR;3;2021-02-24;14305;1;0;0;829;0;0;0;0;156243;28;0;0;10258;0;0;0;0
FR;3;2021-02-25;44935;3;0;0;1814;0;0;0;0;201178;31;0;0;12072;0;0;0;0
FR;3;2021-02-26;61889;13;0;0;2201;0;0;0;0;263067;44;0;0;14273;0;0;0;0
FR;3;2021-02-27;34811;14;0;0;1028;0;0;0;0;297878;58;0;0;15301;0;0;0;0
FR;3;2021-02-28;2464;0;0;0;114;0;0;0;0;300342;58;0;0;15415;0;0;0;0
FR;3;2021-03-01;20521;21;0;0;1067;0;0;0;0;320863;79;0;0;16482;0;0;0;0
FR;3;2021-03-02;38878;25;0;0;1790;0;0;0;0;359741;104;0;0;18272;0;0;0;0
FR;3;2021-03-03;48750;18;0;0;2130;0;0;0;0;408491;122;0;0;20402;0;0;0;0
FR;3;2021-03-04;82229;25;0;0;3194;0;0;0;0;490720;147;0;0;23596;0;0;0;0
FR;3;2021-03-05;118138;43;0;0;4693;0;0;0;0;608858;190;0;0;28289;0;0;0;0
FR;3;2021-03-06;120727;65;1;0;3559;0;0;0;0;729585;255;1;0;31848;0;0;0;0
FR;3;2021-03-07;55186;23;0;0;1729;0;0;0;0;784771;278;1;0;33577;0;0;0;0
FR;3;2021-03-08;42814;29;0;0;2074;0;0;0;0;827585;307;1;0;35651;0;0;0;0
FR;3;2021-03-09;78979;51;0;0;3288;0;0;0;0;906564;358;1;0;38939;0;0;0;0
FR;3;2021-03-10;80985;67;0;0;3243;0;0;0;0;987549;425;1;0;42182;0;0;0;0
FR;3;2021-03-11;128447;66;0;0;4766;0;0;0;0;1115996;491;1;0;46948;0;0;0;0
FR;3;2021-03-12;182718;122;0;0;6279;0;0;0;0;1298714;613;1;0;53227;0;0;0;0
FR;3;2021-03-13;132160;91;0;0;3530;0;0;0;0;1430874;704;1;0;56757;0;0;0;0
FR;3;2021-03-14;14061;6;0;0;550;0;0;0;0;1444935;710;1;0;57307;0;0;0;0
FR;3;2021-03-15;52243;82;0;0;2097;0;0;0;0;1497178;792;1;0;59404;0;0;0;0
FR;3;2021-03-16;1221;51;0;0;105;0;0;0;0;1498399;843;1;0;59509;0;0;0;0
FR;3;2021-03-17;950;56;0;0;95;0;0;0;0;1499349;899;1;0;59604;0;0;0;0
FR;3;2021-03-18;1577;42;0;0;102;0;0;0;0;1500926;941;1;0;59706;0;0;0;0
FR;3;2021-03-19;70458;56;0;0;2060;0;0;0;0;1571384;997;1;0;61766;0;0;0;0
FR;3;2021-03-20;65242;51;0;0;1702;0;0;0;0;1636626;1048;1;0;63468;0;0;0;0
FR;3;2021-03-21;5761;8;0;0;199;0;0;0;0;1642387;1056;1;0;63667;0;0;0;0
FR;3;2021-03-22;37511;50;0;0;1053;0;0;0;0;1679898;1106;1;0;64720;0;0;0;0
FR;3;2021-03-23;84670;87;0;0;2288;0;0;0;0;1764568;1193;1;0;67008;0;0;0;0
FR;3;2021-03-24;90956;99;0;0;2491;0;0;0;0;1855524;1292;1;0;69499;0;0;0;0
FR;3;2021-03-25;150068;149;0;0;3792;0;0;0;0;2005592;1441;1;0;73291;0;0;0;0
FR;3;2021-03-26;165431;157;0;0;4148;0;0;0;0;2171023;1598;1;0;77439;0;0;0;0
FR;3;2021-03-27;68465;101;0;0;2004;0;0;0;0;2239488;1699;1;0;79443;0;0;0;0
FR;3;2021-03-28;6481;20;0;0;238;0;0;0;0;2245969;1719;1;0;79681;0;0;0;0
FR;3;2021-03-29;54171;83;0;0;1480;0;0;0;0;2300140;1802;1;0;81161;0;0;0;0
FR;3;2021-03-30;93185;103;0;0;2564;0;0;0;0;2393325;1905;1;0;83725;0;0;0;0
FR;3;2021-03-31;63547;110;0;0;1964;0;0;0;0;2456872;2015;1;0;85689;0;0;0;0
FR;3;2021-04-01;86136;116;0;0;2496;0;0;0;0;2543008;2131;1;0;88185;0;0;0;0
FR;3;2021-04-02;86916;186;0;0;2766;0;0;0;0;2629924;2317;1;0;90951;0;0;0;0
FR;3;2021-04-03;35876;133;0;0;1164;0;0;0;0;2665800;2450;1;0;92115;0;0;0;0
FR;3;2021-04-04;3577;19;0;0;164;0;0;0;0;2669377;2469;1;0;92279;0;0;0;0
FR;3;2021-04-05;4492;40;0;0;236;0;0;0;0;2673869;2509;1;0;92515;0;0;0;0
FR;3;2021-04-06;29763;105;0;0;1091;0;0;0;0;2703632;2614;1;0;93606;0;0;0;0
FR;3;2021-04-07;32350;113;0;0;1052;0;0;0;0;2735982;2727;1;0;94658;0;0;0;0
FR;3;2021-04-08;78826;274;0;0;2619;0;0;0;0;2814808;3001;1;0;97277;0;0;0;0
FR;3;2021-04-09;161764;454;0;0;5180;0;0;0;0;2976572;3455;1;0;102457;0;0;0;0
FR;3;2021-04-10;75765;365;0;0;2697;0;0;0;0;3052337;3820;1;0;105154;0;0;0;0
FR;3;2021-04-11;7316;47;0;0;306;0;0;0;0;3059653;3867;1;0;105460;0;0;0;0
FR;3;2021-04-12;51484;219;0;0;1738;0;0;0;0;3111137;4086;1;0;107198;0;0;0;0
FR;3;2021-04-13;86236;364;0;0;2911;0;0;0;0;3197373;4450;1;0;110109;0;0;0;0
FR;3;2021-04-14;67847;377;0;0;2429;0;0;0;0;3265220;4827;1;0;112538;0;0;0;0
FR;3;2021-04-15;93246;404;0;0;3442;0;0;0;0;3358466;5231;1;0;115980;0;0;0;0
FR;3;2021-04-16;112532;628;0;0;4343;0;0;0;0;3470998;5859;1;0;120323;0;0;0;0
FR;3;2021-04-17;53319;371;1;0;2277;0;0;0;0;3524317;6230;2;0;122600;0;0;0;0
FR;3;2021-04-18;9752;49;0;0;423;0;0;0;0;3534069;6279;2;0;123023;0;0;0;0
FR;3;2021-04-19;25117;287;0;0;1093;0;0;0;0;3559186;6566;2;0;124116;0;0;0;0
FR;3;2021-04-20;45676;438;0;0;1908;0;0;0;0;3604862;7004;2;0;126024;0;0;0;0
FR;3;2021-04-21;38988;553;0;0;1897;0;0;0;0;3643850;7557;2;0;127921;0;0;0;0
FR;3;2021-04-22;54723;875;0;0;2827;0;0;0;0;3698573;8432;2;0;130748;0;0;0;0
FR;3;2021-04-23;70493;1095;0;0;3697;0;0;0;0;3769066;9527;2;0;134445;0;0;0;0
FR;3;2021-04-24;37253;1101;0;0;2490;0;0;0;0;3806319;10628;2;0;136935;0;0;0;0
FR;3;2021-04-25;6213;158;0;0;446;0;0;0;0;3812532;10786;2;0;137381;0;0;0;0
FR;3;2021-04-26;19792;701;0;0;1436;0;0;0;0;3832324;11487;2;0;138817;0;0;0;0
FR;3;2021-04-27;34486;1336;0;0;2594;0;0;0;0;3866810;12823;2;0;141411;0;0;0;0
FR;3;2021-04-28;28971;2047;0;0;3164;0;0;0;0;3895781;14870;2;0;144575;0;0;0;0
FR;3;2021-04-29;45394;6127;0;0;7946;0;0;0;0;3941175;20997;2;0;152521;0;0;0;0
FR;3;2021-04-30;55465;9118;1;0;11513;0;0;0;0;3996640;30115;3;0;164034;0;0;0;0
FR;3;2021-05-01;9518;2064;0;0;2495;0;0;0;0;4006158;32179;3;0;166529;0;0;0;0
FR;3;2021-05-02;3081;466;0;0;611;0;0;0;0;4009239;32645;3;0;167140;0;0;0;0
FR;3;2021-05-03;13067;3940;0;0;4507;0;0;0;0;4022306;36585;3;0;171647;0;0;0;0
FR;3;2021-05-04;23123;8375;0;0;9442;0;0;0;0;4045429;44960;3;0;181089;0;0;0;0
FR;3;2021-05-05;18768;10832;0;0;11770;0;0;0;0;4064197;55792;3;0;192859;0;0;0;0
FR;3;2021-05-06;34632;21265;0;0;22815;0;0;0;0;4098829;77057;3;0;215674;0;0;0;0
FR;3;2021-05-07;44211;28903;0;0;31206;0;0;0;0;4143040;105960;3;0;246880;0;0;0;0
FR;3;2021-05-08;6786;9190;0;0;9556;0;0;0;0;4149826;115150;3;0;256436;0;0;0;0
FR;3;2021-05-09;1797;2667;0;0;2768;0;0;0;0;4151623;117817;3;0;259204;0;0;0;0
FR;3;2021-05-10;15001;12917;0;0;13610;0;0;0;0;4166624;130734;3;0;272814;0;0;0;0
FR;3;2021-05-11;27100;26272;0;0;27545;0;0;0;0;4193724;157006;3;0;300359;0;0;0;0
FR;3;2021-05-12;17273;28147;0;0;29085;0;0;0;0;4210997;185153;3;0;329444;0;0;0;0
FR;3;2021-05-13;2285;3511;0;0;3632;0;0;0;0;4213282;188664;3;0;333076;0;0;0;0
FR;3;2021-05-14;14521;26084;0;0;26865;0;0;0;0;4227803;214748;3;0;359941;0;0;0;0
FR;3;2021-05-15;7233;21086;0;0;21516;0;0;0;0;4235036;235834;3;0;381457;0;0;0;0
FR;3;2021-05-16;977;2649;0;0;2695;0;0;0;0;4236013;238483;3;0;384152;0;0;0;0
FR;3;2021-05-17;7967;20224;0;0;20668;0;0;0;0;4243980;258707;3;0;404820;0;0;0;0
FR;3;2021-05-18;13418;30157;0;0;30920;0;0;0;0;4257398;288864;3;0;435740;0;0;0;0
FR;3;2021-05-19;9277;30525;0;0;31119;0;0;0;0;4266675;319389;3;0;466859;0;0;0;0
FR;3;2021-05-20;12809;53832;3;0;54758;0;0;0;0;4279484;373221;6;0;521617;0;0;0;0
FR;3;2021-05-21;12771;66186;2;0;67117;0;0;0;0;4292255;439407;8;0;588734;0;0;0;0
FR;3;2021-05-22;4967;33781;1;0;34164;0;0;0;0;4297222;473188;9;0;622898;0;0;0;0
FR;3;2021-05-23;651;2663;0;0;2695;0;0;0;0;4297873;475851;9;0;625593;0;0;0;0
FR;3;2021-05-24;885;4784;0;0;4828;0;0;0;0;4298758;480635;9;0;630421;0;0;0;0
FR;3;2021-05-25;5316;46738;1;0;47145;0;0;0;0;4304074;527373;10;0;677566;0;0;0;0
FR;3;2021-05-26;4982;52191;1;0;52665;0;0;0;0;4309056;579564;11;0;730231;0;0;0;0
FR;3;2021-05-27;6338;79067;3;0;79678;0;0;0;0;4315394;658631;14;0;809909;0;0;0;0
FR;3;2021-05-28;7546;100336;2;0;101142;0;0;0;0;4322940;758967;16;0;911051;0;0;0;0
FR;3;2021-05-29;3350;61184;1;0;61566;0;0;0;0;4326290;820151;17;0;972617;0;0;0;0
FR;3;2021-05-30;551;8078;0;0;8127;0;0;0;0;4326841;828229;17;0;980744;0;0;0;0
FR;3;2021-05-31;2442;35483;3;0;35749;0;0;0;0;4329283;863712;20;0;1016493;0;0;0;0
FR;3;2021-06-01;3418;64903;10;0;65355;0;0;0;0;4332701;928615;30;0;1081848;0;0;0;0
FR;3;2021-06-02;2735;58932;6;0;59267;0;0;0;0;4335436;987547;36;0;1141115;0;0;0;0
FR;3;2021-06-03;3496;87204;10;0;87743;0;0;0;0;4338932;1074751;46;0;1228858;0;0;0;0
FR;3;2021-06-04;4125;105865;22;0;106531;0;0;0;0;4343057;1180616;68;0;1335389;0;0;0;0
FR;3;2021-06-05;1983;52608;4;0;52926;0;0;0;0;4345040;1233224;72;0;1388315;0;0;0;0
FR;3;2021-06-06;511;5269;1;0;5317;0;0;0;0;4345551;1238493;73;0;1393632;0;0;0;0
FR;3;2021-06-07;1487;30717;11;0;30898;0;0;0;0;4347038;1269210;84;0;1424530;0;0;0;0
FR;3;2021-06-08;2066;47426;18;0;47772;0;0;0;0;4349104;1316636;102;0;1472302;0;0;0;0
FR;3;2021-06-09;1796;41806;13;0;42111;0;0;0;0;4350900;1358442;115;0;1514413;0;0;0;0
FR;3;2021-06-10;2261;67663;17;0;68061;0;0;0;0;4353161;1426105;132;0;1582474;0;0;0;0
FR;3;2021-06-11;2494;96638;34;0;97114;0;0;0;0;4355655;1522743;166;0;1679588;0;0;0;0
FR;3;2021-06-12;1179;40559;6;0;40791;0;0;0;0;4356834;1563302;172;0;1720379;0;0;0;0
FR;3;2021-06-13;283;3606;3;0;3641;0;0;0;0;4357117;1566908;175;0;1724020;0;0;0;0
FR;3;2021-06-14;1051;42315;17;0;42485;0;0;0;0;4358168;1609223;192;0;1766505;0;0;0;0
FR;3;2021-06-15;1379;80354;20;0;80659;0;0;0;0;4359547;1689577;212;0;1847164;0;0;0;0
FR;3;2021-06-16;1263;65504;20;0;65777;0;0;0;0;4360810;1755081;232;0;1912941;0;0;0;0
FR;3;2021-06-17;1667;102293;41;0;102679;0;0;0;0;4362477;1857374;273;0;2015620;0;0;0;0
FR;3;2021-06-18;1873;118469;63;0;118939;0;0;0;0;4364350;1975843;336;0;2134559;0;0;0;0
FR;3;2021-06-19;804;39455;22;0;39650;0;0;0;0;4365154;2015298;358;0;2174209;0;0;0;0
FR;3;2021-06-20;162;3194;0;0;3223;0;0;0;0;4365316;2018492;358;0;2177432;0;0;0;0
FR;3;2021-06-21;775;39091;16;0;39249;0;0;0;0;4366091;2057583;374;0;2216681;0;0;0;0
FR;3;2021-06-22;1065;70092;52;0;70363;0;0;0;0;4367156;2127675;426;0;2287044;0;0;0;0
FR;3;2021-06-23;946;50833;39;0;51105;0;0;0;0;4368102;2178508;465;0;2338149;0;0;0;0
FR;3;2021-06-24;1314;77299;48;0;77672;0;0;0;0;4369416;2255807;513;0;2415821;0;0;0;0
FR;3;2021-06-25;1410;90854;73;0;91288;0;0;0;0;4370826;2346661;586;0;2507109;0;0;0;0
FR;3;2021-06-26;631;33109;29;0;33301;0;0;0;0;4371457;2379770;615;0;2540410;0;0;0;0
FR;3;2021-06-27;168;3778;1;0;3802;0;0;0;0;4371625;2383548;616;0;2544212;0;0;0;0
FR;3;2021-06-28;655;29929;27;0;30123;0;0;0;0;4372280;2413477;643;0;2574335;0;0;0;0
FR;3;2021-06-29;856;56655;95;0;56899;0;0;0;0;4373136;2470132;738;0;2631234;0;0;0;0
FR;3;2021-06-30;905;45216;93;0;45484;0;0;0;0;4374041;2515348;831;0;2676718;0;0;0;0
FR;3;2021-07-01;1164;66131;108;0;66480;0;0;0;0;4375205;2581479;939;0;2743198;0;0;0;0
FR;3;2021-07-02;1305;90526;170;0;91009;0;0;0;0;4376510;2672005;1109;0;2834207;0;0;0;0
FR;3;2021-07-03;602;31185;51;0;31386;0;0;0;0;4377112;2703190;1160;0;2865593;0;0;0;0
FR;3;2021-07-04;144;3968;3;0;3998;0;0;0;0;4377256;2707158;1163;0;2869591;0;0;0;0
FR;3;2021-07-05;613;33604;60;0;33805;0;0;0;0;4377869;2740762;1223;0;2903396;0;0;0;0
FR;3;2021-07-06;965;55938;88;0;56249;0;0;0;0;4378834;2796700;1311;0;2959645;0;0;0;0
FR;3;2021-07-07;874;42965;80;0;43263;0;0;0;0;4379708;2839665;1391;0;3002908;0;0;0;0
FR;3;2021-07-08;1127;60812;99;0;61222;0;0;0;0;4380835;2900477;1490;0;3064130;0;0;0;0
FR;3;2021-07-09;1261;68940;128;0;69405;0;0;0;0;4382096;2969417;1618;0;3133535;0;0;0;0
FR;3;2021-07-10;644;25019;59;0;25217;0;0;0;0;4382740;2994436;1677;0;3158752;0;0;0;0
FR;3;2021-07-11;132;3173;4;0;3198;0;0;0;0;4382872;2997609;1681;0;3161950;0;0;0;0
FR;3;2021-07-12;662;23600;59;0;23813;0;0;0;0;4383534;3021209;1740;0;3185763;0;0;0;0
FR;3;2021-07-13;1648;34428;90;0;34918;0;0;0;0;4385182;3055637;1830;0;3220681;0;0;0;0
FR;3;2021-07-14;272;2475;2;0;2532;0;0;0;0;4385454;3058112;1832;0;3223213;0;0;0;0
FR;3;2021-07-15;1941;30414;85;0;30989;0;0;0;0;4387395;3088526;1917;0;3254202;0;0;0;0
FR;3;2021-07-16;2520;38619;122;0;39353;0;0;0;0;4389915;3127145;2039;0;3293555;0;0;0;0
FR;3;2021-07-17;1051;13723;26;0;14031;0;0;0;0;4390966;3140868;2065;0;3307586;0;0;0;0
FR;3;2021-07-18;266;2549;3;0;2597;0;0;0;0;4391232;3143417;2068;0;3310183;0;0;0;0
FR;3;2021-07-19;1280;16884;38;0;17252;0;0;0;0;4392512;3160301;2106;0;3327435;0;0;0;0
FR;3;2021-07-20;1823;26931;98;0;27472;0;0;0;0;4394335;3187232;2204;0;3354907;0;0;0;0
FR;3;2021-07-21;1652;19472;44;0;19977;0;0;0;0;4395987;3206704;2248;0;3374884;0;0;0;0
FR;3;2021-07-22;1856;27648;83;0;28213;0;0;0;0;4397843;3234352;2331;0;3403097;0;0;0;0
FR;3;2021-07-23;2217;30212;117;0;30949;0;0;0;0;4400060;3264564;2448;0;3434046;0;0;0;0
FR;3;2021-07-24;828;6926;25;0;7149;0;0;0;0;4400888;3271490;2473;0;3441195;0;0;0;0
FR;3;2021-07-25;210;1287;1;0;1342;0;0;0;0;4401098;3272777;2474;0;3442537;0;0;0;0
FR;3;2021-07-26;933;10508;28;0;10816;0;0;0;0;4402031;3283285;2502;0;3453353;0;0;0;0
FR;3;2021-07-27;1171;16802;56;0;17165;0;0;0;0;4403202;3300087;2558;0;3470518;0;0;0;0
FR;3;2021-07-28;989;11999;40;0;12311;0;0;0;0;4404191;3312086;2598;0;3482829;0;0;0;0
FR;3;2021-07-29;1127;15676;63;0;16089;0;0;0;0;4405318;3327762;2661;0;3498918;0;0;0;0
FR;3;2021-07-30;1130;17991;79;0;18366;0;0;0;0;4406448;3345753;2740;0;3517284;0;0;0;0
FR;3;2021-07-31;407;3711;15;0;3837;0;0;0;0;4406855;3349464;2755;0;3521121;0;0;0;0
FR;3;2021-08-01;117;443;1;0;465;0;0;0;0;4406972;3349907;2756;0;3521586;0;0;0;0
FR;3;2021-08-02;424;5016;22;0;5136;0;0;0;0;4407396;3354923;2778;0;3526722;0;0;0;0
FR;3;2021-08-03;498;7466;27;0;7599;0;0;0;0;4407894;3362389;2805;0;3534321;0;0;0;0
FR;3;2021-08-04;441;4831;26;0;4977;0;0;0;0;4408335;3367220;2831;0;3539298;0;0;0;0
FR;3;2021-08-05;433;3653;13;0;3763;0;0;0;0;4408768;3370873;2844;0;3543061;0;0;0;0
FR;3;2021-08-06;456;4699;30;0;4800;0;0;0;0;4409224;3375572;2874;0;3547861;0;0;0;0
FR;3;2021-08-07;214;1900;11;0;1946;0;0;0;0;4409438;3377472;2885;0;3549807;0;0;0;0
FR;3;2021-08-08;251;424;2;0;457;0;0;0;0;4409689;3377896;2887;0;3550264;0;0;0;0
FR;3;2021-08-09;320;2377;11;0;2447;0;0;0;0;4410009;3380273;2898;0;3552711;0;0;0;0
FR;3;2021-08-10;369;3735;15;0;3823;0;0;0;0;4410378;3384008;2913;0;3556534;0;0;0;0
FR;3;2021-08-11;291;2639;15;0;2699;0;0;0;0;4410669;3386647;2928;0;3559233;0;0;0;0
FR;3;2021-08-12;279;2563;13;0;2651;0;0;0;0;4410948;3389210;2941;0;3561884;0;0;0;0
FR;3;2021-08-13;279;2254;16;0;2340;0;0;0;0;4411227;3391464;2957;0;3564224;0;0;0;0
FR;3;2021-08-14;172;874;1;0;905;0;0;0;0;4411399;3392338;2958;0;3565129;0;0;0;0
FR;3;2021-08-15;56;174;0;0;183;0;0;0;0;4411455;3392512;2958;0;3565312;0;0;0;0
FR;3;2021-08-16;126;1003;8;0;1042;0;0;0;0;4411581;3393515;2966;0;3566354;0;0;0;0
FR;3;2021-08-17;191;1430;8;0;1471;0;0;0;0;4411772;3394945;2974;0;3567825;0;0;0;0
FR;3;2021-08-18;205;1309;10;0;1351;0;0;0;0;4411977;3396254;2984;0;3569176;0;0;0;0
FR;3;2021-08-19;165;1373;10;0;1420;0;0;0;0;4412142;3397627;2994;0;3570596;0;0;0;0
FR;3;2021-08-20;167;1595;16;0;1657;0;0;0;0;4412309;3399222;3010;0;3572253;0;0;0;0
FR;3;2021-08-21;94;576;2;0;591;0;0;0;0;4412403;3399798;3012;0;3572844;0;0;0;0
FR;3;2021-08-22;42;192;1;0;195;0;0;0;0;4412445;3399990;3013;0;3573039;0;0;0;0
FR;3;2021-08-23;141;886;7;0;931;0;0;0;0;4412586;3400876;3020;0;3573970;0;0;0;0
FR;3;2021-08-24;125;922;10;0;954;0;0;0;0;4412711;3401798;3030;0;3574924;0;0;0;0
FR;3;2021-08-25;137;820;3;0;849;0;0;0;0;4412848;3402618;3033;0;3575773;0;0;0;0
FR;3;2021-08-26;172;824;9;0;872;0;0;0;0;4413020;3403442;3042;0;3576645;0;0;0;0
FR;3;2021-08-27;178;937;9;0;989;0;0;0;0;4413198;3404379;3051;0;3577634;0;0;0;0
FR;3;2021-08-28;101;374;4;0;391;0;0;0;0;4413299;3404753;3055;0;3578025;0;0;0;0
FR;3;2021-08-29;128;129;1;0;162;0;0;0;0;4413427;3404882;3056;0;3578187;0;0;0;0
FR;3;2021-08-30;100;560;0;0;469;108;0;0;0;4413527;3405442;3056;0;3578656;108;0;0;0
FR;3;2021-08-31;134;682;7;0;587;134;0;0;0;4413661;3406124;3063;0;3579243;242;0;0;0
FR;3;2021-09-01;122;461;5;0;383;106;0;0;0;4413783;3406585;3068;0;3579626;348;0;0;0
FR;3;2021-09-02;100;595;22;0;531;105;0;0;0;4413883;3407180;3090;0;3580157;453;0;0;0
FR;3;2021-09-03;116;552;17;0;477;116;0;0;0;4413999;3407732;3107;0;3580634;569;0;0;0
FR;3;2021-09-04;55;295;3;0;256;50;0;0;0;4414054;3408027;3110;0;3580890;619;0;0;0
FR;3;2021-09-05;52;65;5;0;55;25;0;0;0;4414106;3408092;3115;0;3580945;644;0;0;0
FR;3;2021-09-06;118;367;4;0;261;130;0;0;0;4414224;3408459;3119;0;3581206;774;0;0;0
FR;3;2021-09-07;125;431;14;0;347;116;0;0;0;4414349;3408890;3133;0;3581553;890;0;0;0
FR;3;2021-09-08;122;344;2;0;274;87;0;0;0;4414471;3409234;3135;0;3581827;977;0;0;0
FR;3;2021-09-09;94;379;8;0;299;103;0;0;0;4414565;3409613;3143;0;3582126;1080;0;0;0
FR;3;2021-09-10;101;402;3;0;332;93;0;0;0;4414666;3410015;3146;0;3582458;1173;0;0;0
FR;3;2021-09-11;79;233;4;0;178;65;0;0;0;4414745;3410248;3150;0;3582636;1238;0;0;0
FR;3;2021-09-12;37;49;1;0;38;16;0;0;0;4414782;3410297;3151;0;3582674;1254;0;0;0
FR;3;2021-09-13;78;297;7;0;214;102;1;0;0;4414860;3410594;3158;0;3582888;1356;1;0;0
FR;3;2021-09-14;75;271;6;0;191;94;0;0;0;4414935;3410865;3164;0;3583079;1450;1;0;0
FR;3;2021-09-15;64;252;3;0;257;6;0;0;0;4414999;3411117;3167;0;3583336;1456;1;0;0
FR;3;2021-09-16;65;320;6;0;331;6;0;0;0;4415064;3411437;3173;0;3583667;1462;1;0;0
FR;3;2021-09-17;52;327;3;0;339;6;0;0;0;4415116;3411764;3176;0;3584006;1468;1;0;0
FR;3;2021-09-18;37;172;1;0;176;1;0;0;0;4415153;3411936;3177;0;3584182;1469;1;0;0
FR;3;2021-09-19;29;31;2;0;34;1;0;0;0;4415182;3411967;3179;0;3584216;1470;1;0;0
FR;3;2021-09-20;82;188;0;0;196;1;0;0;0;4415264;3412155;3179;0;3584412;1471;1;0;0
FR;3;2021-09-21;60;273;7;0;277;8;0;0;0;4415324;3412428;3186;0;3584689;1479;1;0;0
FR;3;2021-09-22;67;229;6;0;242;7;0;0;0;4415391;3412657;3192;0;3584931;1486;1;0;0
FR;3;2021-09-23;37;257;11;0;261;7;0;0;0;4415428;3412914;3203;0;3585192;1493;1;0;0
FR;3;2021-09-24;29;315;12;0;313;18;0;0;0;4415457;3413229;3215;0;3585505;1511;1;0;0
FR;3;2021-09-25;31;144;3;0;150;3;0;0;0;4415488;3413373;3218;0;3585655;1514;1;0;0
FR;3;2021-09-26;16;57;1;0;59;1;0;0;0;4415504;3413430;3219;0;3585714;1515;1;0;0
FR;3;2021-09-27;49;282;3;0;285;5;0;0;0;4415553;3413712;3222;0;3585999;1520;1;0;0
FR;3;2021-09-28;49;245;6;0;253;8;0;0;0;4415602;3413957;3228;0;3586252;1528;1;0;0
FR;3;2021-09-29;40;218;10;0;222;15;0;0;0;4415642;3414175;3238;0;3586474;1543;1;0;0
FR;3;2021-09-30;40;200;8;0;204;11;0;0;0;4415682;3414375;3246;0;3586678;1554;1;0;0
FR;3;2021-10-01;23;159;6;0;161;8;0;0;0;4415705;3414534;3252;0;3586839;1562;1;0;0
FR;3;2021-10-02;17;88;0;0;89;0;0;0;0;4415722;3414622;3252;0;3586928;1562;1;0;0
FR;3;2021-10-03;19;19;1;0;19;2;0;0;0;4415741;3414641;3253;0;3586947;1564;1;0;0
FR;3;2021-10-04;33;157;4;0;162;4;0;0;0;4415774;3414798;3257;0;3587109;1568;1;0;0
FR;3;2021-10-05;17;148;10;0;153;12;0;0;0;4415791;3414946;3267;0;3587262;1580;1;0;0
FR;3;2021-10-06;34;145;9;0;153;10;0;0;0;4415825;3415091;3276;0;3587415;1590;1;0;0
FR;3;2021-10-07;20;132;6;0;130;6;0;0;0;4415845;3415223;3282;0;3587545;1596;1;0;0
FR;3;2021-10-08;25;136;10;0;141;9;0;0;0;4415870;3415359;3292;0;3587686;1605;1;0;0
FR;3;2021-10-09;17;72;1;0;73;1;0;0;0;4415887;3415431;3293;0;3587759;1606;1;0;0
FR;3;2021-10-10;13;17;2;0;16;3;0;0;0;4415900;3415448;3295;0;3587775;1609;1;0;0
FR;3;2021-10-11;17;117;4;0;122;5;0;0;0;4415917;3415565;3299;0;3587897;1614;1;0;0
FR;3;2021-10-12;22;99;6;0;99;6;0;0;0;4415939;3415664;3305;0;3587996;1620;1;0;0
FR;3;2021-10-13;25;114;9;0;121;7;0;0;0;4415964;3415778;3314;0;3588117;1627;1;0;0
FR;3;2021-10-14;19;138;3;0;139;4;0;0;0;4415983;3415916;3317;0;3588256;1631;1;0;0
FR;3;2021-10-15;24;139;8;0;138;13;0;0;0;4416007;3416055;3325;0;3588394;1644;1;0;0
FR;3;2021-10-16;13;66;6;0;65;8;0;0;0;4416020;3416121;3331;0;3588459;1652;1;0;0
FR;3;2021-10-17;13;24;0;0;26;0;0;0;0;4416033;3416145;3331;0;3588485;1652;1;0;0
FR;3;2021-10-18;18;112;2;0;117;2;0;0;0;4416051;3416257;3333;0;3588602;1654;1;0;0
FR;3;2021-10-19;18;112;19;0;113;21;0;0;0;4416069;3416369;3352;0;3588715;1675;1;0;0
FR;3;2021-10-20;27;124;6;0;126;7;0;0;0;4416096;3416493;3358;0;3588841;1682;1;0;0
FR;3;2021-10-21;28;120;17;0;120;13;0;0;0;4416124;3416613;3375;0;3588961;1695;1;0;0
FR;3;2021-10-22;25;103;18;0;102;21;0;0;0;4416149;3416716;3393;0;3589063;1716;1;0;0
FR;3;2021-10-23;17;53;3;0;53;2;0;0;0;4416166;3416769;3396;0;3589116;1718;1;0;0
FR;3;2021-10-24;7;36;0;0;34;0;0;0;0;4416173;3416805;3396;0;3589150;1718;1;0;0
FR;3;2021-10-25;27;141;7;0;145;7;0;0;0;4416200;3416946;3403;0;3589295;1725;1;0;0
FR;3;2021-10-26;25;96;22;0;93;19;0;0;0;4416225;3417042;3425;0;3589388;1744;1;0;0
FR;3;2021-10-27;19;91;9;0;93;9;0;0;0;4416244;3417133;3434;0;3589481;1753;1;0;0
FR;3;2021-10-28;23;114;33;0;111;36;0;0;0;4416267;3417247;3467;0;3589592;1789;1;0;0
FR;3;2021-10-29;12;98;64;0;92;54;0;0;0;4416279;3417345;3531;0;3589684;1843;1;0;0
FR;3;2021-10-30;11;62;11;1;62;10;0;0;0;4416290;3417407;3542;1;3589746;1853;1;0;0
FR;3;2021-10-31;8;25;1;0;25;1;0;0;0;4416298;3417432;3543;1;3589771;1854;1;0;0
FR;3;2021-11-01;11;22;2;0;23;1;0;0;0;4416309;3417454;3545;1;3589794;1855;1;0;0
FR;3;2021-11-02;11;100;10;0;100;12;0;0;0;4416320;3417554;3555;1;3589894;1867;1;0;0
FR;3;2021-11-03;22;105;10;0;113;10;0;0;0;4416342;3417659;3565;1;3590007;1877;1;0;0
FR;3;2021-11-04;20;88;6;0;93;5;0;0;0;4416362;3417747;3571;1;3590100;1882;1;0;0
FR;3;2021-11-05;19;119;9;1;125;6;1;0;0;4416381;3417866;3580;2;3590225;1888;2;0;0
FR;3;2021-11-06;11;54;3;0;56;3;0;0;0;4416392;3417920;3583;2;3590281;1891;2;0;0
FR;3;2021-11-07;6;23;1;0;24;1;0;0;0;4416398;3417943;3584;2;3590305;1892;2;0;0
FR;3;2021-11-08;12;124;7;0;129;5;0;0;0;4416410;3418067;3591;2;3590434;1897;2;0;0
FR;3;2021-11-09;15;123;6;0;125;6;0;0;0;4416425;3418190;3597;2;3590559;1903;2;0;0
FR;3;2021-11-10;15;130;15;0;128;16;0;0;0;4416440;3418320;3612;2;3590687;1919;2;0;0
FR;3;2021-11-11;12;49;3;0;51;3;0;0;0;4416452;3418369;3615;2;3590738;1922;2;0;0
FR;3;2021-11-12;15;126;6;0;128;5;0;0;0;4416467;3418495;3621;2;3590866;1927;2;0;0
FR;3;2021-11-13;7;66;9;0;61;10;0;0;0;4416474;3418561;3630;2;3590927;1937;2;0;0
FR;3;2021-11-14;3;24;1;0;24;1;0;0;0;4416477;3418585;3631;2;3590951;1938;2;0;0
FR;3;2021-11-15;7;161;11;0;158;12;0;0;0;4416484;3418746;3642;2;3591109;1950;2;0;0
FR;3;2021-11-16;9;125;11;0;120;10;0;0;0;4416493;3418871;3653;2;3591229;1960;2;0;0
FR;3;2021-11-17;8;134;11;0;135;8;0;0;0;4416501;3419005;3664;2;3591364;1968;2;0;0
FR;3;2021-11-18;16;131;10;0;132;11;0;0;0;4416517;3419136;3674;2;3591496;1979;2;0;0
FR;3;2021-11-19;12;178;23;0;173;28;0;0;0;4416529;3419314;3697;2;3591669;2007;2;0;0
FR;3;2021-11-20;6;101;6;0;102;6;0;0;0;4416535;3419415;3703;2;3591771;2013;2;0;0
FR;3;2021-11-21;3;24;4;0;23;4;0;0;0;4416538;3419439;3707;2;3591794;2017;2;0;0
FR;3;2021-11-22;11;185;11;0;185;11;0;0;0;4416549;3419624;3718;2;3591979;2028;2;0;0
FR;3;2021-11-23;10;180;16;0;178;15;0;0;0;4416559;3419804;3734;2;3592157;2043;2;0;0
FR;3;2021-11-24;11;180;9;0;172;17;0;0;0;4416570;3419984;3743;2;3592329;2060;2;0;0
FR;3;2021-11-25;12;197;11;0;196;11;0;0;0;4416582;3420181;3754;2;3592525;2071;2;0;0
FR;3;2021-11-26;10;251;35;0;250;33;1;0;0;4416592;3420432;3789;2;3592775;2104;3;0;0
FR;3;2021-11-27;8;123;20;0;123;21;0;0;0;4416600;3420555;3809;2;3592898;2125;3;0;0
FR;3;2021-11-28;3;56;7;0;57;7;0;0;0;4416603;3420611;3816;2;3592955;2132;3;0;0
FR;3;2021-11-29;5;214;22;0;209;23;1;0;0;4416608;3420825;3838;2;3593164;2155;4;0;0
FR;3;2021-11-30;9;281;31;0;280;33;1;0;0;4416617;3421106;3869;2;3593444;2188;5;0;0
FR;3;2021-12-01;30;315;39;0;313;41;2;0;0;4416647;3421421;3908;2;3593757;2229;7;0;0
FR;3;2021-12-02;9;337;33;0;333;36;0;0;0;4416656;3421758;3941;2;3594090;2265;7;0;0
FR;3;2021-12-03;6;364;37;0;360;38;0;0;0;4416662;3422122;3978;2;3594450;2303;7;0;0
FR;3;2021-12-04;3;201;26;0;197;28;0;0;0;4416665;3422323;4004;2;3594647;2331;7;0;0
FR;3;2021-12-05;1;61;5;0;61;5;0;0;0;4416666;3422384;4009;2;3594708;2336;7;0;0
FR;3;2021-12-06;7;347;14;0;346;15;0;0;0;4416673;3422731;4023;2;3595054;2351;7;0;0
FR;3;2021-12-07;6;410;20;0;404;24;1;0;0;4416679;3423141;4043;2;3595458;2375;8;0;0
FR;3;2021-12-08;8;375;29;0;367;30;1;0;0;4416687;3423516;4072;2;3595825;2405;9;0;0
FR;3;2021-12-09;3;423;17;0;410;22;1;0;0;4416690;3423939;4089;2;3596235;2427;10;0;0
FR;3;2021-12-10;10;443;29;0;440;25;0;0;0;4416700;3424382;4118;2;3596675;2452;10;0;0
FR;3;2021-12-11;4;299;10;0;296;9;2;0;0;4416704;3424681;4128;2;3596971;2461;12;0;0
FR;3;2021-12-12;1;96;3;0;96;3;0;0;0;4416705;3424777;4131;2;3597067;2464;12;0;0
FR;3;2021-12-13;2;432;19;0;426;21;0;0;0;4416707;3425209;4150;2;3597493;2485;12;0;0
FR;3;2021-12-14;8;550;18;0;538;21;1;0;0;4416715;3425759;4168;2;3598031;2506;13;0;0
FR;3;2021-12-15;10;521;17;0;508;21;0;0;0;4416725;3426280;4185;2;3598539;2527;13;0;0
FR;3;2021-12-16;10;525;19;0;519;18;3;0;0;4416735;3426805;4204;2;3599058;2545;16;0;0
FR;3;2021-12-17;5;592;18;0;588;19;0;0;0;4416740;3427397;4222;2;3599646;2564;16;0;0
FR;3;2021-12-18;5;343;4;0;337;5;1;0;0;4416745;3427740;4226;2;3599983;2569;17;0;0
FR;3;2021-12-19;3;176;2;0;174;2;0;0;0;4416748;3427916;4228;2;3600157;2571;17;0;0
FR;3;2021-12-20;10;566;23;0;560;28;0;0;0;4416758;3428482;4251;2;3600717;2599;17;0;0
FR;3;2021-12-21;5;660;10;0;652;13;2;0;0;4416763;3429142;4261;2;3601369;2612;19;0;0
FR;3;2021-12-22;10;612;9;0;606;10;1;0;0;4416773;3429754;4270;2;3601975;2622;20;0;0
FR;3;2021-12-23;4;534;8;0;532;8;0;0;0;4416777;3430288;4278;2;3602507;2630;20;0;0
FR;3;2021-12-24;2;233;3;0;228;6;0;0;0;4416779;3430521;4281;2;3602735;2636;20;0;0
FR;3;2021-12-25;0;24;0;0;24;0;0;0;0;4416779;3430545;4281;2;3602759;2636;20;0;0
FR;3;2021-12-26;0;87;1;0;87;1;0;0;0;4416779;3430632;4282;2;3602846;2637;20;0;0
FR;3;2021-12-27;7;456;17;0;453;20;1;0;0;4416786;3431088;4299;2;3603299;2657;21;0;0
FR;3;2021-12-28;3;570;6;0;569;5;0;0;0;4416789;3431658;4305;2;3603868;2662;21;0;0
FR;3;2021-12-29;5;487;14;0;482;16;0;0;0;4416794;3432145;4319;2;3604350;2678;21;0;0
FR;3;2021-12-30;3;517;7;0;510;10;2;0;0;4416797;3432662;4326;2;3604860;2688;23;0;0
FR;3;2021-12-31;0;182;5;0;178;7;0;0;0;4416797;3432844;4331;2;3605038;2695;23;0;0
FR;3;2022-01-01;0;26;0;0;24;2;0;0;0;4416797;3432870;4331;2;3605062;2697;23;0;0
FR;3;2022-01-02;0;76;0;0;76;0;0;0;0;4416797;3432946;4331;2;3605138;2697;23;0;0
FR;3;2022-01-03;5;489;17;0;479;21;3;0;0;4416802;3433435;4348;2;3605617;2718;26;0;0
FR;3;2022-01-04;7;533;9;0;532;8;0;0;0;4416809;3433968;4357;2;3606149;2726;26;0;0
FR;3;2022-01-05;5;487;10;0;479;14;1;0;0;4416814;3434455;4367;2;3606628;2740;27;0;0
FR;3;2022-01-06;6;464;9;0;459;10;1;0;0;4416820;3434919;4376;2;3607087;2750;28;0;0
FR;3;2022-01-07;2;489;11;0;483;13;1;0;1;4416822;3435408;4387;2;3607570;2763;29;0;1
FR;3;2022-01-08;6;250;4;0;247;5;0;0;0;4416828;3435658;4391;2;3607817;2768;29;0;1
FR;3;2022-01-09;0;116;0;0;116;0;0;0;0;4416828;3435774;4391;2;3607933;2768;29;0;1
FR;3;2022-01-10;2;420;12;0;418;12;0;0;0;4416830;3436194;4403;2;3608351;2780;29;0;1
FR;3;2022-01-11;3;455;1;0;454;1;0;0;0;4416833;3436649;4404;2;3608805;2781;29;0;1
FR;3;2022-01-12;4;393;9;0;390;10;2;0;0;4416837;3437042;4413;2;3609195;2791;31;0;1
FR;3;2022-01-13;3;381;11;0;379;12;1;0;0;4416840;3437423;4424;2;3609574;2803;32;0;1
FR;3;2022-01-14;4;419;10;0;413;13;1;0;0;4416844;3437842;4434;2;3609987;2816;33;0;1
FR;3;2022-01-15;0;275;2;0;271;3;0;0;0;4416844;3438117;4436;2;3610258;2819;33;0;1
FR;3;2022-01-16;1;108;1;0;106;1;1;0;0;4416845;3438225;4437;2;3610364;2820;34;0;1
FR;3;2022-01-17;2;318;8;0;315;9;1;0;0;4416847;3438543;4445;2;3610679;2829;35;0;1
FR;3;2022-01-18;2;358;1;0;354;2;1;0;0;4416849;3438901;4446;2;3611033;2831;36;0;1
FR;3;2022-01-19;2;322;5;0;316;10;0;0;0;4416851;3439223;4451;2;3611349;2841;36;0;1
FR;3;2022-01-20;1;351;5;0;350;3;2;0;0;4416852;3439574;4456;2;3611699;2844;38;0;1
FR;3;2022-01-21;4;337;5;0;331;7;2;0;0;4416856;3439911;4461;2;3612030;2851;40;0;1
FR;3;2022-01-22;2;218;1;0;214;2;3;0;0;4416858;3440129;4462;2;3612244;2853;43;0;1
FR;3;2022-01-23;0;77;0;0;75;1;1;0;0;4416858;3440206;4462;2;3612319;2854;44;0;1
FR;3;2022-01-24;3;316;1;0;308;6;2;0;0;4416861;3440522;4463;2;3612627;2860;46;0;1
FR;3;2022-01-25;0;171;0;0;168;0;1;0;0;4416861;3440693;4463;2;3612795;2860;47;0;1
FR;3;2022-01-26;0;77;0;0;77;0;0;0;0;4416861;3440770;4463;2;3612872;2860;47;0;1
FR;3;2022-01-27;0;52;0;0;52;0;0;0;0;4416861;3440822;4463;2;3612924;2860;47;0;1
FR;3;2022-01-28;0;115;0;0;114;0;0;0;0;4416861;3440937;4463;2;3613038;2860;47;0;1
FR;3;2022-01-29;0;97;0;0;97;0;0;0;0;4416861;3441034;4463;2;3613135;2860;47;0;1
FR;3;2022-01-30;0;50;0;0;50;0;0;0;0;4416861;3441084;4463;2;3613185;2860;47;0;1
FR;3;2022-01-31;0;91;0;0;91;0;0;0;0;4416861;3441175;4463;2;3613276;2860;47;0;1
FR;3;2022-02-01;0;98;0;0;96;1;0;0;0;4416861;3441273;4463;2;3613372;2861;47;0;1
FR;3;2022-02-02;0;85;0;0;83;0;0;0;0;4416861;3441358;4463;2;3613455;2861;47;0;1
FR;3;2022-02-03;0;91;0;0;89;0;0;0;0;4416861;3441449;4463;2;3613544;2861;47;0;1
FR;3;2022-02-04;0;113;0;0;110;0;1;0;0;4416861;3441562;4463;2;3613654;2861;48;0;1
FR;3;2022-02-05;0;68;0;0;68;0;0;0;0;4416861;3441630;4463;2;3613722;2861;48;0;1
FR;3;2022-02-06;0;10;0;0;10;0;0;0;0;4416861;3441640;4463;2;3613732;2861;48;0;1
FR;3;2022-02-07;0;75;0;0;75;0;0;0;0;4416861;3441715;4463;2;3613807;2861;48;0;1
FR;3;2022-02-08;0;0;0;0;0;0;0;0;0;4416861;3441715;4463;2;3613807;2861;48;0;1
FR;3;2022-02-09;0;0;0;0;0;0;0;0;0;4416861;3441715;4463;2;3613807;2861;48;0;1
FR;3;2022-02-10;0;0;0;0;0;0;0;0;0;4416861;3441715;4463;2;3613807;2861;48;0;1
FR;3;2022-02-11;0;0;0;0;0;0;0;0;0;4416861;3441715;4463;2;3613807;2861;48;0;1
FR;3;2022-02-12;0;0;0;0;0;0;0;0;0;4416861;3441715;4463;2;3613807;2861;48;0;1
FR;3;2022-02-13;0;0;0;0;0;0;0;0;0;4416861;3441715;4463;2;3613807;2861;48;0;1
FR;3;2022-02-14;0;0;0;0;0;0;0;0;0;4416861;3441715;4463;2;3613807;2861;48;0;1
FR;3;2022-02-15;0;0;0;0;0;0;0;0;0;4416861;3441715;4463;2;3613807;2861;48;0;1
FR;3;2022-02-16;0;0;0;0;0;0;0;0;0;4416861;3441715;4463;2;3613807;2861;48;0;1
FR;3;2022-02-17;0;0;0;0;0;0;0;0;0;4416861;3441715;4463;2;3613807;2861;48;0;1
FR;3;2022-02-18;0;0;0;0;0;0;0;0;0;4416861;3441715;4463;2;3613807;2861;48;0;1
FR;3;2022-02-19;0;0;0;0;0;0;0;0;0;4416861;3441715;4463;2;3613807;2861;48;0;1
FR;3;2022-02-20;0;0;0;0;0;0;0;0;0;4416861;3441715;4463;2;3613807;2861;48;0;1
FR;3;2022-02-21;2;0;0;0;0;0;0;0;0;4416863;3441715;4463;2;3613807;2861;48;0;1
FR;3;2022-02-22;0;0;0;0;0;0;0;0;0;4416863;3441715;4463;2;3613807;2861;48;0;1
FR;3;2022-02-23;0;0;0;0;0;0;0;0;0;4416863;3441715;4463;2;3613807;2861;48;0;1
FR;3;2022-02-24;0;0;0;0;0;0;0;0;0;4416863;3441715;4463;2;3613807;2861;48;0;1
FR;3;2022-02-25;0;0;0;0;0;0;0;0;0;4416863;3441715;4463;2;3613807;2861;48;0;1
FR;3;2022-02-26;0;0;0;0;0;0;0;0;0;4416863;3441715;4463;2;3613807;2861;48;0;1
FR;3;2022-02-27;0;0;0;0;0;0;0;0;0;4416863;3441715;4463;2;3613807;2861;48;0;1
FR;3;2022-02-28;1;0;0;0;0;0;0;0;0;4416864;3441715;4463;2;3613807;2861;48;0;1
FR;3;2022-03-01;1;0;0;0;0;0;0;0;0;4416865;3441715;4463;2;3613807;2861;48;0;1
FR;3;2022-03-02;0;0;0;0;0;0;0;0;0;4416865;3441715;4463;2;3613807;2861;48;0;1
FR;3;2022-03-03;0;0;0;0;0;0;0;0;0;4416865;3441715;4463;2;3613807;2861;48;0;1
FR;3;2022-03-04;0;0;0;0;0;0;0;0;0;4416865;3441715;4463;2;3613807;2861;48;0;1
FR;3;2022-03-05;0;0;0;0;0;0;0;0;0;4416865;3441715;4463;2;3613807;2861;48;0;1
FR;3;2022-03-06;1;0;0;0;0;0;0;0;0;4416866;3441715;4463;2;3613807;2861;48;0;1
FR;3;2022-03-07;0;0;0;0;0;0;0;0;0;4416866;3441715;4463;2;3613807;2861;48;0;1
FR;3;2022-03-08;1;0;0;0;0;0;0;0;0;4416867;3441715;4463;2;3613807;2861;48;0;1
FR;3;2022-03-09;0;0;0;0;0;0;0;0;0;4416867;3441715;4463;2;3613807;2861;48;0;1
FR;3;2022-03-10;0;0;0;0;0;0;0;0;0;4416867;3441715;4463;2;3613807;2861;48;0;1
FR;3;2022-03-11;0;0;0;0;0;0;0;0;0;4416867;3441715;4463;2;3613807;2861;48;0;1
FR;3;2022-03-12;0;0;0;0;0;0;0;0;0;4416867;3441715;4463;2;3613807;2861;48;0;1
FR;3;2022-03-13;0;0;0;0;0;0;0;0;0;4416867;3441715;4463;2;3613807;2861;48;0;1
FR;3;2022-03-14;0;0;0;0;0;0;0;0;0;4416867;3441715;4463;2;3613807;2861;48;0;1
FR;3;2022-03-15;0;0;0;0;0;0;0;0;0;4416867;3441715;4463;2;3613807;2861;48;0;1
FR;3;2022-03-16;0;0;0;0;0;0;0;0;0;4416867;3441715;4463;2;3613807;2861;48;0;1
FR;3;2022-03-17;0;0;0;0;0;0;0;0;0;4416867;3441715;4463;2;3613807;2861;48;0;1
FR;3;2022-03-18;0;0;0;0;0;0;0;0;0;4416867;3441715;4463;2;3613807;2861;48;0;1
FR;3;2022-03-19;0;0;0;0;0;0;0;0;0;4416867;3441715;4463;2;3613807;2861;48;0;1
FR;3;2022-03-20;1;0;0;0;0;0;0;0;0;4416868;3441715;4463;2;3613807;2861;48;0;1
FR;3;2022-03-21;0;0;0;0;0;0;0;0;0;4416868;3441715;4463;2;3613807;2861;48;0;1
FR;3;2022-03-22;0;0;0;0;0;0;0;0;0;4416868;3441715;4463;2;3613807;2861;48;0;1
FR;3;2022-03-23;1;0;0;0;0;0;0;0;0;4416869;3441715;4463;2;3613807;2861;48;0;1
FR;3;2022-03-24;0;0;0;0;0;0;0;0;0;4416869;3441715;4463;2;3613807;2861;48;0;1
FR;3;2022-03-25;1;0;0;0;0;0;0;0;0;4416870;3441715;4463;2;3613807;2861;48;0;1
FR;3;2022-03-26;0;0;0;0;0;0;0;0;0;4416870;3441715;4463;2;3613807;2861;48;0;1
FR;3;2022-03-27;0;0;0;0;0;0;0;0;0;4416870;3441715;4463;2;3613807;2861;48;0;1
FR;3;2022-03-28;0;0;0;0;0;0;0;0;0;4416870;3441715;4463;2;3613807;2861;48;0;1
FR;3;2022-03-29;0;0;0;0;0;0;0;0;0;4416870;3441715;4463;2;3613807;2861;48;0;1
FR;3;2022-03-30;0;0;0;0;0;0;0;0;0;4416870;3441715;4463;2;3613807;2861;48;0;1
FR;3;2022-03-31;0;0;0;0;0;0;0;0;0;4416870;3441715;4463;2;3613807;2861;48;0;1
FR;3;2022-04-01;0;0;0;0;0;0;0;0;0;4416870;3441715;4463;2;3613807;2861;48;0;1
FR;3;2022-04-02;0;0;0;0;0;0;0;0;0;4416870;3441715;4463;2;3613807;2861;48;0;1
FR;3;2022-04-03;0;0;0;0;0;0;0;0;0;4416870;3441715;4463;2;3613807;2861;48;0;1
FR;3;2022-04-04;0;0;0;0;0;0;0;0;0;4416870;3441715;4463;2;3613807;2861;48;0;1
FR;3;2022-04-05;0;0;0;0;0;0;0;0;0;4416870;3441715;4463;2;3613807;2861;48;0;1
FR;3;2022-04-06;0;0;0;0;0;0;0;0;0;4416870;3441715;4463;2;3613807;2861;48;0;1
FR;3;2022-04-07;0;0;0;0;0;0;0;0;0;4416870;3441715;4463;2;3613807;2861;48;0;1
FR;3;2022-04-08;0;0;0;0;0;0;0;0;0;4416870;3441715;4463;2;3613807;2861;48;0;1
FR;3;2022-04-09;0;0;0;0;0;0;0;0;0;4416870;3441715;4463;2;3613807;2861;48;0;1
FR;3;2022-04-10;0;0;0;0;0;0;0;0;0;4416870;3441715;4463;2;3613807;2861;48;0;1
FR;3;2022-04-11;0;0;0;0;0;0;0;0;0;4416870;3441715;4463;2;3613807;2861;48;0;1
FR;3;2022-04-12;0;0;0;0;0;0;0;0;0;4416870;3441715;4463;2;3613807;2861;48;0;1
FR;3;2022-04-13;0;0;0;0;0;0;0;0;0;4416870;3441715;4463;2;3613807;2861;48;0;1
FR;3;2022-04-14;0;0;0;0;0;0;0;0;0;4416870;3441715;4463;2;3613807;2861;48;0;1
FR;3;2022-04-15;1;0;0;0;0;0;0;0;0;4416871;3441715;4463;2;3613807;2861;48;0;1
FR;3;2022-04-16;0;0;0;0;0;0;0;0;0;4416871;3441715;4463;2;3613807;2861;48;0;1
FR;3;2022-04-17;0;0;0;0;0;0;0;0;0;4416871;3441715;4463;2;3613807;2861;48;0;1
FR;3;2022-04-18;0;0;0;0;0;0;0;0;0;4416871;3441715;4463;2;3613807;2861;48;0;1
FR;3;2022-04-19;0;0;0;0;0;0;0;0;0;4416871;3441715;4463;2;3613807;2861;48;0;1
FR;3;2022-04-20;0;0;0;0;0;0;0;0;0;4416871;3441715;4463;2;3613807;2861;48;0;1
FR;3;2022-04-21;0;0;0;0;0;0;0;0;0;4416871;3441715;4463;2;3613807;2861;48;0;1
FR;3;2022-04-22;0;0;0;0;0;0;0;0;0;4416871;3441715;4463;2;3613807;2861;48;0;1
FR;3;2022-04-23;0;0;0;0;0;0;0;0;0;4416871;3441715;4463;2;3613807;2861;48;0;1
FR;3;2022-04-24;0;0;0;0;0;0;0;0;0;4416871;3441715;4463;2;3613807;2861;48;0;1
FR;3;2022-04-25;0;0;0;0;0;0;0;0;0;4416871;3441715;4463;2;3613807;2861;48;0;1
FR;3;2022-04-26;0;0;0;0;0;0;0;0;0;4416871;3441715;4463;2;3613807;2861;48;0;1
FR;3;2022-04-27;0;0;0;0;0;0;0;0;0;4416871;3441715;4463;2;3613807;2861;48;0;1
FR;3;2022-04-28;0;0;0;0;0;0;0;0;0;4416871;3441715;4463;2;3613807;2861;48;0;1
FR;3;2022-04-29;0;0;0;0;0;0;0;0;0;4416871;3441715;4463;2;3613807;2861;48;0;1
FR;3;2022-04-30;0;0;0;0;0;0;0;0;0;4416871;3441715;4463;2;3613807;2861;48;0;1
FR;3;2022-05-01;0;0;0;0;0;0;0;0;0;4416871;3441715;4463;2;3613807;2861;48;0;1
FR;3;2022-05-02;0;0;0;0;0;0;0;0;0;4416871;3441715;4463;2;3613807;2861;48;0;1
FR;3;2022-05-03;0;0;0;0;0;0;0;0;0;4416871;3441715;4463;2;3613807;2861;48;0;1
FR;3;2022-05-04;0;0;0;0;0;0;0;0;0;4416871;3441715;4463;2;3613807;2861;48;0;1
FR;3;2022-05-05;0;0;0;0;0;0;0;0;0;4416871;3441715;4463;2;3613807;2861;48;0;1
FR;3;2022-05-06;0;0;0;0;0;0;0;0;0;4416871;3441715;4463;2;3613807;2861;48;0;1
FR;3;2022-05-07;0;0;0;0;0;0;0;0;0;4416871;3441715;4463;2;3613807;2861;48;0;1
FR;3;2022-05-08;0;0;0;0;0;0;0;0;0;4416871;3441715;4463;2;3613807;2861;48;0;1
FR;3;2022-05-09;0;0;0;0;0;0;0;0;0;4416871;3441715;4463;2;3613807;2861;48;0;1
FR;3;2022-05-10;0;0;0;0;0;0;0;0;0;4416871;3441715;4463;2;3613807;2861;48;0;1
FR;3;2022-05-11;0;0;0;0;0;0;0;0;0;4416871;3441715;4463;2;3613807;2861;48;0;1
FR;3;2022-05-12;0;0;0;0;0;0;0;0;0;4416871;3441715;4463;2;3613807;2861;48;0;1
FR;3;2022-05-13;0;0;0;0;0;0;0;0;0;4416871;3441715;4463;2;3613807;2861;48;0;1
FR;3;2022-05-14;1;0;0;0;0;0;0;0;0;4416872;3441715;4463;2;3613807;2861;48;0;1
FR;3;2022-05-15;0;0;0;0;0;0;0;0;0;4416872;3441715;4463;2;3613807;2861;48;0;1
FR;3;2022-05-16;0;0;0;0;0;0;0;0;0;4416872;3441715;4463;2;3613807;2861;48;0;1
FR;3;2022-05-17;0;0;0;0;0;0;0;0;0;4416872;3441715;4463;2;3613807;2861;48;0;1
FR;3;2022-05-18;0;0;0;0;0;0;0;0;0;4416872;3441715;4463;2;3613807;2861;48;0;1
FR;3;2022-05-19;0;0;0;0;0;0;0;0;0;4416872;3441715;4463;2;3613807;2861;48;0;1
FR;3;2022-05-20;0;0;0;0;0;0;0;0;0;4416872;3441715;4463;2;3613807;2861;48;0;1
FR;3;2022-05-21;0;0;0;0;0;0;0;0;0;4416872;3441715;4463;2;3613807;2861;48;0;1
FR;3;2022-05-22;0;0;0;0;0;0;0;0;0;4416872;3441715;4463;2;3613807;2861;48;0;1
FR;3;2022-05-23;0;0;0;0;0;0;0;0;0;4416872;3441715;4463;2;3613807;2861;48;0;1
FR;3;2022-05-24;0;0;0;0;0;0;0;0;0;4416872;3441715;4463;2;3613807;2861;48;0;1
FR;3;2022-05-25;0;0;0;0;0;0;0;0;0;4416872;3441715;4463;2;3613807;2861;48;0;1
FR;3;2022-05-26;0;0;0;0;0;0;0;0;0;4416872;3441715;4463;2;3613807;2861;48;0;1
FR;3;2022-05-27;0;0;0;0;0;0;0;0;0;4416872;3441715;4463;2;3613807;2861;48;0;1
FR;3;2022-05-28;0;0;0;0;0;0;0;0;0;4416872;3441715;4463;2;3613807;2861;48;0;1
FR;3;2022-05-29;0;0;0;0;0;0;0;0;0;4416872;3441715;4463;2;3613807;2861;48;0;1
FR;3;2022-05-30;0;0;0;0;0;0;0;0;0;4416872;3441715;4463;2;3613807;2861;48;0;1
FR;3;2022-05-31;0;0;0;0;0;0;0;0;0;4416872;3441715;4463;2;3613807;2861;48;0;1
FR;3;2022-06-01;0;0;0;0;0;0;0;0;0;4416872;3441715;4463;2;3613807;2861;48;0;1
FR;3;2022-06-02;0;0;0;0;0;0;0;0;0;4416872;3441715;4463;2;3613807;2861;48;0;1
FR;3;2022-06-03;0;0;0;0;0;0;0;0;0;4416872;3441715;4463;2;3613807;2861;48;0;1
FR;3;2022-06-04;0;0;0;0;0;0;0;0;0;4416872;3441715;4463;2;3613807;2861;48;0;1
FR;3;2022-06-05;0;0;0;0;0;0;0;0;0;4416872;3441715;4463;2;3613807;2861;48;0;1
FR;3;2022-06-06;0;0;0;0;0;0;0;0;0;4416872;3441715;4463;2;3613807;2861;48;0;1
FR;3;2022-06-07;0;0;0;0;0;0;0;0;0;4416872;3441715;4463;2;3613807;2861;48;0;1
FR;3;2022-06-08;0;0;0;0;0;0;0;0;0;4416872;3441715;4463;2;3613807;2861;48;0;1
FR;3;2022-06-09;0;0;0;0;0;0;0;0;0;4416872;3441715;4463;2;3613807;2861;48;0;1
FR;3;2022-06-10;0;0;0;0;0;0;0;0;0;4416872;3441715;4463;2;3613807;2861;48;0;1
FR;3;2022-06-11;0;0;0;0;0;0;0;0;0;4416872;3441715;4463;2;3613807;2861;48;0;1
FR;3;2022-06-12;0;0;0;0;0;0;0;0;0;4416872;3441715;4463;2;3613807;2861;48;0;1
FR;3;2022-06-13;1;0;0;0;0;0;0;0;0;4416873;3441715;4463;2;3613807;2861;48;0;1
FR;3;2022-06-14;0;0;0;0;0;0;0;0;0;4416873;3441715;4463;2;3613807;2861;48;0;1
FR;3;2022-06-15;0;0;0;0;0;0;0;0;0;4416873;3441715;4463;2;3613807;2861;48;0;1
FR;3;2022-06-16;0;0;0;0;0;0;0;0;0;4416873;3441715;4463;2;3613807;2861;48;0;1
FR;3;2022-06-17;0;0;0;0;0;0;0;0;0;4416873;3441715;4463;2;3613807;2861;48;0;1
FR;3;2022-06-18;0;0;0;0;0;0;0;0;0;4416873;3441715;4463;2;3613807;2861;48;0;1
FR;3;2022-06-19;0;0;0;0;0;0;0;0;0;4416873;3441715;4463;2;3613807;2861;48;0;1
FR;3;2022-06-20;0;0;0;0;0;0;0;0;0;4416873;3441715;4463;2;3613807;2861;48;0;1
FR;3;2022-06-21;0;0;0;0;0;0;0;0;0;4416873;3441715;4463;2;3613807;2861;48;0;1
FR;3;2022-06-22;0;0;0;0;0;0;0;0;0;4416873;3441715;4463;2;3613807;2861;48;0;1
FR;3;2022-06-23;0;0;0;0;0;0;0;0;0;4416873;3441715;4463;2;3613807;2861;48;0;1
FR;3;2022-06-24;0;0;0;0;0;0;0;0;0;4416873;3441715;4463;2;3613807;2861;48;0;1
FR;3;2022-06-25;0;0;0;0;0;0;0;0;0;4416873;3441715;4463;2;3613807;2861;48;0;1
FR;3;2022-06-26;0;0;0;0;0;0;0;0;0;4416873;3441715;4463;2;3613807;2861;48;0;1
FR;3;2022-06-27;0;0;0;0;0;0;0;0;0;4416873;3441715;4463;2;3613807;2861;48;0;1
FR;3;2022-06-28;0;0;0;0;0;0;0;0;0;4416873;3441715;4463;2;3613807;2861;48;0;1
FR;3;2022-06-29;1;0;0;0;0;0;0;0;0;4416874;3441715;4463;2;3613807;2861;48;0;1
FR;3;2022-06-30;0;0;0;0;0;0;0;0;0;4416874;3441715;4463;2;3613807;2861;48;0;1
FR;3;2022-07-01;0;0;0;0;0;0;0;0;0;4416874;3441715;4463;2;3613807;2861;48;0;1
FR;3;2022-07-02;0;0;0;0;0;0;0;0;0;4416874;3441715;4463;2;3613807;2861;48;0;1
FR;3;2022-07-03;0;0;0;0;0;0;0;0;0;4416874;3441715;4463;2;3613807;2861;48;0;1
FR;3;2022-07-04;0;0;0;0;0;0;0;0;0;4416874;3441715;4463;2;3613807;2861;48;0;1
FR;3;2022-07-05;0;0;0;0;0;0;0;0;0;4416874;3441715;4463;2;3613807;2861;48;0;1
FR;3;2022-07-06;0;0;0;0;0;0;0;0;0;4416874;3441715;4463;2;3613807;2861;48;0;1
FR;3;2022-07-07;0;0;0;0;0;0;0;0;0;4416874;3441715;4463;2;3613807;2861;48;0;1
FR;3;2022-07-08;0;0;0;0;0;0;0;0;0;4416874;3441715;4463;2;3613807;2861;48;0;1
FR;3;2022-07-09;0;0;0;0;0;0;0;0;0;4416874;3441715;4463;2;3613807;2861;48;0;1
FR;3;2022-07-10;0;0;0;0;0;0;0;0;0;4416874;3441715;4463;2;3613807;2861;48;0;1
FR;3;2022-07-11;0;0;0;0;0;0;0;0;0;4416874;3441715;4463;2;3613807;2861;48;0;1
FR;3;2022-07-12;0;0;0;0;0;0;0;0;0;4416874;3441715;4463;2;3613807;2861;48;0;1
FR;3;2022-07-13;0;0;0;0;0;0;0;0;0;4416874;3441715;4463;2;3613807;2861;48;0;1
FR;3;2022-07-14;0;0;0;0;0;0;0;0;0;4416874;3441715;4463;2;3613807;2861;48;0;1
FR;3;2022-07-15;0;0;0;0;0;0;0;0;0;4416874;3441715;4463;2;3613807;2861;48;0;1
FR;3;2022-07-16;0;0;0;0;0;0;0;0;0;4416874;3441715;4463;2;3613807;2861;48;0;1
FR;3;2022-07-17;0;0;0;0;0;0;0;0;0;4416874;3441715;4463;2;3613807;2861;48;0;1
FR;3;2022-07-18;0;0;0;0;0;0;0;0;0;4416874;3441715;4463;2;3613807;2861;48;0;1
FR;3;2022-07-19;0;0;0;0;0;0;0;0;0;4416874;3441715;4463;2;3613807;2861;48;0;1
FR;3;2022-07-20;0;0;0;0;0;0;0;0;0;4416874;3441715;4463;2;3613807;2861;48;0;1
FR;3;2022-07-21;0;0;0;0;0;0;0;0;0;4416874;3441715;4463;2;3613807;2861;48;0;1
FR;3;2022-07-22;0;0;0;0;0;0;0;0;0;4416874;3441715;4463;2;3613807;2861;48;0;1
FR;3;2022-07-23;0;0;0;0;0;0;0;0;0;4416874;3441715;4463;2;3613807;2861;48;0;1
FR;3;2022-07-24;0;0;0;0;0;0;0;0;0;4416874;3441715;4463;2;3613807;2861;48;0;1
FR;3;2022-07-25;0;0;0;0;0;0;0;0;0;4416874;3441715;4463;2;3613807;2861;48;0;1
FR;3;2022-07-26;0;0;0;0;0;0;0;0;0;4416874;3441715;4463;2;3613807;2861;48;0;1
FR;3;2022-07-27;0;0;0;0;0;0;0;0;0;4416874;3441715;4463;2;3613807;2861;48;0;1
FR;3;2022-07-28;0;0;0;0;0;0;0;0;0;4416874;3441715;4463;2;3613807;2861;48;0;1
FR;3;2022-07-29;0;0;0;0;0;0;0;0;0;4416874;3441715;4463;2;3613807;2861;48;0;1
FR;3;2022-07-30;0;0;0;0;0;0;0;0;0;4416874;3441715;4463;2;3613807;2861;48;0;1
FR;3;2022-07-31;0;0;0;0;0;0;0;0;0;4416874;3441715;4463;2;3613807;2861;48;0;1
FR;3;2022-08-01;0;0;0;0;0;0;0;0;0;4416874;3441715;4463;2;3613807;2861;48;0;1
FR;3;2022-08-02;0;0;0;0;0;0;0;0;0;4416874;3441715;4463;2;3613807;2861;48;0;1
FR;3;2022-08-03;0;0;0;0;0;0;0;0;0;4416874;3441715;4463;2;3613807;2861;48;0;1
FR;3;2022-08-04;0;0;0;0;0;0;0;0;0;4416874;3441715;4463;2;3613807;2861;48;0;1
FR;3;2022-08-05;0;0;0;0;0;0;0;0;0;4416874;3441715;4463;2;3613807;2861;48;0;1
FR;3;2022-08-06;0;0;0;0;0;0;0;0;0;4416874;3441715;4463;2;3613807;2861;48;0;1
FR;3;2022-08-07;0;0;0;0;0;0;0;0;0;4416874;3441715;4463;2;3613807;2861;48;0;1
FR;3;2022-08-08;0;0;0;0;0;0;0;0;0;4416874;3441715;4463;2;3613807;2861;48;0;1
FR;3;2022-08-09;0;0;0;0;0;0;0;0;0;4416874;3441715;4463;2;3613807;2861;48;0;1
FR;3;2022-08-10;0;0;0;0;0;0;0;0;0;4416874;3441715;4463;2;3613807;2861;48;0;1
FR;3;2022-08-11;0;0;0;0;0;0;0;0;0;4416874;3441715;4463;2;3613807;2861;48;0;1
FR;3;2022-08-12;0;0;0;0;0;0;0;0;0;4416874;3441715;4463;2;3613807;2861;48;0;1
FR;3;2022-08-13;0;0;0;0;0;0;0;0;0;4416874;3441715;4463;2;3613807;2861;48;0;1
FR;3;2022-08-14;0;0;0;0;0;0;0;0;0;4416874;3441715;4463;2;3613807;2861;48;0;1
FR;3;2022-08-15;0;0;0;0;0;0;0;0;0;4416874;3441715;4463;2;3613807;2861;48;0;1
FR;3;2022-08-16;0;0;0;0;0;0;0;0;0;4416874;3441715;4463;2;3613807;2861;48;0;1
FR;3;2022-08-17;0;0;0;0;0;0;0;0;0;4416874;3441715;4463;2;3613807;2861;48;0;1
FR;3;2022-08-18;0;0;0;0;0;0;0;0;0;4416874;3441715;4463;2;3613807;2861;48;0;1
FR;3;2022-08-19;0;0;0;0;0;0;0;0;0;4416874;3441715;4463;2;3613807;2861;48;0;1
FR;3;2022-08-20;0;0;0;0;0;0;0;0;0;4416874;3441715;4463;2;3613807;2861;48;0;1
FR;3;2022-08-21;0;0;0;0;0;0;0;0;0;4416874;3441715;4463;2;3613807;2861;48;0;1
FR;3;2022-08-22;0;0;0;0;0;0;0;0;0;4416874;3441715;4463;2;3613807;2861;48;0;1
FR;3;2022-08-23;0;0;0;0;0;0;0;0;0;4416874;3441715;4463;2;3613807;2861;48;0;1
FR;3;2022-08-24;0;0;0;0;0;0;0;0;0;4416874;3441715;4463;2;3613807;2861;48;0;1
FR;3;2022-08-25;0;0;0;0;0;0;0;0;0;4416874;3441715;4463;2;3613807;2861;48;0;1
FR;3;2022-08-26;0;0;0;0;0;0;0;0;0;4416874;3441715;4463;2;3613807;2861;48;0;1
FR;3;2022-08-27;0;0;0;0;0;0;0;0;0;4416874;3441715;4463;2;3613807;2861;48;0;1
FR;3;2022-08-28;0;0;0;0;0;0;0;0;0;4416874;3441715;4463;2;3613807;2861;48;0;1
FR;3;2022-08-29;0;0;0;0;0;0;0;0;0;4416874;3441715;4463;2;3613807;2861;48;0;1
FR;3;2022-08-30;0;0;0;0;0;0;0;0;0;4416874;3441715;4463;2;3613807;2861;48;0;1
FR;3;2022-08-31;0;0;0;0;0;0;0;0;0;4416874;3441715;4463;2;3613807;2861;48;0;1
FR;3;2022-09-01;0;0;0;0;0;0;0;0;0;4416874;3441715;4463;2;3613807;2861;48;0;1
FR;3;2022-09-02;0;0;0;0;0;0;0;0;0;4416874;3441715;4463;2;3613807;2861;48;0;1
FR;3;2022-09-03;0;0;0;0;0;0;0;0;0;4416874;3441715;4463;2;3613807;2861;48;0;1
FR;3;2022-09-04;0;0;0;0;0;0;0;0;0;4416874;3441715;4463;2;3613807;2861;48;0;1
FR;3;2022-09-05;0;0;0;0;0;0;0;0;0;4416874;3441715;4463;2;3613807;2861;48;0;1
FR;3;2022-09-06;0;0;0;0;0;0;0;0;0;4416874;3441715;4463;2;3613807;2861;48;0;1
FR;3;2022-09-07;0;0;0;0;0;0;0;0;0;4416874;3441715;4463;2;3613807;2861;48;0;1
FR;3;2022-09-08;0;0;0;0;0;0;0;0;0;4416874;3441715;4463;2;3613807;2861;48;0;1
FR;3;2022-09-09;0;0;0;0;0;0;0;0;0;4416874;3441715;4463;2;3613807;2861;48;0;1
FR;3;2022-09-10;0;0;0;0;0;0;0;0;0;4416874;3441715;4463;2;3613807;2861;48;0;1
FR;3;2022-09-11;0;0;0;0;0;0;0;0;0;4416874;3441715;4463;2;3613807;2861;48;0;1
FR;3;2022-09-12;0;0;0;0;0;0;0;0;0;4416874;3441715;4463;2;3613807;2861;48;0;1
FR;3;2022-09-13;0;0;0;0;0;0;0;0;0;4416874;3441715;4463;2;3613807;2861;48;0;1
FR;3;2022-09-14;0;0;0;0;0;0;0;0;0;4416874;3441715;4463;2;3613807;2861;48;0;1
FR;3;2022-09-15;0;0;0;0;0;0;0;0;0;4416874;3441715;4463;2;3613807;2861;48;0;1
FR;3;2022-09-16;0;0;0;0;0;0;0;0;0;4416874;3441715;4463;2;3613807;2861;48;0;1
FR;3;2022-09-17;0;0;0;0;0;0;0;0;0;4416874;3441715;4463;2;3613807;2861;48;0;1
FR;3;2022-09-18;0;0;0;0;0;0;0;0;0;4416874;3441715;4463;2;3613807;2861;48;0;1
FR;3;2022-09-19;0;0;0;0;0;0;0;0;0;4416874;3441715;4463;2;3613807;2861;48;0;1
FR;3;2022-09-20;0;0;0;0;0;0;0;0;0;4416874;3441715;4463;2;3613807;2861;48;0;1
FR;3;2022-09-21;0;0;0;0;0;0;0;0;0;4416874;3441715;4463;2;3613807;2861;48;0;1
FR;3;2022-09-22;0;0;0;0;0;0;0;0;0;4416874;3441715;4463;2;3613807;2861;48;0;1
FR;3;2022-09-23;0;0;0;0;0;0;0;0;0;4416874;3441715;4463;2;3613807;2861;48;0;1
FR;3;2022-09-24;0;0;0;0;0;0;0;0;0;4416874;3441715;4463;2;3613807;2861;48;0;1
FR;3;2022-09-25;0;0;0;0;0;0;0;0;0;4416874;3441715;4463;2;3613807;2861;48;0;1
FR;3;2022-09-26;0;0;0;0;0;0;0;0;0;4416874;3441715;4463;2;3613807;2861;48;0;1
FR;3;2022-09-27;0;0;0;0;0;0;0;0;0;4416874;3441715;4463;2;3613807;2861;48;0;1
FR;3;2022-09-28;0;0;0;0;0;0;0;0;0;4416874;3441715;4463;2;3613807;2861;48;0;1
FR;3;2022-09-29;0;0;0;0;0;0;0;0;0;4416874;3441715;4463;2;3613807;2861;48;0;1
FR;3;2022-09-30;0;0;0;0;0;0;0;0;0;4416874;3441715;4463;2;3613807;2861;48;0;1
FR;3;2022-10-01;0;0;0;0;0;0;0;0;0;4416874;3441715;4463;2;3613807;2861;48;0;1
FR;3;2022-10-02;0;0;0;0;0;0;0;0;0;4416874;3441715;4463;2;3613807;2861;48;0;1
FR;3;2022-10-03;0;0;0;0;0;0;0;0;0;4416874;3441715;4463;2;3613807;2861;48;0;1
FR;3;2022-10-04;0;0;0;0;0;0;0;0;0;4416874;3441715;4463;2;3613807;2861;48;0;1
FR;3;2022-10-05;0;0;0;0;0;0;0;0;0;4416874;3441715;4463;2;3613807;2861;48;0;1
FR;3;2022-10-06;0;0;0;0;0;0;0;0;0;4416874;3441715;4463;2;3613807;2861;48;0;1
FR;3;2022-10-07;0;0;0;0;0;0;0;0;0;4416874;3441715;4463;2;3613807;2861;48;0;1
FR;3;2022-10-08;0;0;0;0;0;0;0;0;0;4416874;3441715;4463;2;3613807;2861;48;0;1
FR;3;2022-10-09;0;0;0;0;0;0;0;0;0;4416874;3441715;4463;2;3613807;2861;48;0;1
FR;3;2022-10-10;0;0;0;0;0;0;0;0;0;4416874;3441715;4463;2;3613807;2861;48;0;1
FR;3;2022-10-11;0;0;0;0;0;0;0;0;0;4416874;3441715;4463;2;3613807;2861;48;0;1
FR;3;2022-10-12;0;0;0;0;0;0;0;0;0;4416874;3441715;4463;2;3613807;2861;48;0;1
FR;3;2022-10-13;0;0;0;0;0;0;0;0;0;4416874;3441715;4463;2;3613807;2861;48;0;1
FR;3;2022-10-14;0;0;0;0;0;0;0;0;0;4416874;3441715;4463;2;3613807;2861;48;0;1
FR;3;2022-10-15;0;0;0;0;0;0;0;0;0;4416874;3441715;4463;2;3613807;2861;48;0;1
FR;3;2022-10-16;0;0;0;0;0;0;0;0;0;4416874;3441715;4463;2;3613807;2861;48;0;1
FR;3;2022-10-17;0;0;0;0;0;0;0;0;0;4416874;3441715;4463;2;3613807;2861;48;0;1
FR;3;2022-10-18;0;0;0;0;0;0;0;0;0;4416874;3441715;4463;2;3613807;2861;48;0;1
FR;3;2022-10-19;0;0;0;0;0;0;0;0;0;4416874;3441715;4463;2;3613807;2861;48;0;1
FR;3;2022-10-20;0;0;0;0;0;0;0;0;0;4416874;3441715;4463;2;3613807;2861;48;0;1
FR;3;2022-10-21;0;0;0;0;0;0;0;0;0;4416874;3441715;4463;2;3613807;2861;48;0;1
FR;3;2022-10-22;0;0;0;0;0;0;0;0;0;4416874;3441715;4463;2;3613807;2861;48;0;1
FR;3;2022-10-23;0;0;0;0;0;0;0;0;0;4416874;3441715;4463;2;3613807;2861;48;0;1
FR;3;2022-10-24;0;0;0;0;0;0;0;0;0;4416874;3441715;4463;2;3613807;2861;48;0;1
FR;3;2022-10-25;0;0;0;0;0;0;0;0;0;4416874;3441715;4463;2;3613807;2861;48;0;1
FR;3;2022-10-26;0;0;0;0;0;0;0;0;0;4416874;3441715;4463;2;3613807;2861;48;0;1
FR;3;2022-10-27;0;0;0;0;0;0;0;0;0;4416874;3441715;4463;2;3613807;2861;48;0;1
FR;3;2022-10-28;0;0;0;0;0;0;0;0;0;4416874;3441715;4463;2;3613807;2861;48;0;1
FR;3;2022-10-29;0;0;0;0;0;0;0;0;0;4416874;3441715;4463;2;3613807;2861;48;0;1
FR;3;2022-10-30;0;0;0;0;0;0;0;0;0;4416874;3441715;4463;2;3613807;2861;48;0;1
FR;3;2022-10-31;0;0;0;0;0;0;0;0;0;4416874;3441715;4463;2;3613807;2861;48;0;1
FR;3;2022-11-01;0;0;0;0;0;0;0;0;0;4416874;3441715;4463;2;3613807;2861;48;0;1
FR;3;2022-11-02;0;0;0;0;0;0;0;0;0;4416874;3441715;4463;2;3613807;2861;48;0;1
FR;3;2022-11-03;0;0;0;0;0;0;0;0;0;4416874;3441715;4463;2;3613807;2861;48;0;1
FR;3;2022-11-04;0;0;0;0;0;0;0;0;0;4416874;3441715;4463;2;3613807;2861;48;0;1
FR;3;2022-11-05;0;0;0;0;0;0;0;0;0;4416874;3441715;4463;2;3613807;2861;48;0;1
FR;3;2022-11-06;0;0;0;0;0;0;0;0;0;4416874;3441715;4463;2;3613807;2861;48;0;1
FR;3;2022-11-07;0;0;0;0;0;0;0;0;0;4416874;3441715;4463;2;3613807;2861;48;0;1
FR;3;2022-11-08;1;0;0;0;0;0;0;0;0;4416875;3441715;4463;2;3613807;2861;48;0;1
FR;3;2022-11-09;0;0;0;0;0;0;0;0;0;4416875;3441715;4463;2;3613807;2861;48;0;1
FR;3;2022-11-10;0;0;0;0;0;0;0;0;0;4416875;3441715;4463;2;3613807;2861;48;0;1
FR;3;2022-11-11;0;0;0;0;0;0;0;0;0;4416875;3441715;4463;2;3613807;2861;48;0;1
FR;3;2022-11-12;0;0;0;0;0;0;0;0;0;4416875;3441715;4463;2;3613807;2861;48;0;1
FR;3;2022-11-13;0;0;0;0;0;0;0;0;0;4416875;3441715;4463;2;3613807;2861;48;0;1
FR;3;2022-11-14;0;0;0;0;0;0;0;0;0;4416875;3441715;4463;2;3613807;2861;48;0;1
FR;3;2022-11-15;0;0;0;0;0;0;0;0;0;4416875;3441715;4463;2;3613807;2861;48;0;1
FR;3;2022-11-16;0;0;0;0;0;0;0;0;0;4416875;3441715;4463;2;3613807;2861;48;0;1
FR;3;2022-11-17;0;0;0;0;0;0;0;0;0;4416875;3441715;4463;2;3613807;2861;48;0;1
FR;3;2022-11-18;0;0;0;0;0;0;0;0;0;4416875;3441715;4463;2;3613807;2861;48;0;1
FR;3;2022-11-19;0;0;0;0;0;0;0;0;0;4416875;3441715;4463;2;3613807;2861;48;0;1
FR;3;2022-11-20;0;0;0;0;0;0;0;0;0;4416875;3441715;4463;2;3613807;2861;48;0;1
FR;3;2022-11-21;0;0;0;0;0;0;0;0;0;4416875;3441715;4463;2;3613807;2861;48;0;1
FR;3;2022-11-22;0;0;0;0;0;0;0;0;0;4416875;3441715;4463;2;3613807;2861;48;0;1
FR;3;2022-11-23;0;0;0;0;0;0;0;0;0;4416875;3441715;4463;2;3613807;2861;48;0;1
FR;3;2022-11-24;0;0;0;0;0;0;0;0;0;4416875;3441715;4463;2;3613807;2861;48;0;1
FR;3;2022-11-25;0;0;0;0;0;0;0;0;0;4416875;3441715;4463;2;3613807;2861;48;0;1
FR;3;2022-11-26;0;0;0;0;0;0;0;0;0;4416875;3441715;4463;2;3613807;2861;48;0;1
FR;3;2022-11-27;0;0;0;0;0;0;0;0;0;4416875;3441715;4463;2;3613807;2861;48;0;1
FR;3;2022-11-28;0;0;0;0;0;0;0;0;0;4416875;3441715;4463;2;3613807;2861;48;0;1
FR;3;2022-11-29;0;0;0;0;0;0;0;0;0;4416875;3441715;4463;2;3613807;2861;48;0;1
FR;3;2022-11-30;0;0;0;0;0;0;0;0;0;4416875;3441715;4463;2;3613807;2861;48;0;1
FR;3;2022-12-01;0;0;0;0;0;0;0;0;0;4416875;3441715;4463;2;3613807;2861;48;0;1
FR;3;2022-12-02;0;0;0;0;0;0;0;0;0;4416875;3441715;4463;2;3613807;2861;48;0;1
FR;3;2022-12-03;0;0;0;0;0;0;0;0;0;4416875;3441715;4463;2;3613807;2861;48;0;1
FR;3;2022-12-04;0;0;0;0;0;0;0;0;0;4416875;3441715;4463;2;3613807;2861;48;0;1
FR;3;2022-12-05;0;0;0;0;0;0;0;0;0;4416875;3441715;4463;2;3613807;2861;48;0;1
FR;3;2022-12-06;0;0;0;0;0;0;0;0;0;4416875;3441715;4463;2;3613807;2861;48;0;1
FR;3;2022-12-07;0;0;0;0;0;0;0;0;0;4416875;3441715;4463;2;3613807;2861;48;0;1
FR;3;2022-12-08;0;0;0;0;0;0;0;0;0;4416875;3441715;4463;2;3613807;2861;48;0;1
FR;3;2022-12-09;0;0;0;0;0;0;0;0;0;4416875;3441715;4463;2;3613807;2861;48;0;1
FR;3;2022-12-10;0;0;0;0;0;0;0;0;0;4416875;3441715;4463;2;3613807;2861;48;0;1
FR;3;2022-12-11;0;0;0;0;0;0;0;0;0;4416875;3441715;4463;2;3613807;2861;48;0;1
FR;3;2022-12-12;0;0;0;0;0;0;0;0;0;4416875;3441715;4463;2;3613807;2861;48;0;1
FR;3;2022-12-13;0;0;0;0;0;0;0;0;0;4416875;3441715;4463;2;3613807;2861;48;0;1
FR;3;2022-12-14;0;0;0;0;0;0;0;0;0;4416875;3441715;4463;2;3613807;2861;48;0;1
FR;3;2022-12-15;0;0;0;0;0;0;0;0;0;4416875;3441715;4463;2;3613807;2861;48;0;1
FR;3;2022-12-16;0;0;0;0;0;0;0;0;0;4416875;3441715;4463;2;3613807;2861;48;0;1
FR;3;2022-12-17;0;0;0;0;0;0;0;0;0;4416875;3441715;4463;2;3613807;2861;48;0;1
FR;3;2022-12-18;0;0;0;0;0;0;0;0;0;4416875;3441715;4463;2;3613807;2861;48;0;1
FR;3;2022-12-19;0;0;0;0;0;0;0;0;0;4416875;3441715;4463;2;3613807;2861;48;0;1
FR;3;2022-12-20;0;0;0;0;0;0;0;0;0;4416875;3441715;4463;2;3613807;2861;48;0;1
FR;3;2022-12-21;0;0;0;0;0;0;0;0;0;4416875;3441715;4463;2;3613807;2861;48;0;1
FR;3;2022-12-22;0;0;0;0;0;0;0;0;0;4416875;3441715;4463;2;3613807;2861;48;0;1
FR;3;2022-12-23;0;0;0;0;0;0;0;0;0;4416875;3441715;4463;2;3613807;2861;48;0;1
FR;3;2022-12-24;0;0;0;0;0;0;0;0;0;4416875;3441715;4463;2;3613807;2861;48;0;1
FR;3;2022-12-25;0;0;0;0;0;0;0;0;0;4416875;3441715;4463;2;3613807;2861;48;0;1
FR;3;2022-12-26;0;0;0;0;0;0;0;0;0;4416875;3441715;4463;2;3613807;2861;48;0;1
FR;3;2022-12-27;0;0;0;0;0;0;0;0;0;4416875;3441715;4463;2;3613807;2861;48;0;1
FR;3;2022-12-28;0;0;0;0;0;0;0;0;0;4416875;3441715;4463;2;3613807;2861;48;0;1
FR;3;2022-12-29;0;0;0;0;0;0;0;0;0;4416875;3441715;4463;2;3613807;2861;48;0;1
FR;3;2022-12-30;0;0;0;0;0;0;0;0;0;4416875;3441715;4463;2;3613807;2861;48;0;1
FR;3;2022-12-31;0;0;0;0;0;0;0;0;0;4416875;3441715;4463;2;3613807;2861;48;0;1
FR;3;2023-01-01;0;0;0;0;0;0;0;0;0;4416875;3441715;4463;2;3613807;2861;48;0;1
FR;3;2023-01-02;0;0;0;0;0;0;0;0;0;4416875;3441715;4463;2;3613807;2861;48;0;1
FR;3;2023-01-03;0;0;0;0;0;0;0;0;0;4416875;3441715;4463;2;3613807;2861;48;0;1
FR;3;2023-01-04;0;0;0;0;0;0;0;0;0;4416875;3441715;4463;2;3613807;2861;48;0;1
FR;3;2023-01-05;0;0;0;0;0;0;0;0;0;4416875;3441715;4463;2;3613807;2861;48;0;1
FR;3;2023-01-06;0;0;0;0;0;0;0;0;0;4416875;3441715;4463;2;3613807;2861;48;0;1
FR;3;2023-01-07;0;0;0;0;0;0;0;0;0;4416875;3441715;4463;2;3613807;2861;48;0;1
FR;3;2023-01-08;0;0;0;0;0;0;0;0;0;4416875;3441715;4463;2;3613807;2861;48;0;1
FR;3;2023-01-09;0;0;0;0;0;0;0;0;0;4416875;3441715;4463;2;3613807;2861;48;0;1
FR;3;2023-01-10;0;0;0;0;0;0;0;0;0;4416875;3441715;4463;2;3613807;2861;48;0;1
FR;3;2023-01-11;0;0;0;0;0;0;0;0;0;4416875;3441715;4463;2;3613807;2861;48;0;1
FR;3;2023-01-12;0;0;0;0;0;0;0;0;0;4416875;3441715;4463;2;3613807;2861;48;0;1
FR;3;2023-01-13;0;0;0;0;0;0;0;0;0;4416875;3441715;4463;2;3613807;2861;48;0;1
FR;3;2023-01-14;0;0;0;0;0;0;0;0;0;4416875;3441715;4463;2;3613807;2861;48;0;1
FR;3;2023-01-15;0;0;0;0;0;0;0;0;0;4416875;3441715;4463;2;3613807;2861;48;0;1
FR;3;2023-01-16;0;0;0;0;0;0;0;0;0;4416875;3441715;4463;2;3613807;2861;48;0;1
FR;3;2023-01-17;0;0;0;0;0;0;0;0;0;4416875;3441715;4463;2;3613807;2861;48;0;1
FR;3;2023-01-18;0;0;0;0;0;0;0;0;0;4416875;3441715;4463;2;3613807;2861;48;0;1
FR;3;2023-01-19;0;0;0;0;0;0;0;0;0;4416875;3441715;4463;2;3613807;2861;48;0;1
FR;3;2023-01-20;0;0;0;0;0;0;0;0;0;4416875;3441715;4463;2;3613807;2861;48;0;1
FR;3;2023-01-21;0;0;0;0;0;0;0;0;0;4416875;3441715;4463;2;3613807;2861;48;0;1
FR;3;2023-01-22;0;0;0;0;0;0;0;0;0;4416875;3441715;4463;2;3613807;2861;48;0;1
FR;3;2023-01-23;0;0;0;0;0;0;0;0;0;4416875;3441715;4463;2;3613807;2861;48;0;1
FR;3;2023-01-24;0;0;0;0;0;0;0;0;0;4416875;3441715;4463;2;3613807;2861;48;0;1
FR;3;2023-01-25;1;0;0;0;0;0;0;0;0;4416876;3441715;4463;2;3613807;2861;48;0;1
FR;3;2023-01-26;0;0;0;0;0;0;0;0;0;4416876;3441715;4463;2;3613807;2861;48;0;1
FR;3;2023-01-27;0;0;0;0;0;0;0;0;0;4416876;3441715;4463;2;3613807;2861;48;0;1
FR;3;2023-01-28;0;0;0;0;0;0;0;0;0;4416876;3441715;4463;2;3613807;2861;48;0;1
FR;3;2023-01-29;0;0;0;0;0;0;0;0;0;4416876;3441715;4463;2;3613807;2861;48;0;1
FR;3;2023-01-30;0;0;0;0;0;0;0;0;0;4416876;3441715;4463;2;3613807;2861;48;0;1
FR;3;2023-01-31;0;0;0;0;0;0;0;0;0;4416876;3441715;4463;2;3613807;2861;48;0;1
FR;3;2023-02-01;0;0;0;0;0;0;0;0;0;4416876;3441715;4463;2;3613807;2861;48;0;1
FR;3;2023-02-02;0;0;0;0;0;0;0;0;0;4416876;3441715;4463;2;3613807;2861;48;0;1
FR;3;2023-02-03;0;0;0;0;0;0;0;0;0;4416876;3441715;4463;2;3613807;2861;48;0;1
FR;3;2023-02-04;0;0;0;0;0;0;0;0;0;4416876;3441715;4463;2;3613807;2861;48;0;1
FR;3;2023-02-05;0;0;0;0;0;0;0;0;0;4416876;3441715;4463;2;3613807;2861;48;0;1
FR;3;2023-02-06;0;0;0;0;0;0;0;0;0;4416876;3441715;4463;2;3613807;2861;48;0;1
FR;3;2023-02-07;0;0;0;0;0;0;0;0;0;4416876;3441715;4463;2;3613807;2861;48;0;1
FR;3;2023-02-08;0;0;0;0;0;0;0;0;0;4416876;3441715;4463;2;3613807;2861;48;0;1
FR;3;2023-02-09;0;0;0;0;0;0;0;0;0;4416876;3441715;4463;2;3613807;2861;48;0;1
FR;3;2023-02-10;0;0;0;0;0;0;0;0;0;4416876;3441715;4463;2;3613807;2861;48;0;1
FR;3;2023-02-11;0;0;0;0;0;0;0;0;0;4416876;3441715;4463;2;3613807;2861;48;0;1
FR;3;2023-02-12;0;0;0;0;0;0;0;0;0;4416876;3441715;4463;2;3613807;2861;48;0;1
FR;3;2023-02-13;0;0;0;0;0;0;0;0;0;4416876;3441715;4463;2;3613807;2861;48;0;1
FR;3;2023-02-14;0;0;0;0;0;0;0;0;0;4416876;3441715;4463;2;3613807;2861;48;0;1
FR;3;2023-02-15;0;0;0;0;0;0;0;0;0;4416876;3441715;4463;2;3613807;2861;48;0;1
FR;3;2023-02-16;0;0;0;0;0;0;0;0;0;4416876;3441715;4463;2;3613807;2861;48;0;1
FR;3;2023-02-17;0;0;0;0;0;0;0;0;0;4416876;3441715;4463;2;3613807;2861;48;0;1
FR;3;2023-02-18;0;0;0;0;0;0;0;0;0;4416876;3441715;4463;2;3613807;2861;48;0;1
FR;3;2023-02-19;0;0;0;0;0;0;0;0;0;4416876;3441715;4463;2;3613807;2861;48;0;1
FR;3;2023-02-20;0;0;0;0;0;0;0;0;0;4416876;3441715;4463;2;3613807;2861;48;0;1
FR;3;2023-02-21;0;0;0;0;0;0;0;0;0;4416876;3441715;4463;2;3613807;2861;48;0;1
FR;3;2023-02-22;0;0;0;0;0;0;0;0;0;4416876;3441715;4463;2;3613807;2861;48;0;1
FR;3;2023-02-23;0;0;0;0;0;0;0;0;0;4416876;3441715;4463;2;3613807;2861;48;0;1
FR;3;2023-02-24;0;0;0;0;0;0;0;0;0;4416876;3441715;4463;2;3613807;2861;48;0;1
FR;3;2023-02-25;0;0;0;0;0;0;0;0;0;4416876;3441715;4463;2;3613807;2861;48;0;1
FR;3;2023-02-26;0;0;0;0;0;0;0;0;0;4416876;3441715;4463;2;3613807;2861;48;0;1
FR;3;2023-02-27;0;0;0;0;0;0;0;0;0;4416876;3441715;4463;2;3613807;2861;48;0;1
FR;3;2023-02-28;0;0;0;0;0;0;0;0;0;4416876;3441715;4463;2;3613807;2861;48;0;1
FR;3;2023-03-01;0;0;0;0;0;0;0;0;0;4416876;3441715;4463;2;3613807;2861;48;0;1
FR;3;2023-03-02;0;0;0;0;0;0;0;0;0;4416876;3441715;4463;2;3613807;2861;48;0;1
FR;3;2023-03-03;0;0;0;0;0;0;0;0;0;4416876;3441715;4463;2;3613807;2861;48;0;1
FR;3;2023-03-04;0;0;0;0;0;0;0;0;0;4416876;3441715;4463;2;3613807;2861;48;0;1
FR;3;2023-03-05;0;0;0;0;0;0;0;0;0;4416876;3441715;4463;2;3613807;2861;48;0;1
FR;3;2023-03-06;0;0;0;0;0;0;0;0;0;4416876;3441715;4463;2;3613807;2861;48;0;1
FR;3;2023-03-07;0;0;0;0;0;0;0;0;0;4416876;3441715;4463;2;3613807;2861;48;0;1
FR;3;2023-03-08;0;0;0;0;0;0;0;0;0;4416876;3441715;4463;2;3613807;2861;48;0;1
FR;3;2023-03-09;0;0;0;0;0;0;0;0;0;4416876;3441715;4463;2;3613807;2861;48;0;1
FR;3;2023-03-10;0;0;0;0;0;0;0;0;0;4416876;3441715;4463;2;3613807;2861;48;0;1
FR;3;2023-03-11;0;0;0;0;0;0;0;0;0;4416876;3441715;4463;2;3613807;2861;48;0;1
FR;3;2023-03-12;0;0;0;0;0;0;0;0;0;4416876;3441715;4463;2;3613807;2861;48;0;1
FR;3;2023-03-13;0;0;0;0;0;0;0;0;0;4416876;3441715;4463;2;3613807;2861;48;0;1
FR;3;2023-03-14;0;0;0;0;0;0;0;0;0;4416876;3441715;4463;2;3613807;2861;48;0;1
FR;3;2023-03-15;0;0;0;0;0;0;0;0;0;4416876;3441715;4463;2;3613807;2861;48;0;1
FR;3;2023-03-16;0;0;0;0;0;0;0;0;0;4416876;3441715;4463;2;3613807;2861;48;0;1
FR;3;2023-03-17;0;0;0;0;0;0;0;0;0;4416876;3441715;4463;2;3613807;2861;48;0;1
FR;3;2023-03-18;0;0;0;0;0;0;0;0;0;4416876;3441715;4463;2;3613807;2861;48;0;1
FR;3;2023-03-19;0;0;0;0;0;0;0;0;0;4416876;3441715;4463;2;3613807;2861;48;0;1
FR;3;2023-03-20;0;0;0;0;0;0;0;0;0;4416876;3441715;4463;2;3613807;2861;48;0;1
FR;3;2023-03-21;0;0;0;0;0;0;0;0;0;4416876;3441715;4463;2;3613807;2861;48;0;1
FR;3;2023-03-22;0;0;0;0;0;0;0;0;0;4416876;3441715;4463;2;3613807;2861;48;0;1
FR;3;2023-03-23;0;0;0;0;0;0;0;0;0;4416876;3441715;4463;2;3613807;2861;48;0;1
FR;3;2023-03-24;0;0;0;0;0;0;0;0;0;4416876;3441715;4463;2;3613807;2861;48;0;1
FR;3;2023-03-25;0;0;0;0;0;0;0;0;0;4416876;3441715;4463;2;3613807;2861;48;0;1
FR;3;2023-03-26;0;0;0;0;0;0;0;0;0;4416876;3441715;4463;2;3613807;2861;48;0;1
FR;3;2023-03-27;0;0;0;0;0;0;0;0;0;4416876;3441715;4463;2;3613807;2861;48;0;1
FR;3;2023-03-28;0;0;0;0;0;0;0;0;0;4416876;3441715;4463;2;3613807;2861;48;0;1
FR;3;2023-03-29;0;0;0;0;0;0;0;0;0;4416876;3441715;4463;2;3613807;2861;48;0;1
FR;3;2023-03-30;0;0;0;0;0;0;0;0;0;4416876;3441715;4463;2;3613807;2861;48;0;1
FR;3;2023-03-31;0;0;0;0;0;0;0;0;0;4416876;3441715;4463;2;3613807;2861;48;0;1
FR;3;2023-04-01;0;0;0;0;0;0;0;0;0;4416876;3441715;4463;2;3613807;2861;48;0;1
FR;3;2023-04-02;0;0;0;0;0;0;0;0;0;4416876;3441715;4463;2;3613807;2861;48;0;1
FR;3;2023-04-03;0;0;0;0;0;0;0;0;0;4416876;3441715;4463;2;3613807;2861;48;0;1
FR;3;2023-04-04;0;0;0;0;0;0;0;0;0;4416876;3441715;4463;2;3613807;2861;48;0;1
FR;3;2023-04-05;0;0;0;0;0;0;0;0;0;4416876;3441715;4463;2;3613807;2861;48;0;1
FR;3;2023-04-06;0;0;0;0;0;0;0;0;0;4416876;3441715;4463;2;3613807;2861;48;0;1
FR;3;2023-04-07;0;0;0;0;0;0;0;0;0;4416876;3441715;4463;2;3613807;2861;48;0;1
FR;3;2023-04-08;0;0;0;0;0;0;0;0;0;4416876;3441715;4463;2;3613807;2861;48;0;1
FR;3;2023-04-09;0;0;0;0;0;0;0;0;0;4416876;3441715;4463;2;3613807;2861;48;0;1
FR;3;2023-04-10;0;0;0;0;0;0;0;0;0;4416876;3441715;4463;2;3613807;2861;48;0;1
FR;3;2023-04-11;0;0;0;0;0;0;0;0;0;4416876;3441715;4463;2;3613807;2861;48;0;1
FR;3;2023-04-12;0;0;0;0;0;0;0;0;0;4416876;3441715;4463;2;3613807;2861;48;0;1
FR;3;2023-04-13;0;0;0;0;0;0;0;0;0;4416876;3441715;4463;2;3613807;2861;48;0;1
FR;3;2023-04-14;0;0;0;0;0;0;0;0;0;4416876;3441715;4463;2;3613807;2861;48;0;1
FR;3;2023-04-15;0;0;0;0;0;0;0;0;0;4416876;3441715;4463;2;3613807;2861;48;0;1
FR;3;2023-04-16;0;0;0;0;0;0;0;0;0;4416876;3441715;4463;2;3613807;2861;48;0;1
FR;3;2023-04-17;0;0;0;0;0;0;0;0;0;4416876;3441715;4463;2;3613807;2861;48;0;1
FR;3;2023-04-18;0;0;0;0;0;0;0;0;0;4416876;3441715;4463;2;3613807;2861;48;0;1
FR;3;2023-04-19;0;0;0;0;0;0;0;0;0;4416876;3441715;4463;2;3613807;2861;48;0;1
FR;3;2023-04-20;0;0;0;0;0;0;0;0;0;4416876;3441715;4463;2;3613807;2861;48;0;1
FR;3;2023-04-21;0;0;0;0;0;0;0;0;0;4416876;3441715;4463;2;3613807;2861;48;0;1
FR;3;2023-04-22;0;0;0;0;0;0;0;0;0;4416876;3441715;4463;2;3613807;2861;48;0;1
FR;3;2023-04-23;0;0;0;0;0;0;0;0;0;4416876;3441715;4463;2;3613807;2861;48;0;1
FR;3;2023-04-24;0;0;0;0;0;0;0;0;0;4416876;3441715;4463;2;3613807;2861;48;0;1
FR;3;2023-04-25;0;0;0;0;0;0;0;0;0;4416876;3441715;4463;2;3613807;2861;48;0;1
FR;3;2023-04-26;0;0;0;0;0;0;0;0;0;4416876;3441715;4463;2;3613807;2861;48;0;1
FR;3;2023-04-27;0;0;0;0;0;0;0;0;0;4416876;3441715;4463;2;3613807;2861;48;0;1
FR;3;2023-04-28;0;0;0;0;0;0;0;0;0;4416876;3441715;4463;2;3613807;2861;48;0;1
FR;3;2023-04-29;0;0;0;0;0;0;0;0;0;4416876;3441715;4463;2;3613807;2861;48;0;1
FR;3;2023-04-30;0;0;0;0;0;0;0;0;0;4416876;3441715;4463;2;3613807;2861;48;0;1
FR;3;2023-05-01;0;0;0;0;0;0;0;0;0;4416876;3441715;4463;2;3613807;2861;48;0;1
FR;3;2023-05-02;0;0;0;0;0;0;0;0;0;4416876;3441715;4463;2;3613807;2861;48;0;1
FR;3;2023-05-03;0;0;0;0;0;0;0;0;0;4416876;3441715;4463;2;3613807;2861;48;0;1
FR;3;2023-05-04;0;0;0;0;0;0;0;0;0;4416876;3441715;4463;2;3613807;2861;48;0;1
FR;3;2023-05-05;0;0;0;0;0;0;0;0;0;4416876;3441715;4463;2;3613807;2861;48;0;1
FR;3;2023-05-06;0;0;0;0;0;0;0;0;0;4416876;3441715;4463;2;3613807;2861;48;0;1
FR;3;2023-05-07;0;0;0;0;0;0;0;0;0;4416876;3441715;4463;2;3613807;2861;48;0;1
FR;3;2023-05-08;0;0;0;0;0;0;0;0;0;4416876;3441715;4463;2;3613807;2861;48;0;1
FR;3;2023-05-09;0;0;0;0;0;0;0;0;0;4416876;3441715;4463;2;3613807;2861;48;0;1
FR;3;2023-05-10;0;0;0;0;0;0;0;0;0;4416876;3441715;4463;2;3613807;2861;48;0;1
FR;3;2023-05-11;0;0;0;0;0;0;0;0;0;4416876;3441715;4463;2;3613807;2861;48;0;1
FR;3;2023-05-12;0;0;0;0;0;0;0;0;0;4416876;3441715;4463;2;3613807;2861;48;0;1
FR;3;2023-05-13;0;0;0;0;0;0;0;0;0;4416876;3441715;4463;2;3613807;2861;48;0;1
FR;3;2023-05-14;0;0;0;0;0;0;0;0;0;4416876;3441715;4463;2;3613807;2861;48;0;1
FR;3;2023-05-15;0;0;0;0;0;0;0;0;0;4416876;3441715;4463;2;3613807;2861;48;0;1
FR;3;2023-05-16;0;0;0;0;0;0;0;0;0;4416876;3441715;4463;2;3613807;2861;48;0;1
FR;3;2023-05-17;0;0;0;0;0;0;0;0;0;4416876;3441715;4463;2;3613807;2861;48;0;1
FR;3;2023-05-18;0;0;0;0;0;0;0;0;0;4416876;3441715;4463;2;3613807;2861;48;0;1
FR;3;2023-05-19;0;0;0;0;0;0;0;0;0;4416876;3441715;4463;2;3613807;2861;48;0;1
FR;3;2023-05-20;0;0;0;0;0;0;0;0;0;4416876;3441715;4463;2;3613807;2861;48;0;1
FR;3;2023-05-21;0;0;0;0;0;0;0;0;0;4416876;3441715;4463;2;3613807;2861;48;0;1
FR;3;2023-05-22;0;0;0;0;0;0;0;0;0;4416876;3441715;4463;2;3613807;2861;48;0;1
FR;3;2023-05-23;0;0;0;0;0;0;0;0;0;4416876;3441715;4463;2;3613807;2861;48;0;1
FR;3;2023-05-24;0;0;0;0;0;0;0;0;0;4416876;3441715;4463;2;3613807;2861;48;0;1
FR;3;2023-05-25;0;0;0;0;0;0;0;0;0;4416876;3441715;4463;2;3613807;2861;48;0;1
FR;3;2023-05-26;0;0;0;0;0;0;0;0;0;4416876;3441715;4463;2;3613807;2861;48;0;1
FR;3;2023-05-27;0;0;0;0;0;0;0;0;0;4416876;3441715;4463;2;3613807;2861;48;0;1
FR;3;2023-05-28;0;0;0;0;0;0;0;0;0;4416876;3441715;4463;2;3613807;2861;48;0;1
FR;3;2023-05-29;0;0;0;0;0;0;0;0;0;4416876;3441715;4463;2;3613807;2861;48;0;1
FR;3;2023-05-30;0;0;0;0;0;0;0;0;0;4416876;3441715;4463;2;3613807;2861;48;0;1
FR;3;2023-05-31;0;0;0;0;0;0;0;0;0;4416876;3441715;4463;2;3613807;2861;48;0;1
FR;3;2023-06-01;0;0;0;0;0;0;0;0;0;4416876;3441715;4463;2;3613807;2861;48;0;1
FR;3;2023-06-02;0;0;0;0;0;0;0;0;0;4416876;3441715;4463;2;3613807;2861;48;0;1
FR;3;2023-06-03;0;0;0;0;0;0;0;0;0;4416876;3441715;4463;2;3613807;2861;48;0;1
FR;3;2023-06-04;0;0;0;0;0;0;0;0;0;4416876;3441715;4463;2;3613807;2861;48;0;1
FR;3;2023-06-05;0;0;0;0;0;0;0;0;0;4416876;3441715;4463;2;3613807;2861;48;0;1
FR;4;2020-12-27;0;0;0;0;0;0;0;0;0;0;0;0;0;0;0;0;0;0
FR;4;2020-12-28;0;0;0;0;0;0;0;0;0;0;0;0;0;0;0;0;0;0
FR;4;2020-12-29;0;0;0;0;0;0;0;0;0;0;0;0;0;0;0;0;0;0
FR;4;2020-12-30;0;0;0;0;0;0;0;0;0;0;0;0;0;0;0;0;0;0
FR;4;2020-12-31;0;0;0;0;0;0;0;0;0;0;0;0;0;0;0;0;0;0
FR;4;2021-01-01;0;0;0;0;0;0;0;0;0;0;0;0;0;0;0;0;0;0
FR;4;2021-01-02;0;0;0;0;0;0;0;0;0;0;0;0;0;0;0;0;0;0
FR;4;2021-01-03;0;0;0;0;0;0;0;0;0;0;0;0;0;0;0;0;0;0
FR;4;2021-01-04;0;0;0;0;0;0;0;0;0;0;0;0;0;0;0;0;0;0
FR;4;2021-01-05;0;0;0;0;0;0;0;0;0;0;0;0;0;0;0;0;0;0
FR;4;2021-01-06;0;0;0;0;0;0;0;0;0;0;0;0;0;0;0;0;0;0
FR;4;2021-01-07;0;0;0;0;0;0;0;0;0;0;0;0;0;0;0;0;0;0
FR;4;2021-01-08;0;0;0;0;0;0;0;0;0;0;0;0;0;0;0;0;0;0
FR;4;2021-01-09;0;0;0;0;0;0;0;0;0;0;0;0;0;0;0;0;0;0
FR;4;2021-01-10;0;0;0;0;0;0;0;0;0;0;0;0;0;0;0;0;0;0
FR;4;2021-01-11;0;0;0;0;0;0;0;0;0;0;0;0;0;0;0;0;0;0
FR;4;2021-01-12;0;0;0;0;0;0;0;0;0;0;0;0;0;0;0;0;0;0
FR;4;2021-01-13;0;0;0;0;0;0;0;0;0;0;0;0;0;0;0;0;0;0
FR;4;2021-01-14;0;0;0;0;0;0;0;0;0;0;0;0;0;0;0;0;0;0
FR;4;2021-01-15;0;0;0;0;0;0;0;0;0;0;0;0;0;0;0;0;0;0
FR;4;2021-01-16;0;0;0;0;0;0;0;0;0;0;0;0;0;0;0;0;0;0
FR;4;2021-01-17;0;0;0;0;0;0;0;0;0;0;0;0;0;0;0;0;0;0
FR;4;2021-01-18;0;0;0;0;0;0;0;0;0;0;0;0;0;0;0;0;0;0
FR;4;2021-01-19;0;0;0;0;0;0;0;0;0;0;0;0;0;0;0;0;0;0
FR;4;2021-01-20;0;0;0;0;0;0;0;0;0;0;0;0;0;0;0;0;0;0
FR;4;2021-01-21;0;0;0;0;0;0;0;0;0;0;0;0;0;0;0;0;0;0
FR;4;2021-01-22;0;0;0;0;0;0;0;0;0;0;0;0;0;0;0;0;0;0
FR;4;2021-01-23;0;0;0;0;0;0;0;0;0;0;0;0;0;0;0;0;0;0
FR;4;2021-01-24;0;0;0;0;0;0;0;0;0;0;0;0;0;0;0;0;0;0
FR;4;2021-01-25;0;0;0;0;0;0;0;0;0;0;0;0;0;0;0;0;0;0
FR;4;2021-01-26;0;0;0;0;0;0;0;0;0;0;0;0;0;0;0;0;0;0
FR;4;2021-01-27;0;0;0;0;0;0;0;0;0;0;0;0;0;0;0;0;0;0
FR;4;2021-01-28;0;0;0;0;0;0;0;0;0;0;0;0;0;0;0;0;0;0
FR;4;2021-01-29;0;0;0;0;0;0;0;0;0;0;0;0;0;0;0;0;0;0
FR;4;2021-01-30;0;0;0;0;0;0;0;0;0;0;0;0;0;0;0;0;0;0
FR;4;2021-01-31;0;0;0;0;0;0;0;0;0;0;0;0;0;0;0;0;0;0
FR;4;2021-02-01;0;0;0;0;0;0;0;0;0;0;0;0;0;0;0;0;0;0
FR;4;2021-02-02;0;0;0;0;0;0;0;0;0;0;0;0;0;0;0;0;0;0
FR;4;2021-02-03;0;0;0;0;0;0;0;0;0;0;0;0;0;0;0;0;0;0
FR;4;2021-02-04;0;0;0;0;0;0;0;0;0;0;0;0;0;0;0;0;0;0
FR;4;2021-02-05;0;0;0;0;0;0;0;0;0;0;0;0;0;0;0;0;0;0
FR;4;2021-02-06;0;0;0;0;0;0;0;0;0;0;0;0;0;0;0;0;0;0
FR;4;2021-02-07;0;0;0;0;0;0;0;0;0;0;0;0;0;0;0;0;0;0
FR;4;2021-02-08;0;0;0;0;0;0;0;0;0;0;0;0;0;0;0;0;0;0
FR;4;2021-02-09;0;0;0;0;0;0;0;0;0;0;0;0;0;0;0;0;0;0
FR;4;2021-02-10;0;0;0;0;0;0;0;0;0;0;0;0;0;0;0;0;0;0
FR;4;2021-02-11;0;0;0;0;0;0;0;0;0;0;0;0;0;0;0;0;0;0
FR;4;2021-02-12;0;0;0;0;0;0;0;0;0;0;0;0;0;0;0;0;0;0
FR;4;2021-02-13;0;0;0;0;0;0;0;0;0;0;0;0;0;0;0;0;0;0
FR;4;2021-02-14;0;0;0;0;0;0;0;0;0;0;0;0;0;0;0;0;0;0
FR;4;2021-02-15;0;0;0;0;0;0;0;0;0;0;0;0;0;0;0;0;0;0
FR;4;2021-02-16;0;0;0;0;0;0;0;0;0;0;0;0;0;0;0;0;0;0
FR;4;2021-02-17;0;0;0;0;0;0;0;0;0;0;0;0;0;0;0;0;0;0
FR;4;2021-02-18;0;0;0;0;0;0;0;0;0;0;0;0;0;0;0;0;0;0
FR;4;2021-02-19;0;0;0;0;0;0;0;0;0;0;0;0;0;0;0;0;0;0
FR;4;2021-02-20;0;0;0;0;0;0;0;0;0;0;0;0;0;0;0;0;0;0
FR;4;2021-02-21;0;0;0;0;0;0;0;0;0;0;0;0;0;0;0;0;0;0
FR;4;2021-02-22;0;0;0;0;0;0;0;0;0;0;0;0;0;0;0;0;0;0
FR;4;2021-02-23;0;0;0;0;0;0;0;0;0;0;0;0;0;0;0;0;0;0
FR;4;2021-02-24;0;0;0;0;0;0;0;0;0;0;0;0;0;0;0;0;0;0
FR;4;2021-02-25;0;0;0;0;0;0;0;0;0;0;0;0;0;0;0;0;0;0
FR;4;2021-02-26;0;0;0;0;0;0;0;0;0;0;0;0;0;0;0;0;0;0
FR;4;2021-02-27;0;0;0;0;0;0;0;0;0;0;0;0;0;0;0;0;0;0
FR;4;2021-02-28;0;0;0;0;0;0;0;0;0;0;0;0;0;0;0;0;0;0
FR;4;2021-03-01;0;0;0;0;0;0;0;0;0;0;0;0;0;0;0;0;0;0
FR;4;2021-03-02;0;0;0;0;0;0;0;0;0;0;0;0;0;0;0;0;0;0
FR;4;2021-03-03;0;0;0;0;0;0;0;0;0;0;0;0;0;0;0;0;0;0
FR;4;2021-03-04;0;0;0;0;0;0;0;0;0;0;0;0;0;0;0;0;0;0
FR;4;2021-03-05;0;0;0;0;0;0;0;0;0;0;0;0;0;0;0;0;0;0
FR;4;2021-03-06;0;0;0;0;0;0;0;0;0;0;0;0;0;0;0;0;0;0
FR;4;2021-03-07;0;0;0;0;0;0;0;0;0;0;0;0;0;0;0;0;0;0
FR;4;2021-03-08;0;0;0;0;0;0;0;0;0;0;0;0;0;0;0;0;0;0
FR;4;2021-03-09;0;0;0;0;0;0;0;0;0;0;0;0;0;0;0;0;0;0
FR;4;2021-03-10;0;0;0;0;0;0;0;0;0;0;0;0;0;0;0;0;0;0
FR;4;2021-03-11;0;0;0;0;0;0;0;0;0;0;0;0;0;0;0;0;0;0
FR;4;2021-03-12;0;0;0;0;0;0;0;0;0;0;0;0;0;0;0;0;0;0
FR;4;2021-03-13;0;0;0;0;0;0;0;0;0;0;0;0;0;0;0;0;0;0
FR;4;2021-03-14;0;0;0;0;0;0;0;0;0;0;0;0;0;0;0;0;0;0
FR;4;2021-03-15;0;0;0;0;0;0;0;0;0;0;0;0;0;0;0;0;0;0
FR;4;2021-03-16;0;0;0;0;0;0;0;0;0;0;0;0;0;0;0;0;0;0
FR;4;2021-03-17;0;0;0;0;0;0;0;0;0;0;0;0;0;0;0;0;0;0
FR;4;2021-03-18;0;0;0;0;0;0;0;0;0;0;0;0;0;0;0;0;0;0
FR;4;2021-03-19;0;0;0;0;0;0;0;0;0;0;0;0;0;0;0;0;0;0
FR;4;2021-03-20;0;0;0;0;0;0;0;0;0;0;0;0;0;0;0;0;0;0
FR;4;2021-03-21;0;0;0;0;0;0;0;0;0;0;0;0;0;0;0;0;0;0
FR;4;2021-03-22;0;0;0;0;0;0;0;0;0;0;0;0;0;0;0;0;0;0
FR;4;2021-03-23;0;0;0;0;0;0;0;0;0;0;0;0;0;0;0;0;0;0
FR;4;2021-03-24;0;0;0;0;0;0;0;0;0;0;0;0;0;0;0;0;0;0
FR;4;2021-03-25;0;0;0;0;0;0;0;0;0;0;0;0;0;0;0;0;0;0
FR;4;2021-03-26;0;0;0;0;0;0;0;0;0;0;0;0;0;0;0;0;0;0
FR;4;2021-03-27;0;0;0;0;0;0;0;0;0;0;0;0;0;0;0;0;0;0
FR;4;2021-03-28;0;0;0;0;0;0;0;0;0;0;0;0;0;0;0;0;0;0
FR;4;2021-03-29;0;0;0;0;0;0;0;0;0;0;0;0;0;0;0;0;0;0
FR;4;2021-03-30;0;0;0;0;0;0;0;0;0;0;0;0;0;0;0;0;0;0
FR;4;2021-03-31;0;0;0;0;0;0;0;0;0;0;0;0;0;0;0;0;0;0
FR;4;2021-04-01;0;0;0;0;0;0;0;0;0;0;0;0;0;0;0;0;0;0
FR;4;2021-04-02;0;0;0;0;0;0;0;0;0;0;0;0;0;0;0;0;0;0
FR;4;2021-04-03;0;0;0;0;0;0;0;0;0;0;0;0;0;0;0;0;0;0
FR;4;2021-04-04;0;0;0;0;0;0;0;0;0;0;0;0;0;0;0;0;0;0
FR;4;2021-04-05;0;0;0;0;0;0;0;0;0;0;0;0;0;0;0;0;0;0
FR;4;2021-04-06;0;0;0;0;0;0;0;0;0;0;0;0;0;0;0;0;0;0
FR;4;2021-04-07;0;0;0;0;0;0;0;0;0;0;0;0;0;0;0;0;0;0
FR;4;2021-04-08;0;0;0;0;0;0;0;0;0;0;0;0;0;0;0;0;0;0
FR;4;2021-04-09;0;0;0;0;0;0;0;0;0;0;0;0;0;0;0;0;0;0
FR;4;2021-04-10;0;0;0;0;0;0;0;0;0;0;0;0;0;0;0;0;0;0
FR;4;2021-04-11;0;0;0;0;0;0;0;0;0;0;0;0;0;0;0;0;0;0
FR;4;2021-04-12;0;0;0;0;0;0;0;0;0;0;0;0;0;0;0;0;0;0
FR;4;2021-04-13;0;0;0;0;0;0;0;0;0;0;0;0;0;0;0;0;0;0
FR;4;2021-04-14;0;0;0;0;0;0;0;0;0;0;0;0;0;0;0;0;0;0
FR;4;2021-04-15;0;0;0;0;0;0;0;0;0;0;0;0;0;0;0;0;0;0
FR;4;2021-04-16;0;0;0;0;0;0;0;0;0;0;0;0;0;0;0;0;0;0
FR;4;2021-04-17;0;0;0;0;0;0;0;0;0;0;0;0;0;0;0;0;0;0
FR;4;2021-04-18;0;0;0;0;0;0;0;0;0;0;0;0;0;0;0;0;0;0
FR;4;2021-04-19;0;0;0;0;0;0;0;0;0;0;0;0;0;0;0;0;0;0
FR;4;2021-04-20;0;0;0;0;0;0;0;0;0;0;0;0;0;0;0;0;0;0
FR;4;2021-04-21;0;0;0;0;0;0;0;0;0;0;0;0;0;0;0;0;0;0
FR;4;2021-04-22;0;0;0;0;0;0;0;0;0;0;0;0;0;0;0;0;0;0
FR;4;2021-04-23;3660;0;0;0;3622;0;0;0;0;3660;0;0;0;3622;0;0;0;0
FR;4;2021-04-24;1570;1;0;0;1559;0;0;0;0;5230;1;0;0;5181;0;0;0;0
FR;4;2021-04-25;125;0;0;0;125;0;0;0;0;5355;1;0;0;5306;0;0;0;0
FR;4;2021-04-26;2872;1;0;0;2862;0;0;0;0;8227;2;0;0;8168;0;0;0;0
FR;4;2021-04-27;9520;3;0;0;9501;0;0;0;0;17747;5;0;0;17669;0;0;0;0
FR;4;2021-04-28;9910;6;0;0;9885;0;0;0;0;27657;11;0;0;27554;0;0;0;0
FR;4;2021-04-29;15995;8;0;0;15979;0;0;0;0;43652;19;0;0;43533;0;0;0;0
FR;4;2021-04-30;19234;10;0;0;19205;0;0;0;0;62886;29;0;0;62738;0;0;0;0
FR;4;2021-05-01;1994;6;0;0;1992;0;0;0;0;64880;35;0;0;64730;0;0;0;0
FR;4;2021-05-02;484;0;0;0;482;0;0;0;0;65364;35;0;0;65212;0;0;0;0
FR;4;2021-05-03;5066;2;0;0;5059;0;0;0;0;70430;37;0;0;70271;0;0;0;0
FR;4;2021-05-04;8411;11;0;0;8400;0;0;0;0;78841;48;0;0;78671;0;0;0;0
FR;4;2021-05-05;6193;7;0;0;6188;0;0;0;0;85034;55;0;0;84859;0;0;0;0
FR;4;2021-05-06;11388;11;0;0;11385;0;0;0;0;96422;66;0;0;96244;0;0;0;0
FR;4;2021-05-07;19127;9;0;0;19088;0;0;0;0;115549;75;0;0;115332;0;0;0;0
FR;4;2021-05-08;2376;7;0;0;2380;0;0;0;0;117925;82;0;0;117712;0;0;0;0
FR;4;2021-05-09;692;3;0;0;693;0;0;0;0;118617;85;0;0;118405;0;0;0;0
FR;4;2021-05-10;7246;5;1;0;7243;0;0;0;0;125863;90;1;0;125648;0;0;0;0
FR;4;2021-05-11;14325;13;0;0;14305;0;0;0;0;140188;103;1;0;139953;0;0;0;0
FR;4;2021-05-12;10176;15;0;0;10179;0;0;0;0;150364;118;1;0;150132;0;0;0;0
FR;4;2021-05-13;1584;4;0;0;1585;0;0;0;0;151948;122;1;0;151717;0;0;0;0
FR;4;2021-05-14;7768;7;0;0;7763;0;0;0;0;159716;129;1;0;159480;0;0;0;0
FR;4;2021-05-15;3721;8;1;0;3720;0;0;0;0;163437;137;2;0;163200;0;0;0;0
FR;4;2021-05-16;417;1;0;0;417;0;0;0;0;163854;138;2;0;163617;0;0;0;0
FR;4;2021-05-17;4485;8;0;0;4484;0;0;0;0;168339;146;2;0;168101;0;0;0;0
FR;4;2021-05-18;8769;10;0;0;8769;0;0;0;0;177108;156;2;0;176870;0;0;0;0
FR;4;2021-05-19;5699;7;0;0;5701;0;0;0;0;182807;163;2;0;182571;0;0;0;0
FR;4;2021-05-20;9487;8;0;0;9479;0;0;0;0;192294;171;2;0;192050;0;0;0;0
FR;4;2021-05-21;12816;30;0;0;12823;0;0;0;0;205110;201;2;0;204873;0;0;0;0
FR;4;2021-05-22;5063;15;0;0;5070;0;0;0;0;210173;216;2;0;209943;0;0;0;0
FR;4;2021-05-23;498;4;0;0;501;0;0;0;0;210671;220;2;0;210444;0;0;0;0
FR;4;2021-05-24;1062;7;0;0;1066;0;0;0;0;211733;227;2;0;211510;0;0;0;0
FR;4;2021-05-25;7637;16;0;0;7643;0;0;0;0;219370;243;2;0;219153;0;0;0;0
FR;4;2021-05-26;7731;16;0;0;7739;0;0;0;0;227101;259;2;0;226892;0;0;0;0
FR;4;2021-05-27;14340;35;0;0;14349;0;0;0;0;241441;294;2;0;241241;0;0;0;0
FR;4;2021-05-28;26593;82;1;0;26634;0;0;0;0;268034;376;3;0;267875;0;0;0;0
FR;4;2021-05-29;11385;19;0;0;11385;0;0;0;0;279419;395;3;0;279260;0;0;0;0
FR;4;2021-05-30;974;7;0;0;973;0;0;0;0;280393;402;3;0;280233;0;0;0;0
FR;4;2021-05-31;12701;21;0;0;12701;0;0;0;0;293094;423;3;0;292934;0;0;0;0
FR;4;2021-06-01;20283;48;1;0;20301;0;0;0;0;313377;471;4;0;313235;0;0;0;0
FR;4;2021-06-02;14526;33;0;0;14538;0;0;0;0;327903;504;4;0;327773;0;0;0;0
FR;4;2021-06-03;19436;24;1;0;19434;0;0;0;0;347339;528;5;0;347207;0;0;0;0
FR;4;2021-06-04;22520;48;0;0;22538;0;0;0;0;369859;576;5;0;369745;0;0;0;0
FR;4;2021-06-05;9717;32;0;0;9721;0;0;0;0;379576;608;5;0;379466;0;0;0;0
FR;4;2021-06-06;1041;2;0;0;1037;0;0;0;0;380617;610;5;0;380503;0;0;0;0
FR;4;2021-06-07;9230;19;0;0;9238;0;0;0;0;389847;629;5;0;389741;0;0;0;0
FR;4;2021-06-08;14613;32;0;0;14625;0;0;0;0;404460;661;5;0;404366;0;0;0;0
FR;4;2021-06-09;12218;25;0;0;12226;0;0;0;0;416678;686;5;0;416592;0;0;0;0
FR;4;2021-06-10;15408;30;0;0;15416;0;0;0;0;432086;716;5;0;432008;0;0;0;0
FR;4;2021-06-11;16990;57;0;0;17017;0;0;0;0;449076;773;5;0;449025;0;0;0;0
FR;4;2021-06-12;7453;27;0;0;7478;0;0;0;0;456529;800;5;0;456503;0;0;0;0
FR;4;2021-06-13;908;3;0;0;910;0;0;0;0;457437;803;5;0;457413;0;0;0;0
FR;4;2021-06-14;6652;27;0;0;6662;0;0;0;0;464089;830;5;0;464075;0;0;0;0
FR;4;2021-06-15;10896;39;0;0;10913;0;0;0;0;474985;869;5;0;474988;0;0;0;0
FR;4;2021-06-16;8909;17;0;0;8917;0;0;0;0;483894;886;5;0;483905;0;0;0;0
FR;4;2021-06-17;10903;36;0;0;10915;0;0;0;0;494797;922;5;0;494820;0;0;0;0
FR;4;2021-06-18;12427;45;0;0;12454;0;0;0;0;507224;967;5;0;507274;0;0;0;0
FR;4;2021-06-19;5568;25;0;0;5588;0;0;0;0;512792;992;5;0;512862;0;0;0;0
FR;4;2021-06-20;828;5;0;0;832;0;0;0;0;513620;997;5;0;513694;0;0;0;0
FR;4;2021-06-21;5107;21;0;0;5107;0;0;0;0;518727;1018;5;0;518801;0;0;0;0
FR;4;2021-06-22;7916;29;2;0;7934;0;0;0;0;526643;1047;7;0;526735;0;0;0;0
FR;4;2021-06-23;7106;43;2;0;7133;0;0;0;0;533749;1090;9;0;533868;0;0;0;0
FR;4;2021-06-24;8657;46;1;0;8689;0;0;0;0;542406;1136;10;0;542557;0;0;0;0
FR;4;2021-06-25;10179;41;2;0;10211;0;0;0;0;552585;1177;12;0;552768;0;0;0;0
FR;4;2021-06-26;4854;23;0;0;4871;0;0;0;0;557439;1200;12;0;557639;0;0;0;0
FR;4;2021-06-27;769;4;0;0;771;0;0;0;0;558208;1204;12;0;558410;0;0;0;0
FR;4;2021-06-28;4835;16;1;0;4844;0;0;0;0;563043;1220;13;0;563254;0;0;0;0
FR;4;2021-06-29;7110;28;2;0;7119;0;0;0;0;570153;1248;15;0;570373;0;0;0;0
FR;4;2021-06-30;6728;41;2;0;6756;0;0;0;0;576881;1289;17;0;577129;0;0;0;0
FR;4;2021-07-01;8213;42;0;0;8235;0;0;0;0;585094;1331;17;0;585364;0;0;0;0
FR;4;2021-07-02;9430;53;1;0;9470;0;0;0;0;594524;1384;18;0;594834;0;0;0;0
FR;4;2021-07-03;4848;20;0;0;4863;0;0;0;0;599372;1404;18;0;599697;0;0;0;0
FR;4;2021-07-04;690;5;0;0;692;0;0;0;0;600062;1409;18;0;600389;0;0;0;0
FR;4;2021-07-05;4775;19;2;0;4786;0;0;0;0;604837;1428;20;0;605175;0;0;0;0
FR;4;2021-07-06;7729;29;4;0;7742;0;0;0;0;612566;1457;24;0;612917;0;0;0;0
FR;4;2021-07-07;7088;34;2;0;7100;0;0;0;0;619654;1491;26;0;620017;0;0;0;0
FR;4;2021-07-08;9235;40;2;0;9258;0;0;0;0;628889;1531;28;0;629275;0;0;0;0
FR;4;2021-07-09;10282;34;1;0;10305;0;0;0;0;639171;1565;29;0;639580;0;0;0;0
FR;4;2021-07-10;4639;14;2;0;4646;0;0;0;0;643810;1579;31;0;644226;0;0;0;0
FR;4;2021-07-11;586;4;1;0;584;0;0;0;0;644396;1583;32;0;644810;0;0;0;0
FR;4;2021-07-12;5878;29;0;0;5900;0;0;0;0;650274;1612;32;0;650710;0;0;0;0
FR;4;2021-07-13;14231;29;0;0;14249;0;0;0;0;664505;1641;32;0;664959;0;0;0;0
FR;4;2021-07-14;2291;15;0;0;2291;0;0;0;0;666796;1656;32;0;667250;0;0;0;0
FR;4;2021-07-15;18239;37;0;0;18256;0;0;0;0;685035;1693;32;0;685506;0;0;0;0
FR;4;2021-07-16;22838;71;2;0;22888;0;0;0;0;707873;1764;34;0;708394;0;0;0;0
FR;4;2021-07-17;9741;20;0;0;9749;0;0;0;0;717614;1784;34;0;718143;0;0;0;0
FR;4;2021-07-18;1359;5;0;0;1362;0;0;0;0;718973;1789;34;0;719505;0;0;0;0
FR;4;2021-07-19;12991;30;1;0;13016;0;0;0;0;731964;1819;35;0;732521;0;0;0;0
FR;4;2021-07-20;17345;26;1;0;17361;0;0;0;0;749309;1845;36;0;749882;0;0;0;0
FR;4;2021-07-21;15623;33;0;0;15643;0;0;0;0;764932;1878;36;0;765525;0;0;0;0
FR;4;2021-07-22;18247;45;2;0;18271;0;0;0;0;783179;1923;38;0;783796;0;0;0;0
FR;4;2021-07-23;20420;57;7;0;20453;0;0;0;0;803599;1980;45;0;804249;0;0;0;0
FR;4;2021-07-24;9290;34;0;0;9305;0;0;0;0;812889;2014;45;0;813554;0;0;0;0
FR;4;2021-07-25;1356;11;0;0;1358;0;0;0;0;814245;2025;45;0;814912;0;0;0;0
FR;4;2021-07-26;11050;23;0;0;11057;0;0;0;0;825295;2048;45;0;825969;0;0;0;0
FR;4;2021-07-27;14688;35;3;0;14708;0;0;0;0;839983;2083;48;0;840677;0;0;0;0
FR;4;2021-07-28;12937;26;2;0;12954;0;0;0;0;852920;2109;50;0;853631;0;0;0;0
FR;4;2021-07-29;14098;54;4;0;14140;0;0;0;0;867018;2163;54;0;867771;0;0;0;0
FR;4;2021-07-30;15502;46;2;0;15532;0;0;0;0;882520;2209;56;0;883303;0;0;0;0
FR;4;2021-07-31;6845;14;2;0;6855;0;0;0;0;889365;2223;58;0;890158;0;0;0;0
FR;4;2021-08-01;906;1;0;0;901;0;0;0;0;890271;2224;58;0;891059;0;0;0;0
FR;4;2021-08-02;7918;31;0;0;7919;0;0;0;0;898189;2255;58;0;898978;0;0;0;0
FR;4;2021-08-03;10805;31;2;0;10801;0;0;0;0;908994;2286;60;0;909779;0;0;0;0
FR;4;2021-08-04;9749;29;0;0;9748;0;0;0;0;918743;2315;60;0;919527;0;0;0;0
FR;4;2021-08-05;9831;42;0;0;9837;0;0;0;0;928574;2357;60;0;929364;0;0;0;0
FR;4;2021-08-06;10201;30;3;0;10198;0;0;0;0;938775;2387;63;0;939562;0;0;0;0
FR;4;2021-08-07;5100;30;1;0;5116;0;0;0;0;943875;2417;64;0;944678;0;0;0;0
FR;4;2021-08-08;1225;13;0;0;1228;0;0;0;0;945100;2430;64;0;945906;0;0;0;0
FR;4;2021-08-09;6350;31;0;0;6343;0;0;0;0;951450;2461;64;0;952249;0;0;0;0
FR;4;2021-08-10;8753;18;0;0;8724;0;0;0;0;960203;2479;64;0;960973;0;0;0;0
FR;4;2021-08-11;7945;34;4;0;7934;0;0;0;0;968148;2513;68;0;968907;0;0;0;0
FR;4;2021-08-12;8585;31;1;0;8573;0;0;0;0;976733;2544;69;0;977480;0;0;0;0
FR;4;2021-08-13;7561;25;0;1;7548;0;0;0;0;984294;2569;69;1;985028;0;0;0;0
FR;4;2021-08-14;3793;20;0;0;3777;0;0;0;0;988087;2589;69;1;988805;0;0;0;0
FR;4;2021-08-15;771;5;0;0;773;0;0;0;0;988858;2594;69;1;989578;0;0;0;0
FR;4;2021-08-16;4010;17;0;0;4005;0;0;0;0;992868;2611;69;1;993583;0;0;0;0
FR;4;2021-08-17;5634;17;1;0;5624;0;0;0;0;998502;2628;70;1;999207;0;0;0;0
FR;4;2021-08-18;5172;37;0;0;5189;0;0;0;0;1003674;2665;70;1;1004396;0;0;0;0
FR;4;2021-08-19;5489;34;3;0;5503;0;0;0;0;1009163;2699;73;1;1009899;0;0;0;0
FR;4;2021-08-20;5225;25;1;0;5235;0;0;0;0;1014388;2724;74;1;1015134;0;0;0;0
FR;4;2021-08-21;2311;23;1;0;2328;0;0;0;0;1016699;2747;75;1;1017462;0;0;0;0
FR;4;2021-08-22;414;2;0;0;415;0;0;0;0;1017113;2749;75;1;1017877;0;0;0;0
FR;4;2021-08-23;2938;21;1;0;2946;0;0;0;0;1020051;2770;76;1;1020823;0;0;0;0
FR;4;2021-08-24;3758;16;0;0;3761;0;0;0;0;1023809;2786;76;1;1024584;0;0;0;0
FR;4;2021-08-25;3546;25;1;0;3562;0;0;0;0;1027355;2811;77;1;1028146;0;0;0;0
FR;4;2021-08-26;3716;21;2;0;3728;0;0;0;0;1031071;2832;79;1;1031874;0;0;0;0
FR;4;2021-08-27;3617;31;2;0;3635;0;0;0;0;1034688;2863;81;1;1035509;0;0;0;0
FR;4;2021-08-28;1732;10;1;0;1737;0;0;0;0;1036420;2873;82;1;1037246;0;0;0;0
FR;4;2021-08-29;385;7;1;0;389;0;0;0;0;1036805;2880;83;1;1037635;0;0;0;0
FR;4;2021-08-30;2010;25;0;0;2018;16;0;0;0;1038815;2905;83;1;1039653;16;0;0;0
FR;4;2021-08-31;2487;21;0;0;2494;14;0;0;0;1041302;2926;83;1;1042147;30;0;0;0
FR;4;2021-09-01;2085;38;1;0;2096;22;0;0;0;1043387;2964;84;1;1044243;52;0;0;0
FR;4;2021-09-02;2309;31;4;0;2322;18;0;0;0;1045696;2995;88;1;1046565;70;0;0;0
FR;4;2021-09-03;2366;44;5;0;2375;36;0;0;0;1048062;3039;93;1;1048940;106;0;0;0
FR;4;2021-09-04;1374;18;0;0;1381;9;0;0;0;1049436;3057;93;1;1050321;115;0;0;0
FR;4;2021-09-05;434;2;0;0;434;2;0;0;0;1049870;3059;93;1;1050755;117;0;0;0
FR;4;2021-09-06;1713;62;0;0;1750;24;0;0;0;1051583;3121;93;1;1052505;141;0;0;0
FR;4;2021-09-07;1681;18;0;0;1690;8;0;0;0;1053264;3139;93;1;1054195;149;0;0;0
FR;4;2021-09-08;1286;26;3;0;1291;19;0;0;0;1054550;3165;96;1;1055486;168;0;0;0
FR;4;2021-09-09;1394;23;2;0;1404;9;0;0;0;1055944;3188;98;1;1056890;177;0;0;0
FR;4;2021-09-10;1522;31;2;0;1526;23;1;0;0;1057466;3219;100;1;1058416;200;1;0;0
FR;4;2021-09-11;746;11;0;0;749;3;0;0;0;1058212;3230;100;1;1059165;203;1;0;0
FR;4;2021-09-12;169;5;0;0;170;4;0;0;0;1058381;3235;100;1;1059335;207;1;0;0
FR;4;2021-09-13;1325;22;1;0;1328;16;0;0;0;1059706;3257;101;1;1060663;223;1;0;0
FR;4;2021-09-14;1507;9;2;0;1509;7;0;0;0;1061213;3266;103;1;1062172;230;1;0;0
FR;4;2021-09-15;1095;28;1;0;1098;25;0;0;0;1062308;3294;104;1;1063270;255;1;0;0
FR;4;2021-09-16;1108;22;2;0;1112;15;0;0;0;1063416;3316;106;1;1064382;270;1;0;0
FR;4;2021-09-17;898;21;1;0;905;12;0;0;0;1064314;3337;107;1;1065287;282;1;0;0
FR;4;2021-09-18;464;7;1;0;465;6;0;0;0;1064778;3344;108;1;1065752;288;1;0;0
FR;4;2021-09-19;182;3;0;0;183;2;0;0;0;1064960;3347;108;1;1065935;290;1;0;0
FR;4;2021-09-20;452;19;0;0;458;13;0;0;0;1065412;3366;108;1;1066393;303;1;0;0
FR;4;2021-09-21;434;11;0;0;436;7;0;0;0;1065846;3377;108;1;1066829;310;1;0;0
FR;4;2021-09-22;377;19;4;0;384;15;0;0;0;1066223;3396;112;1;1067213;325;1;0;0
FR;4;2021-09-23;488;15;1;0;489;14;0;0;0;1066711;3411;113;1;1067702;339;1;0;0
FR;4;2021-09-24;416;13;2;0;420;9;0;0;0;1067127;3424;115;1;1068122;348;1;0;0
FR;4;2021-09-25;281;10;1;0;282;5;0;0;0;1067408;3434;116;1;1068404;353;1;0;0
FR;4;2021-09-26;75;2;0;0;76;1;0;0;0;1067483;3436;116;1;1068480;354;1;0;0
FR;4;2021-09-27;270;10;1;0;271;8;0;0;0;1067753;3446;117;1;1068751;362;1;0;0
FR;4;2021-09-28;319;8;0;0;319;8;0;0;0;1068072;3454;117;1;1069070;370;1;0;0
FR;4;2021-09-29;378;19;1;0;380;13;0;0;0;1068450;3473;118;1;1069450;383;1;0;0
FR;4;2021-09-30;367;41;0;0;381;22;0;0;0;1068817;3514;118;1;1069831;405;1;0;0
FR;4;2021-10-01;411;56;0;0;413;50;0;0;0;1069228;3570;118;1;1070244;455;1;0;0
FR;4;2021-10-02;196;23;1;0;198;14;0;0;0;1069424;3593;119;1;1070442;469;1;0;0
FR;4;2021-10-03;86;1;0;0;87;0;0;0;0;1069510;3594;119;1;1070529;469;1;0;0
FR;4;2021-10-04;363;20;1;0;367;16;0;0;0;1069873;3614;120;1;1070896;485;1;0;0
FR;4;2021-10-05;286;19;2;0;288;15;0;0;0;1070159;3633;122;1;1071184;500;1;0;0
FR;4;2021-10-06;249;23;1;0;254;18;0;0;0;1070408;3656;123;1;1071438;518;1;0;0
FR;4;2021-10-07;268;25;2;0;273;13;0;0;0;1070676;3681;125;1;1071711;531;1;0;0
FR;4;2021-10-08;357;24;2;0;360;20;0;0;0;1071033;3705;127;1;1072071;551;1;0;0
FR;4;2021-10-09;194;6;6;0;195;7;0;0;0;1071227;3711;133;1;1072266;558;1;0;0
FR;4;2021-10-10;97;3;2;0;99;3;0;0;0;1071324;3714;135;1;1072365;561;1;0;0
FR;4;2021-10-11;252;15;1;0;253;14;0;0;0;1071576;3729;136;1;1072618;575;1;0;0
FR;4;2021-10-12;211;14;0;0;211;13;0;0;0;1071787;3743;136;1;1072829;588;1;0;0
FR;4;2021-10-13;221;28;1;0;224;25;0;0;0;1072008;3771;137;1;1073053;613;1;0;0
FR;4;2021-10-14;316;21;4;0;320;15;0;0;0;1072324;3792;141;1;1073373;628;1;0;0
FR;4;2021-10-15;324;24;5;0;325;25;0;0;0;1072648;3816;146;1;1073698;653;1;0;0
FR;4;2021-10-16;167;6;2;0;167;6;0;0;0;1072815;3822;148;1;1073865;659;1;0;0
FR;4;2021-10-17;70;2;0;0;71;1;0;0;0;1072885;3824;148;1;1073936;660;1;0;0
FR;4;2021-10-18;282;16;1;0;284;13;0;0;0;1073167;3840;149;1;1074220;673;1;0;0
FR;4;2021-10-19;215;15;2;0;215;16;0;0;0;1073382;3855;151;1;1074435;689;1;0;0
FR;4;2021-10-20;232;27;4;0;235;15;0;0;0;1073614;3882;155;1;1074670;704;1;0;0
FR;4;2021-10-21;244;18;0;0;246;14;0;0;0;1073858;3900;155;1;1074916;718;1;0;0
FR;4;2021-10-22;217;25;2;0;219;20;1;0;0;1074075;3925;157;1;1075135;738;2;0;0
FR;4;2021-10-23;117;16;1;0;118;15;0;0;0;1074192;3941;158;1;1075253;753;2;0;0
FR;4;2021-10-24;39;4;0;0;39;1;0;0;0;1074231;3945;158;1;1075292;754;2;0;0
FR;4;2021-10-25;218;7;2;0;218;9;0;0;0;1074449;3952;160;1;1075510;763;2;0;0
FR;4;2021-10-26;200;14;0;0;202;12;0;0;0;1074649;3966;160;1;1075712;775;2;0;0
FR;4;2021-10-27;196;12;4;0;196;12;2;0;0;1074845;3978;164;1;1075908;787;4;0;0
FR;4;2021-10-28;187;18;5;0;187;22;0;0;0;1075032;3996;169;1;1076095;809;4;0;0
FR;4;2021-10-29;227;18;2;0;228;16;0;0;0;1075259;4014;171;1;1076323;825;4;0;0
FR;4;2021-10-30;104;2;1;0;105;2;0;0;0;1075363;4016;172;1;1076428;827;4;0;0
FR;4;2021-10-31;59;3;2;0;60;3;0;0;0;1075422;4019;174;1;1076488;830;4;0;0
FR;4;2021-11-01;76;27;4;0;77;24;3;0;0;1075498;4046;178;1;1076565;854;7;0;0
FR;4;2021-11-02;164;21;2;0;165;21;0;0;0;1075662;4067;180;1;1076730;875;7;0;0
FR;4;2021-11-03;133;21;8;1;134;19;6;0;0;1075795;4088;188;2;1076864;894;13;0;0
FR;4;2021-11-04;187;15;1;0;188;12;1;0;0;1075982;4103;189;2;1077052;906;14;0;0
FR;4;2021-11-05;131;17;1;0;132;16;0;0;0;1076113;4120;190;2;1077184;922;14;0;0
FR;4;2021-11-06;82;6;1;0;82;6;0;0;0;1076195;4126;191;2;1077266;928;14;0;0
FR;4;2021-11-07;83;2;2;0;83;4;0;0;0;1076278;4128;193;2;1077349;932;14;0;0
FR;4;2021-11-08;162;20;1;0;163;20;0;0;0;1076440;4148;194;2;1077512;952;14;0;0
FR;4;2021-11-09;159;14;3;0;159;16;0;0;0;1076599;4162;197;2;1077671;968;14;0;0
FR;4;2021-11-10;121;30;7;0;121;33;2;0;0;1076720;4192;204;2;1077792;1001;16;0;0
FR;4;2021-11-11;100;10;1;0;100;11;0;0;0;1076820;4202;205;2;1077892;1012;16;0;0
FR;4;2021-11-12;107;19;2;0;108;18;1;0;0;1076927;4221;207;2;1078000;1030;17;0;0
FR;4;2021-11-13;75;15;2;0;76;14;0;0;0;1077002;4236;209;2;1078076;1044;17;0;0
FR;4;2021-11-14;55;5;4;0;56;8;0;0;0;1077057;4241;213;2;1078132;1052;17;0;0
FR;4;2021-11-15;99;26;2;0;101;24;2;0;0;1077156;4267;215;2;1078233;1076;19;0;0
FR;4;2021-11-16;112;14;3;0;112;17;0;0;0;1077268;4281;218;2;1078345;1093;19;0;0
FR;4;2021-11-17;122;30;4;0;122;30;1;0;0;1077390;4311;222;2;1078467;1123;20;0;0
FR;4;2021-11-18;103;34;14;0;105;43;1;0;0;1077493;4345;236;2;1078572;1166;21;0;0
FR;4;2021-11-19;89;21;3;0;89;22;1;0;0;1077582;4366;239;2;1078661;1188;22;0;0
FR;4;2021-11-20;78;8;1;0;78;8;0;0;0;1077660;4374;240;2;1078739;1196;22;0;0
FR;4;2021-11-21;70;7;2;0;70;9;0;0;0;1077730;4381;242;2;1078809;1205;22;0;0
FR;4;2021-11-22;109;28;9;0;110;33;2;0;0;1077839;4409;251;2;1078919;1238;24;0;0
FR;4;2021-11-23;78;31;6;0;79;29;2;0;0;1077917;4440;257;2;1078998;1267;26;0;0
FR;4;2021-11-24;91;23;12;0;93;25;4;0;0;1078008;4463;269;2;1079091;1292;30;0;0
FR;4;2021-11-25;96;28;19;0;97;35;5;0;0;1078104;4491;288;2;1079188;1327;35;0;0
FR;4;2021-11-26;86;43;12;0;90;45;3;0;0;1078190;4534;300;2;1079278;1372;38;0;0
FR;4;2021-11-27;42;22;15;0;42;25;10;0;0;1078232;4556;315;2;1079320;1397;48;0;0
FR;4;2021-11-28;53;8;0;0;54;7;0;0;0;1078285;4564;315;2;1079374;1404;48;0;0
FR;4;2021-11-29;90;31;16;0;90;40;2;0;0;1078375;4595;331;2;1079464;1444;50;0;0
FR;4;2021-11-30;77;37;13;0;77;42;2;0;0;1078452;4632;344;2;1079541;1486;52;0;0
FR;4;2021-12-01;88;60;19;0;88;67;11;0;0;1078540;4692;363;2;1079629;1553;63;0;0
FR;4;2021-12-02;114;48;21;0;118;56;3;0;0;1078654;4740;384;2;1079747;1609;66;0;0
FR;4;2021-12-03;105;36;15;0;105;44;4;0;0;1078759;4776;399;2;1079852;1653;70;0;0
FR;4;2021-12-04;73;31;18;0;75;44;1;0;0;1078832;4807;417;2;1079927;1697;71;0;0
FR;4;2021-12-05;64;7;1;0;65;7;0;0;0;1078896;4814;418;2;1079992;1704;71;0;0
FR;4;2021-12-06;112;46;20;0;112;60;3;0;0;1079008;4860;438;2;1080104;1764;74;0;0
FR;4;2021-12-07;85;37;9;0;88;36;3;0;0;1079093;4897;447;2;1080192;1800;77;0;0
FR;4;2021-12-08;74;31;17;0;76;38;7;0;0;1079167;4928;464;2;1080268;1838;84;0;0
FR;4;2021-12-09;65;32;10;1;65;39;3;0;0;1079232;4960;474;3;1080333;1877;87;0;0
FR;4;2021-12-10;64;64;20;0;65;68;10;0;0;1079296;5024;494;3;1080398;1945;97;0;0
FR;4;2021-12-11;30;34;7;0;30;34;3;0;0;1079326;5058;501;3;1080428;1979;100;0;0
FR;4;2021-12-12;30;12;3;0;30;15;0;0;0;1079356;5070;504;3;1080458;1994;100;0;0
FR;4;2021-12-13;79;40;14;0;81;49;2;0;0;1079435;5110;518;3;1080539;2043;102;0;0
FR;4;2021-12-14;61;43;18;0;62;55;2;0;0;1079496;5153;536;3;1080601;2098;104;0;0
FR;4;2021-12-15;68;65;29;0;68;86;6;0;0;1079564;5218;565;3;1080669;2184;110;0;0
FR;4;2021-12-16;35;45;18;0;36;58;3;0;0;1079599;5263;583;3;1080705;2242;113;0;0
FR;4;2021-12-17;39;55;11;0;39;59;6;0;0;1079638;5318;594;3;1080744;2301;119;0;0
FR;4;2021-12-18;49;31;3;0;50;33;0;0;0;1079687;5349;597;3;1080794;2334;119;0;0
FR;4;2021-12-19;17;4;1;0;18;4;0;0;0;1079704;5353;598;3;1080812;2338;119;0;0
FR;4;2021-12-20;45;38;10;0;46;41;6;0;0;1079749;5391;608;3;1080858;2379;125;0;0
FR;4;2021-12-21;32;32;17;0;34;39;5;0;0;1079781;5423;625;3;1080892;2418;130;0;0
FR;4;2021-12-22;37;39;10;0;38;39;7;0;0;1079818;5462;635;3;1080930;2457;137;0;0
FR;4;2021-12-23;41;45;8;0;41;49;2;0;0;1079859;5507;643;3;1080971;2506;139;0;0
FR;4;2021-12-24;25;28;10;0;27;31;4;0;0;1079884;5535;653;3;1080998;2537;143;0;0
FR;4;2021-12-25;7;3;3;0;7;4;2;0;0;1079891;5538;656;3;1081005;2541;145;0;0
FR;4;2021-12-26;5;3;1;0;6;2;0;0;0;1079896;5541;657;3;1081011;2543;145;0;0
FR;4;2021-12-27;31;41;9;0;32;43;4;0;0;1079927;5582;666;3;1081043;2586;149;0;0
FR;4;2021-12-28;28;28;7;0;30;29;4;0;0;1079955;5610;673;3;1081073;2615;153;0;0
FR;4;2021-12-29;56;25;11;0;57;30;5;0;0;1080011;5635;684;3;1081130;2645;158;0;0
FR;4;2021-12-30;48;19;12;0;51;22;5;0;0;1080059;5654;696;3;1081181;2667;163;0;0
FR;4;2021-12-31;20;7;8;0;21;12;2;0;0;1080079;5661;704;3;1081202;2679;165;0;0
FR;4;2022-01-01;7;4;5;0;7;7;1;0;0;1080086;5665;709;3;1081209;2686;166;0;0
FR;4;2022-01-02;43;5;16;0;43;20;1;0;0;1080129;5670;725;3;1081252;2706;167;0;0
FR;4;2022-01-03;45;55;25;1;47;65;10;0;0;1080174;5725;750;4;1081299;2771;177;0;0
FR;4;2022-01-04;44;28;16;0;45;33;8;0;0;1080218;5753;766;4;1081344;2804;185;0;0
FR;4;2022-01-05;52;24;19;0;58;27;9;0;0;1080270;5777;785;4;1081402;2831;194;0;0
FR;4;2022-01-06;52;24;24;0;52;40;8;0;0;1080322;5801;809;4;1081454;2871;202;0;0
FR;4;2022-01-07;31;20;16;0;33;21;12;0;0;1080353;5821;825;4;1081487;2892;214;0;0
FR;4;2022-01-08;13;6;10;0;14;12;3;0;0;1080366;5827;835;4;1081501;2904;217;0;0
FR;4;2022-01-09;20;2;3;0;21;4;0;0;0;1080386;5829;838;4;1081522;2908;217;0;0
FR;4;2022-01-10;53;22;19;0;53;36;4;0;0;1080439;5851;857;4;1081575;2944;221;0;0
FR;4;2022-01-11;30;31;12;0;34;35;1;0;0;1080469;5882;869;4;1081609;2979;222;0;0
FR;4;2022-01-12;35;21;13;0;37;23;9;0;0;1080504;5903;882;4;1081646;3002;231;0;0
FR;4;2022-01-13;55;20;27;0;56;38;8;0;0;1080559;5923;909;4;1081702;3040;239;0;0
FR;4;2022-01-14;25;32;13;0;26;35;7;0;0;1080584;5955;922;4;1081728;3075;246;0;0
FR;4;2022-01-15;15;6;8;0;16;12;1;0;0;1080599;5961;930;4;1081744;3087;247;0;0
FR;4;2022-01-16;13;9;14;0;13;22;1;0;0;1080612;5970;944;4;1081757;3109;248;0;0
FR;4;2022-01-17;27;20;15;0;27;29;5;0;0;1080639;5990;959;4;1081784;3138;253;0;0
FR;4;2022-01-18;17;14;10;0;17;21;3;0;0;1080656;6004;969;4;1081801;3159;256;0;0
FR;4;2022-01-19;33;23;13;0;33;34;1;0;0;1080689;6027;982;4;1081834;3193;257;0;0
FR;4;2022-01-20;34;34;13;0;36;39;5;0;0;1080723;6061;995;4;1081870;3232;262;0;0
FR;4;2022-01-21;13;12;20;1;13;17;15;0;1;1080736;6073;1015;5;1081883;3249;277;0;1
FR;4;2022-01-22;30;13;3;0;30;14;2;0;0;1080766;6086;1018;5;1081913;3263;279;0;1
FR;4;2022-01-23;8;2;7;0;8;9;0;0;0;1080774;6088;1025;5;1081921;3272;279;0;1
FR;4;2022-01-24;14;21;9;0;15;28;1;0;0;1080788;6109;1034;5;1081936;3300;280;0;1
FR;4;2022-01-25;22;32;10;1;23;38;3;0;0;1080810;6141;1044;6;1081959;3338;283;0;1
FR;4;2022-01-26;20;17;9;1;21;21;4;0;0;1080830;6158;1053;7;1081980;3359;287;0;1
FR;4;2022-01-27;22;19;8;0;23;25;1;0;0;1080852;6177;1061;7;1082003;3384;288;0;1
FR;4;2022-01-28;14;23;8;0;15;26;4;0;0;1080866;6200;1069;7;1082018;3410;292;0;1
FR;4;2022-01-29;17;6;5;0;17;10;0;0;0;1080883;6206;1074;7;1082035;3420;292;0;1
FR;4;2022-01-30;19;3;2;0;19;5;0;0;0;1080902;6209;1076;7;1082054;3425;292;0;1
FR;4;2022-01-31;22;28;8;0;22;32;2;0;0;1080924;6237;1084;7;1082076;3457;294;0;1
FR;4;2022-02-01;13;24;13;0;15;25;9;0;0;1080937;6261;1097;7;1082091;3482;303;0;1
FR;4;2022-02-02;19;12;14;2;20;20;7;0;0;1080956;6273;1111;9;1082111;3502;310;0;1
FR;4;2022-02-03;16;24;11;0;18;29;4;0;0;1080972;6297;1122;9;1082129;3531;314;0;1
FR;4;2022-02-04;7;5;7;0;7;9;3;0;0;1080979;6302;1129;9;1082136;3540;317;0;1
FR;4;2022-02-05;7;14;1;0;8;13;1;0;0;1080986;6316;1130;9;1082144;3553;318;0;1
FR;4;2022-02-06;8;4;4;0;8;7;1;0;0;1080994;6320;1134;9;1082152;3560;319;0;1
FR;4;2022-02-07;15;20;8;0;17;20;6;0;0;1081009;6340;1142;9;1082169;3580;325;0;1
FR;4;2022-02-08;20;21;13;1;22;22;10;0;0;1081029;6361;1155;10;1082191;3602;335;0;1
FR;4;2022-02-09;18;12;9;0;19;17;2;0;0;1081047;6373;1164;10;1082210;3619;337;0;1
FR;4;2022-02-10;23;23;10;0;24;25;7;0;0;1081070;6396;1174;10;1082234;3644;344;0;1
FR;4;2022-02-11;18;15;8;0;18;20;3;0;0;1081088;6411;1182;10;1082252;3664;347;0;1
FR;4;2022-02-12;24;6;3;0;26;7;0;0;0;1081112;6417;1185;10;1082278;3671;347;0;1
FR;4;2022-02-13;7;3;3;0;7;6;0;0;0;1081119;6420;1188;10;1082285;3677;347;0;1
FR;4;2022-02-14;22;10;10;0;22;16;4;0;0;1081141;6430;1198;10;1082307;3693;351;0;1
FR;4;2022-02-15;18;7;2;0;18;8;0;0;0;1081159;6437;1200;10;1082325;3701;351;0;1
FR;4;2022-02-16;17;11;11;0;17;18;3;0;0;1081176;6448;1211;10;1082342;3719;354;0;1
FR;4;2022-02-17;11;4;5;0;11;7;2;0;0;1081187;6452;1216;10;1082353;3726;356;0;1
FR;4;2022-02-18;16;15;8;0;16;21;2;0;0;1081203;6467;1224;10;1082369;3747;358;0;1
FR;4;2022-02-19;16;4;2;0;17;5;0;0;0;1081219;6471;1226;10;1082386;3752;358;0;1
FR;4;2022-02-20;9;4;0;0;10;3;0;0;0;1081228;6475;1226;10;1082396;3755;358;0;1
FR;4;2022-02-21;24;5;4;0;24;7;2;0;0;1081252;6480;1230;10;1082420;3762;360;0;1
FR;4;2022-02-22;9;5;10;0;10;10;4;0;0;1081261;6485;1240;10;1082430;3772;364;0;1
FR;4;2022-02-23;17;6;10;0;17;10;5;0;0;1081278;6491;1250;10;1082447;3782;369;0;1
FR;4;2022-02-24;11;5;4;0;11;7;2;0;0;1081289;6496;1254;10;1082458;3789;371;0;1
FR;4;2022-02-25;17;5;7;0;17;6;6;0;0;1081306;6501;1261;10;1082475;3795;377;0;1
FR;4;2022-02-26;27;3;1;0;27;4;0;0;0;1081333;6504;1262;10;1082502;3799;377;0;1
FR;4;2022-02-27;9;0;1;0;9;1;0;0;0;1081342;6504;1263;10;1082511;3800;377;0;1
FR;4;2022-02-28;18;3;2;0;19;3;1;0;0;1081360;6507;1265;10;1082530;3803;378;0;1
FR;4;2022-03-01;8;4;7;0;8;5;5;0;0;1081368;6511;1272;10;1082538;3808;383;0;1
FR;4;2022-03-02;16;3;6;0;17;7;1;0;0;1081384;6514;1278;10;1082555;3815;384;0;1
FR;4;2022-03-03;19;5;3;0;19;6;1;0;0;1081403;6519;1281;10;1082574;3821;385;0;1
FR;4;2022-03-04;7;8;2;1;7;6;3;0;0;1081410;6527;1283;11;1082581;3827;388;0;1
FR;4;2022-03-05;9;2;0;0;9;2;0;0;0;1081419;6529;1283;11;1082590;3829;388;0;1
FR;4;2022-03-06;4;0;1;0;4;1;0;0;0;1081423;6529;1284;11;1082594;3830;388;0;1
FR;4;2022-03-07;11;6;2;0;11;5;2;0;0;1081434;6535;1286;11;1082605;3835;390;0;1
FR;4;2022-03-08;15;3;0;0;15;3;0;0;0;1081449;6538;1286;11;1082620;3838;390;0;1
FR;4;2022-03-09;9;7;2;0;11;7;0;0;0;1081458;6545;1288;11;1082631;3845;390;0;1
FR;4;2022-03-10;6;1;6;0;6;3;4;0;0;1081464;6546;1294;11;1082637;3848;394;0;1
FR;4;2022-03-11;10;4;5;0;12;2;5;0;0;1081474;6550;1299;11;1082649;3850;399;0;1
FR;4;2022-03-12;10;2;0;0;11;0;0;0;0;1081484;6552;1299;11;1082660;3850;399;0;1
FR;4;2022-03-13;6;2;1;0;7;2;0;0;0;1081490;6554;1300;11;1082667;3852;399;0;1
FR;4;2022-03-14;4;3;1;0;5;3;0;0;0;1081494;6557;1301;11;1082672;3855;399;0;1
FR;4;2022-03-15;8;8;3;0;10;7;2;0;0;1081502;6565;1304;11;1082682;3862;401;0;1
FR;4;2022-03-16;7;3;4;0;7;4;3;0;0;1081509;6568;1308;11;1082689;3866;404;0;1
FR;4;2022-03-17;4;4;1;0;4;5;0;0;0;1081513;6572;1309;11;1082693;3871;404;0;1
FR;4;2022-03-18;9;3;0;0;9;3;0;0;0;1081522;6575;1309;11;1082702;3874;404;0;1
FR;4;2022-03-19;1;1;1;0;1;2;0;0;0;1081523;6576;1310;11;1082703;3876;404;0;1
FR;4;2022-03-20;3;1;2;0;3;2;1;0;0;1081526;6577;1312;11;1082706;3878;405;0;1
FR;4;2022-03-21;6;4;1;0;6;5;0;0;0;1081532;6581;1313;11;1082712;3883;405;0;1
FR;4;2022-03-22;4;2;2;0;4;3;1;0;0;1081536;6583;1315;11;1082716;3886;406;0;1
FR;4;2022-03-23;6;4;5;0;6;8;1;0;0;1081542;6587;1320;11;1082722;3894;407;0;1
FR;4;2022-03-24;2;5;3;1;2;7;2;0;0;1081544;6592;1323;12;1082724;3901;409;0;1
FR;4;2022-03-25;4;1;2;0;4;1;2;0;0;1081548;6593;1325;12;1082728;3902;411;0;1
FR;4;2022-03-26;5;5;0;0;5;5;0;0;0;1081553;6598;1325;12;1082733;3907;411;0;1
FR;4;2022-03-27;1;0;3;0;1;2;1;0;0;1081554;6598;1328;12;1082734;3909;412;0;1
FR;4;2022-03-28;6;1;3;0;7;3;0;0;0;1081560;6599;1331;12;1082741;3912;412;0;1
FR;4;2022-03-29;9;0;4;1;9;0;2;0;0;1081569;6599;1335;13;1082750;3912;414;0;1
FR;4;2022-03-30;3;4;0;0;3;4;0;0;0;1081572;6603;1335;13;1082753;3916;414;0;1
FR;4;2022-03-31;5;3;2;1;5;4;1;0;0;1081577;6606;1337;14;1082758;3920;415;0;1
FR;4;2022-04-01;15;3;5;0;15;6;2;0;0;1081592;6609;1342;14;1082773;3926;417;0;1
FR;4;2022-04-02;4;4;0;0;5;3;0;0;0;1081596;6613;1342;14;1082778;3929;417;0;1
FR;4;2022-04-03;0;1;0;0;0;1;0;0;0;1081596;6614;1342;14;1082778;3930;417;0;1
FR;4;2022-04-04;4;4;4;0;5;5;2;0;0;1081600;6618;1346;14;1082783;3935;419;0;1
FR;4;2022-04-05;4;3;3;1;5;3;3;0;0;1081604;6621;1349;15;1082788;3938;422;0;1
FR;4;2022-04-06;6;1;0;0;6;1;0;0;0;1081610;6622;1349;15;1082794;3939;422;0;1
FR;4;2022-04-07;3;2;3;2;3;5;0;0;0;1081613;6624;1352;17;1082797;3944;422;0;1
FR;4;2022-04-08;4;2;1;0;4;2;1;0;0;1081617;6626;1353;17;1082801;3946;423;0;1
FR;4;2022-04-09;0;0;1;1;0;1;1;0;0;1081617;6626;1354;18;1082801;3947;424;0;1
FR;4;2022-04-10;2;2;0;0;2;2;0;0;0;1081619;6628;1354;18;1082803;3949;424;0;1
FR;4;2022-04-11;4;3;4;0;4;5;2;0;0;1081623;6631;1358;18;1082807;3954;426;0;1
FR;4;2022-04-12;6;1;4;0;6;2;3;0;0;1081629;6632;1362;18;1082813;3956;429;0;1
FR;4;2022-04-13;5;8;2;1;5;10;1;0;0;1081634;6640;1364;19;1082818;3966;430;0;1
FR;4;2022-04-14;6;4;2;1;7;5;1;0;0;1081640;6644;1366;20;1082825;3971;431;0;1
FR;4;2022-04-15;7;9;1;0;7;10;0;0;0;1081647;6653;1367;20;1082832;3981;431;0;1
FR;4;2022-04-16;1;0;0;0;1;0;0;0;0;1081648;6653;1367;20;1082833;3981;431;0;1
FR;4;2022-04-17;3;2;1;0;3;3;0;0;0;1081651;6655;1368;20;1082836;3984;431;0;1
FR;4;2022-04-18;2;2;6;0;2;4;4;0;0;1081653;6657;1374;20;1082838;3988;435;0;1
FR;4;2022-04-19;3;1;1;0;3;1;1;0;0;1081656;6658;1375;20;1082841;3989;436;0;1
FR;4;2022-04-20;15;4;1;1;16;3;1;0;0;1081671;6662;1376;21;1082857;3992;437;0;1
FR;4;2022-04-21;7;1;0;0;7;1;0;0;0;1081678;6663;1376;21;1082864;3993;437;0;1
FR;4;2022-04-22;1;1;2;0;1;2;1;0;0;1081679;6664;1378;21;1082865;3995;438;0;1
FR;4;2022-04-23;2;3;3;0;2;6;0;0;0;1081681;6667;1381;21;1082867;4001;438;0;1
FR;4;2022-04-24;0;3;0;0;0;3;0;0;0;1081681;6670;1381;21;1082867;4004;438;0;1
FR;4;2022-04-25;3;5;3;0;3;8;0;0;0;1081684;6675;1384;21;1082870;4012;438;0;1
FR;4;2022-04-26;5;6;1;0;5;6;1;0;0;1081689;6681;1385;21;1082875;4018;439;0;1
FR;4;2022-04-27;4;1;1;2;5;1;2;0;0;1081693;6682;1386;23;1082880;4019;441;0;1
FR;4;2022-04-28;3;5;5;1;3;7;4;0;0;1081696;6687;1391;24;1082883;4026;445;0;1
FR;4;2022-04-29;6;3;0;0;6;2;0;0;0;1081702;6690;1391;24;1082889;4028;445;0;1
FR;4;2022-04-30;2;1;1;0;2;2;0;0;0;1081704;6691;1392;24;1082891;4030;445;0;1
FR;4;2022-05-01;0;0;0;0;0;0;0;0;0;1081704;6691;1392;24;1082891;4030;445;0;1
FR;4;2022-05-02;5;16;6;0;5;19;3;0;0;1081709;6707;1398;24;1082896;4049;448;0;1
FR;4;2022-05-03;2;6;2;0;2;7;1;0;0;1081711;6713;1400;24;1082898;4056;449;0;1
FR;4;2022-05-04;7;4;1;0;7;4;1;0;0;1081718;6717;1401;24;1082905;4060;450;0;1
FR;4;2022-05-05;5;2;1;1;6;1;2;0;0;1081723;6719;1402;25;1082911;4061;452;0;1
FR;4;2022-05-06;5;3;1;0;6;2;1;0;0;1081728;6722;1403;25;1082917;4063;453;0;1
FR;4;2022-05-07;0;1;0;0;0;1;0;0;0;1081728;6723;1403;25;1082917;4064;453;0;1
FR;4;2022-05-08;1;1;0;0;1;1;0;0;0;1081729;6724;1403;25;1082918;4065;453;0;1
FR;4;2022-05-09;5;1;0;1;5;1;1;0;0;1081734;6725;1403;26;1082923;4066;454;0;1
FR;4;2022-05-10;3;1;0;2;3;3;0;0;0;1081737;6726;1403;28;1082926;4069;454;0;1
FR;4;2022-05-11;4;2;4;0;4;5;1;0;0;1081741;6728;1407;28;1082930;4074;455;0;1
FR;4;2022-05-12;7;4;2;1;7;5;1;0;1;1081748;6732;1409;29;1082937;4079;456;0;2
FR;4;2022-05-13;1;0;2;0;1;2;0;0;0;1081749;6732;1411;29;1082938;4081;456;0;2
FR;4;2022-05-14;0;2;0;0;0;2;0;0;0;1081749;6734;1411;29;1082938;4083;456;0;2
FR;4;2022-05-15;2;2;0;0;4;0;0;0;0;1081751;6736;1411;29;1082942;4083;456;0;2
FR;4;2022-05-16;5;2;2;0;5;2;2;0;0;1081756;6738;1413;29;1082947;4085;458;0;2
FR;4;2022-05-17;5;1;2;0;5;3;0;0;0;1081761;6739;1415;29;1082952;4088;458;0;2
FR;4;2022-05-18;3;6;0;0;3;6;0;0;0;1081764;6745;1415;29;1082955;4094;458;0;2
FR;4;2022-05-19;2;3;3;0;2;5;1;0;0;1081766;6748;1418;29;1082957;4099;459;0;2
FR;4;2022-05-20;5;2;3;0;5;2;3;0;0;1081771;6750;1421;29;1082962;4101;462;0;2
FR;4;2022-05-21;2;0;1;0;2;1;0;0;0;1081773;6750;1422;29;1082964;4102;462;0;2
FR;4;2022-05-22;0;0;1;0;0;1;0;0;0;1081773;6750;1423;29;1082964;4103;462;0;2
FR;4;2022-05-23;0;0;2;0;0;0;2;0;0;1081773;6750;1425;29;1082964;4103;464;0;2
FR;4;2022-05-24;2;4;1;0;2;5;0;0;0;1081775;6754;1426;29;1082966;4108;464;0;2
FR;4;2022-05-25;1;4;1;0;3;3;0;0;0;1081776;6758;1427;29;1082969;4111;464;0;2
FR;4;2022-05-26;5;0;1;0;5;1;0;0;0;1081781;6758;1428;29;1082974;4112;464;0;2
FR;4;2022-05-27;0;2;1;1;0;3;1;0;0;1081781;6760;1429;30;1082974;4115;465;0;2
FR;4;2022-05-28;1;0;0;0;1;0;0;0;0;1081782;6760;1429;30;1082975;4115;465;0;2
FR;4;2022-05-29;1;0;1;0;1;1;0;0;0;1081783;6760;1430;30;1082976;4116;465;0;2
FR;4;2022-05-30;3;4;2;0;3;5;1;0;0;1081786;6764;1432;30;1082979;4121;466;0;2
FR;4;2022-05-31;2;1;0;0;2;1;0;0;0;1081788;6765;1432;30;1082981;4122;466;0;2
FR;4;2022-06-01;5;11;7;0;5;15;3;0;0;1081793;6776;1439;30;1082986;4137;469;0;2
FR;4;2022-06-02;6;7;3;0;6;7;2;0;0;1081799;6783;1442;30;1082992;4144;471;0;2
FR;4;2022-06-03;2;6;4;1;2;7;4;0;0;1081801;6789;1446;31;1082994;4151;475;0;2
FR;4;2022-06-04;0;1;1;1;0;1;2;0;0;1081801;6790;1447;32;1082994;4152;477;0;2
FR;4;2022-06-05;1;0;0;0;1;0;0;0;0;1081802;6790;1447;32;1082995;4152;477;0;2
FR;4;2022-06-06;8;0;3;0;8;2;1;0;0;1081810;6790;1450;32;1083003;4154;478;0;2
FR;4;2022-06-07;7;2;0;1;7;2;1;0;0;1081817;6792;1450;33;1083010;4156;479;0;2
FR;4;2022-06-08;0;5;3;0;1;7;0;0;0;1081817;6797;1453;33;1083011;4163;479;0;2
FR;4;2022-06-09;1;2;0;0;2;1;0;0;0;1081818;6799;1453;33;1083013;4164;479;0;2
FR;4;2022-06-10;4;0;3;0;4;1;2;0;0;1081822;6799;1456;33;1083017;4165;481;0;2
FR;4;2022-06-11;1;0;0;0;1;0;0;0;0;1081823;6799;1456;33;1083018;4165;481;0;2
FR;4;2022-06-12;4;1;1;0;4;2;0;0;0;1081827;6800;1457;33;1083022;4167;481;0;2
FR;4;2022-06-13;6;2;3;0;7;2;1;0;0;1081833;6802;1460;33;1083029;4169;482;0;2
FR;4;2022-06-14;4;3;0;0;5;2;0;0;0;1081837;6805;1460;33;1083034;4171;482;0;2
FR;4;2022-06-15;10;3;4;0;10;3;4;0;0;1081847;6808;1464;33;1083044;4174;486;0;2
FR;4;2022-06-16;2;3;1;1;3;2;1;0;1;1081849;6811;1465;34;1083047;4176;487;0;3
FR;4;2022-06-17;6;1;0;0;6;1;0;0;0;1081855;6812;1465;34;1083053;4177;487;0;3
FR;4;2022-06-18;0;0;0;0;0;0;0;0;0;1081855;6812;1465;34;1083053;4177;487;0;3
FR;4;2022-06-19;3;0;0;0;3;0;0;0;0;1081858;6812;1465;34;1083056;4177;487;0;3
FR;4;2022-06-20;6;2;2;1;6;3;2;0;0;1081864;6814;1467;35;1083062;4180;489;0;3
FR;4;2022-06-21;5;2;4;1;6;4;2;0;0;1081869;6816;1471;36;1083068;4184;491;0;3
FR;4;2022-06-22;3;2;1;3;4;2;1;0;0;1081872;6818;1472;39;1083072;4186;492;0;3
FR;4;2022-06-23;3;3;3;0;3;5;1;0;0;1081875;6821;1475;39;1083075;4191;493;0;3
FR;4;2022-06-24;3;0;2;0;3;0;2;0;0;1081878;6821;1477;39;1083078;4191;495;0;3
FR;4;2022-06-25;3;0;1;1;3;1;1;0;0;1081881;6821;1478;40;1083081;4192;496;0;3
FR;4;2022-06-26;0;0;2;0;0;2;0;0;0;1081881;6821;1480;40;1083081;4194;496;0;3
FR;4;2022-06-27;2;2;1;3;2;3;3;0;0;1081883;6823;1481;43;1083083;4197;499;0;3
FR;4;2022-06-28;0;4;2;1;0;5;2;0;0;1081883;6827;1483;44;1083083;4202;501;0;3
FR;4;2022-06-29;1;2;0;0;1;2;0;0;0;1081884;6829;1483;44;1083084;4204;501;0;3
FR;4;2022-06-30;2;0;0;0;2;0;0;0;0;1081886;6829;1483;44;1083086;4204;501;0;3
FR;4;2022-07-01;3;4;8;0;3;4;8;0;0;1081889;6833;1491;44;1083089;4208;509;0;3
FR;4;2022-07-02;0;1;0;0;1;0;0;0;0;1081889;6834;1491;44;1083090;4208;509;0;3
FR;4;2022-07-03;0;0;0;0;0;0;0;0;0;1081889;6834;1491;44;1083090;4208;509;0;3
FR;4;2022-07-04;4;1;0;0;4;1;0;0;0;1081893;6835;1491;44;1083094;4209;509;0;3
FR;4;2022-07-05;4;1;3;0;4;3;1;0;0;1081897;6836;1494;44;1083098;4212;510;0;3
FR;4;2022-07-06;5;0;1;1;5;0;1;0;1;1081902;6836;1495;45;1083103;4212;511;0;4
FR;4;2022-07-07;2;1;2;1;2;1;3;0;0;1081904;6837;1497;46;1083105;4213;514;0;4
FR;4;2022-07-08;4;1;0;0;4;1;0;0;0;1081908;6838;1497;46;1083109;4214;514;0;4
FR;4;2022-07-09;2;2;1;0;2;3;0;0;0;1081910;6840;1498;46;1083111;4217;514;0;4
FR;4;2022-07-10;2;0;1;0;2;0;0;0;0;1081912;6840;1499;46;1083113;4217;514;0;4
FR;4;2022-07-11;3;0;2;0;3;0;1;0;0;1081915;6840;1501;46;1083116;4217;515;0;4
FR;4;2022-07-12;0;0;2;0;0;2;0;0;0;1081915;6840;1503;46;1083116;4219;515;0;4
FR;4;2022-07-13;4;2;3;1;4;2;4;0;0;1081919;6842;1506;47;1083120;4221;519;0;4
FR;4;2022-07-14;6;0;1;0;6;0;1;0;0;1081925;6842;1507;47;1083126;4221;520;0;4
FR;4;2022-07-15;11;2;0;0;11;2;0;0;0;1081936;6844;1507;47;1083137;4223;520;0;4
FR;4;2022-07-16;5;0;0;2;5;0;2;0;0;1081941;6844;1507;49;1083142;4223;522;0;4
FR;4;2022-07-17;1;0;1;1;1;0;2;0;0;1081942;6844;1508;50;1083143;4223;524;0;4
FR;4;2022-07-18;3;3;2;0;3;3;2;0;0;1081945;6847;1510;50;1083146;4226;526;0;4
FR;4;2022-07-19;5;0;1;0;5;1;0;0;0;1081950;6847;1511;50;1083151;4227;526;0;4
FR;4;2022-07-20;12;2;1;0;13;2;0;0;0;1081962;6849;1512;50;1083164;4229;526;0;4
FR;4;2022-07-21;2;3;1;0;2;3;1;0;0;1081964;6852;1513;50;1083166;4232;527;0;4
FR;4;2022-07-22;5;1;3;0;5;2;2;0;0;1081969;6853;1516;50;1083171;4234;529;0;4
FR;4;2022-07-23;1;2;0;0;1;1;0;0;0;1081970;6855;1516;50;1083172;4235;529;0;4
FR;4;2022-07-24;1;0;0;0;1;0;0;0;0;1081971;6855;1516;50;1083173;4235;529;0;4
FR;4;2022-07-25;7;0;2;1;7;2;1;0;0;1081978;6855;1518;51;1083180;4237;530;0;4
FR;4;2022-07-26;3;0;0;0;3;0;0;0;0;1081981;6855;1518;51;1083183;4237;530;0;4
FR;4;2022-07-27;3;1;0;0;3;0;0;0;0;1081984;6856;1518;51;1083186;4237;530;0;4
FR;4;2022-07-28;13;0;0;0;13;0;0;0;0;1081997;6856;1518;51;1083199;4237;530;0;4
FR;4;2022-07-29;3;0;2;0;3;1;1;0;0;1082000;6856;1520;51;1083202;4238;531;0;4
FR;4;2022-07-30;5;0;2;0;5;0;2;0;0;1082005;6856;1522;51;1083207;4238;533;0;4
FR;4;2022-07-31;0;0;0;0;0;0;0;0;0;1082005;6856;1522;51;1083207;4238;533;0;4
FR;4;2022-08-01;4;0;3;0;4;2;1;0;0;1082009;6856;1525;51;1083211;4240;534;0;4
FR;4;2022-08-02;7;0;0;0;7;0;0;0;0;1082016;6856;1525;51;1083218;4240;534;0;4
FR;4;2022-08-03;2;2;1;0;2;2;1;0;0;1082018;6858;1526;51;1083220;4242;535;0;4
FR;4;2022-08-04;5;2;0;1;5;2;1;0;0;1082023;6860;1526;52;1083225;4244;536;0;4
FR;4;2022-08-05;3;1;1;0;3;1;1;0;0;1082026;6861;1527;52;1083228;4245;537;0;4
FR;4;2022-08-06;2;0;0;0;2;0;0;0;0;1082028;6861;1527;52;1083230;4245;537;0;4
FR;4;2022-08-07;5;0;0;0;5;0;0;0;0;1082033;6861;1527;52;1083235;4245;537;0;4
FR;4;2022-08-08;2;0;1;1;2;1;1;0;0;1082035;6861;1528;53;1083237;4246;538;0;4
FR;4;2022-08-09;1;1;2;2;1;2;3;0;0;1082036;6862;1530;55;1083238;4248;541;0;4
FR;4;2022-08-10;6;1;1;0;7;1;0;0;0;1082042;6863;1531;55;1083245;4249;541;0;4
FR;4;2022-08-11;2;0;1;0;2;1;0;0;0;1082044;6863;1532;55;1083247;4250;541;0;4
FR;4;2022-08-12;4;0;1;0;4;0;1;0;0;1082048;6863;1533;55;1083251;4250;542;0;4
FR;4;2022-08-13;1;0;0;0;1;0;0;0;0;1082049;6863;1533;55;1083252;4250;542;0;4
FR;4;2022-08-14;1;0;0;0;1;0;0;0;0;1082050;6863;1533;55;1083253;4250;542;0;4
FR;4;2022-08-15;1;2;3;0;1;2;3;0;0;1082051;6865;1536;55;1083254;4252;545;0;4
FR;4;2022-08-16;0;0;1;0;0;1;0;0;0;1082051;6865;1537;55;1083254;4253;545;0;4
FR;4;2022-08-17;3;0;0;0;3;0;0;0;0;1082054;6865;1537;55;1083257;4253;545;0;4
FR;4;2022-08-18;6;0;0;0;6;0;0;0;0;1082060;6865;1537;55;1083263;4253;545;0;4
FR;4;2022-08-19;5;0;0;0;5;0;0;0;0;1082065;6865;1537;55;1083268;4253;545;0;4
FR;4;2022-08-20;3;1;0;0;4;0;0;0;0;1082068;6866;1537;55;1083272;4253;545;0;4
FR;4;2022-08-21;1;0;0;0;1;0;0;0;0;1082069;6866;1537;55;1083273;4253;545;0;4
FR;4;2022-08-22;3;9;0;0;3;9;0;0;0;1082072;6875;1537;55;1083276;4262;545;0;4
FR;4;2022-08-23;3;3;3;0;3;4;2;0;0;1082075;6878;1540;55;1083279;4266;547;0;4
FR;4;2022-08-24;6;0;0;1;6;0;1;0;0;1082081;6878;1540;56;1083285;4266;548;0;4
FR;4;2022-08-25;1;3;2;0;1;4;1;0;0;1082082;6881;1542;56;1083286;4270;549;0;4
FR;4;2022-08-26;6;0;0;1;6;0;1;0;0;1082088;6881;1542;57;1083292;4270;550;0;4
FR;4;2022-08-27;1;0;0;0;1;0;0;0;0;1082089;6881;1542;57;1083293;4270;550;0;4
FR;4;2022-08-28;0;1;0;0;0;0;0;0;0;1082089;6882;1542;57;1083293;4270;550;0;4
FR;4;2022-08-29;8;0;0;0;8;0;0;0;0;1082097;6882;1542;57;1083301;4270;550;0;4
FR;4;2022-08-30;5;1;0;0;5;1;0;0;0;1082102;6883;1542;57;1083306;4271;550;0;4
FR;4;2022-08-31;3;1;0;0;3;1;0;0;0;1082105;6884;1542;57;1083309;4272;550;0;4
FR;4;2022-09-01;4;8;2;0;5;7;2;0;0;1082109;6892;1544;57;1083314;4279;552;0;4
FR;4;2022-09-02;2;2;1;0;3;2;0;0;0;1082111;6894;1545;57;1083317;4281;552;0;4
FR;4;2022-09-03;3;0;0;0;3;0;0;0;0;1082114;6894;1545;57;1083320;4281;552;0;4
FR;4;2022-09-04;1;0;0;0;1;0;0;0;0;1082115;6894;1545;57;1083321;4281;552;0;4
FR;4;2022-09-05;4;2;0;0;4;2;0;0;0;1082119;6896;1545;57;1083325;4283;552;0;4
FR;4;2022-09-06;1;0;0;0;1;0;0;0;0;1082120;6896;1545;57;1083326;4283;552;0;4
FR;4;2022-09-07;2;0;1;1;2;1;1;0;0;1082122;6896;1546;58;1083328;4284;553;0;4
FR;4;2022-09-08;3;0;0;0;3;0;0;0;0;1082125;6896;1546;58;1083331;4284;553;0;4
FR;4;2022-09-09;2;2;0;0;2;2;0;0;0;1082127;6898;1546;58;1083333;4286;553;0;4
FR;4;2022-09-10;0;1;0;3;0;2;2;0;0;1082127;6899;1546;61;1083333;4288;555;0;4
FR;4;2022-09-11;2;0;0;0;2;0;0;0;0;1082129;6899;1546;61;1083335;4288;555;0;4
FR;4;2022-09-12;1;1;1;0;1;1;1;0;0;1082130;6900;1547;61;1083336;4289;556;0;4
FR;4;2022-09-13;1;0;0;0;1;0;0;0;0;1082131;6900;1547;61;1083337;4289;556;0;4
FR;4;2022-09-14;4;0;0;0;4;0;0;0;0;1082135;6900;1547;61;1083341;4289;556;0;4
FR;4;2022-09-15;4;0;0;0;4;0;0;0;0;1082139;6900;1547;61;1083345;4289;556;0;4
FR;4;2022-09-16;1;0;0;0;1;0;0;0;0;1082140;6900;1547;61;1083346;4289;556;0;4
FR;4;2022-09-17;2;0;0;0;2;0;0;0;0;1082142;6900;1547;61;1083348;4289;556;0;4
FR;4;2022-09-18;0;1;0;0;0;1;0;0;0;1082142;6901;1547;61;1083348;4290;556;0;4
FR;4;2022-09-19;4;0;2;0;4;2;0;0;0;1082146;6901;1549;61;1083352;4292;556;0;4
FR;4;2022-09-20;4;0;0;0;4;0;0;0;0;1082150;6901;1549;61;1083356;4292;556;0;4
FR;4;2022-09-21;2;1;0;0;2;1;0;0;0;1082152;6902;1549;61;1083358;4293;556;0;4
FR;4;2022-09-22;2;1;0;0;2;1;0;0;0;1082154;6903;1549;61;1083360;4294;556;0;4
FR;4;2022-09-23;2;3;0;0;3;2;0;0;0;1082156;6906;1549;61;1083363;4296;556;0;4
FR;4;2022-09-24;1;0;0;0;1;0;0;0;0;1082157;6906;1549;61;1083364;4296;556;0;4
FR;4;2022-09-25;0;0;0;0;0;0;0;0;0;1082157;6906;1549;61;1083364;4296;556;0;4
FR;4;2022-09-26;2;0;1;0;2;0;1;0;0;1082159;6906;1550;61;1083366;4296;557;0;4
FR;4;2022-09-27;1;0;1;1;1;0;2;0;0;1082160;6906;1551;62;1083367;4296;559;0;4
FR;4;2022-09-28;3;0;2;0;3;2;0;0;0;1082163;6906;1553;62;1083370;4298;559;0;4
FR;4;2022-09-29;5;0;1;1;5;1;1;0;0;1082168;6906;1554;63;1083375;4299;560;0;4
FR;4;2022-09-30;1;1;0;0;1;1;0;0;0;1082169;6907;1554;63;1083376;4300;560;0;4
FR;4;2022-10-01;1;1;0;0;2;0;0;0;0;1082170;6908;1554;63;1083378;4300;560;0;4
FR;4;2022-10-02;0;1;0;0;0;1;0;0;0;1082170;6909;1554;63;1083378;4301;560;0;4
FR;4;2022-10-03;2;3;1;1;3;3;1;0;0;1082172;6912;1555;64;1083381;4304;561;0;4
FR;4;2022-10-04;3;0;0;0;3;0;0;0;0;1082175;6912;1555;64;1083384;4304;561;0;4
FR;4;2022-10-05;0;1;0;0;0;1;0;0;0;1082175;6913;1555;64;1083384;4305;561;0;4
FR;4;2022-10-06;2;0;0;0;2;0;0;0;0;1082177;6913;1555;64;1083386;4305;561;0;4
FR;4;2022-10-07;3;1;1;0;3;1;1;0;0;1082180;6914;1556;64;1083389;4306;562;0;4
FR;4;2022-10-08;4;1;0;0;4;0;0;0;0;1082184;6915;1556;64;1083393;4306;562;0;4
FR;4;2022-10-09;0;0;0;0;0;0;0;0;0;1082184;6915;1556;64;1083393;4306;562;0;4
FR;4;2022-10-10;5;0;2;3;5;2;1;0;2;1082189;6915;1558;67;1083398;4308;563;0;6
FR;4;2022-10-11;2;2;0;0;2;1;0;0;0;1082191;6917;1558;67;1083400;4309;563;0;6
FR;4;2022-10-12;1;0;0;0;1;0;0;0;0;1082192;6917;1558;67;1083401;4309;563;0;6
FR;4;2022-10-13;5;0;0;0;5;0;0;0;0;1082197;6917;1558;67;1083406;4309;563;0;6
FR;4;2022-10-14;1;1;0;0;1;1;0;0;0;1082198;6918;1558;67;1083407;4310;563;0;6
FR;4;2022-10-15;1;2;0;0;1;2;0;0;0;1082199;6920;1558;67;1083408;4312;563;0;6
FR;4;2022-10-16;0;0;0;0;0;0;0;0;0;1082199;6920;1558;67;1083408;4312;563;0;6
FR;4;2022-10-17;3;0;1;0;3;1;0;0;0;1082202;6920;1559;67;1083411;4313;563;0;6
FR;4;2022-10-18;1;0;0;1;1;0;1;0;0;1082203;6920;1559;68;1083412;4313;564;0;6
FR;4;2022-10-19;1;0;0;2;1;0;2;0;3;1082204;6920;1559;70;1083413;4313;566;0;9
FR;4;2022-10-20;4;1;0;0;4;1;0;0;0;1082208;6921;1559;70;1083417;4314;566;0;9
FR;4;2022-10-21;3;1;0;0;3;1;0;0;0;1082211;6922;1559;70;1083420;4315;566;0;9
FR;4;2022-10-22;1;0;0;0;1;0;0;0;0;1082212;6922;1559;70;1083421;4315;566;0;9
FR;4;2022-10-23;0;0;0;0;0;0;0;0;0;1082212;6922;1559;70;1083421;4315;566;0;9
FR;4;2022-10-24;3;0;0;0;3;0;0;0;0;1082215;6922;1559;70;1083424;4315;566;0;9
FR;4;2022-10-25;4;0;0;0;4;0;0;0;0;1082219;6922;1559;70;1083428;4315;566;0;9
FR;4;2022-10-26;2;1;0;0;2;1;0;0;0;1082221;6923;1559;70;1083430;4316;566;0;9
FR;4;2022-10-27;3;1;1;0;3;0;1;0;0;1082224;6924;1560;70;1083433;4316;567;0;9
FR;4;2022-10-28;0;0;0;0;0;0;0;0;0;1082224;6924;1560;70;1083433;4316;567;0;9
FR;4;2022-10-29;1;0;0;3;1;0;3;0;3;1082225;6924;1560;73;1083434;4316;570;0;12
FR;4;2022-10-30;1;0;0;0;1;0;0;0;0;1082226;6924;1560;73;1083435;4316;570;0;12
FR;4;2022-10-31;1;0;0;0;1;0;0;0;0;1082227;6924;1560;73;1083436;4316;570;0;12
FR;4;2022-11-01;1;6;0;0;1;6;0;0;0;1082228;6930;1560;73;1083437;4322;570;0;12
FR;4;2022-11-02;0;0;2;2;0;1;3;0;0;1082228;6930;1562;75;1083437;4323;573;0;12
FR;4;2022-11-03;1;0;0;0;1;0;0;0;0;1082229;6930;1562;75;1083438;4323;573;0;12
FR;4;2022-11-04;4;1;0;0;4;0;0;0;0;1082233;6931;1562;75;1083442;4323;573;0;12
FR;4;2022-11-05;0;0;0;0;0;0;0;0;0;1082233;6931;1562;75;1083442;4323;573;0;12
FR;4;2022-11-06;2;0;0;0;2;0;0;0;0;1082235;6931;1562;75;1083444;4323;573;0;12
FR;4;2022-11-07;2;0;0;0;2;0;0;0;0;1082237;6931;1562;75;1083446;4323;573;0;12
FR;4;2022-11-08;7;0;0;0;7;0;0;0;0;1082244;6931;1562;75;1083453;4323;573;0;12
FR;4;2022-11-09;0;0;0;0;0;0;0;0;0;1082244;6931;1562;75;1083453;4323;573;0;12
FR;4;2022-11-10;2;0;1;0;2;1;0;0;0;1082246;6931;1563;75;1083455;4324;573;0;12
FR;4;2022-11-11;1;0;0;0;1;0;0;0;0;1082247;6931;1563;75;1083456;4324;573;0;12
FR;4;2022-11-12;3;1;0;0;3;1;0;0;0;1082250;6932;1563;75;1083459;4325;573;0;12
FR;4;2022-11-13;2;0;0;0;2;0;0;0;0;1082252;6932;1563;75;1083461;4325;573;0;12
FR;4;2022-11-14;0;1;0;0;0;1;0;0;0;1082252;6933;1563;75;1083461;4326;573;0;12
FR;4;2022-11-15;3;1;0;0;3;1;0;0;0;1082255;6934;1563;75;1083464;4327;573;0;12
FR;4;2022-11-16;1;1;1;0;1;1;1;0;0;1082256;6935;1564;75;1083465;4328;574;0;12
FR;4;2022-11-17;0;2;0;0;0;2;0;0;0;1082256;6937;1564;75;1083465;4330;574;0;12
FR;4;2022-11-18;5;0;1;0;5;0;1;0;0;1082261;6937;1565;75;1083470;4330;575;0;12
FR;4;2022-11-19;0;0;0;0;0;0;0;0;0;1082261;6937;1565;75;1083470;4330;575;0;12
FR;4;2022-11-20;0;0;0;1;0;0;0;0;1;1082261;6937;1565;76;1083470;4330;575;0;13
FR;4;2022-11-21;0;0;0;0;0;0;0;0;0;1082261;6937;1565;76;1083470;4330;575;0;13
FR;4;2022-11-22;0;1;1;0;0;2;0;0;0;1082261;6938;1566;76;1083470;4332;575;0;13
FR;4;2022-11-23;1;0;0;0;1;0;0;0;1;1082262;6938;1566;76;1083471;4332;575;0;14
FR;4;2022-11-24;0;2;0;0;0;2;0;0;0;1082262;6940;1566;76;1083471;4334;575;0;14
FR;4;2022-11-25;3;4;0;0;3;4;0;0;0;1082265;6944;1566;76;1083474;4338;575;0;14
FR;4;2022-11-26;1;0;0;0;1;0;0;0;0;1082266;6944;1566;76;1083475;4338;575;0;14
FR;4;2022-11-27;0;0;0;0;0;0;0;0;0;1082266;6944;1566;76;1083475;4338;575;0;14
FR;4;2022-11-28;4;0;0;0;4;0;0;0;0;1082270;6944;1566;76;1083479;4338;575;0;14
FR;4;2022-11-29;3;0;0;0;3;0;0;0;0;1082273;6944;1566;76;1083482;4338;575;0;14
FR;4;2022-11-30;0;0;0;0;0;0;0;0;0;1082273;6944;1566;76;1083482;4338;575;0;14
FR;4;2022-12-01;1;2;2;0;2;2;1;0;0;1082274;6946;1568;76;1083484;4340;576;0;14
FR;4;2022-12-02;6;1;0;1;6;1;0;0;1;1082280;6947;1568;77;1083490;4341;576;0;15
FR;4;2022-12-03;1;0;0;0;1;0;0;0;0;1082281;6947;1568;77;1083491;4341;576;0;15
FR;4;2022-12-04;0;0;0;0;0;0;0;0;0;1082281;6947;1568;77;1083491;4341;576;0;15
FR;4;2022-12-05;2;1;0;0;2;1;0;0;0;1082283;6948;1568;77;1083493;4342;576;0;15
FR;4;2022-12-06;2;0;0;0;2;0;0;0;0;1082285;6948;1568;77;1083495;4342;576;0;15
FR;4;2022-12-07;2;3;1;0;2;4;0;0;0;1082287;6951;1569;77;1083497;4346;576;0;15
FR;4;2022-12-08;1;0;0;0;1;0;0;0;0;1082288;6951;1569;77;1083498;4346;576;0;15
FR;4;2022-12-09;2;0;1;0;2;0;1;0;0;1082290;6951;1570;77;1083500;4346;577;0;15
FR;4;2022-12-10;1;0;0;0;1;0;0;0;0;1082291;6951;1570;77;1083501;4346;577;0;15
FR;4;2022-12-11;0;0;0;0;0;0;0;0;0;1082291;6951;1570;77;1083501;4346;577;0;15
FR;4;2022-12-12;2;1;0;5;2;1;5;0;0;1082293;6952;1570;82;1083503;4347;582;0;15
FR;4;2022-12-13;2;0;0;0;2;0;0;0;0;1082295;6952;1570;82;1083505;4347;582;0;15
FR;4;2022-12-14;0;0;0;0;0;0;0;0;0;1082295;6952;1570;82;1083505;4347;582;0;15
FR;4;2022-12-15;1;1;0;0;1;1;0;0;0;1082296;6953;1570;82;1083506;4348;582;0;15
FR;4;2022-12-16;2;0;0;0;2;0;0;0;0;1082298;6953;1570;82;1083508;4348;582;0;15
FR;4;2022-12-17;0;0;1;0;0;0;1;0;0;1082298;6953;1571;82;1083508;4348;583;0;15
FR;4;2022-12-18;1;0;0;0;1;0;0;0;0;1082299;6953;1571;82;1083509;4348;583;0;15
FR;4;2022-12-19;1;0;0;0;1;0;0;0;0;1082300;6953;1571;82;1083510;4348;583;0;15
FR;4;2022-12-20;4;2;0;0;5;1;0;0;0;1082304;6955;1571;82;1083515;4349;583;0;15
FR;4;2022-12-21;6;0;0;0;6;0;0;0;0;1082310;6955;1571;82;1083521;4349;583;0;15
FR;4;2022-12-22;2;1;0;0;2;1;0;0;0;1082312;6956;1571;82;1083523;4350;583;0;15
FR;4;2022-12-23;3;0;0;0;3;0;0;0;0;1082315;6956;1571;82;1083526;4350;583;0;15
FR;4;2022-12-24;0;0;1;0;0;1;0;0;0;1082315;6956;1572;82;1083526;4351;583;0;15
FR;4;2022-12-25;0;0;0;0;0;0;0;0;0;1082315;6956;1572;82;1083526;4351;583;0;15
FR;4;2022-12-26;1;2;0;0;1;1;0;0;0;1082316;6958;1572;82;1083527;4352;583;0;15
FR;4;2022-12-27;1;1;0;0;1;1;0;0;0;1082317;6959;1572;82;1083528;4353;583;0;15
FR;4;2022-12-28;0;0;0;0;0;0;0;0;0;1082317;6959;1572;82;1083528;4353;583;0;15
FR;4;2022-12-29;0;1;0;0;1;0;0;0;0;1082317;6960;1572;82;1083529;4353;583;0;15
FR;4;2022-12-30;1;0;0;0;1;0;0;0;0;1082318;6960;1572;82;1083530;4353;583;0;15
FR;4;2022-12-31;0;0;0;0;0;0;0;0;0;1082318;6960;1572;82;1083530;4353;583;0;15
FR;4;2023-01-01;0;0;0;0;0;0;0;0;0;1082318;6960;1572;82;1083530;4353;583;0;15
FR;4;2023-01-02;2;0;2;0;2;1;1;0;0;1082320;6960;1574;82;1083532;4354;584;0;15
FR;4;2023-01-03;1;1;0;0;1;1;0;0;0;1082321;6961;1574;82;1083533;4355;584;0;15
FR;4;2023-01-04;0;0;0;0;0;0;0;0;0;1082321;6961;1574;82;1083533;4355;584;0;15
FR;4;2023-01-05;0;0;0;0;0;0;0;0;0;1082321;6961;1574;82;1083533;4355;584;0;15
FR;4;2023-01-06;1;1;3;0;1;4;0;0;0;1082322;6962;1577;82;1083534;4359;584;0;15
FR;4;2023-01-07;1;0;0;0;1;0;0;0;0;1082323;6962;1577;82;1083535;4359;584;0;15
FR;4;2023-01-08;1;0;0;0;1;0;0;0;0;1082324;6962;1577;82;1083536;4359;584;0;15
FR;4;2023-01-09;1;0;0;0;1;0;0;0;0;1082325;6962;1577;82;1083537;4359;584;0;15
FR;4;2023-01-10;2;1;0;0;2;1;0;0;0;1082327;6963;1577;82;1083539;4360;584;0;15
FR;4;2023-01-11;0;0;0;0;0;0;0;0;0;1082327;6963;1577;82;1083539;4360;584;0;15
FR;4;2023-01-12;3;2;0;0;3;2;0;0;0;1082330;6965;1577;82;1083542;4362;584;0;15
FR;4;2023-01-13;3;0;2;0;3;0;2;0;0;1082333;6965;1579;82;1083545;4362;586;0;15
FR;4;2023-01-14;0;0;1;0;0;0;1;0;0;1082333;6965;1580;82;1083545;4362;587;0;15
FR;4;2023-01-15;0;0;0;0;0;0;0;0;0;1082333;6965;1580;82;1083545;4362;587;0;15
FR;4;2023-01-16;3;0;0;0;3;0;0;0;0;1082336;6965;1580;82;1083548;4362;587;0;15
FR;4;2023-01-17;2;0;0;0;2;0;0;0;0;1082338;6965;1580;82;1083550;4362;587;0;15
FR;4;2023-01-18;3;0;0;0;3;0;0;0;0;1082341;6965;1580;82;1083553;4362;587;0;15
FR;4;2023-01-19;1;0;0;2;1;0;0;0;0;1082342;6965;1580;84;1083554;4362;587;0;15
FR;4;2023-01-20;0;0;0;0;0;0;0;0;0;1082342;6965;1580;84;1083554;4362;587;0;15
FR;4;2023-01-21;0;0;0;0;0;0;0;0;0;1082342;6965;1580;84;1083554;4362;587;0;15
FR;4;2023-01-22;0;0;0;0;0;0;0;0;0;1082342;6965;1580;84;1083554;4362;587;0;15
FR;4;2023-01-23;1;0;0;0;1;0;0;0;0;1082343;6965;1580;84;1083555;4362;587;0;15
FR;4;2023-01-24;3;1;0;0;3;1;0;0;0;1082346;6966;1580;84;1083558;4363;587;0;15
FR;4;2023-01-25;6;0;0;0;6;0;0;0;0;1082352;6966;1580;84;1083564;4363;587;0;15
FR;4;2023-01-26;1;0;0;0;1;0;0;0;0;1082353;6966;1580;84;1083565;4363;587;0;15
FR;4;2023-01-27;0;0;0;0;0;0;0;0;0;1082353;6966;1580;84;1083565;4363;587;0;15
FR;4;2023-01-28;0;0;0;0;0;0;0;0;0;1082353;6966;1580;84;1083565;4363;587;0;15
FR;4;2023-01-29;0;0;0;0;0;0;0;0;0;1082353;6966;1580;84;1083565;4363;587;0;15
FR;4;2023-01-30;0;0;0;0;0;0;0;0;0;1082353;6966;1580;84;1083565;4363;587;0;15
FR;4;2023-01-31;0;0;0;0;0;0;0;0;0;1082353;6966;1580;84;1083565;4363;587;0;15
FR;4;2023-02-01;0;0;0;0;0;0;0;0;0;1082353;6966;1580;84;1083565;4363;587;0;15
FR;4;2023-02-02;3;2;2;1;3;3;1;0;0;1082356;6968;1582;85;1083568;4366;588;0;15
FR;4;2023-02-03;0;0;0;0;0;0;0;0;0;1082356;6968;1582;85;1083568;4366;588;0;15
FR;4;2023-02-04;1;0;0;0;1;0;0;0;0;1082357;6968;1582;85;1083569;4366;588;0;15
FR;4;2023-02-05;0;0;0;0;0;0;0;0;0;1082357;6968;1582;85;1083569;4366;588;0;15
FR;4;2023-02-06;1;0;0;0;1;0;0;0;0;1082358;6968;1582;85;1083570;4366;588;0;15
FR;4;2023-02-07;2;0;0;0;2;0;0;0;0;1082360;6968;1582;85;1083572;4366;588;0;15
FR;4;2023-02-08;2;1;0;0;2;0;0;0;0;1082362;6969;1582;85;1083574;4366;588;0;15
FR;4;2023-02-09;1;1;0;0;1;1;0;0;0;1082363;6970;1582;85;1083575;4367;588;0;15
FR;4;2023-02-10;5;1;0;0;5;0;0;0;0;1082368;6971;1582;85;1083580;4367;588;0;15
FR;4;2023-02-11;4;0;0;0;4;0;0;0;0;1082372;6971;1582;85;1083584;4367;588;0;15
FR;4;2023-02-12;0;0;0;0;0;0;0;0;0;1082372;6971;1582;85;1083584;4367;588;0;15
FR;4;2023-02-13;3;0;0;0;3;0;0;0;0;1082375;6971;1582;85;1083587;4367;588;0;15
FR;4;2023-02-14;0;2;0;0;2;0;0;0;0;1082375;6973;1582;85;1083589;4367;588;0;15
FR;4;2023-02-15;2;0;0;0;2;0;0;0;0;1082377;6973;1582;85;1083591;4367;588;0;15
FR;4;2023-02-16;1;1;0;0;1;1;0;0;0;1082378;6974;1582;85;1083592;4368;588;0;15
FR;4;2023-02-17;1;0;0;0;1;0;0;0;0;1082379;6974;1582;85;1083593;4368;588;0;15
FR;4;2023-02-18;0;2;0;0;0;2;0;0;0;1082379;6976;1582;85;1083593;4370;588;0;15
FR;4;2023-02-19;0;0;0;0;0;0;0;0;0;1082379;6976;1582;85;1083593;4370;588;0;15
FR;4;2023-02-20;1;0;0;0;1;0;0;0;0;1082380;6976;1582;85;1083594;4370;588;0;15
FR;4;2023-02-21;2;0;0;0;2;0;0;0;0;1082382;6976;1582;85;1083596;4370;588;0;15
FR;4;2023-02-22;0;0;0;0;0;0;0;0;0;1082382;6976;1582;85;1083596;4370;588;0;15
FR;4;2023-02-23;0;0;0;0;0;0;0;0;0;1082382;6976;1582;85;1083596;4370;588;0;15
FR;4;2023-02-24;1;0;0;0;1;0;0;0;0;1082383;6976;1582;85;1083597;4370;588;0;15
FR;4;2023-02-25;2;1;0;0;2;1;0;0;0;1082385;6977;1582;85;1083599;4371;588;0;15
FR;4;2023-02-26;0;0;0;0;0;0;0;0;0;1082385;6977;1582;85;1083599;4371;588;0;15
FR;4;2023-02-27;1;0;0;0;1;0;0;0;0;1082386;6977;1582;85;1083600;4371;588;0;15
FR;4;2023-02-28;0;0;0;0;0;0;0;0;0;1082386;6977;1582;85;1083600;4371;588;0;15
FR;4;2023-03-01;1;0;0;0;1;0;0;0;0;1082387;6977;1582;85;1083601;4371;588;0;15
FR;4;2023-03-02;1;1;2;0;1;1;2;0;0;1082388;6978;1584;85;1083602;4372;590;0;15
FR;4;2023-03-03;1;0;0;0;1;0;0;0;0;1082389;6978;1584;85;1083603;4372;590;0;15
FR;4;2023-03-04;0;0;0;0;0;0;0;0;0;1082389;6978;1584;85;1083603;4372;590;0;15
FR;4;2023-03-05;0;0;0;0;0;0;0;0;0;1082389;6978;1584;85;1083603;4372;590;0;15
FR;4;2023-03-06;0;0;0;0;0;0;0;0;0;1082389;6978;1584;85;1083603;4372;590;0;15
FR;4;2023-03-07;0;0;0;0;0;0;0;0;0;1082389;6978;1584;85;1083603;4372;590;0;15
FR;4;2023-03-08;1;0;0;0;1;0;0;0;0;1082390;6978;1584;85;1083604;4372;590;0;15
FR;4;2023-03-09;0;0;0;0;0;0;0;0;0;1082390;6978;1584;85;1083604;4372;590;0;15
FR;4;2023-03-10;2;0;1;0;2;0;1;0;0;1082392;6978;1585;85;1083606;4372;591;0;15
FR;4;2023-03-11;0;0;0;0;0;0;0;0;0;1082392;6978;1585;85;1083606;4372;591;0;15
FR;4;2023-03-12;0;0;0;0;0;0;0;0;0;1082392;6978;1585;85;1083606;4372;591;0;15
FR;4;2023-03-13;0;0;0;0;0;0;0;0;0;1082392;6978;1585;85;1083606;4372;591;0;15
FR;4;2023-03-14;0;0;0;0;0;0;0;0;0;1082392;6978;1585;85;1083606;4372;591;0;15
FR;4;2023-03-15;1;0;0;1;1;0;0;0;1;1082393;6978;1585;86;1083607;4372;591;0;16
FR;4;2023-03-16;1;0;0;0;1;0;0;0;0;1082394;6978;1585;86;1083608;4372;591;0;16
FR;4;2023-03-17;1;0;0;0;1;0;0;0;0;1082395;6978;1585;86;1083609;4372;591;0;16
FR;4;2023-03-18;0;1;0;0;0;1;0;0;0;1082395;6979;1585;86;1083609;4373;591;0;16
FR;4;2023-03-19;0;0;0;0;0;0;0;0;0;1082395;6979;1585;86;1083609;4373;591;0;16
FR;4;2023-03-20;0;0;0;0;0;0;0;0;0;1082395;6979;1585;86;1083609;4373;591;0;16
FR;4;2023-03-21;2;0;0;0;2;0;0;0;0;1082397;6979;1585;86;1083611;4373;591;0;16
FR;4;2023-03-22;0;0;1;0;0;0;1;0;0;1082397;6979;1586;86;1083611;4373;592;0;16
FR;4;2023-03-23;1;0;0;0;1;0;0;0;0;1082398;6979;1586;86;1083612;4373;592;0;16
FR;4;2023-03-24;0;0;0;0;0;0;0;0;0;1082398;6979;1586;86;1083612;4373;592;0;16
FR;4;2023-03-25;0;0;0;0;0;0;0;0;0;1082398;6979;1586;86;1083612;4373;592;0;16
FR;4;2023-03-26;0;0;0;0;0;0;0;0;0;1082398;6979;1586;86;1083612;4373;592;0;16
FR;4;2023-03-27;1;0;0;0;1;0;0;0;0;1082399;6979;1586;86;1083613;4373;592;0;16
FR;4;2023-03-28;1;0;0;0;1;0;0;0;0;1082400;6979;1586;86;1083614;4373;592;0;16
FR;4;2023-03-29;2;0;0;0;2;0;0;0;0;1082402;6979;1586;86;1083616;4373;592;0;16
FR;4;2023-03-30;0;1;0;0;1;0;0;0;0;1082402;6980;1586;86;1083617;4373;592;0;16
FR;4;2023-03-31;3;0;0;1;3;0;0;0;4;1082405;6980;1586;87;1083620;4373;592;0;20
FR;4;2023-04-01;2;0;0;0;2;0;0;0;0;1082407;6980;1586;87;1083622;4373;592;0;20
FR;4;2023-04-02;0;0;0;0;0;0;0;0;0;1082407;6980;1586;87;1083622;4373;592;0;20
FR;4;2023-04-03;0;0;0;0;0;0;0;0;0;1082407;6980;1586;87;1083622;4373;592;0;20
FR;4;2023-04-04;0;0;0;0;0;0;0;0;0;1082407;6980;1586;87;1083622;4373;592;0;20
FR;4;2023-04-05;0;0;0;0;0;0;0;0;0;1082407;6980;1586;87;1083622;4373;592;0;20
FR;4;2023-04-06;0;0;0;0;0;0;0;0;0;1082407;6980;1586;87;1083622;4373;592;0;20
FR;4;2023-04-07;0;0;0;0;0;0;0;0;0;1082407;6980;1586;87;1083622;4373;592;0;20
FR;4;2023-04-08;0;0;0;0;0;0;0;0;0;1082407;6980;1586;87;1083622;4373;592;0;20
FR;4;2023-04-09;0;0;0;0;0;0;0;0;0;1082407;6980;1586;87;1083622;4373;592;0;20
FR;4;2023-04-10;1;0;0;0;1;0;0;0;0;1082408;6980;1586;87;1083623;4373;592;0;20
FR;4;2023-04-11;0;0;0;0;0;0;0;0;0;1082408;6980;1586;87;1083623;4373;592;0;20
FR;4;2023-04-12;1;0;0;0;1;0;0;0;0;1082409;6980;1586;87;1083624;4373;592;0;20
FR;4;2023-04-13;0;0;0;0;0;0;0;0;0;1082409;6980;1586;87;1083624;4373;592;0;20
FR;4;2023-04-14;0;0;0;0;0;0;0;0;0;1082409;6980;1586;87;1083624;4373;592;0;20
FR;4;2023-04-15;0;0;0;0;0;0;0;0;0;1082409;6980;1586;87;1083624;4373;592;0;20
FR;4;2023-04-16;0;0;0;0;0;0;0;0;0;1082409;6980;1586;87;1083624;4373;592;0;20
FR;4;2023-04-17;0;0;0;0;0;0;0;0;0;1082409;6980;1586;87;1083624;4373;592;0;20
FR;4;2023-04-18;0;0;0;0;0;0;0;0;0;1082409;6980;1586;87;1083624;4373;592;0;20
FR;4;2023-04-19;1;0;0;0;1;0;0;0;0;1082410;6980;1586;87;1083625;4373;592;0;20
FR;4;2023-04-20;0;0;0;0;0;0;0;0;0;1082410;6980;1586;87;1083625;4373;592;0;20
FR;4;2023-04-21;0;1;0;0;0;1;0;0;0;1082410;6981;1586;87;1083625;4374;592;0;20
FR;4;2023-04-22;0;0;0;0;0;0;0;0;0;1082410;6981;1586;87;1083625;4374;592;0;20
FR;4;2023-04-23;1;0;0;0;1;0;0;0;0;1082411;6981;1586;87;1083626;4374;592;0;20
FR;4;2023-04-24;1;0;0;0;1;0;0;0;0;1082412;6981;1586;87;1083627;4374;592;0;20
FR;4;2023-04-25;1;0;0;0;1;0;0;0;0;1082413;6981;1586;87;1083628;4374;592;0;20
FR;4;2023-04-26;0;0;0;0;0;0;0;0;0;1082413;6981;1586;87;1083628;4374;592;0;20
FR;4;2023-04-27;0;0;0;0;0;0;0;0;0;1082413;6981;1586;87;1083628;4374;592;0;20
FR;4;2023-04-28;0;0;0;0;0;0;0;0;0;1082413;6981;1586;87;1083628;4374;592;0;20
FR;4;2023-04-29;0;0;0;0;0;0;0;0;0;1082413;6981;1586;87;1083628;4374;592;0;20
FR;4;2023-04-30;0;0;0;0;0;0;0;0;0;1082413;6981;1586;87;1083628;4374;592;0;20
FR;4;2023-05-01;1;0;0;0;1;0;0;0;0;1082414;6981;1586;87;1083629;4374;592;0;20
FR;4;2023-05-02;0;0;0;0;0;0;0;0;0;1082414;6981;1586;87;1083629;4374;592;0;20
FR;4;2023-05-03;0;0;0;0;0;0;0;0;0;1082414;6981;1586;87;1083629;4374;592;0;20
FR;4;2023-05-04;0;0;0;0;0;0;0;0;0;1082414;6981;1586;87;1083629;4374;592;0;20
FR;4;2023-05-05;0;0;0;0;0;0;0;0;0;1082414;6981;1586;87;1083629;4374;592;0;20
FR;4;2023-05-06;0;0;0;0;0;0;0;0;0;1082414;6981;1586;87;1083629;4374;592;0;20
FR;4;2023-05-07;0;0;0;0;0;0;0;0;0;1082414;6981;1586;87;1083629;4374;592;0;20
FR;4;2023-05-08;0;0;0;0;0;0;0;0;0;1082414;6981;1586;87;1083629;4374;592;0;20
FR;4;2023-05-09;0;0;0;0;0;0;0;0;0;1082414;6981;1586;87;1083629;4374;592;0;20
FR;4;2023-05-10;0;0;0;0;0;0;0;0;0;1082414;6981;1586;87;1083629;4374;592;0;20
FR;4;2023-05-11;0;0;0;0;0;0;0;0;0;1082414;6981;1586;87;1083629;4374;592;0;20
FR;4;2023-05-12;0;0;0;0;0;0;0;0;0;1082414;6981;1586;87;1083629;4374;592;0;20
FR;4;2023-05-13;0;0;0;0;0;0;0;0;0;1082414;6981;1586;87;1083629;4374;592;0;20
FR;4;2023-05-14;0;0;0;0;0;0;0;0;0;1082414;6981;1586;87;1083629;4374;592;0;20
FR;4;2023-05-15;0;0;0;0;0;0;0;0;0;1082414;6981;1586;87;1083629;4374;592;0;20
FR;4;2023-05-16;0;0;0;0;0;0;0;0;0;1082414;6981;1586;87;1083629;4374;592;0;20
FR;4;2023-05-17;0;0;0;1;0;0;1;0;0;1082414;6981;1586;88;1083629;4374;593;0;20
FR;4;2023-05-18;0;0;0;0;0;0;0;0;0;1082414;6981;1586;88;1083629;4374;593;0;20
FR;4;2023-05-19;0;0;0;0;0;0;0;0;0;1082414;6981;1586;88;1083629;4374;593;0;20
FR;4;2023-05-20;0;0;0;0;0;0;0;0;0;1082414;6981;1586;88;1083629;4374;593;0;20
FR;4;2023-05-21;0;0;0;0;0;0;0;0;0;1082414;6981;1586;88;1083629;4374;593;0;20
FR;4;2023-05-22;0;0;0;0;0;0;0;0;0;1082414;6981;1586;88;1083629;4374;593;0;20
FR;4;2023-05-23;0;0;0;0;0;0;0;0;0;1082414;6981;1586;88;1083629;4374;593;0;20
FR;4;2023-05-24;0;0;0;0;0;0;0;0;0;1082414;6981;1586;88;1083629;4374;593;0;20
FR;4;2023-05-25;0;0;0;0;0;0;0;0;0;1082414;6981;1586;88;1083629;4374;593;0;20
FR;4;2023-05-26;0;0;0;0;0;0;0;0;0;1082414;6981;1586;88;1083629;4374;593;0;20
FR;4;2023-05-27;0;0;0;0;0;0;0;0;0;1082414;6981;1586;88;1083629;4374;593;0;20
FR;4;2023-05-28;0;0;0;0;0;0;0;0;0;1082414;6981;1586;88;1083629;4374;593;0;20
FR;4;2023-05-29;0;0;0;0;0;0;0;0;0;1082414;6981;1586;88;1083629;4374;593;0;20
FR;4;2023-05-30;0;0;0;0;0;0;0;0;0;1082414;6981;1586;88;1083629;4374;593;0;20
FR;4;2023-05-31;0;0;0;0;0;0;0;0;0;1082414;6981;1586;88;1083629;4374;593;0;20
FR;4;2023-06-01;1;0;0;0;1;0;0;0;0;1082415;6981;1586;88;1083630;4374;593;0;20
FR;4;2023-06-02;1;0;0;0;1;0;0;0;0;1082416;6981;1586;88;1083631;4374;593;0;20
FR;4;2023-06-03;0;0;0;0;0;0;0;0;0;1082416;6981;1586;88;1083631;4374;593;0;20
FR;4;2023-06-04;0;0;0;0;0;0;0;0;0;1082416;6981;1586;88;1083631;4374;593;0;20
FR;4;2023-06-05;0;0;0;0;0;0;0;0;0;1082416;6981;1586;88;1083631;4374;593;0;20
FR;5;2020-12-27;0;0;0;0;0;0;0;0;0;0;0;0;0;0;0;0;0;0
FR;5;2020-12-28;0;0;0;0;0;0;0;0;0;0;0;0;0;0;0;0;0;0
FR;5;2020-12-29;0;0;0;0;0;0;0;0;0;0;0;0;0;0;0;0;0;0
FR;5;2020-12-30;0;0;0;0;0;0;0;0;0;0;0;0;0;0;0;0;0;0
FR;5;2020-12-31;0;0;0;0;0;0;0;0;0;0;0;0;0;0;0;0;0;0
FR;5;2021-01-01;0;0;0;0;0;0;0;0;0;0;0;0;0;0;0;0;0;0
FR;5;2021-01-02;0;0;0;0;0;0;0;0;0;0;0;0;0;0;0;0;0;0
FR;5;2021-01-03;0;0;0;0;0;0;0;0;0;0;0;0;0;0;0;0;0;0
FR;5;2021-01-04;0;0;0;0;0;0;0;0;0;0;0;0;0;0;0;0;0;0
FR;5;2021-01-05;0;0;0;0;0;0;0;0;0;0;0;0;0;0;0;0;0;0
FR;5;2021-01-06;0;0;0;0;0;0;0;0;0;0;0;0;0;0;0;0;0;0
FR;5;2021-01-07;0;0;0;0;0;0;0;0;0;0;0;0;0;0;0;0;0;0
FR;5;2021-01-08;0;0;0;0;0;0;0;0;0;0;0;0;0;0;0;0;0;0
FR;5;2021-01-09;0;0;0;0;0;0;0;0;0;0;0;0;0;0;0;0;0;0
FR;5;2021-01-10;0;0;0;0;0;0;0;0;0;0;0;0;0;0;0;0;0;0
FR;5;2021-01-11;0;0;0;0;0;0;0;0;0;0;0;0;0;0;0;0;0;0
FR;5;2021-01-12;0;0;0;0;0;0;0;0;0;0;0;0;0;0;0;0;0;0
FR;5;2021-01-13;0;0;0;0;0;0;0;0;0;0;0;0;0;0;0;0;0;0
FR;5;2021-01-14;0;0;0;0;0;0;0;0;0;0;0;0;0;0;0;0;0;0
FR;5;2021-01-15;0;0;0;0;0;0;0;0;0;0;0;0;0;0;0;0;0;0
FR;5;2021-01-16;0;0;0;0;0;0;0;0;0;0;0;0;0;0;0;0;0;0
FR;5;2021-01-17;0;0;0;0;0;0;0;0;0;0;0;0;0;0;0;0;0;0
FR;5;2021-01-18;0;0;0;0;0;0;0;0;0;0;0;0;0;0;0;0;0;0
FR;5;2021-01-19;0;0;0;0;0;0;0;0;0;0;0;0;0;0;0;0;0;0
FR;5;2021-01-20;0;0;0;0;0;0;0;0;0;0;0;0;0;0;0;0;0;0
FR;5;2021-01-21;0;0;0;0;0;0;0;0;0;0;0;0;0;0;0;0;0;0
FR;5;2021-01-22;0;0;0;0;0;0;0;0;0;0;0;0;0;0;0;0;0;0
FR;5;2021-01-23;0;0;0;0;0;0;0;0;0;0;0;0;0;0;0;0;0;0
FR;5;2021-01-24;0;0;0;0;0;0;0;0;0;0;0;0;0;0;0;0;0;0
FR;5;2021-01-25;0;0;0;0;0;0;0;0;0;0;0;0;0;0;0;0;0;0
FR;5;2021-01-26;0;0;0;0;0;0;0;0;0;0;0;0;0;0;0;0;0;0
FR;5;2021-01-27;0;0;0;0;0;0;0;0;0;0;0;0;0;0;0;0;0;0
FR;5;2021-01-28;0;0;0;0;0;0;0;0;0;0;0;0;0;0;0;0;0;0
FR;5;2021-01-29;0;0;0;0;0;0;0;0;0;0;0;0;0;0;0;0;0;0
FR;5;2021-01-30;0;0;0;0;0;0;0;0;0;0;0;0;0;0;0;0;0;0
FR;5;2021-01-31;0;0;0;0;0;0;0;0;0;0;0;0;0;0;0;0;0;0
FR;5;2021-02-01;0;0;0;0;0;0;0;0;0;0;0;0;0;0;0;0;0;0
FR;5;2021-02-02;0;0;0;0;0;0;0;0;0;0;0;0;0;0;0;0;0;0
FR;5;2021-02-03;0;0;0;0;0;0;0;0;0;0;0;0;0;0;0;0;0;0
FR;5;2021-02-04;0;0;0;0;0;0;0;0;0;0;0;0;0;0;0;0;0;0
FR;5;2021-02-05;0;0;0;0;0;0;0;0;0;0;0;0;0;0;0;0;0;0
FR;5;2021-02-06;0;0;0;0;0;0;0;0;0;0;0;0;0;0;0;0;0;0
FR;5;2021-02-07;0;0;0;0;0;0;0;0;0;0;0;0;0;0;0;0;0;0
FR;5;2021-02-08;0;0;0;0;0;0;0;0;0;0;0;0;0;0;0;0;0;0
FR;5;2021-02-09;0;0;0;0;0;0;0;0;0;0;0;0;0;0;0;0;0;0
FR;5;2021-02-10;0;0;0;0;0;0;0;0;0;0;0;0;0;0;0;0;0;0
FR;5;2021-02-11;0;0;0;0;0;0;0;0;0;0;0;0;0;0;0;0;0;0
FR;5;2021-02-12;0;0;0;0;0;0;0;0;0;0;0;0;0;0;0;0;0;0
FR;5;2021-02-13;0;0;0;0;0;0;0;0;0;0;0;0;0;0;0;0;0;0
FR;5;2021-02-14;0;0;0;0;0;0;0;0;0;0;0;0;0;0;0;0;0;0
FR;5;2021-02-15;0;0;0;0;0;0;0;0;0;0;0;0;0;0;0;0;0;0
FR;5;2021-02-16;0;0;0;0;0;0;0;0;0;0;0;0;0;0;0;0;0;0
FR;5;2021-02-17;0;0;0;0;0;0;0;0;0;0;0;0;0;0;0;0;0;0
FR;5;2021-02-18;0;0;0;0;0;0;0;0;0;0;0;0;0;0;0;0;0;0
FR;5;2021-02-19;0;0;0;0;0;0;0;0;0;0;0;0;0;0;0;0;0;0
FR;5;2021-02-20;0;0;0;0;0;0;0;0;0;0;0;0;0;0;0;0;0;0
FR;5;2021-02-21;0;0;0;0;0;0;0;0;0;0;0;0;0;0;0;0;0;0
FR;5;2021-02-22;0;0;0;0;0;0;0;0;0;0;0;0;0;0;0;0;0;0
FR;5;2021-02-23;0;0;0;0;0;0;0;0;0;0;0;0;0;0;0;0;0;0
FR;5;2021-02-24;0;0;0;0;0;0;0;0;0;0;0;0;0;0;0;0;0;0
FR;5;2021-02-25;0;0;0;0;0;0;0;0;0;0;0;0;0;0;0;0;0;0
FR;5;2021-02-26;0;0;0;0;0;0;0;0;0;0;0;0;0;0;0;0;0;0
FR;5;2021-02-27;0;0;0;0;0;0;0;0;0;0;0;0;0;0;0;0;0;0
FR;5;2021-02-28;0;0;0;0;0;0;0;0;0;0;0;0;0;0;0;0;0;0
FR;5;2021-03-01;0;0;0;0;0;0;0;0;0;0;0;0;0;0;0;0;0;0
FR;5;2021-03-02;0;0;0;0;0;0;0;0;0;0;0;0;0;0;0;0;0;0
FR;5;2021-03-03;0;0;0;0;0;0;0;0;0;0;0;0;0;0;0;0;0;0
FR;5;2021-03-04;0;0;0;0;0;0;0;0;0;0;0;0;0;0;0;0;0;0
FR;5;2021-03-05;0;0;0;0;0;0;0;0;0;0;0;0;0;0;0;0;0;0
FR;5;2021-03-06;0;0;0;0;0;0;0;0;0;0;0;0;0;0;0;0;0;0
FR;5;2021-03-07;0;0;0;0;0;0;0;0;0;0;0;0;0;0;0;0;0;0
FR;5;2021-03-08;0;0;0;0;0;0;0;0;0;0;0;0;0;0;0;0;0;0
FR;5;2021-03-09;0;0;0;0;0;0;0;0;0;0;0;0;0;0;0;0;0;0
FR;5;2021-03-10;0;0;0;0;0;0;0;0;0;0;0;0;0;0;0;0;0;0
FR;5;2021-03-11;0;0;0;0;0;0;0;0;0;0;0;0;0;0;0;0;0;0
FR;5;2021-03-12;0;0;0;0;0;0;0;0;0;0;0;0;0;0;0;0;0;0
FR;5;2021-03-13;0;0;0;0;0;0;0;0;0;0;0;0;0;0;0;0;0;0
FR;5;2021-03-14;0;0;0;0;0;0;0;0;0;0;0;0;0;0;0;0;0;0
FR;5;2021-03-15;0;0;0;0;0;0;0;0;0;0;0;0;0;0;0;0;0;0
FR;5;2021-03-16;0;0;0;0;0;0;0;0;0;0;0;0;0;0;0;0;0;0
FR;5;2021-03-17;0;0;0;0;0;0;0;0;0;0;0;0;0;0;0;0;0;0
FR;5;2021-03-18;0;0;0;0;0;0;0;0;0;0;0;0;0;0;0;0;0;0
FR;5;2021-03-19;0;0;0;0;0;0;0;0;0;0;0;0;0;0;0;0;0;0
FR;5;2021-03-20;0;0;0;0;0;0;0;0;0;0;0;0;0;0;0;0;0;0
FR;5;2021-03-21;0;0;0;0;0;0;0;0;0;0;0;0;0;0;0;0;0;0
FR;5;2021-03-22;0;0;0;0;0;0;0;0;0;0;0;0;0;0;0;0;0;0
FR;5;2021-03-23;0;0;0;0;0;0;0;0;0;0;0;0;0;0;0;0;0;0
FR;5;2021-03-24;0;0;0;0;0;0;0;0;0;0;0;0;0;0;0;0;0;0
FR;5;2021-03-25;0;0;0;0;0;0;0;0;0;0;0;0;0;0;0;0;0;0
FR;5;2021-03-26;0;0;0;0;0;0;0;0;0;0;0;0;0;0;0;0;0;0
FR;5;2021-03-27;0;0;0;0;0;0;0;0;0;0;0;0;0;0;0;0;0;0
FR;5;2021-03-28;0;0;0;0;0;0;0;0;0;0;0;0;0;0;0;0;0;0
FR;5;2021-03-29;0;0;0;0;0;0;0;0;0;0;0;0;0;0;0;0;0;0
FR;5;2021-03-30;0;0;0;0;0;0;0;0;0;0;0;0;0;0;0;0;0;0
FR;5;2021-03-31;0;0;0;0;0;0;0;0;0;0;0;0;0;0;0;0;0;0
FR;5;2021-04-01;0;0;0;0;0;0;0;0;0;0;0;0;0;0;0;0;0;0
FR;5;2021-04-02;0;0;0;0;0;0;0;0;0;0;0;0;0;0;0;0;0;0
FR;5;2021-04-03;0;0;0;0;0;0;0;0;0;0;0;0;0;0;0;0;0;0
FR;5;2021-04-04;0;0;0;0;0;0;0;0;0;0;0;0;0;0;0;0;0;0
FR;5;2021-04-05;0;0;0;0;0;0;0;0;0;0;0;0;0;0;0;0;0;0
FR;5;2021-04-06;0;0;0;0;0;0;0;0;0;0;0;0;0;0;0;0;0;0
FR;5;2021-04-07;0;0;0;0;0;0;0;0;0;0;0;0;0;0;0;0;0;0
FR;5;2021-04-08;0;0;0;0;0;0;0;0;0;0;0;0;0;0;0;0;0;0
FR;5;2021-04-09;0;0;0;0;0;0;0;0;0;0;0;0;0;0;0;0;0;0
FR;5;2021-04-10;0;0;0;0;0;0;0;0;0;0;0;0;0;0;0;0;0;0
FR;5;2021-04-11;0;0;0;0;0;0;0;0;0;0;0;0;0;0;0;0;0;0
FR;5;2021-04-12;0;0;0;0;0;0;0;0;0;0;0;0;0;0;0;0;0;0
FR;5;2021-04-13;0;0;0;0;0;0;0;0;0;0;0;0;0;0;0;0;0;0
FR;5;2021-04-14;0;0;0;0;0;0;0;0;0;0;0;0;0;0;0;0;0;0
FR;5;2021-04-15;0;0;0;0;0;0;0;0;0;0;0;0;0;0;0;0;0;0
FR;5;2021-04-16;0;0;0;0;0;0;0;0;0;0;0;0;0;0;0;0;0;0
FR;5;2021-04-17;0;0;0;0;0;0;0;0;0;0;0;0;0;0;0;0;0;0
FR;5;2021-04-18;0;0;0;0;0;0;0;0;0;0;0;0;0;0;0;0;0;0
FR;5;2021-04-19;0;0;0;0;0;0;0;0;0;0;0;0;0;0;0;0;0;0
FR;5;2021-04-20;0;0;0;0;0;0;0;0;0;0;0;0;0;0;0;0;0;0
FR;5;2021-04-21;0;0;0;0;0;0;0;0;0;0;0;0;0;0;0;0;0;0
FR;5;2021-04-22;0;0;0;0;0;0;0;0;0;0;0;0;0;0;0;0;0;0
FR;5;2021-04-23;0;0;0;0;0;0;0;0;0;0;0;0;0;0;0;0;0;0
FR;5;2021-04-24;0;0;0;0;0;0;0;0;0;0;0;0;0;0;0;0;0;0
FR;5;2021-04-25;0;0;0;0;0;0;0;0;0;0;0;0;0;0;0;0;0;0
FR;5;2021-04-26;0;0;0;0;0;0;0;0;0;0;0;0;0;0;0;0;0;0
FR;5;2021-04-27;0;0;0;0;0;0;0;0;0;0;0;0;0;0;0;0;0;0
FR;5;2021-04-28;0;0;0;0;0;0;0;0;0;0;0;0;0;0;0;0;0;0
FR;5;2021-04-29;0;0;0;0;0;0;0;0;0;0;0;0;0;0;0;0;0;0
FR;5;2021-04-30;0;0;0;0;0;0;0;0;0;0;0;0;0;0;0;0;0;0
FR;5;2021-05-01;0;0;0;0;0;0;0;0;0;0;0;0;0;0;0;0;0;0
FR;5;2021-05-02;0;0;0;0;0;0;0;0;0;0;0;0;0;0;0;0;0;0
FR;5;2021-05-03;0;0;0;0;0;0;0;0;0;0;0;0;0;0;0;0;0;0
FR;5;2021-05-04;0;0;0;0;0;0;0;0;0;0;0;0;0;0;0;0;0;0
FR;5;2021-05-05;0;0;0;0;0;0;0;0;0;0;0;0;0;0;0;0;0;0
FR;5;2021-05-06;0;0;0;0;0;0;0;0;0;0;0;0;0;0;0;0;0;0
FR;5;2021-05-07;0;0;0;0;0;0;0;0;0;0;0;0;0;0;0;0;0;0
FR;5;2021-05-08;0;0;0;0;0;0;0;0;0;0;0;0;0;0;0;0;0;0
FR;5;2021-05-09;0;0;0;0;0;0;0;0;0;0;0;0;0;0;0;0;0;0
FR;5;2021-05-10;0;0;0;0;0;0;0;0;0;0;0;0;0;0;0;0;0;0
FR;5;2021-05-11;0;0;0;0;0;0;0;0;0;0;0;0;0;0;0;0;0;0
FR;5;2021-05-12;0;0;0;0;0;0;0;0;0;0;0;0;0;0;0;0;0;0
FR;5;2021-05-13;0;0;0;0;0;0;0;0;0;0;0;0;0;0;0;0;0;0
FR;5;2021-05-14;0;0;0;0;0;0;0;0;0;0;0;0;0;0;0;0;0;0
FR;5;2021-05-15;0;0;0;0;0;0;0;0;0;0;0;0;0;0;0;0;0;0
FR;5;2021-05-16;0;0;0;0;0;0;0;0;0;0;0;0;0;0;0;0;0;0
FR;5;2021-05-17;0;0;0;0;0;0;0;0;0;0;0;0;0;0;0;0;0;0
FR;5;2021-05-18;0;0;0;0;0;0;0;0;0;0;0;0;0;0;0;0;0;0
FR;5;2021-05-19;0;0;0;0;0;0;0;0;0;0;0;0;0;0;0;0;0;0
FR;5;2021-05-20;0;0;0;0;0;0;0;0;0;0;0;0;0;0;0;0;0;0
FR;5;2021-05-21;0;0;0;0;0;0;0;0;0;0;0;0;0;0;0;0;0;0
FR;5;2021-05-22;0;0;0;0;0;0;0;0;0;0;0;0;0;0;0;0;0;0
FR;5;2021-05-23;0;0;0;0;0;0;0;0;0;0;0;0;0;0;0;0;0;0
FR;5;2021-05-24;0;0;0;0;0;0;0;0;0;0;0;0;0;0;0;0;0;0
FR;5;2021-05-25;0;0;0;0;0;0;0;0;0;0;0;0;0;0;0;0;0;0
FR;5;2021-05-26;0;0;0;0;0;0;0;0;0;0;0;0;0;0;0;0;0;0
FR;5;2021-05-27;0;0;0;0;0;0;0;0;0;0;0;0;0;0;0;0;0;0
FR;5;2021-05-28;0;0;0;0;0;0;0;0;0;0;0;0;0;0;0;0;0;0
FR;5;2021-05-29;0;0;0;0;0;0;0;0;0;0;0;0;0;0;0;0;0;0
FR;5;2021-05-30;0;0;0;0;0;0;0;0;0;0;0;0;0;0;0;0;0;0
FR;5;2021-05-31;0;0;0;0;0;0;0;0;0;0;0;0;0;0;0;0;0;0
FR;5;2021-06-01;0;0;0;0;0;0;0;0;0;0;0;0;0;0;0;0;0;0
FR;5;2021-06-02;0;0;0;0;0;0;0;0;0;0;0;0;0;0;0;0;0;0
FR;5;2021-06-03;0;0;0;0;0;0;0;0;0;0;0;0;0;0;0;0;0;0
FR;5;2021-06-04;0;0;0;0;0;0;0;0;0;0;0;0;0;0;0;0;0;0
FR;5;2021-06-05;0;0;0;0;0;0;0;0;0;0;0;0;0;0;0;0;0;0
FR;5;2021-06-06;0;0;0;0;0;0;0;0;0;0;0;0;0;0;0;0;0;0
FR;5;2021-06-07;0;0;0;0;0;0;0;0;0;0;0;0;0;0;0;0;0;0
FR;5;2021-06-08;0;0;0;0;0;0;0;0;0;0;0;0;0;0;0;0;0;0
FR;5;2021-06-09;0;0;0;0;0;0;0;0;0;0;0;0;0;0;0;0;0;0
FR;5;2021-06-10;0;0;0;0;0;0;0;0;0;0;0;0;0;0;0;0;0;0
FR;5;2021-06-11;0;0;0;0;0;0;0;0;0;0;0;0;0;0;0;0;0;0
FR;5;2021-06-12;0;0;0;0;0;0;0;0;0;0;0;0;0;0;0;0;0;0
FR;5;2021-06-13;0;0;0;0;0;0;0;0;0;0;0;0;0;0;0;0;0;0
FR;5;2021-06-14;0;0;0;0;0;0;0;0;0;0;0;0;0;0;0;0;0;0
FR;5;2021-06-15;0;0;0;0;0;0;0;0;0;0;0;0;0;0;0;0;0;0
FR;5;2021-06-16;0;0;0;0;0;0;0;0;0;0;0;0;0;0;0;0;0;0
FR;5;2021-06-17;0;0;0;0;0;0;0;0;0;0;0;0;0;0;0;0;0;0
FR;5;2021-06-18;0;0;0;0;0;0;0;0;0;0;0;0;0;0;0;0;0;0
FR;5;2021-06-19;0;0;0;0;0;0;0;0;0;0;0;0;0;0;0;0;0;0
FR;5;2021-06-20;0;0;0;0;0;0;0;0;0;0;0;0;0;0;0;0;0;0
FR;5;2021-06-21;0;0;0;0;0;0;0;0;0;0;0;0;0;0;0;0;0;0
FR;5;2021-06-22;0;0;0;0;0;0;0;0;0;0;0;0;0;0;0;0;0;0
FR;5;2021-06-23;0;0;0;0;0;0;0;0;0;0;0;0;0;0;0;0;0;0
FR;5;2021-06-24;0;0;0;0;0;0;0;0;0;0;0;0;0;0;0;0;0;0
FR;5;2021-06-25;0;0;0;0;0;0;0;0;0;0;0;0;0;0;0;0;0;0
FR;5;2021-06-26;0;0;0;0;0;0;0;0;0;0;0;0;0;0;0;0;0;0
FR;5;2021-06-27;0;0;0;0;0;0;0;0;0;0;0;0;0;0;0;0;0;0
FR;5;2021-06-28;0;0;0;0;0;0;0;0;0;0;0;0;0;0;0;0;0;0
FR;5;2021-06-29;0;0;0;0;0;0;0;0;0;0;0;0;0;0;0;0;0;0
FR;5;2021-06-30;0;0;0;0;0;0;0;0;0;0;0;0;0;0;0;0;0;0
FR;5;2021-07-01;0;0;0;0;0;0;0;0;0;0;0;0;0;0;0;0;0;0
FR;5;2021-07-02;0;0;0;0;0;0;0;0;0;0;0;0;0;0;0;0;0;0
FR;5;2021-07-03;0;0;0;0;0;0;0;0;0;0;0;0;0;0;0;0;0;0
FR;5;2021-07-04;0;0;0;0;0;0;0;0;0;0;0;0;0;0;0;0;0;0
FR;5;2021-07-05;0;0;0;0;0;0;0;0;0;0;0;0;0;0;0;0;0;0
FR;5;2021-07-06;0;0;0;0;0;0;0;0;0;0;0;0;0;0;0;0;0;0
FR;5;2021-07-07;0;0;0;0;0;0;0;0;0;0;0;0;0;0;0;0;0;0
FR;5;2021-07-08;0;0;0;0;0;0;0;0;0;0;0;0;0;0;0;0;0;0
FR;5;2021-07-09;0;0;0;0;0;0;0;0;0;0;0;0;0;0;0;0;0;0
FR;5;2021-07-10;0;0;0;0;0;0;0;0;0;0;0;0;0;0;0;0;0;0
FR;5;2021-07-11;0;0;0;0;0;0;0;0;0;0;0;0;0;0;0;0;0;0
FR;5;2021-07-12;0;0;0;0;0;0;0;0;0;0;0;0;0;0;0;0;0;0
FR;5;2021-07-13;0;0;0;0;0;0;0;0;0;0;0;0;0;0;0;0;0;0
FR;5;2021-07-14;0;0;0;0;0;0;0;0;0;0;0;0;0;0;0;0;0;0
FR;5;2021-07-15;0;0;0;0;0;0;0;0;0;0;0;0;0;0;0;0;0;0
FR;5;2021-07-16;0;0;0;0;0;0;0;0;0;0;0;0;0;0;0;0;0;0
FR;5;2021-07-17;0;0;0;0;0;0;0;0;0;0;0;0;0;0;0;0;0;0
FR;5;2021-07-18;0;0;0;0;0;0;0;0;0;0;0;0;0;0;0;0;0;0
FR;5;2021-07-19;0;0;0;0;0;0;0;0;0;0;0;0;0;0;0;0;0;0
FR;5;2021-07-20;0;0;0;0;0;0;0;0;0;0;0;0;0;0;0;0;0;0
FR;5;2021-07-21;0;0;0;0;0;0;0;0;0;0;0;0;0;0;0;0;0;0
FR;5;2021-07-22;0;0;0;0;0;0;0;0;0;0;0;0;0;0;0;0;0;0
FR;5;2021-07-23;0;0;0;0;0;0;0;0;0;0;0;0;0;0;0;0;0;0
FR;5;2021-07-24;0;0;0;0;0;0;0;0;0;0;0;0;0;0;0;0;0;0
FR;5;2021-07-25;0;0;0;0;0;0;0;0;0;0;0;0;0;0;0;0;0;0
FR;5;2021-07-26;0;0;0;0;0;0;0;0;0;0;0;0;0;0;0;0;0;0
FR;5;2021-07-27;0;0;0;0;0;0;0;0;0;0;0;0;0;0;0;0;0;0
FR;5;2021-07-28;0;0;0;0;0;0;0;0;0;0;0;0;0;0;0;0;0;0
FR;5;2021-07-29;0;0;0;0;0;0;0;0;0;0;0;0;0;0;0;0;0;0
FR;5;2021-07-30;0;0;0;0;0;0;0;0;0;0;0;0;0;0;0;0;0;0
FR;5;2021-07-31;0;0;0;0;0;0;0;0;0;0;0;0;0;0;0;0;0;0
FR;5;2021-08-01;0;0;0;0;0;0;0;0;0;0;0;0;0;0;0;0;0;0
FR;5;2021-08-02;0;0;0;0;0;0;0;0;0;0;0;0;0;0;0;0;0;0
FR;5;2021-08-03;0;0;0;0;0;0;0;0;0;0;0;0;0;0;0;0;0;0
FR;5;2021-08-04;0;0;0;0;0;0;0;0;0;0;0;0;0;0;0;0;0;0
FR;5;2021-08-05;0;0;0;0;0;0;0;0;0;0;0;0;0;0;0;0;0;0
FR;5;2021-08-06;0;0;0;0;0;0;0;0;0;0;0;0;0;0;0;0;0;0
FR;5;2021-08-07;0;0;0;0;0;0;0;0;0;0;0;0;0;0;0;0;0;0
FR;5;2021-08-08;0;0;0;0;0;0;0;0;0;0;0;0;0;0;0;0;0;0
FR;5;2021-08-09;0;0;0;0;0;0;0;0;0;0;0;0;0;0;0;0;0;0
FR;5;2021-08-10;0;0;0;0;0;0;0;0;0;0;0;0;0;0;0;0;0;0
FR;5;2021-08-11;0;0;0;0;0;0;0;0;0;0;0;0;0;0;0;0;0;0
FR;5;2021-08-12;0;0;0;0;0;0;0;0;0;0;0;0;0;0;0;0;0;0
FR;5;2021-08-13;0;0;0;0;0;0;0;0;0;0;0;0;0;0;0;0;0;0
FR;5;2021-08-14;0;0;0;0;0;0;0;0;0;0;0;0;0;0;0;0;0;0
FR;5;2021-08-15;0;0;0;0;0;0;0;0;0;0;0;0;0;0;0;0;0;0
FR;5;2021-08-16;0;0;0;0;0;0;0;0;0;0;0;0;0;0;0;0;0;0
FR;5;2021-08-17;0;0;0;0;0;0;0;0;0;0;0;0;0;0;0;0;0;0
FR;5;2021-08-18;0;0;0;0;0;0;0;0;0;0;0;0;0;0;0;0;0;0
FR;5;2021-08-19;0;0;0;0;0;0;0;0;0;0;0;0;0;0;0;0;0;0
FR;5;2021-08-20;0;0;0;0;0;0;0;0;0;0;0;0;0;0;0;0;0;0
FR;5;2021-08-21;0;0;0;0;0;0;0;0;0;0;0;0;0;0;0;0;0;0
FR;5;2021-08-22;0;0;0;0;0;0;0;0;0;0;0;0;0;0;0;0;0;0
FR;5;2021-08-23;0;0;0;0;0;0;0;0;0;0;0;0;0;0;0;0;0;0
FR;5;2021-08-24;0;0;0;0;0;0;0;0;0;0;0;0;0;0;0;0;0;0
FR;5;2021-08-25;0;0;0;0;0;0;0;0;0;0;0;0;0;0;0;0;0;0
FR;5;2021-08-26;0;0;0;0;0;0;0;0;0;0;0;0;0;0;0;0;0;0
FR;5;2021-08-27;0;0;0;0;0;0;0;0;0;0;0;0;0;0;0;0;0;0
FR;5;2021-08-28;0;0;0;0;0;0;0;0;0;0;0;0;0;0;0;0;0;0
FR;5;2021-08-29;0;0;0;0;0;0;0;0;0;0;0;0;0;0;0;0;0;0
FR;5;2021-08-30;0;0;0;0;0;0;0;0;0;0;0;0;0;0;0;0;0;0
FR;5;2021-08-31;0;0;0;0;0;0;0;0;0;0;0;0;0;0;0;0;0;0
FR;5;2021-09-01;0;0;0;0;0;0;0;0;0;0;0;0;0;0;0;0;0;0
FR;5;2021-09-02;0;0;0;0;0;0;0;0;0;0;0;0;0;0;0;0;0;0
FR;5;2021-09-03;0;0;0;0;0;0;0;0;0;0;0;0;0;0;0;0;0;0
FR;5;2021-09-04;0;0;0;0;0;0;0;0;0;0;0;0;0;0;0;0;0;0
FR;5;2021-09-05;0;0;0;0;0;0;0;0;0;0;0;0;0;0;0;0;0;0
FR;5;2021-09-06;0;0;0;0;0;0;0;0;0;0;0;0;0;0;0;0;0;0
FR;5;2021-09-07;0;0;0;0;0;0;0;0;0;0;0;0;0;0;0;0;0;0
FR;5;2021-09-08;0;0;0;0;0;0;0;0;0;0;0;0;0;0;0;0;0;0
FR;5;2021-09-09;0;0;0;0;0;0;0;0;0;0;0;0;0;0;0;0;0;0
FR;5;2021-09-10;0;0;0;0;0;0;0;0;0;0;0;0;0;0;0;0;0;0
FR;5;2021-09-11;0;0;0;0;0;0;0;0;0;0;0;0;0;0;0;0;0;0
FR;5;2021-09-12;0;0;0;0;0;0;0;0;0;0;0;0;0;0;0;0;0;0
FR;5;2021-09-13;0;0;0;0;0;0;0;0;0;0;0;0;0;0;0;0;0;0
FR;5;2021-09-14;0;0;0;0;0;0;0;0;0;0;0;0;0;0;0;0;0;0
FR;5;2021-09-15;0;0;0;0;0;0;0;0;0;0;0;0;0;0;0;0;0;0
FR;5;2021-09-16;0;0;0;0;0;0;0;0;0;0;0;0;0;0;0;0;0;0
FR;5;2021-09-17;0;0;0;0;0;0;0;0;0;0;0;0;0;0;0;0;0;0
FR;5;2021-09-18;0;0;0;0;0;0;0;0;0;0;0;0;0;0;0;0;0;0
FR;5;2021-09-19;0;0;0;0;0;0;0;0;0;0;0;0;0;0;0;0;0;0
FR;5;2021-09-20;0;0;0;0;0;0;0;0;0;0;0;0;0;0;0;0;0;0
FR;5;2021-09-21;0;0;0;0;0;0;0;0;0;0;0;0;0;0;0;0;0;0
FR;5;2021-09-22;0;0;0;0;0;0;0;0;0;0;0;0;0;0;0;0;0;0
FR;5;2021-09-23;0;0;0;0;0;0;0;0;0;0;0;0;0;0;0;0;0;0
FR;5;2021-09-24;0;0;0;0;0;0;0;0;0;0;0;0;0;0;0;0;0;0
FR;5;2021-09-25;0;0;0;0;0;0;0;0;0;0;0;0;0;0;0;0;0;0
FR;5;2021-09-26;0;0;0;0;0;0;0;0;0;0;0;0;0;0;0;0;0;0
FR;5;2021-09-27;0;0;0;0;0;0;0;0;0;0;0;0;0;0;0;0;0;0
FR;5;2021-09-28;0;0;0;0;0;0;0;0;0;0;0;0;0;0;0;0;0;0
FR;5;2021-09-29;0;0;0;0;0;0;0;0;0;0;0;0;0;0;0;0;0;0
FR;5;2021-09-30;0;0;0;0;0;0;0;0;0;0;0;0;0;0;0;0;0;0
FR;5;2021-10-01;0;0;0;0;0;0;0;0;0;0;0;0;0;0;0;0;0;0
FR;5;2021-10-02;0;0;0;0;0;0;0;0;0;0;0;0;0;0;0;0;0;0
FR;5;2021-10-03;0;0;0;0;0;0;0;0;0;0;0;0;0;0;0;0;0;0
FR;5;2021-10-04;0;0;0;0;0;0;0;0;0;0;0;0;0;0;0;0;0;0
FR;5;2021-10-05;0;0;0;0;0;0;0;0;0;0;0;0;0;0;0;0;0;0
FR;5;2021-10-06;0;0;0;0;0;0;0;0;0;0;0;0;0;0;0;0;0;0
FR;5;2021-10-07;0;0;0;0;0;0;0;0;0;0;0;0;0;0;0;0;0;0
FR;5;2021-10-08;0;0;0;0;0;0;0;0;0;0;0;0;0;0;0;0;0;0
FR;5;2021-10-09;0;0;0;0;0;0;0;0;0;0;0;0;0;0;0;0;0;0
FR;5;2021-10-10;0;0;0;0;0;0;0;0;0;0;0;0;0;0;0;0;0;0
FR;5;2021-10-11;0;0;0;0;0;0;0;0;0;0;0;0;0;0;0;0;0;0
FR;5;2021-10-12;0;0;0;0;0;0;0;0;0;0;0;0;0;0;0;0;0;0
FR;5;2021-10-13;0;0;0;0;0;0;0;0;0;0;0;0;0;0;0;0;0;0
FR;5;2021-10-14;0;0;0;0;0;0;0;0;0;0;0;0;0;0;0;0;0;0
FR;5;2021-10-15;0;0;0;0;0;0;0;0;0;0;0;0;0;0;0;0;0;0
FR;5;2021-10-16;0;0;0;0;0;0;0;0;0;0;0;0;0;0;0;0;0;0
FR;5;2021-10-17;0;0;0;0;0;0;0;0;0;0;0;0;0;0;0;0;0;0
FR;5;2021-10-18;0;0;0;0;0;0;0;0;0;0;0;0;0;0;0;0;0;0
FR;5;2021-10-19;0;0;0;0;0;0;0;0;0;0;0;0;0;0;0;0;0;0
FR;5;2021-10-20;0;0;0;0;0;0;0;0;0;0;0;0;0;0;0;0;0;0
FR;5;2021-10-21;0;0;0;0;0;0;0;0;0;0;0;0;0;0;0;0;0;0
FR;5;2021-10-22;0;0;0;0;0;0;0;0;0;0;0;0;0;0;0;0;0;0
FR;5;2021-10-23;0;0;0;0;0;0;0;0;0;0;0;0;0;0;0;0;0;0
FR;5;2021-10-24;0;0;0;0;0;0;0;0;0;0;0;0;0;0;0;0;0;0
FR;5;2021-10-25;0;0;0;0;0;0;0;0;0;0;0;0;0;0;0;0;0;0
FR;5;2021-10-26;0;0;0;0;0;0;0;0;0;0;0;0;0;0;0;0;0;0
FR;5;2021-10-27;0;0;0;0;0;0;0;0;0;0;0;0;0;0;0;0;0;0
FR;5;2021-10-28;0;0;0;0;0;0;0;0;0;0;0;0;0;0;0;0;0;0
FR;5;2021-10-29;0;0;0;0;0;0;0;0;0;0;0;0;0;0;0;0;0;0
FR;5;2021-10-30;0;0;0;0;0;0;0;0;0;0;0;0;0;0;0;0;0;0
FR;5;2021-10-31;0;0;0;0;0;0;0;0;0;0;0;0;0;0;0;0;0;0
FR;5;2021-11-01;0;0;0;0;0;0;0;0;0;0;0;0;0;0;0;0;0;0
FR;5;2021-11-02;0;0;0;0;0;0;0;0;0;0;0;0;0;0;0;0;0;0
FR;5;2021-11-03;0;0;0;0;0;0;0;0;0;0;0;0;0;0;0;0;0;0
FR;5;2021-11-04;0;0;0;0;0;0;0;0;0;0;0;0;0;0;0;0;0;0
FR;5;2021-11-05;0;0;0;0;0;0;0;0;0;0;0;0;0;0;0;0;0;0
FR;5;2021-11-06;0;0;0;0;0;0;0;0;0;0;0;0;0;0;0;0;0;0
FR;5;2021-11-07;0;0;0;0;0;0;0;0;0;0;0;0;0;0;0;0;0;0
FR;5;2021-11-08;0;0;0;0;0;0;0;0;0;0;0;0;0;0;0;0;0;0
FR;5;2021-11-09;0;0;0;0;0;0;0;0;0;0;0;0;0;0;0;0;0;0
FR;5;2021-11-10;0;0;0;0;0;0;0;0;0;0;0;0;0;0;0;0;0;0
FR;5;2021-11-11;0;0;0;0;0;0;0;0;0;0;0;0;0;0;0;0;0;0
FR;5;2021-11-12;0;0;0;0;0;0;0;0;0;0;0;0;0;0;0;0;0;0
FR;5;2021-11-13;0;0;0;0;0;0;0;0;0;0;0;0;0;0;0;0;0;0
FR;5;2021-11-14;0;0;0;0;0;0;0;0;0;0;0;0;0;0;0;0;0;0
FR;5;2021-11-15;0;0;0;0;0;0;0;0;0;0;0;0;0;0;0;0;0;0
FR;5;2021-11-16;0;0;0;0;0;0;0;0;0;0;0;0;0;0;0;0;0;0
FR;5;2021-11-17;0;0;0;0;0;0;0;0;0;0;0;0;0;0;0;0;0;0
FR;5;2021-11-18;0;0;0;0;0;0;0;0;0;0;0;0;0;0;0;0;0;0
FR;5;2021-11-19;0;0;0;0;0;0;0;0;0;0;0;0;0;0;0;0;0;0
FR;5;2021-11-20;0;0;0;0;0;0;0;0;0;0;0;0;0;0;0;0;0;0
FR;5;2021-11-21;0;0;0;0;0;0;0;0;0;0;0;0;0;0;0;0;0;0
FR;5;2021-11-22;0;0;0;0;0;0;0;0;0;0;0;0;0;0;0;0;0;0
FR;5;2021-11-23;0;0;0;0;0;0;0;0;0;0;0;0;0;0;0;0;0;0
FR;5;2021-11-24;0;0;0;0;0;0;0;0;0;0;0;0;0;0;0;0;0;0
FR;5;2021-11-25;0;0;0;0;0;0;0;0;0;0;0;0;0;0;0;0;0;0
FR;5;2021-11-26;0;0;0;0;0;0;0;0;0;0;0;0;0;0;0;0;0;0
FR;5;2021-11-27;0;0;0;0;0;0;0;0;0;0;0;0;0;0;0;0;0;0
FR;5;2021-11-28;0;0;0;0;0;0;0;0;0;0;0;0;0;0;0;0;0;0
FR;5;2021-11-29;0;0;0;0;0;0;0;0;0;0;0;0;0;0;0;0;0;0
FR;5;2021-11-30;0;0;0;0;0;0;0;0;0;0;0;0;0;0;0;0;0;0
FR;5;2021-12-01;0;0;0;0;0;0;0;0;0;0;0;0;0;0;0;0;0;0
FR;5;2021-12-02;0;0;0;0;0;0;0;0;0;0;0;0;0;0;0;0;0;0
FR;5;2021-12-03;0;0;0;0;0;0;0;0;0;0;0;0;0;0;0;0;0;0
FR;5;2021-12-04;0;0;0;0;0;0;0;0;0;0;0;0;0;0;0;0;0;0
FR;5;2021-12-05;0;0;0;0;0;0;0;0;0;0;0;0;0;0;0;0;0;0
FR;5;2021-12-06;0;0;0;0;0;0;0;0;0;0;0;0;0;0;0;0;0;0
FR;5;2021-12-07;0;0;0;0;0;0;0;0;0;0;0;0;0;0;0;0;0;0
FR;5;2021-12-08;0;0;0;0;0;0;0;0;0;0;0;0;0;0;0;0;0;0
FR;5;2021-12-09;0;0;0;0;0;0;0;0;0;0;0;0;0;0;0;0;0;0
FR;5;2021-12-10;0;0;0;0;0;0;0;0;0;0;0;0;0;0;0;0;0;0
FR;5;2021-12-11;0;0;0;0;0;0;0;0;0;0;0;0;0;0;0;0;0;0
FR;5;2021-12-12;0;0;0;0;0;0;0;0;0;0;0;0;0;0;0;0;0;0
FR;5;2021-12-13;0;0;0;0;0;0;0;0;0;0;0;0;0;0;0;0;0;0
FR;5;2021-12-14;33;45;77;0;27;88;1;0;0;33;45;77;0;27;88;1;0;0
FR;5;2021-12-15;196;44;37;0;42;49;0;0;0;229;89;114;0;69;137;1;0;0
FR;5;2021-12-16;181;21;44;0;38;48;0;0;0;410;110;158;0;107;185;1;0;0
FR;5;2021-12-17;313;16;72;0;34;74;2;0;0;723;126;230;0;141;259;3;0;0
FR;5;2021-12-18;766;24;22;0;67;29;0;0;0;1489;150;252;0;208;288;3;0;0
FR;5;2021-12-19;585;15;15;0;67;17;0;0;0;2074;165;267;0;275;305;3;0;0
FR;5;2021-12-20;1225;31;34;0;134;37;2;0;0;3299;196;301;0;409;342;5;0;0
FR;5;2021-12-21;1535;22;54;1;141;60;0;0;0;4834;218;355;1;550;402;5;0;0
FR;5;2021-12-22;4069;40;37;0;420;46;2;0;0;8903;258;392;1;970;448;7;0;0
FR;5;2021-12-23;3043;16;21;0;305;25;0;0;0;11946;274;413;1;1275;473;7;0;0
FR;5;2021-12-24;761;18;9;0;103;14;0;0;0;12707;292;422;1;1378;487;7;0;0
FR;5;2021-12-25;61;5;2;0;9;3;0;0;0;12768;297;424;1;1387;490;7;0;0
FR;5;2021-12-26;623;6;3;0;101;4;0;0;0;13391;303;427;1;1488;494;7;0;0
FR;5;2021-12-27;4085;25;21;0;458;23;1;0;0;17476;328;448;1;1946;517;8;0;0
FR;5;2021-12-28;5204;23;41;1;513;43;2;0;0;22680;351;489;2;2459;560;10;0;0
FR;5;2021-12-29;8105;34;66;1;888;69;0;0;0;30785;385;555;3;3347;629;10;0;0
FR;5;2021-12-30;5173;18;33;0;525;39;0;0;0;35958;403;588;3;3872;668;10;0;0
FR;5;2021-12-31;1554;8;10;0;182;11;0;0;0;37512;411;598;3;4054;679;10;0;0
FR;5;2022-01-01;186;2;2;0;24;3;0;0;0;37698;413;600;3;4078;682;10;0;0
FR;5;2022-01-02;1489;1;1;0;152;1;0;0;0;39187;414;601;3;4230;683;10;0;0
FR;5;2022-01-03;3069;36;34;0;323;33;1;0;0;42256;450;635;3;4553;716;11;0;0
FR;5;2022-01-04;3034;39;33;0;321;42;3;0;0;45290;489;668;3;4874;758;14;0;0
FR;5;2022-01-05;19324;203;97;1;2118;108;0;0;0;64614;692;765;4;6992;866;14;0;0
FR;5;2022-01-06;3748;134;122;0;507;142;2;0;0;68362;826;887;4;7499;1008;16;0;0
FR;5;2022-01-07;5006;202;48;2;705;56;1;0;0;73368;1028;935;6;8204;1064;17;0;0
FR;5;2022-01-08;13659;514;45;0;2003;52;0;0;0;87027;1542;980;6;10207;1116;17;0;0
FR;5;2022-01-09;5754;399;15;0;1112;20;1;0;0;92781;1941;995;6;11319;1136;18;0;0
FR;5;2022-01-10;3455;326;25;0;735;29;0;0;0;96236;2267;1020;6;12054;1165;18;0;0
FR;5;2022-01-11;3671;283;38;0;661;41;1;0;0;99907;2550;1058;6;12715;1206;19;0;0
FR;5;2022-01-12;22650;3005;89;0;5297;112;2;0;0;122557;5555;1147;6;18012;1318;21;0;0
FR;5;2022-01-13;4039;623;29;0;1052;31;2;0;0;126596;6178;1176;6;19064;1349;23;0;0
FR;5;2022-01-14;4843;583;45;0;1115;52;1;0;0;131439;6761;1221;6;20179;1401;24;0;0
FR;5;2022-01-15;14686;1747;38;3;3378;49;3;0;0;146125;8508;1259;9;23557;1450;27;0;0
FR;5;2022-01-16;4728;666;3;0;1261;5;0;0;0;150853;9174;1262;9;24818;1455;27;0;0
FR;5;2022-01-17;2297;718;26;0;986;29;0;0;0;153150;9892;1288;9;25804;1484;27;0;0
FR;5;2022-01-18;2431;870;30;0;1141;40;0;0;0;155581;10762;1318;9;26945;1524;27;0;0
FR;5;2022-01-19;18484;6423;74;2;8366;142;3;0;0;174065;17185;1392;11;35311;1666;30;0;0
FR;5;2022-01-20;1920;1067;25;0;1295;34;2;0;0;175985;18252;1417;11;36606;1700;32;0;0
FR;5;2022-01-21;3077;1372;47;1;1677;59;2;0;0;179062;19624;1464;12;38283;1759;34;0;0
FR;5;2022-01-22;10720;3454;33;1;4671;43;1;0;0;189782;23078;1497;13;42954;1802;35;0;0
FR;5;2022-01-23;2629;1415;6;0;1789;10;0;0;0;192411;24493;1503;13;44743;1812;35;0;0
FR;5;2022-01-24;1161;1341;19;0;1447;23;1;0;0;193572;25834;1522;13;46190;1835;36;0;0
FR;5;2022-01-25;1220;1550;20;2;1684;31;3;0;0;194792;27384;1542;15;47874;1866;39;0;0
FR;5;2022-01-26;10748;12032;50;1;13300;89;1;0;1;205540;39416;1592;16;61174;1955;40;0;1
FR;5;2022-01-27;1291;1693;10;0;1838;17;0;0;0;206831;41109;1602;16;63012;1972;40;0;1
FR;5;2022-01-28;1698;3346;16;0;3566;19;1;0;0;208529;44455;1618;16;66578;1991;41;0;1
FR;5;2022-01-29;6241;8041;68;0;8855;96;2;0;0;214770;52496;1686;16;75433;2087;43;0;1
FR;5;2022-01-30;1509;2950;5;0;3185;18;0;0;0;216279;55446;1691;16;78618;2105;43;0;1
FR;5;2022-01-31;589;1773;23;0;1837;24;3;0;0;216868;57219;1714;16;80455;2129;46;0;1
FR;5;2022-02-01;712;1706;10;0;1791;15;0;0;0;217580;58925;1724;16;82246;2144;46;0;1
FR;5;2022-02-02;6959;15655;52;0;16603;94;0;0;0;224539;74580;1776;16;98849;2238;46;0;1
FR;5;2022-02-03;492;1691;14;0;1748;13;5;0;0;225031;76271;1790;16;100597;2251;51;0;1
FR;5;2022-02-04;945;3002;19;0;3123;31;0;0;0;225976;79273;1809;16;103720;2282;51;0;1
FR;5;2022-02-05;3536;8919;23;0;9517;37;0;0;0;229512;88192;1832;16;113237;2319;51;0;1
FR;5;2022-02-06;737;2398;10;0;2556;19;0;0;0;230249;90590;1842;16;115793;2338;51;0;1
FR;5;2022-02-07;884;1596;23;0;1715;25;2;0;0;231133;92186;1865;16;117508;2363;53;0;1
FR;5;2022-02-08;725;1287;18;0;1407;20;2;0;0;231858;93473;1883;16;118915;2383;55;0;1
FR;5;2022-02-09;4544;12880;44;0;13608;76;1;0;0;236402;106353;1927;16;132523;2459;56;0;1
FR;5;2022-02-10;646;1059;14;0;1166;15;0;0;0;237048;107412;1941;16;133689;2474;56;0;1
FR;5;2022-02-11;793;2032;16;0;2163;21;1;0;0;237841;109444;1957;16;135852;2495;57;0;1
FR;5;2022-02-12;2286;6812;33;0;7279;53;0;0;0;240127;116256;1990;16;143131;2548;57;0;1
FR;5;2022-02-13;464;1541;8;0;1654;8;1;0;0;240591;117797;1998;16;144785;2556;58;0;1
FR;5;2022-02-14;678;1288;10;0;1407;13;1;0;0;241269;119085;2008;16;146192;2569;59;0;1
FR;5;2022-02-15;482;886;9;0;968;14;1;0;0;241751;119971;2017;16;147160;2583;60;0;1
FR;5;2022-02-16;2980;9124;41;1;9676;58;2;0;0;244731;129095;2058;17;156836;2641;62;0;1
FR;5;2022-02-17;436;809;6;0;876;7;1;0;0;245167;129904;2064;17;157712;2648;63;0;1
FR;5;2022-02-18;649;1408;13;0;1535;17;0;0;0;245816;131312;2077;17;159247;2665;63;0;1
FR;5;2022-02-19;1373;4315;16;0;4623;28;0;0;0;247189;135627;2093;17;163870;2693;63;0;1
FR;5;2022-02-20;247;879;6;0;941;8;0;0;0;247436;136506;2099;17;164811;2701;63;0;1
FR;5;2022-02-21;221;607;2;0;661;4;1;0;0;247657;137113;2101;17;165472;2705;64;0;1
FR;5;2022-02-22;262;545;17;0;591;17;1;0;0;247919;137658;2118;17;166063;2722;65;0;1
FR;5;2022-02-23;1909;6926;23;1;7346;43;0;0;0;249828;144584;2141;18;173409;2765;65;0;1
FR;5;2022-02-24;182;374;6;1;421;7;1;0;0;250010;144958;2147;19;173830;2772;66;0;1
FR;5;2022-02-25;336;951;13;0;1028;12;2;0;0;250346;145909;2160;19;174858;2784;68;0;1
FR;5;2022-02-26;972;3071;11;0;3333;15;2;0;0;251318;148980;2171;19;178191;2799;70;0;1
FR;5;2022-02-27;151;506;0;0;549;3;0;0;0;251469;149486;2171;19;178740;2802;70;0;1
FR;5;2022-02-28;162;369;1;0;408;1;0;0;0;251631;149855;2172;19;179148;2803;70;0;1
FR;5;2022-03-01;130;280;6;0;315;7;1;0;0;251761;150135;2178;19;179463;2810;71;0;1
FR;5;2022-03-02;1242;4156;28;3;4497;40;3;0;0;253003;154291;2206;22;183960;2850;74;0;1
FR;5;2022-03-03;121;251;5;0;271;10;1;0;0;253124;154542;2211;22;184231;2860;75;0;1
FR;5;2022-03-04;197;488;13;0;538;14;2;0;0;253321;155030;2224;22;184769;2874;77;0;1
FR;5;2022-03-05;677;1990;8;0;2243;16;2;0;0;253998;157020;2232;22;187012;2890;79;0;1
FR;5;2022-03-06;108;260;0;0;310;0;0;0;0;254106;157280;2232;22;187322;2890;79;0;1
FR;5;2022-03-07;71;228;5;0;254;3;2;0;0;254177;157508;2237;22;187576;2893;81;0;1
FR;5;2022-03-08;46;134;7;1;141;8;3;0;0;254223;157642;2244;23;187717;2901;84;0;1
FR;5;2022-03-09;911;3078;24;0;3407;36;0;0;0;255134;160720;2268;23;191124;2937;84;0;1
FR;5;2022-03-10;82;202;9;0;216;13;3;0;0;255216;160922;2277;23;191340;2950;87;0;1
FR;5;2022-03-11;148;369;13;1;426;15;0;0;0;255364;161291;2290;24;191766;2965;87;0;1
FR;5;2022-03-12;758;1613;13;1;1977;30;0;0;0;256122;162904;2303;25;193743;2995;87;0;1
FR;5;2022-03-13;78;102;0;0;135;0;0;0;0;256200;163006;2303;25;193878;2995;87;0;1
FR;5;2022-03-14;69;119;7;1;139;7;1;0;0;256269;163125;2310;26;194017;3002;88;0;1
FR;5;2022-03-15;83;99;4;0;119;7;1;0;0;256352;163224;2314;26;194136;3009;89;0;1
FR;5;2022-03-16;882;1827;15;3;2227;36;7;0;0;257234;165051;2329;29;196363;3045;96;0;1
FR;5;2022-03-17;68;123;8;4;151;10;4;0;0;257302;165174;2337;33;196514;3055;100;0;1
FR;5;2022-03-18;172;318;13;4;391;18;4;0;0;257474;165492;2350;37;196905;3073;104;0;1
FR;5;2022-03-19;752;1163;12;5;1555;33;8;0;0;258226;166655;2362;42;198460;3106;112;0;1
FR;5;2022-03-20;45;93;1;0;119;1;0;0;0;258271;166748;2363;42;198579;3107;112;0;1
FR;5;2022-03-21;71;120;10;6;136;15;8;0;0;258342;166868;2373;48;198715;3122;120;0;1
FR;5;2022-03-22;56;119;8;7;143;9;6;0;0;258398;166987;2381;55;198858;3131;126;0;1
FR;5;2022-03-23;805;1461;14;8;1878;36;9;0;0;259203;168448;2395;63;200736;3167;135;0;1
FR;5;2022-03-24;71;93;8;7;118;7;10;0;0;259274;168541;2403;70;200854;3174;145;0;1
FR;5;2022-03-25;222;293;14;8;388;18;9;0;0;259496;168834;2417;78;201242;3192;154;0;1
FR;5;2022-03-26;707;853;12;5;1273;26;6;0;1;260203;169687;2429;83;202515;3218;160;0;2
FR;5;2022-03-27;76;81;0;0;124;3;0;0;0;260279;169768;2429;83;202639;3221;160;0;2
FR;5;2022-03-28;81;93;1;2;132;3;2;0;0;260360;169861;2430;85;202771;3224;162;0;2
FR;5;2022-03-29;71;83;10;4;114;12;5;0;0;260431;169944;2440;89;202885;3236;167;0;2
FR;5;2022-03-30;823;1116;16;13;1604;29;14;0;0;261254;171060;2456;102;204489;3265;181;0;2
FR;5;2022-03-31;102;125;1;4;173;6;4;0;0;261356;171185;2457;106;204662;3271;185;0;2
FR;5;2022-04-01;114;86;7;12;135;11;12;0;1;261470;171271;2464;118;204797;3282;197;0;3
FR;5;2022-04-02;330;349;3;3;535;15;4;0;0;261800;171620;2467;121;205332;3297;201;0;3
FR;5;2022-04-03;54;59;1;0;88;1;0;0;0;261854;171679;2468;121;205420;3298;201;0;3
FR;5;2022-04-04;40;57;4;1;70;8;2;0;0;261894;171736;2472;122;205490;3306;203;0;3
FR;5;2022-04-05;53;60;6;6;75;9;5;0;0;261947;171796;2478;128;205565;3315;208;0;3
FR;5;2022-04-06;421;439;7;14;678;16;14;0;0;262368;172235;2485;142;206243;3331;222;0;3
FR;5;2022-04-07;45;69;5;7;89;7;10;0;0;262413;172304;2490;149;206332;3338;232;0;3
FR;5;2022-04-08;134;112;12;13;175;14;15;0;0;262547;172416;2502;162;206507;3352;247;0;3
FR;5;2022-04-09;311;324;2;5;511;17;5;0;0;262858;172740;2504;167;207018;3369;252;0;3
FR;5;2022-04-10;44;31;2;0;61;2;1;0;0;262902;172771;2506;167;207079;3371;253;0;3
FR;5;2022-04-11;50;60;3;2;78;4;3;0;0;262952;172831;2509;169;207157;3375;256;0;3
FR;5;2022-04-12;59;54;3;3;78;5;3;0;0;263011;172885;2512;172;207235;3380;259;0;3
FR;5;2022-04-13;382;413;3;8;606;16;8;0;0;263393;173298;2515;180;207841;3396;267;0;3
FR;5;2022-04-14;48;53;5;5;70;9;3;0;0;263441;173351;2520;185;207911;3405;270;0;3
FR;5;2022-04-15;91;111;4;4;152;5;6;0;0;263532;173462;2524;189;208063;3410;276;0;3
FR;5;2022-04-16;188;184;2;1;265;13;1;0;0;263720;173646;2526;190;208328;3423;277;0;3
FR;5;2022-04-17;12;11;1;0;17;1;0;0;0;263732;173657;2527;190;208345;3424;277;0;3
FR;5;2022-04-18;9;10;2;0;11;3;1;0;0;263741;173667;2529;190;208356;3427;278;0;3
FR;5;2022-04-19;75;71;6;1;96;6;4;0;0;263816;173738;2535;191;208452;3433;282;0;3
FR;5;2022-04-20;361;349;9;6;521;12;7;0;0;264177;174087;2544;197;208973;3445;289;0;3
FR;5;2022-04-21;42;64;9;10;71;12;14;0;0;264219;174151;2553;207;209044;3457;303;0;3
FR;5;2022-04-22;113;96;5;4;144;5;5;0;0;264332;174247;2558;211;209188;3462;308;0;3
FR;5;2022-04-23;209;193;4;2;284;11;3;0;0;264541;174440;2562;213;209472;3473;311;0;3
FR;5;2022-04-24;37;35;0;0;50;3;0;0;0;264578;174475;2562;213;209522;3476;311;0;3
FR;5;2022-04-25;69;65;1;1;102;4;1;0;0;264647;174540;2563;214;209624;3480;312;0;3
FR;5;2022-04-26;60;63;2;1;85;5;1;0;0;264707;174603;2565;215;209709;3485;313;0;3
FR;5;2022-04-27;335;316;3;7;463;14;8;0;0;265042;174919;2568;222;210172;3499;321;0;3
FR;5;2022-04-28;81;54;4;5;81;8;7;0;0;265123;174973;2572;227;210253;3507;328;0;3
FR;5;2022-04-29;117;84;5;19;118;12;17;0;0;265240;175057;2577;246;210371;3519;345;0;3
FR;5;2022-04-30;183;114;2;3;184;10;4;0;0;265423;175171;2579;249;210555;3529;349;0;3
FR;5;2022-05-01;11;7;0;0;11;0;0;0;0;265434;175178;2579;249;210566;3529;349;0;3
FR;5;2022-05-02;52;28;4;5;48;2;7;0;0;265486;175206;2583;254;210614;3531;356;0;3
FR;5;2022-05-03;87;57;2;4;84;11;4;0;0;265573;175263;2585;258;210698;3542;360;0;3
FR;5;2022-05-04;278;205;1;2;324;7;2;0;0;265851;175468;2586;260;211022;3549;362;0;3
FR;5;2022-05-05;62;32;3;4;46;5;4;0;0;265913;175500;2589;264;211068;3554;366;0;3
FR;5;2022-05-06;105;65;2;3;106;5;3;0;0;266018;175565;2591;267;211174;3559;369;0;3
FR;5;2022-05-07;171;117;2;10;180;13;7;0;0;266189;175682;2593;277;211354;3572;376;0;3
FR;5;2022-05-08;8;8;0;0;9;2;0;0;0;266197;175690;2593;277;211363;3574;376;0;3
FR;5;2022-05-09;44;34;15;3;51;16;4;0;0;266241;175724;2608;280;211414;3590;380;0;3
FR;5;2022-05-10;54;49;3;4;67;5;5;0;0;266295;175773;2611;284;211481;3595;385;0;3
FR;5;2022-05-11;327;237;12;7;344;21;11;0;0;266622;176010;2623;291;211825;3616;396;0;3
FR;5;2022-05-12;46;34;2;2;47;2;3;0;0;266668;176044;2625;293;211872;3618;399;0;3
FR;5;2022-05-13;109;83;3;8;120;8;7;0;0;266777;176127;2628;301;211992;3626;406;0;3
FR;5;2022-05-14;209;131;0;1;212;8;0;0;0;266986;176258;2628;302;212204;3634;406;0;3
FR;5;2022-05-15;22;9;2;0;18;1;1;0;0;267008;176267;2630;302;212222;3635;407;0;3
FR;5;2022-05-16;52;34;4;5;53;4;5;0;0;267060;176301;2634;307;212275;3639;412;0;3
FR;5;2022-05-17;72;40;5;0;68;2;3;0;0;267132;176341;2639;307;212343;3641;415;0;3
FR;5;2022-05-18;289;215;4;4;330;8;6;0;0;267421;176556;2643;311;212673;3649;421;0;3
FR;5;2022-05-19;45;35;5;3;42;3;4;0;0;267466;176591;2648;314;212715;3652;425;0;3
FR;5;2022-05-20;76;63;3;10;92;1;11;0;0;267542;176654;2651;324;212807;3653;436;0;3
FR;5;2022-05-21;242;166;2;3;268;17;1;0;0;267784;176820;2653;327;213075;3670;437;0;3
FR;5;2022-05-22;20;14;2;5;20;2;6;0;0;267804;176834;2655;332;213095;3672;443;0;3
FR;5;2022-05-23;42;31;4;3;42;6;3;0;0;267846;176865;2659;335;213137;3678;446;0;3
FR;5;2022-05-24;47;45;3;2;60;5;2;0;0;267893;176910;2662;337;213197;3683;448;0;3
FR;5;2022-05-25;329;258;4;1;386;16;1;0;0;268222;177168;2666;338;213583;3699;449;0;3
FR;5;2022-05-26;17;5;0;1;9;2;0;0;1;268239;177173;2666;339;213592;3701;449;0;4
FR;5;2022-05-27;99;54;4;4;89;9;3;0;0;268338;177227;2670;343;213681;3710;452;0;4
FR;5;2022-05-28;100;78;5;3;106;10;3;0;0;268438;177305;2675;346;213787;3720;455;0;4
FR;5;2022-05-29;14;14;1;0;18;2;0;0;0;268452;177319;2676;346;213805;3722;455;0;4
FR;5;2022-05-30;56;41;2;1;54;2;2;0;0;268508;177360;2678;347;213859;3724;457;0;4
FR;5;2022-05-31;57;43;1;8;62;1;8;0;0;268565;177403;2679;355;213921;3725;465;0;4
FR;5;2022-06-01;257;241;9;2;302;25;5;0;0;268822;177644;2688;357;214223;3750;470;0;4
FR;5;2022-06-02;63;61;5;0;73;9;1;0;0;268885;177705;2693;357;214296;3759;471;0;4
FR;5;2022-06-03;82;71;4;5;88;10;6;0;0;268967;177776;2697;362;214384;3769;477;0;4
FR;5;2022-06-04;157;109;2;1;187;9;1;0;0;269124;177885;2699;363;214571;3778;478;0;4
FR;5;2022-06-05;18;11;0;0;21;1;0;0;0;269142;177896;2699;363;214592;3779;478;0;4
FR;5;2022-06-06;16;12;0;1;15;0;1;0;0;269158;177908;2699;364;214607;3779;479;0;4
FR;5;2022-06-07;50;56;1;1;76;2;1;0;0;269208;177964;2700;365;214683;3781;480;0;4
FR;5;2022-06-08;283;225;3;4;332;17;2;0;0;269491;178189;2703;369;215015;3798;482;0;4
FR;5;2022-06-09;52;41;6;3;57;7;2;0;1;269543;178230;2709;372;215072;3805;484;0;5
FR;5;2022-06-10;81;72;1;1;105;6;1;0;0;269624;178302;2710;373;215177;3811;485;0;5
FR;5;2022-06-11;173;141;3;3;202;10;4;0;0;269797;178443;2713;376;215379;3821;489;0;5
FR;5;2022-06-12;17;16;0;0;19;2;0;0;0;269814;178459;2713;376;215398;3823;489;0;5
FR;5;2022-06-13;56;47;9;3;70;10;6;0;0;269870;178506;2722;379;215468;3833;495;0;5
FR;5;2022-06-14;59;56;1;4;64;6;4;0;0;269929;178562;2723;383;215532;3839;499;0;5
FR;5;2022-06-15;266;260;5;2;363;27;1;0;0;270195;178822;2728;385;215895;3866;500;0;5
FR;5;2022-06-16;47;30;5;2;44;5;2;0;0;270242;178852;2733;387;215939;3871;502;0;5
FR;5;2022-06-17;100;67;5;5;102;10;5;0;0;270342;178919;2738;392;216041;3881;507;0;5
FR;5;2022-06-18;146;95;10;2;152;26;2;0;1;270488;179014;2748;394;216193;3907;509;0;6
FR;5;2022-06-19;26;15;0;1;18;4;1;0;0;270514;179029;2748;395;216211;3911;510;0;6
FR;5;2022-06-20;56;50;8;0;62;11;2;0;0;270570;179079;2756;395;216273;3922;512;0;6
FR;5;2022-06-21;53;73;5;3;91;7;5;0;1;270623;179152;2761;398;216364;3929;517;0;7
FR;5;2022-06-22;224;248;7;9;348;33;10;0;0;270847;179400;2768;407;216712;3962;527;0;7
FR;5;2022-06-23;50;38;2;5;43;6;6;0;0;270897;179438;2770;412;216755;3968;533;0;7
FR;5;2022-06-24;91;70;12;5;101;16;8;0;0;270988;179508;2782;417;216856;3984;541;0;7
FR;5;2022-06-25;154;124;3;7;185;14;8;0;1;271142;179632;2785;424;217041;3998;549;0;8
FR;5;2022-06-26;26;19;2;0;29;5;0;0;0;271168;179651;2787;424;217070;4003;549;0;8
FR;5;2022-06-27;57;60;5;7;78;11;9;0;0;271225;179711;2792;431;217148;4014;558;0;8
FR;5;2022-06-28;70;49;8;2;69;14;5;0;0;271295;179760;2800;433;217217;4028;563;0;8
FR;5;2022-06-29;297;269;9;21;391;34;23;0;0;271592;180029;2809;454;217608;4062;586;0;8
FR;5;2022-06-30;89;57;10;12;89;17;11;0;0;271681;180086;2819;466;217697;4079;597;0;8
FR;5;2022-07-01;127;65;7;11;118;12;11;0;2;271808;180151;2826;477;217815;4091;608;0;10
FR;5;2022-07-02;191;132;4;0;210;22;0;0;0;271999;180283;2830;477;218025;4113;608;0;10
FR;5;2022-07-03;30;25;1;0;36;4;0;0;0;272029;180308;2831;477;218061;4117;608;0;10
FR;5;2022-07-04;103;65;2;5;102;7;5;0;1;272132;180373;2833;482;218163;4124;613;0;11
FR;5;2022-07-05;104;72;3;8;107;13;8;0;1;272236;180445;2836;490;218270;4137;621;0;12
FR;5;2022-07-06;278;168;9;36;289;27;36;0;0;272514;180613;2845;526;218559;4164;657;0;12
FR;5;2022-07-07;88;69;6;9;89;13;11;0;0;272602;180682;2851;535;218648;4177;668;0;12
FR;5;2022-07-08;152;120;7;14;146;25;13;0;1;272754;180802;2858;549;218794;4202;681;0;13
FR;5;2022-07-09;116;68;1;8;100;10;8;0;0;272870;180870;2859;557;218894;4212;689;0;13
FR;5;2022-07-10;15;6;0;0;10;1;0;0;0;272885;180876;2859;557;218904;4213;689;0;13
FR;5;2022-07-11;92;72;10;2;98;19;3;0;0;272977;180948;2869;559;219002;4232;692;0;13
FR;5;2022-07-12;67;63;5;10;81;7;12;0;0;273044;181011;2874;569;219083;4239;704;0;13
FR;5;2022-07-13;169;118;10;19;196;16;23;0;0;273213;181129;2884;588;219279;4255;727;0;13
FR;5;2022-07-14;8;4;0;0;7;0;0;0;0;273221;181133;2884;588;219286;4255;727;0;13
FR;5;2022-07-15;74;66;5;14;86;15;15;0;0;273295;181199;2889;602;219372;4270;742;0;13
FR;5;2022-07-16;54;44;3;0;71;3;2;0;0;273349;181243;2892;602;219443;4273;744;0;13
FR;5;2022-07-17;10;7;3;0;10;2;2;0;0;273359;181250;2895;602;219453;4275;746;0;13
FR;5;2022-07-18;60;47;0;4;70;4;3;0;0;273419;181297;2895;606;219523;4279;749;0;13
FR;5;2022-07-19;63;42;5;3;63;7;4;0;0;273482;181339;2900;609;219586;4286;753;0;13
FR;5;2022-07-20;120;106;4;11;141;14;9;0;0;273602;181445;2904;620;219727;4300;762;0;13
FR;5;2022-07-21;38;43;2;10;52;5;10;0;0;273640;181488;2906;630;219779;4305;772;0;13
FR;5;2022-07-22;48;69;11;13;75;23;11;0;1;273688;181557;2917;643;219854;4328;783;0;14
FR;5;2022-07-23;59;78;2;1;95;11;2;0;0;273747;181635;2919;644;219949;4339;785;0;14
FR;5;2022-07-24;11;9;3;1;12;3;1;0;0;273758;181644;2922;645;219961;4342;786;0;14
FR;5;2022-07-25;53;48;2;7;57;8;8;0;0;273811;181692;2924;652;220018;4350;794;0;14
FR;5;2022-07-26;58;52;5;41;70;6;44;0;0;273869;181744;2929;693;220088;4356;838;0;14
FR;5;2022-07-27;106;118;4;4;161;13;4;0;0;273975;181862;2933;697;220249;4369;842;0;14
FR;5;2022-07-28;39;35;2;2;47;6;1;0;0;274014;181897;2935;699;220296;4375;843;0;14
FR;5;2022-07-29;56;74;3;14;90;8;10;0;0;274070;181971;2938;713;220386;4383;853;0;14
FR;5;2022-07-30;55;53;5;1;76;7;2;0;0;274125;182024;2943;714;220462;4390;855;0;14
FR;5;2022-07-31;7;11;1;0;13;1;0;0;0;274132;182035;2944;714;220475;4391;855;0;14
FR;5;2022-08-01;39;53;1;2;64;6;2;0;0;274171;182088;2945;716;220539;4397;857;0;14
FR;5;2022-08-02;32;43;8;7;47;8;7;0;1;274203;182131;2953;723;220586;4405;864;0;15
FR;5;2022-08-03;54;51;4;10;70;9;8;0;0;274257;182182;2957;733;220656;4414;872;0;15
FR;5;2022-08-04;20;18;1;6;22;1;6;0;0;274277;182200;2958;739;220678;4415;878;0;15
FR;5;2022-08-05;35;26;3;3;39;3;3;0;0;274312;182226;2961;742;220717;4418;881;0;15
FR;5;2022-08-06;23;26;1;0;31;1;0;0;0;274335;182252;2962;742;220748;4419;881;0;15
FR;5;2022-08-07;2;2;1;0;1;1;1;0;0;274337;182254;2963;742;220749;4420;882;0;15
FR;5;2022-08-08;26;19;1;2;24;2;1;0;0;274363;182273;2964;744;220773;4422;883;0;15
FR;5;2022-08-09;26;28;3;3;35;3;3;0;0;274389;182301;2967;747;220808;4425;886;0;15
FR;5;2022-08-10;47;47;2;0;56;5;0;0;0;274436;182348;2969;747;220864;4430;886;0;15
FR;5;2022-08-11;19;36;2;2;42;5;2;0;0;274455;182384;2971;749;220906;4435;888;0;15
FR;5;2022-08-12;27;28;2;0;39;2;0;0;0;274482;182412;2973;749;220945;4437;888;0;15
FR;5;2022-08-13;16;18;0;0;24;0;0;0;0;274498;182430;2973;749;220969;4437;888;0;15
FR;5;2022-08-14;2;3;0;0;4;0;0;0;0;274500;182433;2973;749;220973;4437;888;0;15
FR;5;2022-08-15;2;6;0;0;6;0;0;0;0;274502;182439;2973;749;220979;4437;888;0;15
FR;5;2022-08-16;33;26;3;0;28;6;0;0;0;274535;182465;2976;749;221007;4443;888;0;15
FR;5;2022-08-17;52;55;2;1;72;1;1;0;0;274587;182520;2978;750;221079;4444;889;0;15
FR;5;2022-08-18;26;18;8;17;25;10;16;0;0;274613;182538;2986;767;221104;4454;905;0;15
FR;5;2022-08-19;26;34;1;2;43;2;2;0;0;274639;182572;2987;769;221147;4456;907;0;15
FR;5;2022-08-20;25;27;2;1;33;4;2;0;0;274664;182599;2989;770;221180;4460;909;0;15
FR;5;2022-08-21;7;4;1;0;7;1;0;0;0;274671;182603;2990;770;221187;4461;909;0;15
FR;5;2022-08-22;39;26;1;6;42;2;5;0;1;274710;182629;2991;776;221229;4463;914;0;16
FR;5;2022-08-23;27;26;1;1;32;2;1;0;0;274737;182655;2992;777;221261;4465;915;0;16
FR;5;2022-08-24;50;43;0;0;62;0;0;0;0;274787;182698;2992;777;221323;4465;915;0;16
FR;5;2022-08-25;27;26;3;1;31;2;0;0;1;274814;182724;2995;778;221354;4467;915;0;17
FR;5;2022-08-26;48;39;7;2;58;5;4;0;0;274862;182763;3002;780;221412;4472;919;0;17
FR;5;2022-08-27;46;28;1;0;46;3;1;0;0;274908;182791;3003;780;221458;4475;920;0;17
FR;5;2022-08-28;5;7;0;0;7;0;0;0;0;274913;182798;3003;780;221465;4475;920;0;17
FR;5;2022-08-29;58;44;1;1;66;4;1;0;0;274971;182842;3004;781;221531;4479;921;0;17
FR;5;2022-08-30;45;23;12;29;40;10;30;0;1;275016;182865;3016;810;221571;4489;951;0;18
FR;5;2022-08-31;53;47;6;1;58;11;1;0;0;275069;182912;3022;811;221629;4500;952;0;18
FR;5;2022-09-01;16;8;1;4;13;1;4;0;0;275085;182920;3023;815;221642;4501;956;0;18
FR;5;2022-09-02;42;23;8;2;35;9;3;0;0;275127;182943;3031;817;221677;4510;959;0;18
FR;5;2022-09-03;69;37;2;0;58;2;0;0;0;275196;182980;3033;817;221735;4512;959;0;18
FR;5;2022-09-04;12;7;1;0;8;3;0;0;0;275208;182987;3034;817;221743;4515;959;0;18
FR;5;2022-09-05;7;4;1;0;4;1;0;0;0;275215;182991;3035;817;221747;4516;959;0;18
FR;5;2022-09-06;23;14;3;15;17;2;14;0;2;275238;183005;3038;832;221764;4518;973;0;20
FR;5;2022-09-07;79;53;1;1;76;3;1;0;0;275317;183058;3039;833;221840;4521;974;0;20
FR;5;2022-09-08;10;4;0;4;7;0;4;0;0;275327;183062;3039;837;221847;4521;978;0;20
FR;5;2022-09-09;42;11;9;2;14;10;3;0;0;275369;183073;3048;839;221861;4531;981;0;20
FR;5;2022-09-10;40;45;1;1;50;8;1;0;0;275409;183118;3049;840;221911;4539;982;0;20
FR;5;2022-09-11;3;3;0;0;3;1;0;0;0;275412;183121;3049;840;221914;4540;982;0;20
FR;5;2022-09-12;7;5;2;2;7;2;2;0;0;275419;183126;3051;842;221921;4542;984;0;20
FR;5;2022-09-13;9;6;0;1;4;3;1;0;0;275428;183132;3051;843;221925;4545;985;0;20
FR;5;2022-09-14;52;47;4;6;55;9;5;0;0;275480;183179;3055;849;221980;4554;990;0;20
FR;5;2022-09-15;11;13;2;3;11;5;3;0;0;275491;183192;3057;852;221991;4559;993;0;20
FR;5;2022-09-16;25;33;1;4;38;3;3;0;0;275516;183225;3058;856;222029;4562;996;0;20
FR;5;2022-09-17;60;43;1;1;51;5;1;0;0;275576;183268;3059;857;222080;4567;997;0;20
FR;5;2022-09-18;9;6;0;1;10;1;0;0;0;275585;183274;3059;858;222090;4568;997;0;20
FR;5;2022-09-19;22;17;2;1;20;5;2;0;0;275607;183291;3061;859;222110;4573;999;0;20
FR;5;2022-09-20;15;11;3;3;15;1;4;0;0;275622;183302;3064;862;222125;4574;1003;0;20
FR;5;2022-09-21;68;45;9;0;65;13;0;0;0;275690;183347;3073;862;222190;4587;1003;0;20
FR;5;2022-09-22;12;6;4;24;6;4;23;0;1;275702;183353;3077;886;222196;4591;1026;0;21
FR;5;2022-09-23;20;25;2;3;23;8;3;0;0;275722;183378;3079;889;222219;4599;1029;0;21
FR;5;2022-09-24;44;51;1;8;65;5;8;0;0;275766;183429;3080;897;222284;4604;1037;0;21
FR;5;2022-09-25;6;12;0;0;13;1;0;0;0;275772;183441;3080;897;222297;4605;1037;0;21
FR;5;2022-09-26;15;7;0;2;12;0;1;0;1;275787;183448;3080;899;222309;4605;1038;0;22
FR;5;2022-09-27;7;12;4;9;14;4;9;0;1;275794;183460;3084;908;222323;4609;1047;0;23
FR;5;2022-09-28;65;67;5;0;91;7;0;0;0;275859;183527;3089;908;222414;4616;1047;0;23
FR;5;2022-09-29;17;9;1;0;15;1;1;0;1;275876;183536;3090;908;222429;4617;1048;0;24
FR;5;2022-09-30;28;47;2;2;54;4;3;0;0;275904;183583;3092;910;222483;4621;1051;0;24
FR;5;2022-10-01;40;35;5;5;48;8;7;0;0;275944;183618;3097;915;222531;4629;1058;0;24
FR;5;2022-10-02;1;9;1;0;10;1;0;0;0;275945;183627;3098;915;222541;4630;1058;0;24
FR;5;2022-10-03;7;6;3;0;5;4;0;0;0;275952;183633;3101;915;222546;4634;1058;0;24
FR;5;2022-10-04;11;8;1;3;11;2;3;0;0;275963;183641;3102;918;222557;4636;1061;0;24
FR;5;2022-10-05;57;62;2;2;79;13;2;0;0;276020;183703;3104;920;222636;4649;1063;0;24
FR;5;2022-10-06;12;10;1;4;15;2;4;0;0;276032;183713;3105;924;222651;4651;1067;0;24
FR;5;2022-10-07;21;31;1;0;34;5;0;0;0;276053;183744;3106;924;222685;4656;1067;0;24
FR;5;2022-10-08;33;51;1;0;54;7;0;0;0;276086;183795;3107;924;222739;4663;1067;0;24
FR;5;2022-10-09;7;10;0;0;11;1;0;0;0;276093;183805;3107;924;222750;4664;1067;0;24
FR;5;2022-10-10;14;6;0;1;8;1;1;0;0;276107;183811;3107;925;222758;4665;1068;0;24
FR;5;2022-10-11;6;13;2;1;14;2;2;0;0;276113;183824;3109;926;222772;4667;1070;0;24
FR;5;2022-10-12;40;57;3;2;69;8;2;0;0;276153;183881;3112;928;222841;4675;1072;0;24
FR;5;2022-10-13;11;16;2;0;18;4;0;0;0;276164;183897;3114;928;222859;4679;1072;0;24
FR;5;2022-10-14;21;21;1;0;20;5;0;0;0;276185;183918;3115;928;222879;4684;1072;0;24
FR;5;2022-10-15;19;26;10;0;25;11;2;0;0;276204;183944;3125;928;222904;4695;1074;0;24
FR;5;2022-10-16;3;1;0;0;1;1;0;0;0;276207;183945;3125;928;222905;4696;1074;0;24
FR;5;2022-10-17;8;8;2;1;8;3;1;0;2;276215;183953;3127;929;222913;4699;1075;0;26
FR;5;2022-10-18;6;7;0;2;8;0;2;0;0;276221;183960;3127;931;222921;4699;1077;0;26
FR;5;2022-10-19;38;44;8;0;53;11;0;0;1;276259;184004;3135;931;222974;4710;1077;0;27
FR;5;2022-10-20;18;15;2;1;16;3;1;0;0;276277;184019;3137;932;222990;4713;1078;0;27
FR;5;2022-10-21;22;15;6;0;19;8;1;0;2;276299;184034;3143;932;223009;4721;1079;0;29
FR;5;2022-10-22;35;29;2;12;32;5;12;0;0;276334;184063;3145;944;223041;4726;1091;0;29
FR;5;2022-10-23;9;3;0;0;4;0;0;0;0;276343;184066;3145;944;223045;4726;1091;0;29
FR;5;2022-10-24;14;7;6;7;9;9;8;0;0;276357;184073;3151;951;223054;4735;1099;0;29
FR;5;2022-10-25;13;9;6;3;9;8;3;0;2;276370;184082;3157;954;223063;4743;1102;0;31
FR;5;2022-10-26;34;22;6;0;29;10;0;0;0;276404;184104;3163;954;223092;4753;1102;0;31
FR;5;2022-10-27;16;4;4;0;11;4;0;0;0;276420;184108;3167;954;223103;4757;1102;0;31
FR;5;2022-10-28;19;13;5;3;14;6;4;0;0;276439;184121;3172;957;223117;4763;1106;0;31
FR;5;2022-10-29;21;13;0;0;17;3;0;0;0;276460;184134;3172;957;223134;4766;1106;0;31
FR;5;2022-10-30;1;4;2;0;4;3;0;0;0;276461;184138;3174;957;223138;4769;1106;0;31
FR;5;2022-10-31;14;11;2;1;12;3;1;0;0;276475;184149;3176;958;223150;4772;1107;0;31
FR;5;2022-11-01;3;3;0;1;3;0;1;0;0;276478;184152;3176;959;223153;4772;1108;0;31
FR;5;2022-11-02;23;17;5;4;23;5;5;0;0;276501;184169;3181;963;223176;4777;1113;0;31
FR;5;2022-11-03;22;4;1;1;11;1;1;0;0;276523;184173;3182;964;223187;4778;1114;0;31
FR;5;2022-11-04;19;18;1;0;18;2;0;0;0;276542;184191;3183;964;223205;4780;1114;0;31
FR;5;2022-11-05;25;16;1;0;21;1;0;0;0;276567;184207;3184;964;223226;4781;1114;0;31
FR;5;2022-11-06;1;7;0;0;7;0;0;0;0;276568;184214;3184;964;223233;4781;1114;0;31
FR;5;2022-11-07;9;3;3;0;3;3;0;0;0;276577;184217;3187;964;223236;4784;1114;0;31
FR;5;2022-11-08;12;7;1;2;8;1;1;0;0;276589;184224;3188;966;223244;4785;1115;0;31
FR;5;2022-11-09;30;29;6;1;32;6;1;0;0;276619;184253;3194;967;223276;4791;1116;0;31
FR;5;2022-11-10;11;16;1;0;17;1;0;0;0;276630;184269;3195;967;223293;4792;1116;0;31
FR;5;2022-11-11;2;4;0;1;6;0;1;0;0;276632;184273;3195;968;223299;4792;1117;0;31
FR;5;2022-11-12;19;10;5;9;18;6;9;0;2;276651;184283;3200;977;223317;4798;1126;0;33
FR;5;2022-11-13;2;2;0;1;2;0;1;0;0;276653;184285;3200;978;223319;4798;1127;0;33
FR;5;2022-11-14;8;11;0;1;10;3;0;0;0;276661;184296;3200;979;223329;4801;1127;0;33
FR;5;2022-11-15;8;6;4;3;6;4;3;0;0;276669;184302;3204;982;223335;4805;1130;0;33
FR;5;2022-11-16;29;28;2;1;33;5;0;0;0;276698;184330;3206;983;223368;4810;1130;0;33
FR;5;2022-11-17;6;15;4;0;15;5;0;0;0;276704;184345;3210;983;223383;4815;1130;0;33
FR;5;2022-11-18;17;17;7;0;19;9;0;0;0;276721;184362;3217;983;223402;4824;1130;0;33
FR;5;2022-11-19;18;27;2;0;28;6;0;0;0;276739;184389;3219;983;223430;4830;1130;0;33
FR;5;2022-11-20;6;3;0;0;5;0;0;0;0;276745;184392;3219;983;223435;4830;1130;0;33
FR;5;2022-11-21;8;5;0;2;4;2;1;0;0;276753;184397;3219;985;223439;4832;1131;0;33
FR;5;2022-11-22;9;3;0;1;4;0;1;0;0;276762;184400;3219;986;223443;4832;1132;0;33
FR;5;2022-11-23;34;25;6;1;27;13;0;0;0;276796;184425;3225;987;223470;4845;1132;0;33
FR;5;2022-11-24;3;7;2;0;8;1;1;0;0;276799;184432;3227;987;223478;4846;1133;0;33
FR;5;2022-11-25;15;20;2;0;25;3;0;0;1;276814;184452;3229;987;223503;4849;1133;0;34
FR;5;2022-11-26;22;19;4;0;20;8;0;0;0;276836;184471;3233;987;223523;4857;1133;0;34
FR;5;2022-11-27;7;0;1;0;3;1;0;0;0;276843;184471;3234;987;223526;4858;1133;0;34
FR;5;2022-11-28;7;15;3;0;15;5;0;0;0;276850;184486;3237;987;223541;4863;1133;0;34
FR;5;2022-11-29;10;9;1;0;11;3;0;0;1;276860;184495;3238;987;223552;4866;1133;0;35
FR;5;2022-11-30;35;48;12;0;56;17;1;0;0;276895;184543;3250;987;223608;4883;1134;0;35
FR;5;2022-12-01;5;10;2;0;10;3;0;0;0;276900;184553;3252;987;223618;4886;1134;0;35
FR;5;2022-12-02;1;5;2;1;4;3;1;0;0;276901;184558;3254;988;223622;4889;1135;0;35
FR;5;2022-12-03;3;3;8;1;5;8;1;0;0;276904;184561;3262;989;223627;4897;1136;0;35
FR;5;2022-12-04;3;2;1;0;2;2;0;0;0;276907;184563;3263;989;223629;4899;1136;0;35
FR;5;2022-12-05;1;1;0;0;0;1;0;0;0;276908;184564;3263;989;223629;4900;1136;0;35
FR;5;2022-12-06;5;1;0;0;1;0;0;0;1;276913;184565;3263;989;223630;4900;1136;0;36
FR;5;2022-12-07;5;8;1;0;8;1;0;0;0;276918;184573;3264;989;223638;4901;1136;0;36
FR;5;2022-12-08;2;2;0;0;2;0;0;0;0;276920;184575;3264;989;223640;4901;1136;0;36
FR;5;2022-12-09;5;8;0;0;6;2;0;0;0;276925;184583;3264;989;223646;4903;1136;0;36
FR;5;2022-12-10;4;7;2;1;8;2;1;0;0;276929;184590;3266;990;223654;4905;1137;0;36
FR;5;2022-12-11;2;0;0;0;0;0;0;0;0;276931;184590;3266;990;223654;4905;1137;0;36
FR;5;2022-12-12;0;0;0;0;0;0;0;0;0;276931;184590;3266;990;223654;4905;1137;0;36
FR;5;2022-12-13;2;3;0;0;4;1;0;0;0;276933;184593;3266;990;223658;4906;1137;0;36
FR;5;2022-12-14;2;3;0;9;3;1;8;0;3;276935;184596;3266;999;223661;4907;1145;0;39
FR;5;2022-12-15;0;2;0;0;2;0;0;0;0;276935;184598;3266;999;223663;4907;1145;0;39
FR;5;2022-12-16;3;3;2;0;4;3;0;0;0;276938;184601;3268;999;223667;4910;1145;0;39
FR;5;2022-12-17;3;3;3;0;3;2;1;0;0;276941;184604;3271;999;223670;4912;1146;0;39
FR;5;2022-12-18;3;0;0;1;0;0;1;0;1;276944;184604;3271;1000;223670;4912;1147;0;40
FR;5;2022-12-19;1;0;0;2;0;0;2;0;0;276945;184604;3271;1002;223670;4912;1149;0;40
FR;5;2022-12-20;0;1;3;0;1;3;0;0;0;276945;184605;3274;1002;223671;4915;1149;0;40
FR;5;2022-12-21;2;4;0;0;4;0;0;0;0;276947;184609;3274;1002;223675;4915;1149;0;40
FR;5;2022-12-22;2;2;1;0;2;1;0;0;0;276949;184611;3275;1002;223677;4916;1149;0;40
FR;5;2022-12-23;3;1;1;0;1;1;0;0;0;276952;184612;3276;1002;223678;4917;1149;0;40
FR;5;2022-12-24;0;1;0;0;1;0;0;0;0;276952;184613;3276;1002;223679;4917;1149;0;40
FR;5;2022-12-25;0;1;2;0;0;3;0;0;0;276952;184614;3278;1002;223679;4920;1149;0;40
FR;5;2022-12-26;2;2;0;0;2;0;0;0;0;276954;184616;3278;1002;223681;4920;1149;0;40
FR;5;2022-12-27;0;3;0;0;3;0;0;0;0;276954;184619;3278;1002;223684;4920;1149;0;40
FR;5;2022-12-28;5;3;3;0;3;3;2;0;0;276959;184622;3281;1002;223687;4923;1151;0;40
FR;5;2022-12-29;3;2;2;0;3;2;0;0;0;276962;184624;3283;1002;223690;4925;1151;0;40
FR;5;2022-12-30;3;2;1;0;2;1;0;0;0;276965;184626;3284;1002;223692;4926;1151;0;40
FR;5;2022-12-31;0;0;0;0;0;0;0;0;0;276965;184626;3284;1002;223692;4926;1151;0;40
FR;5;2023-01-01;0;0;0;0;0;0;0;0;0;276965;184626;3284;1002;223692;4926;1151;0;40
FR;5;2023-01-02;1;1;1;0;1;1;0;0;0;276966;184627;3285;1002;223693;4927;1151;0;40
FR;5;2023-01-03;3;1;0;0;2;0;0;0;0;276969;184628;3285;1002;223695;4927;1151;0;40
FR;5;2023-01-04;6;1;1;0;2;1;0;0;0;276975;184629;3286;1002;223697;4928;1151;0;40
FR;5;2023-01-05;0;3;0;0;3;0;0;0;0;276975;184632;3286;1002;223700;4928;1151;0;40
FR;5;2023-01-06;2;1;1;0;1;1;0;0;0;276977;184633;3287;1002;223701;4929;1151;0;40
FR;5;2023-01-07;5;1;1;0;1;2;0;0;0;276982;184634;3288;1002;223702;4931;1151;0;40
FR;5;2023-01-08;2;2;0;0;2;0;0;0;0;276984;184636;3288;1002;223704;4931;1151;0;40
FR;5;2023-01-09;4;0;1;0;1;1;0;0;0;276988;184636;3289;1002;223705;4932;1151;0;40
FR;5;2023-01-10;3;1;0;0;2;0;0;0;0;276991;184637;3289;1002;223707;4932;1151;0;40
FR;5;2023-01-11;7;5;3;0;4;4;0;0;0;276998;184642;3292;1002;223711;4936;1151;0;40
FR;5;2023-01-12;14;6;4;0;6;6;0;0;0;277012;184648;3296;1002;223717;4942;1151;0;40
FR;5;2023-01-13;56;16;16;0;31;18;0;0;0;277068;184664;3312;1002;223748;4960;1151;0;40
FR;5;2023-01-14;56;34;13;1;34;20;2;0;0;277124;184698;3325;1003;223782;4980;1153;0;40
FR;5;2023-01-15;13;9;0;0;5;4;0;0;0;277137;184707;3325;1003;223787;4984;1153;0;40
FR;5;2023-01-16;13;8;3;0;8;3;0;0;0;277150;184715;3328;1003;223795;4987;1153;0;40
FR;5;2023-01-17;12;8;3;0;4;7;0;0;0;277162;184723;3331;1003;223799;4994;1153;0;40
FR;5;2023-01-18;71;35;21;2;46;25;2;0;0;277233;184758;3352;1005;223845;5019;1155;0;40
FR;5;2023-01-19;13;6;8;0;5;10;1;0;0;277246;184764;3360;1005;223850;5029;1156;0;40
FR;5;2023-01-20;27;17;13;0;17;18;0;0;2;277273;184781;3373;1005;223867;5047;1156;0;42
FR;5;2023-01-21;34;23;18;1;31;21;1;0;0;277307;184804;3391;1006;223898;5068;1157;0;42
FR;5;2023-01-22;6;4;2;0;4;3;0;0;0;277313;184808;3393;1006;223902;5071;1157;0;42
FR;5;2023-01-23;6;5;3;0;3;5;0;0;0;277319;184813;3396;1006;223905;5076;1157;0;42
FR;5;2023-01-24;16;3;3;0;6;4;0;0;0;277335;184816;3399;1006;223911;5080;1157;0;42
FR;5;2023-01-25;33;31;12;2;27;23;2;0;0;277368;184847;3411;1008;223938;5103;1159;0;42
FR;5;2023-01-26;6;5;4;0;6;4;0;0;0;277374;184852;3415;1008;223944;5107;1159;0;42
FR;5;2023-01-27;18;13;8;0;17;8;1;0;0;277392;184865;3423;1008;223961;5115;1160;0;42
FR;5;2023-01-28;21;8;4;3;11;6;3;0;0;277413;184873;3427;1011;223972;5121;1163;0;42
FR;5;2023-01-29;0;3;0;0;2;1;0;0;0;277413;184876;3427;1011;223974;5122;1163;0;42
FR;5;2023-01-30;7;5;3;0;4;6;0;0;0;277420;184881;3430;1011;223978;5128;1163;0;42
FR;5;2023-01-31;3;7;2;0;5;4;0;0;0;277423;184888;3432;1011;223983;5132;1163;0;42
FR;5;2023-02-01;18;18;7;1;19;8;1;0;0;277441;184906;3439;1012;224002;5140;1164;0;42
FR;5;2023-02-02;7;8;1;0;7;2;0;0;0;277448;184914;3440;1012;224009;5142;1164;0;42
FR;5;2023-02-03;15;26;6;0;27;9;0;0;0;277463;184940;3446;1012;224036;5151;1164;0;42
FR;5;2023-02-04;17;23;5;0;25;6;0;0;0;277480;184963;3451;1012;224061;5157;1164;0;42
FR;5;2023-02-05;1;2;0;1;2;1;0;0;0;277481;184965;3451;1013;224063;5158;1164;0;42
FR;5;2023-02-06;12;11;7;0;12;7;0;0;0;277493;184976;3458;1013;224075;5165;1164;0;42
FR;5;2023-02-07;6;11;2;0;10;4;0;0;0;277499;184987;3460;1013;224085;5169;1164;0;42
FR;5;2023-02-08;29;35;8;0;39;10;0;0;0;277528;185022;3468;1013;224124;5179;1164;0;42
FR;5;2023-02-09;15;7;5;0;8;5;0;0;0;277543;185029;3473;1013;224132;5184;1164;0;42
FR;5;2023-02-10;11;22;5;0;24;7;0;0;0;277554;185051;3478;1013;224156;5191;1164;0;42
FR;5;2023-02-11;12;11;3;1;15;4;0;0;0;277566;185062;3481;1014;224171;5195;1164;0;42
FR;5;2023-02-12;4;7;1;0;8;1;0;0;0;277570;185069;3482;1014;224179;5196;1164;0;42
FR;5;2023-02-13;4;6;6;0;5;7;0;0;0;277574;185075;3488;1014;224184;5203;1164;0;42
FR;5;2023-02-14;11;8;2;0;9;3;0;0;0;277585;185083;3490;1014;224193;5206;1164;0;42
FR;5;2023-02-15;27;25;4;0;27;5;0;0;0;277612;185108;3494;1014;224220;5211;1164;0;42
FR;5;2023-02-16;8;4;3;0;8;3;0;0;0;277620;185112;3497;1014;224228;5214;1164;0;42
FR;5;2023-02-17;9;5;9;0;6;9;0;0;0;277629;185117;3506;1014;224234;5223;1164;0;42
FR;5;2023-02-18;9;14;3;1;16;3;1;0;0;277638;185131;3509;1015;224250;5226;1165;0;42
FR;5;2023-02-19;0;1;0;0;1;0;0;0;0;277638;185132;3509;1015;224251;5226;1165;0;42
FR;5;2023-02-20;6;6;4;0;6;5;0;0;0;277644;185138;3513;1015;224257;5231;1165;0;42
FR;5;2023-02-21;4;6;5;0;7;5;0;0;0;277648;185144;3518;1015;224264;5236;1165;0;42
FR;5;2023-02-22;10;16;5;0;15;5;1;0;0;277658;185160;3523;1015;224279;5241;1166;0;42
FR;5;2023-02-23;5;5;2;0;5;2;0;0;0;277663;185165;3525;1015;224284;5243;1166;0;42
FR;5;2023-02-24;17;23;1;0;22;3;0;0;0;277680;185188;3526;1015;224306;5246;1166;0;42
FR;5;2023-02-25;11;9;0;0;10;0;0;0;0;277691;185197;3526;1015;224316;5246;1166;0;42
FR;5;2023-02-26;1;1;0;0;1;0;0;0;0;277692;185198;3526;1015;224317;5246;1166;0;42
FR;5;2023-02-27;7;5;2;0;5;2;0;0;0;277699;185203;3528;1015;224322;5248;1166;0;42
FR;5;2023-02-28;4;8;2;0;8;4;0;0;0;277703;185211;3530;1015;224330;5252;1166;0;42
FR;5;2023-03-01;12;25;1;0;23;3;1;0;0;277715;185236;3531;1015;224353;5255;1167;0;42
FR;5;2023-03-02;7;13;3;0;12;5;0;0;0;277722;185249;3534;1015;224365;5260;1167;0;42
FR;5;2023-03-03;11;4;3;0;8;3;1;0;0;277733;185253;3537;1015;224373;5263;1168;0;42
FR;5;2023-03-04;8;17;7;0;18;8;0;0;0;277741;185270;3544;1015;224391;5271;1168;0;42
FR;5;2023-03-05;3;3;0;0;3;0;0;0;0;277744;185273;3544;1015;224394;5271;1168;0;42
FR;5;2023-03-06;2;8;2;0;6;4;0;0;0;277746;185281;3546;1015;224400;5275;1168;0;42
FR;5;2023-03-07;2;9;4;0;9;4;0;0;0;277748;185290;3550;1015;224409;5279;1168;0;42
FR;5;2023-03-08;9;21;1;0;22;1;0;0;0;277757;185311;3551;1015;224431;5280;1168;0;42
FR;5;2023-03-09;1;6;0;0;5;1;0;0;0;277758;185317;3551;1015;224436;5281;1168;0;42
FR;5;2023-03-10;3;7;2;1;8;2;1;0;0;277761;185324;3553;1016;224444;5283;1169;0;42
FR;5;2023-03-11;5;4;0;0;6;0;0;0;0;277766;185328;3553;1016;224450;5283;1169;0;42
FR;5;2023-03-12;0;1;0;0;1;0;0;0;0;277766;185329;3553;1016;224451;5283;1169;0;42
FR;5;2023-03-13;2;2;0;0;4;0;0;0;0;277768;185331;3553;1016;224455;5283;1169;0;42
FR;5;2023-03-14;6;1;1;1;5;1;1;0;0;277774;185332;3554;1017;224460;5284;1170;0;42
FR;5;2023-03-15;7;8;2;0;12;3;0;0;0;277781;185340;3556;1017;224472;5287;1170;0;42
FR;5;2023-03-16;2;6;0;0;6;0;0;0;0;277783;185346;3556;1017;224478;5287;1170;0;42
FR;5;2023-03-17;14;15;3;0;13;4;1;0;0;277797;185361;3559;1017;224491;5291;1171;0;42
FR;5;2023-03-18;4;9;0;0;9;1;0;0;0;277801;185370;3559;1017;224500;5292;1171;0;42
FR;5;2023-03-19;0;0;0;0;0;0;0;0;0;277801;185370;3559;1017;224500;5292;1171;0;42
FR;5;2023-03-20;3;8;0;0;9;0;0;0;0;277804;185378;3559;1017;224509;5292;1171;0;42
FR;5;2023-03-21;3;8;2;2;8;2;2;0;0;277807;185386;3561;1019;224517;5294;1173;0;42
FR;5;2023-03-22;9;22;3;0;20;4;0;0;0;277816;185408;3564;1019;224537;5298;1173;0;42
FR;5;2023-03-23;2;5;1;0;5;1;0;0;0;277818;185413;3565;1019;224542;5299;1173;0;42
FR;5;2023-03-24;5;9;1;0;9;3;0;0;0;277823;185422;3566;1019;224551;5302;1173;0;42
FR;5;2023-03-25;3;8;2;0;8;2;0;0;0;277826;185430;3568;1019;224559;5304;1173;0;42
FR;5;2023-03-26;0;1;0;0;0;1;0;0;0;277826;185431;3568;1019;224559;5305;1173;0;42
FR;5;2023-03-27;3;0;1;0;1;1;0;0;0;277829;185431;3569;1019;224560;5306;1173;0;42
FR;5;2023-03-28;3;3;0;0;4;0;0;0;0;277832;185434;3569;1019;224564;5306;1173;0;42
FR;5;2023-03-29;7;16;4;0;16;6;0;0;0;277839;185450;3573;1019;224580;5312;1173;0;42
FR;5;2023-03-30;3;2;0;0;4;0;0;0;1;277842;185452;3573;1019;224584;5312;1173;0;43
FR;5;2023-03-31;3;7;2;1;7;2;1;0;0;277845;185459;3575;1020;224591;5314;1174;0;43
FR;5;2023-04-01;5;7;3;1;5;4;2;0;0;277850;185466;3578;1021;224596;5318;1176;0;43
FR;5;2023-04-02;0;1;0;0;1;0;0;0;0;277850;185467;3578;1021;224597;5318;1176;0;43
FR;5;2023-04-03;3;4;2;0;4;0;2;0;0;277853;185471;3580;1021;224601;5318;1178;0;43
FR;5;2023-04-04;1;3;0;0;3;0;0;0;0;277854;185474;3580;1021;224604;5318;1178;0;43
FR;5;2023-04-05;3;6;1;0;5;2;0;0;0;277857;185480;3581;1021;224609;5320;1178;0;43
FR;5;2023-04-06;3;3;0;0;3;0;0;0;0;277860;185483;3581;1021;224612;5320;1178;0;43
FR;5;2023-04-07;6;4;1;0;4;1;0;0;0;277866;185487;3582;1021;224616;5321;1178;0;43
FR;5;2023-04-08;6;10;1;0;10;1;0;0;0;277872;185497;3583;1021;224626;5322;1178;0;43
FR;5;2023-04-09;0;0;0;0;0;0;0;0;0;277872;185497;3583;1021;224626;5322;1178;0;43
FR;5;2023-04-10;0;0;0;0;0;0;0;0;0;277872;185497;3583;1021;224626;5322;1178;0;43
FR;5;2023-04-11;1;6;0;0;6;0;0;0;1;277873;185503;3583;1021;224632;5322;1178;0;44
FR;5;2023-04-12;4;9;1;0;9;1;0;0;0;277877;185512;3584;1021;224641;5323;1178;0;44
FR;5;2023-04-13;2;1;2;0;0;3;0;0;0;277879;185513;3586;1021;224641;5326;1178;0;44
FR;5;2023-04-14;5;5;2;0;8;2;0;0;0;277884;185518;3588;1021;224649;5328;1178;0;44
FR;5;2023-04-15;3;4;0;0;4;0;0;0;0;277887;185522;3588;1021;224653;5328;1178;0;44
FR;5;2023-04-16;1;0;0;0;0;0;0;0;0;277888;185522;3588;1021;224653;5328;1178;0;44
FR;5;2023-04-17;4;4;3;0;4;3;0;0;0;277892;185526;3591;1021;224657;5331;1178;0;44
FR;5;2023-04-18;3;2;0;0;2;0;0;0;0;277895;185528;3591;1021;224659;5331;1178;0;44
FR;5;2023-04-19;9;7;0;0;3;5;0;0;0;277904;185535;3591;1021;224662;5336;1178;0;44
FR;5;2023-04-20;5;2;0;0;2;0;0;0;0;277909;185537;3591;1021;224664;5336;1178;0;44
FR;5;2023-04-21;2;6;1;0;5;2;0;0;0;277911;185543;3592;1021;224669;5338;1178;0;44
FR;5;2023-04-22;4;6;1;0;6;1;0;0;0;277915;185549;3593;1021;224675;5339;1178;0;44
FR;5;2023-04-23;1;0;0;0;0;0;0;0;0;277916;185549;3593;1021;224675;5339;1178;0;44
FR;5;2023-04-24;3;5;2;0;5;2;0;0;0;277919;185554;3595;1021;224680;5341;1178;0;44
FR;5;2023-04-25;0;1;1;2;1;1;2;0;0;277919;185555;3596;1023;224681;5342;1180;0;44
FR;5;2023-04-26;1;3;0;0;3;0;0;0;0;277920;185558;3596;1023;224684;5342;1180;0;44
FR;5;2023-04-27;3;4;0;0;3;1;0;0;0;277923;185562;3596;1023;224687;5343;1180;0;44
FR;5;2023-04-28;2;3;0;0;2;1;0;0;0;277925;185565;3596;1023;224689;5344;1180;0;44
FR;5;2023-04-29;2;9;0;0;9;0;0;0;0;277927;185574;3596;1023;224698;5344;1180;0;44
FR;5;2023-04-30;0;0;0;0;0;0;0;0;0;277927;185574;3596;1023;224698;5344;1180;0;44
FR;5;2023-05-01;0;0;0;0;0;0;0;0;0;277927;185574;3596;1023;224698;5344;1180;0;44
FR;5;2023-05-02;2;2;1;0;3;1;0;0;0;277929;185576;3597;1023;224701;5345;1180;0;44
FR;5;2023-05-03;5;3;0;0;3;0;0;0;0;277934;185579;3597;1023;224704;5345;1180;0;44
FR;5;2023-05-04;1;3;0;0;3;0;0;0;0;277935;185582;3597;1023;224707;5345;1180;0;44
FR;5;2023-05-05;1;1;0;0;1;0;0;0;0;277936;185583;3597;1023;224708;5345;1180;0;44
FR;5;2023-05-06;2;1;0;0;1;0;0;0;0;277938;185584;3597;1023;224709;5345;1180;0;44
FR;5;2023-05-07;0;1;0;0;1;0;0;0;0;277938;185585;3597;1023;224710;5345;1180;0;44
FR;5;2023-05-08;1;1;0;0;1;0;0;0;0;277939;185586;3597;1023;224711;5345;1180;0;44
FR;5;2023-05-09;0;3;0;0;3;0;0;0;0;277939;185589;3597;1023;224714;5345;1180;0;44
FR;5;2023-05-10;2;8;0;0;8;0;0;0;0;277941;185597;3597;1023;224722;5345;1180;0;44
FR;5;2023-05-11;2;1;0;0;1;0;0;0;0;277943;185598;3597;1023;224723;5345;1180;0;44
FR;5;2023-05-12;2;2;0;0;2;0;0;0;0;277945;185600;3597;1023;224725;5345;1180;0;44
FR;5;2023-05-13;6;4;0;0;4;2;0;0;0;277951;185604;3597;1023;224729;5347;1180;0;44
FR;5;2023-05-14;0;0;0;0;0;0;0;0;0;277951;185604;3597;1023;224729;5347;1180;0;44
FR;5;2023-05-15;3;0;0;0;0;0;0;0;1;277954;185604;3597;1023;224729;5347;1180;0;45
FR;5;2023-05-16;0;1;0;0;1;0;0;0;0;277954;185605;3597;1023;224730;5347;1180;0;45
FR;5;2023-05-17;3;6;2;0;7;2;0;0;0;277957;185611;3599;1023;224737;5349;1180;0;45
FR;5;2023-05-18;0;0;0;0;0;0;0;0;0;277957;185611;3599;1023;224737;5349;1180;0;45
FR;5;2023-05-19;1;4;1;0;3;1;0;0;0;277958;185615;3600;1023;224740;5350;1180;0;45
FR;5;2023-05-20;5;0;0;0;0;0;0;0;0;277963;185615;3600;1023;224740;5350;1180;0;45
FR;5;2023-05-21;0;0;0;0;0;0;0;0;0;277963;185615;3600;1023;224740;5350;1180;0;45
FR;5;2023-05-22;0;3;0;0;3;0;0;0;0;277963;185618;3600;1023;224743;5350;1180;0;45
FR;5;2023-05-23;1;1;1;0;1;1;0;0;0;277964;185619;3601;1023;224744;5351;1180;0;45
FR;5;2023-05-24;6;5;0;0;5;0;0;0;0;277970;185624;3601;1023;224749;5351;1180;0;45
FR;5;2023-05-25;1;1;0;0;1;0;0;0;0;277971;185625;3601;1023;224750;5351;1180;0;45
FR;5;2023-05-26;2;5;0;0;5;0;0;0;0;277973;185630;3601;1023;224755;5351;1180;0;45
FR;5;2023-05-27;4;3;1;0;5;1;0;0;0;277977;185633;3602;1023;224760;5352;1180;0;45
FR;5;2023-05-28;0;1;0;0;1;0;0;0;0;277977;185634;3602;1023;224761;5352;1180;0;45
FR;5;2023-05-29;0;1;0;0;0;1;0;0;0;277977;185635;3602;1023;224761;5353;1180;0;45
FR;5;2023-05-30;0;1;0;0;1;0;0;0;0;277977;185636;3602;1023;224762;5353;1180;0;45
FR;5;2023-05-31;5;3;1;0;3;1;0;0;0;277982;185639;3603;1023;224765;5354;1180;0;45
FR;5;2023-06-01;1;0;0;0;0;0;0;0;0;277983;185639;3603;1023;224765;5354;1180;0;45
FR;5;2023-06-02;0;1;0;0;1;0;0;0;0;277983;185640;3603;1023;224766;5354;1180;0;45
FR;5;2023-06-03;3;4;3;0;4;3;1;0;0;277986;185644;3606;1023;224770;5357;1181;0;45
FR;5;2023-06-04;0;0;0;0;0;0;0;0;0;277986;185644;3606;1023;224770;5357;1181;0;45
FR;5;2023-06-05;3;1;0;0;1;0;0;0;0;277989;185645;3606;1023;224771;5357;1181;0;45
FR;6;2020-12-27;0;0;0;0;0;0;0;0;0;0;0;0;0;0;0;0;0;0
FR;6;2020-12-28;0;0;0;0;0;0;0;0;0;0;0;0;0;0;0;0;0;0
FR;6;2020-12-29;0;0;0;0;0;0;0;0;0;0;0;0;0;0;0;0;0;0
FR;6;2020-12-30;0;0;0;0;0;0;0;0;0;0;0;0;0;0;0;0;0;0
FR;6;2020-12-31;0;0;0;0;0;0;0;0;0;0;0;0;0;0;0;0;0;0
FR;6;2021-01-01;0;0;0;0;0;0;0;0;0;0;0;0;0;0;0;0;0;0
FR;6;2021-01-02;0;0;0;0;0;0;0;0;0;0;0;0;0;0;0;0;0;0
FR;6;2021-01-03;0;0;0;0;0;0;0;0;0;0;0;0;0;0;0;0;0;0
FR;6;2021-01-04;0;0;0;0;0;0;0;0;0;0;0;0;0;0;0;0;0;0
FR;6;2021-01-05;0;0;0;0;0;0;0;0;0;0;0;0;0;0;0;0;0;0
FR;6;2021-01-06;0;0;0;0;0;0;0;0;0;0;0;0;0;0;0;0;0;0
FR;6;2021-01-07;0;0;0;0;0;0;0;0;0;0;0;0;0;0;0;0;0;0
FR;6;2021-01-08;0;0;0;0;0;0;0;0;0;0;0;0;0;0;0;0;0;0
FR;6;2021-01-09;0;0;0;0;0;0;0;0;0;0;0;0;0;0;0;0;0;0
FR;6;2021-01-10;0;0;0;0;0;0;0;0;0;0;0;0;0;0;0;0;0;0
FR;6;2021-01-11;0;0;0;0;0;0;0;0;0;0;0;0;0;0;0;0;0;0
FR;6;2021-01-12;0;0;0;0;0;0;0;0;0;0;0;0;0;0;0;0;0;0
FR;6;2021-01-13;0;0;0;0;0;0;0;0;0;0;0;0;0;0;0;0;0;0
FR;6;2021-01-14;0;0;0;0;0;0;0;0;0;0;0;0;0;0;0;0;0;0
FR;6;2021-01-15;0;0;0;0;0;0;0;0;0;0;0;0;0;0;0;0;0;0
FR;6;2021-01-16;0;0;0;0;0;0;0;0;0;0;0;0;0;0;0;0;0;0
FR;6;2021-01-17;0;0;0;0;0;0;0;0;0;0;0;0;0;0;0;0;0;0
FR;6;2021-01-18;0;0;0;0;0;0;0;0;0;0;0;0;0;0;0;0;0;0
FR;6;2021-01-19;0;0;0;0;0;0;0;0;0;0;0;0;0;0;0;0;0;0
FR;6;2021-01-20;0;0;0;0;0;0;0;0;0;0;0;0;0;0;0;0;0;0
FR;6;2021-01-21;0;0;0;0;0;0;0;0;0;0;0;0;0;0;0;0;0;0
FR;6;2021-01-22;0;0;0;0;0;0;0;0;0;0;0;0;0;0;0;0;0;0
FR;6;2021-01-23;0;0;0;0;0;0;0;0;0;0;0;0;0;0;0;0;0;0
FR;6;2021-01-24;0;0;0;0;0;0;0;0;0;0;0;0;0;0;0;0;0;0
FR;6;2021-01-25;0;0;0;0;0;0;0;0;0;0;0;0;0;0;0;0;0;0
FR;6;2021-01-26;0;0;0;0;0;0;0;0;0;0;0;0;0;0;0;0;0;0
FR;6;2021-01-27;0;0;0;0;0;0;0;0;0;0;0;0;0;0;0;0;0;0
FR;6;2021-01-28;0;0;0;0;0;0;0;0;0;0;0;0;0;0;0;0;0;0
FR;6;2021-01-29;0;0;0;0;0;0;0;0;0;0;0;0;0;0;0;0;0;0
FR;6;2021-01-30;0;0;0;0;0;0;0;0;0;0;0;0;0;0;0;0;0;0
FR;6;2021-01-31;0;0;0;0;0;0;0;0;0;0;0;0;0;0;0;0;0;0
FR;6;2021-02-01;0;0;0;0;0;0;0;0;0;0;0;0;0;0;0;0;0;0
FR;6;2021-02-02;0;0;0;0;0;0;0;0;0;0;0;0;0;0;0;0;0;0
FR;6;2021-02-03;0;0;0;0;0;0;0;0;0;0;0;0;0;0;0;0;0;0
FR;6;2021-02-04;0;0;0;0;0;0;0;0;0;0;0;0;0;0;0;0;0;0
FR;6;2021-02-05;0;0;0;0;0;0;0;0;0;0;0;0;0;0;0;0;0;0
FR;6;2021-02-06;0;0;0;0;0;0;0;0;0;0;0;0;0;0;0;0;0;0
FR;6;2021-02-07;0;0;0;0;0;0;0;0;0;0;0;0;0;0;0;0;0;0
FR;6;2021-02-08;0;0;0;0;0;0;0;0;0;0;0;0;0;0;0;0;0;0
FR;6;2021-02-09;0;0;0;0;0;0;0;0;0;0;0;0;0;0;0;0;0;0
FR;6;2021-02-10;0;0;0;0;0;0;0;0;0;0;0;0;0;0;0;0;0;0
FR;6;2021-02-11;0;0;0;0;0;0;0;0;0;0;0;0;0;0;0;0;0;0
FR;6;2021-02-12;0;0;0;0;0;0;0;0;0;0;0;0;0;0;0;0;0;0
FR;6;2021-02-13;0;0;0;0;0;0;0;0;0;0;0;0;0;0;0;0;0;0
FR;6;2021-02-14;0;0;0;0;0;0;0;0;0;0;0;0;0;0;0;0;0;0
FR;6;2021-02-15;0;0;0;0;0;0;0;0;0;0;0;0;0;0;0;0;0;0
FR;6;2021-02-16;0;0;0;0;0;0;0;0;0;0;0;0;0;0;0;0;0;0
FR;6;2021-02-17;0;0;0;0;0;0;0;0;0;0;0;0;0;0;0;0;0;0
FR;6;2021-02-18;0;0;0;0;0;0;0;0;0;0;0;0;0;0;0;0;0;0
FR;6;2021-02-19;0;0;0;0;0;0;0;0;0;0;0;0;0;0;0;0;0;0
FR;6;2021-02-20;0;0;0;0;0;0;0;0;0;0;0;0;0;0;0;0;0;0
FR;6;2021-02-21;0;0;0;0;0;0;0;0;0;0;0;0;0;0;0;0;0;0
FR;6;2021-02-22;0;0;0;0;0;0;0;0;0;0;0;0;0;0;0;0;0;0
FR;6;2021-02-23;0;0;0;0;0;0;0;0;0;0;0;0;0;0;0;0;0;0
FR;6;2021-02-24;0;0;0;0;0;0;0;0;0;0;0;0;0;0;0;0;0;0
FR;6;2021-02-25;0;0;0;0;0;0;0;0;0;0;0;0;0;0;0;0;0;0
FR;6;2021-02-26;0;0;0;0;0;0;0;0;0;0;0;0;0;0;0;0;0;0
FR;6;2021-02-27;0;0;0;0;0;0;0;0;0;0;0;0;0;0;0;0;0;0
FR;6;2021-02-28;0;0;0;0;0;0;0;0;0;0;0;0;0;0;0;0;0;0
FR;6;2021-03-01;0;0;0;0;0;0;0;0;0;0;0;0;0;0;0;0;0;0
FR;6;2021-03-02;0;0;0;0;0;0;0;0;0;0;0;0;0;0;0;0;0;0
FR;6;2021-03-03;0;0;0;0;0;0;0;0;0;0;0;0;0;0;0;0;0;0
FR;6;2021-03-04;0;0;0;0;0;0;0;0;0;0;0;0;0;0;0;0;0;0
FR;6;2021-03-05;0;0;0;0;0;0;0;0;0;0;0;0;0;0;0;0;0;0
FR;6;2021-03-06;0;0;0;0;0;0;0;0;0;0;0;0;0;0;0;0;0;0
FR;6;2021-03-07;0;0;0;0;0;0;0;0;0;0;0;0;0;0;0;0;0;0
FR;6;2021-03-08;0;0;0;0;0;0;0;0;0;0;0;0;0;0;0;0;0;0
FR;6;2021-03-09;0;0;0;0;0;0;0;0;0;0;0;0;0;0;0;0;0;0
FR;6;2021-03-10;0;0;0;0;0;0;0;0;0;0;0;0;0;0;0;0;0;0
FR;6;2021-03-11;0;0;0;0;0;0;0;0;0;0;0;0;0;0;0;0;0;0
FR;6;2021-03-12;0;0;0;0;0;0;0;0;0;0;0;0;0;0;0;0;0;0
FR;6;2021-03-13;0;0;0;0;0;0;0;0;0;0;0;0;0;0;0;0;0;0
FR;6;2021-03-14;0;0;0;0;0;0;0;0;0;0;0;0;0;0;0;0;0;0
FR;6;2021-03-15;0;0;0;0;0;0;0;0;0;0;0;0;0;0;0;0;0;0
FR;6;2021-03-16;0;0;0;0;0;0;0;0;0;0;0;0;0;0;0;0;0;0
FR;6;2021-03-17;0;0;0;0;0;0;0;0;0;0;0;0;0;0;0;0;0;0
FR;6;2021-03-18;0;0;0;0;0;0;0;0;0;0;0;0;0;0;0;0;0;0
FR;6;2021-03-19;0;0;0;0;0;0;0;0;0;0;0;0;0;0;0;0;0;0
FR;6;2021-03-20;0;0;0;0;0;0;0;0;0;0;0;0;0;0;0;0;0;0
FR;6;2021-03-21;0;0;0;0;0;0;0;0;0;0;0;0;0;0;0;0;0;0
FR;6;2021-03-22;0;0;0;0;0;0;0;0;0;0;0;0;0;0;0;0;0;0
FR;6;2021-03-23;0;0;0;0;0;0;0;0;0;0;0;0;0;0;0;0;0;0
FR;6;2021-03-24;0;0;0;0;0;0;0;0;0;0;0;0;0;0;0;0;0;0
FR;6;2021-03-25;0;0;0;0;0;0;0;0;0;0;0;0;0;0;0;0;0;0
FR;6;2021-03-26;0;0;0;0;0;0;0;0;0;0;0;0;0;0;0;0;0;0
FR;6;2021-03-27;0;0;0;0;0;0;0;0;0;0;0;0;0;0;0;0;0;0
FR;6;2021-03-28;0;0;0;0;0;0;0;0;0;0;0;0;0;0;0;0;0;0
FR;6;2021-03-29;0;0;0;0;0;0;0;0;0;0;0;0;0;0;0;0;0;0
FR;6;2021-03-30;0;0;0;0;0;0;0;0;0;0;0;0;0;0;0;0;0;0
FR;6;2021-03-31;0;0;0;0;0;0;0;0;0;0;0;0;0;0;0;0;0;0
FR;6;2021-04-01;0;0;0;0;0;0;0;0;0;0;0;0;0;0;0;0;0;0
FR;6;2021-04-02;0;0;0;0;0;0;0;0;0;0;0;0;0;0;0;0;0;0
FR;6;2021-04-03;0;0;0;0;0;0;0;0;0;0;0;0;0;0;0;0;0;0
FR;6;2021-04-04;0;0;0;0;0;0;0;0;0;0;0;0;0;0;0;0;0;0
FR;6;2021-04-05;0;0;0;0;0;0;0;0;0;0;0;0;0;0;0;0;0;0
FR;6;2021-04-06;0;0;0;0;0;0;0;0;0;0;0;0;0;0;0;0;0;0
FR;6;2021-04-07;0;0;0;0;0;0;0;0;0;0;0;0;0;0;0;0;0;0
FR;6;2021-04-08;0;0;0;0;0;0;0;0;0;0;0;0;0;0;0;0;0;0
FR;6;2021-04-09;0;0;0;0;0;0;0;0;0;0;0;0;0;0;0;0;0;0
FR;6;2021-04-10;0;0;0;0;0;0;0;0;0;0;0;0;0;0;0;0;0;0
FR;6;2021-04-11;0;0;0;0;0;0;0;0;0;0;0;0;0;0;0;0;0;0
FR;6;2021-04-12;0;0;0;0;0;0;0;0;0;0;0;0;0;0;0;0;0;0
FR;6;2021-04-13;0;0;0;0;0;0;0;0;0;0;0;0;0;0;0;0;0;0
FR;6;2021-04-14;0;0;0;0;0;0;0;0;0;0;0;0;0;0;0;0;0;0
FR;6;2021-04-15;0;0;0;0;0;0;0;0;0;0;0;0;0;0;0;0;0;0
FR;6;2021-04-16;0;0;0;0;0;0;0;0;0;0;0;0;0;0;0;0;0;0
FR;6;2021-04-17;0;0;0;0;0;0;0;0;0;0;0;0;0;0;0;0;0;0
FR;6;2021-04-18;0;0;0;0;0;0;0;0;0;0;0;0;0;0;0;0;0;0
FR;6;2021-04-19;0;0;0;0;0;0;0;0;0;0;0;0;0;0;0;0;0;0
FR;6;2021-04-20;0;0;0;0;0;0;0;0;0;0;0;0;0;0;0;0;0;0
FR;6;2021-04-21;0;0;0;0;0;0;0;0;0;0;0;0;0;0;0;0;0;0
FR;6;2021-04-22;0;0;0;0;0;0;0;0;0;0;0;0;0;0;0;0;0;0
FR;6;2021-04-23;0;0;0;0;0;0;0;0;0;0;0;0;0;0;0;0;0;0
FR;6;2021-04-24;0;0;0;0;0;0;0;0;0;0;0;0;0;0;0;0;0;0
FR;6;2021-04-25;0;0;0;0;0;0;0;0;0;0;0;0;0;0;0;0;0;0
FR;6;2021-04-26;0;0;0;0;0;0;0;0;0;0;0;0;0;0;0;0;0;0
FR;6;2021-04-27;0;0;0;0;0;0;0;0;0;0;0;0;0;0;0;0;0;0
FR;6;2021-04-28;0;0;0;0;0;0;0;0;0;0;0;0;0;0;0;0;0;0
FR;6;2021-04-29;0;0;0;0;0;0;0;0;0;0;0;0;0;0;0;0;0;0
FR;6;2021-04-30;0;0;0;0;0;0;0;0;0;0;0;0;0;0;0;0;0;0
FR;6;2021-05-01;0;0;0;0;0;0;0;0;0;0;0;0;0;0;0;0;0;0
FR;6;2021-05-02;0;0;0;0;0;0;0;0;0;0;0;0;0;0;0;0;0;0
FR;6;2021-05-03;0;0;0;0;0;0;0;0;0;0;0;0;0;0;0;0;0;0
FR;6;2021-05-04;0;0;0;0;0;0;0;0;0;0;0;0;0;0;0;0;0;0
FR;6;2021-05-05;0;0;0;0;0;0;0;0;0;0;0;0;0;0;0;0;0;0
FR;6;2021-05-06;0;0;0;0;0;0;0;0;0;0;0;0;0;0;0;0;0;0
FR;6;2021-05-07;0;0;0;0;0;0;0;0;0;0;0;0;0;0;0;0;0;0
FR;6;2021-05-08;0;0;0;0;0;0;0;0;0;0;0;0;0;0;0;0;0;0
FR;6;2021-05-09;0;0;0;0;0;0;0;0;0;0;0;0;0;0;0;0;0;0
FR;6;2021-05-10;0;0;0;0;0;0;0;0;0;0;0;0;0;0;0;0;0;0
FR;6;2021-05-11;0;0;0;0;0;0;0;0;0;0;0;0;0;0;0;0;0;0
FR;6;2021-05-12;0;0;0;0;0;0;0;0;0;0;0;0;0;0;0;0;0;0
FR;6;2021-05-13;0;0;0;0;0;0;0;0;0;0;0;0;0;0;0;0;0;0
FR;6;2021-05-14;0;0;0;0;0;0;0;0;0;0;0;0;0;0;0;0;0;0
FR;6;2021-05-15;0;0;0;0;0;0;0;0;0;0;0;0;0;0;0;0;0;0
FR;6;2021-05-16;0;0;0;0;0;0;0;0;0;0;0;0;0;0;0;0;0;0
FR;6;2021-05-17;0;0;0;0;0;0;0;0;0;0;0;0;0;0;0;0;0;0
FR;6;2021-05-18;0;0;0;0;0;0;0;0;0;0;0;0;0;0;0;0;0;0
FR;6;2021-05-19;0;0;0;0;0;0;0;0;0;0;0;0;0;0;0;0;0;0
FR;6;2021-05-20;0;0;0;0;0;0;0;0;0;0;0;0;0;0;0;0;0;0
FR;6;2021-05-21;0;0;0;0;0;0;0;0;0;0;0;0;0;0;0;0;0;0
FR;6;2021-05-22;0;0;0;0;0;0;0;0;0;0;0;0;0;0;0;0;0;0
FR;6;2021-05-23;0;0;0;0;0;0;0;0;0;0;0;0;0;0;0;0;0;0
FR;6;2021-05-24;0;0;0;0;0;0;0;0;0;0;0;0;0;0;0;0;0;0
FR;6;2021-05-25;0;0;0;0;0;0;0;0;0;0;0;0;0;0;0;0;0;0
FR;6;2021-05-26;0;0;0;0;0;0;0;0;0;0;0;0;0;0;0;0;0;0
FR;6;2021-05-27;0;0;0;0;0;0;0;0;0;0;0;0;0;0;0;0;0;0
FR;6;2021-05-28;0;0;0;0;0;0;0;0;0;0;0;0;0;0;0;0;0;0
FR;6;2021-05-29;0;0;0;0;0;0;0;0;0;0;0;0;0;0;0;0;0;0
FR;6;2021-05-30;0;0;0;0;0;0;0;0;0;0;0;0;0;0;0;0;0;0
FR;6;2021-05-31;0;0;0;0;0;0;0;0;0;0;0;0;0;0;0;0;0;0
FR;6;2021-06-01;0;0;0;0;0;0;0;0;0;0;0;0;0;0;0;0;0;0
FR;6;2021-06-02;0;0;0;0;0;0;0;0;0;0;0;0;0;0;0;0;0;0
FR;6;2021-06-03;0;0;0;0;0;0;0;0;0;0;0;0;0;0;0;0;0;0
FR;6;2021-06-04;0;0;0;0;0;0;0;0;0;0;0;0;0;0;0;0;0;0
FR;6;2021-06-05;0;0;0;0;0;0;0;0;0;0;0;0;0;0;0;0;0;0
FR;6;2021-06-06;0;0;0;0;0;0;0;0;0;0;0;0;0;0;0;0;0;0
FR;6;2021-06-07;0;0;0;0;0;0;0;0;0;0;0;0;0;0;0;0;0;0
FR;6;2021-06-08;0;0;0;0;0;0;0;0;0;0;0;0;0;0;0;0;0;0
FR;6;2021-06-09;0;0;0;0;0;0;0;0;0;0;0;0;0;0;0;0;0;0
FR;6;2021-06-10;0;0;0;0;0;0;0;0;0;0;0;0;0;0;0;0;0;0
FR;6;2021-06-11;0;0;0;0;0;0;0;0;0;0;0;0;0;0;0;0;0;0
FR;6;2021-06-12;0;0;0;0;0;0;0;0;0;0;0;0;0;0;0;0;0;0
FR;6;2021-06-13;0;0;0;0;0;0;0;0;0;0;0;0;0;0;0;0;0;0
FR;6;2021-06-14;0;0;0;0;0;0;0;0;0;0;0;0;0;0;0;0;0;0
FR;6;2021-06-15;0;0;0;0;0;0;0;0;0;0;0;0;0;0;0;0;0;0
FR;6;2021-06-16;0;0;0;0;0;0;0;0;0;0;0;0;0;0;0;0;0;0
FR;6;2021-06-17;0;0;0;0;0;0;0;0;0;0;0;0;0;0;0;0;0;0
FR;6;2021-06-18;0;0;0;0;0;0;0;0;0;0;0;0;0;0;0;0;0;0
FR;6;2021-06-19;0;0;0;0;0;0;0;0;0;0;0;0;0;0;0;0;0;0
FR;6;2021-06-20;0;0;0;0;0;0;0;0;0;0;0;0;0;0;0;0;0;0
FR;6;2021-06-21;0;0;0;0;0;0;0;0;0;0;0;0;0;0;0;0;0;0
FR;6;2021-06-22;0;0;0;0;0;0;0;0;0;0;0;0;0;0;0;0;0;0
FR;6;2021-06-23;0;0;0;0;0;0;0;0;0;0;0;0;0;0;0;0;0;0
FR;6;2021-06-24;0;0;0;0;0;0;0;0;0;0;0;0;0;0;0;0;0;0
FR;6;2021-06-25;0;0;0;0;0;0;0;0;0;0;0;0;0;0;0;0;0;0
FR;6;2021-06-26;0;0;0;0;0;0;0;0;0;0;0;0;0;0;0;0;0;0
FR;6;2021-06-27;0;0;0;0;0;0;0;0;0;0;0;0;0;0;0;0;0;0
FR;6;2021-06-28;0;0;0;0;0;0;0;0;0;0;0;0;0;0;0;0;0;0
FR;6;2021-06-29;0;0;0;0;0;0;0;0;0;0;0;0;0;0;0;0;0;0
FR;6;2021-06-30;0;0;0;0;0;0;0;0;0;0;0;0;0;0;0;0;0;0
FR;6;2021-07-01;0;0;0;0;0;0;0;0;0;0;0;0;0;0;0;0;0;0
FR;6;2021-07-02;0;0;0;0;0;0;0;0;0;0;0;0;0;0;0;0;0;0
FR;6;2021-07-03;0;0;0;0;0;0;0;0;0;0;0;0;0;0;0;0;0;0
FR;6;2021-07-04;0;0;0;0;0;0;0;0;0;0;0;0;0;0;0;0;0;0
FR;6;2021-07-05;0;0;0;0;0;0;0;0;0;0;0;0;0;0;0;0;0;0
FR;6;2021-07-06;0;0;0;0;0;0;0;0;0;0;0;0;0;0;0;0;0;0
FR;6;2021-07-07;0;0;0;0;0;0;0;0;0;0;0;0;0;0;0;0;0;0
FR;6;2021-07-08;0;0;0;0;0;0;0;0;0;0;0;0;0;0;0;0;0;0
FR;6;2021-07-09;0;0;0;0;0;0;0;0;0;0;0;0;0;0;0;0;0;0
FR;6;2021-07-10;0;0;0;0;0;0;0;0;0;0;0;0;0;0;0;0;0;0
FR;6;2021-07-11;0;0;0;0;0;0;0;0;0;0;0;0;0;0;0;0;0;0
FR;6;2021-07-12;0;0;0;0;0;0;0;0;0;0;0;0;0;0;0;0;0;0
FR;6;2021-07-13;0;0;0;0;0;0;0;0;0;0;0;0;0;0;0;0;0;0
FR;6;2021-07-14;0;0;0;0;0;0;0;0;0;0;0;0;0;0;0;0;0;0
FR;6;2021-07-15;0;0;0;0;0;0;0;0;0;0;0;0;0;0;0;0;0;0
FR;6;2021-07-16;0;0;0;0;0;0;0;0;0;0;0;0;0;0;0;0;0;0
FR;6;2021-07-17;0;0;0;0;0;0;0;0;0;0;0;0;0;0;0;0;0;0
FR;6;2021-07-18;0;0;0;0;0;0;0;0;0;0;0;0;0;0;0;0;0;0
FR;6;2021-07-19;0;0;0;0;0;0;0;0;0;0;0;0;0;0;0;0;0;0
FR;6;2021-07-20;0;0;0;0;0;0;0;0;0;0;0;0;0;0;0;0;0;0
FR;6;2021-07-21;0;0;0;0;0;0;0;0;0;0;0;0;0;0;0;0;0;0
FR;6;2021-07-22;0;0;0;0;0;0;0;0;0;0;0;0;0;0;0;0;0;0
FR;6;2021-07-23;0;0;0;0;0;0;0;0;0;0;0;0;0;0;0;0;0;0
FR;6;2021-07-24;0;0;0;0;0;0;0;0;0;0;0;0;0;0;0;0;0;0
FR;6;2021-07-25;0;0;0;0;0;0;0;0;0;0;0;0;0;0;0;0;0;0
FR;6;2021-07-26;0;0;0;0;0;0;0;0;0;0;0;0;0;0;0;0;0;0
FR;6;2021-07-27;0;0;0;0;0;0;0;0;0;0;0;0;0;0;0;0;0;0
FR;6;2021-07-28;0;0;0;0;0;0;0;0;0;0;0;0;0;0;0;0;0;0
FR;6;2021-07-29;0;0;0;0;0;0;0;0;0;0;0;0;0;0;0;0;0;0
FR;6;2021-07-30;0;0;0;0;0;0;0;0;0;0;0;0;0;0;0;0;0;0
FR;6;2021-07-31;0;0;0;0;0;0;0;0;0;0;0;0;0;0;0;0;0;0
FR;6;2021-08-01;0;0;0;0;0;0;0;0;0;0;0;0;0;0;0;0;0;0
FR;6;2021-08-02;0;0;0;0;0;0;0;0;0;0;0;0;0;0;0;0;0;0
FR;6;2021-08-03;0;0;0;0;0;0;0;0;0;0;0;0;0;0;0;0;0;0
FR;6;2021-08-04;0;0;0;0;0;0;0;0;0;0;0;0;0;0;0;0;0;0
FR;6;2021-08-05;0;0;0;0;0;0;0;0;0;0;0;0;0;0;0;0;0;0
FR;6;2021-08-06;0;0;0;0;0;0;0;0;0;0;0;0;0;0;0;0;0;0
FR;6;2021-08-07;0;0;0;0;0;0;0;0;0;0;0;0;0;0;0;0;0;0
FR;6;2021-08-08;0;0;0;0;0;0;0;0;0;0;0;0;0;0;0;0;0;0
FR;6;2021-08-09;0;0;0;0;0;0;0;0;0;0;0;0;0;0;0;0;0;0
FR;6;2021-08-10;0;0;0;0;0;0;0;0;0;0;0;0;0;0;0;0;0;0
FR;6;2021-08-11;0;0;0;0;0;0;0;0;0;0;0;0;0;0;0;0;0;0
FR;6;2021-08-12;0;0;0;0;0;0;0;0;0;0;0;0;0;0;0;0;0;0
FR;6;2021-08-13;0;0;0;0;0;0;0;0;0;0;0;0;0;0;0;0;0;0
FR;6;2021-08-14;0;0;0;0;0;0;0;0;0;0;0;0;0;0;0;0;0;0
FR;6;2021-08-15;0;0;0;0;0;0;0;0;0;0;0;0;0;0;0;0;0;0
FR;6;2021-08-16;0;0;0;0;0;0;0;0;0;0;0;0;0;0;0;0;0;0
FR;6;2021-08-17;0;0;0;0;0;0;0;0;0;0;0;0;0;0;0;0;0;0
FR;6;2021-08-18;0;0;0;0;0;0;0;0;0;0;0;0;0;0;0;0;0;0
FR;6;2021-08-19;0;0;0;0;0;0;0;0;0;0;0;0;0;0;0;0;0;0
FR;6;2021-08-20;0;0;0;0;0;0;0;0;0;0;0;0;0;0;0;0;0;0
FR;6;2021-08-21;0;0;0;0;0;0;0;0;0;0;0;0;0;0;0;0;0;0
FR;6;2021-08-22;0;0;0;0;0;0;0;0;0;0;0;0;0;0;0;0;0;0
FR;6;2021-08-23;0;0;0;0;0;0;0;0;0;0;0;0;0;0;0;0;0;0
FR;6;2021-08-24;0;0;0;0;0;0;0;0;0;0;0;0;0;0;0;0;0;0
FR;6;2021-08-25;0;0;0;0;0;0;0;0;0;0;0;0;0;0;0;0;0;0
FR;6;2021-08-26;0;0;0;0;0;0;0;0;0;0;0;0;0;0;0;0;0;0
FR;6;2021-08-27;0;0;0;0;0;0;0;0;0;0;0;0;0;0;0;0;0;0
FR;6;2021-08-28;0;0;0;0;0;0;0;0;0;0;0;0;0;0;0;0;0;0
FR;6;2021-08-29;0;0;0;0;0;0;0;0;0;0;0;0;0;0;0;0;0;0
FR;6;2021-08-30;0;0;0;0;0;0;0;0;0;0;0;0;0;0;0;0;0;0
FR;6;2021-08-31;0;0;0;0;0;0;0;0;0;0;0;0;0;0;0;0;0;0
FR;6;2021-09-01;0;0;0;0;0;0;0;0;0;0;0;0;0;0;0;0;0;0
FR;6;2021-09-02;0;0;0;0;0;0;0;0;0;0;0;0;0;0;0;0;0;0
FR;6;2021-09-03;0;0;0;0;0;0;0;0;0;0;0;0;0;0;0;0;0;0
FR;6;2021-09-04;0;0;0;0;0;0;0;0;0;0;0;0;0;0;0;0;0;0
FR;6;2021-09-05;0;0;0;0;0;0;0;0;0;0;0;0;0;0;0;0;0;0
FR;6;2021-09-06;0;0;0;0;0;0;0;0;0;0;0;0;0;0;0;0;0;0
FR;6;2021-09-07;0;0;0;0;0;0;0;0;0;0;0;0;0;0;0;0;0;0
FR;6;2021-09-08;0;0;0;0;0;0;0;0;0;0;0;0;0;0;0;0;0;0
FR;6;2021-09-09;0;0;0;0;0;0;0;0;0;0;0;0;0;0;0;0;0;0
FR;6;2021-09-10;0;0;0;0;0;0;0;0;0;0;0;0;0;0;0;0;0;0
FR;6;2021-09-11;0;0;0;0;0;0;0;0;0;0;0;0;0;0;0;0;0;0
FR;6;2021-09-12;0;0;0;0;0;0;0;0;0;0;0;0;0;0;0;0;0;0
FR;6;2021-09-13;0;0;0;0;0;0;0;0;0;0;0;0;0;0;0;0;0;0
FR;6;2021-09-14;0;0;0;0;0;0;0;0;0;0;0;0;0;0;0;0;0;0
FR;6;2021-09-15;0;0;0;0;0;0;0;0;0;0;0;0;0;0;0;0;0;0
FR;6;2021-09-16;0;0;0;0;0;0;0;0;0;0;0;0;0;0;0;0;0;0
FR;6;2021-09-17;0;0;0;0;0;0;0;0;0;0;0;0;0;0;0;0;0;0
FR;6;2021-09-18;0;0;0;0;0;0;0;0;0;0;0;0;0;0;0;0;0;0
FR;6;2021-09-19;0;0;0;0;0;0;0;0;0;0;0;0;0;0;0;0;0;0
FR;6;2021-09-20;0;0;0;0;0;0;0;0;0;0;0;0;0;0;0;0;0;0
FR;6;2021-09-21;0;0;0;0;0;0;0;0;0;0;0;0;0;0;0;0;0;0
FR;6;2021-09-22;0;0;0;0;0;0;0;0;0;0;0;0;0;0;0;0;0;0
FR;6;2021-09-23;0;0;0;0;0;0;0;0;0;0;0;0;0;0;0;0;0;0
FR;6;2021-09-24;0;0;0;0;0;0;0;0;0;0;0;0;0;0;0;0;0;0
FR;6;2021-09-25;0;0;0;0;0;0;0;0;0;0;0;0;0;0;0;0;0;0
FR;6;2021-09-26;0;0;0;0;0;0;0;0;0;0;0;0;0;0;0;0;0;0
FR;6;2021-09-27;0;0;0;0;0;0;0;0;0;0;0;0;0;0;0;0;0;0
FR;6;2021-09-28;0;0;0;0;0;0;0;0;0;0;0;0;0;0;0;0;0;0
FR;6;2021-09-29;0;0;0;0;0;0;0;0;0;0;0;0;0;0;0;0;0;0
FR;6;2021-09-30;0;0;0;0;0;0;0;0;0;0;0;0;0;0;0;0;0;0
FR;6;2021-10-01;0;0;0;0;0;0;0;0;0;0;0;0;0;0;0;0;0;0
FR;6;2021-10-02;0;0;0;0;0;0;0;0;0;0;0;0;0;0;0;0;0;0
FR;6;2021-10-03;0;0;0;0;0;0;0;0;0;0;0;0;0;0;0;0;0;0
FR;6;2021-10-04;0;0;0;0;0;0;0;0;0;0;0;0;0;0;0;0;0;0
FR;6;2021-10-05;0;0;0;0;0;0;0;0;0;0;0;0;0;0;0;0;0;0
FR;6;2021-10-06;0;0;0;0;0;0;0;0;0;0;0;0;0;0;0;0;0;0
FR;6;2021-10-07;0;0;0;0;0;0;0;0;0;0;0;0;0;0;0;0;0;0
FR;6;2021-10-08;0;0;0;0;0;0;0;0;0;0;0;0;0;0;0;0;0;0
FR;6;2021-10-09;0;0;0;0;0;0;0;0;0;0;0;0;0;0;0;0;0;0
FR;6;2021-10-10;0;0;0;0;0;0;0;0;0;0;0;0;0;0;0;0;0;0
FR;6;2021-10-11;0;0;0;0;0;0;0;0;0;0;0;0;0;0;0;0;0;0
FR;6;2021-10-12;0;0;0;0;0;0;0;0;0;0;0;0;0;0;0;0;0;0
FR;6;2021-10-13;0;0;0;0;0;0;0;0;0;0;0;0;0;0;0;0;0;0
FR;6;2021-10-14;0;0;0;0;0;0;0;0;0;0;0;0;0;0;0;0;0;0
FR;6;2021-10-15;0;0;0;0;0;0;0;0;0;0;0;0;0;0;0;0;0;0
FR;6;2021-10-16;0;0;0;0;0;0;0;0;0;0;0;0;0;0;0;0;0;0
FR;6;2021-10-17;0;0;0;0;0;0;0;0;0;0;0;0;0;0;0;0;0;0
FR;6;2021-10-18;0;0;0;0;0;0;0;0;0;0;0;0;0;0;0;0;0;0
FR;6;2021-10-19;0;0;0;0;0;0;0;0;0;0;0;0;0;0;0;0;0;0
FR;6;2021-10-20;0;0;0;0;0;0;0;0;0;0;0;0;0;0;0;0;0;0
FR;6;2021-10-21;0;0;0;0;0;0;0;0;0;0;0;0;0;0;0;0;0;0
FR;6;2021-10-22;0;0;0;0;0;0;0;0;0;0;0;0;0;0;0;0;0;0
FR;6;2021-10-23;0;0;0;0;0;0;0;0;0;0;0;0;0;0;0;0;0;0
FR;6;2021-10-24;0;0;0;0;0;0;0;0;0;0;0;0;0;0;0;0;0;0
FR;6;2021-10-25;0;0;0;0;0;0;0;0;0;0;0;0;0;0;0;0;0;0
FR;6;2021-10-26;0;0;0;0;0;0;0;0;0;0;0;0;0;0;0;0;0;0
FR;6;2021-10-27;0;0;0;0;0;0;0;0;0;0;0;0;0;0;0;0;0;0
FR;6;2021-10-28;0;0;0;0;0;0;0;0;0;0;0;0;0;0;0;0;0;0
FR;6;2021-10-29;0;0;0;0;0;0;0;0;0;0;0;0;0;0;0;0;0;0
FR;6;2021-10-30;0;0;0;0;0;0;0;0;0;0;0;0;0;0;0;0;0;0
FR;6;2021-10-31;0;0;0;0;0;0;0;0;0;0;0;0;0;0;0;0;0;0
FR;6;2021-11-01;0;0;0;0;0;0;0;0;0;0;0;0;0;0;0;0;0;0
FR;6;2021-11-02;0;0;0;0;0;0;0;0;0;0;0;0;0;0;0;0;0;0
FR;6;2021-11-03;0;0;0;0;0;0;0;0;0;0;0;0;0;0;0;0;0;0
FR;6;2021-11-04;0;0;0;0;0;0;0;0;0;0;0;0;0;0;0;0;0;0
FR;6;2021-11-05;0;0;0;0;0;0;0;0;0;0;0;0;0;0;0;0;0;0
FR;6;2021-11-06;0;0;0;0;0;0;0;0;0;0;0;0;0;0;0;0;0;0
FR;6;2021-11-07;0;0;0;0;0;0;0;0;0;0;0;0;0;0;0;0;0;0
FR;6;2021-11-08;0;0;0;0;0;0;0;0;0;0;0;0;0;0;0;0;0;0
FR;6;2021-11-09;0;0;0;0;0;0;0;0;0;0;0;0;0;0;0;0;0;0
FR;6;2021-11-10;0;0;0;0;0;0;0;0;0;0;0;0;0;0;0;0;0;0
FR;6;2021-11-11;0;0;0;0;0;0;0;0;0;0;0;0;0;0;0;0;0;0
FR;6;2021-11-12;0;0;0;0;0;0;0;0;0;0;0;0;0;0;0;0;0;0
FR;6;2021-11-13;0;0;0;0;0;0;0;0;0;0;0;0;0;0;0;0;0;0
FR;6;2021-11-14;0;0;0;0;0;0;0;0;0;0;0;0;0;0;0;0;0;0
FR;6;2021-11-15;0;0;0;0;0;0;0;0;0;0;0;0;0;0;0;0;0;0
FR;6;2021-11-16;0;0;0;0;0;0;0;0;0;0;0;0;0;0;0;0;0;0
FR;6;2021-11-17;0;0;0;0;0;0;0;0;0;0;0;0;0;0;0;0;0;0
FR;6;2021-11-18;0;0;0;0;0;0;0;0;0;0;0;0;0;0;0;0;0;0
FR;6;2021-11-19;0;0;0;0;0;0;0;0;0;0;0;0;0;0;0;0;0;0
FR;6;2021-11-20;0;0;0;0;0;0;0;0;0;0;0;0;0;0;0;0;0;0
FR;6;2021-11-21;0;0;0;0;0;0;0;0;0;0;0;0;0;0;0;0;0;0
FR;6;2021-11-22;0;0;0;0;0;0;0;0;0;0;0;0;0;0;0;0;0;0
FR;6;2021-11-23;0;0;0;0;0;0;0;0;0;0;0;0;0;0;0;0;0;0
FR;6;2021-11-24;0;0;0;0;0;0;0;0;0;0;0;0;0;0;0;0;0;0
FR;6;2021-11-25;0;0;0;0;0;0;0;0;0;0;0;0;0;0;0;0;0;0
FR;6;2021-11-26;0;0;0;0;0;0;0;0;0;0;0;0;0;0;0;0;0;0
FR;6;2021-11-27;0;0;0;0;0;0;0;0;0;0;0;0;0;0;0;0;0;0
FR;6;2021-11-28;0;0;0;0;0;0;0;0;0;0;0;0;0;0;0;0;0;0
FR;6;2021-11-29;0;0;0;0;0;0;0;0;0;0;0;0;0;0;0;0;0;0
FR;6;2021-11-30;0;0;0;0;0;0;0;0;0;0;0;0;0;0;0;0;0;0
FR;6;2021-12-01;0;0;0;0;0;0;0;0;0;0;0;0;0;0;0;0;0;0
FR;6;2021-12-02;0;0;0;0;0;0;0;0;0;0;0;0;0;0;0;0;0;0
FR;6;2021-12-03;0;0;0;0;0;0;0;0;0;0;0;0;0;0;0;0;0;0
FR;6;2021-12-04;0;0;0;0;0;0;0;0;0;0;0;0;0;0;0;0;0;0
FR;6;2021-12-05;0;0;0;0;0;0;0;0;0;0;0;0;0;0;0;0;0;0
FR;6;2021-12-06;0;0;0;0;0;0;0;0;0;0;0;0;0;0;0;0;0;0
FR;6;2021-12-07;0;0;0;0;0;0;0;0;0;0;0;0;0;0;0;0;0;0
FR;6;2021-12-08;0;0;0;0;0;0;0;0;0;0;0;0;0;0;0;0;0;0
FR;6;2021-12-09;0;0;0;0;0;0;0;0;0;0;0;0;0;0;0;0;0;0
FR;6;2021-12-10;0;0;0;0;0;0;0;0;0;0;0;0;0;0;0;0;0;0
FR;6;2021-12-11;0;0;0;0;0;0;0;0;0;0;0;0;0;0;0;0;0;0
FR;6;2021-12-12;0;0;0;0;0;0;0;0;0;0;0;0;0;0;0;0;0;0
FR;6;2021-12-13;0;0;0;0;0;0;0;0;0;0;0;0;0;0;0;0;0;0
FR;6;2021-12-14;0;0;0;0;0;0;0;0;0;0;0;0;0;0;0;0;0;0
FR;6;2021-12-15;0;0;0;0;0;0;0;0;0;0;0;0;0;0;0;0;0;0
FR;6;2021-12-16;0;0;0;0;0;0;0;0;0;0;0;0;0;0;0;0;0;0
FR;6;2021-12-17;0;0;0;0;0;0;0;0;0;0;0;0;0;0;0;0;0;0
FR;6;2021-12-18;0;0;0;0;0;0;0;0;0;0;0;0;0;0;0;0;0;0
FR;6;2021-12-19;0;0;0;0;0;0;0;0;0;0;0;0;0;0;0;0;0;0
FR;6;2021-12-20;0;0;0;0;0;0;0;0;0;0;0;0;0;0;0;0;0;0
FR;6;2021-12-21;0;0;0;0;0;0;0;0;0;0;0;0;0;0;0;0;0;0
FR;6;2021-12-22;0;0;0;0;0;0;0;0;0;0;0;0;0;0;0;0;0;0
FR;6;2021-12-23;0;0;0;0;0;0;0;0;0;0;0;0;0;0;0;0;0;0
FR;6;2021-12-24;0;0;0;0;0;0;0;0;0;0;0;0;0;0;0;0;0;0
FR;6;2021-12-25;0;0;0;0;0;0;0;0;0;0;0;0;0;0;0;0;0;0
FR;6;2021-12-26;0;0;0;0;0;0;0;0;0;0;0;0;0;0;0;0;0;0
FR;6;2021-12-27;0;0;0;0;0;0;0;0;0;0;0;0;0;0;0;0;0;0
FR;6;2021-12-28;0;0;0;0;0;0;0;0;0;0;0;0;0;0;0;0;0;0
FR;6;2021-12-29;0;0;0;0;0;0;0;0;0;0;0;0;0;0;0;0;0;0
FR;6;2021-12-30;0;0;0;0;0;0;0;0;0;0;0;0;0;0;0;0;0;0
FR;6;2021-12-31;0;0;0;0;0;0;0;0;0;0;0;0;0;0;0;0;0;0
FR;6;2022-01-01;0;0;0;0;0;0;0;0;0;0;0;0;0;0;0;0;0;0
FR;6;2022-01-02;0;0;0;0;0;0;0;0;0;0;0;0;0;0;0;0;0;0
FR;6;2022-01-03;0;0;0;0;0;0;0;0;0;0;0;0;0;0;0;0;0;0
FR;6;2022-01-04;0;0;0;0;0;0;0;0;0;0;0;0;0;0;0;0;0;0
FR;6;2022-01-05;0;0;0;0;0;0;0;0;0;0;0;0;0;0;0;0;0;0
FR;6;2022-01-06;0;0;0;0;0;0;0;0;0;0;0;0;0;0;0;0;0;0
FR;6;2022-01-07;0;0;0;0;0;0;0;0;0;0;0;0;0;0;0;0;0;0
FR;6;2022-01-08;0;0;0;0;0;0;0;0;0;0;0;0;0;0;0;0;0;0
FR;6;2022-01-09;0;0;0;0;0;0;0;0;0;0;0;0;0;0;0;0;0;0
FR;6;2022-01-10;0;0;0;0;0;0;0;0;0;0;0;0;0;0;0;0;0;0
FR;6;2022-01-11;0;0;0;0;0;0;0;0;0;0;0;0;0;0;0;0;0;0
FR;6;2022-01-12;0;0;0;0;0;0;0;0;0;0;0;0;0;0;0;0;0;0
FR;6;2022-01-13;0;0;0;0;0;0;0;0;0;0;0;0;0;0;0;0;0;0
FR;6;2022-01-14;0;0;0;0;0;0;0;0;0;0;0;0;0;0;0;0;0;0
FR;6;2022-01-15;0;0;0;0;0;0;0;0;0;0;0;0;0;0;0;0;0;0
FR;6;2022-01-16;0;0;0;0;0;0;0;0;0;0;0;0;0;0;0;0;0;0
FR;6;2022-01-17;0;0;0;0;0;0;0;0;0;0;0;0;0;0;0;0;0;0
FR;6;2022-01-18;0;0;0;0;0;0;0;0;0;0;0;0;0;0;0;0;0;0
FR;6;2022-01-19;0;0;0;0;0;0;0;0;0;0;0;0;0;0;0;0;0;0
FR;6;2022-01-20;0;0;0;0;0;0;0;0;0;0;0;0;0;0;0;0;0;0
FR;6;2022-01-21;0;0;0;0;0;0;0;0;0;0;0;0;0;0;0;0;0;0
FR;6;2022-01-22;0;0;0;0;0;0;0;0;0;0;0;0;0;0;0;0;0;0
FR;6;2022-01-23;0;0;0;0;0;0;0;0;0;0;0;0;0;0;0;0;0;0
FR;6;2022-01-24;0;0;0;0;0;0;0;0;0;0;0;0;0;0;0;0;0;0
FR;6;2022-01-25;0;0;0;0;0;0;0;0;0;0;0;0;0;0;0;0;0;0
FR;6;2022-01-26;0;0;0;0;0;0;0;0;0;0;0;0;0;0;0;0;0;0
FR;6;2022-01-27;0;0;0;0;0;0;0;0;0;0;0;0;0;0;0;0;0;0
FR;6;2022-01-28;0;0;0;0;0;0;0;0;0;0;0;0;0;0;0;0;0;0
FR;6;2022-01-29;0;0;0;0;0;0;0;0;0;0;0;0;0;0;0;0;0;0
FR;6;2022-01-30;0;0;0;0;0;0;0;0;0;0;0;0;0;0;0;0;0;0
FR;6;2022-01-31;0;0;0;0;0;0;0;0;0;0;0;0;0;0;0;0;0;0
FR;6;2022-02-01;0;0;0;0;0;0;0;0;0;0;0;0;0;0;0;0;0;0
FR;6;2022-02-02;0;0;0;0;0;0;0;0;0;0;0;0;0;0;0;0;0;0
FR;6;2022-02-03;0;0;0;0;0;0;0;0;0;0;0;0;0;0;0;0;0;0
FR;6;2022-02-04;0;0;0;0;0;0;0;0;0;0;0;0;0;0;0;0;0;0
FR;6;2022-02-05;0;0;0;0;0;0;0;0;0;0;0;0;0;0;0;0;0;0
FR;6;2022-02-06;0;0;0;0;0;0;0;0;0;0;0;0;0;0;0;0;0;0
FR;6;2022-02-07;0;0;0;0;0;0;0;0;0;0;0;0;0;0;0;0;0;0
FR;6;2022-02-08;0;0;0;0;0;0;0;0;0;0;0;0;0;0;0;0;0;0
FR;6;2022-02-09;0;0;0;0;0;0;0;0;0;0;0;0;0;0;0;0;0;0
FR;6;2022-02-10;0;0;0;0;0;0;0;0;0;0;0;0;0;0;0;0;0;0
FR;6;2022-02-11;0;0;0;0;0;0;0;0;0;0;0;0;0;0;0;0;0;0
FR;6;2022-02-12;0;0;0;0;0;0;0;0;0;0;0;0;0;0;0;0;0;0
FR;6;2022-02-13;0;0;0;0;0;0;0;0;0;0;0;0;0;0;0;0;0;0
FR;6;2022-02-14;0;0;0;0;0;0;0;0;0;0;0;0;0;0;0;0;0;0
FR;6;2022-02-15;0;0;0;0;0;0;0;0;0;0;0;0;0;0;0;0;0;0
FR;6;2022-02-16;0;0;0;0;0;0;0;0;0;0;0;0;0;0;0;0;0;0
FR;6;2022-02-17;0;0;0;0;0;0;0;0;0;0;0;0;0;0;0;0;0;0
FR;6;2022-02-18;0;0;0;0;0;0;0;0;0;0;0;0;0;0;0;0;0;0
FR;6;2022-02-19;0;0;0;0;0;0;0;0;0;0;0;0;0;0;0;0;0;0
FR;6;2022-02-20;0;0;0;0;0;0;0;0;0;0;0;0;0;0;0;0;0;0
FR;6;2022-02-21;0;0;0;0;0;0;0;0;0;0;0;0;0;0;0;0;0;0
FR;6;2022-02-22;0;0;0;0;0;0;0;0;0;0;0;0;0;0;0;0;0;0
FR;6;2022-02-23;0;0;0;0;0;0;0;0;0;0;0;0;0;0;0;0;0;0
FR;6;2022-02-24;0;0;0;0;0;0;0;0;0;0;0;0;0;0;0;0;0;0
FR;6;2022-02-25;0;0;0;0;0;0;0;0;0;0;0;0;0;0;0;0;0;0
FR;6;2022-02-26;1;0;0;0;0;0;0;0;0;1;0;0;0;0;0;0;0;0
FR;6;2022-02-27;1;0;0;0;1;0;0;0;0;2;0;0;0;1;0;0;0;0
FR;6;2022-02-28;0;0;0;0;0;0;0;0;0;2;0;0;0;1;0;0;0;0
FR;6;2022-03-01;3;0;0;0;0;0;0;0;0;5;0;0;0;1;0;0;0;0
FR;6;2022-03-02;97;9;2;0;15;7;0;0;0;102;9;2;0;16;7;0;0;0
FR;6;2022-03-03;0;0;0;0;0;0;0;0;0;102;9;2;0;16;7;0;0;0
FR;6;2022-03-04;92;4;0;0;8;4;0;0;0;194;13;2;0;24;11;0;0;0
FR;6;2022-03-05;391;23;2;0;60;14;0;0;0;585;36;4;0;84;25;0;0;0
FR;6;2022-03-06;7;1;0;0;2;0;0;0;0;592;37;4;0;86;25;0;0;0
FR;6;2022-03-07;337;19;0;0;51;13;0;0;0;929;56;4;0;137;38;0;0;0
FR;6;2022-03-08;230;14;0;0;47;5;0;0;0;1159;70;4;0;184;43;0;0;0
FR;6;2022-03-09;519;29;2;0;84;21;1;0;0;1678;99;6;0;268;64;1;0;0
FR;6;2022-03-10;206;19;0;1;54;12;1;0;0;1884;118;6;1;322;76;2;0;0
FR;6;2022-03-11;331;22;6;0;53;21;0;0;0;2215;140;12;1;375;97;2;0;0
FR;6;2022-03-12;518;25;1;0;83;20;0;0;0;2733;165;13;1;458;117;2;0;0
FR;6;2022-03-13;40;2;0;0;2;1;0;0;0;2773;167;13;1;460;118;2;0;0
FR;6;2022-03-14;201;4;2;0;39;3;1;0;0;2974;171;15;1;499;121;3;0;0
FR;6;2022-03-15;112;11;2;0;28;9;0;0;0;3086;182;17;1;527;130;3;0;0
FR;6;2022-03-16;310;17;2;1;49;15;1;0;0;3396;199;19;2;576;145;4;0;0
FR;6;2022-03-17;117;6;1;2;14;4;2;0;0;3513;205;20;4;590;149;6;0;0
FR;6;2022-03-18;215;10;0;0;40;6;0;0;0;3728;215;20;4;630;155;6;0;0
FR;6;2022-03-19;307;19;2;0;90;9;0;0;0;4035;234;22;4;720;164;6;0;0
FR;6;2022-03-20;15;5;0;0;5;1;0;0;0;4050;239;22;4;725;165;6;0;0
FR;6;2022-03-21;132;23;1;0;47;4;0;0;0;4182;262;23;4;772;169;6;0;0
FR;6;2022-03-22;97;15;0;0;34;4;0;0;0;4279;277;23;4;806;173;6;0;0
FR;6;2022-03-23;226;108;3;0;155;14;1;0;0;4505;385;26;4;961;187;7;0;0
FR;6;2022-03-24;100;15;1;3;32;4;3;0;0;4605;400;27;7;993;191;10;0;0
FR;6;2022-03-25;203;141;2;1;179;15;2;0;0;4808;541;29;8;1172;206;12;0;0
FR;6;2022-03-26;331;295;7;1;385;19;1;0;0;5139;836;36;9;1557;225;13;0;0
FR;6;2022-03-27;32;30;1;0;37;1;1;0;0;5171;866;37;9;1594;226;14;0;0
FR;6;2022-03-28;201;208;8;1;234;17;3;0;0;5372;1074;45;10;1828;243;17;0;0
FR;6;2022-03-29;124;189;12;2;206;12;9;0;0;5496;1263;57;12;2034;255;26;0;0
FR;6;2022-03-30;305;476;10;2;548;22;6;0;0;5801;1739;67;14;2582;277;32;0;0
FR;6;2022-03-31;123;140;10;0;160;14;5;0;0;5924;1879;77;14;2742;291;37;0;0
FR;6;2022-04-01;195;150;11;2;178;23;3;0;0;6119;2029;88;16;2920;314;40;0;0
FR;6;2022-04-02;206;241;9;1;280;13;8;0;0;6325;2270;97;17;3200;327;48;0;0
FR;6;2022-04-03;17;21;0;0;26;1;0;0;0;6342;2291;97;17;3226;328;48;0;0
FR;6;2022-04-04;137;114;6;1;131;9;5;0;0;6479;2405;103;18;3357;337;53;0;0
FR;6;2022-04-05;146;88;15;1;105;11;8;0;0;6625;2493;118;19;3462;348;61;0;0
FR;6;2022-04-06;204;245;22;26;291;27;33;0;0;6829;2738;140;45;3753;375;94;0;0
FR;6;2022-04-07;127;96;15;9;115;17;14;0;0;6956;2834;155;54;3868;392;108;0;0
FR;6;2022-04-08;199;171;16;3;214;17;9;0;1;7155;3005;171;57;4082;409;117;0;1
FR;6;2022-04-09;145;139;6;12;171;13;4;0;0;7300;3144;177;69;4253;422;121;0;1
FR;6;2022-04-10;11;20;3;0;26;1;3;0;0;7311;3164;180;69;4279;423;124;0;1
FR;6;2022-04-11;101;106;4;0;129;5;3;0;0;7412;3270;184;69;4408;428;127;0;1
FR;6;2022-04-12;136;75;5;8;114;10;10;0;0;7548;3345;189;77;4522;438;137;0;1
FR;6;2022-04-13;162;175;7;5;208;13;8;0;0;7710;3520;196;82;4730;451;145;0;1
FR;6;2022-04-14;100;103;5;10;121;8;10;0;0;7810;3623;201;92;4851;459;155;0;1
FR;6;2022-04-15;158;149;11;7;167;19;14;0;1;7968;3772;212;99;5018;478;169;0;2
FR;6;2022-04-16;127;132;5;0;162;14;2;0;0;8095;3904;217;99;5180;492;171;0;2
FR;6;2022-04-17;8;9;4;0;10;4;0;0;0;8103;3913;221;99;5190;496;171;0;2
FR;6;2022-04-18;8;15;3;0;14;4;0;0;0;8111;3928;224;99;5204;500;171;0;2
FR;6;2022-04-19;97;112;4;3;130;3;7;0;0;8208;4040;228;102;5334;503;178;0;2
FR;6;2022-04-20;177;227;8;7;269;15;3;0;0;8385;4267;236;109;5603;518;181;0;2
FR;6;2022-04-21;111;93;8;4;110;11;7;0;0;8496;4360;244;113;5713;529;188;0;2
FR;6;2022-04-22;139;160;13;12;189;13;13;0;0;8635;4520;257;125;5902;542;201;0;2
FR;6;2022-04-23;106;129;1;1;161;7;1;0;0;8741;4649;258;126;6063;549;202;0;2
FR;6;2022-04-24;5;21;1;0;22;0;1;0;0;8746;4670;259;126;6085;549;203;0;2
FR;6;2022-04-25;90;128;3;8;151;11;9;0;0;8836;4798;262;134;6236;560;212;0;2
FR;6;2022-04-26;101;128;19;2;151;17;13;0;0;8937;4926;281;136;6387;577;225;0;2
FR;6;2022-04-27;197;159;21;1;222;27;11;0;1;9134;5085;302;137;6609;604;236;0;3
FR;6;2022-04-28;109;87;7;1;123;8;7;0;0;9243;5172;309;138;6732;612;243;0;3
FR;6;2022-04-29;191;169;16;2;215;20;6;0;0;9434;5341;325;140;6947;632;249;0;3
FR;6;2022-04-30;133;125;7;1;168;24;2;0;0;9567;5466;332;141;7115;656;251;0;3
FR;6;2022-05-01;7;6;0;0;8;0;0;0;0;9574;5472;332;141;7123;656;251;0;3
FR;6;2022-05-02;94;65;3;4;88;3;4;0;0;9668;5537;335;145;7211;659;255;0;3
FR;6;2022-05-03;136;93;11;2;125;7;9;0;0;9804;5630;346;147;7336;666;264;0;3
FR;6;2022-05-04;167;118;25;12;161;29;12;0;1;9971;5748;371;159;7497;695;276;0;4
FR;6;2022-05-05;101;70;8;3;97;12;6;0;0;10072;5818;379;162;7594;707;282;0;4
FR;6;2022-05-06;152;110;10;9;155;16;11;0;0;10224;5928;389;171;7749;723;293;0;4
FR;6;2022-05-07;139;93;13;3;136;23;8;0;0;10363;6021;402;174;7885;746;301;0;4
FR;6;2022-05-08;20;8;6;5;16;7;5;0;0;10383;6029;408;179;7901;753;306;0;4
FR;6;2022-05-09;86;78;9;7;95;13;6;0;0;10469;6107;417;186;7996;766;312;0;4
FR;6;2022-05-10;112;80;15;7;110;12;13;0;0;10581;6187;432;193;8106;778;325;0;4
FR;6;2022-05-11;130;124;11;14;163;20;6;0;0;10711;6311;443;207;8269;798;331;0;4
FR;6;2022-05-12;105;76;7;5;96;15;6;0;1;10816;6387;450;212;8365;813;337;0;5
FR;6;2022-05-13;155;97;17;21;137;22;16;0;0;10971;6484;467;233;8502;835;353;0;5
FR;6;2022-05-14;81;60;6;7;84;15;2;0;0;11052;6544;473;240;8586;850;355;0;5
FR;6;2022-05-15;12;7;0;0;14;0;0;0;0;11064;6551;473;240;8600;850;355;0;5
FR;6;2022-05-16;65;54;6;2;69;12;3;0;0;11129;6605;479;242;8669;862;358;0;5
FR;6;2022-05-17;123;77;5;7;92;11;8;0;0;11252;6682;484;249;8761;873;366;0;5
FR;6;2022-05-18;131;116;5;1;158;14;3;0;0;11383;6798;489;250;8919;887;369;0;5
FR;6;2022-05-19;124;57;6;8;96;9;8;0;0;11507;6855;495;258;9015;896;377;0;5
FR;6;2022-05-20;125;115;13;3;151;18;10;0;0;11632;6970;508;261;9166;914;387;0;5
FR;6;2022-05-21;92;69;14;3;93;12;8;0;0;11724;7039;522;264;9259;926;395;0;5
FR;6;2022-05-22;19;12;5;0;21;4;1;0;0;11743;7051;527;264;9280;930;396;0;5
FR;6;2022-05-23;77;72;4;2;90;7;2;0;0;11820;7123;531;266;9370;937;398;0;5
FR;6;2022-05-24;117;98;8;2;131;16;4;0;0;11937;7221;539;268;9501;953;402;0;5
FR;6;2022-05-25;140;129;6;3;171;11;6;0;0;12077;7350;545;271;9672;964;408;0;5
FR;6;2022-05-26;7;9;3;0;5;9;0;0;0;12084;7359;548;271;9677;973;408;0;5
FR;6;2022-05-27;127;105;15;11;136;18;18;0;1;12211;7464;563;282;9813;991;426;0;6
FR;6;2022-05-28;54;75;1;5;89;8;5;0;0;12265;7539;564;287;9902;999;431;0;6
FR;6;2022-05-29;8;10;0;0;10;1;0;0;0;12273;7549;564;287;9912;1000;431;0;6
FR;6;2022-05-30;70;70;7;4;86;4;9;0;0;12343;7619;571;291;9998;1004;440;0;6
FR;6;2022-05-31;87;102;10;2;121;14;7;0;0;12430;7721;581;293;10119;1018;447;0;6
FR;6;2022-06-01;97;89;10;1;111;11;6;0;0;12527;7810;591;294;10230;1029;453;0;6
FR;6;2022-06-02;91;60;6;3;80;9;6;0;0;12618;7870;597;297;10310;1038;459;0;6
FR;6;2022-06-03;126;102;13;7;128;21;8;0;0;12744;7972;610;304;10438;1059;467;0;6
FR;6;2022-06-04;63;51;10;0;64;12;3;0;0;12807;8023;620;304;10502;1071;470;0;6
FR;6;2022-06-05;16;15;2;1;18;4;1;0;0;12823;8038;622;305;10520;1075;471;0;6
FR;6;2022-06-06;9;6;0;0;8;0;0;0;0;12832;8044;622;305;10528;1075;471;0;6
FR;6;2022-06-07;79;90;3;4;117;8;6;0;0;12911;8134;625;309;10645;1083;477;0;6
FR;6;2022-06-08;92;110;13;5;130;20;6;0;0;13003;8244;638;314;10775;1103;483;0;6
FR;6;2022-06-09;75;81;15;3;106;15;8;0;0;13078;8325;653;317;10881;1118;491;0;6
FR;6;2022-06-10;116;93;26;10;120;22;13;0;0;13194;8418;679;327;11001;1140;504;0;6
FR;6;2022-06-11;83;62;6;10;82;12;11;0;0;13277;8480;685;337;11083;1152;515;0;6
FR;6;2022-06-12;6;14;1;0;16;2;0;0;0;13283;8494;686;337;11099;1154;515;0;6
FR;6;2022-06-13;74;59;18;1;68;7;4;0;0;13357;8553;704;338;11167;1161;519;0;6
FR;6;2022-06-14;98;100;8;5;116;16;8;0;0;13455;8653;712;343;11283;1177;527;0;6
FR;6;2022-06-15;80;86;7;8;114;15;10;0;0;13535;8739;719;351;11397;1192;537;0;6
FR;6;2022-06-16;53;40;11;7;45;14;6;0;0;13588;8779;730;358;11442;1206;543;0;6
FR;6;2022-06-17;86;85;3;13;109;11;5;0;0;13674;8864;733;371;11551;1217;548;0;6
FR;6;2022-06-18;71;62;13;0;88;21;1;0;0;13745;8926;746;371;11639;1238;549;0;6
FR;6;2022-06-19;6;6;3;0;7;4;1;0;0;13751;8932;749;371;11646;1242;550;0;6
FR;6;2022-06-20;42;41;4;1;55;6;1;0;0;13793;8973;753;372;11701;1248;551;0;6
FR;6;2022-06-21;59;73;10;7;83;17;7;0;0;13852;9046;763;379;11784;1265;558;0;6
FR;6;2022-06-22;86;85;8;2;98;17;3;0;0;13938;9131;771;381;11882;1282;561;0;6
FR;6;2022-06-23;64;39;13;7;41;15;10;0;0;14002;9170;784;388;11923;1297;571;0;6
FR;6;2022-06-24;77;85;7;14;95;20;16;0;0;14079;9255;791;402;12018;1317;587;0;6
FR;6;2022-06-25;67;61;4;3;77;8;5;0;0;14146;9316;795;405;12095;1325;592;0;6
FR;6;2022-06-26;6;7;1;0;10;1;0;0;0;14152;9323;796;405;12105;1326;592;0;6
FR;6;2022-06-27;51;50;4;9;62;12;7;0;0;14203;9373;800;414;12167;1338;599;0;6
FR;6;2022-06-28;68;47;6;3;53;15;5;0;0;14271;9420;806;417;12220;1353;604;0;6
FR;6;2022-06-29;98;117;26;37;115;19;35;0;5;14369;9537;832;454;12335;1372;639;0;11
FR;6;2022-06-30;84;60;33;10;61;12;7;0;0;14453;9597;865;464;12396;1384;646;0;11
FR;6;2022-07-01;115;94;25;33;102;18;27;0;1;14568;9691;890;497;12498;1402;673;0;12
FR;6;2022-07-02;58;67;26;2;64;37;6;0;0;14626;9758;916;499;12562;1439;679;0;12
FR;6;2022-07-03;11;4;4;3;5;4;3;0;0;14637;9762;920;502;12567;1443;682;0;12
FR;6;2022-07-04;61;43;3;23;55;13;20;0;0;14698;9805;923;525;12622;1456;702;0;12
FR;6;2022-07-05;65;53;19;67;60;27;63;0;0;14763;9858;942;592;12682;1483;765;0;12
FR;6;2022-07-06;94;64;7;11;78;12;17;0;0;14857;9922;949;603;12760;1495;782;0;12
FR;6;2022-07-07;99;79;42;37;99;14;34;0;4;14956;10001;991;640;12859;1509;816;0;16
FR;6;2022-07-08;139;87;42;27;115;10;25;0;3;15095;10088;1033;667;12974;1519;841;0;19
FR;6;2022-07-09;53;51;16;29;51;27;33;0;1;15148;10139;1049;696;13025;1546;874;0;20
FR;6;2022-07-10;3;7;8;0;9;9;0;0;0;15151;10146;1057;696;13034;1555;874;0;20
FR;6;2022-07-11;54;44;5;4;47;12;4;0;0;15205;10190;1062;700;13081;1567;878;0;20
FR;6;2022-07-12;70;72;12;23;87;12;27;0;0;15275;10262;1074;723;13168;1579;905;0;20
FR;6;2022-07-13;84;65;14;21;71;25;22;0;0;15359;10327;1088;744;13239;1604;927;0;20
FR;6;2022-07-14;4;3;1;0;4;1;0;0;0;15363;10330;1089;744;13243;1605;927;0;20
FR;6;2022-07-15;74;59;9;57;85;16;45;0;0;15437;10389;1098;801;13328;1621;972;0;20
FR;6;2022-07-16;27;31;17;0;37;17;3;0;0;15464;10420;1115;801;13365;1638;975;0;20
FR;6;2022-07-17;3;7;0;0;8;0;0;0;0;15467;10427;1115;801;13373;1638;975;0;20
FR;6;2022-07-18;37;62;11;14;60;15;14;0;6;15504;10489;1126;815;13433;1653;989;0;26
FR;6;2022-07-19;54;48;4;19;60;6;21;0;1;15558;10537;1130;834;13493;1659;1010;0;27
FR;6;2022-07-20;53;70;7;22;75;11;27;0;0;15611;10607;1137;856;13568;1670;1037;0;27
FR;6;2022-07-21;51;61;4;7;56;11;9;0;0;15662;10668;1141;863;13624;1681;1046;0;27
FR;6;2022-07-22;55;74;7;26;82;8;16;0;2;15717;10742;1148;889;13706;1689;1062;0;29
FR;6;2022-07-23;38;40;6;10;40;6;9;0;1;15755;10782;1154;899;13746;1695;1071;0;30
FR;6;2022-07-24;11;14;1;3;19;3;3;0;0;15766;10796;1155;902;13765;1698;1074;0;30
FR;6;2022-07-25;60;44;8;12;41;9;13;0;1;15826;10840;1163;914;13806;1707;1087;0;31
FR;6;2022-07-26;47;64;14;6;62;10;13;0;0;15873;10904;1177;920;13868;1717;1100;0;31
FR;6;2022-07-27;54;78;15;11;80;18;15;0;8;15927;10982;1192;931;13948;1735;1115;0;39
FR;6;2022-07-28;30;48;4;6;50;8;7;0;1;15957;11030;1196;937;13998;1743;1122;0;40
FR;6;2022-07-29;43;71;10;38;60;24;36;0;1;16000;11101;1206;975;14058;1767;1158;0;41
FR;6;2022-07-30;26;48;4;15;49;7;15;0;0;16026;11149;1210;990;14107;1774;1173;0;41
FR;6;2022-07-31;0;1;1;0;1;0;1;0;0;16026;11150;1211;990;14108;1774;1174;0;41
FR;6;2022-08-01;39;36;14;8;32;10;6;0;1;16065;11186;1225;998;14140;1784;1180;0;42
FR;6;2022-08-02;37;46;10;14;52;6;16;0;0;16102;11232;1235;1012;14192;1790;1196;0;42
FR;6;2022-08-03;29;52;7;16;53;11;19;0;0;16131;11284;1242;1028;14245;1801;1215;0;42
FR;6;2022-08-04;25;21;4;9;20;6;10;0;1;16156;11305;1246;1037;14265;1807;1225;0;43
FR;6;2022-08-05;43;45;1;7;54;5;7;0;0;16199;11350;1247;1044;14319;1812;1232;0;43
FR;6;2022-08-06;17;27;1;3;33;2;4;0;0;16216;11377;1248;1047;14352;1814;1236;0;43
FR;6;2022-08-07;1;2;0;0;2;0;0;0;0;16217;11379;1248;1047;14354;1814;1236;0;43
FR;6;2022-08-08;24;33;1;0;40;1;0;0;0;16241;11412;1249;1047;14394;1815;1236;0;43
FR;6;2022-08-09;22;30;6;3;29;3;3;0;0;16263;11442;1255;1050;14423;1818;1239;0;43
FR;6;2022-08-10;32;36;5;9;38;5;9;0;5;16295;11478;1260;1059;14461;1823;1248;0;48
FR;6;2022-08-11;32;33;1;1;40;1;0;0;1;16327;11511;1261;1060;14501;1824;1248;0;49
FR;6;2022-08-12;50;44;6;2;50;15;3;0;1;16377;11555;1267;1062;14551;1839;1251;0;50
FR;6;2022-08-13;9;20;0;0;22;1;0;0;0;16386;11575;1267;1062;14573;1840;1251;0;50
FR;6;2022-08-14;3;1;0;0;2;0;0;0;0;16389;11576;1267;1062;14575;1840;1251;0;50
FR;6;2022-08-15;2;3;1;0;4;0;1;0;0;16391;11579;1268;1062;14579;1840;1252;0;50
FR;6;2022-08-16;35;66;21;7;66;7;2;0;0;16426;11645;1289;1069;14645;1847;1254;0;50
FR;6;2022-08-17;32;44;10;9;41;10;6;0;7;16458;11689;1299;1078;14686;1857;1260;0;57
FR;6;2022-08-18;29;55;14;4;61;4;0;0;1;16487;11744;1313;1082;14747;1861;1260;0;58
FR;6;2022-08-19;30;45;5;4;47;3;2;0;1;16517;11789;1318;1086;14794;1864;1262;0;59
FR;6;2022-08-20;26;28;3;0;27;8;1;0;0;16543;11817;1321;1086;14821;1872;1263;0;59
FR;6;2022-08-21;1;5;2;0;5;0;0;0;0;16544;11822;1323;1086;14826;1872;1263;0;59
FR;6;2022-08-22;20;42;15;1;45;0;0;0;0;16564;11864;1338;1087;14871;1872;1263;0;59
FR;6;2022-08-23;34;45;6;7;47;6;4;0;2;16598;11909;1344;1094;14918;1878;1267;0;61
FR;6;2022-08-24;34;30;6;3;36;6;2;0;3;16632;11939;1350;1097;14954;1884;1269;0;64
FR;6;2022-08-25;25;27;1;1;29;5;1;0;0;16657;11966;1351;1098;14983;1889;1270;0;64
FR;6;2022-08-26;38;44;4;4;51;7;7;0;0;16695;12010;1355;1102;15034;1896;1277;0;64
FR;6;2022-08-27;19;21;7;3;22;8;4;0;0;16714;12031;1362;1105;15056;1904;1281;0;64
FR;6;2022-08-28;6;3;0;6;3;1;1;0;4;16720;12034;1362;1111;15059;1905;1282;0;68
FR;6;2022-08-29;26;22;2;6;29;3;6;0;0;16746;12056;1364;1117;15088;1908;1288;0;68
FR;6;2022-08-30;28;35;4;12;33;8;13;0;0;16774;12091;1368;1129;15121;1916;1301;0;68
FR;6;2022-08-31;35;38;2;11;46;3;12;0;0;16809;12129;1370;1140;15167;1919;1313;0;68
FR;6;2022-09-01;17;11;5;1;13;4;3;0;0;16826;12140;1375;1141;15180;1923;1316;0;68
FR;6;2022-09-02;19;14;2;1;13;3;2;0;0;16845;12154;1377;1142;15193;1926;1318;0;68
FR;6;2022-09-03;10;3;1;5;4;2;5;0;0;16855;12157;1378;1147;15197;1928;1323;0;68
FR;6;2022-09-04;4;1;0;0;1;0;0;0;0;16859;12158;1378;1147;15198;1928;1323;0;68
FR;6;2022-09-05;8;7;0;0;10;0;0;0;0;16867;12165;1378;1147;15208;1928;1323;0;68
FR;6;2022-09-06;7;9;7;12;8;6;15;0;0;16874;12174;1385;1159;15216;1934;1338;0;68
FR;6;2022-09-07;3;8;1;0;8;1;0;0;0;16877;12182;1386;1159;15224;1935;1338;0;68
FR;6;2022-09-08;6;4;0;2;3;1;2;0;0;16883;12186;1386;1161;15227;1936;1340;0;68
FR;6;2022-09-09;7;9;2;7;9;3;8;0;0;16890;12195;1388;1168;15236;1939;1348;0;68
FR;6;2022-09-10;3;4;1;0;3;1;1;0;0;16893;12199;1389;1168;15239;1940;1349;0;68
FR;6;2022-09-11;1;3;0;0;3;0;0;0;0;16894;12202;1389;1168;15242;1940;1349;0;68
FR;6;2022-09-12;10;4;1;0;3;3;0;0;0;16904;12206;1390;1168;15245;1943;1349;0;68
FR;6;2022-09-13;7;2;3;0;2;2;2;0;0;16911;12208;1393;1168;15247;1945;1351;0;68
FR;6;2022-09-14;9;8;2;0;7;4;0;0;0;16920;12216;1395;1168;15254;1949;1351;0;68
FR;6;2022-09-15;8;13;5;5;9;9;3;0;2;16928;12229;1400;1173;15263;1958;1354;0;70
FR;6;2022-09-16;25;39;1;1;47;4;1;0;2;16953;12268;1401;1174;15310;1962;1355;0;72
FR;6;2022-09-17;24;22;0;6;24;5;3;0;2;16977;12290;1401;1180;15334;1967;1358;0;74
FR;6;2022-09-18;5;4;0;0;4;1;0;0;0;16982;12294;1401;1180;15338;1968;1358;0;74
FR;6;2022-09-19;30;30;2;1;32;5;1;0;0;17012;12324;1403;1181;15370;1973;1359;0;74
FR;6;2022-09-20;34;25;1;4;30;6;2;0;1;17046;12349;1404;1185;15400;1979;1361;0;75
FR;6;2022-09-21;21;9;3;3;7;7;5;0;3;17067;12358;1407;1188;15407;1986;1366;0;78
FR;6;2022-09-22;19;28;1;22;32;3;21;0;1;17086;12386;1408;1210;15439;1989;1387;0;79
FR;6;2022-09-23;28;41;5;9;47;9;2;0;0;17114;12427;1413;1219;15486;1998;1389;0;79
FR;6;2022-09-24;16;16;4;2;21;6;2;0;0;17130;12443;1417;1221;15507;2004;1391;0;79
FR;6;2022-09-25;3;14;0;0;14;1;0;0;0;17133;12457;1417;1221;15521;2005;1391;0;79
FR;6;2022-09-26;16;13;0;18;12;5;18;0;2;17149;12470;1417;1239;15533;2010;1409;0;81
FR;6;2022-09-27;32;19;2;3;23;4;4;0;0;17181;12489;1419;1242;15556;2014;1413;0;81
FR;6;2022-09-28;27;10;9;11;16;5;17;0;2;17208;12499;1428;1253;15572;2019;1430;0;83
FR;6;2022-09-29;13;13;10;34;16;6;33;0;7;17221;12512;1438;1287;15588;2025;1463;0;90
FR;6;2022-09-30;34;24;5;6;33;5;3;0;0;17255;12536;1443;1293;15621;2030;1466;0;90
FR;6;2022-10-01;17;12;5;8;9;8;8;0;2;17272;12548;1448;1301;15630;2038;1474;0;92
FR;6;2022-10-02;4;0;0;0;1;0;0;0;0;17276;12548;1448;1301;15631;2038;1474;0;92
FR;6;2022-10-03;11;10;3;5;11;4;6;0;0;17287;12558;1451;1306;15642;2042;1480;0;92
FR;6;2022-10-04;19;17;4;28;21;3;30;0;3;17306;12575;1455;1334;15663;2045;1510;0;95
FR;6;2022-10-05;11;12;3;2;9;7;4;0;0;17317;12587;1458;1336;15672;2052;1514;0;95
FR;6;2022-10-06;19;13;4;6;17;2;10;0;0;17336;12600;1462;1342;15689;2054;1524;0;95
FR;6;2022-10-07;27;26;5;24;24;11;16;0;5;17363;12626;1467;1366;15713;2065;1540;0;100
FR;6;2022-10-08;18;13;0;0;16;0;0;0;0;17381;12639;1467;1366;15729;2065;1540;0;100
FR;6;2022-10-09;7;3;4;27;3;4;30;0;6;17388;12642;1471;1393;15732;2069;1570;0;106
FR;6;2022-10-10;15;14;1;16;16;6;13;0;0;17403;12656;1472;1409;15748;2075;1583;0;106
FR;6;2022-10-11;21;23;3;11;22;8;13;0;3;17424;12679;1475;1420;15770;2083;1596;0;109
FR;6;2022-10-12;20;16;7;19;18;3;24;0;7;17444;12695;1482;1439;15788;2086;1620;0;116
FR;6;2022-10-13;28;15;2;36;23;0;38;0;6;17472;12710;1484;1475;15811;2086;1658;0;122
FR;6;2022-10-14;29;23;5;49;23;11;45;0;13;17501;12733;1489;1524;15834;2097;1703;0;135
FR;6;2022-10-15;13;9;0;22;8;4;21;0;6;17514;12742;1489;1546;15842;2101;1724;0;141
FR;6;2022-10-16;4;5;0;6;2;3;6;0;0;17518;12747;1489;1552;15844;2104;1730;0;141
FR;6;2022-10-17;14;14;2;10;14;1;12;0;2;17532;12761;1491;1562;15858;2105;1742;0;143
FR;6;2022-10-18;12;19;9;26;19;4;18;0;11;17544;12780;1500;1588;15877;2109;1760;0;154
FR;6;2022-10-19;10;20;6;16;20;5;19;0;5;17554;12800;1506;1604;15897;2114;1779;0;159
FR;6;2022-10-20;16;15;12;57;19;5;67;0;13;17570;12815;1518;1661;15916;2119;1846;0;172
FR;6;2022-10-21;16;21;9;34;22;11;37;0;10;17586;12836;1527;1695;15938;2130;1883;0;182
FR;6;2022-10-22;19;14;1;4;17;3;4;0;0;17605;12850;1528;1699;15955;2133;1887;0;182
FR;6;2022-10-23;3;3;1;0;4;0;1;0;0;17608;12853;1529;1699;15959;2133;1888;0;182
FR;6;2022-10-24;12;14;2;7;14;6;5;0;2;17620;12867;1531;1706;15973;2139;1893;0;184
FR;6;2022-10-25;20;13;6;17;16;7;19;0;4;17640;12880;1537;1723;15989;2146;1912;0;188
FR;6;2022-10-26;17;9;4;13;12;4;15;0;5;17657;12889;1541;1736;16001;2150;1927;0;193
FR;6;2022-10-27;20;7;8;37;10;6;36;0;14;17677;12896;1549;1773;16011;2156;1963;0;207
FR;6;2022-10-28;21;27;3;4;28;6;5;0;1;17698;12923;1552;1777;16039;2162;1968;0;208
FR;6;2022-10-29;7;11;5;11;10;6;14;0;12;17705;12934;1557;1788;16049;2168;1982;0;220
FR;6;2022-10-30;2;5;0;0;5;0;0;0;0;17707;12939;1557;1788;16054;2168;1982;0;220
FR;6;2022-10-31;20;14;2;13;17;4;12;0;3;17727;12953;1559;1801;16071;2172;1994;0;223
FR;6;2022-11-01;2;1;1;0;1;1;0;0;0;17729;12954;1560;1801;16072;2173;1994;0;223
FR;6;2022-11-02;15;25;9;21;26;11;19;0;12;17744;12979;1569;1822;16098;2184;2013;0;235
FR;6;2022-11-03;17;17;11;39;20;8;43;0;9;17761;12996;1580;1861;16118;2192;2056;0;244
FR;6;2022-11-04;19;22;9;16;27;5;16;0;10;17780;13018;1589;1877;16145;2197;2072;0;254
FR;6;2022-11-05;9;16;2;4;17;4;6;0;0;17789;13034;1591;1881;16162;2201;2078;0;254
FR;6;2022-11-06;5;1;0;0;1;0;0;0;0;17794;13035;1591;1881;16163;2201;2078;0;254
FR;6;2022-11-07;18;10;6;17;12;4;18;0;11;17812;13045;1597;1898;16175;2205;2096;0;265
FR;6;2022-11-08;18;10;2;3;8;5;5;0;4;17830;13055;1599;1901;16183;2210;2101;0;269
FR;6;2022-11-09;16;22;1;6;21;4;5;0;4;17846;13077;1600;1907;16204;2214;2106;0;273
FR;6;2022-11-10;10;10;4;12;8;5;11;0;10;17856;13087;1604;1919;16212;2219;2117;0;283
FR;6;2022-11-11;4;1;0;0;1;1;0;0;0;17860;13088;1604;1919;16213;2220;2117;0;283
FR;6;2022-11-12;4;11;1;7;11;2;5;0;9;17864;13099;1605;1926;16224;2222;2122;0;292
FR;6;2022-11-13;1;1;0;1;1;0;1;0;0;17865;13100;1605;1927;16225;2222;2123;0;292
FR;6;2022-11-14;13;10;7;32;14;8;33;0;14;17878;13110;1612;1959;16239;2230;2156;0;306
FR;6;2022-11-15;7;18;1;11;16;4;7;0;2;17885;13128;1613;1970;16255;2234;2163;0;308
FR;6;2022-11-16;16;15;9;32;16;3;42;0;9;17901;13143;1622;2002;16271;2237;2205;0;317
FR;6;2022-11-17;10;8;1;29;8;2;28;0;5;17911;13151;1623;2031;16279;2239;2233;0;322
FR;6;2022-11-18;19;12;5;23;17;4;25;0;7;17930;13163;1628;2054;16296;2243;2258;0;329
FR;6;2022-11-19;5;13;0;2;11;3;2;0;1;17935;13176;1628;2056;16307;2246;2260;0;330
FR;6;2022-11-20;2;1;2;0;1;2;0;0;0;17937;13177;1630;2056;16308;2248;2260;0;330
FR;6;2022-11-21;22;13;1;14;14;6;11;0;3;17959;13190;1631;2070;16322;2254;2271;0;333
FR;6;2022-11-22;14;9;0;4;11;1;3;0;1;17973;13199;1631;2074;16333;2255;2274;0;334
FR;6;2022-11-23;14;15;15;23;17;9;31;0;8;17987;13214;1646;2097;16350;2264;2305;0;342
FR;6;2022-11-24;14;17;1;13;19;5;12;0;7;18001;13231;1647;2110;16369;2269;2317;0;349
FR;6;2022-11-25;23;15;5;50;15;5;47;0;5;18024;13246;1652;2160;16384;2274;2364;0;354
FR;6;2022-11-26;9;5;2;4;3;2;5;0;1;18033;13251;1654;2164;16387;2276;2369;0;355
FR;6;2022-11-27;1;4;0;0;4;0;0;0;0;18034;13255;1654;2164;16391;2276;2369;0;355
FR;6;2022-11-28;9;11;6;22;11;3;24;0;11;18043;13266;1660;2186;16402;2279;2393;0;366
FR;6;2022-11-29;15;10;1;12;14;1;8;0;7;18058;13276;1661;2198;16416;2280;2401;0;373
FR;6;2022-11-30;18;20;8;23;19;12;22;0;8;18076;13296;1669;2221;16435;2292;2423;0;381
FR;6;2022-12-01;12;9;7;20;11;4;24;0;9;18088;13305;1676;2241;16446;2296;2447;0;390
FR;6;2022-12-02;17;9;12;36;12;8;42;0;1;18105;13314;1688;2277;16458;2304;2489;0;391
FR;6;2022-12-03;13;3;13;20;6;5;28;0;13;18118;13317;1701;2297;16464;2309;2517;0;404
FR;6;2022-12-04;3;1;0;2;1;0;2;0;0;18121;13318;1701;2299;16465;2309;2519;0;404
FR;6;2022-12-05;11;10;7;16;10;4;19;0;8;18132;13328;1708;2315;16475;2313;2538;0;412
FR;6;2022-12-06;10;19;3;30;12;11;28;0;3;18142;13347;1711;2345;16487;2324;2566;0;415
FR;6;2022-12-07;17;8;10;56;10;8;57;0;30;18159;13355;1721;2401;16497;2332;2623;0;445
FR;6;2022-12-08;9;13;8;19;11;7;21;0;13;18168;13368;1729;2420;16508;2339;2644;0;458
FR;6;2022-12-09;15;9;5;29;12;4;30;0;6;18183;13377;1734;2449;16520;2343;2674;0;464
FR;6;2022-12-10;12;9;6;9;7;4;14;0;7;18195;13386;1740;2458;16527;2347;2688;0;471
FR;6;2022-12-11;4;2;1;0;2;1;0;0;0;18199;13388;1741;2458;16529;2348;2688;0;471
FR;6;2022-12-12;17;10;8;36;14;9;33;0;17;18216;13398;1749;2494;16543;2357;2721;0;488
FR;6;2022-12-13;17;21;12;66;16;18;65;0;14;18233;13419;1761;2560;16559;2375;2786;0;502
FR;6;2022-12-14;14;13;8;53;11;12;53;0;14;18247;13432;1769;2613;16570;2387;2839;0;516
FR;6;2022-12-15;12;15;14;38;13;9;44;0;9;18259;13447;1783;2651;16583;2396;2883;0;525
FR;6;2022-12-16;18;14;15;39;15;14;39;0;13;18277;13461;1798;2690;16598;2410;2922;0;538
FR;6;2022-12-17;11;10;15;28;9;15;29;0;8;18288;13471;1813;2718;16607;2425;2951;0;546
FR;6;2022-12-18;7;4;0;2;5;0;2;0;0;18295;13475;1813;2720;16612;2425;2953;0;546
FR;6;2022-12-19;12;8;9;29;8;12;29;0;15;18307;13483;1822;2749;16620;2437;2982;0;561
FR;6;2022-12-20;17;23;11;23;17;19;22;0;21;18324;13506;1833;2772;16637;2456;3004;0;582
FR;6;2022-12-21;23;16;9;19;13;13;17;0;5;18347;13522;1842;2791;16650;2469;3021;0;587
FR;6;2022-12-22;13;14;9;21;15;13;18;0;11;18360;13536;1851;2812;16665;2482;3039;0;598
FR;6;2022-12-23;10;19;12;7;14;18;7;0;3;18370;13555;1863;2819;16679;2500;3046;0;601
FR;6;2022-12-24;4;5;3;1;5;2;2;0;1;18374;13560;1866;2820;16684;2502;3048;0;602
FR;6;2022-12-25;0;0;0;0;0;0;0;0;0;18374;13560;1866;2820;16684;2502;3048;0;602
FR;6;2022-12-26;8;12;12;11;10;18;11;0;3;18382;13572;1878;2831;16694;2520;3059;0;605
FR;6;2022-12-27;16;13;15;8;11;19;8;0;0;18398;13585;1893;2839;16705;2539;3067;0;605
FR;6;2022-12-28;15;19;6;8;19;9;9;0;4;18413;13604;1899;2847;16724;2548;3076;0;609
FR;6;2022-12-29;15;12;7;8;10;9;9;0;7;18428;13616;1906;2855;16734;2557;3085;0;616
FR;6;2022-12-30;20;19;13;8;20;13;11;0;4;18448;13635;1919;2863;16754;2570;3096;0;620
FR;6;2022-12-31;5;2;6;1;4;7;1;0;1;18453;13637;1925;2864;16758;2577;3097;0;621
FR;6;2023-01-01;2;1;0;3;0;3;0;0;1;18455;13638;1925;2867;16758;2580;3097;0;622
FR;6;2023-01-02;9;14;2;3;10;7;3;0;0;18464;13652;1927;2870;16768;2587;3100;0;622
FR;6;2023-01-03;8;17;9;21;17;9;21;0;7;18472;13669;1936;2891;16785;2596;3121;0;629
FR;6;2023-01-04;9;10;4;10;9;8;6;0;14;18481;13679;1940;2901;16794;2604;3127;0;643
FR;6;2023-01-05;11;11;6;23;10;3;26;0;8;18492;13690;1946;2924;16804;2607;3153;0;651
FR;6;2023-01-06;16;24;15;30;21;17;29;0;15;18508;13714;1961;2954;16825;2624;3182;0;666
FR;6;2023-01-07;9;19;4;1;10;13;3;0;1;18517;13733;1965;2955;16835;2637;3185;0;667
FR;6;2023-01-08;2;7;4;11;6;4;11;0;3;18519;13740;1969;2966;16841;2641;3196;0;670
FR;6;2023-01-09;16;10;5;35;9;8;34;0;17;18535;13750;1974;3001;16850;2649;3230;0;687
FR;6;2023-01-10;13;15;13;23;13;10;26;0;9;18548;13765;1987;3024;16863;2659;3256;0;696
FR;6;2023-01-11;15;14;5;16;18;6;14;0;12;18563;13779;1992;3040;16881;2665;3270;0;708
FR;6;2023-01-12;7;13;2;5;10;3;5;0;12;18570;13792;1994;3045;16891;2668;3275;0;720
FR;6;2023-01-13;20;14;18;43;15;20;43;0;31;18590;13806;2012;3088;16906;2688;3318;0;751
FR;6;2023-01-14;20;8;6;2;9;9;2;0;0;18610;13814;2018;3090;16915;2697;3320;0;751
FR;6;2023-01-15;0;0;1;3;0;1;3;0;0;18610;13814;2019;3093;16915;2698;3323;0;751
FR;6;2023-01-16;22;12;2;1;10;6;3;0;2;18632;13826;2021;3094;16925;2704;3326;0;753
FR;6;2023-01-17;8;17;12;8;17;11;14;0;5;18640;13843;2033;3102;16942;2715;3340;0;758
FR;6;2023-01-18;22;15;9;7;17;10;8;0;1;18662;13858;2042;3109;16959;2725;3348;0;759
FR;6;2023-01-19;9;9;14;9;11;12;13;0;7;18671;13867;2056;3118;16970;2737;3361;0;766
FR;6;2023-01-20;17;13;9;32;15;7;34;0;27;18688;13880;2065;3150;16985;2744;3395;0;793
FR;6;2023-01-21;12;7;5;2;6;8;3;0;1;18700;13887;2070;3152;16991;2752;3398;0;794
FR;6;2023-01-22;0;0;1;1;0;1;1;0;0;18700;13887;2071;3153;16991;2753;3399;0;794
FR;6;2023-01-23;9;9;5;11;8;5;11;0;3;18709;13896;2076;3164;16999;2758;3410;0;797
FR;6;2023-01-24;14;15;15;13;15;14;18;0;6;18723;13911;2091;3177;17014;2772;3428;0;803
FR;6;2023-01-25;15;7;5;3;6;6;4;0;4;18738;13918;2096;3180;17020;2778;3432;0;807
FR;6;2023-01-26;13;15;3;11;12;8;13;0;9;18751;13933;2099;3191;17032;2786;3445;0;816
FR;6;2023-01-27;21;17;7;34;22;7;29;0;29;18772;13950;2106;3225;17054;2793;3474;0;845
FR;6;2023-01-28;15;15;7;4;17;6;5;0;1;18787;13965;2113;3229;17071;2799;3479;0;846
FR;6;2023-01-29;1;4;0;0;3;1;0;0;0;18788;13969;2113;3229;17074;2800;3479;0;846
FR;6;2023-01-30;2;15;8;4;15;8;3;0;8;18790;13984;2121;3233;17089;2808;3482;0;854
FR;6;2023-01-31;9;8;5;8;8;5;8;0;5;18799;13992;2126;3241;17097;2813;3490;0;859
FR;6;2023-02-01;20;18;4;4;17;4;8;0;4;18819;14010;2130;3245;17114;2817;3498;0;863
FR;6;2023-02-02;8;10;9;1;10;10;1;0;1;18827;14020;2139;3246;17124;2827;3499;0;864
FR;6;2023-02-03;16;15;11;18;15;11;19;0;13;18843;14035;2150;3264;17139;2838;3518;0;877
FR;6;2023-02-04;6;9;9;7;11;9;8;0;2;18849;14044;2159;3271;17150;2847;3526;0;879
FR;6;2023-02-05;0;0;0;4;0;0;4;0;0;18849;14044;2159;3275;17150;2847;3530;0;879
FR;6;2023-02-06;10;16;1;4;15;5;4;0;0;18859;14060;2160;3279;17165;2852;3534;0;879
FR;6;2023-02-07;8;9;4;8;9;7;7;0;3;18867;14069;2164;3287;17174;2859;3541;0;882
FR;6;2023-02-08;7;3;3;2;2;6;1;0;1;18874;14072;2167;3289;17176;2865;3542;0;883
FR;6;2023-02-09;6;11;1;6;8;8;2;0;2;18880;14083;2168;3295;17184;2873;3544;0;885
FR;6;2023-02-10;13;21;6;12;15;15;11;0;2;18893;14104;2174;3307;17199;2888;3555;0;887
FR;6;2023-02-11;12;8;7;4;9;3;9;0;5;18905;14112;2181;3311;17208;2891;3564;0;892
FR;6;2023-02-12;0;1;0;0;1;0;0;0;0;18905;14113;2181;3311;17209;2891;3564;0;892
FR;6;2023-02-13;5;6;0;0;6;1;0;0;0;18910;14119;2181;3311;17215;2892;3564;0;892
FR;6;2023-02-14;12;13;3;15;15;4;14;0;0;18922;14132;2184;3326;17230;2896;3578;0;892
FR;6;2023-02-15;8;11;3;2;11;2;2;0;4;18930;14143;2187;3328;17241;2898;3580;0;896
FR;6;2023-02-16;17;8;1;3;18;1;3;0;4;18947;14151;2188;3331;17259;2899;3583;0;900
FR;6;2023-02-17;9;15;3;9;12;8;9;0;5;18956;14166;2191;3340;17271;2907;3592;0;905
FR;6;2023-02-18;10;6;1;1;7;1;1;0;0;18966;14172;2192;3341;17278;2908;3593;0;905
FR;6;2023-02-19;0;0;0;0;0;0;0;0;0;18966;14172;2192;3341;17278;2908;3593;0;905
FR;6;2023-02-20;10;8;3;2;9;5;1;0;0;18976;14180;2195;3343;17287;2913;3594;0;905
FR;6;2023-02-21;9;8;8;5;6;7;8;0;1;18985;14188;2203;3348;17293;2920;3602;0;906
FR;6;2023-02-22;4;13;1;3;13;3;3;0;5;18989;14201;2204;3351;17306;2923;3605;0;911
FR;6;2023-02-23;7;11;6;2;10;6;4;0;1;18996;14212;2210;3353;17316;2929;3609;0;912
FR;6;2023-02-24;9;13;5;21;15;4;19;0;15;19005;14225;2215;3374;17331;2933;3628;0;927
FR;6;2023-02-25;4;5;1;1;6;1;1;0;0;19009;14230;2216;3375;17337;2934;3629;0;927
FR;6;2023-02-26;0;1;0;0;0;1;0;0;0;19009;14231;2216;3375;17337;2935;3629;0;927
FR;6;2023-02-27;10;8;3;1;3;9;0;0;2;19019;14239;2219;3376;17340;2944;3629;0;929
FR;6;2023-02-28;3;8;4;4;9;3;6;0;0;19022;14247;2223;3380;17349;2947;3635;0;929
FR;6;2023-03-01;6;10;3;2;10;4;2;0;0;19028;14257;2226;3382;17359;2951;3637;0;929
FR;6;2023-03-02;8;7;1;3;7;3;2;0;5;19036;14264;2227;3385;17366;2954;3639;0;934
FR;6;2023-03-03;14;12;5;7;11;9;6;0;7;19050;14276;2232;3392;17377;2963;3645;0;941
FR;6;2023-03-04;8;14;1;0;13;3;0;0;0;19058;14290;2233;3392;17390;2966;3645;0;941
FR;6;2023-03-05;4;0;0;0;0;0;0;0;0;19062;14290;2233;3392;17390;2966;3645;0;941
FR;6;2023-03-06;8;12;0;1;11;2;0;0;1;19070;14302;2233;3393;17401;2968;3645;0;942
FR;6;2023-03-07;4;6;0;1;4;3;0;0;5;19074;14308;2233;3394;17405;2971;3645;0;947
FR;6;2023-03-08;3;7;2;0;7;2;0;0;0;19077;14315;2235;3394;17412;2973;3645;0;947
FR;6;2023-03-09;7;6;0;1;6;2;1;0;0;19084;14321;2235;3395;17418;2975;3646;0;947
FR;6;2023-03-10;9;9;2;9;9;2;9;0;9;19093;14330;2237;3404;17427;2977;3655;0;956
FR;6;2023-03-11;13;12;2;0;12;2;2;0;0;19106;14342;2239;3404;17439;2979;3657;0;956
FR;6;2023-03-12;2;0;0;0;1;0;0;0;0;19108;14342;2239;3404;17440;2979;3657;0;956
FR;6;2023-03-13;7;12;4;1;13;2;1;0;2;19115;14354;2243;3405;17453;2981;3658;0;958
FR;6;2023-03-14;5;12;2;0;8;6;0;0;0;19120;14366;2245;3405;17461;2987;3658;0;958
FR;6;2023-03-15;6;4;2;3;5;3;3;0;1;19126;14370;2247;3408;17466;2990;3661;0;959
FR;6;2023-03-16;9;5;2;0;5;3;0;0;0;19135;14375;2249;3408;17471;2993;3661;0;959
FR;6;2023-03-17;10;12;5;5;8;8;5;0;3;19145;14387;2254;3413;17479;3001;3666;0;962
FR;6;2023-03-18;6;2;2;0;3;2;0;0;0;19151;14389;2256;3413;17482;3003;3666;0;962
FR;6;2023-03-19;0;0;1;0;0;0;0;0;0;19151;14389;2257;3413;17482;3003;3666;0;962
FR;6;2023-03-20;2;6;3;7;5;4;5;0;4;19153;14395;2260;3420;17487;3007;3671;0;966
FR;6;2023-03-21;2;1;5;2;1;3;4;0;0;19155;14396;2265;3422;17488;3010;3675;0;966
FR;6;2023-03-22;1;4;3;0;4;3;0;0;3;19156;14400;2268;3422;17492;3013;3675;0;969
FR;6;2023-03-23;3;4;3;2;4;3;2;0;0;19159;14404;2271;3424;17496;3016;3677;0;969
FR;6;2023-03-24;3;9;6;0;9;7;0;0;0;19162;14413;2277;3424;17505;3023;3677;0;969
FR;6;2023-03-25;10;7;0;0;9;0;0;0;0;19172;14420;2277;3424;17514;3023;3677;0;969
FR;6;2023-03-26;1;0;0;0;0;0;0;0;0;19173;14420;2277;3424;17514;3023;3677;0;969
FR;6;2023-03-27;6;9;2;2;8;4;1;0;0;19179;14429;2279;3426;17522;3027;3678;0;969
FR;6;2023-03-28;8;4;2;2;6;2;2;0;2;19187;14433;2281;3428;17528;3029;3680;0;971
FR;6;2023-03-29;4;1;2;0;1;2;0;0;0;19191;14434;2283;3428;17529;3031;3680;0;971
FR;6;2023-03-30;4;7;1;0;5;3;0;0;0;19195;14441;2284;3428;17534;3034;3680;0;971
FR;6;2023-03-31;1;3;3;3;3;3;1;0;7;19196;14444;2287;3431;17537;3037;3681;0;978
FR;6;2023-04-01;5;11;0;0;11;1;0;0;3;19201;14455;2287;3431;17548;3038;3681;0;981
FR;6;2023-04-02;0;0;0;0;0;0;0;0;0;19201;14455;2287;3431;17548;3038;3681;0;981
FR;6;2023-04-03;5;10;0;1;10;2;1;0;2;19206;14465;2287;3432;17558;3040;3682;0;983
FR;6;2023-04-04;5;10;2;4;8;3;5;0;7;19211;14475;2289;3436;17566;3043;3687;0;990
FR;6;2023-04-05;0;7;3;0;7;3;0;0;3;19211;14482;2292;3436;17573;3046;3687;0;993
FR;6;2023-04-06;3;6;4;1;3;7;1;0;2;19214;14488;2296;3437;17576;3053;3688;0;995
FR;6;2023-04-07;11;8;2;0;9;4;0;0;0;19225;14496;2298;3437;17585;3057;3688;0;995
FR;6;2023-04-08;2;1;3;0;1;3;0;0;0;19227;14497;2301;3437;17586;3060;3688;0;995
FR;6;2023-04-09;0;0;0;0;0;0;0;0;0;19227;14497;2301;3437;17586;3060;3688;0;995
FR;6;2023-04-10;0;0;0;0;0;0;0;0;0;19227;14497;2301;3437;17586;3060;3688;0;995
FR;6;2023-04-11;3;8;1;0;6;3;0;0;0;19230;14505;2302;3437;17592;3063;3688;0;995
FR;6;2023-04-12;3;4;2;0;5;2;0;0;4;19233;14509;2304;3437;17597;3065;3688;0;999
FR;6;2023-04-13;1;4;0;0;3;1;0;0;2;19234;14513;2304;3437;17600;3066;3688;0;1001
FR;6;2023-04-14;4;5;0;0;5;0;0;0;1;19238;14518;2304;3437;17605;3066;3688;0;1002
FR;6;2023-04-15;7;2;1;1;4;1;1;0;0;19245;14520;2305;3438;17609;3067;3689;0;1002
FR;6;2023-04-16;0;2;0;0;1;1;0;0;0;19245;14522;2305;3438;17610;3068;3689;0;1002
FR;6;2023-04-17;4;8;2;0;8;2;0;0;0;19249;14530;2307;3438;17618;3070;3689;0;1002
FR;6;2023-04-18;3;2;1;0;2;1;0;0;1;19252;14532;2308;3438;17620;3071;3689;0;1003
FR;6;2023-04-19;1;3;0;0;2;1;0;0;0;19253;14535;2308;3438;17622;3072;3689;0;1003
FR;6;2023-04-20;5;4;0;0;3;2;0;0;0;19258;14539;2308;3438;17625;3074;3689;0;1003
FR;6;2023-04-21;7;3;2;3;1;5;3;0;1;19265;14542;2310;3441;17626;3079;3692;0;1004
FR;6;2023-04-22;3;3;3;0;1;5;0;0;0;19268;14545;2313;3441;17627;3084;3692;0;1004
FR;6;2023-04-23;0;2;0;0;1;1;0;0;0;19268;14547;2313;3441;17628;3085;3692;0;1004
FR;6;2023-04-24;2;8;0;1;5;3;1;0;0;19270;14555;2313;3442;17633;3088;3693;0;1004
FR;6;2023-04-25;5;2;0;1;2;0;1;0;1;19275;14557;2313;3443;17635;3088;3694;0;1005
FR;6;2023-04-26;7;5;1;0;4;2;0;0;2;19282;14562;2314;3443;17639;3090;3694;0;1007
FR;6;2023-04-27;8;9;2;0;9;3;1;0;3;19290;14571;2316;3443;17648;3093;3695;0;1010
FR;6;2023-04-28;5;4;0;1;4;0;1;0;2;19295;14575;2316;3444;17652;3093;3696;0;1012
FR;6;2023-04-29;7;3;2;0;4;2;1;0;0;19302;14578;2318;3444;17656;3095;3697;0;1012
FR;6;2023-04-30;0;0;0;0;0;0;0;0;0;19302;14578;2318;3444;17656;3095;3697;0;1012
FR;6;2023-05-01;0;0;0;0;0;0;0;0;0;19302;14578;2318;3444;17656;3095;3697;0;1012
FR;6;2023-05-02;3;4;3;0;3;3;1;0;0;19305;14582;2321;3444;17659;3098;3698;0;1012
FR;6;2023-05-03;0;3;0;0;2;1;0;0;2;19305;14585;2321;3444;17661;3099;3698;0;1014
FR;6;2023-05-04;3;4;7;0;5;6;3;0;1;19308;14589;2328;3444;17666;3105;3701;0;1015
FR;6;2023-05-05;3;2;0;0;3;0;0;0;0;19311;14591;2328;3444;17669;3105;3701;0;1015
FR;6;2023-05-06;0;2;1;1;1;2;1;0;0;19311;14593;2329;3445;17670;3107;3702;0;1015
FR;6;2023-05-07;1;0;0;0;0;0;0;0;0;19312;14593;2329;3445;17670;3107;3702;0;1015
FR;6;2023-05-08;0;0;7;0;0;3;4;0;0;19312;14593;2336;3445;17670;3110;3706;0;1015
FR;6;2023-05-09;5;4;2;1;6;2;1;0;0;19317;14597;2338;3446;17676;3112;3707;0;1015
FR;6;2023-05-10;5;2;2;0;3;1;1;0;0;19322;14599;2340;3446;17679;3113;3708;0;1015
FR;6;2023-05-11;2;3;3;1;3;4;2;0;2;19324;14602;2343;3447;17682;3117;3710;0;1017
FR;6;2023-05-12;1;2;0;0;3;0;0;0;1;19325;14604;2343;3447;17685;3117;3710;0;1018
FR;6;2023-05-13;0;3;2;0;1;2;2;0;2;19325;14607;2345;3447;17686;3119;3712;0;1020
FR;6;2023-05-14;0;0;0;0;0;0;0;0;0;19325;14607;2345;3447;17686;3119;3712;0;1020
FR;6;2023-05-15;2;3;2;0;2;3;0;0;0;19327;14610;2347;3447;17688;3122;3712;0;1020
FR;6;2023-05-16;2;5;1;0;5;1;0;0;1;19329;14615;2348;3447;17693;3123;3712;0;1021
FR;6;2023-05-17;7;5;2;0;5;2;1;0;2;19336;14620;2350;3447;17698;3125;3713;0;1023
FR;6;2023-05-18;0;0;0;0;0;0;0;0;0;19336;14620;2350;3447;17698;3125;3713;0;1023
FR;6;2023-05-19;2;2;1;0;2;1;0;0;0;19338;14622;2351;3447;17700;3126;3713;0;1023
FR;6;2023-05-20;1;4;1;0;3;2;0;0;0;19339;14626;2352;3447;17703;3128;3713;0;1023
FR;6;2023-05-21;0;0;0;0;0;0;0;0;0;19339;14626;2352;3447;17703;3128;3713;0;1023
FR;6;2023-05-22;2;1;1;0;1;0;1;0;0;19341;14627;2353;3447;17704;3128;3714;0;1023
FR;6;2023-05-23;1;2;2;2;2;1;3;0;0;19342;14629;2355;3449;17706;3129;3717;0;1023
FR;6;2023-05-24;1;2;3;2;2;2;3;0;1;19343;14631;2358;3451;17708;3131;3720;0;1024
FR;6;2023-05-25;1;3;0;1;1;2;0;0;4;19344;14634;2358;3452;17709;3133;3720;0;1028
FR;6;2023-05-26;3;2;0;4;3;0;4;0;3;19347;14636;2358;3456;17712;3133;3724;0;1031
FR;6;2023-05-27;2;3;0;0;3;0;0;0;1;19349;14639;2358;3456;17715;3133;3724;0;1032
FR;6;2023-05-28;0;1;0;0;1;0;0;0;0;19349;14640;2358;3456;17716;3133;3724;0;1032
FR;6;2023-05-29;0;0;0;0;0;0;0;0;0;19349;14640;2358;3456;17716;3133;3724;0;1032
FR;6;2023-05-30;4;5;3;1;2;5;2;0;0;19353;14645;2361;3457;17718;3138;3726;0;1032
FR;6;2023-05-31;2;4;0;0;3;1;0;0;2;19355;14649;2361;3457;17721;3139;3726;0;1034
FR;6;2023-06-01;0;1;4;0;1;4;0;0;2;19355;14650;2365;3457;17722;3143;3726;0;1036
FR;6;2023-06-02;0;3;1;0;3;1;0;0;0;19355;14653;2366;3457;17725;3144;3726;0;1036
FR;6;2023-06-03;0;1;0;0;1;0;0;0;0;19355;14654;2366;3457;17726;3144;3726;0;1036
FR;6;2023-06-04;0;0;0;0;0;0;0;0;0;19355;14654;2366;3457;17726;3144;3726;0;1036
FR;6;2023-06-05;4;1;2;0;2;2;0;0;2;19359;14655;2368;3457;17728;3146;3726;0;1038
FR;8;2020-12-27;0;0;0;0;0;0;0;0;0;0;0;0;0;0;0;0;0;0
FR;8;2020-12-28;0;0;0;0;0;0;0;0;0;0;0;0;0;0;0;0;0;0
FR;8;2020-12-29;0;0;0;0;0;0;0;0;0;0;0;0;0;0;0;0;0;0
FR;8;2020-12-30;0;0;0;0;0;0;0;0;0;0;0;0;0;0;0;0;0;0
FR;8;2020-12-31;0;0;0;0;0;0;0;0;0;0;0;0;0;0;0;0;0;0
FR;8;2021-01-01;0;0;0;0;0;0;0;0;0;0;0;0;0;0;0;0;0;0
FR;8;2021-01-02;0;0;0;0;0;0;0;0;0;0;0;0;0;0;0;0;0;0
FR;8;2021-01-03;0;0;0;0;0;0;0;0;0;0;0;0;0;0;0;0;0;0
FR;8;2021-01-04;0;0;0;0;0;0;0;0;0;0;0;0;0;0;0;0;0;0
FR;8;2021-01-05;0;0;0;0;0;0;0;0;0;0;0;0;0;0;0;0;0;0
FR;8;2021-01-06;0;0;0;0;0;0;0;0;0;0;0;0;0;0;0;0;0;0
FR;8;2021-01-07;0;0;0;0;0;0;0;0;0;0;0;0;0;0;0;0;0;0
FR;8;2021-01-08;0;0;0;0;0;0;0;0;0;0;0;0;0;0;0;0;0;0
FR;8;2021-01-09;0;0;0;0;0;0;0;0;0;0;0;0;0;0;0;0;0;0
FR;8;2021-01-10;0;0;0;0;0;0;0;0;0;0;0;0;0;0;0;0;0;0
FR;8;2021-01-11;0;0;0;0;0;0;0;0;0;0;0;0;0;0;0;0;0;0
FR;8;2021-01-12;0;0;0;0;0;0;0;0;0;0;0;0;0;0;0;0;0;0
FR;8;2021-01-13;0;0;0;0;0;0;0;0;0;0;0;0;0;0;0;0;0;0
FR;8;2021-01-14;0;0;0;0;0;0;0;0;0;0;0;0;0;0;0;0;0;0
FR;8;2021-01-15;0;0;0;0;0;0;0;0;0;0;0;0;0;0;0;0;0;0
FR;8;2021-01-16;0;0;0;0;0;0;0;0;0;0;0;0;0;0;0;0;0;0
FR;8;2021-01-17;0;0;0;0;0;0;0;0;0;0;0;0;0;0;0;0;0;0
FR;8;2021-01-18;0;0;0;0;0;0;0;0;0;0;0;0;0;0;0;0;0;0
FR;8;2021-01-19;0;0;0;0;0;0;0;0;0;0;0;0;0;0;0;0;0;0
FR;8;2021-01-20;0;0;0;0;0;0;0;0;0;0;0;0;0;0;0;0;0;0
FR;8;2021-01-21;0;0;0;0;0;0;0;0;0;0;0;0;0;0;0;0;0;0
FR;8;2021-01-22;0;0;0;0;0;0;0;0;0;0;0;0;0;0;0;0;0;0
FR;8;2021-01-23;0;0;0;0;0;0;0;0;0;0;0;0;0;0;0;0;0;0
FR;8;2021-01-24;0;0;0;0;0;0;0;0;0;0;0;0;0;0;0;0;0;0
FR;8;2021-01-25;0;0;0;0;0;0;0;0;0;0;0;0;0;0;0;0;0;0
FR;8;2021-01-26;0;0;0;0;0;0;0;0;0;0;0;0;0;0;0;0;0;0
FR;8;2021-01-27;0;0;0;0;0;0;0;0;0;0;0;0;0;0;0;0;0;0
FR;8;2021-01-28;0;0;0;0;0;0;0;0;0;0;0;0;0;0;0;0;0;0
FR;8;2021-01-29;0;0;0;0;0;0;0;0;0;0;0;0;0;0;0;0;0;0
FR;8;2021-01-30;0;0;0;0;0;0;0;0;0;0;0;0;0;0;0;0;0;0
FR;8;2021-01-31;0;0;0;0;0;0;0;0;0;0;0;0;0;0;0;0;0;0
FR;8;2021-02-01;0;0;0;0;0;0;0;0;0;0;0;0;0;0;0;0;0;0
FR;8;2021-02-02;0;0;0;0;0;0;0;0;0;0;0;0;0;0;0;0;0;0
FR;8;2021-02-03;0;0;0;0;0;0;0;0;0;0;0;0;0;0;0;0;0;0
FR;8;2021-02-04;0;0;0;0;0;0;0;0;0;0;0;0;0;0;0;0;0;0
FR;8;2021-02-05;0;0;0;0;0;0;0;0;0;0;0;0;0;0;0;0;0;0
FR;8;2021-02-06;0;0;0;0;0;0;0;0;0;0;0;0;0;0;0;0;0;0
FR;8;2021-02-07;0;0;0;0;0;0;0;0;0;0;0;0;0;0;0;0;0;0
FR;8;2021-02-08;0;0;0;0;0;0;0;0;0;0;0;0;0;0;0;0;0;0
FR;8;2021-02-09;0;0;0;0;0;0;0;0;0;0;0;0;0;0;0;0;0;0
FR;8;2021-02-10;0;0;0;0;0;0;0;0;0;0;0;0;0;0;0;0;0;0
FR;8;2021-02-11;0;0;0;0;0;0;0;0;0;0;0;0;0;0;0;0;0;0
FR;8;2021-02-12;0;0;0;0;0;0;0;0;0;0;0;0;0;0;0;0;0;0
FR;8;2021-02-13;0;0;0;0;0;0;0;0;0;0;0;0;0;0;0;0;0;0
FR;8;2021-02-14;0;0;0;0;0;0;0;0;0;0;0;0;0;0;0;0;0;0
FR;8;2021-02-15;0;0;0;0;0;0;0;0;0;0;0;0;0;0;0;0;0;0
FR;8;2021-02-16;0;0;0;0;0;0;0;0;0;0;0;0;0;0;0;0;0;0
FR;8;2021-02-17;0;0;0;0;0;0;0;0;0;0;0;0;0;0;0;0;0;0
FR;8;2021-02-18;0;0;0;0;0;0;0;0;0;0;0;0;0;0;0;0;0;0
FR;8;2021-02-19;0;0;0;0;0;0;0;0;0;0;0;0;0;0;0;0;0;0
FR;8;2021-02-20;0;0;0;0;0;0;0;0;0;0;0;0;0;0;0;0;0;0
FR;8;2021-02-21;0;0;0;0;0;0;0;0;0;0;0;0;0;0;0;0;0;0
FR;8;2021-02-22;0;0;0;0;0;0;0;0;0;0;0;0;0;0;0;0;0;0
FR;8;2021-02-23;0;0;0;0;0;0;0;0;0;0;0;0;0;0;0;0;0;0
FR;8;2021-02-24;0;0;0;0;0;0;0;0;0;0;0;0;0;0;0;0;0;0
FR;8;2021-02-25;0;0;0;0;0;0;0;0;0;0;0;0;0;0;0;0;0;0
FR;8;2021-02-26;0;0;0;0;0;0;0;0;0;0;0;0;0;0;0;0;0;0
FR;8;2021-02-27;0;0;0;0;0;0;0;0;0;0;0;0;0;0;0;0;0;0
FR;8;2021-02-28;0;0;0;0;0;0;0;0;0;0;0;0;0;0;0;0;0;0
FR;8;2021-03-01;0;0;0;0;0;0;0;0;0;0;0;0;0;0;0;0;0;0
FR;8;2021-03-02;0;0;0;0;0;0;0;0;0;0;0;0;0;0;0;0;0;0
FR;8;2021-03-03;0;0;0;0;0;0;0;0;0;0;0;0;0;0;0;0;0;0
FR;8;2021-03-04;0;0;0;0;0;0;0;0;0;0;0;0;0;0;0;0;0;0
FR;8;2021-03-05;0;0;0;0;0;0;0;0;0;0;0;0;0;0;0;0;0;0
FR;8;2021-03-06;0;0;0;0;0;0;0;0;0;0;0;0;0;0;0;0;0;0
FR;8;2021-03-07;0;0;0;0;0;0;0;0;0;0;0;0;0;0;0;0;0;0
FR;8;2021-03-08;0;0;0;0;0;0;0;0;0;0;0;0;0;0;0;0;0;0
FR;8;2021-03-09;0;0;0;0;0;0;0;0;0;0;0;0;0;0;0;0;0;0
FR;8;2021-03-10;0;0;0;0;0;0;0;0;0;0;0;0;0;0;0;0;0;0
FR;8;2021-03-11;0;0;0;0;0;0;0;0;0;0;0;0;0;0;0;0;0;0
FR;8;2021-03-12;0;0;0;0;0;0;0;0;0;0;0;0;0;0;0;0;0;0
FR;8;2021-03-13;0;0;0;0;0;0;0;0;0;0;0;0;0;0;0;0;0;0
FR;8;2021-03-14;0;0;0;0;0;0;0;0;0;0;0;0;0;0;0;0;0;0
FR;8;2021-03-15;0;0;0;0;0;0;0;0;0;0;0;0;0;0;0;0;0;0
FR;8;2021-03-16;0;0;0;0;0;0;0;0;0;0;0;0;0;0;0;0;0;0
FR;8;2021-03-17;0;0;0;0;0;0;0;0;0;0;0;0;0;0;0;0;0;0
FR;8;2021-03-18;0;0;0;0;0;0;0;0;0;0;0;0;0;0;0;0;0;0
FR;8;2021-03-19;0;0;0;0;0;0;0;0;0;0;0;0;0;0;0;0;0;0
FR;8;2021-03-20;0;0;0;0;0;0;0;0;0;0;0;0;0;0;0;0;0;0
FR;8;2021-03-21;0;0;0;0;0;0;0;0;0;0;0;0;0;0;0;0;0;0
FR;8;2021-03-22;0;0;0;0;0;0;0;0;0;0;0;0;0;0;0;0;0;0
FR;8;2021-03-23;0;0;0;0;0;0;0;0;0;0;0;0;0;0;0;0;0;0
FR;8;2021-03-24;0;0;0;0;0;0;0;0;0;0;0;0;0;0;0;0;0;0
FR;8;2021-03-25;0;0;0;0;0;0;0;0;0;0;0;0;0;0;0;0;0;0
FR;8;2021-03-26;0;0;0;0;0;0;0;0;0;0;0;0;0;0;0;0;0;0
FR;8;2021-03-27;0;0;0;0;0;0;0;0;0;0;0;0;0;0;0;0;0;0
FR;8;2021-03-28;0;0;0;0;0;0;0;0;0;0;0;0;0;0;0;0;0;0
FR;8;2021-03-29;0;0;0;0;0;0;0;0;0;0;0;0;0;0;0;0;0;0
FR;8;2021-03-30;0;0;0;0;0;0;0;0;0;0;0;0;0;0;0;0;0;0
FR;8;2021-03-31;0;0;0;0;0;0;0;0;0;0;0;0;0;0;0;0;0;0
FR;8;2021-04-01;0;0;0;0;0;0;0;0;0;0;0;0;0;0;0;0;0;0
FR;8;2021-04-02;0;0;0;0;0;0;0;0;0;0;0;0;0;0;0;0;0;0
FR;8;2021-04-03;0;0;0;0;0;0;0;0;0;0;0;0;0;0;0;0;0;0
FR;8;2021-04-04;0;0;0;0;0;0;0;0;0;0;0;0;0;0;0;0;0;0
FR;8;2021-04-05;0;0;0;0;0;0;0;0;0;0;0;0;0;0;0;0;0;0
FR;8;2021-04-06;0;0;0;0;0;0;0;0;0;0;0;0;0;0;0;0;0;0
FR;8;2021-04-07;0;0;0;0;0;0;0;0;0;0;0;0;0;0;0;0;0;0
FR;8;2021-04-08;0;0;0;0;0;0;0;0;0;0;0;0;0;0;0;0;0;0
FR;8;2021-04-09;0;0;0;0;0;0;0;0;0;0;0;0;0;0;0;0;0;0
FR;8;2021-04-10;0;0;0;0;0;0;0;0;0;0;0;0;0;0;0;0;0;0
FR;8;2021-04-11;0;0;0;0;0;0;0;0;0;0;0;0;0;0;0;0;0;0
FR;8;2021-04-12;0;0;0;0;0;0;0;0;0;0;0;0;0;0;0;0;0;0
FR;8;2021-04-13;0;0;0;0;0;0;0;0;0;0;0;0;0;0;0;0;0;0
FR;8;2021-04-14;0;0;0;0;0;0;0;0;0;0;0;0;0;0;0;0;0;0
FR;8;2021-04-15;0;0;0;0;0;0;0;0;0;0;0;0;0;0;0;0;0;0
FR;8;2021-04-16;0;0;0;0;0;0;0;0;0;0;0;0;0;0;0;0;0;0
FR;8;2021-04-17;0;0;0;0;0;0;0;0;0;0;0;0;0;0;0;0;0;0
FR;8;2021-04-18;0;0;0;0;0;0;0;0;0;0;0;0;0;0;0;0;0;0
FR;8;2021-04-19;0;0;0;0;0;0;0;0;0;0;0;0;0;0;0;0;0;0
FR;8;2021-04-20;0;0;0;0;0;0;0;0;0;0;0;0;0;0;0;0;0;0
FR;8;2021-04-21;0;0;0;0;0;0;0;0;0;0;0;0;0;0;0;0;0;0
FR;8;2021-04-22;0;0;0;0;0;0;0;0;0;0;0;0;0;0;0;0;0;0
FR;8;2021-04-23;0;0;0;0;0;0;0;0;0;0;0;0;0;0;0;0;0;0
FR;8;2021-04-24;0;0;0;0;0;0;0;0;0;0;0;0;0;0;0;0;0;0
FR;8;2021-04-25;0;0;0;0;0;0;0;0;0;0;0;0;0;0;0;0;0;0
FR;8;2021-04-26;0;0;0;0;0;0;0;0;0;0;0;0;0;0;0;0;0;0
FR;8;2021-04-27;0;0;0;0;0;0;0;0;0;0;0;0;0;0;0;0;0;0
FR;8;2021-04-28;0;0;0;0;0;0;0;0;0;0;0;0;0;0;0;0;0;0
FR;8;2021-04-29;0;0;0;0;0;0;0;0;0;0;0;0;0;0;0;0;0;0
FR;8;2021-04-30;0;0;0;0;0;0;0;0;0;0;0;0;0;0;0;0;0;0
FR;8;2021-05-01;0;0;0;0;0;0;0;0;0;0;0;0;0;0;0;0;0;0
FR;8;2021-05-02;0;0;0;0;0;0;0;0;0;0;0;0;0;0;0;0;0;0
FR;8;2021-05-03;0;0;0;0;0;0;0;0;0;0;0;0;0;0;0;0;0;0
FR;8;2021-05-04;0;0;0;0;0;0;0;0;0;0;0;0;0;0;0;0;0;0
FR;8;2021-05-05;0;0;0;0;0;0;0;0;0;0;0;0;0;0;0;0;0;0
FR;8;2021-05-06;0;0;0;0;0;0;0;0;0;0;0;0;0;0;0;0;0;0
FR;8;2021-05-07;0;0;0;0;0;0;0;0;0;0;0;0;0;0;0;0;0;0
FR;8;2021-05-08;0;0;0;0;0;0;0;0;0;0;0;0;0;0;0;0;0;0
FR;8;2021-05-09;0;0;0;0;0;0;0;0;0;0;0;0;0;0;0;0;0;0
FR;8;2021-05-10;0;0;0;0;0;0;0;0;0;0;0;0;0;0;0;0;0;0
FR;8;2021-05-11;0;0;0;0;0;0;0;0;0;0;0;0;0;0;0;0;0;0
FR;8;2021-05-12;0;0;0;0;0;0;0;0;0;0;0;0;0;0;0;0;0;0
FR;8;2021-05-13;0;0;0;0;0;0;0;0;0;0;0;0;0;0;0;0;0;0
FR;8;2021-05-14;0;0;0;0;0;0;0;0;0;0;0;0;0;0;0;0;0;0
FR;8;2021-05-15;0;0;0;0;0;0;0;0;0;0;0;0;0;0;0;0;0;0
FR;8;2021-05-16;0;0;0;0;0;0;0;0;0;0;0;0;0;0;0;0;0;0
FR;8;2021-05-17;0;0;0;0;0;0;0;0;0;0;0;0;0;0;0;0;0;0
FR;8;2021-05-18;0;0;0;0;0;0;0;0;0;0;0;0;0;0;0;0;0;0
FR;8;2021-05-19;0;0;0;0;0;0;0;0;0;0;0;0;0;0;0;0;0;0
FR;8;2021-05-20;0;0;0;0;0;0;0;0;0;0;0;0;0;0;0;0;0;0
FR;8;2021-05-21;0;0;0;0;0;0;0;0;0;0;0;0;0;0;0;0;0;0
FR;8;2021-05-22;0;0;0;0;0;0;0;0;0;0;0;0;0;0;0;0;0;0
FR;8;2021-05-23;0;0;0;0;0;0;0;0;0;0;0;0;0;0;0;0;0;0
FR;8;2021-05-24;0;0;0;0;0;0;0;0;0;0;0;0;0;0;0;0;0;0
FR;8;2021-05-25;0;0;0;0;0;0;0;0;0;0;0;0;0;0;0;0;0;0
FR;8;2021-05-26;0;0;0;0;0;0;0;0;0;0;0;0;0;0;0;0;0;0
FR;8;2021-05-27;0;0;0;0;0;0;0;0;0;0;0;0;0;0;0;0;0;0
FR;8;2021-05-28;0;0;0;0;0;0;0;0;0;0;0;0;0;0;0;0;0;0
FR;8;2021-05-29;0;0;0;0;0;0;0;0;0;0;0;0;0;0;0;0;0;0
FR;8;2021-05-30;0;0;0;0;0;0;0;0;0;0;0;0;0;0;0;0;0;0
FR;8;2021-05-31;0;0;0;0;0;0;0;0;0;0;0;0;0;0;0;0;0;0
FR;8;2021-06-01;0;0;0;0;0;0;0;0;0;0;0;0;0;0;0;0;0;0
FR;8;2021-06-02;0;0;0;0;0;0;0;0;0;0;0;0;0;0;0;0;0;0
FR;8;2021-06-03;0;0;0;0;0;0;0;0;0;0;0;0;0;0;0;0;0;0
FR;8;2021-06-04;0;0;0;0;0;0;0;0;0;0;0;0;0;0;0;0;0;0
FR;8;2021-06-05;0;0;0;0;0;0;0;0;0;0;0;0;0;0;0;0;0;0
FR;8;2021-06-06;0;0;0;0;0;0;0;0;0;0;0;0;0;0;0;0;0;0
FR;8;2021-06-07;0;0;0;0;0;0;0;0;0;0;0;0;0;0;0;0;0;0
FR;8;2021-06-08;0;0;0;0;0;0;0;0;0;0;0;0;0;0;0;0;0;0
FR;8;2021-06-09;0;0;0;0;0;0;0;0;0;0;0;0;0;0;0;0;0;0
FR;8;2021-06-10;0;0;0;0;0;0;0;0;0;0;0;0;0;0;0;0;0;0
FR;8;2021-06-11;0;0;0;0;0;0;0;0;0;0;0;0;0;0;0;0;0;0
FR;8;2021-06-12;0;0;0;0;0;0;0;0;0;0;0;0;0;0;0;0;0;0
FR;8;2021-06-13;0;0;0;0;0;0;0;0;0;0;0;0;0;0;0;0;0;0
FR;8;2021-06-14;0;0;0;0;0;0;0;0;0;0;0;0;0;0;0;0;0;0
FR;8;2021-06-15;0;0;0;0;0;0;0;0;0;0;0;0;0;0;0;0;0;0
FR;8;2021-06-16;0;0;0;0;0;0;0;0;0;0;0;0;0;0;0;0;0;0
FR;8;2021-06-17;0;0;0;0;0;0;0;0;0;0;0;0;0;0;0;0;0;0
FR;8;2021-06-18;0;0;0;0;0;0;0;0;0;0;0;0;0;0;0;0;0;0
FR;8;2021-06-19;0;0;0;0;0;0;0;0;0;0;0;0;0;0;0;0;0;0
FR;8;2021-06-20;0;0;0;0;0;0;0;0;0;0;0;0;0;0;0;0;0;0
FR;8;2021-06-21;0;0;0;0;0;0;0;0;0;0;0;0;0;0;0;0;0;0
FR;8;2021-06-22;0;0;0;0;0;0;0;0;0;0;0;0;0;0;0;0;0;0
FR;8;2021-06-23;0;0;0;0;0;0;0;0;0;0;0;0;0;0;0;0;0;0
FR;8;2021-06-24;0;0;0;0;0;0;0;0;0;0;0;0;0;0;0;0;0;0
FR;8;2021-06-25;0;0;0;0;0;0;0;0;0;0;0;0;0;0;0;0;0;0
FR;8;2021-06-26;0;0;0;0;0;0;0;0;0;0;0;0;0;0;0;0;0;0
FR;8;2021-06-27;0;0;0;0;0;0;0;0;0;0;0;0;0;0;0;0;0;0
FR;8;2021-06-28;0;0;0;0;0;0;0;0;0;0;0;0;0;0;0;0;0;0
FR;8;2021-06-29;0;0;0;0;0;0;0;0;0;0;0;0;0;0;0;0;0;0
FR;8;2021-06-30;0;0;0;0;0;0;0;0;0;0;0;0;0;0;0;0;0;0
FR;8;2021-07-01;0;0;0;0;0;0;0;0;0;0;0;0;0;0;0;0;0;0
FR;8;2021-07-02;0;0;0;0;0;0;0;0;0;0;0;0;0;0;0;0;0;0
FR;8;2021-07-03;0;0;0;0;0;0;0;0;0;0;0;0;0;0;0;0;0;0
FR;8;2021-07-04;0;0;0;0;0;0;0;0;0;0;0;0;0;0;0;0;0;0
FR;8;2021-07-05;0;0;0;0;0;0;0;0;0;0;0;0;0;0;0;0;0;0
FR;8;2021-07-06;0;0;0;0;0;0;0;0;0;0;0;0;0;0;0;0;0;0
FR;8;2021-07-07;0;0;0;0;0;0;0;0;0;0;0;0;0;0;0;0;0;0
FR;8;2021-07-08;0;0;0;0;0;0;0;0;0;0;0;0;0;0;0;0;0;0
FR;8;2021-07-09;0;0;0;0;0;0;0;0;0;0;0;0;0;0;0;0;0;0
FR;8;2021-07-10;0;0;0;0;0;0;0;0;0;0;0;0;0;0;0;0;0;0
FR;8;2021-07-11;0;0;0;0;0;0;0;0;0;0;0;0;0;0;0;0;0;0
FR;8;2021-07-12;0;0;0;0;0;0;0;0;0;0;0;0;0;0;0;0;0;0
FR;8;2021-07-13;0;0;0;0;0;0;0;0;0;0;0;0;0;0;0;0;0;0
FR;8;2021-07-14;0;0;0;0;0;0;0;0;0;0;0;0;0;0;0;0;0;0
FR;8;2021-07-15;0;0;0;0;0;0;0;0;0;0;0;0;0;0;0;0;0;0
FR;8;2021-07-16;0;0;0;0;0;0;0;0;0;0;0;0;0;0;0;0;0;0
FR;8;2021-07-17;0;0;0;0;0;0;0;0;0;0;0;0;0;0;0;0;0;0
FR;8;2021-07-18;0;0;0;0;0;0;0;0;0;0;0;0;0;0;0;0;0;0
FR;8;2021-07-19;0;0;0;0;0;0;0;0;0;0;0;0;0;0;0;0;0;0
FR;8;2021-07-20;0;0;0;0;0;0;0;0;0;0;0;0;0;0;0;0;0;0
FR;8;2021-07-21;0;0;0;0;0;0;0;0;0;0;0;0;0;0;0;0;0;0
FR;8;2021-07-22;0;0;0;0;0;0;0;0;0;0;0;0;0;0;0;0;0;0
FR;8;2021-07-23;0;0;0;0;0;0;0;0;0;0;0;0;0;0;0;0;0;0
FR;8;2021-07-24;0;0;0;0;0;0;0;0;0;0;0;0;0;0;0;0;0;0
FR;8;2021-07-25;0;0;0;0;0;0;0;0;0;0;0;0;0;0;0;0;0;0
FR;8;2021-07-26;0;0;0;0;0;0;0;0;0;0;0;0;0;0;0;0;0;0
FR;8;2021-07-27;0;0;0;0;0;0;0;0;0;0;0;0;0;0;0;0;0;0
FR;8;2021-07-28;0;0;0;0;0;0;0;0;0;0;0;0;0;0;0;0;0;0
FR;8;2021-07-29;0;0;0;0;0;0;0;0;0;0;0;0;0;0;0;0;0;0
FR;8;2021-07-30;0;0;0;0;0;0;0;0;0;0;0;0;0;0;0;0;0;0
FR;8;2021-07-31;0;0;0;0;0;0;0;0;0;0;0;0;0;0;0;0;0;0
FR;8;2021-08-01;0;0;0;0;0;0;0;0;0;0;0;0;0;0;0;0;0;0
FR;8;2021-08-02;0;0;0;0;0;0;0;0;0;0;0;0;0;0;0;0;0;0
FR;8;2021-08-03;0;0;0;0;0;0;0;0;0;0;0;0;0;0;0;0;0;0
FR;8;2021-08-04;0;0;0;0;0;0;0;0;0;0;0;0;0;0;0;0;0;0
FR;8;2021-08-05;0;0;0;0;0;0;0;0;0;0;0;0;0;0;0;0;0;0
FR;8;2021-08-06;0;0;0;0;0;0;0;0;0;0;0;0;0;0;0;0;0;0
FR;8;2021-08-07;0;0;0;0;0;0;0;0;0;0;0;0;0;0;0;0;0;0
FR;8;2021-08-08;0;0;0;0;0;0;0;0;0;0;0;0;0;0;0;0;0;0
FR;8;2021-08-09;0;0;0;0;0;0;0;0;0;0;0;0;0;0;0;0;0;0
FR;8;2021-08-10;0;0;0;0;0;0;0;0;0;0;0;0;0;0;0;0;0;0
FR;8;2021-08-11;0;0;0;0;0;0;0;0;0;0;0;0;0;0;0;0;0;0
FR;8;2021-08-12;0;0;0;0;0;0;0;0;0;0;0;0;0;0;0;0;0;0
FR;8;2021-08-13;0;0;0;0;0;0;0;0;0;0;0;0;0;0;0;0;0;0
FR;8;2021-08-14;0;0;0;0;0;0;0;0;0;0;0;0;0;0;0;0;0;0
FR;8;2021-08-15;0;0;0;0;0;0;0;0;0;0;0;0;0;0;0;0;0;0
FR;8;2021-08-16;0;0;0;0;0;0;0;0;0;0;0;0;0;0;0;0;0;0
FR;8;2021-08-17;0;0;0;0;0;0;0;0;0;0;0;0;0;0;0;0;0;0
FR;8;2021-08-18;0;0;0;0;0;0;0;0;0;0;0;0;0;0;0;0;0;0
FR;8;2021-08-19;0;0;0;0;0;0;0;0;0;0;0;0;0;0;0;0;0;0
FR;8;2021-08-20;0;0;0;0;0;0;0;0;0;0;0;0;0;0;0;0;0;0
FR;8;2021-08-21;0;0;0;0;0;0;0;0;0;0;0;0;0;0;0;0;0;0
FR;8;2021-08-22;0;0;0;0;0;0;0;0;0;0;0;0;0;0;0;0;0;0
FR;8;2021-08-23;0;0;0;0;0;0;0;0;0;0;0;0;0;0;0;0;0;0
FR;8;2021-08-24;0;0;0;0;0;0;0;0;0;0;0;0;0;0;0;0;0;0
FR;8;2021-08-25;0;0;0;0;0;0;0;0;0;0;0;0;0;0;0;0;0;0
FR;8;2021-08-26;0;0;0;0;0;0;0;0;0;0;0;0;0;0;0;0;0;0
FR;8;2021-08-27;0;0;0;0;0;0;0;0;0;0;0;0;0;0;0;0;0;0
FR;8;2021-08-28;0;0;0;0;0;0;0;0;0;0;0;0;0;0;0;0;0;0
FR;8;2021-08-29;0;0;0;0;0;0;0;0;0;0;0;0;0;0;0;0;0;0
FR;8;2021-08-30;0;0;0;0;0;0;0;0;0;0;0;0;0;0;0;0;0;0
FR;8;2021-08-31;0;0;0;0;0;0;0;0;0;0;0;0;0;0;0;0;0;0
FR;8;2021-09-01;0;0;0;0;0;0;0;0;0;0;0;0;0;0;0;0;0;0
FR;8;2021-09-02;0;0;0;0;0;0;0;0;0;0;0;0;0;0;0;0;0;0
FR;8;2021-09-03;0;0;0;0;0;0;0;0;0;0;0;0;0;0;0;0;0;0
FR;8;2021-09-04;0;0;0;0;0;0;0;0;0;0;0;0;0;0;0;0;0;0
FR;8;2021-09-05;0;0;0;0;0;0;0;0;0;0;0;0;0;0;0;0;0;0
FR;8;2021-09-06;0;0;0;0;0;0;0;0;0;0;0;0;0;0;0;0;0;0
FR;8;2021-09-07;0;0;0;0;0;0;0;0;0;0;0;0;0;0;0;0;0;0
FR;8;2021-09-08;0;0;0;0;0;0;0;0;0;0;0;0;0;0;0;0;0;0
FR;8;2021-09-09;0;0;0;0;0;0;0;0;0;0;0;0;0;0;0;0;0;0
FR;8;2021-09-10;0;0;0;0;0;0;0;0;0;0;0;0;0;0;0;0;0;0
FR;8;2021-09-11;0;0;0;0;0;0;0;0;0;0;0;0;0;0;0;0;0;0
FR;8;2021-09-12;0;0;0;0;0;0;0;0;0;0;0;0;0;0;0;0;0;0
FR;8;2021-09-13;0;0;0;0;0;0;0;0;0;0;0;0;0;0;0;0;0;0
FR;8;2021-09-14;0;0;0;0;0;0;0;0;0;0;0;0;0;0;0;0;0;0
FR;8;2021-09-15;0;0;0;0;0;0;0;0;0;0;0;0;0;0;0;0;0;0
FR;8;2021-09-16;0;0;0;0;0;0;0;0;0;0;0;0;0;0;0;0;0;0
FR;8;2021-09-17;0;0;0;0;0;0;0;0;0;0;0;0;0;0;0;0;0;0
FR;8;2021-09-18;0;0;0;0;0;0;0;0;0;0;0;0;0;0;0;0;0;0
FR;8;2021-09-19;0;0;0;0;0;0;0;0;0;0;0;0;0;0;0;0;0;0
FR;8;2021-09-20;0;0;0;0;0;0;0;0;0;0;0;0;0;0;0;0;0;0
FR;8;2021-09-21;0;0;0;0;0;0;0;0;0;0;0;0;0;0;0;0;0;0
FR;8;2021-09-22;0;0;0;0;0;0;0;0;0;0;0;0;0;0;0;0;0;0
FR;8;2021-09-23;0;0;0;0;0;0;0;0;0;0;0;0;0;0;0;0;0;0
FR;8;2021-09-24;0;0;0;0;0;0;0;0;0;0;0;0;0;0;0;0;0;0
FR;8;2021-09-25;0;0;0;0;0;0;0;0;0;0;0;0;0;0;0;0;0;0
FR;8;2021-09-26;0;0;0;0;0;0;0;0;0;0;0;0;0;0;0;0;0;0
FR;8;2021-09-27;0;0;0;0;0;0;0;0;0;0;0;0;0;0;0;0;0;0
FR;8;2021-09-28;0;0;0;0;0;0;0;0;0;0;0;0;0;0;0;0;0;0
FR;8;2021-09-29;0;0;0;0;0;0;0;0;0;0;0;0;0;0;0;0;0;0
FR;8;2021-09-30;0;0;0;0;0;0;0;0;0;0;0;0;0;0;0;0;0;0
FR;8;2021-10-01;0;0;0;0;0;0;0;0;0;0;0;0;0;0;0;0;0;0
FR;8;2021-10-02;0;0;0;0;0;0;0;0;0;0;0;0;0;0;0;0;0;0
FR;8;2021-10-03;0;0;0;0;0;0;0;0;0;0;0;0;0;0;0;0;0;0
FR;8;2021-10-04;0;0;0;0;0;0;0;0;0;0;0;0;0;0;0;0;0;0
FR;8;2021-10-05;0;0;0;0;0;0;0;0;0;0;0;0;0;0;0;0;0;0
FR;8;2021-10-06;0;0;0;0;0;0;0;0;0;0;0;0;0;0;0;0;0;0
FR;8;2021-10-07;0;0;0;0;0;0;0;0;0;0;0;0;0;0;0;0;0;0
FR;8;2021-10-08;0;0;0;0;0;0;0;0;0;0;0;0;0;0;0;0;0;0
FR;8;2021-10-09;0;0;0;0;0;0;0;0;0;0;0;0;0;0;0;0;0;0
FR;8;2021-10-10;0;0;0;0;0;0;0;0;0;0;0;0;0;0;0;0;0;0
FR;8;2021-10-11;0;0;0;0;0;0;0;0;0;0;0;0;0;0;0;0;0;0
FR;8;2021-10-12;0;0;0;0;0;0;0;0;0;0;0;0;0;0;0;0;0;0
FR;8;2021-10-13;0;0;0;0;0;0;0;0;0;0;0;0;0;0;0;0;0;0
FR;8;2021-10-14;0;0;0;0;0;0;0;0;0;0;0;0;0;0;0;0;0;0
FR;8;2021-10-15;0;0;0;0;0;0;0;0;0;0;0;0;0;0;0;0;0;0
FR;8;2021-10-16;0;0;0;0;0;0;0;0;0;0;0;0;0;0;0;0;0;0
FR;8;2021-10-17;0;0;0;0;0;0;0;0;0;0;0;0;0;0;0;0;0;0
FR;8;2021-10-18;0;0;0;0;0;0;0;0;0;0;0;0;0;0;0;0;0;0
FR;8;2021-10-19;0;0;0;0;0;0;0;0;0;0;0;0;0;0;0;0;0;0
FR;8;2021-10-20;0;0;0;0;0;0;0;0;0;0;0;0;0;0;0;0;0;0
FR;8;2021-10-21;0;0;0;0;0;0;0;0;0;0;0;0;0;0;0;0;0;0
FR;8;2021-10-22;0;0;0;0;0;0;0;0;0;0;0;0;0;0;0;0;0;0
FR;8;2021-10-23;0;0;0;0;0;0;0;0;0;0;0;0;0;0;0;0;0;0
FR;8;2021-10-24;0;0;0;0;0;0;0;0;0;0;0;0;0;0;0;0;0;0
FR;8;2021-10-25;0;0;0;0;0;0;0;0;0;0;0;0;0;0;0;0;0;0
FR;8;2021-10-26;0;0;0;0;0;0;0;0;0;0;0;0;0;0;0;0;0;0
FR;8;2021-10-27;0;0;0;0;0;0;0;0;0;0;0;0;0;0;0;0;0;0
FR;8;2021-10-28;0;0;0;0;0;0;0;0;0;0;0;0;0;0;0;0;0;0
FR;8;2021-10-29;0;0;0;0;0;0;0;0;0;0;0;0;0;0;0;0;0;0
FR;8;2021-10-30;0;0;0;0;0;0;0;0;0;0;0;0;0;0;0;0;0;0
FR;8;2021-10-31;0;0;0;0;0;0;0;0;0;0;0;0;0;0;0;0;0;0
FR;8;2021-11-01;0;0;0;0;0;0;0;0;0;0;0;0;0;0;0;0;0;0
FR;8;2021-11-02;0;0;0;0;0;0;0;0;0;0;0;0;0;0;0;0;0;0
FR;8;2021-11-03;0;0;0;0;0;0;0;0;0;0;0;0;0;0;0;0;0;0
FR;8;2021-11-04;0;0;0;0;0;0;0;0;0;0;0;0;0;0;0;0;0;0
FR;8;2021-11-05;0;0;0;0;0;0;0;0;0;0;0;0;0;0;0;0;0;0
FR;8;2021-11-06;0;0;0;0;0;0;0;0;0;0;0;0;0;0;0;0;0;0
FR;8;2021-11-07;0;0;0;0;0;0;0;0;0;0;0;0;0;0;0;0;0;0
FR;8;2021-11-08;0;0;0;0;0;0;0;0;0;0;0;0;0;0;0;0;0;0
FR;8;2021-11-09;0;0;0;0;0;0;0;0;0;0;0;0;0;0;0;0;0;0
FR;8;2021-11-10;0;0;0;0;0;0;0;0;0;0;0;0;0;0;0;0;0;0
FR;8;2021-11-11;0;0;0;0;0;0;0;0;0;0;0;0;0;0;0;0;0;0
FR;8;2021-11-12;0;0;0;0;0;0;0;0;0;0;0;0;0;0;0;0;0;0
FR;8;2021-11-13;0;0;0;0;0;0;0;0;0;0;0;0;0;0;0;0;0;0
FR;8;2021-11-14;0;0;0;0;0;0;0;0;0;0;0;0;0;0;0;0;0;0
FR;8;2021-11-15;0;0;0;0;0;0;0;0;0;0;0;0;0;0;0;0;0;0
FR;8;2021-11-16;0;0;0;0;0;0;0;0;0;0;0;0;0;0;0;0;0;0
FR;8;2021-11-17;0;0;0;0;0;0;0;0;0;0;0;0;0;0;0;0;0;0
FR;8;2021-11-18;0;0;0;0;0;0;0;0;0;0;0;0;0;0;0;0;0;0
FR;8;2021-11-19;0;0;0;0;0;0;0;0;0;0;0;0;0;0;0;0;0;0
FR;8;2021-11-20;0;0;0;0;0;0;0;0;0;0;0;0;0;0;0;0;0;0
FR;8;2021-11-21;0;0;0;0;0;0;0;0;0;0;0;0;0;0;0;0;0;0
FR;8;2021-11-22;0;0;0;0;0;0;0;0;0;0;0;0;0;0;0;0;0;0
FR;8;2021-11-23;0;0;0;0;0;0;0;0;0;0;0;0;0;0;0;0;0;0
FR;8;2021-11-24;0;0;0;0;0;0;0;0;0;0;0;0;0;0;0;0;0;0
FR;8;2021-11-25;0;0;0;0;0;0;0;0;0;0;0;0;0;0;0;0;0;0
FR;8;2021-11-26;0;0;0;0;0;0;0;0;0;0;0;0;0;0;0;0;0;0
FR;8;2021-11-27;0;0;0;0;0;0;0;0;0;0;0;0;0;0;0;0;0;0
FR;8;2021-11-28;0;0;0;0;0;0;0;0;0;0;0;0;0;0;0;0;0;0
FR;8;2021-11-29;0;0;0;0;0;0;0;0;0;0;0;0;0;0;0;0;0;0
FR;8;2021-11-30;0;0;0;0;0;0;0;0;0;0;0;0;0;0;0;0;0;0
FR;8;2021-12-01;0;0;0;0;0;0;0;0;0;0;0;0;0;0;0;0;0;0
FR;8;2021-12-02;0;0;0;0;0;0;0;0;0;0;0;0;0;0;0;0;0;0
FR;8;2021-12-03;0;0;0;0;0;0;0;0;0;0;0;0;0;0;0;0;0;0
FR;8;2021-12-04;0;0;0;0;0;0;0;0;0;0;0;0;0;0;0;0;0;0
FR;8;2021-12-05;0;0;0;0;0;0;0;0;0;0;0;0;0;0;0;0;0;0
FR;8;2021-12-06;0;0;0;0;0;0;0;0;0;0;0;0;0;0;0;0;0;0
FR;8;2021-12-07;0;0;0;0;0;0;0;0;0;0;0;0;0;0;0;0;0;0
FR;8;2021-12-08;0;0;0;0;0;0;0;0;0;0;0;0;0;0;0;0;0;0
FR;8;2021-12-09;0;0;0;0;0;0;0;0;0;0;0;0;0;0;0;0;0;0
FR;8;2021-12-10;0;0;0;0;0;0;0;0;0;0;0;0;0;0;0;0;0;0
FR;8;2021-12-11;0;0;0;0;0;0;0;0;0;0;0;0;0;0;0;0;0;0
FR;8;2021-12-12;0;0;0;0;0;0;0;0;0;0;0;0;0;0;0;0;0;0
FR;8;2021-12-13;0;0;0;0;0;0;0;0;0;0;0;0;0;0;0;0;0;0
FR;8;2021-12-14;0;0;0;0;0;0;0;0;0;0;0;0;0;0;0;0;0;0
FR;8;2021-12-15;0;0;0;0;0;0;0;0;0;0;0;0;0;0;0;0;0;0
FR;8;2021-12-16;0;0;0;0;0;0;0;0;0;0;0;0;0;0;0;0;0;0
FR;8;2021-12-17;0;0;0;0;0;0;0;0;0;0;0;0;0;0;0;0;0;0
FR;8;2021-12-18;0;0;0;0;0;0;0;0;0;0;0;0;0;0;0;0;0;0
FR;8;2021-12-19;0;0;0;0;0;0;0;0;0;0;0;0;0;0;0;0;0;0
FR;8;2021-12-20;0;0;0;0;0;0;0;0;0;0;0;0;0;0;0;0;0;0
FR;8;2021-12-21;0;0;0;0;0;0;0;0;0;0;0;0;0;0;0;0;0;0
FR;8;2021-12-22;0;0;0;0;0;0;0;0;0;0;0;0;0;0;0;0;0;0
FR;8;2021-12-23;0;0;0;0;0;0;0;0;0;0;0;0;0;0;0;0;0;0
FR;8;2021-12-24;0;0;0;0;0;0;0;0;0;0;0;0;0;0;0;0;0;0
FR;8;2021-12-25;0;0;0;0;0;0;0;0;0;0;0;0;0;0;0;0;0;0
FR;8;2021-12-26;0;0;0;0;0;0;0;0;0;0;0;0;0;0;0;0;0;0
FR;8;2021-12-27;0;0;0;0;0;0;0;0;0;0;0;0;0;0;0;0;0;0
FR;8;2021-12-28;0;0;0;0;0;0;0;0;0;0;0;0;0;0;0;0;0;0
FR;8;2021-12-29;0;0;0;0;0;0;0;0;0;0;0;0;0;0;0;0;0;0
FR;8;2021-12-30;0;0;0;0;0;0;0;0;0;0;0;0;0;0;0;0;0;0
FR;8;2021-12-31;0;0;0;0;0;0;0;0;0;0;0;0;0;0;0;0;0;0
FR;8;2022-01-01;0;0;0;0;0;0;0;0;0;0;0;0;0;0;0;0;0;0
FR;8;2022-01-02;0;0;0;0;0;0;0;0;0;0;0;0;0;0;0;0;0;0
FR;8;2022-01-03;0;0;0;0;0;0;0;0;0;0;0;0;0;0;0;0;0;0
FR;8;2022-01-04;0;0;0;0;0;0;0;0;0;0;0;0;0;0;0;0;0;0
FR;8;2022-01-05;0;0;0;0;0;0;0;0;0;0;0;0;0;0;0;0;0;0
FR;8;2022-01-06;0;0;0;0;0;0;0;0;0;0;0;0;0;0;0;0;0;0
FR;8;2022-01-07;0;0;0;0;0;0;0;0;0;0;0;0;0;0;0;0;0;0
FR;8;2022-01-08;0;0;0;0;0;0;0;0;0;0;0;0;0;0;0;0;0;0
FR;8;2022-01-09;0;0;0;0;0;0;0;0;0;0;0;0;0;0;0;0;0;0
FR;8;2022-01-10;0;0;0;0;0;0;0;0;0;0;0;0;0;0;0;0;0;0
FR;8;2022-01-11;0;0;0;0;0;0;0;0;0;0;0;0;0;0;0;0;0;0
FR;8;2022-01-12;0;0;0;0;0;0;0;0;0;0;0;0;0;0;0;0;0;0
FR;8;2022-01-13;0;0;0;0;0;0;0;0;0;0;0;0;0;0;0;0;0;0
FR;8;2022-01-14;0;0;0;0;0;0;0;0;0;0;0;0;0;0;0;0;0;0
FR;8;2022-01-15;0;0;0;0;0;0;0;0;0;0;0;0;0;0;0;0;0;0
FR;8;2022-01-16;0;0;0;0;0;0;0;0;0;0;0;0;0;0;0;0;0;0
FR;8;2022-01-17;0;0;0;0;0;0;0;0;0;0;0;0;0;0;0;0;0;0
FR;8;2022-01-18;0;0;0;0;0;0;0;0;0;0;0;0;0;0;0;0;0;0
FR;8;2022-01-19;0;0;0;0;0;0;0;0;0;0;0;0;0;0;0;0;0;0
FR;8;2022-01-20;0;0;0;0;0;0;0;0;0;0;0;0;0;0;0;0;0;0
FR;8;2022-01-21;0;0;0;0;0;0;0;0;0;0;0;0;0;0;0;0;0;0
FR;8;2022-01-22;0;0;0;0;0;0;0;0;0;0;0;0;0;0;0;0;0;0
FR;8;2022-01-23;0;0;0;0;0;0;0;0;0;0;0;0;0;0;0;0;0;0
FR;8;2022-01-24;0;0;0;0;0;0;0;0;0;0;0;0;0;0;0;0;0;0
FR;8;2022-01-25;0;0;0;0;0;0;0;0;0;0;0;0;0;0;0;0;0;0
FR;8;2022-01-26;0;0;0;0;0;0;0;0;0;0;0;0;0;0;0;0;0;0
FR;8;2022-01-27;0;0;0;0;0;0;0;0;0;0;0;0;0;0;0;0;0;0
FR;8;2022-01-28;0;0;0;0;0;0;0;0;0;0;0;0;0;0;0;0;0;0
FR;8;2022-01-29;0;0;0;0;0;0;0;0;0;0;0;0;0;0;0;0;0;0
FR;8;2022-01-30;0;0;0;0;0;0;0;0;0;0;0;0;0;0;0;0;0;0
FR;8;2022-01-31;0;0;0;0;0;0;0;0;0;0;0;0;0;0;0;0;0;0
FR;8;2022-02-01;0;0;0;0;0;0;0;0;0;0;0;0;0;0;0;0;0;0
FR;8;2022-02-02;0;0;0;0;0;0;0;0;0;0;0;0;0;0;0;0;0;0
FR;8;2022-02-03;0;0;0;0;0;0;0;0;0;0;0;0;0;0;0;0;0;0
FR;8;2022-02-04;0;0;0;0;0;0;0;0;0;0;0;0;0;0;0;0;0;0
FR;8;2022-02-05;0;0;0;0;0;0;0;0;0;0;0;0;0;0;0;0;0;0
FR;8;2022-02-06;0;0;0;0;0;0;0;0;0;0;0;0;0;0;0;0;0;0
FR;8;2022-02-07;0;0;0;0;0;0;0;0;0;0;0;0;0;0;0;0;0;0
FR;8;2022-02-08;0;0;0;0;0;0;0;0;0;0;0;0;0;0;0;0;0;0
FR;8;2022-02-09;0;0;0;0;0;0;0;0;0;0;0;0;0;0;0;0;0;0
FR;8;2022-02-10;0;0;0;0;0;0;0;0;0;0;0;0;0;0;0;0;0;0
FR;8;2022-02-11;0;0;0;0;0;0;0;0;0;0;0;0;0;0;0;0;0;0
FR;8;2022-02-12;0;0;0;0;0;0;0;0;0;0;0;0;0;0;0;0;0;0
FR;8;2022-02-13;0;0;0;0;0;0;0;0;0;0;0;0;0;0;0;0;0;0
FR;8;2022-02-14;0;0;0;0;0;0;0;0;0;0;0;0;0;0;0;0;0;0
FR;8;2022-02-15;0;0;0;0;0;0;0;0;0;0;0;0;0;0;0;0;0;0
FR;8;2022-02-16;0;0;0;0;0;0;0;0;0;0;0;0;0;0;0;0;0;0
FR;8;2022-02-17;0;0;0;0;0;0;0;0;0;0;0;0;0;0;0;0;0;0
FR;8;2022-02-18;0;0;0;0;0;0;0;0;0;0;0;0;0;0;0;0;0;0
FR;8;2022-02-19;0;0;0;0;0;0;0;0;0;0;0;0;0;0;0;0;0;0
FR;8;2022-02-20;0;0;0;0;0;0;0;0;0;0;0;0;0;0;0;0;0;0
FR;8;2022-02-21;0;0;0;0;0;0;0;0;0;0;0;0;0;0;0;0;0;0
FR;8;2022-02-22;0;0;0;0;0;0;0;0;0;0;0;0;0;0;0;0;0;0
FR;8;2022-02-23;0;0;0;0;0;0;0;0;0;0;0;0;0;0;0;0;0;0
FR;8;2022-02-24;0;0;0;0;0;0;0;0;0;0;0;0;0;0;0;0;0;0
FR;8;2022-02-25;0;0;0;0;0;0;0;0;0;0;0;0;0;0;0;0;0;0
FR;8;2022-02-26;0;0;0;0;0;0;0;0;0;0;0;0;0;0;0;0;0;0
FR;8;2022-02-27;0;0;0;0;0;0;0;0;0;0;0;0;0;0;0;0;0;0
FR;8;2022-02-28;0;0;0;0;0;0;0;0;0;0;0;0;0;0;0;0;0;0
FR;8;2022-03-01;0;0;0;0;0;0;0;0;0;0;0;0;0;0;0;0;0;0
FR;8;2022-03-02;0;0;0;0;0;0;0;0;0;0;0;0;0;0;0;0;0;0
FR;8;2022-03-03;0;0;0;0;0;0;0;0;0;0;0;0;0;0;0;0;0;0
FR;8;2022-03-04;0;0;0;0;0;0;0;0;0;0;0;0;0;0;0;0;0;0
FR;8;2022-03-05;0;0;0;0;0;0;0;0;0;0;0;0;0;0;0;0;0;0
FR;8;2022-03-06;0;0;0;0;0;0;0;0;0;0;0;0;0;0;0;0;0;0
FR;8;2022-03-07;0;0;0;0;0;0;0;0;0;0;0;0;0;0;0;0;0;0
FR;8;2022-03-08;0;0;0;0;0;0;0;0;0;0;0;0;0;0;0;0;0;0
FR;8;2022-03-09;0;0;0;0;0;0;0;0;0;0;0;0;0;0;0;0;0;0
FR;8;2022-03-10;0;0;0;0;0;0;0;0;0;0;0;0;0;0;0;0;0;0
FR;8;2022-03-11;0;0;0;0;0;0;0;0;0;0;0;0;0;0;0;0;0;0
FR;8;2022-03-12;0;0;0;0;0;0;0;0;0;0;0;0;0;0;0;0;0;0
FR;8;2022-03-13;0;0;0;0;0;0;0;0;0;0;0;0;0;0;0;0;0;0
FR;8;2022-03-14;0;0;0;0;0;0;0;0;0;0;0;0;0;0;0;0;0;0
FR;8;2022-03-15;0;0;0;0;0;0;0;0;0;0;0;0;0;0;0;0;0;0
FR;8;2022-03-16;0;0;0;0;0;0;0;0;0;0;0;0;0;0;0;0;0;0
FR;8;2022-03-17;0;0;0;0;0;0;0;0;0;0;0;0;0;0;0;0;0;0
FR;8;2022-03-18;0;0;0;0;0;0;0;0;0;0;0;0;0;0;0;0;0;0
FR;8;2022-03-19;0;0;0;0;0;0;0;0;0;0;0;0;0;0;0;0;0;0
FR;8;2022-03-20;0;0;0;0;0;0;0;0;0;0;0;0;0;0;0;0;0;0
FR;8;2022-03-21;0;0;0;0;0;0;0;0;0;0;0;0;0;0;0;0;0;0
FR;8;2022-03-22;0;0;0;0;0;0;0;0;0;0;0;0;0;0;0;0;0;0
FR;8;2022-03-23;0;0;0;0;0;0;0;0;0;0;0;0;0;0;0;0;0;0
FR;8;2022-03-24;0;0;0;0;0;0;0;0;0;0;0;0;0;0;0;0;0;0
FR;8;2022-03-25;0;0;0;0;0;0;0;0;0;0;0;0;0;0;0;0;0;0
FR;8;2022-03-26;0;0;0;0;0;0;0;0;0;0;0;0;0;0;0;0;0;0
FR;8;2022-03-27;0;0;0;0;0;0;0;0;0;0;0;0;0;0;0;0;0;0
FR;8;2022-03-28;0;0;0;0;0;0;0;0;0;0;0;0;0;0;0;0;0;0
FR;8;2022-03-29;0;0;0;0;0;0;0;0;0;0;0;0;0;0;0;0;0;0
FR;8;2022-03-30;0;0;0;0;0;0;0;0;0;0;0;0;0;0;0;0;0;0
FR;8;2022-03-31;0;0;0;0;0;0;0;0;0;0;0;0;0;0;0;0;0;0
FR;8;2022-04-01;0;0;0;0;0;0;0;0;0;0;0;0;0;0;0;0;0;0
FR;8;2022-04-02;0;0;0;0;0;0;0;0;0;0;0;0;0;0;0;0;0;0
FR;8;2022-04-03;0;0;0;0;0;0;0;0;0;0;0;0;0;0;0;0;0;0
FR;8;2022-04-04;0;0;0;0;0;0;0;0;0;0;0;0;0;0;0;0;0;0
FR;8;2022-04-05;0;0;0;0;0;0;0;0;0;0;0;0;0;0;0;0;0;0
FR;8;2022-04-06;0;0;0;0;0;0;0;0;0;0;0;0;0;0;0;0;0;0
FR;8;2022-04-07;0;0;0;0;0;0;0;0;0;0;0;0;0;0;0;0;0;0
FR;8;2022-04-08;0;0;0;0;0;0;0;0;0;0;0;0;0;0;0;0;0;0
FR;8;2022-04-09;0;0;0;0;0;0;0;0;0;0;0;0;0;0;0;0;0;0
FR;8;2022-04-10;0;0;0;0;0;0;0;0;0;0;0;0;0;0;0;0;0;0
FR;8;2022-04-11;0;0;0;0;0;0;0;0;0;0;0;0;0;0;0;0;0;0
FR;8;2022-04-12;0;0;0;0;0;0;0;0;0;0;0;0;0;0;0;0;0;0
FR;8;2022-04-13;0;0;0;0;0;0;0;0;0;0;0;0;0;0;0;0;0;0
FR;8;2022-04-14;0;0;0;0;0;0;0;0;0;0;0;0;0;0;0;0;0;0
FR;8;2022-04-15;0;0;0;0;0;0;0;0;0;0;0;0;0;0;0;0;0;0
FR;8;2022-04-16;0;0;0;0;0;0;0;0;0;0;0;0;0;0;0;0;0;0
FR;8;2022-04-17;0;0;0;0;0;0;0;0;0;0;0;0;0;0;0;0;0;0
FR;8;2022-04-18;0;0;0;0;0;0;0;0;0;0;0;0;0;0;0;0;0;0
FR;8;2022-04-19;0;0;0;0;0;0;0;0;0;0;0;0;0;0;0;0;0;0
FR;8;2022-04-20;0;0;0;0;0;0;0;0;0;0;0;0;0;0;0;0;0;0
FR;8;2022-04-21;0;0;0;0;0;0;0;0;0;0;0;0;0;0;0;0;0;0
FR;8;2022-04-22;0;0;0;0;0;0;0;0;0;0;0;0;0;0;0;0;0;0
FR;8;2022-04-23;0;0;0;0;0;0;0;0;0;0;0;0;0;0;0;0;0;0
FR;8;2022-04-24;0;0;0;0;0;0;0;0;0;0;0;0;0;0;0;0;0;0
FR;8;2022-04-25;0;0;0;0;0;0;0;0;0;0;0;0;0;0;0;0;0;0
FR;8;2022-04-26;0;0;0;0;0;0;0;0;0;0;0;0;0;0;0;0;0;0
FR;8;2022-04-27;0;0;0;0;0;0;0;0;0;0;0;0;0;0;0;0;0;0
FR;8;2022-04-28;0;0;0;0;0;0;0;0;0;0;0;0;0;0;0;0;0;0
FR;8;2022-04-29;0;0;0;0;0;0;0;0;0;0;0;0;0;0;0;0;0;0
FR;8;2022-04-30;0;0;0;0;0;0;0;0;0;0;0;0;0;0;0;0;0;0
FR;8;2022-05-01;0;0;0;0;0;0;0;0;0;0;0;0;0;0;0;0;0;0
FR;8;2022-05-02;0;0;0;0;0;0;0;0;0;0;0;0;0;0;0;0;0;0
FR;8;2022-05-03;0;0;0;0;0;0;0;0;0;0;0;0;0;0;0;0;0;0
FR;8;2022-05-04;0;0;0;0;0;0;0;0;0;0;0;0;0;0;0;0;0;0
FR;8;2022-05-05;0;0;0;0;0;0;0;0;0;0;0;0;0;0;0;0;0;0
FR;8;2022-05-06;0;0;0;0;0;0;0;0;0;0;0;0;0;0;0;0;0;0
FR;8;2022-05-07;0;0;0;0;0;0;0;0;0;0;0;0;0;0;0;0;0;0
FR;8;2022-05-08;0;0;0;0;0;0;0;0;0;0;0;0;0;0;0;0;0;0
FR;8;2022-05-09;0;0;0;0;0;0;0;0;0;0;0;0;0;0;0;0;0;0
FR;8;2022-05-10;0;0;0;0;0;0;0;0;0;0;0;0;0;0;0;0;0;0
FR;8;2022-05-11;0;0;0;0;0;0;0;0;0;0;0;0;0;0;0;0;0;0
FR;8;2022-05-12;0;0;0;0;0;0;0;0;0;0;0;0;0;0;0;0;0;0
FR;8;2022-05-13;0;0;0;0;0;0;0;0;0;0;0;0;0;0;0;0;0;0
FR;8;2022-05-14;0;0;0;0;0;0;0;0;0;0;0;0;0;0;0;0;0;0
FR;8;2022-05-15;0;0;0;0;0;0;0;0;0;0;0;0;0;0;0;0;0;0
FR;8;2022-05-16;0;0;0;0;0;0;0;0;0;0;0;0;0;0;0;0;0;0
FR;8;2022-05-17;0;0;0;0;0;0;0;0;0;0;0;0;0;0;0;0;0;0
FR;8;2022-05-18;0;0;0;0;0;0;0;0;0;0;0;0;0;0;0;0;0;0
FR;8;2022-05-19;0;0;0;0;0;0;0;0;0;0;0;0;0;0;0;0;0;0
FR;8;2022-05-20;0;0;0;0;0;0;0;0;0;0;0;0;0;0;0;0;0;0
FR;8;2022-05-21;0;0;0;0;0;0;0;0;0;0;0;0;0;0;0;0;0;0
FR;8;2022-05-22;0;0;0;0;0;0;0;0;0;0;0;0;0;0;0;0;0;0
FR;8;2022-05-23;0;0;0;0;0;0;0;0;0;0;0;0;0;0;0;0;0;0
FR;8;2022-05-24;0;0;0;0;0;0;0;0;0;0;0;0;0;0;0;0;0;0
FR;8;2022-05-25;0;0;0;0;0;0;0;0;0;0;0;0;0;0;0;0;0;0
FR;8;2022-05-26;0;0;0;0;0;0;0;0;0;0;0;0;0;0;0;0;0;0
FR;8;2022-05-27;0;0;0;0;0;0;0;0;0;0;0;0;0;0;0;0;0;0
FR;8;2022-05-28;0;0;0;0;0;0;0;0;0;0;0;0;0;0;0;0;0;0
FR;8;2022-05-29;0;0;0;0;0;0;0;0;0;0;0;0;0;0;0;0;0;0
FR;8;2022-05-30;0;0;0;0;0;0;0;0;0;0;0;0;0;0;0;0;0;0
FR;8;2022-05-31;0;0;0;0;0;0;0;0;0;0;0;0;0;0;0;0;0;0
FR;8;2022-06-01;0;0;0;0;0;0;0;0;0;0;0;0;0;0;0;0;0;0
FR;8;2022-06-02;0;0;0;0;0;0;0;0;0;0;0;0;0;0;0;0;0;0
FR;8;2022-06-03;0;0;0;0;0;0;0;0;0;0;0;0;0;0;0;0;0;0
FR;8;2022-06-04;0;0;0;0;0;0;0;0;0;0;0;0;0;0;0;0;0;0
FR;8;2022-06-05;0;0;0;0;0;0;0;0;0;0;0;0;0;0;0;0;0;0
FR;8;2022-06-06;0;0;0;0;0;0;0;0;0;0;0;0;0;0;0;0;0;0
FR;8;2022-06-07;0;0;0;0;0;0;0;0;0;0;0;0;0;0;0;0;0;0
FR;8;2022-06-08;0;0;0;0;0;0;0;0;0;0;0;0;0;0;0;0;0;0
FR;8;2022-06-09;0;0;0;0;0;0;0;0;0;0;0;0;0;0;0;0;0;0
FR;8;2022-06-10;0;0;0;0;0;0;0;0;0;0;0;0;0;0;0;0;0;0
FR;8;2022-06-11;0;0;0;0;0;0;0;0;0;0;0;0;0;0;0;0;0;0
FR;8;2022-06-12;0;0;0;0;0;0;0;0;0;0;0;0;0;0;0;0;0;0
FR;8;2022-06-13;0;0;0;0;0;0;0;0;0;0;0;0;0;0;0;0;0;0
FR;8;2022-06-14;0;0;0;0;0;0;0;0;0;0;0;0;0;0;0;0;0;0
FR;8;2022-06-15;0;0;0;0;0;0;0;0;0;0;0;0;0;0;0;0;0;0
FR;8;2022-06-16;0;0;0;0;0;0;0;0;0;0;0;0;0;0;0;0;0;0
FR;8;2022-06-17;0;0;0;0;0;0;0;0;0;0;0;0;0;0;0;0;0;0
FR;8;2022-06-18;0;0;0;0;0;0;0;0;0;0;0;0;0;0;0;0;0;0
FR;8;2022-06-19;0;0;0;0;0;0;0;0;0;0;0;0;0;0;0;0;0;0
FR;8;2022-06-20;0;0;0;0;0;0;0;0;0;0;0;0;0;0;0;0;0;0
FR;8;2022-06-21;0;0;0;0;0;0;0;0;0;0;0;0;0;0;0;0;0;0
FR;8;2022-06-22;0;0;0;0;0;0;0;0;0;0;0;0;0;0;0;0;0;0
FR;8;2022-06-23;0;0;0;0;0;0;0;0;0;0;0;0;0;0;0;0;0;0
FR;8;2022-06-24;0;0;0;0;0;0;0;0;0;0;0;0;0;0;0;0;0;0
FR;8;2022-06-25;0;0;0;0;0;0;0;0;0;0;0;0;0;0;0;0;0;0
FR;8;2022-06-26;0;0;0;0;0;0;0;0;0;0;0;0;0;0;0;0;0;0
FR;8;2022-06-27;0;0;0;0;0;0;0;0;0;0;0;0;0;0;0;0;0;0
FR;8;2022-06-28;0;0;0;0;0;0;0;0;0;0;0;0;0;0;0;0;0;0
FR;8;2022-06-29;0;0;0;0;0;0;0;0;0;0;0;0;0;0;0;0;0;0
FR;8;2022-06-30;0;0;0;0;0;0;0;0;0;0;0;0;0;0;0;0;0;0
FR;8;2022-07-01;0;0;0;0;0;0;0;0;0;0;0;0;0;0;0;0;0;0
FR;8;2022-07-02;0;0;0;0;0;0;0;0;0;0;0;0;0;0;0;0;0;0
FR;8;2022-07-03;0;0;0;0;0;0;0;0;0;0;0;0;0;0;0;0;0;0
FR;8;2022-07-04;0;0;0;0;0;0;0;0;0;0;0;0;0;0;0;0;0;0
FR;8;2022-07-05;0;0;0;0;0;0;0;0;0;0;0;0;0;0;0;0;0;0
FR;8;2022-07-06;0;0;0;0;0;0;0;0;0;0;0;0;0;0;0;0;0;0
FR;8;2022-07-07;0;0;0;0;0;0;0;0;0;0;0;0;0;0;0;0;0;0
FR;8;2022-07-08;0;0;0;0;0;0;0;0;0;0;0;0;0;0;0;0;0;0
FR;8;2022-07-09;0;0;0;0;0;0;0;0;0;0;0;0;0;0;0;0;0;0
FR;8;2022-07-10;0;0;0;0;0;0;0;0;0;0;0;0;0;0;0;0;0;0
FR;8;2022-07-11;0;0;0;0;0;0;0;0;0;0;0;0;0;0;0;0;0;0
FR;8;2022-07-12;0;0;0;0;0;0;0;0;0;0;0;0;0;0;0;0;0;0
FR;8;2022-07-13;0;0;0;0;0;0;0;0;0;0;0;0;0;0;0;0;0;0
FR;8;2022-07-14;0;0;0;0;0;0;0;0;0;0;0;0;0;0;0;0;0;0
FR;8;2022-07-15;0;0;0;0;0;0;0;0;0;0;0;0;0;0;0;0;0;0
FR;8;2022-07-16;0;0;0;0;0;0;0;0;0;0;0;0;0;0;0;0;0;0
FR;8;2022-07-17;0;0;0;0;0;0;0;0;0;0;0;0;0;0;0;0;0;0
FR;8;2022-07-18;0;0;0;0;0;0;0;0;0;0;0;0;0;0;0;0;0;0
FR;8;2022-07-19;0;0;0;0;0;0;0;0;0;0;0;0;0;0;0;0;0;0
FR;8;2022-07-20;0;0;0;0;0;0;0;0;0;0;0;0;0;0;0;0;0;0
FR;8;2022-07-21;0;0;0;0;0;0;0;0;0;0;0;0;0;0;0;0;0;0
FR;8;2022-07-22;0;0;0;0;0;0;0;0;0;0;0;0;0;0;0;0;0;0
FR;8;2022-07-23;0;0;0;0;0;0;0;0;0;0;0;0;0;0;0;0;0;0
FR;8;2022-07-24;0;0;0;0;0;0;0;0;0;0;0;0;0;0;0;0;0;0
FR;8;2022-07-25;0;0;0;0;0;0;0;0;0;0;0;0;0;0;0;0;0;0
FR;8;2022-07-26;0;0;0;0;0;0;0;0;0;0;0;0;0;0;0;0;0;0
FR;8;2022-07-27;0;0;0;0;0;0;0;0;0;0;0;0;0;0;0;0;0;0
FR;8;2022-07-28;0;0;0;0;0;0;0;0;0;0;0;0;0;0;0;0;0;0
FR;8;2022-07-29;0;0;0;0;0;0;0;0;0;0;0;0;0;0;0;0;0;0
FR;8;2022-07-30;0;0;0;0;0;0;0;0;0;0;0;0;0;0;0;0;0;0
FR;8;2022-07-31;0;0;0;0;0;0;0;0;0;0;0;0;0;0;0;0;0;0
FR;8;2022-08-01;0;0;0;0;0;0;0;0;0;0;0;0;0;0;0;0;0;0
FR;8;2022-08-02;0;0;0;0;0;0;0;0;0;0;0;0;0;0;0;0;0;0
FR;8;2022-08-03;0;0;0;0;0;0;0;0;0;0;0;0;0;0;0;0;0;0
FR;8;2022-08-04;0;0;0;0;0;0;0;0;0;0;0;0;0;0;0;0;0;0
FR;8;2022-08-05;0;0;0;0;0;0;0;0;0;0;0;0;0;0;0;0;0;0
FR;8;2022-08-06;0;0;0;0;0;0;0;0;0;0;0;0;0;0;0;0;0;0
FR;8;2022-08-07;0;0;0;0;0;0;0;0;0;0;0;0;0;0;0;0;0;0
FR;8;2022-08-08;0;0;0;0;0;0;0;0;0;0;0;0;0;0;0;0;0;0
FR;8;2022-08-09;0;0;0;0;0;0;0;0;0;0;0;0;0;0;0;0;0;0
FR;8;2022-08-10;0;0;0;0;0;0;0;0;0;0;0;0;0;0;0;0;0;0
FR;8;2022-08-11;0;0;0;0;0;0;0;0;0;0;0;0;0;0;0;0;0;0
FR;8;2022-08-12;0;0;0;0;0;0;0;0;0;0;0;0;0;0;0;0;0;0
FR;8;2022-08-13;0;0;0;0;0;0;0;0;0;0;0;0;0;0;0;0;0;0
FR;8;2022-08-14;0;0;0;0;0;0;0;0;0;0;0;0;0;0;0;0;0;0
FR;8;2022-08-15;0;0;0;0;0;0;0;0;0;0;0;0;0;0;0;0;0;0
FR;8;2022-08-16;0;0;0;0;0;0;0;0;0;0;0;0;0;0;0;0;0;0
FR;8;2022-08-17;0;0;0;0;0;0;0;0;0;0;0;0;0;0;0;0;0;0
FR;8;2022-08-18;0;0;0;0;0;0;0;0;0;0;0;0;0;0;0;0;0;0
FR;8;2022-08-19;0;0;0;0;0;0;0;0;0;0;0;0;0;0;0;0;0;0
FR;8;2022-08-20;0;0;0;0;0;0;0;0;0;0;0;0;0;0;0;0;0;0
FR;8;2022-08-21;0;0;0;0;0;0;0;0;0;0;0;0;0;0;0;0;0;0
FR;8;2022-08-22;0;0;0;0;0;0;0;0;0;0;0;0;0;0;0;0;0;0
FR;8;2022-08-23;0;0;0;0;0;0;0;0;0;0;0;0;0;0;0;0;0;0
FR;8;2022-08-24;0;0;0;0;0;0;0;0;0;0;0;0;0;0;0;0;0;0
FR;8;2022-08-25;0;0;0;0;0;0;0;0;0;0;0;0;0;0;0;0;0;0
FR;8;2022-08-26;0;0;0;0;0;0;0;0;0;0;0;0;0;0;0;0;0;0
FR;8;2022-08-27;0;0;0;0;0;0;0;0;0;0;0;0;0;0;0;0;0;0
FR;8;2022-08-28;0;0;0;0;0;0;0;0;0;0;0;0;0;0;0;0;0;0
FR;8;2022-08-29;0;0;0;0;0;0;0;0;0;0;0;0;0;0;0;0;0;0
FR;8;2022-08-30;0;0;0;0;0;0;0;0;0;0;0;0;0;0;0;0;0;0
FR;8;2022-08-31;0;0;0;0;0;0;0;0;0;0;0;0;0;0;0;0;0;0
FR;8;2022-09-01;0;0;0;0;0;0;0;0;0;0;0;0;0;0;0;0;0;0
FR;8;2022-09-02;0;0;0;0;0;0;0;0;0;0;0;0;0;0;0;0;0;0
FR;8;2022-09-03;0;0;0;0;0;0;0;0;0;0;0;0;0;0;0;0;0;0
FR;8;2022-09-04;0;0;0;0;0;0;0;0;0;0;0;0;0;0;0;0;0;0
FR;8;2022-09-05;0;0;0;0;0;0;0;0;0;0;0;0;0;0;0;0;0;0
FR;8;2022-09-06;0;0;0;0;0;0;0;0;0;0;0;0;0;0;0;0;0;0
FR;8;2022-09-07;0;0;0;0;0;0;0;0;0;0;0;0;0;0;0;0;0;0
FR;8;2022-09-08;0;0;0;0;0;0;0;0;0;0;0;0;0;0;0;0;0;0
FR;8;2022-09-09;0;0;0;0;0;0;0;0;0;0;0;0;0;0;0;0;0;0
FR;8;2022-09-10;0;0;0;0;0;0;0;0;0;0;0;0;0;0;0;0;0;0
FR;8;2022-09-11;0;0;0;0;0;0;0;0;0;0;0;0;0;0;0;0;0;0
FR;8;2022-09-12;0;0;0;0;0;0;0;0;0;0;0;0;0;0;0;0;0;0
FR;8;2022-09-13;0;0;0;0;0;0;0;0;0;0;0;0;0;0;0;0;0;0
FR;8;2022-09-14;0;0;0;0;0;0;0;0;0;0;0;0;0;0;0;0;0;0
FR;8;2022-09-15;0;0;0;0;0;0;0;0;0;0;0;0;0;0;0;0;0;0
FR;8;2022-09-16;0;0;0;0;0;0;0;0;0;0;0;0;0;0;0;0;0;0
FR;8;2022-09-17;0;0;0;0;0;0;0;0;0;0;0;0;0;0;0;0;0;0
FR;8;2022-09-18;0;0;0;0;0;0;0;0;0;0;0;0;0;0;0;0;0;0
FR;8;2022-09-19;0;0;0;0;0;0;0;0;0;0;0;0;0;0;0;0;0;0
FR;8;2022-09-20;0;0;0;0;0;0;0;0;0;0;0;0;0;0;0;0;0;0
FR;8;2022-09-21;0;0;0;0;0;0;0;0;0;0;0;0;0;0;0;0;0;0
FR;8;2022-09-22;0;0;0;0;0;0;0;0;0;0;0;0;0;0;0;0;0;0
FR;8;2022-09-23;0;0;0;0;0;0;0;0;0;0;0;0;0;0;0;0;0;0
FR;8;2022-09-24;0;0;0;0;0;0;0;0;0;0;0;0;0;0;0;0;0;0
FR;8;2022-09-25;0;0;0;0;0;0;0;0;0;0;0;0;0;0;0;0;0;0
FR;8;2022-09-26;0;0;0;0;0;0;0;0;0;0;0;0;0;0;0;0;0;0
FR;8;2022-09-27;0;0;0;0;0;0;0;0;0;0;0;0;0;0;0;0;0;0
FR;8;2022-09-28;0;0;0;0;0;0;0;0;0;0;0;0;0;0;0;0;0;0
FR;8;2022-09-29;0;0;0;0;0;0;0;0;0;0;0;0;0;0;0;0;0;0
FR;8;2022-09-30;0;0;0;0;0;0;0;0;0;0;0;0;0;0;0;0;0;0
FR;8;2022-10-01;0;0;0;0;0;0;0;0;0;0;0;0;0;0;0;0;0;0
FR;8;2022-10-02;0;0;0;0;0;0;0;0;0;0;0;0;0;0;0;0;0;0
FR;8;2022-10-03;0;0;0;0;0;0;0;0;0;0;0;0;0;0;0;0;0;0
FR;8;2022-10-04;0;0;0;0;0;0;0;0;0;0;0;0;0;0;0;0;0;0
FR;8;2022-10-05;0;0;0;0;0;0;0;0;0;0;0;0;0;0;0;0;0;0
FR;8;2022-10-06;14;17;113;861;8;83;866;1059;110;14;17;113;861;8;83;866;1059;110
FR;8;2022-10-07;75;103;842;8012;63;699;8066;9845;1073;89;120;955;8873;71;782;8932;10904;1183
FR;8;2022-10-08;37;115;610;4057;50;516;4109;5310;676;126;235;1565;12930;121;1298;13041;16214;1859
FR;8;2022-10-09;17;22;145;885;13;132;913;1234;185;143;257;1710;13815;134;1430;13954;17448;2044
FR;8;2022-10-10;128;192;1351;12751;106;1044;12982;16301;2253;271;449;3061;26566;240;2474;26936;33749;4297
FR;8;2022-10-11;205;264;2476;26927;136;2012;27198;33964;4717;476;713;5537;53493;376;4486;54134;67713;9014
FR;8;2022-10-12;164;258;1831;18238;152;1441;18474;23474;3535;640;971;7368;71731;528;5927;72608;91187;12549
FR;8;2022-10-13;209;281;2512;28077;178;1905;28441;35580;5206;849;1252;9880;99808;706;7832;101049;126767;17755
FR;8;2022-10-14;257;419;3272;36247;241;2557;36672;45578;6307;1106;1671;13152;136055;947;10389;137721;172345;24062
FR;8;2022-10-15;105;182;1203;8806;79;1002;8932;11783;1829;1211;1853;14355;144861;1026;11391;146653;184128;25891
FR;8;2022-10-16;34;54;248;1522;26;215;1557;2179;402;1245;1907;14603;146383;1052;11606;148210;186307;26293
FR;8;2022-10-17;159;313;2101;21806;175;1631;22113;28301;4535;1404;2220;16704;168189;1227;13237;170323;214608;30828
FR;8;2022-10-18;276;350;3356;37862;227;2654;38245;50787;9815;1680;2570;20060;206051;1454;15891;208568;265395;40643
FR;8;2022-10-19;205;314;2632;28300;183;2187;28621;38731;7862;1885;2884;22692;234351;1637;18078;237189;304126;48505
FR;8;2022-10-20;257;368;3577;41211;229;2653;41816;55722;11168;2142;3252;26269;275562;1866;20731;279005;359848;59673
FR;8;2022-10-21;325;489;4461;49420;276;3475;50019;66310;12717;2467;3741;30730;324982;2142;24206;329024;426158;72390
FR;8;2022-10-22;127;168;1230;10665;111;927;10851;14746;2949;2594;3909;31960;335647;2253;25133;339875;440904;75339
FR;8;2022-10-23;50;53;266;1762;48;197;1841;2610;571;2644;3962;32226;337409;2301;25330;341716;443514;75910
FR;8;2022-10-24;231;312;2475;24047;175;2074;24345;33555;7085;2875;4274;34701;361456;2476;27404;366061;477069;82995
FR;8;2022-10-25;307;417;4082;43467;257;3138;44066;61317;14010;3182;4691;38783;404923;2733;30542;410127;538386;97005
FR;8;2022-10-26;228;343;2885;28761;187;2381;29040;41472;9963;3410;5034;41668;433684;2920;32923;439167;579858;106968
FR;8;2022-10-27;277;415;3330;36200;243;2636;36676;51266;11889;3687;5449;44998;469884;3163;35559;475843;631124;118857
FR;8;2022-10-28;329;466;3829;39480;259;2864;40203;55137;12001;4016;5915;48827;509364;3422;38423;516046;686261;130858
FR;8;2022-10-29;113;165;1074;8230;94;803;8374;11861;2667;4129;6080;49901;517594;3516;39226;524420;698122;133525
FR;8;2022-10-30;40;53;210;1348;38;180;1394;2063;485;4169;6133;50111;518942;3554;39406;525814;700185;134010
FR;8;2022-10-31;196;260;1665;14543;145;1277;14808;21209;5106;4365;6393;51776;533485;3699;40683;540622;721394;139116
FR;8;2022-11-01;50;43;137;963;25;171;978;1626;474;4415;6436;51913;534448;3724;40854;541600;723020;139590
FR;8;2022-11-02;199;371;2377;23320;206;1982;23716;35074;9309;4614;6807;54290;557768;3930;42836;565316;758094;148899
FR;8;2022-11-03;310;419;3487;36969;260;2604;37614;54693;14376;4924;7226;57777;594737;4190;45440;602930;812787;163275
FR;8;2022-11-04;357;497;3784;40210;262;2976;40733;57999;14179;5281;7723;61561;634947;4452;48416;643663;870786;177454
FR;8;2022-11-05;113;189;1103;8770;123;850;8937;12893;3071;5394;7912;62664;643717;4575;49266;652600;883679;180525
FR;8;2022-11-06;45;56;224;1409;38;205;1442;2250;593;5439;7968;62888;645126;4613;49471;654042;885929;181118
FR;8;2022-11-07;274;281;2324;24845;208;1799;25433;37636;10336;5713;8249;65212;669971;4821;51270;679475;923565;191454
FR;8;2022-11-08;374;508;4340;48422;308;3274;49403;71665;18826;6087;8757;69552;718393;5129;54544;728878;995230;210280
FR;8;2022-11-09;269;370;2879;29183;212;2263;29868;44486;12271;6356;9127;72431;747576;5341;56807;758746;1039716;222551
FR;8;2022-11-10;370;549;3958;40300;317;3035;41211;60598;16212;6726;9676;76389;787876;5658;59842;799957;1100314;238763
FR;8;2022-11-11;40;66;243;1480;37;204;1526;2676;933;6766;9742;76632;789356;5695;60046;801483;1102990;239696
FR;8;2022-11-12;84;166;881;6433;80;687;6636;9894;2552;6850;9908;77513;795789;5775;60733;808119;1112884;242248
FR;8;2022-11-13;36;56;213;1110;37;173;1162;1927;586;6886;9964;77726;796899;5812;60906;809281;1114811;242834
FR;8;2022-11-14;237;307;2243;22462;168;1726;23004;35118;10313;7123;10271;79969;819361;5980;62632;832285;1149929;253147
FR;8;2022-11-15;353;432;3765;42376;266;2875;43284;64845;18552;7476;10703;83734;861737;6246;65507;875569;1214774;271699
FR;8;2022-11-16;313;353;2622;26556;221;2158;27030;41771;12498;7789;11056;86356;888293;6467;67665;902599;1256545;284197
FR;8;2022-11-17;373;431;3388;36884;293;2620;37465;56684;16500;8162;11487;89744;925177;6760;70285;940064;1313229;300697
FR;8;2022-11-18;346;468;4073;42326;290;2977;43177;63687;17429;8508;11955;93817;967503;7050;73262;983241;1376916;318126
FR;8;2022-11-19;121;182;1198;8974;121;844;9156;13833;3795;8629;12137;95015;976477;7171;74106;992397;1390749;321921
FR;8;2022-11-20;35;55;260;1585;39;217;1653;2663;788;8664;12192;95275;978062;7210;74323;994050;1393412;322709
FR;8;2022-11-21;218;303;2078;20128;178;1601;20660;32198;9870;8882;12495;97353;998190;7388;75924;1014710;1425610;332579
FR;8;2022-11-22;338;409;3477;37571;252;2675;38088;58212;17338;9220;12904;100830;1035761;7640;78599;1052798;1483822;349917
FR;8;2022-11-23;234;327;2415;24441;192;2018;24871;39252;12281;9454;13231;103245;1060202;7832;80617;1077669;1523074;362198
FR;8;2022-11-24;352;391;3373;34921;238;2581;35608;55385;17097;9806;13622;106618;1095123;8070;83198;1113277;1578459;379295
FR;8;2022-11-25;311;428;3633;37739;291;2625;38537;57858;16572;10117;14050;110251;1132862;8361;85823;1151814;1636317;395867
FR;8;2022-11-26;172;195;1177;8819;127;898;8976;13689;3784;10289;14245;111428;1141681;8488;86721;1160790;1650006;399651
FR;8;2022-11-27;45;43;227;1545;38;180;1561;2472;721;10334;14288;111655;1143226;8526;86901;1162351;1652478;400372
FR;8;2022-11-28;184;301;2309;23385;172;1703;24049;37337;11511;10518;14589;113964;1166611;8698;88604;1186400;1689815;411883
FR;8;2022-11-29;293;430;3978;44084;218;2944;44770;69163;21326;10811;15019;117942;1210695;8916;91548;1231170;1758978;433209
FR;8;2022-11-30;284;413;3377;34889;230;2545;35653;54727;16411;11095;15432;121319;1245584;9146;94093;1266823;1813705;449620
FR;8;2022-12-01;334;476;4478;49383;274;3132;50161;77757;24301;11429;15908;125797;1294967;9420;97225;1316984;1891462;473921
FR;8;2022-12-02;410;521;5438;58452;307;3742;59629;89818;26257;11839;16429;131235;1353419;9727;100967;1376613;1981280;500178
FR;8;2022-12-03;178;218;1918;16861;108;1328;17273;25844;7207;12017;16647;133153;1370280;9835;102295;1393886;2007124;507385
FR;8;2022-12-04;54;90;489;4056;59;404;4116;6288;1756;12071;16737;133642;1374336;9894;102699;1398002;2013412;509141
FR;8;2022-12-05;300;407;3850;42365;250;2517;43288;66943;20989;12371;17144;137492;1416701;10144;105216;1441290;2080355;530130
FR;8;2022-12-06;430;555;6299;74323;313;4214;75742;117945;37743;12801;17699;143791;1491024;10457;109430;1517032;2198300;567873
FR;8;2022-12-07;365;438;4909;55038;266;3244;56128;87717;28150;13166;18137;148700;1546062;10723;112674;1573160;2286017;596023
FR;8;2022-12-08;454;541;6447;75453;299;4197;77035;120480;38987;13620;18678;155147;1621515;11022;116871;1650195;2406497;635010
FR;8;2022-12-09;546;608;8021;90902;360;5215;92671;143024;44869;14166;19286;163168;1712417;11382;122086;1742866;2549521;679879
FR;8;2022-12-10;264;368;3341;31718;235;2089;32564;48738;13994;14430;19654;166509;1744135;11617;124175;1775430;2598259;693873
FR;8;2022-12-11;90;106;938;7866;67;645;8085;11895;3145;14520;19760;167447;1752001;11684;124820;1783515;2610154;697018
FR;8;2022-12-12;356;465;5859;64351;256;3730;65862;103407;33617;14876;20225;173306;1816352;11940;128550;1849377;2713561;730635
FR;8;2022-12-13;537;611;8430;99119;359;5206;101559;160225;53125;15413;20836;181736;1915471;12299;133756;1950936;2873786;783760
FR;8;2022-12-14;458;535;6363;70058;308;4213;71642;113506;37381;15871;21371;188099;1985529;12607;137969;2022578;2987292;821141
FR;8;2022-12-15;493;663;8161;91749;378;5142;93960;149264;49821;16364;22034;196260;2077278;12985;143111;2116538;3136556;870962
FR;8;2022-12-16;580;714;8876;100320;390;5709;102450;161938;53404;16944;22748;205136;2177598;13375;148820;2218988;3298494;924366
FR;8;2022-12-17;235;309;3145;30073;192;2004;30842;46782;13831;17179;23057;208281;2207671;13567;150824;2249830;3345276;938197
FR;8;2022-12-18;63;94;732;5975;50;499;6124;9309;2657;17242;23151;209013;2213646;13617;151323;2255954;3354585;940854
FR;8;2022-12-19;402;453;5344;53772;265;3368;55335;87773;28888;17644;23604;214357;2267418;13882;154691;2311289;3442358;969742
FR;8;2022-12-20;555;582;7347;76591;349;4755;78688;127126;43355;18199;24186;221704;2344009;14231;159446;2389977;3569484;1013097
FR;8;2022-12-21;426;482;4970;48810;288;3325;50102;81792;28167;18625;24668;226674;2392819;14519;162771;2440079;3651276;1041264
FR;8;2022-12-22;463;526;4589;44284;315;3188;45504;74796;25949;19088;25194;231263;2437103;14834;165959;2485583;3726072;1067213
FR;8;2022-12-23;321;391;2886;25049;254;2101;25697;42333;14417;19409;25585;234149;2462152;15088;168060;2511280;3768405;1081630
FR;8;2022-12-24;70;70;395;2551;41;295;2665;4151;1174;19479;25655;234544;2464703;15129;168355;2513945;3772556;1082804
FR;8;2022-12-25;29;30;106;546;22;84;567;914;260;19508;25685;234650;2465249;15151;168439;2514512;3773470;1083064
FR;8;2022-12-26;245;278;2158;16091;180;1507;16705;26811;8504;19753;25963;236808;2481340;15331;169946;2531217;3800281;1091568
FR;8;2022-12-27;393;453;3776;32422;265;2534;33517;55333;19135;20146;26416;240584;2513762;15596;172480;2564734;3855614;1110703
FR;8;2022-12-28;345;343;2942;24667;192;2056;25255;41768;14337;20491;26759;243526;2538429;15788;174536;2589989;3897382;1125040
FR;8;2022-12-29;298;409;3159;25513;227;2187;26465;43973;15191;20789;27168;246685;2563942;16015;176723;2616454;3941355;1140231
FR;8;2022-12-30;300;344;2445;18677;217;1703;19319;31742;10612;21089;27512;249130;2582619;16232;178426;2635773;3973097;1150843
FR;8;2022-12-31;92;117;453;2959;75;364;3102;4755;1269;21181;27629;249583;2585578;16307;178790;2638875;3977852;1152112
FR;8;2023-01-01;17;30;112;661;14;85;684;995;225;21198;27659;249695;2586239;16321;178875;2639559;3978847;1152337
FR;8;2023-01-02;280;413;2267;18226;244;1615;18686;32080;11694;21478;28072;251962;2604465;16565;180490;2658245;4010927;1164031
FR;8;2023-01-03;474;546;4251;42808;326;2915;43724;80860;33898;21952;28618;256213;2647273;16891;183405;2701969;4091787;1197929
FR;8;2023-01-04;413;479;3495;29986;296;2426;30741;58281;24927;22365;29097;259708;2677259;17187;185831;2732710;4150068;1222856
FR;8;2023-01-05;504;599;4370;41818;400;2934;42710;82012;36048;22869;29696;264078;2719077;17587;188765;2775420;4232080;1258904
FR;8;2023-01-06;516;671;5108;46737;406;3346;47750;89695;38268;23385;30367;269186;2765814;17993;192111;2823170;4321775;1297172
FR;8;2023-01-07;219;289;1704;12301;182;1199;12615;22349;8435;23604;30656;270890;2778115;18175;193310;2835785;4344124;1305607
FR;8;2023-01-08;68;105;443;2744;64;312;2839;5094;1926;23672;30761;271333;2780859;18239;193622;2838624;4349218;1307533
FR;8;2023-01-09;405;482;2622;21482;315;1847;22051;44584;20466;24077;31243;273955;2802341;18554;195469;2860675;4393802;1327999
FR;8;2023-01-10;462;634;4349;40172;397;3067;40937;85041;40653;24539;31877;278304;2842513;18951;198536;2901612;4478843;1368652
FR;8;2023-01-11;349;461;2950;24114;287;2117;24624;51477;24444;24888;32338;281254;2866627;19238;200653;2926236;4530320;1393096
FR;8;2023-01-12;411;542;3657;33168;332;2574;33791;70822;34087;25299;32880;284911;2899795;19570;203227;2960027;4601142;1427183
FR;8;2023-01-13;449;590;4049;34891;340;2863;35504;72884;34138;25748;33470;288960;2934686;19910;206090;2995531;4674026;1461321
FR;8;2023-01-14;178;229;1343;8859;123;959;9041;17186;7106;25926;33699;290303;2943545;20033;207049;3004572;4691212;1468427
FR;8;2023-01-15;63;87;329;1479;53;244;1585;3186;1345;25989;33786;290632;2945024;20086;207293;3006157;4694398;1469772
FR;8;2023-01-16;267;339;1997;15750;198;1433;16011;35209;17562;26256;34125;292629;2960774;20284;208726;3022168;4729607;1487334
FR;8;2023-01-17;360;453;3248;28164;281;2321;28672;64507;33107;26616;34578;295877;2988938;20565;211047;3050840;4794114;1520441
FR;8;2023-01-18;266;407;2192;16822;247;1669;17066;38334;19344;26882;34985;298069;3005760;20812;212716;3067906;4832448;1539785
FR;8;2023-01-19;355;414;2666;22305;252;1949;22653;51213;26239;27237;35399;300735;3028065;21064;214665;3090559;4883661;1566024
FR;8;2023-01-20;406;507;3175;24804;308;2340;25286;56594;28587;27643;35906;303910;3052869;21372;217005;3115845;4940255;1594611
FR;8;2023-01-21;147;189;1004;6114;102;732;6241;12899;5829;27790;36095;304914;3058983;21474;217737;3122086;4953154;1600440
FR;8;2023-01-22;31;52;156;833;23;138;878;1880;844;27821;36147;305070;3059816;21497;217875;3122964;4955034;1601284
FR;8;2023-01-23;215;299;1588;10614;163;1162;10834;26665;14421;28036;36446;306658;3070430;21660;219037;3133798;4981699;1615705
FR;8;2023-01-24;305;419;2408;20003;250;1795;20264;49918;27441;28341;36865;309066;3090433;21910;220832;3154062;5031617;1643146
FR;8;2023-01-25;241;378;1800;12091;230;1324;12492;29959;15877;28582;37243;310866;3102524;22140;222156;3166554;5061576;1659023
FR;8;2023-01-26;299;384;2222;16488;263;1642;16765;41536;22738;28881;37627;313088;3119012;22403;223798;3183319;5103112;1681761
FR;8;2023-01-27;312;493;2459;17867;298;1841;18103;44182;23814;29193;38120;315547;3136879;22701;225639;3201422;5147294;1705575
FR;8;2023-01-28;125;187;767;4327;124;600;4442;9722;4591;29318;38307;316314;3141206;22825;226239;3205864;5157016;1710166
FR;8;2023-01-29;26;43;86;438;28;67;470;1058;513;29344;38350;316400;3141644;22853;226306;3206334;5158074;1710679
FR;8;2023-01-30;208;314;1227;7966;186;1012;8130;20457;11066;29552;38664;317627;3149610;23039;227318;3214464;5178531;1721745
FR;8;2023-01-31;272;382;1917;13601;235;1420;13831;36249;20707;29824;39046;319544;3163211;23274;228738;3228295;5214780;1742452
FR;8;2023-02-01;247;345;1331;8018;224;1089;8139;21702;12196;30071;39391;320875;3171229;23498;229827;3236434;5236482;1754648
FR;8;2023-02-02;257;384;1572;11467;233;1281;11688;31056;17725;30328;39775;322447;3182696;23731;231108;3248122;5267538;1772373
FR;8;2023-02-03;279;448;1847;12109;286;1437;12291;32951;18842;30607;40223;324294;3194805;24017;232545;3260413;5300489;1791215
FR;8;2023-02-04;118;159;568;2956;109;461;2998;7188;3658;30725;40382;324862;3197761;24126;233006;3263411;5307677;1794873
FR;8;2023-02-05;10;53;66;224;31;61;239;572;264;30735;40435;324928;3197985;24157;233067;3263650;5308249;1795137
FR;8;2023-02-06;185;242;942;5173;170;702;5358;15009;8717;30920;40677;325870;3203158;24327;233769;3269008;5323258;1803854
FR;8;2023-02-07;234;388;1458;9421;262;1183;9577;27563;16395;31154;41065;327328;3212579;24589;234952;3278585;5350821;1820249
FR;8;2023-02-08;173;250;1019;5841;171;808;5988;16526;9449;31327;41315;328347;3218420;24760;235760;3284573;5367347;1829698
FR;8;2023-02-09;235;384;1175;7547;246;983;7731;22230;13188;31562;41699;329522;3225967;25006;236743;3292304;5389577;1842886
FR;8;2023-02-10;277;362;1400;7956;244;1158;8090;23130;13500;31839;42061;330922;3233923;25250;237901;3300394;5412707;1856386
FR;8;2023-02-11;88;145;470;2015;100;402;2092;5228;2665;31927;42206;331392;3235938;25350;238303;3302486;5417935;1859051
FR;8;2023-02-12;26;31;51;163;25;45;184;425;189;31953;42237;331443;3236101;25375;238348;3302670;5418360;1859240
FR;8;2023-02-13;131;206;671;3168;129;607;3263;9302;5295;32084;42443;332114;3239269;25504;238955;3305933;5427662;1864535
FR;8;2023-02-14;191;264;1062;5707;160;891;5854;17116;10073;32275;42707;333176;3244976;25664;239846;3311787;5444778;1874608
FR;8;2023-02-15;164;254;847;3876;145;726;4048;11821;6845;32439;42961;334023;3248852;25809;240572;3315835;5456599;1881453
FR;8;2023-02-16;168;306;1001;4918;173;855;5061;14622;8456;32607;43267;335024;3253770;25982;241427;3320896;5471221;1889909
FR;8;2023-02-17;227;318;1101;5202;224;941;5425;15938;9313;32834;43585;336125;3258972;26206;242368;3326321;5487159;1899222
FR;8;2023-02-18;95;130;395;1491;86;312;1565;3903;1970;32929;43715;336520;3260463;26292;242680;3327886;5491062;1901192
FR;8;2023-02-19;22;36;43;132;31;35;135;333;159;32951;43751;336563;3260595;26323;242715;3328021;5491395;1901351
FR;8;2023-02-20;140;257;639;2680;161;593;2795;8202;4667;33091;44008;337202;3263275;26484;243308;3330816;5499597;1906018
FR;8;2023-02-21;178;307;965;4294;163;840;4496;13567;7954;33269;44315;338167;3267569;26647;244148;3335312;5513164;1913972
FR;8;2023-02-22;157;255;664;2772;171;622;2814;8649;5045;33426;44570;338831;3270341;26818;244770;3338126;5521813;1919017
FR;8;2023-02-23;151;262;826;3782;154;739;3962;11859;6879;33577;44832;339657;3274123;26972;245509;3342088;5533672;1925896
FR;8;2023-02-24;158;311;953;4116;191;829;4305;12438;7065;33735;45143;340610;3278239;27163;246338;3346393;5546110;1932961
FR;8;2023-02-25;58;102;346;1058;69;276;1113;2942;1495;33793;45245;340956;3279297;27232;246614;3347506;5549052;1934456
FR;8;2023-02-26;14;21;31;95;22;28;108;249;106;33807;45266;340987;3279392;27254;246642;3347614;5549301;1934562
FR;8;2023-02-27;92;223;506;1829;154;481;1898;6241;3725;33899;45489;341493;3281221;27408;247123;3349512;5555542;1938287
FR;8;2023-02-28;158;257;758;3343;153;716;3476;11642;7145;34057;45746;342251;3284564;27561;247839;3352988;5567184;1945432
FR;8;2023-03-01;130;195;521;1831;145;459;1983;6236;3647;34187;45941;342772;3286395;27706;248298;3354971;5573420;1949079
FR;8;2023-03-02;131;220;715;2764;135;607;2956;9696;5903;34318;46161;343487;3289159;27841;248905;3357927;5583116;1954982
FR;8;2023-03-03;181;330;897;3415;219;794;3544;11307;6655;34499;46491;344384;3292574;28060;249699;3361471;5594423;1961637
FR;8;2023-03-04;58;135;311;975;81;295;981;2632;1296;34557;46626;344695;3293549;28141;249994;3362452;5597055;1962933
FR;8;2023-03-05;12;19;22;49;15;26;49;185;99;34569;46645;344717;3293598;28156;250020;3362501;5597240;1963032
FR;8;2023-03-06;119;178;414;1309;103;394;1370;4426;2524;34688;46823;345131;3294907;28259;250414;3363871;5601666;1965556
FR;8;2023-03-07;121;211;566;2159;127;523;2235;7520;4572;34809;47034;345697;3297066;28386;250937;3366106;5609186;1970128
FR;8;2023-03-08;93;176;449;1329;109;399;1417;4717;2748;34902;47210;346146;3298395;28495;251336;3367523;5613903;1972876
FR;8;2023-03-09;119;202;559;1869;123;525;1932;6760;4131;35021;47412;346705;3300264;28618;251861;3369455;5620663;1977007
FR;8;2023-03-10;201;335;773;2424;214;699;2560;8572;5073;35222;47747;347478;3302688;28832;252560;3372015;5629235;1982080
FR;8;2023-03-11;54;114;271;734;78;236;768;2152;1096;35276;47861;347749;3303422;28910;252796;3372783;5631387;1983176
FR;8;2023-03-12;6;10;23;60;8;22;61;172;85;35282;47871;347772;3303482;28918;252818;3372844;5631559;1983261
FR;8;2023-03-13;80;138;385;991;89;344;1068;3432;1930;35362;48009;348157;3304473;29007;253162;3373912;5634991;1985191
FR;8;2023-03-14;110;210;560;1735;124;544;1810;6374;3814;35472;48219;348717;3306208;29131;253706;3375722;5641365;1989005
FR;8;2023-03-15;105;166;407;1101;117;370;1173;4063;2372;35577;48385;349124;3307309;29248;254076;3376895;5645428;1991377
FR;8;2023-03-16;99;192;504;1498;124;461;1583;5577;3338;35676;48577;349628;3308807;29372;254537;3378478;5651005;1994715
FR;8;2023-03-17;141;222;646;1834;136;563;1981;6835;4046;35817;48799;350274;3310641;29508;255100;3380459;5657840;1998761
FR;8;2023-03-18;75;111;272;528;70;258;587;1850;944;35892;48910;350546;3311169;29578;255358;3381046;5659690;1999705
FR;8;2023-03-19;3;15;24;45;15;12;52;116;49;35895;48925;350570;3311214;29593;255370;3381098;5659806;1999754
FR;8;2023-03-20;85;171;405;923;95;402;1005;3514;1976;35980;49096;350975;3312137;29688;255772;3382103;5663320;2001730
FR;8;2023-03-21;126;202;570;1509;119;547;1680;6105;3632;36106;49298;351545;3313646;29807;256319;3383783;5669425;2005362
FR;8;2023-03-22;118;158;396;935;106;370;1049;3635;2090;36224;49456;351941;3314581;29913;256689;3384832;5673060;2007452
FR;8;2023-03-23;89;161;515;1283;90;458;1370;4883;2846;36313;49617;352456;3315864;30003;257147;3386202;5677943;2010298
FR;8;2023-03-24;144;265;695;1618;157;634;1789;6232;3553;36457;49882;353151;3317482;30160;257781;3387991;5684175;2013851
FR;8;2023-03-25;58;94;274;491;71;240;545;1616;760;36515;49976;353425;3317973;30231;258021;3388536;5685791;2014611
FR;8;2023-03-26;6;9;16;30;8;13;30;83;38;36521;49985;353441;3318003;30239;258034;3388566;5685874;2014649
FR;8;2023-03-27;111;171;407;789;125;386;877;3125;1740;36632;50156;353848;3318792;30364;258420;3389443;5688999;2016389
FR;8;2023-03-28;110;179;529;1454;96;487;1587;5803;3446;36742;50335;354377;3320246;30460;258907;3391030;5694802;2019835
FR;8;2023-03-29;90;168;370;890;87;362;1027;3545;1968;36832;50503;354747;3321136;30547;259269;3392057;5698347;2021803
FR;8;2023-03-30;101;172;486;1252;88;480;1396;5065;2891;36933;50675;355233;3322388;30635;259749;3393453;5703412;2024694
FR;8;2023-03-31;127;248;641;1621;166;559;1763;6382;3696;37060;50923;355874;3324009;30801;260308;3395216;5709794;2028390
FR;8;2023-04-01;58;106;283;537;52;242;625;1831;870;37118;51029;356157;3324546;30853;260550;3395841;5711625;2029260
FR;8;2023-04-02;5;21;20;34;12;26;36;106;44;37123;51050;356177;3324580;30865;260576;3395877;5711731;2029304
FR;8;2023-04-03;76;140;362;738;91;333;834;2947;1611;37199;51190;356539;3325318;30956;260909;3396711;5714678;2030915
FR;8;2023-04-04;77;179;461;1098;118;382;1249;4874;2884;37276;51369;357000;3326416;31074;261291;3397960;5719552;2033799
FR;8;2023-04-05;69;134;345;727;85;329;813;3140;1789;37345;51503;357345;3327143;31159;261620;3398773;5722692;2035588
FR;8;2023-04-06;92;118;368;952;74;334;1061;3936;2243;37437;51621;357713;3328095;31233;261954;3399834;5726628;2037831
FR;8;2023-04-07;119;214;490;1163;130;452;1284;4645;2587;37556;51835;358203;3329258;31363;262406;3401118;5731273;2040418
FR;8;2023-04-08;33;93;209;347;57;204;382;1215;538;37589;51928;358412;3329605;31420;262610;3401500;5732488;2040956
FR;8;2023-04-09;3;16;16;12;9;19;16;53;15;37592;51944;358428;3329617;31429;262629;3401516;5732541;2040971
FR;8;2023-04-10;6;11;26;27;5;25;36;90;25;37598;51955;358454;3329644;31434;262654;3401552;5732631;2040996
FR;8;2023-04-11;73;171;462;882;91;454;984;3994;2195;37671;52126;358916;3330526;31525;263108;3402536;5736625;2043191
FR;8;2023-04-12;80;144;319;660;98;309;715;2953;1655;37751;52270;359235;3331186;31623;263417;3403251;5739578;2044846
FR;8;2023-04-13;67;166;360;862;100;350;948;3963;2273;37818;52436;359595;3332048;31723;263767;3404199;5743541;2047119
FR;8;2023-04-14;120;193;471;1115;129;423;1189;4838;2791;37938;52629;360066;3333163;31852;264190;3405388;5748379;2049910
FR;8;2023-04-15;32;80;197;366;42;195;393;1365;627;37970;52709;360263;3333529;31894;264385;3405781;5749744;2050537
FR;8;2023-04-16;14;14;12;34;11;16;30;105;44;37984;52723;360275;3333563;31905;264401;3405811;5749849;2050581
FR;8;2023-04-17;56;134;285;566;71;295;659;2762;1479;38040;52857;360560;3334129;31976;264696;3406470;5752611;2052060
FR;8;2023-04-18;95;136;352;795;85;357;884;3865;2188;38135;52993;360912;3334924;32061;265053;3407354;5756476;2054248
FR;8;2023-04-19;60;92;264;552;60;240;644;2604;1369;38195;53085;361176;3335476;32121;265293;3407998;5759080;2055617
FR;8;2023-04-20;66;138;292;726;86;285;777;3202;1749;38261;53223;361468;3336202;32207;265578;3408775;5762282;2057366
FR;8;2023-04-21;85;175;388;897;94;387;1014;4008;2114;38346;53398;361856;3337099;32301;265965;3409789;5766290;2059480
FR;8;2023-04-22;26;69;134;234;42;145;257;1016;496;38372;53467;361990;3337333;32343;266110;3410046;5767306;2059976
FR;8;2023-04-23;2;5;12;16;4;12;19;60;21;38374;53472;362002;3337349;32347;266122;3410065;5767366;2059997
FR;8;2023-04-24;69;114;245;480;66;228;559;2178;1093;38443;53586;362247;3337829;32413;266350;3410624;5769544;2061090
FR;8;2023-04-25;81;133;322;748;84;333;797;3763;2034;38524;53719;362569;3338577;32497;266683;3411421;5773307;2063124
FR;8;2023-04-26;54;97;243;450;75;236;512;2328;1181;38578;53816;362812;3339027;32572;266919;3411933;5775635;2064305
FR;8;2023-04-27;85;117;286;709;70;293;802;3449;1823;38663;53933;363098;3339736;32642;267212;3412735;5779084;2066128
FR;8;2023-04-28;110;194;361;767;100;380;877;3943;1979;38773;54127;363459;3340503;32742;267592;3413612;5783027;2068107
FR;8;2023-04-29;51;58;127;234;42;117;274;994;453;38824;54185;363586;3340737;32784;267709;3413886;5784021;2068560
FR;8;2023-04-30;1;7;10;9;3;9;11;52;23;38825;54192;363596;3340746;32787;267718;3413897;5784073;2068583
FR;8;2023-05-01;13;6;13;10;3;13;13;62;21;38838;54198;363609;3340756;32790;267731;3413910;5784135;2068604
FR;8;2023-05-02;90;147;308;573;89;303;675;3226;1649;38928;54345;363917;3341329;32879;268034;3414585;5787361;2070253
FR;8;2023-05-03;77;93;218;423;65;216;468;2481;1247;39005;54438;364135;3341752;32944;268250;3415053;5789842;2071500
FR;8;2023-05-04;67;121;258;672;82;314;700;3742;1910;39072;54559;364393;3342424;33026;268564;3415753;5793584;2073410
FR;8;2023-05-05;90;155;302;721;88;344;801;4133;2164;39162;54714;364695;3343145;33114;268908;3416554;5797717;2075574
FR;8;2023-05-06;53;54;107;217;38;120;229;999;462;39215;54768;364802;3343362;33152;269028;3416783;5798716;2076036
FR;8;2023-05-07;4;5;7;17;3;7;18;80;29;39219;54773;364809;3343379;33155;269035;3416801;5798796;2076065
FR;8;2023-05-08;12;9;15;17;7;17;36;123;61;39231;54782;364824;3343396;33162;269052;3416837;5798919;2076126
FR;8;2023-05-09;65;94;203;491;67;211;537;3174;1583;39296;54876;365027;3343887;33229;269263;3417374;5802093;2077709
FR;8;2023-05-10;62;85;177;461;61;214;498;2958;1391;39358;54961;365204;3344348;33290;269477;3417872;5805051;2079100
FR;8;2023-05-11;63;80;205;602;59;193;679;3741;1827;39421;55041;365409;3344950;33349;269670;3418551;5808792;2080927
FR;8;2023-05-12;68;92;232;693;63;236;727;4111;1921;39489;55133;365641;3345643;33412;269906;3419278;5812903;2082848
FR;8;2023-05-13;28;45;97;190;28;105;208;929;382;39517;55178;365738;3345833;33440;270011;3419486;5813832;2083230
FR;8;2023-05-14;3;12;6;14;7;10;15;78;29;39520;55190;365744;3345847;33447;270021;3419501;5813910;2083259
FR;8;2023-05-15;39;65;156;436;40;144;478;3027;1417;39559;55255;365900;3346283;33487;270165;3419979;5816937;2084676
FR;8;2023-05-16;65;115;200;788;77;215;931;5666;2670;39624;55370;366100;3347071;33564;270380;3420910;5822603;2087346
FR;8;2023-05-17;59;75;184;461;44;183;509;2943;1294;39683;55445;366284;3347532;33608;270563;3421419;5825546;2088640
FR;8;2023-05-18;3;5;7;25;3;9;25;159;65;39686;55450;366291;3347557;33611;270572;3421444;5825705;2088705
FR;8;2023-05-19;54;98;171;435;64;169;487;2601;1100;39740;55548;366462;3347992;33675;270741;3421931;5828306;2089805
FR;8;2023-05-20;31;29;71;110;19;64;123;761;303;39771;55577;366533;3348102;33694;270805;3422054;5829067;2090108
FR;8;2023-05-21;4;6;5;13;7;5;14;138;42;39775;55583;366538;3348115;33701;270810;3422068;5829205;2090150
FR;8;2023-05-22;40;39;128;404;30;120;456;2796;1258;39815;55622;366666;3348519;33731;270930;3422524;5832001;2091408
FR;8;2023-05-23;30;55;164;565;39;146;664;4356;1996;39845;55677;366830;3349084;33770;271076;3423188;5836357;2093404
FR;8;2023-05-24;40;53;155;465;37;147;530;3014;1343;39885;55730;366985;3349549;33807;271223;3423718;5839371;2094747
FR;8;2023-05-25;54;64;156;522;49;147;586;4322;1946;39939;55794;367141;3350071;33856;271370;3424304;5843693;2096693
FR;8;2023-05-26;56;96;170;560;65;176;604;4187;1923;39995;55890;367311;3350631;33921;271546;3424908;5847880;2098616
FR;8;2023-05-27;20;40;63;127;22;67;150;789;370;40015;55930;367374;3350758;33943;271613;3425058;5848669;2098986
FR;8;2023-05-28;2;1;3;8;2;2;14;68;32;40017;55931;367377;3350766;33945;271615;3425072;5848737;2099018
FR;8;2023-05-29;2;2;5;23;1;6;34;226;74;40019;55933;367382;3350789;33946;271621;3425106;5848963;2099092
FR;8;2023-05-30;43;71;122;525;44;125;581;3946;1662;40062;56004;367504;3351314;33990;271746;3425687;5852909;2100754
FR;8;2023-05-31;37;67;100;403;40;114;461;2975;1322;40099;56071;367604;3351717;34030;271860;3426148;5855884;2102076
FR;8;2023-06-01;50;61;138;474;41;144;528;3858;1606;40149;56132;367742;3352191;34071;272004;3426676;5859742;2103682
FR;8;2023-06-02;47;84;152;490;48;170;584;4254;1931;40196;56216;367894;3352681;34119;272174;3427260;5863996;2105613
FR;8;2023-06-03;17;38;59;139;20;65;149;899;356;40213;56254;367953;3352820;34139;272239;3427409;5864895;2105969
FR;8;2023-06-04;2;5;2;9;2;7;10;60;13;40215;56259;367955;3352829;34141;272246;3427419;5864955;2105982
FR;8;2023-06-05;42;57;115;341;39;146;390;2888;1170;40257;56316;368070;3353170;34180;272392;3427809;5867843;2107152
FR;9;2020-12-27;0;0;0;0;0;0;0;0;0;0;0;0;0;0;0;0;0;0
FR;9;2020-12-28;0;0;0;0;0;0;0;0;0;0;0;0;0;0;0;0;0;0
FR;9;2020-12-29;0;0;0;0;0;0;0;0;0;0;0;0;0;0;0;0;0;0
FR;9;2020-12-30;0;0;0;0;0;0;0;0;0;0;0;0;0;0;0;0;0;0
FR;9;2020-12-31;0;0;0;0;0;0;0;0;0;0;0;0;0;0;0;0;0;0
FR;9;2021-01-01;0;0;0;0;0;0;0;0;0;0;0;0;0;0;0;0;0;0
FR;9;2021-01-02;0;0;0;0;0;0;0;0;0;0;0;0;0;0;0;0;0;0
FR;9;2021-01-03;0;0;0;0;0;0;0;0;0;0;0;0;0;0;0;0;0;0
FR;9;2021-01-04;0;0;0;0;0;0;0;0;0;0;0;0;0;0;0;0;0;0
FR;9;2021-01-05;0;0;0;0;0;0;0;0;0;0;0;0;0;0;0;0;0;0
FR;9;2021-01-06;0;0;0;0;0;0;0;0;0;0;0;0;0;0;0;0;0;0
FR;9;2021-01-07;0;0;0;0;0;0;0;0;0;0;0;0;0;0;0;0;0;0
FR;9;2021-01-08;0;0;0;0;0;0;0;0;0;0;0;0;0;0;0;0;0;0
FR;9;2021-01-09;0;0;0;0;0;0;0;0;0;0;0;0;0;0;0;0;0;0
FR;9;2021-01-10;0;0;0;0;0;0;0;0;0;0;0;0;0;0;0;0;0;0
FR;9;2021-01-11;0;0;0;0;0;0;0;0;0;0;0;0;0;0;0;0;0;0
FR;9;2021-01-12;0;0;0;0;0;0;0;0;0;0;0;0;0;0;0;0;0;0
FR;9;2021-01-13;0;0;0;0;0;0;0;0;0;0;0;0;0;0;0;0;0;0
FR;9;2021-01-14;0;0;0;0;0;0;0;0;0;0;0;0;0;0;0;0;0;0
FR;9;2021-01-15;0;0;0;0;0;0;0;0;0;0;0;0;0;0;0;0;0;0
FR;9;2021-01-16;0;0;0;0;0;0;0;0;0;0;0;0;0;0;0;0;0;0
FR;9;2021-01-17;0;0;0;0;0;0;0;0;0;0;0;0;0;0;0;0;0;0
FR;9;2021-01-18;0;0;0;0;0;0;0;0;0;0;0;0;0;0;0;0;0;0
FR;9;2021-01-19;0;0;0;0;0;0;0;0;0;0;0;0;0;0;0;0;0;0
FR;9;2021-01-20;0;0;0;0;0;0;0;0;0;0;0;0;0;0;0;0;0;0
FR;9;2021-01-21;0;0;0;0;0;0;0;0;0;0;0;0;0;0;0;0;0;0
FR;9;2021-01-22;0;0;0;0;0;0;0;0;0;0;0;0;0;0;0;0;0;0
FR;9;2021-01-23;0;0;0;0;0;0;0;0;0;0;0;0;0;0;0;0;0;0
FR;9;2021-01-24;0;0;0;0;0;0;0;0;0;0;0;0;0;0;0;0;0;0
FR;9;2021-01-25;0;0;0;0;0;0;0;0;0;0;0;0;0;0;0;0;0;0
FR;9;2021-01-26;0;0;0;0;0;0;0;0;0;0;0;0;0;0;0;0;0;0
FR;9;2021-01-27;0;0;0;0;0;0;0;0;0;0;0;0;0;0;0;0;0;0
FR;9;2021-01-28;0;0;0;0;0;0;0;0;0;0;0;0;0;0;0;0;0;0
FR;9;2021-01-29;0;0;0;0;0;0;0;0;0;0;0;0;0;0;0;0;0;0
FR;9;2021-01-30;0;0;0;0;0;0;0;0;0;0;0;0;0;0;0;0;0;0
FR;9;2021-01-31;0;0;0;0;0;0;0;0;0;0;0;0;0;0;0;0;0;0
FR;9;2021-02-01;0;0;0;0;0;0;0;0;0;0;0;0;0;0;0;0;0;0
FR;9;2021-02-02;0;0;0;0;0;0;0;0;0;0;0;0;0;0;0;0;0;0
FR;9;2021-02-03;0;0;0;0;0;0;0;0;0;0;0;0;0;0;0;0;0;0
FR;9;2021-02-04;0;0;0;0;0;0;0;0;0;0;0;0;0;0;0;0;0;0
FR;9;2021-02-05;0;0;0;0;0;0;0;0;0;0;0;0;0;0;0;0;0;0
FR;9;2021-02-06;0;0;0;0;0;0;0;0;0;0;0;0;0;0;0;0;0;0
FR;9;2021-02-07;0;0;0;0;0;0;0;0;0;0;0;0;0;0;0;0;0;0
FR;9;2021-02-08;0;0;0;0;0;0;0;0;0;0;0;0;0;0;0;0;0;0
FR;9;2021-02-09;0;0;0;0;0;0;0;0;0;0;0;0;0;0;0;0;0;0
FR;9;2021-02-10;0;0;0;0;0;0;0;0;0;0;0;0;0;0;0;0;0;0
FR;9;2021-02-11;0;0;0;0;0;0;0;0;0;0;0;0;0;0;0;0;0;0
FR;9;2021-02-12;0;0;0;0;0;0;0;0;0;0;0;0;0;0;0;0;0;0
FR;9;2021-02-13;0;0;0;0;0;0;0;0;0;0;0;0;0;0;0;0;0;0
FR;9;2021-02-14;0;0;0;0;0;0;0;0;0;0;0;0;0;0;0;0;0;0
FR;9;2021-02-15;0;0;0;0;0;0;0;0;0;0;0;0;0;0;0;0;0;0
FR;9;2021-02-16;0;0;0;0;0;0;0;0;0;0;0;0;0;0;0;0;0;0
FR;9;2021-02-17;0;0;0;0;0;0;0;0;0;0;0;0;0;0;0;0;0;0
FR;9;2021-02-18;0;0;0;0;0;0;0;0;0;0;0;0;0;0;0;0;0;0
FR;9;2021-02-19;0;0;0;0;0;0;0;0;0;0;0;0;0;0;0;0;0;0
FR;9;2021-02-20;0;0;0;0;0;0;0;0;0;0;0;0;0;0;0;0;0;0
FR;9;2021-02-21;0;0;0;0;0;0;0;0;0;0;0;0;0;0;0;0;0;0
FR;9;2021-02-22;0;0;0;0;0;0;0;0;0;0;0;0;0;0;0;0;0;0
FR;9;2021-02-23;0;0;0;0;0;0;0;0;0;0;0;0;0;0;0;0;0;0
FR;9;2021-02-24;0;0;0;0;0;0;0;0;0;0;0;0;0;0;0;0;0;0
FR;9;2021-02-25;0;0;0;0;0;0;0;0;0;0;0;0;0;0;0;0;0;0
FR;9;2021-02-26;0;0;0;0;0;0;0;0;0;0;0;0;0;0;0;0;0;0
FR;9;2021-02-27;0;0;0;0;0;0;0;0;0;0;0;0;0;0;0;0;0;0
FR;9;2021-02-28;0;0;0;0;0;0;0;0;0;0;0;0;0;0;0;0;0;0
FR;9;2021-03-01;0;0;0;0;0;0;0;0;0;0;0;0;0;0;0;0;0;0
FR;9;2021-03-02;0;0;0;0;0;0;0;0;0;0;0;0;0;0;0;0;0;0
FR;9;2021-03-03;0;0;0;0;0;0;0;0;0;0;0;0;0;0;0;0;0;0
FR;9;2021-03-04;0;0;0;0;0;0;0;0;0;0;0;0;0;0;0;0;0;0
FR;9;2021-03-05;0;0;0;0;0;0;0;0;0;0;0;0;0;0;0;0;0;0
FR;9;2021-03-06;0;0;0;0;0;0;0;0;0;0;0;0;0;0;0;0;0;0
FR;9;2021-03-07;0;0;0;0;0;0;0;0;0;0;0;0;0;0;0;0;0;0
FR;9;2021-03-08;0;0;0;0;0;0;0;0;0;0;0;0;0;0;0;0;0;0
FR;9;2021-03-09;0;0;0;0;0;0;0;0;0;0;0;0;0;0;0;0;0;0
FR;9;2021-03-10;0;0;0;0;0;0;0;0;0;0;0;0;0;0;0;0;0;0
FR;9;2021-03-11;0;0;0;0;0;0;0;0;0;0;0;0;0;0;0;0;0;0
FR;9;2021-03-12;0;0;0;0;0;0;0;0;0;0;0;0;0;0;0;0;0;0
FR;9;2021-03-13;0;0;0;0;0;0;0;0;0;0;0;0;0;0;0;0;0;0
FR;9;2021-03-14;0;0;0;0;0;0;0;0;0;0;0;0;0;0;0;0;0;0
FR;9;2021-03-15;0;0;0;0;0;0;0;0;0;0;0;0;0;0;0;0;0;0
FR;9;2021-03-16;0;0;0;0;0;0;0;0;0;0;0;0;0;0;0;0;0;0
FR;9;2021-03-17;0;0;0;0;0;0;0;0;0;0;0;0;0;0;0;0;0;0
FR;9;2021-03-18;0;0;0;0;0;0;0;0;0;0;0;0;0;0;0;0;0;0
FR;9;2021-03-19;0;0;0;0;0;0;0;0;0;0;0;0;0;0;0;0;0;0
FR;9;2021-03-20;0;0;0;0;0;0;0;0;0;0;0;0;0;0;0;0;0;0
FR;9;2021-03-21;0;0;0;0;0;0;0;0;0;0;0;0;0;0;0;0;0;0
FR;9;2021-03-22;0;0;0;0;0;0;0;0;0;0;0;0;0;0;0;0;0;0
FR;9;2021-03-23;0;0;0;0;0;0;0;0;0;0;0;0;0;0;0;0;0;0
FR;9;2021-03-24;0;0;0;0;0;0;0;0;0;0;0;0;0;0;0;0;0;0
FR;9;2021-03-25;0;0;0;0;0;0;0;0;0;0;0;0;0;0;0;0;0;0
FR;9;2021-03-26;0;0;0;0;0;0;0;0;0;0;0;0;0;0;0;0;0;0
FR;9;2021-03-27;0;0;0;0;0;0;0;0;0;0;0;0;0;0;0;0;0;0
FR;9;2021-03-28;0;0;0;0;0;0;0;0;0;0;0;0;0;0;0;0;0;0
FR;9;2021-03-29;0;0;0;0;0;0;0;0;0;0;0;0;0;0;0;0;0;0
FR;9;2021-03-30;0;0;0;0;0;0;0;0;0;0;0;0;0;0;0;0;0;0
FR;9;2021-03-31;0;0;0;0;0;0;0;0;0;0;0;0;0;0;0;0;0;0
FR;9;2021-04-01;0;0;0;0;0;0;0;0;0;0;0;0;0;0;0;0;0;0
FR;9;2021-04-02;0;0;0;0;0;0;0;0;0;0;0;0;0;0;0;0;0;0
FR;9;2021-04-03;0;0;0;0;0;0;0;0;0;0;0;0;0;0;0;0;0;0
FR;9;2021-04-04;0;0;0;0;0;0;0;0;0;0;0;0;0;0;0;0;0;0
FR;9;2021-04-05;0;0;0;0;0;0;0;0;0;0;0;0;0;0;0;0;0;0
FR;9;2021-04-06;0;0;0;0;0;0;0;0;0;0;0;0;0;0;0;0;0;0
FR;9;2021-04-07;0;0;0;0;0;0;0;0;0;0;0;0;0;0;0;0;0;0
FR;9;2021-04-08;0;0;0;0;0;0;0;0;0;0;0;0;0;0;0;0;0;0
FR;9;2021-04-09;0;0;0;0;0;0;0;0;0;0;0;0;0;0;0;0;0;0
FR;9;2021-04-10;0;0;0;0;0;0;0;0;0;0;0;0;0;0;0;0;0;0
FR;9;2021-04-11;0;0;0;0;0;0;0;0;0;0;0;0;0;0;0;0;0;0
FR;9;2021-04-12;0;0;0;0;0;0;0;0;0;0;0;0;0;0;0;0;0;0
FR;9;2021-04-13;0;0;0;0;0;0;0;0;0;0;0;0;0;0;0;0;0;0
FR;9;2021-04-14;0;0;0;0;0;0;0;0;0;0;0;0;0;0;0;0;0;0
FR;9;2021-04-15;0;0;0;0;0;0;0;0;0;0;0;0;0;0;0;0;0;0
FR;9;2021-04-16;0;0;0;0;0;0;0;0;0;0;0;0;0;0;0;0;0;0
FR;9;2021-04-17;0;0;0;0;0;0;0;0;0;0;0;0;0;0;0;0;0;0
FR;9;2021-04-18;0;0;0;0;0;0;0;0;0;0;0;0;0;0;0;0;0;0
FR;9;2021-04-19;0;0;0;0;0;0;0;0;0;0;0;0;0;0;0;0;0;0
FR;9;2021-04-20;0;0;0;0;0;0;0;0;0;0;0;0;0;0;0;0;0;0
FR;9;2021-04-21;0;0;0;0;0;0;0;0;0;0;0;0;0;0;0;0;0;0
FR;9;2021-04-22;0;0;0;0;0;0;0;0;0;0;0;0;0;0;0;0;0;0
FR;9;2021-04-23;0;0;0;0;0;0;0;0;0;0;0;0;0;0;0;0;0;0
FR;9;2021-04-24;0;0;0;0;0;0;0;0;0;0;0;0;0;0;0;0;0;0
FR;9;2021-04-25;0;0;0;0;0;0;0;0;0;0;0;0;0;0;0;0;0;0
FR;9;2021-04-26;0;0;0;0;0;0;0;0;0;0;0;0;0;0;0;0;0;0
FR;9;2021-04-27;0;0;0;0;0;0;0;0;0;0;0;0;0;0;0;0;0;0
FR;9;2021-04-28;0;0;0;0;0;0;0;0;0;0;0;0;0;0;0;0;0;0
FR;9;2021-04-29;0;0;0;0;0;0;0;0;0;0;0;0;0;0;0;0;0;0
FR;9;2021-04-30;0;0;0;0;0;0;0;0;0;0;0;0;0;0;0;0;0;0
FR;9;2021-05-01;0;0;0;0;0;0;0;0;0;0;0;0;0;0;0;0;0;0
FR;9;2021-05-02;0;0;0;0;0;0;0;0;0;0;0;0;0;0;0;0;0;0
FR;9;2021-05-03;0;0;0;0;0;0;0;0;0;0;0;0;0;0;0;0;0;0
FR;9;2021-05-04;0;0;0;0;0;0;0;0;0;0;0;0;0;0;0;0;0;0
FR;9;2021-05-05;0;0;0;0;0;0;0;0;0;0;0;0;0;0;0;0;0;0
FR;9;2021-05-06;0;0;0;0;0;0;0;0;0;0;0;0;0;0;0;0;0;0
FR;9;2021-05-07;0;0;0;0;0;0;0;0;0;0;0;0;0;0;0;0;0;0
FR;9;2021-05-08;0;0;0;0;0;0;0;0;0;0;0;0;0;0;0;0;0;0
FR;9;2021-05-09;0;0;0;0;0;0;0;0;0;0;0;0;0;0;0;0;0;0
FR;9;2021-05-10;0;0;0;0;0;0;0;0;0;0;0;0;0;0;0;0;0;0
FR;9;2021-05-11;0;0;0;0;0;0;0;0;0;0;0;0;0;0;0;0;0;0
FR;9;2021-05-12;0;0;0;0;0;0;0;0;0;0;0;0;0;0;0;0;0;0
FR;9;2021-05-13;0;0;0;0;0;0;0;0;0;0;0;0;0;0;0;0;0;0
FR;9;2021-05-14;0;0;0;0;0;0;0;0;0;0;0;0;0;0;0;0;0;0
FR;9;2021-05-15;0;0;0;0;0;0;0;0;0;0;0;0;0;0;0;0;0;0
FR;9;2021-05-16;0;0;0;0;0;0;0;0;0;0;0;0;0;0;0;0;0;0
FR;9;2021-05-17;0;0;0;0;0;0;0;0;0;0;0;0;0;0;0;0;0;0
FR;9;2021-05-18;0;0;0;0;0;0;0;0;0;0;0;0;0;0;0;0;0;0
FR;9;2021-05-19;0;0;0;0;0;0;0;0;0;0;0;0;0;0;0;0;0;0
FR;9;2021-05-20;0;0;0;0;0;0;0;0;0;0;0;0;0;0;0;0;0;0
FR;9;2021-05-21;0;0;0;0;0;0;0;0;0;0;0;0;0;0;0;0;0;0
FR;9;2021-05-22;0;0;0;0;0;0;0;0;0;0;0;0;0;0;0;0;0;0
FR;9;2021-05-23;0;0;0;0;0;0;0;0;0;0;0;0;0;0;0;0;0;0
FR;9;2021-05-24;0;0;0;0;0;0;0;0;0;0;0;0;0;0;0;0;0;0
FR;9;2021-05-25;0;0;0;0;0;0;0;0;0;0;0;0;0;0;0;0;0;0
FR;9;2021-05-26;0;0;0;0;0;0;0;0;0;0;0;0;0;0;0;0;0;0
FR;9;2021-05-27;0;0;0;0;0;0;0;0;0;0;0;0;0;0;0;0;0;0
FR;9;2021-05-28;0;0;0;0;0;0;0;0;0;0;0;0;0;0;0;0;0;0
FR;9;2021-05-29;0;0;0;0;0;0;0;0;0;0;0;0;0;0;0;0;0;0
FR;9;2021-05-30;0;0;0;0;0;0;0;0;0;0;0;0;0;0;0;0;0;0
FR;9;2021-05-31;0;0;0;0;0;0;0;0;0;0;0;0;0;0;0;0;0;0
FR;9;2021-06-01;0;0;0;0;0;0;0;0;0;0;0;0;0;0;0;0;0;0
FR;9;2021-06-02;0;0;0;0;0;0;0;0;0;0;0;0;0;0;0;0;0;0
FR;9;2021-06-03;0;0;0;0;0;0;0;0;0;0;0;0;0;0;0;0;0;0
FR;9;2021-06-04;0;0;0;0;0;0;0;0;0;0;0;0;0;0;0;0;0;0
FR;9;2021-06-05;0;0;0;0;0;0;0;0;0;0;0;0;0;0;0;0;0;0
FR;9;2021-06-06;0;0;0;0;0;0;0;0;0;0;0;0;0;0;0;0;0;0
FR;9;2021-06-07;0;0;0;0;0;0;0;0;0;0;0;0;0;0;0;0;0;0
FR;9;2021-06-08;0;0;0;0;0;0;0;0;0;0;0;0;0;0;0;0;0;0
FR;9;2021-06-09;0;0;0;0;0;0;0;0;0;0;0;0;0;0;0;0;0;0
FR;9;2021-06-10;0;0;0;0;0;0;0;0;0;0;0;0;0;0;0;0;0;0
FR;9;2021-06-11;0;0;0;0;0;0;0;0;0;0;0;0;0;0;0;0;0;0
FR;9;2021-06-12;0;0;0;0;0;0;0;0;0;0;0;0;0;0;0;0;0;0
FR;9;2021-06-13;0;0;0;0;0;0;0;0;0;0;0;0;0;0;0;0;0;0
FR;9;2021-06-14;0;0;0;0;0;0;0;0;0;0;0;0;0;0;0;0;0;0
FR;9;2021-06-15;0;0;0;0;0;0;0;0;0;0;0;0;0;0;0;0;0;0
FR;9;2021-06-16;0;0;0;0;0;0;0;0;0;0;0;0;0;0;0;0;0;0
FR;9;2021-06-17;0;0;0;0;0;0;0;0;0;0;0;0;0;0;0;0;0;0
FR;9;2021-06-18;0;0;0;0;0;0;0;0;0;0;0;0;0;0;0;0;0;0
FR;9;2021-06-19;0;0;0;0;0;0;0;0;0;0;0;0;0;0;0;0;0;0
FR;9;2021-06-20;0;0;0;0;0;0;0;0;0;0;0;0;0;0;0;0;0;0
FR;9;2021-06-21;0;0;0;0;0;0;0;0;0;0;0;0;0;0;0;0;0;0
FR;9;2021-06-22;0;0;0;0;0;0;0;0;0;0;0;0;0;0;0;0;0;0
FR;9;2021-06-23;0;0;0;0;0;0;0;0;0;0;0;0;0;0;0;0;0;0
FR;9;2021-06-24;0;0;0;0;0;0;0;0;0;0;0;0;0;0;0;0;0;0
FR;9;2021-06-25;0;0;0;0;0;0;0;0;0;0;0;0;0;0;0;0;0;0
FR;9;2021-06-26;0;0;0;0;0;0;0;0;0;0;0;0;0;0;0;0;0;0
FR;9;2021-06-27;0;0;0;0;0;0;0;0;0;0;0;0;0;0;0;0;0;0
FR;9;2021-06-28;0;0;0;0;0;0;0;0;0;0;0;0;0;0;0;0;0;0
FR;9;2021-06-29;0;0;0;0;0;0;0;0;0;0;0;0;0;0;0;0;0;0
FR;9;2021-06-30;0;0;0;0;0;0;0;0;0;0;0;0;0;0;0;0;0;0
FR;9;2021-07-01;0;0;0;0;0;0;0;0;0;0;0;0;0;0;0;0;0;0
FR;9;2021-07-02;0;0;0;0;0;0;0;0;0;0;0;0;0;0;0;0;0;0
FR;9;2021-07-03;0;0;0;0;0;0;0;0;0;0;0;0;0;0;0;0;0;0
FR;9;2021-07-04;0;0;0;0;0;0;0;0;0;0;0;0;0;0;0;0;0;0
FR;9;2021-07-05;0;0;0;0;0;0;0;0;0;0;0;0;0;0;0;0;0;0
FR;9;2021-07-06;0;0;0;0;0;0;0;0;0;0;0;0;0;0;0;0;0;0
FR;9;2021-07-07;0;0;0;0;0;0;0;0;0;0;0;0;0;0;0;0;0;0
FR;9;2021-07-08;0;0;0;0;0;0;0;0;0;0;0;0;0;0;0;0;0;0
FR;9;2021-07-09;0;0;0;0;0;0;0;0;0;0;0;0;0;0;0;0;0;0
FR;9;2021-07-10;0;0;0;0;0;0;0;0;0;0;0;0;0;0;0;0;0;0
FR;9;2021-07-11;0;0;0;0;0;0;0;0;0;0;0;0;0;0;0;0;0;0
FR;9;2021-07-12;0;0;0;0;0;0;0;0;0;0;0;0;0;0;0;0;0;0
FR;9;2021-07-13;0;0;0;0;0;0;0;0;0;0;0;0;0;0;0;0;0;0
FR;9;2021-07-14;0;0;0;0;0;0;0;0;0;0;0;0;0;0;0;0;0;0
FR;9;2021-07-15;0;0;0;0;0;0;0;0;0;0;0;0;0;0;0;0;0;0
FR;9;2021-07-16;0;0;0;0;0;0;0;0;0;0;0;0;0;0;0;0;0;0
FR;9;2021-07-17;0;0;0;0;0;0;0;0;0;0;0;0;0;0;0;0;0;0
FR;9;2021-07-18;0;0;0;0;0;0;0;0;0;0;0;0;0;0;0;0;0;0
FR;9;2021-07-19;0;0;0;0;0;0;0;0;0;0;0;0;0;0;0;0;0;0
FR;9;2021-07-20;0;0;0;0;0;0;0;0;0;0;0;0;0;0;0;0;0;0
FR;9;2021-07-21;0;0;0;0;0;0;0;0;0;0;0;0;0;0;0;0;0;0
FR;9;2021-07-22;0;0;0;0;0;0;0;0;0;0;0;0;0;0;0;0;0;0
FR;9;2021-07-23;0;0;0;0;0;0;0;0;0;0;0;0;0;0;0;0;0;0
FR;9;2021-07-24;0;0;0;0;0;0;0;0;0;0;0;0;0;0;0;0;0;0
FR;9;2021-07-25;0;0;0;0;0;0;0;0;0;0;0;0;0;0;0;0;0;0
FR;9;2021-07-26;0;0;0;0;0;0;0;0;0;0;0;0;0;0;0;0;0;0
FR;9;2021-07-27;0;0;0;0;0;0;0;0;0;0;0;0;0;0;0;0;0;0
FR;9;2021-07-28;0;0;0;0;0;0;0;0;0;0;0;0;0;0;0;0;0;0
FR;9;2021-07-29;0;0;0;0;0;0;0;0;0;0;0;0;0;0;0;0;0;0
FR;9;2021-07-30;0;0;0;0;0;0;0;0;0;0;0;0;0;0;0;0;0;0
FR;9;2021-07-31;0;0;0;0;0;0;0;0;0;0;0;0;0;0;0;0;0;0
FR;9;2021-08-01;0;0;0;0;0;0;0;0;0;0;0;0;0;0;0;0;0;0
FR;9;2021-08-02;0;0;0;0;0;0;0;0;0;0;0;0;0;0;0;0;0;0
FR;9;2021-08-03;0;0;0;0;0;0;0;0;0;0;0;0;0;0;0;0;0;0
FR;9;2021-08-04;0;0;0;0;0;0;0;0;0;0;0;0;0;0;0;0;0;0
FR;9;2021-08-05;0;0;0;0;0;0;0;0;0;0;0;0;0;0;0;0;0;0
FR;9;2021-08-06;0;0;0;0;0;0;0;0;0;0;0;0;0;0;0;0;0;0
FR;9;2021-08-07;0;0;0;0;0;0;0;0;0;0;0;0;0;0;0;0;0;0
FR;9;2021-08-08;0;0;0;0;0;0;0;0;0;0;0;0;0;0;0;0;0;0
FR;9;2021-08-09;0;0;0;0;0;0;0;0;0;0;0;0;0;0;0;0;0;0
FR;9;2021-08-10;0;0;0;0;0;0;0;0;0;0;0;0;0;0;0;0;0;0
FR;9;2021-08-11;0;0;0;0;0;0;0;0;0;0;0;0;0;0;0;0;0;0
FR;9;2021-08-12;0;0;0;0;0;0;0;0;0;0;0;0;0;0;0;0;0;0
FR;9;2021-08-13;0;0;0;0;0;0;0;0;0;0;0;0;0;0;0;0;0;0
FR;9;2021-08-14;0;0;0;0;0;0;0;0;0;0;0;0;0;0;0;0;0;0
FR;9;2021-08-15;0;0;0;0;0;0;0;0;0;0;0;0;0;0;0;0;0;0
FR;9;2021-08-16;0;0;0;0;0;0;0;0;0;0;0;0;0;0;0;0;0;0
FR;9;2021-08-17;0;0;0;0;0;0;0;0;0;0;0;0;0;0;0;0;0;0
FR;9;2021-08-18;0;0;0;0;0;0;0;0;0;0;0;0;0;0;0;0;0;0
FR;9;2021-08-19;0;0;0;0;0;0;0;0;0;0;0;0;0;0;0;0;0;0
FR;9;2021-08-20;0;0;0;0;0;0;0;0;0;0;0;0;0;0;0;0;0;0
FR;9;2021-08-21;0;0;0;0;0;0;0;0;0;0;0;0;0;0;0;0;0;0
FR;9;2021-08-22;0;0;0;0;0;0;0;0;0;0;0;0;0;0;0;0;0;0
FR;9;2021-08-23;0;0;0;0;0;0;0;0;0;0;0;0;0;0;0;0;0;0
FR;9;2021-08-24;0;0;0;0;0;0;0;0;0;0;0;0;0;0;0;0;0;0
FR;9;2021-08-25;0;0;0;0;0;0;0;0;0;0;0;0;0;0;0;0;0;0
FR;9;2021-08-26;0;0;0;0;0;0;0;0;0;0;0;0;0;0;0;0;0;0
FR;9;2021-08-27;0;0;0;0;0;0;0;0;0;0;0;0;0;0;0;0;0;0
FR;9;2021-08-28;0;0;0;0;0;0;0;0;0;0;0;0;0;0;0;0;0;0
FR;9;2021-08-29;0;0;0;0;0;0;0;0;0;0;0;0;0;0;0;0;0;0
FR;9;2021-08-30;0;0;0;0;0;0;0;0;0;0;0;0;0;0;0;0;0;0
FR;9;2021-08-31;0;0;0;0;0;0;0;0;0;0;0;0;0;0;0;0;0;0
FR;9;2021-09-01;0;0;0;0;0;0;0;0;0;0;0;0;0;0;0;0;0;0
FR;9;2021-09-02;0;0;0;0;0;0;0;0;0;0;0;0;0;0;0;0;0;0
FR;9;2021-09-03;0;0;0;0;0;0;0;0;0;0;0;0;0;0;0;0;0;0
FR;9;2021-09-04;0;0;0;0;0;0;0;0;0;0;0;0;0;0;0;0;0;0
FR;9;2021-09-05;0;0;0;0;0;0;0;0;0;0;0;0;0;0;0;0;0;0
FR;9;2021-09-06;0;0;0;0;0;0;0;0;0;0;0;0;0;0;0;0;0;0
FR;9;2021-09-07;0;0;0;0;0;0;0;0;0;0;0;0;0;0;0;0;0;0
FR;9;2021-09-08;0;0;0;0;0;0;0;0;0;0;0;0;0;0;0;0;0;0
FR;9;2021-09-09;0;0;0;0;0;0;0;0;0;0;0;0;0;0;0;0;0;0
FR;9;2021-09-10;0;0;0;0;0;0;0;0;0;0;0;0;0;0;0;0;0;0
FR;9;2021-09-11;0;0;0;0;0;0;0;0;0;0;0;0;0;0;0;0;0;0
FR;9;2021-09-12;0;0;0;0;0;0;0;0;0;0;0;0;0;0;0;0;0;0
FR;9;2021-09-13;0;0;0;0;0;0;0;0;0;0;0;0;0;0;0;0;0;0
FR;9;2021-09-14;0;0;0;0;0;0;0;0;0;0;0;0;0;0;0;0;0;0
FR;9;2021-09-15;0;0;0;0;0;0;0;0;0;0;0;0;0;0;0;0;0;0
FR;9;2021-09-16;0;0;0;0;0;0;0;0;0;0;0;0;0;0;0;0;0;0
FR;9;2021-09-17;0;0;0;0;0;0;0;0;0;0;0;0;0;0;0;0;0;0
FR;9;2021-09-18;0;0;0;0;0;0;0;0;0;0;0;0;0;0;0;0;0;0
FR;9;2021-09-19;0;0;0;0;0;0;0;0;0;0;0;0;0;0;0;0;0;0
FR;9;2021-09-20;0;0;0;0;0;0;0;0;0;0;0;0;0;0;0;0;0;0
FR;9;2021-09-21;0;0;0;0;0;0;0;0;0;0;0;0;0;0;0;0;0;0
FR;9;2021-09-22;0;0;0;0;0;0;0;0;0;0;0;0;0;0;0;0;0;0
FR;9;2021-09-23;0;0;0;0;0;0;0;0;0;0;0;0;0;0;0;0;0;0
FR;9;2021-09-24;0;0;0;0;0;0;0;0;0;0;0;0;0;0;0;0;0;0
FR;9;2021-09-25;0;0;0;0;0;0;0;0;0;0;0;0;0;0;0;0;0;0
FR;9;2021-09-26;0;0;0;0;0;0;0;0;0;0;0;0;0;0;0;0;0;0
FR;9;2021-09-27;0;0;0;0;0;0;0;0;0;0;0;0;0;0;0;0;0;0
FR;9;2021-09-28;0;0;0;0;0;0;0;0;0;0;0;0;0;0;0;0;0;0
FR;9;2021-09-29;0;0;0;0;0;0;0;0;0;0;0;0;0;0;0;0;0;0
FR;9;2021-09-30;0;0;0;0;0;0;0;0;0;0;0;0;0;0;0;0;0;0
FR;9;2021-10-01;0;0;0;0;0;0;0;0;0;0;0;0;0;0;0;0;0;0
FR;9;2021-10-02;0;0;0;0;0;0;0;0;0;0;0;0;0;0;0;0;0;0
FR;9;2021-10-03;0;0;0;0;0;0;0;0;0;0;0;0;0;0;0;0;0;0
FR;9;2021-10-04;0;0;0;0;0;0;0;0;0;0;0;0;0;0;0;0;0;0
FR;9;2021-10-05;0;0;0;0;0;0;0;0;0;0;0;0;0;0;0;0;0;0
FR;9;2021-10-06;0;0;0;0;0;0;0;0;0;0;0;0;0;0;0;0;0;0
FR;9;2021-10-07;0;0;0;0;0;0;0;0;0;0;0;0;0;0;0;0;0;0
FR;9;2021-10-08;0;0;0;0;0;0;0;0;0;0;0;0;0;0;0;0;0;0
FR;9;2021-10-09;0;0;0;0;0;0;0;0;0;0;0;0;0;0;0;0;0;0
FR;9;2021-10-10;0;0;0;0;0;0;0;0;0;0;0;0;0;0;0;0;0;0
FR;9;2021-10-11;0;0;0;0;0;0;0;0;0;0;0;0;0;0;0;0;0;0
FR;9;2021-10-12;0;0;0;0;0;0;0;0;0;0;0;0;0;0;0;0;0;0
FR;9;2021-10-13;0;0;0;0;0;0;0;0;0;0;0;0;0;0;0;0;0;0
FR;9;2021-10-14;0;0;0;0;0;0;0;0;0;0;0;0;0;0;0;0;0;0
FR;9;2021-10-15;0;0;0;0;0;0;0;0;0;0;0;0;0;0;0;0;0;0
FR;9;2021-10-16;0;0;0;0;0;0;0;0;0;0;0;0;0;0;0;0;0;0
FR;9;2021-10-17;0;0;0;0;0;0;0;0;0;0;0;0;0;0;0;0;0;0
FR;9;2021-10-18;0;0;0;0;0;0;0;0;0;0;0;0;0;0;0;0;0;0
FR;9;2021-10-19;0;0;0;0;0;0;0;0;0;0;0;0;0;0;0;0;0;0
FR;9;2021-10-20;0;0;0;0;0;0;0;0;0;0;0;0;0;0;0;0;0;0
FR;9;2021-10-21;0;0;0;0;0;0;0;0;0;0;0;0;0;0;0;0;0;0
FR;9;2021-10-22;0;0;0;0;0;0;0;0;0;0;0;0;0;0;0;0;0;0
FR;9;2021-10-23;0;0;0;0;0;0;0;0;0;0;0;0;0;0;0;0;0;0
FR;9;2021-10-24;0;0;0;0;0;0;0;0;0;0;0;0;0;0;0;0;0;0
FR;9;2021-10-25;0;0;0;0;0;0;0;0;0;0;0;0;0;0;0;0;0;0
FR;9;2021-10-26;0;0;0;0;0;0;0;0;0;0;0;0;0;0;0;0;0;0
FR;9;2021-10-27;0;0;0;0;0;0;0;0;0;0;0;0;0;0;0;0;0;0
FR;9;2021-10-28;0;0;0;0;0;0;0;0;0;0;0;0;0;0;0;0;0;0
FR;9;2021-10-29;0;0;0;0;0;0;0;0;0;0;0;0;0;0;0;0;0;0
FR;9;2021-10-30;0;0;0;0;0;0;0;0;0;0;0;0;0;0;0;0;0;0
FR;9;2021-10-31;0;0;0;0;0;0;0;0;0;0;0;0;0;0;0;0;0;0
FR;9;2021-11-01;0;0;0;0;0;0;0;0;0;0;0;0;0;0;0;0;0;0
FR;9;2021-11-02;0;0;0;0;0;0;0;0;0;0;0;0;0;0;0;0;0;0
FR;9;2021-11-03;0;0;0;0;0;0;0;0;0;0;0;0;0;0;0;0;0;0
FR;9;2021-11-04;0;0;0;0;0;0;0;0;0;0;0;0;0;0;0;0;0;0
FR;9;2021-11-05;0;0;0;0;0;0;0;0;0;0;0;0;0;0;0;0;0;0
FR;9;2021-11-06;0;0;0;0;0;0;0;0;0;0;0;0;0;0;0;0;0;0
FR;9;2021-11-07;0;0;0;0;0;0;0;0;0;0;0;0;0;0;0;0;0;0
FR;9;2021-11-08;0;0;0;0;0;0;0;0;0;0;0;0;0;0;0;0;0;0
FR;9;2021-11-09;0;0;0;0;0;0;0;0;0;0;0;0;0;0;0;0;0;0
FR;9;2021-11-10;0;0;0;0;0;0;0;0;0;0;0;0;0;0;0;0;0;0
FR;9;2021-11-11;0;0;0;0;0;0;0;0;0;0;0;0;0;0;0;0;0;0
FR;9;2021-11-12;0;0;0;0;0;0;0;0;0;0;0;0;0;0;0;0;0;0
FR;9;2021-11-13;0;0;0;0;0;0;0;0;0;0;0;0;0;0;0;0;0;0
FR;9;2021-11-14;0;0;0;0;0;0;0;0;0;0;0;0;0;0;0;0;0;0
FR;9;2021-11-15;0;0;0;0;0;0;0;0;0;0;0;0;0;0;0;0;0;0
FR;9;2021-11-16;0;0;0;0;0;0;0;0;0;0;0;0;0;0;0;0;0;0
FR;9;2021-11-17;0;0;0;0;0;0;0;0;0;0;0;0;0;0;0;0;0;0
FR;9;2021-11-18;0;0;0;0;0;0;0;0;0;0;0;0;0;0;0;0;0;0
FR;9;2021-11-19;0;0;0;0;0;0;0;0;0;0;0;0;0;0;0;0;0;0
FR;9;2021-11-20;0;0;0;0;0;0;0;0;0;0;0;0;0;0;0;0;0;0
FR;9;2021-11-21;0;0;0;0;0;0;0;0;0;0;0;0;0;0;0;0;0;0
FR;9;2021-11-22;0;0;0;0;0;0;0;0;0;0;0;0;0;0;0;0;0;0
FR;9;2021-11-23;0;0;0;0;0;0;0;0;0;0;0;0;0;0;0;0;0;0
FR;9;2021-11-24;0;0;0;0;0;0;0;0;0;0;0;0;0;0;0;0;0;0
FR;9;2021-11-25;0;0;0;0;0;0;0;0;0;0;0;0;0;0;0;0;0;0
FR;9;2021-11-26;0;0;0;0;0;0;0;0;0;0;0;0;0;0;0;0;0;0
FR;9;2021-11-27;0;0;0;0;0;0;0;0;0;0;0;0;0;0;0;0;0;0
FR;9;2021-11-28;0;0;0;0;0;0;0;0;0;0;0;0;0;0;0;0;0;0
FR;9;2021-11-29;0;0;0;0;0;0;0;0;0;0;0;0;0;0;0;0;0;0
FR;9;2021-11-30;0;0;0;0;0;0;0;0;0;0;0;0;0;0;0;0;0;0
FR;9;2021-12-01;0;0;0;0;0;0;0;0;0;0;0;0;0;0;0;0;0;0
FR;9;2021-12-02;0;0;0;0;0;0;0;0;0;0;0;0;0;0;0;0;0;0
FR;9;2021-12-03;0;0;0;0;0;0;0;0;0;0;0;0;0;0;0;0;0;0
FR;9;2021-12-04;0;0;0;0;0;0;0;0;0;0;0;0;0;0;0;0;0;0
FR;9;2021-12-05;0;0;0;0;0;0;0;0;0;0;0;0;0;0;0;0;0;0
FR;9;2021-12-06;0;0;0;0;0;0;0;0;0;0;0;0;0;0;0;0;0;0
FR;9;2021-12-07;0;0;0;0;0;0;0;0;0;0;0;0;0;0;0;0;0;0
FR;9;2021-12-08;0;0;0;0;0;0;0;0;0;0;0;0;0;0;0;0;0;0
FR;9;2021-12-09;0;0;0;0;0;0;0;0;0;0;0;0;0;0;0;0;0;0
FR;9;2021-12-10;0;0;0;0;0;0;0;0;0;0;0;0;0;0;0;0;0;0
FR;9;2021-12-11;0;0;0;0;0;0;0;0;0;0;0;0;0;0;0;0;0;0
FR;9;2021-12-12;0;0;0;0;0;0;0;0;0;0;0;0;0;0;0;0;0;0
FR;9;2021-12-13;0;0;0;0;0;0;0;0;0;0;0;0;0;0;0;0;0;0
FR;9;2021-12-14;0;0;0;0;0;0;0;0;0;0;0;0;0;0;0;0;0;0
FR;9;2021-12-15;0;0;0;0;0;0;0;0;0;0;0;0;0;0;0;0;0;0
FR;9;2021-12-16;0;0;0;0;0;0;0;0;0;0;0;0;0;0;0;0;0;0
FR;9;2021-12-17;0;0;0;0;0;0;0;0;0;0;0;0;0;0;0;0;0;0
FR;9;2021-12-18;0;0;0;0;0;0;0;0;0;0;0;0;0;0;0;0;0;0
FR;9;2021-12-19;0;0;0;0;0;0;0;0;0;0;0;0;0;0;0;0;0;0
FR;9;2021-12-20;0;0;0;0;0;0;0;0;0;0;0;0;0;0;0;0;0;0
FR;9;2021-12-21;0;0;0;0;0;0;0;0;0;0;0;0;0;0;0;0;0;0
FR;9;2021-12-22;0;0;0;0;0;0;0;0;0;0;0;0;0;0;0;0;0;0
FR;9;2021-12-23;0;0;0;0;0;0;0;0;0;0;0;0;0;0;0;0;0;0
FR;9;2021-12-24;0;0;0;0;0;0;0;0;0;0;0;0;0;0;0;0;0;0
FR;9;2021-12-25;0;0;0;0;0;0;0;0;0;0;0;0;0;0;0;0;0;0
FR;9;2021-12-26;0;0;0;0;0;0;0;0;0;0;0;0;0;0;0;0;0;0
FR;9;2021-12-27;0;0;0;0;0;0;0;0;0;0;0;0;0;0;0;0;0;0
FR;9;2021-12-28;0;0;0;0;0;0;0;0;0;0;0;0;0;0;0;0;0;0
FR;9;2021-12-29;0;0;0;0;0;0;0;0;0;0;0;0;0;0;0;0;0;0
FR;9;2021-12-30;0;0;0;0;0;0;0;0;0;0;0;0;0;0;0;0;0;0
FR;9;2021-12-31;0;0;0;0;0;0;0;0;0;0;0;0;0;0;0;0;0;0
FR;9;2022-01-01;0;0;0;0;0;0;0;0;0;0;0;0;0;0;0;0;0;0
FR;9;2022-01-02;0;0;0;0;0;0;0;0;0;0;0;0;0;0;0;0;0;0
FR;9;2022-01-03;0;0;0;0;0;0;0;0;0;0;0;0;0;0;0;0;0;0
FR;9;2022-01-04;0;0;0;0;0;0;0;0;0;0;0;0;0;0;0;0;0;0
FR;9;2022-01-05;0;0;0;0;0;0;0;0;0;0;0;0;0;0;0;0;0;0
FR;9;2022-01-06;0;0;0;0;0;0;0;0;0;0;0;0;0;0;0;0;0;0
FR;9;2022-01-07;0;0;0;0;0;0;0;0;0;0;0;0;0;0;0;0;0;0
FR;9;2022-01-08;0;0;0;0;0;0;0;0;0;0;0;0;0;0;0;0;0;0
FR;9;2022-01-09;0;0;0;0;0;0;0;0;0;0;0;0;0;0;0;0;0;0
FR;9;2022-01-10;0;0;0;0;0;0;0;0;0;0;0;0;0;0;0;0;0;0
FR;9;2022-01-11;0;0;0;0;0;0;0;0;0;0;0;0;0;0;0;0;0;0
FR;9;2022-01-12;0;0;0;0;0;0;0;0;0;0;0;0;0;0;0;0;0;0
FR;9;2022-01-13;0;0;0;0;0;0;0;0;0;0;0;0;0;0;0;0;0;0
FR;9;2022-01-14;0;0;0;0;0;0;0;0;0;0;0;0;0;0;0;0;0;0
FR;9;2022-01-15;0;0;0;0;0;0;0;0;0;0;0;0;0;0;0;0;0;0
FR;9;2022-01-16;0;0;0;0;0;0;0;0;0;0;0;0;0;0;0;0;0;0
FR;9;2022-01-17;0;0;0;0;0;0;0;0;0;0;0;0;0;0;0;0;0;0
FR;9;2022-01-18;0;0;0;0;0;0;0;0;0;0;0;0;0;0;0;0;0;0
FR;9;2022-01-19;0;0;0;0;0;0;0;0;0;0;0;0;0;0;0;0;0;0
FR;9;2022-01-20;0;0;0;0;0;0;0;0;0;0;0;0;0;0;0;0;0;0
FR;9;2022-01-21;0;0;0;0;0;0;0;0;0;0;0;0;0;0;0;0;0;0
FR;9;2022-01-22;0;0;0;0;0;0;0;0;0;0;0;0;0;0;0;0;0;0
FR;9;2022-01-23;0;0;0;0;0;0;0;0;0;0;0;0;0;0;0;0;0;0
FR;9;2022-01-24;0;0;0;0;0;0;0;0;0;0;0;0;0;0;0;0;0;0
FR;9;2022-01-25;0;0;0;0;0;0;0;0;0;0;0;0;0;0;0;0;0;0
FR;9;2022-01-26;0;0;0;0;0;0;0;0;0;0;0;0;0;0;0;0;0;0
FR;9;2022-01-27;0;0;0;0;0;0;0;0;0;0;0;0;0;0;0;0;0;0
FR;9;2022-01-28;0;0;0;0;0;0;0;0;0;0;0;0;0;0;0;0;0;0
FR;9;2022-01-29;0;0;0;0;0;0;0;0;0;0;0;0;0;0;0;0;0;0
FR;9;2022-01-30;0;0;0;0;0;0;0;0;0;0;0;0;0;0;0;0;0;0
FR;9;2022-01-31;0;0;0;0;0;0;0;0;0;0;0;0;0;0;0;0;0;0
FR;9;2022-02-01;0;0;0;0;0;0;0;0;0;0;0;0;0;0;0;0;0;0
FR;9;2022-02-02;0;0;0;0;0;0;0;0;0;0;0;0;0;0;0;0;0;0
FR;9;2022-02-03;0;0;0;0;0;0;0;0;0;0;0;0;0;0;0;0;0;0
FR;9;2022-02-04;0;0;0;0;0;0;0;0;0;0;0;0;0;0;0;0;0;0
FR;9;2022-02-05;0;0;0;0;0;0;0;0;0;0;0;0;0;0;0;0;0;0
FR;9;2022-02-06;0;0;0;0;0;0;0;0;0;0;0;0;0;0;0;0;0;0
FR;9;2022-02-07;0;0;0;0;0;0;0;0;0;0;0;0;0;0;0;0;0;0
FR;9;2022-02-08;0;0;0;0;0;0;0;0;0;0;0;0;0;0;0;0;0;0
FR;9;2022-02-09;0;0;0;0;0;0;0;0;0;0;0;0;0;0;0;0;0;0
FR;9;2022-02-10;0;0;0;0;0;0;0;0;0;0;0;0;0;0;0;0;0;0
FR;9;2022-02-11;0;0;0;0;0;0;0;0;0;0;0;0;0;0;0;0;0;0
FR;9;2022-02-12;0;0;0;0;0;0;0;0;0;0;0;0;0;0;0;0;0;0
FR;9;2022-02-13;0;0;0;0;0;0;0;0;0;0;0;0;0;0;0;0;0;0
FR;9;2022-02-14;0;0;0;0;0;0;0;0;0;0;0;0;0;0;0;0;0;0
FR;9;2022-02-15;0;0;0;0;0;0;0;0;0;0;0;0;0;0;0;0;0;0
FR;9;2022-02-16;0;0;0;0;0;0;0;0;0;0;0;0;0;0;0;0;0;0
FR;9;2022-02-17;0;0;0;0;0;0;0;0;0;0;0;0;0;0;0;0;0;0
FR;9;2022-02-18;0;0;0;0;0;0;0;0;0;0;0;0;0;0;0;0;0;0
FR;9;2022-02-19;0;0;0;0;0;0;0;0;0;0;0;0;0;0;0;0;0;0
FR;9;2022-02-20;0;0;0;0;0;0;0;0;0;0;0;0;0;0;0;0;0;0
FR;9;2022-02-21;0;0;0;0;0;0;0;0;0;0;0;0;0;0;0;0;0;0
FR;9;2022-02-22;0;0;0;0;0;0;0;0;0;0;0;0;0;0;0;0;0;0
FR;9;2022-02-23;0;0;0;0;0;0;0;0;0;0;0;0;0;0;0;0;0;0
FR;9;2022-02-24;0;0;0;0;0;0;0;0;0;0;0;0;0;0;0;0;0;0
FR;9;2022-02-25;0;0;0;0;0;0;0;0;0;0;0;0;0;0;0;0;0;0
FR;9;2022-02-26;0;0;0;0;0;0;0;0;0;0;0;0;0;0;0;0;0;0
FR;9;2022-02-27;0;0;0;0;0;0;0;0;0;0;0;0;0;0;0;0;0;0
FR;9;2022-02-28;0;0;0;0;0;0;0;0;0;0;0;0;0;0;0;0;0;0
FR;9;2022-03-01;0;0;0;0;0;0;0;0;0;0;0;0;0;0;0;0;0;0
FR;9;2022-03-02;0;0;0;0;0;0;0;0;0;0;0;0;0;0;0;0;0;0
FR;9;2022-03-03;0;0;0;0;0;0;0;0;0;0;0;0;0;0;0;0;0;0
FR;9;2022-03-04;0;0;0;0;0;0;0;0;0;0;0;0;0;0;0;0;0;0
FR;9;2022-03-05;0;0;0;0;0;0;0;0;0;0;0;0;0;0;0;0;0;0
FR;9;2022-03-06;0;0;0;0;0;0;0;0;0;0;0;0;0;0;0;0;0;0
FR;9;2022-03-07;0;0;0;0;0;0;0;0;0;0;0;0;0;0;0;0;0;0
FR;9;2022-03-08;0;0;0;0;0;0;0;0;0;0;0;0;0;0;0;0;0;0
FR;9;2022-03-09;0;0;0;0;0;0;0;0;0;0;0;0;0;0;0;0;0;0
FR;9;2022-03-10;0;0;0;0;0;0;0;0;0;0;0;0;0;0;0;0;0;0
FR;9;2022-03-11;0;0;0;0;0;0;0;0;0;0;0;0;0;0;0;0;0;0
FR;9;2022-03-12;0;0;0;0;0;0;0;0;0;0;0;0;0;0;0;0;0;0
FR;9;2022-03-13;0;0;0;0;0;0;0;0;0;0;0;0;0;0;0;0;0;0
FR;9;2022-03-14;0;0;0;0;0;0;0;0;0;0;0;0;0;0;0;0;0;0
FR;9;2022-03-15;0;0;0;0;0;0;0;0;0;0;0;0;0;0;0;0;0;0
FR;9;2022-03-16;0;0;0;0;0;0;0;0;0;0;0;0;0;0;0;0;0;0
FR;9;2022-03-17;0;0;0;0;0;0;0;0;0;0;0;0;0;0;0;0;0;0
FR;9;2022-03-18;0;0;0;0;0;0;0;0;0;0;0;0;0;0;0;0;0;0
FR;9;2022-03-19;0;0;0;0;0;0;0;0;0;0;0;0;0;0;0;0;0;0
FR;9;2022-03-20;0;0;0;0;0;0;0;0;0;0;0;0;0;0;0;0;0;0
FR;9;2022-03-21;0;0;0;0;0;0;0;0;0;0;0;0;0;0;0;0;0;0
FR;9;2022-03-22;0;0;0;0;0;0;0;0;0;0;0;0;0;0;0;0;0;0
FR;9;2022-03-23;0;0;0;0;0;0;0;0;0;0;0;0;0;0;0;0;0;0
FR;9;2022-03-24;0;0;0;0;0;0;0;0;0;0;0;0;0;0;0;0;0;0
FR;9;2022-03-25;0;0;0;0;0;0;0;0;0;0;0;0;0;0;0;0;0;0
FR;9;2022-03-26;0;0;0;0;0;0;0;0;0;0;0;0;0;0;0;0;0;0
FR;9;2022-03-27;0;0;0;0;0;0;0;0;0;0;0;0;0;0;0;0;0;0
FR;9;2022-03-28;0;0;0;0;0;0;0;0;0;0;0;0;0;0;0;0;0;0
FR;9;2022-03-29;0;0;0;0;0;0;0;0;0;0;0;0;0;0;0;0;0;0
FR;9;2022-03-30;0;0;0;0;0;0;0;0;0;0;0;0;0;0;0;0;0;0
FR;9;2022-03-31;0;0;0;0;0;0;0;0;0;0;0;0;0;0;0;0;0;0
FR;9;2022-04-01;0;0;0;0;0;0;0;0;0;0;0;0;0;0;0;0;0;0
FR;9;2022-04-02;0;0;0;0;0;0;0;0;0;0;0;0;0;0;0;0;0;0
FR;9;2022-04-03;0;0;0;0;0;0;0;0;0;0;0;0;0;0;0;0;0;0
FR;9;2022-04-04;0;0;0;0;0;0;0;0;0;0;0;0;0;0;0;0;0;0
FR;9;2022-04-05;0;0;0;0;0;0;0;0;0;0;0;0;0;0;0;0;0;0
FR;9;2022-04-06;0;0;0;0;0;0;0;0;0;0;0;0;0;0;0;0;0;0
FR;9;2022-04-07;0;0;0;0;0;0;0;0;0;0;0;0;0;0;0;0;0;0
FR;9;2022-04-08;0;0;0;0;0;0;0;0;0;0;0;0;0;0;0;0;0;0
FR;9;2022-04-09;0;0;0;0;0;0;0;0;0;0;0;0;0;0;0;0;0;0
FR;9;2022-04-10;0;0;0;0;0;0;0;0;0;0;0;0;0;0;0;0;0;0
FR;9;2022-04-11;0;0;0;0;0;0;0;0;0;0;0;0;0;0;0;0;0;0
FR;9;2022-04-12;0;0;0;0;0;0;0;0;0;0;0;0;0;0;0;0;0;0
FR;9;2022-04-13;0;0;0;0;0;0;0;0;0;0;0;0;0;0;0;0;0;0
FR;9;2022-04-14;0;0;0;0;0;0;0;0;0;0;0;0;0;0;0;0;0;0
FR;9;2022-04-15;0;0;0;0;0;0;0;0;0;0;0;0;0;0;0;0;0;0
FR;9;2022-04-16;0;0;0;0;0;0;0;0;0;0;0;0;0;0;0;0;0;0
FR;9;2022-04-17;0;0;0;0;0;0;0;0;0;0;0;0;0;0;0;0;0;0
FR;9;2022-04-18;0;0;0;0;0;0;0;0;0;0;0;0;0;0;0;0;0;0
FR;9;2022-04-19;0;0;0;0;0;0;0;0;0;0;0;0;0;0;0;0;0;0
FR;9;2022-04-20;0;0;0;0;0;0;0;0;0;0;0;0;0;0;0;0;0;0
FR;9;2022-04-21;0;0;0;0;0;0;0;0;0;0;0;0;0;0;0;0;0;0
FR;9;2022-04-22;0;0;0;0;0;0;0;0;0;0;0;0;0;0;0;0;0;0
FR;9;2022-04-23;0;0;0;0;0;0;0;0;0;0;0;0;0;0;0;0;0;0
FR;9;2022-04-24;0;0;0;0;0;0;0;0;0;0;0;0;0;0;0;0;0;0
FR;9;2022-04-25;0;0;0;0;0;0;0;0;0;0;0;0;0;0;0;0;0;0
FR;9;2022-04-26;0;0;0;0;0;0;0;0;0;0;0;0;0;0;0;0;0;0
FR;9;2022-04-27;0;0;0;0;0;0;0;0;0;0;0;0;0;0;0;0;0;0
FR;9;2022-04-28;0;0;0;0;0;0;0;0;0;0;0;0;0;0;0;0;0;0
FR;9;2022-04-29;0;0;0;0;0;0;0;0;0;0;0;0;0;0;0;0;0;0
FR;9;2022-04-30;0;0;0;0;0;0;0;0;0;0;0;0;0;0;0;0;0;0
FR;9;2022-05-01;0;0;0;0;0;0;0;0;0;0;0;0;0;0;0;0;0;0
FR;9;2022-05-02;0;0;0;0;0;0;0;0;0;0;0;0;0;0;0;0;0;0
FR;9;2022-05-03;0;0;0;0;0;0;0;0;0;0;0;0;0;0;0;0;0;0
FR;9;2022-05-04;0;0;0;0;0;0;0;0;0;0;0;0;0;0;0;0;0;0
FR;9;2022-05-05;0;0;0;0;0;0;0;0;0;0;0;0;0;0;0;0;0;0
FR;9;2022-05-06;0;0;0;0;0;0;0;0;0;0;0;0;0;0;0;0;0;0
FR;9;2022-05-07;0;0;0;0;0;0;0;0;0;0;0;0;0;0;0;0;0;0
FR;9;2022-05-08;0;0;0;0;0;0;0;0;0;0;0;0;0;0;0;0;0;0
FR;9;2022-05-09;0;0;0;0;0;0;0;0;0;0;0;0;0;0;0;0;0;0
FR;9;2022-05-10;0;0;0;0;0;0;0;0;0;0;0;0;0;0;0;0;0;0
FR;9;2022-05-11;0;0;0;0;0;0;0;0;0;0;0;0;0;0;0;0;0;0
FR;9;2022-05-12;0;0;0;0;0;0;0;0;0;0;0;0;0;0;0;0;0;0
FR;9;2022-05-13;0;0;0;0;0;0;0;0;0;0;0;0;0;0;0;0;0;0
FR;9;2022-05-14;0;0;0;0;0;0;0;0;0;0;0;0;0;0;0;0;0;0
FR;9;2022-05-15;0;0;0;0;0;0;0;0;0;0;0;0;0;0;0;0;0;0
FR;9;2022-05-16;0;0;0;0;0;0;0;0;0;0;0;0;0;0;0;0;0;0
FR;9;2022-05-17;0;0;0;0;0;0;0;0;0;0;0;0;0;0;0;0;0;0
FR;9;2022-05-18;0;0;0;0;0;0;0;0;0;0;0;0;0;0;0;0;0;0
FR;9;2022-05-19;0;0;0;0;0;0;0;0;0;0;0;0;0;0;0;0;0;0
FR;9;2022-05-20;0;0;0;0;0;0;0;0;0;0;0;0;0;0;0;0;0;0
FR;9;2022-05-21;0;0;0;0;0;0;0;0;0;0;0;0;0;0;0;0;0;0
FR;9;2022-05-22;0;0;0;0;0;0;0;0;0;0;0;0;0;0;0;0;0;0
FR;9;2022-05-23;0;0;0;0;0;0;0;0;0;0;0;0;0;0;0;0;0;0
FR;9;2022-05-24;0;0;0;0;0;0;0;0;0;0;0;0;0;0;0;0;0;0
FR;9;2022-05-25;0;0;0;0;0;0;0;0;0;0;0;0;0;0;0;0;0;0
FR;9;2022-05-26;0;0;0;0;0;0;0;0;0;0;0;0;0;0;0;0;0;0
FR;9;2022-05-27;0;0;0;0;0;0;0;0;0;0;0;0;0;0;0;0;0;0
FR;9;2022-05-28;0;0;0;0;0;0;0;0;0;0;0;0;0;0;0;0;0;0
FR;9;2022-05-29;0;0;0;0;0;0;0;0;0;0;0;0;0;0;0;0;0;0
FR;9;2022-05-30;0;0;0;0;0;0;0;0;0;0;0;0;0;0;0;0;0;0
FR;9;2022-05-31;0;0;0;0;0;0;0;0;0;0;0;0;0;0;0;0;0;0
FR;9;2022-06-01;0;0;0;0;0;0;0;0;0;0;0;0;0;0;0;0;0;0
FR;9;2022-06-02;0;0;0;0;0;0;0;0;0;0;0;0;0;0;0;0;0;0
FR;9;2022-06-03;0;0;0;0;0;0;0;0;0;0;0;0;0;0;0;0;0;0
FR;9;2022-06-04;0;0;0;0;0;0;0;0;0;0;0;0;0;0;0;0;0;0
FR;9;2022-06-05;0;0;0;0;0;0;0;0;0;0;0;0;0;0;0;0;0;0
FR;9;2022-06-06;0;0;0;0;0;0;0;0;0;0;0;0;0;0;0;0;0;0
FR;9;2022-06-07;0;0;0;0;0;0;0;0;0;0;0;0;0;0;0;0;0;0
FR;9;2022-06-08;0;0;0;0;0;0;0;0;0;0;0;0;0;0;0;0;0;0
FR;9;2022-06-09;0;0;0;0;0;0;0;0;0;0;0;0;0;0;0;0;0;0
FR;9;2022-06-10;0;0;0;0;0;0;0;0;0;0;0;0;0;0;0;0;0;0
FR;9;2022-06-11;0;0;0;0;0;0;0;0;0;0;0;0;0;0;0;0;0;0
FR;9;2022-06-12;0;0;0;0;0;0;0;0;0;0;0;0;0;0;0;0;0;0
FR;9;2022-06-13;0;0;0;0;0;0;0;0;0;0;0;0;0;0;0;0;0;0
FR;9;2022-06-14;0;0;0;0;0;0;0;0;0;0;0;0;0;0;0;0;0;0
FR;9;2022-06-15;0;0;0;0;0;0;0;0;0;0;0;0;0;0;0;0;0;0
FR;9;2022-06-16;0;0;0;0;0;0;0;0;0;0;0;0;0;0;0;0;0;0
FR;9;2022-06-17;0;0;0;0;0;0;0;0;0;0;0;0;0;0;0;0;0;0
FR;9;2022-06-18;0;0;0;0;0;0;0;0;0;0;0;0;0;0;0;0;0;0
FR;9;2022-06-19;0;0;0;0;0;0;0;0;0;0;0;0;0;0;0;0;0;0
FR;9;2022-06-20;0;0;0;0;0;0;0;0;0;0;0;0;0;0;0;0;0;0
FR;9;2022-06-21;0;0;0;0;0;0;0;0;0;0;0;0;0;0;0;0;0;0
FR;9;2022-06-22;0;0;0;0;0;0;0;0;0;0;0;0;0;0;0;0;0;0
FR;9;2022-06-23;0;0;0;0;0;0;0;0;0;0;0;0;0;0;0;0;0;0
FR;9;2022-06-24;0;0;0;0;0;0;0;0;0;0;0;0;0;0;0;0;0;0
FR;9;2022-06-25;0;0;0;0;0;0;0;0;0;0;0;0;0;0;0;0;0;0
FR;9;2022-06-26;0;0;0;0;0;0;0;0;0;0;0;0;0;0;0;0;0;0
FR;9;2022-06-27;0;0;0;0;0;0;0;0;0;0;0;0;0;0;0;0;0;0
FR;9;2022-06-28;0;0;0;0;0;0;0;0;0;0;0;0;0;0;0;0;0;0
FR;9;2022-06-29;0;0;0;0;0;0;0;0;0;0;0;0;0;0;0;0;0;0
FR;9;2022-06-30;0;0;0;0;0;0;0;0;0;0;0;0;0;0;0;0;0;0
FR;9;2022-07-01;0;0;0;0;0;0;0;0;0;0;0;0;0;0;0;0;0;0
FR;9;2022-07-02;0;0;0;0;0;0;0;0;0;0;0;0;0;0;0;0;0;0
FR;9;2022-07-03;0;0;0;0;0;0;0;0;0;0;0;0;0;0;0;0;0;0
FR;9;2022-07-04;0;0;0;0;0;0;0;0;0;0;0;0;0;0;0;0;0;0
FR;9;2022-07-05;0;0;0;0;0;0;0;0;0;0;0;0;0;0;0;0;0;0
FR;9;2022-07-06;0;0;0;0;0;0;0;0;0;0;0;0;0;0;0;0;0;0
FR;9;2022-07-07;0;0;0;0;0;0;0;0;0;0;0;0;0;0;0;0;0;0
FR;9;2022-07-08;0;0;0;0;0;0;0;0;0;0;0;0;0;0;0;0;0;0
FR;9;2022-07-09;0;0;0;0;0;0;0;0;0;0;0;0;0;0;0;0;0;0
FR;9;2022-07-10;0;0;0;0;0;0;0;0;0;0;0;0;0;0;0;0;0;0
FR;9;2022-07-11;0;0;0;0;0;0;0;0;0;0;0;0;0;0;0;0;0;0
FR;9;2022-07-12;0;0;0;0;0;0;0;0;0;0;0;0;0;0;0;0;0;0
FR;9;2022-07-13;0;0;0;0;0;0;0;0;0;0;0;0;0;0;0;0;0;0
FR;9;2022-07-14;0;0;0;0;0;0;0;0;0;0;0;0;0;0;0;0;0;0
FR;9;2022-07-15;0;0;0;0;0;0;0;0;0;0;0;0;0;0;0;0;0;0
FR;9;2022-07-16;0;0;0;0;0;0;0;0;0;0;0;0;0;0;0;0;0;0
FR;9;2022-07-17;0;0;0;0;0;0;0;0;0;0;0;0;0;0;0;0;0;0
FR;9;2022-07-18;0;0;0;0;0;0;0;0;0;0;0;0;0;0;0;0;0;0
FR;9;2022-07-19;0;0;0;0;0;0;0;0;0;0;0;0;0;0;0;0;0;0
FR;9;2022-07-20;0;0;0;0;0;0;0;0;0;0;0;0;0;0;0;0;0;0
FR;9;2022-07-21;0;0;0;0;0;0;0;0;0;0;0;0;0;0;0;0;0;0
FR;9;2022-07-22;0;0;0;0;0;0;0;0;0;0;0;0;0;0;0;0;0;0
FR;9;2022-07-23;0;0;0;0;0;0;0;0;0;0;0;0;0;0;0;0;0;0
FR;9;2022-07-24;0;0;0;0;0;0;0;0;0;0;0;0;0;0;0;0;0;0
FR;9;2022-07-25;0;0;0;0;0;0;0;0;0;0;0;0;0;0;0;0;0;0
FR;9;2022-07-26;0;0;0;0;0;0;0;0;0;0;0;0;0;0;0;0;0;0
FR;9;2022-07-27;0;0;0;0;0;0;0;0;0;0;0;0;0;0;0;0;0;0
FR;9;2022-07-28;0;0;0;0;0;0;0;0;0;0;0;0;0;0;0;0;0;0
FR;9;2022-07-29;0;0;0;0;0;0;0;0;0;0;0;0;0;0;0;0;0;0
FR;9;2022-07-30;0;0;0;0;0;0;0;0;0;0;0;0;0;0;0;0;0;0
FR;9;2022-07-31;0;0;0;0;0;0;0;0;0;0;0;0;0;0;0;0;0;0
FR;9;2022-08-01;0;0;0;0;0;0;0;0;0;0;0;0;0;0;0;0;0;0
FR;9;2022-08-02;0;0;0;0;0;0;0;0;0;0;0;0;0;0;0;0;0;0
FR;9;2022-08-03;0;0;0;0;0;0;0;0;0;0;0;0;0;0;0;0;0;0
FR;9;2022-08-04;0;0;0;0;0;0;0;0;0;0;0;0;0;0;0;0;0;0
FR;9;2022-08-05;0;0;0;0;0;0;0;0;0;0;0;0;0;0;0;0;0;0
FR;9;2022-08-06;0;0;0;0;0;0;0;0;0;0;0;0;0;0;0;0;0;0
FR;9;2022-08-07;0;0;0;0;0;0;0;0;0;0;0;0;0;0;0;0;0;0
FR;9;2022-08-08;0;0;0;0;0;0;0;0;0;0;0;0;0;0;0;0;0;0
FR;9;2022-08-09;0;0;0;0;0;0;0;0;0;0;0;0;0;0;0;0;0;0
FR;9;2022-08-10;0;0;0;0;0;0;0;0;0;0;0;0;0;0;0;0;0;0
FR;9;2022-08-11;0;0;0;0;0;0;0;0;0;0;0;0;0;0;0;0;0;0
FR;9;2022-08-12;0;0;0;0;0;0;0;0;0;0;0;0;0;0;0;0;0;0
FR;9;2022-08-13;0;0;0;0;0;0;0;0;0;0;0;0;0;0;0;0;0;0
FR;9;2022-08-14;0;0;0;0;0;0;0;0;0;0;0;0;0;0;0;0;0;0
FR;9;2022-08-15;0;0;0;0;0;0;0;0;0;0;0;0;0;0;0;0;0;0
FR;9;2022-08-16;0;0;0;0;0;0;0;0;0;0;0;0;0;0;0;0;0;0
FR;9;2022-08-17;0;0;0;0;0;0;0;0;0;0;0;0;0;0;0;0;0;0
FR;9;2022-08-18;0;0;0;0;0;0;0;0;0;0;0;0;0;0;0;0;0;0
FR;9;2022-08-19;0;0;0;0;0;0;0;0;0;0;0;0;0;0;0;0;0;0
FR;9;2022-08-20;0;0;0;0;0;0;0;0;0;0;0;0;0;0;0;0;0;0
FR;9;2022-08-21;0;0;0;0;0;0;0;0;0;0;0;0;0;0;0;0;0;0
FR;9;2022-08-22;0;0;0;0;0;0;0;0;0;0;0;0;0;0;0;0;0;0
FR;9;2022-08-23;0;0;0;0;0;0;0;0;0;0;0;0;0;0;0;0;0;0
FR;9;2022-08-24;0;0;0;0;0;0;0;0;0;0;0;0;0;0;0;0;0;0
FR;9;2022-08-25;0;0;0;0;0;0;0;0;0;0;0;0;0;0;0;0;0;0
FR;9;2022-08-26;0;0;0;0;0;0;0;0;0;0;0;0;0;0;0;0;0;0
FR;9;2022-08-27;0;0;0;0;0;0;0;0;0;0;0;0;0;0;0;0;0;0
FR;9;2022-08-28;0;0;0;0;0;0;0;0;0;0;0;0;0;0;0;0;0;0
FR;9;2022-08-29;0;0;0;0;0;0;0;0;0;0;0;0;0;0;0;0;0;0
FR;9;2022-08-30;0;0;0;0;0;0;0;0;0;0;0;0;0;0;0;0;0;0
FR;9;2022-08-31;0;0;0;0;0;0;0;0;0;0;0;0;0;0;0;0;0;0
FR;9;2022-09-01;0;0;0;0;0;0;0;0;0;0;0;0;0;0;0;0;0;0
FR;9;2022-09-02;0;0;0;0;0;0;0;0;0;0;0;0;0;0;0;0;0;0
FR;9;2022-09-03;0;0;0;0;0;0;0;0;0;0;0;0;0;0;0;0;0;0
FR;9;2022-09-04;0;0;0;0;0;0;0;0;0;0;0;0;0;0;0;0;0;0
FR;9;2022-09-05;0;0;0;0;0;0;0;0;0;0;0;0;0;0;0;0;0;0
FR;9;2022-09-06;0;0;0;0;0;0;0;0;0;0;0;0;0;0;0;0;0;0
FR;9;2022-09-07;0;0;0;0;0;0;0;0;0;0;0;0;0;0;0;0;0;0
FR;9;2022-09-08;0;0;0;0;0;0;0;0;0;0;0;0;0;0;0;0;0;0
FR;9;2022-09-09;0;0;0;0;0;0;0;0;0;0;0;0;0;0;0;0;0;0
FR;9;2022-09-10;0;0;0;0;0;0;0;0;0;0;0;0;0;0;0;0;0;0
FR;9;2022-09-11;0;0;0;0;0;0;0;0;0;0;0;0;0;0;0;0;0;0
FR;9;2022-09-12;0;0;0;0;0;0;0;0;0;0;0;0;0;0;0;0;0;0
FR;9;2022-09-13;0;0;0;0;0;0;0;0;0;0;0;0;0;0;0;0;0;0
FR;9;2022-09-14;0;0;0;0;0;0;0;0;0;0;0;0;0;0;0;0;0;0
FR;9;2022-09-15;0;0;0;0;0;0;0;0;0;0;0;0;0;0;0;0;0;0
FR;9;2022-09-16;0;0;0;0;0;0;0;0;0;0;0;0;0;0;0;0;0;0
FR;9;2022-09-17;0;0;0;0;0;0;0;0;0;0;0;0;0;0;0;0;0;0
FR;9;2022-09-18;0;0;0;0;0;0;0;0;0;0;0;0;0;0;0;0;0;0
FR;9;2022-09-19;0;0;0;0;0;0;0;0;0;0;0;0;0;0;0;0;0;0
FR;9;2022-09-20;0;0;0;0;0;0;0;0;0;0;0;0;0;0;0;0;0;0
FR;9;2022-09-21;0;0;0;0;0;0;0;0;0;0;0;0;0;0;0;0;0;0
FR;9;2022-09-22;0;0;0;0;0;0;0;0;0;0;0;0;0;0;0;0;0;0
FR;9;2022-09-23;0;0;0;0;0;0;0;0;0;0;0;0;0;0;0;0;0;0
FR;9;2022-09-24;0;0;0;0;0;0;0;0;0;0;0;0;0;0;0;0;0;0
FR;9;2022-09-25;0;0;0;0;0;0;0;0;0;0;0;0;0;0;0;0;0;0
FR;9;2022-09-26;0;0;0;0;0;0;0;0;0;0;0;0;0;0;0;0;0;0
FR;9;2022-09-27;0;0;0;0;0;0;0;0;0;0;0;0;0;0;0;0;0;0
FR;9;2022-09-28;0;0;0;0;0;0;0;0;0;0;0;0;0;0;0;0;0;0
FR;9;2022-09-29;1;1;8;33;0;6;35;43;2;1;1;8;33;0;6;35;43;2
FR;9;2022-09-30;5;13;62;606;7;48;614;715;51;6;14;70;639;7;54;649;758;53
FR;9;2022-10-01;10;2;43;327;3;26;335;396;35;16;16;113;966;10;80;984;1154;88
FR;9;2022-10-02;2;1;5;50;0;4;51;66;11;18;17;118;1016;10;84;1035;1220;99
FR;9;2022-10-03;15;17;151;1714;11;129;1708;2074;234;33;34;269;2730;21;213;2743;3294;333
FR;9;2022-10-04;23;48;353;3954;18;228;4022;4704;450;56;82;622;6684;39;441;6765;7998;783
FR;9;2022-10-05;30;21;269;3000;18;203;3013;3658;433;86;103;891;9684;57;644;9778;11656;1216
FR;9;2022-10-06;23;35;400;4598;18;301;4631;5609;672;109;138;1291;14282;75;945;14409;17265;1888
FR;9;2022-10-07;29;50;499;5706;19;384;5720;7029;923;138;188;1790;19988;94;1329;20129;24294;2811
FR;9;2022-10-08;10;18;128;1090;8;86;1108;1389;191;148;206;1918;21078;102;1415;21237;25683;3002
FR;9;2022-10-09;1;7;22;197;1;29;198;277;50;149;213;1940;21275;103;1444;21435;25960;3052
FR;9;2022-10-10;11;26;207;2572;14;181;2576;3296;533;160;239;2147;23847;117;1625;24011;29256;3585
FR;9;2022-10-11;31;40;424;5043;27;312;5024;6198;851;191;279;2571;28890;144;1937;29035;35454;4436
FR;9;2022-10-12;22;26;297;2987;16;212;3044;3830;572;213;305;2868;31877;160;2149;32079;39284;5008
FR;9;2022-10-13;25;42;374;3980;16;245;4036;5027;740;238;347;3242;35857;176;2394;36115;44311;5748
FR;9;2022-10-14;27;26;383;4430;12;295;4414;5558;838;265;373;3625;40287;188;2689;40529;49869;6586
FR;9;2022-10-15;14;8;101;1052;7;79;1029;1308;198;279;381;3726;41339;195;2768;41558;51177;6784
FR;9;2022-10-16;4;1;9;132;2;12;126;168;28;283;382;3735;41471;197;2780;41684;51345;6812
FR;9;2022-10-17;4;22;165;1875;11;127;1883;2492;475;287;404;3900;43346;208;2907;43567;53837;7287
FR;9;2022-10-18;36;29;317;3430;17;237;3454;4663;963;323;433;4217;46776;225;3144;47021;58500;8250
FR;9;2022-10-19;22;19;262;2688;17;174;2717;3733;827;345;452;4479;49464;242;3318;49738;62233;9077
FR;9;2022-10-20;22;22;308;3628;8;233;3639;4813;933;367;474;4787;53092;250;3551;53377;67046;10010
FR;9;2022-10-21;14;32;327;3550;11;228;3556;4656;864;381;506;5114;56642;261;3779;56933;71702;10874
FR;9;2022-10-22;10;11;90;914;8;62;919;1193;207;391;517;5204;57556;269;3841;57852;72895;11081
FR;9;2022-10-23;2;2;17;100;2;10;105;148;33;393;519;5221;57656;271;3851;57957;73043;11114
FR;9;2022-10-24;7;17;159;1363;6;106;1434;1942;397;400;536;5380;59019;277;3957;59391;74985;11511
FR;9;2022-10-25;19;22;228;2841;16;188;2851;3938;896;419;558;5608;61860;293;4145;62242;78923;12407
FR;9;2022-10-26;14;16;169;1800;13;123;1812;2527;590;433;574;5777;63660;306;4268;64054;81450;12997
FR;9;2022-10-27;9;26;230;2303;15;173;2337;3210;689;442;600;6007;65963;321;4441;66391;84660;13686
FR;9;2022-10-28;18;27;224;2277;17;151;2303;3142;681;460;627;6231;68240;338;4592;68694;87802;14367
FR;9;2022-10-29;12;8;55;505;5;46;496;662;119;472;635;6286;68745;343;4638;69190;88464;14486
FR;9;2022-10-30;2;1;8;58;1;8;58;82;16;474;636;6294;68803;344;4646;69248;88546;14502
FR;9;2022-10-31;13;7;105;660;9;59;695;996;240;487;643;6399;69463;353;4705;69943;89542;14742
FR;9;2022-11-01;1;2;15;43;1;11;49;71;11;488;645;6414;69506;354;4716;69992;89613;14753
FR;9;2022-11-02;7;12;102;1027;4;76;1045;1577;452;495;657;6516;70533;358;4792;71037;91190;15205
FR;9;2022-11-03;17;18;157;1599;16;92;1647;2348;599;512;675;6673;72132;374;4884;72684;93538;15804
FR;9;2022-11-04;21;19;193;1751;15;120;1800;2536;611;533;694;6866;73883;389;5004;74484;96074;16415
FR;9;2022-11-05;8;10;58;403;9;39;424;573;107;541;704;6924;74286;398;5043;74908;96647;16522
FR;9;2022-11-06;5;4;5;62;6;2;61;88;25;546;708;6929;74348;404;5045;74969;96735;16547
FR;9;2022-11-07;16;19;89;942;16;110;941;1489;432;562;727;7018;75290;420;5155;75910;98224;16979
FR;9;2022-11-08;11;19;171;1827;13;137;1815;2660;703;573;746;7189;77117;433;5292;77725;100884;17682
FR;9;2022-11-09;16;16;123;1261;9;98;1322;1878;453;589;762;7312;78378;442;5390;79047;102762;18135
FR;9;2022-11-10;13;22;162;1623;14;137;1621;2281;519;602;784;7474;80001;456;5527;80668;105043;18654
FR;9;2022-11-11;1;1;13;81;1;6;83;124;35;603;785;7487;80082;457;5533;80751;105167;18689
FR;9;2022-11-12;5;8;44;259;7;19;278;395;97;608;793;7531;80341;464;5552;81029;105562;18786
FR;9;2022-11-13;2;0;4;30;0;4;31;51;16;610;793;7535;80371;464;5556;81060;105613;18802
FR;9;2022-11-14;11;12;56;713;11;44;722;1108;339;621;805;7591;81084;475;5600;81782;106721;19141
FR;9;2022-11-15;18;17;150;1346;8;103;1356;2103;638;639;822;7741;82430;483;5703;83138;108824;19779
FR;9;2022-11-16;10;5;99;979;8;58;997;1490;431;649;827;7840;83409;491;5761;84135;110314;20210
FR;9;2022-11-17;9;17;126;1086;11;78;1111;1695;501;658;844;7966;84495;502;5839;85246;112009;20711
FR;9;2022-11-18;7;16;120;1440;5;78;1455;2027;492;665;860;8086;85935;507;5917;86701;114036;21203
FR;9;2022-11-19;3;5;51;364;1;28;351;490;106;668;865;8137;86299;508;5945;87052;114526;21309
FR;9;2022-11-20;1;0;5;37;0;3;35;54;16;669;865;8142;86336;508;5948;87087;114580;21325
FR;9;2022-11-21;9;12;66;636;5;51;639;960;263;678;877;8208;86972;513;5999;87726;115540;21588
FR;9;2022-11-22;15;12;121;1037;13;74;1067;1592;449;693;889;8329;88009;526;6073;88793;117132;22037
FR;9;2022-11-23;7;10;69;735;5;33;762;1172;372;700;899;8398;88744;531;6106;89555;118304;22409
FR;9;2022-11-24;8;19;93;979;14;68;992;1472;406;708;918;8491;89723;545;6174;90547;119776;22815
FR;9;2022-11-25;8;11;107;1180;9;82;1195;1781;503;716;929;8598;90903;554;6256;91742;121557;23318
FR;9;2022-11-26;6;6;35;217;7;24;214;310;68;722;935;8633;91120;561;6280;91956;121867;23386
FR;9;2022-11-27;1;1;6;42;0;2;46;82;34;723;936;8639;91162;561;6282;92002;121949;23420
FR;9;2022-11-28;5;7;103;698;7;60;726;1135;344;728;943;8742;91860;568;6342;92728;123084;23764
FR;9;2022-11-29;6;18;142;1299;6;89;1327;1942;521;734;961;8884;93159;574;6431;94055;125026;24285
FR;9;2022-11-30;9;12;99;1032;5;76;1055;1606;470;743;973;8983;94191;579;6507;95110;126632;24755
FR;9;2022-12-01;16;14;112;1345;8;80;1331;1970;554;759;987;9095;95536;587;6587;96441;128602;25309
FR;9;2022-12-02;10;13;193;1817;10;107;1818;2631;700;769;1000;9288;97353;597;6694;98259;131233;26009
FR;9;2022-12-03;7;9;79;619;5;41;632;887;208;776;1009;9367;97972;602;6735;98891;132120;26217
FR;9;2022-12-04;11;4;15;105;5;8;105;153;40;787;1013;9382;98077;607;6743;98996;132273;26257
FR;9;2022-12-05;21;24;144;1406;18;98;1421;2110;584;808;1037;9526;99483;625;6841;100417;134383;26841
FR;9;2022-12-06;30;21;264;2453;21;148;2548;3812;1097;838;1058;9790;101936;646;6989;102965;138195;27938
FR;9;2022-12-07;15;22;181;1848;20;112;1890;2826;814;853;1080;9971;103784;666;7101;104855;141021;28752
FR;9;2022-12-08;14;22;222;2404;15;125;2467;3701;1092;867;1102;10193;106188;681;7226;107322;144722;29844
FR;9;2022-12-09;14;25;287;2888;10;143;2986;4337;1200;881;1127;10480;109076;691;7369;110308;149059;31044
FR;9;2022-12-10;12;13;122;1324;5;56;1347;1819;410;893;1140;10602;110400;696;7425;111655;150878;31454
FR;9;2022-12-11;5;5;21;277;6;10;283;363;66;898;1145;10623;110677;702;7435;111938;151241;31520
FR;9;2022-12-12;17;14;215;1958;12;109;2032;2892;746;915;1159;10838;112635;714;7544;113970;154133;32266
FR;9;2022-12-13;28;23;317;3085;15;151;3221;4720;1337;943;1182;11155;115720;729;7695;117191;158853;33603
FR;9;2022-12-14;15;10;191;2335;8;94;2405;3505;989;958;1192;11346;118055;737;7789;119596;162358;34592
FR;9;2022-12-15;17;24;257;2611;13;138;2682;4069;1238;975;1216;11603;120666;750;7927;122278;166427;35830
FR;9;2022-12-16;15;29;294;3072;21;165;3155;4603;1274;990;1245;11897;123738;771;8092;125433;171030;37104
FR;9;2022-12-17;8;11;106;1193;6;50;1208;1664;402;998;1256;12003;124931;777;8142;126641;172694;37506
FR;9;2022-12-18;1;7;30;245;6;14;251;333;67;999;1263;12033;125176;783;8156;126892;173027;37573
FR;9;2022-12-19;20;21;149;1599;15;78;1631;2507;789;1019;1284;12182;126775;798;8234;128523;175534;38362
FR;9;2022-12-20;21;19;232;2306;6;115;2349;3708;1233;1040;1303;12414;129081;804;8349;130872;179242;39595
FR;9;2022-12-21;6;14;139;1501;7;66;1554;2402;775;1046;1317;12553;130582;811;8415;132426;181644;40370
FR;9;2022-12-22;19;9;136;1402;9;78;1418;2119;615;1065;1326;12689;131984;820;8493;133844;183763;40985
FR;9;2022-12-23;11;15;77;728;9;51;730;1092;305;1076;1341;12766;132712;829;8544;134574;184855;41290
FR;9;2022-12-24;1;5;13;96;4;6;98;138;34;1077;1346;12779;132808;833;8550;134672;184993;41324
FR;9;2022-12-25;1;0;5;5;0;4;6;12;2;1078;1346;12784;132813;833;8554;134678;185005;41326
FR;9;2022-12-26;17;8;64;547;11;37;554;829;235;1095;1354;12848;133360;844;8591;135232;185834;41561
FR;9;2022-12-27;12;30;97;882;14;69;917;1422;430;1107;1384;12945;134242;858;8660;136149;187256;41991
FR;9;2022-12-28;8;9;82;749;8;40;768;1185;372;1115;1393;13027;134991;866;8700;136917;188441;42363
FR;9;2022-12-29;9;14;92;720;10;51;753;1135;324;1124;1407;13119;135711;876;8751;137670;189576;42687
FR;9;2022-12-30;12;17;77;592;9;47;612;899;237;1136;1424;13196;136303;885;8798;138282;190475;42924
FR;9;2022-12-31;2;3;17;136;2;12;139;190;38;1138;1427;13213;136439;887;8810;138421;190665;42962
FR;9;2023-01-01;0;2;3;19;1;4;19;31;8;1138;1429;13216;136458;888;8814;138440;190696;42970
FR;9;2023-01-02;11;11;56;592;4;40;585;949;320;1149;1440;13272;137050;892;8854;139025;191645;43290
FR;9;2023-01-03;19;20;122;1079;20;75;1101;1940;749;1168;1460;13394;138129;912;8929;140126;193585;44039
FR;9;2023-01-04;21;19;113;846;9;73;898;1609;633;1189;1479;13507;138975;921;9002;141024;195194;44672
FR;9;2023-01-05;5;20;115;1059;11;65;1091;2048;882;1194;1499;13622;140034;932;9067;142115;197242;45554
FR;9;2023-01-06;13;17;152;1370;4;73;1388;2410;938;1207;1516;13774;141404;936;9140;143503;199652;46492
FR;9;2023-01-07;6;13;58;436;14;36;427;687;220;1213;1529;13832;141840;950;9176;143930;200339;46712
FR;9;2023-01-08;4;11;15;92;9;12;91;137;32;1217;1540;13847;141932;959;9188;144021;200476;46744
FR;9;2023-01-09;16;15;87;623;9;62;615;1276;586;1233;1555;13934;142555;968;9250;144636;201752;47330
FR;9;2023-01-10;13;12;154;979;11;74;1033;1990;871;1246;1567;14088;143534;979;9324;145669;203742;48201
FR;9;2023-01-11;19;9;74;680;10;49;689;1387;643;1265;1576;14162;144214;989;9373;146358;205129;48844
FR;9;2023-01-12;21;9;92;845;3;77;823;1688;775;1286;1585;14254;145059;992;9450;147181;206817;49619
FR;9;2023-01-13;15;19;106;888;12;73;910;1784;785;1301;1604;14360;145947;1004;9523;148091;208601;50404
FR;9;2023-01-14;9;9;55;294;5;33;299;585;247;1310;1613;14415;146241;1009;9556;148390;209186;50651
FR;9;2023-01-15;1;3;15;37;0;9;41;82;32;1311;1616;14430;146278;1009;9565;148431;209268;50683
FR;9;2023-01-16;6;15;54;366;13;24;383;785;371;1317;1631;14484;146644;1022;9589;148814;210053;51054
FR;9;2023-01-17;7;9;83;563;4;49;577;1244;609;1324;1640;14567;147207;1026;9638;149391;211297;51663
FR;9;2023-01-18;8;14;37;380;6;32;397;841;405;1332;1654;14604;147587;1032;9670;149788;212138;52068
FR;9;2023-01-19;10;9;58;477;8;30;478;1088;569;1342;1663;14662;148064;1040;9700;150266;213226;52637
FR;9;2023-01-20;15;19;96;578;16;57;595;1190;534;1357;1682;14758;148642;1056;9757;150861;214416;53171
FR;9;2023-01-21;8;15;20;192;11;13;190;347;140;1365;1697;14778;148834;1067;9770;151051;214763;53311
FR;9;2023-01-22;0;0;8;20;0;5;21;42;16;1365;1697;14786;148854;1067;9775;151072;214805;53327
FR;9;2023-01-23;4;15;27;253;9;25;242;563;287;1369;1712;14813;149107;1076;9800;151314;215368;53614
FR;9;2023-01-24;11;10;70;461;9;42;484;1162;633;1380;1722;14883;149568;1085;9842;151798;216530;54247
FR;9;2023-01-25;11;20;50;325;9;47;336;798;410;1391;1742;14933;149893;1094;9889;152134;217328;54657
FR;9;2023-01-26;7;17;64;391;8;50;390;967;515;1398;1759;14997;150284;1102;9939;152524;218295;55172
FR;9;2023-01-27;4;7;59;381;3;31;397;906;462;1402;1766;15056;150665;1105;9970;152921;219201;55634
FR;9;2023-01-28;3;6;31;128;5;27;120;265;116;1405;1772;15087;150793;1110;9997;153041;219466;55750
FR;9;2023-01-29;3;0;3;18;2;1;17;40;22;1408;1772;15090;150811;1112;9998;153058;219506;55772
FR;9;2023-01-30;4;6;31;192;5;11;211;501;272;1412;1778;15121;151003;1117;10009;153269;220007;56044
FR;9;2023-01-31;14;7;38;260;8;18;264;649;359;1426;1785;15159;151263;1125;10027;153533;220656;56403
FR;9;2023-02-01;5;7;26;173;4;20;179;519;309;1431;1792;15185;151436;1129;10047;153712;221175;56712
FR;9;2023-02-02;4;6;31;252;6;23;233;666;395;1435;1798;15216;151688;1135;10070;153945;221841;57107
FR;9;2023-02-03;8;13;42;289;10;37;275;677;355;1443;1811;15258;151977;1145;10107;154220;222518;57462
FR;9;2023-02-04;6;5;10;70;7;8;68;160;84;1449;1816;15268;152047;1152;10115;154288;222678;57546
FR;9;2023-02-05;1;1;4;7;0;4;7;17;6;1450;1817;15272;152054;1152;10119;154295;222695;57552
FR;9;2023-02-06;3;5;17;81;4;15;78;229;134;1453;1822;15289;152135;1156;10134;154373;222924;57686
FR;9;2023-02-07;3;5;30;145;3;21;138;451;285;1456;1827;15319;152280;1159;10155;154511;223375;57971
FR;9;2023-02-08;4;6;25;116;3;13;125;301;160;1460;1833;15344;152396;1162;10168;154636;223676;58131
FR;9;2023-02-09;8;3;20;138;4;14;123;343;202;1468;1836;15364;152534;1166;10182;154759;224019;58333
FR;9;2023-02-10;8;8;19;149;10;11;145;315;153;1476;1844;15383;152683;1176;10193;154904;224334;58486
FR;9;2023-02-11;5;4;14;42;3;9;47;84;28;1481;1848;15397;152725;1179;10202;154951;224418;58514
FR;9;2023-02-12;0;0;0;1;0;0;1;8;7;1481;1848;15397;152726;1179;10202;154952;224426;58521
FR;9;2023-02-13;3;8;5;50;8;4;45;107;55;1484;1856;15402;152776;1187;10206;154997;224533;58576
FR;9;2023-02-14;10;10;16;66;10;13;63;225;146;1494;1866;15418;152842;1197;10219;155060;224758;58722
FR;9;2023-02-15;1;5;17;52;3;13;50;163;99;1495;1871;15435;152894;1200;10232;155110;224921;58821
FR;9;2023-02-16;4;6;19;77;1;17;78;197;93;1499;1877;15454;152971;1201;10249;155188;225118;58914
FR;9;2023-02-17;6;4;15;62;5;11;64;178;99;1505;1881;15469;153033;1206;10260;155252;225296;59013
FR;9;2023-02-18;1;5;1;30;5;3;25;58;29;1506;1886;15470;153063;1211;10263;155277;225354;59042
FR;9;2023-02-19;1;0;0;1;0;0;1;3;2;1507;1886;15470;153064;1211;10263;155278;225357;59044
FR;9;2023-02-20;2;3;9;60;2;6;60;123;55;1509;1889;15479;153124;1213;10269;155338;225480;59099
FR;9;2023-02-21;6;9;11;65;7;10;65;160;83;1515;1898;15490;153189;1220;10279;155403;225640;59182
FR;9;2023-02-22;2;4;18;70;3;13;72;210;118;1517;1902;15508;153259;1223;10292;155475;225850;59300
FR;9;2023-02-23;5;3;17;63;1;12;69;146;61;1522;1905;15525;153322;1224;10304;155544;225996;59361
FR;9;2023-02-24;6;5;13;80;6;8;83;211;114;1528;1910;15538;153402;1230;10312;155627;226207;59475
FR;9;2023-02-25;2;2;10;14;4;4;23;43;16;1530;1912;15548;153416;1234;10316;155650;226250;59491
FR;9;2023-02-26;3;1;0;4;3;1;4;5;0;1533;1913;15548;153420;1237;10317;155654;226255;59491
FR;9;2023-02-27;2;3;5;17;3;2;19;49;26;1535;1916;15553;153437;1240;10319;155673;226304;59517
FR;9;2023-02-28;7;13;18;55;11;16;58;155;76;1542;1929;15571;153492;1251;10335;155731;226459;59593
FR;9;2023-03-01;0;9;6;20;7;7;20;78;48;1542;1938;15577;153512;1258;10342;155751;226537;59641
FR;9;2023-03-02;0;1;7;31;1;2;36;80;41;1542;1939;15584;153543;1259;10344;155787;226617;59682
FR;9;2023-03-03;1;4;9;47;3;7;48;122;67;1543;1943;15593;153590;1262;10351;155835;226739;59749
FR;9;2023-03-04;1;2;7;19;1;4;25;41;10;1544;1945;15600;153609;1263;10355;155860;226780;59759
FR;9;2023-03-05;0;1;1;0;1;0;1;8;7;1544;1946;15601;153609;1264;10355;155861;226788;59766
FR;9;2023-03-06;1;6;6;8;3;6;9;35;19;1545;1952;15607;153617;1267;10361;155870;226823;59785
FR;9;2023-03-07;2;4;8;20;0;9;24;69;34;1547;1956;15615;153637;1267;10370;155894;226892;59819
FR;9;2023-03-08;2;4;10;6;4;4;13;39;20;1549;1960;15625;153643;1271;10374;155907;226931;59839
FR;9;2023-03-09;1;3;9;12;2;6;17;65;42;1550;1963;15634;153655;1273;10380;155924;226996;59881
FR;9;2023-03-10;3;3;6;23;3;4;20;70;44;1553;1966;15640;153678;1276;10384;155944;227066;59925
FR;9;2023-03-11;2;3;4;8;2;1;11;15;3;1555;1969;15644;153686;1278;10385;155955;227081;59928
FR;9;2023-03-12;0;1;0;0;1;0;0;0;0;1555;1970;15644;153686;1279;10385;155955;227081;59928
FR;9;2023-03-13;3;5;9;34;3;4;14;49;29;1558;1975;15653;153720;1282;10389;155969;227130;59957
FR;9;2023-03-14;3;3;7;27;1;6;29;79;41;1561;1978;15660;153747;1283;10395;155998;227209;59998
FR;9;2023-03-15;0;6;4;15;4;4;17;47;24;1561;1984;15664;153762;1287;10399;156015;227256;60022
FR;9;2023-03-16;0;9;7;15;5;8;15;77;52;1561;1993;15671;153777;1292;10407;156030;227333;60074
FR;9;2023-03-17;0;7;6;40;3;8;27;113;71;1561;2000;15677;153817;1295;10415;156057;227446;60145
FR;9;2023-03-18;2;2;5;13;1;4;16;48;26;1563;2002;15682;153830;1296;10419;156073;227494;60171
FR;9;2023-03-19;0;1;0;0;1;0;0;0;0;1563;2003;15682;153830;1297;10419;156073;227494;60171
FR;9;2023-03-20;3;7;1;25;6;1;13;54;40;1566;2010;15683;153855;1303;10420;156086;227548;60211
FR;9;2023-03-21;1;1;6;16;1;1;21;69;47;1567;2011;15689;153871;1304;10421;156107;227617;60258
FR;9;2023-03-22;1;2;4;19;2;2;22;78;49;1568;2013;15693;153890;1306;10423;156129;227695;60307
FR;9;2023-03-23;0;6;7;22;4;7;21;56;25;1568;2019;15700;153912;1310;10430;156150;227751;60332
FR;9;2023-03-24;2;2;5;25;2;5;26;53;19;1570;2021;15705;153937;1312;10435;156176;227804;60351
FR;9;2023-03-25;0;0;4;6;0;3;8;16;5;1570;2021;15709;153943;1312;10438;156184;227820;60356
FR;9;2023-03-26;0;1;0;0;0;1;0;2;1;1570;2022;15709;153943;1312;10439;156184;227822;60357
FR;9;2023-03-27;0;3;4;8;2;2;12;32;15;1570;2025;15713;153951;1314;10441;156196;227854;60372
FR;9;2023-03-28;5;13;6;17;12;7;16;49;22;1575;2038;15719;153968;1326;10448;156212;227903;60394
FR;9;2023-03-29;3;6;8;5;2;8;8;28;12;1578;2044;15727;153973;1328;10456;156220;227931;60406
FR;9;2023-03-30;2;2;2;17;2;3;17;43;20;1580;2046;15729;153990;1330;10459;156237;227974;60426
FR;9;2023-03-31;1;3;2;18;1;6;15;45;22;1581;2049;15731;154008;1331;10465;156252;228019;60448
FR;9;2023-04-01;0;1;5;2;0;4;5;12;3;1581;2050;15736;154010;1331;10469;156257;228031;60451
FR;9;2023-04-02;3;1;1;0;0;2;0;4;2;1584;2051;15737;154010;1331;10471;156257;228035;60453
FR;9;2023-04-03;0;1;3;13;0;4;10;53;34;1584;2052;15740;154023;1331;10475;156267;228088;60487
FR;9;2023-04-04;4;4;11;18;2;7;22;61;29;1588;2056;15751;154041;1333;10482;156289;228149;60516
FR;9;2023-04-05;0;2;5;27;1;3;32;78;39;1588;2058;15756;154068;1334;10485;156321;228227;60555
FR;9;2023-04-06;0;0;4;13;0;2;16;42;23;1588;2058;15760;154081;1334;10487;156337;228269;60578
FR;9;2023-04-07;1;6;1;7;2;4;7;34;19;1589;2064;15761;154088;1336;10491;156344;228303;60597
FR;9;2023-04-08;0;1;2;1;0;1;3;7;2;1589;2065;15763;154089;1336;10492;156347;228310;60599
FR;9;2023-04-09;0;1;0;0;1;0;0;2;1;1589;2066;15763;154089;1337;10492;156347;228312;60600
FR;9;2023-04-10;0;1;1;5;1;1;5;6;0;1589;2067;15764;154094;1338;10493;156352;228318;60600
FR;9;2023-04-11;2;5;4;9;4;3;8;22;8;1591;2072;15768;154103;1342;10496;156360;228340;60608
FR;9;2023-04-12;1;2;6;8;2;4;10;41;24;1592;2074;15774;154111;1344;10500;156370;228381;60632
FR;9;2023-04-13;0;0;2;4;0;2;4;15;9;1592;2074;15776;154115;1344;10502;156374;228396;60641
FR;9;2023-04-14;1;4;7;10;1;6;12;38;13;1593;2078;15783;154125;1345;10508;156386;228434;60654
FR;9;2023-04-15;0;1;2;2;1;1;2;7;4;1593;2079;15785;154127;1346;10509;156388;228441;60658
FR;9;2023-04-16;0;1;0;0;1;0;0;0;0;1593;2080;15785;154127;1347;10509;156388;228441;60658
FR;9;2023-04-17;1;2;7;11;2;3;14;45;21;1594;2082;15792;154138;1349;10512;156402;228486;60679
FR;9;2023-04-18;2;1;3;8;1;2;9;34;21;1596;2083;15795;154146;1350;10514;156411;228520;60700
FR;9;2023-04-19;1;0;2;4;0;2;4;28;16;1597;2083;15797;154150;1350;10516;156415;228548;60716
FR;9;2023-04-20;1;0;2;6;0;2;6;24;13;1598;2083;15799;154156;1350;10518;156421;228572;60729
FR;9;2023-04-21;0;2;2;5;1;3;8;31;15;1598;2085;15801;154161;1351;10521;156429;228603;60744
FR;9;2023-04-22;0;1;0;2;1;0;2;3;1;1598;2086;15801;154163;1352;10521;156431;228606;60745
FR;9;2023-04-23;0;0;0;0;0;0;0;1;0;1598;2086;15801;154163;1352;10521;156431;228607;60745
FR;9;2023-04-24;1;3;3;13;3;3;11;26;9;1599;2089;15804;154176;1355;10524;156442;228633;60754
FR;9;2023-04-25;1;2;5;11;2;1;16;87;43;1600;2091;15809;154187;1357;10525;156458;228720;60797
FR;9;2023-04-26;5;0;4;9;0;5;4;13;3;1605;2091;15813;154196;1357;10530;156462;228733;60800
FR;9;2023-04-27;0;2;4;2;2;4;1;9;3;1605;2093;15817;154198;1359;10534;156463;228742;60803
FR;9;2023-04-28;0;0;0;0;0;0;0;4;4;1605;2093;15817;154198;1359;10534;156463;228746;60807
FR;9;2023-04-29;1;2;2;0;1;1;3;8;3;1606;2095;15819;154198;1360;10535;156466;228754;60810
FR;9;2023-04-30;0;1;0;0;1;0;0;0;0;1606;2096;15819;154198;1361;10535;156466;228754;60810
FR;9;2023-05-01;0;0;0;0;0;0;0;0;0;1606;2096;15819;154198;1361;10535;156466;228754;60810
FR;9;2023-05-02;1;1;3;2;0;3;3;18;7;1607;2097;15822;154200;1361;10538;156469;228772;60817
FR;9;2023-05-03;2;2;2;2;1;3;2;9;3;1609;2099;15824;154202;1362;10541;156471;228781;60820
FR;9;2023-05-04;0;1;2;2;1;2;3;9;2;1609;2100;15826;154204;1363;10543;156474;228790;60822
FR;9;2023-05-05;0;1;2;1;1;0;3;19;11;1609;2101;15828;154205;1364;10543;156477;228809;60833
FR;9;2023-05-06;0;1;0;0;1;0;0;3;2;1609;2102;15828;154205;1365;10543;156477;228812;60835
FR;9;2023-05-07;0;1;0;0;0;1;0;1;0;1609;2103;15828;154205;1365;10544;156477;228813;60835
FR;9;2023-05-08;0;0;0;0;0;0;0;0;0;1609;2103;15828;154205;1365;10544;156477;228813;60835
FR;9;2023-05-09;0;1;3;16;1;3;14;45;28;1609;2104;15831;154221;1366;10547;156491;228858;60863
FR;9;2023-05-10;1;0;0;0;0;1;0;9;3;1610;2104;15831;154221;1366;10548;156491;228867;60866
FR;9;2023-05-11;0;0;1;0;0;1;0;7;5;1610;2104;15832;154221;1366;10549;156491;228874;60871
FR;9;2023-05-12;1;1;4;1;0;3;3;14;7;1611;2105;15836;154222;1366;10552;156494;228888;60878
FR;9;2023-05-13;0;0;0;0;0;0;0;2;1;1611;2105;15836;154222;1366;10552;156494;228890;60879
FR;9;2023-05-14;0;0;0;0;0;0;0;0;0;1611;2105;15836;154222;1366;10552;156494;228890;60879
FR;9;2023-05-15;0;0;0;1;0;0;1;9;2;1611;2105;15836;154223;1366;10552;156495;228899;60881
FR;9;2023-05-16;0;1;0;3;1;0;3;11;4;1611;2106;15836;154226;1367;10552;156498;228910;60885
FR;9;2023-05-17;0;0;1;4;0;1;3;7;0;1611;2106;15837;154230;1367;10553;156501;228917;60885
FR;9;2023-05-18;0;0;0;0;0;0;0;0;0;1611;2106;15837;154230;1367;10553;156501;228917;60885
FR;9;2023-05-19;0;1;1;1;1;0;2;6;4;1611;2107;15838;154231;1368;10553;156503;228923;60889
FR;9;2023-05-20;0;0;0;0;0;0;0;2;0;1611;2107;15838;154231;1368;10553;156503;228925;60889
FR;9;2023-05-21;0;0;0;0;0;0;0;0;0;1611;2107;15838;154231;1368;10553;156503;228925;60889
FR;9;2023-05-22;0;1;0;0;1;0;0;4;4;1611;2108;15838;154231;1369;10553;156503;228929;60893
FR;9;2023-05-23;1;1;0;1;0;1;1;10;3;1612;2109;15838;154232;1369;10554;156504;228939;60896
FR;9;2023-05-24;0;1;0;2;1;0;2;4;0;1612;2110;15838;154234;1370;10554;156506;228943;60896
FR;9;2023-05-25;0;0;0;0;0;0;0;3;0;1612;2110;15838;154234;1370;10554;156506;228946;60896
FR;9;2023-05-26;0;0;2;4;0;3;2;14;8;1612;2110;15840;154238;1370;10557;156508;228960;60904
FR;9;2023-05-27;0;0;0;0;0;0;0;0;0;1612;2110;15840;154238;1370;10557;156508;228960;60904
FR;9;2023-05-28;0;0;0;0;0;0;0;0;0;1612;2110;15840;154238;1370;10557;156508;228960;60904
FR;9;2023-05-29;0;0;0;0;0;0;0;0;0;1612;2110;15840;154238;1370;10557;156508;228960;60904
FR;9;2023-05-30;0;0;1;1;0;0;1;15;9;1612;2110;15841;154239;1370;10557;156509;228975;60913
FR;9;2023-05-31;0;0;2;1;0;1;0;4;1;1612;2110;15843;154240;1370;10558;156509;228979;60914
FR;9;2023-06-01;0;0;0;1;0;0;1;8;5;1612;2110;15843;154241;1370;10558;156510;228987;60919
FR;9;2023-06-02;0;0;1;2;0;1;2;15;6;1612;2110;15844;154243;1370;10559;156512;229002;60925
FR;9;2023-06-03;0;0;1;2;0;0;6;9;3;1612;2110;15845;154245;1370;10559;156518;229011;60928
FR;9;2023-06-04;0;0;0;0;0;0;0;0;0;1612;2110;15845;154245;1370;10559;156518;229011;60928
FR;9;2023-06-05;0;0;0;0;0;0;0;1;0;1612;2110;15845;154245;1370;10559;156518;229012;60928
FR;10;2020-12-27;0;0;0;0;0;0;0;0;0;0;0;0;0;0;0;0;0;0
FR;10;2020-12-28;0;0;0;0;0;0;0;0;0;0;0;0;0;0;0;0;0;0
FR;10;2020-12-29;0;0;0;0;0;0;0;0;0;0;0;0;0;0;0;0;0;0
FR;10;2020-12-30;0;0;0;0;0;0;0;0;0;0;0;0;0;0;0;0;0;0
FR;10;2020-12-31;0;0;0;0;0;0;0;0;0;0;0;0;0;0;0;0;0;0
FR;10;2021-01-01;0;0;0;0;0;0;0;0;0;0;0;0;0;0;0;0;0;0
FR;10;2021-01-02;0;0;0;0;0;0;0;0;0;0;0;0;0;0;0;0;0;0
FR;10;2021-01-03;0;0;0;0;0;0;0;0;0;0;0;0;0;0;0;0;0;0
FR;10;2021-01-04;0;0;0;0;0;0;0;0;0;0;0;0;0;0;0;0;0;0
FR;10;2021-01-05;0;0;0;0;0;0;0;0;0;0;0;0;0;0;0;0;0;0
FR;10;2021-01-06;0;0;0;0;0;0;0;0;0;0;0;0;0;0;0;0;0;0
FR;10;2021-01-07;0;0;0;0;0;0;0;0;0;0;0;0;0;0;0;0;0;0
FR;10;2021-01-08;0;0;0;0;0;0;0;0;0;0;0;0;0;0;0;0;0;0
FR;10;2021-01-09;0;0;0;0;0;0;0;0;0;0;0;0;0;0;0;0;0;0
FR;10;2021-01-10;0;0;0;0;0;0;0;0;0;0;0;0;0;0;0;0;0;0
FR;10;2021-01-11;0;0;0;0;0;0;0;0;0;0;0;0;0;0;0;0;0;0
FR;10;2021-01-12;0;0;0;0;0;0;0;0;0;0;0;0;0;0;0;0;0;0
FR;10;2021-01-13;0;0;0;0;0;0;0;0;0;0;0;0;0;0;0;0;0;0
FR;10;2021-01-14;0;0;0;0;0;0;0;0;0;0;0;0;0;0;0;0;0;0
FR;10;2021-01-15;0;0;0;0;0;0;0;0;0;0;0;0;0;0;0;0;0;0
FR;10;2021-01-16;0;0;0;0;0;0;0;0;0;0;0;0;0;0;0;0;0;0
FR;10;2021-01-17;0;0;0;0;0;0;0;0;0;0;0;0;0;0;0;0;0;0
FR;10;2021-01-18;0;0;0;0;0;0;0;0;0;0;0;0;0;0;0;0;0;0
FR;10;2021-01-19;0;0;0;0;0;0;0;0;0;0;0;0;0;0;0;0;0;0
FR;10;2021-01-20;0;0;0;0;0;0;0;0;0;0;0;0;0;0;0;0;0;0
FR;10;2021-01-21;0;0;0;0;0;0;0;0;0;0;0;0;0;0;0;0;0;0
FR;10;2021-01-22;0;0;0;0;0;0;0;0;0;0;0;0;0;0;0;0;0;0
FR;10;2021-01-23;0;0;0;0;0;0;0;0;0;0;0;0;0;0;0;0;0;0
FR;10;2021-01-24;0;0;0;0;0;0;0;0;0;0;0;0;0;0;0;0;0;0
FR;10;2021-01-25;0;0;0;0;0;0;0;0;0;0;0;0;0;0;0;0;0;0
FR;10;2021-01-26;0;0;0;0;0;0;0;0;0;0;0;0;0;0;0;0;0;0
FR;10;2021-01-27;0;0;0;0;0;0;0;0;0;0;0;0;0;0;0;0;0;0
FR;10;2021-01-28;0;0;0;0;0;0;0;0;0;0;0;0;0;0;0;0;0;0
FR;10;2021-01-29;0;0;0;0;0;0;0;0;0;0;0;0;0;0;0;0;0;0
FR;10;2021-01-30;0;0;0;0;0;0;0;0;0;0;0;0;0;0;0;0;0;0
FR;10;2021-01-31;0;0;0;0;0;0;0;0;0;0;0;0;0;0;0;0;0;0
FR;10;2021-02-01;0;0;0;0;0;0;0;0;0;0;0;0;0;0;0;0;0;0
FR;10;2021-02-02;0;0;0;0;0;0;0;0;0;0;0;0;0;0;0;0;0;0
FR;10;2021-02-03;0;0;0;0;0;0;0;0;0;0;0;0;0;0;0;0;0;0
FR;10;2021-02-04;0;0;0;0;0;0;0;0;0;0;0;0;0;0;0;0;0;0
FR;10;2021-02-05;0;0;0;0;0;0;0;0;0;0;0;0;0;0;0;0;0;0
FR;10;2021-02-06;0;0;0;0;0;0;0;0;0;0;0;0;0;0;0;0;0;0
FR;10;2021-02-07;0;0;0;0;0;0;0;0;0;0;0;0;0;0;0;0;0;0
FR;10;2021-02-08;0;0;0;0;0;0;0;0;0;0;0;0;0;0;0;0;0;0
FR;10;2021-02-09;0;0;0;0;0;0;0;0;0;0;0;0;0;0;0;0;0;0
FR;10;2021-02-10;0;0;0;0;0;0;0;0;0;0;0;0;0;0;0;0;0;0
FR;10;2021-02-11;0;0;0;0;0;0;0;0;0;0;0;0;0;0;0;0;0;0
FR;10;2021-02-12;0;0;0;0;0;0;0;0;0;0;0;0;0;0;0;0;0;0
FR;10;2021-02-13;0;0;0;0;0;0;0;0;0;0;0;0;0;0;0;0;0;0
FR;10;2021-02-14;0;0;0;0;0;0;0;0;0;0;0;0;0;0;0;0;0;0
FR;10;2021-02-15;0;0;0;0;0;0;0;0;0;0;0;0;0;0;0;0;0;0
FR;10;2021-02-16;0;0;0;0;0;0;0;0;0;0;0;0;0;0;0;0;0;0
FR;10;2021-02-17;0;0;0;0;0;0;0;0;0;0;0;0;0;0;0;0;0;0
FR;10;2021-02-18;0;0;0;0;0;0;0;0;0;0;0;0;0;0;0;0;0;0
FR;10;2021-02-19;0;0;0;0;0;0;0;0;0;0;0;0;0;0;0;0;0;0
FR;10;2021-02-20;0;0;0;0;0;0;0;0;0;0;0;0;0;0;0;0;0;0
FR;10;2021-02-21;0;0;0;0;0;0;0;0;0;0;0;0;0;0;0;0;0;0
FR;10;2021-02-22;0;0;0;0;0;0;0;0;0;0;0;0;0;0;0;0;0;0
FR;10;2021-02-23;0;0;0;0;0;0;0;0;0;0;0;0;0;0;0;0;0;0
FR;10;2021-02-24;0;0;0;0;0;0;0;0;0;0;0;0;0;0;0;0;0;0
FR;10;2021-02-25;0;0;0;0;0;0;0;0;0;0;0;0;0;0;0;0;0;0
FR;10;2021-02-26;0;0;0;0;0;0;0;0;0;0;0;0;0;0;0;0;0;0
FR;10;2021-02-27;0;0;0;0;0;0;0;0;0;0;0;0;0;0;0;0;0;0
FR;10;2021-02-28;0;0;0;0;0;0;0;0;0;0;0;0;0;0;0;0;0;0
FR;10;2021-03-01;0;0;0;0;0;0;0;0;0;0;0;0;0;0;0;0;0;0
FR;10;2021-03-02;0;0;0;0;0;0;0;0;0;0;0;0;0;0;0;0;0;0
FR;10;2021-03-03;0;0;0;0;0;0;0;0;0;0;0;0;0;0;0;0;0;0
FR;10;2021-03-04;0;0;0;0;0;0;0;0;0;0;0;0;0;0;0;0;0;0
FR;10;2021-03-05;0;0;0;0;0;0;0;0;0;0;0;0;0;0;0;0;0;0
FR;10;2021-03-06;0;0;0;0;0;0;0;0;0;0;0;0;0;0;0;0;0;0
FR;10;2021-03-07;0;0;0;0;0;0;0;0;0;0;0;0;0;0;0;0;0;0
FR;10;2021-03-08;0;0;0;0;0;0;0;0;0;0;0;0;0;0;0;0;0;0
FR;10;2021-03-09;0;0;0;0;0;0;0;0;0;0;0;0;0;0;0;0;0;0
FR;10;2021-03-10;0;0;0;0;0;0;0;0;0;0;0;0;0;0;0;0;0;0
FR;10;2021-03-11;0;0;0;0;0;0;0;0;0;0;0;0;0;0;0;0;0;0
FR;10;2021-03-12;0;0;0;0;0;0;0;0;0;0;0;0;0;0;0;0;0;0
FR;10;2021-03-13;0;0;0;0;0;0;0;0;0;0;0;0;0;0;0;0;0;0
FR;10;2021-03-14;0;0;0;0;0;0;0;0;0;0;0;0;0;0;0;0;0;0
FR;10;2021-03-15;0;0;0;0;0;0;0;0;0;0;0;0;0;0;0;0;0;0
FR;10;2021-03-16;0;0;0;0;0;0;0;0;0;0;0;0;0;0;0;0;0;0
FR;10;2021-03-17;0;0;0;0;0;0;0;0;0;0;0;0;0;0;0;0;0;0
FR;10;2021-03-18;0;0;0;0;0;0;0;0;0;0;0;0;0;0;0;0;0;0
FR;10;2021-03-19;0;0;0;0;0;0;0;0;0;0;0;0;0;0;0;0;0;0
FR;10;2021-03-20;0;0;0;0;0;0;0;0;0;0;0;0;0;0;0;0;0;0
FR;10;2021-03-21;0;0;0;0;0;0;0;0;0;0;0;0;0;0;0;0;0;0
FR;10;2021-03-22;0;0;0;0;0;0;0;0;0;0;0;0;0;0;0;0;0;0
FR;10;2021-03-23;0;0;0;0;0;0;0;0;0;0;0;0;0;0;0;0;0;0
FR;10;2021-03-24;0;0;0;0;0;0;0;0;0;0;0;0;0;0;0;0;0;0
FR;10;2021-03-25;0;0;0;0;0;0;0;0;0;0;0;0;0;0;0;0;0;0
FR;10;2021-03-26;0;0;0;0;0;0;0;0;0;0;0;0;0;0;0;0;0;0
FR;10;2021-03-27;0;0;0;0;0;0;0;0;0;0;0;0;0;0;0;0;0;0
FR;10;2021-03-28;0;0;0;0;0;0;0;0;0;0;0;0;0;0;0;0;0;0
FR;10;2021-03-29;0;0;0;0;0;0;0;0;0;0;0;0;0;0;0;0;0;0
FR;10;2021-03-30;0;0;0;0;0;0;0;0;0;0;0;0;0;0;0;0;0;0
FR;10;2021-03-31;0;0;0;0;0;0;0;0;0;0;0;0;0;0;0;0;0;0
FR;10;2021-04-01;0;0;0;0;0;0;0;0;0;0;0;0;0;0;0;0;0;0
FR;10;2021-04-02;0;0;0;0;0;0;0;0;0;0;0;0;0;0;0;0;0;0
FR;10;2021-04-03;0;0;0;0;0;0;0;0;0;0;0;0;0;0;0;0;0;0
FR;10;2021-04-04;0;0;0;0;0;0;0;0;0;0;0;0;0;0;0;0;0;0
FR;10;2021-04-05;0;0;0;0;0;0;0;0;0;0;0;0;0;0;0;0;0;0
FR;10;2021-04-06;0;0;0;0;0;0;0;0;0;0;0;0;0;0;0;0;0;0
FR;10;2021-04-07;0;0;0;0;0;0;0;0;0;0;0;0;0;0;0;0;0;0
FR;10;2021-04-08;0;0;0;0;0;0;0;0;0;0;0;0;0;0;0;0;0;0
FR;10;2021-04-09;0;0;0;0;0;0;0;0;0;0;0;0;0;0;0;0;0;0
FR;10;2021-04-10;0;0;0;0;0;0;0;0;0;0;0;0;0;0;0;0;0;0
FR;10;2021-04-11;0;0;0;0;0;0;0;0;0;0;0;0;0;0;0;0;0;0
FR;10;2021-04-12;0;0;0;0;0;0;0;0;0;0;0;0;0;0;0;0;0;0
FR;10;2021-04-13;0;0;0;0;0;0;0;0;0;0;0;0;0;0;0;0;0;0
FR;10;2021-04-14;0;0;0;0;0;0;0;0;0;0;0;0;0;0;0;0;0;0
FR;10;2021-04-15;0;0;0;0;0;0;0;0;0;0;0;0;0;0;0;0;0;0
FR;10;2021-04-16;0;0;0;0;0;0;0;0;0;0;0;0;0;0;0;0;0;0
FR;10;2021-04-17;0;0;0;0;0;0;0;0;0;0;0;0;0;0;0;0;0;0
FR;10;2021-04-18;0;0;0;0;0;0;0;0;0;0;0;0;0;0;0;0;0;0
FR;10;2021-04-19;0;0;0;0;0;0;0;0;0;0;0;0;0;0;0;0;0;0
FR;10;2021-04-20;0;0;0;0;0;0;0;0;0;0;0;0;0;0;0;0;0;0
FR;10;2021-04-21;0;0;0;0;0;0;0;0;0;0;0;0;0;0;0;0;0;0
FR;10;2021-04-22;0;0;0;0;0;0;0;0;0;0;0;0;0;0;0;0;0;0
FR;10;2021-04-23;0;0;0;0;0;0;0;0;0;0;0;0;0;0;0;0;0;0
FR;10;2021-04-24;0;0;0;0;0;0;0;0;0;0;0;0;0;0;0;0;0;0
FR;10;2021-04-25;0;0;0;0;0;0;0;0;0;0;0;0;0;0;0;0;0;0
FR;10;2021-04-26;0;0;0;0;0;0;0;0;0;0;0;0;0;0;0;0;0;0
FR;10;2021-04-27;0;0;0;0;0;0;0;0;0;0;0;0;0;0;0;0;0;0
FR;10;2021-04-28;0;0;0;0;0;0;0;0;0;0;0;0;0;0;0;0;0;0
FR;10;2021-04-29;0;0;0;0;0;0;0;0;0;0;0;0;0;0;0;0;0;0
FR;10;2021-04-30;0;0;0;0;0;0;0;0;0;0;0;0;0;0;0;0;0;0
FR;10;2021-05-01;0;0;0;0;0;0;0;0;0;0;0;0;0;0;0;0;0;0
FR;10;2021-05-02;0;0;0;0;0;0;0;0;0;0;0;0;0;0;0;0;0;0
FR;10;2021-05-03;0;0;0;0;0;0;0;0;0;0;0;0;0;0;0;0;0;0
FR;10;2021-05-04;0;0;0;0;0;0;0;0;0;0;0;0;0;0;0;0;0;0
FR;10;2021-05-05;0;0;0;0;0;0;0;0;0;0;0;0;0;0;0;0;0;0
FR;10;2021-05-06;0;0;0;0;0;0;0;0;0;0;0;0;0;0;0;0;0;0
FR;10;2021-05-07;0;0;0;0;0;0;0;0;0;0;0;0;0;0;0;0;0;0
FR;10;2021-05-08;0;0;0;0;0;0;0;0;0;0;0;0;0;0;0;0;0;0
FR;10;2021-05-09;0;0;0;0;0;0;0;0;0;0;0;0;0;0;0;0;0;0
FR;10;2021-05-10;0;0;0;0;0;0;0;0;0;0;0;0;0;0;0;0;0;0
FR;10;2021-05-11;0;0;0;0;0;0;0;0;0;0;0;0;0;0;0;0;0;0
FR;10;2021-05-12;0;0;0;0;0;0;0;0;0;0;0;0;0;0;0;0;0;0
FR;10;2021-05-13;0;0;0;0;0;0;0;0;0;0;0;0;0;0;0;0;0;0
FR;10;2021-05-14;0;0;0;0;0;0;0;0;0;0;0;0;0;0;0;0;0;0
FR;10;2021-05-15;0;0;0;0;0;0;0;0;0;0;0;0;0;0;0;0;0;0
FR;10;2021-05-16;0;0;0;0;0;0;0;0;0;0;0;0;0;0;0;0;0;0
FR;10;2021-05-17;0;0;0;0;0;0;0;0;0;0;0;0;0;0;0;0;0;0
FR;10;2021-05-18;0;0;0;0;0;0;0;0;0;0;0;0;0;0;0;0;0;0
FR;10;2021-05-19;0;0;0;0;0;0;0;0;0;0;0;0;0;0;0;0;0;0
FR;10;2021-05-20;0;0;0;0;0;0;0;0;0;0;0;0;0;0;0;0;0;0
FR;10;2021-05-21;0;0;0;0;0;0;0;0;0;0;0;0;0;0;0;0;0;0
FR;10;2021-05-22;0;0;0;0;0;0;0;0;0;0;0;0;0;0;0;0;0;0
FR;10;2021-05-23;0;0;0;0;0;0;0;0;0;0;0;0;0;0;0;0;0;0
FR;10;2021-05-24;0;0;0;0;0;0;0;0;0;0;0;0;0;0;0;0;0;0
FR;10;2021-05-25;0;0;0;0;0;0;0;0;0;0;0;0;0;0;0;0;0;0
FR;10;2021-05-26;0;0;0;0;0;0;0;0;0;0;0;0;0;0;0;0;0;0
FR;10;2021-05-27;0;0;0;0;0;0;0;0;0;0;0;0;0;0;0;0;0;0
FR;10;2021-05-28;0;0;0;0;0;0;0;0;0;0;0;0;0;0;0;0;0;0
FR;10;2021-05-29;0;0;0;0;0;0;0;0;0;0;0;0;0;0;0;0;0;0
FR;10;2021-05-30;0;0;0;0;0;0;0;0;0;0;0;0;0;0;0;0;0;0
FR;10;2021-05-31;0;0;0;0;0;0;0;0;0;0;0;0;0;0;0;0;0;0
FR;10;2021-06-01;0;0;0;0;0;0;0;0;0;0;0;0;0;0;0;0;0;0
FR;10;2021-06-02;0;0;0;0;0;0;0;0;0;0;0;0;0;0;0;0;0;0
FR;10;2021-06-03;0;0;0;0;0;0;0;0;0;0;0;0;0;0;0;0;0;0
FR;10;2021-06-04;0;0;0;0;0;0;0;0;0;0;0;0;0;0;0;0;0;0
FR;10;2021-06-05;0;0;0;0;0;0;0;0;0;0;0;0;0;0;0;0;0;0
FR;10;2021-06-06;0;0;0;0;0;0;0;0;0;0;0;0;0;0;0;0;0;0
FR;10;2021-06-07;0;0;0;0;0;0;0;0;0;0;0;0;0;0;0;0;0;0
FR;10;2021-06-08;0;0;0;0;0;0;0;0;0;0;0;0;0;0;0;0;0;0
FR;10;2021-06-09;0;0;0;0;0;0;0;0;0;0;0;0;0;0;0;0;0;0
FR;10;2021-06-10;0;0;0;0;0;0;0;0;0;0;0;0;0;0;0;0;0;0
FR;10;2021-06-11;0;0;0;0;0;0;0;0;0;0;0;0;0;0;0;0;0;0
FR;10;2021-06-12;0;0;0;0;0;0;0;0;0;0;0;0;0;0;0;0;0;0
FR;10;2021-06-13;0;0;0;0;0;0;0;0;0;0;0;0;0;0;0;0;0;0
FR;10;2021-06-14;0;0;0;0;0;0;0;0;0;0;0;0;0;0;0;0;0;0
FR;10;2021-06-15;0;0;0;0;0;0;0;0;0;0;0;0;0;0;0;0;0;0
FR;10;2021-06-16;0;0;0;0;0;0;0;0;0;0;0;0;0;0;0;0;0;0
FR;10;2021-06-17;0;0;0;0;0;0;0;0;0;0;0;0;0;0;0;0;0;0
FR;10;2021-06-18;0;0;0;0;0;0;0;0;0;0;0;0;0;0;0;0;0;0
FR;10;2021-06-19;0;0;0;0;0;0;0;0;0;0;0;0;0;0;0;0;0;0
FR;10;2021-06-20;0;0;0;0;0;0;0;0;0;0;0;0;0;0;0;0;0;0
FR;10;2021-06-21;0;0;0;0;0;0;0;0;0;0;0;0;0;0;0;0;0;0
FR;10;2021-06-22;0;0;0;0;0;0;0;0;0;0;0;0;0;0;0;0;0;0
FR;10;2021-06-23;0;0;0;0;0;0;0;0;0;0;0;0;0;0;0;0;0;0
FR;10;2021-06-24;0;0;0;0;0;0;0;0;0;0;0;0;0;0;0;0;0;0
FR;10;2021-06-25;0;0;0;0;0;0;0;0;0;0;0;0;0;0;0;0;0;0
FR;10;2021-06-26;0;0;0;0;0;0;0;0;0;0;0;0;0;0;0;0;0;0
FR;10;2021-06-27;0;0;0;0;0;0;0;0;0;0;0;0;0;0;0;0;0;0
FR;10;2021-06-28;0;0;0;0;0;0;0;0;0;0;0;0;0;0;0;0;0;0
FR;10;2021-06-29;0;0;0;0;0;0;0;0;0;0;0;0;0;0;0;0;0;0
FR;10;2021-06-30;0;0;0;0;0;0;0;0;0;0;0;0;0;0;0;0;0;0
FR;10;2021-07-01;0;0;0;0;0;0;0;0;0;0;0;0;0;0;0;0;0;0
FR;10;2021-07-02;0;0;0;0;0;0;0;0;0;0;0;0;0;0;0;0;0;0
FR;10;2021-07-03;0;0;0;0;0;0;0;0;0;0;0;0;0;0;0;0;0;0
FR;10;2021-07-04;0;0;0;0;0;0;0;0;0;0;0;0;0;0;0;0;0;0
FR;10;2021-07-05;0;0;0;0;0;0;0;0;0;0;0;0;0;0;0;0;0;0
FR;10;2021-07-06;0;0;0;0;0;0;0;0;0;0;0;0;0;0;0;0;0;0
FR;10;2021-07-07;0;0;0;0;0;0;0;0;0;0;0;0;0;0;0;0;0;0
FR;10;2021-07-08;0;0;0;0;0;0;0;0;0;0;0;0;0;0;0;0;0;0
FR;10;2021-07-09;0;0;0;0;0;0;0;0;0;0;0;0;0;0;0;0;0;0
FR;10;2021-07-10;0;0;0;0;0;0;0;0;0;0;0;0;0;0;0;0;0;0
FR;10;2021-07-11;0;0;0;0;0;0;0;0;0;0;0;0;0;0;0;0;0;0
FR;10;2021-07-12;0;0;0;0;0;0;0;0;0;0;0;0;0;0;0;0;0;0
FR;10;2021-07-13;0;0;0;0;0;0;0;0;0;0;0;0;0;0;0;0;0;0
FR;10;2021-07-14;0;0;0;0;0;0;0;0;0;0;0;0;0;0;0;0;0;0
FR;10;2021-07-15;0;0;0;0;0;0;0;0;0;0;0;0;0;0;0;0;0;0
FR;10;2021-07-16;0;0;0;0;0;0;0;0;0;0;0;0;0;0;0;0;0;0
FR;10;2021-07-17;0;0;0;0;0;0;0;0;0;0;0;0;0;0;0;0;0;0
FR;10;2021-07-18;0;0;0;0;0;0;0;0;0;0;0;0;0;0;0;0;0;0
FR;10;2021-07-19;0;0;0;0;0;0;0;0;0;0;0;0;0;0;0;0;0;0
FR;10;2021-07-20;0;0;0;0;0;0;0;0;0;0;0;0;0;0;0;0;0;0
FR;10;2021-07-21;0;0;0;0;0;0;0;0;0;0;0;0;0;0;0;0;0;0
FR;10;2021-07-22;0;0;0;0;0;0;0;0;0;0;0;0;0;0;0;0;0;0
FR;10;2021-07-23;0;0;0;0;0;0;0;0;0;0;0;0;0;0;0;0;0;0
FR;10;2021-07-24;0;0;0;0;0;0;0;0;0;0;0;0;0;0;0;0;0;0
FR;10;2021-07-25;0;0;0;0;0;0;0;0;0;0;0;0;0;0;0;0;0;0
FR;10;2021-07-26;0;0;0;0;0;0;0;0;0;0;0;0;0;0;0;0;0;0
FR;10;2021-07-27;0;0;0;0;0;0;0;0;0;0;0;0;0;0;0;0;0;0
FR;10;2021-07-28;0;0;0;0;0;0;0;0;0;0;0;0;0;0;0;0;0;0
FR;10;2021-07-29;0;0;0;0;0;0;0;0;0;0;0;0;0;0;0;0;0;0
FR;10;2021-07-30;0;0;0;0;0;0;0;0;0;0;0;0;0;0;0;0;0;0
FR;10;2021-07-31;0;0;0;0;0;0;0;0;0;0;0;0;0;0;0;0;0;0
FR;10;2021-08-01;0;0;0;0;0;0;0;0;0;0;0;0;0;0;0;0;0;0
FR;10;2021-08-02;0;0;0;0;0;0;0;0;0;0;0;0;0;0;0;0;0;0
FR;10;2021-08-03;0;0;0;0;0;0;0;0;0;0;0;0;0;0;0;0;0;0
FR;10;2021-08-04;0;0;0;0;0;0;0;0;0;0;0;0;0;0;0;0;0;0
FR;10;2021-08-05;0;0;0;0;0;0;0;0;0;0;0;0;0;0;0;0;0;0
FR;10;2021-08-06;0;0;0;0;0;0;0;0;0;0;0;0;0;0;0;0;0;0
FR;10;2021-08-07;0;0;0;0;0;0;0;0;0;0;0;0;0;0;0;0;0;0
FR;10;2021-08-08;0;0;0;0;0;0;0;0;0;0;0;0;0;0;0;0;0;0
FR;10;2021-08-09;0;0;0;0;0;0;0;0;0;0;0;0;0;0;0;0;0;0
FR;10;2021-08-10;0;0;0;0;0;0;0;0;0;0;0;0;0;0;0;0;0;0
FR;10;2021-08-11;0;0;0;0;0;0;0;0;0;0;0;0;0;0;0;0;0;0
FR;10;2021-08-12;0;0;0;0;0;0;0;0;0;0;0;0;0;0;0;0;0;0
FR;10;2021-08-13;0;0;0;0;0;0;0;0;0;0;0;0;0;0;0;0;0;0
FR;10;2021-08-14;0;0;0;0;0;0;0;0;0;0;0;0;0;0;0;0;0;0
FR;10;2021-08-15;0;0;0;0;0;0;0;0;0;0;0;0;0;0;0;0;0;0
FR;10;2021-08-16;0;0;0;0;0;0;0;0;0;0;0;0;0;0;0;0;0;0
FR;10;2021-08-17;0;0;0;0;0;0;0;0;0;0;0;0;0;0;0;0;0;0
FR;10;2021-08-18;0;0;0;0;0;0;0;0;0;0;0;0;0;0;0;0;0;0
FR;10;2021-08-19;0;0;0;0;0;0;0;0;0;0;0;0;0;0;0;0;0;0
FR;10;2021-08-20;0;0;0;0;0;0;0;0;0;0;0;0;0;0;0;0;0;0
FR;10;2021-08-21;0;0;0;0;0;0;0;0;0;0;0;0;0;0;0;0;0;0
FR;10;2021-08-22;0;0;0;0;0;0;0;0;0;0;0;0;0;0;0;0;0;0
FR;10;2021-08-23;0;0;0;0;0;0;0;0;0;0;0;0;0;0;0;0;0;0
FR;10;2021-08-24;0;0;0;0;0;0;0;0;0;0;0;0;0;0;0;0;0;0
FR;10;2021-08-25;0;0;0;0;0;0;0;0;0;0;0;0;0;0;0;0;0;0
FR;10;2021-08-26;0;0;0;0;0;0;0;0;0;0;0;0;0;0;0;0;0;0
FR;10;2021-08-27;0;0;0;0;0;0;0;0;0;0;0;0;0;0;0;0;0;0
FR;10;2021-08-28;0;0;0;0;0;0;0;0;0;0;0;0;0;0;0;0;0;0
FR;10;2021-08-29;0;0;0;0;0;0;0;0;0;0;0;0;0;0;0;0;0;0
FR;10;2021-08-30;0;0;0;0;0;0;0;0;0;0;0;0;0;0;0;0;0;0
FR;10;2021-08-31;0;0;0;0;0;0;0;0;0;0;0;0;0;0;0;0;0;0
FR;10;2021-09-01;0;0;0;0;0;0;0;0;0;0;0;0;0;0;0;0;0;0
FR;10;2021-09-02;0;0;0;0;0;0;0;0;0;0;0;0;0;0;0;0;0;0
FR;10;2021-09-03;0;0;0;0;0;0;0;0;0;0;0;0;0;0;0;0;0;0
FR;10;2021-09-04;0;0;0;0;0;0;0;0;0;0;0;0;0;0;0;0;0;0
FR;10;2021-09-05;0;0;0;0;0;0;0;0;0;0;0;0;0;0;0;0;0;0
FR;10;2021-09-06;0;0;0;0;0;0;0;0;0;0;0;0;0;0;0;0;0;0
FR;10;2021-09-07;0;0;0;0;0;0;0;0;0;0;0;0;0;0;0;0;0;0
FR;10;2021-09-08;0;0;0;0;0;0;0;0;0;0;0;0;0;0;0;0;0;0
FR;10;2021-09-09;0;0;0;0;0;0;0;0;0;0;0;0;0;0;0;0;0;0
FR;10;2021-09-10;0;0;0;0;0;0;0;0;0;0;0;0;0;0;0;0;0;0
FR;10;2021-09-11;0;0;0;0;0;0;0;0;0;0;0;0;0;0;0;0;0;0
FR;10;2021-09-12;0;0;0;0;0;0;0;0;0;0;0;0;0;0;0;0;0;0
FR;10;2021-09-13;0;0;0;0;0;0;0;0;0;0;0;0;0;0;0;0;0;0
FR;10;2021-09-14;0;0;0;0;0;0;0;0;0;0;0;0;0;0;0;0;0;0
FR;10;2021-09-15;0;0;0;0;0;0;0;0;0;0;0;0;0;0;0;0;0;0
FR;10;2021-09-16;0;0;0;0;0;0;0;0;0;0;0;0;0;0;0;0;0;0
FR;10;2021-09-17;0;0;0;0;0;0;0;0;0;0;0;0;0;0;0;0;0;0
FR;10;2021-09-18;0;0;0;0;0;0;0;0;0;0;0;0;0;0;0;0;0;0
FR;10;2021-09-19;0;0;0;0;0;0;0;0;0;0;0;0;0;0;0;0;0;0
FR;10;2021-09-20;0;0;0;0;0;0;0;0;0;0;0;0;0;0;0;0;0;0
FR;10;2021-09-21;0;0;0;0;0;0;0;0;0;0;0;0;0;0;0;0;0;0
FR;10;2021-09-22;0;0;0;0;0;0;0;0;0;0;0;0;0;0;0;0;0;0
FR;10;2021-09-23;0;0;0;0;0;0;0;0;0;0;0;0;0;0;0;0;0;0
FR;10;2021-09-24;0;0;0;0;0;0;0;0;0;0;0;0;0;0;0;0;0;0
FR;10;2021-09-25;0;0;0;0;0;0;0;0;0;0;0;0;0;0;0;0;0;0
FR;10;2021-09-26;0;0;0;0;0;0;0;0;0;0;0;0;0;0;0;0;0;0
FR;10;2021-09-27;0;0;0;0;0;0;0;0;0;0;0;0;0;0;0;0;0;0
FR;10;2021-09-28;0;0;0;0;0;0;0;0;0;0;0;0;0;0;0;0;0;0
FR;10;2021-09-29;0;0;0;0;0;0;0;0;0;0;0;0;0;0;0;0;0;0
FR;10;2021-09-30;0;0;0;0;0;0;0;0;0;0;0;0;0;0;0;0;0;0
FR;10;2021-10-01;0;0;0;0;0;0;0;0;0;0;0;0;0;0;0;0;0;0
FR;10;2021-10-02;0;0;0;0;0;0;0;0;0;0;0;0;0;0;0;0;0;0
FR;10;2021-10-03;0;0;0;0;0;0;0;0;0;0;0;0;0;0;0;0;0;0
FR;10;2021-10-04;0;0;0;0;0;0;0;0;0;0;0;0;0;0;0;0;0;0
FR;10;2021-10-05;0;0;0;0;0;0;0;0;0;0;0;0;0;0;0;0;0;0
FR;10;2021-10-06;0;0;0;0;0;0;0;0;0;0;0;0;0;0;0;0;0;0
FR;10;2021-10-07;0;0;0;0;0;0;0;0;0;0;0;0;0;0;0;0;0;0
FR;10;2021-10-08;0;0;0;0;0;0;0;0;0;0;0;0;0;0;0;0;0;0
FR;10;2021-10-09;0;0;0;0;0;0;0;0;0;0;0;0;0;0;0;0;0;0
FR;10;2021-10-10;0;0;0;0;0;0;0;0;0;0;0;0;0;0;0;0;0;0
FR;10;2021-10-11;0;0;0;0;0;0;0;0;0;0;0;0;0;0;0;0;0;0
FR;10;2021-10-12;0;0;0;0;0;0;0;0;0;0;0;0;0;0;0;0;0;0
FR;10;2021-10-13;0;0;0;0;0;0;0;0;0;0;0;0;0;0;0;0;0;0
FR;10;2021-10-14;0;0;0;0;0;0;0;0;0;0;0;0;0;0;0;0;0;0
FR;10;2021-10-15;0;0;0;0;0;0;0;0;0;0;0;0;0;0;0;0;0;0
FR;10;2021-10-16;0;0;0;0;0;0;0;0;0;0;0;0;0;0;0;0;0;0
FR;10;2021-10-17;0;0;0;0;0;0;0;0;0;0;0;0;0;0;0;0;0;0
FR;10;2021-10-18;0;0;0;0;0;0;0;0;0;0;0;0;0;0;0;0;0;0
FR;10;2021-10-19;0;0;0;0;0;0;0;0;0;0;0;0;0;0;0;0;0;0
FR;10;2021-10-20;0;0;0;0;0;0;0;0;0;0;0;0;0;0;0;0;0;0
FR;10;2021-10-21;0;0;0;0;0;0;0;0;0;0;0;0;0;0;0;0;0;0
FR;10;2021-10-22;0;0;0;0;0;0;0;0;0;0;0;0;0;0;0;0;0;0
FR;10;2021-10-23;0;0;0;0;0;0;0;0;0;0;0;0;0;0;0;0;0;0
FR;10;2021-10-24;0;0;0;0;0;0;0;0;0;0;0;0;0;0;0;0;0;0
FR;10;2021-10-25;0;0;0;0;0;0;0;0;0;0;0;0;0;0;0;0;0;0
FR;10;2021-10-26;0;0;0;0;0;0;0;0;0;0;0;0;0;0;0;0;0;0
FR;10;2021-10-27;0;0;0;0;0;0;0;0;0;0;0;0;0;0;0;0;0;0
FR;10;2021-10-28;0;0;0;0;0;0;0;0;0;0;0;0;0;0;0;0;0;0
FR;10;2021-10-29;0;0;0;0;0;0;0;0;0;0;0;0;0;0;0;0;0;0
FR;10;2021-10-30;0;0;0;0;0;0;0;0;0;0;0;0;0;0;0;0;0;0
FR;10;2021-10-31;0;0;0;0;0;0;0;0;0;0;0;0;0;0;0;0;0;0
FR;10;2021-11-01;0;0;0;0;0;0;0;0;0;0;0;0;0;0;0;0;0;0
FR;10;2021-11-02;0;0;0;0;0;0;0;0;0;0;0;0;0;0;0;0;0;0
FR;10;2021-11-03;0;0;0;0;0;0;0;0;0;0;0;0;0;0;0;0;0;0
FR;10;2021-11-04;0;0;0;0;0;0;0;0;0;0;0;0;0;0;0;0;0;0
FR;10;2021-11-05;0;0;0;0;0;0;0;0;0;0;0;0;0;0;0;0;0;0
FR;10;2021-11-06;0;0;0;0;0;0;0;0;0;0;0;0;0;0;0;0;0;0
FR;10;2021-11-07;0;0;0;0;0;0;0;0;0;0;0;0;0;0;0;0;0;0
FR;10;2021-11-08;0;0;0;0;0;0;0;0;0;0;0;0;0;0;0;0;0;0
FR;10;2021-11-09;0;0;0;0;0;0;0;0;0;0;0;0;0;0;0;0;0;0
FR;10;2021-11-10;0;0;0;0;0;0;0;0;0;0;0;0;0;0;0;0;0;0
FR;10;2021-11-11;0;0;0;0;0;0;0;0;0;0;0;0;0;0;0;0;0;0
FR;10;2021-11-12;0;0;0;0;0;0;0;0;0;0;0;0;0;0;0;0;0;0
FR;10;2021-11-13;0;0;0;0;0;0;0;0;0;0;0;0;0;0;0;0;0;0
FR;10;2021-11-14;0;0;0;0;0;0;0;0;0;0;0;0;0;0;0;0;0;0
FR;10;2021-11-15;0;0;0;0;0;0;0;0;0;0;0;0;0;0;0;0;0;0
FR;10;2021-11-16;0;0;0;0;0;0;0;0;0;0;0;0;0;0;0;0;0;0
FR;10;2021-11-17;0;0;0;0;0;0;0;0;0;0;0;0;0;0;0;0;0;0
FR;10;2021-11-18;0;0;0;0;0;0;0;0;0;0;0;0;0;0;0;0;0;0
FR;10;2021-11-19;0;0;0;0;0;0;0;0;0;0;0;0;0;0;0;0;0;0
FR;10;2021-11-20;0;0;0;0;0;0;0;0;0;0;0;0;0;0;0;0;0;0
FR;10;2021-11-21;0;0;0;0;0;0;0;0;0;0;0;0;0;0;0;0;0;0
FR;10;2021-11-22;0;0;0;0;0;0;0;0;0;0;0;0;0;0;0;0;0;0
FR;10;2021-11-23;0;0;0;0;0;0;0;0;0;0;0;0;0;0;0;0;0;0
FR;10;2021-11-24;0;0;0;0;0;0;0;0;0;0;0;0;0;0;0;0;0;0
FR;10;2021-11-25;0;0;0;0;0;0;0;0;0;0;0;0;0;0;0;0;0;0
FR;10;2021-11-26;0;0;0;0;0;0;0;0;0;0;0;0;0;0;0;0;0;0
FR;10;2021-11-27;0;0;0;0;0;0;0;0;0;0;0;0;0;0;0;0;0;0
FR;10;2021-11-28;0;0;0;0;0;0;0;0;0;0;0;0;0;0;0;0;0;0
FR;10;2021-11-29;0;0;0;0;0;0;0;0;0;0;0;0;0;0;0;0;0;0
FR;10;2021-11-30;0;0;0;0;0;0;0;0;0;0;0;0;0;0;0;0;0;0
FR;10;2021-12-01;0;0;0;0;0;0;0;0;0;0;0;0;0;0;0;0;0;0
FR;10;2021-12-02;0;0;0;0;0;0;0;0;0;0;0;0;0;0;0;0;0;0
FR;10;2021-12-03;0;0;0;0;0;0;0;0;0;0;0;0;0;0;0;0;0;0
FR;10;2021-12-04;0;0;0;0;0;0;0;0;0;0;0;0;0;0;0;0;0;0
FR;10;2021-12-05;0;0;0;0;0;0;0;0;0;0;0;0;0;0;0;0;0;0
FR;10;2021-12-06;0;0;0;0;0;0;0;0;0;0;0;0;0;0;0;0;0;0
FR;10;2021-12-07;0;0;0;0;0;0;0;0;0;0;0;0;0;0;0;0;0;0
FR;10;2021-12-08;0;0;0;0;0;0;0;0;0;0;0;0;0;0;0;0;0;0
FR;10;2021-12-09;0;0;0;0;0;0;0;0;0;0;0;0;0;0;0;0;0;0
FR;10;2021-12-10;0;0;0;0;0;0;0;0;0;0;0;0;0;0;0;0;0;0
FR;10;2021-12-11;0;0;0;0;0;0;0;0;0;0;0;0;0;0;0;0;0;0
FR;10;2021-12-12;0;0;0;0;0;0;0;0;0;0;0;0;0;0;0;0;0;0
FR;10;2021-12-13;0;0;0;0;0;0;0;0;0;0;0;0;0;0;0;0;0;0
FR;10;2021-12-14;0;0;0;0;0;0;0;0;0;0;0;0;0;0;0;0;0;0
FR;10;2021-12-15;0;0;0;0;0;0;0;0;0;0;0;0;0;0;0;0;0;0
FR;10;2021-12-16;0;0;0;0;0;0;0;0;0;0;0;0;0;0;0;0;0;0
FR;10;2021-12-17;0;0;0;0;0;0;0;0;0;0;0;0;0;0;0;0;0;0
FR;10;2021-12-18;0;0;0;0;0;0;0;0;0;0;0;0;0;0;0;0;0;0
FR;10;2021-12-19;0;0;0;0;0;0;0;0;0;0;0;0;0;0;0;0;0;0
FR;10;2021-12-20;0;0;0;0;0;0;0;0;0;0;0;0;0;0;0;0;0;0
FR;10;2021-12-21;0;0;0;0;0;0;0;0;0;0;0;0;0;0;0;0;0;0
FR;10;2021-12-22;0;0;0;0;0;0;0;0;0;0;0;0;0;0;0;0;0;0
FR;10;2021-12-23;0;0;0;0;0;0;0;0;0;0;0;0;0;0;0;0;0;0
FR;10;2021-12-24;0;0;0;0;0;0;0;0;0;0;0;0;0;0;0;0;0;0
FR;10;2021-12-25;0;0;0;0;0;0;0;0;0;0;0;0;0;0;0;0;0;0
FR;10;2021-12-26;0;0;0;0;0;0;0;0;0;0;0;0;0;0;0;0;0;0
FR;10;2021-12-27;0;0;0;0;0;0;0;0;0;0;0;0;0;0;0;0;0;0
FR;10;2021-12-28;0;0;0;0;0;0;0;0;0;0;0;0;0;0;0;0;0;0
FR;10;2021-12-29;0;0;0;0;0;0;0;0;0;0;0;0;0;0;0;0;0;0
FR;10;2021-12-30;0;0;0;0;0;0;0;0;0;0;0;0;0;0;0;0;0;0
FR;10;2021-12-31;0;0;0;0;0;0;0;0;0;0;0;0;0;0;0;0;0;0
FR;10;2022-01-01;0;0;0;0;0;0;0;0;0;0;0;0;0;0;0;0;0;0
FR;10;2022-01-02;0;0;0;0;0;0;0;0;0;0;0;0;0;0;0;0;0;0
FR;10;2022-01-03;0;0;0;0;0;0;0;0;0;0;0;0;0;0;0;0;0;0
FR;10;2022-01-04;0;0;0;0;0;0;0;0;0;0;0;0;0;0;0;0;0;0
FR;10;2022-01-05;0;0;0;0;0;0;0;0;0;0;0;0;0;0;0;0;0;0
FR;10;2022-01-06;0;0;0;0;0;0;0;0;0;0;0;0;0;0;0;0;0;0
FR;10;2022-01-07;0;0;0;0;0;0;0;0;0;0;0;0;0;0;0;0;0;0
FR;10;2022-01-08;0;0;0;0;0;0;0;0;0;0;0;0;0;0;0;0;0;0
FR;10;2022-01-09;0;0;0;0;0;0;0;0;0;0;0;0;0;0;0;0;0;0
FR;10;2022-01-10;0;0;0;0;0;0;0;0;0;0;0;0;0;0;0;0;0;0
FR;10;2022-01-11;0;0;0;0;0;0;0;0;0;0;0;0;0;0;0;0;0;0
FR;10;2022-01-12;0;0;0;0;0;0;0;0;0;0;0;0;0;0;0;0;0;0
FR;10;2022-01-13;0;0;0;0;0;0;0;0;0;0;0;0;0;0;0;0;0;0
FR;10;2022-01-14;0;0;0;0;0;0;0;0;0;0;0;0;0;0;0;0;0;0
FR;10;2022-01-15;0;0;0;0;0;0;0;0;0;0;0;0;0;0;0;0;0;0
FR;10;2022-01-16;0;0;0;0;0;0;0;0;0;0;0;0;0;0;0;0;0;0
FR;10;2022-01-17;0;0;0;0;0;0;0;0;0;0;0;0;0;0;0;0;0;0
FR;10;2022-01-18;0;0;0;0;0;0;0;0;0;0;0;0;0;0;0;0;0;0
FR;10;2022-01-19;0;0;0;0;0;0;0;0;0;0;0;0;0;0;0;0;0;0
FR;10;2022-01-20;0;0;0;0;0;0;0;0;0;0;0;0;0;0;0;0;0;0
FR;10;2022-01-21;0;0;0;0;0;0;0;0;0;0;0;0;0;0;0;0;0;0
FR;10;2022-01-22;0;0;0;0;0;0;0;0;0;0;0;0;0;0;0;0;0;0
FR;10;2022-01-23;0;0;0;0;0;0;0;0;0;0;0;0;0;0;0;0;0;0
FR;10;2022-01-24;0;0;0;0;0;0;0;0;0;0;0;0;0;0;0;0;0;0
FR;10;2022-01-25;0;0;0;0;0;0;0;0;0;0;0;0;0;0;0;0;0;0
FR;10;2022-01-26;0;0;0;0;0;0;0;0;0;0;0;0;0;0;0;0;0;0
FR;10;2022-01-27;0;0;0;0;0;0;0;0;0;0;0;0;0;0;0;0;0;0
FR;10;2022-01-28;0;0;0;0;0;0;0;0;0;0;0;0;0;0;0;0;0;0
FR;10;2022-01-29;0;0;0;0;0;0;0;0;0;0;0;0;0;0;0;0;0;0
FR;10;2022-01-30;0;0;0;0;0;0;0;0;0;0;0;0;0;0;0;0;0;0
FR;10;2022-01-31;0;0;0;0;0;0;0;0;0;0;0;0;0;0;0;0;0;0
FR;10;2022-02-01;0;0;0;0;0;0;0;0;0;0;0;0;0;0;0;0;0;0
FR;10;2022-02-02;0;0;0;0;0;0;0;0;0;0;0;0;0;0;0;0;0;0
FR;10;2022-02-03;0;0;0;0;0;0;0;0;0;0;0;0;0;0;0;0;0;0
FR;10;2022-02-04;0;0;0;0;0;0;0;0;0;0;0;0;0;0;0;0;0;0
FR;10;2022-02-05;0;0;0;0;0;0;0;0;0;0;0;0;0;0;0;0;0;0
FR;10;2022-02-06;0;0;0;0;0;0;0;0;0;0;0;0;0;0;0;0;0;0
FR;10;2022-02-07;0;0;0;0;0;0;0;0;0;0;0;0;0;0;0;0;0;0
FR;10;2022-02-08;0;0;0;0;0;0;0;0;0;0;0;0;0;0;0;0;0;0
FR;10;2022-02-09;0;0;0;0;0;0;0;0;0;0;0;0;0;0;0;0;0;0
FR;10;2022-02-10;0;0;0;0;0;0;0;0;0;0;0;0;0;0;0;0;0;0
FR;10;2022-02-11;0;0;0;0;0;0;0;0;0;0;0;0;0;0;0;0;0;0
FR;10;2022-02-12;0;0;0;0;0;0;0;0;0;0;0;0;0;0;0;0;0;0
FR;10;2022-02-13;0;0;0;0;0;0;0;0;0;0;0;0;0;0;0;0;0;0
FR;10;2022-02-14;0;0;0;0;0;0;0;0;0;0;0;0;0;0;0;0;0;0
FR;10;2022-02-15;0;0;0;0;0;0;0;0;0;0;0;0;0;0;0;0;0;0
FR;10;2022-02-16;0;0;0;0;0;0;0;0;0;0;0;0;0;0;0;0;0;0
FR;10;2022-02-17;0;0;0;0;0;0;0;0;0;0;0;0;0;0;0;0;0;0
FR;10;2022-02-18;0;0;0;0;0;0;0;0;0;0;0;0;0;0;0;0;0;0
FR;10;2022-02-19;0;0;0;0;0;0;0;0;0;0;0;0;0;0;0;0;0;0
FR;10;2022-02-20;0;0;0;0;0;0;0;0;0;0;0;0;0;0;0;0;0;0
FR;10;2022-02-21;0;0;0;0;0;0;0;0;0;0;0;0;0;0;0;0;0;0
FR;10;2022-02-22;0;0;0;0;0;0;0;0;0;0;0;0;0;0;0;0;0;0
FR;10;2022-02-23;0;0;0;0;0;0;0;0;0;0;0;0;0;0;0;0;0;0
FR;10;2022-02-24;0;0;0;0;0;0;0;0;0;0;0;0;0;0;0;0;0;0
FR;10;2022-02-25;0;0;0;0;0;0;0;0;0;0;0;0;0;0;0;0;0;0
FR;10;2022-02-26;0;0;0;0;0;0;0;0;0;0;0;0;0;0;0;0;0;0
FR;10;2022-02-27;0;0;0;0;0;0;0;0;0;0;0;0;0;0;0;0;0;0
FR;10;2022-02-28;0;0;0;0;0;0;0;0;0;0;0;0;0;0;0;0;0;0
FR;10;2022-03-01;0;0;0;0;0;0;0;0;0;0;0;0;0;0;0;0;0;0
FR;10;2022-03-02;0;0;0;0;0;0;0;0;0;0;0;0;0;0;0;0;0;0
FR;10;2022-03-03;0;0;0;0;0;0;0;0;0;0;0;0;0;0;0;0;0;0
FR;10;2022-03-04;0;0;0;0;0;0;0;0;0;0;0;0;0;0;0;0;0;0
FR;10;2022-03-05;0;0;0;0;0;0;0;0;0;0;0;0;0;0;0;0;0;0
FR;10;2022-03-06;0;0;0;0;0;0;0;0;0;0;0;0;0;0;0;0;0;0
FR;10;2022-03-07;0;0;0;0;0;0;0;0;0;0;0;0;0;0;0;0;0;0
FR;10;2022-03-08;0;0;0;0;0;0;0;0;0;0;0;0;0;0;0;0;0;0
FR;10;2022-03-09;0;0;0;0;0;0;0;0;0;0;0;0;0;0;0;0;0;0
FR;10;2022-03-10;0;0;0;0;0;0;0;0;0;0;0;0;0;0;0;0;0;0
FR;10;2022-03-11;0;0;0;0;0;0;0;0;0;0;0;0;0;0;0;0;0;0
FR;10;2022-03-12;0;0;0;0;0;0;0;0;0;0;0;0;0;0;0;0;0;0
FR;10;2022-03-13;0;0;0;0;0;0;0;0;0;0;0;0;0;0;0;0;0;0
FR;10;2022-03-14;0;0;0;0;0;0;0;0;0;0;0;0;0;0;0;0;0;0
FR;10;2022-03-15;0;0;0;0;0;0;0;0;0;0;0;0;0;0;0;0;0;0
FR;10;2022-03-16;0;0;0;0;0;0;0;0;0;0;0;0;0;0;0;0;0;0
FR;10;2022-03-17;0;0;0;0;0;0;0;0;0;0;0;0;0;0;0;0;0;0
FR;10;2022-03-18;0;0;0;0;0;0;0;0;0;0;0;0;0;0;0;0;0;0
FR;10;2022-03-19;0;0;0;0;0;0;0;0;0;0;0;0;0;0;0;0;0;0
FR;10;2022-03-20;0;0;0;0;0;0;0;0;0;0;0;0;0;0;0;0;0;0
FR;10;2022-03-21;0;0;0;0;0;0;0;0;0;0;0;0;0;0;0;0;0;0
FR;10;2022-03-22;0;0;0;0;0;0;0;0;0;0;0;0;0;0;0;0;0;0
FR;10;2022-03-23;0;0;0;0;0;0;0;0;0;0;0;0;0;0;0;0;0;0
FR;10;2022-03-24;0;0;0;0;0;0;0;0;0;0;0;0;0;0;0;0;0;0
FR;10;2022-03-25;0;0;0;0;0;0;0;0;0;0;0;0;0;0;0;0;0;0
FR;10;2022-03-26;0;0;0;0;0;0;0;0;0;0;0;0;0;0;0;0;0;0
FR;10;2022-03-27;0;0;0;0;0;0;0;0;0;0;0;0;0;0;0;0;0;0
FR;10;2022-03-28;0;0;0;0;0;0;0;0;0;0;0;0;0;0;0;0;0;0
FR;10;2022-03-29;0;0;0;0;0;0;0;0;0;0;0;0;0;0;0;0;0;0
FR;10;2022-03-30;0;0;0;0;0;0;0;0;0;0;0;0;0;0;0;0;0;0
FR;10;2022-03-31;0;0;0;0;0;0;0;0;0;0;0;0;0;0;0;0;0;0
FR;10;2022-04-01;0;0;0;0;0;0;0;0;0;0;0;0;0;0;0;0;0;0
FR;10;2022-04-02;0;0;0;0;0;0;0;0;0;0;0;0;0;0;0;0;0;0
FR;10;2022-04-03;0;0;0;0;0;0;0;0;0;0;0;0;0;0;0;0;0;0
FR;10;2022-04-04;0;0;0;0;0;0;0;0;0;0;0;0;0;0;0;0;0;0
FR;10;2022-04-05;0;0;0;0;0;0;0;0;0;0;0;0;0;0;0;0;0;0
FR;10;2022-04-06;0;0;0;0;0;0;0;0;0;0;0;0;0;0;0;0;0;0
FR;10;2022-04-07;0;0;0;0;0;0;0;0;0;0;0;0;0;0;0;0;0;0
FR;10;2022-04-08;0;0;0;0;0;0;0;0;0;0;0;0;0;0;0;0;0;0
FR;10;2022-04-09;0;0;0;0;0;0;0;0;0;0;0;0;0;0;0;0;0;0
FR;10;2022-04-10;0;0;0;0;0;0;0;0;0;0;0;0;0;0;0;0;0;0
FR;10;2022-04-11;0;0;0;0;0;0;0;0;0;0;0;0;0;0;0;0;0;0
FR;10;2022-04-12;0;0;0;0;0;0;0;0;0;0;0;0;0;0;0;0;0;0
FR;10;2022-04-13;0;0;0;0;0;0;0;0;0;0;0;0;0;0;0;0;0;0
FR;10;2022-04-14;0;0;0;0;0;0;0;0;0;0;0;0;0;0;0;0;0;0
FR;10;2022-04-15;0;0;0;0;0;0;0;0;0;0;0;0;0;0;0;0;0;0
FR;10;2022-04-16;0;0;0;0;0;0;0;0;0;0;0;0;0;0;0;0;0;0
FR;10;2022-04-17;0;0;0;0;0;0;0;0;0;0;0;0;0;0;0;0;0;0
FR;10;2022-04-18;0;0;0;0;0;0;0;0;0;0;0;0;0;0;0;0;0;0
FR;10;2022-04-19;0;0;0;0;0;0;0;0;0;0;0;0;0;0;0;0;0;0
FR;10;2022-04-20;0;0;0;0;0;0;0;0;0;0;0;0;0;0;0;0;0;0
FR;10;2022-04-21;0;0;0;0;0;0;0;0;0;0;0;0;0;0;0;0;0;0
FR;10;2022-04-22;0;0;0;0;0;0;0;0;0;0;0;0;0;0;0;0;0;0
FR;10;2022-04-23;0;0;0;0;0;0;0;0;0;0;0;0;0;0;0;0;0;0
FR;10;2022-04-24;0;0;0;0;0;0;0;0;0;0;0;0;0;0;0;0;0;0
FR;10;2022-04-25;0;0;0;0;0;0;0;0;0;0;0;0;0;0;0;0;0;0
FR;10;2022-04-26;0;0;0;0;0;0;0;0;0;0;0;0;0;0;0;0;0;0
FR;10;2022-04-27;0;0;0;0;0;0;0;0;0;0;0;0;0;0;0;0;0;0
FR;10;2022-04-28;0;0;0;0;0;0;0;0;0;0;0;0;0;0;0;0;0;0
FR;10;2022-04-29;0;0;0;0;0;0;0;0;0;0;0;0;0;0;0;0;0;0
FR;10;2022-04-30;0;0;0;0;0;0;0;0;0;0;0;0;0;0;0;0;0;0
FR;10;2022-05-01;0;0;0;0;0;0;0;0;0;0;0;0;0;0;0;0;0;0
FR;10;2022-05-02;0;0;0;0;0;0;0;0;0;0;0;0;0;0;0;0;0;0
FR;10;2022-05-03;0;0;0;0;0;0;0;0;0;0;0;0;0;0;0;0;0;0
FR;10;2022-05-04;0;0;0;0;0;0;0;0;0;0;0;0;0;0;0;0;0;0
FR;10;2022-05-05;0;0;0;0;0;0;0;0;0;0;0;0;0;0;0;0;0;0
FR;10;2022-05-06;0;0;0;0;0;0;0;0;0;0;0;0;0;0;0;0;0;0
FR;10;2022-05-07;0;0;0;0;0;0;0;0;0;0;0;0;0;0;0;0;0;0
FR;10;2022-05-08;0;0;0;0;0;0;0;0;0;0;0;0;0;0;0;0;0;0
FR;10;2022-05-09;0;0;0;0;0;0;0;0;0;0;0;0;0;0;0;0;0;0
FR;10;2022-05-10;0;0;0;0;0;0;0;0;0;0;0;0;0;0;0;0;0;0
FR;10;2022-05-11;0;0;0;0;0;0;0;0;0;0;0;0;0;0;0;0;0;0
FR;10;2022-05-12;0;0;0;0;0;0;0;0;0;0;0;0;0;0;0;0;0;0
FR;10;2022-05-13;0;0;0;0;0;0;0;0;0;0;0;0;0;0;0;0;0;0
FR;10;2022-05-14;0;0;0;0;0;0;0;0;0;0;0;0;0;0;0;0;0;0
FR;10;2022-05-15;0;0;0;0;0;0;0;0;0;0;0;0;0;0;0;0;0;0
FR;10;2022-05-16;0;0;0;0;0;0;0;0;0;0;0;0;0;0;0;0;0;0
FR;10;2022-05-17;0;0;0;0;0;0;0;0;0;0;0;0;0;0;0;0;0;0
FR;10;2022-05-18;0;0;0;0;0;0;0;0;0;0;0;0;0;0;0;0;0;0
FR;10;2022-05-19;0;0;0;0;0;0;0;0;0;0;0;0;0;0;0;0;0;0
FR;10;2022-05-20;0;0;0;0;0;0;0;0;0;0;0;0;0;0;0;0;0;0
FR;10;2022-05-21;0;0;0;0;0;0;0;0;0;0;0;0;0;0;0;0;0;0
FR;10;2022-05-22;0;0;0;0;0;0;0;0;0;0;0;0;0;0;0;0;0;0
FR;10;2022-05-23;0;0;0;0;0;0;0;0;0;0;0;0;0;0;0;0;0;0
FR;10;2022-05-24;0;0;0;0;0;0;0;0;0;0;0;0;0;0;0;0;0;0
FR;10;2022-05-25;0;0;0;0;0;0;0;0;0;0;0;0;0;0;0;0;0;0
FR;10;2022-05-26;0;0;0;0;0;0;0;0;0;0;0;0;0;0;0;0;0;0
FR;10;2022-05-27;0;0;0;0;0;0;0;0;0;0;0;0;0;0;0;0;0;0
FR;10;2022-05-28;0;0;0;0;0;0;0;0;0;0;0;0;0;0;0;0;0;0
FR;10;2022-05-29;0;0;0;0;0;0;0;0;0;0;0;0;0;0;0;0;0;0
FR;10;2022-05-30;0;0;0;0;0;0;0;0;0;0;0;0;0;0;0;0;0;0
FR;10;2022-05-31;0;0;0;0;0;0;0;0;0;0;0;0;0;0;0;0;0;0
FR;10;2022-06-01;0;0;0;0;0;0;0;0;0;0;0;0;0;0;0;0;0;0
FR;10;2022-06-02;0;0;0;0;0;0;0;0;0;0;0;0;0;0;0;0;0;0
FR;10;2022-06-03;0;0;0;0;0;0;0;0;0;0;0;0;0;0;0;0;0;0
FR;10;2022-06-04;0;0;0;0;0;0;0;0;0;0;0;0;0;0;0;0;0;0
FR;10;2022-06-05;0;0;0;0;0;0;0;0;0;0;0;0;0;0;0;0;0;0
FR;10;2022-06-06;0;0;0;0;0;0;0;0;0;0;0;0;0;0;0;0;0;0
FR;10;2022-06-07;0;0;0;0;0;0;0;0;0;0;0;0;0;0;0;0;0;0
FR;10;2022-06-08;0;0;0;0;0;0;0;0;0;0;0;0;0;0;0;0;0;0
FR;10;2022-06-09;0;0;0;0;0;0;0;0;0;0;0;0;0;0;0;0;0;0
FR;10;2022-06-10;0;0;0;0;0;0;0;0;0;0;0;0;0;0;0;0;0;0
FR;10;2022-06-11;0;0;0;0;0;0;0;0;0;0;0;0;0;0;0;0;0;0
FR;10;2022-06-12;0;0;0;0;0;0;0;0;0;0;0;0;0;0;0;0;0;0
FR;10;2022-06-13;0;0;0;0;0;0;0;0;0;0;0;0;0;0;0;0;0;0
FR;10;2022-06-14;0;0;0;0;0;0;0;0;0;0;0;0;0;0;0;0;0;0
FR;10;2022-06-15;0;0;0;0;0;0;0;0;0;0;0;0;0;0;0;0;0;0
FR;10;2022-06-16;0;0;0;0;0;0;0;0;0;0;0;0;0;0;0;0;0;0
FR;10;2022-06-17;0;0;0;0;0;0;0;0;0;0;0;0;0;0;0;0;0;0
FR;10;2022-06-18;0;0;0;0;0;0;0;0;0;0;0;0;0;0;0;0;0;0
FR;10;2022-06-19;0;0;0;0;0;0;0;0;0;0;0;0;0;0;0;0;0;0
FR;10;2022-06-20;0;0;0;0;0;0;0;0;0;0;0;0;0;0;0;0;0;0
FR;10;2022-06-21;0;0;0;0;0;0;0;0;0;0;0;0;0;0;0;0;0;0
FR;10;2022-06-22;0;0;0;0;0;0;0;0;0;0;0;0;0;0;0;0;0;0
FR;10;2022-06-23;0;0;0;0;0;0;0;0;0;0;0;0;0;0;0;0;0;0
FR;10;2022-06-24;0;0;0;0;0;0;0;0;0;0;0;0;0;0;0;0;0;0
FR;10;2022-06-25;0;0;0;0;0;0;0;0;0;0;0;0;0;0;0;0;0;0
FR;10;2022-06-26;0;0;0;0;0;0;0;0;0;0;0;0;0;0;0;0;0;0
FR;10;2022-06-27;0;0;0;0;0;0;0;0;0;0;0;0;0;0;0;0;0;0
FR;10;2022-06-28;0;0;0;0;0;0;0;0;0;0;0;0;0;0;0;0;0;0
FR;10;2022-06-29;0;0;0;0;0;0;0;0;0;0;0;0;0;0;0;0;0;0
FR;10;2022-06-30;0;0;0;0;0;0;0;0;0;0;0;0;0;0;0;0;0;0
FR;10;2022-07-01;0;0;0;0;0;0;0;0;0;0;0;0;0;0;0;0;0;0
FR;10;2022-07-02;0;0;0;0;0;0;0;0;0;0;0;0;0;0;0;0;0;0
FR;10;2022-07-03;0;0;0;0;0;0;0;0;0;0;0;0;0;0;0;0;0;0
FR;10;2022-07-04;0;0;0;0;0;0;0;0;0;0;0;0;0;0;0;0;0;0
FR;10;2022-07-05;0;0;0;0;0;0;0;0;0;0;0;0;0;0;0;0;0;0
FR;10;2022-07-06;0;0;0;0;0;0;0;0;0;0;0;0;0;0;0;0;0;0
FR;10;2022-07-07;0;0;0;0;0;0;0;0;0;0;0;0;0;0;0;0;0;0
FR;10;2022-07-08;0;0;0;0;0;0;0;0;0;0;0;0;0;0;0;0;0;0
FR;10;2022-07-09;0;0;0;0;0;0;0;0;0;0;0;0;0;0;0;0;0;0
FR;10;2022-07-10;0;0;0;0;0;0;0;0;0;0;0;0;0;0;0;0;0;0
FR;10;2022-07-11;0;0;0;0;0;0;0;0;0;0;0;0;0;0;0;0;0;0
FR;10;2022-07-12;0;0;0;0;0;0;0;0;0;0;0;0;0;0;0;0;0;0
FR;10;2022-07-13;0;0;0;0;0;0;0;0;0;0;0;0;0;0;0;0;0;0
FR;10;2022-07-14;0;0;0;0;0;0;0;0;0;0;0;0;0;0;0;0;0;0
FR;10;2022-07-15;0;0;0;0;0;0;0;0;0;0;0;0;0;0;0;0;0;0
FR;10;2022-07-16;0;0;0;0;0;0;0;0;0;0;0;0;0;0;0;0;0;0
FR;10;2022-07-17;0;0;0;0;0;0;0;0;0;0;0;0;0;0;0;0;0;0
FR;10;2022-07-18;0;0;0;0;0;0;0;0;0;0;0;0;0;0;0;0;0;0
FR;10;2022-07-19;0;0;0;0;0;0;0;0;0;0;0;0;0;0;0;0;0;0
FR;10;2022-07-20;0;0;0;0;0;0;0;0;0;0;0;0;0;0;0;0;0;0
FR;10;2022-07-21;0;0;0;0;0;0;0;0;0;0;0;0;0;0;0;0;0;0
FR;10;2022-07-22;0;0;0;0;0;0;0;0;0;0;0;0;0;0;0;0;0;0
FR;10;2022-07-23;0;0;0;0;0;0;0;0;0;0;0;0;0;0;0;0;0;0
FR;10;2022-07-24;0;0;0;0;0;0;0;0;0;0;0;0;0;0;0;0;0;0
FR;10;2022-07-25;0;0;0;0;0;0;0;0;0;0;0;0;0;0;0;0;0;0
FR;10;2022-07-26;0;0;0;0;0;0;0;0;0;0;0;0;0;0;0;0;0;0
FR;10;2022-07-27;0;0;0;0;0;0;0;0;0;0;0;0;0;0;0;0;0;0
FR;10;2022-07-28;0;0;0;0;0;0;0;0;0;0;0;0;0;0;0;0;0;0
FR;10;2022-07-29;0;0;0;0;0;0;0;0;0;0;0;0;0;0;0;0;0;0
FR;10;2022-07-30;0;0;0;0;0;0;0;0;0;0;0;0;0;0;0;0;0;0
FR;10;2022-07-31;0;0;0;0;0;0;0;0;0;0;0;0;0;0;0;0;0;0
FR;10;2022-08-01;0;0;0;0;0;0;0;0;0;0;0;0;0;0;0;0;0;0
FR;10;2022-08-02;0;0;0;0;0;0;0;0;0;0;0;0;0;0;0;0;0;0
FR;10;2022-08-03;0;0;0;0;0;0;0;0;0;0;0;0;0;0;0;0;0;0
FR;10;2022-08-04;0;0;0;0;0;0;0;0;0;0;0;0;0;0;0;0;0;0
FR;10;2022-08-05;0;0;0;0;0;0;0;0;0;0;0;0;0;0;0;0;0;0
FR;10;2022-08-06;0;0;0;0;0;0;0;0;0;0;0;0;0;0;0;0;0;0
FR;10;2022-08-07;0;0;0;0;0;0;0;0;0;0;0;0;0;0;0;0;0;0
FR;10;2022-08-08;0;0;0;0;0;0;0;0;0;0;0;0;0;0;0;0;0;0
FR;10;2022-08-09;0;0;0;0;0;0;0;0;0;0;0;0;0;0;0;0;0;0
FR;10;2022-08-10;0;0;0;0;0;0;0;0;0;0;0;0;0;0;0;0;0;0
FR;10;2022-08-11;0;0;0;0;0;0;0;0;0;0;0;0;0;0;0;0;0;0
FR;10;2022-08-12;0;0;0;0;0;0;0;0;0;0;0;0;0;0;0;0;0;0
FR;10;2022-08-13;0;0;0;0;0;0;0;0;0;0;0;0;0;0;0;0;0;0
FR;10;2022-08-14;0;0;0;0;0;0;0;0;0;0;0;0;0;0;0;0;0;0
FR;10;2022-08-15;0;0;0;0;0;0;0;0;0;0;0;0;0;0;0;0;0;0
FR;10;2022-08-16;0;0;0;0;0;0;0;0;0;0;0;0;0;0;0;0;0;0
FR;10;2022-08-17;0;0;0;0;0;0;0;0;0;0;0;0;0;0;0;0;0;0
FR;10;2022-08-18;0;0;0;0;0;0;0;0;0;0;0;0;0;0;0;0;0;0
FR;10;2022-08-19;0;0;0;0;0;0;0;0;0;0;0;0;0;0;0;0;0;0
FR;10;2022-08-20;0;0;0;0;0;0;0;0;0;0;0;0;0;0;0;0;0;0
FR;10;2022-08-21;0;0;0;0;0;0;0;0;0;0;0;0;0;0;0;0;0;0
FR;10;2022-08-22;0;0;0;0;0;0;0;0;0;0;0;0;0;0;0;0;0;0
FR;10;2022-08-23;0;0;0;0;0;0;0;0;0;0;0;0;0;0;0;0;0;0
FR;10;2022-08-24;0;0;0;0;0;0;0;0;0;0;0;0;0;0;0;0;0;0
FR;10;2022-08-25;0;0;0;0;0;0;0;0;0;0;0;0;0;0;0;0;0;0
FR;10;2022-08-26;0;0;0;0;0;0;0;0;0;0;0;0;0;0;0;0;0;0
FR;10;2022-08-27;0;0;0;0;0;0;0;0;0;0;0;0;0;0;0;0;0;0
FR;10;2022-08-28;0;0;0;0;0;0;0;0;0;0;0;0;0;0;0;0;0;0
FR;10;2022-08-29;0;0;0;0;0;0;0;0;0;0;0;0;0;0;0;0;0;0
FR;10;2022-08-30;0;0;0;0;0;0;0;0;0;0;0;0;0;0;0;0;0;0
FR;10;2022-08-31;0;0;0;0;0;0;0;0;0;0;0;0;0;0;0;0;0;0
FR;10;2022-09-01;0;0;0;0;0;0;0;0;0;0;0;0;0;0;0;0;0;0
FR;10;2022-09-02;0;0;0;0;0;0;0;0;0;0;0;0;0;0;0;0;0;0
FR;10;2022-09-03;0;0;0;0;0;0;0;0;0;0;0;0;0;0;0;0;0;0
FR;10;2022-09-04;0;0;0;0;0;0;0;0;0;0;0;0;0;0;0;0;0;0
FR;10;2022-09-05;0;0;0;0;0;0;0;0;0;0;0;0;0;0;0;0;0;0
FR;10;2022-09-06;0;0;0;0;0;0;0;0;0;0;0;0;0;0;0;0;0;0
FR;10;2022-09-07;0;0;0;0;0;0;0;0;0;0;0;0;0;0;0;0;0;0
FR;10;2022-09-08;0;0;0;0;0;0;0;0;0;0;0;0;0;0;0;0;0;0
FR;10;2022-09-09;0;0;0;0;0;0;0;0;0;0;0;0;0;0;0;0;0;0
FR;10;2022-09-10;0;0;0;0;0;0;0;0;0;0;0;0;0;0;0;0;0;0
FR;10;2022-09-11;0;0;0;0;0;0;0;0;0;0;0;0;0;0;0;0;0;0
FR;10;2022-09-12;0;0;0;0;0;0;0;0;0;0;0;0;0;0;0;0;0;0
FR;10;2022-09-13;0;0;0;0;0;0;0;0;0;0;0;0;0;0;0;0;0;0
FR;10;2022-09-14;0;0;0;0;0;0;0;0;0;0;0;0;0;0;0;0;0;0
FR;10;2022-09-15;0;0;0;0;0;0;0;0;0;0;0;0;0;0;0;0;0;0
FR;10;2022-09-16;0;0;0;0;0;0;0;0;0;0;0;0;0;0;0;0;0;0
FR;10;2022-09-17;0;0;0;0;0;0;0;0;0;0;0;0;0;0;0;0;0;0
FR;10;2022-09-18;0;0;0;0;0;0;0;0;0;0;0;0;0;0;0;0;0;0
FR;10;2022-09-19;0;0;0;0;0;0;0;0;0;0;0;0;0;0;0;0;0;0
FR;10;2022-09-20;0;0;0;0;0;0;0;0;0;0;0;0;0;0;0;0;0;0
FR;10;2022-09-21;0;0;0;0;0;0;0;0;0;0;0;0;0;0;0;0;0;0
FR;10;2022-09-22;0;0;0;0;0;0;0;0;0;0;0;0;0;0;0;0;0;0
FR;10;2022-09-23;0;0;0;0;0;0;0;0;0;0;0;0;0;0;0;0;0;0
FR;10;2022-09-24;0;0;0;0;0;0;0;0;0;0;0;0;0;0;0;0;0;0
FR;10;2022-09-25;0;0;0;0;0;0;0;0;0;0;0;0;0;0;0;0;0;0
FR;10;2022-09-26;0;0;0;0;0;0;0;0;0;0;0;0;0;0;0;0;0;0
FR;10;2022-09-27;0;0;0;0;0;0;0;0;0;0;0;0;0;0;0;0;0;0
FR;10;2022-09-28;0;0;0;0;0;0;0;0;0;0;0;0;0;0;0;0;0;0
FR;10;2022-09-29;0;0;0;0;0;0;0;0;0;0;0;0;0;0;0;0;0;0
FR;10;2022-09-30;0;0;0;0;0;0;0;0;0;0;0;0;0;0;0;0;0;0
FR;10;2022-10-01;0;0;0;0;0;0;0;0;0;0;0;0;0;0;0;0;0;0
FR;10;2022-10-02;0;0;0;0;0;0;0;0;0;0;0;0;0;0;0;0;0;0
FR;10;2022-10-03;0;0;0;0;0;0;0;0;0;0;0;0;0;0;0;0;0;0
FR;10;2022-10-04;0;0;0;0;0;0;0;0;0;0;0;0;0;0;0;0;0;0
FR;10;2022-10-05;0;0;0;0;0;0;0;0;0;0;0;0;0;0;0;0;0;0
FR;10;2022-10-06;0;0;0;0;0;0;0;0;0;0;0;0;0;0;0;0;0;0
FR;10;2022-10-07;0;0;0;0;0;0;0;0;0;0;0;0;0;0;0;0;0;0
FR;10;2022-10-08;0;0;0;0;0;0;0;0;0;0;0;0;0;0;0;0;0;0
FR;10;2022-10-09;0;0;0;0;0;0;0;0;0;0;0;0;0;0;0;0;0;0
FR;10;2022-10-10;0;0;0;0;0;0;0;0;0;0;0;0;0;0;0;0;0;0
FR;10;2022-10-11;0;0;0;0;0;0;0;0;0;0;0;0;0;0;0;0;0;0
FR;10;2022-10-12;0;0;0;0;0;0;0;0;0;0;0;0;0;0;0;0;0;0
FR;10;2022-10-13;0;0;0;0;0;0;0;0;0;0;0;0;0;0;0;0;0;0
FR;10;2022-10-14;0;0;0;0;0;0;0;0;0;0;0;0;0;0;0;0;0;0
FR;10;2022-10-15;0;0;0;0;0;0;0;0;0;0;0;0;0;0;0;0;0;0
FR;10;2022-10-16;0;0;0;0;0;0;0;0;0;0;0;0;0;0;0;0;0;0
FR;10;2022-10-17;0;0;0;0;0;0;0;0;0;0;0;0;0;0;0;0;0;0
FR;10;2022-10-18;0;0;0;0;0;0;0;0;0;0;0;0;0;0;0;0;0;0
FR;10;2022-10-19;0;0;0;0;0;0;0;0;0;0;0;0;0;0;0;0;0;0
FR;10;2022-10-20;0;0;0;0;0;0;0;0;0;0;0;0;0;0;0;0;0;0
FR;10;2022-10-21;0;0;0;0;0;0;0;0;0;0;0;0;0;0;0;0;0;0
FR;10;2022-10-22;0;0;0;0;0;0;0;0;0;0;0;0;0;0;0;0;0;0
FR;10;2022-10-23;0;0;0;0;0;0;0;0;0;0;0;0;0;0;0;0;0;0
FR;10;2022-10-24;0;0;0;0;0;0;0;0;0;0;0;0;0;0;0;0;0;0
FR;10;2022-10-25;0;0;0;0;0;0;0;0;0;0;0;0;0;0;0;0;0;0
FR;10;2022-10-26;0;0;0;0;0;0;0;0;0;0;0;0;0;0;0;0;0;0
FR;10;2022-10-27;0;0;0;0;0;0;0;0;0;0;0;0;0;0;0;0;0;0
FR;10;2022-10-28;0;0;0;0;0;0;0;0;0;0;0;0;0;0;0;0;0;0
FR;10;2022-10-29;0;0;0;0;0;0;0;0;0;0;0;0;0;0;0;0;0;0
FR;10;2022-10-30;0;0;0;0;0;0;0;0;0;0;0;0;0;0;0;0;0;0
FR;10;2022-10-31;0;0;0;0;0;0;0;0;0;0;0;0;0;0;0;0;0;0
FR;10;2022-11-01;0;0;0;0;0;0;0;0;0;0;0;0;0;0;0;0;0;0
FR;10;2022-11-02;0;0;0;0;0;0;0;0;0;0;0;0;0;0;0;0;0;0
FR;10;2022-11-03;0;0;0;0;0;0;0;0;0;0;0;0;0;0;0;0;0;0
FR;10;2022-11-04;0;0;0;0;0;0;0;0;0;0;0;0;0;0;0;0;0;0
FR;10;2022-11-05;0;0;0;0;0;0;0;0;0;0;0;0;0;0;0;0;0;0
FR;10;2022-11-06;0;0;0;0;0;0;0;0;0;0;0;0;0;0;0;0;0;0
FR;10;2022-11-07;0;0;0;0;0;0;0;0;0;0;0;0;0;0;0;0;0;0
FR;10;2022-11-08;0;0;0;0;0;0;0;0;0;0;0;0;0;0;0;0;0;0
FR;10;2022-11-09;0;0;0;0;0;0;0;0;0;0;0;0;0;0;0;0;0;0
FR;10;2022-11-10;0;0;0;0;0;0;0;0;0;0;0;0;0;0;0;0;0;0
FR;10;2022-11-11;0;0;0;0;0;0;0;0;0;0;0;0;0;0;0;0;0;0
FR;10;2022-11-12;0;0;0;0;0;0;0;0;0;0;0;0;0;0;0;0;0;0
FR;10;2022-11-13;0;0;0;0;0;0;0;0;0;0;0;0;0;0;0;0;0;0
FR;10;2022-11-14;0;0;0;0;0;0;0;0;0;0;0;0;0;0;0;0;0;0
FR;10;2022-11-15;0;0;0;0;0;0;0;0;0;0;0;0;0;0;0;0;0;0
FR;10;2022-11-16;0;0;0;0;0;0;0;0;0;0;0;0;0;0;0;0;0;0
FR;10;2022-11-17;0;0;0;0;0;0;0;0;0;0;0;0;0;0;0;0;0;0
FR;10;2022-11-18;0;0;0;0;0;0;0;0;0;0;0;0;0;0;0;0;0;0
FR;10;2022-11-19;0;0;0;0;0;0;0;0;0;0;0;0;0;0;0;0;0;0
FR;10;2022-11-20;0;0;0;0;0;0;0;0;0;0;0;0;0;0;0;0;0;0
FR;10;2022-11-21;0;0;0;0;0;0;0;0;0;0;0;0;0;0;0;0;0;0
FR;10;2022-11-22;0;0;0;0;0;0;0;0;0;0;0;0;0;0;0;0;0;0
FR;10;2022-11-23;0;0;0;0;0;0;0;0;0;0;0;0;0;0;0;0;0;0
FR;10;2022-11-24;0;0;0;0;0;0;0;0;0;0;0;0;0;0;0;0;0;0
FR;10;2022-11-25;0;0;0;0;0;0;0;0;0;0;0;0;0;0;0;0;0;0
FR;10;2022-11-26;0;0;0;0;0;0;0;0;0;0;0;0;0;0;0;0;0;0
FR;10;2022-11-27;0;0;0;0;0;0;0;0;0;0;0;0;0;0;0;0;0;0
FR;10;2022-11-28;0;0;0;0;0;0;0;0;0;0;0;0;0;0;0;0;0;0
FR;10;2022-11-29;0;0;0;0;0;0;0;0;0;0;0;0;0;0;0;0;0;0
FR;10;2022-11-30;0;0;0;0;0;0;0;0;0;0;0;0;0;0;0;0;0;0
FR;10;2022-12-01;0;0;0;0;0;0;0;0;0;0;0;0;0;0;0;0;0;0
FR;10;2022-12-02;0;0;0;0;0;0;0;0;0;0;0;0;0;0;0;0;0;0
FR;10;2022-12-03;0;0;0;0;0;0;0;0;0;0;0;0;0;0;0;0;0;0
FR;10;2022-12-04;0;0;0;0;0;0;0;0;0;0;0;0;0;0;0;0;0;0
FR;10;2022-12-05;0;0;0;0;0;0;0;0;0;0;0;0;0;0;0;0;0;0
FR;10;2022-12-06;0;0;0;0;0;0;0;0;0;0;0;0;0;0;0;0;0;0
FR;10;2022-12-07;0;0;0;0;0;0;0;0;0;0;0;0;0;0;0;0;0;0
FR;10;2022-12-08;0;0;0;0;0;0;0;0;0;0;0;0;0;0;0;0;0;0
FR;10;2022-12-09;0;0;0;0;0;0;0;0;0;0;0;0;0;0;0;0;0;0
FR;10;2022-12-10;0;0;0;0;0;0;0;0;0;0;0;0;0;0;0;0;0;0
FR;10;2022-12-11;0;0;0;0;0;0;0;0;0;0;0;0;0;0;0;0;0;0
FR;10;2022-12-12;0;0;0;0;0;0;0;0;0;0;0;0;0;0;0;0;0;0
FR;10;2022-12-13;0;0;0;0;0;0;0;0;0;0;0;0;0;0;0;0;0;0
FR;10;2022-12-14;0;0;0;0;0;0;0;0;0;0;0;0;0;0;0;0;0;0
FR;10;2022-12-15;0;0;0;0;0;0;0;0;0;0;0;0;0;0;0;0;0;0
FR;10;2022-12-16;0;0;0;0;0;0;0;0;0;0;0;0;0;0;0;0;0;0
FR;10;2022-12-17;0;0;0;0;0;0;0;0;0;0;0;0;0;0;0;0;0;0
FR;10;2022-12-18;0;0;0;0;0;0;0;0;0;0;0;0;0;0;0;0;0;0
FR;10;2022-12-19;0;0;0;0;0;0;0;0;0;0;0;0;0;0;0;0;0;0
FR;10;2022-12-20;0;0;0;0;0;0;0;0;0;0;0;0;0;0;0;0;0;0
FR;10;2022-12-21;0;0;1;0;0;1;0;0;0;0;0;1;0;0;1;0;0;0
FR;10;2022-12-22;0;0;0;1;0;0;1;0;0;0;0;1;1;0;1;1;0;0
FR;10;2022-12-23;0;0;1;14;0;2;14;0;7;0;0;2;15;0;3;15;0;7
FR;10;2022-12-24;0;0;0;3;0;0;3;0;1;0;0;2;18;0;3;18;0;8
FR;10;2022-12-25;0;0;0;0;0;0;0;0;0;0;0;2;18;0;3;18;0;8
FR;10;2022-12-26;3;1;11;35;0;8;39;0;5;3;1;13;53;0;11;57;0;13
FR;10;2022-12-27;1;1;14;35;1;11;38;0;10;4;2;27;88;1;22;95;0;23
FR;10;2022-12-28;0;0;2;15;0;1;14;0;3;4;2;29;103;1;23;109;0;26
FR;10;2022-12-29;0;0;6;48;0;1;48;0;17;4;2;35;151;1;24;157;0;43
FR;10;2022-12-30;0;1;5;33;0;8;31;0;6;4;3;40;184;1;32;188;0;49
FR;10;2022-12-31;0;0;3;12;0;4;10;0;4;4;3;43;196;1;36;198;0;53
FR;10;2023-01-01;0;0;1;6;0;0;7;0;2;4;3;44;202;1;36;205;0;55
FR;10;2023-01-02;0;4;4;37;1;6;36;0;21;4;7;48;239;2;42;241;0;76
FR;10;2023-01-03;1;2;6;63;2;5;64;0;25;5;9;54;302;4;47;305;0;101
FR;10;2023-01-04;0;1;7;52;0;6;53;0;53;5;10;61;354;4;53;358;0;154
FR;10;2023-01-05;1;2;16;74;0;12;76;0;37;6;12;77;428;4;65;434;0;191
FR;10;2023-01-06;2;3;16;107;2;13;107;0;52;8;15;93;535;6;78;541;0;243
FR;10;2023-01-07;3;1;3;41;1;3;40;0;13;11;16;96;576;7;81;581;0;256
FR;10;2023-01-08;1;0;0;9;0;0;7;0;5;12;16;96;585;7;81;588;0;261
FR;10;2023-01-09;3;2;7;67;1;7;66;0;26;15;18;103;652;8;88;654;0;287
FR;10;2023-01-10;6;1;21;118;0;13;124;0;57;21;19;124;770;8;101;778;0;344
FR;10;2023-01-11;5;4;19;77;1;16;79;0;38;26;23;143;847;9;117;857;0;382
FR;10;2023-01-12;13;1;7;77;2;3;80;0;51;39;24;150;924;11;120;937;0;433
FR;10;2023-01-13;0;6;15;122;1;8;129;0;77;39;30;165;1046;12;128;1066;0;510
FR;10;2023-01-14;2;1;8;43;0;5;47;0;3;41;31;173;1089;12;133;1113;0;513
FR;10;2023-01-15;0;0;2;10;0;1;7;0;8;41;31;175;1099;12;134;1120;0;521
FR;10;2023-01-16;0;1;11;70;1;7;73;0;68;41;32;186;1169;13;141;1193;0;589
FR;10;2023-01-17;0;7;22;109;2;11;118;0;61;41;39;208;1278;15;152;1311;0;650
FR;10;2023-01-18;2;1;13;92;1;9;104;0;15;43;40;221;1370;16;161;1415;0;665
FR;10;2023-01-19;6;6;24;142;3;22;135;0;56;49;46;245;1512;19;183;1550;0;721
FR;10;2023-01-20;2;1;11;111;0;9;106;0;73;51;47;256;1623;19;192;1656;0;794
FR;10;2023-01-21;2;1;5;26;0;5;23;0;15;53;48;261;1649;19;197;1679;0;809
FR;10;2023-01-22;0;0;0;5;0;0;5;0;0;53;48;261;1654;19;197;1684;0;809
FR;10;2023-01-23;1;2;5;62;1;5;59;0;23;54;50;266;1716;20;202;1743;0;832
FR;10;2023-01-24;6;6;27;148;2;19;152;0;75;60;56;293;1864;22;221;1895;0;907
FR;10;2023-01-25;2;1;9;81;1;5;82;0;55;62;57;302;1945;23;226;1977;0;962
FR;10;2023-01-26;4;5;33;147;1;22;159;0;52;66;62;335;2092;24;248;2136;0;1014
FR;10;2023-01-27;1;1;16;117;1;6;118;0;78;67;63;351;2209;25;254;2254;0;1092
FR;10;2023-01-28;0;1;3;18;1;1;21;0;15;67;64;354;2227;26;255;2275;0;1107
FR;10;2023-01-29;0;0;1;0;0;1;0;0;1;67;64;355;2227;26;256;2275;0;1108
FR;10;2023-01-30;2;1;11;60;1;5;63;0;40;69;65;366;2287;27;261;2338;0;1148
FR;10;2023-01-31;5;2;24;121;3;17;121;0;51;74;67;390;2408;30;278;2459;0;1199
FR;10;2023-02-01;0;2;11;49;2;10;49;0;28;74;69;401;2457;32;288;2508;0;1227
FR;10;2023-02-02;3;0;21;104;0;16;108;0;48;77;69;422;2561;32;304;2616;0;1275
FR;10;2023-02-03;6;5;18;48;4;11;51;0;64;83;74;440;2609;36;315;2667;0;1339
FR;10;2023-02-04;1;0;1;8;0;0;10;0;6;84;74;441;2617;36;315;2677;0;1345
FR;10;2023-02-05;7;1;2;3;2;1;4;0;5;91;75;443;2620;38;316;2681;0;1350
FR;10;2023-02-06;1;0;9;28;0;8;22;0;46;92;75;452;2648;38;324;2703;0;1396
FR;10;2023-02-07;2;2;2;12;1;3;12;0;13;94;77;454;2660;39;327;2715;0;1409
FR;10;2023-02-08;1;3;3;15;2;4;15;0;12;95;80;457;2675;41;331;2730;0;1421
FR;10;2023-02-09;2;1;11;91;2;7;97;0;41;97;81;468;2766;43;338;2827;0;1462
FR;10;2023-02-10;8;3;12;29;0;6;37;0;25;105;84;480;2795;43;344;2864;0;1487
FR;10;2023-02-11;1;0;2;2;0;2;2;0;1;106;84;482;2797;43;346;2866;0;1488
FR;10;2023-02-12;1;1;0;0;1;0;0;0;0;107;85;482;2797;44;346;2866;0;1488
FR;10;2023-02-13;3;1;9;15;0;7;18;0;10;110;86;491;2812;44;353;2884;0;1498
FR;10;2023-02-14;2;4;11;49;3;9;50;0;17;112;90;502;2861;47;362;2934;0;1515
FR;10;2023-02-15;7;3;2;10;2;3;8;0;8;119;93;504;2871;49;365;2942;0;1523
FR;10;2023-02-16;0;0;8;17;0;5;18;0;8;119;93;512;2888;49;370;2960;0;1531
FR;10;2023-02-17;13;5;7;28;5;2;22;0;17;132;98;519;2916;54;372;2982;0;1548
FR;10;2023-02-18;2;0;3;11;0;3;10;0;6;134;98;522;2927;54;375;2992;0;1554
FR;10;2023-02-19;0;0;0;0;0;0;0;0;0;134;98;522;2927;54;375;2992;0;1554
FR;10;2023-02-20;2;1;2;25;1;1;23;0;23;136;99;524;2952;55;376;3015;0;1577
FR;10;2023-02-21;2;3;12;27;1;6;35;0;30;138;102;536;2979;56;382;3050;0;1607
FR;10;2023-02-22;5;4;2;7;3;3;6;0;1;143;106;538;2986;59;385;3056;0;1608
FR;10;2023-02-23;3;2;17;31;2;14;37;0;12;146;108;555;3017;61;399;3093;0;1620
FR;10;2023-02-24;1;2;8;27;0;5;27;0;29;147;110;563;3044;61;404;3120;0;1649
FR;10;2023-02-25;0;0;2;3;0;2;3;0;7;147;110;565;3047;61;406;3123;0;1656
FR;10;2023-02-26;0;0;0;0;0;0;0;0;0;147;110;565;3047;61;406;3123;0;1656
FR;10;2023-02-27;3;3;3;20;4;3;21;0;15;150;113;568;3067;65;409;3144;0;1671
FR;10;2023-02-28;3;2;3;10;2;1;11;0;10;153;115;571;3077;67;410;3155;0;1681
FR;10;2023-03-01;2;6;34;12;6;33;12;0;14;155;121;605;3089;73;443;3167;0;1695
FR;10;2023-03-02;2;1;10;22;2;6;22;0;31;157;122;615;3111;75;449;3189;0;1726
FR;10;2023-03-03;7;2;5;21;0;6;20;0;18;164;124;620;3132;75;455;3209;0;1744
FR;10;2023-03-04;0;1;0;6;1;0;6;0;2;164;125;620;3138;76;455;3215;0;1746
FR;10;2023-03-05;0;0;0;1;0;0;0;0;2;164;125;620;3139;76;455;3215;0;1748
FR;10;2023-03-06;2;2;8;8;3;7;9;0;8;166;127;628;3147;79;462;3224;0;1756
FR;10;2023-03-07;2;3;0;11;1;2;11;0;8;168;130;628;3158;80;464;3235;0;1764
FR;10;2023-03-08;1;4;4;20;3;3;22;0;9;169;134;632;3178;83;467;3257;0;1773
FR;10;2023-03-09;0;3;1;9;1;2;8;0;8;169;137;633;3187;84;469;3265;0;1781
FR;10;2023-03-10;1;2;1;8;2;1;9;0;9;170;139;634;3195;86;470;3274;0;1790
FR;10;2023-03-11;2;1;5;4;0;3;7;0;2;172;140;639;3199;86;473;3281;0;1792
FR;10;2023-03-12;0;0;0;0;0;0;0;0;0;172;140;639;3199;86;473;3281;0;1792
FR;10;2023-03-13;0;2;2;3;2;2;3;0;5;172;142;641;3202;88;475;3284;0;1797
FR;10;2023-03-14;2;0;6;25;0;4;27;0;21;174;142;647;3227;88;479;3311;0;1818
FR;10;2023-03-15;0;2;5;5;1;7;4;0;6;174;144;652;3232;89;486;3315;0;1824
FR;10;2023-03-16;3;1;7;12;0;5;15;0;11;177;145;659;3244;89;491;3330;0;1835
FR;10;2023-03-17;3;5;8;18;4;4;22;0;19;180;150;667;3262;93;495;3352;0;1854
FR;10;2023-03-18;0;1;1;3;0;2;2;0;3;180;151;668;3265;93;497;3354;0;1857
FR;10;2023-03-19;6;0;0;0;0;0;0;0;0;186;151;668;3265;93;497;3354;0;1857
FR;10;2023-03-20;5;4;0;12;3;1;13;0;12;191;155;668;3277;96;498;3367;0;1869
FR;10;2023-03-21;1;2;2;7;0;3;9;0;14;192;157;670;3284;96;501;3376;0;1883
FR;10;2023-03-22;0;0;3;4;0;3;3;0;3;192;157;673;3288;96;504;3379;0;1886
FR;10;2023-03-23;9;9;4;6;9;1;8;0;13;201;166;677;3294;105;505;3387;0;1899
FR;10;2023-03-24;3;3;2;14;2;1;10;0;17;204;169;679;3308;107;506;3397;0;1916
FR;10;2023-03-25;1;3;0;4;1;3;5;0;8;205;172;679;3312;108;509;3402;0;1924
FR;10;2023-03-26;1;1;0;0;1;0;0;0;0;206;173;679;3312;109;509;3402;0;1924
FR;10;2023-03-27;0;2;3;4;2;3;2;0;16;206;175;682;3316;111;512;3404;0;1940
FR;10;2023-03-28;9;8;3;5;8;1;6;0;6;215;183;685;3321;119;513;3410;0;1946
FR;10;2023-03-29;7;7;3;2;6;4;2;0;6;222;190;688;3323;125;517;3412;0;1952
FR;10;2023-03-30;16;13;3;7;13;2;8;0;6;238;203;691;3330;138;519;3420;0;1958
FR;10;2023-03-31;8;6;4;12;5;4;13;0;19;246;209;695;3342;143;523;3433;0;1977
FR;10;2023-04-01;9;8;1;0;8;1;0;0;0;255;217;696;3342;151;524;3433;0;1977
FR;10;2023-04-02;1;0;0;0;0;0;0;0;1;256;217;696;3342;151;524;3433;0;1978
FR;10;2023-04-03;2;1;0;3;1;0;2;0;5;258;218;696;3345;152;524;3435;0;1983
FR;10;2023-04-04;0;1;0;3;1;0;3;0;5;258;219;696;3348;153;524;3438;0;1988
FR;10;2023-04-05;0;0;2;1;0;2;3;0;2;258;219;698;3349;153;526;3441;0;1990
FR;10;2023-04-06;2;2;4;4;2;1;7;0;2;260;221;702;3353;155;527;3448;0;1992
FR;10;2023-04-07;3;0;2;3;0;1;3;0;9;263;221;704;3356;155;528;3451;0;2001
FR;10;2023-04-08;0;0;1;0;0;1;0;0;0;263;221;705;3356;155;529;3451;0;2001
FR;10;2023-04-09;0;0;0;0;0;0;0;0;0;263;221;705;3356;155;529;3451;0;2001
FR;10;2023-04-10;0;0;2;0;0;0;2;0;0;263;221;707;3356;155;529;3453;0;2001
FR;10;2023-04-11;1;0;1;3;0;1;2;0;3;264;221;708;3359;155;530;3455;0;2004
FR;10;2023-04-12;0;0;2;1;0;1;2;0;4;264;221;710;3360;155;531;3457;0;2008
FR;10;2023-04-13;0;1;0;5;1;0;5;0;5;264;222;710;3365;156;531;3462;0;2013
FR;10;2023-04-14;3;0;1;7;0;1;4;0;5;267;222;711;3372;156;532;3466;0;2018
FR;10;2023-04-15;0;1;1;3;1;0;4;0;0;267;223;712;3375;157;532;3470;0;2018
FR;10;2023-04-16;0;0;0;2;0;0;2;0;0;267;223;712;3377;157;532;3472;0;2018
FR;10;2023-04-17;1;2;2;0;1;2;0;0;0;268;225;714;3377;158;534;3472;0;2018
FR;10;2023-04-18;2;2;1;3;2;1;0;0;2;270;227;715;3380;160;535;3472;0;2020
FR;10;2023-04-19;0;0;1;0;0;1;0;0;1;270;227;716;3380;160;536;3472;0;2021
FR;10;2023-04-20;0;2;1;1;1;2;1;0;2;270;229;717;3381;161;538;3473;0;2023
FR;10;2023-04-21;0;1;5;7;0;4;9;0;3;270;230;722;3388;161;542;3482;0;2026
FR;10;2023-04-22;1;1;0;2;1;0;2;0;1;271;231;722;3390;162;542;3484;0;2027
FR;10;2023-04-23;0;0;0;0;0;0;0;0;0;271;231;722;3390;162;542;3484;0;2027
FR;10;2023-04-24;0;1;0;0;1;0;0;0;4;271;232;722;3390;163;542;3484;0;2031
FR;10;2023-04-25;0;0;1;0;0;1;0;0;2;271;232;723;3390;163;543;3484;0;2033
FR;10;2023-04-26;1;0;2;1;1;2;1;0;1;272;232;725;3391;164;545;3485;0;2034
FR;10;2023-04-27;0;0;1;1;0;1;1;0;1;272;232;726;3392;164;546;3486;0;2035
FR;10;2023-04-28;0;1;3;5;1;0;6;0;6;272;233;729;3397;165;546;3492;0;2041
FR;10;2023-04-29;0;0;0;1;0;0;0;0;1;272;233;729;3398;165;546;3492;0;2042
FR;10;2023-04-30;0;0;0;0;0;0;0;0;0;272;233;729;3398;165;546;3492;0;2042
FR;10;2023-05-01;0;0;0;0;0;0;0;0;0;272;233;729;3398;165;546;3492;0;2042
FR;10;2023-05-02;2;1;0;2;2;0;2;0;4;274;234;729;3400;167;546;3494;0;2046
FR;10;2023-05-03;0;1;1;2;1;1;1;0;17;274;235;730;3402;168;547;3495;0;2063
FR;10;2023-05-04;0;1;1;0;1;1;0;0;1;274;236;731;3402;169;548;3495;0;2064
FR;10;2023-05-05;0;1;2;6;0;2;6;0;9;274;237;733;3408;169;550;3501;0;2073
FR;10;2023-05-06;0;0;3;3;0;2;4;0;1;274;237;736;3411;169;552;3505;0;2074
FR;10;2023-05-07;0;0;0;0;0;0;0;0;0;274;237;736;3411;169;552;3505;0;2074
FR;10;2023-05-08;0;0;0;0;0;0;0;0;0;274;237;736;3411;169;552;3505;0;2074
FR;10;2023-05-09;0;1;1;0;0;1;1;0;1;274;238;737;3411;169;553;3506;0;2075
FR;10;2023-05-10;15;5;1;1;5;0;2;0;0;289;243;738;3412;174;553;3508;0;2075
FR;10;2023-05-11;0;0;0;2;0;0;2;0;4;289;243;738;3414;174;553;3510;0;2079
FR;10;2023-05-12;1;0;1;6;0;2;5;0;9;290;243;739;3420;174;555;3515;0;2088
FR;10;2023-05-13;0;0;1;0;0;0;1;0;0;290;243;740;3420;174;555;3516;0;2088
FR;10;2023-05-14;0;0;0;0;0;0;0;0;0;290;243;740;3420;174;555;3516;0;2088
FR;10;2023-05-15;0;1;0;0;0;1;0;0;1;290;244;740;3420;174;556;3516;0;2089
FR;10;2023-05-16;0;0;0;2;0;0;2;0;3;290;244;740;3422;174;556;3518;0;2092
FR;10;2023-05-17;0;0;0;1;0;0;1;0;1;290;244;740;3423;174;556;3519;0;2093
FR;10;2023-05-18;0;0;0;0;0;0;0;0;0;290;244;740;3423;174;556;3519;0;2093
FR;10;2023-05-19;1;0;1;2;0;1;2;0;0;291;244;741;3425;174;557;3521;0;2093
FR;10;2023-05-20;1;0;0;1;0;0;1;0;1;292;244;741;3426;174;557;3522;0;2094
FR;10;2023-05-21;0;0;0;0;0;0;0;0;0;292;244;741;3426;174;557;3522;0;2094
FR;10;2023-05-22;1;0;1;3;0;1;3;0;0;293;244;742;3429;174;558;3525;0;2094
FR;10;2023-05-23;0;0;3;1;0;1;4;0;2;293;244;745;3430;174;559;3529;0;2096
FR;10;2023-05-24;1;2;0;0;3;0;1;0;5;294;246;745;3430;177;559;3530;0;2101
FR;10;2023-05-25;1;1;1;1;2;0;2;0;4;295;247;746;3431;179;559;3532;0;2105
FR;10;2023-05-26;1;0;2;5;0;2;5;0;6;296;247;748;3436;179;561;3537;0;2111
FR;10;2023-05-27;1;0;0;0;0;0;0;0;0;297;247;748;3436;179;561;3537;0;2111
FR;10;2023-05-28;1;0;0;0;1;0;0;0;0;298;247;748;3436;180;561;3537;0;2111
FR;10;2023-05-29;1;1;0;0;1;0;0;0;0;299;248;748;3436;181;561;3537;0;2111
FR;10;2023-05-30;0;0;1;3;0;1;4;0;1;299;248;749;3439;181;562;3541;0;2112
FR;10;2023-05-31;1;2;0;2;1;1;2;0;5;300;250;749;3441;182;563;3543;0;2117
FR;10;2023-06-01;0;0;2;0;0;2;0;0;8;300;250;751;3441;182;565;3543;0;2125
FR;10;2023-06-02;0;1;0;3;1;0;2;0;5;300;251;751;3444;183;565;3545;0;2130
FR;10;2023-06-03;0;0;0;1;0;0;1;0;1;300;251;751;3445;183;565;3546;0;2131
FR;10;2023-06-04;0;0;0;0;0;0;0;0;0;300;251;751;3445;183;565;3546;0;2131
FR;10;2023-06-05;0;0;0;2;0;0;2;0;1;300;251;751;3447;183;565;3548;0;2132
FR;11;2020-12-27;0;0;0;0;0;0;0;0;0;0;0;0;0;0;0;0;0;0
FR;11;2020-12-28;0;0;0;0;0;0;0;0;0;0;0;0;0;0;0;0;0;0
FR;11;2020-12-29;0;0;0;0;0;0;0;0;0;0;0;0;0;0;0;0;0;0
FR;11;2020-12-30;0;0;0;0;0;0;0;0;0;0;0;0;0;0;0;0;0;0
FR;11;2020-12-31;0;0;0;0;0;0;0;0;0;0;0;0;0;0;0;0;0;0
FR;11;2021-01-01;0;0;0;0;0;0;0;0;0;0;0;0;0;0;0;0;0;0
FR;11;2021-01-02;0;0;0;0;0;0;0;0;0;0;0;0;0;0;0;0;0;0
FR;11;2021-01-03;0;0;0;0;0;0;0;0;0;0;0;0;0;0;0;0;0;0
FR;11;2021-01-04;0;0;0;0;0;0;0;0;0;0;0;0;0;0;0;0;0;0
FR;11;2021-01-05;0;0;0;0;0;0;0;0;0;0;0;0;0;0;0;0;0;0
FR;11;2021-01-06;0;0;0;0;0;0;0;0;0;0;0;0;0;0;0;0;0;0
FR;11;2021-01-07;0;0;0;0;0;0;0;0;0;0;0;0;0;0;0;0;0;0
FR;11;2021-01-08;0;0;0;0;0;0;0;0;0;0;0;0;0;0;0;0;0;0
FR;11;2021-01-09;0;0;0;0;0;0;0;0;0;0;0;0;0;0;0;0;0;0
FR;11;2021-01-10;0;0;0;0;0;0;0;0;0;0;0;0;0;0;0;0;0;0
FR;11;2021-01-11;0;0;0;0;0;0;0;0;0;0;0;0;0;0;0;0;0;0
FR;11;2021-01-12;0;0;0;0;0;0;0;0;0;0;0;0;0;0;0;0;0;0
FR;11;2021-01-13;0;0;0;0;0;0;0;0;0;0;0;0;0;0;0;0;0;0
FR;11;2021-01-14;0;0;0;0;0;0;0;0;0;0;0;0;0;0;0;0;0;0
FR;11;2021-01-15;0;0;0;0;0;0;0;0;0;0;0;0;0;0;0;0;0;0
FR;11;2021-01-16;0;0;0;0;0;0;0;0;0;0;0;0;0;0;0;0;0;0
FR;11;2021-01-17;0;0;0;0;0;0;0;0;0;0;0;0;0;0;0;0;0;0
FR;11;2021-01-18;0;0;0;0;0;0;0;0;0;0;0;0;0;0;0;0;0;0
FR;11;2021-01-19;0;0;0;0;0;0;0;0;0;0;0;0;0;0;0;0;0;0
FR;11;2021-01-20;0;0;0;0;0;0;0;0;0;0;0;0;0;0;0;0;0;0
FR;11;2021-01-21;0;0;0;0;0;0;0;0;0;0;0;0;0;0;0;0;0;0
FR;11;2021-01-22;0;0;0;0;0;0;0;0;0;0;0;0;0;0;0;0;0;0
FR;11;2021-01-23;0;0;0;0;0;0;0;0;0;0;0;0;0;0;0;0;0;0
FR;11;2021-01-24;0;0;0;0;0;0;0;0;0;0;0;0;0;0;0;0;0;0
FR;11;2021-01-25;0;0;0;0;0;0;0;0;0;0;0;0;0;0;0;0;0;0
FR;11;2021-01-26;0;0;0;0;0;0;0;0;0;0;0;0;0;0;0;0;0;0
FR;11;2021-01-27;0;0;0;0;0;0;0;0;0;0;0;0;0;0;0;0;0;0
FR;11;2021-01-28;0;0;0;0;0;0;0;0;0;0;0;0;0;0;0;0;0;0
FR;11;2021-01-29;0;0;0;0;0;0;0;0;0;0;0;0;0;0;0;0;0;0
FR;11;2021-01-30;0;0;0;0;0;0;0;0;0;0;0;0;0;0;0;0;0;0
FR;11;2021-01-31;0;0;0;0;0;0;0;0;0;0;0;0;0;0;0;0;0;0
FR;11;2021-02-01;0;0;0;0;0;0;0;0;0;0;0;0;0;0;0;0;0;0
FR;11;2021-02-02;0;0;0;0;0;0;0;0;0;0;0;0;0;0;0;0;0;0
FR;11;2021-02-03;0;0;0;0;0;0;0;0;0;0;0;0;0;0;0;0;0;0
FR;11;2021-02-04;0;0;0;0;0;0;0;0;0;0;0;0;0;0;0;0;0;0
FR;11;2021-02-05;0;0;0;0;0;0;0;0;0;0;0;0;0;0;0;0;0;0
FR;11;2021-02-06;0;0;0;0;0;0;0;0;0;0;0;0;0;0;0;0;0;0
FR;11;2021-02-07;0;0;0;0;0;0;0;0;0;0;0;0;0;0;0;0;0;0
FR;11;2021-02-08;0;0;0;0;0;0;0;0;0;0;0;0;0;0;0;0;0;0
FR;11;2021-02-09;0;0;0;0;0;0;0;0;0;0;0;0;0;0;0;0;0;0
FR;11;2021-02-10;0;0;0;0;0;0;0;0;0;0;0;0;0;0;0;0;0;0
FR;11;2021-02-11;0;0;0;0;0;0;0;0;0;0;0;0;0;0;0;0;0;0
FR;11;2021-02-12;0;0;0;0;0;0;0;0;0;0;0;0;0;0;0;0;0;0
FR;11;2021-02-13;0;0;0;0;0;0;0;0;0;0;0;0;0;0;0;0;0;0
FR;11;2021-02-14;0;0;0;0;0;0;0;0;0;0;0;0;0;0;0;0;0;0
FR;11;2021-02-15;0;0;0;0;0;0;0;0;0;0;0;0;0;0;0;0;0;0
FR;11;2021-02-16;0;0;0;0;0;0;0;0;0;0;0;0;0;0;0;0;0;0
FR;11;2021-02-17;0;0;0;0;0;0;0;0;0;0;0;0;0;0;0;0;0;0
FR;11;2021-02-18;0;0;0;0;0;0;0;0;0;0;0;0;0;0;0;0;0;0
FR;11;2021-02-19;0;0;0;0;0;0;0;0;0;0;0;0;0;0;0;0;0;0
FR;11;2021-02-20;0;0;0;0;0;0;0;0;0;0;0;0;0;0;0;0;0;0
FR;11;2021-02-21;0;0;0;0;0;0;0;0;0;0;0;0;0;0;0;0;0;0
FR;11;2021-02-22;0;0;0;0;0;0;0;0;0;0;0;0;0;0;0;0;0;0
FR;11;2021-02-23;0;0;0;0;0;0;0;0;0;0;0;0;0;0;0;0;0;0
FR;11;2021-02-24;0;0;0;0;0;0;0;0;0;0;0;0;0;0;0;0;0;0
FR;11;2021-02-25;0;0;0;0;0;0;0;0;0;0;0;0;0;0;0;0;0;0
FR;11;2021-02-26;0;0;0;0;0;0;0;0;0;0;0;0;0;0;0;0;0;0
FR;11;2021-02-27;0;0;0;0;0;0;0;0;0;0;0;0;0;0;0;0;0;0
FR;11;2021-02-28;0;0;0;0;0;0;0;0;0;0;0;0;0;0;0;0;0;0
FR;11;2021-03-01;0;0;0;0;0;0;0;0;0;0;0;0;0;0;0;0;0;0
FR;11;2021-03-02;0;0;0;0;0;0;0;0;0;0;0;0;0;0;0;0;0;0
FR;11;2021-03-03;0;0;0;0;0;0;0;0;0;0;0;0;0;0;0;0;0;0
FR;11;2021-03-04;0;0;0;0;0;0;0;0;0;0;0;0;0;0;0;0;0;0
FR;11;2021-03-05;0;0;0;0;0;0;0;0;0;0;0;0;0;0;0;0;0;0
FR;11;2021-03-06;0;0;0;0;0;0;0;0;0;0;0;0;0;0;0;0;0;0
FR;11;2021-03-07;0;0;0;0;0;0;0;0;0;0;0;0;0;0;0;0;0;0
FR;11;2021-03-08;0;0;0;0;0;0;0;0;0;0;0;0;0;0;0;0;0;0
FR;11;2021-03-09;0;0;0;0;0;0;0;0;0;0;0;0;0;0;0;0;0;0
FR;11;2021-03-10;0;0;0;0;0;0;0;0;0;0;0;0;0;0;0;0;0;0
FR;11;2021-03-11;0;0;0;0;0;0;0;0;0;0;0;0;0;0;0;0;0;0
FR;11;2021-03-12;0;0;0;0;0;0;0;0;0;0;0;0;0;0;0;0;0;0
FR;11;2021-03-13;0;0;0;0;0;0;0;0;0;0;0;0;0;0;0;0;0;0
FR;11;2021-03-14;0;0;0;0;0;0;0;0;0;0;0;0;0;0;0;0;0;0
FR;11;2021-03-15;0;0;0;0;0;0;0;0;0;0;0;0;0;0;0;0;0;0
FR;11;2021-03-16;0;0;0;0;0;0;0;0;0;0;0;0;0;0;0;0;0;0
FR;11;2021-03-17;0;0;0;0;0;0;0;0;0;0;0;0;0;0;0;0;0;0
FR;11;2021-03-18;0;0;0;0;0;0;0;0;0;0;0;0;0;0;0;0;0;0
FR;11;2021-03-19;0;0;0;0;0;0;0;0;0;0;0;0;0;0;0;0;0;0
FR;11;2021-03-20;0;0;0;0;0;0;0;0;0;0;0;0;0;0;0;0;0;0
FR;11;2021-03-21;0;0;0;0;0;0;0;0;0;0;0;0;0;0;0;0;0;0
FR;11;2021-03-22;0;0;0;0;0;0;0;0;0;0;0;0;0;0;0;0;0;0
FR;11;2021-03-23;0;0;0;0;0;0;0;0;0;0;0;0;0;0;0;0;0;0
FR;11;2021-03-24;0;0;0;0;0;0;0;0;0;0;0;0;0;0;0;0;0;0
FR;11;2021-03-25;0;0;0;0;0;0;0;0;0;0;0;0;0;0;0;0;0;0
FR;11;2021-03-26;0;0;0;0;0;0;0;0;0;0;0;0;0;0;0;0;0;0
FR;11;2021-03-27;0;0;0;0;0;0;0;0;0;0;0;0;0;0;0;0;0;0
FR;11;2021-03-28;0;0;0;0;0;0;0;0;0;0;0;0;0;0;0;0;0;0
FR;11;2021-03-29;0;0;0;0;0;0;0;0;0;0;0;0;0;0;0;0;0;0
FR;11;2021-03-30;0;0;0;0;0;0;0;0;0;0;0;0;0;0;0;0;0;0
FR;11;2021-03-31;0;0;0;0;0;0;0;0;0;0;0;0;0;0;0;0;0;0
FR;11;2021-04-01;0;0;0;0;0;0;0;0;0;0;0;0;0;0;0;0;0;0
FR;11;2021-04-02;0;0;0;0;0;0;0;0;0;0;0;0;0;0;0;0;0;0
FR;11;2021-04-03;0;0;0;0;0;0;0;0;0;0;0;0;0;0;0;0;0;0
FR;11;2021-04-04;0;0;0;0;0;0;0;0;0;0;0;0;0;0;0;0;0;0
FR;11;2021-04-05;0;0;0;0;0;0;0;0;0;0;0;0;0;0;0;0;0;0
FR;11;2021-04-06;0;0;0;0;0;0;0;0;0;0;0;0;0;0;0;0;0;0
FR;11;2021-04-07;0;0;0;0;0;0;0;0;0;0;0;0;0;0;0;0;0;0
FR;11;2021-04-08;0;0;0;0;0;0;0;0;0;0;0;0;0;0;0;0;0;0
FR;11;2021-04-09;0;0;0;0;0;0;0;0;0;0;0;0;0;0;0;0;0;0
FR;11;2021-04-10;0;0;0;0;0;0;0;0;0;0;0;0;0;0;0;0;0;0
FR;11;2021-04-11;0;0;0;0;0;0;0;0;0;0;0;0;0;0;0;0;0;0
FR;11;2021-04-12;0;0;0;0;0;0;0;0;0;0;0;0;0;0;0;0;0;0
FR;11;2021-04-13;0;0;0;0;0;0;0;0;0;0;0;0;0;0;0;0;0;0
FR;11;2021-04-14;0;0;0;0;0;0;0;0;0;0;0;0;0;0;0;0;0;0
FR;11;2021-04-15;0;0;0;0;0;0;0;0;0;0;0;0;0;0;0;0;0;0
FR;11;2021-04-16;0;0;0;0;0;0;0;0;0;0;0;0;0;0;0;0;0;0
FR;11;2021-04-17;0;0;0;0;0;0;0;0;0;0;0;0;0;0;0;0;0;0
FR;11;2021-04-18;0;0;0;0;0;0;0;0;0;0;0;0;0;0;0;0;0;0
FR;11;2021-04-19;0;0;0;0;0;0;0;0;0;0;0;0;0;0;0;0;0;0
FR;11;2021-04-20;0;0;0;0;0;0;0;0;0;0;0;0;0;0;0;0;0;0
FR;11;2021-04-21;0;0;0;0;0;0;0;0;0;0;0;0;0;0;0;0;0;0
FR;11;2021-04-22;0;0;0;0;0;0;0;0;0;0;0;0;0;0;0;0;0;0
FR;11;2021-04-23;0;0;0;0;0;0;0;0;0;0;0;0;0;0;0;0;0;0
FR;11;2021-04-24;0;0;0;0;0;0;0;0;0;0;0;0;0;0;0;0;0;0
FR;11;2021-04-25;0;0;0;0;0;0;0;0;0;0;0;0;0;0;0;0;0;0
FR;11;2021-04-26;0;0;0;0;0;0;0;0;0;0;0;0;0;0;0;0;0;0
FR;11;2021-04-27;0;0;0;0;0;0;0;0;0;0;0;0;0;0;0;0;0;0
FR;11;2021-04-28;0;0;0;0;0;0;0;0;0;0;0;0;0;0;0;0;0;0
FR;11;2021-04-29;0;0;0;0;0;0;0;0;0;0;0;0;0;0;0;0;0;0
FR;11;2021-04-30;0;0;0;0;0;0;0;0;0;0;0;0;0;0;0;0;0;0
FR;11;2021-05-01;0;0;0;0;0;0;0;0;0;0;0;0;0;0;0;0;0;0
FR;11;2021-05-02;0;0;0;0;0;0;0;0;0;0;0;0;0;0;0;0;0;0
FR;11;2021-05-03;0;0;0;0;0;0;0;0;0;0;0;0;0;0;0;0;0;0
FR;11;2021-05-04;0;0;0;0;0;0;0;0;0;0;0;0;0;0;0;0;0;0
FR;11;2021-05-05;0;0;0;0;0;0;0;0;0;0;0;0;0;0;0;0;0;0
FR;11;2021-05-06;0;0;0;0;0;0;0;0;0;0;0;0;0;0;0;0;0;0
FR;11;2021-05-07;0;0;0;0;0;0;0;0;0;0;0;0;0;0;0;0;0;0
FR;11;2021-05-08;0;0;0;0;0;0;0;0;0;0;0;0;0;0;0;0;0;0
FR;11;2021-05-09;0;0;0;0;0;0;0;0;0;0;0;0;0;0;0;0;0;0
FR;11;2021-05-10;0;0;0;0;0;0;0;0;0;0;0;0;0;0;0;0;0;0
FR;11;2021-05-11;0;0;0;0;0;0;0;0;0;0;0;0;0;0;0;0;0;0
FR;11;2021-05-12;0;0;0;0;0;0;0;0;0;0;0;0;0;0;0;0;0;0
FR;11;2021-05-13;0;0;0;0;0;0;0;0;0;0;0;0;0;0;0;0;0;0
FR;11;2021-05-14;0;0;0;0;0;0;0;0;0;0;0;0;0;0;0;0;0;0
FR;11;2021-05-15;0;0;0;0;0;0;0;0;0;0;0;0;0;0;0;0;0;0
FR;11;2021-05-16;0;0;0;0;0;0;0;0;0;0;0;0;0;0;0;0;0;0
FR;11;2021-05-17;0;0;0;0;0;0;0;0;0;0;0;0;0;0;0;0;0;0
FR;11;2021-05-18;0;0;0;0;0;0;0;0;0;0;0;0;0;0;0;0;0;0
FR;11;2021-05-19;0;0;0;0;0;0;0;0;0;0;0;0;0;0;0;0;0;0
FR;11;2021-05-20;0;0;0;0;0;0;0;0;0;0;0;0;0;0;0;0;0;0
FR;11;2021-05-21;0;0;0;0;0;0;0;0;0;0;0;0;0;0;0;0;0;0
FR;11;2021-05-22;0;0;0;0;0;0;0;0;0;0;0;0;0;0;0;0;0;0
FR;11;2021-05-23;0;0;0;0;0;0;0;0;0;0;0;0;0;0;0;0;0;0
FR;11;2021-05-24;0;0;0;0;0;0;0;0;0;0;0;0;0;0;0;0;0;0
FR;11;2021-05-25;0;0;0;0;0;0;0;0;0;0;0;0;0;0;0;0;0;0
FR;11;2021-05-26;0;0;0;0;0;0;0;0;0;0;0;0;0;0;0;0;0;0
FR;11;2021-05-27;0;0;0;0;0;0;0;0;0;0;0;0;0;0;0;0;0;0
FR;11;2021-05-28;0;0;0;0;0;0;0;0;0;0;0;0;0;0;0;0;0;0
FR;11;2021-05-29;0;0;0;0;0;0;0;0;0;0;0;0;0;0;0;0;0;0
FR;11;2021-05-30;0;0;0;0;0;0;0;0;0;0;0;0;0;0;0;0;0;0
FR;11;2021-05-31;0;0;0;0;0;0;0;0;0;0;0;0;0;0;0;0;0;0
FR;11;2021-06-01;0;0;0;0;0;0;0;0;0;0;0;0;0;0;0;0;0;0
FR;11;2021-06-02;0;0;0;0;0;0;0;0;0;0;0;0;0;0;0;0;0;0
FR;11;2021-06-03;0;0;0;0;0;0;0;0;0;0;0;0;0;0;0;0;0;0
FR;11;2021-06-04;0;0;0;0;0;0;0;0;0;0;0;0;0;0;0;0;0;0
FR;11;2021-06-05;0;0;0;0;0;0;0;0;0;0;0;0;0;0;0;0;0;0
FR;11;2021-06-06;0;0;0;0;0;0;0;0;0;0;0;0;0;0;0;0;0;0
FR;11;2021-06-07;0;0;0;0;0;0;0;0;0;0;0;0;0;0;0;0;0;0
FR;11;2021-06-08;0;0;0;0;0;0;0;0;0;0;0;0;0;0;0;0;0;0
FR;11;2021-06-09;0;0;0;0;0;0;0;0;0;0;0;0;0;0;0;0;0;0
FR;11;2021-06-10;0;0;0;0;0;0;0;0;0;0;0;0;0;0;0;0;0;0
FR;11;2021-06-11;0;0;0;0;0;0;0;0;0;0;0;0;0;0;0;0;0;0
FR;11;2021-06-12;0;0;0;0;0;0;0;0;0;0;0;0;0;0;0;0;0;0
FR;11;2021-06-13;0;0;0;0;0;0;0;0;0;0;0;0;0;0;0;0;0;0
FR;11;2021-06-14;0;0;0;0;0;0;0;0;0;0;0;0;0;0;0;0;0;0
FR;11;2021-06-15;0;0;0;0;0;0;0;0;0;0;0;0;0;0;0;0;0;0
FR;11;2021-06-16;0;0;0;0;0;0;0;0;0;0;0;0;0;0;0;0;0;0
FR;11;2021-06-17;0;0;0;0;0;0;0;0;0;0;0;0;0;0;0;0;0;0
FR;11;2021-06-18;0;0;0;0;0;0;0;0;0;0;0;0;0;0;0;0;0;0
FR;11;2021-06-19;0;0;0;0;0;0;0;0;0;0;0;0;0;0;0;0;0;0
FR;11;2021-06-20;0;0;0;0;0;0;0;0;0;0;0;0;0;0;0;0;0;0
FR;11;2021-06-21;0;0;0;0;0;0;0;0;0;0;0;0;0;0;0;0;0;0
FR;11;2021-06-22;0;0;0;0;0;0;0;0;0;0;0;0;0;0;0;0;0;0
FR;11;2021-06-23;0;0;0;0;0;0;0;0;0;0;0;0;0;0;0;0;0;0
FR;11;2021-06-24;0;0;0;0;0;0;0;0;0;0;0;0;0;0;0;0;0;0
FR;11;2021-06-25;0;0;0;0;0;0;0;0;0;0;0;0;0;0;0;0;0;0
FR;11;2021-06-26;0;0;0;0;0;0;0;0;0;0;0;0;0;0;0;0;0;0
FR;11;2021-06-27;0;0;0;0;0;0;0;0;0;0;0;0;0;0;0;0;0;0
FR;11;2021-06-28;0;0;0;0;0;0;0;0;0;0;0;0;0;0;0;0;0;0
FR;11;2021-06-29;0;0;0;0;0;0;0;0;0;0;0;0;0;0;0;0;0;0
FR;11;2021-06-30;0;0;0;0;0;0;0;0;0;0;0;0;0;0;0;0;0;0
FR;11;2021-07-01;0;0;0;0;0;0;0;0;0;0;0;0;0;0;0;0;0;0
FR;11;2021-07-02;0;0;0;0;0;0;0;0;0;0;0;0;0;0;0;0;0;0
FR;11;2021-07-03;0;0;0;0;0;0;0;0;0;0;0;0;0;0;0;0;0;0
FR;11;2021-07-04;0;0;0;0;0;0;0;0;0;0;0;0;0;0;0;0;0;0
FR;11;2021-07-05;0;0;0;0;0;0;0;0;0;0;0;0;0;0;0;0;0;0
FR;11;2021-07-06;0;0;0;0;0;0;0;0;0;0;0;0;0;0;0;0;0;0
FR;11;2021-07-07;0;0;0;0;0;0;0;0;0;0;0;0;0;0;0;0;0;0
FR;11;2021-07-08;0;0;0;0;0;0;0;0;0;0;0;0;0;0;0;0;0;0
FR;11;2021-07-09;0;0;0;0;0;0;0;0;0;0;0;0;0;0;0;0;0;0
FR;11;2021-07-10;0;0;0;0;0;0;0;0;0;0;0;0;0;0;0;0;0;0
FR;11;2021-07-11;0;0;0;0;0;0;0;0;0;0;0;0;0;0;0;0;0;0
FR;11;2021-07-12;0;0;0;0;0;0;0;0;0;0;0;0;0;0;0;0;0;0
FR;11;2021-07-13;0;0;0;0;0;0;0;0;0;0;0;0;0;0;0;0;0;0
FR;11;2021-07-14;0;0;0;0;0;0;0;0;0;0;0;0;0;0;0;0;0;0
FR;11;2021-07-15;0;0;0;0;0;0;0;0;0;0;0;0;0;0;0;0;0;0
FR;11;2021-07-16;0;0;0;0;0;0;0;0;0;0;0;0;0;0;0;0;0;0
FR;11;2021-07-17;0;0;0;0;0;0;0;0;0;0;0;0;0;0;0;0;0;0
FR;11;2021-07-18;0;0;0;0;0;0;0;0;0;0;0;0;0;0;0;0;0;0
FR;11;2021-07-19;0;0;0;0;0;0;0;0;0;0;0;0;0;0;0;0;0;0
FR;11;2021-07-20;0;0;0;0;0;0;0;0;0;0;0;0;0;0;0;0;0;0
FR;11;2021-07-21;0;0;0;0;0;0;0;0;0;0;0;0;0;0;0;0;0;0
FR;11;2021-07-22;0;0;0;0;0;0;0;0;0;0;0;0;0;0;0;0;0;0
FR;11;2021-07-23;0;0;0;0;0;0;0;0;0;0;0;0;0;0;0;0;0;0
FR;11;2021-07-24;0;0;0;0;0;0;0;0;0;0;0;0;0;0;0;0;0;0
FR;11;2021-07-25;0;0;0;0;0;0;0;0;0;0;0;0;0;0;0;0;0;0
FR;11;2021-07-26;0;0;0;0;0;0;0;0;0;0;0;0;0;0;0;0;0;0
FR;11;2021-07-27;0;0;0;0;0;0;0;0;0;0;0;0;0;0;0;0;0;0
FR;11;2021-07-28;0;0;0;0;0;0;0;0;0;0;0;0;0;0;0;0;0;0
FR;11;2021-07-29;0;0;0;0;0;0;0;0;0;0;0;0;0;0;0;0;0;0
FR;11;2021-07-30;0;0;0;0;0;0;0;0;0;0;0;0;0;0;0;0;0;0
FR;11;2021-07-31;0;0;0;0;0;0;0;0;0;0;0;0;0;0;0;0;0;0
FR;11;2021-08-01;0;0;0;0;0;0;0;0;0;0;0;0;0;0;0;0;0;0
FR;11;2021-08-02;0;0;0;0;0;0;0;0;0;0;0;0;0;0;0;0;0;0
FR;11;2021-08-03;0;0;0;0;0;0;0;0;0;0;0;0;0;0;0;0;0;0
FR;11;2021-08-04;0;0;0;0;0;0;0;0;0;0;0;0;0;0;0;0;0;0
FR;11;2021-08-05;0;0;0;0;0;0;0;0;0;0;0;0;0;0;0;0;0;0
FR;11;2021-08-06;0;0;0;0;0;0;0;0;0;0;0;0;0;0;0;0;0;0
FR;11;2021-08-07;0;0;0;0;0;0;0;0;0;0;0;0;0;0;0;0;0;0
FR;11;2021-08-08;0;0;0;0;0;0;0;0;0;0;0;0;0;0;0;0;0;0
FR;11;2021-08-09;0;0;0;0;0;0;0;0;0;0;0;0;0;0;0;0;0;0
FR;11;2021-08-10;0;0;0;0;0;0;0;0;0;0;0;0;0;0;0;0;0;0
FR;11;2021-08-11;0;0;0;0;0;0;0;0;0;0;0;0;0;0;0;0;0;0
FR;11;2021-08-12;0;0;0;0;0;0;0;0;0;0;0;0;0;0;0;0;0;0
FR;11;2021-08-13;0;0;0;0;0;0;0;0;0;0;0;0;0;0;0;0;0;0
FR;11;2021-08-14;0;0;0;0;0;0;0;0;0;0;0;0;0;0;0;0;0;0
FR;11;2021-08-15;0;0;0;0;0;0;0;0;0;0;0;0;0;0;0;0;0;0
FR;11;2021-08-16;0;0;0;0;0;0;0;0;0;0;0;0;0;0;0;0;0;0
FR;11;2021-08-17;0;0;0;0;0;0;0;0;0;0;0;0;0;0;0;0;0;0
FR;11;2021-08-18;0;0;0;0;0;0;0;0;0;0;0;0;0;0;0;0;0;0
FR;11;2021-08-19;0;0;0;0;0;0;0;0;0;0;0;0;0;0;0;0;0;0
FR;11;2021-08-20;0;0;0;0;0;0;0;0;0;0;0;0;0;0;0;0;0;0
FR;11;2021-08-21;0;0;0;0;0;0;0;0;0;0;0;0;0;0;0;0;0;0
FR;11;2021-08-22;0;0;0;0;0;0;0;0;0;0;0;0;0;0;0;0;0;0
FR;11;2021-08-23;0;0;0;0;0;0;0;0;0;0;0;0;0;0;0;0;0;0
FR;11;2021-08-24;0;0;0;0;0;0;0;0;0;0;0;0;0;0;0;0;0;0
FR;11;2021-08-25;0;0;0;0;0;0;0;0;0;0;0;0;0;0;0;0;0;0
FR;11;2021-08-26;0;0;0;0;0;0;0;0;0;0;0;0;0;0;0;0;0;0
FR;11;2021-08-27;0;0;0;0;0;0;0;0;0;0;0;0;0;0;0;0;0;0
FR;11;2021-08-28;0;0;0;0;0;0;0;0;0;0;0;0;0;0;0;0;0;0
FR;11;2021-08-29;0;0;0;0;0;0;0;0;0;0;0;0;0;0;0;0;0;0
FR;11;2021-08-30;0;0;0;0;0;0;0;0;0;0;0;0;0;0;0;0;0;0
FR;11;2021-08-31;0;0;0;0;0;0;0;0;0;0;0;0;0;0;0;0;0;0
FR;11;2021-09-01;0;0;0;0;0;0;0;0;0;0;0;0;0;0;0;0;0;0
FR;11;2021-09-02;0;0;0;0;0;0;0;0;0;0;0;0;0;0;0;0;0;0
FR;11;2021-09-03;0;0;0;0;0;0;0;0;0;0;0;0;0;0;0;0;0;0
FR;11;2021-09-04;0;0;0;0;0;0;0;0;0;0;0;0;0;0;0;0;0;0
FR;11;2021-09-05;0;0;0;0;0;0;0;0;0;0;0;0;0;0;0;0;0;0
FR;11;2021-09-06;0;0;0;0;0;0;0;0;0;0;0;0;0;0;0;0;0;0
FR;11;2021-09-07;0;0;0;0;0;0;0;0;0;0;0;0;0;0;0;0;0;0
FR;11;2021-09-08;0;0;0;0;0;0;0;0;0;0;0;0;0;0;0;0;0;0
FR;11;2021-09-09;0;0;0;0;0;0;0;0;0;0;0;0;0;0;0;0;0;0
FR;11;2021-09-10;0;0;0;0;0;0;0;0;0;0;0;0;0;0;0;0;0;0
FR;11;2021-09-11;0;0;0;0;0;0;0;0;0;0;0;0;0;0;0;0;0;0
FR;11;2021-09-12;0;0;0;0;0;0;0;0;0;0;0;0;0;0;0;0;0;0
FR;11;2021-09-13;0;0;0;0;0;0;0;0;0;0;0;0;0;0;0;0;0;0
FR;11;2021-09-14;0;0;0;0;0;0;0;0;0;0;0;0;0;0;0;0;0;0
FR;11;2021-09-15;0;0;0;0;0;0;0;0;0;0;0;0;0;0;0;0;0;0
FR;11;2021-09-16;0;0;0;0;0;0;0;0;0;0;0;0;0;0;0;0;0;0
FR;11;2021-09-17;0;0;0;0;0;0;0;0;0;0;0;0;0;0;0;0;0;0
FR;11;2021-09-18;0;0;0;0;0;0;0;0;0;0;0;0;0;0;0;0;0;0
FR;11;2021-09-19;0;0;0;0;0;0;0;0;0;0;0;0;0;0;0;0;0;0
FR;11;2021-09-20;0;0;0;0;0;0;0;0;0;0;0;0;0;0;0;0;0;0
FR;11;2021-09-21;0;0;0;0;0;0;0;0;0;0;0;0;0;0;0;0;0;0
FR;11;2021-09-22;0;0;0;0;0;0;0;0;0;0;0;0;0;0;0;0;0;0
FR;11;2021-09-23;0;0;0;0;0;0;0;0;0;0;0;0;0;0;0;0;0;0
FR;11;2021-09-24;0;0;0;0;0;0;0;0;0;0;0;0;0;0;0;0;0;0
FR;11;2021-09-25;0;0;0;0;0;0;0;0;0;0;0;0;0;0;0;0;0;0
FR;11;2021-09-26;0;0;0;0;0;0;0;0;0;0;0;0;0;0;0;0;0;0
FR;11;2021-09-27;0;0;0;0;0;0;0;0;0;0;0;0;0;0;0;0;0;0
FR;11;2021-09-28;0;0;0;0;0;0;0;0;0;0;0;0;0;0;0;0;0;0
FR;11;2021-09-29;0;0;0;0;0;0;0;0;0;0;0;0;0;0;0;0;0;0
FR;11;2021-09-30;0;0;0;0;0;0;0;0;0;0;0;0;0;0;0;0;0;0
FR;11;2021-10-01;0;0;0;0;0;0;0;0;0;0;0;0;0;0;0;0;0;0
FR;11;2021-10-02;0;0;0;0;0;0;0;0;0;0;0;0;0;0;0;0;0;0
FR;11;2021-10-03;0;0;0;0;0;0;0;0;0;0;0;0;0;0;0;0;0;0
FR;11;2021-10-04;0;0;0;0;0;0;0;0;0;0;0;0;0;0;0;0;0;0
FR;11;2021-10-05;0;0;0;0;0;0;0;0;0;0;0;0;0;0;0;0;0;0
FR;11;2021-10-06;0;0;0;0;0;0;0;0;0;0;0;0;0;0;0;0;0;0
FR;11;2021-10-07;0;0;0;0;0;0;0;0;0;0;0;0;0;0;0;0;0;0
FR;11;2021-10-08;0;0;0;0;0;0;0;0;0;0;0;0;0;0;0;0;0;0
FR;11;2021-10-09;0;0;0;0;0;0;0;0;0;0;0;0;0;0;0;0;0;0
FR;11;2021-10-10;0;0;0;0;0;0;0;0;0;0;0;0;0;0;0;0;0;0
FR;11;2021-10-11;0;0;0;0;0;0;0;0;0;0;0;0;0;0;0;0;0;0
FR;11;2021-10-12;0;0;0;0;0;0;0;0;0;0;0;0;0;0;0;0;0;0
FR;11;2021-10-13;0;0;0;0;0;0;0;0;0;0;0;0;0;0;0;0;0;0
FR;11;2021-10-14;0;0;0;0;0;0;0;0;0;0;0;0;0;0;0;0;0;0
FR;11;2021-10-15;0;0;0;0;0;0;0;0;0;0;0;0;0;0;0;0;0;0
FR;11;2021-10-16;0;0;0;0;0;0;0;0;0;0;0;0;0;0;0;0;0;0
FR;11;2021-10-17;0;0;0;0;0;0;0;0;0;0;0;0;0;0;0;0;0;0
FR;11;2021-10-18;0;0;0;0;0;0;0;0;0;0;0;0;0;0;0;0;0;0
FR;11;2021-10-19;0;0;0;0;0;0;0;0;0;0;0;0;0;0;0;0;0;0
FR;11;2021-10-20;0;0;0;0;0;0;0;0;0;0;0;0;0;0;0;0;0;0
FR;11;2021-10-21;0;0;0;0;0;0;0;0;0;0;0;0;0;0;0;0;0;0
FR;11;2021-10-22;0;0;0;0;0;0;0;0;0;0;0;0;0;0;0;0;0;0
FR;11;2021-10-23;0;0;0;0;0;0;0;0;0;0;0;0;0;0;0;0;0;0
FR;11;2021-10-24;0;0;0;0;0;0;0;0;0;0;0;0;0;0;0;0;0;0
FR;11;2021-10-25;0;0;0;0;0;0;0;0;0;0;0;0;0;0;0;0;0;0
FR;11;2021-10-26;0;0;0;0;0;0;0;0;0;0;0;0;0;0;0;0;0;0
FR;11;2021-10-27;0;0;0;0;0;0;0;0;0;0;0;0;0;0;0;0;0;0
FR;11;2021-10-28;0;0;0;0;0;0;0;0;0;0;0;0;0;0;0;0;0;0
FR;11;2021-10-29;0;0;0;0;0;0;0;0;0;0;0;0;0;0;0;0;0;0
FR;11;2021-10-30;0;0;0;0;0;0;0;0;0;0;0;0;0;0;0;0;0;0
FR;11;2021-10-31;0;0;0;0;0;0;0;0;0;0;0;0;0;0;0;0;0;0
FR;11;2021-11-01;0;0;0;0;0;0;0;0;0;0;0;0;0;0;0;0;0;0
FR;11;2021-11-02;0;0;0;0;0;0;0;0;0;0;0;0;0;0;0;0;0;0
FR;11;2021-11-03;0;0;0;0;0;0;0;0;0;0;0;0;0;0;0;0;0;0
FR;11;2021-11-04;0;0;0;0;0;0;0;0;0;0;0;0;0;0;0;0;0;0
FR;11;2021-11-05;0;0;0;0;0;0;0;0;0;0;0;0;0;0;0;0;0;0
FR;11;2021-11-06;0;0;0;0;0;0;0;0;0;0;0;0;0;0;0;0;0;0
FR;11;2021-11-07;0;0;0;0;0;0;0;0;0;0;0;0;0;0;0;0;0;0
FR;11;2021-11-08;0;0;0;0;0;0;0;0;0;0;0;0;0;0;0;0;0;0
FR;11;2021-11-09;0;0;0;0;0;0;0;0;0;0;0;0;0;0;0;0;0;0
FR;11;2021-11-10;0;0;0;0;0;0;0;0;0;0;0;0;0;0;0;0;0;0
FR;11;2021-11-11;0;0;0;0;0;0;0;0;0;0;0;0;0;0;0;0;0;0
FR;11;2021-11-12;0;0;0;0;0;0;0;0;0;0;0;0;0;0;0;0;0;0
FR;11;2021-11-13;0;0;0;0;0;0;0;0;0;0;0;0;0;0;0;0;0;0
FR;11;2021-11-14;0;0;0;0;0;0;0;0;0;0;0;0;0;0;0;0;0;0
FR;11;2021-11-15;0;0;0;0;0;0;0;0;0;0;0;0;0;0;0;0;0;0
FR;11;2021-11-16;0;0;0;0;0;0;0;0;0;0;0;0;0;0;0;0;0;0
FR;11;2021-11-17;0;0;0;0;0;0;0;0;0;0;0;0;0;0;0;0;0;0
FR;11;2021-11-18;0;0;0;0;0;0;0;0;0;0;0;0;0;0;0;0;0;0
FR;11;2021-11-19;0;0;0;0;0;0;0;0;0;0;0;0;0;0;0;0;0;0
FR;11;2021-11-20;0;0;0;0;0;0;0;0;0;0;0;0;0;0;0;0;0;0
FR;11;2021-11-21;0;0;0;0;0;0;0;0;0;0;0;0;0;0;0;0;0;0
FR;11;2021-11-22;0;0;0;0;0;0;0;0;0;0;0;0;0;0;0;0;0;0
FR;11;2021-11-23;0;0;0;0;0;0;0;0;0;0;0;0;0;0;0;0;0;0
FR;11;2021-11-24;0;0;0;0;0;0;0;0;0;0;0;0;0;0;0;0;0;0
FR;11;2021-11-25;0;0;0;0;0;0;0;0;0;0;0;0;0;0;0;0;0;0
FR;11;2021-11-26;0;0;0;0;0;0;0;0;0;0;0;0;0;0;0;0;0;0
FR;11;2021-11-27;0;0;0;0;0;0;0;0;0;0;0;0;0;0;0;0;0;0
FR;11;2021-11-28;0;0;0;0;0;0;0;0;0;0;0;0;0;0;0;0;0;0
FR;11;2021-11-29;0;0;0;0;0;0;0;0;0;0;0;0;0;0;0;0;0;0
FR;11;2021-11-30;0;0;0;0;0;0;0;0;0;0;0;0;0;0;0;0;0;0
FR;11;2021-12-01;0;0;0;0;0;0;0;0;0;0;0;0;0;0;0;0;0;0
FR;11;2021-12-02;0;0;0;0;0;0;0;0;0;0;0;0;0;0;0;0;0;0
FR;11;2021-12-03;0;0;0;0;0;0;0;0;0;0;0;0;0;0;0;0;0;0
FR;11;2021-12-04;0;0;0;0;0;0;0;0;0;0;0;0;0;0;0;0;0;0
FR;11;2021-12-05;0;0;0;0;0;0;0;0;0;0;0;0;0;0;0;0;0;0
FR;11;2021-12-06;0;0;0;0;0;0;0;0;0;0;0;0;0;0;0;0;0;0
FR;11;2021-12-07;0;0;0;0;0;0;0;0;0;0;0;0;0;0;0;0;0;0
FR;11;2021-12-08;0;0;0;0;0;0;0;0;0;0;0;0;0;0;0;0;0;0
FR;11;2021-12-09;0;0;0;0;0;0;0;0;0;0;0;0;0;0;0;0;0;0
FR;11;2021-12-10;0;0;0;0;0;0;0;0;0;0;0;0;0;0;0;0;0;0
FR;11;2021-12-11;0;0;0;0;0;0;0;0;0;0;0;0;0;0;0;0;0;0
FR;11;2021-12-12;0;0;0;0;0;0;0;0;0;0;0;0;0;0;0;0;0;0
FR;11;2021-12-13;0;0;0;0;0;0;0;0;0;0;0;0;0;0;0;0;0;0
FR;11;2021-12-14;0;0;0;0;0;0;0;0;0;0;0;0;0;0;0;0;0;0
FR;11;2021-12-15;0;0;0;0;0;0;0;0;0;0;0;0;0;0;0;0;0;0
FR;11;2021-12-16;0;0;0;0;0;0;0;0;0;0;0;0;0;0;0;0;0;0
FR;11;2021-12-17;0;0;0;0;0;0;0;0;0;0;0;0;0;0;0;0;0;0
FR;11;2021-12-18;0;0;0;0;0;0;0;0;0;0;0;0;0;0;0;0;0;0
FR;11;2021-12-19;0;0;0;0;0;0;0;0;0;0;0;0;0;0;0;0;0;0
FR;11;2021-12-20;0;0;0;0;0;0;0;0;0;0;0;0;0;0;0;0;0;0
FR;11;2021-12-21;0;0;0;0;0;0;0;0;0;0;0;0;0;0;0;0;0;0
FR;11;2021-12-22;0;0;0;0;0;0;0;0;0;0;0;0;0;0;0;0;0;0
FR;11;2021-12-23;0;0;0;0;0;0;0;0;0;0;0;0;0;0;0;0;0;0
FR;11;2021-12-24;0;0;0;0;0;0;0;0;0;0;0;0;0;0;0;0;0;0
FR;11;2021-12-25;0;0;0;0;0;0;0;0;0;0;0;0;0;0;0;0;0;0
FR;11;2021-12-26;0;0;0;0;0;0;0;0;0;0;0;0;0;0;0;0;0;0
FR;11;2021-12-27;0;0;0;0;0;0;0;0;0;0;0;0;0;0;0;0;0;0
FR;11;2021-12-28;0;0;0;0;0;0;0;0;0;0;0;0;0;0;0;0;0;0
FR;11;2021-12-29;0;0;0;0;0;0;0;0;0;0;0;0;0;0;0;0;0;0
FR;11;2021-12-30;0;0;0;0;0;0;0;0;0;0;0;0;0;0;0;0;0;0
FR;11;2021-12-31;0;0;0;0;0;0;0;0;0;0;0;0;0;0;0;0;0;0
FR;11;2022-01-01;0;0;0;0;0;0;0;0;0;0;0;0;0;0;0;0;0;0
FR;11;2022-01-02;0;0;0;0;0;0;0;0;0;0;0;0;0;0;0;0;0;0
FR;11;2022-01-03;0;0;0;0;0;0;0;0;0;0;0;0;0;0;0;0;0;0
FR;11;2022-01-04;0;0;0;0;0;0;0;0;0;0;0;0;0;0;0;0;0;0
FR;11;2022-01-05;0;0;0;0;0;0;0;0;0;0;0;0;0;0;0;0;0;0
FR;11;2022-01-06;0;0;0;0;0;0;0;0;0;0;0;0;0;0;0;0;0;0
FR;11;2022-01-07;0;0;0;0;0;0;0;0;0;0;0;0;0;0;0;0;0;0
FR;11;2022-01-08;0;0;0;0;0;0;0;0;0;0;0;0;0;0;0;0;0;0
FR;11;2022-01-09;0;0;0;0;0;0;0;0;0;0;0;0;0;0;0;0;0;0
FR;11;2022-01-10;0;0;0;0;0;0;0;0;0;0;0;0;0;0;0;0;0;0
FR;11;2022-01-11;0;0;0;0;0;0;0;0;0;0;0;0;0;0;0;0;0;0
FR;11;2022-01-12;0;0;0;0;0;0;0;0;0;0;0;0;0;0;0;0;0;0
FR;11;2022-01-13;0;0;0;0;0;0;0;0;0;0;0;0;0;0;0;0;0;0
FR;11;2022-01-14;0;0;0;0;0;0;0;0;0;0;0;0;0;0;0;0;0;0
FR;11;2022-01-15;0;0;0;0;0;0;0;0;0;0;0;0;0;0;0;0;0;0
FR;11;2022-01-16;0;0;0;0;0;0;0;0;0;0;0;0;0;0;0;0;0;0
FR;11;2022-01-17;0;0;0;0;0;0;0;0;0;0;0;0;0;0;0;0;0;0
FR;11;2022-01-18;0;0;0;0;0;0;0;0;0;0;0;0;0;0;0;0;0;0
FR;11;2022-01-19;0;0;0;0;0;0;0;0;0;0;0;0;0;0;0;0;0;0
FR;11;2022-01-20;0;0;0;0;0;0;0;0;0;0;0;0;0;0;0;0;0;0
FR;11;2022-01-21;0;0;0;0;0;0;0;0;0;0;0;0;0;0;0;0;0;0
FR;11;2022-01-22;0;0;0;0;0;0;0;0;0;0;0;0;0;0;0;0;0;0
FR;11;2022-01-23;0;0;0;0;0;0;0;0;0;0;0;0;0;0;0;0;0;0
FR;11;2022-01-24;0;0;0;0;0;0;0;0;0;0;0;0;0;0;0;0;0;0
FR;11;2022-01-25;0;0;0;0;0;0;0;0;0;0;0;0;0;0;0;0;0;0
FR;11;2022-01-26;0;0;0;0;0;0;0;0;0;0;0;0;0;0;0;0;0;0
FR;11;2022-01-27;0;0;0;0;0;0;0;0;0;0;0;0;0;0;0;0;0;0
FR;11;2022-01-28;0;0;0;0;0;0;0;0;0;0;0;0;0;0;0;0;0;0
FR;11;2022-01-29;0;0;0;0;0;0;0;0;0;0;0;0;0;0;0;0;0;0
FR;11;2022-01-30;0;0;0;0;0;0;0;0;0;0;0;0;0;0;0;0;0;0
FR;11;2022-01-31;0;0;0;0;0;0;0;0;0;0;0;0;0;0;0;0;0;0
FR;11;2022-02-01;0;0;0;0;0;0;0;0;0;0;0;0;0;0;0;0;0;0
FR;11;2022-02-02;0;0;0;0;0;0;0;0;0;0;0;0;0;0;0;0;0;0
FR;11;2022-02-03;0;0;0;0;0;0;0;0;0;0;0;0;0;0;0;0;0;0
FR;11;2022-02-04;0;0;0;0;0;0;0;0;0;0;0;0;0;0;0;0;0;0
FR;11;2022-02-05;0;0;0;0;0;0;0;0;0;0;0;0;0;0;0;0;0;0
FR;11;2022-02-06;0;0;0;0;0;0;0;0;0;0;0;0;0;0;0;0;0;0
FR;11;2022-02-07;0;0;0;0;0;0;0;0;0;0;0;0;0;0;0;0;0;0
FR;11;2022-02-08;0;0;0;0;0;0;0;0;0;0;0;0;0;0;0;0;0;0
FR;11;2022-02-09;0;0;0;0;0;0;0;0;0;0;0;0;0;0;0;0;0;0
FR;11;2022-02-10;0;0;0;0;0;0;0;0;0;0;0;0;0;0;0;0;0;0
FR;11;2022-02-11;0;0;0;0;0;0;0;0;0;0;0;0;0;0;0;0;0;0
FR;11;2022-02-12;0;0;0;0;0;0;0;0;0;0;0;0;0;0;0;0;0;0
FR;11;2022-02-13;0;0;0;0;0;0;0;0;0;0;0;0;0;0;0;0;0;0
FR;11;2022-02-14;0;0;0;0;0;0;0;0;0;0;0;0;0;0;0;0;0;0
FR;11;2022-02-15;0;0;0;0;0;0;0;0;0;0;0;0;0;0;0;0;0;0
FR;11;2022-02-16;0;0;0;0;0;0;0;0;0;0;0;0;0;0;0;0;0;0
FR;11;2022-02-17;0;0;0;0;0;0;0;0;0;0;0;0;0;0;0;0;0;0
FR;11;2022-02-18;0;0;0;0;0;0;0;0;0;0;0;0;0;0;0;0;0;0
FR;11;2022-02-19;0;0;0;0;0;0;0;0;0;0;0;0;0;0;0;0;0;0
FR;11;2022-02-20;0;0;0;0;0;0;0;0;0;0;0;0;0;0;0;0;0;0
FR;11;2022-02-21;0;0;0;0;0;0;0;0;0;0;0;0;0;0;0;0;0;0
FR;11;2022-02-22;0;0;0;0;0;0;0;0;0;0;0;0;0;0;0;0;0;0
FR;11;2022-02-23;0;0;0;0;0;0;0;0;0;0;0;0;0;0;0;0;0;0
FR;11;2022-02-24;0;0;0;0;0;0;0;0;0;0;0;0;0;0;0;0;0;0
FR;11;2022-02-25;0;0;0;0;0;0;0;0;0;0;0;0;0;0;0;0;0;0
FR;11;2022-02-26;0;0;0;0;0;0;0;0;0;0;0;0;0;0;0;0;0;0
FR;11;2022-02-27;0;0;0;0;0;0;0;0;0;0;0;0;0;0;0;0;0;0
FR;11;2022-02-28;0;0;0;0;0;0;0;0;0;0;0;0;0;0;0;0;0;0
FR;11;2022-03-01;0;0;0;0;0;0;0;0;0;0;0;0;0;0;0;0;0;0
FR;11;2022-03-02;0;0;0;0;0;0;0;0;0;0;0;0;0;0;0;0;0;0
FR;11;2022-03-03;0;0;0;0;0;0;0;0;0;0;0;0;0;0;0;0;0;0
FR;11;2022-03-04;0;0;0;0;0;0;0;0;0;0;0;0;0;0;0;0;0;0
FR;11;2022-03-05;0;0;0;0;0;0;0;0;0;0;0;0;0;0;0;0;0;0
FR;11;2022-03-06;0;0;0;0;0;0;0;0;0;0;0;0;0;0;0;0;0;0
FR;11;2022-03-07;0;0;0;0;0;0;0;0;0;0;0;0;0;0;0;0;0;0
FR;11;2022-03-08;0;0;0;0;0;0;0;0;0;0;0;0;0;0;0;0;0;0
FR;11;2022-03-09;0;0;0;0;0;0;0;0;0;0;0;0;0;0;0;0;0;0
FR;11;2022-03-10;0;0;0;0;0;0;0;0;0;0;0;0;0;0;0;0;0;0
FR;11;2022-03-11;0;0;0;0;0;0;0;0;0;0;0;0;0;0;0;0;0;0
FR;11;2022-03-12;0;0;0;0;0;0;0;0;0;0;0;0;0;0;0;0;0;0
FR;11;2022-03-13;0;0;0;0;0;0;0;0;0;0;0;0;0;0;0;0;0;0
FR;11;2022-03-14;0;0;0;0;0;0;0;0;0;0;0;0;0;0;0;0;0;0
FR;11;2022-03-15;0;0;0;0;0;0;0;0;0;0;0;0;0;0;0;0;0;0
FR;11;2022-03-16;0;0;0;0;0;0;0;0;0;0;0;0;0;0;0;0;0;0
FR;11;2022-03-17;0;0;0;0;0;0;0;0;0;0;0;0;0;0;0;0;0;0
FR;11;2022-03-18;0;0;0;0;0;0;0;0;0;0;0;0;0;0;0;0;0;0
FR;11;2022-03-19;0;0;0;0;0;0;0;0;0;0;0;0;0;0;0;0;0;0
FR;11;2022-03-20;0;0;0;0;0;0;0;0;0;0;0;0;0;0;0;0;0;0
FR;11;2022-03-21;0;0;0;0;0;0;0;0;0;0;0;0;0;0;0;0;0;0
FR;11;2022-03-22;0;0;0;0;0;0;0;0;0;0;0;0;0;0;0;0;0;0
FR;11;2022-03-23;0;0;0;0;0;0;0;0;0;0;0;0;0;0;0;0;0;0
FR;11;2022-03-24;0;0;0;0;0;0;0;0;0;0;0;0;0;0;0;0;0;0
FR;11;2022-03-25;0;0;0;0;0;0;0;0;0;0;0;0;0;0;0;0;0;0
FR;11;2022-03-26;0;0;0;0;0;0;0;0;0;0;0;0;0;0;0;0;0;0
FR;11;2022-03-27;0;0;0;0;0;0;0;0;0;0;0;0;0;0;0;0;0;0
FR;11;2022-03-28;0;0;0;0;0;0;0;0;0;0;0;0;0;0;0;0;0;0
FR;11;2022-03-29;0;0;0;0;0;0;0;0;0;0;0;0;0;0;0;0;0;0
FR;11;2022-03-30;0;0;0;0;0;0;0;0;0;0;0;0;0;0;0;0;0;0
FR;11;2022-03-31;0;0;0;0;0;0;0;0;0;0;0;0;0;0;0;0;0;0
FR;11;2022-04-01;0;0;0;0;0;0;0;0;0;0;0;0;0;0;0;0;0;0
FR;11;2022-04-02;0;0;0;0;0;0;0;0;0;0;0;0;0;0;0;0;0;0
FR;11;2022-04-03;0;0;0;0;0;0;0;0;0;0;0;0;0;0;0;0;0;0
FR;11;2022-04-04;0;0;0;0;0;0;0;0;0;0;0;0;0;0;0;0;0;0
FR;11;2022-04-05;0;0;0;0;0;0;0;0;0;0;0;0;0;0;0;0;0;0
FR;11;2022-04-06;0;0;0;0;0;0;0;0;0;0;0;0;0;0;0;0;0;0
FR;11;2022-04-07;0;0;0;0;0;0;0;0;0;0;0;0;0;0;0;0;0;0
FR;11;2022-04-08;0;0;0;0;0;0;0;0;0;0;0;0;0;0;0;0;0;0
FR;11;2022-04-09;0;0;0;0;0;0;0;0;0;0;0;0;0;0;0;0;0;0
FR;11;2022-04-10;0;0;0;0;0;0;0;0;0;0;0;0;0;0;0;0;0;0
FR;11;2022-04-11;0;0;0;0;0;0;0;0;0;0;0;0;0;0;0;0;0;0
FR;11;2022-04-12;0;0;0;0;0;0;0;0;0;0;0;0;0;0;0;0;0;0
FR;11;2022-04-13;0;0;0;0;0;0;0;0;0;0;0;0;0;0;0;0;0;0
FR;11;2022-04-14;0;0;0;0;0;0;0;0;0;0;0;0;0;0;0;0;0;0
FR;11;2022-04-15;0;0;0;0;0;0;0;0;0;0;0;0;0;0;0;0;0;0
FR;11;2022-04-16;0;0;0;0;0;0;0;0;0;0;0;0;0;0;0;0;0;0
FR;11;2022-04-17;0;0;0;0;0;0;0;0;0;0;0;0;0;0;0;0;0;0
FR;11;2022-04-18;0;0;0;0;0;0;0;0;0;0;0;0;0;0;0;0;0;0
FR;11;2022-04-19;0;0;0;0;0;0;0;0;0;0;0;0;0;0;0;0;0;0
FR;11;2022-04-20;0;0;0;0;0;0;0;0;0;0;0;0;0;0;0;0;0;0
FR;11;2022-04-21;0;0;0;0;0;0;0;0;0;0;0;0;0;0;0;0;0;0
FR;11;2022-04-22;0;0;0;0;0;0;0;0;0;0;0;0;0;0;0;0;0;0
FR;11;2022-04-23;0;0;0;0;0;0;0;0;0;0;0;0;0;0;0;0;0;0
FR;11;2022-04-24;0;0;0;0;0;0;0;0;0;0;0;0;0;0;0;0;0;0
FR;11;2022-04-25;0;0;0;0;0;0;0;0;0;0;0;0;0;0;0;0;0;0
FR;11;2022-04-26;0;0;0;0;0;0;0;0;0;0;0;0;0;0;0;0;0;0
FR;11;2022-04-27;0;0;0;0;0;0;0;0;0;0;0;0;0;0;0;0;0;0
FR;11;2022-04-28;0;0;0;0;0;0;0;0;0;0;0;0;0;0;0;0;0;0
FR;11;2022-04-29;0;0;0;0;0;0;0;0;0;0;0;0;0;0;0;0;0;0
FR;11;2022-04-30;0;0;0;0;0;0;0;0;0;0;0;0;0;0;0;0;0;0
FR;11;2022-05-01;0;0;0;0;0;0;0;0;0;0;0;0;0;0;0;0;0;0
FR;11;2022-05-02;0;0;0;0;0;0;0;0;0;0;0;0;0;0;0;0;0;0
FR;11;2022-05-03;0;0;0;0;0;0;0;0;0;0;0;0;0;0;0;0;0;0
FR;11;2022-05-04;0;0;0;0;0;0;0;0;0;0;0;0;0;0;0;0;0;0
FR;11;2022-05-05;0;0;0;0;0;0;0;0;0;0;0;0;0;0;0;0;0;0
FR;11;2022-05-06;0;0;0;0;0;0;0;0;0;0;0;0;0;0;0;0;0;0
FR;11;2022-05-07;0;0;0;0;0;0;0;0;0;0;0;0;0;0;0;0;0;0
FR;11;2022-05-08;0;0;0;0;0;0;0;0;0;0;0;0;0;0;0;0;0;0
FR;11;2022-05-09;0;0;0;0;0;0;0;0;0;0;0;0;0;0;0;0;0;0
FR;11;2022-05-10;0;0;0;0;0;0;0;0;0;0;0;0;0;0;0;0;0;0
FR;11;2022-05-11;0;0;0;0;0;0;0;0;0;0;0;0;0;0;0;0;0;0
FR;11;2022-05-12;0;0;0;0;0;0;0;0;0;0;0;0;0;0;0;0;0;0
FR;11;2022-05-13;0;0;0;0;0;0;0;0;0;0;0;0;0;0;0;0;0;0
FR;11;2022-05-14;0;0;0;0;0;0;0;0;0;0;0;0;0;0;0;0;0;0
FR;11;2022-05-15;0;0;0;0;0;0;0;0;0;0;0;0;0;0;0;0;0;0
FR;11;2022-05-16;0;0;0;0;0;0;0;0;0;0;0;0;0;0;0;0;0;0
FR;11;2022-05-17;0;0;0;0;0;0;0;0;0;0;0;0;0;0;0;0;0;0
FR;11;2022-05-18;0;0;0;0;0;0;0;0;0;0;0;0;0;0;0;0;0;0
FR;11;2022-05-19;0;0;0;0;0;0;0;0;0;0;0;0;0;0;0;0;0;0
FR;11;2022-05-20;0;0;0;0;0;0;0;0;0;0;0;0;0;0;0;0;0;0
FR;11;2022-05-21;0;0;0;0;0;0;0;0;0;0;0;0;0;0;0;0;0;0
FR;11;2022-05-22;0;0;0;0;0;0;0;0;0;0;0;0;0;0;0;0;0;0
FR;11;2022-05-23;0;0;0;0;0;0;0;0;0;0;0;0;0;0;0;0;0;0
FR;11;2022-05-24;0;0;0;0;0;0;0;0;0;0;0;0;0;0;0;0;0;0
FR;11;2022-05-25;0;0;0;0;0;0;0;0;0;0;0;0;0;0;0;0;0;0
FR;11;2022-05-26;0;0;0;0;0;0;0;0;0;0;0;0;0;0;0;0;0;0
FR;11;2022-05-27;0;0;0;0;0;0;0;0;0;0;0;0;0;0;0;0;0;0
FR;11;2022-05-28;0;0;0;0;0;0;0;0;0;0;0;0;0;0;0;0;0;0
FR;11;2022-05-29;0;0;0;0;0;0;0;0;0;0;0;0;0;0;0;0;0;0
FR;11;2022-05-30;0;0;0;0;0;0;0;0;0;0;0;0;0;0;0;0;0;0
FR;11;2022-05-31;0;0;0;0;0;0;0;0;0;0;0;0;0;0;0;0;0;0
FR;11;2022-06-01;0;0;0;0;0;0;0;0;0;0;0;0;0;0;0;0;0;0
FR;11;2022-06-02;0;0;0;0;0;0;0;0;0;0;0;0;0;0;0;0;0;0
FR;11;2022-06-03;0;0;0;0;0;0;0;0;0;0;0;0;0;0;0;0;0;0
FR;11;2022-06-04;0;0;0;0;0;0;0;0;0;0;0;0;0;0;0;0;0;0
FR;11;2022-06-05;0;0;0;0;0;0;0;0;0;0;0;0;0;0;0;0;0;0
FR;11;2022-06-06;0;0;0;0;0;0;0;0;0;0;0;0;0;0;0;0;0;0
FR;11;2022-06-07;0;0;0;0;0;0;0;0;0;0;0;0;0;0;0;0;0;0
FR;11;2022-06-08;0;0;0;0;0;0;0;0;0;0;0;0;0;0;0;0;0;0
FR;11;2022-06-09;0;0;0;0;0;0;0;0;0;0;0;0;0;0;0;0;0;0
FR;11;2022-06-10;0;0;0;0;0;0;0;0;0;0;0;0;0;0;0;0;0;0
FR;11;2022-06-11;0;0;0;0;0;0;0;0;0;0;0;0;0;0;0;0;0;0
FR;11;2022-06-12;0;0;0;0;0;0;0;0;0;0;0;0;0;0;0;0;0;0
FR;11;2022-06-13;0;0;0;0;0;0;0;0;0;0;0;0;0;0;0;0;0;0
FR;11;2022-06-14;0;0;0;0;0;0;0;0;0;0;0;0;0;0;0;0;0;0
FR;11;2022-06-15;0;0;0;0;0;0;0;0;0;0;0;0;0;0;0;0;0;0
FR;11;2022-06-16;0;0;0;0;0;0;0;0;0;0;0;0;0;0;0;0;0;0
FR;11;2022-06-17;0;0;0;0;0;0;0;0;0;0;0;0;0;0;0;0;0;0
FR;11;2022-06-18;0;0;0;0;0;0;0;0;0;0;0;0;0;0;0;0;0;0
FR;11;2022-06-19;0;0;0;0;0;0;0;0;0;0;0;0;0;0;0;0;0;0
FR;11;2022-06-20;0;0;0;0;0;0;0;0;0;0;0;0;0;0;0;0;0;0
FR;11;2022-06-21;0;0;0;0;0;0;0;0;0;0;0;0;0;0;0;0;0;0
FR;11;2022-06-22;0;0;0;0;0;0;0;0;0;0;0;0;0;0;0;0;0;0
FR;11;2022-06-23;0;0;0;0;0;0;0;0;0;0;0;0;0;0;0;0;0;0
FR;11;2022-06-24;0;0;0;0;0;0;0;0;0;0;0;0;0;0;0;0;0;0
FR;11;2022-06-25;0;0;0;0;0;0;0;0;0;0;0;0;0;0;0;0;0;0
FR;11;2022-06-26;0;0;0;0;0;0;0;0;0;0;0;0;0;0;0;0;0;0
FR;11;2022-06-27;0;0;0;0;0;0;0;0;0;0;0;0;0;0;0;0;0;0
FR;11;2022-06-28;0;0;0;0;0;0;0;0;0;0;0;0;0;0;0;0;0;0
FR;11;2022-06-29;0;0;0;0;0;0;0;0;0;0;0;0;0;0;0;0;0;0
FR;11;2022-06-30;0;0;0;0;0;0;0;0;0;0;0;0;0;0;0;0;0;0
FR;11;2022-07-01;0;0;0;0;0;0;0;0;0;0;0;0;0;0;0;0;0;0
FR;11;2022-07-02;0;0;0;0;0;0;0;0;0;0;0;0;0;0;0;0;0;0
FR;11;2022-07-03;0;0;0;0;0;0;0;0;0;0;0;0;0;0;0;0;0;0
FR;11;2022-07-04;0;0;0;0;0;0;0;0;0;0;0;0;0;0;0;0;0;0
FR;11;2022-07-05;0;0;0;0;0;0;0;0;0;0;0;0;0;0;0;0;0;0
FR;11;2022-07-06;0;0;0;0;0;0;0;0;0;0;0;0;0;0;0;0;0;0
FR;11;2022-07-07;0;0;0;0;0;0;0;0;0;0;0;0;0;0;0;0;0;0
FR;11;2022-07-08;0;0;0;0;0;0;0;0;0;0;0;0;0;0;0;0;0;0
FR;11;2022-07-09;0;0;0;0;0;0;0;0;0;0;0;0;0;0;0;0;0;0
FR;11;2022-07-10;0;0;0;0;0;0;0;0;0;0;0;0;0;0;0;0;0;0
FR;11;2022-07-11;0;0;0;0;0;0;0;0;0;0;0;0;0;0;0;0;0;0
FR;11;2022-07-12;0;0;0;0;0;0;0;0;0;0;0;0;0;0;0;0;0;0
FR;11;2022-07-13;0;0;0;0;0;0;0;0;0;0;0;0;0;0;0;0;0;0
FR;11;2022-07-14;0;0;0;0;0;0;0;0;0;0;0;0;0;0;0;0;0;0
FR;11;2022-07-15;0;0;0;0;0;0;0;0;0;0;0;0;0;0;0;0;0;0
FR;11;2022-07-16;0;0;0;0;0;0;0;0;0;0;0;0;0;0;0;0;0;0
FR;11;2022-07-17;0;0;0;0;0;0;0;0;0;0;0;0;0;0;0;0;0;0
FR;11;2022-07-18;0;0;0;0;0;0;0;0;0;0;0;0;0;0;0;0;0;0
FR;11;2022-07-19;0;0;0;0;0;0;0;0;0;0;0;0;0;0;0;0;0;0
FR;11;2022-07-20;0;0;0;0;0;0;0;0;0;0;0;0;0;0;0;0;0;0
FR;11;2022-07-21;0;0;0;0;0;0;0;0;0;0;0;0;0;0;0;0;0;0
FR;11;2022-07-22;0;0;0;0;0;0;0;0;0;0;0;0;0;0;0;0;0;0
FR;11;2022-07-23;0;0;0;0;0;0;0;0;0;0;0;0;0;0;0;0;0;0
FR;11;2022-07-24;0;0;0;0;0;0;0;0;0;0;0;0;0;0;0;0;0;0
FR;11;2022-07-25;0;0;0;0;0;0;0;0;0;0;0;0;0;0;0;0;0;0
FR;11;2022-07-26;0;0;0;0;0;0;0;0;0;0;0;0;0;0;0;0;0;0
FR;11;2022-07-27;0;0;0;0;0;0;0;0;0;0;0;0;0;0;0;0;0;0
FR;11;2022-07-28;0;0;0;0;0;0;0;0;0;0;0;0;0;0;0;0;0;0
FR;11;2022-07-29;0;0;0;0;0;0;0;0;0;0;0;0;0;0;0;0;0;0
FR;11;2022-07-30;0;0;0;0;0;0;0;0;0;0;0;0;0;0;0;0;0;0
FR;11;2022-07-31;0;0;0;0;0;0;0;0;0;0;0;0;0;0;0;0;0;0
FR;11;2022-08-01;0;0;0;0;0;0;0;0;0;0;0;0;0;0;0;0;0;0
FR;11;2022-08-02;0;0;0;0;0;0;0;0;0;0;0;0;0;0;0;0;0;0
FR;11;2022-08-03;0;0;0;0;0;0;0;0;0;0;0;0;0;0;0;0;0;0
FR;11;2022-08-04;0;0;0;0;0;0;0;0;0;0;0;0;0;0;0;0;0;0
FR;11;2022-08-05;0;0;0;0;0;0;0;0;0;0;0;0;0;0;0;0;0;0
FR;11;2022-08-06;0;0;0;0;0;0;0;0;0;0;0;0;0;0;0;0;0;0
FR;11;2022-08-07;0;0;0;0;0;0;0;0;0;0;0;0;0;0;0;0;0;0
FR;11;2022-08-08;0;0;0;0;0;0;0;0;0;0;0;0;0;0;0;0;0;0
FR;11;2022-08-09;0;0;0;0;0;0;0;0;0;0;0;0;0;0;0;0;0;0
FR;11;2022-08-10;0;0;0;0;0;0;0;0;0;0;0;0;0;0;0;0;0;0
FR;11;2022-08-11;0;0;0;0;0;0;0;0;0;0;0;0;0;0;0;0;0;0
FR;11;2022-08-12;0;0;0;0;0;0;0;0;0;0;0;0;0;0;0;0;0;0
FR;11;2022-08-13;0;0;0;0;0;0;0;0;0;0;0;0;0;0;0;0;0;0
FR;11;2022-08-14;0;0;0;0;0;0;0;0;0;0;0;0;0;0;0;0;0;0
FR;11;2022-08-15;0;0;0;0;0;0;0;0;0;0;0;0;0;0;0;0;0;0
FR;11;2022-08-16;0;0;0;0;0;0;0;0;0;0;0;0;0;0;0;0;0;0
FR;11;2022-08-17;0;0;0;0;0;0;0;0;0;0;0;0;0;0;0;0;0;0
FR;11;2022-08-18;0;0;0;0;0;0;0;0;0;0;0;0;0;0;0;0;0;0
FR;11;2022-08-19;0;0;0;0;0;0;0;0;0;0;0;0;0;0;0;0;0;0
FR;11;2022-08-20;0;0;0;0;0;0;0;0;0;0;0;0;0;0;0;0;0;0
FR;11;2022-08-21;0;0;0;0;0;0;0;0;0;0;0;0;0;0;0;0;0;0
FR;11;2022-08-22;0;0;0;0;0;0;0;0;0;0;0;0;0;0;0;0;0;0
FR;11;2022-08-23;0;0;0;0;0;0;0;0;0;0;0;0;0;0;0;0;0;0
FR;11;2022-08-24;0;0;0;0;0;0;0;0;0;0;0;0;0;0;0;0;0;0
FR;11;2022-08-25;0;0;0;0;0;0;0;0;0;0;0;0;0;0;0;0;0;0
FR;11;2022-08-26;0;0;0;0;0;0;0;0;0;0;0;0;0;0;0;0;0;0
FR;11;2022-08-27;0;0;0;0;0;0;0;0;0;0;0;0;0;0;0;0;0;0
FR;11;2022-08-28;0;0;0;0;0;0;0;0;0;0;0;0;0;0;0;0;0;0
FR;11;2022-08-29;0;0;0;0;0;0;0;0;0;0;0;0;0;0;0;0;0;0
FR;11;2022-08-30;0;0;0;0;0;0;0;0;0;0;0;0;0;0;0;0;0;0
FR;11;2022-08-31;0;0;0;0;0;0;0;0;0;0;0;0;0;0;0;0;0;0
FR;11;2022-09-01;0;0;0;0;0;0;0;0;0;0;0;0;0;0;0;0;0;0
FR;11;2022-09-02;0;0;0;0;0;0;0;0;0;0;0;0;0;0;0;0;0;0
FR;11;2022-09-03;0;0;0;0;0;0;0;0;0;0;0;0;0;0;0;0;0;0
FR;11;2022-09-04;0;0;0;0;0;0;0;0;0;0;0;0;0;0;0;0;0;0
FR;11;2022-09-05;0;0;0;0;0;0;0;0;0;0;0;0;0;0;0;0;0;0
FR;11;2022-09-06;0;0;0;0;0;0;0;0;0;0;0;0;0;0;0;0;0;0
FR;11;2022-09-07;0;0;0;0;0;0;0;0;0;0;0;0;0;0;0;0;0;0
FR;11;2022-09-08;0;0;0;0;0;0;0;0;0;0;0;0;0;0;0;0;0;0
FR;11;2022-09-09;0;0;0;0;0;0;0;0;0;0;0;0;0;0;0;0;0;0
FR;11;2022-09-10;0;0;0;0;0;0;0;0;0;0;0;0;0;0;0;0;0;0
FR;11;2022-09-11;0;0;0;0;0;0;0;0;0;0;0;0;0;0;0;0;0;0
FR;11;2022-09-12;0;0;0;0;0;0;0;0;0;0;0;0;0;0;0;0;0;0
FR;11;2022-09-13;0;0;0;0;0;0;0;0;0;0;0;0;0;0;0;0;0;0
FR;11;2022-09-14;0;0;0;0;0;0;0;0;0;0;0;0;0;0;0;0;0;0
FR;11;2022-09-15;0;0;0;0;0;0;0;0;0;0;0;0;0;0;0;0;0;0
FR;11;2022-09-16;0;0;0;0;0;0;0;0;0;0;0;0;0;0;0;0;0;0
FR;11;2022-09-17;0;0;0;0;0;0;0;0;0;0;0;0;0;0;0;0;0;0
FR;11;2022-09-18;0;0;0;0;0;0;0;0;0;0;0;0;0;0;0;0;0;0
FR;11;2022-09-19;0;0;0;0;0;0;0;0;0;0;0;0;0;0;0;0;0;0
FR;11;2022-09-20;0;0;0;0;0;0;0;0;0;0;0;0;0;0;0;0;0;0
FR;11;2022-09-21;0;0;0;0;0;0;0;0;0;0;0;0;0;0;0;0;0;0
FR;11;2022-09-22;0;0;0;0;0;0;0;0;0;0;0;0;0;0;0;0;0;0
FR;11;2022-09-23;0;0;0;0;0;0;0;0;0;0;0;0;0;0;0;0;0;0
FR;11;2022-09-24;0;0;0;0;0;0;0;0;0;0;0;0;0;0;0;0;0;0
FR;11;2022-09-25;0;0;0;0;0;0;0;0;0;0;0;0;0;0;0;0;0;0
FR;11;2022-09-26;0;0;0;0;0;0;0;0;0;0;0;0;0;0;0;0;0;0
FR;11;2022-09-27;0;0;0;0;0;0;0;0;0;0;0;0;0;0;0;0;0;0
FR;11;2022-09-28;0;0;0;0;0;0;0;0;0;0;0;0;0;0;0;0;0;0
FR;11;2022-09-29;0;0;0;0;0;0;0;0;0;0;0;0;0;0;0;0;0;0
FR;11;2022-09-30;0;0;0;0;0;0;0;0;0;0;0;0;0;0;0;0;0;0
FR;11;2022-10-01;0;0;0;0;0;0;0;0;0;0;0;0;0;0;0;0;0;0
FR;11;2022-10-02;0;0;0;0;0;0;0;0;0;0;0;0;0;0;0;0;0;0
FR;11;2022-10-03;0;0;0;0;0;0;0;0;0;0;0;0;0;0;0;0;0;0
FR;11;2022-10-04;0;0;0;0;0;0;0;0;0;0;0;0;0;0;0;0;0;0
FR;11;2022-10-05;0;0;0;0;0;0;0;0;0;0;0;0;0;0;0;0;0;0
FR;11;2022-10-06;0;0;0;0;0;0;0;0;0;0;0;0;0;0;0;0;0;0
FR;11;2022-10-07;0;0;0;0;0;0;0;0;0;0;0;0;0;0;0;0;0;0
FR;11;2022-10-08;0;0;0;0;0;0;0;0;0;0;0;0;0;0;0;0;0;0
FR;11;2022-10-09;0;0;0;0;0;0;0;0;0;0;0;0;0;0;0;0;0;0
FR;11;2022-10-10;0;0;0;0;0;0;0;0;0;0;0;0;0;0;0;0;0;0
FR;11;2022-10-11;0;0;0;0;0;0;0;0;0;0;0;0;0;0;0;0;0;0
FR;11;2022-10-12;0;0;0;0;0;0;0;0;0;0;0;0;0;0;0;0;0;0
FR;11;2022-10-13;0;0;0;0;0;0;0;0;0;0;0;0;0;0;0;0;0;0
FR;11;2022-10-14;0;0;0;0;0;0;0;0;0;0;0;0;0;0;0;0;0;0
FR;11;2022-10-15;0;0;0;0;0;0;0;0;0;0;0;0;0;0;0;0;0;0
FR;11;2022-10-16;0;0;0;0;0;0;0;0;0;0;0;0;0;0;0;0;0;0
FR;11;2022-10-17;0;0;0;0;0;0;0;0;0;0;0;0;0;0;0;0;0;0
FR;11;2022-10-18;0;0;0;0;0;0;0;0;0;0;0;0;0;0;0;0;0;0
FR;11;2022-10-19;0;0;0;0;0;0;0;0;0;0;0;0;0;0;0;0;0;0
FR;11;2022-10-20;0;0;0;0;0;0;0;0;0;0;0;0;0;0;0;0;0;0
FR;11;2022-10-21;0;0;0;0;0;0;0;0;0;0;0;0;0;0;0;0;0;0
FR;11;2022-10-22;0;0;0;0;0;0;0;0;0;0;0;0;0;0;0;0;0;0
FR;11;2022-10-23;0;0;0;0;0;0;0;0;0;0;0;0;0;0;0;0;0;0
FR;11;2022-10-24;0;0;0;0;0;0;0;0;0;0;0;0;0;0;0;0;0;0
FR;11;2022-10-25;0;0;0;0;0;0;0;0;0;0;0;0;0;0;0;0;0;0
FR;11;2022-10-26;0;0;0;0;0;0;0;0;0;0;0;0;0;0;0;0;0;0
FR;11;2022-10-27;0;0;0;0;0;0;0;0;0;0;0;0;0;0;0;0;0;0
FR;11;2022-10-28;0;0;0;0;0;0;0;0;0;0;0;0;0;0;0;0;0;0
FR;11;2022-10-29;0;0;0;0;0;0;0;0;0;0;0;0;0;0;0;0;0;0
FR;11;2022-10-30;0;0;0;0;0;0;0;0;0;0;0;0;0;0;0;0;0;0
FR;11;2022-10-31;0;0;0;0;0;0;0;0;0;0;0;0;0;0;0;0;0;0
FR;11;2022-11-01;0;0;0;0;0;0;0;0;0;0;0;0;0;0;0;0;0;0
FR;11;2022-11-02;0;0;0;0;0;0;0;0;0;0;0;0;0;0;0;0;0;0
FR;11;2022-11-03;0;0;0;0;0;0;0;0;0;0;0;0;0;0;0;0;0;0
FR;11;2022-11-04;0;0;0;0;0;0;0;0;0;0;0;0;0;0;0;0;0;0
FR;11;2022-11-05;0;0;0;0;0;0;0;0;0;0;0;0;0;0;0;0;0;0
FR;11;2022-11-06;0;0;0;0;0;0;0;0;0;0;0;0;0;0;0;0;0;0
FR;11;2022-11-07;0;0;0;0;0;0;0;0;0;0;0;0;0;0;0;0;0;0
FR;11;2022-11-08;0;0;0;0;0;0;0;0;0;0;0;0;0;0;0;0;0;0
FR;11;2022-11-09;0;0;0;0;0;0;0;0;0;0;0;0;0;0;0;0;0;0
FR;11;2022-11-10;0;0;0;0;0;0;0;0;0;0;0;0;0;0;0;0;0;0
FR;11;2022-11-11;0;0;0;0;0;0;0;0;0;0;0;0;0;0;0;0;0;0
FR;11;2022-11-12;0;0;0;0;0;0;0;0;0;0;0;0;0;0;0;0;0;0
FR;11;2022-11-13;0;0;0;0;0;0;0;0;0;0;0;0;0;0;0;0;0;0
FR;11;2022-11-14;0;0;0;0;0;0;0;0;0;0;0;0;0;0;0;0;0;0
FR;11;2022-11-15;0;0;0;0;0;0;0;0;0;0;0;0;0;0;0;0;0;0
FR;11;2022-11-16;0;0;0;0;0;0;0;0;0;0;0;0;0;0;0;0;0;0
FR;11;2022-11-17;0;0;0;0;0;0;0;0;0;0;0;0;0;0;0;0;0;0
FR;11;2022-11-18;0;0;0;0;0;0;0;0;0;0;0;0;0;0;0;0;0;0
FR;11;2022-11-19;0;0;0;0;0;0;0;0;0;0;0;0;0;0;0;0;0;0
FR;11;2022-11-20;0;0;0;0;0;0;0;0;0;0;0;0;0;0;0;0;0;0
FR;11;2022-11-21;0;0;0;0;0;0;0;0;0;0;0;0;0;0;0;0;0;0
FR;11;2022-11-22;0;0;0;0;0;0;0;0;0;0;0;0;0;0;0;0;0;0
FR;11;2022-11-23;0;0;0;0;0;0;0;0;0;0;0;0;0;0;0;0;0;0
FR;11;2022-11-24;0;0;0;0;0;0;0;0;0;0;0;0;0;0;0;0;0;0
FR;11;2022-11-25;0;0;0;0;0;0;0;0;0;0;0;0;0;0;0;0;0;0
FR;11;2022-11-26;0;0;0;0;0;0;0;0;0;0;0;0;0;0;0;0;0;0
FR;11;2022-11-27;0;0;0;0;0;0;0;0;0;0;0;0;0;0;0;0;0;0
FR;11;2022-11-28;0;0;0;0;0;0;0;0;0;0;0;0;0;0;0;0;0;0
FR;11;2022-11-29;0;0;0;0;0;0;0;0;0;0;0;0;0;0;0;0;0;0
FR;11;2022-11-30;0;0;0;0;0;0;0;0;0;0;0;0;0;0;0;0;0;0
FR;11;2022-12-01;0;0;0;0;0;0;0;0;0;0;0;0;0;0;0;0;0;0
FR;11;2022-12-02;0;0;0;0;0;0;0;0;0;0;0;0;0;0;0;0;0;0
FR;11;2022-12-03;0;0;0;0;0;0;0;0;0;0;0;0;0;0;0;0;0;0
FR;11;2022-12-04;0;0;0;0;0;0;0;0;0;0;0;0;0;0;0;0;0;0
FR;11;2022-12-05;0;0;0;0;0;0;0;0;0;0;0;0;0;0;0;0;0;0
FR;11;2022-12-06;0;0;0;0;0;0;0;0;0;0;0;0;0;0;0;0;0;0
FR;11;2022-12-07;0;0;0;0;0;0;0;0;0;0;0;0;0;0;0;0;0;0
FR;11;2022-12-08;0;0;0;0;0;0;0;0;0;0;0;0;0;0;0;0;0;0
FR;11;2022-12-09;0;0;0;0;0;0;0;0;0;0;0;0;0;0;0;0;0;0
FR;11;2022-12-10;0;0;0;0;0;0;0;0;0;0;0;0;0;0;0;0;0;0
FR;11;2022-12-11;0;0;0;0;0;0;0;0;0;0;0;0;0;0;0;0;0;0
FR;11;2022-12-12;0;0;0;0;0;0;0;0;0;0;0;0;0;0;0;0;0;0
FR;11;2022-12-13;0;0;0;0;0;0;0;0;0;0;0;0;0;0;0;0;0;0
FR;11;2022-12-14;0;0;0;0;0;0;0;0;0;0;0;0;0;0;0;0;0;0
FR;11;2022-12-15;0;0;0;0;0;0;0;0;0;0;0;0;0;0;0;0;0;0
FR;11;2022-12-16;0;0;0;0;0;0;0;0;0;0;0;0;0;0;0;0;0;0
FR;11;2022-12-17;0;0;0;0;0;0;0;0;0;0;0;0;0;0;0;0;0;0
FR;11;2022-12-18;0;0;0;0;0;0;0;0;0;0;0;0;0;0;0;0;0;0
FR;11;2022-12-19;0;0;0;0;0;0;0;0;0;0;0;0;0;0;0;0;0;0
FR;11;2022-12-20;0;0;0;0;0;0;0;0;0;0;0;0;0;0;0;0;0;0
FR;11;2022-12-21;0;0;0;0;0;0;0;0;0;0;0;0;0;0;0;0;0;0
FR;11;2022-12-22;0;0;0;0;0;0;0;0;0;0;0;0;0;0;0;0;0;0
FR;11;2022-12-23;0;0;0;0;0;0;0;0;0;0;0;0;0;0;0;0;0;0
FR;11;2022-12-24;0;0;0;0;0;0;0;0;0;0;0;0;0;0;0;0;0;0
FR;11;2022-12-25;0;0;0;0;0;0;0;0;0;0;0;0;0;0;0;0;0;0
FR;11;2022-12-26;0;0;0;0;0;0;0;0;0;0;0;0;0;0;0;0;0;0
FR;11;2022-12-27;0;0;0;0;0;0;0;0;0;0;0;0;0;0;0;0;0;0
FR;11;2022-12-28;0;0;0;0;0;0;0;0;0;0;0;0;0;0;0;0;0;0
FR;11;2022-12-29;0;0;0;0;0;0;0;0;0;0;0;0;0;0;0;0;0;0
FR;11;2022-12-30;0;0;0;0;0;0;0;0;0;0;0;0;0;0;0;0;0;0
FR;11;2022-12-31;0;0;0;0;0;0;0;0;0;0;0;0;0;0;0;0;0;0
FR;11;2023-01-01;0;0;0;0;0;0;0;0;0;0;0;0;0;0;0;0;0;0
FR;11;2023-01-02;0;0;0;0;0;0;0;0;0;0;0;0;0;0;0;0;0;0
FR;11;2023-01-03;0;0;0;0;0;0;0;0;0;0;0;0;0;0;0;0;0;0
FR;11;2023-01-04;0;0;0;0;0;0;0;0;0;0;0;0;0;0;0;0;0;0
FR;11;2023-01-05;0;0;0;0;0;0;0;0;0;0;0;0;0;0;0;0;0;0
FR;11;2023-01-06;0;0;0;0;0;0;0;0;0;0;0;0;0;0;0;0;0;0
FR;11;2023-01-07;0;0;0;0;0;0;0;0;0;0;0;0;0;0;0;0;0;0
FR;11;2023-01-08;0;0;0;0;0;0;0;0;0;0;0;0;0;0;0;0;0;0
FR;11;2023-01-09;0;0;0;0;0;0;0;0;0;0;0;0;0;0;0;0;0;0
FR;11;2023-01-10;0;0;0;0;0;0;0;0;0;0;0;0;0;0;0;0;0;0
FR;11;2023-01-11;0;0;0;0;0;0;0;0;0;0;0;0;0;0;0;0;0;0
FR;11;2023-01-12;0;0;0;0;0;0;0;0;0;0;0;0;0;0;0;0;0;0
FR;11;2023-01-13;0;0;0;0;0;0;0;0;0;0;0;0;0;0;0;0;0;0
FR;11;2023-01-14;0;0;0;0;0;0;0;0;0;0;0;0;0;0;0;0;0;0
FR;11;2023-01-15;0;0;0;0;0;0;0;0;0;0;0;0;0;0;0;0;0;0
FR;11;2023-01-16;0;0;0;0;0;0;0;0;0;0;0;0;0;0;0;0;0;0
FR;11;2023-01-17;0;0;0;0;0;0;0;0;0;0;0;0;0;0;0;0;0;0
FR;11;2023-01-18;0;0;0;0;0;0;0;0;0;0;0;0;0;0;0;0;0;0
FR;11;2023-01-19;0;0;0;0;0;0;0;0;0;0;0;0;0;0;0;0;0;0
FR;11;2023-01-20;0;0;0;0;0;0;0;0;0;0;0;0;0;0;0;0;0;0
FR;11;2023-01-21;0;0;0;0;0;0;0;0;0;0;0;0;0;0;0;0;0;0
FR;11;2023-01-22;0;0;0;0;0;0;0;0;0;0;0;0;0;0;0;0;0;0
FR;11;2023-01-23;0;0;0;0;0;0;0;0;0;0;0;0;0;0;0;0;0;0
FR;11;2023-01-24;0;0;0;0;0;0;0;0;0;0;0;0;0;0;0;0;0;0
FR;11;2023-01-25;0;0;0;0;0;0;0;0;0;0;0;0;0;0;0;0;0;0
FR;11;2023-01-26;0;0;0;0;0;0;0;0;0;0;0;0;0;0;0;0;0;0
FR;11;2023-01-27;0;0;0;0;0;0;0;0;0;0;0;0;0;0;0;0;0;0
FR;11;2023-01-28;0;0;0;0;0;0;0;0;0;0;0;0;0;0;0;0;0;0
FR;11;2023-01-29;0;0;0;0;0;0;0;0;0;0;0;0;0;0;0;0;0;0
FR;11;2023-01-30;0;0;0;0;0;0;0;0;0;0;0;0;0;0;0;0;0;0
FR;11;2023-01-31;0;0;0;0;0;0;0;0;0;0;0;0;0;0;0;0;0;0
FR;11;2023-02-01;0;0;0;0;0;0;0;0;0;0;0;0;0;0;0;0;0;0
FR;11;2023-02-02;0;0;0;0;0;0;0;0;0;0;0;0;0;0;0;0;0;0
FR;11;2023-02-03;0;0;0;0;0;0;0;0;0;0;0;0;0;0;0;0;0;0
FR;11;2023-02-04;0;0;0;0;0;0;0;0;0;0;0;0;0;0;0;0;0;0
FR;11;2023-02-05;0;0;0;0;0;0;0;0;0;0;0;0;0;0;0;0;0;0
FR;11;2023-02-06;1;0;0;0;0;0;0;0;0;1;0;0;0;0;0;0;0;0
FR;11;2023-02-07;0;0;0;0;0;0;0;0;0;1;0;0;0;0;0;0;0;0
FR;11;2023-02-08;2;0;0;0;0;0;0;0;0;3;0;0;0;0;0;0;0;0
FR;11;2023-02-09;2;0;0;0;0;0;0;0;0;5;0;0;0;0;0;0;0;0
FR;11;2023-02-10;0;0;0;0;0;0;0;0;0;5;0;0;0;0;0;0;0;0
FR;11;2023-02-11;0;0;0;0;0;0;0;0;0;5;0;0;0;0;0;0;0;0
FR;11;2023-02-12;0;0;0;0;0;0;0;0;0;5;0;0;0;0;0;0;0;0
FR;11;2023-02-13;2;0;0;0;0;0;0;0;0;7;0;0;0;0;0;0;0;0
FR;11;2023-02-14;0;0;0;0;0;0;0;0;0;7;0;0;0;0;0;0;0;0
FR;11;2023-02-15;2;0;0;0;0;0;0;0;0;9;0;0;0;0;0;0;0;0
FR;11;2023-02-16;0;0;0;0;0;0;0;0;0;9;0;0;0;0;0;0;0;0
FR;11;2023-02-17;0;0;0;0;0;0;0;0;0;9;0;0;0;0;0;0;0;0
FR;11;2023-02-18;0;0;0;0;0;0;0;0;0;9;0;0;0;0;0;0;0;0
FR;11;2023-02-19;0;0;0;0;0;0;0;0;0;9;0;0;0;0;0;0;0;0
FR;11;2023-02-20;0;0;0;0;0;0;0;0;0;9;0;0;0;0;0;0;0;0
FR;11;2023-02-21;1;0;0;0;0;0;0;0;0;10;0;0;0;0;0;0;0;0
FR;11;2023-02-22;0;0;0;0;0;0;0;0;0;10;0;0;0;0;0;0;0;0
FR;11;2023-02-23;0;0;0;0;0;0;0;0;0;10;0;0;0;0;0;0;0;0
FR;11;2023-02-24;0;0;0;0;0;0;0;0;0;10;0;0;0;0;0;0;0;0
FR;11;2023-02-25;0;0;0;0;0;0;0;0;0;10;0;0;0;0;0;0;0;0
FR;11;2023-02-26;0;0;2;0;0;2;0;0;0;10;0;2;0;0;2;0;0;0
FR;11;2023-02-27;0;0;0;0;0;0;0;0;0;10;0;2;0;0;2;0;0;0
FR;11;2023-02-28;1;1;0;0;1;0;0;0;0;11;1;2;0;1;2;0;0;0
FR;11;2023-03-01;0;1;0;0;1;0;0;0;0;11;2;2;0;2;2;0;0;0
FR;11;2023-03-02;0;0;0;0;0;0;0;0;0;11;2;2;0;2;2;0;0;0
FR;11;2023-03-03;0;0;0;0;0;0;0;0;0;11;2;2;0;2;2;0;0;0
FR;11;2023-03-04;2;1;0;0;1;0;0;0;0;13;3;2;0;3;2;0;0;0
FR;11;2023-03-05;0;0;0;0;0;0;0;0;0;13;3;2;0;3;2;0;0;0
FR;11;2023-03-06;4;0;1;0;1;1;0;0;0;17;3;3;0;4;3;0;0;0
FR;11;2023-03-07;0;1;0;0;1;0;0;0;0;17;4;3;0;5;3;0;0;0
FR;11;2023-03-08;1;1;0;0;1;0;0;0;0;18;5;3;0;6;3;0;0;0
FR;11;2023-03-09;0;0;0;0;0;0;0;0;0;18;5;3;0;6;3;0;0;0
FR;11;2023-03-10;0;0;0;0;0;0;0;0;0;18;5;3;0;6;3;0;0;0
FR;11;2023-03-11;2;0;0;0;0;0;0;0;0;20;5;3;0;6;3;0;0;0
FR;11;2023-03-12;0;1;0;0;1;0;0;0;0;20;6;3;0;7;3;0;0;0
FR;11;2023-03-13;0;0;0;0;0;0;0;0;0;20;6;3;0;7;3;0;0;0
FR;11;2023-03-14;0;0;0;0;0;0;0;0;0;20;6;3;0;7;3;0;0;0
FR;11;2023-03-15;0;1;0;0;1;0;0;0;0;20;7;3;0;8;3;0;0;0
FR;11;2023-03-16;0;0;0;0;0;0;0;0;0;20;7;3;0;8;3;0;0;0
FR;11;2023-03-17;0;0;0;0;0;0;0;0;0;20;7;3;0;8;3;0;0;0
FR;11;2023-03-18;1;0;0;0;0;0;0;0;0;21;7;3;0;8;3;0;0;0
FR;11;2023-03-19;0;0;0;0;0;0;0;0;0;21;7;3;0;8;3;0;0;0
FR;11;2023-03-20;0;0;0;0;0;0;0;0;0;21;7;3;0;8;3;0;0;0
FR;11;2023-03-21;1;0;0;0;0;0;0;0;0;22;7;3;0;8;3;0;0;0
FR;11;2023-03-22;2;0;0;0;0;0;0;0;0;24;7;3;0;8;3;0;0;0
FR;11;2023-03-23;0;0;0;1;0;0;1;0;0;24;7;3;1;8;3;1;0;0
FR;11;2023-03-24;0;0;0;0;0;0;0;0;0;24;7;3;1;8;3;1;0;0
FR;11;2023-03-25;1;1;0;0;1;0;0;0;0;25;8;3;1;9;3;1;0;0
FR;11;2023-03-26;0;0;0;0;0;0;0;0;0;25;8;3;1;9;3;1;0;0
FR;11;2023-03-27;0;1;0;0;0;1;0;0;0;25;9;3;1;9;4;1;0;0
FR;11;2023-03-28;0;0;0;0;0;0;0;0;0;25;9;3;1;9;4;1;0;0
FR;11;2023-03-29;0;1;0;0;1;0;0;0;0;25;10;3;1;10;4;1;0;0
FR;11;2023-03-30;1;1;0;0;1;0;0;0;0;26;11;3;1;11;4;1;0;0
FR;11;2023-03-31;0;0;0;0;0;0;0;0;0;26;11;3;1;11;4;1;0;0
FR;11;2023-04-01;0;2;0;0;2;0;0;0;0;26;13;3;1;13;4;1;0;0
FR;11;2023-04-02;0;0;0;0;0;0;0;0;0;26;13;3;1;13;4;1;0;0
FR;11;2023-04-03;0;3;0;0;3;0;0;0;0;26;16;3;1;16;4;1;0;0
FR;11;2023-04-04;0;0;0;0;0;0;0;0;0;26;16;3;1;16;4;1;0;0
FR;11;2023-04-05;0;0;0;0;0;0;0;0;0;26;16;3;1;16;4;1;0;0
FR;11;2023-04-06;0;0;0;0;0;0;0;0;0;26;16;3;1;16;4;1;0;0
FR;11;2023-04-07;0;1;0;0;1;0;0;0;0;26;17;3;1;17;4;1;0;0
FR;11;2023-04-08;0;0;0;0;0;0;0;0;0;26;17;3;1;17;4;1;0;0
FR;11;2023-04-09;0;0;0;0;0;0;0;0;0;26;17;3;1;17;4;1;0;0
FR;11;2023-04-10;0;0;0;0;0;0;0;0;0;26;17;3;1;17;4;1;0;0
FR;11;2023-04-11;0;1;0;0;1;0;0;0;0;26;18;3;1;18;4;1;0;0
FR;11;2023-04-12;1;1;0;0;1;0;0;0;0;27;19;3;1;19;4;1;0;0
FR;11;2023-04-13;0;0;0;0;0;0;0;0;0;27;19;3;1;19;4;1;0;0
FR;11;2023-04-14;0;0;0;0;0;0;0;0;0;27;19;3;1;19;4;1;0;0
FR;11;2023-04-15;0;1;0;0;1;0;0;0;0;27;20;3;1;20;4;1;0;0
FR;11;2023-04-16;0;0;0;0;0;0;0;0;0;27;20;3;1;20;4;1;0;0
FR;11;2023-04-17;0;1;0;0;1;0;0;0;0;27;21;3;1;21;4;1;0;0
FR;11;2023-04-18;0;0;0;0;0;0;0;0;0;27;21;3;1;21;4;1;0;0
FR;11;2023-04-19;1;0;0;0;0;0;0;0;0;28;21;3;1;21;4;1;0;0
FR;11;2023-04-20;0;1;0;0;1;0;0;0;0;28;22;3;1;22;4;1;0;0
FR;11;2023-04-21;2;0;0;0;0;0;0;0;0;30;22;3;1;22;4;1;0;0
FR;11;2023-04-22;0;2;0;0;2;0;0;0;0;30;24;3;1;24;4;1;0;0
FR;11;2023-04-23;0;0;0;0;0;0;0;0;0;30;24;3;1;24;4;1;0;0
FR;11;2023-04-24;0;0;1;0;0;1;0;0;0;30;24;4;1;24;5;1;0;0
FR;11;2023-04-25;0;0;0;0;0;0;0;0;0;30;24;4;1;24;5;1;0;0
FR;11;2023-04-26;0;0;0;0;0;0;0;0;0;30;24;4;1;24;5;1;0;0
FR;11;2023-04-27;0;0;0;0;0;0;0;0;0;30;24;4;1;24;5;1;0;0
FR;11;2023-04-28;0;0;0;0;0;0;0;0;0;30;24;4;1;24;5;1;0;0
FR;11;2023-04-29;0;0;0;0;0;0;0;0;0;30;24;4;1;24;5;1;0;0
FR;11;2023-04-30;0;0;0;0;0;0;0;0;0;30;24;4;1;24;5;1;0;0
FR;11;2023-05-01;0;0;0;0;0;0;0;0;0;30;24;4;1;24;5;1;0;0
FR;11;2023-05-02;0;0;0;0;0;0;0;0;0;30;24;4;1;24;5;1;0;0
FR;11;2023-05-03;0;0;2;0;0;2;0;0;0;30;24;6;1;24;7;1;0;0
FR;11;2023-05-04;0;0;0;0;0;0;0;0;0;30;24;6;1;24;7;1;0;0
FR;11;2023-05-05;0;0;0;0;0;0;0;0;0;30;24;6;1;24;7;1;0;0
FR;11;2023-05-06;0;0;0;0;0;0;0;0;0;30;24;6;1;24;7;1;0;0
FR;11;2023-05-07;0;0;0;0;0;0;0;0;0;30;24;6;1;24;7;1;0;0
FR;11;2023-05-08;0;0;0;0;0;0;0;0;0;30;24;6;1;24;7;1;0;0
FR;11;2023-05-09;0;0;0;0;0;0;0;0;0;30;24;6;1;24;7;1;0;0
FR;11;2023-05-10;2;2;0;0;2;0;0;0;0;32;26;6;1;26;7;1;0;0
FR;11;2023-05-11;0;0;0;0;0;0;0;0;0;32;26;6;1;26;7;1;0;0
FR;11;2023-05-12;0;0;0;0;0;0;0;0;0;32;26;6;1;26;7;1;0;0
FR;11;2023-05-13;0;0;0;0;0;0;0;0;0;32;26;6;1;26;7;1;0;0
FR;11;2023-05-14;0;0;0;0;0;0;0;0;0;32;26;6;1;26;7;1;0;0
FR;11;2023-05-15;0;0;0;0;0;0;0;0;0;32;26;6;1;26;7;1;0;0
FR;11;2023-05-16;0;0;0;0;0;0;0;0;0;32;26;6;1;26;7;1;0;0
FR;11;2023-05-17;0;0;0;0;0;0;0;0;0;32;26;6;1;26;7;1;0;0
FR;11;2023-05-18;0;0;0;0;0;0;0;0;0;32;26;6;1;26;7;1;0;0
FR;11;2023-05-19;0;0;0;0;0;0;0;0;0;32;26;6;1;26;7;1;0;0
FR;11;2023-05-20;0;0;0;0;0;0;0;0;0;32;26;6;1;26;7;1;0;0
FR;11;2023-05-21;0;0;0;0;0;0;0;0;0;32;26;6;1;26;7;1;0;0
FR;11;2023-05-22;0;0;0;0;0;0;0;0;0;32;26;6;1;26;7;1;0;0
FR;11;2023-05-23;0;0;0;0;0;0;0;0;0;32;26;6;1;26;7;1;0;0
FR;11;2023-05-24;1;0;1;0;0;0;0;0;0;33;26;7;1;26;7;1;0;0
FR;11;2023-05-25;0;0;0;0;0;0;0;0;0;33;26;7;1;26;7;1;0;0
FR;11;2023-05-26;0;0;0;0;0;0;0;0;0;33;26;7;1;26;7;1;0;0
FR;11;2023-05-27;0;0;3;0;0;3;0;0;0;33;26;10;1;26;10;1;0;0
FR;11;2023-05-28;0;0;0;0;0;0;0;0;0;33;26;10;1;26;10;1;0;0
FR;11;2023-05-29;0;0;0;0;0;0;0;0;0;33;26;10;1;26;10;1;0;0
FR;11;2023-05-30;0;1;3;0;1;3;0;0;0;33;27;13;1;27;13;1;0;0
FR;11;2023-05-31;0;0;1;0;0;0;1;0;0;33;27;14;1;27;13;2;0;0
FR;11;2023-06-01;0;0;0;0;0;0;0;0;0;33;27;14;1;27;13;2;0;0
FR;11;2023-06-02;0;0;1;0;0;1;0;0;0;33;27;15;1;27;14;2;0;0
FR;11;2023-06-03;0;0;0;0;0;0;0;0;0;33;27;15;1;27;14;2;0;0
FR;11;2023-06-04;0;0;0;0;0;0;0;0;0;33;27;15;1;27;14;2;0;0
FR;11;2023-06-05;0;0;0;0;0;0;0;0;0;33;27;15;1;27;14;2;0;0
FR;12;2020-12-27;0;0;0;0;0;0;0;0;0;0;0;0;0;0;0;0;0;0
FR;12;2020-12-28;0;0;0;0;0;0;0;0;0;0;0;0;0;0;0;0;0;0
FR;12;2020-12-29;0;0;0;0;0;0;0;0;0;0;0;0;0;0;0;0;0;0
FR;12;2020-12-30;0;0;0;0;0;0;0;0;0;0;0;0;0;0;0;0;0;0
FR;12;2020-12-31;0;0;0;0;0;0;0;0;0;0;0;0;0;0;0;0;0;0
FR;12;2021-01-01;0;0;0;0;0;0;0;0;0;0;0;0;0;0;0;0;0;0
FR;12;2021-01-02;0;0;0;0;0;0;0;0;0;0;0;0;0;0;0;0;0;0
FR;12;2021-01-03;0;0;0;0;0;0;0;0;0;0;0;0;0;0;0;0;0;0
FR;12;2021-01-04;0;0;0;0;0;0;0;0;0;0;0;0;0;0;0;0;0;0
FR;12;2021-01-05;0;0;0;0;0;0;0;0;0;0;0;0;0;0;0;0;0;0
FR;12;2021-01-06;0;0;0;0;0;0;0;0;0;0;0;0;0;0;0;0;0;0
FR;12;2021-01-07;0;0;0;0;0;0;0;0;0;0;0;0;0;0;0;0;0;0
FR;12;2021-01-08;0;0;0;0;0;0;0;0;0;0;0;0;0;0;0;0;0;0
FR;12;2021-01-09;0;0;0;0;0;0;0;0;0;0;0;0;0;0;0;0;0;0
FR;12;2021-01-10;0;0;0;0;0;0;0;0;0;0;0;0;0;0;0;0;0;0
FR;12;2021-01-11;0;0;0;0;0;0;0;0;0;0;0;0;0;0;0;0;0;0
FR;12;2021-01-12;0;0;0;0;0;0;0;0;0;0;0;0;0;0;0;0;0;0
FR;12;2021-01-13;0;0;0;0;0;0;0;0;0;0;0;0;0;0;0;0;0;0
FR;12;2021-01-14;0;0;0;0;0;0;0;0;0;0;0;0;0;0;0;0;0;0
FR;12;2021-01-15;0;0;0;0;0;0;0;0;0;0;0;0;0;0;0;0;0;0
FR;12;2021-01-16;0;0;0;0;0;0;0;0;0;0;0;0;0;0;0;0;0;0
FR;12;2021-01-17;0;0;0;0;0;0;0;0;0;0;0;0;0;0;0;0;0;0
FR;12;2021-01-18;0;0;0;0;0;0;0;0;0;0;0;0;0;0;0;0;0;0
FR;12;2021-01-19;0;0;0;0;0;0;0;0;0;0;0;0;0;0;0;0;0;0
FR;12;2021-01-20;0;0;0;0;0;0;0;0;0;0;0;0;0;0;0;0;0;0
FR;12;2021-01-21;0;0;0;0;0;0;0;0;0;0;0;0;0;0;0;0;0;0
FR;12;2021-01-22;0;0;0;0;0;0;0;0;0;0;0;0;0;0;0;0;0;0
FR;12;2021-01-23;0;0;0;0;0;0;0;0;0;0;0;0;0;0;0;0;0;0
FR;12;2021-01-24;0;0;0;0;0;0;0;0;0;0;0;0;0;0;0;0;0;0
FR;12;2021-01-25;0;0;0;0;0;0;0;0;0;0;0;0;0;0;0;0;0;0
FR;12;2021-01-26;0;0;0;0;0;0;0;0;0;0;0;0;0;0;0;0;0;0
FR;12;2021-01-27;0;0;0;0;0;0;0;0;0;0;0;0;0;0;0;0;0;0
FR;12;2021-01-28;0;0;0;0;0;0;0;0;0;0;0;0;0;0;0;0;0;0
FR;12;2021-01-29;0;0;0;0;0;0;0;0;0;0;0;0;0;0;0;0;0;0
FR;12;2021-01-30;0;0;0;0;0;0;0;0;0;0;0;0;0;0;0;0;0;0
FR;12;2021-01-31;0;0;0;0;0;0;0;0;0;0;0;0;0;0;0;0;0;0
FR;12;2021-02-01;0;0;0;0;0;0;0;0;0;0;0;0;0;0;0;0;0;0
FR;12;2021-02-02;0;0;0;0;0;0;0;0;0;0;0;0;0;0;0;0;0;0
FR;12;2021-02-03;0;0;0;0;0;0;0;0;0;0;0;0;0;0;0;0;0;0
FR;12;2021-02-04;0;0;0;0;0;0;0;0;0;0;0;0;0;0;0;0;0;0
FR;12;2021-02-05;0;0;0;0;0;0;0;0;0;0;0;0;0;0;0;0;0;0
FR;12;2021-02-06;0;0;0;0;0;0;0;0;0;0;0;0;0;0;0;0;0;0
FR;12;2021-02-07;0;0;0;0;0;0;0;0;0;0;0;0;0;0;0;0;0;0
FR;12;2021-02-08;0;0;0;0;0;0;0;0;0;0;0;0;0;0;0;0;0;0
FR;12;2021-02-09;0;0;0;0;0;0;0;0;0;0;0;0;0;0;0;0;0;0
FR;12;2021-02-10;0;0;0;0;0;0;0;0;0;0;0;0;0;0;0;0;0;0
FR;12;2021-02-11;0;0;0;0;0;0;0;0;0;0;0;0;0;0;0;0;0;0
FR;12;2021-02-12;0;0;0;0;0;0;0;0;0;0;0;0;0;0;0;0;0;0
FR;12;2021-02-13;0;0;0;0;0;0;0;0;0;0;0;0;0;0;0;0;0;0
FR;12;2021-02-14;0;0;0;0;0;0;0;0;0;0;0;0;0;0;0;0;0;0
FR;12;2021-02-15;0;0;0;0;0;0;0;0;0;0;0;0;0;0;0;0;0;0
FR;12;2021-02-16;0;0;0;0;0;0;0;0;0;0;0;0;0;0;0;0;0;0
FR;12;2021-02-17;0;0;0;0;0;0;0;0;0;0;0;0;0;0;0;0;0;0
FR;12;2021-02-18;0;0;0;0;0;0;0;0;0;0;0;0;0;0;0;0;0;0
FR;12;2021-02-19;0;0;0;0;0;0;0;0;0;0;0;0;0;0;0;0;0;0
FR;12;2021-02-20;0;0;0;0;0;0;0;0;0;0;0;0;0;0;0;0;0;0
FR;12;2021-02-21;0;0;0;0;0;0;0;0;0;0;0;0;0;0;0;0;0;0
FR;12;2021-02-22;0;0;0;0;0;0;0;0;0;0;0;0;0;0;0;0;0;0
FR;12;2021-02-23;0;0;0;0;0;0;0;0;0;0;0;0;0;0;0;0;0;0
FR;12;2021-02-24;0;0;0;0;0;0;0;0;0;0;0;0;0;0;0;0;0;0
FR;12;2021-02-25;0;0;0;0;0;0;0;0;0;0;0;0;0;0;0;0;0;0
FR;12;2021-02-26;0;0;0;0;0;0;0;0;0;0;0;0;0;0;0;0;0;0
FR;12;2021-02-27;0;0;0;0;0;0;0;0;0;0;0;0;0;0;0;0;0;0
FR;12;2021-02-28;0;0;0;0;0;0;0;0;0;0;0;0;0;0;0;0;0;0
FR;12;2021-03-01;0;0;0;0;0;0;0;0;0;0;0;0;0;0;0;0;0;0
FR;12;2021-03-02;0;0;0;0;0;0;0;0;0;0;0;0;0;0;0;0;0;0
FR;12;2021-03-03;0;0;0;0;0;0;0;0;0;0;0;0;0;0;0;0;0;0
FR;12;2021-03-04;0;0;0;0;0;0;0;0;0;0;0;0;0;0;0;0;0;0
FR;12;2021-03-05;0;0;0;0;0;0;0;0;0;0;0;0;0;0;0;0;0;0
FR;12;2021-03-06;0;0;0;0;0;0;0;0;0;0;0;0;0;0;0;0;0;0
FR;12;2021-03-07;0;0;0;0;0;0;0;0;0;0;0;0;0;0;0;0;0;0
FR;12;2021-03-08;0;0;0;0;0;0;0;0;0;0;0;0;0;0;0;0;0;0
FR;12;2021-03-09;0;0;0;0;0;0;0;0;0;0;0;0;0;0;0;0;0;0
FR;12;2021-03-10;0;0;0;0;0;0;0;0;0;0;0;0;0;0;0;0;0;0
FR;12;2021-03-11;0;0;0;0;0;0;0;0;0;0;0;0;0;0;0;0;0;0
FR;12;2021-03-12;0;0;0;0;0;0;0;0;0;0;0;0;0;0;0;0;0;0
FR;12;2021-03-13;0;0;0;0;0;0;0;0;0;0;0;0;0;0;0;0;0;0
FR;12;2021-03-14;0;0;0;0;0;0;0;0;0;0;0;0;0;0;0;0;0;0
FR;12;2021-03-15;0;0;0;0;0;0;0;0;0;0;0;0;0;0;0;0;0;0
FR;12;2021-03-16;0;0;0;0;0;0;0;0;0;0;0;0;0;0;0;0;0;0
FR;12;2021-03-17;0;0;0;0;0;0;0;0;0;0;0;0;0;0;0;0;0;0
FR;12;2021-03-18;0;0;0;0;0;0;0;0;0;0;0;0;0;0;0;0;0;0
FR;12;2021-03-19;0;0;0;0;0;0;0;0;0;0;0;0;0;0;0;0;0;0
FR;12;2021-03-20;0;0;0;0;0;0;0;0;0;0;0;0;0;0;0;0;0;0
FR;12;2021-03-21;0;0;0;0;0;0;0;0;0;0;0;0;0;0;0;0;0;0
FR;12;2021-03-22;0;0;0;0;0;0;0;0;0;0;0;0;0;0;0;0;0;0
FR;12;2021-03-23;0;0;0;0;0;0;0;0;0;0;0;0;0;0;0;0;0;0
FR;12;2021-03-24;0;0;0;0;0;0;0;0;0;0;0;0;0;0;0;0;0;0
FR;12;2021-03-25;0;0;0;0;0;0;0;0;0;0;0;0;0;0;0;0;0;0
FR;12;2021-03-26;0;0;0;0;0;0;0;0;0;0;0;0;0;0;0;0;0;0
FR;12;2021-03-27;0;0;0;0;0;0;0;0;0;0;0;0;0;0;0;0;0;0
FR;12;2021-03-28;0;0;0;0;0;0;0;0;0;0;0;0;0;0;0;0;0;0
FR;12;2021-03-29;0;0;0;0;0;0;0;0;0;0;0;0;0;0;0;0;0;0
FR;12;2021-03-30;0;0;0;0;0;0;0;0;0;0;0;0;0;0;0;0;0;0
FR;12;2021-03-31;0;0;0;0;0;0;0;0;0;0;0;0;0;0;0;0;0;0
FR;12;2021-04-01;0;0;0;0;0;0;0;0;0;0;0;0;0;0;0;0;0;0
FR;12;2021-04-02;0;0;0;0;0;0;0;0;0;0;0;0;0;0;0;0;0;0
FR;12;2021-04-03;0;0;0;0;0;0;0;0;0;0;0;0;0;0;0;0;0;0
FR;12;2021-04-04;0;0;0;0;0;0;0;0;0;0;0;0;0;0;0;0;0;0
FR;12;2021-04-05;0;0;0;0;0;0;0;0;0;0;0;0;0;0;0;0;0;0
FR;12;2021-04-06;0;0;0;0;0;0;0;0;0;0;0;0;0;0;0;0;0;0
FR;12;2021-04-07;0;0;0;0;0;0;0;0;0;0;0;0;0;0;0;0;0;0
FR;12;2021-04-08;0;0;0;0;0;0;0;0;0;0;0;0;0;0;0;0;0;0
FR;12;2021-04-09;0;0;0;0;0;0;0;0;0;0;0;0;0;0;0;0;0;0
FR;12;2021-04-10;0;0;0;0;0;0;0;0;0;0;0;0;0;0;0;0;0;0
FR;12;2021-04-11;0;0;0;0;0;0;0;0;0;0;0;0;0;0;0;0;0;0
FR;12;2021-04-12;0;0;0;0;0;0;0;0;0;0;0;0;0;0;0;0;0;0
FR;12;2021-04-13;0;0;0;0;0;0;0;0;0;0;0;0;0;0;0;0;0;0
FR;12;2021-04-14;0;0;0;0;0;0;0;0;0;0;0;0;0;0;0;0;0;0
FR;12;2021-04-15;0;0;0;0;0;0;0;0;0;0;0;0;0;0;0;0;0;0
FR;12;2021-04-16;0;0;0;0;0;0;0;0;0;0;0;0;0;0;0;0;0;0
FR;12;2021-04-17;0;0;0;0;0;0;0;0;0;0;0;0;0;0;0;0;0;0
FR;12;2021-04-18;0;0;0;0;0;0;0;0;0;0;0;0;0;0;0;0;0;0
FR;12;2021-04-19;0;0;0;0;0;0;0;0;0;0;0;0;0;0;0;0;0;0
FR;12;2021-04-20;0;0;0;0;0;0;0;0;0;0;0;0;0;0;0;0;0;0
FR;12;2021-04-21;0;0;0;0;0;0;0;0;0;0;0;0;0;0;0;0;0;0
FR;12;2021-04-22;0;0;0;0;0;0;0;0;0;0;0;0;0;0;0;0;0;0
FR;12;2021-04-23;0;0;0;0;0;0;0;0;0;0;0;0;0;0;0;0;0;0
FR;12;2021-04-24;0;0;0;0;0;0;0;0;0;0;0;0;0;0;0;0;0;0
FR;12;2021-04-25;0;0;0;0;0;0;0;0;0;0;0;0;0;0;0;0;0;0
FR;12;2021-04-26;0;0;0;0;0;0;0;0;0;0;0;0;0;0;0;0;0;0
FR;12;2021-04-27;0;0;0;0;0;0;0;0;0;0;0;0;0;0;0;0;0;0
FR;12;2021-04-28;0;0;0;0;0;0;0;0;0;0;0;0;0;0;0;0;0;0
FR;12;2021-04-29;0;0;0;0;0;0;0;0;0;0;0;0;0;0;0;0;0;0
FR;12;2021-04-30;0;0;0;0;0;0;0;0;0;0;0;0;0;0;0;0;0;0
FR;12;2021-05-01;0;0;0;0;0;0;0;0;0;0;0;0;0;0;0;0;0;0
FR;12;2021-05-02;0;0;0;0;0;0;0;0;0;0;0;0;0;0;0;0;0;0
FR;12;2021-05-03;0;0;0;0;0;0;0;0;0;0;0;0;0;0;0;0;0;0
FR;12;2021-05-04;0;0;0;0;0;0;0;0;0;0;0;0;0;0;0;0;0;0
FR;12;2021-05-05;0;0;0;0;0;0;0;0;0;0;0;0;0;0;0;0;0;0
FR;12;2021-05-06;0;0;0;0;0;0;0;0;0;0;0;0;0;0;0;0;0;0
FR;12;2021-05-07;0;0;0;0;0;0;0;0;0;0;0;0;0;0;0;0;0;0
FR;12;2021-05-08;0;0;0;0;0;0;0;0;0;0;0;0;0;0;0;0;0;0
FR;12;2021-05-09;0;0;0;0;0;0;0;0;0;0;0;0;0;0;0;0;0;0
FR;12;2021-05-10;0;0;0;0;0;0;0;0;0;0;0;0;0;0;0;0;0;0
FR;12;2021-05-11;0;0;0;0;0;0;0;0;0;0;0;0;0;0;0;0;0;0
FR;12;2021-05-12;0;0;0;0;0;0;0;0;0;0;0;0;0;0;0;0;0;0
FR;12;2021-05-13;0;0;0;0;0;0;0;0;0;0;0;0;0;0;0;0;0;0
FR;12;2021-05-14;0;0;0;0;0;0;0;0;0;0;0;0;0;0;0;0;0;0
FR;12;2021-05-15;0;0;0;0;0;0;0;0;0;0;0;0;0;0;0;0;0;0
FR;12;2021-05-16;0;0;0;0;0;0;0;0;0;0;0;0;0;0;0;0;0;0
FR;12;2021-05-17;0;0;0;0;0;0;0;0;0;0;0;0;0;0;0;0;0;0
FR;12;2021-05-18;0;0;0;0;0;0;0;0;0;0;0;0;0;0;0;0;0;0
FR;12;2021-05-19;0;0;0;0;0;0;0;0;0;0;0;0;0;0;0;0;0;0
FR;12;2021-05-20;0;0;0;0;0;0;0;0;0;0;0;0;0;0;0;0;0;0
FR;12;2021-05-21;0;0;0;0;0;0;0;0;0;0;0;0;0;0;0;0;0;0
FR;12;2021-05-22;0;0;0;0;0;0;0;0;0;0;0;0;0;0;0;0;0;0
FR;12;2021-05-23;0;0;0;0;0;0;0;0;0;0;0;0;0;0;0;0;0;0
FR;12;2021-05-24;0;0;0;0;0;0;0;0;0;0;0;0;0;0;0;0;0;0
FR;12;2021-05-25;0;0;0;0;0;0;0;0;0;0;0;0;0;0;0;0;0;0
FR;12;2021-05-26;0;0;0;0;0;0;0;0;0;0;0;0;0;0;0;0;0;0
FR;12;2021-05-27;0;0;0;0;0;0;0;0;0;0;0;0;0;0;0;0;0;0
FR;12;2021-05-28;0;0;0;0;0;0;0;0;0;0;0;0;0;0;0;0;0;0
FR;12;2021-05-29;0;0;0;0;0;0;0;0;0;0;0;0;0;0;0;0;0;0
FR;12;2021-05-30;0;0;0;0;0;0;0;0;0;0;0;0;0;0;0;0;0;0
FR;12;2021-05-31;0;0;0;0;0;0;0;0;0;0;0;0;0;0;0;0;0;0
FR;12;2021-06-01;0;0;0;0;0;0;0;0;0;0;0;0;0;0;0;0;0;0
FR;12;2021-06-02;0;0;0;0;0;0;0;0;0;0;0;0;0;0;0;0;0;0
FR;12;2021-06-03;0;0;0;0;0;0;0;0;0;0;0;0;0;0;0;0;0;0
FR;12;2021-06-04;0;0;0;0;0;0;0;0;0;0;0;0;0;0;0;0;0;0
FR;12;2021-06-05;0;0;0;0;0;0;0;0;0;0;0;0;0;0;0;0;0;0
FR;12;2021-06-06;0;0;0;0;0;0;0;0;0;0;0;0;0;0;0;0;0;0
FR;12;2021-06-07;0;0;0;0;0;0;0;0;0;0;0;0;0;0;0;0;0;0
FR;12;2021-06-08;0;0;0;0;0;0;0;0;0;0;0;0;0;0;0;0;0;0
FR;12;2021-06-09;0;0;0;0;0;0;0;0;0;0;0;0;0;0;0;0;0;0
FR;12;2021-06-10;0;0;0;0;0;0;0;0;0;0;0;0;0;0;0;0;0;0
FR;12;2021-06-11;0;0;0;0;0;0;0;0;0;0;0;0;0;0;0;0;0;0
FR;12;2021-06-12;0;0;0;0;0;0;0;0;0;0;0;0;0;0;0;0;0;0
FR;12;2021-06-13;0;0;0;0;0;0;0;0;0;0;0;0;0;0;0;0;0;0
FR;12;2021-06-14;0;0;0;0;0;0;0;0;0;0;0;0;0;0;0;0;0;0
FR;12;2021-06-15;0;0;0;0;0;0;0;0;0;0;0;0;0;0;0;0;0;0
FR;12;2021-06-16;0;0;0;0;0;0;0;0;0;0;0;0;0;0;0;0;0;0
FR;12;2021-06-17;0;0;0;0;0;0;0;0;0;0;0;0;0;0;0;0;0;0
FR;12;2021-06-18;0;0;0;0;0;0;0;0;0;0;0;0;0;0;0;0;0;0
FR;12;2021-06-19;0;0;0;0;0;0;0;0;0;0;0;0;0;0;0;0;0;0
FR;12;2021-06-20;0;0;0;0;0;0;0;0;0;0;0;0;0;0;0;0;0;0
FR;12;2021-06-21;0;0;0;0;0;0;0;0;0;0;0;0;0;0;0;0;0;0
FR;12;2021-06-22;0;0;0;0;0;0;0;0;0;0;0;0;0;0;0;0;0;0
FR;12;2021-06-23;0;0;0;0;0;0;0;0;0;0;0;0;0;0;0;0;0;0
FR;12;2021-06-24;0;0;0;0;0;0;0;0;0;0;0;0;0;0;0;0;0;0
FR;12;2021-06-25;0;0;0;0;0;0;0;0;0;0;0;0;0;0;0;0;0;0
FR;12;2021-06-26;0;0;0;0;0;0;0;0;0;0;0;0;0;0;0;0;0;0
FR;12;2021-06-27;0;0;0;0;0;0;0;0;0;0;0;0;0;0;0;0;0;0
FR;12;2021-06-28;0;0;0;0;0;0;0;0;0;0;0;0;0;0;0;0;0;0
FR;12;2021-06-29;0;0;0;0;0;0;0;0;0;0;0;0;0;0;0;0;0;0
FR;12;2021-06-30;0;0;0;0;0;0;0;0;0;0;0;0;0;0;0;0;0;0
FR;12;2021-07-01;0;0;0;0;0;0;0;0;0;0;0;0;0;0;0;0;0;0
FR;12;2021-07-02;0;0;0;0;0;0;0;0;0;0;0;0;0;0;0;0;0;0
FR;12;2021-07-03;0;0;0;0;0;0;0;0;0;0;0;0;0;0;0;0;0;0
FR;12;2021-07-04;0;0;0;0;0;0;0;0;0;0;0;0;0;0;0;0;0;0
FR;12;2021-07-05;0;0;0;0;0;0;0;0;0;0;0;0;0;0;0;0;0;0
FR;12;2021-07-06;0;0;0;0;0;0;0;0;0;0;0;0;0;0;0;0;0;0
FR;12;2021-07-07;0;0;0;0;0;0;0;0;0;0;0;0;0;0;0;0;0;0
FR;12;2021-07-08;0;0;0;0;0;0;0;0;0;0;0;0;0;0;0;0;0;0
FR;12;2021-07-09;0;0;0;0;0;0;0;0;0;0;0;0;0;0;0;0;0;0
FR;12;2021-07-10;0;0;0;0;0;0;0;0;0;0;0;0;0;0;0;0;0;0
FR;12;2021-07-11;0;0;0;0;0;0;0;0;0;0;0;0;0;0;0;0;0;0
FR;12;2021-07-12;0;0;0;0;0;0;0;0;0;0;0;0;0;0;0;0;0;0
FR;12;2021-07-13;0;0;0;0;0;0;0;0;0;0;0;0;0;0;0;0;0;0
FR;12;2021-07-14;0;0;0;0;0;0;0;0;0;0;0;0;0;0;0;0;0;0
FR;12;2021-07-15;0;0;0;0;0;0;0;0;0;0;0;0;0;0;0;0;0;0
FR;12;2021-07-16;0;0;0;0;0;0;0;0;0;0;0;0;0;0;0;0;0;0
FR;12;2021-07-17;0;0;0;0;0;0;0;0;0;0;0;0;0;0;0;0;0;0
FR;12;2021-07-18;0;0;0;0;0;0;0;0;0;0;0;0;0;0;0;0;0;0
FR;12;2021-07-19;0;0;0;0;0;0;0;0;0;0;0;0;0;0;0;0;0;0
FR;12;2021-07-20;0;0;0;0;0;0;0;0;0;0;0;0;0;0;0;0;0;0
FR;12;2021-07-21;0;0;0;0;0;0;0;0;0;0;0;0;0;0;0;0;0;0
FR;12;2021-07-22;0;0;0;0;0;0;0;0;0;0;0;0;0;0;0;0;0;0
FR;12;2021-07-23;0;0;0;0;0;0;0;0;0;0;0;0;0;0;0;0;0;0
FR;12;2021-07-24;0;0;0;0;0;0;0;0;0;0;0;0;0;0;0;0;0;0
FR;12;2021-07-25;0;0;0;0;0;0;0;0;0;0;0;0;0;0;0;0;0;0
FR;12;2021-07-26;0;0;0;0;0;0;0;0;0;0;0;0;0;0;0;0;0;0
FR;12;2021-07-27;0;0;0;0;0;0;0;0;0;0;0;0;0;0;0;0;0;0
FR;12;2021-07-28;0;0;0;0;0;0;0;0;0;0;0;0;0;0;0;0;0;0
FR;12;2021-07-29;0;0;0;0;0;0;0;0;0;0;0;0;0;0;0;0;0;0
FR;12;2021-07-30;0;0;0;0;0;0;0;0;0;0;0;0;0;0;0;0;0;0
FR;12;2021-07-31;0;0;0;0;0;0;0;0;0;0;0;0;0;0;0;0;0;0
FR;12;2021-08-01;0;0;0;0;0;0;0;0;0;0;0;0;0;0;0;0;0;0
FR;12;2021-08-02;0;0;0;0;0;0;0;0;0;0;0;0;0;0;0;0;0;0
FR;12;2021-08-03;0;0;0;0;0;0;0;0;0;0;0;0;0;0;0;0;0;0
FR;12;2021-08-04;0;0;0;0;0;0;0;0;0;0;0;0;0;0;0;0;0;0
FR;12;2021-08-05;0;0;0;0;0;0;0;0;0;0;0;0;0;0;0;0;0;0
FR;12;2021-08-06;0;0;0;0;0;0;0;0;0;0;0;0;0;0;0;0;0;0
FR;12;2021-08-07;0;0;0;0;0;0;0;0;0;0;0;0;0;0;0;0;0;0
FR;12;2021-08-08;0;0;0;0;0;0;0;0;0;0;0;0;0;0;0;0;0;0
FR;12;2021-08-09;0;0;0;0;0;0;0;0;0;0;0;0;0;0;0;0;0;0
FR;12;2021-08-10;0;0;0;0;0;0;0;0;0;0;0;0;0;0;0;0;0;0
FR;12;2021-08-11;0;0;0;0;0;0;0;0;0;0;0;0;0;0;0;0;0;0
FR;12;2021-08-12;0;0;0;0;0;0;0;0;0;0;0;0;0;0;0;0;0;0
FR;12;2021-08-13;0;0;0;0;0;0;0;0;0;0;0;0;0;0;0;0;0;0
FR;12;2021-08-14;0;0;0;0;0;0;0;0;0;0;0;0;0;0;0;0;0;0
FR;12;2021-08-15;0;0;0;0;0;0;0;0;0;0;0;0;0;0;0;0;0;0
FR;12;2021-08-16;0;0;0;0;0;0;0;0;0;0;0;0;0;0;0;0;0;0
FR;12;2021-08-17;0;0;0;0;0;0;0;0;0;0;0;0;0;0;0;0;0;0
FR;12;2021-08-18;0;0;0;0;0;0;0;0;0;0;0;0;0;0;0;0;0;0
FR;12;2021-08-19;0;0;0;0;0;0;0;0;0;0;0;0;0;0;0;0;0;0
FR;12;2021-08-20;0;0;0;0;0;0;0;0;0;0;0;0;0;0;0;0;0;0
FR;12;2021-08-21;0;0;0;0;0;0;0;0;0;0;0;0;0;0;0;0;0;0
FR;12;2021-08-22;0;0;0;0;0;0;0;0;0;0;0;0;0;0;0;0;0;0
FR;12;2021-08-23;0;0;0;0;0;0;0;0;0;0;0;0;0;0;0;0;0;0
FR;12;2021-08-24;0;0;0;0;0;0;0;0;0;0;0;0;0;0;0;0;0;0
FR;12;2021-08-25;0;0;0;0;0;0;0;0;0;0;0;0;0;0;0;0;0;0
FR;12;2021-08-26;0;0;0;0;0;0;0;0;0;0;0;0;0;0;0;0;0;0
FR;12;2021-08-27;0;0;0;0;0;0;0;0;0;0;0;0;0;0;0;0;0;0
FR;12;2021-08-28;0;0;0;0;0;0;0;0;0;0;0;0;0;0;0;0;0;0
FR;12;2021-08-29;0;0;0;0;0;0;0;0;0;0;0;0;0;0;0;0;0;0
FR;12;2021-08-30;0;0;0;0;0;0;0;0;0;0;0;0;0;0;0;0;0;0
FR;12;2021-08-31;0;0;0;0;0;0;0;0;0;0;0;0;0;0;0;0;0;0
FR;12;2021-09-01;0;0;0;0;0;0;0;0;0;0;0;0;0;0;0;0;0;0
FR;12;2021-09-02;0;0;0;0;0;0;0;0;0;0;0;0;0;0;0;0;0;0
FR;12;2021-09-03;0;0;0;0;0;0;0;0;0;0;0;0;0;0;0;0;0;0
FR;12;2021-09-04;0;0;0;0;0;0;0;0;0;0;0;0;0;0;0;0;0;0
FR;12;2021-09-05;0;0;0;0;0;0;0;0;0;0;0;0;0;0;0;0;0;0
FR;12;2021-09-06;0;0;0;0;0;0;0;0;0;0;0;0;0;0;0;0;0;0
FR;12;2021-09-07;0;0;0;0;0;0;0;0;0;0;0;0;0;0;0;0;0;0
FR;12;2021-09-08;0;0;0;0;0;0;0;0;0;0;0;0;0;0;0;0;0;0
FR;12;2021-09-09;0;0;0;0;0;0;0;0;0;0;0;0;0;0;0;0;0;0
FR;12;2021-09-10;0;0;0;0;0;0;0;0;0;0;0;0;0;0;0;0;0;0
FR;12;2021-09-11;0;0;0;0;0;0;0;0;0;0;0;0;0;0;0;0;0;0
FR;12;2021-09-12;0;0;0;0;0;0;0;0;0;0;0;0;0;0;0;0;0;0
FR;12;2021-09-13;0;0;0;0;0;0;0;0;0;0;0;0;0;0;0;0;0;0
FR;12;2021-09-14;0;0;0;0;0;0;0;0;0;0;0;0;0;0;0;0;0;0
FR;12;2021-09-15;0;0;0;0;0;0;0;0;0;0;0;0;0;0;0;0;0;0
FR;12;2021-09-16;0;0;0;0;0;0;0;0;0;0;0;0;0;0;0;0;0;0
FR;12;2021-09-17;0;0;0;0;0;0;0;0;0;0;0;0;0;0;0;0;0;0
FR;12;2021-09-18;0;0;0;0;0;0;0;0;0;0;0;0;0;0;0;0;0;0
FR;12;2021-09-19;0;0;0;0;0;0;0;0;0;0;0;0;0;0;0;0;0;0
FR;12;2021-09-20;0;0;0;0;0;0;0;0;0;0;0;0;0;0;0;0;0;0
FR;12;2021-09-21;0;0;0;0;0;0;0;0;0;0;0;0;0;0;0;0;0;0
FR;12;2021-09-22;0;0;0;0;0;0;0;0;0;0;0;0;0;0;0;0;0;0
FR;12;2021-09-23;0;0;0;0;0;0;0;0;0;0;0;0;0;0;0;0;0;0
FR;12;2021-09-24;0;0;0;0;0;0;0;0;0;0;0;0;0;0;0;0;0;0
FR;12;2021-09-25;0;0;0;0;0;0;0;0;0;0;0;0;0;0;0;0;0;0
FR;12;2021-09-26;0;0;0;0;0;0;0;0;0;0;0;0;0;0;0;0;0;0
FR;12;2021-09-27;0;0;0;0;0;0;0;0;0;0;0;0;0;0;0;0;0;0
FR;12;2021-09-28;0;0;0;0;0;0;0;0;0;0;0;0;0;0;0;0;0;0
FR;12;2021-09-29;0;0;0;0;0;0;0;0;0;0;0;0;0;0;0;0;0;0
FR;12;2021-09-30;0;0;0;0;0;0;0;0;0;0;0;0;0;0;0;0;0;0
FR;12;2021-10-01;0;0;0;0;0;0;0;0;0;0;0;0;0;0;0;0;0;0
FR;12;2021-10-02;0;0;0;0;0;0;0;0;0;0;0;0;0;0;0;0;0;0
FR;12;2021-10-03;0;0;0;0;0;0;0;0;0;0;0;0;0;0;0;0;0;0
FR;12;2021-10-04;0;0;0;0;0;0;0;0;0;0;0;0;0;0;0;0;0;0
FR;12;2021-10-05;0;0;0;0;0;0;0;0;0;0;0;0;0;0;0;0;0;0
FR;12;2021-10-06;0;0;0;0;0;0;0;0;0;0;0;0;0;0;0;0;0;0
FR;12;2021-10-07;0;0;0;0;0;0;0;0;0;0;0;0;0;0;0;0;0;0
FR;12;2021-10-08;0;0;0;0;0;0;0;0;0;0;0;0;0;0;0;0;0;0
FR;12;2021-10-09;0;0;0;0;0;0;0;0;0;0;0;0;0;0;0;0;0;0
FR;12;2021-10-10;0;0;0;0;0;0;0;0;0;0;0;0;0;0;0;0;0;0
FR;12;2021-10-11;0;0;0;0;0;0;0;0;0;0;0;0;0;0;0;0;0;0
FR;12;2021-10-12;0;0;0;0;0;0;0;0;0;0;0;0;0;0;0;0;0;0
FR;12;2021-10-13;0;0;0;0;0;0;0;0;0;0;0;0;0;0;0;0;0;0
FR;12;2021-10-14;0;0;0;0;0;0;0;0;0;0;0;0;0;0;0;0;0;0
FR;12;2021-10-15;0;0;0;0;0;0;0;0;0;0;0;0;0;0;0;0;0;0
FR;12;2021-10-16;0;0;0;0;0;0;0;0;0;0;0;0;0;0;0;0;0;0
FR;12;2021-10-17;0;0;0;0;0;0;0;0;0;0;0;0;0;0;0;0;0;0
FR;12;2021-10-18;0;0;0;0;0;0;0;0;0;0;0;0;0;0;0;0;0;0
FR;12;2021-10-19;0;0;0;0;0;0;0;0;0;0;0;0;0;0;0;0;0;0
FR;12;2021-10-20;0;0;0;0;0;0;0;0;0;0;0;0;0;0;0;0;0;0
FR;12;2021-10-21;0;0;0;0;0;0;0;0;0;0;0;0;0;0;0;0;0;0
FR;12;2021-10-22;0;0;0;0;0;0;0;0;0;0;0;0;0;0;0;0;0;0
FR;12;2021-10-23;0;0;0;0;0;0;0;0;0;0;0;0;0;0;0;0;0;0
FR;12;2021-10-24;0;0;0;0;0;0;0;0;0;0;0;0;0;0;0;0;0;0
FR;12;2021-10-25;0;0;0;0;0;0;0;0;0;0;0;0;0;0;0;0;0;0
FR;12;2021-10-26;0;0;0;0;0;0;0;0;0;0;0;0;0;0;0;0;0;0
FR;12;2021-10-27;0;0;0;0;0;0;0;0;0;0;0;0;0;0;0;0;0;0
FR;12;2021-10-28;0;0;0;0;0;0;0;0;0;0;0;0;0;0;0;0;0;0
FR;12;2021-10-29;0;0;0;0;0;0;0;0;0;0;0;0;0;0;0;0;0;0
FR;12;2021-10-30;0;0;0;0;0;0;0;0;0;0;0;0;0;0;0;0;0;0
FR;12;2021-10-31;0;0;0;0;0;0;0;0;0;0;0;0;0;0;0;0;0;0
FR;12;2021-11-01;0;0;0;0;0;0;0;0;0;0;0;0;0;0;0;0;0;0
FR;12;2021-11-02;0;0;0;0;0;0;0;0;0;0;0;0;0;0;0;0;0;0
FR;12;2021-11-03;0;0;0;0;0;0;0;0;0;0;0;0;0;0;0;0;0;0
FR;12;2021-11-04;0;0;0;0;0;0;0;0;0;0;0;0;0;0;0;0;0;0
FR;12;2021-11-05;0;0;0;0;0;0;0;0;0;0;0;0;0;0;0;0;0;0
FR;12;2021-11-06;0;0;0;0;0;0;0;0;0;0;0;0;0;0;0;0;0;0
FR;12;2021-11-07;0;0;0;0;0;0;0;0;0;0;0;0;0;0;0;0;0;0
FR;12;2021-11-08;0;0;0;0;0;0;0;0;0;0;0;0;0;0;0;0;0;0
FR;12;2021-11-09;0;0;0;0;0;0;0;0;0;0;0;0;0;0;0;0;0;0
FR;12;2021-11-10;0;0;0;0;0;0;0;0;0;0;0;0;0;0;0;0;0;0
FR;12;2021-11-11;0;0;0;0;0;0;0;0;0;0;0;0;0;0;0;0;0;0
FR;12;2021-11-12;0;0;0;0;0;0;0;0;0;0;0;0;0;0;0;0;0;0
FR;12;2021-11-13;0;0;0;0;0;0;0;0;0;0;0;0;0;0;0;0;0;0
FR;12;2021-11-14;0;0;0;0;0;0;0;0;0;0;0;0;0;0;0;0;0;0
FR;12;2021-11-15;0;0;0;0;0;0;0;0;0;0;0;0;0;0;0;0;0;0
FR;12;2021-11-16;0;0;0;0;0;0;0;0;0;0;0;0;0;0;0;0;0;0
FR;12;2021-11-17;0;0;0;0;0;0;0;0;0;0;0;0;0;0;0;0;0;0
FR;12;2021-11-18;0;0;0;0;0;0;0;0;0;0;0;0;0;0;0;0;0;0
FR;12;2021-11-19;0;0;0;0;0;0;0;0;0;0;0;0;0;0;0;0;0;0
FR;12;2021-11-20;0;0;0;0;0;0;0;0;0;0;0;0;0;0;0;0;0;0
FR;12;2021-11-21;0;0;0;0;0;0;0;0;0;0;0;0;0;0;0;0;0;0
FR;12;2021-11-22;0;0;0;0;0;0;0;0;0;0;0;0;0;0;0;0;0;0
FR;12;2021-11-23;0;0;0;0;0;0;0;0;0;0;0;0;0;0;0;0;0;0
FR;12;2021-11-24;0;0;0;0;0;0;0;0;0;0;0;0;0;0;0;0;0;0
FR;12;2021-11-25;0;0;0;0;0;0;0;0;0;0;0;0;0;0;0;0;0;0
FR;12;2021-11-26;0;0;0;0;0;0;0;0;0;0;0;0;0;0;0;0;0;0
FR;12;2021-11-27;0;0;0;0;0;0;0;0;0;0;0;0;0;0;0;0;0;0
FR;12;2021-11-28;0;0;0;0;0;0;0;0;0;0;0;0;0;0;0;0;0;0
FR;12;2021-11-29;0;0;0;0;0;0;0;0;0;0;0;0;0;0;0;0;0;0
FR;12;2021-11-30;0;0;0;0;0;0;0;0;0;0;0;0;0;0;0;0;0;0
FR;12;2021-12-01;0;0;0;0;0;0;0;0;0;0;0;0;0;0;0;0;0;0
FR;12;2021-12-02;0;0;0;0;0;0;0;0;0;0;0;0;0;0;0;0;0;0
FR;12;2021-12-03;0;0;0;0;0;0;0;0;0;0;0;0;0;0;0;0;0;0
FR;12;2021-12-04;0;0;0;0;0;0;0;0;0;0;0;0;0;0;0;0;0;0
FR;12;2021-12-05;0;0;0;0;0;0;0;0;0;0;0;0;0;0;0;0;0;0
FR;12;2021-12-06;0;0;0;0;0;0;0;0;0;0;0;0;0;0;0;0;0;0
FR;12;2021-12-07;0;0;0;0;0;0;0;0;0;0;0;0;0;0;0;0;0;0
FR;12;2021-12-08;0;0;0;0;0;0;0;0;0;0;0;0;0;0;0;0;0;0
FR;12;2021-12-09;0;0;0;0;0;0;0;0;0;0;0;0;0;0;0;0;0;0
FR;12;2021-12-10;0;0;0;0;0;0;0;0;0;0;0;0;0;0;0;0;0;0
FR;12;2021-12-11;0;0;0;0;0;0;0;0;0;0;0;0;0;0;0;0;0;0
FR;12;2021-12-12;0;0;0;0;0;0;0;0;0;0;0;0;0;0;0;0;0;0
FR;12;2021-12-13;0;0;0;0;0;0;0;0;0;0;0;0;0;0;0;0;0;0
FR;12;2021-12-14;0;0;0;0;0;0;0;0;0;0;0;0;0;0;0;0;0;0
FR;12;2021-12-15;0;0;0;0;0;0;0;0;0;0;0;0;0;0;0;0;0;0
FR;12;2021-12-16;0;0;0;0;0;0;0;0;0;0;0;0;0;0;0;0;0;0
FR;12;2021-12-17;0;0;0;0;0;0;0;0;0;0;0;0;0;0;0;0;0;0
FR;12;2021-12-18;0;0;0;0;0;0;0;0;0;0;0;0;0;0;0;0;0;0
FR;12;2021-12-19;0;0;0;0;0;0;0;0;0;0;0;0;0;0;0;0;0;0
FR;12;2021-12-20;0;0;0;0;0;0;0;0;0;0;0;0;0;0;0;0;0;0
FR;12;2021-12-21;0;0;0;0;0;0;0;0;0;0;0;0;0;0;0;0;0;0
FR;12;2021-12-22;0;0;0;0;0;0;0;0;0;0;0;0;0;0;0;0;0;0
FR;12;2021-12-23;0;0;0;0;0;0;0;0;0;0;0;0;0;0;0;0;0;0
FR;12;2021-12-24;0;0;0;0;0;0;0;0;0;0;0;0;0;0;0;0;0;0
FR;12;2021-12-25;0;0;0;0;0;0;0;0;0;0;0;0;0;0;0;0;0;0
FR;12;2021-12-26;0;0;0;0;0;0;0;0;0;0;0;0;0;0;0;0;0;0
FR;12;2021-12-27;0;0;0;0;0;0;0;0;0;0;0;0;0;0;0;0;0;0
FR;12;2021-12-28;0;0;0;0;0;0;0;0;0;0;0;0;0;0;0;0;0;0
FR;12;2021-12-29;0;0;0;0;0;0;0;0;0;0;0;0;0;0;0;0;0;0
FR;12;2021-12-30;0;0;0;0;0;0;0;0;0;0;0;0;0;0;0;0;0;0
FR;12;2021-12-31;0;0;0;0;0;0;0;0;0;0;0;0;0;0;0;0;0;0
FR;12;2022-01-01;0;0;0;0;0;0;0;0;0;0;0;0;0;0;0;0;0;0
FR;12;2022-01-02;0;0;0;0;0;0;0;0;0;0;0;0;0;0;0;0;0;0
FR;12;2022-01-03;0;0;0;0;0;0;0;0;0;0;0;0;0;0;0;0;0;0
FR;12;2022-01-04;0;0;0;0;0;0;0;0;0;0;0;0;0;0;0;0;0;0
FR;12;2022-01-05;0;0;0;0;0;0;0;0;0;0;0;0;0;0;0;0;0;0
FR;12;2022-01-06;0;0;0;0;0;0;0;0;0;0;0;0;0;0;0;0;0;0
FR;12;2022-01-07;0;0;0;0;0;0;0;0;0;0;0;0;0;0;0;0;0;0
FR;12;2022-01-08;0;0;0;0;0;0;0;0;0;0;0;0;0;0;0;0;0;0
FR;12;2022-01-09;0;0;0;0;0;0;0;0;0;0;0;0;0;0;0;0;0;0
FR;12;2022-01-10;0;0;0;0;0;0;0;0;0;0;0;0;0;0;0;0;0;0
FR;12;2022-01-11;0;0;0;0;0;0;0;0;0;0;0;0;0;0;0;0;0;0
FR;12;2022-01-12;0;0;0;0;0;0;0;0;0;0;0;0;0;0;0;0;0;0
FR;12;2022-01-13;0;0;0;0;0;0;0;0;0;0;0;0;0;0;0;0;0;0
FR;12;2022-01-14;0;0;0;0;0;0;0;0;0;0;0;0;0;0;0;0;0;0
FR;12;2022-01-15;0;0;0;0;0;0;0;0;0;0;0;0;0;0;0;0;0;0
FR;12;2022-01-16;0;0;0;0;0;0;0;0;0;0;0;0;0;0;0;0;0;0
FR;12;2022-01-17;0;0;0;0;0;0;0;0;0;0;0;0;0;0;0;0;0;0
FR;12;2022-01-18;0;0;0;0;0;0;0;0;0;0;0;0;0;0;0;0;0;0
FR;12;2022-01-19;0;0;0;0;0;0;0;0;0;0;0;0;0;0;0;0;0;0
FR;12;2022-01-20;0;0;0;0;0;0;0;0;0;0;0;0;0;0;0;0;0;0
FR;12;2022-01-21;0;0;0;0;0;0;0;0;0;0;0;0;0;0;0;0;0;0
FR;12;2022-01-22;0;0;0;0;0;0;0;0;0;0;0;0;0;0;0;0;0;0
FR;12;2022-01-23;0;0;0;0;0;0;0;0;0;0;0;0;0;0;0;0;0;0
FR;12;2022-01-24;0;0;0;0;0;0;0;0;0;0;0;0;0;0;0;0;0;0
FR;12;2022-01-25;0;0;0;0;0;0;0;0;0;0;0;0;0;0;0;0;0;0
FR;12;2022-01-26;0;0;0;0;0;0;0;0;0;0;0;0;0;0;0;0;0;0
FR;12;2022-01-27;0;0;0;0;0;0;0;0;0;0;0;0;0;0;0;0;0;0
FR;12;2022-01-28;0;0;0;0;0;0;0;0;0;0;0;0;0;0;0;0;0;0
FR;12;2022-01-29;0;0;0;0;0;0;0;0;0;0;0;0;0;0;0;0;0;0
FR;12;2022-01-30;0;0;0;0;0;0;0;0;0;0;0;0;0;0;0;0;0;0
FR;12;2022-01-31;0;0;0;0;0;0;0;0;0;0;0;0;0;0;0;0;0;0
FR;12;2022-02-01;0;0;0;0;0;0;0;0;0;0;0;0;0;0;0;0;0;0
FR;12;2022-02-02;0;0;0;0;0;0;0;0;0;0;0;0;0;0;0;0;0;0
FR;12;2022-02-03;0;0;0;0;0;0;0;0;0;0;0;0;0;0;0;0;0;0
FR;12;2022-02-04;0;0;0;0;0;0;0;0;0;0;0;0;0;0;0;0;0;0
FR;12;2022-02-05;0;0;0;0;0;0;0;0;0;0;0;0;0;0;0;0;0;0
FR;12;2022-02-06;0;0;0;0;0;0;0;0;0;0;0;0;0;0;0;0;0;0
FR;12;2022-02-07;0;0;0;0;0;0;0;0;0;0;0;0;0;0;0;0;0;0
FR;12;2022-02-08;0;0;0;0;0;0;0;0;0;0;0;0;0;0;0;0;0;0
FR;12;2022-02-09;0;0;0;0;0;0;0;0;0;0;0;0;0;0;0;0;0;0
FR;12;2022-02-10;0;0;0;0;0;0;0;0;0;0;0;0;0;0;0;0;0;0
FR;12;2022-02-11;0;0;0;0;0;0;0;0;0;0;0;0;0;0;0;0;0;0
FR;12;2022-02-12;0;0;0;0;0;0;0;0;0;0;0;0;0;0;0;0;0;0
FR;12;2022-02-13;0;0;0;0;0;0;0;0;0;0;0;0;0;0;0;0;0;0
FR;12;2022-02-14;0;0;0;0;0;0;0;0;0;0;0;0;0;0;0;0;0;0
FR;12;2022-02-15;0;0;0;0;0;0;0;0;0;0;0;0;0;0;0;0;0;0
FR;12;2022-02-16;0;0;0;0;0;0;0;0;0;0;0;0;0;0;0;0;0;0
FR;12;2022-02-17;0;0;0;0;0;0;0;0;0;0;0;0;0;0;0;0;0;0
FR;12;2022-02-18;0;0;0;0;0;0;0;0;0;0;0;0;0;0;0;0;0;0
FR;12;2022-02-19;0;0;0;0;0;0;0;0;0;0;0;0;0;0;0;0;0;0
FR;12;2022-02-20;0;0;0;0;0;0;0;0;0;0;0;0;0;0;0;0;0;0
FR;12;2022-02-21;0;0;0;0;0;0;0;0;0;0;0;0;0;0;0;0;0;0
FR;12;2022-02-22;0;0;0;0;0;0;0;0;0;0;0;0;0;0;0;0;0;0
FR;12;2022-02-23;0;0;0;0;0;0;0;0;0;0;0;0;0;0;0;0;0;0
FR;12;2022-02-24;0;0;0;0;0;0;0;0;0;0;0;0;0;0;0;0;0;0
FR;12;2022-02-25;0;0;0;0;0;0;0;0;0;0;0;0;0;0;0;0;0;0
FR;12;2022-02-26;0;0;0;0;0;0;0;0;0;0;0;0;0;0;0;0;0;0
FR;12;2022-02-27;0;0;0;0;0;0;0;0;0;0;0;0;0;0;0;0;0;0
FR;12;2022-02-28;0;0;0;0;0;0;0;0;0;0;0;0;0;0;0;0;0;0
FR;12;2022-03-01;0;0;0;0;0;0;0;0;0;0;0;0;0;0;0;0;0;0
FR;12;2022-03-02;0;0;0;0;0;0;0;0;0;0;0;0;0;0;0;0;0;0
FR;12;2022-03-03;0;0;0;0;0;0;0;0;0;0;0;0;0;0;0;0;0;0
FR;12;2022-03-04;0;0;0;0;0;0;0;0;0;0;0;0;0;0;0;0;0;0
FR;12;2022-03-05;0;0;0;0;0;0;0;0;0;0;0;0;0;0;0;0;0;0
FR;12;2022-03-06;0;0;0;0;0;0;0;0;0;0;0;0;0;0;0;0;0;0
FR;12;2022-03-07;0;0;0;0;0;0;0;0;0;0;0;0;0;0;0;0;0;0
FR;12;2022-03-08;0;0;0;0;0;0;0;0;0;0;0;0;0;0;0;0;0;0
FR;12;2022-03-09;0;0;0;0;0;0;0;0;0;0;0;0;0;0;0;0;0;0
FR;12;2022-03-10;0;0;0;0;0;0;0;0;0;0;0;0;0;0;0;0;0;0
FR;12;2022-03-11;0;0;0;0;0;0;0;0;0;0;0;0;0;0;0;0;0;0
FR;12;2022-03-12;0;0;0;0;0;0;0;0;0;0;0;0;0;0;0;0;0;0
FR;12;2022-03-13;0;0;0;0;0;0;0;0;0;0;0;0;0;0;0;0;0;0
FR;12;2022-03-14;0;0;0;0;0;0;0;0;0;0;0;0;0;0;0;0;0;0
FR;12;2022-03-15;0;0;0;0;0;0;0;0;0;0;0;0;0;0;0;0;0;0
FR;12;2022-03-16;0;0;0;0;0;0;0;0;0;0;0;0;0;0;0;0;0;0
FR;12;2022-03-17;0;0;0;0;0;0;0;0;0;0;0;0;0;0;0;0;0;0
FR;12;2022-03-18;0;0;0;0;0;0;0;0;0;0;0;0;0;0;0;0;0;0
FR;12;2022-03-19;0;0;0;0;0;0;0;0;0;0;0;0;0;0;0;0;0;0
FR;12;2022-03-20;0;0;0;0;0;0;0;0;0;0;0;0;0;0;0;0;0;0
FR;12;2022-03-21;0;0;0;0;0;0;0;0;0;0;0;0;0;0;0;0;0;0
FR;12;2022-03-22;0;0;0;0;0;0;0;0;0;0;0;0;0;0;0;0;0;0
FR;12;2022-03-23;0;0;0;0;0;0;0;0;0;0;0;0;0;0;0;0;0;0
FR;12;2022-03-24;0;0;0;0;0;0;0;0;0;0;0;0;0;0;0;0;0;0
FR;12;2022-03-25;0;0;0;0;0;0;0;0;0;0;0;0;0;0;0;0;0;0
FR;12;2022-03-26;0;0;0;0;0;0;0;0;0;0;0;0;0;0;0;0;0;0
FR;12;2022-03-27;0;0;0;0;0;0;0;0;0;0;0;0;0;0;0;0;0;0
FR;12;2022-03-28;0;0;0;0;0;0;0;0;0;0;0;0;0;0;0;0;0;0
FR;12;2022-03-29;0;0;0;0;0;0;0;0;0;0;0;0;0;0;0;0;0;0
FR;12;2022-03-30;0;0;0;0;0;0;0;0;0;0;0;0;0;0;0;0;0;0
FR;12;2022-03-31;0;0;0;0;0;0;0;0;0;0;0;0;0;0;0;0;0;0
FR;12;2022-04-01;0;0;0;0;0;0;0;0;0;0;0;0;0;0;0;0;0;0
FR;12;2022-04-02;0;0;0;0;0;0;0;0;0;0;0;0;0;0;0;0;0;0
FR;12;2022-04-03;0;0;0;0;0;0;0;0;0;0;0;0;0;0;0;0;0;0
FR;12;2022-04-04;0;0;0;0;0;0;0;0;0;0;0;0;0;0;0;0;0;0
FR;12;2022-04-05;0;0;0;0;0;0;0;0;0;0;0;0;0;0;0;0;0;0
FR;12;2022-04-06;0;0;0;0;0;0;0;0;0;0;0;0;0;0;0;0;0;0
FR;12;2022-04-07;0;0;0;0;0;0;0;0;0;0;0;0;0;0;0;0;0;0
FR;12;2022-04-08;0;0;0;0;0;0;0;0;0;0;0;0;0;0;0;0;0;0
FR;12;2022-04-09;0;0;0;0;0;0;0;0;0;0;0;0;0;0;0;0;0;0
FR;12;2022-04-10;0;0;0;0;0;0;0;0;0;0;0;0;0;0;0;0;0;0
FR;12;2022-04-11;0;0;0;0;0;0;0;0;0;0;0;0;0;0;0;0;0;0
FR;12;2022-04-12;0;0;0;0;0;0;0;0;0;0;0;0;0;0;0;0;0;0
FR;12;2022-04-13;0;0;0;0;0;0;0;0;0;0;0;0;0;0;0;0;0;0
FR;12;2022-04-14;0;0;0;0;0;0;0;0;0;0;0;0;0;0;0;0;0;0
FR;12;2022-04-15;0;0;0;0;0;0;0;0;0;0;0;0;0;0;0;0;0;0
FR;12;2022-04-16;0;0;0;0;0;0;0;0;0;0;0;0;0;0;0;0;0;0
FR;12;2022-04-17;0;0;0;0;0;0;0;0;0;0;0;0;0;0;0;0;0;0
FR;12;2022-04-18;0;0;0;0;0;0;0;0;0;0;0;0;0;0;0;0;0;0
FR;12;2022-04-19;0;0;0;0;0;0;0;0;0;0;0;0;0;0;0;0;0;0
FR;12;2022-04-20;0;0;0;0;0;0;0;0;0;0;0;0;0;0;0;0;0;0
FR;12;2022-04-21;0;0;0;0;0;0;0;0;0;0;0;0;0;0;0;0;0;0
FR;12;2022-04-22;0;0;0;0;0;0;0;0;0;0;0;0;0;0;0;0;0;0
FR;12;2022-04-23;0;0;0;0;0;0;0;0;0;0;0;0;0;0;0;0;0;0
FR;12;2022-04-24;0;0;0;0;0;0;0;0;0;0;0;0;0;0;0;0;0;0
FR;12;2022-04-25;0;0;0;0;0;0;0;0;0;0;0;0;0;0;0;0;0;0
FR;12;2022-04-26;0;0;0;0;0;0;0;0;0;0;0;0;0;0;0;0;0;0
FR;12;2022-04-27;0;0;0;0;0;0;0;0;0;0;0;0;0;0;0;0;0;0
FR;12;2022-04-28;0;0;0;0;0;0;0;0;0;0;0;0;0;0;0;0;0;0
FR;12;2022-04-29;0;0;0;0;0;0;0;0;0;0;0;0;0;0;0;0;0;0
FR;12;2022-04-30;0;0;0;0;0;0;0;0;0;0;0;0;0;0;0;0;0;0
FR;12;2022-05-01;0;0;0;0;0;0;0;0;0;0;0;0;0;0;0;0;0;0
FR;12;2022-05-02;0;0;0;0;0;0;0;0;0;0;0;0;0;0;0;0;0;0
FR;12;2022-05-03;0;0;0;0;0;0;0;0;0;0;0;0;0;0;0;0;0;0
FR;12;2022-05-04;0;0;0;0;0;0;0;0;0;0;0;0;0;0;0;0;0;0
FR;12;2022-05-05;0;0;0;0;0;0;0;0;0;0;0;0;0;0;0;0;0;0
FR;12;2022-05-06;0;0;0;0;0;0;0;0;0;0;0;0;0;0;0;0;0;0
FR;12;2022-05-07;0;0;0;0;0;0;0;0;0;0;0;0;0;0;0;0;0;0
FR;12;2022-05-08;0;0;0;0;0;0;0;0;0;0;0;0;0;0;0;0;0;0
FR;12;2022-05-09;0;0;0;0;0;0;0;0;0;0;0;0;0;0;0;0;0;0
FR;12;2022-05-10;0;0;0;0;0;0;0;0;0;0;0;0;0;0;0;0;0;0
FR;12;2022-05-11;0;0;0;0;0;0;0;0;0;0;0;0;0;0;0;0;0;0
FR;12;2022-05-12;0;0;0;0;0;0;0;0;0;0;0;0;0;0;0;0;0;0
FR;12;2022-05-13;0;0;0;0;0;0;0;0;0;0;0;0;0;0;0;0;0;0
FR;12;2022-05-14;0;0;0;0;0;0;0;0;0;0;0;0;0;0;0;0;0;0
FR;12;2022-05-15;0;0;0;0;0;0;0;0;0;0;0;0;0;0;0;0;0;0
FR;12;2022-05-16;0;0;0;0;0;0;0;0;0;0;0;0;0;0;0;0;0;0
FR;12;2022-05-17;0;0;0;0;0;0;0;0;0;0;0;0;0;0;0;0;0;0
FR;12;2022-05-18;0;0;0;0;0;0;0;0;0;0;0;0;0;0;0;0;0;0
FR;12;2022-05-19;0;0;0;0;0;0;0;0;0;0;0;0;0;0;0;0;0;0
FR;12;2022-05-20;0;0;0;0;0;0;0;0;0;0;0;0;0;0;0;0;0;0
FR;12;2022-05-21;0;0;0;0;0;0;0;0;0;0;0;0;0;0;0;0;0;0
FR;12;2022-05-22;0;0;0;0;0;0;0;0;0;0;0;0;0;0;0;0;0;0
FR;12;2022-05-23;0;0;0;0;0;0;0;0;0;0;0;0;0;0;0;0;0;0
FR;12;2022-05-24;0;0;0;0;0;0;0;0;0;0;0;0;0;0;0;0;0;0
FR;12;2022-05-25;0;0;0;0;0;0;0;0;0;0;0;0;0;0;0;0;0;0
FR;12;2022-05-26;0;0;0;0;0;0;0;0;0;0;0;0;0;0;0;0;0;0
FR;12;2022-05-27;0;0;0;0;0;0;0;0;0;0;0;0;0;0;0;0;0;0
FR;12;2022-05-28;0;0;0;0;0;0;0;0;0;0;0;0;0;0;0;0;0;0
FR;12;2022-05-29;0;0;0;0;0;0;0;0;0;0;0;0;0;0;0;0;0;0
FR;12;2022-05-30;0;0;0;0;0;0;0;0;0;0;0;0;0;0;0;0;0;0
FR;12;2022-05-31;0;0;0;0;0;0;0;0;0;0;0;0;0;0;0;0;0;0
FR;12;2022-06-01;0;0;0;0;0;0;0;0;0;0;0;0;0;0;0;0;0;0
FR;12;2022-06-02;0;0;0;0;0;0;0;0;0;0;0;0;0;0;0;0;0;0
FR;12;2022-06-03;0;0;0;0;0;0;0;0;0;0;0;0;0;0;0;0;0;0
FR;12;2022-06-04;0;0;0;0;0;0;0;0;0;0;0;0;0;0;0;0;0;0
FR;12;2022-06-05;0;0;0;0;0;0;0;0;0;0;0;0;0;0;0;0;0;0
FR;12;2022-06-06;0;0;0;0;0;0;0;0;0;0;0;0;0;0;0;0;0;0
FR;12;2022-06-07;0;0;0;0;0;0;0;0;0;0;0;0;0;0;0;0;0;0
FR;12;2022-06-08;0;0;0;0;0;0;0;0;0;0;0;0;0;0;0;0;0;0
FR;12;2022-06-09;0;0;0;0;0;0;0;0;0;0;0;0;0;0;0;0;0;0
FR;12;2022-06-10;0;0;0;0;0;0;0;0;0;0;0;0;0;0;0;0;0;0
FR;12;2022-06-11;0;0;0;0;0;0;0;0;0;0;0;0;0;0;0;0;0;0
FR;12;2022-06-12;0;0;0;0;0;0;0;0;0;0;0;0;0;0;0;0;0;0
FR;12;2022-06-13;0;0;0;0;0;0;0;0;0;0;0;0;0;0;0;0;0;0
FR;12;2022-06-14;0;0;0;0;0;0;0;0;0;0;0;0;0;0;0;0;0;0
FR;12;2022-06-15;0;0;0;0;0;0;0;0;0;0;0;0;0;0;0;0;0;0
FR;12;2022-06-16;0;0;0;0;0;0;0;0;0;0;0;0;0;0;0;0;0;0
FR;12;2022-06-17;0;0;0;0;0;0;0;0;0;0;0;0;0;0;0;0;0;0
FR;12;2022-06-18;0;0;0;0;0;0;0;0;0;0;0;0;0;0;0;0;0;0
FR;12;2022-06-19;0;0;0;0;0;0;0;0;0;0;0;0;0;0;0;0;0;0
FR;12;2022-06-20;0;0;0;0;0;0;0;0;0;0;0;0;0;0;0;0;0;0
FR;12;2022-06-21;0;0;0;0;0;0;0;0;0;0;0;0;0;0;0;0;0;0
FR;12;2022-06-22;0;0;0;0;0;0;0;0;0;0;0;0;0;0;0;0;0;0
FR;12;2022-06-23;0;0;0;0;0;0;0;0;0;0;0;0;0;0;0;0;0;0
FR;12;2022-06-24;0;0;0;0;0;0;0;0;0;0;0;0;0;0;0;0;0;0
FR;12;2022-06-25;0;0;0;0;0;0;0;0;0;0;0;0;0;0;0;0;0;0
FR;12;2022-06-26;0;0;0;0;0;0;0;0;0;0;0;0;0;0;0;0;0;0
FR;12;2022-06-27;0;0;0;0;0;0;0;0;0;0;0;0;0;0;0;0;0;0
FR;12;2022-06-28;0;0;0;0;0;0;0;0;0;0;0;0;0;0;0;0;0;0
FR;12;2022-06-29;0;0;0;0;0;0;0;0;0;0;0;0;0;0;0;0;0;0
FR;12;2022-06-30;0;0;0;0;0;0;0;0;0;0;0;0;0;0;0;0;0;0
FR;12;2022-07-01;0;0;0;0;0;0;0;0;0;0;0;0;0;0;0;0;0;0
FR;12;2022-07-02;0;0;0;0;0;0;0;0;0;0;0;0;0;0;0;0;0;0
FR;12;2022-07-03;0;0;0;0;0;0;0;0;0;0;0;0;0;0;0;0;0;0
FR;12;2022-07-04;0;0;0;0;0;0;0;0;0;0;0;0;0;0;0;0;0;0
FR;12;2022-07-05;0;0;0;0;0;0;0;0;0;0;0;0;0;0;0;0;0;0
FR;12;2022-07-06;0;0;0;0;0;0;0;0;0;0;0;0;0;0;0;0;0;0
FR;12;2022-07-07;0;0;0;0;0;0;0;0;0;0;0;0;0;0;0;0;0;0
FR;12;2022-07-08;0;0;0;0;0;0;0;0;0;0;0;0;0;0;0;0;0;0
FR;12;2022-07-09;0;0;0;0;0;0;0;0;0;0;0;0;0;0;0;0;0;0
FR;12;2022-07-10;0;0;0;0;0;0;0;0;0;0;0;0;0;0;0;0;0;0
FR;12;2022-07-11;0;0;0;0;0;0;0;0;0;0;0;0;0;0;0;0;0;0
FR;12;2022-07-12;0;0;0;0;0;0;0;0;0;0;0;0;0;0;0;0;0;0
FR;12;2022-07-13;0;0;0;0;0;0;0;0;0;0;0;0;0;0;0;0;0;0
FR;12;2022-07-14;0;0;0;0;0;0;0;0;0;0;0;0;0;0;0;0;0;0
FR;12;2022-07-15;0;0;0;0;0;0;0;0;0;0;0;0;0;0;0;0;0;0
FR;12;2022-07-16;0;0;0;0;0;0;0;0;0;0;0;0;0;0;0;0;0;0
FR;12;2022-07-17;0;0;0;0;0;0;0;0;0;0;0;0;0;0;0;0;0;0
FR;12;2022-07-18;0;0;0;0;0;0;0;0;0;0;0;0;0;0;0;0;0;0
FR;12;2022-07-19;0;0;0;0;0;0;0;0;0;0;0;0;0;0;0;0;0;0
FR;12;2022-07-20;0;0;0;0;0;0;0;0;0;0;0;0;0;0;0;0;0;0
FR;12;2022-07-21;0;0;0;0;0;0;0;0;0;0;0;0;0;0;0;0;0;0
FR;12;2022-07-22;0;0;0;0;0;0;0;0;0;0;0;0;0;0;0;0;0;0
FR;12;2022-07-23;0;0;0;0;0;0;0;0;0;0;0;0;0;0;0;0;0;0
FR;12;2022-07-24;0;0;0;0;0;0;0;0;0;0;0;0;0;0;0;0;0;0
FR;12;2022-07-25;0;0;0;0;0;0;0;0;0;0;0;0;0;0;0;0;0;0
FR;12;2022-07-26;0;0;0;0;0;0;0;0;0;0;0;0;0;0;0;0;0;0
FR;12;2022-07-27;0;0;0;0;0;0;0;0;0;0;0;0;0;0;0;0;0;0
FR;12;2022-07-28;0;0;0;0;0;0;0;0;0;0;0;0;0;0;0;0;0;0
FR;12;2022-07-29;0;0;0;0;0;0;0;0;0;0;0;0;0;0;0;0;0;0
FR;12;2022-07-30;0;0;0;0;0;0;0;0;0;0;0;0;0;0;0;0;0;0
FR;12;2022-07-31;0;0;0;0;0;0;0;0;0;0;0;0;0;0;0;0;0;0
FR;12;2022-08-01;0;0;0;0;0;0;0;0;0;0;0;0;0;0;0;0;0;0
FR;12;2022-08-02;0;0;0;0;0;0;0;0;0;0;0;0;0;0;0;0;0;0
FR;12;2022-08-03;0;0;0;0;0;0;0;0;0;0;0;0;0;0;0;0;0;0
FR;12;2022-08-04;0;0;0;0;0;0;0;0;0;0;0;0;0;0;0;0;0;0
FR;12;2022-08-05;0;0;0;0;0;0;0;0;0;0;0;0;0;0;0;0;0;0
FR;12;2022-08-06;0;0;0;0;0;0;0;0;0;0;0;0;0;0;0;0;0;0
FR;12;2022-08-07;0;0;0;0;0;0;0;0;0;0;0;0;0;0;0;0;0;0
FR;12;2022-08-08;0;0;0;0;0;0;0;0;0;0;0;0;0;0;0;0;0;0
FR;12;2022-08-09;0;0;0;0;0;0;0;0;0;0;0;0;0;0;0;0;0;0
FR;12;2022-08-10;0;0;0;0;0;0;0;0;0;0;0;0;0;0;0;0;0;0
FR;12;2022-08-11;0;0;0;0;0;0;0;0;0;0;0;0;0;0;0;0;0;0
FR;12;2022-08-12;0;0;0;0;0;0;0;0;0;0;0;0;0;0;0;0;0;0
FR;12;2022-08-13;0;0;0;0;0;0;0;0;0;0;0;0;0;0;0;0;0;0
FR;12;2022-08-14;0;0;0;0;0;0;0;0;0;0;0;0;0;0;0;0;0;0
FR;12;2022-08-15;0;0;0;0;0;0;0;0;0;0;0;0;0;0;0;0;0;0
FR;12;2022-08-16;0;0;0;0;0;0;0;0;0;0;0;0;0;0;0;0;0;0
FR;12;2022-08-17;0;0;0;0;0;0;0;0;0;0;0;0;0;0;0;0;0;0
FR;12;2022-08-18;0;0;0;0;0;0;0;0;0;0;0;0;0;0;0;0;0;0
FR;12;2022-08-19;0;0;0;0;0;0;0;0;0;0;0;0;0;0;0;0;0;0
FR;12;2022-08-20;0;0;0;0;0;0;0;0;0;0;0;0;0;0;0;0;0;0
FR;12;2022-08-21;0;0;0;0;0;0;0;0;0;0;0;0;0;0;0;0;0;0
FR;12;2022-08-22;0;0;0;0;0;0;0;0;0;0;0;0;0;0;0;0;0;0
FR;12;2022-08-23;0;0;0;0;0;0;0;0;0;0;0;0;0;0;0;0;0;0
FR;12;2022-08-24;0;0;0;0;0;0;0;0;0;0;0;0;0;0;0;0;0;0
FR;12;2022-08-25;0;0;0;0;0;0;0;0;0;0;0;0;0;0;0;0;0;0
FR;12;2022-08-26;0;0;0;0;0;0;0;0;0;0;0;0;0;0;0;0;0;0
FR;12;2022-08-27;0;0;0;0;0;0;0;0;0;0;0;0;0;0;0;0;0;0
FR;12;2022-08-28;0;0;0;0;0;0;0;0;0;0;0;0;0;0;0;0;0;0
FR;12;2022-08-29;0;0;0;0;0;0;0;0;0;0;0;0;0;0;0;0;0;0
FR;12;2022-08-30;0;0;0;0;0;0;0;0;0;0;0;0;0;0;0;0;0;0
FR;12;2022-08-31;0;0;0;0;0;0;0;0;0;0;0;0;0;0;0;0;0;0
FR;12;2022-09-01;0;0;0;0;0;0;0;0;0;0;0;0;0;0;0;0;0;0
FR;12;2022-09-02;0;0;0;0;0;0;0;0;0;0;0;0;0;0;0;0;0;0
FR;12;2022-09-03;0;0;0;0;0;0;0;0;0;0;0;0;0;0;0;0;0;0
FR;12;2022-09-04;0;0;0;0;0;0;0;0;0;0;0;0;0;0;0;0;0;0
FR;12;2022-09-05;0;0;0;0;0;0;0;0;0;0;0;0;0;0;0;0;0;0
FR;12;2022-09-06;0;0;0;0;0;0;0;0;0;0;0;0;0;0;0;0;0;0
FR;12;2022-09-07;0;0;0;0;0;0;0;0;0;0;0;0;0;0;0;0;0;0
FR;12;2022-09-08;0;0;0;0;0;0;0;0;0;0;0;0;0;0;0;0;0;0
FR;12;2022-09-09;0;0;0;0;0;0;0;0;0;0;0;0;0;0;0;0;0;0
FR;12;2022-09-10;0;0;0;0;0;0;0;0;0;0;0;0;0;0;0;0;0;0
FR;12;2022-09-11;0;0;0;0;0;0;0;0;0;0;0;0;0;0;0;0;0;0
FR;12;2022-09-12;0;0;0;0;0;0;0;0;0;0;0;0;0;0;0;0;0;0
FR;12;2022-09-13;0;0;0;0;0;0;0;0;0;0;0;0;0;0;0;0;0;0
FR;12;2022-09-14;0;0;0;0;0;0;0;0;0;0;0;0;0;0;0;0;0;0
FR;12;2022-09-15;0;0;0;0;0;0;0;0;0;0;0;0;0;0;0;0;0;0
FR;12;2022-09-16;0;0;0;0;0;0;0;0;0;0;0;0;0;0;0;0;0;0
FR;12;2022-09-17;0;0;0;0;0;0;0;0;0;0;0;0;0;0;0;0;0;0
FR;12;2022-09-18;0;0;0;0;0;0;0;0;0;0;0;0;0;0;0;0;0;0
FR;12;2022-09-19;0;0;0;0;0;0;0;0;0;0;0;0;0;0;0;0;0;0
FR;12;2022-09-20;0;0;0;0;0;0;0;0;0;0;0;0;0;0;0;0;0;0
FR;12;2022-09-21;0;0;0;0;0;0;0;0;0;0;0;0;0;0;0;0;0;0
FR;12;2022-09-22;0;0;0;0;0;0;0;0;0;0;0;0;0;0;0;0;0;0
FR;12;2022-09-23;0;0;0;0;0;0;0;0;0;0;0;0;0;0;0;0;0;0
FR;12;2022-09-24;0;0;0;0;0;0;0;0;0;0;0;0;0;0;0;0;0;0
FR;12;2022-09-25;0;0;0;0;0;0;0;0;0;0;0;0;0;0;0;0;0;0
FR;12;2022-09-26;0;0;0;0;0;0;0;0;0;0;0;0;0;0;0;0;0;0
FR;12;2022-09-27;0;0;0;0;0;0;0;0;0;0;0;0;0;0;0;0;0;0
FR;12;2022-09-28;0;0;0;0;0;0;0;0;0;0;0;0;0;0;0;0;0;0
FR;12;2022-09-29;0;0;0;0;0;0;0;0;0;0;0;0;0;0;0;0;0;0
FR;12;2022-09-30;0;0;0;0;0;0;0;0;0;0;0;0;0;0;0;0;0;0
FR;12;2022-10-01;0;0;0;0;0;0;0;0;0;0;0;0;0;0;0;0;0;0
FR;12;2022-10-02;0;0;0;0;0;0;0;0;0;0;0;0;0;0;0;0;0;0
FR;12;2022-10-03;0;0;0;0;0;0;0;0;0;0;0;0;0;0;0;0;0;0
FR;12;2022-10-04;0;0;0;0;0;0;0;0;0;0;0;0;0;0;0;0;0;0
FR;12;2022-10-05;0;0;0;0;0;0;0;0;0;0;0;0;0;0;0;0;0;0
FR;12;2022-10-06;0;0;0;0;0;0;0;0;0;0;0;0;0;0;0;0;0;0
FR;12;2022-10-07;0;0;0;0;0;0;0;0;0;0;0;0;0;0;0;0;0;0
FR;12;2022-10-08;0;0;0;0;0;0;0;0;0;0;0;0;0;0;0;0;0;0
FR;12;2022-10-09;0;0;0;0;0;0;0;0;0;0;0;0;0;0;0;0;0;0
FR;12;2022-10-10;0;0;0;0;0;0;0;0;0;0;0;0;0;0;0;0;0;0
FR;12;2022-10-11;0;0;0;0;0;0;0;0;0;0;0;0;0;0;0;0;0;0
FR;12;2022-10-12;0;0;0;0;0;0;0;0;0;0;0;0;0;0;0;0;0;0
FR;12;2022-10-13;0;0;0;0;0;0;0;0;0;0;0;0;0;0;0;0;0;0
FR;12;2022-10-14;0;0;0;0;0;0;0;0;0;0;0;0;0;0;0;0;0;0
FR;12;2022-10-15;0;0;0;0;0;0;0;0;0;0;0;0;0;0;0;0;0;0
FR;12;2022-10-16;0;0;0;0;0;0;0;0;0;0;0;0;0;0;0;0;0;0
FR;12;2022-10-17;0;0;0;0;0;0;0;0;0;0;0;0;0;0;0;0;0;0
FR;12;2022-10-18;0;0;0;0;0;0;0;0;0;0;0;0;0;0;0;0;0;0
FR;12;2022-10-19;0;0;0;0;0;0;0;0;0;0;0;0;0;0;0;0;0;0
FR;12;2022-10-20;0;0;0;0;0;0;0;0;0;0;0;0;0;0;0;0;0;0
FR;12;2022-10-21;0;0;0;0;0;0;0;0;0;0;0;0;0;0;0;0;0;0
FR;12;2022-10-22;0;0;0;0;0;0;0;0;0;0;0;0;0;0;0;0;0;0
FR;12;2022-10-23;0;0;0;0;0;0;0;0;0;0;0;0;0;0;0;0;0;0
FR;12;2022-10-24;0;0;0;0;0;0;0;0;0;0;0;0;0;0;0;0;0;0
FR;12;2022-10-25;0;0;0;0;0;0;0;0;0;0;0;0;0;0;0;0;0;0
FR;12;2022-10-26;0;0;0;0;0;0;0;0;0;0;0;0;0;0;0;0;0;0
FR;12;2022-10-27;0;0;0;0;0;0;0;0;0;0;0;0;0;0;0;0;0;0
FR;12;2022-10-28;0;0;0;0;0;0;0;0;0;0;0;0;0;0;0;0;0;0
FR;12;2022-10-29;0;0;0;0;0;0;0;0;0;0;0;0;0;0;0;0;0;0
FR;12;2022-10-30;0;0;0;0;0;0;0;0;0;0;0;0;0;0;0;0;0;0
FR;12;2022-10-31;0;0;0;0;0;0;0;0;0;0;0;0;0;0;0;0;0;0
FR;12;2022-11-01;0;0;0;0;0;0;0;0;0;0;0;0;0;0;0;0;0;0
FR;12;2022-11-02;0;0;0;0;0;0;0;0;0;0;0;0;0;0;0;0;0;0
FR;12;2022-11-03;0;0;0;0;0;0;0;0;0;0;0;0;0;0;0;0;0;0
FR;12;2022-11-04;0;0;0;0;0;0;0;0;0;0;0;0;0;0;0;0;0;0
FR;12;2022-11-05;0;0;0;0;0;0;0;0;0;0;0;0;0;0;0;0;0;0
FR;12;2022-11-06;0;0;0;0;0;0;0;0;0;0;0;0;0;0;0;0;0;0
FR;12;2022-11-07;0;0;0;0;0;0;0;0;0;0;0;0;0;0;0;0;0;0
FR;12;2022-11-08;0;0;0;0;0;0;0;0;0;0;0;0;0;0;0;0;0;0
FR;12;2022-11-09;0;0;0;0;0;0;0;0;0;0;0;0;0;0;0;0;0;0
FR;12;2022-11-10;0;0;0;0;0;0;0;0;0;0;0;0;0;0;0;0;0;0
FR;12;2022-11-11;0;0;0;0;0;0;0;0;0;0;0;0;0;0;0;0;0;0
FR;12;2022-11-12;0;0;0;0;0;0;0;0;0;0;0;0;0;0;0;0;0;0
FR;12;2022-11-13;0;0;0;0;0;0;0;0;0;0;0;0;0;0;0;0;0;0
FR;12;2022-11-14;0;0;0;0;0;0;0;0;0;0;0;0;0;0;0;0;0;0
FR;12;2022-11-15;0;0;0;0;0;0;0;0;0;0;0;0;0;0;0;0;0;0
FR;12;2022-11-16;0;0;0;0;0;0;0;0;0;0;0;0;0;0;0;0;0;0
FR;12;2022-11-17;0;0;0;0;0;0;0;0;0;0;0;0;0;0;0;0;0;0
FR;12;2022-11-18;0;0;0;0;0;0;0;0;0;0;0;0;0;0;0;0;0;0
FR;12;2022-11-19;0;0;0;0;0;0;0;0;0;0;0;0;0;0;0;0;0;0
FR;12;2022-11-20;0;0;0;0;0;0;0;0;0;0;0;0;0;0;0;0;0;0
FR;12;2022-11-21;0;0;0;0;0;0;0;0;0;0;0;0;0;0;0;0;0;0
FR;12;2022-11-22;0;0;0;0;0;0;0;0;0;0;0;0;0;0;0;0;0;0
FR;12;2022-11-23;0;0;0;0;0;0;0;0;0;0;0;0;0;0;0;0;0;0
FR;12;2022-11-24;0;0;0;0;0;0;0;0;0;0;0;0;0;0;0;0;0;0
FR;12;2022-11-25;0;0;0;0;0;0;0;0;0;0;0;0;0;0;0;0;0;0
FR;12;2022-11-26;0;0;0;0;0;0;0;0;0;0;0;0;0;0;0;0;0;0
FR;12;2022-11-27;0;0;0;0;0;0;0;0;0;0;0;0;0;0;0;0;0;0
FR;12;2022-11-28;0;0;0;0;0;0;0;0;0;0;0;0;0;0;0;0;0;0
FR;12;2022-11-29;0;0;0;0;0;0;0;0;0;0;0;0;0;0;0;0;0;0
FR;12;2022-11-30;0;0;0;0;0;0;0;0;0;0;0;0;0;0;0;0;0;0
FR;12;2022-12-01;0;0;0;0;0;0;0;0;0;0;0;0;0;0;0;0;0;0
FR;12;2022-12-02;0;0;0;0;0;0;0;0;0;0;0;0;0;0;0;0;0;0
FR;12;2022-12-03;0;0;0;0;0;0;0;0;0;0;0;0;0;0;0;0;0;0
FR;12;2022-12-04;0;0;0;0;0;0;0;0;0;0;0;0;0;0;0;0;0;0
FR;12;2022-12-05;0;0;0;0;0;0;0;0;0;0;0;0;0;0;0;0;0;0
FR;12;2022-12-06;0;0;0;0;0;0;0;0;0;0;0;0;0;0;0;0;0;0
FR;12;2022-12-07;0;0;0;0;0;0;0;0;0;0;0;0;0;0;0;0;0;0
FR;12;2022-12-08;0;0;0;0;0;0;0;0;0;0;0;0;0;0;0;0;0;0
FR;12;2022-12-09;0;0;0;0;0;0;0;0;0;0;0;0;0;0;0;0;0;0
FR;12;2022-12-10;0;0;0;0;0;0;0;0;0;0;0;0;0;0;0;0;0;0
FR;12;2022-12-11;0;0;0;0;0;0;0;0;0;0;0;0;0;0;0;0;0;0
FR;12;2022-12-12;0;0;0;0;0;0;0;0;0;0;0;0;0;0;0;0;0;0
FR;12;2022-12-13;0;0;0;0;0;0;0;0;0;0;0;0;0;0;0;0;0;0
FR;12;2022-12-14;0;0;0;0;0;0;0;0;0;0;0;0;0;0;0;0;0;0
FR;12;2022-12-15;0;0;0;0;0;0;0;0;0;0;0;0;0;0;0;0;0;0
FR;12;2022-12-16;0;0;0;0;0;0;0;0;0;0;0;0;0;0;0;0;0;0
FR;12;2022-12-17;0;0;0;0;0;0;0;0;0;0;0;0;0;0;0;0;0;0
FR;12;2022-12-18;0;0;0;0;0;0;0;0;0;0;0;0;0;0;0;0;0;0
FR;12;2022-12-19;0;0;0;0;0;0;0;0;0;0;0;0;0;0;0;0;0;0
FR;12;2022-12-20;0;0;0;0;0;0;0;0;0;0;0;0;0;0;0;0;0;0
FR;12;2022-12-21;0;0;0;0;0;0;0;0;0;0;0;0;0;0;0;0;0;0
FR;12;2022-12-22;0;0;0;0;0;0;0;0;0;0;0;0;0;0;0;0;0;0
FR;12;2022-12-23;0;0;0;0;0;0;0;0;0;0;0;0;0;0;0;0;0;0
FR;12;2022-12-24;0;0;0;0;0;0;0;0;0;0;0;0;0;0;0;0;0;0
FR;12;2022-12-25;0;0;0;0;0;0;0;0;0;0;0;0;0;0;0;0;0;0
FR;12;2022-12-26;0;0;0;0;0;0;0;0;0;0;0;0;0;0;0;0;0;0
FR;12;2022-12-27;0;0;0;0;0;0;0;0;0;0;0;0;0;0;0;0;0;0
FR;12;2022-12-28;0;0;0;0;0;0;0;0;0;0;0;0;0;0;0;0;0;0
FR;12;2022-12-29;0;0;0;0;0;0;0;0;0;0;0;0;0;0;0;0;0;0
FR;12;2022-12-30;0;0;0;0;0;0;0;0;0;0;0;0;0;0;0;0;0;0
FR;12;2022-12-31;0;0;0;0;0;0;0;0;0;0;0;0;0;0;0;0;0;0
FR;12;2023-01-01;0;0;0;0;0;0;0;0;0;0;0;0;0;0;0;0;0;0
FR;12;2023-01-02;0;0;0;0;0;0;0;0;0;0;0;0;0;0;0;0;0;0
FR;12;2023-01-03;0;0;0;0;0;0;0;0;0;0;0;0;0;0;0;0;0;0
FR;12;2023-01-04;0;0;0;0;0;0;0;0;0;0;0;0;0;0;0;0;0;0
FR;12;2023-01-05;0;0;0;0;0;0;0;0;0;0;0;0;0;0;0;0;0;0
FR;12;2023-01-06;0;0;0;0;0;0;0;0;0;0;0;0;0;0;0;0;0;0
FR;12;2023-01-07;0;0;0;0;0;0;0;0;0;0;0;0;0;0;0;0;0;0
FR;12;2023-01-08;0;0;0;0;0;0;0;0;0;0;0;0;0;0;0;0;0;0
FR;12;2023-01-09;0;0;0;0;0;0;0;0;0;0;0;0;0;0;0;0;0;0
FR;12;2023-01-10;0;0;0;0;0;0;0;0;0;0;0;0;0;0;0;0;0;0
FR;12;2023-01-11;0;0;0;0;0;0;0;0;0;0;0;0;0;0;0;0;0;0
FR;12;2023-01-12;0;0;0;0;0;0;0;0;0;0;0;0;0;0;0;0;0;0
FR;12;2023-01-13;0;0;0;0;0;0;0;0;0;0;0;0;0;0;0;0;0;0
FR;12;2023-01-14;0;0;0;0;0;0;0;0;0;0;0;0;0;0;0;0;0;0
FR;12;2023-01-15;0;0;0;0;0;0;0;0;0;0;0;0;0;0;0;0;0;0
FR;12;2023-01-16;0;0;0;0;0;0;0;0;0;0;0;0;0;0;0;0;0;0
FR;12;2023-01-17;0;0;0;0;0;0;0;0;0;0;0;0;0;0;0;0;0;0
FR;12;2023-01-18;0;0;0;0;0;0;0;0;0;0;0;0;0;0;0;0;0;0
FR;12;2023-01-19;0;0;0;0;0;0;0;0;0;0;0;0;0;0;0;0;0;0
FR;12;2023-01-20;0;0;0;0;0;0;0;0;0;0;0;0;0;0;0;0;0;0
FR;12;2023-01-21;0;0;0;0;0;0;0;0;0;0;0;0;0;0;0;0;0;0
FR;12;2023-01-22;0;0;0;0;0;0;0;0;0;0;0;0;0;0;0;0;0;0
FR;12;2023-01-23;0;0;0;0;0;0;0;0;0;0;0;0;0;0;0;0;0;0
FR;12;2023-01-24;0;0;0;0;0;0;0;0;0;0;0;0;0;0;0;0;0;0
FR;12;2023-01-25;0;0;0;0;0;0;0;0;0;0;0;0;0;0;0;0;0;0
FR;12;2023-01-26;0;0;0;0;0;0;0;0;0;0;0;0;0;0;0;0;0;0
FR;12;2023-01-27;0;0;0;0;0;0;0;0;0;0;0;0;0;0;0;0;0;0
FR;12;2023-01-28;0;0;0;0;0;0;0;0;0;0;0;0;0;0;0;0;0;0
FR;12;2023-01-29;0;0;0;0;0;0;0;0;0;0;0;0;0;0;0;0;0;0
FR;12;2023-01-30;0;0;0;0;0;0;0;0;0;0;0;0;0;0;0;0;0;0
FR;12;2023-01-31;0;0;0;0;0;0;0;0;0;0;0;0;0;0;0;0;0;0
FR;12;2023-02-01;0;0;0;0;0;0;0;0;0;0;0;0;0;0;0;0;0;0
FR;12;2023-02-02;0;0;0;1;0;0;0;2;2;0;0;0;1;0;0;0;2;2
FR;12;2023-02-03;0;1;6;57;0;4;58;141;77;0;1;6;58;0;4;58;143;79
FR;12;2023-02-04;1;3;6;51;1;5;52;110;52;1;4;12;109;1;9;110;253;131
FR;12;2023-02-05;0;0;0;0;0;0;0;1;1;1;4;12;109;1;9;110;254;132
FR;12;2023-02-06;3;2;13;63;0;11;69;154;69;4;6;25;172;1;20;179;408;201
FR;12;2023-02-07;2;7;18;95;4;13;98;237;121;6;13;43;267;5;33;277;645;322
FR;12;2023-02-08;1;3;10;62;1;10;69;170;89;7;16;53;329;6;43;346;815;411
FR;12;2023-02-09;5;3;12;75;2;13;78;284;190;12;19;65;404;8;56;424;1099;601
FR;12;2023-02-10;4;2;22;140;4;12;150;327;162;16;21;87;544;12;68;574;1426;763
FR;12;2023-02-11;0;2;8;59;1;3;58;123;60;16;23;95;603;13;71;632;1549;823
FR;12;2023-02-12;0;0;0;3;0;0;3;7;3;16;23;95;606;13;71;635;1556;826
FR;12;2023-02-13;0;0;17;78;0;8;85;217;114;16;23;112;684;13;79;720;1773;940
FR;12;2023-02-14;3;5;17;96;5;14;99;229;108;19;28;129;780;18;93;819;2002;1048
FR;12;2023-02-15;3;5;19;85;0;13;86;236;132;22;33;148;865;18;106;905;2238;1180
FR;12;2023-02-16;5;3;16;107;3;13;103;247;129;27;36;164;972;21;119;1008;2485;1309
FR;12;2023-02-17;2;4;12;115;3;11;110;280;153;29;40;176;1087;24;130;1118;2765;1462
FR;12;2023-02-18;1;4;10;51;2;12;52;102;36;30;44;186;1138;26;142;1170;2867;1498
FR;12;2023-02-19;0;0;0;2;0;0;1;2;1;30;44;186;1140;26;142;1171;2869;1499
FR;12;2023-02-20;10;2;11;65;6;11;69;219;132;40;46;197;1205;32;153;1240;3088;1631
FR;12;2023-02-21;6;6;19;98;4;14;94;280;167;46;52;216;1303;36;167;1334;3368;1798
FR;12;2023-02-22;2;4;19;74;2;20;78;231;125;48;56;235;1377;38;187;1412;3599;1923
FR;12;2023-02-23;4;3;20;88;2;16;87;265;155;52;59;255;1465;40;203;1499;3864;2078
FR;12;2023-02-24;3;7;20;135;3;17;142;360;189;55;66;275;1600;43;220;1641;4224;2267
FR;12;2023-02-25;7;1;19;92;1;10;106;200;77;62;67;294;1692;44;230;1747;4424;2344
FR;12;2023-02-26;0;0;0;0;0;0;0;2;2;62;67;294;1692;44;230;1747;4426;2346
FR;12;2023-02-27;6;10;20;92;8;16;95;270;156;68;77;314;1784;52;246;1842;4696;2502
FR;12;2023-02-28;6;9;21;125;0;23;128;385;227;74;86;335;1909;52;269;1970;5081;2729
FR;12;2023-03-01;3;7;23;78;2;18;91;292;175;77;93;358;1987;54;287;2061;5373;2904
FR;12;2023-03-02;9;9;21;110;6;18;117;304;163;86;102;379;2097;60;305;2178;5677;3067
FR;12;2023-03-03;10;8;45;142;7;39;148;418;220;96;110;424;2239;67;344;2326;6095;3287
FR;12;2023-03-04;3;2;12;55;0;10;53;119;49;99;112;436;2294;67;354;2379;6214;3336
FR;12;2023-03-05;0;1;1;2;1;1;2;8;5;99;113;437;2296;68;355;2381;6222;3341
FR;12;2023-03-06;4;5;27;74;2;20;82;268;157;103;118;464;2370;70;375;2463;6490;3498
FR;12;2023-03-07;6;10;29;130;9;24;132;356;191;109;128;493;2500;79;399;2595;6846;3689
FR;12;2023-03-08;4;7;27;71;5;22;77;249;137;113;135;520;2571;84;421;2672;7095;3826
FR;12;2023-03-09;4;8;18;91;4;22;85;323;197;117;143;538;2662;88;443;2757;7418;4023
FR;12;2023-03-10;11;7;23;137;9;23;133;368;209;128;150;561;2799;97;466;2890;7786;4232
FR;12;2023-03-11;1;4;15;45;4;9;50;132;72;129;154;576;2844;101;475;2940;7918;4304
FR;12;2023-03-12;0;2;0;2;0;2;1;5;2;129;156;576;2846;101;477;2941;7923;4306
FR;12;2023-03-13;3;4;32;102;1;28;104;297;158;132;160;608;2948;102;505;3045;8220;4464
FR;12;2023-03-14;3;7;16;85;2;15;83;322;210;135;167;624;3033;104;520;3128;8542;4674
FR;12;2023-03-15;1;4;20;66;2;19;69;225;124;136;171;644;3099;106;539;3197;8767;4798
FR;12;2023-03-16;5;5;20;100;5;13;116;300;157;141;176;664;3199;111;552;3313;9067;4955
FR;12;2023-03-17;4;11;30;112;4;28;113;388;224;145;187;694;3311;115;580;3426;9455;5179
FR;12;2023-03-18;1;4;21;53;4;17;59;144;64;146;191;715;3364;119;597;3485;9599;5243
FR;12;2023-03-19;0;0;0;6;0;0;5;10;5;146;191;715;3370;119;597;3490;9609;5248
FR;12;2023-03-20;9;8;27;87;7;23;90;258;134;155;199;742;3457;126;620;3580;9867;5382
FR;12;2023-03-21;2;7;42;81;3;36;93;355;209;157;206;784;3538;129;656;3673;10222;5591
FR;12;2023-03-22;6;4;36;50;5;29;58;241;139;163;210;820;3588;134;685;3731;10463;5730
FR;12;2023-03-23;3;8;26;80;5;25;82;264;147;166;218;846;3668;139;710;3813;10727;5877
FR;12;2023-03-24;6;2;25;99;3;22;109;347;203;172;220;871;3767;142;732;3922;11074;6080
FR;12;2023-03-25;7;8;25;61;3;14;75;162;62;179;228;896;3828;145;746;3997;11236;6142
FR;12;2023-03-26;0;1;0;1;1;0;1;7;6;179;229;896;3829;146;746;3998;11243;6148
FR;12;2023-03-27;5;10;28;77;7;23;85;283;159;184;239;924;3906;153;769;4083;11526;6307
FR;12;2023-03-28;2;5;29;95;2;25;91;344;207;186;244;953;4001;155;794;4174;11870;6514
FR;12;2023-03-29;4;8;18;52;5;20;56;201;105;190;252;971;4053;160;814;4230;12071;6619
FR;12;2023-03-30;9;2;27;65;4;19;81;281;168;199;254;998;4118;164;833;4311;12352;6787
FR;12;2023-03-31;4;14;41;120;4;39;126;424;233;203;268;1039;4238;168;872;4437;12776;7020
FR;12;2023-04-01;1;8;17;44;4;13;48;139;63;204;276;1056;4282;172;885;4485;12915;7083
FR;12;2023-04-02;0;1;1;0;0;2;0;5;3;204;277;1057;4282;172;887;4485;12920;7086
FR;12;2023-04-03;5;3;35;90;3;18;112;300;159;209;280;1092;4372;175;905;4597;13220;7245
FR;12;2023-04-04;4;7;22;85;0;26;87;383;247;213;287;1114;4457;175;931;4684;13603;7492
FR;12;2023-04-05;4;9;21;60;5;23;57;229;136;217;296;1135;4517;180;954;4741;13832;7628
FR;12;2023-04-06;10;8;25;57;3;23;67;280;164;227;304;1160;4574;183;977;4808;14112;7792
FR;12;2023-04-07;4;11;29;98;8;25;110;389;221;231;315;1189;4672;191;1002;4918;14501;8013
FR;12;2023-04-08;1;5;11;38;3;9;38;117;56;232;320;1200;4710;194;1011;4956;14618;8069
FR;12;2023-04-09;0;0;2;1;0;1;2;5;2;232;320;1202;4711;194;1012;4958;14623;8071
FR;12;2023-04-10;0;1;2;2;1;0;5;9;4;232;321;1204;4713;195;1012;4963;14632;8075
FR;12;2023-04-11;5;8;27;87;6;16;98;297;161;237;329;1231;4800;201;1028;5061;14929;8236
FR;12;2023-04-12;5;12;16;52;5;23;60;260;154;242;341;1247;4852;206;1051;5121;15189;8390
FR;12;2023-04-13;3;5;22;58;2;17;64;251;140;245;346;1269;4910;208;1068;5185;15440;8530
FR;12;2023-04-14;6;15;21;91;9;18;97;397;248;251;361;1290;5001;217;1086;5282;15837;8778
FR;12;2023-04-15;5;0;14;34;0;8;40;110;49;256;361;1304;5035;217;1094;5322;15947;8827
FR;12;2023-04-16;0;0;1;2;0;0;2;4;2;256;361;1305;5037;217;1094;5324;15951;8829
FR;12;2023-04-17;3;2;18;40;2;19;40;181;97;259;363;1323;5077;219;1113;5364;16132;8926
FR;12;2023-04-18;6;6;18;56;2;14;63;272;144;265;369;1341;5133;221;1127;5427;16404;9070
FR;12;2023-04-19;3;7;11;40;2;11;38;149;81;268;376;1352;5173;223;1138;5465;16553;9151
FR;12;2023-04-20;2;3;15;51;1;11;58;212;117;270;379;1367;5224;224;1149;5523;16765;9268
FR;12;2023-04-21;4;6;25;60;5;19;68;255;148;274;385;1392;5284;229;1168;5591;17020;9416
FR;12;2023-04-22;3;8;11;22;6;9;29;94;36;277;393;1403;5306;235;1177;5620;17114;9452
FR;12;2023-04-23;0;0;1;0;0;1;1;3;1;277;393;1404;5306;235;1178;5621;17117;9453
FR;12;2023-04-24;2;6;11;42;5;11;49;172;99;279;399;1415;5348;240;1189;5670;17289;9552
FR;12;2023-04-25;1;3;15;46;1;15;51;207;120;280;402;1430;5394;241;1204;5721;17496;9672
FR;12;2023-04-26;3;4;16;36;2;14;42;170;88;283;406;1446;5430;243;1218;5763;17666;9760
FR;12;2023-04-27;4;4;13;46;3;13;46;193;108;287;410;1459;5476;246;1231;5809;17859;9868
FR;12;2023-04-28;5;9;24;63;3;24;74;317;181;292;419;1483;5539;249;1255;5883;18176;10049
FR;12;2023-04-29;2;4;10;25;4;6;30;94;44;294;423;1493;5564;253;1261;5913;18270;10093
FR;12;2023-04-30;0;0;0;0;0;0;0;0;0;294;423;1493;5564;253;1261;5913;18270;10093
FR;12;2023-05-01;0;0;0;0;0;0;0;4;3;294;423;1493;5564;253;1261;5913;18274;10096
FR;12;2023-05-02;8;3;12;48;2;15;48;248;128;302;426;1505;5612;255;1276;5961;18522;10224
FR;12;2023-05-03;7;6;10;44;7;9;47;228;122;309;432;1515;5656;262;1285;6008;18750;10346
FR;12;2023-05-04;5;4;20;37;1;17;51;222;110;314;436;1535;5693;263;1302;6059;18972;10456
FR;12;2023-05-05;4;12;18;49;5;19;48;282;149;318;448;1553;5742;268;1321;6107;19254;10605
FR;12;2023-05-06;2;5;7;15;2;11;15;69;29;320;453;1560;5757;270;1332;6122;19323;10634
FR;12;2023-05-07;2;0;1;0;2;1;2;3;0;322;453;1561;5757;272;1333;6124;19326;10634
FR;12;2023-05-08;0;1;1;0;1;0;1;5;2;322;454;1562;5757;273;1333;6125;19331;10636
FR;12;2023-05-09;1;6;11;46;3;14;53;246;119;323;460;1573;5803;276;1347;6178;19577;10755
FR;12;2023-05-10;4;8;10;39;7;13;42;208;105;327;468;1583;5842;283;1360;6220;19785;10860
FR;12;2023-05-11;4;6;8;43;4;8;45;208;108;331;474;1591;5885;287;1368;6265;19993;10968
FR;12;2023-05-12;3;3;8;58;1;7;56;308;165;334;477;1599;5943;288;1375;6321;20301;11133
FR;12;2023-05-13;3;3;4;18;1;7;20;75;39;337;480;1603;5961;289;1382;6341;20376;11172
FR;12;2023-05-14;0;0;0;0;0;0;0;1;1;337;480;1603;5961;289;1382;6341;20377;11173
FR;12;2023-05-15;2;1;6;35;2;4;40;203;99;339;481;1609;5996;291;1386;6381;20580;11272
FR;12;2023-05-16;5;9;7;39;4;11;42;268;142;344;490;1616;6035;295;1397;6423;20848;11414
FR;12;2023-05-17;3;7;10;31;5;8;34;194;86;347;497;1626;6066;300;1405;6457;21042;11500
FR;12;2023-05-18;1;0;1;2;0;0;3;4;1;348;497;1627;6068;300;1405;6460;21046;11501
FR;12;2023-05-19;1;4;11;32;3;10;39;173;80;349;501;1638;6100;303;1415;6499;21219;11581
FR;12;2023-05-20;1;3;3;6;2;2;9;51;20;350;504;1641;6106;305;1417;6508;21270;11601
FR;12;2023-05-21;0;3;0;2;0;3;2;10;1;350;507;1641;6108;305;1420;6510;21280;11602
FR;12;2023-05-22;3;5;9;23;1;13;26;135;61;353;512;1650;6131;306;1433;6536;21415;11663
FR;12;2023-05-23;4;5;12;67;4;13;72;251;102;357;517;1662;6198;310;1446;6608;21666;11765
FR;12;2023-05-24;5;5;5;32;4;6;37;169;77;362;522;1667;6230;314;1452;6645;21835;11842
FR;12;2023-05-25;5;3;8;17;2;10;24;173;79;367;525;1675;6247;316;1462;6669;22008;11921
FR;12;2023-05-26;5;9;11;29;9;10;33;248;107;372;534;1686;6276;325;1472;6702;22256;12028
FR;12;2023-05-27;3;2;7;9;1;4;13;68;36;375;536;1693;6285;326;1476;6715;22324;12064
FR;12;2023-05-28;0;0;0;0;0;0;0;1;0;375;536;1693;6285;326;1476;6715;22325;12064
FR;12;2023-05-29;0;2;0;0;1;1;0;1;0;375;538;1693;6285;327;1477;6715;22326;12064
FR;12;2023-05-30;6;5;10;28;2;12;33;240;104;381;543;1703;6313;329;1489;6748;22566;12168
FR;12;2023-05-31;2;5;6;24;6;6;25;165;75;383;548;1709;6337;335;1495;6773;22731;12243
FR;12;2023-06-01;1;2;12;22;2;7;32;220;94;384;550;1721;6359;337;1502;6805;22951;12337
FR;12;2023-06-02;7;2;9;34;1;9;35;309;150;391;552;1730;6393;338;1511;6840;23260;12487
FR;12;2023-06-03;2;2;3;10;1;3;14;86;25;393;554;1733;6403;339;1514;6854;23346;12512
FR;12;2023-06-04;0;0;0;2;0;0;1;5;4;393;554;1733;6405;339;1514;6855;23351;12516
FR;12;2023-06-05;5;4;3;24;2;7;27;233;106;398;558;1736;6429;341;1521;6882;23584;12622
FR;0;2020-12-27;616;0;0;0;55;0;0;0;0;616;0;0;0;55;0;0;0;0
FR;0;2020-12-28;710;1;0;0;44;0;0;0;0;1326;1;0;0;99;0;0;0;0
FR;0;2020-12-29;389;0;0;0;19;0;0;0;0;1715;1;0;0;118;0;0;0;0
FR;0;2020-12-30;456;0;0;0;20;0;0;0;0;2171;1;0;0;138;0;0;0;0
FR;0;2020-12-31;451;1;0;0;21;0;0;0;0;2622;2;0;0;159;0;0;0;0
FR;0;2021-01-01;1199;2;0;0;66;0;0;0;0;3821;4;0;0;225;0;0;0;0
FR;0;2021-01-02;370;4;0;0;29;0;0;0;0;4191;8;0;0;254;0;0;0;0
FR;0;2021-01-03;419;0;0;0;23;0;0;0;0;4610;8;0;0;277;0;0;0;0
FR;0;2021-01-04;2150;5;0;0;51;0;0;0;0;6760;13;0;0;328;0;0;0;0
FR;0;2021-01-05;7794;6;0;0;128;0;0;0;0;14554;19;0;0;456;0;0;0;0
FR;0;2021-01-06;12491;23;0;0;128;0;0;0;0;27045;42;0;0;584;0;0;0;0
FR;0;2021-01-07;29480;24;0;0;159;0;0;0;0;56525;66;0;0;743;0;0;0;0
FR;0;2021-01-08;37170;36;0;0;205;0;0;0;0;93695;102;0;0;948;0;0;0;0
FR;0;2021-01-09;11221;9;0;0;77;0;0;0;0;104916;111;0;0;1025;0;0;0;0
FR;0;2021-01-10;6017;8;0;0;28;0;0;0;0;110933;119;0;0;1053;0;0;0;0
FR;0;2021-01-11;39956;39;0;0;232;0;0;0;0;150889;158;0;0;1285;0;0;0;0
FR;0;2021-01-12;62165;31;0;0;299;0;0;0;0;213054;189;0;0;1584;0;0;0;0
FR;0;2021-01-13;65149;62;0;0;433;0;0;0;0;278203;251;0;0;2017;0;0;0;0
FR;0;2021-01-14;83109;262;0;0;1170;0;0;0;0;361312;513;0;0;3187;0;0;0;0
FR;0;2021-01-15;69039;103;1;0;555;0;0;0;0;430351;616;1;0;3742;0;0;0;0
FR;0;2021-01-16;20219;73;0;0;183;0;0;0;0;450570;689;1;0;3925;0;0;0;0
FR;0;2021-01-17;10993;54;0;0;137;0;0;0;0;461563;743;1;0;4062;0;0;0;0
FR;0;2021-01-18;85924;179;0;0;614;0;0;0;0;547487;922;1;0;4676;0;0;0;0
FR;0;2021-01-19;130616;211;0;0;868;0;0;0;0;678103;1133;1;0;5544;0;0;0;0
FR;0;2021-01-20;137578;197;0;0;837;0;0;0;0;815681;1330;1;0;6381;0;0;0;0
FR;0;2021-01-21;158434;205;0;0;951;0;0;0;0;974115;1535;1;0;7332;0;0;0;0
FR;0;2021-01-22;121090;259;0;0;846;0;0;0;0;1095205;1794;1;0;8178;0;0;0;0
FR;0;2021-01-23;38494;86;0;0;223;0;0;0;0;1133699;1880;1;0;8401;0;0;0;0
FR;0;2021-01-24;9752;131;0;0;196;0;0;0;0;1143451;2011;1;0;8597;0;0;0;0
FR;0;2021-01-25;78257;1458;0;0;1808;0;0;0;0;1221708;3469;1;0;10405;0;0;0;0
FR;0;2021-01-26;100401;3711;1;0;4188;0;0;0;0;1322109;7180;2;0;14593;0;0;0;0
FR;0;2021-01-27;107266;6446;0;0;7162;0;0;0;0;1429375;13626;2;0;21755;0;0;0;0
FR;0;2021-01-28;124384;16428;0;0;17250;0;0;0;0;1553759;30054;2;0;39005;0;0;0;0
FR;0;2021-01-29;92204;18803;0;0;19380;0;0;0;0;1645963;48857;2;0;58385;0;0;0;0
FR;0;2021-01-30;29128;4541;0;0;4678;0;0;0;0;1675091;53398;2;0;63063;0;0;0;0
FR;0;2021-01-31;5240;1900;0;0;1945;0;0;0;0;1680331;55298;2;0;65008;0;0;0;0
FR;0;2021-02-01;53160;23059;0;0;23333;0;0;0;0;1733491;78357;2;0;88341;0;0;0;0
FR;0;2021-02-02;72337;38239;0;0;38731;0;0;0;0;1805828;116596;2;0;127072;0;0;0;0
FR;0;2021-02-03;72328;40303;0;0;40809;0;0;0;0;1878156;156899;2;0;167881;0;0;0;0
FR;0;2021-02-04;82100;55142;0;0;55737;0;0;0;0;1960256;212041;2;0;223618;0;0;0;0
FR;0;2021-02-05;68252;48253;0;0;48691;0;0;0;0;2028508;260294;2;0;272309;0;0;0;0
FR;0;2021-02-06;22949;11436;0;0;11674;0;0;0;0;2051457;271730;2;0;283983;0;0;0;0
FR;0;2021-02-07;5195;6079;0;0;6205;0;0;0;0;2056652;277809;2;0;290188;0;0;0;0
FR;0;2021-02-08;46857;48815;0;0;49304;0;0;0;0;2103509;326624;2;0;339492;0;0;0;0
FR;0;2021-02-09;66051;78478;0;0;79576;0;0;0;0;2169560;405102;2;0;419068;0;0;0;0
FR;0;2021-02-10;71049;83541;0;0;84840;0;0;0;0;2240609;488643;2;0;503908;0;0;0;0
FR;0;2021-02-11;87309;105715;0;0;107664;0;0;0;0;2327918;594358;2;0;611572;0;0;0;0
FR;0;2021-02-12;79358;76076;0;0;77823;0;0;0;0;2407276;670434;2;0;689395;0;0;0;0
FR;0;2021-02-13;22391;19532;0;0;19899;0;0;0;0;2429667;689966;2;0;709294;0;0;0;0
FR;0;2021-02-14;5080;7324;0;0;7452;0;0;0;0;2434747;697290;2;0;716746;0;0;0;0
FR;0;2021-02-15;38132;76803;0;0;77826;0;0;0;0;2472879;774093;2;0;794572;0;0;0;0
FR;0;2021-02-16;50420;99692;0;0;101046;0;0;0;0;2523299;873785;2;0;895618;0;0;0;0
FR;0;2021-02-17;50560;106935;20;0;108387;0;0;0;0;2573859;980720;22;0;1004005;0;0;0;0
FR;0;2021-02-18;69815;123781;0;0;125831;0;0;0;0;2643674;1104501;22;0;1129836;0;0;0;0
FR;0;2021-02-19;65093;92326;1;0;94216;0;0;0;0;2708767;1196827;23;0;1224052;0;0;0;0
FR;0;2021-02-20;18602;28547;0;0;28918;0;0;0;0;2727369;1225374;23;0;1252970;0;0;0;0
FR;0;2021-02-21;3335;6040;0;0;6145;0;0;0;0;2730704;1231414;23;0;1259115;0;0;0;0
FR;0;2021-02-22;37511;73172;2;0;74188;0;0;0;0;2768215;1304586;25;0;1333303;0;0;0;0
FR;0;2021-02-23;53803;85294;1;0;86818;0;0;0;0;2822018;1389880;26;0;1420121;0;0;0;0
FR;0;2021-02-24;60039;82936;1;0;84517;0;0;0;0;2882057;1472816;27;0;1504638;0;0;0;0
FR;0;2021-02-25;100613;91195;1;0;94194;0;0;0;0;2982670;1564011;28;0;1598832;0;0;0;0
FR;0;2021-02-26;113492;70748;1;0;73899;0;0;0;0;3096162;1634759;29;0;1672731;0;0;0;0
FR;0;2021-02-27;52131;22441;1;0;23687;0;0;0;0;3148293;1657200;30;0;1696418;0;0;0;0
FR;0;2021-02-28;6209;4109;2;0;4307;0;0;0;0;3154502;1661309;32;0;1700725;0;0;0;0
FR;0;2021-03-01;65946;54077;1;0;55950;0;0;0;0;3220448;1715386;33;0;1756675;0;0;0;0
FR;0;2021-03-02;101417;67182;3;0;70228;0;0;0;0;3321865;1782568;36;0;1826903;0;0;0;0
FR;0;2021-03-03;116567;65473;0;0;69167;0;0;0;0;3438432;1848041;36;0;1896070;0;0;0;0
FR;0;2021-03-04;163664;72637;3;0;78209;0;0;0;0;3602096;1920678;39;0;1974279;0;0;0;0
FR;0;2021-03-05;200962;62702;3;0;69436;0;0;0;0;3803058;1983380;42;0;2043715;0;0;0;0
FR;0;2021-03-06;207993;17483;3;0;22785;0;0;0;0;4011051;2000863;45;0;2066500;0;0;0;0
FR;0;2021-03-07;121293;3969;1;0;7264;0;0;0;0;4132344;2004832;46;0;2073764;0;0;0;0
FR;0;2021-03-08;107180;49548;2;0;53038;0;0;0;0;4239524;2054380;48;0;2126802;0;0;0;0
FR;0;2021-03-09;172489;56017;2;0;61516;0;0;0;0;4412013;2110397;50;0;2188318;0;0;0;0
FR;0;2021-03-10;179044;57056;5;0;62732;0;0;0;0;4591057;2167453;55;0;2251050;0;0;0;0
FR;0;2021-03-11;242934;64037;2;0;72135;0;0;0;0;4833991;2231490;57;0;2323185;0;0;0;0
FR;0;2021-03-12;294876;53375;1;0;62833;0;0;0;0;5128867;2284865;58;0;2386018;0;0;0;0
FR;0;2021-03-13;231445;15262;1;0;21241;0;0;0;0;5360312;2300127;59;0;2407259;0;0;0;0
FR;0;2021-03-14;63365;3041;1;0;5077;0;0;0;0;5423677;2303168;60;0;2412336;0;0;0;0
FR;0;2021-03-15;158700;31492;3;0;36148;0;0;0;0;5582377;2334660;63;0;2448484;0;0;0;0
FR;0;2021-03-16;141599;38811;6;0;42963;0;0;0;0;5723976;2373471;69;0;2491447;0;0;0;0
FR;0;2021-03-17;150519;37566;4;0;42335;0;0;0;0;5874495;2411037;73;0;2533782;0;0;0;0
FR;0;2021-03-18;167873;44324;5;0;49891;0;0;0;0;6042368;2455361;78;0;2583673;0;0;0;0
FR;0;2021-03-19;230056;36748;2;0;44108;0;0;0;0;6272424;2492109;80;0;2627781;0;0;0;0
FR;0;2021-03-20;166722;11384;1;0;16009;0;0;0;0;6439146;2503493;81;0;2643790;0;0;0;0
FR;0;2021-03-21;49959;2128;1;0;3887;0;0;0;0;6489105;2505621;82;0;2647677;0;0;0;0
FR;0;2021-03-22;170085;33537;2;0;39042;0;0;0;0;6659190;2539158;84;0;2686719;0;0;0;0
FR;0;2021-03-23;250442;42372;1;0;50219;0;0;0;0;6909632;2581530;85;0;2736938;0;0;0;0
FR;0;2021-03-24;256953;43607;0;0;51710;0;0;0;0;7166585;2625137;85;0;2788648;0;0;0;0
FR;0;2021-03-25;341875;45291;5;0;56292;0;0;0;0;7508460;2670428;90;0;2844940;0;0;0;0
FR;0;2021-03-26;358849;41804;5;1;53562;0;0;0;0;7867309;2712232;95;1;2898502;0;0;0;0
FR;0;2021-03-27;195297;16951;1;0;23395;0;0;0;0;8062606;2729183;96;1;2921897;0;0;0;0
FR;0;2021-03-28;59361;4586;3;0;6651;0;0;0;0;8121967;2733769;99;1;2928548;0;0;0;0
FR;0;2021-03-29;203028;53399;4;0;60164;0;0;0;0;8324995;2787168;103;1;2988712;0;0;0;0
FR;0;2021-03-30;285550;70043;5;0;80457;0;0;0;0;8610545;2857211;108;1;3069169;0;0;0;0
FR;0;2021-03-31;263083;74064;4;0;84736;0;0;0;0;8873628;2931275;112;1;3153905;0;0;0;0
FR;0;2021-04-01;315587;92820;11;0;106404;0;0;0;0;9189215;3024095;123;1;3260309;0;0;0;0
FR;0;2021-04-02;281385;94824;7;0;106658;0;0;0;0;9470600;3118919;130;1;3366967;0;0;0;0
FR;0;2021-04-03;141097;62619;6;0;67881;0;0;0;0;9611697;3181538;136;1;3434848;0;0;0;0
FR;0;2021-04-04;46551;19021;2;0;21075;0;0;0;0;9658248;3200559;138;1;3455923;0;0;0;0
FR;0;2021-04-05;63373;10402;11;0;13059;0;0;0;0;9721621;3210961;149;1;3468982;0;0;0;0
FR;0;2021-04-06;217276;113149;17;0;122020;0;0;0;0;9938897;3324110;166;1;3591002;0;0;0;0
FR;0;2021-04-07;260325;115284;17;0;126639;0;0;0;0;10199222;3439394;183;1;3717641;0;0;0;0
FR;0;2021-04-08;337917;123224;15;0;138857;0;0;0;0;10537139;3562618;198;1;3856498;0;0;0;0
FR;0;2021-04-09;410245;116882;49;0;134293;0;0;0;0;10947384;3679500;247;1;3990791;0;0;0;0
FR;0;2021-04-10;212665;82877;15;0;91270;0;0;0;0;11160049;3762377;262;1;4082061;0;0;0;0
FR;0;2021-04-11;56162;34179;7;0;36705;0;0;0;0;11216211;3796556;269;1;4118766;0;0;0;0
FR;0;2021-04-12;237130;115830;46;0;125442;0;0;0;0;11453341;3912386;315;1;4244208;0;0;0;0
FR;0;2021-04-13;309558;144151;98;1;157114;0;0;0;0;11762899;4056537;413;2;4401322;0;0;0;0
FR;0;2021-04-14;294609;139860;215;0;153240;0;0;0;0;12057508;4196397;628;2;4554562;0;0;0;0
FR;0;2021-04-15;337206;150550;340;0;166093;0;0;0;0;12394714;4346947;968;2;4720655;0;0;0;0
FR;0;2021-04-16;339363;147043;354;0;161702;0;0;0;0;12734077;4493990;1322;2;4882357;0;0;0;0
FR;0;2021-04-17;188689;89985;109;0;97685;0;0;0;0;12922766;4583975;1431;2;4980042;0;0;0;0
FR;0;2021-04-18;51645;35461;48;0;37883;0;0;0;0;12974411;4619436;1479;2;5017925;0;0;0;0
FR;0;2021-04-19;205751;138297;457;0;147457;0;0;0;0;13180162;4757733;1936;2;5165382;0;0;0;0
FR;0;2021-04-20;254496;172048;569;0;183708;0;0;0;0;13434658;4929781;2505;2;5349090;0;0;0;0
FR;0;2021-04-21;253346;170237;837;0;182260;0;0;0;0;13688004;5100018;3342;2;5531350;0;0;0;0
FR;0;2021-04-22;287635;190457;820;0;205053;0;0;0;0;13975639;5290475;4162;2;5736403;0;0;0;0
FR;0;2021-04-23;297686;184744;747;0;203505;0;0;0;0;14273325;5475219;4909;2;5939908;0;0;0;0
FR;0;2021-04-24;190483;112059;252;0;122514;0;0;0;0;14463808;5587278;5161;2;6062422;0;0;0;0
FR;0;2021-04-25;69578;38863;51;0;42594;0;0;0;0;14533386;5626141;5212;2;6105016;0;0;0;0
FR;0;2021-04-26;221007;158707;564;0;171908;0;0;0;0;14754393;5784848;5776;2;6276924;0;0;0;0
FR;0;2021-04-27;284658;188074;941;0;211390;0;0;0;0;15039051;5972922;6717;2;6488314;0;0;0;0
FR;0;2021-04-28;299598;184733;1427;1;209813;1;0;0;0;15338649;6157655;8144;3;6698127;1;0;0;0
FR;0;2021-04-29;357220;198329;1281;0;233415;0;0;0;0;15695869;6355984;9425;3;6931542;1;0;0;0
FR;0;2021-04-30;372270;186156;1124;1;225496;0;0;0;0;16068139;6542140;10549;4;7157038;1;0;0;0
FR;0;2021-05-01;167680;52538;179;0;63784;0;0;0;0;16235819;6594678;10728;4;7220822;1;0;0;0
FR;0;2021-05-02;91771;37869;83;0;43598;0;0;0;0;16327590;6632547;10811;4;7264420;1;0;0;0
FR;0;2021-05-03;288988;165111;843;0;185636;0;0;0;0;16616578;6797658;11654;4;7450056;1;0;0;0
FR;0;2021-05-04;315761;225641;1237;0;251814;0;0;0;0;16932339;7023299;12891;4;7701870;1;0;0;0
FR;0;2021-05-05;327323;226690;1316;0;251770;0;0;0;0;17259662;7249989;14207;4;7953640;1;0;0;0
FR;0;2021-05-06;379657;241297;1634;0;275545;0;0;0;0;17639319;7491286;15841;4;8229185;1;0;0;0
FR;0;2021-05-07;372838;258920;1225;0;299977;0;0;0;0;18012157;7750206;17066;4;8529162;1;0;0;0
FR;0;2021-05-08;222192;71526;300;0;86735;0;0;0;0;18234349;7821732;17366;4;8615897;1;0;0;0
FR;0;2021-05-09;129735;44488;243;0;53126;0;0;0;0;18364084;7866220;17609;4;8669023;1;0;0;0
FR;0;2021-05-10;313436;229741;1239;0;255522;0;0;0;0;18677520;8095961;18848;4;8924545;1;0;0;0
FR;0;2021-05-11;403987;258453;1566;0;296882;0;0;0;0;19081507;8354414;20414;4;9221427;1;0;0;0
FR;0;2021-05-12;434232;233896;1545;0;270184;0;0;0;0;19515739;8588310;21959;4;9491611;1;0;0;0
FR;0;2021-05-13;338644;56436;432;0;77928;0;0;0;0;19854383;8644746;22391;4;9569539;1;0;0;0
FR;0;2021-05-14;454194;167502;1130;0;203114;0;0;0;0;20308577;8812248;23521;4;9772653;1;0;0;0
FR;0;2021-05-15;375022;94403;445;0;120802;0;0;0;0;20683599;8906651;23966;4;9893455;1;0;0;0
FR;0;2021-05-16;202779;20694;168;0;34095;0;0;0;0;20886378;8927345;24134;4;9927550;1;0;0;0
FR;0;2021-05-17;376170;148884;1555;0;178674;0;0;0;0;21262548;9076229;25689;4;10106224;1;0;0;0
FR;0;2021-05-18;460232;154151;1991;0;193305;0;0;0;0;21722780;9230380;27680;4;10299529;1;0;0;0
FR;0;2021-05-19;467481;142581;2466;0;179845;0;0;0;0;22190261;9372961;30146;4;10479374;1;0;0;0
FR;0;2021-05-20;507610;160260;2340;0;204214;0;0;0;0;22697871;9533221;32486;4;10683588;1;0;0;0
FR;0;2021-05-21;489737;175275;1997;0;221821;0;0;0;0;23187608;9708496;34483;4;10905409;1;0;0;0
FR;0;2021-05-22;347231;80251;670;0;108682;0;0;0;0;23534839;9788747;35153;4;11014091;1;0;0;0
FR;0;2021-05-23;161720;14211;246;0;26680;0;0;0;0;23696559;9802958;35399;4;11040771;1;0;0;0
FR;0;2021-05-24;263222;33111;604;0;52946;0;0;0;0;23959781;9836069;36003;4;11093717;1;0;0;0
FR;0;2021-05-25;400322;190463;2357;1;227030;0;0;0;0;24360103;10026532;38360;5;11320747;1;0;0;0
FR;0;2021-05-26;413524;191299;2227;0;229349;0;0;0;0;24773627;10217831;40587;5;11550096;1;0;0;0
FR;0;2021-05-27;449888;220134;2163;0;267274;0;0;0;0;25223515;10437965;42750;5;11817370;1;0;0;0
FR;0;2021-05-28;429618;261174;1895;0;319274;0;0;0;0;25653133;10699139;44645;5;12136644;1;0;0;0
FR;0;2021-05-29;299011;150536;586;0;183389;0;0;0;0;25952144;10849675;45231;5;12320033;1;0;0;0
FR;0;2021-05-30;107156;32505;164;0;42088;0;0;0;0;26059300;10882180;45395;5;12362121;1;0;0;0
FR;0;2021-05-31;358084;203493;1474;1;241775;1;0;0;0;26417384;11085673;46869;6;12603896;2;0;0;0
FR;0;2021-06-01;431162;251293;1969;1;302939;1;0;0;0;26848546;11336966;48838;7;12906835;3;0;0;0
FR;0;2021-06-02;420194;232818;1986;0;280205;0;0;0;0;27268740;11569784;50824;7;13187040;3;0;0;0
FR;0;2021-06-03;465722;257783;1826;0;312558;0;0;0;0;27734462;11827567;52650;7;13499598;3;0;0;0
FR;0;2021-06-04;456312;305902;1735;1;363314;1;0;0;0;28190774;12133469;54385;8;13862912;4;0;0;0
FR;0;2021-06-05;304841;189572;653;0;222795;0;0;0;0;28495615;12323041;55038;8;14085707;4;0;0;0
FR;0;2021-06-06;133344;49020;227;0;61159;0;0;0;0;28628959;12372061;55265;8;14146866;4;0;0;0
FR;0;2021-06-07;340027;261513;1529;0;298605;0;0;0;0;28968986;12633574;56794;8;14445471;4;0;0;0
FR;0;2021-06-08;393974;291423;1806;0;338288;0;0;0;0;29362960;12924997;58600;8;14783759;4;0;0;0
FR;0;2021-06-09;384976;273771;1734;0;318166;0;0;0;0;29747936;13198768;60334;8;15101925;4;0;0;0
FR;0;2021-06-10;404262;286272;1728;1;335723;0;0;0;0;30152198;13485040;62062;9;15437648;4;0;0;0
FR;0;2021-06-11;386737;356528;1468;1;406975;0;0;0;0;30538935;13841568;63530;10;15844623;4;0;0;0
FR;0;2021-06-12;283300;210997;497;0;243142;0;0;0;0;30822235;14052565;64027;10;16087765;4;0;0;0
FR;0;2021-06-13;104907;73843;204;0;84836;0;0;0;0;30927142;14126408;64231;10;16172601;4;0;0;0
FR;0;2021-06-14;240892;354030;1429;1;383226;0;0;0;0;31168034;14480438;65660;11;16555827;4;0;0;0
FR;0;2021-06-15;308239;384324;1574;1;423099;0;0;0;0;31476273;14864762;67234;12;16978926;4;0;0;0
FR;0;2021-06-16;314028;357605;1419;1;395370;0;0;0;0;31790301;15222367;68653;13;17374296;4;0;0;0
FR;0;2021-06-17;317744;373167;1432;1;414365;0;0;0;0;32108045;15595534;70085;14;17788661;4;0;0;0
FR;0;2021-06-18;321785;442592;1342;1;486000;0;0;0;0;32429830;16038126;71427;15;18274661;4;0;0;0
FR;0;2021-06-19;224368;274028;449;0;301221;0;0;0;0;32654198;16312154;71876;15;18575882;4;0;0;0
FR;0;2021-06-20;74459;102286;131;0;111479;0;0;0;0;32728657;16414440;72007;15;18687361;4;0;0;0
FR;0;2021-06-21;195820;401759;1038;1;427725;1;0;0;0;32924477;16816199;73045;16;19115086;5;0;0;0
FR;0;2021-06-22;223247;467826;1266;10;500499;1;0;0;0;33147724;17284025;74311;26;19615585;6;0;0;0
FR;0;2021-06-23;234087;440143;1198;1;474254;1;0;0;0;33381811;17724168;75509;27;20089839;7;0;0;0
FR;0;2021-06-24;241909;409769;1359;0;447262;0;0;0;0;33623720;18133937;76868;27;20537101;7;0;0;0
FR;0;2021-06-25;227678;523086;1404;0;562087;0;0;0;0;33851398;18657023;78272;27;21099188;7;0;0;0
FR;0;2021-06-26;153296;371099;589;1;395906;0;0;0;0;34004694;19028122;78861;28;21495094;7;0;0;0
FR;0;2021-06-27;55925;155942;169;1;164852;0;0;0;0;34060619;19184064;79030;29;21659946;7;0;0;0
FR;0;2021-06-28;154813;452529;1178;0;478127;0;0;0;0;34215432;19636593;80208;29;22138073;7;0;0;0
FR;0;2021-06-29;182753;507854;2124;0;539223;0;0;0;0;34398185;20144447;82332;29;22677296;7;0;0;0
FR;0;2021-06-30;204047;485262;2016;21;519526;2;0;0;0;34602232;20629709;84348;50;23196822;9;0;0;0
FR;0;2021-07-01;231467;458576;2226;5;498514;0;0;0;0;34833699;21088285;86574;55;23695336;9;0;0;0
FR;0;2021-07-02;228707;520028;2120;5;562337;2;0;0;0;35062406;21608313;88694;60;24257673;11;0;0;0
FR;0;2021-07-03;142058;368761;908;3;395249;1;0;0;0;35204464;21977074;89602;63;24652922;12;0;0;0
FR;0;2021-07-04;56765;141008;265;0;150698;0;0;0;0;35261229;22118082;89867;63;24803620;12;0;0;0
FR;0;2021-07-05;168554;418655;1668;8;448597;0;0;0;0;35429783;22536737;91535;71;25252217;12;0;0;0
FR;0;2021-07-06;196812;474523;1830;45;511113;8;0;0;0;35626595;23011260;93365;116;25763330;20;0;0;0
FR;0;2021-07-07;213258;438967;1881;25;477427;2;0;0;0;35839853;23450227;95246;141;26240757;22;0;0;0
FR;0;2021-07-08;231680;424140;2090;20;468069;2;0;0;0;36071533;23874367;97336;161;26708826;24;0;0;0
FR;0;2021-07-09;228644;511067;2185;4;557352;1;0;0;0;36300177;24385434;99521;165;27266178;25;0;0;0
FR;0;2021-07-10;148640;339926;986;1;368867;0;0;0;0;36448817;24725360;100507;166;27635045;25;0;0;0
FR;0;2021-07-11;60217;110049;284;0;120958;0;0;0;0;36509034;24835409;100791;166;27756003;25;0;0;0
FR;0;2021-07-12;169443;477700;1766;4;512426;0;0;0;0;36678477;25313109;102557;170;28268429;25;0;0;0
FR;0;2021-07-13;287312;526599;2050;8;585618;0;0;0;0;36965789;25839708;104607;178;28854047;25;0;0;0
FR;0;2021-07-14;181123;157330;435;0;186638;0;0;0;0;37146912;25997038;105042;178;29040685;25;0;0;0
FR;0;2021-07-15;347131;501597;2100;1;571556;0;0;0;0;37494043;26498635;107142;179;29612241;25;0;0;0
FR;0;2021-07-16;380125;494959;2023;3;574128;1;0;0;0;37874168;26993594;109165;182;30186369;26;0;0;0
FR;0;2021-07-17;259757;319632;877;1;368588;0;0;0;0;38133925;27313226;110042;183;30554957;26;0;0;0
FR;0;2021-07-18;109747;114566;310;0;133003;0;0;0;0;38243672;27427792;110352;183;30687960;26;0;0;0
FR;0;2021-07-19;285528;423872;1631;3;478877;0;0;0;0;38529200;27851664;111983;186;31166837;26;0;0;0
FR;0;2021-07-20;376945;451204;1725;0;523534;0;0;0;0;38906145;28302868;113708;186;31690371;26;0;0;0
FR;0;2021-07-21;395847;406822;1550;4;481804;1;0;0;0;39301992;28709690;115258;190;32172175;27;0;0;0
FR;0;2021-07-22;441092;387300;1715;4;471767;1;0;0;0;39743084;29096990;116973;194;32643942;28;0;0;0
FR;0;2021-07-23;440353;421957;1883;4;509914;1;0;0;0;40183437;29518947;118856;198;33153856;29;0;0;0
FR;0;2021-07-24;285264;269308;804;1;321987;0;0;0;0;40468701;29788255;119660;199;33475843;29;0;0;0
FR;0;2021-07-25;121130;79919;234;0;100272;0;0;0;0;40589831;29868174;119894;199;33576115;29;0;0;0
FR;0;2021-07-26;347454;322131;1614;3;384684;1;0;0;0;40937285;30190305;121508;202;33960799;30;0;0;0
FR;0;2021-07-27;464124;319259;1698;4;400408;1;0;0;0;41401409;30509564;123206;206;34361207;31;0;0;0
FR;0;2021-07-28;459483;289371;1637;4;366981;1;0;0;0;41860892;30798935;124843;210;34728188;32;0;0;0
FR;0;2021-07-29;489868;276101;1797;2;356969;0;0;0;0;42350760;31075036;126640;212;35085157;32;0;0;0
FR;0;2021-07-30;461862;302331;1942;5;380809;1;0;0;0;42812622;31377367;128582;217;35465966;33;0;0;0
FR;0;2021-07-31;285426;185023;916;1;231509;0;0;0;0;43098048;31562390;129498;218;35697475;33;0;0;0
FR;0;2021-08-01;112055;49908;257;0;65685;0;0;0;0;43210103;31612298;129755;218;35763160;33;0;0;0
FR;0;2021-08-02;341678;234025;1603;2;284713;0;0;0;0;43551781;31846323;131358;220;36047873;33;0;0;0
FR;0;2021-08-03;398648;244429;1729;2;304500;1;0;0;0;43950429;32090752;133087;222;36352373;34;0;0;0
FR;0;2021-08-04;384887;209510;1594;6;265630;3;0;0;0;44335316;32300262;134681;228;36618003;37;0;0;0
FR;0;2021-08-05;366204;228339;1711;0;281712;0;0;0;0;44701520;32528601;136392;228;36899715;37;0;0;0
FR;0;2021-08-06;359762;271208;1835;4;326584;0;0;0;0;45061282;32799809;138227;232;37226299;37;0;0;0
FR;0;2021-08-07;213152;178314;756;5;210039;1;0;0;0;45274434;32978123;138983;237;37436338;38;0;0;0
FR;0;2021-08-08;74213;63190;276;0;73623;0;0;0;0;45348647;33041313;139259;237;37509961;38;0;0;0
FR;0;2021-08-09;258779;258571;1549;4;297481;2;0;0;0;45607426;33299884;140808;241;37807442;40;0;0;0
FR;0;2021-08-10;306900;277040;1662;2;323424;0;0;0;0;45914326;33576924;142470;243;38130866;40;0;0;0
FR;0;2021-08-11;279770;259535;1442;5;301603;0;0;0;0;46194096;33836459;143912;248;38432469;40;0;0;0
FR;0;2021-08-12;271575;277999;1669;3;320252;0;0;0;0;46465671;34114458;145581;251;38752721;40;0;0;0
FR;0;2021-08-13;252181;278120;1595;3;316952;2;0;0;0;46717852;34392578;147176;254;39069673;42;0;0;0
FR;0;2021-08-14;145366;197058;740;0;218979;0;0;0;0;46863218;34589636;147916;254;39288652;42;0;0;0
FR;0;2021-08-15;39403;50088;218;1;55668;0;0;0;0;46902621;34639724;148134;255;39344320;42;0;0;0
FR;0;2021-08-16;186198;317465;1543;0;345383;0;0;0;0;47088819;34957189;149677;255;39689703;42;0;0;0
FR;0;2021-08-17;215721;335793;1638;7;368825;0;0;0;0;47304540;35292982;151315;262;40058528;42;0;0;0
FR;0;2021-08-18;199083;324369;1599;7;354532;3;0;0;0;47503623;35617351;152914;269;40413060;45;0;0;0
FR;0;2021-08-19;192052;325393;1642;1;355948;0;0;0;0;47695675;35942744;154556;270;40769008;45;0;0;0
FR;0;2021-08-20;186494;366177;1823;3;396603;2;0;0;0;47882169;36308921;156379;273;41165611;47;0;0;0
FR;0;2021-08-21;104815;238131;709;0;254561;0;0;0;0;47986984;36547052;157088;273;41420172;47;0;0;0
FR;0;2021-08-22;31950;87209;256;1;92161;1;0;0;0;48018934;36634261;157344;274;41512333;48;0;0;0
FR;0;2021-08-23;141003;356996;1561;3;379585;0;0;0;0;48159937;36991257;158905;277;41891918;48;0;0;0
FR;0;2021-08-24;162523;376572;1850;5;402817;0;0;0;0;48322460;37367829;160755;282;42294735;48;0;0;0
FR;0;2021-08-25;151165;350711;2038;8;375397;2;0;0;0;48473625;37718540;162793;290;42670132;50;0;0;0
FR;0;2021-08-26;142899;342771;2564;10;367560;0;0;0;0;48616524;38061311;165357;300;43037692;50;0;0;0
FR;0;2021-08-27;148457;388233;2791;11;414866;1;0;0;0;48764981;38449544;168148;311;43452558;51;0;0;0
FR;0;2021-08-28;90682;249641;1407;0;264965;0;0;0;0;48855663;38699185;169555;311;43717523;51;0;0;0
FR;0;2021-08-29;27325;83357;518;1;88273;0;0;0;0;48882988;38782542;170073;312;43805796;51;0;0;0
FR;0;2021-08-30;117432;324581;4714;6;342386;5848;0;0;0;49000420;39107123;174787;318;44148182;5899;0;0;0
FR;0;2021-08-31;128834;334450;10189;19;353926;11768;2;0;0;49129254;39441573;184976;337;44502108;17667;2;0;0
FR;0;2021-09-01;136168;285661;22437;8;302400;24415;1;0;0;49265422;39727234;207413;345;44804508;42082;3;0;0
FR;0;2021-09-02;114653;247198;26525;20;262095;29010;0;0;0;49380075;39974432;233938;365;45066603;71092;3;0;0
FR;0;2021-09-03;118330;292650;29968;24;309307;33076;1;0;0;49498405;40267082;263906;389;45375910;104168;4;0;0
FR;0;2021-09-04;89894;217797;12587;12;230490;14157;7;0;0;49588299;40484879;276493;401;45606400;118325;11;0;0
FR;0;2021-09-05;21365;44794;4397;2;48279;4714;0;0;0;49609664;40529673;280890;403;45654679;123039;11;0;0
FR;0;2021-09-06;75701;180485;31957;16;190662;34304;2;0;0;49685365;40710158;312847;419;45845341;157343;13;0;0
FR;0;2021-09-07;80317;181181;33251;43;191039;36322;2;0;0;49765682;40891339;346098;462;46036380;193665;15;0;0
FR;0;2021-09-08;91014;206086;29666;28;216569;32571;4;0;0;49856696;41097425;375764;490;46252949;226236;19;0;0
FR;0;2021-09-09;76984;165313;33085;27;174116;36699;5;0;0;49933680;41262738;408849;517;46427065;262935;24;0;0
FR;0;2021-09-10;96051;203815;35743;28;214894;40787;7;0;0;50029731;41466553;444592;545;46641959;303722;31;0;0
FR;0;2021-09-11;67169;169343;12140;19;178187;14414;0;0;0;50096900;41635896;456732;564;46820146;318136;31;0;0
FR;0;2021-09-12;12830;32093;2784;1;34139;3190;2;0;0;50109730;41667989;459516;565;46854285;321326;33;0;0
FR;0;2021-09-13;64582;126152;41249;35;134169;44266;17;0;0;50174312;41794141;500765;600;46988454;365592;50;0;0
FR;0;2021-09-14;73504;129010;56392;80;135749;62448;44;0;0;50247816;41923151;557157;680;47124203;428040;94;0;0
FR;0;2021-09-15;76668;167732;55671;58;174675;54852;76;0;0;50324484;42090883;612828;738;47298878;482892;170;0;0
FR;0;2021-09-16;63898;114503;60099;82;117879;60174;64;0;0;50388382;42205386;672927;820;47416757;543066;234;0;0
FR;0;2021-09-17;75093;156855;53871;71;159731;57367;67;0;0;50463475;42362241;726798;891;47576488;600433;301;0;0
FR;0;2021-09-18;48244;139637;15603;25;144317;17321;20;0;0;50511719;42501878;742401;916;47720805;617754;321;0;0
FR;0;2021-09-19;7908;23646;2443;1;24876;2619;1;0;0;50519627;42525524;744844;917;47745681;620373;322;0;0
FR;0;2021-09-20;44580;93753;50087;72;96243;50347;34;0;0;50564207;42619277;794931;989;47841924;670720;356;0;0
FR;0;2021-09-21;45918;98366;62772;77;98383;63506;79;0;0;50610125;42717643;857703;1066;47940307;734226;435;0;0
FR;0;2021-09-22;48710;142402;55383;82;144847;55483;47;0;0;50658835;42860045;913086;1148;48085154;789709;482;0;0
FR;0;2021-09-23;43298;92067;62408;95;91274;63589;86;0;0;50702133;42952112;975494;1243;48176428;853298;568;0;0
FR;0;2021-09-24;52324;133292;54570;107;132389;59232;78;0;0;50754457;43085404;1030064;1350;48308817;912530;646;0;0
FR;0;2021-09-25;35225;115666;16277;36;118647;18318;22;0;0;50789682;43201070;1046341;1386;48427464;930848;668;0;0
FR;0;2021-09-26;5561;17803;2273;5;18690;2331;5;0;0;50795243;43218873;1048614;1391;48446154;933179;673;0;0
FR;0;2021-09-27;33986;76900;47221;97;78786;48207;80;0;1;50829229;43295773;1095835;1488;48524940;981386;753;0;1
FR;0;2021-09-28;36524;75244;54983;90;74325;56599;47;0;0;50865753;43371017;1150818;1578;48599265;1037985;800;0;1
FR;0;2021-09-29;44426;100688;53375;113;102847;54911;41;0;0;50910179;43471705;1204193;1691;48702112;1092896;841;0;1
FR;0;2021-09-30;36350;72979;57047;96;71482;59612;58;0;0;50946529;43544684;1261240;1787;48773594;1152508;899;0;1
FR;0;2021-10-01;61720;102863;57836;108;101414;64019;23;0;0;51008249;43647547;1319076;1895;48875008;1216527;922;0;1
FR;0;2021-10-02;39473;78460;20965;39;81737;23386;12;0;0;51047722;43726007;1340041;1934;48956745;1239913;934;0;1
FR;0;2021-10-03;5289;10491;2536;4;11257;2542;4;0;0;51053011;43736498;1342577;1938;48968002;1242455;938;0;1
FR;0;2021-10-04;35208;58503;52638;84;59502;54860;37;0;0;51088219;43795001;1395215;2022;49027504;1297315;975;0;1
FR;0;2021-10-05;33937;64379;61032;135;62109;65121;47;0;0;51122156;43859380;1456247;2157;49089613;1362436;1022;0;1
FR;0;2021-10-06;42728;79309;65763;112;80182;68384;28;0;0;51164884;43938689;1522010;2269;49169795;1430820;1050;0;1
FR;0;2021-10-07;30576;62283;65450;88;59500;68899;38;0;0;51195460;44000972;1587460;2357;49229295;1499719;1088;0;1
FR;0;2021-10-08;49486;91947;77773;111;89889;84807;39;0;0;51244946;44092919;1665233;2468;49319184;1584526;1127;0;1
FR;0;2021-10-09;33677;60950;31549;35;64140;33933;17;0;0;51278623;44153869;1696782;2503;49383324;1618459;1144;0;1
FR;0;2021-10-10;4722;7423;3199;9;7939;3475;2;0;0;51283345;44161292;1699981;2512;49391263;1621934;1146;0;1
FR;0;2021-10-11;30734;49886;61050;105;50601;64120;46;0;0;51314079;44211178;1761031;2617;49441864;1686054;1192;0;1
FR;0;2021-10-12;31651;54483;70635;141;51309;76050;27;0;0;51345730;44265661;1831666;2758;49493173;1762104;1219;0;1
FR;0;2021-10-13;40168;62851;74443;137;62799;79398;29;0;1;51385898;44328512;1906109;2895;49555972;1841502;1248;0;2
FR;0;2021-10-14;30364;52873;68779;116;49695;73870;31;0;0;51416262;44381385;1974888;3011;49605667;1915372;1279;0;2
FR;0;2021-10-15;44961;75237;93255;191;70331;103056;26;0;0;51461223;44456622;2068143;3202;49675998;2018428;1305;0;2
FR;0;2021-10-16;31335;44084;36701;45;46702;39652;15;0;0;51492558;44500706;2104844;3247;49722700;2058080;1320;0;2
FR;0;2021-10-17;3898;5230;3603;2;5677;3674;4;0;0;51496456;44505936;2108447;3249;49728377;2061754;1324;0;2
FR;0;2021-10-18;29217;42342;67521;134;42560;71382;27;0;0;51525673;44548278;2175968;3383;49770937;2133136;1351;0;2
FR;0;2021-10-19;27196;45548;76431;140;43206;81677;45;0;0;51552869;44593826;2252399;3523;49814143;2214813;1396;0;2
FR;0;2021-10-20;35347;52408;96960;181;51814;101579;45;0;0;51588216;44646234;2349359;3704;49865957;2316392;1441;0;2
FR;0;2021-10-21;26169;45173;83999;112;41969;89196;30;0;0;51614385;44691407;2433358;3816;49907926;2405588;1471;0;2
FR;0;2021-10-22;38450;62489;104928;200;59355;112655;61;0;0;51652835;44753896;2538286;4016;49967281;2518243;1532;0;2
FR;0;2021-10-23;27034;41205;45467;57;42426;48638;14;0;0;51679869;44795101;2583753;4073;50009707;2566881;1546;0;2
FR;0;2021-10-24;2947;4763;3686;6;5014;3923;1;0;0;51682816;44799864;2587439;4079;50014721;2570804;1547;0;2
FR;0;2021-10-25;26109;36208;82347;144;35481;86681;38;0;0;51708925;44836072;2669786;4223;50050202;2657485;1585;0;2
FR;0;2021-10-26;23770;34990;87283;166;32157;92411;35;0;0;51732695;44871062;2757069;4389;50082359;2749896;1620;0;2
FR;0;2021-10-27;30115;46298;109035;257;44037;114753;48;0;0;51762810;44917360;2866104;4646;50126396;2864649;1668;0;2
FR;0;2021-10-28;23611;34928;88745;153;31195;94543;35;0;0;51786421;44952288;2954849;4799;50157591;2959192;1703;0;2
FR;0;2021-10-29;31589;51450;117349;206;46497;125438;52;0;0;51818010;45003738;3072198;5005;50204088;3084630;1755;0;2
FR;0;2021-10-30;20578;33239;50361;76;32921;53430;20;0;0;51838588;45036977;3122559;5081;50237009;3138060;1775;0;2
FR;0;2021-10-31;2519;3732;3595;3;3844;3881;3;0;0;51841107;45040709;3126154;5084;50240853;3141941;1778;0;2
FR;0;2021-11-01;8544;4868;3224;3;5020;3586;10;0;0;51849651;45045577;3129378;5087;50245873;3145527;1788;0;2
FR;0;2021-11-02;26387;40099;93612;156;36238;99674;44;0;1;51876038;45085676;3222990;5243;50282111;3245201;1832;0;3
FR;0;2021-11-03;30133;47901;118933;222;43555;125909;64;0;0;51906171;45133577;3341923;5465;50325666;3371110;1896;0;3
FR;0;2021-11-04;23824;37460;107603;217;31573;114483;46;0;0;51929995;45171037;3449526;5682;50357239;3485593;1942;0;3
FR;0;2021-11-05;32420;52938;141679;236;44652;151469;54;0;0;51962415;45223975;3591205;5918;50401891;3637062;1996;0;3
FR;0;2021-11-06;21554;34551;64912;123;32384;68354;26;0;0;51983969;45258526;3656117;6041;50434275;3705416;2022;0;3
FR;0;2021-11-07;2430;4154;5209;6;4000;5598;7;0;0;51986399;45262680;3661326;6047;50438275;3711014;2029;0;3
FR;0;2021-11-08;20634;37740;127237;227;30948;134365;50;0;0;52007033;45300420;3788563;6274;50469223;3845379;2079;0;3
FR;0;2021-11-09;22444;44651;161745;339;32855;172360;65;0;0;52029477;45345071;3950308;6613;50502078;4017739;2144;0;3
FR;0;2021-11-10;31621;54875;187071;447;44021;198891;91;0;0;52061098;45399946;4137379;7060;50546099;4216630;2235;0;3
FR;0;2021-11-11;4750;6743;12999;28;5905;13982;17;0;0;52065848;45406689;4150378;7088;50552004;4230612;2252;0;3
FR;0;2021-11-12;29103;55051;183838;252;41713;197506;86;0;0;52094951;45461740;4334216;7340;50593717;4428118;2338;0;3
FR;0;2021-11-13;20357;32599;80730;118;28229;86354;44;0;0;52115308;45494339;4414946;7458;50621946;4514472;2382;0;3
FR;0;2021-11-14;2367;3854;7184;6;3362;7847;9;0;0;52117675;45498193;4422130;7464;50625308;4522319;2391;0;3
FR;0;2021-11-15;20525;38549;160911;314;27783;171651;77;0;0;52138200;45536742;4583041;7778;50653091;4693970;2468;0;3
FR;0;2021-11-16;23675;43823;200492;394;27699;215191;115;0;1;52161875;45580565;4783533;8172;50680790;4909161;2583;0;4
FR;0;2021-11-17;30545;50235;199905;406;36444;212971;98;0;0;52192420;45630800;4983438;8578;50717234;5122132;2681;0;4
FR;0;2021-11-18;23460;45683;191758;469;29391;205746;94;0;0;52215880;45676483;5175196;9047;50746625;5327878;2775;0;4
FR;0;2021-11-19;33696;61269;243294;551;39905;262314;147;0;0;52249576;45737752;5418490;9598;50786530;5590192;2922;0;4
FR;0;2021-11-20;25426;36658;102195;207;29266;109768;43;0;0;52275002;45774410;5520685;9805;50815796;5699960;2965;0;4
FR;0;2021-11-21;2666;4444;9683;19;3443;10609;19;0;0;52277668;45778854;5530368;9824;50819239;5710569;2984;0;4
FR;0;2021-11-22;22824;33111;180437;472;18912;194923;90;0;0;52300492;45811965;5710805;10296;50838151;5905492;3074;0;4
FR;0;2021-11-23;25738;45457;229495;549;24111;247986;85;0;0;52326230;45857422;5940300;10845;50862262;6153478;3159;0;4
FR;0;2021-11-24;31821;53591;224910;715;34471;243364;80;0;0;52358051;45911013;6165210;11560;50896733;6396842;3239;0;4
FR;0;2021-11-25;25654;49132;256032;739;25045;277943;112;0;0;52383705;45960145;6421242;12299;50921778;6674785;3351;0;4
FR;0;2021-11-26;33255;74668;379566;867;37391;414800;172;0;0;52416960;46034813;6800808;13166;50959169;7089585;3523;0;4
FR;0;2021-11-27;23508;49551;214980;391;28441;236786;135;0;0;52440468;46084364;7015788;13557;50987610;7326371;3658;0;4
FR;0;2021-11-28;3528;10443;56787;66;4057;63333;42;0;0;52443996;46094807;7072575;13623;50991667;7389704;3700;0;4
FR;0;2021-11-29;19449;54063;341575;864;23090;371914;178;0;0;52463445;46148870;7414150;14487;51014757;7761618;3878;0;4
FR;0;2021-11-30;24789;71792;457493;988;26789;500936;291;0;0;52488234;46220662;7871643;15475;51041546;8262554;4169;0;4
FR;0;2021-12-01;27401;75418;469225;1162;31307;511449;304;0;0;52515635;46296080;8340868;16637;51072853;8774003;4473;0;4
FR;0;2021-12-02;22133;71457;527255;1282;20993;575056;309;0;0;52537768;46367537;8868123;17919;51093846;9349059;4782;0;4
FR;0;2021-12-03;25581;92767;596539;1421;34326;651332;343;0;0;52563349;46460304;9464662;19340;51128172;10000391;5125;0;4
FR;0;2021-12-04;18342;60286;336314;692;25661;369891;197;0;0;52581691;46520590;9800976;20032;51153833;10370282;5322;0;4
FR;0;2021-12-05;4158;16083;95820;157;4852;107050;92;0;0;52585849;46536673;9896796;20189;51158685;10477332;5414;0;4
FR;0;2021-12-06;28452;72658;493294;1175;25215;540114;386;0;0;52614301;46609331;10390090;21364;51183900;11017446;5800;0;4
FR;0;2021-12-07;23569;91189;645587;1774;28506;706600;416;0;0;52637870;46700520;11035677;23138;51212406;11724046;6216;0;4
FR;0;2021-12-08;25526;91863;591910;1875;34934;647778;439;0;0;52663396;46792383;11627587;25013;51247340;12371824;6655;0;4
FR;0;2021-12-09;24088;94004;663383;2179;28948;726828;463;0;0;52687484;46886387;12290970;27192;51276288;13098652;7118;0;4
FR;0;2021-12-10;28080;110826;736224;2075;37928;806399;471;0;1;52715564;46997213;13027194;29267;51314216;13905051;7589;0;5
FR;0;2021-12-11;20254;76039;435255;990;29933;480482;343;0;0;52735818;47073252;13462449;30257;51344149;14385533;7932;0;5
FR;0;2021-12-12;5685;23104;142362;262;6384;159235;108;0;0;52741503;47096356;13604811;30519;51350533;14544768;8040;0;5
FR;0;2021-12-13;21371;90673;587854;1699;29628;649470;397;0;0;52762874;47187029;14192665;32218;51380161;15194238;8437;0;5
FR;0;2021-12-14;27991;118199;765826;2658;35392;847808;701;0;1;52790865;47305228;14958491;34876;51415553;16042046;9138;0;6
FR;0;2021-12-15;28458;114130;694535;2267;39486;769316;503;0;1;52819323;47419358;15653026;37143;51455039;16811362;9641;0;7
FR;0;2021-12-16;28059;115562;764275;2559;35076;844700;516;0;0;52847382;47534920;16417301;39702;51490115;17656062;10157;0;7
FR;0;2021-12-17;31665;128218;808044;2713;43319;892196;612;0;0;52879047;47663138;17225345;42415;51533434;18548258;10769;0;7
FR;0;2021-12-18;24945;81471;470066;1179;30039;522270;353;0;0;52903992;47744609;17695411;43594;51563473;19070528;11122;0;7
FR;0;2021-12-19;8771;28504;169449;376;7834;191055;143;0;0;52912763;47773113;17864860;43970;51571307;19261583;11265;0;7
FR;0;2021-12-20;31785;97015;591631;1789;33809;658847;503;0;0;52944548;47870128;18456491;45759;51605116;19920430;11768;0;7
FR;0;2021-12-21;39484;111839;682566;2391;38746;759701;607;0;0;52984032;47981967;19139057;48150;51643862;20680131;12375;0;7
FR;0;2021-12-22;39566;99103;575909;2169;37074;642225;687;0;2;53023598;48081070;19714966;50319;51680936;21322356;13062;0;9
FR;0;2021-12-23;33793;79319;441114;1659;30090;494452;589;0;0;53057391;48160389;20156080;51978;51711026;21816808;13651;0;9
FR;0;2021-12-24;10701;26012;111060;398;11637;126675;236;0;1;53068092;48186401;20267140;52376;51722663;21943483;13887;0;10
FR;0;2021-12-25;779;3565;7603;25;2046;9022;72;0;0;53068871;48189966;20274743;52401;51724709;21952505;13959;0;10
FR;0;2021-12-26;4699;11877;52128;142;4736;60172;170;0;0;53073570;48201843;20326871;52543;51729445;22012677;14129;0;10
FR;0;2021-12-27;30511;83906;453632;1364;33014;509280;665;0;0;53104081;48285749;20780503;53907;51762459;22521957;14794;0;10
FR;0;2021-12-28;38369;98787;564241;1769;35082;632337;1558;0;2;53142450;48384536;21344744;55676;51797541;23154294;16352;0;12
FR;0;2021-12-29;39882;88133;501291;1687;33082;561056;1738;0;1;53182332;48472669;21846035;57363;51830623;23715350;18090;0;13
FR;0;2021-12-30;35928;75050;421074;1520;29499;471181;1880;0;0;53218260;48547719;22267109;58883;51860122;24186531;19970;0;13
FR;0;2021-12-31;12053;25071;116896;405;11262;131679;741;0;0;53230313;48572790;22384005;59288;51871384;24318210;20711;0;13
FR;0;2022-01-01;1595;3214;8533;37;1805;9942;103;0;0;53231908;48576004;22392538;59325;51873189;24328152;20814;0;13
FR;0;2022-01-02;6131;13016;58437;126;5110;66976;408;0;0;53238039;48589020;22450975;59451;51878299;24395128;21222;0;13
FR;0;2022-01-03;39743;90135;494909;1597;36875;551788;2650;0;1;53277782;48679155;22945884;61048;51915174;24946916;23872;0;14
FR;0;2022-01-04;42316;110969;641488;2309;40640;714498;3836;0;3;53320098;48790124;23587372;63357;51955814;25661414;27708;0;17
FR;0;2022-01-05;61226;103579;569286;1985;43797;634321;3429;0;2;53381324;48893703;24156658;65342;51999611;26295735;31137;0;19
FR;0;2022-01-06;44321;110306;639068;2702;40221;711590;4557;0;2;53425645;49004009;24795726;68044;52039832;27007325;35694;0;21
FR;0;2022-01-07;50847;123275;711079;2811;46836;790563;4995;0;2;53476492;49127284;25506805;70855;52086668;27797888;40689;0;23
FR;0;2022-01-08;45015;80265;423847;1213;35044;472912;2447;0;3;53521507;49207549;25930652;72068;52121712;28270800;43136;0;26
FR;0;2022-01-09;15614;26592;128585;300;11482;145663;829;0;0;53537121;49234141;26059237;72368;52133194;28416463;43965;0;26
FR;0;2022-01-10;35425;93245;469403;1816;43020;522789;3722;0;1;53572546;49327386;26528640;74184;52176214;28939252;47687;0;27
FR;0;2022-01-11;41956;100431;548347;2311;42392;608594;5220;0;2;53614502;49427817;27076987;76495;52218606;29547846;52907;0;29
FR;0;2022-01-12;60425;95683;452751;1969;49482;504415;4497;0;8;53674927;49523500;27529738;78464;52268088;30052261;57404;0;37
FR;0;2022-01-13;38275;92511;487422;2084;40547;541103;5467;0;8;53713202;49616011;28017160;80548;52308635;30593364;62871;0;45
FR;0;2022-01-14;42590;103287;568676;2286;43496;629063;6463;0;2;53755792;49719298;28585836;82834;52352131;31222427;69334;0;47
FR;0;2022-01-15;39433;65879;340169;985;31448;377582;3296;0;1;53795225;49785177;28926005;83819;52383579;31600009;72630;0;48
FR;0;2022-01-16;11415;19193;87447;216;9017;99403;764;0;0;53806640;49804370;29013452;84035;52392596;31699412;73394;0;48
FR;0;2022-01-17;24755;59978;320338;1384;28036;354175;3960;0;4;53831395;49864348;29333790;85419;52420632;32053587;77354;0;52
FR;0;2022-01-18;28332;68680;361152;1802;32014;397600;5771;0;1;53859727;49933028;29694942;87221;52452646;32451187;83125;0;53
FR;0;2022-01-19;43231;67008;281355;1452;40384;311093;4392;0;5;53902958;50000036;29976297;88673;52493030;32762280;87517;0;58
FR;0;2022-01-20;23681;59591;299074;1750;29562;328542;5637;0;4;53926639;50059627;30275371;90423;52522592;33090822;93154;0;62
FR;0;2022-01-21;28216;68763;366413;2086;33071;401219;6580;0;3;53954855;50128390;30641784;92509;52555663;33492041;99734;0;65
FR;0;2022-01-22;27630;47972;218811;840;27303;241796;2838;0;2;53982485;50176362;30860595;93349;52582966;33733837;102572;0;67
FR;0;2022-01-23;6740;12964;48695;173;7503;55170;591;0;1;53989225;50189326;30909290;93522;52590469;33789007;103163;0;68
FR;0;2022-01-24;16287;47439;217356;1149;25401;239356;4103;0;3;54005512;50236765;31126646;94671;52615870;34028363;107266;0;71
FR;0;2022-01-25;19034;54316;243104;1548;28807;267103;6067;0;5;54024546;50291081;31369750;96219;52644677;34295466;113333;0;76
FR;0;2022-01-26;28148;60549;209319;1299;41361;229548;4479;0;3;54052694;50351630;31579069;97518;52686038;34525014;117812;0;79
FR;0;2022-01-27;16338;46486;207675;1287;26147;226065;5693;0;4;54069032;50398116;31786744;98805;52712185;34751079;123505;0;83
FR;0;2022-01-28;21594;78648;290091;1574;44968;321349;7411;0;4;54090626;50476764;32076835;100379;52757153;35072428;130916;0;87
FR;0;2022-01-29;18424;52845;184145;689;32751;204576;3255;0;2;54109050;50529609;32260980;101068;52789904;35277004;134171;0;89
FR;0;2022-01-30;4477;14463;39152;124;9130;45056;637;0;1;54113527;50544072;32300132;101192;52799034;35322060;134808;0;90
FR;0;2022-01-31;11261;43904;148219;742;26129;164721;4230;0;5;54124788;50587976;32448351;101934;52825163;35486781;139038;0;95
FR;0;2022-02-01;13652;48291;174148;1145;27328;191336;7036;0;1;54138440;50636267;32622499;103079;52852491;35678117;146074;0;96
FR;0;2022-02-02;20761;66295;171561;1034;46159;190078;5970;0;10;54159201;50702562;32794060;104113;52898650;35868195;152044;0;106
FR;0;2022-02-03;11760;44789;157585;990;25345;173286;6933;0;6;54170961;50747351;32951645;105103;52923995;36041481;158977;0;112
FR;0;2022-02-04;14647;67978;239263;1267;37601;264081;9153;0;6;54185608;50815329;33190908;106370;52961596;36305562;168130;0;118
FR;0;2022-02-05;12903;51439;153565;523;31977;172294;3784;0;3;54198511;50866768;33344473;106893;52993573;36477856;171914;0;121
FR;0;2022-02-06;2726;12168;28898;102;7289;33830;662;0;0;54201237;50878936;33373371;106995;53000862;36511686;172576;0;121
FR;0;2022-02-07;9619;46620;156905;594;24515;176303;5294;0;6;54210856;50925556;33530276;107589;53025377;36687989;177870;0;127
FR;0;2022-02-08;9817;43101;166663;870;20967;184458;7054;0;6;54220673;50968657;33696939;108459;53046344;36872447;184924;0;133
FR;0;2022-02-09;14463;58262;172360;876;35361;193068;5788;0;9;54235136;51026919;33869299;109335;53081705;37065515;190712;0;142
FR;0;2022-02-10;8731;39229;150244;881;18706;166722;6503;0;2;54243867;51066148;34019543;110216;53100411;37232237;197215;0;144
FR;0;2022-02-11;10864;55704;218522;1101;25847;243117;8322;0;3;54254731;51121852;34238065;111317;53126258;37475354;205537;0;147
FR;0;2022-02-12;8409;40970;134740;465;22637;151768;3509;0;4;54263140;51162822;34372805;111782;53148895;37627122;209046;0;151
FR;0;2022-02-13;1940;8605;26568;86;4411;30930;544;0;3;54265080;51171427;34399373;111868;53153306;37658052;209590;0;154
FR;0;2022-02-14;6998;35260;148389;487;14672;166385;4789;0;5;54272078;51206687;34547762;112355;53167978;37824437;214379;0;159
FR;0;2022-02-15;7070;36238;147003;751;16008;162588;6849;0;3;54279148;51242925;34694765;113106;53183986;37987025;221228;0;162
FR;0;2022-02-16;9417;42993;132550;722;25984;146769;5727;0;6;54288565;51285918;34827315;113828;53209970;38133794;226955;0;168
FR;0;2022-02-17;5582;24348;87319;587;13147;94894;5408;0;5;54294147;51310266;34914634;114415;53223117;38228688;232363;0;173
FR;0;2022-02-18;7003;33596;119673;807;18768;129339;7416;0;2;54301150;51343862;35034307;115222;53241885;38358027;239779;0;175
FR;0;2022-02-19;5372;24558;70030;371;15910;77340;3020;0;2;54306522;51368420;35104337;115593;53257795;38435367;242799;0;177
FR;0;2022-02-20;1152;4661;12175;39;2916;13957;460;0;1;54307674;51373081;35116512;115632;53260711;38449324;243259;0;178
FR;0;2022-02-21;4100;17896;61958;351;10173;67188;4059;0;2;54311774;51390977;35178470;115983;53270884;38516512;247318;0;180
FR;0;2022-02-22;4468;18668;60840;577;11270;64481;5255;0;1;54316242;51409645;35239310;116560;53282154;38580993;252573;0;181
FR;0;2022-02-23;6593;27365;66512;593;19633;71911;4595;0;3;54322835;51437010;35305822;117153;53301787;38652904;257168;0;184
FR;0;2022-02-24;3852;15564;50435;519;9524;53259;4531;0;2;54326687;51452574;35356257;117672;53311311;38706163;261699;0;186
FR;0;2022-02-25;5287;24299;76372;804;15274;80104;7336;0;7;54331974;51476873;35432629;118476;53326585;38786267;269035;0;193
FR;0;2022-02-26;3995;17772;47421;359;12174;51488;3083;0;3;54335969;51494645;35480050;118835;53338759;38837755;272118;0;196
FR;0;2022-02-27;881;3011;8040;47;1980;8949;531;0;0;54336850;51497656;35488090;118882;53340739;38846704;272649;0;196
FR;0;2022-02-28;3127;12562;40497;359;7596;42930;3858;0;0;54339977;51510218;35528587;119241;53348335;38889634;276507;0;196
FR;0;2022-03-01;4013;12615;44203;437;7639;44875;5518;0;6;54343990;51522833;35572790;119678;53355974;38934509;282025;0;202
FR;0;2022-03-02;5338;17901;47155;448;12961;49087;4931;0;2;54349328;51540734;35619945;120126;53368935;38983596;286956;0;204
FR;0;2022-03-03;2830;9362;29902;371;6260;30025;4050;0;2;54352158;51550096;35649847;120497;53375195;39013621;291006;0;206
FR;0;2022-03-04;3230;12522;40343;669;8521;39492;6235;0;4;54355388;51562618;35690190;121166;53383716;39053113;297241;0;210
FR;0;2022-03-05;3074;9291;24962;314;7133;25126;3135;0;1;54358462;51571909;35715152;121480;53390849;39078239;300376;0;211
FR;0;2022-03-06;522;1410;3199;43;1031;3444;379;0;0;54358984;51573319;35718351;121523;53391880;39081683;300755;0;211
FR;0;2022-03-07;2499;5636;18438;315;3853;17710;3307;0;4;54361483;51578955;35736789;121838;53395733;39099393;304062;0;215
FR;0;2022-03-08;2155;6082;19452;363;4336;17925;4093;0;3;54363638;51585037;35756241;122201;53400069;39117318;308155;0;218
FR;0;2022-03-09;3583;10572;22200;408;8799;21295;4042;0;4;54367221;51595609;35778441;122609;53408868;39138613;312197;0;222
FR;0;2022-03-10;1833;5848;17013;345;4397;15839;3408;0;3;54369054;51601457;35795454;122954;53413265;39154452;315605;0;225
FR;0;2022-03-11;2422;7568;24511;545;5446;22280;5479;0;2;54371476;51609025;35819965;123499;53418711;39176732;321084;0;227
FR;0;2022-03-12;2699;6776;17168;309;5494;16522;3137;0;2;54374175;51615801;35837133;123808;53424205;39193254;324221;0;229
FR;0;2022-03-13;407;795;2323;150;605;2272;538;0;0;54374582;51616596;35839456;123958;53424810;39195526;324759;0;229
FR;0;2022-03-14;1563;4278;14991;4412;2813;13844;7295;0;8;54376145;51620874;35854447;128370;53427623;39209370;332054;0;237
FR;0;2022-03-15;1751;6295;16387;7556;4810;14618;11036;0;9;54377896;51627169;35870834;135926;53432433;39223988;343090;0;246
FR;0;2022-03-16;3041;7415;19435;13142;6217;18113;16298;0;8;54380937;51634584;35890269;149068;53438650;39242101;359388;0;254
FR;0;2022-03-17;1466;3988;13156;10846;2809;11996;13314;0;9;54382403;51638572;35903425;159914;53441459;39254097;372702;0;263
FR;0;2022-03-18;2268;5758;20019;18307;4099;18115;22039;0;15;54384671;51644330;35923444;178221;53445558;39272212;394741;0;278
FR;0;2022-03-19;2294;4806;13116;9406;4142;12421;11409;0;6;54386965;51649136;35936560;187627;53449700;39284633;406150;0;284
FR;0;2022-03-20;302;738;1920;1074;530;1933;1340;0;2;54387267;51649874;35938480;188701;53450230;39286566;407490;0;286
FR;0;2022-03-21;1395;3222;12736;14951;2157;11962;16910;0;11;54388662;51653096;35951216;203652;53452387;39298528;424400;0;297
FR;0;2022-03-22;1557;3743;13808;20553;2581;12564;22845;0;5;54390219;51656839;35965024;224205;53454968;39311092;447245;0;302
FR;0;2022-03-23;2691;6300;17741;23152;5232;17249;25269;0;40;54392910;51663139;35982765;247357;53460200;39328341;472514;0;342
FR;0;2022-03-24;1411;3160;11600;17619;2248;10685;19394;0;23;54394321;51666299;35994365;264976;53462448;39339026;491908;0;365
FR;0;2022-03-25;2089;5160;18583;27775;3691;16920;30810;0;31;54396410;51671459;36012948;292751;53466139;39355946;522718;0;396
FR;0;2022-03-26;2232;4418;12080;12680;3866;11521;14402;0;26;54398642;51675877;36025028;305431;53470005;39367467;537120;0;422
FR;0;2022-03-27;365;693;1909;1483;515;1943;1740;0;1;54399007;51676570;36026937;306914;53470520;39369410;538860;0;423
FR;0;2022-03-28;1468;3082;11133;17490;2120;10621;19070;0;16;54400475;51679652;36038070;324404;53472640;39380031;557930;0;439
FR;0;2022-03-29;1452;3284;12913;27586;2098;12055;29285;0;34;54401927;51682936;36050983;351990;53474738;39392086;587215;0;473
FR;0;2022-03-30;2854;5589;15691;27435;4773;15091;29341;0;21;54404781;51688525;36066674;379425;53479511;39407177;616556;0;494
FR;0;2022-03-31;1615;3585;12992;25041;2570;12331;26651;0;43;54406396;51692110;36079666;404466;53482081;39419508;643207;0;537
FR;0;2022-04-01;2690;4588;20083;30896;2974;18725;33489;0;62;54409086;51696698;36099749;435362;53485055;39438233;676696;0;599
FR;0;2022-04-02;1532;2649;9054;10135;2009;8728;11297;0;29;54410618;51699347;36108803;445497;53487064;39446961;687993;0;628
FR;0;2022-04-03;294;516;1562;1171;360;1580;1382;0;2;54410912;51699863;36110365;446668;53487424;39448541;689375;0;630
FR;0;2022-04-04;4568;3032;12390;19132;2053;11598;20605;0;35;54415480;51702895;36122755;465800;53489477;39460139;709980;0;665
FR;0;2022-04-05;2608;3178;14354;34151;2055;13207;35769;0;85;54418088;51706073;36137109;499951;53491532;39473346;745749;0;750
FR;0;2022-04-06;2613;3964;13544;26544;3030;12819;28013;0;72;54420701;51710037;36150653;526495;53494562;39486165;773762;0;822
FR;0;2022-04-07;1989;3151;13687;33822;1999;12901;35178;0;76;54422690;51713188;36164340;560317;53496561;39499066;808940;0;898
FR;0;2022-04-08;2310;4345;19236;44016;2675;17862;46369;0;89;54425000;51717533;36183576;604333;53499236;39516928;855309;0;987
FR;0;2022-04-09;1374;2682;9315;13568;1905;8869;14800;0;30;54426374;51720215;36192891;617901;53501141;39525797;870109;0;1017
FR;0;2022-04-10;296;757;1985;2017;555;2007;2279;0;7;54426670;51720972;36194876;619918;53501696;39527804;872388;0;1024
FR;0;2022-04-11;1351;2634;11876;23935;1655;11483;25207;0;74;54428021;51723606;36206752;643853;53503351;39539287;897595;0;1098
FR;0;2022-04-12;1729;3083;14023;40928;1967;13395;41818;0;127;54429750;51726689;36220775;684781;53505318;39552682;939413;0;1225
FR;0;2022-04-13;1980;3723;13416;33118;2720;13038;34087;0;96;54431730;51730412;36234191;717899;53508038;39565720;973500;0;1321
FR;0;2022-04-14;1510;3016;13216;36354;1944;13074;37023;0;105;54433240;51733428;36247407;754253;53509982;39578794;1010523;0;1426
FR;0;2022-04-15;1883;3880;15645;35584;2622;14926;37235;0;115;54435123;51737308;36263052;789837;53512604;39593720;1047758;0;1541
FR;0;2022-04-16;1046;1834;6400;8553;1263;6263;9435;0;40;54436169;51739142;36269452;798390;53513867;39599983;1057193;0;1581
FR;0;2022-04-17;195;340;993;1174;224;1036;1242;0;7;54436364;51739482;36270445;799564;53514091;39601019;1058435;0;1588
FR;0;2022-04-18;201;561;2768;1072;358;2787;1287;0;5;54436565;51740043;36273213;800636;53514449;39603806;1059722;0;1593
FR;0;2022-04-19;1547;3031;12919;29690;1879;12480;30737;0;78;54438112;51743074;36286132;830326;53516328;39616286;1090459;0;1671
FR;0;2022-04-20;2008;3499;13308;29072;2612;12996;30088;0;96;54440120;51746573;36299440;859398;53518940;39629282;1120547;0;1767
FR;0;2022-04-21;1516;2857;12554;35212;1828;12647;35786;0;117;54441636;51749430;36311994;894610;53520768;39641929;1156333;0;1884
FR;0;2022-04-22;1880;3627;16483;37646;2402;15847;39179;0;132;54443516;51753057;36328477;932256;53523170;39657776;1195512;0;2016
FR;0;2022-04-23;1151;2072;7391;10659;1482;7242;11444;0;38;54444667;51755129;36335868;942915;53524652;39665018;1206956;0;2054
FR;0;2022-04-24;249;467;1478;1592;326;1414;1850;0;7;54444916;51755596;36337346;944507;53524978;39666432;1208806;0;2061
FR;0;2022-04-25;1308;2535;10687;21074;1614;10492;22096;0;79;54446224;51758131;36348033;965581;53526592;39676924;1230902;0;2140
FR;0;2022-04-26;1627;3008;13671;38665;1967;13114;39462;0;181;54447851;51761139;36361704;1004246;53528559;39690038;1270364;0;2321
FR;0;2022-04-27;1965;3068;11539;31089;2283;11596;31507;0;131;54449816;51764207;36373243;1035335;53530842;39701634;1301871;0;2452
FR;0;2022-04-28;1571;2783;12530;36269;1865;12271;36586;0;139;54451387;51766990;36385773;1071604;53532707;39713905;1338457;0;2591
FR;0;2022-04-29;2011;4834;15561;37281;3639;14938;38751;0;164;54453398;51771824;36401334;1108885;53536346;39728843;1377208;0;2755
FR;0;2022-04-30;1225;4702;6929;9717;4196;6758;10608;0;44;54454623;51776526;36408263;1118602;53540542;39735601;1387816;0;2799
FR;0;2022-05-01;221;325;916;1000;229;911;1141;0;6;54454844;51776851;36409179;1119602;53540771;39736512;1388957;0;2805
FR;0;2022-05-02;2364;2969;11160;18182;2065;10994;19026;0;69;54457208;51779820;36420339;1137784;53542836;39747506;1407983;0;2874
FR;0;2022-05-03;2067;3269;13726;34703;2130;13567;35624;0;163;54459275;51783089;36434065;1172487;53544966;39761073;1443607;0;3037
FR;0;2022-05-04;1926;3304;12188;25651;2304;12305;26203;0;110;54461201;51786393;36446253;1198138;53547270;39773378;1469810;0;3147
FR;0;2022-05-05;1796;3040;13070;33602;2018;12916;34270;0;180;54462997;51789433;36459323;1231740;53549288;39786294;1504080;0;3327
FR;0;2022-05-06;2218;3667;15356;36808;2326;14866;38270;0;182;54465215;51793100;36474679;1268548;53551614;39801160;1542350;0;3509
FR;0;2022-05-07;1210;1783;6464;9614;1255;6456;10339;0;48;54466425;51794883;36481143;1278162;53552869;39807616;1552689;0;3557
FR;0;2022-05-08;267;400;1175;1548;288;1236;1654;0;8;54466692;51795283;36482318;1279710;53553157;39808852;1554343;0;3565
FR;0;2022-05-09;1404;2307;9927;20259;1414;9798;21175;0;102;54468096;51797590;36492245;1299969;53554571;39818650;1575518;0;3667
FR;0;2022-05-10;1803;3432;13572;38999;2296;13128;40026;0;200;54469899;51801022;36505817;1338968;53556867;39831778;1615544;0;3867
FR;0;2022-05-11;2004;3022;10755;27942;2326;10701;28445;0;146;54471903;51804044;36516572;1366910;53559193;39842479;1643989;0;4013
FR;0;2022-05-12;1595;2746;11386;35758;1816;11055;36523;0;211;54473498;51806790;36527958;1402668;53561009;39853534;1680512;0;4224
FR;0;2022-05-13;1985;3224;13761;37981;2068;13350;39246;0;162;54475483;51810014;36541719;1440649;53563077;39866884;1719758;0;4386
FR;0;2022-05-14;1150;1647;5938;10778;1205;5801;11366;0;58;54476633;51811661;36547657;1451427;53564282;39872685;1731124;0;4444
FR;0;2022-05-15;283;479;1278;1440;302;1361;1593;0;6;54476916;51812140;36548935;1452867;53564584;39874046;1732717;0;4450
FR;0;2022-05-16;1196;2047;8694;21070;1248;8700;21597;0;128;54478112;51814187;36557629;1473937;53565832;39882746;1754314;0;4578
FR;0;2022-05-17;1592;2605;11828;37881;1671;11404;38723;0;180;54479704;51816792;36569457;1511818;53567503;39894150;1793037;0;4758
FR;0;2022-05-18;1816;2655;9694;27166;1957;9667;27785;0;109;54481520;51819447;36579151;1538984;53569460;39903817;1820822;0;4867
FR;0;2022-05-19;1451;2660;10580;35846;1636;10720;36037;0;162;54482971;51822107;36589731;1574830;53571096;39914537;1856859;0;5029
FR;0;2022-05-20;1876;3118;13426;39369;2080;12913;40389;0;168;54484847;51825225;36603157;1614199;53573176;39927450;1897248;0;5197
FR;0;2022-05-21;1159;1718;5662;9897;1314;5533;10534;0;45;54486006;51826943;36608819;1624096;53574490;39932983;1907782;0;5242
FR;0;2022-05-22;241;341;1031;1440;263;1017;1584;0;10;54486247;51827284;36609850;1625536;53574753;39934000;1909366;0;5252
FR;0;2022-05-23;1176;2127;8880;20375;1411;8830;21030;0;86;54487423;51829411;36618730;1645911;53576164;39942830;1930396;0;5338
FR;0;2022-05-24;1542;2759;11367;38882;1736;11239;39511;0;190;54488965;51832170;36630097;1684793;53577900;39954069;1969907;0;5528
FR;0;2022-05-25;1814;2839;9343;24847;2077;9481;25323;0;116;54490779;51835009;36639440;1709640;53579977;39963550;1995230;0;5644
FR;0;2022-05-26;216;430;1666;1201;293;1677;1344;0;26;54490995;51835439;36641106;1710841;53580270;39965227;1996574;0;5670
FR;0;2022-05-27;1390;2477;9266;21291;1670;9006;22325;0;94;54492385;51837916;36650372;1732132;53581940;39974233;2018899;0;5764
FR;0;2022-05-28;669;1272;3919;6795;852;3968;7204;0;38;54493054;51839188;36654291;1738927;53582792;39978201;2026103;0;5802
FR;0;2022-05-29;157;315;753;921;200;774;1033;0;4;54493211;51839503;36655044;1739848;53582992;39978975;2027136;0;5806
FR;0;2022-05-30;1026;1969;6995;19296;1249;7013;19808;0;91;54494237;51841472;36662039;1759144;53584241;39985988;2046944;0;5897
FR;0;2022-05-31;1488;2522;9823;35664;1649;9645;36295;0;171;54495725;51843994;36671862;1794808;53585890;39995633;2083239;0;6068
FR;0;2022-06-01;1754;3106;11029;24538;2256;10896;25491;0;122;54497479;51847100;36682891;1819346;53588146;40006529;2108730;0;6190
FR;0;2022-06-02;1480;2615;11312;35606;1717;10867;36552;0;174;54498959;51849715;36694203;1854952;53589863;40017396;2145282;0;6364
FR;0;2022-06-03;1728;3085;13424;38731;2054;12789;40001;0;176;54500687;51852800;36707627;1893683;53591917;40030185;2185283;0;6540
FR;0;2022-06-04;975;1517;5046;9113;1077;5117;9649;0;73;54501662;51854317;36712673;1902796;53592994;40035302;2194932;0;6613
FR;0;2022-06-05;181;336;876;1108;207;887;1230;0;4;54501843;51854653;36713549;1903904;53593201;40036189;2196162;0;6617
FR;0;2022-06-06;891;1255;2124;1329;1079;2141;1510;0;13;54502734;51855908;36715673;1905233;53594280;40038330;2197672;0;6630
FR;0;2022-06-07;1499;2713;9857;35598;1794;9435;36825;0;153;54504233;51858621;36725530;1940831;53596074;40047765;2234497;0;6783
FR;0;2022-06-08;1585;2698;9178;28790;1941;9021;29756;0;112;54505818;51861319;36734708;1969621;53598015;40056786;2264253;0;6895
FR;0;2022-06-09;1297;2443;10622;39505;1556;10267;40280;0;167;54507115;51863762;36745330;2009126;53599571;40067053;2304533;0;7062
FR;0;2022-06-10;1631;3195;13106;44828;2161;12668;46153;0;223;54508746;51866957;36758436;2053954;53601732;40079721;2350686;0;7285
FR;0;2022-06-11;962;1739;5432;11627;1125;5465;12212;0;55;54509708;51868696;36763868;2065581;53602857;40085186;2362898;0;7340
FR;0;2022-06-12;203;446;1079;1765;255;1143;1866;0;11;54509911;51869142;36764947;2067346;53603112;40086329;2364764;0;7351
FR;0;2022-06-13;1127;2070;7440;23183;1344;7270;24099;0;90;54511038;51871212;36772387;2090529;53604456;40093599;2388863;0;7441
FR;0;2022-06-14;1346;2550;10449;44949;1598;9808;46144;0;200;54512384;51873762;36782836;2135478;53606054;40103407;2435007;0;7641
FR;0;2022-06-15;1529;2465;9326;30907;1934;8965;31597;0;179;54513913;51876227;36792162;2166385;53607988;40112372;2466604;0;7820
FR;0;2022-06-16;1189;2041;9918;39932;1277;9327;40953;0;201;54515102;51878268;36802080;2206317;53609265;40121699;2507557;0;8021
FR;0;2022-06-17;1494;2859;12513;46699;1788;11920;47935;0;240;54516596;51881127;36814593;2253016;53611053;40133619;2555492;0;8261
FR;0;2022-06-18;857;1527;4567;11125;1038;4501;11720;0;67;54517453;51882654;36819160;2264141;53612091;40138120;2567212;0;8328
FR;0;2022-06-19;183;363;1059;1615;208;1131;1701;0;14;54517636;51883017;36820219;2265756;53612299;40139251;2568913;0;8342
FR;0;2022-06-20;1027;1928;8908;26080;1204;8569;27021;0;156;54518663;51884945;36829127;2291836;53613503;40147820;2595934;0;8498
FR;0;2022-06-21;1329;2404;10310;49898;1539;9339;51283;0;264;54519992;51887349;36839437;2341734;53615042;40157159;2647217;0;8762
FR;0;2022-06-22;1398;2519;8920;39065;1808;8430;40007;0;256;54521390;51889868;36848357;2380799;53616850;40165589;2687224;0;9018
FR;0;2022-06-23;1229;2371;10681;55113;1366;9887;56245;0;320;54522619;51892239;36859038;2435912;53618216;40175476;2743469;0;9338
FR;0;2022-06-24;1493;2997;13647;69186;1751;12309;71005;0;405;54524112;51895236;36872685;2505098;53619967;40187785;2814474;0;9743
FR;0;2022-06-25;939;1781;6236;19922;1112;5989;20777;0;177;54525051;51897017;36878921;2525020;53621079;40193774;2835251;0;9920
FR;0;2022-06-26;229;459;1953;3688;259;1818;3966;0;39;54525280;51897476;36880874;2528708;53621338;40195592;2839217;0;9959
FR;0;2022-06-27;1134;2026;10493;48488;1179;9636;49756;0;339;54526414;51899502;36891367;2577196;53622517;40205228;2888973;0;10298
FR;0;2022-06-28;1464;2816;14672;91413;1585;13090;93183;0;623;54527878;51902318;36906039;2668609;53624102;40218318;2982156;0;10921
FR;0;2022-06-29;1713;2835;12294;71899;1848;11242;73040;0;548;54529591;51905153;36918333;2740508;53625950;40229560;3055196;0;11469
FR;0;2022-06-30;1538;2737;14395;95168;1661;12477;97185;0;724;54531129;51907890;36932728;2835676;53627611;40242037;3152381;0;12193
FR;0;2022-07-01;2017;3807;21509;115937;2310;18861;118587;0;954;54533146;51911697;36954237;2951613;53629921;40260898;3270968;0;13147
FR;0;2022-07-02;1088;1859;8529;35755;1108;7705;36876;0;342;54534234;51913556;36962766;2987368;53631029;40268603;3307844;0;13489
FR;0;2022-07-03;294;539;2095;6456;319;1898;6805;0;79;54534528;51914095;36964861;2993824;53631348;40270501;3314649;0;13568
FR;0;2022-07-04;1971;3471;14716;79233;2337;12995;81305;0;639;54536499;51917566;36979577;3073057;53633685;40283496;3395954;0;14207
FR;0;2022-07-05;1799;3172;18842;133280;1804;16025;135571;0;1146;54538298;51920738;36998419;3206337;53635489;40299521;3531525;0;15353
FR;0;2022-07-06;1849;2790;15858;99602;1852;13651;101170;0;900;54540147;51923528;37014277;3305939;53637341;40313172;3632695;0;16253
FR;0;2022-07-07;1714;2872;18011;126041;1712;14790;128368;0;1179;54541861;51926400;37032288;3431980;53639053;40327962;3761063;0;17432
FR;0;2022-07-08;1894;3153;20756;137092;1857;16769;140084;0;1347;54543755;51929553;37053044;3569072;53640910;40344731;3901147;0;18779
FR;0;2022-07-09;868;1464;7746;37928;883;6693;38769;0;426;54544623;51931017;37060790;3607000;53641793;40351424;3939916;0;19205
FR;0;2022-07-10;272;687;2346;7004;441;2125;7395;0;94;54544895;51931704;37063136;3614004;53642234;40353549;3947311;0;19299
FR;0;2022-07-11;1459;2482;15020;88290;1404;12514;90477;0;801;54546354;51934186;37078156;3702294;53643638;40366063;4037788;0;20100
FR;0;2022-07-12;1844;3121;20537;143974;1717;16734;146678;0;1604;54548198;51937307;37098693;3846268;53645355;40382797;4184466;0;21704
FR;0;2022-07-13;1784;2755;15697;94544;1666;13278;96403;0;1080;54549982;51940062;37114390;3940812;53647021;40396075;4280869;0;22784
FR;0;2022-07-14;187;371;1957;5540;221;1836;5707;0;82;54550169;51940433;37116347;3946352;53647242;40397911;4286576;0;22866
FR;0;2022-07-15;1486;2575;15117;84465;1441;12600;86624;0;1035;54551655;51943008;37131464;4030817;53648683;40410511;4373200;0;23901
FR;0;2022-07-16;628;1193;5949;24982;699;5155;25674;0;327;54552283;51944201;37137413;4055799;53649382;40415666;4398874;0;24228
FR;0;2022-07-17;182;395;1738;4666;218;1570;4938;0;66;54552465;51944596;37139151;4060465;53649600;40417236;4403812;0;24294
FR;0;2022-07-18;1132;2252;11829;61810;1342;9979;63673;0;780;54553597;51946848;37150980;4122275;53650942;40427215;4467485;0;25074
FR;0;2022-07-19;1423;2355;15475;103709;1396;12296;105898;0;1459;54555020;51949203;37166455;4225984;53652338;40439511;4573383;0;26533
FR;0;2022-07-20;1429;2302;12970;77586;1470;10744;79173;0;1051;54556449;51951505;37179425;4303570;53653808;40450255;4652556;0;27584
FR;0;2022-07-21;1289;2172;13098;88244;1372;10500;89729;0;1316;54557738;51953677;37192523;4391814;53655180;40460755;4742285;0;28900
FR;0;2022-07-22;1433;2490;14832;89553;1469;11973;91419;0;1347;54559171;51956167;37207355;4481367;53656649;40472728;4833704;0;30247
FR;0;2022-07-23;685;1310;5536;22482;821;4858;23081;0;411;54559856;51957477;37212891;4503849;53657470;40477586;4856785;0;30658
FR;0;2022-07-24;186;353;1401;3905;204;1243;4132;0;72;54560042;51957830;37214292;4507754;53657674;40478829;4860917;0;30730
FR;0;2022-07-25;1061;1797;9493;48082;1149;7845;49519;0;737;54561103;51959627;37223785;4555836;53658823;40486674;4910436;0;31467
FR;0;2022-07-26;1301;2213;13306;85438;1322;10828;87135;0;1311;54562404;51961840;37237091;4641274;53660145;40497502;4997571;0;32778
FR;0;2022-07-27;1226;2008;10236;61318;1341;8530;62522;0;971;54563630;51963848;37247327;4702592;53661486;40506032;5060093;0;33749
FR;0;2022-07-28;1093;1864;10313;64421;1261;8226;65649;0;1046;54564723;51965712;37257640;4767013;53662747;40514258;5125742;0;34795
FR;0;2022-07-29;1282;2078;11011;65900;1387;8765;67330;0;1140;54566005;51967790;37268651;4832913;53664134;40523023;5193072;0;35935
FR;0;2022-07-30;503;867;3523;15283;604;2974;15666;0;303;54566508;51968657;37272174;4848196;53664738;40525997;5208738;0;36238
FR;0;2022-07-31;154;289;929;2439;185;788;2588;0;49;54566662;51968946;37273103;4850635;53664923;40526785;5211326;0;36287
FR;0;2022-08-01;1005;1670;7600;30240;1262;6399;31314;0;549;54567667;51970616;37280703;4880875;53666185;40533184;5242640;0;36836
FR;0;2022-08-02;1056;1650;8582;56131;1157;6895;56808;0;1170;54568723;51972266;37289285;4937006;53667342;40540079;5299448;0;38006
FR;0;2022-08-03;852;1266;6430;38683;903;5150;39421;0;702;54569575;51973532;37295715;4975689;53668245;40545229;5338869;0;38708
FR;0;2022-08-04;741;1187;6575;43161;783;5307;43726;0;917;54570316;51974719;37302290;5018850;53669028;40550536;5382595;0;39625
FR;0;2022-08-05;859;1364;7099;44976;972;5681;45631;0;993;54571175;51976083;37309389;5063826;53670000;40556217;5428226;0;40618
FR;0;2022-08-06;341;559;2101;9368;400;1759;9568;0;228;54571516;51976642;37311490;5073194;53670400;40557976;5437794;0;40846
FR;0;2022-08-07;104;160;536;1627;117;453;1703;0;38;54571620;51976802;37312026;5074821;53670517;40558429;5439497;0;40884
FR;0;2022-08-08;674;1165;4030;22109;921;3293;22544;0;490;54572294;51977967;37316056;5096930;53671438;40561722;5462041;0;41374
FR;0;2022-08-09;748;1167;5973;39963;854;4804;40446;0;844;54573042;51979134;37322029;5136893;53672292;40566526;5502487;0;42218
FR;0;2022-08-10;673;1292;4656;28058;1007;3797;28392;0;652;54573715;51980426;37326685;5164951;53673299;40570323;5530879;0;42870
FR;0;2022-08-11;640;1030;4493;29251;742;3713;29587;0;676;54574355;51981456;37331178;5194202;53674041;40574036;5560466;0;43546
FR;0;2022-08-12;849;1167;4747;28219;851;3920;28656;0;704;54575204;51982623;37335925;5222421;53674892;40577956;5589122;0;44250
FR;0;2022-08-13;362;428;1295;5260;325;1120;5419;0;121;54575566;51983051;37337220;5227681;53675217;40579076;5594541;0;44371
FR;0;2022-08-14;74;121;289;923;104;247;995;0;25;54575640;51983172;37337509;5228604;53675321;40579323;5595536;0;44396
FR;0;2022-08-15;117;232;610;564;198;558;618;0;19;54575757;51983404;37338119;5229168;53675519;40579881;5596154;0;44415
FR;0;2022-08-16;646;1078;3961;22179;840;3355;22372;0;615;54576403;51984482;37342080;5251347;53676359;40583236;5618526;0;45030
FR;0;2022-08-17;653;1041;3890;22900;816;3294;23141;0;620;54577056;51985523;37345970;5274247;53677175;40586530;5641667;0;45650
FR;0;2022-08-18;637;1002;4124;26312;806;3262;26545;0;673;54577693;51986525;37350094;5300559;53677981;40589792;5668212;0;46323
FR;0;2022-08-19;607;1167;4493;27259;875;3694;27565;0;766;54578300;51987692;37354587;5327818;53678856;40593486;5695777;0;47089
FR;0;2022-08-20;311;504;1356;5569;402;1171;5728;0;146;54578611;51988196;37355943;5333387;53679258;40594657;5701505;0;47235
FR;0;2022-08-21;97;135;305;1009;96;267;1044;0;27;54578708;51988331;37356248;5334396;53679354;40594924;5702549;0;47262
FR;0;2022-08-22;584;1002;3274;15358;781;2798;15688;0;425;54579292;51989333;37359522;5349754;53680135;40597722;5718237;0;47687
FR;0;2022-08-23;732;1180;4299;29002;853;3610;29091;0;870;54580024;51990513;37363821;5378756;53680988;40601332;5747328;0;48557
FR;0;2022-08-24;670;940;3498;19539;786;2860;19729;0;608;54580694;51991453;37367319;5398295;53681774;40604192;5767057;0;49165
FR;0;2022-08-25;626;1025;3947;23402;731;3295;23666;0;673;54581320;51992478;37371266;5421697;53682505;40607487;5790723;0;49838
FR;0;2022-08-26;862;1266;4478;25884;961;3671;26257;0;777;54582182;51993744;37375744;5447581;53683466;40611158;5816980;0;50615
FR;0;2022-08-27;299;500;1379;5469;362;1244;5533;0;194;54582481;51994244;37377123;5453050;53683828;40612402;5822513;0;50809
FR;0;2022-08-28;125;163;303;921;117;288;966;0;38;54582606;51994407;37377426;5453971;53683945;40612690;5823479;0;50847
FR;0;2022-08-29;623;970;3076;14679;770;2614;14985;0;433;54583229;51995377;37380502;5468650;53684715;40615304;5838464;0;51280
FR;0;2022-08-30;855;1224;4796;28553;900;3914;28883;0;823;54584084;51996601;37385298;5497203;53685615;40619218;5867347;0;52103
FR;0;2022-08-31;697;958;3207;17647;745;2718;17911;0;508;54584781;51997559;37388505;5514850;53686360;40621936;5885258;0;52611
FR;0;2022-09-01;759;997;4480;22500;709;3827;22766;0;623;54585540;51998556;37392985;5537350;53687069;40625763;5908024;0;53234
FR;0;2022-09-02;973;1159;5045;28615;847;4258;28909;0;914;54586513;51999715;37398030;5565965;53687916;40630021;5936933;0;54148
FR;0;2022-09-03;421;571;1920;6086;425;1667;6323;0;181;54586934;52000286;37399950;5572051;53688341;40631688;5943256;0;54329
FR;0;2022-09-04;135;150;351;876;85;347;945;0;24;54587069;52000436;37400301;5572927;53688426;40632035;5944201;0;54353
FR;0;2022-09-05;778;918;3178;16065;739;2658;16379;0;523;54587847;52001354;37403479;5588992;53689165;40634693;5960580;0;54876
FR;0;2022-09-06;925;1051;4740;31853;681;3873;32082;0;1040;54588772;52002405;37408219;5620845;53689846;40638566;5992662;0;55916
FR;0;2022-09-07;713;791;3000;16822;573;2482;16972;0;573;54589485;52003196;37411219;5637667;53690419;40641048;6009634;0;56489
FR;0;2022-09-08;635;862;3810;24866;597;3142;24957;0;818;54590120;52004058;37415029;5662533;53691016;40644190;6034591;0;57307
FR;0;2022-09-09;852;1039;4444;27660;681;3686;27836;0;951;54590972;52005097;37419473;5690193;53691697;40647876;6062427;0;58258
FR;0;2022-09-10;408;654;1739;5711;480;1539;5917;0;207;54591380;52005751;37421212;5695904;53692177;40649415;6068344;0;58465
FR;0;2022-09-11;124;131;324;657;93;307;716;0;17;54591504;52005882;37421536;5696561;53692270;40649722;6069060;0;58482
FR;0;2022-09-12;522;646;2691;13297;463;2296;13590;0;478;54592026;52006528;37424227;5709858;53692733;40652018;6082650;0;58960
FR;0;2022-09-13;682;873;4000;26521;562;3489;26398;0;875;54592708;52007401;37428227;5736379;53693295;40655507;6109048;0;59835
FR;0;2022-09-14;710;802;2968;16188;594;2485;16421;0;573;54593418;52008203;37431195;5752567;53693889;40657992;6125469;0;60408
FR;0;2022-09-15;578;849;3478;23587;601;2967;23656;0;728;54593996;52009052;37434673;5776154;53694490;40660959;6149125;0;61136
FR;0;2022-09-16;799;1050;4147;25919;734;3489;26139;0;932;54594795;52010102;37438820;5802073;53695224;40664448;6175264;0;62068
FR;0;2022-09-17;395;513;1454;6146;392;1284;6238;0;243;54595190;52010615;37440274;5808219;53695616;40665732;6181502;0;62311
FR;0;2022-09-18;117;144;323;962;123;291;1017;0;37;54595307;52010759;37440597;5809181;53695739;40666023;6182519;0;62348
FR;0;2022-09-19;482;648;2262;13219;451;1936;13402;0;436;54595789;52011407;37442859;5822400;53696190;40667959;6195921;0;62784
FR;0;2022-09-20;646;904;3790;26462;659;3157;26516;0;893;54596435;52012311;37446649;5848862;53696849;40671116;6222437;0;63677
FR;0;2022-09-21;591;776;2740;16259;580;2355;16250;0;587;54597026;52013087;37449389;5865121;53697429;40673471;6238687;0;64264
FR;0;2022-09-22;601;852;3426;23625;575;2809;23839;0;775;54597627;52013939;37452815;5888746;53698004;40676280;6262526;0;65039
FR;0;2022-09-23;838;1053;4495;28732;776;3764;28903;0;1021;54598465;52014992;37457310;5917478;53698780;40680044;6291429;0;66060
FR;0;2022-09-24;427;614;1648;6906;474;1421;7091;0;307;54598892;52015606;37458958;5924384;53699254;40681465;6298520;0;66367
FR;0;2022-09-25;99;194;336;1101;149;307;1143;0;37;54598991;52015800;37459294;5925485;53699403;40681772;6299663;0;66404
FR;0;2022-09-26;438;715;2300;13545;485;2019;13650;0;435;54599429;52016515;37461594;5939030;53699888;40683791;6313313;0;66839
FR;0;2022-09-27;614;845;3627;25944;615;2910;26099;0;959;54600043;52017360;37465221;5964974;53700503;40686701;6339412;0;67798
FR;0;2022-09-28;635;828;2557;15403;635;2305;15516;0;622;54600678;52018188;37467778;5980377;53701138;40689006;6354928;0;68420
FR;0;2022-09-29;566;770;3137;21057;547;2650;21087;43;810;54601244;52018958;37470915;6001434;53701685;40691656;6376015;43;69230
FR;0;2022-09-30;787;1125;3958;25563;845;3303;25831;715;1052;54602031;52020083;37474873;6026997;53702530;40694959;6401846;758;70282
FR;0;2022-10-01;431;698;2009;5975;546;1737;6212;396;318;54602462;52020781;37476882;6032972;53703076;40696696;6408058;1154;70600
FR;0;2022-10-02;63;136;218;639;97;215;665;66;42;54602525;52020917;37477100;6033611;53703173;40696911;6408723;1220;70642
FR;0;2022-10-03;631;950;2469;12053;783;2195;12231;2074;745;54603156;52021867;37479569;6045664;53703956;40699106;6420954;3294;71387
FR;0;2022-10-04;756;832;3394;23508;579;2785;23685;4704;1585;54603912;52022699;37482963;6069172;53704535;40701891;6444639;7998;72972
FR;0;2022-10-05;605;853;2448;14609;632;2163;14750;3658;1210;54604517;52023552;37485411;6083781;53705167;40704054;6459389;11656;74182
FR;0;2022-10-06;552;741;3090;21688;542;2522;21898;6668;1909;54605069;52024293;37488501;6105469;53705709;40706576;6481287;18324;76091
FR;0;2022-10-07;735;1013;4128;30310;740;3477;30398;16874;3205;54605804;52025306;37492629;6135779;53706449;40710053;6511685;35198;79296
FR;0;2022-10-08;356;521;1651;8432;383;1410;8601;6699;1171;54606160;52025827;37494280;6144211;53706832;40711463;6520286;41897;80467
FR;0;2022-10-09;109;143;337;1587;117;312;1650;1511;297;54606269;52025970;37494617;6145798;53706949;40711775;6521936;43408;80764
FR;0;2022-10-10;506;842;2932;20565;658;2523;20887;19597;3272;54606775;52026812;37497549;6166363;53707607;40714298;6542823;63005;84036
FR;0;2022-10-11;620;814;4269;40321;555;3572;40665;40162;6381;54607395;52027626;37501818;6206684;53708162;40717870;6583488;103167;90417
FR;0;2022-10-12;603;858;3268;26758;639;2776;27088;27304;4691;54607998;52028484;37505086;6233442;53708801;40720646;6610576;130471;95108
FR;0;2022-10-13;627;818;4017;38463;609;3138;38922;40607;6607;54608625;52029302;37509103;6271905;53709410;40723784;6649498;171078;101715
FR;0;2022-10-14;761;1074;4873;47668;783;3959;48143;51136;7863;54609386;52030376;37513976;6319573;53710193;40727743;6697641;222214;109578
FR;0;2022-10-15;368;589;1868;11851;428;1630;11965;13091;2274;54609754;52030965;37515844;6331424;53710621;40729373;6709606;235305;111852
FR;0;2022-10-16;92;136;372;1967;86;356;2012;2347;479;54609846;52031101;37516216;6333391;53710707;40729729;6711618;237652;112331
FR;0;2022-10-17;440;712;3044;26466;497;2487;26838;30793;5409;54610286;52031813;37519260;6359857;53711204;40732216;6738456;268445;117740
FR;0;2022-10-18;610;736;4706;46102;535;3762;46667;55450;11701;54610896;52032549;37523966;6405959;53711739;40735978;6785123;323895;129441
FR;0;2022-10-19;570;820;3645;34377;625;3075;34748;42464;9253;54611466;52033369;37527611;6440336;53712364;40739053;6819871;366359;138694
FR;0;2022-10-20;617;806;4843;49466;594;3730;50123;60535;12937;54612083;52034175;37532454;6489802;53712958;40742783;6869994;426894;151631
FR;0;2022-10-21;690;995;5710;57044;710;4519;57714;70966;14299;54612773;52035170;37538164;6546846;53713668;40747302;6927708;497860;165930
FR;0;2022-10-22;335;413;1654;12950;334;1320;13107;15939;3386;54613108;52035583;37539818;6559796;53714002;40748622;6940815;513799;169316
FR;0;2022-10-23;98;107;350;2064;102;266;2166;2758;631;54613206;52035690;37540168;6561860;53714104;40748888;6942981;516557;169947
FR;0;2022-10-24;552;598;3137;27137;423;2687;27565;35497;7810;54613758;52036288;37543305;6588997;53714527;40751575;6970546;552054;177757
FR;0;2022-10-25;598;726;4873;49117;535;3805;49791;65255;15450;54614356;52037014;37548178;6638114;53715062;40755380;7020337;617309;193207
FR;0;2022-10-26;535;645;3475;32622;485;2901;32928;43999;11024;54614891;52037659;37551653;6670736;53715547;40758281;7053265;661308;204231
FR;0;2022-10-27;592;698;4081;40795;499;3348;41272;54476;13137;54615483;52038357;37555734;6711531;53716046;40761629;7094537;715784;217368
FR;0;2022-10-28;705;872;4610;44190;637;3505;45009;58279;13188;54616188;52039229;37560344;6755721;53716683;40765134;7139546;774063;230556
FR;0;2022-10-29;260;364;1328;9499;262;1082;9633;12523;3012;54616448;52039593;37561672;6765220;53716945;40766216;7149179;786586;233568
FR;0;2022-10-30;87;121;287;1598;97;249;1646;2145;540;54616535;52039714;37561959;6766818;53717042;40766465;7150825;788731;234108
FR;0;2022-10-31;381;489;2075;16062;358;1626;16427;22205;5503;54616916;52040203;37564034;6782880;53717400;40768091;7167252;810936;239611
FR;0;2022-11-01;134;196;929;1123;153;963;1166;1697;504;54617050;52040399;37564963;6784003;53717553;40769054;7168418;812633;240115
FR;0;2022-11-02;519;676;3038;25403;506;2584;25881;36651;10140;54617569;52041075;37568001;6809406;53718059;40771638;7194299;849284;250255
FR;0;2022-11-03;645;703;4114;40065;537;3119;40798;57041;15379;54618214;52041778;37572115;6849471;53718596;40774757;7235097;906325;265634
FR;0;2022-11-04;660;831;4426;43659;578;3518;44279;60535;15248;54618874;52042609;37576541;6893130;53719174;40778275;7279376;966860;280882
FR;0;2022-11-05;255;389;1450;9718;312;1166;9927;13466;3295;54619129;52042998;37577991;6902848;53719486;40779441;7289303;980326;284177
FR;0;2022-11-06;94;119;263;1603;102;246;1632;2338;653;54619223;52043117;37578254;6904451;53719588;40779687;7290935;982664;284830
FR;0;2022-11-07;557;608;2763;26770;522;2249;27402;39125;11011;54619780;52043725;37581017;6931221;53720110;40781936;7318337;1021789;295841
FR;0;2022-11-08;677;819;5004;52021;605;3848;53027;74325;20084;54620457;52044544;37586021;6983242;53720715;40785784;7371364;1096114;315925
FR;0;2022-11-09;531;699;3363;31611;523;2691;32387;46364;13233;54620988;52045243;37589384;7014853;53721238;40788475;7403751;1142478;329158
FR;0;2022-11-10;629;1001;4578;43690;751;3636;44589;62879;17360;54621617;52046244;37593962;7058543;53721989;40792111;7448340;1205357;346518
FR;0;2022-11-11;82;123;370;1666;91;313;1729;2800;1012;54621699;52046367;37594332;7060209;53722080;40792424;7450069;1208157;347530
FR;0;2022-11-12;212;353;1195;7102;261;979;7337;10289;2765;54621911;52046720;37595527;7067311;53722341;40793403;7457406;1218446;350295
FR;0;2022-11-13;73;118;249;1208;97;213;1262;1978;628;54621984;52046838;37595776;7068519;53722438;40793616;7458668;1220424;350923
FR;0;2022-11-14;451;531;2590;24005;378;2067;24630;36226;10908;54622435;52047369;37598366;7092524;53722816;40795683;7483298;1256650;361831
FR;0;2022-11-15;625;894;4329;45071;719;3377;46020;66948;19635;54623060;52048263;37602695;7137595;53723535;40799060;7529318;1323598;381466
FR;0;2022-11-16;569;681;3073;28596;552;2579;29133;43261;13315;54623629;52048944;37605768;7166191;53724087;40801639;7558451;1366859;394781
FR;0;2022-11-17;571;691;3828;39262;538;2989;39870;58379;17415;54624200;52049635;37609596;7205453;53724625;40804628;7598321;1425238;412196
FR;0;2022-11-18;628;786;4607;45145;601;3457;46051;65714;18349;54624828;52050421;37614203;7250598;53725226;40808085;7644372;1490952;430545
FR;0;2022-11-19;270;345;1502;9806;278;1098;10001;14323;4009;54625098;52050766;37615705;7260404;53725504;40809183;7654373;1505275;434554
FR;0;2022-11-20;79;190;305;1698;172;262;1772;2717;859;54625177;52050956;37616010;7262102;53725676;40809445;7656145;1507992;435413
FR;0;2022-11-21;437;516;2425;21452;354;1956;22023;33158;10369;54625614;52051472;37618435;7283554;53726030;40811401;7678168;1541150;445782
FR;0;2022-11-22;541;611;4036;39838;438;3171;40414;59804;18268;54626155;52052083;37622471;7323392;53726468;40814572;7718582;1600954;464050
FR;0;2022-11-23;476;569;2759;26031;416;2325;26523;40424;12911;54626631;52052652;37625230;7349423;53726884;40816897;7745105;1641378;476961
FR;0;2022-11-24;517;609;3768;37177;432;2965;37887;56857;17962;54627148;52053261;37628998;7386600;53727316;40819862;7782992;1698235;494923
FR;0;2022-11-25;581;735;4190;40153;589;3151;40996;59639;17481;54627729;52053996;37633188;7426753;53727905;40823013;7823988;1757874;512404
FR;0;2022-11-26;301;339;1335;9371;263;1064;9512;13999;3971;54628030;52054335;37634523;7436124;53728168;40824077;7833500;1771873;516375
FR;0;2022-11-27;74;88;268;1661;70;228;1689;2554;805;54628104;52054423;37634791;7437785;53728238;40824305;7835189;1774427;517180
FR;0;2022-11-28;420;483;2638;24805;364;1982;25544;38472;12203;54628524;52054906;37637429;7462590;53728602;40826287;7860733;1812899;529383
FR;0;2022-11-29;499;613;4401;46526;382;3292;47254;71105;22321;54629023;52055519;37641830;7509116;53728984;40829579;7907987;1884004;551704
FR;0;2022-11-30;509;706;3741;36931;508;2899;37737;56333;17235;54629532;52056225;37645571;7546047;53729492;40832478;7945724;1940337;568939
FR;0;2022-12-01;553;685;5323;51908;464;3915;52718;79727;25267;54630085;52056910;37650894;7597955;53729956;40836393;7998442;2020064;594206
FR;0;2022-12-02;646;750;6174;61545;535;4384;62777;92449;27457;54630731;52057660;37657068;7659500;53730491;40840777;8061219;2112513;621663
FR;0;2022-12-03;305;349;2289;18052;227;1630;18482;26731;7618;54631036;52058009;37659357;7677552;53730718;40842407;8079701;2139244;629281
FR;0;2022-12-04;98;125;524;4305;92;434;4356;6441;1856;54631134;52058134;37659881;7681857;53730810;40842841;8084057;2145685;631137
FR;0;2022-12-05;486;619;4317;44706;455;2928;45675;69053;21915;54631620;52058753;37664198;7726563;53731265;40845769;8129732;2214738;653052
FR;0;2022-12-06;636;777;6856;78300;515;4660;79821;121757;39600;54632256;52059530;37671054;7804863;53731780;40850429;8209553;2336495;692652
FR;0;2022-12-07;560;657;5367;58171;491;3613;59322;90543;29581;54632816;52060187;37676421;7863034;53732271;40854042;8268875;2427038;722233
FR;0;2022-12-08;611;725;6990;79677;465;4594;81370;124181;40873;54633427;52060912;37683411;7942711;53732736;40858636;8350245;2551219;763106
FR;0;2022-12-09;784;848;8684;95686;560;5738;97581;147361;46814;54634211;52061760;37692095;8038397;53733296;40864374;8447826;2698580;809920
FR;0;2022-12-10;410;553;3827;33958;397;2481;34855;50557;14712;54634621;52062313;37695922;8072355;53733693;40866855;8482681;2749137;824632
FR;0;2022-12-11;133;143;994;8363;102;688;8569;12258;3276;54634754;52062456;37696916;8080718;53733795;40867543;8491250;2761395;827908
FR;0;2022-12-12;523;598;6385;67488;389;4139;69081;106299;34850;54635277;52063054;37703301;8148206;53734184;40871682;8560331;2867694;862758
FR;0;2022-12-13;712;795;9054;103614;506;5645;106203;164945;55108;54635989;52063849;37712355;8251820;53734690;40877327;8666534;3032639;917866
FR;0;2022-12-14;594;726;6826;73348;489;4558;75031;117011;38773;54636583;52064575;37719181;8325168;53735179;40881885;8741565;3149650;956639
FR;0;2022-12-15;662;892;8902;95933;581;5727;98248;153333;51776;54637245;52065467;37728083;8421101;53735760;40887612;8839813;3302983;1008415
FR;0;2022-12-16;826;981;9783;104831;655;6464;107073;166541;55330;54638071;52066448;37737866;8525932;53736415;40894076;8946886;3469524;1063745
FR;0;2022-12-17;346;430;3504;31806;295;2296;32596;48446;14450;54638417;52066878;37741370;8557738;53736710;40896372;8979482;3517970;1078195
FR;0;2022-12-18;93;127;791;6335;81;544;6486;9642;2763;54638510;52067005;37742161;8564073;53736791;40896916;8985968;3527612;1080958
FR;0;2022-12-19;593;619;5757;56224;435;3684;57856;90280;30098;54639103;52067624;37747918;8620297;53737226;40900600;9043824;3617892;1111056
FR;0;2022-12-20;746;794;7954;79863;530;5249;82009;130834;45061;54639849;52068418;37755872;8700160;53737756;40905849;9125833;3748726;1156117
FR;0;2022-12-21;602;629;5341;50981;441;3592;52333;84194;29343;54640451;52069047;37761213;8751141;53738197;40909441;9178166;3832920;1185460
FR;0;2022-12-22;647;668;4917;46292;466;3437;47529;76915;26914;54641098;52069715;37766130;8797433;53738663;40912878;9225695;3909835;1212374
FR;0;2022-12-23;479;588;3450;26235;425;2633;26896;43425;14918;54641577;52070303;37769580;8823668;53739088;40915511;9252591;3953260;1227292
FR;0;2022-12-24;105;108;447;2708;80;338;2832;4289;1231;54641682;52070411;37770027;8826376;53739168;40915849;9255423;3957549;1228523
FR;0;2022-12-25;34;43;134;566;34;106;592;926;273;54641716;52070454;37770161;8826942;53739202;40915955;9256015;3958475;1228796
FR;0;2022-12-26;370;393;2500;16946;293;1829;17577;27640;8843;54642086;52070847;37772661;8843888;53739495;40917784;9273592;3986115;1237639
FR;0;2022-12-27;540;662;4220;33739;447;2956;34889;56755;19759;54642626;52071509;37776881;8877627;53739942;40920740;9308481;4042870;1257398
FR;0;2022-12-28;480;523;3242;25722;357;2318;26343;42953;14847;54643106;52072032;37780123;8903349;53740299;40923058;9334824;4085823;1272245
FR;0;2022-12-29;431;549;3424;26589;361;2408;27596;45108;15660;54643537;52072581;37783547;8929938;53740660;40925466;9362420;4130931;1287905
FR;0;2022-12-30;464;506;2632;19576;364;1868;20248;32641;11003;54644001;52073087;37786179;8949514;53741024;40927334;9382668;4163572;1298908
FR;0;2022-12-31;137;157;508;3189;121;413;3333;4945;1338;54644138;52073244;37786687;8952703;53741145;40927747;9386001;4168517;1300246
FR;0;2023-01-01;25;46;177;711;27;150;737;1026;246;54644163;52073290;37786864;8953414;53741172;40927897;9386738;4169543;1300492
FR;0;2023-01-02;881;601;3019;19048;427;2335;19528;33029;12101;54645044;52073891;37789883;8972462;53741599;40930232;9406266;4202572;1312593
FR;0;2023-01-03;672;696;4767;44191;476;3378;45136;82800;34831;54645716;52074587;37794650;9016653;53742075;40933610;9451402;4285372;1347424
FR;0;2023-01-04;546;613;3878;31105;421;2771;31919;59890;25826;54646262;52075200;37798528;9047758;53742496;40936381;9483321;4345262;1373250
FR;0;2023-01-05;668;767;4691;43317;566;3195;44249;84060;37184;54646930;52075967;37803219;9091075;53743062;40939576;9527570;4429322;1410434
FR;0;2023-01-06;751;861;5529;48578;582;3669;49637;92105;39512;54647681;52076828;37808748;9139653;53743644;40943245;9577207;4521427;1449946
FR;0;2023-01-07;350;412;1949;12936;301;1415;13257;23036;8767;54648031;52077240;37810697;9152589;53743945;40944660;9590464;4544463;1458713
FR;0;2023-01-08;105;144;496;2918;100;357;3015;5231;1992;54648136;52077384;37811193;9155507;53744045;40945017;9593479;4549694;1460705
FR;0;2023-01-09;585;640;2866;22351;463;2072;22932;45860;21215;54648721;52078024;37814059;9177858;53744508;40947089;9616411;4595554;1481920
FR;0;2023-01-10;618;809;4825;41577;566;3459;42408;87031;41788;54649339;52078833;37818884;9219435;53745074;40950548;9658819;4682585;1523708
FR;0;2023-01-11;505;604;3146;25103;440;2290;25636;52864;25236;54649844;52079437;37822030;9244538;53745514;40952838;9684455;4735449;1548944
FR;0;2023-01-12;606;697;3985;34351;475;2886;34977;72510;35102;54650450;52080134;37826015;9278889;53745989;40955724;9719432;4807959;1584046
FR;0;2023-01-13;798;815;4385;36237;570;3158;36904;74668;35223;54651248;52080949;37830400;9315126;53746559;40958882;9756336;4882627;1619269
FR;0;2023-01-14;354;346;1590;9309;237;1201;9501;17771;7419;54651602;52081295;37831990;9324435;53746796;40960083;9765837;4900398;1626688
FR;0;2023-01-15;100;136;378;1571;92;290;1682;3268;1415;54651702;52081431;37832368;9326006;53746888;40960373;9767519;4903666;1628103
FR;0;2023-01-16;425;480;2382;16348;333;1789;16610;35994;18105;54652127;52081911;37834750;9342354;53747221;40962162;9784129;4939660;1646208
FR;0;2023-01-17;504;597;3540;29064;412;2568;29627;65751;33910;54652631;52082508;37838290;9371418;53747633;40964730;9813756;5005411;1680118
FR;0;2023-01-18;471;562;2372;17448;409;1840;17763;39175;19886;54653102;52083070;37840662;9388866;53748042;40966570;9831519;5044586;1700004
FR;0;2023-01-19;506;522;2876;23075;356;2141;23420;52301;27013;54653608;52083592;37843538;9411941;53748398;40968711;9854939;5096887;1727017
FR;0;2023-01-20;637;707;3473;25811;507;2628;26296;57784;29431;54654245;52084299;37847011;9437752;53748905;40971339;9881235;5154671;1756448
FR;0;2023-01-21;261;306;1143;6423;221;881;6533;13246;6020;54654506;52084605;37848154;9444175;53749126;40972220;9887768;5167917;1762468
FR;0;2023-01-22;47;65;181;880;34;156;931;1922;874;54654553;52084670;37848335;9445055;53749160;40972376;9888699;5169839;1763342
FR;0;2023-01-23;324;415;1739;11043;273;1304;11268;27228;14820;54654877;52085085;37850074;9456098;53749433;40973680;9899967;5197067;1778162
FR;0;2023-01-24;478;533;2597;20753;377;1945;21056;51080;28342;54655355;52085618;37852671;9476851;53749810;40975625;9921023;5248147;1806504
FR;0;2023-01-25;408;555;1954;12616;398;1483;13046;30757;16453;54655763;52086173;37854625;9489467;53750208;40977108;9934069;5278904;1822957
FR;0;2023-01-26;435;531;2392;17196;385;1795;17509;42503;23425;54656198;52086704;37857017;9506663;53750593;40978903;9951578;5321407;1846382
FR;0;2023-01-27;528;1102;2657;18539;926;2018;18788;45088;24585;54656726;52087806;37859674;9525202;53751519;40980921;9970366;5366495;1870967
FR;0;2023-01-28;237;291;868;4521;234;693;4640;9987;4751;54656963;52088097;37860542;9529723;53751753;40981614;9975006;5376482;1875718
FR;0;2023-01-29;42;72;124;466;55;102;504;1098;548;54657005;52088169;37860666;9530189;53751808;40981716;9975510;5377580;1876266
FR;0;2023-01-30;367;450;1346;8297;322;1113;8491;20958;11438;54657372;52088619;37862012;9538486;53752130;40982829;9984001;5398538;1887704
FR;0;2023-01-31;426;493;2055;14129;335;1535;14376;36898;21265;54657798;52089112;37864067;9552615;53752465;40984364;9998377;5435436;1908969
FR;0;2023-02-01;412;538;1726;8351;411;1472;8510;22221;12614;54658210;52089650;37865793;9560966;53752876;40985836;10006887;5457657;1921583
FR;0;2023-02-02;370;510;1730;11936;352;1438;12145;31724;18274;54658580;52090160;37867523;9572902;53753228;40987274;10019032;5489381;1939857
FR;0;2023-02-03;480;658;2064;12631;492;1648;12809;33769;19457;54659060;52090818;37869587;9585533;53753720;40988922;10031841;5523150;1959314
FR;0;2023-02-04;200;278;672;3138;239;565;3183;7458;3826;54659260;52091096;37870259;9588671;53753959;40989487;10035024;5530608;1963140
FR;0;2023-02-05;25;65;91;245;42;89;261;590;284;54659285;52091161;37870350;9588916;53754001;40989576;10035285;5531198;1963424
FR;0;2023-02-06;312;359;1105;5428;290;868;5614;15392;9055;54659597;52091520;37871455;9594344;53754291;40990444;10040899;5546590;1972479
FR;0;2023-02-07;351;499;1611;9758;368;1323;9929;28251;16933;54659948;52092019;37873066;9604102;53754659;40991767;10050828;5574841;1989412
FR;0;2023-02-08;302;394;1134;6068;312;921;6236;16997;9763;54660250;52092413;37874200;9610170;53754971;40992688;10057064;5591838;1999175
FR;0;2023-02-09;339;475;1308;7920;346;1115;8101;22857;13705;54660589;52092888;37875508;9618090;53755317;40993803;10065165;5614695;2012880
FR;0;2023-02-10;468;550;1522;8361;436;1279;8508;23772;13965;54661057;52093438;37877030;9626451;53755753;40995082;10073673;5638467;2026845
FR;0;2023-02-11;169;225;583;2149;182;512;2237;5435;2770;54661226;52093663;37877613;9628600;53755935;40995594;10075910;5643902;2029615
FR;0;2023-02-12;42;49;62;175;48;56;197;440;208;54661268;52093712;37877675;9628775;53755983;40995650;10076107;5644342;2029823
FR;0;2023-02-13;245;346;756;3358;271;688;3450;9626;5506;54661513;52094058;37878431;9632133;53756254;40996338;10079557;5653968;2035329
FR;0;2023-02-14;299;381;1185;5984;278;1011;6129;17570;10421;54661812;52094439;37879616;9638117;53756532;40997349;10085686;5671538;2045750
FR;0;2023-02-15;293;406;970;4078;301;846;4255;12220;7169;54662105;52094845;37880586;9642195;53756833;40998195;10089941;5683758;2052919
FR;0;2023-02-16;266;404;1163;5206;268;1019;5350;15066;8765;54662371;52095249;37881749;9647401;53757101;40999214;10095291;5698824;2061684
FR;0;2023-02-17;372;476;1320;5481;386;1159;5703;16396;9638;54662743;52095725;37883069;9652882;53757487;41000373;10100994;5715220;2071322
FR;0;2023-02-18;162;218;565;1627;173;494;1697;4063;2051;54662905;52095943;37883634;9654509;53757660;41000867;10102691;5719283;2073373
FR;0;2023-02-19;37;38;49;139;35;40;141;338;167;54662942;52095981;37883683;9654648;53757695;41000907;10102832;5719621;2073540
FR;0;2023-02-20;249;350;719;2861;263;677;2981;8544;4895;54663191;52096331;37884402;9657509;53757958;41001584;10105813;5728165;2078435
FR;0;2023-02-21;270;413;1074;4539;268;939;4746;14007;8275;54663461;52096744;37885476;9662048;53758226;41002523;10110559;5742172;2086710
FR;0;2023-02-22;246;373;741;2947;285;702;2995;9090;5316;54663707;52097117;37886217;9664995;53758511;41003225;10113554;5751262;2092026
FR;0;2023-02-23;227;365;935;4003;251;846;4191;12270;7165;54663934;52097482;37887152;9668998;53758762;41004071;10117745;5763532;2099191
FR;0;2023-02-24;291;472;1048;4414;350;921;4613;13009;7450;54664225;52097954;37888200;9673412;53759112;41004992;10122358;5776541;2106641
FR;0;2023-02-25;126;169;448;1192;148;364;1272;3185;1621;54664351;52098123;37888648;9674604;53759260;41005356;10123630;5779726;2108262
FR;0;2023-02-26;20;28;34;101;28;35;113;256;111;54664371;52098151;37888682;9674705;53759288;41005391;10123743;5779982;2108373
FR;0;2023-02-27;213;329;602;1995;256;584;2066;6560;3945;54664584;52098480;37889284;9676700;53759544;41005975;10125809;5786542;2112318
FR;0;2023-02-28;270;370;841;3587;252;808;3731;12182;7493;54664854;52098850;37890125;9680287;53759796;41006783;10129540;5798724;2119811
FR;0;2023-03-01;227;345;833;1997;284;761;2179;6606;3927;54665081;52099195;37890958;9682284;53760080;41007544;10131719;5805330;2123738
FR;0;2023-03-02;223;318;852;2986;231;730;3203;10080;6261;54665304;52099513;37891810;9685270;53760311;41008274;10134922;5815410;2129999
FR;0;2023-03-03;332;468;1038;3686;356;930;3825;11847;7014;54665636;52099981;37892848;9688956;53760667;41009204;10138747;5827257;2137013
FR;0;2023-03-04;131;218;409;1081;158;392;1096;2792;1372;54665767;52100199;37893257;9690037;53760825;41009596;10139843;5830049;2138385
FR;0;2023-03-05;23;26;29;52;23;32;53;201;113;54665790;52100225;37893286;9690089;53760848;41009628;10139896;5830250;2138498
FR;0;2023-03-06;226;268;539;1418;192;520;1495;4729;2725;54666016;52100493;37893825;9691507;53761040;41010148;10141391;5834979;2141223
FR;0;2023-03-07;190;316;656;2362;220;612;2453;7945;4882;54666206;52100809;37894481;9693869;53761260;41010760;10143844;5842924;2146105
FR;0;2023-03-08;161;285;525;1442;220;465;1551;5005;2922;54666367;52101094;37895006;9695311;53761480;41011225;10145395;5847929;2149027
FR;0;2023-03-09;169;283;633;2005;190;608;2076;7148;4408;54666536;52101377;37895639;9697316;53761670;41011833;10147471;5855077;2153435
FR;0;2023-03-10;323;460;894;2643;344;821;2779;9010;5369;54666859;52101837;37896533;9699959;53762014;41012654;10150250;5864087;2158804
FR;0;2023-03-11;126;177;352;801;135;311;853;2299;1179;54666985;52102014;37896885;9700760;53762149;41012965;10151103;5866386;2159983
FR;0;2023-03-12;10;25;30;62;24;30;63;177;87;54666995;52102039;37896915;9700822;53762173;41012995;10151166;5866563;2160070
FR;0;2023-03-13;143;230;472;1149;175;427;1207;3778;2143;54667138;52102269;37897387;9701971;53762348;41013422;10152373;5870341;2162213
FR;0;2023-03-14;198;281;647;1894;192;635;1973;6775;4117;54667336;52102550;37898034;9703865;53762540;41014057;10154346;5877116;2166330
FR;0;2023-03-15;159;263;513;1254;214;482;1336;4335;2575;54667495;52102813;37898547;9705119;53762754;41014539;10155682;5881451;2168905
FR;0;2023-03-16;174;269;628;1649;200;578;1758;5954;3578;54667669;52103082;37899175;9706768;53762954;41015117;10157440;5887405;2172483
FR;0;2023-03-17;282;361;800;2047;272;720;2190;7336;4398;54667951;52103443;37899975;9708815;53763226;41015837;10159630;5894741;2176881
FR;0;2023-03-18;123;163;452;607;115;440;679;2042;1043;54668074;52103606;37900427;9709422;53763341;41016277;10160309;5896783;2177924
FR;0;2023-03-19;20;20;26;53;21;13;60;126;54;54668094;52103626;37900453;9709475;53763362;41016290;10160369;5896909;2177978
FR;0;2023-03-20;151;263;486;1083;174;490;1159;3826;2190;54668245;52103889;37900939;9710558;53763536;41016780;10161528;5900735;2180168
FR;0;2023-03-21;211;282;670;1630;200;638;1827;6529;3929;54668456;52104171;37901609;9712188;53763736;41017418;10163355;5907264;2184097
FR;0;2023-03-22;195;244;483;1039;191;462;1159;3954;2298;54668651;52104415;37902092;9713227;53763927;41017880;10164514;5911218;2186395
FR;0;2023-03-23;165;241;593;1417;167;536;1509;5203;3079;54668816;52104656;37902685;9714644;53764094;41018416;10166023;5916421;2189474
FR;0;2023-03-24;240;394;924;1787;289;868;1971;6632;3817;54669056;52105050;37903609;9716431;53764383;41019284;10167994;5923053;2193291
FR;0;2023-03-25;127;172;354;575;141;315;650;1794;840;54669183;52105222;37903963;9717006;53764524;41019599;10168644;5924847;2194131
FR;0;2023-03-26;10;18;26;31;12;26;33;92;47;54669193;52105240;37903989;9717037;53764536;41019625;10168677;5924939;2194178
FR;0;2023-03-27;230;256;515;891;209;493;992;3440;1953;54669423;52105496;37904504;9717928;53764745;41020118;10169669;5928379;2196131
FR;0;2023-03-28;186;250;592;1594;170;547;1723;6196;3715;54669609;52105746;37905096;9719522;53764915;41020665;10171392;5934575;2199846
FR;0;2023-03-29;172;253;436;979;165;440;1120;3774;2105;54669781;52105999;37905532;9720501;53765080;41021105;10172512;5938349;2201951
FR;0;2023-03-30;192;242;577;1360;163;564;1528;5389;3115;54669973;52106241;37906109;9721861;53765243;41021669;10174040;5943738;2205066
FR;0;2023-03-31;213;366;721;1793;272;647;1933;6851;4016;54670186;52106607;37906830;9723654;53765515;41022316;10175973;5950589;2209082
FR;0;2023-04-01;109;196;437;594;134;394;698;1982;949;54670295;52106803;37907267;9724248;53765649;41022710;10176671;5952571;2210031
FR;0;2023-04-02;10;25;30;34;14;37;37;115;50;54670305;52106828;37907297;9724282;53765663;41022747;10176708;5952686;2210081
FR;0;2023-04-03;182;213;551;875;158;508;997;3300;1831;54670487;52107041;37907848;9725157;53765821;41023255;10177705;5955986;2211912
FR;0;2023-04-04;131;255;536;1221;175;465;1380;5318;3197;54670618;52107296;37908384;9726378;53765996;41023720;10179085;5961304;2215109
FR;0;2023-04-05;101;199;411;834;141;390;932;3447;1983;54670719;52107495;37908795;9727212;53766137;41024110;10180017;5964751;2217092
FR;0;2023-04-06;151;183;438;1038;128;402;1168;4258;2449;54670870;52107678;37909233;9728250;53766265;41024512;10181185;5969009;2219541
FR;0;2023-04-07;192;307;558;1289;217;524;1421;5068;2849;54671062;52107985;37909791;9729539;53766482;41025036;10182606;5974077;2222390
FR;0;2023-04-08;67;142;238;399;96;237;436;1339;609;54671129;52108127;37910029;9729938;53766578;41025273;10183042;5975416;2222999
FR;0;2023-04-09;8;19;19;15;11;22;20;60;19;54671137;52108146;37910048;9729953;53766589;41025295;10183062;5975476;2223018
FR;0;2023-04-10;12;30;53;35;24;51;49;105;30;54671149;52108176;37910101;9729988;53766613;41025346;10183111;5975581;2223048
FR;0;2023-04-11;125;251;517;993;165;498;1106;4313;2386;54671274;52108427;37910618;9730981;53766778;41025844;10184217;5979894;2225434
FR;0;2023-04-12;131;207;382;740;154;381;809;3254;1865;54671405;52108634;37911000;9731721;53766932;41026225;10185026;5983148;2227299
FR;0;2023-04-13;109;215;408;946;145;400;1035;4229;2455;54671514;52108849;37911408;9732667;53767077;41026625;10186061;5987377;2229754
FR;0;2023-04-14;198;292;633;1239;231;575;1325;5273;3075;54671712;52109141;37912041;9733906;53767308;41027200;10187386;5992650;2232829
FR;0;2023-04-15;75;117;249;416;81;242;452;1482;682;54671787;52109258;37912290;9734322;53767389;41027442;10187838;5994132;2233511
FR;0;2023-04-16;18;19;13;38;15;17;34;109;46;54671805;52109277;37912303;9734360;53767404;41027459;10187872;5994241;2233557
FR;0;2023-04-17;107;192;376;633;132;388;728;2988;1608;54671912;52109469;37912679;9734993;53767536;41027847;10188600;5997229;2235165
FR;0;2023-04-18;148;189;403;871;129;417;970;4171;2380;54672060;52109658;37913082;9735864;53767665;41028264;10189570;6001400;2237545
FR;0;2023-04-19;112;166;291;604;125;274;698;2781;1481;54672172;52109824;37913373;9736468;53767790;41028538;10190268;6004181;2239026
FR;0;2023-04-20;106;190;350;801;134;343;860;3438;1895;54672278;52110014;37913723;9737269;53767924;41028881;10191128;6007619;2240921
FR;0;2023-04-21;146;257;540;989;166;540;1123;4294;2299;54672424;52110271;37914263;9738258;53768090;41029421;10192251;6011913;2243220
FR;0;2023-04-22;56;113;185;271;79;200;300;1113;540;54672480;52110384;37914448;9738529;53768169;41029621;10192551;6013026;2243760
FR;0;2023-04-23;4;8;15;17;7;16;21;64;22;54672484;52110392;37914463;9738546;53768176;41029637;10192572;6013090;2243782
FR;0;2023-04-24;135;176;292;541;123;281;627;2376;1213;54672619;52110568;37914755;9739087;53768299;41029918;10193199;6015466;2244995
FR;0;2023-04-25;120;175;366;824;121;374;887;4057;2215;54672739;52110743;37915121;9739911;53768420;41030292;10194086;6019523;2247210
FR;0;2023-04-26;102;134;275;502;109;274;566;2511;1283;54672841;52110877;37915396;9740413;53768529;41030566;10194652;6022034;2248493
FR;0;2023-04-27;132;171;337;783;117;351;879;3651;1951;54672973;52111048;37915733;9741196;53768646;41030917;10195531;6025685;2250444
FR;0;2023-04-28;191;264;410;850;157;433;978;4264;2185;54673164;52111312;37916143;9742046;53768803;41031350;10196509;6029949;2252629
FR;0;2023-04-29;82;95;155;268;78;138;320;1096;510;54673246;52111407;37916298;9742314;53768881;41031488;10196829;6031045;2253139
FR;0;2023-04-30;7;8;10;10;4;9;12;52;23;54673253;52111415;37916308;9742324;53768885;41031497;10196841;6031097;2253162
FR;0;2023-05-01;14;19;41;11;17;41;14;66;24;54673267;52111434;37916349;9742335;53768902;41031538;10196855;6031163;2253186
FR;0;2023-05-02;200;212;462;638;157;455;754;3492;1809;54673467;52111646;37916811;9742973;53769059;41031993;10197609;6034655;2254995
FR;0;2023-05-03;142;138;274;476;104;278;525;2718;1400;54673609;52111784;37917085;9743449;53769163;41032271;10198134;6037373;2256395
FR;0;2023-05-04;95;167;351;738;126;422;793;3973;2042;54673704;52111951;37917436;9744187;53769289;41032693;10198927;6041346;2258437
FR;0;2023-05-05;125;204;345;781;131;382;866;4434;2341;54673829;52112155;37917781;9744968;53769420;41033075;10199793;6045780;2260778
FR;0;2023-05-06;68;70;124;239;51;142;253;1071;501;54673897;52112225;37917905;9745207;53769471;41033217;10200046;6046851;2261279
FR;0;2023-05-07;9;9;12;21;8;12;22;84;30;54673906;52112234;37917917;9745228;53769479;41033229;10200068;6046935;2261309
FR;0;2023-05-08;20;14;27;18;12;24;42;128;63;54673926;52112248;37917944;9745246;53769491;41033253;10200110;6047063;2261372
FR;0;2023-05-09;85;126;231;557;94;243;612;3465;1740;54674011;52112374;37918175;9745803;53769585;41033496;10200722;6050528;2263112
FR;0;2023-05-10;110;127;196;512;103;237;551;3175;1502;54674121;52112501;37918371;9746315;53769688;41033733;10201273;6053703;2264614
FR;0;2023-05-11;84;108;222;657;85;212;736;3956;1968;54674205;52112609;37918593;9746972;53769773;41033945;10202009;6057659;2266582
FR;0;2023-05-12;92;142;270;773;107;278;809;4433;2114;54674297;52112751;37918863;9747745;53769880;41034223;10202818;6062092;2268696
FR;0;2023-05-13;49;75;110;210;55;122;233;1006;426;54674346;52112826;37918973;9747955;53769935;41034345;10203051;6063098;2269122
FR;0;2023-05-14;15;13;7;14;8;11;15;79;30;54674361;52112839;37918980;9747969;53769943;41034356;10203066;6063177;2269152
FR;0;2023-05-15;63;88;200;476;61;188;525;3239;1529;54674424;52112927;37919180;9748445;53770004;41034544;10203591;6066416;2270681
FR;0;2023-05-16;89;156;225;861;110;244;1012;5945;2865;54674513;52113083;37919405;9749306;53770114;41034788;10204603;6072361;2273546
FR;0;2023-05-17;93;139;203;504;107;201;555;3144;1398;54674606;52113222;37919608;9749810;53770221;41034989;10205158;6075505;2274944
FR;0;2023-05-18;4;8;9;28;6;10;29;163;67;54674610;52113230;37919617;9749838;53770227;41034999;10205187;6075668;2275011
FR;0;2023-05-19;72;133;211;479;94;211;542;2780;1198;54674682;52113363;37919828;9750317;53770321;41035210;10205729;6078448;2276209
FR;0;2023-05-20;45;43;84;122;30;76;141;814;330;54674727;52113406;37919912;9750439;53770351;41035286;10205870;6079262;2276539
FR;0;2023-05-21;10;9;5;15;7;8;16;148;44;54674737;52113415;37919917;9750454;53770358;41035294;10205886;6079410;2276583
FR;0;2023-05-22;86;65;169;437;52;164;494;2935;1330;54674823;52113480;37920086;9750891;53770410;41035458;10206380;6082345;2277913
FR;0;2023-05-23;44;83;184;642;65;166;750;4617;2117;54674867;52113563;37920270;9751533;53770475;41035624;10207130;6086962;2280030
FR;0;2023-05-24;68;87;170;517;71;161;591;3187;1455;54674935;52113650;37920440;9752050;53770546;41035785;10207721;6090149;2281485
FR;0;2023-05-25;76;82;169;546;64;164;620;4498;2059;54675011;52113732;37920609;9752596;53770610;41035949;10208341;6094647;2283544
FR;0;2023-05-26;92;132;198;611;100;206;659;4449;2058;54675103;52113864;37920807;9753207;53770710;41036155;10209000;6099096;2285602
FR;0;2023-05-27;35;62;77;139;44;79;167;857;409;54675138;52113926;37920884;9753346;53770754;41036234;10209167;6099953;2286011
FR;0;2023-05-28;4;5;4;8;7;3;14;69;32;54675142;52113931;37920888;9753354;53770761;41036237;10209181;6100022;2286043
FR;0;2023-05-29;3;6;5;23;3;8;34;227;74;54675145;52113937;37920893;9753377;53770764;41036245;10209215;6100249;2286117
FR;0;2023-05-30;92;98;154;578;67;162;645;4201;1799;54675237;52114035;37921047;9753955;53770831;41036407;10209860;6104450;2287916
FR;0;2023-05-31;65;109;118;439;73;136;503;3144;1429;54675302;52114144;37921165;9754394;53770904;41036543;10210363;6107594;2289345
FR;0;2023-06-01;63;78;161;503;56;164;568;4086;1727;54675365;52114222;37921326;9754897;53770960;41036707;10210931;6111680;2291072
FR;0;2023-06-02;67;110;168;530;72;190;627;4578;2105;54675432;52114332;37921494;9755427;53771032;41036897;10211558;6116258;2293177
FR;0;2023-06-03;26;52;67;154;33;72;174;994;385;54675458;52114384;37921561;9755581;53771065;41036969;10211732;6117252;2293562
FR;0;2023-06-04;2;5;2;11;2;7;11;65;17;54675460;52114389;37921563;9755592;53771067;41036976;10211743;6117317;2293579
FR;0;2023-06-05;94;76;123;372;58;158;425;3122;1286;54675554;52114465;37921686;9755964;53771125;41037134;10212168;6120439;2294865
