fra;vaccin;jour;n_dose1;n_dose2;n_dose3;n_dose4;n_rappel;n_cum_dose1;n_cum_dose2;n_cum_dose3;n_cum_dose4;n_cum_rappel
FR;1;2020-12-27;602;0;0;0;0;602;0;0;0;0
FR;1;2020-12-28;666;1;0;0;0;1268;1;0;0;0
FR;1;2020-12-29;373;0;0;0;0;1641;1;0;0;0
FR;1;2020-12-30;439;0;0;0;0;2080;1;0;0;0
FR;1;2020-12-31;419;0;0;0;0;2499;1;0;0;0
FR;1;2021-01-01;1135;1;0;0;0;3634;2;0;0;0
FR;1;2021-01-02;356;3;0;0;0;3990;5;0;0;0
FR;1;2021-01-03;400;0;0;0;0;4390;5;0;0;0
FR;1;2021-01-04;2087;2;0;0;0;6477;7;0;0;0
FR;1;2021-01-05;7578;3;0;0;0;14055;10;0;0;0
FR;1;2021-01-06;12415;11;0;0;0;26470;21;0;0;0
FR;1;2021-01-07;29446;9;0;0;0;55916;30;0;0;0
FR;1;2021-01-08;37120;9;0;0;0;93036;39;0;0;0
FR;1;2021-01-09;11209;4;0;0;0;104245;43;0;0;0
FR;1;2021-01-10;5996;3;0;0;0;110241;46;0;0;0
FR;1;2021-01-11;39924;17;0;0;0;150165;63;0;0;0
FR;1;2021-01-12;62121;15;0;0;0;212286;78;0;0;0
FR;1;2021-01-13;65096;28;0;0;0;277382;106;0;0;0
FR;1;2021-01-14;81434;76;0;0;0;358816;182;0;0;0
FR;1;2021-01-15;68594;32;0;0;0;427410;214;0;0;0
FR;1;2021-01-16;19893;70;0;0;0;447303;284;0;0;0
FR;1;2021-01-17;10896;46;0;0;0;458199;330;0;0;0
FR;1;2021-01-18;82807;162;0;0;0;541006;492;0;0;0
FR;1;2021-01-19;125897;172;0;0;0;666903;664;0;0;0
FR;1;2021-01-20;132390;168;0;0;0;799293;832;0;0;0
FR;1;2021-01-21;153037;160;0;0;0;952330;992;0;0;0
FR;1;2021-01-22;115924;196;0;0;0;1068254;1188;0;0;0
FR;1;2021-01-23;36599;63;0;0;0;1104853;1251;0;0;0
FR;1;2021-01-24;9580;68;0;0;0;1114433;1319;0;0;0
FR;1;2021-01-25;74410;1261;0;0;0;1188843;2580;0;0;0
FR;1;2021-01-26;96442;3285;1;0;0;1285285;5865;1;0;0
FR;1;2021-01-27;103625;5902;0;0;0;1388910;11767;1;0;0
FR;1;2021-01-28;120581;14974;0;0;0;1509491;26741;1;0;0
FR;1;2021-01-29;88879;17726;0;0;0;1598370;44467;1;0;0
FR;1;2021-01-30;27983;4255;0;0;0;1626353;48722;1;0;0
FR;1;2021-01-31;5180;1735;0;0;0;1631533;50457;1;0;0
FR;1;2021-02-01;49704;21517;0;0;0;1681237;71974;1;0;0
FR;1;2021-02-02;67788;35669;0;0;0;1749025;107643;1;0;0
FR;1;2021-02-03;67071;38006;0;0;0;1816096;145649;1;0;0
FR;1;2021-02-04;77118;51484;0;0;0;1893214;197133;1;0;0
FR;1;2021-02-05;63405;46132;0;0;0;1956619;243265;1;0;0
FR;1;2021-02-06;19404;10749;0;0;0;1976023;254014;1;0;0
FR;1;2021-02-07;3658;5271;0;0;0;1979681;259285;1;0;0
FR;1;2021-02-08;36480;46873;0;0;0;2016161;306158;1;0;0
FR;1;2021-02-09;50788;74377;0;0;0;2066949;380535;1;0;0
FR;1;2021-02-10;52044;79234;0;0;0;2118993;459769;1;0;0
FR;1;2021-02-11;63348;101007;0;0;0;2182341;560776;1;0;0
FR;1;2021-02-12;55838;74649;0;0;0;2238179;635425;1;0;0
FR;1;2021-02-13;15451;19242;0;0;0;2253630;654667;1;0;0
FR;1;2021-02-14;3744;7189;0;0;0;2257374;661856;1;0;0
FR;1;2021-02-15;24128;73507;0;0;0;2281502;735363;1;0;0
FR;1;2021-02-16;32754;96538;0;0;0;2314256;831901;1;0;0
FR;1;2021-02-17;35097;100134;1;0;0;2349353;932035;2;0;0
FR;1;2021-02-18;49422;115285;0;0;0;2398775;1047320;2;0;0
FR;1;2021-02-19;45365;86636;1;0;0;2444140;1133956;3;0;0
FR;1;2021-02-20;13376;27080;0;0;0;2457516;1161036;3;0;0
FR;1;2021-02-21;2454;6220;0;0;0;2459970;1167256;3;0;0
FR;1;2021-02-22;24703;69419;2;0;0;2484673;1236675;5;0;0
FR;1;2021-02-23;37414;80779;1;0;0;2522087;1317454;6;0;0
FR;1;2021-02-24;40672;78256;1;0;0;2562759;1395710;7;0;0
FR;1;2021-02-25;50132;87987;1;0;0;2612891;1483697;8;0;0
FR;1;2021-02-26;47189;67568;1;0;0;2660080;1551265;9;0;0
FR;1;2021-02-27;15667;21082;0;0;0;2675747;1572347;9;0;0
FR;1;2021-02-28;3551;4255;1;0;0;2679298;1576602;10;0;0
FR;1;2021-03-01;40144;49554;1;0;0;2719442;1626156;11;0;0
FR;1;2021-03-02;55954;61829;2;0;0;2775396;1687985;13;0;0
FR;1;2021-03-03;61202;60577;0;0;0;2836598;1748562;13;0;0
FR;1;2021-03-04;72970;66158;3;0;0;2909568;1814720;16;0;0
FR;1;2021-03-05;74733;59012;3;0;0;2984301;1873732;19;0;0
FR;1;2021-03-06;82433;15994;2;0;0;3066734;1889726;21;0;0
FR;1;2021-03-07;63702;4929;1;0;0;3130436;1894655;22;0;0
FR;1;2021-03-08;60140;42008;2;0;0;3190576;1936663;24;0;0
FR;1;2021-03-09;85960;47979;1;0;0;3276536;1984642;25;0;0
FR;1;2021-03-10;90873;47943;5;0;0;3367409;2032585;30;0;0
FR;1;2021-03-11;105033;54151;1;0;0;3472442;2086736;31;0;0
FR;1;2021-03-12;104082;45058;1;0;0;3576524;2131794;32;0;0
FR;1;2021-03-13;89179;12714;1;0;0;3665703;2144508;33;0;0
FR;1;2021-03-14;44444;2880;1;0;0;3710147;2147388;34;0;0
FR;1;2021-03-15;95473;28617;3;0;0;3805620;2176005;37;0;0
FR;1;2021-03-16;123569;34454;5;0;0;3929189;2210459;42;0;0
FR;1;2021-03-17;129279;34182;4;0;0;4058468;2244641;46;0;0
FR;1;2021-03-18;142852;39547;5;0;0;4201320;2284188;51;0;0
FR;1;2021-03-19;136212;32542;2;0;0;4337532;2316730;53;0;0
FR;1;2021-03-20;75972;9987;1;0;0;4413504;2326717;54;0;0
FR;1;2021-03-21;26495;2352;1;0;0;4439999;2329069;55;0;0
FR;1;2021-03-22;114716;30800;2;0;0;4554715;2359869;57;0;0
FR;1;2021-03-23;142993;38101;1;0;0;4697708;2397970;58;0;0
FR;1;2021-03-24;141959;38606;0;0;0;4839667;2436576;58;0;0
FR;1;2021-03-25;164967;39605;4;0;0;5004634;2476181;62;0;0
FR;1;2021-03-26;166360;37502;4;1;0;5170994;2513683;66;1;0
FR;1;2021-03-27;110866;15286;1;0;0;5281860;2528969;67;1;0
FR;1;2021-03-28;42291;3871;3;0;0;5324151;2532840;70;1;0
FR;1;2021-03-29;129785;49653;4;0;0;5453936;2582493;74;1;0
FR;1;2021-03-30;167671;63515;4;0;0;5621607;2646008;78;1;0
FR;1;2021-03-31;170886;67216;4;0;0;5792493;2713224;82;1;0
FR;1;2021-04-01;194717;80639;11;0;0;5987210;2793863;93;1;0
FR;1;2021-04-02;164412;84937;7;0;0;6151622;2878800;100;1;0
FR;1;2021-04-03;88224;58036;5;0;0;6239846;2936836;105;1;0
FR;1;2021-04-04;33577;17694;0;0;0;6273423;2954530;105;1;0
FR;1;2021-04-05;46376;9970;11;0;0;6319799;2964500;116;1;0
FR;1;2021-04-06;160258;102140;17;0;0;6480057;3066640;133;1;0
FR;1;2021-04-07;196928;108201;16;0;0;6676985;3174841;149;1;0
FR;1;2021-04-08;222047;112738;13;0;0;6899032;3287579;162;1;0
FR;1;2021-04-09;214501;107353;21;0;0;7113533;3394932;183;1;0
FR;1;2021-04-10;117149;73264;14;0;0;7230682;3468196;197;1;0
FR;1;2021-04-11;40873;30134;6;0;0;7271555;3498330;203;1;0
FR;1;2021-04-12;168411;103879;45;0;0;7439966;3602209;248;1;0
FR;1;2021-04-13;203750;127992;97;1;0;7643716;3730201;345;2;0
FR;1;2021-04-14;208538;122660;206;0;0;7852254;3852861;551;2;0
FR;1;2021-04-15;221603;127031;311;0;0;8073857;3979892;862;2;0
FR;1;2021-04-16;206004;125155;307;0;0;8279861;4105047;1169;2;0
FR;1;2021-04-17;122058;67279;103;0;0;8401919;4172326;1272;2;0
FR;1;2021-04-18;35953;20927;41;0;0;8437872;4193253;1313;2;0
FR;1;2021-04-19;163706;121706;430;0;0;8601578;4314959;1743;2;0
FR;1;2021-04-20;189355;148845;530;0;0;8790933;4463804;2273;2;0
FR;1;2021-04-21;193932;146898;758;0;0;8984865;4610702;3031;2;0
FR;1;2021-04-22;208979;163049;777;0;0;9193844;4773751;3808;2;0
FR;1;2021-04-23;198911;157031;671;0;0;9392755;4930782;4479;2;0
FR;1;2021-04-24;126299;95460;147;0;0;9519054;5026242;4626;2;0
FR;1;2021-04-25;53618;30016;46;0;0;9572672;5056258;4672;2;0
FR;1;2021-04-26;181083;138335;539;0;0;9753755;5194593;5211;2;0
FR;1;2021-04-27;221315;161843;900;0;0;9975070;5356436;6111;2;0
FR;1;2021-04-28;238238;155042;1310;1;1;10213308;5511478;7421;3;1
FR;1;2021-04-29;270222;160371;1207;0;0;10483530;5671849;8628;3;1
FR;1;2021-04-30;271924;148108;1069;0;0;10755454;5819957;9697;3;1
FR;1;2021-05-01;141114;40631;172;0;0;10896568;5860588;9869;3;1
FR;1;2021-05-02;81520;28088;81;0;0;10978088;5888676;9950;3;1
FR;1;2021-05-03;250726;145282;799;0;0;11228814;6033958;10749;3;1
FR;1;2021-05-04;265803;186854;1197;0;0;11494617;6220812;11946;3;1
FR;1;2021-05-05;283803;184725;1264;0;0;11778420;6405537;13210;3;1
FR;1;2021-05-06;309886;183210;1498;0;0;12088306;6588747;14708;3;1
FR;1;2021-05-07;284033;195650;1125;0;0;12372339;6784397;15833;3;1
FR;1;2021-05-08;191636;48616;284;0;0;12563975;6833013;16117;3;1
FR;1;2021-05-09;114045;35880;236;0;0;12678020;6868893;16353;3;1
FR;1;2021-05-10;258130;193989;1182;0;0;12936150;7062882;17535;3;1
FR;1;2021-05-11;318815;210977;1462;0;0;13254965;7273859;18997;3;1
FR;1;2021-05-12;356558;185692;1399;0;0;13611523;7459551;20396;3;1
FR;1;2021-05-13;283402;47707;399;0;0;13894925;7507258;20795;3;1
FR;1;2021-05-14;370438;128559;990;0;0;14265363;7635817;21785;3;1
FR;1;2021-05-15;298049;66091;402;0;0;14563412;7701908;22187;3;1
FR;1;2021-05-16;157749;15537;158;0;0;14721161;7717445;22345;3;1
FR;1;2021-05-17;318887;116296;1436;0;0;15040048;7833741;23781;3;1
FR;1;2021-05-18;383264;111184;1795;0;0;15423312;7944925;25576;3;1
FR;1;2021-05-19;395204;102591;2174;0;0;15818516;8047516;27750;3;1
FR;1;2021-05-20;421747;96096;2041;0;0;16240263;8143612;29791;3;1
FR;1;2021-05-21;399755;97168;1756;0;0;16640018;8240780;31547;3;1
FR;1;2021-05-22;275643;42014;602;0;0;16915661;8282794;32149;3;1
FR;1;2021-05-23;122984;11150;224;0;0;17038645;8293944;32373;3;1
FR;1;2021-05-24;243976;26212;565;0;0;17282621;8320156;32938;3;1
FR;1;2021-05-25;366171;131605;2108;1;0;17648792;8451761;35046;4;1
FR;1;2021-05-26;380735;125851;1987;0;0;18029527;8577612;37033;4;1
FR;1;2021-05-27;406050;127964;1973;0;0;18435577;8705576;39006;4;1
FR;1;2021-05-28;365938;145272;1698;0;0;18801515;8850848;40704;4;1
FR;1;2021-05-29;253802;80832;525;0;0;19055317;8931680;41229;4;1
FR;1;2021-05-30;100935;22539;157;0;0;19156252;8954219;41386;4;1
FR;1;2021-05-31;314217;148744;1279;1;1;19470469;9102963;42665;5;2
FR;1;2021-06-01;361479;166433;1724;1;1;19831948;9269396;44389;6;3
FR;1;2021-06-02;364682;153145;1791;0;0;20196630;9422541;46180;6;3
FR;1;2021-06-03;390443;147558;1647;0;0;20587073;9570099;47827;6;3
FR;1;2021-06-04;363561;175490;1492;1;1;20950634;9745589;49319;7;4
FR;1;2021-06-05;258458;112645;596;0;0;21209092;9858234;49915;7;4
FR;1;2021-06-06;126741;37546;215;0;0;21335833;9895780;50130;7;4
FR;1;2021-06-07;300150;207782;1362;0;0;21635983;10103562;51492;7;4
FR;1;2021-06-08;330544;220757;1636;0;0;21966527;10324319;53128;7;4
FR;1;2021-06-09;336393;212191;1607;0;0;22302920;10536510;54735;7;4
FR;1;2021-06-10;343684;201874;1608;0;0;22646604;10738384;56343;7;4
FR;1;2021-06-11;311729;235241;1292;0;0;22958333;10973625;57635;7;4
FR;1;2021-06-12;244026;150647;431;0;0;23202359;11124272;58066;7;4
FR;1;2021-06-13;100315;61001;188;0;0;23302674;11185273;58254;7;4
FR;1;2021-06-14;207669;288760;1316;1;0;23510343;11474033;59570;8;4
FR;1;2021-06-15;256704;282103;1391;1;0;23767047;11756136;60961;9;4
FR;1;2021-06-16;273518;270610;1262;1;0;24040565;12026746;62223;10;4
FR;1;2021-06-17;268097;244739;1231;1;0;24308662;12271485;63454;11;4
FR;1;2021-06-18;260421;295644;1149;1;0;24569083;12567129;64603;12;4
FR;1;2021-06-19;193412;209484;387;0;0;24762495;12776613;64990;12;4
FR;1;2021-06-20;69651;89151;117;0;0;24832146;12865764;65107;12;4
FR;1;2021-06-21;172198;319811;929;1;1;25004344;13185575;66036;13;5
FR;1;2021-06-22;185684;347825;1096;10;2;25190028;13533400;67132;23;7
FR;1;2021-06-23;204044;339458;1048;0;0;25394072;13872858;68180;23;7
FR;1;2021-06-24;203403;282104;1166;0;0;25597475;14154962;69346;23;7
FR;1;2021-06-25;182496;371833;1196;0;0;25779971;14526795;70542;23;7
FR;1;2021-06-26;131347;278308;502;0;0;25911318;14805103;71044;23;7
FR;1;2021-06-27;52373;122906;145;0;0;25963691;14928009;71189;23;7
FR;1;2021-06-28;136508;368135;1057;0;0;26100199;15296144;72246;23;7
FR;1;2021-06-29;154752;390710;1849;0;0;26254951;15686854;74095;23;7
FR;1;2021-06-30;179906;379514;1662;4;2;26434857;16066368;75757;27;9
FR;1;2021-07-01;201271;332186;1886;5;1;26636128;16398554;77643;32;10
FR;1;2021-07-02;193532;367667;1764;5;3;26829660;16766221;79407;37;13
FR;1;2021-07-03;124377;280451;704;3;1;26954037;17046672;80111;40;14
FR;1;2021-07-04;53908;113683;244;0;0;27007945;17160355;80355;40;14
FR;1;2021-07-05;153677;356023;1500;8;2;27161622;17516378;81855;48;16
FR;1;2021-07-06;173309;382519;1601;45;8;27334931;17898897;83456;93;24
FR;1;2021-07-07;190601;362566;1656;24;5;27525532;18261463;85112;117;29
FR;1;2021-07-08;201384;323118;1825;20;7;27726916;18584581;86937;137;36
FR;1;2021-07-09;189716;387597;1851;3;2;27916632;18972178;88788;140;38
FR;1;2021-07-10;129874;281138;814;1;1;28046506;19253316;89602;141;39
FR;1;2021-07-11;57628;102502;261;0;0;28104134;19355818;89863;141;39
FR;1;2021-07-12;149470;417022;1579;4;0;28253604;19772840;91442;145;39
FR;1;2021-07-13;234080;439503;1805;8;2;28487684;20212343;93247;153;41
FR;1;2021-07-14;171742;151539;417;0;0;28659426;20363882;93664;153;41
FR;1;2021-07-15;279473;424771;1856;1;0;28938899;20788653;95520;154;41
FR;1;2021-07-16;290262;401225;1710;3;1;29229161;21189878;97230;157;42
FR;1;2021-07-17;217277;282115;754;1;0;29446438;21471993;97984;158;42
FR;1;2021-07-18;101963;107306;288;0;0;29548401;21579299;98272;158;42
FR;1;2021-07-19;238074;379145;1495;3;0;29786475;21958444;99767;161;42
FR;1;2021-07-20;305580;380730;1468;0;0;30092055;22339174;101235;161;42
FR;1;2021-07-21;333132;353422;1412;4;2;30425187;22692596;102647;165;44
FR;1;2021-07-22;364520;319237;1501;3;2;30789707;23011833;104148;168;46
FR;1;2021-07-23;348983;343605;1586;4;2;31138690;23355438;105734;172;48
FR;1;2021-07-24;238910;240980;696;1;0;31377600;23596418;106430;173;48
FR;1;2021-07-25;112750;76060;215;0;0;31490350;23672478;106645;173;48
FR;1;2021-07-26;299021;290055;1496;2;2;31789371;23962533;108141;175;50
FR;1;2021-07-27;385702;268692;1457;4;2;32175073;24231225;109598;179;52
FR;1;2021-07-28;390092;251445;1460;4;2;32565165;24482670;111058;183;54
FR;1;2021-07-29;406018;228246;1538;2;1;32971183;24710916;112596;185;55
FR;1;2021-07-30;370598;246969;1632;4;1;33341781;24957885;114228;189;56
FR;1;2021-07-31;243352;165119;793;1;0;33585133;25123004;115021;190;56
FR;1;2021-08-01;105521;47234;233;0;0;33690654;25170238;115254;190;56
FR;1;2021-08-02;297030;213213;1475;2;0;33987684;25383451;116729;192;56
FR;1;2021-08-03;331174;209205;1545;2;1;34318858;25592656;118274;194;57
FR;1;2021-08-04;327840;184342;1436;5;3;34646698;25776998;119710;199;60
FR;1;2021-08-05;301116;193545;1482;0;0;34947814;25970543;121192;199;60
FR;1;2021-08-06;290845;224514;1558;3;1;35238659;26195057;122750;202;61
FR;1;2021-08-07;182599;158823;654;4;3;35421258;26353880;123404;206;64
FR;1;2021-08-08;68835;59130;247;0;0;35490093;26413010;123651;206;64
FR;1;2021-08-09;222630;235882;1438;4;3;35712723;26648892;125089;210;67
FR;1;2021-08-10;252510;240625;1486;2;1;35965233;26889517;126575;212;68
FR;1;2021-08-11;236048;232369;1270;5;1;36201281;27121886;127845;217;69
FR;1;2021-08-12;220625;240215;1484;3;1;36421906;27362101;129329;220;70
FR;1;2021-08-13;201624;238550;1356;2;2;36623530;27600651;130685;222;72
FR;1;2021-08-14;122813;174155;645;0;0;36746343;27774806;131330;222;72
FR;1;2021-08-15;34661;46122;198;1;0;36781004;27820928;131528;223;72
FR;1;2021-08-16;156836;289848;1421;0;0;36937840;28110776;132949;223;72
FR;1;2021-08-17;171507;291576;1420;5;1;37109347;28402352;134369;228;73
FR;1;2021-08-18;161317;286992;1389;6;3;37270664;28689344;135758;234;76
FR;1;2021-08-19;148823;277715;1397;1;0;37419487;28967059;137155;235;76
FR;1;2021-08-20;140417;309064;1524;2;2;37559904;29276123;138679;237;78
FR;1;2021-08-21;84237;213253;586;0;0;37644141;29489376;139265;237;78
FR;1;2021-08-22;28544;82693;230;0;0;37672685;29572069;139495;237;78
FR;1;2021-08-23;118583;321164;1420;2;1;37791268;29893233;140915;239;79
FR;1;2021-08-24;126592;319885;1601;5;1;37917860;30213118;142516;244;80
FR;1;2021-08-25;121459;306585;1776;8;3;38039319;30519703;144292;252;83
FR;1;2021-08-26;106517;286193;2156;10;1;38145836;30805896;146448;262;84
FR;1;2021-08-27;107593;321570;2300;9;3;38253429;31127466;148748;271;87
FR;1;2021-08-28;70970;220710;1100;0;0;38324399;31348176;149848;271;87
FR;1;2021-08-29;24137;78154;467;1;0;38348536;31426330;150315;272;87
FR;1;2021-08-30;96806;286525;4307;6;5121;38445342;31712855;154622;278;5208
FR;1;2021-08-31;98030;276453;9285;15;10179;38543372;31989308;163907;293;15387
FR;1;2021-09-01;111980;245334;21103;7;22070;38655352;32234642;185010;300;37457
FR;1;2021-09-02;84730;198008;24524;11;25438;38740082;32432650;209534;311;62895
FR;1;2021-09-03;82317;227607;26943;20;27970;38822399;32660257;236477;331;90865
FR;1;2021-09-04;71545;189711;11138;11;11651;38893944;32849968;247615;342;102516
FR;1;2021-09-05;18595;41192;4121;2;4288;38912539;32891160;251736;344;106804
FR;1;2021-09-06;59470;151632;30172;15;31148;38972009;33042792;281908;359;137952
FR;1;2021-09-07;57191;139714;30200;27;31108;39029200;33182506;312108;386;169060
FR;1;2021-09-08;71132;173881;26916;20;27864;39100332;33356387;339024;406;196924
FR;1;2021-09-09;54214;124565;28600;23;29650;39154546;33480952;367624;429;226574
FR;1;2021-09-10;65785;152088;30430;22;31564;39220331;33633040;398054;451;258138
FR;1;2021-09-11;52297;146615;9727;14;10303;39272628;33779655;407781;465;268441
FR;1;2021-09-12;10767;29240;2481;1;2635;39283395;33808895;410262;466;271076
FR;1;2021-09-13;51328;104599;38729;28;39912;39334723;33913494;448991;494;310988
FR;1;2021-09-14;53183;96054;51254;65;52879;39387906;34009548;500245;559;363867
FR;1;2021-09-15;60347;139291;50458;55;46963;39448253;34148839;550703;614;410830
FR;1;2021-09-16;46532;81417;53285;71;49466;39494785;34230256;603988;685;460296
FR;1;2021-09-17;53112;109385;45047;60;42637;39547897;34339641;649035;745;502933
FR;1;2021-09-18;37835;118490;11790;19;11255;39585732;34458131;660825;764;514188
FR;1;2021-09-19;6492;21036;2037;1;1973;39592224;34479167;662862;765;516161
FR;1;2021-09-20;36428;74918;46174;66;44087;39628652;34554085;709036;831;560248
FR;1;2021-09-21;34121;68143;56228;71;52616;39662773;34622228;765264;902;612864
FR;1;2021-09-22;38745;118517;49832;76;46816;39701518;34740745;815096;978;659680
FR;1;2021-09-23;31927;62831;54460;85;50814;39733445;34803576;869556;1063;710494
FR;1;2021-09-24;36705;90050;43640;91;41867;39770150;34893626;913196;1154;752361
FR;1;2021-09-25;27625;96614;12297;27;12162;39797775;34990240;925493;1181;764523
FR;1;2021-09-26;4357;15202;1770;5;1696;39802132;35005442;927263;1186;766219
FR;1;2021-09-27;27306;60231;42883;89;41562;39829438;35065673;970146;1275;807781
FR;1;2021-09-28;26842;49448;47156;75;44375;39856280;35115121;1017302;1350;852156
FR;1;2021-09-29;35829;80395;47244;87;45522;39892109;35195516;1064546;1437;897678
FR;1;2021-09-30;26010;46768;47490;79;45364;39918119;35242284;1112036;1516;943042
FR;1;2021-10-01;47129;65007;44858;83;44404;39965248;35307291;1156894;1599;987446
FR;1;2021-10-02;32332;62343;16104;32;16294;39997580;35369634;1172998;1631;1003740
FR;1;2021-10-03;4318;8575;2031;3;2024;40001898;35378209;1175029;1634;1005764
FR;1;2021-10-04;28755;44415;47088;79;46898;40030653;35422624;1222117;1713;1052662
FR;1;2021-10-05;24218;41622;49828;116;49175;40054871;35464246;1271945;1829;1101837
FR;1;2021-10-06;34374;61331;57441;102;57128;40089245;35525577;1329386;1931;1158965
FR;1;2021-10-07;20928;39807;52990;75;51808;40110173;35565384;1382376;2006;1210773
FR;1;2021-10-08;34949;59586;60358;83;61052;40145122;35624970;1442734;2089;1271825
FR;1;2021-10-09;27420;47971;25474;30;25971;40172542;35672941;1468208;2119;1297796
FR;1;2021-10-10;3614;5782;2746;7;2845;40176156;35678723;1470954;2126;1300641
FR;1;2021-10-11;24695;38160;54559;88;55165;40200851;35716883;1525513;2214;1355806
FR;1;2021-10-12;23101;36573;58020;126;59078;40223952;35753456;1583533;2340;1414884
FR;1;2021-10-13;32801;47792;64142;124;65611;40256753;35801248;1647675;2464;1480495
FR;1;2021-10-14;21597;34762;53725;103;54288;40278350;35836010;1701400;2567;1534783
FR;1;2021-10-15;32548;48799;72298;165;74912;40310898;35884809;1773698;2732;1609695
FR;1;2021-10-16;25955;35268;34857;44;36389;40336853;35920077;1808555;2776;1646084
FR;1;2021-10-17;3096;4062;3407;2;3317;40339949;35924139;1811962;2778;1649401
FR;1;2021-10-18;23460;34906;66804;131;69645;40363409;35959045;1878766;2909;1719046
FR;1;2021-10-19;20590;34485;75628;136;79514;40383999;35993530;1954394;3045;1798560
FR;1;2021-10-20;29795;44190;96140;177;99755;40413794;36037720;2050534;3222;1898315
FR;1;2021-10-21;19594;35088;83119;107;86979;40433388;36072808;2133653;3329;1985294
FR;1;2021-10-22;29531;47624;103699;195;109563;40462919;36120432;2237352;3524;2094857
FR;1;2021-10-23;23002;35150;44847;57;47345;40485921;36155582;2282199;3581;2142202
FR;1;2021-10-24;2373;3880;3579;6;3733;40488294;36159462;2285778;3587;2145935
FR;1;2021-10-25;22383;30821;81991;143;85757;40510677;36190283;2367769;3730;2231692
FR;1;2021-10-26;19295;27704;86058;162;90275;40529972;36217987;2453827;3892;2321967
FR;1;2021-10-27;26127;39658;107755;252;112594;40556099;36257645;2561582;4144;2434561
FR;1;2021-10-28;18586;27059;86893;150;91582;40574685;36284704;2648475;4294;2526143
FR;1;2021-10-29;25869;40155;114782;200;121512;40600554;36324859;2763257;4494;2647655
FR;1;2021-10-30;17666;28602;49339;75;51913;40618220;36353461;2812596;4569;2699568
FR;1;2021-10-31;2055;3202;3442;2;3677;40620275;36356663;2816038;4571;2703245
FR;1;2021-11-01;7698;4199;3021;3;3263;40627973;36360862;2819059;4574;2706508
FR;1;2021-11-02;21835;33203;92342;157;97680;40649808;36394065;2911401;4731;2804188
FR;1;2021-11-03;26274;41522;117440;215;123796;40676082;36435587;3028841;4946;2927984
FR;1;2021-11-04;19486;30281;105731;213;111814;40695568;36465868;3134572;5159;3039798
FR;1;2021-11-05;26899;42238;138715;227;147289;40722467;36508106;3273287;5386;3187087
FR;1;2021-11-06;18802;29819;63441;123;66408;40741269;36537925;3336728;5509;3253495
FR;1;2021-11-07;1788;3354;4952;6;5292;40743057;36541279;3341680;5515;3258787
FR;1;2021-11-08;17659;32296;125899;224;132447;40760716;36573575;3467579;5739;3391234
FR;1;2021-11-09;19220;37709;159211;335;168911;40779936;36611284;3626790;6074;3560145
FR;1;2021-11-10;28660;49146;181813;440;192353;40808596;36660430;3808603;6514;3752498
FR;1;2021-11-11;3782;5927;12188;26;12994;40812378;36666357;3820791;6540;3765492
FR;1;2021-11-12;25930;46874;174736;243;186332;40838308;36713231;3995527;6783;3951824
FR;1;2021-11-13;18684;29249;76800;111;81737;40856992;36742480;4072327;6894;4033561
FR;1;2021-11-14;2024;3314;6812;5;7383;40859016;36745794;4079139;6899;4040944
FR;1;2021-11-15;18576;34881;156333;303;166092;40877592;36780675;4235472;7202;4207036
FR;1;2021-11-16;21062;37921;191997;377;204771;40898654;36818596;4427469;7579;4411807
FR;1;2021-11-17;28489;45716;193140;399;204913;40927143;36864312;4620609;7978;4616720
FR;1;2021-11-18;21048;38837;182381;457;194350;40948191;36903149;4802990;8435;4811070
FR;1;2021-11-19;30770;53374;230136;529;246552;40978961;36956523;5033126;8964;5057622
FR;1;2021-11-20;23679;33319;96940;201;103576;41002640;36989842;5130066;9165;5161198
FR;1;2021-11-21;2313;4016;9096;18;9969;41004953;36993858;5139162;9183;5171167
FR;1;2021-11-22;21354;30471;175792;465;189311;41026307;37024329;5314954;9648;5360478
FR;1;2021-11-23;23868;41167;221087;538;237784;41050175;37065496;5536041;10186;5598262
FR;1;2021-11-24;30256;49746;217252;703;234362;41080431;37115242;5753293;10889;5832624
FR;1;2021-11-25;23480;43928;244342;719;263874;41103911;37159170;5997635;11608;6096498
FR;1;2021-11-26;30580;66552;356668;832;388355;41134491;37225722;6354303;12440;6484853
FR;1;2021-11-27;21768;45363;202546;371;222519;41156259;37271085;6556849;12811;6707372
FR;1;2021-11-28;3137;9675;54753;63;61028;41159396;37280760;6611602;12874;6768400
FR;1;2021-11-29;17853;49521;326261;840;354240;41177249;37330281;6937863;13714;7122640
FR;1;2021-11-30;22740;64980;431025;949;470594;41199989;37395261;7368888;14663;7593234
FR;1;2021-12-01;24895;69367;442737;1130;481577;41224884;37464628;7811625;15793;8074811
FR;1;2021-12-02;19962;64425;489239;1227;532675;41244846;37529053;8300864;17020;8607486
FR;1;2021-12-03;22825;81816;542597;1307;591576;41267671;37610869;8843461;18327;9199062
FR;1;2021-12-04;16367;53932;299023;652;328853;41284038;37664801;9142484;18979;9527915
FR;1;2021-12-05;3622;13920;81495;143;91051;41287660;37678721;9223979;19122;9618966
FR;1;2021-12-06;20361;62780;415300;1065;455009;41308021;37741501;9639279;20187;10073975
FR;1;2021-12-07;19788;75814;522796;1531;572391;41327809;37817315;10162075;21718;10646366
FR;1;2021-12-08;21552;75826;458209;1543;501898;41349361;37893141;10620284;23261;11148264
FR;1;2021-12-09;19389;74111;492751;1625;540610;41368750;37967252;11113035;24886;11688874
FR;1;2021-12-10;22966;87630;547256;1586;599837;41391716;38054882;11660291;26472;12288711
FR;1;2021-12-11;16512;59016;302675;747;335424;41408228;38113898;11962966;27219;12624135
FR;1;2021-12-12;4343;16026;83178;179;94082;41412571;38129924;12046144;27398;12718217
FR;1;2021-12-13;15468;63828;366822;1094;406184;41428039;38193752;12412966;28492;13124401
FR;1;2021-12-14;20467;80310;464537;1739;515013;41448506;38274062;12877503;30231;13639414
FR;1;2021-12-15;21387;77506;408912;1307;452989;41469893;38351568;13286415;31538;14092403
FR;1;2021-12-16;19955;77384;451672;1574;500455;41489848;38428952;13738087;33112;14592858
FR;1;2021-12-17;22512;86711;479784;1732;530919;41512360;38515663;14217871;34844;15123777
FR;1;2021-12-18;17582;54719;257556;730;288463;41529942;38570382;14475427;35574;15412240
FR;1;2021-12-19;5537;17136;79131;194;90743;41535479;38587518;14554558;35768;15502983
FR;1;2021-12-20;20775;63168;316098;1081;355166;41556254;38650686;14870656;36849;15858149
FR;1;2021-12-21;26097;73239;372617;1421;417977;41582351;38723925;15243273;38270;16276126
FR;1;2021-12-22;24896;65990;310502;1215;349467;41607247;38789915;15553775;39485;16625593
FR;1;2021-12-23;21233;52355;241389;954;272981;41628480;38842270;15795164;40439;16898574
FR;1;2021-12-24;7099;18251;67109;256;77030;41635579;38860521;15862273;40695;16975604
FR;1;2021-12-25;500;2765;5567;15;6527;41636079;38863286;15867840;40710;16982131
FR;1;2021-12-26;2747;7597;26922;70;31446;41638826;38870883;15894762;40780;17013577
FR;1;2021-12-27;18192;53568;235011;707;265699;41657018;38924451;16129773;41487;17279276
FR;1;2021-12-28;23244;61999;291948;1025;330133;41680262;38986450;16421721;42512;17609409
FR;1;2021-12-29;22193;55558;254911;918;288127;41702455;39042008;16676632;43430;17897536
FR;1;2021-12-30;21220;46355;212093;857;239563;41723675;39088363;16888725;44287;18137099
FR;1;2021-12-31;7457;16609;61832;229;70354;41731132;39104972;16950557;44516;18207453
FR;1;2022-01-01;933;2477;5643;29;6573;41732065;39107449;16956200;44545;18214026
FR;1;2022-01-02;3041;8065;28870;50;33523;41735106;39115514;16985070;44595;18247549
FR;1;2022-01-03;19982;53891;228105;786;257508;41755088;39169405;17213175;45381;18505057
FR;1;2022-01-04;24987;64839;299146;1235;337190;41780075;39234244;17512321;46616;18842247
FR;1;2022-01-05;29700;63928;274762;1098;310104;41809775;39298172;17787083;47714;19152351
FR;1;2022-01-06;26506;65979;306795;1395;346426;41836281;39364151;18093878;49109;19498777
FR;1;2022-01-07;31303;74662;349753;1534;393832;41867584;39438813;18443631;50643;19892609
FR;1;2022-01-08;23340;51384;222459;695;251092;41890924;39490197;18666090;51338;20143701
FR;1;2022-01-09;7075;17195;66011;163;76153;41897999;39507392;18732101;51501;20219854
FR;1;2022-01-10;21452;55784;236690;952;267080;41919451;39563176;18968791;52453;20486934
FR;1;2022-01-11;26486;63082;282196;1277;317738;41945937;39626258;19250987;53730;20804672
FR;1;2022-01-12;28723;62245;246142;1103;277914;41974660;39688503;19497129;54833;21082586
FR;1;2022-01-13;24440;59949;262705;1253;296055;41999100;39748452;19759834;56086;21378641
FR;1;2022-01-14;27777;66531;313900;1366;351180;42026877;39814983;20073734;57452;21729821
FR;1;2022-01-15;19258;44337;199267;619;223841;42046135;39859320;20273001;58071;21953662
FR;1;2022-01-16;5134;12996;51495;135;59574;42051269;39872316;20324496;58206;22013236
FR;1;2022-01-17;16737;39710;184773;779;206812;42068006;39912026;20509269;58985;22220048
FR;1;2022-01-18;19238;45719;212350;1151;236979;42087244;39957745;20721619;60136;22457027
FR;1;2022-01-19;20150;43915;176037;894;197164;42107394;40001660;20897656;61030;22654191
FR;1;2022-01-20;16596;40385;183579;1137;204667;42123990;40042045;21081235;62167;22858858
FR;1;2022-01-21;19705;46946;228881;1405;253291;42143695;40088991;21310116;63572;23112149
FR;1;2022-01-22;13826;33237;144465;578;161362;42157521;40122228;21454581;64150;23273511
FR;1;2022-01-23;3345;8807;33401;130;38327;42160866;40131035;21487982;64280;23311838
FR;1;2022-01-24;11727;32653;142154;706;158236;42172593;40163688;21630136;64986;23470074
FR;1;2022-01-25;14096;37995;163336;1049;181520;42186689;40201683;21793472;66035;23651594
FR;1;2022-01-26;14826;37384;150194;931;166255;42201515;40239067;21943666;66966;23817849
FR;1;2022-01-27;12284;32907;143389;882;157873;42213799;40271974;22087055;67848;23975722
FR;1;2022-01-28;16248;53841;198245;1143;222445;42230047;40325815;22285300;68991;24198167
FR;1;2022-01-29;10257;35434;135173;522;151542;42240304;40361249;22420473;69513;24349709
FR;1;2022-01-30;2475;9304;29666;86;34464;42242779;40370553;22450139;69599;24384173
FR;1;2022-01-31;8726;32341;104298;530;117384;42251505;40402894;22554437;70129;24501557
FR;1;2022-02-01;10178;36256;127017;862;141226;42261683;40439150;22681454;70991;24642783
FR;1;2022-02-02;11457;41130;130293;780;145836;42273140;40480280;22811747;71771;24788619
FR;1;2022-02-03;8737;33396;116950;780;130349;42281877;40513676;22928697;72551;24918968
FR;1;2022-02-04;11388;48094;172519;965;192779;42293265;40561770;23101216;73516;25111747
FR;1;2022-02-05;7882;33902;117552;391;133054;42301147;40595672;23218768;73907;25244801
FR;1;2022-02-06;1689;8051;22734;83;26905;42302836;40603723;23241502;73990;25271706
FR;1;2022-02-07;7082;35356;119040;452;134963;42309918;40639079;23360542;74442;25406669
FR;1;2022-02-08;7560;31548;125599;693;140573;42317478;40670627;23486141;75135;25547242
FR;1;2022-02-09;8454;36146;135203;694;152417;42325932;40706773;23621344;75829;25699659
FR;1;2022-02-10;6578;29285;116294;674;130037;42332510;40736058;23737638;76503;25829696
FR;1;2022-02-11;8559;41318;165072;875;185277;42341069;40777376;23902710;77378;26014973
FR;1;2022-02-12;5290;27526;106672;378;120844;42346359;40804902;24009382;77756;26135817
FR;1;2022-02-13;1223;5699;21703;62;25315;42347582;40810601;24031085;77818;26161132
FR;1;2022-02-14;5375;27071;118032;388;133052;42352957;40837672;24149117;78206;26294184
FR;1;2022-02-15;5582;28098;118846;609;132438;42358539;40865770;24267963;78815;26426622
FR;1;2022-02-16;5644;28121;110371;594;122968;42364183;40893891;24378334;79409;26549590
FR;1;2022-02-17;4413;19123;73091;486;80138;42368596;40913014;24451425;79895;26629728
FR;1;2022-02-18;5489;26447;99143;668;108083;42374085;40939461;24550568;80563;26737811
FR;1;2022-02-19;3524;17077;59457;304;66027;42377609;40956538;24610025;80867;26803838
FR;1;2022-02-20;780;3224;10690;35;12312;42378389;40959762;24620715;80902;26816150
FR;1;2022-02-21;3355;14466;52791;286;57636;42381744;40974228;24673506;81188;26873786
FR;1;2022-02-22;3713;15358;51869;499;55591;42385457;40989586;24725375;81687;26929377
FR;1;2022-02-23;4154;17604;57444;508;62545;42389611;41007190;24782819;82195;26991922
FR;1;2022-02-24;3238;12751;43567;436;46346;42392849;41019941;24826386;82631;27038268
FR;1;2022-02-25;4393;19393;64842;695;68703;42397242;41039334;24891228;83326;27106971
FR;1;2022-02-26;2677;12682;41343;308;45096;42399919;41052016;24932571;83634;27152067
FR;1;2022-02-27;639;2168;7116;42;7981;42400558;41054184;24939687;83676;27160048
FR;1;2022-02-28;2562;10134;34920;301;37342;42403120;41064318;24974607;83977;27197390
FR;1;2022-03-01;2715;10384;38639;389;39561;42405835;41074702;25013246;84366;27236951
FR;1;2022-03-02;3435;11870;41806;390;43854;42409270;41086572;25055052;84756;27280805
FR;1;2022-03-03;2288;7544;26118;319;26429;42411558;41094116;25081170;85075;27307234
FR;1;2022-03-04;2647;10216;35386;575;34864;42414205;41104332;25116556;85650;27342098
FR;1;2022-03-05;1672;6289;21941;277;22326;42415877;41110621;25138497;85927;27364424
FR;1;2022-03-06;349;938;2914;37;3112;42416226;41111559;25141411;85964;27367536
FR;1;2022-03-07;1369;4564;16405;244;15861;42417595;41116123;25157816;86208;27383397
FR;1;2022-03-08;1534;5084;17125;307;15944;42419129;41121207;25174941;86515;27399341
FR;1;2022-03-09;1860;6464;19774;367;19121;42420989;41127671;25194715;86882;27418462
FR;1;2022-03-10;1297;4390;15191;305;14199;42422286;41132061;25209906;87187;27432661
FR;1;2022-03-11;1690;6145;21672;480;19819;42423976;41138206;25231578;87667;27452480
FR;1;2022-03-12;1227;4592;15350;276;14895;42425203;41142798;25246928;87943;27467375
FR;1;2022-03-13;239;604;2102;115;2050;42425442;41143402;25249030;88058;27469425
FR;1;2022-03-14;1064;3552;13362;3873;12485;42426506;41146954;25262392;91931;27481910
FR;1;2022-03-15;1255;3825;14516;6861;12993;42427761;41150779;25276908;98792;27494903
FR;1;2022-03-16;1599;4738;17330;11513;16380;42429360;41155517;25294238;110305;27511283
FR;1;2022-03-17;1093;3160;11678;9638;10772;42430453;41158677;25305916;119943;27522055
FR;1;2022-03-18;1660;4695;17911;16484;16337;42432113;41163372;25323827;136427;27538392
FR;1;2022-03-19;1109;3166;11878;8450;11342;42433222;41166538;25335705;144877;27549734
FR;1;2022-03-20;217;533;1715;1006;1748;42433439;41167071;25337420;145883;27551482
FR;1;2022-03-21;1037;2678;11470;13442;10813;42434476;41169749;25348890;159325;27562295
FR;1;2022-03-22;1188;3060;12218;18681;11205;42435664;41172809;25361108;178006;27573500
FR;1;2022-03-23;1460;4152;15954;20090;15635;42437124;41176961;25377062;198096;27589135
FR;1;2022-03-24;1070;2512;10350;16012;9602;42438194;41179473;25387412;214108;27598737
FR;1;2022-03-25;1497;4009;16675;25280;15318;42439691;41183482;25404087;239388;27614055
FR;1;2022-03-26;1096;2837;10836;11430;10494;42440787;41186319;25414923;250818;27624549
FR;1;2022-03-27;228;537;1721;1376;1773;42441015;41186856;25416644;252194;27626322
FR;1;2022-03-28;1032;2338;9910;15860;9528;42442047;41189194;25426554;268054;27635850
FR;1;2022-03-29;1109;2693;11509;25060;10877;42443156;41191887;25438063;293114;27646727
FR;1;2022-03-30;1593;3455;14095;24144;13624;42444749;41195342;25452158;317258;27660351
FR;1;2022-03-31;1259;2594;11577;22546;11082;42446008;41197936;25463735;339804;27671433
FR;1;2022-04-01;1649;3721;18393;28446;17238;42447657;41201657;25482128;368250;27688671
FR;1;2022-04-02;881;1852;8171;9203;7919;42448538;41203509;25490299;377453;27696590
FR;1;2022-04-03;186;362;1426;1056;1426;42448724;41203871;25491725;378509;27698016
FR;1;2022-04-04;1043;2131;11196;17615;10565;42449767;41206002;25502921;396124;27708581
FR;1;2022-04-05;1238;2475;12907;31090;11922;42451005;41208477;25515828;427214;27720503
FR;1;2022-04-06;1315;2684;12090;23738;11501;42452320;41211161;25527918;450952;27732004
FR;1;2022-04-07;1127;2466;12256;30869;11715;42453447;41213627;25540174;481821;27743719
FR;1;2022-04-08;1556;3454;17462;40389;16375;42455003;41217081;25557636;522210;27760094
FR;1;2022-04-09;797;1969;8380;12474;8074;42455800;41219050;25566016;534684;27768168
FR;1;2022-04-10;181;454;1817;1831;1848;42455981;41219504;25567833;536515;27770016
FR;1;2022-04-11;936;2095;10914;22104;10623;42456917;41221599;25578747;558619;27780639
FR;1;2022-04-12;1190;2374;12707;37792;12197;42458107;41223973;25591454;596411;27792836
FR;1;2022-04-13;1150;2578;12163;30275;11876;42459257;41226551;25603617;626686;27804712
FR;1;2022-04-14;1167;2276;11942;33225;11922;42460424;41228827;25615559;659911;27816634
FR;1;2022-04-15;1403;2767;14272;32939;13644;42461827;41231594;25629831;692850;27830278
FR;1;2022-04-16;646;1387;5812;7969;5733;42462473;41232981;25635643;700819;27836011
FR;1;2022-04-17;148;271;927;1101;969;42462621;41233252;25636570;701920;27836980
FR;1;2022-04-18;116;368;2598;968;2621;42462737;41233620;25639168;702888;27839601
FR;1;2022-04-19;1179;2474;11702;27658;11383;42463916;41236094;25650870;730546;27850984
FR;1;2022-04-20;1249;2504;12038;26580;11863;42465165;41238598;25662908;757126;27862847
FR;1;2022-04-21;1199;2321;11406;32798;11563;42466364;41240919;25674314;789924;27874410
FR;1;2022-04-22;1465;2932;15123;35278;14701;42467829;41243851;25689437;825202;27889111
FR;1;2022-04-23;735;1551;6698;9866;6601;42468564;41245402;25696135;835068;27895712
FR;1;2022-04-24;184;354;1368;1510;1320;42468748;41245756;25697503;836578;27897032
FR;1;2022-04-25;982;2030;9790;19477;9675;42469730;41247786;25707293;856055;27906707
FR;1;2022-04-26;1280;2563;12506;36151;12097;42471010;41250349;25719799;892206;27918804
FR;1;2022-04-27;1268;2345;10543;28748;10655;42472278;41252694;25730342;920954;27929459
FR;1;2022-04-28;1239;2269;11422;33733;11243;42473517;41254963;25741764;954687;27940702
FR;1;2022-04-29;1554;2883;14207;35079;13635;42475071;41257846;25755971;989766;27954337
FR;1;2022-04-30;798;1427;6281;9089;6112;42475869;41259273;25762252;998855;27960449
FR;1;2022-05-01;138;258;800;909;794;42476007;41259531;25763052;999764;27961243
FR;1;2022-05-02;875;1784;9976;16552;9854;42476882;41261315;25773028;1016316;27971097
FR;1;2022-05-03;1335;2485;12278;32315;12188;42478217;41263800;25785306;1048631;27983285
FR;1;2022-05-04;1255;2376;10585;23316;10719;42479472;41266176;25795891;1071947;27994004
FR;1;2022-05-05;1295;2304;11226;31170;11029;42480767;41268480;25807117;1103117;28005033
FR;1;2022-05-06;1635;3067;13898;34503;13447;42482402;41271547;25821015;1137620;28018480
FR;1;2022-05-07;808;1431;5818;9035;5852;42483210;41272978;25826833;1146655;28024332
FR;1;2022-05-08;180;311;997;1444;1066;42483390;41273289;25827830;1148099;28025398
FR;1;2022-05-09;986;1797;8613;18852;8534;42484376;41275086;25836443;1166951;28033932
FR;1;2022-05-10;1327;2438;11662;36358;11308;42485703;41277524;25848105;1203309;28045240
FR;1;2022-05-11;1346;2127;9237;25501;9137;42487049;41279651;25857342;1228810;28054377
FR;1;2022-05-12;1226;2173;9982;32837;9642;42488275;41281824;25867324;1261647;28064019
FR;1;2022-05-13;1537;2640;12228;35185;11887;42489812;41284464;25879552;1296832;28075906
FR;1;2022-05-14;747;1239;5041;10091;4927;42490559;41285703;25884593;1306923;28080833
FR;1;2022-05-15;201;338;1024;1322;1103;42490760;41286041;25885617;1308245;28081936
FR;1;2022-05-16;889;1578;6953;19340;7015;42491649;41287619;25892570;1327585;28088951
FR;1;2022-05-17;1208;2097;9951;35181;9589;42492857;41289716;25902521;1362766;28098540
FR;1;2022-05-18;1207;1904;7893;25032;7837;42494064;41291620;25910414;1387798;28106377
FR;1;2022-05-19;1115;2142;8792;32517;8735;42495179;41293762;25919206;1420315;28115112
FR;1;2022-05-20;1498;2482;11006;36667;10660;42496677;41296244;25930212;1456982;28125772
FR;1;2022-05-21;747;1280;4608;9122;4574;42497424;41297524;25934820;1466104;28130346
FR;1;2022-05-22;171;259;883;1263;879;42497595;41297783;25935703;1467367;28131225
FR;1;2022-05-23;857;1568;6475;18331;6389;42498452;41299351;25942178;1485698;28137614
FR;1;2022-05-24;1185;2194;9350;35069;9126;42499637;41301545;25951528;1520767;28146740
FR;1;2022-05-25;1139;2018;7532;21760;7725;42500776;41303563;25959060;1542527;28154465
FR;2;2020-12-27;0;0;0;0;0;0;0;0;0;0
FR;2;2020-12-28;0;0;0;0;0;0;0;0;0;0
FR;2;2020-12-29;0;0;0;0;0;0;0;0;0;0
FR;2;2020-12-30;0;0;0;0;0;0;0;0;0;0
FR;2;2020-12-31;0;0;0;0;0;0;0;0;0;0
FR;2;2021-01-01;0;0;0;0;0;0;0;0;0;0
FR;2;2021-01-02;0;0;0;0;0;0;0;0;0;0
FR;2;2021-01-03;0;0;0;0;0;0;0;0;0;0
FR;2;2021-01-04;0;0;0;0;0;0;0;0;0;0
FR;2;2021-01-05;0;0;0;0;0;0;0;0;0;0
FR;2;2021-01-06;0;0;0;0;0;0;0;0;0;0
FR;2;2021-01-07;0;0;0;0;0;0;0;0;0;0
FR;2;2021-01-08;0;0;0;0;0;0;0;0;0;0
FR;2;2021-01-09;0;0;0;0;0;0;0;0;0;0
FR;2;2021-01-10;0;0;0;0;0;0;0;0;0;0
FR;2;2021-01-11;0;0;0;0;0;0;0;0;0;0
FR;2;2021-01-12;0;0;0;0;0;0;0;0;0;0
FR;2;2021-01-13;0;0;0;0;0;0;0;0;0;0
FR;2;2021-01-14;1688;0;0;0;0;1688;0;0;0;0
FR;2;2021-01-15;394;0;0;0;0;2082;0;0;0;0
FR;2;2021-01-16;315;0;0;0;0;2397;0;0;0;0
FR;2;2021-01-17;80;0;0;0;0;2477;0;0;0;0
FR;2;2021-01-18;3073;2;0;0;0;5550;2;0;0;0
FR;2;2021-01-19;4675;0;0;0;0;10225;2;0;0;0
FR;2;2021-01-20;5135;4;0;0;0;15360;6;0;0;0
FR;2;2021-01-21;5338;8;0;0;0;20698;14;0;0;0
FR;2;2021-01-22;5115;6;0;0;0;25813;20;0;0;0
FR;2;2021-01-23;1866;0;0;0;0;27679;20;0;0;0
FR;2;2021-01-24;160;1;0;0;0;27839;21;0;0;0
FR;2;2021-01-25;3811;3;0;0;0;31650;24;0;0;0
FR;2;2021-01-26;3919;1;0;0;0;35569;25;0;0;0
FR;2;2021-01-27;3598;2;0;0;0;39167;27;0;0;0
FR;2;2021-01-28;3747;7;0;0;0;42914;34;0;0;0
FR;2;2021-01-29;3291;2;0;0;0;46205;36;0;0;0
FR;2;2021-01-30;1130;1;0;0;0;47335;37;0;0;0
FR;2;2021-01-31;45;1;0;0;0;47380;38;0;0;0
FR;2;2021-02-01;3399;3;0;0;0;50779;41;0;0;0
FR;2;2021-02-02;4487;10;0;0;0;55266;51;0;0;0
FR;2;2021-02-03;5217;6;0;0;0;60483;57;0;0;0
FR;2;2021-02-04;4931;10;0;0;0;65414;67;0;0;0
FR;2;2021-02-05;4810;13;0;0;0;70224;80;0;0;0
FR;2;2021-02-06;2040;12;0;0;0;72264;92;0;0;0
FR;2;2021-02-07;101;4;0;0;0;72365;96;0;0;0
FR;2;2021-02-08;7553;19;0;0;0;79918;115;0;0;0
FR;2;2021-02-09;8420;28;0;0;0;88338;143;0;0;0
FR;2;2021-02-10;9338;56;0;0;0;97676;199;0;0;0
FR;2;2021-02-11;10279;96;0;0;0;107955;295;0;0;0
FR;2;2021-02-12;10053;260;0;0;0;118008;555;0;0;0
FR;2;2021-02-13;3118;226;0;0;0;121126;781;0;0;0
FR;2;2021-02-14;355;8;0;0;0;121481;789;0;0;0
FR;2;2021-02-15;3454;3096;0;0;0;124935;3885;0;0;0
FR;2;2021-02-16;5066;4027;0;0;0;130001;7912;0;0;0
FR;2;2021-02-17;4252;4468;0;0;0;134253;12380;0;0;0
FR;2;2021-02-18;5400;5115;0;0;0;139653;17495;0;0;0
FR;2;2021-02-19;5324;4396;0;0;0;144977;21891;0;0;0
FR;2;2021-02-20;1868;1508;0;0;0;146845;23399;0;0;0
FR;2;2021-02-21;242;88;0;0;0;147087;23487;0;0;0
FR;2;2021-02-22;3611;3746;0;0;0;150698;27233;0;0;0
FR;2;2021-02-23;4952;3693;0;0;0;155650;30926;0;0;0
FR;2;2021-02-24;5010;3495;0;0;0;160660;34421;0;0;0
FR;2;2021-02-25;5481;3454;0;0;0;166141;37875;0;0;0
FR;2;2021-02-26;4361;3147;0;0;0;170502;41022;0;0;0
FR;2;2021-02-27;1623;1053;0;0;0;172125;42075;0;0;0
FR;2;2021-02-28;176;29;0;0;0;172301;42104;0;0;0
FR;2;2021-03-01;5177;3729;0;0;0;177478;45833;0;0;0
FR;2;2021-03-02;6528;4728;0;0;0;184006;50561;0;0;0
FR;2;2021-03-03;6534;4920;0;0;0;190540;55481;0;0;0
FR;2;2021-03-04;8395;4054;0;0;0;198935;59535;0;0;0
FR;2;2021-03-05;8027;4062;0;0;0;206962;63597;0;0;0
FR;2;2021-03-06;4783;1683;0;0;0;211745;65280;0;0;0
FR;2;2021-03-07;2372;30;0;0;0;214117;65310;0;0;0
FR;2;2021-03-08;4164;8332;0;0;0;218281;73642;0;0;0
FR;2;2021-03-09;7485;8494;1;0;0;225766;82136;1;0;0
FR;2;2021-03-10;7098;9141;0;0;0;232864;91277;1;0;0
FR;2;2021-03-11;9372;9241;1;0;0;242236;100518;2;0;0
FR;2;2021-03-12;7972;8222;0;0;0;250208;108740;2;0;0
FR;2;2021-03-13;10046;2558;0;0;0;260254;111298;2;0;0
FR;2;2021-03-14;4838;404;0;0;0;265092;111702;2;0;0
FR;2;2021-03-15;10905;3487;0;0;0;275997;115189;2;0;0
FR;2;2021-03-16;16761;4648;1;0;0;292758;119837;3;0;0
FR;2;2021-03-17;20226;3973;0;0;0;312984;123810;3;0;0
FR;2;2021-03-18;23364;4972;0;0;0;336348;128782;3;0;0
FR;2;2021-03-19;23301;4575;0;0;0;359649;133357;3;0;0
FR;2;2021-03-20;25443;1547;0;0;0;385092;134904;3;0;0
FR;2;2021-03-21;17669;150;0;0;0;402761;135054;3;0;0
FR;2;2021-03-22;17782;3139;0;0;0;420543;138193;3;0;0
FR;2;2021-03-23;22686;4202;0;0;0;443229;142395;3;0;0
FR;2;2021-03-24;23954;5016;0;0;0;467183;147411;3;0;0
FR;2;2021-03-25;26737;5137;1;0;0;493920;152548;4;0;0
FR;2;2021-03-26;26975;4238;0;0;0;520895;156786;4;0;0
FR;2;2021-03-27;15918;1329;0;0;0;536813;158115;4;0;0
FR;2;2021-03-28;10561;120;0;0;0;547374;158235;4;0;0
FR;2;2021-03-29;18985;4286;0;0;0;566359;162521;4;0;0
FR;2;2021-03-30;24575;6028;0;0;0;590934;168549;4;0;0
FR;2;2021-03-31;28553;5929;0;0;0;619487;174478;4;0;0
FR;2;2021-04-01;34544;8497;1;0;0;654031;182975;5;0;0
FR;2;2021-04-02;29976;7669;0;0;0;684007;190644;5;0;0
FR;2;2021-04-03;16953;3780;0;0;0;700960;194424;5;0;0
FR;2;2021-04-04;9305;1024;2;0;0;710265;195448;7;0;0
FR;2;2021-04-05;12443;806;0;0;0;722708;196254;7;0;0
FR;2;2021-04-06;27143;7032;0;0;0;749851;203286;7;0;0
FR;2;2021-04-07;30926;7140;1;0;0;780777;210426;8;0;0
FR;2;2021-04-08;36879;8727;1;0;0;817656;219153;9;0;0
FR;2;2021-04-09;33835;8545;28;0;0;851491;227698;37;0;0
FR;2;2021-04-10;19678;9025;1;0;0;871169;236723;38;0;0
FR;2;2021-04-11;7941;4255;1;0;0;879110;240978;39;0;0
FR;2;2021-04-12;17121;11146;0;0;0;896231;252124;39;0;0
FR;2;2021-04-13;19448;16197;1;0;0;915679;268321;40;0;0
FR;2;2021-04-14;18060;16304;7;0;0;933739;284625;47;0;0
FR;2;2021-04-15;22186;20993;27;0;0;955925;305618;74;0;0
FR;2;2021-04-16;20705;20146;45;0;0;976630;325764;119;0;0
FR;2;2021-04-17;13253;22427;5;0;0;989883;348191;124;0;0
FR;2;2021-04-18;5907;14394;6;0;0;995790;362585;130;0;0
FR;2;2021-04-19;16831;16274;24;0;0;1012621;378859;154;0;0
FR;2;2021-04-20;19319;21587;38;0;0;1031940;400446;192;0;0
FR;2;2021-04-21;20280;21704;76;0;0;1052220;422150;268;0;0
FR;2;2021-04-22;23809;24865;41;0;0;1076029;447015;309;0;0
FR;2;2021-04-23;24516;25352;76;0;0;1100545;472367;385;0;0
FR;2;2021-04-24;25301;15089;104;0;0;1125846;487456;489;0;0
FR;2;2021-04-25;9592;8601;5;0;0;1135438;496057;494;0;0
FR;2;2021-04-26;17157;17255;21;0;0;1152595;513312;515;0;0
FR;2;2021-04-27;19240;24222;40;0;0;1171835;537534;555;0;0
FR;2;2021-04-28;22333;26219;112;0;0;1194168;563753;667;0;0
FR;2;2021-04-29;25465;30145;69;0;0;1219633;593898;736;0;0
FR;2;2021-04-30;25529;27741;49;1;0;1245162;621639;785;1;0
FR;2;2021-05-01;14981;9875;6;0;0;1260143;631514;791;1;0
FR;2;2021-05-02;6635;9172;2;0;0;1266778;640686;793;1;0
FR;2;2021-05-03;20012;19247;40;0;0;1286790;659933;833;1;0
FR;2;2021-05-04;18280;29044;33;0;0;1305070;688977;866;1;0
FR;2;2021-05-05;18359;29390;48;0;0;1323429;718367;914;1;0
FR;2;2021-05-06;23539;35238;131;0;0;1346968;753605;1045;1;0
FR;2;2021-05-07;25322;33195;97;0;0;1372290;786800;1142;1;0
FR;2;2021-05-08;21337;9822;14;0;0;1393627;796622;1156;1;0
FR;2;2021-05-09;13162;7840;7;0;0;1406789;804462;1163;1;0
FR;2;2021-05-10;32937;22113;49;0;0;1439726;826575;1212;1;0
FR;2;2021-05-11;43595;21028;101;0;0;1483321;847603;1313;1;0
FR;2;2021-05-12;50040;19835;143;0;0;1533361;867438;1456;1;0
FR;2;2021-05-13;51289;5745;31;0;0;1584650;873183;1487;1;0
FR;2;2021-05-14;61343;12915;132;0;0;1645993;886098;1619;1;0
FR;2;2021-05-15;65926;7139;39;0;0;1711919;893237;1658;1;0
FR;2;2021-05-16;43581;2566;10;0;0;1755500;895803;1668;1;0
FR;2;2021-05-17;44742;12567;114;0;0;1800242;908370;1782;1;0
FR;2;2021-05-18;54633;12239;191;0;0;1854875;920609;1973;1;0
FR;2;2021-05-19;57163;10593;281;0;0;1912038;931202;2254;1;0
FR;2;2021-05-20;63430;10835;287;0;0;1975468;942037;2541;1;0
FR;2;2021-05-21;64289;11635;230;0;0;2039757;953672;2771;1;0
FR;2;2021-05-22;61479;4506;65;0;0;2101236;958178;2836;1;0
FR;2;2021-05-23;37531;570;22;0;0;2138767;958748;2858;1;0
FR;2;2021-05-24;17235;2035;34;0;0;2156002;960783;2892;1;0
FR;2;2021-05-25;21103;12225;240;0;0;2177105;973008;3132;1;0
FR;2;2021-05-26;19933;11455;229;0;0;2197038;984463;3361;1;0
FR;2;2021-05-27;22994;12661;182;0;0;2220032;997124;3543;1;0
FR;2;2021-05-28;29387;14946;190;0;0;2249419;1012070;3733;1;0
FR;2;2021-05-29;30417;8177;57;0;0;2279836;1020247;3790;1;0
FR;2;2021-05-30;4646;1816;6;0;0;2284482;1022063;3796;1;0
FR;2;2021-05-31;28584;18717;183;0;0;2313066;1040780;3979;1;0
FR;2;2021-06-01;45711;20000;224;0;0;2358777;1060780;4203;1;0
FR;2;2021-06-02;37463;19291;181;0;0;2396240;1080071;4384;1;0
FR;2;2021-06-03;51270;23316;161;0;0;2447510;1103387;4545;1;0
FR;2;2021-06-04;65508;24052;215;0;0;2513018;1127439;4760;1;0
FR;2;2021-06-05;34598;24032;51;0;0;2547616;1151471;4811;1;0
FR;2;2021-06-06;4953;6198;10;0;0;2552569;1157669;4821;1;0
FR;2;2021-06-07;28165;23040;146;0;0;2580734;1180709;4967;1;0
FR;2;2021-06-08;46369;22918;143;0;0;2627103;1203627;5110;1;0
FR;2;2021-06-09;34285;20913;107;0;0;2661388;1224540;5217;1;0
FR;2;2021-06-10;42635;19134;95;1;0;2704023;1243674;5312;2;0
FR;2;2021-06-11;55287;25221;134;0;0;2759310;1268895;5446;2;0
FR;2;2021-06-12;30559;19776;53;0;0;2789869;1288671;5499;2;0
FR;2;2021-06-13;3329;9186;13;0;0;2793198;1297857;5512;2;0
FR;2;2021-06-14;25296;24157;92;0;0;2818494;1322014;5604;2;0
FR;2;2021-06-15;39033;22841;154;0;0;2857527;1344855;5758;2;0
FR;2;2021-06-16;30159;21437;134;0;0;2887686;1366292;5892;2;0
FR;2;2021-06-17;36904;25856;150;0;0;2924590;1392148;6042;2;0
FR;2;2021-06-18;46845;28814;122;0;0;2971435;1420962;6164;2;0
FR;2;2021-06-19;24524;24890;39;0;0;2995959;1445852;6203;2;0
FR;2;2021-06-20;3740;10065;10;0;0;2999699;1455917;6213;2;0
FR;2;2021-06-21;17522;42840;87;0;0;3017221;1498757;6300;2;0
FR;2;2021-06-22;28354;49560;110;0;0;3045575;1548317;6410;2;0
FR;2;2021-06-23;21788;49558;107;1;1;3067363;1597875;6517;3;1
FR;2;2021-06-24;28375;50280;133;0;0;3095738;1648155;6650;3;1
FR;2;2021-06-25;33399;60396;127;0;0;3129137;1708551;6777;3;1
FR;2;2021-06-26;16379;59249;54;1;0;3145516;1767800;6831;4;1
FR;2;2021-06-27;2564;29322;22;1;0;3148080;1797122;6853;5;1
FR;2;2021-06-28;12637;54339;82;0;0;3160717;1851461;6935;5;1
FR;2;2021-06-29;19841;59886;178;0;0;3180558;1911347;7113;5;1
FR;2;2021-06-30;16322;57874;252;17;0;3196880;1969221;7365;22;1
FR;2;2021-07-01;20483;59890;227;0;0;3217363;2029111;7592;22;1
FR;2;2021-07-02;24069;62137;184;0;0;3241432;2091248;7776;22;1
FR;2;2021-07-03;12111;57083;153;0;0;3253543;2148331;7929;22;1
FR;2;2021-07-04;1958;23310;18;0;0;3255501;2171641;7947;22;1
FR;2;2021-07-05;9171;29365;106;0;0;3264672;2201006;8053;22;1
FR;2;2021-07-06;14575;36204;135;0;0;3279247;2237210;8188;22;1
FR;2;2021-07-07;14403;33672;139;0;0;3293650;2270882;8327;22;1
FR;2;2021-07-08;19714;40294;162;0;0;3313364;2311176;8489;22;1
FR;2;2021-07-09;27094;54280;202;1;0;3340458;2365456;8691;23;1
FR;2;2021-07-10;13384;33667;107;0;0;3353842;2399123;8798;23;1
FR;2;2021-07-11;1805;4352;16;0;0;3355647;2403475;8814;23;1
FR;2;2021-07-12;12960;37278;118;0;0;3368607;2440753;8932;23;1
FR;2;2021-07-13;37110;53218;150;0;0;3405717;2493971;9082;23;1
FR;2;2021-07-14;6608;3559;15;0;0;3412325;2497530;9097;23;1
FR;2;2021-07-15;47233;47027;156;0;0;3459558;2544557;9253;23;1
FR;2;2021-07-16;64306;55814;187;0;0;3523864;2600371;9440;23;1
FR;2;2021-07-17;31594;23930;96;0;0;3555458;2624301;9536;23;1
FR;2;2021-07-18;6087;4881;19;0;0;3561545;2629182;9555;23;1
FR;2;2021-07-19;32987;28686;94;0;0;3594532;2657868;9649;23;1
FR;2;2021-07-20;51989;44565;155;0;0;3646521;2702433;9804;23;1
FR;2;2021-07-21;45244;34753;93;0;0;3691765;2737186;9897;23;1
FR;2;2021-07-22;56273;41093;128;1;0;3748038;2778279;10025;24;1
FR;2;2021-07-23;68276;49079;170;0;0;3816314;2827358;10195;24;1
FR;2;2021-07-24;36166;21595;82;0;0;3852480;2848953;10277;24;1
FR;2;2021-07-25;6743;2650;10;0;0;3859223;2851603;10287;24;1
FR;2;2021-07-26;36299;22450;91;1;0;3895522;2874053;10378;25;1
FR;2;2021-07-27;62358;34619;180;0;0;3957880;2908672;10558;25;1
FR;2;2021-07-28;55298;26453;132;0;0;4013178;2935125;10690;25;1
FR;2;2021-07-29;68455;32785;189;0;0;4081633;2967910;10879;25;1
FR;2;2021-07-30;74432;37774;222;1;1;4156065;3005684;11101;26;2
FR;2;2021-07-31;34751;16191;104;0;0;4190816;3021875;11205;26;2
FR;2;2021-08-01;5397;2280;19;0;0;4196213;3024155;11224;26;2
FR;2;2021-08-02;35861;16202;101;0;0;4232074;3040357;11325;26;2
FR;2;2021-08-03;55961;28288;142;0;0;4288035;3068645;11467;26;2
FR;2;2021-08-04;46624;20862;128;1;0;4334659;3089507;11595;27;2
FR;2;2021-08-05;54618;31587;215;0;0;4389277;3121094;11810;27;2
FR;2;2021-08-06;58081;42392;242;1;0;4447358;3163486;12052;28;2
FR;2;2021-08-07;25134;17604;89;0;0;4472492;3181090;12141;28;2
FR;2;2021-08-08;3833;3667;21;0;0;4476325;3184757;12162;28;2
FR;2;2021-08-09;29298;21131;91;0;0;4505623;3205888;12253;28;2
FR;2;2021-08-10;44989;33516;154;0;0;4550612;3239404;12407;28;2
FR;2;2021-08-11;35264;25171;151;0;0;4585876;3264575;12558;28;2
FR;2;2021-08-12;41893;35731;162;0;0;4627769;3300306;12720;28;2
FR;2;2021-08-13;42587;37065;218;0;0;4670356;3337371;12938;28;2
FR;2;2021-08-14;18509;22251;93;0;0;4688865;3359622;13031;28;2
FR;2;2021-08-15;3820;3814;17;0;0;4692685;3363436;13048;28;2
FR;2;2021-08-16;25079;27196;110;0;0;4717764;3390632;13158;28;2
FR;2;2021-08-17;38249;43485;205;2;0;4756013;3434117;13363;30;2
FR;2;2021-08-18;32246;36366;195;1;1;4788259;3470483;13558;31;3
FR;2;2021-08-19;37428;46583;224;0;0;4825687;3517066;13782;31;3
FR;2;2021-08-20;40556;55606;269;1;0;4866243;3572672;14051;32;3
FR;2;2021-08-21;18116;24310;115;0;0;4884359;3596982;14166;32;3
FR;2;2021-08-22;2904;4319;22;1;1;4887263;3601301;14188;33;4
FR;2;2021-08-23;19239;35159;131;1;1;4906502;3636460;14319;34;5
FR;2;2021-08-24;31941;56033;235;0;0;4938443;3692493;14554;34;5
FR;2;2021-08-25;25926;43426;250;0;0;4964369;3735919;14804;34;5
FR;2;2021-08-26;32350;55790;387;0;0;4996719;3791709;15191;34;5
FR;2;2021-08-27;36992;65592;478;2;0;5033711;3857301;15669;36;5
FR;2;2021-08-28;17814;28480;300;0;0;5051525;3885781;15969;36;5
FR;2;2021-08-29;2655;5038;47;0;0;5054180;3890819;16016;36;5
FR;2;2021-08-30;18409;37746;399;0;756;5072589;3928565;16415;36;761
FR;2;2021-08-31;28077;57494;885;4;1537;5100666;3986059;17300;40;2298
FR;2;2021-09-01;21590;39843;1307;0;2092;5122256;4025902;18607;40;4390
FR;2;2021-09-02;25477;48612;1960;2;3293;5147733;4074514;20567;42;7683
FR;2;2021-09-03;33404;64473;2986;3;4827;5181137;4138987;23553;45;12510
FR;2;2021-09-04;16826;27703;1442;1;2355;5197963;4166690;24995;46;14865
FR;2;2021-09-05;2260;3608;265;0;413;5200223;4170298;25260;46;15278
FR;2;2021-09-06;14036;28733;1769;1;2930;5214259;4199031;27029;47;18208
FR;2;2021-09-07;21103;41052;3020;13;4856;5235362;4240083;30049;60;23064
FR;2;2021-09-08;17242;31934;2732;6;4468;5252604;4272017;32781;66;27532
FR;2;2021-09-09;20973;40430;4432;3;6753;5273577;4312447;37213;69;34285
FR;2;2021-09-10;28195;51154;5282;4;8829;5301772;4363601;42495;73;43114
FR;2;2021-09-11;13652;22357;2403;5;3938;5315424;4385958;44898;78;47052
FR;2;2021-09-12;1822;2786;284;0;506;5317246;4388744;45182;78;47558
FR;2;2021-09-13;11656;21448;2468;4;4011;5328902;4410192;47650;82;51569
FR;2;2021-09-14;18567;32769;5084;13;9039;5347469;4442961;52734;95;60608
FR;2;2021-09-15;14910;28284;5164;3;7780;5362379;4471245;57898;98;68388
FR;2;2021-09-16;16071;32765;6735;14;10529;5378450;4504010;64633;112;78917
FR;2;2021-09-17;20911;47094;8777;10;14578;5399361;4551104;73410;122;93495
FR;2;2021-09-18;9855;20925;3804;6;6022;5409216;4572029;77214;128;99517
FR;2;2021-09-19;1165;2647;395;0;643;5410381;4574676;77609;128;100160
FR;2;2021-09-20;7491;18780;3851;7;6152;5417872;4593456;81460;135;106312
FR;2;2021-09-21;11205;29997;6494;5;10738;5429077;4623453;87954;140;117050
FR;2;2021-09-22;9406;23540;5491;7;8513;5438483;4646993;93445;147;125563
FR;2;2021-09-23;10722;28874;7879;9;12636;5449205;4675867;101324;156;138199
FR;2;2021-09-24;15065;42865;10874;18;17192;5464270;4718732;112198;174;155391
FR;2;2021-09-25;7257;18739;3962;10;6085;5471527;4737471;116160;184;161476
FR;2;2021-09-26;1079;2556;494;0;631;5472606;4740027;116654;184;162107
FR;2;2021-09-27;6313;16449;4286;8;6551;5478919;4756476;120940;192;168658
FR;2;2021-09-28;9238;25550;7768;13;12069;5488157;4782026;128708;205;180727
FR;2;2021-09-29;8080;20210;6066;25;9262;5496237;4802236;134774;230;189989
FR;2;2021-09-30;9863;25789;9503;16;14079;5506100;4828025;144277;246;204068
FR;2;2021-10-01;13968;35634;12912;25;19229;5520068;4863659;157189;271;223297
FR;2;2021-10-02;6873;15875;4845;6;7009;5526941;4879534;162034;277;230306
FR;2;2021-10-03;841;1938;492;1;514;5527782;4881472;162526;278;230820
FR;2;2021-10-04;5818;13934;5516;5;7861;5533600;4895406;168042;283;238681
FR;2;2021-10-05;9052;22544;11121;19;15712;5542652;4917950;179163;302;254393
FR;2;2021-10-06;7780;17739;8239;11;11071;5550432;4935689;187402;313;265464
FR;2;2021-10-07;9195;22176;12378;15;16835;5559627;4957865;199780;328;282299
FR;2;2021-10-08;13423;32056;17346;27;23536;5573050;4989921;217126;355;305835
FR;2;2021-10-09;5998;12822;6041;6;7875;5579048;5002743;223167;361;313710
FR;2;2021-10-10;883;1635;436;2;633;5579931;5004378;223603;363;314343
FR;2;2021-10-11;5604;11600;6454;17;8836;5585535;5015978;230057;380;323179
FR;2;2021-10-12;8033;17755;12538;13;16732;5593568;5033733;242595;393;339911
FR;2;2021-10-13;6944;14846;10245;11;13606;5600512;5048579;252840;404;353517
FR;2;2021-10-14;8310;17941;14989;13;19448;5608822;5066520;267829;417;372965
FR;2;2021-10-15;11845;26275;20901;26;27944;5620667;5092795;288730;443;400909
FR;2;2021-10-16;5137;8725;1816;0;3204;5625804;5101520;290546;443;404113
FR;2;2021-10-17;651;1189;184;0;373;5626455;5102709;290730;443;404486
FR;2;2021-10-18;4558;7420;661;2;1673;5631013;5110129;291391;445;406159
FR;2;2021-10-19;6236;9897;729;5;2053;5637249;5120026;292120;450;408212
FR;2;2021-10-20;5162;8095;756;3;1684;5642411;5128121;292876;453;409896
FR;2;2021-10-21;6088;9969;779;5;2101;5648499;5138090;293655;458;411997
FR;2;2021-10-22;8446;14574;1147;4;2874;5656945;5152664;294802;462;414871
FR;2;2021-10-23;3840;5998;584;0;1234;5660785;5158662;295386;462;416105
FR;2;2021-10-24;494;888;100;0;203;5661279;5159550;295486;462;416308
FR;2;2021-10-25;3357;5368;302;1;824;5664636;5164918;295788;463;417132
FR;2;2021-10-26;4174;7257;1125;4;2006;5668810;5172175;296913;467;419138
FR;2;2021-10-27;3673;6628;1193;5;1997;5672483;5178803;298106;472;421135
FR;2;2021-10-28;4596;7692;1727;3;2746;5677079;5186495;299833;475;423881
FR;2;2021-10-29;5405;11077;2432;4;3668;5682484;5197572;302265;479;427549
FR;2;2021-10-30;2748;4436;972;1;1429;5685232;5202008;303237;480;428978
FR;2;2021-10-31;363;535;139;1;187;5685595;5202543;303376;481;429165
FR;2;2021-11-01;416;556;175;0;267;5686011;5203099;303551;481;429432
FR;2;2021-11-02;3287;6761;1179;0;1756;5689298;5209860;304730;481;431188
FR;2;2021-11-03;3338;6250;1383;2;1966;5692636;5216110;306113;483;433154
FR;2;2021-11-04;3985;7097;1761;4;2491;5696621;5223207;307874;487;435645
FR;2;2021-11-05;5227;10510;2864;5;3944;5701848;5233717;310738;492;439589
FR;2;2021-11-06;2594;4669;1397;0;1809;5704442;5238386;312135;492;441398
FR;2;2021-11-07;508;864;216;0;285;5704950;5239250;312351;492;441683
FR;2;2021-11-08;2576;5360;1201;3;1676;5707526;5244610;313552;495;443359
FR;2;2021-11-09;2749;6946;2392;6;3173;5710275;5251556;315944;501;446532
FR;2;2021-11-10;2585;5712;5093;6;6272;5712860;5257268;321037;507;452804
FR;2;2021-11-11;434;746;732;2;915;5713294;5258014;321769;509;453719
FR;2;2021-11-12;2951;8113;8963;8;10901;5716245;5266127;330732;517;464620
FR;2;2021-11-13;1534;3381;3865;7;4527;5717779;5269508;334597;524;469147
FR;2;2021-11-14;254;604;348;1;485;5718033;5270112;334945;525;469632
FR;2;2021-11-15;1622;3689;4435;9;5319;5719655;5273801;339380;534;474951
FR;2;2021-11-16;2184;5943;8297;14;10074;5721839;5279744;347677;548;485025
FR;2;2021-11-17;1740;4564;6619;8;7836;5723579;5284308;354296;556;492861
FR;2;2021-11-18;2189;5949;9170;11;10995;5725768;5290257;363466;567;503856
FR;2;2021-11-19;2697;7802;12958;19;15464;5728465;5298059;376424;586;519320
FR;2;2021-11-20;1563;3332;5170;5;6074;5730028;5301391;381594;591;525394
FR;2;2021-11-21;246;517;540;0;663;5730274;5301908;382134;591;526057
FR;2;2021-11-22;1275;2623;4469;5;5400;5731549;5304531;386603;596;531457
FR;2;2021-11-23;1614;4313;8186;9;9895;5733163;5308844;394789;605;541352
FR;2;2021-11-24;1418;3797;7462;14;8720;5734581;5312641;402251;619;550072
FR;2;2021-11-25;1812;4894;11448;21;13646;5736393;5317535;413699;640;563718
FR;2;2021-11-26;2537;7777;22654;31;26068;5738930;5325312;436353;671;589786
FR;2;2021-11-27;1497;4130;12256;18;13992;5740427;5329442;448609;689;603778
FR;2;2021-11-28;291;843;1965;3;2287;5740718;5330285;450574;692;606065
FR;2;2021-11-29;1444;4389;15073;23;17244;5742162;5334674;465647;715;623309
FR;2;2021-11-30;1913;6748;26221;36;29972;5744075;5341422;491868;751;653281
FR;2;2021-12-01;1905;6101;26184;29;29504;5745980;5347523;518052;780;682785
FR;2;2021-12-02;1908;6828;37684;52;41927;5747888;5354351;555736;832;724712
FR;2;2021-12-03;2550;10110;53586;112;59310;5750438;5364461;609322;944;784022
FR;2;2021-12-04;1849;6304;37089;38;40764;5752287;5370765;646411;982;824786
FR;2;2021-12-05;458;2265;14252;14;15989;5752745;5373030;660663;996;840775
FR;2;2021-12-06;2464;9897;77682;109;84731;5755209;5382927;738345;1105;925506
FR;2;2021-12-07;3445;15329;122408;238;133691;5758654;5398256;860753;1343;1059197
FR;2;2021-12-08;3717;16058;133169;330;145371;5762371;5414314;993922;1673;1204568
FR;2;2021-12-09;4543;19631;170144;554;185502;5766914;5433945;1164066;2227;1390070
FR;2;2021-12-10;4672;22810;188607;490;206039;5771586;5456755;1352673;2717;1596109
FR;2;2021-12-11;3682;16624;132421;239;144856;5775268;5473379;1485094;2956;1740965
FR;2;2021-12-12;1257;7129;59082;83;65131;5776525;5480508;1544176;3039;1806096
FR;2;2021-12-13;5525;26858;220652;604;242929;5782050;5507366;1764828;3643;2049025
FR;2;2021-12-14;7018;37532;300713;910;332182;5789068;5544898;2065541;4553;2381207
FR;2;2021-12-15;6557;36240;285172;955;315770;5795625;5581138;2350713;5508;2696977
FR;2;2021-12-16;7762;37920;312103;981;343684;5803387;5619058;2662816;6489;3040661
FR;2;2021-12-17;8680;41245;327828;976;360906;5812067;5660303;2990644;7465;3401567
FR;2;2021-12-18;6515;26564;212316;448;233618;5818582;5686867;3202960;7913;3635185
FR;2;2021-12-19;2600;11491;90201;183;100378;5821182;5698358;3293161;8096;3735563
FR;2;2021-12-20;9548;33614;275153;706;303329;5830730;5731972;3568314;8802;4038892
FR;2;2021-12-21;11555;38325;309590;969;341375;5842285;5770297;3877904;9771;4380267
FR;2;2021-12-22;10457;32851;265080;952;292466;5852742;5803148;4142984;10723;4672733
FR;2;2021-12-23;9427;26712;199458;700;221260;5862169;5829860;4342442;11423;4893993
FR;2;2021-12-24;2781;7499;43845;140;49562;5864950;5837359;4386287;11563;4943555
FR;2;2021-12-25;201;699;2000;10;2494;5865151;5838058;4388287;11573;4946049
FR;2;2021-12-26;1322;4213;25147;71;28676;5866473;5842271;4413434;11644;4974725
FR;2;2021-12-27;8077;29941;218378;659;243301;5874550;5872212;4631812;12303;5218026
FR;2;2021-12-28;9840;36340;272062;741;301948;5884390;5908552;4903874;13044;5519974
FR;2;2021-12-29;9494;32287;246105;766;272678;5893884;5940839;5149979;13810;5792652
FR;2;2021-12-30;9451;28139;208808;663;231464;5903335;5968978;5358787;14473;6024116
FR;2;2021-12-31;3007;8375;54980;177;61235;5906342;5977353;5413767;14650;6085351
FR;2;2022-01-01;227;692;2849;7;3344;5906569;5978045;5416616;14657;6088695
FR;2;2022-01-02;1505;4855;29505;75;33390;5908074;5982900;5446121;14732;6122085
FR;2;2022-01-03;9583;35373;266501;806;293863;5917657;6018273;5712622;15538;6415948
FR;2;2022-01-04;12842;45375;342063;1067;376947;5930499;6063648;6054685;16605;6792895
FR;2;2022-01-05;11268;38670;294152;885;323807;5941767;6102318;6348837;17490;7116702
FR;2;2022-01-06;13650;43491;331928;1299;364701;5955417;6145809;6680765;18789;7481403
FR;2;2022-01-07;14220;47637;361077;1270;396406;5969637;6193446;7041842;20059;7877809
FR;2;2022-01-08;7945;28147;201255;515;221684;5977582;6221593;7243097;20574;8099493
FR;2;2022-01-09;2749;8997;62519;137;69523;5980331;6230590;7305616;20711;8169016
FR;2;2022-01-10;10086;31921;232448;858;255035;5990417;6262511;7538064;21569;8424051
FR;2;2022-01-11;11470;36255;265881;1030;290570;6001887;6298766;7803945;22599;8714621
FR;2;2022-01-12;8758;29831;206299;862;226169;6010645;6328597;8010244;23461;8940790
FR;2;2022-01-13;9387;31346;224463;831;244812;6020032;6359943;8234707;24292;9185602
FR;2;2022-01-14;9743;35668;254515;920;277681;6029775;6395611;8489222;25212;9463283
FR;2;2022-01-15;5356;19456;140768;363;153636;6035131;6415067;8629990;25575;9616919
FR;2;2022-01-16;1512;5522;35871;80;39849;6036643;6420589;8665861;25655;9656768
FR;2;2022-01-17;5545;19302;135385;601;147248;6042188;6439891;8801246;26256;9804016
FR;2;2022-01-18;6417;21525;148608;648;160465;6048605;6461416;8949854;26904;9964481
FR;2;2022-01-19;4389;16362;105081;552;113702;6052994;6477778;9054935;27456;10078183
FR;2;2022-01-20;4867;17597;115275;603;123673;6057861;6495375;9170210;28059;10201856
FR;2;2022-01-21;5195;20066;137324;678;147746;6063056;6515441;9307534;28737;10349602
FR;2;2022-01-22;3027;10960;74255;259;80324;6066083;6526401;9381789;28996;10429926
FR;2;2022-01-23;722;2734;15236;41;16836;6066805;6529135;9397025;29037;10446762
FR;2;2022-01-24;3293;12823;75058;430;81018;6070098;6541958;9472083;29467;10527780
FR;2;2022-01-25;3571;14435;79613;496;85451;6073669;6556393;9551696;29963;10613231
FR;2;2022-01-26;2515;10660;58959;363;62982;6076184;6567053;9610655;30326;10676213
FR;2;2022-01-27;2681;11272;64165;388;67905;6078865;6578325;9674820;30714;10744118
FR;2;2022-01-28;3543;18381;91710;430;98958;6082408;6596706;9766530;31144;10843076
FR;2;2022-01-29;1892;9251;48836;164;52922;6084300;6605957;9815366;31308;10895998
FR;2;2022-01-30;466;2242;9452;38;10605;6084766;6608199;9824818;31346;10906603
FR;2;2022-01-31;1887;9587;43817;208;47340;6086653;6617786;9868635;31554;10953943
FR;2;2022-02-01;1912;10053;47019;278;50100;6088565;6627839;9915654;31832;11004043
FR;2;2022-02-02;1606;9031;41100;251;44173;6090171;6636870;9956754;32083;11048216
FR;2;2022-02-03;1723;8944;40508;204;42907;6091894;6645814;9997262;32287;11091123
FR;2;2022-02-04;2152;15217;66627;297;71347;6094046;6661031;10063889;32584;11162470
FR;2;2022-02-05;1362;8534;35935;131;39231;6095408;6669565;10099824;32715;11201701
FR;2;2022-02-06;274;1780;6124;16;6899;6095682;6671345;10105948;32731;11208600
FR;2;2022-02-07;1350;9605;37747;134;41304;6097032;6680950;10143695;32865;11249904
FR;2;2022-02-08;1298;9812;40927;173;43711;6098330;6690762;10184622;33038;11293615
FR;2;2022-02-09;1160;8814;37033;174;40452;6099490;6699576;10221655;33212;11334067
FR;2;2022-02-10;1023;7985;33833;204;36500;6100513;6707561;10255488;33416;11370567
FR;2;2022-02-11;1388;12077;53338;222;57683;6101901;6719638;10308826;33638;11428250
FR;2;2022-02-12;749;6529;27985;83;30802;6102650;6726167;10336811;33721;11459052
FR;2;2022-02-13;200;1336;4833;20;5574;6102850;6727503;10341644;33741;11464626
FR;2;2022-02-14;835;6726;30263;89;33226;6103685;6734229;10371907;33830;11497852
FR;2;2022-02-15;771;6448;28044;141;29982;6104456;6740677;10399951;33971;11527834
FR;2;2022-02-16;656;5343;22049;123;23609;6105112;6746020;10422000;34094;11551443
FR;2;2022-02-17;515;3771;14144;98;14608;6105627;6749791;10436144;34192;11566051
FR;2;2022-02-18;721;5361;20429;134;21125;6106348;6755152;10456573;34326;11587176
FR;2;2022-02-19;430;3047;10527;66;11241;6106778;6758199;10467100;34392;11598417
FR;2;2022-02-20;101;512;1456;3;1604;6106879;6758711;10468556;34395;11600021
FR;2;2022-02-21;421;2682;9117;65;9493;6107300;6761393;10477673;34460;11609514
FR;2;2022-02-22;389;2565;8887;76;8791;6107689;6763958;10486560;34536;11618305
FR;2;2022-02-23;432;2600;8985;82;9264;6108121;6766558;10495545;34618;11627569
FR;2;2022-02-24;314;2028;6796;81;6824;6108435;6768586;10502341;34699;11634393
FR;2;2022-02-25;455;3194;11414;108;11277;6108890;6771780;10513755;34807;11645670
FR;2;2022-02-26;294;1889;6035;49;6340;6109184;6773669;10519790;34856;11652010
FR;2;2022-02-27;75;312;905;5;948;6109259;6773981;10520695;34861;11652958
FR;2;2022-02-28;330;1681;5522;53;5529;6109589;6775662;10526217;34914;11658487
FR;2;2022-03-01;274;1559;5474;44;5191;6109863;6777221;10531691;34958;11663678
FR;2;2022-03-02;296;1429;5242;45;5082;6110159;6778650;10536933;35003;11668760
FR;2;2022-03-03;225;1101;3703;42;3478;6110384;6779751;10540636;35045;11672238
FR;2;2022-03-04;240;1463;4852;73;4498;6110624;6781214;10545488;35118;11676736
FR;2;2022-03-05;172;903;2973;32;2716;6110796;6782117;10548461;35150;11679452
FR;2;2022-03-06;40;181;277;5;316;6110836;6782298;10548738;35155;11679768
FR;2;2022-03-07;155;652;1981;69;1772;6110991;6782950;10550719;35224;11681540
FR;2;2022-03-08;143;653;2270;51;1902;6111134;6783603;10552989;35275;11683442
FR;2;2022-03-09;152;695;2341;37;2042;6111286;6784298;10555330;35312;11685484
FR;2;2022-03-10;119;595;1686;35;1458;6111405;6784893;10557016;35347;11686942
FR;2;2022-03-11;169;753;2767;57;2366;6111574;6785646;10559783;35404;11689308
FR;2;2022-03-12;144;480;1784;27;1553;6111718;6786126;10561567;35431;11690861
FR;2;2022-03-13;25;75;201;29;202;6111743;6786201;10561768;35460;11691063
FR;2;2022-03-14;124;465;1560;529;1289;6111867;6786666;10563328;35989;11692352
FR;2;2022-03-15;138;417;1705;688;1321;6112005;6787083;10565033;36677;11693673
FR;2;2022-03-16;141;463;2010;1611;1588;6112146;6787546;10567043;38288;11695261
FR;2;2022-03-17;93;412;1405;1192;1142;6112239;6787958;10568448;39480;11696403
FR;2;2022-03-18;144;489;2017;1787;1659;6112383;6788447;10570465;41267;11698062
FR;2;2022-03-19;108;318;1209;940;1013;6112491;6788765;10571674;42207;11699075
FR;2;2022-03-20;12;76;190;59;166;6112503;6788841;10571864;42266;11699241
FR;2;2022-03-21;96;301;1209;1481;1073;6112599;6789142;10573073;43747;11700314
FR;2;2022-03-22;116;383;1528;1828;1290;6112715;6789525;10574601;45575;11701604
FR;2;2022-03-23;137;343;1666;3031;1456;6112852;6789868;10576267;48606;11703060
FR;2;2022-03-24;116;290;1180;1546;996;6112968;6790158;10577447;50152;11704056
FR;2;2022-03-25;119;360;1802;2449;1472;6113087;6790518;10579249;52601;11705528
FR;2;2022-03-26;76;246;1202;1220;952;6113163;6790764;10580451;53821;11706480
FR;2;2022-03-27;19;36;151;98;131;6113182;6790800;10580602;53919;11706611
FR;2;2022-03-28;93;285;1133;1588;992;6113275;6791085;10581735;55507;11707603
FR;2;2022-03-29;106;257;1324;2462;1104;6113381;6791342;10583059;57969;11708707
FR;2;2022-03-30;91;312;1482;3183;1315;6113472;6791654;10584541;61152;11710022
FR;2;2022-03-31;103;279;1268;2326;1082;6113575;6791933;10585809;63478;11711104
FR;2;2022-04-01;120;314;1562;2340;1313;6113695;6792247;10587371;65818;11712417
FR;2;2022-04-02;72;160;845;889;737;6113767;6792407;10588216;66707;11713154
FR;2;2022-04-03;16;53;128;112;142;6113783;6792460;10588344;66819;11713296
FR;2;2022-04-04;106;225;982;1434;789;6113889;6792685;10589326;68253;11714085
FR;2;2022-04-05;142;286;1307;2870;1135;6114031;6792971;10590633;71123;11715220
FR;2;2022-04-06;87;243;1303;2499;1113;6114118;6793214;10591936;73622;11716333
FR;2;2022-04-07;118;214;1295;2681;1034;6114236;6793428;10593231;76303;11717367
FR;2;2022-04-08;123;327;1622;3207;1319;6114359;6793755;10594853;79510;11718686
FR;2;2022-04-09;90;218;896;1045;731;6114449;6793973;10595749;80555;11719417
FR;2;2022-04-10;37;45;143;161;117;6114486;6794018;10595892;80716;11719534
FR;2;2022-04-11;85;184;878;1518;769;6114571;6794202;10596770;82234;11720303
FR;2;2022-04-12;176;260;1174;2729;1052;6114747;6794462;10597944;84963;11721355
FR;2;2022-04-13;141;222;1114;2418;971;6114888;6794684;10599058;87381;11722326
FR;2;2022-04-14;114;216;1079;2652;908;6115002;6794900;10600137;90033;11723234
FR;2;2022-04-15;111;240;1186;2248;1043;6115113;6795140;10601323;92281;11724277
FR;2;2022-04-16;64;108;540;543;452;6115177;6795248;10601863;92824;11724729
FR;2;2022-04-17;14;26;57;53;53;6115191;6795274;10601920;92877;11724782
FR;2;2022-04-18;11;35;118;65;113;6115202;6795309;10602038;92942;11724895
FR;2;2022-04-19;108;235;1114;1702;945;6115310;6795544;10603152;94644;11725840
FR;2;2022-04-20;94;237;1090;2100;918;6115404;6795781;10604242;96744;11726758
FR;2;2022-04-21;109;228;972;1822;829;6115513;6796009;10605214;98566;11727587
FR;2;2022-04-22;97;265;1237;2080;1018;6115610;6796274;10606451;100646;11728605
FR;2;2022-04-23;66;154;644;762;573;6115676;6796428;10607095;101408;11729178
FR;2;2022-04-24;10;28;100;68;78;6115686;6796456;10607195;101476;11729256
FR;2;2022-04-25;103;200;818;1312;707;6115789;6796656;10608013;102788;11729963
FR;2;2022-04-26;105;182;1029;1901;869;6115894;6796838;10609042;104689;11730832
FR;2;2022-04-27;95;175;855;1682;758;6115989;6797013;10609897;106371;11731590
FR;2;2022-04-28;90;208;943;1891;837;6116079;6797221;10610840;108262;11732427
FR;2;2022-04-29;75;277;1121;1685;1031;6116154;6797498;10611961;109947;11733458
FR;2;2022-04-30;65;124;463;535;422;6116219;6797622;10612424;110482;11733880
FR;2;2022-05-01;14;22;80;42;81;6116233;6797644;10612504;110524;11733961
FR;2;2022-05-02;111;207;734;1201;633;6116344;6797851;10613238;111725;11734594
FR;2;2022-05-03;145;221;979;1728;917;6116489;6798072;10614217;113453;11735511
FR;2;2022-05-04;85;217;901;1758;847;6116574;6798289;10615118;115211;11736358
FR;2;2022-05-05;120;189;832;1653;741;6116694;6798478;10615950;116864;11737099
FR;2;2022-05-06;125;232;1083;1845;997;6116819;6798710;10617033;118709;11738096
FR;2;2022-05-07;39;95;462;502;399;6116858;6798805;10617495;119211;11738495
FR;2;2022-05-08;42;46;103;70;91;6116900;6798851;10617598;119281;11738586
FR;2;2022-05-09;100;162;631;967;580;6117000;6799013;10618229;120248;11739166
FR;2;2022-05-10;110;232;900;1735;858;6117110;6799245;10619129;121983;11740024
FR;2;2022-05-11;95;160;781;1824;763;6117205;6799405;10619910;123807;11740787
FR;2;2022-05-12;106;165;820;2054;782;6117311;6799570;10620730;125861;11741569
FR;2;2022-05-13;93;225;939;1939;876;6117404;6799795;10621669;127800;11742445
FR;2;2022-05-14;75;116;427;549;387;6117479;6799911;10622096;128349;11742832
FR;2;2022-05-15;23;34;89;86;100;6117502;6799945;10622185;128435;11742932
FR;2;2022-05-16;101;157;552;903;493;6117603;6800102;10622737;129338;11743425
FR;2;2022-05-17;94;177;650;1655;619;6117697;6800279;10623387;130993;11744044
FR;2;2022-05-18;80;168;598;1344;578;6117777;6800447;10623985;132337;11744622
FR;2;2022-05-19;68;149;672;1655;627;6117845;6800596;10624657;133992;11745249
FR;2;2022-05-20;96;160;794;1609;697;6117941;6800756;10625451;135601;11745946
FR;2;2022-05-21;43;87;370;507;312;6117984;6800843;10625821;136108;11746258
FR;2;2022-05-22;8;21;63;35;54;6117992;6800864;10625884;136143;11746312
FR;2;2022-05-23;77;122;418;877;413;6118069;6800986;10626302;137020;11746725
FR;2;2022-05-24;74;155;571;1397;556;6118143;6801141;10626873;138417;11747281
FR;2;2022-05-25;59;118;490;1100;442;6118202;6801259;10627363;139517;11747723
FR;3;2020-12-27;0;0;0;0;0;0;0;0;0;0
FR;3;2020-12-28;0;0;0;0;0;0;0;0;0;0
FR;3;2020-12-29;0;0;0;0;0;0;0;0;0;0
FR;3;2020-12-30;0;0;0;0;0;0;0;0;0;0
FR;3;2020-12-31;0;0;0;0;0;0;0;0;0;0
FR;3;2021-01-01;0;0;0;0;0;0;0;0;0;0
FR;3;2021-01-02;0;0;0;0;0;0;0;0;0;0
FR;3;2021-01-03;0;0;0;0;0;0;0;0;0;0
FR;3;2021-01-04;0;0;0;0;0;0;0;0;0;0
FR;3;2021-01-05;0;0;0;0;0;0;0;0;0;0
FR;3;2021-01-06;0;0;0;0;0;0;0;0;0;0
FR;3;2021-01-07;0;0;0;0;0;0;0;0;0;0
FR;3;2021-01-08;0;0;0;0;0;0;0;0;0;0
FR;3;2021-01-09;0;0;0;0;0;0;0;0;0;0
FR;3;2021-01-10;0;0;0;0;0;0;0;0;0;0
FR;3;2021-01-11;0;0;0;0;0;0;0;0;0;0
FR;3;2021-01-12;0;0;0;0;0;0;0;0;0;0
FR;3;2021-01-13;0;0;0;0;0;0;0;0;0;0
FR;3;2021-01-14;0;0;0;0;0;0;0;0;0;0
FR;3;2021-01-15;0;0;0;0;0;0;0;0;0;0
FR;3;2021-01-16;0;0;0;0;0;0;0;0;0;0
FR;3;2021-01-17;0;0;0;0;0;0;0;0;0;0
FR;3;2021-01-18;0;0;0;0;0;0;0;0;0;0
FR;3;2021-01-19;0;0;0;0;0;0;0;0;0;0
FR;3;2021-01-20;0;0;0;0;0;0;0;0;0;0
FR;3;2021-01-21;0;0;0;0;0;0;0;0;0;0
FR;3;2021-01-22;0;0;0;0;0;0;0;0;0;0
FR;3;2021-01-23;0;0;0;0;0;0;0;0;0;0
FR;3;2021-01-24;0;0;0;0;0;0;0;0;0;0
FR;3;2021-01-25;0;0;0;0;0;0;0;0;0;0
FR;3;2021-01-26;0;0;0;0;0;0;0;0;0;0
FR;3;2021-01-27;0;0;0;0;0;0;0;0;0;0
FR;3;2021-01-28;0;0;0;0;0;0;0;0;0;0
FR;3;2021-01-29;0;0;0;0;0;0;0;0;0;0
FR;3;2021-01-30;0;0;0;0;0;0;0;0;0;0
FR;3;2021-01-31;0;0;0;0;0;0;0;0;0;0
FR;3;2021-02-01;0;0;0;0;0;0;0;0;0;0
FR;3;2021-02-02;0;0;0;0;0;0;0;0;0;0
FR;3;2021-02-03;0;0;0;0;0;0;0;0;0;0
FR;3;2021-02-04;0;0;0;0;0;0;0;0;0;0
FR;3;2021-02-05;0;0;0;0;0;0;0;0;0;0
FR;3;2021-02-06;1665;0;0;0;0;1665;0;0;0;0
FR;3;2021-02-07;1423;0;0;0;0;3088;0;0;0;0
FR;3;2021-02-08;2782;1;0;0;0;5870;1;0;0;0
FR;3;2021-02-09;6782;0;0;0;0;12652;1;0;0;0
FR;3;2021-02-10;9603;0;0;0;0;22255;1;0;0;0
FR;3;2021-02-11;13611;0;0;0;0;35866;1;0;0;0
FR;3;2021-02-12;13398;0;0;0;0;49264;1;0;0;0
FR;3;2021-02-13;3784;1;0;0;0;53048;2;0;0;0
FR;3;2021-02-14;972;0;0;0;0;54020;2;0;0;0
FR;3;2021-02-15;10486;0;0;0;0;64506;2;0;0;0
FR;3;2021-02-16;12542;1;0;0;0;77048;3;0;0;0
FR;3;2021-02-17;11151;0;0;0;0;88199;3;0;0;0
FR;3;2021-02-18;14934;2;0;0;0;103133;5;0;0;0
FR;3;2021-02-19;14359;1;0;0;0;117492;6;0;0;0
FR;3;2021-02-20;3329;0;0;0;0;120821;6;0;0;0
FR;3;2021-02-21;618;0;0;0;0;121439;6;0;0;0
FR;3;2021-02-22;9162;0;0;0;0;130601;6;0;0;0
FR;3;2021-02-23;11394;1;0;0;0;141995;7;0;0;0
FR;3;2021-02-24;14299;0;0;0;0;156294;7;0;0;0
FR;3;2021-02-25;44929;1;0;0;0;201223;8;0;0;0
FR;3;2021-02-26;61882;3;0;0;0;263105;11;0;0;0
FR;3;2021-02-27;34801;5;0;0;0;297906;16;0;0;0
FR;3;2021-02-28;2463;0;0;0;0;300369;16;0;0;0
FR;3;2021-03-01;20510;10;0;0;0;320879;26;0;0;0
FR;3;2021-03-02;38862;18;0;0;0;359741;44;0;0;0
FR;3;2021-03-03;48729;16;0;0;0;408470;60;0;0;0
FR;3;2021-03-04;82217;20;0;0;0;490687;80;0;0;0
FR;3;2021-03-05;118123;40;0;0;0;608810;120;0;0;0
FR;3;2021-03-06;120709;55;1;0;0;729519;175;1;0;0
FR;3;2021-03-07;55176;27;0;0;0;784695;202;1;0;0
FR;3;2021-03-08;42807;24;0;0;0;827502;226;1;0;0
FR;3;2021-03-09;78965;43;0;0;0;906467;269;1;0;0
FR;3;2021-03-10;80966;47;0;0;0;987433;316;1;0;0
FR;3;2021-03-11;128420;56;0;0;0;1115853;372;1;0;0
FR;3;2021-03-12;182721;91;0;0;0;1298574;463;1;0;0
FR;3;2021-03-13;132144;63;0;0;0;1430718;526;1;0;0
FR;3;2021-03-14;14054;4;0;0;0;1444772;530;1;0;0
FR;3;2021-03-15;52223;48;0;0;0;1496995;578;1;0;0
FR;3;2021-03-16;1209;24;0;0;0;1498204;602;1;0;0
FR;3;2021-03-17;942;30;0;0;0;1499146;632;1;0;0
FR;3;2021-03-18;1564;12;0;0;0;1500710;644;1;0;0
FR;3;2021-03-19;70448;48;0;0;0;1571158;692;1;0;0
FR;3;2021-03-20;65226;44;0;0;0;1636384;736;1;0;0
FR;3;2021-03-21;5755;6;0;0;0;1642139;742;1;0;0
FR;3;2021-03-22;37496;38;0;0;0;1679635;780;1;0;0
FR;3;2021-03-23;84650;61;0;0;0;1764285;841;1;0;0
FR;3;2021-03-24;90935;93;0;0;0;1855220;934;1;0;0
FR;3;2021-03-25;150043;126;0;0;0;2005263;1060;1;0;0
FR;3;2021-03-26;165412;152;0;0;0;2170675;1212;1;0;0
FR;3;2021-03-27;68456;99;0;0;0;2239131;1311;1;0;0
FR;3;2021-03-28;6469;19;0;0;0;2245600;1330;1;0;0
FR;3;2021-03-29;54159;77;0;0;0;2299759;1407;1;0;0
FR;3;2021-03-30;93159;100;0;0;0;2392918;1507;1;0;0
FR;3;2021-03-31;63522;97;0;0;0;2456440;1604;1;0;0
FR;3;2021-04-01;86121;106;0;0;0;2542561;1710;1;0;0
FR;3;2021-04-02;86891;153;0;0;0;2629452;1863;1;0;0
FR;3;2021-04-03;35872;115;0;0;0;2665324;1978;1;0;0
FR;3;2021-04-04;3570;18;0;0;0;2668894;1996;1;0;0
FR;3;2021-04-05;4487;28;0;0;0;2673381;2024;1;0;0
FR;3;2021-04-06;29742;83;0;0;0;2703123;2107;1;0;0
FR;3;2021-04-07;32334;79;0;0;0;2735457;2186;1;0;0
FR;3;2021-04-08;78808;243;0;0;0;2814265;2429;1;0;0
FR;3;2021-04-09;161746;415;0;0;0;2976011;2844;1;0;0
FR;3;2021-04-10;75755;331;0;0;0;3051766;3175;1;0;0
FR;3;2021-04-11;7309;45;0;0;0;3059075;3220;1;0;0
FR;3;2021-04-12;51467;206;0;0;0;3110542;3426;1;0;0
FR;3;2021-04-13;86218;318;0;0;0;3196760;3744;1;0;0
FR;3;2021-04-14;67834;341;0;0;0;3264594;4085;1;0;0
FR;3;2021-04-15;93219;371;0;0;0;3357813;4456;1;0;0
FR;3;2021-04-16;112516;582;0;0;0;3470329;5038;1;0;0
FR;3;2021-04-17;53311;324;1;0;0;3523640;5362;2;0;0
FR;3;2021-04-18;9743;35;0;0;0;3533383;5397;2;0;0
FR;3;2021-04-19;25103;241;0;0;0;3558486;5638;2;0;0
FR;3;2021-04-20;45671;398;0;0;0;3604157;6036;2;0;0
FR;3;2021-04-21;38967;466;0;0;0;3643124;6502;2;0;0
FR;3;2021-04-22;54702;786;0;0;0;3697826;7288;2;0;0
FR;3;2021-04-23;70483;1021;0;0;0;3768309;8309;2;0;0
FR;3;2021-04-24;37240;1000;0;0;0;3805549;9309;2;0;0
FR;3;2021-04-25;6204;156;0;0;0;3811753;9465;2;0;0
FR;3;2021-04-26;19781;652;0;0;0;3831534;10117;2;0;0
FR;3;2021-04-27;34470;1260;0;0;0;3866004;11377;2;0;0
FR;3;2021-04-28;28965;1942;0;0;0;3894969;13319;2;0;0
FR;3;2021-04-29;45377;5962;0;0;0;3940346;19281;2;0;0
FR;3;2021-04-30;55451;8935;1;0;0;3995797;28216;3;0;0
FR;3;2021-05-01;9510;1977;0;0;0;4005307;30193;3;0;0
FR;3;2021-05-02;3070;488;0;0;0;4008377;30681;3;0;0
FR;3;2021-05-03;13057;3886;0;0;0;4021434;34567;3;0;0
FR;3;2021-05-04;23109;8412;0;0;0;4044543;42979;3;0;0
FR;3;2021-05-05;18753;10617;0;0;0;4063296;53596;3;0;0
FR;3;2021-05-06;34618;20912;0;0;0;4097914;74508;3;0;0
FR;3;2021-05-07;44202;28451;0;0;0;4142116;102959;3;0;0
FR;3;2021-05-08;6784;8938;0;0;0;4148900;111897;3;0;0
FR;3;2021-05-09;1792;2658;0;0;0;4150692;114555;3;0;0
FR;3;2021-05-10;14989;12605;0;0;0;4165681;127160;3;0;0
FR;3;2021-05-11;27092;25797;0;0;0;4192773;152957;3;0;0
FR;3;2021-05-12;17266;27515;0;0;0;4210039;180472;3;0;0
FR;3;2021-05-13;2277;3472;0;0;0;4212316;183944;3;0;0
FR;3;2021-05-14;14513;25766;0;0;0;4226829;209710;3;0;0
FR;3;2021-05-15;7230;20795;0;0;0;4234059;230505;3;0;0
FR;3;2021-05-16;975;2674;0;0;0;4235034;233179;3;0;0
FR;3;2021-05-17;7960;19941;0;0;0;4242994;253120;3;0;0
FR;3;2021-05-18;13409;29660;0;0;0;4256403;282780;3;0;0
FR;3;2021-05-19;9262;31536;0;0;0;4265665;314316;3;0;0
FR;3;2021-05-20;12801;53235;3;0;0;4278466;367551;6;0;0
FR;3;2021-05-21;12759;65548;2;0;0;4291225;433099;8;0;0
FR;3;2021-05-22;4960;33321;1;0;0;4296185;466420;9;0;0
FR;3;2021-05-23;649;2669;0;0;0;4296834;469089;9;0;0
FR;3;2021-05-24;879;4918;0;0;0;4297713;474007;9;0;0
FR;3;2021-05-25;5297;45245;1;0;0;4303010;519252;10;0;0
FR;3;2021-05-26;4970;51105;1;0;0;4307980;570357;11;0;0
FR;3;2021-05-27;6325;77889;3;0;0;4314305;648246;14;0;0
FR;3;2021-05-28;7540;99113;2;0;0;4321845;747359;16;0;0
FR;3;2021-05-29;3345;60321;1;0;0;4325190;807680;17;0;0
FR;3;2021-05-30;545;8217;0;0;0;4325735;815897;17;0;0
FR;3;2021-05-31;2436;35881;3;0;0;4328171;851778;20;0;0
FR;3;2021-06-01;3400;64746;10;0;0;4331571;916524;30;0;0
FR;3;2021-06-02;2726;58325;6;0;0;4334297;974849;36;0;0
FR;3;2021-06-03;3491;87497;10;0;0;4337788;1062346;46;0;0
FR;3;2021-06-04;4110;105094;22;0;0;4341898;1167440;68;0;0
FR;3;2021-06-05;1979;52235;4;0;0;4343877;1219675;72;0;0
FR;3;2021-06-06;505;5387;1;0;0;4344382;1225062;73;0;0
FR;3;2021-06-07;1469;31083;11;0;0;4345851;1256145;84;0;0
FR;3;2021-06-08;2047;47234;18;0;0;4347898;1303379;102;0;0
FR;3;2021-06-09;1788;42308;13;0;0;4349686;1345687;115;0;0
FR;3;2021-06-10;2242;67872;17;0;0;4351928;1413559;132;0;0
FR;3;2021-06-11;2471;96694;34;0;0;4354399;1510253;166;0;0
FR;3;2021-06-12;1174;40828;6;0;0;4355573;1551081;172;0;0
FR;3;2021-06-13;278;3804;3;0;0;4355851;1554885;175;0;0
FR;3;2021-06-14;1039;42597;17;0;0;4356890;1597482;192;0;0
FR;3;2021-06-15;1364;80600;20;0;0;4358254;1678082;212;0;0
FR;3;2021-06-16;1255;65684;19;0;0;4359509;1743766;231;0;0
FR;3;2021-06-17;1659;101807;41;0;0;4361168;1845573;272;0;0
FR;3;2021-06-18;1868;117929;61;0;0;4363036;1963502;333;0;0
FR;3;2021-06-19;801;39387;22;0;0;4363837;2002889;355;0;0
FR;3;2021-06-20;158;3372;0;0;0;4363995;2006261;355;0;0
FR;3;2021-06-21;768;39238;16;0;0;4364763;2045499;371;0;0
FR;3;2021-06-22;1060;69943;52;0;0;4365823;2115442;423;0;0
FR;3;2021-06-23;942;50821;39;0;0;4366765;2166263;462;0;0
FR;3;2021-06-24;1305;77147;48;0;0;4368070;2243410;510;0;0
FR;3;2021-06-25;1399;89979;73;0;0;4369469;2333389;583;0;0
FR;3;2021-06-26;625;33119;29;0;0;4370094;2366508;612;0;0
FR;3;2021-06-27;165;3989;1;0;0;4370259;2370497;613;0;0
FR;3;2021-06-28;648;30401;27;0;0;4370907;2400898;640;0;0
FR;3;2021-06-29;853;56170;95;0;0;4371760;2457068;735;0;0
FR;3;2021-06-30;901;45076;93;0;0;4372661;2502144;828;0;0
FR;3;2021-07-01;1160;65676;108;0;0;4373821;2567820;936;0;0
FR;3;2021-07-02;1299;90364;170;0;0;4375120;2658184;1106;0;0
FR;3;2021-07-03;600;31185;52;0;0;4375720;2689369;1158;0;0
FR;3;2021-07-04;141;4256;3;0;0;4375861;2693625;1161;0;0
FR;3;2021-07-05;608;33898;60;0;0;4376469;2727523;1221;0;0
FR;3;2021-07-06;956;56048;88;0;0;4377425;2783571;1309;0;0
FR;3;2021-07-07;870;43033;79;0;0;4378295;2826604;1388;0;0
FR;3;2021-07-08;1123;60725;99;0;0;4379418;2887329;1487;0;0
FR;3;2021-07-09;1258;68809;128;0;0;4380676;2956138;1615;0;0
FR;3;2021-07-10;640;25064;59;0;0;4381316;2981202;1674;0;0
FR;3;2021-07-11;127;3288;4;0;0;4381443;2984490;1678;0;0
FR;3;2021-07-12;659;23877;59;0;0;4382102;3008367;1737;0;0
FR;3;2021-07-13;1645;34720;90;0;0;4383747;3043087;1827;0;0
FR;3;2021-07-14;261;2624;2;0;0;4384008;3045711;1829;0;0
FR;3;2021-07-15;1933;30654;85;0;0;4385941;3076365;1914;0;0
FR;3;2021-07-16;2520;38859;122;0;0;4388461;3115224;2036;0;0
FR;3;2021-07-17;1046;13749;26;0;0;4389507;3128973;2062;0;0
FR;3;2021-07-18;262;2605;3;0;0;4389769;3131578;2065;0;0
FR;3;2021-07-19;1273;17190;37;0;0;4391042;3148768;2102;0;0
FR;3;2021-07-20;1823;27130;98;0;0;4392865;3175898;2200;0;0
FR;3;2021-07-21;1647;19708;44;0;0;4394512;3195606;2244;0;0
FR;3;2021-07-22;1848;27746;83;0;0;4396360;3223352;2327;0;0
FR;3;2021-07-23;2212;30444;117;0;0;4398572;3253796;2444;0;0
FR;3;2021-07-24;822;7005;25;0;0;4399394;3260801;2469;0;0
FR;3;2021-07-25;210;1340;1;0;0;4399604;3262141;2470;0;0
FR;3;2021-07-26;921;10700;28;0;0;4400525;3272841;2498;0;0
FR;3;2021-07-27;1165;16942;56;0;0;4401690;3289783;2554;0;0
FR;3;2021-07-28;988;12099;40;0;0;4402678;3301882;2594;0;0
FR;3;2021-07-29;1126;15839;63;0;0;4403804;3317721;2657;0;0
FR;3;2021-07-30;1126;18094;79;0;0;4404930;3335815;2736;0;0
FR;3;2021-07-31;406;3746;15;0;0;4405336;3339561;2751;0;0
FR;3;2021-08-01;113;486;1;0;0;4405449;3340047;2752;0;0
FR;3;2021-08-02;419;5153;22;0;0;4405868;3345200;2774;0;0
FR;3;2021-08-03;488;7585;27;0;0;4406356;3352785;2801;0;0
FR;3;2021-08-04;435;4884;26;0;0;4406791;3357669;2827;0;0
FR;3;2021-08-05;428;3737;12;0;0;4407219;3361406;2839;0;0
FR;3;2021-08-06;452;4788;30;0;0;4407671;3366194;2869;0;0
FR;3;2021-08-07;214;1922;11;0;0;4407885;3368116;2880;0;0
FR;3;2021-08-08;248;432;2;0;0;4408133;3368548;2882;0;0
FR;3;2021-08-09;313;2499;11;0;0;4408446;3371047;2893;0;0
FR;3;2021-08-10;363;3879;15;0;0;4408809;3374926;2908;0;0
FR;3;2021-08-11;285;2722;15;0;0;4409094;3377648;2923;0;0
FR;3;2021-08-12;276;2639;12;0;0;4409370;3380287;2935;0;0
FR;3;2021-08-13;277;2266;16;0;0;4409647;3382553;2951;0;0
FR;3;2021-08-14;169;916;1;0;0;4409816;3383469;2952;0;0
FR;3;2021-08-15;55;171;0;0;0;4409871;3383640;2952;0;0
FR;3;2021-08-16;123;1085;8;0;0;4409994;3384725;2960;0;0
FR;3;2021-08-17;187;1502;8;0;0;4410181;3386227;2968;0;0
FR;3;2021-08-18;200;1369;10;0;0;4410381;3387596;2978;0;0
FR;3;2021-08-19;165;1411;10;0;0;4410546;3389007;2988;0;0
FR;3;2021-08-20;166;1635;16;0;0;4410712;3390642;3004;0;0
FR;3;2021-08-21;93;587;2;0;0;4410805;3391229;3006;0;0
FR;3;2021-08-22;39;189;1;0;0;4410844;3391418;3007;0;0
FR;3;2021-08-23;140;929;7;0;0;4410984;3392347;3014;0;0
FR;3;2021-08-24;124;966;10;0;0;4411108;3393313;3024;0;0
FR;3;2021-08-25;136;843;2;0;0;4411244;3394156;3026;0;0
FR;3;2021-08-26;170;874;9;0;0;4411414;3395030;3035;0;0
FR;3;2021-08-27;172;964;9;0;0;4411586;3395994;3044;0;0
FR;3;2021-08-28;98;372;4;0;0;4411684;3396366;3048;0;0
FR;3;2021-08-29;127;133;1;0;0;4411811;3396499;3049;0;0
FR;3;2021-08-30;98;599;0;0;135;4411909;3397098;3049;0;135
FR;3;2021-08-31;127;712;7;0;153;4412036;3397810;3056;0;288
FR;3;2021-09-01;113;479;5;0;123;4412149;3398289;3061;0;411
FR;3;2021-09-02;99;633;22;0;120;4412248;3398922;3083;0;531
FR;3;2021-09-03;115;586;17;0;128;4412363;3399508;3100;0;659
FR;3;2021-09-04;51;302;3;0;58;4412414;3399810;3103;0;717
FR;3;2021-09-05;51;68;5;0;28;4412465;3399878;3108;0;745
FR;3;2021-09-06;113;394;4;0;144;4412578;3400272;3112;0;889
FR;3;2021-09-07;123;473;14;0;128;4412701;3400745;3126;0;1017
FR;3;2021-09-08;115;371;2;0;103;4412816;3401116;3128;0;1120
FR;3;2021-09-09;92;397;8;0;114;4412908;3401513;3136;0;1234
FR;3;2021-09-10;100;422;3;0;104;4413008;3401935;3139;0;1338
FR;3;2021-09-11;75;239;4;0;66;4413083;3402174;3143;0;1404
FR;3;2021-09-12;36;48;1;0;17;4413119;3402222;3144;0;1421
FR;3;2021-09-13;70;320;7;0;109;4413189;3402542;3151;0;1530
FR;3;2021-09-14;70;293;6;0;107;4413259;3402835;3157;0;1637
FR;3;2021-09-15;59;263;3;0;6;4413318;3403098;3160;0;1643
FR;3;2021-09-16;59;339;5;0;5;4413377;3403437;3165;0;1648
FR;3;2021-09-17;51;348;3;0;7;4413428;3403785;3168;0;1655
FR;3;2021-09-18;36;172;1;0;1;4413464;3403957;3169;0;1656
FR;3;2021-09-19;27;32;2;0;1;4413491;3403989;3171;0;1657
FR;3;2021-09-20;79;211;0;0;1;4413570;3404200;3171;0;1658
FR;3;2021-09-21;58;287;6;0;7;4413628;3404487;3177;0;1665
FR;3;2021-09-22;63;228;6;0;7;4413691;3404715;3183;0;1672
FR;3;2021-09-23;36;274;11;0;7;4413727;3404989;3194;0;1679
FR;3;2021-09-24;25;323;12;0;19;4413752;3405312;3206;0;1698
FR;3;2021-09-25;29;152;3;0;3;4413781;3405464;3209;0;1701
FR;3;2021-09-26;15;55;1;0;1;4413796;3405519;3210;0;1702
FR;3;2021-09-27;39;291;3;0;5;4413835;3405810;3213;0;1707
FR;3;2021-09-28;49;256;6;0;10;4413884;3406066;3219;0;1717
FR;3;2021-09-29;34;223;10;0;13;4413918;3406289;3229;0;1730
FR;3;2021-09-30;38;199;8;0;10;4413956;3406488;3237;0;1740
FR;3;2021-10-01;17;169;6;0;7;4413973;3406657;3243;0;1747
FR;3;2021-10-02;14;91;0;0;0;4413987;3406748;3243;0;1747
FR;3;2021-10-03;18;20;1;0;2;4414005;3406768;3244;0;1749
FR;3;2021-10-04;30;161;4;0;4;4414035;3406929;3248;0;1753
FR;3;2021-10-05;16;153;10;0;13;4414051;3407082;3258;0;1766
FR;3;2021-10-06;31;157;7;0;8;4414082;3407239;3265;0;1774
FR;3;2021-10-07;18;142;6;0;6;4414100;3407381;3271;0;1780
FR;3;2021-10-08;22;145;10;0;9;4414122;3407526;3281;0;1789
FR;3;2021-10-09;12;73;1;0;1;4414134;3407599;3282;0;1790
FR;3;2021-10-10;11;16;2;0;2;4414145;3407615;3284;0;1792
FR;3;2021-10-11;14;123;4;0;5;4414159;3407738;3288;0;1797
FR;3;2021-10-12;17;116;5;0;5;4414176;3407854;3293;0;1802
FR;3;2021-10-13;23;120;7;0;5;4414199;3407974;3300;0;1807
FR;3;2021-10-14;16;160;3;0;4;4414215;3408134;3303;0;1811
FR;3;2021-10-15;21;157;8;0;11;4414236;3408291;3311;0;1822
FR;3;2021-10-16;11;78;6;0;8;4414247;3408369;3317;0;1830
FR;3;2021-10-17;10;24;0;0;0;4414257;3408393;3317;0;1830
FR;3;2021-10-18;17;128;2;0;1;4414274;3408521;3319;0;1831
FR;3;2021-10-19;16;125;19;0;21;4414290;3408646;3338;0;1852
FR;3;2021-10-20;21;131;5;0;6;4414311;3408777;3343;0;1858
FR;3;2021-10-21;24;137;17;0;13;4414335;3408914;3360;0;1871
FR;3;2021-10-22;18;128;16;0;20;4414353;3409042;3376;0;1891
FR;3;2021-10-23;12;57;2;0;1;4414365;3409099;3378;0;1892
FR;3;2021-10-24;7;31;0;0;0;4414372;3409130;3378;0;1892
FR;3;2021-10-25;22;150;7;0;7;4414394;3409280;3385;0;1899
FR;3;2021-10-26;18;113;22;0;19;4414412;3409393;3407;0;1918
FR;3;2021-10-27;15;117;9;0;9;4414427;3409510;3416;0;1927
FR;3;2021-10-28;20;126;33;0;36;4414447;3409636;3449;0;1963
FR;3;2021-10-29;10;123;64;0;54;4414457;3409759;3513;0;2017
FR;3;2021-10-30;8;66;11;1;10;4414465;3409825;3524;1;2027
FR;3;2021-10-31;5;22;1;0;1;4414470;3409847;3525;1;2028
FR;3;2021-11-01;7;22;2;0;1;4414477;3409869;3527;1;2029
FR;3;2021-11-02;9;107;8;0;10;4414486;3409976;3535;1;2039
FR;3;2021-11-03;19;119;10;0;10;4414505;3410095;3545;1;2049
FR;3;2021-11-04;18;97;4;0;3;4414523;3410192;3549;1;2052
FR;3;2021-11-05;17;142;8;1;5;4414540;3410334;3557;2;2057
FR;3;2021-11-06;6;67;3;0;3;4414546;3410401;3560;2;2060
FR;3;2021-11-07;6;21;1;0;1;4414552;3410422;3561;2;2061
FR;3;2021-11-08;11;140;7;0;5;4414563;3410562;3568;2;2066
FR;3;2021-11-09;12;151;5;0;5;4414575;3410713;3573;2;2071
FR;3;2021-11-10;12;180;14;0;15;4414587;3410893;3587;2;2086
FR;3;2021-11-11;8;51;3;0;3;4414595;3410944;3590;2;2089
FR;3;2021-11-12;10;155;6;0;4;4414605;3411099;3596;2;2093
FR;3;2021-11-13;7;77;8;0;10;4414612;3411176;3604;2;2103
FR;3;2021-11-14;2;21;0;0;0;4414614;3411197;3604;2;2103
FR;3;2021-11-15;4;190;10;0;10;4414618;3411387;3614;2;2113
FR;3;2021-11-16;2;166;11;0;10;4414620;3411553;3625;2;2123
FR;3;2021-11-17;5;180;10;0;7;4414625;3411733;3635;2;2130
FR;3;2021-11-18;13;178;10;0;11;4414638;3411911;3645;2;2141
FR;3;2021-11-19;8;228;22;0;27;4414646;3412139;3667;2;2168
FR;3;2021-11-20;6;118;5;0;5;4414652;3412257;3672;2;2173
FR;3;2021-11-21;3;26;3;0;3;4414655;3412283;3675;2;2176
FR;3;2021-11-22;10;236;10;0;10;4414665;3412519;3685;2;2186
FR;3;2021-11-23;6;232;15;0;14;4414671;3412751;3700;2;2200
FR;3;2021-11-24;5;240;9;0;17;4414676;3412991;3709;2;2217
FR;3;2021-11-25;9;283;11;0;10;4414685;3413274;3720;2;2227
FR;3;2021-11-26;5;366;35;0;32;4414690;3413640;3755;2;2259
FR;3;2021-11-27;8;173;20;0;21;4414698;3413813;3775;2;2280
FR;3;2021-11-28;3;65;7;0;7;4414701;3413878;3782;2;2287
FR;3;2021-11-29;4;323;19;0;20;4414705;3414201;3801;2;2307
FR;3;2021-11-30;5;416;26;0;29;4414710;3414617;3827;2;2336
FR;3;2021-12-01;18;462;32;0;33;4414728;3415079;3859;2;2369
FR;3;2021-12-02;9;496;33;0;36;4414737;3415575;3892;2;2405
FR;3;2021-12-03;3;565;37;0;38;4414740;3416140;3929;2;2443
FR;3;2021-12-04;3;279;26;0;28;4414743;3416419;3955;2;2471
FR;3;2021-12-05;1;81;5;0;5;4414744;3416500;3960;2;2476
FR;3;2021-12-06;5;506;14;0;16;4414749;3417006;3974;2;2492
FR;3;2021-12-07;4;609;20;0;24;4414753;3417615;3994;2;2516
FR;3;2021-12-08;4;536;29;0;30;4414757;3418151;4023;2;2546
FR;3;2021-12-09;3;587;17;0;22;4414760;3418738;4040;2;2568
FR;3;2021-12-10;9;623;29;0;25;4414769;3419361;4069;2;2593
FR;3;2021-12-11;4;385;10;0;9;4414773;3419746;4079;2;2602
FR;3;2021-12-12;1;121;3;0;3;4414774;3419867;4082;2;2605
FR;3;2021-12-13;2;599;19;0;21;4414776;3420466;4101;2;2626
FR;3;2021-12-14;7;753;18;0;21;4414783;3421219;4119;2;2647
FR;3;2021-12-15;9;720;17;0;21;4414792;3421939;4136;2;2668
FR;3;2021-12-16;9;724;19;0;18;4414801;3422663;4155;2;2686
FR;3;2021-12-17;4;792;18;0;19;4414805;3423455;4173;2;2705
FR;3;2021-12-18;4;413;4;0;5;4414809;3423868;4177;2;2710
FR;3;2021-12-19;3;207;2;0;2;4414812;3424075;4179;2;2712
FR;3;2021-12-20;8;719;23;0;28;4414820;3424794;4202;2;2740
FR;3;2021-12-21;3;805;10;0;13;4414823;3425599;4212;2;2753
FR;3;2021-12-22;6;755;9;0;10;4414829;3426354;4221;2;2763
FR;3;2021-12-23;1;647;9;0;8;4414830;3427001;4230;2;2771
FR;3;2021-12-24;2;271;3;0;6;4414832;3427272;4233;2;2777
FR;3;2021-12-25;0;25;0;0;0;4414832;3427297;4233;2;2777
FR;3;2021-12-26;0;95;1;0;1;4414832;3427392;4234;2;2778
FR;3;2021-12-27;7;541;17;0;19;4414839;3427933;4251;2;2797
FR;3;2021-12-28;1;690;6;0;5;4414840;3428623;4257;2;2802
FR;3;2021-12-29;4;572;14;0;16;4414844;3429195;4271;2;2818
FR;3;2021-12-30;1;599;7;0;10;4414845;3429794;4278;2;2828
FR;3;2021-12-31;0;204;5;0;6;4414845;3429998;4283;2;2834
FR;3;2022-01-01;0;27;0;0;2;4414845;3430025;4283;2;2836
FR;3;2022-01-02;0;82;0;0;0;4414845;3430107;4283;2;2836
FR;3;2022-01-03;3;564;17;0;20;4414848;3430671;4300;2;2856
FR;3;2022-01-04;6;623;9;0;8;4414854;3431294;4309;2;2864
FR;3;2022-01-05;4;552;10;0;14;4414858;3431846;4319;2;2878
FR;3;2022-01-06;5;547;9;0;12;4414863;3432393;4328;2;2890
FR;3;2022-01-07;2;574;11;0;14;4414865;3432967;4339;2;2904
FR;3;2022-01-08;2;283;4;0;5;4414867;3433250;4343;2;2909
FR;3;2022-01-09;0;118;0;0;0;4414867;3433368;4343;2;2909
FR;3;2022-01-10;2;479;12;0;12;4414869;3433847;4355;2;2921
FR;3;2022-01-11;2;531;1;0;1;4414871;3434378;4356;2;2922
FR;3;2022-01-12;2;445;9;0;10;4414873;3434823;4365;2;2932
FR;3;2022-01-13;3;423;11;0;12;4414876;3435246;4376;2;2944
FR;3;2022-01-14;3;474;10;0;13;4414879;3435720;4386;2;2957
FR;3;2022-01-15;0;298;2;0;3;4414879;3436018;4388;2;2960
FR;3;2022-01-16;0;116;1;0;1;4414879;3436134;4389;2;2961
FR;3;2022-01-17;2;349;8;0;10;4414881;3436483;4397;2;2971
FR;3;2022-01-18;2;413;1;0;2;4414883;3436896;4398;2;2973
FR;3;2022-01-19;1;349;5;0;10;4414884;3437245;4403;2;2983
FR;3;2022-01-20;1;379;5;0;3;4414885;3437624;4408;2;2986
FR;3;2022-01-21;3;373;5;0;7;4414888;3437997;4413;2;2993
FR;3;2022-01-22;2;231;1;0;2;4414890;3438228;4414;2;2995
FR;3;2022-01-23;0;82;0;0;1;4414890;3438310;4414;2;2996
FR;3;2022-01-24;2;348;1;0;6;4414892;3438658;4415;2;3002
FR;3;2022-01-25;0;192;0;0;0;4414892;3438850;4415;2;3002
FR;3;2022-01-26;0;88;0;0;0;4414892;3438938;4415;2;3002
FR;3;2022-01-27;0;58;0;0;0;4414892;3438996;4415;2;3002
FR;3;2022-01-28;0;133;0;0;0;4414892;3439129;4415;2;3002
FR;3;2022-01-29;0;110;0;0;0;4414892;3439239;4415;2;3002
FR;3;2022-01-30;0;51;0;0;0;4414892;3439290;4415;2;3002
FR;3;2022-01-31;0;97;0;0;0;4414892;3439387;4415;2;3002
FR;3;2022-02-01;0;108;0;0;1;4414892;3439495;4415;2;3003
FR;3;2022-02-02;0;95;0;0;0;4414892;3439590;4415;2;3003
FR;3;2022-02-03;0;101;0;0;0;4414892;3439691;4415;2;3003
FR;3;2022-02-04;0;124;0;0;0;4414892;3439815;4415;2;3003
FR;3;2022-02-05;0;73;0;0;0;4414892;3439888;4415;2;3003
FR;3;2022-02-06;0;11;0;0;0;4414892;3439899;4415;2;3003
FR;3;2022-02-07;0;89;0;0;1;4414892;3439988;4415;2;3004
FR;3;2022-02-08;0;0;0;0;0;4414892;3439988;4415;2;3004
FR;3;2022-02-09;0;0;0;0;0;4414892;3439988;4415;2;3004
FR;3;2022-02-10;0;0;0;0;0;4414892;3439988;4415;2;3004
FR;3;2022-02-11;0;0;0;0;0;4414892;3439988;4415;2;3004
FR;3;2022-02-12;0;0;0;0;0;4414892;3439988;4415;2;3004
FR;3;2022-02-13;0;0;0;0;0;4414892;3439988;4415;2;3004
FR;3;2022-02-14;0;0;0;0;0;4414892;3439988;4415;2;3004
FR;3;2022-02-15;0;0;0;0;0;4414892;3439988;4415;2;3004
FR;3;2022-02-16;0;0;0;0;0;4414892;3439988;4415;2;3004
FR;3;2022-02-17;0;0;0;0;0;4414892;3439988;4415;2;3004
FR;3;2022-02-18;0;0;0;0;0;4414892;3439988;4415;2;3004
FR;3;2022-02-19;0;0;0;0;0;4414892;3439988;4415;2;3004
FR;3;2022-02-20;0;0;0;0;0;4414892;3439988;4415;2;3004
FR;3;2022-02-21;2;0;0;0;0;4414894;3439988;4415;2;3004
FR;3;2022-02-22;0;0;0;0;0;4414894;3439988;4415;2;3004
FR;3;2022-02-23;0;0;0;0;0;4414894;3439988;4415;2;3004
FR;3;2022-02-24;0;0;0;0;0;4414894;3439988;4415;2;3004
FR;3;2022-02-25;0;0;0;0;0;4414894;3439988;4415;2;3004
FR;3;2022-02-26;0;0;0;0;0;4414894;3439988;4415;2;3004
FR;3;2022-02-27;0;0;0;0;0;4414894;3439988;4415;2;3004
FR;3;2022-02-28;1;0;0;0;0;4414895;3439988;4415;2;3004
FR;3;2022-03-01;1;0;0;0;0;4414896;3439988;4415;2;3004
FR;3;2022-03-02;0;0;0;0;0;4414896;3439988;4415;2;3004
FR;3;2022-03-03;0;0;0;0;0;4414896;3439988;4415;2;3004
FR;3;2022-03-04;0;0;0;0;0;4414896;3439988;4415;2;3004
FR;3;2022-03-05;0;0;0;0;0;4414896;3439988;4415;2;3004
FR;3;2022-03-06;1;0;0;0;0;4414897;3439988;4415;2;3004
FR;3;2022-03-07;0;0;0;0;0;4414897;3439988;4415;2;3004
FR;3;2022-03-08;1;0;0;0;0;4414898;3439988;4415;2;3004
FR;3;2022-03-09;0;0;0;0;0;4414898;3439988;4415;2;3004
FR;3;2022-03-10;0;0;0;0;0;4414898;3439988;4415;2;3004
FR;3;2022-03-11;0;0;0;0;0;4414898;3439988;4415;2;3004
FR;3;2022-03-12;0;0;0;0;0;4414898;3439988;4415;2;3004
FR;3;2022-03-13;0;0;0;0;0;4414898;3439988;4415;2;3004
FR;3;2022-03-14;0;0;0;0;0;4414898;3439988;4415;2;3004
FR;3;2022-03-15;0;0;0;0;0;4414898;3439988;4415;2;3004
FR;3;2022-03-16;0;0;0;0;0;4414898;3439988;4415;2;3004
FR;3;2022-03-17;0;0;0;0;0;4414898;3439988;4415;2;3004
FR;3;2022-03-18;0;0;0;0;0;4414898;3439988;4415;2;3004
FR;3;2022-03-19;0;0;0;0;0;4414898;3439988;4415;2;3004
FR;3;2022-03-20;1;0;0;0;0;4414899;3439988;4415;2;3004
FR;3;2022-03-21;0;0;0;0;0;4414899;3439988;4415;2;3004
FR;3;2022-03-22;0;0;0;0;0;4414899;3439988;4415;2;3004
FR;3;2022-03-23;1;0;0;0;0;4414900;3439988;4415;2;3004
FR;3;2022-03-24;0;0;0;0;0;4414900;3439988;4415;2;3004
FR;3;2022-03-25;1;0;0;0;0;4414901;3439988;4415;2;3004
FR;3;2022-03-26;0;0;0;0;0;4414901;3439988;4415;2;3004
FR;3;2022-03-27;0;0;0;0;0;4414901;3439988;4415;2;3004
FR;3;2022-03-28;0;0;0;0;0;4414901;3439988;4415;2;3004
FR;3;2022-03-29;0;0;0;0;0;4414901;3439988;4415;2;3004
FR;3;2022-03-30;0;0;0;0;0;4414901;3439988;4415;2;3004
FR;3;2022-03-31;0;0;0;0;0;4414901;3439988;4415;2;3004
FR;3;2022-04-01;0;0;0;0;0;4414901;3439988;4415;2;3004
FR;3;2022-04-02;0;0;0;0;0;4414901;3439988;4415;2;3004
FR;3;2022-04-03;0;0;0;0;0;4414901;3439988;4415;2;3004
FR;3;2022-04-04;0;0;0;0;0;4414901;3439988;4415;2;3004
FR;3;2022-04-05;0;0;0;0;0;4414901;3439988;4415;2;3004
FR;3;2022-04-06;0;0;0;0;0;4414901;3439988;4415;2;3004
FR;3;2022-04-07;0;0;0;0;0;4414901;3439988;4415;2;3004
FR;3;2022-04-08;0;0;0;0;0;4414901;3439988;4415;2;3004
FR;3;2022-04-09;0;0;0;0;0;4414901;3439988;4415;2;3004
FR;3;2022-04-10;0;0;0;0;0;4414901;3439988;4415;2;3004
FR;3;2022-04-11;0;0;0;0;0;4414901;3439988;4415;2;3004
FR;3;2022-04-12;0;0;0;0;0;4414901;3439988;4415;2;3004
FR;3;2022-04-13;0;0;0;0;0;4414901;3439988;4415;2;3004
FR;3;2022-04-14;0;0;0;0;0;4414901;3439988;4415;2;3004
FR;3;2022-04-15;1;0;0;0;0;4414902;3439988;4415;2;3004
FR;3;2022-04-16;0;0;0;0;0;4414902;3439988;4415;2;3004
FR;3;2022-04-17;0;0;0;0;0;4414902;3439988;4415;2;3004
FR;3;2022-04-18;0;0;0;0;0;4414902;3439988;4415;2;3004
FR;3;2022-04-19;0;0;0;0;0;4414902;3439988;4415;2;3004
FR;3;2022-04-20;0;0;0;0;0;4414902;3439988;4415;2;3004
FR;3;2022-04-21;0;0;0;0;0;4414902;3439988;4415;2;3004
FR;3;2022-04-22;0;0;0;0;0;4414902;3439988;4415;2;3004
FR;3;2022-04-23;0;0;0;0;0;4414902;3439988;4415;2;3004
FR;3;2022-04-24;0;0;0;0;0;4414902;3439988;4415;2;3004
FR;3;2022-04-25;0;0;0;0;0;4414902;3439988;4415;2;3004
FR;3;2022-04-26;0;0;0;0;0;4414902;3439988;4415;2;3004
FR;3;2022-04-27;0;0;0;0;0;4414902;3439988;4415;2;3004
FR;3;2022-04-28;0;0;0;0;0;4414902;3439988;4415;2;3004
FR;3;2022-04-29;0;0;0;0;0;4414902;3439988;4415;2;3004
FR;3;2022-04-30;0;0;0;0;0;4414902;3439988;4415;2;3004
FR;3;2022-05-01;0;0;0;0;0;4414902;3439988;4415;2;3004
FR;3;2022-05-02;0;0;0;0;0;4414902;3439988;4415;2;3004
FR;3;2022-05-03;0;0;0;0;0;4414902;3439988;4415;2;3004
FR;3;2022-05-04;0;0;0;0;0;4414902;3439988;4415;2;3004
FR;3;2022-05-05;0;0;0;0;0;4414902;3439988;4415;2;3004
FR;3;2022-05-06;0;0;0;0;0;4414902;3439988;4415;2;3004
FR;3;2022-05-07;0;0;0;0;0;4414902;3439988;4415;2;3004
FR;3;2022-05-08;0;0;0;0;0;4414902;3439988;4415;2;3004
FR;3;2022-05-09;0;0;0;0;0;4414902;3439988;4415;2;3004
FR;3;2022-05-10;0;0;0;0;0;4414902;3439988;4415;2;3004
FR;3;2022-05-11;0;0;0;0;0;4414902;3439988;4415;2;3004
FR;3;2022-05-12;0;0;0;0;0;4414902;3439988;4415;2;3004
FR;3;2022-05-13;0;0;0;0;0;4414902;3439988;4415;2;3004
FR;3;2022-05-14;1;0;0;0;0;4414903;3439988;4415;2;3004
FR;3;2022-05-15;0;0;0;0;0;4414903;3439988;4415;2;3004
FR;3;2022-05-16;0;0;0;0;0;4414903;3439988;4415;2;3004
FR;3;2022-05-17;0;0;0;0;0;4414903;3439988;4415;2;3004
FR;3;2022-05-18;0;0;0;0;0;4414903;3439988;4415;2;3004
FR;3;2022-05-19;0;0;0;0;0;4414903;3439988;4415;2;3004
FR;3;2022-05-20;0;0;0;0;0;4414903;3439988;4415;2;3004
FR;3;2022-05-21;0;0;0;0;0;4414903;3439988;4415;2;3004
FR;3;2022-05-22;0;0;0;0;0;4414903;3439988;4415;2;3004
FR;3;2022-05-23;0;0;0;0;0;4414903;3439988;4415;2;3004
FR;3;2022-05-24;0;0;0;0;0;4414903;3439988;4415;2;3004
FR;3;2022-05-25;0;0;0;0;0;4414903;3439988;4415;2;3004
FR;4;2020-12-27;0;0;0;0;0;0;0;0;0;0
FR;4;2020-12-28;0;0;0;0;0;0;0;0;0;0
FR;4;2020-12-29;0;0;0;0;0;0;0;0;0;0
FR;4;2020-12-30;0;0;0;0;0;0;0;0;0;0
FR;4;2020-12-31;0;0;0;0;0;0;0;0;0;0
FR;4;2021-01-01;0;0;0;0;0;0;0;0;0;0
FR;4;2021-01-02;0;0;0;0;0;0;0;0;0;0
FR;4;2021-01-03;0;0;0;0;0;0;0;0;0;0
FR;4;2021-01-04;0;0;0;0;0;0;0;0;0;0
FR;4;2021-01-05;0;0;0;0;0;0;0;0;0;0
FR;4;2021-01-06;0;0;0;0;0;0;0;0;0;0
FR;4;2021-01-07;0;0;0;0;0;0;0;0;0;0
FR;4;2021-01-08;0;0;0;0;0;0;0;0;0;0
FR;4;2021-01-09;0;0;0;0;0;0;0;0;0;0
FR;4;2021-01-10;0;0;0;0;0;0;0;0;0;0
FR;4;2021-01-11;0;0;0;0;0;0;0;0;0;0
FR;4;2021-01-12;0;0;0;0;0;0;0;0;0;0
FR;4;2021-01-13;0;0;0;0;0;0;0;0;0;0
FR;4;2021-01-14;0;0;0;0;0;0;0;0;0;0
FR;4;2021-01-15;0;0;0;0;0;0;0;0;0;0
FR;4;2021-01-16;0;0;0;0;0;0;0;0;0;0
FR;4;2021-01-17;0;0;0;0;0;0;0;0;0;0
FR;4;2021-01-18;0;0;0;0;0;0;0;0;0;0
FR;4;2021-01-19;0;0;0;0;0;0;0;0;0;0
FR;4;2021-01-20;0;0;0;0;0;0;0;0;0;0
FR;4;2021-01-21;0;0;0;0;0;0;0;0;0;0
FR;4;2021-01-22;0;0;0;0;0;0;0;0;0;0
FR;4;2021-01-23;0;0;0;0;0;0;0;0;0;0
FR;4;2021-01-24;0;0;0;0;0;0;0;0;0;0
FR;4;2021-01-25;0;0;0;0;0;0;0;0;0;0
FR;4;2021-01-26;0;0;0;0;0;0;0;0;0;0
FR;4;2021-01-27;0;0;0;0;0;0;0;0;0;0
FR;4;2021-01-28;0;0;0;0;0;0;0;0;0;0
FR;4;2021-01-29;0;0;0;0;0;0;0;0;0;0
FR;4;2021-01-30;0;0;0;0;0;0;0;0;0;0
FR;4;2021-01-31;0;0;0;0;0;0;0;0;0;0
FR;4;2021-02-01;0;0;0;0;0;0;0;0;0;0
FR;4;2021-02-02;0;0;0;0;0;0;0;0;0;0
FR;4;2021-02-03;0;0;0;0;0;0;0;0;0;0
FR;4;2021-02-04;0;0;0;0;0;0;0;0;0;0
FR;4;2021-02-05;0;0;0;0;0;0;0;0;0;0
FR;4;2021-02-06;0;0;0;0;0;0;0;0;0;0
FR;4;2021-02-07;0;0;0;0;0;0;0;0;0;0
FR;4;2021-02-08;0;0;0;0;0;0;0;0;0;0
FR;4;2021-02-09;0;0;0;0;0;0;0;0;0;0
FR;4;2021-02-10;0;0;0;0;0;0;0;0;0;0
FR;4;2021-02-11;0;0;0;0;0;0;0;0;0;0
FR;4;2021-02-12;0;0;0;0;0;0;0;0;0;0
FR;4;2021-02-13;0;0;0;0;0;0;0;0;0;0
FR;4;2021-02-14;0;0;0;0;0;0;0;0;0;0
FR;4;2021-02-15;0;0;0;0;0;0;0;0;0;0
FR;4;2021-02-16;0;0;0;0;0;0;0;0;0;0
FR;4;2021-02-17;0;0;0;0;0;0;0;0;0;0
FR;4;2021-02-18;0;0;0;0;0;0;0;0;0;0
FR;4;2021-02-19;0;0;0;0;0;0;0;0;0;0
FR;4;2021-02-20;0;0;0;0;0;0;0;0;0;0
FR;4;2021-02-21;0;0;0;0;0;0;0;0;0;0
FR;4;2021-02-22;0;0;0;0;0;0;0;0;0;0
FR;4;2021-02-23;0;0;0;0;0;0;0;0;0;0
FR;4;2021-02-24;0;0;0;0;0;0;0;0;0;0
FR;4;2021-02-25;0;0;0;0;0;0;0;0;0;0
FR;4;2021-02-26;0;0;0;0;0;0;0;0;0;0
FR;4;2021-02-27;0;0;0;0;0;0;0;0;0;0
FR;4;2021-02-28;0;0;0;0;0;0;0;0;0;0
FR;4;2021-03-01;0;0;0;0;0;0;0;0;0;0
FR;4;2021-03-02;0;0;0;0;0;0;0;0;0;0
FR;4;2021-03-03;0;0;0;0;0;0;0;0;0;0
FR;4;2021-03-04;0;0;0;0;0;0;0;0;0;0
FR;4;2021-03-05;0;0;0;0;0;0;0;0;0;0
FR;4;2021-03-06;0;0;0;0;0;0;0;0;0;0
FR;4;2021-03-07;0;0;0;0;0;0;0;0;0;0
FR;4;2021-03-08;0;0;0;0;0;0;0;0;0;0
FR;4;2021-03-09;0;0;0;0;0;0;0;0;0;0
FR;4;2021-03-10;0;0;0;0;0;0;0;0;0;0
FR;4;2021-03-11;0;0;0;0;0;0;0;0;0;0
FR;4;2021-03-12;0;0;0;0;0;0;0;0;0;0
FR;4;2021-03-13;0;0;0;0;0;0;0;0;0;0
FR;4;2021-03-14;0;0;0;0;0;0;0;0;0;0
FR;4;2021-03-15;0;0;0;0;0;0;0;0;0;0
FR;4;2021-03-16;0;0;0;0;0;0;0;0;0;0
FR;4;2021-03-17;0;0;0;0;0;0;0;0;0;0
FR;4;2021-03-18;0;0;0;0;0;0;0;0;0;0
FR;4;2021-03-19;0;0;0;0;0;0;0;0;0;0
FR;4;2021-03-20;0;0;0;0;0;0;0;0;0;0
FR;4;2021-03-21;0;0;0;0;0;0;0;0;0;0
FR;4;2021-03-22;0;0;0;0;0;0;0;0;0;0
FR;4;2021-03-23;0;0;0;0;0;0;0;0;0;0
FR;4;2021-03-24;0;0;0;0;0;0;0;0;0;0
FR;4;2021-03-25;0;0;0;0;0;0;0;0;0;0
FR;4;2021-03-26;0;0;0;0;0;0;0;0;0;0
FR;4;2021-03-27;0;0;0;0;0;0;0;0;0;0
FR;4;2021-03-28;0;0;0;0;0;0;0;0;0;0
FR;4;2021-03-29;0;0;0;0;0;0;0;0;0;0
FR;4;2021-03-30;0;0;0;0;0;0;0;0;0;0
FR;4;2021-03-31;0;0;0;0;0;0;0;0;0;0
FR;4;2021-04-01;0;0;0;0;0;0;0;0;0;0
FR;4;2021-04-02;0;0;0;0;0;0;0;0;0;0
FR;4;2021-04-03;0;0;0;0;0;0;0;0;0;0
FR;4;2021-04-04;0;0;0;0;0;0;0;0;0;0
FR;4;2021-04-05;0;0;0;0;0;0;0;0;0;0
FR;4;2021-04-06;0;0;0;0;0;0;0;0;0;0
FR;4;2021-04-07;0;0;0;0;0;0;0;0;0;0
FR;4;2021-04-08;0;0;0;0;0;0;0;0;0;0
FR;4;2021-04-09;0;0;0;0;0;0;0;0;0;0
FR;4;2021-04-10;0;0;0;0;0;0;0;0;0;0
FR;4;2021-04-11;0;0;0;0;0;0;0;0;0;0
FR;4;2021-04-12;0;0;0;0;0;0;0;0;0;0
FR;4;2021-04-13;0;0;0;0;0;0;0;0;0;0
FR;4;2021-04-14;0;0;0;0;0;0;0;0;0;0
FR;4;2021-04-15;0;0;0;0;0;0;0;0;0;0
FR;4;2021-04-16;0;0;0;0;0;0;0;0;0;0
FR;4;2021-04-17;0;0;0;0;0;0;0;0;0;0
FR;4;2021-04-18;0;0;0;0;0;0;0;0;0;0
FR;4;2021-04-19;0;0;0;0;0;0;0;0;0;0
FR;4;2021-04-20;0;0;0;0;0;0;0;0;0;0
FR;4;2021-04-21;0;0;0;0;0;0;0;0;0;0
FR;4;2021-04-22;0;0;0;0;0;0;0;0;0;0
FR;4;2021-04-23;4018;0;0;0;0;4018;0;0;0;0
FR;4;2021-04-24;1569;0;0;0;0;5587;0;0;0;0
FR;4;2021-04-25;125;0;0;0;0;5712;0;0;0;0
FR;4;2021-04-26;2869;1;0;0;0;8581;1;0;0;0
FR;4;2021-04-27;9519;3;0;0;0;18100;4;0;0;0
FR;4;2021-04-28;9904;6;0;0;0;28004;10;0;0;0
FR;4;2021-04-29;15991;8;0;0;0;43995;18;0;0;0
FR;4;2021-04-30;19229;10;0;0;0;63224;28;0;0;0
FR;4;2021-05-01;1993;6;0;0;0;65217;34;0;0;0
FR;4;2021-05-02;482;0;0;0;0;65699;34;0;0;0
FR;4;2021-05-03;5058;2;0;0;0;70757;36;0;0;0
FR;4;2021-05-04;8397;10;0;0;0;79154;46;0;0;0
FR;4;2021-05-05;6182;7;0;0;0;85336;53;0;0;0
FR;4;2021-05-06;11377;11;0;0;0;96713;64;0;0;0
FR;4;2021-05-07;19121;9;0;0;0;115834;73;0;0;0
FR;4;2021-05-08;2377;6;0;0;0;118211;79;0;0;0
FR;4;2021-05-09;685;3;0;0;0;118896;82;0;0;0
FR;4;2021-05-10;7239;5;1;0;0;126135;87;1;0;0
FR;4;2021-05-11;14313;12;0;0;0;140448;99;1;0;0
FR;4;2021-05-12;10163;15;0;0;0;150611;114;1;0;0
FR;4;2021-05-13;1579;3;0;0;0;152190;117;1;0;0
FR;4;2021-05-14;7758;6;0;0;0;159948;123;1;0;0
FR;4;2021-05-15;3717;8;1;0;0;163665;131;2;0;0
FR;4;2021-05-16;417;1;0;0;0;164082;132;2;0;0
FR;4;2021-05-17;4475;6;0;0;0;168557;138;2;0;0
FR;4;2021-05-18;8751;10;0;0;0;177308;148;2;0;0
FR;4;2021-05-19;5690;7;0;0;0;182998;155;2;0;0
FR;4;2021-05-20;9479;7;0;0;0;192477;162;2;0;0
FR;4;2021-05-21;12791;30;0;0;0;205268;192;2;0;0
FR;4;2021-05-22;5056;15;0;0;0;210324;207;2;0;0
FR;4;2021-05-23;494;4;0;0;0;210818;211;2;0;0
FR;4;2021-05-24;1054;7;0;0;0;211872;218;2;0;0
FR;4;2021-05-25;7620;16;0;0;0;219492;234;2;0;0
FR;4;2021-05-26;7723;16;0;0;0;227215;250;2;0;0
FR;4;2021-05-27;14327;35;0;0;0;241542;285;2;0;0
FR;4;2021-05-28;26583;82;1;0;0;268125;367;3;0;0
FR;4;2021-05-29;11380;18;0;0;0;279505;385;3;0;0
FR;4;2021-05-30;971;6;0;0;0;280476;391;3;0;0
FR;4;2021-05-31;12686;21;0;0;0;293162;412;3;0;0
FR;4;2021-06-01;20249;46;1;0;0;313411;458;4;0;0
FR;4;2021-06-02;14518;33;0;0;0;327929;491;4;0;0
FR;4;2021-06-03;19410;24;1;0;0;347339;515;5;0;0
FR;4;2021-06-04;22508;47;0;0;0;369847;562;5;0;0
FR;4;2021-06-05;9712;32;0;0;0;379559;594;5;0;0
FR;4;2021-06-06;1039;1;0;0;0;380598;595;5;0;0
FR;4;2021-06-07;9224;19;0;0;0;389822;614;5;0;0
FR;4;2021-06-08;14605;31;0;0;0;404427;645;5;0;0
FR;4;2021-06-09;12202;25;0;0;0;416629;670;5;0;0
FR;4;2021-06-10;15398;30;0;0;0;432027;700;5;0;0
FR;4;2021-06-11;16978;56;0;0;0;449005;756;5;0;0
FR;4;2021-06-12;7444;27;0;0;0;456449;783;5;0;0
FR;4;2021-06-13;906;2;0;0;0;457355;785;5;0;0
FR;4;2021-06-14;6646;25;0;0;0;464001;810;5;0;0
FR;4;2021-06-15;10883;37;0;0;0;474884;847;5;0;0
FR;4;2021-06-16;8904;15;0;0;0;483788;862;5;0;0
FR;4;2021-06-17;10897;36;0;0;0;494685;898;5;0;0
FR;4;2021-06-18;12420;45;0;0;0;507105;943;5;0;0
FR;4;2021-06-19;5567;25;0;0;0;512672;968;5;0;0
FR;4;2021-06-20;817;5;0;0;0;513489;973;5;0;0
FR;4;2021-06-21;5081;20;0;0;0;518570;993;5;0;0
FR;4;2021-06-22;7905;28;2;0;0;526475;1021;7;0;0
FR;4;2021-06-23;7092;39;2;0;0;533567;1060;9;0;0
FR;4;2021-06-24;8646;46;1;0;0;542213;1106;10;0;0
FR;4;2021-06-25;10172;39;2;0;0;552385;1145;12;0;0
FR;4;2021-06-26;4841;21;0;0;0;557226;1166;12;0;0
FR;4;2021-06-27;760;3;0;0;0;557986;1169;12;0;0
FR;4;2021-06-28;4822;16;1;0;0;562808;1185;13;0;0
FR;4;2021-06-29;7097;27;2;0;0;569905;1212;15;0;0
FR;4;2021-06-30;6708;39;2;0;0;576613;1251;17;0;0
FR;4;2021-07-01;8191;40;0;0;0;584804;1291;17;0;0
FR;4;2021-07-02;9413;52;1;0;0;594217;1343;18;0;0
FR;4;2021-07-03;4844;19;0;0;0;599061;1362;18;0;0
FR;4;2021-07-04;686;5;0;0;0;599747;1367;18;0;0
FR;4;2021-07-05;4765;19;2;0;0;604512;1386;20;0;0
FR;4;2021-07-06;7717;28;4;0;0;612229;1414;24;0;0
FR;4;2021-07-07;7068;34;2;0;0;619297;1448;26;0;0
FR;4;2021-07-08;9219;40;2;0;0;628516;1488;28;0;0
FR;4;2021-07-09;10275;34;1;0;0;638791;1522;29;0;0
FR;4;2021-07-10;4633;14;2;0;0;643424;1536;31;0;0
FR;4;2021-07-11;582;4;1;0;0;644006;1540;32;0;0
FR;4;2021-07-12;5867;29;0;0;0;649873;1569;32;0;0
FR;4;2021-07-13;14230;29;0;0;0;664103;1598;32;0;0
FR;4;2021-07-14;2282;14;0;0;0;666385;1612;32;0;0
FR;4;2021-07-15;18231;36;0;0;0;684616;1648;32;0;0
FR;4;2021-07-16;22815;70;2;0;0;707431;1718;34;0;0
FR;4;2021-07-17;9735;20;0;0;0;717166;1738;34;0;0
FR;4;2021-07-18;1354;4;0;0;0;718520;1742;34;0;0
FR;4;2021-07-19;12980;28;1;0;0;731500;1770;35;0;0
FR;4;2021-07-20;17332;26;1;0;0;748832;1796;36;0;0
FR;4;2021-07-21;15605;33;0;0;0;764437;1829;36;0;0
FR;4;2021-07-22;18237;44;2;0;0;782674;1873;38;0;0
FR;4;2021-07-23;20404;57;7;0;0;803078;1930;45;0;0
FR;4;2021-07-24;9282;32;0;0;0;812360;1962;45;0;0
FR;4;2021-07-25;1350;8;0;0;0;813710;1970;45;0;0
FR;4;2021-07-26;11030;20;0;0;0;824740;1990;45;0;0
FR;4;2021-07-27;14661;35;3;0;0;839401;2025;48;0;0
FR;4;2021-07-28;12922;26;2;0;0;852323;2051;50;0;0
FR;4;2021-07-29;14079;54;4;0;0;866402;2105;54;0;0
FR;4;2021-07-30;15478;45;2;0;0;881880;2150;56;0;0
FR;4;2021-07-31;6830;14;2;0;0;888710;2164;58;0;0
FR;4;2021-08-01;905;1;0;0;0;889615;2165;58;0;0
FR;4;2021-08-02;7902;29;0;0;0;897517;2194;58;0;0
FR;4;2021-08-03;10788;32;2;0;0;908305;2226;60;0;0
FR;4;2021-08-04;9732;29;0;0;0;918037;2255;60;0;0
FR;4;2021-08-05;9812;41;0;0;0;927849;2296;60;0;0
FR;4;2021-08-06;10182;30;3;0;0;938031;2326;63;0;0
FR;4;2021-08-07;5088;30;1;0;0;943119;2356;64;0;0
FR;4;2021-08-08;1217;13;0;0;0;944336;2369;64;0;0
FR;4;2021-08-09;6335;31;0;0;0;950671;2400;64;0;0
FR;4;2021-08-10;8741;18;0;0;0;959412;2418;64;0;0
FR;4;2021-08-11;7930;33;4;0;0;967342;2451;68;0;0
FR;4;2021-08-12;8580;29;1;0;0;975922;2480;69;0;0
FR;4;2021-08-13;7547;24;0;1;0;983469;2504;69;1;0
FR;4;2021-08-14;3787;20;0;0;0;987256;2524;69;1;0
FR;4;2021-08-15;769;5;0;0;0;988025;2529;69;1;0
FR;4;2021-08-16;4003;16;0;0;0;992028;2545;69;1;0
FR;4;2021-08-17;5616;16;1;0;0;997644;2561;70;1;0
FR;4;2021-08-18;5162;34;0;0;0;1002806;2595;70;1;0
FR;4;2021-08-19;5474;33;3;0;0;1008280;2628;73;1;0
FR;4;2021-08-20;5210;24;1;0;0;1013490;2652;74;1;0
FR;4;2021-08-21;2307;21;1;0;0;1015797;2673;75;1;0
FR;4;2021-08-22;401;2;0;0;0;1016198;2675;75;1;0
FR;4;2021-08-23;2924;19;1;0;0;1019122;2694;76;1;0
FR;4;2021-08-24;3744;15;0;0;0;1022866;2709;76;1;0
FR;4;2021-08-25;3538;25;0;0;0;1026404;2734;76;1;0
FR;4;2021-08-26;3701;20;2;0;0;1030105;2754;78;1;0
FR;4;2021-08-27;3605;31;2;0;0;1033710;2785;80;1;0
FR;4;2021-08-28;1723;9;1;0;0;1035433;2794;81;1;0
FR;4;2021-08-29;387;7;1;0;0;1035820;2801;82;1;0
FR;4;2021-08-30;2009;24;0;0;14;1037829;2825;82;1;14
FR;4;2021-08-31;2481;20;0;0;13;1040310;2845;82;1;27
FR;4;2021-09-01;2078;38;1;0;21;1042388;2883;83;1;48
FR;4;2021-09-02;2300;31;4;0;18;1044688;2914;87;1;66
FR;4;2021-09-03;2357;44;5;0;32;1047045;2958;92;1;98
FR;4;2021-09-04;1374;17;0;0;7;1048419;2975;92;1;105
FR;4;2021-09-05;431;2;0;0;2;1048850;2977;92;1;107
FR;4;2021-09-06;1705;60;0;0;21;1050555;3037;92;1;128
FR;4;2021-09-07;1674;18;1;0;9;1052229;3055;93;1;137
FR;4;2021-09-08;1279;27;3;1;20;1053508;3082;96;2;157
FR;4;2021-09-09;1385;23;2;0;9;1054893;3105;98;2;166
FR;4;2021-09-10;1516;31;2;0;23;1056409;3136;100;2;189
FR;4;2021-09-11;738;11;0;0;3;1057147;3147;100;2;192
FR;4;2021-09-12;168;4;0;0;2;1057315;3151;100;2;194
FR;4;2021-09-13;1316;22;1;0;16;1058631;3173;101;2;210
FR;4;2021-09-14;1497;9;2;0;6;1060128;3182;103;2;216
FR;4;2021-09-15;1091;27;1;0;24;1061219;3209;104;2;240
FR;4;2021-09-16;1095;22;2;0;15;1062314;3231;106;2;255
FR;4;2021-09-17;891;21;1;0;12;1063205;3252;107;2;267
FR;4;2021-09-18;462;6;1;0;5;1063667;3258;108;2;272
FR;4;2021-09-19;182;3;0;0;2;1063849;3261;108;2;274
FR;4;2021-09-20;446;18;0;0;12;1064295;3279;108;2;286
FR;4;2021-09-21;423;11;0;0;7;1064718;3290;108;2;293
FR;4;2021-09-22;372;19;2;0;13;1065090;3309;110;2;306
FR;4;2021-09-23;477;16;1;0;15;1065567;3325;111;2;321
FR;4;2021-09-24;409;13;2;0;9;1065976;3338;113;2;330
FR;4;2021-09-25;281;9;1;0;4;1066257;3347;114;2;334
FR;4;2021-09-26;73;2;0;0;1;1066330;3349;114;2;335
FR;4;2021-09-27;261;10;1;0;8;1066591;3359;115;2;343
FR;4;2021-09-28;315;8;0;0;8;1066906;3367;115;2;351
FR;4;2021-09-29;372;18;1;0;12;1067278;3385;116;2;363
FR;4;2021-09-30;359;40;0;0;21;1067637;3425;116;2;384
FR;4;2021-10-01;407;49;0;0;43;1068044;3474;116;2;427
FR;4;2021-10-02;195;22;1;0;13;1068239;3496;117;2;440
FR;4;2021-10-03;84;1;0;0;0;1068323;3497;117;2;440
FR;4;2021-10-04;355;19;1;0;15;1068678;3516;118;2;455
FR;4;2021-10-05;276;19;2;0;15;1068954;3535;120;2;470
FR;4;2021-10-06;243;21;1;0;17;1069197;3556;121;2;487
FR;4;2021-10-07;254;25;2;0;13;1069451;3581;123;2;500
FR;4;2021-10-08;352;23;2;0;19;1069803;3604;125;2;519
FR;4;2021-10-09;192;6;6;0;7;1069995;3610;131;2;526
FR;4;2021-10-10;95;3;2;0;3;1070090;3613;133;2;529
FR;4;2021-10-11;246;15;1;0;14;1070336;3628;134;2;543
FR;4;2021-10-12;204;14;0;0;13;1070540;3642;134;2;556
FR;4;2021-10-13;218;27;1;0;24;1070758;3669;135;2;580
FR;4;2021-10-14;307;22;4;0;16;1071065;3691;139;2;596
FR;4;2021-10-15;321;24;5;0;25;1071386;3715;144;2;621
FR;4;2021-10-16;166;6;2;0;6;1071552;3721;146;2;627
FR;4;2021-10-17;70;2;0;0;1;1071622;3723;146;2;628
FR;4;2021-10-18;278;16;1;0;12;1071900;3739;147;2;640
FR;4;2021-10-19;210;14;2;0;15;1072110;3753;149;2;655
FR;4;2021-10-20;224;27;4;0;15;1072334;3780;153;2;670
FR;4;2021-10-21;235;17;0;0;13;1072569;3797;153;2;683
FR;4;2021-10-22;211;25;2;0;20;1072780;3822;155;2;703
FR;4;2021-10-23;115;16;1;0;15;1072895;3838;156;2;718
FR;4;2021-10-24;38;4;0;0;1;1072933;3842;156;2;719
FR;4;2021-10-25;209;7;2;0;9;1073142;3849;158;2;728
FR;4;2021-10-26;196;14;0;0;12;1073338;3863;158;2;740
FR;4;2021-10-27;191;11;4;0;11;1073529;3874;162;2;751
FR;4;2021-10-28;182;18;4;0;21;1073711;3892;166;2;772
FR;4;2021-10-29;220;15;2;0;13;1073931;3907;168;2;785
FR;4;2021-10-30;102;2;1;0;2;1074033;3909;169;2;787
FR;4;2021-10-31;56;3;2;0;3;1074089;3912;171;2;790
FR;4;2021-11-01;75;27;4;0;24;1074164;3939;175;2;814
FR;4;2021-11-02;155;20;2;0;21;1074319;3959;177;2;835
FR;4;2021-11-03;127;20;8;1;18;1074446;3979;185;3;853
FR;4;2021-11-04;175;14;1;0;11;1074621;3993;186;3;864
FR;4;2021-11-05;126;17;1;0;16;1074747;4010;187;3;880
FR;4;2021-11-06;77;6;1;0;6;1074824;4016;188;3;886
FR;4;2021-11-07;76;2;2;0;4;1074900;4018;190;3;890
FR;4;2021-11-08;158;20;1;0;20;1075058;4038;191;3;910
FR;4;2021-11-09;151;14;3;0;16;1075209;4052;194;3;926
FR;4;2021-11-10;114;29;6;0;31;1075323;4081;200;3;957
FR;4;2021-11-11;86;10;0;0;10;1075409;4091;200;3;967
FR;4;2021-11-12;99;18;2;0;17;1075508;4109;202;3;984
FR;4;2021-11-13;73;15;2;0;14;1075581;4124;204;3;998
FR;4;2021-11-14;53;5;3;0;7;1075634;4129;207;3;1005
FR;4;2021-11-15;97;26;2;0;24;1075731;4155;209;3;1029
FR;4;2021-11-16;100;12;2;0;14;1075831;4167;211;3;1043
FR;4;2021-11-17;116;29;4;0;29;1075947;4196;215;3;1072
FR;4;2021-11-18;99;34;12;0;41;1076046;4230;227;3;1113
FR;4;2021-11-19;79;19;3;0;20;1076125;4249;230;3;1133
FR;4;2021-11-20;75;8;1;0;8;1076200;4257;231;3;1141
FR;4;2021-11-21;61;7;2;0;9;1076261;4264;233;3;1150
FR;4;2021-11-22;101;27;6;0;29;1076362;4291;239;3;1179
FR;4;2021-11-23;74;29;5;0;26;1076436;4320;244;3;1205
FR;4;2021-11-24;85;23;9;0;22;1076521;4343;253;3;1227
FR;4;2021-11-25;84;28;14;0;30;1076605;4371;267;3;1257
FR;4;2021-11-26;80;43;12;0;45;1076685;4414;279;3;1302
FR;4;2021-11-27;35;22;15;0;25;1076720;4436;294;3;1327
FR;4;2021-11-28;48;8;0;0;7;1076768;4444;294;3;1334
FR;4;2021-11-29;84;31;15;0;39;1076852;4475;309;3;1373
FR;4;2021-11-30;72;36;12;0;40;1076924;4511;321;3;1413
FR;4;2021-12-01;79;59;19;0;66;1077003;4570;340;3;1479
FR;4;2021-12-02;98;47;19;0;52;1077101;4617;359;3;1531
FR;4;2021-12-03;98;36;15;0;44;1077199;4653;374;3;1575
FR;4;2021-12-04;69;31;18;0;44;1077268;4684;392;3;1619
FR;4;2021-12-05;61;5;1;0;6;1077329;4689;393;3;1625
FR;4;2021-12-06;96;45;20;0;59;1077425;4734;413;3;1684
FR;4;2021-12-07;77;33;9;0;33;1077502;4767;422;3;1717
FR;4;2021-12-08;66;29;15;0;34;1077568;4796;437;3;1751
FR;4;2021-12-09;59;32;10;0;38;1077627;4828;447;3;1789
FR;4;2021-12-10;60;62;21;0;66;1077687;4890;468;3;1855
FR;4;2021-12-11;24;34;7;0;34;1077711;4924;475;3;1889
FR;4;2021-12-12;23;10;3;0;13;1077734;4934;478;3;1902
FR;4;2021-12-13;68;38;13;0;47;1077802;4972;491;3;1949
FR;4;2021-12-14;56;43;15;0;52;1077858;5015;506;3;2001
FR;4;2021-12-15;59;63;28;0;83;1077917;5078;534;3;2084
FR;4;2021-12-16;30;44;18;0;56;1077947;5122;552;3;2140
FR;4;2021-12-17;38;55;12;0;60;1077985;5177;564;3;2200
FR;4;2021-12-18;48;29;2;0;30;1078033;5206;566;3;2230
FR;4;2021-12-19;15;4;1;0;4;1078048;5210;567;3;2234
FR;4;2021-12-20;35;38;10;0;41;1078083;5248;577;3;2275
FR;4;2021-12-21;26;30;15;0;36;1078109;5278;592;3;2311
FR;4;2021-12-22;35;36;10;0;37;1078144;5314;602;3;2348
FR;4;2021-12-23;39;43;8;0;47;1078183;5357;610;3;2395
FR;4;2021-12-24;23;25;10;0;29;1078206;5382;620;3;2424
FR;4;2021-12-25;6;3;3;0;4;1078212;5385;623;3;2428
FR;4;2021-12-26;4;3;1;0;2;1078216;5388;624;3;2430
FR;4;2021-12-27;26;41;8;0;42;1078242;5429;632;3;2472
FR;4;2021-12-28;24;28;7;0;29;1078266;5457;639;3;2501
FR;4;2021-12-29;48;24;10;0;28;1078314;5481;649;3;2529
FR;4;2021-12-30;40;16;12;0;19;1078354;5497;661;3;2548
FR;4;2021-12-31;18;5;8;0;10;1078372;5502;669;3;2558
FR;4;2022-01-01;5;4;4;0;6;1078377;5506;673;3;2564
FR;4;2022-01-02;40;4;14;0;17;1078417;5510;687;3;2581
FR;4;2022-01-03;38;52;20;1;57;1078455;5562;707;4;2638
FR;4;2022-01-04;28;26;13;0;29;1078483;5588;720;4;2667
FR;4;2022-01-05;46;21;16;0;22;1078529;5609;736;4;2689
FR;4;2022-01-06;43;20;21;0;33;1078572;5629;757;4;2722
FR;4;2022-01-07;26;19;15;0;19;1078598;5648;772;4;2741
FR;4;2022-01-08;8;5;9;0;11;1078606;5653;781;4;2752
FR;4;2022-01-09;17;2;1;0;2;1078623;5655;782;4;2754
FR;4;2022-01-10;39;22;16;0;33;1078662;5677;798;4;2787
FR;4;2022-01-11;23;30;12;0;34;1078685;5707;810;4;2821
FR;4;2022-01-12;30;20;12;0;21;1078715;5727;822;4;2842
FR;4;2022-01-13;48;18;26;0;35;1078763;5745;848;4;2877
FR;4;2022-01-14;21;28;13;0;31;1078784;5773;861;4;2908
FR;4;2022-01-15;10;6;7;0;11;1078794;5779;868;4;2919
FR;4;2022-01-16;9;9;11;0;19;1078803;5788;879;4;2938
FR;4;2022-01-17;23;17;12;0;23;1078826;5805;891;4;2961
FR;4;2022-01-18;16;13;7;0;17;1078842;5818;898;4;2978
FR;4;2022-01-19;28;22;9;0;29;1078870;5840;907;4;3007
FR;4;2022-01-20;31;33;11;0;36;1078901;5873;918;4;3043
FR;4;2022-01-21;9;12;18;1;15;1078910;5885;936;5;3058
FR;4;2022-01-22;30;9;2;0;9;1078940;5894;938;5;3067
FR;4;2022-01-23;6;3;4;0;7;1078946;5897;942;5;3074
FR;4;2022-01-24;14;21;8;0;27;1078960;5918;950;5;3101
FR;4;2022-01-25;20;30;8;1;34;1078980;5948;958;6;3135
FR;4;2022-01-26;19;15;6;1;16;1078999;5963;964;7;3151
FR;4;2022-01-27;19;18;5;0;21;1079018;5981;969;7;3172
FR;4;2022-01-28;12;23;7;0;25;1079030;6004;976;7;3197
FR;4;2022-01-29;15;6;4;0;9;1079045;6010;980;7;3206
FR;4;2022-01-30;16;2;0;0;2;1079061;6012;980;7;3208
FR;4;2022-01-31;19;27;6;0;29;1079080;6039;986;7;3237
FR;4;2022-02-01;9;19;11;0;19;1079089;6058;997;7;3256
FR;4;2022-02-02;16;11;10;2;16;1079105;6069;1007;9;3272
FR;4;2022-02-03;12;22;9;0;25;1079117;6091;1016;9;3297
FR;4;2022-02-04;6;5;7;0;9;1079123;6096;1023;9;3306
FR;4;2022-02-05;6;14;1;0;13;1079129;6110;1024;9;3319
FR;4;2022-02-06;5;2;1;0;2;1079134;6112;1025;9;3321
FR;4;2022-02-07;13;19;6;0;19;1079147;6131;1031;9;3340
FR;4;2022-02-08;14;19;13;1;20;1079161;6150;1044;10;3360
FR;4;2022-02-09;14;10;7;0;13;1079175;6160;1051;10;3373
FR;4;2022-02-10;18;23;9;0;24;1079193;6183;1060;10;3397
FR;4;2022-02-11;18;14;8;0;19;1079211;6197;1068;10;3416
FR;4;2022-02-12;23;6;1;0;5;1079234;6203;1069;10;3421
FR;4;2022-02-13;7;3;3;0;6;1079241;6206;1072;10;3427
FR;4;2022-02-14;18;10;7;0;13;1079259;6216;1079;10;3440
FR;4;2022-02-15;16;7;1;0;7;1079275;6223;1080;10;3447
FR;4;2022-02-16;11;9;10;0;15;1079286;6232;1090;10;3462
FR;4;2022-02-17;10;4;4;0;6;1079296;6236;1094;10;3468
FR;4;2022-02-18;17;13;6;0;17;1079313;6249;1100;10;3485
FR;4;2022-02-19;16;2;2;0;4;1079329;6251;1102;10;3489
FR;4;2022-02-20;7;2;0;0;1;1079336;6253;1102;10;3490
FR;4;2022-02-21;22;3;3;0;4;1079358;6256;1105;10;3494
FR;4;2022-02-22;8;4;8;0;8;1079366;6260;1113;10;3502
FR;4;2022-02-23;16;6;8;0;8;1079382;6266;1121;10;3510
FR;4;2022-02-24;9;4;2;0;4;1079391;6270;1123;10;3514
FR;4;2022-02-25;15;5;7;0;6;1079406;6275;1130;10;3520
FR;4;2022-02-26;26;3;0;0;3;1079432;6278;1130;10;3523
FR;4;2022-02-27;9;0;1;0;1;1079441;6278;1131;10;3524
FR;4;2022-02-28;14;3;2;0;3;1079455;6281;1133;10;3527
FR;4;2022-03-01;6;2;7;0;3;1079461;6283;1140;10;3530
FR;4;2022-03-02;10;2;3;0;4;1079471;6285;1143;10;3534
FR;4;2022-03-03;15;5;1;0;4;1079486;6290;1144;10;3538
FR;4;2022-03-04;6;7;2;1;5;1079492;6297;1146;11;3543
FR;4;2022-03-05;8;2;0;0;2;1079500;6299;1146;11;3545
FR;4;2022-03-06;4;0;1;0;1;1079504;6299;1147;11;3546
FR;4;2022-03-07;10;4;1;0;3;1079514;6303;1148;11;3549
FR;4;2022-03-08;13;2;0;0;2;1079527;6305;1148;11;3551
FR;4;2022-03-09;7;3;2;0;4;1079534;6308;1150;11;3555
FR;4;2022-03-10;5;1;5;0;2;1079539;6309;1155;11;3557
FR;4;2022-03-11;8;2;5;0;1;1079547;6311;1160;11;3558
FR;4;2022-03-12;9;2;0;0;0;1079556;6313;1160;11;3558
FR;4;2022-03-13;5;0;1;0;1;1079561;6313;1161;11;3559
FR;4;2022-03-14;4;1;0;0;1;1079565;6314;1161;11;3560
FR;4;2022-03-15;5;3;1;0;1;1079570;6317;1162;11;3561
FR;4;2022-03-16;6;3;3;0;3;1079576;6320;1165;11;3564
FR;4;2022-03-17;1;4;1;0;5;1079577;6324;1166;11;3569
FR;4;2022-03-18;7;2;0;0;2;1079584;6326;1166;11;3571
FR;4;2022-03-19;1;1;0;0;1;1079585;6327;1166;11;3572
FR;4;2022-03-20;2;0;2;0;1;1079587;6327;1168;11;3573
FR;4;2022-03-21;5;3;0;0;3;1079592;6330;1168;11;3576
FR;4;2022-03-22;3;2;1;0;2;1079595;6332;1169;11;3578
FR;4;2022-03-23;6;3;3;0;5;1079601;6335;1172;11;3583
FR;4;2022-03-24;2;4;3;1;5;1079603;6339;1175;12;3588
FR;4;2022-03-25;3;1;2;0;1;1079606;6340;1177;12;3589
FR;4;2022-03-26;5;5;0;0;5;1079611;6345;1177;12;3594
FR;4;2022-03-27;1;0;1;0;0;1079612;6345;1178;12;3594
FR;4;2022-03-28;4;1;1;0;1;1079616;6346;1179;12;3595
FR;4;2022-03-29;7;0;4;1;0;1079623;6346;1183;13;3595
FR;4;2022-03-30;1;4;0;0;4;1079624;6350;1183;13;3599
FR;4;2022-03-31;1;3;1;1;3;1079625;6353;1184;14;3602
FR;4;2022-04-01;13;3;5;0;6;1079638;6356;1189;14;3608
FR;4;2022-04-02;4;4;0;0;3;1079642;6360;1189;14;3611
FR;4;2022-04-03;0;0;0;0;0;1079642;6360;1189;14;3611
FR;4;2022-04-04;3;3;4;0;3;1079645;6363;1193;14;3614
FR;4;2022-04-05;3;4;1;1;2;1079648;6367;1194;15;3616
FR;4;2022-04-06;3;0;0;0;0;1079651;6367;1194;15;3616
FR;4;2022-04-07;3;2;1;2;3;1079654;6369;1195;17;3619
FR;4;2022-04-08;4;1;1;0;1;1079658;6370;1196;17;3620
FR;4;2022-04-09;0;0;1;1;1;1079658;6370;1197;18;3621
FR;4;2022-04-10;1;2;0;0;2;1079659;6372;1197;18;3623
FR;4;2022-04-11;3;2;4;0;4;1079662;6374;1201;18;3627
FR;4;2022-04-12;2;1;4;0;2;1079664;6375;1205;18;3629
FR;4;2022-04-13;3;6;1;0;7;1079667;6381;1206;18;3636
FR;4;2022-04-14;3;2;0;1;2;1079670;6383;1206;19;3638
FR;4;2022-04-15;2;7;1;0;8;1079672;6390;1207;19;3646
FR;4;2022-04-16;1;0;0;0;0;1079673;6390;1207;19;3646
FR;4;2022-04-17;1;0;0;0;0;1079674;6390;1207;19;3646
FR;4;2022-04-18;1;2;4;0;2;1079675;6392;1211;19;3648
FR;4;2022-04-19;2;0;1;0;0;1079677;6392;1212;19;3648
FR;4;2022-04-20;12;4;1;0;2;1079689;6396;1213;19;3650
FR;4;2022-04-21;5;1;0;0;1;1079694;6397;1213;19;3651
FR;4;2022-04-22;1;0;1;0;0;1079695;6397;1214;19;3651
FR;4;2022-04-23;1;3;2;0;5;1079696;6400;1216;19;3656
FR;4;2022-04-24;0;2;0;0;2;1079696;6402;1216;19;3658
FR;4;2022-04-25;2;4;2;0;6;1079698;6406;1218;19;3664
FR;4;2022-04-26;2;4;1;0;4;1079700;6410;1219;19;3668
FR;4;2022-04-27;4;0;0;0;0;1079704;6410;1219;19;3668
FR;4;2022-04-28;2;4;5;0;5;1079706;6414;1224;19;3673
FR;4;2022-04-29;2;2;0;0;1;1079708;6416;1224;19;3674
FR;4;2022-04-30;0;1;1;0;2;1079708;6417;1225;19;3676
FR;4;2022-05-01;0;0;0;0;0;1079708;6417;1225;19;3676
FR;4;2022-05-02;4;5;2;0;5;1079712;6422;1227;19;3681
FR;4;2022-05-03;0;3;1;0;3;1079712;6425;1228;19;3684
FR;4;2022-05-04;3;4;1;0;4;1079715;6429;1229;19;3688
FR;4;2022-05-05;2;1;1;0;1;1079717;6430;1230;19;3689
FR;4;2022-05-06;2;0;0;0;0;1079719;6430;1230;19;3689
FR;4;2022-05-07;0;0;0;0;0;1079719;6430;1230;19;3689
FR;4;2022-05-08;1;1;0;0;1;1079720;6431;1230;19;3690
FR;4;2022-05-09;3;0;0;0;0;1079723;6431;1230;19;3690
FR;4;2022-05-10;0;0;0;2;2;1079723;6431;1230;21;3692
FR;4;2022-05-11;2;0;1;0;0;1079725;6431;1231;21;3692
FR;4;2022-05-12;5;0;0;1;0;1079730;6431;1231;22;3692
FR;4;2022-05-13;0;0;1;0;1;1079730;6431;1232;22;3693
FR;4;2022-05-14;0;1;0;0;1;1079730;6432;1232;22;3694
FR;4;2022-05-15;0;0;0;0;0;1079730;6432;1232;22;3694
FR;4;2022-05-16;3;1;1;0;1;1079733;6433;1233;22;3695
FR;4;2022-05-17;3;0;1;0;1;1079736;6433;1234;22;3696
FR;4;2022-05-18;0;0;0;0;0;1079736;6433;1234;22;3696
FR;4;2022-05-19;2;1;1;0;2;1079738;6434;1235;22;3698
FR;4;2022-05-20;1;0;0;0;0;1079739;6434;1235;22;3698
FR;4;2022-05-21;2;0;0;0;0;1079741;6434;1235;22;3698
FR;4;2022-05-22;0;0;1;0;1;1079741;6434;1236;22;3699
FR;4;2022-05-23;0;0;0;0;0;1079741;6434;1236;22;3699
FR;4;2022-05-24;1;0;0;0;0;1079742;6434;1236;22;3699
FR;4;2022-05-25;1;1;0;0;0;1079743;6435;1236;22;3699
FR;5;2020-12-27;0;0;0;0;0;0;0;0;0;0
FR;5;2020-12-28;0;0;0;0;0;0;0;0;0;0
FR;5;2020-12-29;0;0;0;0;0;0;0;0;0;0
FR;5;2020-12-30;0;0;0;0;0;0;0;0;0;0
FR;5;2020-12-31;0;0;0;0;0;0;0;0;0;0
FR;5;2021-01-01;0;0;0;0;0;0;0;0;0;0
FR;5;2021-01-02;0;0;0;0;0;0;0;0;0;0
FR;5;2021-01-03;0;0;0;0;0;0;0;0;0;0
FR;5;2021-01-04;0;0;0;0;0;0;0;0;0;0
FR;5;2021-01-05;0;0;0;0;0;0;0;0;0;0
FR;5;2021-01-06;0;0;0;0;0;0;0;0;0;0
FR;5;2021-01-07;0;0;0;0;0;0;0;0;0;0
FR;5;2021-01-08;0;0;0;0;0;0;0;0;0;0
FR;5;2021-01-09;0;0;0;0;0;0;0;0;0;0
FR;5;2021-01-10;0;0;0;0;0;0;0;0;0;0
FR;5;2021-01-11;0;0;0;0;0;0;0;0;0;0
FR;5;2021-01-12;0;0;0;0;0;0;0;0;0;0
FR;5;2021-01-13;0;0;0;0;0;0;0;0;0;0
FR;5;2021-01-14;0;0;0;0;0;0;0;0;0;0
FR;5;2021-01-15;0;0;0;0;0;0;0;0;0;0
FR;5;2021-01-16;0;0;0;0;0;0;0;0;0;0
FR;5;2021-01-17;0;0;0;0;0;0;0;0;0;0
FR;5;2021-01-18;0;0;0;0;0;0;0;0;0;0
FR;5;2021-01-19;0;0;0;0;0;0;0;0;0;0
FR;5;2021-01-20;0;0;0;0;0;0;0;0;0;0
FR;5;2021-01-21;0;0;0;0;0;0;0;0;0;0
FR;5;2021-01-22;0;0;0;0;0;0;0;0;0;0
FR;5;2021-01-23;0;0;0;0;0;0;0;0;0;0
FR;5;2021-01-24;0;0;0;0;0;0;0;0;0;0
FR;5;2021-01-25;0;0;0;0;0;0;0;0;0;0
FR;5;2021-01-26;0;0;0;0;0;0;0;0;0;0
FR;5;2021-01-27;0;0;0;0;0;0;0;0;0;0
FR;5;2021-01-28;0;0;0;0;0;0;0;0;0;0
FR;5;2021-01-29;0;0;0;0;0;0;0;0;0;0
FR;5;2021-01-30;0;0;0;0;0;0;0;0;0;0
FR;5;2021-01-31;0;0;0;0;0;0;0;0;0;0
FR;5;2021-02-01;0;0;0;0;0;0;0;0;0;0
FR;5;2021-02-02;0;0;0;0;0;0;0;0;0;0
FR;5;2021-02-03;0;0;0;0;0;0;0;0;0;0
FR;5;2021-02-04;0;0;0;0;0;0;0;0;0;0
FR;5;2021-02-05;0;0;0;0;0;0;0;0;0;0
FR;5;2021-02-06;0;0;0;0;0;0;0;0;0;0
FR;5;2021-02-07;0;0;0;0;0;0;0;0;0;0
FR;5;2021-02-08;0;0;0;0;0;0;0;0;0;0
FR;5;2021-02-09;0;0;0;0;0;0;0;0;0;0
FR;5;2021-02-10;0;0;0;0;0;0;0;0;0;0
FR;5;2021-02-11;0;0;0;0;0;0;0;0;0;0
FR;5;2021-02-12;0;0;0;0;0;0;0;0;0;0
FR;5;2021-02-13;0;0;0;0;0;0;0;0;0;0
FR;5;2021-02-14;0;0;0;0;0;0;0;0;0;0
FR;5;2021-02-15;0;0;0;0;0;0;0;0;0;0
FR;5;2021-02-16;0;0;0;0;0;0;0;0;0;0
FR;5;2021-02-17;0;0;0;0;0;0;0;0;0;0
FR;5;2021-02-18;0;0;0;0;0;0;0;0;0;0
FR;5;2021-02-19;0;0;0;0;0;0;0;0;0;0
FR;5;2021-02-20;0;0;0;0;0;0;0;0;0;0
FR;5;2021-02-21;0;0;0;0;0;0;0;0;0;0
FR;5;2021-02-22;0;0;0;0;0;0;0;0;0;0
FR;5;2021-02-23;0;0;0;0;0;0;0;0;0;0
FR;5;2021-02-24;0;0;0;0;0;0;0;0;0;0
FR;5;2021-02-25;0;0;0;0;0;0;0;0;0;0
FR;5;2021-02-26;0;0;0;0;0;0;0;0;0;0
FR;5;2021-02-27;0;0;0;0;0;0;0;0;0;0
FR;5;2021-02-28;0;0;0;0;0;0;0;0;0;0
FR;5;2021-03-01;0;0;0;0;0;0;0;0;0;0
FR;5;2021-03-02;0;0;0;0;0;0;0;0;0;0
FR;5;2021-03-03;0;0;0;0;0;0;0;0;0;0
FR;5;2021-03-04;0;0;0;0;0;0;0;0;0;0
FR;5;2021-03-05;0;0;0;0;0;0;0;0;0;0
FR;5;2021-03-06;0;0;0;0;0;0;0;0;0;0
FR;5;2021-03-07;0;0;0;0;0;0;0;0;0;0
FR;5;2021-03-08;0;0;0;0;0;0;0;0;0;0
FR;5;2021-03-09;0;0;0;0;0;0;0;0;0;0
FR;5;2021-03-10;0;0;0;0;0;0;0;0;0;0
FR;5;2021-03-11;0;0;0;0;0;0;0;0;0;0
FR;5;2021-03-12;0;0;0;0;0;0;0;0;0;0
FR;5;2021-03-13;0;0;0;0;0;0;0;0;0;0
FR;5;2021-03-14;0;0;0;0;0;0;0;0;0;0
FR;5;2021-03-15;0;0;0;0;0;0;0;0;0;0
FR;5;2021-03-16;0;0;0;0;0;0;0;0;0;0
FR;5;2021-03-17;0;0;0;0;0;0;0;0;0;0
FR;5;2021-03-18;0;0;0;0;0;0;0;0;0;0
FR;5;2021-03-19;0;0;0;0;0;0;0;0;0;0
FR;5;2021-03-20;0;0;0;0;0;0;0;0;0;0
FR;5;2021-03-21;0;0;0;0;0;0;0;0;0;0
FR;5;2021-03-22;0;0;0;0;0;0;0;0;0;0
FR;5;2021-03-23;0;0;0;0;0;0;0;0;0;0
FR;5;2021-03-24;0;0;0;0;0;0;0;0;0;0
FR;5;2021-03-25;0;0;0;0;0;0;0;0;0;0
FR;5;2021-03-26;0;0;0;0;0;0;0;0;0;0
FR;5;2021-03-27;0;0;0;0;0;0;0;0;0;0
FR;5;2021-03-28;0;0;0;0;0;0;0;0;0;0
FR;5;2021-03-29;0;0;0;0;0;0;0;0;0;0
FR;5;2021-03-30;0;0;0;0;0;0;0;0;0;0
FR;5;2021-03-31;0;0;0;0;0;0;0;0;0;0
FR;5;2021-04-01;0;0;0;0;0;0;0;0;0;0
FR;5;2021-04-02;0;0;0;0;0;0;0;0;0;0
FR;5;2021-04-03;0;0;0;0;0;0;0;0;0;0
FR;5;2021-04-04;0;0;0;0;0;0;0;0;0;0
FR;5;2021-04-05;0;0;0;0;0;0;0;0;0;0
FR;5;2021-04-06;0;0;0;0;0;0;0;0;0;0
FR;5;2021-04-07;0;0;0;0;0;0;0;0;0;0
FR;5;2021-04-08;0;0;0;0;0;0;0;0;0;0
FR;5;2021-04-09;0;0;0;0;0;0;0;0;0;0
FR;5;2021-04-10;0;0;0;0;0;0;0;0;0;0
FR;5;2021-04-11;0;0;0;0;0;0;0;0;0;0
FR;5;2021-04-12;0;0;0;0;0;0;0;0;0;0
FR;5;2021-04-13;0;0;0;0;0;0;0;0;0;0
FR;5;2021-04-14;0;0;0;0;0;0;0;0;0;0
FR;5;2021-04-15;0;0;0;0;0;0;0;0;0;0
FR;5;2021-04-16;0;0;0;0;0;0;0;0;0;0
FR;5;2021-04-17;0;0;0;0;0;0;0;0;0;0
FR;5;2021-04-18;0;0;0;0;0;0;0;0;0;0
FR;5;2021-04-19;0;0;0;0;0;0;0;0;0;0
FR;5;2021-04-20;0;0;0;0;0;0;0;0;0;0
FR;5;2021-04-21;0;0;0;0;0;0;0;0;0;0
FR;5;2021-04-22;0;0;0;0;0;0;0;0;0;0
FR;5;2021-04-23;0;0;0;0;0;0;0;0;0;0
FR;5;2021-04-24;0;0;0;0;0;0;0;0;0;0
FR;5;2021-04-25;0;0;0;0;0;0;0;0;0;0
FR;5;2021-04-26;0;0;0;0;0;0;0;0;0;0
FR;5;2021-04-27;0;0;0;0;0;0;0;0;0;0
FR;5;2021-04-28;0;0;0;0;0;0;0;0;0;0
FR;5;2021-04-29;0;0;0;0;0;0;0;0;0;0
FR;5;2021-04-30;0;0;0;0;0;0;0;0;0;0
FR;5;2021-05-01;0;0;0;0;0;0;0;0;0;0
FR;5;2021-05-02;0;0;0;0;0;0;0;0;0;0
FR;5;2021-05-03;0;0;0;0;0;0;0;0;0;0
FR;5;2021-05-04;0;0;0;0;0;0;0;0;0;0
FR;5;2021-05-05;0;0;0;0;0;0;0;0;0;0
FR;5;2021-05-06;0;0;0;0;0;0;0;0;0;0
FR;5;2021-05-07;0;0;0;0;0;0;0;0;0;0
FR;5;2021-05-08;0;0;0;0;0;0;0;0;0;0
FR;5;2021-05-09;0;0;0;0;0;0;0;0;0;0
FR;5;2021-05-10;0;0;0;0;0;0;0;0;0;0
FR;5;2021-05-11;0;0;0;0;0;0;0;0;0;0
FR;5;2021-05-12;0;0;0;0;0;0;0;0;0;0
FR;5;2021-05-13;0;0;0;0;0;0;0;0;0;0
FR;5;2021-05-14;0;0;0;0;0;0;0;0;0;0
FR;5;2021-05-15;0;0;0;0;0;0;0;0;0;0
FR;5;2021-05-16;0;0;0;0;0;0;0;0;0;0
FR;5;2021-05-17;0;0;0;0;0;0;0;0;0;0
FR;5;2021-05-18;0;0;0;0;0;0;0;0;0;0
FR;5;2021-05-19;0;0;0;0;0;0;0;0;0;0
FR;5;2021-05-20;0;0;0;0;0;0;0;0;0;0
FR;5;2021-05-21;0;0;0;0;0;0;0;0;0;0
FR;5;2021-05-22;0;0;0;0;0;0;0;0;0;0
FR;5;2021-05-23;0;0;0;0;0;0;0;0;0;0
FR;5;2021-05-24;0;0;0;0;0;0;0;0;0;0
FR;5;2021-05-25;0;0;0;0;0;0;0;0;0;0
FR;5;2021-05-26;0;0;0;0;0;0;0;0;0;0
FR;5;2021-05-27;0;0;0;0;0;0;0;0;0;0
FR;5;2021-05-28;0;0;0;0;0;0;0;0;0;0
FR;5;2021-05-29;0;0;0;0;0;0;0;0;0;0
FR;5;2021-05-30;0;0;0;0;0;0;0;0;0;0
FR;5;2021-05-31;0;0;0;0;0;0;0;0;0;0
FR;5;2021-06-01;0;0;0;0;0;0;0;0;0;0
FR;5;2021-06-02;0;0;0;0;0;0;0;0;0;0
FR;5;2021-06-03;0;0;0;0;0;0;0;0;0;0
FR;5;2021-06-04;0;0;0;0;0;0;0;0;0;0
FR;5;2021-06-05;0;0;0;0;0;0;0;0;0;0
FR;5;2021-06-06;0;0;0;0;0;0;0;0;0;0
FR;5;2021-06-07;0;0;0;0;0;0;0;0;0;0
FR;5;2021-06-08;0;0;0;0;0;0;0;0;0;0
FR;5;2021-06-09;0;0;0;0;0;0;0;0;0;0
FR;5;2021-06-10;0;0;0;0;0;0;0;0;0;0
FR;5;2021-06-11;0;0;0;0;0;0;0;0;0;0
FR;5;2021-06-12;0;0;0;0;0;0;0;0;0;0
FR;5;2021-06-13;0;0;0;0;0;0;0;0;0;0
FR;5;2021-06-14;0;0;0;0;0;0;0;0;0;0
FR;5;2021-06-15;0;0;0;0;0;0;0;0;0;0
FR;5;2021-06-16;0;0;0;0;0;0;0;0;0;0
FR;5;2021-06-17;0;0;0;0;0;0;0;0;0;0
FR;5;2021-06-18;0;0;0;0;0;0;0;0;0;0
FR;5;2021-06-19;0;0;0;0;0;0;0;0;0;0
FR;5;2021-06-20;0;0;0;0;0;0;0;0;0;0
FR;5;2021-06-21;0;0;0;0;0;0;0;0;0;0
FR;5;2021-06-22;0;0;0;0;0;0;0;0;0;0
FR;5;2021-06-23;0;0;0;0;0;0;0;0;0;0
FR;5;2021-06-24;0;0;0;0;0;0;0;0;0;0
FR;5;2021-06-25;0;0;0;0;0;0;0;0;0;0
FR;5;2021-06-26;0;0;0;0;0;0;0;0;0;0
FR;5;2021-06-27;0;0;0;0;0;0;0;0;0;0
FR;5;2021-06-28;0;0;0;0;0;0;0;0;0;0
FR;5;2021-06-29;0;0;0;0;0;0;0;0;0;0
FR;5;2021-06-30;0;0;0;0;0;0;0;0;0;0
FR;5;2021-07-01;0;0;0;0;0;0;0;0;0;0
FR;5;2021-07-02;0;0;0;0;0;0;0;0;0;0
FR;5;2021-07-03;0;0;0;0;0;0;0;0;0;0
FR;5;2021-07-04;0;0;0;0;0;0;0;0;0;0
FR;5;2021-07-05;0;0;0;0;0;0;0;0;0;0
FR;5;2021-07-06;0;0;0;0;0;0;0;0;0;0
FR;5;2021-07-07;0;0;0;0;0;0;0;0;0;0
FR;5;2021-07-08;0;0;0;0;0;0;0;0;0;0
FR;5;2021-07-09;0;0;0;0;0;0;0;0;0;0
FR;5;2021-07-10;0;0;0;0;0;0;0;0;0;0
FR;5;2021-07-11;0;0;0;0;0;0;0;0;0;0
FR;5;2021-07-12;0;0;0;0;0;0;0;0;0;0
FR;5;2021-07-13;0;0;0;0;0;0;0;0;0;0
FR;5;2021-07-14;0;0;0;0;0;0;0;0;0;0
FR;5;2021-07-15;0;0;0;0;0;0;0;0;0;0
FR;5;2021-07-16;0;0;0;0;0;0;0;0;0;0
FR;5;2021-07-17;0;0;0;0;0;0;0;0;0;0
FR;5;2021-07-18;0;0;0;0;0;0;0;0;0;0
FR;5;2021-07-19;0;0;0;0;0;0;0;0;0;0
FR;5;2021-07-20;0;0;0;0;0;0;0;0;0;0
FR;5;2021-07-21;0;0;0;0;0;0;0;0;0;0
FR;5;2021-07-22;0;0;0;0;0;0;0;0;0;0
FR;5;2021-07-23;0;0;0;0;0;0;0;0;0;0
FR;5;2021-07-24;0;0;0;0;0;0;0;0;0;0
FR;5;2021-07-25;0;0;0;0;0;0;0;0;0;0
FR;5;2021-07-26;0;0;0;0;0;0;0;0;0;0
FR;5;2021-07-27;0;0;0;0;0;0;0;0;0;0
FR;5;2021-07-28;0;0;0;0;0;0;0;0;0;0
FR;5;2021-07-29;0;0;0;0;0;0;0;0;0;0
FR;5;2021-07-30;0;0;0;0;0;0;0;0;0;0
FR;5;2021-07-31;0;0;0;0;0;0;0;0;0;0
FR;5;2021-08-01;0;0;0;0;0;0;0;0;0;0
FR;5;2021-08-02;0;0;0;0;0;0;0;0;0;0
FR;5;2021-08-03;0;0;0;0;0;0;0;0;0;0
FR;5;2021-08-04;0;0;0;0;0;0;0;0;0;0
FR;5;2021-08-05;0;0;0;0;0;0;0;0;0;0
FR;5;2021-08-06;0;0;0;0;0;0;0;0;0;0
FR;5;2021-08-07;0;0;0;0;0;0;0;0;0;0
FR;5;2021-08-08;0;0;0;0;0;0;0;0;0;0
FR;5;2021-08-09;0;0;0;0;0;0;0;0;0;0
FR;5;2021-08-10;0;0;0;0;0;0;0;0;0;0
FR;5;2021-08-11;0;0;0;0;0;0;0;0;0;0
FR;5;2021-08-12;0;0;0;0;0;0;0;0;0;0
FR;5;2021-08-13;0;0;0;0;0;0;0;0;0;0
FR;5;2021-08-14;0;0;0;0;0;0;0;0;0;0
FR;5;2021-08-15;0;0;0;0;0;0;0;0;0;0
FR;5;2021-08-16;0;0;0;0;0;0;0;0;0;0
FR;5;2021-08-17;0;0;0;0;0;0;0;0;0;0
FR;5;2021-08-18;0;0;0;0;0;0;0;0;0;0
FR;5;2021-08-19;0;0;0;0;0;0;0;0;0;0
FR;5;2021-08-20;0;0;0;0;0;0;0;0;0;0
FR;5;2021-08-21;0;0;0;0;0;0;0;0;0;0
FR;5;2021-08-22;0;0;0;0;0;0;0;0;0;0
FR;5;2021-08-23;0;0;0;0;0;0;0;0;0;0
FR;5;2021-08-24;0;0;0;0;0;0;0;0;0;0
FR;5;2021-08-25;0;0;0;0;0;0;0;0;0;0
FR;5;2021-08-26;0;0;0;0;0;0;0;0;0;0
FR;5;2021-08-27;0;0;0;0;0;0;0;0;0;0
FR;5;2021-08-28;0;0;0;0;0;0;0;0;0;0
FR;5;2021-08-29;0;0;0;0;0;0;0;0;0;0
FR;5;2021-08-30;0;0;0;0;0;0;0;0;0;0
FR;5;2021-08-31;0;0;0;0;0;0;0;0;0;0
FR;5;2021-09-01;0;0;0;0;0;0;0;0;0;0
FR;5;2021-09-02;0;0;0;0;0;0;0;0;0;0
FR;5;2021-09-03;0;0;0;0;0;0;0;0;0;0
FR;5;2021-09-04;0;0;0;0;0;0;0;0;0;0
FR;5;2021-09-05;0;0;0;0;0;0;0;0;0;0
FR;5;2021-09-06;0;0;0;0;0;0;0;0;0;0
FR;5;2021-09-07;0;0;0;0;0;0;0;0;0;0
FR;5;2021-09-08;0;0;0;0;0;0;0;0;0;0
FR;5;2021-09-09;0;0;0;0;0;0;0;0;0;0
FR;5;2021-09-10;0;0;0;0;0;0;0;0;0;0
FR;5;2021-09-11;0;0;0;0;0;0;0;0;0;0
FR;5;2021-09-12;0;0;0;0;0;0;0;0;0;0
FR;5;2021-09-13;0;0;0;0;0;0;0;0;0;0
FR;5;2021-09-14;0;0;0;0;0;0;0;0;0;0
FR;5;2021-09-15;0;0;0;0;0;0;0;0;0;0
FR;5;2021-09-16;0;0;0;0;0;0;0;0;0;0
FR;5;2021-09-17;0;0;0;0;0;0;0;0;0;0
FR;5;2021-09-18;0;0;0;0;0;0;0;0;0;0
FR;5;2021-09-19;0;0;0;0;0;0;0;0;0;0
FR;5;2021-09-20;0;0;0;0;0;0;0;0;0;0
FR;5;2021-09-21;0;0;0;0;0;0;0;0;0;0
FR;5;2021-09-22;0;0;0;0;0;0;0;0;0;0
FR;5;2021-09-23;0;0;0;0;0;0;0;0;0;0
FR;5;2021-09-24;0;0;0;0;0;0;0;0;0;0
FR;5;2021-09-25;0;0;0;0;0;0;0;0;0;0
FR;5;2021-09-26;0;0;0;0;0;0;0;0;0;0
FR;5;2021-09-27;0;0;0;0;0;0;0;0;0;0
FR;5;2021-09-28;0;0;0;0;0;0;0;0;0;0
FR;5;2021-09-29;0;0;0;0;0;0;0;0;0;0
FR;5;2021-09-30;0;0;0;0;0;0;0;0;0;0
FR;5;2021-10-01;0;0;0;0;0;0;0;0;0;0
FR;5;2021-10-02;0;0;0;0;0;0;0;0;0;0
FR;5;2021-10-03;0;0;0;0;0;0;0;0;0;0
FR;5;2021-10-04;0;0;0;0;0;0;0;0;0;0
FR;5;2021-10-05;0;0;0;0;0;0;0;0;0;0
FR;5;2021-10-06;0;0;0;0;0;0;0;0;0;0
FR;5;2021-10-07;0;0;0;0;0;0;0;0;0;0
FR;5;2021-10-08;0;0;0;0;0;0;0;0;0;0
FR;5;2021-10-09;0;0;0;0;0;0;0;0;0;0
FR;5;2021-10-10;0;0;0;0;0;0;0;0;0;0
FR;5;2021-10-11;0;0;0;0;0;0;0;0;0;0
FR;5;2021-10-12;0;0;0;0;0;0;0;0;0;0
FR;5;2021-10-13;0;0;0;0;0;0;0;0;0;0
FR;5;2021-10-14;0;0;0;0;0;0;0;0;0;0
FR;5;2021-10-15;0;0;0;0;0;0;0;0;0;0
FR;5;2021-10-16;0;0;0;0;0;0;0;0;0;0
FR;5;2021-10-17;0;0;0;0;0;0;0;0;0;0
FR;5;2021-10-18;0;0;0;0;0;0;0;0;0;0
FR;5;2021-10-19;0;0;0;0;0;0;0;0;0;0
FR;5;2021-10-20;0;0;0;0;0;0;0;0;0;0
FR;5;2021-10-21;0;0;0;0;0;0;0;0;0;0
FR;5;2021-10-22;0;0;0;0;0;0;0;0;0;0
FR;5;2021-10-23;0;0;0;0;0;0;0;0;0;0
FR;5;2021-10-24;0;0;0;0;0;0;0;0;0;0
FR;5;2021-10-25;0;0;0;0;0;0;0;0;0;0
FR;5;2021-10-26;0;0;0;0;0;0;0;0;0;0
FR;5;2021-10-27;0;0;0;0;0;0;0;0;0;0
FR;5;2021-10-28;0;0;0;0;0;0;0;0;0;0
FR;5;2021-10-29;0;0;0;0;0;0;0;0;0;0
FR;5;2021-10-30;0;0;0;0;0;0;0;0;0;0
FR;5;2021-10-31;0;0;0;0;0;0;0;0;0;0
FR;5;2021-11-01;0;0;0;0;0;0;0;0;0;0
FR;5;2021-11-02;0;0;0;0;0;0;0;0;0;0
FR;5;2021-11-03;0;0;0;0;0;0;0;0;0;0
FR;5;2021-11-04;0;0;0;0;0;0;0;0;0;0
FR;5;2021-11-05;0;0;0;0;0;0;0;0;0;0
FR;5;2021-11-06;0;0;0;0;0;0;0;0;0;0
FR;5;2021-11-07;0;0;0;0;0;0;0;0;0;0
FR;5;2021-11-08;0;0;0;0;0;0;0;0;0;0
FR;5;2021-11-09;0;0;0;0;0;0;0;0;0;0
FR;5;2021-11-10;0;0;0;0;0;0;0;0;0;0
FR;5;2021-11-11;0;0;0;0;0;0;0;0;0;0
FR;5;2021-11-12;0;0;0;0;0;0;0;0;0;0
FR;5;2021-11-13;0;0;0;0;0;0;0;0;0;0
FR;5;2021-11-14;0;0;0;0;0;0;0;0;0;0
FR;5;2021-11-15;0;0;0;0;0;0;0;0;0;0
FR;5;2021-11-16;0;0;0;0;0;0;0;0;0;0
FR;5;2021-11-17;0;0;0;0;0;0;0;0;0;0
FR;5;2021-11-18;0;0;0;0;0;0;0;0;0;0
FR;5;2021-11-19;0;0;0;0;0;0;0;0;0;0
FR;5;2021-11-20;0;0;0;0;0;0;0;0;0;0
FR;5;2021-11-21;0;0;0;0;0;0;0;0;0;0
FR;5;2021-11-22;0;0;0;0;0;0;0;0;0;0
FR;5;2021-11-23;0;0;0;0;0;0;0;0;0;0
FR;5;2021-11-24;0;0;0;0;0;0;0;0;0;0
FR;5;2021-11-25;0;0;0;0;0;0;0;0;0;0
FR;5;2021-11-26;0;0;0;0;0;0;0;0;0;0
FR;5;2021-11-27;0;0;0;0;0;0;0;0;0;0
FR;5;2021-11-28;0;0;0;0;0;0;0;0;0;0
FR;5;2021-11-29;0;0;0;0;0;0;0;0;0;0
FR;5;2021-11-30;0;0;0;0;0;0;0;0;0;0
FR;5;2021-12-01;0;0;0;0;0;0;0;0;0;0
FR;5;2021-12-02;0;0;0;0;0;0;0;0;0;0
FR;5;2021-12-03;0;0;0;0;0;0;0;0;0;0
FR;5;2021-12-04;0;0;0;0;0;0;0;0;0;0
FR;5;2021-12-05;0;0;0;0;0;0;0;0;0;0
FR;5;2021-12-06;0;0;0;0;0;0;0;0;0;0
FR;5;2021-12-07;0;0;0;0;0;0;0;0;0;0
FR;5;2021-12-08;0;0;0;0;0;0;0;0;0;0
FR;5;2021-12-09;0;0;0;0;0;0;0;0;0;0
FR;5;2021-12-10;0;0;0;0;0;0;0;0;0;0
FR;5;2021-12-11;0;0;0;0;0;0;0;0;0;0
FR;5;2021-12-12;0;0;0;0;0;0;0;0;0;0
FR;5;2021-12-13;0;0;0;0;0;0;0;0;0;0
FR;5;2021-12-14;29;45;77;0;88;29;45;77;0;88
FR;5;2021-12-15;196;44;37;0;49;225;89;114;0;137
FR;5;2021-12-16;180;21;44;0;48;405;110;158;0;185
FR;5;2021-12-17;310;16;72;0;74;715;126;230;0;259
FR;5;2021-12-18;764;24;22;0;29;1479;150;252;0;288
FR;5;2021-12-19;586;15;15;0;17;2065;165;267;0;305
FR;5;2021-12-20;1223;31;35;0;38;3288;196;302;0;343
FR;5;2021-12-21;1535;22;54;1;60;4823;218;356;1;403
FR;5;2021-12-22;4069;40;37;0;46;8892;258;393;1;449
FR;5;2021-12-23;3042;16;21;0;25;11934;274;414;1;474
FR;5;2021-12-24;759;18;9;0;15;12693;292;423;1;489
FR;5;2021-12-25;61;5;1;0;2;12754;297;424;1;491
FR;5;2021-12-26;623;6;3;0;4;13377;303;427;1;495
FR;5;2021-12-27;4080;25;21;0;23;17457;328;448;1;518
FR;5;2021-12-28;5202;23;41;1;43;22659;351;489;2;561
FR;5;2021-12-29;8104;34;65;2;68;30763;385;554;4;629
FR;5;2021-12-30;5172;18;33;0;39;35935;403;587;4;668
FR;5;2021-12-31;1553;8;10;0;11;37488;411;597;4;679
FR;5;2022-01-01;185;2;2;0;3;37673;413;599;4;682
FR;5;2022-01-02;1489;1;1;0;1;39162;414;600;4;683
FR;5;2022-01-03;3058;36;33;0;32;42220;450;633;4;715
FR;5;2022-01-04;3034;39;33;0;42;45254;489;666;4;757
FR;5;2022-01-05;19323;203;97;1;108;64577;692;763;5;865
FR;5;2022-01-06;3742;133;122;0;142;68319;825;885;5;1007
FR;5;2022-01-07;5007;200;48;2;56;73326;1025;933;7;1063
FR;5;2022-01-08;13654;514;45;0;52;86980;1539;978;7;1115
FR;5;2022-01-09;5755;399;15;0;20;92735;1938;993;7;1135
FR;5;2022-01-10;3453;326;25;0;29;96188;2264;1018;7;1164
FR;5;2022-01-11;3668;284;38;0;41;99856;2548;1056;7;1205
FR;5;2022-01-12;22652;3003;90;0;113;122508;5551;1146;7;1318
FR;5;2022-01-13;4035;622;30;0;32;126543;6173;1176;7;1350
FR;5;2022-01-14;4843;581;44;0;51;131386;6754;1220;7;1401
FR;5;2022-01-15;14681;1746;38;3;49;146067;8500;1258;10;1450
FR;5;2022-01-16;4727;666;3;0;5;150794;9166;1261;10;1455
FR;5;2022-01-17;2293;715;26;0;29;153087;9881;1287;10;1484
FR;5;2022-01-18;2430;870;30;0;40;155517;10751;1317;10;1524
FR;5;2022-01-19;18481;6422;74;2;142;173998;17173;1391;12;1666
FR;5;2022-01-20;1920;1067;25;0;34;175918;18240;1416;12;1700
FR;5;2022-01-21;3076;1371;47;1;59;178994;19611;1463;13;1759
FR;5;2022-01-22;10722;3454;33;1;43;189716;23065;1496;14;1802
FR;5;2022-01-23;2629;1415;5;0;9;192345;24480;1501;14;1811
FR;5;2022-01-24;1159;1340;19;0;23;193504;25820;1520;14;1834
FR;5;2022-01-25;1219;1548;19;2;29;194723;27368;1539;16;1863
FR;5;2022-01-26;10751;12024;50;1;89;205474;39392;1589;17;1952
FR;5;2022-01-27;1291;1693;10;0;17;206765;41085;1599;17;1969
FR;5;2022-01-28;1695;3347;16;0;19;208460;44432;1615;17;1988
FR;5;2022-01-29;6237;8040;68;0;96;214697;52472;1683;17;2084
FR;5;2022-01-30;1509;2950;5;0;18;216206;55422;1688;17;2102
FR;5;2022-01-31;588;1773;23;0;24;216794;57195;1711;17;2126
FR;5;2022-02-01;712;1703;10;0;15;217506;58898;1721;17;2141
FR;5;2022-02-02;6957;15654;52;0;94;224463;74552;1773;17;2235
FR;5;2022-02-03;489;1690;14;0;13;224952;76242;1787;17;2248
FR;5;2022-02-04;943;3001;19;0;31;225895;79243;1806;17;2279
FR;5;2022-02-05;3532;8916;23;0;37;229427;88159;1829;17;2316
FR;5;2022-02-06;737;2397;10;0;19;230164;90556;1839;17;2335
FR;5;2022-02-07;883;1595;22;0;24;231047;92151;1861;17;2359
FR;5;2022-02-08;722;1285;18;0;20;231769;93436;1879;17;2379
FR;5;2022-02-09;4535;12876;44;0;76;236304;106312;1923;17;2455
FR;5;2022-02-10;646;1058;14;0;15;236950;107370;1937;17;2470
FR;5;2022-02-11;793;2026;16;0;21;237743;109396;1953;17;2491
FR;5;2022-02-12;2285;6811;33;0;53;240028;116207;1986;17;2544
FR;5;2022-02-13;465;1540;8;0;8;240493;117747;1994;17;2552
FR;5;2022-02-14;678;1288;10;0;13;241171;119035;2004;17;2565
FR;5;2022-02-15;482;885;9;0;14;241653;119920;2013;17;2579
FR;5;2022-02-16;2980;9123;41;1;58;244633;129043;2054;18;2637
FR;5;2022-02-17;435;805;6;0;7;245068;129848;2060;18;2644
FR;5;2022-02-18;650;1407;13;0;17;245718;131255;2073;18;2661
FR;5;2022-02-19;1371;4315;16;0;28;247089;135570;2089;18;2689
FR;5;2022-02-20;247;879;6;0;8;247336;136449;2095;18;2697
FR;5;2022-02-21;221;607;2;0;4;247557;137056;2097;18;2701
FR;5;2022-02-22;259;545;17;0;17;247816;137601;2114;18;2718
FR;5;2022-02-23;1907;6923;22;1;42;249723;144524;2136;19;2760
FR;5;2022-02-24;182;374;5;1;6;249905;144898;2141;20;2766
FR;5;2022-02-25;336;949;13;0;12;250241;145847;2154;20;2778
FR;5;2022-02-26;972;3069;10;0;14;251213;148916;2164;20;2792
FR;5;2022-02-27;147;506;0;0;3;251360;149422;2164;20;2795
FR;5;2022-02-28;161;369;1;0;1;251521;149791;2165;20;2796
FR;5;2022-03-01;128;279;6;0;7;251649;150070;2171;20;2803
FR;5;2022-03-02;1240;4150;28;3;40;252889;154220;2199;23;2843
FR;5;2022-03-03;121;250;6;0;9;253010;154470;2205;23;2852
FR;5;2022-03-04;193;488;13;0;14;253203;154958;2218;23;2866
FR;5;2022-03-05;676;1990;8;0;16;253879;156948;2226;23;2882
FR;5;2022-03-06;108;260;0;0;0;253987;157208;2226;23;2882
FR;5;2022-03-07;71;228;5;0;3;254058;157436;2231;23;2885
FR;5;2022-03-08;46;130;7;1;7;254104;157566;2238;24;2892
FR;5;2022-03-09;909;3076;24;0;36;255013;160642;2262;24;2928
FR;5;2022-03-10;82;200;8;0;11;255095;160842;2270;24;2939
FR;5;2022-03-11;147;369;13;1;15;255242;161211;2283;25;2954
FR;5;2022-03-12;758;1613;13;1;30;256000;162824;2296;26;2984
FR;5;2022-03-13;76;100;0;0;0;256076;162924;2296;26;2984
FR;5;2022-03-14;67;118;7;1;7;256143;163042;2303;27;2991
FR;5;2022-03-15;83;99;3;0;6;256226;163141;2306;27;2997
FR;5;2022-03-16;884;1822;15;3;34;257110;164963;2321;30;3031
FR;5;2022-03-17;66;123;8;4;10;257176;165086;2329;34;3041
FR;5;2022-03-18;172;318;13;4;18;257348;165404;2342;38;3059
FR;5;2022-03-19;750;1162;12;5;33;258098;166566;2354;43;3092
FR;5;2022-03-20;45;93;1;0;1;258143;166659;2355;43;3093
FR;5;2022-03-21;71;120;10;6;15;258214;166779;2365;49;3108
FR;5;2022-03-22;56;119;8;8;9;258270;166898;2373;57;3117
FR;5;2022-03-23;803;1461;14;8;36;259073;168359;2387;65;3153
FR;5;2022-03-24;68;93;8;7;7;259141;168452;2395;72;3160
FR;5;2022-03-25;222;290;14;8;18;259363;168742;2409;80;3178
FR;5;2022-03-26;706;853;12;5;26;260069;169595;2421;85;3204
FR;5;2022-03-27;74;78;0;0;3;260143;169673;2421;85;3207
FR;5;2022-03-28;81;91;1;2;3;260224;169764;2422;87;3210
FR;5;2022-03-29;71;82;10;4;12;260295;169846;2432;91;3222
FR;5;2022-03-30;820;1115;16;13;29;261115;170961;2448;104;3251
FR;5;2022-03-31;102;124;1;4;6;261217;171085;2449;108;3257
FR;5;2022-04-01;107;86;7;12;11;261324;171171;2456;120;3268
FR;5;2022-04-02;329;348;3;3;14;261653;171519;2459;123;3282
FR;5;2022-04-03;54;59;1;0;1;261707;171578;2460;123;3283
FR;5;2022-04-04;36;57;4;1;8;261743;171635;2464;124;3291
FR;5;2022-04-05;51;60;6;7;9;261794;171695;2470;131;3300
FR;5;2022-04-06;421;439;7;15;16;262215;172134;2477;146;3316
FR;5;2022-04-07;45;68;5;7;7;262260;172202;2482;153;3323
FR;5;2022-04-08;130;110;12;14;15;262390;172312;2494;167;3338
FR;5;2022-04-09;309;321;2;5;16;262699;172633;2496;172;3354
FR;5;2022-04-10;43;31;2;0;2;262742;172664;2498;172;3356
FR;5;2022-04-11;50;60;3;2;4;262792;172724;2501;174;3360
FR;5;2022-04-12;57;54;3;3;5;262849;172778;2504;177;3365
FR;5;2022-04-13;382;413;3;8;16;263231;173191;2507;185;3381
FR;5;2022-04-14;47;48;5;5;9;263278;173239;2512;190;3390
FR;5;2022-04-15;91;109;3;5;5;263369;173348;2515;195;3395
FR;5;2022-04-16;188;184;2;1;13;263557;173532;2517;196;3408
FR;5;2022-04-17;12;10;1;0;1;263569;173542;2518;196;3409
FR;5;2022-04-18;8;9;2;0;2;263577;173551;2520;196;3411
FR;5;2022-04-19;73;70;6;1;6;263650;173621;2526;197;3417
FR;5;2022-04-20;360;349;9;6;12;264010;173970;2535;203;3429
FR;5;2022-04-21;42;64;9;10;12;264052;174034;2544;213;3441
FR;5;2022-04-22;113;96;5;4;5;264165;174130;2549;217;3446
FR;5;2022-04-23;209;192;3;2;10;264374;174322;2552;219;3456
FR;5;2022-04-24;37;35;0;0;3;264411;174357;2552;219;3459
FR;5;2022-04-25;67;65;1;1;4;264478;174422;2553;220;3463
FR;5;2022-04-26;60;61;2;1;5;264538;174483;2555;221;3468
FR;5;2022-04-27;335;316;2;7;14;264873;174799;2557;228;3482
FR;5;2022-04-28;75;54;4;5;8;264948;174853;2561;233;3490
FR;5;2022-04-29;117;79;5;18;12;265065;174932;2566;251;3502
FR;5;2022-04-30;182;115;1;3;10;265247;175047;2567;254;3512
FR;5;2022-05-01;10;7;0;0;0;265257;175054;2567;254;3512
FR;5;2022-05-02;46;27;4;5;2;265303;175081;2571;259;3514
FR;5;2022-05-03;83;55;2;5;11;265386;175136;2573;264;3525
FR;5;2022-05-04;276;204;1;2;7;265662;175340;2574;266;3532
FR;5;2022-05-05;62;32;2;4;4;265724;175372;2576;270;3536
FR;5;2022-05-06;103;64;2;3;5;265827;175436;2578;273;3541
FR;5;2022-05-07;170;115;3;10;13;265997;175551;2581;283;3554
FR;5;2022-05-08;7;8;0;0;2;266004;175559;2581;283;3556
FR;5;2022-05-09;44;32;15;3;16;266048;175591;2596;286;3572
FR;5;2022-05-10;54;49;3;4;5;266102;175640;2599;290;3577
FR;5;2022-05-11;324;236;12;7;21;266426;175876;2611;297;3598
FR;5;2022-05-12;46;34;1;3;2;266472;175910;2612;300;3600
FR;5;2022-05-13;108;83;2;8;8;266580;175993;2614;308;3608
FR;5;2022-05-14;203;129;0;1;8;266783;176122;2614;309;3616
FR;5;2022-05-15;22;7;2;0;1;266805;176129;2616;309;3617
FR;5;2022-05-16;49;31;2;5;4;266854;176160;2618;314;3621
FR;5;2022-05-17;72;40;5;0;2;266926;176200;2623;314;3623
FR;5;2022-05-18;288;213;4;4;8;267214;176413;2627;318;3631
FR;5;2022-05-19;44;35;4;3;2;267258;176448;2631;321;3633
FR;5;2022-05-20;73;62;2;4;1;267331;176510;2633;325;3634
FR;5;2022-05-21;241;164;2;3;17;267572;176674;2635;328;3651
FR;5;2022-05-22;20;14;2;5;2;267592;176688;2637;333;3653
FR;5;2022-05-23;42;23;4;3;6;267634;176711;2641;336;3659
FR;5;2022-05-24;44;43;2;2;3;267678;176754;2643;338;3662
FR;5;2022-05-25;321;250;4;0;15;267999;177004;2647;338;3677
FR;6;2020-12-27;0;0;0;0;0;0;0;0;0;0
FR;6;2020-12-28;0;0;0;0;0;0;0;0;0;0
FR;6;2020-12-29;0;0;0;0;0;0;0;0;0;0
FR;6;2020-12-30;0;0;0;0;0;0;0;0;0;0
FR;6;2020-12-31;0;0;0;0;0;0;0;0;0;0
FR;6;2021-01-01;0;0;0;0;0;0;0;0;0;0
FR;6;2021-01-02;0;0;0;0;0;0;0;0;0;0
FR;6;2021-01-03;0;0;0;0;0;0;0;0;0;0
FR;6;2021-01-04;0;0;0;0;0;0;0;0;0;0
FR;6;2021-01-05;0;0;0;0;0;0;0;0;0;0
FR;6;2021-01-06;0;0;0;0;0;0;0;0;0;0
FR;6;2021-01-07;0;0;0;0;0;0;0;0;0;0
FR;6;2021-01-08;0;0;0;0;0;0;0;0;0;0
FR;6;2021-01-09;0;0;0;0;0;0;0;0;0;0
FR;6;2021-01-10;0;0;0;0;0;0;0;0;0;0
FR;6;2021-01-11;0;0;0;0;0;0;0;0;0;0
FR;6;2021-01-12;0;0;0;0;0;0;0;0;0;0
FR;6;2021-01-13;0;0;0;0;0;0;0;0;0;0
FR;6;2021-01-14;0;0;0;0;0;0;0;0;0;0
FR;6;2021-01-15;0;0;0;0;0;0;0;0;0;0
FR;6;2021-01-16;0;0;0;0;0;0;0;0;0;0
FR;6;2021-01-17;0;0;0;0;0;0;0;0;0;0
FR;6;2021-01-18;0;0;0;0;0;0;0;0;0;0
FR;6;2021-01-19;0;0;0;0;0;0;0;0;0;0
FR;6;2021-01-20;0;0;0;0;0;0;0;0;0;0
FR;6;2021-01-21;0;0;0;0;0;0;0;0;0;0
FR;6;2021-01-22;0;0;0;0;0;0;0;0;0;0
FR;6;2021-01-23;0;0;0;0;0;0;0;0;0;0
FR;6;2021-01-24;0;0;0;0;0;0;0;0;0;0
FR;6;2021-01-25;0;0;0;0;0;0;0;0;0;0
FR;6;2021-01-26;0;0;0;0;0;0;0;0;0;0
FR;6;2021-01-27;0;0;0;0;0;0;0;0;0;0
FR;6;2021-01-28;0;0;0;0;0;0;0;0;0;0
FR;6;2021-01-29;0;0;0;0;0;0;0;0;0;0
FR;6;2021-01-30;0;0;0;0;0;0;0;0;0;0
FR;6;2021-01-31;0;0;0;0;0;0;0;0;0;0
FR;6;2021-02-01;0;0;0;0;0;0;0;0;0;0
FR;6;2021-02-02;0;0;0;0;0;0;0;0;0;0
FR;6;2021-02-03;0;0;0;0;0;0;0;0;0;0
FR;6;2021-02-04;0;0;0;0;0;0;0;0;0;0
FR;6;2021-02-05;0;0;0;0;0;0;0;0;0;0
FR;6;2021-02-06;0;0;0;0;0;0;0;0;0;0
FR;6;2021-02-07;0;0;0;0;0;0;0;0;0;0
FR;6;2021-02-08;0;0;0;0;0;0;0;0;0;0
FR;6;2021-02-09;0;0;0;0;0;0;0;0;0;0
FR;6;2021-02-10;0;0;0;0;0;0;0;0;0;0
FR;6;2021-02-11;0;0;0;0;0;0;0;0;0;0
FR;6;2021-02-12;0;0;0;0;0;0;0;0;0;0
FR;6;2021-02-13;0;0;0;0;0;0;0;0;0;0
FR;6;2021-02-14;0;0;0;0;0;0;0;0;0;0
FR;6;2021-02-15;0;0;0;0;0;0;0;0;0;0
FR;6;2021-02-16;0;0;0;0;0;0;0;0;0;0
FR;6;2021-02-17;0;0;0;0;0;0;0;0;0;0
FR;6;2021-02-18;0;0;0;0;0;0;0;0;0;0
FR;6;2021-02-19;0;0;0;0;0;0;0;0;0;0
FR;6;2021-02-20;0;0;0;0;0;0;0;0;0;0
FR;6;2021-02-21;0;0;0;0;0;0;0;0;0;0
FR;6;2021-02-22;0;0;0;0;0;0;0;0;0;0
FR;6;2021-02-23;0;0;0;0;0;0;0;0;0;0
FR;6;2021-02-24;0;0;0;0;0;0;0;0;0;0
FR;6;2021-02-25;0;0;0;0;0;0;0;0;0;0
FR;6;2021-02-26;0;0;0;0;0;0;0;0;0;0
FR;6;2021-02-27;0;0;0;0;0;0;0;0;0;0
FR;6;2021-02-28;0;0;0;0;0;0;0;0;0;0
FR;6;2021-03-01;0;0;0;0;0;0;0;0;0;0
FR;6;2021-03-02;0;0;0;0;0;0;0;0;0;0
FR;6;2021-03-03;0;0;0;0;0;0;0;0;0;0
FR;6;2021-03-04;0;0;0;0;0;0;0;0;0;0
FR;6;2021-03-05;0;0;0;0;0;0;0;0;0;0
FR;6;2021-03-06;0;0;0;0;0;0;0;0;0;0
FR;6;2021-03-07;0;0;0;0;0;0;0;0;0;0
FR;6;2021-03-08;0;0;0;0;0;0;0;0;0;0
FR;6;2021-03-09;0;0;0;0;0;0;0;0;0;0
FR;6;2021-03-10;0;0;0;0;0;0;0;0;0;0
FR;6;2021-03-11;0;0;0;0;0;0;0;0;0;0
FR;6;2021-03-12;0;0;0;0;0;0;0;0;0;0
FR;6;2021-03-13;0;0;0;0;0;0;0;0;0;0
FR;6;2021-03-14;0;0;0;0;0;0;0;0;0;0
FR;6;2021-03-15;0;0;0;0;0;0;0;0;0;0
FR;6;2021-03-16;0;0;0;0;0;0;0;0;0;0
FR;6;2021-03-17;0;0;0;0;0;0;0;0;0;0
FR;6;2021-03-18;0;0;0;0;0;0;0;0;0;0
FR;6;2021-03-19;0;0;0;0;0;0;0;0;0;0
FR;6;2021-03-20;0;0;0;0;0;0;0;0;0;0
FR;6;2021-03-21;0;0;0;0;0;0;0;0;0;0
FR;6;2021-03-22;0;0;0;0;0;0;0;0;0;0
FR;6;2021-03-23;0;0;0;0;0;0;0;0;0;0
FR;6;2021-03-24;0;0;0;0;0;0;0;0;0;0
FR;6;2021-03-25;0;0;0;0;0;0;0;0;0;0
FR;6;2021-03-26;0;0;0;0;0;0;0;0;0;0
FR;6;2021-03-27;0;0;0;0;0;0;0;0;0;0
FR;6;2021-03-28;0;0;0;0;0;0;0;0;0;0
FR;6;2021-03-29;0;0;0;0;0;0;0;0;0;0
FR;6;2021-03-30;0;0;0;0;0;0;0;0;0;0
FR;6;2021-03-31;0;0;0;0;0;0;0;0;0;0
FR;6;2021-04-01;0;0;0;0;0;0;0;0;0;0
FR;6;2021-04-02;0;0;0;0;0;0;0;0;0;0
FR;6;2021-04-03;0;0;0;0;0;0;0;0;0;0
FR;6;2021-04-04;0;0;0;0;0;0;0;0;0;0
FR;6;2021-04-05;0;0;0;0;0;0;0;0;0;0
FR;6;2021-04-06;0;0;0;0;0;0;0;0;0;0
FR;6;2021-04-07;0;0;0;0;0;0;0;0;0;0
FR;6;2021-04-08;0;0;0;0;0;0;0;0;0;0
FR;6;2021-04-09;0;0;0;0;0;0;0;0;0;0
FR;6;2021-04-10;0;0;0;0;0;0;0;0;0;0
FR;6;2021-04-11;0;0;0;0;0;0;0;0;0;0
FR;6;2021-04-12;0;0;0;0;0;0;0;0;0;0
FR;6;2021-04-13;0;0;0;0;0;0;0;0;0;0
FR;6;2021-04-14;0;0;0;0;0;0;0;0;0;0
FR;6;2021-04-15;0;0;0;0;0;0;0;0;0;0
FR;6;2021-04-16;0;0;0;0;0;0;0;0;0;0
FR;6;2021-04-17;0;0;0;0;0;0;0;0;0;0
FR;6;2021-04-18;0;0;0;0;0;0;0;0;0;0
FR;6;2021-04-19;0;0;0;0;0;0;0;0;0;0
FR;6;2021-04-20;0;0;0;0;0;0;0;0;0;0
FR;6;2021-04-21;0;0;0;0;0;0;0;0;0;0
FR;6;2021-04-22;0;0;0;0;0;0;0;0;0;0
FR;6;2021-04-23;0;0;0;0;0;0;0;0;0;0
FR;6;2021-04-24;0;0;0;0;0;0;0;0;0;0
FR;6;2021-04-25;0;0;0;0;0;0;0;0;0;0
FR;6;2021-04-26;0;0;0;0;0;0;0;0;0;0
FR;6;2021-04-27;0;0;0;0;0;0;0;0;0;0
FR;6;2021-04-28;0;0;0;0;0;0;0;0;0;0
FR;6;2021-04-29;0;0;0;0;0;0;0;0;0;0
FR;6;2021-04-30;0;0;0;0;0;0;0;0;0;0
FR;6;2021-05-01;0;0;0;0;0;0;0;0;0;0
FR;6;2021-05-02;0;0;0;0;0;0;0;0;0;0
FR;6;2021-05-03;0;0;0;0;0;0;0;0;0;0
FR;6;2021-05-04;0;0;0;0;0;0;0;0;0;0
FR;6;2021-05-05;0;0;0;0;0;0;0;0;0;0
FR;6;2021-05-06;0;0;0;0;0;0;0;0;0;0
FR;6;2021-05-07;0;0;0;0;0;0;0;0;0;0
FR;6;2021-05-08;0;0;0;0;0;0;0;0;0;0
FR;6;2021-05-09;0;0;0;0;0;0;0;0;0;0
FR;6;2021-05-10;0;0;0;0;0;0;0;0;0;0
FR;6;2021-05-11;0;0;0;0;0;0;0;0;0;0
FR;6;2021-05-12;0;0;0;0;0;0;0;0;0;0
FR;6;2021-05-13;0;0;0;0;0;0;0;0;0;0
FR;6;2021-05-14;0;0;0;0;0;0;0;0;0;0
FR;6;2021-05-15;0;0;0;0;0;0;0;0;0;0
FR;6;2021-05-16;0;0;0;0;0;0;0;0;0;0
FR;6;2021-05-17;0;0;0;0;0;0;0;0;0;0
FR;6;2021-05-18;0;0;0;0;0;0;0;0;0;0
FR;6;2021-05-19;0;0;0;0;0;0;0;0;0;0
FR;6;2021-05-20;0;0;0;0;0;0;0;0;0;0
FR;6;2021-05-21;0;0;0;0;0;0;0;0;0;0
FR;6;2021-05-22;0;0;0;0;0;0;0;0;0;0
FR;6;2021-05-23;0;0;0;0;0;0;0;0;0;0
FR;6;2021-05-24;0;0;0;0;0;0;0;0;0;0
FR;6;2021-05-25;0;0;0;0;0;0;0;0;0;0
FR;6;2021-05-26;0;0;0;0;0;0;0;0;0;0
FR;6;2021-05-27;0;0;0;0;0;0;0;0;0;0
FR;6;2021-05-28;0;0;0;0;0;0;0;0;0;0
FR;6;2021-05-29;0;0;0;0;0;0;0;0;0;0
FR;6;2021-05-30;0;0;0;0;0;0;0;0;0;0
FR;6;2021-05-31;0;0;0;0;0;0;0;0;0;0
FR;6;2021-06-01;0;0;0;0;0;0;0;0;0;0
FR;6;2021-06-02;0;0;0;0;0;0;0;0;0;0
FR;6;2021-06-03;0;0;0;0;0;0;0;0;0;0
FR;6;2021-06-04;0;0;0;0;0;0;0;0;0;0
FR;6;2021-06-05;0;0;0;0;0;0;0;0;0;0
FR;6;2021-06-06;0;0;0;0;0;0;0;0;0;0
FR;6;2021-06-07;0;0;0;0;0;0;0;0;0;0
FR;6;2021-06-08;0;0;0;0;0;0;0;0;0;0
FR;6;2021-06-09;0;0;0;0;0;0;0;0;0;0
FR;6;2021-06-10;0;0;0;0;0;0;0;0;0;0
FR;6;2021-06-11;0;0;0;0;0;0;0;0;0;0
FR;6;2021-06-12;0;0;0;0;0;0;0;0;0;0
FR;6;2021-06-13;0;0;0;0;0;0;0;0;0;0
FR;6;2021-06-14;0;0;0;0;0;0;0;0;0;0
FR;6;2021-06-15;0;0;0;0;0;0;0;0;0;0
FR;6;2021-06-16;0;0;0;0;0;0;0;0;0;0
FR;6;2021-06-17;0;0;0;0;0;0;0;0;0;0
FR;6;2021-06-18;0;0;0;0;0;0;0;0;0;0
FR;6;2021-06-19;0;0;0;0;0;0;0;0;0;0
FR;6;2021-06-20;0;0;0;0;0;0;0;0;0;0
FR;6;2021-06-21;0;0;0;0;0;0;0;0;0;0
FR;6;2021-06-22;0;0;0;0;0;0;0;0;0;0
FR;6;2021-06-23;0;0;0;0;0;0;0;0;0;0
FR;6;2021-06-24;0;0;0;0;0;0;0;0;0;0
FR;6;2021-06-25;0;0;0;0;0;0;0;0;0;0
FR;6;2021-06-26;0;0;0;0;0;0;0;0;0;0
FR;6;2021-06-27;0;0;0;0;0;0;0;0;0;0
FR;6;2021-06-28;0;0;0;0;0;0;0;0;0;0
FR;6;2021-06-29;0;0;0;0;0;0;0;0;0;0
FR;6;2021-06-30;0;0;0;0;0;0;0;0;0;0
FR;6;2021-07-01;0;0;0;0;0;0;0;0;0;0
FR;6;2021-07-02;0;0;0;0;0;0;0;0;0;0
FR;6;2021-07-03;0;0;0;0;0;0;0;0;0;0
FR;6;2021-07-04;0;0;0;0;0;0;0;0;0;0
FR;6;2021-07-05;0;0;0;0;0;0;0;0;0;0
FR;6;2021-07-06;0;0;0;0;0;0;0;0;0;0
FR;6;2021-07-07;0;0;0;0;0;0;0;0;0;0
FR;6;2021-07-08;0;0;0;0;0;0;0;0;0;0
FR;6;2021-07-09;0;0;0;0;0;0;0;0;0;0
FR;6;2021-07-10;0;0;0;0;0;0;0;0;0;0
FR;6;2021-07-11;0;0;0;0;0;0;0;0;0;0
FR;6;2021-07-12;0;0;0;0;0;0;0;0;0;0
FR;6;2021-07-13;0;0;0;0;0;0;0;0;0;0
FR;6;2021-07-14;0;0;0;0;0;0;0;0;0;0
FR;6;2021-07-15;0;0;0;0;0;0;0;0;0;0
FR;6;2021-07-16;0;0;0;0;0;0;0;0;0;0
FR;6;2021-07-17;0;0;0;0;0;0;0;0;0;0
FR;6;2021-07-18;0;0;0;0;0;0;0;0;0;0
FR;6;2021-07-19;0;0;0;0;0;0;0;0;0;0
FR;6;2021-07-20;0;0;0;0;0;0;0;0;0;0
FR;6;2021-07-21;0;0;0;0;0;0;0;0;0;0
FR;6;2021-07-22;0;0;0;0;0;0;0;0;0;0
FR;6;2021-07-23;0;0;0;0;0;0;0;0;0;0
FR;6;2021-07-24;0;0;0;0;0;0;0;0;0;0
FR;6;2021-07-25;0;0;0;0;0;0;0;0;0;0
FR;6;2021-07-26;0;0;0;0;0;0;0;0;0;0
FR;6;2021-07-27;0;0;0;0;0;0;0;0;0;0
FR;6;2021-07-28;0;0;0;0;0;0;0;0;0;0
FR;6;2021-07-29;0;0;0;0;0;0;0;0;0;0
FR;6;2021-07-30;0;0;0;0;0;0;0;0;0;0
FR;6;2021-07-31;0;0;0;0;0;0;0;0;0;0
FR;6;2021-08-01;0;0;0;0;0;0;0;0;0;0
FR;6;2021-08-02;0;0;0;0;0;0;0;0;0;0
FR;6;2021-08-03;0;0;0;0;0;0;0;0;0;0
FR;6;2021-08-04;0;0;0;0;0;0;0;0;0;0
FR;6;2021-08-05;0;0;0;0;0;0;0;0;0;0
FR;6;2021-08-06;0;0;0;0;0;0;0;0;0;0
FR;6;2021-08-07;0;0;0;0;0;0;0;0;0;0
FR;6;2021-08-08;0;0;0;0;0;0;0;0;0;0
FR;6;2021-08-09;0;0;0;0;0;0;0;0;0;0
FR;6;2021-08-10;0;0;0;0;0;0;0;0;0;0
FR;6;2021-08-11;0;0;0;0;0;0;0;0;0;0
FR;6;2021-08-12;0;0;0;0;0;0;0;0;0;0
FR;6;2021-08-13;0;0;0;0;0;0;0;0;0;0
FR;6;2021-08-14;0;0;0;0;0;0;0;0;0;0
FR;6;2021-08-15;0;0;0;0;0;0;0;0;0;0
FR;6;2021-08-16;0;0;0;0;0;0;0;0;0;0
FR;6;2021-08-17;0;0;0;0;0;0;0;0;0;0
FR;6;2021-08-18;0;0;0;0;0;0;0;0;0;0
FR;6;2021-08-19;0;0;0;0;0;0;0;0;0;0
FR;6;2021-08-20;0;0;0;0;0;0;0;0;0;0
FR;6;2021-08-21;0;0;0;0;0;0;0;0;0;0
FR;6;2021-08-22;0;0;0;0;0;0;0;0;0;0
FR;6;2021-08-23;0;0;0;0;0;0;0;0;0;0
FR;6;2021-08-24;0;0;0;0;0;0;0;0;0;0
FR;6;2021-08-25;0;0;0;0;0;0;0;0;0;0
FR;6;2021-08-26;0;0;0;0;0;0;0;0;0;0
FR;6;2021-08-27;0;0;0;0;0;0;0;0;0;0
FR;6;2021-08-28;0;0;0;0;0;0;0;0;0;0
FR;6;2021-08-29;0;0;0;0;0;0;0;0;0;0
FR;6;2021-08-30;0;0;0;0;0;0;0;0;0;0
FR;6;2021-08-31;0;0;0;0;0;0;0;0;0;0
FR;6;2021-09-01;0;0;0;0;0;0;0;0;0;0
FR;6;2021-09-02;0;0;0;0;0;0;0;0;0;0
FR;6;2021-09-03;0;0;0;0;0;0;0;0;0;0
FR;6;2021-09-04;0;0;0;0;0;0;0;0;0;0
FR;6;2021-09-05;0;0;0;0;0;0;0;0;0;0
FR;6;2021-09-06;0;0;0;0;0;0;0;0;0;0
FR;6;2021-09-07;0;0;0;0;0;0;0;0;0;0
FR;6;2021-09-08;0;0;0;0;0;0;0;0;0;0
FR;6;2021-09-09;0;0;0;0;0;0;0;0;0;0
FR;6;2021-09-10;0;0;0;0;0;0;0;0;0;0
FR;6;2021-09-11;0;0;0;0;0;0;0;0;0;0
FR;6;2021-09-12;0;0;0;0;0;0;0;0;0;0
FR;6;2021-09-13;0;0;0;0;0;0;0;0;0;0
FR;6;2021-09-14;0;0;0;0;0;0;0;0;0;0
FR;6;2021-09-15;0;0;0;0;0;0;0;0;0;0
FR;6;2021-09-16;0;0;0;0;0;0;0;0;0;0
FR;6;2021-09-17;0;0;0;0;0;0;0;0;0;0
FR;6;2021-09-18;0;0;0;0;0;0;0;0;0;0
FR;6;2021-09-19;0;0;0;0;0;0;0;0;0;0
FR;6;2021-09-20;0;0;0;0;0;0;0;0;0;0
FR;6;2021-09-21;0;0;0;0;0;0;0;0;0;0
FR;6;2021-09-22;0;0;0;0;0;0;0;0;0;0
FR;6;2021-09-23;0;0;0;0;0;0;0;0;0;0
FR;6;2021-09-24;0;0;0;0;0;0;0;0;0;0
FR;6;2021-09-25;0;0;0;0;0;0;0;0;0;0
FR;6;2021-09-26;0;0;0;0;0;0;0;0;0;0
FR;6;2021-09-27;0;0;0;0;0;0;0;0;0;0
FR;6;2021-09-28;0;0;0;0;0;0;0;0;0;0
FR;6;2021-09-29;0;0;0;0;0;0;0;0;0;0
FR;6;2021-09-30;0;0;0;0;0;0;0;0;0;0
FR;6;2021-10-01;0;0;0;0;0;0;0;0;0;0
FR;6;2021-10-02;0;0;0;0;0;0;0;0;0;0
FR;6;2021-10-03;0;0;0;0;0;0;0;0;0;0
FR;6;2021-10-04;0;0;0;0;0;0;0;0;0;0
FR;6;2021-10-05;0;0;0;0;0;0;0;0;0;0
FR;6;2021-10-06;0;0;0;0;0;0;0;0;0;0
FR;6;2021-10-07;0;0;0;0;0;0;0;0;0;0
FR;6;2021-10-08;0;0;0;0;0;0;0;0;0;0
FR;6;2021-10-09;0;0;0;0;0;0;0;0;0;0
FR;6;2021-10-10;0;0;0;0;0;0;0;0;0;0
FR;6;2021-10-11;0;0;0;0;0;0;0;0;0;0
FR;6;2021-10-12;0;0;0;0;0;0;0;0;0;0
FR;6;2021-10-13;0;0;0;0;0;0;0;0;0;0
FR;6;2021-10-14;0;0;0;0;0;0;0;0;0;0
FR;6;2021-10-15;0;0;0;0;0;0;0;0;0;0
FR;6;2021-10-16;0;0;0;0;0;0;0;0;0;0
FR;6;2021-10-17;0;0;0;0;0;0;0;0;0;0
FR;6;2021-10-18;0;0;0;0;0;0;0;0;0;0
FR;6;2021-10-19;0;0;0;0;0;0;0;0;0;0
FR;6;2021-10-20;0;0;0;0;0;0;0;0;0;0
FR;6;2021-10-21;0;0;0;0;0;0;0;0;0;0
FR;6;2021-10-22;0;0;0;0;0;0;0;0;0;0
FR;6;2021-10-23;0;0;0;0;0;0;0;0;0;0
FR;6;2021-10-24;0;0;0;0;0;0;0;0;0;0
FR;6;2021-10-25;0;0;0;0;0;0;0;0;0;0
FR;6;2021-10-26;0;0;0;0;0;0;0;0;0;0
FR;6;2021-10-27;0;0;0;0;0;0;0;0;0;0
FR;6;2021-10-28;0;0;0;0;0;0;0;0;0;0
FR;6;2021-10-29;0;0;0;0;0;0;0;0;0;0
FR;6;2021-10-30;0;0;0;0;0;0;0;0;0;0
FR;6;2021-10-31;0;0;0;0;0;0;0;0;0;0
FR;6;2021-11-01;0;0;0;0;0;0;0;0;0;0
FR;6;2021-11-02;0;0;0;0;0;0;0;0;0;0
FR;6;2021-11-03;0;0;0;0;0;0;0;0;0;0
FR;6;2021-11-04;0;0;0;0;0;0;0;0;0;0
FR;6;2021-11-05;0;0;0;0;0;0;0;0;0;0
FR;6;2021-11-06;0;0;0;0;0;0;0;0;0;0
FR;6;2021-11-07;0;0;0;0;0;0;0;0;0;0
FR;6;2021-11-08;0;0;0;0;0;0;0;0;0;0
FR;6;2021-11-09;0;0;0;0;0;0;0;0;0;0
FR;6;2021-11-10;0;0;0;0;0;0;0;0;0;0
FR;6;2021-11-11;0;0;0;0;0;0;0;0;0;0
FR;6;2021-11-12;0;0;0;0;0;0;0;0;0;0
FR;6;2021-11-13;0;0;0;0;0;0;0;0;0;0
FR;6;2021-11-14;0;0;0;0;0;0;0;0;0;0
FR;6;2021-11-15;0;0;0;0;0;0;0;0;0;0
FR;6;2021-11-16;0;0;0;0;0;0;0;0;0;0
FR;6;2021-11-17;0;0;0;0;0;0;0;0;0;0
FR;6;2021-11-18;0;0;0;0;0;0;0;0;0;0
FR;6;2021-11-19;0;0;0;0;0;0;0;0;0;0
FR;6;2021-11-20;0;0;0;0;0;0;0;0;0;0
FR;6;2021-11-21;0;0;0;0;0;0;0;0;0;0
FR;6;2021-11-22;0;0;0;0;0;0;0;0;0;0
FR;6;2021-11-23;0;0;0;0;0;0;0;0;0;0
FR;6;2021-11-24;0;0;0;0;0;0;0;0;0;0
FR;6;2021-11-25;0;0;0;0;0;0;0;0;0;0
FR;6;2021-11-26;0;0;0;0;0;0;0;0;0;0
FR;6;2021-11-27;0;0;0;0;0;0;0;0;0;0
FR;6;2021-11-28;0;0;0;0;0;0;0;0;0;0
FR;6;2021-11-29;0;0;0;0;0;0;0;0;0;0
FR;6;2021-11-30;0;0;0;0;0;0;0;0;0;0
FR;6;2021-12-01;0;0;0;0;0;0;0;0;0;0
FR;6;2021-12-02;0;0;0;0;0;0;0;0;0;0
FR;6;2021-12-03;0;0;0;0;0;0;0;0;0;0
FR;6;2021-12-04;0;0;0;0;0;0;0;0;0;0
FR;6;2021-12-05;0;0;0;0;0;0;0;0;0;0
FR;6;2021-12-06;0;0;0;0;0;0;0;0;0;0
FR;6;2021-12-07;0;0;0;0;0;0;0;0;0;0
FR;6;2021-12-08;0;0;0;0;0;0;0;0;0;0
FR;6;2021-12-09;0;0;0;0;0;0;0;0;0;0
FR;6;2021-12-10;0;0;0;0;0;0;0;0;0;0
FR;6;2021-12-11;0;0;0;0;0;0;0;0;0;0
FR;6;2021-12-12;0;0;0;0;0;0;0;0;0;0
FR;6;2021-12-13;0;0;0;0;0;0;0;0;0;0
FR;6;2021-12-14;0;0;0;0;0;0;0;0;0;0
FR;6;2021-12-15;0;0;0;0;0;0;0;0;0;0
FR;6;2021-12-16;0;0;0;0;0;0;0;0;0;0
FR;6;2021-12-17;0;0;0;0;0;0;0;0;0;0
FR;6;2021-12-18;0;0;0;0;0;0;0;0;0;0
FR;6;2021-12-19;0;0;0;0;0;0;0;0;0;0
FR;6;2021-12-20;0;0;0;0;0;0;0;0;0;0
FR;6;2021-12-21;0;0;0;0;0;0;0;0;0;0
FR;6;2021-12-22;0;0;0;0;0;0;0;0;0;0
FR;6;2021-12-23;0;0;0;0;0;0;0;0;0;0
FR;6;2021-12-24;0;0;0;0;0;0;0;0;0;0
FR;6;2021-12-25;0;0;0;0;0;0;0;0;0;0
FR;6;2021-12-26;0;0;0;0;0;0;0;0;0;0
FR;6;2021-12-27;0;0;0;0;0;0;0;0;0;0
FR;6;2021-12-28;0;0;0;0;0;0;0;0;0;0
FR;6;2021-12-29;0;0;0;0;0;0;0;0;0;0
FR;6;2021-12-30;0;0;0;0;0;0;0;0;0;0
FR;6;2021-12-31;0;0;0;0;0;0;0;0;0;0
FR;6;2022-01-01;0;0;0;0;0;0;0;0;0;0
FR;6;2022-01-02;0;0;0;0;0;0;0;0;0;0
FR;6;2022-01-03;0;0;0;0;0;0;0;0;0;0
FR;6;2022-01-04;0;0;0;0;0;0;0;0;0;0
FR;6;2022-01-05;0;0;0;0;0;0;0;0;0;0
FR;6;2022-01-06;0;0;0;0;0;0;0;0;0;0
FR;6;2022-01-07;0;0;0;0;0;0;0;0;0;0
FR;6;2022-01-08;0;0;0;0;0;0;0;0;0;0
FR;6;2022-01-09;0;0;0;0;0;0;0;0;0;0
FR;6;2022-01-10;0;0;0;0;0;0;0;0;0;0
FR;6;2022-01-11;0;0;0;0;0;0;0;0;0;0
FR;6;2022-01-12;0;0;0;0;0;0;0;0;0;0
FR;6;2022-01-13;0;0;0;0;0;0;0;0;0;0
FR;6;2022-01-14;0;0;0;0;0;0;0;0;0;0
FR;6;2022-01-15;0;0;0;0;0;0;0;0;0;0
FR;6;2022-01-16;0;0;0;0;0;0;0;0;0;0
FR;6;2022-01-17;0;0;0;0;0;0;0;0;0;0
FR;6;2022-01-18;0;0;0;0;0;0;0;0;0;0
FR;6;2022-01-19;0;0;0;0;0;0;0;0;0;0
FR;6;2022-01-20;0;0;0;0;0;0;0;0;0;0
FR;6;2022-01-21;0;0;0;0;0;0;0;0;0;0
FR;6;2022-01-22;0;0;0;0;0;0;0;0;0;0
FR;6;2022-01-23;0;0;0;0;0;0;0;0;0;0
FR;6;2022-01-24;0;0;0;0;0;0;0;0;0;0
FR;6;2022-01-25;0;0;0;0;0;0;0;0;0;0
FR;6;2022-01-26;0;0;0;0;0;0;0;0;0;0
FR;6;2022-01-27;0;0;0;0;0;0;0;0;0;0
FR;6;2022-01-28;0;0;0;0;0;0;0;0;0;0
FR;6;2022-01-29;0;0;0;0;0;0;0;0;0;0
FR;6;2022-01-30;0;0;0;0;0;0;0;0;0;0
FR;6;2022-01-31;0;0;0;0;0;0;0;0;0;0
FR;6;2022-02-01;0;0;0;0;0;0;0;0;0;0
FR;6;2022-02-02;0;0;0;0;0;0;0;0;0;0
FR;6;2022-02-03;0;0;0;0;0;0;0;0;0;0
FR;6;2022-02-04;0;0;0;0;0;0;0;0;0;0
FR;6;2022-02-05;0;0;0;0;0;0;0;0;0;0
FR;6;2022-02-06;0;0;0;0;0;0;0;0;0;0
FR;6;2022-02-07;0;0;0;0;0;0;0;0;0;0
FR;6;2022-02-08;0;0;0;0;0;0;0;0;0;0
FR;6;2022-02-09;0;0;0;0;0;0;0;0;0;0
FR;6;2022-02-10;0;0;0;0;0;0;0;0;0;0
FR;6;2022-02-11;0;0;0;0;0;0;0;0;0;0
FR;6;2022-02-12;0;0;0;0;0;0;0;0;0;0
FR;6;2022-02-13;0;0;0;0;0;0;0;0;0;0
FR;6;2022-02-14;0;0;0;0;0;0;0;0;0;0
FR;6;2022-02-15;0;0;0;0;0;0;0;0;0;0
FR;6;2022-02-16;0;0;0;0;0;0;0;0;0;0
FR;6;2022-02-17;0;0;0;0;0;0;0;0;0;0
FR;6;2022-02-18;0;0;0;0;0;0;0;0;0;0
FR;6;2022-02-19;0;0;0;0;0;0;0;0;0;0
FR;6;2022-02-20;0;0;0;0;0;0;0;0;0;0
FR;6;2022-02-21;0;0;0;0;0;0;0;0;0;0
FR;6;2022-02-22;0;0;0;0;0;0;0;0;0;0
FR;6;2022-02-23;0;0;0;0;0;0;0;0;0;0
FR;6;2022-02-24;0;0;0;0;0;0;0;0;0;0
FR;6;2022-02-25;0;0;0;0;0;0;0;0;0;0
FR;6;2022-02-26;1;0;0;0;0;1;0;0;0;0
FR;6;2022-02-27;0;0;0;0;0;1;0;0;0;0
FR;6;2022-02-28;0;0;0;0;0;1;0;0;0;0
FR;6;2022-03-01;3;0;0;0;0;4;0;0;0;0
FR;6;2022-03-02;97;9;2;0;7;101;9;2;0;7
FR;6;2022-03-03;0;0;0;0;0;101;9;2;0;7
FR;6;2022-03-04;91;4;0;0;4;192;13;2;0;11
FR;6;2022-03-05;391;23;2;0;14;583;36;4;0;25
FR;6;2022-03-06;7;1;0;0;0;590;37;4;0;25
FR;6;2022-03-07;337;19;0;0;13;927;56;4;0;38
FR;6;2022-03-08;230;14;0;0;5;1157;70;4;0;43
FR;6;2022-03-09;519;29;2;0;21;1676;99;6;0;64
FR;6;2022-03-10;207;18;0;1;12;1883;117;6;1;76
FR;6;2022-03-11;328;21;6;0;21;2211;138;12;1;97
FR;6;2022-03-12;518;25;1;0;20;2729;163;13;1;117
FR;6;2022-03-13;40;2;0;0;1;2769;165;13;1;118
FR;6;2022-03-14;201;4;2;0;3;2970;169;15;1;121
FR;6;2022-03-15;112;11;2;0;9;3082;180;17;1;130
FR;6;2022-03-16;310;17;1;1;14;3392;197;18;2;144
FR;6;2022-03-17;117;6;1;2;4;3509;203;19;4;148
FR;6;2022-03-18;214;11;0;0;6;3723;214;19;4;154
FR;6;2022-03-19;307;19;2;0;9;4030;233;21;4;163
FR;6;2022-03-20;15;5;0;0;1;4045;238;21;4;164
FR;6;2022-03-21;132;23;1;0;4;4177;261;22;4;168
FR;6;2022-03-22;97;15;0;0;4;4274;276;22;4;172
FR;6;2022-03-23;226;108;3;0;14;4500;384;25;4;186
FR;6;2022-03-24;100;15;1;3;4;4600;399;26;7;190
FR;6;2022-03-25;203;141;2;1;15;4803;540;28;8;205
FR;6;2022-03-26;332;295;7;1;19;5135;835;35;9;224
FR;6;2022-03-27;32;30;1;0;1;5167;865;36;9;225
FR;6;2022-03-28;200;208;8;1;17;5367;1073;44;10;242
FR;6;2022-03-29;126;189;12;2;12;5493;1262;56;12;254
FR;6;2022-03-30;305;476;10;2;22;5798;1738;66;14;276
FR;6;2022-03-31;124;140;9;0;13;5922;1878;75;14;289
FR;6;2022-04-01;195;150;11;2;23;6117;2028;86;16;312
FR;6;2022-04-02;205;241;9;1;13;6322;2269;95;17;325
FR;6;2022-04-03;17;21;0;0;1;6339;2290;95;17;326
FR;6;2022-04-04;132;114;6;1;9;6471;2404;101;18;335
FR;6;2022-04-05;145;88;15;1;11;6616;2492;116;19;346
FR;6;2022-04-06;203;245;22;26;27;6819;2737;138;45;373
FR;6;2022-04-07;127;96;15;5;17;6946;2833;153;50;390
FR;6;2022-04-08;199;170;16;3;17;7145;3003;169;53;407
FR;6;2022-04-09;145;139;6;12;13;7290;3142;175;65;420
FR;6;2022-04-10;10;20;3;0;1;7300;3162;178;65;421
FR;6;2022-04-11;101;106;4;0;5;7401;3268;182;65;426
FR;6;2022-04-12;135;75;5;8;10;7536;3343;187;73;436
FR;6;2022-04-13;160;175;7;5;13;7696;3518;194;78;449
FR;6;2022-04-14;100;103;5;10;8;7796;3621;199;88;457
FR;6;2022-04-15;160;148;11;7;19;7956;3769;210;95;476
FR;6;2022-04-16;127;132;5;0;14;8083;3901;215;95;490
FR;6;2022-04-17;8;9;4;0;4;8091;3910;219;95;494
FR;6;2022-04-18;8;15;3;0;4;8099;3925;222;95;498
FR;6;2022-04-19;97;112;4;3;3;8196;4037;226;98;501
FR;6;2022-04-20;173;227;8;7;15;8369;4264;234;105;516
FR;6;2022-04-21;111;93;8;4;11;8480;4357;242;109;527
FR;6;2022-04-22;136;160;13;12;13;8616;4517;255;121;540
FR;6;2022-04-23;104;129;1;1;7;8720;4646;256;122;547
FR;6;2022-04-24;5;21;1;0;0;8725;4667;257;122;547
FR;6;2022-04-25;90;128;3;8;11;8815;4795;260;130;558
FR;6;2022-04-26;101;128;18;2;16;8916;4923;278;132;574
FR;6;2022-04-27;197;159;21;1;27;9113;5082;299;133;601
FR;6;2022-04-28;109;87;7;1;8;9222;5169;306;134;609
FR;6;2022-04-29;189;168;16;2;20;9411;5337;322;136;629
FR;6;2022-04-30;131;125;7;1;24;9542;5462;329;137;653
FR;6;2022-05-01;7;6;0;0;0;9549;5468;329;137;653
FR;6;2022-05-02;94;65;3;4;3;9643;5533;332;141;656
FR;6;2022-05-03;136;92;11;2;7;9779;5625;343;143;663
FR;6;2022-05-04;165;118;25;12;29;9944;5743;368;155;692
FR;6;2022-05-05;101;70;8;3;12;10045;5813;376;158;704
FR;6;2022-05-06;150;110;10;9;16;10195;5923;386;167;720
FR;6;2022-05-07;138;93;13;3;23;10333;6016;399;170;743
FR;6;2022-05-08;20;8;6;5;7;10353;6024;405;175;750
FR;6;2022-05-09;83;73;9;7;13;10436;6097;414;182;763
FR;6;2022-05-10;111;80;15;7;12;10547;6177;429;189;775
FR;6;2022-05-11;130;120;11;14;20;10677;6297;440;203;795
FR;6;2022-05-12;105;75;6;5;13;10782;6372;446;208;808
FR;6;2022-05-13;154;95;17;21;20;10936;6467;463;229;828
FR;6;2022-05-14;81;59;6;7;15;11017;6526;469;236;843
FR;6;2022-05-15;12;7;0;0;0;11029;6533;469;236;843
FR;6;2022-05-16;64;53;6;2;11;11093;6586;475;238;854
FR;6;2022-05-17;123;76;5;7;11;11216;6662;480;245;865
FR;6;2022-05-18;130;116;5;1;13;11346;6778;485;246;878
FR;6;2022-05-19;123;57;6;8;9;11469;6835;491;254;887
FR;6;2022-05-20;125;113;13;3;18;11594;6948;504;257;905
FR;6;2022-05-21;90;67;14;3;12;11684;7015;518;260;917
FR;6;2022-05-22;19;12;5;0;4;11703;7027;523;260;921
FR;6;2022-05-23;72;70;2;1;5;11775;7097;525;261;926
FR;6;2022-05-24;115;98;7;2;16;11890;7195;532;263;942
FR;6;2022-05-25;138;126;5;3;12;12028;7321;537;266;954
FR;0;2020-12-27;602;0;0;0;0;602;0;0;0;0
FR;0;2020-12-28;666;1;0;0;0;1268;1;0;0;0
FR;0;2020-12-29;373;0;0;0;0;1641;1;0;0;0
FR;0;2020-12-30;439;0;0;0;0;2080;1;0;0;0
FR;0;2020-12-31;419;0;0;0;0;2499;1;0;0;0
FR;0;2021-01-01;1135;1;0;0;0;3634;2;0;0;0
FR;0;2021-01-02;356;3;0;0;0;3990;5;0;0;0
FR;0;2021-01-03;400;0;0;0;0;4390;5;0;0;0
FR;0;2021-01-04;2087;2;0;0;0;6477;7;0;0;0
FR;0;2021-01-05;7578;3;0;0;0;14055;10;0;0;0
FR;0;2021-01-06;12415;11;0;0;0;26470;21;0;0;0
FR;0;2021-01-07;29446;9;0;0;0;55916;30;0;0;0
FR;0;2021-01-08;37120;9;0;0;0;93036;39;0;0;0
FR;0;2021-01-09;11209;4;0;0;0;104245;43;0;0;0
FR;0;2021-01-10;5996;3;0;0;0;110241;46;0;0;0
FR;0;2021-01-11;39924;17;0;0;0;150165;63;0;0;0
FR;0;2021-01-12;62121;15;0;0;0;212286;78;0;0;0
FR;0;2021-01-13;65096;28;0;0;0;277382;106;0;0;0
FR;0;2021-01-14;83122;76;0;0;0;360504;182;0;0;0
FR;0;2021-01-15;68988;32;0;0;0;429492;214;0;0;0
FR;0;2021-01-16;20208;70;0;0;0;449700;284;0;0;0
FR;0;2021-01-17;10976;46;0;0;0;460676;330;0;0;0
FR;0;2021-01-18;85880;164;0;0;0;546556;494;0;0;0
FR;0;2021-01-19;130572;172;0;0;0;677128;666;0;0;0
FR;0;2021-01-20;137525;172;0;0;0;814653;838;0;0;0
FR;0;2021-01-21;158375;168;0;0;0;973028;1006;0;0;0
FR;0;2021-01-22;121039;202;0;0;0;1094067;1208;0;0;0
FR;0;2021-01-23;38465;63;0;0;0;1132532;1271;0;0;0
FR;0;2021-01-24;9740;69;0;0;0;1142272;1340;0;0;0
FR;0;2021-01-25;78221;1264;0;0;0;1220493;2604;0;0;0
FR;0;2021-01-26;100361;3286;1;0;0;1320854;5890;1;0;0
FR;0;2021-01-27;107223;5904;0;0;0;1428077;11794;1;0;0
FR;0;2021-01-28;124328;14981;0;0;0;1552405;26775;1;0;0
FR;0;2021-01-29;92170;17728;0;0;0;1644575;44503;1;0;0
FR;0;2021-01-30;29113;4256;0;0;0;1673688;48759;1;0;0
FR;0;2021-01-31;5225;1736;0;0;0;1678913;50495;1;0;0
FR;0;2021-02-01;53103;21520;0;0;0;1732016;72015;1;0;0
FR;0;2021-02-02;72275;35679;0;0;0;1804291;107694;1;0;0
FR;0;2021-02-03;72288;38012;0;0;0;1876579;145706;1;0;0
FR;0;2021-02-04;82049;51494;0;0;0;1958628;197200;1;0;0
FR;0;2021-02-05;68215;46145;0;0;0;2026843;243345;1;0;0
FR;0;2021-02-06;23109;10761;0;0;0;2049952;254106;1;0;0
FR;0;2021-02-07;5182;5275;0;0;0;2055134;259381;1;0;0
FR;0;2021-02-08;46815;46893;0;0;0;2101949;306274;1;0;0
FR;0;2021-02-09;65990;74405;0;0;0;2167939;380679;1;0;0
FR;0;2021-02-10;70985;79290;0;0;0;2238924;459969;1;0;0
FR;0;2021-02-11;87238;101103;0;0;0;2326162;561072;1;0;0
FR;0;2021-02-12;79289;74909;0;0;0;2405451;635981;1;0;0
FR;0;2021-02-13;22353;19469;0;0;0;2427804;655450;1;0;0
FR;0;2021-02-14;5071;7197;0;0;0;2432875;662647;1;0;0
FR;0;2021-02-15;38068;76603;0;0;0;2470943;739250;1;0;0
FR;0;2021-02-16;50362;100566;0;0;0;2521305;839816;1;0;0
FR;0;2021-02-17;50500;104602;1;0;0;2571805;944418;2;0;0
FR;0;2021-02-18;69756;120402;0;0;0;2641561;1064820;2;0;0
FR;0;2021-02-19;65048;91033;1;0;0;2706609;1155853;3;0;0
FR;0;2021-02-20;18573;28588;0;0;0;2725182;1184441;3;0;0
FR;0;2021-02-21;3314;6308;0;0;0;2728496;1190749;3;0;0
FR;0;2021-02-22;37476;73165;2;0;0;2765972;1263914;5;0;0
FR;0;2021-02-23;53760;84473;1;0;0;2819732;1348387;6;0;0
FR;0;2021-02-24;59981;81751;1;0;0;2879713;1430138;7;0;0
FR;0;2021-02-25;100542;91442;1;0;0;2980255;1521580;8;0;0
FR;0;2021-02-26;113432;70718;1;0;0;3093687;1592298;9;0;0
FR;0;2021-02-27;52091;22140;0;0;0;3145778;1614438;9;0;0
FR;0;2021-02-28;6190;4284;1;0;0;3151968;1618722;10;0;0
FR;0;2021-03-01;65831;53293;1;0;0;3217799;1672015;11;0;0
FR;0;2021-03-02;101344;66575;2;0;0;3319143;1738590;13;0;0
FR;0;2021-03-03;116465;65513;0;0;0;3435608;1804103;13;0;0
FR;0;2021-03-04;163582;70232;3;0;0;3599190;1874335;16;0;0
FR;0;2021-03-05;200883;63114;3;0;0;3800073;1937449;19;0;0
FR;0;2021-03-06;207925;17732;3;0;0;4007998;1955181;22;0;0
FR;0;2021-03-07;121250;4986;1;0;0;4129248;1960167;23;0;0
FR;0;2021-03-08;107111;50364;2;0;0;4236359;2010531;25;0;0
FR;0;2021-03-09;172410;56516;2;0;0;4408769;2067047;27;0;0
FR;0;2021-03-10;178937;57131;5;0;0;4587706;2124178;32;0;0
FR;0;2021-03-11;242825;63448;2;0;0;4830531;2187626;34;0;0
FR;0;2021-03-12;294775;53371;1;0;0;5125306;2240997;35;0;0
FR;0;2021-03-13;231370;15335;1;0;0;5356676;2256332;36;0;0
FR;0;2021-03-14;63336;3288;1;0;0;5420012;2259620;37;0;0
FR;0;2021-03-15;158601;32152;3;0;0;5578613;2291772;40;0;0
FR;0;2021-03-16;141539;39126;6;0;0;5720152;2330898;46;0;0
FR;0;2021-03-17;150447;38185;4;0;0;5870599;2369083;50;0;0
FR;0;2021-03-18;167780;44531;5;0;0;6038379;2413614;55;0;0
FR;0;2021-03-19;229961;37165;2;0;0;6268340;2450779;57;0;0
FR;0;2021-03-20;166641;11578;1;0;0;6434981;2462357;58;0;0
FR;0;2021-03-21;49919;2508;1;0;0;6484900;2464865;59;0;0
FR;0;2021-03-22;169994;33977;2;0;0;6654894;2498842;61;0;0
FR;0;2021-03-23;250329;42364;1;0;0;6905223;2541206;62;0;0
FR;0;2021-03-24;256848;43715;0;0;0;7162071;2584921;62;0;0
FR;0;2021-03-25;341747;44868;5;0;0;7503818;2629789;67;0;0
FR;0;2021-03-26;358747;41892;4;1;0;7862565;2671681;71;1;0
FR;0;2021-03-27;195240;16714;1;0;0;8057805;2688395;72;1;0
FR;0;2021-03-28;59321;4010;3;0;0;8117126;2692405;75;1;0
FR;0;2021-03-29;202929;54016;4;0;0;8320055;2746421;79;1;0
FR;0;2021-03-30;285405;69643;4;0;0;8605460;2816064;83;1;0
FR;0;2021-03-31;262961;73242;4;0;0;8868421;2889306;87;1;0
FR;0;2021-04-01;315382;89242;12;0;0;9183803;2978548;99;1;0
FR;0;2021-04-02;281279;92759;7;0;0;9465082;3071307;106;1;0
FR;0;2021-04-03;141049;61931;5;0;0;9606131;3133238;111;1;0
FR;0;2021-04-04;46452;18736;2;0;0;9652583;3151974;113;1;0
FR;0;2021-04-05;63306;10804;11;0;0;9715889;3162778;124;1;0
FR;0;2021-04-06;217143;109255;17;0;0;9933032;3272033;141;1;0
FR;0;2021-04-07;260188;115420;17;0;0;10193220;3387453;158;1;0
FR;0;2021-04-08;337734;121708;14;0;0;10530954;3509161;172;1;0
FR;0;2021-04-09;410082;116314;49;0;0;10941036;3625475;221;1;0
FR;0;2021-04-10;212582;82620;15;0;0;11153618;3708095;236;1;0
FR;0;2021-04-11;56123;34434;7;0;0;11209741;3742529;243;1;0
FR;0;2021-04-12;236999;115231;45;0;0;11446740;3857760;288;1;0
FR;0;2021-04-13;309416;144507;98;1;0;11756156;4002267;386;2;0
FR;0;2021-04-14;294432;139305;213;0;0;12050588;4141572;599;2;0
FR;0;2021-04-15;337008;148395;338;0;0;12387596;4289967;937;2;0
FR;0;2021-04-16;339225;145883;352;0;0;12726821;4435850;1289;2;0
FR;0;2021-04-17;188622;90030;109;0;0;12915443;4525880;1398;2;0
FR;0;2021-04-18;51603;35356;47;0;0;12967046;4561236;1445;2;0
FR;0;2021-04-19;205640;138221;454;0;0;13172686;4699457;1899;2;0
FR;0;2021-04-20;254345;170830;568;0;0;13427031;4870287;2467;2;0
FR;0;2021-04-21;253179;169068;834;0;0;13680210;5039355;3301;2;0
FR;0;2021-04-22;287490;188700;818;0;0;13967700;5228055;4119;2;0
FR;0;2021-04-23;297928;183404;747;0;0;14265628;5411459;4866;2;0
FR;0;2021-04-24;190409;111549;251;0;0;14456037;5523008;5117;2;0
FR;0;2021-04-25;69539;38773;51;0;0;14525576;5561781;5168;2;0
FR;0;2021-04-26;220890;156243;560;0;0;14746466;5718024;5728;2;0
FR;0;2021-04-27;284544;187328;940;0;0;15031010;5905352;6668;2;0
FR;0;2021-04-28;299440;183209;1422;1;1;15330450;6088561;8090;3;1
FR;0;2021-04-29;357055;196486;1276;0;0;15687505;6285047;9366;3;1
FR;0;2021-04-30;372133;184794;1119;1;0;16059638;6469841;10485;4;1
FR;0;2021-05-01;167598;52489;178;0;0;16227236;6522330;10663;4;1
FR;0;2021-05-02;91707;37748;83;0;0;16318943;6560078;10746;4;1
FR;0;2021-05-03;288853;168417;839;0;0;16607796;6728495;11585;4;1
FR;0;2021-05-04;315589;224320;1230;0;0;16923385;6952815;12815;4;1
FR;0;2021-05-05;327097;224739;1312;0;0;17250482;7177554;14127;4;1
FR;0;2021-05-06;379420;239371;1629;0;0;17629902;7416925;15756;4;1
FR;0;2021-05-07;372678;257306;1222;0;0;18002580;7674231;16978;4;1
FR;0;2021-05-08;222134;67382;298;0;0;18224714;7741613;17276;4;1
FR;0;2021-05-09;129684;46381;243;0;0;18354398;7787994;17519;4;1
FR;0;2021-05-10;313295;228712;1232;0;0;18667693;8016706;18751;4;1
FR;0;2021-05-11;403815;257814;1563;0;0;19071508;8274520;20314;4;1
FR;0;2021-05-12;434027;233057;1542;0;0;19505535;8507577;21856;4;1
FR;0;2021-05-13;338547;56927;430;0;0;19844082;8564504;22286;4;1
FR;0;2021-05-14;454052;167246;1122;0;0;20298134;8731750;23408;4;1
FR;0;2021-05-15;374922;94033;442;0;0;20673056;8825783;23850;4;1
FR;0;2021-05-16;202722;20778;168;0;0;20875778;8846561;24018;4;1
FR;0;2021-05-17;376064;148810;1550;0;0;21251842;8995371;25568;4;1
FR;0;2021-05-18;460057;153093;1986;0;0;21711899;9148464;27554;4;1
FR;0;2021-05-19;467319;144727;2455;0;0;22179218;9293191;30009;4;1
FR;0;2021-05-20;507457;160173;2331;0;0;22686675;9453364;32340;4;1
FR;0;2021-05-21;489594;174381;1988;0;0;23176269;9627745;34328;4;1
FR;0;2021-05-22;347138;79856;668;0;0;23523407;9707601;34996;4;1
FR;0;2021-05-23;161658;14393;246;0;0;23685065;9721994;35242;4;1
FR;0;2021-05-24;263144;33172;599;0;0;23948209;9755166;35841;4;1
FR;0;2021-05-25;400191;189091;2349;1;0;24348400;9944257;38190;5;1
FR;0;2021-05-26;413361;188427;2217;0;0;24761761;10132684;40407;5;1
FR;0;2021-05-27;449696;218550;2158;0;0;25211457;10351234;42565;5;1
FR;0;2021-05-28;429448;259413;1891;0;0;25640905;10610647;44456;5;1
FR;0;2021-05-29;298944;149348;583;0;0;25939849;10759995;45039;5;1
FR;0;2021-05-30;107097;32578;163;0;0;26046946;10792573;45202;5;1
FR;0;2021-05-31;357923;203363;1465;1;1;26404869;10995936;46667;6;2
FR;0;2021-06-01;430839;251225;1959;1;1;26835708;11247161;48626;7;3
FR;0;2021-06-02;419389;230794;1978;0;0;27255097;11477955;50604;7;3
FR;0;2021-06-03;464614;258395;1819;0;0;27719711;11736350;52423;7;3
FR;0;2021-06-04;455687;304683;1729;1;1;28175398;12041033;54152;8;4
FR;0;2021-06-05;304747;188944;651;0;0;28480145;12229977;54803;8;4
FR;0;2021-06-06;133238;49132;226;0;0;28613383;12279109;55029;8;4
FR;0;2021-06-07;339008;261924;1519;0;0;28952391;12541033;56548;8;4
FR;0;2021-06-08;393565;290940;1797;0;0;29345956;12831973;58345;8;4
FR;0;2021-06-09;384668;275437;1727;0;0;29730624;13107410;60072;8;4
FR;0;2021-06-10;403959;288910;1720;1;0;30134583;13396320;61792;9;4
FR;0;2021-06-11;386465;357212;1460;0;0;30521048;13753532;63252;9;4
FR;0;2021-06-12;283203;211278;490;0;0;30804251;13964810;63742;9;4
FR;0;2021-06-13;104828;73993;204;0;0;30909079;14038803;63946;9;4
FR;0;2021-06-14;240650;355539;1425;1;0;31149729;14394342;65371;10;4
FR;0;2021-06-15;307984;385581;1565;1;0;31457713;14779923;66936;11;4
FR;0;2021-06-16;313836;357746;1415;1;0;31771549;15137669;68351;12;4
FR;0;2021-06-17;317557;372438;1422;1;0;32089106;15510107;69773;13;4
FR;0;2021-06-18;321554;442432;1332;1;0;32410660;15952539;71105;14;4
FR;0;2021-06-19;224304;273786;448;0;0;32634964;16226325;71553;14;4
FR;0;2021-06-20;74366;102593;127;0;0;32709330;16328918;71680;14;4
FR;0;2021-06-21;195569;401909;1032;1;1;32904899;16730827;72712;15;5
FR;0;2021-06-22;223003;467356;1260;10;2;33127902;17198183;73972;25;7
FR;0;2021-06-23;233866;439876;1196;1;1;33361768;17638059;75168;26;8
FR;0;2021-06-24;241729;409577;1348;0;0;33603497;18047636;76516;26;8
FR;0;2021-06-25;227466;522247;1398;0;0;33830963;18569883;77914;26;8
FR;0;2021-06-26;153192;370697;585;1;0;33984155;18940580;78499;27;8
FR;0;2021-06-27;55862;156220;168;1;0;34040017;19096800;78667;28;8
FR;0;2021-06-28;154615;452891;1167;0;0;34194632;19549691;79834;28;8
FR;0;2021-06-29;182543;506793;2124;0;0;34377175;20056484;81958;28;8
FR;0;2021-06-30;203837;482503;2009;21;2;34581012;20538987;83967;49;10
FR;0;2021-07-01;231105;457792;2221;5;1;34812117;20996779;86188;54;11
FR;0;2021-07-02;228313;520220;2119;5;3;35040430;21516999;88307;59;14
FR;0;2021-07-03;141932;368738;909;3;1;35182362;21885737;89216;62;15
FR;0;2021-07-04;56693;141254;265;0;0;35239055;22026991;89481;62;15
FR;0;2021-07-05;168221;419305;1668;8;2;35407276;22446296;91149;70;17
FR;0;2021-07-06;196557;474799;1828;45;8;35603833;22921095;92977;115;25
FR;0;2021-07-07;212942;439305;1876;24;5;35816775;23360400;94853;139;30
FR;0;2021-07-08;231440;424177;2088;20;7;36048215;23784577;96941;159;37
FR;0;2021-07-09;228343;510720;2182;4;2;36276558;24295297;99123;163;39
FR;0;2021-07-10;148531;339883;982;1;1;36425089;24635180;100105;164;40
FR;0;2021-07-11;60142;110146;282;0;0;36485231;24745326;100387;164;40
FR;0;2021-07-12;168956;478206;1756;4;0;36654187;25223532;102143;168;40
FR;0;2021-07-13;287065;527470;2045;8;2;36941252;25751002;104188;176;42
FR;0;2021-07-14;180893;157736;434;0;0;37122145;25908738;104622;176;42
FR;0;2021-07-15;346870;502488;2097;1;0;37469015;26411226;106719;177;42
FR;0;2021-07-16;379903;495968;2021;3;1;37848918;26907194;108740;180;43
FR;0;2021-07-17;259652;319814;876;1;0;38108570;27227008;109616;181;43
FR;0;2021-07-18;109666;114796;310;0;0;38218236;27341804;109926;181;43
FR;0;2021-07-19;285314;425049;1627;3;0;38503550;27766853;111553;184;43
FR;0;2021-07-20;376724;452451;1722;0;0;38880274;28219304;113275;184;43
FR;0;2021-07-21;395628;407916;1549;4;2;39275902;28627220;114824;188;45
FR;0;2021-07-22;440878;388120;1714;4;2;39716780;29015340;116538;192;47
FR;0;2021-07-23;439875;423185;1880;4;2;40156655;29438525;118418;196;49
FR;0;2021-07-24;285180;269612;803;1;0;40441835;29708137;119221;197;49
FR;0;2021-07-25;121053;80058;226;0;0;40562888;29788195;119447;197;49
FR;0;2021-07-26;347271;323225;1615;3;2;40910159;30111420;121062;200;51
FR;0;2021-07-27;463886;320288;1696;4;2;41374045;30431708;122758;204;53
FR;0;2021-07-28;459300;290023;1634;4;2;41833345;30721731;124392;208;55
FR;0;2021-07-29;489678;276924;1794;2;1;42323023;30998655;126186;210;56
FR;0;2021-07-30;461634;302882;1935;5;2;42784657;31301537;128121;215;58
FR;0;2021-07-31;285339;185070;914;1;0;43069996;31486607;129035;216;58
FR;0;2021-08-01;111936;50001;253;0;0;43181932;31536608;129288;216;58
FR;0;2021-08-02;341212;234597;1598;2;0;43523144;31771205;130886;218;58
FR;0;2021-08-03;398411;245110;1716;2;1;43921555;32016315;132602;220;59
FR;0;2021-08-04;384631;210117;1590;6;3;44306186;32226432;134192;226;62
FR;0;2021-08-05;365974;228910;1709;0;0;44672160;32455342;135901;226;62
FR;0;2021-08-06;359560;271724;1833;4;1;45031720;32727066;137734;230;63
FR;0;2021-08-07;213035;178379;755;4;3;45244755;32905445;138489;234;66
FR;0;2021-08-08;74133;63242;270;0;0;45318888;32968687;138759;234;66
FR;0;2021-08-09;258576;259543;1540;4;3;45577464;33228230;140299;238;69
FR;0;2021-08-10;306603;278038;1655;2;1;45884067;33506268;141954;240;70
FR;0;2021-08-11;279527;260295;1440;5;1;46163594;33766563;143394;245;71
FR;0;2021-08-12;271374;278614;1659;3;1;46434968;34045177;145053;248;72
FR;0;2021-08-13;252035;277905;1590;3;2;46687003;34323082;146643;251;74
FR;0;2021-08-14;145278;197342;739;0;0;46832281;34520424;147382;251;74
FR;0;2021-08-15;39305;50112;215;1;0;46871586;34570536;147597;252;74
FR;0;2021-08-16;186041;318145;1539;0;0;47057627;34888681;149136;252;74
FR;0;2021-08-17;215559;336579;1634;7;1;47273186;35225260;150770;259;75
FR;0;2021-08-18;198925;324761;1594;7;4;47472111;35550021;152364;266;79
FR;0;2021-08-19;191890;325742;1634;1;0;47664001;35875763;153998;267;79
FR;0;2021-08-20;186349;366329;1810;3;2;47850350;36242092;155808;270;81
FR;0;2021-08-21;104753;238171;704;0;0;47955103;36480263;156512;270;81
FR;0;2021-08-22;31888;87203;253;1;1;47986991;36567466;156765;271;82
FR;0;2021-08-23;140886;357271;1559;3;2;48127877;36924737;158324;274;84
FR;0;2021-08-24;162401;376899;1846;5;1;48290278;37301636;160170;279;85
FR;0;2021-08-25;151059;350879;2028;8;3;48441337;37652515;162198;287;88
FR;0;2021-08-26;142738;342877;2554;10;1;48584075;37995392;164752;297;89
FR;0;2021-08-27;148362;388157;2789;11;3;48732437;38383549;167541;308;92
FR;0;2021-08-28;90605;249571;1405;0;0;48823042;38633120;168946;308;92
FR;0;2021-08-29;27306;83332;516;1;0;48850348;38716452;169462;309;92
FR;0;2021-08-30;117322;324894;4706;6;6026;48967670;39041346;174168;315;6118
FR;0;2021-08-31;128715;334679;10177;19;11882;49096385;39376025;184345;334;18000
FR;0;2021-09-01;135761;285694;22416;7;24306;49232146;39661719;206761;341;42306
FR;0;2021-09-02;112606;247284;26510;13;28869;49344752;39909003;233271;354;71175
FR;0;2021-09-03;118193;292710;29951;23;32957;49462945;40201713;263222;377;104132
FR;0;2021-09-04;89796;217733;12583;12;14071;49552741;40419446;275805;389;118203
FR;0;2021-09-05;21337;44870;4391;2;4731;49574078;40464316;280196;391;122934
FR;0;2021-09-06;75324;180819;31945;16;34243;49649402;40645135;312141;407;157177
FR;0;2021-09-07;80091;181257;33235;40;36101;49729493;40826392;345376;447;193278
FR;0;2021-09-08;89768;206213;29653;27;32455;49819261;41032605;375029;474;225733
FR;0;2021-09-09;76664;165415;33042;26;36526;49895925;41198020;408071;500;262259
FR;0;2021-09-10;95596;203695;35717;26;40520;49991521;41401715;443788;526;302779
FR;0;2021-09-11;66762;169222;12134;19;14310;50058283;41570937;455922;545;317089
FR;0;2021-09-12;12793;32078;2766;1;3160;50071076;41603015;458688;546;320249
FR;0;2021-09-13;64370;126389;41205;32;44048;50135446;41729404;499893;578;364297
FR;0;2021-09-14;73317;129125;56346;78;62031;50208763;41858529;556239;656;426328
FR;0;2021-09-15;76407;167865;55626;58;54773;50285170;42026394;611865;714;481101
FR;0;2021-09-16;63757;114543;60027;85;60015;50348927;42140937;671892;799;541116
FR;0;2021-09-17;74965;156848;53828;70;57234;50423892;42297785;725720;869;598350
FR;0;2021-09-18;48188;139593;15596;25;17283;50472080;42437378;741316;894;615633
FR;0;2021-09-19;7866;23718;2434;1;2619;50479946;42461096;743750;895;618252
FR;0;2021-09-20;44444;93927;50025;73;50252;50524390;42555023;793775;968;668504
FR;0;2021-09-21;45807;98438;62728;76;63368;50570197;42653461;856503;1044;731872
FR;0;2021-09-22;48586;142304;55331;83;55349;50618783;42795765;911834;1127;787221
FR;0;2021-09-23;43162;91995;62351;94;63472;50661945;42887760;974185;1221;850693
FR;0;2021-09-24;52204;133251;54528;109;59087;50714149;43021011;1028713;1330;909780
FR;0;2021-09-25;35192;115514;16263;37;18254;50749341;43136525;1044976;1367;928034
FR;0;2021-09-26;5524;17815;2265;5;2329;50754865;43154340;1047241;1372;930363
FR;0;2021-09-27;33919;76981;47173;97;48126;50788784;43231321;1094414;1469;978489
FR;0;2021-09-28;36444;75262;54930;88;56462;50825228;43306583;1149344;1557;1034951
FR;0;2021-09-29;44315;100846;53321;112;54809;50869543;43407429;1202665;1669;1089760
FR;0;2021-09-30;36270;72796;57001;95;59474;50905813;43480225;1259666;1764;1149234
FR;0;2021-10-01;61521;100859;57776;108;63683;50967334;43581084;1317442;1872;1212917
FR;0;2021-10-02;39414;78331;20950;38;23316;51006748;43659415;1338392;1910;1236233
FR;0;2021-10-03;5261;10534;2524;4;2540;51012009;43669949;1340916;1914;1238773
FR;0;2021-10-04;34958;58529;52609;84;54778;51046967;43728478;1393525;1998;1293551
FR;0;2021-10-05;33562;64338;60961;135;64915;51080529;43792816;1454486;2133;1358466
FR;0;2021-10-06;42428;79248;65688;113;68224;51122957;43872064;1520174;2246;1426690
FR;0;2021-10-07;30395;62150;65376;90;68662;51153352;43934214;1585550;2336;1495352
FR;0;2021-10-08;48746;91810;77716;110;84616;51202098;44026024;1663266;2446;1579968
FR;0;2021-10-09;33622;60872;31522;36;33854;51235720;44086896;1694788;2482;1613822
FR;0;2021-10-10;4603;7436;3186;9;3483;51240323;44094332;1697974;2491;1617305
FR;0;2021-10-11;30559;49898;61018;105;64020;51270882;44144230;1758992;2596;1681325
FR;0;2021-10-12;31355;54458;70563;139;75828;51302237;44198688;1829555;2735;1757153
FR;0;2021-10-13;39986;62785;74395;135;79246;51342223;44261473;1903950;2870;1836399
FR;0;2021-10-14;30230;52885;68721;116;73756;51372453;44314358;1972671;2986;1910155
FR;0;2021-10-15;44735;75255;93212;191;102892;51417188;44389613;2065883;3177;2013047
FR;0;2021-10-16;31269;44077;36681;44;39607;51448457;44433690;2102564;3221;2052654
FR;0;2021-10-17;3827;5277;3591;2;3691;51452284;44438967;2106155;3223;2056345
FR;0;2021-10-18;28313;42470;67468;133;71331;51480597;44481437;2173623;3356;2127676
FR;0;2021-10-19;27052;44521;76378;141;81603;51507649;44525958;2250001;3497;2209279
FR;0;2021-10-20;35202;52443;96905;180;101460;51542851;44578401;2346906;3677;2310739
FR;0;2021-10-21;25941;45211;83915;112;89106;51568792;44623612;2430821;3789;2399845
FR;0;2021-10-22;38206;62351;104864;199;112477;51606998;44685963;2535685;3988;2512322
FR;0;2021-10-23;26969;41221;45434;57;48595;51633967;44727184;2581119;4045;2560917
FR;0;2021-10-24;2912;4803;3679;6;3937;51636879;44731987;2584798;4051;2564854
FR;0;2021-10-25;25971;36346;82302;144;86597;51662850;44768333;2667100;4195;2651451
FR;0;2021-10-26;23683;35088;87205;166;92312;51686533;44803421;2754305;4361;2743763
FR;0;2021-10-27;30006;46414;108961;257;114611;51716539;44849835;2863266;4618;2858374
FR;0;2021-10-28;23384;34895;88657;153;94385;51739923;44884730;2951923;4771;2952759
FR;0;2021-10-29;31504;51370;117280;204;125247;51771427;44936100;3069203;4975;3078006
FR;0;2021-10-30;20524;33106;50323;77;53354;51791951;44969206;3119526;5052;3131360
FR;0;2021-10-31;2479;3762;3584;3;3868;51794430;44972968;3123110;5055;3135228
FR;0;2021-11-01;8196;4804;3202;3;3555;51802626;44977772;3126312;5058;3138783
FR;0;2021-11-02;25286;40091;93531;157;99467;51827912;45017863;3219843;5215;3238250
FR;0;2021-11-03;29758;47911;118841;218;125790;51857670;45065774;3338684;5433;3364040
FR;0;2021-11-04;23664;37489;107497;217;114319;51881334;45103263;3446181;5650;3478359
FR;0;2021-11-05;32269;52907;141588;233;151254;51913603;45156170;3587769;5883;3629613
FR;0;2021-11-06;21479;34561;64842;123;68226;51935082;45190731;3652611;6006;3697839
FR;0;2021-11-07;2378;4241;5171;6;5582;51937460;45194972;3657782;6012;3703421
FR;0;2021-11-08;20404;37816;127108;227;134148;51957864;45232788;3784890;6239;3837569
FR;0;2021-11-09;22132;44820;161611;341;172105;51979996;45277608;3946501;6580;4009674
FR;0;2021-11-10;31371;55067;186926;446;198671;52011367;45332675;4133427;7026;4208345
FR;0;2021-11-11;4310;6734;12923;28;13922;52015677;45339409;4146350;7054;4222267
FR;0;2021-11-12;28990;55160;183707;251;197254;52044667;45394569;4330057;7305;4419521
FR;0;2021-11-13;20298;32722;80675;118;86288;52064965;45427291;4410732;7423;4505809
FR;0;2021-11-14;2333;3944;7163;6;7875;52067298;45431235;4417895;7429;4513684
FR;0;2021-11-15;20299;38786;160780;312;171445;52087597;45470021;4578675;7741;4685129
FR;0;2021-11-16;23348;44042;200307;391;214869;52110945;45514063;4778982;8132;4899998
FR;0;2021-11-17;30350;50489;199773;407;212785;52141295;45564552;4978755;8539;5112783
FR;0;2021-11-18;23349;44998;191573;468;205397;52164644;45609550;5170328;9007;5318180
FR;0;2021-11-19;33554;61423;243119;548;262063;52198198;45670973;5413447;9555;5580243
FR;0;2021-11-20;25323;36777;102116;206;109663;52223521;45707750;5515563;9761;5689906
FR;0;2021-11-21;2623;4566;9641;18;10644;52226144;45712316;5525204;9779;5700550
FR;0;2021-11-22;22740;33357;180277;470;194750;52248884;45745673;5705481;10249;5895300
FR;0;2021-11-23;25562;45741;229293;547;247719;52274446;45791414;5934774;10796;6143019
FR;0;2021-11-24;31764;53806;224732;717;243121;52306210;45845220;6159506;11513;6386140
FR;0;2021-11-25;25385;49133;255815;740;277560;52331595;45894353;6415321;12253;6663700
FR;0;2021-11-26;33202;74738;379369;863;414500;52364797;45969091;6794690;13116;7078200
FR;0;2021-11-27;23308;49688;214837;389;236557;52388105;46018779;7009527;13505;7314757
FR;0;2021-11-28;3479;10591;56725;66;63329;52391584;46029370;7066252;13571;7378086
FR;0;2021-11-29;19385;54264;341368;863;371543;52410969;46083634;7407620;14434;7749629
FR;0;2021-11-30;24730;72180;457284;985;500635;52435699;46155814;7864904;15419;8250264
FR;0;2021-12-01;26897;75989;468972;1159;511180;52462596;46231803;8333876;16578;8761444
FR;0;2021-12-02;21977;71796;526975;1279;574690;52484573;46303599;8860851;17857;9336134
FR;0;2021-12-03;25476;92527;596235;1419;650968;52510049;46396126;9457086;19276;9987102
FR;0;2021-12-04;18288;60546;336156;690;369689;52528337;46456672;9793242;19966;10356791
FR;0;2021-12-05;4142;16271;95753;157;107051;52532479;46472943;9888995;20123;10463842
FR;0;2021-12-06;22926;73228;493016;1174;539815;52555405;46546171;10382011;21297;11003657
FR;0;2021-12-07;23314;91785;645233;1769;706139;52578719;46637956;11027244;23066;11709796
FR;0;2021-12-08;25339;92449;591422;1873;647333;52604058;46730405;11618666;24939;12357129
FR;0;2021-12-09;23994;94361;662922;2179;726172;52628052;46824766;12281588;27118;13083301
FR;0;2021-12-10;27707;111125;735913;2076;805967;52655759;46935891;13017501;29194;13889268
FR;0;2021-12-11;20222;76059;435113;986;480323;52675981;47011950;13452614;30180;14369591
FR;0;2021-12-12;5624;23286;142266;262;159229;52681605;47035236;13594880;30442;14528820
FR;0;2021-12-13;21063;91323;587506;1698;649181;52702668;47126559;14182386;32140;15178001
FR;0;2021-12-14;27577;118683;765360;2649;847356;52730245;47245242;14947746;34789;16025357
FR;0;2021-12-15;28208;114573;694166;2262;768912;52758453;47359815;15641912;37051;16794269
FR;0;2021-12-16;27936;116093;763856;2555;844261;52786389;47475908;16405768;39606;17638530
FR;0;2021-12-17;31544;128819;807714;2708;891978;52817933;47604727;17213482;42314;18530508
FR;0;2021-12-18;24913;81749;469900;1178;522145;52842846;47686476;17683382;43492;19052653
FR;0;2021-12-19;8741;28853;169350;377;191144;52851587;47715329;17852732;43869;19243797
FR;0;2021-12-20;31589;97570;591319;1787;658602;52883176;47812899;18444051;45656;19902399
FR;0;2021-12-21;39216;112421;682286;2391;759461;52922392;47925320;19126337;48047;20661860
FR;0;2021-12-22;39463;99672;575638;2167;642026;52961855;48024992;19701975;50214;21303886
FR;0;2021-12-23;33742;79773;440885;1654;494321;52995597;48104765;20142860;51868;21798207
FR;0;2021-12-24;10664;26064;110976;396;126642;53006261;48130829;20253836;52264;21924849
FR;0;2021-12-25;768;3497;7571;25;9027;53007029;48134326;20261407;52289;21933876
FR;0;2021-12-26;4696;11914;52074;141;60129;53011725;48146240;20313481;52430;21994005
FR;0;2021-12-27;30382;84116;453435;1366;509084;53042107;48230356;20766916;53796;22503089
FR;0;2021-12-28;38311;99080;564064;1767;632158;53080418;48329436;21330980;55563;23135247
FR;0;2021-12-29;39843;88475;501105;1686;560917;53120261;48417911;21832085;57249;23696164
FR;0;2021-12-30;35884;75127;420953;1520;471095;53156145;48493038;22253038;58769;24167259
FR;0;2021-12-31;12035;25201;116835;406;131616;53168180;48518239;22369873;59175;24298875
FR;0;2022-01-01;1350;3202;8498;36;9928;53169530;48521441;22378371;59211;24308803
FR;0;2022-01-02;6075;13007;58390;125;66931;53175605;48534448;22436761;59336;24375734
FR;0;2022-01-03;32664;89916;494676;1593;551480;53208269;48624364;22931437;60929;24927214
FR;0;2022-01-04;40897;110902;641264;2302;714216;53249166;48735266;23572701;63231;25641430
FR;0;2022-01-05;60341;103374;569037;1984;634055;53309507;48838640;24141738;65215;26275485
FR;0;2022-01-06;43946;110170;638875;2694;711314;53353453;48948810;24780613;67909;26986799
FR;0;2022-01-07;50558;123092;710904;2806;790327;53404011;49071902;25491517;70715;27777126
FR;0;2022-01-08;44949;80333;423772;1210;472844;53448960;49152235;25915289;71925;28249970
FR;0;2022-01-09;15596;26711;128546;300;145698;53464556;49178946;26043835;72225;28395668
FR;0;2022-01-10;35032;88532;469191;1810;522189;53499588;49267478;26513026;74035;28917857
FR;0;2022-01-11;41649;100182;548128;2307;608384;53541237;49367660;27061154;76342;29526241
FR;0;2022-01-12;60165;95544;452552;1965;504227;53601402;49463204;27513706;78307;30030468
FR;0;2022-01-13;37913;92358;487235;2084;540946;53639315;49555562;28000941;80391;30571414
FR;0;2022-01-14;42387;103282;568482;2286;628956;53681702;49658844;28569423;82677;31200370
FR;0;2022-01-15;39305;65843;340082;985;377540;53721007;49724687;28909505;83662;31577910
FR;0;2022-01-16;11382;19309;87381;215;99448;53732389;49743996;28996886;83877;31677358
FR;0;2022-01-17;24600;60093;320204;1380;354122;53756989;49804089;29317090;85257;32031480
FR;0;2022-01-18;28103;68540;360996;1799;397503;53785092;49872629;29678086;87056;32428983
FR;0;2022-01-19;43049;67070;281206;1448;311047;53828141;49939699;29959292;88504;32740030
FR;0;2022-01-20;23415;59461;298895;1740;328413;53851556;49999160;30258187;90244;33068443
FR;0;2022-01-21;27988;68768;366275;2085;401118;53879544;50067928;30624462;92329;33469561
FR;0;2022-01-22;27607;47891;218756;838;241740;53907151;50115819;30843218;93167;33711301
FR;0;2022-01-23;6702;13041;48646;171;55180;53913853;50128860;30891864;93338;33766481
FR;0;2022-01-24;16195;47185;217240;1136;239310;53930048;50176045;31109104;94474;34005791
FR;0;2022-01-25;18906;54200;242976;1548;267034;53948954;50230245;31352080;96022;34272825
FR;0;2022-01-26;28111;60171;209209;1296;229342;53977065;50290416;31561289;97318;34502167
FR;0;2022-01-27;16275;45948;207569;1270;225816;53993340;50336364;31768858;98588;34727983
FR;0;2022-01-28;21498;75725;289978;1573;321447;54014838;50412089;32058836;100161;35049430
FR;0;2022-01-29;18401;52841;184081;686;204569;54033239;50464930;32242917;100847;35253999
FR;0;2022-01-30;4466;14549;39123;124;45089;54037705;50479479;32282040;100971;35299088
FR;0;2022-01-31;11220;43825;148144;738;164777;54048925;50523304;32430184;101709;35463865
FR;0;2022-02-01;12811;48139;174057;1140;191361;54061736;50571443;32604241;102849;35655226
FR;0;2022-02-02;20036;65921;171455;1033;190119;54081772;50637364;32775696;103882;35845345
FR;0;2022-02-03;10961;44153;157481;984;173294;54092733;50681517;32933177;104866;36018639
FR;0;2022-02-04;14489;66441;239172;1262;264166;54107222;50747958;33172349;106128;36282805
FR;0;2022-02-05;12782;51439;153511;522;172335;54120004;50799397;33325860;106650;36455140
FR;0;2022-02-06;2705;12241;28869;99;33825;54122709;50811638;33354729;106749;36488965
FR;0;2022-02-07;9328;46664;156815;586;176311;54132037;50858302;33511544;107335;36665276
FR;0;2022-02-08;9594;42664;166557;867;184324;54141631;50900966;33678101;108202;36849600
FR;0;2022-02-09;14163;57846;172287;868;192958;54155794;50958812;33850388;109070;37042558
FR;0;2022-02-10;8265;38351;150150;878;166576;54164059;50997163;34000538;109948;37209134
FR;0;2022-02-11;10758;55435;218434;1097;243000;54174817;51052598;34218972;111045;37452134
FR;0;2022-02-12;8347;40872;134691;461;151704;54183164;51093470;34353663;111506;37603838
FR;0;2022-02-13;1895;8578;26547;82;30903;54185059;51102048;34380210;111588;37634741
FR;0;2022-02-14;6906;35095;148312;477;166304;54191965;51137143;34528522;112065;37801045
FR;0;2022-02-15;6851;35438;146900;750;162441;54198816;51172581;34675422;112815;37963486
FR;0;2022-02-16;9291;42596;132471;718;146650;54208107;51215177;34807893;113533;38110136
FR;0;2022-02-17;5373;23703;87245;584;94759;54213480;51238880;34895138;114117;38204895
FR;0;2022-02-18;6877;33228;119591;802;129242;54220357;51272108;35014729;114919;38334137
FR;0;2022-02-19;5341;24441;70002;370;77300;54225698;51296549;35084731;115289;38411437
FR;0;2022-02-20;1135;4617;12152;38;13925;54226833;51301166;35096883;115327;38425362
FR;0;2022-02-21;4021;17758;61913;351;67137;54230854;51318924;35158796;115678;38492499
FR;0;2022-02-22;4369;18472;60781;575;64407;54235223;51337396;35219577;116253;38556906
FR;0;2022-02-23;6509;27133;66459;591;71859;54241732;51364529;35286036;116844;38628765
FR;0;2022-02-24;3743;15157;50370;518;53180;54245475;51379686;35336406;117362;38681945
FR;0;2022-02-25;5199;23541;76276;803;79998;54250674;51403227;35412682;118165;38761943
FR;0;2022-02-26;3970;17643;47388;357;51453;54254644;51420870;35460070;118522;38813396
FR;0;2022-02-27;870;2986;8022;47;8933;54255514;51423856;35468092;118569;38822329
FR;0;2022-02-28;3068;12187;40445;354;42875;54258582;51436043;35508537;118923;38865204
FR;0;2022-03-01;3127;12224;44126;433;44762;54261709;51448267;35552663;119356;38909966
FR;0;2022-03-02;5078;17460;47081;438;48987;54266787;51465727;35599744;119794;38958953
FR;0;2022-03-03;2649;8900;29828;361;29920;54269436;51474627;35629572;120155;38988873
FR;0;2022-03-04;3177;12178;40253;649;39385;54272613;51486805;35669825;120804;39028258
FR;0;2022-03-05;2919;9207;24924;309;25074;54275532;51496012;35694749;121113;39053332
FR;0;2022-03-06;509;1380;3192;42;3429;54276041;51497392;35697941;121155;39056761
FR;0;2022-03-07;1942;5467;18392;313;17652;54277983;51502859;35716333;121468;39074413
FR;0;2022-03-08;1967;5883;19402;359;17860;54279950;51508742;35735735;121827;39092273
FR;0;2022-03-09;3447;10267;22143;404;21224;54283397;51519009;35757878;122231;39113497
FR;0;2022-03-10;1710;5204;16890;341;15682;54285107;51524213;35774768;122572;39129179
FR;0;2022-03-11;2342;7290;24463;538;22222;54287449;51531503;35799231;123110;39151401
FR;0;2022-03-12;2656;6712;17148;304;16498;54290105;51538215;35816379;123414;39167899
FR;0;2022-03-13;385;781;2304;144;2254;54290490;51538996;35818683;123558;39170153
FR;0;2022-03-14;1460;4140;14931;4403;13785;54291950;51543136;35833614;127961;39183938
FR;0;2022-03-15;1593;4355;16227;7549;14330;54293543;51547491;35849841;135510;39198268
FR;0;2022-03-16;2940;7043;19359;13128;18019;54296483;51554534;35869200;148638;39216287
FR;0;2022-03-17;1370;3705;13093;10836;11933;54297853;51558239;35882293;159474;39228220
FR;0;2022-03-18;2197;5515;19941;18275;18022;54300050;51563754;35902234;177749;39246242
FR;0;2022-03-19;2275;4666;13101;9395;12398;54302325;51568420;35915335;187144;39258640
FR;0;2022-03-20;292;707;1908;1065;1917;54302617;51569127;35917243;188209;39260557
FR;0;2022-03-21;1341;3125;12690;14929;11908;54303958;51572252;35929933;203138;39272465
FR;0;2022-03-22;1460;3579;13755;20517;12510;54305418;51575831;35943688;223655;39284975
FR;0;2022-03-23;2633;6067;17640;23129;17146;54308051;51581898;35961328;246784;39302121
FR;0;2022-03-24;1356;2914;11542;17569;10614;54309407;51584812;35972870;264353;39312735
FR;0;2022-03-25;2045;4801;18495;27738;16824;54311452;51589613;35991365;292091;39329559
FR;0;2022-03-26;2215;4236;12057;12656;11496;54313667;51593849;36003422;304747;39341055
FR;0;2022-03-27;354;681;1874;1474;1908;54314021;51594530;36005296;306221;39342963
FR;0;2022-03-28;1410;2923;11053;17451;10541;54315431;51597453;36016349;323672;39353504
FR;0;2022-03-29;1419;3221;12859;27529;12005;54316850;51600674;36029208;351201;39365509
FR;0;2022-03-30;2810;5362;15603;27342;14994;54319660;51606036;36044811;378543;39380503
FR;0;2022-03-31;1589;3140;12856;24877;12186;54321249;51609176;36057667;403420;39392689
FR;0;2022-04-01;2084;4274;19978;30800;18591;54323333;51613450;36077645;434220;39411280
FR;0;2022-04-02;1491;2605;9028;10096;8686;54324824;51616055;36086673;444316;39419966
FR;0;2022-04-03;273;495;1555;1168;1570;54325097;51616550;36088228;445484;39421536
FR;0;2022-04-04;1320;2530;12192;19051;11374;54326417;51619080;36100420;464535;39432910
FR;0;2022-04-05;1579;2913;14236;33969;13079;54327996;51621993;36114656;498504;39445989
FR;0;2022-04-06;2029;3611;13422;26278;12657;54330025;51625604;36128078;524782;39458646
FR;0;2022-04-07;1420;2846;13572;33564;12776;54331445;51628450;36141650;558346;39471422
FR;0;2022-04-08;2012;4062;19113;43613;17727;54333457;51632512;36160763;601959;39489149
FR;0;2022-04-09;1341;2647;9285;13537;8835;54334798;51635159;36170048;615496;39497984
FR;0;2022-04-10;272;552;1965;1992;1970;54335070;51635711;36172013;617488;39499954
FR;0;2022-04-11;1175;2447;11803;23624;11405;54336245;51638158;36183816;641112;39511359
FR;0;2022-04-12;1560;2764;13893;40532;13266;54337805;51640922;36197709;681644;39524625
FR;0;2022-04-13;1836;3394;13288;32706;12883;54339641;51644316;36210997;714350;39537508
FR;0;2022-04-14;1431;2645;13031;35893;12849;54341072;51646961;36224028;750243;39550357
FR;0;2022-04-15;1768;3271;15473;35199;14719;54342840;51650232;36239501;785442;39565076
FR;0;2022-04-16;1026;1811;6359;8513;6212;54343866;51652043;36245860;793955;39571288
FR;0;2022-04-17;183;316;989;1154;1027;54344049;51652359;36246849;795109;39572315
FR;0;2022-04-18;144;429;2725;1033;2742;54344193;51652788;36249574;796142;39575057
FR;0;2022-04-19;1459;2891;12827;29364;12337;54345652;51655679;36262401;825506;39587394
FR;0;2022-04-20;1888;3321;13146;28693;12810;54347540;51659000;36275547;854199;39600204
FR;0;2022-04-21;1466;2707;12395;34634;12416;54349006;51661707;36287942;888833;39612620
FR;0;2022-04-22;1812;3453;16379;37374;15737;54350818;51665160;36304321;926207;39628357
FR;0;2022-04-23;1115;2029;7348;10631;7196;54351933;51667189;36311669;936838;39635553
FR;0;2022-04-24;236;440;1469;1578;1403;54352169;51667629;36313138;938416;39636956
FR;0;2022-04-25;1244;2427;10614;20798;10403;54353413;51670056;36323752;959214;39647359
FR;0;2022-04-26;1548;2938;13556;38055;12991;54354961;51672994;36337308;997269;39660350
FR;0;2022-04-27;1899;2995;11421;30438;11454;54356860;51675989;36348729;1027707;39671804
FR;0;2022-04-28;1515;2622;12381;35630;12101;54358375;51678611;36361110;1063337;39683905
FR;0;2022-04-29;1937;3409;15349;36784;14699;54360312;51682020;36376459;1100121;39698604
FR;0;2022-04-30;1176;1792;6753;9628;6570;54361488;51683812;36383212;1109749;39705174
FR;0;2022-05-01;169;293;880;951;875;54361657;51684105;36384092;1110700;39706049
FR;0;2022-05-02;1130;2088;10719;17762;10497;54362787;51686193;36394811;1128462;39716546
FR;0;2022-05-03;1699;2856;13271;34050;13126;54364486;51689049;36408082;1162512;39729672
FR;0;2022-05-04;1784;2919;11513;25088;11606;54366270;51691968;36419595;1187600;39741278
FR;0;2022-05-05;1580;2596;12069;32830;11787;54367850;51694564;36431664;1220430;39753065
FR;0;2022-05-06;2015;3473;14993;36360;14465;54369865;51698037;36446657;1256790;39767530
FR;0;2022-05-07;1155;1734;6296;9550;6287;54371020;51699771;36452953;1266340;39773817
FR;0;2022-05-08;250;374;1106;1519;1167;54371270;51700145;36454059;1267859;39774984
FR;0;2022-05-09;1216;2064;9268;19829;9143;54372486;51702209;36463327;1287688;39784127
FR;0;2022-05-10;1602;2799;12580;38106;12185;54374088;51705008;36475907;1325794;39796312
FR;0;2022-05-11;1897;2643;10042;27346;9941;54375985;51707651;36485949;1353140;39806253
FR;0;2022-05-12;1488;2447;10809;34900;10439;54377473;51710098;36496758;1388040;39816692
FR;0;2022-05-13;1892;3043;13187;37153;12792;54379365;51713141;36509945;1425193;39829484
FR;0;2022-05-14;1107;1544;5474;10648;5338;54380472;51714685;36515419;1435841;39834822
FR;0;2022-05-15;258;386;1115;1408;1204;54380730;51715071;36516534;1437249;39836026
FR;0;2022-05-16;1106;1820;7514;20250;7524;54381836;51716891;36524048;1457499;39843550
FR;0;2022-05-17;1500;2390;10612;36843;10222;54383336;51719281;36534660;1494342;39853772
FR;0;2022-05-18;1705;2401;8500;26381;8436;54385041;51721682;36543160;1520723;39862208
FR;0;2022-05-19;1352;2384;9475;34183;9375;54386393;51724066;36552635;1554906;39871583
FR;0;2022-05-20;1793;2817;11815;38283;11376;54388186;51726883;36564450;1593189;39882959
FR;0;2022-05-21;1123;1598;4994;9635;4915;54389309;51728481;36569444;1602824;39887874
FR;0;2022-05-22;218;306;954;1303;940;54389527;51728787;36570398;1604127;39888814
FR;0;2022-05-23;1048;1783;6899;19212;6813;54390575;51730570;36577297;1623339;39895627
FR;0;2022-05-24;1419;2490;9930;36470;9701;54391994;51733060;36587227;1659809;39905328
FR;0;2022-05-25;1658;2513;8031;22863;8194;54393652;51735573;36595258;1682672;39913522
