fra;vaccin;jour;n_dose1;n_dose2;n_cum_dose1;n_cum_dose2
FR;1;2020-12-27;20;0;20;0
FR;1;2020-12-28;71;0;91;0
FR;1;2020-12-29;108;0;199;0
FR;1;2020-12-30;123;0;322;0
FR;1;2020-12-31;88;0;410;0
FR;1;2021-01-01;74;0;484;0
FR;1;2021-01-02;88;0;572;0
FR;1;2021-01-03;92;0;664;0
FR;1;2021-01-04;1479;0;2143;0
FR;1;2021-01-05;5415;0;7558;0
FR;1;2021-01-06;11323;0;18881;0
FR;1;2021-01-07;28583;0;47464;0
FR;1;2021-01-08;36299;0;83763;0
FR;1;2021-01-09;10943;0;94706;0
FR;1;2021-01-10;5639;0;100345;0
FR;1;2021-01-11;39122;0;139467;0
FR;1;2021-01-12;61012;0;200479;0
FR;1;2021-01-13;63942;0;264421;0
FR;1;2021-01-14;79875;0;344296;0
FR;1;2021-01-15;67378;0;411674;0
FR;1;2021-01-16;19564;87;431238;87
FR;1;2021-01-17;10475;42;441713;129
FR;1;2021-01-18;81585;164;523298;293
FR;1;2021-01-19;124049;128;647347;421
FR;1;2021-01-20;130464;160;777811;581
FR;1;2021-01-21;150463;141;928274;722
FR;1;2021-01-22;113948;163;1042222;885
FR;1;2021-01-23;36130;52;1078352;937
FR;1;2021-01-24;9270;28;1087622;965
FR;1;2021-01-25;73306;1219;1160928;2184
FR;1;2021-01-26;95183;3113;1256111;5297
FR;1;2021-01-27;102308;5599;1358419;10896
FR;1;2021-01-28;118972;14361;1477391;25257
FR;1;2021-01-29;87889;17293;1565280;42550
FR;1;2021-01-30;27619;4225;1592899;46775
FR;1;2021-01-31;4872;1679;1597771;48454
FR;1;2021-02-01;48380;21128;1646151;69582
FR;1;2021-02-02;66453;34568;1712604;104150
FR;1;2021-02-03;66032;36961;1778636;141111
FR;1;2021-02-04;75963;50059;1854599;191170
FR;1;2021-02-05;62597;45337;1917196;236507
FR;1;2021-02-06;19090;10396;1936286;246903
FR;1;2021-02-07;3435;5041;1939721;251944
FR;1;2021-02-08;35884;45986;1975605;297930
FR;1;2021-02-09;49971;72392;2025576;370322
FR;1;2021-02-10;50981;76646;2076557;446968
FR;1;2021-02-11;62311;99077;2138868;546045
FR;1;2021-02-12;54980;74038;2193848;620083
FR;1;2021-02-13;15187;19270;2209035;639353
FR;1;2021-02-14;3431;7190;2212466;646543
FR;1;2021-02-15;23602;73440;2236068;719983
FR;1;2021-02-16;32147;96865;2268215;816848
FR;1;2021-02-17;34418;98569;2302633;915417
FR;1;2021-02-18;48284;113473;2350917;1028890
FR;1;2021-02-19;44537;86414;2395454;1115304
FR;1;2021-02-20;13069;26920;2408523;1142224
FR;1;2021-02-21;2119;6287;2410642;1148511
FR;1;2021-02-22;24127;69415;2434769;1217926
FR;1;2021-02-23;36749;80366;2471518;1298292
FR;1;2021-02-24;39494;77662;2511012;1375954
FR;1;2021-02-25;49114;87994;2560126;1463948
FR;1;2021-02-26;46217;67888;2606343;1531836
FR;1;2021-02-27;15246;20931;2621589;1552767
FR;1;2021-02-28;3234;4386;2624823;1557153
FR;1;2021-03-01;38796;49031;2663619;1606184
FR;1;2021-03-02;54780;61506;2718399;1667690
FR;1;2021-03-03;59680;60653;2778079;1728343
FR;1;2021-03-04;71367;64894;2849446;1793237
FR;1;2021-03-05;73321;59275;2922767;1852512
FR;1;2021-03-06;81467;16094;3004234;1868606
FR;1;2021-03-07;63003;5424;3067237;1874030
FR;1;2021-03-08;58922;42480;3126159;1916510
FR;1;2021-03-09;84585;48318;3210744;1964828
FR;1;2021-03-10;89191;48067;3299935;2012895
FR;1;2021-03-11;103419;53867;3403354;2066762
FR;1;2021-03-12;102331;45270;3505685;2112032
FR;1;2021-03-13;87888;12722;3593573;2124754
FR;1;2021-03-14;43752;3031;3637325;2127785
FR;1;2021-03-15;94035;29153;3731360;2156938
FR;1;2021-03-16;122105;34908;3853465;2191846
FR;1;2021-03-17;127709;34869;3981174;2226715
FR;1;2021-03-18;141200;39756;4122374;2266471
FR;1;2021-03-19;134491;32914;4256865;2299385
FR;1;2021-03-20;75080;10212;4331945;2309597
FR;1;2021-03-21;25777;2477;4357722;2312074
FR;1;2021-03-22;113098;31191;4470820;2343265
FR;1;2021-03-23;141159;38176;4611979;2381441
FR;1;2021-03-24;140058;38791;4752037;2420232
FR;1;2021-03-25;162981;39620;4915018;2459852
FR;1;2021-03-26;164468;37500;5079486;2497352
FR;1;2021-03-27;109965;15260;5189451;2512612
FR;1;2021-03-28;41740;3624;5231191;2516236
FR;1;2021-03-29;128450;49969;5359641;2566205
FR;1;2021-03-30;165792;63600;5525433;2629805
FR;1;2021-03-31;169032;66916;5694465;2696721
FR;1;2021-04-01;191422;79256;5885887;2775977
FR;1;2021-04-02;162453;84319;6048340;2860296
FR;1;2021-04-03;87206;58188;6135546;2918484
FR;1;2021-04-04;32342;17733;6167888;2936217
FR;1;2021-04-05;42436;10178;6210324;2946395
FR;1;2021-04-06;157833;100891;6368157;3047286
FR;1;2021-04-07;194310;108272;6562467;3155558
FR;1;2021-04-08;218891;112406;6781358;3267964
FR;1;2021-04-09;211726;107520;6993084;3375484
FR;1;2021-04-10;115995;73465;7109079;3448949
FR;1;2021-04-11;40045;30288;7149124;3479237
FR;1;2021-04-12;166532;103797;7315656;3583034
FR;1;2021-04-13;201153;128263;7516809;3711297
FR;1;2021-04-14;205527;122820;7722336;3834117
FR;1;2021-04-15;218330;126766;7940666;3960883
FR;1;2021-04-16;203863;125155;8144529;4086038
FR;1;2021-04-17;120964;67490;8265493;4153528
FR;1;2021-04-18;35224;20997;8300717;4174525
FR;1;2021-04-19;161899;121935;8462616;4296460
FR;1;2021-04-20;187129;148804;8649745;4445264
FR;1;2021-04-21;191635;146761;8841380;4592025
FR;1;2021-04-22;206390;162652;9047770;4754677
FR;1;2021-04-23;196672;156940;9244442;4911617
FR;1;2021-04-24;125001;95520;9369443;5007137
FR;1;2021-04-25;52878;30144;9422321;5037281
FR;1;2021-04-26;179239;138282;9601560;5175563
FR;1;2021-04-27;219027;162011;9820587;5337574
FR;1;2021-04-28;236127;155142;10056714;5492716
FR;1;2021-04-29;267547;160093;10324261;5652809
FR;1;2021-04-30;269288;148183;10593549;5800992
FR;1;2021-05-01;138199;40719;10731748;5841711
FR;1;2021-05-02;80439;28165;10812187;5869876
FR;1;2021-05-03;247186;146549;11059373;6016425
FR;1;2021-05-04;262509;186879;11321882;6203304
FR;1;2021-05-05;279076;184602;11600958;6387906
FR;1;2021-05-06;305547;183074;11906505;6570980
FR;1;2021-05-07;280700;195761;12187205;6766741
FR;1;2021-05-08;188444;48338;12375649;6815079
FR;1;2021-05-09;112929;36234;12488578;6851313
FR;1;2021-05-10;252131;194295;12740709;7045608
FR;1;2021-05-11;313920;211458;13054629;7257066
FR;1;2021-05-12;348551;185960;13403180;7443026
FR;1;2021-05-13;277910;47685;13681090;7490711
FR;1;2021-05-14;364232;128946;14045322;7619657
FR;1;2021-05-15;292055;66179;14337377;7685836
FR;1;2021-05-16;155462;15588;14492839;7701424
FR;1;2021-05-17;313760;116749;14806599;7818173
FR;1;2021-05-18;373977;111416;15180576;7929589
FR;1;2021-05-19;388428;103020;15569004;8032609
FR;1;2021-05-20;413390;96422;15982394;8129031
FR;1;2021-05-21;392450;97537;16374844;8226568
FR;1;2021-05-22;271671;42191;16646515;8268759
FR;1;2021-05-23;121105;11256;16767620;8280015
FR;1;2021-05-24;239037;26394;17006657;8306409
FR;1;2021-05-25;358758;132082;17365415;8438491
FR;1;2021-05-26;370509;125870;17735924;8564361
FR;1;2021-05-27;399076;128458;18135000;8692819
FR;1;2021-05-28;359659;145744;18494659;8838563
FR;1;2021-05-29;250388;81092;18745047;8919655
FR;1;2021-05-30;99078;22619;18844125;8942274
FR;1;2021-05-31;309185;148973;19153310;9091247
FR;1;2021-06-01;346053;166979;19499363;9258226
FR;1;2021-06-02;347741;153500;19847104;9411726
FR;1;2021-06-03;378292;147941;20225396;9559667
FR;1;2021-06-04;351493;175825;20576889;9735492
FR;1;2021-06-05;253166;112887;20830055;9848379
FR;1;2021-06-06;123180;37572;20953235;9885951
FR;1;2021-06-07;290707;208378;21243942;10094329
FR;1;2021-06-08;324507;224289;21568449;10318618
FR;1;2021-06-09;322797;216733;21891246;10535351
FR;1;2021-06-10;327708;202541;22218954;10737892
FR;1;2021-06-11;301670;235696;22520624;10973588
FR;1;2021-06-12;237876;150986;22758500;11124574
FR;1;2021-06-13;97460;61134;22855960;11185708
FR;1;2021-06-14;198013;289339;23053973;11475047
FR;1;2021-06-15;244425;282767;23298398;11757814
FR;1;2021-06-16;263685;270779;23562083;12028593
FR;1;2021-06-17;258524;244698;23820607;12273291
FR;1;2021-06-18;248227;296343;24068834;12569634
FR;1;2021-06-19;187484;209832;24256318;12779466
FR;2;2020-12-27;0;0;0;0
FR;2;2020-12-28;0;0;0;0
FR;2;2020-12-29;0;0;0;0
FR;2;2020-12-30;0;0;0;0
FR;2;2020-12-31;0;0;0;0
FR;2;2021-01-01;0;0;0;0
FR;2;2021-01-02;0;0;0;0
FR;2;2021-01-03;0;0;0;0
FR;2;2021-01-04;0;0;0;0
FR;2;2021-01-05;0;0;0;0
FR;2;2021-01-06;0;0;0;0
FR;2;2021-01-07;0;0;0;0
FR;2;2021-01-08;0;0;0;0
FR;2;2021-01-09;0;0;0;0
FR;2;2021-01-10;0;0;0;0
FR;2;2021-01-11;0;0;0;0
FR;2;2021-01-12;0;0;0;0
FR;2;2021-01-13;0;0;0;0
FR;2;2021-01-14;152;0;152;0
FR;2;2021-01-15;218;0;370;0
FR;2;2021-01-16;186;0;556;0
FR;2;2021-01-17;3;0;559;0
FR;2;2021-01-18;2914;0;3473;0
FR;2;2021-01-19;4515;0;7988;0
FR;2;2021-01-20;4921;0;12909;0
FR;2;2021-01-21;5126;0;18035;0
FR;2;2021-01-22;4882;0;22917;0
FR;2;2021-01-23;1734;0;24651;0
FR;2;2021-01-24;102;0;24753;0
FR;2;2021-01-25;3635;0;28388;0
FR;2;2021-01-26;3750;0;32138;0
FR;2;2021-01-27;3443;0;35581;0
FR;2;2021-01-28;3514;0;39095;0
FR;2;2021-01-29;3083;0;42178;0
FR;2;2021-01-30;1064;0;43242;0
FR;2;2021-01-31;0;0;43242;0
FR;2;2021-02-01;3260;0;46502;0
FR;2;2021-02-02;4308;0;50810;0
FR;2;2021-02-03;5032;0;55842;0
FR;2;2021-02-04;4735;4;60577;4
FR;2;2021-02-05;4621;6;65198;10
FR;2;2021-02-06;1931;3;67129;13
FR;2;2021-02-07;42;0;67171;13
FR;2;2021-02-08;7428;8;74599;21
FR;2;2021-02-09;8258;16;82857;37
FR;2;2021-02-10;9142;49;91999;86
FR;2;2021-02-11;10056;67;102055;153
FR;2;2021-02-12;9815;238;111870;391
FR;2;2021-02-13;3017;222;114887;613
FR;2;2021-02-14;296;0;115183;613
FR;2;2021-02-15;3359;3067;118542;3680
FR;2;2021-02-16;4909;3881;123451;7561
FR;2;2021-02-17;4106;4403;127557;11964
FR;2;2021-02-18;5236;5089;132793;17053
FR;2;2021-02-19;5213;4323;138006;21376
FR;2;2021-02-20;1764;1509;139770;22885
FR;2;2021-02-21;197;86;139967;22971
FR;2;2021-02-22;3530;3723;143497;26694
FR;2;2021-02-23;4837;3693;148334;30387
FR;2;2021-02-24;4765;3468;153099;33855
FR;2;2021-02-25;5293;3426;158392;37281
FR;2;2021-02-26;4197;3125;162589;40406
FR;2;2021-02-27;1502;1042;164091;41448
FR;2;2021-02-28;99;28;164190;41476
FR;2;2021-03-01;4963;3764;169153;45240
FR;2;2021-03-02;6308;4727;175461;49967
FR;2;2021-03-03;6245;4883;181706;54850
FR;2;2021-03-04;8073;3967;189779;58817
FR;2;2021-03-05;7769;4060;197548;62877
FR;2;2021-03-06;4621;1682;202169;64559
FR;2;2021-03-07;2284;29;204453;64588
FR;2;2021-03-08;3975;8311;208428;72899
FR;2;2021-03-09;7268;8429;215696;81328
FR;2;2021-03-10;6862;9109;222558;90437
FR;2;2021-03-11;9086;9209;231644;99646
FR;2;2021-03-12;7722;8170;239366;107816
FR;2;2021-03-13;9873;2511;249239;110327
FR;2;2021-03-14;4753;402;253992;110729
FR;2;2021-03-15;10652;3484;264644;114213
FR;2;2021-03-16;16457;4621;281101;118834
FR;2;2021-03-17;19900;3952;301001;122786
FR;2;2021-03-18;22960;4910;323961;127696
FR;2;2021-03-19;22886;4538;346847;132234
FR;2;2021-03-20;25147;1540;371994;133774
FR;2;2021-03-21;17474;147;389468;133921
FR;2;2021-03-22;17400;3078;406868;136999
FR;2;2021-03-23;22270;4183;429138;141182
FR;2;2021-03-24;23553;4988;452691;146170
FR;2;2021-03-25;26280;5022;478971;151192
FR;2;2021-03-26;26592;4262;505563;155454
FR;2;2021-03-27;15639;1309;521202;156763
FR;2;2021-03-28;10395;94;531597;156857
FR;2;2021-03-29;18650;4281;550247;161138
FR;2;2021-03-30;24176;6002;574423;167140
FR;2;2021-03-31;28126;5958;602549;173098
FR;2;2021-04-01;33988;8496;636537;181594
FR;2;2021-04-02;29560;7662;666097;189256
FR;2;2021-04-03;16728;3582;682825;192838
FR;2;2021-04-04;9161;918;691986;193756
FR;2;2021-04-05;12122;811;704108;194567
FR;2;2021-04-06;26769;6933;730877;201500
FR;2;2021-04-07;30583;7174;761460;208674
FR;2;2021-04-08;36499;8818;797959;217492
FR;2;2021-04-09;33398;8602;831357;226094
FR;2;2021-04-10;19450;8969;850807;235063
FR;2;2021-04-11;7816;4272;858623;239335
FR;2;2021-04-12;16807;11255;875430;250590
FR;2;2021-04-13;19112;16426;894542;267016
FR;2;2021-04-14;17672;16285;912214;283301
FR;2;2021-04-15;21857;20757;934071;304058
FR;2;2021-04-16;20398;20073;954469;324131
FR;2;2021-04-17;13058;22462;967527;346593
FR;2;2021-04-18;5785;14405;973312;360998
FR;2;2021-04-19;16483;16263;989795;377261
FR;2;2021-04-20;18996;21595;1008791;398856
FR;2;2021-04-21;19791;21665;1028582;420521
FR;2;2021-04-22;23416;24863;1051998;445384
FR;2;2021-04-23;24217;25352;1076215;470736
FR;2;2021-04-24;25108;15111;1101323;485847
FR;2;2021-04-25;9495;8589;1110818;494436
FR;2;2021-04-26;16907;17196;1127725;511632
FR;2;2021-04-27;19023;24307;1146748;535939
FR;2;2021-04-28;22032;26188;1168780;562127
FR;2;2021-04-29;25206;30137;1193986;592264
FR;2;2021-04-30;25336;27782;1219322;620046
FR;2;2021-05-01;14797;9863;1234119;629909
FR;2;2021-05-02;6519;9184;1240638;639093
FR;2;2021-05-03;19638;19328;1260276;658421
FR;2;2021-05-04;18044;29056;1278320;687477
FR;2;2021-05-05;17996;29415;1296316;716892
FR;2;2021-05-06;23228;35292;1319544;752184
FR;2;2021-05-07;24873;33245;1344417;785429
FR;2;2021-05-08;20937;9705;1365354;795134
FR;2;2021-05-09;12994;7894;1378348;803028
FR;2;2021-05-10;32334;22221;1410682;825249
FR;2;2021-05-11;43034;21078;1453716;846327
FR;2;2021-05-12;48996;19907;1502712;866234
FR;2;2021-05-13;50533;5770;1553245;872004
FR;2;2021-05-14;60491;12957;1613736;884961
FR;2;2021-05-15;65224;7154;1678960;892115
FR;2;2021-05-16;42984;2576;1721944;894691
FR;2;2021-05-17;44108;12591;1766052;907282
FR;2;2021-05-18;53468;12256;1819520;919538
FR;2;2021-05-19;56267;10636;1875787;930174
FR;2;2021-05-20;62476;10900;1938263;941074
FR;2;2021-05-21;63226;11686;2001489;952760
FR;2;2021-05-22;60754;4528;2062243;957288
FR;2;2021-05-23;36932;577;2099175;957865
FR;2;2021-05-24;16828;2033;2116003;959898
FR;2;2021-05-25;20523;12245;2136526;972143
FR;2;2021-05-26;19057;11469;2155583;983612
FR;2;2021-05-27;22437;12670;2178020;996282
FR;2;2021-05-28;28749;14992;2206769;1011274
FR;2;2021-05-29;29960;8191;2236729;1019465
FR;2;2021-05-30;4473;1811;2241202;1021276
FR;2;2021-05-31;28031;18761;2269233;1040037
FR;2;2021-06-01;44321;20077;2313554;1060114
FR;2;2021-06-02;36457;19319;2350011;1079433
FR;2;2021-06-03;50265;23409;2400276;1102842
FR;2;2021-06-04;64390;24107;2464666;1126949
FR;2;2021-06-05;33812;24053;2498478;1151002
FR;2;2021-06-06;4727;6206;2503205;1157208
FR;2;2021-06-07;27483;23113;2530688;1180321
FR;2;2021-06-08;45806;23262;2576494;1203583
FR;2;2021-06-09;33010;21510;2609504;1225093
FR;2;2021-06-10;41038;19162;2650542;1244255
FR;2;2021-06-11;54182;25258;2704724;1269513
FR;2;2021-06-12;29736;19823;2734460;1289336
FR;2;2021-06-13;3100;9190;2737560;1298526
FR;2;2021-06-14;24571;24198;2762131;1322724
FR;2;2021-06-15;38007;22898;2800138;1345622
FR;2;2021-06-16;29324;21552;2829462;1367174
FR;2;2021-06-17;35850;25907;2865312;1393081
FR;2;2021-06-18;45260;28803;2910572;1421884
FR;2;2021-06-19;23429;24922;2934001;1446806
FR;3;2020-12-27;0;0;0;0
FR;3;2020-12-28;0;0;0;0
FR;3;2020-12-29;0;0;0;0
FR;3;2020-12-30;0;0;0;0
FR;3;2020-12-31;0;0;0;0
FR;3;2021-01-01;0;0;0;0
FR;3;2021-01-02;0;0;0;0
FR;3;2021-01-03;0;0;0;0
FR;3;2021-01-04;0;0;0;0
FR;3;2021-01-05;0;0;0;0
FR;3;2021-01-06;0;0;0;0
FR;3;2021-01-07;0;0;0;0
FR;3;2021-01-08;0;0;0;0
FR;3;2021-01-09;0;0;0;0
FR;3;2021-01-10;0;0;0;0
FR;3;2021-01-11;0;0;0;0
FR;3;2021-01-12;0;0;0;0
FR;3;2021-01-13;0;0;0;0
FR;3;2021-01-14;0;0;0;0
FR;3;2021-01-15;0;0;0;0
FR;3;2021-01-16;0;0;0;0
FR;3;2021-01-17;0;0;0;0
FR;3;2021-01-18;0;0;0;0
FR;3;2021-01-19;0;0;0;0
FR;3;2021-01-20;0;0;0;0
FR;3;2021-01-21;0;0;0;0
FR;3;2021-01-22;0;0;0;0
FR;3;2021-01-23;0;0;0;0
FR;3;2021-01-24;0;0;0;0
FR;3;2021-01-25;0;0;0;0
FR;3;2021-01-26;0;0;0;0
FR;3;2021-01-27;0;0;0;0
FR;3;2021-01-28;0;0;0;0
FR;3;2021-01-29;0;0;0;0
FR;3;2021-01-30;0;0;0;0
FR;3;2021-01-31;0;0;0;0
FR;3;2021-02-01;0;0;0;0
FR;3;2021-02-02;0;0;0;0
FR;3;2021-02-03;0;0;0;0
FR;3;2021-02-04;0;0;0;0
FR;3;2021-02-05;0;0;0;0
FR;3;2021-02-06;332;0;332;0
FR;3;2021-02-07;1348;0;1680;0
FR;3;2021-02-08;2635;0;4315;0
FR;3;2021-02-09;6644;0;10959;0
FR;3;2021-02-10;9240;0;20199;0
FR;3;2021-02-11;13364;0;33563;0
FR;3;2021-02-12;13052;0;46615;0
FR;3;2021-02-13;3516;0;50131;0
FR;3;2021-02-14;869;0;51000;0
FR;3;2021-02-15;10134;0;61134;0
FR;3;2021-02-16;12184;0;73318;0
FR;3;2021-02-17;10823;0;84141;0
FR;3;2021-02-18;14587;0;98728;0
FR;3;2021-02-19;14126;0;112854;0
FR;3;2021-02-20;3183;0;116037;0
FR;3;2021-02-21;544;0;116581;0
FR;3;2021-02-22;8922;0;125503;0
FR;3;2021-02-23;11119;0;136622;0
FR;3;2021-02-24;13914;0;150536;0
FR;3;2021-02-25;44429;0;194965;0
FR;3;2021-02-26;61449;0;256414;0
FR;3;2021-02-27;34494;8;290908;8
FR;3;2021-02-28;2347;0;293255;8
FR;3;2021-03-01;19954;9;313209;17
FR;3;2021-03-02;38371;14;351580;31
FR;3;2021-03-03;47951;18;399531;49
FR;3;2021-03-04;81290;23;480821;72
FR;3;2021-03-05;117166;60;597987;132
FR;3;2021-03-06;119398;51;717385;183
FR;3;2021-03-07;54661;28;772046;211
FR;3;2021-03-08;42157;20;814203;231
FR;3;2021-03-09;78148;31;892351;262
FR;3;2021-03-10;79980;39;972331;301
FR;3;2021-03-11;127370;47;1099701;348
FR;3;2021-03-12;181465;70;1281166;418
FR;3;2021-03-13;131204;56;1412370;474
FR;3;2021-03-14;13802;4;1426172;478
FR;3;2021-03-15;51520;37;1477692;515
FR;3;2021-03-16;941;13;1478633;528
FR;3;2021-03-17;673;6;1479306;534
FR;3;2021-03-18;1231;4;1480537;538
FR;3;2021-03-19;69810;36;1550347;574
FR;3;2021-03-20;64687;38;1615034;612
FR;3;2021-03-21;5520;4;1620554;616
FR;3;2021-03-22;36929;32;1657483;648
FR;3;2021-03-23;83831;50;1741314;698
FR;3;2021-03-24;90194;93;1831508;791
FR;3;2021-03-25;149128;115;1980636;906
FR;3;2021-03-26;164535;155;2145171;1061
FR;3;2021-03-27;67804;90;2212975;1151
FR;3;2021-03-28;6249;19;2219224;1170
FR;3;2021-03-29;53556;61;2272780;1231
FR;3;2021-03-30;92354;88;2365134;1319
FR;3;2021-03-31;62738;82;2427872;1401
FR;3;2021-04-01;85155;103;2513027;1504
FR;3;2021-04-02;86117;147;2599144;1651
FR;3;2021-04-03;35360;109;2634504;1760
FR;3;2021-04-04;3396;15;2637900;1775
FR;3;2021-04-05;4249;21;2642149;1796
FR;3;2021-04-06;29078;76;2671227;1872
FR;3;2021-04-07;31648;60;2702875;1932
FR;3;2021-04-08;77787;234;2780662;2166
FR;3;2021-04-09;160382;409;2941044;2575
FR;3;2021-04-10;74796;331;3015840;2906
FR;3;2021-04-11;7051;44;3022891;2950
FR;3;2021-04-12;50677;197;3073568;3147
FR;3;2021-04-13;85255;315;3158823;3462
FR;3;2021-04-14;66712;341;3225535;3803
FR;3;2021-04-15;91902;369;3317437;4172
FR;3;2021-04-16;111270;571;3428707;4743
FR;3;2021-04-17;52410;327;3481117;5070
FR;3;2021-04-18;9440;32;3490557;5102
FR;3;2021-04-19;24494;234;3515051;5336
FR;3;2021-04-20;44857;394;3559908;5730
FR;3;2021-04-21;38064;450;3597972;6180
FR;3;2021-04-22;53760;791;3651732;6971
FR;3;2021-04-23;69516;1019;3721248;7990
FR;3;2021-04-24;36539;976;3757787;8966
FR;3;2021-04-25;5912;154;3763699;9120
FR;3;2021-04-26;19113;662;3782812;9782
FR;3;2021-04-27;33724;1246;3816536;11028
FR;3;2021-04-28;28285;1925;3844821;12953
FR;3;2021-04-29;44580;5956;3889401;18909
FR;3;2021-04-30;54611;8932;3944012;27841
FR;3;2021-05-01;9183;1968;3953195;29809
FR;3;2021-05-02;2798;500;3955993;30309
FR;3;2021-05-03;12532;3881;3968525;34190
FR;3;2021-05-04;22461;8454;3990986;42644
FR;3;2021-05-05;18057;10574;4009043;53218
FR;3;2021-05-06;33880;20906;4042923;74124
FR;3;2021-05-07;43388;28410;4086311;102534
FR;3;2021-05-08;6358;8901;4092669;111435
FR;3;2021-05-09;1565;2655;4094234;114090
FR;3;2021-05-10;14428;12567;4108662;126657
FR;3;2021-05-11;26403;25738;4135065;152395
FR;3;2021-05-12;16713;27452;4151778;179847
FR;3;2021-05-13;2001;3480;4153779;183327
FR;3;2021-05-14;14065;25742;4167844;209069
FR;3;2021-05-15;6915;20734;4174759;229803
FR;3;2021-05-16;812;2679;4175571;232482
FR;3;2021-05-17;7509;19915;4183080;252397
FR;3;2021-05-18;12913;29634;4195993;282031
FR;3;2021-05-19;8803;31866;4204796;313897
FR;3;2021-05-20;12291;53220;4217087;367117
FR;3;2021-05-21;12243;65540;4229330;432657
FR;3;2021-05-22;4673;33300;4234003;465957
FR;3;2021-05-23;537;2665;4234540;468622
FR;3;2021-05-24;584;4920;4235124;473542
FR;3;2021-05-25;4985;45189;4240109;518731
FR;3;2021-05-26;4562;51055;4244671;569786
FR;3;2021-05-27;5941;77848;4250612;647634
FR;3;2021-05-28;7138;99104;4257750;746738
FR;3;2021-05-29;3070;60285;4260820;807023
FR;3;2021-05-30;380;8243;4261200;815266
FR;3;2021-05-31;2061;36000;4263261;851266
FR;3;2021-06-01;2973;64819;4266234;916085
FR;3;2021-06-02;2356;58361;4268590;974446
FR;3;2021-06-03;3182;87589;4271772;1062035
FR;3;2021-06-04;3848;105129;4275620;1167164
FR;3;2021-06-05;1768;52247;4277388;1219411
FR;3;2021-06-06;263;5400;4277651;1224811
FR;3;2021-06-07;1099;31186;4278750;1255997
FR;3;2021-06-08;2224;47885;4280974;1303882
FR;3;2021-06-09;1394;42455;4282368;1346337
FR;3;2021-06-10;1871;68014;4284239;1414351
FR;3;2021-06-11;2207;96813;4286446;1511164
FR;3;2021-06-12;1003;40841;4287449;1552005
FR;3;2021-06-13;138;3823;4287587;1555828
FR;3;2021-06-14;745;42671;4288332;1598499
FR;3;2021-06-15;1174;80696;4289506;1679195
FR;3;2021-06-16;1021;65787;4290527;1744982
FR;3;2021-06-17;1431;101862;4291958;1846844
FR;3;2021-06-18;1675;117932;4293633;1964776
FR;3;2021-06-19;683;39409;4294316;2004185
FR;4;2020-12-27;0;0;0;0
FR;4;2020-12-28;0;0;0;0
FR;4;2020-12-29;0;0;0;0
FR;4;2020-12-30;0;0;0;0
FR;4;2020-12-31;0;0;0;0
FR;4;2021-01-01;0;0;0;0
FR;4;2021-01-02;0;0;0;0
FR;4;2021-01-03;0;0;0;0
FR;4;2021-01-04;0;0;0;0
FR;4;2021-01-05;0;0;0;0
FR;4;2021-01-06;0;0;0;0
FR;4;2021-01-07;0;0;0;0
FR;4;2021-01-08;0;0;0;0
FR;4;2021-01-09;0;0;0;0
FR;4;2021-01-10;0;0;0;0
FR;4;2021-01-11;0;0;0;0
FR;4;2021-01-12;0;0;0;0
FR;4;2021-01-13;0;0;0;0
FR;4;2021-01-14;0;0;0;0
FR;4;2021-01-15;0;0;0;0
FR;4;2021-01-16;0;0;0;0
FR;4;2021-01-17;0;0;0;0
FR;4;2021-01-18;0;0;0;0
FR;4;2021-01-19;0;0;0;0
FR;4;2021-01-20;0;0;0;0
FR;4;2021-01-21;0;0;0;0
FR;4;2021-01-22;0;0;0;0
FR;4;2021-01-23;0;0;0;0
FR;4;2021-01-24;0;0;0;0
FR;4;2021-01-25;0;0;0;0
FR;4;2021-01-26;0;0;0;0
FR;4;2021-01-27;0;0;0;0
FR;4;2021-01-28;0;0;0;0
FR;4;2021-01-29;0;0;0;0
FR;4;2021-01-30;0;0;0;0
FR;4;2021-01-31;0;0;0;0
FR;4;2021-02-01;0;0;0;0
FR;4;2021-02-02;0;0;0;0
FR;4;2021-02-03;0;0;0;0
FR;4;2021-02-04;0;0;0;0
FR;4;2021-02-05;0;0;0;0
FR;4;2021-02-06;0;0;0;0
FR;4;2021-02-07;0;0;0;0
FR;4;2021-02-08;0;0;0;0
FR;4;2021-02-09;0;0;0;0
FR;4;2021-02-10;0;0;0;0
FR;4;2021-02-11;0;0;0;0
FR;4;2021-02-12;0;0;0;0
FR;4;2021-02-13;0;0;0;0
FR;4;2021-02-14;0;0;0;0
FR;4;2021-02-15;0;0;0;0
FR;4;2021-02-16;0;0;0;0
FR;4;2021-02-17;0;0;0;0
FR;4;2021-02-18;0;0;0;0
FR;4;2021-02-19;0;0;0;0
FR;4;2021-02-20;0;0;0;0
FR;4;2021-02-21;0;0;0;0
FR;4;2021-02-22;0;0;0;0
FR;4;2021-02-23;0;0;0;0
FR;4;2021-02-24;0;0;0;0
FR;4;2021-02-25;0;0;0;0
FR;4;2021-02-26;0;0;0;0
FR;4;2021-02-27;0;0;0;0
FR;4;2021-02-28;0;0;0;0
FR;4;2021-03-01;0;0;0;0
FR;4;2021-03-02;0;0;0;0
FR;4;2021-03-03;0;0;0;0
FR;4;2021-03-04;0;0;0;0
FR;4;2021-03-05;0;0;0;0
FR;4;2021-03-06;0;0;0;0
FR;4;2021-03-07;0;0;0;0
FR;4;2021-03-08;0;0;0;0
FR;4;2021-03-09;0;0;0;0
FR;4;2021-03-10;0;0;0;0
FR;4;2021-03-11;0;0;0;0
FR;4;2021-03-12;0;0;0;0
FR;4;2021-03-13;0;0;0;0
FR;4;2021-03-14;0;0;0;0
FR;4;2021-03-15;0;0;0;0
FR;4;2021-03-16;0;0;0;0
FR;4;2021-03-17;0;0;0;0
FR;4;2021-03-18;0;0;0;0
FR;4;2021-03-19;0;0;0;0
FR;4;2021-03-20;0;0;0;0
FR;4;2021-03-21;0;0;0;0
FR;4;2021-03-22;0;0;0;0
FR;4;2021-03-23;0;0;0;0
FR;4;2021-03-24;0;0;0;0
FR;4;2021-03-25;0;0;0;0
FR;4;2021-03-26;0;0;0;0
FR;4;2021-03-27;0;0;0;0
FR;4;2021-03-28;0;0;0;0
FR;4;2021-03-29;0;0;0;0
FR;4;2021-03-30;0;0;0;0
FR;4;2021-03-31;0;0;0;0
FR;4;2021-04-01;0;0;0;0
FR;4;2021-04-02;0;0;0;0
FR;4;2021-04-03;0;0;0;0
FR;4;2021-04-04;0;0;0;0
FR;4;2021-04-05;0;0;0;0
FR;4;2021-04-06;0;0;0;0
FR;4;2021-04-07;0;0;0;0
FR;4;2021-04-08;0;0;0;0
FR;4;2021-04-09;0;1;0;1
FR;4;2021-04-10;0;0;0;1
FR;4;2021-04-11;0;0;0;1
FR;4;2021-04-12;0;0;0;1
FR;4;2021-04-13;0;0;0;1
FR;4;2021-04-14;0;0;0;1
FR;4;2021-04-15;0;0;0;1
FR;4;2021-04-16;0;0;0;1
FR;4;2021-04-17;0;0;0;1
FR;4;2021-04-18;0;0;0;1
FR;4;2021-04-19;0;0;0;1
FR;4;2021-04-20;0;0;0;1
FR;4;2021-04-21;0;0;0;1
FR;4;2021-04-22;0;0;0;1
FR;4;2021-04-23;795;0;795;1
FR;4;2021-04-24;1552;0;2347;1
FR;4;2021-04-25;117;0;2464;1
FR;4;2021-04-26;2831;0;5295;1
FR;4;2021-04-27;9387;4;14682;5
FR;4;2021-04-28;9777;3;24459;8
FR;4;2021-04-29;15886;7;40345;15
FR;4;2021-04-30;19085;7;59430;22
FR;4;2021-05-01;1897;5;61327;27
FR;4;2021-05-02;440;0;61767;27
FR;4;2021-05-03;4928;1;66695;28
FR;4;2021-05-04;8249;8;74944;36
FR;4;2021-05-05;6008;7;80952;43
FR;4;2021-05-06;11257;11;92209;54
FR;4;2021-05-07;18906;8;111115;62
FR;4;2021-05-08;2260;5;113375;67
FR;4;2021-05-09;629;2;114004;69
FR;4;2021-05-10;7094;8;121098;77
FR;4;2021-05-11;14119;12;135217;89
FR;4;2021-05-12;9956;14;145173;103
FR;4;2021-05-13;1441;2;146614;105
FR;4;2021-05-14;7597;8;154211;113
FR;4;2021-05-15;3588;9;157799;122
FR;4;2021-05-16;359;1;158158;123
FR;4;2021-05-17;4347;2;162505;125
FR;4;2021-05-18;8584;10;171089;135
FR;4;2021-05-19;5519;5;176608;140
FR;4;2021-05-20;9219;6;185827;146
FR;4;2021-05-21;12517;27;198344;173
FR;4;2021-05-22;4928;13;203272;186
FR;4;2021-05-23;424;2;203696;188
FR;4;2021-05-24;938;3;204634;191
FR;4;2021-05-25;7396;16;212030;207
FR;4;2021-05-26;7554;12;219584;219
FR;4;2021-05-27;14097;34;233681;253
FR;4;2021-05-28;26249;77;259930;330
FR;4;2021-05-29;11130;20;271060;350
FR;4;2021-05-30;858;2;271918;352
FR;4;2021-05-31;12430;19;284348;371
FR;4;2021-06-01;19813;42;304161;413
FR;4;2021-06-02;14203;34;318364;447
FR;4;2021-06-03;19141;23;337505;470
FR;4;2021-06-04;22083;45;359588;515
FR;4;2021-06-05;9445;28;369033;543
FR;4;2021-06-06;917;0;369950;543
FR;4;2021-06-07;8895;16;378845;559
FR;4;2021-06-08;14241;49;393086;608
FR;4;2021-06-09;11513;423;404599;1031
FR;4;2021-06-10;14940;28;419539;1059
FR;4;2021-06-11;16554;53;436093;1112
FR;4;2021-06-12;7184;26;443277;1138
FR;4;2021-06-13;814;8;444091;1146
FR;4;2021-06-14;6380;22;450471;1168
FR;4;2021-06-15;10509;32;460980;1200
FR;4;2021-06-16;8516;13;469496;1213
FR;4;2021-06-17;10446;27;479942;1240
FR;4;2021-06-18;11807;38;491749;1278
FR;4;2021-06-19;5157;21;496906;1299
FR;0;2020-12-27;20;0;20;0
FR;0;2020-12-28;71;0;91;0
FR;0;2020-12-29;108;0;199;0
FR;0;2020-12-30;123;0;322;0
FR;0;2020-12-31;88;0;410;0
FR;0;2021-01-01;74;0;484;0
FR;0;2021-01-02;88;0;572;0
FR;0;2021-01-03;92;0;664;0
FR;0;2021-01-04;1479;0;2143;0
FR;0;2021-01-05;5415;0;7558;0
FR;0;2021-01-06;11323;0;18881;0
FR;0;2021-01-07;28583;0;47464;0
FR;0;2021-01-08;36299;0;83763;0
FR;0;2021-01-09;10943;0;94706;0
FR;0;2021-01-10;5639;0;100345;0
FR;0;2021-01-11;39122;0;139467;0
FR;0;2021-01-12;61012;0;200479;0
FR;0;2021-01-13;63942;0;264421;0
FR;0;2021-01-14;80027;0;344448;0
FR;0;2021-01-15;67596;0;412044;0
FR;0;2021-01-16;19750;87;431794;87
FR;0;2021-01-17;10478;42;442272;129
FR;0;2021-01-18;84499;164;526771;293
FR;0;2021-01-19;128564;128;655335;421
FR;0;2021-01-20;135385;160;790720;581
FR;0;2021-01-21;155589;141;946309;722
FR;0;2021-01-22;118830;163;1065139;885
FR;0;2021-01-23;37864;52;1103003;937
FR;0;2021-01-24;9372;28;1112375;965
FR;0;2021-01-25;76941;1219;1189316;2184
FR;0;2021-01-26;98933;3113;1288249;5297
FR;0;2021-01-27;105751;5599;1394000;10896
FR;0;2021-01-28;122486;14361;1516486;25257
FR;0;2021-01-29;90972;17293;1607458;42550
FR;0;2021-01-30;28683;4225;1636141;46775
FR;0;2021-01-31;4872;1679;1641013;48454
FR;0;2021-02-01;51640;21128;1692653;69582
FR;0;2021-02-02;70761;34568;1763414;104150
FR;0;2021-02-03;71064;36961;1834478;141111
FR;0;2021-02-04;80698;50063;1915176;191174
FR;0;2021-02-05;67218;45343;1982394;236517
FR;0;2021-02-06;21353;10399;2003747;246916
FR;0;2021-02-07;4825;5041;2008572;251957
FR;0;2021-02-08;45947;45994;2054519;297951
FR;0;2021-02-09;64873;72408;2119392;370359
FR;0;2021-02-10;69363;76695;2188755;447054
FR;0;2021-02-11;85731;99144;2274486;546198
FR;0;2021-02-12;77847;74276;2352333;620474
FR;0;2021-02-13;21720;19492;2374053;639966
FR;0;2021-02-14;4596;7190;2378649;647156
FR;0;2021-02-15;37095;76507;2415744;723663
FR;0;2021-02-16;49240;100746;2464984;824409
FR;0;2021-02-17;49347;102972;2514331;927381
FR;0;2021-02-18;68107;118562;2582438;1045943
FR;0;2021-02-19;63876;90737;2646314;1136680
FR;0;2021-02-20;18016;28429;2664330;1165109
FR;0;2021-02-21;2860;6373;2667190;1171482
FR;0;2021-02-22;36579;73138;2703769;1244620
FR;0;2021-02-23;52705;84059;2756474;1328679
FR;0;2021-02-24;58173;81130;2814647;1409809
FR;0;2021-02-25;98836;91420;2913483;1501229
FR;0;2021-02-26;111863;71013;3025346;1572242
FR;0;2021-02-27;51242;21981;3076588;1594223
FR;0;2021-02-28;5680;4414;3082268;1598637
FR;0;2021-03-01;63713;52804;3145981;1651441
FR;0;2021-03-02;99459;66247;3245440;1717688
FR;0;2021-03-03;113876;65554;3359316;1783242
FR;0;2021-03-04;160730;68884;3520046;1852126
FR;0;2021-03-05;198256;63395;3718302;1915521
FR;0;2021-03-06;205486;17827;3923788;1933348
FR;0;2021-03-07;119948;5481;4043736;1938829
FR;0;2021-03-08;105054;50811;4148790;1989640
FR;0;2021-03-09;170001;56778;4318791;2046418
FR;0;2021-03-10;176033;57215;4494824;2103633
FR;0;2021-03-11;239875;63123;4734699;2166756
FR;0;2021-03-12;291518;53510;5026217;2220266
FR;0;2021-03-13;228965;15289;5255182;2235555
FR;0;2021-03-14;62307;3437;5317489;2238992
FR;0;2021-03-15;156207;32674;5473696;2271666
FR;0;2021-03-16;139503;39542;5613199;2311208
FR;0;2021-03-17;148282;38827;5761481;2350035
FR;0;2021-03-18;165391;44670;5926872;2394705
FR;0;2021-03-19;227187;37488;6154059;2432193
FR;0;2021-03-20;164914;11790;6318973;2443983
FR;0;2021-03-21;48771;2628;6367744;2446611
FR;0;2021-03-22;167427;34301;6535171;2480912
FR;0;2021-03-23;247260;42409;6782431;2523321
FR;0;2021-03-24;253805;43872;7036236;2567193
FR;0;2021-03-25;338389;44757;7374625;2611950
FR;0;2021-03-26;355595;41917;7730220;2653867
FR;0;2021-03-27;193408;16659;7923628;2670526
FR;0;2021-03-28;58384;3737;7982012;2674263
FR;0;2021-03-29;200656;54311;8182668;2728574
FR;0;2021-03-30;282322;69690;8464990;2798264
FR;0;2021-03-31;259896;72956;8724886;2871220
FR;0;2021-04-01;310565;87855;9035451;2959075
FR;0;2021-04-02;278130;92128;9313581;3051203
FR;0;2021-04-03;139294;61879;9452875;3113082
FR;0;2021-04-04;44899;18666;9497774;3131748
FR;0;2021-04-05;58807;11010;9556581;3142758
FR;0;2021-04-06;213680;107900;9770261;3250658
FR;0;2021-04-07;256541;115506;10026802;3366164
FR;0;2021-04-08;333177;121458;10359979;3487622
FR;0;2021-04-09;405506;116532;10765485;3604154
FR;0;2021-04-10;210241;82765;10975726;3686919
FR;0;2021-04-11;54912;34604;11030638;3721523
FR;0;2021-04-12;234016;115249;11264654;3836772
FR;0;2021-04-13;305520;145004;11570174;3981776
FR;0;2021-04-14;289911;139446;11860085;4121222
FR;0;2021-04-15;332089;147892;12192174;4269114
FR;0;2021-04-16;335531;145799;12527705;4414913
FR;0;2021-04-17;186432;90279;12714137;4505192
FR;0;2021-04-18;50449;35434;12764586;4540626
FR;0;2021-04-19;202876;138432;12967462;4679058
FR;0;2021-04-20;250982;170793;13218444;4849851
FR;0;2021-04-21;249490;168876;13467934;5018727
FR;0;2021-04-22;283566;188306;13751500;5207033
FR;0;2021-04-23;291200;183311;14042700;5390344
FR;0;2021-04-24;188200;111607;14230900;5501951
FR;0;2021-04-25;68402;38887;14299302;5540838
FR;0;2021-04-26;218090;156140;14517392;5696978
FR;0;2021-04-27;281161;187568;14798553;5884546
FR;0;2021-04-28;296221;183258;15094774;6067804
FR;0;2021-04-29;353219;196193;15447993;6263997
FR;0;2021-04-30;368320;184904;15816313;6448901
FR;0;2021-05-01;164076;52555;15980389;6501456
FR;0;2021-05-02;90196;37849;16070585;6539305
FR;0;2021-05-03;284284;169759;16354869;6709064
FR;0;2021-05-04;311263;224397;16666132;6933461
FR;0;2021-05-05;321137;224598;16987269;7158059
FR;0;2021-05-06;373912;239283;17361181;7397342
FR;0;2021-05-07;367867;257424;17729048;7654766
FR;0;2021-05-08;217999;66949;17947047;7721715
FR;0;2021-05-09;128117;46785;18075164;7768500
FR;0;2021-05-10;305987;229091;18381151;7997591
FR;0;2021-05-11;397476;258286;18778627;8255877
FR;0;2021-05-12;424216;233333;19202843;8489210
FR;0;2021-05-13;331885;56937;19534728;8546147
FR;0;2021-05-14;446385;167653;19981113;8713800
FR;0;2021-05-15;367782;94076;20348895;8807876
FR;0;2021-05-16;199617;20844;20548512;8828720
FR;0;2021-05-17;369724;149257;20918236;8977977
FR;0;2021-05-18;448942;153316;21367178;9131293
FR;0;2021-05-19;459017;145527;21826195;9276820
FR;0;2021-05-20;497376;160548;22323571;9437368
FR;0;2021-05-21;480436;174790;22804007;9612158
FR;0;2021-05-22;342026;80032;23146033;9692190
FR;0;2021-05-23;158998;14500;23305031;9706690
FR;0;2021-05-24;257387;33350;23562418;9740040
FR;0;2021-05-25;391662;189532;23954080;9929572
FR;0;2021-05-26;401682;188406;24355762;10117978
FR;0;2021-05-27;441551;219010;24797313;10336988
FR;0;2021-05-28;421795;259917;25219108;10596905
FR;0;2021-05-29;294548;149588;25513656;10746493
FR;0;2021-05-30;104789;32675;25618445;10779168
FR;0;2021-05-31;351707;203753;25970152;10982921
FR;0;2021-06-01;413160;251917;26383312;11234838
FR;0;2021-06-02;400757;231214;26784069;11466052
FR;0;2021-06-03;450880;258962;27234949;11725014
FR;0;2021-06-04;441814;305106;27676763;12030120
FR;0;2021-06-05;298191;189215;27974954;12219335
FR;0;2021-06-06;129087;49178;28104041;12268513
FR;0;2021-06-07;328184;262693;28432225;12531206
FR;0;2021-06-08;386778;295485;28819003;12826691
FR;0;2021-06-09;368714;281121;29187717;13107812
FR;0;2021-06-10;385557;289745;29573274;13397557
FR;0;2021-06-11;374613;357820;29947887;13755377
FR;0;2021-06-12;275799;211676;30223686;13967053
FR;0;2021-06-13;101512;74155;30325198;14041208
FR;0;2021-06-14;229709;356230;30554907;14397438
FR;0;2021-06-15;294115;386393;30849022;14783831
FR;0;2021-06-16;302546;358131;31151568;15141962
FR;0;2021-06-17;306251;372494;31457819;15514456
FR;0;2021-06-18;306969;443116;31764788;15957572
FR;0;2021-06-19;216753;274184;31981541;16231756
