fra;vaccin;jour;n_dose1;n_dose2;n_dose3;n_dose4;n_complet;n_rappel;n_2_rappel;n_rappel_biv;n_3_rappel;n_cum_dose1;n_cum_dose2;n_cum_dose3;n_cum_dose4;n_cum_complet;n_cum_rappel;n_cum_2_rappel;n_cum_rappel_biv;n_cum_3_rappel
FR;1;2020-12-27;616;0;0;0;55;0;0;0;0;616;0;0;0;55;0;0;0;0
FR;1;2020-12-28;709;1;0;0;44;0;0;0;0;1325;1;0;0;99;0;0;0;0
FR;1;2020-12-29;389;0;0;0;19;0;0;0;0;1714;1;0;0;118;0;0;0;0
FR;1;2020-12-30;456;0;0;0;20;0;0;0;0;2170;1;0;0;138;0;0;0;0
FR;1;2020-12-31;451;1;0;0;21;0;0;0;0;2621;2;0;0;159;0;0;0;0
FR;1;2021-01-01;1198;2;0;0;66;0;0;0;0;3819;4;0;0;225;0;0;0;0
FR;1;2021-01-02;369;4;0;0;29;0;0;0;0;4188;8;0;0;254;0;0;0;0
FR;1;2021-01-03;419;0;0;0;23;0;0;0;0;4607;8;0;0;277;0;0;0;0
FR;1;2021-01-04;2150;5;0;0;51;0;0;0;0;6757;13;0;0;328;0;0;0;0
FR;1;2021-01-05;7790;6;0;0;128;0;0;0;0;14547;19;0;0;456;0;0;0;0
FR;1;2021-01-06;12490;23;0;0;128;0;0;0;0;27037;42;0;0;584;0;0;0;0
FR;1;2021-01-07;29480;24;0;0;159;0;0;0;0;56517;66;0;0;743;0;0;0;0
FR;1;2021-01-08;37170;35;0;0;204;0;0;0;0;93687;101;0;0;947;0;0;0;0
FR;1;2021-01-09;11221;9;0;0;77;0;0;0;0;104908;110;0;0;1024;0;0;0;0
FR;1;2021-01-10;6017;8;0;0;28;0;0;0;0;110925;118;0;0;1052;0;0;0;0
FR;1;2021-01-11;39956;39;0;0;232;0;0;0;0;150881;157;0;0;1284;0;0;0;0
FR;1;2021-01-12;62165;31;0;0;299;0;0;0;0;213046;188;0;0;1583;0;0;0;0
FR;1;2021-01-13;65150;62;0;0;433;0;0;0;0;278196;250;0;0;2016;0;0;0;0
FR;1;2021-01-14;81473;262;0;0;957;0;0;0;0;359669;512;0;0;2973;0;0;0;0
FR;1;2021-01-15;68639;102;0;0;527;0;0;0;0;428308;614;0;0;3500;0;0;0;0
FR;1;2021-01-16;19903;73;0;0;171;0;0;0;0;448211;687;0;0;3671;0;0;0;0
FR;1;2021-01-17;10909;54;0;0;130;0;0;0;0;459120;741;0;0;3801;0;0;0;0
FR;1;2021-01-18;82849;176;0;0;587;0;0;0;0;541969;917;0;0;4388;0;0;0;0
FR;1;2021-01-19;125935;209;0;0;837;0;0;0;0;667904;1126;0;0;5225;0;0;0;0
FR;1;2021-01-20;132440;191;0;0;779;0;0;0;0;800344;1317;0;0;6004;0;0;0;0
FR;1;2021-01-21;153088;196;0;0;896;0;0;0;0;953432;1513;0;0;6900;0;0;0;0
FR;1;2021-01-22;115971;240;0;0;776;0;0;0;0;1069403;1753;0;0;7676;0;0;0;0
FR;1;2021-01-23;36617;84;0;0;207;0;0;0;0;1106020;1837;0;0;7883;0;0;0;0
FR;1;2021-01-24;9589;129;0;0;188;0;0;0;0;1115609;1966;0;0;8071;0;0;0;0
FR;1;2021-01-25;74442;1454;0;0;1772;0;0;0;0;1190051;3420;0;0;9843;0;0;0;0
FR;1;2021-01-26;96471;3705;1;0;4146;0;0;0;0;1286522;7125;1;0;13989;0;0;0;0
FR;1;2021-01-27;103660;6442;0;0;7126;0;0;0;0;1390182;13567;1;0;21115;0;0;0;0
FR;1;2021-01-28;120627;16414;0;0;17203;0;0;0;0;1510809;29981;1;0;38318;0;0;0;0
FR;1;2021-01-29;88904;18798;0;0;19339;0;0;0;0;1599713;48779;1;0;57657;0;0;0;0
FR;1;2021-01-30;27995;4538;0;0;4662;0;0;0;0;1627708;53317;1;0;62319;0;0;0;0
FR;1;2021-01-31;5194;1898;0;0;1936;0;0;0;0;1632902;55215;1;0;64255;0;0;0;0
FR;1;2021-02-01;49752;23042;0;0;23284;0;0;0;0;1682654;78257;1;0;87539;0;0;0;0
FR;1;2021-02-02;67839;38208;0;0;38666;0;0;0;0;1750493;116465;1;0;126205;0;0;0;0
FR;1;2021-02-03;67105;40274;0;0;40709;0;0;0;0;1817598;156739;1;0;166914;0;0;0;0
FR;1;2021-02-04;77156;55122;0;0;55692;0;0;0;0;1894754;211861;1;0;222606;0;0;0;0
FR;1;2021-02-05;63435;48233;0;0;48638;0;0;0;0;1958189;260094;1;0;271244;0;0;0;0
FR;1;2021-02-06;19428;11420;0;0;11527;0;0;0;0;1977617;271514;1;0;282771;0;0;0;0
FR;1;2021-02-07;3669;6069;0;0;6096;0;0;0;0;1981286;277583;1;0;288867;0;0;0;0
FR;1;2021-02-08;36508;48783;0;0;49036;0;0;0;0;2017794;326366;1;0;337903;0;0;0;0
FR;1;2021-02-09;50829;78439;0;0;78966;0;0;0;0;2068623;404805;1;0;416869;0;0;0;0
FR;1;2021-02-10;52088;83470;0;0;83954;0;0;0;0;2120711;488275;1;0;500823;0;0;0;0
FR;1;2021-02-11;63397;105557;0;0;106467;0;0;0;0;2184108;593832;1;0;607290;0;0;0;0
FR;1;2021-02-12;55889;75792;0;0;76478;0;0;0;0;2239997;669624;1;0;683768;0;0;0;0
FR;1;2021-02-13;15469;19309;0;0;19421;0;0;0;0;2255466;688933;1;0;703189;0;0;0;0
FR;1;2021-02-14;3747;7311;0;0;7377;0;0;0;0;2259213;696244;1;0;710566;0;0;0;0
FR;1;2021-02-15;24175;73666;0;0;73924;0;0;0;0;2283388;769910;1;0;784490;0;0;0;0
FR;1;2021-02-16;32788;95520;0;0;95934;0;0;0;0;2316176;865430;1;0;880424;0;0;0;0
FR;1;2021-02-17;35141;102377;20;0;103036;0;0;0;0;2351317;967807;21;0;983460;0;0;0;0
FR;1;2021-02-18;49466;118567;0;0;119564;0;0;0;0;2400783;1086374;21;0;1103024;0;0;0;0
FR;1;2021-02-19;45400;87843;1;0;88788;0;0;0;0;2446183;1174217;22;0;1191812;0;0;0;0
FR;1;2021-02-20;13398;27026;0;0;27202;0;0;0;0;2459581;1201243;22;0;1219014;0;0;0;0
FR;1;2021-02-21;2471;5945;0;0;6013;0;0;0;0;2462052;1207188;22;0;1225027;0;0;0;0
FR;1;2021-02-22;24726;69390;2;0;69690;0;0;0;0;2486778;1276578;24;0;1294717;0;0;0;0
FR;1;2021-02-23;37441;81553;1;0;82257;0;0;0;0;2524219;1358131;25;0;1376974;0;0;0;0
FR;1;2021-02-24;40717;79371;1;0;80071;0;0;0;0;2564936;1437502;26;0;1457045;0;0;0;0
FR;1;2021-02-25;50176;87700;1;0;88798;0;0;0;0;2615112;1525202;27;0;1545843;0;0;0;0
FR;1;2021-02-26;47235;67560;1;0;68448;0;0;0;0;2662347;1592762;28;0;1614291;0;0;0;0
FR;1;2021-02-27;15691;21358;1;0;21571;0;0;0;0;2678038;1614120;29;0;1635862;0;0;0;0
FR;1;2021-02-28;3566;4099;2;0;4172;0;0;0;0;2681604;1618219;31;0;1640034;0;0;0;0
FR;1;2021-03-01;40232;50292;1;0;51030;0;0;0;0;2721836;1668511;32;0;1691064;0;0;0;0
FR;1;2021-03-02;55997;62430;3;0;63610;0;0;0;0;2777833;1730941;35;0;1754674;0;0;0;0
FR;1;2021-03-03;61271;60498;0;0;61938;0;0;0;0;2839104;1791439;35;0;1816612;0;0;0;0
FR;1;2021-03-04;73022;68403;3;0;70621;0;0;0;0;2912126;1859842;38;0;1887233;0;0;0;0
FR;1;2021-03-05;74787;58606;3;0;60507;0;0;0;0;2986913;1918448;41;0;1947740;0;0;0;0
FR;1;2021-03-06;82475;15734;2;0;17442;0;0;0;0;3069388;1934182;43;0;1965182;0;0;0;0
FR;1;2021-03-07;63734;3917;1;0;5461;0;0;0;0;3133122;1938099;44;0;1970643;0;0;0;0
FR;1;2021-03-08;60200;41129;2;0;42416;0;0;0;0;3193322;1979228;46;0;2013059;0;0;0;0
FR;1;2021-03-09;86015;47356;1;0;49359;0;0;0;0;3279337;2026584;47;0;2062418;0;0;0;0
FR;1;2021-03-10;90950;47743;5;0;50016;0;0;0;0;3370287;2074327;52;0;2112434;0;0;0;0
FR;1;2021-03-11;105107;54598;1;0;57675;0;0;0;0;3475394;2128925;53;0;2170109;0;0;0;0
FR;1;2021-03-12;104169;44883;1;0;47881;0;0;0;0;3579563;2173808;54;0;2217990;0;0;0;0
FR;1;2021-03-13;89226;12580;1;0;14797;0;0;0;0;3668789;2186388;55;0;2232787;0;0;0;0
FR;1;2021-03-14;44463;2656;1;0;3989;0;0;0;0;3713252;2189044;56;0;2236776;0;0;0;0
FR;1;2021-03-15;95538;27940;3;0;30291;0;0;0;0;3808790;2216984;59;0;2267067;0;0;0;0
FR;1;2021-03-16;123608;34033;5;0;37581;0;0;0;0;3932398;2251017;64;0;2304648;0;0;0;0
FR;1;2021-03-17;129327;33513;4;0;37569;0;0;0;0;4061725;2284530;68;0;2342217;0;0;0;0
FR;1;2021-03-18;142919;39155;5;0;43833;0;0;0;0;4204644;2323685;73;0;2386050;0;0;0;0
FR;1;2021-03-19;136282;32012;2;0;36604;0;0;0;0;4340926;2355697;75;0;2422654;0;0;0;0
FR;1;2021-03-20;76027;9746;1;0;11962;0;0;0;0;4416953;2365443;76;0;2434616;0;0;0;0
FR;1;2021-03-21;26523;1967;1;0;2957;0;0;0;0;4443476;2367410;77;0;2437573;0;0;0;0
FR;1;2021-03-22;114783;30207;2;0;34040;0;0;0;0;4558259;2397617;79;0;2471613;0;0;0;0
FR;1;2021-03-23;143065;37998;1;0;42789;0;0;0;0;4701324;2435615;80;0;2514402;0;0;0;0
FR;1;2021-03-24;142031;38413;0;0;43286;0;0;0;0;4843355;2474028;80;0;2557688;0;0;0;0
FR;1;2021-03-25;165046;39878;4;0;46038;0;0;0;0;5008401;2513906;84;0;2603726;0;0;0;0
FR;1;2021-03-26;166426;37414;5;1;44035;0;0;0;0;5174827;2551320;89;1;2647761;0;0;0;0
FR;1;2021-03-27;110909;15481;1;0;19492;0;0;0;0;5285736;2566801;90;1;2667253;0;0;0;0
FR;1;2021-03-28;42316;4431;3;0;5986;0;0;0;0;5328052;2571232;93;1;2673239;0;0;0;0
FR;1;2021-03-29;129853;48963;4;0;53631;0;0;0;0;5457905;2620195;97;1;2726870;0;0;0;0
FR;1;2021-03-30;167767;63831;5;0;70844;0;0;0;0;5625672;2684026;102;1;2797714;0;0;0;0
FR;1;2021-03-31;170974;68018;4;0;75543;0;0;0;0;5796646;2752044;106;1;2873257;0;0;0;0
FR;1;2021-04-01;194890;84124;10;0;93634;0;0;0;0;5991536;2836168;116;1;2966891;0;0;0;0
FR;1;2021-04-02;164477;86899;7;0;94724;0;0;0;0;6156013;2923067;123;1;3061615;0;0;0;0
FR;1;2021-04-03;88262;58210;6;0;61759;0;0;0;0;6244275;2981277;129;1;3123374;0;0;0;0
FR;1;2021-04-04;33665;17733;0;0;19233;0;0;0;0;6277940;2999010;129;1;3142607;0;0;0;0
FR;1;2021-04-05;46433;9565;11;0;11442;0;0;0;0;6324373;3008575;140;1;3154049;0;0;0;0
FR;1;2021-04-06;160353;105676;17;0;112166;0;0;0;0;6484726;3114251;157;1;3266215;0;0;0;0
FR;1;2021-04-07;197043;108097;16;0;116936;0;0;0;0;6681769;3222348;173;1;3383151;0;0;0;0
FR;1;2021-04-08;222195;114358;14;0;125720;0;0;0;0;6903964;3336706;187;1;3508871;0;0;0;0
FR;1;2021-04-09;214624;108039;21;0;118938;0;0;0;0;7118588;3444745;208;1;3627809;0;0;0;0
FR;1;2021-04-10;117211;73240;14;0;78389;0;0;0;0;7235799;3517985;222;1;3706198;0;0;0;0
FR;1;2021-04-11;40903;29892;6;0;31796;0;0;0;0;7276702;3547877;228;1;3737994;0;0;0;0
FR;1;2021-04-12;168509;104585;46;0;111836;0;0;0;0;7445211;3652462;274;1;3849830;0;0;0;0
FR;1;2021-04-13;203856;127756;97;1;137104;0;0;0;0;7649067;3780218;371;2;3986934;0;0;0;0
FR;1;2021-04-14;208691;123035;208;0;133267;0;0;0;0;7857758;3903253;579;2;4120201;0;0;0;0
FR;1;2021-04-15;221749;128247;313;0;139297;0;0;0;0;8079507;4031500;892;2;4259498;0;0;0;0
FR;1;2021-04-16;206110;125775;309;0;135446;0;0;0;0;8285617;4157275;1201;2;4394944;0;0;0;0
FR;1;2021-04-17;122112;67118;103;0;72180;0;0;0;0;8407729;4224393;1304;2;4467124;0;0;0;0
FR;1;2021-04-18;35980;21016;42;0;22724;0;0;0;0;8443709;4245409;1346;2;4489848;0;0;0;0
FR;1;2021-04-19;163783;121618;433;0;129169;0;0;0;0;8607492;4367027;1779;2;4619017;0;0;0;0
FR;1;2021-04-20;189491;149801;531;0;158930;0;0;0;0;8796983;4516828;2310;2;4777947;0;0;0;0
FR;1;2021-04-21;194064;147789;760;0;157319;0;0;0;0;8991047;4664617;3070;2;4935266;0;0;0;0
FR;1;2021-04-22;209086;164623;779;0;175853;0;0;0;0;9200133;4829240;3849;2;5111119;0;0;0;0
FR;1;2021-04-23;198999;158148;671;0;169172;0;0;0;0;9399132;4987388;4520;2;5280291;0;0;0;0
FR;1;2021-04-24;126355;95888;148;0;101957;0;0;0;0;9525487;5083276;4668;2;5382248;0;0;0;0
FR;1;2021-04-25;53642;30082;46;0;32839;0;0;0;0;9579129;5113358;4714;2;5415087;0;0;0;0
FR;1;2021-04-26;181174;140326;543;0;149045;0;0;0;0;9760303;5253684;5257;2;5564132;0;0;0;0
FR;1;2021-04-27;221406;162630;901;0;174007;0;0;0;0;9981709;5416314;6158;2;5738139;0;0;0;0
FR;1;2021-04-28;238373;156215;1314;1;168897;1;0;0;0;10220082;5572529;7472;3;5907036;1;0;0;0
FR;1;2021-04-29;270353;161685;1211;0;177293;0;0;0;0;10490435;5734214;8683;3;6084329;1;0;0;0
FR;1;2021-04-30;272030;149048;1074;0;165149;0;0;0;0;10762465;5883262;9757;3;6249478;1;0;0;0
FR;1;2021-05-01;141180;40616;173;0;48644;0;0;0;0;10903645;5923878;9930;3;6298122;1;0;0;0
FR;1;2021-05-02;81564;28243;81;0;32999;0;0;0;0;10985209;5952121;10011;3;6331121;1;0;0;0
FR;1;2021-05-03;250828;142053;803;0;155747;0;0;0;0;11236037;6094174;10814;3;6486868;1;0;0;0
FR;1;2021-05-04;265939;188052;1204;0;203623;0;0;0;0;11501976;6282226;12018;3;6690491;1;0;0;0
FR;1;2021-05-05;283977;186323;1268;0;202987;0;0;0;0;11785953;6468549;13286;3;6893478;1;0;0;0
FR;1;2021-05-06;310084;184603;1502;0;204355;0;0;0;0;12096037;6653152;14788;3;7097833;1;0;0;0
FR;1;2021-05-07;284153;196766;1128;0;214583;0;0;0;0;12380190;6849918;15916;3;7312416;1;0;0;0
FR;1;2021-05-08;191687;51626;285;0;63009;0;0;0;0;12571877;6901544;16201;3;7375425;1;0;0;0
FR;1;2021-05-09;114076;34208;236;0;41380;0;0;0;0;12685953;6935752;16437;3;7416805;1;0;0;0
FR;1;2021-05-10;258240;195098;1188;0;211091;0;0;0;0;12944193;7130850;17625;3;7627896;1;0;0;0
FR;1;2021-05-11;318946;211265;1465;0;231506;0;0;0;0;13263139;7342115;19090;3;7859402;1;0;0;0
FR;1;2021-05-12;356711;186096;1401;0;208402;0;0;0;0;13619850;7528211;20491;3;8067804;1;0;0;0
FR;1;2021-05-13;283473;47324;401;0;64247;0;0;0;0;13903323;7575535;20892;3;8132051;1;0;0;0
FR;1;2021-05-14;370544;128526;998;0;151947;0;0;0;0;14273867;7704061;21890;3;8283998;1;0;0;0
FR;1;2021-05-15;298129;66209;404;0;84917;0;0;0;0;14571996;7770270;22294;3;8368915;1;0;0;0
FR;1;2021-05-16;157797;15470;158;0;26038;0;0;0;0;14729793;7785740;22452;3;8394953;1;0;0;0
FR;1;2021-05-17;318961;116202;1441;0;138165;0;0;0;0;15048754;7901942;23893;3;8533118;1;0;0;0
FR;1;2021-05-18;383394;111694;1801;0;137643;0;0;0;0;15432148;8013636;25694;3;8670761;1;0;0;0
FR;1;2021-05-19;395324;101588;2185;0;128525;0;0;0;0;15827472;8115224;27879;3;8799286;1;0;0;0
FR;1;2021-05-20;421861;95611;2049;0;125076;0;0;0;0;16249333;8210835;29928;3;8924362;1;0;0;0
FR;1;2021-05-21;399843;97454;1765;0;125850;0;0;0;0;16649176;8308289;31693;3;9050212;1;0;0;0
FR;1;2021-05-22;275713;41926;604;0;60950;0;0;0;0;16924889;8350215;32297;3;9111162;1;0;0;0
FR;1;2021-05-23;123034;10969;224;0;20572;0;0;0;0;17047923;8361184;32521;3;9131734;1;0;0;0
FR;1;2021-05-24;244027;26267;569;0;43792;0;0;0;0;17291950;8387451;33090;3;9175526;1;0;0;0
FR;1;2021-05-25;366248;131455;2115;1;158389;0;0;0;0;17658198;8518906;35205;4;9333915;1;0;0;0
FR;1;2021-05-26;380865;127551;1996;0;155875;0;0;0;0;18039063;8646457;37201;4;9489790;1;0;0;0
FR;1;2021-05-27;406209;128364;1978;0;158843;0;0;0;0;18445272;8774821;39179;4;9648633;1;0;0;0
FR;1;2021-05-28;366081;145708;1702;0;174269;0;0;0;0;18811353;8920529;40881;4;9822902;1;0;0;0
FR;1;2021-05-29;253851;81138;527;0;100335;0;0;0;0;19065204;9001667;41408;4;9923237;1;0;0;0
FR;1;2021-05-30;100983;22601;158;0;30835;0;0;0;0;19166187;9024268;41566;4;9954072;1;0;0;0
FR;1;2021-05-31;314351;149246;1287;1;172502;1;0;0;0;19480538;9173514;42853;5;10126574;2;0;0;0
FR;1;2021-06-01;361711;166431;1733;1;194136;1;0;0;0;19842249;9339945;44586;6;10320710;3;0;0;0
FR;1;2021-06-02;365447;154547;1798;0;184088;0;0;0;0;20207696;9494492;46384;6;10504798;3;0;0;0
FR;1;2021-06-03;391506;147438;1654;0;178411;0;0;0;0;20599202;9641930;48038;6;10683209;3;0;0;0
FR;1;2021-06-04;364147;175900;1496;1;205194;1;0;0;0;20963349;9817830;49534;7;10888403;4;0;0;0
FR;1;2021-06-05;258534;112822;597;0;133183;0;0;0;0;21221883;9930652;50131;7;11021586;4;0;0;0
FR;1;2021-06-06;126834;37555;216;0;48192;0;0;0;0;21348717;9968207;50347;7;11069778;4;0;0;0
FR;1;2021-06-07;301134;207764;1368;0;233040;0;0;0;0;21649851;10175971;51715;7;11302818;4;0;0;0
FR;1;2021-06-08;330915;221017;1645;0;248976;0;0;0;0;21980766;10396988;53360;7;11551794;4;0;0;0
FR;1;2021-06-09;336663;210946;1614;0;239703;0;0;0;0;22317429;10607934;54974;7;11791497;4;0;0;0
FR;1;2021-06-10;343950;199506;1615;0;229250;0;0;0;0;22661379;10807440;56589;7;12020747;4;0;0;0
FR;1;2021-06-11;311945;234704;1300;1;262614;0;0;0;0;22973324;11042144;57889;8;12283361;4;0;0;0
FR;1;2021-06-12;244101;150610;438;0;172219;0;0;0;0;23217425;11192754;58327;8;12455580;4;0;0;0
FR;1;2021-06-13;100383;61037;188;0;70699;0;0;0;0;23317808;11253791;58515;8;12526279;4;0;0;0
FR;1;2021-06-14;207884;287572;1320;1;307383;0;0;0;0;23525692;11541363;59835;9;12833662;4;0;0;0
FR;1;2021-06-15;256913;281115;1400;1;304961;0;0;0;0;23782605;11822478;61235;10;13138623;4;0;0;0
FR;1;2021-06-16;273687;270713;1264;1;296150;0;0;0;0;24056292;12093191;62499;11;13434773;4;0;0;0
FR;1;2021-06-17;268260;245102;1241;1;271173;0;0;0;0;24324552;12338293;63740;12;13705946;4;0;0;0
FR;1;2021-06-18;260625;295196;1156;1;321021;0;0;0;0;24585177;12633489;64896;13;14026967;4;0;0;0
FR;1;2021-06-19;193469;209608;388;0;228268;0;0;0;0;24778646;12843097;65284;13;14255235;4;0;0;0
FR;1;2021-06-20;69724;89030;122;0;96869;0;0;0;0;24848370;12932127;65406;13;14352104;4;0;0;0
FR;1;2021-06-21;172400;319785;934;1;338495;1;0;0;0;25020770;13251912;66340;14;14690599;5;0;0;0
FR;1;2021-06-22;185898;348079;1102;10;369145;1;0;0;0;25206668;13599991;67442;24;15059744;6;0;0;0
FR;1;2021-06-23;204245;339646;1050;0;363546;0;0;0;0;25410913;13939637;68492;24;15423290;6;0;0;0
FR;1;2021-06-24;203557;282100;1176;0;306846;0;0;0;0;25614470;14221737;69668;24;15730136;6;0;0;0
FR;1;2021-06-25;182686;371702;1200;0;395710;0;0;0;0;25797156;14593439;70868;24;16125846;6;0;0;0
FR;1;2021-06-26;131415;278609;506;0;295984;0;0;0;0;25928571;14872048;71374;24;16421830;6;0;0;0
FR;1;2021-06-27;52421;122844;146;0;130381;0;0;0;0;25980992;14994892;71520;24;16552211;6;0;0;0
FR;1;2021-06-28;136682;368244;1066;0;386845;0;0;0;0;26117674;15363136;72586;24;16939056;6;0;0;0
FR;1;2021-06-29;154929;391166;1849;0;412259;0;0;0;0;26272603;15754302;74435;24;17351315;6;0;0;0
FR;1;2021-06-30;180077;381965;1668;4;406564;2;0;0;0;26452680;16136267;76103;28;17757879;8;0;0;0
FR;1;2021-07-01;201593;332520;1890;5;360590;0;0;0;0;26654273;16468787;77993;33;18118469;8;0;0;0
FR;1;2021-07-02;193889;367287;1765;5;395483;2;0;0;0;26848162;16836074;79758;38;18513952;10;0;0;0
FR;1;2021-07-03;124485;280409;704;3;299513;1;0;0;0;26972647;17116483;80462;41;18813465;11;0;0;0
FR;1;2021-07-04;53970;113731;244;0;122137;0;0;0;0;27026617;17230214;80706;41;18935602;11;0;0;0
FR;1;2021-07-05;153987;355779;1500;8;379119;0;0;0;0;27180604;17585993;82206;49;19314721;11;0;0;0
FR;1;2021-07-06;173534;382280;1603;45;408168;8;0;0;0;27354138;17968273;83809;94;19722889;19;0;0;0
FR;1;2021-07-07;190875;362300;1659;25;390644;2;0;0;0;27545013;18330573;85468;119;20113533;21;0;0;0
FR;1;2021-07-08;201595;322966;1827;20;353610;2;0;0;0;27746608;18653539;87295;139;20467143;23;0;0;0
FR;1;2021-07-09;189996;387764;1854;3;418164;1;0;0;0;27936604;19041303;89149;142;20885307;24;0;0;0
FR;1;2021-07-10;129968;281184;818;1;302611;0;0;0;0;28066572;19322487;89967;143;21187918;24;0;0;0
FR;1;2021-07-11;57688;102530;263;0;112408;0;0;0;0;28124260;19425017;90230;143;21300326;24;0;0;0
FR;1;2021-07-12;149931;416805;1588;4;442795;0;0;0;0;28274191;19841822;91818;147;21743121;24;0;0;0
FR;1;2021-07-13;234311;439000;1808;8;476177;0;0;0;0;28508502;20280822;93626;155;22219298;24;0;0;0
FR;1;2021-07-14;171931;151300;418;0;176928;0;0;0;0;28680433;20432122;94044;155;22396226;24;0;0;0
FR;1;2021-07-15;279707;424132;1859;1;467102;0;0;0;0;28960140;20856254;95903;156;22863328;24;0;0;0
FR;1;2021-07-16;290447;400518;1711;3;445156;1;0;0;0;29250587;21256772;97614;159;23308484;25;0;0;0
FR;1;2021-07-17;217361;281972;755;1;315437;0;0;0;0;29467948;21538744;98369;160;23623921;25;0;0;0
FR;1;2021-07-18;102032;107205;288;0;123092;0;0;0;0;29569980;21645949;98657;160;23747013;25;0;0;0
FR;1;2021-07-19;238250;378361;1498;3;414401;0;0;0;0;29808230;22024310;100155;163;24161414;25;0;0;0
FR;1;2021-07-20;305778;379723;1471;0;425544;0;0;0;0;30114008;22404033;101626;163;24586958;25;0;0;0
FR;1;2021-07-21;333315;352692;1413;4;404057;1;0;0;0;30447323;22756725;103039;167;24991015;26;0;0;0
FR;1;2021-07-22;364709;318525;1502;3;374928;1;0;0;0;30812032;23075250;104541;170;25365943;27;0;0;0
FR;1;2021-07-23;349412;342721;1589;4;398258;1;0;0;0;31161444;23417971;106130;174;25764201;28;0;0;0
FR;1;2021-07-24;238968;240734;697;1;278061;0;0;0;0;31400412;23658705;106827;175;26042262;28;0;0;0
FR;1;2021-07-25;112813;76013;223;0;93705;0;0;0;0;31513225;23734718;107050;175;26135967;28;0;0;0
FR;1;2021-07-26;299150;289265;1495;2;334973;1;0;0;0;31812375;24023983;108545;177;26470940;29;0;0;0
FR;1;2021-07-27;385873;267858;1459;4;324823;1;0;0;0;32198248;24291841;110004;181;26795763;30;0;0;0
FR;1;2021-07-28;390231;250921;1463;4;307205;1;0;0;0;32588479;24542762;111467;185;27102968;31;0;0;0
FR;1;2021-07-29;406162;227577;1541;2;284266;0;0;0;0;32994641;24770339;113008;187;27387234;31;0;0;0
FR;1;2021-07-30;370762;246479;1639;4;298307;1;0;0;0;33365403;25016818;114647;191;27685541;32;0;0;0
FR;1;2021-07-31;243395;165091;794;1;199411;0;0;0;0;33608798;25181909;115441;192;27884952;32;0;0;0
FR;1;2021-08-01;105614;47204;237;0;61196;0;0;0;0;33714412;25229113;115678;192;27946148;32;0;0;0
FR;1;2021-08-02;297438;212829;1480;2;250606;0;0;0;0;34011850;25441942;117158;194;28196754;32;0;0;0
FR;1;2021-08-03;331355;208673;1557;2;250639;1;0;0;0;34343205;25650615;118715;196;28447393;33;0;0;0
FR;1;2021-08-04;328059;183821;1440;5;223968;3;0;0;0;34671264;25834436;120155;201;28671361;36;0;0;0
FR;1;2021-08-05;301298;193082;1483;0;229374;0;0;0;0;34972562;26027518;121638;201;28900735;36;0;0;0
FR;1;2021-08-06;291006;224081;1560;3;261362;0;0;0;0;35263568;26251599;123198;204;29162097;36;0;0;0
FR;1;2021-08-07;182685;158758;655;5;181662;1;0;0;0;35446253;26410357;123853;209;29343759;37;0;0;0
FR;1;2021-08-08;68897;59102;253;0;67630;0;0;0;0;35515150;26469459;124106;209;29411389;37;0;0;0
FR;1;2021-08-09;222802;235144;1446;4;263848;2;0;0;0;35737952;26704603;125552;213;29675237;39;0;0;0
FR;1;2021-08-10;252764;239823;1492;2;271652;0;0;0;0;35990716;26944426;127044;215;29946889;39;0;0;0
FR;1;2021-08-11;236256;231720;1272;5;261230;0;0;0;0;36226972;27176146;128316;220;30208119;39;0;0;0
FR;1;2021-08-12;220807;239714;1492;3;267803;0;0;0;0;36447779;27415860;129808;223;30475922;39;0;0;0
FR;1;2021-08-13;201733;238488;1360;2;264026;2;0;0;0;36649512;27654348;131168;225;30739948;41;0;0;0
FR;1;2021-08-14;122877;174031;645;0;189533;0;0;0;0;36772389;27828379;131813;225;30929481;41;0;0;0
FR;1;2021-08-15;34711;46113;201;1;50330;0;0;0;0;36807100;27874492;132014;226;30979811;41;0;0;0
FR;1;2021-08-16;156967;289324;1424;0;309892;0;0;0;0;36964067;28163816;133438;226;31289703;41;0;0;0
FR;1;2021-08-17;171626;290951;1422;5;313350;0;0;0;0;37135693;28454767;134860;231;31603053;41;0;0;0
FR;1;2021-08-18;161452;286672;1394;6;307299;3;0;0;0;37297145;28741439;136254;237;31910352;44;0;0;0
FR;1;2021-08-19;148962;277411;1405;1;297251;0;0;0;0;37446107;29018850;137659;238;32207603;44;0;0;0
FR;1;2021-08-20;140533;308910;1535;2;328139;2;0;0;0;37586640;29327760;139194;240;32535742;46;0;0;0
FR;1;2021-08-21;84288;213210;589;0;224528;0;0;0;0;37670928;29540970;139783;240;32760270;46;0;0;0
FR;1;2021-08-22;28585;82696;233;0;86701;0;0;0;0;37699513;29623666;140016;240;32846971;46;0;0;0
FR;1;2021-08-23;118672;320939;1422;2;337671;0;0;0;0;37818185;29944605;141438;242;33184642;46;0;0;0
FR;1;2021-08-24;126687;319598;1604;5;337409;0;0;0;0;37944872;30264203;143042;247;33522051;46;0;0;0
FR;1;2021-08-25;121548;306407;1783;8;323579;2;0;0;0;38066420;30570610;144825;255;33845630;48;0;0;0
FR;1;2021-08-26;106648;286081;2165;10;302376;0;0;0;0;38173068;30856691;146990;265;34148006;48;0;0;0
FR;1;2021-08-27;107659;321592;2303;9;338847;1;0;0;0;38280727;31178283;149293;274;34486853;49;0;0;0
FR;1;2021-08-28;71030;220699;1102;0;231219;0;0;0;0;38351757;31398982;150395;274;34718072;49;0;0;0
FR;1;2021-08-29;24156;78209;469;1;82099;0;0;0;0;38375913;31477191;150864;275;34800171;49;0;0;0
FR;1;2021-08-30;96904;286272;4315;6;299757;4967;0;0;0;38472817;31763463;155179;281;35099928;5016;0;0;0
FR;1;2021-08-31;98136;276233;9295;15;289901;10063;2;0;0;38570953;32039696;164474;296;35389829;15079;2;0;0
FR;1;2021-09-01;112366;245287;21122;8;257668;22158;1;0;0;38683319;32284983;185596;304;35647497;37237;3;0;0
FR;1;2021-09-02;86758;197904;24536;18;208300;25518;0;0;0;38770077;32482887;210132;322;35855797;62755;3;0;0
FR;1;2021-09-03;82433;227480;26958;21;238918;28038;0;0;0;38852510;32710367;237090;343;36094715;90793;3;0;0
FR;1;2021-09-04;71632;189718;11141;11;199300;11712;7;0;0;38924142;32900085;248231;354;36294015;102505;10;0;0
FR;1;2021-09-05;18614;41144;4126;2;43849;4277;0;0;0;38942756;32941229;252357;356;36337864;106782;10;0;0
FR;1;2021-09-06;59826;151363;30182;15;158892;31206;2;0;0;39002582;33092592;282539;371;36496756;137988;12;0;0
FR;1;2021-09-07;57401;139620;30215;30;146738;31253;2;0;0;39059983;33232212;312754;401;36643494;169241;14;0;0
FR;1;2021-09-08;72357;173796;26926;22;182267;27967;4;0;0;39132340;33406008;339680;423;36825761;197208;18;0;0
FR;1;2021-09-09;54514;124426;28638;24;131185;29745;5;0;0;39186854;33530434;368318;447;36956946;226953;23;0;0
FR;1;2021-09-10;66225;152063;30452;24;161150;31692;5;0;0;39253079;33682497;398770;471;37118096;258645;28;0;0
FR;1;2021-09-11;52688;146638;9731;14;154127;10356;0;0;0;39305767;33829135;408501;485;37272223;269001;28;0;0
FR;1;2021-09-12;10800;29270;2491;1;30968;2661;2;0;0;39316567;33858405;410992;486;37303191;271662;30;0;0
FR;1;2021-09-13;51519;104394;38767;31;110926;40096;16;0;0;39368086;33962799;449759;517;37414117;311758;46;0;0
FR;1;2021-09-14;53343;96007;51291;67;102369;53291;42;0;0;39421429;34058806;501050;584;37516486;365049;88;0;0
FR;1;2021-09-15;60592;139223;50499;55;146393;47071;67;0;0;39482021;34198029;551549;639;37662879;412120;155;0;0
FR;1;2021-09-16;46646;81365;53354;70;86259;49612;60;0;0;39528667;34279394;604903;709;37749138;461732;215;0;0
FR;1;2021-09-17;53227;109328;45085;61;115662;42718;61;0;0;39581894;34388722;649988;770;37864800;504450;276;0;0
FR;1;2021-09-18;37887;118498;11797;19;124082;11280;19;0;0;39619781;34507220;661785;789;37988882;515730;295;0;0
FR;1;2021-09-19;6531;21024;2045;1;22128;1985;1;0;0;39626312;34528244;663830;790;38011010;517715;296;0;0
FR;1;2021-09-20;36543;74842;46231;65;78562;44198;30;0;0;39662855;34603086;710061;855;38089572;561913;326;0;0
FR;1;2021-09-21;34209;68098;56270;72;71133;52747;76;0;0;39697064;34671184;766331;927;38160705;614660;402;0;0
FR;1;2021-09-22;38849;118605;49883;76;123024;46935;39;0;0;39735913;34789789;816214;1003;38283729;661595;441;0;0
FR;1;2021-09-23;32043;62891;54515;85;65793;50922;76;0;0;39767956;34852680;870729;1088;38349522;712517;517;0;0
FR;1;2021-09-24;36804;90023;43678;89;94382;41959;57;0;0;39804760;34942703;914407;1177;38443904;754476;574;0;0
FR;1;2021-09-25;27655;96713;12307;27;101064;12188;19;0;0;39832415;35039416;926714;1204;38544968;766664;593;0;0
FR;1;2021-09-26;4390;15201;1777;5;16066;1699;4;0;0;39836805;35054617;928491;1209;38561034;768363;597;0;0
FR;1;2021-09-27;27356;60205;42914;89;63435;41644;79;0;1;39864161;35114822;971405;1298;38624469;810007;676;0;1
FR;1;2021-09-28;26913;49419;47207;76;52036;44494;40;0;0;39891074;35164241;1018612;1374;38676505;854501;716;0;1
FR;1;2021-09-29;35927;80253;47297;88;84639;45624;33;0;0;39927001;35244494;1065909;1462;38761144;900125;749;0;1
FR;1;2021-09-30;26078;46900;47529;80;49258;45479;52;0;0;39953079;35291394;1113438;1542;38810402;945604;801;0;1
FR;1;2021-10-01;47307;66911;44909;83;70794;44633;14;0;0;40000386;35358305;1158347;1625;38881196;990237;815;0;1
FR;1;2021-10-02;32384;62416;16114;32;67224;16325;6;0;0;40032770;35420721;1174461;1657;38948420;1006562;821;0;1
FR;1;2021-10-03;4343;8563;2043;3;9312;2038;4;0;0;40037113;35429284;1176504;1660;38957732;1008600;825;0;1
FR;1;2021-10-04;28986;44426;47117;79;46839;46986;31;0;0;40066099;35473710;1223621;1739;39004571;1055586;856;0;1
FR;1;2021-10-05;24576;41641;49895;116;43137;49352;47;0;0;40090675;35515351;1273516;1855;39047708;1104938;903;0;1
FR;1;2021-10-06;34660;61391;57510;101;64498;57265;25;0;0;40125335;35576742;1331026;1956;39112206;1162203;928;0;1
FR;1;2021-10-07;21083;39915;53053;74;41093;51999;32;0;0;40146418;35616657;1384079;2030;39153299;1214202;960;0;1
FR;1;2021-10-08;35672;59644;60412;83;62871;61169;28;0;0;40182090;35676301;1444491;2113;39216170;1275371;988;0;1
FR;1;2021-10-09;27466;48025;25498;29;52491;26028;10;0;0;40209556;35724326;1469989;2142;39268661;1301399;998;0;1
FR;1;2021-10-10;3727;5810;2759;7;6288;2865;1;0;0;40213283;35730136;1472748;2149;39274949;1304264;999;0;1
FR;1;2021-10-11;24858;38210;54590;88;40294;55272;43;0;0;40238141;35768346;1527338;2237;39315243;1359536;1042;0;1
FR;1;2021-10-12;23386;36580;58078;128;37079;59241;18;0;0;40261527;35804926;1585416;2365;39352322;1418777;1060;0;1
FR;1;2021-10-13;32974;47841;64177;125;50645;65703;22;0;1;40294501;35852767;1649593;2490;39402967;1484480;1082;0;2
FR;1;2021-10-14;21715;34774;53776;103;35680;54373;21;0;0;40316216;35887541;1703369;2593;39438647;1538853;1103;0;2
FR;1;2021-10-15;32757;48763;72338;165;50455;75035;22;0;0;40348973;35936304;1775707;2758;39489102;1613888;1125;0;2
FR;1;2021-10-16;26014;35285;34874;45;38300;36432;13;0;0;40374987;35971589;1810581;2803;39527402;1650320;1138;0;2
FR;1;2021-10-17;3161;4053;3418;2;4496;3319;3;0;0;40378148;35975642;1813999;2805;39531898;1653639;1141;0;2
FR;1;2021-10-18;24353;34878;66853;132;34916;69738;27;0;0;40402501;36010520;1880852;2937;39566814;1723377;1168;0;2
FR;1;2021-10-19;20724;35572;75678;135;33223;79610;40;0;0;40423225;36046092;1956530;3072;39600037;1802987;1208;0;2
FR;1;2021-10-20;29917;44205;96191;178;43278;99882;45;0;0;40453142;36090297;2052721;3250;39643315;1902869;1253;0;2
FR;1;2021-10-21;19804;35052;83201;107;31762;87064;29;0;0;40472946;36125349;2135922;3357;39675077;1989933;1282;0;2
FR;1;2021-10-22;29756;47759;103757;196;44556;109723;58;0;0;40502702;36173108;2239679;3553;39719633;2099656;1340;0;2
FR;1;2021-10-23;23055;35143;44876;57;36130;47386;11;0;0;40525757;36208251;2284555;3610;39755763;2147042;1351;0;2
FR;1;2021-10-24;2407;3841;3585;6;4041;3718;1;0;0;40528164;36212092;2288140;3616;39759804;2150760;1352;0;2
FR;1;2021-10-25;22504;30719;82031;143;29601;85840;36;0;0;40550668;36242811;2370171;3759;39789405;2236600;1388;0;2
FR;1;2021-10-26;19368;27644;86127;162;24737;90358;29;0;0;40570036;36270455;2456298;3921;39814142;2326958;1417;0;2
FR;1;2021-10-27;26223;39610;107827;252;37302;112742;45;0;0;40596259;36310065;2564125;4173;39851444;2439700;1462;0;2
FR;1;2021-10-28;18804;27111;86969;150;23484;91738;34;0;0;40615063;36337176;2651094;4323;39874928;2531438;1496;0;2
FR;1;2021-10-29;25936;40253;114844;202;35487;121683;49;0;0;40640999;36377429;2765938;4525;39910415;2653121;1545;0;2
FR;1;2021-10-30;17714;28718;49373;74;28302;51970;18;0;0;40658713;36406147;2815311;4599;39938717;2705091;1563;0;2
FR;1;2021-10-31;2088;3169;3452;2;3215;3686;2;0;0;40660801;36409316;2818763;4601;39941932;2708777;1565;0;2
FR;1;2021-11-01;8026;4274;3037;3;4358;3294;6;0;0;40668827;36413590;2821800;4604;39946290;2712071;1571;0;2
FR;1;2021-11-02;22916;33217;92416;156;29172;97870;39;0;1;40691743;36446807;2914216;4760;39975462;2809941;1610;0;3
FR;1;2021-11-03;26638;41549;117525;219;36997;123909;56;0;0;40718381;36488356;3031741;4979;40012459;2933850;1666;0;3
FR;1;2021-11-04;19630;30289;105826;213;24184;111970;42;0;0;40738011;36518645;3137567;5192;40036643;3045820;1708;0;3
FR;1;2021-11-05;27034;42299;138800;230;34179;147490;47;0;0;40765045;36560944;3276367;5422;40070822;3193310;1755;0;3
FR;1;2021-11-06;18864;29807;63501;123;27605;66521;24;0;0;40783909;36590751;3339868;5545;40098427;3259831;1779;0;3
FR;1;2021-11-07;1834;3268;4985;6;3025;5302;5;0;0;40785743;36594019;3344853;5551;40101452;3265133;1784;0;3
FR;1;2021-11-08;17881;32247;126022;224;25388;132661;47;0;0;40803624;36626266;3470875;5775;40126840;3397794;1831;0;3
FR;1;2021-11-09;19521;37607;159331;334;26129;169154;63;0;0;40823145;36663873;3630206;6109;40152969;3566948;1894;0;3
FR;1;2021-11-10;28895;49048;181930;441;39012;192547;82;0;0;40852040;36712921;3812136;6550;40191981;3759495;1976;0;3
FR;1;2021-11-11;4192;5930;12240;26;5107;13030;14;0;0;40856232;36718851;3824376;6576;40197088;3772525;1990;0;3
FR;1;2021-11-12;26027;46817;174848;244;35282;186549;76;0;0;40882259;36765668;3999224;6820;40232370;3959074;2066;0;3
FR;1;2021-11-13;18736;29144;76847;111;25370;81792;40;0;0;40900995;36794812;4076071;6931;40257740;4040866;2106;0;3
FR;1;2021-11-14;2051;3240;6827;5;2796;7357;6;0;0;40903046;36798052;4082898;6936;40260536;4048223;2112;0;3
FR;1;2021-11-15;18797;34707;156449;306;24615;166286;59;0;0;40921843;36832759;4239347;7242;40285151;4214509;2171;0;3
FR;1;2021-11-16;21369;37810;192163;380;23316;205080;99;0;1;40943212;36870569;4431510;7622;40308467;4419589;2270;0;4
FR;1;2021-11-17;28675;45549;193256;398;33020;205081;92;0;0;40971887;36916118;4624766;8020;40341487;4624670;2362;0;4
FR;1;2021-11-18;21149;39598;182545;459;25136;194673;85;0;0;40993036;36955716;4807311;8479;40366623;4819343;2447;0;4
FR;1;2021-11-19;30894;53319;230287;532;34813;246784;134;0;0;41023930;37009035;5037598;9011;40401436;5066127;2581;0;4
FR;1;2021-11-20;23776;33214;97002;202;26733;103655;40;0;0;41047706;37042249;5134600;9213;40428169;5169782;2621;0;4
FR;1;2021-11-21;2342;3909;9134;19;2957;9940;16;0;0;41050048;37046158;5143734;9232;40431126;5179722;2637;0;4
FR;1;2021-11-22;21426;30327;175932;467;16944;189481;79;0;0;41071474;37076485;5319666;9699;40448070;5369203;2716;0;4
FR;1;2021-11-23;24031;40970;221266;540;21319;238019;77;0;0;41095505;37117455;5540932;10239;40469389;5607222;2793;0;4
FR;1;2021-11-24;30298;49642;217403;701;31961;234586;67;0;0;41125803;37167097;5758335;10940;40501350;5841808;2860;0;4
FR;1;2021-11-25;23732;44044;244526;718;22070;264227;101;0;0;41149535;37211141;6002861;11658;40523420;6106035;2961;0;4
FR;1;2021-11-26;30618;66640;356842;836;33239;388631;154;0;0;41180153;37277781;6359703;12494;40556659;6494666;3115;0;4
FR;1;2021-11-27;21960;45261;202667;372;26149;222697;112;0;0;41202113;37323042;6562370;12866;40582808;6717363;3227;0;4
FR;1;2021-11-28;3180;9544;54804;63;3468;61017;37;0;0;41205293;37332586;6617174;12929;40586276;6778380;3264;0;4
FR;1;2021-11-29;17905;49469;326438;841;20780;354583;150;0;0;41223198;37382055;6943612;13770;40607056;7132963;3414;0;4
FR;1;2021-11-30;22790;64816;431196;952;23794;470845;266;0;0;41245988;37446871;7374808;14722;40630850;7603808;3680;0;4
FR;1;2021-12-01;25364;69037;442957;1131;28429;481822;271;0;0;41271352;37515908;7817765;15853;40659279;8085630;3951;0;4
FR;1;2021-12-02;20094;64297;489465;1230;18435;532969;274;0;0;41291446;37580205;8307230;17083;40677714;8618599;4225;0;4
FR;1;2021-12-03;22912;82300;542843;1310;30271;591859;308;0;0;41314358;37662505;8850073;18393;40707985;9210458;4533;0;4
FR;1;2021-12-04;16417;53779;299138;654;23205;328998;180;0;0;41330775;37716284;9149211;19047;40731190;9539456;4713;0;4
FR;1;2021-12-05;3635;13773;81549;143;4193;91048;85;0;0;41334410;37730057;9230760;19190;40735383;9630504;4798;0;4
FR;1;2021-12-06;25848;62421;415525;1066;22060;455254;358;0;0;41360258;37792478;9646285;20256;40757443;10085758;5156;0;4
FR;1;2021-12-07;20020;75456;523082;1536;24274;572742;372;0;0;41380278;37867934;10169367;21792;40781717;10658500;5528;0;4
FR;1;2021-12-08;21718;75491;458635;1545;30648;502293;377;0;0;41401996;37943425;10628002;23337;40812365;11160793;5905;0;4
FR;1;2021-12-09;19473;73941;493115;1624;24327;541128;398;0;0;41421469;38017366;11121117;24961;40836692;11701921;6303;0;4
FR;1;2021-12-10;23330;87515;547475;1585;32415;600115;392;0;1;41444799;38104881;11668592;26546;40869107;12302036;6695;0;5
FR;1;2021-12-11;16534;59085;302768;751;25946;335501;278;0;0;41461333;38163966;11971360;27297;40895053;12637537;6973;0;5
FR;1;2021-12-12;4398;15876;83240;179;5242;94047;96;0;0;41465731;38179842;12054600;27476;40900295;12731584;7069;0;5
FR;1;2021-12-13;15761;63394;367087;1094;23901;406371;236;0;0;41481492;38243236;12421687;28570;40924196;13137955;7305;0;5
FR;1;2021-12-14;20870;80105;464902;1749;28633;515359;507;0;1;41502362;38323341;12886589;30319;40952829;13653314;7812;0;6
FR;1;2021-12-15;21630;77285;409187;1309;33002;453256;311;0;1;41523992;38400626;13295776;31628;40985831;14106570;8123;0;7
FR;1;2021-12-16;20070;77050;452010;1577;27919;500750;324;0;0;41544062;38477676;13747786;33205;41013750;14607320;8447;0;7
FR;1;2021-12-17;22629;86369;480032;1737;34640;531056;372;0;0;41566691;38564045;14227818;34942;41048390;15138376;8819;0;7
FR;1;2021-12-18;17610;54545;257662;731;24683;288528;232;0;0;41584301;38618590;14485480;35673;41073073;15426904;9051;0;7
FR;1;2021-12-19;5563;16907;79205;194;5921;90676;117;0;0;41589864;38635497;14564685;35867;41078994;15517580;9168;0;7
FR;1;2021-12-20;20957;62870;316306;1082;26487;355340;286;0;0;41610821;38698367;14880991;36949;41105481;15872920;9454;0;7
FR;1;2021-12-21;26344;72856;372823;1422;30551;418150;338;0;0;41637165;38771223;15253814;38371;41136032;16291070;9792;0;7
FR;1;2021-12-22;24989;65641;310705;1217;29570;349629;361;0;1;41662154;38836864;15564519;39588;41165602;16640699;10153;0;8
FR;1;2021-12-23;21278;52102;241543;958;23335;273075;362;0;0;41683432;38888966;15806062;40546;41188937;16913774;10515;0;8
FR;1;2021-12-24;7130;18268;67173;258;9244;77065;154;0;1;41690562;38907234;15873235;40804;41198181;16990839;10669;0;9
FR;1;2021-12-25;510;2864;5595;15;1797;6539;55;0;0;41691072;38910098;15878830;40819;41199978;16997378;10724;0;9
FR;1;2021-12-26;2751;7568;26960;71;3492;31470;100;0;0;41693823;38917666;15905790;40890;41203470;17028848;10824;0;9
FR;1;2021-12-27;18312;53455;235147;705;25446;265806;365;0;0;41712135;38971121;16140937;41595;41228916;17294654;11189;0;9
FR;1;2021-12-28;23302;61879;292071;1026;26988;330246;595;0;1;41735437;39033000;16433008;42621;41255904;17624900;11784;0;10
FR;1;2021-12-29;22218;55370;255049;921;25254;288245;645;0;1;41757655;39088370;16688057;43542;41281158;17913145;12429;0;11
FR;1;2021-12-30;21240;46405;212183;857;22441;239631;718;0;0;41778895;39134775;16900240;44399;41303599;18152776;13147;0;11
FR;1;2021-12-31;7468;16535;61882;229;8713;70416;347;0;0;41786363;39151310;16962122;44628;41312312;18223192;13494;0;11
FR;1;2022-01-01;1170;2489;5668;30;1543;6577;73;0;0;41787533;39153799;16967790;44658;41313855;18229769;13567;0;11
FR;1;2022-01-02;3096;8074;28896;50;3672;33537;190;0;0;41790629;39161873;16996686;44708;41317527;18263306;13757;0;11
FR;1;2022-01-03;26997;54161;228289;790;27529;257749;964;0;1;41817626;39216034;17224975;45498;41345056;18521055;14721;0;12
FR;1;2022-01-04;26370;64971;299326;1241;29772;337372;1367;0;2;41843996;39281005;17524301;46739;41374828;18858427;16088;0;14
FR;1;2022-01-05;30570;64237;274936;1099;32505;310314;1264;0;0;41874566;39345242;17799237;47838;41407333;19168741;17352;0;14
FR;1;2022-01-06;26861;66194;306957;1404;29268;346631;1569;0;1;41901427;39411436;18106194;49242;41436601;19515372;18921;0;15
FR;1;2022-01-07;31584;74959;349882;1538;34385;394010;1822;0;1;41933011;39486395;18456076;50780;41470986;19909382;20743;0;16
FR;1;2022-01-08;23391;51358;222512;698;25571;251140;913;0;1;41956402;39537753;18678588;51478;41496557;20160522;21656;0;17
FR;1;2022-01-09;7091;17130;66036;163;8165;76142;335;0;0;41963493;39554883;18744624;51641;41504722;20236664;21991;0;17
FR;1;2022-01-10;21814;60572;236837;957;32912;267628;1258;0;1;41985307;39615455;18981461;52598;41537634;20504292;23249;0;18
FR;1;2022-01-11;26785;63427;282347;1280;31190;317862;1837;0;1;42012092;39678882;19263808;53878;41568824;20822154;25086;0;19
FR;1;2022-01-12;28969;62476;246305;1106;35041;278093;1686;0;3;42041061;39741358;19510113;54984;41603865;21100247;26772;0;22
FR;1;2022-01-13;24791;60153;262845;1253;30023;296166;1993;0;4;42065852;39801511;19772958;56237;41633888;21396413;28765;0;26
FR;1;2022-01-14;27972;66681;314057;1366;32102;351309;2475;0;1;42093824;39868192;20087015;57603;41665990;21747722;31240;0;27
FR;1;2022-01-15;19371;44407;199333;619;22460;223870;1363;0;1;42113195;39912599;20286348;58222;41688450;21971592;32603;0;28
FR;1;2022-01-16;5161;12955;51537;135;6020;59557;338;0;0;42118356;39925554;20337885;58357;41694470;22031149;32941;0;28
FR;1;2022-01-17;16884;39660;184865;783;20110;206843;1690;0;2;42135240;39965214;20522750;59140;41714580;22237992;34631;0;30
FR;1;2022-01-18;19460;45955;212462;1154;22981;237063;2456;0;1;42154700;40011169;20735212;60294;41737561;22475055;37087;0;31
FR;1;2022-01-19;20314;43939;176150;898;25466;197206;1977;0;4;42175014;40055108;20911362;61192;41763027;22672261;39064;0;35
FR;1;2022-01-20;16853;40565;183722;1147;20812;204767;2516;0;2;42191867;40095673;21095084;62339;41783839;22877028;41580;0;37
FR;1;2022-01-21;19923;47000;228984;1405;23879;253362;3105;0;1;42211790;40142673;21324068;63744;41807718;23130390;44685;0;38
FR;1;2022-01-22;13845;33331;144509;579;18432;161398;1404;0;2;42225635;40176004;21468577;64323;41826150;23291788;46089;0;40
FR;1;2022-01-23;3379;8763;33439;132;4576;38324;352;0;1;42229014;40184767;21502016;64455;41830726;23330112;46441;0;41
FR;1;2022-01-24;11816;32968;142243;718;17789;158280;2104;0;1;42240830;40217735;21644259;65173;41848515;23488392;48545;0;42
FR;1;2022-01-25;14217;38156;163436;1049;20281;181570;3181;0;1;42255047;40255891;21807695;66222;41868796;23669962;51726;0;43
FR;1;2022-01-26;14865;37722;150273;934;22633;166402;2516;0;1;42269912;40293613;21957968;67156;41891429;23836364;54242;0;44
FR;1;2022-01-27;12341;33337;143471;896;18498;158050;3230;0;3;42282253;40326950;22101439;68052;41909927;23994414;57472;0;47
FR;1;2022-01-28;16331;56907;198337;1144;32663;222396;4007;0;3;42298584;40383857;22299776;69196;41942590;24216810;61479;0;50
FR;1;2022-01-29;10270;35469;135216;525;19611;151542;1879;0;1;42308854;40419326;22434992;69721;41962201;24368352;63358;0;51
FR;1;2022-01-30;2485;9254;29688;86;4827;34449;434;0;1;42311339;40428580;22464680;69807;41967028;24402801;63792;0;52
FR;1;2022-01-31;8759;32460;104354;533;19470;117342;2340;0;3;42320098;40461040;22569034;70340;41986498;24520143;66132;0;55
FR;1;2022-02-01;11010;36446;127095;866;20631;141217;4320;0;1;42331108;40497486;22696129;71206;42007129;24661360;70452;0;56
FR;1;2022-02-02;12168;41572;130370;782;25262;145818;3774;0;9;42343276;40539058;22826499;71988;42032391;24807178;74226;0;65
FR;1;2022-02-03;9518;34055;117034;785;19122;130334;4284;0;4;42352794;40573113;22943533;72773;42051513;24937512;78510;0;69
FR;1;2022-02-04;11543;49685;172589;968;26976;192725;5479;0;5;42364337;40622798;23116122;73741;42078489;25130237;83989;0;74
FR;1;2022-02-05;8000;33921;117593;391;18170;133024;2414;0;3;42372337;40656719;23233715;74132;42096659;25263261;86403;0;77
FR;1;2022-02-06;1706;7995;22754;86;3873;26905;444;0;0;42374043;40664714;23256469;74218;42100532;25290166;86847;0;77
FR;1;2022-02-07;7367;35385;119114;460;18171;134971;3398;0;4;42381410;40700099;23375583;74678;42118703;25425137;90245;0;81
FR;1;2022-02-08;7771;31960;125676;696;14892;140666;4301;0;5;42389181;40732059;23501259;75374;42133595;25565803;94546;0;86
FR;1;2022-02-09;8742;36530;135267;702;17930;152511;3884;0;7;42397923;40768589;23636526;76076;42151525;25718314;98430;0;93
FR;1;2022-02-10;7032;30144;116383;677;13909;130171;4445;0;1;42404955;40798733;23752909;76753;42165434;25848485;102875;0;94
FR;1;2022-02-11;8662;41568;165150;878;18382;185374;5430;0;3;42413617;40840301;23918059;77631;42183816;26033859;108305;0;97
FR;1;2022-02-12;5346;27617;106715;379;12540;120900;2396;0;2;42418963;40867918;24024774;78010;42196356;26154759;110701;0;99
FR;1;2022-02-13;1269;5721;21721;66;2188;25339;402;0;3;42420232;40873639;24046495;78076;42198544;26180098;111103;0;102
FR;1;2022-02-14;5461;27230;118095;395;10644;133123;3385;0;4;42425693;40900869;24164590;78471;42209188;26313221;114488;0;106
FR;1;2022-02-15;5797;28872;118941;611;12221;132572;4883;0;1;42431490;40929741;24283531;79082;42221409;26445793;119371;0;107
FR;1;2022-02-16;5763;28496;110429;597;13763;123059;4153;0;3;42437253;40958237;24393960;79679;42235172;26568852;123524;0;110
FR;1;2022-02-17;4617;19749;73155;489;10129;80262;3999;0;3;42441870;40977986;24467115;80168;42245301;26649114;127523;0;113
FR;1;2022-02-18;5615;26803;99207;673;14176;108168;5519;0;2;42447485;41004789;24566322;80841;42259477;26757282;133042;0;115
FR;1;2022-02-19;3551;17177;59479;305;9570;66060;2267;0;0;42451036;41021966;24625801;81146;42269047;26823342;135309;0;115
FR;1;2022-02-20;794;3258;10706;36;1651;12333;360;0;1;42451830;41025224;24636507;81182;42270698;26835675;135669;0;116
FR;1;2022-02-21;3430;14599;52830;286;7919;57678;3126;0;2;42455260;41039823;24689337;81468;42278617;26893353;138795;0;118
FR;1;2022-02-22;3804;15550;51919;500;9047;55657;4070;0;1;42459064;41055373;24741256;81968;42287664;26949010;142865;0;119
FR;1;2022-02-23;4235;17828;57487;510;10748;62589;3568;0;3;42463299;41073201;24798743;82478;42298412;27011599;146433;0;122
FR;1;2022-02-24;3345;13145;43620;436;7840;46410;3658;0;2;42466644;41086346;24842363;82914;42306252;27058009;150091;0;124
FR;1;2022-02-25;4478;20133;64928;697;12250;68799;5768;0;4;42471122;41106479;24907291;83611;42318502;27126808;155859;0;128
FR;1;2022-02-26;2698;12806;41372;310;7653;45125;2494;0;2;42473820;41119285;24948663;83921;42326155;27171933;158353;0;130
FR;1;2022-02-27;644;2192;7131;42;1207;7994;433;0;0;42474464;41121477;24955794;83963;42327362;27179927;158786;0;130
FR;1;2022-02-28;2614;10501;34969;306;6081;37395;3124;0;0;42477078;41131978;24990763;84269;42333443;27217322;161910;0;130
FR;1;2022-03-01;3592;10762;38706;391;6364;39662;4548;0;4;42480670;41142740;25029469;84660;42339807;27256984;166458;0;134
FR;1;2022-03-02;3685;12287;41871;399;7554;43941;4111;0;1;42484355;41155027;25071340;85059;42347361;27300925;170569;0;135
FR;1;2022-03-03;2463;7994;26186;329;5249;26524;3380;0;1;42486818;41163021;25097526;85388;42352610;27327449;173949;0;136
FR;1;2022-03-04;2691;10550;35468;594;6982;34962;5280;0;3;42489509;41173571;25132994;85982;42359592;27362411;179229;0;139
FR;1;2022-03-05;1823;6369;21972;280;4207;22370;2572;0;1;42491332;41179940;25154966;86262;42363799;27384781;181801;0;140
FR;1;2022-03-06;360;959;2918;38;605;3121;327;0;0;42491692;41180899;25157884;86300;42364404;27387902;182128;0;140
FR;1;2022-03-07;1923;4724;16442;245;3046;15910;2831;0;4;42493615;41185623;25174326;86545;42367450;27403812;184959;0;144
FR;1;2022-03-08;1719;5259;17172;309;3670;16001;3471;0;3;42495334;41190882;25191498;86854;42371120;27419813;188430;0;147
FR;1;2022-03-09;1988;6750;19821;371;4825;19179;3424;0;4;42497322;41197632;25211319;87225;42375945;27438992;191854;0;151
FR;1;2022-03-10;1416;5023;15302;309;3675;14340;2944;0;2;42498738;41202655;25226621;87534;42379620;27453332;194798;0;153
FR;1;2022-03-11;1761;6416;21717;487;4450;19873;4737;0;1;42500499;41209071;25248338;88021;42384070;27473205;199535;0;154
FR;1;2022-03-12;1263;4652;15367;281;3093;14915;2687;0;2;42501762;41213723;25263705;88302;42387163;27488120;202222;0;156
FR;1;2022-03-13;257;614;2119;119;415;2065;468;0;0;42502019;41214337;25265824;88421;42387578;27490185;202690;0;156
FR;1;2022-03-14;1158;3681;13407;3882;2296;12528;6342;0;8;42503177;41218018;25279231;92303;42389874;27502713;209032;0;164
FR;1;2022-03-15;1409;5735;14665;6865;4319;13262;9847;0;8;42504586;41223753;25293896;99168;42394193;27515975;218879;0;172
FR;1;2022-03-16;1697;5091;17401;11521;3602;16465;14126;0;6;42506283;41228844;25311297;110689;42397795;27532440;233005;0;178
FR;1;2022-03-17;1181;3442;11735;9648;2367;10830;11732;0;8;42507464;41232286;25323032;120337;42400162;27543270;244737;0;186
FR;1;2022-03-18;1725;4931;17980;16508;3325;16419;19722;0;14;42509189;41237217;25341012;136845;42403487;27559689;264459;0;200
FR;1;2022-03-19;1126;3302;11891;8460;2277;11362;10142;0;6;42510315;41240519;25352903;145305;42405764;27571051;274601;0;206
FR;1;2022-03-20;224;562;1726;1015;364;1761;1224;0;2;42510539;41241081;25354629;146320;42406128;27572812;275825;0;208
FR;1;2022-03-21;1088;2768;11505;13462;1787;10856;15142;0;10;42511627;41243849;25366134;159782;42407915;27583668;290967;0;218
FR;1;2022-03-22;1282;3215;12264;18716;2156;11252;20619;0;5;42512909;41247064;25378398;178498;42410071;27594920;311586;0;223
FR;1;2022-03-23;1515;4365;16034;20112;2961;15715;21884;0;34;42514424;41251429;25394432;198610;42413032;27610635;333470;0;257
FR;1;2022-03-24;1121;2754;10405;16060;1910;9666;17565;0;15;42515545;41254183;25404837;214670;42414942;27620301;351035;0;272
FR;1;2022-03-25;1540;4364;16758;25315;2882;15409;27960;0;23;42517085;41258547;25421595;239985;42417824;27635710;378995;0;295
FR;1;2022-03-26;1110;3018;10856;11452;2065;10518;12864;0;20;42518195;41261565;25432451;251437;42419889;27646228;391859;0;315
FR;1;2022-03-27;237;546;1751;1383;334;1804;1594;0;1;42518432;41262111;25434202;252820;42420223;27648032;393453;0;316
FR;1;2022-03-28;1086;2490;9981;15885;1558;9602;17230;0;10;42519518;41264601;25444183;268705;42421781;27657634;410683;0;326
FR;1;2022-03-29;1140;2754;11562;25112;1602;10926;26509;0;30;42520658;41267355;25455745;293817;42423383;27668560;437192;0;356
FR;1;2022-03-30;1632;3680;14176;24233;2454;13716;25897;0;19;42522290;41271035;25469921;318050;42425837;27682276;463089;0;375
FR;1;2022-03-31;1281;3032;11701;22700;2060;11214;24021;0;40;42523571;41274067;25481622;340750;42427897;27693490;487110;0;415
FR;1;2022-04-01;2239;4025;18492;28534;2482;17362;30806;0;54;42525810;41278092;25500114;369284;42430379;27710852;517916;0;469
FR;1;2022-04-02;911;1894;8197;9240;1106;7960;10233;0;28;42526721;41279986;25508311;378524;42431485;27718812;528149;0;497
FR;1;2022-04-03;207;382;1433;1058;219;1435;1249;0;1;42526928;41280368;25509744;379582;42431704;27720247;529398;0;498
FR;1;2022-04-04;4274;2608;11385;17680;1696;10776;18900;0;30;42531202;41282976;25521129;397262;42433400;27731023;548298;0;528
FR;1;2022-04-05;2262;2725;13007;31222;1708;12033;32603;0;68;42533464;41285701;25534136;428484;42435108;27743056;580901;0;596
FR;1;2022-04-06;1893;3018;12207;23982;1926;11644;25279;0;62;42535357;41288719;25546343;452466;42437034;27754700;606180;0;658
FR;1;2022-04-07;1694;2754;12360;31120;1651;11827;32196;0;68;42537051;41291473;25558703;483586;42438685;27766527;638376;0;726
FR;1;2022-04-08;1847;3713;17570;40648;2099;16500;42701;0;76;42538898;41295186;25576273;524234;42440784;27783027;681077;0;802
FR;1;2022-04-09;827;2000;8406;12504;1078;8106;13502;0;26;42539725;41297186;25584679;536738;42441862;27791133;694579;0;828
FR;1;2022-04-10;202;654;1837;1855;419;1883;2075;0;6;42539927;41297840;25586516;538593;42442281;27793016;696654;0;834
FR;1;2022-04-11;1108;2269;10973;22372;1322;10687;23480;0;68;42541035;41300109;25597489;560965;42443603;27803703;720134;0;902
FR;1;2022-04-12;1352;2680;12828;38147;1594;12316;38899;0;119;42542387;41302789;25610317;599112;42445197;27816019;759033;0;1021
FR;1;2022-04-13;1284;2894;12279;30627;1790;12009;31399;0;85;42543671;41305683;25622596;629739;42446987;27828028;790432;0;1106
FR;1;2022-04-14;1240;2629;12119;33661;1632;12133;34098;0;87;42544911;41308312;25634715;663400;42448619;27840161;824530;0;1193
FR;1;2022-04-15;1512;3346;14408;33269;2161;13814;34671;0;107;42546423;41311658;25649123;696669;42450780;27853975;859201;0;1300
FR;1;2022-04-16;663;1410;5845;8003;767;5777;8757;0;31;42547086;41313068;25654968;704672;42451547;27859752;867958;0;1331
FR;1;2022-04-17;157;290;930;1121;177;975;1171;0;7;42547243;41313358;25655898;705793;42451724;27860727;869129;0;1338
FR;1;2022-04-18;170;499;2636;1002;313;2660;1187;0;5;42547413;41313857;25658534;706795;42452037;27863387;870316;0;1343
FR;1;2022-04-19;1259;2610;11788;27936;1500;11519;28791;0;69;42548672;41316467;25670322;734731;42453537;27874906;899107;0;1412
FR;1;2022-04-20;1360;2675;12179;26886;1678;12031;27711;0;82;42550032;41319142;25682501;761617;42455215;27886937;926818;0;1494
FR;1;2022-04-21;1245;2465;11554;33285;1514;11785;33623;0;107;42551277;41321607;25694055;794902;42456729;27898722;960441;0;1601
FR;1;2022-04-22;1527;3094;15217;35507;1927;14795;36705;0;120;42552804;41324701;25709272;830409;42458656;27913517;997146;0;1721
FR;1;2022-04-23;767;1590;6738;9894;927;6644;10578;0;30;42553571;41326291;25716010;840303;42459583;27920161;1007724;0;1751
FR;1;2022-04-24;195;378;1376;1524;242;1329;1749;0;7;42553766;41326669;25717386;841827;42459825;27921490;1009473;0;1758
FR;1;2022-04-25;1042;2133;9858;19736;1256;9758;20558;0;64;42554808;41328802;25727244;861563;42461081;27931248;1030031;0;1822
FR;1;2022-04-26;1351;2627;12608;36640;1608;12207;37228;0;163;42556159;41331429;25739852;898203;42462689;27943455;1067259;0;1985
FR;1;2022-04-27;1331;2411;10654;29290;1471;10790;29675;0;123;42557490;41333840;25750506;927493;42464160;27954245;1096934;0;2108
FR;1;2022-04-28;1285;2418;11565;34327;1524;11406;34477;0;127;42558775;41336258;25762071;961820;42465684;27965651;1131411;0;2235
FR;1;2022-04-29;1616;4296;14406;35563;3169;13859;36852;0;153;42560391;41340554;25776477;997383;42468853;27979510;1168263;0;2388
FR;1;2022-04-30;841;4336;6448;9173;3763;6292;9974;0;35;42561232;41344890;25782925;1006556;42472616;27985802;1178237;0;2423
FR;1;2022-05-01;178;288;832;951;190;826;1080;0;5;42561410;41345178;25783757;1007507;42472806;27986628;1179317;0;2428
FR;1;2022-05-02;2099;2619;10383;16956;1774;10308;17637;0;64;42563509;41347797;25794140;1024463;42474580;27996936;1196954;0;2492
FR;1;2022-05-03;1687;2879;12712;32916;1762;12604;33715;0;149;42565196;41350676;25806852;1057379;42476342;28009540;1230669;0;2641
FR;1;2022-05-04;1382;2751;11234;23826;1696;11396;24365;0;96;42566578;41353427;25818086;1081205;42478038;28020936;1255034;0;2737
FR;1;2022-05-05;1501;2738;12201;31862;1722;12124;32410;0;170;42568079;41356165;25830287;1113067;42479760;28033060;1287444;0;2907
FR;1;2022-05-06;1823;3242;14242;34941;1919;13826;36203;0;166;42569902;41359407;25844529;1148008;42481679;28046886;1323647;0;3073
FR;1;2022-05-07;860;1473;5979;9097;878;6013;9731;0;44;42570762;41360880;25850508;1157105;42482557;28052899;1333378;0;3117
FR;1;2022-05-08;190;329;1062;1472;221;1124;1548;0;8;42570952;41361209;25851570;1158577;42482778;28054023;1334926;0;3125
FR;1;2022-05-09;1168;2020;9250;19262;1160;9165;20034;0;93;42572120;41363229;25860820;1177839;42483938;28063188;1354960;0;3218
FR;1;2022-05-10;1513;3050;12616;37145;1961;12215;38043;0;177;42573633;41366279;25873436;1214984;42485899;28075403;1393003;0;3395
FR;1;2022-05-11;1441;2480;9912;26042;1698;9860;26559;0;138;42575074;41368759;25883348;1241026;42487597;28085263;1419562;0;3533
FR;1;2022-05-12;1326;2457;10530;33654;1549;10230;34300;0;188;42576400;41371216;25893878;1274680;42489146;28095493;1453862;0;3721
FR;1;2022-05-13;1618;2808;12770;35855;1686;12418;36950;0;149;42578018;41374024;25906648;1310535;42490832;28107911;1490812;0;3870
FR;1;2022-05-14;783;1330;5481;10217;816;5365;10732;0;51;42578801;41375354;25912129;1320752;42491648;28113276;1501544;0;3921
FR;1;2022-05-15;223;422;1182;1352;246;1252;1497;0;5;42579024;41375776;25913311;1322104;42491894;28114528;1503041;0;3926
FR;1;2022-05-16;972;1786;8081;20138;1005;8145;20550;0;117;42579996;41377562;25921392;1342242;42492899;28122673;1523591;0;4043
FR;1;2022-05-17;1297;2303;11126;36187;1387;10730;36973;0;172;42581293;41379865;25932518;1378429;42494286;28133403;1560564;0;4215
FR;1;2022-05-18;1313;2137;9041;25730;1369;8991;26289;0;99;42582606;41382002;25941559;1404159;42495655;28142394;1586853;0;4314
FR;1;2022-05-19;1207;2404;9857;34005;1415;9952;34208;0;150;42583813;41384406;25951416;1438164;42497070;28152346;1621061;0;4464
FR;1;2022-05-20;1563;2757;12533;37655;1721;12113;38516;0;151;42585376;41387163;25963949;1475819;42498791;28164459;1659577;0;4615
FR;1;2022-05-21;775;1387;5247;9374;880;5164;9944;0;37;42586151;41388550;25969196;1485193;42499671;28169623;1669521;0;4652
FR;1;2022-05-22;194;292;954;1398;204;953;1521;0;10;42586345;41388842;25970150;1486591;42499875;28170576;1671042;0;4662
FR;1;2022-05-23;971;1891;8370;19439;1179;8346;20056;0;79;42587316;41390733;25978520;1506030;42501054;28178922;1691098;0;4741
FR;1;2022-05-24;1289;2448;10728;37252;1440;10598;37825;0;173;42588605;41393181;25989248;1543282;42502494;28189520;1728923;0;4914
FR;1;2022-05-25;1272;2300;8793;23694;1425;8957;24056;0;111;42589877;41395481;25998041;1566976;42503919;28198477;1752979;0;5025
FR;1;2022-05-26;175;385;1585;1155;261;1580;1288;0;24;42590052;41395866;25999626;1568131;42504180;28200057;1754267;0;5049
FR;1;2022-05-27;1120;2192;8790;20457;1377;8538;21410;0;84;42591172;41398058;26008416;1588588;42505557;28208595;1775677;0;5133
FR;1;2022-05-28;486;1059;3692;6543;627;3729;6930;0;37;42591658;41399117;26012108;1595131;42506184;28212324;1782607;0;5170
FR;1;2022-05-29;121;257;708;896;149;719;1005;0;4;42591779;41399374;26012816;1596027;42506333;28213043;1783612;0;5174
FR;1;2022-05-30;832;1744;6559;18536;1045;6592;18990;0;85;42592611;41401118;26019375;1614563;42507378;28219635;1802602;0;5259
FR;1;2022-05-31;1266;2241;9248;34376;1372;9118;34976;0;159;42593877;41403359;26028623;1648939;42508750;28228753;1837578;0;5418
FR;1;2022-06-01;1336;2605;10439;23460;1752;10302;24307;0;116;42595213;41405964;26039062;1672399;42510502;28239055;1861885;0;5534
FR;1;2022-06-02;1228;2309;10670;34153;1448;10248;34986;0;162;42596441;41408273;26049732;1706552;42511950;28249303;1896871;0;5696
FR;1;2022-06-03;1447;2749;12735;37112;1740;12156;38288;0;157;42597888;41411022;26062467;1743664;42513690;28261459;1935159;0;5853
FR;1;2022-06-04;686;1262;4750;8677;759;4826;9167;0;62;42598574;41412284;26067217;1752341;42514449;28266285;1944326;0;5915
FR;1;2022-06-05;134;292;811;1049;150;835;1154;0;3;42598708;41412576;26068028;1753390;42514599;28267120;1945480;0;5918
FR;1;2022-06-06;841;1196;2028;1252;1018;2047;1427;0;9;42599549;41413772;26070056;1754642;42515617;28269167;1946907;0;5927
FR;1;2022-06-07;1264;2343;9185;34057;1440;8845;35156;0;143;42600813;41416115;26079241;1788699;42517057;28278012;1982063;0;6070
FR;1;2022-06-08;1140;2239;8682;27615;1402;8566;28486;0;107;42601953;41418354;26087923;1816314;42518459;28286578;2010549;0;6177
FR;1;2022-06-09;1076;2151;9987;37576;1282;9672;38343;0;148;42603029;41420505;26097910;1853890;42519741;28296250;2048892;0;6325
FR;1;2022-06-10;1336;2861;12424;43134;1824;12015;44363;0;200;42604365;41423366;26110334;1897024;42521565;28308265;2093255;0;6525
FR;1;2022-06-11;661;1451;5136;11085;798;5185;11614;0;50;42605026;41424817;26115470;1908109;42522363;28313450;2104869;0;6575
FR;1;2022-06-12;157;377;1019;1687;189;1077;1788;0;11;42605183;41425194;26116489;1909796;42522552;28314527;2106657;0;6586
FR;1;2022-06-13;951;1840;7014;22226;1135;6871;23067;0;84;42606134;41427034;26123503;1932022;42523687;28321398;2129724;0;6670
FR;1;2022-06-14;1117;2234;9841;42852;1312;9246;43944;0;186;42607251;41429268;26133344;1974874;42524999;28330644;2173668;0;6856
FR;1;2022-06-15;1095;2012;8788;29393;1363;8476;29941;0;169;42608346;41431280;26142132;2004267;42526362;28339120;2203609;0;7025
FR;1;2022-06-16;959;1840;9403;38510;1061;8881;39417;0;188;42609305;41433120;26151535;2042777;42527423;28348001;2243026;0;7213
FR;1;2022-06-17;1229;2568;11916;44864;1483;11382;46004;0;224;42610534;41435688;26163451;2087641;42528906;28359383;2289030;0;7437
FR;1;2022-06-18;564;1277;4319;10544;717;4258;11086;0;62;42611098;41436965;26167770;2098185;42529623;28363641;2300116;0;7499
FR;1;2022-06-19;137;325;1003;1543;173;1082;1609;0;12;42611235;41437290;26168773;2099728;42529796;28364723;2301725;0;7511
FR;1;2022-06-20;861;1710;8493;25049;1009;8157;25910;0;146;42612096;41439000;26177266;2124777;42530805;28372880;2327635;0;7657
FR;1;2022-06-21;1103;2140;9765;47760;1254;8856;49105;0;241;42613199;41441140;26187031;2172537;42532059;28381736;2376740;0;7898
FR;1;2022-06-22;1046;2074;8442;37162;1301;7963;38022;0;231;42614245;41443214;26195473;2209699;42533360;28389699;2414762;0;8129
FR;1;2022-06-23;1054;2181;10125;52819;1210;9408;53828;0;290;42615299;41445395;26205598;2262518;42534570;28399107;2468590;0;8419
FR;1;2022-06-24;1256;2719;12917;65969;1487;11701;67641;0;367;42616555;41448114;26218515;2328487;42536057;28410808;2536231;0;8786
FR;1;2022-06-25;685;1506;5930;18923;792;5712;19722;0;163;42617240;41449620;26224445;2347410;42536849;28416520;2555953;0;8949
FR;1;2022-06-26;167;406;1817;3494;191;1713;3730;0;34;42617407;41450026;26226262;2350904;42537040;28418233;2559683;0;8983
FR;1;2022-06-27;945;1777;9901;45979;943;9127;47114;0;300;42618352;41451803;26236163;2396883;42537983;28427360;2606797;0;9283
FR;1;2022-06-28;1216;2576;13843;86587;1382;12404;88275;0;569;42619568;41454379;26250006;2483470;42539365;28439764;2695072;0;9852
FR;1;2022-06-29;1242;2297;11483;67405;1261;10550;68450;0;487;42620810;41456676;26261489;2550875;42540626;28450314;2763522;0;10339
FR;1;2022-06-30;1291;2487;13518;89967;1438;11828;91769;0;645;42622101;41459163;26275007;2640842;42542064;28462142;2855291;0;10984
FR;1;2022-07-01;1659;3482;20316;109201;1992;17972;111597;0;859;42623760;41462645;26295323;2750043;42544056;28480114;2966888;0;11843
FR;1;2022-07-02;770;1527;8025;33776;751;7254;34802;0;315;42624530;41464172;26303348;2783819;42544807;28487368;3001690;0;12158
FR;1;2022-07-03;230;480;1943;6118;257;1759;6444;0;71;42624760;41464652;26305291;2789937;42545064;28489127;3008134;0;12229
FR;1;2022-07-04;1678;3179;13935;75420;2064;12362;77309;0;589;42626438;41467831;26319226;2865357;42547128;28501489;3085443;0;12818
FR;1;2022-07-05;1507;2858;17696;126371;1512;15152;128485;0;1060;42627945;41470689;26336922;2991728;42548640;28516641;3213928;0;13878
FR;1;2022-07-06;1379;2406;14888;93747;1385;12912;95183;0;815;42629324;41473095;26351810;3085475;42550025;28529553;3309111;0;14693
FR;1;2022-07-07;1444;2538;16939;119493;1406;14010;121588;0;1074;42630768;41475633;26368749;3204968;42551431;28543563;3430699;0;15767
FR;1;2022-07-08;1534;2823;19612;130007;1541;15975;132811;0;1220;42632302;41478456;26388361;3334975;42552972;28559538;3563510;0;16987
FR;1;2022-07-09;663;1281;7311;36022;699;6354;36809;0;392;42632965;41479737;26395672;3370997;42553671;28565892;3600319;0;17379
FR;1;2022-07-10;245;657;2240;6689;412;2032;7068;0;89;42633210;41480394;26397912;3377686;42554083;28567924;3607387;0;17468
FR;1;2022-07-11;1241;2245;14320;84455;1180;11942;86565;0;734;42634451;41482639;26412232;3462141;42555263;28579866;3693952;0;18202
FR;1;2022-07-12;1605;2806;19464;137423;1442;15903;139914;0;1485;42636056;41485445;26431696;3599564;42556705;28595769;3833866;0;19687
FR;1;2022-07-13;1461;2442;14791;89838;1319;12644;91523;0;1002;42637517;41487887;26446487;3689402;42558024;28608413;3925389;0;20689
FR;1;2022-07-14;162;351;1864;5290;196;1773;5437;0;74;42637679;41488238;26448351;3694692;42558220;28610186;3930826;0;20763
FR;1;2022-07-15;1266;2319;14364;80599;1206;12007;82603;0;960;42638945;41490557;26462715;3775291;42559426;28622193;4013429;0;21723
FR;1;2022-07-16;514;1064;5641;23949;556;4894;24590;0;302;42639459;41491621;26468356;3799240;42559982;28627087;4038019;0;22025
FR;1;2022-07-17;163;369;1656;4464;193;1501;4727;0;60;42639622;41491990;26470012;3803704;42560175;28628588;4042746;0;22085
FR;1;2022-07-18;975;2037;11301;59282;1148;9571;61006;0;715;42640597;41494027;26481313;3862986;42561323;28638159;4103752;0;22800
FR;1;2022-07-19;1235;2132;14695;99429;1196;11727;101426;0;1386;42641832;41496159;26496008;3962415;42562519;28649886;4205178;0;24186
FR;1;2022-07-20;1184;2007;12372;74374;1173;10283;75859;0;964;42643016;41498166;26508380;4036789;42563692;28660169;4281037;0;25150
FR;1;2022-07-21;1137;1955;12418;84547;1189;9994;85912;0;1211;42644153;41500121;26520798;4121336;42564881;28670163;4366949;0;26361
FR;1;2022-07-22;1274;2246;14111;85963;1259;11433;87688;0;1264;42645427;41502367;26534909;4207299;42566140;28681596;4454637;0;27625
FR;1;2022-07-23;548;1093;5238;21296;634;4611;21842;0;373;42645975;41503460;26540147;4228595;42566774;28686207;4476479;0;27998
FR;1;2022-07-24;149;306;1327;3700;153;1168;3925;0;65;42646124;41503766;26541474;4232295;42566927;28687375;4480404;0;28063
FR;1;2022-07-25;891;1634;9076;46124;984;7526;47497;0;680;42647015;41505400;26550550;4278419;42567911;28694901;4527901;0;28743
FR;1;2022-07-26;1136;1964;12681;81968;1120;10336;83582;0;1198;42648151;41507364;26563231;4360387;42569031;28705237;4611483;0;29941
FR;1;2022-07-27;1021;1730;9760;58521;1047;8138;59702;0;874;42649172;41509094;26572991;4418908;42570078;28713375;4671185;0;30815
FR;1;2022-07-28;982;1706;9857;61918;1114;7854;63144;0;967;42650154;41510800;26582848;4480826;42571192;28721229;4734329;0;31782
FR;1;2022-07-29;1112;1845;10461;62989;1171;8385;64303;0;1066;42651266;41512645;26593309;4543815;42572363;28729614;4798632;0;32848
FR;1;2022-07-30;395;727;3349;14491;442;2850;14851;0;279;42651661;41513372;26596658;4558306;42572805;28732464;4813483;0;33127
FR;1;2022-07-31;141;264;900;2335;159;766;2477;0;47;42651802;41513636;26597558;4560641;42572964;28733230;4815960;0;33174
FR;1;2022-08-01;881;1473;7260;28968;1087;6122;29961;0;519;42652683;41515109;26604818;4589609;42574051;28739352;4845921;0;33693
FR;1;2022-08-02;930;1487;8238;54049;1000;6634;54688;0;1091;42653613;41516596;26613056;4643658;42575051;28745986;4900609;0;34784
FR;1;2022-08-03;738;1108;6157;37044;753;4939;37774;0;645;42654351;41517704;26619213;4680702;42575804;28750925;4938383;0;35429
FR;1;2022-08-04;651;1081;6264;41453;697;5058;42008;0;850;42655002;41518785;26625477;4722155;42576501;28755983;4980391;0;36279
FR;1;2022-08-05;745;1198;6766;43084;809;5436;43707;0;933;42655747;41519983;26632243;4765239;42577310;28761419;5024098;0;37212
FR;1;2022-08-06;277;465;1993;9000;305;1674;9192;0;218;42656024;41520448;26634236;4774239;42577615;28763093;5033290;0;37430
FR;1;2022-08-07;89;148;520;1557;104;436;1630;0;35;42656113;41520596;26634756;4775796;42577719;28763529;5034920;0;37465
FR;1;2022-08-08;582;1078;3807;21229;833;3141;21627;0;457;42656695;41521674;26638563;4797025;42578552;28766670;5056547;0;37922
FR;1;2022-08-09;669;1056;5683;38481;747;4558;38967;0;794;42657364;41522730;26644246;4835506;42579299;28771228;5095514;0;38716
FR;1;2022-08-10;569;1185;4435;26915;886;3636;27228;0;601;42657933;41523915;26648681;4862421;42580185;28774864;5122742;0;39317
FR;1;2022-08-11;566;920;4315;28210;632;3589;28538;0;634;42658499;41524835;26652996;4890631;42580817;28778453;5151280;0;39951
FR;1;2022-08-12;732;1042;4555;27171;719;3762;27583;0;668;42659231;41525877;26657551;4917802;42581536;28782215;5178863;0;40619
FR;1;2022-08-13;319;371;1248;5111;263;1066;5282;0;116;42659550;41526248;26658799;4922913;42581799;28783281;5184145;0;40735
FR;1;2022-08-14;67;115;277;871;96;236;941;0;24;42659617;41526363;26659076;4923784;42581895;28783517;5185086;0;40759
FR;1;2022-08-15;112;216;574;542;185;535;593;0;16;42659729;41526579;26659650;4924326;42582080;28784052;5185679;0;40775
FR;1;2022-08-16;550;953;3792;21491;712;3221;21692;0;582;42660279;41527532;26663442;4945817;42582792;28787273;5207371;0;41357
FR;1;2022-08-17;548;915;3769;22153;682;3195;22391;0;579;42660827;41528447;26667211;4967970;42583474;28790468;5229762;0;41936
FR;1;2022-08-18;562;899;3942;25451;700;3141;25673;0;630;42661389;41529346;26671153;4993421;42584174;28793609;5255435;0;42566
FR;1;2022-08-19;537;1050;4369;26547;749;3601;26855;0;732;42661926;41530396;26675522;5019968;42584923;28797210;5282290;0;43298
FR;1;2022-08-20;251;422;1290;5371;322;1107;5524;0;138;42662177;41530818;26676812;5025339;42585245;28798317;5287814;0;43436
FR;1;2022-08-21;84;112;287;990;77;253;1013;0;27;42662261;41530930;26677099;5026329;42585322;28798570;5288827;0;43463
FR;1;2022-08-22;511;900;3141;14956;674;2713;15232;0;411;42662772;41531830;26680240;5041285;42585996;28801283;5304059;0;43874
FR;1;2022-08-23;655;1064;4155;28323;748;3486;28405;0;830;42663427;41532894;26684395;5069608;42586744;28804769;5332464;0;44704
FR;1;2022-08-24;568;839;3405;19069;661;2774;19254;0;587;42663995;41533733;26687800;5088677;42587405;28807543;5351718;0;45291
FR;1;2022-08-25;565;937;3832;22919;654;3215;23148;0;655;42664560;41534670;26691632;5111596;42588059;28810758;5374866;0;45946
FR;1;2022-08-26;754;1137;4350;25157;810;3568;25532;0;745;42665314;41535807;26695982;5136753;42588869;28814326;5400398;0;46691
FR;1;2022-08-27;221;432;1324;5308;277;1191;5362;0;192;42665535;41536239;26697306;5142061;42589146;28815517;5405760;0;46883
FR;1;2022-08-28;113;147;298;899;106;280;948;0;33;42665648;41536386;26697604;5142960;42589252;28815797;5406708;0;46916
FR;1;2022-08-29;506;861;2979;14272;638;2519;14582;0;409;42666154;41537247;26700583;5157232;42589890;28818316;5421290;0;47325
FR;1;2022-08-30;745;1111;4626;27721;788;3776;28042;0;793;42666899;41538358;26705209;5184953;42590678;28822092;5449332;0;48118
FR;1;2022-08-31;587;835;3114;17241;614;2624;17503;0;483;42667486;41539193;26708323;5202194;42591292;28824716;5466835;0;48601
FR;1;2022-09-01;701;927;4333;21895;653;3693;22148;0;587;42668187;41540120;26712656;5224089;42591945;28828409;5488983;0;49188
FR;1;2022-09-02;858;1063;4886;27866;762;4083;28154;0;882;42669045;41541183;26717542;5251955;42592707;28832492;5517137;0;50070
FR;1;2022-09-03;322;511;1833;5876;349;1595;6105;0;174;42669367;41541694;26719375;5257831;42593056;28834087;5523242;0;50244
FR;1;2022-09-04;109;137;341;845;73;334;915;0;21;42669476;41541831;26719716;5258676;42593129;28834421;5524157;0;50265
FR;1;2022-09-05;718;872;3051;15698;696;2557;15982;0;499;42670194;41542703;26722767;5274374;42593825;28836978;5540139;0;50764
FR;1;2022-09-06;843;965;4572;31064;612;3712;31285;0;1002;42671037;41543668;26727339;5305438;42594437;28840690;5571424;0;51766
FR;1;2022-09-07;609;706;2921;16444;468;2425;16581;0;550;42671646;41544374;26730260;5321882;42594905;28843115;5588005;0;52316
FR;1;2022-09-08;582;796;3701;24224;543;3041;24305;0;796;42672228;41545170;26733961;5346106;42595448;28846156;5612310;0;53112
FR;1;2022-09-09;782;976;4307;26897;618;3597;27078;0;903;42673010;41546146;26738268;5373003;42596066;28849753;5639388;0;54015
FR;1;2022-09-10;349;573;1680;5590;403;1480;5782;0;203;42673359;41546719;26739948;5378593;42596469;28851233;5645170;0;54218
FR;1;2022-09-11;106;120;313;646;82;293;703;0;17;42673465;41546839;26740261;5379239;42596551;28851526;5645873;0;54235
FR;1;2022-09-12;482;605;2616;12955;426;2233;13235;0;462;42673947;41547444;26742877;5392194;42596977;28853759;5659108;0;54697
FR;1;2022-09-13;647;831;3870;25850;542;3383;25721;0;834;42674594;41548275;26746747;5418044;42597519;28857142;5684829;0;55531
FR;1;2022-09-14;625;724;2881;15702;508;2412;15938;0;537;42675219;41548999;26749628;5433746;42598027;28859554;5700767;0;56068
FR;1;2022-09-15;532;777;3345;23092;549;2851;23156;0;679;42675751;41549776;26752973;5456838;42598576;28862405;5723923;0;56747
FR;1;2022-09-16;726;947;4020;25351;631;3392;25550;0;891;42676477;41550723;26756993;5482189;42599207;28865797;5749473;0;57638
FR;1;2022-09-17;303;428;1397;5979;300;1222;6087;0;227;42676780;41551151;26758390;5488168;42599507;28867019;5755560;0;57865
FR;1;2022-09-18;99;126;310;924;103;278;980;0;34;42676879;41551277;26758700;5489092;42599610;28867297;5756540;0;57899
FR;1;2022-09-19;400;577;2142;12864;379;1837;13018;0;414;42677279;41551854;26760842;5501956;42599989;28869134;5769558;0;58313
FR;1;2022-09-20;564;839;3669;25830;587;3066;25870;0;854;42677843;41552693;26764511;5527786;42600576;28872200;5795428;0;59167
FR;1;2022-09-21;485;690;2628;15862;490;2256;15826;0;561;42678328;41553383;26767139;5543648;42601066;28874456;5811254;0;59728
FR;1;2022-09-22;549;777;3296;22968;517;2695;23156;0;744;42678877;41554160;26770435;5566616;42601583;28877151;5834410;0;60472
FR;1;2022-09-23;767;944;4353;28164;678;3634;28327;0;981;42679644;41555104;26774788;5594780;42602261;28880785;5862737;0;61453
FR;1;2022-09-24;356;539;1591;6706;379;1373;6880;0;300;42680000;41555643;26776379;5601486;42602640;28882158;5869617;0;61753
FR;1;2022-09-25;81;157;321;1072;111;293;1110;0;32;42680081;41555800;26776700;5602558;42602751;28882451;5870727;0;61785
FR;1;2022-09-26;383;654;2182;13078;432;1935;13171;0;412;42680464;41556454;26778882;5615636;42603183;28884386;5883898;0;62197
FR;1;2022-09-27;544;767;3458;25025;541;2794;25223;0;906;42681008;41557221;26782340;5640661;42603724;28887180;5909121;0;63103
FR;1;2022-09-28;525;720;2448;14972;507;2217;15061;0;597;42681533;41557941;26784788;5655633;42604231;28889397;5924182;0;63700
FR;1;2022-09-29;504;697;2999;20366;487;2523;20381;0;767;42682037;41558638;26787787;5675999;42604718;28891920;5944563;0;64467
FR;1;2022-09-30;694;996;3777;24429;705;3160;24678;0;970;42682731;41559634;26791564;5700428;42605423;28895080;5969241;0;65437
FR;1;2022-10-01;352;611;1905;5507;447;1659;5733;0;273;42683083;41560245;26793469;5705935;42605870;28896739;5974974;0;65710
FR;1;2022-10-02;56;120;204;568;82;204;589;0;29;42683139;41560365;26793673;5706503;42605952;28896943;5975563;0;65739
FR;1;2022-10-03;552;876;2226;10042;720;1986;10210;0;489;42683691;41561241;26795899;5716545;42606672;28898929;5985773;0;66228
FR;1;2022-10-04;658;738;2930;18922;506;2481;19010;0;1086;42684349;41561979;26798829;5735467;42607178;28901410;6004783;0;67314
FR;1;2022-10-05;486;726;2099;11114;500;1872;11243;0;723;42684835;41562705;26800928;5746581;42607678;28903282;6016026;0;68037
FR;1;2022-10-06;451;643;2498;15777;465;2063;15959;0;1062;42685286;41563348;26803426;5762358;42608143;28905345;6031985;0;69099
FR;1;2022-10-07;559;772;2694;16068;570;2311;16092;0;1161;42685845;41564120;26806120;5778426;42608713;28907656;6048077;0;70260
FR;1;2022-10-08;242;315;888;3171;248;776;3276;0;291;42686087;41564435;26807008;5781597;42608961;28908432;6051353;0;70551
FR;1;2022-10-09;76;91;151;461;81;135;487;0;51;42686163;41564526;26807159;5782058;42609042;28908567;6051840;0;70602
FR;1;2022-10-10;315;567;1324;4999;474;1240;5096;0;463;42686478;41565093;26808483;5787057;42609516;28909807;6056936;0;71065
FR;1;2022-10-11;336;456;1316;8086;341;1198;8187;0;758;42686814;41565549;26809799;5795143;42609857;28911005;6065123;0;71823
FR;1;2022-10-12;346;481;1078;5222;367;1076;5239;0;521;42687160;41566030;26810877;5800365;42610224;28912081;6070362;0;72344
FR;1;2022-10-13;337;450;1079;6099;360;936;6146;0;629;42687497;41566480;26811956;5806464;42610584;28913017;6076508;0;72973
FR;1;2022-10-14;413;554;1176;6712;468;1050;6781;0;676;42687910;41567034;26813132;5813176;42611052;28914067;6083289;0;73649
FR;1;2022-10-15;212;346;531;1860;298;514;1868;0;226;42688122;41567380;26813663;5815036;42611350;28914581;6085157;0;73875
FR;1;2022-10-16;47;67;111;296;48;118;315;0;48;42688169;41567447;26813774;5815332;42611398;28914699;6085472;0;73923
FR;1;2022-10-17;237;335;742;2653;267;698;2698;0;366;42688406;41567782;26814516;5817985;42611665;28915397;6088170;0;74289
FR;1;2022-10-18;266;319;956;4596;257;833;4700;0;866;42688672;41568101;26815472;5822581;42611922;28916230;6092870;0;75155
FR;1;2022-10-19;286;406;697;3185;339;666;3164;0;502;42688958;41568507;26816169;5825766;42612261;28916896;6096034;0;75657
FR;1;2022-10-20;288;355;903;4369;302;795;4404;0;771;42689246;41568862;26817072;5830135;42612563;28917691;6100438;0;76428
FR;1;2022-10-21;304;421;847;3806;372;743;3878;0;675;42689550;41569283;26817919;5833941;42612935;28918434;6104316;0;77103
FR;1;2022-10-22;135;184;306;1253;162;300;1218;0;210;42689685;41569467;26818225;5835194;42613097;28918734;6105534;0;77313
FR;1;2022-10-23;34;43;65;197;41;59;213;0;25;42689719;41569510;26818290;5835391;42613138;28918793;6105747;0;77338
FR;1;2022-10-24;273;236;479;1603;204;476;1660;0;306;42689992;41569746;26818769;5836994;42613342;28919269;6107407;0;77644
FR;1;2022-10-25;222;258;528;2651;227;449;2707;0;487;42690214;41570004;26819297;5839645;42613569;28919718;6110114;0;78131
FR;1;2022-10-26;235;251;394;1958;240;371;1965;0;438;42690449;41570255;26819691;5841603;42613809;28920089;6112079;0;78569
FR;1;2022-10-27;260;235;490;2167;207;509;2151;0;518;42690709;41570490;26820181;5843770;42614016;28920598;6114230;0;79087
FR;1;2022-10-28;312;333;534;2335;312;471;2402;0;478;42691021;41570823;26820715;5846105;42614328;28921069;6116632;0;79565
FR;1;2022-10-29;99;158;176;716;128;210;708;0;203;42691120;41570981;26820891;5846821;42614456;28921279;6117340;0;79768
FR;1;2022-10-30;38;50;62;184;42;56;189;0;38;42691158;41571031;26820953;5847005;42614498;28921335;6117529;0;79806
FR;1;2022-10-31;135;189;295;796;168;273;863;0;143;42691293;41571220;26821248;5847801;42614666;28921608;6118392;0;79949
FR;1;2022-11-01;72;135;767;115;117;767;134;0;19;42691365;41571355;26822015;5847916;42614783;28922375;6118526;0;79968
FR;1;2022-11-02;269;246;531;985;242;497;1048;0;356;42691634;41571601;26822546;5848901;42615025;28922872;6119574;0;80324
FR;1;2022-11-03;272;238;442;1379;223;403;1418;0;377;42691906;41571839;26822988;5850280;42615248;28923275;6120992;0;80701
FR;1;2022-11-04;233;262;424;1597;242;401;1637;0;438;42692139;41572101;26823412;5851877;42615490;28923676;6122629;0;81139
FR;1;2022-11-05;100;135;273;503;124;255;525;0;111;42692239;41572236;26823685;5852380;42615614;28923931;6123154;0;81250
FR;1;2022-11-06;36;49;32;131;48;35;129;0;33;42692275;41572285;26823717;5852511;42615662;28923966;6123283;0;81283
FR;1;2022-11-07;220;283;326;899;271;319;944;0;212;42692495;41572568;26824043;5853410;42615933;28924285;6124227;0;81495
FR;1;2022-11-08;238;267;472;1709;255;417;1738;0;524;42692733;41572835;26824515;5855119;42616188;28924702;6125965;0;82019
FR;1;2022-11-09;196;256;337;1104;246;303;1141;0;477;42692929;41573091;26824852;5856223;42616434;28925005;6127106;0;82496
FR;1;2022-11-10;216;377;435;1680;369;442;1670;0;605;42693145;41573468;26825287;5857903;42616803;28925447;6128776;0;83101
FR;1;2022-11-11;34;48;105;100;45;92;114;0;44;42693179;41573516;26825392;5858003;42616848;28925539;6128890;0;83145
FR;1;2022-11-12;95;150;257;375;137;256;390;0;101;42693274;41573666;26825649;5858378;42616985;28925795;6129280;0;83246
FR;1;2022-11-13;25;56;28;64;53;31;66;0;26;42693299;41573722;26825677;5858442;42617038;28925826;6129346;0;83272
FR;1;2022-11-14;173;184;271;768;172;275;838;0;235;42693472;41573906;26825948;5859210;42617210;28926101;6130184;0;83507
FR;1;2022-11-15;227;404;394;1300;403;372;1338;0;436;42693699;41574310;26826342;5860510;42617613;28926473;6131522;0;83943
FR;1;2022-11-16;197;272;336;983;266;350;1017;0;359;42693896;41574582;26826678;5861493;42617879;28926823;6132539;0;84302
FR;1;2022-11-17;171;210;297;1207;204;273;1211;0;387;42694067;41574792;26826975;5862700;42618083;28927096;6133750;0;84689
FR;1;2022-11-18;229;269;394;1315;261;383;1349;0;411;42694296;41575061;26827369;5864015;42618344;28927479;6135099;0;85100
FR;1;2022-11-19;120;115;249;441;114;214;474;0;102;42694416;41575176;26827618;5864456;42618458;28927693;6135573;0;85202
FR;1;2022-11-20;35;129;31;66;125;33;74;0;28;42694451;41575305;26827649;5864522;42618583;28927726;6135647;0;85230
FR;1;2022-11-21;174;172;271;640;145;288;677;0;211;42694625;41575477;26827920;5865162;42618728;28928014;6136324;0;85441
FR;1;2022-11-22;157;168;417;1160;151;398;1185;0;409;42694782;41575645;26828337;5866322;42618879;28928412;6137509;0;85850
FR;1;2022-11-23;179;185;246;763;170;247;786;0;241;42694961;41575830;26828583;5867085;42619049;28928659;6138295;0;86091
FR;1;2022-11-24;138;170;288;1213;151;300;1216;0;442;42695099;41576000;26828871;5868298;42619200;28928959;6139511;0;86533
FR;1;2022-11-25;210;247;429;1159;233;418;1191;0;392;42695309;41576247;26829300;5869457;42619433;28929377;6140702;0;86925
FR;1;2022-11-26;90;109;113;323;101;125;311;0;118;42695399;41576356;26829413;5869780;42619534;28929502;6141013;0;87043
FR;1;2022-11-27;18;38;22;72;25;34;78;0;49;42695417;41576394;26829435;5869852;42619559;28929536;6141091;0;87092
FR;1;2022-11-28;211;146;209;665;153;205;708;0;332;42695628;41576540;26829644;5870517;42619712;28929741;6141799;0;87424
FR;1;2022-11-29;171;145;269;1107;130;251;1119;0;458;42695799;41576685;26829913;5871624;42619842;28929992;6142918;0;87882
FR;1;2022-11-30;161;209;235;939;195;238;961;0;323;42695960;41576894;26830148;5872563;42620037;28930230;6143879;0;88205
FR;1;2022-12-01;166;162;716;1097;150;681;1146;0;379;42696126;41577056;26830864;5873660;42620187;28930911;6145025;0;88584
FR;1;2022-12-02;201;199;516;1187;194;512;1235;0;470;42696327;41577255;26831380;5874847;42620381;28931423;6146260;0;89054
FR;1;2022-12-03;102;111;262;532;99;240;529;0;180;42696429;41577366;26831642;5875379;42620480;28931663;6146789;0;89234
FR;1;2022-12-04;27;27;19;138;24;20;129;0;58;42696456;41577393;26831661;5875517;42620504;28931683;6146918;0;89292
FR;1;2022-12-05;148;164;307;867;161;301;900;0;316;42696604;41577557;26831968;5876384;42620665;28931984;6147818;0;89608
FR;1;2022-12-06;156;172;274;1449;158;279;1455;0;739;42696760;41577729;26832242;5877833;42620823;28932263;6149273;0;90347
FR;1;2022-12-07;155;169;256;1187;178;236;1203;0;576;42696915;41577898;26832498;5879020;42621001;28932499;6150476;0;90923
FR;1;2022-12-08;131;145;302;1756;137;259;1797;0;765;42697046;41578043;26832800;5880776;42621138;28932758;6152273;0;91688
FR;1;2022-12-09;202;196;356;1815;169;364;1836;0;721;42697248;41578239;26833156;5882591;42621307;28933122;6154109;0;92409
FR;1;2022-12-10;116;148;341;856;135;324;877;0;292;42697364;41578387;26833497;5883447;42621442;28933446;6154986;0;92701
FR;1;2022-12-11;31;30;32;218;27;30;200;0;62;42697395;41578417;26833529;5883665;42621469;28933476;6155186;0;92763
FR;1;2022-12-12;128;105;296;1100;102;283;1113;0;457;42697523;41578522;26833825;5884765;42621571;28933759;6156299;0;93220
FR;1;2022-12-13;125;129;293;1307;103;268;1321;0;618;42697648;41578651;26834118;5886072;42621674;28934027;6157620;0;93838
FR;1;2022-12-14;105;159;256;867;153;235;892;0;372;42697753;41578810;26834374;5886939;42621827;28934262;6158512;0;94210
FR;1;2022-12-15;139;181;456;1492;168;426;1518;0;691;42697892;41578991;26834830;5888431;42621995;28934688;6160030;0;94901
FR;1;2022-12-16;205;217;569;1344;220;553;1367;0;623;42698097;41579208;26835399;5889775;42622215;28935241;6161397;0;95524
FR;1;2022-12-17;88;93;224;467;82;219;475;0;204;42698185;41579301;26835623;5890242;42622297;28935460;6161872;0;95728
FR;1;2022-12-18;17;22;27;112;19;29;108;0;37;42698202;41579323;26835650;5890354;42622316;28935489;6161980;0;95765
FR;1;2022-12-19;151;131;250;791;139;220;835;0;382;42698353;41579454;26835900;5891145;42622455;28935709;6162815;0;96147
FR;1;2022-12-20;147;162;354;906;149;348;912;0;427;42698500;41579616;26836254;5892051;42622604;28936057;6163727;0;96574
FR;1;2022-12-21;139;112;216;638;122;181;647;0;388;42698639;41579728;26836470;5892689;42622726;28936238;6164374;0;96962
FR;1;2022-12-22;148;111;165;552;121;150;543;0;329;42698787;41579839;26836635;5893241;42622847;28936388;6164917;0;97291
FR;1;2022-12-23;130;157;457;419;141;447;426;0;182;42698917;41579996;26837092;5893660;42622988;28936835;6165343;0;97473
FR;1;2022-12-24;30;27;33;56;29;32;63;0;21;42698947;41580023;26837125;5893716;42623017;28936867;6165406;0;97494
FR;1;2022-12-25;4;11;20;12;12;14;15;0;11;42698951;41580034;26837145;5893728;42623029;28936881;6165421;0;97505
FR;1;2022-12-26;94;90;248;251;89;253;257;0;93;42699045;41580124;26837393;5893979;42623118;28937134;6165678;0;97598
FR;1;2022-12-27;117;160;310;387;151;316;402;0;180;42699162;41580284;26837703;5894366;42623269;28937450;6166080;0;97778
FR;1;2022-12-28;107;143;203;270;129;206;281;0;126;42699269;41580427;26837906;5894636;42623398;28937656;6166361;0;97904
FR;1;2022-12-29;105;105;154;282;105;153;303;0;114;42699374;41580532;26838060;5894918;42623503;28937809;6166664;0;98018
FR;1;2022-12-30;127;123;89;258;115;94;268;0;143;42699501;41580655;26838149;5895176;42623618;28937903;6166932;0;98161
FR;1;2022-12-31;38;35;28;79;40;25;79;0;25;42699539;41580690;26838177;5895255;42623658;28937928;6167011;0;98186
FR;1;2023-01-01;6;12;61;22;12;57;27;0;10;42699545;41580702;26838238;5895277;42623670;28937985;6167038;0;98196
FR;1;2023-01-02;397;139;676;169;146;656;194;0;64;42699942;41580841;26838914;5895446;42623816;28938641;6167232;0;98260
FR;1;2023-01-03;165;104;371;207;103;364;215;0;146;42700107;41580945;26839285;5895653;42623919;28939005;6167447;0;98406
FR;1;2023-01-04;94;99;248;198;100;249;208;0;193;42700201;41581044;26839533;5895851;42624019;28939254;6167655;0;98599
FR;1;2023-01-05;147;128;174;337;138;175;338;0;206;42700348;41581172;26839707;5896188;42624157;28939429;6167993;0;98805
FR;1;2023-01-06;198;144;224;325;147;210;350;0;230;42700546;41581316;26839931;5896513;42624304;28939639;6168343;0;99035
FR;1;2023-01-07;106;89;175;147;92;158;164;0;93;42700652;41581405;26840106;5896660;42624396;28939797;6168507;0;99128
FR;1;2023-01-08;26;19;31;59;18;26;64;0;24;42700678;41581424;26840137;5896719;42624414;28939823;6168571;0;99152
FR;1;2023-01-09;139;126;133;135;123;141;153;0;115;42700817;41581550;26840270;5896854;42624537;28939964;6168724;0;99267
FR;1;2023-01-10;119;132;281;277;129;288;278;0;192;42700936;41581682;26840551;5897131;42624666;28940252;6169002;0;99459
FR;1;2023-01-11;106;111;91;209;120;95;221;0;96;42701042;41581793;26840642;5897340;42624786;28940347;6169223;0;99555
FR;1;2023-01-12;135;120;214;243;115;214;268;0;166;42701177;41581913;26840856;5897583;42624901;28940561;6169491;0;99721
FR;1;2023-01-13;228;164;173;286;162;172;306;0;189;42701405;41582077;26841029;5897869;42625063;28940733;6169797;0;99910
FR;1;2023-01-14;89;64;162;104;66;172;103;0;62;42701494;41582141;26841191;5897973;42625129;28940905;6169900;0;99972
FR;1;2023-01-15;23;36;31;42;33;31;46;0;30;42701517;41582177;26841222;5898015;42625162;28940936;6169946;0;100002
FR;1;2023-01-16;113;104;310;155;98;314;133;0;100;42701630;41582281;26841532;5898170;42625260;28941250;6170079;0;100102
FR;1;2023-01-17;113;100;167;216;99;164;243;0;128;42701743;41582381;26841699;5898386;42625359;28941414;6170322;0;100230
FR;1;2023-01-18;99;89;97;143;88;92;184;0;121;42701842;41582470;26841796;5898529;42625447;28941506;6170506;0;100351
FR;1;2023-01-19;112;78;105;134;76;117;134;0;135;42701954;41582548;26841901;5898663;42625523;28941623;6170640;0;100486
FR;1;2023-01-20;170;148;167;278;149;195;267;0;204;42702124;41582696;26842068;5898941;42625672;28941818;6170907;0;100690
FR;1;2023-01-21;58;71;91;85;71;102;75;0;35;42702182;41582767;26842159;5899026;42625743;28941920;6170982;0;100725
FR;1;2023-01-22;10;9;13;21;7;9;25;0;14;42702192;41582776;26842172;5899047;42625750;28941929;6171007;0;100739
FR;1;2023-01-23;88;84;108;100;87;100;119;0;85;42702280;41582860;26842280;5899147;42625837;28942029;6171126;0;100824
FR;1;2023-01-24;122;76;73;122;89;70;131;0;183;42702402;41582936;26842353;5899269;42625926;28942099;6171257;0;101007
FR;1;2023-01-25;98;118;78;108;119;78;124;0;107;42702500;41583054;26842431;5899377;42626045;28942177;6171381;0;101114
FR;1;2023-01-26;104;105;63;152;94;68;173;0;107;42702604;41583159;26842494;5899529;42626139;28942245;6171554;0;101221
FR;1;2023-01-27;172;412;105;137;428;122;137;0;200;42702776;41583571;26842599;5899666;42626567;28942367;6171691;0;101421
FR;1;2023-01-28;73;74;55;40;76;52;48;0;28;42702849;41583645;26842654;5899706;42626643;28942419;6171739;0;101449
FR;1;2023-01-29;12;22;33;10;20;31;16;0;12;42702861;41583667;26842687;5899716;42626663;28942450;6171755;0;101461
FR;1;2023-01-30;144;108;64;72;110;70;80;0;51;42703005;41583775;26842751;5899788;42626773;28942520;6171835;0;101512
FR;1;2023-01-31;122;84;65;137;73;68;149;0;143;42703127;41583859;26842816;5899925;42626846;28942588;6171984;0;101655
FR;1;2023-02-01;122;142;345;106;140;338;134;0;77;42703249;41584001;26843161;5900031;42626986;28942926;6172118;0;101732
FR;1;2023-02-02;88;97;91;106;92;98;108;0;98;42703337;41584098;26843252;5900137;42627078;28943024;6172226;0;101830
FR;1;2023-02-03;155;146;133;98;146;139;104;0;97;42703492;41584244;26843385;5900235;42627224;28943163;6172330;0;101927
FR;1;2023-02-04;50;78;72;46;85;74;47;0;24;42703542;41584322;26843457;5900281;42627309;28943237;6172377;0;101951
FR;1;2023-02-05;6;8;18;6;7;21;7;0;8;42703548;41584330;26843475;5900287;42627316;28943258;6172384;0;101959
FR;1;2023-02-06;95;76;112;77;83;114;81;0;89;42703643;41584406;26843587;5900364;42627399;28943372;6172465;0;102048
FR;1;2023-02-07;91;75;97;76;76;91;96;0;114;42703734;41584481;26843684;5900440;42627475;28943463;6172561;0;102162
FR;1;2023-02-08;83;93;62;30;92;67;34;0;51;42703817;41584574;26843746;5900470;42627567;28943530;6172595;0;102213
FR;1;2023-02-09;65;65;82;59;75;81;67;0;79;42703882;41584639;26843828;5900529;42627642;28943611;6172662;0;102292
FR;1;2023-02-10;142;131;57;72;134;69;73;0;117;42704024;41584770;26843885;5900601;42627776;28943680;6172735;0;102409
FR;1;2023-02-11;45;52;78;25;49;87;27;0;11;42704069;41584822;26843963;5900626;42627825;28943767;6172762;0;102420
FR;1;2023-02-12;10;9;10;8;13;10;9;0;9;42704079;41584831;26843973;5900634;42627838;28943777;6172771;0;102429
FR;1;2023-02-13;80;111;45;42;112;52;34;0;31;42704159;41584942;26844018;5900676;42627950;28943829;6172805;0;102460
FR;1;2023-02-14;69;70;73;50;69;77;47;0;77;42704228;41585012;26844091;5900726;42628019;28943906;6172852;0;102537
FR;1;2023-02-15;75;99;77;52;107;83;60;0;81;42704303;41585111;26844168;5900778;42628126;28943989;6172912;0;102618
FR;1;2023-02-16;60;75;114;82;63;123;86;0;73;42704363;41585186;26844282;5900860;42628189;28944112;6172998;0;102691
FR;1;2023-02-17;104;124;169;61;129;173;70;0;47;42704467;41585310;26844451;5900921;42628318;28944285;6173068;0;102738
FR;1;2023-02-18;44;56;147;41;56;153;43;0;9;42704511;41585366;26844598;5900962;42628374;28944438;6173111;0;102747
FR;1;2023-02-19;14;0;6;4;2;5;4;0;5;42704525;41585366;26844604;5900966;42628376;28944443;6173115;0;102752
FR;1;2023-02-20;76;73;50;28;77;55;32;0;16;42704601;41585439;26844654;5900994;42628453;28944498;6173147;0;102768
FR;1;2023-02-21;62;74;54;49;78;57;47;0;38;42704663;41585513;26844708;5901043;42628531;28944555;6173194;0;102806
FR;1;2023-02-22;64;77;32;18;78;36;18;0;22;42704727;41585590;26844740;5901061;42628609;28944591;6173212;0;102828
FR;1;2023-02-23;52;78;47;36;76;57;31;0;54;42704779;41585668;26844787;5901097;42628685;28944648;6173243;0;102882
FR;1;2023-02-24;95;111;43;33;112;51;34;0;38;42704874;41585779;26844830;5901130;42628797;28944699;6173277;0;102920
FR;1;2023-02-25;42;49;69;22;56;69;24;0;26;42704916;41585828;26844899;5901152;42628853;28944768;6173301;0;102946
FR;1;2023-02-26;2;3;1;2;1;3;1;0;3;42704918;41585831;26844900;5901154;42628854;28944771;6173302;0;102949
FR;1;2023-02-27;91;77;62;35;77;70;32;0;20;42705009;41585908;26844962;5901189;42628931;28944841;6173334;0;102969
FR;1;2023-02-28;87;72;34;50;68;44;52;0;32;42705096;41585980;26844996;5901239;42628999;28944885;6173386;0;103001
FR;1;2023-03-01;72;89;242;52;87;234;69;0;42;42705168;41586069;26845238;5901291;42629086;28945119;6173455;0;103043
FR;1;2023-03-02;65;63;88;55;64;85;66;0;117;42705233;41586132;26845326;5901346;42629150;28945204;6173521;0;103160
FR;1;2023-03-03;106;107;66;53;106;64;57;0;47;42705339;41586239;26845392;5901399;42629256;28945268;6173578;0;103207
FR;1;2023-03-04;51;46;69;26;43;70;31;0;15;42705390;41586285;26845461;5901425;42629299;28945338;6173609;0;103222
FR;1;2023-03-05;4;2;5;0;3;5;1;0;0;42705394;41586287;26845466;5901425;42629302;28945343;6173610;0;103222
FR;1;2023-03-06;86;57;79;17;63;85;23;0;14;42705480;41586344;26845545;5901442;42629365;28945428;6173633;0;103236
FR;1;2023-03-07;53;71;47;40;68;45;50;0;71;42705533;41586415;26845592;5901482;42629433;28945473;6173683;0;103307
FR;1;2023-03-08;47;65;32;16;68;34;22;0;6;42705580;41586480;26845624;5901498;42629501;28945507;6173705;0;103313
FR;1;2023-03-09;37;54;45;22;49;49;31;0;27;42705617;41586534;26845669;5901520;42629550;28945556;6173736;0;103340
FR;1;2023-03-10;93;97;84;41;97;88;46;0;25;42705710;41586631;26845753;5901561;42629647;28945644;6173782;0;103365
FR;1;2023-03-11;47;39;51;9;33;57;13;0;6;42705757;41586670;26845804;5901570;42629680;28945701;6173795;0;103371
FR;1;2023-03-12;2;10;7;0;12;6;1;0;0;42705759;41586680;26845811;5901570;42629692;28945707;6173796;0;103371
FR;1;2023-03-13;47;57;38;15;53;45;14;0;19;42705806;41586737;26845849;5901585;42629745;28945752;6173810;0;103390
FR;1;2023-03-14;67;46;54;21;50;58;23;0;31;42705873;41586783;26845903;5901606;42629795;28945810;6173833;0;103421
FR;1;2023-03-15;39;62;73;60;61;76;67;0;47;42705912;41586845;26845976;5901666;42629856;28945886;6173900;0;103468
FR;1;2023-03-16;55;49;87;23;53;86;27;0;20;42705967;41586894;26846063;5901689;42629909;28945972;6173927;0;103488
FR;1;2023-03-17;109;86;101;37;100;104;41;0;35;42706076;41586980;26846164;5901726;42630009;28946076;6173968;0;103523
FR;1;2023-03-18;34;33;144;10;28;148;15;0;5;42706110;41587013;26846308;5901736;42630037;28946224;6173983;0;103528
FR;1;2023-03-19;11;2;1;2;3;1;3;0;0;42706121;41587015;26846309;5901738;42630040;28946225;6173986;0;103528
FR;1;2023-03-20;43;58;48;29;48;57;33;0;24;42706164;41587073;26846357;5901767;42630088;28946282;6174019;0;103552
FR;1;2023-03-21;73;60;40;11;65;43;16;0;26;42706237;41587133;26846397;5901778;42630153;28946325;6174035;0;103578
FR;1;2023-03-22;58;53;36;31;53;50;26;0;13;42706295;41587186;26846433;5901809;42630206;28946375;6174061;0;103591
FR;1;2023-03-23;58;47;37;23;48;41;25;0;47;42706353;41587233;26846470;5901832;42630254;28946416;6174086;0;103638
FR;1;2023-03-24;77;103;190;29;106;196;35;0;23;42706430;41587336;26846660;5901861;42630360;28946612;6174121;0;103661
FR;1;2023-03-25;46;49;47;10;46;51;14;0;5;42706476;41587385;26846707;5901871;42630406;28946663;6174135;0;103666
FR;1;2023-03-26;2;3;8;0;0;9;2;0;2;42706478;41587388;26846715;5901871;42630406;28946672;6174137;0;103668
FR;1;2023-03-27;103;58;68;11;61;71;15;0;22;42706581;41587446;26846783;5901882;42630467;28946743;6174152;0;103690
FR;1;2023-03-28;46;38;23;21;41;25;21;0;31;42706627;41587484;26846806;5901903;42630508;28946768;6174173;0;103721
FR;1;2023-03-29;54;45;31;28;44;38;25;0;14;42706681;41587529;26846837;5901931;42630552;28946806;6174198;0;103735
FR;1;2023-03-30;56;41;58;19;44;57;26;0;29;42706737;41587570;26846895;5901950;42630596;28946863;6174224;0;103764
FR;1;2023-03-31;66;84;28;16;82;34;13;0;35;42706803;41587654;26846923;5901966;42630678;28946897;6174237;0;103799
FR;1;2023-04-01;29;53;127;10;50;129;17;0;10;42706832;41587707;26847050;5901976;42630728;28947026;6174254;0;103809
FR;1;2023-04-02;1;1;7;0;1;6;1;0;0;42706833;41587708;26847057;5901976;42630729;28947032;6174255;0;103809
FR;1;2023-04-03;90;49;139;26;45;140;32;0;19;42706923;41587757;26847196;5902002;42630774;28947172;6174287;0;103828
FR;1;2023-04-04;40;50;38;11;42;45;12;0;25;42706963;41587807;26847234;5902013;42630816;28947217;6174299;0;103853
FR;1;2023-04-05;25;40;33;19;37;27;27;0;14;42706988;41587847;26847267;5902032;42630853;28947244;6174326;0;103867
FR;1;2023-04-06;41;44;30;11;41;31;16;0;15;42707029;41587891;26847297;5902043;42630894;28947275;6174342;0;103882
FR;1;2023-04-07;47;63;33;17;62;37;16;0;13;42707076;41587954;26847330;5902060;42630956;28947312;6174358;0;103895
FR;1;2023-04-08;25;32;8;13;25;15;13;0;13;42707101;41587986;26847338;5902073;42630981;28947327;6174371;0;103908
FR;1;2023-04-09;1;2;0;2;1;1;2;0;1;42707102;41587988;26847338;5902075;42630982;28947328;6174373;0;103909
FR;1;2023-04-10;5;14;22;1;14;24;1;0;1;42707107;41588002;26847360;5902076;42630996;28947352;6174374;0;103910
FR;1;2023-04-11;40;50;21;12;49;20;14;0;17;42707147;41588052;26847381;5902088;42631045;28947372;6174388;0;103927
FR;1;2023-04-12;36;34;30;19;32;37;20;0;24;42707183;41588086;26847411;5902107;42631077;28947409;6174408;0;103951
FR;1;2023-04-13;36;33;15;15;34;20;13;0;26;42707219;41588119;26847426;5902122;42631111;28947429;6174421;0;103977
FR;1;2023-04-14;59;69;125;14;79;120;19;0;17;42707278;41588188;26847551;5902136;42631190;28947549;6174440;0;103994
FR;1;2023-04-15;28;28;12;8;28;17;8;0;2;42707306;41588216;26847563;5902144;42631218;28947566;6174448;0;103996
FR;1;2023-04-16;3;2;0;0;2;0;0;0;0;42707309;41588218;26847563;5902144;42631220;28947566;6174448;0;103996
FR;1;2023-04-17;37;38;53;16;42;59;14;0;11;42707346;41588256;26847616;5902160;42631262;28947625;6174462;0;104007
FR;1;2023-04-18;36;38;26;7;33;30;11;0;24;42707382;41588294;26847642;5902167;42631295;28947655;6174473;0;104031
FR;1;2023-04-19;36;57;10;7;57;11;9;0;13;42707418;41588351;26847652;5902174;42631352;28947666;6174482;0;104044
FR;1;2023-04-20;27;39;35;16;39;36;17;0;14;42707445;41588390;26847687;5902190;42631391;28947702;6174499;0;104058
FR;1;2023-04-21;46;58;89;15;55;93;17;0;18;42707491;41588448;26847776;5902205;42631446;28947795;6174516;0;104076
FR;1;2023-04-22;19;21;10;5;18;15;5;0;4;42707510;41588469;26847786;5902210;42631464;28947810;6174521;0;104080
FR;1;2023-04-23;0;1;2;1;1;2;1;0;0;42707510;41588470;26847788;5902211;42631465;28947812;6174522;0;104080
FR;1;2023-04-24;57;39;28;5;37;32;6;0;8;42707567;41588509;26847816;5902216;42631502;28947844;6174528;0;104088
FR;1;2023-04-25;29;34;22;15;30;23;19;0;15;42707596;41588543;26847838;5902231;42631532;28947867;6174547;0;104103
FR;1;2023-04-26;31;24;6;6;24;11;7;0;7;42707627;41588567;26847844;5902237;42631556;28947878;6174554;0;104110
FR;1;2023-04-27;32;35;26;25;30;31;28;0;11;42707659;41588602;26847870;5902262;42631586;28947909;6174582;0;104121
FR;1;2023-04-28;69;50;19;12;44;25;18;0;11;42707728;41588652;26847889;5902274;42631630;28947934;6174600;0;104132
FR;1;2023-04-29;19;19;11;5;18;9;9;0;9;42707747;41588671;26847900;5902279;42631648;28947943;6174609;0;104141
FR;1;2023-04-30;6;0;0;1;0;0;1;0;0;42707753;41588671;26847900;5902280;42631648;28947943;6174610;0;104141
FR;1;2023-05-01;0;6;8;0;6;8;0;0;0;42707753;41588677;26847908;5902280;42631654;28947951;6174610;0;104141
FR;1;2023-05-02;91;39;21;5;43;22;11;0;19;42707844;41588716;26847929;5902285;42631697;28947973;6174621;0;104160
FR;1;2023-05-03;51;25;18;3;22;22;4;0;9;42707895;41588741;26847947;5902288;42631719;28947995;6174625;0;104169
FR;1;2023-05-04;18;30;21;23;30;38;32;0;17;42707913;41588771;26847968;5902311;42631749;28948033;6174657;0;104186
FR;1;2023-05-05;25;30;13;2;30;10;5;0;8;42707938;41588801;26847981;5902313;42631779;28948043;6174662;0;104194
FR;1;2023-05-06;11;7;4;2;8;6;3;0;6;42707949;41588808;26847985;5902315;42631787;28948049;6174665;0;104200
FR;1;2023-05-07;2;1;2;4;1;1;2;0;1;42707951;41588809;26847987;5902319;42631788;28948050;6174667;0;104201
FR;1;2023-05-08;7;2;0;1;2;0;1;0;0;42707958;41588811;26847987;5902320;42631790;28948050;6174668;0;104201
FR;1;2023-05-09;14;16;8;3;14;8;6;0;9;42707972;41588827;26847995;5902323;42631804;28948058;6174674;0;104210
FR;1;2023-05-10;16;16;3;10;16;6;8;0;1;42707988;41588843;26847998;5902333;42631820;28948064;6174682;0;104211
FR;1;2023-05-11;12;18;3;7;17;4;6;0;13;42708000;41588861;26848001;5902340;42631837;28948068;6174688;0;104224
FR;2;2020-12-27;0;0;0;0;0;0;0;0;0;0;0;0;0;0;0;0;0;0
FR;2;2020-12-28;0;0;0;0;0;0;0;0;0;0;0;0;0;0;0;0;0;0
FR;2;2020-12-29;0;0;0;0;0;0;0;0;0;0;0;0;0;0;0;0;0;0
FR;2;2020-12-30;0;0;0;0;0;0;0;0;0;0;0;0;0;0;0;0;0;0
FR;2;2020-12-31;0;0;0;0;0;0;0;0;0;0;0;0;0;0;0;0;0;0
FR;2;2021-01-01;0;0;0;0;0;0;0;0;0;0;0;0;0;0;0;0;0;0
FR;2;2021-01-02;0;0;0;0;0;0;0;0;0;0;0;0;0;0;0;0;0;0
FR;2;2021-01-03;0;0;0;0;0;0;0;0;0;0;0;0;0;0;0;0;0;0
FR;2;2021-01-04;0;0;0;0;0;0;0;0;0;0;0;0;0;0;0;0;0;0
FR;2;2021-01-05;0;0;0;0;0;0;0;0;0;0;0;0;0;0;0;0;0;0
FR;2;2021-01-06;0;0;0;0;0;0;0;0;0;0;0;0;0;0;0;0;0;0
FR;2;2021-01-07;0;0;0;0;0;0;0;0;0;0;0;0;0;0;0;0;0;0
FR;2;2021-01-08;0;0;0;0;0;0;0;0;0;0;0;0;0;0;0;0;0;0
FR;2;2021-01-09;0;0;0;0;0;0;0;0;0;0;0;0;0;0;0;0;0;0
FR;2;2021-01-10;0;0;0;0;0;0;0;0;0;0;0;0;0;0;0;0;0;0
FR;2;2021-01-11;0;0;0;0;0;0;0;0;0;0;0;0;0;0;0;0;0;0
FR;2;2021-01-12;0;0;0;0;0;0;0;0;0;0;0;0;0;0;0;0;0;0
FR;2;2021-01-13;0;0;0;0;0;0;0;0;0;0;0;0;0;0;0;0;0;0
FR;2;2021-01-14;1636;0;0;0;213;0;0;0;0;1636;0;0;0;213;0;0;0;0
FR;2;2021-01-15;398;0;0;0;28;0;0;0;0;2034;0;0;0;241;0;0;0;0
FR;2;2021-01-16;316;0;0;0;12;0;0;0;0;2350;0;0;0;253;0;0;0;0
FR;2;2021-01-17;84;0;0;0;7;0;0;0;0;2434;0;0;0;260;0;0;0;0
FR;2;2021-01-18;3075;3;0;0;27;0;0;0;0;5509;3;0;0;287;0;0;0;0
FR;2;2021-01-19;4681;2;0;0;31;0;0;0;0;10190;5;0;0;318;0;0;0;0
FR;2;2021-01-20;5138;6;0;0;58;0;0;0;0;15328;11;0;0;376;0;0;0;0
FR;2;2021-01-21;5345;9;0;0;55;0;0;0;0;20673;20;0;0;431;0;0;0;0
FR;2;2021-01-22;5119;19;0;0;70;0;0;0;0;25792;39;0;0;501;0;0;0;0
FR;2;2021-01-23;1875;2;0;0;16;0;0;0;0;27667;41;0;0;517;0;0;0;0
FR;2;2021-01-24;163;2;0;0;8;0;0;0;0;27830;43;0;0;525;0;0;0;0
FR;2;2021-01-25;3814;4;0;0;37;0;0;0;0;31644;47;0;0;562;0;0;0;0
FR;2;2021-01-26;3930;6;0;0;42;0;0;0;0;35574;53;0;0;604;0;0;0;0
FR;2;2021-01-27;3606;4;0;0;36;0;0;0;0;39180;57;0;0;640;0;0;0;0
FR;2;2021-01-28;3757;9;0;0;44;0;0;0;0;42937;66;0;0;684;0;0;0;0
FR;2;2021-01-29;3300;6;0;0;42;0;0;0;0;46237;72;0;0;726;0;0;0;0
FR;2;2021-01-30;1133;3;0;0;16;0;0;0;0;47370;75;0;0;742;0;0;0;0
FR;2;2021-01-31;46;2;0;0;9;0;0;0;0;47416;77;0;0;751;0;0;0;0
FR;2;2021-02-01;3408;13;0;0;44;0;0;0;0;50824;90;0;0;795;0;0;0;0
FR;2;2021-02-02;4498;19;0;0;53;0;0;0;0;55322;109;0;0;848;0;0;0;0
FR;2;2021-02-03;5223;12;0;0;83;0;0;0;0;60545;121;0;0;931;0;0;0;0
FR;2;2021-02-04;4941;11;0;0;36;0;0;0;0;65486;132;0;0;967;0;0;0;0
FR;2;2021-02-05;4817;17;0;0;50;0;0;0;0;70303;149;0;0;1017;0;0;0;0
FR;2;2021-02-06;2047;15;0;0;41;0;0;0;0;72350;164;0;0;1058;0;0;0;0
FR;2;2021-02-07;103;6;0;0;20;0;0;0;0;72453;170;0;0;1078;0;0;0;0
FR;2;2021-02-08;7559;27;0;0;86;0;0;0;0;80012;197;0;0;1164;0;0;0;0
FR;2;2021-02-09;8435;31;0;0;100;0;0;0;0;88447;228;0;0;1264;0;0;0;0
FR;2;2021-02-10;9349;63;0;0;183;0;0;0;0;97796;291;0;0;1447;0;0;0;0
FR;2;2021-02-11;10292;132;0;0;256;0;0;0;0;108088;423;0;0;1703;0;0;0;0
FR;2;2021-02-12;10059;276;0;0;430;0;0;0;0;118147;699;0;0;2133;0;0;0;0
FR;2;2021-02-13;3121;223;0;0;261;0;0;0;0;121268;922;0;0;2394;0;0;0;0
FR;2;2021-02-14;358;11;0;0;21;0;0;0;0;121626;933;0;0;2415;0;0;0;0
FR;2;2021-02-15;3460;3129;0;0;3176;0;0;0;0;125086;4062;0;0;5591;0;0;0;0
FR;2;2021-02-16;5076;4164;0;0;4237;0;0;0;0;130162;8226;0;0;9828;0;0;0;0
FR;2;2021-02-17;4259;4554;0;0;4631;0;0;0;0;134421;12780;0;0;14459;0;0;0;0
FR;2;2021-02-18;5406;5179;0;0;5249;0;0;0;0;139827;17959;0;0;19708;0;0;0;0
FR;2;2021-02-19;5329;4491;0;0;4592;0;0;0;0;145156;22450;0;0;24300;0;0;0;0
FR;2;2021-02-20;1872;1520;0;0;1537;0;0;0;0;147028;23970;0;0;25837;0;0;0;0
FR;2;2021-02-21;244;96;0;0;98;0;0;0;0;147272;24066;0;0;25935;0;0;0;0
FR;2;2021-02-22;3614;3782;0;0;3844;0;0;0;0;150886;27848;0;0;29779;0;0;0;0
FR;2;2021-02-23;4956;3740;0;0;3804;0;0;0;0;155842;31588;0;0;33583;0;0;0;0
FR;2;2021-02-24;5017;3558;0;0;3611;0;0;0;0;160859;35146;0;0;37194;0;0;0;0
FR;2;2021-02-25;5501;3495;0;0;3585;0;0;0;0;166360;38641;0;0;40779;0;0;0;0
FR;2;2021-02-26;4368;3179;0;0;3253;0;0;0;0;170728;41820;0;0;44032;0;0;0;0
FR;2;2021-02-27;1629;1067;0;0;1086;0;0;0;0;172357;42887;0;0;45118;0;0;0;0
FR;2;2021-02-28;179;17;0;0;28;0;0;0;0;172536;42904;0;0;45146;0;0;0;0
FR;2;2021-03-01;5193;3763;0;0;3852;0;0;0;0;177729;46667;0;0;48998;0;0;0;0
FR;2;2021-03-02;6542;4728;0;0;4829;0;0;0;0;184271;51395;0;0;53827;0;0;0;0
FR;2;2021-03-03;6544;4955;0;0;5096;0;0;0;0;190815;56350;0;0;58923;0;0;0;0
FR;2;2021-03-04;8412;4210;0;0;4396;0;0;0;0;199227;60560;0;0;63319;0;0;0;0
FR;2;2021-03-05;8037;4054;0;0;4237;0;0;0;0;207264;64614;0;0;67556;0;0;0;0
FR;2;2021-03-06;4791;1683;0;0;1783;0;0;0;0;212055;66297;0;0;69339;0;0;0;0
FR;2;2021-03-07;2373;32;0;0;76;0;0;0;0;214428;66329;0;0;69415;0;0;0;0
FR;2;2021-03-08;4166;8392;0;0;8549;0;0;0;0;218594;74721;0;0;77964;0;0;0;0
FR;2;2021-03-09;7494;8610;1;0;8868;0;0;0;0;226088;83331;1;0;86832;0;0;0;0
FR;2;2021-03-10;7108;9246;0;0;9473;0;0;0;0;233196;92577;1;0;96305;0;0;0;0
FR;2;2021-03-11;9379;9365;1;0;9685;0;0;0;0;242575;101942;2;0;105990;0;0;0;0
FR;2;2021-03-12;7988;8368;0;0;8670;0;0;0;0;250563;110310;2;0;114660;0;0;0;0
FR;2;2021-03-13;10058;2593;0;0;2914;0;0;0;0;260621;112903;2;0;117574;0;0;0;0
FR;2;2021-03-14;4841;380;0;0;539;0;0;0;0;265462;113283;2;0;118113;0;0;0;0
FR;2;2021-03-15;10919;3476;0;0;3765;0;0;0;0;276381;116759;2;0;121878;0;0;0;0
FR;2;2021-03-16;16770;4732;1;0;5282;0;0;0;0;293151;121491;3;0;127160;0;0;0;0
FR;2;2021-03-17;20242;3998;0;0;4672;0;0;0;0;313393;125489;3;0;131832;0;0;0;0
FR;2;2021-03-18;23375;5128;0;0;5957;0;0;0;0;336768;130617;3;0;137789;0;0;0;0
FR;2;2021-03-19;23316;4680;0;0;5443;0;0;0;0;360084;135297;3;0;143232;0;0;0;0
FR;2;2021-03-20;25452;1588;0;0;2345;0;0;0;0;385536;136885;3;0;145577;0;0;0;0
FR;2;2021-03-21;17675;153;0;0;731;0;0;0;0;403211;137038;3;0;146308;0;0;0;0
FR;2;2021-03-22;17791;3275;0;0;3944;0;0;0;0;421002;140313;3;0;150252;0;0;0;0
FR;2;2021-03-23;22707;4288;0;0;5143;0;0;0;0;443709;144601;3;0;155395;0;0;0;0
FR;2;2021-03-24;23966;5099;0;0;5936;0;0;0;0;467675;149700;3;0;161331;0;0;0;0
FR;2;2021-03-25;26762;5257;1;0;6454;0;0;0;0;494437;154957;4;0;167785;0;0;0;0
FR;2;2021-03-26;26992;4236;0;0;5382;0;0;0;0;521429;159193;4;0;173167;0;0;0;0
FR;2;2021-03-27;15923;1369;0;0;1899;0;0;0;0;537352;160562;4;0;175066;0;0;0;0
FR;2;2021-03-28;10563;136;0;0;428;0;0;0;0;547915;160698;4;0;175494;0;0;0;0
FR;2;2021-03-29;19004;4349;0;0;5049;0;0;0;0;566919;165047;4;0;180543;0;0;0;0
FR;2;2021-03-30;24597;6105;0;0;7045;0;0;0;0;591516;171152;4;0;187588;0;0;0;0
FR;2;2021-03-31;28562;5930;0;0;7223;0;0;0;0;620078;177082;4;0;194811;0;0;0;0
FR;2;2021-04-01;34560;8576;1;0;10269;0;0;0;0;654638;185658;5;0;205080;0;0;0;0
FR;2;2021-04-02;29992;7736;0;0;9164;0;0;0;0;684630;193394;5;0;214244;0;0;0;0
FR;2;2021-04-03;16959;4263;0;0;4945;0;0;0;0;701589;197657;5;0;219189;0;0;0;0
FR;2;2021-04-04;9309;1269;2;0;1677;0;0;0;0;710898;198926;7;0;220866;0;0;0;0
FR;2;2021-04-05;12448;797;0;0;1381;0;0;0;0;723346;199723;7;0;222247;0;0;0;0
FR;2;2021-04-06;27159;7359;0;0;8751;0;0;0;0;750505;207082;7;0;230998;0;0;0;0
FR;2;2021-04-07;30931;7070;1;0;8646;0;0;0;0;781436;214152;8;0;239644;0;0;0;0
FR;2;2021-04-08;36896;8591;1;0;10516;0;0;0;0;818332;222743;9;0;250160;0;0;0;0
FR;2;2021-04-09;33856;8389;28;0;10174;0;0;0;0;852188;231132;37;0;260334;0;0;0;0
FR;2;2021-04-10;19689;9270;1;0;10182;0;0;0;0;871877;240402;38;0;270516;0;0;0;0
FR;2;2021-04-11;7943;4240;1;0;4603;0;0;0;0;879820;244642;39;0;275119;0;0;0;0
FR;2;2021-04-12;17137;11028;0;0;11869;0;0;0;0;896957;255670;39;0;286988;0;0;0;0
FR;2;2021-04-13;19465;16036;1;0;17104;0;0;0;0;916422;271706;40;0;304092;0;0;0;0
FR;2;2021-04-14;18071;16446;7;0;17542;0;0;0;0;934493;288152;47;0;321634;0;0;0;0
FR;2;2021-04-15;22208;21891;27;0;23345;0;0;0;0;956701;310043;74;0;344979;0;0;0;0
FR;2;2021-04-16;20721;20643;45;0;21916;0;0;0;0;977422;330686;119;0;366895;0;0;0;0
FR;2;2021-04-17;13258;22496;5;0;23227;0;0;0;0;990680;353182;124;0;390122;0;0;0;0
FR;2;2021-04-18;5911;14397;6;0;14737;0;0;0;0;996591;367579;130;0;404859;0;0;0;0
FR;2;2021-04-19;16850;16394;24;0;17197;0;0;0;0;1013441;383973;154;0;422056;0;0;0;0
FR;2;2021-04-20;19328;21807;38;0;22868;0;0;0;0;1032769;405780;192;0;444924;0;0;0;0
FR;2;2021-04-21;20294;21902;76;0;23052;0;0;0;0;1053063;427682;268;0;467976;0;0;0;0
FR;2;2021-04-22;23824;24956;41;0;26369;0;0;0;0;1076887;452638;309;0;494345;0;0;0;0
FR;2;2021-04-23;24534;25501;76;0;27013;0;0;0;0;1101421;478139;385;0;521358;0;0;0;0
FR;2;2021-04-24;25305;15068;104;0;16506;0;0;0;0;1126726;493207;489;0;537864;0;0;0;0
FR;2;2021-04-25;9597;8622;5;0;9183;0;0;0;0;1136323;501829;494;0;547047;0;0;0;0
FR;2;2021-04-26;17169;17678;21;0;18564;0;0;0;0;1153492;519507;515;0;565611;0;0;0;0
FR;2;2021-04-27;19246;24100;40;0;25284;0;0;0;0;1172738;543607;555;0;590895;0;0;0;0
FR;2;2021-04-28;22343;26457;113;0;27858;0;0;0;0;1195081;570064;668;0;618753;0;0;0;0
FR;2;2021-04-29;25477;30501;70;0;32191;0;0;0;0;1220558;600565;738;0;650944;0;0;0;0
FR;2;2021-04-30;25541;27977;49;1;29627;0;0;0;0;1246099;628542;787;1;680571;0;0;0;0
FR;2;2021-05-01;14988;9853;6;0;10654;0;0;0;0;1261087;638395;793;1;691225;0;0;0;0
FR;2;2021-05-02;6642;9160;2;0;9506;0;0;0;0;1267729;647555;795;1;700731;0;0;0;0
FR;2;2021-05-03;20026;19127;40;0;20334;0;0;0;0;1287755;666682;835;1;721065;0;0;0;0
FR;2;2021-05-04;18288;29202;33;0;30348;0;0;0;0;1306043;695884;868;1;751413;0;0;0;0
FR;2;2021-05-05;18385;29524;48;0;30822;0;0;0;0;1324428;725408;916;1;782235;0;0;0;0
FR;2;2021-05-06;23553;35413;132;0;36986;0;0;0;0;1347981;760821;1048;1;819221;0;0;0;0
FR;2;2021-05-07;25349;33240;97;0;35099;0;0;0;0;1373330;794061;1145;1;854320;0;0;0;0
FR;2;2021-05-08;21343;10697;15;0;11784;0;0;0;0;1394673;804758;1160;1;866104;0;0;0;0
FR;2;2021-05-09;13170;7609;7;0;8284;0;0;0;0;1407843;812367;1167;1;874388;0;0;0;0
FR;2;2021-05-10;32949;21718;50;0;23575;0;0;0;0;1440792;834085;1217;1;897963;0;0;0;0
FR;2;2021-05-11;43616;20904;101;0;23529;0;0;0;0;1484408;854989;1318;1;921492;0;0;0;0
FR;2;2021-05-12;50070;19638;143;0;22518;0;0;0;0;1534478;874627;1461;1;944010;0;0;0;0
FR;2;2021-05-13;51301;5597;31;0;8465;0;0;0;0;1585779;880224;1492;1;952475;0;0;0;0
FR;2;2021-05-14;61361;12883;132;0;16537;0;0;0;0;1647140;893107;1624;1;969012;0;0;0;0
FR;2;2021-05-15;65938;7100;40;0;10650;0;0;0;0;1713078;900207;1664;1;979662;0;0;0;0
FR;2;2021-05-16;43588;2573;10;0;4944;0;0;0;0;1756666;902780;1674;1;984606;0;0;0;0
FR;2;2021-05-17;44756;12447;114;0;15354;0;0;0;0;1801422;915227;1788;1;999960;0;0;0;0
FR;2;2021-05-18;54650;12289;190;0;15972;0;0;0;0;1856072;927516;1978;1;1015932;0;0;0;0
FR;2;2021-05-19;57180;10459;281;0;14499;0;0;0;0;1913252;937975;2259;1;1030431;0;0;0;0
FR;2;2021-05-20;63452;10803;288;0;14898;0;0;0;0;1976704;948778;2547;1;1045329;0;0;0;0
FR;2;2021-05-21;64306;11601;230;0;16026;0;0;0;0;2041010;960379;2777;1;1061355;0;0;0;0
FR;2;2021-05-22;61488;4529;65;0;8499;0;0;0;0;2102498;964908;2842;1;1069854;0;0;0;0
FR;2;2021-05-23;37536;575;22;0;2912;0;0;0;0;2140034;965483;2864;1;1072766;0;0;0;0
FR;2;2021-05-24;17248;2052;35;0;3259;0;0;0;0;2157282;967535;2899;1;1076025;0;0;0;0
FR;2;2021-05-25;21121;12254;241;0;13855;0;0;0;0;2178403;979789;3140;1;1089880;0;0;0;0
FR;2;2021-05-26;19946;11539;230;0;13068;0;0;0;0;2198349;991328;3370;1;1102948;0;0;0;0
FR;2;2021-05-27;23001;12663;182;0;14400;0;0;0;0;2221350;1003991;3552;1;1117348;0;0;0;0
FR;2;2021-05-28;29398;15044;190;0;17225;0;0;0;0;2250748;1019035;3742;1;1134573;0;0;0;0
FR;2;2021-05-29;30425;8196;58;0;10104;0;0;0;0;2281173;1027231;3800;1;1144677;0;0;0;0
FR;2;2021-05-30;4648;1819;6;0;2154;0;0;0;0;2285821;1029050;3806;1;1146831;0;0;0;0
FR;2;2021-05-31;28590;18741;184;0;20820;0;0;0;0;2314411;1047791;3990;1;1167651;0;0;0;0
FR;2;2021-06-01;45745;19915;225;0;23151;0;0;0;0;2360156;1067706;4215;1;1190802;0;0;0;0
FR;2;2021-06-02;37483;19311;182;0;22317;0;0;0;0;2397639;1087017;4397;1;1213119;0;0;0;0
FR;2;2021-06-03;51284;23117;161;0;26971;0;0;0;0;2448923;1110134;4558;1;1240090;0;0;0;0
FR;2;2021-06-04;65519;24088;217;0;29053;0;0;0;0;2514442;1134222;4775;1;1269143;0;0;0;0
FR;2;2021-06-05;34607;24109;52;0;26964;0;0;0;0;2549049;1158331;4827;1;1296107;0;0;0;0
FR;2;2021-06-06;4958;6194;10;0;6613;0;0;0;0;2554007;1164525;4837;1;1302720;0;0;0;0
FR;2;2021-06-07;28177;23016;150;0;25432;0;0;0;0;2582184;1187541;4987;1;1328152;0;0;0;0
FR;2;2021-06-08;46379;22944;143;0;26910;0;0;0;0;2628563;1210485;5130;1;1355062;0;0;0;0
FR;2;2021-06-09;34297;21000;107;0;24132;0;0;0;0;2662860;1231485;5237;1;1379194;0;0;0;0
FR;2;2021-06-10;42644;19081;96;1;23003;0;0;0;0;2705504;1250566;5333;2;1402197;0;0;0;0
FR;2;2021-06-11;55306;25133;134;0;30232;0;0;0;0;2760810;1275699;5467;2;1432429;0;0;0;0
FR;2;2021-06-12;30567;19800;53;0;22654;0;0;0;0;2791377;1295499;5520;2;1455083;0;0;0;0
FR;2;2021-06-13;3333;9197;13;0;9586;0;0;0;0;2794710;1304696;5533;2;1464669;0;0;0;0
FR;2;2021-06-14;25304;24119;92;0;26699;0;0;0;0;2820014;1328815;5625;2;1491368;0;0;0;0
FR;2;2021-06-15;39049;22819;154;0;26567;0;0;0;0;2859063;1351634;5779;2;1517935;0;0;0;0
FR;2;2021-06-16;30168;21369;135;0;24522;0;0;0;0;2889231;1373003;5914;2;1542457;0;0;0;0
FR;2;2021-06-17;36913;25738;150;0;29600;0;0;0;0;2926144;1398741;6064;2;1572057;0;0;0;0
FR;2;2021-06-18;46860;28882;123;0;33585;0;0;0;0;2973004;1427623;6187;2;1605642;0;0;0;0
FR;2;2021-06-19;24527;24940;39;0;27714;0;0;0;0;2997531;1452563;6226;2;1633356;0;0;0;0
FR;2;2021-06-20;3745;10058;9;0;10557;0;0;0;0;3001276;1462621;6235;2;1643913;0;0;0;0
FR;2;2021-06-21;17538;42861;88;0;44873;0;0;0;0;3018814;1505482;6323;2;1688786;0;0;0;0
FR;2;2021-06-22;28367;49617;110;0;53046;0;0;0;0;3047181;1555099;6433;2;1741832;0;0;0;0
FR;2;2021-06-23;21790;49612;107;1;52461;1;0;0;0;3068971;1604711;6540;3;1794293;1;0;0;0
FR;2;2021-06-24;28381;50317;134;0;54048;0;0;0;0;3097352;1655028;6674;3;1848341;1;0;0;0
FR;2;2021-06-25;33402;60489;129;0;64878;0;0;0;0;3130754;1715517;6803;3;1913219;1;0;0;0
FR;2;2021-06-26;16395;59356;54;1;61748;0;0;0;0;3147149;1774873;6857;4;1974967;1;0;0;0
FR;2;2021-06-27;2566;29316;22;1;29898;0;0;0;0;3149715;1804189;6879;5;2004865;1;0;0;0
FR;2;2021-06-28;12641;54341;84;0;56317;0;0;0;0;3162356;1858530;6963;5;2061182;1;0;0;0
FR;2;2021-06-29;19857;59999;178;0;62942;0;0;0;0;3182213;1918529;7141;5;2124124;1;0;0;0
FR;2;2021-06-30;16337;58038;253;17;60722;0;0;0;0;3198550;1976567;7394;22;2184846;1;0;0;0
FR;2;2021-07-01;20497;59874;228;0;63201;0;0;0;0;3219047;2036441;7622;22;2248047;1;0;0;0
FR;2;2021-07-02;24083;62160;184;0;66374;0;0;0;0;3243130;2098601;7806;22;2314421;1;0;0;0
FR;2;2021-07-03;12123;57146;153;0;59485;0;0;0;0;3255253;2155747;7959;22;2373906;1;0;0;0
FR;2;2021-07-04;1961;23303;18;0;23870;0;0;0;0;3257214;2179050;7977;22;2397776;1;0;0;0
FR;2;2021-07-05;9179;29257;106;0;30893;0;0;0;0;3266393;2208307;8083;22;2428669;1;0;0;0
FR;2;2021-07-06;14584;36279;135;0;38958;0;0;0;0;3280977;2244586;8218;22;2467627;1;0;0;0
FR;2;2021-07-07;14421;33663;140;0;36417;0;0;0;0;3295398;2278249;8358;22;2504044;1;0;0;0
FR;2;2021-07-08;19723;40324;162;0;43981;0;0;0;0;3315121;2318573;8520;22;2548025;1;0;0;0
FR;2;2021-07-09;27105;54334;202;1;59484;0;0;0;0;3342226;2372907;8722;23;2607509;1;0;0;0
FR;2;2021-07-10;13389;33708;107;0;36392;0;0;0;0;3355615;2406615;8829;23;2643901;1;0;0;0
FR;2;2021-07-11;1811;4344;16;0;4771;0;0;0;0;3357426;2410959;8845;23;2648672;1;0;0;0
FR;2;2021-07-12;12971;37265;119;0;39920;0;0;0;0;3370397;2448224;8964;23;2688592;1;0;0;0
FR;2;2021-07-13;37120;53146;152;0;60280;0;0;0;0;3407517;2501370;9116;23;2748872;1;0;0;0
FR;2;2021-07-14;6628;3540;15;0;4887;0;0;0;0;3414145;2504910;9131;23;2753759;1;0;0;0
FR;2;2021-07-15;47244;47013;156;0;55209;0;0;0;0;3461389;2551923;9287;23;2808968;1;0;0;0
FR;2;2021-07-16;64320;55755;188;0;66738;0;0;0;0;3525709;2607678;9475;23;2875706;1;0;0;0
FR;2;2021-07-17;31603;23918;96;0;29375;0;0;0;0;3557312;2631596;9571;23;2905081;1;0;0;0
FR;2;2021-07-18;6090;4807;19;0;5952;0;0;0;0;3563402;2636403;9590;23;2911033;1;0;0;0
FR;2;2021-07-19;33007;28599;94;0;34211;0;0;0;0;3596409;2665002;9684;23;2945244;1;0;0;0
FR;2;2021-07-20;51999;44525;155;0;53160;0;0;0;0;3648408;2709527;9839;23;2998404;1;0;0;0
FR;2;2021-07-21;45257;34626;93;0;42129;0;0;0;0;3693665;2744153;9932;23;3040533;1;0;0;0
FR;2;2021-07-22;56280;41081;128;1;50354;0;0;0;0;3749945;2785234;10060;24;3090887;1;0;0;0
FR;2;2021-07-23;68305;48967;170;0;60257;0;0;0;0;3818250;2834201;10230;24;3151144;1;0;0;0
FR;2;2021-07-24;36178;21613;82;0;27471;0;0;0;0;3854428;2855814;10312;24;3178615;1;0;0;0
FR;2;2021-07-25;6751;2609;10;0;3867;0;0;0;0;3861179;2858423;10322;24;3182482;1;0;0;0
FR;2;2021-07-26;36320;22337;91;1;27840;0;0;0;0;3897499;2880760;10413;25;3210322;1;0;0;0
FR;2;2021-07-27;62392;34563;180;0;43711;0;0;0;0;3959891;2915323;10593;25;3254033;1;0;0;0
FR;2;2021-07-28;55326;26425;132;0;34511;0;0;0;0;4015217;2941748;10725;25;3288544;1;0;0;0
FR;2;2021-07-29;68481;32797;189;0;42479;0;0;0;0;4083698;2974545;10914;25;3331023;1;0;0;0
FR;2;2021-07-30;74468;37816;222;1;48606;0;0;0;0;4158166;3012361;11136;26;3379629;1;0;0;0
FR;2;2021-07-31;34778;16207;105;0;21406;0;0;0;0;4192944;3028568;11241;26;3401035;1;0;0;0
FR;2;2021-08-01;5416;2260;19;0;3123;0;0;0;0;4198360;3030828;11260;26;3404158;1;0;0;0
FR;2;2021-08-02;35896;16151;101;0;21054;0;0;0;0;4234256;3046979;11361;26;3425212;1;0;0;0
FR;2;2021-08-03;55988;28260;143;0;35463;0;0;0;0;4290244;3075239;11504;26;3460675;1;0;0;0
FR;2;2021-08-04;46639;20828;128;1;26936;0;0;0;0;4336883;3096067;11632;27;3487611;1;0;0;0
FR;2;2021-08-05;54641;31562;215;0;38738;0;0;0;0;4391524;3127629;11847;27;3526349;1;0;0;0
FR;2;2021-08-06;58098;42398;242;1;50226;0;0;0;0;4449622;3170027;12089;28;3576575;1;0;0;0
FR;2;2021-08-07;25152;17627;89;0;21317;0;0;0;0;4474774;3187654;12178;28;3597892;1;0;0;0
FR;2;2021-08-08;3840;3653;21;0;4311;0;0;0;0;4478614;3191307;12199;28;3602203;1;0;0;0
FR;2;2021-08-09;29308;21023;92;0;24849;0;0;0;0;4507922;3212330;12291;28;3627052;1;0;0;0
FR;2;2021-08-10;45014;33466;155;0;39227;0;0;0;0;4552936;3245796;12446;28;3666279;1;0;0;0
FR;2;2021-08-11;35277;25144;151;0;29743;0;0;0;0;4588213;3270940;12597;28;3696022;1;0;0;0
FR;2;2021-08-12;41905;35691;163;0;41228;0;0;0;0;4630118;3306631;12760;28;3737250;1;0;0;0
FR;2;2021-08-13;42608;37352;218;0;43039;0;0;0;0;4672726;3343983;12978;28;3780289;1;0;0;0
FR;2;2021-08-14;18524;22131;94;0;24762;0;0;0;0;4691250;3366114;13072;28;3805051;1;0;0;0
FR;2;2021-08-15;3865;3795;17;0;4381;0;0;0;0;4695115;3369909;13089;28;3809432;1;0;0;0
FR;2;2021-08-16;25094;27125;111;0;30447;0;0;0;0;4720209;3397034;13200;28;3839879;1;0;0;0
FR;2;2021-08-17;38270;43396;207;2;48380;0;0;0;0;4758479;3440430;13407;30;3888259;1;0;0;0
FR;2;2021-08-18;32254;36353;195;1;40695;0;0;0;0;4790733;3476783;13602;31;3928954;1;0;0;0
FR;2;2021-08-19;37435;46574;224;0;51775;0;0;0;0;4828168;3523357;13826;31;3980729;1;0;0;0
FR;2;2021-08-20;40569;55649;271;1;61576;0;0;0;0;4868737;3579006;14097;32;4042305;1;0;0;0
FR;2;2021-08-21;18121;24321;117;0;27113;0;0;0;0;4886858;3603327;14214;32;4069418;1;0;0;0
FR;2;2021-08-22;2909;4320;22;1;4852;1;0;0;0;4889767;3607647;14236;33;4074270;2;0;0;0
FR;2;2021-08-23;19250;35149;131;1;38038;0;0;0;0;4909017;3642796;14367;34;4112308;2;0;0;0
FR;2;2021-08-24;31952;56037;236;0;60694;0;0;0;0;4940969;3698833;14603;34;4173002;2;0;0;0
FR;2;2021-08-25;25934;43457;251;0;47406;0;0;0;0;4966903;3742290;14854;34;4220408;2;0;0;0
FR;2;2021-08-26;32362;55844;388;0;60582;0;0;0;0;4999265;3798134;15242;34;4280990;2;0;0;0
FR;2;2021-08-27;37004;65680;477;2;71405;0;0;0;0;5036269;3863814;15719;36;4352395;2;0;0;0
FR;2;2021-08-28;17819;28556;300;0;31616;0;0;0;0;5054088;3892370;16019;36;4384011;2;0;0;0
FR;2;2021-08-29;2656;5012;47;0;5623;0;0;0;0;5056744;3897382;16066;36;4389634;2;0;0;0
FR;2;2021-08-30;18418;37727;399;0;40146;756;0;0;0;5075162;3935109;16465;36;4429780;758;0;0;0
FR;2;2021-08-31;28077;57517;887;4;60948;1558;0;0;0;5103239;3992626;17352;40;4490728;2316;0;0;0
FR;2;2021-09-01;21595;39877;1309;0;42257;2129;0;0;0;5124834;4032503;18661;40;4532985;4445;0;0;0
FR;2;2021-09-02;25486;48667;1963;2;50942;3369;0;0;0;5150320;4081170;20624;42;4583927;7814;0;0;0
FR;2;2021-09-03;33414;64574;2988;3;67537;4886;1;0;0;5183734;4145744;23612;45;4651464;12700;1;0;0
FR;2;2021-09-04;16833;27766;1443;1;29557;2386;0;0;0;5200567;4173510;25055;46;4681021;15086;1;0;0
FR;2;2021-09-05;2265;3585;266;0;3941;412;0;0;0;5202832;4177095;25321;46;4684962;15498;1;0;0
FR;2;2021-09-06;14045;28694;1771;1;29759;2945;0;0;0;5216877;4205789;27092;47;4714721;18443;1;0;0
FR;2;2021-09-07;21111;41110;3022;13;42263;4945;0;0;0;5237988;4246899;30114;60;4756984;23388;1;0;0
FR;2;2021-09-08;17248;31921;2735;6;32738;4498;0;0;0;5255236;4278820;32849;66;4789722;27886;1;0;0
FR;2;2021-09-09;20982;40485;4437;3;41229;6842;0;0;0;5276218;4319305;37286;69;4830951;34728;1;0;0
FR;2;2021-09-10;28203;51315;5286;4;51884;8979;1;0;0;5304421;4370620;42572;73;4882835;43707;2;0;0
FR;2;2021-09-11;13655;22461;2405;5;23133;3990;0;0;0;5318076;4393081;44977;78;4905968;47697;2;0;0
FR;2;2021-09-12;1824;2770;292;0;2964;509;0;0;0;5319900;4395851;45269;78;4908932;48206;2;0;0
FR;2;2021-09-13;11659;21441;2474;4;21701;4052;0;0;0;5331559;4417292;47743;82;4930633;52258;2;0;0
FR;2;2021-09-14;18578;32720;5092;13;31678;9055;2;0;0;5350137;4450012;52835;95;4962311;61313;4;0;0
FR;2;2021-09-15;14917;28226;5168;3;26926;7748;9;0;0;5365054;4478238;58003;98;4989237;69061;13;0;0
FR;2;2021-09-16;16079;32798;6737;12;30179;10541;4;0;0;5381133;4511036;64740;110;5019416;79602;17;0;0
FR;2;2021-09-17;20916;47179;8782;10;42825;14631;6;0;0;5402049;4558215;73522;120;5062241;94233;23;0;0
FR;2;2021-09-18;9857;20960;3804;6;19596;6034;1;0;0;5411906;4579175;77326;126;5081837;100267;24;0;0
FR;2;2021-09-19;1166;2590;396;0;2533;631;0;0;0;5413072;4581765;77722;126;5084370;100898;24;0;0
FR;2;2021-09-20;7503;18702;3856;7;17025;6135;4;0;0;5420575;4600467;81578;133;5101395;107033;28;0;0
FR;2;2021-09-21;11215;29983;6495;5;26536;10744;3;0;0;5431790;4630450;88073;138;5127931;117777;31;0;0
FR;2;2021-09-22;9415;23546;5490;6;21194;8526;8;0;0;5441205;4653996;93563;144;5149125;126303;39;0;0
FR;2;2021-09-23;10730;28903;7881;10;24731;12646;10;0;0;5451935;4682899;101444;154;5173856;138949;49;0;0
FR;2;2021-09-24;15075;42945;10878;18;37280;17245;21;0;0;5467010;4725844;112322;172;5211136;156194;70;0;0
FR;2;2021-09-25;7258;18798;3965;9;17152;6120;3;0;0;5474268;4744642;116287;181;5228288;162314;73;0;0
FR;2;2021-09-26;1080;2544;495;0;2490;630;1;0;0;5475348;4747186;116782;181;5230778;162944;74;0;0
FR;2;2021-09-27;6311;16400;4287;8;14792;6533;2;0;0;5481659;4763586;121069;189;5245570;169477;76;0;0
FR;2;2021-09-28;9243;25573;7770;14;21720;12089;7;0;0;5490902;4789159;128839;203;5267290;181566;83;0;0
FR;2;2021-09-29;8081;20199;6067;25;17606;9259;8;0;0;5498983;4809358;134906;228;5284896;190825;91;0;0
FR;2;2021-09-30;9865;25838;9509;16;21639;14099;6;0;0;5508848;4835196;144415;244;5306535;204924;97;0;0
FR;2;2021-10-01;13979;35736;12921;25;30046;19328;9;0;0;5522827;4870932;157336;269;5336581;224252;106;0;0
FR;2;2021-10-02;6875;15933;4850;7;14226;7047;6;0;0;5529702;4886865;162186;276;5350807;231299;112;0;0
FR;2;2021-10-03;841;1908;492;1;1839;502;0;0;0;5530543;4888773;162678;277;5352646;231801;112;0;0
FR;2;2021-10-04;5826;13901;5516;5;12137;7854;6;0;0;5536369;4902674;168194;282;5364783;239655;118;0;0
FR;2;2021-10-05;9058;22571;11125;19;18531;15741;1;0;0;5545427;4925245;179319;301;5383314;255396;119;0;0
FR;2;2021-10-06;7785;17748;8243;11;15274;11091;4;0;0;5553212;4942993;187562;312;5398588;266487;123;0;0
FR;2;2021-10-07;9204;22214;12386;14;18007;16878;6;0;0;5562416;4965207;199948;326;5416595;283365;129;0;0
FR;2;2021-10-08;13432;32143;17349;28;26517;23609;11;0;0;5575848;4997350;217297;354;5443112;306974;140;0;0
FR;2;2021-10-09;6000;12847;6044;6;11381;7897;7;0;0;5581848;5010197;223341;360;5454493;314871;147;0;0
FR;2;2021-10-10;885;1592;436;2;1535;604;1;0;0;5582733;5011789;223777;362;5456028;315475;148;0;0
FR;2;2021-10-11;5607;11544;6455;17;9932;8829;3;0;0;5588340;5023333;230232;379;5465960;324304;151;0;0
FR;2;2021-10-12;8031;17790;12551;13;13921;16790;9;0;0;5596371;5041123;242783;392;5479881;341094;160;0;0
FR;2;2021-10-13;6947;14871;10256;12;11812;13663;7;0;0;5603318;5055994;253039;404;5491693;354757;167;0;0
FR;2;2021-10-14;8314;17940;14996;13;13557;19478;10;0;0;5611632;5073934;268035;417;5505250;374235;177;0;0
FR;2;2021-10-15;11856;26309;20902;26;19412;27981;4;0;0;5623488;5100243;288937;443;5524662;402216;181;0;0
FR;2;2021-10-16;5141;8728;1819;0;8172;3205;2;0;0;5628629;5108971;290756;443;5532834;405421;183;0;0
FR;2;2021-10-17;654;1150;185;0;1083;354;1;0;0;5629283;5110121;290941;443;5533917;405775;184;0;0
FR;2;2021-10-18;4564;7337;665;2;7243;1630;0;0;0;5633847;5117458;291606;445;5541160;407405;184;0;0
FR;2;2021-10-19;6239;9849;732;5;9656;2030;5;0;0;5640086;5127307;292338;450;5550816;409435;189;0;0
FR;2;2021-10-20;5170;8051;759;3;8173;1675;0;0;0;5645256;5135358;293097;453;5558989;411110;189;0;0
FR;2;2021-10-21;6090;9983;780;5;9840;2105;1;0;0;5651346;5145341;293877;458;5568829;413215;190;0;0
FR;2;2021-10-22;8452;14602;1151;4;14478;2891;2;0;0;5659798;5159943;295028;462;5583307;416106;192;0;0
FR;2;2021-10-23;3845;5993;587;0;6125;1235;3;0;0;5663643;5165936;295615;462;5589432;417341;195;0;0
FR;2;2021-10-24;494;882;101;0;900;204;0;0;0;5664137;5166818;295716;462;5590332;417545;195;0;0
FR;2;2021-10-25;3360;5342;307;1;5518;825;2;0;0;5667497;5172160;296023;463;5595850;418370;197;0;0
FR;2;2021-10-26;4177;7237;1134;4;7126;2023;5;0;0;5671674;5179397;297157;467;5602976;420393;202;0;0
FR;2;2021-10-27;3677;6585;1194;5;6447;1989;1;0;0;5675351;5185982;298351;472;5609423;422382;203;0;0
FR;2;2021-10-28;4597;7687;1737;3;7415;2746;1;0;0;5679948;5193669;300088;475;5616838;425128;204;0;0
FR;2;2021-10-29;5414;11082;2438;4;10692;3684;3;0;0;5685362;5204751;302526;479;5627530;428812;207;0;0
FR;2;2021-10-30;2749;4457;976;1;4452;1448;2;0;0;5688111;5209208;303502;480;5631982;430260;209;0;0
FR;2;2021-10-31;364;535;140;1;544;191;1;0;0;5688475;5209743;303642;481;5632526;430451;210;0;0
FR;2;2021-11-01;430;546;181;0;563;267;1;0;0;5688905;5210289;303823;481;5633089;430718;211;0;0
FR;2;2021-11-02;3294;6760;1184;0;6800;1771;5;0;0;5692199;5217049;305007;481;5639889;432489;216;0;0
FR;2;2021-11-03;3340;6226;1389;2;6311;1970;2;0;0;5695539;5223275;306396;483;5646200;434459;218;0;0
FR;2;2021-11-04;3987;7069;1769;4;7109;2495;3;0;0;5699526;5230344;308165;487;5653309;436954;221;0;0
FR;2;2021-11-05;5235;10502;2869;5;10215;3957;6;0;0;5704761;5240846;311034;492;5663524;440911;227;0;0
FR;2;2021-11-06;2597;4684;1407;0;4641;1824;2;0;0;5707358;5245530;312441;492;5668165;442735;229;0;0
FR;2;2021-11-07;506;862;221;0;869;291;2;0;0;5707864;5246392;312662;492;5669034;443026;231;0;0
FR;2;2021-11-08;2578;5348;1207;3;5268;1678;3;0;0;5710442;5251740;313869;495;5674302;444704;234;0;0
FR;2;2021-11-09;2749;6908;2402;5;6442;3182;2;0;0;5713191;5258648;316271;500;5680744;447886;236;0;0
FR;2;2021-11-10;2590;5668;5118;6;4761;6294;7;0;0;5715781;5264316;321389;506;5685505;454180;243;0;0
FR;2;2021-11-11;446;754;755;2;647;938;3;0;0;5716227;5265070;322144;508;5686152;455118;246;0;0
FR;2;2021-11-12;2953;8088;8982;8;6196;10933;9;0;0;5719180;5273158;331126;516;5692348;466051;255;0;0
FR;2;2021-11-13;1539;3374;3872;7;2722;4538;4;0;0;5720719;5276532;334998;523;5695070;470589;259;0;0
FR;2;2021-11-14;258;585;351;1;486;480;3;0;0;5720977;5277117;335349;524;5695556;471069;262;0;0
FR;2;2021-11-15;1621;3654;4449;8;2908;5329;16;0;0;5722598;5280771;339798;532;5698464;476398;278;0;0
FR;2;2021-11-16;2185;5875;8314;14;4152;10083;16;0;0;5724783;5286646;348112;546;5702616;486481;294;0;0
FR;2;2021-11-17;1740;4523;6634;8;3168;7852;5;0;0;5726523;5291169;354746;554;5705784;494333;299;0;0
FR;2;2021-11-18;2192;5920;9188;10;4018;11018;8;0;0;5728715;5297089;363934;564;5709802;505351;307;0;0
FR;2;2021-11-19;2701;7752;12981;19;4832;15480;12;0;0;5731416;5304841;376915;583;5714634;520831;319;0;0
FR;2;2021-11-20;1566;3333;5185;5;2351;6098;3;0;0;5732982;5308174;382100;588;5716985;526929;322;0;0
FR;2;2021-11-21;251;504;543;0;393;656;3;0;0;5733233;5308678;382643;588;5717378;527585;325;0;0
FR;2;2021-11-22;1278;2570;4485;5;1673;5397;9;0;0;5734511;5311248;387128;593;5719051;532982;334;0;0
FR;2;2021-11-23;1617;4277;8207;9;2536;9923;6;0;0;5736128;5315525;395335;602;5721587;542905;340;0;0
FR;2;2021-11-24;1421;3747;7486;14;2246;8736;9;0;0;5737549;5319272;402821;616;5723833;551641;349;0;0
FR;2;2021-11-25;1814;4863;11474;21;2682;13668;6;0;0;5739363;5324135;414295;637;5726515;565309;355;0;0
FR;2;2021-11-26;2541;7735;22676;31;3812;26091;14;0;0;5741904;5331870;436971;668;5730327;591400;369;0;0
FR;2;2021-11-27;1498;4144;12278;19;2127;14042;13;0;0;5743402;5336014;449249;687;5732454;605442;382;0;0
FR;2;2021-11-28;292;836;1976;3;478;2303;5;0;0;5743694;5336850;451225;690;5732932;607745;387;0;0
FR;2;2021-11-29;1449;4349;15099;23;2010;17269;25;0;0;5745143;5341199;466324;713;5734942;625014;412;0;0
FR;2;2021-11-30;1913;6658;26251;36;2640;30013;22;0;0;5747056;5347857;492575;749;5737582;655027;434;0;0
FR;2;2021-12-01;1918;6006;26211;31;2477;29519;20;0;0;5748974;5353863;518786;780;5740059;684546;454;0;0
FR;2;2021-12-02;1916;6780;37736;52;2112;41995;32;0;0;5750890;5360643;556522;832;5742171;726541;486;0;0
FR;2;2021-12-03;2558;10069;53644;111;3592;59391;31;0;0;5753448;5370712;610166;943;5745763;785932;517;0;0
FR;2;2021-12-04;1850;6275;37132;38;2185;40820;16;0;0;5755298;5376987;647298;981;5747948;826752;533;0;0
FR;2;2021-12-05;458;2242;14265;14;533;15990;7;0;0;5755756;5379229;661563;995;5748481;842742;540;0;0
FR;2;2021-12-06;2486;9848;77735;109;2701;84785;25;0;0;5758242;5389077;739298;1104;5751182;927527;565;0;0
FR;2;2021-12-07;3458;15288;122475;238;3742;133797;40;0;0;5761700;5404365;861773;1342;5754924;1061324;605;0;0
FR;2;2021-12-08;3725;15968;133225;330;3846;145413;54;0;0;5765425;5420333;994998;1672;5758770;1206737;659;0;0
FR;2;2021-12-09;4547;19624;170241;554;4165;185638;61;0;0;5769972;5439957;1165239;2226;5762935;1392375;720;0;0
FR;2;2021-12-10;4676;22804;188700;490;5011;206189;69;0;0;5774648;5462761;1353939;2716;5767946;1598564;789;0;0
FR;2;2021-12-11;3687;16621;132469;239;3663;144937;60;0;0;5778335;5479382;1486408;2955;5771609;1743501;849;0;0
FR;2;2021-12-12;1256;7119;59116;83;1016;65169;12;0;0;5779591;5486501;1545524;3038;5772625;1808670;861;0;0
FR;2;2021-12-13;5529;26811;220733;605;5223;243029;159;0;0;5785120;5513312;1766257;3643;5777848;2051699;1020;0;0
FR;2;2021-12-14;7019;37458;300806;909;6136;332278;190;0;0;5792139;5550770;2067063;4552;5783984;2383977;1210;0;0
FR;2;2021-12-15;6555;36216;285264;958;5866;315903;186;0;0;5798694;5586986;2352327;5510;5789850;2699880;1396;0;0
FR;2;2021-12-16;7765;37923;312178;982;6565;343820;186;0;0;5806459;5624909;2664505;6492;5796415;3043700;1582;0;0
FR;2;2021-12-17;8681;41188;327910;976;8020;360987;232;0;0;5815140;5666097;2992415;7468;5804435;3404687;1814;0;0
FR;2;2021-12-18;6515;26527;212374;448;4904;233673;120;0;0;5821655;5692624;3204789;7916;5809339;3638360;1934;0;0
FR;2;2021-12-19;2603;11403;90226;182;1655;100356;26;0;0;5824258;5704027;3295015;8098;5810994;3738716;1960;0;0
FR;2;2021-12-20;9548;33515;275258;707;6587;303403;209;0;0;5833806;5737542;3570273;8805;5817581;4042119;2169;0;0
FR;2;2021-12-21;11567;38269;309663;968;7368;341438;262;0;0;5845373;5775811;3879936;9773;5824949;4383557;2431;0;0
FR;2;2021-12-22;10461;32775;265147;952;6442;292502;316;0;1;5855834;5808586;4145083;10725;5831391;4676059;2747;0;1
FR;2;2021-12-23;9426;26619;199534;701;5874;221293;225;0;0;5865260;5835205;4344617;11426;5837265;4897352;2972;0;1
FR;2;2021-12-24;2783;7466;43866;140;2036;49561;78;0;0;5868043;5842671;4388483;11566;5839301;4946913;3050;0;1
FR;2;2021-12-25;201;670;2003;10;209;2477;15;0;0;5868244;5843341;4390486;11576;5839510;4949390;3065;0;1
FR;2;2021-12-26;1320;4215;25161;71;1052;28693;70;0;0;5869564;5847556;4415647;11647;5840562;4978083;3135;0;1
FR;2;2021-12-27;8076;29927;218437;659;6624;243387;294;0;0;5877640;5877483;4634084;12306;5847186;5221470;3429;0;1
FR;2;2021-12-28;9832;36287;272116;742;6982;302014;957;0;1;5887472;5913770;4906200;13048;5854168;5523484;4386;0;2
FR;2;2021-12-29;9498;32218;246151;765;6402;272696;1088;0;0;5896970;5945988;5152351;13813;5860570;5796180;5474;0;2
FR;2;2021-12-30;9464;28091;208839;663;5970;231479;1155;0;0;5906434;5974079;5361190;14476;5866540;6027659;6629;0;2
FR;2;2021-12-31;3011;8340;54991;176;2169;61233;392;0;0;5909445;5982419;5416181;14652;5868709;6088892;7021;0;2
FR;2;2022-01-01;231;693;2858;7;207;3353;29;0;0;5909676;5983112;5419039;14659;5868916;6092245;7050;0;2
FR;2;2022-01-02;1503;4859;29524;76;1166;33418;217;0;0;5911179;5987971;5448563;14735;5870082;6125663;7267;0;2
FR;2;2022-01-03;9606;35394;266544;806;8498;293919;1672;0;0;5920785;6023365;5715107;15541;5878580;6419582;8939;0;2
FR;2;2022-01-04;12857;45402;342103;1068;9971;377043;2458;0;1;5933642;6068767;6057210;16609;5888551;6796625;11397;0;3
FR;2;2022-01-05;11273;38627;294222;885;8635;323856;2155;0;2;5944915;6107394;6351432;17494;5897186;7120481;13552;0;5
FR;2;2022-01-06;13653;43487;331957;1298;9933;364767;2977;0;1;5958568;6150881;6683389;18792;5907119;7485248;16529;0;6
FR;2;2022-01-07;14224;47607;361123;1271;11232;396464;3159;0;0;5972792;6198488;7044512;20063;5918351;7881712;19688;0;6
FR;2;2022-01-08;7946;28137;201276;515;7209;221703;1531;0;2;5980738;6226625;7245788;20578;5925560;8103415;21219;0;8
FR;2;2022-01-09;2749;8946;62531;137;2069;69497;493;0;0;5983487;6235571;7308319;20715;5927629;8172912;21712;0;8
FR;2;2022-01-10;10100;31906;232509;859;8901;255084;2460;0;0;5993587;6267477;7540828;21574;5936530;8427996;24172;0;8
FR;2;2022-01-11;11466;36236;265948;1030;10055;290654;3380;0;1;6005053;6303713;7806776;22604;5946585;8718650;27552;0;9
FR;2;2022-01-12;8766;29787;206335;863;8716;226176;2798;0;5;6013819;6333500;8013111;23467;5955301;8944826;30350;0;14
FR;2;2022-01-13;9387;31337;224510;831;9038;244858;3463;0;4;6023206;6364837;8237621;24298;5964339;9189684;33813;0;18
FR;2;2022-01-14;9746;35574;254551;920;9841;277655;3979;0;1;6032952;6400411;8492172;25218;5974180;9467339;37792;0;19
FR;2;2022-01-15;5361;19443;140788;363;5321;153648;1929;0;0;6038313;6419854;8632960;25581;5979501;9620987;39721;0;19
FR;2;2022-01-16;1512;5457;35892;81;1619;39818;424;0;0;6039825;6425311;8668852;25662;5981120;9660805;40145;0;19
FR;2;2022-01-17;5546;19264;135421;601;6600;147263;2264;0;2;6045371;6444575;8804273;26263;5987720;9808068;42409;0;21
FR;2;2022-01-18;6422;21480;148647;648;7519;160471;3311;0;0;6051793;6466055;8952920;26911;5995239;9968539;45720;0;21
FR;2;2022-01-19;4398;16304;105112;552;6206;113702;2411;0;1;6056191;6482359;9058032;27463;6001445;10082241;48131;0;22
FR;2;2022-01-20;4873;17571;115304;603;7067;123694;3111;0;2;6061064;6499930;9173336;28066;6008512;10205935;51242;0;24
FR;2;2022-01-21;5198;20041;137357;679;7169;147775;3455;0;1;6066262;6519971;9310693;28745;6015681;10353710;54697;0;25
FR;2;2022-01-22;3033;10956;74265;260;3956;80339;1428;0;0;6069295;6530927;9384958;29005;6019637;10434049;56125;0;25
FR;2;2022-01-23;724;2707;15243;41;1055;16826;238;0;0;6070019;6533634;9400201;29046;6020692;10450875;56363;0;25
FR;2;2022-01-24;3292;12793;75084;431;5843;81019;1994;0;2;6073311;6546427;9475285;29477;6026535;10531894;58357;0;27
FR;2;2022-01-25;3575;14404;79637;496;6650;85462;2879;0;4;6076886;6560831;9554922;29973;6033185;10617356;61236;0;31
FR;2;2022-01-26;2515;10701;58987;363;5330;63036;1958;0;1;6079401;6571532;9613909;30336;6038515;10680392;63194;0;32
FR;2;2022-01-27;2684;11386;64185;391;5738;67972;2462;0;1;6082085;6582918;9678094;30727;6044253;10748364;65656;0;33
FR;2;2022-01-28;3551;18257;91730;430;8611;98907;3399;0;1;6085636;6601175;9769824;31157;6052864;10847271;69055;0;34
FR;2;2022-01-29;1896;9234;48856;164;4170;52929;1374;0;1;6087532;6610409;9818680;31321;6057034;10900200;70429;0;35
FR;2;2022-01-30;464;2206;9457;38;1049;10584;203;0;0;6087996;6612615;9828137;31359;6058083;10910784;70632;0;35
FR;2;2022-01-31;1891;9551;43834;209;4709;47322;1885;0;2;6089887;6622166;9871971;31568;6062792;10958106;72517;0;37
FR;2;2022-02-01;1917;10020;47030;279;4797;50079;2707;0;0;6091804;6632186;9919001;31847;6067589;11008185;75224;0;37
FR;2;2022-02-02;1614;8971;41124;250;4191;44147;2189;0;1;6093418;6641157;9960125;32097;6071780;11052332;77413;0;38
FR;2;2022-02-03;1732;8930;40526;205;4369;42911;2640;0;2;6095150;6650087;10000651;32302;6076149;11095243;80053;0;40
FR;2;2022-02-04;2151;15169;66648;299;7381;71317;3670;0;1;6097301;6665256;10067299;32601;6083530;11166560;83723;0;41
FR;2;2022-02-05;1360;8517;35948;132;4214;39220;1369;0;0;6098661;6673773;10103247;32733;6087744;11205780;85092;0;41
FR;2;2022-02-06;275;1761;6130;16;842;6899;217;0;0;6098936;6675534;10109377;32749;6088586;11212679;85309;0;41
FR;2;2022-02-07;1352;9543;37760;134;4535;41288;1888;0;2;6100288;6685077;10147137;32883;6093121;11253967;87197;0;43
FR;2;2022-02-08;1299;9833;40956;173;4645;43750;2741;0;1;6101587;6694910;10188093;33056;6097766;11297717;89938;0;44
FR;2;2022-02-09;1160;8841;37040;174;3804;40465;1901;0;2;6102747;6703751;10225133;33230;6101570;11338182;91839;0;46
FR;2;2022-02-10;1030;8001;33837;204;3605;36511;2051;0;1;6103777;6711752;10258970;33434;6105175;11374693;93890;0;47
FR;2;2022-02-11;1391;12087;53348;223;5282;57702;2888;0;0;6105168;6723839;10312318;33657;6110457;11432395;96778;0;47
FR;2;2022-02-12;753;6535;27989;86;2792;30808;1113;0;2;6105921;6730374;10340307;33743;6113249;11463203;97891;0;49
FR;2;2022-02-13;200;1340;4836;20;562;5577;141;0;0;6106121;6731714;10345143;33763;6113811;11468780;98032;0;49
FR;2;2022-02-14;836;6732;30274;92;2599;33233;1399;0;1;6106957;6738446;10375417;33855;6116410;11502013;99431;0;50
FR;2;2022-02-15;773;6473;28051;140;2801;29994;1965;0;2;6107730;6744919;10403468;33995;6119211;11532007;101396;0;52
FR;2;2022-02-16;657;5363;22069;124;2528;23635;1569;0;3;6108387;6750282;10425537;34119;6121739;11555642;102965;0;55
FR;2;2022-02-17;518;3786;14152;98;2131;14617;1406;0;2;6108905;6754068;10439689;34217;6123870;11570259;104371;0;57
FR;2;2022-02-18;723;5369;20443;134;3041;21130;1895;0;0;6109628;6759437;10460132;34351;6126911;11591389;106266;0;57
FR;2;2022-02-19;431;3061;10533;66;1699;11247;753;0;2;6110059;6762498;10470665;34417;6128610;11602636;107019;0;59
FR;2;2022-02-20;102;520;1463;3;314;1613;100;0;0;6110161;6763018;10472128;34420;6128924;11604249;107119;0;59
FR;2;2022-02-21;423;2685;9122;65;1569;9499;930;0;0;6110584;6765703;10481250;34485;6130493;11613748;108049;0;59
FR;2;2022-02-22;393;2568;8894;77;1622;8797;1180;0;0;6110977;6768271;10490144;34562;6132115;11622545;109229;0;59
FR;2;2022-02-23;432;2605;8992;82;1522;9269;1022;0;0;6111409;6770876;10499136;34644;6133637;11631814;110251;0;59
FR;2;2022-02-24;314;2039;6805;82;1251;6835;870;0;0;6111723;6772915;10505941;34726;6134888;11638649;111121;0;59
FR;2;2022-02-25;456;3210;11424;107;1979;11287;1560;0;3;6112179;6776125;10517365;34833;6136867;11649936;112681;0;62
FR;2;2022-02-26;297;1892;6038;49;1161;6345;587;0;1;6112476;6778017;10523403;34882;6138028;11656281;113268;0;63
FR;2;2022-02-27;76;313;908;5;214;951;98;0;0;6112552;6778330;10524311;34887;6138242;11657232;113366;0;63
FR;2;2022-02-28;332;1689;5525;53;1088;5531;733;0;0;6112884;6780019;10529836;34940;6139330;11662763;114099;0;63
FR;2;2022-03-01;279;1569;5484;46;952;5201;964;0;2;6113163;6781588;10535320;34986;6140282;11667964;115063;0;65
FR;2;2022-03-02;298;1446;5248;46;878;5092;816;0;1;6113461;6783034;10540568;35032;6141160;11673056;115879;0;66
FR;2;2022-03-03;226;1112;3709;42;721;3486;668;0;1;6113687;6784146;10544277;35074;6141881;11676542;116547;0;67
FR;2;2022-03-04;243;1469;4860;74;983;4506;950;0;1;6113930;6785615;10549137;35148;6142864;11681048;117497;0;68
FR;2;2022-03-05;174;906;2981;34;613;2725;561;0;0;6114104;6786521;10552118;35182;6143477;11683773;118058;0;68
FR;2;2022-03-06;42;188;280;5;110;320;52;0;0;6114146;6786709;10552398;35187;6143587;11684093;118110;0;68
FR;2;2022-03-07;157;659;1989;70;491;1779;472;0;0;6114303;6787368;10554387;35257;6144078;11685872;118582;0;68
FR;2;2022-03-08;144;670;2273;53;461;1908;619;0;0;6114447;6788038;10556660;35310;6144539;11687780;119201;0;68
FR;2;2022-03-09;156;709;2351;37;473;2052;617;0;0;6114603;6788747;10559011;35347;6145012;11689832;119818;0;68
FR;2;2022-03-10;123;603;1695;35;446;1470;456;0;1;6114726;6789350;10560706;35382;6145458;11691302;120274;0;69
FR;2;2022-03-11;172;757;2770;57;505;2369;737;0;1;6114898;6790107;10563476;35439;6145963;11693671;121011;0;70
FR;2;2022-03-12;149;485;1787;27;331;1557;450;0;0;6115047;6790592;10565263;35466;6146294;11695228;121461;0;70
FR;2;2022-03-13;25;75;203;30;45;204;69;0;0;6115072;6790667;10565466;35496;6146339;11695432;121530;0;70
FR;2;2022-03-14;129;470;1572;529;333;1301;951;0;0;6115201;6791137;10567038;36025;6146672;11696733;122481;0;70
FR;2;2022-03-15;139;441;1713;691;333;1333;1186;0;1;6115340;6791578;10568751;36716;6147005;11698066;123667;0;71
FR;2;2022-03-16;142;476;2013;1616;331;1593;2160;0;2;6115482;6792054;10570764;38332;6147336;11699659;125827;0;73
FR;2;2022-03-17;95;413;1412;1192;273;1148;1576;0;1;6115577;6792467;10572176;39524;6147609;11700807;127403;0;74
FR;2;2022-03-18;147;496;2026;1795;335;1669;2313;0;1;6115724;6792963;10574202;41319;6147944;11702476;129716;0;75
FR;2;2022-03-19;108;321;1210;941;219;1015;1259;0;0;6115832;6793284;10575412;42260;6148163;11703491;130975;0;75
FR;2;2022-03-20;13;77;191;59;39;168;115;0;0;6115845;6793361;10575603;42319;6148202;11703659;131090;0;75
FR;2;2022-03-21;98;307;1218;1483;181;1081;1760;0;1;6115943;6793668;10576821;43802;6148383;11704740;132850;0;76
FR;2;2022-03-22;118;391;1533;1830;244;1294;2219;0;0;6116061;6794059;10578354;45632;6148627;11706034;135069;0;76
FR;2;2022-03-23;137;362;1684;3032;232;1475;3374;0;6;6116198;6794421;10580038;48664;6148859;11707509;138443;0;82
FR;2;2022-03-24;117;293;1183;1548;186;1001;1814;0;8;6116315;6794714;10581221;50212;6149045;11708510;140257;0;90
FR;2;2022-03-25;119;361;1807;2451;238;1477;2837;0;8;6116434;6795075;10583028;52663;6149283;11709987;143094;0;98
FR;2;2022-03-26;79;247;1205;1222;138;953;1531;0;5;6116513;6795322;10584233;53885;6149421;11710940;144625;0;103
FR;2;2022-03-27;19;36;154;100;19;133;144;0;0;6116532;6795358;10584387;53985;6149440;11711073;144769;0;103
FR;2;2022-03-28;94;290;1140;1602;189;996;1835;0;6;6116626;6795648;10585527;55587;6149629;11712069;146604;0;109
FR;2;2022-03-29;108;258;1325;2467;167;1105;2760;0;4;6116734;6795906;10586852;58054;6149796;11713174;149364;0;113
FR;2;2022-03-30;91;313;1489;3187;164;1320;3424;0;2;6116825;6796219;10588341;61241;6149960;11714494;152788;0;115
FR;2;2022-03-31;104;284;1277;2332;171;1092;2616;0;3;6116929;6796503;10589618;63573;6150131;11715586;155404;0;118
FR;2;2022-04-01;123;324;1568;2349;164;1323;2667;0;7;6117052;6796827;10591186;65922;6150295;11716909;158071;0;125
FR;2;2022-04-02;81;161;845;891;83;737;1052;0;1;6117133;6796988;10592031;66813;6150378;11717646;159123;0;126
FR;2;2022-04-03;16;53;128;113;27;142;133;0;1;6117149;6797041;10592159;66926;6150405;11717788;159256;0;127
FR;2;2022-04-04;114;249;990;1447;151;799;1693;0;5;6117263;6797290;10593149;68373;6150556;11718587;160949;0;132
FR;2;2022-04-05;143;302;1322;2921;162;1150;3150;0;17;6117406;6797592;10594471;71294;6150718;11719737;164099;0;149
FR;2;2022-04-06;89;261;1308;2522;129;1131;2687;0;10;6117495;6797853;10595779;73816;6150847;11720868;166786;0;159
FR;2;2022-04-07;120;230;1303;2682;141;1042;2958;0;8;6117615;6798083;10597082;76498;6150988;11721910;169744;0;167
FR;2;2022-04-08;126;346;1636;3351;182;1328;3642;0;12;6117741;6798429;10598718;79849;6151170;11723238;173386;0;179
FR;2;2022-04-09;90;219;900;1046;144;732;1288;0;4;6117831;6798648;10599618;80895;6151314;11723970;174674;0;183
FR;2;2022-04-10;37;49;143;162;46;119;200;0;1;6117868;6798697;10599761;81057;6151360;11724089;174874;0;184
FR;2;2022-04-11;88;196;892;1560;122;782;1718;0;6;6117956;6798893;10600653;82617;6151482;11724871;176592;0;190
FR;2;2022-04-12;176;273;1183;2770;175;1062;2903;0;8;6118132;6799166;10601836;85387;6151657;11725933;179495;0;198
FR;2;2022-04-13;147;232;1125;2477;111;989;2671;0;11;6118279;6799398;10602961;87864;6151768;11726922;182166;0;209
FR;2;2022-04-14;116;227;1085;2677;114;919;2911;0;18;6118395;6799625;10604046;90541;6151882;11727841;185077;0;227
FR;2;2022-04-15;114;261;1221;2304;131;1078;2544;0;7;6118509;6799886;10605267;92845;6152013;11728919;187621;0;234
FR;2;2022-04-16;67;108;548;549;68;459;675;0;9;6118576;6799994;10605815;93394;6152081;11729378;188296;0;243
FR;2;2022-04-17;15;28;57;53;17;53;71;0;0;6118591;6800022;10605872;93447;6152098;11729431;188367;0;243
FR;2;2022-04-18;12;35;121;70;18;116;95;0;0;6118603;6800057;10605993;93517;6152116;11729547;188462;0;243
FR;2;2022-04-19;112;237;1120;1750;149;951;1934;0;9;6118715;6800294;10607113;95267;6152265;11730498;190396;0;252
FR;2;2022-04-20;95;243;1111;2172;127;935;2366;0;14;6118810;6800537;10608224;97439;6152392;11731433;192762;0;266
FR;2;2022-04-21;111;233;983;1912;125;838;2141;0;10;6118921;6800770;10609207;99351;6152517;11732271;194903;0;276
FR;2;2022-04-22;100;276;1243;2102;141;1024;2440;0;11;6119021;6801046;10610450;101453;6152658;11733295;197343;0;287
FR;2;2022-04-23;67;156;645;762;107;574;862;0;8;6119088;6801202;10611095;102215;6152765;11733869;198205;0;295
FR;2;2022-04-24;12;30;101;68;12;79;100;0;0;6119100;6801232;10611196;102283;6152777;11733948;198305;0;295
FR;2;2022-04-25;104;204;822;1329;103;711;1528;0;15;6119204;6801436;10612018;103612;6152880;11734659;199833;0;310
FR;2;2022-04-26;110;184;1041;2022;118;879;2219;0;18;6119314;6801620;10613059;105634;6152998;11735538;202052;0;328
FR;2;2022-04-27;98;181;860;1787;122;764;1809;0;7;6119412;6801801;10613919;107421;6153120;11736302;203861;0;335
FR;2;2022-04-28;93;214;949;1931;128;842;2087;0;12;6119505;6802015;10614868;109352;6153248;11737144;205948;0;347
FR;2;2022-04-29;81;282;1133;1697;131;1044;1876;0;11;6119586;6802297;10616001;111049;6153379;11738188;207824;0;358
FR;2;2022-04-30;66;127;471;540;80;430;628;0;9;6119652;6802424;10616472;111589;6153459;11738618;208452;0;367
FR;2;2022-05-01;24;24;84;49;20;85;61;0;1;6119676;6802448;10616556;111638;6153479;11738703;208513;0;368
FR;2;2022-05-02;115;232;764;1217;141;662;1375;0;5;6119791;6802680;10617320;112855;6153620;11739365;209888;0;373
FR;2;2022-05-03;153;233;999;1781;155;938;1895;0;14;6119944;6802913;10618319;114636;6153775;11740303;211783;0;387
FR;2;2022-05-04;90;226;926;1811;116;869;1822;0;13;6120034;6803139;10619245;116447;6153891;11741172;213605;0;400
FR;2;2022-05-05;127;198;857;1732;147;774;1848;0;10;6120161;6803337;10620102;118179;6154038;11741946;215453;0;410
FR;2;2022-05-06;133;246;1101;1855;139;1017;2052;0;16;6120294;6803583;10621203;120034;6154177;11742963;217505;0;426
FR;2;2022-05-07;40;99;470;504;61;406;593;0;4;6120334;6803682;10621673;120538;6154238;11743369;218098;0;430
FR;2;2022-05-08;48;54;107;71;41;102;101;0;0;6120382;6803736;10621780;120609;6154279;11743471;218199;0;430
FR;2;2022-05-09;101;174;654;986;103;604;1130;0;9;6120483;6803910;10622434;121595;6154382;11744075;219329;0;439
FR;2;2022-05-10;121;252;938;1841;155;893;1965;0;23;6120604;6804162;10623372;123436;6154537;11744968;221294;0;462
FR;2;2022-05-11;103;179;816;1879;117;795;1868;0;8;6120707;6804341;10624188;125315;6154654;11745763;223162;0;470
FR;2;2022-05-12;111;174;845;2096;116;803;2213;0;21;6120818;6804515;10625033;127411;6154770;11746566;225375;0;491
FR;2;2022-05-13;100;236;969;2097;122;900;2273;0;13;6120918;6804751;10626002;129508;6154892;11747466;227648;0;504
FR;2;2022-05-14;76;124;451;553;93;411;632;0;6;6120994;6804875;10626453;130061;6154985;11747877;228280;0;510
FR;2;2022-05-15;24;39;94;88;20;108;95;0;1;6121018;6804914;10626547;130149;6155005;11747985;228375;0;511
FR;2;2022-05-16;102;171;601;925;116;537;1037;0;11;6121120;6805085;10627148;131074;6155121;11748522;229412;0;522
FR;2;2022-05-17;95;184;690;1687;119;658;1739;0;8;6121215;6805269;10627838;132761;6155240;11749180;231151;0;530
FR;2;2022-05-18;80;181;643;1431;97;648;1486;0;10;6121295;6805450;10628481;134192;6155337;11749828;232637;0;540
FR;2;2022-05-19;73;161;710;1830;81;752;1816;0;12;6121368;6805611;10629191;136022;6155418;11750580;234453;0;552
FR;2;2022-05-20;107;181;874;1701;111;779;1849;0;17;6121475;6805792;10630065;137723;6155529;11751359;236302;0;569
FR;2;2022-05-21;48;96;398;517;71;339;581;0;8;6121523;6805888;10630463;138240;6155600;11751698;236883;0;577
FR;2;2022-05-22;8;23;69;37;18;57;56;0;0;6121531;6805911;10630532;138277;6155618;11751755;236939;0;577
FR;2;2022-05-23;86;133;498;931;100;469;967;0;7;6121617;6806044;10631030;139208;6155718;11752224;237906;0;584
FR;2;2022-05-24;87;164;627;1626;103;615;1680;0;17;6121704;6806208;10631657;140834;6155821;11752839;239586;0;601
FR;2;2022-05-25;72;146;539;1149;90;494;1260;0;5;6121776;6806354;10632196;141983;6155911;11753333;240846;0;606
FR;2;2022-05-26;12;31;77;45;13;85;56;0;1;6121788;6806385;10632273;142028;6155924;11753418;240902;0;607
FR;2;2022-05-27;44;124;456;818;68;438;893;0;9;6121832;6806509;10632729;142846;6155992;11753856;241795;0;616
FR;2;2022-05-28;28;60;221;244;29;221;266;0;1;6121860;6806569;10632950;143090;6156021;11754077;242061;0;617
FR;2;2022-05-29;13;34;43;25;22;51;28;0;0;6121873;6806603;10632993;143115;6156043;11754128;242089;0;617
FR;2;2022-05-30;65;109;425;755;60;410;806;0;6;6121938;6806712;10633418;143870;6156103;11754538;242895;0;623
FR;2;2022-05-31;76;135;564;1278;92;511;1304;0;12;6122014;6806847;10633982;145148;6156195;11755049;244199;0;635
FR;2;2022-06-01;59;160;564;1075;86;543;1170;0;6;6122073;6807007;10634546;146223;6156281;11755592;245369;0;641
FR;2;2022-06-02;92;178;626;1415;109;593;1521;0;12;6122165;6807185;10635172;147638;6156390;11756185;246890;0;653
FR;2;2022-06-03;71;157;668;1605;96;595;1694;0;19;6122236;6807342;10635840;149243;6156486;11756780;248584;0;672
FR;2;2022-06-04;69;93;283;434;66;269;476;0;11;6122305;6807435;10636123;149677;6156552;11757049;249060;0;683
FR;2;2022-06-05;12;17;63;58;16;47;75;0;1;6122317;6807452;10636186;149735;6156568;11757096;249135;0;684
FR;2;2022-06-06;12;41;93;76;30;92;81;0;4;6122329;6807493;10636279;149811;6156598;11757188;249216;0;688
FR;2;2022-06-07;99;222;667;1535;154;577;1661;0;10;6122428;6807715;10636946;151346;6156752;11757765;250877;0;698
FR;2;2022-06-08;70;119;477;1166;76;411;1262;0;5;6122498;6807834;10637423;152512;6156828;11758176;252139;0;703
FR;2;2022-06-09;93;167;613;1923;108;571;1927;0;18;6122591;6808001;10638036;154435;6156936;11758747;254066;0;721
FR;2;2022-06-10;93;168;650;1683;107;622;1774;0;23;6122684;6808169;10638686;156118;6157043;11759369;255840;0;744
FR;2;2022-06-11;44;85;287;529;42;258;583;0;5;6122728;6808254;10638973;156647;6157085;11759627;256423;0;749
FR;2;2022-06-12;18;38;58;78;27;60;78;0;0;6122746;6808292;10639031;156725;6157112;11759687;256501;0;749
FR;2;2022-06-13;39;121;395;953;63;379;1021;0;6;6122785;6808413;10639426;157678;6157175;11760066;257522;0;755
FR;2;2022-06-14;68;157;599;2088;101;537;2189;0;14;6122853;6808570;10640025;159766;6157276;11760603;259711;0;769
FR;2;2022-06-15;78;104;522;1504;84;444;1641;0;10;6122931;6808674;10640547;161270;6157360;11761047;261352;0;779
FR;2;2022-06-16;127;128;497;1411;123;424;1526;0;12;6123058;6808802;10641044;162681;6157483;11761471;262878;0;791
FR;2;2022-06-17;73;138;589;1817;88;516;1921;0;16;6123131;6808940;10641633;164498;6157571;11761987;264799;0;807
FR;2;2022-06-18;76;93;224;579;81;196;630;0;4;6123207;6809033;10641857;165077;6157652;11762183;265429;0;811
FR;2;2022-06-19;11;17;53;71;7;41;90;0;2;6123218;6809050;10641910;165148;6157659;11762224;265519;0;813
FR;2;2022-06-20;62;125;401;1028;72;392;1105;0;10;6123280;6809175;10642311;166176;6157731;11762616;266624;0;823
FR;2;2022-06-21;108;116;526;2127;105;455;2164;0;22;6123388;6809291;10642837;168303;6157836;11763071;268788;0;845
FR;2;2022-06-22;39;110;462;1889;57;415;1971;0;25;6123427;6809401;10643299;170192;6157893;11763486;270759;0;870
FR;2;2022-06-23;58;109;537;2282;68;452;2400;0;30;6123485;6809510;10643836;172474;6157961;11763938;273159;0;900
FR;2;2022-06-24;66;122;709;3199;65;571;3339;0;38;6123551;6809632;10644545;175673;6158026;11764509;276498;0;938
FR;2;2022-06-25;30;90;298;988;55;254;1041;0;13;6123581;6809722;10644843;176661;6158081;11764763;277539;0;951
FR;2;2022-06-26;30;27;131;194;29;97;236;0;5;6123611;6809749;10644974;176855;6158110;11764860;277775;0;956
FR;2;2022-06-27;79;137;582;2490;94;483;2623;0;39;6123690;6809886;10645556;179345;6158204;11765343;280398;0;995
FR;2;2022-06-28;110;140;812;4817;81;650;4894;0;54;6123800;6810026;10646368;184162;6158285;11765993;285292;0;1049
FR;2;2022-06-29;73;150;776;4436;80;637;4532;0;56;6123873;6810176;10647144;188598;6158365;11766630;289824;0;1105
FR;2;2022-06-30;72;133;834;5177;71;619;5398;0;79;6123945;6810309;10647978;193775;6158436;11767249;295222;0;1184
FR;2;2022-07-01;113;161;1152;6692;95;853;6944;0;92;6124058;6810470;10649130;200467;6158531;11768102;302166;0;1276
FR;2;2022-07-02;69;132;474;1977;82;392;2068;0;27;6124127;6810602;10649604;202444;6158613;11768494;304234;0;1303
FR;2;2022-07-03;23;30;147;334;21;131;357;0;8;6124150;6810632;10649751;202778;6158634;11768625;304591;0;1311
FR;2;2022-07-04;122;184;776;3785;113;612;3971;0;49;6124272;6810816;10650527;206563;6158747;11769237;308562;0;1360
FR;2;2022-07-05;119;188;1121;6818;121;829;6999;0;85;6124391;6811004;10651648;213381;6158868;11770066;315561;0;1445
FR;2;2022-07-06;92;152;951;5807;94;698;5933;0;84;6124483;6811156;10652599;219188;6158962;11770764;321494;0;1529
FR;2;2022-07-07;81;185;1021;6501;116;752;6732;0;101;6124564;6811341;10653620;225689;6159078;11771516;328226;0;1630
FR;2;2022-07-08;65;122;1095;7044;51;758;7235;0;123;6124629;6811463;10654715;232733;6159129;11772274;335461;0;1753
FR;2;2022-07-09;34;62;417;1869;31;299;1919;0;33;6124663;6811525;10655132;234602;6159160;11772573;337380;0;1786
FR;2;2022-07-10;7;17;97;315;8;83;327;0;5;6124670;6811542;10655229;234917;6159168;11772656;337707;0;1791
FR;2;2022-07-11;68;121;683;3826;76;541;3901;0;67;6124738;6811663;10655912;238743;6159244;11773197;341608;0;1858
FR;2;2022-07-12;102;180;1054;6517;107;809;6725;0;119;6124840;6811843;10656966;245260;6159351;11774006;348333;0;1977
FR;2;2022-07-13;65;128;879;4664;76;591;4830;0;78;6124905;6811971;10657845;249924;6159427;11774597;353163;0;2055
FR;2;2022-07-14;6;13;89;250;8;60;269;0;8;6124911;6811984;10657934;250174;6159435;11774657;353432;0;2063
FR;2;2022-07-15;61;129;739;3795;53;560;3961;0;75;6124972;6812113;10658673;253969;6159488;11775217;357393;0;2138
FR;2;2022-07-16;27;54;289;1031;30;242;1077;0;25;6124999;6812167;10658962;255000;6159518;11775459;358470;0;2163
FR;2;2022-07-17;5;12;78;201;6;67;207;0;6;6125004;6812179;10659040;255201;6159524;11775526;358677;0;2169
FR;2;2022-07-18;57;103;514;2510;61;385;2648;0;59;6125061;6812282;10659554;257711;6159585;11775911;361325;0;2228
FR;2;2022-07-19;66;133;770;4258;72;555;4447;0;72;6125127;6812415;10660324;261969;6159657;11776466;365772;0;2300
FR;2;2022-07-20;59;117;582;3179;68;430;3278;0;87;6125186;6812532;10660906;265148;6159725;11776896;369050;0;2387
FR;2;2022-07-21;60;110;673;3680;73;487;3797;0;105;6125246;6812642;10661579;268828;6159798;11777383;372847;0;2492
FR;2;2022-07-22;51;100;700;3550;48;507;3701;0;80;6125297;6812742;10662279;272378;6159846;11777890;376548;0;2572
FR;2;2022-07-23;38;97;290;1175;51;229;1228;0;37;6125335;6812839;10662569;273553;6159897;11778119;377776;0;2609
FR;2;2022-07-24;14;24;69;201;19;68;203;0;7;6125349;6812863;10662638;273754;6159916;11778187;377979;0;2616
FR;2;2022-07-25;50;71;405;1938;60;300;2000;0;56;6125399;6812934;10663043;275692;6159976;11778487;379979;0;2672
FR;2;2022-07-26;57;133;606;3423;67;476;3496;0;113;6125456;6813067;10663649;279115;6160043;11778963;383475;0;2785
FR;2;2022-07-27;42;81;457;2782;50;361;2801;0;89;6125498;6813148;10664106;281897;6160093;11779324;386276;0;2874
FR;2;2022-07-28;29;75;450;2487;37;356;2491;0;78;6125527;6813223;10664556;284384;6160130;11779680;388767;0;2952
FR;2;2022-07-29;68;88;535;2857;63;347;2978;0;73;6125595;6813311;10665091;287241;6160193;11780027;391745;0;3025
FR;2;2022-07-30;22;39;163;776;32;110;796;0;24;6125617;6813350;10665254;288017;6160225;11780137;392541;0;3049
FR;2;2022-07-31;6;13;27;104;12;21;110;0;2;6125623;6813363;10665281;288121;6160237;11780158;392651;0;3051
FR;2;2022-08-01;38;107;323;1262;74;260;1344;0;29;6125661;6813470;10665604;289383;6160311;11780418;393995;0;3080
FR;2;2022-08-02;49;75;325;2061;50;247;2097;0;78;6125710;6813545;10665929;291444;6160361;11780665;396092;0;3158
FR;2;2022-08-03;29;53;260;1611;25;188;1617;0;57;6125739;6813598;10666189;293055;6160386;11780853;397709;0;3215
FR;2;2022-08-04;40;65;306;1692;39;240;1701;0;66;6125779;6813663;10666495;294747;6160425;11781093;399410;0;3281
FR;2;2022-08-05;33;94;328;1881;67;236;1912;0;60;6125812;6813757;10666823;296628;6160492;11781329;401322;0;3341
FR;2;2022-08-06;22;41;106;365;29;82;372;0;10;6125834;6813798;10666929;296993;6160521;11781411;401694;0;3351
FR;2;2022-08-07;7;8;15;69;5;16;71;0;3;6125841;6813806;10666944;297062;6160526;11781427;401765;0;3354
FR;2;2022-08-08;19;35;220;877;22;148;915;0;33;6125860;6813841;10667164;297939;6160548;11781575;402680;0;3387
FR;2;2022-08-09;30;52;279;1474;42;238;1470;0;50;6125890;6813893;10667443;299413;6160590;11781813;404150;0;3437
FR;2;2022-08-10;17;22;213;1134;19;150;1155;0;46;6125907;6813915;10667656;300547;6160609;11781963;405305;0;3483
FR;2;2022-08-11;21;41;174;1038;26;117;1047;0;40;6125928;6813956;10667830;301585;6160635;11782080;406352;0;3523
FR;2;2022-08-12;36;50;184;1046;38;140;1069;0;35;6125964;6814006;10668014;302631;6160673;11782220;407421;0;3558
FR;2;2022-08-13;11;19;47;149;15;53;137;0;5;6125975;6814025;10668061;302780;6160688;11782273;407558;0;3563
FR;2;2022-08-14;1;2;12;52;1;11;54;0;1;6125976;6814027;10668073;302832;6160689;11782284;407612;0;3564
FR;2;2022-08-15;0;5;32;22;2;21;21;0;3;6125976;6814032;10668105;302854;6160691;11782305;407633;0;3567
FR;2;2022-08-16;27;33;144;681;34;120;678;0;33;6126003;6814065;10668249;303535;6160725;11782425;408311;0;3600
FR;2;2022-08-17;18;27;109;738;18;88;744;0;34;6126021;6814092;10668358;304273;6160743;11782513;409055;0;3634
FR;2;2022-08-18;14;30;160;836;14;107;852;0;42;6126035;6814122;10668518;305109;6160757;11782620;409907;0;3676
FR;2;2022-08-19;8;38;118;706;31;88;706;0;33;6126043;6814160;10668636;305815;6160788;11782708;410613;0;3709
FR;2;2022-08-20;6;26;61;197;16;52;201;0;8;6126049;6814186;10668697;306012;6160804;11782760;410814;0;3717
FR;2;2022-08-21;4;14;15;19;6;13;31;0;0;6126053;6814200;10668712;306031;6160810;11782773;410845;0;3717
FR;2;2022-08-22;11;25;116;395;17;73;451;0;13;6126064;6814225;10668828;306426;6160827;11782846;411296;0;3730
FR;2;2022-08-23;12;42;134;671;23;112;679;0;38;6126076;6814267;10668962;307097;6160850;11782958;411975;0;3768
FR;2;2022-08-24;11;28;87;466;21;80;472;0;18;6126087;6814295;10669049;307563;6160871;11783038;412447;0;3786
FR;2;2022-08-25;8;32;109;481;16;69;516;0;17;6126095;6814327;10669158;308044;6160887;11783107;412963;0;3803
FR;2;2022-08-26;16;46;117;720;36;91;713;0;32;6126111;6814373;10669275;308764;6160923;11783198;413676;0;3835
FR;2;2022-08-27;10;19;47;158;16;42;166;0;2;6126121;6814392;10669322;308922;6160939;11783240;413842;0;3837
FR;2;2022-08-28;1;5;5;15;1;7;16;0;1;6126122;6814397;10669327;308937;6160940;11783247;413858;0;3838
FR;2;2022-08-29;24;43;94;400;29;88;396;0;24;6126146;6814440;10669421;309337;6160969;11783335;414254;0;3862
FR;2;2022-08-30;31;54;154;791;34;119;798;0;29;6126177;6814494;10669575;310128;6161003;11783454;415052;0;3891
FR;2;2022-08-31;19;37;85;392;24;79;393;0;25;6126196;6814531;10669660;310520;6161027;11783533;415445;0;3916
FR;2;2022-09-01;19;43;139;600;25;122;609;0;36;6126215;6814574;10669799;311120;6161052;11783655;416054;0;3952
FR;2;2022-09-02;34;57;147;744;34;160;748;0;32;6126249;6814631;10669946;311864;6161086;11783815;416802;0;3984
FR;2;2022-09-03;17;20;83;205;11;67;213;0;7;6126266;6814651;10670029;312069;6161097;11783882;417015;0;3991
FR;2;2022-09-04;8;5;9;31;2;10;30;0;3;6126274;6814656;10670038;312100;6161099;11783892;417045;0;3994
FR;2;2022-09-05;29;32;126;367;24;98;397;0;24;6126303;6814688;10670164;312467;6161123;11783990;417442;0;4018
FR;2;2022-09-06;44;63;158;762;43;153;768;0;36;6126347;6814751;10670322;313229;6161166;11784143;418210;0;4054
FR;2;2022-09-07;21;22;76;375;18;51;387;0;23;6126368;6814773;10670398;313604;6161184;11784194;418597;0;4077
FR;2;2022-09-08;31;58;109;636;41;100;646;0;22;6126399;6814831;10670507;314240;6161225;11784294;419243;0;4099
FR;2;2022-09-09;18;24;126;754;21;74;747;0;48;6126417;6814855;10670633;314994;6161246;11784368;419990;0;4147
FR;2;2022-09-10;14;25;57;117;17;48;131;0;4;6126431;6814880;10670690;315111;6161263;11784416;420121;0;4151
FR;2;2022-09-11;12;5;11;11;3;13;13;0;0;6126443;6814885;10670701;315122;6161266;11784429;420134;0;4151
FR;2;2022-09-12;20;31;70;340;26;56;352;0;16;6126463;6814916;10670771;315462;6161292;11784485;420486;0;4167
FR;2;2022-09-13;15;34;125;670;13;99;674;0;40;6126478;6814950;10670896;316132;6161305;11784584;421160;0;4207
FR;2;2022-09-14;19;23;81;480;20;60;478;0;36;6126497;6814973;10670977;316612;6161325;11784644;421638;0;4243
FR;2;2022-09-15;23;45;126;486;27;102;493;0;47;6126520;6815018;10671103;317098;6161352;11784746;422131;0;4290
FR;2;2022-09-16;22;31;124;563;17;89;585;0;39;6126542;6815049;10671227;317661;6161369;11784835;422716;0;4329
FR;2;2022-09-17;6;20;56;160;15;52;147;0;14;6126548;6815069;10671283;317821;6161384;11784887;422863;0;4343
FR;2;2022-09-18;4;7;13;37;6;10;37;0;3;6126552;6815076;10671296;317858;6161390;11784897;422900;0;4346
FR;2;2022-09-19;26;24;114;353;16;87;381;0;22;6126578;6815100;10671410;318211;6161406;11784984;423281;0;4368
FR;2;2022-09-20;29;27;117;624;21;84;639;0;38;6126607;6815127;10671527;318835;6161427;11785068;423920;0;4406
FR;2;2022-09-21;15;30;100;393;15;78;418;0;23;6126622;6815157;10671627;319228;6161442;11785146;424338;0;4429
FR;2;2022-09-22;19;39;124;581;18;95;619;0;28;6126641;6815196;10671751;319809;6161460;11785241;424957;0;4457
FR;2;2022-09-23;21;38;135;555;22;111;570;0;39;6126662;6815234;10671886;320364;6161482;11785352;425527;0;4496
FR;2;2022-09-24;10;8;52;190;8;37;201;0;7;6126672;6815242;10671938;320554;6161490;11785389;425728;0;4503
FR;2;2022-09-25;9;11;15;29;11;12;33;0;5;6126681;6815253;10671953;320583;6161501;11785401;425761;0;4508
FR;2;2022-09-26;22;41;116;447;27;79;458;0;20;6126703;6815294;10672069;321030;6161528;11785480;426219;0;4528
FR;2;2022-09-27;30;46;162;906;35;108;861;0;52;6126733;6815340;10672231;321936;6161563;11785588;427080;0;4580
FR;2;2022-09-28;15;31;93;421;18;74;439;0;23;6126748;6815371;10672324;322357;6161581;11785662;427519;0;4603
FR;2;2022-09-29;26;48;115;618;23;110;630;0;33;6126774;6815419;10672439;322975;6161604;11785772;428149;0;4636
FR;2;2022-09-30;25;44;111;520;45;84;533;0;31;6126799;6815463;10672550;323495;6161649;11785856;428682;0;4667
FR;2;2022-10-01;11;20;51;128;20;36;129;0;8;6126810;6815483;10672601;323623;6161669;11785892;428811;0;4675
FR;2;2022-10-02;0;5;8;21;4;5;25;0;2;6126810;6815488;10672609;323644;6161673;11785897;428836;0;4677
FR;2;2022-10-03;22;35;85;291;30;69;306;0;22;6126832;6815523;10672694;323935;6161703;11785966;429142;0;4699
FR;2;2022-10-04;17;21;106;601;19;71;620;0;46;6126849;6815544;10672800;324536;6161722;11786037;429762;0;4745
FR;2;2022-10-05;20;31;75;491;26;67;488;0;54;6126869;6815575;10672875;325027;6161748;11786104;430250;0;4799
FR;2;2022-10-06;30;23;74;442;17;71;428;0;65;6126899;6815598;10672949;325469;6161765;11786175;430678;0;4864
FR;2;2022-10-07;21;30;86;499;27;66;503;0;42;6126920;6815628;10673035;325968;6161792;11786241;431181;0;4906
FR;2;2022-10-08;12;8;24;114;3;25;108;0;12;6126932;6815636;10673059;326082;6161795;11786266;431289;0;4918
FR;2;2022-10-09;1;8;15;17;6;11;22;0;5;6126933;6815644;10673074;326099;6161801;11786277;431311;0;4923
FR;2;2022-10-10;18;27;47;223;25;49;218;0;21;6126951;6815671;10673121;326322;6161826;11786326;431529;0;4944
FR;2;2022-10-11;16;15;48;253;11;39;241;0;52;6126967;6815686;10673169;326575;6161837;11786365;431770;0;4996
FR;2;2022-10-12;9;20;52;290;16;36;305;0;56;6126976;6815706;10673221;326865;6161853;11786401;432075;0;5052
FR;2;2022-10-13;11;14;48;271;9;48;261;0;26;6126987;6815720;10673269;327136;6161862;11786449;432336;0;5078
FR;2;2022-10-14;13;30;36;230;18;40;231;0;29;6127000;6815750;10673305;327366;6161880;11786489;432567;0;5107
FR;2;2022-10-15;4;13;22;111;7;17;113;0;15;6127004;6815763;10673327;327477;6161887;11786506;432680;0;5122
FR;2;2022-10-16;0;7;4;11;6;7;8;0;1;6127004;6815770;10673331;327488;6161893;11786513;432688;0;5123
FR;2;2022-10-17;15;19;31;121;18;26;131;0;29;6127019;6815789;10673362;327609;6161911;11786539;432819;0;5152
FR;2;2022-10-18;13;12;68;185;6;34;247;0;46;6127032;6815801;10673430;327794;6161917;11786573;433066;0;5198
FR;2;2022-10-19;8;17;39;184;12;31;223;0;52;6127040;6815818;10673469;327978;6161929;11786604;433289;0;5250
FR;2;2022-10-20;11;29;41;200;15;40;196;0;52;6127051;6815847;10673510;328178;6161944;11786644;433485;0;5302
FR;2;2022-10-21;6;16;60;233;7;53;222;0;31;6127057;6815863;10673570;328411;6161951;11786697;433707;0;5333
FR;2;2022-10-22;8;7;25;102;2;23;103;0;20;6127065;6815870;10673595;328513;6161953;11786720;433810;0;5353
FR;2;2022-10-23;0;3;1;5;3;0;6;0;2;6127065;6815873;10673596;328518;6161956;11786720;433816;0;5355
FR;2;2022-10-24;12;12;16;110;12;16;113;0;20;6127077;6815885;10673612;328628;6161968;11786736;433929;0;5375
FR;2;2022-10-25;12;7;23;138;6;15;145;0;51;6127089;6815892;10673635;328766;6161974;11786751;434074;0;5426
FR;2;2022-10-26;4;3;17;90;2;11;96;0;27;6127093;6815895;10673652;328856;6161976;11786762;434170;0;5453
FR;2;2022-10-27;7;10;18;88;10;20;71;0;27;6127100;6815905;10673670;328944;6161986;11786782;434241;0;5480
FR;2;2022-10-28;5;3;15;91;3;7;92;0;27;6127105;6815908;10673685;329035;6161989;11786789;434333;0;5507
FR;2;2022-10-29;7;8;18;33;6;14;37;0;8;6127112;6815916;10673703;329068;6161995;11786803;434370;0;5515
FR;2;2022-10-30;3;7;5;8;5;2;5;0;1;6127115;6815923;10673708;329076;6162000;11786805;434375;0;5516
FR;2;2022-10-31;2;8;6;49;6;10;48;0;11;6127117;6815931;10673714;329125;6162006;11786815;434423;0;5527
FR;2;2022-11-01;0;5;8;1;5;5;4;0;0;6127117;6815936;10673722;329126;6162011;11786820;434427;0;5527
FR;2;2022-11-02;6;5;12;44;5;12;45;0;11;6127123;6815941;10673734;329170;6162016;11786832;434472;0;5538
FR;2;2022-11-03;6;7;16;77;6;10;75;0;18;6127129;6815948;10673750;329247;6162022;11786842;434547;0;5556
FR;2;2022-11-04;7;12;15;85;10;14;93;0;10;6127136;6815960;10673765;329332;6162032;11786856;434640;0;5566
FR;2;2022-11-05;0;11;13;38;6;17;35;0;6;6127136;6815971;10673778;329370;6162038;11786873;434675;0;5572
FR;2;2022-11-06;0;2;2;1;0;4;0;0;2;6127136;6815973;10673780;329371;6162038;11786877;434675;0;5574
FR;2;2022-11-07;13;8;15;67;6;14;66;0;20;6127149;6815981;10673795;329438;6162044;11786891;434741;0;5594
FR;2;2022-11-08;14;8;18;58;6;14;65;0;27;6127163;6815989;10673813;329496;6162050;11786905;434806;0;5621
FR;2;2022-11-09;4;5;17;56;2;17;50;0;28;6127167;6815994;10673830;329552;6162052;11786922;434856;0;5649
FR;2;2022-11-10;7;10;17;74;7;14;76;0;14;6127174;6816004;10673847;329626;6162059;11786936;434932;0;5663
FR;2;2022-11-11;0;3;9;3;0;10;4;0;0;6127174;6816007;10673856;329629;6162059;11786946;434936;0;5663
FR;2;2022-11-12;2;5;7;19;4;7;19;0;4;6127176;6816012;10673863;329648;6162063;11786953;434955;0;5667
FR;2;2022-11-13;3;2;4;2;1;5;1;0;0;6127179;6816014;10673867;329650;6162064;11786958;434956;0;5667
FR;2;2022-11-14;7;6;13;29;3;10;33;0;7;6127186;6816020;10673880;329679;6162067;11786968;434989;0;5674
FR;2;2022-11-15;8;15;15;35;16;18;32;0;7;6127194;6816035;10673895;329714;6162083;11786986;435021;0;5681
FR;2;2022-11-16;3;6;4;45;6;4;46;0;18;6127197;6816041;10673899;329759;6162089;11786990;435067;0;5699
FR;2;2022-11-17;2;6;12;56;5;9;55;0;22;6127199;6816047;10673911;329815;6162094;11786999;435122;0;5721
FR;2;2022-11-18;3;4;7;41;4;6;44;0;10;6127202;6816051;10673918;329856;6162098;11787005;435166;0;5731
FR;2;2022-11-19;3;3;2;25;3;3;18;0;5;6127205;6816054;10673920;329881;6162101;11787008;435184;0;5736
FR;2;2022-11-20;0;2;6;9;2;6;10;0;26;6127205;6816056;10673926;329890;6162103;11787014;435194;0;5762
FR;2;2022-11-21;6;10;9;31;7;8;34;0;22;6127211;6816066;10673935;329921;6162110;11787022;435228;0;5784
FR;2;2022-11-22;8;8;20;65;6;21;70;0;71;6127219;6816074;10673955;329986;6162116;11787043;435298;0;5855
FR;2;2022-11-23;7;6;8;68;3;5;73;0;8;6127226;6816080;10673963;330054;6162119;11787048;435371;0;5863
FR;2;2022-11-24;2;2;11;50;2;7;57;0;10;6127228;6816082;10673974;330104;6162121;11787055;435428;0;5873
FR;2;2022-11-25;11;8;14;25;11;14;26;0;8;6127239;6816090;10673988;330129;6162132;11787069;435454;0;5881
FR;2;2022-11-26;1;5;4;8;4;7;6;0;0;6127240;6816095;10673992;330137;6162136;11787076;435460;0;5881
FR;2;2022-11-27;2;2;12;2;0;11;4;0;1;6127242;6816097;10674004;330139;6162136;11787087;435464;0;5882
FR;2;2022-11-28;0;2;8;35;1;6;37;0;5;6127242;6816099;10674012;330174;6162137;11787093;435501;0;5887
FR;2;2022-11-29;1;1;10;24;0;4;30;0;8;6127243;6816100;10674022;330198;6162137;11787097;435531;0;5895
FR;2;2022-11-30;2;2;10;47;1;11;44;0;21;6127245;6816102;10674032;330245;6162138;11787108;435575;0;5916
FR;2;2022-12-01;2;12;6;63;9;13;55;0;24;6127247;6816114;10674038;330308;6162147;11787121;435630;0;5940
FR;2;2022-12-02;1;2;12;51;2;10;51;0;27;6127248;6816116;10674050;330359;6162149;11787131;435681;0;5967
FR;2;2022-12-03;1;4;8;19;2;8;18;0;10;6127249;6816120;10674058;330378;6162151;11787139;435699;0;5977
FR;2;2022-12-04;0;0;0;4;0;0;4;0;2;6127249;6816120;10674058;330382;6162151;11787139;435703;0;5979
FR;2;2022-12-05;3;5;8;51;8;4;45;0;16;6127252;6816125;10674066;330433;6162159;11787143;435748;0;5995
FR;2;2022-12-06;3;5;14;45;4;6;48;0;17;6127255;6816130;10674080;330478;6162163;11787149;435796;0;6012
FR;2;2022-12-07;1;5;9;42;3;8;44;0;11;6127256;6816135;10674089;330520;6162166;11787157;435840;0;6023
FR;2;2022-12-08;0;2;11;44;0;6;49;0;16;6127256;6816137;10674100;330564;6162166;11787163;435889;0;6039
FR;2;2022-12-09;0;1;13;52;0;9;57;0;17;6127256;6816138;10674113;330616;6162166;11787172;435946;0;6056
FR;2;2022-12-10;0;3;15;50;1;6;52;0;9;6127256;6816141;10674128;330666;6162167;11787178;435998;0;6065
FR;2;2022-12-11;0;0;2;2;0;2;1;0;3;6127256;6816141;10674130;330668;6162167;11787180;435999;0;6068
FR;2;2022-12-12;1;0;6;37;0;6;36;0;11;6127257;6816141;10674136;330705;6162167;11787186;436035;0;6079
FR;2;2022-12-13;0;3;2;37;2;1;37;0;14;6127257;6816144;10674138;330742;6162169;11787187;436072;0;6093
FR;2;2022-12-14;0;5;8;26;5;3;31;0;14;6127257;6816149;10674146;330768;6162174;11787190;436103;0;6107
FR;2;2022-12-15;0;5;12;43;5;9;44;0;17;6127257;6816154;10674158;330811;6162179;11787199;436147;0;6124
FR;2;2022-12-16;2;4;27;56;3;20;62;0;16;6127259;6816158;10674185;330867;6162182;11787219;436209;0;6140
FR;2;2022-12-17;1;4;10;44;3;6;39;0;5;6127260;6816162;10674195;330911;6162185;11787225;436248;0;6145
FR;2;2022-12-18;1;0;0;0;0;0;0;0;1;6127261;6816162;10674195;330911;6162185;11787225;436248;0;6146
FR;2;2022-12-19;6;5;4;31;6;5;24;0;24;6127267;6816167;10674199;330942;6162191;11787230;436272;0;6170
FR;2;2022-12-20;0;4;6;37;2;7;38;0;24;6127267;6816171;10674205;330979;6162193;11787237;436310;0;6194
FR;2;2022-12-21;0;1;4;13;1;4;13;0;8;6127267;6816172;10674209;330992;6162194;11787241;436323;0;6202
FR;2;2022-12-22;0;5;17;32;2;6;45;0;10;6127267;6816177;10674226;331024;6162196;11787247;436368;0;6212
FR;2;2022-12-23;1;5;15;18;3;12;22;0;4;6127268;6816182;10674241;331042;6162199;11787259;436390;0;6216
FR;2;2022-12-24;0;0;1;1;0;1;1;0;0;6127268;6816182;10674242;331043;6162199;11787260;436391;0;6216
FR;2;2022-12-25;0;1;1;3;0;1;4;0;0;6127268;6816183;10674243;331046;6162199;11787261;436395;0;6216
FR;2;2022-12-26;0;0;7;11;0;5;11;0;3;6127268;6816183;10674250;331057;6162199;11787266;436406;0;6219
FR;2;2022-12-27;0;1;7;5;1;5;7;0;4;6127268;6816184;10674257;331062;6162200;11787271;436413;0;6223
FR;2;2022-12-28;0;2;4;13;2;3;14;0;5;6127268;6816186;10674261;331075;6162202;11787274;436427;0;6228
FR;2;2022-12-29;1;2;4;18;1;5;18;0;7;6127269;6816188;10674265;331093;6162203;11787279;436445;0;6235
FR;2;2022-12-30;1;0;2;8;0;2;7;0;1;6127270;6816188;10674267;331101;6162203;11787281;436452;0;6236
FR;2;2022-12-31;0;0;1;2;0;1;2;0;1;6127270;6816188;10674268;331103;6162203;11787282;436454;0;6237
FR;2;2023-01-01;0;0;0;0;0;0;0;0;0;6127270;6816188;10674268;331103;6162203;11787282;436454;0;6237
FR;2;2023-01-02;5;3;9;21;2;7;23;0;2;6127275;6816191;10674277;331124;6162205;11787289;436477;0;6239
FR;2;2023-01-03;1;0;6;13;0;7;11;0;6;6127276;6816191;10674283;331137;6162205;11787296;436488;0;6245
FR;2;2023-01-04;1;2;9;13;3;7;13;0;6;6127277;6816193;10674292;331150;6162208;11787303;436501;0;6251
FR;2;2023-01-05;0;2;7;6;2;4;7;0;3;6127277;6816195;10674299;331156;6162210;11787307;436508;0;6254
FR;2;2023-01-06;1;0;9;9;0;4;13;0;9;6127278;6816195;10674308;331165;6162210;11787311;436521;0;6263
FR;2;2023-01-07;0;0;4;10;0;4;8;0;5;6127278;6816195;10674312;331175;6162210;11787315;436529;0;6268
FR;2;2023-01-08;0;0;3;3;0;3;3;0;2;6127278;6816195;10674315;331178;6162210;11787318;436532;0;6270
FR;2;2023-01-09;0;2;8;9;2;3;13;0;5;6127278;6816197;10674323;331187;6162212;11787321;436545;0;6275
FR;2;2023-01-10;0;5;4;8;4;3;10;0;6;6127278;6816202;10674327;331195;6162216;11787324;436555;0;6281
FR;2;2023-01-11;3;0;4;7;0;3;9;0;3;6127281;6816202;10674331;331202;6162216;11787327;436564;0;6284
FR;2;2023-01-12;1;0;9;13;0;7;10;0;11;6127282;6816202;10674340;331215;6162216;11787334;436574;0;6295
FR;2;2023-01-13;0;1;5;7;1;3;10;0;3;6127282;6816203;10674345;331222;6162217;11787337;436584;0;6298
FR;2;2023-01-14;0;1;2;6;0;3;6;0;1;6127282;6816204;10674347;331228;6162217;11787340;436590;0;6299
FR;2;2023-01-15;0;0;0;0;0;0;0;0;0;6127282;6816204;10674347;331228;6162217;11787340;436590;0;6299
FR;2;2023-01-16;1;1;5;6;2;2;7;0;1;6127283;6816205;10674352;331234;6162219;11787342;436597;0;6300
FR;2;2023-01-17;1;0;5;4;0;5;3;0;0;6127284;6816205;10674357;331238;6162219;11787347;436600;0;6300
FR;2;2023-01-18;0;0;3;2;0;3;2;0;0;6127284;6816205;10674360;331240;6162219;11787350;436602;0;6300
FR;2;2023-01-19;0;0;1;6;0;1;6;0;6;6127284;6816205;10674361;331246;6162219;11787351;436608;0;6306
FR;2;2023-01-20;0;0;1;8;0;1;8;0;4;6127284;6816205;10674362;331254;6162219;11787352;436616;0;6310
FR;2;2023-01-21;0;0;0;3;0;0;0;0;0;6127284;6816205;10674362;331257;6162219;11787352;436616;0;6310
FR;2;2023-01-22;0;0;0;0;0;0;0;0;0;6127284;6816205;10674362;331257;6162219;11787352;436616;0;6310
FR;2;2023-01-23;0;0;3;3;0;2;3;0;1;6127284;6816205;10674365;331260;6162219;11787354;436619;0;6311
FR;2;2023-01-24;1;3;1;6;3;0;7;0;4;6127285;6816208;10674366;331266;6162222;11787354;436626;0;6315
FR;2;2023-01-25;1;0;0;6;1;0;6;0;0;6127286;6816208;10674366;331272;6162223;11787354;436632;0;6315
FR;2;2023-01-26;1;0;3;7;0;1;9;0;3;6127287;6816208;10674369;331279;6162223;11787355;436641;0;6318
FR;2;2023-01-27;0;2;3;3;1;2;3;0;2;6127287;6816210;10674372;331282;6162224;11787357;436644;0;6320
FR;2;2023-01-28;0;0;0;1;0;0;1;0;0;6127287;6816210;10674372;331283;6162224;11787357;436645;0;6320
FR;2;2023-01-29;0;0;1;0;0;0;1;0;0;6127287;6816210;10674373;331283;6162224;11787357;436646;0;6320
FR;2;2023-01-30;0;1;2;3;1;1;4;0;1;6127287;6816211;10674375;331286;6162225;11787358;436650;0;6321
FR;2;2023-01-31;1;0;3;2;0;2;3;0;0;6127288;6816211;10674378;331288;6162225;11787360;436653;0;6321
FR;2;2023-02-01;0;3;2;0;2;3;0;0;0;6127288;6816214;10674380;331288;6162227;11787363;436653;0;6321
FR;2;2023-02-02;0;2;3;4;1;4;6;0;4;6127288;6816216;10674383;331292;6162228;11787367;436659;0;6325
FR;2;2023-02-03;0;2;1;12;2;0;11;0;9;6127288;6816218;10674384;331304;6162230;11787367;436670;0;6334
FR;2;2023-02-04;0;1;1;0;0;2;0;0;0;6127288;6816219;10674385;331304;6162230;11787369;436670;0;6334
FR;2;2023-02-05;0;0;0;0;0;0;0;0;0;6127288;6816219;10674385;331304;6162230;11787369;436670;0;6334
FR;2;2023-02-06;0;3;2;2;2;3;2;0;0;6127288;6816222;10674387;331306;6162232;11787372;436672;0;6334
FR;2;2023-02-07;2;1;0;0;0;1;0;0;1;6127290;6816223;10674387;331306;6162232;11787373;436672;0;6335
FR;2;2023-02-08;0;0;3;2;0;2;4;0;1;6127290;6816223;10674390;331308;6162232;11787375;436676;0;6336
FR;2;2023-02-09;0;0;1;4;0;2;3;0;3;6127290;6816223;10674391;331312;6162232;11787377;436679;0;6339
FR;2;2023-02-10;0;0;1;3;0;1;2;0;6;6127290;6816223;10674392;331315;6162232;11787378;436681;0;6345
FR;2;2023-02-11;2;2;1;1;0;2;2;0;0;6127292;6816225;10674393;331316;6162232;11787380;436683;0;6345
FR;2;2023-02-12;0;0;0;0;0;0;0;0;0;6127292;6816225;10674393;331316;6162232;11787380;436683;0;6345
FR;2;2023-02-13;3;0;1;5;0;0;5;0;1;6127295;6816225;10674394;331321;6162232;11787380;436688;0;6346
FR;2;2023-02-14;1;2;1;1;2;0;2;0;0;6127296;6816227;10674395;331322;6162234;11787380;436690;0;6346
FR;2;2023-02-15;2;0;1;1;0;1;1;0;0;6127298;6816227;10674396;331323;6162234;11787381;436691;0;6346
FR;2;2023-02-16;2;1;2;1;1;1;2;0;2;6127300;6816228;10674398;331324;6162235;11787382;436693;0;6348
FR;2;2023-02-17;0;0;1;4;0;1;3;0;4;6127300;6816228;10674399;331328;6162235;11787383;436696;0;6352
FR;2;2023-02-18;0;0;4;1;0;4;0;0;1;6127300;6816228;10674403;331329;6162235;11787387;436696;0;6353
FR;2;2023-02-19;0;1;0;0;1;0;0;0;0;6127300;6816229;10674403;331329;6162236;11787387;436696;0;6353
FR;2;2023-02-20;1;0;0;1;0;0;1;0;2;6127301;6816229;10674403;331330;6162236;11787387;436697;0;6355
FR;2;2023-02-21;0;0;0;1;0;0;1;0;2;6127301;6816229;10674403;331331;6162236;11787387;436698;0;6357
FR;2;2023-02-22;1;0;0;3;0;0;3;0;0;6127302;6816229;10674403;331334;6162236;11787387;436701;0;6357
FR;2;2023-02-23;0;0;0;1;0;0;1;0;3;6127302;6816229;10674403;331335;6162236;11787387;436702;0;6360
FR;2;2023-02-24;1;0;1;2;0;0;3;0;0;6127303;6816229;10674404;331337;6162236;11787387;436705;0;6360
FR;2;2023-02-25;0;0;1;2;0;1;2;0;0;6127303;6816229;10674405;331339;6162236;11787388;436707;0;6360
FR;2;2023-02-26;0;0;0;0;0;0;0;0;0;6127303;6816229;10674405;331339;6162236;11787388;436707;0;6360
FR;2;2023-02-27;1;0;1;1;1;1;1;0;0;6127304;6816229;10674406;331340;6162237;11787389;436708;0;6360
FR;2;2023-02-28;1;0;0;0;0;0;0;0;2;6127305;6816229;10674406;331340;6162237;11787389;436708;0;6362
FR;2;2023-03-01;0;2;3;2;1;3;1;0;1;6127305;6816231;10674409;331342;6162238;11787392;436709;0;6363
FR;2;2023-03-02;0;2;2;1;2;1;1;0;1;6127305;6816233;10674411;331343;6162240;11787393;436710;0;6364
FR;2;2023-03-03;1;0;3;1;0;3;1;0;0;6127306;6816233;10674414;331344;6162240;11787396;436711;0;6364
FR;2;2023-03-04;0;0;1;0;0;1;0;0;0;6127306;6816233;10674415;331344;6162240;11787397;436711;0;6364
FR;2;2023-03-05;0;0;0;0;0;0;0;0;0;6127306;6816233;10674415;331344;6162240;11787397;436711;0;6364
FR;2;2023-03-06;0;0;2;1;0;1;2;0;2;6127306;6816233;10674417;331345;6162240;11787398;436713;0;6366
FR;2;2023-03-07;0;1;2;1;1;2;1;0;1;6127306;6816234;10674419;331346;6162241;11787400;436714;0;6367
FR;2;2023-03-08;0;0;0;0;0;0;0;0;2;6127306;6816234;10674419;331346;6162241;11787400;436714;0;6369
FR;2;2023-03-09;0;0;1;1;0;0;2;0;0;6127306;6816234;10674420;331347;6162241;11787400;436716;0;6369
FR;2;2023-03-10;0;0;1;0;0;1;0;0;0;6127306;6816234;10674421;331347;6162241;11787401;436716;0;6369
FR;2;2023-03-11;0;0;4;1;0;3;2;0;0;6127306;6816234;10674425;331348;6162241;11787404;436718;0;6369
FR;2;2023-03-12;0;0;0;0;0;0;0;0;0;6127306;6816234;10674425;331348;6162241;11787404;436718;0;6369
FR;2;2023-03-13;0;0;1;3;0;1;3;0;0;6127306;6816234;10674426;331351;6162241;11787405;436721;0;6369
FR;2;2023-03-14;1;0;0;0;0;0;0;0;0;6127307;6816234;10674426;331351;6162241;11787405;436721;0;6369
FR;2;2023-03-15;0;1;0;3;1;0;3;0;0;6127307;6816235;10674426;331354;6162242;11787405;436724;0;6369
FR;2;2023-03-16;0;1;0;0;1;0;1;0;0;6127307;6816236;10674426;331354;6162243;11787405;436725;0;6369
FR;2;2023-03-17;0;0;1;1;0;1;0;0;0;6127307;6816236;10674427;331355;6162243;11787406;436725;0;6369
FR;2;2023-03-18;0;0;7;0;0;7;0;0;1;6127307;6816236;10674434;331355;6162243;11787413;436725;0;6370
FR;2;2023-03-19;0;0;0;0;0;0;0;0;0;6127307;6816236;10674434;331355;6162243;11787413;436725;0;6370
FR;2;2023-03-20;0;0;1;0;0;1;0;0;0;6127307;6816236;10674435;331355;6162243;11787414;436725;0;6370
FR;2;2023-03-21;0;0;1;2;0;1;2;0;1;6127307;6816236;10674436;331357;6162243;11787415;436727;0;6371
FR;2;2023-03-22;0;0;0;0;0;0;0;0;1;6127307;6816236;10674436;331357;6162243;11787415;436727;0;6372
FR;2;2023-03-23;0;1;0;0;1;0;0;0;1;6127307;6816237;10674436;331357;6162244;11787415;436727;0;6373
FR;2;2023-03-24;0;1;0;2;1;0;2;0;2;6127307;6816238;10674436;331359;6162245;11787415;436729;0;6375
FR;2;2023-03-25;0;0;1;2;0;1;2;0;0;6127307;6816238;10674437;331361;6162245;11787416;436731;0;6375
FR;2;2023-03-26;0;1;1;0;1;1;0;0;0;6127307;6816239;10674438;331361;6162246;11787417;436731;0;6375
FR;2;2023-03-27;0;2;2;0;2;2;0;0;1;6127307;6816241;10674440;331361;6162248;11787419;436731;0;6376
FR;2;2023-03-28;0;0;0;0;0;0;0;0;1;6127307;6816241;10674440;331361;6162248;11787419;436731;0;6377
FR;2;2023-03-29;0;0;0;2;0;0;2;0;0;6127307;6816241;10674440;331363;6162248;11787419;436733;0;6377
FR;2;2023-03-30;0;0;0;0;0;0;0;0;0;6127307;6816241;10674440;331363;6162248;11787419;436733;0;6377
FR;2;2023-03-31;0;1;0;1;1;0;1;0;0;6127307;6816242;10674440;331364;6162249;11787419;436734;0;6377
FR;2;2023-04-01;0;0;1;0;0;0;1;0;0;6127307;6816242;10674441;331364;6162249;11787419;436735;0;6377
FR;2;2023-04-02;0;0;0;0;0;0;0;0;0;6127307;6816242;10674441;331364;6162249;11787419;436735;0;6377
FR;2;2023-04-03;0;1;2;2;1;2;2;0;1;6127307;6816243;10674443;331366;6162250;11787421;436737;0;6378
FR;2;2023-04-04;0;0;0;2;0;0;2;0;0;6127307;6816243;10674443;331368;6162250;11787421;436739;0;6378
FR;2;2023-04-05;0;0;0;0;0;0;0;0;0;6127307;6816243;10674443;331368;6162250;11787421;436739;0;6378
FR;2;2023-04-06;0;1;0;0;1;0;0;0;0;6127307;6816244;10674443;331368;6162251;11787421;436739;0;6378
FR;2;2023-04-07;0;0;0;1;0;0;1;0;0;6127307;6816244;10674443;331369;6162251;11787421;436740;0;6378
FR;2;2023-04-08;0;0;0;0;0;0;0;0;0;6127307;6816244;10674443;331369;6162251;11787421;436740;0;6378
FR;2;2023-04-09;0;0;1;0;0;1;0;0;0;6127307;6816244;10674444;331369;6162251;11787422;436740;0;6378
FR;2;2023-04-10;0;2;0;0;1;1;0;0;0;6127307;6816246;10674444;331369;6162252;11787423;436740;0;6378
FR;2;2023-04-11;0;0;0;0;0;0;0;0;1;6127307;6816246;10674444;331369;6162252;11787423;436740;0;6379
FR;2;2023-04-12;0;0;0;0;0;0;0;0;0;6127307;6816246;10674444;331369;6162252;11787423;436740;0;6379
FR;2;2023-04-13;0;0;2;1;0;2;0;0;0;6127307;6816246;10674446;331370;6162252;11787425;436740;0;6379
FR;2;2023-04-14;0;1;0;1;1;0;1;0;0;6127307;6816247;10674446;331371;6162253;11787425;436741;0;6379
FR;2;2023-04-15;0;0;0;0;0;0;0;0;0;6127307;6816247;10674446;331371;6162253;11787425;436741;0;6379
FR;2;2023-04-16;0;0;0;0;0;0;0;0;0;6127307;6816247;10674446;331371;6162253;11787425;436741;0;6379
FR;2;2023-04-17;1;1;0;0;2;0;0;0;0;6127308;6816248;10674446;331371;6162255;11787425;436741;0;6379
FR;2;2023-04-18;0;0;1;2;0;1;2;0;0;6127308;6816248;10674447;331373;6162255;11787426;436743;0;6379
FR;2;2023-04-19;0;0;0;0;0;0;2;0;0;6127308;6816248;10674447;331373;6162255;11787426;436745;0;6379
FR;2;2023-04-20;0;0;1;1;0;1;1;0;0;6127308;6816248;10674448;331374;6162255;11787427;436746;0;6379
FR;2;2023-04-21;0;0;0;0;0;0;0;0;0;6127308;6816248;10674448;331374;6162255;11787427;436746;0;6379
FR;2;2023-04-22;0;0;0;2;0;0;0;0;2;6127308;6816248;10674448;331376;6162255;11787427;436746;0;6381
FR;2;2023-04-23;0;0;0;0;0;0;0;0;0;6127308;6816248;10674448;331376;6162255;11787427;436746;0;6381
FR;2;2023-04-24;0;0;1;0;0;0;1;0;0;6127308;6816248;10674449;331376;6162255;11787427;436747;0;6381
FR;2;2023-04-25;0;0;0;0;0;0;0;0;0;6127308;6816248;10674449;331376;6162255;11787427;436747;0;6381
FR;2;2023-04-26;0;1;0;0;0;1;0;0;0;6127308;6816249;10674449;331376;6162255;11787428;436747;0;6381
FR;2;2023-04-27;0;0;0;0;0;0;0;0;1;6127308;6816249;10674449;331376;6162255;11787428;436747;0;6382
FR;2;2023-04-28;0;0;0;0;0;0;0;0;2;6127308;6816249;10674449;331376;6162255;11787428;436747;0;6384
FR;2;2023-04-29;0;0;0;1;0;0;1;0;0;6127308;6816249;10674449;331377;6162255;11787428;436748;0;6384
FR;2;2023-04-30;0;0;0;0;0;0;0;0;0;6127308;6816249;10674449;331377;6162255;11787428;436748;0;6384
FR;2;2023-05-01;0;0;0;0;0;0;0;0;0;6127308;6816249;10674449;331377;6162255;11787428;436748;0;6384
FR;2;2023-05-02;0;0;3;1;0;3;1;0;2;6127308;6816249;10674452;331378;6162255;11787431;436749;0;6386
FR;2;2023-05-03;0;1;0;0;0;1;0;0;0;6127308;6816250;10674452;331378;6162255;11787432;436749;0;6386
FR;2;2023-05-04;0;0;0;1;0;0;1;0;0;6127308;6816250;10674452;331379;6162255;11787432;436750;0;6386
FR;2;2023-05-05;0;0;1;1;0;1;1;0;0;6127308;6816250;10674453;331380;6162255;11787433;436751;0;6386
FR;2;2023-05-06;0;0;0;0;0;0;0;0;0;6127308;6816250;10674453;331380;6162255;11787433;436751;0;6386
FR;2;2023-05-07;0;0;0;0;0;0;0;0;0;6127308;6816250;10674453;331380;6162255;11787433;436751;0;6386
FR;2;2023-05-08;0;0;0;0;0;0;0;0;0;6127308;6816250;10674453;331380;6162255;11787433;436751;0;6386
FR;2;2023-05-09;0;1;0;0;0;1;0;0;0;6127308;6816251;10674453;331380;6162255;11787434;436751;0;6386
FR;2;2023-05-10;0;0;0;0;0;0;0;0;2;6127308;6816251;10674453;331380;6162255;11787434;436751;0;6388
FR;2;2023-05-11;0;0;0;0;0;0;0;0;1;6127308;6816251;10674453;331380;6162255;11787434;436751;0;6389
FR;3;2020-12-27;0;0;0;0;0;0;0;0;0;0;0;0;0;0;0;0;0;0
FR;3;2020-12-28;0;0;0;0;0;0;0;0;0;0;0;0;0;0;0;0;0;0
FR;3;2020-12-29;0;0;0;0;0;0;0;0;0;0;0;0;0;0;0;0;0;0
FR;3;2020-12-30;0;0;0;0;0;0;0;0;0;0;0;0;0;0;0;0;0;0
FR;3;2020-12-31;0;0;0;0;0;0;0;0;0;0;0;0;0;0;0;0;0;0
FR;3;2021-01-01;0;0;0;0;0;0;0;0;0;0;0;0;0;0;0;0;0;0
FR;3;2021-01-02;0;0;0;0;0;0;0;0;0;0;0;0;0;0;0;0;0;0
FR;3;2021-01-03;0;0;0;0;0;0;0;0;0;0;0;0;0;0;0;0;0;0
FR;3;2021-01-04;0;0;0;0;0;0;0;0;0;0;0;0;0;0;0;0;0;0
FR;3;2021-01-05;0;0;0;0;0;0;0;0;0;0;0;0;0;0;0;0;0;0
FR;3;2021-01-06;0;0;0;0;0;0;0;0;0;0;0;0;0;0;0;0;0;0
FR;3;2021-01-07;0;0;0;0;0;0;0;0;0;0;0;0;0;0;0;0;0;0
FR;3;2021-01-08;0;0;0;0;0;0;0;0;0;0;0;0;0;0;0;0;0;0
FR;3;2021-01-09;0;0;0;0;0;0;0;0;0;0;0;0;0;0;0;0;0;0
FR;3;2021-01-10;0;0;0;0;0;0;0;0;0;0;0;0;0;0;0;0;0;0
FR;3;2021-01-11;0;0;0;0;0;0;0;0;0;0;0;0;0;0;0;0;0;0
FR;3;2021-01-12;0;0;0;0;0;0;0;0;0;0;0;0;0;0;0;0;0;0
FR;3;2021-01-13;0;0;0;0;0;0;0;0;0;0;0;0;0;0;0;0;0;0
FR;3;2021-01-14;0;0;0;0;0;0;0;0;0;0;0;0;0;0;0;0;0;0
FR;3;2021-01-15;0;0;0;0;0;0;0;0;0;0;0;0;0;0;0;0;0;0
FR;3;2021-01-16;0;0;0;0;0;0;0;0;0;0;0;0;0;0;0;0;0;0
FR;3;2021-01-17;0;0;0;0;0;0;0;0;0;0;0;0;0;0;0;0;0;0
FR;3;2021-01-18;0;0;0;0;0;0;0;0;0;0;0;0;0;0;0;0;0;0
FR;3;2021-01-19;0;0;0;0;0;0;0;0;0;0;0;0;0;0;0;0;0;0
FR;3;2021-01-20;0;0;0;0;0;0;0;0;0;0;0;0;0;0;0;0;0;0
FR;3;2021-01-21;0;0;0;0;0;0;0;0;0;0;0;0;0;0;0;0;0;0
FR;3;2021-01-22;0;0;0;0;0;0;0;0;0;0;0;0;0;0;0;0;0;0
FR;3;2021-01-23;0;0;0;0;0;0;0;0;0;0;0;0;0;0;0;0;0;0
FR;3;2021-01-24;0;0;0;0;0;0;0;0;0;0;0;0;0;0;0;0;0;0
FR;3;2021-01-25;0;0;0;0;0;0;0;0;0;0;0;0;0;0;0;0;0;0
FR;3;2021-01-26;0;0;0;0;0;0;0;0;0;0;0;0;0;0;0;0;0;0
FR;3;2021-01-27;0;0;0;0;0;0;0;0;0;0;0;0;0;0;0;0;0;0
FR;3;2021-01-28;0;0;0;0;0;0;0;0;0;0;0;0;0;0;0;0;0;0
FR;3;2021-01-29;0;0;0;0;0;0;0;0;0;0;0;0;0;0;0;0;0;0
FR;3;2021-01-30;0;0;0;0;0;0;0;0;0;0;0;0;0;0;0;0;0;0
FR;3;2021-01-31;0;0;0;0;0;0;0;0;0;0;0;0;0;0;0;0;0;0
FR;3;2021-02-01;0;0;0;0;0;0;0;0;0;0;0;0;0;0;0;0;0;0
FR;3;2021-02-02;0;0;0;0;0;0;0;0;0;0;0;0;0;0;0;0;0;0
FR;3;2021-02-03;0;0;0;0;0;0;0;0;0;0;0;0;0;0;0;0;0;0
FR;3;2021-02-04;0;0;0;0;0;0;0;0;0;0;0;0;0;0;0;0;0;0
FR;3;2021-02-05;0;0;0;0;0;0;0;0;0;0;0;0;0;0;0;0;0;0
FR;3;2021-02-06;1474;0;0;0;105;0;0;0;0;1474;0;0;0;105;0;0;0;0
FR;3;2021-02-07;1423;2;0;0;87;0;0;0;0;2897;2;0;0;192;0;0;0;0
FR;3;2021-02-08;2789;1;0;0;177;0;0;0;0;5686;3;0;0;369;0;0;0;0
FR;3;2021-02-09;6786;0;0;0;502;0;0;0;0;12472;3;0;0;871;0;0;0;0
FR;3;2021-02-10;9612;0;0;0;695;0;0;0;0;22084;3;0;0;1566;0;0;0;0
FR;3;2021-02-11;13620;4;0;0;919;0;0;0;0;35704;7;0;0;2485;0;0;0;0
FR;3;2021-02-12;13410;0;0;0;907;0;0;0;0;49114;7;0;0;3392;0;0;0;0
FR;3;2021-02-13;3800;1;0;0;218;0;0;0;0;52914;8;0;0;3610;0;0;0;0
FR;3;2021-02-14;975;1;0;0;53;0;0;0;0;53889;9;0;0;3663;0;0;0;0
FR;3;2021-02-15;10497;2;0;0;719;0;0;0;0;64386;11;0;0;4382;0;0;0;0
FR;3;2021-02-16;12556;5;0;0;871;0;0;0;0;76942;16;0;0;5253;0;0;0;0
FR;3;2021-02-17;11159;1;0;0;717;0;0;0;0;88101;17;0;0;5970;0;0;0;0
FR;3;2021-02-18;14943;2;0;0;985;0;0;0;0;103044;19;0;0;6955;0;0;0;0
FR;3;2021-02-19;14364;1;0;0;846;0;0;0;0;117408;20;0;0;7801;0;0;0;0
FR;3;2021-02-20;3332;0;0;0;178;0;0;0;0;120740;20;0;0;7979;0;0;0;0
FR;3;2021-02-21;620;0;0;0;35;0;0;0;0;121360;20;0;0;8014;0;0;0;0
FR;3;2021-02-22;9171;1;0;0;654;0;0;0;0;130531;21;0;0;8668;0;0;0;0
FR;3;2021-02-23;11406;6;0;0;761;0;0;0;0;141937;27;0;0;9429;0;0;0;0
FR;3;2021-02-24;14305;1;0;0;829;0;0;0;0;156242;28;0;0;10258;0;0;0;0
FR;3;2021-02-25;44935;3;0;0;1814;0;0;0;0;201177;31;0;0;12072;0;0;0;0
FR;3;2021-02-26;61889;13;0;0;2201;0;0;0;0;263066;44;0;0;14273;0;0;0;0
FR;3;2021-02-27;34811;14;0;0;1028;0;0;0;0;297877;58;0;0;15301;0;0;0;0
FR;3;2021-02-28;2464;0;0;0;114;0;0;0;0;300341;58;0;0;15415;0;0;0;0
FR;3;2021-03-01;20521;21;0;0;1067;0;0;0;0;320862;79;0;0;16482;0;0;0;0
FR;3;2021-03-02;38878;25;0;0;1790;0;0;0;0;359740;104;0;0;18272;0;0;0;0
FR;3;2021-03-03;48750;18;0;0;2130;0;0;0;0;408490;122;0;0;20402;0;0;0;0
FR;3;2021-03-04;82229;25;0;0;3194;0;0;0;0;490719;147;0;0;23596;0;0;0;0
FR;3;2021-03-05;118138;43;0;0;4693;0;0;0;0;608857;190;0;0;28289;0;0;0;0
FR;3;2021-03-06;120727;65;1;0;3559;0;0;0;0;729584;255;1;0;31848;0;0;0;0
FR;3;2021-03-07;55186;23;0;0;1729;0;0;0;0;784770;278;1;0;33577;0;0;0;0
FR;3;2021-03-08;42814;29;0;0;2074;0;0;0;0;827584;307;1;0;35651;0;0;0;0
FR;3;2021-03-09;78978;51;0;0;3288;0;0;0;0;906562;358;1;0;38939;0;0;0;0
FR;3;2021-03-10;80985;67;0;0;3243;0;0;0;0;987547;425;1;0;42182;0;0;0;0
FR;3;2021-03-11;128447;66;0;0;4766;0;0;0;0;1115994;491;1;0;46948;0;0;0;0
FR;3;2021-03-12;182719;122;0;0;6279;0;0;0;0;1298713;613;1;0;53227;0;0;0;0
FR;3;2021-03-13;132160;91;0;0;3530;0;0;0;0;1430873;704;1;0;56757;0;0;0;0
FR;3;2021-03-14;14061;6;0;0;550;0;0;0;0;1444934;710;1;0;57307;0;0;0;0
FR;3;2021-03-15;52243;82;0;0;2097;0;0;0;0;1497177;792;1;0;59404;0;0;0;0
FR;3;2021-03-16;1221;51;0;0;105;0;0;0;0;1498398;843;1;0;59509;0;0;0;0
FR;3;2021-03-17;950;56;0;0;95;0;0;0;0;1499348;899;1;0;59604;0;0;0;0
FR;3;2021-03-18;1577;42;0;0;102;0;0;0;0;1500925;941;1;0;59706;0;0;0;0
FR;3;2021-03-19;70458;56;0;0;2060;0;0;0;0;1571383;997;1;0;61766;0;0;0;0
FR;3;2021-03-20;65242;51;0;0;1702;0;0;0;0;1636625;1048;1;0;63468;0;0;0;0
FR;3;2021-03-21;5761;8;0;0;199;0;0;0;0;1642386;1056;1;0;63667;0;0;0;0
FR;3;2021-03-22;37511;50;0;0;1053;0;0;0;0;1679897;1106;1;0;64720;0;0;0;0
FR;3;2021-03-23;84670;87;0;0;2288;0;0;0;0;1764567;1193;1;0;67008;0;0;0;0
FR;3;2021-03-24;90955;99;0;0;2491;0;0;0;0;1855522;1292;1;0;69499;0;0;0;0
FR;3;2021-03-25;150068;149;0;0;3792;0;0;0;0;2005590;1441;1;0;73291;0;0;0;0
FR;3;2021-03-26;165431;157;0;0;4148;0;0;0;0;2171021;1598;1;0;77439;0;0;0;0
FR;3;2021-03-27;68465;101;0;0;2004;0;0;0;0;2239486;1699;1;0;79443;0;0;0;0
FR;3;2021-03-28;6481;20;0;0;238;0;0;0;0;2245967;1719;1;0;79681;0;0;0;0
FR;3;2021-03-29;54171;83;0;0;1480;0;0;0;0;2300138;1802;1;0;81161;0;0;0;0
FR;3;2021-03-30;93185;103;0;0;2564;0;0;0;0;2393323;1905;1;0;83725;0;0;0;0
FR;3;2021-03-31;63547;110;0;0;1964;0;0;0;0;2456870;2015;1;0;85689;0;0;0;0
FR;3;2021-04-01;86136;116;0;0;2496;0;0;0;0;2543006;2131;1;0;88185;0;0;0;0
FR;3;2021-04-02;86915;186;0;0;2766;0;0;0;0;2629921;2317;1;0;90951;0;0;0;0
FR;3;2021-04-03;35876;133;0;0;1164;0;0;0;0;2665797;2450;1;0;92115;0;0;0;0
FR;3;2021-04-04;3577;19;0;0;164;0;0;0;0;2669374;2469;1;0;92279;0;0;0;0
FR;3;2021-04-05;4492;40;0;0;236;0;0;0;0;2673866;2509;1;0;92515;0;0;0;0
FR;3;2021-04-06;29763;105;0;0;1091;0;0;0;0;2703629;2614;1;0;93606;0;0;0;0
FR;3;2021-04-07;32350;113;0;0;1052;0;0;0;0;2735979;2727;1;0;94658;0;0;0;0
FR;3;2021-04-08;78826;274;0;0;2619;0;0;0;0;2814805;3001;1;0;97277;0;0;0;0
FR;3;2021-04-09;161764;454;0;0;5180;0;0;0;0;2976569;3455;1;0;102457;0;0;0;0
FR;3;2021-04-10;75765;365;0;0;2697;0;0;0;0;3052334;3820;1;0;105154;0;0;0;0
FR;3;2021-04-11;7316;47;0;0;306;0;0;0;0;3059650;3867;1;0;105460;0;0;0;0
FR;3;2021-04-12;51484;219;0;0;1738;0;0;0;0;3111134;4086;1;0;107198;0;0;0;0
FR;3;2021-04-13;86236;364;0;0;2911;0;0;0;0;3197370;4450;1;0;110109;0;0;0;0
FR;3;2021-04-14;67847;377;0;0;2429;0;0;0;0;3265217;4827;1;0;112538;0;0;0;0
FR;3;2021-04-15;93246;404;0;0;3442;0;0;0;0;3358463;5231;1;0;115980;0;0;0;0
FR;3;2021-04-16;112532;628;0;0;4343;0;0;0;0;3470995;5859;1;0;120323;0;0;0;0
FR;3;2021-04-17;53319;371;1;0;2277;0;0;0;0;3524314;6230;2;0;122600;0;0;0;0
FR;3;2021-04-18;9752;49;0;0;423;0;0;0;0;3534066;6279;2;0;123023;0;0;0;0
FR;3;2021-04-19;25117;287;0;0;1093;0;0;0;0;3559183;6566;2;0;124116;0;0;0;0
FR;3;2021-04-20;45676;438;0;0;1908;0;0;0;0;3604859;7004;2;0;126024;0;0;0;0
FR;3;2021-04-21;38988;552;0;0;1896;0;0;0;0;3643847;7556;2;0;127920;0;0;0;0
FR;3;2021-04-22;54723;875;0;0;2827;0;0;0;0;3698570;8431;2;0;130747;0;0;0;0
FR;3;2021-04-23;70493;1095;0;0;3697;0;0;0;0;3769063;9526;2;0;134444;0;0;0;0
FR;3;2021-04-24;37253;1101;0;0;2490;0;0;0;0;3806316;10627;2;0;136934;0;0;0;0
FR;3;2021-04-25;6213;158;0;0;446;0;0;0;0;3812529;10785;2;0;137380;0;0;0;0
FR;3;2021-04-26;19792;701;0;0;1436;0;0;0;0;3832321;11486;2;0;138816;0;0;0;0
FR;3;2021-04-27;34486;1336;0;0;2594;0;0;0;0;3866807;12822;2;0;141410;0;0;0;0
FR;3;2021-04-28;28971;2047;0;0;3164;0;0;0;0;3895778;14869;2;0;144574;0;0;0;0
FR;3;2021-04-29;45394;6127;0;0;7946;0;0;0;0;3941172;20996;2;0;152520;0;0;0;0
FR;3;2021-04-30;55465;9117;1;0;11512;0;0;0;0;3996637;30113;3;0;164032;0;0;0;0
FR;3;2021-05-01;9518;2064;0;0;2495;0;0;0;0;4006155;32177;3;0;166527;0;0;0;0
FR;3;2021-05-02;3081;466;0;0;611;0;0;0;0;4009236;32643;3;0;167138;0;0;0;0
FR;3;2021-05-03;13067;3940;0;0;4507;0;0;0;0;4022303;36583;3;0;171645;0;0;0;0
FR;3;2021-05-04;23123;8374;0;0;9441;0;0;0;0;4045426;44957;3;0;181086;0;0;0;0
FR;3;2021-05-05;18768;10832;0;0;11770;0;0;0;0;4064194;55789;3;0;192856;0;0;0;0
FR;3;2021-05-06;34632;21265;0;0;22815;0;0;0;0;4098826;77054;3;0;215671;0;0;0;0
FR;3;2021-05-07;44211;28903;0;0;31206;0;0;0;0;4143037;105957;3;0;246877;0;0;0;0
FR;3;2021-05-08;6786;9190;0;0;9556;0;0;0;0;4149823;115147;3;0;256433;0;0;0;0
FR;3;2021-05-09;1797;2666;0;0;2767;0;0;0;0;4151620;117813;3;0;259200;0;0;0;0
FR;3;2021-05-10;15001;12916;0;0;13609;0;0;0;0;4166621;130729;3;0;272809;0;0;0;0
FR;3;2021-05-11;27100;26273;0;0;27546;0;0;0;0;4193721;157002;3;0;300355;0;0;0;0
FR;3;2021-05-12;17273;28147;0;0;29085;0;0;0;0;4210994;185149;3;0;329440;0;0;0;0
FR;3;2021-05-13;2285;3511;0;0;3632;0;0;0;0;4213279;188660;3;0;333072;0;0;0;0
FR;3;2021-05-14;14521;26084;0;0;26865;0;0;0;0;4227800;214744;3;0;359937;0;0;0;0
FR;3;2021-05-15;7233;21086;0;0;21516;0;0;0;0;4235033;235830;3;0;381453;0;0;0;0
FR;3;2021-05-16;977;2649;0;0;2695;0;0;0;0;4236010;238479;3;0;384148;0;0;0;0
FR;3;2021-05-17;7967;20224;0;0;20668;0;0;0;0;4243977;258703;3;0;404816;0;0;0;0
FR;3;2021-05-18;13418;30157;0;0;30919;0;0;0;0;4257395;288860;3;0;435735;0;0;0;0
FR;3;2021-05-19;9277;30525;0;0;31119;0;0;0;0;4266672;319385;3;0;466854;0;0;0;0
FR;3;2021-05-20;12809;53831;3;0;54758;0;0;0;0;4279481;373216;6;0;521612;0;0;0;0
FR;3;2021-05-21;12771;66184;2;0;67115;0;0;0;0;4292252;439400;8;0;588727;0;0;0;0
FR;3;2021-05-22;4967;33780;1;0;34163;0;0;0;0;4297219;473180;9;0;622890;0;0;0;0
FR;3;2021-05-23;651;2663;0;0;2695;0;0;0;0;4297870;475843;9;0;625585;0;0;0;0
FR;3;2021-05-24;885;4784;0;0;4828;0;0;0;0;4298755;480627;9;0;630413;0;0;0;0
FR;3;2021-05-25;5316;46737;1;0;47144;0;0;0;0;4304071;527364;10;0;677557;0;0;0;0
FR;3;2021-05-26;4982;52191;1;0;52665;0;0;0;0;4309053;579555;11;0;730222;0;0;0;0
FR;3;2021-05-27;6338;79067;3;0;79678;0;0;0;0;4315391;658622;14;0;809900;0;0;0;0
FR;3;2021-05-28;7546;100335;2;0;101141;0;0;0;0;4322937;758957;16;0;911041;0;0;0;0
FR;3;2021-05-29;3350;61184;1;0;61566;0;0;0;0;4326287;820141;17;0;972607;0;0;0;0
FR;3;2021-05-30;551;8078;0;0;8127;0;0;0;0;4326838;828219;17;0;980734;0;0;0;0
FR;3;2021-05-31;2442;35483;3;0;35749;0;0;0;0;4329280;863702;20;0;1016483;0;0;0;0
FR;3;2021-06-01;3418;64902;10;0;65354;0;0;0;0;4332698;928604;30;0;1081837;0;0;0;0
FR;3;2021-06-02;2735;58931;6;0;59266;0;0;0;0;4335433;987535;36;0;1141103;0;0;0;0
FR;3;2021-06-03;3496;87202;10;0;87741;0;0;0;0;4338929;1074737;46;0;1228844;0;0;0;0
FR;3;2021-06-04;4125;105867;22;0;106533;0;0;0;0;4343054;1180604;68;0;1335377;0;0;0;0
FR;3;2021-06-05;1983;52608;4;0;52926;0;0;0;0;4345037;1233212;72;0;1388303;0;0;0;0
FR;3;2021-06-06;511;5269;1;0;5317;0;0;0;0;4345548;1238481;73;0;1393620;0;0;0;0
FR;3;2021-06-07;1487;30716;11;0;30897;0;0;0;0;4347035;1269197;84;0;1424517;0;0;0;0
FR;3;2021-06-08;2066;47426;18;0;47772;0;0;0;0;4349101;1316623;102;0;1472289;0;0;0;0
FR;3;2021-06-09;1796;41807;13;0;42112;0;0;0;0;4350897;1358430;115;0;1514401;0;0;0;0
FR;3;2021-06-10;2261;67663;17;0;68061;0;0;0;0;4353158;1426093;132;0;1582462;0;0;0;0
FR;3;2021-06-11;2493;96636;34;0;97112;0;0;0;0;4355651;1522729;166;0;1679574;0;0;0;0
FR;3;2021-06-12;1179;40558;6;0;40790;0;0;0;0;4356830;1563287;172;0;1720364;0;0;0;0
FR;3;2021-06-13;283;3606;3;0;3641;0;0;0;0;4357113;1566893;175;0;1724005;0;0;0;0
FR;3;2021-06-14;1051;42315;17;0;42485;0;0;0;0;4358164;1609208;192;0;1766490;0;0;0;0
FR;3;2021-06-15;1379;80355;20;0;80660;0;0;0;0;4359543;1689563;212;0;1847150;0;0;0;0
FR;3;2021-06-16;1263;65506;20;0;65779;0;0;0;0;4360806;1755069;232;0;1912929;0;0;0;0
FR;3;2021-06-17;1667;102293;41;0;102679;0;0;0;0;4362473;1857362;273;0;2015608;0;0;0;0
FR;3;2021-06-18;1873;118469;63;0;118939;0;0;0;0;4364346;1975831;336;0;2134547;0;0;0;0
FR;3;2021-06-19;804;39455;22;0;39650;0;0;0;0;4365150;2015286;358;0;2174197;0;0;0;0
FR;3;2021-06-20;162;3195;0;0;3224;0;0;0;0;4365312;2018481;358;0;2177421;0;0;0;0
FR;3;2021-06-21;775;39090;16;0;39248;0;0;0;0;4366087;2057571;374;0;2216669;0;0;0;0
FR;3;2021-06-22;1065;70093;52;0;70363;0;0;0;0;4367152;2127664;426;0;2287032;0;0;0;0
FR;3;2021-06-23;946;50832;39;0;51104;0;0;0;0;4368098;2178496;465;0;2338136;0;0;0;0
FR;3;2021-06-24;1314;77297;48;0;77670;0;0;0;0;4369412;2255793;513;0;2415806;0;0;0;0
FR;3;2021-06-25;1410;90854;73;0;91287;0;0;0;0;4370822;2346647;586;0;2507093;0;0;0;0
FR;3;2021-06-26;631;33111;29;0;33303;0;0;0;0;4371453;2379758;615;0;2540396;0;0;0;0
FR;3;2021-06-27;168;3779;1;0;3803;0;0;0;0;4371621;2383537;616;0;2544199;0;0;0;0
FR;3;2021-06-28;655;29929;27;0;30123;0;0;0;0;4372276;2413466;643;0;2574322;0;0;0;0
FR;3;2021-06-29;856;56655;95;0;56899;0;0;0;0;4373132;2470121;738;0;2631221;0;0;0;0
FR;3;2021-06-30;905;45215;93;0;45483;0;0;0;0;4374037;2515336;831;0;2676704;0;0;0;0
FR;3;2021-07-01;1164;66131;108;0;66480;0;0;0;0;4375201;2581467;939;0;2743184;0;0;0;0
FR;3;2021-07-02;1305;90526;170;0;91008;0;0;0;0;4376506;2671993;1109;0;2834192;0;0;0;0
FR;3;2021-07-03;602;31185;51;0;31386;0;0;0;0;4377108;2703178;1160;0;2865578;0;0;0;0
FR;3;2021-07-04;144;3968;3;0;3998;0;0;0;0;4377252;2707146;1163;0;2869576;0;0;0;0
FR;3;2021-07-05;613;33605;60;0;33806;0;0;0;0;4377865;2740751;1223;0;2903382;0;0;0;0
FR;3;2021-07-06;965;55936;88;0;56247;0;0;0;0;4378830;2796687;1311;0;2959629;0;0;0;0
FR;3;2021-07-07;874;42964;80;0;43262;0;0;0;0;4379704;2839651;1391;0;3002891;0;0;0;0
FR;3;2021-07-08;1127;60812;99;0;61222;0;0;0;0;4380831;2900463;1490;0;3064113;0;0;0;0
FR;3;2021-07-09;1261;68940;128;0;69405;0;0;0;0;4382092;2969403;1618;0;3133518;0;0;0;0
FR;3;2021-07-10;644;25020;59;0;25217;0;0;0;0;4382736;2994423;1677;0;3158735;0;0;0;0
FR;3;2021-07-11;132;3173;4;0;3198;0;0;0;0;4382868;2997596;1681;0;3161933;0;0;0;0
FR;3;2021-07-12;662;23598;59;0;23811;0;0;0;0;4383530;3021194;1740;0;3185744;0;0;0;0
FR;3;2021-07-13;1648;34426;90;0;34916;0;0;0;0;4385178;3055620;1830;0;3220660;0;0;0;0
FR;3;2021-07-14;272;2475;2;0;2532;0;0;0;0;4385450;3058095;1832;0;3223192;0;0;0;0
FR;3;2021-07-15;1941;30416;85;0;30991;0;0;0;0;4387391;3088511;1917;0;3254183;0;0;0;0
FR;3;2021-07-16;2520;38620;122;0;39354;0;0;0;0;4389911;3127131;2039;0;3293537;0;0;0;0
FR;3;2021-07-17;1051;13724;26;0;14032;0;0;0;0;4390962;3140855;2065;0;3307569;0;0;0;0
FR;3;2021-07-18;266;2549;3;0;2597;0;0;0;0;4391228;3143404;2068;0;3310166;0;0;0;0
FR;3;2021-07-19;1280;16884;38;0;17252;0;0;0;0;4392508;3160288;2106;0;3327418;0;0;0;0
FR;3;2021-07-20;1823;26931;98;0;27472;0;0;0;0;4394331;3187219;2204;0;3354890;0;0;0;0
FR;3;2021-07-21;1652;19472;44;0;19977;0;0;0;0;4395983;3206691;2248;0;3374867;0;0;0;0
FR;3;2021-07-22;1856;27647;83;0;28212;0;0;0;0;4397839;3234338;2331;0;3403079;0;0;0;0
FR;3;2021-07-23;2217;30211;117;0;30948;0;0;0;0;4400056;3264549;2448;0;3434027;0;0;0;0
FR;3;2021-07-24;828;6928;25;0;7151;0;0;0;0;4400884;3271477;2473;0;3441178;0;0;0;0
FR;3;2021-07-25;210;1287;1;0;1342;0;0;0;0;4401094;3272764;2474;0;3442520;0;0;0;0
FR;3;2021-07-26;933;10508;28;0;10816;0;0;0;0;4402027;3283272;2502;0;3453336;0;0;0;0
FR;3;2021-07-27;1171;16802;56;0;17165;0;0;0;0;4403198;3300074;2558;0;3470501;0;0;0;0
FR;3;2021-07-28;989;11999;40;0;12311;0;0;0;0;4404187;3312073;2598;0;3482812;0;0;0;0
FR;3;2021-07-29;1127;15676;63;0;16089;0;0;0;0;4405314;3327749;2661;0;3498901;0;0;0;0
FR;3;2021-07-30;1130;17991;79;0;18366;0;0;0;0;4406444;3345740;2740;0;3517267;0;0;0;0
FR;3;2021-07-31;407;3711;15;0;3837;0;0;0;0;4406851;3349451;2755;0;3521104;0;0;0;0
FR;3;2021-08-01;117;443;1;0;465;0;0;0;0;4406968;3349894;2756;0;3521569;0;0;0;0
FR;3;2021-08-02;424;5015;22;0;5136;0;0;0;0;4407392;3354909;2778;0;3526705;0;0;0;0
FR;3;2021-08-03;498;7466;27;0;7599;0;0;0;0;4407890;3362375;2805;0;3534304;0;0;0;0
FR;3;2021-08-04;441;4831;26;0;4977;0;0;0;0;4408331;3367206;2831;0;3539281;0;0;0;0
FR;3;2021-08-05;433;3653;13;0;3763;0;0;0;0;4408764;3370859;2844;0;3543044;0;0;0;0
FR;3;2021-08-06;456;4699;30;0;4800;0;0;0;0;4409220;3375558;2874;0;3547844;0;0;0;0
FR;3;2021-08-07;214;1900;11;0;1946;0;0;0;0;4409434;3377458;2885;0;3549790;0;0;0;0
FR;3;2021-08-08;251;423;2;0;456;0;0;0;0;4409685;3377881;2887;0;3550246;0;0;0;0
FR;3;2021-08-09;320;2377;11;0;2447;0;0;0;0;4410005;3380258;2898;0;3552693;0;0;0;0
FR;3;2021-08-10;369;3735;15;0;3823;0;0;0;0;4410374;3383993;2913;0;3556516;0;0;0;0
FR;3;2021-08-11;291;2640;15;0;2700;0;0;0;0;4410665;3386633;2928;0;3559216;0;0;0;0
FR;3;2021-08-12;279;2563;13;0;2651;0;0;0;0;4410944;3389196;2941;0;3561867;0;0;0;0
FR;3;2021-08-13;279;2254;16;0;2340;0;0;0;0;4411223;3391450;2957;0;3564207;0;0;0;0
FR;3;2021-08-14;172;874;1;0;905;0;0;0;0;4411395;3392324;2958;0;3565112;0;0;0;0
FR;3;2021-08-15;56;174;0;0;183;0;0;0;0;4411451;3392498;2958;0;3565295;0;0;0;0
FR;3;2021-08-16;126;1003;8;0;1042;0;0;0;0;4411577;3393501;2966;0;3566337;0;0;0;0
FR;3;2021-08-17;191;1430;8;0;1471;0;0;0;0;4411768;3394931;2974;0;3567808;0;0;0;0
FR;3;2021-08-18;205;1309;10;0;1351;0;0;0;0;4411973;3396240;2984;0;3569159;0;0;0;0
FR;3;2021-08-19;165;1373;10;0;1420;0;0;0;0;4412138;3397613;2994;0;3570579;0;0;0;0
FR;3;2021-08-20;167;1595;16;0;1657;0;0;0;0;4412305;3399208;3010;0;3572236;0;0;0;0
FR;3;2021-08-21;94;576;2;0;591;0;0;0;0;4412399;3399784;3012;0;3572827;0;0;0;0
FR;3;2021-08-22;42;192;1;0;195;0;0;0;0;4412441;3399976;3013;0;3573022;0;0;0;0
FR;3;2021-08-23;141;885;7;0;930;0;0;0;0;4412582;3400861;3020;0;3573952;0;0;0;0
FR;3;2021-08-24;125;923;10;0;955;0;0;0;0;4412707;3401784;3030;0;3574907;0;0;0;0
FR;3;2021-08-25;137;820;3;0;849;0;0;0;0;4412844;3402604;3033;0;3575756;0;0;0;0
FR;3;2021-08-26;172;824;9;0;872;0;0;0;0;4413016;3403428;3042;0;3576628;0;0;0;0
FR;3;2021-08-27;178;937;9;0;989;0;0;0;0;4413194;3404365;3051;0;3577617;0;0;0;0
FR;3;2021-08-28;101;374;4;0;391;0;0;0;0;4413295;3404739;3055;0;3578008;0;0;0;0
FR;3;2021-08-29;128;129;1;0;162;0;0;0;0;4413423;3404868;3056;0;3578170;0;0;0;0
FR;3;2021-08-30;100;560;0;0;469;108;0;0;0;4413523;3405428;3056;0;3578639;108;0;0;0
FR;3;2021-08-31;134;682;7;0;587;134;0;0;0;4413657;3406110;3063;0;3579226;242;0;0;0
FR;3;2021-09-01;122;461;5;0;383;106;0;0;0;4413779;3406571;3068;0;3579609;348;0;0;0
FR;3;2021-09-02;100;595;22;0;531;105;0;0;0;4413879;3407166;3090;0;3580140;453;0;0;0
FR;3;2021-09-03;116;552;17;0;477;116;0;0;0;4413995;3407718;3107;0;3580617;569;0;0;0
FR;3;2021-09-04;55;295;3;0;256;50;0;0;0;4414050;3408013;3110;0;3580873;619;0;0;0
FR;3;2021-09-05;52;65;5;0;55;25;0;0;0;4414102;3408078;3115;0;3580928;644;0;0;0
FR;3;2021-09-06;118;367;4;0;261;130;0;0;0;4414220;3408445;3119;0;3581189;774;0;0;0
FR;3;2021-09-07;125;431;14;0;347;116;0;0;0;4414345;3408876;3133;0;3581536;890;0;0;0
FR;3;2021-09-08;122;344;2;0;274;87;0;0;0;4414467;3409220;3135;0;3581810;977;0;0;0
FR;3;2021-09-09;94;378;8;0;298;103;0;0;0;4414561;3409598;3143;0;3582108;1080;0;0;0
FR;3;2021-09-10;101;402;3;0;332;93;0;0;0;4414662;3410000;3146;0;3582440;1173;0;0;0
FR;3;2021-09-11;79;232;4;0;177;65;0;0;0;4414741;3410232;3150;0;3582617;1238;0;0;0
FR;3;2021-09-12;37;49;1;0;38;16;0;0;0;4414778;3410281;3151;0;3582655;1254;0;0;0
FR;3;2021-09-13;78;298;7;0;215;102;1;0;0;4414856;3410579;3158;0;3582870;1356;1;0;0
FR;3;2021-09-14;75;271;6;0;191;94;0;0;0;4414931;3410850;3164;0;3583061;1450;1;0;0
FR;3;2021-09-15;64;252;3;0;257;6;0;0;0;4414995;3411102;3167;0;3583318;1456;1;0;0
FR;3;2021-09-16;65;320;6;0;331;6;0;0;0;4415060;3411422;3173;0;3583649;1462;1;0;0
FR;3;2021-09-17;52;327;3;0;339;6;0;0;0;4415112;3411749;3176;0;3583988;1468;1;0;0
FR;3;2021-09-18;37;172;1;0;176;1;0;0;0;4415149;3411921;3177;0;3584164;1469;1;0;0
FR;3;2021-09-19;29;31;2;0;34;1;0;0;0;4415178;3411952;3179;0;3584198;1470;1;0;0
FR;3;2021-09-20;82;188;0;0;196;1;0;0;0;4415260;3412140;3179;0;3584394;1471;1;0;0
FR;3;2021-09-21;60;273;7;0;277;8;0;0;0;4415320;3412413;3186;0;3584671;1479;1;0;0
FR;3;2021-09-22;67;229;6;0;242;7;0;0;0;4415387;3412642;3192;0;3584913;1486;1;0;0
FR;3;2021-09-23;37;257;11;0;261;7;0;0;0;4415424;3412899;3203;0;3585174;1493;1;0;0
FR;3;2021-09-24;29;315;12;0;313;18;0;0;0;4415453;3413214;3215;0;3585487;1511;1;0;0
FR;3;2021-09-25;31;144;3;0;150;3;0;0;0;4415484;3413358;3218;0;3585637;1514;1;0;0
FR;3;2021-09-26;16;57;1;0;59;1;0;0;0;4415500;3413415;3219;0;3585696;1515;1;0;0
FR;3;2021-09-27;49;282;3;0;285;5;0;0;0;4415549;3413697;3222;0;3585981;1520;1;0;0
FR;3;2021-09-28;49;245;6;0;253;8;0;0;0;4415598;3413942;3228;0;3586234;1528;1;0;0
FR;3;2021-09-29;40;218;10;0;222;15;0;0;0;4415638;3414160;3238;0;3586456;1543;1;0;0
FR;3;2021-09-30;40;200;8;0;204;11;0;0;0;4415678;3414360;3246;0;3586660;1554;1;0;0
FR;3;2021-10-01;23;159;6;0;161;8;0;0;0;4415701;3414519;3252;0;3586821;1562;1;0;0
FR;3;2021-10-02;17;88;0;0;89;0;0;0;0;4415718;3414607;3252;0;3586910;1562;1;0;0
FR;3;2021-10-03;19;19;1;0;19;2;0;0;0;4415737;3414626;3253;0;3586929;1564;1;0;0
FR;3;2021-10-04;33;157;4;0;162;4;0;0;0;4415770;3414783;3257;0;3587091;1568;1;0;0
FR;3;2021-10-05;17;148;10;0;153;12;0;0;0;4415787;3414931;3267;0;3587244;1580;1;0;0
FR;3;2021-10-06;34;145;9;0;153;10;0;0;0;4415821;3415076;3276;0;3587397;1590;1;0;0
FR;3;2021-10-07;20;132;6;0;130;6;0;0;0;4415841;3415208;3282;0;3587527;1596;1;0;0
FR;3;2021-10-08;25;136;10;0;141;9;0;0;0;4415866;3415344;3292;0;3587668;1605;1;0;0
FR;3;2021-10-09;17;72;1;0;73;1;0;0;0;4415883;3415416;3293;0;3587741;1606;1;0;0
FR;3;2021-10-10;13;17;2;0;16;3;0;0;0;4415896;3415433;3295;0;3587757;1609;1;0;0
FR;3;2021-10-11;17;117;4;0;122;5;0;0;0;4415913;3415550;3299;0;3587879;1614;1;0;0
FR;3;2021-10-12;22;99;6;0;99;6;0;0;0;4415935;3415649;3305;0;3587978;1620;1;0;0
FR;3;2021-10-13;25;114;9;0;121;7;0;0;0;4415960;3415763;3314;0;3588099;1627;1;0;0
FR;3;2021-10-14;19;138;3;0;139;4;0;0;0;4415979;3415901;3317;0;3588238;1631;1;0;0
FR;3;2021-10-15;24;139;8;0;138;13;0;0;0;4416003;3416040;3325;0;3588376;1644;1;0;0
FR;3;2021-10-16;13;66;6;0;65;8;0;0;0;4416016;3416106;3331;0;3588441;1652;1;0;0
FR;3;2021-10-17;13;24;0;0;26;0;0;0;0;4416029;3416130;3331;0;3588467;1652;1;0;0
FR;3;2021-10-18;18;112;2;0;117;2;0;0;0;4416047;3416242;3333;0;3588584;1654;1;0;0
FR;3;2021-10-19;18;112;19;0;113;21;0;0;0;4416065;3416354;3352;0;3588697;1675;1;0;0
FR;3;2021-10-20;27;124;6;0;126;7;0;0;0;4416092;3416478;3358;0;3588823;1682;1;0;0
FR;3;2021-10-21;28;120;17;0;120;13;0;0;0;4416120;3416598;3375;0;3588943;1695;1;0;0
FR;3;2021-10-22;25;103;18;0;102;21;0;0;0;4416145;3416701;3393;0;3589045;1716;1;0;0
FR;3;2021-10-23;17;53;3;0;53;2;0;0;0;4416162;3416754;3396;0;3589098;1718;1;0;0
FR;3;2021-10-24;7;36;0;0;34;0;0;0;0;4416169;3416790;3396;0;3589132;1718;1;0;0
FR;3;2021-10-25;27;141;7;0;145;7;0;0;0;4416196;3416931;3403;0;3589277;1725;1;0;0
FR;3;2021-10-26;25;96;22;0;93;19;0;0;0;4416221;3417027;3425;0;3589370;1744;1;0;0
FR;3;2021-10-27;19;91;9;0;93;9;0;0;0;4416240;3417118;3434;0;3589463;1753;1;0;0
FR;3;2021-10-28;23;114;33;0;111;36;0;0;0;4416263;3417232;3467;0;3589574;1789;1;0;0
FR;3;2021-10-29;12;98;64;0;92;54;0;0;0;4416275;3417330;3531;0;3589666;1843;1;0;0
FR;3;2021-10-30;11;62;11;1;62;10;0;0;0;4416286;3417392;3542;1;3589728;1853;1;0;0
FR;3;2021-10-31;8;25;1;0;25;1;0;0;0;4416294;3417417;3543;1;3589753;1854;1;0;0
FR;3;2021-11-01;11;22;2;0;23;1;0;0;0;4416305;3417439;3545;1;3589776;1855;1;0;0
FR;3;2021-11-02;11;100;10;0;100;12;0;0;0;4416316;3417539;3555;1;3589876;1867;1;0;0
FR;3;2021-11-03;22;105;10;0;113;10;0;0;0;4416338;3417644;3565;1;3589989;1877;1;0;0
FR;3;2021-11-04;20;88;6;0;93;5;0;0;0;4416358;3417732;3571;1;3590082;1882;1;0;0
FR;3;2021-11-05;19;119;9;1;125;6;1;0;0;4416377;3417851;3580;2;3590207;1888;2;0;0
FR;3;2021-11-06;11;54;3;0;56;3;0;0;0;4416388;3417905;3583;2;3590263;1891;2;0;0
FR;3;2021-11-07;6;23;1;0;24;1;0;0;0;4416394;3417928;3584;2;3590287;1892;2;0;0
FR;3;2021-11-08;12;124;7;0;129;5;0;0;0;4416406;3418052;3591;2;3590416;1897;2;0;0
FR;3;2021-11-09;15;123;6;0;125;6;0;0;0;4416421;3418175;3597;2;3590541;1903;2;0;0
FR;3;2021-11-10;15;130;15;0;128;16;0;0;0;4416436;3418305;3612;2;3590669;1919;2;0;0
FR;3;2021-11-11;12;49;3;0;51;3;0;0;0;4416448;3418354;3615;2;3590720;1922;2;0;0
FR;3;2021-11-12;15;126;6;0;128;5;0;0;0;4416463;3418480;3621;2;3590848;1927;2;0;0
FR;3;2021-11-13;7;66;9;0;61;10;0;0;0;4416470;3418546;3630;2;3590909;1937;2;0;0
FR;3;2021-11-14;3;24;1;0;24;1;0;0;0;4416473;3418570;3631;2;3590933;1938;2;0;0
FR;3;2021-11-15;7;161;11;0;158;12;0;0;0;4416480;3418731;3642;2;3591091;1950;2;0;0
FR;3;2021-11-16;9;125;11;0;120;10;0;0;0;4416489;3418856;3653;2;3591211;1960;2;0;0
FR;3;2021-11-17;8;134;11;0;135;8;0;0;0;4416497;3418990;3664;2;3591346;1968;2;0;0
FR;3;2021-11-18;16;131;10;0;132;11;0;0;0;4416513;3419121;3674;2;3591478;1979;2;0;0
FR;3;2021-11-19;12;178;23;0;173;28;0;0;0;4416525;3419299;3697;2;3591651;2007;2;0;0
FR;3;2021-11-20;6;101;6;0;102;6;0;0;0;4416531;3419400;3703;2;3591753;2013;2;0;0
FR;3;2021-11-21;3;24;4;0;23;4;0;0;0;4416534;3419424;3707;2;3591776;2017;2;0;0
FR;3;2021-11-22;11;185;11;0;185;11;0;0;0;4416545;3419609;3718;2;3591961;2028;2;0;0
FR;3;2021-11-23;10;180;16;0;178;15;0;0;0;4416555;3419789;3734;2;3592139;2043;2;0;0
FR;3;2021-11-24;11;180;9;0;172;17;0;0;0;4416566;3419969;3743;2;3592311;2060;2;0;0
FR;3;2021-11-25;12;197;11;0;196;11;0;0;0;4416578;3420166;3754;2;3592507;2071;2;0;0
FR;3;2021-11-26;10;251;35;0;250;33;1;0;0;4416588;3420417;3789;2;3592757;2104;3;0;0
FR;3;2021-11-27;8;124;20;0;123;21;0;0;0;4416596;3420541;3809;2;3592880;2125;3;0;0
FR;3;2021-11-28;3;56;7;0;57;7;0;0;0;4416599;3420597;3816;2;3592937;2132;3;0;0
FR;3;2021-11-29;5;214;22;0;209;23;1;0;0;4416604;3420811;3838;2;3593146;2155;4;0;0
FR;3;2021-11-30;9;281;31;0;280;33;1;0;0;4416613;3421092;3869;2;3593426;2188;5;0;0
FR;3;2021-12-01;30;315;39;0;313;41;2;0;0;4416643;3421407;3908;2;3593739;2229;7;0;0
FR;3;2021-12-02;9;337;33;0;333;36;0;0;0;4416652;3421744;3941;2;3594072;2265;7;0;0
FR;3;2021-12-03;6;364;37;0;360;38;0;0;0;4416658;3422108;3978;2;3594432;2303;7;0;0
FR;3;2021-12-04;3;201;26;0;197;28;0;0;0;4416661;3422309;4004;2;3594629;2331;7;0;0
FR;3;2021-12-05;1;61;5;0;61;5;0;0;0;4416662;3422370;4009;2;3594690;2336;7;0;0
FR;3;2021-12-06;7;348;14;0;347;15;0;0;0;4416669;3422718;4023;2;3595037;2351;7;0;0
FR;3;2021-12-07;6;410;20;0;404;24;1;0;0;4416675;3423128;4043;2;3595441;2375;8;0;0
FR;3;2021-12-08;8;375;29;0;367;30;1;0;0;4416683;3423503;4072;2;3595808;2405;9;0;0
FR;3;2021-12-09;3;423;17;0;410;22;1;0;0;4416686;3423926;4089;2;3596218;2427;10;0;0
FR;3;2021-12-10;10;443;29;0;440;25;0;0;0;4416696;3424369;4118;2;3596658;2452;10;0;0
FR;3;2021-12-11;4;299;10;0;296;9;2;0;0;4416700;3424668;4128;2;3596954;2461;12;0;0
FR;3;2021-12-12;1;96;3;0;96;3;0;0;0;4416701;3424764;4131;2;3597050;2464;12;0;0
FR;3;2021-12-13;2;432;19;0;426;21;0;0;0;4416703;3425196;4150;2;3597476;2485;12;0;0
FR;3;2021-12-14;8;550;18;0;538;21;1;0;0;4416711;3425746;4168;2;3598014;2506;13;0;0
FR;3;2021-12-15;10;521;17;0;508;21;0;0;0;4416721;3426267;4185;2;3598522;2527;13;0;0
FR;3;2021-12-16;10;526;19;0;520;18;3;0;0;4416731;3426793;4204;2;3599042;2545;16;0;0
FR;3;2021-12-17;5;592;18;0;588;19;0;0;0;4416736;3427385;4222;2;3599630;2564;16;0;0
FR;3;2021-12-18;5;343;4;0;337;5;1;0;0;4416741;3427728;4226;2;3599967;2569;17;0;0
FR;3;2021-12-19;3;176;2;0;174;2;0;0;0;4416744;3427904;4228;2;3600141;2571;17;0;0
FR;3;2021-12-20;10;566;23;0;560;28;0;0;0;4416754;3428470;4251;2;3600701;2599;17;0;0
FR;3;2021-12-21;5;660;10;0;652;13;2;0;0;4416759;3429130;4261;2;3601353;2612;19;0;0
FR;3;2021-12-22;10;612;9;0;606;10;1;0;0;4416769;3429742;4270;2;3601959;2622;20;0;0
FR;3;2021-12-23;4;536;8;0;534;8;0;0;0;4416773;3430278;4278;2;3602493;2630;20;0;0
FR;3;2021-12-24;2;233;3;0;228;6;0;0;0;4416775;3430511;4281;2;3602721;2636;20;0;0
FR;3;2021-12-25;0;24;0;0;24;0;0;0;0;4416775;3430535;4281;2;3602745;2636;20;0;0
FR;3;2021-12-26;0;87;1;0;87;1;0;0;0;4416775;3430622;4282;2;3602832;2637;20;0;0
FR;3;2021-12-27;7;456;17;0;453;20;1;0;0;4416782;3431078;4299;2;3603285;2657;21;0;0
FR;3;2021-12-28;3;570;6;0;569;5;0;0;0;4416785;3431648;4305;2;3603854;2662;21;0;0
FR;3;2021-12-29;5;487;14;0;482;16;0;0;0;4416790;3432135;4319;2;3604336;2678;21;0;0
FR;3;2021-12-30;3;517;7;0;510;10;2;0;0;4416793;3432652;4326;2;3604846;2688;23;0;0
FR;3;2021-12-31;0;182;5;0;178;7;0;0;0;4416793;3432834;4331;2;3605024;2695;23;0;0
FR;3;2022-01-01;0;26;0;0;24;2;0;0;0;4416793;3432860;4331;2;3605048;2697;23;0;0
FR;3;2022-01-02;0;76;0;0;76;0;0;0;0;4416793;3432936;4331;2;3605124;2697;23;0;0
FR;3;2022-01-03;5;489;17;0;479;21;3;0;0;4416798;3433425;4348;2;3605603;2718;26;0;0
FR;3;2022-01-04;7;535;9;0;534;8;0;0;0;4416805;3433960;4357;2;3606137;2726;26;0;0
FR;3;2022-01-05;5;487;10;0;479;14;1;0;0;4416810;3434447;4367;2;3606616;2740;27;0;0
FR;3;2022-01-06;6;464;9;0;459;10;1;0;0;4416816;3434911;4376;2;3607075;2750;28;0;0
FR;3;2022-01-07;2;489;11;0;483;13;1;0;1;4416818;3435400;4387;2;3607558;2763;29;0;1
FR;3;2022-01-08;6;251;4;0;248;5;0;0;0;4416824;3435651;4391;2;3607806;2768;29;0;1
FR;3;2022-01-09;0;116;0;0;116;0;0;0;0;4416824;3435767;4391;2;3607922;2768;29;0;1
FR;3;2022-01-10;2;421;12;0;419;12;0;0;0;4416826;3436188;4403;2;3608341;2780;29;0;1
FR;3;2022-01-11;3;456;1;0;455;1;0;0;0;4416829;3436644;4404;2;3608796;2781;29;0;1
FR;3;2022-01-12;4;393;9;0;390;10;2;0;0;4416833;3437037;4413;2;3609186;2791;31;0;1
FR;3;2022-01-13;3;382;11;0;380;12;1;0;0;4416836;3437419;4424;2;3609566;2803;32;0;1
FR;3;2022-01-14;4;420;10;0;414;13;1;0;0;4416840;3437839;4434;2;3609980;2816;33;0;1
FR;3;2022-01-15;0;275;2;0;271;3;0;0;0;4416840;3438114;4436;2;3610251;2819;33;0;1
FR;3;2022-01-16;1;108;1;0;106;1;1;0;0;4416841;3438222;4437;2;3610357;2820;34;0;1
FR;3;2022-01-17;2;318;8;0;315;9;1;0;0;4416843;3438540;4445;2;3610672;2829;35;0;1
FR;3;2022-01-18;2;358;1;0;354;2;1;0;0;4416845;3438898;4446;2;3611026;2831;36;0;1
FR;3;2022-01-19;2;322;5;0;316;10;0;0;0;4416847;3439220;4451;2;3611342;2841;36;0;1
FR;3;2022-01-20;1;351;5;0;350;3;2;0;0;4416848;3439571;4456;2;3611692;2844;38;0;1
FR;3;2022-01-21;4;337;5;0;331;7;2;0;0;4416852;3439908;4461;2;3612023;2851;40;0;1
FR;3;2022-01-22;2;218;1;0;214;2;3;0;0;4416854;3440126;4462;2;3612237;2853;43;0;1
FR;3;2022-01-23;0;77;0;0;75;1;1;0;0;4416854;3440203;4462;2;3612312;2854;44;0;1
FR;3;2022-01-24;3;316;1;0;308;6;2;0;0;4416857;3440519;4463;2;3612620;2860;46;0;1
FR;3;2022-01-25;0;171;0;0;168;0;1;0;0;4416857;3440690;4463;2;3612788;2860;47;0;1
FR;3;2022-01-26;0;77;0;0;77;0;0;0;0;4416857;3440767;4463;2;3612865;2860;47;0;1
FR;3;2022-01-27;0;52;0;0;52;0;0;0;0;4416857;3440819;4463;2;3612917;2860;47;0;1
FR;3;2022-01-28;0;115;0;0;114;0;0;0;0;4416857;3440934;4463;2;3613031;2860;47;0;1
FR;3;2022-01-29;0;97;0;0;97;0;0;0;0;4416857;3441031;4463;2;3613128;2860;47;0;1
FR;3;2022-01-30;0;50;0;0;50;0;0;0;0;4416857;3441081;4463;2;3613178;2860;47;0;1
FR;3;2022-01-31;0;91;0;0;91;0;0;0;0;4416857;3441172;4463;2;3613269;2860;47;0;1
FR;3;2022-02-01;0;98;0;0;96;1;0;0;0;4416857;3441270;4463;2;3613365;2861;47;0;1
FR;3;2022-02-02;0;85;0;0;83;0;0;0;0;4416857;3441355;4463;2;3613448;2861;47;0;1
FR;3;2022-02-03;0;91;0;0;89;0;0;0;0;4416857;3441446;4463;2;3613537;2861;47;0;1
FR;3;2022-02-04;0;113;0;0;110;0;1;0;0;4416857;3441559;4463;2;3613647;2861;48;0;1
FR;3;2022-02-05;0;68;0;0;68;0;0;0;0;4416857;3441627;4463;2;3613715;2861;48;0;1
FR;3;2022-02-06;0;10;0;0;10;0;0;0;0;4416857;3441637;4463;2;3613725;2861;48;0;1
FR;3;2022-02-07;0;75;0;0;75;0;0;0;0;4416857;3441712;4463;2;3613800;2861;48;0;1
FR;3;2022-02-08;0;0;0;0;0;0;0;0;0;4416857;3441712;4463;2;3613800;2861;48;0;1
FR;3;2022-02-09;0;0;0;0;0;0;0;0;0;4416857;3441712;4463;2;3613800;2861;48;0;1
FR;3;2022-02-10;0;0;0;0;0;0;0;0;0;4416857;3441712;4463;2;3613800;2861;48;0;1
FR;3;2022-02-11;0;0;0;0;0;0;0;0;0;4416857;3441712;4463;2;3613800;2861;48;0;1
FR;3;2022-02-12;0;0;0;0;0;0;0;0;0;4416857;3441712;4463;2;3613800;2861;48;0;1
FR;3;2022-02-13;0;0;0;0;0;0;0;0;0;4416857;3441712;4463;2;3613800;2861;48;0;1
FR;3;2022-02-14;0;0;0;0;0;0;0;0;0;4416857;3441712;4463;2;3613800;2861;48;0;1
FR;3;2022-02-15;0;0;0;0;0;0;0;0;0;4416857;3441712;4463;2;3613800;2861;48;0;1
FR;3;2022-02-16;0;0;0;0;0;0;0;0;0;4416857;3441712;4463;2;3613800;2861;48;0;1
FR;3;2022-02-17;0;0;0;0;0;0;0;0;0;4416857;3441712;4463;2;3613800;2861;48;0;1
FR;3;2022-02-18;0;0;0;0;0;0;0;0;0;4416857;3441712;4463;2;3613800;2861;48;0;1
FR;3;2022-02-19;0;0;0;0;0;0;0;0;0;4416857;3441712;4463;2;3613800;2861;48;0;1
FR;3;2022-02-20;0;0;0;0;0;0;0;0;0;4416857;3441712;4463;2;3613800;2861;48;0;1
FR;3;2022-02-21;2;0;0;0;0;0;0;0;0;4416859;3441712;4463;2;3613800;2861;48;0;1
FR;3;2022-02-22;0;0;0;0;0;0;0;0;0;4416859;3441712;4463;2;3613800;2861;48;0;1
FR;3;2022-02-23;0;0;0;0;0;0;0;0;0;4416859;3441712;4463;2;3613800;2861;48;0;1
FR;3;2022-02-24;0;0;0;0;0;0;0;0;0;4416859;3441712;4463;2;3613800;2861;48;0;1
FR;3;2022-02-25;0;0;0;0;0;0;0;0;0;4416859;3441712;4463;2;3613800;2861;48;0;1
FR;3;2022-02-26;0;0;0;0;0;0;0;0;0;4416859;3441712;4463;2;3613800;2861;48;0;1
FR;3;2022-02-27;0;0;0;0;0;0;0;0;0;4416859;3441712;4463;2;3613800;2861;48;0;1
FR;3;2022-02-28;1;0;0;0;0;0;0;0;0;4416860;3441712;4463;2;3613800;2861;48;0;1
FR;3;2022-03-01;1;0;0;0;0;0;0;0;0;4416861;3441712;4463;2;3613800;2861;48;0;1
FR;3;2022-03-02;0;0;0;0;0;0;0;0;0;4416861;3441712;4463;2;3613800;2861;48;0;1
FR;3;2022-03-03;0;0;0;0;0;0;0;0;0;4416861;3441712;4463;2;3613800;2861;48;0;1
FR;3;2022-03-04;0;0;0;0;0;0;0;0;0;4416861;3441712;4463;2;3613800;2861;48;0;1
FR;3;2022-03-05;0;0;0;0;0;0;0;0;0;4416861;3441712;4463;2;3613800;2861;48;0;1
FR;3;2022-03-06;1;0;0;0;0;0;0;0;0;4416862;3441712;4463;2;3613800;2861;48;0;1
FR;3;2022-03-07;0;0;0;0;0;0;0;0;0;4416862;3441712;4463;2;3613800;2861;48;0;1
FR;3;2022-03-08;1;0;0;0;0;0;0;0;0;4416863;3441712;4463;2;3613800;2861;48;0;1
FR;3;2022-03-09;0;0;0;0;0;0;0;0;0;4416863;3441712;4463;2;3613800;2861;48;0;1
FR;3;2022-03-10;0;0;0;0;0;0;0;0;0;4416863;3441712;4463;2;3613800;2861;48;0;1
FR;3;2022-03-11;0;0;0;0;0;0;0;0;0;4416863;3441712;4463;2;3613800;2861;48;0;1
FR;3;2022-03-12;0;0;0;0;0;0;0;0;0;4416863;3441712;4463;2;3613800;2861;48;0;1
FR;3;2022-03-13;0;0;0;0;0;0;0;0;0;4416863;3441712;4463;2;3613800;2861;48;0;1
FR;3;2022-03-14;0;0;0;0;0;0;0;0;0;4416863;3441712;4463;2;3613800;2861;48;0;1
FR;3;2022-03-15;0;0;0;0;0;0;0;0;0;4416863;3441712;4463;2;3613800;2861;48;0;1
FR;3;2022-03-16;0;0;0;0;0;0;0;0;0;4416863;3441712;4463;2;3613800;2861;48;0;1
FR;3;2022-03-17;0;0;0;0;0;0;0;0;0;4416863;3441712;4463;2;3613800;2861;48;0;1
FR;3;2022-03-18;0;0;0;0;0;0;0;0;0;4416863;3441712;4463;2;3613800;2861;48;0;1
FR;3;2022-03-19;0;0;0;0;0;0;0;0;0;4416863;3441712;4463;2;3613800;2861;48;0;1
FR;3;2022-03-20;1;0;0;0;0;0;0;0;0;4416864;3441712;4463;2;3613800;2861;48;0;1
FR;3;2022-03-21;0;0;0;0;0;0;0;0;0;4416864;3441712;4463;2;3613800;2861;48;0;1
FR;3;2022-03-22;0;0;0;0;0;0;0;0;0;4416864;3441712;4463;2;3613800;2861;48;0;1
FR;3;2022-03-23;1;0;0;0;0;0;0;0;0;4416865;3441712;4463;2;3613800;2861;48;0;1
FR;3;2022-03-24;0;0;0;0;0;0;0;0;0;4416865;3441712;4463;2;3613800;2861;48;0;1
FR;3;2022-03-25;1;0;0;0;0;0;0;0;0;4416866;3441712;4463;2;3613800;2861;48;0;1
FR;3;2022-03-26;0;0;0;0;0;0;0;0;0;4416866;3441712;4463;2;3613800;2861;48;0;1
FR;3;2022-03-27;0;0;0;0;0;0;0;0;0;4416866;3441712;4463;2;3613800;2861;48;0;1
FR;3;2022-03-28;0;0;0;0;0;0;0;0;0;4416866;3441712;4463;2;3613800;2861;48;0;1
FR;3;2022-03-29;0;0;0;0;0;0;0;0;0;4416866;3441712;4463;2;3613800;2861;48;0;1
FR;3;2022-03-30;0;0;0;0;0;0;0;0;0;4416866;3441712;4463;2;3613800;2861;48;0;1
FR;3;2022-03-31;0;0;0;0;0;0;0;0;0;4416866;3441712;4463;2;3613800;2861;48;0;1
FR;3;2022-04-01;0;0;0;0;0;0;0;0;0;4416866;3441712;4463;2;3613800;2861;48;0;1
FR;3;2022-04-02;0;0;0;0;0;0;0;0;0;4416866;3441712;4463;2;3613800;2861;48;0;1
FR;3;2022-04-03;0;0;0;0;0;0;0;0;0;4416866;3441712;4463;2;3613800;2861;48;0;1
FR;3;2022-04-04;0;0;0;0;0;0;0;0;0;4416866;3441712;4463;2;3613800;2861;48;0;1
FR;3;2022-04-05;0;0;0;0;0;0;0;0;0;4416866;3441712;4463;2;3613800;2861;48;0;1
FR;3;2022-04-06;0;0;0;0;0;0;0;0;0;4416866;3441712;4463;2;3613800;2861;48;0;1
FR;3;2022-04-07;0;0;0;0;0;0;0;0;0;4416866;3441712;4463;2;3613800;2861;48;0;1
FR;3;2022-04-08;0;0;0;0;0;0;0;0;0;4416866;3441712;4463;2;3613800;2861;48;0;1
FR;3;2022-04-09;0;0;0;0;0;0;0;0;0;4416866;3441712;4463;2;3613800;2861;48;0;1
FR;3;2022-04-10;0;0;0;0;0;0;0;0;0;4416866;3441712;4463;2;3613800;2861;48;0;1
FR;3;2022-04-11;0;0;0;0;0;0;0;0;0;4416866;3441712;4463;2;3613800;2861;48;0;1
FR;3;2022-04-12;0;0;0;0;0;0;0;0;0;4416866;3441712;4463;2;3613800;2861;48;0;1
FR;3;2022-04-13;0;0;0;0;0;0;0;0;0;4416866;3441712;4463;2;3613800;2861;48;0;1
FR;3;2022-04-14;0;0;0;0;0;0;0;0;0;4416866;3441712;4463;2;3613800;2861;48;0;1
FR;3;2022-04-15;1;0;0;0;0;0;0;0;0;4416867;3441712;4463;2;3613800;2861;48;0;1
FR;3;2022-04-16;0;0;0;0;0;0;0;0;0;4416867;3441712;4463;2;3613800;2861;48;0;1
FR;3;2022-04-17;0;0;0;0;0;0;0;0;0;4416867;3441712;4463;2;3613800;2861;48;0;1
FR;3;2022-04-18;0;0;0;0;0;0;0;0;0;4416867;3441712;4463;2;3613800;2861;48;0;1
FR;3;2022-04-19;0;0;0;0;0;0;0;0;0;4416867;3441712;4463;2;3613800;2861;48;0;1
FR;3;2022-04-20;0;0;0;0;0;0;0;0;0;4416867;3441712;4463;2;3613800;2861;48;0;1
FR;3;2022-04-21;0;0;0;0;0;0;0;0;0;4416867;3441712;4463;2;3613800;2861;48;0;1
FR;3;2022-04-22;0;0;0;0;0;0;0;0;0;4416867;3441712;4463;2;3613800;2861;48;0;1
FR;3;2022-04-23;0;0;0;0;0;0;0;0;0;4416867;3441712;4463;2;3613800;2861;48;0;1
FR;3;2022-04-24;0;0;0;0;0;0;0;0;0;4416867;3441712;4463;2;3613800;2861;48;0;1
FR;3;2022-04-25;0;0;0;0;0;0;0;0;0;4416867;3441712;4463;2;3613800;2861;48;0;1
FR;3;2022-04-26;0;0;0;0;0;0;0;0;0;4416867;3441712;4463;2;3613800;2861;48;0;1
FR;3;2022-04-27;0;0;0;0;0;0;0;0;0;4416867;3441712;4463;2;3613800;2861;48;0;1
FR;3;2022-04-28;0;0;0;0;0;0;0;0;0;4416867;3441712;4463;2;3613800;2861;48;0;1
FR;3;2022-04-29;0;0;0;0;0;0;0;0;0;4416867;3441712;4463;2;3613800;2861;48;0;1
FR;3;2022-04-30;0;0;0;0;0;0;0;0;0;4416867;3441712;4463;2;3613800;2861;48;0;1
FR;3;2022-05-01;0;0;0;0;0;0;0;0;0;4416867;3441712;4463;2;3613800;2861;48;0;1
FR;3;2022-05-02;0;0;0;0;0;0;0;0;0;4416867;3441712;4463;2;3613800;2861;48;0;1
FR;3;2022-05-03;0;0;0;0;0;0;0;0;0;4416867;3441712;4463;2;3613800;2861;48;0;1
FR;3;2022-05-04;0;0;0;0;0;0;0;0;0;4416867;3441712;4463;2;3613800;2861;48;0;1
FR;3;2022-05-05;0;0;0;0;0;0;0;0;0;4416867;3441712;4463;2;3613800;2861;48;0;1
FR;3;2022-05-06;0;0;0;0;0;0;0;0;0;4416867;3441712;4463;2;3613800;2861;48;0;1
FR;3;2022-05-07;0;0;0;0;0;0;0;0;0;4416867;3441712;4463;2;3613800;2861;48;0;1
FR;3;2022-05-08;0;0;0;0;0;0;0;0;0;4416867;3441712;4463;2;3613800;2861;48;0;1
FR;3;2022-05-09;0;0;0;0;0;0;0;0;0;4416867;3441712;4463;2;3613800;2861;48;0;1
FR;3;2022-05-10;0;0;0;0;0;0;0;0;0;4416867;3441712;4463;2;3613800;2861;48;0;1
FR;3;2022-05-11;0;0;0;0;0;0;0;0;0;4416867;3441712;4463;2;3613800;2861;48;0;1
FR;3;2022-05-12;0;0;0;0;0;0;0;0;0;4416867;3441712;4463;2;3613800;2861;48;0;1
FR;3;2022-05-13;0;0;0;0;0;0;0;0;0;4416867;3441712;4463;2;3613800;2861;48;0;1
FR;3;2022-05-14;1;0;0;0;0;0;0;0;0;4416868;3441712;4463;2;3613800;2861;48;0;1
FR;3;2022-05-15;0;0;0;0;0;0;0;0;0;4416868;3441712;4463;2;3613800;2861;48;0;1
FR;3;2022-05-16;0;0;0;0;0;0;0;0;0;4416868;3441712;4463;2;3613800;2861;48;0;1
FR;3;2022-05-17;0;0;0;0;0;0;0;0;0;4416868;3441712;4463;2;3613800;2861;48;0;1
FR;3;2022-05-18;0;0;0;0;0;0;0;0;0;4416868;3441712;4463;2;3613800;2861;48;0;1
FR;3;2022-05-19;0;0;0;0;0;0;0;0;0;4416868;3441712;4463;2;3613800;2861;48;0;1
FR;3;2022-05-20;0;0;0;0;0;0;0;0;0;4416868;3441712;4463;2;3613800;2861;48;0;1
FR;3;2022-05-21;0;0;0;0;0;0;0;0;0;4416868;3441712;4463;2;3613800;2861;48;0;1
FR;3;2022-05-22;0;0;0;0;0;0;0;0;0;4416868;3441712;4463;2;3613800;2861;48;0;1
FR;3;2022-05-23;0;0;0;0;0;0;0;0;0;4416868;3441712;4463;2;3613800;2861;48;0;1
FR;3;2022-05-24;0;0;0;0;0;0;0;0;0;4416868;3441712;4463;2;3613800;2861;48;0;1
FR;3;2022-05-25;0;0;0;0;0;0;0;0;0;4416868;3441712;4463;2;3613800;2861;48;0;1
FR;3;2022-05-26;0;0;0;0;0;0;0;0;0;4416868;3441712;4463;2;3613800;2861;48;0;1
FR;3;2022-05-27;0;0;0;0;0;0;0;0;0;4416868;3441712;4463;2;3613800;2861;48;0;1
FR;3;2022-05-28;0;0;0;0;0;0;0;0;0;4416868;3441712;4463;2;3613800;2861;48;0;1
FR;3;2022-05-29;0;0;0;0;0;0;0;0;0;4416868;3441712;4463;2;3613800;2861;48;0;1
FR;3;2022-05-30;0;0;0;0;0;0;0;0;0;4416868;3441712;4463;2;3613800;2861;48;0;1
FR;3;2022-05-31;0;0;0;0;0;0;0;0;0;4416868;3441712;4463;2;3613800;2861;48;0;1
FR;3;2022-06-01;0;0;0;0;0;0;0;0;0;4416868;3441712;4463;2;3613800;2861;48;0;1
FR;3;2022-06-02;0;0;0;0;0;0;0;0;0;4416868;3441712;4463;2;3613800;2861;48;0;1
FR;3;2022-06-03;0;0;0;0;0;0;0;0;0;4416868;3441712;4463;2;3613800;2861;48;0;1
FR;3;2022-06-04;0;0;0;0;0;0;0;0;0;4416868;3441712;4463;2;3613800;2861;48;0;1
FR;3;2022-06-05;0;0;0;0;0;0;0;0;0;4416868;3441712;4463;2;3613800;2861;48;0;1
FR;3;2022-06-06;0;0;0;0;0;0;0;0;0;4416868;3441712;4463;2;3613800;2861;48;0;1
FR;3;2022-06-07;0;0;0;0;0;0;0;0;0;4416868;3441712;4463;2;3613800;2861;48;0;1
FR;3;2022-06-08;0;0;0;0;0;0;0;0;0;4416868;3441712;4463;2;3613800;2861;48;0;1
FR;3;2022-06-09;0;0;0;0;0;0;0;0;0;4416868;3441712;4463;2;3613800;2861;48;0;1
FR;3;2022-06-10;0;0;0;0;0;0;0;0;0;4416868;3441712;4463;2;3613800;2861;48;0;1
FR;3;2022-06-11;0;0;0;0;0;0;0;0;0;4416868;3441712;4463;2;3613800;2861;48;0;1
FR;3;2022-06-12;0;0;0;0;0;0;0;0;0;4416868;3441712;4463;2;3613800;2861;48;0;1
FR;3;2022-06-13;1;0;0;0;0;0;0;0;0;4416869;3441712;4463;2;3613800;2861;48;0;1
FR;3;2022-06-14;0;0;0;0;0;0;0;0;0;4416869;3441712;4463;2;3613800;2861;48;0;1
FR;3;2022-06-15;0;0;0;0;0;0;0;0;0;4416869;3441712;4463;2;3613800;2861;48;0;1
FR;3;2022-06-16;0;0;0;0;0;0;0;0;0;4416869;3441712;4463;2;3613800;2861;48;0;1
FR;3;2022-06-17;0;0;0;0;0;0;0;0;0;4416869;3441712;4463;2;3613800;2861;48;0;1
FR;3;2022-06-18;0;0;0;0;0;0;0;0;0;4416869;3441712;4463;2;3613800;2861;48;0;1
FR;3;2022-06-19;0;0;0;0;0;0;0;0;0;4416869;3441712;4463;2;3613800;2861;48;0;1
FR;3;2022-06-20;0;0;0;0;0;0;0;0;0;4416869;3441712;4463;2;3613800;2861;48;0;1
FR;3;2022-06-21;0;0;0;0;0;0;0;0;0;4416869;3441712;4463;2;3613800;2861;48;0;1
FR;3;2022-06-22;0;0;0;0;0;0;0;0;0;4416869;3441712;4463;2;3613800;2861;48;0;1
FR;3;2022-06-23;0;0;0;0;0;0;0;0;0;4416869;3441712;4463;2;3613800;2861;48;0;1
FR;3;2022-06-24;0;0;0;0;0;0;0;0;0;4416869;3441712;4463;2;3613800;2861;48;0;1
FR;3;2022-06-25;0;0;0;0;0;0;0;0;0;4416869;3441712;4463;2;3613800;2861;48;0;1
FR;3;2022-06-26;0;0;0;0;0;0;0;0;0;4416869;3441712;4463;2;3613800;2861;48;0;1
FR;3;2022-06-27;0;0;0;0;0;0;0;0;0;4416869;3441712;4463;2;3613800;2861;48;0;1
FR;3;2022-06-28;0;0;0;0;0;0;0;0;0;4416869;3441712;4463;2;3613800;2861;48;0;1
FR;3;2022-06-29;1;0;0;0;0;0;0;0;0;4416870;3441712;4463;2;3613800;2861;48;0;1
FR;3;2022-06-30;0;0;0;0;0;0;0;0;0;4416870;3441712;4463;2;3613800;2861;48;0;1
FR;3;2022-07-01;0;0;0;0;0;0;0;0;0;4416870;3441712;4463;2;3613800;2861;48;0;1
FR;3;2022-07-02;0;0;0;0;0;0;0;0;0;4416870;3441712;4463;2;3613800;2861;48;0;1
FR;3;2022-07-03;0;0;0;0;0;0;0;0;0;4416870;3441712;4463;2;3613800;2861;48;0;1
FR;3;2022-07-04;0;0;0;0;0;0;0;0;0;4416870;3441712;4463;2;3613800;2861;48;0;1
FR;3;2022-07-05;0;0;0;0;0;0;0;0;0;4416870;3441712;4463;2;3613800;2861;48;0;1
FR;3;2022-07-06;0;0;0;0;0;0;0;0;0;4416870;3441712;4463;2;3613800;2861;48;0;1
FR;3;2022-07-07;0;0;0;0;0;0;0;0;0;4416870;3441712;4463;2;3613800;2861;48;0;1
FR;3;2022-07-08;0;0;0;0;0;0;0;0;0;4416870;3441712;4463;2;3613800;2861;48;0;1
FR;3;2022-07-09;0;0;0;0;0;0;0;0;0;4416870;3441712;4463;2;3613800;2861;48;0;1
FR;3;2022-07-10;0;0;0;0;0;0;0;0;0;4416870;3441712;4463;2;3613800;2861;48;0;1
FR;3;2022-07-11;0;0;0;0;0;0;0;0;0;4416870;3441712;4463;2;3613800;2861;48;0;1
FR;3;2022-07-12;0;0;0;0;0;0;0;0;0;4416870;3441712;4463;2;3613800;2861;48;0;1
FR;3;2022-07-13;0;0;0;0;0;0;0;0;0;4416870;3441712;4463;2;3613800;2861;48;0;1
FR;3;2022-07-14;0;0;0;0;0;0;0;0;0;4416870;3441712;4463;2;3613800;2861;48;0;1
FR;3;2022-07-15;0;0;0;0;0;0;0;0;0;4416870;3441712;4463;2;3613800;2861;48;0;1
FR;3;2022-07-16;0;0;0;0;0;0;0;0;0;4416870;3441712;4463;2;3613800;2861;48;0;1
FR;3;2022-07-17;0;0;0;0;0;0;0;0;0;4416870;3441712;4463;2;3613800;2861;48;0;1
FR;3;2022-07-18;0;0;0;0;0;0;0;0;0;4416870;3441712;4463;2;3613800;2861;48;0;1
FR;3;2022-07-19;0;0;0;0;0;0;0;0;0;4416870;3441712;4463;2;3613800;2861;48;0;1
FR;3;2022-07-20;0;0;0;0;0;0;0;0;0;4416870;3441712;4463;2;3613800;2861;48;0;1
FR;3;2022-07-21;0;0;0;0;0;0;0;0;0;4416870;3441712;4463;2;3613800;2861;48;0;1
FR;3;2022-07-22;0;0;0;0;0;0;0;0;0;4416870;3441712;4463;2;3613800;2861;48;0;1
FR;3;2022-07-23;0;0;0;0;0;0;0;0;0;4416870;3441712;4463;2;3613800;2861;48;0;1
FR;3;2022-07-24;0;0;0;0;0;0;0;0;0;4416870;3441712;4463;2;3613800;2861;48;0;1
FR;3;2022-07-25;0;0;0;0;0;0;0;0;0;4416870;3441712;4463;2;3613800;2861;48;0;1
FR;3;2022-07-26;0;0;0;0;0;0;0;0;0;4416870;3441712;4463;2;3613800;2861;48;0;1
FR;3;2022-07-27;0;0;0;0;0;0;0;0;0;4416870;3441712;4463;2;3613800;2861;48;0;1
FR;3;2022-07-28;0;0;0;0;0;0;0;0;0;4416870;3441712;4463;2;3613800;2861;48;0;1
FR;3;2022-07-29;0;0;0;0;0;0;0;0;0;4416870;3441712;4463;2;3613800;2861;48;0;1
FR;3;2022-07-30;0;0;0;0;0;0;0;0;0;4416870;3441712;4463;2;3613800;2861;48;0;1
FR;3;2022-07-31;0;0;0;0;0;0;0;0;0;4416870;3441712;4463;2;3613800;2861;48;0;1
FR;3;2022-08-01;0;0;0;0;0;0;0;0;0;4416870;3441712;4463;2;3613800;2861;48;0;1
FR;3;2022-08-02;0;0;0;0;0;0;0;0;0;4416870;3441712;4463;2;3613800;2861;48;0;1
FR;3;2022-08-03;0;0;0;0;0;0;0;0;0;4416870;3441712;4463;2;3613800;2861;48;0;1
FR;3;2022-08-04;0;0;0;0;0;0;0;0;0;4416870;3441712;4463;2;3613800;2861;48;0;1
FR;3;2022-08-05;0;0;0;0;0;0;0;0;0;4416870;3441712;4463;2;3613800;2861;48;0;1
FR;3;2022-08-06;0;0;0;0;0;0;0;0;0;4416870;3441712;4463;2;3613800;2861;48;0;1
FR;3;2022-08-07;0;0;0;0;0;0;0;0;0;4416870;3441712;4463;2;3613800;2861;48;0;1
FR;3;2022-08-08;0;0;0;0;0;0;0;0;0;4416870;3441712;4463;2;3613800;2861;48;0;1
FR;3;2022-08-09;0;0;0;0;0;0;0;0;0;4416870;3441712;4463;2;3613800;2861;48;0;1
FR;3;2022-08-10;0;0;0;0;0;0;0;0;0;4416870;3441712;4463;2;3613800;2861;48;0;1
FR;3;2022-08-11;0;0;0;0;0;0;0;0;0;4416870;3441712;4463;2;3613800;2861;48;0;1
FR;3;2022-08-12;0;0;0;0;0;0;0;0;0;4416870;3441712;4463;2;3613800;2861;48;0;1
FR;3;2022-08-13;0;0;0;0;0;0;0;0;0;4416870;3441712;4463;2;3613800;2861;48;0;1
FR;3;2022-08-14;0;0;0;0;0;0;0;0;0;4416870;3441712;4463;2;3613800;2861;48;0;1
FR;3;2022-08-15;0;0;0;0;0;0;0;0;0;4416870;3441712;4463;2;3613800;2861;48;0;1
FR;3;2022-08-16;0;0;0;0;0;0;0;0;0;4416870;3441712;4463;2;3613800;2861;48;0;1
FR;3;2022-08-17;0;0;0;0;0;0;0;0;0;4416870;3441712;4463;2;3613800;2861;48;0;1
FR;3;2022-08-18;0;0;0;0;0;0;0;0;0;4416870;3441712;4463;2;3613800;2861;48;0;1
FR;3;2022-08-19;0;0;0;0;0;0;0;0;0;4416870;3441712;4463;2;3613800;2861;48;0;1
FR;3;2022-08-20;0;0;0;0;0;0;0;0;0;4416870;3441712;4463;2;3613800;2861;48;0;1
FR;3;2022-08-21;0;0;0;0;0;0;0;0;0;4416870;3441712;4463;2;3613800;2861;48;0;1
FR;3;2022-08-22;0;0;0;0;0;0;0;0;0;4416870;3441712;4463;2;3613800;2861;48;0;1
FR;3;2022-08-23;0;0;0;0;0;0;0;0;0;4416870;3441712;4463;2;3613800;2861;48;0;1
FR;3;2022-08-24;0;0;0;0;0;0;0;0;0;4416870;3441712;4463;2;3613800;2861;48;0;1
FR;3;2022-08-25;0;0;0;0;0;0;0;0;0;4416870;3441712;4463;2;3613800;2861;48;0;1
FR;3;2022-08-26;0;0;0;0;0;0;0;0;0;4416870;3441712;4463;2;3613800;2861;48;0;1
FR;3;2022-08-27;0;0;0;0;0;0;0;0;0;4416870;3441712;4463;2;3613800;2861;48;0;1
FR;3;2022-08-28;0;0;0;0;0;0;0;0;0;4416870;3441712;4463;2;3613800;2861;48;0;1
FR;3;2022-08-29;0;0;0;0;0;0;0;0;0;4416870;3441712;4463;2;3613800;2861;48;0;1
FR;3;2022-08-30;0;0;0;0;0;0;0;0;0;4416870;3441712;4463;2;3613800;2861;48;0;1
FR;3;2022-08-31;0;0;0;0;0;0;0;0;0;4416870;3441712;4463;2;3613800;2861;48;0;1
FR;3;2022-09-01;0;0;0;0;0;0;0;0;0;4416870;3441712;4463;2;3613800;2861;48;0;1
FR;3;2022-09-02;0;0;0;0;0;0;0;0;0;4416870;3441712;4463;2;3613800;2861;48;0;1
FR;3;2022-09-03;0;0;0;0;0;0;0;0;0;4416870;3441712;4463;2;3613800;2861;48;0;1
FR;3;2022-09-04;0;0;0;0;0;0;0;0;0;4416870;3441712;4463;2;3613800;2861;48;0;1
FR;3;2022-09-05;0;0;0;0;0;0;0;0;0;4416870;3441712;4463;2;3613800;2861;48;0;1
FR;3;2022-09-06;0;0;0;0;0;0;0;0;0;4416870;3441712;4463;2;3613800;2861;48;0;1
FR;3;2022-09-07;0;0;0;0;0;0;0;0;0;4416870;3441712;4463;2;3613800;2861;48;0;1
FR;3;2022-09-08;0;0;0;0;0;0;0;0;0;4416870;3441712;4463;2;3613800;2861;48;0;1
FR;3;2022-09-09;0;0;0;0;0;0;0;0;0;4416870;3441712;4463;2;3613800;2861;48;0;1
FR;3;2022-09-10;0;0;0;0;0;0;0;0;0;4416870;3441712;4463;2;3613800;2861;48;0;1
FR;3;2022-09-11;0;0;0;0;0;0;0;0;0;4416870;3441712;4463;2;3613800;2861;48;0;1
FR;3;2022-09-12;0;0;0;0;0;0;0;0;0;4416870;3441712;4463;2;3613800;2861;48;0;1
FR;3;2022-09-13;0;0;0;0;0;0;0;0;0;4416870;3441712;4463;2;3613800;2861;48;0;1
FR;3;2022-09-14;0;0;0;0;0;0;0;0;0;4416870;3441712;4463;2;3613800;2861;48;0;1
FR;3;2022-09-15;0;0;0;0;0;0;0;0;0;4416870;3441712;4463;2;3613800;2861;48;0;1
FR;3;2022-09-16;0;0;0;0;0;0;0;0;0;4416870;3441712;4463;2;3613800;2861;48;0;1
FR;3;2022-09-17;0;0;0;0;0;0;0;0;0;4416870;3441712;4463;2;3613800;2861;48;0;1
FR;3;2022-09-18;0;0;0;0;0;0;0;0;0;4416870;3441712;4463;2;3613800;2861;48;0;1
FR;3;2022-09-19;0;0;0;0;0;0;0;0;0;4416870;3441712;4463;2;3613800;2861;48;0;1
FR;3;2022-09-20;0;0;0;0;0;0;0;0;0;4416870;3441712;4463;2;3613800;2861;48;0;1
FR;3;2022-09-21;0;0;0;0;0;0;0;0;0;4416870;3441712;4463;2;3613800;2861;48;0;1
FR;3;2022-09-22;0;0;0;0;0;0;0;0;0;4416870;3441712;4463;2;3613800;2861;48;0;1
FR;3;2022-09-23;0;0;0;0;0;0;0;0;0;4416870;3441712;4463;2;3613800;2861;48;0;1
FR;3;2022-09-24;0;0;0;0;0;0;0;0;0;4416870;3441712;4463;2;3613800;2861;48;0;1
FR;3;2022-09-25;0;0;0;0;0;0;0;0;0;4416870;3441712;4463;2;3613800;2861;48;0;1
FR;3;2022-09-26;0;0;0;0;0;0;0;0;0;4416870;3441712;4463;2;3613800;2861;48;0;1
FR;3;2022-09-27;0;0;0;0;0;0;0;0;0;4416870;3441712;4463;2;3613800;2861;48;0;1
FR;3;2022-09-28;0;0;0;0;0;0;0;0;0;4416870;3441712;4463;2;3613800;2861;48;0;1
FR;3;2022-09-29;0;0;0;0;0;0;0;0;0;4416870;3441712;4463;2;3613800;2861;48;0;1
FR;3;2022-09-30;0;0;0;0;0;0;0;0;0;4416870;3441712;4463;2;3613800;2861;48;0;1
FR;3;2022-10-01;0;0;0;0;0;0;0;0;0;4416870;3441712;4463;2;3613800;2861;48;0;1
FR;3;2022-10-02;0;0;0;0;0;0;0;0;0;4416870;3441712;4463;2;3613800;2861;48;0;1
FR;3;2022-10-03;0;0;0;0;0;0;0;0;0;4416870;3441712;4463;2;3613800;2861;48;0;1
FR;3;2022-10-04;0;0;0;0;0;0;0;0;0;4416870;3441712;4463;2;3613800;2861;48;0;1
FR;3;2022-10-05;0;0;0;0;0;0;0;0;0;4416870;3441712;4463;2;3613800;2861;48;0;1
FR;3;2022-10-06;0;0;0;0;0;0;0;0;0;4416870;3441712;4463;2;3613800;2861;48;0;1
FR;3;2022-10-07;0;0;0;0;0;0;0;0;0;4416870;3441712;4463;2;3613800;2861;48;0;1
FR;3;2022-10-08;0;0;0;0;0;0;0;0;0;4416870;3441712;4463;2;3613800;2861;48;0;1
FR;3;2022-10-09;0;0;0;0;0;0;0;0;0;4416870;3441712;4463;2;3613800;2861;48;0;1
FR;3;2022-10-10;0;0;0;0;0;0;0;0;0;4416870;3441712;4463;2;3613800;2861;48;0;1
FR;3;2022-10-11;0;0;0;0;0;0;0;0;0;4416870;3441712;4463;2;3613800;2861;48;0;1
FR;3;2022-10-12;0;0;0;0;0;0;0;0;0;4416870;3441712;4463;2;3613800;2861;48;0;1
FR;3;2022-10-13;0;0;0;0;0;0;0;0;0;4416870;3441712;4463;2;3613800;2861;48;0;1
FR;3;2022-10-14;0;0;0;0;0;0;0;0;0;4416870;3441712;4463;2;3613800;2861;48;0;1
FR;3;2022-10-15;0;0;0;0;0;0;0;0;0;4416870;3441712;4463;2;3613800;2861;48;0;1
FR;3;2022-10-16;0;0;0;0;0;0;0;0;0;4416870;3441712;4463;2;3613800;2861;48;0;1
FR;3;2022-10-17;0;0;0;0;0;0;0;0;0;4416870;3441712;4463;2;3613800;2861;48;0;1
FR;3;2022-10-18;0;0;0;0;0;0;0;0;0;4416870;3441712;4463;2;3613800;2861;48;0;1
FR;3;2022-10-19;0;0;0;0;0;0;0;0;0;4416870;3441712;4463;2;3613800;2861;48;0;1
FR;3;2022-10-20;0;0;0;0;0;0;0;0;0;4416870;3441712;4463;2;3613800;2861;48;0;1
FR;3;2022-10-21;0;0;0;0;0;0;0;0;0;4416870;3441712;4463;2;3613800;2861;48;0;1
FR;3;2022-10-22;0;0;0;0;0;0;0;0;0;4416870;3441712;4463;2;3613800;2861;48;0;1
FR;3;2022-10-23;0;0;0;0;0;0;0;0;0;4416870;3441712;4463;2;3613800;2861;48;0;1
FR;3;2022-10-24;0;0;0;0;0;0;0;0;0;4416870;3441712;4463;2;3613800;2861;48;0;1
FR;3;2022-10-25;0;0;0;0;0;0;0;0;0;4416870;3441712;4463;2;3613800;2861;48;0;1
FR;3;2022-10-26;0;0;0;0;0;0;0;0;0;4416870;3441712;4463;2;3613800;2861;48;0;1
FR;3;2022-10-27;0;0;0;0;0;0;0;0;0;4416870;3441712;4463;2;3613800;2861;48;0;1
FR;3;2022-10-28;0;0;0;0;0;0;0;0;0;4416870;3441712;4463;2;3613800;2861;48;0;1
FR;3;2022-10-29;0;0;0;0;0;0;0;0;0;4416870;3441712;4463;2;3613800;2861;48;0;1
FR;3;2022-10-30;0;0;0;0;0;0;0;0;0;4416870;3441712;4463;2;3613800;2861;48;0;1
FR;3;2022-10-31;0;0;0;0;0;0;0;0;0;4416870;3441712;4463;2;3613800;2861;48;0;1
FR;3;2022-11-01;0;0;0;0;0;0;0;0;0;4416870;3441712;4463;2;3613800;2861;48;0;1
FR;3;2022-11-02;0;0;0;0;0;0;0;0;0;4416870;3441712;4463;2;3613800;2861;48;0;1
FR;3;2022-11-03;0;0;0;0;0;0;0;0;0;4416870;3441712;4463;2;3613800;2861;48;0;1
FR;3;2022-11-04;0;0;0;0;0;0;0;0;0;4416870;3441712;4463;2;3613800;2861;48;0;1
FR;3;2022-11-05;0;0;0;0;0;0;0;0;0;4416870;3441712;4463;2;3613800;2861;48;0;1
FR;3;2022-11-06;0;0;0;0;0;0;0;0;0;4416870;3441712;4463;2;3613800;2861;48;0;1
FR;3;2022-11-07;0;0;0;0;0;0;0;0;0;4416870;3441712;4463;2;3613800;2861;48;0;1
FR;3;2022-11-08;1;0;0;0;0;0;0;0;0;4416871;3441712;4463;2;3613800;2861;48;0;1
FR;3;2022-11-09;0;0;0;0;0;0;0;0;0;4416871;3441712;4463;2;3613800;2861;48;0;1
FR;3;2022-11-10;0;0;0;0;0;0;0;0;0;4416871;3441712;4463;2;3613800;2861;48;0;1
FR;3;2022-11-11;0;0;0;0;0;0;0;0;0;4416871;3441712;4463;2;3613800;2861;48;0;1
FR;3;2022-11-12;0;0;0;0;0;0;0;0;0;4416871;3441712;4463;2;3613800;2861;48;0;1
FR;3;2022-11-13;0;0;0;0;0;0;0;0;0;4416871;3441712;4463;2;3613800;2861;48;0;1
FR;3;2022-11-14;0;0;0;0;0;0;0;0;0;4416871;3441712;4463;2;3613800;2861;48;0;1
FR;3;2022-11-15;0;0;0;0;0;0;0;0;0;4416871;3441712;4463;2;3613800;2861;48;0;1
FR;3;2022-11-16;0;0;0;0;0;0;0;0;0;4416871;3441712;4463;2;3613800;2861;48;0;1
FR;3;2022-11-17;0;0;0;0;0;0;0;0;0;4416871;3441712;4463;2;3613800;2861;48;0;1
FR;3;2022-11-18;0;0;0;0;0;0;0;0;0;4416871;3441712;4463;2;3613800;2861;48;0;1
FR;3;2022-11-19;0;0;0;0;0;0;0;0;0;4416871;3441712;4463;2;3613800;2861;48;0;1
FR;3;2022-11-20;0;0;0;0;0;0;0;0;0;4416871;3441712;4463;2;3613800;2861;48;0;1
FR;3;2022-11-21;0;0;0;0;0;0;0;0;0;4416871;3441712;4463;2;3613800;2861;48;0;1
FR;3;2022-11-22;0;0;0;0;0;0;0;0;0;4416871;3441712;4463;2;3613800;2861;48;0;1
FR;3;2022-11-23;0;0;0;0;0;0;0;0;0;4416871;3441712;4463;2;3613800;2861;48;0;1
FR;3;2022-11-24;0;0;0;0;0;0;0;0;0;4416871;3441712;4463;2;3613800;2861;48;0;1
FR;3;2022-11-25;0;0;0;0;0;0;0;0;0;4416871;3441712;4463;2;3613800;2861;48;0;1
FR;3;2022-11-26;0;0;0;0;0;0;0;0;0;4416871;3441712;4463;2;3613800;2861;48;0;1
FR;3;2022-11-27;0;0;0;0;0;0;0;0;0;4416871;3441712;4463;2;3613800;2861;48;0;1
FR;3;2022-11-28;0;0;0;0;0;0;0;0;0;4416871;3441712;4463;2;3613800;2861;48;0;1
FR;3;2022-11-29;0;0;0;0;0;0;0;0;0;4416871;3441712;4463;2;3613800;2861;48;0;1
FR;3;2022-11-30;0;0;0;0;0;0;0;0;0;4416871;3441712;4463;2;3613800;2861;48;0;1
FR;3;2022-12-01;0;0;0;0;0;0;0;0;0;4416871;3441712;4463;2;3613800;2861;48;0;1
FR;3;2022-12-02;0;0;0;0;0;0;0;0;0;4416871;3441712;4463;2;3613800;2861;48;0;1
FR;3;2022-12-03;0;0;0;0;0;0;0;0;0;4416871;3441712;4463;2;3613800;2861;48;0;1
FR;3;2022-12-04;0;0;0;0;0;0;0;0;0;4416871;3441712;4463;2;3613800;2861;48;0;1
FR;3;2022-12-05;0;0;0;0;0;0;0;0;0;4416871;3441712;4463;2;3613800;2861;48;0;1
FR;3;2022-12-06;0;0;0;0;0;0;0;0;0;4416871;3441712;4463;2;3613800;2861;48;0;1
FR;3;2022-12-07;0;0;0;0;0;0;0;0;0;4416871;3441712;4463;2;3613800;2861;48;0;1
FR;3;2022-12-08;0;0;0;0;0;0;0;0;0;4416871;3441712;4463;2;3613800;2861;48;0;1
FR;3;2022-12-09;0;0;0;0;0;0;0;0;0;4416871;3441712;4463;2;3613800;2861;48;0;1
FR;3;2022-12-10;0;0;0;0;0;0;0;0;0;4416871;3441712;4463;2;3613800;2861;48;0;1
FR;3;2022-12-11;0;0;0;0;0;0;0;0;0;4416871;3441712;4463;2;3613800;2861;48;0;1
FR;3;2022-12-12;0;0;0;0;0;0;0;0;0;4416871;3441712;4463;2;3613800;2861;48;0;1
FR;3;2022-12-13;0;0;0;0;0;0;0;0;0;4416871;3441712;4463;2;3613800;2861;48;0;1
FR;3;2022-12-14;0;0;0;0;0;0;0;0;0;4416871;3441712;4463;2;3613800;2861;48;0;1
FR;3;2022-12-15;0;0;0;0;0;0;0;0;0;4416871;3441712;4463;2;3613800;2861;48;0;1
FR;3;2022-12-16;0;0;0;0;0;0;0;0;0;4416871;3441712;4463;2;3613800;2861;48;0;1
FR;3;2022-12-17;0;0;0;0;0;0;0;0;0;4416871;3441712;4463;2;3613800;2861;48;0;1
FR;3;2022-12-18;0;0;0;0;0;0;0;0;0;4416871;3441712;4463;2;3613800;2861;48;0;1
FR;3;2022-12-19;0;0;0;0;0;0;0;0;0;4416871;3441712;4463;2;3613800;2861;48;0;1
FR;3;2022-12-20;0;0;0;0;0;0;0;0;0;4416871;3441712;4463;2;3613800;2861;48;0;1
FR;3;2022-12-21;0;0;0;0;0;0;0;0;0;4416871;3441712;4463;2;3613800;2861;48;0;1
FR;3;2022-12-22;0;0;0;0;0;0;0;0;0;4416871;3441712;4463;2;3613800;2861;48;0;1
FR;3;2022-12-23;0;0;0;0;0;0;0;0;0;4416871;3441712;4463;2;3613800;2861;48;0;1
FR;3;2022-12-24;0;0;0;0;0;0;0;0;0;4416871;3441712;4463;2;3613800;2861;48;0;1
FR;3;2022-12-25;0;0;0;0;0;0;0;0;0;4416871;3441712;4463;2;3613800;2861;48;0;1
FR;3;2022-12-26;0;0;0;0;0;0;0;0;0;4416871;3441712;4463;2;3613800;2861;48;0;1
FR;3;2022-12-27;0;0;0;0;0;0;0;0;0;4416871;3441712;4463;2;3613800;2861;48;0;1
FR;3;2022-12-28;0;0;0;0;0;0;0;0;0;4416871;3441712;4463;2;3613800;2861;48;0;1
FR;3;2022-12-29;0;0;0;0;0;0;0;0;0;4416871;3441712;4463;2;3613800;2861;48;0;1
FR;3;2022-12-30;0;0;0;0;0;0;0;0;0;4416871;3441712;4463;2;3613800;2861;48;0;1
FR;3;2022-12-31;0;0;0;0;0;0;0;0;0;4416871;3441712;4463;2;3613800;2861;48;0;1
FR;3;2023-01-01;0;0;0;0;0;0;0;0;0;4416871;3441712;4463;2;3613800;2861;48;0;1
FR;3;2023-01-02;0;0;0;0;0;0;0;0;0;4416871;3441712;4463;2;3613800;2861;48;0;1
FR;3;2023-01-03;0;0;0;0;0;0;0;0;0;4416871;3441712;4463;2;3613800;2861;48;0;1
FR;3;2023-01-04;0;0;0;0;0;0;0;0;0;4416871;3441712;4463;2;3613800;2861;48;0;1
FR;3;2023-01-05;0;0;0;0;0;0;0;0;0;4416871;3441712;4463;2;3613800;2861;48;0;1
FR;3;2023-01-06;0;0;0;0;0;0;0;0;0;4416871;3441712;4463;2;3613800;2861;48;0;1
FR;3;2023-01-07;0;0;0;0;0;0;0;0;0;4416871;3441712;4463;2;3613800;2861;48;0;1
FR;3;2023-01-08;0;0;0;0;0;0;0;0;0;4416871;3441712;4463;2;3613800;2861;48;0;1
FR;3;2023-01-09;0;0;0;0;0;0;0;0;0;4416871;3441712;4463;2;3613800;2861;48;0;1
FR;3;2023-01-10;0;0;0;0;0;0;0;0;0;4416871;3441712;4463;2;3613800;2861;48;0;1
FR;3;2023-01-11;0;0;0;0;0;0;0;0;0;4416871;3441712;4463;2;3613800;2861;48;0;1
FR;3;2023-01-12;0;0;0;0;0;0;0;0;0;4416871;3441712;4463;2;3613800;2861;48;0;1
FR;3;2023-01-13;0;0;0;0;0;0;0;0;0;4416871;3441712;4463;2;3613800;2861;48;0;1
FR;3;2023-01-14;0;0;0;0;0;0;0;0;0;4416871;3441712;4463;2;3613800;2861;48;0;1
FR;3;2023-01-15;0;0;0;0;0;0;0;0;0;4416871;3441712;4463;2;3613800;2861;48;0;1
FR;3;2023-01-16;0;0;0;0;0;0;0;0;0;4416871;3441712;4463;2;3613800;2861;48;0;1
FR;3;2023-01-17;0;0;0;0;0;0;0;0;0;4416871;3441712;4463;2;3613800;2861;48;0;1
FR;3;2023-01-18;0;0;0;0;0;0;0;0;0;4416871;3441712;4463;2;3613800;2861;48;0;1
FR;3;2023-01-19;0;0;0;0;0;0;0;0;0;4416871;3441712;4463;2;3613800;2861;48;0;1
FR;3;2023-01-20;0;0;0;0;0;0;0;0;0;4416871;3441712;4463;2;3613800;2861;48;0;1
FR;3;2023-01-21;0;0;0;0;0;0;0;0;0;4416871;3441712;4463;2;3613800;2861;48;0;1
FR;3;2023-01-22;0;0;0;0;0;0;0;0;0;4416871;3441712;4463;2;3613800;2861;48;0;1
FR;3;2023-01-23;0;0;0;0;0;0;0;0;0;4416871;3441712;4463;2;3613800;2861;48;0;1
FR;3;2023-01-24;0;0;0;0;0;0;0;0;0;4416871;3441712;4463;2;3613800;2861;48;0;1
FR;3;2023-01-25;1;0;0;0;0;0;0;0;0;4416872;3441712;4463;2;3613800;2861;48;0;1
FR;3;2023-01-26;0;0;0;0;0;0;0;0;0;4416872;3441712;4463;2;3613800;2861;48;0;1
FR;3;2023-01-27;0;0;0;0;0;0;0;0;0;4416872;3441712;4463;2;3613800;2861;48;0;1
FR;3;2023-01-28;0;0;0;0;0;0;0;0;0;4416872;3441712;4463;2;3613800;2861;48;0;1
FR;3;2023-01-29;0;0;0;0;0;0;0;0;0;4416872;3441712;4463;2;3613800;2861;48;0;1
FR;3;2023-01-30;0;0;0;0;0;0;0;0;0;4416872;3441712;4463;2;3613800;2861;48;0;1
FR;3;2023-01-31;0;0;0;0;0;0;0;0;0;4416872;3441712;4463;2;3613800;2861;48;0;1
FR;3;2023-02-01;0;0;0;0;0;0;0;0;0;4416872;3441712;4463;2;3613800;2861;48;0;1
FR;3;2023-02-02;0;0;0;0;0;0;0;0;0;4416872;3441712;4463;2;3613800;2861;48;0;1
FR;3;2023-02-03;0;0;0;0;0;0;0;0;0;4416872;3441712;4463;2;3613800;2861;48;0;1
FR;3;2023-02-04;0;0;0;0;0;0;0;0;0;4416872;3441712;4463;2;3613800;2861;48;0;1
FR;3;2023-02-05;0;0;0;0;0;0;0;0;0;4416872;3441712;4463;2;3613800;2861;48;0;1
FR;3;2023-02-06;0;0;0;0;0;0;0;0;0;4416872;3441712;4463;2;3613800;2861;48;0;1
FR;3;2023-02-07;0;0;0;0;0;0;0;0;0;4416872;3441712;4463;2;3613800;2861;48;0;1
FR;3;2023-02-08;0;0;0;0;0;0;0;0;0;4416872;3441712;4463;2;3613800;2861;48;0;1
FR;3;2023-02-09;0;0;0;0;0;0;0;0;0;4416872;3441712;4463;2;3613800;2861;48;0;1
FR;3;2023-02-10;0;0;0;0;0;0;0;0;0;4416872;3441712;4463;2;3613800;2861;48;0;1
FR;3;2023-02-11;0;0;0;0;0;0;0;0;0;4416872;3441712;4463;2;3613800;2861;48;0;1
FR;3;2023-02-12;0;0;0;0;0;0;0;0;0;4416872;3441712;4463;2;3613800;2861;48;0;1
FR;3;2023-02-13;0;0;0;0;0;0;0;0;0;4416872;3441712;4463;2;3613800;2861;48;0;1
FR;3;2023-02-14;0;0;0;0;0;0;0;0;0;4416872;3441712;4463;2;3613800;2861;48;0;1
FR;3;2023-02-15;0;0;0;0;0;0;0;0;0;4416872;3441712;4463;2;3613800;2861;48;0;1
FR;3;2023-02-16;0;0;0;0;0;0;0;0;0;4416872;3441712;4463;2;3613800;2861;48;0;1
FR;3;2023-02-17;0;0;0;0;0;0;0;0;0;4416872;3441712;4463;2;3613800;2861;48;0;1
FR;3;2023-02-18;0;0;0;0;0;0;0;0;0;4416872;3441712;4463;2;3613800;2861;48;0;1
FR;3;2023-02-19;0;0;0;0;0;0;0;0;0;4416872;3441712;4463;2;3613800;2861;48;0;1
FR;3;2023-02-20;0;0;0;0;0;0;0;0;0;4416872;3441712;4463;2;3613800;2861;48;0;1
FR;3;2023-02-21;0;0;0;0;0;0;0;0;0;4416872;3441712;4463;2;3613800;2861;48;0;1
FR;3;2023-02-22;0;0;0;0;0;0;0;0;0;4416872;3441712;4463;2;3613800;2861;48;0;1
FR;3;2023-02-23;0;0;0;0;0;0;0;0;0;4416872;3441712;4463;2;3613800;2861;48;0;1
FR;3;2023-02-24;0;0;0;0;0;0;0;0;0;4416872;3441712;4463;2;3613800;2861;48;0;1
FR;3;2023-02-25;0;0;0;0;0;0;0;0;0;4416872;3441712;4463;2;3613800;2861;48;0;1
FR;3;2023-02-26;0;0;0;0;0;0;0;0;0;4416872;3441712;4463;2;3613800;2861;48;0;1
FR;3;2023-02-27;0;0;0;0;0;0;0;0;0;4416872;3441712;4463;2;3613800;2861;48;0;1
FR;3;2023-02-28;0;0;0;0;0;0;0;0;0;4416872;3441712;4463;2;3613800;2861;48;0;1
FR;3;2023-03-01;0;0;0;0;0;0;0;0;0;4416872;3441712;4463;2;3613800;2861;48;0;1
FR;3;2023-03-02;0;0;0;0;0;0;0;0;0;4416872;3441712;4463;2;3613800;2861;48;0;1
FR;3;2023-03-03;0;0;0;0;0;0;0;0;0;4416872;3441712;4463;2;3613800;2861;48;0;1
FR;3;2023-03-04;0;0;0;0;0;0;0;0;0;4416872;3441712;4463;2;3613800;2861;48;0;1
FR;3;2023-03-05;0;0;0;0;0;0;0;0;0;4416872;3441712;4463;2;3613800;2861;48;0;1
FR;3;2023-03-06;0;0;0;0;0;0;0;0;0;4416872;3441712;4463;2;3613800;2861;48;0;1
FR;3;2023-03-07;0;0;0;0;0;0;0;0;0;4416872;3441712;4463;2;3613800;2861;48;0;1
FR;3;2023-03-08;0;0;0;0;0;0;0;0;0;4416872;3441712;4463;2;3613800;2861;48;0;1
FR;3;2023-03-09;0;0;0;0;0;0;0;0;0;4416872;3441712;4463;2;3613800;2861;48;0;1
FR;3;2023-03-10;0;0;0;0;0;0;0;0;0;4416872;3441712;4463;2;3613800;2861;48;0;1
FR;3;2023-03-11;0;0;0;0;0;0;0;0;0;4416872;3441712;4463;2;3613800;2861;48;0;1
FR;3;2023-03-12;0;0;0;0;0;0;0;0;0;4416872;3441712;4463;2;3613800;2861;48;0;1
FR;3;2023-03-13;0;0;0;0;0;0;0;0;0;4416872;3441712;4463;2;3613800;2861;48;0;1
FR;3;2023-03-14;0;0;0;0;0;0;0;0;0;4416872;3441712;4463;2;3613800;2861;48;0;1
FR;3;2023-03-15;0;0;0;0;0;0;0;0;0;4416872;3441712;4463;2;3613800;2861;48;0;1
FR;3;2023-03-16;0;0;0;0;0;0;0;0;0;4416872;3441712;4463;2;3613800;2861;48;0;1
FR;3;2023-03-17;0;0;0;0;0;0;0;0;0;4416872;3441712;4463;2;3613800;2861;48;0;1
FR;3;2023-03-18;0;0;0;0;0;0;0;0;0;4416872;3441712;4463;2;3613800;2861;48;0;1
FR;3;2023-03-19;0;0;0;0;0;0;0;0;0;4416872;3441712;4463;2;3613800;2861;48;0;1
FR;3;2023-03-20;0;0;0;0;0;0;0;0;0;4416872;3441712;4463;2;3613800;2861;48;0;1
FR;3;2023-03-21;0;0;0;0;0;0;0;0;0;4416872;3441712;4463;2;3613800;2861;48;0;1
FR;3;2023-03-22;0;0;0;0;0;0;0;0;0;4416872;3441712;4463;2;3613800;2861;48;0;1
FR;3;2023-03-23;0;0;0;0;0;0;0;0;0;4416872;3441712;4463;2;3613800;2861;48;0;1
FR;3;2023-03-24;0;0;0;0;0;0;0;0;0;4416872;3441712;4463;2;3613800;2861;48;0;1
FR;3;2023-03-25;0;0;0;0;0;0;0;0;0;4416872;3441712;4463;2;3613800;2861;48;0;1
FR;3;2023-03-26;0;0;0;0;0;0;0;0;0;4416872;3441712;4463;2;3613800;2861;48;0;1
FR;3;2023-03-27;0;0;0;0;0;0;0;0;0;4416872;3441712;4463;2;3613800;2861;48;0;1
FR;3;2023-03-28;0;0;0;0;0;0;0;0;0;4416872;3441712;4463;2;3613800;2861;48;0;1
FR;3;2023-03-29;0;0;0;0;0;0;0;0;0;4416872;3441712;4463;2;3613800;2861;48;0;1
FR;3;2023-03-30;0;0;0;0;0;0;0;0;0;4416872;3441712;4463;2;3613800;2861;48;0;1
FR;3;2023-03-31;0;0;0;0;0;0;0;0;0;4416872;3441712;4463;2;3613800;2861;48;0;1
FR;3;2023-04-01;0;0;0;0;0;0;0;0;0;4416872;3441712;4463;2;3613800;2861;48;0;1
FR;3;2023-04-02;0;0;0;0;0;0;0;0;0;4416872;3441712;4463;2;3613800;2861;48;0;1
FR;3;2023-04-03;0;0;0;0;0;0;0;0;0;4416872;3441712;4463;2;3613800;2861;48;0;1
FR;3;2023-04-04;0;0;0;0;0;0;0;0;0;4416872;3441712;4463;2;3613800;2861;48;0;1
FR;3;2023-04-05;0;0;0;0;0;0;0;0;0;4416872;3441712;4463;2;3613800;2861;48;0;1
FR;3;2023-04-06;0;0;0;0;0;0;0;0;0;4416872;3441712;4463;2;3613800;2861;48;0;1
FR;3;2023-04-07;0;0;0;0;0;0;0;0;0;4416872;3441712;4463;2;3613800;2861;48;0;1
FR;3;2023-04-08;0;0;0;0;0;0;0;0;0;4416872;3441712;4463;2;3613800;2861;48;0;1
FR;3;2023-04-09;0;0;0;0;0;0;0;0;0;4416872;3441712;4463;2;3613800;2861;48;0;1
FR;3;2023-04-10;0;0;0;0;0;0;0;0;0;4416872;3441712;4463;2;3613800;2861;48;0;1
FR;3;2023-04-11;0;0;0;0;0;0;0;0;0;4416872;3441712;4463;2;3613800;2861;48;0;1
FR;3;2023-04-12;0;0;0;0;0;0;0;0;0;4416872;3441712;4463;2;3613800;2861;48;0;1
FR;3;2023-04-13;0;0;0;0;0;0;0;0;0;4416872;3441712;4463;2;3613800;2861;48;0;1
FR;3;2023-04-14;0;0;0;0;0;0;0;0;0;4416872;3441712;4463;2;3613800;2861;48;0;1
FR;3;2023-04-15;0;0;0;0;0;0;0;0;0;4416872;3441712;4463;2;3613800;2861;48;0;1
FR;3;2023-04-16;0;0;0;0;0;0;0;0;0;4416872;3441712;4463;2;3613800;2861;48;0;1
FR;3;2023-04-17;0;0;0;0;0;0;0;0;0;4416872;3441712;4463;2;3613800;2861;48;0;1
FR;3;2023-04-18;0;0;0;0;0;0;0;0;0;4416872;3441712;4463;2;3613800;2861;48;0;1
FR;3;2023-04-19;0;0;0;0;0;0;0;0;0;4416872;3441712;4463;2;3613800;2861;48;0;1
FR;3;2023-04-20;0;0;0;0;0;0;0;0;0;4416872;3441712;4463;2;3613800;2861;48;0;1
FR;3;2023-04-21;0;0;0;0;0;0;0;0;0;4416872;3441712;4463;2;3613800;2861;48;0;1
FR;3;2023-04-22;0;0;0;0;0;0;0;0;0;4416872;3441712;4463;2;3613800;2861;48;0;1
FR;3;2023-04-23;0;0;0;0;0;0;0;0;0;4416872;3441712;4463;2;3613800;2861;48;0;1
FR;3;2023-04-24;0;0;0;0;0;0;0;0;0;4416872;3441712;4463;2;3613800;2861;48;0;1
FR;3;2023-04-25;0;0;0;0;0;0;0;0;0;4416872;3441712;4463;2;3613800;2861;48;0;1
FR;3;2023-04-26;0;0;0;0;0;0;0;0;0;4416872;3441712;4463;2;3613800;2861;48;0;1
FR;3;2023-04-27;0;0;0;0;0;0;0;0;0;4416872;3441712;4463;2;3613800;2861;48;0;1
FR;3;2023-04-28;0;0;0;0;0;0;0;0;0;4416872;3441712;4463;2;3613800;2861;48;0;1
FR;3;2023-04-29;0;0;0;0;0;0;0;0;0;4416872;3441712;4463;2;3613800;2861;48;0;1
FR;3;2023-04-30;0;0;0;0;0;0;0;0;0;4416872;3441712;4463;2;3613800;2861;48;0;1
FR;3;2023-05-01;0;0;0;0;0;0;0;0;0;4416872;3441712;4463;2;3613800;2861;48;0;1
FR;3;2023-05-02;0;0;0;0;0;0;0;0;0;4416872;3441712;4463;2;3613800;2861;48;0;1
FR;3;2023-05-03;0;0;0;0;0;0;0;0;0;4416872;3441712;4463;2;3613800;2861;48;0;1
FR;3;2023-05-04;0;0;0;0;0;0;0;0;0;4416872;3441712;4463;2;3613800;2861;48;0;1
FR;3;2023-05-05;0;0;0;0;0;0;0;0;0;4416872;3441712;4463;2;3613800;2861;48;0;1
FR;3;2023-05-06;0;0;0;0;0;0;0;0;0;4416872;3441712;4463;2;3613800;2861;48;0;1
FR;3;2023-05-07;0;0;0;0;0;0;0;0;0;4416872;3441712;4463;2;3613800;2861;48;0;1
FR;3;2023-05-08;0;0;0;0;0;0;0;0;0;4416872;3441712;4463;2;3613800;2861;48;0;1
FR;3;2023-05-09;0;0;0;0;0;0;0;0;0;4416872;3441712;4463;2;3613800;2861;48;0;1
FR;3;2023-05-10;0;0;0;0;0;0;0;0;0;4416872;3441712;4463;2;3613800;2861;48;0;1
FR;3;2023-05-11;0;0;0;0;0;0;0;0;0;4416872;3441712;4463;2;3613800;2861;48;0;1
FR;4;2020-12-27;0;0;0;0;0;0;0;0;0;0;0;0;0;0;0;0;0;0
FR;4;2020-12-28;0;0;0;0;0;0;0;0;0;0;0;0;0;0;0;0;0;0
FR;4;2020-12-29;0;0;0;0;0;0;0;0;0;0;0;0;0;0;0;0;0;0
FR;4;2020-12-30;0;0;0;0;0;0;0;0;0;0;0;0;0;0;0;0;0;0
FR;4;2020-12-31;0;0;0;0;0;0;0;0;0;0;0;0;0;0;0;0;0;0
FR;4;2021-01-01;0;0;0;0;0;0;0;0;0;0;0;0;0;0;0;0;0;0
FR;4;2021-01-02;0;0;0;0;0;0;0;0;0;0;0;0;0;0;0;0;0;0
FR;4;2021-01-03;0;0;0;0;0;0;0;0;0;0;0;0;0;0;0;0;0;0
FR;4;2021-01-04;0;0;0;0;0;0;0;0;0;0;0;0;0;0;0;0;0;0
FR;4;2021-01-05;0;0;0;0;0;0;0;0;0;0;0;0;0;0;0;0;0;0
FR;4;2021-01-06;0;0;0;0;0;0;0;0;0;0;0;0;0;0;0;0;0;0
FR;4;2021-01-07;0;0;0;0;0;0;0;0;0;0;0;0;0;0;0;0;0;0
FR;4;2021-01-08;0;0;0;0;0;0;0;0;0;0;0;0;0;0;0;0;0;0
FR;4;2021-01-09;0;0;0;0;0;0;0;0;0;0;0;0;0;0;0;0;0;0
FR;4;2021-01-10;0;0;0;0;0;0;0;0;0;0;0;0;0;0;0;0;0;0
FR;4;2021-01-11;0;0;0;0;0;0;0;0;0;0;0;0;0;0;0;0;0;0
FR;4;2021-01-12;0;0;0;0;0;0;0;0;0;0;0;0;0;0;0;0;0;0
FR;4;2021-01-13;0;0;0;0;0;0;0;0;0;0;0;0;0;0;0;0;0;0
FR;4;2021-01-14;0;0;0;0;0;0;0;0;0;0;0;0;0;0;0;0;0;0
FR;4;2021-01-15;0;0;0;0;0;0;0;0;0;0;0;0;0;0;0;0;0;0
FR;4;2021-01-16;0;0;0;0;0;0;0;0;0;0;0;0;0;0;0;0;0;0
FR;4;2021-01-17;0;0;0;0;0;0;0;0;0;0;0;0;0;0;0;0;0;0
FR;4;2021-01-18;0;0;0;0;0;0;0;0;0;0;0;0;0;0;0;0;0;0
FR;4;2021-01-19;0;0;0;0;0;0;0;0;0;0;0;0;0;0;0;0;0;0
FR;4;2021-01-20;0;0;0;0;0;0;0;0;0;0;0;0;0;0;0;0;0;0
FR;4;2021-01-21;0;0;0;0;0;0;0;0;0;0;0;0;0;0;0;0;0;0
FR;4;2021-01-22;0;0;0;0;0;0;0;0;0;0;0;0;0;0;0;0;0;0
FR;4;2021-01-23;0;0;0;0;0;0;0;0;0;0;0;0;0;0;0;0;0;0
FR;4;2021-01-24;0;0;0;0;0;0;0;0;0;0;0;0;0;0;0;0;0;0
FR;4;2021-01-25;0;0;0;0;0;0;0;0;0;0;0;0;0;0;0;0;0;0
FR;4;2021-01-26;0;0;0;0;0;0;0;0;0;0;0;0;0;0;0;0;0;0
FR;4;2021-01-27;0;0;0;0;0;0;0;0;0;0;0;0;0;0;0;0;0;0
FR;4;2021-01-28;0;0;0;0;0;0;0;0;0;0;0;0;0;0;0;0;0;0
FR;4;2021-01-29;0;0;0;0;0;0;0;0;0;0;0;0;0;0;0;0;0;0
FR;4;2021-01-30;0;0;0;0;0;0;0;0;0;0;0;0;0;0;0;0;0;0
FR;4;2021-01-31;0;0;0;0;0;0;0;0;0;0;0;0;0;0;0;0;0;0
FR;4;2021-02-01;0;0;0;0;0;0;0;0;0;0;0;0;0;0;0;0;0;0
FR;4;2021-02-02;0;0;0;0;0;0;0;0;0;0;0;0;0;0;0;0;0;0
FR;4;2021-02-03;0;0;0;0;0;0;0;0;0;0;0;0;0;0;0;0;0;0
FR;4;2021-02-04;0;0;0;0;0;0;0;0;0;0;0;0;0;0;0;0;0;0
FR;4;2021-02-05;0;0;0;0;0;0;0;0;0;0;0;0;0;0;0;0;0;0
FR;4;2021-02-06;0;0;0;0;0;0;0;0;0;0;0;0;0;0;0;0;0;0
FR;4;2021-02-07;0;0;0;0;0;0;0;0;0;0;0;0;0;0;0;0;0;0
FR;4;2021-02-08;0;0;0;0;0;0;0;0;0;0;0;0;0;0;0;0;0;0
FR;4;2021-02-09;0;0;0;0;0;0;0;0;0;0;0;0;0;0;0;0;0;0
FR;4;2021-02-10;0;0;0;0;0;0;0;0;0;0;0;0;0;0;0;0;0;0
FR;4;2021-02-11;0;0;0;0;0;0;0;0;0;0;0;0;0;0;0;0;0;0
FR;4;2021-02-12;0;0;0;0;0;0;0;0;0;0;0;0;0;0;0;0;0;0
FR;4;2021-02-13;0;0;0;0;0;0;0;0;0;0;0;0;0;0;0;0;0;0
FR;4;2021-02-14;0;0;0;0;0;0;0;0;0;0;0;0;0;0;0;0;0;0
FR;4;2021-02-15;0;0;0;0;0;0;0;0;0;0;0;0;0;0;0;0;0;0
FR;4;2021-02-16;0;0;0;0;0;0;0;0;0;0;0;0;0;0;0;0;0;0
FR;4;2021-02-17;0;0;0;0;0;0;0;0;0;0;0;0;0;0;0;0;0;0
FR;4;2021-02-18;0;0;0;0;0;0;0;0;0;0;0;0;0;0;0;0;0;0
FR;4;2021-02-19;0;0;0;0;0;0;0;0;0;0;0;0;0;0;0;0;0;0
FR;4;2021-02-20;0;0;0;0;0;0;0;0;0;0;0;0;0;0;0;0;0;0
FR;4;2021-02-21;0;0;0;0;0;0;0;0;0;0;0;0;0;0;0;0;0;0
FR;4;2021-02-22;0;0;0;0;0;0;0;0;0;0;0;0;0;0;0;0;0;0
FR;4;2021-02-23;0;0;0;0;0;0;0;0;0;0;0;0;0;0;0;0;0;0
FR;4;2021-02-24;0;0;0;0;0;0;0;0;0;0;0;0;0;0;0;0;0;0
FR;4;2021-02-25;0;0;0;0;0;0;0;0;0;0;0;0;0;0;0;0;0;0
FR;4;2021-02-26;0;0;0;0;0;0;0;0;0;0;0;0;0;0;0;0;0;0
FR;4;2021-02-27;0;0;0;0;0;0;0;0;0;0;0;0;0;0;0;0;0;0
FR;4;2021-02-28;0;0;0;0;0;0;0;0;0;0;0;0;0;0;0;0;0;0
FR;4;2021-03-01;0;0;0;0;0;0;0;0;0;0;0;0;0;0;0;0;0;0
FR;4;2021-03-02;0;0;0;0;0;0;0;0;0;0;0;0;0;0;0;0;0;0
FR;4;2021-03-03;0;0;0;0;0;0;0;0;0;0;0;0;0;0;0;0;0;0
FR;4;2021-03-04;0;0;0;0;0;0;0;0;0;0;0;0;0;0;0;0;0;0
FR;4;2021-03-05;0;0;0;0;0;0;0;0;0;0;0;0;0;0;0;0;0;0
FR;4;2021-03-06;0;0;0;0;0;0;0;0;0;0;0;0;0;0;0;0;0;0
FR;4;2021-03-07;0;0;0;0;0;0;0;0;0;0;0;0;0;0;0;0;0;0
FR;4;2021-03-08;0;0;0;0;0;0;0;0;0;0;0;0;0;0;0;0;0;0
FR;4;2021-03-09;0;0;0;0;0;0;0;0;0;0;0;0;0;0;0;0;0;0
FR;4;2021-03-10;0;0;0;0;0;0;0;0;0;0;0;0;0;0;0;0;0;0
FR;4;2021-03-11;0;0;0;0;0;0;0;0;0;0;0;0;0;0;0;0;0;0
FR;4;2021-03-12;0;0;0;0;0;0;0;0;0;0;0;0;0;0;0;0;0;0
FR;4;2021-03-13;0;0;0;0;0;0;0;0;0;0;0;0;0;0;0;0;0;0
FR;4;2021-03-14;0;0;0;0;0;0;0;0;0;0;0;0;0;0;0;0;0;0
FR;4;2021-03-15;0;0;0;0;0;0;0;0;0;0;0;0;0;0;0;0;0;0
FR;4;2021-03-16;0;0;0;0;0;0;0;0;0;0;0;0;0;0;0;0;0;0
FR;4;2021-03-17;0;0;0;0;0;0;0;0;0;0;0;0;0;0;0;0;0;0
FR;4;2021-03-18;0;0;0;0;0;0;0;0;0;0;0;0;0;0;0;0;0;0
FR;4;2021-03-19;0;0;0;0;0;0;0;0;0;0;0;0;0;0;0;0;0;0
FR;4;2021-03-20;0;0;0;0;0;0;0;0;0;0;0;0;0;0;0;0;0;0
FR;4;2021-03-21;0;0;0;0;0;0;0;0;0;0;0;0;0;0;0;0;0;0
FR;4;2021-03-22;0;0;0;0;0;0;0;0;0;0;0;0;0;0;0;0;0;0
FR;4;2021-03-23;0;0;0;0;0;0;0;0;0;0;0;0;0;0;0;0;0;0
FR;4;2021-03-24;0;0;0;0;0;0;0;0;0;0;0;0;0;0;0;0;0;0
FR;4;2021-03-25;0;0;0;0;0;0;0;0;0;0;0;0;0;0;0;0;0;0
FR;4;2021-03-26;0;0;0;0;0;0;0;0;0;0;0;0;0;0;0;0;0;0
FR;4;2021-03-27;0;0;0;0;0;0;0;0;0;0;0;0;0;0;0;0;0;0
FR;4;2021-03-28;0;0;0;0;0;0;0;0;0;0;0;0;0;0;0;0;0;0
FR;4;2021-03-29;0;0;0;0;0;0;0;0;0;0;0;0;0;0;0;0;0;0
FR;4;2021-03-30;0;0;0;0;0;0;0;0;0;0;0;0;0;0;0;0;0;0
FR;4;2021-03-31;0;0;0;0;0;0;0;0;0;0;0;0;0;0;0;0;0;0
FR;4;2021-04-01;0;0;0;0;0;0;0;0;0;0;0;0;0;0;0;0;0;0
FR;4;2021-04-02;0;0;0;0;0;0;0;0;0;0;0;0;0;0;0;0;0;0
FR;4;2021-04-03;0;0;0;0;0;0;0;0;0;0;0;0;0;0;0;0;0;0
FR;4;2021-04-04;0;0;0;0;0;0;0;0;0;0;0;0;0;0;0;0;0;0
FR;4;2021-04-05;0;0;0;0;0;0;0;0;0;0;0;0;0;0;0;0;0;0
FR;4;2021-04-06;0;0;0;0;0;0;0;0;0;0;0;0;0;0;0;0;0;0
FR;4;2021-04-07;0;0;0;0;0;0;0;0;0;0;0;0;0;0;0;0;0;0
FR;4;2021-04-08;0;0;0;0;0;0;0;0;0;0;0;0;0;0;0;0;0;0
FR;4;2021-04-09;0;0;0;0;0;0;0;0;0;0;0;0;0;0;0;0;0;0
FR;4;2021-04-10;0;0;0;0;0;0;0;0;0;0;0;0;0;0;0;0;0;0
FR;4;2021-04-11;0;0;0;0;0;0;0;0;0;0;0;0;0;0;0;0;0;0
FR;4;2021-04-12;0;0;0;0;0;0;0;0;0;0;0;0;0;0;0;0;0;0
FR;4;2021-04-13;0;0;0;0;0;0;0;0;0;0;0;0;0;0;0;0;0;0
FR;4;2021-04-14;0;0;0;0;0;0;0;0;0;0;0;0;0;0;0;0;0;0
FR;4;2021-04-15;0;0;0;0;0;0;0;0;0;0;0;0;0;0;0;0;0;0
FR;4;2021-04-16;0;0;0;0;0;0;0;0;0;0;0;0;0;0;0;0;0;0
FR;4;2021-04-17;0;0;0;0;0;0;0;0;0;0;0;0;0;0;0;0;0;0
FR;4;2021-04-18;0;0;0;0;0;0;0;0;0;0;0;0;0;0;0;0;0;0
FR;4;2021-04-19;0;0;0;0;0;0;0;0;0;0;0;0;0;0;0;0;0;0
FR;4;2021-04-20;0;0;0;0;0;0;0;0;0;0;0;0;0;0;0;0;0;0
FR;4;2021-04-21;0;0;0;0;0;0;0;0;0;0;0;0;0;0;0;0;0;0
FR;4;2021-04-22;0;0;0;0;0;0;0;0;0;0;0;0;0;0;0;0;0;0
FR;4;2021-04-23;3660;0;0;0;3622;0;0;0;0;3660;0;0;0;3622;0;0;0;0
FR;4;2021-04-24;1570;1;0;0;1559;0;0;0;0;5230;1;0;0;5181;0;0;0;0
FR;4;2021-04-25;125;0;0;0;125;0;0;0;0;5355;1;0;0;5306;0;0;0;0
FR;4;2021-04-26;2872;1;0;0;2862;0;0;0;0;8227;2;0;0;8168;0;0;0;0
FR;4;2021-04-27;9520;3;0;0;9501;0;0;0;0;17747;5;0;0;17669;0;0;0;0
FR;4;2021-04-28;9910;6;0;0;9885;0;0;0;0;27657;11;0;0;27554;0;0;0;0
FR;4;2021-04-29;15995;8;0;0;15979;0;0;0;0;43652;19;0;0;43533;0;0;0;0
FR;4;2021-04-30;19234;10;0;0;19205;0;0;0;0;62886;29;0;0;62738;0;0;0;0
FR;4;2021-05-01;1994;6;0;0;1992;0;0;0;0;64880;35;0;0;64730;0;0;0;0
FR;4;2021-05-02;484;0;0;0;482;0;0;0;0;65364;35;0;0;65212;0;0;0;0
FR;4;2021-05-03;5066;2;0;0;5059;0;0;0;0;70430;37;0;0;70271;0;0;0;0
FR;4;2021-05-04;8411;11;0;0;8400;0;0;0;0;78841;48;0;0;78671;0;0;0;0
FR;4;2021-05-05;6193;7;0;0;6188;0;0;0;0;85034;55;0;0;84859;0;0;0;0
FR;4;2021-05-06;11388;11;0;0;11385;0;0;0;0;96422;66;0;0;96244;0;0;0;0
FR;4;2021-05-07;19127;9;0;0;19088;0;0;0;0;115549;75;0;0;115332;0;0;0;0
FR;4;2021-05-08;2376;7;0;0;2380;0;0;0;0;117925;82;0;0;117712;0;0;0;0
FR;4;2021-05-09;692;3;0;0;693;0;0;0;0;118617;85;0;0;118405;0;0;0;0
FR;4;2021-05-10;7246;5;1;0;7243;0;0;0;0;125863;90;1;0;125648;0;0;0;0
FR;4;2021-05-11;14325;13;0;0;14305;0;0;0;0;140188;103;1;0;139953;0;0;0;0
FR;4;2021-05-12;10176;15;0;0;10179;0;0;0;0;150364;118;1;0;150132;0;0;0;0
FR;4;2021-05-13;1584;4;0;0;1585;0;0;0;0;151948;122;1;0;151717;0;0;0;0
FR;4;2021-05-14;7768;7;0;0;7763;0;0;0;0;159716;129;1;0;159480;0;0;0;0
FR;4;2021-05-15;3721;8;1;0;3720;0;0;0;0;163437;137;2;0;163200;0;0;0;0
FR;4;2021-05-16;417;1;0;0;417;0;0;0;0;163854;138;2;0;163617;0;0;0;0
FR;4;2021-05-17;4485;8;0;0;4484;0;0;0;0;168339;146;2;0;168101;0;0;0;0
FR;4;2021-05-18;8769;10;0;0;8769;0;0;0;0;177108;156;2;0;176870;0;0;0;0
FR;4;2021-05-19;5699;7;0;0;5701;0;0;0;0;182807;163;2;0;182571;0;0;0;0
FR;4;2021-05-20;9487;8;0;0;9479;0;0;0;0;192294;171;2;0;192050;0;0;0;0
FR;4;2021-05-21;12816;30;0;0;12823;0;0;0;0;205110;201;2;0;204873;0;0;0;0
FR;4;2021-05-22;5063;15;0;0;5070;0;0;0;0;210173;216;2;0;209943;0;0;0;0
FR;4;2021-05-23;498;4;0;0;501;0;0;0;0;210671;220;2;0;210444;0;0;0;0
FR;4;2021-05-24;1062;7;0;0;1066;0;0;0;0;211733;227;2;0;211510;0;0;0;0
FR;4;2021-05-25;7637;16;0;0;7643;0;0;0;0;219370;243;2;0;219153;0;0;0;0
FR;4;2021-05-26;7731;16;0;0;7739;0;0;0;0;227101;259;2;0;226892;0;0;0;0
FR;4;2021-05-27;14340;35;0;0;14349;0;0;0;0;241441;294;2;0;241241;0;0;0;0
FR;4;2021-05-28;26593;82;1;0;26634;0;0;0;0;268034;376;3;0;267875;0;0;0;0
FR;4;2021-05-29;11385;19;0;0;11385;0;0;0;0;279419;395;3;0;279260;0;0;0;0
FR;4;2021-05-30;974;7;0;0;973;0;0;0;0;280393;402;3;0;280233;0;0;0;0
FR;4;2021-05-31;12701;21;0;0;12701;0;0;0;0;293094;423;3;0;292934;0;0;0;0
FR;4;2021-06-01;20283;48;1;0;20301;0;0;0;0;313377;471;4;0;313235;0;0;0;0
FR;4;2021-06-02;14526;33;0;0;14538;0;0;0;0;327903;504;4;0;327773;0;0;0;0
FR;4;2021-06-03;19436;24;1;0;19434;0;0;0;0;347339;528;5;0;347207;0;0;0;0
FR;4;2021-06-04;22520;48;0;0;22538;0;0;0;0;369859;576;5;0;369745;0;0;0;0
FR;4;2021-06-05;9717;32;0;0;9721;0;0;0;0;379576;608;5;0;379466;0;0;0;0
FR;4;2021-06-06;1041;2;0;0;1037;0;0;0;0;380617;610;5;0;380503;0;0;0;0
FR;4;2021-06-07;9230;19;0;0;9238;0;0;0;0;389847;629;5;0;389741;0;0;0;0
FR;4;2021-06-08;14614;32;0;0;14626;0;0;0;0;404461;661;5;0;404367;0;0;0;0
FR;4;2021-06-09;12218;25;0;0;12226;0;0;0;0;416679;686;5;0;416593;0;0;0;0
FR;4;2021-06-10;15408;30;0;0;15416;0;0;0;0;432087;716;5;0;432009;0;0;0;0
FR;4;2021-06-11;16990;57;0;0;17017;0;0;0;0;449077;773;5;0;449026;0;0;0;0
FR;4;2021-06-12;7453;27;0;0;7478;0;0;0;0;456530;800;5;0;456504;0;0;0;0
FR;4;2021-06-13;908;3;0;0;910;0;0;0;0;457438;803;5;0;457414;0;0;0;0
FR;4;2021-06-14;6652;27;0;0;6662;0;0;0;0;464090;830;5;0;464076;0;0;0;0
FR;4;2021-06-15;10896;39;0;0;10913;0;0;0;0;474986;869;5;0;474989;0;0;0;0
FR;4;2021-06-16;8909;17;0;0;8917;0;0;0;0;483895;886;5;0;483906;0;0;0;0
FR;4;2021-06-17;10903;36;0;0;10915;0;0;0;0;494798;922;5;0;494821;0;0;0;0
FR;4;2021-06-18;12427;45;0;0;12454;0;0;0;0;507225;967;5;0;507275;0;0;0;0
FR;4;2021-06-19;5568;25;0;0;5588;0;0;0;0;512793;992;5;0;512863;0;0;0;0
FR;4;2021-06-20;828;5;0;0;832;0;0;0;0;513621;997;5;0;513695;0;0;0;0
FR;4;2021-06-21;5106;21;0;0;5106;0;0;0;0;518727;1018;5;0;518801;0;0;0;0
FR;4;2021-06-22;7914;29;2;0;7932;0;0;0;0;526641;1047;7;0;526733;0;0;0;0
FR;4;2021-06-23;7106;43;2;0;7133;0;0;0;0;533747;1090;9;0;533866;0;0;0;0
FR;4;2021-06-24;8657;46;1;0;8689;0;0;0;0;542404;1136;10;0;542555;0;0;0;0
FR;4;2021-06-25;10179;41;2;0;10211;0;0;0;0;552583;1177;12;0;552766;0;0;0;0
FR;4;2021-06-26;4854;23;0;0;4871;0;0;0;0;557437;1200;12;0;557637;0;0;0;0
FR;4;2021-06-27;769;4;0;0;771;0;0;0;0;558206;1204;12;0;558408;0;0;0;0
FR;4;2021-06-28;4835;16;1;0;4844;0;0;0;0;563041;1220;13;0;563252;0;0;0;0
FR;4;2021-06-29;7110;28;2;0;7119;0;0;0;0;570151;1248;15;0;570371;0;0;0;0
FR;4;2021-06-30;6728;41;2;0;6756;0;0;0;0;576879;1289;17;0;577127;0;0;0;0
FR;4;2021-07-01;8213;42;0;0;8235;0;0;0;0;585092;1331;17;0;585362;0;0;0;0
FR;4;2021-07-02;9430;53;1;0;9470;0;0;0;0;594522;1384;18;0;594832;0;0;0;0
FR;4;2021-07-03;4848;20;0;0;4863;0;0;0;0;599370;1404;18;0;599695;0;0;0;0
FR;4;2021-07-04;690;5;0;0;692;0;0;0;0;600060;1409;18;0;600387;0;0;0;0
FR;4;2021-07-05;4774;19;2;0;4785;0;0;0;0;604834;1428;20;0;605172;0;0;0;0
FR;4;2021-07-06;7729;29;4;0;7742;0;0;0;0;612563;1457;24;0;612914;0;0;0;0
FR;4;2021-07-07;7088;34;2;0;7100;0;0;0;0;619651;1491;26;0;620014;0;0;0;0
FR;4;2021-07-08;9235;40;2;0;9258;0;0;0;0;628886;1531;28;0;629272;0;0;0;0
FR;4;2021-07-09;10282;34;1;0;10305;0;0;0;0;639168;1565;29;0;639577;0;0;0;0
FR;4;2021-07-10;4639;14;2;0;4646;0;0;0;0;643807;1579;31;0;644223;0;0;0;0
FR;4;2021-07-11;586;4;1;0;584;0;0;0;0;644393;1583;32;0;644807;0;0;0;0
FR;4;2021-07-12;5878;29;0;0;5900;0;0;0;0;650271;1612;32;0;650707;0;0;0;0
FR;4;2021-07-13;14231;29;0;0;14249;0;0;0;0;664502;1641;32;0;664956;0;0;0;0
FR;4;2021-07-14;2291;15;0;0;2291;0;0;0;0;666793;1656;32;0;667247;0;0;0;0
FR;4;2021-07-15;18239;37;0;0;18256;0;0;0;0;685032;1693;32;0;685503;0;0;0;0
FR;4;2021-07-16;22838;71;2;0;22888;0;0;0;0;707870;1764;34;0;708391;0;0;0;0
FR;4;2021-07-17;9741;20;0;0;9749;0;0;0;0;717611;1784;34;0;718140;0;0;0;0
FR;4;2021-07-18;1359;5;0;0;1362;0;0;0;0;718970;1789;34;0;719502;0;0;0;0
FR;4;2021-07-19;12991;30;1;0;13016;0;0;0;0;731961;1819;35;0;732518;0;0;0;0
FR;4;2021-07-20;17344;26;1;0;17360;0;0;0;0;749305;1845;36;0;749878;0;0;0;0
FR;4;2021-07-21;15623;33;0;0;15643;0;0;0;0;764928;1878;36;0;765521;0;0;0;0
FR;4;2021-07-22;18247;45;2;0;18271;0;0;0;0;783175;1923;38;0;783792;0;0;0;0
FR;4;2021-07-23;20420;57;7;0;20453;0;0;0;0;803595;1980;45;0;804245;0;0;0;0
FR;4;2021-07-24;9290;34;0;0;9305;0;0;0;0;812885;2014;45;0;813550;0;0;0;0
FR;4;2021-07-25;1356;11;0;0;1358;0;0;0;0;814241;2025;45;0;814908;0;0;0;0
FR;4;2021-07-26;11050;23;0;0;11057;0;0;0;0;825291;2048;45;0;825965;0;0;0;0
FR;4;2021-07-27;14688;35;3;0;14708;0;0;0;0;839979;2083;48;0;840673;0;0;0;0
FR;4;2021-07-28;12937;26;2;0;12954;0;0;0;0;852916;2109;50;0;853627;0;0;0;0
FR;4;2021-07-29;14097;54;4;0;14139;0;0;0;0;867013;2163;54;0;867766;0;0;0;0
FR;4;2021-07-30;15502;46;2;0;15532;0;0;0;0;882515;2209;56;0;883298;0;0;0;0
FR;4;2021-07-31;6845;14;2;0;6855;0;0;0;0;889360;2223;58;0;890153;0;0;0;0
FR;4;2021-08-01;906;1;0;0;901;0;0;0;0;890266;2224;58;0;891054;0;0;0;0
FR;4;2021-08-02;7918;31;0;0;7919;0;0;0;0;898184;2255;58;0;898973;0;0;0;0
FR;4;2021-08-03;10805;31;2;0;10801;0;0;0;0;908989;2286;60;0;909774;0;0;0;0
FR;4;2021-08-04;9749;29;0;0;9748;0;0;0;0;918738;2315;60;0;919522;0;0;0;0
FR;4;2021-08-05;9831;42;0;0;9837;0;0;0;0;928569;2357;60;0;929359;0;0;0;0
FR;4;2021-08-06;10201;30;3;0;10198;0;0;0;0;938770;2387;63;0;939557;0;0;0;0
FR;4;2021-08-07;5100;30;1;0;5116;0;0;0;0;943870;2417;64;0;944673;0;0;0;0
FR;4;2021-08-08;1225;13;0;0;1228;0;0;0;0;945095;2430;64;0;945901;0;0;0;0
FR;4;2021-08-09;6350;31;0;0;6343;0;0;0;0;951445;2461;64;0;952244;0;0;0;0
FR;4;2021-08-10;8753;18;0;0;8724;0;0;0;0;960198;2479;64;0;960968;0;0;0;0
FR;4;2021-08-11;7945;34;4;0;7934;0;0;0;0;968143;2513;68;0;968902;0;0;0;0
FR;4;2021-08-12;8585;31;1;0;8573;0;0;0;0;976728;2544;69;0;977475;0;0;0;0
FR;4;2021-08-13;7561;25;0;1;7548;0;0;0;0;984289;2569;69;1;985023;0;0;0;0
FR;4;2021-08-14;3793;20;0;0;3777;0;0;0;0;988082;2589;69;1;988800;0;0;0;0
FR;4;2021-08-15;771;5;0;0;773;0;0;0;0;988853;2594;69;1;989573;0;0;0;0
FR;4;2021-08-16;4009;17;0;0;4004;0;0;0;0;992862;2611;69;1;993577;0;0;0;0
FR;4;2021-08-17;5634;17;1;0;5624;0;0;0;0;998496;2628;70;1;999201;0;0;0;0
FR;4;2021-08-18;5172;37;0;0;5189;0;0;0;0;1003668;2665;70;1;1004390;0;0;0;0
FR;4;2021-08-19;5489;34;3;0;5503;0;0;0;0;1009157;2699;73;1;1009893;0;0;0;0
FR;4;2021-08-20;5225;25;1;0;5235;0;0;0;0;1014382;2724;74;1;1015128;0;0;0;0
FR;4;2021-08-21;2311;23;1;0;2328;0;0;0;0;1016693;2747;75;1;1017456;0;0;0;0
FR;4;2021-08-22;414;2;0;0;415;0;0;0;0;1017107;2749;75;1;1017871;0;0;0;0
FR;4;2021-08-23;2936;21;1;0;2944;0;0;0;0;1020043;2770;76;1;1020815;0;0;0;0
FR;4;2021-08-24;3758;16;0;0;3761;0;0;0;0;1023801;2786;76;1;1024576;0;0;0;0
FR;4;2021-08-25;3546;25;1;0;3562;0;0;0;0;1027347;2811;77;1;1028138;0;0;0;0
FR;4;2021-08-26;3716;21;2;0;3728;0;0;0;0;1031063;2832;79;1;1031866;0;0;0;0
FR;4;2021-08-27;3617;31;2;0;3635;0;0;0;0;1034680;2863;81;1;1035501;0;0;0;0
FR;4;2021-08-28;1732;10;1;0;1737;0;0;0;0;1036412;2873;82;1;1037238;0;0;0;0
FR;4;2021-08-29;385;7;1;0;389;0;0;0;0;1036797;2880;83;1;1037627;0;0;0;0
FR;4;2021-08-30;2010;25;0;0;2018;16;0;0;0;1038807;2905;83;1;1039645;16;0;0;0
FR;4;2021-08-31;2487;21;0;0;2494;14;0;0;0;1041294;2926;83;1;1042139;30;0;0;0
FR;4;2021-09-01;2085;38;1;0;2096;22;0;0;0;1043379;2964;84;1;1044235;52;0;0;0
FR;4;2021-09-02;2309;31;4;0;2322;18;0;0;0;1045688;2995;88;1;1046557;70;0;0;0
FR;4;2021-09-03;2366;44;5;0;2375;36;0;0;0;1048054;3039;93;1;1048932;106;0;0;0
FR;4;2021-09-04;1374;18;0;0;1381;9;0;0;0;1049428;3057;93;1;1050313;115;0;0;0
FR;4;2021-09-05;434;2;0;0;434;2;0;0;0;1049862;3059;93;1;1050747;117;0;0;0
FR;4;2021-09-06;1713;62;0;0;1750;24;0;0;0;1051575;3121;93;1;1052497;141;0;0;0
FR;4;2021-09-07;1681;18;0;0;1690;8;0;0;0;1053256;3139;93;1;1054187;149;0;0;0
FR;4;2021-09-08;1286;26;3;0;1291;19;0;0;0;1054542;3165;96;1;1055478;168;0;0;0
FR;4;2021-09-09;1394;23;2;0;1404;9;0;0;0;1055936;3188;98;1;1056882;177;0;0;0
FR;4;2021-09-10;1522;31;2;0;1526;23;1;0;0;1057458;3219;100;1;1058408;200;1;0;0
FR;4;2021-09-11;746;11;0;0;749;3;0;0;0;1058204;3230;100;1;1059157;203;1;0;0
FR;4;2021-09-12;169;5;0;0;170;4;0;0;0;1058373;3235;100;1;1059327;207;1;0;0
FR;4;2021-09-13;1325;22;1;0;1328;16;0;0;0;1059698;3257;101;1;1060655;223;1;0;0
FR;4;2021-09-14;1507;9;2;0;1509;7;0;0;0;1061205;3266;103;1;1062164;230;1;0;0
FR;4;2021-09-15;1095;28;1;0;1098;25;0;0;0;1062300;3294;104;1;1063262;255;1;0;0
FR;4;2021-09-16;1107;22;2;0;1111;15;0;0;0;1063407;3316;106;1;1064373;270;1;0;0
FR;4;2021-09-17;898;21;1;0;905;12;0;0;0;1064305;3337;107;1;1065278;282;1;0;0
FR;4;2021-09-18;464;7;1;0;465;6;0;0;0;1064769;3344;108;1;1065743;288;1;0;0
FR;4;2021-09-19;182;3;0;0;183;2;0;0;0;1064951;3347;108;1;1065926;290;1;0;0
FR;4;2021-09-20;452;19;0;0;458;13;0;0;0;1065403;3366;108;1;1066384;303;1;0;0
FR;4;2021-09-21;434;11;0;0;436;7;0;0;0;1065837;3377;108;1;1066820;310;1;0;0
FR;4;2021-09-22;377;19;4;0;384;15;0;0;0;1066214;3396;112;1;1067204;325;1;0;0
FR;4;2021-09-23;488;15;1;0;489;14;0;0;0;1066702;3411;113;1;1067693;339;1;0;0
FR;4;2021-09-24;416;13;2;0;420;9;0;0;0;1067118;3424;115;1;1068113;348;1;0;0
FR;4;2021-09-25;281;10;1;0;282;5;0;0;0;1067399;3434;116;1;1068395;353;1;0;0
FR;4;2021-09-26;75;2;0;0;76;1;0;0;0;1067474;3436;116;1;1068471;354;1;0;0
FR;4;2021-09-27;270;10;1;0;271;8;0;0;0;1067744;3446;117;1;1068742;362;1;0;0
FR;4;2021-09-28;319;8;0;0;319;8;0;0;0;1068063;3454;117;1;1069061;370;1;0;0
FR;4;2021-09-29;378;19;1;0;380;13;0;0;0;1068441;3473;118;1;1069441;383;1;0;0
FR;4;2021-09-30;367;41;0;0;381;22;0;0;0;1068808;3514;118;1;1069822;405;1;0;0
FR;4;2021-10-01;411;56;0;0;413;50;0;0;0;1069219;3570;118;1;1070235;455;1;0;0
FR;4;2021-10-02;196;23;1;0;198;14;0;0;0;1069415;3593;119;1;1070433;469;1;0;0
FR;4;2021-10-03;86;1;0;0;87;0;0;0;0;1069501;3594;119;1;1070520;469;1;0;0
FR;4;2021-10-04;363;20;1;0;367;16;0;0;0;1069864;3614;120;1;1070887;485;1;0;0
FR;4;2021-10-05;286;19;2;0;288;15;0;0;0;1070150;3633;122;1;1071175;500;1;0;0
FR;4;2021-10-06;249;23;1;0;254;18;0;0;0;1070399;3656;123;1;1071429;518;1;0;0
FR;4;2021-10-07;268;25;2;0;273;13;0;0;0;1070667;3681;125;1;1071702;531;1;0;0
FR;4;2021-10-08;357;24;2;0;360;20;0;0;0;1071024;3705;127;1;1072062;551;1;0;0
FR;4;2021-10-09;194;6;6;0;195;7;0;0;0;1071218;3711;133;1;1072257;558;1;0;0
FR;4;2021-10-10;97;3;2;0;99;3;0;0;0;1071315;3714;135;1;1072356;561;1;0;0
FR;4;2021-10-11;252;15;1;0;253;14;0;0;0;1071567;3729;136;1;1072609;575;1;0;0
FR;4;2021-10-12;211;14;0;0;211;13;0;0;0;1071778;3743;136;1;1072820;588;1;0;0
FR;4;2021-10-13;221;28;1;0;224;25;0;0;0;1071999;3771;137;1;1073044;613;1;0;0
FR;4;2021-10-14;316;21;4;0;320;15;0;0;0;1072315;3792;141;1;1073364;628;1;0;0
FR;4;2021-10-15;324;24;5;0;325;25;0;0;0;1072639;3816;146;1;1073689;653;1;0;0
FR;4;2021-10-16;167;6;2;0;167;6;0;0;0;1072806;3822;148;1;1073856;659;1;0;0
FR;4;2021-10-17;70;2;0;0;71;1;0;0;0;1072876;3824;148;1;1073927;660;1;0;0
FR;4;2021-10-18;282;16;1;0;284;13;0;0;0;1073158;3840;149;1;1074211;673;1;0;0
FR;4;2021-10-19;215;15;2;0;215;16;0;0;0;1073373;3855;151;1;1074426;689;1;0;0
FR;4;2021-10-20;232;27;4;0;235;15;0;0;0;1073605;3882;155;1;1074661;704;1;0;0
FR;4;2021-10-21;244;18;0;0;246;14;0;0;0;1073849;3900;155;1;1074907;718;1;0;0
FR;4;2021-10-22;217;25;2;0;219;20;1;0;0;1074066;3925;157;1;1075126;738;2;0;0
FR;4;2021-10-23;117;16;1;0;118;15;0;0;0;1074183;3941;158;1;1075244;753;2;0;0
FR;4;2021-10-24;39;4;0;0;39;1;0;0;0;1074222;3945;158;1;1075283;754;2;0;0
FR;4;2021-10-25;218;7;2;0;218;9;0;0;0;1074440;3952;160;1;1075501;763;2;0;0
FR;4;2021-10-26;200;14;0;0;202;12;0;0;0;1074640;3966;160;1;1075703;775;2;0;0
FR;4;2021-10-27;196;12;4;0;196;12;2;0;0;1074836;3978;164;1;1075899;787;4;0;0
FR;4;2021-10-28;187;18;5;0;187;22;0;0;0;1075023;3996;169;1;1076086;809;4;0;0
FR;4;2021-10-29;227;18;2;0;228;16;0;0;0;1075250;4014;171;1;1076314;825;4;0;0
FR;4;2021-10-30;104;2;1;0;105;2;0;0;0;1075354;4016;172;1;1076419;827;4;0;0
FR;4;2021-10-31;59;3;2;0;60;3;0;0;0;1075413;4019;174;1;1076479;830;4;0;0
FR;4;2021-11-01;76;27;4;0;77;24;3;0;0;1075489;4046;178;1;1076556;854;7;0;0
FR;4;2021-11-02;164;21;2;0;165;21;0;0;0;1075653;4067;180;1;1076721;875;7;0;0
FR;4;2021-11-03;133;21;8;1;134;19;6;0;0;1075786;4088;188;2;1076855;894;13;0;0
FR;4;2021-11-04;187;15;1;0;188;12;1;0;0;1075973;4103;189;2;1077043;906;14;0;0
FR;4;2021-11-05;130;17;1;0;131;16;0;0;0;1076103;4120;190;2;1077174;922;14;0;0
FR;4;2021-11-06;82;6;1;0;82;6;0;0;0;1076185;4126;191;2;1077256;928;14;0;0
FR;4;2021-11-07;83;2;2;0;83;4;0;0;0;1076268;4128;193;2;1077339;932;14;0;0
FR;4;2021-11-08;162;20;1;0;163;20;0;0;0;1076430;4148;194;2;1077502;952;14;0;0
FR;4;2021-11-09;159;14;3;0;159;16;0;0;0;1076589;4162;197;2;1077661;968;14;0;0
FR;4;2021-11-10;121;30;7;0;121;33;2;0;0;1076710;4192;204;2;1077782;1001;16;0;0
FR;4;2021-11-11;100;10;1;0;100;11;0;0;0;1076810;4202;205;2;1077882;1012;16;0;0
FR;4;2021-11-12;107;19;2;0;108;18;1;0;0;1076917;4221;207;2;1077990;1030;17;0;0
FR;4;2021-11-13;74;15;2;0;75;14;0;0;0;1076991;4236;209;2;1078065;1044;17;0;0
FR;4;2021-11-14;55;5;4;0;56;8;0;0;0;1077046;4241;213;2;1078121;1052;17;0;0
FR;4;2021-11-15;99;26;2;0;101;24;2;0;0;1077145;4267;215;2;1078222;1076;19;0;0
FR;4;2021-11-16;112;14;3;0;112;17;0;0;0;1077257;4281;218;2;1078334;1093;19;0;0
FR;4;2021-11-17;122;30;4;0;122;30;1;0;0;1077379;4311;222;2;1078456;1123;20;0;0
FR;4;2021-11-18;103;34;14;0;105;43;1;0;0;1077482;4345;236;2;1078561;1166;21;0;0
FR;4;2021-11-19;89;21;3;0;89;22;1;0;0;1077571;4366;239;2;1078650;1188;22;0;0
FR;4;2021-11-20;78;8;1;0;78;8;0;0;0;1077649;4374;240;2;1078728;1196;22;0;0
FR;4;2021-11-21;69;7;2;0;69;9;0;0;0;1077718;4381;242;2;1078797;1205;22;0;0
FR;4;2021-11-22;109;28;9;0;110;33;2;0;0;1077827;4409;251;2;1078907;1238;24;0;0
FR;4;2021-11-23;78;31;6;0;79;29;2;0;0;1077905;4440;257;2;1078986;1267;26;0;0
FR;4;2021-11-24;91;23;12;0;93;25;4;0;0;1077996;4463;269;2;1079079;1292;30;0;0
FR;4;2021-11-25;96;28;19;0;97;35;5;0;0;1078092;4491;288;2;1079176;1327;35;0;0
FR;4;2021-11-26;86;43;12;0;90;45;3;0;0;1078178;4534;300;2;1079266;1372;38;0;0
FR;4;2021-11-27;42;22;15;0;42;25;10;0;0;1078220;4556;315;2;1079308;1397;48;0;0
FR;4;2021-11-28;53;8;0;0;54;7;0;0;0;1078273;4564;315;2;1079362;1404;48;0;0
FR;4;2021-11-29;90;31;16;0;90;40;2;0;0;1078363;4595;331;2;1079452;1444;50;0;0
FR;4;2021-11-30;77;37;13;0;77;42;2;0;0;1078440;4632;344;2;1079529;1486;52;0;0
FR;4;2021-12-01;88;60;19;0;88;67;11;0;0;1078528;4692;363;2;1079617;1553;63;0;0
FR;4;2021-12-02;114;48;21;0;118;56;3;0;0;1078642;4740;384;2;1079735;1609;66;0;0
FR;4;2021-12-03;105;36;15;0;105;44;4;0;0;1078747;4776;399;2;1079840;1653;70;0;0
FR;4;2021-12-04;73;31;18;0;75;44;1;0;0;1078820;4807;417;2;1079915;1697;71;0;0
FR;4;2021-12-05;64;7;1;0;65;7;0;0;0;1078884;4814;418;2;1079980;1704;71;0;0
FR;4;2021-12-06;112;46;20;0;112;60;3;0;0;1078996;4860;438;2;1080092;1764;74;0;0
FR;4;2021-12-07;85;37;9;0;88;36;3;0;0;1079081;4897;447;2;1080180;1800;77;0;0
FR;4;2021-12-08;74;31;17;0;76;38;7;0;0;1079155;4928;464;2;1080256;1838;84;0;0
FR;4;2021-12-09;65;32;10;1;65;39;3;0;0;1079220;4960;474;3;1080321;1877;87;0;0
FR;4;2021-12-10;64;64;20;0;65;68;10;0;0;1079284;5024;494;3;1080386;1945;97;0;0
FR;4;2021-12-11;30;34;7;0;30;34;3;0;0;1079314;5058;501;3;1080416;1979;100;0;0
FR;4;2021-12-12;30;12;3;0;30;15;0;0;0;1079344;5070;504;3;1080446;1994;100;0;0
FR;4;2021-12-13;79;40;14;0;81;49;2;0;0;1079423;5110;518;3;1080527;2043;102;0;0
FR;4;2021-12-14;61;43;18;0;62;55;2;0;0;1079484;5153;536;3;1080589;2098;104;0;0
FR;4;2021-12-15;68;65;29;0;68;86;6;0;0;1079552;5218;565;3;1080657;2184;110;0;0
FR;4;2021-12-16;35;45;18;0;36;58;3;0;0;1079587;5263;583;3;1080693;2242;113;0;0
FR;4;2021-12-17;39;55;11;0;39;59;6;0;0;1079626;5318;594;3;1080732;2301;119;0;0
FR;4;2021-12-18;49;31;3;0;50;33;0;0;0;1079675;5349;597;3;1080782;2334;119;0;0
FR;4;2021-12-19;16;4;1;0;17;4;0;0;0;1079691;5353;598;3;1080799;2338;119;0;0
FR;4;2021-12-20;45;38;10;0;46;41;6;0;0;1079736;5391;608;3;1080845;2379;125;0;0
FR;4;2021-12-21;32;32;17;0;34;39;5;0;0;1079768;5423;625;3;1080879;2418;130;0;0
FR;4;2021-12-22;37;39;10;0;38;39;7;0;0;1079805;5462;635;3;1080917;2457;137;0;0
FR;4;2021-12-23;41;45;8;0;41;49;2;0;0;1079846;5507;643;3;1080958;2506;139;0;0
FR;4;2021-12-24;24;28;10;0;26;31;4;0;0;1079870;5535;653;3;1080984;2537;143;0;0
FR;4;2021-12-25;7;3;3;0;7;4;2;0;0;1079877;5538;656;3;1080991;2541;145;0;0
FR;4;2021-12-26;5;3;1;0;6;2;0;0;0;1079882;5541;657;3;1080997;2543;145;0;0
FR;4;2021-12-27;31;41;9;0;32;43;4;0;0;1079913;5582;666;3;1081029;2586;149;0;0
FR;4;2021-12-28;27;28;7;0;29;29;4;0;0;1079940;5610;673;3;1081058;2615;153;0;0
FR;4;2021-12-29;56;25;11;0;57;30;5;0;0;1079996;5635;684;3;1081115;2645;158;0;0
FR;4;2021-12-30;48;19;12;0;51;22;5;0;0;1080044;5654;696;3;1081166;2667;163;0;0
FR;4;2021-12-31;20;6;8;0;21;11;2;0;0;1080064;5660;704;3;1081187;2678;165;0;0
FR;4;2022-01-01;7;4;5;0;7;7;1;0;0;1080071;5664;709;3;1081194;2685;166;0;0
FR;4;2022-01-02;43;5;16;0;43;20;1;0;0;1080114;5669;725;3;1081237;2705;167;0;0
FR;4;2022-01-03;45;55;25;1;47;65;10;0;0;1080159;5724;750;4;1081284;2770;177;0;0
FR;4;2022-01-04;44;28;16;0;45;33;8;0;0;1080203;5752;766;4;1081329;2803;185;0;0
FR;4;2022-01-05;52;24;19;0;58;27;9;0;0;1080255;5776;785;4;1081387;2830;194;0;0
FR;4;2022-01-06;52;24;24;0;52;40;8;0;0;1080307;5800;809;4;1081439;2870;202;0;0
FR;4;2022-01-07;31;20;16;0;33;21;12;0;0;1080338;5820;825;4;1081472;2891;214;0;0
FR;4;2022-01-08;13;6;10;0;14;12;3;0;0;1080351;5826;835;4;1081486;2903;217;0;0
FR;4;2022-01-09;20;2;3;0;21;4;0;0;0;1080371;5828;838;4;1081507;2907;217;0;0
FR;4;2022-01-10;53;22;19;0;53;36;4;0;0;1080424;5850;857;4;1081560;2943;221;0;0
FR;4;2022-01-11;30;31;12;0;34;35;1;0;0;1080454;5881;869;4;1081594;2978;222;0;0
FR;4;2022-01-12;35;21;13;0;37;23;9;0;0;1080489;5902;882;4;1081631;3001;231;0;0
FR;4;2022-01-13;55;20;27;0;56;38;8;0;0;1080544;5922;909;4;1081687;3039;239;0;0
FR;4;2022-01-14;25;32;13;0;26;35;7;0;0;1080569;5954;922;4;1081713;3074;246;0;0
FR;4;2022-01-15;15;6;8;0;16;12;1;0;0;1080584;5960;930;4;1081729;3086;247;0;0
FR;4;2022-01-16;13;9;14;0;13;22;1;0;0;1080597;5969;944;4;1081742;3108;248;0;0
FR;4;2022-01-17;27;20;15;0;27;29;5;0;0;1080624;5989;959;4;1081769;3137;253;0;0
FR;4;2022-01-18;17;14;10;0;17;21;3;0;0;1080641;6003;969;4;1081786;3158;256;0;0
FR;4;2022-01-19;33;23;13;0;33;34;1;0;0;1080674;6026;982;4;1081819;3192;257;0;0
FR;4;2022-01-20;34;34;13;0;36;39;5;0;0;1080708;6060;995;4;1081855;3231;262;0;0
FR;4;2022-01-21;13;12;20;1;13;17;15;0;1;1080721;6072;1015;5;1081868;3248;277;0;1
FR;4;2022-01-22;30;13;3;0;30;14;2;0;0;1080751;6085;1018;5;1081898;3262;279;0;1
FR;4;2022-01-23;8;2;7;0;8;9;0;0;0;1080759;6087;1025;5;1081906;3271;279;0;1
FR;4;2022-01-24;14;21;9;0;15;28;1;0;0;1080773;6108;1034;5;1081921;3299;280;0;1
FR;4;2022-01-25;22;32;10;1;23;38;3;0;0;1080795;6140;1044;6;1081944;3337;283;0;1
FR;4;2022-01-26;20;17;9;1;21;21;4;0;0;1080815;6157;1053;7;1081965;3358;287;0;1
FR;4;2022-01-27;22;19;8;0;23;25;1;0;0;1080837;6176;1061;7;1081988;3383;288;0;1
FR;4;2022-01-28;14;23;8;0;15;26;4;0;0;1080851;6199;1069;7;1082003;3409;292;0;1
FR;4;2022-01-29;17;6;5;0;17;10;0;0;0;1080868;6205;1074;7;1082020;3419;292;0;1
FR;4;2022-01-30;19;3;2;0;19;5;0;0;0;1080887;6208;1076;7;1082039;3424;292;0;1
FR;4;2022-01-31;22;28;8;0;22;32;2;0;0;1080909;6236;1084;7;1082061;3456;294;0;1
FR;4;2022-02-01;13;24;13;0;15;25;9;0;0;1080922;6260;1097;7;1082076;3481;303;0;1
FR;4;2022-02-02;19;12;14;2;20;20;7;0;0;1080941;6272;1111;9;1082096;3501;310;0;1
FR;4;2022-02-03;16;24;11;0;18;29;4;0;0;1080957;6296;1122;9;1082114;3530;314;0;1
FR;4;2022-02-04;7;5;7;0;7;9;3;0;0;1080964;6301;1129;9;1082121;3539;317;0;1
FR;4;2022-02-05;7;14;1;0;8;13;1;0;0;1080971;6315;1130;9;1082129;3552;318;0;1
FR;4;2022-02-06;8;4;4;0;8;7;1;0;0;1080979;6319;1134;9;1082137;3559;319;0;1
FR;4;2022-02-07;15;20;8;0;17;20;6;0;0;1080994;6339;1142;9;1082154;3579;325;0;1
FR;4;2022-02-08;20;21;13;1;22;22;10;0;0;1081014;6360;1155;10;1082176;3601;335;0;1
FR;4;2022-02-09;18;12;9;0;19;17;2;0;0;1081032;6372;1164;10;1082195;3618;337;0;1
FR;4;2022-02-10;23;23;10;0;24;25;7;0;0;1081055;6395;1174;10;1082219;3643;344;0;1
FR;4;2022-02-11;18;15;8;0;18;20;3;0;0;1081073;6410;1182;10;1082237;3663;347;0;1
FR;4;2022-02-12;24;6;3;0;26;7;0;0;0;1081097;6416;1185;10;1082263;3670;347;0;1
FR;4;2022-02-13;7;3;3;0;7;6;0;0;0;1081104;6419;1188;10;1082270;3676;347;0;1
FR;4;2022-02-14;22;10;10;0;22;16;4;0;0;1081126;6429;1198;10;1082292;3692;351;0;1
FR;4;2022-02-15;18;7;2;0;18;8;0;0;0;1081144;6436;1200;10;1082310;3700;351;0;1
FR;4;2022-02-16;17;11;11;0;17;18;3;0;0;1081161;6447;1211;10;1082327;3718;354;0;1
FR;4;2022-02-17;11;4;5;0;11;7;2;0;0;1081172;6451;1216;10;1082338;3725;356;0;1
FR;4;2022-02-18;16;15;8;0;16;21;2;0;0;1081188;6466;1224;10;1082354;3746;358;0;1
FR;4;2022-02-19;16;4;2;0;17;5;0;0;0;1081204;6470;1226;10;1082371;3751;358;0;1
FR;4;2022-02-20;9;4;0;0;10;3;0;0;0;1081213;6474;1226;10;1082381;3754;358;0;1
FR;4;2022-02-21;24;5;4;0;24;7;2;0;0;1081237;6479;1230;10;1082405;3761;360;0;1
FR;4;2022-02-22;9;5;10;0;10;10;4;0;0;1081246;6484;1240;10;1082415;3771;364;0;1
FR;4;2022-02-23;17;6;10;0;17;10;5;0;0;1081263;6490;1250;10;1082432;3781;369;0;1
FR;4;2022-02-24;11;5;4;0;11;7;2;0;0;1081274;6495;1254;10;1082443;3788;371;0;1
FR;4;2022-02-25;17;5;7;0;17;6;6;0;0;1081291;6500;1261;10;1082460;3794;377;0;1
FR;4;2022-02-26;27;3;1;0;27;4;0;0;0;1081318;6503;1262;10;1082487;3798;377;0;1
FR;4;2022-02-27;9;0;1;0;9;1;0;0;0;1081327;6503;1263;10;1082496;3799;377;0;1
FR;4;2022-02-28;18;3;2;0;19;3;1;0;0;1081345;6506;1265;10;1082515;3802;378;0;1
FR;4;2022-03-01;8;4;7;0;8;5;5;0;0;1081353;6510;1272;10;1082523;3807;383;0;1
FR;4;2022-03-02;16;3;6;0;17;7;1;0;0;1081369;6513;1278;10;1082540;3814;384;0;1
FR;4;2022-03-03;19;5;3;0;19;6;1;0;0;1081388;6518;1281;10;1082559;3820;385;0;1
FR;4;2022-03-04;7;8;2;1;7;6;3;0;0;1081395;6526;1283;11;1082566;3826;388;0;1
FR;4;2022-03-05;9;2;0;0;9;2;0;0;0;1081404;6528;1283;11;1082575;3828;388;0;1
FR;4;2022-03-06;4;0;1;0;4;1;0;0;0;1081408;6528;1284;11;1082579;3829;388;0;1
FR;4;2022-03-07;11;6;2;0;11;5;2;0;0;1081419;6534;1286;11;1082590;3834;390;0;1
FR;4;2022-03-08;15;3;0;0;15;3;0;0;0;1081434;6537;1286;11;1082605;3837;390;0;1
FR;4;2022-03-09;9;7;2;0;11;7;0;0;0;1081443;6544;1288;11;1082616;3844;390;0;1
FR;4;2022-03-10;6;1;6;0;6;3;4;0;0;1081449;6545;1294;11;1082622;3847;394;0;1
FR;4;2022-03-11;10;4;5;0;12;2;5;0;0;1081459;6549;1299;11;1082634;3849;399;0;1
FR;4;2022-03-12;10;2;0;0;11;0;0;0;0;1081469;6551;1299;11;1082645;3849;399;0;1
FR;4;2022-03-13;6;2;1;0;7;2;0;0;0;1081475;6553;1300;11;1082652;3851;399;0;1
FR;4;2022-03-14;4;3;1;0;5;3;0;0;0;1081479;6556;1301;11;1082657;3854;399;0;1
FR;4;2022-03-15;8;8;3;0;10;7;2;0;0;1081487;6564;1304;11;1082667;3861;401;0;1
FR;4;2022-03-16;7;3;4;0;7;4;3;0;0;1081494;6567;1308;11;1082674;3865;404;0;1
FR;4;2022-03-17;4;4;1;0;4;5;0;0;0;1081498;6571;1309;11;1082678;3870;404;0;1
FR;4;2022-03-18;9;3;0;0;9;3;0;0;0;1081507;6574;1309;11;1082687;3873;404;0;1
FR;4;2022-03-19;1;1;1;0;1;2;0;0;0;1081508;6575;1310;11;1082688;3875;404;0;1
FR;4;2022-03-20;3;1;2;0;3;2;1;0;0;1081511;6576;1312;11;1082691;3877;405;0;1
FR;4;2022-03-21;6;4;1;0;6;5;0;0;0;1081517;6580;1313;11;1082697;3882;405;0;1
FR;4;2022-03-22;4;2;2;0;4;3;1;0;0;1081521;6582;1315;11;1082701;3885;406;0;1
FR;4;2022-03-23;6;4;5;0;6;8;1;0;0;1081527;6586;1320;11;1082707;3893;407;0;1
FR;4;2022-03-24;2;5;3;1;2;7;2;0;0;1081529;6591;1323;12;1082709;3900;409;0;1
FR;4;2022-03-25;4;1;2;0;4;1;2;0;0;1081533;6592;1325;12;1082713;3901;411;0;1
FR;4;2022-03-26;5;5;0;0;5;5;0;0;0;1081538;6597;1325;12;1082718;3906;411;0;1
FR;4;2022-03-27;1;0;3;0;1;2;1;0;0;1081539;6597;1328;12;1082719;3908;412;0;1
FR;4;2022-03-28;6;1;3;0;7;3;0;0;0;1081545;6598;1331;12;1082726;3911;412;0;1
FR;4;2022-03-29;9;0;4;1;9;0;2;0;0;1081554;6598;1335;13;1082735;3911;414;0;1
FR;4;2022-03-30;3;4;0;0;3;4;0;0;0;1081557;6602;1335;13;1082738;3915;414;0;1
FR;4;2022-03-31;5;3;2;1;5;4;1;0;0;1081562;6605;1337;14;1082743;3919;415;0;1
FR;4;2022-04-01;15;3;5;0;15;6;2;0;0;1081577;6608;1342;14;1082758;3925;417;0;1
FR;4;2022-04-02;4;4;0;0;5;3;0;0;0;1081581;6612;1342;14;1082763;3928;417;0;1
FR;4;2022-04-03;0;1;0;0;0;1;0;0;0;1081581;6613;1342;14;1082763;3929;417;0;1
FR;4;2022-04-04;4;4;4;0;5;5;2;0;0;1081585;6617;1346;14;1082768;3934;419;0;1
FR;4;2022-04-05;4;3;3;1;5;3;3;0;0;1081589;6620;1349;15;1082773;3937;422;0;1
FR;4;2022-04-06;6;1;0;0;6;1;0;0;0;1081595;6621;1349;15;1082779;3938;422;0;1
FR;4;2022-04-07;3;2;3;2;3;5;0;0;0;1081598;6623;1352;17;1082782;3943;422;0;1
FR;4;2022-04-08;4;2;1;0;4;2;1;0;0;1081602;6625;1353;17;1082786;3945;423;0;1
FR;4;2022-04-09;0;0;1;1;0;1;1;0;0;1081602;6625;1354;18;1082786;3946;424;0;1
FR;4;2022-04-10;2;2;0;0;2;2;0;0;0;1081604;6627;1354;18;1082788;3948;424;0;1
FR;4;2022-04-11;4;3;4;0;4;5;2;0;0;1081608;6630;1358;18;1082792;3953;426;0;1
FR;4;2022-04-12;6;1;4;0;6;2;3;0;0;1081614;6631;1362;18;1082798;3955;429;0;1
FR;4;2022-04-13;5;8;2;1;5;10;1;0;0;1081619;6639;1364;19;1082803;3965;430;0;1
FR;4;2022-04-14;6;4;2;1;7;5;1;0;0;1081625;6643;1366;20;1082810;3970;431;0;1
FR;4;2022-04-15;7;9;1;0;7;10;0;0;0;1081632;6652;1367;20;1082817;3980;431;0;1
FR;4;2022-04-16;1;0;0;0;1;0;0;0;0;1081633;6652;1367;20;1082818;3980;431;0;1
FR;4;2022-04-17;3;2;1;0;3;3;0;0;0;1081636;6654;1368;20;1082821;3983;431;0;1
FR;4;2022-04-18;2;2;6;0;2;4;4;0;0;1081638;6656;1374;20;1082823;3987;435;0;1
FR;4;2022-04-19;3;1;1;0;3;1;1;0;0;1081641;6657;1375;20;1082826;3988;436;0;1
FR;4;2022-04-20;15;4;1;1;16;3;1;0;0;1081656;6661;1376;21;1082842;3991;437;0;1
FR;4;2022-04-21;7;1;0;0;7;1;0;0;0;1081663;6662;1376;21;1082849;3992;437;0;1
FR;4;2022-04-22;1;1;2;0;1;2;1;0;0;1081664;6663;1378;21;1082850;3994;438;0;1
FR;4;2022-04-23;2;3;3;0;2;6;0;0;0;1081666;6666;1381;21;1082852;4000;438;0;1
FR;4;2022-04-24;0;3;0;0;0;3;0;0;0;1081666;6669;1381;21;1082852;4003;438;0;1
FR;4;2022-04-25;3;5;3;0;3;8;0;0;0;1081669;6674;1384;21;1082855;4011;438;0;1
FR;4;2022-04-26;5;6;1;0;5;6;1;0;0;1081674;6680;1385;21;1082860;4017;439;0;1
FR;4;2022-04-27;4;1;1;2;5;1;2;0;0;1081678;6681;1386;23;1082865;4018;441;0;1
FR;4;2022-04-28;3;5;5;1;3;7;4;0;0;1081681;6686;1391;24;1082868;4025;445;0;1
FR;4;2022-04-29;6;3;0;0;6;2;0;0;0;1081687;6689;1391;24;1082874;4027;445;0;1
FR;4;2022-04-30;2;1;1;0;2;2;0;0;0;1081689;6690;1392;24;1082876;4029;445;0;1
FR;4;2022-05-01;0;0;0;0;0;0;0;0;0;1081689;6690;1392;24;1082876;4029;445;0;1
FR;4;2022-05-02;5;16;6;0;5;19;3;0;0;1081694;6706;1398;24;1082881;4048;448;0;1
FR;4;2022-05-03;2;6;2;0;2;7;1;0;0;1081696;6712;1400;24;1082883;4055;449;0;1
FR;4;2022-05-04;7;4;1;0;7;4;1;0;0;1081703;6716;1401;24;1082890;4059;450;0;1
FR;4;2022-05-05;5;2;1;1;6;1;2;0;0;1081708;6718;1402;25;1082896;4060;452;0;1
FR;4;2022-05-06;5;3;1;0;6;2;1;0;0;1081713;6721;1403;25;1082902;4062;453;0;1
FR;4;2022-05-07;0;1;0;0;0;1;0;0;0;1081713;6722;1403;25;1082902;4063;453;0;1
FR;4;2022-05-08;1;1;0;0;1;1;0;0;0;1081714;6723;1403;25;1082903;4064;453;0;1
FR;4;2022-05-09;5;1;0;1;5;1;1;0;0;1081719;6724;1403;26;1082908;4065;454;0;1
FR;4;2022-05-10;3;1;0;2;3;3;0;0;0;1081722;6725;1403;28;1082911;4068;454;0;1
FR;4;2022-05-11;4;2;4;0;4;5;1;0;0;1081726;6727;1407;28;1082915;4073;455;0;1
FR;4;2022-05-12;7;4;2;1;7;5;1;0;1;1081733;6731;1409;29;1082922;4078;456;0;2
FR;4;2022-05-13;1;0;2;0;1;2;0;0;0;1081734;6731;1411;29;1082923;4080;456;0;2
FR;4;2022-05-14;0;2;0;0;0;2;0;0;0;1081734;6733;1411;29;1082923;4082;456;0;2
FR;4;2022-05-15;2;2;0;0;4;0;0;0;0;1081736;6735;1411;29;1082927;4082;456;0;2
FR;4;2022-05-16;5;2;2;0;5;2;2;0;0;1081741;6737;1413;29;1082932;4084;458;0;2
FR;4;2022-05-17;5;1;2;0;5;3;0;0;0;1081746;6738;1415;29;1082937;4087;458;0;2
FR;4;2022-05-18;3;6;0;0;3;6;0;0;0;1081749;6744;1415;29;1082940;4093;458;0;2
FR;4;2022-05-19;2;3;3;0;2;5;1;0;0;1081751;6747;1418;29;1082942;4098;459;0;2
FR;4;2022-05-20;5;2;3;0;5;2;3;0;0;1081756;6749;1421;29;1082947;4100;462;0;2
FR;4;2022-05-21;2;0;1;0;2;1;0;0;0;1081758;6749;1422;29;1082949;4101;462;0;2
FR;4;2022-05-22;0;0;1;0;0;1;0;0;0;1081758;6749;1423;29;1082949;4102;462;0;2
FR;4;2022-05-23;0;0;2;0;0;0;2;0;0;1081758;6749;1425;29;1082949;4102;464;0;2
FR;4;2022-05-24;2;4;1;0;2;5;0;0;0;1081760;6753;1426;29;1082951;4107;464;0;2
FR;4;2022-05-25;1;4;1;0;3;3;0;0;0;1081761;6757;1427;29;1082954;4110;464;0;2
FR;4;2022-05-26;5;0;1;0;5;1;0;0;0;1081766;6757;1428;29;1082959;4111;464;0;2
FR;4;2022-05-27;0;2;1;1;0;3;1;0;0;1081766;6759;1429;30;1082959;4114;465;0;2
FR;4;2022-05-28;1;0;0;0;1;0;0;0;0;1081767;6759;1429;30;1082960;4114;465;0;2
FR;4;2022-05-29;1;0;1;0;1;1;0;0;0;1081768;6759;1430;30;1082961;4115;465;0;2
FR;4;2022-05-30;3;4;2;0;3;5;1;0;0;1081771;6763;1432;30;1082964;4120;466;0;2
FR;4;2022-05-31;2;1;0;0;2;1;0;0;0;1081773;6764;1432;30;1082966;4121;466;0;2
FR;4;2022-06-01;3;11;7;0;3;15;3;0;0;1081776;6775;1439;30;1082969;4136;469;0;2
FR;4;2022-06-02;6;7;3;0;6;7;2;0;0;1081782;6782;1442;30;1082975;4143;471;0;2
FR;4;2022-06-03;2;6;4;1;2;7;4;0;0;1081784;6788;1446;31;1082977;4150;475;0;2
FR;4;2022-06-04;0;1;1;1;0;1;2;0;0;1081784;6789;1447;32;1082977;4151;477;0;2
FR;4;2022-06-05;1;0;0;0;1;0;0;0;0;1081785;6789;1447;32;1082978;4151;477;0;2
FR;4;2022-06-06;8;0;3;0;8;2;1;0;0;1081793;6789;1450;32;1082986;4153;478;0;2
FR;4;2022-06-07;7;2;0;1;7;2;1;0;0;1081800;6791;1450;33;1082993;4155;479;0;2
FR;4;2022-06-08;0;5;3;0;1;7;0;0;0;1081800;6796;1453;33;1082994;4162;479;0;2
FR;4;2022-06-09;1;2;0;0;2;1;0;0;0;1081801;6798;1453;33;1082996;4163;479;0;2
FR;4;2022-06-10;4;0;3;0;4;1;2;0;0;1081805;6798;1456;33;1083000;4164;481;0;2
FR;4;2022-06-11;1;0;0;0;1;0;0;0;0;1081806;6798;1456;33;1083001;4164;481;0;2
FR;4;2022-06-12;4;1;1;0;4;2;0;0;0;1081810;6799;1457;33;1083005;4166;481;0;2
FR;4;2022-06-13;6;2;3;0;7;2;1;0;0;1081816;6801;1460;33;1083012;4168;482;0;2
FR;4;2022-06-14;4;3;0;0;5;2;0;0;0;1081820;6804;1460;33;1083017;4170;482;0;2
FR;4;2022-06-15;10;3;4;0;10;3;4;0;0;1081830;6807;1464;33;1083027;4173;486;0;2
FR;4;2022-06-16;2;3;1;1;3;2;1;0;1;1081832;6810;1465;34;1083030;4175;487;0;3
FR;4;2022-06-17;6;1;0;0;6;1;0;0;0;1081838;6811;1465;34;1083036;4176;487;0;3
FR;4;2022-06-18;0;0;0;0;0;0;0;0;0;1081838;6811;1465;34;1083036;4176;487;0;3
FR;4;2022-06-19;3;0;0;0;3;0;0;0;0;1081841;6811;1465;34;1083039;4176;487;0;3
FR;4;2022-06-20;6;2;2;1;6;3;2;0;0;1081847;6813;1467;35;1083045;4179;489;0;3
FR;4;2022-06-21;5;2;4;1;6;4;2;0;0;1081852;6815;1471;36;1083051;4183;491;0;3
FR;4;2022-06-22;3;2;1;3;4;2;1;0;0;1081855;6817;1472;39;1083055;4185;492;0;3
FR;4;2022-06-23;3;3;3;0;3;5;1;0;0;1081858;6820;1475;39;1083058;4190;493;0;3
FR;4;2022-06-24;3;0;2;0;3;0;2;0;0;1081861;6820;1477;39;1083061;4190;495;0;3
FR;4;2022-06-25;3;0;1;1;3;1;1;0;0;1081864;6820;1478;40;1083064;4191;496;0;3
FR;4;2022-06-26;0;0;2;0;0;2;0;0;0;1081864;6820;1480;40;1083064;4193;496;0;3
FR;4;2022-06-27;2;2;1;3;2;3;3;0;0;1081866;6822;1481;43;1083066;4196;499;0;3
FR;4;2022-06-28;0;4;2;1;0;5;2;0;0;1081866;6826;1483;44;1083066;4201;501;0;3
FR;4;2022-06-29;1;2;0;0;1;2;0;0;0;1081867;6828;1483;44;1083067;4203;501;0;3
FR;4;2022-06-30;2;0;0;0;2;0;0;0;0;1081869;6828;1483;44;1083069;4203;501;0;3
FR;4;2022-07-01;2;4;8;0;2;4;8;0;0;1081871;6832;1491;44;1083071;4207;509;0;3
FR;4;2022-07-02;0;1;0;0;1;0;0;0;0;1081871;6833;1491;44;1083072;4207;509;0;3
FR;4;2022-07-03;0;0;0;0;0;0;0;0;0;1081871;6833;1491;44;1083072;4207;509;0;3
FR;4;2022-07-04;4;1;0;0;4;1;0;0;0;1081875;6834;1491;44;1083076;4208;509;0;3
FR;4;2022-07-05;4;1;3;0;4;3;1;0;0;1081879;6835;1494;44;1083080;4211;510;0;3
FR;4;2022-07-06;5;0;1;1;5;0;1;0;1;1081884;6835;1495;45;1083085;4211;511;0;4
FR;4;2022-07-07;2;1;2;1;2;1;3;0;0;1081886;6836;1497;46;1083087;4212;514;0;4
FR;4;2022-07-08;4;1;0;0;4;1;0;0;0;1081890;6837;1497;46;1083091;4213;514;0;4
FR;4;2022-07-09;2;2;1;0;2;3;0;0;0;1081892;6839;1498;46;1083093;4216;514;0;4
FR;4;2022-07-10;2;0;1;0;2;0;0;0;0;1081894;6839;1499;46;1083095;4216;514;0;4
FR;4;2022-07-11;3;0;2;0;3;0;1;0;0;1081897;6839;1501;46;1083098;4216;515;0;4
FR;4;2022-07-12;0;0;2;0;0;2;0;0;0;1081897;6839;1503;46;1083098;4218;515;0;4
FR;4;2022-07-13;3;2;3;1;3;2;4;0;0;1081900;6841;1506;47;1083101;4220;519;0;4
FR;4;2022-07-14;6;0;1;0;6;0;1;0;0;1081906;6841;1507;47;1083107;4220;520;0;4
FR;4;2022-07-15;11;2;0;0;11;2;0;0;0;1081917;6843;1507;47;1083118;4222;520;0;4
FR;4;2022-07-16;5;0;0;2;5;0;2;0;0;1081922;6843;1507;49;1083123;4222;522;0;4
FR;4;2022-07-17;1;0;1;1;1;0;2;0;0;1081923;6843;1508;50;1083124;4222;524;0;4
FR;4;2022-07-18;3;3;2;0;3;3;2;0;0;1081926;6846;1510;50;1083127;4225;526;0;4
FR;4;2022-07-19;5;0;1;0;5;1;0;0;0;1081931;6846;1511;50;1083132;4226;526;0;4
FR;4;2022-07-20;12;2;1;0;13;2;0;0;0;1081943;6848;1512;50;1083145;4228;526;0;4
FR;4;2022-07-21;2;3;1;0;2;3;1;0;0;1081945;6851;1513;50;1083147;4231;527;0;4
FR;4;2022-07-22;5;1;3;0;5;2;2;0;0;1081950;6852;1516;50;1083152;4233;529;0;4
FR;4;2022-07-23;1;2;0;0;1;1;0;0;0;1081951;6854;1516;50;1083153;4234;529;0;4
FR;4;2022-07-24;1;0;0;0;1;0;0;0;0;1081952;6854;1516;50;1083154;4234;529;0;4
FR;4;2022-07-25;7;0;2;0;7;2;0;0;0;1081959;6854;1518;50;1083161;4236;529;0;4
FR;4;2022-07-26;2;0;0;0;2;0;0;0;0;1081961;6854;1518;50;1083163;4236;529;0;4
FR;4;2022-07-27;3;1;0;0;3;0;0;0;0;1081964;6855;1518;50;1083166;4236;529;0;4
FR;4;2022-07-28;13;0;0;0;13;0;0;0;0;1081977;6855;1518;50;1083179;4236;529;0;4
FR;4;2022-07-29;3;0;2;0;3;1;1;0;0;1081980;6855;1520;50;1083182;4237;530;0;4
FR;4;2022-07-30;5;0;2;0;5;0;2;0;0;1081985;6855;1522;50;1083187;4237;532;0;4
FR;4;2022-07-31;0;0;0;0;0;0;0;0;0;1081985;6855;1522;50;1083187;4237;532;0;4
FR;4;2022-08-01;4;0;3;0;4;2;1;0;0;1081989;6855;1525;50;1083191;4239;533;0;4
FR;4;2022-08-02;7;0;0;0;7;0;0;0;0;1081996;6855;1525;50;1083198;4239;533;0;4
FR;4;2022-08-03;2;2;1;0;2;2;1;0;0;1081998;6857;1526;50;1083200;4241;534;0;4
FR;4;2022-08-04;5;2;0;1;5;2;1;0;0;1082003;6859;1526;51;1083205;4243;535;0;4
FR;4;2022-08-05;3;1;1;0;3;1;1;0;0;1082006;6860;1527;51;1083208;4244;536;0;4
FR;4;2022-08-06;2;0;0;0;2;0;0;0;0;1082008;6860;1527;51;1083210;4244;536;0;4
FR;4;2022-08-07;5;0;0;0;5;0;0;0;0;1082013;6860;1527;51;1083215;4244;536;0;4
FR;4;2022-08-08;2;0;1;1;2;1;1;0;0;1082015;6860;1528;52;1083217;4245;537;0;4
FR;4;2022-08-09;1;1;2;2;1;2;3;0;0;1082016;6861;1530;54;1083218;4247;540;0;4
FR;4;2022-08-10;6;1;1;0;7;1;0;0;0;1082022;6862;1531;54;1083225;4248;540;0;4
FR;4;2022-08-11;2;0;1;0;2;1;0;0;0;1082024;6862;1532;54;1083227;4249;540;0;4
FR;4;2022-08-12;4;0;1;0;4;0;1;0;0;1082028;6862;1533;54;1083231;4249;541;0;4
FR;4;2022-08-13;1;0;0;0;1;0;0;0;0;1082029;6862;1533;54;1083232;4249;541;0;4
FR;4;2022-08-14;1;0;0;0;1;0;0;0;0;1082030;6862;1533;54;1083233;4249;541;0;4
FR;4;2022-08-15;1;2;3;0;1;2;3;0;0;1082031;6864;1536;54;1083234;4251;544;0;4
FR;4;2022-08-16;0;0;1;0;0;1;0;0;0;1082031;6864;1537;54;1083234;4252;544;0;4
FR;4;2022-08-17;3;0;0;0;3;0;0;0;0;1082034;6864;1537;54;1083237;4252;544;0;4
FR;4;2022-08-18;6;0;0;0;6;0;0;0;0;1082040;6864;1537;54;1083243;4252;544;0;4
FR;4;2022-08-19;5;0;0;0;5;0;0;0;0;1082045;6864;1537;54;1083248;4252;544;0;4
FR;4;2022-08-20;3;1;0;0;4;0;0;0;0;1082048;6865;1537;54;1083252;4252;544;0;4
FR;4;2022-08-21;1;0;0;0;1;0;0;0;0;1082049;6865;1537;54;1083253;4252;544;0;4
FR;4;2022-08-22;3;9;0;0;3;9;0;0;0;1082052;6874;1537;54;1083256;4261;544;0;4
FR;4;2022-08-23;3;3;3;0;3;4;2;0;0;1082055;6877;1540;54;1083259;4265;546;0;4
FR;4;2022-08-24;6;0;0;1;6;0;1;0;0;1082061;6877;1540;55;1083265;4265;547;0;4
FR;4;2022-08-25;1;3;2;0;1;4;1;0;0;1082062;6880;1542;55;1083266;4269;548;0;4
FR;4;2022-08-26;6;0;0;1;6;0;1;0;0;1082068;6880;1542;56;1083272;4269;549;0;4
FR;4;2022-08-27;1;0;0;0;1;0;0;0;0;1082069;6880;1542;56;1083273;4269;549;0;4
FR;4;2022-08-28;0;1;0;0;0;0;0;0;0;1082069;6881;1542;56;1083273;4269;549;0;4
FR;4;2022-08-29;8;0;0;0;8;0;0;0;0;1082077;6881;1542;56;1083281;4269;549;0;4
FR;4;2022-08-30;5;1;0;0;5;1;0;0;0;1082082;6882;1542;56;1083286;4270;549;0;4
FR;4;2022-08-31;3;1;0;0;3;1;0;0;0;1082085;6883;1542;56;1083289;4271;549;0;4
FR;4;2022-09-01;4;8;2;0;5;7;2;0;0;1082089;6891;1544;56;1083294;4278;551;0;4
FR;4;2022-09-02;2;2;1;0;3;2;0;0;0;1082091;6893;1545;56;1083297;4280;551;0;4
FR;4;2022-09-03;3;0;0;0;3;0;0;0;0;1082094;6893;1545;56;1083300;4280;551;0;4
FR;4;2022-09-04;1;0;0;0;1;0;0;0;0;1082095;6893;1545;56;1083301;4280;551;0;4
FR;4;2022-09-05;4;2;0;0;4;2;0;0;0;1082099;6895;1545;56;1083305;4282;551;0;4
FR;4;2022-09-06;1;0;0;0;1;0;0;0;0;1082100;6895;1545;56;1083306;4282;551;0;4
FR;4;2022-09-07;2;0;1;1;2;1;1;0;0;1082102;6895;1546;57;1083308;4283;552;0;4
FR;4;2022-09-08;3;0;0;0;3;0;0;0;0;1082105;6895;1546;57;1083311;4283;552;0;4
FR;4;2022-09-09;2;2;0;0;2;2;0;0;0;1082107;6897;1546;57;1083313;4285;552;0;4
FR;4;2022-09-10;0;1;0;3;0;2;2;0;0;1082107;6898;1546;60;1083313;4287;554;0;4
FR;4;2022-09-11;2;0;0;0;2;0;0;0;0;1082109;6898;1546;60;1083315;4287;554;0;4
FR;4;2022-09-12;1;1;1;0;1;1;1;0;0;1082110;6899;1547;60;1083316;4288;555;0;4
FR;4;2022-09-13;1;0;0;0;1;0;0;0;0;1082111;6899;1547;60;1083317;4288;555;0;4
FR;4;2022-09-14;4;0;0;0;4;0;0;0;0;1082115;6899;1547;60;1083321;4288;555;0;4
FR;4;2022-09-15;4;0;0;0;4;0;0;0;0;1082119;6899;1547;60;1083325;4288;555;0;4
FR;4;2022-09-16;1;0;0;0;1;0;0;0;0;1082120;6899;1547;60;1083326;4288;555;0;4
FR;4;2022-09-17;2;0;0;0;2;0;0;0;0;1082122;6899;1547;60;1083328;4288;555;0;4
FR;4;2022-09-18;0;1;0;0;0;1;0;0;0;1082122;6900;1547;60;1083328;4289;555;0;4
FR;4;2022-09-19;4;0;2;0;4;2;0;0;0;1082126;6900;1549;60;1083332;4291;555;0;4
FR;4;2022-09-20;4;0;0;0;4;0;0;0;0;1082130;6900;1549;60;1083336;4291;555;0;4
FR;4;2022-09-21;2;1;0;0;2;1;0;0;0;1082132;6901;1549;60;1083338;4292;555;0;4
FR;4;2022-09-22;2;1;0;0;2;1;0;0;0;1082134;6902;1549;60;1083340;4293;555;0;4
FR;4;2022-09-23;2;3;0;0;3;2;0;0;0;1082136;6905;1549;60;1083343;4295;555;0;4
FR;4;2022-09-24;1;0;0;0;1;0;0;0;0;1082137;6905;1549;60;1083344;4295;555;0;4
FR;4;2022-09-25;0;0;0;0;0;0;0;0;0;1082137;6905;1549;60;1083344;4295;555;0;4
FR;4;2022-09-26;2;0;1;0;2;0;1;0;0;1082139;6905;1550;60;1083346;4295;556;0;4
FR;4;2022-09-27;1;0;1;1;1;0;2;0;0;1082140;6905;1551;61;1083347;4295;558;0;4
FR;4;2022-09-28;3;0;2;0;3;2;0;0;0;1082143;6905;1553;61;1083350;4297;558;0;4
FR;4;2022-09-29;5;0;1;1;5;1;1;0;0;1082148;6905;1554;62;1083355;4298;559;0;4
FR;4;2022-09-30;1;1;0;0;1;1;0;0;0;1082149;6906;1554;62;1083356;4299;559;0;4
FR;4;2022-10-01;1;1;0;0;2;0;0;0;0;1082150;6907;1554;62;1083358;4299;559;0;4
FR;4;2022-10-02;0;1;0;0;0;1;0;0;0;1082150;6908;1554;62;1083358;4300;559;0;4
FR;4;2022-10-03;2;3;1;1;3;3;1;0;0;1082152;6911;1555;63;1083361;4303;560;0;4
FR;4;2022-10-04;3;0;0;0;3;0;0;0;0;1082155;6911;1555;63;1083364;4303;560;0;4
FR;4;2022-10-05;0;1;0;0;0;1;0;0;0;1082155;6912;1555;63;1083364;4304;560;0;4
FR;4;2022-10-06;2;0;0;0;2;0;0;0;0;1082157;6912;1555;63;1083366;4304;560;0;4
FR;4;2022-10-07;3;1;1;0;3;1;1;0;0;1082160;6913;1556;63;1083369;4305;561;0;4
FR;4;2022-10-08;4;1;0;0;4;0;0;0;0;1082164;6914;1556;63;1083373;4305;561;0;4
FR;4;2022-10-09;0;0;0;0;0;0;0;0;0;1082164;6914;1556;63;1083373;4305;561;0;4
FR;4;2022-10-10;5;0;2;3;5;2;1;0;2;1082169;6914;1558;66;1083378;4307;562;0;6
FR;4;2022-10-11;2;2;0;0;2;1;0;0;0;1082171;6916;1558;66;1083380;4308;562;0;6
FR;4;2022-10-12;1;0;0;0;1;0;0;0;0;1082172;6916;1558;66;1083381;4308;562;0;6
FR;4;2022-10-13;5;0;0;0;5;0;0;0;0;1082177;6916;1558;66;1083386;4308;562;0;6
FR;4;2022-10-14;1;0;0;0;1;0;0;0;0;1082178;6916;1558;66;1083387;4308;562;0;6
FR;4;2022-10-15;1;2;0;0;1;2;0;0;0;1082179;6918;1558;66;1083388;4310;562;0;6
FR;4;2022-10-16;0;0;0;0;0;0;0;0;0;1082179;6918;1558;66;1083388;4310;562;0;6
FR;4;2022-10-17;3;0;1;0;3;1;0;0;0;1082182;6918;1559;66;1083391;4311;562;0;6
FR;4;2022-10-18;1;0;0;1;1;0;1;0;0;1082183;6918;1559;67;1083392;4311;563;0;6
FR;4;2022-10-19;1;0;0;2;1;0;2;0;3;1082184;6918;1559;69;1083393;4311;565;0;9
FR;4;2022-10-20;4;1;0;0;4;1;0;0;0;1082188;6919;1559;69;1083397;4312;565;0;9
FR;4;2022-10-21;3;1;0;0;3;1;0;0;0;1082191;6920;1559;69;1083400;4313;565;0;9
FR;4;2022-10-22;1;0;0;0;1;0;0;0;0;1082192;6920;1559;69;1083401;4313;565;0;9
FR;4;2022-10-23;0;0;0;0;0;0;0;0;0;1082192;6920;1559;69;1083401;4313;565;0;9
FR;4;2022-10-24;3;0;0;0;3;0;0;0;0;1082195;6920;1559;69;1083404;4313;565;0;9
FR;4;2022-10-25;4;0;0;0;4;0;0;0;0;1082199;6920;1559;69;1083408;4313;565;0;9
FR;4;2022-10-26;2;1;0;0;2;1;0;0;0;1082201;6921;1559;69;1083410;4314;565;0;9
FR;4;2022-10-27;3;1;1;0;3;0;1;0;0;1082204;6922;1560;69;1083413;4314;566;0;9
FR;4;2022-10-28;0;0;0;0;0;0;0;0;0;1082204;6922;1560;69;1083413;4314;566;0;9
FR;4;2022-10-29;1;0;0;3;1;0;3;0;3;1082205;6922;1560;72;1083414;4314;569;0;12
FR;4;2022-10-30;1;0;0;0;1;0;0;0;0;1082206;6922;1560;72;1083415;4314;569;0;12
FR;4;2022-10-31;1;0;0;0;1;0;0;0;0;1082207;6922;1560;72;1083416;4314;569;0;12
FR;4;2022-11-01;1;6;0;0;1;6;0;0;0;1082208;6928;1560;72;1083417;4320;569;0;12
FR;4;2022-11-02;0;0;2;2;0;1;3;0;0;1082208;6928;1562;74;1083417;4321;572;0;12
FR;4;2022-11-03;1;0;0;0;1;0;0;0;0;1082209;6928;1562;74;1083418;4321;572;0;12
FR;4;2022-11-04;4;1;0;0;4;0;0;0;0;1082213;6929;1562;74;1083422;4321;572;0;12
FR;4;2022-11-05;0;0;0;0;0;0;0;0;0;1082213;6929;1562;74;1083422;4321;572;0;12
FR;4;2022-11-06;2;0;0;0;2;0;0;0;0;1082215;6929;1562;74;1083424;4321;572;0;12
FR;4;2022-11-07;2;0;0;0;2;0;0;0;0;1082217;6929;1562;74;1083426;4321;572;0;12
FR;4;2022-11-08;7;0;0;0;7;0;0;0;0;1082224;6929;1562;74;1083433;4321;572;0;12
FR;4;2022-11-09;0;0;0;0;0;0;0;0;0;1082224;6929;1562;74;1083433;4321;572;0;12
FR;4;2022-11-10;2;0;1;0;2;1;0;0;0;1082226;6929;1563;74;1083435;4322;572;0;12
FR;4;2022-11-11;1;0;0;0;1;0;0;0;0;1082227;6929;1563;74;1083436;4322;572;0;12
FR;4;2022-11-12;3;1;0;0;3;1;0;0;0;1082230;6930;1563;74;1083439;4323;572;0;12
FR;4;2022-11-13;2;0;0;0;2;0;0;0;0;1082232;6930;1563;74;1083441;4323;572;0;12
FR;4;2022-11-14;0;1;0;0;0;1;0;0;0;1082232;6931;1563;74;1083441;4324;572;0;12
FR;4;2022-11-15;3;1;0;0;3;1;0;0;0;1082235;6932;1563;74;1083444;4325;572;0;12
FR;4;2022-11-16;1;1;1;0;1;1;1;0;0;1082236;6933;1564;74;1083445;4326;573;0;12
FR;4;2022-11-17;0;2;0;0;0;2;0;0;0;1082236;6935;1564;74;1083445;4328;573;0;12
FR;4;2022-11-18;5;0;1;0;5;0;1;0;0;1082241;6935;1565;74;1083450;4328;574;0;12
FR;4;2022-11-19;0;0;0;0;0;0;0;0;0;1082241;6935;1565;74;1083450;4328;574;0;12
FR;4;2022-11-20;0;0;0;1;0;0;0;0;1;1082241;6935;1565;75;1083450;4328;574;0;13
FR;4;2022-11-21;0;0;0;0;0;0;0;0;0;1082241;6935;1565;75;1083450;4328;574;0;13
FR;4;2022-11-22;0;1;1;0;0;2;0;0;0;1082241;6936;1566;75;1083450;4330;574;0;13
FR;4;2022-11-23;1;0;0;0;1;0;0;0;1;1082242;6936;1566;75;1083451;4330;574;0;14
FR;4;2022-11-24;0;2;0;0;0;2;0;0;0;1082242;6938;1566;75;1083451;4332;574;0;14
FR;4;2022-11-25;3;4;0;0;3;4;0;0;0;1082245;6942;1566;75;1083454;4336;574;0;14
FR;4;2022-11-26;1;0;0;0;1;0;0;0;0;1082246;6942;1566;75;1083455;4336;574;0;14
FR;4;2022-11-27;0;0;0;0;0;0;0;0;0;1082246;6942;1566;75;1083455;4336;574;0;14
FR;4;2022-11-28;4;0;0;0;4;0;0;0;0;1082250;6942;1566;75;1083459;4336;574;0;14
FR;4;2022-11-29;3;0;0;0;3;0;0;0;0;1082253;6942;1566;75;1083462;4336;574;0;14
FR;4;2022-11-30;0;0;0;0;0;0;0;0;0;1082253;6942;1566;75;1083462;4336;574;0;14
FR;4;2022-12-01;1;2;2;0;2;2;1;0;0;1082254;6944;1568;75;1083464;4338;575;0;14
FR;4;2022-12-02;6;1;0;1;6;1;0;0;1;1082260;6945;1568;76;1083470;4339;575;0;15
FR;4;2022-12-03;1;0;0;0;1;0;0;0;0;1082261;6945;1568;76;1083471;4339;575;0;15
FR;4;2022-12-04;0;0;0;0;0;0;0;0;0;1082261;6945;1568;76;1083471;4339;575;0;15
FR;4;2022-12-05;2;1;0;0;2;1;0;0;0;1082263;6946;1568;76;1083473;4340;575;0;15
FR;4;2022-12-06;2;0;0;0;2;0;0;0;0;1082265;6946;1568;76;1083475;4340;575;0;15
FR;4;2022-12-07;2;3;1;0;2;4;0;0;0;1082267;6949;1569;76;1083477;4344;575;0;15
FR;4;2022-12-08;1;0;0;0;1;0;0;0;0;1082268;6949;1569;76;1083478;4344;575;0;15
FR;4;2022-12-09;2;0;1;0;2;0;1;0;0;1082270;6949;1570;76;1083480;4344;576;0;15
FR;4;2022-12-10;1;0;0;0;1;0;0;0;0;1082271;6949;1570;76;1083481;4344;576;0;15
FR;4;2022-12-11;0;0;0;0;0;0;0;0;0;1082271;6949;1570;76;1083481;4344;576;0;15
FR;4;2022-12-12;2;1;0;5;2;1;5;0;0;1082273;6950;1570;81;1083483;4345;581;0;15
FR;4;2022-12-13;2;0;0;0;2;0;0;0;0;1082275;6950;1570;81;1083485;4345;581;0;15
FR;4;2022-12-14;0;0;0;0;0;0;0;0;0;1082275;6950;1570;81;1083485;4345;581;0;15
FR;4;2022-12-15;1;1;0;0;1;1;0;0;0;1082276;6951;1570;81;1083486;4346;581;0;15
FR;4;2022-12-16;2;0;0;0;2;0;0;0;0;1082278;6951;1570;81;1083488;4346;581;0;15
FR;4;2022-12-17;0;0;1;0;0;0;1;0;0;1082278;6951;1571;81;1083488;4346;582;0;15
FR;4;2022-12-18;1;0;0;0;1;0;0;0;0;1082279;6951;1571;81;1083489;4346;582;0;15
FR;4;2022-12-19;1;0;0;0;1;0;0;0;0;1082280;6951;1571;81;1083490;4346;582;0;15
FR;4;2022-12-20;4;2;0;0;5;1;0;0;0;1082284;6953;1571;81;1083495;4347;582;0;15
FR;4;2022-12-21;6;0;0;0;6;0;0;0;0;1082290;6953;1571;81;1083501;4347;582;0;15
FR;4;2022-12-22;2;1;0;0;2;1;0;0;0;1082292;6954;1571;81;1083503;4348;582;0;15
FR;4;2022-12-23;3;0;0;0;3;0;0;0;0;1082295;6954;1571;81;1083506;4348;582;0;15
FR;4;2022-12-24;0;0;1;0;0;1;0;0;0;1082295;6954;1572;81;1083506;4349;582;0;15
FR;4;2022-12-25;0;0;0;0;0;0;0;0;0;1082295;6954;1572;81;1083506;4349;582;0;15
FR;4;2022-12-26;1;2;0;0;1;1;0;0;0;1082296;6956;1572;81;1083507;4350;582;0;15
FR;4;2022-12-27;1;1;0;0;1;1;0;0;0;1082297;6957;1572;81;1083508;4351;582;0;15
FR;4;2022-12-28;0;0;0;0;0;0;0;0;0;1082297;6957;1572;81;1083508;4351;582;0;15
FR;4;2022-12-29;0;1;0;0;1;0;0;0;0;1082297;6958;1572;81;1083509;4351;582;0;15
FR;4;2022-12-30;1;0;0;0;1;0;0;0;0;1082298;6958;1572;81;1083510;4351;582;0;15
FR;4;2022-12-31;0;0;0;0;0;0;0;0;0;1082298;6958;1572;81;1083510;4351;582;0;15
FR;4;2023-01-01;0;0;0;0;0;0;0;0;0;1082298;6958;1572;81;1083510;4351;582;0;15
FR;4;2023-01-02;2;0;2;0;2;1;1;0;0;1082300;6958;1574;81;1083512;4352;583;0;15
FR;4;2023-01-03;1;1;0;0;1;1;0;0;0;1082301;6959;1574;81;1083513;4353;583;0;15
FR;4;2023-01-04;0;0;0;0;0;0;0;0;0;1082301;6959;1574;81;1083513;4353;583;0;15
FR;4;2023-01-05;0;0;0;0;0;0;0;0;0;1082301;6959;1574;81;1083513;4353;583;0;15
FR;4;2023-01-06;1;1;3;0;1;4;0;0;0;1082302;6960;1577;81;1083514;4357;583;0;15
FR;4;2023-01-07;1;0;0;0;1;0;0;0;0;1082303;6960;1577;81;1083515;4357;583;0;15
FR;4;2023-01-08;1;0;0;0;1;0;0;0;0;1082304;6960;1577;81;1083516;4357;583;0;15
FR;4;2023-01-09;1;0;0;0;1;0;0;0;0;1082305;6960;1577;81;1083517;4357;583;0;15
FR;4;2023-01-10;2;1;0;0;2;1;0;0;0;1082307;6961;1577;81;1083519;4358;583;0;15
FR;4;2023-01-11;0;0;0;0;0;0;0;0;0;1082307;6961;1577;81;1083519;4358;583;0;15
FR;4;2023-01-12;3;2;0;0;3;2;0;0;0;1082310;6963;1577;81;1083522;4360;583;0;15
FR;4;2023-01-13;3;0;2;0;3;0;2;0;0;1082313;6963;1579;81;1083525;4360;585;0;15
FR;4;2023-01-14;0;0;1;0;0;0;1;0;0;1082313;6963;1580;81;1083525;4360;586;0;15
FR;4;2023-01-15;0;0;0;0;0;0;0;0;0;1082313;6963;1580;81;1083525;4360;586;0;15
FR;4;2023-01-16;3;0;0;0;3;0;0;0;0;1082316;6963;1580;81;1083528;4360;586;0;15
FR;4;2023-01-17;2;0;0;0;2;0;0;0;0;1082318;6963;1580;81;1083530;4360;586;0;15
FR;4;2023-01-18;3;0;0;0;3;0;0;0;0;1082321;6963;1580;81;1083533;4360;586;0;15
FR;4;2023-01-19;1;0;0;2;1;0;0;0;0;1082322;6963;1580;83;1083534;4360;586;0;15
FR;4;2023-01-20;0;0;0;0;0;0;0;0;0;1082322;6963;1580;83;1083534;4360;586;0;15
FR;4;2023-01-21;0;0;0;0;0;0;0;0;0;1082322;6963;1580;83;1083534;4360;586;0;15
FR;4;2023-01-22;0;0;0;0;0;0;0;0;0;1082322;6963;1580;83;1083534;4360;586;0;15
FR;4;2023-01-23;1;0;0;0;1;0;0;0;0;1082323;6963;1580;83;1083535;4360;586;0;15
FR;4;2023-01-24;3;1;0;0;3;1;0;0;0;1082326;6964;1580;83;1083538;4361;586;0;15
FR;4;2023-01-25;6;0;0;0;6;0;0;0;0;1082332;6964;1580;83;1083544;4361;586;0;15
FR;4;2023-01-26;1;0;0;0;1;0;0;0;0;1082333;6964;1580;83;1083545;4361;586;0;15
FR;4;2023-01-27;0;0;0;0;0;0;0;0;0;1082333;6964;1580;83;1083545;4361;586;0;15
FR;4;2023-01-28;0;0;0;0;0;0;0;0;0;1082333;6964;1580;83;1083545;4361;586;0;15
FR;4;2023-01-29;0;0;0;0;0;0;0;0;0;1082333;6964;1580;83;1083545;4361;586;0;15
FR;4;2023-01-30;0;0;0;0;0;0;0;0;0;1082333;6964;1580;83;1083545;4361;586;0;15
FR;4;2023-01-31;0;0;0;0;0;0;0;0;0;1082333;6964;1580;83;1083545;4361;586;0;15
FR;4;2023-02-01;0;0;0;0;0;0;0;0;0;1082333;6964;1580;83;1083545;4361;586;0;15
FR;4;2023-02-02;3;2;2;1;3;3;1;0;0;1082336;6966;1582;84;1083548;4364;587;0;15
FR;4;2023-02-03;0;0;0;0;0;0;0;0;0;1082336;6966;1582;84;1083548;4364;587;0;15
FR;4;2023-02-04;1;0;0;0;1;0;0;0;0;1082337;6966;1582;84;1083549;4364;587;0;15
FR;4;2023-02-05;0;0;0;0;0;0;0;0;0;1082337;6966;1582;84;1083549;4364;587;0;15
FR;4;2023-02-06;1;0;0;0;1;0;0;0;0;1082338;6966;1582;84;1083550;4364;587;0;15
FR;4;2023-02-07;2;0;0;0;2;0;0;0;0;1082340;6966;1582;84;1083552;4364;587;0;15
FR;4;2023-02-08;2;1;0;0;2;0;0;0;0;1082342;6967;1582;84;1083554;4364;587;0;15
FR;4;2023-02-09;1;1;0;0;1;1;0;0;0;1082343;6968;1582;84;1083555;4365;587;0;15
FR;4;2023-02-10;5;1;0;0;5;0;0;0;0;1082348;6969;1582;84;1083560;4365;587;0;15
FR;4;2023-02-11;4;0;0;0;4;0;0;0;0;1082352;6969;1582;84;1083564;4365;587;0;15
FR;4;2023-02-12;0;0;0;0;0;0;0;0;0;1082352;6969;1582;84;1083564;4365;587;0;15
FR;4;2023-02-13;3;0;0;0;3;0;0;0;0;1082355;6969;1582;84;1083567;4365;587;0;15
FR;4;2023-02-14;0;2;0;0;2;0;0;0;0;1082355;6971;1582;84;1083569;4365;587;0;15
FR;4;2023-02-15;2;0;0;0;2;0;0;0;0;1082357;6971;1582;84;1083571;4365;587;0;15
FR;4;2023-02-16;1;1;0;0;1;1;0;0;0;1082358;6972;1582;84;1083572;4366;587;0;15
FR;4;2023-02-17;1;0;0;0;1;0;0;0;0;1082359;6972;1582;84;1083573;4366;587;0;15
FR;4;2023-02-18;0;2;0;0;0;2;0;0;0;1082359;6974;1582;84;1083573;4368;587;0;15
FR;4;2023-02-19;0;0;0;0;0;0;0;0;0;1082359;6974;1582;84;1083573;4368;587;0;15
FR;4;2023-02-20;1;0;0;0;1;0;0;0;0;1082360;6974;1582;84;1083574;4368;587;0;15
FR;4;2023-02-21;2;0;0;0;2;0;0;0;0;1082362;6974;1582;84;1083576;4368;587;0;15
FR;4;2023-02-22;0;0;0;0;0;0;0;0;0;1082362;6974;1582;84;1083576;4368;587;0;15
FR;4;2023-02-23;0;0;0;0;0;0;0;0;0;1082362;6974;1582;84;1083576;4368;587;0;15
FR;4;2023-02-24;1;0;0;0;1;0;0;0;0;1082363;6974;1582;84;1083577;4368;587;0;15
FR;4;2023-02-25;2;1;0;0;2;1;0;0;0;1082365;6975;1582;84;1083579;4369;587;0;15
FR;4;2023-02-26;0;0;0;0;0;0;0;0;0;1082365;6975;1582;84;1083579;4369;587;0;15
FR;4;2023-02-27;1;0;0;0;1;0;0;0;0;1082366;6975;1582;84;1083580;4369;587;0;15
FR;4;2023-02-28;0;0;0;0;0;0;0;0;0;1082366;6975;1582;84;1083580;4369;587;0;15
FR;4;2023-03-01;1;0;0;0;1;0;0;0;0;1082367;6975;1582;84;1083581;4369;587;0;15
FR;4;2023-03-02;1;1;2;0;1;1;2;0;0;1082368;6976;1584;84;1083582;4370;589;0;15
FR;4;2023-03-03;1;0;0;0;1;0;0;0;0;1082369;6976;1584;84;1083583;4370;589;0;15
FR;4;2023-03-04;0;0;0;0;0;0;0;0;0;1082369;6976;1584;84;1083583;4370;589;0;15
FR;4;2023-03-05;0;0;0;0;0;0;0;0;0;1082369;6976;1584;84;1083583;4370;589;0;15
FR;4;2023-03-06;0;0;0;0;0;0;0;0;0;1082369;6976;1584;84;1083583;4370;589;0;15
FR;4;2023-03-07;0;0;0;0;0;0;0;0;0;1082369;6976;1584;84;1083583;4370;589;0;15
FR;4;2023-03-08;1;0;0;0;1;0;0;0;0;1082370;6976;1584;84;1083584;4370;589;0;15
FR;4;2023-03-09;0;0;0;0;0;0;0;0;0;1082370;6976;1584;84;1083584;4370;589;0;15
FR;4;2023-03-10;2;0;1;0;2;0;1;0;0;1082372;6976;1585;84;1083586;4370;590;0;15
FR;4;2023-03-11;0;0;0;0;0;0;0;0;0;1082372;6976;1585;84;1083586;4370;590;0;15
FR;4;2023-03-12;0;0;0;0;0;0;0;0;0;1082372;6976;1585;84;1083586;4370;590;0;15
FR;4;2023-03-13;0;0;0;0;0;0;0;0;0;1082372;6976;1585;84;1083586;4370;590;0;15
FR;4;2023-03-14;0;0;0;0;0;0;0;0;0;1082372;6976;1585;84;1083586;4370;590;0;15
FR;4;2023-03-15;1;0;0;1;1;0;0;0;1;1082373;6976;1585;85;1083587;4370;590;0;16
FR;4;2023-03-16;1;0;0;0;1;0;0;0;0;1082374;6976;1585;85;1083588;4370;590;0;16
FR;4;2023-03-17;1;0;0;0;1;0;0;0;0;1082375;6976;1585;85;1083589;4370;590;0;16
FR;4;2023-03-18;0;1;0;0;0;1;0;0;0;1082375;6977;1585;85;1083589;4371;590;0;16
FR;4;2023-03-19;0;0;0;0;0;0;0;0;0;1082375;6977;1585;85;1083589;4371;590;0;16
FR;4;2023-03-20;0;0;0;0;0;0;0;0;0;1082375;6977;1585;85;1083589;4371;590;0;16
FR;4;2023-03-21;2;0;0;0;2;0;0;0;0;1082377;6977;1585;85;1083591;4371;590;0;16
FR;4;2023-03-22;0;0;1;0;0;0;1;0;0;1082377;6977;1586;85;1083591;4371;591;0;16
FR;4;2023-03-23;1;0;0;0;1;0;0;0;0;1082378;6977;1586;85;1083592;4371;591;0;16
FR;4;2023-03-24;0;0;0;0;0;0;0;0;0;1082378;6977;1586;85;1083592;4371;591;0;16
FR;4;2023-03-25;0;0;0;0;0;0;0;0;0;1082378;6977;1586;85;1083592;4371;591;0;16
FR;4;2023-03-26;0;0;0;0;0;0;0;0;0;1082378;6977;1586;85;1083592;4371;591;0;16
FR;4;2023-03-27;1;0;0;0;1;0;0;0;0;1082379;6977;1586;85;1083593;4371;591;0;16
FR;4;2023-03-28;1;0;0;0;1;0;0;0;0;1082380;6977;1586;85;1083594;4371;591;0;16
FR;4;2023-03-29;2;0;0;0;2;0;0;0;0;1082382;6977;1586;85;1083596;4371;591;0;16
FR;4;2023-03-30;0;1;0;0;1;0;0;0;0;1082382;6978;1586;85;1083597;4371;591;0;16
FR;4;2023-03-31;3;0;0;1;3;0;0;0;4;1082385;6978;1586;86;1083600;4371;591;0;20
FR;4;2023-04-01;2;0;0;0;2;0;0;0;0;1082387;6978;1586;86;1083602;4371;591;0;20
FR;4;2023-04-02;0;0;0;0;0;0;0;0;0;1082387;6978;1586;86;1083602;4371;591;0;20
FR;4;2023-04-03;0;0;0;0;0;0;0;0;0;1082387;6978;1586;86;1083602;4371;591;0;20
FR;4;2023-04-04;0;0;0;0;0;0;0;0;0;1082387;6978;1586;86;1083602;4371;591;0;20
FR;4;2023-04-05;0;0;0;0;0;0;0;0;0;1082387;6978;1586;86;1083602;4371;591;0;20
FR;4;2023-04-06;0;0;0;0;0;0;0;0;0;1082387;6978;1586;86;1083602;4371;591;0;20
FR;4;2023-04-07;0;0;0;0;0;0;0;0;0;1082387;6978;1586;86;1083602;4371;591;0;20
FR;4;2023-04-08;0;0;0;0;0;0;0;0;0;1082387;6978;1586;86;1083602;4371;591;0;20
FR;4;2023-04-09;0;0;0;0;0;0;0;0;0;1082387;6978;1586;86;1083602;4371;591;0;20
FR;4;2023-04-10;1;0;0;0;1;0;0;0;0;1082388;6978;1586;86;1083603;4371;591;0;20
FR;4;2023-04-11;0;0;0;0;0;0;0;0;0;1082388;6978;1586;86;1083603;4371;591;0;20
FR;4;2023-04-12;1;0;0;0;1;0;0;0;0;1082389;6978;1586;86;1083604;4371;591;0;20
FR;4;2023-04-13;0;0;0;0;0;0;0;0;0;1082389;6978;1586;86;1083604;4371;591;0;20
FR;4;2023-04-14;0;0;0;0;0;0;0;0;0;1082389;6978;1586;86;1083604;4371;591;0;20
FR;4;2023-04-15;0;0;0;0;0;0;0;0;0;1082389;6978;1586;86;1083604;4371;591;0;20
FR;4;2023-04-16;0;0;0;0;0;0;0;0;0;1082389;6978;1586;86;1083604;4371;591;0;20
FR;4;2023-04-17;0;0;0;0;0;0;0;0;0;1082389;6978;1586;86;1083604;4371;591;0;20
FR;4;2023-04-18;0;0;0;0;0;0;0;0;0;1082389;6978;1586;86;1083604;4371;591;0;20
FR;4;2023-04-19;1;0;0;0;1;0;0;0;0;1082390;6978;1586;86;1083605;4371;591;0;20
FR;4;2023-04-20;0;0;0;0;0;0;0;0;0;1082390;6978;1586;86;1083605;4371;591;0;20
FR;4;2023-04-21;0;1;0;0;0;1;0;0;0;1082390;6979;1586;86;1083605;4372;591;0;20
FR;4;2023-04-22;0;0;0;0;0;0;0;0;0;1082390;6979;1586;86;1083605;4372;591;0;20
FR;4;2023-04-23;1;0;0;0;1;0;0;0;0;1082391;6979;1586;86;1083606;4372;591;0;20
FR;4;2023-04-24;1;0;0;0;1;0;0;0;0;1082392;6979;1586;86;1083607;4372;591;0;20
FR;4;2023-04-25;1;0;0;0;1;0;0;0;0;1082393;6979;1586;86;1083608;4372;591;0;20
FR;4;2023-04-26;0;0;0;0;0;0;0;0;0;1082393;6979;1586;86;1083608;4372;591;0;20
FR;4;2023-04-27;0;0;0;0;0;0;0;0;0;1082393;6979;1586;86;1083608;4372;591;0;20
FR;4;2023-04-28;0;0;0;0;0;0;0;0;0;1082393;6979;1586;86;1083608;4372;591;0;20
FR;4;2023-04-29;0;0;0;0;0;0;0;0;0;1082393;6979;1586;86;1083608;4372;591;0;20
FR;4;2023-04-30;0;0;0;0;0;0;0;0;0;1082393;6979;1586;86;1083608;4372;591;0;20
FR;4;2023-05-01;0;0;0;0;0;0;0;0;0;1082393;6979;1586;86;1083608;4372;591;0;20
FR;4;2023-05-02;0;0;0;0;0;0;0;0;0;1082393;6979;1586;86;1083608;4372;591;0;20
FR;4;2023-05-03;0;0;0;0;0;0;0;0;0;1082393;6979;1586;86;1083608;4372;591;0;20
FR;4;2023-05-04;0;0;0;0;0;0;0;0;0;1082393;6979;1586;86;1083608;4372;591;0;20
FR;4;2023-05-05;0;0;0;0;0;0;0;0;0;1082393;6979;1586;86;1083608;4372;591;0;20
FR;4;2023-05-06;0;0;0;0;0;0;0;0;0;1082393;6979;1586;86;1083608;4372;591;0;20
FR;4;2023-05-07;0;0;0;0;0;0;0;0;0;1082393;6979;1586;86;1083608;4372;591;0;20
FR;4;2023-05-08;0;0;0;0;0;0;0;0;0;1082393;6979;1586;86;1083608;4372;591;0;20
FR;4;2023-05-09;0;0;0;0;0;0;0;0;0;1082393;6979;1586;86;1083608;4372;591;0;20
FR;4;2023-05-10;0;0;0;0;0;0;0;0;0;1082393;6979;1586;86;1083608;4372;591;0;20
FR;4;2023-05-11;0;0;0;0;0;0;0;0;0;1082393;6979;1586;86;1083608;4372;591;0;20
FR;5;2020-12-27;0;0;0;0;0;0;0;0;0;0;0;0;0;0;0;0;0;0
FR;5;2020-12-28;0;0;0;0;0;0;0;0;0;0;0;0;0;0;0;0;0;0
FR;5;2020-12-29;0;0;0;0;0;0;0;0;0;0;0;0;0;0;0;0;0;0
FR;5;2020-12-30;0;0;0;0;0;0;0;0;0;0;0;0;0;0;0;0;0;0
FR;5;2020-12-31;0;0;0;0;0;0;0;0;0;0;0;0;0;0;0;0;0;0
FR;5;2021-01-01;0;0;0;0;0;0;0;0;0;0;0;0;0;0;0;0;0;0
FR;5;2021-01-02;0;0;0;0;0;0;0;0;0;0;0;0;0;0;0;0;0;0
FR;5;2021-01-03;0;0;0;0;0;0;0;0;0;0;0;0;0;0;0;0;0;0
FR;5;2021-01-04;0;0;0;0;0;0;0;0;0;0;0;0;0;0;0;0;0;0
FR;5;2021-01-05;0;0;0;0;0;0;0;0;0;0;0;0;0;0;0;0;0;0
FR;5;2021-01-06;0;0;0;0;0;0;0;0;0;0;0;0;0;0;0;0;0;0
FR;5;2021-01-07;0;0;0;0;0;0;0;0;0;0;0;0;0;0;0;0;0;0
FR;5;2021-01-08;0;0;0;0;0;0;0;0;0;0;0;0;0;0;0;0;0;0
FR;5;2021-01-09;0;0;0;0;0;0;0;0;0;0;0;0;0;0;0;0;0;0
FR;5;2021-01-10;0;0;0;0;0;0;0;0;0;0;0;0;0;0;0;0;0;0
FR;5;2021-01-11;0;0;0;0;0;0;0;0;0;0;0;0;0;0;0;0;0;0
FR;5;2021-01-12;0;0;0;0;0;0;0;0;0;0;0;0;0;0;0;0;0;0
FR;5;2021-01-13;0;0;0;0;0;0;0;0;0;0;0;0;0;0;0;0;0;0
FR;5;2021-01-14;0;0;0;0;0;0;0;0;0;0;0;0;0;0;0;0;0;0
FR;5;2021-01-15;0;0;0;0;0;0;0;0;0;0;0;0;0;0;0;0;0;0
FR;5;2021-01-16;0;0;0;0;0;0;0;0;0;0;0;0;0;0;0;0;0;0
FR;5;2021-01-17;0;0;0;0;0;0;0;0;0;0;0;0;0;0;0;0;0;0
FR;5;2021-01-18;0;0;0;0;0;0;0;0;0;0;0;0;0;0;0;0;0;0
FR;5;2021-01-19;0;0;0;0;0;0;0;0;0;0;0;0;0;0;0;0;0;0
FR;5;2021-01-20;0;0;0;0;0;0;0;0;0;0;0;0;0;0;0;0;0;0
FR;5;2021-01-21;0;0;0;0;0;0;0;0;0;0;0;0;0;0;0;0;0;0
FR;5;2021-01-22;0;0;0;0;0;0;0;0;0;0;0;0;0;0;0;0;0;0
FR;5;2021-01-23;0;0;0;0;0;0;0;0;0;0;0;0;0;0;0;0;0;0
FR;5;2021-01-24;0;0;0;0;0;0;0;0;0;0;0;0;0;0;0;0;0;0
FR;5;2021-01-25;0;0;0;0;0;0;0;0;0;0;0;0;0;0;0;0;0;0
FR;5;2021-01-26;0;0;0;0;0;0;0;0;0;0;0;0;0;0;0;0;0;0
FR;5;2021-01-27;0;0;0;0;0;0;0;0;0;0;0;0;0;0;0;0;0;0
FR;5;2021-01-28;0;0;0;0;0;0;0;0;0;0;0;0;0;0;0;0;0;0
FR;5;2021-01-29;0;0;0;0;0;0;0;0;0;0;0;0;0;0;0;0;0;0
FR;5;2021-01-30;0;0;0;0;0;0;0;0;0;0;0;0;0;0;0;0;0;0
FR;5;2021-01-31;0;0;0;0;0;0;0;0;0;0;0;0;0;0;0;0;0;0
FR;5;2021-02-01;0;0;0;0;0;0;0;0;0;0;0;0;0;0;0;0;0;0
FR;5;2021-02-02;0;0;0;0;0;0;0;0;0;0;0;0;0;0;0;0;0;0
FR;5;2021-02-03;0;0;0;0;0;0;0;0;0;0;0;0;0;0;0;0;0;0
FR;5;2021-02-04;0;0;0;0;0;0;0;0;0;0;0;0;0;0;0;0;0;0
FR;5;2021-02-05;0;0;0;0;0;0;0;0;0;0;0;0;0;0;0;0;0;0
FR;5;2021-02-06;0;0;0;0;0;0;0;0;0;0;0;0;0;0;0;0;0;0
FR;5;2021-02-07;0;0;0;0;0;0;0;0;0;0;0;0;0;0;0;0;0;0
FR;5;2021-02-08;0;0;0;0;0;0;0;0;0;0;0;0;0;0;0;0;0;0
FR;5;2021-02-09;0;0;0;0;0;0;0;0;0;0;0;0;0;0;0;0;0;0
FR;5;2021-02-10;0;0;0;0;0;0;0;0;0;0;0;0;0;0;0;0;0;0
FR;5;2021-02-11;0;0;0;0;0;0;0;0;0;0;0;0;0;0;0;0;0;0
FR;5;2021-02-12;0;0;0;0;0;0;0;0;0;0;0;0;0;0;0;0;0;0
FR;5;2021-02-13;0;0;0;0;0;0;0;0;0;0;0;0;0;0;0;0;0;0
FR;5;2021-02-14;0;0;0;0;0;0;0;0;0;0;0;0;0;0;0;0;0;0
FR;5;2021-02-15;0;0;0;0;0;0;0;0;0;0;0;0;0;0;0;0;0;0
FR;5;2021-02-16;0;0;0;0;0;0;0;0;0;0;0;0;0;0;0;0;0;0
FR;5;2021-02-17;0;0;0;0;0;0;0;0;0;0;0;0;0;0;0;0;0;0
FR;5;2021-02-18;0;0;0;0;0;0;0;0;0;0;0;0;0;0;0;0;0;0
FR;5;2021-02-19;0;0;0;0;0;0;0;0;0;0;0;0;0;0;0;0;0;0
FR;5;2021-02-20;0;0;0;0;0;0;0;0;0;0;0;0;0;0;0;0;0;0
FR;5;2021-02-21;0;0;0;0;0;0;0;0;0;0;0;0;0;0;0;0;0;0
FR;5;2021-02-22;0;0;0;0;0;0;0;0;0;0;0;0;0;0;0;0;0;0
FR;5;2021-02-23;0;0;0;0;0;0;0;0;0;0;0;0;0;0;0;0;0;0
FR;5;2021-02-24;0;0;0;0;0;0;0;0;0;0;0;0;0;0;0;0;0;0
FR;5;2021-02-25;0;0;0;0;0;0;0;0;0;0;0;0;0;0;0;0;0;0
FR;5;2021-02-26;0;0;0;0;0;0;0;0;0;0;0;0;0;0;0;0;0;0
FR;5;2021-02-27;0;0;0;0;0;0;0;0;0;0;0;0;0;0;0;0;0;0
FR;5;2021-02-28;0;0;0;0;0;0;0;0;0;0;0;0;0;0;0;0;0;0
FR;5;2021-03-01;0;0;0;0;0;0;0;0;0;0;0;0;0;0;0;0;0;0
FR;5;2021-03-02;0;0;0;0;0;0;0;0;0;0;0;0;0;0;0;0;0;0
FR;5;2021-03-03;0;0;0;0;0;0;0;0;0;0;0;0;0;0;0;0;0;0
FR;5;2021-03-04;0;0;0;0;0;0;0;0;0;0;0;0;0;0;0;0;0;0
FR;5;2021-03-05;0;0;0;0;0;0;0;0;0;0;0;0;0;0;0;0;0;0
FR;5;2021-03-06;0;0;0;0;0;0;0;0;0;0;0;0;0;0;0;0;0;0
FR;5;2021-03-07;0;0;0;0;0;0;0;0;0;0;0;0;0;0;0;0;0;0
FR;5;2021-03-08;0;0;0;0;0;0;0;0;0;0;0;0;0;0;0;0;0;0
FR;5;2021-03-09;0;0;0;0;0;0;0;0;0;0;0;0;0;0;0;0;0;0
FR;5;2021-03-10;0;0;0;0;0;0;0;0;0;0;0;0;0;0;0;0;0;0
FR;5;2021-03-11;0;0;0;0;0;0;0;0;0;0;0;0;0;0;0;0;0;0
FR;5;2021-03-12;0;0;0;0;0;0;0;0;0;0;0;0;0;0;0;0;0;0
FR;5;2021-03-13;0;0;0;0;0;0;0;0;0;0;0;0;0;0;0;0;0;0
FR;5;2021-03-14;0;0;0;0;0;0;0;0;0;0;0;0;0;0;0;0;0;0
FR;5;2021-03-15;0;0;0;0;0;0;0;0;0;0;0;0;0;0;0;0;0;0
FR;5;2021-03-16;0;0;0;0;0;0;0;0;0;0;0;0;0;0;0;0;0;0
FR;5;2021-03-17;0;0;0;0;0;0;0;0;0;0;0;0;0;0;0;0;0;0
FR;5;2021-03-18;0;0;0;0;0;0;0;0;0;0;0;0;0;0;0;0;0;0
FR;5;2021-03-19;0;0;0;0;0;0;0;0;0;0;0;0;0;0;0;0;0;0
FR;5;2021-03-20;0;0;0;0;0;0;0;0;0;0;0;0;0;0;0;0;0;0
FR;5;2021-03-21;0;0;0;0;0;0;0;0;0;0;0;0;0;0;0;0;0;0
FR;5;2021-03-22;0;0;0;0;0;0;0;0;0;0;0;0;0;0;0;0;0;0
FR;5;2021-03-23;0;0;0;0;0;0;0;0;0;0;0;0;0;0;0;0;0;0
FR;5;2021-03-24;0;0;0;0;0;0;0;0;0;0;0;0;0;0;0;0;0;0
FR;5;2021-03-25;0;0;0;0;0;0;0;0;0;0;0;0;0;0;0;0;0;0
FR;5;2021-03-26;0;0;0;0;0;0;0;0;0;0;0;0;0;0;0;0;0;0
FR;5;2021-03-27;0;0;0;0;0;0;0;0;0;0;0;0;0;0;0;0;0;0
FR;5;2021-03-28;0;0;0;0;0;0;0;0;0;0;0;0;0;0;0;0;0;0
FR;5;2021-03-29;0;0;0;0;0;0;0;0;0;0;0;0;0;0;0;0;0;0
FR;5;2021-03-30;0;0;0;0;0;0;0;0;0;0;0;0;0;0;0;0;0;0
FR;5;2021-03-31;0;0;0;0;0;0;0;0;0;0;0;0;0;0;0;0;0;0
FR;5;2021-04-01;0;0;0;0;0;0;0;0;0;0;0;0;0;0;0;0;0;0
FR;5;2021-04-02;0;0;0;0;0;0;0;0;0;0;0;0;0;0;0;0;0;0
FR;5;2021-04-03;0;0;0;0;0;0;0;0;0;0;0;0;0;0;0;0;0;0
FR;5;2021-04-04;0;0;0;0;0;0;0;0;0;0;0;0;0;0;0;0;0;0
FR;5;2021-04-05;0;0;0;0;0;0;0;0;0;0;0;0;0;0;0;0;0;0
FR;5;2021-04-06;0;0;0;0;0;0;0;0;0;0;0;0;0;0;0;0;0;0
FR;5;2021-04-07;0;0;0;0;0;0;0;0;0;0;0;0;0;0;0;0;0;0
FR;5;2021-04-08;0;0;0;0;0;0;0;0;0;0;0;0;0;0;0;0;0;0
FR;5;2021-04-09;0;0;0;0;0;0;0;0;0;0;0;0;0;0;0;0;0;0
FR;5;2021-04-10;0;0;0;0;0;0;0;0;0;0;0;0;0;0;0;0;0;0
FR;5;2021-04-11;0;0;0;0;0;0;0;0;0;0;0;0;0;0;0;0;0;0
FR;5;2021-04-12;0;0;0;0;0;0;0;0;0;0;0;0;0;0;0;0;0;0
FR;5;2021-04-13;0;0;0;0;0;0;0;0;0;0;0;0;0;0;0;0;0;0
FR;5;2021-04-14;0;0;0;0;0;0;0;0;0;0;0;0;0;0;0;0;0;0
FR;5;2021-04-15;0;0;0;0;0;0;0;0;0;0;0;0;0;0;0;0;0;0
FR;5;2021-04-16;0;0;0;0;0;0;0;0;0;0;0;0;0;0;0;0;0;0
FR;5;2021-04-17;0;0;0;0;0;0;0;0;0;0;0;0;0;0;0;0;0;0
FR;5;2021-04-18;0;0;0;0;0;0;0;0;0;0;0;0;0;0;0;0;0;0
FR;5;2021-04-19;0;0;0;0;0;0;0;0;0;0;0;0;0;0;0;0;0;0
FR;5;2021-04-20;0;0;0;0;0;0;0;0;0;0;0;0;0;0;0;0;0;0
FR;5;2021-04-21;0;0;0;0;0;0;0;0;0;0;0;0;0;0;0;0;0;0
FR;5;2021-04-22;0;0;0;0;0;0;0;0;0;0;0;0;0;0;0;0;0;0
FR;5;2021-04-23;0;0;0;0;0;0;0;0;0;0;0;0;0;0;0;0;0;0
FR;5;2021-04-24;0;0;0;0;0;0;0;0;0;0;0;0;0;0;0;0;0;0
FR;5;2021-04-25;0;0;0;0;0;0;0;0;0;0;0;0;0;0;0;0;0;0
FR;5;2021-04-26;0;0;0;0;0;0;0;0;0;0;0;0;0;0;0;0;0;0
FR;5;2021-04-27;0;0;0;0;0;0;0;0;0;0;0;0;0;0;0;0;0;0
FR;5;2021-04-28;0;0;0;0;0;0;0;0;0;0;0;0;0;0;0;0;0;0
FR;5;2021-04-29;0;0;0;0;0;0;0;0;0;0;0;0;0;0;0;0;0;0
FR;5;2021-04-30;0;0;0;0;0;0;0;0;0;0;0;0;0;0;0;0;0;0
FR;5;2021-05-01;0;0;0;0;0;0;0;0;0;0;0;0;0;0;0;0;0;0
FR;5;2021-05-02;0;0;0;0;0;0;0;0;0;0;0;0;0;0;0;0;0;0
FR;5;2021-05-03;0;0;0;0;0;0;0;0;0;0;0;0;0;0;0;0;0;0
FR;5;2021-05-04;0;0;0;0;0;0;0;0;0;0;0;0;0;0;0;0;0;0
FR;5;2021-05-05;0;0;0;0;0;0;0;0;0;0;0;0;0;0;0;0;0;0
FR;5;2021-05-06;0;0;0;0;0;0;0;0;0;0;0;0;0;0;0;0;0;0
FR;5;2021-05-07;0;0;0;0;0;0;0;0;0;0;0;0;0;0;0;0;0;0
FR;5;2021-05-08;0;0;0;0;0;0;0;0;0;0;0;0;0;0;0;0;0;0
FR;5;2021-05-09;0;0;0;0;0;0;0;0;0;0;0;0;0;0;0;0;0;0
FR;5;2021-05-10;0;0;0;0;0;0;0;0;0;0;0;0;0;0;0;0;0;0
FR;5;2021-05-11;0;0;0;0;0;0;0;0;0;0;0;0;0;0;0;0;0;0
FR;5;2021-05-12;0;0;0;0;0;0;0;0;0;0;0;0;0;0;0;0;0;0
FR;5;2021-05-13;0;0;0;0;0;0;0;0;0;0;0;0;0;0;0;0;0;0
FR;5;2021-05-14;0;0;0;0;0;0;0;0;0;0;0;0;0;0;0;0;0;0
FR;5;2021-05-15;0;0;0;0;0;0;0;0;0;0;0;0;0;0;0;0;0;0
FR;5;2021-05-16;0;0;0;0;0;0;0;0;0;0;0;0;0;0;0;0;0;0
FR;5;2021-05-17;0;0;0;0;0;0;0;0;0;0;0;0;0;0;0;0;0;0
FR;5;2021-05-18;0;0;0;0;0;0;0;0;0;0;0;0;0;0;0;0;0;0
FR;5;2021-05-19;0;0;0;0;0;0;0;0;0;0;0;0;0;0;0;0;0;0
FR;5;2021-05-20;0;0;0;0;0;0;0;0;0;0;0;0;0;0;0;0;0;0
FR;5;2021-05-21;0;0;0;0;0;0;0;0;0;0;0;0;0;0;0;0;0;0
FR;5;2021-05-22;0;0;0;0;0;0;0;0;0;0;0;0;0;0;0;0;0;0
FR;5;2021-05-23;0;0;0;0;0;0;0;0;0;0;0;0;0;0;0;0;0;0
FR;5;2021-05-24;0;0;0;0;0;0;0;0;0;0;0;0;0;0;0;0;0;0
FR;5;2021-05-25;0;0;0;0;0;0;0;0;0;0;0;0;0;0;0;0;0;0
FR;5;2021-05-26;0;0;0;0;0;0;0;0;0;0;0;0;0;0;0;0;0;0
FR;5;2021-05-27;0;0;0;0;0;0;0;0;0;0;0;0;0;0;0;0;0;0
FR;5;2021-05-28;0;0;0;0;0;0;0;0;0;0;0;0;0;0;0;0;0;0
FR;5;2021-05-29;0;0;0;0;0;0;0;0;0;0;0;0;0;0;0;0;0;0
FR;5;2021-05-30;0;0;0;0;0;0;0;0;0;0;0;0;0;0;0;0;0;0
FR;5;2021-05-31;0;0;0;0;0;0;0;0;0;0;0;0;0;0;0;0;0;0
FR;5;2021-06-01;0;0;0;0;0;0;0;0;0;0;0;0;0;0;0;0;0;0
FR;5;2021-06-02;0;0;0;0;0;0;0;0;0;0;0;0;0;0;0;0;0;0
FR;5;2021-06-03;0;0;0;0;0;0;0;0;0;0;0;0;0;0;0;0;0;0
FR;5;2021-06-04;0;0;0;0;0;0;0;0;0;0;0;0;0;0;0;0;0;0
FR;5;2021-06-05;0;0;0;0;0;0;0;0;0;0;0;0;0;0;0;0;0;0
FR;5;2021-06-06;0;0;0;0;0;0;0;0;0;0;0;0;0;0;0;0;0;0
FR;5;2021-06-07;0;0;0;0;0;0;0;0;0;0;0;0;0;0;0;0;0;0
FR;5;2021-06-08;0;0;0;0;0;0;0;0;0;0;0;0;0;0;0;0;0;0
FR;5;2021-06-09;0;0;0;0;0;0;0;0;0;0;0;0;0;0;0;0;0;0
FR;5;2021-06-10;0;0;0;0;0;0;0;0;0;0;0;0;0;0;0;0;0;0
FR;5;2021-06-11;0;0;0;0;0;0;0;0;0;0;0;0;0;0;0;0;0;0
FR;5;2021-06-12;0;0;0;0;0;0;0;0;0;0;0;0;0;0;0;0;0;0
FR;5;2021-06-13;0;0;0;0;0;0;0;0;0;0;0;0;0;0;0;0;0;0
FR;5;2021-06-14;0;0;0;0;0;0;0;0;0;0;0;0;0;0;0;0;0;0
FR;5;2021-06-15;0;0;0;0;0;0;0;0;0;0;0;0;0;0;0;0;0;0
FR;5;2021-06-16;0;0;0;0;0;0;0;0;0;0;0;0;0;0;0;0;0;0
FR;5;2021-06-17;0;0;0;0;0;0;0;0;0;0;0;0;0;0;0;0;0;0
FR;5;2021-06-18;0;0;0;0;0;0;0;0;0;0;0;0;0;0;0;0;0;0
FR;5;2021-06-19;0;0;0;0;0;0;0;0;0;0;0;0;0;0;0;0;0;0
FR;5;2021-06-20;0;0;0;0;0;0;0;0;0;0;0;0;0;0;0;0;0;0
FR;5;2021-06-21;0;0;0;0;0;0;0;0;0;0;0;0;0;0;0;0;0;0
FR;5;2021-06-22;0;0;0;0;0;0;0;0;0;0;0;0;0;0;0;0;0;0
FR;5;2021-06-23;0;0;0;0;0;0;0;0;0;0;0;0;0;0;0;0;0;0
FR;5;2021-06-24;0;0;0;0;0;0;0;0;0;0;0;0;0;0;0;0;0;0
FR;5;2021-06-25;0;0;0;0;0;0;0;0;0;0;0;0;0;0;0;0;0;0
FR;5;2021-06-26;0;0;0;0;0;0;0;0;0;0;0;0;0;0;0;0;0;0
FR;5;2021-06-27;0;0;0;0;0;0;0;0;0;0;0;0;0;0;0;0;0;0
FR;5;2021-06-28;0;0;0;0;0;0;0;0;0;0;0;0;0;0;0;0;0;0
FR;5;2021-06-29;0;0;0;0;0;0;0;0;0;0;0;0;0;0;0;0;0;0
FR;5;2021-06-30;0;0;0;0;0;0;0;0;0;0;0;0;0;0;0;0;0;0
FR;5;2021-07-01;0;0;0;0;0;0;0;0;0;0;0;0;0;0;0;0;0;0
FR;5;2021-07-02;0;0;0;0;0;0;0;0;0;0;0;0;0;0;0;0;0;0
FR;5;2021-07-03;0;0;0;0;0;0;0;0;0;0;0;0;0;0;0;0;0;0
FR;5;2021-07-04;0;0;0;0;0;0;0;0;0;0;0;0;0;0;0;0;0;0
FR;5;2021-07-05;0;0;0;0;0;0;0;0;0;0;0;0;0;0;0;0;0;0
FR;5;2021-07-06;0;0;0;0;0;0;0;0;0;0;0;0;0;0;0;0;0;0
FR;5;2021-07-07;0;0;0;0;0;0;0;0;0;0;0;0;0;0;0;0;0;0
FR;5;2021-07-08;0;0;0;0;0;0;0;0;0;0;0;0;0;0;0;0;0;0
FR;5;2021-07-09;0;0;0;0;0;0;0;0;0;0;0;0;0;0;0;0;0;0
FR;5;2021-07-10;0;0;0;0;0;0;0;0;0;0;0;0;0;0;0;0;0;0
FR;5;2021-07-11;0;0;0;0;0;0;0;0;0;0;0;0;0;0;0;0;0;0
FR;5;2021-07-12;0;0;0;0;0;0;0;0;0;0;0;0;0;0;0;0;0;0
FR;5;2021-07-13;0;0;0;0;0;0;0;0;0;0;0;0;0;0;0;0;0;0
FR;5;2021-07-14;0;0;0;0;0;0;0;0;0;0;0;0;0;0;0;0;0;0
FR;5;2021-07-15;0;0;0;0;0;0;0;0;0;0;0;0;0;0;0;0;0;0
FR;5;2021-07-16;0;0;0;0;0;0;0;0;0;0;0;0;0;0;0;0;0;0
FR;5;2021-07-17;0;0;0;0;0;0;0;0;0;0;0;0;0;0;0;0;0;0
FR;5;2021-07-18;0;0;0;0;0;0;0;0;0;0;0;0;0;0;0;0;0;0
FR;5;2021-07-19;0;0;0;0;0;0;0;0;0;0;0;0;0;0;0;0;0;0
FR;5;2021-07-20;0;0;0;0;0;0;0;0;0;0;0;0;0;0;0;0;0;0
FR;5;2021-07-21;0;0;0;0;0;0;0;0;0;0;0;0;0;0;0;0;0;0
FR;5;2021-07-22;0;0;0;0;0;0;0;0;0;0;0;0;0;0;0;0;0;0
FR;5;2021-07-23;0;0;0;0;0;0;0;0;0;0;0;0;0;0;0;0;0;0
FR;5;2021-07-24;0;0;0;0;0;0;0;0;0;0;0;0;0;0;0;0;0;0
FR;5;2021-07-25;0;0;0;0;0;0;0;0;0;0;0;0;0;0;0;0;0;0
FR;5;2021-07-26;0;0;0;0;0;0;0;0;0;0;0;0;0;0;0;0;0;0
FR;5;2021-07-27;0;0;0;0;0;0;0;0;0;0;0;0;0;0;0;0;0;0
FR;5;2021-07-28;0;0;0;0;0;0;0;0;0;0;0;0;0;0;0;0;0;0
FR;5;2021-07-29;0;0;0;0;0;0;0;0;0;0;0;0;0;0;0;0;0;0
FR;5;2021-07-30;0;0;0;0;0;0;0;0;0;0;0;0;0;0;0;0;0;0
FR;5;2021-07-31;0;0;0;0;0;0;0;0;0;0;0;0;0;0;0;0;0;0
FR;5;2021-08-01;0;0;0;0;0;0;0;0;0;0;0;0;0;0;0;0;0;0
FR;5;2021-08-02;0;0;0;0;0;0;0;0;0;0;0;0;0;0;0;0;0;0
FR;5;2021-08-03;0;0;0;0;0;0;0;0;0;0;0;0;0;0;0;0;0;0
FR;5;2021-08-04;0;0;0;0;0;0;0;0;0;0;0;0;0;0;0;0;0;0
FR;5;2021-08-05;0;0;0;0;0;0;0;0;0;0;0;0;0;0;0;0;0;0
FR;5;2021-08-06;0;0;0;0;0;0;0;0;0;0;0;0;0;0;0;0;0;0
FR;5;2021-08-07;0;0;0;0;0;0;0;0;0;0;0;0;0;0;0;0;0;0
FR;5;2021-08-08;0;0;0;0;0;0;0;0;0;0;0;0;0;0;0;0;0;0
FR;5;2021-08-09;0;0;0;0;0;0;0;0;0;0;0;0;0;0;0;0;0;0
FR;5;2021-08-10;0;0;0;0;0;0;0;0;0;0;0;0;0;0;0;0;0;0
FR;5;2021-08-11;0;0;0;0;0;0;0;0;0;0;0;0;0;0;0;0;0;0
FR;5;2021-08-12;0;0;0;0;0;0;0;0;0;0;0;0;0;0;0;0;0;0
FR;5;2021-08-13;0;0;0;0;0;0;0;0;0;0;0;0;0;0;0;0;0;0
FR;5;2021-08-14;0;0;0;0;0;0;0;0;0;0;0;0;0;0;0;0;0;0
FR;5;2021-08-15;0;0;0;0;0;0;0;0;0;0;0;0;0;0;0;0;0;0
FR;5;2021-08-16;0;0;0;0;0;0;0;0;0;0;0;0;0;0;0;0;0;0
FR;5;2021-08-17;0;0;0;0;0;0;0;0;0;0;0;0;0;0;0;0;0;0
FR;5;2021-08-18;0;0;0;0;0;0;0;0;0;0;0;0;0;0;0;0;0;0
FR;5;2021-08-19;0;0;0;0;0;0;0;0;0;0;0;0;0;0;0;0;0;0
FR;5;2021-08-20;0;0;0;0;0;0;0;0;0;0;0;0;0;0;0;0;0;0
FR;5;2021-08-21;0;0;0;0;0;0;0;0;0;0;0;0;0;0;0;0;0;0
FR;5;2021-08-22;0;0;0;0;0;0;0;0;0;0;0;0;0;0;0;0;0;0
FR;5;2021-08-23;0;0;0;0;0;0;0;0;0;0;0;0;0;0;0;0;0;0
FR;5;2021-08-24;0;0;0;0;0;0;0;0;0;0;0;0;0;0;0;0;0;0
FR;5;2021-08-25;0;0;0;0;0;0;0;0;0;0;0;0;0;0;0;0;0;0
FR;5;2021-08-26;0;0;0;0;0;0;0;0;0;0;0;0;0;0;0;0;0;0
FR;5;2021-08-27;0;0;0;0;0;0;0;0;0;0;0;0;0;0;0;0;0;0
FR;5;2021-08-28;0;0;0;0;0;0;0;0;0;0;0;0;0;0;0;0;0;0
FR;5;2021-08-29;0;0;0;0;0;0;0;0;0;0;0;0;0;0;0;0;0;0
FR;5;2021-08-30;0;0;0;0;0;0;0;0;0;0;0;0;0;0;0;0;0;0
FR;5;2021-08-31;0;0;0;0;0;0;0;0;0;0;0;0;0;0;0;0;0;0
FR;5;2021-09-01;0;0;0;0;0;0;0;0;0;0;0;0;0;0;0;0;0;0
FR;5;2021-09-02;0;0;0;0;0;0;0;0;0;0;0;0;0;0;0;0;0;0
FR;5;2021-09-03;0;0;0;0;0;0;0;0;0;0;0;0;0;0;0;0;0;0
FR;5;2021-09-04;0;0;0;0;0;0;0;0;0;0;0;0;0;0;0;0;0;0
FR;5;2021-09-05;0;0;0;0;0;0;0;0;0;0;0;0;0;0;0;0;0;0
FR;5;2021-09-06;0;0;0;0;0;0;0;0;0;0;0;0;0;0;0;0;0;0
FR;5;2021-09-07;0;0;0;0;0;0;0;0;0;0;0;0;0;0;0;0;0;0
FR;5;2021-09-08;0;0;0;0;0;0;0;0;0;0;0;0;0;0;0;0;0;0
FR;5;2021-09-09;0;0;0;0;0;0;0;0;0;0;0;0;0;0;0;0;0;0
FR;5;2021-09-10;0;0;0;0;0;0;0;0;0;0;0;0;0;0;0;0;0;0
FR;5;2021-09-11;0;0;0;0;0;0;0;0;0;0;0;0;0;0;0;0;0;0
FR;5;2021-09-12;0;0;0;0;0;0;0;0;0;0;0;0;0;0;0;0;0;0
FR;5;2021-09-13;0;0;0;0;0;0;0;0;0;0;0;0;0;0;0;0;0;0
FR;5;2021-09-14;0;0;0;0;0;0;0;0;0;0;0;0;0;0;0;0;0;0
FR;5;2021-09-15;0;0;0;0;0;0;0;0;0;0;0;0;0;0;0;0;0;0
FR;5;2021-09-16;0;0;0;0;0;0;0;0;0;0;0;0;0;0;0;0;0;0
FR;5;2021-09-17;0;0;0;0;0;0;0;0;0;0;0;0;0;0;0;0;0;0
FR;5;2021-09-18;0;0;0;0;0;0;0;0;0;0;0;0;0;0;0;0;0;0
FR;5;2021-09-19;0;0;0;0;0;0;0;0;0;0;0;0;0;0;0;0;0;0
FR;5;2021-09-20;0;0;0;0;0;0;0;0;0;0;0;0;0;0;0;0;0;0
FR;5;2021-09-21;0;0;0;0;0;0;0;0;0;0;0;0;0;0;0;0;0;0
FR;5;2021-09-22;0;0;0;0;0;0;0;0;0;0;0;0;0;0;0;0;0;0
FR;5;2021-09-23;0;0;0;0;0;0;0;0;0;0;0;0;0;0;0;0;0;0
FR;5;2021-09-24;0;0;0;0;0;0;0;0;0;0;0;0;0;0;0;0;0;0
FR;5;2021-09-25;0;0;0;0;0;0;0;0;0;0;0;0;0;0;0;0;0;0
FR;5;2021-09-26;0;0;0;0;0;0;0;0;0;0;0;0;0;0;0;0;0;0
FR;5;2021-09-27;0;0;0;0;0;0;0;0;0;0;0;0;0;0;0;0;0;0
FR;5;2021-09-28;0;0;0;0;0;0;0;0;0;0;0;0;0;0;0;0;0;0
FR;5;2021-09-29;0;0;0;0;0;0;0;0;0;0;0;0;0;0;0;0;0;0
FR;5;2021-09-30;0;0;0;0;0;0;0;0;0;0;0;0;0;0;0;0;0;0
FR;5;2021-10-01;0;0;0;0;0;0;0;0;0;0;0;0;0;0;0;0;0;0
FR;5;2021-10-02;0;0;0;0;0;0;0;0;0;0;0;0;0;0;0;0;0;0
FR;5;2021-10-03;0;0;0;0;0;0;0;0;0;0;0;0;0;0;0;0;0;0
FR;5;2021-10-04;0;0;0;0;0;0;0;0;0;0;0;0;0;0;0;0;0;0
FR;5;2021-10-05;0;0;0;0;0;0;0;0;0;0;0;0;0;0;0;0;0;0
FR;5;2021-10-06;0;0;0;0;0;0;0;0;0;0;0;0;0;0;0;0;0;0
FR;5;2021-10-07;0;0;0;0;0;0;0;0;0;0;0;0;0;0;0;0;0;0
FR;5;2021-10-08;0;0;0;0;0;0;0;0;0;0;0;0;0;0;0;0;0;0
FR;5;2021-10-09;0;0;0;0;0;0;0;0;0;0;0;0;0;0;0;0;0;0
FR;5;2021-10-10;0;0;0;0;0;0;0;0;0;0;0;0;0;0;0;0;0;0
FR;5;2021-10-11;0;0;0;0;0;0;0;0;0;0;0;0;0;0;0;0;0;0
FR;5;2021-10-12;0;0;0;0;0;0;0;0;0;0;0;0;0;0;0;0;0;0
FR;5;2021-10-13;0;0;0;0;0;0;0;0;0;0;0;0;0;0;0;0;0;0
FR;5;2021-10-14;0;0;0;0;0;0;0;0;0;0;0;0;0;0;0;0;0;0
FR;5;2021-10-15;0;0;0;0;0;0;0;0;0;0;0;0;0;0;0;0;0;0
FR;5;2021-10-16;0;0;0;0;0;0;0;0;0;0;0;0;0;0;0;0;0;0
FR;5;2021-10-17;0;0;0;0;0;0;0;0;0;0;0;0;0;0;0;0;0;0
FR;5;2021-10-18;0;0;0;0;0;0;0;0;0;0;0;0;0;0;0;0;0;0
FR;5;2021-10-19;0;0;0;0;0;0;0;0;0;0;0;0;0;0;0;0;0;0
FR;5;2021-10-20;0;0;0;0;0;0;0;0;0;0;0;0;0;0;0;0;0;0
FR;5;2021-10-21;0;0;0;0;0;0;0;0;0;0;0;0;0;0;0;0;0;0
FR;5;2021-10-22;0;0;0;0;0;0;0;0;0;0;0;0;0;0;0;0;0;0
FR;5;2021-10-23;0;0;0;0;0;0;0;0;0;0;0;0;0;0;0;0;0;0
FR;5;2021-10-24;0;0;0;0;0;0;0;0;0;0;0;0;0;0;0;0;0;0
FR;5;2021-10-25;0;0;0;0;0;0;0;0;0;0;0;0;0;0;0;0;0;0
FR;5;2021-10-26;0;0;0;0;0;0;0;0;0;0;0;0;0;0;0;0;0;0
FR;5;2021-10-27;0;0;0;0;0;0;0;0;0;0;0;0;0;0;0;0;0;0
FR;5;2021-10-28;0;0;0;0;0;0;0;0;0;0;0;0;0;0;0;0;0;0
FR;5;2021-10-29;0;0;0;0;0;0;0;0;0;0;0;0;0;0;0;0;0;0
FR;5;2021-10-30;0;0;0;0;0;0;0;0;0;0;0;0;0;0;0;0;0;0
FR;5;2021-10-31;0;0;0;0;0;0;0;0;0;0;0;0;0;0;0;0;0;0
FR;5;2021-11-01;0;0;0;0;0;0;0;0;0;0;0;0;0;0;0;0;0;0
FR;5;2021-11-02;0;0;0;0;0;0;0;0;0;0;0;0;0;0;0;0;0;0
FR;5;2021-11-03;0;0;0;0;0;0;0;0;0;0;0;0;0;0;0;0;0;0
FR;5;2021-11-04;0;0;0;0;0;0;0;0;0;0;0;0;0;0;0;0;0;0
FR;5;2021-11-05;0;0;0;0;0;0;0;0;0;0;0;0;0;0;0;0;0;0
FR;5;2021-11-06;0;0;0;0;0;0;0;0;0;0;0;0;0;0;0;0;0;0
FR;5;2021-11-07;0;0;0;0;0;0;0;0;0;0;0;0;0;0;0;0;0;0
FR;5;2021-11-08;0;0;0;0;0;0;0;0;0;0;0;0;0;0;0;0;0;0
FR;5;2021-11-09;0;0;0;0;0;0;0;0;0;0;0;0;0;0;0;0;0;0
FR;5;2021-11-10;0;0;0;0;0;0;0;0;0;0;0;0;0;0;0;0;0;0
FR;5;2021-11-11;0;0;0;0;0;0;0;0;0;0;0;0;0;0;0;0;0;0
FR;5;2021-11-12;0;0;0;0;0;0;0;0;0;0;0;0;0;0;0;0;0;0
FR;5;2021-11-13;0;0;0;0;0;0;0;0;0;0;0;0;0;0;0;0;0;0
FR;5;2021-11-14;0;0;0;0;0;0;0;0;0;0;0;0;0;0;0;0;0;0
FR;5;2021-11-15;0;0;0;0;0;0;0;0;0;0;0;0;0;0;0;0;0;0
FR;5;2021-11-16;0;0;0;0;0;0;0;0;0;0;0;0;0;0;0;0;0;0
FR;5;2021-11-17;0;0;0;0;0;0;0;0;0;0;0;0;0;0;0;0;0;0
FR;5;2021-11-18;0;0;0;0;0;0;0;0;0;0;0;0;0;0;0;0;0;0
FR;5;2021-11-19;0;0;0;0;0;0;0;0;0;0;0;0;0;0;0;0;0;0
FR;5;2021-11-20;0;0;0;0;0;0;0;0;0;0;0;0;0;0;0;0;0;0
FR;5;2021-11-21;0;0;0;0;0;0;0;0;0;0;0;0;0;0;0;0;0;0
FR;5;2021-11-22;0;0;0;0;0;0;0;0;0;0;0;0;0;0;0;0;0;0
FR;5;2021-11-23;0;0;0;0;0;0;0;0;0;0;0;0;0;0;0;0;0;0
FR;5;2021-11-24;0;0;0;0;0;0;0;0;0;0;0;0;0;0;0;0;0;0
FR;5;2021-11-25;0;0;0;0;0;0;0;0;0;0;0;0;0;0;0;0;0;0
FR;5;2021-11-26;0;0;0;0;0;0;0;0;0;0;0;0;0;0;0;0;0;0
FR;5;2021-11-27;0;0;0;0;0;0;0;0;0;0;0;0;0;0;0;0;0;0
FR;5;2021-11-28;0;0;0;0;0;0;0;0;0;0;0;0;0;0;0;0;0;0
FR;5;2021-11-29;0;0;0;0;0;0;0;0;0;0;0;0;0;0;0;0;0;0
FR;5;2021-11-30;0;0;0;0;0;0;0;0;0;0;0;0;0;0;0;0;0;0
FR;5;2021-12-01;0;0;0;0;0;0;0;0;0;0;0;0;0;0;0;0;0;0
FR;5;2021-12-02;0;0;0;0;0;0;0;0;0;0;0;0;0;0;0;0;0;0
FR;5;2021-12-03;0;0;0;0;0;0;0;0;0;0;0;0;0;0;0;0;0;0
FR;5;2021-12-04;0;0;0;0;0;0;0;0;0;0;0;0;0;0;0;0;0;0
FR;5;2021-12-05;0;0;0;0;0;0;0;0;0;0;0;0;0;0;0;0;0;0
FR;5;2021-12-06;0;0;0;0;0;0;0;0;0;0;0;0;0;0;0;0;0;0
FR;5;2021-12-07;0;0;0;0;0;0;0;0;0;0;0;0;0;0;0;0;0;0
FR;5;2021-12-08;0;0;0;0;0;0;0;0;0;0;0;0;0;0;0;0;0;0
FR;5;2021-12-09;0;0;0;0;0;0;0;0;0;0;0;0;0;0;0;0;0;0
FR;5;2021-12-10;0;0;0;0;0;0;0;0;0;0;0;0;0;0;0;0;0;0
FR;5;2021-12-11;0;0;0;0;0;0;0;0;0;0;0;0;0;0;0;0;0;0
FR;5;2021-12-12;0;0;0;0;0;0;0;0;0;0;0;0;0;0;0;0;0;0
FR;5;2021-12-13;0;0;0;0;0;0;0;0;0;0;0;0;0;0;0;0;0;0
FR;5;2021-12-14;33;45;77;0;27;88;1;0;0;33;45;77;0;27;88;1;0;0
FR;5;2021-12-15;196;44;37;0;42;49;0;0;0;229;89;114;0;69;137;1;0;0
FR;5;2021-12-16;181;21;44;0;38;48;0;0;0;410;110;158;0;107;185;1;0;0
FR;5;2021-12-17;313;16;72;0;34;74;2;0;0;723;126;230;0;141;259;3;0;0
FR;5;2021-12-18;766;24;22;0;67;29;0;0;0;1489;150;252;0;208;288;3;0;0
FR;5;2021-12-19;585;15;15;0;67;17;0;0;0;2074;165;267;0;275;305;3;0;0
FR;5;2021-12-20;1225;31;34;0;134;37;2;0;0;3299;196;301;0;409;342;5;0;0
FR;5;2021-12-21;1535;22;54;1;141;60;0;0;0;4834;218;355;1;550;402;5;0;0
FR;5;2021-12-22;4069;40;37;0;420;46;2;0;0;8903;258;392;1;970;448;7;0;0
FR;5;2021-12-23;3043;16;21;0;305;25;0;0;0;11946;274;413;1;1275;473;7;0;0
FR;5;2021-12-24;761;18;9;0;103;14;0;0;0;12707;292;422;1;1378;487;7;0;0
FR;5;2021-12-25;61;5;2;0;9;3;0;0;0;12768;297;424;1;1387;490;7;0;0
FR;5;2021-12-26;623;6;3;0;101;4;0;0;0;13391;303;427;1;1488;494;7;0;0
FR;5;2021-12-27;4085;25;21;0;458;23;1;0;0;17476;328;448;1;1946;517;8;0;0
FR;5;2021-12-28;5204;23;41;1;513;43;2;0;0;22680;351;489;2;2459;560;10;0;0
FR;5;2021-12-29;8105;34;66;1;888;69;0;0;0;30785;385;555;3;3347;629;10;0;0
FR;5;2021-12-30;5173;18;33;0;525;39;0;0;0;35958;403;588;3;3872;668;10;0;0
FR;5;2021-12-31;1554;8;10;0;182;11;0;0;0;37512;411;598;3;4054;679;10;0;0
FR;5;2022-01-01;186;2;2;0;24;3;0;0;0;37698;413;600;3;4078;682;10;0;0
FR;5;2022-01-02;1489;1;1;0;152;1;0;0;0;39187;414;601;3;4230;683;10;0;0
FR;5;2022-01-03;3069;36;34;0;323;33;1;0;0;42256;450;635;3;4553;716;11;0;0
FR;5;2022-01-04;3034;39;33;0;321;42;3;0;0;45290;489;668;3;4874;758;14;0;0
FR;5;2022-01-05;19324;203;97;1;2117;108;0;0;0;64614;692;765;4;6991;866;14;0;0
FR;5;2022-01-06;3748;134;122;0;507;142;2;0;0;68362;826;887;4;7498;1008;16;0;0
FR;5;2022-01-07;5006;202;48;2;704;56;1;0;0;73368;1028;935;6;8202;1064;17;0;0
FR;5;2022-01-08;13659;514;45;0;2003;52;0;0;0;87027;1542;980;6;10205;1116;17;0;0
FR;5;2022-01-09;5754;399;15;0;1112;20;1;0;0;92781;1941;995;6;11317;1136;18;0;0
FR;5;2022-01-10;3455;326;25;0;735;29;0;0;0;96236;2267;1020;6;12052;1165;18;0;0
FR;5;2022-01-11;3671;283;38;0;661;41;1;0;0;99907;2550;1058;6;12713;1206;19;0;0
FR;5;2022-01-12;22650;3005;89;0;5297;112;2;0;0;122557;5555;1147;6;18010;1318;21;0;0
FR;5;2022-01-13;4039;623;29;0;1051;31;2;0;0;126596;6178;1176;6;19061;1349;23;0;0
FR;5;2022-01-14;4843;583;45;0;1115;52;1;0;0;131439;6761;1221;6;20176;1401;24;0;0
FR;5;2022-01-15;14686;1747;38;3;3378;49;3;0;0;146125;8508;1259;9;23554;1450;27;0;0
FR;5;2022-01-16;4728;666;3;0;1261;5;0;0;0;150853;9174;1262;9;24815;1455;27;0;0
FR;5;2022-01-17;2297;718;26;0;986;29;0;0;0;153150;9892;1288;9;25801;1484;27;0;0
FR;5;2022-01-18;2431;870;30;0;1141;40;0;0;0;155581;10762;1318;9;26942;1524;27;0;0
FR;5;2022-01-19;18484;6423;74;2;8366;142;3;0;0;174065;17185;1392;11;35308;1666;30;0;0
FR;5;2022-01-20;1920;1067;25;0;1295;34;2;0;0;175985;18252;1417;11;36603;1700;32;0;0
FR;5;2022-01-21;3077;1372;47;1;1677;59;2;0;0;179062;19624;1464;12;38280;1759;34;0;0
FR;5;2022-01-22;10720;3454;33;1;4671;43;1;0;0;189782;23078;1497;13;42951;1802;35;0;0
FR;5;2022-01-23;2629;1415;6;0;1789;10;0;0;0;192411;24493;1503;13;44740;1812;35;0;0
FR;5;2022-01-24;1161;1341;19;0;1447;23;1;0;0;193572;25834;1522;13;46187;1835;36;0;0
FR;5;2022-01-25;1220;1550;20;2;1684;31;3;0;0;194792;27384;1542;15;47871;1866;39;0;0
FR;5;2022-01-26;10748;12032;50;1;13300;89;1;0;1;205540;39416;1592;16;61171;1955;40;0;1
FR;5;2022-01-27;1291;1693;10;0;1838;17;0;0;0;206831;41109;1602;16;63009;1972;40;0;1
FR;5;2022-01-28;1698;3346;16;0;3566;19;1;0;0;208529;44455;1618;16;66575;1991;41;0;1
FR;5;2022-01-29;6241;8041;68;0;8855;96;2;0;0;214770;52496;1686;16;75430;2087;43;0;1
FR;5;2022-01-30;1509;2950;5;0;3185;18;0;0;0;216279;55446;1691;16;78615;2105;43;0;1
FR;5;2022-01-31;589;1773;23;0;1837;24;3;0;0;216868;57219;1714;16;80452;2129;46;0;1
FR;5;2022-02-01;712;1706;10;0;1791;15;0;0;0;217580;58925;1724;16;82243;2144;46;0;1
FR;5;2022-02-02;6959;15655;52;0;16603;94;0;0;0;224539;74580;1776;16;98846;2238;46;0;1
FR;5;2022-02-03;492;1691;14;0;1748;13;5;0;0;225031;76271;1790;16;100594;2251;51;0;1
FR;5;2022-02-04;945;3002;19;0;3123;31;0;0;0;225976;79273;1809;16;103717;2282;51;0;1
FR;5;2022-02-05;3536;8919;23;0;9517;37;0;0;0;229512;88192;1832;16;113234;2319;51;0;1
FR;5;2022-02-06;737;2398;10;0;2556;19;0;0;0;230249;90590;1842;16;115790;2338;51;0;1
FR;5;2022-02-07;884;1596;23;0;1715;25;2;0;0;231133;92186;1865;16;117505;2363;53;0;1
FR;5;2022-02-08;725;1287;18;0;1407;20;2;0;0;231858;93473;1883;16;118912;2383;55;0;1
FR;5;2022-02-09;4544;12880;44;0;13608;76;1;0;0;236402;106353;1927;16;132520;2459;56;0;1
FR;5;2022-02-10;646;1059;14;0;1166;15;0;0;0;237048;107412;1941;16;133686;2474;56;0;1
FR;5;2022-02-11;793;2032;16;0;2163;21;1;0;0;237841;109444;1957;16;135849;2495;57;0;1
FR;5;2022-02-12;2286;6812;33;0;7279;53;0;0;0;240127;116256;1990;16;143128;2548;57;0;1
FR;5;2022-02-13;464;1541;8;0;1654;8;1;0;0;240591;117797;1998;16;144782;2556;58;0;1
FR;5;2022-02-14;678;1288;10;0;1407;13;1;0;0;241269;119085;2008;16;146189;2569;59;0;1
FR;5;2022-02-15;482;886;9;0;968;14;1;0;0;241751;119971;2017;16;147157;2583;60;0;1
FR;5;2022-02-16;2980;9124;41;1;9676;58;2;0;0;244731;129095;2058;17;156833;2641;62;0;1
FR;5;2022-02-17;436;809;6;0;876;7;1;0;0;245167;129904;2064;17;157709;2648;63;0;1
FR;5;2022-02-18;649;1408;13;0;1535;17;0;0;0;245816;131312;2077;17;159244;2665;63;0;1
FR;5;2022-02-19;1373;4315;16;0;4623;28;0;0;0;247189;135627;2093;17;163867;2693;63;0;1
FR;5;2022-02-20;247;879;6;0;941;8;0;0;0;247436;136506;2099;17;164808;2701;63;0;1
FR;5;2022-02-21;221;607;2;0;661;4;1;0;0;247657;137113;2101;17;165469;2705;64;0;1
FR;5;2022-02-22;262;545;17;0;591;17;1;0;0;247919;137658;2118;17;166060;2722;65;0;1
FR;5;2022-02-23;1909;6926;23;1;7346;43;0;0;0;249828;144584;2141;18;173406;2765;65;0;1
FR;5;2022-02-24;182;374;6;1;421;7;1;0;0;250010;144958;2147;19;173827;2772;66;0;1
FR;5;2022-02-25;336;951;13;0;1028;12;2;0;0;250346;145909;2160;19;174855;2784;68;0;1
FR;5;2022-02-26;972;3071;11;0;3333;15;2;0;0;251318;148980;2171;19;178188;2799;70;0;1
FR;5;2022-02-27;151;506;0;0;549;3;0;0;0;251469;149486;2171;19;178737;2802;70;0;1
FR;5;2022-02-28;162;369;1;0;408;1;0;0;0;251631;149855;2172;19;179145;2803;70;0;1
FR;5;2022-03-01;130;280;6;0;315;7;1;0;0;251761;150135;2178;19;179460;2810;71;0;1
FR;5;2022-03-02;1242;4156;28;3;4497;40;3;0;0;253003;154291;2206;22;183957;2850;74;0;1
FR;5;2022-03-03;121;251;5;0;271;10;1;0;0;253124;154542;2211;22;184228;2860;75;0;1
FR;5;2022-03-04;197;488;13;0;538;14;2;0;0;253321;155030;2224;22;184766;2874;77;0;1
FR;5;2022-03-05;677;1990;8;0;2243;16;2;0;0;253998;157020;2232;22;187009;2890;79;0;1
FR;5;2022-03-06;108;260;0;0;310;0;0;0;0;254106;157280;2232;22;187319;2890;79;0;1
FR;5;2022-03-07;71;228;5;0;254;3;2;0;0;254177;157508;2237;22;187573;2893;81;0;1
FR;5;2022-03-08;46;134;7;1;141;8;3;0;0;254223;157642;2244;23;187714;2901;84;0;1
FR;5;2022-03-09;911;3078;24;0;3407;36;0;0;0;255134;160720;2268;23;191121;2937;84;0;1
FR;5;2022-03-10;82;202;9;0;216;13;3;0;0;255216;160922;2277;23;191337;2950;87;0;1
FR;5;2022-03-11;148;369;13;1;426;15;0;0;0;255364;161291;2290;24;191763;2965;87;0;1
FR;5;2022-03-12;758;1613;13;1;1977;30;0;0;0;256122;162904;2303;25;193740;2995;87;0;1
FR;5;2022-03-13;78;102;0;0;135;0;0;0;0;256200;163006;2303;25;193875;2995;87;0;1
FR;5;2022-03-14;69;119;7;1;139;7;1;0;0;256269;163125;2310;26;194014;3002;88;0;1
FR;5;2022-03-15;83;99;4;0;119;7;1;0;0;256352;163224;2314;26;194133;3009;89;0;1
FR;5;2022-03-16;882;1827;15;3;2227;36;7;0;0;257234;165051;2329;29;196360;3045;96;0;1
FR;5;2022-03-17;68;123;8;4;151;10;4;0;0;257302;165174;2337;33;196511;3055;100;0;1
FR;5;2022-03-18;172;318;13;4;391;18;4;0;0;257474;165492;2350;37;196902;3073;104;0;1
FR;5;2022-03-19;752;1163;12;5;1555;33;8;0;0;258226;166655;2362;42;198457;3106;112;0;1
FR;5;2022-03-20;45;93;1;0;119;1;0;0;0;258271;166748;2363;42;198576;3107;112;0;1
FR;5;2022-03-21;71;120;10;6;136;15;8;0;0;258342;166868;2373;48;198712;3122;120;0;1
FR;5;2022-03-22;56;119;8;7;143;9;6;0;0;258398;166987;2381;55;198855;3131;126;0;1
FR;5;2022-03-23;805;1461;14;8;1878;36;9;0;0;259203;168448;2395;63;200733;3167;135;0;1
FR;5;2022-03-24;71;93;8;7;118;7;10;0;0;259274;168541;2403;70;200851;3174;145;0;1
FR;5;2022-03-25;222;293;14;8;388;18;9;0;0;259496;168834;2417;78;201239;3192;154;0;1
FR;5;2022-03-26;707;853;12;5;1273;26;6;0;1;260203;169687;2429;83;202512;3218;160;0;2
FR;5;2022-03-27;76;81;0;0;124;3;0;0;0;260279;169768;2429;83;202636;3221;160;0;2
FR;5;2022-03-28;81;93;1;2;132;3;2;0;0;260360;169861;2430;85;202768;3224;162;0;2
FR;5;2022-03-29;71;83;10;4;114;12;5;0;0;260431;169944;2440;89;202882;3236;167;0;2
FR;5;2022-03-30;823;1116;16;13;1604;29;14;0;0;261254;171060;2456;102;204486;3265;181;0;2
FR;5;2022-03-31;102;125;1;4;173;6;4;0;0;261356;171185;2457;106;204659;3271;185;0;2
FR;5;2022-04-01;114;86;7;12;135;11;12;0;1;261470;171271;2464;118;204794;3282;197;0;3
FR;5;2022-04-02;330;349;3;3;535;15;4;0;0;261800;171620;2467;121;205329;3297;201;0;3
FR;5;2022-04-03;54;59;1;0;88;1;0;0;0;261854;171679;2468;121;205417;3298;201;0;3
FR;5;2022-04-04;40;57;4;1;70;8;2;0;0;261894;171736;2472;122;205487;3306;203;0;3
FR;5;2022-04-05;53;60;6;6;75;9;5;0;0;261947;171796;2478;128;205562;3315;208;0;3
FR;5;2022-04-06;421;439;7;14;678;16;14;0;0;262368;172235;2485;142;206240;3331;222;0;3
FR;5;2022-04-07;45;69;5;7;89;7;10;0;0;262413;172304;2490;149;206329;3338;232;0;3
FR;5;2022-04-08;134;112;12;13;175;14;15;0;0;262547;172416;2502;162;206504;3352;247;0;3
FR;5;2022-04-09;311;324;2;5;511;17;5;0;0;262858;172740;2504;167;207015;3369;252;0;3
FR;5;2022-04-10;44;31;2;0;61;2;1;0;0;262902;172771;2506;167;207076;3371;253;0;3
FR;5;2022-04-11;50;60;3;2;78;4;3;0;0;262952;172831;2509;169;207154;3375;256;0;3
FR;5;2022-04-12;59;54;3;3;78;5;3;0;0;263011;172885;2512;172;207232;3380;259;0;3
FR;5;2022-04-13;382;413;3;8;606;16;8;0;0;263393;173298;2515;180;207838;3396;267;0;3
FR;5;2022-04-14;48;53;5;5;70;9;3;0;0;263441;173351;2520;185;207908;3405;270;0;3
FR;5;2022-04-15;91;111;4;4;152;5;6;0;0;263532;173462;2524;189;208060;3410;276;0;3
FR;5;2022-04-16;188;184;2;1;265;13;1;0;0;263720;173646;2526;190;208325;3423;277;0;3
FR;5;2022-04-17;12;11;1;0;17;1;0;0;0;263732;173657;2527;190;208342;3424;277;0;3
FR;5;2022-04-18;9;10;2;0;11;3;1;0;0;263741;173667;2529;190;208353;3427;278;0;3
FR;5;2022-04-19;75;71;6;1;96;6;4;0;0;263816;173738;2535;191;208449;3433;282;0;3
FR;5;2022-04-20;361;349;9;6;521;12;7;0;0;264177;174087;2544;197;208970;3445;289;0;3
FR;5;2022-04-21;42;64;9;10;71;12;14;0;0;264219;174151;2553;207;209041;3457;303;0;3
FR;5;2022-04-22;113;96;5;4;144;5;5;0;0;264332;174247;2558;211;209185;3462;308;0;3
FR;5;2022-04-23;209;193;4;2;284;11;3;0;0;264541;174440;2562;213;209469;3473;311;0;3
FR;5;2022-04-24;37;35;0;0;50;3;0;0;0;264578;174475;2562;213;209519;3476;311;0;3
FR;5;2022-04-25;69;65;1;1;102;4;1;0;0;264647;174540;2563;214;209621;3480;312;0;3
FR;5;2022-04-26;60;63;2;1;85;5;1;0;0;264707;174603;2565;215;209706;3485;313;0;3
FR;5;2022-04-27;335;316;3;7;463;14;8;0;0;265042;174919;2568;222;210169;3499;321;0;3
FR;5;2022-04-28;81;54;4;5;81;8;7;0;0;265123;174973;2572;227;210250;3507;328;0;3
FR;5;2022-04-29;117;84;5;19;118;12;17;0;0;265240;175057;2577;246;210368;3519;345;0;3
FR;5;2022-04-30;183;114;2;3;184;10;4;0;0;265423;175171;2579;249;210552;3529;349;0;3
FR;5;2022-05-01;11;7;0;0;11;0;0;0;0;265434;175178;2579;249;210563;3529;349;0;3
FR;5;2022-05-02;52;28;4;5;48;2;7;0;0;265486;175206;2583;254;210611;3531;356;0;3
FR;5;2022-05-03;87;57;2;4;84;11;4;0;0;265573;175263;2585;258;210695;3542;360;0;3
FR;5;2022-05-04;278;205;1;2;324;7;2;0;0;265851;175468;2586;260;211019;3549;362;0;3
FR;5;2022-05-05;62;32;3;4;46;5;4;0;0;265913;175500;2589;264;211065;3554;366;0;3
FR;5;2022-05-06;105;65;2;3;106;5;3;0;0;266018;175565;2591;267;211171;3559;369;0;3
FR;5;2022-05-07;171;117;2;10;180;13;7;0;0;266189;175682;2593;277;211351;3572;376;0;3
FR;5;2022-05-08;8;8;0;0;9;2;0;0;0;266197;175690;2593;277;211360;3574;376;0;3
FR;5;2022-05-09;44;34;15;3;51;16;4;0;0;266241;175724;2608;280;211411;3590;380;0;3
FR;5;2022-05-10;54;49;3;4;67;5;5;0;0;266295;175773;2611;284;211478;3595;385;0;3
FR;5;2022-05-11;327;237;12;7;344;21;11;0;0;266622;176010;2623;291;211822;3616;396;0;3
FR;5;2022-05-12;46;34;2;2;47;2;3;0;0;266668;176044;2625;293;211869;3618;399;0;3
FR;5;2022-05-13;109;83;3;8;120;8;7;0;0;266777;176127;2628;301;211989;3626;406;0;3
FR;5;2022-05-14;209;131;0;1;212;8;0;0;0;266986;176258;2628;302;212201;3634;406;0;3
FR;5;2022-05-15;22;9;2;0;18;1;1;0;0;267008;176267;2630;302;212219;3635;407;0;3
FR;5;2022-05-16;52;34;4;5;53;4;5;0;0;267060;176301;2634;307;212272;3639;412;0;3
FR;5;2022-05-17;72;40;5;0;68;2;3;0;0;267132;176341;2639;307;212340;3641;415;0;3
FR;5;2022-05-18;289;215;4;4;330;8;6;0;0;267421;176556;2643;311;212670;3649;421;0;3
FR;5;2022-05-19;45;35;5;3;42;3;4;0;0;267466;176591;2648;314;212712;3652;425;0;3
FR;5;2022-05-20;76;63;3;10;92;1;11;0;0;267542;176654;2651;324;212804;3653;436;0;3
FR;5;2022-05-21;242;166;2;3;268;17;1;0;0;267784;176820;2653;327;213072;3670;437;0;3
FR;5;2022-05-22;20;14;2;5;20;2;6;0;0;267804;176834;2655;332;213092;3672;443;0;3
FR;5;2022-05-23;42;31;4;3;42;6;3;0;0;267846;176865;2659;335;213134;3678;446;0;3
FR;5;2022-05-24;47;45;3;2;60;5;2;0;0;267893;176910;2662;337;213194;3683;448;0;3
FR;5;2022-05-25;329;258;4;1;386;16;1;0;0;268222;177168;2666;338;213580;3699;449;0;3
FR;5;2022-05-26;17;5;0;1;9;2;0;0;1;268239;177173;2666;339;213589;3701;449;0;4
FR;5;2022-05-27;99;54;4;4;89;9;3;0;0;268338;177227;2670;343;213678;3710;452;0;4
FR;5;2022-05-28;100;78;5;3;106;10;3;0;0;268438;177305;2675;346;213784;3720;455;0;4
FR;5;2022-05-29;14;14;1;0;18;2;0;0;0;268452;177319;2676;346;213802;3722;455;0;4
FR;5;2022-05-30;56;41;2;1;54;2;2;0;0;268508;177360;2678;347;213856;3724;457;0;4
FR;5;2022-05-31;57;43;1;8;62;1;8;0;0;268565;177403;2679;355;213918;3725;465;0;4
FR;5;2022-06-01;257;241;9;2;300;25;5;0;0;268822;177644;2688;357;214218;3750;470;0;4
FR;5;2022-06-02;63;61;5;0;73;9;1;0;0;268885;177705;2693;357;214291;3759;471;0;4
FR;5;2022-06-03;82;71;4;5;88;10;6;0;0;268967;177776;2697;362;214379;3769;477;0;4
FR;5;2022-06-04;157;109;2;1;187;9;1;0;0;269124;177885;2699;363;214566;3778;478;0;4
FR;5;2022-06-05;18;11;0;0;21;1;0;0;0;269142;177896;2699;363;214587;3779;478;0;4
FR;5;2022-06-06;16;12;0;1;15;0;1;0;0;269158;177908;2699;364;214602;3779;479;0;4
FR;5;2022-06-07;50;56;1;1;76;2;1;0;0;269208;177964;2700;365;214678;3781;480;0;4
FR;5;2022-06-08;283;225;3;4;332;17;2;0;0;269491;178189;2703;369;215010;3798;482;0;4
FR;5;2022-06-09;52;41;6;3;57;7;2;0;1;269543;178230;2709;372;215067;3805;484;0;5
FR;5;2022-06-10;81;72;1;1;105;6;1;0;0;269624;178302;2710;373;215172;3811;485;0;5
FR;5;2022-06-11;173;141;3;3;202;10;4;0;0;269797;178443;2713;376;215374;3821;489;0;5
FR;5;2022-06-12;17;16;0;0;19;2;0;0;0;269814;178459;2713;376;215393;3823;489;0;5
FR;5;2022-06-13;56;47;9;3;70;10;6;0;0;269870;178506;2722;379;215463;3833;495;0;5
FR;5;2022-06-14;59;56;1;4;64;6;4;0;0;269929;178562;2723;383;215527;3839;499;0;5
FR;5;2022-06-15;266;260;5;2;363;27;1;0;0;270195;178822;2728;385;215890;3866;500;0;5
FR;5;2022-06-16;47;30;5;2;44;5;2;0;0;270242;178852;2733;387;215934;3871;502;0;5
FR;5;2022-06-17;100;67;5;5;102;10;5;0;0;270342;178919;2738;392;216036;3881;507;0;5
FR;5;2022-06-18;146;95;10;2;152;26;2;0;1;270488;179014;2748;394;216188;3907;509;0;6
FR;5;2022-06-19;26;15;0;1;18;4;1;0;0;270514;179029;2748;395;216206;3911;510;0;6
FR;5;2022-06-20;56;50;8;0;62;11;2;0;0;270570;179079;2756;395;216268;3922;512;0;6
FR;5;2022-06-21;53;73;5;3;91;7;5;0;1;270623;179152;2761;398;216359;3929;517;0;7
FR;5;2022-06-22;224;248;7;9;348;33;10;0;0;270847;179400;2768;407;216707;3962;527;0;7
FR;5;2022-06-23;50;38;2;5;43;6;6;0;0;270897;179438;2770;412;216750;3968;533;0;7
FR;5;2022-06-24;91;70;12;5;101;16;8;0;0;270988;179508;2782;417;216851;3984;541;0;7
FR;5;2022-06-25;154;124;3;7;185;14;8;0;1;271142;179632;2785;424;217036;3998;549;0;8
FR;5;2022-06-26;26;19;2;0;29;5;0;0;0;271168;179651;2787;424;217065;4003;549;0;8
FR;5;2022-06-27;57;60;5;7;78;11;9;0;0;271225;179711;2792;431;217143;4014;558;0;8
FR;5;2022-06-28;70;49;8;2;69;14;5;0;0;271295;179760;2800;433;217212;4028;563;0;8
FR;5;2022-06-29;297;269;9;21;391;34;23;0;0;271592;180029;2809;454;217603;4062;586;0;8
FR;5;2022-06-30;89;57;10;12;89;17;11;0;0;271681;180086;2819;466;217692;4079;597;0;8
FR;5;2022-07-01;127;65;7;11;118;12;11;0;2;271808;180151;2826;477;217810;4091;608;0;10
FR;5;2022-07-02;191;132;4;0;210;22;0;0;0;271999;180283;2830;477;218020;4113;608;0;10
FR;5;2022-07-03;30;25;1;0;36;4;0;0;0;272029;180308;2831;477;218056;4117;608;0;10
FR;5;2022-07-04;103;65;2;5;102;7;5;0;1;272132;180373;2833;482;218158;4124;613;0;11
FR;5;2022-07-05;104;72;3;8;107;13;8;0;1;272236;180445;2836;490;218265;4137;621;0;12
FR;5;2022-07-06;278;168;9;36;289;27;36;0;0;272514;180613;2845;526;218554;4164;657;0;12
FR;5;2022-07-07;88;69;6;9;89;13;11;0;0;272602;180682;2851;535;218643;4177;668;0;12
FR;5;2022-07-08;152;120;7;14;146;25;13;0;1;272754;180802;2858;549;218789;4202;681;0;13
FR;5;2022-07-09;116;68;1;8;100;10;8;0;0;272870;180870;2859;557;218889;4212;689;0;13
FR;5;2022-07-10;15;6;0;0;10;1;0;0;0;272885;180876;2859;557;218899;4213;689;0;13
FR;5;2022-07-11;92;72;10;2;98;19;3;0;0;272977;180948;2869;559;218997;4232;692;0;13
FR;5;2022-07-12;67;63;5;10;81;7;12;0;0;273044;181011;2874;569;219078;4239;704;0;13
FR;5;2022-07-13;169;118;10;19;196;16;23;0;0;273213;181129;2884;588;219274;4255;727;0;13
FR;5;2022-07-14;8;4;0;0;7;0;0;0;0;273221;181133;2884;588;219281;4255;727;0;13
FR;5;2022-07-15;74;66;5;14;86;15;15;0;0;273295;181199;2889;602;219367;4270;742;0;13
FR;5;2022-07-16;54;44;3;0;71;3;2;0;0;273349;181243;2892;602;219438;4273;744;0;13
FR;5;2022-07-17;10;7;3;0;10;2;2;0;0;273359;181250;2895;602;219448;4275;746;0;13
FR;5;2022-07-18;60;47;0;4;70;4;3;0;0;273419;181297;2895;606;219518;4279;749;0;13
FR;5;2022-07-19;63;42;5;3;63;7;4;0;0;273482;181339;2900;609;219581;4286;753;0;13
FR;5;2022-07-20;120;106;4;11;141;14;9;0;0;273602;181445;2904;620;219722;4300;762;0;13
FR;5;2022-07-21;38;43;2;10;52;5;10;0;0;273640;181488;2906;630;219774;4305;772;0;13
FR;5;2022-07-22;48;69;11;13;75;23;11;0;1;273688;181557;2917;643;219849;4328;783;0;14
FR;5;2022-07-23;59;78;2;1;95;11;2;0;0;273747;181635;2919;644;219944;4339;785;0;14
FR;5;2022-07-24;11;9;3;1;12;3;1;0;0;273758;181644;2922;645;219956;4342;786;0;14
FR;5;2022-07-25;53;48;2;7;57;8;8;0;0;273811;181692;2924;652;220013;4350;794;0;14
FR;5;2022-07-26;58;52;5;41;70;6;44;0;0;273869;181744;2929;693;220083;4356;838;0;14
FR;5;2022-07-27;106;118;4;4;161;13;4;0;0;273975;181862;2933;697;220244;4369;842;0;14
FR;5;2022-07-28;39;35;2;2;47;6;1;0;0;274014;181897;2935;699;220291;4375;843;0;14
FR;5;2022-07-29;56;74;3;14;90;8;10;0;0;274070;181971;2938;713;220381;4383;853;0;14
FR;5;2022-07-30;55;53;5;1;76;7;2;0;0;274125;182024;2943;714;220457;4390;855;0;14
FR;5;2022-07-31;7;11;1;0;13;1;0;0;0;274132;182035;2944;714;220470;4391;855;0;14
FR;5;2022-08-01;39;53;1;2;64;6;2;0;0;274171;182088;2945;716;220534;4397;857;0;14
FR;5;2022-08-02;32;43;8;7;47;8;7;0;1;274203;182131;2953;723;220581;4405;864;0;15
FR;5;2022-08-03;54;51;4;10;70;9;8;0;0;274257;182182;2957;733;220651;4414;872;0;15
FR;5;2022-08-04;20;18;1;6;22;1;6;0;0;274277;182200;2958;739;220673;4415;878;0;15
FR;5;2022-08-05;35;26;3;3;39;3;3;0;0;274312;182226;2961;742;220712;4418;881;0;15
FR;5;2022-08-06;23;26;1;0;31;1;0;0;0;274335;182252;2962;742;220743;4419;881;0;15
FR;5;2022-08-07;2;2;1;0;1;1;1;0;0;274337;182254;2963;742;220744;4420;882;0;15
FR;5;2022-08-08;26;19;1;2;24;2;1;0;0;274363;182273;2964;744;220768;4422;883;0;15
FR;5;2022-08-09;26;28;3;3;35;3;3;0;0;274389;182301;2967;747;220803;4425;886;0;15
FR;5;2022-08-10;47;47;2;0;56;5;0;0;0;274436;182348;2969;747;220859;4430;886;0;15
FR;5;2022-08-11;19;36;2;2;42;5;2;0;0;274455;182384;2971;749;220901;4435;888;0;15
FR;5;2022-08-12;27;28;2;0;39;2;0;0;0;274482;182412;2973;749;220940;4437;888;0;15
FR;5;2022-08-13;16;18;0;0;24;0;0;0;0;274498;182430;2973;749;220964;4437;888;0;15
FR;5;2022-08-14;2;3;0;0;4;0;0;0;0;274500;182433;2973;749;220968;4437;888;0;15
FR;5;2022-08-15;2;6;0;0;6;0;0;0;0;274502;182439;2973;749;220974;4437;888;0;15
FR;5;2022-08-16;33;26;3;0;28;6;0;0;0;274535;182465;2976;749;221002;4443;888;0;15
FR;5;2022-08-17;52;55;2;1;72;1;1;0;0;274587;182520;2978;750;221074;4444;889;0;15
FR;5;2022-08-18;26;18;8;17;25;10;16;0;0;274613;182538;2986;767;221099;4454;905;0;15
FR;5;2022-08-19;26;34;1;2;43;2;2;0;0;274639;182572;2987;769;221142;4456;907;0;15
FR;5;2022-08-20;25;27;2;1;33;4;2;0;0;274664;182599;2989;770;221175;4460;909;0;15
FR;5;2022-08-21;7;4;1;0;7;1;0;0;0;274671;182603;2990;770;221182;4461;909;0;15
FR;5;2022-08-22;39;26;1;6;42;2;5;0;1;274710;182629;2991;776;221224;4463;914;0;16
FR;5;2022-08-23;27;26;1;1;32;2;1;0;0;274737;182655;2992;777;221256;4465;915;0;16
FR;5;2022-08-24;50;43;0;0;62;0;0;0;0;274787;182698;2992;777;221318;4465;915;0;16
FR;5;2022-08-25;27;26;3;1;31;2;0;0;1;274814;182724;2995;778;221349;4467;915;0;17
FR;5;2022-08-26;48;39;7;2;58;5;4;0;0;274862;182763;3002;780;221407;4472;919;0;17
FR;5;2022-08-27;46;28;1;0;46;3;1;0;0;274908;182791;3003;780;221453;4475;920;0;17
FR;5;2022-08-28;5;7;0;0;7;0;0;0;0;274913;182798;3003;780;221460;4475;920;0;17
FR;5;2022-08-29;58;44;1;1;66;4;1;0;0;274971;182842;3004;781;221526;4479;921;0;17
FR;5;2022-08-30;45;23;12;29;40;10;30;0;1;275016;182865;3016;810;221566;4489;951;0;18
FR;5;2022-08-31;53;47;6;1;58;11;1;0;0;275069;182912;3022;811;221624;4500;952;0;18
FR;5;2022-09-01;16;8;1;4;13;1;4;0;0;275085;182920;3023;815;221637;4501;956;0;18
FR;5;2022-09-02;42;23;8;2;35;9;3;0;0;275127;182943;3031;817;221672;4510;959;0;18
FR;5;2022-09-03;69;37;2;0;58;2;0;0;0;275196;182980;3033;817;221730;4512;959;0;18
FR;5;2022-09-04;12;7;1;0;8;3;0;0;0;275208;182987;3034;817;221738;4515;959;0;18
FR;5;2022-09-05;7;4;1;0;4;1;0;0;0;275215;182991;3035;817;221742;4516;959;0;18
FR;5;2022-09-06;23;14;3;15;17;2;14;0;2;275238;183005;3038;832;221759;4518;973;0;20
FR;5;2022-09-07;79;53;1;1;76;3;1;0;0;275317;183058;3039;833;221835;4521;974;0;20
FR;5;2022-09-08;10;4;0;4;7;0;4;0;0;275327;183062;3039;837;221842;4521;978;0;20
FR;5;2022-09-09;42;11;9;2;14;10;3;0;0;275369;183073;3048;839;221856;4531;981;0;20
FR;5;2022-09-10;40;45;1;1;50;8;1;0;0;275409;183118;3049;840;221906;4539;982;0;20
FR;5;2022-09-11;3;3;0;0;3;1;0;0;0;275412;183121;3049;840;221909;4540;982;0;20
FR;5;2022-09-12;7;5;2;2;7;2;2;0;0;275419;183126;3051;842;221916;4542;984;0;20
FR;5;2022-09-13;9;6;0;1;4;3;1;0;0;275428;183132;3051;843;221920;4545;985;0;20
FR;5;2022-09-14;52;47;4;6;55;9;5;0;0;275480;183179;3055;849;221975;4554;990;0;20
FR;5;2022-09-15;11;13;2;3;11;5;3;0;0;275491;183192;3057;852;221986;4559;993;0;20
FR;5;2022-09-16;25;33;1;4;38;3;3;0;0;275516;183225;3058;856;222024;4562;996;0;20
FR;5;2022-09-17;60;43;1;1;51;5;1;0;0;275576;183268;3059;857;222075;4567;997;0;20
FR;5;2022-09-18;9;6;0;1;10;1;0;0;0;275585;183274;3059;858;222085;4568;997;0;20
FR;5;2022-09-19;22;17;2;1;20;5;2;0;0;275607;183291;3061;859;222105;4573;999;0;20
FR;5;2022-09-20;15;11;3;3;15;1;4;0;0;275622;183302;3064;862;222120;4574;1003;0;20
FR;5;2022-09-21;68;45;9;0;65;13;0;0;0;275690;183347;3073;862;222185;4587;1003;0;20
FR;5;2022-09-22;12;6;4;24;6;4;23;0;1;275702;183353;3077;886;222191;4591;1026;0;21
FR;5;2022-09-23;20;25;2;3;23;8;3;0;0;275722;183378;3079;889;222214;4599;1029;0;21
FR;5;2022-09-24;44;51;1;8;65;5;8;0;0;275766;183429;3080;897;222279;4604;1037;0;21
FR;5;2022-09-25;6;12;0;0;13;1;0;0;0;275772;183441;3080;897;222292;4605;1037;0;21
FR;5;2022-09-26;15;7;0;2;12;0;1;0;1;275787;183448;3080;899;222304;4605;1038;0;22
FR;5;2022-09-27;7;12;4;9;14;4;9;0;1;275794;183460;3084;908;222318;4609;1047;0;23
FR;5;2022-09-28;65;67;5;0;91;7;0;0;0;275859;183527;3089;908;222409;4616;1047;0;23
FR;5;2022-09-29;17;9;1;0;15;1;1;0;1;275876;183536;3090;908;222424;4617;1048;0;24
FR;5;2022-09-30;28;47;2;2;54;4;3;0;0;275904;183583;3092;910;222478;4621;1051;0;24
FR;5;2022-10-01;40;35;5;5;48;8;7;0;0;275944;183618;3097;915;222526;4629;1058;0;24
FR;5;2022-10-02;1;9;1;0;10;1;0;0;0;275945;183627;3098;915;222536;4630;1058;0;24
FR;5;2022-10-03;7;6;3;0;5;4;0;0;0;275952;183633;3101;915;222541;4634;1058;0;24
FR;5;2022-10-04;11;8;1;3;11;2;3;0;0;275963;183641;3102;918;222552;4636;1061;0;24
FR;5;2022-10-05;57;62;2;2;79;13;2;0;0;276020;183703;3104;920;222631;4649;1063;0;24
FR;5;2022-10-06;12;10;1;4;15;2;4;0;0;276032;183713;3105;924;222646;4651;1067;0;24
FR;5;2022-10-07;21;31;1;0;34;5;0;0;0;276053;183744;3106;924;222680;4656;1067;0;24
FR;5;2022-10-08;33;51;1;0;54;7;0;0;0;276086;183795;3107;924;222734;4663;1067;0;24
FR;5;2022-10-09;7;10;0;0;11;1;0;0;0;276093;183805;3107;924;222745;4664;1067;0;24
FR;5;2022-10-10;14;6;0;1;8;1;1;0;0;276107;183811;3107;925;222753;4665;1068;0;24
FR;5;2022-10-11;6;13;2;1;14;2;2;0;0;276113;183824;3109;926;222767;4667;1070;0;24
FR;5;2022-10-12;40;57;3;2;69;8;2;0;0;276153;183881;3112;928;222836;4675;1072;0;24
FR;5;2022-10-13;11;16;2;0;18;4;0;0;0;276164;183897;3114;928;222854;4679;1072;0;24
FR;5;2022-10-14;21;21;1;0;20;5;0;0;0;276185;183918;3115;928;222874;4684;1072;0;24
FR;5;2022-10-15;19;26;10;0;25;11;2;0;0;276204;183944;3125;928;222899;4695;1074;0;24
FR;5;2022-10-16;3;1;0;0;1;1;0;0;0;276207;183945;3125;928;222900;4696;1074;0;24
FR;5;2022-10-17;8;8;2;1;8;3;1;0;2;276215;183953;3127;929;222908;4699;1075;0;26
FR;5;2022-10-18;6;7;0;2;8;0;2;0;0;276221;183960;3127;931;222916;4699;1077;0;26
FR;5;2022-10-19;38;44;8;0;53;11;0;0;1;276259;184004;3135;931;222969;4710;1077;0;27
FR;5;2022-10-20;18;15;2;1;16;3;1;0;0;276277;184019;3137;932;222985;4713;1078;0;27
FR;5;2022-10-21;22;15;6;0;19;8;1;0;2;276299;184034;3143;932;223004;4721;1079;0;29
FR;5;2022-10-22;35;29;2;12;32;5;12;0;0;276334;184063;3145;944;223036;4726;1091;0;29
FR;5;2022-10-23;9;3;0;0;4;0;0;0;0;276343;184066;3145;944;223040;4726;1091;0;29
FR;5;2022-10-24;14;7;6;7;9;9;8;0;0;276357;184073;3151;951;223049;4735;1099;0;29
FR;5;2022-10-25;13;9;6;3;9;8;3;0;2;276370;184082;3157;954;223058;4743;1102;0;31
FR;5;2022-10-26;34;22;6;0;29;10;0;0;0;276404;184104;3163;954;223087;4753;1102;0;31
FR;5;2022-10-27;16;4;4;0;11;4;0;0;0;276420;184108;3167;954;223098;4757;1102;0;31
FR;5;2022-10-28;19;13;5;3;14;6;4;0;0;276439;184121;3172;957;223112;4763;1106;0;31
FR;5;2022-10-29;21;13;0;0;17;3;0;0;0;276460;184134;3172;957;223129;4766;1106;0;31
FR;5;2022-10-30;1;4;2;0;4;3;0;0;0;276461;184138;3174;957;223133;4769;1106;0;31
FR;5;2022-10-31;14;11;2;1;12;3;1;0;0;276475;184149;3176;958;223145;4772;1107;0;31
FR;5;2022-11-01;3;3;0;1;3;0;1;0;0;276478;184152;3176;959;223148;4772;1108;0;31
FR;5;2022-11-02;23;17;5;4;23;5;5;0;0;276501;184169;3181;963;223171;4777;1113;0;31
FR;5;2022-11-03;22;4;1;1;11;1;1;0;0;276523;184173;3182;964;223182;4778;1114;0;31
FR;5;2022-11-04;19;18;1;0;18;2;0;0;0;276542;184191;3183;964;223200;4780;1114;0;31
FR;5;2022-11-05;25;16;1;0;21;1;0;0;0;276567;184207;3184;964;223221;4781;1114;0;31
FR;5;2022-11-06;1;7;0;0;7;0;0;0;0;276568;184214;3184;964;223228;4781;1114;0;31
FR;5;2022-11-07;9;3;3;0;3;3;0;0;0;276577;184217;3187;964;223231;4784;1114;0;31
FR;5;2022-11-08;12;7;1;2;8;1;1;0;0;276589;184224;3188;966;223239;4785;1115;0;31
FR;5;2022-11-09;30;29;6;1;32;6;1;0;0;276619;184253;3194;967;223271;4791;1116;0;31
FR;5;2022-11-10;11;16;1;0;17;1;0;0;0;276630;184269;3195;967;223288;4792;1116;0;31
FR;5;2022-11-11;2;4;0;1;6;0;1;0;0;276632;184273;3195;968;223294;4792;1117;0;31
FR;5;2022-11-12;19;10;5;9;18;6;9;0;2;276651;184283;3200;977;223312;4798;1126;0;33
FR;5;2022-11-13;2;2;0;1;2;0;1;0;0;276653;184285;3200;978;223314;4798;1127;0;33
FR;5;2022-11-14;8;11;0;1;10;3;0;0;0;276661;184296;3200;979;223324;4801;1127;0;33
FR;5;2022-11-15;8;6;4;3;6;4;3;0;0;276669;184302;3204;982;223330;4805;1130;0;33
FR;5;2022-11-16;29;28;2;1;33;5;0;0;0;276698;184330;3206;983;223363;4810;1130;0;33
FR;5;2022-11-17;6;15;4;0;15;5;0;0;0;276704;184345;3210;983;223378;4815;1130;0;33
FR;5;2022-11-18;17;17;7;0;19;9;0;0;0;276721;184362;3217;983;223397;4824;1130;0;33
FR;5;2022-11-19;18;27;2;0;28;6;0;0;0;276739;184389;3219;983;223425;4830;1130;0;33
FR;5;2022-11-20;6;3;0;0;5;0;0;0;0;276745;184392;3219;983;223430;4830;1130;0;33
FR;5;2022-11-21;8;5;0;2;4;2;1;0;0;276753;184397;3219;985;223434;4832;1131;0;33
FR;5;2022-11-22;9;3;0;1;4;0;1;0;0;276762;184400;3219;986;223438;4832;1132;0;33
FR;5;2022-11-23;34;25;6;1;27;13;0;0;0;276796;184425;3225;987;223465;4845;1132;0;33
FR;5;2022-11-24;3;7;2;0;8;1;1;0;0;276799;184432;3227;987;223473;4846;1133;0;33
FR;5;2022-11-25;15;20;2;0;25;3;0;0;1;276814;184452;3229;987;223498;4849;1133;0;34
FR;5;2022-11-26;22;19;4;0;20;8;0;0;0;276836;184471;3233;987;223518;4857;1133;0;34
FR;5;2022-11-27;7;0;1;0;3;1;0;0;0;276843;184471;3234;987;223521;4858;1133;0;34
FR;5;2022-11-28;7;15;3;0;15;5;0;0;0;276850;184486;3237;987;223536;4863;1133;0;34
FR;5;2022-11-29;10;9;1;0;11;3;0;0;1;276860;184495;3238;987;223547;4866;1133;0;35
FR;5;2022-11-30;35;48;12;0;56;17;1;0;0;276895;184543;3250;987;223603;4883;1134;0;35
FR;5;2022-12-01;5;10;2;0;10;3;0;0;0;276900;184553;3252;987;223613;4886;1134;0;35
FR;5;2022-12-02;1;5;2;1;4;3;1;0;0;276901;184558;3254;988;223617;4889;1135;0;35
FR;5;2022-12-03;3;3;8;1;5;8;1;0;0;276904;184561;3262;989;223622;4897;1136;0;35
FR;5;2022-12-04;3;2;1;0;2;2;0;0;0;276907;184563;3263;989;223624;4899;1136;0;35
FR;5;2022-12-05;1;1;0;0;0;1;0;0;0;276908;184564;3263;989;223624;4900;1136;0;35
FR;5;2022-12-06;5;1;0;0;1;0;0;0;1;276913;184565;3263;989;223625;4900;1136;0;36
FR;5;2022-12-07;5;8;1;0;8;1;0;0;0;276918;184573;3264;989;223633;4901;1136;0;36
FR;5;2022-12-08;2;2;0;0;2;0;0;0;0;276920;184575;3264;989;223635;4901;1136;0;36
FR;5;2022-12-09;5;8;0;0;6;2;0;0;0;276925;184583;3264;989;223641;4903;1136;0;36
FR;5;2022-12-10;4;7;2;1;8;2;1;0;0;276929;184590;3266;990;223649;4905;1137;0;36
FR;5;2022-12-11;2;0;0;0;0;0;0;0;0;276931;184590;3266;990;223649;4905;1137;0;36
FR;5;2022-12-12;0;0;0;0;0;0;0;0;0;276931;184590;3266;990;223649;4905;1137;0;36
FR;5;2022-12-13;2;3;0;0;4;1;0;0;0;276933;184593;3266;990;223653;4906;1137;0;36
FR;5;2022-12-14;2;3;0;9;3;1;8;0;3;276935;184596;3266;999;223656;4907;1145;0;39
FR;5;2022-12-15;0;2;0;0;2;0;0;0;0;276935;184598;3266;999;223658;4907;1145;0;39
FR;5;2022-12-16;3;3;2;0;4;3;0;0;0;276938;184601;3268;999;223662;4910;1145;0;39
FR;5;2022-12-17;3;3;3;0;3;2;1;0;0;276941;184604;3271;999;223665;4912;1146;0;39
FR;5;2022-12-18;3;0;0;1;0;0;1;0;1;276944;184604;3271;1000;223665;4912;1147;0;40
FR;5;2022-12-19;1;0;0;2;0;0;2;0;0;276945;184604;3271;1002;223665;4912;1149;0;40
FR;5;2022-12-20;0;1;3;0;1;3;0;0;0;276945;184605;3274;1002;223666;4915;1149;0;40
FR;5;2022-12-21;2;4;0;0;4;0;0;0;0;276947;184609;3274;1002;223670;4915;1149;0;40
FR;5;2022-12-22;2;2;1;0;2;1;0;0;0;276949;184611;3275;1002;223672;4916;1149;0;40
FR;5;2022-12-23;3;1;1;0;1;1;0;0;0;276952;184612;3276;1002;223673;4917;1149;0;40
FR;5;2022-12-24;0;1;0;0;1;0;0;0;0;276952;184613;3276;1002;223674;4917;1149;0;40
FR;5;2022-12-25;0;1;2;0;0;3;0;0;0;276952;184614;3278;1002;223674;4920;1149;0;40
FR;5;2022-12-26;2;2;0;0;2;0;0;0;0;276954;184616;3278;1002;223676;4920;1149;0;40
FR;5;2022-12-27;0;3;0;0;3;0;0;0;0;276954;184619;3278;1002;223679;4920;1149;0;40
FR;5;2022-12-28;5;3;3;0;3;3;2;0;0;276959;184622;3281;1002;223682;4923;1151;0;40
FR;5;2022-12-29;3;2;2;0;3;2;0;0;0;276962;184624;3283;1002;223685;4925;1151;0;40
FR;5;2022-12-30;3;2;1;0;2;1;0;0;0;276965;184626;3284;1002;223687;4926;1151;0;40
FR;5;2022-12-31;0;0;0;0;0;0;0;0;0;276965;184626;3284;1002;223687;4926;1151;0;40
FR;5;2023-01-01;0;0;0;0;0;0;0;0;0;276965;184626;3284;1002;223687;4926;1151;0;40
FR;5;2023-01-02;1;1;1;0;1;1;0;0;0;276966;184627;3285;1002;223688;4927;1151;0;40
FR;5;2023-01-03;3;1;0;0;2;0;0;0;0;276969;184628;3285;1002;223690;4927;1151;0;40
FR;5;2023-01-04;6;1;1;0;2;1;0;0;0;276975;184629;3286;1002;223692;4928;1151;0;40
FR;5;2023-01-05;0;3;0;0;3;0;0;0;0;276975;184632;3286;1002;223695;4928;1151;0;40
FR;5;2023-01-06;2;1;1;0;1;1;0;0;0;276977;184633;3287;1002;223696;4929;1151;0;40
FR;5;2023-01-07;5;1;1;0;1;2;0;0;0;276982;184634;3288;1002;223697;4931;1151;0;40
FR;5;2023-01-08;2;2;0;0;2;0;0;0;0;276984;184636;3288;1002;223699;4931;1151;0;40
FR;5;2023-01-09;4;0;1;0;1;1;0;0;0;276988;184636;3289;1002;223700;4932;1151;0;40
FR;5;2023-01-10;3;1;0;0;2;0;0;0;0;276991;184637;3289;1002;223702;4932;1151;0;40
FR;5;2023-01-11;7;5;3;0;4;4;0;0;0;276998;184642;3292;1002;223706;4936;1151;0;40
FR;5;2023-01-12;14;6;4;0;6;6;0;0;0;277012;184648;3296;1002;223712;4942;1151;0;40
FR;5;2023-01-13;56;16;16;0;31;18;0;0;0;277068;184664;3312;1002;223743;4960;1151;0;40
FR;5;2023-01-14;56;34;13;1;34;20;2;0;0;277124;184698;3325;1003;223777;4980;1153;0;40
FR;5;2023-01-15;13;9;0;0;5;4;0;0;0;277137;184707;3325;1003;223782;4984;1153;0;40
FR;5;2023-01-16;13;8;3;0;8;3;0;0;0;277150;184715;3328;1003;223790;4987;1153;0;40
FR;5;2023-01-17;12;8;3;0;4;7;0;0;0;277162;184723;3331;1003;223794;4994;1153;0;40
FR;5;2023-01-18;71;35;21;2;46;25;2;0;0;277233;184758;3352;1005;223840;5019;1155;0;40
FR;5;2023-01-19;13;6;8;0;5;10;1;0;0;277246;184764;3360;1005;223845;5029;1156;0;40
FR;5;2023-01-20;27;17;13;0;17;18;0;0;2;277273;184781;3373;1005;223862;5047;1156;0;42
FR;5;2023-01-21;34;23;18;1;31;21;1;0;0;277307;184804;3391;1006;223893;5068;1157;0;42
FR;5;2023-01-22;6;4;2;0;4;3;0;0;0;277313;184808;3393;1006;223897;5071;1157;0;42
FR;5;2023-01-23;6;5;3;0;3;5;0;0;0;277319;184813;3396;1006;223900;5076;1157;0;42
FR;5;2023-01-24;16;3;3;0;6;4;0;0;0;277335;184816;3399;1006;223906;5080;1157;0;42
FR;5;2023-01-25;33;31;12;2;27;23;2;0;0;277368;184847;3411;1008;223933;5103;1159;0;42
FR;5;2023-01-26;6;5;4;0;6;4;0;0;0;277374;184852;3415;1008;223939;5107;1159;0;42
FR;5;2023-01-27;18;13;8;0;17;8;1;0;0;277392;184865;3423;1008;223956;5115;1160;0;42
FR;5;2023-01-28;21;8;4;3;11;6;3;0;0;277413;184873;3427;1011;223967;5121;1163;0;42
FR;5;2023-01-29;0;3;0;0;2;1;0;0;0;277413;184876;3427;1011;223969;5122;1163;0;42
FR;5;2023-01-30;7;5;3;0;4;6;0;0;0;277420;184881;3430;1011;223973;5128;1163;0;42
FR;5;2023-01-31;3;7;2;0;5;4;0;0;0;277423;184888;3432;1011;223978;5132;1163;0;42
FR;5;2023-02-01;18;18;7;1;19;8;1;0;0;277441;184906;3439;1012;223997;5140;1164;0;42
FR;5;2023-02-02;7;8;1;0;7;2;0;0;0;277448;184914;3440;1012;224004;5142;1164;0;42
FR;5;2023-02-03;15;26;6;0;27;9;0;0;0;277463;184940;3446;1012;224031;5151;1164;0;42
FR;5;2023-02-04;15;23;5;0;25;6;0;0;0;277478;184963;3451;1012;224056;5157;1164;0;42
FR;5;2023-02-05;1;2;0;1;2;1;0;0;0;277479;184965;3451;1013;224058;5158;1164;0;42
FR;5;2023-02-06;12;11;7;0;12;7;0;0;0;277491;184976;3458;1013;224070;5165;1164;0;42
FR;5;2023-02-07;6;11;2;0;10;4;0;0;0;277497;184987;3460;1013;224080;5169;1164;0;42
FR;5;2023-02-08;29;35;8;0;39;10;0;0;0;277526;185022;3468;1013;224119;5179;1164;0;42
FR;5;2023-02-09;15;7;5;0;8;5;0;0;0;277541;185029;3473;1013;224127;5184;1164;0;42
FR;5;2023-02-10;11;22;5;0;24;7;0;0;0;277552;185051;3478;1013;224151;5191;1164;0;42
FR;5;2023-02-11;12;11;3;1;15;4;0;0;0;277564;185062;3481;1014;224166;5195;1164;0;42
FR;5;2023-02-12;4;7;1;0;8;1;0;0;0;277568;185069;3482;1014;224174;5196;1164;0;42
FR;5;2023-02-13;4;6;6;0;5;7;0;0;0;277572;185075;3488;1014;224179;5203;1164;0;42
FR;5;2023-02-14;11;8;2;0;9;3;0;0;0;277583;185083;3490;1014;224188;5206;1164;0;42
FR;5;2023-02-15;27;25;4;0;27;5;0;0;0;277610;185108;3494;1014;224215;5211;1164;0;42
FR;5;2023-02-16;8;4;3;0;8;3;0;0;0;277618;185112;3497;1014;224223;5214;1164;0;42
FR;5;2023-02-17;9;5;9;0;6;9;0;0;0;277627;185117;3506;1014;224229;5223;1164;0;42
FR;5;2023-02-18;9;14;3;1;16;3;1;0;0;277636;185131;3509;1015;224245;5226;1165;0;42
FR;5;2023-02-19;0;1;0;0;1;0;0;0;0;277636;185132;3509;1015;224246;5226;1165;0;42
FR;5;2023-02-20;6;6;4;0;6;5;0;0;0;277642;185138;3513;1015;224252;5231;1165;0;42
FR;5;2023-02-21;4;6;5;0;7;5;0;0;0;277646;185144;3518;1015;224259;5236;1165;0;42
FR;5;2023-02-22;10;16;5;0;15;5;1;0;0;277656;185160;3523;1015;224274;5241;1166;0;42
FR;5;2023-02-23;5;5;2;0;5;2;0;0;0;277661;185165;3525;1015;224279;5243;1166;0;42
FR;5;2023-02-24;17;23;1;0;22;3;0;0;0;277678;185188;3526;1015;224301;5246;1166;0;42
FR;5;2023-02-25;11;9;0;0;10;0;0;0;0;277689;185197;3526;1015;224311;5246;1166;0;42
FR;5;2023-02-26;1;1;0;0;1;0;0;0;0;277690;185198;3526;1015;224312;5246;1166;0;42
FR;5;2023-02-27;7;5;2;0;5;2;0;0;0;277697;185203;3528;1015;224317;5248;1166;0;42
FR;5;2023-02-28;4;8;2;0;8;4;0;0;0;277701;185211;3530;1015;224325;5252;1166;0;42
FR;5;2023-03-01;12;25;1;0;23;3;1;0;0;277713;185236;3531;1015;224348;5255;1167;0;42
FR;5;2023-03-02;7;13;3;0;12;5;0;0;0;277720;185249;3534;1015;224360;5260;1167;0;42
FR;5;2023-03-03;11;4;3;0;8;3;1;0;0;277731;185253;3537;1015;224368;5263;1168;0;42
FR;5;2023-03-04;8;17;7;0;18;8;0;0;0;277739;185270;3544;1015;224386;5271;1168;0;42
FR;5;2023-03-05;3;3;0;0;3;0;0;0;0;277742;185273;3544;1015;224389;5271;1168;0;42
FR;5;2023-03-06;2;8;2;0;6;4;0;0;0;277744;185281;3546;1015;224395;5275;1168;0;42
FR;5;2023-03-07;2;9;4;0;9;4;0;0;0;277746;185290;3550;1015;224404;5279;1168;0;42
FR;5;2023-03-08;9;21;1;0;22;1;0;0;0;277755;185311;3551;1015;224426;5280;1168;0;42
FR;5;2023-03-09;1;6;0;0;5;1;0;0;0;277756;185317;3551;1015;224431;5281;1168;0;42
FR;5;2023-03-10;3;7;2;1;8;2;1;0;0;277759;185324;3553;1016;224439;5283;1169;0;42
FR;5;2023-03-11;5;2;0;0;4;0;0;0;0;277764;185326;3553;1016;224443;5283;1169;0;42
FR;5;2023-03-12;0;1;0;0;1;0;0;0;0;277764;185327;3553;1016;224444;5283;1169;0;42
FR;5;2023-03-13;2;2;0;0;4;0;0;0;0;277766;185329;3553;1016;224448;5283;1169;0;42
FR;5;2023-03-14;6;1;1;1;5;1;1;0;0;277772;185330;3554;1017;224453;5284;1170;0;42
FR;5;2023-03-15;7;8;2;0;12;3;0;0;0;277779;185338;3556;1017;224465;5287;1170;0;42
FR;5;2023-03-16;2;6;0;0;6;0;0;0;0;277781;185344;3556;1017;224471;5287;1170;0;42
FR;5;2023-03-17;14;15;3;0;13;4;1;0;0;277795;185359;3559;1017;224484;5291;1171;0;42
FR;5;2023-03-18;4;9;0;0;9;1;0;0;0;277799;185368;3559;1017;224493;5292;1171;0;42
FR;5;2023-03-19;0;0;0;0;0;0;0;0;0;277799;185368;3559;1017;224493;5292;1171;0;42
FR;5;2023-03-20;3;8;0;0;9;0;0;0;0;277802;185376;3559;1017;224502;5292;1171;0;42
FR;5;2023-03-21;3;8;2;2;8;2;2;0;0;277805;185384;3561;1019;224510;5294;1173;0;42
FR;5;2023-03-22;9;22;3;0;20;4;0;0;0;277814;185406;3564;1019;224530;5298;1173;0;42
FR;5;2023-03-23;2;5;1;0;5;1;0;0;0;277816;185411;3565;1019;224535;5299;1173;0;42
FR;5;2023-03-24;5;9;1;0;9;3;0;0;0;277821;185420;3566;1019;224544;5302;1173;0;42
FR;5;2023-03-25;3;8;2;0;8;2;0;0;0;277824;185428;3568;1019;224552;5304;1173;0;42
FR;5;2023-03-26;0;1;0;0;0;1;0;0;0;277824;185429;3568;1019;224552;5305;1173;0;42
FR;5;2023-03-27;3;0;1;0;1;1;0;0;0;277827;185429;3569;1019;224553;5306;1173;0;42
FR;5;2023-03-28;3;3;0;0;4;0;0;0;0;277830;185432;3569;1019;224557;5306;1173;0;42
FR;5;2023-03-29;7;16;4;0;16;6;0;0;0;277837;185448;3573;1019;224573;5312;1173;0;42
FR;5;2023-03-30;3;2;0;0;4;0;0;0;1;277840;185450;3573;1019;224577;5312;1173;0;43
FR;5;2023-03-31;3;7;2;1;7;2;1;0;0;277843;185457;3575;1020;224584;5314;1174;0;43
FR;5;2023-04-01;5;7;3;1;5;4;2;0;0;277848;185464;3578;1021;224589;5318;1176;0;43
FR;5;2023-04-02;0;1;0;0;1;0;0;0;0;277848;185465;3578;1021;224590;5318;1176;0;43
FR;5;2023-04-03;3;4;2;0;4;0;2;0;0;277851;185469;3580;1021;224594;5318;1178;0;43
FR;5;2023-04-04;1;3;0;0;3;0;0;0;0;277852;185472;3580;1021;224597;5318;1178;0;43
FR;5;2023-04-05;3;6;1;0;5;2;0;0;0;277855;185478;3581;1021;224602;5320;1178;0;43
FR;5;2023-04-06;3;3;0;0;3;0;0;0;0;277858;185481;3581;1021;224605;5320;1178;0;43
FR;5;2023-04-07;6;4;1;0;4;1;0;0;0;277864;185485;3582;1021;224609;5321;1178;0;43
FR;5;2023-04-08;6;10;1;0;10;1;0;0;0;277870;185495;3583;1021;224619;5322;1178;0;43
FR;5;2023-04-09;0;0;0;0;0;0;0;0;0;277870;185495;3583;1021;224619;5322;1178;0;43
FR;5;2023-04-10;0;0;0;0;0;0;0;0;0;277870;185495;3583;1021;224619;5322;1178;0;43
FR;5;2023-04-11;1;6;0;0;6;0;0;0;1;277871;185501;3583;1021;224625;5322;1178;0;44
FR;5;2023-04-12;4;9;1;0;9;1;0;0;0;277875;185510;3584;1021;224634;5323;1178;0;44
FR;5;2023-04-13;2;1;2;0;0;3;0;0;0;277877;185511;3586;1021;224634;5326;1178;0;44
FR;5;2023-04-14;5;5;2;0;8;2;0;0;0;277882;185516;3588;1021;224642;5328;1178;0;44
FR;5;2023-04-15;3;4;0;0;4;0;0;0;0;277885;185520;3588;1021;224646;5328;1178;0;44
FR;5;2023-04-16;1;0;0;0;0;0;0;0;0;277886;185520;3588;1021;224646;5328;1178;0;44
FR;5;2023-04-17;4;4;3;0;4;3;0;0;0;277890;185524;3591;1021;224650;5331;1178;0;44
FR;5;2023-04-18;3;2;0;0;2;0;0;0;0;277893;185526;3591;1021;224652;5331;1178;0;44
FR;5;2023-04-19;10;7;0;0;3;5;0;0;0;277903;185533;3591;1021;224655;5336;1178;0;44
FR;5;2023-04-20;5;2;0;0;2;0;0;0;0;277908;185535;3591;1021;224657;5336;1178;0;44
FR;5;2023-04-21;3;7;1;0;6;2;0;0;0;277911;185542;3592;1021;224663;5338;1178;0;44
FR;5;2023-04-22;4;6;1;0;6;1;0;0;0;277915;185548;3593;1021;224669;5339;1178;0;44
FR;5;2023-04-23;1;0;0;0;0;0;0;0;0;277916;185548;3593;1021;224669;5339;1178;0;44
FR;5;2023-04-24;3;5;2;0;5;2;0;0;0;277919;185553;3595;1021;224674;5341;1178;0;44
FR;5;2023-04-25;0;1;1;2;1;1;2;0;0;277919;185554;3596;1023;224675;5342;1180;0;44
FR;5;2023-04-26;1;3;0;0;3;0;0;0;0;277920;185557;3596;1023;224678;5342;1180;0;44
FR;5;2023-04-27;3;4;0;0;3;1;0;0;0;277923;185561;3596;1023;224681;5343;1180;0;44
FR;5;2023-04-28;2;3;0;0;2;1;0;0;0;277925;185564;3596;1023;224683;5344;1180;0;44
FR;5;2023-04-29;2;9;0;0;9;0;0;0;0;277927;185573;3596;1023;224692;5344;1180;0;44
FR;5;2023-04-30;0;0;0;0;0;0;0;0;0;277927;185573;3596;1023;224692;5344;1180;0;44
FR;5;2023-05-01;0;0;0;0;0;0;0;0;0;277927;185573;3596;1023;224692;5344;1180;0;44
FR;5;2023-05-02;2;2;1;0;3;1;0;0;0;277929;185575;3597;1023;224695;5345;1180;0;44
FR;5;2023-05-03;5;3;0;0;3;0;0;0;0;277934;185578;3597;1023;224698;5345;1180;0;44
FR;5;2023-05-04;1;3;0;0;3;0;0;0;0;277935;185581;3597;1023;224701;5345;1180;0;44
FR;5;2023-05-05;1;1;0;0;1;0;0;0;0;277936;185582;3597;1023;224702;5345;1180;0;44
FR;5;2023-05-06;2;1;0;0;1;0;0;0;0;277938;185583;3597;1023;224703;5345;1180;0;44
FR;5;2023-05-07;0;1;0;0;1;0;0;0;0;277938;185584;3597;1023;224704;5345;1180;0;44
FR;5;2023-05-08;1;1;0;0;1;0;0;0;0;277939;185585;3597;1023;224705;5345;1180;0;44
FR;5;2023-05-09;0;3;0;0;3;0;0;0;0;277939;185588;3597;1023;224708;5345;1180;0;44
FR;5;2023-05-10;1;6;0;0;6;0;0;0;0;277940;185594;3597;1023;224714;5345;1180;0;44
FR;5;2023-05-11;2;1;0;0;1;0;0;0;0;277942;185595;3597;1023;224715;5345;1180;0;44
FR;6;2020-12-27;0;0;0;0;0;0;0;0;0;0;0;0;0;0;0;0;0;0
FR;6;2020-12-28;0;0;0;0;0;0;0;0;0;0;0;0;0;0;0;0;0;0
FR;6;2020-12-29;0;0;0;0;0;0;0;0;0;0;0;0;0;0;0;0;0;0
FR;6;2020-12-30;0;0;0;0;0;0;0;0;0;0;0;0;0;0;0;0;0;0
FR;6;2020-12-31;0;0;0;0;0;0;0;0;0;0;0;0;0;0;0;0;0;0
FR;6;2021-01-01;0;0;0;0;0;0;0;0;0;0;0;0;0;0;0;0;0;0
FR;6;2021-01-02;0;0;0;0;0;0;0;0;0;0;0;0;0;0;0;0;0;0
FR;6;2021-01-03;0;0;0;0;0;0;0;0;0;0;0;0;0;0;0;0;0;0
FR;6;2021-01-04;0;0;0;0;0;0;0;0;0;0;0;0;0;0;0;0;0;0
FR;6;2021-01-05;0;0;0;0;0;0;0;0;0;0;0;0;0;0;0;0;0;0
FR;6;2021-01-06;0;0;0;0;0;0;0;0;0;0;0;0;0;0;0;0;0;0
FR;6;2021-01-07;0;0;0;0;0;0;0;0;0;0;0;0;0;0;0;0;0;0
FR;6;2021-01-08;0;0;0;0;0;0;0;0;0;0;0;0;0;0;0;0;0;0
FR;6;2021-01-09;0;0;0;0;0;0;0;0;0;0;0;0;0;0;0;0;0;0
FR;6;2021-01-10;0;0;0;0;0;0;0;0;0;0;0;0;0;0;0;0;0;0
FR;6;2021-01-11;0;0;0;0;0;0;0;0;0;0;0;0;0;0;0;0;0;0
FR;6;2021-01-12;0;0;0;0;0;0;0;0;0;0;0;0;0;0;0;0;0;0
FR;6;2021-01-13;0;0;0;0;0;0;0;0;0;0;0;0;0;0;0;0;0;0
FR;6;2021-01-14;0;0;0;0;0;0;0;0;0;0;0;0;0;0;0;0;0;0
FR;6;2021-01-15;0;0;0;0;0;0;0;0;0;0;0;0;0;0;0;0;0;0
FR;6;2021-01-16;0;0;0;0;0;0;0;0;0;0;0;0;0;0;0;0;0;0
FR;6;2021-01-17;0;0;0;0;0;0;0;0;0;0;0;0;0;0;0;0;0;0
FR;6;2021-01-18;0;0;0;0;0;0;0;0;0;0;0;0;0;0;0;0;0;0
FR;6;2021-01-19;0;0;0;0;0;0;0;0;0;0;0;0;0;0;0;0;0;0
FR;6;2021-01-20;0;0;0;0;0;0;0;0;0;0;0;0;0;0;0;0;0;0
FR;6;2021-01-21;0;0;0;0;0;0;0;0;0;0;0;0;0;0;0;0;0;0
FR;6;2021-01-22;0;0;0;0;0;0;0;0;0;0;0;0;0;0;0;0;0;0
FR;6;2021-01-23;0;0;0;0;0;0;0;0;0;0;0;0;0;0;0;0;0;0
FR;6;2021-01-24;0;0;0;0;0;0;0;0;0;0;0;0;0;0;0;0;0;0
FR;6;2021-01-25;0;0;0;0;0;0;0;0;0;0;0;0;0;0;0;0;0;0
FR;6;2021-01-26;0;0;0;0;0;0;0;0;0;0;0;0;0;0;0;0;0;0
FR;6;2021-01-27;0;0;0;0;0;0;0;0;0;0;0;0;0;0;0;0;0;0
FR;6;2021-01-28;0;0;0;0;0;0;0;0;0;0;0;0;0;0;0;0;0;0
FR;6;2021-01-29;0;0;0;0;0;0;0;0;0;0;0;0;0;0;0;0;0;0
FR;6;2021-01-30;0;0;0;0;0;0;0;0;0;0;0;0;0;0;0;0;0;0
FR;6;2021-01-31;0;0;0;0;0;0;0;0;0;0;0;0;0;0;0;0;0;0
FR;6;2021-02-01;0;0;0;0;0;0;0;0;0;0;0;0;0;0;0;0;0;0
FR;6;2021-02-02;0;0;0;0;0;0;0;0;0;0;0;0;0;0;0;0;0;0
FR;6;2021-02-03;0;0;0;0;0;0;0;0;0;0;0;0;0;0;0;0;0;0
FR;6;2021-02-04;0;0;0;0;0;0;0;0;0;0;0;0;0;0;0;0;0;0
FR;6;2021-02-05;0;0;0;0;0;0;0;0;0;0;0;0;0;0;0;0;0;0
FR;6;2021-02-06;0;0;0;0;0;0;0;0;0;0;0;0;0;0;0;0;0;0
FR;6;2021-02-07;0;0;0;0;0;0;0;0;0;0;0;0;0;0;0;0;0;0
FR;6;2021-02-08;0;0;0;0;0;0;0;0;0;0;0;0;0;0;0;0;0;0
FR;6;2021-02-09;0;0;0;0;0;0;0;0;0;0;0;0;0;0;0;0;0;0
FR;6;2021-02-10;0;0;0;0;0;0;0;0;0;0;0;0;0;0;0;0;0;0
FR;6;2021-02-11;0;0;0;0;0;0;0;0;0;0;0;0;0;0;0;0;0;0
FR;6;2021-02-12;0;0;0;0;0;0;0;0;0;0;0;0;0;0;0;0;0;0
FR;6;2021-02-13;0;0;0;0;0;0;0;0;0;0;0;0;0;0;0;0;0;0
FR;6;2021-02-14;0;0;0;0;0;0;0;0;0;0;0;0;0;0;0;0;0;0
FR;6;2021-02-15;0;0;0;0;0;0;0;0;0;0;0;0;0;0;0;0;0;0
FR;6;2021-02-16;0;0;0;0;0;0;0;0;0;0;0;0;0;0;0;0;0;0
FR;6;2021-02-17;0;0;0;0;0;0;0;0;0;0;0;0;0;0;0;0;0;0
FR;6;2021-02-18;0;0;0;0;0;0;0;0;0;0;0;0;0;0;0;0;0;0
FR;6;2021-02-19;0;0;0;0;0;0;0;0;0;0;0;0;0;0;0;0;0;0
FR;6;2021-02-20;0;0;0;0;0;0;0;0;0;0;0;0;0;0;0;0;0;0
FR;6;2021-02-21;0;0;0;0;0;0;0;0;0;0;0;0;0;0;0;0;0;0
FR;6;2021-02-22;0;0;0;0;0;0;0;0;0;0;0;0;0;0;0;0;0;0
FR;6;2021-02-23;0;0;0;0;0;0;0;0;0;0;0;0;0;0;0;0;0;0
FR;6;2021-02-24;0;0;0;0;0;0;0;0;0;0;0;0;0;0;0;0;0;0
FR;6;2021-02-25;0;0;0;0;0;0;0;0;0;0;0;0;0;0;0;0;0;0
FR;6;2021-02-26;0;0;0;0;0;0;0;0;0;0;0;0;0;0;0;0;0;0
FR;6;2021-02-27;0;0;0;0;0;0;0;0;0;0;0;0;0;0;0;0;0;0
FR;6;2021-02-28;0;0;0;0;0;0;0;0;0;0;0;0;0;0;0;0;0;0
FR;6;2021-03-01;0;0;0;0;0;0;0;0;0;0;0;0;0;0;0;0;0;0
FR;6;2021-03-02;0;0;0;0;0;0;0;0;0;0;0;0;0;0;0;0;0;0
FR;6;2021-03-03;0;0;0;0;0;0;0;0;0;0;0;0;0;0;0;0;0;0
FR;6;2021-03-04;0;0;0;0;0;0;0;0;0;0;0;0;0;0;0;0;0;0
FR;6;2021-03-05;0;0;0;0;0;0;0;0;0;0;0;0;0;0;0;0;0;0
FR;6;2021-03-06;0;0;0;0;0;0;0;0;0;0;0;0;0;0;0;0;0;0
FR;6;2021-03-07;0;0;0;0;0;0;0;0;0;0;0;0;0;0;0;0;0;0
FR;6;2021-03-08;0;0;0;0;0;0;0;0;0;0;0;0;0;0;0;0;0;0
FR;6;2021-03-09;0;0;0;0;0;0;0;0;0;0;0;0;0;0;0;0;0;0
FR;6;2021-03-10;0;0;0;0;0;0;0;0;0;0;0;0;0;0;0;0;0;0
FR;6;2021-03-11;0;0;0;0;0;0;0;0;0;0;0;0;0;0;0;0;0;0
FR;6;2021-03-12;0;0;0;0;0;0;0;0;0;0;0;0;0;0;0;0;0;0
FR;6;2021-03-13;0;0;0;0;0;0;0;0;0;0;0;0;0;0;0;0;0;0
FR;6;2021-03-14;0;0;0;0;0;0;0;0;0;0;0;0;0;0;0;0;0;0
FR;6;2021-03-15;0;0;0;0;0;0;0;0;0;0;0;0;0;0;0;0;0;0
FR;6;2021-03-16;0;0;0;0;0;0;0;0;0;0;0;0;0;0;0;0;0;0
FR;6;2021-03-17;0;0;0;0;0;0;0;0;0;0;0;0;0;0;0;0;0;0
FR;6;2021-03-18;0;0;0;0;0;0;0;0;0;0;0;0;0;0;0;0;0;0
FR;6;2021-03-19;0;0;0;0;0;0;0;0;0;0;0;0;0;0;0;0;0;0
FR;6;2021-03-20;0;0;0;0;0;0;0;0;0;0;0;0;0;0;0;0;0;0
FR;6;2021-03-21;0;0;0;0;0;0;0;0;0;0;0;0;0;0;0;0;0;0
FR;6;2021-03-22;0;0;0;0;0;0;0;0;0;0;0;0;0;0;0;0;0;0
FR;6;2021-03-23;0;0;0;0;0;0;0;0;0;0;0;0;0;0;0;0;0;0
FR;6;2021-03-24;0;0;0;0;0;0;0;0;0;0;0;0;0;0;0;0;0;0
FR;6;2021-03-25;0;0;0;0;0;0;0;0;0;0;0;0;0;0;0;0;0;0
FR;6;2021-03-26;0;0;0;0;0;0;0;0;0;0;0;0;0;0;0;0;0;0
FR;6;2021-03-27;0;0;0;0;0;0;0;0;0;0;0;0;0;0;0;0;0;0
FR;6;2021-03-28;0;0;0;0;0;0;0;0;0;0;0;0;0;0;0;0;0;0
FR;6;2021-03-29;0;0;0;0;0;0;0;0;0;0;0;0;0;0;0;0;0;0
FR;6;2021-03-30;0;0;0;0;0;0;0;0;0;0;0;0;0;0;0;0;0;0
FR;6;2021-03-31;0;0;0;0;0;0;0;0;0;0;0;0;0;0;0;0;0;0
FR;6;2021-04-01;0;0;0;0;0;0;0;0;0;0;0;0;0;0;0;0;0;0
FR;6;2021-04-02;0;0;0;0;0;0;0;0;0;0;0;0;0;0;0;0;0;0
FR;6;2021-04-03;0;0;0;0;0;0;0;0;0;0;0;0;0;0;0;0;0;0
FR;6;2021-04-04;0;0;0;0;0;0;0;0;0;0;0;0;0;0;0;0;0;0
FR;6;2021-04-05;0;0;0;0;0;0;0;0;0;0;0;0;0;0;0;0;0;0
FR;6;2021-04-06;0;0;0;0;0;0;0;0;0;0;0;0;0;0;0;0;0;0
FR;6;2021-04-07;0;0;0;0;0;0;0;0;0;0;0;0;0;0;0;0;0;0
FR;6;2021-04-08;0;0;0;0;0;0;0;0;0;0;0;0;0;0;0;0;0;0
FR;6;2021-04-09;0;0;0;0;0;0;0;0;0;0;0;0;0;0;0;0;0;0
FR;6;2021-04-10;0;0;0;0;0;0;0;0;0;0;0;0;0;0;0;0;0;0
FR;6;2021-04-11;0;0;0;0;0;0;0;0;0;0;0;0;0;0;0;0;0;0
FR;6;2021-04-12;0;0;0;0;0;0;0;0;0;0;0;0;0;0;0;0;0;0
FR;6;2021-04-13;0;0;0;0;0;0;0;0;0;0;0;0;0;0;0;0;0;0
FR;6;2021-04-14;0;0;0;0;0;0;0;0;0;0;0;0;0;0;0;0;0;0
FR;6;2021-04-15;0;0;0;0;0;0;0;0;0;0;0;0;0;0;0;0;0;0
FR;6;2021-04-16;0;0;0;0;0;0;0;0;0;0;0;0;0;0;0;0;0;0
FR;6;2021-04-17;0;0;0;0;0;0;0;0;0;0;0;0;0;0;0;0;0;0
FR;6;2021-04-18;0;0;0;0;0;0;0;0;0;0;0;0;0;0;0;0;0;0
FR;6;2021-04-19;0;0;0;0;0;0;0;0;0;0;0;0;0;0;0;0;0;0
FR;6;2021-04-20;0;0;0;0;0;0;0;0;0;0;0;0;0;0;0;0;0;0
FR;6;2021-04-21;0;0;0;0;0;0;0;0;0;0;0;0;0;0;0;0;0;0
FR;6;2021-04-22;0;0;0;0;0;0;0;0;0;0;0;0;0;0;0;0;0;0
FR;6;2021-04-23;0;0;0;0;0;0;0;0;0;0;0;0;0;0;0;0;0;0
FR;6;2021-04-24;0;0;0;0;0;0;0;0;0;0;0;0;0;0;0;0;0;0
FR;6;2021-04-25;0;0;0;0;0;0;0;0;0;0;0;0;0;0;0;0;0;0
FR;6;2021-04-26;0;0;0;0;0;0;0;0;0;0;0;0;0;0;0;0;0;0
FR;6;2021-04-27;0;0;0;0;0;0;0;0;0;0;0;0;0;0;0;0;0;0
FR;6;2021-04-28;0;0;0;0;0;0;0;0;0;0;0;0;0;0;0;0;0;0
FR;6;2021-04-29;0;0;0;0;0;0;0;0;0;0;0;0;0;0;0;0;0;0
FR;6;2021-04-30;0;0;0;0;0;0;0;0;0;0;0;0;0;0;0;0;0;0
FR;6;2021-05-01;0;0;0;0;0;0;0;0;0;0;0;0;0;0;0;0;0;0
FR;6;2021-05-02;0;0;0;0;0;0;0;0;0;0;0;0;0;0;0;0;0;0
FR;6;2021-05-03;0;0;0;0;0;0;0;0;0;0;0;0;0;0;0;0;0;0
FR;6;2021-05-04;0;0;0;0;0;0;0;0;0;0;0;0;0;0;0;0;0;0
FR;6;2021-05-05;0;0;0;0;0;0;0;0;0;0;0;0;0;0;0;0;0;0
FR;6;2021-05-06;0;0;0;0;0;0;0;0;0;0;0;0;0;0;0;0;0;0
FR;6;2021-05-07;0;0;0;0;0;0;0;0;0;0;0;0;0;0;0;0;0;0
FR;6;2021-05-08;0;0;0;0;0;0;0;0;0;0;0;0;0;0;0;0;0;0
FR;6;2021-05-09;0;0;0;0;0;0;0;0;0;0;0;0;0;0;0;0;0;0
FR;6;2021-05-10;0;0;0;0;0;0;0;0;0;0;0;0;0;0;0;0;0;0
FR;6;2021-05-11;0;0;0;0;0;0;0;0;0;0;0;0;0;0;0;0;0;0
FR;6;2021-05-12;0;0;0;0;0;0;0;0;0;0;0;0;0;0;0;0;0;0
FR;6;2021-05-13;0;0;0;0;0;0;0;0;0;0;0;0;0;0;0;0;0;0
FR;6;2021-05-14;0;0;0;0;0;0;0;0;0;0;0;0;0;0;0;0;0;0
FR;6;2021-05-15;0;0;0;0;0;0;0;0;0;0;0;0;0;0;0;0;0;0
FR;6;2021-05-16;0;0;0;0;0;0;0;0;0;0;0;0;0;0;0;0;0;0
FR;6;2021-05-17;0;0;0;0;0;0;0;0;0;0;0;0;0;0;0;0;0;0
FR;6;2021-05-18;0;0;0;0;0;0;0;0;0;0;0;0;0;0;0;0;0;0
FR;6;2021-05-19;0;0;0;0;0;0;0;0;0;0;0;0;0;0;0;0;0;0
FR;6;2021-05-20;0;0;0;0;0;0;0;0;0;0;0;0;0;0;0;0;0;0
FR;6;2021-05-21;0;0;0;0;0;0;0;0;0;0;0;0;0;0;0;0;0;0
FR;6;2021-05-22;0;0;0;0;0;0;0;0;0;0;0;0;0;0;0;0;0;0
FR;6;2021-05-23;0;0;0;0;0;0;0;0;0;0;0;0;0;0;0;0;0;0
FR;6;2021-05-24;0;0;0;0;0;0;0;0;0;0;0;0;0;0;0;0;0;0
FR;6;2021-05-25;0;0;0;0;0;0;0;0;0;0;0;0;0;0;0;0;0;0
FR;6;2021-05-26;0;0;0;0;0;0;0;0;0;0;0;0;0;0;0;0;0;0
FR;6;2021-05-27;0;0;0;0;0;0;0;0;0;0;0;0;0;0;0;0;0;0
FR;6;2021-05-28;0;0;0;0;0;0;0;0;0;0;0;0;0;0;0;0;0;0
FR;6;2021-05-29;0;0;0;0;0;0;0;0;0;0;0;0;0;0;0;0;0;0
FR;6;2021-05-30;0;0;0;0;0;0;0;0;0;0;0;0;0;0;0;0;0;0
FR;6;2021-05-31;0;0;0;0;0;0;0;0;0;0;0;0;0;0;0;0;0;0
FR;6;2021-06-01;0;0;0;0;0;0;0;0;0;0;0;0;0;0;0;0;0;0
FR;6;2021-06-02;0;0;0;0;0;0;0;0;0;0;0;0;0;0;0;0;0;0
FR;6;2021-06-03;0;0;0;0;0;0;0;0;0;0;0;0;0;0;0;0;0;0
FR;6;2021-06-04;0;0;0;0;0;0;0;0;0;0;0;0;0;0;0;0;0;0
FR;6;2021-06-05;0;0;0;0;0;0;0;0;0;0;0;0;0;0;0;0;0;0
FR;6;2021-06-06;0;0;0;0;0;0;0;0;0;0;0;0;0;0;0;0;0;0
FR;6;2021-06-07;0;0;0;0;0;0;0;0;0;0;0;0;0;0;0;0;0;0
FR;6;2021-06-08;0;0;0;0;0;0;0;0;0;0;0;0;0;0;0;0;0;0
FR;6;2021-06-09;0;0;0;0;0;0;0;0;0;0;0;0;0;0;0;0;0;0
FR;6;2021-06-10;0;0;0;0;0;0;0;0;0;0;0;0;0;0;0;0;0;0
FR;6;2021-06-11;0;0;0;0;0;0;0;0;0;0;0;0;0;0;0;0;0;0
FR;6;2021-06-12;0;0;0;0;0;0;0;0;0;0;0;0;0;0;0;0;0;0
FR;6;2021-06-13;0;0;0;0;0;0;0;0;0;0;0;0;0;0;0;0;0;0
FR;6;2021-06-14;0;0;0;0;0;0;0;0;0;0;0;0;0;0;0;0;0;0
FR;6;2021-06-15;0;0;0;0;0;0;0;0;0;0;0;0;0;0;0;0;0;0
FR;6;2021-06-16;0;0;0;0;0;0;0;0;0;0;0;0;0;0;0;0;0;0
FR;6;2021-06-17;0;0;0;0;0;0;0;0;0;0;0;0;0;0;0;0;0;0
FR;6;2021-06-18;0;0;0;0;0;0;0;0;0;0;0;0;0;0;0;0;0;0
FR;6;2021-06-19;0;0;0;0;0;0;0;0;0;0;0;0;0;0;0;0;0;0
FR;6;2021-06-20;0;0;0;0;0;0;0;0;0;0;0;0;0;0;0;0;0;0
FR;6;2021-06-21;0;0;0;0;0;0;0;0;0;0;0;0;0;0;0;0;0;0
FR;6;2021-06-22;0;0;0;0;0;0;0;0;0;0;0;0;0;0;0;0;0;0
FR;6;2021-06-23;0;0;0;0;0;0;0;0;0;0;0;0;0;0;0;0;0;0
FR;6;2021-06-24;0;0;0;0;0;0;0;0;0;0;0;0;0;0;0;0;0;0
FR;6;2021-06-25;0;0;0;0;0;0;0;0;0;0;0;0;0;0;0;0;0;0
FR;6;2021-06-26;0;0;0;0;0;0;0;0;0;0;0;0;0;0;0;0;0;0
FR;6;2021-06-27;0;0;0;0;0;0;0;0;0;0;0;0;0;0;0;0;0;0
FR;6;2021-06-28;0;0;0;0;0;0;0;0;0;0;0;0;0;0;0;0;0;0
FR;6;2021-06-29;0;0;0;0;0;0;0;0;0;0;0;0;0;0;0;0;0;0
FR;6;2021-06-30;0;0;0;0;0;0;0;0;0;0;0;0;0;0;0;0;0;0
FR;6;2021-07-01;0;0;0;0;0;0;0;0;0;0;0;0;0;0;0;0;0;0
FR;6;2021-07-02;0;0;0;0;0;0;0;0;0;0;0;0;0;0;0;0;0;0
FR;6;2021-07-03;0;0;0;0;0;0;0;0;0;0;0;0;0;0;0;0;0;0
FR;6;2021-07-04;0;0;0;0;0;0;0;0;0;0;0;0;0;0;0;0;0;0
FR;6;2021-07-05;0;0;0;0;0;0;0;0;0;0;0;0;0;0;0;0;0;0
FR;6;2021-07-06;0;0;0;0;0;0;0;0;0;0;0;0;0;0;0;0;0;0
FR;6;2021-07-07;0;0;0;0;0;0;0;0;0;0;0;0;0;0;0;0;0;0
FR;6;2021-07-08;0;0;0;0;0;0;0;0;0;0;0;0;0;0;0;0;0;0
FR;6;2021-07-09;0;0;0;0;0;0;0;0;0;0;0;0;0;0;0;0;0;0
FR;6;2021-07-10;0;0;0;0;0;0;0;0;0;0;0;0;0;0;0;0;0;0
FR;6;2021-07-11;0;0;0;0;0;0;0;0;0;0;0;0;0;0;0;0;0;0
FR;6;2021-07-12;0;0;0;0;0;0;0;0;0;0;0;0;0;0;0;0;0;0
FR;6;2021-07-13;0;0;0;0;0;0;0;0;0;0;0;0;0;0;0;0;0;0
FR;6;2021-07-14;0;0;0;0;0;0;0;0;0;0;0;0;0;0;0;0;0;0
FR;6;2021-07-15;0;0;0;0;0;0;0;0;0;0;0;0;0;0;0;0;0;0
FR;6;2021-07-16;0;0;0;0;0;0;0;0;0;0;0;0;0;0;0;0;0;0
FR;6;2021-07-17;0;0;0;0;0;0;0;0;0;0;0;0;0;0;0;0;0;0
FR;6;2021-07-18;0;0;0;0;0;0;0;0;0;0;0;0;0;0;0;0;0;0
FR;6;2021-07-19;0;0;0;0;0;0;0;0;0;0;0;0;0;0;0;0;0;0
FR;6;2021-07-20;0;0;0;0;0;0;0;0;0;0;0;0;0;0;0;0;0;0
FR;6;2021-07-21;0;0;0;0;0;0;0;0;0;0;0;0;0;0;0;0;0;0
FR;6;2021-07-22;0;0;0;0;0;0;0;0;0;0;0;0;0;0;0;0;0;0
FR;6;2021-07-23;0;0;0;0;0;0;0;0;0;0;0;0;0;0;0;0;0;0
FR;6;2021-07-24;0;0;0;0;0;0;0;0;0;0;0;0;0;0;0;0;0;0
FR;6;2021-07-25;0;0;0;0;0;0;0;0;0;0;0;0;0;0;0;0;0;0
FR;6;2021-07-26;0;0;0;0;0;0;0;0;0;0;0;0;0;0;0;0;0;0
FR;6;2021-07-27;0;0;0;0;0;0;0;0;0;0;0;0;0;0;0;0;0;0
FR;6;2021-07-28;0;0;0;0;0;0;0;0;0;0;0;0;0;0;0;0;0;0
FR;6;2021-07-29;0;0;0;0;0;0;0;0;0;0;0;0;0;0;0;0;0;0
FR;6;2021-07-30;0;0;0;0;0;0;0;0;0;0;0;0;0;0;0;0;0;0
FR;6;2021-07-31;0;0;0;0;0;0;0;0;0;0;0;0;0;0;0;0;0;0
FR;6;2021-08-01;0;0;0;0;0;0;0;0;0;0;0;0;0;0;0;0;0;0
FR;6;2021-08-02;0;0;0;0;0;0;0;0;0;0;0;0;0;0;0;0;0;0
FR;6;2021-08-03;0;0;0;0;0;0;0;0;0;0;0;0;0;0;0;0;0;0
FR;6;2021-08-04;0;0;0;0;0;0;0;0;0;0;0;0;0;0;0;0;0;0
FR;6;2021-08-05;0;0;0;0;0;0;0;0;0;0;0;0;0;0;0;0;0;0
FR;6;2021-08-06;0;0;0;0;0;0;0;0;0;0;0;0;0;0;0;0;0;0
FR;6;2021-08-07;0;0;0;0;0;0;0;0;0;0;0;0;0;0;0;0;0;0
FR;6;2021-08-08;0;0;0;0;0;0;0;0;0;0;0;0;0;0;0;0;0;0
FR;6;2021-08-09;0;0;0;0;0;0;0;0;0;0;0;0;0;0;0;0;0;0
FR;6;2021-08-10;0;0;0;0;0;0;0;0;0;0;0;0;0;0;0;0;0;0
FR;6;2021-08-11;0;0;0;0;0;0;0;0;0;0;0;0;0;0;0;0;0;0
FR;6;2021-08-12;0;0;0;0;0;0;0;0;0;0;0;0;0;0;0;0;0;0
FR;6;2021-08-13;0;0;0;0;0;0;0;0;0;0;0;0;0;0;0;0;0;0
FR;6;2021-08-14;0;0;0;0;0;0;0;0;0;0;0;0;0;0;0;0;0;0
FR;6;2021-08-15;0;0;0;0;0;0;0;0;0;0;0;0;0;0;0;0;0;0
FR;6;2021-08-16;0;0;0;0;0;0;0;0;0;0;0;0;0;0;0;0;0;0
FR;6;2021-08-17;0;0;0;0;0;0;0;0;0;0;0;0;0;0;0;0;0;0
FR;6;2021-08-18;0;0;0;0;0;0;0;0;0;0;0;0;0;0;0;0;0;0
FR;6;2021-08-19;0;0;0;0;0;0;0;0;0;0;0;0;0;0;0;0;0;0
FR;6;2021-08-20;0;0;0;0;0;0;0;0;0;0;0;0;0;0;0;0;0;0
FR;6;2021-08-21;0;0;0;0;0;0;0;0;0;0;0;0;0;0;0;0;0;0
FR;6;2021-08-22;0;0;0;0;0;0;0;0;0;0;0;0;0;0;0;0;0;0
FR;6;2021-08-23;0;0;0;0;0;0;0;0;0;0;0;0;0;0;0;0;0;0
FR;6;2021-08-24;0;0;0;0;0;0;0;0;0;0;0;0;0;0;0;0;0;0
FR;6;2021-08-25;0;0;0;0;0;0;0;0;0;0;0;0;0;0;0;0;0;0
FR;6;2021-08-26;0;0;0;0;0;0;0;0;0;0;0;0;0;0;0;0;0;0
FR;6;2021-08-27;0;0;0;0;0;0;0;0;0;0;0;0;0;0;0;0;0;0
FR;6;2021-08-28;0;0;0;0;0;0;0;0;0;0;0;0;0;0;0;0;0;0
FR;6;2021-08-29;0;0;0;0;0;0;0;0;0;0;0;0;0;0;0;0;0;0
FR;6;2021-08-30;0;0;0;0;0;0;0;0;0;0;0;0;0;0;0;0;0;0
FR;6;2021-08-31;0;0;0;0;0;0;0;0;0;0;0;0;0;0;0;0;0;0
FR;6;2021-09-01;0;0;0;0;0;0;0;0;0;0;0;0;0;0;0;0;0;0
FR;6;2021-09-02;0;0;0;0;0;0;0;0;0;0;0;0;0;0;0;0;0;0
FR;6;2021-09-03;0;0;0;0;0;0;0;0;0;0;0;0;0;0;0;0;0;0
FR;6;2021-09-04;0;0;0;0;0;0;0;0;0;0;0;0;0;0;0;0;0;0
FR;6;2021-09-05;0;0;0;0;0;0;0;0;0;0;0;0;0;0;0;0;0;0
FR;6;2021-09-06;0;0;0;0;0;0;0;0;0;0;0;0;0;0;0;0;0;0
FR;6;2021-09-07;0;0;0;0;0;0;0;0;0;0;0;0;0;0;0;0;0;0
FR;6;2021-09-08;0;0;0;0;0;0;0;0;0;0;0;0;0;0;0;0;0;0
FR;6;2021-09-09;0;0;0;0;0;0;0;0;0;0;0;0;0;0;0;0;0;0
FR;6;2021-09-10;0;0;0;0;0;0;0;0;0;0;0;0;0;0;0;0;0;0
FR;6;2021-09-11;0;0;0;0;0;0;0;0;0;0;0;0;0;0;0;0;0;0
FR;6;2021-09-12;0;0;0;0;0;0;0;0;0;0;0;0;0;0;0;0;0;0
FR;6;2021-09-13;0;0;0;0;0;0;0;0;0;0;0;0;0;0;0;0;0;0
FR;6;2021-09-14;0;0;0;0;0;0;0;0;0;0;0;0;0;0;0;0;0;0
FR;6;2021-09-15;0;0;0;0;0;0;0;0;0;0;0;0;0;0;0;0;0;0
FR;6;2021-09-16;0;0;0;0;0;0;0;0;0;0;0;0;0;0;0;0;0;0
FR;6;2021-09-17;0;0;0;0;0;0;0;0;0;0;0;0;0;0;0;0;0;0
FR;6;2021-09-18;0;0;0;0;0;0;0;0;0;0;0;0;0;0;0;0;0;0
FR;6;2021-09-19;0;0;0;0;0;0;0;0;0;0;0;0;0;0;0;0;0;0
FR;6;2021-09-20;0;0;0;0;0;0;0;0;0;0;0;0;0;0;0;0;0;0
FR;6;2021-09-21;0;0;0;0;0;0;0;0;0;0;0;0;0;0;0;0;0;0
FR;6;2021-09-22;0;0;0;0;0;0;0;0;0;0;0;0;0;0;0;0;0;0
FR;6;2021-09-23;0;0;0;0;0;0;0;0;0;0;0;0;0;0;0;0;0;0
FR;6;2021-09-24;0;0;0;0;0;0;0;0;0;0;0;0;0;0;0;0;0;0
FR;6;2021-09-25;0;0;0;0;0;0;0;0;0;0;0;0;0;0;0;0;0;0
FR;6;2021-09-26;0;0;0;0;0;0;0;0;0;0;0;0;0;0;0;0;0;0
FR;6;2021-09-27;0;0;0;0;0;0;0;0;0;0;0;0;0;0;0;0;0;0
FR;6;2021-09-28;0;0;0;0;0;0;0;0;0;0;0;0;0;0;0;0;0;0
FR;6;2021-09-29;0;0;0;0;0;0;0;0;0;0;0;0;0;0;0;0;0;0
FR;6;2021-09-30;0;0;0;0;0;0;0;0;0;0;0;0;0;0;0;0;0;0
FR;6;2021-10-01;0;0;0;0;0;0;0;0;0;0;0;0;0;0;0;0;0;0
FR;6;2021-10-02;0;0;0;0;0;0;0;0;0;0;0;0;0;0;0;0;0;0
FR;6;2021-10-03;0;0;0;0;0;0;0;0;0;0;0;0;0;0;0;0;0;0
FR;6;2021-10-04;0;0;0;0;0;0;0;0;0;0;0;0;0;0;0;0;0;0
FR;6;2021-10-05;0;0;0;0;0;0;0;0;0;0;0;0;0;0;0;0;0;0
FR;6;2021-10-06;0;0;0;0;0;0;0;0;0;0;0;0;0;0;0;0;0;0
FR;6;2021-10-07;0;0;0;0;0;0;0;0;0;0;0;0;0;0;0;0;0;0
FR;6;2021-10-08;0;0;0;0;0;0;0;0;0;0;0;0;0;0;0;0;0;0
FR;6;2021-10-09;0;0;0;0;0;0;0;0;0;0;0;0;0;0;0;0;0;0
FR;6;2021-10-10;0;0;0;0;0;0;0;0;0;0;0;0;0;0;0;0;0;0
FR;6;2021-10-11;0;0;0;0;0;0;0;0;0;0;0;0;0;0;0;0;0;0
FR;6;2021-10-12;0;0;0;0;0;0;0;0;0;0;0;0;0;0;0;0;0;0
FR;6;2021-10-13;0;0;0;0;0;0;0;0;0;0;0;0;0;0;0;0;0;0
FR;6;2021-10-14;0;0;0;0;0;0;0;0;0;0;0;0;0;0;0;0;0;0
FR;6;2021-10-15;0;0;0;0;0;0;0;0;0;0;0;0;0;0;0;0;0;0
FR;6;2021-10-16;0;0;0;0;0;0;0;0;0;0;0;0;0;0;0;0;0;0
FR;6;2021-10-17;0;0;0;0;0;0;0;0;0;0;0;0;0;0;0;0;0;0
FR;6;2021-10-18;0;0;0;0;0;0;0;0;0;0;0;0;0;0;0;0;0;0
FR;6;2021-10-19;0;0;0;0;0;0;0;0;0;0;0;0;0;0;0;0;0;0
FR;6;2021-10-20;0;0;0;0;0;0;0;0;0;0;0;0;0;0;0;0;0;0
FR;6;2021-10-21;0;0;0;0;0;0;0;0;0;0;0;0;0;0;0;0;0;0
FR;6;2021-10-22;0;0;0;0;0;0;0;0;0;0;0;0;0;0;0;0;0;0
FR;6;2021-10-23;0;0;0;0;0;0;0;0;0;0;0;0;0;0;0;0;0;0
FR;6;2021-10-24;0;0;0;0;0;0;0;0;0;0;0;0;0;0;0;0;0;0
FR;6;2021-10-25;0;0;0;0;0;0;0;0;0;0;0;0;0;0;0;0;0;0
FR;6;2021-10-26;0;0;0;0;0;0;0;0;0;0;0;0;0;0;0;0;0;0
FR;6;2021-10-27;0;0;0;0;0;0;0;0;0;0;0;0;0;0;0;0;0;0
FR;6;2021-10-28;0;0;0;0;0;0;0;0;0;0;0;0;0;0;0;0;0;0
FR;6;2021-10-29;0;0;0;0;0;0;0;0;0;0;0;0;0;0;0;0;0;0
FR;6;2021-10-30;0;0;0;0;0;0;0;0;0;0;0;0;0;0;0;0;0;0
FR;6;2021-10-31;0;0;0;0;0;0;0;0;0;0;0;0;0;0;0;0;0;0
FR;6;2021-11-01;0;0;0;0;0;0;0;0;0;0;0;0;0;0;0;0;0;0
FR;6;2021-11-02;0;0;0;0;0;0;0;0;0;0;0;0;0;0;0;0;0;0
FR;6;2021-11-03;0;0;0;0;0;0;0;0;0;0;0;0;0;0;0;0;0;0
FR;6;2021-11-04;0;0;0;0;0;0;0;0;0;0;0;0;0;0;0;0;0;0
FR;6;2021-11-05;0;0;0;0;0;0;0;0;0;0;0;0;0;0;0;0;0;0
FR;6;2021-11-06;0;0;0;0;0;0;0;0;0;0;0;0;0;0;0;0;0;0
FR;6;2021-11-07;0;0;0;0;0;0;0;0;0;0;0;0;0;0;0;0;0;0
FR;6;2021-11-08;0;0;0;0;0;0;0;0;0;0;0;0;0;0;0;0;0;0
FR;6;2021-11-09;0;0;0;0;0;0;0;0;0;0;0;0;0;0;0;0;0;0
FR;6;2021-11-10;0;0;0;0;0;0;0;0;0;0;0;0;0;0;0;0;0;0
FR;6;2021-11-11;0;0;0;0;0;0;0;0;0;0;0;0;0;0;0;0;0;0
FR;6;2021-11-12;0;0;0;0;0;0;0;0;0;0;0;0;0;0;0;0;0;0
FR;6;2021-11-13;0;0;0;0;0;0;0;0;0;0;0;0;0;0;0;0;0;0
FR;6;2021-11-14;0;0;0;0;0;0;0;0;0;0;0;0;0;0;0;0;0;0
FR;6;2021-11-15;0;0;0;0;0;0;0;0;0;0;0;0;0;0;0;0;0;0
FR;6;2021-11-16;0;0;0;0;0;0;0;0;0;0;0;0;0;0;0;0;0;0
FR;6;2021-11-17;0;0;0;0;0;0;0;0;0;0;0;0;0;0;0;0;0;0
FR;6;2021-11-18;0;0;0;0;0;0;0;0;0;0;0;0;0;0;0;0;0;0
FR;6;2021-11-19;0;0;0;0;0;0;0;0;0;0;0;0;0;0;0;0;0;0
FR;6;2021-11-20;0;0;0;0;0;0;0;0;0;0;0;0;0;0;0;0;0;0
FR;6;2021-11-21;0;0;0;0;0;0;0;0;0;0;0;0;0;0;0;0;0;0
FR;6;2021-11-22;0;0;0;0;0;0;0;0;0;0;0;0;0;0;0;0;0;0
FR;6;2021-11-23;0;0;0;0;0;0;0;0;0;0;0;0;0;0;0;0;0;0
FR;6;2021-11-24;0;0;0;0;0;0;0;0;0;0;0;0;0;0;0;0;0;0
FR;6;2021-11-25;0;0;0;0;0;0;0;0;0;0;0;0;0;0;0;0;0;0
FR;6;2021-11-26;0;0;0;0;0;0;0;0;0;0;0;0;0;0;0;0;0;0
FR;6;2021-11-27;0;0;0;0;0;0;0;0;0;0;0;0;0;0;0;0;0;0
FR;6;2021-11-28;0;0;0;0;0;0;0;0;0;0;0;0;0;0;0;0;0;0
FR;6;2021-11-29;0;0;0;0;0;0;0;0;0;0;0;0;0;0;0;0;0;0
FR;6;2021-11-30;0;0;0;0;0;0;0;0;0;0;0;0;0;0;0;0;0;0
FR;6;2021-12-01;0;0;0;0;0;0;0;0;0;0;0;0;0;0;0;0;0;0
FR;6;2021-12-02;0;0;0;0;0;0;0;0;0;0;0;0;0;0;0;0;0;0
FR;6;2021-12-03;0;0;0;0;0;0;0;0;0;0;0;0;0;0;0;0;0;0
FR;6;2021-12-04;0;0;0;0;0;0;0;0;0;0;0;0;0;0;0;0;0;0
FR;6;2021-12-05;0;0;0;0;0;0;0;0;0;0;0;0;0;0;0;0;0;0
FR;6;2021-12-06;0;0;0;0;0;0;0;0;0;0;0;0;0;0;0;0;0;0
FR;6;2021-12-07;0;0;0;0;0;0;0;0;0;0;0;0;0;0;0;0;0;0
FR;6;2021-12-08;0;0;0;0;0;0;0;0;0;0;0;0;0;0;0;0;0;0
FR;6;2021-12-09;0;0;0;0;0;0;0;0;0;0;0;0;0;0;0;0;0;0
FR;6;2021-12-10;0;0;0;0;0;0;0;0;0;0;0;0;0;0;0;0;0;0
FR;6;2021-12-11;0;0;0;0;0;0;0;0;0;0;0;0;0;0;0;0;0;0
FR;6;2021-12-12;0;0;0;0;0;0;0;0;0;0;0;0;0;0;0;0;0;0
FR;6;2021-12-13;0;0;0;0;0;0;0;0;0;0;0;0;0;0;0;0;0;0
FR;6;2021-12-14;0;0;0;0;0;0;0;0;0;0;0;0;0;0;0;0;0;0
FR;6;2021-12-15;0;0;0;0;0;0;0;0;0;0;0;0;0;0;0;0;0;0
FR;6;2021-12-16;0;0;0;0;0;0;0;0;0;0;0;0;0;0;0;0;0;0
FR;6;2021-12-17;0;0;0;0;0;0;0;0;0;0;0;0;0;0;0;0;0;0
FR;6;2021-12-18;0;0;0;0;0;0;0;0;0;0;0;0;0;0;0;0;0;0
FR;6;2021-12-19;0;0;0;0;0;0;0;0;0;0;0;0;0;0;0;0;0;0
FR;6;2021-12-20;0;0;0;0;0;0;0;0;0;0;0;0;0;0;0;0;0;0
FR;6;2021-12-21;0;0;0;0;0;0;0;0;0;0;0;0;0;0;0;0;0;0
FR;6;2021-12-22;0;0;0;0;0;0;0;0;0;0;0;0;0;0;0;0;0;0
FR;6;2021-12-23;0;0;0;0;0;0;0;0;0;0;0;0;0;0;0;0;0;0
FR;6;2021-12-24;0;0;0;0;0;0;0;0;0;0;0;0;0;0;0;0;0;0
FR;6;2021-12-25;0;0;0;0;0;0;0;0;0;0;0;0;0;0;0;0;0;0
FR;6;2021-12-26;0;0;0;0;0;0;0;0;0;0;0;0;0;0;0;0;0;0
FR;6;2021-12-27;0;0;0;0;0;0;0;0;0;0;0;0;0;0;0;0;0;0
FR;6;2021-12-28;0;0;0;0;0;0;0;0;0;0;0;0;0;0;0;0;0;0
FR;6;2021-12-29;0;0;0;0;0;0;0;0;0;0;0;0;0;0;0;0;0;0
FR;6;2021-12-30;0;0;0;0;0;0;0;0;0;0;0;0;0;0;0;0;0;0
FR;6;2021-12-31;0;0;0;0;0;0;0;0;0;0;0;0;0;0;0;0;0;0
FR;6;2022-01-01;0;0;0;0;0;0;0;0;0;0;0;0;0;0;0;0;0;0
FR;6;2022-01-02;0;0;0;0;0;0;0;0;0;0;0;0;0;0;0;0;0;0
FR;6;2022-01-03;0;0;0;0;0;0;0;0;0;0;0;0;0;0;0;0;0;0
FR;6;2022-01-04;0;0;0;0;0;0;0;0;0;0;0;0;0;0;0;0;0;0
FR;6;2022-01-05;0;0;0;0;0;0;0;0;0;0;0;0;0;0;0;0;0;0
FR;6;2022-01-06;0;0;0;0;0;0;0;0;0;0;0;0;0;0;0;0;0;0
FR;6;2022-01-07;0;0;0;0;0;0;0;0;0;0;0;0;0;0;0;0;0;0
FR;6;2022-01-08;0;0;0;0;0;0;0;0;0;0;0;0;0;0;0;0;0;0
FR;6;2022-01-09;0;0;0;0;0;0;0;0;0;0;0;0;0;0;0;0;0;0
FR;6;2022-01-10;0;0;0;0;0;0;0;0;0;0;0;0;0;0;0;0;0;0
FR;6;2022-01-11;0;0;0;0;0;0;0;0;0;0;0;0;0;0;0;0;0;0
FR;6;2022-01-12;0;0;0;0;0;0;0;0;0;0;0;0;0;0;0;0;0;0
FR;6;2022-01-13;0;0;0;0;0;0;0;0;0;0;0;0;0;0;0;0;0;0
FR;6;2022-01-14;0;0;0;0;0;0;0;0;0;0;0;0;0;0;0;0;0;0
FR;6;2022-01-15;0;0;0;0;0;0;0;0;0;0;0;0;0;0;0;0;0;0
FR;6;2022-01-16;0;0;0;0;0;0;0;0;0;0;0;0;0;0;0;0;0;0
FR;6;2022-01-17;0;0;0;0;0;0;0;0;0;0;0;0;0;0;0;0;0;0
FR;6;2022-01-18;0;0;0;0;0;0;0;0;0;0;0;0;0;0;0;0;0;0
FR;6;2022-01-19;0;0;0;0;0;0;0;0;0;0;0;0;0;0;0;0;0;0
FR;6;2022-01-20;0;0;0;0;0;0;0;0;0;0;0;0;0;0;0;0;0;0
FR;6;2022-01-21;0;0;0;0;0;0;0;0;0;0;0;0;0;0;0;0;0;0
FR;6;2022-01-22;0;0;0;0;0;0;0;0;0;0;0;0;0;0;0;0;0;0
FR;6;2022-01-23;0;0;0;0;0;0;0;0;0;0;0;0;0;0;0;0;0;0
FR;6;2022-01-24;0;0;0;0;0;0;0;0;0;0;0;0;0;0;0;0;0;0
FR;6;2022-01-25;0;0;0;0;0;0;0;0;0;0;0;0;0;0;0;0;0;0
FR;6;2022-01-26;0;0;0;0;0;0;0;0;0;0;0;0;0;0;0;0;0;0
FR;6;2022-01-27;0;0;0;0;0;0;0;0;0;0;0;0;0;0;0;0;0;0
FR;6;2022-01-28;0;0;0;0;0;0;0;0;0;0;0;0;0;0;0;0;0;0
FR;6;2022-01-29;0;0;0;0;0;0;0;0;0;0;0;0;0;0;0;0;0;0
FR;6;2022-01-30;0;0;0;0;0;0;0;0;0;0;0;0;0;0;0;0;0;0
FR;6;2022-01-31;0;0;0;0;0;0;0;0;0;0;0;0;0;0;0;0;0;0
FR;6;2022-02-01;0;0;0;0;0;0;0;0;0;0;0;0;0;0;0;0;0;0
FR;6;2022-02-02;0;0;0;0;0;0;0;0;0;0;0;0;0;0;0;0;0;0
FR;6;2022-02-03;0;0;0;0;0;0;0;0;0;0;0;0;0;0;0;0;0;0
FR;6;2022-02-04;0;0;0;0;0;0;0;0;0;0;0;0;0;0;0;0;0;0
FR;6;2022-02-05;0;0;0;0;0;0;0;0;0;0;0;0;0;0;0;0;0;0
FR;6;2022-02-06;0;0;0;0;0;0;0;0;0;0;0;0;0;0;0;0;0;0
FR;6;2022-02-07;0;0;0;0;0;0;0;0;0;0;0;0;0;0;0;0;0;0
FR;6;2022-02-08;0;0;0;0;0;0;0;0;0;0;0;0;0;0;0;0;0;0
FR;6;2022-02-09;0;0;0;0;0;0;0;0;0;0;0;0;0;0;0;0;0;0
FR;6;2022-02-10;0;0;0;0;0;0;0;0;0;0;0;0;0;0;0;0;0;0
FR;6;2022-02-11;0;0;0;0;0;0;0;0;0;0;0;0;0;0;0;0;0;0
FR;6;2022-02-12;0;0;0;0;0;0;0;0;0;0;0;0;0;0;0;0;0;0
FR;6;2022-02-13;0;0;0;0;0;0;0;0;0;0;0;0;0;0;0;0;0;0
FR;6;2022-02-14;0;0;0;0;0;0;0;0;0;0;0;0;0;0;0;0;0;0
FR;6;2022-02-15;0;0;0;0;0;0;0;0;0;0;0;0;0;0;0;0;0;0
FR;6;2022-02-16;0;0;0;0;0;0;0;0;0;0;0;0;0;0;0;0;0;0
FR;6;2022-02-17;0;0;0;0;0;0;0;0;0;0;0;0;0;0;0;0;0;0
FR;6;2022-02-18;0;0;0;0;0;0;0;0;0;0;0;0;0;0;0;0;0;0
FR;6;2022-02-19;0;0;0;0;0;0;0;0;0;0;0;0;0;0;0;0;0;0
FR;6;2022-02-20;0;0;0;0;0;0;0;0;0;0;0;0;0;0;0;0;0;0
FR;6;2022-02-21;0;0;0;0;0;0;0;0;0;0;0;0;0;0;0;0;0;0
FR;6;2022-02-22;0;0;0;0;0;0;0;0;0;0;0;0;0;0;0;0;0;0
FR;6;2022-02-23;0;0;0;0;0;0;0;0;0;0;0;0;0;0;0;0;0;0
FR;6;2022-02-24;0;0;0;0;0;0;0;0;0;0;0;0;0;0;0;0;0;0
FR;6;2022-02-25;0;0;0;0;0;0;0;0;0;0;0;0;0;0;0;0;0;0
FR;6;2022-02-26;1;0;0;0;0;0;0;0;0;1;0;0;0;0;0;0;0;0
FR;6;2022-02-27;1;0;0;0;1;0;0;0;0;2;0;0;0;1;0;0;0;0
FR;6;2022-02-28;0;0;0;0;0;0;0;0;0;2;0;0;0;1;0;0;0;0
FR;6;2022-03-01;3;0;0;0;0;0;0;0;0;5;0;0;0;1;0;0;0;0
FR;6;2022-03-02;97;9;2;0;15;7;0;0;0;102;9;2;0;16;7;0;0;0
FR;6;2022-03-03;0;0;0;0;0;0;0;0;0;102;9;2;0;16;7;0;0;0
FR;6;2022-03-04;92;4;0;0;8;4;0;0;0;194;13;2;0;24;11;0;0;0
FR;6;2022-03-05;391;23;2;0;60;14;0;0;0;585;36;4;0;84;25;0;0;0
FR;6;2022-03-06;7;1;0;0;2;0;0;0;0;592;37;4;0;86;25;0;0;0
FR;6;2022-03-07;337;19;0;0;51;13;0;0;0;929;56;4;0;137;38;0;0;0
FR;6;2022-03-08;230;14;0;0;47;5;0;0;0;1159;70;4;0;184;43;0;0;0
FR;6;2022-03-09;519;29;2;0;84;21;1;0;0;1678;99;6;0;268;64;1;0;0
FR;6;2022-03-10;206;19;0;1;54;12;1;0;0;1884;118;6;1;322;76;2;0;0
FR;6;2022-03-11;331;22;6;0;53;21;0;0;0;2215;140;12;1;375;97;2;0;0
FR;6;2022-03-12;518;25;1;0;83;20;0;0;0;2733;165;13;1;458;117;2;0;0
FR;6;2022-03-13;40;2;0;0;2;1;0;0;0;2773;167;13;1;460;118;2;0;0
FR;6;2022-03-14;201;4;2;0;39;3;1;0;0;2974;171;15;1;499;121;3;0;0
FR;6;2022-03-15;112;11;2;0;28;9;0;0;0;3086;182;17;1;527;130;3;0;0
FR;6;2022-03-16;310;17;2;1;49;15;1;0;0;3396;199;19;2;576;145;4;0;0
FR;6;2022-03-17;117;6;1;2;14;4;2;0;0;3513;205;20;4;590;149;6;0;0
FR;6;2022-03-18;215;10;0;0;40;6;0;0;0;3728;215;20;4;630;155;6;0;0
FR;6;2022-03-19;307;19;2;0;90;9;0;0;0;4035;234;22;4;720;164;6;0;0
FR;6;2022-03-20;15;5;0;0;5;1;0;0;0;4050;239;22;4;725;165;6;0;0
FR;6;2022-03-21;132;23;1;0;47;4;0;0;0;4182;262;23;4;772;169;6;0;0
FR;6;2022-03-22;97;15;0;0;34;4;0;0;0;4279;277;23;4;806;173;6;0;0
FR;6;2022-03-23;226;108;3;0;155;14;1;0;0;4505;385;26;4;961;187;7;0;0
FR;6;2022-03-24;100;15;1;3;32;4;3;0;0;4605;400;27;7;993;191;10;0;0
FR;6;2022-03-25;203;141;2;1;179;15;2;0;0;4808;541;29;8;1172;206;12;0;0
FR;6;2022-03-26;331;295;7;1;385;19;1;0;0;5139;836;36;9;1557;225;13;0;0
FR;6;2022-03-27;32;30;1;0;37;1;1;0;0;5171;866;37;9;1594;226;14;0;0
FR;6;2022-03-28;201;208;8;1;234;17;3;0;0;5372;1074;45;10;1828;243;17;0;0
FR;6;2022-03-29;124;189;12;2;206;12;9;0;0;5496;1263;57;12;2034;255;26;0;0
FR;6;2022-03-30;305;476;10;2;548;22;6;0;0;5801;1739;67;14;2582;277;32;0;0
FR;6;2022-03-31;123;140;10;0;160;14;5;0;0;5924;1879;77;14;2742;291;37;0;0
FR;6;2022-04-01;195;150;11;2;178;23;3;0;0;6119;2029;88;16;2920;314;40;0;0
FR;6;2022-04-02;206;241;9;1;280;13;8;0;0;6325;2270;97;17;3200;327;48;0;0
FR;6;2022-04-03;17;21;0;0;26;1;0;0;0;6342;2291;97;17;3226;328;48;0;0
FR;6;2022-04-04;137;114;6;1;131;9;5;0;0;6479;2405;103;18;3357;337;53;0;0
FR;6;2022-04-05;146;88;15;1;105;11;8;0;0;6625;2493;118;19;3462;348;61;0;0
FR;6;2022-04-06;204;245;22;26;291;27;33;0;0;6829;2738;140;45;3753;375;94;0;0
FR;6;2022-04-07;127;96;15;9;115;17;14;0;0;6956;2834;155;54;3868;392;108;0;0
FR;6;2022-04-08;199;171;16;3;214;17;9;0;1;7155;3005;171;57;4082;409;117;0;1
FR;6;2022-04-09;145;139;6;12;171;13;4;0;0;7300;3144;177;69;4253;422;121;0;1
FR;6;2022-04-10;11;20;3;0;26;1;3;0;0;7311;3164;180;69;4279;423;124;0;1
FR;6;2022-04-11;101;106;4;0;129;5;3;0;0;7412;3270;184;69;4408;428;127;0;1
FR;6;2022-04-12;136;75;5;8;114;10;10;0;0;7548;3345;189;77;4522;438;137;0;1
FR;6;2022-04-13;162;175;7;5;208;13;8;0;0;7710;3520;196;82;4730;451;145;0;1
FR;6;2022-04-14;100;103;5;10;121;8;10;0;0;7810;3623;201;92;4851;459;155;0;1
FR;6;2022-04-15;158;149;11;7;167;19;14;0;1;7968;3772;212;99;5018;478;169;0;2
FR;6;2022-04-16;127;132;5;0;162;14;2;0;0;8095;3904;217;99;5180;492;171;0;2
FR;6;2022-04-17;8;9;4;0;10;4;0;0;0;8103;3913;221;99;5190;496;171;0;2
FR;6;2022-04-18;8;15;3;0;14;4;0;0;0;8111;3928;224;99;5204;500;171;0;2
FR;6;2022-04-19;97;112;4;3;130;3;7;0;0;8208;4040;228;102;5334;503;178;0;2
FR;6;2022-04-20;177;227;8;7;269;15;3;0;0;8385;4267;236;109;5603;518;181;0;2
FR;6;2022-04-21;111;93;8;4;110;11;7;0;0;8496;4360;244;113;5713;529;188;0;2
FR;6;2022-04-22;139;160;13;12;189;13;13;0;0;8635;4520;257;125;5902;542;201;0;2
FR;6;2022-04-23;106;129;1;1;161;7;1;0;0;8741;4649;258;126;6063;549;202;0;2
FR;6;2022-04-24;5;21;1;0;22;0;1;0;0;8746;4670;259;126;6085;549;203;0;2
FR;6;2022-04-25;90;128;3;8;151;11;9;0;0;8836;4798;262;134;6236;560;212;0;2
FR;6;2022-04-26;101;128;19;2;151;17;13;0;0;8937;4926;281;136;6387;577;225;0;2
FR;6;2022-04-27;197;159;21;1;222;27;11;0;1;9134;5085;302;137;6609;604;236;0;3
FR;6;2022-04-28;109;87;7;1;123;8;7;0;0;9243;5172;309;138;6732;612;243;0;3
FR;6;2022-04-29;191;169;16;2;215;20;6;0;0;9434;5341;325;140;6947;632;249;0;3
FR;6;2022-04-30;133;125;7;1;168;24;2;0;0;9567;5466;332;141;7115;656;251;0;3
FR;6;2022-05-01;7;6;0;0;8;0;0;0;0;9574;5472;332;141;7123;656;251;0;3
FR;6;2022-05-02;94;65;3;4;88;3;4;0;0;9668;5537;335;145;7211;659;255;0;3
FR;6;2022-05-03;136;93;11;2;125;7;9;0;0;9804;5630;346;147;7336;666;264;0;3
FR;6;2022-05-04;167;118;25;12;161;29;12;0;1;9971;5748;371;159;7497;695;276;0;4
FR;6;2022-05-05;101;70;8;3;97;12;6;0;0;10072;5818;379;162;7594;707;282;0;4
FR;6;2022-05-06;152;110;10;9;155;16;11;0;0;10224;5928;389;171;7749;723;293;0;4
FR;6;2022-05-07;139;93;13;3;136;23;8;0;0;10363;6021;402;174;7885;746;301;0;4
FR;6;2022-05-08;20;8;6;5;16;7;5;0;0;10383;6029;408;179;7901;753;306;0;4
FR;6;2022-05-09;86;78;9;7;95;13;6;0;0;10469;6107;417;186;7996;766;312;0;4
FR;6;2022-05-10;112;80;15;7;110;12;13;0;0;10581;6187;432;193;8106;778;325;0;4
FR;6;2022-05-11;130;124;11;14;163;20;6;0;0;10711;6311;443;207;8269;798;331;0;4
FR;6;2022-05-12;105;76;7;5;96;15;6;0;1;10816;6387;450;212;8365;813;337;0;5
FR;6;2022-05-13;155;97;17;21;137;22;16;0;0;10971;6484;467;233;8502;835;353;0;5
FR;6;2022-05-14;81;60;6;7;84;15;2;0;0;11052;6544;473;240;8586;850;355;0;5
FR;6;2022-05-15;12;7;0;0;14;0;0;0;0;11064;6551;473;240;8600;850;355;0;5
FR;6;2022-05-16;65;54;6;2;69;12;3;0;0;11129;6605;479;242;8669;862;358;0;5
FR;6;2022-05-17;123;77;5;7;92;11;8;0;0;11252;6682;484;249;8761;873;366;0;5
FR;6;2022-05-18;131;116;5;1;158;14;3;0;0;11383;6798;489;250;8919;887;369;0;5
FR;6;2022-05-19;124;57;6;8;96;9;8;0;0;11507;6855;495;258;9015;896;377;0;5
FR;6;2022-05-20;125;115;13;3;151;18;10;0;0;11632;6970;508;261;9166;914;387;0;5
FR;6;2022-05-21;92;69;14;3;93;12;8;0;0;11724;7039;522;264;9259;926;395;0;5
FR;6;2022-05-22;19;12;5;0;21;4;1;0;0;11743;7051;527;264;9280;930;396;0;5
FR;6;2022-05-23;77;72;4;2;90;7;2;0;0;11820;7123;531;266;9370;937;398;0;5
FR;6;2022-05-24;117;98;8;2;131;16;4;0;0;11937;7221;539;268;9501;953;402;0;5
FR;6;2022-05-25;140;129;6;3;171;11;6;0;0;12077;7350;545;271;9672;964;408;0;5
FR;6;2022-05-26;7;9;3;0;5;9;0;0;0;12084;7359;548;271;9677;973;408;0;5
FR;6;2022-05-27;127;105;15;11;136;18;18;0;1;12211;7464;563;282;9813;991;426;0;6
FR;6;2022-05-28;54;75;1;5;89;8;5;0;0;12265;7539;564;287;9902;999;431;0;6
FR;6;2022-05-29;8;10;0;0;10;1;0;0;0;12273;7549;564;287;9912;1000;431;0;6
FR;6;2022-05-30;70;70;7;4;86;4;9;0;0;12343;7619;571;291;9998;1004;440;0;6
FR;6;2022-05-31;87;102;10;2;121;14;7;0;0;12430;7721;581;293;10119;1018;447;0;6
FR;6;2022-06-01;97;89;10;1;111;11;6;0;0;12527;7810;591;294;10230;1029;453;0;6
FR;6;2022-06-02;91;60;6;3;80;9;6;0;0;12618;7870;597;297;10310;1038;459;0;6
FR;6;2022-06-03;126;102;13;7;128;21;8;0;0;12744;7972;610;304;10438;1059;467;0;6
FR;6;2022-06-04;63;51;10;0;64;12;3;0;0;12807;8023;620;304;10502;1071;470;0;6
FR;6;2022-06-05;16;15;2;1;18;4;1;0;0;12823;8038;622;305;10520;1075;471;0;6
FR;6;2022-06-06;9;6;0;0;8;0;0;0;0;12832;8044;622;305;10528;1075;471;0;6
FR;6;2022-06-07;79;90;3;4;117;8;6;0;0;12911;8134;625;309;10645;1083;477;0;6
FR;6;2022-06-08;92;110;13;5;130;20;6;0;0;13003;8244;638;314;10775;1103;483;0;6
FR;6;2022-06-09;75;81;15;3;106;15;8;0;0;13078;8325;653;317;10881;1118;491;0;6
FR;6;2022-06-10;116;93;26;10;120;22;13;0;0;13194;8418;679;327;11001;1140;504;0;6
FR;6;2022-06-11;83;62;6;10;82;12;11;0;0;13277;8480;685;337;11083;1152;515;0;6
FR;6;2022-06-12;6;14;1;0;16;2;0;0;0;13283;8494;686;337;11099;1154;515;0;6
FR;6;2022-06-13;74;59;18;1;68;7;4;0;0;13357;8553;704;338;11167;1161;519;0;6
FR;6;2022-06-14;98;100;8;5;116;16;8;0;0;13455;8653;712;343;11283;1177;527;0;6
FR;6;2022-06-15;80;86;7;8;114;15;10;0;0;13535;8739;719;351;11397;1192;537;0;6
FR;6;2022-06-16;53;40;11;7;45;14;6;0;0;13588;8779;730;358;11442;1206;543;0;6
FR;6;2022-06-17;86;85;3;13;109;11;5;0;0;13674;8864;733;371;11551;1217;548;0;6
FR;6;2022-06-18;71;62;13;0;88;21;1;0;0;13745;8926;746;371;11639;1238;549;0;6
FR;6;2022-06-19;6;6;3;0;7;4;1;0;0;13751;8932;749;371;11646;1242;550;0;6
FR;6;2022-06-20;42;41;4;1;55;6;1;0;0;13793;8973;753;372;11701;1248;551;0;6
FR;6;2022-06-21;59;73;10;7;83;17;7;0;0;13852;9046;763;379;11784;1265;558;0;6
FR;6;2022-06-22;86;85;8;2;98;17;3;0;0;13938;9131;771;381;11882;1282;561;0;6
FR;6;2022-06-23;64;39;13;7;41;15;10;0;0;14002;9170;784;388;11923;1297;571;0;6
FR;6;2022-06-24;77;85;7;14;95;20;16;0;0;14079;9255;791;402;12018;1317;587;0;6
FR;6;2022-06-25;67;61;4;3;77;8;5;0;0;14146;9316;795;405;12095;1325;592;0;6
FR;6;2022-06-26;6;7;1;0;10;1;0;0;0;14152;9323;796;405;12105;1326;592;0;6
FR;6;2022-06-27;51;50;4;9;62;12;7;0;0;14203;9373;800;414;12167;1338;599;0;6
FR;6;2022-06-28;68;47;6;3;53;15;5;0;0;14271;9420;806;417;12220;1353;604;0;6
FR;6;2022-06-29;98;117;26;37;115;19;35;0;5;14369;9537;832;454;12335;1372;639;0;11
FR;6;2022-06-30;84;60;33;10;61;12;7;0;0;14453;9597;865;464;12396;1384;646;0;11
FR;6;2022-07-01;115;94;25;33;102;18;27;0;1;14568;9691;890;497;12498;1402;673;0;12
FR;6;2022-07-02;58;67;26;2;64;37;6;0;0;14626;9758;916;499;12562;1439;679;0;12
FR;6;2022-07-03;11;4;4;3;5;4;3;0;0;14637;9762;920;502;12567;1443;682;0;12
FR;6;2022-07-04;61;43;3;23;55;13;20;0;0;14698;9805;923;525;12622;1456;702;0;12
FR;6;2022-07-05;65;53;19;67;60;27;63;0;0;14763;9858;942;592;12682;1483;765;0;12
FR;6;2022-07-06;94;64;7;11;78;12;17;0;0;14857;9922;949;603;12760;1495;782;0;12
FR;6;2022-07-07;99;79;42;37;99;14;34;0;4;14956;10001;991;640;12859;1509;816;0;16
FR;6;2022-07-08;139;87;42;27;115;10;25;0;3;15095;10088;1033;667;12974;1519;841;0;19
FR;6;2022-07-09;53;51;16;29;51;27;33;0;1;15148;10139;1049;696;13025;1546;874;0;20
FR;6;2022-07-10;3;7;8;0;9;9;0;0;0;15151;10146;1057;696;13034;1555;874;0;20
FR;6;2022-07-11;54;44;5;4;47;12;4;0;0;15205;10190;1062;700;13081;1567;878;0;20
FR;6;2022-07-12;70;72;12;23;87;12;27;0;0;15275;10262;1074;723;13168;1579;905;0;20
FR;6;2022-07-13;84;65;14;21;71;25;22;0;0;15359;10327;1088;744;13239;1604;927;0;20
FR;6;2022-07-14;4;3;1;0;4;1;0;0;0;15363;10330;1089;744;13243;1605;927;0;20
FR;6;2022-07-15;74;59;9;57;85;16;45;0;0;15437;10389;1098;801;13328;1621;972;0;20
FR;6;2022-07-16;27;31;17;0;37;17;3;0;0;15464;10420;1115;801;13365;1638;975;0;20
FR;6;2022-07-17;3;7;0;0;8;0;0;0;0;15467;10427;1115;801;13373;1638;975;0;20
FR;6;2022-07-18;37;62;11;14;60;15;14;0;6;15504;10489;1126;815;13433;1653;989;0;26
FR;6;2022-07-19;54;48;4;19;60;6;21;0;1;15558;10537;1130;834;13493;1659;1010;0;27
FR;6;2022-07-20;53;70;7;22;75;11;27;0;0;15611;10607;1137;856;13568;1670;1037;0;27
FR;6;2022-07-21;51;61;4;7;56;11;9;0;0;15662;10668;1141;863;13624;1681;1046;0;27
FR;6;2022-07-22;55;74;7;26;82;8;16;0;2;15717;10742;1148;889;13706;1689;1062;0;29
FR;6;2022-07-23;38;40;6;10;40;6;9;0;1;15755;10782;1154;899;13746;1695;1071;0;30
FR;6;2022-07-24;11;14;1;3;19;3;3;0;0;15766;10796;1155;902;13765;1698;1074;0;30
FR;6;2022-07-25;60;44;8;12;41;9;13;0;1;15826;10840;1163;914;13806;1707;1087;0;31
FR;6;2022-07-26;47;64;14;6;62;10;13;0;0;15873;10904;1177;920;13868;1717;1100;0;31
FR;6;2022-07-27;54;78;15;11;80;18;15;0;8;15927;10982;1192;931;13948;1735;1115;0;39
FR;6;2022-07-28;30;48;4;6;50;8;7;0;1;15957;11030;1196;937;13998;1743;1122;0;40
FR;6;2022-07-29;43;71;10;38;60;24;36;0;1;16000;11101;1206;975;14058;1767;1158;0;41
FR;6;2022-07-30;26;48;4;15;49;7;15;0;0;16026;11149;1210;990;14107;1774;1173;0;41
FR;6;2022-07-31;0;1;1;0;1;0;1;0;0;16026;11150;1211;990;14108;1774;1174;0;41
FR;6;2022-08-01;39;36;14;8;32;10;6;0;1;16065;11186;1225;998;14140;1784;1180;0;42
FR;6;2022-08-02;37;46;10;14;52;6;16;0;0;16102;11232;1235;1012;14192;1790;1196;0;42
FR;6;2022-08-03;29;52;7;16;53;11;19;0;0;16131;11284;1242;1028;14245;1801;1215;0;42
FR;6;2022-08-04;25;21;4;9;20;6;10;0;1;16156;11305;1246;1037;14265;1807;1225;0;43
FR;6;2022-08-05;43;45;1;7;54;5;7;0;0;16199;11350;1247;1044;14319;1812;1232;0;43
FR;6;2022-08-06;17;27;1;3;33;2;4;0;0;16216;11377;1248;1047;14352;1814;1236;0;43
FR;6;2022-08-07;1;2;0;0;2;0;0;0;0;16217;11379;1248;1047;14354;1814;1236;0;43
FR;6;2022-08-08;24;33;1;0;40;1;0;0;0;16241;11412;1249;1047;14394;1815;1236;0;43
FR;6;2022-08-09;22;30;6;3;29;3;3;0;0;16263;11442;1255;1050;14423;1818;1239;0;43
FR;6;2022-08-10;32;36;5;9;38;5;9;0;5;16295;11478;1260;1059;14461;1823;1248;0;48
FR;6;2022-08-11;32;33;1;1;40;1;0;0;1;16327;11511;1261;1060;14501;1824;1248;0;49
FR;6;2022-08-12;50;44;6;2;50;15;3;0;1;16377;11555;1267;1062;14551;1839;1251;0;50
FR;6;2022-08-13;9;20;0;0;22;1;0;0;0;16386;11575;1267;1062;14573;1840;1251;0;50
FR;6;2022-08-14;3;1;0;0;2;0;0;0;0;16389;11576;1267;1062;14575;1840;1251;0;50
FR;6;2022-08-15;2;3;1;0;4;0;1;0;0;16391;11579;1268;1062;14579;1840;1252;0;50
FR;6;2022-08-16;35;66;21;7;66;7;2;0;0;16426;11645;1289;1069;14645;1847;1254;0;50
FR;6;2022-08-17;32;44;10;9;41;10;6;0;7;16458;11689;1299;1078;14686;1857;1260;0;57
FR;6;2022-08-18;29;55;14;4;61;4;0;0;1;16487;11744;1313;1082;14747;1861;1260;0;58
FR;6;2022-08-19;30;45;5;4;47;3;2;0;1;16517;11789;1318;1086;14794;1864;1262;0;59
FR;6;2022-08-20;26;28;3;0;27;8;1;0;0;16543;11817;1321;1086;14821;1872;1263;0;59
FR;6;2022-08-21;1;5;2;0;5;0;0;0;0;16544;11822;1323;1086;14826;1872;1263;0;59
FR;6;2022-08-22;20;42;15;1;45;0;0;0;0;16564;11864;1338;1087;14871;1872;1263;0;59
FR;6;2022-08-23;34;45;6;7;47;6;4;0;2;16598;11909;1344;1094;14918;1878;1267;0;61
FR;6;2022-08-24;34;30;6;3;36;6;2;0;3;16632;11939;1350;1097;14954;1884;1269;0;64
FR;6;2022-08-25;25;27;1;1;29;5;1;0;0;16657;11966;1351;1098;14983;1889;1270;0;64
FR;6;2022-08-26;38;44;4;4;51;7;7;0;0;16695;12010;1355;1102;15034;1896;1277;0;64
FR;6;2022-08-27;19;21;7;3;22;8;4;0;0;16714;12031;1362;1105;15056;1904;1281;0;64
FR;6;2022-08-28;6;3;0;6;3;1;1;0;4;16720;12034;1362;1111;15059;1905;1282;0;68
FR;6;2022-08-29;26;22;2;6;29;3;6;0;0;16746;12056;1364;1117;15088;1908;1288;0;68
FR;6;2022-08-30;28;35;4;12;33;8;13;0;0;16774;12091;1368;1129;15121;1916;1301;0;68
FR;6;2022-08-31;35;38;2;11;46;3;12;0;0;16809;12129;1370;1140;15167;1919;1313;0;68
FR;6;2022-09-01;17;11;5;1;13;4;3;0;0;16826;12140;1375;1141;15180;1923;1316;0;68
FR;6;2022-09-02;19;14;2;1;13;3;2;0;0;16845;12154;1377;1142;15193;1926;1318;0;68
FR;6;2022-09-03;10;3;1;5;4;2;5;0;0;16855;12157;1378;1147;15197;1928;1323;0;68
FR;6;2022-09-04;4;1;0;0;1;0;0;0;0;16859;12158;1378;1147;15198;1928;1323;0;68
FR;6;2022-09-05;8;7;0;0;10;0;0;0;0;16867;12165;1378;1147;15208;1928;1323;0;68
FR;6;2022-09-06;7;9;7;12;8;6;15;0;0;16874;12174;1385;1159;15216;1934;1338;0;68
FR;6;2022-09-07;3;8;1;0;8;1;0;0;0;16877;12182;1386;1159;15224;1935;1338;0;68
FR;6;2022-09-08;6;4;0;2;3;1;2;0;0;16883;12186;1386;1161;15227;1936;1340;0;68
FR;6;2022-09-09;7;9;2;7;9;3;8;0;0;16890;12195;1388;1168;15236;1939;1348;0;68
FR;6;2022-09-10;3;4;1;0;3;1;1;0;0;16893;12199;1389;1168;15239;1940;1349;0;68
FR;6;2022-09-11;1;3;0;0;3;0;0;0;0;16894;12202;1389;1168;15242;1940;1349;0;68
FR;6;2022-09-12;10;4;1;0;3;3;0;0;0;16904;12206;1390;1168;15245;1943;1349;0;68
FR;6;2022-09-13;7;2;3;0;2;2;2;0;0;16911;12208;1393;1168;15247;1945;1351;0;68
FR;6;2022-09-14;9;8;2;0;7;4;0;0;0;16920;12216;1395;1168;15254;1949;1351;0;68
FR;6;2022-09-15;8;13;5;5;9;9;3;0;2;16928;12229;1400;1173;15263;1958;1354;0;70
FR;6;2022-09-16;25;39;1;1;47;4;1;0;2;16953;12268;1401;1174;15310;1962;1355;0;72
FR;6;2022-09-17;24;22;0;6;24;5;3;0;2;16977;12290;1401;1180;15334;1967;1358;0;74
FR;6;2022-09-18;5;4;0;0;4;1;0;0;0;16982;12294;1401;1180;15338;1968;1358;0;74
FR;6;2022-09-19;30;30;2;1;32;5;1;0;0;17012;12324;1403;1181;15370;1973;1359;0;74
FR;6;2022-09-20;34;25;1;4;30;6;2;0;1;17046;12349;1404;1185;15400;1979;1361;0;75
FR;6;2022-09-21;21;9;3;3;7;7;5;0;3;17067;12358;1407;1188;15407;1986;1366;0;78
FR;6;2022-09-22;19;28;1;22;32;3;21;0;1;17086;12386;1408;1210;15439;1989;1387;0;79
FR;6;2022-09-23;28;41;5;9;47;9;2;0;0;17114;12427;1413;1219;15486;1998;1389;0;79
FR;6;2022-09-24;16;16;4;2;21;6;2;0;0;17130;12443;1417;1221;15507;2004;1391;0;79
FR;6;2022-09-25;3;14;0;0;14;1;0;0;0;17133;12457;1417;1221;15521;2005;1391;0;79
FR;6;2022-09-26;16;13;0;18;12;5;18;0;2;17149;12470;1417;1239;15533;2010;1409;0;81
FR;6;2022-09-27;32;19;2;3;23;4;4;0;0;17181;12489;1419;1242;15556;2014;1413;0;81
FR;6;2022-09-28;27;10;9;11;16;5;17;0;2;17208;12499;1428;1253;15572;2019;1430;0;83
FR;6;2022-09-29;13;13;10;34;16;6;33;0;7;17221;12512;1438;1287;15588;2025;1463;0;90
FR;6;2022-09-30;34;24;5;6;33;5;3;0;0;17255;12536;1443;1293;15621;2030;1466;0;90
FR;6;2022-10-01;17;12;5;8;9;8;8;0;2;17272;12548;1448;1301;15630;2038;1474;0;92
FR;6;2022-10-02;4;0;0;0;1;0;0;0;0;17276;12548;1448;1301;15631;2038;1474;0;92
FR;6;2022-10-03;11;10;3;5;11;4;6;0;0;17287;12558;1451;1306;15642;2042;1480;0;92
FR;6;2022-10-04;19;17;4;28;21;3;30;0;3;17306;12575;1455;1334;15663;2045;1510;0;95
FR;6;2022-10-05;11;12;3;2;9;7;4;0;0;17317;12587;1458;1336;15672;2052;1514;0;95
FR;6;2022-10-06;19;13;4;6;17;2;10;0;0;17336;12600;1462;1342;15689;2054;1524;0;95
FR;6;2022-10-07;27;26;5;24;24;11;16;0;5;17363;12626;1467;1366;15713;2065;1540;0;100
FR;6;2022-10-08;18;13;0;0;16;0;0;0;0;17381;12639;1467;1366;15729;2065;1540;0;100
FR;6;2022-10-09;7;3;4;27;3;4;30;0;6;17388;12642;1471;1393;15732;2069;1570;0;106
FR;6;2022-10-10;15;14;1;16;16;6;13;0;0;17403;12656;1472;1409;15748;2075;1583;0;106
FR;6;2022-10-11;21;23;3;11;22;8;13;0;3;17424;12679;1475;1420;15770;2083;1596;0;109
FR;6;2022-10-12;20;16;7;19;18;3;24;0;7;17444;12695;1482;1439;15788;2086;1620;0;116
FR;6;2022-10-13;28;15;2;36;23;0;38;0;6;17472;12710;1484;1475;15811;2086;1658;0;122
FR;6;2022-10-14;29;23;5;49;23;11;45;0;13;17501;12733;1489;1524;15834;2097;1703;0;135
FR;6;2022-10-15;13;9;0;22;8;4;21;0;6;17514;12742;1489;1546;15842;2101;1724;0;141
FR;6;2022-10-16;4;5;0;6;2;3;6;0;0;17518;12747;1489;1552;15844;2104;1730;0;141
FR;6;2022-10-17;14;14;2;10;14;1;12;0;2;17532;12761;1491;1562;15858;2105;1742;0;143
FR;6;2022-10-18;12;19;9;26;19;4;18;0;11;17544;12780;1500;1588;15877;2109;1760;0;154
FR;6;2022-10-19;10;20;6;16;20;5;19;0;5;17554;12800;1506;1604;15897;2114;1779;0;159
FR;6;2022-10-20;16;15;12;57;19;5;67;0;13;17570;12815;1518;1661;15916;2119;1846;0;172
FR;6;2022-10-21;16;21;9;34;22;11;37;0;10;17586;12836;1527;1695;15938;2130;1883;0;182
FR;6;2022-10-22;19;14;1;4;17;3;4;0;0;17605;12850;1528;1699;15955;2133;1887;0;182
FR;6;2022-10-23;3;3;1;0;4;0;1;0;0;17608;12853;1529;1699;15959;2133;1888;0;182
FR;6;2022-10-24;12;14;2;7;14;6;5;0;2;17620;12867;1531;1706;15973;2139;1893;0;184
FR;6;2022-10-25;20;13;6;17;16;7;19;0;4;17640;12880;1537;1723;15989;2146;1912;0;188
FR;6;2022-10-26;17;9;4;13;12;4;15;0;5;17657;12889;1541;1736;16001;2150;1927;0;193
FR;6;2022-10-27;20;7;8;37;10;6;36;0;14;17677;12896;1549;1773;16011;2156;1963;0;207
FR;6;2022-10-28;21;27;3;4;28;6;5;0;1;17698;12923;1552;1777;16039;2162;1968;0;208
FR;6;2022-10-29;7;11;5;11;10;6;14;0;12;17705;12934;1557;1788;16049;2168;1982;0;220
FR;6;2022-10-30;2;5;0;0;5;0;0;0;0;17707;12939;1557;1788;16054;2168;1982;0;220
FR;6;2022-10-31;20;14;2;13;17;4;12;0;3;17727;12953;1559;1801;16071;2172;1994;0;223
FR;6;2022-11-01;2;1;1;0;1;1;0;0;0;17729;12954;1560;1801;16072;2173;1994;0;223
FR;6;2022-11-02;15;25;9;21;26;11;19;0;12;17744;12979;1569;1822;16098;2184;2013;0;235
FR;6;2022-11-03;17;17;11;39;20;8;43;0;9;17761;12996;1580;1861;16118;2192;2056;0;244
FR;6;2022-11-04;19;22;9;16;27;5;16;0;10;17780;13018;1589;1877;16145;2197;2072;0;254
FR;6;2022-11-05;9;16;2;4;17;4;6;0;0;17789;13034;1591;1881;16162;2201;2078;0;254
FR;6;2022-11-06;5;1;0;0;1;0;0;0;0;17794;13035;1591;1881;16163;2201;2078;0;254
FR;6;2022-11-07;18;10;6;17;12;4;18;0;11;17812;13045;1597;1898;16175;2205;2096;0;265
FR;6;2022-11-08;18;10;2;3;8;5;5;0;4;17830;13055;1599;1901;16183;2210;2101;0;269
FR;6;2022-11-09;16;22;1;6;21;4;5;0;4;17846;13077;1600;1907;16204;2214;2106;0;273
FR;6;2022-11-10;10;10;4;12;8;5;11;0;10;17856;13087;1604;1919;16212;2219;2117;0;283
FR;6;2022-11-11;4;1;0;0;1;1;0;0;0;17860;13088;1604;1919;16213;2220;2117;0;283
FR;6;2022-11-12;4;11;1;7;11;2;5;0;9;17864;13099;1605;1926;16224;2222;2122;0;292
FR;6;2022-11-13;1;1;0;1;1;0;1;0;0;17865;13100;1605;1927;16225;2222;2123;0;292
FR;6;2022-11-14;13;10;7;32;14;8;33;0;14;17878;13110;1612;1959;16239;2230;2156;0;306
FR;6;2022-11-15;7;18;1;11;16;4;7;0;2;17885;13128;1613;1970;16255;2234;2163;0;308
FR;6;2022-11-16;16;15;9;32;16;3;42;0;9;17901;13143;1622;2002;16271;2237;2205;0;317
FR;6;2022-11-17;10;8;1;29;8;2;28;0;5;17911;13151;1623;2031;16279;2239;2233;0;322
FR;6;2022-11-18;19;12;5;23;17;4;25;0;7;17930;13163;1628;2054;16296;2243;2258;0;329
FR;6;2022-11-19;5;13;0;2;11;3;2;0;1;17935;13176;1628;2056;16307;2246;2260;0;330
FR;6;2022-11-20;2;1;2;0;1;2;0;0;0;17937;13177;1630;2056;16308;2248;2260;0;330
FR;6;2022-11-21;22;13;1;14;14;6;11;0;3;17959;13190;1631;2070;16322;2254;2271;0;333
FR;6;2022-11-22;14;9;0;4;11;1;3;0;1;17973;13199;1631;2074;16333;2255;2274;0;334
FR;6;2022-11-23;14;15;15;23;17;9;31;0;8;17987;13214;1646;2097;16350;2264;2305;0;342
FR;6;2022-11-24;14;17;1;13;19;5;12;0;7;18001;13231;1647;2110;16369;2269;2317;0;349
FR;6;2022-11-25;23;15;5;50;15;5;47;0;5;18024;13246;1652;2160;16384;2274;2364;0;354
FR;6;2022-11-26;9;5;2;4;3;2;5;0;1;18033;13251;1654;2164;16387;2276;2369;0;355
FR;6;2022-11-27;1;4;0;0;4;0;0;0;0;18034;13255;1654;2164;16391;2276;2369;0;355
FR;6;2022-11-28;9;11;6;22;11;3;24;0;11;18043;13266;1660;2186;16402;2279;2393;0;366
FR;6;2022-11-29;15;10;1;12;14;1;8;0;7;18058;13276;1661;2198;16416;2280;2401;0;373
FR;6;2022-11-30;18;20;8;23;19;12;22;0;8;18076;13296;1669;2221;16435;2292;2423;0;381
FR;6;2022-12-01;12;9;7;20;11;4;24;0;9;18088;13305;1676;2241;16446;2296;2447;0;390
FR;6;2022-12-02;17;9;12;36;12;8;42;0;1;18105;13314;1688;2277;16458;2304;2489;0;391
FR;6;2022-12-03;13;3;13;20;6;5;28;0;13;18118;13317;1701;2297;16464;2309;2517;0;404
FR;6;2022-12-04;3;1;0;2;1;0;2;0;0;18121;13318;1701;2299;16465;2309;2519;0;404
FR;6;2022-12-05;11;10;7;16;10;4;19;0;8;18132;13328;1708;2315;16475;2313;2538;0;412
FR;6;2022-12-06;10;19;3;30;12;11;28;0;3;18142;13347;1711;2345;16487;2324;2566;0;415
FR;6;2022-12-07;17;8;10;56;10;8;57;0;30;18159;13355;1721;2401;16497;2332;2623;0;445
FR;6;2022-12-08;9;13;8;19;11;7;21;0;13;18168;13368;1729;2420;16508;2339;2644;0;458
FR;6;2022-12-09;15;9;5;29;12;4;30;0;6;18183;13377;1734;2449;16520;2343;2674;0;464
FR;6;2022-12-10;12;9;6;9;7;4;14;0;7;18195;13386;1740;2458;16527;2347;2688;0;471
FR;6;2022-12-11;4;2;1;0;2;1;0;0;0;18199;13388;1741;2458;16529;2348;2688;0;471
FR;6;2022-12-12;17;10;8;36;14;9;33;0;17;18216;13398;1749;2494;16543;2357;2721;0;488
FR;6;2022-12-13;17;21;12;66;16;18;65;0;14;18233;13419;1761;2560;16559;2375;2786;0;502
FR;6;2022-12-14;14;13;8;53;11;12;53;0;14;18247;13432;1769;2613;16570;2387;2839;0;516
FR;6;2022-12-15;12;15;14;38;13;9;44;0;9;18259;13447;1783;2651;16583;2396;2883;0;525
FR;6;2022-12-16;18;14;15;39;15;14;39;0;13;18277;13461;1798;2690;16598;2410;2922;0;538
FR;6;2022-12-17;11;10;15;28;9;15;29;0;8;18288;13471;1813;2718;16607;2425;2951;0;546
FR;6;2022-12-18;7;4;0;2;5;0;2;0;0;18295;13475;1813;2720;16612;2425;2953;0;546
FR;6;2022-12-19;12;8;9;29;8;12;29;0;15;18307;13483;1822;2749;16620;2437;2982;0;561
FR;6;2022-12-20;17;23;11;23;17;19;22;0;21;18324;13506;1833;2772;16637;2456;3004;0;582
FR;6;2022-12-21;23;16;9;19;13;13;17;0;5;18347;13522;1842;2791;16650;2469;3021;0;587
FR;6;2022-12-22;13;14;9;21;15;13;18;0;11;18360;13536;1851;2812;16665;2482;3039;0;598
FR;6;2022-12-23;10;19;12;7;14;18;7;0;3;18370;13555;1863;2819;16679;2500;3046;0;601
FR;6;2022-12-24;4;5;3;1;5;2;2;0;1;18374;13560;1866;2820;16684;2502;3048;0;602
FR;6;2022-12-25;0;0;0;0;0;0;0;0;0;18374;13560;1866;2820;16684;2502;3048;0;602
FR;6;2022-12-26;8;12;12;11;10;18;11;0;3;18382;13572;1878;2831;16694;2520;3059;0;605
FR;6;2022-12-27;16;13;15;8;11;19;8;0;0;18398;13585;1893;2839;16705;2539;3067;0;605
FR;6;2022-12-28;15;19;6;8;19;9;9;0;4;18413;13604;1899;2847;16724;2548;3076;0;609
FR;6;2022-12-29;15;12;7;8;10;9;9;0;7;18428;13616;1906;2855;16734;2557;3085;0;616
FR;6;2022-12-30;20;19;13;8;20;13;11;0;4;18448;13635;1919;2863;16754;2570;3096;0;620
FR;6;2022-12-31;5;2;6;1;4;7;1;0;1;18453;13637;1925;2864;16758;2577;3097;0;621
FR;6;2023-01-01;2;1;0;3;0;3;0;0;1;18455;13638;1925;2867;16758;2580;3097;0;622
FR;6;2023-01-02;9;14;2;3;10;7;3;0;0;18464;13652;1927;2870;16768;2587;3100;0;622
FR;6;2023-01-03;8;17;9;21;17;9;21;0;7;18472;13669;1936;2891;16785;2596;3121;0;629
FR;6;2023-01-04;9;10;4;10;9;8;6;0;14;18481;13679;1940;2901;16794;2604;3127;0;643
FR;6;2023-01-05;11;11;6;23;10;3;26;0;8;18492;13690;1946;2924;16804;2607;3153;0;651
FR;6;2023-01-06;16;24;15;30;21;17;29;0;15;18508;13714;1961;2954;16825;2624;3182;0;666
FR;6;2023-01-07;9;19;4;1;10;13;3;0;1;18517;13733;1965;2955;16835;2637;3185;0;667
FR;6;2023-01-08;2;7;4;11;6;4;11;0;3;18519;13740;1969;2966;16841;2641;3196;0;670
FR;6;2023-01-09;16;10;5;35;9;8;34;0;17;18535;13750;1974;3001;16850;2649;3230;0;687
FR;6;2023-01-10;13;15;13;23;13;10;26;0;9;18548;13765;1987;3024;16863;2659;3256;0;696
FR;6;2023-01-11;15;14;5;16;18;6;14;0;12;18563;13779;1992;3040;16881;2665;3270;0;708
FR;6;2023-01-12;7;13;2;5;10;3;5;0;12;18570;13792;1994;3045;16891;2668;3275;0;720
FR;6;2023-01-13;20;14;18;43;15;20;43;0;31;18590;13806;2012;3088;16906;2688;3318;0;751
FR;6;2023-01-14;20;8;6;2;9;9;2;0;0;18610;13814;2018;3090;16915;2697;3320;0;751
FR;6;2023-01-15;0;0;1;3;0;1;3;0;0;18610;13814;2019;3093;16915;2698;3323;0;751
FR;6;2023-01-16;22;12;2;1;10;6;3;0;2;18632;13826;2021;3094;16925;2704;3326;0;753
FR;6;2023-01-17;8;17;12;8;17;11;14;0;5;18640;13843;2033;3102;16942;2715;3340;0;758
FR;6;2023-01-18;22;15;9;7;17;10;8;0;1;18662;13858;2042;3109;16959;2725;3348;0;759
FR;6;2023-01-19;9;9;14;9;11;12;13;0;7;18671;13867;2056;3118;16970;2737;3361;0;766
FR;6;2023-01-20;17;13;9;32;15;7;34;0;27;18688;13880;2065;3150;16985;2744;3395;0;793
FR;6;2023-01-21;12;7;5;2;6;8;3;0;1;18700;13887;2070;3152;16991;2752;3398;0;794
FR;6;2023-01-22;0;0;1;1;0;1;1;0;0;18700;13887;2071;3153;16991;2753;3399;0;794
FR;6;2023-01-23;9;9;5;11;8;5;11;0;3;18709;13896;2076;3164;16999;2758;3410;0;797
FR;6;2023-01-24;14;15;15;13;15;14;18;0;6;18723;13911;2091;3177;17014;2772;3428;0;803
FR;6;2023-01-25;15;7;5;3;6;6;4;0;4;18738;13918;2096;3180;17020;2778;3432;0;807
FR;6;2023-01-26;13;15;3;11;12;8;13;0;9;18751;13933;2099;3191;17032;2786;3445;0;816
FR;6;2023-01-27;21;17;7;34;22;7;29;0;29;18772;13950;2106;3225;17054;2793;3474;0;845
FR;6;2023-01-28;15;15;7;4;17;6;5;0;1;18787;13965;2113;3229;17071;2799;3479;0;846
FR;6;2023-01-29;1;4;0;0;3;1;0;0;0;18788;13969;2113;3229;17074;2800;3479;0;846
FR;6;2023-01-30;2;15;8;4;15;8;3;0;8;18790;13984;2121;3233;17089;2808;3482;0;854
FR;6;2023-01-31;9;8;5;8;8;5;8;0;5;18799;13992;2126;3241;17097;2813;3490;0;859
FR;6;2023-02-01;20;18;4;4;17;4;8;0;4;18819;14010;2130;3245;17114;2817;3498;0;863
FR;6;2023-02-02;8;10;9;1;10;10;1;0;1;18827;14020;2139;3246;17124;2827;3499;0;864
FR;6;2023-02-03;16;15;11;18;15;11;19;0;13;18843;14035;2150;3264;17139;2838;3518;0;877
FR;6;2023-02-04;6;9;9;7;11;9;8;0;2;18849;14044;2159;3271;17150;2847;3526;0;879
FR;6;2023-02-05;0;0;0;4;0;0;4;0;0;18849;14044;2159;3275;17150;2847;3530;0;879
FR;6;2023-02-06;10;16;1;4;15;5;4;0;0;18859;14060;2160;3279;17165;2852;3534;0;879
FR;6;2023-02-07;8;9;4;8;9;7;7;0;3;18867;14069;2164;3287;17174;2859;3541;0;882
FR;6;2023-02-08;7;3;3;2;2;6;1;0;1;18874;14072;2167;3289;17176;2865;3542;0;883
FR;6;2023-02-09;6;11;1;6;8;8;2;0;2;18880;14083;2168;3295;17184;2873;3544;0;885
FR;6;2023-02-10;13;21;6;12;15;15;11;0;2;18893;14104;2174;3307;17199;2888;3555;0;887
FR;6;2023-02-11;12;8;7;4;9;3;9;0;5;18905;14112;2181;3311;17208;2891;3564;0;892
FR;6;2023-02-12;0;1;0;0;1;0;0;0;0;18905;14113;2181;3311;17209;2891;3564;0;892
FR;6;2023-02-13;5;6;0;0;6;1;0;0;0;18910;14119;2181;3311;17215;2892;3564;0;892
FR;6;2023-02-14;12;13;3;15;15;4;14;0;0;18922;14132;2184;3326;17230;2896;3578;0;892
FR;6;2023-02-15;8;11;3;2;11;2;2;0;4;18930;14143;2187;3328;17241;2898;3580;0;896
FR;6;2023-02-16;17;8;1;3;18;1;3;0;4;18947;14151;2188;3331;17259;2899;3583;0;900
FR;6;2023-02-17;9;15;3;9;12;8;9;0;5;18956;14166;2191;3340;17271;2907;3592;0;905
FR;6;2023-02-18;10;6;1;1;7;1;1;0;0;18966;14172;2192;3341;17278;2908;3593;0;905
FR;6;2023-02-19;0;0;0;0;0;0;0;0;0;18966;14172;2192;3341;17278;2908;3593;0;905
FR;6;2023-02-20;10;8;3;2;9;5;1;0;0;18976;14180;2195;3343;17287;2913;3594;0;905
FR;6;2023-02-21;9;8;8;5;6;7;8;0;1;18985;14188;2203;3348;17293;2920;3602;0;906
FR;6;2023-02-22;4;13;1;3;13;3;3;0;5;18989;14201;2204;3351;17306;2923;3605;0;911
FR;6;2023-02-23;7;11;6;2;10;6;4;0;1;18996;14212;2210;3353;17316;2929;3609;0;912
FR;6;2023-02-24;9;13;5;21;15;4;19;0;15;19005;14225;2215;3374;17331;2933;3628;0;927
FR;6;2023-02-25;4;5;1;1;6;1;1;0;0;19009;14230;2216;3375;17337;2934;3629;0;927
FR;6;2023-02-26;0;1;0;0;0;1;0;0;0;19009;14231;2216;3375;17337;2935;3629;0;927
FR;6;2023-02-27;10;8;3;1;3;9;0;0;2;19019;14239;2219;3376;17340;2944;3629;0;929
FR;6;2023-02-28;3;8;4;4;9;3;6;0;0;19022;14247;2223;3380;17349;2947;3635;0;929
FR;6;2023-03-01;6;10;3;2;10;4;2;0;0;19028;14257;2226;3382;17359;2951;3637;0;929
FR;6;2023-03-02;8;7;1;3;7;3;2;0;5;19036;14264;2227;3385;17366;2954;3639;0;934
FR;6;2023-03-03;14;12;5;7;11;9;6;0;7;19050;14276;2232;3392;17377;2963;3645;0;941
FR;6;2023-03-04;8;14;1;0;13;3;0;0;0;19058;14290;2233;3392;17390;2966;3645;0;941
FR;6;2023-03-05;4;0;0;0;0;0;0;0;0;19062;14290;2233;3392;17390;2966;3645;0;941
FR;6;2023-03-06;8;12;0;1;11;2;0;0;1;19070;14302;2233;3393;17401;2968;3645;0;942
FR;6;2023-03-07;4;6;0;1;4;3;0;0;5;19074;14308;2233;3394;17405;2971;3645;0;947
FR;6;2023-03-08;3;7;2;0;7;2;0;0;0;19077;14315;2235;3394;17412;2973;3645;0;947
FR;6;2023-03-09;7;6;0;1;6;2;1;0;0;19084;14321;2235;3395;17418;2975;3646;0;947
FR;6;2023-03-10;9;9;2;9;9;2;9;0;9;19093;14330;2237;3404;17427;2977;3655;0;956
FR;6;2023-03-11;13;12;2;0;12;2;2;0;0;19106;14342;2239;3404;17439;2979;3657;0;956
FR;6;2023-03-12;2;0;0;0;1;0;0;0;0;19108;14342;2239;3404;17440;2979;3657;0;956
FR;6;2023-03-13;7;12;4;1;13;2;1;0;2;19115;14354;2243;3405;17453;2981;3658;0;958
FR;6;2023-03-14;5;12;2;0;8;6;0;0;0;19120;14366;2245;3405;17461;2987;3658;0;958
FR;6;2023-03-15;6;4;2;3;5;3;3;0;1;19126;14370;2247;3408;17466;2990;3661;0;959
FR;6;2023-03-16;9;5;2;0;5;3;0;0;0;19135;14375;2249;3408;17471;2993;3661;0;959
FR;6;2023-03-17;10;12;5;5;8;8;5;0;3;19145;14387;2254;3413;17479;3001;3666;0;962
FR;6;2023-03-18;6;2;2;0;3;2;0;0;0;19151;14389;2256;3413;17482;3003;3666;0;962
FR;6;2023-03-19;0;0;1;0;0;0;0;0;0;19151;14389;2257;3413;17482;3003;3666;0;962
FR;6;2023-03-20;2;6;3;7;5;4;5;0;4;19153;14395;2260;3420;17487;3007;3671;0;966
FR;6;2023-03-21;2;1;5;2;1;3;4;0;0;19155;14396;2265;3422;17488;3010;3675;0;966
FR;6;2023-03-22;1;4;3;0;4;3;0;0;3;19156;14400;2268;3422;17492;3013;3675;0;969
FR;6;2023-03-23;3;4;3;2;4;3;2;0;0;19159;14404;2271;3424;17496;3016;3677;0;969
FR;6;2023-03-24;3;9;6;0;9;7;0;0;0;19162;14413;2277;3424;17505;3023;3677;0;969
FR;6;2023-03-25;10;7;0;0;9;0;0;0;0;19172;14420;2277;3424;17514;3023;3677;0;969
FR;6;2023-03-26;0;0;0;0;0;0;0;0;0;19172;14420;2277;3424;17514;3023;3677;0;969
FR;6;2023-03-27;6;9;2;2;8;4;1;0;0;19178;14429;2279;3426;17522;3027;3678;0;969
FR;6;2023-03-28;8;4;2;2;6;2;2;0;2;19186;14433;2281;3428;17528;3029;3680;0;971
FR;6;2023-03-29;4;1;2;0;1;2;0;0;0;19190;14434;2283;3428;17529;3031;3680;0;971
FR;6;2023-03-30;4;7;1;0;5;3;0;0;0;19194;14441;2284;3428;17534;3034;3680;0;971
FR;6;2023-03-31;1;3;3;3;3;3;1;0;7;19195;14444;2287;3431;17537;3037;3681;0;978
FR;6;2023-04-01;5;11;0;0;11;1;0;0;3;19200;14455;2287;3431;17548;3038;3681;0;981
FR;6;2023-04-02;0;0;0;0;0;0;0;0;0;19200;14455;2287;3431;17548;3038;3681;0;981
FR;6;2023-04-03;5;8;0;1;10;0;1;0;2;19205;14463;2287;3432;17558;3038;3682;0;983
FR;6;2023-04-04;5;10;2;4;8;3;5;0;7;19210;14473;2289;3436;17566;3041;3687;0;990
FR;6;2023-04-05;0;7;3;0;7;3;0;0;3;19210;14480;2292;3436;17573;3044;3687;0;993
FR;6;2023-04-06;3;6;4;1;3;7;1;0;2;19213;14486;2296;3437;17576;3051;3688;0;995
FR;6;2023-04-07;11;8;2;0;9;4;0;0;0;19224;14494;2298;3437;17585;3055;3688;0;995
FR;6;2023-04-08;2;1;3;0;1;3;0;0;0;19226;14495;2301;3437;17586;3058;3688;0;995
FR;6;2023-04-09;0;0;0;0;0;0;0;0;0;19226;14495;2301;3437;17586;3058;3688;0;995
FR;6;2023-04-10;0;0;0;0;0;0;0;0;0;19226;14495;2301;3437;17586;3058;3688;0;995
FR;6;2023-04-11;3;8;1;0;6;3;0;0;0;19229;14503;2302;3437;17592;3061;3688;0;995
FR;6;2023-04-12;3;4;2;0;5;2;0;0;4;19232;14507;2304;3437;17597;3063;3688;0;999
FR;6;2023-04-13;1;4;0;0;3;1;0;0;2;19233;14511;2304;3437;17600;3064;3688;0;1001
FR;6;2023-04-14;4;5;0;0;5;0;0;0;1;19237;14516;2304;3437;17605;3064;3688;0;1002
FR;6;2023-04-15;7;2;1;1;4;1;1;0;0;19244;14518;2305;3438;17609;3065;3689;0;1002
FR;6;2023-04-16;0;2;0;0;1;1;0;0;0;19244;14520;2305;3438;17610;3066;3689;0;1002
FR;6;2023-04-17;4;8;2;0;8;2;0;0;0;19248;14528;2307;3438;17618;3068;3689;0;1002
FR;6;2023-04-18;3;2;1;0;2;1;0;0;1;19251;14530;2308;3438;17620;3069;3689;0;1003
FR;6;2023-04-19;1;3;0;0;2;1;0;0;0;19252;14533;2308;3438;17622;3070;3689;0;1003
FR;6;2023-04-20;5;4;0;0;3;2;0;0;0;19257;14537;2308;3438;17625;3072;3689;0;1003
FR;6;2023-04-21;7;3;2;3;1;5;3;0;1;19264;14540;2310;3441;17626;3077;3692;0;1004
FR;6;2023-04-22;3;3;3;0;1;5;0;0;0;19267;14543;2313;3441;17627;3082;3692;0;1004
FR;6;2023-04-23;0;1;0;0;0;1;0;0;0;19267;14544;2313;3441;17627;3083;3692;0;1004
FR;6;2023-04-24;2;8;0;1;5;3;1;0;0;19269;14552;2313;3442;17632;3086;3693;0;1004
FR;6;2023-04-25;5;2;0;1;2;0;1;0;1;19274;14554;2313;3443;17634;3086;3694;0;1005
FR;6;2023-04-26;7;5;1;0;4;2;0;0;2;19281;14559;2314;3443;17638;3088;3694;0;1007
FR;6;2023-04-27;8;9;2;0;9;3;1;0;3;19289;14568;2316;3443;17647;3091;3695;0;1010
FR;6;2023-04-28;5;4;0;1;4;0;1;0;2;19294;14572;2316;3444;17651;3091;3696;0;1012
FR;6;2023-04-29;7;3;2;0;4;2;1;0;0;19301;14575;2318;3444;17655;3093;3697;0;1012
FR;6;2023-04-30;0;0;0;0;0;0;0;0;0;19301;14575;2318;3444;17655;3093;3697;0;1012
FR;6;2023-05-01;0;0;0;0;0;0;0;0;0;19301;14575;2318;3444;17655;3093;3697;0;1012
FR;6;2023-05-02;3;3;3;0;3;2;1;0;0;19304;14578;2321;3444;17658;3095;3698;0;1012
FR;6;2023-05-03;0;3;0;0;2;1;0;0;2;19304;14581;2321;3444;17660;3096;3698;0;1014
FR;6;2023-05-04;3;4;7;0;5;6;3;0;1;19307;14585;2328;3444;17665;3102;3701;0;1015
FR;6;2023-05-05;3;2;0;0;3;0;0;0;0;19310;14587;2328;3444;17668;3102;3701;0;1015
FR;6;2023-05-06;0;2;1;1;1;2;1;0;0;19310;14589;2329;3445;17669;3104;3702;0;1015
FR;6;2023-05-07;1;0;0;0;0;0;0;0;0;19311;14589;2329;3445;17669;3104;3702;0;1015
FR;6;2023-05-08;0;0;7;0;0;3;4;0;0;19311;14589;2336;3445;17669;3107;3706;0;1015
FR;6;2023-05-09;5;4;2;1;6;2;1;0;0;19316;14593;2338;3446;17675;3109;3707;0;1015
FR;6;2023-05-10;5;2;2;0;3;1;1;0;0;19321;14595;2340;3446;17678;3110;3708;0;1015
FR;6;2023-05-11;2;3;3;1;3;4;2;0;2;19323;14598;2343;3447;17681;3114;3710;0;1017
FR;8;2020-12-27;0;0;0;0;0;0;0;0;0;0;0;0;0;0;0;0;0;0
FR;8;2020-12-28;0;0;0;0;0;0;0;0;0;0;0;0;0;0;0;0;0;0
FR;8;2020-12-29;0;0;0;0;0;0;0;0;0;0;0;0;0;0;0;0;0;0
FR;8;2020-12-30;0;0;0;0;0;0;0;0;0;0;0;0;0;0;0;0;0;0
FR;8;2020-12-31;0;0;0;0;0;0;0;0;0;0;0;0;0;0;0;0;0;0
FR;8;2021-01-01;0;0;0;0;0;0;0;0;0;0;0;0;0;0;0;0;0;0
FR;8;2021-01-02;0;0;0;0;0;0;0;0;0;0;0;0;0;0;0;0;0;0
FR;8;2021-01-03;0;0;0;0;0;0;0;0;0;0;0;0;0;0;0;0;0;0
FR;8;2021-01-04;0;0;0;0;0;0;0;0;0;0;0;0;0;0;0;0;0;0
FR;8;2021-01-05;0;0;0;0;0;0;0;0;0;0;0;0;0;0;0;0;0;0
FR;8;2021-01-06;0;0;0;0;0;0;0;0;0;0;0;0;0;0;0;0;0;0
FR;8;2021-01-07;0;0;0;0;0;0;0;0;0;0;0;0;0;0;0;0;0;0
FR;8;2021-01-08;0;0;0;0;0;0;0;0;0;0;0;0;0;0;0;0;0;0
FR;8;2021-01-09;0;0;0;0;0;0;0;0;0;0;0;0;0;0;0;0;0;0
FR;8;2021-01-10;0;0;0;0;0;0;0;0;0;0;0;0;0;0;0;0;0;0
FR;8;2021-01-11;0;0;0;0;0;0;0;0;0;0;0;0;0;0;0;0;0;0
FR;8;2021-01-12;0;0;0;0;0;0;0;0;0;0;0;0;0;0;0;0;0;0
FR;8;2021-01-13;0;0;0;0;0;0;0;0;0;0;0;0;0;0;0;0;0;0
FR;8;2021-01-14;0;0;0;0;0;0;0;0;0;0;0;0;0;0;0;0;0;0
FR;8;2021-01-15;0;0;0;0;0;0;0;0;0;0;0;0;0;0;0;0;0;0
FR;8;2021-01-16;0;0;0;0;0;0;0;0;0;0;0;0;0;0;0;0;0;0
FR;8;2021-01-17;0;0;0;0;0;0;0;0;0;0;0;0;0;0;0;0;0;0
FR;8;2021-01-18;0;0;0;0;0;0;0;0;0;0;0;0;0;0;0;0;0;0
FR;8;2021-01-19;0;0;0;0;0;0;0;0;0;0;0;0;0;0;0;0;0;0
FR;8;2021-01-20;0;0;0;0;0;0;0;0;0;0;0;0;0;0;0;0;0;0
FR;8;2021-01-21;0;0;0;0;0;0;0;0;0;0;0;0;0;0;0;0;0;0
FR;8;2021-01-22;0;0;0;0;0;0;0;0;0;0;0;0;0;0;0;0;0;0
FR;8;2021-01-23;0;0;0;0;0;0;0;0;0;0;0;0;0;0;0;0;0;0
FR;8;2021-01-24;0;0;0;0;0;0;0;0;0;0;0;0;0;0;0;0;0;0
FR;8;2021-01-25;0;0;0;0;0;0;0;0;0;0;0;0;0;0;0;0;0;0
FR;8;2021-01-26;0;0;0;0;0;0;0;0;0;0;0;0;0;0;0;0;0;0
FR;8;2021-01-27;0;0;0;0;0;0;0;0;0;0;0;0;0;0;0;0;0;0
FR;8;2021-01-28;0;0;0;0;0;0;0;0;0;0;0;0;0;0;0;0;0;0
FR;8;2021-01-29;0;0;0;0;0;0;0;0;0;0;0;0;0;0;0;0;0;0
FR;8;2021-01-30;0;0;0;0;0;0;0;0;0;0;0;0;0;0;0;0;0;0
FR;8;2021-01-31;0;0;0;0;0;0;0;0;0;0;0;0;0;0;0;0;0;0
FR;8;2021-02-01;0;0;0;0;0;0;0;0;0;0;0;0;0;0;0;0;0;0
FR;8;2021-02-02;0;0;0;0;0;0;0;0;0;0;0;0;0;0;0;0;0;0
FR;8;2021-02-03;0;0;0;0;0;0;0;0;0;0;0;0;0;0;0;0;0;0
FR;8;2021-02-04;0;0;0;0;0;0;0;0;0;0;0;0;0;0;0;0;0;0
FR;8;2021-02-05;0;0;0;0;0;0;0;0;0;0;0;0;0;0;0;0;0;0
FR;8;2021-02-06;0;0;0;0;0;0;0;0;0;0;0;0;0;0;0;0;0;0
FR;8;2021-02-07;0;0;0;0;0;0;0;0;0;0;0;0;0;0;0;0;0;0
FR;8;2021-02-08;0;0;0;0;0;0;0;0;0;0;0;0;0;0;0;0;0;0
FR;8;2021-02-09;0;0;0;0;0;0;0;0;0;0;0;0;0;0;0;0;0;0
FR;8;2021-02-10;0;0;0;0;0;0;0;0;0;0;0;0;0;0;0;0;0;0
FR;8;2021-02-11;0;0;0;0;0;0;0;0;0;0;0;0;0;0;0;0;0;0
FR;8;2021-02-12;0;0;0;0;0;0;0;0;0;0;0;0;0;0;0;0;0;0
FR;8;2021-02-13;0;0;0;0;0;0;0;0;0;0;0;0;0;0;0;0;0;0
FR;8;2021-02-14;0;0;0;0;0;0;0;0;0;0;0;0;0;0;0;0;0;0
FR;8;2021-02-15;0;0;0;0;0;0;0;0;0;0;0;0;0;0;0;0;0;0
FR;8;2021-02-16;0;0;0;0;0;0;0;0;0;0;0;0;0;0;0;0;0;0
FR;8;2021-02-17;0;0;0;0;0;0;0;0;0;0;0;0;0;0;0;0;0;0
FR;8;2021-02-18;0;0;0;0;0;0;0;0;0;0;0;0;0;0;0;0;0;0
FR;8;2021-02-19;0;0;0;0;0;0;0;0;0;0;0;0;0;0;0;0;0;0
FR;8;2021-02-20;0;0;0;0;0;0;0;0;0;0;0;0;0;0;0;0;0;0
FR;8;2021-02-21;0;0;0;0;0;0;0;0;0;0;0;0;0;0;0;0;0;0
FR;8;2021-02-22;0;0;0;0;0;0;0;0;0;0;0;0;0;0;0;0;0;0
FR;8;2021-02-23;0;0;0;0;0;0;0;0;0;0;0;0;0;0;0;0;0;0
FR;8;2021-02-24;0;0;0;0;0;0;0;0;0;0;0;0;0;0;0;0;0;0
FR;8;2021-02-25;0;0;0;0;0;0;0;0;0;0;0;0;0;0;0;0;0;0
FR;8;2021-02-26;0;0;0;0;0;0;0;0;0;0;0;0;0;0;0;0;0;0
FR;8;2021-02-27;0;0;0;0;0;0;0;0;0;0;0;0;0;0;0;0;0;0
FR;8;2021-02-28;0;0;0;0;0;0;0;0;0;0;0;0;0;0;0;0;0;0
FR;8;2021-03-01;0;0;0;0;0;0;0;0;0;0;0;0;0;0;0;0;0;0
FR;8;2021-03-02;0;0;0;0;0;0;0;0;0;0;0;0;0;0;0;0;0;0
FR;8;2021-03-03;0;0;0;0;0;0;0;0;0;0;0;0;0;0;0;0;0;0
FR;8;2021-03-04;0;0;0;0;0;0;0;0;0;0;0;0;0;0;0;0;0;0
FR;8;2021-03-05;0;0;0;0;0;0;0;0;0;0;0;0;0;0;0;0;0;0
FR;8;2021-03-06;0;0;0;0;0;0;0;0;0;0;0;0;0;0;0;0;0;0
FR;8;2021-03-07;0;0;0;0;0;0;0;0;0;0;0;0;0;0;0;0;0;0
FR;8;2021-03-08;0;0;0;0;0;0;0;0;0;0;0;0;0;0;0;0;0;0
FR;8;2021-03-09;0;0;0;0;0;0;0;0;0;0;0;0;0;0;0;0;0;0
FR;8;2021-03-10;0;0;0;0;0;0;0;0;0;0;0;0;0;0;0;0;0;0
FR;8;2021-03-11;0;0;0;0;0;0;0;0;0;0;0;0;0;0;0;0;0;0
FR;8;2021-03-12;0;0;0;0;0;0;0;0;0;0;0;0;0;0;0;0;0;0
FR;8;2021-03-13;0;0;0;0;0;0;0;0;0;0;0;0;0;0;0;0;0;0
FR;8;2021-03-14;0;0;0;0;0;0;0;0;0;0;0;0;0;0;0;0;0;0
FR;8;2021-03-15;0;0;0;0;0;0;0;0;0;0;0;0;0;0;0;0;0;0
FR;8;2021-03-16;0;0;0;0;0;0;0;0;0;0;0;0;0;0;0;0;0;0
FR;8;2021-03-17;0;0;0;0;0;0;0;0;0;0;0;0;0;0;0;0;0;0
FR;8;2021-03-18;0;0;0;0;0;0;0;0;0;0;0;0;0;0;0;0;0;0
FR;8;2021-03-19;0;0;0;0;0;0;0;0;0;0;0;0;0;0;0;0;0;0
FR;8;2021-03-20;0;0;0;0;0;0;0;0;0;0;0;0;0;0;0;0;0;0
FR;8;2021-03-21;0;0;0;0;0;0;0;0;0;0;0;0;0;0;0;0;0;0
FR;8;2021-03-22;0;0;0;0;0;0;0;0;0;0;0;0;0;0;0;0;0;0
FR;8;2021-03-23;0;0;0;0;0;0;0;0;0;0;0;0;0;0;0;0;0;0
FR;8;2021-03-24;0;0;0;0;0;0;0;0;0;0;0;0;0;0;0;0;0;0
FR;8;2021-03-25;0;0;0;0;0;0;0;0;0;0;0;0;0;0;0;0;0;0
FR;8;2021-03-26;0;0;0;0;0;0;0;0;0;0;0;0;0;0;0;0;0;0
FR;8;2021-03-27;0;0;0;0;0;0;0;0;0;0;0;0;0;0;0;0;0;0
FR;8;2021-03-28;0;0;0;0;0;0;0;0;0;0;0;0;0;0;0;0;0;0
FR;8;2021-03-29;0;0;0;0;0;0;0;0;0;0;0;0;0;0;0;0;0;0
FR;8;2021-03-30;0;0;0;0;0;0;0;0;0;0;0;0;0;0;0;0;0;0
FR;8;2021-03-31;0;0;0;0;0;0;0;0;0;0;0;0;0;0;0;0;0;0
FR;8;2021-04-01;0;0;0;0;0;0;0;0;0;0;0;0;0;0;0;0;0;0
FR;8;2021-04-02;0;0;0;0;0;0;0;0;0;0;0;0;0;0;0;0;0;0
FR;8;2021-04-03;0;0;0;0;0;0;0;0;0;0;0;0;0;0;0;0;0;0
FR;8;2021-04-04;0;0;0;0;0;0;0;0;0;0;0;0;0;0;0;0;0;0
FR;8;2021-04-05;0;0;0;0;0;0;0;0;0;0;0;0;0;0;0;0;0;0
FR;8;2021-04-06;0;0;0;0;0;0;0;0;0;0;0;0;0;0;0;0;0;0
FR;8;2021-04-07;0;0;0;0;0;0;0;0;0;0;0;0;0;0;0;0;0;0
FR;8;2021-04-08;0;0;0;0;0;0;0;0;0;0;0;0;0;0;0;0;0;0
FR;8;2021-04-09;0;0;0;0;0;0;0;0;0;0;0;0;0;0;0;0;0;0
FR;8;2021-04-10;0;0;0;0;0;0;0;0;0;0;0;0;0;0;0;0;0;0
FR;8;2021-04-11;0;0;0;0;0;0;0;0;0;0;0;0;0;0;0;0;0;0
FR;8;2021-04-12;0;0;0;0;0;0;0;0;0;0;0;0;0;0;0;0;0;0
FR;8;2021-04-13;0;0;0;0;0;0;0;0;0;0;0;0;0;0;0;0;0;0
FR;8;2021-04-14;0;0;0;0;0;0;0;0;0;0;0;0;0;0;0;0;0;0
FR;8;2021-04-15;0;0;0;0;0;0;0;0;0;0;0;0;0;0;0;0;0;0
FR;8;2021-04-16;0;0;0;0;0;0;0;0;0;0;0;0;0;0;0;0;0;0
FR;8;2021-04-17;0;0;0;0;0;0;0;0;0;0;0;0;0;0;0;0;0;0
FR;8;2021-04-18;0;0;0;0;0;0;0;0;0;0;0;0;0;0;0;0;0;0
FR;8;2021-04-19;0;0;0;0;0;0;0;0;0;0;0;0;0;0;0;0;0;0
FR;8;2021-04-20;0;0;0;0;0;0;0;0;0;0;0;0;0;0;0;0;0;0
FR;8;2021-04-21;0;0;0;0;0;0;0;0;0;0;0;0;0;0;0;0;0;0
FR;8;2021-04-22;0;0;0;0;0;0;0;0;0;0;0;0;0;0;0;0;0;0
FR;8;2021-04-23;0;0;0;0;0;0;0;0;0;0;0;0;0;0;0;0;0;0
FR;8;2021-04-24;0;0;0;0;0;0;0;0;0;0;0;0;0;0;0;0;0;0
FR;8;2021-04-25;0;0;0;0;0;0;0;0;0;0;0;0;0;0;0;0;0;0
FR;8;2021-04-26;0;0;0;0;0;0;0;0;0;0;0;0;0;0;0;0;0;0
FR;8;2021-04-27;0;0;0;0;0;0;0;0;0;0;0;0;0;0;0;0;0;0
FR;8;2021-04-28;0;0;0;0;0;0;0;0;0;0;0;0;0;0;0;0;0;0
FR;8;2021-04-29;0;0;0;0;0;0;0;0;0;0;0;0;0;0;0;0;0;0
FR;8;2021-04-30;0;0;0;0;0;0;0;0;0;0;0;0;0;0;0;0;0;0
FR;8;2021-05-01;0;0;0;0;0;0;0;0;0;0;0;0;0;0;0;0;0;0
FR;8;2021-05-02;0;0;0;0;0;0;0;0;0;0;0;0;0;0;0;0;0;0
FR;8;2021-05-03;0;0;0;0;0;0;0;0;0;0;0;0;0;0;0;0;0;0
FR;8;2021-05-04;0;0;0;0;0;0;0;0;0;0;0;0;0;0;0;0;0;0
FR;8;2021-05-05;0;0;0;0;0;0;0;0;0;0;0;0;0;0;0;0;0;0
FR;8;2021-05-06;0;0;0;0;0;0;0;0;0;0;0;0;0;0;0;0;0;0
FR;8;2021-05-07;0;0;0;0;0;0;0;0;0;0;0;0;0;0;0;0;0;0
FR;8;2021-05-08;0;0;0;0;0;0;0;0;0;0;0;0;0;0;0;0;0;0
FR;8;2021-05-09;0;0;0;0;0;0;0;0;0;0;0;0;0;0;0;0;0;0
FR;8;2021-05-10;0;0;0;0;0;0;0;0;0;0;0;0;0;0;0;0;0;0
FR;8;2021-05-11;0;0;0;0;0;0;0;0;0;0;0;0;0;0;0;0;0;0
FR;8;2021-05-12;0;0;0;0;0;0;0;0;0;0;0;0;0;0;0;0;0;0
FR;8;2021-05-13;0;0;0;0;0;0;0;0;0;0;0;0;0;0;0;0;0;0
FR;8;2021-05-14;0;0;0;0;0;0;0;0;0;0;0;0;0;0;0;0;0;0
FR;8;2021-05-15;0;0;0;0;0;0;0;0;0;0;0;0;0;0;0;0;0;0
FR;8;2021-05-16;0;0;0;0;0;0;0;0;0;0;0;0;0;0;0;0;0;0
FR;8;2021-05-17;0;0;0;0;0;0;0;0;0;0;0;0;0;0;0;0;0;0
FR;8;2021-05-18;0;0;0;0;0;0;0;0;0;0;0;0;0;0;0;0;0;0
FR;8;2021-05-19;0;0;0;0;0;0;0;0;0;0;0;0;0;0;0;0;0;0
FR;8;2021-05-20;0;0;0;0;0;0;0;0;0;0;0;0;0;0;0;0;0;0
FR;8;2021-05-21;0;0;0;0;0;0;0;0;0;0;0;0;0;0;0;0;0;0
FR;8;2021-05-22;0;0;0;0;0;0;0;0;0;0;0;0;0;0;0;0;0;0
FR;8;2021-05-23;0;0;0;0;0;0;0;0;0;0;0;0;0;0;0;0;0;0
FR;8;2021-05-24;0;0;0;0;0;0;0;0;0;0;0;0;0;0;0;0;0;0
FR;8;2021-05-25;0;0;0;0;0;0;0;0;0;0;0;0;0;0;0;0;0;0
FR;8;2021-05-26;0;0;0;0;0;0;0;0;0;0;0;0;0;0;0;0;0;0
FR;8;2021-05-27;0;0;0;0;0;0;0;0;0;0;0;0;0;0;0;0;0;0
FR;8;2021-05-28;0;0;0;0;0;0;0;0;0;0;0;0;0;0;0;0;0;0
FR;8;2021-05-29;0;0;0;0;0;0;0;0;0;0;0;0;0;0;0;0;0;0
FR;8;2021-05-30;0;0;0;0;0;0;0;0;0;0;0;0;0;0;0;0;0;0
FR;8;2021-05-31;0;0;0;0;0;0;0;0;0;0;0;0;0;0;0;0;0;0
FR;8;2021-06-01;0;0;0;0;0;0;0;0;0;0;0;0;0;0;0;0;0;0
FR;8;2021-06-02;0;0;0;0;0;0;0;0;0;0;0;0;0;0;0;0;0;0
FR;8;2021-06-03;0;0;0;0;0;0;0;0;0;0;0;0;0;0;0;0;0;0
FR;8;2021-06-04;0;0;0;0;0;0;0;0;0;0;0;0;0;0;0;0;0;0
FR;8;2021-06-05;0;0;0;0;0;0;0;0;0;0;0;0;0;0;0;0;0;0
FR;8;2021-06-06;0;0;0;0;0;0;0;0;0;0;0;0;0;0;0;0;0;0
FR;8;2021-06-07;0;0;0;0;0;0;0;0;0;0;0;0;0;0;0;0;0;0
FR;8;2021-06-08;0;0;0;0;0;0;0;0;0;0;0;0;0;0;0;0;0;0
FR;8;2021-06-09;0;0;0;0;0;0;0;0;0;0;0;0;0;0;0;0;0;0
FR;8;2021-06-10;0;0;0;0;0;0;0;0;0;0;0;0;0;0;0;0;0;0
FR;8;2021-06-11;0;0;0;0;0;0;0;0;0;0;0;0;0;0;0;0;0;0
FR;8;2021-06-12;0;0;0;0;0;0;0;0;0;0;0;0;0;0;0;0;0;0
FR;8;2021-06-13;0;0;0;0;0;0;0;0;0;0;0;0;0;0;0;0;0;0
FR;8;2021-06-14;0;0;0;0;0;0;0;0;0;0;0;0;0;0;0;0;0;0
FR;8;2021-06-15;0;0;0;0;0;0;0;0;0;0;0;0;0;0;0;0;0;0
FR;8;2021-06-16;0;0;0;0;0;0;0;0;0;0;0;0;0;0;0;0;0;0
FR;8;2021-06-17;0;0;0;0;0;0;0;0;0;0;0;0;0;0;0;0;0;0
FR;8;2021-06-18;0;0;0;0;0;0;0;0;0;0;0;0;0;0;0;0;0;0
FR;8;2021-06-19;0;0;0;0;0;0;0;0;0;0;0;0;0;0;0;0;0;0
FR;8;2021-06-20;0;0;0;0;0;0;0;0;0;0;0;0;0;0;0;0;0;0
FR;8;2021-06-21;0;0;0;0;0;0;0;0;0;0;0;0;0;0;0;0;0;0
FR;8;2021-06-22;0;0;0;0;0;0;0;0;0;0;0;0;0;0;0;0;0;0
FR;8;2021-06-23;0;0;0;0;0;0;0;0;0;0;0;0;0;0;0;0;0;0
FR;8;2021-06-24;0;0;0;0;0;0;0;0;0;0;0;0;0;0;0;0;0;0
FR;8;2021-06-25;0;0;0;0;0;0;0;0;0;0;0;0;0;0;0;0;0;0
FR;8;2021-06-26;0;0;0;0;0;0;0;0;0;0;0;0;0;0;0;0;0;0
FR;8;2021-06-27;0;0;0;0;0;0;0;0;0;0;0;0;0;0;0;0;0;0
FR;8;2021-06-28;0;0;0;0;0;0;0;0;0;0;0;0;0;0;0;0;0;0
FR;8;2021-06-29;0;0;0;0;0;0;0;0;0;0;0;0;0;0;0;0;0;0
FR;8;2021-06-30;0;0;0;0;0;0;0;0;0;0;0;0;0;0;0;0;0;0
FR;8;2021-07-01;0;0;0;0;0;0;0;0;0;0;0;0;0;0;0;0;0;0
FR;8;2021-07-02;0;0;0;0;0;0;0;0;0;0;0;0;0;0;0;0;0;0
FR;8;2021-07-03;0;0;0;0;0;0;0;0;0;0;0;0;0;0;0;0;0;0
FR;8;2021-07-04;0;0;0;0;0;0;0;0;0;0;0;0;0;0;0;0;0;0
FR;8;2021-07-05;0;0;0;0;0;0;0;0;0;0;0;0;0;0;0;0;0;0
FR;8;2021-07-06;0;0;0;0;0;0;0;0;0;0;0;0;0;0;0;0;0;0
FR;8;2021-07-07;0;0;0;0;0;0;0;0;0;0;0;0;0;0;0;0;0;0
FR;8;2021-07-08;0;0;0;0;0;0;0;0;0;0;0;0;0;0;0;0;0;0
FR;8;2021-07-09;0;0;0;0;0;0;0;0;0;0;0;0;0;0;0;0;0;0
FR;8;2021-07-10;0;0;0;0;0;0;0;0;0;0;0;0;0;0;0;0;0;0
FR;8;2021-07-11;0;0;0;0;0;0;0;0;0;0;0;0;0;0;0;0;0;0
FR;8;2021-07-12;0;0;0;0;0;0;0;0;0;0;0;0;0;0;0;0;0;0
FR;8;2021-07-13;0;0;0;0;0;0;0;0;0;0;0;0;0;0;0;0;0;0
FR;8;2021-07-14;0;0;0;0;0;0;0;0;0;0;0;0;0;0;0;0;0;0
FR;8;2021-07-15;0;0;0;0;0;0;0;0;0;0;0;0;0;0;0;0;0;0
FR;8;2021-07-16;0;0;0;0;0;0;0;0;0;0;0;0;0;0;0;0;0;0
FR;8;2021-07-17;0;0;0;0;0;0;0;0;0;0;0;0;0;0;0;0;0;0
FR;8;2021-07-18;0;0;0;0;0;0;0;0;0;0;0;0;0;0;0;0;0;0
FR;8;2021-07-19;0;0;0;0;0;0;0;0;0;0;0;0;0;0;0;0;0;0
FR;8;2021-07-20;0;0;0;0;0;0;0;0;0;0;0;0;0;0;0;0;0;0
FR;8;2021-07-21;0;0;0;0;0;0;0;0;0;0;0;0;0;0;0;0;0;0
FR;8;2021-07-22;0;0;0;0;0;0;0;0;0;0;0;0;0;0;0;0;0;0
FR;8;2021-07-23;0;0;0;0;0;0;0;0;0;0;0;0;0;0;0;0;0;0
FR;8;2021-07-24;0;0;0;0;0;0;0;0;0;0;0;0;0;0;0;0;0;0
FR;8;2021-07-25;0;0;0;0;0;0;0;0;0;0;0;0;0;0;0;0;0;0
FR;8;2021-07-26;0;0;0;0;0;0;0;0;0;0;0;0;0;0;0;0;0;0
FR;8;2021-07-27;0;0;0;0;0;0;0;0;0;0;0;0;0;0;0;0;0;0
FR;8;2021-07-28;0;0;0;0;0;0;0;0;0;0;0;0;0;0;0;0;0;0
FR;8;2021-07-29;0;0;0;0;0;0;0;0;0;0;0;0;0;0;0;0;0;0
FR;8;2021-07-30;0;0;0;0;0;0;0;0;0;0;0;0;0;0;0;0;0;0
FR;8;2021-07-31;0;0;0;0;0;0;0;0;0;0;0;0;0;0;0;0;0;0
FR;8;2021-08-01;0;0;0;0;0;0;0;0;0;0;0;0;0;0;0;0;0;0
FR;8;2021-08-02;0;0;0;0;0;0;0;0;0;0;0;0;0;0;0;0;0;0
FR;8;2021-08-03;0;0;0;0;0;0;0;0;0;0;0;0;0;0;0;0;0;0
FR;8;2021-08-04;0;0;0;0;0;0;0;0;0;0;0;0;0;0;0;0;0;0
FR;8;2021-08-05;0;0;0;0;0;0;0;0;0;0;0;0;0;0;0;0;0;0
FR;8;2021-08-06;0;0;0;0;0;0;0;0;0;0;0;0;0;0;0;0;0;0
FR;8;2021-08-07;0;0;0;0;0;0;0;0;0;0;0;0;0;0;0;0;0;0
FR;8;2021-08-08;0;0;0;0;0;0;0;0;0;0;0;0;0;0;0;0;0;0
FR;8;2021-08-09;0;0;0;0;0;0;0;0;0;0;0;0;0;0;0;0;0;0
FR;8;2021-08-10;0;0;0;0;0;0;0;0;0;0;0;0;0;0;0;0;0;0
FR;8;2021-08-11;0;0;0;0;0;0;0;0;0;0;0;0;0;0;0;0;0;0
FR;8;2021-08-12;0;0;0;0;0;0;0;0;0;0;0;0;0;0;0;0;0;0
FR;8;2021-08-13;0;0;0;0;0;0;0;0;0;0;0;0;0;0;0;0;0;0
FR;8;2021-08-14;0;0;0;0;0;0;0;0;0;0;0;0;0;0;0;0;0;0
FR;8;2021-08-15;0;0;0;0;0;0;0;0;0;0;0;0;0;0;0;0;0;0
FR;8;2021-08-16;0;0;0;0;0;0;0;0;0;0;0;0;0;0;0;0;0;0
FR;8;2021-08-17;0;0;0;0;0;0;0;0;0;0;0;0;0;0;0;0;0;0
FR;8;2021-08-18;0;0;0;0;0;0;0;0;0;0;0;0;0;0;0;0;0;0
FR;8;2021-08-19;0;0;0;0;0;0;0;0;0;0;0;0;0;0;0;0;0;0
FR;8;2021-08-20;0;0;0;0;0;0;0;0;0;0;0;0;0;0;0;0;0;0
FR;8;2021-08-21;0;0;0;0;0;0;0;0;0;0;0;0;0;0;0;0;0;0
FR;8;2021-08-22;0;0;0;0;0;0;0;0;0;0;0;0;0;0;0;0;0;0
FR;8;2021-08-23;0;0;0;0;0;0;0;0;0;0;0;0;0;0;0;0;0;0
FR;8;2021-08-24;0;0;0;0;0;0;0;0;0;0;0;0;0;0;0;0;0;0
FR;8;2021-08-25;0;0;0;0;0;0;0;0;0;0;0;0;0;0;0;0;0;0
FR;8;2021-08-26;0;0;0;0;0;0;0;0;0;0;0;0;0;0;0;0;0;0
FR;8;2021-08-27;0;0;0;0;0;0;0;0;0;0;0;0;0;0;0;0;0;0
FR;8;2021-08-28;0;0;0;0;0;0;0;0;0;0;0;0;0;0;0;0;0;0
FR;8;2021-08-29;0;0;0;0;0;0;0;0;0;0;0;0;0;0;0;0;0;0
FR;8;2021-08-30;0;0;0;0;0;0;0;0;0;0;0;0;0;0;0;0;0;0
FR;8;2021-08-31;0;0;0;0;0;0;0;0;0;0;0;0;0;0;0;0;0;0
FR;8;2021-09-01;0;0;0;0;0;0;0;0;0;0;0;0;0;0;0;0;0;0
FR;8;2021-09-02;0;0;0;0;0;0;0;0;0;0;0;0;0;0;0;0;0;0
FR;8;2021-09-03;0;0;0;0;0;0;0;0;0;0;0;0;0;0;0;0;0;0
FR;8;2021-09-04;0;0;0;0;0;0;0;0;0;0;0;0;0;0;0;0;0;0
FR;8;2021-09-05;0;0;0;0;0;0;0;0;0;0;0;0;0;0;0;0;0;0
FR;8;2021-09-06;0;0;0;0;0;0;0;0;0;0;0;0;0;0;0;0;0;0
FR;8;2021-09-07;0;0;0;0;0;0;0;0;0;0;0;0;0;0;0;0;0;0
FR;8;2021-09-08;0;0;0;0;0;0;0;0;0;0;0;0;0;0;0;0;0;0
FR;8;2021-09-09;0;0;0;0;0;0;0;0;0;0;0;0;0;0;0;0;0;0
FR;8;2021-09-10;0;0;0;0;0;0;0;0;0;0;0;0;0;0;0;0;0;0
FR;8;2021-09-11;0;0;0;0;0;0;0;0;0;0;0;0;0;0;0;0;0;0
FR;8;2021-09-12;0;0;0;0;0;0;0;0;0;0;0;0;0;0;0;0;0;0
FR;8;2021-09-13;0;0;0;0;0;0;0;0;0;0;0;0;0;0;0;0;0;0
FR;8;2021-09-14;0;0;0;0;0;0;0;0;0;0;0;0;0;0;0;0;0;0
FR;8;2021-09-15;0;0;0;0;0;0;0;0;0;0;0;0;0;0;0;0;0;0
FR;8;2021-09-16;0;0;0;0;0;0;0;0;0;0;0;0;0;0;0;0;0;0
FR;8;2021-09-17;0;0;0;0;0;0;0;0;0;0;0;0;0;0;0;0;0;0
FR;8;2021-09-18;0;0;0;0;0;0;0;0;0;0;0;0;0;0;0;0;0;0
FR;8;2021-09-19;0;0;0;0;0;0;0;0;0;0;0;0;0;0;0;0;0;0
FR;8;2021-09-20;0;0;0;0;0;0;0;0;0;0;0;0;0;0;0;0;0;0
FR;8;2021-09-21;0;0;0;0;0;0;0;0;0;0;0;0;0;0;0;0;0;0
FR;8;2021-09-22;0;0;0;0;0;0;0;0;0;0;0;0;0;0;0;0;0;0
FR;8;2021-09-23;0;0;0;0;0;0;0;0;0;0;0;0;0;0;0;0;0;0
FR;8;2021-09-24;0;0;0;0;0;0;0;0;0;0;0;0;0;0;0;0;0;0
FR;8;2021-09-25;0;0;0;0;0;0;0;0;0;0;0;0;0;0;0;0;0;0
FR;8;2021-09-26;0;0;0;0;0;0;0;0;0;0;0;0;0;0;0;0;0;0
FR;8;2021-09-27;0;0;0;0;0;0;0;0;0;0;0;0;0;0;0;0;0;0
FR;8;2021-09-28;0;0;0;0;0;0;0;0;0;0;0;0;0;0;0;0;0;0
FR;8;2021-09-29;0;0;0;0;0;0;0;0;0;0;0;0;0;0;0;0;0;0
FR;8;2021-09-30;0;0;0;0;0;0;0;0;0;0;0;0;0;0;0;0;0;0
FR;8;2021-10-01;0;0;0;0;0;0;0;0;0;0;0;0;0;0;0;0;0;0
FR;8;2021-10-02;0;0;0;0;0;0;0;0;0;0;0;0;0;0;0;0;0;0
FR;8;2021-10-03;0;0;0;0;0;0;0;0;0;0;0;0;0;0;0;0;0;0
FR;8;2021-10-04;0;0;0;0;0;0;0;0;0;0;0;0;0;0;0;0;0;0
FR;8;2021-10-05;0;0;0;0;0;0;0;0;0;0;0;0;0;0;0;0;0;0
FR;8;2021-10-06;0;0;0;0;0;0;0;0;0;0;0;0;0;0;0;0;0;0
FR;8;2021-10-07;0;0;0;0;0;0;0;0;0;0;0;0;0;0;0;0;0;0
FR;8;2021-10-08;0;0;0;0;0;0;0;0;0;0;0;0;0;0;0;0;0;0
FR;8;2021-10-09;0;0;0;0;0;0;0;0;0;0;0;0;0;0;0;0;0;0
FR;8;2021-10-10;0;0;0;0;0;0;0;0;0;0;0;0;0;0;0;0;0;0
FR;8;2021-10-11;0;0;0;0;0;0;0;0;0;0;0;0;0;0;0;0;0;0
FR;8;2021-10-12;0;0;0;0;0;0;0;0;0;0;0;0;0;0;0;0;0;0
FR;8;2021-10-13;0;0;0;0;0;0;0;0;0;0;0;0;0;0;0;0;0;0
FR;8;2021-10-14;0;0;0;0;0;0;0;0;0;0;0;0;0;0;0;0;0;0
FR;8;2021-10-15;0;0;0;0;0;0;0;0;0;0;0;0;0;0;0;0;0;0
FR;8;2021-10-16;0;0;0;0;0;0;0;0;0;0;0;0;0;0;0;0;0;0
FR;8;2021-10-17;0;0;0;0;0;0;0;0;0;0;0;0;0;0;0;0;0;0
FR;8;2021-10-18;0;0;0;0;0;0;0;0;0;0;0;0;0;0;0;0;0;0
FR;8;2021-10-19;0;0;0;0;0;0;0;0;0;0;0;0;0;0;0;0;0;0
FR;8;2021-10-20;0;0;0;0;0;0;0;0;0;0;0;0;0;0;0;0;0;0
FR;8;2021-10-21;0;0;0;0;0;0;0;0;0;0;0;0;0;0;0;0;0;0
FR;8;2021-10-22;0;0;0;0;0;0;0;0;0;0;0;0;0;0;0;0;0;0
FR;8;2021-10-23;0;0;0;0;0;0;0;0;0;0;0;0;0;0;0;0;0;0
FR;8;2021-10-24;0;0;0;0;0;0;0;0;0;0;0;0;0;0;0;0;0;0
FR;8;2021-10-25;0;0;0;0;0;0;0;0;0;0;0;0;0;0;0;0;0;0
FR;8;2021-10-26;0;0;0;0;0;0;0;0;0;0;0;0;0;0;0;0;0;0
FR;8;2021-10-27;0;0;0;0;0;0;0;0;0;0;0;0;0;0;0;0;0;0
FR;8;2021-10-28;0;0;0;0;0;0;0;0;0;0;0;0;0;0;0;0;0;0
FR;8;2021-10-29;0;0;0;0;0;0;0;0;0;0;0;0;0;0;0;0;0;0
FR;8;2021-10-30;0;0;0;0;0;0;0;0;0;0;0;0;0;0;0;0;0;0
FR;8;2021-10-31;0;0;0;0;0;0;0;0;0;0;0;0;0;0;0;0;0;0
FR;8;2021-11-01;0;0;0;0;0;0;0;0;0;0;0;0;0;0;0;0;0;0
FR;8;2021-11-02;0;0;0;0;0;0;0;0;0;0;0;0;0;0;0;0;0;0
FR;8;2021-11-03;0;0;0;0;0;0;0;0;0;0;0;0;0;0;0;0;0;0
FR;8;2021-11-04;0;0;0;0;0;0;0;0;0;0;0;0;0;0;0;0;0;0
FR;8;2021-11-05;0;0;0;0;0;0;0;0;0;0;0;0;0;0;0;0;0;0
FR;8;2021-11-06;0;0;0;0;0;0;0;0;0;0;0;0;0;0;0;0;0;0
FR;8;2021-11-07;0;0;0;0;0;0;0;0;0;0;0;0;0;0;0;0;0;0
FR;8;2021-11-08;0;0;0;0;0;0;0;0;0;0;0;0;0;0;0;0;0;0
FR;8;2021-11-09;0;0;0;0;0;0;0;0;0;0;0;0;0;0;0;0;0;0
FR;8;2021-11-10;0;0;0;0;0;0;0;0;0;0;0;0;0;0;0;0;0;0
FR;8;2021-11-11;0;0;0;0;0;0;0;0;0;0;0;0;0;0;0;0;0;0
FR;8;2021-11-12;0;0;0;0;0;0;0;0;0;0;0;0;0;0;0;0;0;0
FR;8;2021-11-13;0;0;0;0;0;0;0;0;0;0;0;0;0;0;0;0;0;0
FR;8;2021-11-14;0;0;0;0;0;0;0;0;0;0;0;0;0;0;0;0;0;0
FR;8;2021-11-15;0;0;0;0;0;0;0;0;0;0;0;0;0;0;0;0;0;0
FR;8;2021-11-16;0;0;0;0;0;0;0;0;0;0;0;0;0;0;0;0;0;0
FR;8;2021-11-17;0;0;0;0;0;0;0;0;0;0;0;0;0;0;0;0;0;0
FR;8;2021-11-18;0;0;0;0;0;0;0;0;0;0;0;0;0;0;0;0;0;0
FR;8;2021-11-19;0;0;0;0;0;0;0;0;0;0;0;0;0;0;0;0;0;0
FR;8;2021-11-20;0;0;0;0;0;0;0;0;0;0;0;0;0;0;0;0;0;0
FR;8;2021-11-21;0;0;0;0;0;0;0;0;0;0;0;0;0;0;0;0;0;0
FR;8;2021-11-22;0;0;0;0;0;0;0;0;0;0;0;0;0;0;0;0;0;0
FR;8;2021-11-23;0;0;0;0;0;0;0;0;0;0;0;0;0;0;0;0;0;0
FR;8;2021-11-24;0;0;0;0;0;0;0;0;0;0;0;0;0;0;0;0;0;0
FR;8;2021-11-25;0;0;0;0;0;0;0;0;0;0;0;0;0;0;0;0;0;0
FR;8;2021-11-26;0;0;0;0;0;0;0;0;0;0;0;0;0;0;0;0;0;0
FR;8;2021-11-27;0;0;0;0;0;0;0;0;0;0;0;0;0;0;0;0;0;0
FR;8;2021-11-28;0;0;0;0;0;0;0;0;0;0;0;0;0;0;0;0;0;0
FR;8;2021-11-29;0;0;0;0;0;0;0;0;0;0;0;0;0;0;0;0;0;0
FR;8;2021-11-30;0;0;0;0;0;0;0;0;0;0;0;0;0;0;0;0;0;0
FR;8;2021-12-01;0;0;0;0;0;0;0;0;0;0;0;0;0;0;0;0;0;0
FR;8;2021-12-02;0;0;0;0;0;0;0;0;0;0;0;0;0;0;0;0;0;0
FR;8;2021-12-03;0;0;0;0;0;0;0;0;0;0;0;0;0;0;0;0;0;0
FR;8;2021-12-04;0;0;0;0;0;0;0;0;0;0;0;0;0;0;0;0;0;0
FR;8;2021-12-05;0;0;0;0;0;0;0;0;0;0;0;0;0;0;0;0;0;0
FR;8;2021-12-06;0;0;0;0;0;0;0;0;0;0;0;0;0;0;0;0;0;0
FR;8;2021-12-07;0;0;0;0;0;0;0;0;0;0;0;0;0;0;0;0;0;0
FR;8;2021-12-08;0;0;0;0;0;0;0;0;0;0;0;0;0;0;0;0;0;0
FR;8;2021-12-09;0;0;0;0;0;0;0;0;0;0;0;0;0;0;0;0;0;0
FR;8;2021-12-10;0;0;0;0;0;0;0;0;0;0;0;0;0;0;0;0;0;0
FR;8;2021-12-11;0;0;0;0;0;0;0;0;0;0;0;0;0;0;0;0;0;0
FR;8;2021-12-12;0;0;0;0;0;0;0;0;0;0;0;0;0;0;0;0;0;0
FR;8;2021-12-13;0;0;0;0;0;0;0;0;0;0;0;0;0;0;0;0;0;0
FR;8;2021-12-14;0;0;0;0;0;0;0;0;0;0;0;0;0;0;0;0;0;0
FR;8;2021-12-15;0;0;0;0;0;0;0;0;0;0;0;0;0;0;0;0;0;0
FR;8;2021-12-16;0;0;0;0;0;0;0;0;0;0;0;0;0;0;0;0;0;0
FR;8;2021-12-17;0;0;0;0;0;0;0;0;0;0;0;0;0;0;0;0;0;0
FR;8;2021-12-18;0;0;0;0;0;0;0;0;0;0;0;0;0;0;0;0;0;0
FR;8;2021-12-19;0;0;0;0;0;0;0;0;0;0;0;0;0;0;0;0;0;0
FR;8;2021-12-20;0;0;0;0;0;0;0;0;0;0;0;0;0;0;0;0;0;0
FR;8;2021-12-21;0;0;0;0;0;0;0;0;0;0;0;0;0;0;0;0;0;0
FR;8;2021-12-22;0;0;0;0;0;0;0;0;0;0;0;0;0;0;0;0;0;0
FR;8;2021-12-23;0;0;0;0;0;0;0;0;0;0;0;0;0;0;0;0;0;0
FR;8;2021-12-24;0;0;0;0;0;0;0;0;0;0;0;0;0;0;0;0;0;0
FR;8;2021-12-25;0;0;0;0;0;0;0;0;0;0;0;0;0;0;0;0;0;0
FR;8;2021-12-26;0;0;0;0;0;0;0;0;0;0;0;0;0;0;0;0;0;0
FR;8;2021-12-27;0;0;0;0;0;0;0;0;0;0;0;0;0;0;0;0;0;0
FR;8;2021-12-28;0;0;0;0;0;0;0;0;0;0;0;0;0;0;0;0;0;0
FR;8;2021-12-29;0;0;0;0;0;0;0;0;0;0;0;0;0;0;0;0;0;0
FR;8;2021-12-30;0;0;0;0;0;0;0;0;0;0;0;0;0;0;0;0;0;0
FR;8;2021-12-31;0;0;0;0;0;0;0;0;0;0;0;0;0;0;0;0;0;0
FR;8;2022-01-01;0;0;0;0;0;0;0;0;0;0;0;0;0;0;0;0;0;0
FR;8;2022-01-02;0;0;0;0;0;0;0;0;0;0;0;0;0;0;0;0;0;0
FR;8;2022-01-03;0;0;0;0;0;0;0;0;0;0;0;0;0;0;0;0;0;0
FR;8;2022-01-04;0;0;0;0;0;0;0;0;0;0;0;0;0;0;0;0;0;0
FR;8;2022-01-05;0;0;0;0;0;0;0;0;0;0;0;0;0;0;0;0;0;0
FR;8;2022-01-06;0;0;0;0;0;0;0;0;0;0;0;0;0;0;0;0;0;0
FR;8;2022-01-07;0;0;0;0;0;0;0;0;0;0;0;0;0;0;0;0;0;0
FR;8;2022-01-08;0;0;0;0;0;0;0;0;0;0;0;0;0;0;0;0;0;0
FR;8;2022-01-09;0;0;0;0;0;0;0;0;0;0;0;0;0;0;0;0;0;0
FR;8;2022-01-10;0;0;0;0;0;0;0;0;0;0;0;0;0;0;0;0;0;0
FR;8;2022-01-11;0;0;0;0;0;0;0;0;0;0;0;0;0;0;0;0;0;0
FR;8;2022-01-12;0;0;0;0;0;0;0;0;0;0;0;0;0;0;0;0;0;0
FR;8;2022-01-13;0;0;0;0;0;0;0;0;0;0;0;0;0;0;0;0;0;0
FR;8;2022-01-14;0;0;0;0;0;0;0;0;0;0;0;0;0;0;0;0;0;0
FR;8;2022-01-15;0;0;0;0;0;0;0;0;0;0;0;0;0;0;0;0;0;0
FR;8;2022-01-16;0;0;0;0;0;0;0;0;0;0;0;0;0;0;0;0;0;0
FR;8;2022-01-17;0;0;0;0;0;0;0;0;0;0;0;0;0;0;0;0;0;0
FR;8;2022-01-18;0;0;0;0;0;0;0;0;0;0;0;0;0;0;0;0;0;0
FR;8;2022-01-19;0;0;0;0;0;0;0;0;0;0;0;0;0;0;0;0;0;0
FR;8;2022-01-20;0;0;0;0;0;0;0;0;0;0;0;0;0;0;0;0;0;0
FR;8;2022-01-21;0;0;0;0;0;0;0;0;0;0;0;0;0;0;0;0;0;0
FR;8;2022-01-22;0;0;0;0;0;0;0;0;0;0;0;0;0;0;0;0;0;0
FR;8;2022-01-23;0;0;0;0;0;0;0;0;0;0;0;0;0;0;0;0;0;0
FR;8;2022-01-24;0;0;0;0;0;0;0;0;0;0;0;0;0;0;0;0;0;0
FR;8;2022-01-25;0;0;0;0;0;0;0;0;0;0;0;0;0;0;0;0;0;0
FR;8;2022-01-26;0;0;0;0;0;0;0;0;0;0;0;0;0;0;0;0;0;0
FR;8;2022-01-27;0;0;0;0;0;0;0;0;0;0;0;0;0;0;0;0;0;0
FR;8;2022-01-28;0;0;0;0;0;0;0;0;0;0;0;0;0;0;0;0;0;0
FR;8;2022-01-29;0;0;0;0;0;0;0;0;0;0;0;0;0;0;0;0;0;0
FR;8;2022-01-30;0;0;0;0;0;0;0;0;0;0;0;0;0;0;0;0;0;0
FR;8;2022-01-31;0;0;0;0;0;0;0;0;0;0;0;0;0;0;0;0;0;0
FR;8;2022-02-01;0;0;0;0;0;0;0;0;0;0;0;0;0;0;0;0;0;0
FR;8;2022-02-02;0;0;0;0;0;0;0;0;0;0;0;0;0;0;0;0;0;0
FR;8;2022-02-03;0;0;0;0;0;0;0;0;0;0;0;0;0;0;0;0;0;0
FR;8;2022-02-04;0;0;0;0;0;0;0;0;0;0;0;0;0;0;0;0;0;0
FR;8;2022-02-05;0;0;0;0;0;0;0;0;0;0;0;0;0;0;0;0;0;0
FR;8;2022-02-06;0;0;0;0;0;0;0;0;0;0;0;0;0;0;0;0;0;0
FR;8;2022-02-07;0;0;0;0;0;0;0;0;0;0;0;0;0;0;0;0;0;0
FR;8;2022-02-08;0;0;0;0;0;0;0;0;0;0;0;0;0;0;0;0;0;0
FR;8;2022-02-09;0;0;0;0;0;0;0;0;0;0;0;0;0;0;0;0;0;0
FR;8;2022-02-10;0;0;0;0;0;0;0;0;0;0;0;0;0;0;0;0;0;0
FR;8;2022-02-11;0;0;0;0;0;0;0;0;0;0;0;0;0;0;0;0;0;0
FR;8;2022-02-12;0;0;0;0;0;0;0;0;0;0;0;0;0;0;0;0;0;0
FR;8;2022-02-13;0;0;0;0;0;0;0;0;0;0;0;0;0;0;0;0;0;0
FR;8;2022-02-14;0;0;0;0;0;0;0;0;0;0;0;0;0;0;0;0;0;0
FR;8;2022-02-15;0;0;0;0;0;0;0;0;0;0;0;0;0;0;0;0;0;0
FR;8;2022-02-16;0;0;0;0;0;0;0;0;0;0;0;0;0;0;0;0;0;0
FR;8;2022-02-17;0;0;0;0;0;0;0;0;0;0;0;0;0;0;0;0;0;0
FR;8;2022-02-18;0;0;0;0;0;0;0;0;0;0;0;0;0;0;0;0;0;0
FR;8;2022-02-19;0;0;0;0;0;0;0;0;0;0;0;0;0;0;0;0;0;0
FR;8;2022-02-20;0;0;0;0;0;0;0;0;0;0;0;0;0;0;0;0;0;0
FR;8;2022-02-21;0;0;0;0;0;0;0;0;0;0;0;0;0;0;0;0;0;0
FR;8;2022-02-22;0;0;0;0;0;0;0;0;0;0;0;0;0;0;0;0;0;0
FR;8;2022-02-23;0;0;0;0;0;0;0;0;0;0;0;0;0;0;0;0;0;0
FR;8;2022-02-24;0;0;0;0;0;0;0;0;0;0;0;0;0;0;0;0;0;0
FR;8;2022-02-25;0;0;0;0;0;0;0;0;0;0;0;0;0;0;0;0;0;0
FR;8;2022-02-26;0;0;0;0;0;0;0;0;0;0;0;0;0;0;0;0;0;0
FR;8;2022-02-27;0;0;0;0;0;0;0;0;0;0;0;0;0;0;0;0;0;0
FR;8;2022-02-28;0;0;0;0;0;0;0;0;0;0;0;0;0;0;0;0;0;0
FR;8;2022-03-01;0;0;0;0;0;0;0;0;0;0;0;0;0;0;0;0;0;0
FR;8;2022-03-02;0;0;0;0;0;0;0;0;0;0;0;0;0;0;0;0;0;0
FR;8;2022-03-03;0;0;0;0;0;0;0;0;0;0;0;0;0;0;0;0;0;0
FR;8;2022-03-04;0;0;0;0;0;0;0;0;0;0;0;0;0;0;0;0;0;0
FR;8;2022-03-05;0;0;0;0;0;0;0;0;0;0;0;0;0;0;0;0;0;0
FR;8;2022-03-06;0;0;0;0;0;0;0;0;0;0;0;0;0;0;0;0;0;0
FR;8;2022-03-07;0;0;0;0;0;0;0;0;0;0;0;0;0;0;0;0;0;0
FR;8;2022-03-08;0;0;0;0;0;0;0;0;0;0;0;0;0;0;0;0;0;0
FR;8;2022-03-09;0;0;0;0;0;0;0;0;0;0;0;0;0;0;0;0;0;0
FR;8;2022-03-10;0;0;0;0;0;0;0;0;0;0;0;0;0;0;0;0;0;0
FR;8;2022-03-11;0;0;0;0;0;0;0;0;0;0;0;0;0;0;0;0;0;0
FR;8;2022-03-12;0;0;0;0;0;0;0;0;0;0;0;0;0;0;0;0;0;0
FR;8;2022-03-13;0;0;0;0;0;0;0;0;0;0;0;0;0;0;0;0;0;0
FR;8;2022-03-14;0;0;0;0;0;0;0;0;0;0;0;0;0;0;0;0;0;0
FR;8;2022-03-15;0;0;0;0;0;0;0;0;0;0;0;0;0;0;0;0;0;0
FR;8;2022-03-16;0;0;0;0;0;0;0;0;0;0;0;0;0;0;0;0;0;0
FR;8;2022-03-17;0;0;0;0;0;0;0;0;0;0;0;0;0;0;0;0;0;0
FR;8;2022-03-18;0;0;0;0;0;0;0;0;0;0;0;0;0;0;0;0;0;0
FR;8;2022-03-19;0;0;0;0;0;0;0;0;0;0;0;0;0;0;0;0;0;0
FR;8;2022-03-20;0;0;0;0;0;0;0;0;0;0;0;0;0;0;0;0;0;0
FR;8;2022-03-21;0;0;0;0;0;0;0;0;0;0;0;0;0;0;0;0;0;0
FR;8;2022-03-22;0;0;0;0;0;0;0;0;0;0;0;0;0;0;0;0;0;0
FR;8;2022-03-23;0;0;0;0;0;0;0;0;0;0;0;0;0;0;0;0;0;0
FR;8;2022-03-24;0;0;0;0;0;0;0;0;0;0;0;0;0;0;0;0;0;0
FR;8;2022-03-25;0;0;0;0;0;0;0;0;0;0;0;0;0;0;0;0;0;0
FR;8;2022-03-26;0;0;0;0;0;0;0;0;0;0;0;0;0;0;0;0;0;0
FR;8;2022-03-27;0;0;0;0;0;0;0;0;0;0;0;0;0;0;0;0;0;0
FR;8;2022-03-28;0;0;0;0;0;0;0;0;0;0;0;0;0;0;0;0;0;0
FR;8;2022-03-29;0;0;0;0;0;0;0;0;0;0;0;0;0;0;0;0;0;0
FR;8;2022-03-30;0;0;0;0;0;0;0;0;0;0;0;0;0;0;0;0;0;0
FR;8;2022-03-31;0;0;0;0;0;0;0;0;0;0;0;0;0;0;0;0;0;0
FR;8;2022-04-01;0;0;0;0;0;0;0;0;0;0;0;0;0;0;0;0;0;0
FR;8;2022-04-02;0;0;0;0;0;0;0;0;0;0;0;0;0;0;0;0;0;0
FR;8;2022-04-03;0;0;0;0;0;0;0;0;0;0;0;0;0;0;0;0;0;0
FR;8;2022-04-04;0;0;0;0;0;0;0;0;0;0;0;0;0;0;0;0;0;0
FR;8;2022-04-05;0;0;0;0;0;0;0;0;0;0;0;0;0;0;0;0;0;0
FR;8;2022-04-06;0;0;0;0;0;0;0;0;0;0;0;0;0;0;0;0;0;0
FR;8;2022-04-07;0;0;0;0;0;0;0;0;0;0;0;0;0;0;0;0;0;0
FR;8;2022-04-08;0;0;0;0;0;0;0;0;0;0;0;0;0;0;0;0;0;0
FR;8;2022-04-09;0;0;0;0;0;0;0;0;0;0;0;0;0;0;0;0;0;0
FR;8;2022-04-10;0;0;0;0;0;0;0;0;0;0;0;0;0;0;0;0;0;0
FR;8;2022-04-11;0;0;0;0;0;0;0;0;0;0;0;0;0;0;0;0;0;0
FR;8;2022-04-12;0;0;0;0;0;0;0;0;0;0;0;0;0;0;0;0;0;0
FR;8;2022-04-13;0;0;0;0;0;0;0;0;0;0;0;0;0;0;0;0;0;0
FR;8;2022-04-14;0;0;0;0;0;0;0;0;0;0;0;0;0;0;0;0;0;0
FR;8;2022-04-15;0;0;0;0;0;0;0;0;0;0;0;0;0;0;0;0;0;0
FR;8;2022-04-16;0;0;0;0;0;0;0;0;0;0;0;0;0;0;0;0;0;0
FR;8;2022-04-17;0;0;0;0;0;0;0;0;0;0;0;0;0;0;0;0;0;0
FR;8;2022-04-18;0;0;0;0;0;0;0;0;0;0;0;0;0;0;0;0;0;0
FR;8;2022-04-19;0;0;0;0;0;0;0;0;0;0;0;0;0;0;0;0;0;0
FR;8;2022-04-20;0;0;0;0;0;0;0;0;0;0;0;0;0;0;0;0;0;0
FR;8;2022-04-21;0;0;0;0;0;0;0;0;0;0;0;0;0;0;0;0;0;0
FR;8;2022-04-22;0;0;0;0;0;0;0;0;0;0;0;0;0;0;0;0;0;0
FR;8;2022-04-23;0;0;0;0;0;0;0;0;0;0;0;0;0;0;0;0;0;0
FR;8;2022-04-24;0;0;0;0;0;0;0;0;0;0;0;0;0;0;0;0;0;0
FR;8;2022-04-25;0;0;0;0;0;0;0;0;0;0;0;0;0;0;0;0;0;0
FR;8;2022-04-26;0;0;0;0;0;0;0;0;0;0;0;0;0;0;0;0;0;0
FR;8;2022-04-27;0;0;0;0;0;0;0;0;0;0;0;0;0;0;0;0;0;0
FR;8;2022-04-28;0;0;0;0;0;0;0;0;0;0;0;0;0;0;0;0;0;0
FR;8;2022-04-29;0;0;0;0;0;0;0;0;0;0;0;0;0;0;0;0;0;0
FR;8;2022-04-30;0;0;0;0;0;0;0;0;0;0;0;0;0;0;0;0;0;0
FR;8;2022-05-01;0;0;0;0;0;0;0;0;0;0;0;0;0;0;0;0;0;0
FR;8;2022-05-02;0;0;0;0;0;0;0;0;0;0;0;0;0;0;0;0;0;0
FR;8;2022-05-03;0;0;0;0;0;0;0;0;0;0;0;0;0;0;0;0;0;0
FR;8;2022-05-04;0;0;0;0;0;0;0;0;0;0;0;0;0;0;0;0;0;0
FR;8;2022-05-05;0;0;0;0;0;0;0;0;0;0;0;0;0;0;0;0;0;0
FR;8;2022-05-06;0;0;0;0;0;0;0;0;0;0;0;0;0;0;0;0;0;0
FR;8;2022-05-07;0;0;0;0;0;0;0;0;0;0;0;0;0;0;0;0;0;0
FR;8;2022-05-08;0;0;0;0;0;0;0;0;0;0;0;0;0;0;0;0;0;0
FR;8;2022-05-09;0;0;0;0;0;0;0;0;0;0;0;0;0;0;0;0;0;0
FR;8;2022-05-10;0;0;0;0;0;0;0;0;0;0;0;0;0;0;0;0;0;0
FR;8;2022-05-11;0;0;0;0;0;0;0;0;0;0;0;0;0;0;0;0;0;0
FR;8;2022-05-12;0;0;0;0;0;0;0;0;0;0;0;0;0;0;0;0;0;0
FR;8;2022-05-13;0;0;0;0;0;0;0;0;0;0;0;0;0;0;0;0;0;0
FR;8;2022-05-14;0;0;0;0;0;0;0;0;0;0;0;0;0;0;0;0;0;0
FR;8;2022-05-15;0;0;0;0;0;0;0;0;0;0;0;0;0;0;0;0;0;0
FR;8;2022-05-16;0;0;0;0;0;0;0;0;0;0;0;0;0;0;0;0;0;0
FR;8;2022-05-17;0;0;0;0;0;0;0;0;0;0;0;0;0;0;0;0;0;0
FR;8;2022-05-18;0;0;0;0;0;0;0;0;0;0;0;0;0;0;0;0;0;0
FR;8;2022-05-19;0;0;0;0;0;0;0;0;0;0;0;0;0;0;0;0;0;0
FR;8;2022-05-20;0;0;0;0;0;0;0;0;0;0;0;0;0;0;0;0;0;0
FR;8;2022-05-21;0;0;0;0;0;0;0;0;0;0;0;0;0;0;0;0;0;0
FR;8;2022-05-22;0;0;0;0;0;0;0;0;0;0;0;0;0;0;0;0;0;0
FR;8;2022-05-23;0;0;0;0;0;0;0;0;0;0;0;0;0;0;0;0;0;0
FR;8;2022-05-24;0;0;0;0;0;0;0;0;0;0;0;0;0;0;0;0;0;0
FR;8;2022-05-25;0;0;0;0;0;0;0;0;0;0;0;0;0;0;0;0;0;0
FR;8;2022-05-26;0;0;0;0;0;0;0;0;0;0;0;0;0;0;0;0;0;0
FR;8;2022-05-27;0;0;0;0;0;0;0;0;0;0;0;0;0;0;0;0;0;0
FR;8;2022-05-28;0;0;0;0;0;0;0;0;0;0;0;0;0;0;0;0;0;0
FR;8;2022-05-29;0;0;0;0;0;0;0;0;0;0;0;0;0;0;0;0;0;0
FR;8;2022-05-30;0;0;0;0;0;0;0;0;0;0;0;0;0;0;0;0;0;0
FR;8;2022-05-31;0;0;0;0;0;0;0;0;0;0;0;0;0;0;0;0;0;0
FR;8;2022-06-01;0;0;0;0;0;0;0;0;0;0;0;0;0;0;0;0;0;0
FR;8;2022-06-02;0;0;0;0;0;0;0;0;0;0;0;0;0;0;0;0;0;0
FR;8;2022-06-03;0;0;0;0;0;0;0;0;0;0;0;0;0;0;0;0;0;0
FR;8;2022-06-04;0;0;0;0;0;0;0;0;0;0;0;0;0;0;0;0;0;0
FR;8;2022-06-05;0;0;0;0;0;0;0;0;0;0;0;0;0;0;0;0;0;0
FR;8;2022-06-06;0;0;0;0;0;0;0;0;0;0;0;0;0;0;0;0;0;0
FR;8;2022-06-07;0;0;0;0;0;0;0;0;0;0;0;0;0;0;0;0;0;0
FR;8;2022-06-08;0;0;0;0;0;0;0;0;0;0;0;0;0;0;0;0;0;0
FR;8;2022-06-09;0;0;0;0;0;0;0;0;0;0;0;0;0;0;0;0;0;0
FR;8;2022-06-10;0;0;0;0;0;0;0;0;0;0;0;0;0;0;0;0;0;0
FR;8;2022-06-11;0;0;0;0;0;0;0;0;0;0;0;0;0;0;0;0;0;0
FR;8;2022-06-12;0;0;0;0;0;0;0;0;0;0;0;0;0;0;0;0;0;0
FR;8;2022-06-13;0;0;0;0;0;0;0;0;0;0;0;0;0;0;0;0;0;0
FR;8;2022-06-14;0;0;0;0;0;0;0;0;0;0;0;0;0;0;0;0;0;0
FR;8;2022-06-15;0;0;0;0;0;0;0;0;0;0;0;0;0;0;0;0;0;0
FR;8;2022-06-16;0;0;0;0;0;0;0;0;0;0;0;0;0;0;0;0;0;0
FR;8;2022-06-17;0;0;0;0;0;0;0;0;0;0;0;0;0;0;0;0;0;0
FR;8;2022-06-18;0;0;0;0;0;0;0;0;0;0;0;0;0;0;0;0;0;0
FR;8;2022-06-19;0;0;0;0;0;0;0;0;0;0;0;0;0;0;0;0;0;0
FR;8;2022-06-20;0;0;0;0;0;0;0;0;0;0;0;0;0;0;0;0;0;0
FR;8;2022-06-21;0;0;0;0;0;0;0;0;0;0;0;0;0;0;0;0;0;0
FR;8;2022-06-22;0;0;0;0;0;0;0;0;0;0;0;0;0;0;0;0;0;0
FR;8;2022-06-23;0;0;0;0;0;0;0;0;0;0;0;0;0;0;0;0;0;0
FR;8;2022-06-24;0;0;0;0;0;0;0;0;0;0;0;0;0;0;0;0;0;0
FR;8;2022-06-25;0;0;0;0;0;0;0;0;0;0;0;0;0;0;0;0;0;0
FR;8;2022-06-26;0;0;0;0;0;0;0;0;0;0;0;0;0;0;0;0;0;0
FR;8;2022-06-27;0;0;0;0;0;0;0;0;0;0;0;0;0;0;0;0;0;0
FR;8;2022-06-28;0;0;0;0;0;0;0;0;0;0;0;0;0;0;0;0;0;0
FR;8;2022-06-29;0;0;0;0;0;0;0;0;0;0;0;0;0;0;0;0;0;0
FR;8;2022-06-30;0;0;0;0;0;0;0;0;0;0;0;0;0;0;0;0;0;0
FR;8;2022-07-01;0;0;0;0;0;0;0;0;0;0;0;0;0;0;0;0;0;0
FR;8;2022-07-02;0;0;0;0;0;0;0;0;0;0;0;0;0;0;0;0;0;0
FR;8;2022-07-03;0;0;0;0;0;0;0;0;0;0;0;0;0;0;0;0;0;0
FR;8;2022-07-04;0;0;0;0;0;0;0;0;0;0;0;0;0;0;0;0;0;0
FR;8;2022-07-05;0;0;0;0;0;0;0;0;0;0;0;0;0;0;0;0;0;0
FR;8;2022-07-06;0;0;0;0;0;0;0;0;0;0;0;0;0;0;0;0;0;0
FR;8;2022-07-07;0;0;0;0;0;0;0;0;0;0;0;0;0;0;0;0;0;0
FR;8;2022-07-08;0;0;0;0;0;0;0;0;0;0;0;0;0;0;0;0;0;0
FR;8;2022-07-09;0;0;0;0;0;0;0;0;0;0;0;0;0;0;0;0;0;0
FR;8;2022-07-10;0;0;0;0;0;0;0;0;0;0;0;0;0;0;0;0;0;0
FR;8;2022-07-11;0;0;0;0;0;0;0;0;0;0;0;0;0;0;0;0;0;0
FR;8;2022-07-12;0;0;0;0;0;0;0;0;0;0;0;0;0;0;0;0;0;0
FR;8;2022-07-13;0;0;0;0;0;0;0;0;0;0;0;0;0;0;0;0;0;0
FR;8;2022-07-14;0;0;0;0;0;0;0;0;0;0;0;0;0;0;0;0;0;0
FR;8;2022-07-15;0;0;0;0;0;0;0;0;0;0;0;0;0;0;0;0;0;0
FR;8;2022-07-16;0;0;0;0;0;0;0;0;0;0;0;0;0;0;0;0;0;0
FR;8;2022-07-17;0;0;0;0;0;0;0;0;0;0;0;0;0;0;0;0;0;0
FR;8;2022-07-18;0;0;0;0;0;0;0;0;0;0;0;0;0;0;0;0;0;0
FR;8;2022-07-19;0;0;0;0;0;0;0;0;0;0;0;0;0;0;0;0;0;0
FR;8;2022-07-20;0;0;0;0;0;0;0;0;0;0;0;0;0;0;0;0;0;0
FR;8;2022-07-21;0;0;0;0;0;0;0;0;0;0;0;0;0;0;0;0;0;0
FR;8;2022-07-22;0;0;0;0;0;0;0;0;0;0;0;0;0;0;0;0;0;0
FR;8;2022-07-23;0;0;0;0;0;0;0;0;0;0;0;0;0;0;0;0;0;0
FR;8;2022-07-24;0;0;0;0;0;0;0;0;0;0;0;0;0;0;0;0;0;0
FR;8;2022-07-25;0;0;0;0;0;0;0;0;0;0;0;0;0;0;0;0;0;0
FR;8;2022-07-26;0;0;0;0;0;0;0;0;0;0;0;0;0;0;0;0;0;0
FR;8;2022-07-27;0;0;0;0;0;0;0;0;0;0;0;0;0;0;0;0;0;0
FR;8;2022-07-28;0;0;0;0;0;0;0;0;0;0;0;0;0;0;0;0;0;0
FR;8;2022-07-29;0;0;0;0;0;0;0;0;0;0;0;0;0;0;0;0;0;0
FR;8;2022-07-30;0;0;0;0;0;0;0;0;0;0;0;0;0;0;0;0;0;0
FR;8;2022-07-31;0;0;0;0;0;0;0;0;0;0;0;0;0;0;0;0;0;0
FR;8;2022-08-01;0;0;0;0;0;0;0;0;0;0;0;0;0;0;0;0;0;0
FR;8;2022-08-02;0;0;0;0;0;0;0;0;0;0;0;0;0;0;0;0;0;0
FR;8;2022-08-03;0;0;0;0;0;0;0;0;0;0;0;0;0;0;0;0;0;0
FR;8;2022-08-04;0;0;0;0;0;0;0;0;0;0;0;0;0;0;0;0;0;0
FR;8;2022-08-05;0;0;0;0;0;0;0;0;0;0;0;0;0;0;0;0;0;0
FR;8;2022-08-06;0;0;0;0;0;0;0;0;0;0;0;0;0;0;0;0;0;0
FR;8;2022-08-07;0;0;0;0;0;0;0;0;0;0;0;0;0;0;0;0;0;0
FR;8;2022-08-08;0;0;0;0;0;0;0;0;0;0;0;0;0;0;0;0;0;0
FR;8;2022-08-09;0;0;0;0;0;0;0;0;0;0;0;0;0;0;0;0;0;0
FR;8;2022-08-10;0;0;0;0;0;0;0;0;0;0;0;0;0;0;0;0;0;0
FR;8;2022-08-11;0;0;0;0;0;0;0;0;0;0;0;0;0;0;0;0;0;0
FR;8;2022-08-12;0;0;0;0;0;0;0;0;0;0;0;0;0;0;0;0;0;0
FR;8;2022-08-13;0;0;0;0;0;0;0;0;0;0;0;0;0;0;0;0;0;0
FR;8;2022-08-14;0;0;0;0;0;0;0;0;0;0;0;0;0;0;0;0;0;0
FR;8;2022-08-15;0;0;0;0;0;0;0;0;0;0;0;0;0;0;0;0;0;0
FR;8;2022-08-16;0;0;0;0;0;0;0;0;0;0;0;0;0;0;0;0;0;0
FR;8;2022-08-17;0;0;0;0;0;0;0;0;0;0;0;0;0;0;0;0;0;0
FR;8;2022-08-18;0;0;0;0;0;0;0;0;0;0;0;0;0;0;0;0;0;0
FR;8;2022-08-19;0;0;0;0;0;0;0;0;0;0;0;0;0;0;0;0;0;0
FR;8;2022-08-20;0;0;0;0;0;0;0;0;0;0;0;0;0;0;0;0;0;0
FR;8;2022-08-21;0;0;0;0;0;0;0;0;0;0;0;0;0;0;0;0;0;0
FR;8;2022-08-22;0;0;0;0;0;0;0;0;0;0;0;0;0;0;0;0;0;0
FR;8;2022-08-23;0;0;0;0;0;0;0;0;0;0;0;0;0;0;0;0;0;0
FR;8;2022-08-24;0;0;0;0;0;0;0;0;0;0;0;0;0;0;0;0;0;0
FR;8;2022-08-25;0;0;0;0;0;0;0;0;0;0;0;0;0;0;0;0;0;0
FR;8;2022-08-26;0;0;0;0;0;0;0;0;0;0;0;0;0;0;0;0;0;0
FR;8;2022-08-27;0;0;0;0;0;0;0;0;0;0;0;0;0;0;0;0;0;0
FR;8;2022-08-28;0;0;0;0;0;0;0;0;0;0;0;0;0;0;0;0;0;0
FR;8;2022-08-29;0;0;0;0;0;0;0;0;0;0;0;0;0;0;0;0;0;0
FR;8;2022-08-30;0;0;0;0;0;0;0;0;0;0;0;0;0;0;0;0;0;0
FR;8;2022-08-31;0;0;0;0;0;0;0;0;0;0;0;0;0;0;0;0;0;0
FR;8;2022-09-01;0;0;0;0;0;0;0;0;0;0;0;0;0;0;0;0;0;0
FR;8;2022-09-02;0;0;0;0;0;0;0;0;0;0;0;0;0;0;0;0;0;0
FR;8;2022-09-03;0;0;0;0;0;0;0;0;0;0;0;0;0;0;0;0;0;0
FR;8;2022-09-04;0;0;0;0;0;0;0;0;0;0;0;0;0;0;0;0;0;0
FR;8;2022-09-05;0;0;0;0;0;0;0;0;0;0;0;0;0;0;0;0;0;0
FR;8;2022-09-06;0;0;0;0;0;0;0;0;0;0;0;0;0;0;0;0;0;0
FR;8;2022-09-07;0;0;0;0;0;0;0;0;0;0;0;0;0;0;0;0;0;0
FR;8;2022-09-08;0;0;0;0;0;0;0;0;0;0;0;0;0;0;0;0;0;0
FR;8;2022-09-09;0;0;0;0;0;0;0;0;0;0;0;0;0;0;0;0;0;0
FR;8;2022-09-10;0;0;0;0;0;0;0;0;0;0;0;0;0;0;0;0;0;0
FR;8;2022-09-11;0;0;0;0;0;0;0;0;0;0;0;0;0;0;0;0;0;0
FR;8;2022-09-12;0;0;0;0;0;0;0;0;0;0;0;0;0;0;0;0;0;0
FR;8;2022-09-13;0;0;0;0;0;0;0;0;0;0;0;0;0;0;0;0;0;0
FR;8;2022-09-14;0;0;0;0;0;0;0;0;0;0;0;0;0;0;0;0;0;0
FR;8;2022-09-15;0;0;0;0;0;0;0;0;0;0;0;0;0;0;0;0;0;0
FR;8;2022-09-16;0;0;0;0;0;0;0;0;0;0;0;0;0;0;0;0;0;0
FR;8;2022-09-17;0;0;0;0;0;0;0;0;0;0;0;0;0;0;0;0;0;0
FR;8;2022-09-18;0;0;0;0;0;0;0;0;0;0;0;0;0;0;0;0;0;0
FR;8;2022-09-19;0;0;0;0;0;0;0;0;0;0;0;0;0;0;0;0;0;0
FR;8;2022-09-20;0;0;0;0;0;0;0;0;0;0;0;0;0;0;0;0;0;0
FR;8;2022-09-21;0;0;0;0;0;0;0;0;0;0;0;0;0;0;0;0;0;0
FR;8;2022-09-22;0;0;0;0;0;0;0;0;0;0;0;0;0;0;0;0;0;0
FR;8;2022-09-23;0;0;0;0;0;0;0;0;0;0;0;0;0;0;0;0;0;0
FR;8;2022-09-24;0;0;0;0;0;0;0;0;0;0;0;0;0;0;0;0;0;0
FR;8;2022-09-25;0;0;0;0;0;0;0;0;0;0;0;0;0;0;0;0;0;0
FR;8;2022-09-26;0;0;0;0;0;0;0;0;0;0;0;0;0;0;0;0;0;0
FR;8;2022-09-27;0;0;0;0;0;0;0;0;0;0;0;0;0;0;0;0;0;0
FR;8;2022-09-28;0;0;0;0;0;0;0;0;0;0;0;0;0;0;0;0;0;0
FR;8;2022-09-29;0;0;0;0;0;0;0;0;0;0;0;0;0;0;0;0;0;0
FR;8;2022-09-30;0;0;0;0;0;0;0;0;0;0;0;0;0;0;0;0;0;0
FR;8;2022-10-01;0;0;0;0;0;0;0;0;0;0;0;0;0;0;0;0;0;0
FR;8;2022-10-02;0;0;0;0;0;0;0;0;0;0;0;0;0;0;0;0;0;0
FR;8;2022-10-03;0;0;0;0;0;0;0;0;0;0;0;0;0;0;0;0;0;0
FR;8;2022-10-04;0;0;0;0;0;0;0;0;0;0;0;0;0;0;0;0;0;0
FR;8;2022-10-05;0;0;0;0;0;0;0;0;0;0;0;0;0;0;0;0;0;0
FR;8;2022-10-06;13;17;113;861;8;83;866;1059;110;13;17;113;861;8;83;866;1059;110
FR;8;2022-10-07;75;103;842;8012;63;699;8066;9845;1073;88;120;955;8873;71;782;8932;10904;1183
FR;8;2022-10-08;36;115;610;4057;50;516;4109;5310;676;124;235;1565;12930;121;1298;13041;16214;1859
FR;8;2022-10-09;17;22;145;885;13;132;913;1234;185;141;257;1710;13815;134;1430;13954;17448;2044
FR;8;2022-10-10;124;192;1351;12751;106;1044;12982;16301;2253;265;449;3061;26566;240;2474;26936;33749;4297
FR;8;2022-10-11;195;264;2476;26927;136;2012;27198;33964;4717;460;713;5537;53493;376;4486;54134;67713;9014
FR;8;2022-10-12;161;258;1831;18238;152;1441;18474;23474;3535;621;971;7368;71731;528;5927;72608;91187;12549
FR;8;2022-10-13;209;281;2512;28077;178;1905;28441;35580;5206;830;1252;9880;99808;706;7832;101049;126767;17755
FR;8;2022-10-14;257;419;3272;36247;241;2557;36672;45578;6307;1087;1671;13152;136055;947;10389;137721;172345;24062
FR;8;2022-10-15;105;182;1203;8806;79;1002;8932;11783;1829;1192;1853;14355;144861;1026;11391;146653;184128;25891
FR;8;2022-10-16;34;54;248;1522;26;215;1557;2179;402;1226;1907;14603;146383;1052;11606;148210;186307;26293
FR;8;2022-10-17;159;313;2101;21806;175;1631;22113;28302;4536;1385;2220;16704;168189;1227;13237;170323;214609;30829
FR;8;2022-10-18;274;350;3356;37862;227;2654;38245;50787;9815;1659;2570;20060;206051;1454;15891;208568;265396;40644
FR;8;2022-10-19;201;314;2632;28300;183;2187;28620;38730;7862;1860;2884;22692;234351;1637;18078;237188;304126;48506
FR;8;2022-10-20;257;368;3577;41210;229;2653;41815;55720;11167;2117;3252;26269;275561;1866;20731;279003;359846;59673
FR;8;2022-10-21;326;489;4461;49419;276;3475;50018;66308;12716;2443;3741;30730;324980;2142;24206;329021;426154;72389
FR;8;2022-10-22;127;168;1230;10664;111;927;10850;14745;2949;2570;3909;31960;335644;2253;25133;339871;440899;75338
FR;8;2022-10-23;50;53;266;1762;48;197;1841;2610;571;2620;3962;32226;337406;2301;25330;341712;443509;75909
FR;8;2022-10-24;231;311;2475;24045;174;2074;24343;33552;7084;2851;4273;34701;361451;2475;27404;366055;477061;82993
FR;8;2022-10-25;307;417;4081;43465;257;3138;44064;61314;14009;3158;4690;38782;404916;2732;30542;410119;538375;97002
FR;8;2022-10-26;228;343;2885;28761;186;2381;29040;41472;9963;3386;5033;41667;433677;2918;32923;439159;579847;106965
FR;8;2022-10-27;277;415;3330;36200;243;2636;36676;51266;11889;3663;5448;44997;469877;3161;35559;475835;631113;118854
FR;8;2022-10-28;329;466;3829;39479;258;2864;40202;55136;12001;3992;5914;48826;509356;3419;38423;516037;686249;130855
FR;8;2022-10-29;113;165;1074;8230;94;803;8374;11861;2667;4105;6079;49900;517586;3513;39226;524411;698110;133522
FR;8;2022-10-30;40;53;210;1348;38;180;1394;2063;485;4145;6132;50110;518934;3551;39406;525805;700173;134007
FR;8;2022-10-31;196;260;1665;14543;145;1277;14808;21209;5106;4341;6392;51775;533477;3696;40683;540613;721382;139113
FR;8;2022-11-01;48;43;137;963;25;171;978;1626;474;4389;6435;51912;534440;3721;40854;541591;723008;139587
FR;8;2022-11-02;199;371;2377;23320;205;1982;23714;35066;9303;4588;6806;54289;557760;3926;42836;565305;758074;148890
FR;8;2022-11-03;311;419;3487;36969;260;2604;37612;54691;14376;4899;7225;57776;594729;4186;45440;602917;812765;163266
FR;8;2022-11-04;356;497;3784;40210;262;2976;40733;57999;14179;5255;7722;61560;634939;4448;48416;643650;870764;177445
FR;8;2022-11-05;113;188;1103;8769;122;850;8936;12891;3070;5368;7910;62663;643708;4570;49266;652586;883655;180515
FR;8;2022-11-06;45;56;224;1409;38;205;1442;2250;593;5413;7966;62887;645117;4608;49471;654028;885905;181108
FR;8;2022-11-07;254;281;2324;24844;208;1799;25432;37630;10331;5667;8247;65211;669961;4816;51270;679460;923535;191439
FR;8;2022-11-08;365;507;4340;48401;308;3266;49380;71628;18820;6032;8754;69551;718362;5124;54536;728840;995163;210259
FR;8;2022-11-09;269;370;2879;29182;212;2263;29867;44485;12271;6301;9124;72430;747544;5336;56799;758707;1039648;222530
FR;8;2022-11-10;369;541;3958;40291;310;3028;41203;60577;16206;6670;9665;76388;787835;5646;59827;799910;1100225;238736
FR;8;2022-11-11;40;63;243;1480;34;204;1526;2676;933;6710;9728;76631;789315;5680;60031;801436;1102901;239669
FR;8;2022-11-12;84;165;881;6433;79;687;6636;9894;2552;6794;9893;77512;795748;5759;60718;808072;1112795;242221
FR;8;2022-11-13;36;54;213;1110;35;173;1162;1927;586;6830;9947;77725;796858;5794;60891;809234;1114722;242807
FR;8;2022-11-14;235;307;2242;22451;168;1725;23002;35096;10294;7065;10254;79967;819309;5962;62616;832236;1149818;253101
FR;8;2022-11-15;346;429;3766;42362;263;2871;43269;64818;18544;7411;10683;83733;861671;6225;65487;875505;1214636;271645
FR;8;2022-11-16;308;353;2621;26556;221;2158;27029;41770;12498;7719;11036;86354;888227;6446;67645;902534;1256406;284143
FR;8;2022-11-17;373;431;3386;36876;293;2617;37454;56664;16494;8092;11467;89740;925103;6739;70262;939988;1313070;300637
FR;8;2022-11-18;346;468;4073;42326;290;2977;43177;63687;17429;8438;11935;93813;967429;7029;73239;983165;1376757;318066
FR;8;2022-11-19;121;182;1198;8974;121;844;9156;13833;3795;8559;12117;95011;976403;7150;74083;992321;1390590;321861
FR;8;2022-11-20;35;54;260;1585;38;217;1653;2663;788;8594;12171;95271;977988;7188;74300;993974;1393253;322649
FR;8;2022-11-21;218;303;2078;20125;178;1601;20656;32173;9849;8812;12474;97349;998113;7366;75901;1014630;1425426;332498
FR;8;2022-11-22;338;408;3476;37566;252;2673;38083;58189;17322;9150;12882;100825;1035679;7618;78574;1052713;1483615;349820
FR;8;2022-11-23;234;327;2415;24440;192;2018;24869;39227;12258;9384;13209;103240;1060119;7810;80592;1077582;1522842;362078
FR;8;2022-11-24;349;391;3373;34914;238;2581;35602;55361;17079;9733;13600;106613;1095033;8048;83173;1113184;1578203;379157
FR;8;2022-11-25;309;428;3633;37739;291;2625;38537;57853;16567;10042;14028;110246;1132772;8339;85798;1151721;1636056;395724
FR;8;2022-11-26;172;195;1177;8819;127;898;8976;13689;3784;10214;14223;111423;1141591;8466;86696;1160697;1649745;399508
FR;8;2022-11-27;45;43;227;1545;38;180;1561;2472;721;10259;14266;111650;1143136;8504;86876;1162258;1652217;400229
FR;8;2022-11-28;184;301;2309;23380;172;1703;24044;37329;11508;10443;14567;113959;1166516;8676;88579;1186302;1689546;411737
FR;8;2022-11-29;293;428;3978;44084;217;2943;44770;69162;21326;10736;14995;117937;1210600;8893;91522;1231072;1758708;433063
FR;8;2022-11-30;283;411;3377;34888;227;2545;35652;54725;16410;11019;15406;121314;1245488;9120;94067;1266724;1813433;449473
FR;8;2022-12-01;334;476;4478;49379;274;3132;50155;77729;24279;11353;15882;125792;1294867;9394;97199;1316879;1891162;473752
FR;8;2022-12-02;410;521;5438;58452;307;3742;59629;89818;26257;11763;16403;131230;1353319;9701;100941;1376508;1980980;500009
FR;8;2022-12-03;178;218;1917;16860;108;1327;17272;25842;7207;11941;16621;133147;1370179;9809;102268;1393780;2006822;507216
FR;8;2022-12-04;53;90;489;4056;59;404;4116;6288;1756;11994;16711;133636;1374235;9868;102672;1397896;2013110;508972
FR;8;2022-12-05;292;405;3848;42365;248;2515;43288;66941;20989;12286;17116;137484;1416600;10116;105187;1441184;2080051;529961
FR;8;2022-12-06;428;551;6299;74323;310;4213;75742;117944;37743;12714;17667;143783;1490923;10426;109400;1516926;2197995;567704
FR;8;2022-12-07;364;438;4908;55030;266;3244;56116;87698;28143;13078;18105;148691;1545953;10692;112644;1573042;2285693;595847
FR;8;2022-12-08;454;539;6447;75452;297;4197;77035;120478;38985;13532;18644;155138;1621405;10989;116841;1650077;2406171;634832
FR;8;2022-12-09;546;605;8021;90900;357;5214;92667;143006;44857;14078;19249;163159;1712305;11346;122055;1742744;2549177;679689
FR;8;2022-12-10;264;343;3341;31718;210;2089;32564;48738;13994;14342;19592;166500;1744023;11556;124144;1775308;2597915;693683
FR;8;2022-12-11;90;104;937;7865;66;644;8083;11892;3145;14432;19696;167437;1751888;11622;124788;1783391;2609807;696828
FR;8;2022-12-12;356;464;5857;64345;255;3727;65857;103397;33615;14788;20160;173294;1816233;11877;128515;1849248;2713204;730443
FR;8;2022-12-13;537;612;8428;99114;358;5199;101556;160212;53122;15325;20772;181722;1915347;12235;133714;1950804;2873416;783565
FR;8;2022-12-14;457;534;6363;70055;307;4211;71637;113496;37378;15782;21306;188085;1985402;12542;137925;2022441;2986912;820943
FR;8;2022-12-15;493;660;8161;91747;375;5142;93958;149261;49820;16275;21966;196246;2077149;12917;143067;2116399;3136173;870763
FR;8;2022-12-16;580;712;8875;100312;388;5707;102443;161928;53403;16855;22678;205121;2177461;13305;148774;2218842;3298101;924166
FR;8;2022-12-17;234;308;3145;30070;190;2004;30841;46780;13830;17089;22986;208266;2207531;13495;150778;2249683;3344881;937996
FR;8;2022-12-18;63;94;732;5974;50;499;6122;9296;2646;17152;23080;208998;2213505;13545;151277;2255805;3354177;940642
FR;8;2022-12-19;401;453;5344;53767;265;3368;55330;87759;28879;17553;23533;214342;2267272;13810;154645;2311135;3441936;969521
FR;8;2022-12-20;555;582;7347;76590;349;4754;78687;127122;43353;18108;24115;221689;2343862;14159;159399;2389822;3569058;1012874
FR;8;2022-12-21;425;482;4970;48810;288;3325;50102;81791;28166;18533;24597;226659;2392672;14447;162724;2439924;3650849;1041040
FR;8;2022-12-22;463;526;4588;44283;315;3188;45502;74794;25949;18996;25123;231247;2436955;14762;165912;2485426;3725643;1066989
FR;8;2022-12-23;320;390;2886;25049;253;2101;25697;42323;14407;19316;25513;234133;2462004;15015;168013;2511123;3767966;1081396
FR;8;2022-12-24;70;70;395;2551;41;295;2665;4151;1174;19386;25583;234528;2464555;15056;168308;2513788;3772117;1082570
FR;8;2022-12-25;29;30;106;546;22;84;567;914;260;19415;25613;234634;2465101;15078;168392;2514355;3773031;1082830
FR;8;2022-12-26;244;278;2158;16090;180;1507;16704;26810;8504;19659;25891;236792;2481191;15258;169899;2531059;3799841;1091334
FR;8;2022-12-27;393;453;3776;32420;265;2534;33515;55321;19125;20052;26344;240568;2513611;15523;172433;2564574;3855162;1110459
FR;8;2022-12-28;344;343;2941;24666;192;2055;25254;41763;14334;20396;26687;243509;2538277;15715;174488;2589828;3896925;1124793
FR;8;2022-12-29;298;408;3159;25513;226;2187;26465;43973;15191;20694;27095;246668;2563790;15941;176675;2616293;3940898;1139984
FR;8;2022-12-30;299;344;2445;18677;217;1703;19319;31741;10611;20993;27439;249113;2582467;16158;178378;2635612;3972639;1150595
FR;8;2022-12-31;92;117;453;2959;75;364;3102;4755;1269;21085;27556;249566;2585426;16233;178742;2638714;3977394;1151864
FR;8;2023-01-01;17;30;112;661;14;85;684;995;225;21102;27586;249678;2586087;16247;178827;2639398;3978389;1152089
FR;8;2023-01-02;280;412;2267;18224;244;1614;18684;32077;11694;21382;27998;251945;2604311;16491;180441;2658082;4010466;1163783
FR;8;2023-01-03;473;543;4251;42808;323;2915;43724;80860;33898;21855;28541;256196;2647119;16814;183356;2701806;4091326;1197681
FR;8;2023-01-04;411;477;3494;29985;295;2424;30740;58278;24927;22266;29018;259690;2677104;17109;185780;2732546;4149604;1222608
FR;8;2023-01-05;504;599;4370;41814;401;2934;42708;82001;36039;22770;29617;264060;2718918;17510;188714;2775254;4231605;1258647
FR;8;2023-01-06;515;670;5107;46735;405;3343;47750;89693;38269;23285;30287;269167;2765653;17915;192057;2823004;4321298;1296916
FR;8;2023-01-07;219;289;1703;12300;182;1198;12614;22347;8435;23504;30576;270870;2777953;18097;193255;2835618;4343645;1305351
FR;8;2023-01-08;68;105;443;2744;64;312;2839;5094;1926;23572;30681;271313;2780697;18161;193567;2838457;4348739;1307277
FR;8;2023-01-09;404;480;2621;21477;312;1841;22050;44576;20465;23976;31161;273934;2802174;18473;195408;2860507;4393315;1327742
FR;8;2023-01-10;462;626;4347;40172;391;3064;40936;85037;40653;24438;31787;278281;2842346;18864;198472;2901443;4478352;1368395
FR;8;2023-01-11;349;460;2948;24113;287;2114;24624;51473;24443;24787;32247;281229;2866459;19151;200586;2926067;4529825;1392838
FR;8;2023-01-12;410;542;3657;33167;332;2574;33788;70819;34087;25197;32789;284886;2899626;19483;203160;2959855;4600644;1426925
FR;8;2023-01-13;447;590;4049;34891;339;2863;35485;72858;34131;25644;33379;288935;2934517;19822;206023;2995340;4673502;1461056
FR;8;2023-01-14;178;229;1340;8858;123;956;9040;17182;7106;25822;33608;290275;2943375;19945;206979;3004380;4690684;1468162
FR;8;2023-01-15;63;87;329;1479;53;244;1585;3186;1345;25885;33695;290604;2944854;19998;207223;3005965;4693870;1469507
FR;8;2023-01-16;267;339;1997;15749;198;1433;16010;35206;17560;26152;34034;292601;2960603;20196;208656;3021975;4729076;1487067
FR;8;2023-01-17;361;453;3248;28163;281;2321;28671;64506;33107;26513;34487;295849;2988766;20477;210977;3050646;4793582;1520174
FR;8;2023-01-18;266;407;2191;16821;247;1668;17063;38330;19344;26779;34894;298040;3005587;20724;212645;3067709;4831912;1539518
FR;8;2023-01-19;355;413;2666;22301;251;1946;22653;51210;26239;27134;35307;300706;3027888;20975;214591;3090362;4883122;1565757
FR;8;2023-01-20;405;506;3175;24804;306;2340;25286;56593;28586;27539;35813;303881;3052692;21281;216931;3115648;4939715;1594343
FR;8;2023-01-21;147;189;1004;6114;102;732;6241;12899;5829;27686;36002;304885;3058806;21383;217663;3121889;4952614;1600172
FR;8;2023-01-22;31;52;156;833;23;138;878;1880;844;27717;36054;305041;3059639;21406;217801;3122767;4954494;1601016
FR;8;2023-01-23;214;299;1588;10613;163;1162;10833;26664;14421;27931;36353;306629;3070252;21569;218963;3133600;4981158;1615437
FR;8;2023-01-24;305;418;2408;20002;249;1795;20263;49917;27441;28236;36771;309037;3090254;21818;220758;3153863;5031075;1642878
FR;8;2023-01-25;241;377;1799;12091;229;1323;12492;29958;15877;28477;37148;310836;3102345;22047;222081;3166355;5061033;1658755
FR;8;2023-01-26;299;383;2220;16480;262;1638;16757;41501;22717;28776;37531;313056;3118825;22309;223719;3183112;5102534;1681472
FR;8;2023-01-27;311;494;2459;17866;299;1841;18102;44176;23809;29087;38025;315515;3136691;22608;225560;3201214;5146710;1705281
FR;8;2023-01-28;125;187;766;4327;124;599;4442;9721;4591;29212;38212;316281;3141018;22732;226159;3205656;5156431;1709872
FR;8;2023-01-29;26;43;86;438;28;67;470;1058;513;29238;38255;316367;3141456;22760;226226;3206126;5157489;1710385
FR;8;2023-01-30;207;314;1226;7961;186;1011;8125;20449;11064;29445;38569;317593;3149417;22946;227237;3214251;5177938;1721449
FR;8;2023-01-31;272;381;1914;13587;234;1420;13813;36226;20702;29717;38950;319507;3163004;23180;228657;3228064;5214164;1742151
FR;8;2023-02-01;247;344;1331;8018;223;1089;8138;21686;12181;29964;39294;320838;3171022;23403;229746;3236202;5235850;1754332
FR;8;2023-02-02;257;383;1572;11462;231;1280;11684;31030;17705;30221;39677;322410;3182484;23634;231026;3247886;5266880;1772037
FR;8;2023-02-03;279;448;1847;12104;286;1435;12288;32944;18841;30500;40125;324257;3194588;23920;232461;3260174;5299824;1790878
FR;8;2023-02-04;118;159;568;2954;109;461;2996;7184;3656;30618;40284;324825;3197542;24029;232922;3263170;5307008;1794534
FR;8;2023-02-05;10;53;65;224;31;60;239;571;264;30628;40337;324890;3197766;24060;232982;3263409;5307579;1794798
FR;8;2023-02-06;184;241;941;5171;169;702;5355;15006;8717;30812;40578;325831;3202937;24229;233684;3268764;5322585;1803515
FR;8;2023-02-07;234;388;1456;9415;262;1181;9549;27523;16385;31046;40966;327287;3212352;24491;234865;3278313;5350108;1819900
FR;8;2023-02-08;172;250;1019;5839;171;808;5986;16524;9449;31218;41216;328306;3218191;24662;235673;3284299;5366632;1829349
FR;8;2023-02-09;236;384;1175;7544;246;983;7728;22224;13185;31454;41600;329481;3225735;24908;236656;3292027;5388856;1842534
FR;8;2023-02-10;277;362;1397;7953;244;1157;8085;23123;13499;31731;41962;330878;3233688;25152;237813;3300112;5411979;1856033
FR;8;2023-02-11;88;145;470;2015;100;402;2092;5228;2665;31819;42107;331348;3235703;25252;238215;3302204;5417207;1858698
FR;8;2023-02-12;26;31;51;163;25;45;184;425;189;31845;42138;331399;3235866;25277;238260;3302388;5417632;1858887
FR;8;2023-02-13;131;205;671;3165;129;607;3260;9295;5291;31976;42343;332070;3239031;25406;238867;3305648;5426927;1864178
FR;8;2023-02-14;189;264;1061;5694;160;886;5842;17097;10071;32165;42607;333131;3244725;25566;239753;3311490;5444024;1874249
FR;8;2023-02-15;163;254;847;3875;145;726;4047;11820;6845;32328;42861;333978;3248600;25711;240479;3315537;5455844;1881094
FR;8;2023-02-16;168;305;999;4915;172;851;5060;14613;8452;32496;43166;334977;3253515;25883;241330;3320597;5470457;1889546
FR;8;2023-02-17;227;317;1101;5202;223;941;5425;15938;9313;32723;43483;336078;3258717;26106;242271;3326022;5486395;1898859
FR;8;2023-02-18;95;130;395;1491;86;312;1565;3902;1969;32818;43613;336473;3260208;26192;242583;3327587;5490297;1900828
FR;8;2023-02-19;22;36;43;132;31;35;135;333;159;32840;43649;336516;3260340;26223;242618;3327722;5490630;1900987
FR;8;2023-02-20;140;257;637;2678;161;591;2793;8195;4665;32980;43906;337153;3263018;26384;243209;3330515;5498825;1905652
FR;8;2023-02-21;178;307;964;4288;163;837;4494;13556;7948;33158;44213;338117;3267306;26547;244046;3335009;5512381;1913600
FR;8;2023-02-22;156;255;662;2768;171;621;2801;8632;5042;33314;44468;338779;3270074;26718;244667;3337810;5521013;1918642
FR;8;2023-02-23;151;260;825;3776;153;733;3952;11826;6862;33465;44728;339604;3273850;26871;245400;3341762;5532839;1925504
FR;8;2023-02-24;158;311;953;4111;191;827;4296;12424;7062;33623;45039;340557;3277961;27062;246227;3346058;5545263;1932566
FR;8;2023-02-25;58;102;346;1058;69;276;1113;2942;1495;33681;45141;340903;3279019;27131;246503;3347171;5548205;1934061
FR;8;2023-02-26;14;21;31;95;22;28;108;249;106;33695;45162;340934;3279114;27153;246531;3347279;5548454;1934167
FR;8;2023-02-27;92;221;506;1829;152;481;1898;6240;3724;33787;45383;341440;3280943;27305;247012;3349177;5554694;1937891
FR;8;2023-02-28;156;257;753;3339;153;715;3466;11624;7138;33943;45640;342193;3284282;27458;247727;3352643;5566318;1945029
FR;8;2023-03-01;130;195;521;1830;145;459;1982;6235;3647;34073;45835;342714;3286112;27603;248186;3354625;5572553;1948676
FR;8;2023-03-02;129;218;715;2764;133;607;2956;9696;5903;34202;46053;343429;3288876;27736;248793;3357581;5582249;1954579
FR;8;2023-03-03;179;329;896;3405;218;793;3533;11218;6581;34381;46382;344325;3292281;27954;249586;3361114;5593467;1961160
FR;8;2023-03-04;58;135;311;975;81;295;981;2632;1296;34439;46517;344636;3293256;28035;249881;3362095;5596099;1962456
FR;8;2023-03-05;12;19;21;49;15;25;49;184;99;34451;46536;344657;3293305;28050;249906;3362144;5596283;1962555
FR;8;2023-03-06;117;177;414;1309;102;394;1370;4425;2523;34568;46713;345071;3294614;28152;250300;3363514;5600708;1965078
FR;8;2023-03-07;121;211;566;2159;127;523;2235;7520;4572;34689;46924;345637;3296773;28279;250823;3365749;5608228;1969650
FR;8;2023-03-08;93;175;448;1329;108;398;1417;4714;2746;34782;47099;346085;3298102;28387;251221;3367166;5612942;1972396
FR;8;2023-03-09;118;201;559;1869;123;524;1932;6759;4131;34900;47300;346644;3299971;28510;251745;3369098;5619701;1976527
FR;8;2023-03-10;200;332;772;2423;211;698;2559;8569;5072;35100;47632;347416;3302394;28721;252443;3371657;5628270;1981599
FR;8;2023-03-11;54;114;271;734;78;236;768;2152;1096;35154;47746;347687;3303128;28799;252679;3372425;5630422;1982695
FR;8;2023-03-12;6;10;23;60;8;22;61;172;85;35160;47756;347710;3303188;28807;252701;3372486;5630594;1982780
FR;8;2023-03-13;80;137;385;990;88;344;1067;3424;1923;35240;47893;348095;3304178;28895;253045;3373553;5634018;1984703
FR;8;2023-03-14;110;210;560;1732;124;544;1807;6366;3809;35350;48103;348655;3305910;29019;253589;3375360;5640384;1988512
FR;8;2023-03-15;105;166;407;1099;117;370;1171;4051;2362;35455;48269;349062;3307009;29136;253959;3376531;5644435;1990874
FR;8;2023-03-16;99;192;504;1496;124;461;1581;5575;3338;35554;48461;349566;3308505;29260;254420;3378112;5650010;1994212
FR;8;2023-03-17;139;220;643;1831;135;560;1978;6797;4014;35693;48681;350209;3310336;29395;254980;3380090;5656807;1998226
FR;8;2023-03-18;75;111;272;527;69;258;586;1849;944;35768;48792;350481;3310863;29464;255238;3380676;5658656;1999170
FR;8;2023-03-19;3;15;24;45;15;12;52;116;49;35771;48807;350505;3310908;29479;255250;3380728;5658772;1999219
FR;8;2023-03-20;85;171;404;922;95;402;1003;3498;1962;35856;48978;350909;3311830;29574;255652;3381731;5662270;2001181
FR;8;2023-03-21;126;202;570;1508;119;547;1679;6103;3631;35982;49180;351479;3313338;29693;256199;3383410;5668373;2004812
FR;8;2023-03-22;118;157;394;933;105;369;1046;3621;2080;36100;49337;351873;3314271;29798;256568;3384456;5671994;2006892
FR;8;2023-03-23;88;160;514;1277;89;457;1365;4853;2823;36188;49497;352387;3315548;29887;257025;3385821;5676847;2009715
FR;8;2023-03-24;143;265;695;1616;157;634;1786;6227;3551;36331;49762;353082;3317164;30044;257659;3387607;5683074;2013266
FR;8;2023-03-25;58;94;274;491;71;240;545;1616;760;36389;49856;353356;3317655;30115;257899;3388152;5684690;2014026
FR;8;2023-03-26;6;9;16;30;8;13;30;83;38;36395;49865;353372;3317685;30123;257912;3388182;5684773;2014064
FR;8;2023-03-27;108;170;406;789;124;385;877;3123;1739;36503;50035;353778;3318474;30247;258297;3389059;5687896;2015803
FR;8;2023-03-28;110;178;528;1451;97;485;1584;5794;3442;36613;50213;354306;3319925;30344;258782;3390643;5693690;2019245
FR;8;2023-03-29;90;168;369;890;87;361;1027;3543;1967;36703;50381;354675;3320815;30431;259143;3391670;5697233;2021212
FR;8;2023-03-30;99;172;484;1246;88;479;1389;5042;2878;36802;50553;355159;3322061;30519;259622;3393059;5702275;2024090
FR;8;2023-03-31;127;248;638;1617;167;556;1759;6373;3694;36929;50801;355797;3323678;30686;260178;3394818;5708648;2027784
FR;8;2023-04-01;57;105;283;537;52;241;625;1827;869;36986;50906;356080;3324215;30738;260419;3395443;5710475;2028653
FR;8;2023-04-02;5;21;20;34;12;26;36;106;44;36991;50927;356100;3324249;30750;260445;3395479;5710581;2028697
FR;8;2023-04-03;75;135;361;737;87;331;833;2941;1609;37066;51062;356461;3324986;30837;260776;3396312;5713522;2030306
FR;8;2023-04-04;77;179;461;1093;118;382;1244;4863;2878;37143;51241;356922;3326079;30955;261158;3397556;5718385;2033184
FR;8;2023-04-05;69;134;345;716;85;329;806;3110;1769;37212;51375;357267;3326795;31040;261487;3398362;5721495;2034953
FR;8;2023-04-06;91;119;367;952;74;333;1061;3928;2238;37303;51494;357634;3327747;31114;261820;3399423;5725423;2037191
FR;8;2023-04-07;119;212;489;1161;129;450;1281;4632;2579;37422;51706;358123;3328908;31243;262270;3400704;5730055;2039770
FR;8;2023-04-08;33;93;209;347;57;204;382;1215;538;37455;51799;358332;3329255;31300;262474;3401086;5731270;2040308
FR;8;2023-04-09;3;12;16;12;5;19;16;52;15;37458;51811;358348;3329267;31305;262493;3401102;5731322;2040323
FR;8;2023-04-10;6;11;24;27;5;23;36;88;25;37464;51822;358372;3329294;31310;262516;3401138;5731410;2040348
FR;8;2023-04-11;73;171;460;873;91;452;975;3959;2171;37537;51993;358832;3330167;31401;262968;3402113;5735369;2042519
FR;8;2023-04-12;76;143;318;658;95;311;711;2939;1645;37613;52136;359150;3330825;31496;263279;3402824;5738308;2044164
FR;8;2023-04-13;67;165;356;854;99;346;943;3931;2250;37680;52301;359506;3331679;31595;263625;3403767;5742239;2046414
FR;8;2023-04-14;119;191;464;1119;126;418;1191;4827;2783;37799;52492;359970;3332798;31721;264043;3404958;5747066;2049197
FR;8;2023-04-15;32;80;183;365;42;181;392;1350;627;37831;52572;360153;3333163;31763;264224;3405350;5748416;2049824
FR;8;2023-04-16;14;12;11;33;10;14;29;102;44;37845;52584;360164;3333196;31773;264238;3405379;5748518;2049868
FR;8;2023-04-17;56;132;279;552;70;291;642;2741;1479;37901;52716;360443;3333748;31843;264529;3406021;5751259;2051347
FR;8;2023-04-18;94;135;351;794;82;356;878;3851;2181;37995;52851;360794;3334542;31925;264885;3406899;5755110;2053528
FR;8;2023-04-19;61;90;262;547;59;237;638;2583;1361;38056;52941;361056;3335089;31984;265122;3407537;5757693;2054889
FR;8;2023-04-20;66;137;287;717;85;279;754;3152;1732;38122;53078;361343;3335806;32069;265401;3408291;5760845;2056621
FR;8;2023-04-21;83;172;383;886;92;381;1009;3983;2100;38205;53250;361726;3336692;32161;265782;3409300;5764828;2058721
FR;8;2023-04-22;25;64;126;232;37;137;255;1006;496;38230;53314;361852;3336924;32198;265919;3409555;5765834;2059217
FR;8;2023-04-23;2;5;12;16;4;12;19;60;21;38232;53319;361864;3336940;32202;265931;3409574;5765894;2059238
FR;8;2023-04-24;67;112;240;480;66;223;557;2171;1093;38299;53431;362104;3337420;32268;266154;3410131;5768065;2060331
FR;8;2023-04-25;81;132;321;740;82;332;790;3740;2022;38380;53563;362425;3338160;32350;266486;3410921;5771805;2062353
FR;8;2023-04-26;54;95;242;444;73;236;508;2258;1168;38434;53658;362667;3338604;32423;266722;3411429;5774063;2063521
FR;8;2023-04-27;83;116;279;691;69;283;757;3315;1753;38517;53774;362946;3339295;32492;267005;3412186;5777378;2065274
FR;8;2023-04-28;110;192;358;761;98;378;870;3914;1960;38627;53966;363304;3340056;32590;267383;3413056;5781292;2067234
FR;8;2023-04-29;51;56;125;234;41;114;274;991;453;38678;54022;363429;3340290;32631;267497;3413330;5782283;2067687
FR;8;2023-04-30;1;7;10;9;3;9;11;49;20;38679;54029;363439;3340299;32634;267506;3413341;5782332;2067707
FR;8;2023-05-01;9;6;11;7;3;12;8;47;14;38688;54035;363450;3340306;32637;267518;3413349;5782379;2067721
FR;8;2023-05-02;86;146;289;562;88;287;662;3166;1625;38774;54181;363739;3340868;32725;267805;3414011;5785545;2069346
FR;8;2023-05-03;77;92;211;415;64;209;462;2452;1233;38851;54273;363950;3341283;32789;268014;3414473;5787997;2070579
FR;8;2023-05-04;67;119;245;650;80;299;668;3570;1819;38918;54392;364195;3341933;32869;268313;3415141;5791567;2072398
FR;8;2023-05-05;89;147;297;702;83;336;786;4032;2092;39007;54539;364492;3342635;32952;268649;3415927;5795599;2074490
FR;8;2023-05-06;49;54;103;216;37;116;227;987;459;39056;54593;364595;3342851;32989;268765;3416154;5796586;2074949
FR;8;2023-05-07;4;5;7;11;3;6;13;65;20;39060;54598;364602;3342862;32992;268771;3416167;5796651;2074969
FR;8;2023-05-08;6;8;14;16;6;15;35;120;61;39066;54606;364616;3342878;32998;268786;3416202;5796771;2075030
FR;8;2023-05-09;61;91;195;450;63;201;487;2975;1488;39127;54697;364811;3343328;33061;268987;3416689;5799746;2076518
FR;8;2023-05-10;58;82;166;425;58;197;454;2771;1303;39185;54779;364977;3343753;33119;269184;3417143;5802517;2077821
FR;8;2023-05-11;52;73;185;485;53;170;535;3027;1486;39237;54852;365162;3344238;33172;269354;3417678;5805544;2079307
FR;9;2020-12-27;0;0;0;0;0;0;0;0;0;0;0;0;0;0;0;0;0;0
FR;9;2020-12-28;0;0;0;0;0;0;0;0;0;0;0;0;0;0;0;0;0;0
FR;9;2020-12-29;0;0;0;0;0;0;0;0;0;0;0;0;0;0;0;0;0;0
FR;9;2020-12-30;0;0;0;0;0;0;0;0;0;0;0;0;0;0;0;0;0;0
FR;9;2020-12-31;0;0;0;0;0;0;0;0;0;0;0;0;0;0;0;0;0;0
FR;9;2021-01-01;0;0;0;0;0;0;0;0;0;0;0;0;0;0;0;0;0;0
FR;9;2021-01-02;0;0;0;0;0;0;0;0;0;0;0;0;0;0;0;0;0;0
FR;9;2021-01-03;0;0;0;0;0;0;0;0;0;0;0;0;0;0;0;0;0;0
FR;9;2021-01-04;0;0;0;0;0;0;0;0;0;0;0;0;0;0;0;0;0;0
FR;9;2021-01-05;0;0;0;0;0;0;0;0;0;0;0;0;0;0;0;0;0;0
FR;9;2021-01-06;0;0;0;0;0;0;0;0;0;0;0;0;0;0;0;0;0;0
FR;9;2021-01-07;0;0;0;0;0;0;0;0;0;0;0;0;0;0;0;0;0;0
FR;9;2021-01-08;0;0;0;0;0;0;0;0;0;0;0;0;0;0;0;0;0;0
FR;9;2021-01-09;0;0;0;0;0;0;0;0;0;0;0;0;0;0;0;0;0;0
FR;9;2021-01-10;0;0;0;0;0;0;0;0;0;0;0;0;0;0;0;0;0;0
FR;9;2021-01-11;0;0;0;0;0;0;0;0;0;0;0;0;0;0;0;0;0;0
FR;9;2021-01-12;0;0;0;0;0;0;0;0;0;0;0;0;0;0;0;0;0;0
FR;9;2021-01-13;0;0;0;0;0;0;0;0;0;0;0;0;0;0;0;0;0;0
FR;9;2021-01-14;0;0;0;0;0;0;0;0;0;0;0;0;0;0;0;0;0;0
FR;9;2021-01-15;0;0;0;0;0;0;0;0;0;0;0;0;0;0;0;0;0;0
FR;9;2021-01-16;0;0;0;0;0;0;0;0;0;0;0;0;0;0;0;0;0;0
FR;9;2021-01-17;0;0;0;0;0;0;0;0;0;0;0;0;0;0;0;0;0;0
FR;9;2021-01-18;0;0;0;0;0;0;0;0;0;0;0;0;0;0;0;0;0;0
FR;9;2021-01-19;0;0;0;0;0;0;0;0;0;0;0;0;0;0;0;0;0;0
FR;9;2021-01-20;0;0;0;0;0;0;0;0;0;0;0;0;0;0;0;0;0;0
FR;9;2021-01-21;0;0;0;0;0;0;0;0;0;0;0;0;0;0;0;0;0;0
FR;9;2021-01-22;0;0;0;0;0;0;0;0;0;0;0;0;0;0;0;0;0;0
FR;9;2021-01-23;0;0;0;0;0;0;0;0;0;0;0;0;0;0;0;0;0;0
FR;9;2021-01-24;0;0;0;0;0;0;0;0;0;0;0;0;0;0;0;0;0;0
FR;9;2021-01-25;0;0;0;0;0;0;0;0;0;0;0;0;0;0;0;0;0;0
FR;9;2021-01-26;0;0;0;0;0;0;0;0;0;0;0;0;0;0;0;0;0;0
FR;9;2021-01-27;0;0;0;0;0;0;0;0;0;0;0;0;0;0;0;0;0;0
FR;9;2021-01-28;0;0;0;0;0;0;0;0;0;0;0;0;0;0;0;0;0;0
FR;9;2021-01-29;0;0;0;0;0;0;0;0;0;0;0;0;0;0;0;0;0;0
FR;9;2021-01-30;0;0;0;0;0;0;0;0;0;0;0;0;0;0;0;0;0;0
FR;9;2021-01-31;0;0;0;0;0;0;0;0;0;0;0;0;0;0;0;0;0;0
FR;9;2021-02-01;0;0;0;0;0;0;0;0;0;0;0;0;0;0;0;0;0;0
FR;9;2021-02-02;0;0;0;0;0;0;0;0;0;0;0;0;0;0;0;0;0;0
FR;9;2021-02-03;0;0;0;0;0;0;0;0;0;0;0;0;0;0;0;0;0;0
FR;9;2021-02-04;0;0;0;0;0;0;0;0;0;0;0;0;0;0;0;0;0;0
FR;9;2021-02-05;0;0;0;0;0;0;0;0;0;0;0;0;0;0;0;0;0;0
FR;9;2021-02-06;0;0;0;0;0;0;0;0;0;0;0;0;0;0;0;0;0;0
FR;9;2021-02-07;0;0;0;0;0;0;0;0;0;0;0;0;0;0;0;0;0;0
FR;9;2021-02-08;0;0;0;0;0;0;0;0;0;0;0;0;0;0;0;0;0;0
FR;9;2021-02-09;0;0;0;0;0;0;0;0;0;0;0;0;0;0;0;0;0;0
FR;9;2021-02-10;0;0;0;0;0;0;0;0;0;0;0;0;0;0;0;0;0;0
FR;9;2021-02-11;0;0;0;0;0;0;0;0;0;0;0;0;0;0;0;0;0;0
FR;9;2021-02-12;0;0;0;0;0;0;0;0;0;0;0;0;0;0;0;0;0;0
FR;9;2021-02-13;0;0;0;0;0;0;0;0;0;0;0;0;0;0;0;0;0;0
FR;9;2021-02-14;0;0;0;0;0;0;0;0;0;0;0;0;0;0;0;0;0;0
FR;9;2021-02-15;0;0;0;0;0;0;0;0;0;0;0;0;0;0;0;0;0;0
FR;9;2021-02-16;0;0;0;0;0;0;0;0;0;0;0;0;0;0;0;0;0;0
FR;9;2021-02-17;0;0;0;0;0;0;0;0;0;0;0;0;0;0;0;0;0;0
FR;9;2021-02-18;0;0;0;0;0;0;0;0;0;0;0;0;0;0;0;0;0;0
FR;9;2021-02-19;0;0;0;0;0;0;0;0;0;0;0;0;0;0;0;0;0;0
FR;9;2021-02-20;0;0;0;0;0;0;0;0;0;0;0;0;0;0;0;0;0;0
FR;9;2021-02-21;0;0;0;0;0;0;0;0;0;0;0;0;0;0;0;0;0;0
FR;9;2021-02-22;0;0;0;0;0;0;0;0;0;0;0;0;0;0;0;0;0;0
FR;9;2021-02-23;0;0;0;0;0;0;0;0;0;0;0;0;0;0;0;0;0;0
FR;9;2021-02-24;0;0;0;0;0;0;0;0;0;0;0;0;0;0;0;0;0;0
FR;9;2021-02-25;0;0;0;0;0;0;0;0;0;0;0;0;0;0;0;0;0;0
FR;9;2021-02-26;0;0;0;0;0;0;0;0;0;0;0;0;0;0;0;0;0;0
FR;9;2021-02-27;0;0;0;0;0;0;0;0;0;0;0;0;0;0;0;0;0;0
FR;9;2021-02-28;0;0;0;0;0;0;0;0;0;0;0;0;0;0;0;0;0;0
FR;9;2021-03-01;0;0;0;0;0;0;0;0;0;0;0;0;0;0;0;0;0;0
FR;9;2021-03-02;0;0;0;0;0;0;0;0;0;0;0;0;0;0;0;0;0;0
FR;9;2021-03-03;0;0;0;0;0;0;0;0;0;0;0;0;0;0;0;0;0;0
FR;9;2021-03-04;0;0;0;0;0;0;0;0;0;0;0;0;0;0;0;0;0;0
FR;9;2021-03-05;0;0;0;0;0;0;0;0;0;0;0;0;0;0;0;0;0;0
FR;9;2021-03-06;0;0;0;0;0;0;0;0;0;0;0;0;0;0;0;0;0;0
FR;9;2021-03-07;0;0;0;0;0;0;0;0;0;0;0;0;0;0;0;0;0;0
FR;9;2021-03-08;0;0;0;0;0;0;0;0;0;0;0;0;0;0;0;0;0;0
FR;9;2021-03-09;0;0;0;0;0;0;0;0;0;0;0;0;0;0;0;0;0;0
FR;9;2021-03-10;0;0;0;0;0;0;0;0;0;0;0;0;0;0;0;0;0;0
FR;9;2021-03-11;0;0;0;0;0;0;0;0;0;0;0;0;0;0;0;0;0;0
FR;9;2021-03-12;0;0;0;0;0;0;0;0;0;0;0;0;0;0;0;0;0;0
FR;9;2021-03-13;0;0;0;0;0;0;0;0;0;0;0;0;0;0;0;0;0;0
FR;9;2021-03-14;0;0;0;0;0;0;0;0;0;0;0;0;0;0;0;0;0;0
FR;9;2021-03-15;0;0;0;0;0;0;0;0;0;0;0;0;0;0;0;0;0;0
FR;9;2021-03-16;0;0;0;0;0;0;0;0;0;0;0;0;0;0;0;0;0;0
FR;9;2021-03-17;0;0;0;0;0;0;0;0;0;0;0;0;0;0;0;0;0;0
FR;9;2021-03-18;0;0;0;0;0;0;0;0;0;0;0;0;0;0;0;0;0;0
FR;9;2021-03-19;0;0;0;0;0;0;0;0;0;0;0;0;0;0;0;0;0;0
FR;9;2021-03-20;0;0;0;0;0;0;0;0;0;0;0;0;0;0;0;0;0;0
FR;9;2021-03-21;0;0;0;0;0;0;0;0;0;0;0;0;0;0;0;0;0;0
FR;9;2021-03-22;0;0;0;0;0;0;0;0;0;0;0;0;0;0;0;0;0;0
FR;9;2021-03-23;0;0;0;0;0;0;0;0;0;0;0;0;0;0;0;0;0;0
FR;9;2021-03-24;0;0;0;0;0;0;0;0;0;0;0;0;0;0;0;0;0;0
FR;9;2021-03-25;0;0;0;0;0;0;0;0;0;0;0;0;0;0;0;0;0;0
FR;9;2021-03-26;0;0;0;0;0;0;0;0;0;0;0;0;0;0;0;0;0;0
FR;9;2021-03-27;0;0;0;0;0;0;0;0;0;0;0;0;0;0;0;0;0;0
FR;9;2021-03-28;0;0;0;0;0;0;0;0;0;0;0;0;0;0;0;0;0;0
FR;9;2021-03-29;0;0;0;0;0;0;0;0;0;0;0;0;0;0;0;0;0;0
FR;9;2021-03-30;0;0;0;0;0;0;0;0;0;0;0;0;0;0;0;0;0;0
FR;9;2021-03-31;0;0;0;0;0;0;0;0;0;0;0;0;0;0;0;0;0;0
FR;9;2021-04-01;0;0;0;0;0;0;0;0;0;0;0;0;0;0;0;0;0;0
FR;9;2021-04-02;0;0;0;0;0;0;0;0;0;0;0;0;0;0;0;0;0;0
FR;9;2021-04-03;0;0;0;0;0;0;0;0;0;0;0;0;0;0;0;0;0;0
FR;9;2021-04-04;0;0;0;0;0;0;0;0;0;0;0;0;0;0;0;0;0;0
FR;9;2021-04-05;0;0;0;0;0;0;0;0;0;0;0;0;0;0;0;0;0;0
FR;9;2021-04-06;0;0;0;0;0;0;0;0;0;0;0;0;0;0;0;0;0;0
FR;9;2021-04-07;0;0;0;0;0;0;0;0;0;0;0;0;0;0;0;0;0;0
FR;9;2021-04-08;0;0;0;0;0;0;0;0;0;0;0;0;0;0;0;0;0;0
FR;9;2021-04-09;0;0;0;0;0;0;0;0;0;0;0;0;0;0;0;0;0;0
FR;9;2021-04-10;0;0;0;0;0;0;0;0;0;0;0;0;0;0;0;0;0;0
FR;9;2021-04-11;0;0;0;0;0;0;0;0;0;0;0;0;0;0;0;0;0;0
FR;9;2021-04-12;0;0;0;0;0;0;0;0;0;0;0;0;0;0;0;0;0;0
FR;9;2021-04-13;0;0;0;0;0;0;0;0;0;0;0;0;0;0;0;0;0;0
FR;9;2021-04-14;0;0;0;0;0;0;0;0;0;0;0;0;0;0;0;0;0;0
FR;9;2021-04-15;0;0;0;0;0;0;0;0;0;0;0;0;0;0;0;0;0;0
FR;9;2021-04-16;0;0;0;0;0;0;0;0;0;0;0;0;0;0;0;0;0;0
FR;9;2021-04-17;0;0;0;0;0;0;0;0;0;0;0;0;0;0;0;0;0;0
FR;9;2021-04-18;0;0;0;0;0;0;0;0;0;0;0;0;0;0;0;0;0;0
FR;9;2021-04-19;0;0;0;0;0;0;0;0;0;0;0;0;0;0;0;0;0;0
FR;9;2021-04-20;0;0;0;0;0;0;0;0;0;0;0;0;0;0;0;0;0;0
FR;9;2021-04-21;0;0;0;0;0;0;0;0;0;0;0;0;0;0;0;0;0;0
FR;9;2021-04-22;0;0;0;0;0;0;0;0;0;0;0;0;0;0;0;0;0;0
FR;9;2021-04-23;0;0;0;0;0;0;0;0;0;0;0;0;0;0;0;0;0;0
FR;9;2021-04-24;0;0;0;0;0;0;0;0;0;0;0;0;0;0;0;0;0;0
FR;9;2021-04-25;0;0;0;0;0;0;0;0;0;0;0;0;0;0;0;0;0;0
FR;9;2021-04-26;0;0;0;0;0;0;0;0;0;0;0;0;0;0;0;0;0;0
FR;9;2021-04-27;0;0;0;0;0;0;0;0;0;0;0;0;0;0;0;0;0;0
FR;9;2021-04-28;0;0;0;0;0;0;0;0;0;0;0;0;0;0;0;0;0;0
FR;9;2021-04-29;0;0;0;0;0;0;0;0;0;0;0;0;0;0;0;0;0;0
FR;9;2021-04-30;0;0;0;0;0;0;0;0;0;0;0;0;0;0;0;0;0;0
FR;9;2021-05-01;0;0;0;0;0;0;0;0;0;0;0;0;0;0;0;0;0;0
FR;9;2021-05-02;0;0;0;0;0;0;0;0;0;0;0;0;0;0;0;0;0;0
FR;9;2021-05-03;0;0;0;0;0;0;0;0;0;0;0;0;0;0;0;0;0;0
FR;9;2021-05-04;0;0;0;0;0;0;0;0;0;0;0;0;0;0;0;0;0;0
FR;9;2021-05-05;0;0;0;0;0;0;0;0;0;0;0;0;0;0;0;0;0;0
FR;9;2021-05-06;0;0;0;0;0;0;0;0;0;0;0;0;0;0;0;0;0;0
FR;9;2021-05-07;0;0;0;0;0;0;0;0;0;0;0;0;0;0;0;0;0;0
FR;9;2021-05-08;0;0;0;0;0;0;0;0;0;0;0;0;0;0;0;0;0;0
FR;9;2021-05-09;0;0;0;0;0;0;0;0;0;0;0;0;0;0;0;0;0;0
FR;9;2021-05-10;0;0;0;0;0;0;0;0;0;0;0;0;0;0;0;0;0;0
FR;9;2021-05-11;0;0;0;0;0;0;0;0;0;0;0;0;0;0;0;0;0;0
FR;9;2021-05-12;0;0;0;0;0;0;0;0;0;0;0;0;0;0;0;0;0;0
FR;9;2021-05-13;0;0;0;0;0;0;0;0;0;0;0;0;0;0;0;0;0;0
FR;9;2021-05-14;0;0;0;0;0;0;0;0;0;0;0;0;0;0;0;0;0;0
FR;9;2021-05-15;0;0;0;0;0;0;0;0;0;0;0;0;0;0;0;0;0;0
FR;9;2021-05-16;0;0;0;0;0;0;0;0;0;0;0;0;0;0;0;0;0;0
FR;9;2021-05-17;0;0;0;0;0;0;0;0;0;0;0;0;0;0;0;0;0;0
FR;9;2021-05-18;0;0;0;0;0;0;0;0;0;0;0;0;0;0;0;0;0;0
FR;9;2021-05-19;0;0;0;0;0;0;0;0;0;0;0;0;0;0;0;0;0;0
FR;9;2021-05-20;0;0;0;0;0;0;0;0;0;0;0;0;0;0;0;0;0;0
FR;9;2021-05-21;0;0;0;0;0;0;0;0;0;0;0;0;0;0;0;0;0;0
FR;9;2021-05-22;0;0;0;0;0;0;0;0;0;0;0;0;0;0;0;0;0;0
FR;9;2021-05-23;0;0;0;0;0;0;0;0;0;0;0;0;0;0;0;0;0;0
FR;9;2021-05-24;0;0;0;0;0;0;0;0;0;0;0;0;0;0;0;0;0;0
FR;9;2021-05-25;0;0;0;0;0;0;0;0;0;0;0;0;0;0;0;0;0;0
FR;9;2021-05-26;0;0;0;0;0;0;0;0;0;0;0;0;0;0;0;0;0;0
FR;9;2021-05-27;0;0;0;0;0;0;0;0;0;0;0;0;0;0;0;0;0;0
FR;9;2021-05-28;0;0;0;0;0;0;0;0;0;0;0;0;0;0;0;0;0;0
FR;9;2021-05-29;0;0;0;0;0;0;0;0;0;0;0;0;0;0;0;0;0;0
FR;9;2021-05-30;0;0;0;0;0;0;0;0;0;0;0;0;0;0;0;0;0;0
FR;9;2021-05-31;0;0;0;0;0;0;0;0;0;0;0;0;0;0;0;0;0;0
FR;9;2021-06-01;0;0;0;0;0;0;0;0;0;0;0;0;0;0;0;0;0;0
FR;9;2021-06-02;0;0;0;0;0;0;0;0;0;0;0;0;0;0;0;0;0;0
FR;9;2021-06-03;0;0;0;0;0;0;0;0;0;0;0;0;0;0;0;0;0;0
FR;9;2021-06-04;0;0;0;0;0;0;0;0;0;0;0;0;0;0;0;0;0;0
FR;9;2021-06-05;0;0;0;0;0;0;0;0;0;0;0;0;0;0;0;0;0;0
FR;9;2021-06-06;0;0;0;0;0;0;0;0;0;0;0;0;0;0;0;0;0;0
FR;9;2021-06-07;0;0;0;0;0;0;0;0;0;0;0;0;0;0;0;0;0;0
FR;9;2021-06-08;0;0;0;0;0;0;0;0;0;0;0;0;0;0;0;0;0;0
FR;9;2021-06-09;0;0;0;0;0;0;0;0;0;0;0;0;0;0;0;0;0;0
FR;9;2021-06-10;0;0;0;0;0;0;0;0;0;0;0;0;0;0;0;0;0;0
FR;9;2021-06-11;0;0;0;0;0;0;0;0;0;0;0;0;0;0;0;0;0;0
FR;9;2021-06-12;0;0;0;0;0;0;0;0;0;0;0;0;0;0;0;0;0;0
FR;9;2021-06-13;0;0;0;0;0;0;0;0;0;0;0;0;0;0;0;0;0;0
FR;9;2021-06-14;0;0;0;0;0;0;0;0;0;0;0;0;0;0;0;0;0;0
FR;9;2021-06-15;0;0;0;0;0;0;0;0;0;0;0;0;0;0;0;0;0;0
FR;9;2021-06-16;0;0;0;0;0;0;0;0;0;0;0;0;0;0;0;0;0;0
FR;9;2021-06-17;0;0;0;0;0;0;0;0;0;0;0;0;0;0;0;0;0;0
FR;9;2021-06-18;0;0;0;0;0;0;0;0;0;0;0;0;0;0;0;0;0;0
FR;9;2021-06-19;0;0;0;0;0;0;0;0;0;0;0;0;0;0;0;0;0;0
FR;9;2021-06-20;0;0;0;0;0;0;0;0;0;0;0;0;0;0;0;0;0;0
FR;9;2021-06-21;0;0;0;0;0;0;0;0;0;0;0;0;0;0;0;0;0;0
FR;9;2021-06-22;0;0;0;0;0;0;0;0;0;0;0;0;0;0;0;0;0;0
FR;9;2021-06-23;0;0;0;0;0;0;0;0;0;0;0;0;0;0;0;0;0;0
FR;9;2021-06-24;0;0;0;0;0;0;0;0;0;0;0;0;0;0;0;0;0;0
FR;9;2021-06-25;0;0;0;0;0;0;0;0;0;0;0;0;0;0;0;0;0;0
FR;9;2021-06-26;0;0;0;0;0;0;0;0;0;0;0;0;0;0;0;0;0;0
FR;9;2021-06-27;0;0;0;0;0;0;0;0;0;0;0;0;0;0;0;0;0;0
FR;9;2021-06-28;0;0;0;0;0;0;0;0;0;0;0;0;0;0;0;0;0;0
FR;9;2021-06-29;0;0;0;0;0;0;0;0;0;0;0;0;0;0;0;0;0;0
FR;9;2021-06-30;0;0;0;0;0;0;0;0;0;0;0;0;0;0;0;0;0;0
FR;9;2021-07-01;0;0;0;0;0;0;0;0;0;0;0;0;0;0;0;0;0;0
FR;9;2021-07-02;0;0;0;0;0;0;0;0;0;0;0;0;0;0;0;0;0;0
FR;9;2021-07-03;0;0;0;0;0;0;0;0;0;0;0;0;0;0;0;0;0;0
FR;9;2021-07-04;0;0;0;0;0;0;0;0;0;0;0;0;0;0;0;0;0;0
FR;9;2021-07-05;0;0;0;0;0;0;0;0;0;0;0;0;0;0;0;0;0;0
FR;9;2021-07-06;0;0;0;0;0;0;0;0;0;0;0;0;0;0;0;0;0;0
FR;9;2021-07-07;0;0;0;0;0;0;0;0;0;0;0;0;0;0;0;0;0;0
FR;9;2021-07-08;0;0;0;0;0;0;0;0;0;0;0;0;0;0;0;0;0;0
FR;9;2021-07-09;0;0;0;0;0;0;0;0;0;0;0;0;0;0;0;0;0;0
FR;9;2021-07-10;0;0;0;0;0;0;0;0;0;0;0;0;0;0;0;0;0;0
FR;9;2021-07-11;0;0;0;0;0;0;0;0;0;0;0;0;0;0;0;0;0;0
FR;9;2021-07-12;0;0;0;0;0;0;0;0;0;0;0;0;0;0;0;0;0;0
FR;9;2021-07-13;0;0;0;0;0;0;0;0;0;0;0;0;0;0;0;0;0;0
FR;9;2021-07-14;0;0;0;0;0;0;0;0;0;0;0;0;0;0;0;0;0;0
FR;9;2021-07-15;0;0;0;0;0;0;0;0;0;0;0;0;0;0;0;0;0;0
FR;9;2021-07-16;0;0;0;0;0;0;0;0;0;0;0;0;0;0;0;0;0;0
FR;9;2021-07-17;0;0;0;0;0;0;0;0;0;0;0;0;0;0;0;0;0;0
FR;9;2021-07-18;0;0;0;0;0;0;0;0;0;0;0;0;0;0;0;0;0;0
FR;9;2021-07-19;0;0;0;0;0;0;0;0;0;0;0;0;0;0;0;0;0;0
FR;9;2021-07-20;0;0;0;0;0;0;0;0;0;0;0;0;0;0;0;0;0;0
FR;9;2021-07-21;0;0;0;0;0;0;0;0;0;0;0;0;0;0;0;0;0;0
FR;9;2021-07-22;0;0;0;0;0;0;0;0;0;0;0;0;0;0;0;0;0;0
FR;9;2021-07-23;0;0;0;0;0;0;0;0;0;0;0;0;0;0;0;0;0;0
FR;9;2021-07-24;0;0;0;0;0;0;0;0;0;0;0;0;0;0;0;0;0;0
FR;9;2021-07-25;0;0;0;0;0;0;0;0;0;0;0;0;0;0;0;0;0;0
FR;9;2021-07-26;0;0;0;0;0;0;0;0;0;0;0;0;0;0;0;0;0;0
FR;9;2021-07-27;0;0;0;0;0;0;0;0;0;0;0;0;0;0;0;0;0;0
FR;9;2021-07-28;0;0;0;0;0;0;0;0;0;0;0;0;0;0;0;0;0;0
FR;9;2021-07-29;0;0;0;0;0;0;0;0;0;0;0;0;0;0;0;0;0;0
FR;9;2021-07-30;0;0;0;0;0;0;0;0;0;0;0;0;0;0;0;0;0;0
FR;9;2021-07-31;0;0;0;0;0;0;0;0;0;0;0;0;0;0;0;0;0;0
FR;9;2021-08-01;0;0;0;0;0;0;0;0;0;0;0;0;0;0;0;0;0;0
FR;9;2021-08-02;0;0;0;0;0;0;0;0;0;0;0;0;0;0;0;0;0;0
FR;9;2021-08-03;0;0;0;0;0;0;0;0;0;0;0;0;0;0;0;0;0;0
FR;9;2021-08-04;0;0;0;0;0;0;0;0;0;0;0;0;0;0;0;0;0;0
FR;9;2021-08-05;0;0;0;0;0;0;0;0;0;0;0;0;0;0;0;0;0;0
FR;9;2021-08-06;0;0;0;0;0;0;0;0;0;0;0;0;0;0;0;0;0;0
FR;9;2021-08-07;0;0;0;0;0;0;0;0;0;0;0;0;0;0;0;0;0;0
FR;9;2021-08-08;0;0;0;0;0;0;0;0;0;0;0;0;0;0;0;0;0;0
FR;9;2021-08-09;0;0;0;0;0;0;0;0;0;0;0;0;0;0;0;0;0;0
FR;9;2021-08-10;0;0;0;0;0;0;0;0;0;0;0;0;0;0;0;0;0;0
FR;9;2021-08-11;0;0;0;0;0;0;0;0;0;0;0;0;0;0;0;0;0;0
FR;9;2021-08-12;0;0;0;0;0;0;0;0;0;0;0;0;0;0;0;0;0;0
FR;9;2021-08-13;0;0;0;0;0;0;0;0;0;0;0;0;0;0;0;0;0;0
FR;9;2021-08-14;0;0;0;0;0;0;0;0;0;0;0;0;0;0;0;0;0;0
FR;9;2021-08-15;0;0;0;0;0;0;0;0;0;0;0;0;0;0;0;0;0;0
FR;9;2021-08-16;0;0;0;0;0;0;0;0;0;0;0;0;0;0;0;0;0;0
FR;9;2021-08-17;0;0;0;0;0;0;0;0;0;0;0;0;0;0;0;0;0;0
FR;9;2021-08-18;0;0;0;0;0;0;0;0;0;0;0;0;0;0;0;0;0;0
FR;9;2021-08-19;0;0;0;0;0;0;0;0;0;0;0;0;0;0;0;0;0;0
FR;9;2021-08-20;0;0;0;0;0;0;0;0;0;0;0;0;0;0;0;0;0;0
FR;9;2021-08-21;0;0;0;0;0;0;0;0;0;0;0;0;0;0;0;0;0;0
FR;9;2021-08-22;0;0;0;0;0;0;0;0;0;0;0;0;0;0;0;0;0;0
FR;9;2021-08-23;0;0;0;0;0;0;0;0;0;0;0;0;0;0;0;0;0;0
FR;9;2021-08-24;0;0;0;0;0;0;0;0;0;0;0;0;0;0;0;0;0;0
FR;9;2021-08-25;0;0;0;0;0;0;0;0;0;0;0;0;0;0;0;0;0;0
FR;9;2021-08-26;0;0;0;0;0;0;0;0;0;0;0;0;0;0;0;0;0;0
FR;9;2021-08-27;0;0;0;0;0;0;0;0;0;0;0;0;0;0;0;0;0;0
FR;9;2021-08-28;0;0;0;0;0;0;0;0;0;0;0;0;0;0;0;0;0;0
FR;9;2021-08-29;0;0;0;0;0;0;0;0;0;0;0;0;0;0;0;0;0;0
FR;9;2021-08-30;0;0;0;0;0;0;0;0;0;0;0;0;0;0;0;0;0;0
FR;9;2021-08-31;0;0;0;0;0;0;0;0;0;0;0;0;0;0;0;0;0;0
FR;9;2021-09-01;0;0;0;0;0;0;0;0;0;0;0;0;0;0;0;0;0;0
FR;9;2021-09-02;0;0;0;0;0;0;0;0;0;0;0;0;0;0;0;0;0;0
FR;9;2021-09-03;0;0;0;0;0;0;0;0;0;0;0;0;0;0;0;0;0;0
FR;9;2021-09-04;0;0;0;0;0;0;0;0;0;0;0;0;0;0;0;0;0;0
FR;9;2021-09-05;0;0;0;0;0;0;0;0;0;0;0;0;0;0;0;0;0;0
FR;9;2021-09-06;0;0;0;0;0;0;0;0;0;0;0;0;0;0;0;0;0;0
FR;9;2021-09-07;0;0;0;0;0;0;0;0;0;0;0;0;0;0;0;0;0;0
FR;9;2021-09-08;0;0;0;0;0;0;0;0;0;0;0;0;0;0;0;0;0;0
FR;9;2021-09-09;0;0;0;0;0;0;0;0;0;0;0;0;0;0;0;0;0;0
FR;9;2021-09-10;0;0;0;0;0;0;0;0;0;0;0;0;0;0;0;0;0;0
FR;9;2021-09-11;0;0;0;0;0;0;0;0;0;0;0;0;0;0;0;0;0;0
FR;9;2021-09-12;0;0;0;0;0;0;0;0;0;0;0;0;0;0;0;0;0;0
FR;9;2021-09-13;0;0;0;0;0;0;0;0;0;0;0;0;0;0;0;0;0;0
FR;9;2021-09-14;0;0;0;0;0;0;0;0;0;0;0;0;0;0;0;0;0;0
FR;9;2021-09-15;0;0;0;0;0;0;0;0;0;0;0;0;0;0;0;0;0;0
FR;9;2021-09-16;0;0;0;0;0;0;0;0;0;0;0;0;0;0;0;0;0;0
FR;9;2021-09-17;0;0;0;0;0;0;0;0;0;0;0;0;0;0;0;0;0;0
FR;9;2021-09-18;0;0;0;0;0;0;0;0;0;0;0;0;0;0;0;0;0;0
FR;9;2021-09-19;0;0;0;0;0;0;0;0;0;0;0;0;0;0;0;0;0;0
FR;9;2021-09-20;0;0;0;0;0;0;0;0;0;0;0;0;0;0;0;0;0;0
FR;9;2021-09-21;0;0;0;0;0;0;0;0;0;0;0;0;0;0;0;0;0;0
FR;9;2021-09-22;0;0;0;0;0;0;0;0;0;0;0;0;0;0;0;0;0;0
FR;9;2021-09-23;0;0;0;0;0;0;0;0;0;0;0;0;0;0;0;0;0;0
FR;9;2021-09-24;0;0;0;0;0;0;0;0;0;0;0;0;0;0;0;0;0;0
FR;9;2021-09-25;0;0;0;0;0;0;0;0;0;0;0;0;0;0;0;0;0;0
FR;9;2021-09-26;0;0;0;0;0;0;0;0;0;0;0;0;0;0;0;0;0;0
FR;9;2021-09-27;0;0;0;0;0;0;0;0;0;0;0;0;0;0;0;0;0;0
FR;9;2021-09-28;0;0;0;0;0;0;0;0;0;0;0;0;0;0;0;0;0;0
FR;9;2021-09-29;0;0;0;0;0;0;0;0;0;0;0;0;0;0;0;0;0;0
FR;9;2021-09-30;0;0;0;0;0;0;0;0;0;0;0;0;0;0;0;0;0;0
FR;9;2021-10-01;0;0;0;0;0;0;0;0;0;0;0;0;0;0;0;0;0;0
FR;9;2021-10-02;0;0;0;0;0;0;0;0;0;0;0;0;0;0;0;0;0;0
FR;9;2021-10-03;0;0;0;0;0;0;0;0;0;0;0;0;0;0;0;0;0;0
FR;9;2021-10-04;0;0;0;0;0;0;0;0;0;0;0;0;0;0;0;0;0;0
FR;9;2021-10-05;0;0;0;0;0;0;0;0;0;0;0;0;0;0;0;0;0;0
FR;9;2021-10-06;0;0;0;0;0;0;0;0;0;0;0;0;0;0;0;0;0;0
FR;9;2021-10-07;0;0;0;0;0;0;0;0;0;0;0;0;0;0;0;0;0;0
FR;9;2021-10-08;0;0;0;0;0;0;0;0;0;0;0;0;0;0;0;0;0;0
FR;9;2021-10-09;0;0;0;0;0;0;0;0;0;0;0;0;0;0;0;0;0;0
FR;9;2021-10-10;0;0;0;0;0;0;0;0;0;0;0;0;0;0;0;0;0;0
FR;9;2021-10-11;0;0;0;0;0;0;0;0;0;0;0;0;0;0;0;0;0;0
FR;9;2021-10-12;0;0;0;0;0;0;0;0;0;0;0;0;0;0;0;0;0;0
FR;9;2021-10-13;0;0;0;0;0;0;0;0;0;0;0;0;0;0;0;0;0;0
FR;9;2021-10-14;0;0;0;0;0;0;0;0;0;0;0;0;0;0;0;0;0;0
FR;9;2021-10-15;0;0;0;0;0;0;0;0;0;0;0;0;0;0;0;0;0;0
FR;9;2021-10-16;0;0;0;0;0;0;0;0;0;0;0;0;0;0;0;0;0;0
FR;9;2021-10-17;0;0;0;0;0;0;0;0;0;0;0;0;0;0;0;0;0;0
FR;9;2021-10-18;0;0;0;0;0;0;0;0;0;0;0;0;0;0;0;0;0;0
FR;9;2021-10-19;0;0;0;0;0;0;0;0;0;0;0;0;0;0;0;0;0;0
FR;9;2021-10-20;0;0;0;0;0;0;0;0;0;0;0;0;0;0;0;0;0;0
FR;9;2021-10-21;0;0;0;0;0;0;0;0;0;0;0;0;0;0;0;0;0;0
FR;9;2021-10-22;0;0;0;0;0;0;0;0;0;0;0;0;0;0;0;0;0;0
FR;9;2021-10-23;0;0;0;0;0;0;0;0;0;0;0;0;0;0;0;0;0;0
FR;9;2021-10-24;0;0;0;0;0;0;0;0;0;0;0;0;0;0;0;0;0;0
FR;9;2021-10-25;0;0;0;0;0;0;0;0;0;0;0;0;0;0;0;0;0;0
FR;9;2021-10-26;0;0;0;0;0;0;0;0;0;0;0;0;0;0;0;0;0;0
FR;9;2021-10-27;0;0;0;0;0;0;0;0;0;0;0;0;0;0;0;0;0;0
FR;9;2021-10-28;0;0;0;0;0;0;0;0;0;0;0;0;0;0;0;0;0;0
FR;9;2021-10-29;0;0;0;0;0;0;0;0;0;0;0;0;0;0;0;0;0;0
FR;9;2021-10-30;0;0;0;0;0;0;0;0;0;0;0;0;0;0;0;0;0;0
FR;9;2021-10-31;0;0;0;0;0;0;0;0;0;0;0;0;0;0;0;0;0;0
FR;9;2021-11-01;0;0;0;0;0;0;0;0;0;0;0;0;0;0;0;0;0;0
FR;9;2021-11-02;0;0;0;0;0;0;0;0;0;0;0;0;0;0;0;0;0;0
FR;9;2021-11-03;0;0;0;0;0;0;0;0;0;0;0;0;0;0;0;0;0;0
FR;9;2021-11-04;0;0;0;0;0;0;0;0;0;0;0;0;0;0;0;0;0;0
FR;9;2021-11-05;0;0;0;0;0;0;0;0;0;0;0;0;0;0;0;0;0;0
FR;9;2021-11-06;0;0;0;0;0;0;0;0;0;0;0;0;0;0;0;0;0;0
FR;9;2021-11-07;0;0;0;0;0;0;0;0;0;0;0;0;0;0;0;0;0;0
FR;9;2021-11-08;0;0;0;0;0;0;0;0;0;0;0;0;0;0;0;0;0;0
FR;9;2021-11-09;0;0;0;0;0;0;0;0;0;0;0;0;0;0;0;0;0;0
FR;9;2021-11-10;0;0;0;0;0;0;0;0;0;0;0;0;0;0;0;0;0;0
FR;9;2021-11-11;0;0;0;0;0;0;0;0;0;0;0;0;0;0;0;0;0;0
FR;9;2021-11-12;0;0;0;0;0;0;0;0;0;0;0;0;0;0;0;0;0;0
FR;9;2021-11-13;0;0;0;0;0;0;0;0;0;0;0;0;0;0;0;0;0;0
FR;9;2021-11-14;0;0;0;0;0;0;0;0;0;0;0;0;0;0;0;0;0;0
FR;9;2021-11-15;0;0;0;0;0;0;0;0;0;0;0;0;0;0;0;0;0;0
FR;9;2021-11-16;0;0;0;0;0;0;0;0;0;0;0;0;0;0;0;0;0;0
FR;9;2021-11-17;0;0;0;0;0;0;0;0;0;0;0;0;0;0;0;0;0;0
FR;9;2021-11-18;0;0;0;0;0;0;0;0;0;0;0;0;0;0;0;0;0;0
FR;9;2021-11-19;0;0;0;0;0;0;0;0;0;0;0;0;0;0;0;0;0;0
FR;9;2021-11-20;0;0;0;0;0;0;0;0;0;0;0;0;0;0;0;0;0;0
FR;9;2021-11-21;0;0;0;0;0;0;0;0;0;0;0;0;0;0;0;0;0;0
FR;9;2021-11-22;0;0;0;0;0;0;0;0;0;0;0;0;0;0;0;0;0;0
FR;9;2021-11-23;0;0;0;0;0;0;0;0;0;0;0;0;0;0;0;0;0;0
FR;9;2021-11-24;0;0;0;0;0;0;0;0;0;0;0;0;0;0;0;0;0;0
FR;9;2021-11-25;0;0;0;0;0;0;0;0;0;0;0;0;0;0;0;0;0;0
FR;9;2021-11-26;0;0;0;0;0;0;0;0;0;0;0;0;0;0;0;0;0;0
FR;9;2021-11-27;0;0;0;0;0;0;0;0;0;0;0;0;0;0;0;0;0;0
FR;9;2021-11-28;0;0;0;0;0;0;0;0;0;0;0;0;0;0;0;0;0;0
FR;9;2021-11-29;0;0;0;0;0;0;0;0;0;0;0;0;0;0;0;0;0;0
FR;9;2021-11-30;0;0;0;0;0;0;0;0;0;0;0;0;0;0;0;0;0;0
FR;9;2021-12-01;0;0;0;0;0;0;0;0;0;0;0;0;0;0;0;0;0;0
FR;9;2021-12-02;0;0;0;0;0;0;0;0;0;0;0;0;0;0;0;0;0;0
FR;9;2021-12-03;0;0;0;0;0;0;0;0;0;0;0;0;0;0;0;0;0;0
FR;9;2021-12-04;0;0;0;0;0;0;0;0;0;0;0;0;0;0;0;0;0;0
FR;9;2021-12-05;0;0;0;0;0;0;0;0;0;0;0;0;0;0;0;0;0;0
FR;9;2021-12-06;0;0;0;0;0;0;0;0;0;0;0;0;0;0;0;0;0;0
FR;9;2021-12-07;0;0;0;0;0;0;0;0;0;0;0;0;0;0;0;0;0;0
FR;9;2021-12-08;0;0;0;0;0;0;0;0;0;0;0;0;0;0;0;0;0;0
FR;9;2021-12-09;0;0;0;0;0;0;0;0;0;0;0;0;0;0;0;0;0;0
FR;9;2021-12-10;0;0;0;0;0;0;0;0;0;0;0;0;0;0;0;0;0;0
FR;9;2021-12-11;0;0;0;0;0;0;0;0;0;0;0;0;0;0;0;0;0;0
FR;9;2021-12-12;0;0;0;0;0;0;0;0;0;0;0;0;0;0;0;0;0;0
FR;9;2021-12-13;0;0;0;0;0;0;0;0;0;0;0;0;0;0;0;0;0;0
FR;9;2021-12-14;0;0;0;0;0;0;0;0;0;0;0;0;0;0;0;0;0;0
FR;9;2021-12-15;0;0;0;0;0;0;0;0;0;0;0;0;0;0;0;0;0;0
FR;9;2021-12-16;0;0;0;0;0;0;0;0;0;0;0;0;0;0;0;0;0;0
FR;9;2021-12-17;0;0;0;0;0;0;0;0;0;0;0;0;0;0;0;0;0;0
FR;9;2021-12-18;0;0;0;0;0;0;0;0;0;0;0;0;0;0;0;0;0;0
FR;9;2021-12-19;0;0;0;0;0;0;0;0;0;0;0;0;0;0;0;0;0;0
FR;9;2021-12-20;0;0;0;0;0;0;0;0;0;0;0;0;0;0;0;0;0;0
FR;9;2021-12-21;0;0;0;0;0;0;0;0;0;0;0;0;0;0;0;0;0;0
FR;9;2021-12-22;0;0;0;0;0;0;0;0;0;0;0;0;0;0;0;0;0;0
FR;9;2021-12-23;0;0;0;0;0;0;0;0;0;0;0;0;0;0;0;0;0;0
FR;9;2021-12-24;0;0;0;0;0;0;0;0;0;0;0;0;0;0;0;0;0;0
FR;9;2021-12-25;0;0;0;0;0;0;0;0;0;0;0;0;0;0;0;0;0;0
FR;9;2021-12-26;0;0;0;0;0;0;0;0;0;0;0;0;0;0;0;0;0;0
FR;9;2021-12-27;0;0;0;0;0;0;0;0;0;0;0;0;0;0;0;0;0;0
FR;9;2021-12-28;0;0;0;0;0;0;0;0;0;0;0;0;0;0;0;0;0;0
FR;9;2021-12-29;0;0;0;0;0;0;0;0;0;0;0;0;0;0;0;0;0;0
FR;9;2021-12-30;0;0;0;0;0;0;0;0;0;0;0;0;0;0;0;0;0;0
FR;9;2021-12-31;0;0;0;0;0;0;0;0;0;0;0;0;0;0;0;0;0;0
FR;9;2022-01-01;0;0;0;0;0;0;0;0;0;0;0;0;0;0;0;0;0;0
FR;9;2022-01-02;0;0;0;0;0;0;0;0;0;0;0;0;0;0;0;0;0;0
FR;9;2022-01-03;0;0;0;0;0;0;0;0;0;0;0;0;0;0;0;0;0;0
FR;9;2022-01-04;0;0;0;0;0;0;0;0;0;0;0;0;0;0;0;0;0;0
FR;9;2022-01-05;0;0;0;0;0;0;0;0;0;0;0;0;0;0;0;0;0;0
FR;9;2022-01-06;0;0;0;0;0;0;0;0;0;0;0;0;0;0;0;0;0;0
FR;9;2022-01-07;0;0;0;0;0;0;0;0;0;0;0;0;0;0;0;0;0;0
FR;9;2022-01-08;0;0;0;0;0;0;0;0;0;0;0;0;0;0;0;0;0;0
FR;9;2022-01-09;0;0;0;0;0;0;0;0;0;0;0;0;0;0;0;0;0;0
FR;9;2022-01-10;0;0;0;0;0;0;0;0;0;0;0;0;0;0;0;0;0;0
FR;9;2022-01-11;0;0;0;0;0;0;0;0;0;0;0;0;0;0;0;0;0;0
FR;9;2022-01-12;0;0;0;0;0;0;0;0;0;0;0;0;0;0;0;0;0;0
FR;9;2022-01-13;0;0;0;0;0;0;0;0;0;0;0;0;0;0;0;0;0;0
FR;9;2022-01-14;0;0;0;0;0;0;0;0;0;0;0;0;0;0;0;0;0;0
FR;9;2022-01-15;0;0;0;0;0;0;0;0;0;0;0;0;0;0;0;0;0;0
FR;9;2022-01-16;0;0;0;0;0;0;0;0;0;0;0;0;0;0;0;0;0;0
FR;9;2022-01-17;0;0;0;0;0;0;0;0;0;0;0;0;0;0;0;0;0;0
FR;9;2022-01-18;0;0;0;0;0;0;0;0;0;0;0;0;0;0;0;0;0;0
FR;9;2022-01-19;0;0;0;0;0;0;0;0;0;0;0;0;0;0;0;0;0;0
FR;9;2022-01-20;0;0;0;0;0;0;0;0;0;0;0;0;0;0;0;0;0;0
FR;9;2022-01-21;0;0;0;0;0;0;0;0;0;0;0;0;0;0;0;0;0;0
FR;9;2022-01-22;0;0;0;0;0;0;0;0;0;0;0;0;0;0;0;0;0;0
FR;9;2022-01-23;0;0;0;0;0;0;0;0;0;0;0;0;0;0;0;0;0;0
FR;9;2022-01-24;0;0;0;0;0;0;0;0;0;0;0;0;0;0;0;0;0;0
FR;9;2022-01-25;0;0;0;0;0;0;0;0;0;0;0;0;0;0;0;0;0;0
FR;9;2022-01-26;0;0;0;0;0;0;0;0;0;0;0;0;0;0;0;0;0;0
FR;9;2022-01-27;0;0;0;0;0;0;0;0;0;0;0;0;0;0;0;0;0;0
FR;9;2022-01-28;0;0;0;0;0;0;0;0;0;0;0;0;0;0;0;0;0;0
FR;9;2022-01-29;0;0;0;0;0;0;0;0;0;0;0;0;0;0;0;0;0;0
FR;9;2022-01-30;0;0;0;0;0;0;0;0;0;0;0;0;0;0;0;0;0;0
FR;9;2022-01-31;0;0;0;0;0;0;0;0;0;0;0;0;0;0;0;0;0;0
FR;9;2022-02-01;0;0;0;0;0;0;0;0;0;0;0;0;0;0;0;0;0;0
FR;9;2022-02-02;0;0;0;0;0;0;0;0;0;0;0;0;0;0;0;0;0;0
FR;9;2022-02-03;0;0;0;0;0;0;0;0;0;0;0;0;0;0;0;0;0;0
FR;9;2022-02-04;0;0;0;0;0;0;0;0;0;0;0;0;0;0;0;0;0;0
FR;9;2022-02-05;0;0;0;0;0;0;0;0;0;0;0;0;0;0;0;0;0;0
FR;9;2022-02-06;0;0;0;0;0;0;0;0;0;0;0;0;0;0;0;0;0;0
FR;9;2022-02-07;0;0;0;0;0;0;0;0;0;0;0;0;0;0;0;0;0;0
FR;9;2022-02-08;0;0;0;0;0;0;0;0;0;0;0;0;0;0;0;0;0;0
FR;9;2022-02-09;0;0;0;0;0;0;0;0;0;0;0;0;0;0;0;0;0;0
FR;9;2022-02-10;0;0;0;0;0;0;0;0;0;0;0;0;0;0;0;0;0;0
FR;9;2022-02-11;0;0;0;0;0;0;0;0;0;0;0;0;0;0;0;0;0;0
FR;9;2022-02-12;0;0;0;0;0;0;0;0;0;0;0;0;0;0;0;0;0;0
FR;9;2022-02-13;0;0;0;0;0;0;0;0;0;0;0;0;0;0;0;0;0;0
FR;9;2022-02-14;0;0;0;0;0;0;0;0;0;0;0;0;0;0;0;0;0;0
FR;9;2022-02-15;0;0;0;0;0;0;0;0;0;0;0;0;0;0;0;0;0;0
FR;9;2022-02-16;0;0;0;0;0;0;0;0;0;0;0;0;0;0;0;0;0;0
FR;9;2022-02-17;0;0;0;0;0;0;0;0;0;0;0;0;0;0;0;0;0;0
FR;9;2022-02-18;0;0;0;0;0;0;0;0;0;0;0;0;0;0;0;0;0;0
FR;9;2022-02-19;0;0;0;0;0;0;0;0;0;0;0;0;0;0;0;0;0;0
FR;9;2022-02-20;0;0;0;0;0;0;0;0;0;0;0;0;0;0;0;0;0;0
FR;9;2022-02-21;0;0;0;0;0;0;0;0;0;0;0;0;0;0;0;0;0;0
FR;9;2022-02-22;0;0;0;0;0;0;0;0;0;0;0;0;0;0;0;0;0;0
FR;9;2022-02-23;0;0;0;0;0;0;0;0;0;0;0;0;0;0;0;0;0;0
FR;9;2022-02-24;0;0;0;0;0;0;0;0;0;0;0;0;0;0;0;0;0;0
FR;9;2022-02-25;0;0;0;0;0;0;0;0;0;0;0;0;0;0;0;0;0;0
FR;9;2022-02-26;0;0;0;0;0;0;0;0;0;0;0;0;0;0;0;0;0;0
FR;9;2022-02-27;0;0;0;0;0;0;0;0;0;0;0;0;0;0;0;0;0;0
FR;9;2022-02-28;0;0;0;0;0;0;0;0;0;0;0;0;0;0;0;0;0;0
FR;9;2022-03-01;0;0;0;0;0;0;0;0;0;0;0;0;0;0;0;0;0;0
FR;9;2022-03-02;0;0;0;0;0;0;0;0;0;0;0;0;0;0;0;0;0;0
FR;9;2022-03-03;0;0;0;0;0;0;0;0;0;0;0;0;0;0;0;0;0;0
FR;9;2022-03-04;0;0;0;0;0;0;0;0;0;0;0;0;0;0;0;0;0;0
FR;9;2022-03-05;0;0;0;0;0;0;0;0;0;0;0;0;0;0;0;0;0;0
FR;9;2022-03-06;0;0;0;0;0;0;0;0;0;0;0;0;0;0;0;0;0;0
FR;9;2022-03-07;0;0;0;0;0;0;0;0;0;0;0;0;0;0;0;0;0;0
FR;9;2022-03-08;0;0;0;0;0;0;0;0;0;0;0;0;0;0;0;0;0;0
FR;9;2022-03-09;0;0;0;0;0;0;0;0;0;0;0;0;0;0;0;0;0;0
FR;9;2022-03-10;0;0;0;0;0;0;0;0;0;0;0;0;0;0;0;0;0;0
FR;9;2022-03-11;0;0;0;0;0;0;0;0;0;0;0;0;0;0;0;0;0;0
FR;9;2022-03-12;0;0;0;0;0;0;0;0;0;0;0;0;0;0;0;0;0;0
FR;9;2022-03-13;0;0;0;0;0;0;0;0;0;0;0;0;0;0;0;0;0;0
FR;9;2022-03-14;0;0;0;0;0;0;0;0;0;0;0;0;0;0;0;0;0;0
FR;9;2022-03-15;0;0;0;0;0;0;0;0;0;0;0;0;0;0;0;0;0;0
FR;9;2022-03-16;0;0;0;0;0;0;0;0;0;0;0;0;0;0;0;0;0;0
FR;9;2022-03-17;0;0;0;0;0;0;0;0;0;0;0;0;0;0;0;0;0;0
FR;9;2022-03-18;0;0;0;0;0;0;0;0;0;0;0;0;0;0;0;0;0;0
FR;9;2022-03-19;0;0;0;0;0;0;0;0;0;0;0;0;0;0;0;0;0;0
FR;9;2022-03-20;0;0;0;0;0;0;0;0;0;0;0;0;0;0;0;0;0;0
FR;9;2022-03-21;0;0;0;0;0;0;0;0;0;0;0;0;0;0;0;0;0;0
FR;9;2022-03-22;0;0;0;0;0;0;0;0;0;0;0;0;0;0;0;0;0;0
FR;9;2022-03-23;0;0;0;0;0;0;0;0;0;0;0;0;0;0;0;0;0;0
FR;9;2022-03-24;0;0;0;0;0;0;0;0;0;0;0;0;0;0;0;0;0;0
FR;9;2022-03-25;0;0;0;0;0;0;0;0;0;0;0;0;0;0;0;0;0;0
FR;9;2022-03-26;0;0;0;0;0;0;0;0;0;0;0;0;0;0;0;0;0;0
FR;9;2022-03-27;0;0;0;0;0;0;0;0;0;0;0;0;0;0;0;0;0;0
FR;9;2022-03-28;0;0;0;0;0;0;0;0;0;0;0;0;0;0;0;0;0;0
FR;9;2022-03-29;0;0;0;0;0;0;0;0;0;0;0;0;0;0;0;0;0;0
FR;9;2022-03-30;0;0;0;0;0;0;0;0;0;0;0;0;0;0;0;0;0;0
FR;9;2022-03-31;0;0;0;0;0;0;0;0;0;0;0;0;0;0;0;0;0;0
FR;9;2022-04-01;0;0;0;0;0;0;0;0;0;0;0;0;0;0;0;0;0;0
FR;9;2022-04-02;0;0;0;0;0;0;0;0;0;0;0;0;0;0;0;0;0;0
FR;9;2022-04-03;0;0;0;0;0;0;0;0;0;0;0;0;0;0;0;0;0;0
FR;9;2022-04-04;0;0;0;0;0;0;0;0;0;0;0;0;0;0;0;0;0;0
FR;9;2022-04-05;0;0;0;0;0;0;0;0;0;0;0;0;0;0;0;0;0;0
FR;9;2022-04-06;0;0;0;0;0;0;0;0;0;0;0;0;0;0;0;0;0;0
FR;9;2022-04-07;0;0;0;0;0;0;0;0;0;0;0;0;0;0;0;0;0;0
FR;9;2022-04-08;0;0;0;0;0;0;0;0;0;0;0;0;0;0;0;0;0;0
FR;9;2022-04-09;0;0;0;0;0;0;0;0;0;0;0;0;0;0;0;0;0;0
FR;9;2022-04-10;0;0;0;0;0;0;0;0;0;0;0;0;0;0;0;0;0;0
FR;9;2022-04-11;0;0;0;0;0;0;0;0;0;0;0;0;0;0;0;0;0;0
FR;9;2022-04-12;0;0;0;0;0;0;0;0;0;0;0;0;0;0;0;0;0;0
FR;9;2022-04-13;0;0;0;0;0;0;0;0;0;0;0;0;0;0;0;0;0;0
FR;9;2022-04-14;0;0;0;0;0;0;0;0;0;0;0;0;0;0;0;0;0;0
FR;9;2022-04-15;0;0;0;0;0;0;0;0;0;0;0;0;0;0;0;0;0;0
FR;9;2022-04-16;0;0;0;0;0;0;0;0;0;0;0;0;0;0;0;0;0;0
FR;9;2022-04-17;0;0;0;0;0;0;0;0;0;0;0;0;0;0;0;0;0;0
FR;9;2022-04-18;0;0;0;0;0;0;0;0;0;0;0;0;0;0;0;0;0;0
FR;9;2022-04-19;0;0;0;0;0;0;0;0;0;0;0;0;0;0;0;0;0;0
FR;9;2022-04-20;0;0;0;0;0;0;0;0;0;0;0;0;0;0;0;0;0;0
FR;9;2022-04-21;0;0;0;0;0;0;0;0;0;0;0;0;0;0;0;0;0;0
FR;9;2022-04-22;0;0;0;0;0;0;0;0;0;0;0;0;0;0;0;0;0;0
FR;9;2022-04-23;0;0;0;0;0;0;0;0;0;0;0;0;0;0;0;0;0;0
FR;9;2022-04-24;0;0;0;0;0;0;0;0;0;0;0;0;0;0;0;0;0;0
FR;9;2022-04-25;0;0;0;0;0;0;0;0;0;0;0;0;0;0;0;0;0;0
FR;9;2022-04-26;0;0;0;0;0;0;0;0;0;0;0;0;0;0;0;0;0;0
FR;9;2022-04-27;0;0;0;0;0;0;0;0;0;0;0;0;0;0;0;0;0;0
FR;9;2022-04-28;0;0;0;0;0;0;0;0;0;0;0;0;0;0;0;0;0;0
FR;9;2022-04-29;0;0;0;0;0;0;0;0;0;0;0;0;0;0;0;0;0;0
FR;9;2022-04-30;0;0;0;0;0;0;0;0;0;0;0;0;0;0;0;0;0;0
FR;9;2022-05-01;0;0;0;0;0;0;0;0;0;0;0;0;0;0;0;0;0;0
FR;9;2022-05-02;0;0;0;0;0;0;0;0;0;0;0;0;0;0;0;0;0;0
FR;9;2022-05-03;0;0;0;0;0;0;0;0;0;0;0;0;0;0;0;0;0;0
FR;9;2022-05-04;0;0;0;0;0;0;0;0;0;0;0;0;0;0;0;0;0;0
FR;9;2022-05-05;0;0;0;0;0;0;0;0;0;0;0;0;0;0;0;0;0;0
FR;9;2022-05-06;0;0;0;0;0;0;0;0;0;0;0;0;0;0;0;0;0;0
FR;9;2022-05-07;0;0;0;0;0;0;0;0;0;0;0;0;0;0;0;0;0;0
FR;9;2022-05-08;0;0;0;0;0;0;0;0;0;0;0;0;0;0;0;0;0;0
FR;9;2022-05-09;0;0;0;0;0;0;0;0;0;0;0;0;0;0;0;0;0;0
FR;9;2022-05-10;0;0;0;0;0;0;0;0;0;0;0;0;0;0;0;0;0;0
FR;9;2022-05-11;0;0;0;0;0;0;0;0;0;0;0;0;0;0;0;0;0;0
FR;9;2022-05-12;0;0;0;0;0;0;0;0;0;0;0;0;0;0;0;0;0;0
FR;9;2022-05-13;0;0;0;0;0;0;0;0;0;0;0;0;0;0;0;0;0;0
FR;9;2022-05-14;0;0;0;0;0;0;0;0;0;0;0;0;0;0;0;0;0;0
FR;9;2022-05-15;0;0;0;0;0;0;0;0;0;0;0;0;0;0;0;0;0;0
FR;9;2022-05-16;0;0;0;0;0;0;0;0;0;0;0;0;0;0;0;0;0;0
FR;9;2022-05-17;0;0;0;0;0;0;0;0;0;0;0;0;0;0;0;0;0;0
FR;9;2022-05-18;0;0;0;0;0;0;0;0;0;0;0;0;0;0;0;0;0;0
FR;9;2022-05-19;0;0;0;0;0;0;0;0;0;0;0;0;0;0;0;0;0;0
FR;9;2022-05-20;0;0;0;0;0;0;0;0;0;0;0;0;0;0;0;0;0;0
FR;9;2022-05-21;0;0;0;0;0;0;0;0;0;0;0;0;0;0;0;0;0;0
FR;9;2022-05-22;0;0;0;0;0;0;0;0;0;0;0;0;0;0;0;0;0;0
FR;9;2022-05-23;0;0;0;0;0;0;0;0;0;0;0;0;0;0;0;0;0;0
FR;9;2022-05-24;0;0;0;0;0;0;0;0;0;0;0;0;0;0;0;0;0;0
FR;9;2022-05-25;0;0;0;0;0;0;0;0;0;0;0;0;0;0;0;0;0;0
FR;9;2022-05-26;0;0;0;0;0;0;0;0;0;0;0;0;0;0;0;0;0;0
FR;9;2022-05-27;0;0;0;0;0;0;0;0;0;0;0;0;0;0;0;0;0;0
FR;9;2022-05-28;0;0;0;0;0;0;0;0;0;0;0;0;0;0;0;0;0;0
FR;9;2022-05-29;0;0;0;0;0;0;0;0;0;0;0;0;0;0;0;0;0;0
FR;9;2022-05-30;0;0;0;0;0;0;0;0;0;0;0;0;0;0;0;0;0;0
FR;9;2022-05-31;0;0;0;0;0;0;0;0;0;0;0;0;0;0;0;0;0;0
FR;9;2022-06-01;0;0;0;0;0;0;0;0;0;0;0;0;0;0;0;0;0;0
FR;9;2022-06-02;0;0;0;0;0;0;0;0;0;0;0;0;0;0;0;0;0;0
FR;9;2022-06-03;0;0;0;0;0;0;0;0;0;0;0;0;0;0;0;0;0;0
FR;9;2022-06-04;0;0;0;0;0;0;0;0;0;0;0;0;0;0;0;0;0;0
FR;9;2022-06-05;0;0;0;0;0;0;0;0;0;0;0;0;0;0;0;0;0;0
FR;9;2022-06-06;0;0;0;0;0;0;0;0;0;0;0;0;0;0;0;0;0;0
FR;9;2022-06-07;0;0;0;0;0;0;0;0;0;0;0;0;0;0;0;0;0;0
FR;9;2022-06-08;0;0;0;0;0;0;0;0;0;0;0;0;0;0;0;0;0;0
FR;9;2022-06-09;0;0;0;0;0;0;0;0;0;0;0;0;0;0;0;0;0;0
FR;9;2022-06-10;0;0;0;0;0;0;0;0;0;0;0;0;0;0;0;0;0;0
FR;9;2022-06-11;0;0;0;0;0;0;0;0;0;0;0;0;0;0;0;0;0;0
FR;9;2022-06-12;0;0;0;0;0;0;0;0;0;0;0;0;0;0;0;0;0;0
FR;9;2022-06-13;0;0;0;0;0;0;0;0;0;0;0;0;0;0;0;0;0;0
FR;9;2022-06-14;0;0;0;0;0;0;0;0;0;0;0;0;0;0;0;0;0;0
FR;9;2022-06-15;0;0;0;0;0;0;0;0;0;0;0;0;0;0;0;0;0;0
FR;9;2022-06-16;0;0;0;0;0;0;0;0;0;0;0;0;0;0;0;0;0;0
FR;9;2022-06-17;0;0;0;0;0;0;0;0;0;0;0;0;0;0;0;0;0;0
FR;9;2022-06-18;0;0;0;0;0;0;0;0;0;0;0;0;0;0;0;0;0;0
FR;9;2022-06-19;0;0;0;0;0;0;0;0;0;0;0;0;0;0;0;0;0;0
FR;9;2022-06-20;0;0;0;0;0;0;0;0;0;0;0;0;0;0;0;0;0;0
FR;9;2022-06-21;0;0;0;0;0;0;0;0;0;0;0;0;0;0;0;0;0;0
FR;9;2022-06-22;0;0;0;0;0;0;0;0;0;0;0;0;0;0;0;0;0;0
FR;9;2022-06-23;0;0;0;0;0;0;0;0;0;0;0;0;0;0;0;0;0;0
FR;9;2022-06-24;0;0;0;0;0;0;0;0;0;0;0;0;0;0;0;0;0;0
FR;9;2022-06-25;0;0;0;0;0;0;0;0;0;0;0;0;0;0;0;0;0;0
FR;9;2022-06-26;0;0;0;0;0;0;0;0;0;0;0;0;0;0;0;0;0;0
FR;9;2022-06-27;0;0;0;0;0;0;0;0;0;0;0;0;0;0;0;0;0;0
FR;9;2022-06-28;0;0;0;0;0;0;0;0;0;0;0;0;0;0;0;0;0;0
FR;9;2022-06-29;0;0;0;0;0;0;0;0;0;0;0;0;0;0;0;0;0;0
FR;9;2022-06-30;0;0;0;0;0;0;0;0;0;0;0;0;0;0;0;0;0;0
FR;9;2022-07-01;0;0;0;0;0;0;0;0;0;0;0;0;0;0;0;0;0;0
FR;9;2022-07-02;0;0;0;0;0;0;0;0;0;0;0;0;0;0;0;0;0;0
FR;9;2022-07-03;0;0;0;0;0;0;0;0;0;0;0;0;0;0;0;0;0;0
FR;9;2022-07-04;0;0;0;0;0;0;0;0;0;0;0;0;0;0;0;0;0;0
FR;9;2022-07-05;0;0;0;0;0;0;0;0;0;0;0;0;0;0;0;0;0;0
FR;9;2022-07-06;0;0;0;0;0;0;0;0;0;0;0;0;0;0;0;0;0;0
FR;9;2022-07-07;0;0;0;0;0;0;0;0;0;0;0;0;0;0;0;0;0;0
FR;9;2022-07-08;0;0;0;0;0;0;0;0;0;0;0;0;0;0;0;0;0;0
FR;9;2022-07-09;0;0;0;0;0;0;0;0;0;0;0;0;0;0;0;0;0;0
FR;9;2022-07-10;0;0;0;0;0;0;0;0;0;0;0;0;0;0;0;0;0;0
FR;9;2022-07-11;0;0;0;0;0;0;0;0;0;0;0;0;0;0;0;0;0;0
FR;9;2022-07-12;0;0;0;0;0;0;0;0;0;0;0;0;0;0;0;0;0;0
FR;9;2022-07-13;0;0;0;0;0;0;0;0;0;0;0;0;0;0;0;0;0;0
FR;9;2022-07-14;0;0;0;0;0;0;0;0;0;0;0;0;0;0;0;0;0;0
FR;9;2022-07-15;0;0;0;0;0;0;0;0;0;0;0;0;0;0;0;0;0;0
FR;9;2022-07-16;0;0;0;0;0;0;0;0;0;0;0;0;0;0;0;0;0;0
FR;9;2022-07-17;0;0;0;0;0;0;0;0;0;0;0;0;0;0;0;0;0;0
FR;9;2022-07-18;0;0;0;0;0;0;0;0;0;0;0;0;0;0;0;0;0;0
FR;9;2022-07-19;0;0;0;0;0;0;0;0;0;0;0;0;0;0;0;0;0;0
FR;9;2022-07-20;0;0;0;0;0;0;0;0;0;0;0;0;0;0;0;0;0;0
FR;9;2022-07-21;0;0;0;0;0;0;0;0;0;0;0;0;0;0;0;0;0;0
FR;9;2022-07-22;0;0;0;0;0;0;0;0;0;0;0;0;0;0;0;0;0;0
FR;9;2022-07-23;0;0;0;0;0;0;0;0;0;0;0;0;0;0;0;0;0;0
FR;9;2022-07-24;0;0;0;0;0;0;0;0;0;0;0;0;0;0;0;0;0;0
FR;9;2022-07-25;0;0;0;0;0;0;0;0;0;0;0;0;0;0;0;0;0;0
FR;9;2022-07-26;0;0;0;0;0;0;0;0;0;0;0;0;0;0;0;0;0;0
FR;9;2022-07-27;0;0;0;0;0;0;0;0;0;0;0;0;0;0;0;0;0;0
FR;9;2022-07-28;0;0;0;0;0;0;0;0;0;0;0;0;0;0;0;0;0;0
FR;9;2022-07-29;0;0;0;0;0;0;0;0;0;0;0;0;0;0;0;0;0;0
FR;9;2022-07-30;0;0;0;0;0;0;0;0;0;0;0;0;0;0;0;0;0;0
FR;9;2022-07-31;0;0;0;0;0;0;0;0;0;0;0;0;0;0;0;0;0;0
FR;9;2022-08-01;0;0;0;0;0;0;0;0;0;0;0;0;0;0;0;0;0;0
FR;9;2022-08-02;0;0;0;0;0;0;0;0;0;0;0;0;0;0;0;0;0;0
FR;9;2022-08-03;0;0;0;0;0;0;0;0;0;0;0;0;0;0;0;0;0;0
FR;9;2022-08-04;0;0;0;0;0;0;0;0;0;0;0;0;0;0;0;0;0;0
FR;9;2022-08-05;0;0;0;0;0;0;0;0;0;0;0;0;0;0;0;0;0;0
FR;9;2022-08-06;0;0;0;0;0;0;0;0;0;0;0;0;0;0;0;0;0;0
FR;9;2022-08-07;0;0;0;0;0;0;0;0;0;0;0;0;0;0;0;0;0;0
FR;9;2022-08-08;0;0;0;0;0;0;0;0;0;0;0;0;0;0;0;0;0;0
FR;9;2022-08-09;0;0;0;0;0;0;0;0;0;0;0;0;0;0;0;0;0;0
FR;9;2022-08-10;0;0;0;0;0;0;0;0;0;0;0;0;0;0;0;0;0;0
FR;9;2022-08-11;0;0;0;0;0;0;0;0;0;0;0;0;0;0;0;0;0;0
FR;9;2022-08-12;0;0;0;0;0;0;0;0;0;0;0;0;0;0;0;0;0;0
FR;9;2022-08-13;0;0;0;0;0;0;0;0;0;0;0;0;0;0;0;0;0;0
FR;9;2022-08-14;0;0;0;0;0;0;0;0;0;0;0;0;0;0;0;0;0;0
FR;9;2022-08-15;0;0;0;0;0;0;0;0;0;0;0;0;0;0;0;0;0;0
FR;9;2022-08-16;0;0;0;0;0;0;0;0;0;0;0;0;0;0;0;0;0;0
FR;9;2022-08-17;0;0;0;0;0;0;0;0;0;0;0;0;0;0;0;0;0;0
FR;9;2022-08-18;0;0;0;0;0;0;0;0;0;0;0;0;0;0;0;0;0;0
FR;9;2022-08-19;0;0;0;0;0;0;0;0;0;0;0;0;0;0;0;0;0;0
FR;9;2022-08-20;0;0;0;0;0;0;0;0;0;0;0;0;0;0;0;0;0;0
FR;9;2022-08-21;0;0;0;0;0;0;0;0;0;0;0;0;0;0;0;0;0;0
FR;9;2022-08-22;0;0;0;0;0;0;0;0;0;0;0;0;0;0;0;0;0;0
FR;9;2022-08-23;0;0;0;0;0;0;0;0;0;0;0;0;0;0;0;0;0;0
FR;9;2022-08-24;0;0;0;0;0;0;0;0;0;0;0;0;0;0;0;0;0;0
FR;9;2022-08-25;0;0;0;0;0;0;0;0;0;0;0;0;0;0;0;0;0;0
FR;9;2022-08-26;0;0;0;0;0;0;0;0;0;0;0;0;0;0;0;0;0;0
FR;9;2022-08-27;0;0;0;0;0;0;0;0;0;0;0;0;0;0;0;0;0;0
FR;9;2022-08-28;0;0;0;0;0;0;0;0;0;0;0;0;0;0;0;0;0;0
FR;9;2022-08-29;0;0;0;0;0;0;0;0;0;0;0;0;0;0;0;0;0;0
FR;9;2022-08-30;0;0;0;0;0;0;0;0;0;0;0;0;0;0;0;0;0;0
FR;9;2022-08-31;0;0;0;0;0;0;0;0;0;0;0;0;0;0;0;0;0;0
FR;9;2022-09-01;0;0;0;0;0;0;0;0;0;0;0;0;0;0;0;0;0;0
FR;9;2022-09-02;0;0;0;0;0;0;0;0;0;0;0;0;0;0;0;0;0;0
FR;9;2022-09-03;0;0;0;0;0;0;0;0;0;0;0;0;0;0;0;0;0;0
FR;9;2022-09-04;0;0;0;0;0;0;0;0;0;0;0;0;0;0;0;0;0;0
FR;9;2022-09-05;0;0;0;0;0;0;0;0;0;0;0;0;0;0;0;0;0;0
FR;9;2022-09-06;0;0;0;0;0;0;0;0;0;0;0;0;0;0;0;0;0;0
FR;9;2022-09-07;0;0;0;0;0;0;0;0;0;0;0;0;0;0;0;0;0;0
FR;9;2022-09-08;0;0;0;0;0;0;0;0;0;0;0;0;0;0;0;0;0;0
FR;9;2022-09-09;0;0;0;0;0;0;0;0;0;0;0;0;0;0;0;0;0;0
FR;9;2022-09-10;0;0;0;0;0;0;0;0;0;0;0;0;0;0;0;0;0;0
FR;9;2022-09-11;0;0;0;0;0;0;0;0;0;0;0;0;0;0;0;0;0;0
FR;9;2022-09-12;0;0;0;0;0;0;0;0;0;0;0;0;0;0;0;0;0;0
FR;9;2022-09-13;0;0;0;0;0;0;0;0;0;0;0;0;0;0;0;0;0;0
FR;9;2022-09-14;0;0;0;0;0;0;0;0;0;0;0;0;0;0;0;0;0;0
FR;9;2022-09-15;0;0;0;0;0;0;0;0;0;0;0;0;0;0;0;0;0;0
FR;9;2022-09-16;0;0;0;0;0;0;0;0;0;0;0;0;0;0;0;0;0;0
FR;9;2022-09-17;0;0;0;0;0;0;0;0;0;0;0;0;0;0;0;0;0;0
FR;9;2022-09-18;0;0;0;0;0;0;0;0;0;0;0;0;0;0;0;0;0;0
FR;9;2022-09-19;0;0;0;0;0;0;0;0;0;0;0;0;0;0;0;0;0;0
FR;9;2022-09-20;0;0;0;0;0;0;0;0;0;0;0;0;0;0;0;0;0;0
FR;9;2022-09-21;0;0;0;0;0;0;0;0;0;0;0;0;0;0;0;0;0;0
FR;9;2022-09-22;0;0;0;0;0;0;0;0;0;0;0;0;0;0;0;0;0;0
FR;9;2022-09-23;0;0;0;0;0;0;0;0;0;0;0;0;0;0;0;0;0;0
FR;9;2022-09-24;0;0;0;0;0;0;0;0;0;0;0;0;0;0;0;0;0;0
FR;9;2022-09-25;0;0;0;0;0;0;0;0;0;0;0;0;0;0;0;0;0;0
FR;9;2022-09-26;0;0;0;0;0;0;0;0;0;0;0;0;0;0;0;0;0;0
FR;9;2022-09-27;0;0;0;0;0;0;0;0;0;0;0;0;0;0;0;0;0;0
FR;9;2022-09-28;0;0;0;0;0;0;0;0;0;0;0;0;0;0;0;0;0;0
FR;9;2022-09-29;1;1;8;33;0;6;35;43;2;1;1;8;33;0;6;35;43;2
FR;9;2022-09-30;5;13;62;606;7;48;614;715;51;6;14;70;639;7;54;649;758;53
FR;9;2022-10-01;10;2;43;327;3;26;335;396;35;16;16;113;966;10;80;984;1154;88
FR;9;2022-10-02;2;1;5;50;0;4;51;66;11;18;17;118;1016;10;84;1035;1220;99
FR;9;2022-10-03;14;17;151;1714;11;129;1708;2074;234;32;34;269;2730;21;213;2743;3294;333
FR;9;2022-10-04;22;48;353;3954;18;228;4022;4704;450;54;82;622;6684;39;441;6765;7998;783
FR;9;2022-10-05;30;21;269;2998;18;203;3011;3656;433;84;103;891;9682;57;644;9776;11654;1216
FR;9;2022-10-06;23;35;400;4598;18;301;4631;5609;672;107;138;1291;14280;75;945;14407;17263;1888
FR;9;2022-10-07;29;50;499;5706;19;384;5720;7029;923;136;188;1790;19986;94;1329;20127;24292;2811
FR;9;2022-10-08;10;18;128;1090;8;86;1108;1389;191;146;206;1918;21076;102;1415;21235;25681;3002
FR;9;2022-10-09;1;7;22;197;1;29;198;277;50;147;213;1940;21273;103;1444;21433;25958;3052
FR;9;2022-10-10;11;26;207;2572;14;181;2576;3296;533;158;239;2147;23845;117;1625;24009;29254;3585
FR;9;2022-10-11;31;40;424;5043;27;312;5024;6198;851;189;279;2571;28888;144;1937;29033;35452;4436
FR;9;2022-10-12;22;26;297;2987;16;212;3044;3830;572;211;305;2868;31875;160;2149;32077;39282;5008
FR;9;2022-10-13;25;42;374;3980;16;245;4036;5027;740;236;347;3242;35855;176;2394;36113;44309;5748
FR;9;2022-10-14;27;26;381;4430;12;293;4414;5556;838;263;373;3623;40285;188;2687;40527;49865;6586
FR;9;2022-10-15;14;8;101;1052;7;79;1029;1308;198;277;381;3724;41337;195;2766;41556;51173;6784
FR;9;2022-10-16;4;1;9;132;2;12;126;168;28;281;382;3733;41469;197;2778;41682;51341;6812
FR;9;2022-10-17;4;22;165;1875;11;127;1883;2492;475;285;404;3898;43344;208;2905;43565;53833;7287
FR;9;2022-10-18;36;29;317;3430;17;237;3454;4663;963;321;433;4215;46774;225;3142;47019;58496;8250
FR;9;2022-10-19;22;19;262;2688;17;174;2717;3733;827;343;452;4477;49462;242;3316;49736;62229;9077
FR;9;2022-10-20;22;22;308;3628;8;233;3639;4813;933;365;474;4785;53090;250;3549;53375;67042;10010
FR;9;2022-10-21;14;32;327;3550;11;228;3556;4657;865;379;506;5112;56640;261;3777;56931;71699;10875
FR;9;2022-10-22;10;11;90;914;8;62;919;1193;207;389;517;5202;57554;269;3839;57850;72892;11082
FR;9;2022-10-23;2;2;17;100;2;10;105;148;33;391;519;5219;57654;271;3849;57955;73040;11115
FR;9;2022-10-24;7;17;159;1363;6;106;1434;1942;397;398;536;5378;59017;277;3955;59389;74982;11512
FR;9;2022-10-25;19;22;228;2841;16;188;2851;3938;896;417;558;5606;61858;293;4143;62240;78920;12408
FR;9;2022-10-26;14;16;169;1800;13;123;1812;2527;590;431;574;5775;63658;306;4266;64052;81447;12998
FR;9;2022-10-27;9;26;230;2303;15;173;2337;3210;689;440;600;6005;65961;321;4439;66389;84657;13687
FR;9;2022-10-28;18;27;224;2277;17;151;2303;3142;681;458;627;6229;68238;338;4590;68692;87799;14368
FR;9;2022-10-29;12;8;55;505;5;46;496;662;119;470;635;6284;68743;343;4636;69188;88461;14487
FR;9;2022-10-30;2;1;8;58;1;8;58;82;16;472;636;6292;68801;344;4644;69246;88543;14503
FR;9;2022-10-31;13;7;105;660;9;59;695;996;240;485;643;6397;69461;353;4703;69941;89539;14743
FR;9;2022-11-01;1;1;15;43;0;11;49;71;11;486;644;6412;69504;353;4714;69990;89610;14754
FR;9;2022-11-02;7;12;102;1027;4;76;1045;1577;452;493;656;6514;70531;357;4790;71035;91187;15206
FR;9;2022-11-03;17;18;157;1599;16;92;1647;2348;599;510;674;6671;72130;373;4882;72682;93535;15805
FR;9;2022-11-04;21;19;193;1751;15;120;1800;2536;611;531;693;6864;73881;388;5002;74482;96071;16416
FR;9;2022-11-05;8;10;58;403;9;39;424;573;107;539;703;6922;74284;397;5041;74906;96644;16523
FR;9;2022-11-06;5;4;5;62;6;2;61;88;25;544;707;6927;74346;403;5043;74967;96732;16548
FR;9;2022-11-07;16;19;89;942;16;110;941;1489;432;560;726;7016;75288;419;5153;75908;98221;16980
FR;9;2022-11-08;11;19;171;1827;13;137;1815;2660;703;571;745;7187;77115;432;5290;77723;100881;17683
FR;9;2022-11-09;16;16;123;1261;9;98;1322;1878;453;587;761;7310;78376;441;5388;79045;102759;18136
FR;9;2022-11-10;13;22;162;1623;14;137;1621;2281;519;600;783;7472;79999;455;5525;80666;105040;18655
FR;9;2022-11-11;1;1;13;81;1;6;83;124;35;601;784;7485;80080;456;5531;80749;105164;18690
FR;9;2022-11-12;5;8;44;259;7;19;278;395;97;606;792;7529;80339;463;5550;81027;105559;18787
FR;9;2022-11-13;2;0;4;30;0;4;31;51;16;608;792;7533;80369;463;5554;81058;105610;18803
FR;9;2022-11-14;11;12;56;713;11;44;722;1108;339;619;804;7589;81082;474;5598;81780;106718;19142
FR;9;2022-11-15;18;16;150;1346;7;103;1356;2103;638;637;820;7739;82428;481;5701;83136;108821;19780
FR;9;2022-11-16;10;5;99;979;8;58;997;1490;431;647;825;7838;83407;489;5759;84133;110311;20211
FR;9;2022-11-17;9;17;126;1086;11;78;1111;1695;501;656;842;7964;84493;500;5837;85244;112006;20712
FR;9;2022-11-18;7;16;120;1440;5;78;1455;2027;492;663;858;8084;85933;505;5915;86699;114033;21204
FR;9;2022-11-19;3;5;51;364;1;28;351;490;106;666;863;8135;86297;506;5943;87050;114523;21310
FR;9;2022-11-20;1;0;5;37;0;3;35;54;16;667;863;8140;86334;506;5946;87085;114577;21326
FR;9;2022-11-21;9;12;66;636;5;51;639;960;263;676;875;8206;86970;511;5997;87724;115537;21589
FR;9;2022-11-22;15;12;121;1037;13;74;1067;1592;449;691;887;8327;88007;524;6071;88791;117129;22038
FR;9;2022-11-23;7;10;69;734;5;33;761;1171;372;698;897;8396;88741;529;6104;89552;118300;22410
FR;9;2022-11-24;8;19;93;979;14;68;992;1472;406;706;916;8489;89720;543;6172;90544;119772;22816
FR;9;2022-11-25;8;11;107;1180;9;82;1195;1781;503;714;927;8596;90900;552;6254;91739;121553;23319
FR;9;2022-11-26;6;6;35;217;7;24;214;310;68;720;933;8631;91117;559;6278;91953;121863;23387
FR;9;2022-11-27;1;1;6;42;0;2;46;82;34;721;934;8637;91159;559;6280;91999;121945;23421
FR;9;2022-11-28;5;7;103;698;7;60;726;1135;344;726;941;8740;91857;566;6340;92725;123080;23765
FR;9;2022-11-29;6;18;142;1299;6;89;1327;1942;521;732;959;8882;93156;572;6429;94052;125022;24286
FR;9;2022-11-30;9;12;99;1032;5;76;1055;1606;470;741;971;8981;94188;577;6505;95107;126628;24756
FR;9;2022-12-01;16;14;112;1345;8;80;1331;1970;554;757;985;9093;95533;585;6585;96438;128598;25310
FR;9;2022-12-02;10;13;193;1817;10;107;1818;2631;700;767;998;9286;97350;595;6692;98256;131229;26010
FR;9;2022-12-03;7;9;79;619;5;41;632;887;208;774;1007;9365;97969;600;6733;98888;132116;26218
FR;9;2022-12-04;11;4;15;105;5;8;105;153;40;785;1011;9380;98074;605;6741;98993;132269;26258
FR;9;2022-12-05;21;24;144;1406;18;98;1421;2110;584;806;1035;9524;99480;623;6839;100414;134379;26842
FR;9;2022-12-06;30;21;264;2453;21;148;2548;3812;1097;836;1056;9788;101933;644;6987;102962;138191;27939
FR;9;2022-12-07;15;22;181;1848;20;112;1890;2826;814;851;1078;9969;103781;664;7099;104852;141017;28753
FR;9;2022-12-08;14;22;222;2404;15;125;2467;3701;1092;865;1100;10191;106185;679;7224;107319;144718;29845
FR;9;2022-12-09;14;25;287;2888;10;143;2986;4337;1200;879;1125;10478;109073;689;7367;110305;149055;31045
FR;9;2022-12-10;12;13;122;1324;5;56;1347;1819;410;891;1138;10600;110397;694;7423;111652;150874;31455
FR;9;2022-12-11;5;5;21;277;6;10;283;363;66;896;1143;10621;110674;700;7433;111935;151237;31521
FR;9;2022-12-12;17;14;215;1958;12;109;2032;2892;746;913;1157;10836;112632;712;7542;113967;154129;32267
FR;9;2022-12-13;28;23;317;3085;15;151;3221;4720;1337;941;1180;11153;115717;727;7693;117188;158849;33604
FR;9;2022-12-14;15;10;191;2335;8;94;2405;3505;989;956;1190;11344;118052;735;7787;119593;162354;34593
FR;9;2022-12-15;17;24;257;2611;13;138;2682;4069;1238;973;1214;11601;120663;748;7925;122275;166423;35831
FR;9;2022-12-16;15;29;294;3072;21;165;3155;4603;1274;988;1243;11895;123735;769;8090;125430;171026;37105
FR;9;2022-12-17;8;11;106;1193;6;50;1208;1664;402;996;1254;12001;124928;775;8140;126638;172690;37507
FR;9;2022-12-18;1;7;30;245;6;14;251;333;67;997;1261;12031;125173;781;8154;126889;173023;37574
FR;9;2022-12-19;20;21;149;1599;15;78;1631;2507;789;1017;1282;12180;126772;796;8232;128520;175530;38363
FR;9;2022-12-20;21;19;232;2306;6;115;2349;3708;1233;1038;1301;12412;129078;802;8347;130869;179238;39596
FR;9;2022-12-21;6;14;139;1501;7;66;1554;2402;775;1044;1315;12551;130579;809;8413;132423;181640;40371
FR;9;2022-12-22;19;9;136;1402;9;78;1418;2119;615;1063;1324;12687;131981;818;8491;133841;183759;40986
FR;9;2022-12-23;11;15;77;728;9;51;730;1092;305;1074;1339;12764;132709;827;8542;134571;184851;41291
FR;9;2022-12-24;1;5;13;96;4;6;98;138;34;1075;1344;12777;132805;831;8548;134669;184989;41325
FR;9;2022-12-25;1;0;5;5;0;4;6;12;2;1076;1344;12782;132810;831;8552;134675;185001;41327
FR;9;2022-12-26;17;8;64;547;11;37;554;829;235;1093;1352;12846;133357;842;8589;135229;185830;41562
FR;9;2022-12-27;12;30;97;882;14;69;917;1422;430;1105;1382;12943;134239;856;8658;136146;187252;41992
FR;9;2022-12-28;8;9;82;749;8;40;768;1185;372;1113;1391;13025;134988;864;8698;136914;188437;42364
FR;9;2022-12-29;9;14;92;720;10;51;753;1135;324;1122;1405;13117;135708;874;8749;137667;189572;42688
FR;9;2022-12-30;12;17;77;592;9;47;612;899;237;1134;1422;13194;136300;883;8796;138279;190471;42925
FR;9;2022-12-31;2;3;17;136;2;12;139;190;38;1136;1425;13211;136436;885;8808;138418;190661;42963
FR;9;2023-01-01;0;2;3;19;1;4;19;31;8;1136;1427;13214;136455;886;8812;138437;190692;42971
FR;9;2023-01-02;11;11;56;592;4;40;585;949;320;1147;1438;13270;137047;890;8852;139022;191641;43291
FR;9;2023-01-03;19;20;122;1079;20;75;1101;1940;749;1166;1458;13392;138126;910;8927;140123;193581;44040
FR;9;2023-01-04;21;18;113;846;8;73;898;1609;633;1187;1476;13505;138972;918;9000;141021;195190;44673
FR;9;2023-01-05;5;20;115;1059;11;65;1091;2048;882;1192;1496;13620;140031;929;9065;142112;197238;45555
FR;9;2023-01-06;13;17;152;1370;4;73;1388;2410;938;1205;1513;13772;141401;933;9138;143500;199648;46493
FR;9;2023-01-07;6;13;58;436;14;36;427;687;220;1211;1526;13830;141837;947;9174;143927;200335;46713
FR;9;2023-01-08;4;11;15;92;9;12;91;137;32;1215;1537;13845;141929;956;9186;144018;200472;46745
FR;9;2023-01-09;16;15;87;623;9;62;615;1276;586;1231;1552;13932;142552;965;9248;144633;201748;47331
FR;9;2023-01-10;13;12;154;979;11;74;1033;1990;871;1244;1564;14086;143531;976;9322;145666;203738;48202
FR;9;2023-01-11;19;9;74;680;10;49;689;1387;643;1263;1573;14160;144211;986;9371;146355;205125;48845
FR;9;2023-01-12;21;9;92;845;3;77;823;1688;775;1284;1582;14252;145056;989;9448;147178;206813;49620
FR;9;2023-01-13;15;19;106;888;12;73;910;1784;785;1299;1601;14358;145944;1001;9521;148088;208597;50405
FR;9;2023-01-14;9;9;55;294;5;33;299;585;247;1308;1610;14413;146238;1006;9554;148387;209182;50652
FR;9;2023-01-15;1;3;15;37;0;9;41;82;32;1309;1613;14428;146275;1006;9563;148428;209264;50684
FR;9;2023-01-16;6;15;54;366;13;24;383;785;371;1315;1628;14482;146641;1019;9587;148811;210049;51055
FR;9;2023-01-17;7;9;83;563;4;49;577;1244;609;1322;1637;14565;147204;1023;9636;149388;211293;51664
FR;9;2023-01-18;8;14;37;380;6;32;397;841;405;1330;1651;14602;147584;1029;9668;149785;212134;52069
FR;9;2023-01-19;10;9;58;477;8;30;478;1088;569;1340;1660;14660;148061;1037;9698;150263;213222;52638
FR;9;2023-01-20;15;19;96;578;16;57;595;1190;534;1355;1679;14756;148639;1053;9755;150858;214412;53172
FR;9;2023-01-21;8;15;20;192;11;13;190;347;140;1363;1694;14776;148831;1064;9768;151048;214759;53312
FR;9;2023-01-22;0;0;8;20;0;5;21;42;16;1363;1694;14784;148851;1064;9773;151069;214801;53328
FR;9;2023-01-23;4;15;27;253;9;25;242;563;287;1367;1709;14811;149104;1073;9798;151311;215364;53615
FR;9;2023-01-24;11;10;70;461;9;42;484;1162;633;1378;1719;14881;149565;1082;9840;151795;216526;54248
FR;9;2023-01-25;11;20;50;325;9;47;336;798;410;1389;1739;14931;149890;1091;9887;152131;217324;54658
FR;9;2023-01-26;7;17;64;391;8;50;390;967;515;1396;1756;14995;150281;1099;9937;152521;218291;55173
FR;9;2023-01-27;4;7;59;381;3;31;397;906;462;1400;1763;15054;150662;1102;9968;152918;219197;55635
FR;9;2023-01-28;3;6;31;128;5;27;120;265;116;1403;1769;15085;150790;1107;9995;153038;219462;55751
FR;9;2023-01-29;3;0;3;18;2;1;17;40;22;1406;1769;15088;150808;1109;9996;153055;219502;55773
FR;9;2023-01-30;4;6;31;192;5;11;211;501;272;1410;1775;15119;151000;1114;10007;153266;220003;56045
FR;9;2023-01-31;14;7;38;260;8;18;264;649;359;1424;1782;15157;151260;1122;10025;153530;220652;56404
FR;9;2023-02-01;5;7;26;173;4;20;179;519;309;1429;1789;15183;151433;1126;10045;153709;221171;56713
FR;9;2023-02-02;4;6;31;252;6;23;233;666;395;1433;1795;15214;151685;1132;10068;153942;221837;57108
FR;9;2023-02-03;8;13;42;289;10;37;275;677;355;1441;1808;15256;151974;1142;10105;154217;222514;57463
FR;9;2023-02-04;6;5;10;70;7;8;68;160;84;1447;1813;15266;152044;1149;10113;154285;222674;57547
FR;9;2023-02-05;1;1;4;7;0;4;7;17;6;1448;1814;15270;152051;1149;10117;154292;222691;57553
FR;9;2023-02-06;3;5;17;81;4;15;78;229;134;1451;1819;15287;152132;1153;10132;154370;222920;57687
FR;9;2023-02-07;3;5;30;139;3;21;134;424;263;1454;1824;15317;152271;1156;10153;154504;223344;57950
FR;9;2023-02-08;4;6;25;116;3;13;125;301;160;1458;1830;15342;152387;1159;10166;154629;223645;58110
FR;9;2023-02-09;8;3;20;138;4;14;123;339;198;1466;1833;15362;152525;1163;10180;154752;223984;58308
FR;9;2023-02-10;8;8;19;149;10;11;145;314;152;1474;1841;15381;152674;1173;10191;154897;224298;58460
FR;9;2023-02-11;5;4;14;42;3;9;47;84;28;1479;1845;15395;152716;1176;10200;154944;224382;58488
FR;9;2023-02-12;0;0;0;1;0;0;1;8;7;1479;1845;15395;152717;1176;10200;154945;224390;58495
FR;9;2023-02-13;3;8;5;50;8;4;45;107;55;1482;1853;15400;152767;1184;10204;154990;224497;58550
FR;9;2023-02-14;10;10;16;66;10;13;63;225;146;1492;1863;15416;152833;1194;10217;155053;224722;58696
FR;9;2023-02-15;1;5;16;52;3;12;50;162;99;1493;1868;15432;152885;1197;10229;155103;224884;58795
FR;9;2023-02-16;4;6;19;77;1;17;78;197;93;1497;1874;15451;152962;1198;10246;155181;225081;58888
FR;9;2023-02-17;6;4;15;62;5;11;64;178;99;1503;1878;15466;153024;1203;10257;155245;225259;58987
FR;9;2023-02-18;1;5;1;30;5;3;25;58;29;1504;1883;15467;153054;1208;10260;155270;225317;59016
FR;9;2023-02-19;1;0;0;1;0;0;1;3;2;1505;1883;15467;153055;1208;10260;155271;225320;59018
FR;9;2023-02-20;2;3;9;60;2;6;60;123;55;1507;1886;15476;153115;1210;10266;155331;225443;59073
FR;9;2023-02-21;6;9;11;65;7;10;65;160;83;1513;1895;15487;153180;1217;10276;155396;225603;59156
FR;9;2023-02-22;2;4;18;70;3;13;72;210;118;1515;1899;15505;153250;1220;10289;155468;225813;59274
FR;9;2023-02-23;5;3;17;63;1;12;69;146;61;1520;1902;15522;153313;1221;10301;155537;225959;59335
FR;9;2023-02-24;6;4;13;80;5;8;83;211;114;1526;1906;15535;153393;1226;10309;155620;226170;59449
FR;9;2023-02-25;2;2;10;14;4;4;23;43;16;1528;1908;15545;153407;1230;10313;155643;226213;59465
FR;9;2023-02-26;3;1;0;4;3;1;4;5;0;1531;1909;15545;153411;1233;10314;155647;226218;59465
FR;9;2023-02-27;2;3;5;17;3;2;19;49;26;1533;1912;15550;153428;1236;10316;155666;226267;59491
FR;9;2023-02-28;7;13;18;55;11;16;58;155;76;1540;1925;15568;153483;1247;10332;155724;226422;59567
FR;9;2023-03-01;0;9;6;20;7;7;20;78;48;1540;1934;15574;153503;1254;10339;155744;226500;59615
FR;9;2023-03-02;0;1;7;31;1;2;36;80;41;1540;1935;15581;153534;1255;10341;155780;226580;59656
FR;9;2023-03-03;1;4;9;47;3;7;48;122;67;1541;1939;15590;153581;1258;10348;155828;226702;59723
FR;9;2023-03-04;1;2;7;19;1;4;25;41;10;1542;1941;15597;153600;1259;10352;155853;226743;59733
FR;9;2023-03-05;0;1;1;0;1;0;1;8;7;1542;1942;15598;153600;1260;10352;155854;226751;59740
FR;9;2023-03-06;1;6;6;8;3;6;9;35;19;1543;1948;15604;153608;1263;10358;155863;226786;59759
FR;9;2023-03-07;2;4;8;20;0;9;24;69;34;1545;1952;15612;153628;1263;10367;155887;226855;59793
FR;9;2023-03-08;2;4;10;6;4;4;13;39;20;1547;1956;15622;153634;1267;10371;155900;226894;59813
FR;9;2023-03-09;1;3;9;12;2;6;17;65;42;1548;1959;15631;153646;1269;10377;155917;226959;59855
FR;9;2023-03-10;3;3;6;23;3;4;20;70;44;1551;1962;15637;153669;1272;10381;155937;227029;59899
FR;9;2023-03-11;2;3;4;8;2;1;11;15;3;1553;1965;15641;153677;1274;10382;155948;227044;59902
FR;9;2023-03-12;0;1;0;0;1;0;0;0;0;1553;1966;15641;153677;1275;10382;155948;227044;59902
FR;9;2023-03-13;3;5;9;34;3;4;14;49;29;1556;1971;15650;153711;1278;10386;155962;227093;59931
FR;9;2023-03-14;3;3;7;27;1;6;29;79;41;1559;1974;15657;153738;1279;10392;155991;227172;59972
FR;9;2023-03-15;0;6;4;15;4;4;17;47;24;1559;1980;15661;153753;1283;10396;156008;227219;59996
FR;9;2023-03-16;0;9;7;15;5;8;15;77;52;1559;1989;15668;153768;1288;10404;156023;227296;60048
FR;9;2023-03-17;0;7;6;40;3;8;27;113;71;1559;1996;15674;153808;1291;10412;156050;227409;60119
FR;9;2023-03-18;2;2;5;13;1;4;16;48;26;1561;1998;15679;153821;1292;10416;156066;227457;60145
FR;9;2023-03-19;0;1;0;0;1;0;0;0;0;1561;1999;15679;153821;1293;10416;156066;227457;60145
FR;9;2023-03-20;3;7;1;25;6;1;13;54;40;1564;2006;15680;153846;1299;10417;156079;227511;60185
FR;9;2023-03-21;1;1;6;16;1;1;21;69;47;1565;2007;15686;153862;1300;10418;156100;227580;60232
FR;9;2023-03-22;1;2;4;19;2;2;22;78;49;1566;2009;15690;153881;1302;10420;156122;227658;60281
FR;9;2023-03-23;0;6;7;22;4;7;21;56;25;1566;2015;15697;153903;1306;10427;156143;227714;60306
FR;9;2023-03-24;2;2;5;25;2;5;26;53;19;1568;2017;15702;153928;1308;10432;156169;227767;60325
FR;9;2023-03-25;0;0;4;6;0;3;8;16;5;1568;2017;15706;153934;1308;10435;156177;227783;60330
FR;9;2023-03-26;0;1;0;0;0;1;0;2;1;1568;2018;15706;153934;1308;10436;156177;227785;60331
FR;9;2023-03-27;0;3;4;8;2;2;12;32;15;1568;2021;15710;153942;1310;10438;156189;227817;60346
FR;9;2023-03-28;5;13;6;17;12;7;16;49;22;1573;2034;15716;153959;1322;10445;156205;227866;60368
FR;9;2023-03-29;3;6;8;5;2;8;8;28;12;1576;2040;15724;153964;1324;10453;156213;227894;60380
FR;9;2023-03-30;2;2;2;17;2;3;17;43;20;1578;2042;15726;153981;1326;10456;156230;227937;60400
FR;9;2023-03-31;0;3;2;18;1;6;15;45;22;1578;2045;15728;153999;1327;10462;156245;227982;60422
FR;9;2023-04-01;0;1;5;2;0;4;5;12;3;1578;2046;15733;154001;1327;10466;156250;227994;60425
FR;9;2023-04-02;3;0;1;0;0;1;0;3;2;1581;2046;15734;154001;1327;10467;156250;227997;60427
FR;9;2023-04-03;0;1;3;13;0;4;10;53;34;1581;2047;15737;154014;1327;10471;156260;228050;60461
FR;9;2023-04-04;4;4;11;18;2;7;22;61;29;1585;2051;15748;154032;1329;10478;156282;228111;60490
FR;9;2023-04-05;0;2;5;27;1;3;32;78;39;1585;2053;15753;154059;1330;10481;156314;228189;60529
FR;9;2023-04-06;0;0;4;13;0;2;16;42;23;1585;2053;15757;154072;1330;10483;156330;228231;60552
FR;9;2023-04-07;1;6;1;7;2;4;7;34;19;1586;2059;15758;154079;1332;10487;156337;228265;60571
FR;9;2023-04-08;0;1;2;1;0;1;3;7;2;1586;2060;15760;154080;1332;10488;156340;228272;60573
FR;9;2023-04-09;0;1;0;0;1;0;0;2;1;1586;2061;15760;154080;1333;10488;156340;228274;60574
FR;9;2023-04-10;0;1;1;5;1;1;5;6;0;1586;2062;15761;154085;1334;10489;156345;228280;60574
FR;9;2023-04-11;2;5;4;9;4;3;8;22;8;1588;2067;15765;154094;1338;10492;156353;228302;60582
FR;9;2023-04-12;1;2;6;8;2;4;10;41;24;1589;2069;15771;154102;1340;10496;156363;228343;60606
FR;9;2023-04-13;0;0;2;4;0;2;4;15;9;1589;2069;15773;154106;1340;10498;156367;228358;60615
FR;9;2023-04-14;1;4;7;10;1;6;12;38;13;1590;2073;15780;154116;1341;10504;156379;228396;60628
FR;9;2023-04-15;0;1;2;2;1;1;2;7;4;1590;2074;15782;154118;1342;10505;156381;228403;60632
FR;9;2023-04-16;0;1;0;0;1;0;0;0;0;1590;2075;15782;154118;1343;10505;156381;228403;60632
FR;9;2023-04-17;1;2;6;11;2;2;14;44;21;1591;2077;15788;154129;1345;10507;156395;228447;60653
FR;9;2023-04-18;2;1;3;8;1;2;9;34;21;1593;2078;15791;154137;1346;10509;156404;228481;60674
FR;9;2023-04-19;1;0;2;4;0;2;4;28;16;1594;2078;15793;154141;1346;10511;156408;228509;60690
FR;9;2023-04-20;1;0;2;6;0;2;6;24;13;1595;2078;15795;154147;1346;10513;156414;228533;60703
FR;9;2023-04-21;0;2;2;4;1;3;7;30;15;1595;2080;15797;154151;1347;10516;156421;228563;60718
FR;9;2023-04-22;0;1;0;2;1;0;2;3;1;1595;2081;15797;154153;1348;10516;156423;228566;60719
FR;9;2023-04-23;0;0;0;0;0;0;0;1;0;1595;2081;15797;154153;1348;10516;156423;228567;60719
FR;9;2023-04-24;1;3;3;13;3;3;11;26;9;1596;2084;15800;154166;1351;10519;156434;228593;60728
FR;9;2023-04-25;1;2;5;11;2;1;16;87;43;1597;2086;15805;154177;1353;10520;156450;228680;60771
FR;9;2023-04-26;5;0;4;9;0;5;4;13;3;1602;2086;15809;154186;1353;10525;156454;228693;60774
FR;9;2023-04-27;0;2;4;2;2;4;1;9;3;1602;2088;15813;154188;1355;10529;156455;228702;60777
FR;9;2023-04-28;0;0;0;0;0;0;0;4;4;1602;2088;15813;154188;1355;10529;156455;228706;60781
FR;9;2023-04-29;1;2;2;0;1;1;3;8;3;1603;2090;15815;154188;1356;10530;156458;228714;60784
FR;9;2023-04-30;0;0;0;0;0;0;0;0;0;1603;2090;15815;154188;1356;10530;156458;228714;60784
FR;9;2023-05-01;0;0;0;0;0;0;0;0;0;1603;2090;15815;154188;1356;10530;156458;228714;60784
FR;9;2023-05-02;1;1;3;2;0;3;3;18;7;1604;2091;15818;154190;1356;10533;156461;228732;60791
FR;9;2023-05-03;2;2;1;2;1;2;2;8;3;1606;2093;15819;154192;1357;10535;156463;228740;60794
FR;9;2023-05-04;0;1;2;2;1;2;3;9;2;1606;2094;15821;154194;1358;10537;156466;228749;60796
FR;9;2023-05-05;0;1;2;1;1;0;3;19;11;1606;2095;15823;154195;1359;10537;156469;228768;60807
FR;9;2023-05-06;0;0;0;0;0;0;0;3;2;1606;2095;15823;154195;1359;10537;156469;228771;60809
FR;9;2023-05-07;0;1;0;0;0;1;0;1;0;1606;2096;15823;154195;1359;10538;156469;228772;60809
FR;9;2023-05-08;0;0;0;0;0;0;0;0;0;1606;2096;15823;154195;1359;10538;156469;228772;60809
FR;9;2023-05-09;0;0;0;5;0;0;3;16;13;1606;2096;15823;154200;1359;10538;156472;228788;60822
FR;9;2023-05-10;1;0;0;0;0;0;0;8;3;1607;2096;15823;154200;1359;10538;156472;228796;60825
FR;9;2023-05-11;0;0;1;0;0;1;0;7;5;1607;2096;15824;154200;1359;10539;156472;228803;60830
FR;10;2020-12-27;0;0;0;0;0;0;0;0;0;0;0;0;0;0;0;0;0;0
FR;10;2020-12-28;0;0;0;0;0;0;0;0;0;0;0;0;0;0;0;0;0;0
FR;10;2020-12-29;0;0;0;0;0;0;0;0;0;0;0;0;0;0;0;0;0;0
FR;10;2020-12-30;0;0;0;0;0;0;0;0;0;0;0;0;0;0;0;0;0;0
FR;10;2020-12-31;0;0;0;0;0;0;0;0;0;0;0;0;0;0;0;0;0;0
FR;10;2021-01-01;0;0;0;0;0;0;0;0;0;0;0;0;0;0;0;0;0;0
FR;10;2021-01-02;0;0;0;0;0;0;0;0;0;0;0;0;0;0;0;0;0;0
FR;10;2021-01-03;0;0;0;0;0;0;0;0;0;0;0;0;0;0;0;0;0;0
FR;10;2021-01-04;0;0;0;0;0;0;0;0;0;0;0;0;0;0;0;0;0;0
FR;10;2021-01-05;0;0;0;0;0;0;0;0;0;0;0;0;0;0;0;0;0;0
FR;10;2021-01-06;0;0;0;0;0;0;0;0;0;0;0;0;0;0;0;0;0;0
FR;10;2021-01-07;0;0;0;0;0;0;0;0;0;0;0;0;0;0;0;0;0;0
FR;10;2021-01-08;0;0;0;0;0;0;0;0;0;0;0;0;0;0;0;0;0;0
FR;10;2021-01-09;0;0;0;0;0;0;0;0;0;0;0;0;0;0;0;0;0;0
FR;10;2021-01-10;0;0;0;0;0;0;0;0;0;0;0;0;0;0;0;0;0;0
FR;10;2021-01-11;0;0;0;0;0;0;0;0;0;0;0;0;0;0;0;0;0;0
FR;10;2021-01-12;0;0;0;0;0;0;0;0;0;0;0;0;0;0;0;0;0;0
FR;10;2021-01-13;0;0;0;0;0;0;0;0;0;0;0;0;0;0;0;0;0;0
FR;10;2021-01-14;0;0;0;0;0;0;0;0;0;0;0;0;0;0;0;0;0;0
FR;10;2021-01-15;0;0;0;0;0;0;0;0;0;0;0;0;0;0;0;0;0;0
FR;10;2021-01-16;0;0;0;0;0;0;0;0;0;0;0;0;0;0;0;0;0;0
FR;10;2021-01-17;0;0;0;0;0;0;0;0;0;0;0;0;0;0;0;0;0;0
FR;10;2021-01-18;0;0;0;0;0;0;0;0;0;0;0;0;0;0;0;0;0;0
FR;10;2021-01-19;0;0;0;0;0;0;0;0;0;0;0;0;0;0;0;0;0;0
FR;10;2021-01-20;0;0;0;0;0;0;0;0;0;0;0;0;0;0;0;0;0;0
FR;10;2021-01-21;0;0;0;0;0;0;0;0;0;0;0;0;0;0;0;0;0;0
FR;10;2021-01-22;0;0;0;0;0;0;0;0;0;0;0;0;0;0;0;0;0;0
FR;10;2021-01-23;0;0;0;0;0;0;0;0;0;0;0;0;0;0;0;0;0;0
FR;10;2021-01-24;0;0;0;0;0;0;0;0;0;0;0;0;0;0;0;0;0;0
FR;10;2021-01-25;0;0;0;0;0;0;0;0;0;0;0;0;0;0;0;0;0;0
FR;10;2021-01-26;0;0;0;0;0;0;0;0;0;0;0;0;0;0;0;0;0;0
FR;10;2021-01-27;0;0;0;0;0;0;0;0;0;0;0;0;0;0;0;0;0;0
FR;10;2021-01-28;0;0;0;0;0;0;0;0;0;0;0;0;0;0;0;0;0;0
FR;10;2021-01-29;0;0;0;0;0;0;0;0;0;0;0;0;0;0;0;0;0;0
FR;10;2021-01-30;0;0;0;0;0;0;0;0;0;0;0;0;0;0;0;0;0;0
FR;10;2021-01-31;0;0;0;0;0;0;0;0;0;0;0;0;0;0;0;0;0;0
FR;10;2021-02-01;0;0;0;0;0;0;0;0;0;0;0;0;0;0;0;0;0;0
FR;10;2021-02-02;0;0;0;0;0;0;0;0;0;0;0;0;0;0;0;0;0;0
FR;10;2021-02-03;0;0;0;0;0;0;0;0;0;0;0;0;0;0;0;0;0;0
FR;10;2021-02-04;0;0;0;0;0;0;0;0;0;0;0;0;0;0;0;0;0;0
FR;10;2021-02-05;0;0;0;0;0;0;0;0;0;0;0;0;0;0;0;0;0;0
FR;10;2021-02-06;0;0;0;0;0;0;0;0;0;0;0;0;0;0;0;0;0;0
FR;10;2021-02-07;0;0;0;0;0;0;0;0;0;0;0;0;0;0;0;0;0;0
FR;10;2021-02-08;0;0;0;0;0;0;0;0;0;0;0;0;0;0;0;0;0;0
FR;10;2021-02-09;0;0;0;0;0;0;0;0;0;0;0;0;0;0;0;0;0;0
FR;10;2021-02-10;0;0;0;0;0;0;0;0;0;0;0;0;0;0;0;0;0;0
FR;10;2021-02-11;0;0;0;0;0;0;0;0;0;0;0;0;0;0;0;0;0;0
FR;10;2021-02-12;0;0;0;0;0;0;0;0;0;0;0;0;0;0;0;0;0;0
FR;10;2021-02-13;0;0;0;0;0;0;0;0;0;0;0;0;0;0;0;0;0;0
FR;10;2021-02-14;0;0;0;0;0;0;0;0;0;0;0;0;0;0;0;0;0;0
FR;10;2021-02-15;0;0;0;0;0;0;0;0;0;0;0;0;0;0;0;0;0;0
FR;10;2021-02-16;0;0;0;0;0;0;0;0;0;0;0;0;0;0;0;0;0;0
FR;10;2021-02-17;0;0;0;0;0;0;0;0;0;0;0;0;0;0;0;0;0;0
FR;10;2021-02-18;0;0;0;0;0;0;0;0;0;0;0;0;0;0;0;0;0;0
FR;10;2021-02-19;0;0;0;0;0;0;0;0;0;0;0;0;0;0;0;0;0;0
FR;10;2021-02-20;0;0;0;0;0;0;0;0;0;0;0;0;0;0;0;0;0;0
FR;10;2021-02-21;0;0;0;0;0;0;0;0;0;0;0;0;0;0;0;0;0;0
FR;10;2021-02-22;0;0;0;0;0;0;0;0;0;0;0;0;0;0;0;0;0;0
FR;10;2021-02-23;0;0;0;0;0;0;0;0;0;0;0;0;0;0;0;0;0;0
FR;10;2021-02-24;0;0;0;0;0;0;0;0;0;0;0;0;0;0;0;0;0;0
FR;10;2021-02-25;0;0;0;0;0;0;0;0;0;0;0;0;0;0;0;0;0;0
FR;10;2021-02-26;0;0;0;0;0;0;0;0;0;0;0;0;0;0;0;0;0;0
FR;10;2021-02-27;0;0;0;0;0;0;0;0;0;0;0;0;0;0;0;0;0;0
FR;10;2021-02-28;0;0;0;0;0;0;0;0;0;0;0;0;0;0;0;0;0;0
FR;10;2021-03-01;0;0;0;0;0;0;0;0;0;0;0;0;0;0;0;0;0;0
FR;10;2021-03-02;0;0;0;0;0;0;0;0;0;0;0;0;0;0;0;0;0;0
FR;10;2021-03-03;0;0;0;0;0;0;0;0;0;0;0;0;0;0;0;0;0;0
FR;10;2021-03-04;0;0;0;0;0;0;0;0;0;0;0;0;0;0;0;0;0;0
FR;10;2021-03-05;0;0;0;0;0;0;0;0;0;0;0;0;0;0;0;0;0;0
FR;10;2021-03-06;0;0;0;0;0;0;0;0;0;0;0;0;0;0;0;0;0;0
FR;10;2021-03-07;0;0;0;0;0;0;0;0;0;0;0;0;0;0;0;0;0;0
FR;10;2021-03-08;0;0;0;0;0;0;0;0;0;0;0;0;0;0;0;0;0;0
FR;10;2021-03-09;0;0;0;0;0;0;0;0;0;0;0;0;0;0;0;0;0;0
FR;10;2021-03-10;0;0;0;0;0;0;0;0;0;0;0;0;0;0;0;0;0;0
FR;10;2021-03-11;0;0;0;0;0;0;0;0;0;0;0;0;0;0;0;0;0;0
FR;10;2021-03-12;0;0;0;0;0;0;0;0;0;0;0;0;0;0;0;0;0;0
FR;10;2021-03-13;0;0;0;0;0;0;0;0;0;0;0;0;0;0;0;0;0;0
FR;10;2021-03-14;0;0;0;0;0;0;0;0;0;0;0;0;0;0;0;0;0;0
FR;10;2021-03-15;0;0;0;0;0;0;0;0;0;0;0;0;0;0;0;0;0;0
FR;10;2021-03-16;0;0;0;0;0;0;0;0;0;0;0;0;0;0;0;0;0;0
FR;10;2021-03-17;0;0;0;0;0;0;0;0;0;0;0;0;0;0;0;0;0;0
FR;10;2021-03-18;0;0;0;0;0;0;0;0;0;0;0;0;0;0;0;0;0;0
FR;10;2021-03-19;0;0;0;0;0;0;0;0;0;0;0;0;0;0;0;0;0;0
FR;10;2021-03-20;0;0;0;0;0;0;0;0;0;0;0;0;0;0;0;0;0;0
FR;10;2021-03-21;0;0;0;0;0;0;0;0;0;0;0;0;0;0;0;0;0;0
FR;10;2021-03-22;0;0;0;0;0;0;0;0;0;0;0;0;0;0;0;0;0;0
FR;10;2021-03-23;0;0;0;0;0;0;0;0;0;0;0;0;0;0;0;0;0;0
FR;10;2021-03-24;0;0;0;0;0;0;0;0;0;0;0;0;0;0;0;0;0;0
FR;10;2021-03-25;0;0;0;0;0;0;0;0;0;0;0;0;0;0;0;0;0;0
FR;10;2021-03-26;0;0;0;0;0;0;0;0;0;0;0;0;0;0;0;0;0;0
FR;10;2021-03-27;0;0;0;0;0;0;0;0;0;0;0;0;0;0;0;0;0;0
FR;10;2021-03-28;0;0;0;0;0;0;0;0;0;0;0;0;0;0;0;0;0;0
FR;10;2021-03-29;0;0;0;0;0;0;0;0;0;0;0;0;0;0;0;0;0;0
FR;10;2021-03-30;0;0;0;0;0;0;0;0;0;0;0;0;0;0;0;0;0;0
FR;10;2021-03-31;0;0;0;0;0;0;0;0;0;0;0;0;0;0;0;0;0;0
FR;10;2021-04-01;0;0;0;0;0;0;0;0;0;0;0;0;0;0;0;0;0;0
FR;10;2021-04-02;0;0;0;0;0;0;0;0;0;0;0;0;0;0;0;0;0;0
FR;10;2021-04-03;0;0;0;0;0;0;0;0;0;0;0;0;0;0;0;0;0;0
FR;10;2021-04-04;0;0;0;0;0;0;0;0;0;0;0;0;0;0;0;0;0;0
FR;10;2021-04-05;0;0;0;0;0;0;0;0;0;0;0;0;0;0;0;0;0;0
FR;10;2021-04-06;0;0;0;0;0;0;0;0;0;0;0;0;0;0;0;0;0;0
FR;10;2021-04-07;0;0;0;0;0;0;0;0;0;0;0;0;0;0;0;0;0;0
FR;10;2021-04-08;0;0;0;0;0;0;0;0;0;0;0;0;0;0;0;0;0;0
FR;10;2021-04-09;0;0;0;0;0;0;0;0;0;0;0;0;0;0;0;0;0;0
FR;10;2021-04-10;0;0;0;0;0;0;0;0;0;0;0;0;0;0;0;0;0;0
FR;10;2021-04-11;0;0;0;0;0;0;0;0;0;0;0;0;0;0;0;0;0;0
FR;10;2021-04-12;0;0;0;0;0;0;0;0;0;0;0;0;0;0;0;0;0;0
FR;10;2021-04-13;0;0;0;0;0;0;0;0;0;0;0;0;0;0;0;0;0;0
FR;10;2021-04-14;0;0;0;0;0;0;0;0;0;0;0;0;0;0;0;0;0;0
FR;10;2021-04-15;0;0;0;0;0;0;0;0;0;0;0;0;0;0;0;0;0;0
FR;10;2021-04-16;0;0;0;0;0;0;0;0;0;0;0;0;0;0;0;0;0;0
FR;10;2021-04-17;0;0;0;0;0;0;0;0;0;0;0;0;0;0;0;0;0;0
FR;10;2021-04-18;0;0;0;0;0;0;0;0;0;0;0;0;0;0;0;0;0;0
FR;10;2021-04-19;0;0;0;0;0;0;0;0;0;0;0;0;0;0;0;0;0;0
FR;10;2021-04-20;0;0;0;0;0;0;0;0;0;0;0;0;0;0;0;0;0;0
FR;10;2021-04-21;0;0;0;0;0;0;0;0;0;0;0;0;0;0;0;0;0;0
FR;10;2021-04-22;0;0;0;0;0;0;0;0;0;0;0;0;0;0;0;0;0;0
FR;10;2021-04-23;0;0;0;0;0;0;0;0;0;0;0;0;0;0;0;0;0;0
FR;10;2021-04-24;0;0;0;0;0;0;0;0;0;0;0;0;0;0;0;0;0;0
FR;10;2021-04-25;0;0;0;0;0;0;0;0;0;0;0;0;0;0;0;0;0;0
FR;10;2021-04-26;0;0;0;0;0;0;0;0;0;0;0;0;0;0;0;0;0;0
FR;10;2021-04-27;0;0;0;0;0;0;0;0;0;0;0;0;0;0;0;0;0;0
FR;10;2021-04-28;0;0;0;0;0;0;0;0;0;0;0;0;0;0;0;0;0;0
FR;10;2021-04-29;0;0;0;0;0;0;0;0;0;0;0;0;0;0;0;0;0;0
FR;10;2021-04-30;0;0;0;0;0;0;0;0;0;0;0;0;0;0;0;0;0;0
FR;10;2021-05-01;0;0;0;0;0;0;0;0;0;0;0;0;0;0;0;0;0;0
FR;10;2021-05-02;0;0;0;0;0;0;0;0;0;0;0;0;0;0;0;0;0;0
FR;10;2021-05-03;0;0;0;0;0;0;0;0;0;0;0;0;0;0;0;0;0;0
FR;10;2021-05-04;0;0;0;0;0;0;0;0;0;0;0;0;0;0;0;0;0;0
FR;10;2021-05-05;0;0;0;0;0;0;0;0;0;0;0;0;0;0;0;0;0;0
FR;10;2021-05-06;0;0;0;0;0;0;0;0;0;0;0;0;0;0;0;0;0;0
FR;10;2021-05-07;0;0;0;0;0;0;0;0;0;0;0;0;0;0;0;0;0;0
FR;10;2021-05-08;0;0;0;0;0;0;0;0;0;0;0;0;0;0;0;0;0;0
FR;10;2021-05-09;0;0;0;0;0;0;0;0;0;0;0;0;0;0;0;0;0;0
FR;10;2021-05-10;0;0;0;0;0;0;0;0;0;0;0;0;0;0;0;0;0;0
FR;10;2021-05-11;0;0;0;0;0;0;0;0;0;0;0;0;0;0;0;0;0;0
FR;10;2021-05-12;0;0;0;0;0;0;0;0;0;0;0;0;0;0;0;0;0;0
FR;10;2021-05-13;0;0;0;0;0;0;0;0;0;0;0;0;0;0;0;0;0;0
FR;10;2021-05-14;0;0;0;0;0;0;0;0;0;0;0;0;0;0;0;0;0;0
FR;10;2021-05-15;0;0;0;0;0;0;0;0;0;0;0;0;0;0;0;0;0;0
FR;10;2021-05-16;0;0;0;0;0;0;0;0;0;0;0;0;0;0;0;0;0;0
FR;10;2021-05-17;0;0;0;0;0;0;0;0;0;0;0;0;0;0;0;0;0;0
FR;10;2021-05-18;0;0;0;0;0;0;0;0;0;0;0;0;0;0;0;0;0;0
FR;10;2021-05-19;0;0;0;0;0;0;0;0;0;0;0;0;0;0;0;0;0;0
FR;10;2021-05-20;0;0;0;0;0;0;0;0;0;0;0;0;0;0;0;0;0;0
FR;10;2021-05-21;0;0;0;0;0;0;0;0;0;0;0;0;0;0;0;0;0;0
FR;10;2021-05-22;0;0;0;0;0;0;0;0;0;0;0;0;0;0;0;0;0;0
FR;10;2021-05-23;0;0;0;0;0;0;0;0;0;0;0;0;0;0;0;0;0;0
FR;10;2021-05-24;0;0;0;0;0;0;0;0;0;0;0;0;0;0;0;0;0;0
FR;10;2021-05-25;0;0;0;0;0;0;0;0;0;0;0;0;0;0;0;0;0;0
FR;10;2021-05-26;0;0;0;0;0;0;0;0;0;0;0;0;0;0;0;0;0;0
FR;10;2021-05-27;0;0;0;0;0;0;0;0;0;0;0;0;0;0;0;0;0;0
FR;10;2021-05-28;0;0;0;0;0;0;0;0;0;0;0;0;0;0;0;0;0;0
FR;10;2021-05-29;0;0;0;0;0;0;0;0;0;0;0;0;0;0;0;0;0;0
FR;10;2021-05-30;0;0;0;0;0;0;0;0;0;0;0;0;0;0;0;0;0;0
FR;10;2021-05-31;0;0;0;0;0;0;0;0;0;0;0;0;0;0;0;0;0;0
FR;10;2021-06-01;0;0;0;0;0;0;0;0;0;0;0;0;0;0;0;0;0;0
FR;10;2021-06-02;0;0;0;0;0;0;0;0;0;0;0;0;0;0;0;0;0;0
FR;10;2021-06-03;0;0;0;0;0;0;0;0;0;0;0;0;0;0;0;0;0;0
FR;10;2021-06-04;0;0;0;0;0;0;0;0;0;0;0;0;0;0;0;0;0;0
FR;10;2021-06-05;0;0;0;0;0;0;0;0;0;0;0;0;0;0;0;0;0;0
FR;10;2021-06-06;0;0;0;0;0;0;0;0;0;0;0;0;0;0;0;0;0;0
FR;10;2021-06-07;0;0;0;0;0;0;0;0;0;0;0;0;0;0;0;0;0;0
FR;10;2021-06-08;0;0;0;0;0;0;0;0;0;0;0;0;0;0;0;0;0;0
FR;10;2021-06-09;0;0;0;0;0;0;0;0;0;0;0;0;0;0;0;0;0;0
FR;10;2021-06-10;0;0;0;0;0;0;0;0;0;0;0;0;0;0;0;0;0;0
FR;10;2021-06-11;0;0;0;0;0;0;0;0;0;0;0;0;0;0;0;0;0;0
FR;10;2021-06-12;0;0;0;0;0;0;0;0;0;0;0;0;0;0;0;0;0;0
FR;10;2021-06-13;0;0;0;0;0;0;0;0;0;0;0;0;0;0;0;0;0;0
FR;10;2021-06-14;0;0;0;0;0;0;0;0;0;0;0;0;0;0;0;0;0;0
FR;10;2021-06-15;0;0;0;0;0;0;0;0;0;0;0;0;0;0;0;0;0;0
FR;10;2021-06-16;0;0;0;0;0;0;0;0;0;0;0;0;0;0;0;0;0;0
FR;10;2021-06-17;0;0;0;0;0;0;0;0;0;0;0;0;0;0;0;0;0;0
FR;10;2021-06-18;0;0;0;0;0;0;0;0;0;0;0;0;0;0;0;0;0;0
FR;10;2021-06-19;0;0;0;0;0;0;0;0;0;0;0;0;0;0;0;0;0;0
FR;10;2021-06-20;0;0;0;0;0;0;0;0;0;0;0;0;0;0;0;0;0;0
FR;10;2021-06-21;0;0;0;0;0;0;0;0;0;0;0;0;0;0;0;0;0;0
FR;10;2021-06-22;0;0;0;0;0;0;0;0;0;0;0;0;0;0;0;0;0;0
FR;10;2021-06-23;0;0;0;0;0;0;0;0;0;0;0;0;0;0;0;0;0;0
FR;10;2021-06-24;0;0;0;0;0;0;0;0;0;0;0;0;0;0;0;0;0;0
FR;10;2021-06-25;0;0;0;0;0;0;0;0;0;0;0;0;0;0;0;0;0;0
FR;10;2021-06-26;0;0;0;0;0;0;0;0;0;0;0;0;0;0;0;0;0;0
FR;10;2021-06-27;0;0;0;0;0;0;0;0;0;0;0;0;0;0;0;0;0;0
FR;10;2021-06-28;0;0;0;0;0;0;0;0;0;0;0;0;0;0;0;0;0;0
FR;10;2021-06-29;0;0;0;0;0;0;0;0;0;0;0;0;0;0;0;0;0;0
FR;10;2021-06-30;0;0;0;0;0;0;0;0;0;0;0;0;0;0;0;0;0;0
FR;10;2021-07-01;0;0;0;0;0;0;0;0;0;0;0;0;0;0;0;0;0;0
FR;10;2021-07-02;0;0;0;0;0;0;0;0;0;0;0;0;0;0;0;0;0;0
FR;10;2021-07-03;0;0;0;0;0;0;0;0;0;0;0;0;0;0;0;0;0;0
FR;10;2021-07-04;0;0;0;0;0;0;0;0;0;0;0;0;0;0;0;0;0;0
FR;10;2021-07-05;0;0;0;0;0;0;0;0;0;0;0;0;0;0;0;0;0;0
FR;10;2021-07-06;0;0;0;0;0;0;0;0;0;0;0;0;0;0;0;0;0;0
FR;10;2021-07-07;0;0;0;0;0;0;0;0;0;0;0;0;0;0;0;0;0;0
FR;10;2021-07-08;0;0;0;0;0;0;0;0;0;0;0;0;0;0;0;0;0;0
FR;10;2021-07-09;0;0;0;0;0;0;0;0;0;0;0;0;0;0;0;0;0;0
FR;10;2021-07-10;0;0;0;0;0;0;0;0;0;0;0;0;0;0;0;0;0;0
FR;10;2021-07-11;0;0;0;0;0;0;0;0;0;0;0;0;0;0;0;0;0;0
FR;10;2021-07-12;0;0;0;0;0;0;0;0;0;0;0;0;0;0;0;0;0;0
FR;10;2021-07-13;0;0;0;0;0;0;0;0;0;0;0;0;0;0;0;0;0;0
FR;10;2021-07-14;0;0;0;0;0;0;0;0;0;0;0;0;0;0;0;0;0;0
FR;10;2021-07-15;0;0;0;0;0;0;0;0;0;0;0;0;0;0;0;0;0;0
FR;10;2021-07-16;0;0;0;0;0;0;0;0;0;0;0;0;0;0;0;0;0;0
FR;10;2021-07-17;0;0;0;0;0;0;0;0;0;0;0;0;0;0;0;0;0;0
FR;10;2021-07-18;0;0;0;0;0;0;0;0;0;0;0;0;0;0;0;0;0;0
FR;10;2021-07-19;0;0;0;0;0;0;0;0;0;0;0;0;0;0;0;0;0;0
FR;10;2021-07-20;0;0;0;0;0;0;0;0;0;0;0;0;0;0;0;0;0;0
FR;10;2021-07-21;0;0;0;0;0;0;0;0;0;0;0;0;0;0;0;0;0;0
FR;10;2021-07-22;0;0;0;0;0;0;0;0;0;0;0;0;0;0;0;0;0;0
FR;10;2021-07-23;0;0;0;0;0;0;0;0;0;0;0;0;0;0;0;0;0;0
FR;10;2021-07-24;0;0;0;0;0;0;0;0;0;0;0;0;0;0;0;0;0;0
FR;10;2021-07-25;0;0;0;0;0;0;0;0;0;0;0;0;0;0;0;0;0;0
FR;10;2021-07-26;0;0;0;0;0;0;0;0;0;0;0;0;0;0;0;0;0;0
FR;10;2021-07-27;0;0;0;0;0;0;0;0;0;0;0;0;0;0;0;0;0;0
FR;10;2021-07-28;0;0;0;0;0;0;0;0;0;0;0;0;0;0;0;0;0;0
FR;10;2021-07-29;0;0;0;0;0;0;0;0;0;0;0;0;0;0;0;0;0;0
FR;10;2021-07-30;0;0;0;0;0;0;0;0;0;0;0;0;0;0;0;0;0;0
FR;10;2021-07-31;0;0;0;0;0;0;0;0;0;0;0;0;0;0;0;0;0;0
FR;10;2021-08-01;0;0;0;0;0;0;0;0;0;0;0;0;0;0;0;0;0;0
FR;10;2021-08-02;0;0;0;0;0;0;0;0;0;0;0;0;0;0;0;0;0;0
FR;10;2021-08-03;0;0;0;0;0;0;0;0;0;0;0;0;0;0;0;0;0;0
FR;10;2021-08-04;0;0;0;0;0;0;0;0;0;0;0;0;0;0;0;0;0;0
FR;10;2021-08-05;0;0;0;0;0;0;0;0;0;0;0;0;0;0;0;0;0;0
FR;10;2021-08-06;0;0;0;0;0;0;0;0;0;0;0;0;0;0;0;0;0;0
FR;10;2021-08-07;0;0;0;0;0;0;0;0;0;0;0;0;0;0;0;0;0;0
FR;10;2021-08-08;0;0;0;0;0;0;0;0;0;0;0;0;0;0;0;0;0;0
FR;10;2021-08-09;0;0;0;0;0;0;0;0;0;0;0;0;0;0;0;0;0;0
FR;10;2021-08-10;0;0;0;0;0;0;0;0;0;0;0;0;0;0;0;0;0;0
FR;10;2021-08-11;0;0;0;0;0;0;0;0;0;0;0;0;0;0;0;0;0;0
FR;10;2021-08-12;0;0;0;0;0;0;0;0;0;0;0;0;0;0;0;0;0;0
FR;10;2021-08-13;0;0;0;0;0;0;0;0;0;0;0;0;0;0;0;0;0;0
FR;10;2021-08-14;0;0;0;0;0;0;0;0;0;0;0;0;0;0;0;0;0;0
FR;10;2021-08-15;0;0;0;0;0;0;0;0;0;0;0;0;0;0;0;0;0;0
FR;10;2021-08-16;0;0;0;0;0;0;0;0;0;0;0;0;0;0;0;0;0;0
FR;10;2021-08-17;0;0;0;0;0;0;0;0;0;0;0;0;0;0;0;0;0;0
FR;10;2021-08-18;0;0;0;0;0;0;0;0;0;0;0;0;0;0;0;0;0;0
FR;10;2021-08-19;0;0;0;0;0;0;0;0;0;0;0;0;0;0;0;0;0;0
FR;10;2021-08-20;0;0;0;0;0;0;0;0;0;0;0;0;0;0;0;0;0;0
FR;10;2021-08-21;0;0;0;0;0;0;0;0;0;0;0;0;0;0;0;0;0;0
FR;10;2021-08-22;0;0;0;0;0;0;0;0;0;0;0;0;0;0;0;0;0;0
FR;10;2021-08-23;0;0;0;0;0;0;0;0;0;0;0;0;0;0;0;0;0;0
FR;10;2021-08-24;0;0;0;0;0;0;0;0;0;0;0;0;0;0;0;0;0;0
FR;10;2021-08-25;0;0;0;0;0;0;0;0;0;0;0;0;0;0;0;0;0;0
FR;10;2021-08-26;0;0;0;0;0;0;0;0;0;0;0;0;0;0;0;0;0;0
FR;10;2021-08-27;0;0;0;0;0;0;0;0;0;0;0;0;0;0;0;0;0;0
FR;10;2021-08-28;0;0;0;0;0;0;0;0;0;0;0;0;0;0;0;0;0;0
FR;10;2021-08-29;0;0;0;0;0;0;0;0;0;0;0;0;0;0;0;0;0;0
FR;10;2021-08-30;0;0;0;0;0;0;0;0;0;0;0;0;0;0;0;0;0;0
FR;10;2021-08-31;0;0;0;0;0;0;0;0;0;0;0;0;0;0;0;0;0;0
FR;10;2021-09-01;0;0;0;0;0;0;0;0;0;0;0;0;0;0;0;0;0;0
FR;10;2021-09-02;0;0;0;0;0;0;0;0;0;0;0;0;0;0;0;0;0;0
FR;10;2021-09-03;0;0;0;0;0;0;0;0;0;0;0;0;0;0;0;0;0;0
FR;10;2021-09-04;0;0;0;0;0;0;0;0;0;0;0;0;0;0;0;0;0;0
FR;10;2021-09-05;0;0;0;0;0;0;0;0;0;0;0;0;0;0;0;0;0;0
FR;10;2021-09-06;0;0;0;0;0;0;0;0;0;0;0;0;0;0;0;0;0;0
FR;10;2021-09-07;0;0;0;0;0;0;0;0;0;0;0;0;0;0;0;0;0;0
FR;10;2021-09-08;0;0;0;0;0;0;0;0;0;0;0;0;0;0;0;0;0;0
FR;10;2021-09-09;0;0;0;0;0;0;0;0;0;0;0;0;0;0;0;0;0;0
FR;10;2021-09-10;0;0;0;0;0;0;0;0;0;0;0;0;0;0;0;0;0;0
FR;10;2021-09-11;0;0;0;0;0;0;0;0;0;0;0;0;0;0;0;0;0;0
FR;10;2021-09-12;0;0;0;0;0;0;0;0;0;0;0;0;0;0;0;0;0;0
FR;10;2021-09-13;0;0;0;0;0;0;0;0;0;0;0;0;0;0;0;0;0;0
FR;10;2021-09-14;0;0;0;0;0;0;0;0;0;0;0;0;0;0;0;0;0;0
FR;10;2021-09-15;0;0;0;0;0;0;0;0;0;0;0;0;0;0;0;0;0;0
FR;10;2021-09-16;0;0;0;0;0;0;0;0;0;0;0;0;0;0;0;0;0;0
FR;10;2021-09-17;0;0;0;0;0;0;0;0;0;0;0;0;0;0;0;0;0;0
FR;10;2021-09-18;0;0;0;0;0;0;0;0;0;0;0;0;0;0;0;0;0;0
FR;10;2021-09-19;0;0;0;0;0;0;0;0;0;0;0;0;0;0;0;0;0;0
FR;10;2021-09-20;0;0;0;0;0;0;0;0;0;0;0;0;0;0;0;0;0;0
FR;10;2021-09-21;0;0;0;0;0;0;0;0;0;0;0;0;0;0;0;0;0;0
FR;10;2021-09-22;0;0;0;0;0;0;0;0;0;0;0;0;0;0;0;0;0;0
FR;10;2021-09-23;0;0;0;0;0;0;0;0;0;0;0;0;0;0;0;0;0;0
FR;10;2021-09-24;0;0;0;0;0;0;0;0;0;0;0;0;0;0;0;0;0;0
FR;10;2021-09-25;0;0;0;0;0;0;0;0;0;0;0;0;0;0;0;0;0;0
FR;10;2021-09-26;0;0;0;0;0;0;0;0;0;0;0;0;0;0;0;0;0;0
FR;10;2021-09-27;0;0;0;0;0;0;0;0;0;0;0;0;0;0;0;0;0;0
FR;10;2021-09-28;0;0;0;0;0;0;0;0;0;0;0;0;0;0;0;0;0;0
FR;10;2021-09-29;0;0;0;0;0;0;0;0;0;0;0;0;0;0;0;0;0;0
FR;10;2021-09-30;0;0;0;0;0;0;0;0;0;0;0;0;0;0;0;0;0;0
FR;10;2021-10-01;0;0;0;0;0;0;0;0;0;0;0;0;0;0;0;0;0;0
FR;10;2021-10-02;0;0;0;0;0;0;0;0;0;0;0;0;0;0;0;0;0;0
FR;10;2021-10-03;0;0;0;0;0;0;0;0;0;0;0;0;0;0;0;0;0;0
FR;10;2021-10-04;0;0;0;0;0;0;0;0;0;0;0;0;0;0;0;0;0;0
FR;10;2021-10-05;0;0;0;0;0;0;0;0;0;0;0;0;0;0;0;0;0;0
FR;10;2021-10-06;0;0;0;0;0;0;0;0;0;0;0;0;0;0;0;0;0;0
FR;10;2021-10-07;0;0;0;0;0;0;0;0;0;0;0;0;0;0;0;0;0;0
FR;10;2021-10-08;0;0;0;0;0;0;0;0;0;0;0;0;0;0;0;0;0;0
FR;10;2021-10-09;0;0;0;0;0;0;0;0;0;0;0;0;0;0;0;0;0;0
FR;10;2021-10-10;0;0;0;0;0;0;0;0;0;0;0;0;0;0;0;0;0;0
FR;10;2021-10-11;0;0;0;0;0;0;0;0;0;0;0;0;0;0;0;0;0;0
FR;10;2021-10-12;0;0;0;0;0;0;0;0;0;0;0;0;0;0;0;0;0;0
FR;10;2021-10-13;0;0;0;0;0;0;0;0;0;0;0;0;0;0;0;0;0;0
FR;10;2021-10-14;0;0;0;0;0;0;0;0;0;0;0;0;0;0;0;0;0;0
FR;10;2021-10-15;0;0;0;0;0;0;0;0;0;0;0;0;0;0;0;0;0;0
FR;10;2021-10-16;0;0;0;0;0;0;0;0;0;0;0;0;0;0;0;0;0;0
FR;10;2021-10-17;0;0;0;0;0;0;0;0;0;0;0;0;0;0;0;0;0;0
FR;10;2021-10-18;0;0;0;0;0;0;0;0;0;0;0;0;0;0;0;0;0;0
FR;10;2021-10-19;0;0;0;0;0;0;0;0;0;0;0;0;0;0;0;0;0;0
FR;10;2021-10-20;0;0;0;0;0;0;0;0;0;0;0;0;0;0;0;0;0;0
FR;10;2021-10-21;0;0;0;0;0;0;0;0;0;0;0;0;0;0;0;0;0;0
FR;10;2021-10-22;0;0;0;0;0;0;0;0;0;0;0;0;0;0;0;0;0;0
FR;10;2021-10-23;0;0;0;0;0;0;0;0;0;0;0;0;0;0;0;0;0;0
FR;10;2021-10-24;0;0;0;0;0;0;0;0;0;0;0;0;0;0;0;0;0;0
FR;10;2021-10-25;0;0;0;0;0;0;0;0;0;0;0;0;0;0;0;0;0;0
FR;10;2021-10-26;0;0;0;0;0;0;0;0;0;0;0;0;0;0;0;0;0;0
FR;10;2021-10-27;0;0;0;0;0;0;0;0;0;0;0;0;0;0;0;0;0;0
FR;10;2021-10-28;0;0;0;0;0;0;0;0;0;0;0;0;0;0;0;0;0;0
FR;10;2021-10-29;0;0;0;0;0;0;0;0;0;0;0;0;0;0;0;0;0;0
FR;10;2021-10-30;0;0;0;0;0;0;0;0;0;0;0;0;0;0;0;0;0;0
FR;10;2021-10-31;0;0;0;0;0;0;0;0;0;0;0;0;0;0;0;0;0;0
FR;10;2021-11-01;0;0;0;0;0;0;0;0;0;0;0;0;0;0;0;0;0;0
FR;10;2021-11-02;0;0;0;0;0;0;0;0;0;0;0;0;0;0;0;0;0;0
FR;10;2021-11-03;0;0;0;0;0;0;0;0;0;0;0;0;0;0;0;0;0;0
FR;10;2021-11-04;0;0;0;0;0;0;0;0;0;0;0;0;0;0;0;0;0;0
FR;10;2021-11-05;0;0;0;0;0;0;0;0;0;0;0;0;0;0;0;0;0;0
FR;10;2021-11-06;0;0;0;0;0;0;0;0;0;0;0;0;0;0;0;0;0;0
FR;10;2021-11-07;0;0;0;0;0;0;0;0;0;0;0;0;0;0;0;0;0;0
FR;10;2021-11-08;0;0;0;0;0;0;0;0;0;0;0;0;0;0;0;0;0;0
FR;10;2021-11-09;0;0;0;0;0;0;0;0;0;0;0;0;0;0;0;0;0;0
FR;10;2021-11-10;0;0;0;0;0;0;0;0;0;0;0;0;0;0;0;0;0;0
FR;10;2021-11-11;0;0;0;0;0;0;0;0;0;0;0;0;0;0;0;0;0;0
FR;10;2021-11-12;0;0;0;0;0;0;0;0;0;0;0;0;0;0;0;0;0;0
FR;10;2021-11-13;0;0;0;0;0;0;0;0;0;0;0;0;0;0;0;0;0;0
FR;10;2021-11-14;0;0;0;0;0;0;0;0;0;0;0;0;0;0;0;0;0;0
FR;10;2021-11-15;0;0;0;0;0;0;0;0;0;0;0;0;0;0;0;0;0;0
FR;10;2021-11-16;0;0;0;0;0;0;0;0;0;0;0;0;0;0;0;0;0;0
FR;10;2021-11-17;0;0;0;0;0;0;0;0;0;0;0;0;0;0;0;0;0;0
FR;10;2021-11-18;0;0;0;0;0;0;0;0;0;0;0;0;0;0;0;0;0;0
FR;10;2021-11-19;0;0;0;0;0;0;0;0;0;0;0;0;0;0;0;0;0;0
FR;10;2021-11-20;0;0;0;0;0;0;0;0;0;0;0;0;0;0;0;0;0;0
FR;10;2021-11-21;0;0;0;0;0;0;0;0;0;0;0;0;0;0;0;0;0;0
FR;10;2021-11-22;0;0;0;0;0;0;0;0;0;0;0;0;0;0;0;0;0;0
FR;10;2021-11-23;0;0;0;0;0;0;0;0;0;0;0;0;0;0;0;0;0;0
FR;10;2021-11-24;0;0;0;0;0;0;0;0;0;0;0;0;0;0;0;0;0;0
FR;10;2021-11-25;0;0;0;0;0;0;0;0;0;0;0;0;0;0;0;0;0;0
FR;10;2021-11-26;0;0;0;0;0;0;0;0;0;0;0;0;0;0;0;0;0;0
FR;10;2021-11-27;0;0;0;0;0;0;0;0;0;0;0;0;0;0;0;0;0;0
FR;10;2021-11-28;0;0;0;0;0;0;0;0;0;0;0;0;0;0;0;0;0;0
FR;10;2021-11-29;0;0;0;0;0;0;0;0;0;0;0;0;0;0;0;0;0;0
FR;10;2021-11-30;0;0;0;0;0;0;0;0;0;0;0;0;0;0;0;0;0;0
FR;10;2021-12-01;0;0;0;0;0;0;0;0;0;0;0;0;0;0;0;0;0;0
FR;10;2021-12-02;0;0;0;0;0;0;0;0;0;0;0;0;0;0;0;0;0;0
FR;10;2021-12-03;0;0;0;0;0;0;0;0;0;0;0;0;0;0;0;0;0;0
FR;10;2021-12-04;0;0;0;0;0;0;0;0;0;0;0;0;0;0;0;0;0;0
FR;10;2021-12-05;0;0;0;0;0;0;0;0;0;0;0;0;0;0;0;0;0;0
FR;10;2021-12-06;0;0;0;0;0;0;0;0;0;0;0;0;0;0;0;0;0;0
FR;10;2021-12-07;0;0;0;0;0;0;0;0;0;0;0;0;0;0;0;0;0;0
FR;10;2021-12-08;0;0;0;0;0;0;0;0;0;0;0;0;0;0;0;0;0;0
FR;10;2021-12-09;0;0;0;0;0;0;0;0;0;0;0;0;0;0;0;0;0;0
FR;10;2021-12-10;0;0;0;0;0;0;0;0;0;0;0;0;0;0;0;0;0;0
FR;10;2021-12-11;0;0;0;0;0;0;0;0;0;0;0;0;0;0;0;0;0;0
FR;10;2021-12-12;0;0;0;0;0;0;0;0;0;0;0;0;0;0;0;0;0;0
FR;10;2021-12-13;0;0;0;0;0;0;0;0;0;0;0;0;0;0;0;0;0;0
FR;10;2021-12-14;0;0;0;0;0;0;0;0;0;0;0;0;0;0;0;0;0;0
FR;10;2021-12-15;0;0;0;0;0;0;0;0;0;0;0;0;0;0;0;0;0;0
FR;10;2021-12-16;0;0;0;0;0;0;0;0;0;0;0;0;0;0;0;0;0;0
FR;10;2021-12-17;0;0;0;0;0;0;0;0;0;0;0;0;0;0;0;0;0;0
FR;10;2021-12-18;0;0;0;0;0;0;0;0;0;0;0;0;0;0;0;0;0;0
FR;10;2021-12-19;0;0;0;0;0;0;0;0;0;0;0;0;0;0;0;0;0;0
FR;10;2021-12-20;0;0;0;0;0;0;0;0;0;0;0;0;0;0;0;0;0;0
FR;10;2021-12-21;0;0;0;0;0;0;0;0;0;0;0;0;0;0;0;0;0;0
FR;10;2021-12-22;0;0;0;0;0;0;0;0;0;0;0;0;0;0;0;0;0;0
FR;10;2021-12-23;0;0;0;0;0;0;0;0;0;0;0;0;0;0;0;0;0;0
FR;10;2021-12-24;0;0;0;0;0;0;0;0;0;0;0;0;0;0;0;0;0;0
FR;10;2021-12-25;0;0;0;0;0;0;0;0;0;0;0;0;0;0;0;0;0;0
FR;10;2021-12-26;0;0;0;0;0;0;0;0;0;0;0;0;0;0;0;0;0;0
FR;10;2021-12-27;0;0;0;0;0;0;0;0;0;0;0;0;0;0;0;0;0;0
FR;10;2021-12-28;0;0;0;0;0;0;0;0;0;0;0;0;0;0;0;0;0;0
FR;10;2021-12-29;0;0;0;0;0;0;0;0;0;0;0;0;0;0;0;0;0;0
FR;10;2021-12-30;0;0;0;0;0;0;0;0;0;0;0;0;0;0;0;0;0;0
FR;10;2021-12-31;0;0;0;0;0;0;0;0;0;0;0;0;0;0;0;0;0;0
FR;10;2022-01-01;0;0;0;0;0;0;0;0;0;0;0;0;0;0;0;0;0;0
FR;10;2022-01-02;0;0;0;0;0;0;0;0;0;0;0;0;0;0;0;0;0;0
FR;10;2022-01-03;0;0;0;0;0;0;0;0;0;0;0;0;0;0;0;0;0;0
FR;10;2022-01-04;0;0;0;0;0;0;0;0;0;0;0;0;0;0;0;0;0;0
FR;10;2022-01-05;0;0;0;0;0;0;0;0;0;0;0;0;0;0;0;0;0;0
FR;10;2022-01-06;0;0;0;0;0;0;0;0;0;0;0;0;0;0;0;0;0;0
FR;10;2022-01-07;0;0;0;0;0;0;0;0;0;0;0;0;0;0;0;0;0;0
FR;10;2022-01-08;0;0;0;0;0;0;0;0;0;0;0;0;0;0;0;0;0;0
FR;10;2022-01-09;0;0;0;0;0;0;0;0;0;0;0;0;0;0;0;0;0;0
FR;10;2022-01-10;0;0;0;0;0;0;0;0;0;0;0;0;0;0;0;0;0;0
FR;10;2022-01-11;0;0;0;0;0;0;0;0;0;0;0;0;0;0;0;0;0;0
FR;10;2022-01-12;0;0;0;0;0;0;0;0;0;0;0;0;0;0;0;0;0;0
FR;10;2022-01-13;0;0;0;0;0;0;0;0;0;0;0;0;0;0;0;0;0;0
FR;10;2022-01-14;0;0;0;0;0;0;0;0;0;0;0;0;0;0;0;0;0;0
FR;10;2022-01-15;0;0;0;0;0;0;0;0;0;0;0;0;0;0;0;0;0;0
FR;10;2022-01-16;0;0;0;0;0;0;0;0;0;0;0;0;0;0;0;0;0;0
FR;10;2022-01-17;0;0;0;0;0;0;0;0;0;0;0;0;0;0;0;0;0;0
FR;10;2022-01-18;0;0;0;0;0;0;0;0;0;0;0;0;0;0;0;0;0;0
FR;10;2022-01-19;0;0;0;0;0;0;0;0;0;0;0;0;0;0;0;0;0;0
FR;10;2022-01-20;0;0;0;0;0;0;0;0;0;0;0;0;0;0;0;0;0;0
FR;10;2022-01-21;0;0;0;0;0;0;0;0;0;0;0;0;0;0;0;0;0;0
FR;10;2022-01-22;0;0;0;0;0;0;0;0;0;0;0;0;0;0;0;0;0;0
FR;10;2022-01-23;0;0;0;0;0;0;0;0;0;0;0;0;0;0;0;0;0;0
FR;10;2022-01-24;0;0;0;0;0;0;0;0;0;0;0;0;0;0;0;0;0;0
FR;10;2022-01-25;0;0;0;0;0;0;0;0;0;0;0;0;0;0;0;0;0;0
FR;10;2022-01-26;0;0;0;0;0;0;0;0;0;0;0;0;0;0;0;0;0;0
FR;10;2022-01-27;0;0;0;0;0;0;0;0;0;0;0;0;0;0;0;0;0;0
FR;10;2022-01-28;0;0;0;0;0;0;0;0;0;0;0;0;0;0;0;0;0;0
FR;10;2022-01-29;0;0;0;0;0;0;0;0;0;0;0;0;0;0;0;0;0;0
FR;10;2022-01-30;0;0;0;0;0;0;0;0;0;0;0;0;0;0;0;0;0;0
FR;10;2022-01-31;0;0;0;0;0;0;0;0;0;0;0;0;0;0;0;0;0;0
FR;10;2022-02-01;0;0;0;0;0;0;0;0;0;0;0;0;0;0;0;0;0;0
FR;10;2022-02-02;0;0;0;0;0;0;0;0;0;0;0;0;0;0;0;0;0;0
FR;10;2022-02-03;0;0;0;0;0;0;0;0;0;0;0;0;0;0;0;0;0;0
FR;10;2022-02-04;0;0;0;0;0;0;0;0;0;0;0;0;0;0;0;0;0;0
FR;10;2022-02-05;0;0;0;0;0;0;0;0;0;0;0;0;0;0;0;0;0;0
FR;10;2022-02-06;0;0;0;0;0;0;0;0;0;0;0;0;0;0;0;0;0;0
FR;10;2022-02-07;0;0;0;0;0;0;0;0;0;0;0;0;0;0;0;0;0;0
FR;10;2022-02-08;0;0;0;0;0;0;0;0;0;0;0;0;0;0;0;0;0;0
FR;10;2022-02-09;0;0;0;0;0;0;0;0;0;0;0;0;0;0;0;0;0;0
FR;10;2022-02-10;0;0;0;0;0;0;0;0;0;0;0;0;0;0;0;0;0;0
FR;10;2022-02-11;0;0;0;0;0;0;0;0;0;0;0;0;0;0;0;0;0;0
FR;10;2022-02-12;0;0;0;0;0;0;0;0;0;0;0;0;0;0;0;0;0;0
FR;10;2022-02-13;0;0;0;0;0;0;0;0;0;0;0;0;0;0;0;0;0;0
FR;10;2022-02-14;0;0;0;0;0;0;0;0;0;0;0;0;0;0;0;0;0;0
FR;10;2022-02-15;0;0;0;0;0;0;0;0;0;0;0;0;0;0;0;0;0;0
FR;10;2022-02-16;0;0;0;0;0;0;0;0;0;0;0;0;0;0;0;0;0;0
FR;10;2022-02-17;0;0;0;0;0;0;0;0;0;0;0;0;0;0;0;0;0;0
FR;10;2022-02-18;0;0;0;0;0;0;0;0;0;0;0;0;0;0;0;0;0;0
FR;10;2022-02-19;0;0;0;0;0;0;0;0;0;0;0;0;0;0;0;0;0;0
FR;10;2022-02-20;0;0;0;0;0;0;0;0;0;0;0;0;0;0;0;0;0;0
FR;10;2022-02-21;0;0;0;0;0;0;0;0;0;0;0;0;0;0;0;0;0;0
FR;10;2022-02-22;0;0;0;0;0;0;0;0;0;0;0;0;0;0;0;0;0;0
FR;10;2022-02-23;0;0;0;0;0;0;0;0;0;0;0;0;0;0;0;0;0;0
FR;10;2022-02-24;0;0;0;0;0;0;0;0;0;0;0;0;0;0;0;0;0;0
FR;10;2022-02-25;0;0;0;0;0;0;0;0;0;0;0;0;0;0;0;0;0;0
FR;10;2022-02-26;0;0;0;0;0;0;0;0;0;0;0;0;0;0;0;0;0;0
FR;10;2022-02-27;0;0;0;0;0;0;0;0;0;0;0;0;0;0;0;0;0;0
FR;10;2022-02-28;0;0;0;0;0;0;0;0;0;0;0;0;0;0;0;0;0;0
FR;10;2022-03-01;0;0;0;0;0;0;0;0;0;0;0;0;0;0;0;0;0;0
FR;10;2022-03-02;0;0;0;0;0;0;0;0;0;0;0;0;0;0;0;0;0;0
FR;10;2022-03-03;0;0;0;0;0;0;0;0;0;0;0;0;0;0;0;0;0;0
FR;10;2022-03-04;0;0;0;0;0;0;0;0;0;0;0;0;0;0;0;0;0;0
FR;10;2022-03-05;0;0;0;0;0;0;0;0;0;0;0;0;0;0;0;0;0;0
FR;10;2022-03-06;0;0;0;0;0;0;0;0;0;0;0;0;0;0;0;0;0;0
FR;10;2022-03-07;0;0;0;0;0;0;0;0;0;0;0;0;0;0;0;0;0;0
FR;10;2022-03-08;0;0;0;0;0;0;0;0;0;0;0;0;0;0;0;0;0;0
FR;10;2022-03-09;0;0;0;0;0;0;0;0;0;0;0;0;0;0;0;0;0;0
FR;10;2022-03-10;0;0;0;0;0;0;0;0;0;0;0;0;0;0;0;0;0;0
FR;10;2022-03-11;0;0;0;0;0;0;0;0;0;0;0;0;0;0;0;0;0;0
FR;10;2022-03-12;0;0;0;0;0;0;0;0;0;0;0;0;0;0;0;0;0;0
FR;10;2022-03-13;0;0;0;0;0;0;0;0;0;0;0;0;0;0;0;0;0;0
FR;10;2022-03-14;0;0;0;0;0;0;0;0;0;0;0;0;0;0;0;0;0;0
FR;10;2022-03-15;0;0;0;0;0;0;0;0;0;0;0;0;0;0;0;0;0;0
FR;10;2022-03-16;0;0;0;0;0;0;0;0;0;0;0;0;0;0;0;0;0;0
FR;10;2022-03-17;0;0;0;0;0;0;0;0;0;0;0;0;0;0;0;0;0;0
FR;10;2022-03-18;0;0;0;0;0;0;0;0;0;0;0;0;0;0;0;0;0;0
FR;10;2022-03-19;0;0;0;0;0;0;0;0;0;0;0;0;0;0;0;0;0;0
FR;10;2022-03-20;0;0;0;0;0;0;0;0;0;0;0;0;0;0;0;0;0;0
FR;10;2022-03-21;0;0;0;0;0;0;0;0;0;0;0;0;0;0;0;0;0;0
FR;10;2022-03-22;0;0;0;0;0;0;0;0;0;0;0;0;0;0;0;0;0;0
FR;10;2022-03-23;0;0;0;0;0;0;0;0;0;0;0;0;0;0;0;0;0;0
FR;10;2022-03-24;0;0;0;0;0;0;0;0;0;0;0;0;0;0;0;0;0;0
FR;10;2022-03-25;0;0;0;0;0;0;0;0;0;0;0;0;0;0;0;0;0;0
FR;10;2022-03-26;0;0;0;0;0;0;0;0;0;0;0;0;0;0;0;0;0;0
FR;10;2022-03-27;0;0;0;0;0;0;0;0;0;0;0;0;0;0;0;0;0;0
FR;10;2022-03-28;0;0;0;0;0;0;0;0;0;0;0;0;0;0;0;0;0;0
FR;10;2022-03-29;0;0;0;0;0;0;0;0;0;0;0;0;0;0;0;0;0;0
FR;10;2022-03-30;0;0;0;0;0;0;0;0;0;0;0;0;0;0;0;0;0;0
FR;10;2022-03-31;0;0;0;0;0;0;0;0;0;0;0;0;0;0;0;0;0;0
FR;10;2022-04-01;0;0;0;0;0;0;0;0;0;0;0;0;0;0;0;0;0;0
FR;10;2022-04-02;0;0;0;0;0;0;0;0;0;0;0;0;0;0;0;0;0;0
FR;10;2022-04-03;0;0;0;0;0;0;0;0;0;0;0;0;0;0;0;0;0;0
FR;10;2022-04-04;0;0;0;0;0;0;0;0;0;0;0;0;0;0;0;0;0;0
FR;10;2022-04-05;0;0;0;0;0;0;0;0;0;0;0;0;0;0;0;0;0;0
FR;10;2022-04-06;0;0;0;0;0;0;0;0;0;0;0;0;0;0;0;0;0;0
FR;10;2022-04-07;0;0;0;0;0;0;0;0;0;0;0;0;0;0;0;0;0;0
FR;10;2022-04-08;0;0;0;0;0;0;0;0;0;0;0;0;0;0;0;0;0;0
FR;10;2022-04-09;0;0;0;0;0;0;0;0;0;0;0;0;0;0;0;0;0;0
FR;10;2022-04-10;0;0;0;0;0;0;0;0;0;0;0;0;0;0;0;0;0;0
FR;10;2022-04-11;0;0;0;0;0;0;0;0;0;0;0;0;0;0;0;0;0;0
FR;10;2022-04-12;0;0;0;0;0;0;0;0;0;0;0;0;0;0;0;0;0;0
FR;10;2022-04-13;0;0;0;0;0;0;0;0;0;0;0;0;0;0;0;0;0;0
FR;10;2022-04-14;0;0;0;0;0;0;0;0;0;0;0;0;0;0;0;0;0;0
FR;10;2022-04-15;0;0;0;0;0;0;0;0;0;0;0;0;0;0;0;0;0;0
FR;10;2022-04-16;0;0;0;0;0;0;0;0;0;0;0;0;0;0;0;0;0;0
FR;10;2022-04-17;0;0;0;0;0;0;0;0;0;0;0;0;0;0;0;0;0;0
FR;10;2022-04-18;0;0;0;0;0;0;0;0;0;0;0;0;0;0;0;0;0;0
FR;10;2022-04-19;0;0;0;0;0;0;0;0;0;0;0;0;0;0;0;0;0;0
FR;10;2022-04-20;0;0;0;0;0;0;0;0;0;0;0;0;0;0;0;0;0;0
FR;10;2022-04-21;0;0;0;0;0;0;0;0;0;0;0;0;0;0;0;0;0;0
FR;10;2022-04-22;0;0;0;0;0;0;0;0;0;0;0;0;0;0;0;0;0;0
FR;10;2022-04-23;0;0;0;0;0;0;0;0;0;0;0;0;0;0;0;0;0;0
FR;10;2022-04-24;0;0;0;0;0;0;0;0;0;0;0;0;0;0;0;0;0;0
FR;10;2022-04-25;0;0;0;0;0;0;0;0;0;0;0;0;0;0;0;0;0;0
FR;10;2022-04-26;0;0;0;0;0;0;0;0;0;0;0;0;0;0;0;0;0;0
FR;10;2022-04-27;0;0;0;0;0;0;0;0;0;0;0;0;0;0;0;0;0;0
FR;10;2022-04-28;0;0;0;0;0;0;0;0;0;0;0;0;0;0;0;0;0;0
FR;10;2022-04-29;0;0;0;0;0;0;0;0;0;0;0;0;0;0;0;0;0;0
FR;10;2022-04-30;0;0;0;0;0;0;0;0;0;0;0;0;0;0;0;0;0;0
FR;10;2022-05-01;0;0;0;0;0;0;0;0;0;0;0;0;0;0;0;0;0;0
FR;10;2022-05-02;0;0;0;0;0;0;0;0;0;0;0;0;0;0;0;0;0;0
FR;10;2022-05-03;0;0;0;0;0;0;0;0;0;0;0;0;0;0;0;0;0;0
FR;10;2022-05-04;0;0;0;0;0;0;0;0;0;0;0;0;0;0;0;0;0;0
FR;10;2022-05-05;0;0;0;0;0;0;0;0;0;0;0;0;0;0;0;0;0;0
FR;10;2022-05-06;0;0;0;0;0;0;0;0;0;0;0;0;0;0;0;0;0;0
FR;10;2022-05-07;0;0;0;0;0;0;0;0;0;0;0;0;0;0;0;0;0;0
FR;10;2022-05-08;0;0;0;0;0;0;0;0;0;0;0;0;0;0;0;0;0;0
FR;10;2022-05-09;0;0;0;0;0;0;0;0;0;0;0;0;0;0;0;0;0;0
FR;10;2022-05-10;0;0;0;0;0;0;0;0;0;0;0;0;0;0;0;0;0;0
FR;10;2022-05-11;0;0;0;0;0;0;0;0;0;0;0;0;0;0;0;0;0;0
FR;10;2022-05-12;0;0;0;0;0;0;0;0;0;0;0;0;0;0;0;0;0;0
FR;10;2022-05-13;0;0;0;0;0;0;0;0;0;0;0;0;0;0;0;0;0;0
FR;10;2022-05-14;0;0;0;0;0;0;0;0;0;0;0;0;0;0;0;0;0;0
FR;10;2022-05-15;0;0;0;0;0;0;0;0;0;0;0;0;0;0;0;0;0;0
FR;10;2022-05-16;0;0;0;0;0;0;0;0;0;0;0;0;0;0;0;0;0;0
FR;10;2022-05-17;0;0;0;0;0;0;0;0;0;0;0;0;0;0;0;0;0;0
FR;10;2022-05-18;0;0;0;0;0;0;0;0;0;0;0;0;0;0;0;0;0;0
FR;10;2022-05-19;0;0;0;0;0;0;0;0;0;0;0;0;0;0;0;0;0;0
FR;10;2022-05-20;0;0;0;0;0;0;0;0;0;0;0;0;0;0;0;0;0;0
FR;10;2022-05-21;0;0;0;0;0;0;0;0;0;0;0;0;0;0;0;0;0;0
FR;10;2022-05-22;0;0;0;0;0;0;0;0;0;0;0;0;0;0;0;0;0;0
FR;10;2022-05-23;0;0;0;0;0;0;0;0;0;0;0;0;0;0;0;0;0;0
FR;10;2022-05-24;0;0;0;0;0;0;0;0;0;0;0;0;0;0;0;0;0;0
FR;10;2022-05-25;0;0;0;0;0;0;0;0;0;0;0;0;0;0;0;0;0;0
FR;10;2022-05-26;0;0;0;0;0;0;0;0;0;0;0;0;0;0;0;0;0;0
FR;10;2022-05-27;0;0;0;0;0;0;0;0;0;0;0;0;0;0;0;0;0;0
FR;10;2022-05-28;0;0;0;0;0;0;0;0;0;0;0;0;0;0;0;0;0;0
FR;10;2022-05-29;0;0;0;0;0;0;0;0;0;0;0;0;0;0;0;0;0;0
FR;10;2022-05-30;0;0;0;0;0;0;0;0;0;0;0;0;0;0;0;0;0;0
FR;10;2022-05-31;0;0;0;0;0;0;0;0;0;0;0;0;0;0;0;0;0;0
FR;10;2022-06-01;0;0;0;0;0;0;0;0;0;0;0;0;0;0;0;0;0;0
FR;10;2022-06-02;0;0;0;0;0;0;0;0;0;0;0;0;0;0;0;0;0;0
FR;10;2022-06-03;0;0;0;0;0;0;0;0;0;0;0;0;0;0;0;0;0;0
FR;10;2022-06-04;0;0;0;0;0;0;0;0;0;0;0;0;0;0;0;0;0;0
FR;10;2022-06-05;0;0;0;0;0;0;0;0;0;0;0;0;0;0;0;0;0;0
FR;10;2022-06-06;0;0;0;0;0;0;0;0;0;0;0;0;0;0;0;0;0;0
FR;10;2022-06-07;0;0;0;0;0;0;0;0;0;0;0;0;0;0;0;0;0;0
FR;10;2022-06-08;0;0;0;0;0;0;0;0;0;0;0;0;0;0;0;0;0;0
FR;10;2022-06-09;0;0;0;0;0;0;0;0;0;0;0;0;0;0;0;0;0;0
FR;10;2022-06-10;0;0;0;0;0;0;0;0;0;0;0;0;0;0;0;0;0;0
FR;10;2022-06-11;0;0;0;0;0;0;0;0;0;0;0;0;0;0;0;0;0;0
FR;10;2022-06-12;0;0;0;0;0;0;0;0;0;0;0;0;0;0;0;0;0;0
FR;10;2022-06-13;0;0;0;0;0;0;0;0;0;0;0;0;0;0;0;0;0;0
FR;10;2022-06-14;0;0;0;0;0;0;0;0;0;0;0;0;0;0;0;0;0;0
FR;10;2022-06-15;0;0;0;0;0;0;0;0;0;0;0;0;0;0;0;0;0;0
FR;10;2022-06-16;0;0;0;0;0;0;0;0;0;0;0;0;0;0;0;0;0;0
FR;10;2022-06-17;0;0;0;0;0;0;0;0;0;0;0;0;0;0;0;0;0;0
FR;10;2022-06-18;0;0;0;0;0;0;0;0;0;0;0;0;0;0;0;0;0;0
FR;10;2022-06-19;0;0;0;0;0;0;0;0;0;0;0;0;0;0;0;0;0;0
FR;10;2022-06-20;0;0;0;0;0;0;0;0;0;0;0;0;0;0;0;0;0;0
FR;10;2022-06-21;0;0;0;0;0;0;0;0;0;0;0;0;0;0;0;0;0;0
FR;10;2022-06-22;0;0;0;0;0;0;0;0;0;0;0;0;0;0;0;0;0;0
FR;10;2022-06-23;0;0;0;0;0;0;0;0;0;0;0;0;0;0;0;0;0;0
FR;10;2022-06-24;0;0;0;0;0;0;0;0;0;0;0;0;0;0;0;0;0;0
FR;10;2022-06-25;0;0;0;0;0;0;0;0;0;0;0;0;0;0;0;0;0;0
FR;10;2022-06-26;0;0;0;0;0;0;0;0;0;0;0;0;0;0;0;0;0;0
FR;10;2022-06-27;0;0;0;0;0;0;0;0;0;0;0;0;0;0;0;0;0;0
FR;10;2022-06-28;0;0;0;0;0;0;0;0;0;0;0;0;0;0;0;0;0;0
FR;10;2022-06-29;0;0;0;0;0;0;0;0;0;0;0;0;0;0;0;0;0;0
FR;10;2022-06-30;0;0;0;0;0;0;0;0;0;0;0;0;0;0;0;0;0;0
FR;10;2022-07-01;0;0;0;0;0;0;0;0;0;0;0;0;0;0;0;0;0;0
FR;10;2022-07-02;0;0;0;0;0;0;0;0;0;0;0;0;0;0;0;0;0;0
FR;10;2022-07-03;0;0;0;0;0;0;0;0;0;0;0;0;0;0;0;0;0;0
FR;10;2022-07-04;0;0;0;0;0;0;0;0;0;0;0;0;0;0;0;0;0;0
FR;10;2022-07-05;0;0;0;0;0;0;0;0;0;0;0;0;0;0;0;0;0;0
FR;10;2022-07-06;0;0;0;0;0;0;0;0;0;0;0;0;0;0;0;0;0;0
FR;10;2022-07-07;0;0;0;0;0;0;0;0;0;0;0;0;0;0;0;0;0;0
FR;10;2022-07-08;0;0;0;0;0;0;0;0;0;0;0;0;0;0;0;0;0;0
FR;10;2022-07-09;0;0;0;0;0;0;0;0;0;0;0;0;0;0;0;0;0;0
FR;10;2022-07-10;0;0;0;0;0;0;0;0;0;0;0;0;0;0;0;0;0;0
FR;10;2022-07-11;0;0;0;0;0;0;0;0;0;0;0;0;0;0;0;0;0;0
FR;10;2022-07-12;0;0;0;0;0;0;0;0;0;0;0;0;0;0;0;0;0;0
FR;10;2022-07-13;0;0;0;0;0;0;0;0;0;0;0;0;0;0;0;0;0;0
FR;10;2022-07-14;0;0;0;0;0;0;0;0;0;0;0;0;0;0;0;0;0;0
FR;10;2022-07-15;0;0;0;0;0;0;0;0;0;0;0;0;0;0;0;0;0;0
FR;10;2022-07-16;0;0;0;0;0;0;0;0;0;0;0;0;0;0;0;0;0;0
FR;10;2022-07-17;0;0;0;0;0;0;0;0;0;0;0;0;0;0;0;0;0;0
FR;10;2022-07-18;0;0;0;0;0;0;0;0;0;0;0;0;0;0;0;0;0;0
FR;10;2022-07-19;0;0;0;0;0;0;0;0;0;0;0;0;0;0;0;0;0;0
FR;10;2022-07-20;0;0;0;0;0;0;0;0;0;0;0;0;0;0;0;0;0;0
FR;10;2022-07-21;0;0;0;0;0;0;0;0;0;0;0;0;0;0;0;0;0;0
FR;10;2022-07-22;0;0;0;0;0;0;0;0;0;0;0;0;0;0;0;0;0;0
FR;10;2022-07-23;0;0;0;0;0;0;0;0;0;0;0;0;0;0;0;0;0;0
FR;10;2022-07-24;0;0;0;0;0;0;0;0;0;0;0;0;0;0;0;0;0;0
FR;10;2022-07-25;0;0;0;0;0;0;0;0;0;0;0;0;0;0;0;0;0;0
FR;10;2022-07-26;0;0;0;0;0;0;0;0;0;0;0;0;0;0;0;0;0;0
FR;10;2022-07-27;0;0;0;0;0;0;0;0;0;0;0;0;0;0;0;0;0;0
FR;10;2022-07-28;0;0;0;0;0;0;0;0;0;0;0;0;0;0;0;0;0;0
FR;10;2022-07-29;0;0;0;0;0;0;0;0;0;0;0;0;0;0;0;0;0;0
FR;10;2022-07-30;0;0;0;0;0;0;0;0;0;0;0;0;0;0;0;0;0;0
FR;10;2022-07-31;0;0;0;0;0;0;0;0;0;0;0;0;0;0;0;0;0;0
FR;10;2022-08-01;0;0;0;0;0;0;0;0;0;0;0;0;0;0;0;0;0;0
FR;10;2022-08-02;0;0;0;0;0;0;0;0;0;0;0;0;0;0;0;0;0;0
FR;10;2022-08-03;0;0;0;0;0;0;0;0;0;0;0;0;0;0;0;0;0;0
FR;10;2022-08-04;0;0;0;0;0;0;0;0;0;0;0;0;0;0;0;0;0;0
FR;10;2022-08-05;0;0;0;0;0;0;0;0;0;0;0;0;0;0;0;0;0;0
FR;10;2022-08-06;0;0;0;0;0;0;0;0;0;0;0;0;0;0;0;0;0;0
FR;10;2022-08-07;0;0;0;0;0;0;0;0;0;0;0;0;0;0;0;0;0;0
FR;10;2022-08-08;0;0;0;0;0;0;0;0;0;0;0;0;0;0;0;0;0;0
FR;10;2022-08-09;0;0;0;0;0;0;0;0;0;0;0;0;0;0;0;0;0;0
FR;10;2022-08-10;0;0;0;0;0;0;0;0;0;0;0;0;0;0;0;0;0;0
FR;10;2022-08-11;0;0;0;0;0;0;0;0;0;0;0;0;0;0;0;0;0;0
FR;10;2022-08-12;0;0;0;0;0;0;0;0;0;0;0;0;0;0;0;0;0;0
FR;10;2022-08-13;0;0;0;0;0;0;0;0;0;0;0;0;0;0;0;0;0;0
FR;10;2022-08-14;0;0;0;0;0;0;0;0;0;0;0;0;0;0;0;0;0;0
FR;10;2022-08-15;0;0;0;0;0;0;0;0;0;0;0;0;0;0;0;0;0;0
FR;10;2022-08-16;0;0;0;0;0;0;0;0;0;0;0;0;0;0;0;0;0;0
FR;10;2022-08-17;0;0;0;0;0;0;0;0;0;0;0;0;0;0;0;0;0;0
FR;10;2022-08-18;0;0;0;0;0;0;0;0;0;0;0;0;0;0;0;0;0;0
FR;10;2022-08-19;0;0;0;0;0;0;0;0;0;0;0;0;0;0;0;0;0;0
FR;10;2022-08-20;0;0;0;0;0;0;0;0;0;0;0;0;0;0;0;0;0;0
FR;10;2022-08-21;0;0;0;0;0;0;0;0;0;0;0;0;0;0;0;0;0;0
FR;10;2022-08-22;0;0;0;0;0;0;0;0;0;0;0;0;0;0;0;0;0;0
FR;10;2022-08-23;0;0;0;0;0;0;0;0;0;0;0;0;0;0;0;0;0;0
FR;10;2022-08-24;0;0;0;0;0;0;0;0;0;0;0;0;0;0;0;0;0;0
FR;10;2022-08-25;0;0;0;0;0;0;0;0;0;0;0;0;0;0;0;0;0;0
FR;10;2022-08-26;0;0;0;0;0;0;0;0;0;0;0;0;0;0;0;0;0;0
FR;10;2022-08-27;0;0;0;0;0;0;0;0;0;0;0;0;0;0;0;0;0;0
FR;10;2022-08-28;0;0;0;0;0;0;0;0;0;0;0;0;0;0;0;0;0;0
FR;10;2022-08-29;0;0;0;0;0;0;0;0;0;0;0;0;0;0;0;0;0;0
FR;10;2022-08-30;0;0;0;0;0;0;0;0;0;0;0;0;0;0;0;0;0;0
FR;10;2022-08-31;0;0;0;0;0;0;0;0;0;0;0;0;0;0;0;0;0;0
FR;10;2022-09-01;0;0;0;0;0;0;0;0;0;0;0;0;0;0;0;0;0;0
FR;10;2022-09-02;0;0;0;0;0;0;0;0;0;0;0;0;0;0;0;0;0;0
FR;10;2022-09-03;0;0;0;0;0;0;0;0;0;0;0;0;0;0;0;0;0;0
FR;10;2022-09-04;0;0;0;0;0;0;0;0;0;0;0;0;0;0;0;0;0;0
FR;10;2022-09-05;0;0;0;0;0;0;0;0;0;0;0;0;0;0;0;0;0;0
FR;10;2022-09-06;0;0;0;0;0;0;0;0;0;0;0;0;0;0;0;0;0;0
FR;10;2022-09-07;0;0;0;0;0;0;0;0;0;0;0;0;0;0;0;0;0;0
FR;10;2022-09-08;0;0;0;0;0;0;0;0;0;0;0;0;0;0;0;0;0;0
FR;10;2022-09-09;0;0;0;0;0;0;0;0;0;0;0;0;0;0;0;0;0;0
FR;10;2022-09-10;0;0;0;0;0;0;0;0;0;0;0;0;0;0;0;0;0;0
FR;10;2022-09-11;0;0;0;0;0;0;0;0;0;0;0;0;0;0;0;0;0;0
FR;10;2022-09-12;0;0;0;0;0;0;0;0;0;0;0;0;0;0;0;0;0;0
FR;10;2022-09-13;0;0;0;0;0;0;0;0;0;0;0;0;0;0;0;0;0;0
FR;10;2022-09-14;0;0;0;0;0;0;0;0;0;0;0;0;0;0;0;0;0;0
FR;10;2022-09-15;0;0;0;0;0;0;0;0;0;0;0;0;0;0;0;0;0;0
FR;10;2022-09-16;0;0;0;0;0;0;0;0;0;0;0;0;0;0;0;0;0;0
FR;10;2022-09-17;0;0;0;0;0;0;0;0;0;0;0;0;0;0;0;0;0;0
FR;10;2022-09-18;0;0;0;0;0;0;0;0;0;0;0;0;0;0;0;0;0;0
FR;10;2022-09-19;0;0;0;0;0;0;0;0;0;0;0;0;0;0;0;0;0;0
FR;10;2022-09-20;0;0;0;0;0;0;0;0;0;0;0;0;0;0;0;0;0;0
FR;10;2022-09-21;0;0;0;0;0;0;0;0;0;0;0;0;0;0;0;0;0;0
FR;10;2022-09-22;0;0;0;0;0;0;0;0;0;0;0;0;0;0;0;0;0;0
FR;10;2022-09-23;0;0;0;0;0;0;0;0;0;0;0;0;0;0;0;0;0;0
FR;10;2022-09-24;0;0;0;0;0;0;0;0;0;0;0;0;0;0;0;0;0;0
FR;10;2022-09-25;0;0;0;0;0;0;0;0;0;0;0;0;0;0;0;0;0;0
FR;10;2022-09-26;0;0;0;0;0;0;0;0;0;0;0;0;0;0;0;0;0;0
FR;10;2022-09-27;0;0;0;0;0;0;0;0;0;0;0;0;0;0;0;0;0;0
FR;10;2022-09-28;0;0;0;0;0;0;0;0;0;0;0;0;0;0;0;0;0;0
FR;10;2022-09-29;0;0;0;0;0;0;0;0;0;0;0;0;0;0;0;0;0;0
FR;10;2022-09-30;0;0;0;0;0;0;0;0;0;0;0;0;0;0;0;0;0;0
FR;10;2022-10-01;0;0;0;0;0;0;0;0;0;0;0;0;0;0;0;0;0;0
FR;10;2022-10-02;0;0;0;0;0;0;0;0;0;0;0;0;0;0;0;0;0;0
FR;10;2022-10-03;0;0;0;0;0;0;0;0;0;0;0;0;0;0;0;0;0;0
FR;10;2022-10-04;0;0;0;0;0;0;0;0;0;0;0;0;0;0;0;0;0;0
FR;10;2022-10-05;0;0;0;0;0;0;0;0;0;0;0;0;0;0;0;0;0;0
FR;10;2022-10-06;0;0;0;0;0;0;0;0;0;0;0;0;0;0;0;0;0;0
FR;10;2022-10-07;0;0;0;0;0;0;0;0;0;0;0;0;0;0;0;0;0;0
FR;10;2022-10-08;0;0;0;0;0;0;0;0;0;0;0;0;0;0;0;0;0;0
FR;10;2022-10-09;0;0;0;0;0;0;0;0;0;0;0;0;0;0;0;0;0;0
FR;10;2022-10-10;0;0;0;0;0;0;0;0;0;0;0;0;0;0;0;0;0;0
FR;10;2022-10-11;0;0;0;0;0;0;0;0;0;0;0;0;0;0;0;0;0;0
FR;10;2022-10-12;0;0;0;0;0;0;0;0;0;0;0;0;0;0;0;0;0;0
FR;10;2022-10-13;0;0;0;0;0;0;0;0;0;0;0;0;0;0;0;0;0;0
FR;10;2022-10-14;0;0;0;0;0;0;0;0;0;0;0;0;0;0;0;0;0;0
FR;10;2022-10-15;0;0;0;0;0;0;0;0;0;0;0;0;0;0;0;0;0;0
FR;10;2022-10-16;0;0;0;0;0;0;0;0;0;0;0;0;0;0;0;0;0;0
FR;10;2022-10-17;0;0;0;0;0;0;0;0;0;0;0;0;0;0;0;0;0;0
FR;10;2022-10-18;0;0;0;0;0;0;0;0;0;0;0;0;0;0;0;0;0;0
FR;10;2022-10-19;0;0;0;0;0;0;0;0;0;0;0;0;0;0;0;0;0;0
FR;10;2022-10-20;0;0;0;0;0;0;0;0;0;0;0;0;0;0;0;0;0;0
FR;10;2022-10-21;0;0;0;0;0;0;0;0;0;0;0;0;0;0;0;0;0;0
FR;10;2022-10-22;0;0;0;0;0;0;0;0;0;0;0;0;0;0;0;0;0;0
FR;10;2022-10-23;0;0;0;0;0;0;0;0;0;0;0;0;0;0;0;0;0;0
FR;10;2022-10-24;0;0;0;0;0;0;0;0;0;0;0;0;0;0;0;0;0;0
FR;10;2022-10-25;0;0;0;0;0;0;0;0;0;0;0;0;0;0;0;0;0;0
FR;10;2022-10-26;0;0;0;0;0;0;0;0;0;0;0;0;0;0;0;0;0;0
FR;10;2022-10-27;0;0;0;0;0;0;0;0;0;0;0;0;0;0;0;0;0;0
FR;10;2022-10-28;0;0;0;0;0;0;0;0;0;0;0;0;0;0;0;0;0;0
FR;10;2022-10-29;0;0;0;0;0;0;0;0;0;0;0;0;0;0;0;0;0;0
FR;10;2022-10-30;0;0;0;0;0;0;0;0;0;0;0;0;0;0;0;0;0;0
FR;10;2022-10-31;0;0;0;0;0;0;0;0;0;0;0;0;0;0;0;0;0;0
FR;10;2022-11-01;0;0;0;0;0;0;0;0;0;0;0;0;0;0;0;0;0;0
FR;10;2022-11-02;0;0;0;0;0;0;0;0;0;0;0;0;0;0;0;0;0;0
FR;10;2022-11-03;0;0;0;0;0;0;0;0;0;0;0;0;0;0;0;0;0;0
FR;10;2022-11-04;0;0;0;0;0;0;0;0;0;0;0;0;0;0;0;0;0;0
FR;10;2022-11-05;0;0;0;0;0;0;0;0;0;0;0;0;0;0;0;0;0;0
FR;10;2022-11-06;0;0;0;0;0;0;0;0;0;0;0;0;0;0;0;0;0;0
FR;10;2022-11-07;0;0;0;0;0;0;0;0;0;0;0;0;0;0;0;0;0;0
FR;10;2022-11-08;0;0;0;0;0;0;0;0;0;0;0;0;0;0;0;0;0;0
FR;10;2022-11-09;0;0;0;0;0;0;0;0;0;0;0;0;0;0;0;0;0;0
FR;10;2022-11-10;0;0;0;0;0;0;0;0;0;0;0;0;0;0;0;0;0;0
FR;10;2022-11-11;0;0;0;0;0;0;0;0;0;0;0;0;0;0;0;0;0;0
FR;10;2022-11-12;0;0;0;0;0;0;0;0;0;0;0;0;0;0;0;0;0;0
FR;10;2022-11-13;0;0;0;0;0;0;0;0;0;0;0;0;0;0;0;0;0;0
FR;10;2022-11-14;0;0;0;0;0;0;0;0;0;0;0;0;0;0;0;0;0;0
FR;10;2022-11-15;0;0;0;0;0;0;0;0;0;0;0;0;0;0;0;0;0;0
FR;10;2022-11-16;0;0;0;0;0;0;0;0;0;0;0;0;0;0;0;0;0;0
FR;10;2022-11-17;0;0;0;0;0;0;0;0;0;0;0;0;0;0;0;0;0;0
FR;10;2022-11-18;0;0;0;0;0;0;0;0;0;0;0;0;0;0;0;0;0;0
FR;10;2022-11-19;0;0;0;0;0;0;0;0;0;0;0;0;0;0;0;0;0;0
FR;10;2022-11-20;0;0;0;0;0;0;0;0;0;0;0;0;0;0;0;0;0;0
FR;10;2022-11-21;0;0;0;0;0;0;0;0;0;0;0;0;0;0;0;0;0;0
FR;10;2022-11-22;0;0;0;0;0;0;0;0;0;0;0;0;0;0;0;0;0;0
FR;10;2022-11-23;0;0;0;0;0;0;0;0;0;0;0;0;0;0;0;0;0;0
FR;10;2022-11-24;0;0;0;0;0;0;0;0;0;0;0;0;0;0;0;0;0;0
FR;10;2022-11-25;0;0;0;0;0;0;0;0;0;0;0;0;0;0;0;0;0;0
FR;10;2022-11-26;0;0;0;0;0;0;0;0;0;0;0;0;0;0;0;0;0;0
FR;10;2022-11-27;0;0;0;0;0;0;0;0;0;0;0;0;0;0;0;0;0;0
FR;10;2022-11-28;0;0;0;0;0;0;0;0;0;0;0;0;0;0;0;0;0;0
FR;10;2022-11-29;0;0;0;0;0;0;0;0;0;0;0;0;0;0;0;0;0;0
FR;10;2022-11-30;0;0;0;0;0;0;0;0;0;0;0;0;0;0;0;0;0;0
FR;10;2022-12-01;0;0;0;0;0;0;0;0;0;0;0;0;0;0;0;0;0;0
FR;10;2022-12-02;0;0;0;0;0;0;0;0;0;0;0;0;0;0;0;0;0;0
FR;10;2022-12-03;0;0;0;0;0;0;0;0;0;0;0;0;0;0;0;0;0;0
FR;10;2022-12-04;0;0;0;0;0;0;0;0;0;0;0;0;0;0;0;0;0;0
FR;10;2022-12-05;0;0;0;0;0;0;0;0;0;0;0;0;0;0;0;0;0;0
FR;10;2022-12-06;0;0;0;0;0;0;0;0;0;0;0;0;0;0;0;0;0;0
FR;10;2022-12-07;0;0;0;0;0;0;0;0;0;0;0;0;0;0;0;0;0;0
FR;10;2022-12-08;0;0;0;0;0;0;0;0;0;0;0;0;0;0;0;0;0;0
FR;10;2022-12-09;0;0;0;0;0;0;0;0;0;0;0;0;0;0;0;0;0;0
FR;10;2022-12-10;0;0;0;0;0;0;0;0;0;0;0;0;0;0;0;0;0;0
FR;10;2022-12-11;0;0;0;0;0;0;0;0;0;0;0;0;0;0;0;0;0;0
FR;10;2022-12-12;0;0;0;0;0;0;0;0;0;0;0;0;0;0;0;0;0;0
FR;10;2022-12-13;0;0;0;0;0;0;0;0;0;0;0;0;0;0;0;0;0;0
FR;10;2022-12-14;0;0;0;0;0;0;0;0;0;0;0;0;0;0;0;0;0;0
FR;10;2022-12-15;0;0;0;0;0;0;0;0;0;0;0;0;0;0;0;0;0;0
FR;10;2022-12-16;0;0;0;0;0;0;0;0;0;0;0;0;0;0;0;0;0;0
FR;10;2022-12-17;0;0;0;0;0;0;0;0;0;0;0;0;0;0;0;0;0;0
FR;10;2022-12-18;0;0;0;0;0;0;0;0;0;0;0;0;0;0;0;0;0;0
FR;10;2022-12-19;0;0;0;0;0;0;0;0;0;0;0;0;0;0;0;0;0;0
FR;10;2022-12-20;0;0;0;0;0;0;0;0;0;0;0;0;0;0;0;0;0;0
FR;10;2022-12-21;0;0;1;0;0;1;0;0;0;0;0;1;0;0;1;0;0;0
FR;10;2022-12-22;0;0;0;1;0;0;1;0;0;0;0;1;1;0;1;1;0;0
FR;10;2022-12-23;0;0;1;14;0;2;14;0;7;0;0;2;15;0;3;15;0;7
FR;10;2022-12-24;0;0;0;3;0;0;3;0;1;0;0;2;18;0;3;18;0;8
FR;10;2022-12-25;0;0;0;0;0;0;0;0;0;0;0;2;18;0;3;18;0;8
FR;10;2022-12-26;3;1;11;35;0;8;39;0;5;3;1;13;53;0;11;57;0;13
FR;10;2022-12-27;1;1;14;35;1;11;38;0;10;4;2;27;88;1;22;95;0;23
FR;10;2022-12-28;0;0;2;15;0;1;14;0;3;4;2;29;103;1;23;109;0;26
FR;10;2022-12-29;0;0;6;48;0;1;48;0;17;4;2;35;151;1;24;157;0;43
FR;10;2022-12-30;0;1;5;33;0;8;31;0;6;4;3;40;184;1;32;188;0;49
FR;10;2022-12-31;0;0;3;12;0;4;10;0;4;4;3;43;196;1;36;198;0;53
FR;10;2023-01-01;0;0;1;6;0;0;7;0;2;4;3;44;202;1;36;205;0;55
FR;10;2023-01-02;0;4;4;37;1;6;36;0;21;4;7;48;239;2;42;241;0;76
FR;10;2023-01-03;1;2;6;63;2;5;64;0;25;5;9;54;302;4;47;305;0;101
FR;10;2023-01-04;0;1;7;52;0;6;53;0;53;5;10;61;354;4;53;358;0;154
FR;10;2023-01-05;1;2;16;74;0;12;76;0;37;6;12;77;428;4;65;434;0;191
FR;10;2023-01-06;2;3;16;107;2;13;107;0;52;8;15;93;535;6;78;541;0;243
FR;10;2023-01-07;3;1;3;41;1;3;40;0;13;11;16;96;576;7;81;581;0;256
FR;10;2023-01-08;1;0;0;9;0;0;7;0;5;12;16;96;585;7;81;588;0;261
FR;10;2023-01-09;3;2;7;67;1;7;66;0;26;15;18;103;652;8;88;654;0;287
FR;10;2023-01-10;6;1;21;118;0;13;124;0;57;21;19;124;770;8;101;778;0;344
FR;10;2023-01-11;5;4;19;77;1;16;79;0;38;26;23;143;847;9;117;857;0;382
FR;10;2023-01-12;13;1;7;77;2;3;80;0;51;39;24;150;924;11;120;937;0;433
FR;10;2023-01-13;0;6;15;122;1;8;129;0;77;39;30;165;1046;12;128;1066;0;510
FR;10;2023-01-14;2;1;8;43;0;5;47;0;3;41;31;173;1089;12;133;1113;0;513
FR;10;2023-01-15;0;0;2;10;0;1;7;0;8;41;31;175;1099;12;134;1120;0;521
FR;10;2023-01-16;0;1;11;70;1;7;73;0;68;41;32;186;1169;13;141;1193;0;589
FR;10;2023-01-17;0;7;22;109;2;11;118;0;61;41;39;208;1278;15;152;1311;0;650
FR;10;2023-01-18;2;1;13;92;1;9;104;0;15;43;40;221;1370;16;161;1415;0;665
FR;10;2023-01-19;6;6;24;142;3;22;135;0;56;49;46;245;1512;19;183;1550;0;721
FR;10;2023-01-20;2;1;11;111;0;9;106;0;73;51;47;256;1623;19;192;1656;0;794
FR;10;2023-01-21;2;1;5;26;0;5;23;0;15;53;48;261;1649;19;197;1679;0;809
FR;10;2023-01-22;0;0;0;5;0;0;5;0;0;53;48;261;1654;19;197;1684;0;809
FR;10;2023-01-23;1;2;5;62;1;5;59;0;23;54;50;266;1716;20;202;1743;0;832
FR;10;2023-01-24;6;6;27;148;2;19;152;0;75;60;56;293;1864;22;221;1895;0;907
FR;10;2023-01-25;2;1;9;81;1;5;82;0;55;62;57;302;1945;23;226;1977;0;962
FR;10;2023-01-26;4;5;33;147;1;22;159;0;52;66;62;335;2092;24;248;2136;0;1014
FR;10;2023-01-27;1;1;16;117;1;6;118;0;78;67;63;351;2209;25;254;2254;0;1092
FR;10;2023-01-28;0;1;3;18;1;1;21;0;15;67;64;354;2227;26;255;2275;0;1107
FR;10;2023-01-29;0;0;1;0;0;1;0;0;1;67;64;355;2227;26;256;2275;0;1108
FR;10;2023-01-30;2;1;11;60;1;5;63;0;40;69;65;366;2287;27;261;2338;0;1148
FR;10;2023-01-31;5;2;24;121;3;17;121;0;51;74;67;390;2408;30;278;2459;0;1199
FR;10;2023-02-01;0;2;11;49;2;10;49;0;28;74;69;401;2457;32;288;2508;0;1227
FR;10;2023-02-02;3;0;21;104;0;16;108;0;48;77;69;422;2561;32;304;2616;0;1275
FR;10;2023-02-03;6;5;18;48;4;11;51;0;64;83;74;440;2609;36;315;2667;0;1339
FR;10;2023-02-04;1;0;1;8;0;0;10;0;6;84;74;441;2617;36;315;2677;0;1345
FR;10;2023-02-05;7;1;2;3;2;1;4;0;5;91;75;443;2620;38;316;2681;0;1350
FR;10;2023-02-06;1;0;9;28;0;8;22;0;46;92;75;452;2648;38;324;2703;0;1396
FR;10;2023-02-07;2;2;2;12;1;3;12;0;13;94;77;454;2660;39;327;2715;0;1409
FR;10;2023-02-08;1;3;3;15;2;4;15;0;12;95;80;457;2675;41;331;2730;0;1421
FR;10;2023-02-09;2;1;11;91;2;7;97;0;41;97;81;468;2766;43;338;2827;0;1462
FR;10;2023-02-10;8;3;12;29;0;6;37;0;25;105;84;480;2795;43;344;2864;0;1487
FR;10;2023-02-11;1;0;2;2;0;2;2;0;1;106;84;482;2797;43;346;2866;0;1488
FR;10;2023-02-12;1;1;0;0;1;0;0;0;0;107;85;482;2797;44;346;2866;0;1488
FR;10;2023-02-13;3;1;9;15;0;7;18;0;10;110;86;491;2812;44;353;2884;0;1498
FR;10;2023-02-14;2;4;11;49;3;9;50;0;17;112;90;502;2861;47;362;2934;0;1515
FR;10;2023-02-15;7;3;2;10;2;3;8;0;8;119;93;504;2871;49;365;2942;0;1523
FR;10;2023-02-16;0;0;8;17;0;5;18;0;8;119;93;512;2888;49;370;2960;0;1531
FR;10;2023-02-17;13;5;7;28;5;2;22;0;17;132;98;519;2916;54;372;2982;0;1548
FR;10;2023-02-18;2;0;3;11;0;3;10;0;6;134;98;522;2927;54;375;2992;0;1554
FR;10;2023-02-19;0;0;0;0;0;0;0;0;0;134;98;522;2927;54;375;2992;0;1554
FR;10;2023-02-20;2;1;2;25;1;1;23;0;23;136;99;524;2952;55;376;3015;0;1577
FR;10;2023-02-21;2;3;12;27;1;6;35;0;30;138;102;536;2979;56;382;3050;0;1607
FR;10;2023-02-22;5;4;2;7;3;3;6;0;1;143;106;538;2986;59;385;3056;0;1608
FR;10;2023-02-23;3;2;17;31;2;14;37;0;12;146;108;555;3017;61;399;3093;0;1620
FR;10;2023-02-24;1;2;8;27;0;5;27;0;29;147;110;563;3044;61;404;3120;0;1649
FR;10;2023-02-25;0;0;2;3;0;2;3;0;7;147;110;565;3047;61;406;3123;0;1656
FR;10;2023-02-26;0;0;0;0;0;0;0;0;0;147;110;565;3047;61;406;3123;0;1656
FR;10;2023-02-27;3;3;3;20;4;3;21;0;15;150;113;568;3067;65;409;3144;0;1671
FR;10;2023-02-28;3;2;3;10;2;1;11;0;10;153;115;571;3077;67;410;3155;0;1681
FR;10;2023-03-01;2;6;34;12;6;33;12;0;14;155;121;605;3089;73;443;3167;0;1695
FR;10;2023-03-02;2;1;10;22;2;6;22;0;31;157;122;615;3111;75;449;3189;0;1726
FR;10;2023-03-03;7;2;5;21;0;6;20;0;18;164;124;620;3132;75;455;3209;0;1744
FR;10;2023-03-04;0;1;0;6;1;0;6;0;2;164;125;620;3138;76;455;3215;0;1746
FR;10;2023-03-05;0;0;0;1;0;0;0;0;2;164;125;620;3139;76;455;3215;0;1748
FR;10;2023-03-06;2;2;8;8;3;7;9;0;8;166;127;628;3147;79;462;3224;0;1756
FR;10;2023-03-07;2;3;0;11;1;2;11;0;8;168;130;628;3158;80;464;3235;0;1764
FR;10;2023-03-08;1;4;4;20;3;3;22;0;9;169;134;632;3178;83;467;3257;0;1773
FR;10;2023-03-09;0;3;1;9;1;2;8;0;8;169;137;633;3187;84;469;3265;0;1781
FR;10;2023-03-10;1;2;1;8;2;1;9;0;9;170;139;634;3195;86;470;3274;0;1790
FR;10;2023-03-11;2;1;5;4;0;3;7;0;2;172;140;639;3199;86;473;3281;0;1792
FR;10;2023-03-12;0;0;0;0;0;0;0;0;0;172;140;639;3199;86;473;3281;0;1792
FR;10;2023-03-13;0;2;2;3;2;2;3;0;5;172;142;641;3202;88;475;3284;0;1797
FR;10;2023-03-14;2;0;6;25;0;4;27;0;21;174;142;647;3227;88;479;3311;0;1818
FR;10;2023-03-15;0;2;5;5;1;7;4;0;6;174;144;652;3232;89;486;3315;0;1824
FR;10;2023-03-16;3;1;7;12;0;5;15;0;11;177;145;659;3244;89;491;3330;0;1835
FR;10;2023-03-17;3;5;8;18;4;4;22;0;19;180;150;667;3262;93;495;3352;0;1854
FR;10;2023-03-18;0;1;1;3;0;2;2;0;3;180;151;668;3265;93;497;3354;0;1857
FR;10;2023-03-19;6;0;0;0;0;0;0;0;0;186;151;668;3265;93;497;3354;0;1857
FR;10;2023-03-20;5;4;0;12;3;1;13;0;12;191;155;668;3277;96;498;3367;0;1869
FR;10;2023-03-21;1;2;2;7;0;3;9;0;14;192;157;670;3284;96;501;3376;0;1883
FR;10;2023-03-22;0;0;3;4;0;3;3;0;3;192;157;673;3288;96;504;3379;0;1886
FR;10;2023-03-23;9;9;4;6;9;1;8;0;13;201;166;677;3294;105;505;3387;0;1899
FR;10;2023-03-24;3;3;2;14;2;1;10;0;17;204;169;679;3308;107;506;3397;0;1916
FR;10;2023-03-25;1;3;0;4;1;3;5;0;8;205;172;679;3312;108;509;3402;0;1924
FR;10;2023-03-26;1;1;0;0;1;0;0;0;0;206;173;679;3312;109;509;3402;0;1924
FR;10;2023-03-27;0;2;3;4;2;3;2;0;16;206;175;682;3316;111;512;3404;0;1940
FR;10;2023-03-28;9;8;3;5;8;1;6;0;6;215;183;685;3321;119;513;3410;0;1946
FR;10;2023-03-29;7;7;3;2;6;4;2;0;6;222;190;688;3323;125;517;3412;0;1952
FR;10;2023-03-30;16;13;3;7;13;2;8;0;6;238;203;691;3330;138;519;3420;0;1958
FR;10;2023-03-31;8;6;4;12;5;4;13;0;19;246;209;695;3342;143;523;3433;0;1977
FR;10;2023-04-01;9;8;1;0;8;1;0;0;0;255;217;696;3342;151;524;3433;0;1977
FR;10;2023-04-02;1;0;0;0;0;0;0;0;1;256;217;696;3342;151;524;3433;0;1978
FR;10;2023-04-03;2;1;0;3;1;0;2;0;5;258;218;696;3345;152;524;3435;0;1983
FR;10;2023-04-04;0;1;0;3;1;0;3;0;5;258;219;696;3348;153;524;3438;0;1988
FR;10;2023-04-05;0;0;2;1;0;2;3;0;2;258;219;698;3349;153;526;3441;0;1990
FR;10;2023-04-06;2;2;4;4;2;1;7;0;2;260;221;702;3353;155;527;3448;0;1992
FR;10;2023-04-07;3;0;2;3;0;1;3;0;9;263;221;704;3356;155;528;3451;0;2001
FR;10;2023-04-08;0;0;1;0;0;1;0;0;0;263;221;705;3356;155;529;3451;0;2001
FR;10;2023-04-09;0;0;0;0;0;0;0;0;0;263;221;705;3356;155;529;3451;0;2001
FR;10;2023-04-10;0;0;2;0;0;0;2;0;0;263;221;707;3356;155;529;3453;0;2001
FR;10;2023-04-11;1;0;1;3;0;1;2;0;3;264;221;708;3359;155;530;3455;0;2004
FR;10;2023-04-12;0;0;2;1;0;1;2;0;4;264;221;710;3360;155;531;3457;0;2008
FR;10;2023-04-13;0;1;0;5;1;0;5;0;5;264;222;710;3365;156;531;3462;0;2013
FR;10;2023-04-14;3;0;1;7;0;1;4;0;5;267;222;711;3372;156;532;3466;0;2018
FR;10;2023-04-15;0;1;1;3;1;0;4;0;0;267;223;712;3375;157;532;3470;0;2018
FR;10;2023-04-16;0;0;0;2;0;0;2;0;0;267;223;712;3377;157;532;3472;0;2018
FR;10;2023-04-17;1;2;2;0;1;2;0;0;0;268;225;714;3377;158;534;3472;0;2018
FR;10;2023-04-18;2;2;1;3;2;1;0;0;2;270;227;715;3380;160;535;3472;0;2020
FR;10;2023-04-19;0;0;1;0;0;1;0;0;1;270;227;716;3380;160;536;3472;0;2021
FR;10;2023-04-20;0;2;1;1;1;2;1;0;2;270;229;717;3381;161;538;3473;0;2023
FR;10;2023-04-21;0;1;5;7;0;4;9;0;3;270;230;722;3388;161;542;3482;0;2026
FR;10;2023-04-22;1;1;0;2;1;0;2;0;1;271;231;722;3390;162;542;3484;0;2027
FR;10;2023-04-23;0;0;0;0;0;0;0;0;0;271;231;722;3390;162;542;3484;0;2027
FR;10;2023-04-24;0;1;0;0;1;0;0;0;4;271;232;722;3390;163;542;3484;0;2031
FR;10;2023-04-25;0;0;1;0;0;1;0;0;2;271;232;723;3390;163;543;3484;0;2033
FR;10;2023-04-26;1;0;2;1;1;2;1;0;1;272;232;725;3391;164;545;3485;0;2034
FR;10;2023-04-27;0;0;1;1;0;1;1;0;1;272;232;726;3392;164;546;3486;0;2035
FR;10;2023-04-28;0;1;2;5;1;0;5;0;6;272;233;728;3397;165;546;3491;0;2041
FR;10;2023-04-29;0;0;0;1;0;0;0;0;1;272;233;728;3398;165;546;3491;0;2042
FR;10;2023-04-30;0;0;0;0;0;0;0;0;0;272;233;728;3398;165;546;3491;0;2042
FR;10;2023-05-01;0;0;0;0;0;0;0;0;0;272;233;728;3398;165;546;3491;0;2042
FR;10;2023-05-02;2;1;0;2;2;0;2;0;4;274;234;728;3400;167;546;3493;0;2046
FR;10;2023-05-03;0;1;1;2;1;1;1;0;17;274;235;729;3402;168;547;3494;0;2063
FR;10;2023-05-04;0;1;1;0;1;1;0;0;1;274;236;730;3402;169;548;3494;0;2064
FR;10;2023-05-05;0;1;2;6;0;2;6;0;9;274;237;732;3408;169;550;3500;0;2073
FR;10;2023-05-06;0;0;3;3;0;2;4;0;1;274;237;735;3411;169;552;3504;0;2074
FR;10;2023-05-07;0;0;0;0;0;0;0;0;0;274;237;735;3411;169;552;3504;0;2074
FR;10;2023-05-08;0;0;0;0;0;0;0;0;0;274;237;735;3411;169;552;3504;0;2074
FR;10;2023-05-09;0;1;1;0;0;1;1;0;1;274;238;736;3411;169;553;3505;0;2075
FR;10;2023-05-10;15;5;1;1;5;0;2;0;0;289;243;737;3412;174;553;3507;0;2075
FR;10;2023-05-11;0;0;0;2;0;0;2;0;4;289;243;737;3414;174;553;3509;0;2079
FR;11;2020-12-27;0;0;0;0;0;0;0;0;0;0;0;0;0;0;0;0;0;0
FR;11;2020-12-28;0;0;0;0;0;0;0;0;0;0;0;0;0;0;0;0;0;0
FR;11;2020-12-29;0;0;0;0;0;0;0;0;0;0;0;0;0;0;0;0;0;0
FR;11;2020-12-30;0;0;0;0;0;0;0;0;0;0;0;0;0;0;0;0;0;0
FR;11;2020-12-31;0;0;0;0;0;0;0;0;0;0;0;0;0;0;0;0;0;0
FR;11;2021-01-01;0;0;0;0;0;0;0;0;0;0;0;0;0;0;0;0;0;0
FR;11;2021-01-02;0;0;0;0;0;0;0;0;0;0;0;0;0;0;0;0;0;0
FR;11;2021-01-03;0;0;0;0;0;0;0;0;0;0;0;0;0;0;0;0;0;0
FR;11;2021-01-04;0;0;0;0;0;0;0;0;0;0;0;0;0;0;0;0;0;0
FR;11;2021-01-05;0;0;0;0;0;0;0;0;0;0;0;0;0;0;0;0;0;0
FR;11;2021-01-06;0;0;0;0;0;0;0;0;0;0;0;0;0;0;0;0;0;0
FR;11;2021-01-07;0;0;0;0;0;0;0;0;0;0;0;0;0;0;0;0;0;0
FR;11;2021-01-08;0;0;0;0;0;0;0;0;0;0;0;0;0;0;0;0;0;0
FR;11;2021-01-09;0;0;0;0;0;0;0;0;0;0;0;0;0;0;0;0;0;0
FR;11;2021-01-10;0;0;0;0;0;0;0;0;0;0;0;0;0;0;0;0;0;0
FR;11;2021-01-11;0;0;0;0;0;0;0;0;0;0;0;0;0;0;0;0;0;0
FR;11;2021-01-12;0;0;0;0;0;0;0;0;0;0;0;0;0;0;0;0;0;0
FR;11;2021-01-13;0;0;0;0;0;0;0;0;0;0;0;0;0;0;0;0;0;0
FR;11;2021-01-14;0;0;0;0;0;0;0;0;0;0;0;0;0;0;0;0;0;0
FR;11;2021-01-15;0;0;0;0;0;0;0;0;0;0;0;0;0;0;0;0;0;0
FR;11;2021-01-16;0;0;0;0;0;0;0;0;0;0;0;0;0;0;0;0;0;0
FR;11;2021-01-17;0;0;0;0;0;0;0;0;0;0;0;0;0;0;0;0;0;0
FR;11;2021-01-18;0;0;0;0;0;0;0;0;0;0;0;0;0;0;0;0;0;0
FR;11;2021-01-19;0;0;0;0;0;0;0;0;0;0;0;0;0;0;0;0;0;0
FR;11;2021-01-20;0;0;0;0;0;0;0;0;0;0;0;0;0;0;0;0;0;0
FR;11;2021-01-21;0;0;0;0;0;0;0;0;0;0;0;0;0;0;0;0;0;0
FR;11;2021-01-22;0;0;0;0;0;0;0;0;0;0;0;0;0;0;0;0;0;0
FR;11;2021-01-23;0;0;0;0;0;0;0;0;0;0;0;0;0;0;0;0;0;0
FR;11;2021-01-24;0;0;0;0;0;0;0;0;0;0;0;0;0;0;0;0;0;0
FR;11;2021-01-25;0;0;0;0;0;0;0;0;0;0;0;0;0;0;0;0;0;0
FR;11;2021-01-26;0;0;0;0;0;0;0;0;0;0;0;0;0;0;0;0;0;0
FR;11;2021-01-27;0;0;0;0;0;0;0;0;0;0;0;0;0;0;0;0;0;0
FR;11;2021-01-28;0;0;0;0;0;0;0;0;0;0;0;0;0;0;0;0;0;0
FR;11;2021-01-29;0;0;0;0;0;0;0;0;0;0;0;0;0;0;0;0;0;0
FR;11;2021-01-30;0;0;0;0;0;0;0;0;0;0;0;0;0;0;0;0;0;0
FR;11;2021-01-31;0;0;0;0;0;0;0;0;0;0;0;0;0;0;0;0;0;0
FR;11;2021-02-01;0;0;0;0;0;0;0;0;0;0;0;0;0;0;0;0;0;0
FR;11;2021-02-02;0;0;0;0;0;0;0;0;0;0;0;0;0;0;0;0;0;0
FR;11;2021-02-03;0;0;0;0;0;0;0;0;0;0;0;0;0;0;0;0;0;0
FR;11;2021-02-04;0;0;0;0;0;0;0;0;0;0;0;0;0;0;0;0;0;0
FR;11;2021-02-05;0;0;0;0;0;0;0;0;0;0;0;0;0;0;0;0;0;0
FR;11;2021-02-06;0;0;0;0;0;0;0;0;0;0;0;0;0;0;0;0;0;0
FR;11;2021-02-07;0;0;0;0;0;0;0;0;0;0;0;0;0;0;0;0;0;0
FR;11;2021-02-08;0;0;0;0;0;0;0;0;0;0;0;0;0;0;0;0;0;0
FR;11;2021-02-09;0;0;0;0;0;0;0;0;0;0;0;0;0;0;0;0;0;0
FR;11;2021-02-10;0;0;0;0;0;0;0;0;0;0;0;0;0;0;0;0;0;0
FR;11;2021-02-11;0;0;0;0;0;0;0;0;0;0;0;0;0;0;0;0;0;0
FR;11;2021-02-12;0;0;0;0;0;0;0;0;0;0;0;0;0;0;0;0;0;0
FR;11;2021-02-13;0;0;0;0;0;0;0;0;0;0;0;0;0;0;0;0;0;0
FR;11;2021-02-14;0;0;0;0;0;0;0;0;0;0;0;0;0;0;0;0;0;0
FR;11;2021-02-15;0;0;0;0;0;0;0;0;0;0;0;0;0;0;0;0;0;0
FR;11;2021-02-16;0;0;0;0;0;0;0;0;0;0;0;0;0;0;0;0;0;0
FR;11;2021-02-17;0;0;0;0;0;0;0;0;0;0;0;0;0;0;0;0;0;0
FR;11;2021-02-18;0;0;0;0;0;0;0;0;0;0;0;0;0;0;0;0;0;0
FR;11;2021-02-19;0;0;0;0;0;0;0;0;0;0;0;0;0;0;0;0;0;0
FR;11;2021-02-20;0;0;0;0;0;0;0;0;0;0;0;0;0;0;0;0;0;0
FR;11;2021-02-21;0;0;0;0;0;0;0;0;0;0;0;0;0;0;0;0;0;0
FR;11;2021-02-22;0;0;0;0;0;0;0;0;0;0;0;0;0;0;0;0;0;0
FR;11;2021-02-23;0;0;0;0;0;0;0;0;0;0;0;0;0;0;0;0;0;0
FR;11;2021-02-24;0;0;0;0;0;0;0;0;0;0;0;0;0;0;0;0;0;0
FR;11;2021-02-25;0;0;0;0;0;0;0;0;0;0;0;0;0;0;0;0;0;0
FR;11;2021-02-26;0;0;0;0;0;0;0;0;0;0;0;0;0;0;0;0;0;0
FR;11;2021-02-27;0;0;0;0;0;0;0;0;0;0;0;0;0;0;0;0;0;0
FR;11;2021-02-28;0;0;0;0;0;0;0;0;0;0;0;0;0;0;0;0;0;0
FR;11;2021-03-01;0;0;0;0;0;0;0;0;0;0;0;0;0;0;0;0;0;0
FR;11;2021-03-02;0;0;0;0;0;0;0;0;0;0;0;0;0;0;0;0;0;0
FR;11;2021-03-03;0;0;0;0;0;0;0;0;0;0;0;0;0;0;0;0;0;0
FR;11;2021-03-04;0;0;0;0;0;0;0;0;0;0;0;0;0;0;0;0;0;0
FR;11;2021-03-05;0;0;0;0;0;0;0;0;0;0;0;0;0;0;0;0;0;0
FR;11;2021-03-06;0;0;0;0;0;0;0;0;0;0;0;0;0;0;0;0;0;0
FR;11;2021-03-07;0;0;0;0;0;0;0;0;0;0;0;0;0;0;0;0;0;0
FR;11;2021-03-08;0;0;0;0;0;0;0;0;0;0;0;0;0;0;0;0;0;0
FR;11;2021-03-09;0;0;0;0;0;0;0;0;0;0;0;0;0;0;0;0;0;0
FR;11;2021-03-10;0;0;0;0;0;0;0;0;0;0;0;0;0;0;0;0;0;0
FR;11;2021-03-11;0;0;0;0;0;0;0;0;0;0;0;0;0;0;0;0;0;0
FR;11;2021-03-12;0;0;0;0;0;0;0;0;0;0;0;0;0;0;0;0;0;0
FR;11;2021-03-13;0;0;0;0;0;0;0;0;0;0;0;0;0;0;0;0;0;0
FR;11;2021-03-14;0;0;0;0;0;0;0;0;0;0;0;0;0;0;0;0;0;0
FR;11;2021-03-15;0;0;0;0;0;0;0;0;0;0;0;0;0;0;0;0;0;0
FR;11;2021-03-16;0;0;0;0;0;0;0;0;0;0;0;0;0;0;0;0;0;0
FR;11;2021-03-17;0;0;0;0;0;0;0;0;0;0;0;0;0;0;0;0;0;0
FR;11;2021-03-18;0;0;0;0;0;0;0;0;0;0;0;0;0;0;0;0;0;0
FR;11;2021-03-19;0;0;0;0;0;0;0;0;0;0;0;0;0;0;0;0;0;0
FR;11;2021-03-20;0;0;0;0;0;0;0;0;0;0;0;0;0;0;0;0;0;0
FR;11;2021-03-21;0;0;0;0;0;0;0;0;0;0;0;0;0;0;0;0;0;0
FR;11;2021-03-22;0;0;0;0;0;0;0;0;0;0;0;0;0;0;0;0;0;0
FR;11;2021-03-23;0;0;0;0;0;0;0;0;0;0;0;0;0;0;0;0;0;0
FR;11;2021-03-24;0;0;0;0;0;0;0;0;0;0;0;0;0;0;0;0;0;0
FR;11;2021-03-25;0;0;0;0;0;0;0;0;0;0;0;0;0;0;0;0;0;0
FR;11;2021-03-26;0;0;0;0;0;0;0;0;0;0;0;0;0;0;0;0;0;0
FR;11;2021-03-27;0;0;0;0;0;0;0;0;0;0;0;0;0;0;0;0;0;0
FR;11;2021-03-28;0;0;0;0;0;0;0;0;0;0;0;0;0;0;0;0;0;0
FR;11;2021-03-29;0;0;0;0;0;0;0;0;0;0;0;0;0;0;0;0;0;0
FR;11;2021-03-30;0;0;0;0;0;0;0;0;0;0;0;0;0;0;0;0;0;0
FR;11;2021-03-31;0;0;0;0;0;0;0;0;0;0;0;0;0;0;0;0;0;0
FR;11;2021-04-01;0;0;0;0;0;0;0;0;0;0;0;0;0;0;0;0;0;0
FR;11;2021-04-02;0;0;0;0;0;0;0;0;0;0;0;0;0;0;0;0;0;0
FR;11;2021-04-03;0;0;0;0;0;0;0;0;0;0;0;0;0;0;0;0;0;0
FR;11;2021-04-04;0;0;0;0;0;0;0;0;0;0;0;0;0;0;0;0;0;0
FR;11;2021-04-05;0;0;0;0;0;0;0;0;0;0;0;0;0;0;0;0;0;0
FR;11;2021-04-06;0;0;0;0;0;0;0;0;0;0;0;0;0;0;0;0;0;0
FR;11;2021-04-07;0;0;0;0;0;0;0;0;0;0;0;0;0;0;0;0;0;0
FR;11;2021-04-08;0;0;0;0;0;0;0;0;0;0;0;0;0;0;0;0;0;0
FR;11;2021-04-09;0;0;0;0;0;0;0;0;0;0;0;0;0;0;0;0;0;0
FR;11;2021-04-10;0;0;0;0;0;0;0;0;0;0;0;0;0;0;0;0;0;0
FR;11;2021-04-11;0;0;0;0;0;0;0;0;0;0;0;0;0;0;0;0;0;0
FR;11;2021-04-12;0;0;0;0;0;0;0;0;0;0;0;0;0;0;0;0;0;0
FR;11;2021-04-13;0;0;0;0;0;0;0;0;0;0;0;0;0;0;0;0;0;0
FR;11;2021-04-14;0;0;0;0;0;0;0;0;0;0;0;0;0;0;0;0;0;0
FR;11;2021-04-15;0;0;0;0;0;0;0;0;0;0;0;0;0;0;0;0;0;0
FR;11;2021-04-16;0;0;0;0;0;0;0;0;0;0;0;0;0;0;0;0;0;0
FR;11;2021-04-17;0;0;0;0;0;0;0;0;0;0;0;0;0;0;0;0;0;0
FR;11;2021-04-18;0;0;0;0;0;0;0;0;0;0;0;0;0;0;0;0;0;0
FR;11;2021-04-19;0;0;0;0;0;0;0;0;0;0;0;0;0;0;0;0;0;0
FR;11;2021-04-20;0;0;0;0;0;0;0;0;0;0;0;0;0;0;0;0;0;0
FR;11;2021-04-21;0;0;0;0;0;0;0;0;0;0;0;0;0;0;0;0;0;0
FR;11;2021-04-22;0;0;0;0;0;0;0;0;0;0;0;0;0;0;0;0;0;0
FR;11;2021-04-23;0;0;0;0;0;0;0;0;0;0;0;0;0;0;0;0;0;0
FR;11;2021-04-24;0;0;0;0;0;0;0;0;0;0;0;0;0;0;0;0;0;0
FR;11;2021-04-25;0;0;0;0;0;0;0;0;0;0;0;0;0;0;0;0;0;0
FR;11;2021-04-26;0;0;0;0;0;0;0;0;0;0;0;0;0;0;0;0;0;0
FR;11;2021-04-27;0;0;0;0;0;0;0;0;0;0;0;0;0;0;0;0;0;0
FR;11;2021-04-28;0;0;0;0;0;0;0;0;0;0;0;0;0;0;0;0;0;0
FR;11;2021-04-29;0;0;0;0;0;0;0;0;0;0;0;0;0;0;0;0;0;0
FR;11;2021-04-30;0;0;0;0;0;0;0;0;0;0;0;0;0;0;0;0;0;0
FR;11;2021-05-01;0;0;0;0;0;0;0;0;0;0;0;0;0;0;0;0;0;0
FR;11;2021-05-02;0;0;0;0;0;0;0;0;0;0;0;0;0;0;0;0;0;0
FR;11;2021-05-03;0;0;0;0;0;0;0;0;0;0;0;0;0;0;0;0;0;0
FR;11;2021-05-04;0;0;0;0;0;0;0;0;0;0;0;0;0;0;0;0;0;0
FR;11;2021-05-05;0;0;0;0;0;0;0;0;0;0;0;0;0;0;0;0;0;0
FR;11;2021-05-06;0;0;0;0;0;0;0;0;0;0;0;0;0;0;0;0;0;0
FR;11;2021-05-07;0;0;0;0;0;0;0;0;0;0;0;0;0;0;0;0;0;0
FR;11;2021-05-08;0;0;0;0;0;0;0;0;0;0;0;0;0;0;0;0;0;0
FR;11;2021-05-09;0;0;0;0;0;0;0;0;0;0;0;0;0;0;0;0;0;0
FR;11;2021-05-10;0;0;0;0;0;0;0;0;0;0;0;0;0;0;0;0;0;0
FR;11;2021-05-11;0;0;0;0;0;0;0;0;0;0;0;0;0;0;0;0;0;0
FR;11;2021-05-12;0;0;0;0;0;0;0;0;0;0;0;0;0;0;0;0;0;0
FR;11;2021-05-13;0;0;0;0;0;0;0;0;0;0;0;0;0;0;0;0;0;0
FR;11;2021-05-14;0;0;0;0;0;0;0;0;0;0;0;0;0;0;0;0;0;0
FR;11;2021-05-15;0;0;0;0;0;0;0;0;0;0;0;0;0;0;0;0;0;0
FR;11;2021-05-16;0;0;0;0;0;0;0;0;0;0;0;0;0;0;0;0;0;0
FR;11;2021-05-17;0;0;0;0;0;0;0;0;0;0;0;0;0;0;0;0;0;0
FR;11;2021-05-18;0;0;0;0;0;0;0;0;0;0;0;0;0;0;0;0;0;0
FR;11;2021-05-19;0;0;0;0;0;0;0;0;0;0;0;0;0;0;0;0;0;0
FR;11;2021-05-20;0;0;0;0;0;0;0;0;0;0;0;0;0;0;0;0;0;0
FR;11;2021-05-21;0;0;0;0;0;0;0;0;0;0;0;0;0;0;0;0;0;0
FR;11;2021-05-22;0;0;0;0;0;0;0;0;0;0;0;0;0;0;0;0;0;0
FR;11;2021-05-23;0;0;0;0;0;0;0;0;0;0;0;0;0;0;0;0;0;0
FR;11;2021-05-24;0;0;0;0;0;0;0;0;0;0;0;0;0;0;0;0;0;0
FR;11;2021-05-25;0;0;0;0;0;0;0;0;0;0;0;0;0;0;0;0;0;0
FR;11;2021-05-26;0;0;0;0;0;0;0;0;0;0;0;0;0;0;0;0;0;0
FR;11;2021-05-27;0;0;0;0;0;0;0;0;0;0;0;0;0;0;0;0;0;0
FR;11;2021-05-28;0;0;0;0;0;0;0;0;0;0;0;0;0;0;0;0;0;0
FR;11;2021-05-29;0;0;0;0;0;0;0;0;0;0;0;0;0;0;0;0;0;0
FR;11;2021-05-30;0;0;0;0;0;0;0;0;0;0;0;0;0;0;0;0;0;0
FR;11;2021-05-31;0;0;0;0;0;0;0;0;0;0;0;0;0;0;0;0;0;0
FR;11;2021-06-01;0;0;0;0;0;0;0;0;0;0;0;0;0;0;0;0;0;0
FR;11;2021-06-02;0;0;0;0;0;0;0;0;0;0;0;0;0;0;0;0;0;0
FR;11;2021-06-03;0;0;0;0;0;0;0;0;0;0;0;0;0;0;0;0;0;0
FR;11;2021-06-04;0;0;0;0;0;0;0;0;0;0;0;0;0;0;0;0;0;0
FR;11;2021-06-05;0;0;0;0;0;0;0;0;0;0;0;0;0;0;0;0;0;0
FR;11;2021-06-06;0;0;0;0;0;0;0;0;0;0;0;0;0;0;0;0;0;0
FR;11;2021-06-07;0;0;0;0;0;0;0;0;0;0;0;0;0;0;0;0;0;0
FR;11;2021-06-08;0;0;0;0;0;0;0;0;0;0;0;0;0;0;0;0;0;0
FR;11;2021-06-09;0;0;0;0;0;0;0;0;0;0;0;0;0;0;0;0;0;0
FR;11;2021-06-10;0;0;0;0;0;0;0;0;0;0;0;0;0;0;0;0;0;0
FR;11;2021-06-11;0;0;0;0;0;0;0;0;0;0;0;0;0;0;0;0;0;0
FR;11;2021-06-12;0;0;0;0;0;0;0;0;0;0;0;0;0;0;0;0;0;0
FR;11;2021-06-13;0;0;0;0;0;0;0;0;0;0;0;0;0;0;0;0;0;0
FR;11;2021-06-14;0;0;0;0;0;0;0;0;0;0;0;0;0;0;0;0;0;0
FR;11;2021-06-15;0;0;0;0;0;0;0;0;0;0;0;0;0;0;0;0;0;0
FR;11;2021-06-16;0;0;0;0;0;0;0;0;0;0;0;0;0;0;0;0;0;0
FR;11;2021-06-17;0;0;0;0;0;0;0;0;0;0;0;0;0;0;0;0;0;0
FR;11;2021-06-18;0;0;0;0;0;0;0;0;0;0;0;0;0;0;0;0;0;0
FR;11;2021-06-19;0;0;0;0;0;0;0;0;0;0;0;0;0;0;0;0;0;0
FR;11;2021-06-20;0;0;0;0;0;0;0;0;0;0;0;0;0;0;0;0;0;0
FR;11;2021-06-21;0;0;0;0;0;0;0;0;0;0;0;0;0;0;0;0;0;0
FR;11;2021-06-22;0;0;0;0;0;0;0;0;0;0;0;0;0;0;0;0;0;0
FR;11;2021-06-23;0;0;0;0;0;0;0;0;0;0;0;0;0;0;0;0;0;0
FR;11;2021-06-24;0;0;0;0;0;0;0;0;0;0;0;0;0;0;0;0;0;0
FR;11;2021-06-25;0;0;0;0;0;0;0;0;0;0;0;0;0;0;0;0;0;0
FR;11;2021-06-26;0;0;0;0;0;0;0;0;0;0;0;0;0;0;0;0;0;0
FR;11;2021-06-27;0;0;0;0;0;0;0;0;0;0;0;0;0;0;0;0;0;0
FR;11;2021-06-28;0;0;0;0;0;0;0;0;0;0;0;0;0;0;0;0;0;0
FR;11;2021-06-29;0;0;0;0;0;0;0;0;0;0;0;0;0;0;0;0;0;0
FR;11;2021-06-30;0;0;0;0;0;0;0;0;0;0;0;0;0;0;0;0;0;0
FR;11;2021-07-01;0;0;0;0;0;0;0;0;0;0;0;0;0;0;0;0;0;0
FR;11;2021-07-02;0;0;0;0;0;0;0;0;0;0;0;0;0;0;0;0;0;0
FR;11;2021-07-03;0;0;0;0;0;0;0;0;0;0;0;0;0;0;0;0;0;0
FR;11;2021-07-04;0;0;0;0;0;0;0;0;0;0;0;0;0;0;0;0;0;0
FR;11;2021-07-05;0;0;0;0;0;0;0;0;0;0;0;0;0;0;0;0;0;0
FR;11;2021-07-06;0;0;0;0;0;0;0;0;0;0;0;0;0;0;0;0;0;0
FR;11;2021-07-07;0;0;0;0;0;0;0;0;0;0;0;0;0;0;0;0;0;0
FR;11;2021-07-08;0;0;0;0;0;0;0;0;0;0;0;0;0;0;0;0;0;0
FR;11;2021-07-09;0;0;0;0;0;0;0;0;0;0;0;0;0;0;0;0;0;0
FR;11;2021-07-10;0;0;0;0;0;0;0;0;0;0;0;0;0;0;0;0;0;0
FR;11;2021-07-11;0;0;0;0;0;0;0;0;0;0;0;0;0;0;0;0;0;0
FR;11;2021-07-12;0;0;0;0;0;0;0;0;0;0;0;0;0;0;0;0;0;0
FR;11;2021-07-13;0;0;0;0;0;0;0;0;0;0;0;0;0;0;0;0;0;0
FR;11;2021-07-14;0;0;0;0;0;0;0;0;0;0;0;0;0;0;0;0;0;0
FR;11;2021-07-15;0;0;0;0;0;0;0;0;0;0;0;0;0;0;0;0;0;0
FR;11;2021-07-16;0;0;0;0;0;0;0;0;0;0;0;0;0;0;0;0;0;0
FR;11;2021-07-17;0;0;0;0;0;0;0;0;0;0;0;0;0;0;0;0;0;0
FR;11;2021-07-18;0;0;0;0;0;0;0;0;0;0;0;0;0;0;0;0;0;0
FR;11;2021-07-19;0;0;0;0;0;0;0;0;0;0;0;0;0;0;0;0;0;0
FR;11;2021-07-20;0;0;0;0;0;0;0;0;0;0;0;0;0;0;0;0;0;0
FR;11;2021-07-21;0;0;0;0;0;0;0;0;0;0;0;0;0;0;0;0;0;0
FR;11;2021-07-22;0;0;0;0;0;0;0;0;0;0;0;0;0;0;0;0;0;0
FR;11;2021-07-23;0;0;0;0;0;0;0;0;0;0;0;0;0;0;0;0;0;0
FR;11;2021-07-24;0;0;0;0;0;0;0;0;0;0;0;0;0;0;0;0;0;0
FR;11;2021-07-25;0;0;0;0;0;0;0;0;0;0;0;0;0;0;0;0;0;0
FR;11;2021-07-26;0;0;0;0;0;0;0;0;0;0;0;0;0;0;0;0;0;0
FR;11;2021-07-27;0;0;0;0;0;0;0;0;0;0;0;0;0;0;0;0;0;0
FR;11;2021-07-28;0;0;0;0;0;0;0;0;0;0;0;0;0;0;0;0;0;0
FR;11;2021-07-29;0;0;0;0;0;0;0;0;0;0;0;0;0;0;0;0;0;0
FR;11;2021-07-30;0;0;0;0;0;0;0;0;0;0;0;0;0;0;0;0;0;0
FR;11;2021-07-31;0;0;0;0;0;0;0;0;0;0;0;0;0;0;0;0;0;0
FR;11;2021-08-01;0;0;0;0;0;0;0;0;0;0;0;0;0;0;0;0;0;0
FR;11;2021-08-02;0;0;0;0;0;0;0;0;0;0;0;0;0;0;0;0;0;0
FR;11;2021-08-03;0;0;0;0;0;0;0;0;0;0;0;0;0;0;0;0;0;0
FR;11;2021-08-04;0;0;0;0;0;0;0;0;0;0;0;0;0;0;0;0;0;0
FR;11;2021-08-05;0;0;0;0;0;0;0;0;0;0;0;0;0;0;0;0;0;0
FR;11;2021-08-06;0;0;0;0;0;0;0;0;0;0;0;0;0;0;0;0;0;0
FR;11;2021-08-07;0;0;0;0;0;0;0;0;0;0;0;0;0;0;0;0;0;0
FR;11;2021-08-08;0;0;0;0;0;0;0;0;0;0;0;0;0;0;0;0;0;0
FR;11;2021-08-09;0;0;0;0;0;0;0;0;0;0;0;0;0;0;0;0;0;0
FR;11;2021-08-10;0;0;0;0;0;0;0;0;0;0;0;0;0;0;0;0;0;0
FR;11;2021-08-11;0;0;0;0;0;0;0;0;0;0;0;0;0;0;0;0;0;0
FR;11;2021-08-12;0;0;0;0;0;0;0;0;0;0;0;0;0;0;0;0;0;0
FR;11;2021-08-13;0;0;0;0;0;0;0;0;0;0;0;0;0;0;0;0;0;0
FR;11;2021-08-14;0;0;0;0;0;0;0;0;0;0;0;0;0;0;0;0;0;0
FR;11;2021-08-15;0;0;0;0;0;0;0;0;0;0;0;0;0;0;0;0;0;0
FR;11;2021-08-16;0;0;0;0;0;0;0;0;0;0;0;0;0;0;0;0;0;0
FR;11;2021-08-17;0;0;0;0;0;0;0;0;0;0;0;0;0;0;0;0;0;0
FR;11;2021-08-18;0;0;0;0;0;0;0;0;0;0;0;0;0;0;0;0;0;0
FR;11;2021-08-19;0;0;0;0;0;0;0;0;0;0;0;0;0;0;0;0;0;0
FR;11;2021-08-20;0;0;0;0;0;0;0;0;0;0;0;0;0;0;0;0;0;0
FR;11;2021-08-21;0;0;0;0;0;0;0;0;0;0;0;0;0;0;0;0;0;0
FR;11;2021-08-22;0;0;0;0;0;0;0;0;0;0;0;0;0;0;0;0;0;0
FR;11;2021-08-23;0;0;0;0;0;0;0;0;0;0;0;0;0;0;0;0;0;0
FR;11;2021-08-24;0;0;0;0;0;0;0;0;0;0;0;0;0;0;0;0;0;0
FR;11;2021-08-25;0;0;0;0;0;0;0;0;0;0;0;0;0;0;0;0;0;0
FR;11;2021-08-26;0;0;0;0;0;0;0;0;0;0;0;0;0;0;0;0;0;0
FR;11;2021-08-27;0;0;0;0;0;0;0;0;0;0;0;0;0;0;0;0;0;0
FR;11;2021-08-28;0;0;0;0;0;0;0;0;0;0;0;0;0;0;0;0;0;0
FR;11;2021-08-29;0;0;0;0;0;0;0;0;0;0;0;0;0;0;0;0;0;0
FR;11;2021-08-30;0;0;0;0;0;0;0;0;0;0;0;0;0;0;0;0;0;0
FR;11;2021-08-31;0;0;0;0;0;0;0;0;0;0;0;0;0;0;0;0;0;0
FR;11;2021-09-01;0;0;0;0;0;0;0;0;0;0;0;0;0;0;0;0;0;0
FR;11;2021-09-02;0;0;0;0;0;0;0;0;0;0;0;0;0;0;0;0;0;0
FR;11;2021-09-03;0;0;0;0;0;0;0;0;0;0;0;0;0;0;0;0;0;0
FR;11;2021-09-04;0;0;0;0;0;0;0;0;0;0;0;0;0;0;0;0;0;0
FR;11;2021-09-05;0;0;0;0;0;0;0;0;0;0;0;0;0;0;0;0;0;0
FR;11;2021-09-06;0;0;0;0;0;0;0;0;0;0;0;0;0;0;0;0;0;0
FR;11;2021-09-07;0;0;0;0;0;0;0;0;0;0;0;0;0;0;0;0;0;0
FR;11;2021-09-08;0;0;0;0;0;0;0;0;0;0;0;0;0;0;0;0;0;0
FR;11;2021-09-09;0;0;0;0;0;0;0;0;0;0;0;0;0;0;0;0;0;0
FR;11;2021-09-10;0;0;0;0;0;0;0;0;0;0;0;0;0;0;0;0;0;0
FR;11;2021-09-11;0;0;0;0;0;0;0;0;0;0;0;0;0;0;0;0;0;0
FR;11;2021-09-12;0;0;0;0;0;0;0;0;0;0;0;0;0;0;0;0;0;0
FR;11;2021-09-13;0;0;0;0;0;0;0;0;0;0;0;0;0;0;0;0;0;0
FR;11;2021-09-14;0;0;0;0;0;0;0;0;0;0;0;0;0;0;0;0;0;0
FR;11;2021-09-15;0;0;0;0;0;0;0;0;0;0;0;0;0;0;0;0;0;0
FR;11;2021-09-16;0;0;0;0;0;0;0;0;0;0;0;0;0;0;0;0;0;0
FR;11;2021-09-17;0;0;0;0;0;0;0;0;0;0;0;0;0;0;0;0;0;0
FR;11;2021-09-18;0;0;0;0;0;0;0;0;0;0;0;0;0;0;0;0;0;0
FR;11;2021-09-19;0;0;0;0;0;0;0;0;0;0;0;0;0;0;0;0;0;0
FR;11;2021-09-20;0;0;0;0;0;0;0;0;0;0;0;0;0;0;0;0;0;0
FR;11;2021-09-21;0;0;0;0;0;0;0;0;0;0;0;0;0;0;0;0;0;0
FR;11;2021-09-22;0;0;0;0;0;0;0;0;0;0;0;0;0;0;0;0;0;0
FR;11;2021-09-23;0;0;0;0;0;0;0;0;0;0;0;0;0;0;0;0;0;0
FR;11;2021-09-24;0;0;0;0;0;0;0;0;0;0;0;0;0;0;0;0;0;0
FR;11;2021-09-25;0;0;0;0;0;0;0;0;0;0;0;0;0;0;0;0;0;0
FR;11;2021-09-26;0;0;0;0;0;0;0;0;0;0;0;0;0;0;0;0;0;0
FR;11;2021-09-27;0;0;0;0;0;0;0;0;0;0;0;0;0;0;0;0;0;0
FR;11;2021-09-28;0;0;0;0;0;0;0;0;0;0;0;0;0;0;0;0;0;0
FR;11;2021-09-29;0;0;0;0;0;0;0;0;0;0;0;0;0;0;0;0;0;0
FR;11;2021-09-30;0;0;0;0;0;0;0;0;0;0;0;0;0;0;0;0;0;0
FR;11;2021-10-01;0;0;0;0;0;0;0;0;0;0;0;0;0;0;0;0;0;0
FR;11;2021-10-02;0;0;0;0;0;0;0;0;0;0;0;0;0;0;0;0;0;0
FR;11;2021-10-03;0;0;0;0;0;0;0;0;0;0;0;0;0;0;0;0;0;0
FR;11;2021-10-04;0;0;0;0;0;0;0;0;0;0;0;0;0;0;0;0;0;0
FR;11;2021-10-05;0;0;0;0;0;0;0;0;0;0;0;0;0;0;0;0;0;0
FR;11;2021-10-06;0;0;0;0;0;0;0;0;0;0;0;0;0;0;0;0;0;0
FR;11;2021-10-07;0;0;0;0;0;0;0;0;0;0;0;0;0;0;0;0;0;0
FR;11;2021-10-08;0;0;0;0;0;0;0;0;0;0;0;0;0;0;0;0;0;0
FR;11;2021-10-09;0;0;0;0;0;0;0;0;0;0;0;0;0;0;0;0;0;0
FR;11;2021-10-10;0;0;0;0;0;0;0;0;0;0;0;0;0;0;0;0;0;0
FR;11;2021-10-11;0;0;0;0;0;0;0;0;0;0;0;0;0;0;0;0;0;0
FR;11;2021-10-12;0;0;0;0;0;0;0;0;0;0;0;0;0;0;0;0;0;0
FR;11;2021-10-13;0;0;0;0;0;0;0;0;0;0;0;0;0;0;0;0;0;0
FR;11;2021-10-14;0;0;0;0;0;0;0;0;0;0;0;0;0;0;0;0;0;0
FR;11;2021-10-15;0;0;0;0;0;0;0;0;0;0;0;0;0;0;0;0;0;0
FR;11;2021-10-16;0;0;0;0;0;0;0;0;0;0;0;0;0;0;0;0;0;0
FR;11;2021-10-17;0;0;0;0;0;0;0;0;0;0;0;0;0;0;0;0;0;0
FR;11;2021-10-18;0;0;0;0;0;0;0;0;0;0;0;0;0;0;0;0;0;0
FR;11;2021-10-19;0;0;0;0;0;0;0;0;0;0;0;0;0;0;0;0;0;0
FR;11;2021-10-20;0;0;0;0;0;0;0;0;0;0;0;0;0;0;0;0;0;0
FR;11;2021-10-21;0;0;0;0;0;0;0;0;0;0;0;0;0;0;0;0;0;0
FR;11;2021-10-22;0;0;0;0;0;0;0;0;0;0;0;0;0;0;0;0;0;0
FR;11;2021-10-23;0;0;0;0;0;0;0;0;0;0;0;0;0;0;0;0;0;0
FR;11;2021-10-24;0;0;0;0;0;0;0;0;0;0;0;0;0;0;0;0;0;0
FR;11;2021-10-25;0;0;0;0;0;0;0;0;0;0;0;0;0;0;0;0;0;0
FR;11;2021-10-26;0;0;0;0;0;0;0;0;0;0;0;0;0;0;0;0;0;0
FR;11;2021-10-27;0;0;0;0;0;0;0;0;0;0;0;0;0;0;0;0;0;0
FR;11;2021-10-28;0;0;0;0;0;0;0;0;0;0;0;0;0;0;0;0;0;0
FR;11;2021-10-29;0;0;0;0;0;0;0;0;0;0;0;0;0;0;0;0;0;0
FR;11;2021-10-30;0;0;0;0;0;0;0;0;0;0;0;0;0;0;0;0;0;0
FR;11;2021-10-31;0;0;0;0;0;0;0;0;0;0;0;0;0;0;0;0;0;0
FR;11;2021-11-01;0;0;0;0;0;0;0;0;0;0;0;0;0;0;0;0;0;0
FR;11;2021-11-02;0;0;0;0;0;0;0;0;0;0;0;0;0;0;0;0;0;0
FR;11;2021-11-03;0;0;0;0;0;0;0;0;0;0;0;0;0;0;0;0;0;0
FR;11;2021-11-04;0;0;0;0;0;0;0;0;0;0;0;0;0;0;0;0;0;0
FR;11;2021-11-05;0;0;0;0;0;0;0;0;0;0;0;0;0;0;0;0;0;0
FR;11;2021-11-06;0;0;0;0;0;0;0;0;0;0;0;0;0;0;0;0;0;0
FR;11;2021-11-07;0;0;0;0;0;0;0;0;0;0;0;0;0;0;0;0;0;0
FR;11;2021-11-08;0;0;0;0;0;0;0;0;0;0;0;0;0;0;0;0;0;0
FR;11;2021-11-09;0;0;0;0;0;0;0;0;0;0;0;0;0;0;0;0;0;0
FR;11;2021-11-10;0;0;0;0;0;0;0;0;0;0;0;0;0;0;0;0;0;0
FR;11;2021-11-11;0;0;0;0;0;0;0;0;0;0;0;0;0;0;0;0;0;0
FR;11;2021-11-12;0;0;0;0;0;0;0;0;0;0;0;0;0;0;0;0;0;0
FR;11;2021-11-13;0;0;0;0;0;0;0;0;0;0;0;0;0;0;0;0;0;0
FR;11;2021-11-14;0;0;0;0;0;0;0;0;0;0;0;0;0;0;0;0;0;0
FR;11;2021-11-15;0;0;0;0;0;0;0;0;0;0;0;0;0;0;0;0;0;0
FR;11;2021-11-16;0;0;0;0;0;0;0;0;0;0;0;0;0;0;0;0;0;0
FR;11;2021-11-17;0;0;0;0;0;0;0;0;0;0;0;0;0;0;0;0;0;0
FR;11;2021-11-18;0;0;0;0;0;0;0;0;0;0;0;0;0;0;0;0;0;0
FR;11;2021-11-19;0;0;0;0;0;0;0;0;0;0;0;0;0;0;0;0;0;0
FR;11;2021-11-20;0;0;0;0;0;0;0;0;0;0;0;0;0;0;0;0;0;0
FR;11;2021-11-21;0;0;0;0;0;0;0;0;0;0;0;0;0;0;0;0;0;0
FR;11;2021-11-22;0;0;0;0;0;0;0;0;0;0;0;0;0;0;0;0;0;0
FR;11;2021-11-23;0;0;0;0;0;0;0;0;0;0;0;0;0;0;0;0;0;0
FR;11;2021-11-24;0;0;0;0;0;0;0;0;0;0;0;0;0;0;0;0;0;0
FR;11;2021-11-25;0;0;0;0;0;0;0;0;0;0;0;0;0;0;0;0;0;0
FR;11;2021-11-26;0;0;0;0;0;0;0;0;0;0;0;0;0;0;0;0;0;0
FR;11;2021-11-27;0;0;0;0;0;0;0;0;0;0;0;0;0;0;0;0;0;0
FR;11;2021-11-28;0;0;0;0;0;0;0;0;0;0;0;0;0;0;0;0;0;0
FR;11;2021-11-29;0;0;0;0;0;0;0;0;0;0;0;0;0;0;0;0;0;0
FR;11;2021-11-30;0;0;0;0;0;0;0;0;0;0;0;0;0;0;0;0;0;0
FR;11;2021-12-01;0;0;0;0;0;0;0;0;0;0;0;0;0;0;0;0;0;0
FR;11;2021-12-02;0;0;0;0;0;0;0;0;0;0;0;0;0;0;0;0;0;0
FR;11;2021-12-03;0;0;0;0;0;0;0;0;0;0;0;0;0;0;0;0;0;0
FR;11;2021-12-04;0;0;0;0;0;0;0;0;0;0;0;0;0;0;0;0;0;0
FR;11;2021-12-05;0;0;0;0;0;0;0;0;0;0;0;0;0;0;0;0;0;0
FR;11;2021-12-06;0;0;0;0;0;0;0;0;0;0;0;0;0;0;0;0;0;0
FR;11;2021-12-07;0;0;0;0;0;0;0;0;0;0;0;0;0;0;0;0;0;0
FR;11;2021-12-08;0;0;0;0;0;0;0;0;0;0;0;0;0;0;0;0;0;0
FR;11;2021-12-09;0;0;0;0;0;0;0;0;0;0;0;0;0;0;0;0;0;0
FR;11;2021-12-10;0;0;0;0;0;0;0;0;0;0;0;0;0;0;0;0;0;0
FR;11;2021-12-11;0;0;0;0;0;0;0;0;0;0;0;0;0;0;0;0;0;0
FR;11;2021-12-12;0;0;0;0;0;0;0;0;0;0;0;0;0;0;0;0;0;0
FR;11;2021-12-13;0;0;0;0;0;0;0;0;0;0;0;0;0;0;0;0;0;0
FR;11;2021-12-14;0;0;0;0;0;0;0;0;0;0;0;0;0;0;0;0;0;0
FR;11;2021-12-15;0;0;0;0;0;0;0;0;0;0;0;0;0;0;0;0;0;0
FR;11;2021-12-16;0;0;0;0;0;0;0;0;0;0;0;0;0;0;0;0;0;0
FR;11;2021-12-17;0;0;0;0;0;0;0;0;0;0;0;0;0;0;0;0;0;0
FR;11;2021-12-18;0;0;0;0;0;0;0;0;0;0;0;0;0;0;0;0;0;0
FR;11;2021-12-19;0;0;0;0;0;0;0;0;0;0;0;0;0;0;0;0;0;0
FR;11;2021-12-20;0;0;0;0;0;0;0;0;0;0;0;0;0;0;0;0;0;0
FR;11;2021-12-21;0;0;0;0;0;0;0;0;0;0;0;0;0;0;0;0;0;0
FR;11;2021-12-22;0;0;0;0;0;0;0;0;0;0;0;0;0;0;0;0;0;0
FR;11;2021-12-23;0;0;0;0;0;0;0;0;0;0;0;0;0;0;0;0;0;0
FR;11;2021-12-24;0;0;0;0;0;0;0;0;0;0;0;0;0;0;0;0;0;0
FR;11;2021-12-25;0;0;0;0;0;0;0;0;0;0;0;0;0;0;0;0;0;0
FR;11;2021-12-26;0;0;0;0;0;0;0;0;0;0;0;0;0;0;0;0;0;0
FR;11;2021-12-27;0;0;0;0;0;0;0;0;0;0;0;0;0;0;0;0;0;0
FR;11;2021-12-28;0;0;0;0;0;0;0;0;0;0;0;0;0;0;0;0;0;0
FR;11;2021-12-29;0;0;0;0;0;0;0;0;0;0;0;0;0;0;0;0;0;0
FR;11;2021-12-30;0;0;0;0;0;0;0;0;0;0;0;0;0;0;0;0;0;0
FR;11;2021-12-31;0;0;0;0;0;0;0;0;0;0;0;0;0;0;0;0;0;0
FR;11;2022-01-01;0;0;0;0;0;0;0;0;0;0;0;0;0;0;0;0;0;0
FR;11;2022-01-02;0;0;0;0;0;0;0;0;0;0;0;0;0;0;0;0;0;0
FR;11;2022-01-03;0;0;0;0;0;0;0;0;0;0;0;0;0;0;0;0;0;0
FR;11;2022-01-04;0;0;0;0;0;0;0;0;0;0;0;0;0;0;0;0;0;0
FR;11;2022-01-05;0;0;0;0;0;0;0;0;0;0;0;0;0;0;0;0;0;0
FR;11;2022-01-06;0;0;0;0;0;0;0;0;0;0;0;0;0;0;0;0;0;0
FR;11;2022-01-07;0;0;0;0;0;0;0;0;0;0;0;0;0;0;0;0;0;0
FR;11;2022-01-08;0;0;0;0;0;0;0;0;0;0;0;0;0;0;0;0;0;0
FR;11;2022-01-09;0;0;0;0;0;0;0;0;0;0;0;0;0;0;0;0;0;0
FR;11;2022-01-10;0;0;0;0;0;0;0;0;0;0;0;0;0;0;0;0;0;0
FR;11;2022-01-11;0;0;0;0;0;0;0;0;0;0;0;0;0;0;0;0;0;0
FR;11;2022-01-12;0;0;0;0;0;0;0;0;0;0;0;0;0;0;0;0;0;0
FR;11;2022-01-13;0;0;0;0;0;0;0;0;0;0;0;0;0;0;0;0;0;0
FR;11;2022-01-14;0;0;0;0;0;0;0;0;0;0;0;0;0;0;0;0;0;0
FR;11;2022-01-15;0;0;0;0;0;0;0;0;0;0;0;0;0;0;0;0;0;0
FR;11;2022-01-16;0;0;0;0;0;0;0;0;0;0;0;0;0;0;0;0;0;0
FR;11;2022-01-17;0;0;0;0;0;0;0;0;0;0;0;0;0;0;0;0;0;0
FR;11;2022-01-18;0;0;0;0;0;0;0;0;0;0;0;0;0;0;0;0;0;0
FR;11;2022-01-19;0;0;0;0;0;0;0;0;0;0;0;0;0;0;0;0;0;0
FR;11;2022-01-20;0;0;0;0;0;0;0;0;0;0;0;0;0;0;0;0;0;0
FR;11;2022-01-21;0;0;0;0;0;0;0;0;0;0;0;0;0;0;0;0;0;0
FR;11;2022-01-22;0;0;0;0;0;0;0;0;0;0;0;0;0;0;0;0;0;0
FR;11;2022-01-23;0;0;0;0;0;0;0;0;0;0;0;0;0;0;0;0;0;0
FR;11;2022-01-24;0;0;0;0;0;0;0;0;0;0;0;0;0;0;0;0;0;0
FR;11;2022-01-25;0;0;0;0;0;0;0;0;0;0;0;0;0;0;0;0;0;0
FR;11;2022-01-26;0;0;0;0;0;0;0;0;0;0;0;0;0;0;0;0;0;0
FR;11;2022-01-27;0;0;0;0;0;0;0;0;0;0;0;0;0;0;0;0;0;0
FR;11;2022-01-28;0;0;0;0;0;0;0;0;0;0;0;0;0;0;0;0;0;0
FR;11;2022-01-29;0;0;0;0;0;0;0;0;0;0;0;0;0;0;0;0;0;0
FR;11;2022-01-30;0;0;0;0;0;0;0;0;0;0;0;0;0;0;0;0;0;0
FR;11;2022-01-31;0;0;0;0;0;0;0;0;0;0;0;0;0;0;0;0;0;0
FR;11;2022-02-01;0;0;0;0;0;0;0;0;0;0;0;0;0;0;0;0;0;0
FR;11;2022-02-02;0;0;0;0;0;0;0;0;0;0;0;0;0;0;0;0;0;0
FR;11;2022-02-03;0;0;0;0;0;0;0;0;0;0;0;0;0;0;0;0;0;0
FR;11;2022-02-04;0;0;0;0;0;0;0;0;0;0;0;0;0;0;0;0;0;0
FR;11;2022-02-05;0;0;0;0;0;0;0;0;0;0;0;0;0;0;0;0;0;0
FR;11;2022-02-06;0;0;0;0;0;0;0;0;0;0;0;0;0;0;0;0;0;0
FR;11;2022-02-07;0;0;0;0;0;0;0;0;0;0;0;0;0;0;0;0;0;0
FR;11;2022-02-08;0;0;0;0;0;0;0;0;0;0;0;0;0;0;0;0;0;0
FR;11;2022-02-09;0;0;0;0;0;0;0;0;0;0;0;0;0;0;0;0;0;0
FR;11;2022-02-10;0;0;0;0;0;0;0;0;0;0;0;0;0;0;0;0;0;0
FR;11;2022-02-11;0;0;0;0;0;0;0;0;0;0;0;0;0;0;0;0;0;0
FR;11;2022-02-12;0;0;0;0;0;0;0;0;0;0;0;0;0;0;0;0;0;0
FR;11;2022-02-13;0;0;0;0;0;0;0;0;0;0;0;0;0;0;0;0;0;0
FR;11;2022-02-14;0;0;0;0;0;0;0;0;0;0;0;0;0;0;0;0;0;0
FR;11;2022-02-15;0;0;0;0;0;0;0;0;0;0;0;0;0;0;0;0;0;0
FR;11;2022-02-16;0;0;0;0;0;0;0;0;0;0;0;0;0;0;0;0;0;0
FR;11;2022-02-17;0;0;0;0;0;0;0;0;0;0;0;0;0;0;0;0;0;0
FR;11;2022-02-18;0;0;0;0;0;0;0;0;0;0;0;0;0;0;0;0;0;0
FR;11;2022-02-19;0;0;0;0;0;0;0;0;0;0;0;0;0;0;0;0;0;0
FR;11;2022-02-20;0;0;0;0;0;0;0;0;0;0;0;0;0;0;0;0;0;0
FR;11;2022-02-21;0;0;0;0;0;0;0;0;0;0;0;0;0;0;0;0;0;0
FR;11;2022-02-22;0;0;0;0;0;0;0;0;0;0;0;0;0;0;0;0;0;0
FR;11;2022-02-23;0;0;0;0;0;0;0;0;0;0;0;0;0;0;0;0;0;0
FR;11;2022-02-24;0;0;0;0;0;0;0;0;0;0;0;0;0;0;0;0;0;0
FR;11;2022-02-25;0;0;0;0;0;0;0;0;0;0;0;0;0;0;0;0;0;0
FR;11;2022-02-26;0;0;0;0;0;0;0;0;0;0;0;0;0;0;0;0;0;0
FR;11;2022-02-27;0;0;0;0;0;0;0;0;0;0;0;0;0;0;0;0;0;0
FR;11;2022-02-28;0;0;0;0;0;0;0;0;0;0;0;0;0;0;0;0;0;0
FR;11;2022-03-01;0;0;0;0;0;0;0;0;0;0;0;0;0;0;0;0;0;0
FR;11;2022-03-02;0;0;0;0;0;0;0;0;0;0;0;0;0;0;0;0;0;0
FR;11;2022-03-03;0;0;0;0;0;0;0;0;0;0;0;0;0;0;0;0;0;0
FR;11;2022-03-04;0;0;0;0;0;0;0;0;0;0;0;0;0;0;0;0;0;0
FR;11;2022-03-05;0;0;0;0;0;0;0;0;0;0;0;0;0;0;0;0;0;0
FR;11;2022-03-06;0;0;0;0;0;0;0;0;0;0;0;0;0;0;0;0;0;0
FR;11;2022-03-07;0;0;0;0;0;0;0;0;0;0;0;0;0;0;0;0;0;0
FR;11;2022-03-08;0;0;0;0;0;0;0;0;0;0;0;0;0;0;0;0;0;0
FR;11;2022-03-09;0;0;0;0;0;0;0;0;0;0;0;0;0;0;0;0;0;0
FR;11;2022-03-10;0;0;0;0;0;0;0;0;0;0;0;0;0;0;0;0;0;0
FR;11;2022-03-11;0;0;0;0;0;0;0;0;0;0;0;0;0;0;0;0;0;0
FR;11;2022-03-12;0;0;0;0;0;0;0;0;0;0;0;0;0;0;0;0;0;0
FR;11;2022-03-13;0;0;0;0;0;0;0;0;0;0;0;0;0;0;0;0;0;0
FR;11;2022-03-14;0;0;0;0;0;0;0;0;0;0;0;0;0;0;0;0;0;0
FR;11;2022-03-15;0;0;0;0;0;0;0;0;0;0;0;0;0;0;0;0;0;0
FR;11;2022-03-16;0;0;0;0;0;0;0;0;0;0;0;0;0;0;0;0;0;0
FR;11;2022-03-17;0;0;0;0;0;0;0;0;0;0;0;0;0;0;0;0;0;0
FR;11;2022-03-18;0;0;0;0;0;0;0;0;0;0;0;0;0;0;0;0;0;0
FR;11;2022-03-19;0;0;0;0;0;0;0;0;0;0;0;0;0;0;0;0;0;0
FR;11;2022-03-20;0;0;0;0;0;0;0;0;0;0;0;0;0;0;0;0;0;0
FR;11;2022-03-21;0;0;0;0;0;0;0;0;0;0;0;0;0;0;0;0;0;0
FR;11;2022-03-22;0;0;0;0;0;0;0;0;0;0;0;0;0;0;0;0;0;0
FR;11;2022-03-23;0;0;0;0;0;0;0;0;0;0;0;0;0;0;0;0;0;0
FR;11;2022-03-24;0;0;0;0;0;0;0;0;0;0;0;0;0;0;0;0;0;0
FR;11;2022-03-25;0;0;0;0;0;0;0;0;0;0;0;0;0;0;0;0;0;0
FR;11;2022-03-26;0;0;0;0;0;0;0;0;0;0;0;0;0;0;0;0;0;0
FR;11;2022-03-27;0;0;0;0;0;0;0;0;0;0;0;0;0;0;0;0;0;0
FR;11;2022-03-28;0;0;0;0;0;0;0;0;0;0;0;0;0;0;0;0;0;0
FR;11;2022-03-29;0;0;0;0;0;0;0;0;0;0;0;0;0;0;0;0;0;0
FR;11;2022-03-30;0;0;0;0;0;0;0;0;0;0;0;0;0;0;0;0;0;0
FR;11;2022-03-31;0;0;0;0;0;0;0;0;0;0;0;0;0;0;0;0;0;0
FR;11;2022-04-01;0;0;0;0;0;0;0;0;0;0;0;0;0;0;0;0;0;0
FR;11;2022-04-02;0;0;0;0;0;0;0;0;0;0;0;0;0;0;0;0;0;0
FR;11;2022-04-03;0;0;0;0;0;0;0;0;0;0;0;0;0;0;0;0;0;0
FR;11;2022-04-04;0;0;0;0;0;0;0;0;0;0;0;0;0;0;0;0;0;0
FR;11;2022-04-05;0;0;0;0;0;0;0;0;0;0;0;0;0;0;0;0;0;0
FR;11;2022-04-06;0;0;0;0;0;0;0;0;0;0;0;0;0;0;0;0;0;0
FR;11;2022-04-07;0;0;0;0;0;0;0;0;0;0;0;0;0;0;0;0;0;0
FR;11;2022-04-08;0;0;0;0;0;0;0;0;0;0;0;0;0;0;0;0;0;0
FR;11;2022-04-09;0;0;0;0;0;0;0;0;0;0;0;0;0;0;0;0;0;0
FR;11;2022-04-10;0;0;0;0;0;0;0;0;0;0;0;0;0;0;0;0;0;0
FR;11;2022-04-11;0;0;0;0;0;0;0;0;0;0;0;0;0;0;0;0;0;0
FR;11;2022-04-12;0;0;0;0;0;0;0;0;0;0;0;0;0;0;0;0;0;0
FR;11;2022-04-13;0;0;0;0;0;0;0;0;0;0;0;0;0;0;0;0;0;0
FR;11;2022-04-14;0;0;0;0;0;0;0;0;0;0;0;0;0;0;0;0;0;0
FR;11;2022-04-15;0;0;0;0;0;0;0;0;0;0;0;0;0;0;0;0;0;0
FR;11;2022-04-16;0;0;0;0;0;0;0;0;0;0;0;0;0;0;0;0;0;0
FR;11;2022-04-17;0;0;0;0;0;0;0;0;0;0;0;0;0;0;0;0;0;0
FR;11;2022-04-18;0;0;0;0;0;0;0;0;0;0;0;0;0;0;0;0;0;0
FR;11;2022-04-19;0;0;0;0;0;0;0;0;0;0;0;0;0;0;0;0;0;0
FR;11;2022-04-20;0;0;0;0;0;0;0;0;0;0;0;0;0;0;0;0;0;0
FR;11;2022-04-21;0;0;0;0;0;0;0;0;0;0;0;0;0;0;0;0;0;0
FR;11;2022-04-22;0;0;0;0;0;0;0;0;0;0;0;0;0;0;0;0;0;0
FR;11;2022-04-23;0;0;0;0;0;0;0;0;0;0;0;0;0;0;0;0;0;0
FR;11;2022-04-24;0;0;0;0;0;0;0;0;0;0;0;0;0;0;0;0;0;0
FR;11;2022-04-25;0;0;0;0;0;0;0;0;0;0;0;0;0;0;0;0;0;0
FR;11;2022-04-26;0;0;0;0;0;0;0;0;0;0;0;0;0;0;0;0;0;0
FR;11;2022-04-27;0;0;0;0;0;0;0;0;0;0;0;0;0;0;0;0;0;0
FR;11;2022-04-28;0;0;0;0;0;0;0;0;0;0;0;0;0;0;0;0;0;0
FR;11;2022-04-29;0;0;0;0;0;0;0;0;0;0;0;0;0;0;0;0;0;0
FR;11;2022-04-30;0;0;0;0;0;0;0;0;0;0;0;0;0;0;0;0;0;0
FR;11;2022-05-01;0;0;0;0;0;0;0;0;0;0;0;0;0;0;0;0;0;0
FR;11;2022-05-02;0;0;0;0;0;0;0;0;0;0;0;0;0;0;0;0;0;0
FR;11;2022-05-03;0;0;0;0;0;0;0;0;0;0;0;0;0;0;0;0;0;0
FR;11;2022-05-04;0;0;0;0;0;0;0;0;0;0;0;0;0;0;0;0;0;0
FR;11;2022-05-05;0;0;0;0;0;0;0;0;0;0;0;0;0;0;0;0;0;0
FR;11;2022-05-06;0;0;0;0;0;0;0;0;0;0;0;0;0;0;0;0;0;0
FR;11;2022-05-07;0;0;0;0;0;0;0;0;0;0;0;0;0;0;0;0;0;0
FR;11;2022-05-08;0;0;0;0;0;0;0;0;0;0;0;0;0;0;0;0;0;0
FR;11;2022-05-09;0;0;0;0;0;0;0;0;0;0;0;0;0;0;0;0;0;0
FR;11;2022-05-10;0;0;0;0;0;0;0;0;0;0;0;0;0;0;0;0;0;0
FR;11;2022-05-11;0;0;0;0;0;0;0;0;0;0;0;0;0;0;0;0;0;0
FR;11;2022-05-12;0;0;0;0;0;0;0;0;0;0;0;0;0;0;0;0;0;0
FR;11;2022-05-13;0;0;0;0;0;0;0;0;0;0;0;0;0;0;0;0;0;0
FR;11;2022-05-14;0;0;0;0;0;0;0;0;0;0;0;0;0;0;0;0;0;0
FR;11;2022-05-15;0;0;0;0;0;0;0;0;0;0;0;0;0;0;0;0;0;0
FR;11;2022-05-16;0;0;0;0;0;0;0;0;0;0;0;0;0;0;0;0;0;0
FR;11;2022-05-17;0;0;0;0;0;0;0;0;0;0;0;0;0;0;0;0;0;0
FR;11;2022-05-18;0;0;0;0;0;0;0;0;0;0;0;0;0;0;0;0;0;0
FR;11;2022-05-19;0;0;0;0;0;0;0;0;0;0;0;0;0;0;0;0;0;0
FR;11;2022-05-20;0;0;0;0;0;0;0;0;0;0;0;0;0;0;0;0;0;0
FR;11;2022-05-21;0;0;0;0;0;0;0;0;0;0;0;0;0;0;0;0;0;0
FR;11;2022-05-22;0;0;0;0;0;0;0;0;0;0;0;0;0;0;0;0;0;0
FR;11;2022-05-23;0;0;0;0;0;0;0;0;0;0;0;0;0;0;0;0;0;0
FR;11;2022-05-24;0;0;0;0;0;0;0;0;0;0;0;0;0;0;0;0;0;0
FR;11;2022-05-25;0;0;0;0;0;0;0;0;0;0;0;0;0;0;0;0;0;0
FR;11;2022-05-26;0;0;0;0;0;0;0;0;0;0;0;0;0;0;0;0;0;0
FR;11;2022-05-27;0;0;0;0;0;0;0;0;0;0;0;0;0;0;0;0;0;0
FR;11;2022-05-28;0;0;0;0;0;0;0;0;0;0;0;0;0;0;0;0;0;0
FR;11;2022-05-29;0;0;0;0;0;0;0;0;0;0;0;0;0;0;0;0;0;0
FR;11;2022-05-30;0;0;0;0;0;0;0;0;0;0;0;0;0;0;0;0;0;0
FR;11;2022-05-31;0;0;0;0;0;0;0;0;0;0;0;0;0;0;0;0;0;0
FR;11;2022-06-01;0;0;0;0;0;0;0;0;0;0;0;0;0;0;0;0;0;0
FR;11;2022-06-02;0;0;0;0;0;0;0;0;0;0;0;0;0;0;0;0;0;0
FR;11;2022-06-03;0;0;0;0;0;0;0;0;0;0;0;0;0;0;0;0;0;0
FR;11;2022-06-04;0;0;0;0;0;0;0;0;0;0;0;0;0;0;0;0;0;0
FR;11;2022-06-05;0;0;0;0;0;0;0;0;0;0;0;0;0;0;0;0;0;0
FR;11;2022-06-06;0;0;0;0;0;0;0;0;0;0;0;0;0;0;0;0;0;0
FR;11;2022-06-07;0;0;0;0;0;0;0;0;0;0;0;0;0;0;0;0;0;0
FR;11;2022-06-08;0;0;0;0;0;0;0;0;0;0;0;0;0;0;0;0;0;0
FR;11;2022-06-09;0;0;0;0;0;0;0;0;0;0;0;0;0;0;0;0;0;0
FR;11;2022-06-10;0;0;0;0;0;0;0;0;0;0;0;0;0;0;0;0;0;0
FR;11;2022-06-11;0;0;0;0;0;0;0;0;0;0;0;0;0;0;0;0;0;0
FR;11;2022-06-12;0;0;0;0;0;0;0;0;0;0;0;0;0;0;0;0;0;0
FR;11;2022-06-13;0;0;0;0;0;0;0;0;0;0;0;0;0;0;0;0;0;0
FR;11;2022-06-14;0;0;0;0;0;0;0;0;0;0;0;0;0;0;0;0;0;0
FR;11;2022-06-15;0;0;0;0;0;0;0;0;0;0;0;0;0;0;0;0;0;0
FR;11;2022-06-16;0;0;0;0;0;0;0;0;0;0;0;0;0;0;0;0;0;0
FR;11;2022-06-17;0;0;0;0;0;0;0;0;0;0;0;0;0;0;0;0;0;0
FR;11;2022-06-18;0;0;0;0;0;0;0;0;0;0;0;0;0;0;0;0;0;0
FR;11;2022-06-19;0;0;0;0;0;0;0;0;0;0;0;0;0;0;0;0;0;0
FR;11;2022-06-20;0;0;0;0;0;0;0;0;0;0;0;0;0;0;0;0;0;0
FR;11;2022-06-21;0;0;0;0;0;0;0;0;0;0;0;0;0;0;0;0;0;0
FR;11;2022-06-22;0;0;0;0;0;0;0;0;0;0;0;0;0;0;0;0;0;0
FR;11;2022-06-23;0;0;0;0;0;0;0;0;0;0;0;0;0;0;0;0;0;0
FR;11;2022-06-24;0;0;0;0;0;0;0;0;0;0;0;0;0;0;0;0;0;0
FR;11;2022-06-25;0;0;0;0;0;0;0;0;0;0;0;0;0;0;0;0;0;0
FR;11;2022-06-26;0;0;0;0;0;0;0;0;0;0;0;0;0;0;0;0;0;0
FR;11;2022-06-27;0;0;0;0;0;0;0;0;0;0;0;0;0;0;0;0;0;0
FR;11;2022-06-28;0;0;0;0;0;0;0;0;0;0;0;0;0;0;0;0;0;0
FR;11;2022-06-29;0;0;0;0;0;0;0;0;0;0;0;0;0;0;0;0;0;0
FR;11;2022-06-30;0;0;0;0;0;0;0;0;0;0;0;0;0;0;0;0;0;0
FR;11;2022-07-01;0;0;0;0;0;0;0;0;0;0;0;0;0;0;0;0;0;0
FR;11;2022-07-02;0;0;0;0;0;0;0;0;0;0;0;0;0;0;0;0;0;0
FR;11;2022-07-03;0;0;0;0;0;0;0;0;0;0;0;0;0;0;0;0;0;0
FR;11;2022-07-04;0;0;0;0;0;0;0;0;0;0;0;0;0;0;0;0;0;0
FR;11;2022-07-05;0;0;0;0;0;0;0;0;0;0;0;0;0;0;0;0;0;0
FR;11;2022-07-06;0;0;0;0;0;0;0;0;0;0;0;0;0;0;0;0;0;0
FR;11;2022-07-07;0;0;0;0;0;0;0;0;0;0;0;0;0;0;0;0;0;0
FR;11;2022-07-08;0;0;0;0;0;0;0;0;0;0;0;0;0;0;0;0;0;0
FR;11;2022-07-09;0;0;0;0;0;0;0;0;0;0;0;0;0;0;0;0;0;0
FR;11;2022-07-10;0;0;0;0;0;0;0;0;0;0;0;0;0;0;0;0;0;0
FR;11;2022-07-11;0;0;0;0;0;0;0;0;0;0;0;0;0;0;0;0;0;0
FR;11;2022-07-12;0;0;0;0;0;0;0;0;0;0;0;0;0;0;0;0;0;0
FR;11;2022-07-13;0;0;0;0;0;0;0;0;0;0;0;0;0;0;0;0;0;0
FR;11;2022-07-14;0;0;0;0;0;0;0;0;0;0;0;0;0;0;0;0;0;0
FR;11;2022-07-15;0;0;0;0;0;0;0;0;0;0;0;0;0;0;0;0;0;0
FR;11;2022-07-16;0;0;0;0;0;0;0;0;0;0;0;0;0;0;0;0;0;0
FR;11;2022-07-17;0;0;0;0;0;0;0;0;0;0;0;0;0;0;0;0;0;0
FR;11;2022-07-18;0;0;0;0;0;0;0;0;0;0;0;0;0;0;0;0;0;0
FR;11;2022-07-19;0;0;0;0;0;0;0;0;0;0;0;0;0;0;0;0;0;0
FR;11;2022-07-20;0;0;0;0;0;0;0;0;0;0;0;0;0;0;0;0;0;0
FR;11;2022-07-21;0;0;0;0;0;0;0;0;0;0;0;0;0;0;0;0;0;0
FR;11;2022-07-22;0;0;0;0;0;0;0;0;0;0;0;0;0;0;0;0;0;0
FR;11;2022-07-23;0;0;0;0;0;0;0;0;0;0;0;0;0;0;0;0;0;0
FR;11;2022-07-24;0;0;0;0;0;0;0;0;0;0;0;0;0;0;0;0;0;0
FR;11;2022-07-25;0;0;0;0;0;0;0;0;0;0;0;0;0;0;0;0;0;0
FR;11;2022-07-26;0;0;0;0;0;0;0;0;0;0;0;0;0;0;0;0;0;0
FR;11;2022-07-27;0;0;0;0;0;0;0;0;0;0;0;0;0;0;0;0;0;0
FR;11;2022-07-28;0;0;0;0;0;0;0;0;0;0;0;0;0;0;0;0;0;0
FR;11;2022-07-29;0;0;0;0;0;0;0;0;0;0;0;0;0;0;0;0;0;0
FR;11;2022-07-30;0;0;0;0;0;0;0;0;0;0;0;0;0;0;0;0;0;0
FR;11;2022-07-31;0;0;0;0;0;0;0;0;0;0;0;0;0;0;0;0;0;0
FR;11;2022-08-01;0;0;0;0;0;0;0;0;0;0;0;0;0;0;0;0;0;0
FR;11;2022-08-02;0;0;0;0;0;0;0;0;0;0;0;0;0;0;0;0;0;0
FR;11;2022-08-03;0;0;0;0;0;0;0;0;0;0;0;0;0;0;0;0;0;0
FR;11;2022-08-04;0;0;0;0;0;0;0;0;0;0;0;0;0;0;0;0;0;0
FR;11;2022-08-05;0;0;0;0;0;0;0;0;0;0;0;0;0;0;0;0;0;0
FR;11;2022-08-06;0;0;0;0;0;0;0;0;0;0;0;0;0;0;0;0;0;0
FR;11;2022-08-07;0;0;0;0;0;0;0;0;0;0;0;0;0;0;0;0;0;0
FR;11;2022-08-08;0;0;0;0;0;0;0;0;0;0;0;0;0;0;0;0;0;0
FR;11;2022-08-09;0;0;0;0;0;0;0;0;0;0;0;0;0;0;0;0;0;0
FR;11;2022-08-10;0;0;0;0;0;0;0;0;0;0;0;0;0;0;0;0;0;0
FR;11;2022-08-11;0;0;0;0;0;0;0;0;0;0;0;0;0;0;0;0;0;0
FR;11;2022-08-12;0;0;0;0;0;0;0;0;0;0;0;0;0;0;0;0;0;0
FR;11;2022-08-13;0;0;0;0;0;0;0;0;0;0;0;0;0;0;0;0;0;0
FR;11;2022-08-14;0;0;0;0;0;0;0;0;0;0;0;0;0;0;0;0;0;0
FR;11;2022-08-15;0;0;0;0;0;0;0;0;0;0;0;0;0;0;0;0;0;0
FR;11;2022-08-16;0;0;0;0;0;0;0;0;0;0;0;0;0;0;0;0;0;0
FR;11;2022-08-17;0;0;0;0;0;0;0;0;0;0;0;0;0;0;0;0;0;0
FR;11;2022-08-18;0;0;0;0;0;0;0;0;0;0;0;0;0;0;0;0;0;0
FR;11;2022-08-19;0;0;0;0;0;0;0;0;0;0;0;0;0;0;0;0;0;0
FR;11;2022-08-20;0;0;0;0;0;0;0;0;0;0;0;0;0;0;0;0;0;0
FR;11;2022-08-21;0;0;0;0;0;0;0;0;0;0;0;0;0;0;0;0;0;0
FR;11;2022-08-22;0;0;0;0;0;0;0;0;0;0;0;0;0;0;0;0;0;0
FR;11;2022-08-23;0;0;0;0;0;0;0;0;0;0;0;0;0;0;0;0;0;0
FR;11;2022-08-24;0;0;0;0;0;0;0;0;0;0;0;0;0;0;0;0;0;0
FR;11;2022-08-25;0;0;0;0;0;0;0;0;0;0;0;0;0;0;0;0;0;0
FR;11;2022-08-26;0;0;0;0;0;0;0;0;0;0;0;0;0;0;0;0;0;0
FR;11;2022-08-27;0;0;0;0;0;0;0;0;0;0;0;0;0;0;0;0;0;0
FR;11;2022-08-28;0;0;0;0;0;0;0;0;0;0;0;0;0;0;0;0;0;0
FR;11;2022-08-29;0;0;0;0;0;0;0;0;0;0;0;0;0;0;0;0;0;0
FR;11;2022-08-30;0;0;0;0;0;0;0;0;0;0;0;0;0;0;0;0;0;0
FR;11;2022-08-31;0;0;0;0;0;0;0;0;0;0;0;0;0;0;0;0;0;0
FR;11;2022-09-01;0;0;0;0;0;0;0;0;0;0;0;0;0;0;0;0;0;0
FR;11;2022-09-02;0;0;0;0;0;0;0;0;0;0;0;0;0;0;0;0;0;0
FR;11;2022-09-03;0;0;0;0;0;0;0;0;0;0;0;0;0;0;0;0;0;0
FR;11;2022-09-04;0;0;0;0;0;0;0;0;0;0;0;0;0;0;0;0;0;0
FR;11;2022-09-05;0;0;0;0;0;0;0;0;0;0;0;0;0;0;0;0;0;0
FR;11;2022-09-06;0;0;0;0;0;0;0;0;0;0;0;0;0;0;0;0;0;0
FR;11;2022-09-07;0;0;0;0;0;0;0;0;0;0;0;0;0;0;0;0;0;0
FR;11;2022-09-08;0;0;0;0;0;0;0;0;0;0;0;0;0;0;0;0;0;0
FR;11;2022-09-09;0;0;0;0;0;0;0;0;0;0;0;0;0;0;0;0;0;0
FR;11;2022-09-10;0;0;0;0;0;0;0;0;0;0;0;0;0;0;0;0;0;0
FR;11;2022-09-11;0;0;0;0;0;0;0;0;0;0;0;0;0;0;0;0;0;0
FR;11;2022-09-12;0;0;0;0;0;0;0;0;0;0;0;0;0;0;0;0;0;0
FR;11;2022-09-13;0;0;0;0;0;0;0;0;0;0;0;0;0;0;0;0;0;0
FR;11;2022-09-14;0;0;0;0;0;0;0;0;0;0;0;0;0;0;0;0;0;0
FR;11;2022-09-15;0;0;0;0;0;0;0;0;0;0;0;0;0;0;0;0;0;0
FR;11;2022-09-16;0;0;0;0;0;0;0;0;0;0;0;0;0;0;0;0;0;0
FR;11;2022-09-17;0;0;0;0;0;0;0;0;0;0;0;0;0;0;0;0;0;0
FR;11;2022-09-18;0;0;0;0;0;0;0;0;0;0;0;0;0;0;0;0;0;0
FR;11;2022-09-19;0;0;0;0;0;0;0;0;0;0;0;0;0;0;0;0;0;0
FR;11;2022-09-20;0;0;0;0;0;0;0;0;0;0;0;0;0;0;0;0;0;0
FR;11;2022-09-21;0;0;0;0;0;0;0;0;0;0;0;0;0;0;0;0;0;0
FR;11;2022-09-22;0;0;0;0;0;0;0;0;0;0;0;0;0;0;0;0;0;0
FR;11;2022-09-23;0;0;0;0;0;0;0;0;0;0;0;0;0;0;0;0;0;0
FR;11;2022-09-24;0;0;0;0;0;0;0;0;0;0;0;0;0;0;0;0;0;0
FR;11;2022-09-25;0;0;0;0;0;0;0;0;0;0;0;0;0;0;0;0;0;0
FR;11;2022-09-26;0;0;0;0;0;0;0;0;0;0;0;0;0;0;0;0;0;0
FR;11;2022-09-27;0;0;0;0;0;0;0;0;0;0;0;0;0;0;0;0;0;0
FR;11;2022-09-28;0;0;0;0;0;0;0;0;0;0;0;0;0;0;0;0;0;0
FR;11;2022-09-29;0;0;0;0;0;0;0;0;0;0;0;0;0;0;0;0;0;0
FR;11;2022-09-30;0;0;0;0;0;0;0;0;0;0;0;0;0;0;0;0;0;0
FR;11;2022-10-01;0;0;0;0;0;0;0;0;0;0;0;0;0;0;0;0;0;0
FR;11;2022-10-02;0;0;0;0;0;0;0;0;0;0;0;0;0;0;0;0;0;0
FR;11;2022-10-03;0;0;0;0;0;0;0;0;0;0;0;0;0;0;0;0;0;0
FR;11;2022-10-04;0;0;0;0;0;0;0;0;0;0;0;0;0;0;0;0;0;0
FR;11;2022-10-05;0;0;0;0;0;0;0;0;0;0;0;0;0;0;0;0;0;0
FR;11;2022-10-06;0;0;0;0;0;0;0;0;0;0;0;0;0;0;0;0;0;0
FR;11;2022-10-07;0;0;0;0;0;0;0;0;0;0;0;0;0;0;0;0;0;0
FR;11;2022-10-08;0;0;0;0;0;0;0;0;0;0;0;0;0;0;0;0;0;0
FR;11;2022-10-09;0;0;0;0;0;0;0;0;0;0;0;0;0;0;0;0;0;0
FR;11;2022-10-10;0;0;0;0;0;0;0;0;0;0;0;0;0;0;0;0;0;0
FR;11;2022-10-11;0;0;0;0;0;0;0;0;0;0;0;0;0;0;0;0;0;0
FR;11;2022-10-12;0;0;0;0;0;0;0;0;0;0;0;0;0;0;0;0;0;0
FR;11;2022-10-13;0;0;0;0;0;0;0;0;0;0;0;0;0;0;0;0;0;0
FR;11;2022-10-14;0;0;0;0;0;0;0;0;0;0;0;0;0;0;0;0;0;0
FR;11;2022-10-15;0;0;0;0;0;0;0;0;0;0;0;0;0;0;0;0;0;0
FR;11;2022-10-16;0;0;0;0;0;0;0;0;0;0;0;0;0;0;0;0;0;0
FR;11;2022-10-17;0;0;0;0;0;0;0;0;0;0;0;0;0;0;0;0;0;0
FR;11;2022-10-18;0;0;0;0;0;0;0;0;0;0;0;0;0;0;0;0;0;0
FR;11;2022-10-19;0;0;0;0;0;0;0;0;0;0;0;0;0;0;0;0;0;0
FR;11;2022-10-20;0;0;0;0;0;0;0;0;0;0;0;0;0;0;0;0;0;0
FR;11;2022-10-21;0;0;0;0;0;0;0;0;0;0;0;0;0;0;0;0;0;0
FR;11;2022-10-22;0;0;0;0;0;0;0;0;0;0;0;0;0;0;0;0;0;0
FR;11;2022-10-23;0;0;0;0;0;0;0;0;0;0;0;0;0;0;0;0;0;0
FR;11;2022-10-24;0;0;0;0;0;0;0;0;0;0;0;0;0;0;0;0;0;0
FR;11;2022-10-25;0;0;0;0;0;0;0;0;0;0;0;0;0;0;0;0;0;0
FR;11;2022-10-26;0;0;0;0;0;0;0;0;0;0;0;0;0;0;0;0;0;0
FR;11;2022-10-27;0;0;0;0;0;0;0;0;0;0;0;0;0;0;0;0;0;0
FR;11;2022-10-28;0;0;0;0;0;0;0;0;0;0;0;0;0;0;0;0;0;0
FR;11;2022-10-29;0;0;0;0;0;0;0;0;0;0;0;0;0;0;0;0;0;0
FR;11;2022-10-30;0;0;0;0;0;0;0;0;0;0;0;0;0;0;0;0;0;0
FR;11;2022-10-31;0;0;0;0;0;0;0;0;0;0;0;0;0;0;0;0;0;0
FR;11;2022-11-01;0;0;0;0;0;0;0;0;0;0;0;0;0;0;0;0;0;0
FR;11;2022-11-02;0;0;0;0;0;0;0;0;0;0;0;0;0;0;0;0;0;0
FR;11;2022-11-03;0;0;0;0;0;0;0;0;0;0;0;0;0;0;0;0;0;0
FR;11;2022-11-04;0;0;0;0;0;0;0;0;0;0;0;0;0;0;0;0;0;0
FR;11;2022-11-05;0;0;0;0;0;0;0;0;0;0;0;0;0;0;0;0;0;0
FR;11;2022-11-06;0;0;0;0;0;0;0;0;0;0;0;0;0;0;0;0;0;0
FR;11;2022-11-07;0;0;0;0;0;0;0;0;0;0;0;0;0;0;0;0;0;0
FR;11;2022-11-08;0;0;0;0;0;0;0;0;0;0;0;0;0;0;0;0;0;0
FR;11;2022-11-09;0;0;0;0;0;0;0;0;0;0;0;0;0;0;0;0;0;0
FR;11;2022-11-10;0;0;0;0;0;0;0;0;0;0;0;0;0;0;0;0;0;0
FR;11;2022-11-11;0;0;0;0;0;0;0;0;0;0;0;0;0;0;0;0;0;0
FR;11;2022-11-12;0;0;0;0;0;0;0;0;0;0;0;0;0;0;0;0;0;0
FR;11;2022-11-13;0;0;0;0;0;0;0;0;0;0;0;0;0;0;0;0;0;0
FR;11;2022-11-14;0;0;0;0;0;0;0;0;0;0;0;0;0;0;0;0;0;0
FR;11;2022-11-15;0;0;0;0;0;0;0;0;0;0;0;0;0;0;0;0;0;0
FR;11;2022-11-16;0;0;0;0;0;0;0;0;0;0;0;0;0;0;0;0;0;0
FR;11;2022-11-17;0;0;0;0;0;0;0;0;0;0;0;0;0;0;0;0;0;0
FR;11;2022-11-18;0;0;0;0;0;0;0;0;0;0;0;0;0;0;0;0;0;0
FR;11;2022-11-19;0;0;0;0;0;0;0;0;0;0;0;0;0;0;0;0;0;0
FR;11;2022-11-20;0;0;0;0;0;0;0;0;0;0;0;0;0;0;0;0;0;0
FR;11;2022-11-21;0;0;0;0;0;0;0;0;0;0;0;0;0;0;0;0;0;0
FR;11;2022-11-22;0;0;0;0;0;0;0;0;0;0;0;0;0;0;0;0;0;0
FR;11;2022-11-23;0;0;0;0;0;0;0;0;0;0;0;0;0;0;0;0;0;0
FR;11;2022-11-24;0;0;0;0;0;0;0;0;0;0;0;0;0;0;0;0;0;0
FR;11;2022-11-25;0;0;0;0;0;0;0;0;0;0;0;0;0;0;0;0;0;0
FR;11;2022-11-26;0;0;0;0;0;0;0;0;0;0;0;0;0;0;0;0;0;0
FR;11;2022-11-27;0;0;0;0;0;0;0;0;0;0;0;0;0;0;0;0;0;0
FR;11;2022-11-28;0;0;0;0;0;0;0;0;0;0;0;0;0;0;0;0;0;0
FR;11;2022-11-29;0;0;0;0;0;0;0;0;0;0;0;0;0;0;0;0;0;0
FR;11;2022-11-30;0;0;0;0;0;0;0;0;0;0;0;0;0;0;0;0;0;0
FR;11;2022-12-01;0;0;0;0;0;0;0;0;0;0;0;0;0;0;0;0;0;0
FR;11;2022-12-02;0;0;0;0;0;0;0;0;0;0;0;0;0;0;0;0;0;0
FR;11;2022-12-03;0;0;0;0;0;0;0;0;0;0;0;0;0;0;0;0;0;0
FR;11;2022-12-04;0;0;0;0;0;0;0;0;0;0;0;0;0;0;0;0;0;0
FR;11;2022-12-05;0;0;0;0;0;0;0;0;0;0;0;0;0;0;0;0;0;0
FR;11;2022-12-06;0;0;0;0;0;0;0;0;0;0;0;0;0;0;0;0;0;0
FR;11;2022-12-07;0;0;0;0;0;0;0;0;0;0;0;0;0;0;0;0;0;0
FR;11;2022-12-08;0;0;0;0;0;0;0;0;0;0;0;0;0;0;0;0;0;0
FR;11;2022-12-09;0;0;0;0;0;0;0;0;0;0;0;0;0;0;0;0;0;0
FR;11;2022-12-10;0;0;0;0;0;0;0;0;0;0;0;0;0;0;0;0;0;0
FR;11;2022-12-11;0;0;0;0;0;0;0;0;0;0;0;0;0;0;0;0;0;0
FR;11;2022-12-12;0;0;0;0;0;0;0;0;0;0;0;0;0;0;0;0;0;0
FR;11;2022-12-13;0;0;0;0;0;0;0;0;0;0;0;0;0;0;0;0;0;0
FR;11;2022-12-14;0;0;0;0;0;0;0;0;0;0;0;0;0;0;0;0;0;0
FR;11;2022-12-15;0;0;0;0;0;0;0;0;0;0;0;0;0;0;0;0;0;0
FR;11;2022-12-16;0;0;0;0;0;0;0;0;0;0;0;0;0;0;0;0;0;0
FR;11;2022-12-17;0;0;0;0;0;0;0;0;0;0;0;0;0;0;0;0;0;0
FR;11;2022-12-18;0;0;0;0;0;0;0;0;0;0;0;0;0;0;0;0;0;0
FR;11;2022-12-19;0;0;0;0;0;0;0;0;0;0;0;0;0;0;0;0;0;0
FR;11;2022-12-20;0;0;0;0;0;0;0;0;0;0;0;0;0;0;0;0;0;0
FR;11;2022-12-21;0;0;0;0;0;0;0;0;0;0;0;0;0;0;0;0;0;0
FR;11;2022-12-22;0;0;0;0;0;0;0;0;0;0;0;0;0;0;0;0;0;0
FR;11;2022-12-23;0;0;0;0;0;0;0;0;0;0;0;0;0;0;0;0;0;0
FR;11;2022-12-24;0;0;0;0;0;0;0;0;0;0;0;0;0;0;0;0;0;0
FR;11;2022-12-25;0;0;0;0;0;0;0;0;0;0;0;0;0;0;0;0;0;0
FR;11;2022-12-26;0;0;0;0;0;0;0;0;0;0;0;0;0;0;0;0;0;0
FR;11;2022-12-27;0;0;0;0;0;0;0;0;0;0;0;0;0;0;0;0;0;0
FR;11;2022-12-28;0;0;0;0;0;0;0;0;0;0;0;0;0;0;0;0;0;0
FR;11;2022-12-29;0;0;0;0;0;0;0;0;0;0;0;0;0;0;0;0;0;0
FR;11;2022-12-30;0;0;0;0;0;0;0;0;0;0;0;0;0;0;0;0;0;0
FR;11;2022-12-31;0;0;0;0;0;0;0;0;0;0;0;0;0;0;0;0;0;0
FR;11;2023-01-01;0;0;0;0;0;0;0;0;0;0;0;0;0;0;0;0;0;0
FR;11;2023-01-02;0;0;0;0;0;0;0;0;0;0;0;0;0;0;0;0;0;0
FR;11;2023-01-03;0;0;0;0;0;0;0;0;0;0;0;0;0;0;0;0;0;0
FR;11;2023-01-04;0;0;0;0;0;0;0;0;0;0;0;0;0;0;0;0;0;0
FR;11;2023-01-05;0;0;0;0;0;0;0;0;0;0;0;0;0;0;0;0;0;0
FR;11;2023-01-06;0;0;0;0;0;0;0;0;0;0;0;0;0;0;0;0;0;0
FR;11;2023-01-07;0;0;0;0;0;0;0;0;0;0;0;0;0;0;0;0;0;0
FR;11;2023-01-08;0;0;0;0;0;0;0;0;0;0;0;0;0;0;0;0;0;0
FR;11;2023-01-09;0;0;0;0;0;0;0;0;0;0;0;0;0;0;0;0;0;0
FR;11;2023-01-10;0;0;0;0;0;0;0;0;0;0;0;0;0;0;0;0;0;0
FR;11;2023-01-11;0;0;0;0;0;0;0;0;0;0;0;0;0;0;0;0;0;0
FR;11;2023-01-12;0;0;0;0;0;0;0;0;0;0;0;0;0;0;0;0;0;0
FR;11;2023-01-13;0;0;0;0;0;0;0;0;0;0;0;0;0;0;0;0;0;0
FR;11;2023-01-14;0;0;0;0;0;0;0;0;0;0;0;0;0;0;0;0;0;0
FR;11;2023-01-15;0;0;0;0;0;0;0;0;0;0;0;0;0;0;0;0;0;0
FR;11;2023-01-16;0;0;0;0;0;0;0;0;0;0;0;0;0;0;0;0;0;0
FR;11;2023-01-17;0;0;0;0;0;0;0;0;0;0;0;0;0;0;0;0;0;0
FR;11;2023-01-18;0;0;0;0;0;0;0;0;0;0;0;0;0;0;0;0;0;0
FR;11;2023-01-19;0;0;0;0;0;0;0;0;0;0;0;0;0;0;0;0;0;0
FR;11;2023-01-20;0;0;0;0;0;0;0;0;0;0;0;0;0;0;0;0;0;0
FR;11;2023-01-21;0;0;0;0;0;0;0;0;0;0;0;0;0;0;0;0;0;0
FR;11;2023-01-22;0;0;0;0;0;0;0;0;0;0;0;0;0;0;0;0;0;0
FR;11;2023-01-23;0;0;0;0;0;0;0;0;0;0;0;0;0;0;0;0;0;0
FR;11;2023-01-24;0;0;0;0;0;0;0;0;0;0;0;0;0;0;0;0;0;0
FR;11;2023-01-25;0;0;0;0;0;0;0;0;0;0;0;0;0;0;0;0;0;0
FR;11;2023-01-26;0;0;0;0;0;0;0;0;0;0;0;0;0;0;0;0;0;0
FR;11;2023-01-27;0;0;0;0;0;0;0;0;0;0;0;0;0;0;0;0;0;0
FR;11;2023-01-28;0;0;0;0;0;0;0;0;0;0;0;0;0;0;0;0;0;0
FR;11;2023-01-29;0;0;0;0;0;0;0;0;0;0;0;0;0;0;0;0;0;0
FR;11;2023-01-30;0;0;0;0;0;0;0;0;0;0;0;0;0;0;0;0;0;0
FR;11;2023-01-31;0;0;0;0;0;0;0;0;0;0;0;0;0;0;0;0;0;0
FR;11;2023-02-01;0;0;0;0;0;0;0;0;0;0;0;0;0;0;0;0;0;0
FR;11;2023-02-02;0;0;0;0;0;0;0;0;0;0;0;0;0;0;0;0;0;0
FR;11;2023-02-03;0;0;0;0;0;0;0;0;0;0;0;0;0;0;0;0;0;0
FR;11;2023-02-04;0;0;0;0;0;0;0;0;0;0;0;0;0;0;0;0;0;0
FR;11;2023-02-05;0;0;0;0;0;0;0;0;0;0;0;0;0;0;0;0;0;0
FR;11;2023-02-06;1;0;0;0;0;0;0;0;0;1;0;0;0;0;0;0;0;0
FR;11;2023-02-07;0;0;0;0;0;0;0;0;0;1;0;0;0;0;0;0;0;0
FR;11;2023-02-08;2;0;0;0;0;0;0;0;0;3;0;0;0;0;0;0;0;0
FR;11;2023-02-09;2;0;0;0;0;0;0;0;0;5;0;0;0;0;0;0;0;0
FR;11;2023-02-10;0;0;0;0;0;0;0;0;0;5;0;0;0;0;0;0;0;0
FR;11;2023-02-11;0;0;0;0;0;0;0;0;0;5;0;0;0;0;0;0;0;0
FR;11;2023-02-12;0;0;0;0;0;0;0;0;0;5;0;0;0;0;0;0;0;0
FR;11;2023-02-13;2;0;0;0;0;0;0;0;0;7;0;0;0;0;0;0;0;0
FR;11;2023-02-14;0;0;0;0;0;0;0;0;0;7;0;0;0;0;0;0;0;0
FR;11;2023-02-15;2;0;0;0;0;0;0;0;0;9;0;0;0;0;0;0;0;0
FR;11;2023-02-16;0;0;0;0;0;0;0;0;0;9;0;0;0;0;0;0;0;0
FR;11;2023-02-17;0;0;0;0;0;0;0;0;0;9;0;0;0;0;0;0;0;0
FR;11;2023-02-18;0;0;0;0;0;0;0;0;0;9;0;0;0;0;0;0;0;0
FR;11;2023-02-19;0;0;0;0;0;0;0;0;0;9;0;0;0;0;0;0;0;0
FR;11;2023-02-20;0;0;0;0;0;0;0;0;0;9;0;0;0;0;0;0;0;0
FR;11;2023-02-21;1;0;0;0;0;0;0;0;0;10;0;0;0;0;0;0;0;0
FR;11;2023-02-22;0;0;0;0;0;0;0;0;0;10;0;0;0;0;0;0;0;0
FR;11;2023-02-23;0;0;0;0;0;0;0;0;0;10;0;0;0;0;0;0;0;0
FR;11;2023-02-24;0;0;0;0;0;0;0;0;0;10;0;0;0;0;0;0;0;0
FR;11;2023-02-25;0;0;0;0;0;0;0;0;0;10;0;0;0;0;0;0;0;0
FR;11;2023-02-26;0;0;2;0;0;2;0;0;0;10;0;2;0;0;2;0;0;0
FR;11;2023-02-27;0;0;0;0;0;0;0;0;0;10;0;2;0;0;2;0;0;0
FR;11;2023-02-28;1;1;0;0;1;0;0;0;0;11;1;2;0;1;2;0;0;0
FR;11;2023-03-01;0;1;0;0;1;0;0;0;0;11;2;2;0;2;2;0;0;0
FR;11;2023-03-02;0;0;0;0;0;0;0;0;0;11;2;2;0;2;2;0;0;0
FR;11;2023-03-03;0;0;0;0;0;0;0;0;0;11;2;2;0;2;2;0;0;0
FR;11;2023-03-04;2;1;0;0;1;0;0;0;0;13;3;2;0;3;2;0;0;0
FR;11;2023-03-05;0;0;0;0;0;0;0;0;0;13;3;2;0;3;2;0;0;0
FR;11;2023-03-06;4;0;1;0;1;1;0;0;0;17;3;3;0;4;3;0;0;0
FR;11;2023-03-07;0;1;0;0;1;0;0;0;0;17;4;3;0;5;3;0;0;0
FR;11;2023-03-08;1;1;0;0;1;0;0;0;0;18;5;3;0;6;3;0;0;0
FR;11;2023-03-09;0;0;0;0;0;0;0;0;0;18;5;3;0;6;3;0;0;0
FR;11;2023-03-10;0;0;0;0;0;0;0;0;0;18;5;3;0;6;3;0;0;0
FR;11;2023-03-11;2;0;0;0;0;0;0;0;0;20;5;3;0;6;3;0;0;0
FR;11;2023-03-12;0;1;0;0;1;0;0;0;0;20;6;3;0;7;3;0;0;0
FR;11;2023-03-13;0;0;0;0;0;0;0;0;0;20;6;3;0;7;3;0;0;0
FR;11;2023-03-14;0;0;0;0;0;0;0;0;0;20;6;3;0;7;3;0;0;0
FR;11;2023-03-15;0;1;0;0;1;0;0;0;0;20;7;3;0;8;3;0;0;0
FR;11;2023-03-16;0;0;0;0;0;0;0;0;0;20;7;3;0;8;3;0;0;0
FR;11;2023-03-17;0;0;0;0;0;0;0;0;0;20;7;3;0;8;3;0;0;0
FR;11;2023-03-18;1;0;0;0;0;0;0;0;0;21;7;3;0;8;3;0;0;0
FR;11;2023-03-19;0;0;0;0;0;0;0;0;0;21;7;3;0;8;3;0;0;0
FR;11;2023-03-20;0;0;0;0;0;0;0;0;0;21;7;3;0;8;3;0;0;0
FR;11;2023-03-21;1;0;0;0;0;0;0;0;0;22;7;3;0;8;3;0;0;0
FR;11;2023-03-22;2;0;0;0;0;0;0;0;0;24;7;3;0;8;3;0;0;0
FR;11;2023-03-23;0;0;0;1;0;0;1;0;0;24;7;3;1;8;3;1;0;0
FR;11;2023-03-24;0;0;0;0;0;0;0;0;0;24;7;3;1;8;3;1;0;0
FR;11;2023-03-25;1;1;0;0;1;0;0;0;0;25;8;3;1;9;3;1;0;0
FR;11;2023-03-26;0;0;0;0;0;0;0;0;0;25;8;3;1;9;3;1;0;0
FR;11;2023-03-27;0;1;0;0;0;1;0;0;0;25;9;3;1;9;4;1;0;0
FR;11;2023-03-28;0;0;0;0;0;0;0;0;0;25;9;3;1;9;4;1;0;0
FR;11;2023-03-29;0;1;0;0;1;0;0;0;0;25;10;3;1;10;4;1;0;0
FR;11;2023-03-30;1;1;0;0;1;0;0;0;0;26;11;3;1;11;4;1;0;0
FR;11;2023-03-31;0;0;0;0;0;0;0;0;0;26;11;3;1;11;4;1;0;0
FR;11;2023-04-01;0;2;0;0;2;0;0;0;0;26;13;3;1;13;4;1;0;0
FR;11;2023-04-02;0;0;0;0;0;0;0;0;0;26;13;3;1;13;4;1;0;0
FR;11;2023-04-03;0;3;0;0;3;0;0;0;0;26;16;3;1;16;4;1;0;0
FR;11;2023-04-04;0;0;0;0;0;0;0;0;0;26;16;3;1;16;4;1;0;0
FR;11;2023-04-05;0;0;0;0;0;0;0;0;0;26;16;3;1;16;4;1;0;0
FR;11;2023-04-06;0;0;0;0;0;0;0;0;0;26;16;3;1;16;4;1;0;0
FR;11;2023-04-07;0;1;0;0;1;0;0;0;0;26;17;3;1;17;4;1;0;0
FR;11;2023-04-08;0;0;0;0;0;0;0;0;0;26;17;3;1;17;4;1;0;0
FR;11;2023-04-09;0;0;0;0;0;0;0;0;0;26;17;3;1;17;4;1;0;0
FR;11;2023-04-10;0;0;0;0;0;0;0;0;0;26;17;3;1;17;4;1;0;0
FR;11;2023-04-11;0;1;0;0;1;0;0;0;0;26;18;3;1;18;4;1;0;0
FR;11;2023-04-12;1;1;0;0;1;0;0;0;0;27;19;3;1;19;4;1;0;0
FR;11;2023-04-13;0;0;0;0;0;0;0;0;0;27;19;3;1;19;4;1;0;0
FR;11;2023-04-14;0;0;0;0;0;0;0;0;0;27;19;3;1;19;4;1;0;0
FR;11;2023-04-15;0;1;0;0;1;0;0;0;0;27;20;3;1;20;4;1;0;0
FR;11;2023-04-16;0;0;0;0;0;0;0;0;0;27;20;3;1;20;4;1;0;0
FR;11;2023-04-17;0;1;0;0;1;0;0;0;0;27;21;3;1;21;4;1;0;0
FR;11;2023-04-18;0;0;0;0;0;0;0;0;0;27;21;3;1;21;4;1;0;0
FR;11;2023-04-19;1;0;0;0;0;0;0;0;0;28;21;3;1;21;4;1;0;0
FR;11;2023-04-20;0;1;0;0;1;0;0;0;0;28;22;3;1;22;4;1;0;0
FR;11;2023-04-21;2;0;0;0;0;0;0;0;0;30;22;3;1;22;4;1;0;0
FR;11;2023-04-22;0;2;0;0;2;0;0;0;0;30;24;3;1;24;4;1;0;0
FR;11;2023-04-23;0;0;0;0;0;0;0;0;0;30;24;3;1;24;4;1;0;0
FR;11;2023-04-24;0;0;1;0;0;1;0;0;0;30;24;4;1;24;5;1;0;0
FR;11;2023-04-25;0;0;0;0;0;0;0;0;0;30;24;4;1;24;5;1;0;0
FR;11;2023-04-26;0;0;0;0;0;0;0;0;0;30;24;4;1;24;5;1;0;0
FR;11;2023-04-27;0;0;0;0;0;0;0;0;0;30;24;4;1;24;5;1;0;0
FR;11;2023-04-28;0;0;0;0;0;0;0;0;0;30;24;4;1;24;5;1;0;0
FR;11;2023-04-29;0;0;0;0;0;0;0;0;0;30;24;4;1;24;5;1;0;0
FR;11;2023-04-30;0;0;0;0;0;0;0;0;0;30;24;4;1;24;5;1;0;0
FR;11;2023-05-01;0;0;0;0;0;0;0;0;0;30;24;4;1;24;5;1;0;0
FR;11;2023-05-02;0;0;0;0;0;0;0;0;0;30;24;4;1;24;5;1;0;0
FR;11;2023-05-03;0;0;2;0;0;2;0;0;0;30;24;6;1;24;7;1;0;0
FR;11;2023-05-04;0;0;0;0;0;0;0;0;0;30;24;6;1;24;7;1;0;0
FR;11;2023-05-05;0;0;0;0;0;0;0;0;0;30;24;6;1;24;7;1;0;0
FR;11;2023-05-06;0;0;0;0;0;0;0;0;0;30;24;6;1;24;7;1;0;0
FR;11;2023-05-07;0;0;0;0;0;0;0;0;0;30;24;6;1;24;7;1;0;0
FR;11;2023-05-08;0;0;0;0;0;0;0;0;0;30;24;6;1;24;7;1;0;0
FR;11;2023-05-09;0;0;0;0;0;0;0;0;0;30;24;6;1;24;7;1;0;0
FR;11;2023-05-10;2;2;0;0;2;0;0;0;0;32;26;6;1;26;7;1;0;0
FR;11;2023-05-11;0;0;0;0;0;0;0;0;0;32;26;6;1;26;7;1;0;0
FR;12;2020-12-27;0;0;0;0;0;0;0;0;0;0;0;0;0;0;0;0;0;0
FR;12;2020-12-28;0;0;0;0;0;0;0;0;0;0;0;0;0;0;0;0;0;0
FR;12;2020-12-29;0;0;0;0;0;0;0;0;0;0;0;0;0;0;0;0;0;0
FR;12;2020-12-30;0;0;0;0;0;0;0;0;0;0;0;0;0;0;0;0;0;0
FR;12;2020-12-31;0;0;0;0;0;0;0;0;0;0;0;0;0;0;0;0;0;0
FR;12;2021-01-01;0;0;0;0;0;0;0;0;0;0;0;0;0;0;0;0;0;0
FR;12;2021-01-02;0;0;0;0;0;0;0;0;0;0;0;0;0;0;0;0;0;0
FR;12;2021-01-03;0;0;0;0;0;0;0;0;0;0;0;0;0;0;0;0;0;0
FR;12;2021-01-04;0;0;0;0;0;0;0;0;0;0;0;0;0;0;0;0;0;0
FR;12;2021-01-05;0;0;0;0;0;0;0;0;0;0;0;0;0;0;0;0;0;0
FR;12;2021-01-06;0;0;0;0;0;0;0;0;0;0;0;0;0;0;0;0;0;0
FR;12;2021-01-07;0;0;0;0;0;0;0;0;0;0;0;0;0;0;0;0;0;0
FR;12;2021-01-08;0;0;0;0;0;0;0;0;0;0;0;0;0;0;0;0;0;0
FR;12;2021-01-09;0;0;0;0;0;0;0;0;0;0;0;0;0;0;0;0;0;0
FR;12;2021-01-10;0;0;0;0;0;0;0;0;0;0;0;0;0;0;0;0;0;0
FR;12;2021-01-11;0;0;0;0;0;0;0;0;0;0;0;0;0;0;0;0;0;0
FR;12;2021-01-12;0;0;0;0;0;0;0;0;0;0;0;0;0;0;0;0;0;0
FR;12;2021-01-13;0;0;0;0;0;0;0;0;0;0;0;0;0;0;0;0;0;0
FR;12;2021-01-14;0;0;0;0;0;0;0;0;0;0;0;0;0;0;0;0;0;0
FR;12;2021-01-15;0;0;0;0;0;0;0;0;0;0;0;0;0;0;0;0;0;0
FR;12;2021-01-16;0;0;0;0;0;0;0;0;0;0;0;0;0;0;0;0;0;0
FR;12;2021-01-17;0;0;0;0;0;0;0;0;0;0;0;0;0;0;0;0;0;0
FR;12;2021-01-18;0;0;0;0;0;0;0;0;0;0;0;0;0;0;0;0;0;0
FR;12;2021-01-19;0;0;0;0;0;0;0;0;0;0;0;0;0;0;0;0;0;0
FR;12;2021-01-20;0;0;0;0;0;0;0;0;0;0;0;0;0;0;0;0;0;0
FR;12;2021-01-21;0;0;0;0;0;0;0;0;0;0;0;0;0;0;0;0;0;0
FR;12;2021-01-22;0;0;0;0;0;0;0;0;0;0;0;0;0;0;0;0;0;0
FR;12;2021-01-23;0;0;0;0;0;0;0;0;0;0;0;0;0;0;0;0;0;0
FR;12;2021-01-24;0;0;0;0;0;0;0;0;0;0;0;0;0;0;0;0;0;0
FR;12;2021-01-25;0;0;0;0;0;0;0;0;0;0;0;0;0;0;0;0;0;0
FR;12;2021-01-26;0;0;0;0;0;0;0;0;0;0;0;0;0;0;0;0;0;0
FR;12;2021-01-27;0;0;0;0;0;0;0;0;0;0;0;0;0;0;0;0;0;0
FR;12;2021-01-28;0;0;0;0;0;0;0;0;0;0;0;0;0;0;0;0;0;0
FR;12;2021-01-29;0;0;0;0;0;0;0;0;0;0;0;0;0;0;0;0;0;0
FR;12;2021-01-30;0;0;0;0;0;0;0;0;0;0;0;0;0;0;0;0;0;0
FR;12;2021-01-31;0;0;0;0;0;0;0;0;0;0;0;0;0;0;0;0;0;0
FR;12;2021-02-01;0;0;0;0;0;0;0;0;0;0;0;0;0;0;0;0;0;0
FR;12;2021-02-02;0;0;0;0;0;0;0;0;0;0;0;0;0;0;0;0;0;0
FR;12;2021-02-03;0;0;0;0;0;0;0;0;0;0;0;0;0;0;0;0;0;0
FR;12;2021-02-04;0;0;0;0;0;0;0;0;0;0;0;0;0;0;0;0;0;0
FR;12;2021-02-05;0;0;0;0;0;0;0;0;0;0;0;0;0;0;0;0;0;0
FR;12;2021-02-06;0;0;0;0;0;0;0;0;0;0;0;0;0;0;0;0;0;0
FR;12;2021-02-07;0;0;0;0;0;0;0;0;0;0;0;0;0;0;0;0;0;0
FR;12;2021-02-08;0;0;0;0;0;0;0;0;0;0;0;0;0;0;0;0;0;0
FR;12;2021-02-09;0;0;0;0;0;0;0;0;0;0;0;0;0;0;0;0;0;0
FR;12;2021-02-10;0;0;0;0;0;0;0;0;0;0;0;0;0;0;0;0;0;0
FR;12;2021-02-11;0;0;0;0;0;0;0;0;0;0;0;0;0;0;0;0;0;0
FR;12;2021-02-12;0;0;0;0;0;0;0;0;0;0;0;0;0;0;0;0;0;0
FR;12;2021-02-13;0;0;0;0;0;0;0;0;0;0;0;0;0;0;0;0;0;0
FR;12;2021-02-14;0;0;0;0;0;0;0;0;0;0;0;0;0;0;0;0;0;0
FR;12;2021-02-15;0;0;0;0;0;0;0;0;0;0;0;0;0;0;0;0;0;0
FR;12;2021-02-16;0;0;0;0;0;0;0;0;0;0;0;0;0;0;0;0;0;0
FR;12;2021-02-17;0;0;0;0;0;0;0;0;0;0;0;0;0;0;0;0;0;0
FR;12;2021-02-18;0;0;0;0;0;0;0;0;0;0;0;0;0;0;0;0;0;0
FR;12;2021-02-19;0;0;0;0;0;0;0;0;0;0;0;0;0;0;0;0;0;0
FR;12;2021-02-20;0;0;0;0;0;0;0;0;0;0;0;0;0;0;0;0;0;0
FR;12;2021-02-21;0;0;0;0;0;0;0;0;0;0;0;0;0;0;0;0;0;0
FR;12;2021-02-22;0;0;0;0;0;0;0;0;0;0;0;0;0;0;0;0;0;0
FR;12;2021-02-23;0;0;0;0;0;0;0;0;0;0;0;0;0;0;0;0;0;0
FR;12;2021-02-24;0;0;0;0;0;0;0;0;0;0;0;0;0;0;0;0;0;0
FR;12;2021-02-25;0;0;0;0;0;0;0;0;0;0;0;0;0;0;0;0;0;0
FR;12;2021-02-26;0;0;0;0;0;0;0;0;0;0;0;0;0;0;0;0;0;0
FR;12;2021-02-27;0;0;0;0;0;0;0;0;0;0;0;0;0;0;0;0;0;0
FR;12;2021-02-28;0;0;0;0;0;0;0;0;0;0;0;0;0;0;0;0;0;0
FR;12;2021-03-01;0;0;0;0;0;0;0;0;0;0;0;0;0;0;0;0;0;0
FR;12;2021-03-02;0;0;0;0;0;0;0;0;0;0;0;0;0;0;0;0;0;0
FR;12;2021-03-03;0;0;0;0;0;0;0;0;0;0;0;0;0;0;0;0;0;0
FR;12;2021-03-04;0;0;0;0;0;0;0;0;0;0;0;0;0;0;0;0;0;0
FR;12;2021-03-05;0;0;0;0;0;0;0;0;0;0;0;0;0;0;0;0;0;0
FR;12;2021-03-06;0;0;0;0;0;0;0;0;0;0;0;0;0;0;0;0;0;0
FR;12;2021-03-07;0;0;0;0;0;0;0;0;0;0;0;0;0;0;0;0;0;0
FR;12;2021-03-08;0;0;0;0;0;0;0;0;0;0;0;0;0;0;0;0;0;0
FR;12;2021-03-09;0;0;0;0;0;0;0;0;0;0;0;0;0;0;0;0;0;0
FR;12;2021-03-10;0;0;0;0;0;0;0;0;0;0;0;0;0;0;0;0;0;0
FR;12;2021-03-11;0;0;0;0;0;0;0;0;0;0;0;0;0;0;0;0;0;0
FR;12;2021-03-12;0;0;0;0;0;0;0;0;0;0;0;0;0;0;0;0;0;0
FR;12;2021-03-13;0;0;0;0;0;0;0;0;0;0;0;0;0;0;0;0;0;0
FR;12;2021-03-14;0;0;0;0;0;0;0;0;0;0;0;0;0;0;0;0;0;0
FR;12;2021-03-15;0;0;0;0;0;0;0;0;0;0;0;0;0;0;0;0;0;0
FR;12;2021-03-16;0;0;0;0;0;0;0;0;0;0;0;0;0;0;0;0;0;0
FR;12;2021-03-17;0;0;0;0;0;0;0;0;0;0;0;0;0;0;0;0;0;0
FR;12;2021-03-18;0;0;0;0;0;0;0;0;0;0;0;0;0;0;0;0;0;0
FR;12;2021-03-19;0;0;0;0;0;0;0;0;0;0;0;0;0;0;0;0;0;0
FR;12;2021-03-20;0;0;0;0;0;0;0;0;0;0;0;0;0;0;0;0;0;0
FR;12;2021-03-21;0;0;0;0;0;0;0;0;0;0;0;0;0;0;0;0;0;0
FR;12;2021-03-22;0;0;0;0;0;0;0;0;0;0;0;0;0;0;0;0;0;0
FR;12;2021-03-23;0;0;0;0;0;0;0;0;0;0;0;0;0;0;0;0;0;0
FR;12;2021-03-24;0;0;0;0;0;0;0;0;0;0;0;0;0;0;0;0;0;0
FR;12;2021-03-25;0;0;0;0;0;0;0;0;0;0;0;0;0;0;0;0;0;0
FR;12;2021-03-26;0;0;0;0;0;0;0;0;0;0;0;0;0;0;0;0;0;0
FR;12;2021-03-27;0;0;0;0;0;0;0;0;0;0;0;0;0;0;0;0;0;0
FR;12;2021-03-28;0;0;0;0;0;0;0;0;0;0;0;0;0;0;0;0;0;0
FR;12;2021-03-29;0;0;0;0;0;0;0;0;0;0;0;0;0;0;0;0;0;0
FR;12;2021-03-30;0;0;0;0;0;0;0;0;0;0;0;0;0;0;0;0;0;0
FR;12;2021-03-31;0;0;0;0;0;0;0;0;0;0;0;0;0;0;0;0;0;0
FR;12;2021-04-01;0;0;0;0;0;0;0;0;0;0;0;0;0;0;0;0;0;0
FR;12;2021-04-02;0;0;0;0;0;0;0;0;0;0;0;0;0;0;0;0;0;0
FR;12;2021-04-03;0;0;0;0;0;0;0;0;0;0;0;0;0;0;0;0;0;0
FR;12;2021-04-04;0;0;0;0;0;0;0;0;0;0;0;0;0;0;0;0;0;0
FR;12;2021-04-05;0;0;0;0;0;0;0;0;0;0;0;0;0;0;0;0;0;0
FR;12;2021-04-06;0;0;0;0;0;0;0;0;0;0;0;0;0;0;0;0;0;0
FR;12;2021-04-07;0;0;0;0;0;0;0;0;0;0;0;0;0;0;0;0;0;0
FR;12;2021-04-08;0;0;0;0;0;0;0;0;0;0;0;0;0;0;0;0;0;0
FR;12;2021-04-09;0;0;0;0;0;0;0;0;0;0;0;0;0;0;0;0;0;0
FR;12;2021-04-10;0;0;0;0;0;0;0;0;0;0;0;0;0;0;0;0;0;0
FR;12;2021-04-11;0;0;0;0;0;0;0;0;0;0;0;0;0;0;0;0;0;0
FR;12;2021-04-12;0;0;0;0;0;0;0;0;0;0;0;0;0;0;0;0;0;0
FR;12;2021-04-13;0;0;0;0;0;0;0;0;0;0;0;0;0;0;0;0;0;0
FR;12;2021-04-14;0;0;0;0;0;0;0;0;0;0;0;0;0;0;0;0;0;0
FR;12;2021-04-15;0;0;0;0;0;0;0;0;0;0;0;0;0;0;0;0;0;0
FR;12;2021-04-16;0;0;0;0;0;0;0;0;0;0;0;0;0;0;0;0;0;0
FR;12;2021-04-17;0;0;0;0;0;0;0;0;0;0;0;0;0;0;0;0;0;0
FR;12;2021-04-18;0;0;0;0;0;0;0;0;0;0;0;0;0;0;0;0;0;0
FR;12;2021-04-19;0;0;0;0;0;0;0;0;0;0;0;0;0;0;0;0;0;0
FR;12;2021-04-20;0;0;0;0;0;0;0;0;0;0;0;0;0;0;0;0;0;0
FR;12;2021-04-21;0;0;0;0;0;0;0;0;0;0;0;0;0;0;0;0;0;0
FR;12;2021-04-22;0;0;0;0;0;0;0;0;0;0;0;0;0;0;0;0;0;0
FR;12;2021-04-23;0;0;0;0;0;0;0;0;0;0;0;0;0;0;0;0;0;0
FR;12;2021-04-24;0;0;0;0;0;0;0;0;0;0;0;0;0;0;0;0;0;0
FR;12;2021-04-25;0;0;0;0;0;0;0;0;0;0;0;0;0;0;0;0;0;0
FR;12;2021-04-26;0;0;0;0;0;0;0;0;0;0;0;0;0;0;0;0;0;0
FR;12;2021-04-27;0;0;0;0;0;0;0;0;0;0;0;0;0;0;0;0;0;0
FR;12;2021-04-28;0;0;0;0;0;0;0;0;0;0;0;0;0;0;0;0;0;0
FR;12;2021-04-29;0;0;0;0;0;0;0;0;0;0;0;0;0;0;0;0;0;0
FR;12;2021-04-30;0;0;0;0;0;0;0;0;0;0;0;0;0;0;0;0;0;0
FR;12;2021-05-01;0;0;0;0;0;0;0;0;0;0;0;0;0;0;0;0;0;0
FR;12;2021-05-02;0;0;0;0;0;0;0;0;0;0;0;0;0;0;0;0;0;0
FR;12;2021-05-03;0;0;0;0;0;0;0;0;0;0;0;0;0;0;0;0;0;0
FR;12;2021-05-04;0;0;0;0;0;0;0;0;0;0;0;0;0;0;0;0;0;0
FR;12;2021-05-05;0;0;0;0;0;0;0;0;0;0;0;0;0;0;0;0;0;0
FR;12;2021-05-06;0;0;0;0;0;0;0;0;0;0;0;0;0;0;0;0;0;0
FR;12;2021-05-07;0;0;0;0;0;0;0;0;0;0;0;0;0;0;0;0;0;0
FR;12;2021-05-08;0;0;0;0;0;0;0;0;0;0;0;0;0;0;0;0;0;0
FR;12;2021-05-09;0;0;0;0;0;0;0;0;0;0;0;0;0;0;0;0;0;0
FR;12;2021-05-10;0;0;0;0;0;0;0;0;0;0;0;0;0;0;0;0;0;0
FR;12;2021-05-11;0;0;0;0;0;0;0;0;0;0;0;0;0;0;0;0;0;0
FR;12;2021-05-12;0;0;0;0;0;0;0;0;0;0;0;0;0;0;0;0;0;0
FR;12;2021-05-13;0;0;0;0;0;0;0;0;0;0;0;0;0;0;0;0;0;0
FR;12;2021-05-14;0;0;0;0;0;0;0;0;0;0;0;0;0;0;0;0;0;0
FR;12;2021-05-15;0;0;0;0;0;0;0;0;0;0;0;0;0;0;0;0;0;0
FR;12;2021-05-16;0;0;0;0;0;0;0;0;0;0;0;0;0;0;0;0;0;0
FR;12;2021-05-17;0;0;0;0;0;0;0;0;0;0;0;0;0;0;0;0;0;0
FR;12;2021-05-18;0;0;0;0;0;0;0;0;0;0;0;0;0;0;0;0;0;0
FR;12;2021-05-19;0;0;0;0;0;0;0;0;0;0;0;0;0;0;0;0;0;0
FR;12;2021-05-20;0;0;0;0;0;0;0;0;0;0;0;0;0;0;0;0;0;0
FR;12;2021-05-21;0;0;0;0;0;0;0;0;0;0;0;0;0;0;0;0;0;0
FR;12;2021-05-22;0;0;0;0;0;0;0;0;0;0;0;0;0;0;0;0;0;0
FR;12;2021-05-23;0;0;0;0;0;0;0;0;0;0;0;0;0;0;0;0;0;0
FR;12;2021-05-24;0;0;0;0;0;0;0;0;0;0;0;0;0;0;0;0;0;0
FR;12;2021-05-25;0;0;0;0;0;0;0;0;0;0;0;0;0;0;0;0;0;0
FR;12;2021-05-26;0;0;0;0;0;0;0;0;0;0;0;0;0;0;0;0;0;0
FR;12;2021-05-27;0;0;0;0;0;0;0;0;0;0;0;0;0;0;0;0;0;0
FR;12;2021-05-28;0;0;0;0;0;0;0;0;0;0;0;0;0;0;0;0;0;0
FR;12;2021-05-29;0;0;0;0;0;0;0;0;0;0;0;0;0;0;0;0;0;0
FR;12;2021-05-30;0;0;0;0;0;0;0;0;0;0;0;0;0;0;0;0;0;0
FR;12;2021-05-31;0;0;0;0;0;0;0;0;0;0;0;0;0;0;0;0;0;0
FR;12;2021-06-01;0;0;0;0;0;0;0;0;0;0;0;0;0;0;0;0;0;0
FR;12;2021-06-02;0;0;0;0;0;0;0;0;0;0;0;0;0;0;0;0;0;0
FR;12;2021-06-03;0;0;0;0;0;0;0;0;0;0;0;0;0;0;0;0;0;0
FR;12;2021-06-04;0;0;0;0;0;0;0;0;0;0;0;0;0;0;0;0;0;0
FR;12;2021-06-05;0;0;0;0;0;0;0;0;0;0;0;0;0;0;0;0;0;0
FR;12;2021-06-06;0;0;0;0;0;0;0;0;0;0;0;0;0;0;0;0;0;0
FR;12;2021-06-07;0;0;0;0;0;0;0;0;0;0;0;0;0;0;0;0;0;0
FR;12;2021-06-08;0;0;0;0;0;0;0;0;0;0;0;0;0;0;0;0;0;0
FR;12;2021-06-09;0;0;0;0;0;0;0;0;0;0;0;0;0;0;0;0;0;0
FR;12;2021-06-10;0;0;0;0;0;0;0;0;0;0;0;0;0;0;0;0;0;0
FR;12;2021-06-11;0;0;0;0;0;0;0;0;0;0;0;0;0;0;0;0;0;0
FR;12;2021-06-12;0;0;0;0;0;0;0;0;0;0;0;0;0;0;0;0;0;0
FR;12;2021-06-13;0;0;0;0;0;0;0;0;0;0;0;0;0;0;0;0;0;0
FR;12;2021-06-14;0;0;0;0;0;0;0;0;0;0;0;0;0;0;0;0;0;0
FR;12;2021-06-15;0;0;0;0;0;0;0;0;0;0;0;0;0;0;0;0;0;0
FR;12;2021-06-16;0;0;0;0;0;0;0;0;0;0;0;0;0;0;0;0;0;0
FR;12;2021-06-17;0;0;0;0;0;0;0;0;0;0;0;0;0;0;0;0;0;0
FR;12;2021-06-18;0;0;0;0;0;0;0;0;0;0;0;0;0;0;0;0;0;0
FR;12;2021-06-19;0;0;0;0;0;0;0;0;0;0;0;0;0;0;0;0;0;0
FR;12;2021-06-20;0;0;0;0;0;0;0;0;0;0;0;0;0;0;0;0;0;0
FR;12;2021-06-21;0;0;0;0;0;0;0;0;0;0;0;0;0;0;0;0;0;0
FR;12;2021-06-22;0;0;0;0;0;0;0;0;0;0;0;0;0;0;0;0;0;0
FR;12;2021-06-23;0;0;0;0;0;0;0;0;0;0;0;0;0;0;0;0;0;0
FR;12;2021-06-24;0;0;0;0;0;0;0;0;0;0;0;0;0;0;0;0;0;0
FR;12;2021-06-25;0;0;0;0;0;0;0;0;0;0;0;0;0;0;0;0;0;0
FR;12;2021-06-26;0;0;0;0;0;0;0;0;0;0;0;0;0;0;0;0;0;0
FR;12;2021-06-27;0;0;0;0;0;0;0;0;0;0;0;0;0;0;0;0;0;0
FR;12;2021-06-28;0;0;0;0;0;0;0;0;0;0;0;0;0;0;0;0;0;0
FR;12;2021-06-29;0;0;0;0;0;0;0;0;0;0;0;0;0;0;0;0;0;0
FR;12;2021-06-30;0;0;0;0;0;0;0;0;0;0;0;0;0;0;0;0;0;0
FR;12;2021-07-01;0;0;0;0;0;0;0;0;0;0;0;0;0;0;0;0;0;0
FR;12;2021-07-02;0;0;0;0;0;0;0;0;0;0;0;0;0;0;0;0;0;0
FR;12;2021-07-03;0;0;0;0;0;0;0;0;0;0;0;0;0;0;0;0;0;0
FR;12;2021-07-04;0;0;0;0;0;0;0;0;0;0;0;0;0;0;0;0;0;0
FR;12;2021-07-05;0;0;0;0;0;0;0;0;0;0;0;0;0;0;0;0;0;0
FR;12;2021-07-06;0;0;0;0;0;0;0;0;0;0;0;0;0;0;0;0;0;0
FR;12;2021-07-07;0;0;0;0;0;0;0;0;0;0;0;0;0;0;0;0;0;0
FR;12;2021-07-08;0;0;0;0;0;0;0;0;0;0;0;0;0;0;0;0;0;0
FR;12;2021-07-09;0;0;0;0;0;0;0;0;0;0;0;0;0;0;0;0;0;0
FR;12;2021-07-10;0;0;0;0;0;0;0;0;0;0;0;0;0;0;0;0;0;0
FR;12;2021-07-11;0;0;0;0;0;0;0;0;0;0;0;0;0;0;0;0;0;0
FR;12;2021-07-12;0;0;0;0;0;0;0;0;0;0;0;0;0;0;0;0;0;0
FR;12;2021-07-13;0;0;0;0;0;0;0;0;0;0;0;0;0;0;0;0;0;0
FR;12;2021-07-14;0;0;0;0;0;0;0;0;0;0;0;0;0;0;0;0;0;0
FR;12;2021-07-15;0;0;0;0;0;0;0;0;0;0;0;0;0;0;0;0;0;0
FR;12;2021-07-16;0;0;0;0;0;0;0;0;0;0;0;0;0;0;0;0;0;0
FR;12;2021-07-17;0;0;0;0;0;0;0;0;0;0;0;0;0;0;0;0;0;0
FR;12;2021-07-18;0;0;0;0;0;0;0;0;0;0;0;0;0;0;0;0;0;0
FR;12;2021-07-19;0;0;0;0;0;0;0;0;0;0;0;0;0;0;0;0;0;0
FR;12;2021-07-20;0;0;0;0;0;0;0;0;0;0;0;0;0;0;0;0;0;0
FR;12;2021-07-21;0;0;0;0;0;0;0;0;0;0;0;0;0;0;0;0;0;0
FR;12;2021-07-22;0;0;0;0;0;0;0;0;0;0;0;0;0;0;0;0;0;0
FR;12;2021-07-23;0;0;0;0;0;0;0;0;0;0;0;0;0;0;0;0;0;0
FR;12;2021-07-24;0;0;0;0;0;0;0;0;0;0;0;0;0;0;0;0;0;0
FR;12;2021-07-25;0;0;0;0;0;0;0;0;0;0;0;0;0;0;0;0;0;0
FR;12;2021-07-26;0;0;0;0;0;0;0;0;0;0;0;0;0;0;0;0;0;0
FR;12;2021-07-27;0;0;0;0;0;0;0;0;0;0;0;0;0;0;0;0;0;0
FR;12;2021-07-28;0;0;0;0;0;0;0;0;0;0;0;0;0;0;0;0;0;0
FR;12;2021-07-29;0;0;0;0;0;0;0;0;0;0;0;0;0;0;0;0;0;0
FR;12;2021-07-30;0;0;0;0;0;0;0;0;0;0;0;0;0;0;0;0;0;0
FR;12;2021-07-31;0;0;0;0;0;0;0;0;0;0;0;0;0;0;0;0;0;0
FR;12;2021-08-01;0;0;0;0;0;0;0;0;0;0;0;0;0;0;0;0;0;0
FR;12;2021-08-02;0;0;0;0;0;0;0;0;0;0;0;0;0;0;0;0;0;0
FR;12;2021-08-03;0;0;0;0;0;0;0;0;0;0;0;0;0;0;0;0;0;0
FR;12;2021-08-04;0;0;0;0;0;0;0;0;0;0;0;0;0;0;0;0;0;0
FR;12;2021-08-05;0;0;0;0;0;0;0;0;0;0;0;0;0;0;0;0;0;0
FR;12;2021-08-06;0;0;0;0;0;0;0;0;0;0;0;0;0;0;0;0;0;0
FR;12;2021-08-07;0;0;0;0;0;0;0;0;0;0;0;0;0;0;0;0;0;0
FR;12;2021-08-08;0;0;0;0;0;0;0;0;0;0;0;0;0;0;0;0;0;0
FR;12;2021-08-09;0;0;0;0;0;0;0;0;0;0;0;0;0;0;0;0;0;0
FR;12;2021-08-10;0;0;0;0;0;0;0;0;0;0;0;0;0;0;0;0;0;0
FR;12;2021-08-11;0;0;0;0;0;0;0;0;0;0;0;0;0;0;0;0;0;0
FR;12;2021-08-12;0;0;0;0;0;0;0;0;0;0;0;0;0;0;0;0;0;0
FR;12;2021-08-13;0;0;0;0;0;0;0;0;0;0;0;0;0;0;0;0;0;0
FR;12;2021-08-14;0;0;0;0;0;0;0;0;0;0;0;0;0;0;0;0;0;0
FR;12;2021-08-15;0;0;0;0;0;0;0;0;0;0;0;0;0;0;0;0;0;0
FR;12;2021-08-16;0;0;0;0;0;0;0;0;0;0;0;0;0;0;0;0;0;0
FR;12;2021-08-17;0;0;0;0;0;0;0;0;0;0;0;0;0;0;0;0;0;0
FR;12;2021-08-18;0;0;0;0;0;0;0;0;0;0;0;0;0;0;0;0;0;0
FR;12;2021-08-19;0;0;0;0;0;0;0;0;0;0;0;0;0;0;0;0;0;0
FR;12;2021-08-20;0;0;0;0;0;0;0;0;0;0;0;0;0;0;0;0;0;0
FR;12;2021-08-21;0;0;0;0;0;0;0;0;0;0;0;0;0;0;0;0;0;0
FR;12;2021-08-22;0;0;0;0;0;0;0;0;0;0;0;0;0;0;0;0;0;0
FR;12;2021-08-23;0;0;0;0;0;0;0;0;0;0;0;0;0;0;0;0;0;0
FR;12;2021-08-24;0;0;0;0;0;0;0;0;0;0;0;0;0;0;0;0;0;0
FR;12;2021-08-25;0;0;0;0;0;0;0;0;0;0;0;0;0;0;0;0;0;0
FR;12;2021-08-26;0;0;0;0;0;0;0;0;0;0;0;0;0;0;0;0;0;0
FR;12;2021-08-27;0;0;0;0;0;0;0;0;0;0;0;0;0;0;0;0;0;0
FR;12;2021-08-28;0;0;0;0;0;0;0;0;0;0;0;0;0;0;0;0;0;0
FR;12;2021-08-29;0;0;0;0;0;0;0;0;0;0;0;0;0;0;0;0;0;0
FR;12;2021-08-30;0;0;0;0;0;0;0;0;0;0;0;0;0;0;0;0;0;0
FR;12;2021-08-31;0;0;0;0;0;0;0;0;0;0;0;0;0;0;0;0;0;0
FR;12;2021-09-01;0;0;0;0;0;0;0;0;0;0;0;0;0;0;0;0;0;0
FR;12;2021-09-02;0;0;0;0;0;0;0;0;0;0;0;0;0;0;0;0;0;0
FR;12;2021-09-03;0;0;0;0;0;0;0;0;0;0;0;0;0;0;0;0;0;0
FR;12;2021-09-04;0;0;0;0;0;0;0;0;0;0;0;0;0;0;0;0;0;0
FR;12;2021-09-05;0;0;0;0;0;0;0;0;0;0;0;0;0;0;0;0;0;0
FR;12;2021-09-06;0;0;0;0;0;0;0;0;0;0;0;0;0;0;0;0;0;0
FR;12;2021-09-07;0;0;0;0;0;0;0;0;0;0;0;0;0;0;0;0;0;0
FR;12;2021-09-08;0;0;0;0;0;0;0;0;0;0;0;0;0;0;0;0;0;0
FR;12;2021-09-09;0;0;0;0;0;0;0;0;0;0;0;0;0;0;0;0;0;0
FR;12;2021-09-10;0;0;0;0;0;0;0;0;0;0;0;0;0;0;0;0;0;0
FR;12;2021-09-11;0;0;0;0;0;0;0;0;0;0;0;0;0;0;0;0;0;0
FR;12;2021-09-12;0;0;0;0;0;0;0;0;0;0;0;0;0;0;0;0;0;0
FR;12;2021-09-13;0;0;0;0;0;0;0;0;0;0;0;0;0;0;0;0;0;0
FR;12;2021-09-14;0;0;0;0;0;0;0;0;0;0;0;0;0;0;0;0;0;0
FR;12;2021-09-15;0;0;0;0;0;0;0;0;0;0;0;0;0;0;0;0;0;0
FR;12;2021-09-16;0;0;0;0;0;0;0;0;0;0;0;0;0;0;0;0;0;0
FR;12;2021-09-17;0;0;0;0;0;0;0;0;0;0;0;0;0;0;0;0;0;0
FR;12;2021-09-18;0;0;0;0;0;0;0;0;0;0;0;0;0;0;0;0;0;0
FR;12;2021-09-19;0;0;0;0;0;0;0;0;0;0;0;0;0;0;0;0;0;0
FR;12;2021-09-20;0;0;0;0;0;0;0;0;0;0;0;0;0;0;0;0;0;0
FR;12;2021-09-21;0;0;0;0;0;0;0;0;0;0;0;0;0;0;0;0;0;0
FR;12;2021-09-22;0;0;0;0;0;0;0;0;0;0;0;0;0;0;0;0;0;0
FR;12;2021-09-23;0;0;0;0;0;0;0;0;0;0;0;0;0;0;0;0;0;0
FR;12;2021-09-24;0;0;0;0;0;0;0;0;0;0;0;0;0;0;0;0;0;0
FR;12;2021-09-25;0;0;0;0;0;0;0;0;0;0;0;0;0;0;0;0;0;0
FR;12;2021-09-26;0;0;0;0;0;0;0;0;0;0;0;0;0;0;0;0;0;0
FR;12;2021-09-27;0;0;0;0;0;0;0;0;0;0;0;0;0;0;0;0;0;0
FR;12;2021-09-28;0;0;0;0;0;0;0;0;0;0;0;0;0;0;0;0;0;0
FR;12;2021-09-29;0;0;0;0;0;0;0;0;0;0;0;0;0;0;0;0;0;0
FR;12;2021-09-30;0;0;0;0;0;0;0;0;0;0;0;0;0;0;0;0;0;0
FR;12;2021-10-01;0;0;0;0;0;0;0;0;0;0;0;0;0;0;0;0;0;0
FR;12;2021-10-02;0;0;0;0;0;0;0;0;0;0;0;0;0;0;0;0;0;0
FR;12;2021-10-03;0;0;0;0;0;0;0;0;0;0;0;0;0;0;0;0;0;0
FR;12;2021-10-04;0;0;0;0;0;0;0;0;0;0;0;0;0;0;0;0;0;0
FR;12;2021-10-05;0;0;0;0;0;0;0;0;0;0;0;0;0;0;0;0;0;0
FR;12;2021-10-06;0;0;0;0;0;0;0;0;0;0;0;0;0;0;0;0;0;0
FR;12;2021-10-07;0;0;0;0;0;0;0;0;0;0;0;0;0;0;0;0;0;0
FR;12;2021-10-08;0;0;0;0;0;0;0;0;0;0;0;0;0;0;0;0;0;0
FR;12;2021-10-09;0;0;0;0;0;0;0;0;0;0;0;0;0;0;0;0;0;0
FR;12;2021-10-10;0;0;0;0;0;0;0;0;0;0;0;0;0;0;0;0;0;0
FR;12;2021-10-11;0;0;0;0;0;0;0;0;0;0;0;0;0;0;0;0;0;0
FR;12;2021-10-12;0;0;0;0;0;0;0;0;0;0;0;0;0;0;0;0;0;0
FR;12;2021-10-13;0;0;0;0;0;0;0;0;0;0;0;0;0;0;0;0;0;0
FR;12;2021-10-14;0;0;0;0;0;0;0;0;0;0;0;0;0;0;0;0;0;0
FR;12;2021-10-15;0;0;0;0;0;0;0;0;0;0;0;0;0;0;0;0;0;0
FR;12;2021-10-16;0;0;0;0;0;0;0;0;0;0;0;0;0;0;0;0;0;0
FR;12;2021-10-17;0;0;0;0;0;0;0;0;0;0;0;0;0;0;0;0;0;0
FR;12;2021-10-18;0;0;0;0;0;0;0;0;0;0;0;0;0;0;0;0;0;0
FR;12;2021-10-19;0;0;0;0;0;0;0;0;0;0;0;0;0;0;0;0;0;0
FR;12;2021-10-20;0;0;0;0;0;0;0;0;0;0;0;0;0;0;0;0;0;0
FR;12;2021-10-21;0;0;0;0;0;0;0;0;0;0;0;0;0;0;0;0;0;0
FR;12;2021-10-22;0;0;0;0;0;0;0;0;0;0;0;0;0;0;0;0;0;0
FR;12;2021-10-23;0;0;0;0;0;0;0;0;0;0;0;0;0;0;0;0;0;0
FR;12;2021-10-24;0;0;0;0;0;0;0;0;0;0;0;0;0;0;0;0;0;0
FR;12;2021-10-25;0;0;0;0;0;0;0;0;0;0;0;0;0;0;0;0;0;0
FR;12;2021-10-26;0;0;0;0;0;0;0;0;0;0;0;0;0;0;0;0;0;0
FR;12;2021-10-27;0;0;0;0;0;0;0;0;0;0;0;0;0;0;0;0;0;0
FR;12;2021-10-28;0;0;0;0;0;0;0;0;0;0;0;0;0;0;0;0;0;0
FR;12;2021-10-29;0;0;0;0;0;0;0;0;0;0;0;0;0;0;0;0;0;0
FR;12;2021-10-30;0;0;0;0;0;0;0;0;0;0;0;0;0;0;0;0;0;0
FR;12;2021-10-31;0;0;0;0;0;0;0;0;0;0;0;0;0;0;0;0;0;0
FR;12;2021-11-01;0;0;0;0;0;0;0;0;0;0;0;0;0;0;0;0;0;0
FR;12;2021-11-02;0;0;0;0;0;0;0;0;0;0;0;0;0;0;0;0;0;0
FR;12;2021-11-03;0;0;0;0;0;0;0;0;0;0;0;0;0;0;0;0;0;0
FR;12;2021-11-04;0;0;0;0;0;0;0;0;0;0;0;0;0;0;0;0;0;0
FR;12;2021-11-05;0;0;0;0;0;0;0;0;0;0;0;0;0;0;0;0;0;0
FR;12;2021-11-06;0;0;0;0;0;0;0;0;0;0;0;0;0;0;0;0;0;0
FR;12;2021-11-07;0;0;0;0;0;0;0;0;0;0;0;0;0;0;0;0;0;0
FR;12;2021-11-08;0;0;0;0;0;0;0;0;0;0;0;0;0;0;0;0;0;0
FR;12;2021-11-09;0;0;0;0;0;0;0;0;0;0;0;0;0;0;0;0;0;0
FR;12;2021-11-10;0;0;0;0;0;0;0;0;0;0;0;0;0;0;0;0;0;0
FR;12;2021-11-11;0;0;0;0;0;0;0;0;0;0;0;0;0;0;0;0;0;0
FR;12;2021-11-12;0;0;0;0;0;0;0;0;0;0;0;0;0;0;0;0;0;0
FR;12;2021-11-13;0;0;0;0;0;0;0;0;0;0;0;0;0;0;0;0;0;0
FR;12;2021-11-14;0;0;0;0;0;0;0;0;0;0;0;0;0;0;0;0;0;0
FR;12;2021-11-15;0;0;0;0;0;0;0;0;0;0;0;0;0;0;0;0;0;0
FR;12;2021-11-16;0;0;0;0;0;0;0;0;0;0;0;0;0;0;0;0;0;0
FR;12;2021-11-17;0;0;0;0;0;0;0;0;0;0;0;0;0;0;0;0;0;0
FR;12;2021-11-18;0;0;0;0;0;0;0;0;0;0;0;0;0;0;0;0;0;0
FR;12;2021-11-19;0;0;0;0;0;0;0;0;0;0;0;0;0;0;0;0;0;0
FR;12;2021-11-20;0;0;0;0;0;0;0;0;0;0;0;0;0;0;0;0;0;0
FR;12;2021-11-21;0;0;0;0;0;0;0;0;0;0;0;0;0;0;0;0;0;0
FR;12;2021-11-22;0;0;0;0;0;0;0;0;0;0;0;0;0;0;0;0;0;0
FR;12;2021-11-23;0;0;0;0;0;0;0;0;0;0;0;0;0;0;0;0;0;0
FR;12;2021-11-24;0;0;0;0;0;0;0;0;0;0;0;0;0;0;0;0;0;0
FR;12;2021-11-25;0;0;0;0;0;0;0;0;0;0;0;0;0;0;0;0;0;0
FR;12;2021-11-26;0;0;0;0;0;0;0;0;0;0;0;0;0;0;0;0;0;0
FR;12;2021-11-27;0;0;0;0;0;0;0;0;0;0;0;0;0;0;0;0;0;0
FR;12;2021-11-28;0;0;0;0;0;0;0;0;0;0;0;0;0;0;0;0;0;0
FR;12;2021-11-29;0;0;0;0;0;0;0;0;0;0;0;0;0;0;0;0;0;0
FR;12;2021-11-30;0;0;0;0;0;0;0;0;0;0;0;0;0;0;0;0;0;0
FR;12;2021-12-01;0;0;0;0;0;0;0;0;0;0;0;0;0;0;0;0;0;0
FR;12;2021-12-02;0;0;0;0;0;0;0;0;0;0;0;0;0;0;0;0;0;0
FR;12;2021-12-03;0;0;0;0;0;0;0;0;0;0;0;0;0;0;0;0;0;0
FR;12;2021-12-04;0;0;0;0;0;0;0;0;0;0;0;0;0;0;0;0;0;0
FR;12;2021-12-05;0;0;0;0;0;0;0;0;0;0;0;0;0;0;0;0;0;0
FR;12;2021-12-06;0;0;0;0;0;0;0;0;0;0;0;0;0;0;0;0;0;0
FR;12;2021-12-07;0;0;0;0;0;0;0;0;0;0;0;0;0;0;0;0;0;0
FR;12;2021-12-08;0;0;0;0;0;0;0;0;0;0;0;0;0;0;0;0;0;0
FR;12;2021-12-09;0;0;0;0;0;0;0;0;0;0;0;0;0;0;0;0;0;0
FR;12;2021-12-10;0;0;0;0;0;0;0;0;0;0;0;0;0;0;0;0;0;0
FR;12;2021-12-11;0;0;0;0;0;0;0;0;0;0;0;0;0;0;0;0;0;0
FR;12;2021-12-12;0;0;0;0;0;0;0;0;0;0;0;0;0;0;0;0;0;0
FR;12;2021-12-13;0;0;0;0;0;0;0;0;0;0;0;0;0;0;0;0;0;0
FR;12;2021-12-14;0;0;0;0;0;0;0;0;0;0;0;0;0;0;0;0;0;0
FR;12;2021-12-15;0;0;0;0;0;0;0;0;0;0;0;0;0;0;0;0;0;0
FR;12;2021-12-16;0;0;0;0;0;0;0;0;0;0;0;0;0;0;0;0;0;0
FR;12;2021-12-17;0;0;0;0;0;0;0;0;0;0;0;0;0;0;0;0;0;0
FR;12;2021-12-18;0;0;0;0;0;0;0;0;0;0;0;0;0;0;0;0;0;0
FR;12;2021-12-19;0;0;0;0;0;0;0;0;0;0;0;0;0;0;0;0;0;0
FR;12;2021-12-20;0;0;0;0;0;0;0;0;0;0;0;0;0;0;0;0;0;0
FR;12;2021-12-21;0;0;0;0;0;0;0;0;0;0;0;0;0;0;0;0;0;0
FR;12;2021-12-22;0;0;0;0;0;0;0;0;0;0;0;0;0;0;0;0;0;0
FR;12;2021-12-23;0;0;0;0;0;0;0;0;0;0;0;0;0;0;0;0;0;0
FR;12;2021-12-24;0;0;0;0;0;0;0;0;0;0;0;0;0;0;0;0;0;0
FR;12;2021-12-25;0;0;0;0;0;0;0;0;0;0;0;0;0;0;0;0;0;0
FR;12;2021-12-26;0;0;0;0;0;0;0;0;0;0;0;0;0;0;0;0;0;0
FR;12;2021-12-27;0;0;0;0;0;0;0;0;0;0;0;0;0;0;0;0;0;0
FR;12;2021-12-28;0;0;0;0;0;0;0;0;0;0;0;0;0;0;0;0;0;0
FR;12;2021-12-29;0;0;0;0;0;0;0;0;0;0;0;0;0;0;0;0;0;0
FR;12;2021-12-30;0;0;0;0;0;0;0;0;0;0;0;0;0;0;0;0;0;0
FR;12;2021-12-31;0;0;0;0;0;0;0;0;0;0;0;0;0;0;0;0;0;0
FR;12;2022-01-01;0;0;0;0;0;0;0;0;0;0;0;0;0;0;0;0;0;0
FR;12;2022-01-02;0;0;0;0;0;0;0;0;0;0;0;0;0;0;0;0;0;0
FR;12;2022-01-03;0;0;0;0;0;0;0;0;0;0;0;0;0;0;0;0;0;0
FR;12;2022-01-04;0;0;0;0;0;0;0;0;0;0;0;0;0;0;0;0;0;0
FR;12;2022-01-05;0;0;0;0;0;0;0;0;0;0;0;0;0;0;0;0;0;0
FR;12;2022-01-06;0;0;0;0;0;0;0;0;0;0;0;0;0;0;0;0;0;0
FR;12;2022-01-07;0;0;0;0;0;0;0;0;0;0;0;0;0;0;0;0;0;0
FR;12;2022-01-08;0;0;0;0;0;0;0;0;0;0;0;0;0;0;0;0;0;0
FR;12;2022-01-09;0;0;0;0;0;0;0;0;0;0;0;0;0;0;0;0;0;0
FR;12;2022-01-10;0;0;0;0;0;0;0;0;0;0;0;0;0;0;0;0;0;0
FR;12;2022-01-11;0;0;0;0;0;0;0;0;0;0;0;0;0;0;0;0;0;0
FR;12;2022-01-12;0;0;0;0;0;0;0;0;0;0;0;0;0;0;0;0;0;0
FR;12;2022-01-13;0;0;0;0;0;0;0;0;0;0;0;0;0;0;0;0;0;0
FR;12;2022-01-14;0;0;0;0;0;0;0;0;0;0;0;0;0;0;0;0;0;0
FR;12;2022-01-15;0;0;0;0;0;0;0;0;0;0;0;0;0;0;0;0;0;0
FR;12;2022-01-16;0;0;0;0;0;0;0;0;0;0;0;0;0;0;0;0;0;0
FR;12;2022-01-17;0;0;0;0;0;0;0;0;0;0;0;0;0;0;0;0;0;0
FR;12;2022-01-18;0;0;0;0;0;0;0;0;0;0;0;0;0;0;0;0;0;0
FR;12;2022-01-19;0;0;0;0;0;0;0;0;0;0;0;0;0;0;0;0;0;0
FR;12;2022-01-20;0;0;0;0;0;0;0;0;0;0;0;0;0;0;0;0;0;0
FR;12;2022-01-21;0;0;0;0;0;0;0;0;0;0;0;0;0;0;0;0;0;0
FR;12;2022-01-22;0;0;0;0;0;0;0;0;0;0;0;0;0;0;0;0;0;0
FR;12;2022-01-23;0;0;0;0;0;0;0;0;0;0;0;0;0;0;0;0;0;0
FR;12;2022-01-24;0;0;0;0;0;0;0;0;0;0;0;0;0;0;0;0;0;0
FR;12;2022-01-25;0;0;0;0;0;0;0;0;0;0;0;0;0;0;0;0;0;0
FR;12;2022-01-26;0;0;0;0;0;0;0;0;0;0;0;0;0;0;0;0;0;0
FR;12;2022-01-27;0;0;0;0;0;0;0;0;0;0;0;0;0;0;0;0;0;0
FR;12;2022-01-28;0;0;0;0;0;0;0;0;0;0;0;0;0;0;0;0;0;0
FR;12;2022-01-29;0;0;0;0;0;0;0;0;0;0;0;0;0;0;0;0;0;0
FR;12;2022-01-30;0;0;0;0;0;0;0;0;0;0;0;0;0;0;0;0;0;0
FR;12;2022-01-31;0;0;0;0;0;0;0;0;0;0;0;0;0;0;0;0;0;0
FR;12;2022-02-01;0;0;0;0;0;0;0;0;0;0;0;0;0;0;0;0;0;0
FR;12;2022-02-02;0;0;0;0;0;0;0;0;0;0;0;0;0;0;0;0;0;0
FR;12;2022-02-03;0;0;0;0;0;0;0;0;0;0;0;0;0;0;0;0;0;0
FR;12;2022-02-04;0;0;0;0;0;0;0;0;0;0;0;0;0;0;0;0;0;0
FR;12;2022-02-05;0;0;0;0;0;0;0;0;0;0;0;0;0;0;0;0;0;0
FR;12;2022-02-06;0;0;0;0;0;0;0;0;0;0;0;0;0;0;0;0;0;0
FR;12;2022-02-07;0;0;0;0;0;0;0;0;0;0;0;0;0;0;0;0;0;0
FR;12;2022-02-08;0;0;0;0;0;0;0;0;0;0;0;0;0;0;0;0;0;0
FR;12;2022-02-09;0;0;0;0;0;0;0;0;0;0;0;0;0;0;0;0;0;0
FR;12;2022-02-10;0;0;0;0;0;0;0;0;0;0;0;0;0;0;0;0;0;0
FR;12;2022-02-11;0;0;0;0;0;0;0;0;0;0;0;0;0;0;0;0;0;0
FR;12;2022-02-12;0;0;0;0;0;0;0;0;0;0;0;0;0;0;0;0;0;0
FR;12;2022-02-13;0;0;0;0;0;0;0;0;0;0;0;0;0;0;0;0;0;0
FR;12;2022-02-14;0;0;0;0;0;0;0;0;0;0;0;0;0;0;0;0;0;0
FR;12;2022-02-15;0;0;0;0;0;0;0;0;0;0;0;0;0;0;0;0;0;0
FR;12;2022-02-16;0;0;0;0;0;0;0;0;0;0;0;0;0;0;0;0;0;0
FR;12;2022-02-17;0;0;0;0;0;0;0;0;0;0;0;0;0;0;0;0;0;0
FR;12;2022-02-18;0;0;0;0;0;0;0;0;0;0;0;0;0;0;0;0;0;0
FR;12;2022-02-19;0;0;0;0;0;0;0;0;0;0;0;0;0;0;0;0;0;0
FR;12;2022-02-20;0;0;0;0;0;0;0;0;0;0;0;0;0;0;0;0;0;0
FR;12;2022-02-21;0;0;0;0;0;0;0;0;0;0;0;0;0;0;0;0;0;0
FR;12;2022-02-22;0;0;0;0;0;0;0;0;0;0;0;0;0;0;0;0;0;0
FR;12;2022-02-23;0;0;0;0;0;0;0;0;0;0;0;0;0;0;0;0;0;0
FR;12;2022-02-24;0;0;0;0;0;0;0;0;0;0;0;0;0;0;0;0;0;0
FR;12;2022-02-25;0;0;0;0;0;0;0;0;0;0;0;0;0;0;0;0;0;0
FR;12;2022-02-26;0;0;0;0;0;0;0;0;0;0;0;0;0;0;0;0;0;0
FR;12;2022-02-27;0;0;0;0;0;0;0;0;0;0;0;0;0;0;0;0;0;0
FR;12;2022-02-28;0;0;0;0;0;0;0;0;0;0;0;0;0;0;0;0;0;0
FR;12;2022-03-01;0;0;0;0;0;0;0;0;0;0;0;0;0;0;0;0;0;0
FR;12;2022-03-02;0;0;0;0;0;0;0;0;0;0;0;0;0;0;0;0;0;0
FR;12;2022-03-03;0;0;0;0;0;0;0;0;0;0;0;0;0;0;0;0;0;0
FR;12;2022-03-04;0;0;0;0;0;0;0;0;0;0;0;0;0;0;0;0;0;0
FR;12;2022-03-05;0;0;0;0;0;0;0;0;0;0;0;0;0;0;0;0;0;0
FR;12;2022-03-06;0;0;0;0;0;0;0;0;0;0;0;0;0;0;0;0;0;0
FR;12;2022-03-07;0;0;0;0;0;0;0;0;0;0;0;0;0;0;0;0;0;0
FR;12;2022-03-08;0;0;0;0;0;0;0;0;0;0;0;0;0;0;0;0;0;0
FR;12;2022-03-09;0;0;0;0;0;0;0;0;0;0;0;0;0;0;0;0;0;0
FR;12;2022-03-10;0;0;0;0;0;0;0;0;0;0;0;0;0;0;0;0;0;0
FR;12;2022-03-11;0;0;0;0;0;0;0;0;0;0;0;0;0;0;0;0;0;0
FR;12;2022-03-12;0;0;0;0;0;0;0;0;0;0;0;0;0;0;0;0;0;0
FR;12;2022-03-13;0;0;0;0;0;0;0;0;0;0;0;0;0;0;0;0;0;0
FR;12;2022-03-14;0;0;0;0;0;0;0;0;0;0;0;0;0;0;0;0;0;0
FR;12;2022-03-15;0;0;0;0;0;0;0;0;0;0;0;0;0;0;0;0;0;0
FR;12;2022-03-16;0;0;0;0;0;0;0;0;0;0;0;0;0;0;0;0;0;0
FR;12;2022-03-17;0;0;0;0;0;0;0;0;0;0;0;0;0;0;0;0;0;0
FR;12;2022-03-18;0;0;0;0;0;0;0;0;0;0;0;0;0;0;0;0;0;0
FR;12;2022-03-19;0;0;0;0;0;0;0;0;0;0;0;0;0;0;0;0;0;0
FR;12;2022-03-20;0;0;0;0;0;0;0;0;0;0;0;0;0;0;0;0;0;0
FR;12;2022-03-21;0;0;0;0;0;0;0;0;0;0;0;0;0;0;0;0;0;0
FR;12;2022-03-22;0;0;0;0;0;0;0;0;0;0;0;0;0;0;0;0;0;0
FR;12;2022-03-23;0;0;0;0;0;0;0;0;0;0;0;0;0;0;0;0;0;0
FR;12;2022-03-24;0;0;0;0;0;0;0;0;0;0;0;0;0;0;0;0;0;0
FR;12;2022-03-25;0;0;0;0;0;0;0;0;0;0;0;0;0;0;0;0;0;0
FR;12;2022-03-26;0;0;0;0;0;0;0;0;0;0;0;0;0;0;0;0;0;0
FR;12;2022-03-27;0;0;0;0;0;0;0;0;0;0;0;0;0;0;0;0;0;0
FR;12;2022-03-28;0;0;0;0;0;0;0;0;0;0;0;0;0;0;0;0;0;0
FR;12;2022-03-29;0;0;0;0;0;0;0;0;0;0;0;0;0;0;0;0;0;0
FR;12;2022-03-30;0;0;0;0;0;0;0;0;0;0;0;0;0;0;0;0;0;0
FR;12;2022-03-31;0;0;0;0;0;0;0;0;0;0;0;0;0;0;0;0;0;0
FR;12;2022-04-01;0;0;0;0;0;0;0;0;0;0;0;0;0;0;0;0;0;0
FR;12;2022-04-02;0;0;0;0;0;0;0;0;0;0;0;0;0;0;0;0;0;0
FR;12;2022-04-03;0;0;0;0;0;0;0;0;0;0;0;0;0;0;0;0;0;0
FR;12;2022-04-04;0;0;0;0;0;0;0;0;0;0;0;0;0;0;0;0;0;0
FR;12;2022-04-05;0;0;0;0;0;0;0;0;0;0;0;0;0;0;0;0;0;0
FR;12;2022-04-06;0;0;0;0;0;0;0;0;0;0;0;0;0;0;0;0;0;0
FR;12;2022-04-07;0;0;0;0;0;0;0;0;0;0;0;0;0;0;0;0;0;0
FR;12;2022-04-08;0;0;0;0;0;0;0;0;0;0;0;0;0;0;0;0;0;0
FR;12;2022-04-09;0;0;0;0;0;0;0;0;0;0;0;0;0;0;0;0;0;0
FR;12;2022-04-10;0;0;0;0;0;0;0;0;0;0;0;0;0;0;0;0;0;0
FR;12;2022-04-11;0;0;0;0;0;0;0;0;0;0;0;0;0;0;0;0;0;0
FR;12;2022-04-12;0;0;0;0;0;0;0;0;0;0;0;0;0;0;0;0;0;0
FR;12;2022-04-13;0;0;0;0;0;0;0;0;0;0;0;0;0;0;0;0;0;0
FR;12;2022-04-14;0;0;0;0;0;0;0;0;0;0;0;0;0;0;0;0;0;0
FR;12;2022-04-15;0;0;0;0;0;0;0;0;0;0;0;0;0;0;0;0;0;0
FR;12;2022-04-16;0;0;0;0;0;0;0;0;0;0;0;0;0;0;0;0;0;0
FR;12;2022-04-17;0;0;0;0;0;0;0;0;0;0;0;0;0;0;0;0;0;0
FR;12;2022-04-18;0;0;0;0;0;0;0;0;0;0;0;0;0;0;0;0;0;0
FR;12;2022-04-19;0;0;0;0;0;0;0;0;0;0;0;0;0;0;0;0;0;0
FR;12;2022-04-20;0;0;0;0;0;0;0;0;0;0;0;0;0;0;0;0;0;0
FR;12;2022-04-21;0;0;0;0;0;0;0;0;0;0;0;0;0;0;0;0;0;0
FR;12;2022-04-22;0;0;0;0;0;0;0;0;0;0;0;0;0;0;0;0;0;0
FR;12;2022-04-23;0;0;0;0;0;0;0;0;0;0;0;0;0;0;0;0;0;0
FR;12;2022-04-24;0;0;0;0;0;0;0;0;0;0;0;0;0;0;0;0;0;0
FR;12;2022-04-25;0;0;0;0;0;0;0;0;0;0;0;0;0;0;0;0;0;0
FR;12;2022-04-26;0;0;0;0;0;0;0;0;0;0;0;0;0;0;0;0;0;0
FR;12;2022-04-27;0;0;0;0;0;0;0;0;0;0;0;0;0;0;0;0;0;0
FR;12;2022-04-28;0;0;0;0;0;0;0;0;0;0;0;0;0;0;0;0;0;0
FR;12;2022-04-29;0;0;0;0;0;0;0;0;0;0;0;0;0;0;0;0;0;0
FR;12;2022-04-30;0;0;0;0;0;0;0;0;0;0;0;0;0;0;0;0;0;0
FR;12;2022-05-01;0;0;0;0;0;0;0;0;0;0;0;0;0;0;0;0;0;0
FR;12;2022-05-02;0;0;0;0;0;0;0;0;0;0;0;0;0;0;0;0;0;0
FR;12;2022-05-03;0;0;0;0;0;0;0;0;0;0;0;0;0;0;0;0;0;0
FR;12;2022-05-04;0;0;0;0;0;0;0;0;0;0;0;0;0;0;0;0;0;0
FR;12;2022-05-05;0;0;0;0;0;0;0;0;0;0;0;0;0;0;0;0;0;0
FR;12;2022-05-06;0;0;0;0;0;0;0;0;0;0;0;0;0;0;0;0;0;0
FR;12;2022-05-07;0;0;0;0;0;0;0;0;0;0;0;0;0;0;0;0;0;0
FR;12;2022-05-08;0;0;0;0;0;0;0;0;0;0;0;0;0;0;0;0;0;0
FR;12;2022-05-09;0;0;0;0;0;0;0;0;0;0;0;0;0;0;0;0;0;0
FR;12;2022-05-10;0;0;0;0;0;0;0;0;0;0;0;0;0;0;0;0;0;0
FR;12;2022-05-11;0;0;0;0;0;0;0;0;0;0;0;0;0;0;0;0;0;0
FR;12;2022-05-12;0;0;0;0;0;0;0;0;0;0;0;0;0;0;0;0;0;0
FR;12;2022-05-13;0;0;0;0;0;0;0;0;0;0;0;0;0;0;0;0;0;0
FR;12;2022-05-14;0;0;0;0;0;0;0;0;0;0;0;0;0;0;0;0;0;0
FR;12;2022-05-15;0;0;0;0;0;0;0;0;0;0;0;0;0;0;0;0;0;0
FR;12;2022-05-16;0;0;0;0;0;0;0;0;0;0;0;0;0;0;0;0;0;0
FR;12;2022-05-17;0;0;0;0;0;0;0;0;0;0;0;0;0;0;0;0;0;0
FR;12;2022-05-18;0;0;0;0;0;0;0;0;0;0;0;0;0;0;0;0;0;0
FR;12;2022-05-19;0;0;0;0;0;0;0;0;0;0;0;0;0;0;0;0;0;0
FR;12;2022-05-20;0;0;0;0;0;0;0;0;0;0;0;0;0;0;0;0;0;0
FR;12;2022-05-21;0;0;0;0;0;0;0;0;0;0;0;0;0;0;0;0;0;0
FR;12;2022-05-22;0;0;0;0;0;0;0;0;0;0;0;0;0;0;0;0;0;0
FR;12;2022-05-23;0;0;0;0;0;0;0;0;0;0;0;0;0;0;0;0;0;0
FR;12;2022-05-24;0;0;0;0;0;0;0;0;0;0;0;0;0;0;0;0;0;0
FR;12;2022-05-25;0;0;0;0;0;0;0;0;0;0;0;0;0;0;0;0;0;0
FR;12;2022-05-26;0;0;0;0;0;0;0;0;0;0;0;0;0;0;0;0;0;0
FR;12;2022-05-27;0;0;0;0;0;0;0;0;0;0;0;0;0;0;0;0;0;0
FR;12;2022-05-28;0;0;0;0;0;0;0;0;0;0;0;0;0;0;0;0;0;0
FR;12;2022-05-29;0;0;0;0;0;0;0;0;0;0;0;0;0;0;0;0;0;0
FR;12;2022-05-30;0;0;0;0;0;0;0;0;0;0;0;0;0;0;0;0;0;0
FR;12;2022-05-31;0;0;0;0;0;0;0;0;0;0;0;0;0;0;0;0;0;0
FR;12;2022-06-01;0;0;0;0;0;0;0;0;0;0;0;0;0;0;0;0;0;0
FR;12;2022-06-02;0;0;0;0;0;0;0;0;0;0;0;0;0;0;0;0;0;0
FR;12;2022-06-03;0;0;0;0;0;0;0;0;0;0;0;0;0;0;0;0;0;0
FR;12;2022-06-04;0;0;0;0;0;0;0;0;0;0;0;0;0;0;0;0;0;0
FR;12;2022-06-05;0;0;0;0;0;0;0;0;0;0;0;0;0;0;0;0;0;0
FR;12;2022-06-06;0;0;0;0;0;0;0;0;0;0;0;0;0;0;0;0;0;0
FR;12;2022-06-07;0;0;0;0;0;0;0;0;0;0;0;0;0;0;0;0;0;0
FR;12;2022-06-08;0;0;0;0;0;0;0;0;0;0;0;0;0;0;0;0;0;0
FR;12;2022-06-09;0;0;0;0;0;0;0;0;0;0;0;0;0;0;0;0;0;0
FR;12;2022-06-10;0;0;0;0;0;0;0;0;0;0;0;0;0;0;0;0;0;0
FR;12;2022-06-11;0;0;0;0;0;0;0;0;0;0;0;0;0;0;0;0;0;0
FR;12;2022-06-12;0;0;0;0;0;0;0;0;0;0;0;0;0;0;0;0;0;0
FR;12;2022-06-13;0;0;0;0;0;0;0;0;0;0;0;0;0;0;0;0;0;0
FR;12;2022-06-14;0;0;0;0;0;0;0;0;0;0;0;0;0;0;0;0;0;0
FR;12;2022-06-15;0;0;0;0;0;0;0;0;0;0;0;0;0;0;0;0;0;0
FR;12;2022-06-16;0;0;0;0;0;0;0;0;0;0;0;0;0;0;0;0;0;0
FR;12;2022-06-17;0;0;0;0;0;0;0;0;0;0;0;0;0;0;0;0;0;0
FR;12;2022-06-18;0;0;0;0;0;0;0;0;0;0;0;0;0;0;0;0;0;0
FR;12;2022-06-19;0;0;0;0;0;0;0;0;0;0;0;0;0;0;0;0;0;0
FR;12;2022-06-20;0;0;0;0;0;0;0;0;0;0;0;0;0;0;0;0;0;0
FR;12;2022-06-21;0;0;0;0;0;0;0;0;0;0;0;0;0;0;0;0;0;0
FR;12;2022-06-22;0;0;0;0;0;0;0;0;0;0;0;0;0;0;0;0;0;0
FR;12;2022-06-23;0;0;0;0;0;0;0;0;0;0;0;0;0;0;0;0;0;0
FR;12;2022-06-24;0;0;0;0;0;0;0;0;0;0;0;0;0;0;0;0;0;0
FR;12;2022-06-25;0;0;0;0;0;0;0;0;0;0;0;0;0;0;0;0;0;0
FR;12;2022-06-26;0;0;0;0;0;0;0;0;0;0;0;0;0;0;0;0;0;0
FR;12;2022-06-27;0;0;0;0;0;0;0;0;0;0;0;0;0;0;0;0;0;0
FR;12;2022-06-28;0;0;0;0;0;0;0;0;0;0;0;0;0;0;0;0;0;0
FR;12;2022-06-29;0;0;0;0;0;0;0;0;0;0;0;0;0;0;0;0;0;0
FR;12;2022-06-30;0;0;0;0;0;0;0;0;0;0;0;0;0;0;0;0;0;0
FR;12;2022-07-01;0;0;0;0;0;0;0;0;0;0;0;0;0;0;0;0;0;0
FR;12;2022-07-02;0;0;0;0;0;0;0;0;0;0;0;0;0;0;0;0;0;0
FR;12;2022-07-03;0;0;0;0;0;0;0;0;0;0;0;0;0;0;0;0;0;0
FR;12;2022-07-04;0;0;0;0;0;0;0;0;0;0;0;0;0;0;0;0;0;0
FR;12;2022-07-05;0;0;0;0;0;0;0;0;0;0;0;0;0;0;0;0;0;0
FR;12;2022-07-06;0;0;0;0;0;0;0;0;0;0;0;0;0;0;0;0;0;0
FR;12;2022-07-07;0;0;0;0;0;0;0;0;0;0;0;0;0;0;0;0;0;0
FR;12;2022-07-08;0;0;0;0;0;0;0;0;0;0;0;0;0;0;0;0;0;0
FR;12;2022-07-09;0;0;0;0;0;0;0;0;0;0;0;0;0;0;0;0;0;0
FR;12;2022-07-10;0;0;0;0;0;0;0;0;0;0;0;0;0;0;0;0;0;0
FR;12;2022-07-11;0;0;0;0;0;0;0;0;0;0;0;0;0;0;0;0;0;0
FR;12;2022-07-12;0;0;0;0;0;0;0;0;0;0;0;0;0;0;0;0;0;0
FR;12;2022-07-13;0;0;0;0;0;0;0;0;0;0;0;0;0;0;0;0;0;0
FR;12;2022-07-14;0;0;0;0;0;0;0;0;0;0;0;0;0;0;0;0;0;0
FR;12;2022-07-15;0;0;0;0;0;0;0;0;0;0;0;0;0;0;0;0;0;0
FR;12;2022-07-16;0;0;0;0;0;0;0;0;0;0;0;0;0;0;0;0;0;0
FR;12;2022-07-17;0;0;0;0;0;0;0;0;0;0;0;0;0;0;0;0;0;0
FR;12;2022-07-18;0;0;0;0;0;0;0;0;0;0;0;0;0;0;0;0;0;0
FR;12;2022-07-19;0;0;0;0;0;0;0;0;0;0;0;0;0;0;0;0;0;0
FR;12;2022-07-20;0;0;0;0;0;0;0;0;0;0;0;0;0;0;0;0;0;0
FR;12;2022-07-21;0;0;0;0;0;0;0;0;0;0;0;0;0;0;0;0;0;0
FR;12;2022-07-22;0;0;0;0;0;0;0;0;0;0;0;0;0;0;0;0;0;0
FR;12;2022-07-23;0;0;0;0;0;0;0;0;0;0;0;0;0;0;0;0;0;0
FR;12;2022-07-24;0;0;0;0;0;0;0;0;0;0;0;0;0;0;0;0;0;0
FR;12;2022-07-25;0;0;0;0;0;0;0;0;0;0;0;0;0;0;0;0;0;0
FR;12;2022-07-26;0;0;0;0;0;0;0;0;0;0;0;0;0;0;0;0;0;0
FR;12;2022-07-27;0;0;0;0;0;0;0;0;0;0;0;0;0;0;0;0;0;0
FR;12;2022-07-28;0;0;0;0;0;0;0;0;0;0;0;0;0;0;0;0;0;0
FR;12;2022-07-29;0;0;0;0;0;0;0;0;0;0;0;0;0;0;0;0;0;0
FR;12;2022-07-30;0;0;0;0;0;0;0;0;0;0;0;0;0;0;0;0;0;0
FR;12;2022-07-31;0;0;0;0;0;0;0;0;0;0;0;0;0;0;0;0;0;0
FR;12;2022-08-01;0;0;0;0;0;0;0;0;0;0;0;0;0;0;0;0;0;0
FR;12;2022-08-02;0;0;0;0;0;0;0;0;0;0;0;0;0;0;0;0;0;0
FR;12;2022-08-03;0;0;0;0;0;0;0;0;0;0;0;0;0;0;0;0;0;0
FR;12;2022-08-04;0;0;0;0;0;0;0;0;0;0;0;0;0;0;0;0;0;0
FR;12;2022-08-05;0;0;0;0;0;0;0;0;0;0;0;0;0;0;0;0;0;0
FR;12;2022-08-06;0;0;0;0;0;0;0;0;0;0;0;0;0;0;0;0;0;0
FR;12;2022-08-07;0;0;0;0;0;0;0;0;0;0;0;0;0;0;0;0;0;0
FR;12;2022-08-08;0;0;0;0;0;0;0;0;0;0;0;0;0;0;0;0;0;0
FR;12;2022-08-09;0;0;0;0;0;0;0;0;0;0;0;0;0;0;0;0;0;0
FR;12;2022-08-10;0;0;0;0;0;0;0;0;0;0;0;0;0;0;0;0;0;0
FR;12;2022-08-11;0;0;0;0;0;0;0;0;0;0;0;0;0;0;0;0;0;0
FR;12;2022-08-12;0;0;0;0;0;0;0;0;0;0;0;0;0;0;0;0;0;0
FR;12;2022-08-13;0;0;0;0;0;0;0;0;0;0;0;0;0;0;0;0;0;0
FR;12;2022-08-14;0;0;0;0;0;0;0;0;0;0;0;0;0;0;0;0;0;0
FR;12;2022-08-15;0;0;0;0;0;0;0;0;0;0;0;0;0;0;0;0;0;0
FR;12;2022-08-16;0;0;0;0;0;0;0;0;0;0;0;0;0;0;0;0;0;0
FR;12;2022-08-17;0;0;0;0;0;0;0;0;0;0;0;0;0;0;0;0;0;0
FR;12;2022-08-18;0;0;0;0;0;0;0;0;0;0;0;0;0;0;0;0;0;0
FR;12;2022-08-19;0;0;0;0;0;0;0;0;0;0;0;0;0;0;0;0;0;0
FR;12;2022-08-20;0;0;0;0;0;0;0;0;0;0;0;0;0;0;0;0;0;0
FR;12;2022-08-21;0;0;0;0;0;0;0;0;0;0;0;0;0;0;0;0;0;0
FR;12;2022-08-22;0;0;0;0;0;0;0;0;0;0;0;0;0;0;0;0;0;0
FR;12;2022-08-23;0;0;0;0;0;0;0;0;0;0;0;0;0;0;0;0;0;0
FR;12;2022-08-24;0;0;0;0;0;0;0;0;0;0;0;0;0;0;0;0;0;0
FR;12;2022-08-25;0;0;0;0;0;0;0;0;0;0;0;0;0;0;0;0;0;0
FR;12;2022-08-26;0;0;0;0;0;0;0;0;0;0;0;0;0;0;0;0;0;0
FR;12;2022-08-27;0;0;0;0;0;0;0;0;0;0;0;0;0;0;0;0;0;0
FR;12;2022-08-28;0;0;0;0;0;0;0;0;0;0;0;0;0;0;0;0;0;0
FR;12;2022-08-29;0;0;0;0;0;0;0;0;0;0;0;0;0;0;0;0;0;0
FR;12;2022-08-30;0;0;0;0;0;0;0;0;0;0;0;0;0;0;0;0;0;0
FR;12;2022-08-31;0;0;0;0;0;0;0;0;0;0;0;0;0;0;0;0;0;0
FR;12;2022-09-01;0;0;0;0;0;0;0;0;0;0;0;0;0;0;0;0;0;0
FR;12;2022-09-02;0;0;0;0;0;0;0;0;0;0;0;0;0;0;0;0;0;0
FR;12;2022-09-03;0;0;0;0;0;0;0;0;0;0;0;0;0;0;0;0;0;0
FR;12;2022-09-04;0;0;0;0;0;0;0;0;0;0;0;0;0;0;0;0;0;0
FR;12;2022-09-05;0;0;0;0;0;0;0;0;0;0;0;0;0;0;0;0;0;0
FR;12;2022-09-06;0;0;0;0;0;0;0;0;0;0;0;0;0;0;0;0;0;0
FR;12;2022-09-07;0;0;0;0;0;0;0;0;0;0;0;0;0;0;0;0;0;0
FR;12;2022-09-08;0;0;0;0;0;0;0;0;0;0;0;0;0;0;0;0;0;0
FR;12;2022-09-09;0;0;0;0;0;0;0;0;0;0;0;0;0;0;0;0;0;0
FR;12;2022-09-10;0;0;0;0;0;0;0;0;0;0;0;0;0;0;0;0;0;0
FR;12;2022-09-11;0;0;0;0;0;0;0;0;0;0;0;0;0;0;0;0;0;0
FR;12;2022-09-12;0;0;0;0;0;0;0;0;0;0;0;0;0;0;0;0;0;0
FR;12;2022-09-13;0;0;0;0;0;0;0;0;0;0;0;0;0;0;0;0;0;0
FR;12;2022-09-14;0;0;0;0;0;0;0;0;0;0;0;0;0;0;0;0;0;0
FR;12;2022-09-15;0;0;0;0;0;0;0;0;0;0;0;0;0;0;0;0;0;0
FR;12;2022-09-16;0;0;0;0;0;0;0;0;0;0;0;0;0;0;0;0;0;0
FR;12;2022-09-17;0;0;0;0;0;0;0;0;0;0;0;0;0;0;0;0;0;0
FR;12;2022-09-18;0;0;0;0;0;0;0;0;0;0;0;0;0;0;0;0;0;0
FR;12;2022-09-19;0;0;0;0;0;0;0;0;0;0;0;0;0;0;0;0;0;0
FR;12;2022-09-20;0;0;0;0;0;0;0;0;0;0;0;0;0;0;0;0;0;0
FR;12;2022-09-21;0;0;0;0;0;0;0;0;0;0;0;0;0;0;0;0;0;0
FR;12;2022-09-22;0;0;0;0;0;0;0;0;0;0;0;0;0;0;0;0;0;0
FR;12;2022-09-23;0;0;0;0;0;0;0;0;0;0;0;0;0;0;0;0;0;0
FR;12;2022-09-24;0;0;0;0;0;0;0;0;0;0;0;0;0;0;0;0;0;0
FR;12;2022-09-25;0;0;0;0;0;0;0;0;0;0;0;0;0;0;0;0;0;0
FR;12;2022-09-26;0;0;0;0;0;0;0;0;0;0;0;0;0;0;0;0;0;0
FR;12;2022-09-27;0;0;0;0;0;0;0;0;0;0;0;0;0;0;0;0;0;0
FR;12;2022-09-28;0;0;0;0;0;0;0;0;0;0;0;0;0;0;0;0;0;0
FR;12;2022-09-29;0;0;0;0;0;0;0;0;0;0;0;0;0;0;0;0;0;0
FR;12;2022-09-30;0;0;0;0;0;0;0;0;0;0;0;0;0;0;0;0;0;0
FR;12;2022-10-01;0;0;0;0;0;0;0;0;0;0;0;0;0;0;0;0;0;0
FR;12;2022-10-02;0;0;0;0;0;0;0;0;0;0;0;0;0;0;0;0;0;0
FR;12;2022-10-03;0;0;0;0;0;0;0;0;0;0;0;0;0;0;0;0;0;0
FR;12;2022-10-04;0;0;0;0;0;0;0;0;0;0;0;0;0;0;0;0;0;0
FR;12;2022-10-05;0;0;0;0;0;0;0;0;0;0;0;0;0;0;0;0;0;0
FR;12;2022-10-06;0;0;0;0;0;0;0;0;0;0;0;0;0;0;0;0;0;0
FR;12;2022-10-07;0;0;0;0;0;0;0;0;0;0;0;0;0;0;0;0;0;0
FR;12;2022-10-08;0;0;0;0;0;0;0;0;0;0;0;0;0;0;0;0;0;0
FR;12;2022-10-09;0;0;0;0;0;0;0;0;0;0;0;0;0;0;0;0;0;0
FR;12;2022-10-10;0;0;0;0;0;0;0;0;0;0;0;0;0;0;0;0;0;0
FR;12;2022-10-11;0;0;0;0;0;0;0;0;0;0;0;0;0;0;0;0;0;0
FR;12;2022-10-12;0;0;0;0;0;0;0;0;0;0;0;0;0;0;0;0;0;0
FR;12;2022-10-13;0;0;0;0;0;0;0;0;0;0;0;0;0;0;0;0;0;0
FR;12;2022-10-14;0;0;0;0;0;0;0;0;0;0;0;0;0;0;0;0;0;0
FR;12;2022-10-15;0;0;0;0;0;0;0;0;0;0;0;0;0;0;0;0;0;0
FR;12;2022-10-16;0;0;0;0;0;0;0;0;0;0;0;0;0;0;0;0;0;0
FR;12;2022-10-17;0;0;0;0;0;0;0;0;0;0;0;0;0;0;0;0;0;0
FR;12;2022-10-18;0;0;0;0;0;0;0;0;0;0;0;0;0;0;0;0;0;0
FR;12;2022-10-19;0;0;0;0;0;0;0;0;0;0;0;0;0;0;0;0;0;0
FR;12;2022-10-20;0;0;0;0;0;0;0;0;0;0;0;0;0;0;0;0;0;0
FR;12;2022-10-21;0;0;0;0;0;0;0;0;0;0;0;0;0;0;0;0;0;0
FR;12;2022-10-22;0;0;0;0;0;0;0;0;0;0;0;0;0;0;0;0;0;0
FR;12;2022-10-23;0;0;0;0;0;0;0;0;0;0;0;0;0;0;0;0;0;0
FR;12;2022-10-24;0;0;0;0;0;0;0;0;0;0;0;0;0;0;0;0;0;0
FR;12;2022-10-25;0;0;0;0;0;0;0;0;0;0;0;0;0;0;0;0;0;0
FR;12;2022-10-26;0;0;0;0;0;0;0;0;0;0;0;0;0;0;0;0;0;0
FR;12;2022-10-27;0;0;0;0;0;0;0;0;0;0;0;0;0;0;0;0;0;0
FR;12;2022-10-28;0;0;0;0;0;0;0;0;0;0;0;0;0;0;0;0;0;0
FR;12;2022-10-29;0;0;0;0;0;0;0;0;0;0;0;0;0;0;0;0;0;0
FR;12;2022-10-30;0;0;0;0;0;0;0;0;0;0;0;0;0;0;0;0;0;0
FR;12;2022-10-31;0;0;0;0;0;0;0;0;0;0;0;0;0;0;0;0;0;0
FR;12;2022-11-01;0;0;0;0;0;0;0;0;0;0;0;0;0;0;0;0;0;0
FR;12;2022-11-02;0;0;0;0;0;0;0;0;0;0;0;0;0;0;0;0;0;0
FR;12;2022-11-03;0;0;0;0;0;0;0;0;0;0;0;0;0;0;0;0;0;0
FR;12;2022-11-04;0;0;0;0;0;0;0;0;0;0;0;0;0;0;0;0;0;0
FR;12;2022-11-05;0;0;0;0;0;0;0;0;0;0;0;0;0;0;0;0;0;0
FR;12;2022-11-06;0;0;0;0;0;0;0;0;0;0;0;0;0;0;0;0;0;0
FR;12;2022-11-07;0;0;0;0;0;0;0;0;0;0;0;0;0;0;0;0;0;0
FR;12;2022-11-08;0;0;0;0;0;0;0;0;0;0;0;0;0;0;0;0;0;0
FR;12;2022-11-09;0;0;0;0;0;0;0;0;0;0;0;0;0;0;0;0;0;0
FR;12;2022-11-10;0;0;0;0;0;0;0;0;0;0;0;0;0;0;0;0;0;0
FR;12;2022-11-11;0;0;0;0;0;0;0;0;0;0;0;0;0;0;0;0;0;0
FR;12;2022-11-12;0;0;0;0;0;0;0;0;0;0;0;0;0;0;0;0;0;0
FR;12;2022-11-13;0;0;0;0;0;0;0;0;0;0;0;0;0;0;0;0;0;0
FR;12;2022-11-14;0;0;0;0;0;0;0;0;0;0;0;0;0;0;0;0;0;0
FR;12;2022-11-15;0;0;0;0;0;0;0;0;0;0;0;0;0;0;0;0;0;0
FR;12;2022-11-16;0;0;0;0;0;0;0;0;0;0;0;0;0;0;0;0;0;0
FR;12;2022-11-17;0;0;0;0;0;0;0;0;0;0;0;0;0;0;0;0;0;0
FR;12;2022-11-18;0;0;0;0;0;0;0;0;0;0;0;0;0;0;0;0;0;0
FR;12;2022-11-19;0;0;0;0;0;0;0;0;0;0;0;0;0;0;0;0;0;0
FR;12;2022-11-20;0;0;0;0;0;0;0;0;0;0;0;0;0;0;0;0;0;0
FR;12;2022-11-21;0;0;0;0;0;0;0;0;0;0;0;0;0;0;0;0;0;0
FR;12;2022-11-22;0;0;0;0;0;0;0;0;0;0;0;0;0;0;0;0;0;0
FR;12;2022-11-23;0;0;0;0;0;0;0;0;0;0;0;0;0;0;0;0;0;0
FR;12;2022-11-24;0;0;0;0;0;0;0;0;0;0;0;0;0;0;0;0;0;0
FR;12;2022-11-25;0;0;0;0;0;0;0;0;0;0;0;0;0;0;0;0;0;0
FR;12;2022-11-26;0;0;0;0;0;0;0;0;0;0;0;0;0;0;0;0;0;0
FR;12;2022-11-27;0;0;0;0;0;0;0;0;0;0;0;0;0;0;0;0;0;0
FR;12;2022-11-28;0;0;0;0;0;0;0;0;0;0;0;0;0;0;0;0;0;0
FR;12;2022-11-29;0;0;0;0;0;0;0;0;0;0;0;0;0;0;0;0;0;0
FR;12;2022-11-30;0;0;0;0;0;0;0;0;0;0;0;0;0;0;0;0;0;0
FR;12;2022-12-01;0;0;0;0;0;0;0;0;0;0;0;0;0;0;0;0;0;0
FR;12;2022-12-02;0;0;0;0;0;0;0;0;0;0;0;0;0;0;0;0;0;0
FR;12;2022-12-03;0;0;0;0;0;0;0;0;0;0;0;0;0;0;0;0;0;0
FR;12;2022-12-04;0;0;0;0;0;0;0;0;0;0;0;0;0;0;0;0;0;0
FR;12;2022-12-05;0;0;0;0;0;0;0;0;0;0;0;0;0;0;0;0;0;0
FR;12;2022-12-06;0;0;0;0;0;0;0;0;0;0;0;0;0;0;0;0;0;0
FR;12;2022-12-07;0;0;0;0;0;0;0;0;0;0;0;0;0;0;0;0;0;0
FR;12;2022-12-08;0;0;0;0;0;0;0;0;0;0;0;0;0;0;0;0;0;0
FR;12;2022-12-09;0;0;0;0;0;0;0;0;0;0;0;0;0;0;0;0;0;0
FR;12;2022-12-10;0;0;0;0;0;0;0;0;0;0;0;0;0;0;0;0;0;0
FR;12;2022-12-11;0;0;0;0;0;0;0;0;0;0;0;0;0;0;0;0;0;0
FR;12;2022-12-12;0;0;0;0;0;0;0;0;0;0;0;0;0;0;0;0;0;0
FR;12;2022-12-13;0;0;0;0;0;0;0;0;0;0;0;0;0;0;0;0;0;0
FR;12;2022-12-14;0;0;0;0;0;0;0;0;0;0;0;0;0;0;0;0;0;0
FR;12;2022-12-15;0;0;0;0;0;0;0;0;0;0;0;0;0;0;0;0;0;0
FR;12;2022-12-16;0;0;0;0;0;0;0;0;0;0;0;0;0;0;0;0;0;0
FR;12;2022-12-17;0;0;0;0;0;0;0;0;0;0;0;0;0;0;0;0;0;0
FR;12;2022-12-18;0;0;0;0;0;0;0;0;0;0;0;0;0;0;0;0;0;0
FR;12;2022-12-19;0;0;0;0;0;0;0;0;0;0;0;0;0;0;0;0;0;0
FR;12;2022-12-20;0;0;0;0;0;0;0;0;0;0;0;0;0;0;0;0;0;0
FR;12;2022-12-21;0;0;0;0;0;0;0;0;0;0;0;0;0;0;0;0;0;0
FR;12;2022-12-22;0;0;0;0;0;0;0;0;0;0;0;0;0;0;0;0;0;0
FR;12;2022-12-23;0;0;0;0;0;0;0;0;0;0;0;0;0;0;0;0;0;0
FR;12;2022-12-24;0;0;0;0;0;0;0;0;0;0;0;0;0;0;0;0;0;0
FR;12;2022-12-25;0;0;0;0;0;0;0;0;0;0;0;0;0;0;0;0;0;0
FR;12;2022-12-26;0;0;0;0;0;0;0;0;0;0;0;0;0;0;0;0;0;0
FR;12;2022-12-27;0;0;0;0;0;0;0;0;0;0;0;0;0;0;0;0;0;0
FR;12;2022-12-28;0;0;0;0;0;0;0;0;0;0;0;0;0;0;0;0;0;0
FR;12;2022-12-29;0;0;0;0;0;0;0;0;0;0;0;0;0;0;0;0;0;0
FR;12;2022-12-30;0;0;0;0;0;0;0;0;0;0;0;0;0;0;0;0;0;0
FR;12;2022-12-31;0;0;0;0;0;0;0;0;0;0;0;0;0;0;0;0;0;0
FR;12;2023-01-01;0;0;0;0;0;0;0;0;0;0;0;0;0;0;0;0;0;0
FR;12;2023-01-02;0;0;0;0;0;0;0;0;0;0;0;0;0;0;0;0;0;0
FR;12;2023-01-03;0;0;0;0;0;0;0;0;0;0;0;0;0;0;0;0;0;0
FR;12;2023-01-04;0;0;0;0;0;0;0;0;0;0;0;0;0;0;0;0;0;0
FR;12;2023-01-05;0;0;0;0;0;0;0;0;0;0;0;0;0;0;0;0;0;0
FR;12;2023-01-06;0;0;0;0;0;0;0;0;0;0;0;0;0;0;0;0;0;0
FR;12;2023-01-07;0;0;0;0;0;0;0;0;0;0;0;0;0;0;0;0;0;0
FR;12;2023-01-08;0;0;0;0;0;0;0;0;0;0;0;0;0;0;0;0;0;0
FR;12;2023-01-09;0;0;0;0;0;0;0;0;0;0;0;0;0;0;0;0;0;0
FR;12;2023-01-10;0;0;0;0;0;0;0;0;0;0;0;0;0;0;0;0;0;0
FR;12;2023-01-11;0;0;0;0;0;0;0;0;0;0;0;0;0;0;0;0;0;0
FR;12;2023-01-12;0;0;0;0;0;0;0;0;0;0;0;0;0;0;0;0;0;0
FR;12;2023-01-13;0;0;0;0;0;0;0;0;0;0;0;0;0;0;0;0;0;0
FR;12;2023-01-14;0;0;0;0;0;0;0;0;0;0;0;0;0;0;0;0;0;0
FR;12;2023-01-15;0;0;0;0;0;0;0;0;0;0;0;0;0;0;0;0;0;0
FR;12;2023-01-16;0;0;0;0;0;0;0;0;0;0;0;0;0;0;0;0;0;0
FR;12;2023-01-17;0;0;0;0;0;0;0;0;0;0;0;0;0;0;0;0;0;0
FR;12;2023-01-18;0;0;0;0;0;0;0;0;0;0;0;0;0;0;0;0;0;0
FR;12;2023-01-19;0;0;0;0;0;0;0;0;0;0;0;0;0;0;0;0;0;0
FR;12;2023-01-20;0;0;0;0;0;0;0;0;0;0;0;0;0;0;0;0;0;0
FR;12;2023-01-21;0;0;0;0;0;0;0;0;0;0;0;0;0;0;0;0;0;0
FR;12;2023-01-22;0;0;0;0;0;0;0;0;0;0;0;0;0;0;0;0;0;0
FR;12;2023-01-23;0;0;0;0;0;0;0;0;0;0;0;0;0;0;0;0;0;0
FR;12;2023-01-24;0;0;0;0;0;0;0;0;0;0;0;0;0;0;0;0;0;0
FR;12;2023-01-25;0;0;0;0;0;0;0;0;0;0;0;0;0;0;0;0;0;0
FR;12;2023-01-26;0;0;0;0;0;0;0;0;0;0;0;0;0;0;0;0;0;0
FR;12;2023-01-27;0;0;0;0;0;0;0;0;0;0;0;0;0;0;0;0;0;0
FR;12;2023-01-28;0;0;0;0;0;0;0;0;0;0;0;0;0;0;0;0;0;0
FR;12;2023-01-29;0;0;0;0;0;0;0;0;0;0;0;0;0;0;0;0;0;0
FR;12;2023-01-30;0;0;0;0;0;0;0;0;0;0;0;0;0;0;0;0;0;0
FR;12;2023-01-31;0;0;0;0;0;0;0;0;0;0;0;0;0;0;0;0;0;0
FR;12;2023-02-01;0;0;0;0;0;0;0;0;0;0;0;0;0;0;0;0;0;0
FR;12;2023-02-02;0;0;0;1;0;0;0;2;2;0;0;0;1;0;0;0;2;2
FR;12;2023-02-03;0;1;6;57;0;4;58;141;77;0;1;6;58;0;4;58;143;79
FR;12;2023-02-04;1;3;6;51;1;5;52;110;52;1;4;12;109;1;9;110;253;131
FR;12;2023-02-05;0;0;0;0;0;0;0;1;1;1;4;12;109;1;9;110;254;132
FR;12;2023-02-06;3;2;13;63;0;11;69;154;69;4;6;25;172;1;20;179;408;201
FR;12;2023-02-07;2;7;18;95;4;13;98;237;121;6;13;43;267;5;33;277;645;322
FR;12;2023-02-08;1;3;10;62;1;10;69;170;89;7;16;53;329;6;43;346;815;411
FR;12;2023-02-09;5;3;12;75;2;13;78;284;190;12;19;65;404;8;56;424;1099;601
FR;12;2023-02-10;4;2;22;140;4;12;150;327;162;16;21;87;544;12;68;574;1426;763
FR;12;2023-02-11;0;2;8;59;1;3;58;123;60;16;23;95;603;13;71;632;1549;823
FR;12;2023-02-12;0;0;0;3;0;0;3;7;3;16;23;95;606;13;71;635;1556;826
FR;12;2023-02-13;0;0;17;78;0;8;85;217;114;16;23;112;684;13;79;720;1773;940
FR;12;2023-02-14;3;5;17;96;5;14;99;229;108;19;28;129;780;18;93;819;2002;1048
FR;12;2023-02-15;3;5;19;85;0;13;86;236;132;22;33;148;865;18;106;905;2238;1180
FR;12;2023-02-16;5;3;16;107;3;13;103;247;129;27;36;164;972;21;119;1008;2485;1309
FR;12;2023-02-17;2;4;12;115;3;11;110;280;153;29;40;176;1087;24;130;1118;2765;1462
FR;12;2023-02-18;1;4;10;51;2;12;52;102;36;30;44;186;1138;26;142;1170;2867;1498
FR;12;2023-02-19;0;0;0;2;0;0;1;2;1;30;44;186;1140;26;142;1171;2869;1499
FR;12;2023-02-20;10;2;11;65;6;11;69;218;131;40;46;197;1205;32;153;1240;3087;1630
FR;12;2023-02-21;6;6;19;98;4;14;94;280;167;46;52;216;1303;36;167;1334;3367;1797
FR;12;2023-02-22;2;4;19;74;2;20;78;231;125;48;56;235;1377;38;187;1412;3598;1922
FR;12;2023-02-23;4;3;20;88;2;16;87;265;155;52;59;255;1465;40;203;1499;3863;2077
FR;12;2023-02-24;3;7;20;135;3;17;142;360;189;55;66;275;1600;43;220;1641;4223;2266
FR;12;2023-02-25;7;1;19;92;1;10;106;200;77;62;67;294;1692;44;230;1747;4423;2343
FR;12;2023-02-26;0;0;0;0;0;0;0;2;2;62;67;294;1692;44;230;1747;4425;2345
FR;12;2023-02-27;6;10;20;92;8;16;95;270;156;68;77;314;1784;52;246;1842;4695;2501
FR;12;2023-02-28;6;9;21;125;0;23;128;385;227;74;86;335;1909;52;269;1970;5080;2728
FR;12;2023-03-01;3;7;23;78;2;18;91;292;175;77;93;358;1987;54;287;2061;5372;2903
FR;12;2023-03-02;9;9;21;110;6;18;117;304;163;86;102;379;2097;60;305;2178;5676;3066
FR;12;2023-03-03;10;8;45;142;7;39;148;418;220;96;110;424;2239;67;344;2326;6094;3286
FR;12;2023-03-04;3;2;12;55;0;10;53;119;49;99;112;436;2294;67;354;2379;6213;3335
FR;12;2023-03-05;0;1;1;2;1;1;2;8;5;99;113;437;2296;68;355;2381;6221;3340
FR;12;2023-03-06;4;5;27;74;2;20;82;268;157;103;118;464;2370;70;375;2463;6489;3497
FR;12;2023-03-07;6;10;29;130;9;24;132;356;191;109;128;493;2500;79;399;2595;6845;3688
FR;12;2023-03-08;4;7;27;71;5;22;77;249;137;113;135;520;2571;84;421;2672;7094;3825
FR;12;2023-03-09;4;8;18;91;4;22;85;323;197;117;143;538;2662;88;443;2757;7417;4022
FR;12;2023-03-10;11;7;23;137;9;23;133;368;209;128;150;561;2799;97;466;2890;7785;4231
FR;12;2023-03-11;1;4;15;45;4;9;50;132;72;129;154;576;2844;101;475;2940;7917;4303
FR;12;2023-03-12;0;2;0;2;0;2;1;5;2;129;156;576;2846;101;477;2941;7922;4305
FR;12;2023-03-13;3;4;32;102;1;28;104;296;157;132;160;608;2948;102;505;3045;8218;4462
FR;12;2023-03-14;3;7;16;85;2;15;83;322;210;135;167;624;3033;104;520;3128;8540;4672
FR;12;2023-03-15;1;4;20;66;2;19;69;225;124;136;171;644;3099;106;539;3197;8765;4796
FR;12;2023-03-16;5;5;20;100;5;13;116;300;157;141;176;664;3199;111;552;3313;9065;4953
FR;12;2023-03-17;4;11;30;112;4;28;113;388;224;145;187;694;3311;115;580;3426;9453;5177
FR;12;2023-03-18;1;4;21;53;4;17;59;144;64;146;191;715;3364;119;597;3485;9597;5241
FR;12;2023-03-19;0;0;0;6;0;0;5;10;5;146;191;715;3370;119;597;3490;9607;5246
FR;12;2023-03-20;9;8;27;87;7;23;90;258;134;155;199;742;3457;126;620;3580;9865;5380
FR;12;2023-03-21;2;7;42;81;3;36;93;355;209;157;206;784;3538;129;656;3673;10220;5589
FR;12;2023-03-22;6;4;36;50;5;29;58;241;139;163;210;820;3588;134;685;3731;10461;5728
FR;12;2023-03-23;3;8;26;80;5;25;82;264;147;166;218;846;3668;139;710;3813;10725;5875
FR;12;2023-03-24;6;2;25;99;3;22;109;347;203;172;220;871;3767;142;732;3922;11072;6078
FR;12;2023-03-25;7;8;25;61;3;14;75;162;62;179;228;896;3828;145;746;3997;11234;6140
FR;12;2023-03-26;0;1;0;1;1;0;1;7;6;179;229;896;3829;146;746;3998;11241;6146
FR;12;2023-03-27;5;10;28;77;7;23;85;283;159;184;239;924;3906;153;769;4083;11524;6305
FR;12;2023-03-28;2;5;29;95;2;25;91;344;207;186;244;953;4001;155;794;4174;11868;6512
FR;12;2023-03-29;4;7;18;52;4;20;56;201;105;190;251;971;4053;159;814;4230;12069;6617
FR;12;2023-03-30;9;2;27;65;4;19;81;281;168;199;253;998;4118;163;833;4311;12350;6785
FR;12;2023-03-31;4;14;41;120;4;39;126;421;231;203;267;1039;4238;167;872;4437;12771;7016
FR;12;2023-04-01;1;8;17;44;4;13;48;139;63;204;275;1056;4282;171;885;4485;12910;7079
FR;12;2023-04-02;0;1;1;0;0;2;0;5;3;204;276;1057;4282;171;887;4485;12915;7082
FR;12;2023-04-03;5;3;35;90;3;18;112;300;159;209;279;1092;4372;174;905;4597;13215;7241
FR;12;2023-04-04;4;7;22;85;0;26;87;383;247;213;286;1114;4457;174;931;4684;13598;7488
FR;12;2023-04-05;4;9;21;60;5;23;57;229;136;217;295;1135;4517;179;954;4741;13827;7624
FR;12;2023-04-06;10;8;25;57;3;23;67;280;164;227;303;1160;4574;182;977;4808;14107;7788
FR;12;2023-04-07;4;11;29;98;8;25;110;387;219;231;314;1189;4672;190;1002;4918;14494;8007
FR;12;2023-04-08;1;5;11;38;3;9;38;117;56;232;319;1200;4710;193;1011;4956;14611;8063
FR;12;2023-04-09;0;0;2;1;0;1;2;5;2;232;319;1202;4711;193;1012;4958;14616;8065
FR;12;2023-04-10;0;1;2;2;1;0;5;9;4;232;320;1204;4713;194;1012;4963;14625;8069
FR;12;2023-04-11;5;8;27;87;6;16;98;297;161;237;328;1231;4800;200;1028;5061;14922;8230
FR;12;2023-04-12;5;12;16;52;5;23;60;260;154;242;340;1247;4852;205;1051;5121;15182;8384
FR;12;2023-04-13;3;5;22;58;2;17;64;252;141;245;345;1269;4910;207;1068;5185;15434;8525
FR;12;2023-04-14;6;15;21;91;9;18;97;397;248;251;360;1290;5001;216;1086;5282;15831;8773
FR;12;2023-04-15;5;0;14;34;0;8;40;108;48;256;360;1304;5035;216;1094;5322;15939;8821
FR;12;2023-04-16;0;0;1;2;0;0;2;4;2;256;360;1305;5037;216;1094;5324;15943;8823
FR;12;2023-04-17;3;2;18;40;2;19;40;181;97;259;362;1323;5077;218;1113;5364;16124;8920
FR;12;2023-04-18;6;6;18;56;2;14;63;272;144;265;368;1341;5133;220;1127;5427;16396;9064
FR;12;2023-04-19;3;7;11;40;2;11;38;149;81;268;375;1352;5173;222;1138;5465;16545;9145
FR;12;2023-04-20;2;3;15;51;1;11;58;212;117;270;378;1367;5224;223;1149;5523;16757;9262
FR;12;2023-04-21;4;6;25;60;5;19;68;255;148;274;384;1392;5284;228;1168;5591;17012;9410
FR;12;2023-04-22;3;8;11;22;6;9;29;94;36;277;392;1403;5306;234;1177;5620;17106;9446
FR;12;2023-04-23;0;0;1;0;0;1;1;3;1;277;392;1404;5306;234;1178;5621;17109;9447
FR;12;2023-04-24;2;6;11;42;5;11;49;172;99;279;398;1415;5348;239;1189;5670;17281;9546
FR;12;2023-04-25;0;3;15;46;1;15;51;205;118;279;401;1430;5394;240;1204;5721;17486;9664
FR;12;2023-04-26;3;4;16;36;2;14;42;170;88;282;405;1446;5430;242;1218;5763;17656;9752
FR;12;2023-04-27;4;4;13;46;3;13;46;193;108;286;409;1459;5476;245;1231;5809;17849;9860
FR;12;2023-04-28;5;9;24;63;3;24;74;316;180;291;418;1483;5539;248;1255;5883;18165;10040
FR;12;2023-04-29;2;3;10;25;3;6;30;94;44;293;421;1493;5564;251;1261;5913;18259;10084
FR;12;2023-04-30;0;0;0;0;0;0;0;0;0;293;421;1493;5564;251;1261;5913;18259;10084
FR;12;2023-05-01;0;0;0;0;0;0;0;4;3;293;421;1493;5564;251;1261;5913;18263;10087
FR;12;2023-05-02;8;3;12;48;2;15;48;247;127;301;424;1505;5612;253;1276;5961;18510;10214
FR;12;2023-05-03;7;6;10;44;7;9;47;228;122;308;430;1515;5656;260;1285;6008;18738;10336
FR;12;2023-05-04;5;4;20;36;1;17;50;220;109;313;434;1535;5692;261;1302;6058;18958;10445
FR;12;2023-05-05;4;12;17;49;5;18;48;272;143;317;446;1552;5741;266;1320;6106;19230;10588
FR;12;2023-05-06;2;5;7;15;2;11;15;69;29;319;451;1559;5756;268;1331;6121;19299;10617
FR;12;2023-05-07;2;0;1;0;2;1;2;3;0;321;451;1560;5756;270;1332;6123;19302;10617
FR;12;2023-05-08;0;0;1;0;0;0;1;4;2;321;451;1561;5756;270;1332;6124;19306;10619
FR;12;2023-05-09;1;6;11;46;3;14;53;246;119;322;457;1572;5802;273;1346;6177;19552;10738
FR;12;2023-05-10;2;8;10;38;7;13;41;206;105;324;465;1582;5840;280;1359;6218;19758;10843
FR;12;2023-05-11;4;6;8;42;4;8;44;202;105;328;471;1590;5882;284;1367;6262;19960;10948
FR;0;2020-12-27;616;0;0;0;55;0;0;0;0;616;0;0;0;55;0;0;0;0
FR;0;2020-12-28;709;1;0;0;44;0;0;0;0;1325;1;0;0;99;0;0;0;0
FR;0;2020-12-29;389;0;0;0;19;0;0;0;0;1714;1;0;0;118;0;0;0;0
FR;0;2020-12-30;456;0;0;0;20;0;0;0;0;2170;1;0;0;138;0;0;0;0
FR;0;2020-12-31;451;1;0;0;21;0;0;0;0;2621;2;0;0;159;0;0;0;0
FR;0;2021-01-01;1198;2;0;0;66;0;0;0;0;3819;4;0;0;225;0;0;0;0
FR;0;2021-01-02;369;4;0;0;29;0;0;0;0;4188;8;0;0;254;0;0;0;0
FR;0;2021-01-03;419;0;0;0;23;0;0;0;0;4607;8;0;0;277;0;0;0;0
FR;0;2021-01-04;2150;5;0;0;51;0;0;0;0;6757;13;0;0;328;0;0;0;0
FR;0;2021-01-05;7790;6;0;0;128;0;0;0;0;14547;19;0;0;456;0;0;0;0
FR;0;2021-01-06;12490;23;0;0;128;0;0;0;0;27037;42;0;0;584;0;0;0;0
FR;0;2021-01-07;29480;24;0;0;159;0;0;0;0;56517;66;0;0;743;0;0;0;0
FR;0;2021-01-08;37170;35;0;0;204;0;0;0;0;93687;101;0;0;947;0;0;0;0
FR;0;2021-01-09;11221;9;0;0;77;0;0;0;0;104908;110;0;0;1024;0;0;0;0
FR;0;2021-01-10;6017;8;0;0;28;0;0;0;0;110925;118;0;0;1052;0;0;0;0
FR;0;2021-01-11;39956;39;0;0;232;0;0;0;0;150881;157;0;0;1284;0;0;0;0
FR;0;2021-01-12;62165;31;0;0;299;0;0;0;0;213046;188;0;0;1583;0;0;0;0
FR;0;2021-01-13;65150;62;0;0;433;0;0;0;0;278196;250;0;0;2016;0;0;0;0
FR;0;2021-01-14;83109;262;0;0;1170;0;0;0;0;361305;512;0;0;3186;0;0;0;0
FR;0;2021-01-15;69037;102;0;0;555;0;0;0;0;430342;614;0;0;3741;0;0;0;0
FR;0;2021-01-16;20219;73;0;0;183;0;0;0;0;450561;687;0;0;3924;0;0;0;0
FR;0;2021-01-17;10993;54;0;0;137;0;0;0;0;461554;741;0;0;4061;0;0;0;0
FR;0;2021-01-18;85924;179;0;0;614;0;0;0;0;547478;920;0;0;4675;0;0;0;0
FR;0;2021-01-19;130616;211;0;0;868;0;0;0;0;678094;1131;0;0;5543;0;0;0;0
FR;0;2021-01-20;137578;197;0;0;837;0;0;0;0;815672;1328;0;0;6380;0;0;0;0
FR;0;2021-01-21;158433;205;0;0;951;0;0;0;0;974105;1533;0;0;7331;0;0;0;0
FR;0;2021-01-22;121090;259;0;0;846;0;0;0;0;1095195;1792;0;0;8177;0;0;0;0
FR;0;2021-01-23;38492;86;0;0;223;0;0;0;0;1133687;1878;0;0;8400;0;0;0;0
FR;0;2021-01-24;9752;131;0;0;196;0;0;0;0;1143439;2009;0;0;8596;0;0;0;0
FR;0;2021-01-25;78256;1458;0;0;1809;0;0;0;0;1221695;3467;0;0;10405;0;0;0;0
FR;0;2021-01-26;100401;3711;1;0;4188;0;0;0;0;1322096;7178;1;0;14593;0;0;0;0
FR;0;2021-01-27;107266;6446;0;0;7162;0;0;0;0;1429362;13624;1;0;21755;0;0;0;0
FR;0;2021-01-28;124384;16423;0;0;17247;0;0;0;0;1553746;30047;1;0;39002;0;0;0;0
FR;0;2021-01-29;92204;18804;0;0;19381;0;0;0;0;1645950;48851;1;0;58383;0;0;0;0
FR;0;2021-01-30;29128;4541;0;0;4678;0;0;0;0;1675078;53392;1;0;63061;0;0;0;0
FR;0;2021-01-31;5240;1900;0;0;1945;0;0;0;0;1680318;55292;1;0;65006;0;0;0;0
FR;0;2021-02-01;53160;23055;0;0;23328;0;0;0;0;1733478;78347;1;0;88334;0;0;0;0
FR;0;2021-02-02;72337;38227;0;0;38719;0;0;0;0;1805815;116574;1;0;127053;0;0;0;0
FR;0;2021-02-03;72328;40286;0;0;40792;0;0;0;0;1878143;156860;1;0;167845;0;0;0;0
FR;0;2021-02-04;82097;55133;0;0;55728;0;0;0;0;1960240;211993;1;0;223573;0;0;0;0
FR;0;2021-02-05;68252;48250;0;0;48688;0;0;0;0;2028492;260243;1;0;272261;0;0;0;0
FR;0;2021-02-06;22949;11435;0;0;11673;0;0;0;0;2051441;271678;1;0;283934;0;0;0;0
FR;0;2021-02-07;5195;6077;0;0;6203;0;0;0;0;2056636;277755;1;0;290137;0;0;0;0
FR;0;2021-02-08;46856;48811;0;0;49299;0;0;0;0;2103492;326566;1;0;339436;0;0;0;0
FR;0;2021-02-09;66050;78470;0;0;79568;0;0;0;0;2169542;405036;1;0;419004;0;0;0;0
FR;0;2021-02-10;71049;83533;0;0;84832;0;0;0;0;2240591;488569;1;0;503836;0;0;0;0
FR;0;2021-02-11;87309;105693;0;0;107642;0;0;0;0;2327900;594262;1;0;611478;0;0;0;0
FR;0;2021-02-12;79358;76068;0;0;77815;0;0;0;0;2407258;670330;1;0;689293;0;0;0;0
FR;0;2021-02-13;22390;19533;0;0;19900;0;0;0;0;2429648;689863;1;0;709193;0;0;0;0
FR;0;2021-02-14;5080;7323;0;0;7451;0;0;0;0;2434728;697186;1;0;716644;0;0;0;0
FR;0;2021-02-15;38132;76797;0;0;77819;0;0;0;0;2472860;773983;1;0;794463;0;0;0;0
FR;0;2021-02-16;50420;99689;0;0;101042;0;0;0;0;2523280;873672;1;0;895505;0;0;0;0
FR;0;2021-02-17;50559;106932;20;0;108384;0;0;0;0;2573839;980604;21;0;1003889;0;0;0;0
FR;0;2021-02-18;69815;123748;0;0;125798;0;0;0;0;2643654;1104352;21;0;1129687;0;0;0;0
FR;0;2021-02-19;65093;92335;1;0;94226;0;0;0;0;2708747;1196687;22;0;1223913;0;0;0;0
FR;0;2021-02-20;18602;28546;0;0;28917;0;0;0;0;2727349;1225233;22;0;1252830;0;0;0;0
FR;0;2021-02-21;3335;6041;0;0;6146;0;0;0;0;2730684;1231274;22;0;1258976;0;0;0;0
FR;0;2021-02-22;37511;73173;2;0;74188;0;0;0;0;2768195;1304447;24;0;1333164;0;0;0;0
FR;0;2021-02-23;53803;85299;1;0;86822;0;0;0;0;2821998;1389746;25;0;1419986;0;0;0;0
FR;0;2021-02-24;60039;82930;1;0;84511;0;0;0;0;2882037;1472676;26;0;1504497;0;0;0;0
FR;0;2021-02-25;100612;91198;1;0;94197;0;0;0;0;2982649;1563874;27;0;1598694;0;0;0;0
FR;0;2021-02-26;113492;70752;1;0;73902;0;0;0;0;3096141;1634626;28;0;1672596;0;0;0;0
FR;0;2021-02-27;52131;22439;1;0;23685;0;0;0;0;3148272;1657065;29;0;1696281;0;0;0;0
FR;0;2021-02-28;6209;4116;2;0;4314;0;0;0;0;3154481;1661181;31;0;1700595;0;0;0;0
FR;0;2021-03-01;65946;54076;1;0;55949;0;0;0;0;3220427;1715257;32;0;1756544;0;0;0;0
FR;0;2021-03-02;101417;67183;3;0;70229;0;0;0;0;3321844;1782440;35;0;1826773;0;0;0;0
FR;0;2021-03-03;116565;65471;0;0;69164;0;0;0;0;3438409;1847911;35;0;1895937;0;0;0;0
FR;0;2021-03-04;163663;72638;3;0;78211;0;0;0;0;3602072;1920549;38;0;1974148;0;0;0;0
FR;0;2021-03-05;200962;62703;3;0;69437;0;0;0;0;3803034;1983252;41;0;2043585;0;0;0;0
FR;0;2021-03-06;207993;17482;3;0;22784;0;0;0;0;4011027;2000734;44;0;2066369;0;0;0;0
FR;0;2021-03-07;121293;3972;1;0;7266;0;0;0;0;4132320;2004706;45;0;2073635;0;0;0;0
FR;0;2021-03-08;107180;49550;2;0;53039;0;0;0;0;4239500;2054256;47;0;2126674;0;0;0;0
FR;0;2021-03-09;172487;56017;2;0;61515;0;0;0;0;4411987;2110273;49;0;2188189;0;0;0;0
FR;0;2021-03-10;179043;57056;5;0;62732;0;0;0;0;4591030;2167329;54;0;2250921;0;0;0;0
FR;0;2021-03-11;242933;64029;2;0;72126;0;0;0;0;4833963;2231358;56;0;2323047;0;0;0;0
FR;0;2021-03-12;294876;53373;1;0;62830;0;0;0;0;5128839;2284731;57;0;2385877;0;0;0;0
FR;0;2021-03-13;231445;15264;1;0;21242;0;0;0;0;5360284;2299995;58;0;2407119;0;0;0;0
FR;0;2021-03-14;63365;3042;1;0;5078;0;0;0;0;5423649;2303037;59;0;2412197;0;0;0;0
FR;0;2021-03-15;158700;31498;3;0;36153;0;0;0;0;5582349;2334535;62;0;2448350;0;0;0;0
FR;0;2021-03-16;141599;38816;6;0;42968;0;0;0;0;5723948;2373351;68;0;2491318;0;0;0;0
FR;0;2021-03-17;150519;37567;4;0;42336;0;0;0;0;5874467;2410918;72;0;2533654;0;0;0;0
FR;0;2021-03-18;167871;44325;5;0;49892;0;0;0;0;6042338;2455243;77;0;2583546;0;0;0;0
FR;0;2021-03-19;230056;36748;2;0;44107;0;0;0;0;6272394;2491991;79;0;2627653;0;0;0;0
FR;0;2021-03-20;166721;11385;1;0;16009;0;0;0;0;6439115;2503376;80;0;2643662;0;0;0;0
FR;0;2021-03-21;49959;2128;1;0;3887;0;0;0;0;6489074;2505504;81;0;2647549;0;0;0;0
FR;0;2021-03-22;170085;33532;2;0;39037;0;0;0;0;6659159;2539036;83;0;2686586;0;0;0;0
FR;0;2021-03-23;250442;42373;1;0;50220;0;0;0;0;6909601;2581409;84;0;2736806;0;0;0;0
FR;0;2021-03-24;256952;43611;0;0;51713;0;0;0;0;7166553;2625020;84;0;2788519;0;0;0;0
FR;0;2021-03-25;341876;45284;5;0;56284;0;0;0;0;7508429;2670304;89;0;2844803;0;0;0;0
FR;0;2021-03-26;358849;41807;5;1;53565;0;0;0;0;7867278;2712111;94;1;2898368;0;0;0;0
FR;0;2021-03-27;195297;16951;1;0;23395;0;0;0;0;8062575;2729062;95;1;2921763;0;0;0;0
FR;0;2021-03-28;59360;4587;3;0;6652;0;0;0;0;8121935;2733649;98;1;2928415;0;0;0;0
FR;0;2021-03-29;203028;53395;4;0;60160;0;0;0;0;8324963;2787044;102;1;2988575;0;0;0;0
FR;0;2021-03-30;285549;70039;5;0;80453;0;0;0;0;8610512;2857083;107;1;3069028;0;0;0;0
FR;0;2021-03-31;263083;74058;4;0;84730;0;0;0;0;8873595;2931141;111;1;3153758;0;0;0;0
FR;0;2021-04-01;315587;92816;11;0;106400;0;0;0;0;9189182;3023957;122;1;3260158;0;0;0;0
FR;0;2021-04-02;281384;94821;7;0;106654;0;0;0;0;9470566;3118778;129;1;3366812;0;0;0;0
FR;0;2021-04-03;141097;62606;6;0;67868;0;0;0;0;9611663;3181384;135;1;3434680;0;0;0;0
FR;0;2021-04-04;46551;19021;2;0;21074;0;0;0;0;9658214;3200405;137;1;3455754;0;0;0;0
FR;0;2021-04-05;63373;10402;11;0;13059;0;0;0;0;9721587;3210807;148;1;3468813;0;0;0;0
FR;0;2021-04-06;217275;113140;17;0;122008;0;0;0;0;9938862;3323947;165;1;3590821;0;0;0;0
FR;0;2021-04-07;260324;115280;17;0;126634;0;0;0;0;10199186;3439227;182;1;3717455;0;0;0;0
FR;0;2021-04-08;337917;123223;15;0;138855;0;0;0;0;10537103;3562450;197;1;3856310;0;0;0;0
FR;0;2021-04-09;410244;116883;49;0;134293;0;0;0;0;10947347;3679333;246;1;3990603;0;0;0;0
FR;0;2021-04-10;212665;82875;15;0;91268;0;0;0;0;11160012;3762208;261;1;4081871;0;0;0;0
FR;0;2021-04-11;56162;34179;7;0;36705;0;0;0;0;11216174;3796387;268;1;4118576;0;0;0;0
FR;0;2021-04-12;237130;115832;46;0;125443;0;0;0;0;11453304;3912219;314;1;4244019;0;0;0;0
FR;0;2021-04-13;309557;144156;98;1;157119;0;0;0;0;11762861;4056375;412;2;4401138;0;0;0;0
FR;0;2021-04-14;294609;139858;215;0;153238;0;0;0;0;12057470;4196233;627;2;4554376;0;0;0;0
FR;0;2021-04-15;337204;150542;340;0;166085;0;0;0;0;12394674;4346775;967;2;4720461;0;0;0;0
FR;0;2021-04-16;339363;147046;354;0;161705;0;0;0;0;12734037;4493821;1321;2;4882166;0;0;0;0
FR;0;2021-04-17;188689;89985;109;0;97684;0;0;0;0;12922726;4583806;1430;2;4979850;0;0;0;0
FR;0;2021-04-18;51643;35462;48;0;37884;0;0;0;0;12974369;4619268;1478;2;5017734;0;0;0;0
FR;0;2021-04-19;205750;138299;457;0;147459;0;0;0;0;13180119;4757567;1935;2;5165193;0;0;0;0
FR;0;2021-04-20;254495;172046;569;0;183706;0;0;0;0;13434614;4929613;2504;2;5348899;0;0;0;0
FR;0;2021-04-21;253346;170243;836;0;182267;0;0;0;0;13687960;5099856;3340;2;5531166;0;0;0;0
FR;0;2021-04-22;287633;190454;820;0;205049;0;0;0;0;13975593;5290310;4160;2;5736215;0;0;0;0
FR;0;2021-04-23;297686;184744;747;0;203504;0;0;0;0;14273279;5475054;4907;2;5939719;0;0;0;0
FR;0;2021-04-24;190483;112058;252;0;122512;0;0;0;0;14463762;5587112;5159;2;6062231;0;0;0;0
FR;0;2021-04-25;69577;38862;51;0;42593;0;0;0;0;14533339;5625974;5210;2;6104824;0;0;0;0
FR;0;2021-04-26;221007;158706;564;0;171907;0;0;0;0;14754346;5784680;5774;2;6276731;0;0;0;0
FR;0;2021-04-27;284658;188069;941;0;211386;0;0;0;0;15039004;5972749;6715;2;6488117;0;0;0;0
FR;0;2021-04-28;299597;184725;1427;1;209804;1;0;0;0;15338601;6157474;8142;3;6697921;1;0;0;0
FR;0;2021-04-29;357219;198321;1281;0;233409;0;0;0;0;15695820;6355795;9423;3;6931330;1;0;0;0
FR;0;2021-04-30;372270;186152;1124;1;225493;0;0;0;0;16068090;6541947;10547;4;7156823;1;0;0;0
FR;0;2021-05-01;167680;52539;179;0;63785;0;0;0;0;16235770;6594486;10726;4;7220608;1;0;0;0
FR;0;2021-05-02;91771;37869;83;0;43598;0;0;0;0;16327541;6632355;10809;4;7264206;1;0;0;0
FR;0;2021-05-03;288987;165122;843;0;185647;0;0;0;0;16616528;6797477;11652;4;7449853;1;0;0;0
FR;0;2021-05-04;315761;225639;1237;0;251812;0;0;0;0;16932289;7023116;12889;4;7701665;1;0;0;0
FR;0;2021-05-05;327323;226686;1316;0;251767;0;0;0;0;17259612;7249802;14205;4;7953432;1;0;0;0
FR;0;2021-05-06;379657;241292;1634;0;275541;0;0;0;0;17639269;7491094;15839;4;8228973;1;0;0;0
FR;0;2021-05-07;372840;258919;1225;0;299977;0;0;0;0;18012109;7750013;17064;4;8528950;1;0;0;0
FR;0;2021-05-08;222192;71520;300;0;86729;0;0;0;0;18234301;7821533;17364;4;8615679;1;0;0;0
FR;0;2021-05-09;129735;44486;243;0;53124;0;0;0;0;18364036;7866019;17607;4;8668803;1;0;0;0
FR;0;2021-05-10;313436;229737;1239;0;255518;0;0;0;0;18677472;8095756;18846;4;8924321;1;0;0;0
FR;0;2021-05-11;403987;258455;1566;0;296886;0;0;0;0;19081459;8354211;20412;4;9221207;1;0;0;0
FR;0;2021-05-12;434230;233896;1544;0;270184;0;0;0;0;19515689;8588107;21956;4;9491391;1;0;0;0
FR;0;2021-05-13;338643;56436;432;0;77929;0;0;0;0;19854332;8644543;22388;4;9569320;1;0;0;0
FR;0;2021-05-14;454194;167500;1130;0;203112;0;0;0;0;20308526;8812043;23518;4;9772432;1;0;0;0
FR;0;2021-05-15;375021;94403;445;0;120803;0;0;0;0;20683547;8906446;23963;4;9893235;1;0;0;0
FR;0;2021-05-16;202779;20693;168;0;34094;0;0;0;0;20886326;8927139;24131;4;9927329;1;0;0;0
FR;0;2021-05-17;376169;148881;1555;0;178671;0;0;0;0;21262495;9076020;25686;4;10106000;1;0;0;0
FR;0;2021-05-18;460231;154150;1991;0;193303;0;0;0;0;21722726;9230170;27677;4;10299303;1;0;0;0
FR;0;2021-05-19;467480;142579;2466;0;179844;0;0;0;0;22190206;9372749;30143;4;10479147;1;0;0;0
FR;0;2021-05-20;507609;160253;2340;0;204211;0;0;0;0;22697815;9533002;32483;4;10683358;1;0;0;0
FR;0;2021-05-21;489736;175269;1997;0;221814;0;0;0;0;23187551;9708271;34480;4;10905172;1;0;0;0
FR;0;2021-05-22;347231;80250;670;0;108682;0;0;0;0;23534782;9788521;35150;4;11013854;1;0;0;0
FR;0;2021-05-23;161719;14211;246;0;26680;0;0;0;0;23696501;9802732;35396;4;11040534;1;0;0;0
FR;0;2021-05-24;263222;33110;604;0;52945;0;0;0;0;23959723;9835842;36000;4;11093479;1;0;0;0
FR;0;2021-05-25;400322;190462;2357;1;227031;0;0;0;0;24360045;10026304;38357;5;11320510;1;0;0;0
FR;0;2021-05-26;413524;191297;2227;0;229347;0;0;0;0;24773569;10217601;40584;5;11549857;1;0;0;0
FR;0;2021-05-27;449888;220130;2163;0;267271;0;0;0;0;25223457;10437731;42747;5;11817128;1;0;0;0
FR;0;2021-05-28;429618;261169;1895;0;319269;0;0;0;0;25653075;10698900;44642;5;12136397;1;0;0;0
FR;0;2021-05-29;299011;150537;586;0;183390;0;0;0;0;25952086;10849437;45228;5;12319787;1;0;0;0
FR;0;2021-05-30;107156;32505;164;0;42089;0;0;0;0;26059242;10881942;45392;5;12361876;1;0;0;0
FR;0;2021-05-31;358084;203491;1474;1;241772;1;0;0;0;26417326;11085433;46866;6;12603648;2;0;0;0
FR;0;2021-06-01;431157;251296;1969;1;302942;1;0;0;0;26848483;11336729;48835;7;12906590;3;0;0;0
FR;0;2021-06-02;420191;232822;1986;0;280209;0;0;0;0;27268674;11569551;50821;7;13186799;3;0;0;0
FR;0;2021-06-03;465722;257781;1826;0;312557;0;0;0;0;27734396;11827332;52647;7;13499356;3;0;0;0
FR;0;2021-06-04;456311;305903;1735;1;363318;1;0;0;0;28190707;12133235;54382;8;13862674;4;0;0;0
FR;0;2021-06-05;304841;189571;653;0;222794;0;0;0;0;28495548;12322806;55035;8;14085468;4;0;0;0
FR;0;2021-06-06;133344;49020;227;0;61159;0;0;0;0;28628892;12371826;55262;8;14146627;4;0;0;0
FR;0;2021-06-07;340028;261515;1529;0;298607;0;0;0;0;28968920;12633341;56791;8;14445234;4;0;0;0
FR;0;2021-06-08;393974;291419;1806;0;338284;0;0;0;0;29362894;12924760;58597;8;14783518;4;0;0;0
FR;0;2021-06-09;384974;273778;1734;0;318173;0;0;0;0;29747868;13198538;60331;8;15101691;4;0;0;0
FR;0;2021-06-10;404263;286280;1728;1;335730;0;0;0;0;30152131;13484818;62059;9;15437421;4;0;0;0
FR;0;2021-06-11;386734;356530;1468;1;406975;0;0;0;0;30538865;13841348;63527;10;15844396;4;0;0;0
FR;0;2021-06-12;283300;210995;497;0;243141;0;0;0;0;30822165;14052343;64024;10;16087537;4;0;0;0
FR;0;2021-06-13;104907;73843;204;0;84836;0;0;0;0;30927072;14126186;64228;10;16172373;4;0;0;0
FR;0;2021-06-14;240891;354033;1429;1;383229;0;0;0;0;31167963;14480219;65657;11;16555602;4;0;0;0
FR;0;2021-06-15;308237;384328;1574;1;423101;0;0;0;0;31476200;14864547;67231;12;16978703;4;0;0;0
FR;0;2021-06-16;314027;357605;1419;1;395368;0;0;0;0;31790227;15222152;68650;13;17374071;4;0;0;0
FR;0;2021-06-17;317743;373169;1432;1;414367;0;0;0;0;32107970;15595321;70082;14;17788438;4;0;0;0
FR;0;2021-06-18;321785;442592;1342;1;485999;0;0;0;0;32429755;16037913;71424;15;18274437;4;0;0;0
FR;0;2021-06-19;224368;274028;449;0;301220;0;0;0;0;32654123;16311941;71873;15;18575657;4;0;0;0
FR;0;2021-06-20;74459;102288;131;0;111482;0;0;0;0;32728582;16414229;72004;15;18687139;4;0;0;0
FR;0;2021-06-21;195819;401757;1038;1;427722;1;0;0;0;32924401;16815986;73042;16;19114861;5;0;0;0
FR;0;2021-06-22;223244;467818;1266;10;500486;1;0;0;0;33147645;17283804;74308;26;19615347;6;0;0;0
FR;0;2021-06-23;234087;440133;1198;1;474244;1;0;0;0;33381732;17723937;75506;27;20089591;7;0;0;0
FR;0;2021-06-24;241909;409760;1359;0;447253;0;0;0;0;33623641;18133697;76865;27;20536844;7;0;0;0
FR;0;2021-06-25;227677;523086;1404;0;562086;0;0;0;0;33851318;18656783;78269;27;21098930;7;0;0;0
FR;0;2021-06-26;153295;371099;589;1;395906;0;0;0;0;34004613;19027882;78858;28;21494836;7;0;0;0
FR;0;2021-06-27;55924;155943;169;1;164853;0;0;0;0;34060537;19183825;79027;29;21659689;7;0;0;0
FR;0;2021-06-28;154813;452530;1178;0;478129;0;0;0;0;34215350;19636355;80205;29;22137818;7;0;0;0
FR;0;2021-06-29;182752;507848;2124;0;539219;0;0;0;0;34398102;20144203;82329;29;22677037;7;0;0;0
FR;0;2021-06-30;204047;485259;2016;21;519525;2;0;0;0;34602149;20629462;84345;50;23196562;9;0;0;0
FR;0;2021-07-01;231467;458567;2226;5;498506;0;0;0;0;34833616;21088029;86571;55;23695068;9;0;0;0
FR;0;2021-07-02;228707;520026;2120;5;562335;2;0;0;0;35062323;21608055;88691;60;24257403;11;0;0;0
FR;0;2021-07-03;142058;368760;908;3;395247;1;0;0;0;35204381;21976815;89599;63;24652650;12;0;0;0
FR;0;2021-07-04;56765;141007;265;0;150697;0;0;0;0;35261146;22117822;89864;63;24803347;12;0;0;0
FR;0;2021-07-05;168553;418660;1668;8;448603;0;0;0;0;35429699;22536482;91532;71;25251950;12;0;0;0
FR;0;2021-07-06;196812;474524;1830;45;511115;8;0;0;0;35626511;23011006;93362;116;25763065;20;0;0;0
FR;0;2021-07-07;213258;438961;1881;25;477423;2;0;0;0;35839769;23449967;95243;141;26240488;22;0;0;0
FR;0;2021-07-08;231680;424142;2090;20;468071;2;0;0;0;36071449;23874109;97333;161;26708559;24;0;0;0
FR;0;2021-07-09;228644;511072;2185;4;557358;1;0;0;0;36300093;24385181;99518;165;27265917;25;0;0;0
FR;0;2021-07-10;148640;339926;986;1;368866;0;0;0;0;36448733;24725107;100504;166;27634783;25;0;0;0
FR;0;2021-07-11;60217;110051;284;0;120961;0;0;0;0;36508950;24835158;100788;166;27755744;25;0;0;0
FR;0;2021-07-12;169442;477697;1766;4;512426;0;0;0;0;36678392;25312855;102554;170;28268170;25;0;0;0
FR;0;2021-07-13;287310;526601;2050;8;585622;0;0;0;0;36965702;25839456;104604;178;28853792;25;0;0;0
FR;0;2021-07-14;181122;157330;435;0;186638;0;0;0;0;37146824;25996786;105039;178;29040430;25;0;0;0
FR;0;2021-07-15;347131;501598;2100;1;571558;0;0;0;0;37493955;26498384;107139;179;29611988;25;0;0;0
FR;0;2021-07-16;380125;494964;2023;3;574136;1;0;0;0;37874080;26993348;109162;182;30186124;26;0;0;0
FR;0;2021-07-17;259756;319634;877;1;368593;0;0;0;0;38133836;27312982;110039;183;30554717;26;0;0;0
FR;0;2021-07-18;109747;114566;310;0;133003;0;0;0;0;38243583;27427548;110349;183;30687720;26;0;0;0
FR;0;2021-07-19;285528;423874;1631;3;478880;0;0;0;0;38529111;27851422;111980;186;31166600;26;0;0;0
FR;0;2021-07-20;376944;451205;1725;0;523536;0;0;0;0;38906055;28302627;113705;186;31690136;26;0;0;0
FR;0;2021-07-21;395847;406823;1550;4;481806;1;0;0;0;39301902;28709450;115255;190;32171942;27;0;0;0
FR;0;2021-07-22;441092;387298;1715;4;471765;1;0;0;0;39742994;29096748;116970;194;32643707;28;0;0;0
FR;0;2021-07-23;440354;421956;1883;4;509916;1;0;0;0;40183348;29518704;118853;198;33153623;29;0;0;0
FR;0;2021-07-24;285264;269309;804;1;321988;0;0;0;0;40468612;29788013;119657;199;33475611;29;0;0;0
FR;0;2021-07-25;121130;79920;234;0;100272;0;0;0;0;40589742;29867933;119891;199;33575883;29;0;0;0
FR;0;2021-07-26;347453;322133;1614;3;384686;1;0;0;0;40937195;30190066;121505;202;33960569;30;0;0;0
FR;0;2021-07-27;464124;319258;1698;4;400407;1;0;0;0;41401319;30509324;123203;206;34360976;31;0;0;0
FR;0;2021-07-28;459483;289371;1637;4;366981;1;0;0;0;41860802;30798695;124840;210;34727957;32;0;0;0
FR;0;2021-07-29;489867;276104;1797;2;356973;0;0;0;0;42350669;31074799;126637;212;35084930;32;0;0;0
FR;0;2021-07-30;461862;302332;1942;5;380811;1;0;0;0;42812531;31377131;128579;217;35465741;33;0;0;0
FR;0;2021-07-31;285425;185023;916;1;231509;0;0;0;0;43097956;31562154;129495;218;35697250;33;0;0;0
FR;0;2021-08-01;112053;49908;257;0;65685;0;0;0;0;43210009;31612062;129752;218;35762935;33;0;0;0
FR;0;2021-08-02;341676;234026;1603;2;284715;0;0;0;0;43551685;31846088;131355;220;36047650;33;0;0;0
FR;0;2021-08-03;398646;244430;1729;2;304502;1;0;0;0;43950331;32090518;133084;222;36352152;34;0;0;0
FR;0;2021-08-04;384888;209509;1594;6;265629;3;0;0;0;44335219;32300027;134678;228;36617781;37;0;0;0
FR;0;2021-08-05;366203;228339;1711;0;281712;0;0;0;0;44701422;32528366;136389;228;36899493;37;0;0;0
FR;0;2021-08-06;359761;271208;1835;4;326586;0;0;0;0;45061183;32799574;138224;232;37226079;37;0;0;0
FR;0;2021-08-07;213151;178315;756;5;210041;1;0;0;0;45274334;32977889;138980;237;37436120;38;0;0;0
FR;0;2021-08-08;74213;63191;276;0;73625;0;0;0;0;45348547;33041080;139256;237;37509745;38;0;0;0
FR;0;2021-08-09;258780;258575;1549;4;297487;2;0;0;0;45607327;33299655;140805;241;37807232;40;0;0;0
FR;0;2021-08-10;306900;277042;1662;2;323426;0;0;0;0;45914227;33576697;142467;243;38130658;40;0;0;0
FR;0;2021-08-11;279769;259538;1442;5;301607;0;0;0;0;46193996;33836235;143909;248;38432265;40;0;0;0
FR;0;2021-08-12;271576;277999;1669;3;320255;0;0;0;0;46465572;34114234;145578;251;38752520;40;0;0;0
FR;0;2021-08-13;252181;278119;1594;3;316953;2;0;0;0;46717753;34392353;147172;254;39069473;42;0;0;0
FR;0;2021-08-14;145366;197056;740;0;218977;0;0;0;0;46863119;34589409;147912;254;39288450;42;0;0;0
FR;0;2021-08-15;39403;50087;218;1;55667;0;0;0;0;46902522;34639496;148130;255;39344117;42;0;0;0
FR;0;2021-08-16;186196;317469;1543;0;345385;0;0;0;0;47088718;34956965;149673;255;39689502;42;0;0;0
FR;0;2021-08-17;215721;335794;1638;7;368825;0;0;0;0;47304439;35292759;151311;262;40058327;42;0;0;0
FR;0;2021-08-18;199083;324371;1599;7;354534;3;0;0;0;47503522;35617130;152910;269;40412861;45;0;0;0
FR;0;2021-08-19;192051;325392;1642;1;355949;0;0;0;0;47695573;35942522;154552;270;40768810;45;0;0;0
FR;0;2021-08-20;186494;366179;1823;3;396607;2;0;0;0;47882067;36308701;156375;273;41165417;47;0;0;0
FR;0;2021-08-21;104814;238130;709;0;254560;0;0;0;0;47986881;36546831;157084;273;41419977;47;0;0;0
FR;0;2021-08-22;31950;87210;256;1;92163;1;0;0;0;48018831;36634041;157340;274;41512140;48;0;0;0
FR;0;2021-08-23;140999;356994;1561;3;379583;0;0;0;0;48159830;36991035;158901;277;41891723;48;0;0;0
FR;0;2021-08-24;162522;376574;1850;5;402819;0;0;0;0;48322352;37367609;160751;282;42294542;48;0;0;0
FR;0;2021-08-25;151165;350709;2038;8;375396;2;0;0;0;48473517;37718318;162789;290;42669938;50;0;0;0
FR;0;2021-08-26;142898;342770;2564;10;367558;0;0;0;0;48616415;38061088;165353;300;43037496;50;0;0;0
FR;0;2021-08-27;148458;388240;2791;11;414876;1;0;0;0;48764873;38449328;168144;311;43452372;51;0;0;0
FR;0;2021-08-28;90682;249639;1407;0;264963;0;0;0;0;48855555;38698967;169551;311;43717335;51;0;0;0
FR;0;2021-08-29;27325;83357;518;1;88273;0;0;0;0;48882880;38782324;170069;312;43805608;51;0;0;0
FR;0;2021-08-30;117432;324584;4714;6;342390;5847;0;0;0;49000312;39106908;174783;318;44147998;5898;0;0;0
FR;0;2021-08-31;128834;334453;10189;19;353930;11769;2;0;0;49129146;39441361;184972;337;44501928;17667;2;0;0
FR;0;2021-09-01;136168;285663;22437;8;302404;24415;1;0;0;49265314;39727024;207409;345;44804332;42082;3;0;0
FR;0;2021-09-02;114653;247197;26525;20;262095;29010;0;0;0;49379967;39974221;233934;365;45066427;71092;3;0;0
FR;0;2021-09-03;118329;292650;29968;24;309307;33076;1;0;0;49498296;40266871;263902;389;45375734;104168;4;0;0
FR;0;2021-09-04;89894;217797;12587;12;230494;14157;7;0;0;49588190;40484668;276489;401;45606228;118325;11;0;0
FR;0;2021-09-05;21365;44796;4397;2;48279;4716;0;0;0;49609555;40529464;280886;403;45654507;123041;11;0;0
FR;0;2021-09-06;75702;180486;31957;16;190662;34305;2;0;0;49685257;40709950;312843;419;45845169;157346;13;0;0
FR;0;2021-09-07;80318;181179;33251;43;191038;36322;2;0;0;49765575;40891129;346094;462;46036207;193668;15;0;0
FR;0;2021-09-08;91013;206087;29666;28;216570;32571;4;0;0;49856588;41097216;375760;490;46252777;226239;19;0;0
FR;0;2021-09-09;76984;165312;33085;27;174116;36699;5;0;0;49933572;41262528;408845;517;46426893;262938;24;0;0
FR;0;2021-09-10;96051;203811;35743;28;214892;40787;7;0;0;50029623;41466339;444588;545;46641785;303725;31;0;0
FR;0;2021-09-11;67168;169342;12140;19;178186;14414;0;0;0;50096791;41635681;456728;564;46819971;318139;31;0;0
FR;0;2021-09-12;12830;32094;2784;1;34140;3190;2;0;0;50109621;41667775;459512;565;46854111;321329;33;0;0
FR;0;2021-09-13;64581;126155;41249;35;134170;44266;17;0;0;50174202;41793930;500761;600;46988281;365595;50;0;0
FR;0;2021-09-14;73503;129007;56391;80;135747;62447;44;0;0;50247705;41922937;557152;680;47124028;428042;94;0;0
FR;0;2021-09-15;76668;167729;55671;58;174674;54850;76;0;0;50324373;42090666;612823;738;47298702;482892;170;0;0
FR;0;2021-09-16;63897;114505;60099;82;117880;60174;64;0;0;50388270;42205171;672922;820;47416582;543066;234;0;0
FR;0;2021-09-17;75093;156855;53871;71;159731;57367;67;0;0;50463363;42362026;726793;891;47576313;600433;301;0;0
FR;0;2021-09-18;48245;139637;15603;25;144319;17321;20;0;0;50511608;42501663;742396;916;47720632;617754;321;0;0
FR;0;2021-09-19;7908;23648;2443;1;24878;2619;1;0;0;50519516;42525311;744839;917;47745510;620373;322;0;0
FR;0;2021-09-20;44580;93751;50087;72;96241;50347;34;0;0;50564096;42619062;794926;989;47841751;670720;356;0;0
FR;0;2021-09-21;45918;98365;62772;77;98382;63506;79;0;0;50610014;42717427;857698;1066;47940133;734226;435;0;0
FR;0;2021-09-22;48708;142399;55383;82;144844;55483;47;0;0;50658722;42859826;913081;1148;48084977;789709;482;0;0
FR;0;2021-09-23;43298;92066;62408;95;91274;63589;86;0;0;50702020;42951892;975489;1243;48176251;853298;568;0;0
FR;0;2021-09-24;52324;133296;54570;107;132395;59231;78;0;0;50754344;43085188;1030059;1350;48308646;912529;646;0;0
FR;0;2021-09-25;35225;115665;16276;36;118648;18316;22;0;0;50789569;43200853;1046335;1386;48427294;930845;668;0;0
FR;0;2021-09-26;5561;17804;2273;5;18691;2331;5;0;0;50795130;43218657;1048608;1391;48445985;933176;673;0;0
FR;0;2021-09-27;33986;76897;47205;97;78783;48190;81;0;1;50829116;43295554;1095813;1488;48524768;981366;754;0;1
FR;0;2021-09-28;36524;75245;54983;90;74328;56599;47;0;0;50865640;43370799;1150796;1578;48599096;1037965;801;0;1
FR;0;2021-09-29;44426;100689;53375;113;102847;54911;41;0;0;50910066;43471488;1204171;1691;48701943;1092876;842;0;1
FR;0;2021-09-30;36350;72979;57046;96;71482;59611;58;0;0;50946416;43544467;1261217;1787;48773425;1152487;900;0;1
FR;0;2021-10-01;61720;102862;57836;108;101414;64019;23;0;0;51008136;43647329;1319053;1895;48874839;1216506;923;0;1
FR;0;2021-10-02;39472;78460;20965;39;81737;23386;12;0;0;51047608;43725789;1340018;1934;48956576;1239892;935;0;1
FR;0;2021-10-03;5289;10491;2536;4;11257;2542;4;0;0;51052897;43736280;1342554;1938;48967833;1242434;939;0;1
FR;0;2021-10-04;35208;58504;52638;84;59505;54860;37;0;0;51088105;43794784;1395192;2022;49027338;1297294;976;0;1
FR;0;2021-10-05;33937;64379;61032;135;62109;65120;48;0;0;51122042;43859163;1456224;2157;49089447;1362414;1024;0;1
FR;0;2021-10-06;42728;79307;65763;112;80179;68384;29;0;0;51164770;43938470;1521987;2269;49169626;1430798;1053;0;1
FR;0;2021-10-07;30575;62286;65447;88;59503;68896;38;0;0;51195345;44000756;1587434;2357;49229129;1499694;1091;0;1
FR;0;2021-10-08;49486;91947;77773;111;89889;84807;39;0;0;51244831;44092703;1665207;2468;49319018;1584501;1130;0;1
FR;0;2021-10-09;33677;60950;31549;35;64140;33933;17;0;0;51278508;44153653;1696756;2503;49383158;1618434;1147;0;1
FR;0;2021-10-10;4722;7422;3199;9;7938;3475;2;0;0;51283230;44161075;1699955;2512;49391096;1621909;1149;0;1
FR;0;2021-10-11;30734;49886;61050;105;50601;64120;46;0;0;51313964;44210961;1761005;2617;49441697;1686029;1195;0;1
FR;0;2021-10-12;31650;54483;70635;141;51310;76050;27;0;0;51345614;44265444;1831640;2758;49493007;1762079;1222;0;1
FR;0;2021-10-13;40167;62854;74443;137;62802;79398;29;0;1;51385781;44328298;1906083;2895;49555809;1841477;1251;0;2
FR;0;2021-10-14;30364;52873;68779;116;49696;73870;31;0;0;51416145;44381171;1974862;3011;49605505;1915347;1282;0;2
FR;0;2021-10-15;44961;75235;93253;191;70330;103054;26;0;0;51461106;44456406;2068115;3202;49675835;2018401;1308;0;2
FR;0;2021-10-16;31335;44085;36701;45;46704;39651;15;0;0;51492441;44500491;2104816;3247;49722539;2058052;1323;0;2
FR;0;2021-10-17;3898;5229;3603;2;5676;3674;4;0;0;51496339;44505720;2108419;3249;49728215;2061726;1327;0;2
FR;0;2021-10-18;29217;42343;67521;134;42560;71383;27;0;0;51525556;44548063;2175940;3383;49770775;2133109;1354;0;2
FR;0;2021-10-19;27196;45548;76431;140;43207;81677;45;0;0;51552752;44593611;2252371;3523;49813982;2214786;1399;0;2
FR;0;2021-10-20;35346;52407;96960;181;51812;101579;45;0;0;51588098;44646018;2349331;3704;49865794;2316365;1444;0;2
FR;0;2021-10-21;26166;45173;83998;112;41968;89196;30;0;0;51614264;44691191;2433329;3816;49907762;2405561;1474;0;2
FR;0;2021-10-22;38450;62489;104928;200;59355;112655;61;0;0;51652714;44753680;2538257;4016;49967117;2518216;1535;0;2
FR;0;2021-10-23;27034;41205;45467;57;42426;48638;14;0;0;51679748;44794885;2583724;4073;50009543;2566854;1549;0;2
FR;0;2021-10-24;2947;4763;3686;6;5014;3923;1;0;0;51682695;44799648;2587410;4079;50014557;2570777;1550;0;2
FR;0;2021-10-25;26109;36209;82347;144;35482;86681;38;0;0;51708804;44835857;2669757;4223;50050039;2657458;1588;0;2
FR;0;2021-10-26;23770;34991;87283;166;32158;92412;34;0;0;51732574;44870848;2757040;4389;50082197;2749870;1622;0;2
FR;0;2021-10-27;30115;46298;109034;257;44038;114752;48;0;0;51762689;44917146;2866074;4646;50126235;2864622;1670;0;2
FR;0;2021-10-28;23611;34930;88744;153;31197;94542;35;0;0;51786300;44952076;2954818;4799;50157432;2959164;1705;0;2
FR;0;2021-10-29;31589;51451;117348;206;46499;125437;52;0;0;51817889;45003527;3072166;5005;50203931;3084601;1757;0;2
FR;0;2021-10-30;20578;33239;50361;76;32921;53430;20;0;0;51838467;45036766;3122527;5081;50236852;3138031;1777;0;2
FR;0;2021-10-31;2519;3732;3595;3;3844;3881;3;0;0;51840986;45040498;3126122;5084;50240696;3141912;1780;0;2
FR;0;2021-11-01;8543;4869;3224;3;5021;3586;10;0;0;51849529;45045367;3129346;5087;50245717;3145498;1790;0;2
FR;0;2021-11-02;26385;40098;93612;156;36237;99674;44;0;1;51875914;45085465;3222958;5243;50281954;3245172;1834;0;3
FR;0;2021-11-03;30133;47901;118932;222;43555;125908;64;0;0;51906047;45133366;3341890;5465;50325509;3371080;1898;0;3
FR;0;2021-11-04;23824;37461;107602;217;31574;114482;46;0;0;51929871;45170827;3449492;5682;50357083;3485562;1944;0;3
FR;0;2021-11-05;32418;52937;141679;236;44650;151469;54;0;0;51962289;45223764;3591171;5918;50401733;3637031;1998;0;3
FR;0;2021-11-06;21554;34551;64912;123;32384;68354;26;0;0;51983843;45258315;3656083;6041;50434117;3705385;2024;0;3
FR;0;2021-11-07;2429;4155;5209;6;4001;5598;7;0;0;51986272;45262470;3661292;6047;50438118;3710983;2031;0;3
FR;0;2021-11-08;20633;37739;127237;227;30948;134364;50;0;0;52006905;45300209;3788529;6274;50469066;3845347;2081;0;3
FR;0;2021-11-09;22444;44652;161742;339;32855;172358;65;0;0;52029349;45344861;3950271;6613;50501921;4017705;2146;0;3
FR;0;2021-11-10;31621;54876;187070;447;44022;198890;91;0;0;52060970;45399737;4137341;7060;50545943;4216595;2237;0;3
FR;0;2021-11-11;4750;6743;12999;28;5905;13982;17;0;0;52065720;45406480;4150340;7088;50551848;4230577;2254;0;3
FR;0;2021-11-12;29102;55050;183838;252;41714;197505;86;0;0;52094822;45461530;4334178;7340;50593562;4428082;2340;0;3
FR;0;2021-11-13;20356;32599;80730;118;28228;86354;44;0;0;52115178;45494129;4414908;7458;50621790;4514436;2384;0;3
FR;0;2021-11-14;2367;3854;7183;6;3362;7846;9;0;0;52117545;45497983;4422091;7464;50625152;4522282;2393;0;3
FR;0;2021-11-15;20524;38548;160911;314;27782;171651;77;0;0;52138069;45536531;4583002;7778;50652934;4693933;2470;0;3
FR;0;2021-11-16;23675;43824;200491;394;27700;215190;115;0;1;52161744;45580355;4783493;8172;50680634;4909123;2585;0;4
FR;0;2021-11-17;30545;50236;199905;406;36445;212971;98;0;0;52192289;45630591;4983398;8578;50717079;5122094;2683;0;4
FR;0;2021-11-18;23460;45683;191757;469;29391;205745;94;0;0;52215749;45676274;5175155;9047;50746470;5327839;2777;0;4
FR;0;2021-11-19;33696;61270;243294;551;39907;262314;147;0;0;52249445;45737544;5418449;9598;50786377;5590153;2924;0;4
FR;0;2021-11-20;25426;36656;102194;207;29264;109767;43;0;0;52274871;45774200;5520643;9805;50815641;5699920;2967;0;4
FR;0;2021-11-21;2665;4444;9683;19;3442;10609;19;0;0;52277536;45778644;5530326;9824;50819083;5710529;2986;0;4
FR;0;2021-11-22;22824;33110;180437;472;18912;194922;90;0;0;52300360;45811754;5710763;10296;50837995;5905451;3076;0;4
FR;0;2021-11-23;25736;45458;229495;549;24112;247986;85;0;0;52326096;45857212;5940258;10845;50862107;6153437;3161;0;4
FR;0;2021-11-24;31821;53592;224910;715;34472;243364;80;0;0;52357917;45910804;6165168;11560;50896579;6396801;3241;0;4
FR;0;2021-11-25;25654;49132;256030;739;25045;277941;112;0;0;52383571;45959936;6421198;12299;50921624;6674742;3353;0;4
FR;0;2021-11-26;33255;74669;379565;867;37391;414800;172;0;0;52416826;46034605;6800763;13166;50959015;7089542;3525;0;4
FR;0;2021-11-27;23508;49551;214980;391;28441;236785;135;0;0;52440334;46084156;7015743;13557;50987456;7326327;3660;0;4
FR;0;2021-11-28;3528;10444;56787;66;4057;63334;42;0;0;52443862;46094600;7072530;13623;50991513;7389661;3702;0;4
FR;0;2021-11-29;19449;54063;341575;864;23089;371915;178;0;0;52463311;46148663;7414105;14487;51014602;7761576;3880;0;4
FR;0;2021-11-30;24789;71792;457491;988;26791;500933;291;0;0;52488100;46220455;7871596;15475;51041393;8262509;4171;0;4
FR;0;2021-12-01;27400;75418;469226;1162;31307;511449;304;0;0;52515500;46295873;8340822;16637;51072700;8773958;4475;0;4
FR;0;2021-12-02;22133;71462;527255;1282;20998;575056;309;0;0;52537633;46367335;8868077;17919;51093698;9349014;4784;0;4
FR;0;2021-12-03;25581;92769;596539;1421;34328;651332;343;0;0;52563214;46460104;9464616;19340;51128026;10000346;5127;0;4
FR;0;2021-12-04;18343;60286;336314;692;25662;369890;197;0;0;52581557;46520390;9800930;20032;51153688;10370236;5324;0;4
FR;0;2021-12-05;4158;16083;95820;157;4852;107050;92;0;0;52585715;46536473;9896750;20189;51158540;10477286;5416;0;4
FR;0;2021-12-06;28453;72663;493294;1175;25220;540114;386;0;0;52614168;46609136;10390044;21364;51183760;11017400;5802;0;4
FR;0;2021-12-07;23569;91191;645586;1774;28508;706599;416;0;0;52637737;46700327;11035630;23138;51212268;11723999;6218;0;4
FR;0;2021-12-08;25525;91865;591906;1875;34937;647774;439;0;0;52663262;46792192;11627536;25013;51247205;12371773;6657;0;4
FR;0;2021-12-09;24088;94020;663383;2179;28967;726827;463;0;0;52687350;46886212;12290919;27192;51276172;13098600;7120;0;4
FR;0;2021-12-10;28080;110826;736224;2075;37931;806397;471;0;1;52715430;46997038;13027143;29267;51314103;13904997;7591;0;5
FR;0;2021-12-11;20255;76039;435254;990;29935;480481;343;0;0;52735685;47073077;13462397;30257;51344038;14385478;7934;0;5
FR;0;2021-12-12;5685;23103;142362;262;6384;159234;108;0;0;52741370;47096180;13604759;30519;51350422;14544712;8042;0;5
FR;0;2021-12-13;21371;90677;587853;1699;29631;649470;397;0;0;52762741;47186857;14192612;32218;51380053;15194182;8439;0;5
FR;0;2021-12-14;27991;118201;765821;2658;35396;847801;701;0;1;52790732;47305058;14958433;34876;51415449;16041983;9140;0;6
FR;0;2021-12-15;28459;114131;694534;2267;39486;769315;503;0;1;52819191;47419189;15652967;37143;51454935;16811298;9643;0;7
FR;0;2021-12-16;28061;115565;764269;2559;35078;844694;516;0;0;52847252;47534754;16417236;39702;51490013;17655992;10159;0;7
FR;0;2021-12-17;31667;128220;808043;2713;43321;892195;612;0;0;52878919;47662974;17225279;42415;51533334;18548187;10771;0;7
FR;0;2021-12-18;24945;81470;470065;1179;30041;522268;353;0;0;52903864;47744444;17695344;43594;51563375;19070455;11124;0;7
FR;0;2021-12-19;8770;28505;169449;376;7834;191055;143;0;0;52912634;47772949;17864793;43970;51571209;19261510;11267;0;7
FR;0;2021-12-20;31785;97020;591631;1789;33814;658849;503;0;0;52944419;47869969;18456424;45759;51605023;19920359;11770;0;7
FR;0;2021-12-21;39483;111839;682567;2391;38746;759700;607;0;0;52983902;47981808;19138991;48150;51643769;20680059;12377;0;7
FR;0;2021-12-22;39566;99107;575908;2169;37076;642226;687;0;2;53023468;48080915;19714899;50319;51680845;21322285;13064;0;9
FR;0;2021-12-23;33792;79318;441114;1659;30089;494450;589;0;0;53057260;48160233;20156013;51978;51710934;21816735;13653;0;9
FR;0;2021-12-24;10700;26013;111061;398;11637;126677;236;0;1;53067960;48186246;20267074;52376;51722571;21943412;13889;0;10
FR;0;2021-12-25;779;3566;7603;25;2046;9023;72;0;0;53068739;48189812;20274677;52401;51724617;21952435;13961;0;10
FR;0;2021-12-26;4699;11879;52126;142;4738;60170;170;0;0;53073438;48201691;20326803;52543;51729355;22012605;14131;0;10
FR;0;2021-12-27;30511;83904;453631;1364;33013;509279;665;0;0;53103949;48285595;20780434;53907;51762368;22521884;14796;0;10
FR;0;2021-12-28;38368;98787;564241;1769;35081;632337;1558;0;2;53142317;48384382;21344675;55676;51797449;23154221;16354;0;12
FR;0;2021-12-29;39882;88134;501291;1687;33083;561056;1738;0;1;53182199;48472516;21845966;57363;51830532;23715277;18092;0;13
FR;0;2021-12-30;35928;75050;421074;1520;29497;471181;1880;0;0;53218127;48547566;22267040;58883;51860029;24186458;19972;0;13
FR;0;2021-12-31;12053;25071;116896;405;11263;131678;741;0;0;53230180;48572637;22383936;59288;51871292;24318136;20713;0;13
FR;0;2022-01-01;1594;3214;8533;37;1805;9942;103;0;0;53231774;48575851;22392469;59325;51873097;24328078;20816;0;13
FR;0;2022-01-02;6131;13015;58437;126;5109;66976;408;0;0;53237905;48588866;22450906;59451;51878206;24395054;21224;0;13
FR;0;2022-01-03;39722;90135;494909;1597;36876;551787;2650;0;1;53277627;48679001;22945815;61048;51915082;24946841;23874;0;14
FR;0;2022-01-04;42312;110975;641487;2309;40643;714498;3836;0;3;53319939;48789976;23587302;63357;51955725;25661339;27710;0;17
FR;0;2022-01-05;61224;103578;569284;1985;43794;634319;3429;0;2;53381163;48893554;24156586;65342;51999519;26295658;31139;0;19
FR;0;2022-01-06;44320;110303;639069;2702;40219;711590;4557;0;2;53425483;49003857;24795655;68044;52039738;27007248;35696;0;21
FR;0;2022-01-07;50847;123277;711080;2811;46837;790564;4995;0;2;53476330;49127134;25506735;70855;52086575;27797812;40691;0;23
FR;0;2022-01-08;45015;80266;423847;1213;35045;472912;2447;0;3;53521345;49207400;25930582;72068;52121620;28270724;43138;0;26
FR;0;2022-01-09;15614;26593;128585;300;11483;145663;829;0;0;53536959;49233993;26059167;72368;52133103;28416387;43967;0;26
FR;0;2022-01-10;35424;93247;469402;1816;43020;522789;3722;0;1;53572383;49327240;26528569;74184;52176123;28939176;47689;0;27
FR;0;2022-01-11;41955;100433;548346;2310;42395;608593;5219;0;2;53614338;49427673;27076915;76494;52218518;29547769;52908;0;29
FR;0;2022-01-12;60424;95682;452751;1969;49481;504414;4497;0;8;53674762;49523355;27529666;78463;52267999;30052183;57405;0;37
FR;0;2022-01-13;38275;92515;487422;2084;40548;541105;5467;0;8;53713037;49615870;28017088;80547;52308547;30593288;62872;0;45
FR;0;2022-01-14;42590;103290;568676;2286;43498;629064;6463;0;2;53755627;49719160;28585764;82833;52352045;31222352;69335;0;47
FR;0;2022-01-15;39433;65878;340169;985;31446;377582;3296;0;1;53795060;49785038;28925933;83818;52383491;31599934;72631;0;48
FR;0;2022-01-16;11415;19195;87447;216;9019;99403;764;0;0;53806475;49804233;29013380;84034;52392510;31699337;73395;0;48
FR;0;2022-01-17;24756;59980;320335;1384;28038;354173;3960;0;4;53831231;49864213;29333715;85418;52420548;32053510;77355;0;52
FR;0;2022-01-18;28332;68677;361150;1802;32012;397597;5771;0;1;53859563;49932890;29694865;87220;52452560;32451107;83126;0;53
FR;0;2022-01-19;43231;67011;281354;1452;40387;311094;4392;0;5;53902794;49999901;29976219;88672;52492947;32762201;87518;0;58
FR;0;2022-01-20;23681;59588;299069;1750;29560;328537;5636;0;4;53926475;50059489;30275288;90422;52522507;33090738;93154;0;62
FR;0;2022-01-21;28215;68762;366413;2086;33069;401220;6579;0;3;53954690;50128251;30641701;92508;52555576;33491958;99733;0;65
FR;0;2022-01-22;27630;47972;218811;840;27303;241796;2838;0;2;53982320;50176223;30860512;93348;52582879;33733754;102571;0;67
FR;0;2022-01-23;6740;12964;48695;173;7503;55170;591;0;1;53989060;50189187;30909207;93521;52590382;33788924;103162;0;68
FR;0;2022-01-24;16286;47439;217356;1149;25402;239356;4102;0;3;54005346;50236626;31126563;94670;52615784;34028280;107264;0;71
FR;0;2022-01-25;19034;54313;243103;1548;28806;267101;6067;0;5;54024380;50290939;31369666;96218;52644590;34295381;113331;0;76
FR;0;2022-01-26;28148;60549;209319;1299;41361;229548;4479;0;3;54052528;50351488;31578985;97517;52685951;34524929;117810;0;79
FR;0;2022-01-27;16338;46487;207674;1287;26149;226064;5693;0;4;54068866;50397975;31786659;98804;52712100;34750993;123503;0;83
FR;0;2022-01-28;21594;78648;290091;1574;44969;321348;7411;0;4;54090460;50476623;32076750;100378;52757069;35072341;130914;0;87
FR;0;2022-01-29;18424;52847;184145;689;32750;204577;3255;0;2;54108884;50529470;32260895;101067;52789819;35276918;134169;0;89
FR;0;2022-01-30;4477;14463;39152;124;9130;45056;637;0;1;54113361;50543933;32300047;101191;52798949;35321974;134806;0;90
FR;0;2022-01-31;11261;43903;148219;742;26129;164720;4230;0;5;54124622;50587836;32448266;101933;52825078;35486694;139036;0;95
FR;0;2022-02-01;13652;48294;174148;1145;27330;191337;7036;0;1;54138274;50636130;32622414;103078;52852408;35678031;146072;0;96
FR;0;2022-02-02;20760;66295;171560;1034;46159;190079;5970;0;10;54159034;50702425;32793974;104112;52898567;35868110;152042;0;106
FR;0;2022-02-03;11758;44791;157585;990;25346;173287;6933;0;6;54170792;50747216;32951559;105102;52923913;36041397;158975;0;112
FR;0;2022-02-04;14646;67974;239263;1267;37597;264082;9153;0;6;54185438;50815190;33190822;106369;52961510;36305479;168128;0;118
FR;0;2022-02-05;12903;51439;153565;523;31977;172294;3784;0;3;54198341;50866629;33344387;106892;52993487;36477773;171912;0;121
FR;0;2022-02-06;2726;12168;28898;102;7289;33830;662;0;0;54201067;50878797;33373285;106994;53000776;36511603;172574;0;121
FR;0;2022-02-07;9618;46619;156905;594;24513;176304;5294;0;6;54210685;50925416;33530190;107588;53025289;36687907;177868;0;127
FR;0;2022-02-08;9815;43101;166663;870;20966;184458;7054;0;6;54220500;50968517;33696853;108458;53046255;36872365;184922;0;133
FR;0;2022-02-09;14464;58263;172360;876;35361;193069;5788;0;9;54234964;51026780;33869213;109334;53081616;37065434;190710;0;142
FR;0;2022-02-10;8731;39227;150244;881;18704;166722;6503;0;2;54243695;51066007;34019457;110215;53100320;37232156;197213;0;144
FR;0;2022-02-11;10864;55702;218522;1101;25845;243117;8322;0;3;54254559;51121709;34237979;111316;53126165;37475273;205535;0;147
FR;0;2022-02-12;8409;40970;134740;465;22637;151768;3509;0;4;54262968;51162679;34372719;111781;53148802;37627041;209044;0;151
FR;0;2022-02-13;1940;8605;26568;86;4411;30930;544;0;3;54264908;51171284;34399287;111867;53153213;37657971;209588;0;154
FR;0;2022-02-14;6997;35260;148389;487;14672;166385;4789;0;5;54271905;51206544;34547676;112354;53167885;37824356;214377;0;159
FR;0;2022-02-15;7070;36238;147003;751;16008;162588;6849;0;3;54278975;51242782;34694679;113105;53183893;37986944;221226;0;162
FR;0;2022-02-16;9417;42994;132550;722;25984;146770;5727;0;6;54288392;51285776;34827229;113827;53209877;38133714;226953;0;168
FR;0;2022-02-17;5582;24348;87318;587;13147;94893;5408;0;5;54293974;51310124;34914547;114414;53223024;38228607;232361;0;173
FR;0;2022-02-18;7003;33595;119671;807;18768;129336;7416;0;2;54300977;51343719;35034218;115221;53241792;38357943;239777;0;175
FR;0;2022-02-19;5371;24557;70030;371;15909;77340;3020;0;2;54306348;51368276;35104248;115592;53257701;38435283;242797;0;177
FR;0;2022-02-20;1152;4661;12175;39;2916;13957;460;0;1;54307500;51372937;35116423;115631;53260617;38449240;243257;0;178
FR;0;2022-02-21;4100;17896;61958;351;10173;67188;4059;0;2;54311600;51390833;35178381;115982;53270790;38516428;247316;0;180
FR;0;2022-02-22;4468;18668;60840;577;11270;64481;5255;0;1;54316068;51409501;35239221;116559;53282060;38580909;252571;0;181
FR;0;2022-02-23;6593;27365;66512;593;19633;71911;4595;0;3;54322661;51436866;35305733;117152;53301693;38652820;257166;0;184
FR;0;2022-02-24;3852;15563;50435;519;9523;53259;4531;0;2;54326513;51452429;35356168;117671;53311216;38706079;261697;0;186
FR;0;2022-02-25;5287;24299;76372;804;15274;80104;7336;0;7;54331800;51476728;35432540;118475;53326490;38786183;269033;0;193
FR;0;2022-02-26;3995;17772;47422;359;12174;51489;3083;0;3;54335795;51494500;35479962;118834;53338664;38837672;272116;0;196
FR;0;2022-02-27;881;3011;8040;47;1980;8949;531;0;0;54336676;51497511;35488002;118881;53340644;38846621;272647;0;196
FR;0;2022-02-28;3127;12562;40497;359;7596;42930;3858;0;0;54339803;51510073;35528499;119240;53348240;38889551;276505;0;196
FR;0;2022-03-01;4013;12615;44203;437;7639;44875;5518;0;6;54343816;51522688;35572702;119677;53355879;38934426;282023;0;202
FR;0;2022-03-02;5338;17901;47155;448;12961;49087;4931;0;2;54349154;51540589;35619857;120125;53368840;38983513;286954;0;204
FR;0;2022-03-03;2829;9362;29903;371;6260;30026;4050;0;2;54351983;51549951;35649760;120496;53375100;39013539;291004;0;206
FR;0;2022-03-04;3230;12519;40343;669;8518;39492;6235;0;4;54355213;51562470;35690103;121165;53383618;39053031;297239;0;210
FR;0;2022-03-05;3074;9290;24963;314;7132;25127;3135;0;1;54358287;51571760;35715066;121479;53390750;39078158;300374;0;211
FR;0;2022-03-06;522;1408;3199;43;1031;3442;379;0;0;54358809;51573168;35718265;121522;53391781;39081600;300753;0;211
FR;0;2022-03-07;2499;5636;18438;315;3853;17710;3307;0;4;54361308;51578804;35736703;121837;53395634;39099310;304060;0;215
FR;0;2022-03-08;2155;6080;19452;363;4334;17925;4093;0;3;54363463;51584884;35756155;122200;53399968;39117235;308153;0;218
FR;0;2022-03-09;3583;10573;22200;408;8800;21295;4042;0;4;54367046;51595457;35778355;122608;53408768;39138530;312195;0;222
FR;0;2022-03-10;1833;5848;17012;345;4397;15838;3408;0;3;54368879;51601305;35795367;122953;53413165;39154368;315603;0;225
FR;0;2022-03-11;2422;7568;24511;545;5446;22280;5479;0;2;54371301;51608873;35819878;123498;53418611;39176648;321082;0;227
FR;0;2022-03-12;2698;6777;17168;309;5495;16522;3137;0;2;54373999;51615650;35837046;123807;53424106;39193170;324219;0;229
FR;0;2022-03-13;406;795;2323;149;604;2272;537;0;0;54374405;51616445;35839369;123956;53424710;39195442;324756;0;229
FR;0;2022-03-14;1561;4277;14989;4412;2812;13842;7295;0;8;54375966;51620722;35854358;128368;53427522;39209284;332051;0;237
FR;0;2022-03-15;1751;6294;16387;7556;4809;14618;11036;0;9;54377717;51627016;35870745;135924;53432331;39223902;343087;0;246
FR;0;2022-03-16;3038;7414;19435;13141;6216;18113;16297;0;8;54380755;51634430;35890180;149065;53438547;39242015;359384;0;254
FR;0;2022-03-17;1465;3988;13157;10846;2809;11997;13314;0;9;54382220;51638418;35903337;159911;53441356;39254012;372698;0;263
FR;0;2022-03-18;2268;5758;20019;18307;4100;18115;22039;0;15;54384488;51644176;35923356;178218;53445456;39272127;394737;0;278
FR;0;2022-03-19;2294;4806;13116;9406;4142;12421;11409;0;6;54386782;51648982;35936472;187624;53449598;39284548;406146;0;284
FR;0;2022-03-20;301;738;1920;1074;530;1933;1340;0;2;54387083;51649720;35938392;188698;53450128;39286481;407486;0;286
FR;0;2022-03-21;1395;3222;12735;14951;2157;11961;16910;0;11;54388478;51652942;35951127;203649;53452285;39298442;424396;0;297
FR;0;2022-03-22;1557;3742;13807;20553;2581;12562;22845;0;5;54390035;51656684;35964934;224202;53454866;39311004;447241;0;302
FR;0;2022-03-23;2690;6300;17740;23152;5232;17248;25269;0;40;54392725;51662984;35982674;247354;53460098;39328252;472510;0;342
FR;0;2022-03-24;1411;3160;11600;17619;2248;10685;19394;0;23;54394136;51666144;35994274;264973;53462346;39338937;491904;0;365
FR;0;2022-03-25;2089;5160;18583;27775;3691;16920;30810;0;31;54396225;51671304;36012857;292748;53466037;39355857;522714;0;396
FR;0;2022-03-26;2232;4418;12080;12680;3866;11521;14402;0;26;54398457;51675722;36024937;305428;53469903;39367378;537116;0;422
FR;0;2022-03-27;365;693;1909;1483;515;1943;1740;0;1;54398822;51676415;36026846;306911;53470418;39369321;538856;0;423
FR;0;2022-03-28;1468;3082;11133;17490;2120;10621;19070;0;16;54400290;51679497;36037979;324401;53472538;39379942;557926;0;439
FR;0;2022-03-29;1452;3284;12913;27586;2098;12055;29285;0;34;54401742;51682781;36050892;351987;53474636;39391997;587211;0;473
FR;0;2022-03-30;2854;5589;15691;27435;4773;15091;29341;0;21;54404596;51688370;36066583;379422;53479409;39407088;616552;0;494
FR;0;2022-03-31;1615;3584;12991;25037;2569;12330;26647;0;43;54406211;51691954;36079574;404459;53481978;39419418;643199;0;537
FR;0;2022-04-01;2686;4588;20083;30897;2974;18725;33490;0;62;54408897;51696542;36099657;435356;53484952;39438143;676689;0;599
FR;0;2022-04-02;1532;2649;9054;10135;2009;8728;11297;0;29;54410429;51699191;36108711;445491;53486961;39446871;687986;0;628
FR;0;2022-04-03;294;516;1562;1171;360;1580;1382;0;2;54410723;51699707;36110273;446662;53487321;39448451;689368;0;630
FR;0;2022-04-04;4569;3032;12389;19129;2053;11597;20602;0;35;54415292;51702739;36122662;465791;53489374;39460048;709970;0;665
FR;0;2022-04-05;2608;3178;14353;34151;2055;13206;35769;0;85;54417900;51705917;36137015;499942;53491429;39473254;745739;0;750
FR;0;2022-04-06;2613;3964;13544;26544;3030;12819;28013;0;72;54420513;51709881;36150559;526486;53494459;39486073;773752;0;822
FR;0;2022-04-07;1989;3151;13686;33820;1999;12898;35178;0;76;54422502;51713032;36164245;560306;53496458;39498971;808930;0;898
FR;0;2022-04-08;2310;4344;19235;44015;2674;17861;46368;0;89;54424812;51717376;36183480;604321;53499132;39516832;855298;0;987
FR;0;2022-04-09;1373;2682;9315;13568;1904;8869;14800;0;30;54426185;51720058;36192795;617889;53501036;39525701;870098;0;1017
FR;0;2022-04-10;296;756;1985;2017;554;2007;2279;0;7;54426481;51720814;36194780;619906;53501590;39527708;872377;0;1024
FR;0;2022-04-11;1351;2634;11876;23934;1655;11483;25206;0;74;54427832;51723448;36206656;643840;53503245;39539191;897583;0;1098
FR;0;2022-04-12;1729;3083;14023;40928;1967;13395;41818;0;127;54429561;51726531;36220679;684768;53505212;39552586;939401;0;1225
FR;0;2022-04-13;1980;3722;13416;33118;2720;13037;34087;0;96;54431541;51730253;36234095;717886;53507932;39565623;973488;0;1321
FR;0;2022-04-14;1510;3016;13216;36354;1944;13074;37023;0;105;54433051;51733269;36247311;754240;53509876;39578697;1010511;0;1426
FR;0;2022-04-15;1883;3876;15645;35584;2618;14926;37235;0;115;54434934;51737145;36262956;789824;53512494;39593623;1047746;0;1541
FR;0;2022-04-16;1046;1834;6400;8553;1263;6263;9435;0;40;54435980;51738979;36269356;798377;53513757;39599886;1057181;0;1581
FR;0;2022-04-17;195;340;993;1174;224;1036;1242;0;7;54436175;51739319;36270349;799551;53513981;39600922;1058423;0;1588
FR;0;2022-04-18;201;561;2768;1072;358;2787;1287;0;5;54436376;51739880;36273117;800623;53514339;39603709;1059710;0;1593
FR;0;2022-04-19;1546;3031;12919;29690;1878;12480;30737;0;78;54437922;51742911;36286036;830313;53516217;39616189;1090447;0;1671
FR;0;2022-04-20;2008;3498;13308;29072;2611;12996;30088;0;96;54439930;51746409;36299344;859385;53518828;39629185;1120535;0;1767
FR;0;2022-04-21;1516;2856;12554;35211;1827;12647;35785;0;117;54441446;51749265;36311898;894596;53520655;39641832;1156320;0;1884
FR;0;2022-04-22;1880;3627;16480;37625;2402;15839;39164;0;131;54443326;51752892;36328378;932221;53523057;39657671;1195484;0;2015
FR;0;2022-04-23;1151;2071;7391;10659;1481;7242;11444;0;38;54444477;51754963;36335769;942880;53524538;39664913;1206928;0;2053
FR;0;2022-04-24;249;467;1478;1592;326;1414;1850;0;7;54444726;51755430;36337247;944472;53524864;39666327;1208778;0;2060
FR;0;2022-04-25;1308;2535;10687;21074;1615;10492;22096;0;79;54446034;51757965;36347934;965546;53526479;39676819;1230874;0;2139
FR;0;2022-04-26;1627;3008;13671;38665;1967;13114;39462;0;181;54447661;51760973;36361605;1004211;53528446;39689933;1270336;0;2320
FR;0;2022-04-27;1965;3068;11539;31087;2283;11596;31505;0;131;54449626;51764041;36373144;1035298;53530729;39701529;1301841;0;2451
FR;0;2022-04-28;1571;2778;12530;36265;1859;12271;36582;0;139;54451197;51766819;36385674;1071563;53532588;39713800;1338423;0;2590
FR;0;2022-04-29;2011;4834;15560;37281;3639;14937;38751;0;164;54453208;51771653;36401234;1108844;53536227;39728737;1377174;0;2754
FR;0;2022-04-30;1225;4703;6929;9717;4197;6758;10608;0;44;54454433;51776356;36408163;1118561;53540424;39735495;1387782;0;2798
FR;0;2022-05-01;220;325;916;1000;229;911;1141;0;6;54454653;51776681;36409079;1119561;53540653;39736406;1388923;0;2804
FR;0;2022-05-02;2365;2960;11160;18182;2056;10994;19026;0;69;54457018;51779641;36420239;1137743;53542709;39747400;1407949;0;2873
FR;0;2022-05-03;2065;3268;13726;34703;2128;13567;35624;0;163;54459083;51782909;36433965;1172446;53544837;39760967;1443573;0;3036
FR;0;2022-05-04;1924;3304;12187;25651;2304;12305;26202;0;110;54461007;51786213;36446152;1198097;53547141;39773272;1469775;0;3146
FR;0;2022-05-05;1796;3040;13070;33602;2018;12916;34270;0;180;54462803;51789253;36459222;1231699;53549159;39786188;1504045;0;3326
FR;0;2022-05-06;2218;3666;15356;36808;2325;14866;38270;0;182;54465021;51792919;36474578;1268507;53551484;39801054;1542315;0;3508
FR;0;2022-05-07;1210;1783;6464;9614;1255;6456;10339;0;48;54466231;51794702;36481042;1278121;53552739;39807510;1552654;0;3556
FR;0;2022-05-08;267;400;1175;1548;288;1236;1654;0;8;54466498;51795102;36482217;1279669;53553027;39808746;1554308;0;3564
FR;0;2022-05-09;1404;2307;9928;20259;1414;9799;21175;0;102;54467902;51797409;36492145;1299928;53554441;39818545;1575483;0;3666
FR;0;2022-05-10;1803;3432;13572;38999;2296;13128;40026;0;200;54469705;51800841;36505717;1338927;53556737;39831673;1615509;0;3866
FR;0;2022-05-11;2005;3022;10755;27942;2326;10701;28445;0;146;54471710;51803863;36516472;1366869;53559063;39842374;1643954;0;4012
FR;0;2022-05-12;1595;2745;11386;35758;1815;11055;36523;0;211;54473305;51806608;36527858;1402627;53560878;39853429;1680477;0;4223
FR;0;2022-05-13;1983;3224;13761;37981;2066;13350;39246;0;162;54475288;51809832;36541619;1440608;53562944;39866779;1719723;0;4385
FR;0;2022-05-14;1150;1647;5938;10778;1205;5801;11366;0;57;54476438;51811479;36547557;1451386;53564149;39872580;1731089;0;4442
FR;0;2022-05-15;283;479;1278;1440;302;1361;1593;0;6;54476721;51811958;36548835;1452826;53564451;39873941;1732682;0;4448
FR;0;2022-05-16;1196;2047;8694;21070;1248;8700;21597;0;128;54477917;51814005;36557529;1473896;53565699;39882641;1754279;0;4576
FR;0;2022-05-17;1592;2605;11828;37881;1671;11404;38723;0;180;54479509;51816610;36569357;1511777;53567370;39894045;1793002;0;4756
FR;0;2022-05-18;1816;2655;9693;27166;1957;9667;27784;0;109;54481325;51819265;36579050;1538943;53569327;39903712;1820786;0;4865
FR;0;2022-05-19;1451;2660;10581;35846;1636;10721;36037;0;162;54482776;51821925;36589631;1574789;53570963;39914433;1856823;0;5027
FR;0;2022-05-20;1876;3118;13426;39369;2080;12913;40389;0;168;54484652;51825043;36603057;1614158;53573043;39927346;1897212;0;5195
FR;0;2022-05-21;1159;1718;5662;9897;1314;5533;10534;0;45;54485811;51826761;36608719;1624055;53574357;39932879;1907746;0;5240
FR;0;2022-05-22;241;341;1031;1440;263;1017;1584;0;10;54486052;51827102;36609750;1625495;53574620;39933896;1909330;0;5250
FR;0;2022-05-23;1176;2127;8878;20375;1411;8828;21030;0;86;54487228;51829229;36618628;1645870;53576031;39942724;1930360;0;5336
FR;0;2022-05-24;1542;2759;11367;38882;1736;11239;39511;0;190;54488770;51831988;36629995;1684752;53577767;39953963;1969871;0;5526
FR;0;2022-05-25;1814;2837;9343;24847;2075;9481;25323;0;116;54490584;51834825;36639338;1709599;53579842;39963444;1995194;0;5642
FR;0;2022-05-26;216;430;1666;1201;293;1677;1344;0;26;54490800;51835255;36641004;1710800;53580135;39965121;1996538;0;5668
FR;0;2022-05-27;1390;2477;9266;21291;1670;9006;22325;0;94;54492190;51837732;36650270;1732091;53581805;39974127;2018863;0;5762
FR;0;2022-05-28;669;1272;3919;6795;852;3968;7204;0;38;54492859;51839004;36654189;1738886;53582657;39978095;2026067;0;5800
FR;0;2022-05-29;157;315;753;921;200;774;1033;0;4;54493016;51839319;36654942;1739807;53582857;39978869;2027100;0;5804
FR;0;2022-05-30;1026;1968;6995;19296;1248;7013;19808;0;91;54494042;51841287;36661937;1759103;53584105;39985882;2046908;0;5895
FR;0;2022-05-31;1488;2522;9823;35664;1649;9645;36295;0;171;54495530;51843809;36671760;1794767;53585754;39995527;2083203;0;6066
FR;0;2022-06-01;1752;3106;11029;24538;2252;10896;25491;0;122;54497282;51846915;36682789;1819305;53588006;40006423;2108694;0;6188
FR;0;2022-06-02;1480;2615;11310;35571;1716;10866;36516;0;174;54498762;51849530;36694099;1854876;53589722;40017289;2145210;0;6362
FR;0;2022-06-03;1728;3085;13424;38730;2054;12789;40000;0;176;54500490;51852615;36707523;1893606;53591776;40030078;2185210;0;6538
FR;0;2022-06-04;975;1516;5046;9113;1076;5117;9649;0;73;54501465;51854131;36712569;1902719;53592852;40035195;2194859;0;6611
FR;0;2022-06-05;181;335;876;1108;206;887;1230;0;4;54501646;51854466;36713445;1903827;53593058;40036082;2196089;0;6615
FR;0;2022-06-06;886;1255;2124;1329;1079;2141;1510;0;13;54502532;51855721;36715569;1905156;53594137;40038223;2197599;0;6628
FR;0;2022-06-07;1499;2713;9856;35598;1794;9434;36825;0;153;54504031;51858434;36725425;1940754;53595931;40047657;2234424;0;6781
FR;0;2022-06-08;1585;2698;9178;28790;1941;9021;29756;0;112;54505616;51861132;36734603;1969544;53597872;40056678;2264180;0;6893
FR;0;2022-06-09;1297;2442;10621;39505;1555;10266;40280;0;167;54506913;51863574;36745224;2009049;53599427;40066944;2304460;0;7060
FR;0;2022-06-10;1630;3194;13104;44828;2160;12666;46153;0;223;54508543;51866768;36758328;2053877;53601587;40079610;2350613;0;7283
FR;0;2022-06-11;962;1739;5432;11627;1125;5465;12212;0;55;54509505;51868507;36763760;2065504;53602712;40085075;2362825;0;7338
FR;0;2022-06-12;202;446;1079;1765;255;1143;1866;0;11;54509707;51868953;36764839;2067269;53602967;40086218;2364691;0;7349
FR;0;2022-06-13;1127;2069;7439;23183;1343;7269;24099;0;90;54510834;51871022;36772278;2090452;53604310;40093487;2388790;0;7439
FR;0;2022-06-14;1346;2550;10449;44949;1598;9807;46145;0;200;54512180;51873572;36782727;2135401;53605908;40103294;2434935;0;7639
FR;0;2022-06-15;1529;2465;9326;30907;1934;8965;31597;0;179;54513709;51876037;36792053;2166308;53607842;40112259;2466532;0;7818
FR;0;2022-06-16;1188;2041;9917;39932;1276;9326;40953;0;201;54514897;51878078;36801970;2206240;53609118;40121585;2507485;0;8019
FR;0;2022-06-17;1494;2859;12513;46699;1788;11920;47935;0;240;54516391;51880937;36814483;2252939;53610906;40133505;2555420;0;8259
FR;0;2022-06-18;857;1527;4566;11125;1038;4501;11719;0;67;54517248;51882464;36819049;2264064;53611944;40138006;2567139;0;8326
FR;0;2022-06-19;183;363;1059;1615;208;1131;1701;0;14;54517431;51882827;36820108;2265679;53612152;40139137;2568840;0;8340
FR;0;2022-06-20;1027;1928;8908;26079;1204;8569;27020;0;156;54518458;51884755;36829016;2291758;53613356;40147706;2595860;0;8496
FR;0;2022-06-21;1328;2404;10310;49898;1539;9339;51283;0;264;54519786;51887159;36839326;2341656;53614895;40157045;2647143;0;8760
FR;0;2022-06-22;1398;2519;8920;39065;1808;8430;40007;0;256;54521184;51889678;36848246;2380721;53616703;40165475;2687150;0;9016
FR;0;2022-06-23;1229;2370;10680;55113;1365;9886;56245;0;320;54522413;51892048;36858926;2435834;53618068;40175361;2743395;0;9336
FR;0;2022-06-24;1493;2996;13647;69187;1751;12308;71006;0;405;54523906;51895044;36872573;2505021;53619819;40187669;2814401;0;9741
FR;0;2022-06-25;939;1781;6236;19922;1112;5989;20777;0;177;54524845;51896825;36878809;2524943;53620931;40193658;2835178;0;9918
FR;0;2022-06-26;229;459;1953;3688;259;1818;3966;0;39;54525074;51897284;36880762;2528631;53621190;40195476;2839144;0;9957
FR;0;2022-06-27;1134;2026;10493;48488;1179;9636;49756;0;339;54526208;51899310;36891255;2577119;53622369;40205112;2888900;0;10296
FR;0;2022-06-28;1464;2816;14671;91410;1585;13088;93181;0;623;54527672;51902126;36905926;2668529;53623954;40218200;2982081;0;10919
FR;0;2022-06-29;1712;2835;12294;71899;1848;11242;73040;0;548;54529384;51904961;36918220;2740428;53625802;40229442;3055121;0;11467
FR;0;2022-06-30;1538;2737;14395;95167;1661;12476;97185;0;724;54530922;51907698;36932615;2835595;53627463;40241918;3152306;0;12191
FR;0;2022-07-01;2016;3806;21508;115937;2309;18859;118587;0;954;54532938;51911504;36954123;2951532;53629772;40260777;3270893;0;13145
FR;0;2022-07-02;1088;1859;8529;35755;1108;7705;36876;0;342;54534026;51913363;36962652;2987287;53630880;40268482;3307769;0;13487
FR;0;2022-07-03;294;539;2095;6455;319;1898;6804;0;79;54534320;51913902;36964747;2993742;53631199;40270380;3314573;0;13566
FR;0;2022-07-04;1968;3472;14716;79233;2338;12995;81305;0;639;54536288;51917374;36979463;3072975;53633537;40283375;3395878;0;14205
FR;0;2022-07-05;1799;3172;18842;133264;1804;16024;135556;0;1146;54538087;51920546;36998305;3206239;53635341;40299399;3531434;0;15351
FR;0;2022-07-06;1848;2790;15856;99602;1851;13649;101170;0;900;54539935;51923336;37014161;3305841;53637192;40313048;3632604;0;16251
FR;0;2022-07-07;1714;2872;18010;126041;1712;14790;128368;0;1179;54541649;51926208;37032171;3431882;53638904;40327838;3760972;0;17430
FR;0;2022-07-08;1894;3153;20756;137092;1857;16769;140084;0;1347;54543543;51929361;37052927;3568974;53640761;40344607;3901056;0;18777
FR;0;2022-07-09;868;1464;7746;37928;883;6693;38769;0;426;54544411;51930825;37060673;3606902;53641644;40351300;3939825;0;19203
FR;0;2022-07-10;272;687;2346;7004;441;2125;7395;0;94;54544683;51931512;37063019;3613906;53642085;40353425;3947220;0;19297
FR;0;2022-07-11;1458;2482;15020;88287;1404;12514;90474;0;801;54546141;51933994;37078039;3702193;53643489;40365939;4037694;0;20098
FR;0;2022-07-12;1844;3121;20537;143973;1717;16733;146678;0;1604;54547985;51937115;37098576;3846166;53645206;40382672;4184372;0;21702
FR;0;2022-07-13;1782;2755;15697;94543;1665;13278;96402;0;1080;54549767;51939870;37114273;3940709;53646871;40395950;4280774;0;22782
FR;0;2022-07-14;186;371;1955;5540;221;1834;5707;0;82;54549953;51940241;37116228;3946249;53647092;40397784;4286481;0;22864
FR;0;2022-07-15;1486;2575;15117;84465;1441;12600;86624;0;1035;54551439;51942816;37131345;4030714;53648533;40410384;4373105;0;23899
FR;0;2022-07-16;627;1193;5950;24982;699;5156;25674;0;327;54552066;51944009;37137295;4055696;53649232;40415540;4398779;0;24226
FR;0;2022-07-17;182;395;1738;4666;218;1570;4938;0;66;54552248;51944404;37139033;4060362;53649450;40417110;4403717;0;24292
FR;0;2022-07-18;1132;2252;11828;61810;1342;9978;63673;0;780;54553380;51946656;37150861;4122172;53650792;40427088;4467390;0;25072
FR;0;2022-07-19;1423;2355;15475;103709;1396;12296;105898;0;1459;54554803;51949011;37166336;4225881;53652188;40439384;4573288;0;26531
FR;0;2022-07-20;1428;2302;12966;77586;1470;10740;79173;0;1051;54556231;51951313;37179302;4303467;53653658;40450124;4652461;0;27582
FR;0;2022-07-21;1288;2172;13098;88244;1372;10500;89729;0;1316;54557519;51953485;37192400;4391711;53655030;40460624;4742190;0;28898
FR;0;2022-07-22;1433;2490;14832;89552;1469;11973;91418;0;1347;54558952;51955975;37207232;4481263;53656499;40472597;4833608;0;30245
FR;0;2022-07-23;684;1310;5536;22482;821;4858;23081;0;411;54559636;51957285;37212768;4503745;53657320;40477455;4856689;0;30656
FR;0;2022-07-24;186;353;1400;3905;204;1242;4132;0;72;54559822;51957638;37214168;4507650;53657524;40478697;4860821;0;30728
FR;0;2022-07-25;1061;1797;9493;48081;1149;7845;49518;0;737;54560883;51959435;37223661;4555731;53658673;40486542;4910339;0;31465
FR;0;2022-07-26;1300;2213;13306;85438;1321;10828;87135;0;1311;54562183;51961648;37236967;4641169;53659994;40497370;4997474;0;32776
FR;0;2022-07-27;1226;2008;10236;61318;1341;8530;62522;0;971;54563409;51963656;37247203;4702487;53661335;40505900;5059996;0;33747
FR;0;2022-07-28;1093;1864;10313;64413;1261;8224;65643;0;1046;54564502;51965520;37257516;4766900;53662596;40514124;5125639;0;34793
FR;0;2022-07-29;1282;2078;11011;65898;1387;8765;67328;0;1140;54565784;51967598;37268527;4832798;53663983;40522889;5192967;0;35933
FR;0;2022-07-30;503;867;3523;15283;604;2974;15666;0;303;54566287;51968465;37272050;4848081;53664587;40525863;5208633;0;36236
FR;0;2022-07-31;154;289;929;2439;185;788;2588;0;49;54566441;51968754;37272979;4850520;53664772;40526651;5211221;0;36285
FR;0;2022-08-01;1001;1669;7601;30240;1261;6400;31314;0;549;54567442;51970423;37280580;4880760;53666033;40533051;5242535;0;36834
FR;0;2022-08-02;1055;1651;8581;56131;1156;6895;56808;0;1170;54568497;51972074;37289161;4936891;53667189;40539946;5299343;0;38004
FR;0;2022-08-03;852;1266;6430;38681;903;5150;39419;0;702;54569349;51973340;37295591;4975572;53668092;40545096;5338762;0;38706
FR;0;2022-08-04;741;1187;6575;43161;783;5307;43726;0;917;54570090;51974527;37302166;5018733;53668875;40550403;5382488;0;39623
FR;0;2022-08-05;859;1364;7099;44975;972;5681;45630;0;993;54570949;51975891;37309265;5063708;53669847;40556084;5428118;0;40616
FR;0;2022-08-06;341;559;2101;9368;400;1759;9568;0;228;54571290;51976450;37311366;5073076;53670247;40557843;5437686;0;40844
FR;0;2022-08-07;104;160;536;1626;117;453;1702;0;38;54571394;51976610;37311902;5074702;53670364;40558296;5439388;0;40882
FR;0;2022-08-08;653;1165;4030;22109;921;3293;22544;0;490;54572047;51977775;37315932;5096811;53671285;40561589;5461932;0;41372
FR;0;2022-08-09;748;1167;5973;39963;854;4804;40446;0;844;54572795;51978942;37321905;5136774;53672139;40566393;5502378;0;42216
FR;0;2022-08-10;671;1291;4656;28058;1006;3797;28392;0;652;54573466;51980233;37326561;5164832;53673145;40570190;5530770;0;42868
FR;0;2022-08-11;640;1030;4493;29251;742;3713;29587;0;676;54574106;51981263;37331054;5194083;53673887;40573903;5560357;0;43544
FR;0;2022-08-12;849;1164;4748;28219;850;3919;28656;0;704;54574955;51982427;37335802;5222302;53674737;40577822;5589013;0;44248
FR;0;2022-08-13;356;428;1295;5260;325;1120;5419;0;121;54575311;51982855;37337097;5227562;53675062;40578942;5594432;0;44369
FR;0;2022-08-14;74;121;289;923;104;247;995;0;25;54575385;51982976;37337386;5228485;53675166;40579189;5595427;0;44394
FR;0;2022-08-15;117;232;610;564;198;558;618;0;19;54575502;51983208;37337996;5229049;53675364;40579747;5596045;0;44413
FR;0;2022-08-16;645;1078;3961;22179;840;3355;22372;0;615;54576147;51984286;37341957;5251228;53676204;40583102;5618417;0;45028
FR;0;2022-08-17;653;1041;3890;22901;816;3294;23142;0;620;54576800;51985327;37345847;5274129;53677020;40586396;5641559;0;45648
FR;0;2022-08-18;637;1002;4124;26308;806;3262;26541;0;673;54577437;51986329;37349971;5300437;53677826;40589658;5668100;0;46321
FR;0;2022-08-19;606;1167;4493;27259;875;3694;27565;0;766;54578043;51987496;37354464;5327696;53678701;40593352;5695665;0;47087
FR;0;2022-08-20;311;504;1356;5569;402;1171;5728;0;146;54578354;51988000;37355820;5333265;53679103;40594523;5701393;0;47233
FR;0;2022-08-21;97;135;305;1009;96;267;1044;0;27;54578451;51988135;37356125;5334274;53679199;40594790;5702437;0;47260
FR;0;2022-08-22;584;1002;3273;15358;781;2797;15688;0;425;54579035;51989137;37359398;5349632;53679980;40597587;5718125;0;47685
FR;0;2022-08-23;731;1180;4299;29002;853;3610;29091;0;870;54579766;51990317;37363697;5378634;53680833;40601197;5747216;0;48555
FR;0;2022-08-24;669;940;3498;19539;786;2860;19729;0;608;54580435;51991257;37367195;5398173;53681619;40604057;5766945;0;49163
FR;0;2022-08-25;626;1025;3947;23402;731;3295;23666;0;673;54581061;51992282;37371142;5421575;53682350;40607352;5790611;0;49836
FR;0;2022-08-26;862;1266;4478;25884;961;3671;26257;0;777;54581923;51993548;37375620;5447459;53683311;40611023;5816868;0;50613
FR;0;2022-08-27;297;500;1379;5469;362;1244;5533;0;194;54582220;51994048;37376999;5452928;53683673;40612267;5822401;0;50807
FR;0;2022-08-28;125;163;303;920;117;288;965;0;38;54582345;51994211;37377302;5453848;53683790;40612555;5823366;0;50845
FR;0;2022-08-29;622;970;3076;14679;770;2614;14985;0;433;54582967;51995181;37380378;5468527;53684560;40615169;5838351;0;51278
FR;0;2022-08-30;854;1224;4796;28553;900;3914;28883;0;823;54583821;51996405;37385174;5497080;53685460;40619083;5867234;0;52101
FR;0;2022-08-31;697;958;3207;17645;745;2718;17909;0;508;54584518;51997363;37388381;5514725;53686205;40621801;5885143;0;52609
FR;0;2022-09-01;757;997;4480;22500;709;3827;22766;0;623;54585275;51998360;37392861;5537225;53686914;40625628;5907909;0;53232
FR;0;2022-09-02;955;1159;5044;28613;847;4257;28907;0;914;54586230;51999519;37397905;5565838;53687761;40629885;5936816;0;54146
FR;0;2022-09-03;421;571;1919;6086;425;1666;6323;0;181;54586651;52000090;37399824;5571924;53688186;40631551;5943139;0;54327
FR;0;2022-09-04;134;150;351;876;85;347;945;0;24;54586785;52000240;37400175;5572800;53688271;40631898;5944084;0;54351
FR;0;2022-09-05;766;917;3178;16065;738;2658;16379;0;523;54587551;52001157;37403353;5588865;53689009;40634556;5960463;0;54874
FR;0;2022-09-06;918;1051;4740;31853;681;3873;32082;0;1040;54588469;52002208;37408093;5620718;53689690;40638429;5992545;0;55914
FR;0;2022-09-07;714;789;3000;16822;572;2481;16971;0;573;54589183;52002997;37411093;5637540;53690262;40640910;6009516;0;56487
FR;0;2022-09-08;632;862;3810;24866;597;3142;24957;0;818;54589815;52003859;37414903;5662406;53690859;40644052;6034473;0;57305
FR;0;2022-09-09;851;1022;4444;27660;664;3686;27836;0;951;54590666;52004881;37419347;5690066;53691523;40647738;6062309;0;58256
FR;0;2022-09-10;406;648;1739;5711;473;1539;5917;0;207;54591072;52005529;37421086;5695777;53691996;40649277;6068226;0;58463
FR;0;2022-09-11;124;131;324;657;93;307;716;0;17;54591196;52005660;37421410;5696434;53692089;40649584;6068942;0;58480
FR;0;2022-09-12;520;646;2690;13297;463;2295;13590;0;478;54591716;52006306;37424100;5709731;53692552;40651879;6082532;0;58958
FR;0;2022-09-13;679;873;3998;26521;562;3487;26398;0;875;54592395;52007179;37428098;5736252;53693114;40655366;6108930;0;59833
FR;0;2022-09-14;709;802;2968;16188;594;2485;16421;0;573;54593104;52007981;37431066;5752440;53693708;40657851;6125351;0;60406
FR;0;2022-09-15;578;848;3478;23586;600;2967;23655;0;728;54593682;52008829;37434544;5776026;53694308;40660818;6149006;0;61134
FR;0;2022-09-16;799;1050;4146;25919;734;3488;26139;0;932;54594481;52009879;37438690;5801945;53695042;40664306;6175145;0;62066
FR;0;2022-09-17;395;513;1454;6146;392;1284;6238;0;243;54594876;52010392;37440144;5808091;53695434;40665590;6181383;0;62309
FR;0;2022-09-18;117;144;323;962;123;291;1017;0;37;54594993;52010536;37440467;5809053;53695557;40665881;6182400;0;62346
FR;0;2022-09-19;482;648;2262;13219;451;1936;13402;0;436;54595475;52011184;37442729;5822272;53696008;40667817;6195802;0;62782
FR;0;2022-09-20;646;902;3790;26462;657;3157;26516;0;893;54596121;52012086;37446519;5848734;53696665;40670974;6222318;0;63675
FR;0;2022-09-21;591;775;2740;16258;579;2355;16249;0;587;54596712;52012861;37449259;5864992;53697244;40673329;6238567;0;64262
FR;0;2022-09-22;601;851;3425;23595;575;2798;23819;0;774;54597313;52013712;37452684;5888587;53697819;40676127;6262386;0;65036
FR;0;2022-09-23;838;1051;4495;28731;773;3764;28902;0;1020;54598151;52014763;37457179;5917318;53698592;40679891;6291288;0;66056
FR;0;2022-09-24;427;614;1648;6906;474;1421;7091;0;307;54598578;52015377;37458827;5924224;53699066;40681312;6298379;0;66363
FR;0;2022-09-25;99;194;336;1101;149;307;1143;0;37;54598677;52015571;37459163;5925325;53699215;40681619;6299522;0;66400
FR;0;2022-09-26;438;715;2299;13545;485;2019;13649;0;435;54599115;52016286;37461462;5938870;53699700;40683638;6313171;0;66835
FR;0;2022-09-27;614;844;3627;25944;614;2910;26099;0;959;54599729;52017130;37465089;5964814;53700314;40686548;6339270;0;67794
FR;0;2022-09-28;635;828;2557;15404;635;2305;15517;0;622;54600364;52017958;37467646;5980218;53700949;40688853;6354787;0;68416
FR;0;2022-09-29;566;768;3134;21052;546;2647;21081;43;810;54600930;52018726;37470780;6001270;53701495;40691500;6375868;43;69226
FR;0;2022-09-30;787;1125;3957;25563;845;3302;25831;715;1052;54601717;52019851;37474737;6026833;53702340;40694802;6401699;758;70278
FR;0;2022-10-01;431;681;2009;5975;529;1737;6212;396;318;54602148;52020532;37476746;6032808;53702869;40696539;6407911;1154;70596
FR;0;2022-10-02;63;136;218;639;97;215;665;66;42;54602211;52020668;37476964;6033447;53702966;40696754;6408576;1220;70638
FR;0;2022-10-03;608;947;2469;12053;780;2195;12231;2074;745;54602819;52021615;37479433;6045500;53703746;40698949;6420807;3294;71383
FR;0;2022-10-04;730;832;3394;23508;578;2785;23685;4704;1585;54603549;52022447;37482827;6069008;53704324;40701734;6444492;7998;72968
FR;0;2022-10-05;604;853;2448;14607;632;2163;14748;3656;1210;54604153;52023300;37485275;6083615;53704956;40703897;6459240;11654;74178
FR;0;2022-10-06;550;741;3090;21688;542;2522;21898;6668;1909;54604703;52024041;37488365;6105303;53705498;40706419;6481138;18322;76087
FR;0;2022-10-07;735;1013;4128;30309;740;3477;30398;16874;3204;54605438;52025054;37492493;6135612;53706238;40709896;6511536;35196;79291
FR;0;2022-10-08;355;521;1651;8432;383;1410;8601;6699;1170;54605793;52025575;37494144;6144044;53706621;40711306;6520137;41895;80461
FR;0;2022-10-09;109;141;337;1587;115;312;1650;1511;297;54605902;52025716;37494481;6145631;53706736;40711618;6521787;43406;80758
FR;0;2022-10-10;502;832;2932;20565;648;2523;20887;19597;3272;54606404;52026548;37497413;6166196;53707384;40714141;6542674;63003;84030
FR;0;2022-10-11;607;813;4269;40321;553;3572;40665;40162;6381;54607011;52027361;37501682;6206517;53707937;40717713;6583339;103165;90411
FR;0;2022-10-12;599;858;3268;26758;639;2776;27088;27304;4691;54607610;52028219;37504950;6233275;53708576;40720489;6610427;130469;95102
FR;0;2022-10-13;626;818;4017;38463;609;3138;38922;40607;6607;54608236;52029037;37508967;6271738;53709185;40723627;6649349;171076;101709
FR;0;2022-10-14;761;1073;4871;47668;783;3956;48143;51134;7863;54608997;52030110;37513838;6319406;53709968;40727583;6697492;222210;109572
FR;0;2022-10-15;368;586;1867;11851;425;1629;11965;13091;2274;54609365;52030696;37515705;6331257;53710393;40729212;6709457;235301;111846
FR;0;2022-10-16;92;135;372;1967;85;356;2012;2347;479;54609457;52030831;37516077;6333224;53710478;40729568;6711469;237648;112325
FR;0;2022-10-17;440;711;3044;26466;496;2487;26838;30794;5410;54609897;52031542;37519121;6359690;53710974;40732055;6738307;268442;117735
FR;0;2022-10-18;608;736;4706;46102;535;3762;46667;55450;11701;54610505;52032278;37523827;6405792;53711509;40735817;6784974;323892;129436
FR;0;2022-10-19;566;820;3644;34375;625;3074;34745;42463;9252;54611071;52033098;37527471;6440167;53712134;40738891;6819719;366355;138688
FR;0;2022-10-20;616;805;4843;49465;593;3730;50122;60533;12936;54611687;52033903;37532314;6489632;53712727;40742621;6869841;426888;151624
FR;0;2022-10-21;691;995;5710;57042;710;4519;57712;70965;14299;54612378;52034898;37538024;6546674;53713437;40747140;6927553;497853;165923
FR;0;2022-10-22;335;413;1654;12949;333;1320;13106;15938;3386;54612713;52035311;37539678;6559623;53713770;40748460;6940659;513791;169309
FR;0;2022-10-23;98;107;350;2064;102;266;2166;2758;631;54612811;52035418;37540028;6561687;53713872;40748726;6942825;516549;169940
FR;0;2022-10-24;552;597;3137;27135;422;2687;27563;35494;7809;54613363;52036015;37543165;6588822;53714294;40751413;6970388;552043;177749
FR;0;2022-10-25;597;726;4872;49115;535;3805;49789;65252;15449;54613960;52036741;37548037;6637937;53714829;40755218;7020177;617295;193198
FR;0;2022-10-26;534;645;3475;32622;484;2901;32928;43999;11023;54614494;52037386;37551512;6670559;53715313;40758119;7053105;661294;204221
FR;0;2022-10-27;592;698;4081;40795;499;3348;41272;54476;13137;54615086;52038084;37555593;6711354;53715812;40761467;7094377;715770;217358
FR;0;2022-10-28;704;869;4610;44189;632;3505;45008;58278;13188;54615790;52038953;37560203;6755543;53716444;40764972;7139385;774048;230546
FR;0;2022-10-29;260;363;1328;9498;261;1082;9632;12523;3012;54616050;52039316;37561531;6765041;53716705;40766054;7149017;786571;233558
FR;0;2022-10-30;87;120;287;1598;96;249;1646;2145;540;54616137;52039436;37561818;6766639;53716801;40766303;7150663;788716;234098
FR;0;2022-10-31;381;489;2075;16062;358;1626;16427;22205;5503;54616518;52039925;37563893;6782701;53717159;40767929;7167090;810921;239601
FR;0;2022-11-01;127;194;928;1123;152;961;1166;1697;504;54616645;52040119;37564821;6783824;53717311;40768890;7168256;812618;240105
FR;0;2022-11-02;519;676;3038;25403;505;2584;25879;36643;10134;54617164;52040795;37567859;6809227;53717816;40771474;7194135;849261;250239
FR;0;2022-11-03;646;703;4114;40064;537;3118;40796;57039;15379;54617810;52041498;37571973;6849291;53718353;40774592;7234931;906300;265618
FR;0;2022-11-04;659;831;4426;43659;578;3518;44279;60535;15248;54618469;52042329;37576399;6892950;53718931;40778110;7279210;966835;280866
FR;0;2022-11-05;255;376;1450;9717;299;1166;9926;13464;3294;54618724;52042705;37577849;6902667;53719230;40779276;7289136;980299;284160
FR;0;2022-11-06;94;119;263;1603;102;246;1632;2338;653;54618818;52042824;37578112;6904270;53719332;40779522;7290768;982637;284813
FR;0;2022-11-07;532;604;2763;26769;518;2249;27401;39119;11006;54619350;52043428;37580875;6931039;53719850;40781771;7318169;1021756;295819
FR;0;2022-11-08;666;818;5004;52000;605;3840;53004;74288;20078;54620016;52044246;37585879;6983039;53720455;40785611;7371173;1096044;315897
FR;0;2022-11-09;531;698;3363;31610;522;2691;32386;46363;13233;54620547;52044944;37589242;7014649;53720977;40788302;7403559;1142407;329130
FR;0;2022-11-10;628;976;4578;43680;727;3628;44581;62858;17354;54621175;52045920;37593820;7058329;53721704;40791930;7448140;1205265;346484
FR;0;2022-11-11;82;120;370;1665;88;313;1728;2800;1012;54621257;52046040;37594190;7059994;53721792;40792243;7449868;1208065;347496
FR;0;2022-11-12;212;350;1195;7102;259;978;7337;10289;2765;54621469;52046390;37595385;7067096;53722051;40793221;7457205;1218354;350261
FR;0;2022-11-13;71;115;249;1208;94;213;1262;1978;628;54621540;52046505;37595634;7068304;53722145;40793434;7458467;1220332;350889
FR;0;2022-11-14;447;531;2589;23994;378;2066;24628;36204;10889;54621987;52047036;37598223;7092298;53722523;40795500;7483095;1256536;361778
FR;0;2022-11-15;617;889;4330;45057;714;3373;46005;66921;19627;54622604;52047925;37602553;7137355;53723237;40798873;7529100;1323457;381405
FR;0;2022-11-16;564;680;3072;28596;551;2579;29132;43260;13315;54623168;52048605;37605625;7165951;53723788;40801452;7558232;1366717;394720
FR;0;2022-11-17;571;689;3826;39254;536;2986;39859;58359;17409;54623739;52049294;37609451;7205205;53724324;40804438;7598091;1425076;412129
FR;0;2022-11-18;626;786;4607;45145;601;3457;46051;65714;18349;54624365;52050080;37614058;7250350;53724925;40807895;7644142;1490790;430478
FR;0;2022-11-19;270;345;1502;9806;278;1098;10001;14323;4009;54624635;52050425;37615560;7260156;53725203;40808993;7654143;1505113;434487
FR;0;2022-11-20;79;189;304;1698;171;261;1772;2717;859;54624714;52050614;37615864;7261854;53725374;40809254;7655915;1507830;435346
FR;0;2022-11-21;437;515;2425;21448;353;1956;22018;33133;10348;54625151;52051129;37618289;7283302;53725727;40811210;7677933;1540963;445694
FR;0;2022-11-22;541;609;4035;39833;437;3169;40409;59781;18252;54625692;52051738;37622324;7323135;53726164;40814379;7718342;1600744;463946
FR;0;2022-11-23;476;568;2759;26029;415;2325;26520;40398;12888;54626168;52052306;37625083;7349164;53726579;40816704;7744862;1641142;476834
FR;0;2022-11-24;514;608;3768;37169;432;2964;37880;56833;17944;54626682;52052914;37628851;7386333;53727011;40819668;7782742;1697975;494778
FR;0;2022-11-25;579;733;4190;40153;587;3151;40996;59634;17476;54627261;52053647;37633041;7426486;53727598;40822819;7823738;1757609;512254
FR;0;2022-11-26;301;339;1335;9371;263;1064;9512;13999;3971;54627562;52053986;37634376;7435857;53727861;40823883;7833250;1771608;516225
FR;0;2022-11-27;74;88;268;1661;70;228;1689;2554;805;54627636;52054074;37634644;7437518;53727931;40824111;7834939;1774162;517030
FR;0;2022-11-28;420;482;2638;24800;363;1982;25539;38464;12200;54628056;52054556;37637282;7462318;53728294;40826093;7860478;1812626;529230
FR;0;2022-11-29;499;611;4401;46526;381;3291;47254;71104;22321;54628555;52055167;37641683;7508844;53728675;40829384;7907732;1883730;551551
FR;0;2022-11-30;508;702;3741;36929;503;2899;37735;56331;17232;54629063;52055869;37645424;7545773;53729178;40832283;7945467;1940061;568783
FR;0;2022-12-01;536;685;5323;51904;464;3915;52712;79699;25245;54629599;52056554;37650747;7597677;53729642;40836198;7998179;2019760;594028
FR;0;2022-12-02;646;750;6173;61545;535;4383;62776;92449;27456;54630245;52057304;37656920;7659222;53730177;40840581;8060955;2112209;621484
FR;0;2022-12-03;305;348;2287;18051;226;1629;18480;26729;7618;54630550;52057652;37659207;7677273;53730403;40842210;8079435;2138938;629102
FR;0;2022-12-04;97;124;524;4305;91;434;4356;6441;1856;54630647;52057776;37659731;7681578;53730494;40842644;8083791;2145379;630958
FR;0;2022-12-05;478;610;4314;44705;447;2924;45673;69051;21913;54631125;52058386;37664045;7726283;53730941;40845568;8129464;2214430;652871
FR;0;2022-12-06;634;769;6854;78300;508;4657;79821;121756;39600;54631759;52059155;37670899;7804583;53731449;40850225;8209285;2336186;692471
FR;0;2022-12-07;559;653;5366;58163;487;3613;59310;90524;29574;54632318;52059808;37676265;7862746;53731936;40853838;8268595;2426710;722045
FR;0;2022-12-08;611;723;6990;79675;463;4594;81369;124179;40871;54632929;52060531;37683255;7942421;53732399;40858432;8349964;2550889;762916
FR;0;2022-12-09;784;844;8683;95684;556;5736;97577;147343;46802;54633713;52061375;37691938;8038105;53732955;40864168;8447541;2698232;809718
FR;0;2022-12-10;409;523;3827;33958;367;2481;34855;50557;14712;54634122;52061898;37695765;8072063;53733322;40866649;8482396;2748789;824430
FR;0;2022-12-11;132;141;993;8362;101;687;8567;12255;3276;54634254;52062039;37696758;8080425;53733423;40867336;8490963;2761044;827706
FR;0;2022-12-12;521;594;6382;67481;385;4135;69076;106289;34846;54634775;52062633;37703140;8147906;53733808;40871471;8560039;2867333;862552
FR;0;2022-12-13;711;791;9052;103609;500;5638;106200;164932;55105;54635486;52063424;37712192;8251515;53734308;40877109;8666239;3032265;917657
FR;0;2022-12-14;593;724;6826;73345;487;4556;75026;117001;38770;54636079;52064148;37719018;8324860;53734795;40881665;8741265;3149266;956427
FR;0;2022-12-15;662;888;8901;95931;577;5726;98246;153330;51775;54636741;52065036;37727919;8420791;53735372;40887391;8839511;3302596;1008202
FR;0;2022-12-16;825;979;9782;104823;653;6462;107066;166531;55329;54637566;52066015;37737701;8525614;53736025;40893853;8946577;3469127;1063531
FR;0;2022-12-17;345;429;3504;31802;293;2296;32594;48444;14449;54637911;52066444;37741205;8557416;53736318;40896149;8979171;3517571;1077980
FR;0;2022-12-18;93;127;789;6334;81;542;6484;9629;2752;54638004;52066571;37741994;8563750;53736399;40896691;8985655;3527200;1080732
FR;0;2022-12-19;592;618;5756;56219;434;3683;57851;90266;30089;54638596;52067189;37747750;8619969;53736833;40900374;9043506;3617466;1110821
FR;0;2022-12-20;744;793;7953;79862;529;5247;82008;130830;45058;54639340;52067982;37755703;8699831;53737362;40905621;9125514;3748296;1155879
FR;0;2022-12-21;601;629;5339;50981;441;3590;52333;84193;29342;54639941;52068611;37761042;8750812;53737803;40909211;9177847;3832489;1185221
FR;0;2022-12-22;647;668;4916;46291;466;3437;47527;76913;26914;54640588;52069279;37765958;8797103;53738269;40912648;9225374;3909402;1212135
FR;0;2022-12-23;478;587;3449;26235;424;2632;26896;43415;14908;54641066;52069866;37769407;8823338;53738693;40915280;9252270;3952817;1227043
FR;0;2022-12-24;105;108;446;2708;80;337;2832;4289;1231;54641171;52069974;37769853;8826046;53738773;40915617;9255102;3957106;1228274
FR;0;2022-12-25;34;43;134;566;34;106;592;926;273;54641205;52070017;37769987;8826612;53738807;40915723;9255694;3958032;1228547
FR;0;2022-12-26;369;393;2500;16945;293;1829;17576;27639;8843;54641574;52070410;37772487;8843557;53739100;40917552;9273270;3985671;1237390
FR;0;2022-12-27;540;662;4219;33737;447;2955;34887;56743;19749;54642114;52071072;37776706;8877294;53739547;40920507;9308157;4042414;1257139
FR;0;2022-12-28;479;519;3241;25721;353;2317;26342;42948;14844;54642593;52071591;37779947;8903015;53739900;40922824;9334499;4085362;1271983
FR;0;2022-12-29;431;544;3424;26589;356;2408;27596;45108;15660;54643024;52072135;37783371;8929604;53740256;40925232;9362095;4130470;1287643
FR;0;2022-12-30;463;506;2632;19576;364;1868;20248;32640;11002;54643487;52072641;37786003;8949180;53740620;40927100;9382343;4163110;1298645
FR;0;2022-12-31;137;157;508;3189;121;413;3333;4945;1338;54643624;52072798;37786511;8952369;53740741;40927513;9385676;4168055;1299983
FR;0;2023-01-01;25;45;177;711;27;149;737;1026;246;54643649;52072843;37786688;8953080;53740768;40927662;9386413;4169081;1300229
FR;0;2023-01-02;705;584;3017;19046;410;2332;19526;33026;12101;54644354;52073427;37789705;8972126;53741178;40929994;9405939;4202107;1312330
FR;0;2023-01-03;671;688;4765;44191;468;3376;45136;82800;34831;54645025;52074115;37794470;9016317;53741646;40933370;9451075;4284907;1347161
FR;0;2023-01-04;542;608;3876;31104;417;2768;31918;59887;25826;54645567;52074723;37798346;9047421;53742063;40936138;9482993;4344794;1372987
FR;0;2023-01-05;668;765;4688;43313;565;3193;44246;84049;37175;54646235;52075488;37803034;9090734;53742628;40939331;9527239;4428843;1410162
FR;0;2023-01-06;748;860;5527;48576;581;3665;49637;92103;39513;54646983;52076348;37808561;9139310;53743209;40942996;9576876;4520946;1449675
FR;0;2023-01-07;349;412;1948;12935;301;1414;13256;23034;8767;54647332;52076760;37810509;9152245;53743510;40944410;9590132;4543980;1458442
FR;0;2023-01-08;104;144;496;2918;100;357;3015;5231;1992;54647436;52076904;37811005;9155163;53743610;40944767;9593147;4549211;1460434
FR;0;2023-01-09;583;635;2862;22346;458;2063;22931;45852;21214;54648019;52077539;37813867;9177509;53744068;40946830;9616078;4595063;1481648
FR;0;2023-01-10;618;793;4820;41577;552;3453;42407;87027;41788;54648637;52078332;37818687;9219086;53744620;40950283;9658485;4682090;1523436
FR;0;2023-01-11;504;603;3144;25102;440;2287;25636;52860;25235;54649141;52078935;37821831;9244188;53745060;40952570;9684121;4734950;1548671
FR;0;2023-01-12;604;693;3985;34350;471;2886;34974;72507;35102;54649745;52079628;37825816;9278538;53745531;40955456;9719095;4807457;1583773
FR;0;2023-01-13;769;810;4384;36237;564;3157;36885;74642;35216;54650514;52080438;37830200;9314775;53746095;40958613;9755980;4882099;1618989
FR;0;2023-01-14;354;346;1587;9308;237;1198;9500;17767;7419;54650868;52080784;37831787;9324083;53746332;40959811;9765480;4899866;1626408
FR;0;2023-01-15;100;135;378;1571;91;290;1682;3268;1415;54650968;52080919;37832165;9325654;53746423;40960101;9767162;4903134;1627823
FR;0;2023-01-16;425;480;2382;16347;333;1789;16609;35991;18102;54651393;52081399;37834547;9342001;53746756;40961890;9783771;4939125;1645925
FR;0;2023-01-17;504;594;3540;29063;409;2568;29626;65750;33910;54651897;52081993;37838087;9371064;53747165;40964458;9813397;5004875;1679835
FR;0;2023-01-18;471;561;2371;17447;408;1839;17760;39171;19886;54652368;52082554;37840458;9388511;53747573;40966297;9831157;5044046;1699721
FR;0;2023-01-19;506;521;2876;23071;355;2138;23420;52298;27012;54652874;52083075;37843334;9411582;53747928;40968435;9854577;5096344;1726733
FR;0;2023-01-20;636;704;3472;25811;503;2627;26296;57783;29430;54653510;52083779;37846806;9437393;53748431;40971062;9880873;5154127;1756163
FR;0;2023-01-21;261;306;1143;6423;221;881;6533;13246;6020;54653771;52084085;37847949;9443816;53748652;40971943;9887406;5167373;1762183
FR;0;2023-01-22;47;65;180;880;34;156;930;1922;874;54653818;52084150;37848129;9444696;53748686;40972099;9888336;5169295;1763057
FR;0;2023-01-23;323;414;1739;11042;272;1304;11267;27227;14820;54654141;52084564;37849868;9455738;53748958;40973403;9899603;5196522;1777877
FR;0;2023-01-24;478;532;2597;20752;376;1945;21055;51079;28342;54654619;52085096;37852465;9476490;53749334;40975348;9920658;5247601;1806219
FR;0;2023-01-25;408;554;1953;12616;398;1482;13046;30756;16453;54655027;52085650;37854418;9489106;53749732;40976830;9933704;5278357;1822672
FR;0;2023-01-26;435;530;2390;17188;384;1791;17501;42468;23403;54655462;52086180;37856808;9506294;53750116;40978621;9951205;5320825;1846075
FR;0;2023-01-27;527;946;2657;18538;771;2017;18787;45082;24580;54655989;52087126;37859465;9524832;53750887;40980638;9969992;5365907;1870655
FR;0;2023-01-28;237;291;866;4521;234;691;4640;9986;4751;54656226;52087417;37860331;9529353;53751121;40981329;9974632;5375893;1875406
FR;0;2023-01-29;42;72;124;466;55;102;504;1098;548;54656268;52087489;37860455;9529819;53751176;40981431;9975136;5376991;1875954
FR;0;2023-01-30;366;450;1345;8292;322;1112;8486;20950;11436;54656634;52087939;37861800;9538111;53751498;40982543;9983622;5397941;1887390
FR;0;2023-01-31;426;489;2051;14115;331;1534;14358;36875;21260;54657060;52088428;37863851;9552226;53751829;40984077;9997980;5434816;1908650
FR;0;2023-02-01;412;534;1726;8351;407;1472;8509;22205;12599;54657472;52088962;37865577;9560577;53752236;40985549;10006489;5457021;1921249
FR;0;2023-02-02;370;508;1730;11931;350;1436;12141;31698;18253;54657842;52089470;37867307;9572508;53752586;40986985;10018630;5488719;1939502
FR;0;2023-02-03;479;656;2064;12626;490;1646;12806;33762;19456;54658321;52090126;37869371;9585134;53753076;40988631;10031436;5522481;1958958
FR;0;2023-02-04;198;278;672;3136;239;565;3181;7454;3824;54658519;52090404;37870043;9588270;53753315;40989196;10034617;5529935;1962782
FR;0;2023-02-05;25;65;89;245;42;87;261;589;284;54658544;52090469;37870132;9588515;53753357;40989283;10034878;5530524;1963066
FR;0;2023-02-06;310;354;1102;5426;286;865;5611;15389;9055;54658854;52090823;37871234;9593941;53753643;40990148;10040489;5545913;1972121
FR;0;2023-02-07;350;498;1609;9745;367;1321;9896;28184;16900;54659204;52091321;37872843;9603686;53754010;40991469;10050385;5574097;1989021
FR;0;2023-02-08;301;394;1133;6066;312;920;6234;16995;9763;54659505;52091715;37873976;9609752;53754322;40992389;10056619;5591092;1998784
FR;0;2023-02-09;340;475;1307;7917;346;1114;8098;22847;13698;54659845;52092190;37875283;9617669;53754668;40993503;10064717;5613939;2012482
FR;0;2023-02-10;468;550;1519;8358;436;1278;8503;23764;13963;54660313;52092740;37876802;9626027;53755104;40994781;10073220;5637703;2026445
FR;0;2023-02-11;169;224;583;2149;181;512;2237;5435;2770;54660482;52092964;37877385;9628176;53755285;40995293;10075457;5643138;2029215
FR;0;2023-02-12;41;49;62;175;48;56;197;440;208;54660523;52093013;37877447;9628351;53755333;40995349;10075654;5643578;2029423
FR;0;2023-02-13;234;337;754;3355;263;686;3447;9619;5502;54660757;52093350;37878201;9631706;53755596;40996035;10079101;5653197;2034925
FR;0;2023-02-14;297;378;1184;5971;275;1006;6117;17551;10419;54661054;52093728;37879385;9637677;53755871;40997041;10085218;5670748;2045344
FR;0;2023-02-15;290;402;969;4077;297;845;4254;12218;7169;54661344;52094130;37880354;9641754;53756168;40997886;10089472;5682966;2052513
FR;0;2023-02-16;265;403;1162;5202;267;1015;5350;15057;8761;54661609;52094533;37881516;9646956;53756435;40998901;10094822;5698023;2061274
FR;0;2023-02-17;371;474;1317;5481;384;1156;5703;16396;9638;54661980;52095007;37882833;9652437;53756819;41000057;10100525;5714419;2070912
FR;0;2023-02-18;162;217;564;1627;172;493;1697;4062;2050;54662142;52095224;37883397;9654064;53756991;41000550;10102222;5718481;2072962
FR;0;2023-02-19;37;38;49;139;35;40;141;338;167;54662179;52095262;37883446;9654203;53757026;41000590;10102363;5718819;2073129
FR;0;2023-02-20;248;350;716;2859;263;674;2979;8536;4892;54662427;52095612;37884162;9657062;53757289;41001264;10105342;5727355;2078021
FR;0;2023-02-21;270;413;1073;4533;268;936;4744;13996;8269;54662697;52096025;37885235;9661595;53757557;41002200;10110086;5741351;2086290
FR;0;2023-02-22;244;373;739;2943;285;701;2982;9073;5313;54662941;52096398;37885974;9664538;53757842;41002901;10113068;5750424;2091603
FR;0;2023-02-23;227;362;934;3997;249;840;4181;12237;7148;54663168;52096760;37886908;9668535;53758091;41003741;10117249;5762661;2098751
FR;0;2023-02-24;291;471;1044;4409;349;915;4604;12995;7447;54663459;52097231;37887952;9672944;53758440;41004656;10121853;5775656;2106198
FR;0;2023-02-25;126;169;448;1192;148;364;1272;3185;1621;54663585;52097400;37888400;9674136;53758588;41005020;10123125;5778841;2107819
FR;0;2023-02-26;20;27;34;101;27;35;113;256;111;54663605;52097427;37888434;9674237;53758615;41005055;10123238;5779097;2107930
FR;0;2023-02-27;213;327;602;1995;254;584;2066;6559;3943;54663818;52097754;37889036;9676232;53758869;41005639;10125304;5785656;2111873
FR;0;2023-02-28;268;370;835;3583;252;806;3721;12164;7485;54664086;52098124;37889871;9679815;53759121;41006445;10129025;5797820;2119358
FR;0;2023-03-01;226;344;833;1996;283;761;2178;6605;3927;54664312;52098468;37890704;9681811;53759404;41007206;10131203;5804425;2123285
FR;0;2023-03-02;221;315;849;2986;228;728;3202;10080;6261;54664533;52098783;37891553;9684797;53759632;41007934;10134405;5814505;2129546
FR;0;2023-03-03;330;466;1032;3676;354;924;3814;11758;6940;54664863;52099249;37892585;9688473;53759986;41008858;10138219;5826263;2136486
FR;0;2023-03-04;131;218;408;1081;158;391;1096;2792;1372;54664994;52099467;37892993;9689554;53760144;41009249;10139315;5829055;2137858
FR;0;2023-03-05;23;26;28;52;23;31;53;200;113;54665017;52099493;37893021;9689606;53760167;41009280;10139368;5829255;2137971
FR;0;2023-03-06;224;267;539;1418;191;520;1495;4728;2724;54665241;52099760;37893560;9691024;53760358;41009800;10140863;5833983;2140695
FR;0;2023-03-07;190;316;656;2362;220;612;2453;7945;4882;54665431;52100076;37894216;9693386;53760578;41010412;10143316;5841928;2145577
FR;0;2023-03-08;161;284;524;1442;219;464;1551;5002;2920;54665592;52100360;37894740;9694828;53760797;41010876;10144867;5846930;2148497
FR;0;2023-03-09;168;281;633;2005;190;606;2076;7147;4405;54665760;52100641;37895373;9696833;53760987;41011482;10146943;5854077;2152902
FR;0;2023-03-10;322;457;892;2642;341;819;2778;9007;5368;54666082;52101098;37896265;9699475;53761328;41012301;10149721;5863084;2158270
FR;0;2023-03-11;126;175;352;801;133;311;853;2299;1179;54666208;52101273;37896617;9700276;53761461;41012612;10150574;5865383;2159449
FR;0;2023-03-12;10;25;30;62;24;30;63;177;87;54666218;52101298;37896647;9700338;53761485;41012642;10150637;5865560;2159536
FR;0;2023-03-13;142;219;471;1148;164;426;1206;3769;2135;54666360;52101517;37897118;9701486;53761649;41013068;10151843;5869329;2161671
FR;0;2023-03-14;197;279;646;1891;190;634;1970;6767;4112;54666557;52101796;37897764;9703377;53761839;41013702;10153813;5876096;2165783
FR;0;2023-03-15;159;254;513;1252;205;482;1334;4323;2565;54666716;52102050;37898277;9704629;53762044;41014184;10155147;5880419;2168348
FR;0;2023-03-16;174;268;627;1646;200;576;1755;5952;3578;54666890;52102318;37898904;9706275;53762244;41014760;10156902;5886371;2171926
FR;0;2023-03-17;280;356;797;2044;268;717;2187;7298;4366;54667170;52102674;37899701;9708319;53762512;41015477;10159089;5893669;2176292
FR;0;2023-03-18;123;163;452;606;114;440;678;2041;1043;54667293;52102837;37900153;9708925;53762626;41015917;10159767;5895710;2177335
FR;0;2023-03-19;20;18;26;53;19;13;60;126;54;54667313;52102855;37900179;9708978;53762645;41015930;10159827;5895836;2177389
FR;0;2023-03-20;150;262;484;1082;173;489;1157;3810;2176;54667463;52103117;37900663;9710060;53762818;41016419;10160984;5899646;2179565
FR;0;2023-03-21;211;281;668;1629;199;636;1826;6527;3928;54667674;52103398;37901331;9711689;53763017;41017055;10162810;5906173;2183493
FR;0;2023-03-22;195;242;480;1037;189;460;1156;3940;2288;54667869;52103640;37901811;9712726;53763206;41017515;10163966;5910113;2185781
FR;0;2023-03-23;164;240;592;1411;166;535;1504;5173;3056;54668033;52103880;37902403;9714137;53763372;41018050;10165470;5915286;2188837
FR;0;2023-03-24;239;394;924;1785;289;868;1968;6627;3815;54668272;52104274;37903327;9715922;53763661;41018918;10167438;5921913;2192652
FR;0;2023-03-25;126;170;353;574;139;314;649;1794;840;54668398;52104444;37903680;9716496;53763800;41019232;10168087;5923707;2193492
FR;0;2023-03-26;9;17;25;31;11;25;33;92;47;54668407;52104461;37903705;9716527;53763811;41019257;10168120;5923799;2193539
FR;0;2023-03-27;226;255;514;891;208;492;992;3438;1952;54668633;52104716;37904219;9717418;53764019;41019749;10169112;5927237;2195491
FR;0;2023-03-28;184;249;591;1591;171;545;1720;6187;3711;54668817;52104965;37904810;9719009;53764190;41020294;10170832;5933424;2199202
FR;0;2023-03-29;171;251;435;979;163;439;1120;3772;2104;54668988;52105216;37905245;9719988;53764353;41020733;10171952;5937196;2201306
FR;0;2023-03-30;190;241;575;1354;162;563;1521;5366;3102;54669178;52105457;37905820;9721342;53764515;41021296;10173473;5942562;2204408
FR;0;2023-03-31;212;366;718;1789;273;644;1929;6839;4012;54669390;52105823;37906538;9723131;53764788;41021940;10175402;5949401;2208420
FR;0;2023-04-01;108;195;437;594;134;393;698;1978;948;54669498;52106018;37906975;9723725;53764922;41022333;10176100;5951379;2209368
FR;0;2023-04-02;10;24;29;34;14;35;37;114;50;54669508;52106042;37907004;9723759;53764936;41022368;10176137;5951493;2209418
FR;0;2023-04-03;180;205;542;872;154;495;994;3294;1829;54669688;52106247;37907546;9724631;53765090;41022863;10177131;5954787;2211247
FR;0;2023-04-04;131;254;534;1216;174;463;1375;5307;3191;54669819;52106501;37908080;9725847;53765264;41023326;10178506;5960094;2214438
FR;0;2023-04-05;101;198;410;823;140;389;925;3417;1963;54669920;52106699;37908490;9726670;53765404;41023715;10179431;5963511;2216401
FR;0;2023-04-06;150;183;434;1038;127;397;1168;4250;2444;54670070;52106882;37908924;9727708;53765531;41024112;10180599;5967761;2218845
FR;0;2023-04-07;191;305;557;1287;215;522;1418;5053;2839;54670261;52107187;37909481;9728995;53765746;41024634;10182017;5972814;2221684
FR;0;2023-04-08;67;142;235;399;96;234;436;1339;609;54670328;52107329;37909716;9729394;53765842;41024868;10182453;5974153;2222293
FR;0;2023-04-09;4;15;19;15;7;22;20;59;19;54670332;52107344;37909735;9729409;53765849;41024890;10182473;5974212;2222312
FR;0;2023-04-10;12;29;51;35;23;49;49;103;30;54670344;52107373;37909786;9729444;53765872;41024939;10182522;5974315;2222342
FR;0;2023-04-11;125;249;514;984;163;495;1097;4278;2362;54670469;52107622;37910300;9730428;53766035;41025434;10183619;5978593;2224704
FR;0;2023-04-12;127;205;375;738;150;379;803;3240;1855;54670596;52107827;37910675;9731166;53766185;41025813;10184422;5981833;2226559
FR;0;2023-04-13;109;209;399;937;139;391;1029;4198;2433;54670705;52108036;37911074;9732103;53766324;41026204;10185451;5986031;2228992
FR;0;2023-04-14;197;290;620;1242;229;565;1324;5262;3067;54670902;52108326;37911694;9733345;53766553;41026769;10186775;5991293;2232059
FR;0;2023-04-15;75;117;213;413;81;208;447;1465;681;54670977;52108443;37911907;9733758;53766634;41026977;10187222;5992758;2232740
FR;0;2023-04-16;18;17;12;37;14;15;33;106;46;54670995;52108460;37911919;9733795;53766648;41026992;10187255;5992864;2232786
FR;0;2023-04-17;107;190;363;619;132;378;710;2966;1608;54671102;52108650;37912282;9734414;53766780;41027370;10187965;5995830;2234394
FR;0;2023-04-18;146;186;401;870;124;405;963;4157;2373;54671248;52108836;37912683;9735284;53766904;41027775;10188928;5999987;2236767
FR;0;2023-04-19;114;164;286;598;124;268;691;2760;1472;54671362;52109000;37912969;9735882;53767028;41028043;10189619;6002747;2238239
FR;0;2023-04-20;106;188;341;792;132;333;837;3388;1878;54671468;52109188;37913310;9736674;53767160;41028376;10190456;6006135;2240117
FR;0;2023-04-21;145;250;507;975;160;508;1113;4268;2285;54671613;52109438;37913817;9737649;53767320;41028884;10191569;6010403;2242402
FR;0;2023-04-22;55;106;151;265;72;167;293;1103;540;54671668;52109544;37913968;9737914;53767392;41029051;10191862;6011506;2242942
FR;0;2023-04-23;4;7;15;17;6;16;21;64;22;54671672;52109551;37913983;9737931;53767398;41029067;10191883;6011570;2242964
FR;0;2023-04-24;133;174;286;541;123;275;625;2369;1213;54671805;52109725;37914269;9738472;53767521;41029342;10192508;6013939;2244177
FR;0;2023-04-25;117;174;365;815;119;373;879;4032;2201;54671922;52109899;37914634;9739287;53767640;41029715;10193387;6017971;2246378
FR;0;2023-04-26;102;132;271;496;107;271;562;2441;1269;54672024;52110031;37914905;9739783;53767747;41029986;10193949;6020412;2247647
FR;0;2023-04-27;130;170;325;765;116;336;834;3517;1880;54672154;52110201;37915230;9740548;53767863;41030322;10194783;6023929;2249527
FR;0;2023-04-28;191;259;403;842;152;428;968;4234;2165;54672345;52110460;37915633;9741390;53768015;41030750;10195751;6028163;2251692
FR;0;2023-04-29;82;92;150;266;76;132;318;1093;510;54672427;52110552;37915783;9741656;53768091;41030882;10196069;6029256;2252202
FR;0;2023-04-30;7;7;10;10;3;9;12;49;20;54672434;52110559;37915793;9741666;53768094;41030891;10196081;6029305;2252222
FR;0;2023-05-01;9;12;19;7;9;20;8;51;17;54672443;52110571;37915812;9741673;53768103;41030911;10196089;6029356;2252239
FR;0;2023-05-02;193;195;332;620;141;333;728;3431;1784;54672636;52110766;37916144;9742293;53768244;41031244;10196817;6032787;2254023
FR;0;2023-05-03;142;133;243;466;100;247;516;2688;1386;54672778;52110899;37916387;9742759;53768344;41031491;10197333;6035475;2255409
FR;0;2023-05-04;94;162;296;712;121;363;757;3799;1949;54672872;52111061;37916683;9743471;53768465;41031854;10198090;6039274;2257358
FR;0;2023-05-05;122;194;332;761;123;367;849;4323;2263;54672994;52111255;37917015;9744232;53768588;41032221;10198939;6043597;2259621
FR;0;2023-05-06;64;69;118;237;49;137;250;1059;497;54673058;52111324;37917133;9744469;53768637;41032358;10199189;6044656;2260118
FR;0;2023-05-07;9;8;10;15;7;9;17;69;21;54673067;52111332;37917143;9744484;53768644;41032367;10199206;6044725;2260139
FR;0;2023-05-08;14;11;22;17;9;18;41;124;63;54673081;52111343;37917165;9744501;53768653;41032385;10199247;6044849;2260202
FR;0;2023-05-09;81;122;217;505;89;227;551;3237;1630;54673162;52111465;37917382;9745006;53768742;41032612;10199798;6048086;2261832
FR;0;2023-05-10;100;121;182;474;97;217;506;2985;1414;54673262;52111586;37917564;9745480;53768839;41032829;10200304;6051071;2263246
FR;0;2023-05-11;72;101;200;537;78;187;589;3236;1616;54673334;52111687;37917764;9746017;53768917;41033016;10200893;6054307;2264862
