fra;vaccin;jour;n_dose1;n_dose2;n_cum_dose1;n_cum_dose2
FR;1;2020-12-27;20;0;20;0
FR;1;2020-12-28;69;0;89;0
FR;1;2020-12-29;108;0;197;0
FR;1;2020-12-30;120;0;317;0
FR;1;2020-12-31;85;0;402;0
FR;1;2021-01-01;68;0;470;0
FR;1;2021-01-02;86;0;556;0
FR;1;2021-01-03;90;0;646;0
FR;1;2021-01-04;1477;0;2123;0
FR;1;2021-01-05;5391;0;7514;0
FR;1;2021-01-06;11294;0;18808;0
FR;1;2021-01-07;28554;0;47362;0
FR;1;2021-01-08;36222;0;83584;0
FR;1;2021-01-09;10913;0;94497;0
FR;1;2021-01-10;5618;0;100115;0
FR;1;2021-01-11;38967;0;139082;0
FR;1;2021-01-12;60819;0;199901;0
FR;1;2021-01-13;63739;0;263640;0
FR;1;2021-01-14;79679;0;343319;0
FR;1;2021-01-15;67243;0;410562;0
FR;1;2021-01-16;19520;78;430082;78
FR;1;2021-01-17;10462;42;440544;120
FR;1;2021-01-18;81438;163;521982;283
FR;1;2021-01-19;123914;127;645896;410
FR;1;2021-01-20;130180;159;776076;569
FR;1;2021-01-21;150142;135;926218;704
FR;1;2021-01-22;113665;162;1039883;866
FR;1;2021-01-23;36052;50;1075935;916
FR;1;2021-01-24;9259;27;1085194;943
FR;1;2021-01-25;73154;1218;1158348;2161
FR;1;2021-01-26;95019;3110;1253367;5271
FR;1;2021-01-27;102165;5597;1355532;10868
FR;1;2021-01-28;118782;14360;1474314;25228
FR;1;2021-01-29;87768;17292;1562082;42520
FR;1;2021-01-30;27579;4225;1589661;46745
FR;1;2021-01-31;4866;1679;1594527;48424
FR;1;2021-02-01;48284;21128;1642811;69552
FR;1;2021-02-02;66349;34568;1709160;104120
FR;1;2021-02-03;65905;36960;1775065;141080
FR;1;2021-02-04;75781;50057;1850846;191137
FR;1;2021-02-05;62443;45335;1913289;236472
FR;1;2021-02-06;19044;10396;1932333;246868
FR;1;2021-02-07;3434;5041;1935767;251909
FR;1;2021-02-08;35773;45985;1971540;297894
FR;1;2021-02-09;49827;72392;2021367;370286
FR;1;2021-02-10;50862;76646;2072229;446932
FR;1;2021-02-11;62162;99077;2134391;546009
FR;1;2021-02-12;54842;74038;2189233;620047
FR;1;2021-02-13;15133;19270;2204366;639317
FR;1;2021-02-14;3421;7190;2207787;646507
FR;1;2021-02-15;23575;73440;2231362;719947
FR;1;2021-02-16;32119;96865;2263481;816812
FR;1;2021-02-17;34376;98568;2297857;915380
FR;1;2021-02-18;48126;113475;2345983;1028855
FR;1;2021-02-19;44426;86413;2390409;1115268
FR;1;2021-02-20;13020;26920;2403429;1142188
FR;1;2021-02-21;2116;6287;2405545;1148475
FR;1;2021-02-22;24032;69415;2429577;1217890
FR;1;2021-02-23;36664;80365;2466241;1298255
FR;1;2021-02-24;39362;77662;2505603;1375917
FR;1;2021-02-25;48893;87994;2554496;1463911
FR;1;2021-02-26;46081;67887;2600577;1531798
FR;1;2021-02-27;15175;20930;2615752;1552728
FR;1;2021-02-28;3229;4386;2618981;1557114
FR;1;2021-03-01;38712;49030;2657693;1606144
FR;1;2021-03-02;54674;61505;2712367;1667649
FR;1;2021-03-03;59465;60651;2771832;1728300
FR;1;2021-03-04;71100;64894;2842932;1793194
FR;1;2021-03-05;73105;59273;2916037;1852467
FR;1;2021-03-06;81326;16093;2997363;1868560
FR;1;2021-03-07;62971;5423;3060334;1873983
FR;1;2021-03-08;58704;42477;3119038;1916460
FR;1;2021-03-09;84388;48318;3203426;1964778
FR;1;2021-03-10;88991;48067;3292417;2012845
FR;1;2021-03-11;103251;53859;3395668;2066704
FR;1;2021-03-12;102137;45267;3497805;2111971
FR;1;2021-03-13;87513;12721;3585318;2124692
FR;1;2021-03-14;43631;3031;3628949;2127723
FR;1;2021-03-15;93770;29151;3722719;2156874
FR;1;2021-03-16;121849;34906;3844568;2191780
FR;1;2021-03-17;127378;34868;3971946;2226648
FR;1;2021-03-18;140751;39750;4112697;2266398
FR;1;2021-03-19;134155;32913;4246852;2299311
FR;1;2021-03-20;74894;10212;4321746;2309523
FR;1;2021-03-21;25768;2477;4347514;2312000
FR;1;2021-03-22;112864;31189;4460378;2343189
FR;1;2021-03-23;140789;38173;4601167;2381362
FR;1;2021-03-24;139812;38790;4740979;2420152
FR;1;2021-03-25;162614;39619;4903593;2459771
FR;1;2021-03-26;164095;37495;5067688;2497266
FR;1;2021-03-27;109812;15256;5177500;2512522
FR;1;2021-03-28;41720;3624;5219220;2516146
FR;1;2021-03-29;128238;49969;5347458;2566115
FR;1;2021-03-30;165455;63596;5512913;2629711
FR;1;2021-03-31;168708;66913;5681621;2696624
FR;1;2021-04-01;191000;79253;5872621;2775877
FR;1;2021-04-02;162165;84318;6034786;2860195
FR;1;2021-04-03;87097;58185;6121883;2918380
FR;1;2021-04-04;32304;17732;6154187;2936112
FR;1;2021-04-05;42407;10177;6196594;2946289
FR;1;2021-04-06;157175;100887;6353769;3047176
FR;1;2021-04-07;193877;108269;6547646;3155445
FR;1;2021-04-08;218406;112406;6766052;3267851
FR;1;2021-04-09;211184;107518;6977236;3375369
FR;1;2021-04-10;116059;73463;7093295;3448832
FR;1;2021-04-11;40120;30288;7133415;3479120
FR;1;2021-04-12;166259;103796;7299674;3582916
FR;1;2021-04-13;200664;128257;7500338;3711173
FR;1;2021-04-14;205008;122820;7705346;3833993
FR;1;2021-04-15;217787;126760;7923133;3960753
FR;1;2021-04-16;203042;125149;8126175;4085902
FR;1;2021-04-17;120680;67480;8246855;4153382
FR;1;2021-04-18;35194;20993;8282049;4174375
FR;1;2021-04-19;161427;121928;8443476;4296303
FR;1;2021-04-20;186383;148797;8629859;4445100
FR;1;2021-04-21;191076;146751;8820935;4591851
FR;1;2021-04-22;205439;162649;9026374;4754500
FR;1;2021-04-23;195406;156935;9221780;4911435
FR;1;2021-04-24;124384;95509;9346164;5006944
FR;1;2021-04-25;52670;30140;9398834;5037084
FR;1;2021-04-26;176949;138280;9575783;5175364
FR;1;2021-04-27;217686;162006;9793469;5337370
FR;1;2021-04-28;234478;155135;10027947;5492505
FR;1;2021-04-29;266036;160093;10293983;5652598
FR;1;2021-04-30;267741;148175;10561724;5800773
FR;1;2021-05-01;137296;40719;10699020;5841492
FR;1;2021-05-02;80019;28163;10779039;5869655
FR;1;2021-05-03;245304;146546;11024343;6016201
FR;1;2021-05-04;259830;186875;11284173;6203076
FR;1;2021-05-05;276390;184601;11560563;6387677
FR;1;2021-05-06;303193;183071;11863756;6570748
FR;1;2021-05-07;278616;195761;12142372;6766509
FR;1;2021-05-08;179762;48332;12322134;6814841
FR;1;2021-05-09;112305;36234;12434439;6851075
FR;1;2021-05-10;249581;194293;12684020;7045368
FR;1;2021-05-11;312258;211454;12996278;7256822
FR;1;2021-05-12;345944;185959;13342222;7442781
FR;1;2021-05-13;277132;47682;13619354;7490463
FR;1;2021-05-14;360402;128937;13979756;7619400
FR;1;2021-05-15;288807;66172;14268563;7685572
FR;1;2021-05-16;155200;15588;14423763;7701160
FR;1;2021-05-17;311290;116747;14735053;7817907
FR;1;2021-05-18;370374;111415;15105427;7929322
FR;1;2021-05-19;384986;103010;15490413;8032332
FR;1;2021-05-20;410231;96413;15900644;8128745
FR;1;2021-05-21;388914;97509;16289558;8226254
FR;1;2021-05-22;270279;42184;16559837;8268438
FR;1;2021-05-23;120553;11247;16680390;8279685
FR;1;2021-05-24;238286;26381;16918676;8306066
FR;1;2021-05-25;356857;132071;17275533;8438137
FR;1;2021-05-26;365656;125830;17641189;8563967
FR;1;2021-05-27;395386;128419;18036575;8692386
FR;1;2021-05-28;356199;145714;18392774;8838100
FR;1;2021-05-29;249613;81074;18642387;8919174
FR;1;2021-05-30;98671;22616;18741058;8941790
FR;1;2021-05-31;307128;148957;19048186;9090747
FR;1;2021-06-01;343467;166963;19391653;9257710
FR;1;2021-06-02;343270;153483;19734923;9411193
FR;1;2021-06-03;373966;147918;20108889;9559111
FR;2;2020-12-27;0;0;0;0
FR;2;2020-12-28;0;0;0;0
FR;2;2020-12-29;0;0;0;0
FR;2;2020-12-30;0;0;0;0
FR;2;2020-12-31;0;0;0;0
FR;2;2021-01-01;0;0;0;0
FR;2;2021-01-02;0;0;0;0
FR;2;2021-01-03;0;0;0;0
FR;2;2021-01-04;0;0;0;0
FR;2;2021-01-05;0;0;0;0
FR;2;2021-01-06;0;0;0;0
FR;2;2021-01-07;0;0;0;0
FR;2;2021-01-08;0;0;0;0
FR;2;2021-01-09;0;0;0;0
FR;2;2021-01-10;0;0;0;0
FR;2;2021-01-11;0;0;0;0
FR;2;2021-01-12;0;0;0;0
FR;2;2021-01-13;0;0;0;0
FR;2;2021-01-14;147;0;147;0
FR;2;2021-01-15;217;0;364;0
FR;2;2021-01-16;185;0;549;0
FR;2;2021-01-17;3;0;552;0
FR;2;2021-01-18;2907;0;3459;0
FR;2;2021-01-19;4509;0;7968;0
FR;2;2021-01-20;4921;0;12889;0
FR;2;2021-01-21;5125;0;18014;0
FR;2;2021-01-22;4878;0;22892;0
FR;2;2021-01-23;1735;0;24627;0
FR;2;2021-01-24;102;0;24729;0
FR;2;2021-01-25;3634;0;28363;0
FR;2;2021-01-26;3747;0;32110;0
FR;2;2021-01-27;3440;0;35550;0
FR;2;2021-01-28;3512;0;39062;0
FR;2;2021-01-29;3082;0;42144;0
FR;2;2021-01-30;1065;0;43209;0
FR;2;2021-01-31;0;0;43209;0
FR;2;2021-02-01;3255;0;46464;0
FR;2;2021-02-02;4303;0;50767;0
FR;2;2021-02-03;5030;0;55797;0
FR;2;2021-02-04;4730;3;60527;3
FR;2;2021-02-05;4613;6;65140;9
FR;2;2021-02-06;1930;3;67070;12
FR;2;2021-02-07;42;0;67112;12
FR;2;2021-02-08;7417;8;74529;20
FR;2;2021-02-09;8254;15;82783;35
FR;2;2021-02-10;9136;49;91919;84
FR;2;2021-02-11;10052;67;101971;151
FR;2;2021-02-12;9805;238;111776;389
FR;2;2021-02-13;3015;222;114791;611
FR;2;2021-02-14;296;0;115087;611
FR;2;2021-02-15;3357;3067;118444;3678
FR;2;2021-02-16;4907;3881;123351;7559
FR;2;2021-02-17;4104;4403;127455;11962
FR;2;2021-02-18;5229;5089;132684;17051
FR;2;2021-02-19;5159;4323;137843;21374
FR;2;2021-02-20;1764;1509;139607;22883
FR;2;2021-02-21;197;86;139804;22969
FR;2;2021-02-22;3514;3723;143318;26692
FR;2;2021-02-23;4836;3693;148154;30385
FR;2;2021-02-24;4745;3468;152899;33853
FR;2;2021-02-25;5292;3426;158191;37279
FR;2;2021-02-26;4193;3125;162384;40404
FR;2;2021-02-27;1502;1042;163886;41446
FR;2;2021-02-28;99;28;163985;41474
FR;2;2021-03-01;4957;3764;168942;45238
FR;2;2021-03-02;6303;4728;175245;49966
FR;2;2021-03-03;6244;4883;181489;54849
FR;2;2021-03-04;8070;3967;189559;58816
FR;2;2021-03-05;7767;4059;197326;62875
FR;2;2021-03-06;4620;1682;201946;64557
FR;2;2021-03-07;2284;29;204230;64586
FR;2;2021-03-08;3979;8310;208209;72896
FR;2;2021-03-09;7263;8429;215472;81325
FR;2;2021-03-10;6855;9109;222327;90434
FR;2;2021-03-11;9051;9208;231378;99642
FR;2;2021-03-12;7716;8169;239094;107811
FR;2;2021-03-13;9867;2510;248961;110321
FR;2;2021-03-14;4753;402;253714;110723
FR;2;2021-03-15;10635;3484;264349;114207
FR;2;2021-03-16;16441;4621;280790;118828
FR;2;2021-03-17;19904;3952;300694;122780
FR;2;2021-03-18;22945;4910;323639;127690
FR;2;2021-03-19;22882;4537;346521;132227
FR;2;2021-03-20;25142;1540;371663;133767
FR;2;2021-03-21;17471;147;389134;133914
FR;2;2021-03-22;17384;3078;406518;136992
FR;2;2021-03-23;22266;4183;428784;141175
FR;2;2021-03-24;23543;4988;452327;146163
FR;2;2021-03-25;26269;5020;478596;151183
FR;2;2021-03-26;26582;4260;505178;155443
FR;2;2021-03-27;15638;1309;520816;156752
FR;2;2021-03-28;10391;94;531207;156846
FR;2;2021-03-29;18634;4280;549841;161126
FR;2;2021-03-30;24165;6002;574006;167128
FR;2;2021-03-31;28096;5956;602102;173084
FR;2;2021-04-01;33966;8495;636068;181579
FR;2;2021-04-02;29489;7661;665557;189240
FR;2;2021-04-03;16725;3582;682282;192822
FR;2;2021-04-04;9158;918;691440;193740
FR;2;2021-04-05;12117;811;703557;194551
FR;2;2021-04-06;26694;6934;730251;201485
FR;2;2021-04-07;30578;7174;760829;208659
FR;2;2021-04-08;36483;8817;797312;217476
FR;2;2021-04-09;33373;8601;830685;226077
FR;2;2021-04-10;19439;8968;850124;235045
FR;2;2021-04-11;7814;4271;857938;239316
FR;2;2021-04-12;16792;11254;874730;250570
FR;2;2021-04-13;19074;16426;893804;266996
FR;2;2021-04-14;17649;16284;911453;283280
FR;2;2021-04-15;21823;20757;933276;304037
FR;2;2021-04-16;20349;20073;953625;324110
FR;2;2021-04-17;13043;22462;966668;346572
FR;2;2021-04-18;5781;14405;972449;360977
FR;2;2021-04-19;16473;16262;988922;377239
FR;2;2021-04-20;18968;21595;1007890;398834
FR;2;2021-04-21;19675;21665;1027565;420499
FR;2;2021-04-22;23359;24861;1050924;445360
FR;2;2021-04-23;24134;25350;1075058;470710
FR;2;2021-04-24;25033;15111;1100091;485821
FR;2;2021-04-25;9418;8589;1109509;494410
FR;2;2021-04-26;16675;17195;1126184;511605
FR;2;2021-04-27;18936;24308;1145120;535913
FR;2;2021-04-28;21540;26189;1166660;562102
FR;2;2021-04-29;25067;30136;1191727;592238
FR;2;2021-04-30;25093;27783;1216820;620021
FR;2;2021-05-01;14759;9863;1231579;629884
FR;2;2021-05-02;6481;9184;1238060;639068
FR;2;2021-05-03;19441;19327;1257501;658395
FR;2;2021-05-04;17926;29056;1275427;687451
FR;2;2021-05-05;17903;29416;1293330;716867
FR;2;2021-05-06;23119;35294;1316449;752161
FR;2;2021-05-07;24705;33242;1341154;785403
FR;2;2021-05-08;19945;9704;1361099;795107
FR;2;2021-05-09;12899;7894;1373998;803001
FR;2;2021-05-10;32191;22221;1406189;825222
FR;2;2021-05-11;42728;21077;1448917;846299
FR;2;2021-05-12;48187;19907;1497104;866206
FR;2;2021-05-13;50454;5770;1547558;871976
FR;2;2021-05-14;60422;12955;1607980;884931
FR;2;2021-05-15;65190;7154;1673170;892085
FR;2;2021-05-16;42935;2575;1716105;894660
FR;2;2021-05-17;44049;12591;1760154;907251
FR;2;2021-05-18;52775;12253;1812929;919504
FR;2;2021-05-19;55398;10635;1868327;930139
FR;2;2021-05-20;62406;10897;1930733;941036
FR;2;2021-05-21;62257;11685;1992990;952721
FR;2;2021-05-22;60725;4528;2053715;957249
FR;2;2021-05-23;36909;577;2090624;957826
FR;2;2021-05-24;16816;2032;2107440;959858
FR;2;2021-05-25;20419;12241;2127859;972099
FR;2;2021-05-26;18383;11468;2146242;983567
FR;2;2021-05-27;22351;12666;2168593;996233
FR;2;2021-05-28;28130;14987;2196723;1011220
FR;2;2021-05-29;29725;8190;2226448;1019410
FR;2;2021-05-30;4428;1810;2230876;1021220
FR;2;2021-05-31;27465;18760;2258341;1039980
FR;2;2021-06-01;43762;20077;2302103;1060057
FR;2;2021-06-02;35748;19315;2337851;1079372
FR;2;2021-06-03;49060;23404;2386911;1102776
FR;3;2020-12-27;0;0;0;0
FR;3;2020-12-28;0;0;0;0
FR;3;2020-12-29;0;0;0;0
FR;3;2020-12-30;0;0;0;0
FR;3;2020-12-31;0;0;0;0
FR;3;2021-01-01;0;0;0;0
FR;3;2021-01-02;0;0;0;0
FR;3;2021-01-03;0;0;0;0
FR;3;2021-01-04;0;0;0;0
FR;3;2021-01-05;0;0;0;0
FR;3;2021-01-06;0;0;0;0
FR;3;2021-01-07;0;0;0;0
FR;3;2021-01-08;0;0;0;0
FR;3;2021-01-09;0;0;0;0
FR;3;2021-01-10;0;0;0;0
FR;3;2021-01-11;0;0;0;0
FR;3;2021-01-12;0;0;0;0
FR;3;2021-01-13;0;0;0;0
FR;3;2021-01-14;0;0;0;0
FR;3;2021-01-15;0;0;0;0
FR;3;2021-01-16;0;0;0;0
FR;3;2021-01-17;0;0;0;0
FR;3;2021-01-18;0;0;0;0
FR;3;2021-01-19;0;0;0;0
FR;3;2021-01-20;0;0;0;0
FR;3;2021-01-21;0;0;0;0
FR;3;2021-01-22;0;0;0;0
FR;3;2021-01-23;0;0;0;0
FR;3;2021-01-24;0;0;0;0
FR;3;2021-01-25;0;0;0;0
FR;3;2021-01-26;0;0;0;0
FR;3;2021-01-27;0;0;0;0
FR;3;2021-01-28;0;0;0;0
FR;3;2021-01-29;0;0;0;0
FR;3;2021-01-30;0;0;0;0
FR;3;2021-01-31;0;0;0;0
FR;3;2021-02-01;0;0;0;0
FR;3;2021-02-02;0;0;0;0
FR;3;2021-02-03;0;0;0;0
FR;3;2021-02-04;0;0;0;0
FR;3;2021-02-05;0;0;0;0
FR;3;2021-02-06;314;0;314;0
FR;3;2021-02-07;1348;0;1662;0
FR;3;2021-02-08;2633;0;4295;0
FR;3;2021-02-09;6636;0;10931;0
FR;3;2021-02-10;9224;0;20155;0
FR;3;2021-02-11;13338;0;33493;0
FR;3;2021-02-12;13033;0;46526;0
FR;3;2021-02-13;3508;0;50034;0
FR;3;2021-02-14;864;0;50898;0
FR;3;2021-02-15;10106;0;61004;0
FR;3;2021-02-16;12161;0;73165;0
FR;3;2021-02-17;10812;0;83977;0
FR;3;2021-02-18;14539;0;98516;0
FR;3;2021-02-19;14080;0;112596;0
FR;3;2021-02-20;3174;0;115770;0
FR;3;2021-02-21;544;0;116314;0
FR;3;2021-02-22;8902;0;125216;0
FR;3;2021-02-23;11077;0;136293;0
FR;3;2021-02-24;13873;0;150166;0
FR;3;2021-02-25;44306;0;194472;0
FR;3;2021-02-26;61353;0;255825;0
FR;3;2021-02-27;34419;8;290244;8
FR;3;2021-02-28;2338;0;292582;8
FR;3;2021-03-01;19864;10;312446;18
FR;3;2021-03-02;38274;13;350720;31
FR;3;2021-03-03;47719;17;398439;48
FR;3;2021-03-04;80912;20;479351;68
FR;3;2021-03-05;116656;61;596007;129
FR;3;2021-03-06;118569;49;714576;178
FR;3;2021-03-07;54410;29;768986;207
FR;3;2021-03-08;41930;21;810916;228
FR;3;2021-03-09;77822;31;888738;259
FR;3;2021-03-10;79617;39;968355;298
FR;3;2021-03-11;126801;51;1095156;349
FR;3;2021-03-12;180581;70;1275737;419
FR;3;2021-03-13;130354;53;1406091;472
FR;3;2021-03-14;13672;4;1419763;476
FR;3;2021-03-15;51168;38;1470931;514
FR;3;2021-03-16;897;14;1471828;528
FR;3;2021-03-17;609;6;1472437;534
FR;3;2021-03-18;1175;4;1473612;538
FR;3;2021-03-19;69280;36;1542892;574
FR;3;2021-03-20;64320;35;1607212;609
FR;3;2021-03-21;5478;4;1612690;613
FR;3;2021-03-22;36661;33;1649351;646
FR;3;2021-03-23;83411;50;1732762;696
FR;3;2021-03-24;89674;91;1822436;787
FR;3;2021-03-25;148279;115;1970715;902
FR;3;2021-03-26;163578;156;2134293;1058
FR;3;2021-03-27;67309;88;2201602;1146
FR;3;2021-03-28;6171;19;2207773;1165
FR;3;2021-03-29;53334;61;2261107;1226
FR;3;2021-03-30;92020;88;2353127;1314
FR;3;2021-03-31;62398;82;2415525;1396
FR;3;2021-04-01;84710;104;2500235;1500
FR;3;2021-04-02;85701;148;2585936;1648
FR;3;2021-04-03;35183;109;2621119;1757
FR;3;2021-04-04;3375;15;2624494;1772
FR;3;2021-04-05;4216;21;2628710;1793
FR;3;2021-04-06;28866;76;2657576;1869
FR;3;2021-04-07;31500;60;2689076;1929
FR;3;2021-04-08;77467;235;2766543;2164
FR;3;2021-04-09;159754;411;2926297;2575
FR;3;2021-04-10;74414;332;3000711;2907
FR;3;2021-04-11;7016;44;3007727;2951
FR;3;2021-04-12;50537;197;3058264;3148
FR;3;2021-04-13;85052;315;3143316;3463
FR;3;2021-04-14;66489;341;3209805;3804
FR;3;2021-04-15;91654;369;3301459;4173
FR;3;2021-04-16;111006;573;3412465;4746
FR;3;2021-04-17;52194;336;3464659;5082
FR;3;2021-04-18;9427;34;3474086;5116
FR;3;2021-04-19;24431;238;3498517;5354
FR;3;2021-04-20;44809;398;3543326;5752
FR;3;2021-04-21;38016;457;3581342;6209
FR;3;2021-04-22;53649;792;3634991;7001
FR;3;2021-04-23;69409;1022;3704400;8023
FR;3;2021-04-24;36486;985;3740886;9008
FR;3;2021-04-25;5910;158;3746796;9166
FR;3;2021-04-26;19077;665;3765873;9831
FR;3;2021-04-27;33696;1245;3799569;11076
FR;3;2021-04-28;28254;1926;3827823;13002
FR;3;2021-04-29;44518;5957;3872341;18959
FR;3;2021-04-30;54538;8932;3926879;27891
FR;3;2021-05-01;9164;1967;3936043;29858
FR;3;2021-05-02;2792;500;3938835;30358
FR;3;2021-05-03;12491;3881;3951326;34239
FR;3;2021-05-04;22391;8455;3973717;42694
FR;3;2021-05-05;18019;10573;3991736;53267
FR;3;2021-05-06;33860;20905;4025596;74172
FR;3;2021-05-07;43317;28411;4068913;102583
FR;3;2021-05-08;6338;8906;4075251;111489
FR;3;2021-05-09;1562;2655;4076813;114144
FR;3;2021-05-10;14392;12561;4091205;126705
FR;3;2021-05-11;26357;25739;4117562;152444
FR;3;2021-05-12;16693;27452;4134255;179896
FR;3;2021-05-13;1999;3480;4136254;183376
FR;3;2021-05-14;14030;25744;4150284;209120
FR;3;2021-05-15;6901;20735;4157185;229855
FR;3;2021-05-16;810;2680;4157995;232535
FR;3;2021-05-17;7483;19915;4165478;252450
FR;3;2021-05-18;12873;29636;4178351;282086
FR;3;2021-05-19;8778;31864;4187129;313950
FR;3;2021-05-20;12226;53224;4199355;367174
FR;3;2021-05-21;12212;65542;4211567;432716
FR;3;2021-05-22;4636;33300;4216203;466016
FR;3;2021-05-23;534;2665;4216737;468681
FR;3;2021-05-24;577;4920;4217314;473601
FR;3;2021-05-25;4808;45190;4222122;518791
FR;3;2021-05-26;4550;51054;4226672;569845
FR;3;2021-05-27;5875;77850;4232547;647695
FR;3;2021-05-28;7065;99108;4239612;746803
FR;3;2021-05-29;3029;60286;4242641;807089
FR;3;2021-05-30;365;8243;4243006;815332
FR;3;2021-05-31;2031;35995;4245037;851327
FR;3;2021-06-01;2923;64820;4247960;916147
FR;3;2021-06-02;2310;58361;4250270;974508
FR;3;2021-06-03;3036;87592;4253306;1062100
FR;4;2020-12-27;0;0;0;0
FR;4;2020-12-28;0;0;0;0
FR;4;2020-12-29;0;0;0;0
FR;4;2020-12-30;0;0;0;0
FR;4;2020-12-31;0;0;0;0
FR;4;2021-01-01;0;0;0;0
FR;4;2021-01-02;0;0;0;0
FR;4;2021-01-03;0;0;0;0
FR;4;2021-01-04;0;0;0;0
FR;4;2021-01-05;0;0;0;0
FR;4;2021-01-06;0;0;0;0
FR;4;2021-01-07;0;0;0;0
FR;4;2021-01-08;0;0;0;0
FR;4;2021-01-09;0;0;0;0
FR;4;2021-01-10;0;0;0;0
FR;4;2021-01-11;0;0;0;0
FR;4;2021-01-12;0;0;0;0
FR;4;2021-01-13;0;0;0;0
FR;4;2021-01-14;0;0;0;0
FR;4;2021-01-15;0;0;0;0
FR;4;2021-01-16;0;0;0;0
FR;4;2021-01-17;0;0;0;0
FR;4;2021-01-18;0;0;0;0
FR;4;2021-01-19;0;0;0;0
FR;4;2021-01-20;0;0;0;0
FR;4;2021-01-21;0;0;0;0
FR;4;2021-01-22;0;0;0;0
FR;4;2021-01-23;0;0;0;0
FR;4;2021-01-24;0;0;0;0
FR;4;2021-01-25;0;0;0;0
FR;4;2021-01-26;0;0;0;0
FR;4;2021-01-27;0;0;0;0
FR;4;2021-01-28;0;0;0;0
FR;4;2021-01-29;0;0;0;0
FR;4;2021-01-30;0;0;0;0
FR;4;2021-01-31;0;0;0;0
FR;4;2021-02-01;0;0;0;0
FR;4;2021-02-02;0;0;0;0
FR;4;2021-02-03;0;0;0;0
FR;4;2021-02-04;0;0;0;0
FR;4;2021-02-05;0;0;0;0
FR;4;2021-02-06;0;0;0;0
FR;4;2021-02-07;0;0;0;0
FR;4;2021-02-08;0;0;0;0
FR;4;2021-02-09;0;0;0;0
FR;4;2021-02-10;0;0;0;0
FR;4;2021-02-11;0;0;0;0
FR;4;2021-02-12;0;0;0;0
FR;4;2021-02-13;0;0;0;0
FR;4;2021-02-14;0;0;0;0
FR;4;2021-02-15;0;0;0;0
FR;4;2021-02-16;0;0;0;0
FR;4;2021-02-17;0;0;0;0
FR;4;2021-02-18;0;0;0;0
FR;4;2021-02-19;0;0;0;0
FR;4;2021-02-20;0;0;0;0
FR;4;2021-02-21;0;0;0;0
FR;4;2021-02-22;0;0;0;0
FR;4;2021-02-23;0;0;0;0
FR;4;2021-02-24;0;0;0;0
FR;4;2021-02-25;0;0;0;0
FR;4;2021-02-26;0;0;0;0
FR;4;2021-02-27;0;0;0;0
FR;4;2021-02-28;0;0;0;0
FR;4;2021-03-01;0;0;0;0
FR;4;2021-03-02;0;0;0;0
FR;4;2021-03-03;0;0;0;0
FR;4;2021-03-04;0;0;0;0
FR;4;2021-03-05;0;0;0;0
FR;4;2021-03-06;0;0;0;0
FR;4;2021-03-07;0;0;0;0
FR;4;2021-03-08;0;0;0;0
FR;4;2021-03-09;0;0;0;0
FR;4;2021-03-10;0;0;0;0
FR;4;2021-03-11;0;0;0;0
FR;4;2021-03-12;0;0;0;0
FR;4;2021-03-13;0;0;0;0
FR;4;2021-03-14;0;0;0;0
FR;4;2021-03-15;0;0;0;0
FR;4;2021-03-16;0;0;0;0
FR;4;2021-03-17;0;0;0;0
FR;4;2021-03-18;0;0;0;0
FR;4;2021-03-19;0;0;0;0
FR;4;2021-03-20;0;0;0;0
FR;4;2021-03-21;0;0;0;0
FR;4;2021-03-22;0;0;0;0
FR;4;2021-03-23;0;0;0;0
FR;4;2021-03-24;0;0;0;0
FR;4;2021-03-25;0;0;0;0
FR;4;2021-03-26;0;0;0;0
FR;4;2021-03-27;0;0;0;0
FR;4;2021-03-28;0;0;0;0
FR;4;2021-03-29;0;0;0;0
FR;4;2021-03-30;0;0;0;0
FR;4;2021-03-31;0;0;0;0
FR;4;2021-04-01;0;0;0;0
FR;4;2021-04-02;0;0;0;0
FR;4;2021-04-03;0;0;0;0
FR;4;2021-04-04;0;0;0;0
FR;4;2021-04-05;0;0;0;0
FR;4;2021-04-06;0;0;0;0
FR;4;2021-04-07;0;0;0;0
FR;4;2021-04-08;0;0;0;0
FR;4;2021-04-09;0;0;0;0
FR;4;2021-04-10;0;0;0;0
FR;4;2021-04-11;0;0;0;0
FR;4;2021-04-12;0;0;0;0
FR;4;2021-04-13;0;0;0;0
FR;4;2021-04-14;0;0;0;0
FR;4;2021-04-15;0;0;0;0
FR;4;2021-04-16;0;0;0;0
FR;4;2021-04-17;0;0;0;0
FR;4;2021-04-18;0;0;0;0
FR;4;2021-04-19;0;0;0;0
FR;4;2021-04-20;0;0;0;0
FR;4;2021-04-21;0;0;0;0
FR;4;2021-04-22;0;0;0;0
FR;4;2021-04-23;714;0;714;0
FR;4;2021-04-24;1552;0;2266;0
FR;4;2021-04-25;117;0;2383;0
FR;4;2021-04-26;2826;0;5209;0
FR;4;2021-04-27;9360;3;14569;3
FR;4;2021-04-28;9753;3;24322;6
FR;4;2021-04-29;15868;7;40190;13
FR;4;2021-04-30;19064;7;59254;20
FR;4;2021-05-01;1894;5;61148;25
FR;4;2021-05-02;439;0;61587;25
FR;4;2021-05-03;4918;1;66505;26
FR;4;2021-05-04;8243;8;74748;34
FR;4;2021-05-05;5995;7;80743;41
FR;4;2021-05-06;11251;11;91994;52
FR;4;2021-05-07;18890;8;110884;60
FR;4;2021-05-08;2250;4;113134;64
FR;4;2021-05-09;627;2;113761;66
FR;4;2021-05-10;7077;13;120838;79
FR;4;2021-05-11;14093;12;134931;91
FR;4;2021-05-12;9935;14;144866;105
FR;4;2021-05-13;1439;3;146305;108
FR;4;2021-05-14;7573;8;153878;116
FR;4;2021-05-15;3574;9;157452;125
FR;4;2021-05-16;348;1;157800;126
FR;4;2021-05-17;4233;2;162033;128
FR;4;2021-05-18;8446;10;170479;138
FR;4;2021-05-19;5500;5;175979;143
FR;4;2021-05-20;9164;7;185143;150
FR;4;2021-05-21;12494;25;197637;175
FR;4;2021-05-22;4903;13;202540;188
FR;4;2021-05-23;419;2;202959;190
FR;4;2021-05-24;921;3;203880;193
FR;4;2021-05-25;7351;16;211231;209
FR;4;2021-05-26;7489;12;218720;221
FR;4;2021-05-27;14015;34;232735;255
FR;4;2021-05-28;26121;74;258856;329
FR;4;2021-05-29;11048;18;269904;347
FR;4;2021-05-30;858;2;270762;349
FR;4;2021-05-31;12368;19;283130;368
FR;4;2021-06-01;19577;38;302707;406
FR;4;2021-06-02;13894;33;316601;439
FR;4;2021-06-03;18617;23;335218;462
FR;0;2020-12-27;20;0;20;0
FR;0;2020-12-28;69;0;89;0
FR;0;2020-12-29;108;0;197;0
FR;0;2020-12-30;120;0;317;0
FR;0;2020-12-31;85;0;402;0
FR;0;2021-01-01;68;0;470;0
FR;0;2021-01-02;86;0;556;0
FR;0;2021-01-03;90;0;646;0
FR;0;2021-01-04;1477;0;2123;0
FR;0;2021-01-05;5391;0;7514;0
FR;0;2021-01-06;11294;0;18808;0
FR;0;2021-01-07;28554;0;47362;0
FR;0;2021-01-08;36222;0;83584;0
FR;0;2021-01-09;10913;0;94497;0
FR;0;2021-01-10;5618;0;100115;0
FR;0;2021-01-11;38967;0;139082;0
FR;0;2021-01-12;60819;0;199901;0
FR;0;2021-01-13;63739;0;263640;0
FR;0;2021-01-14;79826;0;343466;0
FR;0;2021-01-15;67460;0;410926;0
FR;0;2021-01-16;19705;78;430631;78
FR;0;2021-01-17;10465;42;441096;120
FR;0;2021-01-18;84345;163;525441;283
FR;0;2021-01-19;128423;127;653864;410
FR;0;2021-01-20;135101;159;788965;569
FR;0;2021-01-21;155267;135;944232;704
FR;0;2021-01-22;118543;162;1062775;866
FR;0;2021-01-23;37787;50;1100562;916
FR;0;2021-01-24;9361;27;1109923;943
FR;0;2021-01-25;76788;1218;1186711;2161
FR;0;2021-01-26;98766;3110;1285477;5271
FR;0;2021-01-27;105605;5597;1391082;10868
FR;0;2021-01-28;122294;14360;1513376;25228
FR;0;2021-01-29;90850;17292;1604226;42520
FR;0;2021-01-30;28644;4225;1632870;46745
FR;0;2021-01-31;4866;1679;1637736;48424
FR;0;2021-02-01;51539;21128;1689275;69552
FR;0;2021-02-02;70652;34568;1759927;104120
FR;0;2021-02-03;70935;36960;1830862;141080
FR;0;2021-02-04;80511;50060;1911373;191140
FR;0;2021-02-05;67056;45341;1978429;236481
FR;0;2021-02-06;21288;10399;1999717;246880
FR;0;2021-02-07;4824;5041;2004541;251921
FR;0;2021-02-08;45823;45993;2050364;297914
FR;0;2021-02-09;64717;72407;2115081;370321
FR;0;2021-02-10;69222;76695;2184303;447016
FR;0;2021-02-11;85552;99144;2269855;546160
FR;0;2021-02-12;77680;74276;2347535;620436
FR;0;2021-02-13;21656;19492;2369191;639928
FR;0;2021-02-14;4581;7190;2373772;647118
FR;0;2021-02-15;37038;76507;2410810;723625
FR;0;2021-02-16;49187;100746;2459997;824371
FR;0;2021-02-17;49292;102971;2509289;927342
FR;0;2021-02-18;67894;118564;2577183;1045906
FR;0;2021-02-19;63665;90736;2640848;1136642
FR;0;2021-02-20;17958;28429;2658806;1165071
FR;0;2021-02-21;2857;6373;2661663;1171444
FR;0;2021-02-22;36448;73138;2698111;1244582
FR;0;2021-02-23;52577;84058;2750688;1328640
FR;0;2021-02-24;57980;81130;2808668;1409770
FR;0;2021-02-25;98491;91420;2907159;1501190
FR;0;2021-02-26;111627;71012;3018786;1572202
FR;0;2021-02-27;51096;21980;3069882;1594182
FR;0;2021-02-28;5666;4414;3075548;1598596
FR;0;2021-03-01;63533;52804;3139081;1651400
FR;0;2021-03-02;99251;66246;3238332;1717646
FR;0;2021-03-03;113428;65551;3351760;1783197
FR;0;2021-03-04;160082;68881;3511842;1852078
FR;0;2021-03-05;197528;63393;3709370;1915471
FR;0;2021-03-06;204515;17824;3913885;1933295
FR;0;2021-03-07;119665;5481;4033550;1938776
FR;0;2021-03-08;104613;50808;4138163;1989584
FR;0;2021-03-09;169473;56778;4307636;2046362
FR;0;2021-03-10;175463;57215;4483099;2103577
FR;0;2021-03-11;239103;63118;4722202;2166695
FR;0;2021-03-12;290434;53506;5012636;2220201
FR;0;2021-03-13;227734;15284;5240370;2235485
FR;0;2021-03-14;62056;3437;5302426;2238922
FR;0;2021-03-15;155573;32673;5457999;2271595
FR;0;2021-03-16;139187;39541;5597186;2311136
FR;0;2021-03-17;147891;38826;5745077;2349962
FR;0;2021-03-18;164871;44664;5909948;2394626
FR;0;2021-03-19;226317;37486;6136265;2432112
FR;0;2021-03-20;164356;11787;6300621;2443899
FR;0;2021-03-21;48717;2628;6349338;2446527
FR;0;2021-03-22;166909;34300;6516247;2480827
FR;0;2021-03-23;246466;42406;6762713;2523233
FR;0;2021-03-24;253029;43869;7015742;2567102
FR;0;2021-03-25;337162;44754;7352904;2611856
FR;0;2021-03-26;354255;41911;7707159;2653767
FR;0;2021-03-27;192759;16653;7899918;2670420
FR;0;2021-03-28;58282;3737;7958200;2674157
FR;0;2021-03-29;200206;54310;8158406;2728467
FR;0;2021-03-30;281640;69686;8440046;2798153
FR;0;2021-03-31;259202;72951;8699248;2871104
FR;0;2021-04-01;309676;87852;9008924;2958956
FR;0;2021-04-02;277355;92127;9286279;3051083
FR;0;2021-04-03;139005;61876;9425284;3112959
FR;0;2021-04-04;44837;18665;9470121;3131624
FR;0;2021-04-05;58740;11009;9528861;3142633
FR;0;2021-04-06;212735;107897;9741596;3250530
FR;0;2021-04-07;255955;115503;9997551;3366033
FR;0;2021-04-08;332356;121458;10329907;3487491
FR;0;2021-04-09;404311;116530;10734218;3604021
FR;0;2021-04-10;209912;82763;10944130;3686784
FR;0;2021-04-11;54950;34603;10999080;3721387
FR;0;2021-04-12;233588;115247;11232668;3836634
FR;0;2021-04-13;304790;144998;11537458;3981632
FR;0;2021-04-14;289146;139445;11826604;4121077
FR;0;2021-04-15;331264;147886;12157868;4268963
FR;0;2021-04-16;334397;145795;12492265;4414758
FR;0;2021-04-17;185917;90278;12678182;4505036
FR;0;2021-04-18;50402;35432;12728584;4540468
FR;0;2021-04-19;202331;138428;12930915;4678896
FR;0;2021-04-20;250160;170790;13181075;4849686
FR;0;2021-04-21;248767;168873;13429842;5018559
FR;0;2021-04-22;282447;188302;13712289;5206861
FR;0;2021-04-23;289663;183307;14001952;5390168
FR;0;2021-04-24;187455;111605;14189407;5501773
FR;0;2021-04-25;68115;38887;14257522;5540660
FR;0;2021-04-26;215527;156140;14473049;5696800
FR;0;2021-04-27;279678;187562;14752727;5884362
FR;0;2021-04-28;294025;183253;15046752;6067615
FR;0;2021-04-29;351489;196193;15398241;6263808
FR;0;2021-04-30;366436;184897;15764677;6448705
FR;0;2021-05-01;163113;52554;15927790;6501259
FR;0;2021-05-02;89731;37847;16017521;6539106
FR;0;2021-05-03;282154;169755;16299675;6708861
FR;0;2021-05-04;308390;224394;16608065;6933255
FR;0;2021-05-05;318307;224597;16926372;7157852
FR;0;2021-05-06;371423;239281;17297795;7397133
FR;0;2021-05-07;365528;257422;17663323;7654555
FR;0;2021-05-08;208295;66946;17871618;7721501
FR;0;2021-05-09;127393;46785;17999011;7768286
FR;0;2021-05-10;303241;229088;18302252;7997374
FR;0;2021-05-11;395436;258282;18697688;8255656
FR;0;2021-05-12;420759;233332;19118447;8488988
FR;0;2021-05-13;331024;56935;19449471;8545923
FR;0;2021-05-14;442427;167644;19891898;8713567
FR;0;2021-05-15;364472;94070;20256370;8807637
FR;0;2021-05-16;199293;20844;20455663;8828481
FR;0;2021-05-17;367055;149255;20822718;8977736
FR;0;2021-05-18;444468;153314;21267186;9131050
FR;0;2021-05-19;454662;145514;21721848;9276564
FR;0;2021-05-20;494027;160541;22215875;9437105
FR;0;2021-05-21;475877;174761;22691752;9611866
FR;0;2021-05-22;340543;80025;23032295;9691891
FR;0;2021-05-23;158415;14491;23190710;9706382
FR;0;2021-05-24;256600;33336;23447310;9739718
FR;0;2021-05-25;389435;189518;23836745;9929236
FR;0;2021-05-26;396078;188364;24232823;10117600
FR;0;2021-05-27;437627;218969;24670450;10336569
FR;0;2021-05-28;417515;259883;25087965;10596452
FR;0;2021-05-29;293415;149568;25381380;10746020
FR;0;2021-05-30;104322;32671;25485702;10778691
FR;0;2021-05-31;348992;203731;25834694;10982422
FR;0;2021-06-01;409729;251898;26244423;11234320
FR;0;2021-06-02;395222;231192;26639645;11465512
FR;0;2021-06-03;444679;258937;27084324;11724449
