fra;vaccin;jour;n_dose1;n_dose2;n_cum_dose1;n_cum_dose2
FR;1;2020-12-27;21;0;21;0
FR;1;2020-12-28;71;0;92;0
FR;1;2020-12-29;108;0;200;0
FR;1;2020-12-30;123;0;323;0
FR;1;2020-12-31;88;0;411;0
FR;1;2021-01-01;75;0;486;0
FR;1;2021-01-02;90;0;576;0
FR;1;2021-01-03;92;0;668;0
FR;1;2021-01-04;1482;0;2150;0
FR;1;2021-01-05;5421;0;7571;0
FR;1;2021-01-06;11330;0;18901;0
FR;1;2021-01-07;28672;0;47573;0
FR;1;2021-01-08;36334;0;83907;0
FR;1;2021-01-09;10952;0;94859;0
FR;1;2021-01-10;5648;0;100507;0
FR;1;2021-01-11;39158;0;139665;0
FR;1;2021-01-12;61071;0;200736;0
FR;1;2021-01-13;63988;0;264724;0
FR;1;2021-01-14;79958;0;344682;0
FR;1;2021-01-15;67433;0;412115;0
FR;1;2021-01-16;19584;87;431699;87
FR;1;2021-01-17;10483;42;442182;129
FR;1;2021-01-18;81636;164;523818;293
FR;1;2021-01-19;124176;128;647994;421
FR;1;2021-01-20;130553;160;778547;581
FR;1;2021-01-21;150571;141;929118;722
FR;1;2021-01-22;114109;163;1043227;885
FR;1;2021-01-23;36159;52;1079386;937
FR;1;2021-01-24;9280;28;1088666;965
FR;1;2021-01-25;73336;1219;1162002;2184
FR;1;2021-01-26;95215;3113;1257217;5297
FR;1;2021-01-27;102351;5598;1359568;10895
FR;1;2021-01-28;119057;14361;1478625;25256
FR;1;2021-01-29;87934;17293;1566559;42549
FR;1;2021-01-30;27642;4225;1594201;46774
FR;1;2021-01-31;4882;1679;1599083;48453
FR;1;2021-02-01;48396;21128;1647479;69581
FR;1;2021-02-02;66474;34568;1713953;104149
FR;1;2021-02-03;66056;36961;1780009;141110
FR;1;2021-02-04;75981;50059;1855990;191169
FR;1;2021-02-05;62623;45336;1918613;236505
FR;1;2021-02-06;19097;10396;1937710;246901
FR;1;2021-02-07;3435;5041;1941145;251942
FR;1;2021-02-08;35892;45986;1977037;297928
FR;1;2021-02-09;49995;72393;2027032;370321
FR;1;2021-02-10;50995;76646;2078027;446967
FR;1;2021-02-11;62352;99077;2140379;546044
FR;1;2021-02-12;55002;74039;2195381;620083
FR;1;2021-02-13;15189;19270;2210570;639353
FR;1;2021-02-14;3434;7190;2214004;646543
FR;1;2021-02-15;23648;73440;2237652;719983
FR;1;2021-02-16;32177;96865;2269829;816848
FR;1;2021-02-17;34471;98569;2304300;915417
FR;1;2021-02-18;48315;113473;2352615;1028890
FR;1;2021-02-19;44563;86414;2397178;1115304
FR;1;2021-02-20;13080;26920;2410258;1142224
FR;1;2021-02-21;2122;6287;2412380;1148511
FR;1;2021-02-22;24138;69415;2436518;1217926
FR;1;2021-02-23;36764;80366;2473282;1298292
FR;1;2021-02-24;39514;77662;2512796;1375954
FR;1;2021-02-25;49156;87994;2561952;1463948
FR;1;2021-02-26;46257;67888;2608209;1531836
FR;1;2021-02-27;15252;20931;2623461;1552767
FR;1;2021-02-28;3236;4386;2626697;1557153
FR;1;2021-03-01;38818;49031;2665515;1606184
FR;1;2021-03-02;54797;61506;2720312;1667690
FR;1;2021-03-03;59710;60652;2780022;1728342
FR;1;2021-03-04;71418;64895;2851440;1793237
FR;1;2021-03-05;73350;59275;2924790;1852512
FR;1;2021-03-06;81492;16094;3006282;1868606
FR;1;2021-03-07;63012;5424;3069294;1874030
FR;1;2021-03-08;58962;42480;3128256;1916510
FR;1;2021-03-09;84627;48318;3212883;1964828
FR;1;2021-03-10;89237;48068;3302120;2012896
FR;1;2021-03-11;103459;53865;3405579;2066761
FR;1;2021-03-12;102383;45269;3507962;2112030
FR;1;2021-03-13;87920;12721;3595882;2124751
FR;1;2021-03-14;43756;3031;3639638;2127782
FR;1;2021-03-15;94080;29153;3733718;2156935
FR;1;2021-03-16;122159;34908;3855877;2191843
FR;1;2021-03-17;127798;34869;3983675;2226712
FR;1;2021-03-18;141256;39756;4124931;2266468
FR;1;2021-03-19;134555;32914;4259486;2299382
FR;1;2021-03-20;75100;10212;4334586;2309594
FR;1;2021-03-21;25786;2477;4360372;2312071
FR;1;2021-03-22;113140;31191;4473512;2343262
FR;1;2021-03-23;141234;38175;4614746;2381437
FR;1;2021-03-24;140132;38791;4754878;2420228
FR;1;2021-03-25;163091;39620;4917969;2459848
FR;1;2021-03-26;164560;37500;5082529;2497348
FR;1;2021-03-27;110006;15260;5192535;2512608
FR;1;2021-03-28;41748;3624;5234283;2516232
FR;1;2021-03-29;128526;49970;5362809;2566202
FR;1;2021-03-30;165880;63598;5528689;2629800
FR;1;2021-03-31;169149;66916;5697838;2696716
FR;1;2021-04-01;191584;79256;5889422;2775972
FR;1;2021-04-02;162609;84318;6052031;2860290
FR;1;2021-04-03;87235;58188;6139266;2918478
FR;1;2021-04-04;32356;17733;6171622;2936211
FR;1;2021-04-05;42450;10178;6214072;2946389
FR;1;2021-04-06;157941;100891;6372013;3047280
FR;1;2021-04-07;194491;108272;6566504;3155552
FR;1;2021-04-08;219079;112406;6785583;3267958
FR;1;2021-04-09;211916;107520;6997499;3375478
FR;1;2021-04-10;116020;73466;7113519;3448944
FR;1;2021-04-11;40053;30288;7153572;3479232
FR;1;2021-04-12;166677;103798;7320249;3583030
FR;1;2021-04-13;201396;128263;7521645;3711293
FR;1;2021-04-14;205727;122820;7727372;3834113
FR;1;2021-04-15;218504;126766;7945876;3960879
FR;1;2021-04-16;204041;125155;8149917;4086034
FR;1;2021-04-17;121037;67490;8270954;4153524
FR;1;2021-04-18;35254;20997;8306208;4174521
FR;1;2021-04-19;162000;121934;8468208;4296455
FR;1;2021-04-20;187246;148803;8655454;4445258
FR;1;2021-04-21;191725;146761;8847179;4592019
FR;1;2021-04-22;206499;162651;9053678;4754670
FR;1;2021-04-23;196839;156941;9250517;4911611
FR;1;2021-04-24;125055;95522;9375572;5007133
FR;1;2021-04-25;52899;30144;9428471;5037277
FR;1;2021-04-26;179340;138283;9607811;5175560
FR;1;2021-04-27;219173;162011;9826984;5337571
FR;1;2021-04-28;236260;155141;10063244;5492712
FR;1;2021-04-29;267722;160093;10330966;5652805
FR;1;2021-04-30;269435;148181;10600401;5800986
FR;1;2021-05-01;138377;40718;10738778;5841704
FR;1;2021-05-02;80462;28166;10819240;5869870
FR;1;2021-05-03;247415;146549;11066655;6016419
FR;1;2021-05-04;262731;186878;11329386;6203297
FR;1;2021-05-05;279407;184602;11608793;6387899
FR;1;2021-05-06;305827;183073;11914620;6570972
FR;1;2021-05-07;280985;195759;12195605;6766731
FR;1;2021-05-08;189232;48341;12384837;6815072
FR;1;2021-05-09;113151;36234;12497988;6851306
FR;1;2021-05-10;253529;194293;12751517;7045599
FR;1;2021-05-11;315223;211459;13066740;7257058
FR;1;2021-05-12;351791;185959;13418531;7443017
FR;1;2021-05-13;279440;47676;13697971;7490693
FR;1;2021-05-14;366204;128940;14064175;7619633
FR;1;2021-05-15;293813;66173;14357988;7685806
FR;1;2021-05-16;156272;15588;14514260;7701394
FR;1;2021-05-17;315565;116747;14829825;7818141
FR;1;2021-05-18;376411;111414;15206236;7929555
FR;1;2021-05-19;389887;103009;15596123;8032564
FR;1;2021-05-20;414674;96415;16010797;8128979
FR;1;2021-05-21;393235;97511;16404032;8226490
FR;1;2021-05-22;272130;42185;16676162;8268675
FR;1;2021-05-23;121358;11247;16797520;8279922
FR;1;2021-05-24;239930;26380;17037450;8306302
FR;1;2021-05-25;359500;132082;17396950;8438384
FR;1;2021-05-26;371591;125827;17768541;8564211
FR;1;2021-05-27;399922;128416;18168463;8692627
FR;1;2021-05-28;360290;145712;18528753;8838339
FR;1;2021-05-29;250798;81075;18779551;8919414
FR;1;2021-05-30;99197;22615;18878748;8942029
FR;1;2021-05-31;309619;148952;19188367;9090981
FR;1;2021-06-01;346627;166966;19534994;9257947
FR;1;2021-06-02;348555;153481;19883549;9411428
FR;1;2021-06-03;378829;147921;20262378;9559349
FR;1;2021-06-04;351826;175815;20614204;9735164
FR;1;2021-06-05;253359;112882;20867563;9848046
FR;1;2021-06-06;123365;37572;20990928;9885618
FR;1;2021-06-07;291321;208367;21282249;10093985
FR;1;2021-06-08;320243;221261;21602492;10315246
FR;1;2021-06-09;326584;212840;21929076;10528086
FR;1;2021-06-10;329023;202527;22258099;10730613
FR;1;2021-06-11;302726;235690;22560825;10966303
FR;1;2021-06-12;238519;150979;22799344;11117282
FR;1;2021-06-13;97488;61133;22896832;11178415
FR;1;2021-06-14;198367;289337;23095199;11467752
FR;1;2021-06-15;245269;282753;23340468;11750505
FR;1;2021-06-16;264453;270778;23604921;12021283
FR;1;2021-06-17;259668;244697;23864589;12265980
FR;1;2021-06-18;249601;296340;24114190;12562320
FR;1;2021-06-19;188847;209828;24303037;12772148
FR;1;2021-06-20;67328;89250;24370365;12861398
FR;1;2021-06-21;164587;320347;24534952;13181745
FR;1;2021-06-22;177968;347997;24712920;13529742
FR;1;2021-06-23;195811;339764;24908731;13869506
FR;1;2021-06-24;193482;282096;25102213;14151602
FR;1;2021-06-25;173653;372298;25275866;14523900
FR;1;2021-06-26;127264;278658;25403130;14802558
FR;1;2021-06-27;50759;123116;25453889;14925674
FR;1;2021-06-28;128478;368747;25582367;15294421
FR;2;2020-12-27;0;0;0;0
FR;2;2020-12-28;0;0;0;0
FR;2;2020-12-29;0;0;0;0
FR;2;2020-12-30;0;0;0;0
FR;2;2020-12-31;0;0;0;0
FR;2;2021-01-01;0;0;0;0
FR;2;2021-01-02;0;0;0;0
FR;2;2021-01-03;0;0;0;0
FR;2;2021-01-04;0;0;0;0
FR;2;2021-01-05;0;0;0;0
FR;2;2021-01-06;0;0;0;0
FR;2;2021-01-07;0;0;0;0
FR;2;2021-01-08;0;0;0;0
FR;2;2021-01-09;0;0;0;0
FR;2;2021-01-10;0;0;0;0
FR;2;2021-01-11;0;0;0;0
FR;2;2021-01-12;0;0;0;0
FR;2;2021-01-13;0;0;0;0
FR;2;2021-01-14;153;0;153;0
FR;2;2021-01-15;218;0;371;0
FR;2;2021-01-16;186;0;557;0
FR;2;2021-01-17;3;0;560;0
FR;2;2021-01-18;2915;0;3475;0
FR;2;2021-01-19;4519;0;7994;0
FR;2;2021-01-20;4922;0;12916;0
FR;2;2021-01-21;5128;0;18044;0
FR;2;2021-01-22;4882;0;22926;0
FR;2;2021-01-23;1734;0;24660;0
FR;2;2021-01-24;102;0;24762;0
FR;2;2021-01-25;3637;0;28399;0
FR;2;2021-01-26;3752;0;32151;0
FR;2;2021-01-27;3443;0;35594;0
FR;2;2021-01-28;3514;0;39108;0
FR;2;2021-01-29;3083;0;42191;0
FR;2;2021-01-30;1064;0;43255;0
FR;2;2021-01-31;0;0;43255;0
FR;2;2021-02-01;3260;0;46515;0
FR;2;2021-02-02;4309;0;50824;0
FR;2;2021-02-03;5032;0;55856;0
FR;2;2021-02-04;4735;4;60591;4
FR;2;2021-02-05;4621;6;65212;10
FR;2;2021-02-06;1932;3;67144;13
FR;2;2021-02-07;42;0;67186;13
FR;2;2021-02-08;7428;8;74614;21
FR;2;2021-02-09;8258;16;82872;37
FR;2;2021-02-10;9143;49;92015;86
FR;2;2021-02-11;10060;67;102075;153
FR;2;2021-02-12;9816;238;111891;391
FR;2;2021-02-13;3017;222;114908;613
FR;2;2021-02-14;296;0;115204;613
FR;2;2021-02-15;3359;3067;118563;3680
FR;2;2021-02-16;4910;3881;123473;7561
FR;2;2021-02-17;4107;4403;127580;11964
FR;2;2021-02-18;5243;5089;132823;17053
FR;2;2021-02-19;5216;4323;138039;21376
FR;2;2021-02-20;1764;1509;139803;22885
FR;2;2021-02-21;199;86;140002;22971
FR;2;2021-02-22;3534;3723;143536;26694
FR;2;2021-02-23;4837;3693;148373;30387
FR;2;2021-02-24;4772;3468;153145;33855
FR;2;2021-02-25;5293;3426;158438;37281
FR;2;2021-02-26;4198;3125;162636;40406
FR;2;2021-02-27;1503;1042;164139;41448
FR;2;2021-02-28;100;28;164239;41476
FR;2;2021-03-01;4964;3764;169203;45240
FR;2;2021-03-02;6311;4727;175514;49967
FR;2;2021-03-03;6247;4883;181761;54850
FR;2;2021-03-04;8077;3967;189838;58817
FR;2;2021-03-05;7771;4060;197609;62877
FR;2;2021-03-06;4621;1682;202230;64559
FR;2;2021-03-07;2284;29;204514;64588
FR;2;2021-03-08;3977;8311;208491;72899
FR;2;2021-03-09;7273;8429;215764;81328
FR;2;2021-03-10;6866;9109;222630;90437
FR;2;2021-03-11;9091;9209;231721;99646
FR;2;2021-03-12;7723;8171;239444;107817
FR;2;2021-03-13;9873;2511;249317;110328
FR;2;2021-03-14;4755;402;254072;110730
FR;2;2021-03-15;10653;3484;264725;114214
FR;2;2021-03-16;16460;4621;281185;118835
FR;2;2021-03-17;19905;3952;301090;122787
FR;2;2021-03-18;22965;4910;324055;127697
FR;2;2021-03-19;22891;4538;346946;132235
FR;2;2021-03-20;25159;1540;372105;133775
FR;2;2021-03-21;17476;147;389581;133922
FR;2;2021-03-22;17409;3078;406990;137000
FR;2;2021-03-23;22273;4183;429263;141183
FR;2;2021-03-24;23560;4988;452823;146171
FR;2;2021-03-25;26286;5022;479109;151193
FR;2;2021-03-26;26595;4262;505704;155455
FR;2;2021-03-27;15640;1309;521344;156764
FR;2;2021-03-28;10397;94;531741;156858
FR;2;2021-03-29;18663;4281;550404;161139
FR;2;2021-03-30;24184;6002;574588;167141
FR;2;2021-03-31;28139;5958;602727;173099
FR;2;2021-04-01;33994;8496;636721;181595
FR;2;2021-04-02;29563;7662;666284;189257
FR;2;2021-04-03;16734;3582;683018;192839
FR;2;2021-04-04;9161;918;692179;193757
FR;2;2021-04-05;12126;811;704305;194568
FR;2;2021-04-06;26773;6933;731078;201501
FR;2;2021-04-07;30601;7174;761679;208675
FR;2;2021-04-08;36505;8818;798184;217493
FR;2;2021-04-09;33400;8602;831584;226095
FR;2;2021-04-10;19458;8969;851042;235064
FR;2;2021-04-11;7819;4272;858861;239336
FR;2;2021-04-12;16812;11254;875673;250590
FR;2;2021-04-13;19119;16426;894792;267016
FR;2;2021-04-14;17678;16285;912470;283301
FR;2;2021-04-15;21865;20757;934335;304058
FR;2;2021-04-16;20403;20073;954738;324131
FR;2;2021-04-17;13060;22462;967798;346593
FR;2;2021-04-18;5788;14405;973586;360998
FR;2;2021-04-19;16490;16263;990076;377261
FR;2;2021-04-20;18999;21595;1009075;398856
FR;2;2021-04-21;19837;21665;1028912;420521
FR;2;2021-04-22;23420;24863;1052332;445384
FR;2;2021-04-23;24222;25352;1076554;470736
FR;2;2021-04-24;25109;15111;1101663;485847
FR;2;2021-04-25;9499;8589;1111162;494436
FR;2;2021-04-26;16915;17196;1128077;511632
FR;2;2021-04-27;19025;24307;1147102;535939
FR;2;2021-04-28;22056;26188;1169158;562127
FR;2;2021-04-29;25212;30137;1194370;592264
FR;2;2021-04-30;25345;27782;1219715;620046
FR;2;2021-05-01;14799;9863;1234514;629909
FR;2;2021-05-02;6525;9184;1241039;639093
FR;2;2021-05-03;19662;19328;1260701;658421
FR;2;2021-05-04;18057;29057;1278758;687478
FR;2;2021-05-05;18006;29413;1296764;716891
FR;2;2021-05-06;23241;35291;1320005;752182
FR;2;2021-05-07;24885;33246;1344890;785428
FR;2;2021-05-08;21030;9705;1365920;795133
FR;2;2021-05-09;13034;7894;1378954;803027
FR;2;2021-05-10;32562;22221;1411516;825248
FR;2;2021-05-11;43181;21078;1454697;846326
FR;2;2021-05-12;49386;19907;1504083;866233
FR;2;2021-05-13;50799;5771;1554882;872004
FR;2;2021-05-14;60874;12956;1615756;884960
FR;2;2021-05-15;65481;7154;1681237;892114
FR;2;2021-05-16;43247;2576;1724484;894690
FR;2;2021-05-17;44307;12592;1768791;907282
FR;2;2021-05-18;53708;12255;1822499;919537
FR;2;2021-05-19;56381;10634;1878880;930171
FR;2;2021-05-20;62566;10900;1941446;941071
FR;2;2021-05-21;63379;11685;2004825;952756
FR;2;2021-05-22;60836;4527;2065661;957283
FR;2;2021-05-23;36996;577;2102657;957860
FR;2;2021-05-24;16857;2033;2119514;959893
FR;2;2021-05-25;20575;12243;2140089;972136
FR;2;2021-05-26;19122;11471;2159211;983607
FR;2;2021-05-27;22466;12672;2181677;996279
FR;2;2021-05-28;28824;14991;2210501;1011270
FR;2;2021-05-29;30018;8190;2240519;1019460
FR;2;2021-05-30;4480;1811;2244999;1021271
FR;2;2021-05-31;28107;18762;2273106;1040033
FR;2;2021-06-01;44530;20076;2317636;1060109
FR;2;2021-06-02;36526;19318;2354162;1079427
FR;2;2021-06-03;50342;23405;2404504;1102832
FR;2;2021-06-04;64451;24106;2468955;1126938
FR;2;2021-06-05;33857;24052;2502812;1150990
FR;2;2021-06-06;4733;6206;2507545;1157196
FR;2;2021-06-07;27524;23110;2535069;1180306
FR;2;2021-06-08;45362;22966;2580431;1203272
FR;2;2021-06-09;33518;20924;2613949;1224196
FR;2;2021-06-10;41410;19163;2655359;1243359
FR;2;2021-06-11;54265;25256;2709624;1268615
FR;2;2021-06-12;29937;19822;2739561;1288437
FR;2;2021-06-13;3111;9190;2742672;1297627
FR;2;2021-06-14;24641;24200;2767313;1321827
FR;2;2021-06-15;38194;22900;2805507;1344727
FR;2;2021-06-16;29499;21552;2835006;1366279
FR;2;2021-06-17;36128;25910;2871134;1392189
FR;2;2021-06-18;45863;28800;2916997;1420989
FR;2;2021-06-19;24043;24926;2941040;1445915
FR;2;2021-06-20;2594;10075;2943634;1455990
FR;2;2021-06-21;16784;42784;2960418;1498774
FR;2;2021-06-22;27667;49647;2988085;1548421
FR;2;2021-06-23;21101;49669;3009186;1598090
FR;2;2021-06-24;27587;50333;3036773;1648423
FR;2;2021-06-25;32209;60449;3068982;1708872
FR;2;2021-06-26;15763;59500;3084745;1768372
FR;2;2021-06-27;2384;29375;3087129;1797747
FR;2;2021-06-28;11863;54400;3098992;1852147
FR;3;2020-12-27;0;0;0;0
FR;3;2020-12-28;0;0;0;0
FR;3;2020-12-29;0;0;0;0
FR;3;2020-12-30;0;0;0;0
FR;3;2020-12-31;0;0;0;0
FR;3;2021-01-01;0;0;0;0
FR;3;2021-01-02;0;0;0;0
FR;3;2021-01-03;0;0;0;0
FR;3;2021-01-04;0;0;0;0
FR;3;2021-01-05;0;0;0;0
FR;3;2021-01-06;0;0;0;0
FR;3;2021-01-07;0;0;0;0
FR;3;2021-01-08;0;0;0;0
FR;3;2021-01-09;0;0;0;0
FR;3;2021-01-10;0;0;0;0
FR;3;2021-01-11;0;0;0;0
FR;3;2021-01-12;0;0;0;0
FR;3;2021-01-13;0;0;0;0
FR;3;2021-01-14;0;0;0;0
FR;3;2021-01-15;0;0;0;0
FR;3;2021-01-16;0;0;0;0
FR;3;2021-01-17;0;0;0;0
FR;3;2021-01-18;0;0;0;0
FR;3;2021-01-19;0;0;0;0
FR;3;2021-01-20;0;0;0;0
FR;3;2021-01-21;0;0;0;0
FR;3;2021-01-22;0;0;0;0
FR;3;2021-01-23;0;0;0;0
FR;3;2021-01-24;0;0;0;0
FR;3;2021-01-25;0;0;0;0
FR;3;2021-01-26;0;0;0;0
FR;3;2021-01-27;0;0;0;0
FR;3;2021-01-28;0;0;0;0
FR;3;2021-01-29;0;0;0;0
FR;3;2021-01-30;0;0;0;0
FR;3;2021-01-31;0;0;0;0
FR;3;2021-02-01;0;0;0;0
FR;3;2021-02-02;0;0;0;0
FR;3;2021-02-03;0;0;0;0
FR;3;2021-02-04;0;0;0;0
FR;3;2021-02-05;0;0;0;0
FR;3;2021-02-06;336;0;336;0
FR;3;2021-02-07;1348;0;1684;0
FR;3;2021-02-08;2636;0;4320;0
FR;3;2021-02-09;6649;0;10969;0
FR;3;2021-02-10;9250;0;20219;0
FR;3;2021-02-11;13373;0;33592;0
FR;3;2021-02-12;13074;0;46666;0
FR;3;2021-02-13;3520;0;50186;0
FR;3;2021-02-14;870;0;51056;0
FR;3;2021-02-15;10143;0;61199;0
FR;3;2021-02-16;12192;0;73391;0
FR;3;2021-02-17;10827;0;84218;0
FR;3;2021-02-18;14606;0;98824;0
FR;3;2021-02-19;14141;0;112965;0
FR;3;2021-02-20;3184;0;116149;0
FR;3;2021-02-21;548;0;116697;0
FR;3;2021-02-22;8930;0;125627;0
FR;3;2021-02-23;11127;0;136754;0
FR;3;2021-02-24;13928;0;150682;0
FR;3;2021-02-25;44480;0;195162;0
FR;3;2021-02-26;61487;0;256649;0
FR;3;2021-02-27;34522;8;291171;8
FR;3;2021-02-28;2354;0;293525;8
FR;3;2021-03-01;19975;9;313500;17
FR;3;2021-03-02;38388;14;351888;31
FR;3;2021-03-03;48028;17;399916;48
FR;3;2021-03-04;81396;22;481312;70
FR;3;2021-03-05;117279;60;598591;130
FR;3;2021-03-06;119581;51;718172;181
FR;3;2021-03-07;54706;28;772878;209
FR;3;2021-03-08;42228;20;815106;229
FR;3;2021-03-09;78229;31;893335;260
FR;3;2021-03-10;80061;38;973396;298
FR;3;2021-03-11;127476;47;1100872;345
FR;3;2021-03-12;181632;70;1282504;415
FR;3;2021-03-13;131314;56;1413818;471
FR;3;2021-03-14;13834;4;1427652;475
FR;3;2021-03-15;51594;37;1479246;512
FR;3;2021-03-16;945;13;1480191;525
FR;3;2021-03-17;684;6;1480875;531
FR;3;2021-03-18;1235;4;1482110;535
FR;3;2021-03-19;69849;36;1551959;571
FR;3;2021-03-20;64751;37;1616710;608
FR;3;2021-03-21;5540;4;1622250;612
FR;3;2021-03-22;37008;32;1659258;644
FR;3;2021-03-23;83943;50;1743201;694
FR;3;2021-03-24;90305;92;1833506;786
FR;3;2021-03-25;149282;114;1982788;900
FR;3;2021-03-26;164683;155;2147471;1055
FR;3;2021-03-27;67928;90;2215399;1145
FR;3;2021-03-28;6270;19;2221669;1164
FR;3;2021-03-29;53699;60;2275368;1224
FR;3;2021-03-30;92607;88;2367975;1312
FR;3;2021-03-31;62948;82;2430923;1394
FR;3;2021-04-01;85416;103;2516339;1497
FR;3;2021-04-02;86350;147;2602689;1644
FR;3;2021-04-03;35501;109;2638190;1753
FR;3;2021-04-04;3426;15;2641616;1768
FR;3;2021-04-05;4286;21;2645902;1789
FR;3;2021-04-06;29184;76;2675086;1865
FR;3;2021-04-07;31733;60;2706819;1925
FR;3;2021-04-08;78021;234;2784840;2159
FR;3;2021-04-09;160664;409;2945504;2568
FR;3;2021-04-10;74980;330;3020484;2898
FR;3;2021-04-11;7080;44;3027564;2942
FR;3;2021-04-12;50798;196;3078362;3138
FR;3;2021-04-13;85421;314;3163783;3452
FR;3;2021-04-14;66900;341;3230683;3793
FR;3;2021-04-15;92067;368;3322750;4161
FR;3;2021-04-16;111467;571;3434217;4732
FR;3;2021-04-17;52582;327;3486799;5059
FR;3;2021-04-18;9456;32;3496255;5091
FR;3;2021-04-19;24568;234;3520823;5325
FR;3;2021-04-20;44939;394;3565762;5719
FR;3;2021-04-21;38190;450;3603952;6169
FR;3;2021-04-22;53875;791;3657827;6960
FR;3;2021-04-23;69650;1018;3727477;7978
FR;3;2021-04-24;36637;973;3764114;8951
FR;3;2021-04-25;5927;154;3770041;9105
FR;3;2021-04-26;19164;661;3789205;9766
FR;3;2021-04-27;33786;1246;3822991;11012
FR;3;2021-04-28;28321;1926;3851312;12938
FR;3;2021-04-29;44631;5956;3895943;18894
FR;3;2021-04-30;54656;8932;3950599;27826
FR;3;2021-05-01;9188;1968;3959787;29794
FR;3;2021-05-02;2804;499;3962591;30293
FR;3;2021-05-03;12546;3881;3975137;34174
FR;3;2021-05-04;22491;8453;3997628;42627
FR;3;2021-05-05;18068;10575;4015696;53202
FR;3;2021-05-06;33903;20907;4049599;74109
FR;3;2021-05-07;43424;28409;4093023;102518
FR;3;2021-05-08;6375;8896;4099398;111414
FR;3;2021-05-09;1565;2655;4100963;114069
FR;3;2021-05-10;14447;12566;4115410;126635
FR;3;2021-05-11;26443;25735;4141853;152370
FR;3;2021-05-12;16731;27452;4158584;179822
FR;3;2021-05-13;2003;3486;4160587;183308
FR;3;2021-05-14;14083;25742;4174670;209050
FR;3;2021-05-15;6919;20734;4181589;229784
FR;3;2021-05-16;816;2679;4182405;232463
FR;3;2021-05-17;7515;19914;4189920;252377
FR;3;2021-05-18;12916;29635;4202836;282012
FR;3;2021-05-19;8819;31866;4211655;313878
FR;3;2021-05-20;12296;53220;4223951;367098
FR;3;2021-05-21;12278;65540;4236229;432638
FR;3;2021-05-22;4680;33300;4240909;465938
FR;3;2021-05-23;538;2665;4241447;468603
FR;3;2021-05-24;587;4920;4242034;473523
FR;3;2021-05-25;4966;45177;4247000;518700
FR;3;2021-05-26;4580;51054;4251580;569754
FR;3;2021-05-27;5950;77847;4257530;647601
FR;3;2021-05-28;7154;99107;4264684;746708
FR;3;2021-05-29;3077;60285;4267761;806993
FR;3;2021-05-30;382;8243;4268143;815236
FR;3;2021-05-31;2066;35999;4270209;851235
FR;3;2021-06-01;2973;64818;4273182;916053
FR;3;2021-06-02;2373;58360;4275555;974413
FR;3;2021-06-03;3183;87589;4278738;1062002
FR;3;2021-06-04;3852;105128;4282590;1167130
FR;3;2021-06-05;1776;52247;4284366;1219377
FR;3;2021-06-06;263;5400;4284629;1224777
FR;3;2021-06-07;1100;31183;4285729;1255960
FR;3;2021-06-08;1723;47285;4287452;1303245
FR;3;2021-06-09;1435;42397;4288887;1345642
FR;3;2021-06-10;1841;68013;4290728;1413655
FR;3;2021-06-11;2208;96812;4292936;1510467
FR;3;2021-06-12;1006;40842;4293942;1551309
FR;3;2021-06-13;138;3823;4294080;1555132
FR;3;2021-06-14;750;42671;4294830;1597803
FR;3;2021-06-15;1173;80708;4296003;1678511
FR;3;2021-06-16;1042;65788;4297045;1744299
FR;3;2021-06-17;1444;101860;4298489;1846159
FR;3;2021-06-18;1714;117938;4300203;1964097
FR;3;2021-06-19;699;39409;4300902;2003506
FR;3;2021-06-20;76;3384;4300978;2006890
FR;3;2021-06-21;557;39294;4301535;2046184
FR;3;2021-06-22;894;70028;4302429;2116212
FR;3;2021-06-23;755;50857;4303184;2167069
FR;3;2021-06-24;1138;77227;4304322;2244296
FR;3;2021-06-25;1236;89985;4305558;2334281
FR;3;2021-06-26;526;33140;4306084;2367421
FR;3;2021-06-27;90;4029;4306174;2371450
FR;3;2021-06-28;457;30466;4306631;2401916
FR;4;2020-12-27;0;0;0;0
FR;4;2020-12-28;0;0;0;0
FR;4;2020-12-29;0;0;0;0
FR;4;2020-12-30;0;0;0;0
FR;4;2020-12-31;0;0;0;0
FR;4;2021-01-01;0;0;0;0
FR;4;2021-01-02;0;0;0;0
FR;4;2021-01-03;0;0;0;0
FR;4;2021-01-04;0;0;0;0
FR;4;2021-01-05;0;0;0;0
FR;4;2021-01-06;0;0;0;0
FR;4;2021-01-07;0;0;0;0
FR;4;2021-01-08;0;0;0;0
FR;4;2021-01-09;0;0;0;0
FR;4;2021-01-10;0;0;0;0
FR;4;2021-01-11;0;0;0;0
FR;4;2021-01-12;0;0;0;0
FR;4;2021-01-13;0;0;0;0
FR;4;2021-01-14;0;0;0;0
FR;4;2021-01-15;0;0;0;0
FR;4;2021-01-16;0;0;0;0
FR;4;2021-01-17;0;0;0;0
FR;4;2021-01-18;0;0;0;0
FR;4;2021-01-19;0;0;0;0
FR;4;2021-01-20;0;0;0;0
FR;4;2021-01-21;0;0;0;0
FR;4;2021-01-22;0;0;0;0
FR;4;2021-01-23;0;0;0;0
FR;4;2021-01-24;0;0;0;0
FR;4;2021-01-25;0;0;0;0
FR;4;2021-01-26;0;0;0;0
FR;4;2021-01-27;0;0;0;0
FR;4;2021-01-28;0;0;0;0
FR;4;2021-01-29;0;0;0;0
FR;4;2021-01-30;0;0;0;0
FR;4;2021-01-31;0;0;0;0
FR;4;2021-02-01;0;0;0;0
FR;4;2021-02-02;0;0;0;0
FR;4;2021-02-03;0;0;0;0
FR;4;2021-02-04;0;0;0;0
FR;4;2021-02-05;0;0;0;0
FR;4;2021-02-06;0;0;0;0
FR;4;2021-02-07;0;0;0;0
FR;4;2021-02-08;0;0;0;0
FR;4;2021-02-09;0;0;0;0
FR;4;2021-02-10;0;0;0;0
FR;4;2021-02-11;0;0;0;0
FR;4;2021-02-12;0;0;0;0
FR;4;2021-02-13;0;0;0;0
FR;4;2021-02-14;0;0;0;0
FR;4;2021-02-15;0;0;0;0
FR;4;2021-02-16;0;0;0;0
FR;4;2021-02-17;0;0;0;0
FR;4;2021-02-18;0;0;0;0
FR;4;2021-02-19;0;0;0;0
FR;4;2021-02-20;0;0;0;0
FR;4;2021-02-21;0;0;0;0
FR;4;2021-02-22;0;0;0;0
FR;4;2021-02-23;0;0;0;0
FR;4;2021-02-24;0;0;0;0
FR;4;2021-02-25;0;0;0;0
FR;4;2021-02-26;0;0;0;0
FR;4;2021-02-27;0;0;0;0
FR;4;2021-02-28;0;0;0;0
FR;4;2021-03-01;0;0;0;0
FR;4;2021-03-02;0;0;0;0
FR;4;2021-03-03;0;0;0;0
FR;4;2021-03-04;0;0;0;0
FR;4;2021-03-05;0;0;0;0
FR;4;2021-03-06;0;0;0;0
FR;4;2021-03-07;0;0;0;0
FR;4;2021-03-08;0;0;0;0
FR;4;2021-03-09;0;0;0;0
FR;4;2021-03-10;0;0;0;0
FR;4;2021-03-11;0;0;0;0
FR;4;2021-03-12;0;0;0;0
FR;4;2021-03-13;0;0;0;0
FR;4;2021-03-14;0;0;0;0
FR;4;2021-03-15;0;0;0;0
FR;4;2021-03-16;0;0;0;0
FR;4;2021-03-17;0;0;0;0
FR;4;2021-03-18;0;0;0;0
FR;4;2021-03-19;0;0;0;0
FR;4;2021-03-20;0;0;0;0
FR;4;2021-03-21;0;0;0;0
FR;4;2021-03-22;0;0;0;0
FR;4;2021-03-23;0;0;0;0
FR;4;2021-03-24;0;0;0;0
FR;4;2021-03-25;0;0;0;0
FR;4;2021-03-26;0;0;0;0
FR;4;2021-03-27;0;0;0;0
FR;4;2021-03-28;0;0;0;0
FR;4;2021-03-29;0;0;0;0
FR;4;2021-03-30;0;0;0;0
FR;4;2021-03-31;0;0;0;0
FR;4;2021-04-01;0;0;0;0
FR;4;2021-04-02;0;0;0;0
FR;4;2021-04-03;0;0;0;0
FR;4;2021-04-04;0;0;0;0
FR;4;2021-04-05;0;0;0;0
FR;4;2021-04-06;0;0;0;0
FR;4;2021-04-07;0;0;0;0
FR;4;2021-04-08;0;0;0;0
FR;4;2021-04-09;0;1;0;1
FR;4;2021-04-10;0;0;0;1
FR;4;2021-04-11;0;0;0;1
FR;4;2021-04-12;0;0;0;1
FR;4;2021-04-13;0;0;0;1
FR;4;2021-04-14;0;0;0;1
FR;4;2021-04-15;0;0;0;1
FR;4;2021-04-16;0;0;0;1
FR;4;2021-04-17;0;0;0;1
FR;4;2021-04-18;0;0;0;1
FR;4;2021-04-19;0;0;0;1
FR;4;2021-04-20;0;0;0;1
FR;4;2021-04-21;0;0;0;1
FR;4;2021-04-22;0;0;0;1
FR;4;2021-04-23;832;0;832;1
FR;4;2021-04-24;1552;0;2384;1
FR;4;2021-04-25;117;0;2501;1
FR;4;2021-04-26;2833;0;5334;1
FR;4;2021-04-27;9389;4;14723;5
FR;4;2021-04-28;9785;3;24508;8
FR;4;2021-04-29;15897;7;40405;15
FR;4;2021-04-30;19088;7;59493;22
FR;4;2021-05-01;1901;5;61394;27
FR;4;2021-05-02;441;0;61835;27
FR;4;2021-05-03;4928;1;66763;28
FR;4;2021-05-04;8252;8;75015;36
FR;4;2021-05-05;6010;7;81025;43
FR;4;2021-05-06;11260;11;92285;54
FR;4;2021-05-07;18913;8;111198;62
FR;4;2021-05-08;2260;6;113458;68
FR;4;2021-05-09;630;2;114088;70
FR;4;2021-05-10;7099;8;121187;78
FR;4;2021-05-11;14129;12;135316;90
FR;4;2021-05-12;9970;14;145286;104
FR;4;2021-05-13;1445;2;146731;106
FR;4;2021-05-14;7598;8;154329;114
FR;4;2021-05-15;3595;9;157924;123
FR;4;2021-05-16;361;1;158285;124
FR;4;2021-05-17;4352;2;162637;126
FR;4;2021-05-18;8597;10;171234;136
FR;4;2021-05-19;5521;5;176755;141
FR;4;2021-05-20;9230;6;185985;147
FR;4;2021-05-21;12532;27;198517;174
FR;4;2021-05-22;4929;13;203446;187
FR;4;2021-05-23;426;2;203872;189
FR;4;2021-05-24;941;3;204813;192
FR;4;2021-05-25;7401;16;212214;208
FR;4;2021-05-26;7561;12;219775;220
FR;4;2021-05-27;14109;34;233884;254
FR;4;2021-05-28;26273;77;260157;331
FR;4;2021-05-29;11145;20;271302;351
FR;4;2021-05-30;859;2;272161;353
FR;4;2021-05-31;12441;19;284602;372
FR;4;2021-06-01;19831;40;304433;412
FR;4;2021-06-02;14225;33;318658;445
FR;4;2021-06-03;19165;22;337823;467
FR;4;2021-06-04;22133;45;359956;512
FR;4;2021-06-05;9488;27;369444;539
FR;4;2021-06-06;919;0;370363;539
FR;4;2021-06-07;8926;15;379289;554
FR;4;2021-06-08;14296;26;393585;580
FR;4;2021-06-09;11906;24;405491;604
FR;4;2021-06-10;15019;25;420510;629
FR;4;2021-06-11;16620;51;437130;680
FR;4;2021-06-12;7222;26;444352;706
FR;4;2021-06-13;831;8;445183;714
FR;4;2021-06-14;6415;22;451598;736
FR;4;2021-06-15;10613;32;462211;768
FR;4;2021-06-16;8610;13;470821;781
FR;4;2021-06-17;10572;27;481393;808
FR;4;2021-06-18;12059;39;493452;847
FR;4;2021-06-19;5360;25;498812;872
FR;4;2021-06-20;586;2;499398;874
FR;4;2021-06-21;4792;8;504190;882
FR;4;2021-06-22;7594;18;511784;900
FR;4;2021-06-23;6762;27;518546;927
FR;4;2021-06-24;8289;28;526835;955
FR;4;2021-06-25;9626;35;536461;990
FR;4;2021-06-26;4455;15;540916;1005
FR;4;2021-06-27;544;2;541460;1007
FR;4;2021-06-28;4278;12;545738;1019
FR;0;2020-12-27;21;0;21;0
FR;0;2020-12-28;71;0;92;0
FR;0;2020-12-29;108;0;200;0
FR;0;2020-12-30;123;0;323;0
FR;0;2020-12-31;88;0;411;0
FR;0;2021-01-01;75;0;486;0
FR;0;2021-01-02;90;0;576;0
FR;0;2021-01-03;92;0;668;0
FR;0;2021-01-04;1482;0;2150;0
FR;0;2021-01-05;5421;0;7571;0
FR;0;2021-01-06;11330;0;18901;0
FR;0;2021-01-07;28672;0;47573;0
FR;0;2021-01-08;36334;0;83907;0
FR;0;2021-01-09;10952;0;94859;0
FR;0;2021-01-10;5648;0;100507;0
FR;0;2021-01-11;39158;0;139665;0
FR;0;2021-01-12;61071;0;200736;0
FR;0;2021-01-13;63988;0;264724;0
FR;0;2021-01-14;80111;0;344835;0
FR;0;2021-01-15;67651;0;412486;0
FR;0;2021-01-16;19770;87;432256;87
FR;0;2021-01-17;10486;42;442742;129
FR;0;2021-01-18;84551;164;527293;293
FR;0;2021-01-19;128695;128;655988;421
FR;0;2021-01-20;135475;160;791463;581
FR;0;2021-01-21;155699;141;947162;722
FR;0;2021-01-22;118991;163;1066153;885
FR;0;2021-01-23;37893;52;1104046;937
FR;0;2021-01-24;9382;28;1113428;965
FR;0;2021-01-25;76973;1219;1190401;2184
FR;0;2021-01-26;98967;3113;1289368;5297
FR;0;2021-01-27;105794;5598;1395162;10895
FR;0;2021-01-28;122571;14361;1517733;25256
FR;0;2021-01-29;91017;17293;1608750;42549
FR;0;2021-01-30;28706;4225;1637456;46774
FR;0;2021-01-31;4882;1679;1642338;48453
FR;0;2021-02-01;51656;21128;1693994;69581
FR;0;2021-02-02;70783;34568;1764777;104149
FR;0;2021-02-03;71088;36961;1835865;141110
FR;0;2021-02-04;80716;50063;1916581;191173
FR;0;2021-02-05;67244;45342;1983825;236515
FR;0;2021-02-06;21365;10399;2005190;246914
FR;0;2021-02-07;4825;5041;2010015;251955
FR;0;2021-02-08;45956;45994;2055971;297949
FR;0;2021-02-09;64902;72409;2120873;370358
FR;0;2021-02-10;69388;76695;2190261;447053
FR;0;2021-02-11;85785;99144;2276046;546197
FR;0;2021-02-12;77892;74277;2353938;620474
FR;0;2021-02-13;21726;19492;2375664;639966
FR;0;2021-02-14;4600;7190;2380264;647156
FR;0;2021-02-15;37150;76507;2417414;723663
FR;0;2021-02-16;49279;100746;2466693;824409
FR;0;2021-02-17;49405;102972;2516098;927381
FR;0;2021-02-18;68164;118562;2584262;1045943
FR;0;2021-02-19;63920;90737;2648182;1136680
FR;0;2021-02-20;18028;28429;2666210;1165109
FR;0;2021-02-21;2869;6373;2669079;1171482
FR;0;2021-02-22;36602;73138;2705681;1244620
FR;0;2021-02-23;52728;84059;2758409;1328679
FR;0;2021-02-24;58214;81130;2816623;1409809
FR;0;2021-02-25;98929;91420;2915552;1501229
FR;0;2021-02-26;111942;71013;3027494;1572242
FR;0;2021-02-27;51277;21981;3078771;1594223
FR;0;2021-02-28;5690;4414;3084461;1598637
FR;0;2021-03-01;63757;52804;3148218;1651441
FR;0;2021-03-02;99496;66247;3247714;1717688
FR;0;2021-03-03;113985;65552;3361699;1783240
FR;0;2021-03-04;160891;68884;3522590;1852124
FR;0;2021-03-05;198400;63395;3720990;1915519
FR;0;2021-03-06;205694;17827;3926684;1933346
FR;0;2021-03-07;120002;5481;4046686;1938827
FR;0;2021-03-08;105167;50811;4151853;1989638
FR;0;2021-03-09;170129;56778;4321982;2046416
FR;0;2021-03-10;176164;57215;4498146;2103631
FR;0;2021-03-11;240026;63121;4738172;2166752
FR;0;2021-03-12;291738;53510;5029910;2220262
FR;0;2021-03-13;229107;15288;5259017;2235550
FR;0;2021-03-14;62345;3437;5321362;2238987
FR;0;2021-03-15;156327;32674;5477689;2271661
FR;0;2021-03-16;139564;39542;5617253;2311203
FR;0;2021-03-17;148387;38827;5765640;2350030
FR;0;2021-03-18;165456;44670;5931096;2394700
FR;0;2021-03-19;227295;37488;6158391;2432188
FR;0;2021-03-20;165010;11789;6323401;2443977
FR;0;2021-03-21;48802;2628;6372203;2446605
FR;0;2021-03-22;167557;34301;6539760;2480906
FR;0;2021-03-23;247450;42408;6787210;2523314
FR;0;2021-03-24;253997;43871;7041207;2567185
FR;0;2021-03-25;338659;44756;7379866;2611941
FR;0;2021-03-26;355838;41917;7735704;2653858
FR;0;2021-03-27;193574;16659;7929278;2670517
FR;0;2021-03-28;58415;3737;7987693;2674254
FR;0;2021-03-29;200888;54311;8188581;2728565
FR;0;2021-03-30;282671;69688;8471252;2798253
FR;0;2021-03-31;260236;72956;8731488;2871209
FR;0;2021-04-01;310994;87855;9042482;2959064
FR;0;2021-04-02;278522;92127;9321004;3051191
FR;0;2021-04-03;139470;61879;9460474;3113070
FR;0;2021-04-04;44943;18666;9505417;3131736
FR;0;2021-04-05;58862;11010;9564279;3142746
FR;0;2021-04-06;213898;107900;9778177;3250646
FR;0;2021-04-07;256825;115506;10035002;3366152
FR;0;2021-04-08;333605;121458;10368607;3487610
FR;0;2021-04-09;405980;116532;10774587;3604142
FR;0;2021-04-10;210458;82765;10985045;3686907
FR;0;2021-04-11;54952;34604;11039997;3721511
FR;0;2021-04-12;234287;115248;11274284;3836759
FR;0;2021-04-13;305936;145003;11580220;3981762
FR;0;2021-04-14;290305;139446;11870525;4121208
FR;0;2021-04-15;332436;147891;12202961;4269099
FR;0;2021-04-16;335911;145799;12538872;4414898
FR;0;2021-04-17;186679;90279;12725551;4505177
FR;0;2021-04-18;50498;35434;12776049;4540611
FR;0;2021-04-19;203058;138431;12979107;4679042
FR;0;2021-04-20;251184;170792;13230291;4849834
FR;0;2021-04-21;249752;168876;13480043;5018710
FR;0;2021-04-22;283794;188305;13763837;5207015
FR;0;2021-04-23;291543;183311;14055380;5390326
FR;0;2021-04-24;188353;111606;14243733;5501932
FR;0;2021-04-25;68442;38887;14312175;5540819
FR;0;2021-04-26;218252;156140;14530427;5696959
FR;0;2021-04-27;281373;187568;14811800;5884527
FR;0;2021-04-28;296422;183258;15108222;6067785
FR;0;2021-04-29;353462;196193;15461684;6263978
FR;0;2021-04-30;368524;184902;15830208;6448880
FR;0;2021-05-01;164265;52554;15994473;6501434
FR;0;2021-05-02;90232;37849;16084705;6539283
FR;0;2021-05-03;284551;169759;16369256;6709042
FR;0;2021-05-04;311531;224396;16680787;6933438
FR;0;2021-05-05;321491;224597;17002278;7158035
FR;0;2021-05-06;374231;239282;17376509;7397317
FR;0;2021-05-07;368207;257422;17744716;7654739
FR;0;2021-05-08;218897;66948;17963613;7721687
FR;0;2021-05-09;128380;46785;18091993;7768472
FR;0;2021-05-10;307637;229088;18399630;7997560
FR;0;2021-05-11;398976;258284;18798606;8255844
FR;0;2021-05-12;427878;233332;19226484;8489176
FR;0;2021-05-13;333687;56935;19560171;8546111
FR;0;2021-05-14;448759;167646;20008930;8713757
FR;0;2021-05-15;369808;94070;20378738;8807827
FR;0;2021-05-16;200696;20844;20579434;8828671
FR;0;2021-05-17;371739;149255;20951173;8977926
FR;0;2021-05-18;451632;153314;21402805;9131240
FR;0;2021-05-19;460608;145514;21863413;9276754
FR;0;2021-05-20;498766;160541;22362179;9437295
FR;0;2021-05-21;481424;174763;22843603;9612058
FR;0;2021-05-22;342575;80025;23186178;9692083
FR;0;2021-05-23;159318;14491;23345496;9706574
FR;0;2021-05-24;258315;33336;23603811;9739910
FR;0;2021-05-25;392442;189518;23996253;9929428
FR;0;2021-05-26;402854;188364;24399107;10117792
FR;0;2021-05-27;442447;218969;24841554;10336761
FR;0;2021-05-28;422541;259887;25264095;10596648
FR;0;2021-05-29;295038;149570;25559133;10746218
FR;0;2021-05-30;104918;32671;25664051;10778889
FR;0;2021-05-31;352233;203732;26016284;10982621
FR;0;2021-06-01;413961;251900;26430245;11234521
FR;0;2021-06-02;401679;231192;26831924;11465713
FR;0;2021-06-03;451519;258937;27283443;11724650
FR;0;2021-06-04;442262;305094;27725705;12029744
FR;0;2021-06-05;298480;189208;28024185;12218952
FR;0;2021-06-06;129280;49178;28153465;12268130
FR;0;2021-06-07;328871;262675;28482336;12530805
FR;0;2021-06-08;381624;291538;28863960;12822343
FR;0;2021-06-09;373443;276185;29237403;13098528
FR;0;2021-06-10;387293;289728;29624696;13388256
FR;0;2021-06-11;375819;357809;30000515;13746065
FR;0;2021-06-12;276684;211669;30277199;13957734
FR;0;2021-06-13;101568;74154;30378767;14031888
FR;0;2021-06-14;230173;356230;30608940;14388118
FR;0;2021-06-15;295249;386393;30904189;14774511
FR;0;2021-06-16;303604;358131;31207793;15132642
FR;0;2021-06-17;307812;372494;31515605;15505136
FR;0;2021-06-18;309237;443117;31824842;15948253
FR;0;2021-06-19;218949;274188;32043791;16222441
FR;0;2021-06-20;70584;102711;32114375;16325152
FR;0;2021-06-21;186720;402433;32301095;16727585
FR;0;2021-06-22;214123;467690;32515218;17195275
FR;0;2021-06-23;224429;440317;32739647;17635592
FR;0;2021-06-24;230496;409684;32970143;18045276
FR;0;2021-06-25;216724;522767;33186867;18568043
FR;0;2021-06-26;148008;371313;33334875;18939356
FR;0;2021-06-27;53777;156522;33388652;19095878
FR;0;2021-06-28;145076;453625;33533728;19549503
