fra;vaccin;jour;n_dose1;n_dose2;n_dose3;n_dose4;n_rappel;n_cum_dose1;n_cum_dose2;n_cum_dose3;n_cum_dose4;n_cum_rappel
FR;1;2020-12-27;602;0;0;0;0;602;0;0;0;0
FR;1;2020-12-28;666;1;0;0;0;1268;1;0;0;0
FR;1;2020-12-29;373;0;0;0;0;1641;1;0;0;0
FR;1;2020-12-30;439;0;0;0;0;2080;1;0;0;0
FR;1;2020-12-31;416;0;0;0;0;2496;1;0;0;0
FR;1;2021-01-01;1135;1;0;0;0;3631;2;0;0;0
FR;1;2021-01-02;356;3;0;0;0;3987;5;0;0;0
FR;1;2021-01-03;400;0;0;0;0;4387;5;0;0;0
FR;1;2021-01-04;2087;2;0;0;0;6474;7;0;0;0
FR;1;2021-01-05;7574;3;0;0;0;14048;10;0;0;0
FR;1;2021-01-06;12414;11;0;0;0;26462;21;0;0;0
FR;1;2021-01-07;29446;9;0;0;0;55908;30;0;0;0
FR;1;2021-01-08;37120;9;0;0;0;93028;39;0;0;0
FR;1;2021-01-09;11209;4;0;0;0;104237;43;0;0;0
FR;1;2021-01-10;5996;3;0;0;0;110233;46;0;0;0
FR;1;2021-01-11;39923;17;0;0;0;150156;63;0;0;0
FR;1;2021-01-12;62121;15;0;0;0;212277;78;0;0;0
FR;1;2021-01-13;65096;28;0;0;0;277373;106;0;0;0
FR;1;2021-01-14;81434;76;0;0;0;358807;182;0;0;0
FR;1;2021-01-15;68594;31;0;0;0;427401;213;0;0;0
FR;1;2021-01-16;19893;70;0;0;0;447294;283;0;0;0
FR;1;2021-01-17;10896;46;0;0;0;458190;329;0;0;0
FR;1;2021-01-18;82807;162;0;0;0;540997;491;0;0;0
FR;1;2021-01-19;125897;171;0;0;0;666894;662;0;0;0
FR;1;2021-01-20;132390;168;0;0;0;799284;830;0;0;0
FR;1;2021-01-21;153036;161;0;0;0;952320;991;0;0;0
FR;1;2021-01-22;115923;196;0;0;0;1068243;1187;0;0;0
FR;1;2021-01-23;36598;63;0;0;0;1104841;1250;0;0;0
FR;1;2021-01-24;9580;68;0;0;0;1114421;1318;0;0;0
FR;1;2021-01-25;74410;1261;0;0;0;1188831;2579;0;0;0
FR;1;2021-01-26;96441;3284;1;0;0;1285272;5863;1;0;0
FR;1;2021-01-27;103625;5898;0;0;0;1388897;11761;1;0;0
FR;1;2021-01-28;120579;14964;0;0;0;1509476;26725;1;0;0
FR;1;2021-01-29;88879;17721;0;0;0;1598355;44446;1;0;0
FR;1;2021-01-30;27981;4259;0;0;0;1626336;48705;1;0;0
FR;1;2021-01-31;5180;1735;0;0;0;1631516;50440;1;0;0
FR;1;2021-02-01;49704;21509;0;0;0;1681220;71949;1;0;0
FR;1;2021-02-02;67788;35665;0;0;0;1749008;107614;1;0;0
FR;1;2021-02-03;67071;37991;0;0;0;1816079;145605;1;0;0
FR;1;2021-02-04;77118;51487;0;0;0;1893197;197092;1;0;0
FR;1;2021-02-05;63405;46124;0;0;0;1956602;243216;1;0;0
FR;1;2021-02-06;19404;10746;0;0;0;1976006;253962;1;0;0
FR;1;2021-02-07;3658;5267;0;0;0;1979664;259229;1;0;0
FR;1;2021-02-08;36480;46866;0;0;0;2016144;306095;1;0;0
FR;1;2021-02-09;50788;74333;0;0;0;2066932;380428;1;0;0
FR;1;2021-02-10;52044;79205;0;0;0;2118976;459633;1;0;0
FR;1;2021-02-11;63347;101010;0;0;0;2182323;560643;1;0;0
FR;1;2021-02-12;55838;74648;0;0;0;2238161;635291;1;0;0
FR;1;2021-02-13;15450;19242;0;0;0;2253611;654533;1;0;0
FR;1;2021-02-14;3744;7188;0;0;0;2257355;661721;1;0;0
FR;1;2021-02-15;24128;73504;0;0;0;2281483;735225;1;0;0
FR;1;2021-02-16;32754;96539;0;0;0;2314237;831764;1;0;0
FR;1;2021-02-17;35096;100106;1;0;0;2349333;931870;2;0;0
FR;1;2021-02-18;49422;115265;0;0;0;2398755;1047135;2;0;0
FR;1;2021-02-19;45365;86631;1;0;0;2444120;1133766;3;0;0
FR;1;2021-02-20;13376;27074;0;0;0;2457496;1160840;3;0;0
FR;1;2021-02-21;2454;6222;0;0;0;2459950;1167062;3;0;0
FR;1;2021-02-22;24703;69395;2;0;0;2484653;1236457;5;0;0
FR;1;2021-02-23;37414;80758;1;0;0;2522067;1317215;6;0;0
FR;1;2021-02-24;40672;78261;1;0;0;2562739;1395476;7;0;0
FR;1;2021-02-25;50132;87986;1;0;0;2612871;1483462;8;0;0
FR;1;2021-02-26;47188;67571;1;0;0;2660059;1551033;9;0;0
FR;1;2021-02-27;15667;21082;0;0;0;2675726;1572115;9;0;0
FR;1;2021-02-28;3551;4255;1;0;0;2679277;1576370;10;0;0
FR;1;2021-03-01;40144;49552;1;0;0;2719421;1625922;11;0;0
FR;1;2021-03-02;55955;61831;2;0;0;2775376;1687753;13;0;0
FR;1;2021-03-03;61201;60568;0;0;0;2836577;1748321;13;0;0
FR;1;2021-03-04;72970;66152;3;0;0;2909547;1814473;16;0;0
FR;1;2021-03-05;74732;59017;3;0;0;2984279;1873490;19;0;0
FR;1;2021-03-06;82433;15995;2;0;0;3066712;1889485;21;0;0
FR;1;2021-03-07;63702;4941;1;0;0;3130414;1894426;22;0;0
FR;1;2021-03-08;60140;42016;2;0;0;3190554;1936442;24;0;0
FR;1;2021-03-09;85959;47982;1;0;0;3276513;1984424;25;0;0
FR;1;2021-03-10;90872;47941;5;0;0;3367385;2032365;30;0;0
FR;1;2021-03-11;105033;54149;1;0;0;3472418;2086514;31;0;0
FR;1;2021-03-12;104081;45050;1;0;0;3576499;2131564;32;0;0
FR;1;2021-03-13;89179;12712;1;0;0;3665678;2144276;33;0;0
FR;1;2021-03-14;44442;2885;1;0;0;3710120;2147161;34;0;0
FR;1;2021-03-15;95473;28612;3;0;0;3805593;2175773;37;0;0
FR;1;2021-03-16;123569;34454;5;0;0;3929162;2210227;42;0;0
FR;1;2021-03-17;129279;34194;4;0;0;4058441;2244421;46;0;0
FR;1;2021-03-18;142851;39546;5;0;0;4201292;2283967;51;0;0
FR;1;2021-03-19;136212;32545;2;0;0;4337504;2316512;53;0;0
FR;1;2021-03-20;75972;9984;1;0;0;4413476;2326496;54;0;0
FR;1;2021-03-21;26495;2361;1;0;0;4439971;2328857;55;0;0
FR;1;2021-03-22;114716;30802;2;0;0;4554687;2359659;57;0;0
FR;1;2021-03-23;142993;38107;1;0;0;4697680;2397766;58;0;0
FR;1;2021-03-24;141959;38604;0;0;0;4839639;2436370;58;0;0
FR;1;2021-03-25;164966;39608;4;0;0;5004605;2475978;62;0;0
FR;1;2021-03-26;166360;37496;4;1;0;5170965;2513474;66;1;0
FR;1;2021-03-27;110866;15286;1;0;0;5281831;2528760;67;1;0
FR;1;2021-03-28;42291;3868;3;0;0;5324122;2532628;70;1;0
FR;1;2021-03-29;129784;49654;4;0;0;5453906;2582282;74;1;0
FR;1;2021-03-30;167671;63514;4;0;0;5621577;2645796;78;1;0
FR;1;2021-03-31;170886;67214;4;0;0;5792463;2713010;82;1;0
FR;1;2021-04-01;194716;80614;11;0;0;5987179;2793624;93;1;0
FR;1;2021-04-02;164410;84932;7;0;0;6151589;2878556;100;1;0
FR;1;2021-04-03;88223;58035;5;0;0;6239812;2936591;105;1;0
FR;1;2021-04-04;33575;17694;0;0;0;6273387;2954285;105;1;0
FR;1;2021-04-05;46376;9969;11;0;0;6319763;2964254;116;1;0
FR;1;2021-04-06;160258;102126;17;0;0;6480021;3066380;133;1;0
FR;1;2021-04-07;196928;108212;16;0;0;6676949;3174592;149;1;0
FR;1;2021-04-08;222045;112729;13;0;0;6898994;3287321;162;1;0
FR;1;2021-04-09;214500;107348;21;0;0;7113494;3394669;183;1;0
FR;1;2021-04-10;117148;73262;14;0;0;7230642;3467931;197;1;0
FR;1;2021-04-11;40873;30134;6;0;0;7271515;3498065;203;1;0
FR;1;2021-04-12;168411;103877;45;0;0;7439926;3601942;248;1;0
FR;1;2021-04-13;203751;127996;97;1;0;7643677;3729938;345;2;0
FR;1;2021-04-14;208538;122658;206;0;0;7852215;3852596;551;2;0
FR;1;2021-04-15;221602;127012;311;0;0;8073817;3979608;862;2;0
FR;1;2021-04-16;206002;125151;307;0;0;8279819;4104759;1169;2;0
FR;1;2021-04-17;122057;67279;103;0;0;8401876;4172038;1272;2;0
FR;1;2021-04-18;35953;20942;41;0;0;8437829;4192980;1313;2;0
FR;1;2021-04-19;163706;121703;430;0;0;8601535;4314683;1743;2;0
FR;1;2021-04-20;189355;148838;530;0;0;8790890;4463521;2273;2;0
FR;1;2021-04-21;193932;146894;758;0;0;8984822;4610415;3031;2;0
FR;1;2021-04-22;208977;163052;777;0;0;9193799;4773467;3808;2;0
FR;1;2021-04-23;198911;157028;671;0;0;9392710;4930495;4479;2;0
FR;1;2021-04-24;126299;95466;147;0;0;9519009;5025961;4626;2;0
FR;1;2021-04-25;53616;30017;46;0;0;9572625;5055978;4672;2;0
FR;1;2021-04-26;181082;138319;539;0;0;9753707;5194297;5211;2;0
FR;1;2021-04-27;221315;161834;900;0;0;9975022;5356131;6111;2;0
FR;1;2021-04-28;238236;155038;1310;1;1;10213258;5511169;7421;3;1
FR;1;2021-04-29;270221;160364;1207;0;0;10483479;5671533;8628;3;1
FR;1;2021-04-30;271924;148102;1069;0;0;10755403;5819635;9697;3;1
FR;1;2021-05-01;141114;40631;172;0;0;10896517;5860266;9869;3;1
FR;1;2021-05-02;81520;28088;81;0;0;10978037;5888354;9950;3;1
FR;1;2021-05-03;250726;145298;799;0;0;11228763;6033652;10749;3;1
FR;1;2021-05-04;265802;186846;1197;0;0;11494565;6220498;11946;3;1
FR;1;2021-05-05;283800;184724;1264;0;0;11778365;6405222;13210;3;1
FR;1;2021-05-06;309884;183193;1498;0;0;12088249;6588415;14708;3;1
FR;1;2021-05-07;284032;195644;1125;0;0;12372281;6784059;15833;3;1
FR;1;2021-05-08;191636;48605;284;0;0;12563917;6832664;16117;3;1
FR;1;2021-05-09;114045;35885;236;0;0;12677962;6868549;16353;3;1
FR;1;2021-05-10;258130;193985;1182;0;0;12936092;7062534;17535;3;1
FR;1;2021-05-11;318815;210982;1462;0;0;13254907;7273516;18997;3;1
FR;1;2021-05-12;356558;185671;1399;0;0;13611465;7459187;20396;3;1
FR;1;2021-05-13;283401;47706;399;0;0;13894866;7506893;20795;3;1
FR;1;2021-05-14;370437;128552;990;0;0;14265303;7635445;21785;3;1
FR;1;2021-05-15;298047;66091;402;0;0;14563350;7701536;22187;3;1
FR;1;2021-05-16;157745;15539;158;0;0;14721095;7717075;22345;3;1
FR;1;2021-05-17;318886;116312;1436;0;0;15039981;7833387;23781;3;1
FR;1;2021-05-18;383263;111178;1795;0;0;15423244;7944565;25576;3;1
FR;1;2021-05-19;395202;102591;2174;0;0;15818446;8047156;27750;3;1
FR;1;2021-05-20;421746;96104;2041;0;0;16240192;8143260;29791;3;1
FR;1;2021-05-21;399756;97162;1756;0;0;16639948;8240422;31547;3;1
FR;1;2021-05-22;275643;42015;602;0;0;16915591;8282437;32149;3;1
FR;1;2021-05-23;122984;11151;224;0;0;17038575;8293588;32373;3;1
FR;1;2021-05-24;243976;26208;565;0;0;17282551;8319796;32938;3;1
FR;1;2021-05-25;366123;131611;2108;1;0;17648674;8451407;35046;4;1
FR;1;2021-05-26;380735;125848;1987;0;0;18029409;8577255;37033;4;1
FR;1;2021-05-27;406050;127968;1973;0;0;18435459;8705223;39006;4;1
FR;1;2021-05-28;365934;145264;1698;0;0;18801393;8850487;40704;4;1
FR;1;2021-05-29;253802;80832;525;0;0;19055195;8931319;41229;4;1
FR;1;2021-05-30;100934;22539;157;0;0;19156129;8953858;41386;4;1
FR;1;2021-05-31;314213;148743;1279;1;1;19470342;9102601;42665;5;2
FR;1;2021-06-01;361478;166435;1724;1;1;19831820;9269036;44389;6;3
FR;1;2021-06-02;364654;153138;1791;0;0;20196474;9422174;46180;6;3
FR;1;2021-06-03;390437;147563;1647;0;0;20586911;9569737;47827;6;3
FR;1;2021-06-04;363561;175497;1492;1;1;20950472;9745234;49319;7;4
FR;1;2021-06-05;258458;112646;596;0;0;21208930;9857880;49915;7;4
FR;1;2021-06-06;126739;37545;215;0;0;21335669;9895425;50130;7;4
FR;1;2021-06-07;300146;207781;1362;0;0;21635815;10103206;51492;7;4
FR;1;2021-06-08;330544;220760;1636;0;0;21966359;10323966;53128;7;4
FR;1;2021-06-09;336391;212194;1607;0;0;22302750;10536160;54735;7;4
FR;1;2021-06-10;343683;201874;1608;0;0;22646433;10738034;56343;7;4
FR;1;2021-06-11;311727;235248;1292;0;0;22958160;10973282;57635;7;4
FR;1;2021-06-12;244026;150650;431;0;0;23202186;11123932;58066;7;4
FR;1;2021-06-13;100315;61001;188;0;0;23302501;11184933;58254;7;4
FR;1;2021-06-14;207669;288765;1316;1;0;23510170;11473698;59570;8;4
FR;1;2021-06-15;256700;282098;1391;1;0;23766870;11755796;60961;9;4
FR;1;2021-06-16;273518;270591;1262;1;0;24040388;12026387;62223;10;4
FR;1;2021-06-17;268096;244729;1231;1;0;24308484;12271116;63454;11;4
FR;1;2021-06-18;260419;295644;1149;1;0;24568903;12566760;64603;12;4
FR;1;2021-06-19;193412;209482;387;0;0;24762315;12776242;64990;12;4
FR;1;2021-06-20;69649;89151;117;0;0;24831964;12865393;65107;12;4
FR;1;2021-06-21;172198;319809;929;1;1;25004162;13185202;66036;13;5
FR;1;2021-06-22;185684;347816;1096;10;2;25189846;13533018;67132;23;7
FR;1;2021-06-23;204043;339470;1048;0;0;25393889;13872488;68180;23;7
FR;1;2021-06-24;203402;282105;1166;0;0;25597291;14154593;69346;23;7
FR;1;2021-06-25;182495;371817;1196;0;0;25779786;14526410;70542;23;7
FR;1;2021-06-26;131347;278308;502;0;0;25911133;14804718;71044;23;7
FR;1;2021-06-27;52372;122905;145;0;0;25963505;14927623;71189;23;7
FR;1;2021-06-28;136506;368134;1057;0;0;26100011;15295757;72246;23;7
FR;1;2021-06-29;154750;390703;1849;0;0;26254761;15686460;74095;23;7
FR;1;2021-06-30;179906;379483;1662;4;2;26434667;16065943;75757;27;9
FR;1;2021-07-01;201270;332189;1886;5;1;26635937;16398132;77643;32;10
FR;1;2021-07-02;193532;367664;1764;5;3;26829469;16765796;79407;37;13
FR;1;2021-07-03;124377;280449;704;3;1;26953846;17046245;80111;40;14
FR;1;2021-07-04;53908;113684;244;0;0;27007754;17159929;80355;40;14
FR;1;2021-07-05;153677;356022;1500;8;2;27161431;17515951;81855;48;16
FR;1;2021-07-06;173306;382518;1601;45;8;27334737;17898469;83456;93;24
FR;1;2021-07-07;190589;362562;1656;24;5;27525326;18261031;85112;117;29
FR;1;2021-07-08;201384;323121;1825;20;7;27726710;18584152;86937;137;36
FR;1;2021-07-09;189714;387595;1851;3;2;27916424;18971747;88788;140;38
FR;1;2021-07-10;129874;281137;814;1;1;28046298;19252884;89602;141;39
FR;1;2021-07-11;57627;102501;261;0;0;28103925;19355385;89863;141;39
FR;1;2021-07-12;149470;417023;1579;4;0;28253395;19772408;91442;145;39
FR;1;2021-07-13;234076;439508;1805;8;2;28487471;20211916;93247;153;41
FR;1;2021-07-14;171741;151539;417;0;0;28659212;20363455;93664;153;41
FR;1;2021-07-15;279471;424772;1856;1;0;28938683;20788227;95520;154;41
FR;1;2021-07-16;290261;401233;1710;3;1;29228944;21189460;97230;157;42
FR;1;2021-07-17;217277;282116;754;1;0;29446221;21471576;97984;158;42
FR;1;2021-07-18;101963;107307;288;0;0;29548184;21578883;98272;158;42
FR;1;2021-07-19;238074;379146;1495;3;0;29786258;21958029;99767;161;42
FR;1;2021-07-20;305580;380732;1467;0;0;30091838;22338761;101234;161;42
FR;1;2021-07-21;333132;353426;1412;4;2;30424970;22692187;102646;165;44
FR;1;2021-07-22;364520;319246;1501;3;2;30789490;23011433;104147;168;46
FR;1;2021-07-23;348957;343610;1586;4;2;31138447;23355043;105733;172;48
FR;1;2021-07-24;238910;240981;696;1;0;31377357;23596024;106429;173;48
FR;1;2021-07-25;112749;76060;215;0;0;31490106;23672084;106644;173;48
FR;1;2021-07-26;299018;290058;1496;2;2;31789124;23962142;108140;175;50
FR;1;2021-07-27;385701;268696;1457;4;2;32174825;24230838;109597;179;52
FR;1;2021-07-28;390088;251445;1460;4;2;32564913;24482283;111057;183;54
FR;1;2021-07-29;406018;228247;1538;2;1;32970931;24710530;112595;185;55
FR;1;2021-07-30;370596;246976;1632;4;1;33341527;24957506;114227;189;56
FR;1;2021-07-31;243352;165117;793;1;0;33584879;25122623;115020;190;56
FR;1;2021-08-01;105521;47234;233;0;0;33690400;25169857;115253;190;56
FR;1;2021-08-02;297027;213210;1475;2;0;33987427;25383067;116728;192;56
FR;1;2021-08-03;331169;209205;1545;2;1;34318596;25592272;118273;194;57
FR;1;2021-08-04;327840;184341;1436;5;3;34646436;25776613;119709;199;60
FR;1;2021-08-05;301116;193561;1482;0;0;34947552;25970174;121191;199;60
FR;1;2021-08-06;290840;224525;1558;3;1;35238392;26194699;122749;202;61
FR;1;2021-08-07;182599;158826;654;4;3;35420991;26353525;123403;206;64
FR;1;2021-08-08;68835;59131;247;0;0;35489826;26412656;123650;206;64
FR;1;2021-08-09;222630;235887;1438;4;3;35712456;26648543;125088;210;67
FR;1;2021-08-10;252507;240627;1486;2;1;35964963;26889170;126574;212;68
FR;1;2021-08-11;236045;232371;1270;5;1;36201008;27121541;127844;217;69
FR;1;2021-08-12;220624;240219;1484;3;1;36421632;27361760;129328;220;70
FR;1;2021-08-13;201624;238549;1356;2;2;36623256;27600309;130684;222;72
FR;1;2021-08-14;122811;174157;645;0;0;36746067;27774466;131329;222;72
FR;1;2021-08-15;34659;46122;198;1;0;36780726;27820588;131527;223;72
FR;1;2021-08-16;156836;289851;1421;0;0;36937562;28110439;132948;223;72
FR;1;2021-08-17;171503;291592;1420;5;1;37109065;28402031;134368;228;73
FR;1;2021-08-18;161317;286999;1389;6;3;37270382;28689030;135757;234;76
FR;1;2021-08-19;148822;277714;1397;1;0;37419204;28966744;137154;235;76
FR;1;2021-08-20;140413;309062;1524;2;2;37559617;29275806;138678;237;78
FR;1;2021-08-21;84235;213251;586;0;0;37643852;29489057;139264;237;78
FR;1;2021-08-22;28543;82693;230;0;0;37672395;29571750;139494;237;78
FR;1;2021-08-23;118583;321167;1420;2;1;37790978;29892917;140914;239;79
FR;1;2021-08-24;126594;319888;1599;5;1;37917572;30212805;142513;244;80
FR;1;2021-08-25;121457;306584;1776;8;3;38039029;30519389;144289;252;83
FR;1;2021-08-26;106515;286186;2156;10;1;38145544;30805575;146445;262;84
FR;1;2021-08-27;107593;321560;2300;9;3;38253137;31127135;148745;271;87
FR;1;2021-08-28;70969;220709;1100;0;0;38324106;31347844;149845;271;87
FR;1;2021-08-29;24136;78154;467;1;0;38348242;31425998;150312;272;87
FR;1;2021-08-30;96805;286524;4307;6;5122;38445047;31712522;154619;278;5209
FR;1;2021-08-31;98030;276452;9285;15;10178;38543077;31988974;163904;293;15387
FR;1;2021-09-01;111964;245336;21103;7;22072;38655041;32234310;185007;300;37459
FR;1;2021-09-02;84719;198009;24524;11;25437;38739760;32432319;209531;311;62896
FR;1;2021-09-03;82317;227611;26943;20;27972;38822077;32659930;236474;331;90868
FR;1;2021-09-04;71545;189715;11138;11;11651;38893622;32849645;247612;342;102519
FR;1;2021-09-05;18595;41191;4121;2;4288;38912217;32890836;251733;344;106807
FR;1;2021-09-06;59468;151631;30172;15;31146;38971685;33042467;281905;359;137953
FR;1;2021-09-07;57186;139713;30200;27;31105;39028871;33182180;312105;386;169058
FR;1;2021-09-08;71109;173877;26916;20;27862;39099980;33356057;339021;406;196920
FR;1;2021-09-09;54210;124561;28600;23;29648;39154190;33480618;367621;429;226568
FR;1;2021-09-10;65782;152089;30430;22;31564;39219972;33632707;398051;451;258132
FR;1;2021-09-11;52275;146614;9727;14;10303;39272247;33779321;407778;465;268435
FR;1;2021-09-12;10767;29240;2481;1;2635;39283014;33808561;410259;466;271070
FR;1;2021-09-13;51327;104597;38728;28;39910;39334341;33913158;448987;494;310980
FR;1;2021-09-14;53178;96050;51254;65;52876;39387519;34009208;500241;559;363856
FR;1;2021-09-15;60345;139294;50458;55;46964;39447864;34148502;550699;614;410820
FR;1;2021-09-16;46532;81419;53285;71;49465;39494396;34229921;603984;685;460285
FR;1;2021-09-17;53110;109387;45047;60;42636;39547506;34339308;649031;745;502921
FR;1;2021-09-18;37834;118488;11790;19;11255;39585340;34457796;660821;764;514176
FR;1;2021-09-19;6492;21035;2037;1;1973;39591832;34478831;662858;765;516149
FR;1;2021-09-20;36428;74921;46174;66;44087;39628260;34553752;709032;831;560236
FR;1;2021-09-21;34121;68143;56228;71;52615;39662381;34621895;765260;902;612851
FR;1;2021-09-22;38745;118512;49832;76;46812;39701126;34740407;815092;978;659663
FR;1;2021-09-23;31927;62831;54460;85;50813;39733053;34803238;869552;1063;710476
FR;1;2021-09-24;36704;90046;43639;91;41869;39769757;34893284;913191;1154;752345
FR;1;2021-09-25;27624;96608;12297;27;12161;39797381;34989892;925488;1181;764506
FR;1;2021-09-26;4357;15202;1770;5;1696;39801738;35005094;927258;1186;766202
FR;1;2021-09-27;27307;60230;42882;89;41560;39829045;35065324;970140;1275;807762
FR;1;2021-09-28;26841;49449;47155;75;44374;39855886;35114773;1017295;1350;852136
FR;1;2021-09-29;35827;80391;47244;87;45521;39891713;35195164;1064539;1437;897657
FR;1;2021-09-30;26009;46765;47490;79;45364;39917722;35241929;1112029;1516;943021
FR;1;2021-10-01;47129;64992;44857;83;44401;39964851;35306921;1156886;1599;987422
FR;1;2021-10-02;32331;62342;16104;32;16294;39997182;35369263;1172990;1631;1003716
FR;1;2021-10-03;4318;8574;2031;3;2024;40001500;35377837;1175021;1634;1005740
FR;1;2021-10-04;28752;44413;47088;79;46897;40030252;35422250;1222109;1713;1052637
FR;1;2021-10-05;24215;41626;49827;116;49174;40054467;35463876;1271936;1829;1101811
FR;1;2021-10-06;34370;61331;57441;102;57129;40088837;35525207;1329377;1931;1158940
FR;1;2021-10-07;20927;39795;52990;75;51808;40109764;35565002;1382367;2006;1210748
FR;1;2021-10-08;34948;59582;60357;83;61050;40144712;35624584;1442724;2089;1271798
FR;1;2021-10-09;27419;47970;25474;30;25971;40172131;35672554;1468198;2119;1297769
FR;1;2021-10-10;3600;5781;2746;7;2845;40175731;35678335;1470944;2126;1300614
FR;1;2021-10-11;24695;38160;54559;88;55164;40200426;35716495;1525503;2214;1355778
FR;1;2021-10-12;23089;36574;58020;126;59079;40223515;35753069;1583523;2340;1414857
FR;1;2021-10-13;32801;47793;64142;124;65611;40256316;35800862;1647665;2464;1480468
FR;1;2021-10-14;21594;34765;53725;103;54288;40277910;35835627;1701390;2567;1534756
FR;1;2021-10-15;32546;48798;72297;165;74911;40310456;35884425;1773687;2732;1609667
FR;1;2021-10-16;25955;35270;34857;44;36388;40336411;35919695;1808544;2776;1646055
FR;1;2021-10-17;3096;4063;3407;2;3317;40339507;35923758;1811951;2778;1649372
FR;1;2021-10-18;23442;34904;66803;131;69645;40362949;35958662;1878754;2909;1719017
FR;1;2021-10-19;20588;34466;75628;136;79514;40383537;35993128;1954382;3045;1798531
FR;1;2021-10-20;29795;44192;96138;177;99754;40413332;36037320;2050520;3222;1898285
FR;1;2021-10-21;19594;35086;83119;107;86979;40432926;36072406;2133639;3329;1985264
FR;1;2021-10-22;29529;47624;103697;195;109561;40462455;36120030;2237336;3524;2094825
FR;1;2021-10-23;23002;35150;44847;57;47345;40485457;36155180;2282183;3581;2142170
FR;1;2021-10-24;2373;3880;3579;6;3733;40487830;36159060;2285762;3587;2145903
FR;1;2021-10-25;22383;30823;81991;143;85757;40510213;36189883;2367753;3730;2231660
FR;1;2021-10-26;19294;27701;86058;162;90275;40529507;36217584;2453811;3892;2321935
FR;1;2021-10-27;26127;39658;107754;252;112593;40555634;36257242;2561565;4144;2434528
FR;1;2021-10-28;18583;27059;86891;150;91578;40574217;36284301;2648456;4294;2526106
FR;1;2021-10-29;25868;40153;114782;200;121509;40600085;36324454;2763238;4494;2647615
FR;1;2021-10-30;17665;28602;49339;75;51914;40617750;36353056;2812577;4569;2699529
FR;1;2021-10-31;2054;3202;3442;2;3677;40619804;36356258;2816019;4571;2703206
FR;1;2021-11-01;7697;4199;3021;3;3263;40627501;36360457;2819040;4574;2706469
FR;1;2021-11-02;21832;33201;92341;157;97678;40649333;36393658;2911381;4731;2804147
FR;1;2021-11-03;26274;41521;117437;215;123789;40675607;36435179;3028818;4946;2927936
FR;1;2021-11-04;19484;30283;105730;213;111813;40695091;36465462;3134548;5159;3039749
FR;1;2021-11-05;26898;42235;138713;227;147287;40721989;36507697;3273261;5386;3187036
FR;1;2021-11-06;18801;29818;63441;123;66406;40740790;36537515;3336702;5509;3253442
FR;1;2021-11-07;1788;3354;4952;6;5292;40742578;36540869;3341654;5515;3258734
FR;1;2021-11-08;17657;32297;125899;224;132448;40760235;36573166;3467553;5739;3391182
FR;1;2021-11-09;19218;37709;159210;335;168909;40779453;36610875;3626763;6074;3560091
FR;1;2021-11-10;28658;49135;181812;440;192351;40808111;36660010;3808575;6514;3752442
FR;1;2021-11-11;3784;5926;12188;26;12994;40811895;36665936;3820763;6540;3765436
FR;1;2021-11-12;25929;46873;174736;243;186332;40837824;36712809;3995499;6783;3951768
FR;1;2021-11-13;18681;29250;76800;111;81738;40856505;36742059;4072299;6894;4033506
FR;1;2021-11-14;2022;3317;6812;5;7386;40858527;36745376;4079111;6899;4040892
FR;1;2021-11-15;18578;34877;156331;303;166089;40877105;36780253;4235442;7202;4206981
FR;1;2021-11-16;21058;37921;191997;377;204771;40898163;36818174;4427439;7579;4411752
FR;1;2021-11-17;28488;45718;193140;399;204912;40926651;36863892;4620579;7978;4616664
FR;1;2021-11-18;21045;38819;182381;457;194347;40947696;36902711;4802960;8435;4811011
FR;1;2021-11-19;30770;53374;230136;529;246552;40978466;36956085;5033096;8964;5057563
FR;1;2021-11-20;23678;33316;96940;201;103573;41002144;36989401;5130036;9165;5161136
FR;1;2021-11-21;2313;4015;9095;18;9968;41004457;36993416;5139131;9183;5171104
FR;1;2021-11-22;21353;30470;175792;465;189311;41025810;37023886;5314923;9648;5360415
FR;1;2021-11-23;23869;41169;221086;538;237786;41049679;37065055;5536009;10186;5598201
FR;1;2021-11-24;30253;49745;217252;703;234358;41079932;37114800;5753261;10889;5832559
FR;1;2021-11-25;23478;43928;244340;719;263874;41103410;37158728;5997601;11608;6096433
FR;1;2021-11-26;30581;66552;356667;832;388352;41133991;37225280;6354268;12440;6484785
FR;1;2021-11-27;21762;45365;202546;371;222521;41155753;37270645;6556814;12811;6707306
FR;1;2021-11-28;3137;9674;54753;63;61028;41158890;37280319;6611567;12874;6768334
FR;1;2021-11-29;17853;49520;326260;840;354239;41176743;37329839;6937827;13714;7122573
FR;1;2021-11-30;22739;64979;431024;949;470595;41199482;37394818;7368851;14663;7593168
FR;1;2021-12-01;24879;69361;442733;1130;481570;41224361;37464179;7811584;15793;8074738
FR;1;2021-12-02;19962;64426;489238;1227;532674;41244323;37528605;8300822;17020;8607412
FR;1;2021-12-03;22824;81815;542596;1307;591575;41267147;37610420;8843418;18327;9198987
FR;1;2021-12-04;16366;53932;299018;652;328848;41283513;37664352;9142436;18979;9527835
FR;1;2021-12-05;3622;13922;81495;143;91053;41287135;37678274;9223931;19122;9618888
FR;1;2021-12-06;20291;62784;415299;1065;455011;41307426;37741058;9639230;20187;10073899
FR;1;2021-12-07;19786;75815;522795;1531;572387;41327212;37816873;10162025;21718;10646286
FR;1;2021-12-08;21550;75813;458209;1543;501889;41348762;37892686;10620234;23261;11148175
FR;1;2021-12-09;19390;74114;492750;1625;540609;41368152;37966800;11112984;24886;11688784
FR;1;2021-12-10;22952;87628;547255;1584;599838;41391104;38054428;11660239;26470;12288622
FR;1;2021-12-11;16512;59020;302675;747;335425;41407616;38113448;11962914;27217;12624047
FR;1;2021-12-12;4343;16026;83178;179;94082;41411959;38129474;12046092;27396;12718129
FR;1;2021-12-13;15467;63830;366821;1094;406186;41427426;38193304;12412913;28490;13124315
FR;1;2021-12-14;20465;80304;464537;1738;515010;41447891;38273608;12877450;30228;13639325
FR;1;2021-12-15;21384;77502;408910;1307;452987;41469275;38351110;13286360;31535;14092312
FR;1;2021-12-16;19957;77386;451671;1574;500457;41489232;38428496;13738031;33109;14592769
FR;1;2021-12-17;22512;86714;479783;1732;530920;41511744;38515210;14217814;34841;15123689
FR;1;2021-12-18;17582;54714;257556;730;288462;41529326;38569924;14475370;35571;15412151
FR;1;2021-12-19;5537;17137;79129;194;90742;41534863;38587061;14554499;35765;15502893
FR;1;2021-12-20;20773;63163;316094;1081;355159;41555636;38650224;14870593;36846;15858052
FR;1;2021-12-21;26096;73235;372617;1421;417975;41581732;38723459;15243210;38267;16276027
FR;1;2021-12-22;24892;65983;310502;1215;349468;41606624;38789442;15553712;39482;16625495
FR;1;2021-12-23;21233;52353;241389;954;272983;41627857;38841795;15795101;40436;16898478
FR;1;2021-12-24;7099;18250;67108;256;77029;41634956;38860045;15862209;40692;16975507
FR;1;2021-12-25;500;2764;5566;15;6526;41635456;38862809;15867775;40707;16982033
FR;1;2021-12-26;2747;7597;26922;70;31446;41638203;38870406;15894697;40777;17013479
FR;1;2021-12-27;18185;53567;235011;707;265699;41656388;38923973;16129708;41484;17279178
FR;1;2021-12-28;23241;61996;291947;1025;330131;41679629;38985969;16421655;42509;17609309
FR;1;2021-12-29;22193;55559;254909;918;288125;41701822;39041528;16676564;43427;17897434
FR;1;2021-12-30;21220;46354;212093;857;239564;41723042;39087882;16888657;44284;18136998
FR;1;2021-12-31;7457;16612;61832;229;70355;41730499;39104494;16950489;44513;18207353
FR;1;2022-01-01;907;2476;5643;29;6573;41731406;39106970;16956132;44542;18213926
FR;1;2022-01-02;3041;8062;28870;50;33522;41734447;39115032;16985002;44592;18247448
FR;1;2022-01-03;19957;53868;228104;786;257506;41754404;39168900;17213106;45378;18504954
FR;1;2022-01-04;24984;64832;299146;1235;337189;41779388;39233732;17512252;46613;18842143
FR;1;2022-01-05;29682;63909;274762;1098;310104;41809070;39297641;17787014;47711;19152247
FR;1;2022-01-06;26502;65986;306794;1395;346429;41835572;39363627;18093808;49106;19498676
FR;1;2022-01-07;31299;74659;349753;1534;393833;41866871;39438286;18443561;50640;19892509
FR;1;2022-01-08;23343;51383;222458;695;251091;41890214;39489669;18666019;51335;20143600
FR;1;2022-01-09;7075;17193;66011;163;76152;41897289;39506862;18732030;51498;20219752
FR;1;2022-01-10;21440;55723;236688;952;267073;41918729;39562585;18968718;52450;20486825
FR;1;2022-01-11;26484;63068;282194;1277;317739;41945213;39625653;19250912;53727;20804564
FR;1;2022-01-12;28711;62243;246143;1102;277915;41973924;39687896;19497055;54829;21082479
FR;1;2022-01-13;24435;59939;262704;1253;296054;41998359;39747835;19759759;56082;21378533
FR;1;2022-01-14;27775;66526;313899;1366;351179;42026134;39814361;20073658;57448;21729712
FR;1;2022-01-15;19258;44333;199266;619;223840;42045392;39858694;20272924;58067;21953552
FR;1;2022-01-16;5133;12990;51495;135;59568;42050525;39871684;20324419;58202;22013120
FR;1;2022-01-17;16737;39707;184771;779;206810;42067262;39911391;20509190;58981;22219930
FR;1;2022-01-18;19238;45716;212350;1151;236979;42086500;39957107;20721540;60132;22456909
FR;1;2022-01-19;20143;43911;176033;894;197162;42106643;40001018;20897573;61026;22654071
FR;1;2022-01-20;16595;40381;183579;1137;204667;42123238;40041399;21081152;62163;22858738
FR;1;2022-01-21;19705;46950;228881;1405;253297;42142943;40088349;21310033;63568;23112035
FR;1;2022-01-22;13826;33213;144465;578;161362;42156769;40121562;21454498;64146;23273397
FR;1;2022-01-23;3345;8806;33401;130;38327;42160114;40130368;21487899;64276;23311724
FR;1;2022-01-24;11727;32643;142154;706;158236;42171841;40163011;21630053;64982;23469960
FR;1;2022-01-25;14095;37993;163336;1049;181518;42185936;40201004;21793389;66031;23651478
FR;1;2022-01-26;14825;37369;150194;931;166253;42200761;40238373;21943583;66962;23817731
FR;1;2022-01-27;12283;32893;143387;882;157869;42213044;40271266;22086970;67844;23975600
FR;1;2022-01-28;16247;53841;198244;1143;222448;42229291;40325107;22285214;68987;24198048
FR;1;2022-01-29;10257;35437;135173;522;151544;42239548;40360544;22420387;69509;24349592
FR;1;2022-01-30;2475;9304;29666;86;34464;42242023;40369848;22450053;69595;24384056
FR;1;2022-01-31;8726;32341;104298;530;117384;42250749;40402189;22554351;70125;24501440
FR;1;2022-02-01;10176;36258;127016;862;141224;42260925;40438447;22681367;70987;24642664
FR;1;2022-02-02;11448;41122;130289;780;145834;42272373;40479569;22811656;71767;24788498
FR;1;2022-02-03;8736;33388;116949;780;130347;42281109;40512957;22928605;72547;24918845
FR;1;2022-02-04;11385;48091;172519;965;192780;42292494;40561048;23101124;73512;25111625
FR;1;2022-02-05;7882;33900;117549;391;133051;42300376;40594948;23218673;73903;25244676
FR;1;2022-02-06;1689;8051;22734;83;26905;42302065;40602999;23241407;73986;25271581
FR;1;2022-02-07;7082;35343;119040;452;134962;42309147;40638342;23360447;74438;25406543
FR;1;2022-02-08;7558;31539;125598;693;140572;42316705;40669881;23486045;75131;25547115
FR;1;2022-02-09;8452;36131;135200;694;152414;42325157;40706012;23621245;75825;25699529
FR;1;2022-02-10;6577;29277;116293;674;130037;42331734;40735289;23737538;76499;25829566
FR;1;2022-02-11;8559;41318;165071;875;185277;42340293;40776607;23902609;77374;26014843
FR;1;2022-02-12;5290;27526;106672;378;120844;42345583;40804133;24009281;77752;26135687
FR;1;2022-02-13;1223;5699;21703;62;25315;42346806;40809832;24030984;77814;26161002
FR;1;2022-02-14;5375;27071;118032;388;133052;42352181;40836903;24149016;78202;26294054
FR;1;2022-02-15;5582;28093;118844;609;132434;42357763;40864996;24267860;78811;26426488
FR;1;2022-02-16;5644;28113;110370;592;122965;42363407;40893109;24378230;79403;26549453
FR;1;2022-02-17;4408;19119;73090;486;80137;42367815;40912228;24451320;79889;26629590
FR;1;2022-02-18;5488;26444;99142;668;108082;42373303;40938672;24550462;80557;26737672
FR;1;2022-02-19;3524;17077;59457;304;66027;42376827;40955749;24609919;80861;26803699
FR;1;2022-02-20;780;3224;10690;35;12312;42377607;40958973;24620609;80896;26816011
FR;1;2022-02-21;3355;14465;52791;286;57636;42380962;40973438;24673400;81182;26873647
FR;1;2022-02-22;3714;15355;51869;499;55590;42384676;40988793;24725269;81681;26929237
FR;1;2022-02-23;4154;17603;57443;508;62544;42388830;41006396;24782712;82189;26991781
FR;1;2022-02-24;3240;12749;43567;436;46346;42392070;41019145;24826279;82625;27038127
FR;1;2022-02-25;4393;19388;64840;695;68701;42396463;41038533;24891119;83320;27106828
FR;1;2022-02-26;2677;12682;41343;308;45096;42399140;41051215;24932462;83628;27151924
FR;1;2022-02-27;639;2168;7115;42;7980;42399779;41053383;24939577;83670;27159904
FR;1;2022-02-28;2562;10130;34920;301;37341;42402341;41063513;24974497;83971;27197245
FR;1;2022-03-01;2716;10382;38639;389;39561;42405057;41073895;25013136;84360;27236806
FR;1;2022-03-02;3434;11863;41806;390;43854;42408491;41085758;25054942;84750;27280660
FR;1;2022-03-03;2288;7536;26119;319;26430;42410779;41093294;25081061;85069;27307090
FR;1;2022-03-04;2645;10215;35386;575;34864;42413424;41103509;25116447;85644;27341954
FR;1;2022-03-05;1672;6289;21941;277;22326;42415096;41109798;25138388;85921;27364280
FR;1;2022-03-06;349;938;2914;37;3112;42415445;41110736;25141302;85958;27367392
FR;1;2022-03-07;1366;4563;16404;244;15860;42416811;41115299;25157706;86202;27383252
FR;1;2022-03-08;1534;5082;17125;307;15943;42418345;41120381;25174831;86509;27399195
FR;1;2022-03-09;1860;6462;19772;366;19119;42420205;41126843;25194603;86875;27418314
FR;1;2022-03-10;1297;4385;15189;305;14197;42421502;41131228;25209792;87180;27432511
FR;1;2022-03-11;1690;6145;21670;480;19819;42423192;41137373;25231462;87660;27452330
FR;1;2022-03-12;1227;4592;15350;276;14895;42424419;41141965;25246812;87936;27467225
FR;1;2022-03-13;239;603;2102;115;2049;42424658;41142568;25248914;88051;27469274
FR;1;2022-03-14;1064;3552;13361;3873;12484;42425722;41146120;25262275;91924;27481758
FR;1;2022-03-15;1255;3824;14516;6861;12993;42426977;41149944;25276791;98785;27494751
FR;1;2022-03-16;1600;4735;17328;11513;16378;42428577;41154679;25294119;110298;27511129
FR;1;2022-03-17;1093;3153;11678;9638;10772;42429670;41157832;25305797;119936;27521901
FR;1;2022-03-18;1660;4693;17907;16484;16334;42431330;41162525;25323704;136420;27538235
FR;1;2022-03-19;1109;3166;11878;8450;11342;42432439;41165691;25335582;144870;27549577
FR;1;2022-03-20;217;532;1714;1006;1747;42432656;41166223;25337296;145876;27551324
FR;1;2022-03-21;1037;2676;11468;13442;10813;42433693;41168899;25348764;159318;27562137
FR;1;2022-03-22;1188;3059;12218;18681;11205;42434881;41171958;25360982;177999;27573342
FR;1;2022-03-23;1460;4151;15952;20090;15633;42436341;41176109;25376934;198089;27588975
FR;1;2022-03-24;1070;2510;10349;16012;9601;42437411;41178619;25387283;214101;27598576
FR;1;2022-03-25;1497;4009;16670;25280;15314;42438908;41182628;25403953;239381;27613890
FR;1;2022-03-26;1096;2837;10836;11430;10494;42440004;41185465;25414789;250811;27624384
FR;1;2022-03-27;228;537;1721;1376;1773;42440232;41186002;25416510;252187;27626157
FR;1;2022-03-28;1032;2334;9910;15860;9528;42441264;41188336;25426420;268047;27635685
FR;1;2022-03-29;1109;2693;11509;25060;10877;42442373;41191029;25437929;293107;27646562
FR;1;2022-03-30;1593;3454;14092;24144;13621;42443966;41194483;25452021;317251;27660183
FR;1;2022-03-31;1259;2593;11576;22546;11081;42445225;41197076;25463597;339797;27671264
FR;1;2022-04-01;1649;3721;18392;28446;17238;42446874;41200797;25481989;368243;27688502
FR;1;2022-04-02;881;1852;8171;9203;7919;42447755;41202649;25490160;377446;27696421
FR;1;2022-04-03;186;362;1426;1056;1426;42447941;41203011;25491586;378502;27697847
FR;1;2022-04-04;1042;2131;11174;17615;10544;42448983;41205142;25502760;396117;27708391
FR;1;2022-04-05;1238;2475;12906;31090;11921;42450221;41207617;25515666;427207;27720312
FR;1;2022-04-06;1313;2683;12085;23738;11496;42451534;41210300;25527751;450945;27731808
FR;1;2022-04-07;1127;2465;12255;30867;11713;42452661;41212765;25540006;481812;27743521
FR;1;2022-04-08;1553;3452;17459;40388;16371;42454214;41216217;25557465;522200;27759892
FR;1;2022-04-09;797;1969;8380;12473;8074;42455011;41218186;25565845;534673;27767966
FR;1;2022-04-10;180;454;1818;1831;1849;42455191;41218640;25567663;536504;27769815
FR;1;2022-04-11;934;2094;10913;22104;10622;42456125;41220734;25578576;558608;27780437
FR;1;2022-04-12;1189;2374;12703;37791;12193;42457314;41223108;25591279;596399;27792630
FR;1;2022-04-13;1150;2578;12157;30275;11871;42458464;41225686;25603436;626674;27804501
FR;1;2022-04-14;1167;2275;11941;33222;11920;42459631;41227961;25615377;659896;27816421
FR;1;2022-04-15;1402;2767;14268;32938;13641;42461033;41230728;25629645;692834;27830062
FR;1;2022-04-16;646;1387;5811;7968;5732;42461679;41232115;25635456;700802;27835794
FR;1;2022-04-17;148;271;927;1101;969;42461827;41232386;25636383;701903;27836763
FR;1;2022-04-18;116;367;2597;968;2620;42461943;41232753;25638980;702871;27839383
FR;1;2022-04-19;1179;2473;11702;27657;11382;42463122;41235226;25650682;730528;27850765
FR;1;2022-04-20;1248;2504;12028;26575;11851;42464370;41237730;25662710;757103;27862616
FR;1;2022-04-21;1199;2321;11403;32798;11560;42465569;41240051;25674113;789901;27874176
FR;1;2022-04-22;1465;2933;15117;35242;14696;42467034;41242984;25689230;825143;27888872
FR;1;2022-04-23;732;1552;6698;9865;6601;42467766;41244536;25695928;835008;27895473
FR;1;2022-04-24;184;354;1366;1510;1318;42467950;41244890;25697294;836518;27896791
FR;1;2022-04-25;980;2029;9787;19476;9671;42468930;41246919;25707081;855994;27906462
FR;1;2022-04-26;1278;2561;12503;36135;12093;42470208;41249480;25719584;892129;27918555
FR;1;2022-04-27;1267;2346;10540;28738;10655;42471475;41251826;25730124;920867;27929210
FR;1;2022-04-28;1239;2268;11419;33724;11240;42472714;41254094;25741543;954591;27940450
FR;1;2022-04-29;1555;2880;14204;35069;13628;42474269;41256974;25755747;989660;27954078
FR;1;2022-04-30;798;1425;6278;9087;6108;42475067;41258399;25762025;998747;27960186
FR;1;2022-05-01;138;258;798;909;792;42475205;41258657;25762823;999656;27960978
FR;1;2022-05-02;872;1782;9915;16519;9791;42476077;41260439;25772738;1016175;27970769
FR;1;2022-05-03;1335;2486;12255;32298;12167;42477412;41262925;25784993;1048473;27982936
FR;1;2022-05-04;1251;2372;10541;23278;10677;42478663;41265297;25795534;1071751;27993613
FR;1;2022-05-05;1293;2303;11203;31163;11007;42479956;41267600;25806737;1102914;28004620
FR;1;2022-05-06;1634;3067;13879;34489;13430;42481590;41270667;25820616;1137403;28018050
FR;1;2022-05-07;809;1427;5750;9031;5790;42482399;41272094;25826366;1146434;28023840
FR;1;2022-05-08;180;309;974;1443;1042;42482579;41272403;25827340;1147877;28024882
FR;1;2022-05-09;983;1795;8537;18824;8459;42483562;41274198;25835877;1166701;28033341
FR;1;2022-05-10;1324;2428;11497;36340;11152;42484886;41276626;25847374;1203041;28044493
FR;1;2022-05-11;1341;2114;9150;25435;9057;42486227;41278740;25856524;1228476;28053550
FR;1;2022-05-12;1226;2170;9967;32796;9628;42487453;41280910;25866491;1261272;28063178
FR;1;2022-05-13;1532;2638;12200;35122;11859;42488985;41283548;25878691;1296394;28075037
FR;1;2022-05-14;747;1239;5039;10089;4926;42489732;41284787;25883730;1306483;28079963
FR;1;2022-05-15;201;338;1020;1320;1102;42489933;41285125;25884750;1307803;28081065
FR;1;2022-05-16;888;1575;6889;19329;6957;42490821;41286700;25891639;1327132;28088022
FR;1;2022-05-17;1207;2091;9791;35127;9439;42492028;41288791;25901430;1362259;28097461
FR;1;2022-05-18;1205;1898;7833;24992;7782;42493233;41290689;25909263;1387251;28105243
FR;1;2022-05-19;1111;2130;8758;32438;8702;42494344;41292819;25918021;1419689;28113945
FR;1;2022-05-20;1484;2470;10959;36506;10610;42495828;41295289;25928980;1456195;28124555
FR;1;2022-05-21;747;1276;4598;9099;4567;42496575;41296565;25933578;1465294;28129122
FR;1;2022-05-22;168;259;881;1261;877;42496743;41296824;25934459;1466555;28129999
FR;1;2022-05-23;842;1551;6409;18203;6344;42497585;41298375;25940868;1484758;28136343
FR;1;2022-05-24;1150;2144;9153;34315;8934;42498735;41300519;25950021;1519073;28145277
FR;2;2020-12-27;0;0;0;0;0;0;0;0;0;0
FR;2;2020-12-28;0;0;0;0;0;0;0;0;0;0
FR;2;2020-12-29;0;0;0;0;0;0;0;0;0;0
FR;2;2020-12-30;0;0;0;0;0;0;0;0;0;0
FR;2;2020-12-31;0;0;0;0;0;0;0;0;0;0
FR;2;2021-01-01;0;0;0;0;0;0;0;0;0;0
FR;2;2021-01-02;0;0;0;0;0;0;0;0;0;0
FR;2;2021-01-03;0;0;0;0;0;0;0;0;0;0
FR;2;2021-01-04;0;0;0;0;0;0;0;0;0;0
FR;2;2021-01-05;0;0;0;0;0;0;0;0;0;0
FR;2;2021-01-06;0;0;0;0;0;0;0;0;0;0
FR;2;2021-01-07;0;0;0;0;0;0;0;0;0;0
FR;2;2021-01-08;0;0;0;0;0;0;0;0;0;0
FR;2;2021-01-09;0;0;0;0;0;0;0;0;0;0
FR;2;2021-01-10;0;0;0;0;0;0;0;0;0;0
FR;2;2021-01-11;0;0;0;0;0;0;0;0;0;0
FR;2;2021-01-12;0;0;0;0;0;0;0;0;0;0
FR;2;2021-01-13;0;0;0;0;0;0;0;0;0;0
FR;2;2021-01-14;1689;0;0;0;0;1689;0;0;0;0
FR;2;2021-01-15;394;0;0;0;0;2083;0;0;0;0
FR;2;2021-01-16;315;0;0;0;0;2398;0;0;0;0
FR;2;2021-01-17;80;0;0;0;0;2478;0;0;0;0
FR;2;2021-01-18;3073;2;0;0;0;5551;2;0;0;0
FR;2;2021-01-19;4675;0;0;0;0;10226;2;0;0;0
FR;2;2021-01-20;5135;4;0;0;0;15361;6;0;0;0
FR;2;2021-01-21;5336;8;0;0;0;20697;14;0;0;0
FR;2;2021-01-22;5115;6;0;0;0;25812;20;0;0;0
FR;2;2021-01-23;1866;0;0;0;0;27678;20;0;0;0
FR;2;2021-01-24;160;1;0;0;0;27838;21;0;0;0
FR;2;2021-01-25;3811;3;0;0;0;31649;24;0;0;0
FR;2;2021-01-26;3919;1;0;0;0;35568;25;0;0;0
FR;2;2021-01-27;3598;2;0;0;0;39166;27;0;0;0
FR;2;2021-01-28;3745;7;0;0;0;42911;34;0;0;0
FR;2;2021-01-29;3291;2;0;0;0;46202;36;0;0;0
FR;2;2021-01-30;1130;1;0;0;0;47332;37;0;0;0
FR;2;2021-01-31;45;1;0;0;0;47377;38;0;0;0
FR;2;2021-02-01;3399;3;0;0;0;50776;41;0;0;0
FR;2;2021-02-02;4487;10;0;0;0;55263;51;0;0;0
FR;2;2021-02-03;5216;6;0;0;0;60479;57;0;0;0
FR;2;2021-02-04;4931;10;0;0;0;65410;67;0;0;0
FR;2;2021-02-05;4810;13;0;0;0;70220;80;0;0;0
FR;2;2021-02-06;2040;12;0;0;0;72260;92;0;0;0
FR;2;2021-02-07;101;4;0;0;0;72361;96;0;0;0
FR;2;2021-02-08;7553;19;0;0;0;79914;115;0;0;0
FR;2;2021-02-09;8420;28;0;0;0;88334;143;0;0;0
FR;2;2021-02-10;9338;56;0;0;0;97672;199;0;0;0
FR;2;2021-02-11;10279;96;0;0;0;107951;295;0;0;0
FR;2;2021-02-12;10053;260;0;0;0;118004;555;0;0;0
FR;2;2021-02-13;3118;225;0;0;0;121122;780;0;0;0
FR;2;2021-02-14;355;8;0;0;0;121477;788;0;0;0
FR;2;2021-02-15;3454;3095;0;0;0;124931;3883;0;0;0
FR;2;2021-02-16;5067;4025;0;0;0;129998;7908;0;0;0
FR;2;2021-02-17;4252;4467;0;0;0;134250;12375;0;0;0
FR;2;2021-02-18;5400;5113;0;0;0;139650;17488;0;0;0
FR;2;2021-02-19;5324;4397;0;0;0;144974;21885;0;0;0
FR;2;2021-02-20;1868;1508;0;0;0;146842;23393;0;0;0
FR;2;2021-02-21;242;88;0;0;0;147084;23481;0;0;0
FR;2;2021-02-22;3611;3746;0;0;0;150695;27227;0;0;0
FR;2;2021-02-23;4952;3693;0;0;0;155647;30920;0;0;0
FR;2;2021-02-24;5010;3495;0;0;0;160657;34415;0;0;0
FR;2;2021-02-25;5481;3452;0;0;0;166138;37867;0;0;0
FR;2;2021-02-26;4361;3147;0;0;0;170499;41014;0;0;0
FR;2;2021-02-27;1623;1053;0;0;0;172122;42067;0;0;0
FR;2;2021-02-28;176;29;0;0;0;172298;42096;0;0;0
FR;2;2021-03-01;5177;3728;0;0;0;177475;45824;0;0;0
FR;2;2021-03-02;6528;4729;0;0;0;184003;50553;0;0;0
FR;2;2021-03-03;6533;4919;0;0;0;190536;55472;0;0;0
FR;2;2021-03-04;8395;4054;0;0;0;198931;59526;0;0;0
FR;2;2021-03-05;8027;4062;0;0;0;206958;63588;0;0;0
FR;2;2021-03-06;4783;1683;0;0;0;211741;65271;0;0;0
FR;2;2021-03-07;2372;30;0;0;0;214113;65301;0;0;0
FR;2;2021-03-08;4164;8332;0;0;0;218277;73633;0;0;0
FR;2;2021-03-09;7485;8494;1;0;0;225762;82127;1;0;0
FR;2;2021-03-10;7098;9141;0;0;0;232860;91268;1;0;0
FR;2;2021-03-11;9372;9241;1;0;0;242232;100509;2;0;0
FR;2;2021-03-12;7972;8222;0;0;0;250204;108731;2;0;0
FR;2;2021-03-13;10046;2556;0;0;0;260250;111287;2;0;0
FR;2;2021-03-14;4838;404;0;0;0;265088;111691;2;0;0
FR;2;2021-03-15;10905;3487;0;0;0;275993;115178;2;0;0
FR;2;2021-03-16;16761;4646;1;0;0;292754;119824;3;0;0
FR;2;2021-03-17;20225;3973;0;0;0;312979;123797;3;0;0
FR;2;2021-03-18;23364;4972;0;0;0;336343;128769;3;0;0
FR;2;2021-03-19;23301;4575;0;0;0;359644;133344;3;0;0
FR;2;2021-03-20;25441;1547;0;0;0;385085;134891;3;0;0
FR;2;2021-03-21;17669;150;0;0;0;402754;135041;3;0;0
FR;2;2021-03-22;17782;3139;0;0;0;420536;138180;3;0;0
FR;2;2021-03-23;22686;4202;0;0;0;443222;142382;3;0;0
FR;2;2021-03-24;23954;5016;0;0;0;467176;147398;3;0;0
FR;2;2021-03-25;26736;5137;1;0;0;493912;152535;4;0;0
FR;2;2021-03-26;26975;4204;0;0;0;520887;156739;4;0;0
FR;2;2021-03-27;15918;1329;0;0;0;536805;158068;4;0;0
FR;2;2021-03-28;10561;120;0;0;0;547366;158188;4;0;0
FR;2;2021-03-29;18985;4285;0;0;0;566351;162473;4;0;0
FR;2;2021-03-30;24575;6028;0;0;0;590926;168501;4;0;0
FR;2;2021-03-31;28553;5929;0;0;0;619479;174430;4;0;0
FR;2;2021-04-01;34544;8497;1;0;0;654023;182927;5;0;0
FR;2;2021-04-02;29976;7669;0;0;0;683999;190596;5;0;0
FR;2;2021-04-03;16953;3777;0;0;0;700952;194373;5;0;0
FR;2;2021-04-04;9305;1024;2;0;0;710257;195397;7;0;0
FR;2;2021-04-05;12443;806;0;0;0;722700;196203;7;0;0
FR;2;2021-04-06;27143;7030;0;0;0;749843;203233;7;0;0
FR;2;2021-04-07;30926;7138;1;0;0;780769;210371;8;0;0
FR;2;2021-04-08;36879;8728;1;0;0;817648;219099;9;0;0
FR;2;2021-04-09;33834;8549;28;0;0;851482;227648;37;0;0
FR;2;2021-04-10;19678;9054;1;0;0;871160;236702;38;0;0
FR;2;2021-04-11;7941;4255;1;0;0;879101;240957;39;0;0
FR;2;2021-04-12;17121;11147;0;0;0;896222;252104;39;0;0
FR;2;2021-04-13;19448;16202;1;0;0;915670;268306;40;0;0
FR;2;2021-04-14;18060;16304;7;0;0;933730;284610;47;0;0
FR;2;2021-04-15;22186;20983;27;0;0;955916;305593;74;0;0
FR;2;2021-04-16;20705;20140;45;0;0;976621;325733;119;0;0
FR;2;2021-04-17;13253;22427;5;0;0;989874;348160;124;0;0
FR;2;2021-04-18;5907;14394;6;0;0;995781;362554;130;0;0
FR;2;2021-04-19;16831;16275;24;0;0;1012612;378829;154;0;0
FR;2;2021-04-20;19319;21586;38;0;0;1031931;400415;192;0;0
FR;2;2021-04-21;20280;21701;76;0;0;1052211;422116;268;0;0
FR;2;2021-04-22;23809;24863;41;0;0;1076020;446979;309;0;0
FR;2;2021-04-23;24516;25351;76;0;0;1100536;472330;385;0;0
FR;2;2021-04-24;25301;15089;104;0;0;1125837;487419;489;0;0
FR;2;2021-04-25;9592;8600;5;0;0;1135429;496019;494;0;0
FR;2;2021-04-26;17157;17253;21;0;0;1152586;513272;515;0;0
FR;2;2021-04-27;19240;24224;40;0;0;1171826;537496;555;0;0
FR;2;2021-04-28;22333;26212;112;0;0;1194159;563708;667;0;0
FR;2;2021-04-29;25465;30147;69;0;0;1219624;593855;736;0;0
FR;2;2021-04-30;25529;27741;49;1;0;1245153;621596;785;1;0
FR;2;2021-05-01;14981;9875;6;0;0;1260134;631471;791;1;0
FR;2;2021-05-02;6635;9172;2;0;0;1266769;640643;793;1;0
FR;2;2021-05-03;20012;19249;40;0;0;1286781;659892;833;1;0
FR;2;2021-05-04;18280;29043;33;0;0;1305061;688935;866;1;0
FR;2;2021-05-05;18359;29388;48;0;0;1323420;718323;914;1;0
FR;2;2021-05-06;23539;35237;131;0;0;1346959;753560;1045;1;0
FR;2;2021-05-07;25322;33197;97;0;0;1372281;786757;1142;1;0
FR;2;2021-05-08;21337;9818;14;0;0;1393618;796575;1156;1;0
FR;2;2021-05-09;13162;7843;7;0;0;1406780;804418;1163;1;0
FR;2;2021-05-10;32937;22114;49;0;0;1439717;826532;1212;1;0
FR;2;2021-05-11;43595;21027;101;0;0;1483312;847559;1313;1;0
FR;2;2021-05-12;50039;19837;143;0;0;1533351;867396;1456;1;0
FR;2;2021-05-13;51289;5745;31;0;0;1584640;873141;1487;1;0
FR;2;2021-05-14;61343;12915;132;0;0;1645983;886056;1619;1;0
FR;2;2021-05-15;65925;7139;39;0;0;1711908;893195;1658;1;0
FR;2;2021-05-16;43581;2566;10;0;0;1755489;895761;1668;1;0
FR;2;2021-05-17;44742;12568;114;0;0;1800231;908329;1782;1;0
FR;2;2021-05-18;54633;12238;191;0;0;1854864;920567;1973;1;0
FR;2;2021-05-19;57163;10596;281;0;0;1912027;931163;2254;1;0
FR;2;2021-05-20;63430;10834;287;0;0;1975457;941997;2541;1;0
FR;2;2021-05-21;64289;11636;230;0;0;2039746;953633;2771;1;0
FR;2;2021-05-22;61479;4506;65;0;0;2101225;958139;2836;1;0
FR;2;2021-05-23;37531;570;22;0;0;2138756;958709;2858;1;0
FR;2;2021-05-24;17235;2035;34;0;0;2155991;960744;2892;1;0
FR;2;2021-05-25;21103;12224;240;0;0;2177094;972968;3132;1;0
FR;2;2021-05-26;19933;11453;229;0;0;2197027;984421;3361;1;0
FR;2;2021-05-27;22993;12662;182;0;0;2220020;997083;3543;1;0
FR;2;2021-05-28;29387;14946;190;0;0;2249407;1012029;3733;1;0
FR;2;2021-05-29;30417;8176;57;0;0;2279824;1020205;3790;1;0
FR;2;2021-05-30;4646;1816;6;0;0;2284470;1022021;3796;1;0
FR;2;2021-05-31;28584;18717;183;0;0;2313054;1040738;3979;1;0
FR;2;2021-06-01;45711;20001;224;0;0;2358765;1060739;4203;1;0
FR;2;2021-06-02;37461;19291;181;0;0;2396226;1080030;4384;1;0
FR;2;2021-06-03;51270;23316;161;0;0;2447496;1103346;4545;1;0
FR;2;2021-06-04;65508;24052;215;0;0;2513004;1127398;4760;1;0
FR;2;2021-06-05;34598;24032;51;0;0;2547602;1151430;4811;1;0
FR;2;2021-06-06;4953;6198;10;0;0;2552555;1157628;4821;1;0
FR;2;2021-06-07;28165;23040;146;0;0;2580720;1180668;4967;1;0
FR;2;2021-06-08;46368;22918;143;0;0;2627088;1203586;5110;1;0
FR;2;2021-06-09;34284;20915;107;0;0;2661372;1224501;5217;1;0
FR;2;2021-06-10;42635;19136;95;1;0;2704007;1243637;5312;2;0
FR;2;2021-06-11;55287;25220;134;0;0;2759294;1268857;5446;2;0
FR;2;2021-06-12;30559;19777;53;0;0;2789853;1288634;5499;2;0
FR;2;2021-06-13;3329;9186;13;0;0;2793182;1297820;5512;2;0
FR;2;2021-06-14;25295;24156;92;0;0;2818477;1321976;5604;2;0
FR;2;2021-06-15;39033;22841;154;0;0;2857510;1344817;5758;2;0
FR;2;2021-06-16;30159;21437;134;0;0;2887669;1366254;5892;2;0
FR;2;2021-06-17;36904;25857;150;0;0;2924573;1392111;6042;2;0
FR;2;2021-06-18;46845;28814;122;0;0;2971418;1420925;6164;2;0
FR;2;2021-06-19;24524;24890;39;0;0;2995942;1445815;6203;2;0
FR;2;2021-06-20;3740;10065;10;0;0;2999682;1455880;6213;2;0
FR;2;2021-06-21;17521;42840;87;0;0;3017203;1498720;6300;2;0
FR;2;2021-06-22;28354;49560;110;0;0;3045557;1548280;6410;2;0
FR;2;2021-06-23;21788;49556;106;1;1;3067345;1597836;6516;3;1
FR;2;2021-06-24;28375;50280;133;0;0;3095720;1648116;6649;3;1
FR;2;2021-06-25;33399;60395;127;0;0;3129119;1708511;6776;3;1
FR;2;2021-06-26;16379;59249;54;1;0;3145498;1767760;6830;4;1
FR;2;2021-06-27;2564;29322;22;1;0;3148062;1797082;6852;5;1
FR;2;2021-06-28;12637;54339;82;0;0;3160699;1851421;6934;5;1
FR;2;2021-06-29;19841;59884;178;0;0;3180540;1911305;7112;5;1
FR;2;2021-06-30;16322;57874;252;17;0;3196862;1969179;7364;22;1
FR;2;2021-07-01;20481;59889;227;0;0;3217343;2029068;7591;22;1
FR;2;2021-07-02;24069;62138;184;0;0;3241412;2091206;7775;22;1
FR;2;2021-07-03;12111;57084;153;0;0;3253523;2148290;7928;22;1
FR;2;2021-07-04;1958;23310;18;0;0;3255481;2171600;7946;22;1
FR;2;2021-07-05;9171;29365;106;0;0;3264652;2200965;8052;22;1
FR;2;2021-07-06;14575;36203;135;0;0;3279227;2237168;8187;22;1
FR;2;2021-07-07;14403;33672;139;0;0;3293630;2270840;8326;22;1
FR;2;2021-07-08;19714;40295;162;0;0;3313344;2311135;8488;22;1
FR;2;2021-07-09;27094;54280;202;1;0;3340438;2365415;8690;23;1
FR;2;2021-07-10;13384;33667;107;0;0;3353822;2399082;8797;23;1
FR;2;2021-07-11;1805;4352;16;0;0;3355627;2403434;8813;23;1
FR;2;2021-07-12;12960;37276;118;0;0;3368587;2440710;8931;23;1
FR;2;2021-07-13;37110;53218;150;0;0;3405697;2493928;9081;23;1
FR;2;2021-07-14;6608;3559;15;0;0;3412305;2497487;9096;23;1
FR;2;2021-07-15;47232;47028;156;0;0;3459537;2544515;9252;23;1
FR;2;2021-07-16;64306;55814;187;0;0;3523843;2600329;9439;23;1
FR;2;2021-07-17;31592;23930;96;0;0;3555435;2624259;9535;23;1
FR;2;2021-07-18;6087;4881;19;0;0;3561522;2629140;9554;23;1
FR;2;2021-07-19;32987;28678;94;0;0;3594509;2657818;9648;23;1
FR;2;2021-07-20;51989;44571;155;0;0;3646498;2702389;9803;23;1
FR;2;2021-07-21;45243;34751;93;0;0;3691741;2737140;9896;23;1
FR;2;2021-07-22;56272;41093;128;1;0;3748013;2778233;10024;24;1
FR;2;2021-07-23;68276;49080;170;0;0;3816289;2827313;10194;24;1
FR;2;2021-07-24;36166;21595;82;0;0;3852455;2848908;10276;24;1
FR;2;2021-07-25;6742;2652;10;0;0;3859197;2851560;10286;24;1
FR;2;2021-07-26;36297;22450;91;1;0;3895494;2874010;10377;25;1
FR;2;2021-07-27;62358;34620;180;0;0;3957852;2908630;10557;25;1
FR;2;2021-07-28;55298;26455;132;0;0;4013150;2935085;10689;25;1
FR;2;2021-07-29;68455;32786;189;0;0;4081605;2967871;10878;25;1
FR;2;2021-07-30;74432;37775;222;1;1;4156037;3005646;11100;26;2
FR;2;2021-07-31;34751;16190;104;0;0;4190788;3021836;11204;26;2
FR;2;2021-08-01;5397;2280;19;0;0;4196185;3024116;11223;26;2
FR;2;2021-08-02;35861;16204;101;0;0;4232046;3040320;11324;26;2
FR;2;2021-08-03;55959;28287;142;0;0;4288005;3068607;11466;26;2
FR;2;2021-08-04;46623;20863;128;1;0;4334628;3089470;11594;27;2
FR;2;2021-08-05;54617;31587;215;0;0;4389245;3121057;11809;27;2
FR;2;2021-08-06;58081;42392;242;1;0;4447326;3163449;12051;28;2
FR;2;2021-08-07;25134;17605;89;0;0;4472460;3181054;12140;28;2
FR;2;2021-08-08;3832;3667;21;0;0;4476292;3184721;12161;28;2
FR;2;2021-08-09;29297;21132;91;0;0;4505589;3205853;12252;28;2
FR;2;2021-08-10;44989;33515;154;0;0;4550578;3239368;12406;28;2
FR;2;2021-08-11;35264;25170;151;0;0;4585842;3264538;12557;28;2
FR;2;2021-08-12;41893;35730;162;0;0;4627735;3300268;12719;28;2
FR;2;2021-08-13;42586;37061;218;0;0;4670321;3337329;12937;28;2
FR;2;2021-08-14;18509;22251;93;0;0;4688830;3359580;13030;28;2
FR;2;2021-08-15;3820;3814;17;0;0;4692650;3363394;13047;28;2
FR;2;2021-08-16;25079;27196;110;0;0;4717729;3390590;13157;28;2
FR;2;2021-08-17;38249;43485;205;2;0;4755978;3434075;13362;30;2
FR;2;2021-08-18;32246;36368;195;1;1;4788224;3470443;13557;31;3
FR;2;2021-08-19;37428;46584;224;0;0;4825652;3517027;13781;31;3
FR;2;2021-08-20;40556;55605;269;1;0;4866208;3572632;14050;32;3
FR;2;2021-08-21;18116;24310;115;0;0;4884324;3596942;14165;32;3
FR;2;2021-08-22;2904;4319;22;1;1;4887228;3601261;14187;33;4
FR;2;2021-08-23;19239;35159;131;1;1;4906467;3636420;14318;34;5
FR;2;2021-08-24;31941;56035;235;0;0;4938408;3692455;14553;34;5
FR;2;2021-08-25;25926;43427;250;0;0;4964334;3735882;14803;34;5
FR;2;2021-08-26;32350;55788;387;0;0;4996684;3791670;15190;34;5
FR;2;2021-08-27;36992;65593;478;2;0;5033676;3857263;15668;36;5
FR;2;2021-08-28;17814;28480;300;0;0;5051490;3885743;15968;36;5
FR;2;2021-08-29;2655;5038;47;0;0;5054145;3890781;16015;36;5
FR;2;2021-08-30;18409;37745;399;0;755;5072554;3928526;16414;36;760
FR;2;2021-08-31;28077;57493;885;4;1537;5100631;3986019;17299;40;2297
FR;2;2021-09-01;21588;39841;1307;0;2092;5122219;4025860;18606;40;4389
FR;2;2021-09-02;25476;48613;1960;2;3294;5147695;4074473;20566;42;7683
FR;2;2021-09-03;33404;64473;2986;3;4827;5181099;4138946;23552;45;12510
FR;2;2021-09-04;16826;27704;1442;1;2355;5197925;4166650;24994;46;14865
FR;2;2021-09-05;2259;3608;265;0;413;5200184;4170258;25259;46;15278
FR;2;2021-09-06;14036;28733;1769;1;2930;5214220;4198991;27028;47;18208
FR;2;2021-09-07;21103;41051;3020;13;4856;5235323;4240042;30048;60;23064
FR;2;2021-09-08;17241;31935;2732;6;4467;5252564;4271977;32780;66;27531
FR;2;2021-09-09;20973;40429;4432;3;6753;5273537;4312406;37212;69;34284
FR;2;2021-09-10;28195;51155;5282;4;8829;5301732;4363561;42494;73;43113
FR;2;2021-09-11;13652;22356;2403;5;3938;5315384;4385917;44897;78;47051
FR;2;2021-09-12;1822;2787;284;0;506;5317206;4388704;45181;78;47557
FR;2;2021-09-13;11656;21447;2468;4;4011;5328862;4410151;47649;82;51568
FR;2;2021-09-14;18567;32769;5084;13;9038;5347429;4442920;52733;95;60606
FR;2;2021-09-15;14910;28284;5164;3;7780;5362339;4471204;57897;98;68386
FR;2;2021-09-16;16071;32763;6735;14;10529;5378410;4503967;64632;112;78915
FR;2;2021-09-17;20911;47094;8777;10;14578;5399321;4551061;73409;122;93493
FR;2;2021-09-18;9855;20924;3804;6;6022;5409176;4571985;77213;128;99515
FR;2;2021-09-19;1165;2647;395;0;643;5410341;4574632;77608;128;100158
FR;2;2021-09-20;7491;18781;3851;7;6152;5417832;4593413;81459;135;106310
FR;2;2021-09-21;11205;30000;6494;5;10739;5429037;4623413;87953;140;117049
FR;2;2021-09-22;9406;23540;5491;7;8513;5438443;4646953;93444;147;125562
FR;2;2021-09-23;10722;28874;7879;9;12636;5449165;4675827;101323;156;138198
FR;2;2021-09-24;15065;42866;10874;18;17192;5464230;4718693;112197;174;155390
FR;2;2021-09-25;7257;18735;3962;10;6085;5471487;4737428;116159;184;161475
FR;2;2021-09-26;1079;2555;494;0;631;5472566;4739983;116653;184;162106
FR;2;2021-09-27;6313;16450;4286;8;6551;5478879;4756433;120939;192;168657
FR;2;2021-09-28;9239;25549;7768;13;12069;5488118;4781982;128707;205;180726
FR;2;2021-09-29;8079;20211;6066;25;9262;5496197;4802193;134773;230;189988
FR;2;2021-09-30;9863;25789;9503;16;14079;5506060;4827982;144276;246;204067
FR;2;2021-10-01;13968;35633;12912;25;19229;5520028;4863615;157188;271;223296
FR;2;2021-10-02;6873;15879;4845;6;7009;5526901;4879494;162033;277;230305
FR;2;2021-10-03;841;1938;492;1;514;5527742;4881432;162525;278;230819
FR;2;2021-10-04;5818;13935;5516;5;7861;5533560;4895367;168041;283;238680
FR;2;2021-10-05;9052;22545;11121;19;15712;5542612;4917912;179162;302;254392
FR;2;2021-10-06;7778;17738;8239;11;11071;5550390;4935650;187401;313;265463
FR;2;2021-10-07;9194;22174;12378;15;16834;5559584;4957824;199779;328;282297
FR;2;2021-10-08;13423;32054;17346;27;23535;5573007;4989878;217125;355;305832
FR;2;2021-10-09;5998;12822;6041;6;7875;5579005;5002700;223166;361;313707
FR;2;2021-10-10;883;1635;436;2;633;5579888;5004335;223602;363;314340
FR;2;2021-10-11;5604;11601;6454;17;8836;5585492;5015936;230056;380;323176
FR;2;2021-10-12;8034;17756;12537;13;16731;5593526;5033692;242593;393;339907
FR;2;2021-10-13;6944;14846;10245;11;13606;5600470;5048538;252838;404;353513
FR;2;2021-10-14;8310;17939;14989;13;19448;5608780;5066477;267827;417;372961
FR;2;2021-10-15;11845;26277;20901;26;27945;5620625;5092754;288728;443;400906
FR;2;2021-10-16;5137;8724;1816;0;3203;5625762;5101478;290544;443;404109
FR;2;2021-10-17;651;1189;184;0;373;5626413;5102667;290728;443;404482
FR;2;2021-10-18;4558;7420;661;2;1674;5630971;5110087;291389;445;406156
FR;2;2021-10-19;6236;9897;729;5;2053;5637207;5119984;292118;450;408209
FR;2;2021-10-20;5162;8096;756;3;1684;5642369;5128080;292874;453;409893
FR;2;2021-10-21;6088;9968;779;5;2101;5648457;5138048;293653;458;411994
FR;2;2021-10-22;8446;14576;1147;4;2874;5656903;5152624;294800;462;414868
FR;2;2021-10-23;3840;5997;584;0;1234;5660743;5158621;295384;462;416102
FR;2;2021-10-24;494;888;100;0;203;5661237;5159509;295484;462;416305
FR;2;2021-10-25;3357;5368;302;1;824;5664594;5164877;295786;463;417129
FR;2;2021-10-26;4174;7257;1124;4;2005;5668768;5172134;296910;467;419134
FR;2;2021-10-27;3673;6627;1193;5;1997;5672441;5178761;298103;472;421131
FR;2;2021-10-28;4596;7692;1727;3;2746;5677037;5186453;299830;475;423877
FR;2;2021-10-29;5405;11077;2430;4;3666;5682442;5197530;302260;479;427543
FR;2;2021-10-30;2748;4435;972;1;1429;5685190;5201965;303232;480;428972
FR;2;2021-10-31;363;536;139;1;187;5685553;5202501;303371;481;429159
FR;2;2021-11-01;416;558;175;0;267;5685969;5203059;303546;481;429426
FR;2;2021-11-02;3287;6760;1179;0;1756;5689256;5209819;304725;481;431182
FR;2;2021-11-03;3338;6249;1383;2;1965;5692594;5216068;306108;483;433147
FR;2;2021-11-04;3985;7097;1761;4;2491;5696579;5223165;307869;487;435638
FR;2;2021-11-05;5227;10510;2863;5;3944;5701806;5233675;310732;492;439582
FR;2;2021-11-06;2594;4669;1397;0;1809;5704400;5238344;312129;492;441391
FR;2;2021-11-07;508;864;216;0;285;5704908;5239208;312345;492;441676
FR;2;2021-11-08;2576;5361;1201;3;1677;5707484;5244569;313546;495;443353
FR;2;2021-11-09;2749;6945;2392;6;3173;5710233;5251514;315938;501;446526
FR;2;2021-11-10;2584;5713;5093;6;6272;5712817;5257227;321031;507;452798
FR;2;2021-11-11;433;744;732;2;915;5713250;5257971;321763;509;453713
FR;2;2021-11-12;2951;8112;8963;8;10901;5716201;5266083;330726;517;464614
FR;2;2021-11-13;1534;3381;3865;7;4527;5717735;5269464;334591;524;469141
FR;2;2021-11-14;254;604;348;1;485;5717989;5270068;334939;525;469626
FR;2;2021-11-15;1622;3691;4435;9;5319;5719611;5273759;339374;534;474945
FR;2;2021-11-16;2184;5943;8294;14;10071;5721795;5279702;347668;548;485016
FR;2;2021-11-17;1740;4564;6619;8;7836;5723535;5284266;354287;556;492852
FR;2;2021-11-18;2189;5948;9170;11;10995;5725724;5290214;363457;567;503847
FR;2;2021-11-19;2697;7802;12958;19;15464;5728421;5298016;376415;586;519311
FR;2;2021-11-20;1563;3333;5170;5;6074;5729984;5301349;381585;591;525385
FR;2;2021-11-21;246;517;540;0;663;5730230;5301866;382125;591;526048
FR;2;2021-11-22;1275;2622;4469;5;5400;5731505;5304488;386594;596;531448
FR;2;2021-11-23;1613;4313;8186;9;9895;5733118;5308801;394780;605;541343
FR;2;2021-11-24;1418;3797;7462;14;8720;5734536;5312598;402242;619;550063
FR;2;2021-11-25;1812;4894;11447;21;13645;5736348;5317492;413689;640;563708
FR;2;2021-11-26;2537;7777;22654;31;26068;5738885;5325269;436343;671;589776
FR;2;2021-11-27;1497;4130;12256;18;13992;5740382;5329399;448599;689;603768
FR;2;2021-11-28;291;843;1965;3;2287;5740673;5330242;450564;692;606055
FR;2;2021-11-29;1444;4389;15073;23;17244;5742117;5334631;465637;715;623299
FR;2;2021-11-30;1913;6749;26221;36;29972;5744030;5341380;491858;751;653271
FR;2;2021-12-01;1904;6100;26183;29;29503;5745934;5347480;518041;780;682774
FR;2;2021-12-02;1908;6828;37684;52;41927;5747842;5354308;555725;832;724701
FR;2;2021-12-03;2550;10111;53586;112;59310;5750392;5364419;609311;944;784011
FR;2;2021-12-04;1849;6304;37089;38;40764;5752241;5370723;646400;982;824775
FR;2;2021-12-05;458;2265;14252;14;15989;5752699;5372988;660652;996;840764
FR;2;2021-12-06;2464;9897;77682;109;84731;5755163;5382885;738334;1105;925495
FR;2;2021-12-07;3445;15329;122407;238;133690;5758608;5398214;860741;1343;1059185
FR;2;2021-12-08;3717;16054;133169;330;145368;5762325;5414268;993910;1673;1204553
FR;2;2021-12-09;4543;19629;170144;554;185501;5766868;5433897;1164054;2227;1390054
FR;2;2021-12-10;4672;22808;188607;490;206037;5771540;5456705;1352661;2717;1596091
FR;2;2021-12-11;3682;16627;132421;239;144859;5775222;5473332;1485082;2956;1740950
FR;2;2021-12-12;1257;7127;59082;83;65129;5776479;5480459;1544164;3039;1806079
FR;2;2021-12-13;5525;26860;220652;604;242931;5782004;5507319;1764816;3643;2049010
FR;2;2021-12-14;7017;37530;300713;910;332181;5789021;5544849;2065529;4553;2381191
FR;2;2021-12-15;6557;36238;285172;955;315769;5795578;5581087;2350701;5508;2696960
FR;2;2021-12-16;7762;37921;312103;981;343683;5803340;5619008;2662804;6489;3040643
FR;2;2021-12-17;8680;41248;327828;976;360909;5812020;5660256;2990632;7465;3401552
FR;2;2021-12-18;6514;26563;212316;448;233617;5818534;5686819;3202948;7913;3635169
FR;2;2021-12-19;2600;11492;90201;183;100379;5821134;5698311;3293149;8096;3735548
FR;2;2021-12-20;9549;33614;275152;706;303328;5830683;5731925;3568301;8802;4038876
FR;2;2021-12-21;11555;38324;309590;969;341374;5842238;5770249;3877891;9771;4380250
FR;2;2021-12-22;10457;32852;265080;952;292466;5852695;5803101;4142971;10723;4672716
FR;2;2021-12-23;9427;26711;199458;700;221259;5862122;5829812;4342429;11423;4893975
FR;2;2021-12-24;2781;7497;43845;140;49562;5864903;5837309;4386274;11563;4943537
FR;2;2021-12-25;201;699;2000;10;2494;5865104;5838008;4388274;11573;4946031
FR;2;2021-12-26;1322;4213;25147;71;28676;5866426;5842221;4413421;11644;4974707
FR;2;2021-12-27;8077;29941;218378;659;243302;5874503;5872162;4631799;12303;5218009
FR;2;2021-12-28;9840;36339;272062;741;301948;5884343;5908501;4903861;13044;5519957
FR;2;2021-12-29;9494;32287;246105;766;272678;5893837;5940788;5149966;13810;5792635
FR;2;2021-12-30;9452;28141;208808;662;231466;5903289;5968929;5358774;14472;6024101
FR;2;2021-12-31;3007;8374;54980;177;61235;5906296;5977303;5413754;14649;6085336
FR;2;2022-01-01;227;692;2849;7;3344;5906523;5977995;5416603;14656;6088680
FR;2;2022-01-02;1505;4855;29505;75;33390;5908028;5982850;5446108;14731;6122070
FR;2;2022-01-03;9583;35374;266501;806;293863;5917611;6018224;5712609;15537;6415933
FR;2;2022-01-04;12842;45374;342063;1067;376946;5930453;6063598;6054672;16604;6792879
FR;2;2022-01-05;11268;38665;294152;885;323808;5941721;6102263;6348824;17489;7116687
FR;2;2022-01-06;13650;43490;331928;1298;364701;5955371;6145753;6680752;18787;7481388
FR;2;2022-01-07;14220;47636;361076;1270;396405;5969591;6193389;7041828;20057;7877793
FR;2;2022-01-08;7945;28148;201255;515;221684;5977536;6221537;7243083;20572;8099477
FR;2;2022-01-09;2749;8997;62519;137;69523;5980285;6230534;7305602;20709;8169000
FR;2;2022-01-10;10086;31921;232448;858;255034;5990371;6262455;7538050;21567;8424034
FR;2;2022-01-11;11470;36255;265881;1030;290571;6001841;6298710;7803931;22597;8714605
FR;2;2022-01-12;8758;29831;206299;862;226169;6010599;6328541;8010230;23459;8940774
FR;2;2022-01-13;9387;31346;224463;831;244812;6019986;6359887;8234693;24290;9185586
FR;2;2022-01-14;9743;35667;254515;920;277681;6029729;6395554;8489208;25210;9463267
FR;2;2022-01-15;5356;19455;140767;363;153635;6035085;6415009;8629975;25573;9616902
FR;2;2022-01-16;1512;5522;35871;80;39849;6036597;6420531;8665846;25653;9656751
FR;2;2022-01-17;5545;19300;135385;601;147247;6042142;6439831;8801231;26254;9803998
FR;2;2022-01-18;6417;21525;148608;648;160465;6048559;6461356;8949839;26902;9964463
FR;2;2022-01-19;4389;16362;105081;552;113700;6052948;6477718;9054920;27454;10078163
FR;2;2022-01-20;4867;17599;115275;603;123674;6057815;6495317;9170195;28057;10201837
FR;2;2022-01-21;5195;20065;137324;678;147745;6063010;6515382;9307519;28735;10349582
FR;2;2022-01-22;3027;10960;74255;259;80325;6066037;6526342;9381774;28994;10429907
FR;2;2022-01-23;722;2736;15236;41;16837;6066759;6529078;9397010;29035;10446744
FR;2;2022-01-24;3293;12823;75058;430;81018;6070052;6541901;9472068;29465;10527762
FR;2;2022-01-25;3570;14437;79613;496;85452;6073622;6556338;9551681;29961;10613214
FR;2;2022-01-26;2515;10660;58959;363;62982;6076137;6566998;9610640;30324;10676196
FR;2;2022-01-27;2681;11271;64164;388;67903;6078818;6578269;9674804;30712;10744099
FR;2;2022-01-28;3543;18381;91710;430;98957;6082361;6596650;9766514;31142;10843056
FR;2;2022-01-29;1892;9252;48836;164;52923;6084253;6605902;9815350;31306;10895979
FR;2;2022-01-30;466;2242;9452;38;10605;6084719;6608144;9824802;31344;10906584
FR;2;2022-01-31;1887;9587;43817;208;47340;6086606;6617731;9868619;31552;10953924
FR;2;2022-02-01;1912;10051;47019;278;50100;6088518;6627782;9915638;31830;11004024
FR;2;2022-02-02;1606;9032;41100;251;44173;6090124;6636814;9956738;32081;11048197
FR;2;2022-02-03;1723;8943;40508;204;42907;6091847;6645757;9997246;32285;11091104
FR;2;2022-02-04;2152;15217;66626;297;71346;6093999;6660974;10063872;32582;11162450
FR;2;2022-02-05;1362;8534;35935;131;39231;6095361;6669508;10099807;32713;11201681
FR;2;2022-02-06;274;1780;6124;16;6899;6095635;6671288;10105931;32729;11208580
FR;2;2022-02-07;1350;9606;37747;134;41304;6096985;6680894;10143678;32863;11249884
FR;2;2022-02-08;1298;9812;40926;173;43710;6098283;6690706;10184604;33036;11293594
FR;2;2022-02-09;1160;8813;37033;174;40452;6099443;6699519;10221637;33210;11334046
FR;2;2022-02-10;1023;7985;33833;204;36500;6100466;6707504;10255470;33414;11370546
FR;2;2022-02-11;1388;12077;53338;222;57683;6101854;6719581;10308808;33636;11428229
FR;2;2022-02-12;749;6529;27985;83;30802;6102603;6726110;10336793;33719;11459031
FR;2;2022-02-13;200;1336;4833;20;5574;6102803;6727446;10341626;33739;11464605
FR;2;2022-02-14;834;6726;30263;89;33226;6103637;6734172;10371889;33828;11497831
FR;2;2022-02-15;771;6448;28044;141;29982;6104408;6740620;10399933;33969;11527813
FR;2;2022-02-16;656;5341;22049;123;23608;6105064;6745961;10421982;34092;11551421
FR;2;2022-02-17;515;3771;14144;98;14608;6105579;6749732;10436126;34190;11566029
FR;2;2022-02-18;721;5361;20429;134;21125;6106300;6755093;10456555;34324;11587154
FR;2;2022-02-19;430;3047;10527;66;11241;6106730;6758140;10467082;34390;11598395
FR;2;2022-02-20;101;512;1456;3;1604;6106831;6758652;10468538;34393;11599999
FR;2;2022-02-21;421;2682;9117;65;9493;6107252;6761334;10477655;34458;11609492
FR;2;2022-02-22;389;2565;8887;76;8791;6107641;6763899;10486542;34534;11618283
FR;2;2022-02-23;432;2600;8985;82;9264;6108073;6766499;10495527;34616;11627547
FR;2;2022-02-24;314;2028;6796;81;6824;6108387;6768527;10502323;34697;11634371
FR;2;2022-02-25;455;3194;11414;108;11277;6108842;6771721;10513737;34805;11645648
FR;2;2022-02-26;294;1889;6035;49;6340;6109136;6773610;10519772;34854;11651988
FR;2;2022-02-27;75;312;905;5;948;6109211;6773922;10520677;34859;11652936
FR;2;2022-02-28;330;1680;5522;53;5529;6109541;6775602;10526199;34912;11658465
FR;2;2022-03-01;274;1558;5474;44;5191;6109815;6777160;10531673;34956;11663656
FR;2;2022-03-02;296;1429;5242;45;5082;6110111;6778589;10536915;35001;11668738
FR;2;2022-03-03;225;1101;3703;42;3478;6110336;6779690;10540618;35043;11672216
FR;2;2022-03-04;240;1463;4852;73;4498;6110576;6781153;10545470;35116;11676714
FR;2;2022-03-05;172;903;2973;32;2716;6110748;6782056;10548443;35148;11679430
FR;2;2022-03-06;40;181;277;5;316;6110788;6782237;10548720;35153;11679746
FR;2;2022-03-07;155;652;1981;69;1772;6110943;6782889;10550701;35222;11681518
FR;2;2022-03-08;143;652;2270;51;1902;6111086;6783541;10552971;35273;11683420
FR;2;2022-03-09;152;695;2341;37;2042;6111238;6784236;10555312;35310;11685462
FR;2;2022-03-10;119;595;1686;35;1458;6111357;6784831;10556998;35345;11686920
FR;2;2022-03-11;169;753;2767;57;2366;6111526;6785584;10559765;35402;11689286
FR;2;2022-03-12;144;480;1784;27;1553;6111670;6786064;10561549;35429;11690839
FR;2;2022-03-13;25;75;201;29;202;6111695;6786139;10561750;35458;11691041
FR;2;2022-03-14;124;464;1560;529;1289;6111819;6786603;10563310;35987;11692330
FR;2;2022-03-15;138;417;1705;688;1321;6111957;6787020;10565015;36675;11693651
FR;2;2022-03-16;141;463;2010;1611;1588;6112098;6787483;10567025;38286;11695239
FR;2;2022-03-17;93;412;1405;1192;1142;6112191;6787895;10568430;39478;11696381
FR;2;2022-03-18;144;489;2017;1787;1659;6112335;6788384;10570447;41265;11698040
FR;2;2022-03-19;108;318;1209;940;1013;6112443;6788702;10571656;42205;11699053
FR;2;2022-03-20;12;76;190;59;166;6112455;6788778;10571846;42264;11699219
FR;2;2022-03-21;96;301;1209;1481;1073;6112551;6789079;10573055;43745;11700292
FR;2;2022-03-22;116;383;1528;1828;1290;6112667;6789462;10574583;45573;11701582
FR;2;2022-03-23;137;343;1666;3031;1456;6112804;6789805;10576249;48604;11703038
FR;2;2022-03-24;116;290;1180;1546;996;6112920;6790095;10577429;50150;11704034
FR;2;2022-03-25;119;360;1802;2449;1472;6113039;6790455;10579231;52599;11705506
FR;2;2022-03-26;76;246;1202;1220;952;6113115;6790701;10580433;53819;11706458
FR;2;2022-03-27;19;36;151;98;131;6113134;6790737;10580584;53917;11706589
FR;2;2022-03-28;93;285;1133;1588;992;6113227;6791022;10581717;55505;11707581
FR;2;2022-03-29;106;257;1324;2462;1104;6113333;6791279;10583041;57967;11708685
FR;2;2022-03-30;91;312;1482;3183;1315;6113424;6791591;10584523;61150;11710000
FR;2;2022-03-31;103;279;1268;2312;1082;6113527;6791870;10585791;63462;11711082
FR;2;2022-04-01;119;314;1562;2340;1313;6113646;6792184;10587353;65802;11712395
FR;2;2022-04-02;72;160;845;889;737;6113718;6792344;10588198;66691;11713132
FR;2;2022-04-03;16;53;128;112;142;6113734;6792397;10588326;66803;11713274
FR;2;2022-04-04;106;225;982;1434;789;6113840;6792622;10589308;68237;11714063
FR;2;2022-04-05;142;286;1307;2870;1135;6113982;6792908;10590615;71107;11715198
FR;2;2022-04-06;87;242;1303;2498;1113;6114069;6793150;10591918;73605;11716311
FR;2;2022-04-07;118;214;1295;2681;1034;6114187;6793364;10593213;76286;11717345
FR;2;2022-04-08;123;327;1622;3207;1319;6114310;6793691;10594835;79493;11718664
FR;2;2022-04-09;90;218;896;1045;731;6114400;6793909;10595731;80538;11719395
FR;2;2022-04-10;37;45;143;161;117;6114437;6793954;10595874;80699;11719512
FR;2;2022-04-11;85;184;878;1518;769;6114522;6794138;10596752;82217;11720281
FR;2;2022-04-12;176;260;1170;2724;1043;6114698;6794398;10597922;84941;11721324
FR;2;2022-04-13;141;222;1114;2418;971;6114839;6794620;10599036;87359;11722295
FR;2;2022-04-14;114;216;1078;2653;907;6114953;6794836;10600114;90012;11723202
FR;2;2022-04-15;111;240;1186;2248;1043;6115064;6795076;10601300;92260;11724245
FR;2;2022-04-16;64;108;540;543;452;6115128;6795184;10601840;92803;11724697
FR;2;2022-04-17;14;26;57;53;53;6115142;6795210;10601897;92856;11724750
FR;2;2022-04-18;11;35;118;65;113;6115153;6795245;10602015;92921;11724863
FR;2;2022-04-19;108;235;1114;1702;945;6115261;6795480;10603129;94623;11725808
FR;2;2022-04-20;94;237;1090;2099;918;6115355;6795717;10604219;96722;11726726
FR;2;2022-04-21;109;228;972;1822;829;6115464;6795945;10605191;98544;11727555
FR;2;2022-04-22;97;265;1236;2080;1017;6115561;6796210;10606427;100624;11728572
FR;2;2022-04-23;66;154;644;762;573;6115627;6796364;10607071;101386;11729145
FR;2;2022-04-24;10;28;100;68;78;6115637;6796392;10607171;101454;11729223
FR;2;2022-04-25;102;200;815;1312;705;6115739;6796592;10607986;102766;11729928
FR;2;2022-04-26;104;182;1029;1901;869;6115843;6796774;10609015;104667;11730797
FR;2;2022-04-27;93;175;852;1665;757;6115936;6796949;10609867;106332;11731554
FR;2;2022-04-28;90;208;942;1891;836;6116026;6797157;10610809;108223;11732390
FR;2;2022-04-29;75;277;1120;1685;1030;6116101;6797434;10611929;109908;11733420
FR;2;2022-04-30;65;124;463;534;422;6116166;6797558;10612392;110442;11733842
FR;2;2022-05-01;14;22;79;42;80;6116180;6797580;10612471;110484;11733922
FR;2;2022-05-02;111;207;730;1201;629;6116291;6797787;10613201;111685;11734551
FR;2;2022-05-03;145;221;976;1728;914;6116436;6798008;10614177;113413;11735465
FR;2;2022-05-04;85;217;899;1758;845;6116521;6798225;10615076;115171;11736310
FR;2;2022-05-05;119;189;831;1653;740;6116640;6798414;10615907;116824;11737050
FR;2;2022-05-06;125;232;1083;1844;997;6116765;6798646;10616990;118668;11738047
FR;2;2022-05-07;39;95;462;502;399;6116804;6798741;10617452;119170;11738446
FR;2;2022-05-08;42;46;103;70;91;6116846;6798787;10617555;119240;11738537
FR;2;2022-05-09;100;162;631;960;580;6116946;6798949;10618186;120200;11739117
FR;2;2022-05-10;110;231;877;1735;834;6117056;6799180;10619063;121935;11739951
FR;2;2022-05-11;95;160;777;1824;759;6117151;6799340;10619840;123759;11740710
FR;2;2022-05-12;106;165;820;2054;782;6117257;6799505;10620660;125813;11741492
FR;2;2022-05-13;93;225;939;1938;876;6117350;6799730;10621599;127751;11742368
FR;2;2022-05-14;75;116;427;549;387;6117425;6799846;10622026;128300;11742755
FR;2;2022-05-15;23;34;89;86;100;6117448;6799880;10622115;128386;11742855
FR;2;2022-05-16;101;157;547;903;488;6117549;6800037;10622662;129289;11743343
FR;2;2022-05-17;94;176;643;1654;613;6117643;6800213;10623305;130943;11743956
FR;2;2022-05-18;80;167;588;1328;574;6117723;6800380;10623893;132271;11744530
FR;2;2022-05-19;68;149;670;1653;626;6117791;6800529;10624563;133924;11745156
FR;2;2022-05-20;96;157;793;1607;693;6117887;6800686;10625356;135531;11745849
FR;2;2022-05-21;43;82;368;497;306;6117930;6800768;10625724;136028;11746155
FR;2;2022-05-22;8;21;63;35;54;6117938;6800789;10625787;136063;11746209
FR;2;2022-05-23;77;121;417;871;412;6118015;6800910;10626204;136934;11746621
FR;2;2022-05-24;73;151;559;1350;542;6118088;6801061;10626763;138284;11747163
FR;3;2020-12-27;0;0;0;0;0;0;0;0;0;0
FR;3;2020-12-28;0;0;0;0;0;0;0;0;0;0
FR;3;2020-12-29;0;0;0;0;0;0;0;0;0;0
FR;3;2020-12-30;0;0;0;0;0;0;0;0;0;0
FR;3;2020-12-31;0;0;0;0;0;0;0;0;0;0
FR;3;2021-01-01;0;0;0;0;0;0;0;0;0;0
FR;3;2021-01-02;0;0;0;0;0;0;0;0;0;0
FR;3;2021-01-03;0;0;0;0;0;0;0;0;0;0
FR;3;2021-01-04;0;0;0;0;0;0;0;0;0;0
FR;3;2021-01-05;0;0;0;0;0;0;0;0;0;0
FR;3;2021-01-06;0;0;0;0;0;0;0;0;0;0
FR;3;2021-01-07;0;0;0;0;0;0;0;0;0;0
FR;3;2021-01-08;0;0;0;0;0;0;0;0;0;0
FR;3;2021-01-09;0;0;0;0;0;0;0;0;0;0
FR;3;2021-01-10;0;0;0;0;0;0;0;0;0;0
FR;3;2021-01-11;0;0;0;0;0;0;0;0;0;0
FR;3;2021-01-12;0;0;0;0;0;0;0;0;0;0
FR;3;2021-01-13;0;0;0;0;0;0;0;0;0;0
FR;3;2021-01-14;0;0;0;0;0;0;0;0;0;0
FR;3;2021-01-15;0;0;0;0;0;0;0;0;0;0
FR;3;2021-01-16;0;0;0;0;0;0;0;0;0;0
FR;3;2021-01-17;0;0;0;0;0;0;0;0;0;0
FR;3;2021-01-18;0;0;0;0;0;0;0;0;0;0
FR;3;2021-01-19;0;0;0;0;0;0;0;0;0;0
FR;3;2021-01-20;0;0;0;0;0;0;0;0;0;0
FR;3;2021-01-21;0;0;0;0;0;0;0;0;0;0
FR;3;2021-01-22;0;0;0;0;0;0;0;0;0;0
FR;3;2021-01-23;0;0;0;0;0;0;0;0;0;0
FR;3;2021-01-24;0;0;0;0;0;0;0;0;0;0
FR;3;2021-01-25;0;0;0;0;0;0;0;0;0;0
FR;3;2021-01-26;0;0;0;0;0;0;0;0;0;0
FR;3;2021-01-27;0;0;0;0;0;0;0;0;0;0
FR;3;2021-01-28;0;0;0;0;0;0;0;0;0;0
FR;3;2021-01-29;0;0;0;0;0;0;0;0;0;0
FR;3;2021-01-30;0;0;0;0;0;0;0;0;0;0
FR;3;2021-01-31;0;0;0;0;0;0;0;0;0;0
FR;3;2021-02-01;0;0;0;0;0;0;0;0;0;0
FR;3;2021-02-02;0;0;0;0;0;0;0;0;0;0
FR;3;2021-02-03;0;0;0;0;0;0;0;0;0;0
FR;3;2021-02-04;0;0;0;0;0;0;0;0;0;0
FR;3;2021-02-05;0;0;0;0;0;0;0;0;0;0
FR;3;2021-02-06;1665;0;0;0;0;1665;0;0;0;0
FR;3;2021-02-07;1423;0;0;0;0;3088;0;0;0;0
FR;3;2021-02-08;2782;1;0;0;0;5870;1;0;0;0
FR;3;2021-02-09;6782;0;0;0;0;12652;1;0;0;0
FR;3;2021-02-10;9603;0;0;0;0;22255;1;0;0;0
FR;3;2021-02-11;13611;0;0;0;0;35866;1;0;0;0
FR;3;2021-02-12;13397;0;0;0;0;49263;1;0;0;0
FR;3;2021-02-13;3783;1;0;0;0;53046;2;0;0;0
FR;3;2021-02-14;972;0;0;0;0;54018;2;0;0;0
FR;3;2021-02-15;10486;0;0;0;0;64504;2;0;0;0
FR;3;2021-02-16;12542;1;0;0;0;77046;3;0;0;0
FR;3;2021-02-17;11151;0;0;0;0;88197;3;0;0;0
FR;3;2021-02-18;14934;2;0;0;0;103131;5;0;0;0
FR;3;2021-02-19;14359;1;0;0;0;117490;6;0;0;0
FR;3;2021-02-20;3329;0;0;0;0;120819;6;0;0;0
FR;3;2021-02-21;618;0;0;0;0;121437;6;0;0;0
FR;3;2021-02-22;9162;0;0;0;0;130599;6;0;0;0
FR;3;2021-02-23;11394;1;0;0;0;141993;7;0;0;0
FR;3;2021-02-24;14299;0;0;0;0;156292;7;0;0;0
FR;3;2021-02-25;44929;1;0;0;0;201221;8;0;0;0
FR;3;2021-02-26;61882;3;0;0;0;263103;11;0;0;0
FR;3;2021-02-27;34801;5;0;0;0;297904;16;0;0;0
FR;3;2021-02-28;2463;0;0;0;0;300367;16;0;0;0
FR;3;2021-03-01;20510;10;0;0;0;320877;26;0;0;0
FR;3;2021-03-02;38862;18;0;0;0;359739;44;0;0;0
FR;3;2021-03-03;48729;16;0;0;0;408468;60;0;0;0
FR;3;2021-03-04;82217;20;0;0;0;490685;80;0;0;0
FR;3;2021-03-05;118123;40;0;0;0;608808;120;0;0;0
FR;3;2021-03-06;120709;55;1;0;0;729517;175;1;0;0
FR;3;2021-03-07;55176;27;0;0;0;784693;202;1;0;0
FR;3;2021-03-08;42807;24;0;0;0;827500;226;1;0;0
FR;3;2021-03-09;78965;43;0;0;0;906465;269;1;0;0
FR;3;2021-03-10;80966;47;0;0;0;987431;316;1;0;0
FR;3;2021-03-11;128420;55;0;0;0;1115851;371;1;0;0
FR;3;2021-03-12;182721;90;0;0;0;1298572;461;1;0;0
FR;3;2021-03-13;132144;63;0;0;0;1430716;524;1;0;0
FR;3;2021-03-14;14054;4;0;0;0;1444770;528;1;0;0
FR;3;2021-03-15;52223;47;0;0;0;1496993;575;1;0;0
FR;3;2021-03-16;1209;24;0;0;0;1498202;599;1;0;0
FR;3;2021-03-17;942;30;0;0;0;1499144;629;1;0;0
FR;3;2021-03-18;1564;12;0;0;0;1500708;641;1;0;0
FR;3;2021-03-19;70448;48;0;0;0;1571156;689;1;0;0
FR;3;2021-03-20;65226;44;0;0;0;1636382;733;1;0;0
FR;3;2021-03-21;5755;6;0;0;0;1642137;739;1;0;0
FR;3;2021-03-22;37495;38;0;0;0;1679632;777;1;0;0
FR;3;2021-03-23;84650;61;0;0;0;1764282;838;1;0;0
FR;3;2021-03-24;90935;93;0;0;0;1855217;931;1;0;0
FR;3;2021-03-25;150043;126;0;0;0;2005260;1057;1;0;0
FR;3;2021-03-26;165412;152;0;0;0;2170672;1209;1;0;0
FR;3;2021-03-27;68456;99;0;0;0;2239128;1308;1;0;0
FR;3;2021-03-28;6469;19;0;0;0;2245597;1327;1;0;0
FR;3;2021-03-29;54159;76;0;0;0;2299756;1403;1;0;0
FR;3;2021-03-30;93159;100;0;0;0;2392915;1503;1;0;0
FR;3;2021-03-31;63522;97;0;0;0;2456437;1600;1;0;0
FR;3;2021-04-01;86121;106;0;0;0;2542558;1706;1;0;0
FR;3;2021-04-02;86891;153;0;0;0;2629449;1859;1;0;0
FR;3;2021-04-03;35872;115;0;0;0;2665321;1974;1;0;0
FR;3;2021-04-04;3570;18;0;0;0;2668891;1992;1;0;0
FR;3;2021-04-05;4487;28;0;0;0;2673378;2020;1;0;0
FR;3;2021-04-06;29742;83;0;0;0;2703120;2103;1;0;0
FR;3;2021-04-07;32334;79;0;0;0;2735454;2182;1;0;0
FR;3;2021-04-08;78808;243;0;0;0;2814262;2425;1;0;0
FR;3;2021-04-09;161746;415;0;0;0;2976008;2840;1;0;0
FR;3;2021-04-10;75755;331;0;0;0;3051763;3171;1;0;0
FR;3;2021-04-11;7309;45;0;0;0;3059072;3216;1;0;0
FR;3;2021-04-12;51467;206;0;0;0;3110539;3422;1;0;0
FR;3;2021-04-13;86218;318;0;0;0;3196757;3740;1;0;0
FR;3;2021-04-14;67834;341;0;0;0;3264591;4081;1;0;0
FR;3;2021-04-15;93219;371;0;0;0;3357810;4452;1;0;0
FR;3;2021-04-16;112516;582;0;0;0;3470326;5034;1;0;0
FR;3;2021-04-17;53311;324;1;0;0;3523637;5358;2;0;0
FR;3;2021-04-18;9741;35;0;0;0;3533378;5393;2;0;0
FR;3;2021-04-19;25103;240;0;0;0;3558481;5633;2;0;0
FR;3;2021-04-20;45670;398;0;0;0;3604151;6031;2;0;0
FR;3;2021-04-21;38967;466;0;0;0;3643118;6497;2;0;0
FR;3;2021-04-22;54701;786;0;0;0;3697819;7283;2;0;0
FR;3;2021-04-23;70482;1021;0;0;0;3768301;8304;2;0;0
FR;3;2021-04-24;37240;998;0;0;0;3805541;9302;2;0;0
FR;3;2021-04-25;6204;156;0;0;0;3811745;9458;2;0;0
FR;3;2021-04-26;19781;652;0;0;0;3831526;10110;2;0;0
FR;3;2021-04-27;34470;1260;0;0;0;3865996;11370;2;0;0
FR;3;2021-04-28;28965;1942;0;0;0;3894961;13312;2;0;0
FR;3;2021-04-29;45376;5960;0;0;0;3940337;19272;2;0;0
FR;3;2021-04-30;55451;8934;1;0;0;3995788;28206;3;0;0
FR;3;2021-05-01;9510;1977;0;0;0;4005298;30183;3;0;0
FR;3;2021-05-02;3070;488;0;0;0;4008368;30671;3;0;0
FR;3;2021-05-03;13057;3887;0;0;0;4021425;34558;3;0;0
FR;3;2021-05-04;23109;8412;0;0;0;4044534;42970;3;0;0
FR;3;2021-05-05;18753;10617;0;0;0;4063287;53587;3;0;0
FR;3;2021-05-06;34618;20912;0;0;0;4097905;74499;3;0;0
FR;3;2021-05-07;44202;28448;0;0;0;4142107;102947;3;0;0
FR;3;2021-05-08;6784;8934;0;0;0;4148891;111881;3;0;0
FR;3;2021-05-09;1792;2660;0;0;0;4150683;114541;3;0;0
FR;3;2021-05-10;14989;12604;0;0;0;4165672;127145;3;0;0
FR;3;2021-05-11;27092;25793;0;0;0;4192764;152938;3;0;0
FR;3;2021-05-12;17266;27514;0;0;0;4210030;180452;3;0;0
FR;3;2021-05-13;2277;3472;0;0;0;4212307;183924;3;0;0
FR;3;2021-05-14;14513;25763;0;0;0;4226820;209687;3;0;0
FR;3;2021-05-15;7230;20794;0;0;0;4234050;230481;3;0;0
FR;3;2021-05-16;975;2674;0;0;0;4235025;233155;3;0;0
FR;3;2021-05-17;7960;19942;0;0;0;4242985;253097;3;0;0
FR;3;2021-05-18;13409;29658;0;0;0;4256394;282755;3;0;0
FR;3;2021-05-19;9262;31544;0;0;0;4265656;314299;3;0;0
FR;3;2021-05-20;12801;53234;3;0;0;4278457;367533;6;0;0
FR;3;2021-05-21;12759;65541;2;0;0;4291216;433074;8;0;0
FR;3;2021-05-22;4960;33319;1;0;0;4296176;466393;9;0;0
FR;3;2021-05-23;649;2668;0;0;0;4296825;469061;9;0;0
FR;3;2021-05-24;879;4919;0;0;0;4297704;473980;9;0;0
FR;3;2021-05-25;5297;45235;1;0;0;4303001;519215;10;0;0
FR;3;2021-05-26;4970;51099;1;0;0;4307971;570314;11;0;0
FR;3;2021-05-27;6325;77882;3;0;0;4314296;648196;14;0;0
FR;3;2021-05-28;7540;99110;2;0;0;4321836;747306;16;0;0
FR;3;2021-05-29;3345;60317;1;0;0;4325181;807623;17;0;0
FR;3;2021-05-30;545;8217;0;0;0;4325726;815840;17;0;0
FR;3;2021-05-31;2435;35887;3;0;0;4328161;851727;20;0;0
FR;3;2021-06-01;3400;64748;10;0;0;4331561;916475;30;0;0
FR;3;2021-06-02;2726;58322;6;0;0;4334287;974797;36;0;0
FR;3;2021-06-03;3491;87494;10;0;0;4337778;1062291;46;0;0
FR;3;2021-06-04;4110;105091;22;0;0;4341888;1167382;68;0;0
FR;3;2021-06-05;1978;52236;4;0;0;4343866;1219618;72;0;0
FR;3;2021-06-06;505;5391;1;0;0;4344371;1225009;73;0;0
FR;3;2021-06-07;1469;31080;11;0;0;4345840;1256089;84;0;0
FR;3;2021-06-08;2047;47237;18;0;0;4347887;1303326;102;0;0
FR;3;2021-06-09;1788;42309;13;0;0;4349675;1345635;115;0;0
FR;3;2021-06-10;2242;67879;17;0;0;4351917;1413514;132;0;0
FR;3;2021-06-11;2471;96694;34;0;0;4354388;1510208;166;0;0
FR;3;2021-06-12;1174;40827;6;0;0;4355562;1551035;172;0;0
FR;3;2021-06-13;278;3805;3;0;0;4355840;1554840;175;0;0
FR;3;2021-06-14;1038;42599;17;0;0;4356878;1597439;192;0;0
FR;3;2021-06-15;1364;80604;20;0;0;4358242;1678043;212;0;0
FR;3;2021-06-16;1255;65689;19;0;0;4359497;1743732;231;0;0
FR;3;2021-06-17;1659;101806;41;0;0;4361156;1845538;272;0;0
FR;3;2021-06-18;1868;117926;61;0;0;4363024;1963464;333;0;0
FR;3;2021-06-19;801;39386;22;0;0;4363825;2002850;355;0;0
FR;3;2021-06-20;158;3372;0;0;0;4363983;2006222;355;0;0
FR;3;2021-06-21;768;39242;16;0;0;4364751;2045464;371;0;0
FR;3;2021-06-22;1060;69943;52;0;0;4365811;2115407;423;0;0
FR;3;2021-06-23;942;50820;39;0;0;4366753;2166227;462;0;0
FR;3;2021-06-24;1305;77149;48;0;0;4368058;2243376;510;0;0
FR;3;2021-06-25;1399;89976;73;0;0;4369457;2333352;583;0;0
FR;3;2021-06-26;625;33118;29;0;0;4370082;2366470;612;0;0
FR;3;2021-06-27;165;3988;1;0;0;4370247;2370458;613;0;0
FR;3;2021-06-28;648;30403;27;0;0;4370895;2400861;640;0;0
FR;3;2021-06-29;853;56170;95;0;0;4371748;2457031;735;0;0
FR;3;2021-06-30;901;45077;93;0;0;4372649;2502108;828;0;0
FR;3;2021-07-01;1160;65678;108;0;0;4373809;2567786;936;0;0
FR;3;2021-07-02;1299;90363;170;0;0;4375108;2658149;1106;0;0
FR;3;2021-07-03;600;31184;52;0;0;4375708;2689333;1158;0;0
FR;3;2021-07-04;141;4256;3;0;0;4375849;2693589;1161;0;0
FR;3;2021-07-05;608;33898;60;0;0;4376457;2727487;1221;0;0
FR;3;2021-07-06;956;56048;88;0;0;4377413;2783535;1309;0;0
FR;3;2021-07-07;870;43031;79;0;0;4378283;2826566;1388;0;0
FR;3;2021-07-08;1123;60727;99;0;0;4379406;2887293;1487;0;0
FR;3;2021-07-09;1258;68810;128;0;0;4380664;2956103;1615;0;0
FR;3;2021-07-10;640;25063;59;0;0;4381304;2981166;1674;0;0
FR;3;2021-07-11;127;3288;4;0;0;4381431;2984454;1678;0;0
FR;3;2021-07-12;659;23876;59;0;0;4382090;3008330;1737;0;0
FR;3;2021-07-13;1645;34725;90;0;0;4383735;3043055;1827;0;0
FR;3;2021-07-14;261;2624;2;0;0;4383996;3045679;1829;0;0
FR;3;2021-07-15;1933;30656;85;0;0;4385929;3076335;1914;0;0
FR;3;2021-07-16;2520;38859;122;0;0;4388449;3115194;2036;0;0
FR;3;2021-07-17;1046;13749;26;0;0;4389495;3128943;2062;0;0
FR;3;2021-07-18;262;2605;3;0;0;4389757;3131548;2065;0;0
FR;3;2021-07-19;1273;17190;37;0;0;4391030;3148738;2102;0;0
FR;3;2021-07-20;1823;27128;98;0;0;4392853;3175866;2200;0;0
FR;3;2021-07-21;1647;19708;44;0;0;4394500;3195574;2244;0;0
FR;3;2021-07-22;1848;27745;82;0;0;4396348;3223319;2326;0;0
FR;3;2021-07-23;2212;30447;117;0;0;4398560;3253766;2443;0;0
FR;3;2021-07-24;822;7005;25;0;0;4399382;3260771;2468;0;0
FR;3;2021-07-25;210;1339;1;0;0;4399592;3262110;2469;0;0
FR;3;2021-07-26;921;10701;28;0;0;4400513;3272811;2497;0;0
FR;3;2021-07-27;1165;16943;56;0;0;4401678;3289754;2553;0;0
FR;3;2021-07-28;988;12097;40;0;0;4402666;3301851;2593;0;0
FR;3;2021-07-29;1126;15841;63;0;0;4403792;3317692;2656;0;0
FR;3;2021-07-30;1126;18095;79;0;0;4404918;3335787;2735;0;0
FR;3;2021-07-31;406;3746;15;0;0;4405324;3339533;2750;0;0
FR;3;2021-08-01;113;486;1;0;0;4405437;3340019;2751;0;0
FR;3;2021-08-02;419;5154;22;0;0;4405856;3345173;2773;0;0
FR;3;2021-08-03;488;7585;27;0;0;4406344;3352758;2800;0;0
FR;3;2021-08-04;435;4885;26;0;0;4406779;3357643;2826;0;0
FR;3;2021-08-05;428;3738;12;0;0;4407207;3361381;2838;0;0
FR;3;2021-08-06;452;4789;30;0;0;4407659;3366170;2868;0;0
FR;3;2021-08-07;214;1922;11;0;0;4407873;3368092;2879;0;0
FR;3;2021-08-08;247;432;2;0;0;4408120;3368524;2881;0;0
FR;3;2021-08-09;313;2499;11;0;0;4408433;3371023;2892;0;0
FR;3;2021-08-10;363;3879;15;0;0;4408796;3374902;2907;0;0
FR;3;2021-08-11;285;2722;15;0;0;4409081;3377624;2922;0;0
FR;3;2021-08-12;276;2639;12;0;0;4409357;3380263;2934;0;0
FR;3;2021-08-13;277;2265;16;0;0;4409634;3382528;2950;0;0
FR;3;2021-08-14;169;916;1;0;0;4409803;3383444;2951;0;0
FR;3;2021-08-15;55;171;0;0;0;4409858;3383615;2951;0;0
FR;3;2021-08-16;123;1085;8;0;0;4409981;3384700;2959;0;0
FR;3;2021-08-17;186;1502;8;0;0;4410167;3386202;2967;0;0
FR;3;2021-08-18;200;1369;10;0;0;4410367;3387571;2977;0;0
FR;3;2021-08-19;165;1411;10;0;0;4410532;3388982;2987;0;0
FR;3;2021-08-20;166;1635;16;0;0;4410698;3390617;3003;0;0
FR;3;2021-08-21;93;587;2;0;0;4410791;3391204;3005;0;0
FR;3;2021-08-22;39;189;1;0;0;4410830;3391393;3006;0;0
FR;3;2021-08-23;140;929;7;0;0;4410970;3392322;3013;0;0
FR;3;2021-08-24;124;966;10;0;0;4411094;3393288;3023;0;0
FR;3;2021-08-25;136;843;2;0;0;4411230;3394131;3025;0;0
FR;3;2021-08-26;170;874;9;0;0;4411400;3395005;3034;0;0
FR;3;2021-08-27;172;964;9;0;0;4411572;3395969;3043;0;0
FR;3;2021-08-28;98;372;4;0;0;4411670;3396341;3047;0;0
FR;3;2021-08-29;127;133;1;0;0;4411797;3396474;3048;0;0
FR;3;2021-08-30;98;599;0;0;135;4411895;3397073;3048;0;135
FR;3;2021-08-31;127;711;7;0;153;4412022;3397784;3055;0;288
FR;3;2021-09-01;113;480;5;0;124;4412135;3398264;3060;0;412
FR;3;2021-09-02;99;633;22;0;120;4412234;3398897;3082;0;532
FR;3;2021-09-03;115;586;17;0;128;4412349;3399483;3099;0;660
FR;3;2021-09-04;51;301;3;0;58;4412400;3399784;3102;0;718
FR;3;2021-09-05;51;68;5;0;28;4412451;3399852;3107;0;746
FR;3;2021-09-06;113;394;4;0;144;4412564;3400246;3111;0;890
FR;3;2021-09-07;123;473;14;0;128;4412687;3400719;3125;0;1018
FR;3;2021-09-08;115;371;2;0;103;4412802;3401090;3127;0;1121
FR;3;2021-09-09;92;397;8;0;114;4412894;3401487;3135;0;1235
FR;3;2021-09-10;100;422;3;0;104;4412994;3401909;3138;0;1339
FR;3;2021-09-11;74;239;4;0;66;4413068;3402148;3142;0;1405
FR;3;2021-09-12;36;48;1;0;17;4413104;3402196;3143;0;1422
FR;3;2021-09-13;70;320;7;0;109;4413174;3402516;3150;0;1531
FR;3;2021-09-14;70;293;6;0;107;4413244;3402809;3156;0;1638
FR;3;2021-09-15;59;263;3;0;6;4413303;3403072;3159;0;1644
FR;3;2021-09-16;59;339;5;0;5;4413362;3403411;3164;0;1649
FR;3;2021-09-17;51;348;3;0;7;4413413;3403759;3167;0;1656
FR;3;2021-09-18;36;172;1;0;1;4413449;3403931;3168;0;1657
FR;3;2021-09-19;27;32;2;0;1;4413476;3403963;3170;0;1658
FR;3;2021-09-20;79;211;0;0;1;4413555;3404174;3170;0;1659
FR;3;2021-09-21;58;288;6;0;7;4413613;3404462;3176;0;1666
FR;3;2021-09-22;63;228;6;0;7;4413676;3404690;3182;0;1673
FR;3;2021-09-23;36;274;11;0;7;4413712;3404964;3193;0;1680
FR;3;2021-09-24;25;323;12;0;19;4413737;3405287;3205;0;1699
FR;3;2021-09-25;29;152;3;0;3;4413766;3405439;3208;0;1702
FR;3;2021-09-26;15;55;1;0;1;4413781;3405494;3209;0;1703
FR;3;2021-09-27;39;290;3;0;5;4413820;3405784;3212;0;1708
FR;3;2021-09-28;49;256;6;0;10;4413869;3406040;3218;0;1718
FR;3;2021-09-29;34;223;10;0;13;4413903;3406263;3228;0;1731
FR;3;2021-09-30;38;199;8;0;10;4413941;3406462;3236;0;1741
FR;3;2021-10-01;17;169;6;0;7;4413958;3406631;3242;0;1748
FR;3;2021-10-02;14;91;0;0;0;4413972;3406722;3242;0;1748
FR;3;2021-10-03;18;20;1;0;2;4413990;3406742;3243;0;1750
FR;3;2021-10-04;30;161;4;0;4;4414020;3406903;3247;0;1754
FR;3;2021-10-05;16;153;10;0;13;4414036;3407056;3257;0;1767
FR;3;2021-10-06;31;157;7;0;8;4414067;3407213;3264;0;1775
FR;3;2021-10-07;18;142;6;0;6;4414085;3407355;3270;0;1781
FR;3;2021-10-08;22;145;10;0;9;4414107;3407500;3280;0;1790
FR;3;2021-10-09;12;73;1;0;1;4414119;3407573;3281;0;1791
FR;3;2021-10-10;11;16;2;0;2;4414130;3407589;3283;0;1793
FR;3;2021-10-11;14;123;4;0;5;4414144;3407712;3287;0;1798
FR;3;2021-10-12;17;116;5;0;5;4414161;3407828;3292;0;1803
FR;3;2021-10-13;23;120;7;0;5;4414184;3407948;3299;0;1808
FR;3;2021-10-14;16;160;3;0;4;4414200;3408108;3302;0;1812
FR;3;2021-10-15;21;157;8;0;11;4414221;3408265;3310;0;1823
FR;3;2021-10-16;11;79;6;0;8;4414232;3408344;3316;0;1831
FR;3;2021-10-17;10;24;0;0;0;4414242;3408368;3316;0;1831
FR;3;2021-10-18;17;128;2;0;1;4414259;3408496;3318;0;1832
FR;3;2021-10-19;16;125;19;0;21;4414275;3408621;3337;0;1853
FR;3;2021-10-20;21;131;5;0;6;4414296;3408752;3342;0;1859
FR;3;2021-10-21;24;137;17;0;13;4414320;3408889;3359;0;1872
FR;3;2021-10-22;18;128;16;0;20;4414338;3409017;3375;0;1892
FR;3;2021-10-23;12;57;2;0;1;4414350;3409074;3377;0;1893
FR;3;2021-10-24;7;31;0;0;0;4414357;3409105;3377;0;1893
FR;3;2021-10-25;22;150;7;0;7;4414379;3409255;3384;0;1900
FR;3;2021-10-26;18;113;22;0;19;4414397;3409368;3406;0;1919
FR;3;2021-10-27;15;117;9;0;9;4414412;3409485;3415;0;1928
FR;3;2021-10-28;20;126;33;0;36;4414432;3409611;3448;0;1964
FR;3;2021-10-29;10;123;64;0;54;4414442;3409734;3512;0;2018
FR;3;2021-10-30;8;66;11;1;10;4414450;3409800;3523;1;2028
FR;3;2021-10-31;5;22;1;0;1;4414455;3409822;3524;1;2029
FR;3;2021-11-01;7;22;2;0;1;4414462;3409844;3526;1;2030
FR;3;2021-11-02;9;107;8;0;10;4414471;3409951;3534;1;2040
FR;3;2021-11-03;19;119;10;0;10;4414490;3410070;3544;1;2050
FR;3;2021-11-04;18;97;4;0;3;4414508;3410167;3548;1;2053
FR;3;2021-11-05;17;142;8;1;5;4414525;3410309;3556;2;2058
FR;3;2021-11-06;6;67;3;0;3;4414531;3410376;3559;2;2061
FR;3;2021-11-07;6;21;1;0;1;4414537;3410397;3560;2;2062
FR;3;2021-11-08;11;140;7;0;5;4414548;3410537;3567;2;2067
FR;3;2021-11-09;12;151;5;0;5;4414560;3410688;3572;2;2072
FR;3;2021-11-10;12;180;13;0;14;4414572;3410868;3585;2;2086
FR;3;2021-11-11;8;51;3;0;3;4414580;3410919;3588;2;2089
FR;3;2021-11-12;10;155;6;0;4;4414590;3411074;3594;2;2093
FR;3;2021-11-13;7;77;8;0;10;4414597;3411151;3602;2;2103
FR;3;2021-11-14;2;21;0;0;0;4414599;3411172;3602;2;2103
FR;3;2021-11-15;4;190;10;0;10;4414603;3411362;3612;2;2113
FR;3;2021-11-16;2;166;11;0;10;4414605;3411528;3623;2;2123
FR;3;2021-11-17;5;180;10;0;7;4414610;3411708;3633;2;2130
FR;3;2021-11-18;13;178;10;0;11;4414623;3411886;3643;2;2141
FR;3;2021-11-19;8;228;22;0;27;4414631;3412114;3665;2;2168
FR;3;2021-11-20;6;117;5;0;5;4414637;3412231;3670;2;2173
FR;3;2021-11-21;3;26;3;0;3;4414640;3412257;3673;2;2176
FR;3;2021-11-22;10;236;10;0;10;4414650;3412493;3683;2;2186
FR;3;2021-11-23;6;232;15;0;14;4414656;3412725;3698;2;2200
FR;3;2021-11-24;5;240;9;0;17;4414661;3412965;3707;2;2217
FR;3;2021-11-25;9;284;11;0;10;4414670;3413249;3718;2;2227
FR;3;2021-11-26;5;368;35;0;32;4414675;3413617;3753;2;2259
FR;3;2021-11-27;8;173;20;0;21;4414683;3413790;3773;2;2280
FR;3;2021-11-28;3;65;7;0;7;4414686;3413855;3780;2;2287
FR;3;2021-11-29;4;323;19;0;20;4414690;3414178;3799;2;2307
FR;3;2021-11-30;5;416;26;0;29;4414695;3414594;3825;2;2336
FR;3;2021-12-01;18;462;32;0;33;4414713;3415056;3857;2;2369
FR;3;2021-12-02;9;496;33;0;36;4414722;3415552;3890;2;2405
FR;3;2021-12-03;3;565;37;0;38;4414725;3416117;3927;2;2443
FR;3;2021-12-04;3;280;26;0;28;4414728;3416397;3953;2;2471
FR;3;2021-12-05;1;81;5;0;5;4414729;3416478;3958;2;2476
FR;3;2021-12-06;5;507;14;0;16;4414734;3416985;3972;2;2492
FR;3;2021-12-07;4;609;20;0;24;4414738;3417594;3992;2;2516
FR;3;2021-12-08;4;536;29;0;30;4414742;3418130;4021;2;2546
FR;3;2021-12-09;3;587;17;0;22;4414745;3418717;4038;2;2568
FR;3;2021-12-10;9;623;29;0;25;4414754;3419340;4067;2;2593
FR;3;2021-12-11;4;385;10;0;9;4414758;3419725;4077;2;2602
FR;3;2021-12-12;1;121;3;0;3;4414759;3419846;4080;2;2605
FR;3;2021-12-13;2;599;19;0;21;4414761;3420445;4099;2;2626
FR;3;2021-12-14;7;753;18;0;21;4414768;3421198;4117;2;2647
FR;3;2021-12-15;9;720;17;0;21;4414777;3421918;4134;2;2668
FR;3;2021-12-16;9;724;19;0;18;4414786;3422642;4153;2;2686
FR;3;2021-12-17;4;792;18;0;19;4414790;3423434;4171;2;2705
FR;3;2021-12-18;4;413;4;0;5;4414794;3423847;4175;2;2710
FR;3;2021-12-19;3;207;2;0;2;4414797;3424054;4177;2;2712
FR;3;2021-12-20;8;719;23;0;28;4414805;3424773;4200;2;2740
FR;3;2021-12-21;3;808;10;0;13;4414808;3425581;4210;2;2753
FR;3;2021-12-22;6;755;9;0;10;4414814;3426336;4219;2;2763
FR;3;2021-12-23;1;647;9;0;8;4414815;3426983;4228;2;2771
FR;3;2021-12-24;2;271;3;0;6;4414817;3427254;4231;2;2777
FR;3;2021-12-25;0;25;0;0;0;4414817;3427279;4231;2;2777
FR;3;2021-12-26;0;95;1;0;1;4414817;3427374;4232;2;2778
FR;3;2021-12-27;7;541;17;0;19;4414824;3427915;4249;2;2797
FR;3;2021-12-28;1;690;6;0;5;4414825;3428605;4255;2;2802
FR;3;2021-12-29;4;574;14;0;16;4414829;3429179;4269;2;2818
FR;3;2021-12-30;1;599;7;0;10;4414830;3429778;4276;2;2828
FR;3;2021-12-31;0;204;5;0;6;4414830;3429982;4281;2;2834
FR;3;2022-01-01;0;27;0;0;2;4414830;3430009;4281;2;2836
FR;3;2022-01-02;0;82;0;0;0;4414830;3430091;4281;2;2836
FR;3;2022-01-03;3;564;17;0;20;4414833;3430655;4298;2;2856
FR;3;2022-01-04;6;623;9;0;8;4414839;3431278;4307;2;2864
FR;3;2022-01-05;4;552;10;0;14;4414843;3431830;4317;2;2878
FR;3;2022-01-06;5;547;9;0;12;4414848;3432377;4326;2;2890
FR;3;2022-01-07;2;574;11;0;14;4414850;3432951;4337;2;2904
FR;3;2022-01-08;2;283;4;0;5;4414852;3433234;4341;2;2909
FR;3;2022-01-09;0;118;0;0;0;4414852;3433352;4341;2;2909
FR;3;2022-01-10;2;479;12;0;12;4414854;3433831;4353;2;2921
FR;3;2022-01-11;2;531;1;0;1;4414856;3434362;4354;2;2922
FR;3;2022-01-12;2;445;9;0;10;4414858;3434807;4363;2;2932
FR;3;2022-01-13;3;423;11;0;12;4414861;3435230;4374;2;2944
FR;3;2022-01-14;3;474;10;0;13;4414864;3435704;4384;2;2957
FR;3;2022-01-15;0;298;2;0;3;4414864;3436002;4386;2;2960
FR;3;2022-01-16;0;116;1;0;1;4414864;3436118;4387;2;2961
FR;3;2022-01-17;2;349;8;0;10;4414866;3436467;4395;2;2971
FR;3;2022-01-18;2;413;1;0;2;4414868;3436880;4396;2;2973
FR;3;2022-01-19;1;349;5;0;10;4414869;3437229;4401;2;2983
FR;3;2022-01-20;1;379;5;0;3;4414870;3437608;4406;2;2986
FR;3;2022-01-21;3;373;5;0;7;4414873;3437981;4411;2;2993
FR;3;2022-01-22;2;231;1;0;2;4414875;3438212;4412;2;2995
FR;3;2022-01-23;0;82;0;0;1;4414875;3438294;4412;2;2996
FR;3;2022-01-24;2;348;1;0;6;4414877;3438642;4413;2;3002
FR;3;2022-01-25;0;192;0;0;0;4414877;3438834;4413;2;3002
FR;3;2022-01-26;0;88;0;0;0;4414877;3438922;4413;2;3002
FR;3;2022-01-27;0;58;0;0;0;4414877;3438980;4413;2;3002
FR;3;2022-01-28;0;133;0;0;0;4414877;3439113;4413;2;3002
FR;3;2022-01-29;0;110;0;0;0;4414877;3439223;4413;2;3002
FR;3;2022-01-30;0;51;0;0;0;4414877;3439274;4413;2;3002
FR;3;2022-01-31;0;97;0;0;0;4414877;3439371;4413;2;3002
FR;3;2022-02-01;0;108;0;0;1;4414877;3439479;4413;2;3003
FR;3;2022-02-02;0;95;0;0;0;4414877;3439574;4413;2;3003
FR;3;2022-02-03;0;101;0;0;0;4414877;3439675;4413;2;3003
FR;3;2022-02-04;0;124;0;0;0;4414877;3439799;4413;2;3003
FR;3;2022-02-05;0;73;0;0;0;4414877;3439872;4413;2;3003
FR;3;2022-02-06;0;11;0;0;0;4414877;3439883;4413;2;3003
FR;3;2022-02-07;0;89;0;0;1;4414877;3439972;4413;2;3004
FR;3;2022-02-08;0;0;0;0;0;4414877;3439972;4413;2;3004
FR;3;2022-02-09;0;0;0;0;0;4414877;3439972;4413;2;3004
FR;3;2022-02-10;0;0;0;0;0;4414877;3439972;4413;2;3004
FR;3;2022-02-11;0;0;0;0;0;4414877;3439972;4413;2;3004
FR;3;2022-02-12;0;0;0;0;0;4414877;3439972;4413;2;3004
FR;3;2022-02-13;0;0;0;0;0;4414877;3439972;4413;2;3004
FR;3;2022-02-14;0;0;0;0;0;4414877;3439972;4413;2;3004
FR;3;2022-02-15;0;0;0;0;0;4414877;3439972;4413;2;3004
FR;3;2022-02-16;0;0;0;0;0;4414877;3439972;4413;2;3004
FR;3;2022-02-17;0;0;0;0;0;4414877;3439972;4413;2;3004
FR;3;2022-02-18;0;0;0;0;0;4414877;3439972;4413;2;3004
FR;3;2022-02-19;0;0;0;0;0;4414877;3439972;4413;2;3004
FR;3;2022-02-20;0;0;0;0;0;4414877;3439972;4413;2;3004
FR;3;2022-02-21;2;0;0;0;0;4414879;3439972;4413;2;3004
FR;3;2022-02-22;0;0;0;0;0;4414879;3439972;4413;2;3004
FR;3;2022-02-23;0;0;0;0;0;4414879;3439972;4413;2;3004
FR;3;2022-02-24;0;0;0;0;0;4414879;3439972;4413;2;3004
FR;3;2022-02-25;0;0;0;0;0;4414879;3439972;4413;2;3004
FR;3;2022-02-26;0;0;0;0;0;4414879;3439972;4413;2;3004
FR;3;2022-02-27;0;0;0;0;0;4414879;3439972;4413;2;3004
FR;3;2022-02-28;1;0;0;0;0;4414880;3439972;4413;2;3004
FR;3;2022-03-01;1;0;0;0;0;4414881;3439972;4413;2;3004
FR;3;2022-03-02;0;0;0;0;0;4414881;3439972;4413;2;3004
FR;3;2022-03-03;0;0;0;0;0;4414881;3439972;4413;2;3004
FR;3;2022-03-04;0;0;0;0;0;4414881;3439972;4413;2;3004
FR;3;2022-03-05;0;0;0;0;0;4414881;3439972;4413;2;3004
FR;3;2022-03-06;1;0;0;0;0;4414882;3439972;4413;2;3004
FR;3;2022-03-07;0;0;0;0;0;4414882;3439972;4413;2;3004
FR;3;2022-03-08;1;0;0;0;0;4414883;3439972;4413;2;3004
FR;3;2022-03-09;0;0;0;0;0;4414883;3439972;4413;2;3004
FR;3;2022-03-10;0;0;0;0;0;4414883;3439972;4413;2;3004
FR;3;2022-03-11;0;0;0;0;0;4414883;3439972;4413;2;3004
FR;3;2022-03-12;0;0;0;0;0;4414883;3439972;4413;2;3004
FR;3;2022-03-13;0;0;0;0;0;4414883;3439972;4413;2;3004
FR;3;2022-03-14;0;0;0;0;0;4414883;3439972;4413;2;3004
FR;3;2022-03-15;0;0;0;0;0;4414883;3439972;4413;2;3004
FR;3;2022-03-16;0;0;0;0;0;4414883;3439972;4413;2;3004
FR;3;2022-03-17;0;0;0;0;0;4414883;3439972;4413;2;3004
FR;3;2022-03-18;0;0;0;0;0;4414883;3439972;4413;2;3004
FR;3;2022-03-19;0;0;0;0;0;4414883;3439972;4413;2;3004
FR;3;2022-03-20;1;0;0;0;0;4414884;3439972;4413;2;3004
FR;3;2022-03-21;0;0;0;0;0;4414884;3439972;4413;2;3004
FR;3;2022-03-22;0;0;0;0;0;4414884;3439972;4413;2;3004
FR;3;2022-03-23;1;0;0;0;0;4414885;3439972;4413;2;3004
FR;3;2022-03-24;0;0;0;0;0;4414885;3439972;4413;2;3004
FR;3;2022-03-25;1;0;0;0;0;4414886;3439972;4413;2;3004
FR;3;2022-03-26;0;0;0;0;0;4414886;3439972;4413;2;3004
FR;3;2022-03-27;0;0;0;0;0;4414886;3439972;4413;2;3004
FR;3;2022-03-28;0;0;0;0;0;4414886;3439972;4413;2;3004
FR;3;2022-03-29;0;0;0;0;0;4414886;3439972;4413;2;3004
FR;3;2022-03-30;0;0;0;0;0;4414886;3439972;4413;2;3004
FR;3;2022-03-31;0;0;0;0;0;4414886;3439972;4413;2;3004
FR;3;2022-04-01;0;0;0;0;0;4414886;3439972;4413;2;3004
FR;3;2022-04-02;0;0;0;0;0;4414886;3439972;4413;2;3004
FR;3;2022-04-03;0;0;0;0;0;4414886;3439972;4413;2;3004
FR;3;2022-04-04;0;0;0;0;0;4414886;3439972;4413;2;3004
FR;3;2022-04-05;0;0;0;0;0;4414886;3439972;4413;2;3004
FR;3;2022-04-06;0;0;0;0;0;4414886;3439972;4413;2;3004
FR;3;2022-04-07;0;0;0;0;0;4414886;3439972;4413;2;3004
FR;3;2022-04-08;0;0;0;0;0;4414886;3439972;4413;2;3004
FR;3;2022-04-09;0;0;0;0;0;4414886;3439972;4413;2;3004
FR;3;2022-04-10;0;0;0;0;0;4414886;3439972;4413;2;3004
FR;3;2022-04-11;0;0;0;0;0;4414886;3439972;4413;2;3004
FR;3;2022-04-12;0;0;0;0;0;4414886;3439972;4413;2;3004
FR;3;2022-04-13;0;0;0;0;0;4414886;3439972;4413;2;3004
FR;3;2022-04-14;0;0;0;0;0;4414886;3439972;4413;2;3004
FR;3;2022-04-15;1;0;0;0;0;4414887;3439972;4413;2;3004
FR;3;2022-04-16;0;0;0;0;0;4414887;3439972;4413;2;3004
FR;3;2022-04-17;0;0;0;0;0;4414887;3439972;4413;2;3004
FR;3;2022-04-18;0;0;0;0;0;4414887;3439972;4413;2;3004
FR;3;2022-04-19;0;0;0;0;0;4414887;3439972;4413;2;3004
FR;3;2022-04-20;0;0;0;0;0;4414887;3439972;4413;2;3004
FR;3;2022-04-21;0;0;0;0;0;4414887;3439972;4413;2;3004
FR;3;2022-04-22;0;0;0;0;0;4414887;3439972;4413;2;3004
FR;3;2022-04-23;0;0;0;0;0;4414887;3439972;4413;2;3004
FR;3;2022-04-24;0;0;0;0;0;4414887;3439972;4413;2;3004
FR;3;2022-04-25;0;0;0;0;0;4414887;3439972;4413;2;3004
FR;3;2022-04-26;0;0;0;0;0;4414887;3439972;4413;2;3004
FR;3;2022-04-27;0;0;0;0;0;4414887;3439972;4413;2;3004
FR;3;2022-04-28;0;0;0;0;0;4414887;3439972;4413;2;3004
FR;3;2022-04-29;0;0;0;0;0;4414887;3439972;4413;2;3004
FR;3;2022-04-30;0;0;0;0;0;4414887;3439972;4413;2;3004
FR;3;2022-05-01;0;0;0;0;0;4414887;3439972;4413;2;3004
FR;3;2022-05-02;0;0;0;0;0;4414887;3439972;4413;2;3004
FR;3;2022-05-03;0;0;0;0;0;4414887;3439972;4413;2;3004
FR;3;2022-05-04;0;0;0;0;0;4414887;3439972;4413;2;3004
FR;3;2022-05-05;0;0;0;0;0;4414887;3439972;4413;2;3004
FR;3;2022-05-06;0;0;0;0;0;4414887;3439972;4413;2;3004
FR;3;2022-05-07;0;0;0;0;0;4414887;3439972;4413;2;3004
FR;3;2022-05-08;0;0;0;0;0;4414887;3439972;4413;2;3004
FR;3;2022-05-09;0;0;0;0;0;4414887;3439972;4413;2;3004
FR;3;2022-05-10;0;0;0;0;0;4414887;3439972;4413;2;3004
FR;3;2022-05-11;0;0;0;0;0;4414887;3439972;4413;2;3004
FR;3;2022-05-12;0;0;0;0;0;4414887;3439972;4413;2;3004
FR;3;2022-05-13;0;0;0;0;0;4414887;3439972;4413;2;3004
FR;3;2022-05-14;1;0;0;0;0;4414888;3439972;4413;2;3004
FR;3;2022-05-15;0;0;0;0;0;4414888;3439972;4413;2;3004
FR;3;2022-05-16;0;0;0;0;0;4414888;3439972;4413;2;3004
FR;3;2022-05-17;0;0;0;0;0;4414888;3439972;4413;2;3004
FR;3;2022-05-18;0;0;0;0;0;4414888;3439972;4413;2;3004
FR;3;2022-05-19;0;0;0;0;0;4414888;3439972;4413;2;3004
FR;3;2022-05-20;0;0;0;0;0;4414888;3439972;4413;2;3004
FR;3;2022-05-21;0;0;0;0;0;4414888;3439972;4413;2;3004
FR;3;2022-05-22;0;0;0;0;0;4414888;3439972;4413;2;3004
FR;3;2022-05-23;0;0;0;0;0;4414888;3439972;4413;2;3004
FR;3;2022-05-24;0;0;0;0;0;4414888;3439972;4413;2;3004
FR;4;2020-12-27;0;0;0;0;0;0;0;0;0;0
FR;4;2020-12-28;0;0;0;0;0;0;0;0;0;0
FR;4;2020-12-29;0;0;0;0;0;0;0;0;0;0
FR;4;2020-12-30;0;0;0;0;0;0;0;0;0;0
FR;4;2020-12-31;0;0;0;0;0;0;0;0;0;0
FR;4;2021-01-01;0;0;0;0;0;0;0;0;0;0
FR;4;2021-01-02;0;0;0;0;0;0;0;0;0;0
FR;4;2021-01-03;0;0;0;0;0;0;0;0;0;0
FR;4;2021-01-04;0;0;0;0;0;0;0;0;0;0
FR;4;2021-01-05;0;0;0;0;0;0;0;0;0;0
FR;4;2021-01-06;0;0;0;0;0;0;0;0;0;0
FR;4;2021-01-07;0;0;0;0;0;0;0;0;0;0
FR;4;2021-01-08;0;0;0;0;0;0;0;0;0;0
FR;4;2021-01-09;0;0;0;0;0;0;0;0;0;0
FR;4;2021-01-10;0;0;0;0;0;0;0;0;0;0
FR;4;2021-01-11;0;0;0;0;0;0;0;0;0;0
FR;4;2021-01-12;0;0;0;0;0;0;0;0;0;0
FR;4;2021-01-13;0;0;0;0;0;0;0;0;0;0
FR;4;2021-01-14;0;0;0;0;0;0;0;0;0;0
FR;4;2021-01-15;0;0;0;0;0;0;0;0;0;0
FR;4;2021-01-16;0;0;0;0;0;0;0;0;0;0
FR;4;2021-01-17;0;0;0;0;0;0;0;0;0;0
FR;4;2021-01-18;0;0;0;0;0;0;0;0;0;0
FR;4;2021-01-19;0;0;0;0;0;0;0;0;0;0
FR;4;2021-01-20;0;0;0;0;0;0;0;0;0;0
FR;4;2021-01-21;0;0;0;0;0;0;0;0;0;0
FR;4;2021-01-22;0;0;0;0;0;0;0;0;0;0
FR;4;2021-01-23;0;0;0;0;0;0;0;0;0;0
FR;4;2021-01-24;0;0;0;0;0;0;0;0;0;0
FR;4;2021-01-25;0;0;0;0;0;0;0;0;0;0
FR;4;2021-01-26;0;0;0;0;0;0;0;0;0;0
FR;4;2021-01-27;0;0;0;0;0;0;0;0;0;0
FR;4;2021-01-28;0;0;0;0;0;0;0;0;0;0
FR;4;2021-01-29;0;0;0;0;0;0;0;0;0;0
FR;4;2021-01-30;0;0;0;0;0;0;0;0;0;0
FR;4;2021-01-31;0;0;0;0;0;0;0;0;0;0
FR;4;2021-02-01;0;0;0;0;0;0;0;0;0;0
FR;4;2021-02-02;0;0;0;0;0;0;0;0;0;0
FR;4;2021-02-03;0;0;0;0;0;0;0;0;0;0
FR;4;2021-02-04;0;0;0;0;0;0;0;0;0;0
FR;4;2021-02-05;0;0;0;0;0;0;0;0;0;0
FR;4;2021-02-06;0;0;0;0;0;0;0;0;0;0
FR;4;2021-02-07;0;0;0;0;0;0;0;0;0;0
FR;4;2021-02-08;0;0;0;0;0;0;0;0;0;0
FR;4;2021-02-09;0;0;0;0;0;0;0;0;0;0
FR;4;2021-02-10;0;0;0;0;0;0;0;0;0;0
FR;4;2021-02-11;0;0;0;0;0;0;0;0;0;0
FR;4;2021-02-12;0;0;0;0;0;0;0;0;0;0
FR;4;2021-02-13;0;0;0;0;0;0;0;0;0;0
FR;4;2021-02-14;0;0;0;0;0;0;0;0;0;0
FR;4;2021-02-15;0;0;0;0;0;0;0;0;0;0
FR;4;2021-02-16;0;0;0;0;0;0;0;0;0;0
FR;4;2021-02-17;0;0;0;0;0;0;0;0;0;0
FR;4;2021-02-18;0;0;0;0;0;0;0;0;0;0
FR;4;2021-02-19;0;0;0;0;0;0;0;0;0;0
FR;4;2021-02-20;0;0;0;0;0;0;0;0;0;0
FR;4;2021-02-21;0;0;0;0;0;0;0;0;0;0
FR;4;2021-02-22;0;0;0;0;0;0;0;0;0;0
FR;4;2021-02-23;0;0;0;0;0;0;0;0;0;0
FR;4;2021-02-24;0;0;0;0;0;0;0;0;0;0
FR;4;2021-02-25;0;0;0;0;0;0;0;0;0;0
FR;4;2021-02-26;0;0;0;0;0;0;0;0;0;0
FR;4;2021-02-27;0;0;0;0;0;0;0;0;0;0
FR;4;2021-02-28;0;0;0;0;0;0;0;0;0;0
FR;4;2021-03-01;0;0;0;0;0;0;0;0;0;0
FR;4;2021-03-02;0;0;0;0;0;0;0;0;0;0
FR;4;2021-03-03;0;0;0;0;0;0;0;0;0;0
FR;4;2021-03-04;0;0;0;0;0;0;0;0;0;0
FR;4;2021-03-05;0;0;0;0;0;0;0;0;0;0
FR;4;2021-03-06;0;0;0;0;0;0;0;0;0;0
FR;4;2021-03-07;0;0;0;0;0;0;0;0;0;0
FR;4;2021-03-08;0;0;0;0;0;0;0;0;0;0
FR;4;2021-03-09;0;0;0;0;0;0;0;0;0;0
FR;4;2021-03-10;0;0;0;0;0;0;0;0;0;0
FR;4;2021-03-11;0;0;0;0;0;0;0;0;0;0
FR;4;2021-03-12;0;0;0;0;0;0;0;0;0;0
FR;4;2021-03-13;0;0;0;0;0;0;0;0;0;0
FR;4;2021-03-14;0;0;0;0;0;0;0;0;0;0
FR;4;2021-03-15;0;0;0;0;0;0;0;0;0;0
FR;4;2021-03-16;0;0;0;0;0;0;0;0;0;0
FR;4;2021-03-17;0;0;0;0;0;0;0;0;0;0
FR;4;2021-03-18;0;0;0;0;0;0;0;0;0;0
FR;4;2021-03-19;0;0;0;0;0;0;0;0;0;0
FR;4;2021-03-20;0;0;0;0;0;0;0;0;0;0
FR;4;2021-03-21;0;0;0;0;0;0;0;0;0;0
FR;4;2021-03-22;0;0;0;0;0;0;0;0;0;0
FR;4;2021-03-23;0;0;0;0;0;0;0;0;0;0
FR;4;2021-03-24;0;0;0;0;0;0;0;0;0;0
FR;4;2021-03-25;0;0;0;0;0;0;0;0;0;0
FR;4;2021-03-26;0;0;0;0;0;0;0;0;0;0
FR;4;2021-03-27;0;0;0;0;0;0;0;0;0;0
FR;4;2021-03-28;0;0;0;0;0;0;0;0;0;0
FR;4;2021-03-29;0;0;0;0;0;0;0;0;0;0
FR;4;2021-03-30;0;0;0;0;0;0;0;0;0;0
FR;4;2021-03-31;0;0;0;0;0;0;0;0;0;0
FR;4;2021-04-01;0;0;0;0;0;0;0;0;0;0
FR;4;2021-04-02;0;0;0;0;0;0;0;0;0;0
FR;4;2021-04-03;0;0;0;0;0;0;0;0;0;0
FR;4;2021-04-04;0;0;0;0;0;0;0;0;0;0
FR;4;2021-04-05;0;0;0;0;0;0;0;0;0;0
FR;4;2021-04-06;0;0;0;0;0;0;0;0;0;0
FR;4;2021-04-07;0;0;0;0;0;0;0;0;0;0
FR;4;2021-04-08;0;0;0;0;0;0;0;0;0;0
FR;4;2021-04-09;0;0;0;0;0;0;0;0;0;0
FR;4;2021-04-10;0;0;0;0;0;0;0;0;0;0
FR;4;2021-04-11;0;0;0;0;0;0;0;0;0;0
FR;4;2021-04-12;0;0;0;0;0;0;0;0;0;0
FR;4;2021-04-13;0;0;0;0;0;0;0;0;0;0
FR;4;2021-04-14;0;0;0;0;0;0;0;0;0;0
FR;4;2021-04-15;0;0;0;0;0;0;0;0;0;0
FR;4;2021-04-16;0;0;0;0;0;0;0;0;0;0
FR;4;2021-04-17;0;0;0;0;0;0;0;0;0;0
FR;4;2021-04-18;0;0;0;0;0;0;0;0;0;0
FR;4;2021-04-19;0;0;0;0;0;0;0;0;0;0
FR;4;2021-04-20;0;0;0;0;0;0;0;0;0;0
FR;4;2021-04-21;0;0;0;0;0;0;0;0;0;0
FR;4;2021-04-22;0;0;0;0;0;0;0;0;0;0
FR;4;2021-04-23;4019;0;0;0;0;4019;0;0;0;0
FR;4;2021-04-24;1569;0;0;0;0;5588;0;0;0;0
FR;4;2021-04-25;125;0;0;0;0;5713;0;0;0;0
FR;4;2021-04-26;2869;1;0;0;0;8582;1;0;0;0
FR;4;2021-04-27;9519;3;0;0;0;18101;4;0;0;0
FR;4;2021-04-28;9904;6;0;0;0;28005;10;0;0;0
FR;4;2021-04-29;15991;8;0;0;0;43996;18;0;0;0
FR;4;2021-04-30;19229;10;0;0;0;63225;28;0;0;0
FR;4;2021-05-01;1993;6;0;0;0;65218;34;0;0;0
FR;4;2021-05-02;482;0;0;0;0;65700;34;0;0;0
FR;4;2021-05-03;5058;2;0;0;0;70758;36;0;0;0
FR;4;2021-05-04;8397;10;0;0;0;79155;46;0;0;0
FR;4;2021-05-05;6182;7;0;0;0;85337;53;0;0;0
FR;4;2021-05-06;11378;11;0;0;0;96715;64;0;0;0
FR;4;2021-05-07;19121;9;0;0;0;115836;73;0;0;0
FR;4;2021-05-08;2377;6;0;0;0;118213;79;0;0;0
FR;4;2021-05-09;685;3;0;0;0;118898;82;0;0;0
FR;4;2021-05-10;7239;5;1;0;0;126137;87;1;0;0
FR;4;2021-05-11;14313;12;0;0;0;140450;99;1;0;0
FR;4;2021-05-12;10163;15;0;0;0;150613;114;1;0;0
FR;4;2021-05-13;1579;3;0;0;0;152192;117;1;0;0
FR;4;2021-05-14;7758;6;0;0;0;159950;123;1;0;0
FR;4;2021-05-15;3717;8;1;0;0;163667;131;2;0;0
FR;4;2021-05-16;417;1;0;0;0;164084;132;2;0;0
FR;4;2021-05-17;4475;6;0;0;0;168559;138;2;0;0
FR;4;2021-05-18;8751;10;0;0;0;177310;148;2;0;0
FR;4;2021-05-19;5690;7;0;0;0;183000;155;2;0;0
FR;4;2021-05-20;9478;7;0;0;0;192478;162;2;0;0
FR;4;2021-05-21;12790;30;0;0;0;205268;192;2;0;0
FR;4;2021-05-22;5057;15;0;0;0;210325;207;2;0;0
FR;4;2021-05-23;494;4;0;0;0;210819;211;2;0;0
FR;4;2021-05-24;1054;7;0;0;0;211873;218;2;0;0
FR;4;2021-05-25;7620;16;0;0;0;219493;234;2;0;0
FR;4;2021-05-26;7723;16;0;0;0;227216;250;2;0;0
FR;4;2021-05-27;14327;35;0;0;0;241543;285;2;0;0
FR;4;2021-05-28;26583;82;1;0;0;268126;367;3;0;0
FR;4;2021-05-29;11380;18;0;0;0;279506;385;3;0;0
FR;4;2021-05-30;971;6;0;0;0;280477;391;3;0;0
FR;4;2021-05-31;12686;21;0;0;0;293163;412;3;0;0
FR;4;2021-06-01;20249;46;1;0;0;313412;458;4;0;0
FR;4;2021-06-02;14518;33;0;0;0;327930;491;4;0;0
FR;4;2021-06-03;19410;24;1;0;0;347340;515;5;0;0
FR;4;2021-06-04;22509;47;0;0;0;369849;562;5;0;0
FR;4;2021-06-05;9712;32;0;0;0;379561;594;5;0;0
FR;4;2021-06-06;1039;1;0;0;0;380600;595;5;0;0
FR;4;2021-06-07;9224;19;0;0;0;389824;614;5;0;0
FR;4;2021-06-08;14605;31;0;0;0;404429;645;5;0;0
FR;4;2021-06-09;12202;25;0;0;0;416631;670;5;0;0
FR;4;2021-06-10;15397;30;0;0;0;432028;700;5;0;0
FR;4;2021-06-11;16979;56;0;0;0;449007;756;5;0;0
FR;4;2021-06-12;7444;27;0;0;0;456451;783;5;0;0
FR;4;2021-06-13;906;2;0;0;0;457357;785;5;0;0
FR;4;2021-06-14;6646;25;0;0;0;464003;810;5;0;0
FR;4;2021-06-15;10882;37;0;0;0;474885;847;5;0;0
FR;4;2021-06-16;8904;15;0;0;0;483789;862;5;0;0
FR;4;2021-06-17;10897;36;0;0;0;494686;898;5;0;0
FR;4;2021-06-18;12420;45;0;0;0;507106;943;5;0;0
FR;4;2021-06-19;5567;25;0;0;0;512673;968;5;0;0
FR;4;2021-06-20;817;5;0;0;0;513490;973;5;0;0
FR;4;2021-06-21;5081;20;0;0;0;518571;993;5;0;0
FR;4;2021-06-22;7905;28;2;0;0;526476;1021;7;0;0
FR;4;2021-06-23;7092;39;2;0;0;533568;1060;9;0;0
FR;4;2021-06-24;8646;46;1;0;0;542214;1106;10;0;0
FR;4;2021-06-25;10172;39;2;0;0;552386;1145;12;0;0
FR;4;2021-06-26;4841;21;0;0;0;557227;1166;12;0;0
FR;4;2021-06-27;760;3;0;0;0;557987;1169;12;0;0
FR;4;2021-06-28;4821;16;1;0;0;562808;1185;13;0;0
FR;4;2021-06-29;7097;27;2;0;0;569905;1212;15;0;0
FR;4;2021-06-30;6707;39;2;0;0;576612;1251;17;0;0
FR;4;2021-07-01;8191;40;0;0;0;584803;1291;17;0;0
FR;4;2021-07-02;9413;52;1;0;0;594216;1343;18;0;0
FR;4;2021-07-03;4844;19;0;0;0;599060;1362;18;0;0
FR;4;2021-07-04;686;5;0;0;0;599746;1367;18;0;0
FR;4;2021-07-05;4765;19;2;0;0;604511;1386;20;0;0
FR;4;2021-07-06;7717;28;4;0;0;612228;1414;24;0;0
FR;4;2021-07-07;7067;34;2;0;0;619295;1448;26;0;0
FR;4;2021-07-08;9219;40;2;0;0;628514;1488;28;0;0
FR;4;2021-07-09;10275;34;1;0;0;638789;1522;29;0;0
FR;4;2021-07-10;4633;14;2;0;0;643422;1536;31;0;0
FR;4;2021-07-11;582;4;1;0;0;644004;1540;32;0;0
FR;4;2021-07-12;5867;29;0;0;0;649871;1569;32;0;0
FR;4;2021-07-13;14230;29;0;0;0;664101;1598;32;0;0
FR;4;2021-07-14;2282;14;0;0;0;666383;1612;32;0;0
FR;4;2021-07-15;18231;36;0;0;0;684614;1648;32;0;0
FR;4;2021-07-16;22816;70;2;0;0;707430;1718;34;0;0
FR;4;2021-07-17;9735;20;0;0;0;717165;1738;34;0;0
FR;4;2021-07-18;1354;4;0;0;0;718519;1742;34;0;0
FR;4;2021-07-19;12979;28;1;0;0;731498;1770;35;0;0
FR;4;2021-07-20;17331;26;1;0;0;748829;1796;36;0;0
FR;4;2021-07-21;15604;33;0;0;0;764433;1829;36;0;0
FR;4;2021-07-22;18237;44;2;0;0;782670;1873;38;0;0
FR;4;2021-07-23;20404;57;7;0;0;803074;1930;45;0;0
FR;4;2021-07-24;9282;32;0;0;0;812356;1962;45;0;0
FR;4;2021-07-25;1350;8;0;0;0;813706;1970;45;0;0
FR;4;2021-07-26;11030;20;0;0;0;824736;1990;45;0;0
FR;4;2021-07-27;14661;35;3;0;0;839397;2025;48;0;0
FR;4;2021-07-28;12921;26;2;0;0;852318;2051;50;0;0
FR;4;2021-07-29;14079;54;4;0;0;866397;2105;54;0;0
FR;4;2021-07-30;15478;45;2;0;0;881875;2150;56;0;0
FR;4;2021-07-31;6830;14;2;0;0;888705;2164;58;0;0
FR;4;2021-08-01;904;1;0;0;0;889609;2165;58;0;0
FR;4;2021-08-02;7902;29;0;0;0;897511;2194;58;0;0
FR;4;2021-08-03;10788;32;2;0;0;908299;2226;60;0;0
FR;4;2021-08-04;9732;29;0;0;0;918031;2255;60;0;0
FR;4;2021-08-05;9812;41;0;0;0;927843;2296;60;0;0
FR;4;2021-08-06;10182;30;3;0;0;938025;2326;63;0;0
FR;4;2021-08-07;5088;30;1;0;0;943113;2356;64;0;0
FR;4;2021-08-08;1217;13;0;0;0;944330;2369;64;0;0
FR;4;2021-08-09;6335;31;0;0;0;950665;2400;64;0;0
FR;4;2021-08-10;8741;18;0;0;0;959406;2418;64;0;0
FR;4;2021-08-11;7930;33;4;0;0;967336;2451;68;0;0
FR;4;2021-08-12;8580;29;1;0;0;975916;2480;69;0;0
FR;4;2021-08-13;7547;24;0;1;0;983463;2504;69;1;0
FR;4;2021-08-14;3787;20;0;0;0;987250;2524;69;1;0
FR;4;2021-08-15;769;5;0;0;0;988019;2529;69;1;0
FR;4;2021-08-16;4003;16;0;0;0;992022;2545;69;1;0
FR;4;2021-08-17;5616;16;1;0;0;997638;2561;70;1;0
FR;4;2021-08-18;5162;34;0;0;0;1002800;2595;70;1;0
FR;4;2021-08-19;5474;33;3;0;0;1008274;2628;73;1;0
FR;4;2021-08-20;5210;24;1;0;0;1013484;2652;74;1;0
FR;4;2021-08-21;2307;21;1;0;0;1015791;2673;75;1;0
FR;4;2021-08-22;401;2;0;0;0;1016192;2675;75;1;0
FR;4;2021-08-23;2924;19;1;0;0;1019116;2694;76;1;0
FR;4;2021-08-24;3744;15;0;0;0;1022860;2709;76;1;0
FR;4;2021-08-25;3538;25;0;0;0;1026398;2734;76;1;0
FR;4;2021-08-26;3701;20;2;0;0;1030099;2754;78;1;0
FR;4;2021-08-27;3605;31;2;0;0;1033704;2785;80;1;0
FR;4;2021-08-28;1723;9;1;0;0;1035427;2794;81;1;0
FR;4;2021-08-29;387;7;1;0;0;1035814;2801;82;1;0
FR;4;2021-08-30;2009;24;0;0;14;1037823;2825;82;1;14
FR;4;2021-08-31;2481;20;0;0;13;1040304;2845;82;1;27
FR;4;2021-09-01;2078;38;1;0;21;1042382;2883;83;1;48
FR;4;2021-09-02;2300;31;4;0;18;1044682;2914;87;1;66
FR;4;2021-09-03;2357;44;5;0;32;1047039;2958;92;1;98
FR;4;2021-09-04;1374;17;0;0;7;1048413;2975;92;1;105
FR;4;2021-09-05;431;2;0;0;2;1048844;2977;92;1;107
FR;4;2021-09-06;1705;60;0;0;21;1050549;3037;92;1;128
FR;4;2021-09-07;1673;18;1;0;9;1052222;3055;93;1;137
FR;4;2021-09-08;1279;27;3;1;20;1053501;3082;96;2;157
FR;4;2021-09-09;1385;23;2;0;9;1054886;3105;98;2;166
FR;4;2021-09-10;1516;31;2;0;23;1056402;3136;100;2;189
FR;4;2021-09-11;738;11;0;0;3;1057140;3147;100;2;192
FR;4;2021-09-12;168;4;0;0;2;1057308;3151;100;2;194
FR;4;2021-09-13;1315;22;1;0;16;1058623;3173;101;2;210
FR;4;2021-09-14;1497;9;2;0;6;1060120;3182;103;2;216
FR;4;2021-09-15;1091;27;1;0;24;1061211;3209;104;2;240
FR;4;2021-09-16;1095;22;2;0;15;1062306;3231;106;2;255
FR;4;2021-09-17;891;21;1;0;12;1063197;3252;107;2;267
FR;4;2021-09-18;462;6;1;0;5;1063659;3258;108;2;272
FR;4;2021-09-19;182;3;0;0;2;1063841;3261;108;2;274
FR;4;2021-09-20;446;18;0;0;12;1064287;3279;108;2;286
FR;4;2021-09-21;423;11;0;0;7;1064710;3290;108;2;293
FR;4;2021-09-22;372;19;2;0;13;1065082;3309;110;2;306
FR;4;2021-09-23;477;16;1;0;15;1065559;3325;111;2;321
FR;4;2021-09-24;409;13;2;0;9;1065968;3338;113;2;330
FR;4;2021-09-25;281;9;1;0;4;1066249;3347;114;2;334
FR;4;2021-09-26;73;2;0;0;1;1066322;3349;114;2;335
FR;4;2021-09-27;261;10;1;0;8;1066583;3359;115;2;343
FR;4;2021-09-28;315;8;0;0;8;1066898;3367;115;2;351
FR;4;2021-09-29;372;18;1;0;12;1067270;3385;116;2;363
FR;4;2021-09-30;359;40;0;0;21;1067629;3425;116;2;384
FR;4;2021-10-01;407;49;0;0;43;1068036;3474;116;2;427
FR;4;2021-10-02;195;22;1;0;13;1068231;3496;117;2;440
FR;4;2021-10-03;84;1;0;0;0;1068315;3497;117;2;440
FR;4;2021-10-04;355;19;1;0;15;1068670;3516;118;2;455
FR;4;2021-10-05;276;19;2;0;15;1068946;3535;120;2;470
FR;4;2021-10-06;243;21;1;0;17;1069189;3556;121;2;487
FR;4;2021-10-07;254;25;2;0;13;1069443;3581;123;2;500
FR;4;2021-10-08;352;23;2;0;19;1069795;3604;125;2;519
FR;4;2021-10-09;192;6;6;0;7;1069987;3610;131;2;526
FR;4;2021-10-10;95;3;2;0;3;1070082;3613;133;2;529
FR;4;2021-10-11;246;15;1;0;14;1070328;3628;134;2;543
FR;4;2021-10-12;204;14;0;0;13;1070532;3642;134;2;556
FR;4;2021-10-13;218;27;1;0;24;1070750;3669;135;2;580
FR;4;2021-10-14;307;22;4;0;16;1071057;3691;139;2;596
FR;4;2021-10-15;322;24;5;0;25;1071379;3715;144;2;621
FR;4;2021-10-16;166;6;2;0;6;1071545;3721;146;2;627
FR;4;2021-10-17;70;2;0;0;1;1071615;3723;146;2;628
FR;4;2021-10-18;278;16;1;0;12;1071893;3739;147;2;640
FR;4;2021-10-19;210;14;2;0;15;1072103;3753;149;2;655
FR;4;2021-10-20;224;27;4;0;15;1072327;3780;153;2;670
FR;4;2021-10-21;235;17;0;0;13;1072562;3797;153;2;683
FR;4;2021-10-22;211;25;2;0;20;1072773;3822;155;2;703
FR;4;2021-10-23;115;16;1;0;15;1072888;3838;156;2;718
FR;4;2021-10-24;38;4;0;0;1;1072926;3842;156;2;719
FR;4;2021-10-25;209;7;2;0;9;1073135;3849;158;2;728
FR;4;2021-10-26;196;14;0;0;12;1073331;3863;158;2;740
FR;4;2021-10-27;191;11;4;0;11;1073522;3874;162;2;751
FR;4;2021-10-28;182;18;4;0;21;1073704;3892;166;2;772
FR;4;2021-10-29;220;15;2;0;13;1073924;3907;168;2;785
FR;4;2021-10-30;102;2;1;0;2;1074026;3909;169;2;787
FR;4;2021-10-31;56;3;2;0;3;1074082;3912;171;2;790
FR;4;2021-11-01;75;27;4;0;24;1074157;3939;175;2;814
FR;4;2021-11-02;154;20;2;0;21;1074311;3959;177;2;835
FR;4;2021-11-03;127;20;8;1;18;1074438;3979;185;3;853
FR;4;2021-11-04;175;14;1;0;11;1074613;3993;186;3;864
FR;4;2021-11-05;126;17;1;0;16;1074739;4010;187;3;880
FR;4;2021-11-06;77;6;1;0;6;1074816;4016;188;3;886
FR;4;2021-11-07;76;2;2;0;4;1074892;4018;190;3;890
FR;4;2021-11-08;158;20;1;0;20;1075050;4038;191;3;910
FR;4;2021-11-09;151;14;3;0;16;1075201;4052;194;3;926
FR;4;2021-11-10;114;29;6;0;31;1075315;4081;200;3;957
FR;4;2021-11-11;86;10;0;0;10;1075401;4091;200;3;967
FR;4;2021-11-12;99;18;2;0;17;1075500;4109;202;3;984
FR;4;2021-11-13;73;15;2;0;14;1075573;4124;204;3;998
FR;4;2021-11-14;53;5;3;0;7;1075626;4129;207;3;1005
FR;4;2021-11-15;97;26;2;0;24;1075723;4155;209;3;1029
FR;4;2021-11-16;99;12;2;0;14;1075822;4167;211;3;1043
FR;4;2021-11-17;116;29;4;0;29;1075938;4196;215;3;1072
FR;4;2021-11-18;99;34;12;0;41;1076037;4230;227;3;1113
FR;4;2021-11-19;79;19;3;0;20;1076116;4249;230;3;1133
FR;4;2021-11-20;75;8;1;0;8;1076191;4257;231;3;1141
FR;4;2021-11-21;61;7;2;0;9;1076252;4264;233;3;1150
FR;4;2021-11-22;101;27;6;0;29;1076353;4291;239;3;1179
FR;4;2021-11-23;74;29;5;0;26;1076427;4320;244;3;1205
FR;4;2021-11-24;85;23;9;0;22;1076512;4343;253;3;1227
FR;4;2021-11-25;84;28;14;0;30;1076596;4371;267;3;1257
FR;4;2021-11-26;80;43;12;0;45;1076676;4414;279;3;1302
FR;4;2021-11-27;35;22;14;0;24;1076711;4436;293;3;1326
FR;4;2021-11-28;48;8;0;0;7;1076759;4444;293;3;1333
FR;4;2021-11-29;84;31;15;0;39;1076843;4475;308;3;1372
FR;4;2021-11-30;72;36;12;0;40;1076915;4511;320;3;1412
FR;4;2021-12-01;79;59;19;0;66;1076994;4570;339;3;1478
FR;4;2021-12-02;98;47;19;0;52;1077092;4617;358;3;1530
FR;4;2021-12-03;98;36;15;0;44;1077190;4653;373;3;1574
FR;4;2021-12-04;69;31;18;0;44;1077259;4684;391;3;1618
FR;4;2021-12-05;61;5;1;0;6;1077320;4689;392;3;1624
FR;4;2021-12-06;96;45;20;0;59;1077416;4734;412;3;1683
FR;4;2021-12-07;77;33;9;0;33;1077493;4767;421;3;1716
FR;4;2021-12-08;66;29;15;0;34;1077559;4796;436;3;1750
FR;4;2021-12-09;59;32;10;0;38;1077618;4828;446;3;1788
FR;4;2021-12-10;60;62;21;0;66;1077678;4890;467;3;1854
FR;4;2021-12-11;24;34;7;0;34;1077702;4924;474;3;1888
FR;4;2021-12-12;23;10;3;0;13;1077725;4934;477;3;1901
FR;4;2021-12-13;68;38;13;0;47;1077793;4972;490;3;1948
FR;4;2021-12-14;56;43;15;0;52;1077849;5015;505;3;2000
FR;4;2021-12-15;59;63;28;0;83;1077908;5078;533;3;2083
FR;4;2021-12-16;30;44;18;0;56;1077938;5122;551;3;2139
FR;4;2021-12-17;38;55;12;0;60;1077976;5177;563;3;2199
FR;4;2021-12-18;48;29;2;0;30;1078024;5206;565;3;2229
FR;4;2021-12-19;15;4;1;0;4;1078039;5210;566;3;2233
FR;4;2021-12-20;35;38;10;0;41;1078074;5248;576;3;2274
FR;4;2021-12-21;26;30;15;0;36;1078100;5278;591;3;2310
FR;4;2021-12-22;35;35;10;0;36;1078135;5313;601;3;2346
FR;4;2021-12-23;39;43;8;0;47;1078174;5356;609;3;2393
FR;4;2021-12-24;23;25;10;0;29;1078197;5381;619;3;2422
FR;4;2021-12-25;6;3;3;0;4;1078203;5384;622;3;2426
FR;4;2021-12-26;4;3;1;0;2;1078207;5387;623;3;2428
FR;4;2021-12-27;26;41;8;0;42;1078233;5428;631;3;2470
FR;4;2021-12-28;24;28;7;0;29;1078257;5456;638;3;2499
FR;4;2021-12-29;48;24;10;0;28;1078305;5480;648;3;2527
FR;4;2021-12-30;40;16;12;0;19;1078345;5496;660;3;2546
FR;4;2021-12-31;18;5;8;0;10;1078363;5501;668;3;2556
FR;4;2022-01-01;5;4;4;0;6;1078368;5505;672;3;2562
FR;4;2022-01-02;40;4;14;0;17;1078408;5509;686;3;2579
FR;4;2022-01-03;38;52;20;1;57;1078446;5561;706;4;2636
FR;4;2022-01-04;28;26;13;0;29;1078474;5587;719;4;2665
FR;4;2022-01-05;46;20;16;0;21;1078520;5607;735;4;2686
FR;4;2022-01-06;43;20;21;0;33;1078563;5627;756;4;2719
FR;4;2022-01-07;24;19;15;0;19;1078587;5646;771;4;2738
FR;4;2022-01-08;8;5;9;0;11;1078595;5651;780;4;2749
FR;4;2022-01-09;17;2;1;0;2;1078612;5653;781;4;2751
FR;4;2022-01-10;39;22;16;0;33;1078651;5675;797;4;2784
FR;4;2022-01-11;23;30;12;0;34;1078674;5705;809;4;2818
FR;4;2022-01-12;30;18;12;0;19;1078704;5723;821;4;2837
FR;4;2022-01-13;48;18;26;0;35;1078752;5741;847;4;2872
FR;4;2022-01-14;21;28;13;0;31;1078773;5769;860;4;2903
FR;4;2022-01-15;10;6;7;0;11;1078783;5775;867;4;2914
FR;4;2022-01-16;9;9;11;0;19;1078792;5784;878;4;2933
FR;4;2022-01-17;23;17;12;0;23;1078815;5801;890;4;2956
FR;4;2022-01-18;16;13;7;0;17;1078831;5814;897;4;2973
FR;4;2022-01-19;28;22;9;0;29;1078859;5836;906;4;3002
FR;4;2022-01-20;31;33;11;0;36;1078890;5869;917;4;3038
FR;4;2022-01-21;9;12;18;1;15;1078899;5881;935;5;3053
FR;4;2022-01-22;30;9;2;0;9;1078929;5890;937;5;3062
FR;4;2022-01-23;6;3;4;0;7;1078935;5893;941;5;3069
FR;4;2022-01-24;14;21;8;0;27;1078949;5914;949;5;3096
FR;4;2022-01-25;20;30;8;1;34;1078969;5944;957;6;3130
FR;4;2022-01-26;19;15;6;1;16;1078988;5959;963;7;3146
FR;4;2022-01-27;19;18;5;0;21;1079007;5977;968;7;3167
FR;4;2022-01-28;12;23;7;0;25;1079019;6000;975;7;3192
FR;4;2022-01-29;15;6;4;0;9;1079034;6006;979;7;3201
FR;4;2022-01-30;16;2;0;0;2;1079050;6008;979;7;3203
FR;4;2022-01-31;19;27;6;0;29;1079069;6035;985;7;3232
FR;4;2022-02-01;9;19;11;0;19;1079078;6054;996;7;3251
FR;4;2022-02-02;16;11;10;2;16;1079094;6065;1006;9;3267
FR;4;2022-02-03;12;22;9;0;25;1079106;6087;1015;9;3292
FR;4;2022-02-04;6;5;7;0;9;1079112;6092;1022;9;3301
FR;4;2022-02-05;6;14;1;0;13;1079118;6106;1023;9;3314
FR;4;2022-02-06;5;2;1;0;2;1079123;6108;1024;9;3316
FR;4;2022-02-07;13;19;6;0;19;1079136;6127;1030;9;3335
FR;4;2022-02-08;14;19;13;1;20;1079150;6146;1043;10;3355
FR;4;2022-02-09;14;10;7;0;13;1079164;6156;1050;10;3368
FR;4;2022-02-10;18;23;9;0;24;1079182;6179;1059;10;3392
FR;4;2022-02-11;17;14;8;0;19;1079199;6193;1067;10;3411
FR;4;2022-02-12;23;6;1;0;5;1079222;6199;1068;10;3416
FR;4;2022-02-13;7;3;3;0;6;1079229;6202;1071;10;3422
FR;4;2022-02-14;18;10;7;0;13;1079247;6212;1078;10;3435
FR;4;2022-02-15;16;7;1;0;7;1079263;6219;1079;10;3442
FR;4;2022-02-16;11;9;10;0;15;1079274;6228;1089;10;3457
FR;4;2022-02-17;10;4;4;0;6;1079284;6232;1093;10;3463
FR;4;2022-02-18;17;13;6;0;17;1079301;6245;1099;10;3480
FR;4;2022-02-19;16;2;2;0;4;1079317;6247;1101;10;3484
FR;4;2022-02-20;7;2;0;0;1;1079324;6249;1101;10;3485
FR;4;2022-02-21;22;3;2;0;3;1079346;6252;1103;10;3488
FR;4;2022-02-22;8;4;8;0;8;1079354;6256;1111;10;3496
FR;4;2022-02-23;16;6;8;0;8;1079370;6262;1119;10;3504
FR;4;2022-02-24;9;4;2;0;4;1079379;6266;1121;10;3508
FR;4;2022-02-25;15;5;7;0;6;1079394;6271;1128;10;3514
FR;4;2022-02-26;26;3;0;0;3;1079420;6274;1128;10;3517
FR;4;2022-02-27;9;0;1;0;1;1079429;6274;1129;10;3518
FR;4;2022-02-28;14;3;2;0;3;1079443;6277;1131;10;3521
FR;4;2022-03-01;6;2;7;0;3;1079449;6279;1138;10;3524
FR;4;2022-03-02;9;2;3;0;4;1079458;6281;1141;10;3528
FR;4;2022-03-03;15;5;1;0;4;1079473;6286;1142;10;3532
FR;4;2022-03-04;6;7;2;1;5;1079479;6293;1144;11;3537
FR;4;2022-03-05;8;2;0;0;2;1079487;6295;1144;11;3539
FR;4;2022-03-06;4;0;1;0;1;1079491;6295;1145;11;3540
FR;4;2022-03-07;10;4;1;0;3;1079501;6299;1146;11;3543
FR;4;2022-03-08;13;2;0;0;2;1079514;6301;1146;11;3545
FR;4;2022-03-09;7;3;2;0;4;1079521;6304;1148;11;3549
FR;4;2022-03-10;5;1;5;0;2;1079526;6305;1153;11;3551
FR;4;2022-03-11;8;2;5;0;1;1079534;6307;1158;11;3552
FR;4;2022-03-12;9;2;0;0;0;1079543;6309;1158;11;3552
FR;4;2022-03-13;5;0;1;0;1;1079548;6309;1159;11;3553
FR;4;2022-03-14;4;1;0;0;1;1079552;6310;1159;11;3554
FR;4;2022-03-15;5;3;1;0;1;1079557;6313;1160;11;3555
FR;4;2022-03-16;6;3;3;0;3;1079563;6316;1163;11;3558
FR;4;2022-03-17;1;4;1;0;5;1079564;6320;1164;11;3563
FR;4;2022-03-18;7;2;0;0;2;1079571;6322;1164;11;3565
FR;4;2022-03-19;1;1;0;0;1;1079572;6323;1164;11;3566
FR;4;2022-03-20;2;0;2;0;1;1079574;6323;1166;11;3567
FR;4;2022-03-21;5;3;0;0;3;1079579;6326;1166;11;3570
FR;4;2022-03-22;3;2;1;0;2;1079582;6328;1167;11;3572
FR;4;2022-03-23;6;3;3;0;5;1079588;6331;1170;11;3577
FR;4;2022-03-24;2;4;3;1;5;1079590;6335;1173;12;3582
FR;4;2022-03-25;3;1;2;0;1;1079593;6336;1175;12;3583
FR;4;2022-03-26;5;5;0;0;5;1079598;6341;1175;12;3588
FR;4;2022-03-27;1;0;1;0;0;1079599;6341;1176;12;3588
FR;4;2022-03-28;4;1;1;0;1;1079603;6342;1177;12;3589
FR;4;2022-03-29;7;0;4;1;0;1079610;6342;1181;13;3589
FR;4;2022-03-30;1;4;0;0;4;1079611;6346;1181;13;3593
FR;4;2022-03-31;1;3;1;1;3;1079612;6349;1182;14;3596
FR;4;2022-04-01;13;3;5;0;6;1079625;6352;1187;14;3602
FR;4;2022-04-02;4;4;0;0;3;1079629;6356;1187;14;3605
FR;4;2022-04-03;0;0;0;0;0;1079629;6356;1187;14;3605
FR;4;2022-04-04;3;3;4;0;3;1079632;6359;1191;14;3608
FR;4;2022-04-05;3;4;1;1;2;1079635;6363;1192;15;3610
FR;4;2022-04-06;3;0;0;0;0;1079638;6363;1192;15;3610
FR;4;2022-04-07;3;3;1;2;4;1079641;6366;1193;17;3614
FR;4;2022-04-08;4;1;1;0;1;1079645;6367;1194;17;3615
FR;4;2022-04-09;0;0;1;1;1;1079645;6367;1195;18;3616
FR;4;2022-04-10;1;2;0;0;2;1079646;6369;1195;18;3618
FR;4;2022-04-11;3;2;4;0;4;1079649;6371;1199;18;3622
FR;4;2022-04-12;2;1;4;0;2;1079651;6372;1203;18;3624
FR;4;2022-04-13;3;6;1;0;7;1079654;6378;1204;18;3631
FR;4;2022-04-14;3;2;0;1;2;1079657;6380;1204;19;3633
FR;4;2022-04-15;2;7;1;0;8;1079659;6387;1205;19;3641
FR;4;2022-04-16;0;0;0;0;0;1079659;6387;1205;19;3641
FR;4;2022-04-17;1;0;0;0;0;1079660;6387;1205;19;3641
FR;4;2022-04-18;1;2;4;0;2;1079661;6389;1209;19;3643
FR;4;2022-04-19;2;0;1;0;0;1079663;6389;1210;19;3643
FR;4;2022-04-20;13;4;1;0;2;1079676;6393;1211;19;3645
FR;4;2022-04-21;5;0;0;0;0;1079681;6393;1211;19;3645
FR;4;2022-04-22;1;0;1;0;0;1079682;6393;1212;19;3645
FR;4;2022-04-23;1;3;2;0;5;1079683;6396;1214;19;3650
FR;4;2022-04-24;0;2;0;0;2;1079683;6398;1214;19;3652
FR;4;2022-04-25;2;4;2;0;6;1079685;6402;1216;19;3658
FR;4;2022-04-26;2;4;1;0;4;1079687;6406;1217;19;3662
FR;4;2022-04-27;4;0;0;0;0;1079691;6406;1217;19;3662
FR;4;2022-04-28;2;3;5;0;4;1079693;6409;1222;19;3666
FR;4;2022-04-29;2;2;0;0;1;1079695;6411;1222;19;3667
FR;4;2022-04-30;0;1;1;0;2;1079695;6412;1223;19;3669
FR;4;2022-05-01;0;0;0;0;0;1079695;6412;1223;19;3669
FR;4;2022-05-02;4;5;3;0;5;1079699;6417;1226;19;3674
FR;4;2022-05-03;0;3;1;0;3;1079699;6420;1227;19;3677
FR;4;2022-05-04;3;2;1;0;2;1079702;6422;1228;19;3679
FR;4;2022-05-05;2;1;1;0;1;1079704;6423;1229;19;3680
FR;4;2022-05-06;2;0;0;0;0;1079706;6423;1229;19;3680
FR;4;2022-05-07;0;0;0;0;0;1079706;6423;1229;19;3680
FR;4;2022-05-08;1;1;0;0;1;1079707;6424;1229;19;3681
FR;4;2022-05-09;2;0;0;0;0;1079709;6424;1229;19;3681
FR;4;2022-05-10;0;0;0;2;2;1079709;6424;1229;21;3683
FR;4;2022-05-11;2;0;1;0;0;1079711;6424;1230;21;3683
FR;4;2022-05-12;5;1;0;1;1;1079716;6425;1230;22;3684
FR;4;2022-05-13;0;0;1;0;1;1079716;6425;1231;22;3685
FR;4;2022-05-14;0;1;0;0;1;1079716;6426;1231;22;3686
FR;4;2022-05-15;0;0;0;0;0;1079716;6426;1231;22;3686
FR;4;2022-05-16;3;0;0;0;0;1079719;6426;1231;22;3686
FR;4;2022-05-17;3;0;1;0;1;1079722;6426;1232;22;3687
FR;4;2022-05-18;0;0;0;0;0;1079722;6426;1232;22;3687
FR;4;2022-05-19;2;1;1;0;2;1079724;6427;1233;22;3689
FR;4;2022-05-20;1;0;0;0;0;1079725;6427;1233;22;3689
FR;4;2022-05-21;2;0;0;0;0;1079727;6427;1233;22;3689
FR;4;2022-05-22;0;0;1;0;1;1079727;6427;1234;22;3690
FR;4;2022-05-23;0;0;0;0;0;1079727;6427;1234;22;3690
FR;4;2022-05-24;2;0;0;0;0;1079729;6427;1234;22;3690
FR;5;2020-12-27;0;0;0;0;0;0;0;0;0;0
FR;5;2020-12-28;0;0;0;0;0;0;0;0;0;0
FR;5;2020-12-29;0;0;0;0;0;0;0;0;0;0
FR;5;2020-12-30;0;0;0;0;0;0;0;0;0;0
FR;5;2020-12-31;0;0;0;0;0;0;0;0;0;0
FR;5;2021-01-01;0;0;0;0;0;0;0;0;0;0
FR;5;2021-01-02;0;0;0;0;0;0;0;0;0;0
FR;5;2021-01-03;0;0;0;0;0;0;0;0;0;0
FR;5;2021-01-04;0;0;0;0;0;0;0;0;0;0
FR;5;2021-01-05;0;0;0;0;0;0;0;0;0;0
FR;5;2021-01-06;0;0;0;0;0;0;0;0;0;0
FR;5;2021-01-07;0;0;0;0;0;0;0;0;0;0
FR;5;2021-01-08;0;0;0;0;0;0;0;0;0;0
FR;5;2021-01-09;0;0;0;0;0;0;0;0;0;0
FR;5;2021-01-10;0;0;0;0;0;0;0;0;0;0
FR;5;2021-01-11;0;0;0;0;0;0;0;0;0;0
FR;5;2021-01-12;0;0;0;0;0;0;0;0;0;0
FR;5;2021-01-13;0;0;0;0;0;0;0;0;0;0
FR;5;2021-01-14;0;0;0;0;0;0;0;0;0;0
FR;5;2021-01-15;0;0;0;0;0;0;0;0;0;0
FR;5;2021-01-16;0;0;0;0;0;0;0;0;0;0
FR;5;2021-01-17;0;0;0;0;0;0;0;0;0;0
FR;5;2021-01-18;0;0;0;0;0;0;0;0;0;0
FR;5;2021-01-19;0;0;0;0;0;0;0;0;0;0
FR;5;2021-01-20;0;0;0;0;0;0;0;0;0;0
FR;5;2021-01-21;0;0;0;0;0;0;0;0;0;0
FR;5;2021-01-22;0;0;0;0;0;0;0;0;0;0
FR;5;2021-01-23;0;0;0;0;0;0;0;0;0;0
FR;5;2021-01-24;0;0;0;0;0;0;0;0;0;0
FR;5;2021-01-25;0;0;0;0;0;0;0;0;0;0
FR;5;2021-01-26;0;0;0;0;0;0;0;0;0;0
FR;5;2021-01-27;0;0;0;0;0;0;0;0;0;0
FR;5;2021-01-28;0;0;0;0;0;0;0;0;0;0
FR;5;2021-01-29;0;0;0;0;0;0;0;0;0;0
FR;5;2021-01-30;0;0;0;0;0;0;0;0;0;0
FR;5;2021-01-31;0;0;0;0;0;0;0;0;0;0
FR;5;2021-02-01;0;0;0;0;0;0;0;0;0;0
FR;5;2021-02-02;0;0;0;0;0;0;0;0;0;0
FR;5;2021-02-03;0;0;0;0;0;0;0;0;0;0
FR;5;2021-02-04;0;0;0;0;0;0;0;0;0;0
FR;5;2021-02-05;0;0;0;0;0;0;0;0;0;0
FR;5;2021-02-06;0;0;0;0;0;0;0;0;0;0
FR;5;2021-02-07;0;0;0;0;0;0;0;0;0;0
FR;5;2021-02-08;0;0;0;0;0;0;0;0;0;0
FR;5;2021-02-09;0;0;0;0;0;0;0;0;0;0
FR;5;2021-02-10;0;0;0;0;0;0;0;0;0;0
FR;5;2021-02-11;0;0;0;0;0;0;0;0;0;0
FR;5;2021-02-12;0;0;0;0;0;0;0;0;0;0
FR;5;2021-02-13;0;0;0;0;0;0;0;0;0;0
FR;5;2021-02-14;0;0;0;0;0;0;0;0;0;0
FR;5;2021-02-15;0;0;0;0;0;0;0;0;0;0
FR;5;2021-02-16;0;0;0;0;0;0;0;0;0;0
FR;5;2021-02-17;0;0;0;0;0;0;0;0;0;0
FR;5;2021-02-18;0;0;0;0;0;0;0;0;0;0
FR;5;2021-02-19;0;0;0;0;0;0;0;0;0;0
FR;5;2021-02-20;0;0;0;0;0;0;0;0;0;0
FR;5;2021-02-21;0;0;0;0;0;0;0;0;0;0
FR;5;2021-02-22;0;0;0;0;0;0;0;0;0;0
FR;5;2021-02-23;0;0;0;0;0;0;0;0;0;0
FR;5;2021-02-24;0;0;0;0;0;0;0;0;0;0
FR;5;2021-02-25;0;0;0;0;0;0;0;0;0;0
FR;5;2021-02-26;0;0;0;0;0;0;0;0;0;0
FR;5;2021-02-27;0;0;0;0;0;0;0;0;0;0
FR;5;2021-02-28;0;0;0;0;0;0;0;0;0;0
FR;5;2021-03-01;0;0;0;0;0;0;0;0;0;0
FR;5;2021-03-02;0;0;0;0;0;0;0;0;0;0
FR;5;2021-03-03;0;0;0;0;0;0;0;0;0;0
FR;5;2021-03-04;0;0;0;0;0;0;0;0;0;0
FR;5;2021-03-05;0;0;0;0;0;0;0;0;0;0
FR;5;2021-03-06;0;0;0;0;0;0;0;0;0;0
FR;5;2021-03-07;0;0;0;0;0;0;0;0;0;0
FR;5;2021-03-08;0;0;0;0;0;0;0;0;0;0
FR;5;2021-03-09;0;0;0;0;0;0;0;0;0;0
FR;5;2021-03-10;0;0;0;0;0;0;0;0;0;0
FR;5;2021-03-11;0;0;0;0;0;0;0;0;0;0
FR;5;2021-03-12;0;0;0;0;0;0;0;0;0;0
FR;5;2021-03-13;0;0;0;0;0;0;0;0;0;0
FR;5;2021-03-14;0;0;0;0;0;0;0;0;0;0
FR;5;2021-03-15;0;0;0;0;0;0;0;0;0;0
FR;5;2021-03-16;0;0;0;0;0;0;0;0;0;0
FR;5;2021-03-17;0;0;0;0;0;0;0;0;0;0
FR;5;2021-03-18;0;0;0;0;0;0;0;0;0;0
FR;5;2021-03-19;0;0;0;0;0;0;0;0;0;0
FR;5;2021-03-20;0;0;0;0;0;0;0;0;0;0
FR;5;2021-03-21;0;0;0;0;0;0;0;0;0;0
FR;5;2021-03-22;0;0;0;0;0;0;0;0;0;0
FR;5;2021-03-23;0;0;0;0;0;0;0;0;0;0
FR;5;2021-03-24;0;0;0;0;0;0;0;0;0;0
FR;5;2021-03-25;0;0;0;0;0;0;0;0;0;0
FR;5;2021-03-26;0;0;0;0;0;0;0;0;0;0
FR;5;2021-03-27;0;0;0;0;0;0;0;0;0;0
FR;5;2021-03-28;0;0;0;0;0;0;0;0;0;0
FR;5;2021-03-29;0;0;0;0;0;0;0;0;0;0
FR;5;2021-03-30;0;0;0;0;0;0;0;0;0;0
FR;5;2021-03-31;0;0;0;0;0;0;0;0;0;0
FR;5;2021-04-01;0;0;0;0;0;0;0;0;0;0
FR;5;2021-04-02;0;0;0;0;0;0;0;0;0;0
FR;5;2021-04-03;0;0;0;0;0;0;0;0;0;0
FR;5;2021-04-04;0;0;0;0;0;0;0;0;0;0
FR;5;2021-04-05;0;0;0;0;0;0;0;0;0;0
FR;5;2021-04-06;0;0;0;0;0;0;0;0;0;0
FR;5;2021-04-07;0;0;0;0;0;0;0;0;0;0
FR;5;2021-04-08;0;0;0;0;0;0;0;0;0;0
FR;5;2021-04-09;0;0;0;0;0;0;0;0;0;0
FR;5;2021-04-10;0;0;0;0;0;0;0;0;0;0
FR;5;2021-04-11;0;0;0;0;0;0;0;0;0;0
FR;5;2021-04-12;0;0;0;0;0;0;0;0;0;0
FR;5;2021-04-13;0;0;0;0;0;0;0;0;0;0
FR;5;2021-04-14;0;0;0;0;0;0;0;0;0;0
FR;5;2021-04-15;0;0;0;0;0;0;0;0;0;0
FR;5;2021-04-16;0;0;0;0;0;0;0;0;0;0
FR;5;2021-04-17;0;0;0;0;0;0;0;0;0;0
FR;5;2021-04-18;0;0;0;0;0;0;0;0;0;0
FR;5;2021-04-19;0;0;0;0;0;0;0;0;0;0
FR;5;2021-04-20;0;0;0;0;0;0;0;0;0;0
FR;5;2021-04-21;0;0;0;0;0;0;0;0;0;0
FR;5;2021-04-22;0;0;0;0;0;0;0;0;0;0
FR;5;2021-04-23;0;0;0;0;0;0;0;0;0;0
FR;5;2021-04-24;0;0;0;0;0;0;0;0;0;0
FR;5;2021-04-25;0;0;0;0;0;0;0;0;0;0
FR;5;2021-04-26;0;0;0;0;0;0;0;0;0;0
FR;5;2021-04-27;0;0;0;0;0;0;0;0;0;0
FR;5;2021-04-28;0;0;0;0;0;0;0;0;0;0
FR;5;2021-04-29;0;0;0;0;0;0;0;0;0;0
FR;5;2021-04-30;0;0;0;0;0;0;0;0;0;0
FR;5;2021-05-01;0;0;0;0;0;0;0;0;0;0
FR;5;2021-05-02;0;0;0;0;0;0;0;0;0;0
FR;5;2021-05-03;0;0;0;0;0;0;0;0;0;0
FR;5;2021-05-04;0;0;0;0;0;0;0;0;0;0
FR;5;2021-05-05;0;0;0;0;0;0;0;0;0;0
FR;5;2021-05-06;0;0;0;0;0;0;0;0;0;0
FR;5;2021-05-07;0;0;0;0;0;0;0;0;0;0
FR;5;2021-05-08;0;0;0;0;0;0;0;0;0;0
FR;5;2021-05-09;0;0;0;0;0;0;0;0;0;0
FR;5;2021-05-10;0;0;0;0;0;0;0;0;0;0
FR;5;2021-05-11;0;0;0;0;0;0;0;0;0;0
FR;5;2021-05-12;0;0;0;0;0;0;0;0;0;0
FR;5;2021-05-13;0;0;0;0;0;0;0;0;0;0
FR;5;2021-05-14;0;0;0;0;0;0;0;0;0;0
FR;5;2021-05-15;0;0;0;0;0;0;0;0;0;0
FR;5;2021-05-16;0;0;0;0;0;0;0;0;0;0
FR;5;2021-05-17;0;0;0;0;0;0;0;0;0;0
FR;5;2021-05-18;0;0;0;0;0;0;0;0;0;0
FR;5;2021-05-19;0;0;0;0;0;0;0;0;0;0
FR;5;2021-05-20;0;0;0;0;0;0;0;0;0;0
FR;5;2021-05-21;0;0;0;0;0;0;0;0;0;0
FR;5;2021-05-22;0;0;0;0;0;0;0;0;0;0
FR;5;2021-05-23;0;0;0;0;0;0;0;0;0;0
FR;5;2021-05-24;0;0;0;0;0;0;0;0;0;0
FR;5;2021-05-25;0;0;0;0;0;0;0;0;0;0
FR;5;2021-05-26;0;0;0;0;0;0;0;0;0;0
FR;5;2021-05-27;0;0;0;0;0;0;0;0;0;0
FR;5;2021-05-28;0;0;0;0;0;0;0;0;0;0
FR;5;2021-05-29;0;0;0;0;0;0;0;0;0;0
FR;5;2021-05-30;0;0;0;0;0;0;0;0;0;0
FR;5;2021-05-31;0;0;0;0;0;0;0;0;0;0
FR;5;2021-06-01;0;0;0;0;0;0;0;0;0;0
FR;5;2021-06-02;0;0;0;0;0;0;0;0;0;0
FR;5;2021-06-03;0;0;0;0;0;0;0;0;0;0
FR;5;2021-06-04;0;0;0;0;0;0;0;0;0;0
FR;5;2021-06-05;0;0;0;0;0;0;0;0;0;0
FR;5;2021-06-06;0;0;0;0;0;0;0;0;0;0
FR;5;2021-06-07;0;0;0;0;0;0;0;0;0;0
FR;5;2021-06-08;0;0;0;0;0;0;0;0;0;0
FR;5;2021-06-09;0;0;0;0;0;0;0;0;0;0
FR;5;2021-06-10;0;0;0;0;0;0;0;0;0;0
FR;5;2021-06-11;0;0;0;0;0;0;0;0;0;0
FR;5;2021-06-12;0;0;0;0;0;0;0;0;0;0
FR;5;2021-06-13;0;0;0;0;0;0;0;0;0;0
FR;5;2021-06-14;0;0;0;0;0;0;0;0;0;0
FR;5;2021-06-15;0;0;0;0;0;0;0;0;0;0
FR;5;2021-06-16;0;0;0;0;0;0;0;0;0;0
FR;5;2021-06-17;0;0;0;0;0;0;0;0;0;0
FR;5;2021-06-18;0;0;0;0;0;0;0;0;0;0
FR;5;2021-06-19;0;0;0;0;0;0;0;0;0;0
FR;5;2021-06-20;0;0;0;0;0;0;0;0;0;0
FR;5;2021-06-21;0;0;0;0;0;0;0;0;0;0
FR;5;2021-06-22;0;0;0;0;0;0;0;0;0;0
FR;5;2021-06-23;0;0;0;0;0;0;0;0;0;0
FR;5;2021-06-24;0;0;0;0;0;0;0;0;0;0
FR;5;2021-06-25;0;0;0;0;0;0;0;0;0;0
FR;5;2021-06-26;0;0;0;0;0;0;0;0;0;0
FR;5;2021-06-27;0;0;0;0;0;0;0;0;0;0
FR;5;2021-06-28;0;0;0;0;0;0;0;0;0;0
FR;5;2021-06-29;0;0;0;0;0;0;0;0;0;0
FR;5;2021-06-30;0;0;0;0;0;0;0;0;0;0
FR;5;2021-07-01;0;0;0;0;0;0;0;0;0;0
FR;5;2021-07-02;0;0;0;0;0;0;0;0;0;0
FR;5;2021-07-03;0;0;0;0;0;0;0;0;0;0
FR;5;2021-07-04;0;0;0;0;0;0;0;0;0;0
FR;5;2021-07-05;0;0;0;0;0;0;0;0;0;0
FR;5;2021-07-06;0;0;0;0;0;0;0;0;0;0
FR;5;2021-07-07;0;0;0;0;0;0;0;0;0;0
FR;5;2021-07-08;0;0;0;0;0;0;0;0;0;0
FR;5;2021-07-09;0;0;0;0;0;0;0;0;0;0
FR;5;2021-07-10;0;0;0;0;0;0;0;0;0;0
FR;5;2021-07-11;0;0;0;0;0;0;0;0;0;0
FR;5;2021-07-12;0;0;0;0;0;0;0;0;0;0
FR;5;2021-07-13;0;0;0;0;0;0;0;0;0;0
FR;5;2021-07-14;0;0;0;0;0;0;0;0;0;0
FR;5;2021-07-15;0;0;0;0;0;0;0;0;0;0
FR;5;2021-07-16;0;0;0;0;0;0;0;0;0;0
FR;5;2021-07-17;0;0;0;0;0;0;0;0;0;0
FR;5;2021-07-18;0;0;0;0;0;0;0;0;0;0
FR;5;2021-07-19;0;0;0;0;0;0;0;0;0;0
FR;5;2021-07-20;0;0;0;0;0;0;0;0;0;0
FR;5;2021-07-21;0;0;0;0;0;0;0;0;0;0
FR;5;2021-07-22;0;0;0;0;0;0;0;0;0;0
FR;5;2021-07-23;0;0;0;0;0;0;0;0;0;0
FR;5;2021-07-24;0;0;0;0;0;0;0;0;0;0
FR;5;2021-07-25;0;0;0;0;0;0;0;0;0;0
FR;5;2021-07-26;0;0;0;0;0;0;0;0;0;0
FR;5;2021-07-27;0;0;0;0;0;0;0;0;0;0
FR;5;2021-07-28;0;0;0;0;0;0;0;0;0;0
FR;5;2021-07-29;0;0;0;0;0;0;0;0;0;0
FR;5;2021-07-30;0;0;0;0;0;0;0;0;0;0
FR;5;2021-07-31;0;0;0;0;0;0;0;0;0;0
FR;5;2021-08-01;0;0;0;0;0;0;0;0;0;0
FR;5;2021-08-02;0;0;0;0;0;0;0;0;0;0
FR;5;2021-08-03;0;0;0;0;0;0;0;0;0;0
FR;5;2021-08-04;0;0;0;0;0;0;0;0;0;0
FR;5;2021-08-05;0;0;0;0;0;0;0;0;0;0
FR;5;2021-08-06;0;0;0;0;0;0;0;0;0;0
FR;5;2021-08-07;0;0;0;0;0;0;0;0;0;0
FR;5;2021-08-08;0;0;0;0;0;0;0;0;0;0
FR;5;2021-08-09;0;0;0;0;0;0;0;0;0;0
FR;5;2021-08-10;0;0;0;0;0;0;0;0;0;0
FR;5;2021-08-11;0;0;0;0;0;0;0;0;0;0
FR;5;2021-08-12;0;0;0;0;0;0;0;0;0;0
FR;5;2021-08-13;0;0;0;0;0;0;0;0;0;0
FR;5;2021-08-14;0;0;0;0;0;0;0;0;0;0
FR;5;2021-08-15;0;0;0;0;0;0;0;0;0;0
FR;5;2021-08-16;0;0;0;0;0;0;0;0;0;0
FR;5;2021-08-17;0;0;0;0;0;0;0;0;0;0
FR;5;2021-08-18;0;0;0;0;0;0;0;0;0;0
FR;5;2021-08-19;0;0;0;0;0;0;0;0;0;0
FR;5;2021-08-20;0;0;0;0;0;0;0;0;0;0
FR;5;2021-08-21;0;0;0;0;0;0;0;0;0;0
FR;5;2021-08-22;0;0;0;0;0;0;0;0;0;0
FR;5;2021-08-23;0;0;0;0;0;0;0;0;0;0
FR;5;2021-08-24;0;0;0;0;0;0;0;0;0;0
FR;5;2021-08-25;0;0;0;0;0;0;0;0;0;0
FR;5;2021-08-26;0;0;0;0;0;0;0;0;0;0
FR;5;2021-08-27;0;0;0;0;0;0;0;0;0;0
FR;5;2021-08-28;0;0;0;0;0;0;0;0;0;0
FR;5;2021-08-29;0;0;0;0;0;0;0;0;0;0
FR;5;2021-08-30;0;0;0;0;0;0;0;0;0;0
FR;5;2021-08-31;0;0;0;0;0;0;0;0;0;0
FR;5;2021-09-01;0;0;0;0;0;0;0;0;0;0
FR;5;2021-09-02;0;0;0;0;0;0;0;0;0;0
FR;5;2021-09-03;0;0;0;0;0;0;0;0;0;0
FR;5;2021-09-04;0;0;0;0;0;0;0;0;0;0
FR;5;2021-09-05;0;0;0;0;0;0;0;0;0;0
FR;5;2021-09-06;0;0;0;0;0;0;0;0;0;0
FR;5;2021-09-07;0;0;0;0;0;0;0;0;0;0
FR;5;2021-09-08;0;0;0;0;0;0;0;0;0;0
FR;5;2021-09-09;0;0;0;0;0;0;0;0;0;0
FR;5;2021-09-10;0;0;0;0;0;0;0;0;0;0
FR;5;2021-09-11;0;0;0;0;0;0;0;0;0;0
FR;5;2021-09-12;0;0;0;0;0;0;0;0;0;0
FR;5;2021-09-13;0;0;0;0;0;0;0;0;0;0
FR;5;2021-09-14;0;0;0;0;0;0;0;0;0;0
FR;5;2021-09-15;0;0;0;0;0;0;0;0;0;0
FR;5;2021-09-16;0;0;0;0;0;0;0;0;0;0
FR;5;2021-09-17;0;0;0;0;0;0;0;0;0;0
FR;5;2021-09-18;0;0;0;0;0;0;0;0;0;0
FR;5;2021-09-19;0;0;0;0;0;0;0;0;0;0
FR;5;2021-09-20;0;0;0;0;0;0;0;0;0;0
FR;5;2021-09-21;0;0;0;0;0;0;0;0;0;0
FR;5;2021-09-22;0;0;0;0;0;0;0;0;0;0
FR;5;2021-09-23;0;0;0;0;0;0;0;0;0;0
FR;5;2021-09-24;0;0;0;0;0;0;0;0;0;0
FR;5;2021-09-25;0;0;0;0;0;0;0;0;0;0
FR;5;2021-09-26;0;0;0;0;0;0;0;0;0;0
FR;5;2021-09-27;0;0;0;0;0;0;0;0;0;0
FR;5;2021-09-28;0;0;0;0;0;0;0;0;0;0
FR;5;2021-09-29;0;0;0;0;0;0;0;0;0;0
FR;5;2021-09-30;0;0;0;0;0;0;0;0;0;0
FR;5;2021-10-01;0;0;0;0;0;0;0;0;0;0
FR;5;2021-10-02;0;0;0;0;0;0;0;0;0;0
FR;5;2021-10-03;0;0;0;0;0;0;0;0;0;0
FR;5;2021-10-04;0;0;0;0;0;0;0;0;0;0
FR;5;2021-10-05;0;0;0;0;0;0;0;0;0;0
FR;5;2021-10-06;0;0;0;0;0;0;0;0;0;0
FR;5;2021-10-07;0;0;0;0;0;0;0;0;0;0
FR;5;2021-10-08;0;0;0;0;0;0;0;0;0;0
FR;5;2021-10-09;0;0;0;0;0;0;0;0;0;0
FR;5;2021-10-10;0;0;0;0;0;0;0;0;0;0
FR;5;2021-10-11;0;0;0;0;0;0;0;0;0;0
FR;5;2021-10-12;0;0;0;0;0;0;0;0;0;0
FR;5;2021-10-13;0;0;0;0;0;0;0;0;0;0
FR;5;2021-10-14;0;0;0;0;0;0;0;0;0;0
FR;5;2021-10-15;0;0;0;0;0;0;0;0;0;0
FR;5;2021-10-16;0;0;0;0;0;0;0;0;0;0
FR;5;2021-10-17;0;0;0;0;0;0;0;0;0;0
FR;5;2021-10-18;0;0;0;0;0;0;0;0;0;0
FR;5;2021-10-19;0;0;0;0;0;0;0;0;0;0
FR;5;2021-10-20;0;0;0;0;0;0;0;0;0;0
FR;5;2021-10-21;0;0;0;0;0;0;0;0;0;0
FR;5;2021-10-22;0;0;0;0;0;0;0;0;0;0
FR;5;2021-10-23;0;0;0;0;0;0;0;0;0;0
FR;5;2021-10-24;0;0;0;0;0;0;0;0;0;0
FR;5;2021-10-25;0;0;0;0;0;0;0;0;0;0
FR;5;2021-10-26;0;0;0;0;0;0;0;0;0;0
FR;5;2021-10-27;0;0;0;0;0;0;0;0;0;0
FR;5;2021-10-28;0;0;0;0;0;0;0;0;0;0
FR;5;2021-10-29;0;0;0;0;0;0;0;0;0;0
FR;5;2021-10-30;0;0;0;0;0;0;0;0;0;0
FR;5;2021-10-31;0;0;0;0;0;0;0;0;0;0
FR;5;2021-11-01;0;0;0;0;0;0;0;0;0;0
FR;5;2021-11-02;0;0;0;0;0;0;0;0;0;0
FR;5;2021-11-03;0;0;0;0;0;0;0;0;0;0
FR;5;2021-11-04;0;0;0;0;0;0;0;0;0;0
FR;5;2021-11-05;0;0;0;0;0;0;0;0;0;0
FR;5;2021-11-06;0;0;0;0;0;0;0;0;0;0
FR;5;2021-11-07;0;0;0;0;0;0;0;0;0;0
FR;5;2021-11-08;0;0;0;0;0;0;0;0;0;0
FR;5;2021-11-09;0;0;0;0;0;0;0;0;0;0
FR;5;2021-11-10;0;0;0;0;0;0;0;0;0;0
FR;5;2021-11-11;0;0;0;0;0;0;0;0;0;0
FR;5;2021-11-12;0;0;0;0;0;0;0;0;0;0
FR;5;2021-11-13;0;0;0;0;0;0;0;0;0;0
FR;5;2021-11-14;0;0;0;0;0;0;0;0;0;0
FR;5;2021-11-15;0;0;0;0;0;0;0;0;0;0
FR;5;2021-11-16;0;0;0;0;0;0;0;0;0;0
FR;5;2021-11-17;0;0;0;0;0;0;0;0;0;0
FR;5;2021-11-18;0;0;0;0;0;0;0;0;0;0
FR;5;2021-11-19;0;0;0;0;0;0;0;0;0;0
FR;5;2021-11-20;0;0;0;0;0;0;0;0;0;0
FR;5;2021-11-21;0;0;0;0;0;0;0;0;0;0
FR;5;2021-11-22;0;0;0;0;0;0;0;0;0;0
FR;5;2021-11-23;0;0;0;0;0;0;0;0;0;0
FR;5;2021-11-24;0;0;0;0;0;0;0;0;0;0
FR;5;2021-11-25;0;0;0;0;0;0;0;0;0;0
FR;5;2021-11-26;0;0;0;0;0;0;0;0;0;0
FR;5;2021-11-27;0;0;0;0;0;0;0;0;0;0
FR;5;2021-11-28;0;0;0;0;0;0;0;0;0;0
FR;5;2021-11-29;0;0;0;0;0;0;0;0;0;0
FR;5;2021-11-30;0;0;0;0;0;0;0;0;0;0
FR;5;2021-12-01;0;0;0;0;0;0;0;0;0;0
FR;5;2021-12-02;0;0;0;0;0;0;0;0;0;0
FR;5;2021-12-03;0;0;0;0;0;0;0;0;0;0
FR;5;2021-12-04;0;0;0;0;0;0;0;0;0;0
FR;5;2021-12-05;0;0;0;0;0;0;0;0;0;0
FR;5;2021-12-06;0;0;0;0;0;0;0;0;0;0
FR;5;2021-12-07;0;0;0;0;0;0;0;0;0;0
FR;5;2021-12-08;0;0;0;0;0;0;0;0;0;0
FR;5;2021-12-09;0;0;0;0;0;0;0;0;0;0
FR;5;2021-12-10;0;0;0;0;0;0;0;0;0;0
FR;5;2021-12-11;0;0;0;0;0;0;0;0;0;0
FR;5;2021-12-12;0;0;0;0;0;0;0;0;0;0
FR;5;2021-12-13;0;0;0;0;0;0;0;0;0;0
FR;5;2021-12-14;29;45;77;0;88;29;45;77;0;88
FR;5;2021-12-15;196;44;37;0;49;225;89;114;0;137
FR;5;2021-12-16;180;21;44;0;48;405;110;158;0;185
FR;5;2021-12-17;310;16;72;0;74;715;126;230;0;259
FR;5;2021-12-18;764;24;22;0;29;1479;150;252;0;288
FR;5;2021-12-19;586;15;15;0;17;2065;165;267;0;305
FR;5;2021-12-20;1223;31;35;0;38;3288;196;302;0;343
FR;5;2021-12-21;1535;22;54;1;60;4823;218;356;1;403
FR;5;2021-12-22;4069;40;37;0;46;8892;258;393;1;449
FR;5;2021-12-23;3042;16;21;0;25;11934;274;414;1;474
FR;5;2021-12-24;759;18;9;0;15;12693;292;423;1;489
FR;5;2021-12-25;61;5;1;0;2;12754;297;424;1;491
FR;5;2021-12-26;623;6;3;0;4;13377;303;427;1;495
FR;5;2021-12-27;4080;25;21;0;23;17457;328;448;1;518
FR;5;2021-12-28;5202;23;41;1;43;22659;351;489;2;561
FR;5;2021-12-29;8104;34;65;2;68;30763;385;554;4;629
FR;5;2021-12-30;5172;18;33;0;39;35935;403;587;4;668
FR;5;2021-12-31;1553;8;10;0;11;37488;411;597;4;679
FR;5;2022-01-01;185;2;2;0;3;37673;413;599;4;682
FR;5;2022-01-02;1489;1;1;0;1;39162;414;600;4;683
FR;5;2022-01-03;3058;36;33;0;32;42220;450;633;4;715
FR;5;2022-01-04;3034;39;33;0;42;45254;489;666;4;757
FR;5;2022-01-05;19323;203;97;1;108;64577;692;763;5;865
FR;5;2022-01-06;3742;133;122;0;142;68319;825;885;5;1007
FR;5;2022-01-07;5007;200;48;2;56;73326;1025;933;7;1063
FR;5;2022-01-08;13654;514;45;0;52;86980;1539;978;7;1115
FR;5;2022-01-09;5755;399;15;0;20;92735;1938;993;7;1135
FR;5;2022-01-10;3453;326;25;0;29;96188;2264;1018;7;1164
FR;5;2022-01-11;3668;284;38;0;41;99856;2548;1056;7;1205
FR;5;2022-01-12;22652;3003;90;0;113;122508;5551;1146;7;1318
FR;5;2022-01-13;4035;622;30;0;32;126543;6173;1176;7;1350
FR;5;2022-01-14;4843;581;44;0;51;131386;6754;1220;7;1401
FR;5;2022-01-15;14681;1746;38;3;49;146067;8500;1258;10;1450
FR;5;2022-01-16;4727;666;3;0;5;150794;9166;1261;10;1455
FR;5;2022-01-17;2293;715;26;0;29;153087;9881;1287;10;1484
FR;5;2022-01-18;2430;870;30;0;40;155517;10751;1317;10;1524
FR;5;2022-01-19;18481;6422;74;2;142;173998;17173;1391;12;1666
FR;5;2022-01-20;1920;1067;25;0;34;175918;18240;1416;12;1700
FR;5;2022-01-21;3076;1371;47;1;59;178994;19611;1463;13;1759
FR;5;2022-01-22;10722;3454;33;1;43;189716;23065;1496;14;1802
FR;5;2022-01-23;2629;1415;5;0;9;192345;24480;1501;14;1811
FR;5;2022-01-24;1159;1340;19;0;23;193504;25820;1520;14;1834
FR;5;2022-01-25;1219;1548;19;2;29;194723;27368;1539;16;1863
FR;5;2022-01-26;10751;12024;50;1;89;205474;39392;1589;17;1952
FR;5;2022-01-27;1291;1693;10;0;17;206765;41085;1599;17;1969
FR;5;2022-01-28;1695;3347;16;0;19;208460;44432;1615;17;1988
FR;5;2022-01-29;6237;8040;68;0;96;214697;52472;1683;17;2084
FR;5;2022-01-30;1509;2950;5;0;18;216206;55422;1688;17;2102
FR;5;2022-01-31;588;1773;23;0;24;216794;57195;1711;17;2126
FR;5;2022-02-01;712;1702;10;0;15;217506;58897;1721;17;2141
FR;5;2022-02-02;6957;15654;52;0;94;224463;74551;1773;17;2235
FR;5;2022-02-03;488;1690;14;0;13;224951;76241;1787;17;2248
FR;5;2022-02-04;943;3001;19;0;31;225894;79242;1806;17;2279
FR;5;2022-02-05;3532;8916;23;0;37;229426;88158;1829;17;2316
FR;5;2022-02-06;737;2397;10;0;19;230163;90555;1839;17;2335
FR;5;2022-02-07;883;1595;22;0;24;231046;92150;1861;17;2359
FR;5;2022-02-08;722;1285;18;0;20;231768;93435;1879;17;2379
FR;5;2022-02-09;4535;12876;44;0;76;236303;106311;1923;17;2455
FR;5;2022-02-10;646;1058;14;0;15;236949;107369;1937;17;2470
FR;5;2022-02-11;793;2026;16;0;21;237742;109395;1953;17;2491
FR;5;2022-02-12;2285;6811;33;0;53;240027;116206;1986;17;2544
FR;5;2022-02-13;465;1540;8;0;8;240492;117746;1994;17;2552
FR;5;2022-02-14;678;1288;10;0;13;241170;119034;2004;17;2565
FR;5;2022-02-15;482;885;9;0;14;241652;119919;2013;17;2579
FR;5;2022-02-16;2980;9123;41;1;58;244632;129042;2054;18;2637
FR;5;2022-02-17;435;805;6;0;7;245067;129847;2060;18;2644
FR;5;2022-02-18;650;1407;13;0;17;245717;131254;2073;18;2661
FR;5;2022-02-19;1371;4314;16;0;28;247088;135568;2089;18;2689
FR;5;2022-02-20;247;879;6;0;8;247335;136447;2095;18;2697
FR;5;2022-02-21;221;607;2;0;4;247556;137054;2097;18;2701
FR;5;2022-02-22;259;545;17;0;17;247815;137599;2114;18;2718
FR;5;2022-02-23;1907;6923;22;1;42;249722;144522;2136;19;2760
FR;5;2022-02-24;182;374;5;1;6;249904;144896;2141;20;2766
FR;5;2022-02-25;336;949;13;0;12;250240;145845;2154;20;2778
FR;5;2022-02-26;972;3069;10;0;14;251212;148914;2164;20;2792
FR;5;2022-02-27;147;506;0;0;3;251359;149420;2164;20;2795
FR;5;2022-02-28;161;369;1;0;1;251520;149789;2165;20;2796
FR;5;2022-03-01;128;279;6;0;7;251648;150068;2171;20;2803
FR;5;2022-03-02;1240;4150;28;3;40;252888;154218;2199;23;2843
FR;5;2022-03-03;121;250;6;0;9;253009;154468;2205;23;2852
FR;5;2022-03-04;193;488;13;0;14;253202;154956;2218;23;2866
FR;5;2022-03-05;676;1990;8;0;16;253878;156946;2226;23;2882
FR;5;2022-03-06;108;260;0;0;0;253986;157206;2226;23;2882
FR;5;2022-03-07;71;228;5;0;3;254057;157434;2231;23;2885
FR;5;2022-03-08;46;130;7;1;7;254103;157564;2238;24;2892
FR;5;2022-03-09;909;3076;24;0;36;255012;160640;2262;24;2928
FR;5;2022-03-10;82;200;8;0;11;255094;160840;2270;24;2939
FR;5;2022-03-11;147;369;13;1;15;255241;161209;2283;25;2954
FR;5;2022-03-12;758;1613;13;1;30;255999;162822;2296;26;2984
FR;5;2022-03-13;76;100;0;0;0;256075;162922;2296;26;2984
FR;5;2022-03-14;67;118;7;1;7;256142;163040;2303;27;2991
FR;5;2022-03-15;83;99;3;0;6;256225;163139;2306;27;2997
FR;5;2022-03-16;884;1822;15;3;34;257109;164961;2321;30;3031
FR;5;2022-03-17;66;123;8;4;10;257175;165084;2329;34;3041
FR;5;2022-03-18;172;318;13;4;18;257347;165402;2342;38;3059
FR;5;2022-03-19;749;1162;12;5;33;258096;166564;2354;43;3092
FR;5;2022-03-20;45;93;1;0;1;258141;166657;2355;43;3093
FR;5;2022-03-21;71;120;10;6;15;258212;166777;2365;49;3108
FR;5;2022-03-22;56;119;8;8;9;258268;166896;2373;57;3117
FR;5;2022-03-23;803;1461;14;8;36;259071;168357;2387;65;3153
FR;5;2022-03-24;68;93;8;7;7;259139;168450;2395;72;3160
FR;5;2022-03-25;222;290;14;8;18;259361;168740;2409;80;3178
FR;5;2022-03-26;706;853;12;5;26;260067;169593;2421;85;3204
FR;5;2022-03-27;74;78;0;0;3;260141;169671;2421;85;3207
FR;5;2022-03-28;81;91;1;2;3;260222;169762;2422;87;3210
FR;5;2022-03-29;71;82;10;4;12;260293;169844;2432;91;3222
FR;5;2022-03-30;820;1115;16;13;29;261113;170959;2448;104;3251
FR;5;2022-03-31;102;124;1;4;6;261215;171083;2449;108;3257
FR;5;2022-04-01;107;86;7;12;11;261322;171169;2456;120;3268
FR;5;2022-04-02;329;348;3;3;14;261651;171517;2459;123;3282
FR;5;2022-04-03;54;59;1;0;1;261705;171576;2460;123;3283
FR;5;2022-04-04;36;57;4;1;8;261741;171633;2464;124;3291
FR;5;2022-04-05;51;60;6;7;9;261792;171693;2470;131;3300
FR;5;2022-04-06;421;439;7;15;16;262213;172132;2477;146;3316
FR;5;2022-04-07;45;68;5;7;7;262258;172200;2482;153;3323
FR;5;2022-04-08;130;110;12;14;15;262388;172310;2494;167;3338
FR;5;2022-04-09;309;321;2;5;16;262697;172631;2496;172;3354
FR;5;2022-04-10;43;31;2;0;2;262740;172662;2498;172;3356
FR;5;2022-04-11;50;60;3;2;4;262790;172722;2501;174;3360
FR;5;2022-04-12;57;54;3;3;5;262847;172776;2504;177;3365
FR;5;2022-04-13;382;413;3;8;16;263229;173189;2507;185;3381
FR;5;2022-04-14;47;48;5;5;9;263276;173237;2512;190;3390
FR;5;2022-04-15;91;109;3;5;5;263367;173346;2515;195;3395
FR;5;2022-04-16;188;183;2;1;13;263555;173529;2517;196;3408
FR;5;2022-04-17;12;10;1;0;1;263567;173539;2518;196;3409
FR;5;2022-04-18;8;9;2;0;2;263575;173548;2520;196;3411
FR;5;2022-04-19;73;70;6;1;6;263648;173618;2526;197;3417
FR;5;2022-04-20;360;349;9;6;12;264008;173967;2535;203;3429
FR;5;2022-04-21;42;64;9;10;12;264050;174031;2544;213;3441
FR;5;2022-04-22;113;96;5;4;5;264163;174127;2549;217;3446
FR;5;2022-04-23;209;192;3;2;10;264372;174319;2552;219;3456
FR;5;2022-04-24;37;35;0;0;3;264409;174354;2552;219;3459
FR;5;2022-04-25;67;65;1;1;4;264476;174419;2553;220;3463
FR;5;2022-04-26;60;61;2;1;5;264536;174480;2555;221;3468
FR;5;2022-04-27;335;316;2;7;14;264871;174796;2557;228;3482
FR;5;2022-04-28;75;54;4;5;8;264946;174850;2561;233;3490
FR;5;2022-04-29;117;79;5;18;12;265063;174929;2566;251;3502
FR;5;2022-04-30;182;115;1;3;10;265245;175044;2567;254;3512
FR;5;2022-05-01;10;7;0;0;0;265255;175051;2567;254;3512
FR;5;2022-05-02;46;27;4;5;2;265301;175078;2571;259;3514
FR;5;2022-05-03;83;55;2;5;11;265384;175133;2573;264;3525
FR;5;2022-05-04;276;204;1;2;7;265660;175337;2574;266;3532
FR;5;2022-05-05;62;32;2;4;4;265722;175369;2576;270;3536
FR;5;2022-05-06;103;64;2;3;5;265825;175433;2578;273;3541
FR;5;2022-05-07;170;115;3;10;13;265995;175548;2581;283;3554
FR;5;2022-05-08;7;8;0;0;2;266002;175556;2581;283;3556
FR;5;2022-05-09;44;32;15;3;16;266046;175588;2596;286;3572
FR;5;2022-05-10;54;48;3;4;5;266100;175636;2599;290;3577
FR;5;2022-05-11;324;236;12;7;21;266424;175872;2611;297;3598
FR;5;2022-05-12;46;34;1;3;2;266470;175906;2612;300;3600
FR;5;2022-05-13;108;83;2;8;8;266578;175989;2614;308;3608
FR;5;2022-05-14;203;129;0;1;8;266781;176118;2614;309;3616
FR;5;2022-05-15;22;7;2;0;1;266803;176125;2616;309;3617
FR;5;2022-05-16;49;31;2;5;4;266852;176156;2618;314;3621
FR;5;2022-05-17;72;40;5;0;2;266924;176196;2623;314;3623
FR;5;2022-05-18;288;213;4;4;8;267212;176409;2627;318;3631
FR;5;2022-05-19;44;35;4;3;2;267256;176444;2631;321;3633
FR;5;2022-05-20;73;62;2;4;1;267329;176506;2633;325;3634
FR;5;2022-05-21;241;164;2;3;17;267570;176670;2635;328;3651
FR;5;2022-05-22;20;14;2;5;2;267590;176684;2637;333;3653
FR;5;2022-05-23;41;23;4;3;6;267631;176707;2641;336;3659
FR;5;2022-05-24;43;43;2;2;3;267674;176750;2643;338;3662
FR;6;2020-12-27;0;0;0;0;0;0;0;0;0;0
FR;6;2020-12-28;0;0;0;0;0;0;0;0;0;0
FR;6;2020-12-29;0;0;0;0;0;0;0;0;0;0
FR;6;2020-12-30;0;0;0;0;0;0;0;0;0;0
FR;6;2020-12-31;0;0;0;0;0;0;0;0;0;0
FR;6;2021-01-01;0;0;0;0;0;0;0;0;0;0
FR;6;2021-01-02;0;0;0;0;0;0;0;0;0;0
FR;6;2021-01-03;0;0;0;0;0;0;0;0;0;0
FR;6;2021-01-04;0;0;0;0;0;0;0;0;0;0
FR;6;2021-01-05;0;0;0;0;0;0;0;0;0;0
FR;6;2021-01-06;0;0;0;0;0;0;0;0;0;0
FR;6;2021-01-07;0;0;0;0;0;0;0;0;0;0
FR;6;2021-01-08;0;0;0;0;0;0;0;0;0;0
FR;6;2021-01-09;0;0;0;0;0;0;0;0;0;0
FR;6;2021-01-10;0;0;0;0;0;0;0;0;0;0
FR;6;2021-01-11;0;0;0;0;0;0;0;0;0;0
FR;6;2021-01-12;0;0;0;0;0;0;0;0;0;0
FR;6;2021-01-13;0;0;0;0;0;0;0;0;0;0
FR;6;2021-01-14;0;0;0;0;0;0;0;0;0;0
FR;6;2021-01-15;0;0;0;0;0;0;0;0;0;0
FR;6;2021-01-16;0;0;0;0;0;0;0;0;0;0
FR;6;2021-01-17;0;0;0;0;0;0;0;0;0;0
FR;6;2021-01-18;0;0;0;0;0;0;0;0;0;0
FR;6;2021-01-19;0;0;0;0;0;0;0;0;0;0
FR;6;2021-01-20;0;0;0;0;0;0;0;0;0;0
FR;6;2021-01-21;0;0;0;0;0;0;0;0;0;0
FR;6;2021-01-22;0;0;0;0;0;0;0;0;0;0
FR;6;2021-01-23;0;0;0;0;0;0;0;0;0;0
FR;6;2021-01-24;0;0;0;0;0;0;0;0;0;0
FR;6;2021-01-25;0;0;0;0;0;0;0;0;0;0
FR;6;2021-01-26;0;0;0;0;0;0;0;0;0;0
FR;6;2021-01-27;0;0;0;0;0;0;0;0;0;0
FR;6;2021-01-28;0;0;0;0;0;0;0;0;0;0
FR;6;2021-01-29;0;0;0;0;0;0;0;0;0;0
FR;6;2021-01-30;0;0;0;0;0;0;0;0;0;0
FR;6;2021-01-31;0;0;0;0;0;0;0;0;0;0
FR;6;2021-02-01;0;0;0;0;0;0;0;0;0;0
FR;6;2021-02-02;0;0;0;0;0;0;0;0;0;0
FR;6;2021-02-03;0;0;0;0;0;0;0;0;0;0
FR;6;2021-02-04;0;0;0;0;0;0;0;0;0;0
FR;6;2021-02-05;0;0;0;0;0;0;0;0;0;0
FR;6;2021-02-06;0;0;0;0;0;0;0;0;0;0
FR;6;2021-02-07;0;0;0;0;0;0;0;0;0;0
FR;6;2021-02-08;0;0;0;0;0;0;0;0;0;0
FR;6;2021-02-09;0;0;0;0;0;0;0;0;0;0
FR;6;2021-02-10;0;0;0;0;0;0;0;0;0;0
FR;6;2021-02-11;0;0;0;0;0;0;0;0;0;0
FR;6;2021-02-12;0;0;0;0;0;0;0;0;0;0
FR;6;2021-02-13;0;0;0;0;0;0;0;0;0;0
FR;6;2021-02-14;0;0;0;0;0;0;0;0;0;0
FR;6;2021-02-15;0;0;0;0;0;0;0;0;0;0
FR;6;2021-02-16;0;0;0;0;0;0;0;0;0;0
FR;6;2021-02-17;0;0;0;0;0;0;0;0;0;0
FR;6;2021-02-18;0;0;0;0;0;0;0;0;0;0
FR;6;2021-02-19;0;0;0;0;0;0;0;0;0;0
FR;6;2021-02-20;0;0;0;0;0;0;0;0;0;0
FR;6;2021-02-21;0;0;0;0;0;0;0;0;0;0
FR;6;2021-02-22;0;0;0;0;0;0;0;0;0;0
FR;6;2021-02-23;0;0;0;0;0;0;0;0;0;0
FR;6;2021-02-24;0;0;0;0;0;0;0;0;0;0
FR;6;2021-02-25;0;0;0;0;0;0;0;0;0;0
FR;6;2021-02-26;0;0;0;0;0;0;0;0;0;0
FR;6;2021-02-27;0;0;0;0;0;0;0;0;0;0
FR;6;2021-02-28;0;0;0;0;0;0;0;0;0;0
FR;6;2021-03-01;0;0;0;0;0;0;0;0;0;0
FR;6;2021-03-02;0;0;0;0;0;0;0;0;0;0
FR;6;2021-03-03;0;0;0;0;0;0;0;0;0;0
FR;6;2021-03-04;0;0;0;0;0;0;0;0;0;0
FR;6;2021-03-05;0;0;0;0;0;0;0;0;0;0
FR;6;2021-03-06;0;0;0;0;0;0;0;0;0;0
FR;6;2021-03-07;0;0;0;0;0;0;0;0;0;0
FR;6;2021-03-08;0;0;0;0;0;0;0;0;0;0
FR;6;2021-03-09;0;0;0;0;0;0;0;0;0;0
FR;6;2021-03-10;0;0;0;0;0;0;0;0;0;0
FR;6;2021-03-11;0;0;0;0;0;0;0;0;0;0
FR;6;2021-03-12;0;0;0;0;0;0;0;0;0;0
FR;6;2021-03-13;0;0;0;0;0;0;0;0;0;0
FR;6;2021-03-14;0;0;0;0;0;0;0;0;0;0
FR;6;2021-03-15;0;0;0;0;0;0;0;0;0;0
FR;6;2021-03-16;0;0;0;0;0;0;0;0;0;0
FR;6;2021-03-17;0;0;0;0;0;0;0;0;0;0
FR;6;2021-03-18;0;0;0;0;0;0;0;0;0;0
FR;6;2021-03-19;0;0;0;0;0;0;0;0;0;0
FR;6;2021-03-20;0;0;0;0;0;0;0;0;0;0
FR;6;2021-03-21;0;0;0;0;0;0;0;0;0;0
FR;6;2021-03-22;0;0;0;0;0;0;0;0;0;0
FR;6;2021-03-23;0;0;0;0;0;0;0;0;0;0
FR;6;2021-03-24;0;0;0;0;0;0;0;0;0;0
FR;6;2021-03-25;0;0;0;0;0;0;0;0;0;0
FR;6;2021-03-26;0;0;0;0;0;0;0;0;0;0
FR;6;2021-03-27;0;0;0;0;0;0;0;0;0;0
FR;6;2021-03-28;0;0;0;0;0;0;0;0;0;0
FR;6;2021-03-29;0;0;0;0;0;0;0;0;0;0
FR;6;2021-03-30;0;0;0;0;0;0;0;0;0;0
FR;6;2021-03-31;0;0;0;0;0;0;0;0;0;0
FR;6;2021-04-01;0;0;0;0;0;0;0;0;0;0
FR;6;2021-04-02;0;0;0;0;0;0;0;0;0;0
FR;6;2021-04-03;0;0;0;0;0;0;0;0;0;0
FR;6;2021-04-04;0;0;0;0;0;0;0;0;0;0
FR;6;2021-04-05;0;0;0;0;0;0;0;0;0;0
FR;6;2021-04-06;0;0;0;0;0;0;0;0;0;0
FR;6;2021-04-07;0;0;0;0;0;0;0;0;0;0
FR;6;2021-04-08;0;0;0;0;0;0;0;0;0;0
FR;6;2021-04-09;0;0;0;0;0;0;0;0;0;0
FR;6;2021-04-10;0;0;0;0;0;0;0;0;0;0
FR;6;2021-04-11;0;0;0;0;0;0;0;0;0;0
FR;6;2021-04-12;0;0;0;0;0;0;0;0;0;0
FR;6;2021-04-13;0;0;0;0;0;0;0;0;0;0
FR;6;2021-04-14;0;0;0;0;0;0;0;0;0;0
FR;6;2021-04-15;0;0;0;0;0;0;0;0;0;0
FR;6;2021-04-16;0;0;0;0;0;0;0;0;0;0
FR;6;2021-04-17;0;0;0;0;0;0;0;0;0;0
FR;6;2021-04-18;0;0;0;0;0;0;0;0;0;0
FR;6;2021-04-19;0;0;0;0;0;0;0;0;0;0
FR;6;2021-04-20;0;0;0;0;0;0;0;0;0;0
FR;6;2021-04-21;0;0;0;0;0;0;0;0;0;0
FR;6;2021-04-22;0;0;0;0;0;0;0;0;0;0
FR;6;2021-04-23;0;0;0;0;0;0;0;0;0;0
FR;6;2021-04-24;0;0;0;0;0;0;0;0;0;0
FR;6;2021-04-25;0;0;0;0;0;0;0;0;0;0
FR;6;2021-04-26;0;0;0;0;0;0;0;0;0;0
FR;6;2021-04-27;0;0;0;0;0;0;0;0;0;0
FR;6;2021-04-28;0;0;0;0;0;0;0;0;0;0
FR;6;2021-04-29;0;0;0;0;0;0;0;0;0;0
FR;6;2021-04-30;0;0;0;0;0;0;0;0;0;0
FR;6;2021-05-01;0;0;0;0;0;0;0;0;0;0
FR;6;2021-05-02;0;0;0;0;0;0;0;0;0;0
FR;6;2021-05-03;0;0;0;0;0;0;0;0;0;0
FR;6;2021-05-04;0;0;0;0;0;0;0;0;0;0
FR;6;2021-05-05;0;0;0;0;0;0;0;0;0;0
FR;6;2021-05-06;0;0;0;0;0;0;0;0;0;0
FR;6;2021-05-07;0;0;0;0;0;0;0;0;0;0
FR;6;2021-05-08;0;0;0;0;0;0;0;0;0;0
FR;6;2021-05-09;0;0;0;0;0;0;0;0;0;0
FR;6;2021-05-10;0;0;0;0;0;0;0;0;0;0
FR;6;2021-05-11;0;0;0;0;0;0;0;0;0;0
FR;6;2021-05-12;0;0;0;0;0;0;0;0;0;0
FR;6;2021-05-13;0;0;0;0;0;0;0;0;0;0
FR;6;2021-05-14;0;0;0;0;0;0;0;0;0;0
FR;6;2021-05-15;0;0;0;0;0;0;0;0;0;0
FR;6;2021-05-16;0;0;0;0;0;0;0;0;0;0
FR;6;2021-05-17;0;0;0;0;0;0;0;0;0;0
FR;6;2021-05-18;0;0;0;0;0;0;0;0;0;0
FR;6;2021-05-19;0;0;0;0;0;0;0;0;0;0
FR;6;2021-05-20;0;0;0;0;0;0;0;0;0;0
FR;6;2021-05-21;0;0;0;0;0;0;0;0;0;0
FR;6;2021-05-22;0;0;0;0;0;0;0;0;0;0
FR;6;2021-05-23;0;0;0;0;0;0;0;0;0;0
FR;6;2021-05-24;0;0;0;0;0;0;0;0;0;0
FR;6;2021-05-25;0;0;0;0;0;0;0;0;0;0
FR;6;2021-05-26;0;0;0;0;0;0;0;0;0;0
FR;6;2021-05-27;0;0;0;0;0;0;0;0;0;0
FR;6;2021-05-28;0;0;0;0;0;0;0;0;0;0
FR;6;2021-05-29;0;0;0;0;0;0;0;0;0;0
FR;6;2021-05-30;0;0;0;0;0;0;0;0;0;0
FR;6;2021-05-31;0;0;0;0;0;0;0;0;0;0
FR;6;2021-06-01;0;0;0;0;0;0;0;0;0;0
FR;6;2021-06-02;0;0;0;0;0;0;0;0;0;0
FR;6;2021-06-03;0;0;0;0;0;0;0;0;0;0
FR;6;2021-06-04;0;0;0;0;0;0;0;0;0;0
FR;6;2021-06-05;0;0;0;0;0;0;0;0;0;0
FR;6;2021-06-06;0;0;0;0;0;0;0;0;0;0
FR;6;2021-06-07;0;0;0;0;0;0;0;0;0;0
FR;6;2021-06-08;0;0;0;0;0;0;0;0;0;0
FR;6;2021-06-09;0;0;0;0;0;0;0;0;0;0
FR;6;2021-06-10;0;0;0;0;0;0;0;0;0;0
FR;6;2021-06-11;0;0;0;0;0;0;0;0;0;0
FR;6;2021-06-12;0;0;0;0;0;0;0;0;0;0
FR;6;2021-06-13;0;0;0;0;0;0;0;0;0;0
FR;6;2021-06-14;0;0;0;0;0;0;0;0;0;0
FR;6;2021-06-15;0;0;0;0;0;0;0;0;0;0
FR;6;2021-06-16;0;0;0;0;0;0;0;0;0;0
FR;6;2021-06-17;0;0;0;0;0;0;0;0;0;0
FR;6;2021-06-18;0;0;0;0;0;0;0;0;0;0
FR;6;2021-06-19;0;0;0;0;0;0;0;0;0;0
FR;6;2021-06-20;0;0;0;0;0;0;0;0;0;0
FR;6;2021-06-21;0;0;0;0;0;0;0;0;0;0
FR;6;2021-06-22;0;0;0;0;0;0;0;0;0;0
FR;6;2021-06-23;0;0;0;0;0;0;0;0;0;0
FR;6;2021-06-24;0;0;0;0;0;0;0;0;0;0
FR;6;2021-06-25;0;0;0;0;0;0;0;0;0;0
FR;6;2021-06-26;0;0;0;0;0;0;0;0;0;0
FR;6;2021-06-27;0;0;0;0;0;0;0;0;0;0
FR;6;2021-06-28;0;0;0;0;0;0;0;0;0;0
FR;6;2021-06-29;0;0;0;0;0;0;0;0;0;0
FR;6;2021-06-30;0;0;0;0;0;0;0;0;0;0
FR;6;2021-07-01;0;0;0;0;0;0;0;0;0;0
FR;6;2021-07-02;0;0;0;0;0;0;0;0;0;0
FR;6;2021-07-03;0;0;0;0;0;0;0;0;0;0
FR;6;2021-07-04;0;0;0;0;0;0;0;0;0;0
FR;6;2021-07-05;0;0;0;0;0;0;0;0;0;0
FR;6;2021-07-06;0;0;0;0;0;0;0;0;0;0
FR;6;2021-07-07;0;0;0;0;0;0;0;0;0;0
FR;6;2021-07-08;0;0;0;0;0;0;0;0;0;0
FR;6;2021-07-09;0;0;0;0;0;0;0;0;0;0
FR;6;2021-07-10;0;0;0;0;0;0;0;0;0;0
FR;6;2021-07-11;0;0;0;0;0;0;0;0;0;0
FR;6;2021-07-12;0;0;0;0;0;0;0;0;0;0
FR;6;2021-07-13;0;0;0;0;0;0;0;0;0;0
FR;6;2021-07-14;0;0;0;0;0;0;0;0;0;0
FR;6;2021-07-15;0;0;0;0;0;0;0;0;0;0
FR;6;2021-07-16;0;0;0;0;0;0;0;0;0;0
FR;6;2021-07-17;0;0;0;0;0;0;0;0;0;0
FR;6;2021-07-18;0;0;0;0;0;0;0;0;0;0
FR;6;2021-07-19;0;0;0;0;0;0;0;0;0;0
FR;6;2021-07-20;0;0;0;0;0;0;0;0;0;0
FR;6;2021-07-21;0;0;0;0;0;0;0;0;0;0
FR;6;2021-07-22;0;0;0;0;0;0;0;0;0;0
FR;6;2021-07-23;0;0;0;0;0;0;0;0;0;0
FR;6;2021-07-24;0;0;0;0;0;0;0;0;0;0
FR;6;2021-07-25;0;0;0;0;0;0;0;0;0;0
FR;6;2021-07-26;0;0;0;0;0;0;0;0;0;0
FR;6;2021-07-27;0;0;0;0;0;0;0;0;0;0
FR;6;2021-07-28;0;0;0;0;0;0;0;0;0;0
FR;6;2021-07-29;0;0;0;0;0;0;0;0;0;0
FR;6;2021-07-30;0;0;0;0;0;0;0;0;0;0
FR;6;2021-07-31;0;0;0;0;0;0;0;0;0;0
FR;6;2021-08-01;0;0;0;0;0;0;0;0;0;0
FR;6;2021-08-02;0;0;0;0;0;0;0;0;0;0
FR;6;2021-08-03;0;0;0;0;0;0;0;0;0;0
FR;6;2021-08-04;0;0;0;0;0;0;0;0;0;0
FR;6;2021-08-05;0;0;0;0;0;0;0;0;0;0
FR;6;2021-08-06;0;0;0;0;0;0;0;0;0;0
FR;6;2021-08-07;0;0;0;0;0;0;0;0;0;0
FR;6;2021-08-08;0;0;0;0;0;0;0;0;0;0
FR;6;2021-08-09;0;0;0;0;0;0;0;0;0;0
FR;6;2021-08-10;0;0;0;0;0;0;0;0;0;0
FR;6;2021-08-11;0;0;0;0;0;0;0;0;0;0
FR;6;2021-08-12;0;0;0;0;0;0;0;0;0;0
FR;6;2021-08-13;0;0;0;0;0;0;0;0;0;0
FR;6;2021-08-14;0;0;0;0;0;0;0;0;0;0
FR;6;2021-08-15;0;0;0;0;0;0;0;0;0;0
FR;6;2021-08-16;0;0;0;0;0;0;0;0;0;0
FR;6;2021-08-17;0;0;0;0;0;0;0;0;0;0
FR;6;2021-08-18;0;0;0;0;0;0;0;0;0;0
FR;6;2021-08-19;0;0;0;0;0;0;0;0;0;0
FR;6;2021-08-20;0;0;0;0;0;0;0;0;0;0
FR;6;2021-08-21;0;0;0;0;0;0;0;0;0;0
FR;6;2021-08-22;0;0;0;0;0;0;0;0;0;0
FR;6;2021-08-23;0;0;0;0;0;0;0;0;0;0
FR;6;2021-08-24;0;0;0;0;0;0;0;0;0;0
FR;6;2021-08-25;0;0;0;0;0;0;0;0;0;0
FR;6;2021-08-26;0;0;0;0;0;0;0;0;0;0
FR;6;2021-08-27;0;0;0;0;0;0;0;0;0;0
FR;6;2021-08-28;0;0;0;0;0;0;0;0;0;0
FR;6;2021-08-29;0;0;0;0;0;0;0;0;0;0
FR;6;2021-08-30;0;0;0;0;0;0;0;0;0;0
FR;6;2021-08-31;0;0;0;0;0;0;0;0;0;0
FR;6;2021-09-01;0;0;0;0;0;0;0;0;0;0
FR;6;2021-09-02;0;0;0;0;0;0;0;0;0;0
FR;6;2021-09-03;0;0;0;0;0;0;0;0;0;0
FR;6;2021-09-04;0;0;0;0;0;0;0;0;0;0
FR;6;2021-09-05;0;0;0;0;0;0;0;0;0;0
FR;6;2021-09-06;0;0;0;0;0;0;0;0;0;0
FR;6;2021-09-07;0;0;0;0;0;0;0;0;0;0
FR;6;2021-09-08;0;0;0;0;0;0;0;0;0;0
FR;6;2021-09-09;0;0;0;0;0;0;0;0;0;0
FR;6;2021-09-10;0;0;0;0;0;0;0;0;0;0
FR;6;2021-09-11;0;0;0;0;0;0;0;0;0;0
FR;6;2021-09-12;0;0;0;0;0;0;0;0;0;0
FR;6;2021-09-13;0;0;0;0;0;0;0;0;0;0
FR;6;2021-09-14;0;0;0;0;0;0;0;0;0;0
FR;6;2021-09-15;0;0;0;0;0;0;0;0;0;0
FR;6;2021-09-16;0;0;0;0;0;0;0;0;0;0
FR;6;2021-09-17;0;0;0;0;0;0;0;0;0;0
FR;6;2021-09-18;0;0;0;0;0;0;0;0;0;0
FR;6;2021-09-19;0;0;0;0;0;0;0;0;0;0
FR;6;2021-09-20;0;0;0;0;0;0;0;0;0;0
FR;6;2021-09-21;0;0;0;0;0;0;0;0;0;0
FR;6;2021-09-22;0;0;0;0;0;0;0;0;0;0
FR;6;2021-09-23;0;0;0;0;0;0;0;0;0;0
FR;6;2021-09-24;0;0;0;0;0;0;0;0;0;0
FR;6;2021-09-25;0;0;0;0;0;0;0;0;0;0
FR;6;2021-09-26;0;0;0;0;0;0;0;0;0;0
FR;6;2021-09-27;0;0;0;0;0;0;0;0;0;0
FR;6;2021-09-28;0;0;0;0;0;0;0;0;0;0
FR;6;2021-09-29;0;0;0;0;0;0;0;0;0;0
FR;6;2021-09-30;0;0;0;0;0;0;0;0;0;0
FR;6;2021-10-01;0;0;0;0;0;0;0;0;0;0
FR;6;2021-10-02;0;0;0;0;0;0;0;0;0;0
FR;6;2021-10-03;0;0;0;0;0;0;0;0;0;0
FR;6;2021-10-04;0;0;0;0;0;0;0;0;0;0
FR;6;2021-10-05;0;0;0;0;0;0;0;0;0;0
FR;6;2021-10-06;0;0;0;0;0;0;0;0;0;0
FR;6;2021-10-07;0;0;0;0;0;0;0;0;0;0
FR;6;2021-10-08;0;0;0;0;0;0;0;0;0;0
FR;6;2021-10-09;0;0;0;0;0;0;0;0;0;0
FR;6;2021-10-10;0;0;0;0;0;0;0;0;0;0
FR;6;2021-10-11;0;0;0;0;0;0;0;0;0;0
FR;6;2021-10-12;0;0;0;0;0;0;0;0;0;0
FR;6;2021-10-13;0;0;0;0;0;0;0;0;0;0
FR;6;2021-10-14;0;0;0;0;0;0;0;0;0;0
FR;6;2021-10-15;0;0;0;0;0;0;0;0;0;0
FR;6;2021-10-16;0;0;0;0;0;0;0;0;0;0
FR;6;2021-10-17;0;0;0;0;0;0;0;0;0;0
FR;6;2021-10-18;0;0;0;0;0;0;0;0;0;0
FR;6;2021-10-19;0;0;0;0;0;0;0;0;0;0
FR;6;2021-10-20;0;0;0;0;0;0;0;0;0;0
FR;6;2021-10-21;0;0;0;0;0;0;0;0;0;0
FR;6;2021-10-22;0;0;0;0;0;0;0;0;0;0
FR;6;2021-10-23;0;0;0;0;0;0;0;0;0;0
FR;6;2021-10-24;0;0;0;0;0;0;0;0;0;0
FR;6;2021-10-25;0;0;0;0;0;0;0;0;0;0
FR;6;2021-10-26;0;0;0;0;0;0;0;0;0;0
FR;6;2021-10-27;0;0;0;0;0;0;0;0;0;0
FR;6;2021-10-28;0;0;0;0;0;0;0;0;0;0
FR;6;2021-10-29;0;0;0;0;0;0;0;0;0;0
FR;6;2021-10-30;0;0;0;0;0;0;0;0;0;0
FR;6;2021-10-31;0;0;0;0;0;0;0;0;0;0
FR;6;2021-11-01;0;0;0;0;0;0;0;0;0;0
FR;6;2021-11-02;0;0;0;0;0;0;0;0;0;0
FR;6;2021-11-03;0;0;0;0;0;0;0;0;0;0
FR;6;2021-11-04;0;0;0;0;0;0;0;0;0;0
FR;6;2021-11-05;0;0;0;0;0;0;0;0;0;0
FR;6;2021-11-06;0;0;0;0;0;0;0;0;0;0
FR;6;2021-11-07;0;0;0;0;0;0;0;0;0;0
FR;6;2021-11-08;0;0;0;0;0;0;0;0;0;0
FR;6;2021-11-09;0;0;0;0;0;0;0;0;0;0
FR;6;2021-11-10;0;0;0;0;0;0;0;0;0;0
FR;6;2021-11-11;0;0;0;0;0;0;0;0;0;0
FR;6;2021-11-12;0;0;0;0;0;0;0;0;0;0
FR;6;2021-11-13;0;0;0;0;0;0;0;0;0;0
FR;6;2021-11-14;0;0;0;0;0;0;0;0;0;0
FR;6;2021-11-15;0;0;0;0;0;0;0;0;0;0
FR;6;2021-11-16;0;0;0;0;0;0;0;0;0;0
FR;6;2021-11-17;0;0;0;0;0;0;0;0;0;0
FR;6;2021-11-18;0;0;0;0;0;0;0;0;0;0
FR;6;2021-11-19;0;0;0;0;0;0;0;0;0;0
FR;6;2021-11-20;0;0;0;0;0;0;0;0;0;0
FR;6;2021-11-21;0;0;0;0;0;0;0;0;0;0
FR;6;2021-11-22;0;0;0;0;0;0;0;0;0;0
FR;6;2021-11-23;0;0;0;0;0;0;0;0;0;0
FR;6;2021-11-24;0;0;0;0;0;0;0;0;0;0
FR;6;2021-11-25;0;0;0;0;0;0;0;0;0;0
FR;6;2021-11-26;0;0;0;0;0;0;0;0;0;0
FR;6;2021-11-27;0;0;0;0;0;0;0;0;0;0
FR;6;2021-11-28;0;0;0;0;0;0;0;0;0;0
FR;6;2021-11-29;0;0;0;0;0;0;0;0;0;0
FR;6;2021-11-30;0;0;0;0;0;0;0;0;0;0
FR;6;2021-12-01;0;0;0;0;0;0;0;0;0;0
FR;6;2021-12-02;0;0;0;0;0;0;0;0;0;0
FR;6;2021-12-03;0;0;0;0;0;0;0;0;0;0
FR;6;2021-12-04;0;0;0;0;0;0;0;0;0;0
FR;6;2021-12-05;0;0;0;0;0;0;0;0;0;0
FR;6;2021-12-06;0;0;0;0;0;0;0;0;0;0
FR;6;2021-12-07;0;0;0;0;0;0;0;0;0;0
FR;6;2021-12-08;0;0;0;0;0;0;0;0;0;0
FR;6;2021-12-09;0;0;0;0;0;0;0;0;0;0
FR;6;2021-12-10;0;0;0;0;0;0;0;0;0;0
FR;6;2021-12-11;0;0;0;0;0;0;0;0;0;0
FR;6;2021-12-12;0;0;0;0;0;0;0;0;0;0
FR;6;2021-12-13;0;0;0;0;0;0;0;0;0;0
FR;6;2021-12-14;0;0;0;0;0;0;0;0;0;0
FR;6;2021-12-15;0;0;0;0;0;0;0;0;0;0
FR;6;2021-12-16;0;0;0;0;0;0;0;0;0;0
FR;6;2021-12-17;0;0;0;0;0;0;0;0;0;0
FR;6;2021-12-18;0;0;0;0;0;0;0;0;0;0
FR;6;2021-12-19;0;0;0;0;0;0;0;0;0;0
FR;6;2021-12-20;0;0;0;0;0;0;0;0;0;0
FR;6;2021-12-21;0;0;0;0;0;0;0;0;0;0
FR;6;2021-12-22;0;0;0;0;0;0;0;0;0;0
FR;6;2021-12-23;0;0;0;0;0;0;0;0;0;0
FR;6;2021-12-24;0;0;0;0;0;0;0;0;0;0
FR;6;2021-12-25;0;0;0;0;0;0;0;0;0;0
FR;6;2021-12-26;0;0;0;0;0;0;0;0;0;0
FR;6;2021-12-27;0;0;0;0;0;0;0;0;0;0
FR;6;2021-12-28;0;0;0;0;0;0;0;0;0;0
FR;6;2021-12-29;0;0;0;0;0;0;0;0;0;0
FR;6;2021-12-30;0;0;0;0;0;0;0;0;0;0
FR;6;2021-12-31;0;0;0;0;0;0;0;0;0;0
FR;6;2022-01-01;0;0;0;0;0;0;0;0;0;0
FR;6;2022-01-02;0;0;0;0;0;0;0;0;0;0
FR;6;2022-01-03;0;0;0;0;0;0;0;0;0;0
FR;6;2022-01-04;0;0;0;0;0;0;0;0;0;0
FR;6;2022-01-05;0;0;0;0;0;0;0;0;0;0
FR;6;2022-01-06;0;0;0;0;0;0;0;0;0;0
FR;6;2022-01-07;0;0;0;0;0;0;0;0;0;0
FR;6;2022-01-08;0;0;0;0;0;0;0;0;0;0
FR;6;2022-01-09;0;0;0;0;0;0;0;0;0;0
FR;6;2022-01-10;0;0;0;0;0;0;0;0;0;0
FR;6;2022-01-11;0;0;0;0;0;0;0;0;0;0
FR;6;2022-01-12;0;0;0;0;0;0;0;0;0;0
FR;6;2022-01-13;0;0;0;0;0;0;0;0;0;0
FR;6;2022-01-14;0;0;0;0;0;0;0;0;0;0
FR;6;2022-01-15;0;0;0;0;0;0;0;0;0;0
FR;6;2022-01-16;0;0;0;0;0;0;0;0;0;0
FR;6;2022-01-17;0;0;0;0;0;0;0;0;0;0
FR;6;2022-01-18;0;0;0;0;0;0;0;0;0;0
FR;6;2022-01-19;0;0;0;0;0;0;0;0;0;0
FR;6;2022-01-20;0;0;0;0;0;0;0;0;0;0
FR;6;2022-01-21;0;0;0;0;0;0;0;0;0;0
FR;6;2022-01-22;0;0;0;0;0;0;0;0;0;0
FR;6;2022-01-23;0;0;0;0;0;0;0;0;0;0
FR;6;2022-01-24;0;0;0;0;0;0;0;0;0;0
FR;6;2022-01-25;0;0;0;0;0;0;0;0;0;0
FR;6;2022-01-26;0;0;0;0;0;0;0;0;0;0
FR;6;2022-01-27;0;0;0;0;0;0;0;0;0;0
FR;6;2022-01-28;0;0;0;0;0;0;0;0;0;0
FR;6;2022-01-29;0;0;0;0;0;0;0;0;0;0
FR;6;2022-01-30;0;0;0;0;0;0;0;0;0;0
FR;6;2022-01-31;0;0;0;0;0;0;0;0;0;0
FR;6;2022-02-01;0;0;0;0;0;0;0;0;0;0
FR;6;2022-02-02;0;0;0;0;0;0;0;0;0;0
FR;6;2022-02-03;0;0;0;0;0;0;0;0;0;0
FR;6;2022-02-04;0;0;0;0;0;0;0;0;0;0
FR;6;2022-02-05;0;0;0;0;0;0;0;0;0;0
FR;6;2022-02-06;0;0;0;0;0;0;0;0;0;0
FR;6;2022-02-07;0;0;0;0;0;0;0;0;0;0
FR;6;2022-02-08;0;0;0;0;0;0;0;0;0;0
FR;6;2022-02-09;0;0;0;0;0;0;0;0;0;0
FR;6;2022-02-10;0;0;0;0;0;0;0;0;0;0
FR;6;2022-02-11;0;0;0;0;0;0;0;0;0;0
FR;6;2022-02-12;0;0;0;0;0;0;0;0;0;0
FR;6;2022-02-13;0;0;0;0;0;0;0;0;0;0
FR;6;2022-02-14;0;0;0;0;0;0;0;0;0;0
FR;6;2022-02-15;0;0;0;0;0;0;0;0;0;0
FR;6;2022-02-16;0;0;0;0;0;0;0;0;0;0
FR;6;2022-02-17;0;0;0;0;0;0;0;0;0;0
FR;6;2022-02-18;0;0;0;0;0;0;0;0;0;0
FR;6;2022-02-19;0;0;0;0;0;0;0;0;0;0
FR;6;2022-02-20;0;0;0;0;0;0;0;0;0;0
FR;6;2022-02-21;0;0;0;0;0;0;0;0;0;0
FR;6;2022-02-22;0;0;0;0;0;0;0;0;0;0
FR;6;2022-02-23;0;0;0;0;0;0;0;0;0;0
FR;6;2022-02-24;0;0;0;0;0;0;0;0;0;0
FR;6;2022-02-25;0;0;0;0;0;0;0;0;0;0
FR;6;2022-02-26;1;0;0;0;0;1;0;0;0;0
FR;6;2022-02-27;0;0;0;0;0;1;0;0;0;0
FR;6;2022-02-28;0;0;0;0;0;1;0;0;0;0
FR;6;2022-03-01;3;0;0;0;0;4;0;0;0;0
FR;6;2022-03-02;97;9;2;0;7;101;9;2;0;7
FR;6;2022-03-03;0;0;0;0;0;101;9;2;0;7
FR;6;2022-03-04;91;4;0;0;4;192;13;2;0;11
FR;6;2022-03-05;391;23;2;0;14;583;36;4;0;25
FR;6;2022-03-06;7;1;0;0;0;590;37;4;0;25
FR;6;2022-03-07;337;19;0;0;13;927;56;4;0;38
FR;6;2022-03-08;230;14;0;0;5;1157;70;4;0;43
FR;6;2022-03-09;519;29;2;0;21;1676;99;6;0;64
FR;6;2022-03-10;207;18;0;1;12;1883;117;6;1;76
FR;6;2022-03-11;328;21;6;0;21;2211;138;12;1;97
FR;6;2022-03-12;518;25;1;0;20;2729;163;13;1;117
FR;6;2022-03-13;40;2;0;0;1;2769;165;13;1;118
FR;6;2022-03-14;201;4;2;0;3;2970;169;15;1;121
FR;6;2022-03-15;112;11;2;0;9;3082;180;17;1;130
FR;6;2022-03-16;310;17;1;1;14;3392;197;18;2;144
FR;6;2022-03-17;117;6;1;2;4;3509;203;19;4;148
FR;6;2022-03-18;214;11;0;0;6;3723;214;19;4;154
FR;6;2022-03-19;307;19;2;0;9;4030;233;21;4;163
FR;6;2022-03-20;15;5;0;0;1;4045;238;21;4;164
FR;6;2022-03-21;132;23;1;0;4;4177;261;22;4;168
FR;6;2022-03-22;97;15;0;0;4;4274;276;22;4;172
FR;6;2022-03-23;226;108;3;0;14;4500;384;25;4;186
FR;6;2022-03-24;100;15;1;3;4;4600;399;26;7;190
FR;6;2022-03-25;203;141;2;1;15;4803;540;28;8;205
FR;6;2022-03-26;332;295;7;1;19;5135;835;35;9;224
FR;6;2022-03-27;32;30;1;0;1;5167;865;36;9;225
FR;6;2022-03-28;200;208;8;1;17;5367;1073;44;10;242
FR;6;2022-03-29;126;189;12;2;12;5493;1262;56;12;254
FR;6;2022-03-30;305;476;10;2;22;5798;1738;66;14;276
FR;6;2022-03-31;124;140;9;0;13;5922;1878;75;14;289
FR;6;2022-04-01;194;150;11;2;23;6116;2028;86;16;312
FR;6;2022-04-02;205;241;9;1;13;6321;2269;95;17;325
FR;6;2022-04-03;17;21;0;0;1;6338;2290;95;17;326
FR;6;2022-04-04;132;114;6;1;9;6470;2404;101;18;335
FR;6;2022-04-05;145;88;15;1;11;6615;2492;116;19;346
FR;6;2022-04-06;203;245;22;26;27;6818;2737;138;45;373
FR;6;2022-04-07;127;96;15;5;17;6945;2833;153;50;390
FR;6;2022-04-08;199;170;16;3;17;7144;3003;169;53;407
FR;6;2022-04-09;145;139;6;12;13;7289;3142;175;65;420
FR;6;2022-04-10;10;20;3;0;1;7299;3162;178;65;421
FR;6;2022-04-11;101;106;4;0;5;7400;3268;182;65;426
FR;6;2022-04-12;135;75;5;8;10;7535;3343;187;73;436
FR;6;2022-04-13;160;175;7;5;13;7695;3518;194;78;449
FR;6;2022-04-14;100;103;5;10;8;7795;3621;199;88;457
FR;6;2022-04-15;160;148;11;7;19;7955;3769;210;95;476
FR;6;2022-04-16;127;132;5;0;14;8082;3901;215;95;490
FR;6;2022-04-17;8;9;4;0;4;8090;3910;219;95;494
FR;6;2022-04-18;8;15;3;0;4;8098;3925;222;95;498
FR;6;2022-04-19;97;112;4;3;3;8195;4037;226;98;501
FR;6;2022-04-20;172;227;8;7;15;8367;4264;234;105;516
FR;6;2022-04-21;111;93;8;4;11;8478;4357;242;109;527
FR;6;2022-04-22;136;160;13;12;13;8614;4517;255;121;540
FR;6;2022-04-23;104;129;1;1;7;8718;4646;256;122;547
FR;6;2022-04-24;5;21;1;0;0;8723;4667;257;122;547
FR;6;2022-04-25;90;128;3;8;11;8813;4795;260;130;558
FR;6;2022-04-26;101;128;18;2;16;8914;4923;278;132;574
FR;6;2022-04-27;197;159;21;1;27;9111;5082;299;133;601
FR;6;2022-04-28;109;87;7;1;8;9220;5169;306;134;609
FR;6;2022-04-29;188;168;16;2;20;9408;5337;322;136;629
FR;6;2022-04-30;131;125;7;1;24;9539;5462;329;137;653
FR;6;2022-05-01;7;6;0;0;0;9546;5468;329;137;653
FR;6;2022-05-02;94;65;3;4;3;9640;5533;332;141;656
FR;6;2022-05-03;136;92;11;2;7;9776;5625;343;143;663
FR;6;2022-05-04;165;118;25;12;29;9941;5743;368;155;692
FR;6;2022-05-05;101;70;8;3;12;10042;5813;376;158;704
FR;6;2022-05-06;150;110;10;9;16;10192;5923;386;167;720
FR;6;2022-05-07;138;93;13;3;23;10330;6016;399;170;743
FR;6;2022-05-08;20;8;6;5;7;10350;6024;405;175;750
FR;6;2022-05-09;83;73;9;7;13;10433;6097;414;182;763
FR;6;2022-05-10;111;80;15;7;12;10544;6177;429;189;775
FR;6;2022-05-11;130;120;11;14;20;10674;6297;440;203;795
FR;6;2022-05-12;105;75;6;5;13;10779;6372;446;208;808
FR;6;2022-05-13;154;95;17;21;20;10933;6467;463;229;828
FR;6;2022-05-14;81;59;6;7;15;11014;6526;469;236;843
FR;6;2022-05-15;12;7;0;0;0;11026;6533;469;236;843
FR;6;2022-05-16;64;53;6;2;11;11090;6586;475;238;854
FR;6;2022-05-17;123;76;5;7;11;11213;6662;480;245;865
FR;6;2022-05-18;130;116;5;1;13;11343;6778;485;246;878
FR;6;2022-05-19;123;56;6;8;9;11466;6834;491;254;887
FR;6;2022-05-20;125;113;13;3;18;11591;6947;504;257;905
FR;6;2022-05-21;90;67;14;3;12;11681;7014;518;260;917
FR;6;2022-05-22;19;12;5;0;4;11700;7026;523;260;921
FR;6;2022-05-23;70;67;2;1;5;11770;7093;525;261;926
FR;6;2022-05-24;115;97;7;2;16;11885;7190;532;263;942
FR;0;2020-12-27;602;0;0;0;0;602;0;0;0;0
FR;0;2020-12-28;666;1;0;0;0;1268;1;0;0;0
FR;0;2020-12-29;373;0;0;0;0;1641;1;0;0;0
FR;0;2020-12-30;439;0;0;0;0;2080;1;0;0;0
FR;0;2020-12-31;416;0;0;0;0;2496;1;0;0;0
FR;0;2021-01-01;1135;1;0;0;0;3631;2;0;0;0
FR;0;2021-01-02;356;3;0;0;0;3987;5;0;0;0
FR;0;2021-01-03;400;0;0;0;0;4387;5;0;0;0
FR;0;2021-01-04;2087;2;0;0;0;6474;7;0;0;0
FR;0;2021-01-05;7574;3;0;0;0;14048;10;0;0;0
FR;0;2021-01-06;12414;11;0;0;0;26462;21;0;0;0
FR;0;2021-01-07;29446;9;0;0;0;55908;30;0;0;0
FR;0;2021-01-08;37120;9;0;0;0;93028;39;0;0;0
FR;0;2021-01-09;11209;4;0;0;0;104237;43;0;0;0
FR;0;2021-01-10;5996;3;0;0;0;110233;46;0;0;0
FR;0;2021-01-11;39923;17;0;0;0;150156;63;0;0;0
FR;0;2021-01-12;62121;15;0;0;0;212277;78;0;0;0
FR;0;2021-01-13;65096;28;0;0;0;277373;106;0;0;0
FR;0;2021-01-14;83123;76;0;0;0;360496;182;0;0;0
FR;0;2021-01-15;68988;31;0;0;0;429484;213;0;0;0
FR;0;2021-01-16;20208;70;0;0;0;449692;283;0;0;0
FR;0;2021-01-17;10976;46;0;0;0;460668;329;0;0;0
FR;0;2021-01-18;85880;164;0;0;0;546548;493;0;0;0
FR;0;2021-01-19;130572;171;0;0;0;677120;664;0;0;0
FR;0;2021-01-20;137525;172;0;0;0;814645;836;0;0;0
FR;0;2021-01-21;158372;169;0;0;0;973017;1005;0;0;0
FR;0;2021-01-22;121038;202;0;0;0;1094055;1207;0;0;0
FR;0;2021-01-23;38464;63;0;0;0;1132519;1270;0;0;0
FR;0;2021-01-24;9740;69;0;0;0;1142259;1339;0;0;0
FR;0;2021-01-25;78221;1264;0;0;0;1220480;2603;0;0;0
FR;0;2021-01-26;100360;3285;1;0;0;1320840;5888;1;0;0
FR;0;2021-01-27;107223;5900;0;0;0;1428063;11788;1;0;0
FR;0;2021-01-28;124324;14971;0;0;0;1552387;26759;1;0;0
FR;0;2021-01-29;92170;17723;0;0;0;1644557;44482;1;0;0
FR;0;2021-01-30;29111;4260;0;0;0;1673668;48742;1;0;0
FR;0;2021-01-31;5225;1736;0;0;0;1678893;50478;1;0;0
FR;0;2021-02-01;53103;21512;0;0;0;1731996;71990;1;0;0
FR;0;2021-02-02;72275;35675;0;0;0;1804271;107665;1;0;0
FR;0;2021-02-03;72287;37997;0;0;0;1876558;145662;1;0;0
FR;0;2021-02-04;82049;51497;0;0;0;1958607;197159;1;0;0
FR;0;2021-02-05;68215;46137;0;0;0;2026822;243296;1;0;0
FR;0;2021-02-06;23109;10758;0;0;0;2049931;254054;1;0;0
FR;0;2021-02-07;5182;5271;0;0;0;2055113;259325;1;0;0
FR;0;2021-02-08;46815;46886;0;0;0;2101928;306211;1;0;0
FR;0;2021-02-09;65990;74361;0;0;0;2167918;380572;1;0;0
FR;0;2021-02-10;70985;79261;0;0;0;2238903;459833;1;0;0
FR;0;2021-02-11;87237;101106;0;0;0;2326140;560939;1;0;0
FR;0;2021-02-12;79288;74908;0;0;0;2405428;635847;1;0;0
FR;0;2021-02-13;22351;19468;0;0;0;2427779;655315;1;0;0
FR;0;2021-02-14;5071;7196;0;0;0;2432850;662511;1;0;0
FR;0;2021-02-15;38068;76599;0;0;0;2470918;739110;1;0;0
FR;0;2021-02-16;50363;100565;0;0;0;2521281;839675;1;0;0
FR;0;2021-02-17;50499;104573;1;0;0;2571780;944248;2;0;0
FR;0;2021-02-18;69756;120380;0;0;0;2641536;1064628;2;0;0
FR;0;2021-02-19;65048;91029;1;0;0;2706584;1155657;3;0;0
FR;0;2021-02-20;18573;28582;0;0;0;2725157;1184239;3;0;0
FR;0;2021-02-21;3314;6310;0;0;0;2728471;1190549;3;0;0
FR;0;2021-02-22;37476;73141;2;0;0;2765947;1263690;5;0;0
FR;0;2021-02-23;53760;84452;1;0;0;2819707;1348142;6;0;0
FR;0;2021-02-24;59981;81756;1;0;0;2879688;1429898;7;0;0
FR;0;2021-02-25;100542;91439;1;0;0;2980230;1521337;8;0;0
FR;0;2021-02-26;113431;70721;1;0;0;3093661;1592058;9;0;0
FR;0;2021-02-27;52091;22140;0;0;0;3145752;1614198;9;0;0
FR;0;2021-02-28;6190;4284;1;0;0;3151942;1618482;10;0;0
FR;0;2021-03-01;65831;53290;1;0;0;3217773;1671772;11;0;0
FR;0;2021-03-02;101345;66578;2;0;0;3319118;1738350;13;0;0
FR;0;2021-03-03;116463;65503;0;0;0;3435581;1803853;13;0;0
FR;0;2021-03-04;163582;70226;3;0;0;3599163;1874079;16;0;0
FR;0;2021-03-05;200882;63119;3;0;0;3800045;1937198;19;0;0
FR;0;2021-03-06;207925;17733;3;0;0;4007970;1954931;22;0;0
FR;0;2021-03-07;121250;4998;1;0;0;4129220;1959929;23;0;0
FR;0;2021-03-08;107111;50372;2;0;0;4236331;2010301;25;0;0
FR;0;2021-03-09;172409;56519;2;0;0;4408740;2066820;27;0;0
FR;0;2021-03-10;178936;57129;5;0;0;4587676;2123949;32;0;0
FR;0;2021-03-11;242825;63445;2;0;0;4830501;2187394;34;0;0
FR;0;2021-03-12;294774;53362;1;0;0;5125275;2240756;35;0;0
FR;0;2021-03-13;231370;15331;1;0;0;5356645;2256087;36;0;0
FR;0;2021-03-14;63334;3293;1;0;0;5419979;2259380;37;0;0
FR;0;2021-03-15;158601;32146;3;0;0;5578580;2291526;40;0;0
FR;0;2021-03-16;141539;39124;6;0;0;5720119;2330650;46;0;0
FR;0;2021-03-17;150446;38197;4;0;0;5870565;2368847;50;0;0
FR;0;2021-03-18;167779;44530;5;0;0;6038344;2413377;55;0;0
FR;0;2021-03-19;229961;37168;2;0;0;6268305;2450545;57;0;0
FR;0;2021-03-20;166639;11575;1;0;0;6434944;2462120;58;0;0
FR;0;2021-03-21;49919;2517;1;0;0;6484863;2464637;59;0;0
FR;0;2021-03-22;169993;33979;2;0;0;6654856;2498616;61;0;0
FR;0;2021-03-23;250329;42370;1;0;0;6905185;2540986;62;0;0
FR;0;2021-03-24;256848;43713;0;0;0;7162033;2584699;62;0;0
FR;0;2021-03-25;341745;44871;5;0;0;7503778;2629570;67;0;0
FR;0;2021-03-26;358747;41852;4;1;0;7862525;2671422;71;1;0
FR;0;2021-03-27;195240;16714;1;0;0;8057765;2688136;72;1;0
FR;0;2021-03-28;59321;4007;3;0;0;8117086;2692143;75;1;0
FR;0;2021-03-29;202928;54015;4;0;0;8320014;2746158;79;1;0
FR;0;2021-03-30;285405;69642;4;0;0;8605419;2815800;83;1;0
FR;0;2021-03-31;262961;73240;4;0;0;8868380;2889040;87;1;0
FR;0;2021-04-01;315381;89217;12;0;0;9183761;2978257;99;1;0
FR;0;2021-04-02;281277;92754;7;0;0;9465038;3071011;106;1;0
FR;0;2021-04-03;141048;61927;5;0;0;9606086;3132938;111;1;0
FR;0;2021-04-04;46450;18736;2;0;0;9652536;3151674;113;1;0
FR;0;2021-04-05;63306;10803;11;0;0;9715842;3162477;124;1;0
FR;0;2021-04-06;217143;109239;17;0;0;9932985;3271716;141;1;0
FR;0;2021-04-07;260188;115429;17;0;0;10193173;3387145;158;1;0
FR;0;2021-04-08;337732;121700;14;0;0;10530905;3508845;172;1;0
FR;0;2021-04-09;410080;116313;49;0;0;10940985;3625158;221;1;0
FR;0;2021-04-10;212581;82647;15;0;0;11153566;3707805;236;1;0
FR;0;2021-04-11;56123;34434;7;0;0;11209689;3742239;243;1;0
FR;0;2021-04-12;236999;115230;45;0;0;11446688;3857469;288;1;0
FR;0;2021-04-13;309417;144516;98;1;0;11756105;4001985;386;2;0
FR;0;2021-04-14;294432;139303;213;0;0;12050537;4141288;599;2;0
FR;0;2021-04-15;337007;148366;338;0;0;12387544;4289654;937;2;0
FR;0;2021-04-16;339223;145873;352;0;0;12726767;4435527;1289;2;0
FR;0;2021-04-17;188621;90030;109;0;0;12915388;4525557;1398;2;0
FR;0;2021-04-18;51601;35371;47;0;0;12966989;4560928;1445;2;0
FR;0;2021-04-19;205640;138218;454;0;0;13172629;4699146;1899;2;0
FR;0;2021-04-20;254344;170822;568;0;0;13426973;4869968;2467;2;0
FR;0;2021-04-21;253179;169061;834;0;0;13680152;5039029;3301;2;0
FR;0;2021-04-22;287487;188701;818;0;0;13967639;5227730;4119;2;0
FR;0;2021-04-23;297928;183400;747;0;0;14265567;5411130;4866;2;0
FR;0;2021-04-24;190409;111553;251;0;0;14455976;5522683;5117;2;0
FR;0;2021-04-25;69537;38773;51;0;0;14525513;5561456;5168;2;0
FR;0;2021-04-26;220889;156225;560;0;0;14746402;5717681;5728;2;0
FR;0;2021-04-27;284544;187321;940;0;0;15030946;5905002;6668;2;0
FR;0;2021-04-28;299438;183198;1422;1;1;15330384;6088200;8090;3;1
FR;0;2021-04-29;357053;196479;1276;0;0;15687437;6284679;9366;3;1
FR;0;2021-04-30;372133;184787;1119;1;0;16059570;6469466;10485;4;1
FR;0;2021-05-01;167598;52489;178;0;0;16227168;6521955;10663;4;1
FR;0;2021-05-02;91707;37748;83;0;0;16318875;6559703;10746;4;1
FR;0;2021-05-03;288853;168436;839;0;0;16607728;6728139;11585;4;1
FR;0;2021-05-04;315588;224311;1230;0;0;16923316;6952450;12815;4;1
FR;0;2021-05-05;327094;224736;1312;0;0;17250410;7177186;14127;4;1
FR;0;2021-05-06;379419;239353;1629;0;0;17629829;7416539;15756;4;1
FR;0;2021-05-07;372677;257299;1222;0;0;18002506;7673838;16978;4;1
FR;0;2021-05-08;222134;67363;298;0;0;18224640;7741201;17276;4;1
FR;0;2021-05-09;129684;46391;243;0;0;18354324;7787592;17519;4;1
FR;0;2021-05-10;313295;228708;1232;0;0;18667619;8016300;18751;4;1
FR;0;2021-05-11;403815;257814;1563;0;0;19071434;8274114;20314;4;1
FR;0;2021-05-12;434026;233037;1542;0;0;19505460;8507151;21856;4;1
FR;0;2021-05-13;338546;56926;430;0;0;19844006;8564077;22286;4;1
FR;0;2021-05-14;454051;167236;1122;0;0;20298057;8731313;23408;4;1
FR;0;2021-05-15;374919;94032;442;0;0;20672976;8825345;23850;4;1
FR;0;2021-05-16;202718;20780;168;0;0;20875694;8846125;24018;4;1
FR;0;2021-05-17;376063;148828;1550;0;0;21251757;8994953;25568;4;1
FR;0;2021-05-18;460056;153084;1986;0;0;21711813;9148037;27554;4;1
FR;0;2021-05-19;467317;144738;2455;0;0;22179130;9292775;30009;4;1
FR;0;2021-05-20;507455;160179;2331;0;0;22686585;9452954;32340;4;1
FR;0;2021-05-21;489594;174369;1988;0;0;23176179;9627323;34328;4;1
FR;0;2021-05-22;347139;79855;668;0;0;23523318;9707178;34996;4;1
FR;0;2021-05-23;161658;14393;246;0;0;23684976;9721571;35242;4;1
FR;0;2021-05-24;263144;33169;599;0;0;23948120;9754740;35841;4;1
FR;0;2021-05-25;400143;189086;2349;1;0;24348263;9943826;38190;5;1
FR;0;2021-05-26;413361;188416;2217;0;0;24761624;10132242;40407;5;1
FR;0;2021-05-27;449695;218548;2158;0;0;25211319;10350790;42565;5;1
FR;0;2021-05-28;429444;259402;1891;0;0;25640763;10610192;44456;5;1
FR;0;2021-05-29;298944;149343;583;0;0;25939707;10759535;45039;5;1
FR;0;2021-05-30;107096;32578;163;0;0;26046803;10792113;45202;5;1
FR;0;2021-05-31;357918;203368;1465;1;1;26404721;10995481;46667;6;2
FR;0;2021-06-01;430838;251230;1959;1;1;26835559;11246711;48626;7;3
FR;0;2021-06-02;419359;230784;1978;0;0;27254918;11477495;50604;7;3
FR;0;2021-06-03;464608;258397;1819;0;0;27719526;11735892;52423;7;3
FR;0;2021-06-04;455688;304687;1729;1;1;28175214;12040579;54152;8;4
FR;0;2021-06-05;304746;188946;651;0;0;28479960;12229525;54803;8;4
FR;0;2021-06-06;133236;49135;226;0;0;28613196;12278660;55029;8;4
FR;0;2021-06-07;339004;261920;1519;0;0;28952200;12540580;56548;8;4
FR;0;2021-06-08;393564;290946;1797;0;0;29345764;12831526;58345;8;4
FR;0;2021-06-09;384665;275443;1727;0;0;29730429;13106969;60072;8;4
FR;0;2021-06-10;403957;288919;1720;1;0;30134386;13395888;61792;9;4
FR;0;2021-06-11;386464;357218;1460;0;0;30520850;13753106;63252;9;4
FR;0;2021-06-12;283203;211281;490;0;0;30804053;13964387;63742;9;4
FR;0;2021-06-13;104828;73994;204;0;0;30908881;14038381;63946;9;4
FR;0;2021-06-14;240648;355545;1425;1;0;31149529;14393926;65371;10;4
FR;0;2021-06-15;307979;385580;1565;1;0;31457508;14779506;66936;11;4
FR;0;2021-06-16;313836;357732;1415;1;0;31771344;15137238;68351;12;4
FR;0;2021-06-17;317556;372428;1422;1;0;32088900;15509666;69773;13;4
FR;0;2021-06-18;321552;442429;1332;1;0;32410452;15952095;71105;14;4
FR;0;2021-06-19;224304;273783;448;0;0;32634756;16225878;71553;14;4
FR;0;2021-06-20;74364;102593;127;0;0;32709120;16328471;71680;14;4
FR;0;2021-06-21;195568;401911;1032;1;1;32904688;16730382;72712;15;5
FR;0;2021-06-22;223003;467347;1260;10;2;33127691;17197729;73972;25;7
FR;0;2021-06-23;233865;439885;1195;1;1;33361556;17637614;75167;26;8
FR;0;2021-06-24;241728;409580;1348;0;0;33603284;18047194;76515;26;8
FR;0;2021-06-25;227465;522227;1398;0;0;33830749;18569421;77913;26;8
FR;0;2021-06-26;153192;370696;585;1;0;33983941;18940117;78498;27;8
FR;0;2021-06-27;55861;156218;168;1;0;34039802;19096335;78666;28;8
FR;0;2021-06-28;154612;452892;1167;0;0;34194414;19549227;79833;28;8
FR;0;2021-06-29;182541;506784;2124;0;0;34376955;20056011;81957;28;8
FR;0;2021-06-30;203836;482473;2009;21;2;34580791;20538484;83966;49;10
FR;0;2021-07-01;231102;457796;2221;5;1;34811893;20996280;86187;54;11
FR;0;2021-07-02;228313;520217;2119;5;3;35040206;21516497;88306;59;14
FR;0;2021-07-03;141932;368736;909;3;1;35182138;21885233;89215;62;15
FR;0;2021-07-04;56693;141255;265;0;0;35238831;22026488;89480;62;15
FR;0;2021-07-05;168221;419304;1668;8;2;35407052;22445792;91148;70;17
FR;0;2021-07-06;196554;474797;1828;45;8;35603606;22920589;92976;115;25
FR;0;2021-07-07;212929;439299;1876;24;5;35816535;23359888;94852;139;30
FR;0;2021-07-08;231440;424183;2088;20;7;36047975;23784071;96940;159;37
FR;0;2021-07-09;228341;510719;2182;4;2;36276316;24294790;99122;163;39
FR;0;2021-07-10;148531;339881;982;1;1;36424847;24634671;100104;164;40
FR;0;2021-07-11;60141;110145;282;0;0;36484988;24744816;100386;164;40
FR;0;2021-07-12;168956;478204;1756;4;0;36653944;25223020;102142;168;40
FR;0;2021-07-13;287061;527480;2045;8;2;36941005;25750500;104187;176;42
FR;0;2021-07-14;180892;157736;434;0;0;37121897;25908236;104621;176;42
FR;0;2021-07-15;346867;502492;2097;1;0;37468764;26410728;106718;177;42
FR;0;2021-07-16;379903;495976;2021;3;1;37848667;26906704;108739;180;43
FR;0;2021-07-17;259650;319815;876;1;0;38108317;27226519;109615;181;43
FR;0;2021-07-18;109666;114797;310;0;0;38217983;27341316;109925;181;43
FR;0;2021-07-19;285313;425042;1627;3;0;38503296;27766358;111552;184;43
FR;0;2021-07-20;376723;452457;1721;0;0;38880019;28218815;113273;184;43
FR;0;2021-07-21;395626;407918;1549;4;2;39275645;28626733;114822;188;45
FR;0;2021-07-22;440877;388128;1713;4;2;39716522;29014861;116535;192;47
FR;0;2021-07-23;439849;423194;1880;4;2;40156371;29438055;118415;196;49
FR;0;2021-07-24;285180;269613;803;1;0;40441551;29707668;119218;197;49
FR;0;2021-07-25;121051;80059;226;0;0;40562602;29787727;119444;197;49
FR;0;2021-07-26;347266;323229;1615;3;2;40909868;30110956;121059;200;51
FR;0;2021-07-27;463885;320294;1696;4;2;41373753;30431250;122755;204;53
FR;0;2021-07-28;459295;290023;1634;4;2;41833048;30721273;124389;208;55
FR;0;2021-07-29;489678;276928;1794;2;1;42322726;30998201;126183;210;56
FR;0;2021-07-30;461632;302891;1935;5;2;42784358;31301092;128118;215;58
FR;0;2021-07-31;285339;185067;914;1;0;43069697;31486159;129032;216;58
FR;0;2021-08-01;111935;50001;253;0;0;43181632;31536160;129285;216;58
FR;0;2021-08-02;341209;234597;1598;2;0;43522841;31770757;130883;218;58
FR;0;2021-08-03;398404;245109;1716;2;1;43921245;32015866;132599;220;59
FR;0;2021-08-04;384630;210118;1590;6;3;44305875;32225984;134189;226;62
FR;0;2021-08-05;365973;228927;1709;0;0;44671848;32454911;135898;226;62
FR;0;2021-08-06;359555;271736;1833;4;1;45031403;32726647;137731;230;63
FR;0;2021-08-07;213035;178383;755;4;3;45244438;32905030;138486;234;66
FR;0;2021-08-08;74131;63243;270;0;0;45318569;32968273;138756;234;66
FR;0;2021-08-09;258575;259549;1540;4;3;45577144;33227822;140296;238;69
FR;0;2021-08-10;306600;278039;1655;2;1;45883744;33505861;141951;240;70
FR;0;2021-08-11;279524;260296;1440;5;1;46163268;33766157;143391;245;71
FR;0;2021-08-12;271373;278617;1659;3;1;46434641;34044774;145050;248;72
FR;0;2021-08-13;252034;277899;1590;3;2;46686675;34322673;146640;251;74
FR;0;2021-08-14;145276;197344;739;0;0;46831951;34520017;147379;251;74
FR;0;2021-08-15;39303;50112;215;1;0;46871254;34570129;147594;252;74
FR;0;2021-08-16;186041;318148;1539;0;0;47057295;34888277;149133;252;74
FR;0;2021-08-17;215554;336595;1634;7;1;47272849;35224872;150767;259;75
FR;0;2021-08-18;198925;324770;1594;7;4;47471774;35549642;152361;266;79
FR;0;2021-08-19;191889;325742;1634;1;0;47663663;35875384;153995;267;79
FR;0;2021-08-20;186345;366326;1810;3;2;47850008;36241710;155805;270;81
FR;0;2021-08-21;104751;238169;704;0;0;47954759;36479879;156509;270;81
FR;0;2021-08-22;31887;87203;253;1;1;47986646;36567082;156762;271;82
FR;0;2021-08-23;140886;357274;1559;3;2;48127532;36924356;158321;274;84
FR;0;2021-08-24;162403;376904;1844;5;1;48289935;37301260;160165;279;85
FR;0;2021-08-25;151057;350879;2028;8;3;48440992;37652139;162193;287;88
FR;0;2021-08-26;142736;342868;2554;10;1;48583728;37995007;164747;297;89
FR;0;2021-08-27;148362;388148;2789;11;3;48732090;38383155;167536;308;92
FR;0;2021-08-28;90604;249570;1405;0;0;48822694;38632725;168941;308;92
FR;0;2021-08-29;27305;83332;516;1;0;48849999;38716057;169457;309;92
FR;0;2021-08-30;117321;324892;4706;6;6026;48967320;39040949;174163;315;6118
FR;0;2021-08-31;128715;334676;10177;19;11881;49096035;39375625;184340;334;17999
FR;0;2021-09-01;135743;285695;22416;7;24309;49231778;39661320;206756;341;42308
FR;0;2021-09-02;112594;247286;26510;13;28869;49344372;39908606;233266;354;71177
FR;0;2021-09-03;118193;292714;29951;23;32959;49462565;40201320;263217;377;104136
FR;0;2021-09-04;89796;217737;12583;12;14071;49552361;40419057;275800;389;118207
FR;0;2021-09-05;21336;44869;4391;2;4731;49573697;40463926;280191;391;122938
FR;0;2021-09-06;75322;180818;31945;16;34241;49649019;40644744;312136;407;157179
FR;0;2021-09-07;80085;181255;33235;40;36098;49729104;40825999;345371;447;193277
FR;0;2021-09-08;89744;206210;29653;27;32452;49818848;41032209;375024;474;225729
FR;0;2021-09-09;76660;165410;33042;26;36524;49895508;41197619;408066;500;262253
FR;0;2021-09-10;95593;203697;35717;26;40520;49991101;41401316;443783;526;302773
FR;0;2021-09-11;66739;169220;12134;19;14310;50057840;41570536;455917;545;317083
FR;0;2021-09-12;12793;32079;2766;1;3160;50070633;41602615;458683;546;320243
FR;0;2021-09-13;64368;126386;41204;32;44046;50135001;41729001;499887;578;364289
FR;0;2021-09-14;73312;129121;56346;78;62027;50208313;41858122;556233;656;426316
FR;0;2021-09-15;76405;167868;55626;58;54774;50284718;42025990;611859;714;481090
FR;0;2021-09-16;63757;114543;60027;85;60014;50348475;42140533;671886;799;541104
FR;0;2021-09-17;74963;156850;53828;70;57233;50423438;42297383;725714;869;598337
FR;0;2021-09-18;48187;139590;15596;25;17283;50471625;42436973;741310;894;615620
FR;0;2021-09-19;7866;23717;2434;1;2619;50479491;42460690;743744;895;618239
FR;0;2021-09-20;44444;93931;50025;73;50252;50523935;42554621;793769;968;668491
FR;0;2021-09-21;45807;98442;62728;76;63368;50569742;42653063;856497;1044;731859
FR;0;2021-09-22;48586;142299;55331;83;55345;50618328;42795362;911828;1127;787204
FR;0;2021-09-23;43162;91995;62351;94;63471;50661490;42887357;974179;1221;850675
FR;0;2021-09-24;52203;133248;54527;109;59089;50713693;43020605;1028706;1330;909764
FR;0;2021-09-25;35191;115504;16263;37;18253;50748884;43136109;1044969;1367;928017
FR;0;2021-09-26;5524;17814;2265;5;2329;50754408;43153923;1047234;1372;930346
FR;0;2021-09-27;33920;76980;47172;97;48124;50788328;43230903;1094406;1469;978470
FR;0;2021-09-28;36444;75262;54929;88;56461;50824772;43306165;1149335;1557;1034931
FR;0;2021-09-29;44312;100843;53321;112;54808;50869084;43407008;1202656;1669;1089739
FR;0;2021-09-30;36269;72793;57001;95;59474;50905353;43479801;1259657;1764;1149213
FR;0;2021-10-01;61521;100843;57775;108;63680;50966874;43580644;1317432;1872;1212893
FR;0;2021-10-02;39413;78334;20950;38;23316;51006287;43658978;1338382;1910;1236209
FR;0;2021-10-03;5261;10533;2524;4;2540;51011548;43669511;1340906;1914;1238749
FR;0;2021-10-04;34955;58528;52609;84;54777;51046503;43728039;1393515;1998;1293526
FR;0;2021-10-05;33559;64343;60960;135;64914;51080062;43792382;1454475;2133;1358440
FR;0;2021-10-06;42422;79247;65688;113;68225;51122484;43871629;1520163;2246;1426665
FR;0;2021-10-07;30393;62136;65376;90;68661;51152877;43933765;1585539;2336;1495326
FR;0;2021-10-08;48745;91804;77715;110;84613;51201622;44025569;1663254;2446;1579939
FR;0;2021-10-09;33621;60871;31522;36;33854;51235243;44086440;1694776;2482;1613793
FR;0;2021-10-10;4589;7435;3186;9;3483;51239832;44093875;1697962;2491;1617276
FR;0;2021-10-11;30559;49899;61018;105;64019;51270391;44143774;1758980;2596;1681295
FR;0;2021-10-12;31344;54460;70562;139;75828;51301735;44198234;1829542;2735;1757123
FR;0;2021-10-13;39986;62786;74395;135;79246;51341721;44261020;1903937;2870;1836369
FR;0;2021-10-14;30227;52886;68721;116;73756;51371948;44313906;1972658;2986;1910125
FR;0;2021-10-15;44734;75256;93211;191;102892;51416682;44389162;2065869;3177;2013017
FR;0;2021-10-16;31269;44079;36681;44;39605;51447951;44433241;2102550;3221;2052622
FR;0;2021-10-17;3827;5278;3591;2;3691;51451778;44438519;2106141;3223;2056313
FR;0;2021-10-18;28295;42468;67467;133;71332;51480073;44480987;2173608;3356;2127645
FR;0;2021-10-19;27050;44502;76378;141;81603;51507123;44525489;2249986;3497;2209248
FR;0;2021-10-20;35202;52446;96903;180;101459;51542325;44577935;2346889;3677;2310707
FR;0;2021-10-21;25941;45208;83915;112;89106;51568266;44623143;2430804;3789;2399813
FR;0;2021-10-22;38204;62353;104862;199;112475;51606470;44685496;2535666;3988;2512288
FR;0;2021-10-23;26969;41220;45434;57;48595;51633439;44726716;2581100;4045;2560883
FR;0;2021-10-24;2912;4803;3679;6;3937;51636351;44731519;2584779;4051;2564820
FR;0;2021-10-25;25971;36348;82302;144;86597;51662322;44767867;2667081;4195;2651417
FR;0;2021-10-26;23682;35085;87204;166;92311;51686004;44802952;2754285;4361;2743728
FR;0;2021-10-27;30006;46413;108960;257;114610;51716010;44849365;2863245;4618;2858338
FR;0;2021-10-28;23381;34895;88655;153;94381;51739391;44884260;2951900;4771;2952719
FR;0;2021-10-29;31503;51368;117278;204;125242;51770894;44935628;3069178;4975;3077961
FR;0;2021-10-30;20523;33105;50323;77;53355;51791417;44968733;3119501;5052;3131316
FR;0;2021-10-31;2478;3763;3584;3;3868;51793895;44972496;3123085;5055;3135184
FR;0;2021-11-01;8195;4806;3202;3;3555;51802090;44977302;3126287;5058;3138739
FR;0;2021-11-02;25282;40088;93530;157;99465;51827372;45017390;3219817;5215;3238204
FR;0;2021-11-03;29758;47909;118838;218;125782;51857130;45065299;3338655;5433;3363986
FR;0;2021-11-04;23662;37491;107496;217;114318;51880792;45102790;3446151;5650;3478304
FR;0;2021-11-05;32268;52904;141585;233;151252;51913060;45155694;3587736;5883;3629556
FR;0;2021-11-06;21478;34560;64842;123;68224;51934538;45190254;3652578;6006;3697780
FR;0;2021-11-07;2378;4241;5171;6;5582;51936916;45194495;3657749;6012;3703362
FR;0;2021-11-08;20402;37818;127108;227;134150;51957318;45232313;3784857;6239;3837512
FR;0;2021-11-09;22130;44819;161610;341;172103;51979448;45277132;3946467;6580;4009615
FR;0;2021-11-10;31368;55057;186924;446;198668;52010816;45332189;4133391;7026;4208283
FR;0;2021-11-11;4311;6731;12923;28;13922;52015127;45338920;4146314;7054;4222205
FR;0;2021-11-12;28989;55158;183707;251;197254;52044116;45394078;4330021;7305;4419459
FR;0;2021-11-13;20295;32723;80675;118;86289;52064411;45426801;4410696;7423;4505748
FR;0;2021-11-14;2331;3947;7163;6;7878;52066742;45430748;4417859;7429;4513626
FR;0;2021-11-15;20301;38784;160778;312;171442;52087043;45469532;4578637;7741;4685068
FR;0;2021-11-16;23343;44042;200304;391;214866;52110386;45513574;4778941;8132;4899934
FR;0;2021-11-17;30349;50491;199773;407;212784;52140735;45564065;4978714;8539;5112718
FR;0;2021-11-18;23346;44979;191573;468;205394;52164081;45609044;5170287;9007;5318112
FR;0;2021-11-19;33554;61423;243119;548;262063;52197635;45670467;5413406;9555;5580175
FR;0;2021-11-20;25322;36774;102116;206;109660;52222957;45707241;5515522;9761;5689835
FR;0;2021-11-21;2623;4565;9640;18;10643;52225580;45711806;5525162;9779;5700478
FR;0;2021-11-22;22739;33355;180277;470;194750;52248319;45745161;5705439;10249;5895228
FR;0;2021-11-23;25562;45743;229292;547;247721;52273881;45790904;5934731;10796;6142949
FR;0;2021-11-24;31761;53805;224732;717;243117;52305642;45844709;6159463;11513;6386066
FR;0;2021-11-25;25383;49134;255812;740;277559;52331025;45893843;6415275;12253;6663625
FR;0;2021-11-26;33203;74740;379368;863;414497;52364228;45968583;6794643;13116;7078122
FR;0;2021-11-27;23302;49690;214836;389;236558;52387530;46018273;7009479;13505;7314680
FR;0;2021-11-28;3479;10590;56725;66;63329;52391009;46028863;7066204;13571;7378009
FR;0;2021-11-29;19385;54263;341367;863;371542;52410394;46083126;7407571;14434;7749551
FR;0;2021-11-30;24729;72180;457283;985;500636;52435123;46155306;7864854;15419;8250187
FR;0;2021-12-01;26880;75982;468967;1159;511172;52462003;46231288;8333821;16578;8761359
FR;0;2021-12-02;21977;71797;526974;1279;574689;52483980;46303085;8860795;17857;9336048
FR;0;2021-12-03;25475;92527;596234;1419;650967;52509455;46395612;9457029;19276;9987015
FR;0;2021-12-04;18287;60547;336151;690;369684;52527742;46456159;9793180;19966;10356699
FR;0;2021-12-05;4142;16273;95753;157;107053;52531884;46472432;9888933;20123;10463752
FR;0;2021-12-06;22856;73233;493015;1174;539817;52554740;46545665;10381948;21297;11003569
FR;0;2021-12-07;23312;91786;645231;1769;706134;52578052;46637451;11027179;23066;11709703
FR;0;2021-12-08;25337;92432;591422;1873;647321;52603389;46729883;11618601;24939;12357024
FR;0;2021-12-09;23995;94362;662921;2179;726170;52627384;46824245;12281522;27118;13083194
FR;0;2021-12-10;27693;111121;735912;2074;805966;52655077;46935366;13017434;29192;13889160
FR;0;2021-12-11;20222;76066;435113;986;480327;52675299;47011432;13452547;30178;14369487
FR;0;2021-12-12;5624;23284;142266;262;159227;52680923;47034716;13594813;30440;14528714
FR;0;2021-12-13;21062;91327;587505;1698;649185;52701985;47126043;14182318;32138;15177899
FR;0;2021-12-14;27574;118675;765360;2648;847352;52729559;47244718;14947678;34786;16025251
FR;0;2021-12-15;28205;114567;694164;2262;768909;52757764;47359285;15641842;37048;16794160
FR;0;2021-12-16;27938;116096;763855;2555;844262;52785702;47475381;16405697;39603;17638422
FR;0;2021-12-17;31544;128825;807713;2708;891982;52817246;47604206;17213410;42311;18530404
FR;0;2021-12-18;24912;81743;469900;1178;522143;52842158;47685949;17683310;43489;19052547
FR;0;2021-12-19;8741;28855;169348;377;191144;52850899;47714804;17852658;43866;19243691
FR;0;2021-12-20;31588;97565;591314;1787;658594;52882487;47812369;18443972;45653;19902285
FR;0;2021-12-21;39215;112419;682286;2391;759458;52921702;47924788;19126258;48044;20661743
FR;0;2021-12-22;39459;99665;575638;2167;642026;52961161;48024453;19701896;50211;21303769
FR;0;2021-12-23;33742;79770;440885;1654;494322;52994903;48104223;20142781;51865;21798091
FR;0;2021-12-24;10664;26061;110975;396;126641;53005567;48130284;20253756;52261;21924732
FR;0;2021-12-25;768;3496;7570;25;9026;53006335;48133780;20261326;52286;21933758
FR;0;2021-12-26;4696;11914;52074;141;60129;53011031;48145694;20313400;52427;21993887
FR;0;2021-12-27;30375;84115;453435;1366;509085;53041406;48229809;20766835;53793;22502972
FR;0;2021-12-28;38308;99076;564063;1767;632156;53079714;48328885;21330898;55560;23135128
FR;0;2021-12-29;39843;88478;501103;1686;560915;53119557;48417363;21832001;57246;23696043
FR;0;2021-12-30;35885;75128;420953;1519;471098;53155442;48492491;22252954;58765;24167141
FR;0;2021-12-31;12035;25203;116835;406;131617;53167477;48517694;22369789;59171;24298758
FR;0;2022-01-01;1324;3201;8498;36;9928;53168801;48520895;22378287;59207;24308686
FR;0;2022-01-02;6075;13004;58390;125;66930;53174876;48533899;22436677;59332;24375616
FR;0;2022-01-03;32639;89894;494675;1593;551478;53207515;48623793;22931352;60925;24927094
FR;0;2022-01-04;40894;110894;641264;2302;714214;53248409;48734687;23572616;63227;25641308
FR;0;2022-01-05;60323;103349;569037;1984;634055;53308732;48838036;24141653;65211;26275363
FR;0;2022-01-06;43942;110176;638874;2693;711317;53352674;48948212;24780527;67904;26986680
FR;0;2022-01-07;50552;123088;710903;2806;790327;53403226;49071300;25491430;70710;27777007
FR;0;2022-01-08;44952;80333;423771;1210;472843;53448178;49151633;25915201;71920;28249850
FR;0;2022-01-09;15596;26709;128546;300;145697;53463774;49178342;26043747;72220;28395547
FR;0;2022-01-10;35020;88471;469189;1810;522181;53498794;49266813;26512936;74030;28917728
FR;0;2022-01-11;41647;100168;548126;2307;608386;53540441;49366981;27061062;76337;29526114
FR;0;2022-01-12;60153;95540;452553;1964;504226;53600594;49462521;27513615;78301;30030340
FR;0;2022-01-13;37908;92348;487234;2084;540945;53638502;49554869;28000849;80385;30571285
FR;0;2022-01-14;42385;103276;568481;2286;628955;53680887;49658145;28569330;82671;31200240
FR;0;2022-01-15;39305;65838;340080;985;377538;53720192;49723983;28909410;83656;31577778
FR;0;2022-01-16;11381;19303;87381;215;99442;53731573;49743286;28996791;83871;31677220
FR;0;2022-01-17;24600;60088;320202;1380;354119;53756173;49803374;29316993;85251;32031339
FR;0;2022-01-18;28103;68537;360996;1799;397503;53784276;49871911;29677989;87050;32428842
FR;0;2022-01-19;43042;67066;281202;1448;311043;53827318;49938977;29959191;88498;32739885
FR;0;2022-01-20;23414;59459;298895;1740;328414;53850732;49998436;30258086;90238;33068299
FR;0;2022-01-21;27988;68771;366275;2085;401123;53878720;50067207;30624361;92323;33469422
FR;0;2022-01-22;27607;47867;218756;838;241741;53906327;50115074;30843117;93161;33711163
FR;0;2022-01-23;6702;13042;48646;171;55181;53913029;50128116;30891763;93332;33766344
FR;0;2022-01-24;16195;47175;217240;1136;239310;53929224;50175291;31109003;94468;34005654
FR;0;2022-01-25;18904;54200;242976;1548;267033;53948128;50229491;31351979;96016;34272687
FR;0;2022-01-26;28110;60156;209209;1296;229340;53976238;50289647;31561188;97312;34502027
FR;0;2022-01-27;16274;45933;207566;1270;225810;53992512;50335580;31768754;98582;34727837
FR;0;2022-01-28;21497;75725;289977;1573;321449;54014009;50411305;32058731;100155;35049286
FR;0;2022-01-29;18401;52845;184081;686;204572;54032410;50464150;32242812;100841;35253858
FR;0;2022-01-30;4466;14549;39123;124;45089;54036876;50478699;32281935;100965;35298947
FR;0;2022-01-31;11220;43825;148144;738;164777;54048096;50522524;32430079;101703;35463724
FR;0;2022-02-01;12809;48138;174056;1140;191359;54060905;50570662;32604135;102843;35655083
FR;0;2022-02-02;20027;65914;171451;1033;190117;54080932;50636576;32775586;103876;35845200
FR;0;2022-02-03;10959;44144;157480;984;173292;54091891;50680720;32933066;104860;36018492
FR;0;2022-02-04;14486;66438;239171;1262;264166;54106377;50747158;33172237;106122;36282658
FR;0;2022-02-05;12782;51437;153508;522;172332;54119159;50798595;33325745;106644;36454990
FR;0;2022-02-06;2705;12241;28869;99;33825;54121864;50810836;33354614;106743;36488815
FR;0;2022-02-07;9328;46652;156815;586;176310;54131192;50857488;33511429;107329;36665125
FR;0;2022-02-08;9592;42655;166555;867;184322;54140784;50900143;33677984;108196;36849447
FR;0;2022-02-09;14161;57830;172284;868;192955;54154945;50957973;33850268;109064;37042402
FR;0;2022-02-10;8264;38343;150149;878;166576;54163209;50996316;34000417;109942;37208978
FR;0;2022-02-11;10757;55435;218433;1097;243000;54173966;51051751;34218850;111039;37451978
FR;0;2022-02-12;8347;40872;134691;461;151704;54182313;51092623;34353541;111500;37603682
FR;0;2022-02-13;1895;8578;26547;82;30903;54184208;51101201;34380088;111582;37634585
FR;0;2022-02-14;6905;35095;148312;477;166304;54191113;51136296;34528400;112059;37800889
FR;0;2022-02-15;6851;35433;146898;750;162437;54197964;51171729;34675298;112809;37963326
FR;0;2022-02-16;9291;42586;132470;716;146646;54207255;51214315;34807768;113525;38109972
FR;0;2022-02-17;5368;23699;87244;584;94758;54212623;51238014;34895012;114109;38204730
FR;0;2022-02-18;6876;33225;119590;802;129241;54219499;51271239;35014602;114911;38333971
FR;0;2022-02-19;5341;24440;70002;370;77300;54224840;51295679;35084604;115281;38411271
FR;0;2022-02-20;1135;4617;12152;38;13925;54225975;51300296;35096756;115319;38425196
FR;0;2022-02-21;4021;17757;61912;351;67136;54229996;51318053;35158668;115670;38492332
FR;0;2022-02-22;4370;18469;60781;575;64406;54234366;51336522;35219449;116245;38556738
FR;0;2022-02-23;6509;27132;66458;591;71858;54240875;51363654;35285907;116836;38628596
FR;0;2022-02-24;3745;15155;50370;518;53180;54244620;51378809;35336277;117354;38681776
FR;0;2022-02-25;5199;23536;76274;803;79996;54249819;51402345;35412551;118157;38761772
FR;0;2022-02-26;3970;17643;47388;357;51453;54253789;51419988;35459939;118514;38813225
FR;0;2022-02-27;870;2986;8021;47;8932;54254659;51422974;35467960;118561;38822157
FR;0;2022-02-28;3068;12182;40445;354;42874;54257727;51435156;35508405;118915;38865031
FR;0;2022-03-01;3128;12221;44126;433;44762;54260855;51447377;35552531;119348;38909793
FR;0;2022-03-02;5076;17453;47081;438;48987;54265931;51464830;35599612;119786;38958780
FR;0;2022-03-03;2649;8892;29829;361;29921;54268580;51473722;35629441;120147;38988701
FR;0;2022-03-04;3175;12177;40253;649;39385;54271755;51485899;35669694;120796;39028086
FR;0;2022-03-05;2919;9207;24924;309;25074;54274674;51495106;35694618;121105;39053160
FR;0;2022-03-06;509;1380;3192;42;3429;54275183;51496486;35697810;121147;39056589
FR;0;2022-03-07;1939;5466;18391;313;17651;54277122;51501952;35716201;121460;39074240
FR;0;2022-03-08;1967;5880;19402;359;17859;54279089;51507832;35735603;121819;39092099
FR;0;2022-03-09;3447;10265;22141;403;21222;54282536;51518097;35757744;122222;39113321
FR;0;2022-03-10;1710;5199;16888;341;15680;54284246;51523296;35774632;122563;39129001
FR;0;2022-03-11;2342;7290;24461;538;22222;54286588;51530586;35799093;123101;39151223
FR;0;2022-03-12;2656;6712;17148;304;16498;54289244;51537298;35816241;123405;39167721
FR;0;2022-03-13;385;780;2304;144;2253;54289629;51538078;35818545;123549;39169974
FR;0;2022-03-14;1460;4139;14930;4403;13784;54291089;51542217;35833475;127952;39183758
FR;0;2022-03-15;1593;4354;16227;7549;14330;54292682;51546571;35849702;135501;39198088
FR;0;2022-03-16;2941;7040;19357;13128;18017;54295623;51553611;35869059;148629;39216105
FR;0;2022-03-17;1370;3698;13093;10836;11933;54296993;51557309;35882152;159465;39228038
FR;0;2022-03-18;2197;5513;19937;18275;18019;54299190;51562822;35902089;177740;39246057
FR;0;2022-03-19;2274;4666;13101;9395;12398;54301464;51567488;35915190;187135;39258455
FR;0;2022-03-20;292;706;1907;1065;1916;54301756;51568194;35917097;188200;39260371
FR;0;2022-03-21;1341;3123;12688;14929;11908;54303097;51571317;35929785;203129;39272279
FR;0;2022-03-22;1460;3578;13755;20517;12510;54304557;51574895;35943540;223646;39284789
FR;0;2022-03-23;2633;6066;17638;23129;17144;54307190;51580961;35961178;246775;39301933
FR;0;2022-03-24;1356;2912;11541;17569;10613;54308546;51583873;35972719;264344;39312546
FR;0;2022-03-25;2045;4801;18490;27738;16820;54310591;51588674;35991209;292082;39329366
FR;0;2022-03-26;2215;4236;12057;12656;11496;54312806;51592910;36003266;304738;39340862
FR;0;2022-03-27;354;681;1874;1474;1908;54313160;51593591;36005140;306212;39342770
FR;0;2022-03-28;1410;2919;11053;17451;10541;54314570;51596510;36016193;323663;39353311
FR;0;2022-03-29;1419;3221;12859;27529;12005;54315989;51599731;36029052;351192;39365316
FR;0;2022-03-30;2810;5361;15600;27342;14991;54318799;51605092;36044652;378534;39380307
FR;0;2022-03-31;1589;3139;12855;24863;12185;54320388;51608231;36057507;403397;39392492
FR;0;2022-04-01;2082;4274;19977;30800;18591;54322470;51612505;36077484;434197;39411083
FR;0;2022-04-02;1491;2605;9028;10096;8686;54323961;51615110;36086512;444293;39419769
FR;0;2022-04-03;273;495;1555;1168;1570;54324234;51615605;36088067;445461;39421339
FR;0;2022-04-04;1319;2530;12170;19051;11353;54325553;51618135;36100237;464512;39432692
FR;0;2022-04-05;1579;2913;14235;33969;13078;54327132;51621048;36114472;498481;39445770
FR;0;2022-04-06;2027;3609;13417;26277;12652;54329159;51624657;36127889;524758;39458422
FR;0;2022-04-07;1420;2846;13571;33562;12775;54330579;51627503;36141460;558320;39471197
FR;0;2022-04-08;2009;4060;19110;43612;17723;54332588;51631563;36160570;601932;39488920
FR;0;2022-04-09;1341;2647;9285;13536;8835;54333929;51634210;36169855;615468;39497755
FR;0;2022-04-10;271;552;1966;1992;1971;54334200;51634762;36171821;617460;39499726
FR;0;2022-04-11;1173;2446;11802;23624;11404;54335373;51637208;36183623;641084;39511130
FR;0;2022-04-12;1559;2764;13885;40526;13253;54336932;51639972;36197508;681610;39524383
FR;0;2022-04-13;1836;3394;13282;32706;12878;54338768;51643366;36210790;714316;39537261
FR;0;2022-04-14;1431;2644;13029;35891;12846;54340199;51646010;36223819;750207;39550107
FR;0;2022-04-15;1767;3271;15469;35198;14716;54341966;51649281;36239288;785405;39564823
FR;0;2022-04-16;1025;1810;6358;8512;6211;54342991;51651091;36245646;793917;39571034
FR;0;2022-04-17;183;316;989;1154;1027;54343174;51651407;36246635;795071;39572061
FR;0;2022-04-18;144;428;2724;1033;2741;54343318;51651835;36249359;796104;39574802
FR;0;2022-04-19;1459;2890;12827;29363;12336;54344777;51654725;36262186;825467;39587138
FR;0;2022-04-20;1887;3321;13136;28687;12798;54346664;51658046;36275322;854154;39599936
FR;0;2022-04-21;1466;2706;12392;34634;12412;54348130;51660752;36287714;888788;39612348
FR;0;2022-04-22;1812;3454;16372;37338;15731;54349942;51664206;36304086;926126;39628079
FR;0;2022-04-23;1112;2030;7348;10630;7196;54351054;51666236;36311434;936756;39635275
FR;0;2022-04-24;236;440;1467;1578;1401;54351290;51666676;36312901;938334;39636676
FR;0;2022-04-25;1241;2426;10608;20797;10397;54352531;51669102;36323509;959131;39647073
FR;0;2022-04-26;1545;2936;13553;38039;12987;54354076;51672038;36337062;997170;39660060
FR;0;2022-04-27;1896;2996;11415;30411;11453;54355972;51675034;36348477;1027581;39671513
FR;0;2022-04-28;1515;2620;12377;35621;12096;54357487;51677654;36360854;1063202;39683609
FR;0;2022-04-29;1937;3406;15345;36774;14691;54359424;51681060;36376199;1099976;39698300
FR;0;2022-04-30;1176;1790;6750;9625;6566;54360600;51682850;36382949;1109601;39704866
FR;0;2022-05-01;169;293;877;951;872;54360769;51683143;36383826;1110552;39705738
FR;0;2022-05-02;1127;2086;10655;17729;10430;54361896;51685229;36394481;1128281;39716168
FR;0;2022-05-03;1699;2857;13245;34033;13102;54363595;51688086;36407726;1162314;39729270
FR;0;2022-05-04;1780;2913;11467;25050;11560;54365375;51690999;36419193;1187364;39740830
FR;0;2022-05-05;1577;2595;12045;32823;11764;54366952;51693594;36431238;1220187;39752594
FR;0;2022-05-06;2014;3473;14974;36345;14448;54368966;51697067;36446212;1256532;39767042
FR;0;2022-05-07;1156;1730;6228;9546;6225;54370122;51698797;36452440;1266078;39773267
FR;0;2022-05-08;250;372;1083;1518;1143;54370372;51699169;36453523;1267596;39774410
FR;0;2022-05-09;1212;2062;9192;19794;9068;54371584;51701231;36462715;1287390;39783478
FR;0;2022-05-10;1599;2787;12392;38088;12005;54373183;51704018;36475107;1325478;39795483
FR;0;2022-05-11;1892;2630;9951;27280;9857;54375075;51706648;36485058;1352758;39805340
FR;0;2022-05-12;1488;2445;10794;34859;10426;54376563;51709093;36495852;1387617;39815766
FR;0;2022-05-13;1887;3041;13159;37089;12764;54378450;51712134;36509011;1424706;39828530
FR;0;2022-05-14;1107;1544;5472;10646;5337;54379557;51713678;36514483;1435352;39833867
FR;0;2022-05-15;258;386;1111;1406;1203;54379815;51714064;36515594;1436758;39835070
FR;0;2022-05-16;1105;1816;7444;20239;7460;54380920;51715880;36523038;1456997;39842530
FR;0;2022-05-17;1499;2383;10445;36788;10066;54382419;51718263;36533483;1493785;39852596
FR;0;2022-05-18;1703;2394;8430;26325;8377;54384122;51720657;36541913;1520110;39860973
FR;0;2022-05-19;1348;2371;9439;34102;9341;54385470;51723028;36551352;1554212;39870314
FR;0;2022-05-20;1779;2802;11767;38120;11322;54387249;51725830;36563119;1592332;39881636
FR;0;2022-05-21;1123;1589;4982;9602;4902;54388372;51727419;36568101;1601934;39886538
FR;0;2022-05-22;215;306;952;1301;938;54388587;51727725;36569053;1603235;39887476
FR;0;2022-05-23;1030;1762;6832;19078;6767;54389617;51729487;36575885;1622313;39894243
FR;0;2022-05-24;1383;2435;9721;35669;9495;54391000;51731922;36585606;1657982;39903738
