fra;vaccin;jour;n_dose1;n_dose2;n_cum_dose1;n_cum_dose2
FR;1;2020-12-27;21;0;21;0
FR;1;2020-12-28;77;0;98;0
FR;1;2020-12-29;108;0;206;0
FR;1;2020-12-30;125;0;331;0
FR;1;2020-12-31;88;0;419;0
FR;1;2021-01-01;76;0;495;0
FR;1;2021-01-02;93;0;588;0
FR;1;2021-01-03;99;0;687;0
FR;1;2021-01-04;1483;0;2170;0
FR;1;2021-01-05;5436;0;7606;0
FR;1;2021-01-06;11338;0;18944;0
FR;1;2021-01-07;28709;0;47653;0
FR;1;2021-01-08;36378;0;84031;0
FR;1;2021-01-09;10967;0;94998;0
FR;1;2021-01-10;5653;0;100651;0
FR;1;2021-01-11;39183;0;139834;0
FR;1;2021-01-12;61110;0;200944;0
FR;1;2021-01-13;64035;0;264979;0
FR;1;2021-01-14;80014;0;344993;0
FR;1;2021-01-15;67496;0;412489;0
FR;1;2021-01-16;19598;78;432087;78
FR;1;2021-01-17;10488;42;442575;120
FR;1;2021-01-18;81685;162;524260;282
FR;1;2021-01-19;124222;125;648482;407
FR;1;2021-01-20;130646;157;779128;564
FR;1;2021-01-21;150697;135;929825;699
FR;1;2021-01-22;114199;162;1044024;861
FR;1;2021-01-23;36169;50;1080193;911
FR;1;2021-01-24;9285;27;1089478;938
FR;1;2021-01-25;73422;1219;1162900;2157
FR;1;2021-01-26;95254;3112;1258154;5269
FR;1;2021-01-27;102403;5596;1360557;10865
FR;1;2021-01-28;119141;14362;1479698;25227
FR;1;2021-01-29;87987;17283;1567685;42510
FR;1;2021-01-30;27650;4225;1595335;46735
FR;1;2021-01-31;4884;1679;1600219;48414
FR;1;2021-02-01;48438;21127;1648657;69541
FR;1;2021-02-02;66514;34561;1715171;104102
FR;1;2021-02-03;66088;36961;1781259;141063
FR;1;2021-02-04;76020;50053;1857279;191116
FR;1;2021-02-05;62653;45336;1919932;236452
FR;1;2021-02-06;19104;10398;1939036;246850
FR;1;2021-02-07;3439;5042;1942475;251892
FR;1;2021-02-08;35919;45977;1978394;297869
FR;1;2021-02-09;50017;72397;2028411;370266
FR;1;2021-02-10;51015;76698;2079426;446964
FR;1;2021-02-11;62410;99086;2141836;546050
FR;1;2021-02-12;55029;73986;2196865;620036
FR;1;2021-02-13;15190;19270;2212055;639306
FR;1;2021-02-14;3437;7191;2215492;646497
FR;1;2021-02-15;23670;73449;2239162;719946
FR;1;2021-02-16;32194;96865;2271356;816811
FR;1;2021-02-17;34493;98591;2305849;915402
FR;1;2021-02-18;48371;113444;2354220;1028846
FR;1;2021-02-19;44642;86437;2398862;1115283
FR;1;2021-02-20;13081;26920;2411943;1142203
FR;1;2021-02-21;2125;6286;2414068;1148489
FR;1;2021-02-22;24141;69429;2438209;1217918
FR;1;2021-02-23;36787;80372;2474996;1298290
FR;1;2021-02-24;39542;77655;2514538;1375945
FR;1;2021-02-25;49180;87974;2563718;1463919
FR;1;2021-02-26;46308;67890;2610026;1531809
FR;1;2021-02-27;15257;20932;2625283;1552741
FR;1;2021-02-28;3239;4386;2628522;1557127
FR;1;2021-03-01;38867;49019;2667389;1606146
FR;1;2021-03-02;54831;61513;2722220;1667659
FR;1;2021-03-03;59752;60654;2781972;1728313
FR;1;2021-03-04;71482;64901;2853454;1793214
FR;1;2021-03-05;73390;59249;2926844;1852463
FR;1;2021-03-06;81540;16090;3008384;1868553
FR;1;2021-03-07;63028;5415;3071412;1873968
FR;1;2021-03-08;58996;42469;3130408;1916437
FR;1;2021-03-09;84662;48320;3215070;1964757
FR;1;2021-03-10;89294;48072;3304364;2012829
FR;1;2021-03-11;103488;53857;3407852;2066686
FR;1;2021-03-12;102478;45291;3510330;2111977
FR;1;2021-03-13;87964;12745;3598294;2124722
FR;1;2021-03-14;43763;3031;3642057;2127753
FR;1;2021-03-15;94111;29128;3736168;2156881
FR;1;2021-03-16;122205;34895;3858373;2191776
FR;1;2021-03-17;127848;34836;3986221;2226612
FR;1;2021-03-18;141315;39720;4127536;2266332
FR;1;2021-03-19;134633;32908;4262169;2299240
FR;1;2021-03-20;75111;10209;4337280;2309449
FR;1;2021-03-21;25802;2476;4363082;2311925
FR;1;2021-03-22;113196;31183;4476278;2343108
FR;1;2021-03-23;141325;38179;4617603;2381287
FR;1;2021-03-24;140260;38777;4757863;2420064
FR;1;2021-03-25;163235;39630;4921098;2459694
FR;1;2021-03-26;164915;37498;5086013;2497192
FR;1;2021-03-27;110032;15255;5196045;2512447
FR;1;2021-03-28;41761;3621;5237806;2516068
FR;1;2021-03-29;128600;49962;5366406;2566030
FR;1;2021-03-30;165989;63598;5532395;2629628
FR;1;2021-03-31;169250;66904;5701645;2696532
FR;1;2021-04-01;191782;79268;5893427;2775800
FR;1;2021-04-02;162766;84323;6056193;2860123
FR;1;2021-04-03;87264;58177;6143457;2918300
FR;1;2021-04-04;32374;17733;6175831;2936033
FR;1;2021-04-05;42475;10176;6218306;2946209
FR;1;2021-04-06;158055;100892;6376361;3047101
FR;1;2021-04-07;194611;108264;6570972;3155365
FR;1;2021-04-08;219262;112392;6790234;3267757
FR;1;2021-04-09;212082;107512;7002316;3375269
FR;1;2021-04-10;116049;73459;7118365;3448728
FR;1;2021-04-11;40069;30286;7158434;3479014
FR;1;2021-04-12;166728;103792;7325162;3582806
FR;1;2021-04-13;201500;128255;7526662;3711061
FR;1;2021-04-14;205854;122813;7732516;3833874
FR;1;2021-04-15;218622;126762;7951138;3960636
FR;1;2021-04-16;204162;125147;8155300;4085783
FR;1;2021-04-17;121060;67485;8276360;4153268
FR;1;2021-04-18;35267;20993;8311627;4174261
FR;1;2021-04-19;162061;121926;8473688;4296187
FR;1;2021-04-20;187381;148781;8661069;4444968
FR;1;2021-04-21;191886;146720;8852955;4591688
FR;1;2021-04-22;206694;162653;9059649;4754341
FR;1;2021-04-23;197039;156935;9256688;4911276
FR;1;2021-04-24;125123;95511;9381811;5006787
FR;1;2021-04-25;52925;30140;9434736;5036927
FR;1;2021-04-26;179473;138284;9614209;5175211
FR;1;2021-04-27;219270;161999;9833479;5337210
FR;1;2021-04-28;236350;155123;10069829;5492333
FR;1;2021-04-29;267854;160080;10337683;5652413
FR;1;2021-04-30;269585;148163;10607268;5800576
FR;1;2021-05-01;138518;40713;10745786;5841289
FR;1;2021-05-02;80564;28155;10826350;5869444
FR;1;2021-05-03;247592;146483;11073942;6015927
FR;1;2021-05-04;262881;186854;11336823;6202781
FR;1;2021-05-05;279745;184584;11616568;6387365
FR;1;2021-05-06;306264;183048;11922832;6570413
FR;1;2021-05-07;281318;195745;12204150;6766158
FR;1;2021-05-08;189658;48343;12393808;6814501
FR;1;2021-05-09;113212;36221;12507020;6850722
FR;1;2021-05-10;253722;194281;12760742;7045003
FR;1;2021-05-11;315511;211419;13076253;7256422
FR;1;2021-05-12;352276;185921;13428529;7442343
FR;1;2021-05-13;279918;47655;13708447;7489998
FR;1;2021-05-14;366538;128909;14074985;7618907
FR;1;2021-05-15;294351;66157;14369336;7685064
FR;1;2021-05-16;156385;15583;14525721;7700647
FR;1;2021-05-17;315906;116710;14841627;7817357
FR;1;2021-05-18;378611;111350;15220238;7928707
FR;1;2021-05-19;391407;102931;15611645;8031638
FR;1;2021-05-20;416677;96332;16028322;8127970
FR;1;2021-05-21;395546;97399;16423868;8225369
FR;1;2021-05-22;273605;42110;16697473;8267479
FR;1;2021-05-23;122009;11217;16819482;8278696
FR;1;2021-05-24;241472;26326;17060954;8305022
FR;1;2021-05-25;362204;131965;17423158;8436987
FR;1;2021-05-26;376477;125726;17799635;8562713
FR;1;2021-05-27;402293;128249;18201928;8690962
FR;1;2021-05-28;362006;145614;18563934;8836576
FR;1;2021-05-29;251594;81026;18815528;8917602
FR;1;2021-05-30;99555;22595;18915083;8940197
FR;1;2021-05-31;310368;148911;19225451;9089108
FR;1;2021-06-01;347965;166921;19573416;9256029
FR;1;2021-06-02;350249;153440;19923665;9409469
FR;1;2021-06-03;380029;147867;20303694;9557336
FR;1;2021-06-04;352887;175768;20656581;9733104
FR;1;2021-06-05;253923;112849;20910504;9845953
FR;1;2021-06-06;123705;37564;21034209;9883517
FR;1;2021-06-07;292115;208331;21326324;10091848
FR;1;2021-06-08;321467;221222;21647791;10313070
FR;1;2021-06-09;327493;212793;21975284;10525863
FR;1;2021-06-10;330338;202474;22305622;10728337
FR;1;2021-06-11;303376;235652;22608998;10963989
FR;1;2021-06-12;238907;150963;22847905;11114952
FR;1;2021-06-13;97656;61119;22945561;11176071
FR;1;2021-06-14;199457;289305;23145018;11465376
FR;1;2021-06-15;245828;282718;23390846;11748094
FR;1;2021-06-16;265022;270714;23655868;12018808
FR;1;2021-06-17;260018;244648;23915886;12263456
FR;1;2021-06-18;249842;296294;24165728;12559750
FR;1;2021-06-19;188932;209799;24354660;12769549
FR;1;2021-06-20;67354;89241;24422014;12858790
FR;1;2021-06-21;164714;320301;24586728;13179091
FR;1;2021-06-22;178253;347955;24764981;13527046
FR;1;2021-06-23;196287;339712;24961268;13866758
FR;1;2021-06-24;194066;282056;25155334;14148814
FR;1;2021-06-25;175003;372234;25330337;14521048
FR;1;2021-06-26;128032;278618;25458369;14799666
FR;1;2021-06-27;50935;123103;25509304;14922769
FR;1;2021-06-28;130291;368681;25639595;15291450
FR;1;2021-06-29;148269;389772;25787864;15681222
FR;1;2021-06-30;171732;378505;25959596;16059727
FR;1;2021-07-01;179826;332486;26139422;16392213
FR;1;2021-07-02;173975;368106;26313397;16760319
FR;1;2021-07-03;120218;280804;26433615;17041123
FR;1;2021-07-04;51847;113831;26485462;17154954
FR;1;2021-07-05;142117;356485;26627579;17511439
FR;1;2021-07-06;163870;382995;26791449;17894434
FR;1;2021-07-07;178320;363076;26969769;18257510
FR;1;2021-07-08;191429;323430;27161198;18580940
FR;2;2020-12-27;0;0;0;0
FR;2;2020-12-28;0;0;0;0
FR;2;2020-12-29;0;0;0;0
FR;2;2020-12-30;0;0;0;0
FR;2;2020-12-31;0;0;0;0
FR;2;2021-01-01;0;0;0;0
FR;2;2021-01-02;0;0;0;0
FR;2;2021-01-03;0;0;0;0
FR;2;2021-01-04;0;0;0;0
FR;2;2021-01-05;0;0;0;0
FR;2;2021-01-06;0;0;0;0
FR;2;2021-01-07;0;0;0;0
FR;2;2021-01-08;0;0;0;0
FR;2;2021-01-09;0;0;0;0
FR;2;2021-01-10;0;0;0;0
FR;2;2021-01-11;0;0;0;0
FR;2;2021-01-12;0;0;0;0
FR;2;2021-01-13;0;0;0;0
FR;2;2021-01-14;154;0;154;0
FR;2;2021-01-15;218;0;372;0
FR;2;2021-01-16;185;0;557;0
FR;2;2021-01-17;4;0;561;0
FR;2;2021-01-18;2917;0;3478;0
FR;2;2021-01-19;4525;0;8003;0
FR;2;2021-01-20;4924;0;12927;0
FR;2;2021-01-21;5132;0;18059;0
FR;2;2021-01-22;4885;0;22944;0
FR;2;2021-01-23;1737;0;24681;0
FR;2;2021-01-24;102;0;24783;0
FR;2;2021-01-25;3641;0;28424;0
FR;2;2021-01-26;3756;0;32180;0
FR;2;2021-01-27;3446;0;35626;0
FR;2;2021-01-28;3518;0;39144;0
FR;2;2021-01-29;3083;0;42227;0
FR;2;2021-01-30;1064;0;43291;0
FR;2;2021-01-31;0;0;43291;0
FR;2;2021-02-01;3264;0;46555;0
FR;2;2021-02-02;4310;0;50865;0
FR;2;2021-02-03;5034;0;55899;0
FR;2;2021-02-04;4735;3;60634;3
FR;2;2021-02-05;4622;6;65256;9
FR;2;2021-02-06;1932;3;67188;12
FR;2;2021-02-07;42;0;67230;12
FR;2;2021-02-08;7429;8;74659;20
FR;2;2021-02-09;8265;15;82924;35
FR;2;2021-02-10;9144;49;92068;84
FR;2;2021-02-11;10061;67;102129;151
FR;2;2021-02-12;9819;238;111948;389
FR;2;2021-02-13;3021;222;114969;611
FR;2;2021-02-14;296;0;115265;611
FR;2;2021-02-15;3359;3067;118624;3678
FR;2;2021-02-16;4927;3881;123551;7559
FR;2;2021-02-17;4109;4402;127660;11961
FR;2;2021-02-18;5244;5089;132904;17050
FR;2;2021-02-19;5220;4323;138124;21373
FR;2;2021-02-20;1765;1509;139889;22882
FR;2;2021-02-21;199;86;140088;22968
FR;2;2021-02-22;3539;3722;143627;26690
FR;2;2021-02-23;4838;3693;148465;30383
FR;2;2021-02-24;4780;3468;153245;33851
FR;2;2021-02-25;5292;3426;158537;37277
FR;2;2021-02-26;4197;3125;162734;40402
FR;2;2021-02-27;1504;1042;164238;41444
FR;2;2021-02-28;101;28;164339;41472
FR;2;2021-03-01;4967;3764;169306;45236
FR;2;2021-03-02;6313;4727;175619;49963
FR;2;2021-03-03;6249;4883;181868;54846
FR;2;2021-03-04;8080;3966;189948;58812
FR;2;2021-03-05;7773;4060;197721;62872
FR;2;2021-03-06;4622;1683;202343;64555
FR;2;2021-03-07;2284;29;204627;64584
FR;2;2021-03-08;3977;8311;208604;72895
FR;2;2021-03-09;7274;8430;215878;81325
FR;2;2021-03-10;6864;9108;222742;90433
FR;2;2021-03-11;9094;9208;231836;99641
FR;2;2021-03-12;7726;8162;239562;107803
FR;2;2021-03-13;9880;2511;249442;110314
FR;2;2021-03-14;4754;402;254196;110716
FR;2;2021-03-15;10654;3484;264850;114200
FR;2;2021-03-16;16467;4621;281317;118821
FR;2;2021-03-17;19907;3953;301224;122774
FR;2;2021-03-18;22964;4910;324188;127684
FR;2;2021-03-19;22899;4537;347087;132221
FR;2;2021-03-20;25163;1540;372250;133761
FR;2;2021-03-21;17478;147;389728;133908
FR;2;2021-03-22;17415;3079;407143;136987
FR;2;2021-03-23;22288;4184;429431;141171
FR;2;2021-03-24;23563;4987;452994;146158
FR;2;2021-03-25;26294;5020;479288;151178
FR;2;2021-03-26;26597;4262;505885;155440
FR;2;2021-03-27;15642;1308;521527;156748
FR;2;2021-03-28;10399;92;531926;156840
FR;2;2021-03-29;18666;4281;550592;161121
FR;2;2021-03-30;24191;6019;574783;167140
FR;2;2021-03-31;28153;5955;602936;173095
FR;2;2021-04-01;34013;8479;636949;181574
FR;2;2021-04-02;29575;7686;666524;189260
FR;2;2021-04-03;16739;3583;683263;192843
FR;2;2021-04-04;9165;919;692428;193762
FR;2;2021-04-05;12135;811;704563;194573
FR;2;2021-04-06;26785;6927;731348;201500
FR;2;2021-04-07;30603;7157;761951;208657
FR;2;2021-04-08;36513;8819;798464;217476
FR;2;2021-04-09;33407;8597;831871;226073
FR;2;2021-04-10;19465;8969;851336;235042
FR;2;2021-04-11;7819;4271;859155;239313
FR;2;2021-04-12;16815;11254;875970;250567
FR;2;2021-04-13;19135;16426;895105;266993
FR;2;2021-04-14;17680;16280;912785;283273
FR;2;2021-04-15;21868;20757;934653;304030
FR;2;2021-04-16;20409;20078;955062;324108
FR;2;2021-04-17;13062;22462;968124;346570
FR;2;2021-04-18;5792;14403;973916;360973
FR;2;2021-04-19;16497;16254;990413;377227
FR;2;2021-04-20;18994;21590;1009407;398817
FR;2;2021-04-21;19869;21666;1029276;420483
FR;2;2021-04-22;23427;24858;1052703;445341
FR;2;2021-04-23;24232;25351;1076935;470692
FR;2;2021-04-24;25108;15106;1102043;485798
FR;2;2021-04-25;9502;8589;1111545;494387
FR;2;2021-04-26;16923;17199;1128468;511586
FR;2;2021-04-27;19032;24308;1147500;535894
FR;2;2021-04-28;22073;26184;1169573;562078
FR;2;2021-04-29;25215;30133;1194788;592211
FR;2;2021-04-30;25350;27778;1220138;619989
FR;2;2021-05-01;14819;9861;1234957;629850
FR;2;2021-05-02;6535;9184;1241492;639034
FR;2;2021-05-03;19689;19324;1261181;658358
FR;2;2021-05-04;18066;29058;1279247;687416
FR;2;2021-05-05;18018;29410;1297265;716826
FR;2;2021-05-06;23250;35289;1320515;752115
FR;2;2021-05-07;24910;33241;1345425;785356
FR;2;2021-05-08;21057;9702;1366482;795058
FR;2;2021-05-09;13036;7893;1379518;802951
FR;2;2021-05-10;32576;22218;1412094;825169
FR;2;2021-05-11;43201;21073;1455295;846242
FR;2;2021-05-12;49447;19901;1504742;866143
FR;2;2021-05-13;50840;5768;1555582;871911
FR;2;2021-05-14;60904;12954;1616486;884865
FR;2;2021-05-15;65501;7151;1681987;892016
FR;2;2021-05-16;43272;2576;1725259;894592
FR;2;2021-05-17;44332;12588;1769591;907180
FR;2;2021-05-18;54132;12245;1823723;919425
FR;2;2021-05-19;56685;10619;1880408;930044
FR;2;2021-05-20;62863;10876;1943271;940920
FR;2;2021-05-21;63749;11668;2007020;952588
FR;2;2021-05-22;61133;4514;2068153;957102
FR;2;2021-05-23;37203;570;2105356;957672
FR;2;2021-05-24;16928;2028;2122284;959700
FR;2;2021-05-25;20699;12240;2142983;971940
FR;2;2021-05-26;19402;11463;2162385;983403
FR;2;2021-05-27;22565;12665;2184950;996068
FR;2;2021-05-28;28930;14983;2213880;1011051
FR;2;2021-05-29;30084;8188;2243964;1019239
FR;2;2021-05-30;4498;1812;2248462;1021051
FR;2;2021-05-31;28195;18758;2276657;1039809
FR;2;2021-06-01;44786;20076;2321443;1059885
FR;2;2021-06-02;36772;19315;2358215;1079200
FR;2;2021-06-03;50520;23396;2408735;1102596
FR;2;2021-06-04;64705;24102;2473440;1126698
FR;2;2021-06-05;34060;24045;2507500;1150743
FR;2;2021-06-06;4754;6204;2512254;1156947
FR;2;2021-06-07;27649;23106;2539903;1180053
FR;2;2021-06-08;45549;22964;2585452;1203017
FR;2;2021-06-09;33677;20915;2619129;1223932
FR;2;2021-06-10;41605;19159;2660734;1243091
FR;2;2021-06-11;54357;25253;2715091;1268344
FR;2;2021-06-12;30001;19819;2745092;1288163
FR;2;2021-06-13;3130;9190;2748222;1297353
FR;2;2021-06-14;24705;24197;2772927;1321550
FR;2;2021-06-15;38265;22897;2811192;1344447
FR;2;2021-06-16;29566;21545;2840758;1365992
FR;2;2021-06-17;36192;25909;2876950;1391901
FR;2;2021-06-18;45972;28801;2922922;1420702
FR;2;2021-06-19;24093;24925;2947015;1445627
FR;2;2021-06-20;2609;10074;2949624;1455701
FR;2;2021-06-21;16863;42781;2966487;1498482
FR;2;2021-06-22;27748;49632;2994235;1548114
FR;2;2021-06-23;21214;49635;3015449;1597749
FR;2;2021-06-24;27748;50324;3043197;1648073
FR;2;2021-06-25;32705;60444;3075902;1708517
FR;2;2021-06-26;15992;59314;3091894;1767831
FR;2;2021-06-27;2433;29367;3094327;1797198
FR;2;2021-06-28;12214;54393;3106541;1851591
FR;2;2021-06-29;19372;59888;3125913;1911479
FR;2;2021-06-30;15876;57788;3141789;1969267
FR;2;2021-07-01;19301;59927;3161090;2029194
FR;2;2021-07-02;23029;62230;3184119;2091424
FR;2;2021-07-03;11598;57119;3195717;2148543
FR;2;2021-07-04;1832;23336;3197549;2171879
FR;2;2021-07-05;8428;29378;3205977;2201257
FR;2;2021-07-06;13912;36221;3219889;2237478
FR;2;2021-07-07;13430;33699;3233319;2271177
FR;2;2021-07-08;18379;40305;3251698;2311482
FR;3;2020-12-27;0;0;0;0
FR;3;2020-12-28;0;0;0;0
FR;3;2020-12-29;0;0;0;0
FR;3;2020-12-30;0;0;0;0
FR;3;2020-12-31;0;0;0;0
FR;3;2021-01-01;0;0;0;0
FR;3;2021-01-02;0;0;0;0
FR;3;2021-01-03;0;0;0;0
FR;3;2021-01-04;0;0;0;0
FR;3;2021-01-05;0;0;0;0
FR;3;2021-01-06;0;0;0;0
FR;3;2021-01-07;0;0;0;0
FR;3;2021-01-08;0;0;0;0
FR;3;2021-01-09;0;0;0;0
FR;3;2021-01-10;0;0;0;0
FR;3;2021-01-11;0;0;0;0
FR;3;2021-01-12;0;0;0;0
FR;3;2021-01-13;0;0;0;0
FR;3;2021-01-14;0;0;0;0
FR;3;2021-01-15;0;0;0;0
FR;3;2021-01-16;0;0;0;0
FR;3;2021-01-17;0;0;0;0
FR;3;2021-01-18;0;0;0;0
FR;3;2021-01-19;0;0;0;0
FR;3;2021-01-20;0;0;0;0
FR;3;2021-01-21;0;0;0;0
FR;3;2021-01-22;0;0;0;0
FR;3;2021-01-23;0;0;0;0
FR;3;2021-01-24;0;0;0;0
FR;3;2021-01-25;0;0;0;0
FR;3;2021-01-26;0;0;0;0
FR;3;2021-01-27;0;0;0;0
FR;3;2021-01-28;0;0;0;0
FR;3;2021-01-29;0;0;0;0
FR;3;2021-01-30;0;0;0;0
FR;3;2021-01-31;0;0;0;0
FR;3;2021-02-01;0;0;0;0
FR;3;2021-02-02;0;0;0;0
FR;3;2021-02-03;0;0;0;0
FR;3;2021-02-04;0;0;0;0
FR;3;2021-02-05;0;0;0;0
FR;3;2021-02-06;354;0;354;0
FR;3;2021-02-07;1349;0;1703;0
FR;3;2021-02-08;2634;0;4337;0
FR;3;2021-02-09;6652;0;10989;0
FR;3;2021-02-10;9267;0;20256;0
FR;3;2021-02-11;13386;0;33642;0
FR;3;2021-02-12;13076;0;46718;0
FR;3;2021-02-13;3524;0;50242;0
FR;3;2021-02-14;870;0;51112;0
FR;3;2021-02-15;10151;0;61263;0
FR;3;2021-02-16;12211;0;73474;0
FR;3;2021-02-17;10847;0;84321;0
FR;3;2021-02-18;14624;0;98945;0
FR;3;2021-02-19;14151;0;113096;0
FR;3;2021-02-20;3189;0;116285;0
FR;3;2021-02-21;549;0;116834;0
FR;3;2021-02-22;8934;0;125768;0
FR;3;2021-02-23;11133;0;136901;0
FR;3;2021-02-24;13948;0;150849;0
FR;3;2021-02-25;44513;0;195362;0
FR;3;2021-02-26;61512;0;256874;0
FR;3;2021-02-27;34541;7;291415;7
FR;3;2021-02-28;2362;0;293777;7
FR;3;2021-03-01;20004;9;313781;16
FR;3;2021-03-02;38435;13;352216;29
FR;3;2021-03-03;48077;16;400293;45
FR;3;2021-03-04;81494;19;481787;64
FR;3;2021-03-05;117359;56;599146;120
FR;3;2021-03-06;119724;49;718870;169
FR;3;2021-03-07;54761;27;773631;196
FR;3;2021-03-08;42287;20;815918;216
FR;3;2021-03-09;78292;30;894210;246
FR;3;2021-03-10;80118;38;974328;284
FR;3;2021-03-11;127615;46;1101943;330
FR;3;2021-03-12;181760;67;1283703;397
FR;3;2021-03-13;131425;53;1415128;450
FR;3;2021-03-14;13840;4;1428968;454
FR;3;2021-03-15;51660;37;1480628;491
FR;3;2021-03-16;952;13;1481580;504
FR;3;2021-03-17;700;6;1482280;510
FR;3;2021-03-18;1250;4;1483530;514
FR;3;2021-03-19;69915;36;1553445;550
FR;3;2021-03-20;64786;35;1618231;585
FR;3;2021-03-21;5544;4;1623775;589
FR;3;2021-03-22;37048;32;1660823;621
FR;3;2021-03-23;83992;49;1744815;670
FR;3;2021-03-24;90362;91;1835177;761
FR;3;2021-03-25;149371;114;1984548;875
FR;3;2021-03-26;164752;154;2149300;1029
FR;3;2021-03-27;68011;88;2217311;1117
FR;3;2021-03-28;6284;19;2223595;1136
FR;3;2021-03-29;53748;59;2277343;1195
FR;3;2021-03-30;92676;87;2370019;1282
FR;3;2021-03-31;63023;82;2433042;1364
FR;3;2021-04-01;85527;102;2518569;1466
FR;3;2021-04-02;86458;143;2605027;1609
FR;3;2021-04-03;35558;109;2640585;1718
FR;3;2021-04-04;3436;15;2644021;1733
FR;3;2021-04-05;4314;21;2648335;1754
FR;3;2021-04-06;29302;75;2677637;1829
FR;3;2021-04-07;31862;59;2709499;1888
FR;3;2021-04-08;78270;233;2787769;2121
FR;3;2021-04-09;161102;405;2948871;2526
FR;3;2021-04-10;75227;330;3024098;2856
FR;3;2021-04-11;7115;42;3031213;2898
FR;3;2021-04-12;50966;195;3082179;3093
FR;3;2021-04-13;85662;312;3167841;3405
FR;3;2021-04-14;67212;339;3235053;3744
FR;3;2021-04-15;92420;365;3327473;4109
FR;3;2021-04-16;111770;569;3439243;4678
FR;3;2021-04-17;52755;323;3491998;5001
FR;3;2021-04-18;9512;32;3501510;5033
FR;3;2021-04-19;24653;231;3526163;5264
FR;3;2021-04-20;45067;392;3571230;5656
FR;3;2021-04-21;38340;445;3609570;6101
FR;3;2021-04-22;54064;786;3663634;6887
FR;3;2021-04-23;69805;1014;3733439;7901
FR;3;2021-04-24;36751;971;3770190;8872
FR;3;2021-04-25;5950;154;3776140;9026
FR;3;2021-04-26;19241;656;3795381;9682
FR;3;2021-04-27;33886;1244;3829267;10926
FR;3;2021-04-28;28414;1926;3857681;12852
FR;3;2021-04-29;44746;5953;3902427;18805
FR;3;2021-04-30;54780;8929;3957207;27734
FR;3;2021-05-01;9218;1967;3966425;29701
FR;3;2021-05-02;2822;498;3969247;30199
FR;3;2021-05-03;12592;3881;3981839;34080
FR;3;2021-05-04;22565;8443;4004404;42523
FR;3;2021-05-05;18146;10571;4022550;53094
FR;3;2021-05-06;33965;20905;4056515;73999
FR;3;2021-05-07;43483;28401;4099998;102400
FR;3;2021-05-08;6399;8892;4106397;111292
FR;3;2021-05-09;1602;2653;4107999;113945
FR;3;2021-05-10;14470;12562;4122469;126507
FR;3;2021-05-11;26474;25730;4148943;152237
FR;3;2021-05-12;16763;27450;4165706;179687
FR;3;2021-05-13;2032;3485;4167738;183172
FR;3;2021-05-14;14105;25743;4181843;208915
FR;3;2021-05-15;6925;20731;4188768;229646
FR;3;2021-05-16;831;2678;4189599;232324
FR;3;2021-05-17;7538;19912;4197137;252236
FR;3;2021-05-18;12941;29632;4210078;281868
FR;3;2021-05-19;8841;31862;4218919;313730
FR;3;2021-05-20;12327;53218;4231246;366948
FR;3;2021-05-21;12303;65536;4243549;432484
FR;3;2021-05-22;4680;33298;4248229;465782
FR;3;2021-05-23;540;2665;4248769;468447
FR;3;2021-05-24;598;4920;4249367;473367
FR;3;2021-05-25;4973;45173;4254340;518540
FR;3;2021-05-26;4599;51054;4258939;569594
FR;3;2021-05-27;5959;77844;4264898;647438
FR;3;2021-05-28;7167;99106;4272065;746544
FR;3;2021-05-29;3087;60285;4275152;806829
FR;3;2021-05-30;382;8243;4275534;815072
FR;3;2021-05-31;2086;35996;4277620;851068
FR;3;2021-06-01;2982;64817;4280602;915885
FR;3;2021-06-02;2379;58357;4282981;974242
FR;3;2021-06-03;3191;87583;4286172;1061825
FR;3;2021-06-04;3849;105128;4290021;1166953
FR;3;2021-06-05;1786;52247;4291807;1219200
FR;3;2021-06-06;261;5399;4292068;1224599
FR;3;2021-06-07;1102;31182;4293170;1255781
FR;3;2021-06-08;1725;47284;4294895;1303065
FR;3;2021-06-09;1438;42397;4296333;1345462
FR;3;2021-06-10;1849;68008;4298182;1413470
FR;3;2021-06-11;2220;96807;4300402;1510277
FR;3;2021-06-12;1007;40841;4301409;1551118
FR;3;2021-06-13;140;3823;4301549;1554941
FR;3;2021-06-14;757;42669;4302306;1597610
FR;3;2021-06-15;1172;80698;4303478;1678308
FR;3;2021-06-16;1040;65788;4304518;1744096
FR;3;2021-06-17;1443;101860;4305961;1845956
FR;3;2021-06-18;1726;117931;4307687;1963887
FR;3;2021-06-19;706;39407;4308393;2003294
FR;3;2021-06-20;76;3384;4308469;2006678
FR;3;2021-06-21;558;39289;4309027;2045967
FR;3;2021-06-22;894;70024;4309921;2115991
FR;3;2021-06-23;768;50854;4310689;2166845
FR;3;2021-06-24;1145;77224;4311834;2244069
FR;3;2021-06-25;1257;89981;4313091;2334050
FR;3;2021-06-26;546;33139;4313637;2367189
FR;3;2021-06-27;94;4029;4313731;2371218
FR;3;2021-06-28;469;30463;4314200;2401681
FR;3;2021-06-29;731;56145;4314931;2457826
FR;3;2021-06-30;734;45062;4315665;2502888
FR;3;2021-07-01;989;65671;4316654;2568559
FR;3;2021-07-02;1178;90455;4317832;2659014
FR;3;2021-07-03;546;31195;4318378;2690209
FR;3;2021-07-04;80;4275;4318458;2694484
FR;3;2021-07-05;478;33937;4318936;2728421
FR;3;2021-07-06;792;56137;4319728;2784558
FR;3;2021-07-07;716;43094;4320444;2827652
FR;3;2021-07-08;965;60771;4321409;2888423
FR;4;2020-12-27;0;0;0;0
FR;4;2020-12-28;0;0;0;0
FR;4;2020-12-29;0;0;0;0
FR;4;2020-12-30;0;0;0;0
FR;4;2020-12-31;0;0;0;0
FR;4;2021-01-01;0;0;0;0
FR;4;2021-01-02;0;0;0;0
FR;4;2021-01-03;0;0;0;0
FR;4;2021-01-04;0;0;0;0
FR;4;2021-01-05;0;0;0;0
FR;4;2021-01-06;0;0;0;0
FR;4;2021-01-07;0;0;0;0
FR;4;2021-01-08;0;0;0;0
FR;4;2021-01-09;0;0;0;0
FR;4;2021-01-10;0;0;0;0
FR;4;2021-01-11;0;0;0;0
FR;4;2021-01-12;0;0;0;0
FR;4;2021-01-13;0;0;0;0
FR;4;2021-01-14;0;0;0;0
FR;4;2021-01-15;0;0;0;0
FR;4;2021-01-16;0;0;0;0
FR;4;2021-01-17;0;0;0;0
FR;4;2021-01-18;0;0;0;0
FR;4;2021-01-19;0;0;0;0
FR;4;2021-01-20;0;0;0;0
FR;4;2021-01-21;0;0;0;0
FR;4;2021-01-22;0;0;0;0
FR;4;2021-01-23;0;0;0;0
FR;4;2021-01-24;0;0;0;0
FR;4;2021-01-25;0;0;0;0
FR;4;2021-01-26;0;0;0;0
FR;4;2021-01-27;0;0;0;0
FR;4;2021-01-28;0;0;0;0
FR;4;2021-01-29;0;0;0;0
FR;4;2021-01-30;0;0;0;0
FR;4;2021-01-31;0;0;0;0
FR;4;2021-02-01;0;0;0;0
FR;4;2021-02-02;0;0;0;0
FR;4;2021-02-03;0;0;0;0
FR;4;2021-02-04;0;0;0;0
FR;4;2021-02-05;0;0;0;0
FR;4;2021-02-06;0;0;0;0
FR;4;2021-02-07;0;0;0;0
FR;4;2021-02-08;0;0;0;0
FR;4;2021-02-09;0;0;0;0
FR;4;2021-02-10;0;0;0;0
FR;4;2021-02-11;0;0;0;0
FR;4;2021-02-12;0;0;0;0
FR;4;2021-02-13;0;0;0;0
FR;4;2021-02-14;0;0;0;0
FR;4;2021-02-15;0;0;0;0
FR;4;2021-02-16;0;0;0;0
FR;4;2021-02-17;0;0;0;0
FR;4;2021-02-18;0;0;0;0
FR;4;2021-02-19;0;0;0;0
FR;4;2021-02-20;0;0;0;0
FR;4;2021-02-21;0;0;0;0
FR;4;2021-02-22;0;0;0;0
FR;4;2021-02-23;0;0;0;0
FR;4;2021-02-24;0;0;0;0
FR;4;2021-02-25;0;0;0;0
FR;4;2021-02-26;0;0;0;0
FR;4;2021-02-27;0;0;0;0
FR;4;2021-02-28;0;0;0;0
FR;4;2021-03-01;0;0;0;0
FR;4;2021-03-02;0;0;0;0
FR;4;2021-03-03;0;0;0;0
FR;4;2021-03-04;0;0;0;0
FR;4;2021-03-05;0;0;0;0
FR;4;2021-03-06;0;0;0;0
FR;4;2021-03-07;0;0;0;0
FR;4;2021-03-08;0;0;0;0
FR;4;2021-03-09;0;0;0;0
FR;4;2021-03-10;0;0;0;0
FR;4;2021-03-11;0;0;0;0
FR;4;2021-03-12;0;0;0;0
FR;4;2021-03-13;0;0;0;0
FR;4;2021-03-14;0;0;0;0
FR;4;2021-03-15;0;0;0;0
FR;4;2021-03-16;0;0;0;0
FR;4;2021-03-17;0;0;0;0
FR;4;2021-03-18;0;0;0;0
FR;4;2021-03-19;0;0;0;0
FR;4;2021-03-20;0;0;0;0
FR;4;2021-03-21;0;0;0;0
FR;4;2021-03-22;0;0;0;0
FR;4;2021-03-23;0;0;0;0
FR;4;2021-03-24;0;0;0;0
FR;4;2021-03-25;0;0;0;0
FR;4;2021-03-26;0;0;0;0
FR;4;2021-03-27;0;0;0;0
FR;4;2021-03-28;0;0;0;0
FR;4;2021-03-29;0;0;0;0
FR;4;2021-03-30;0;0;0;0
FR;4;2021-03-31;0;0;0;0
FR;4;2021-04-01;0;0;0;0
FR;4;2021-04-02;0;0;0;0
FR;4;2021-04-03;0;0;0;0
FR;4;2021-04-04;0;0;0;0
FR;4;2021-04-05;0;0;0;0
FR;4;2021-04-06;0;0;0;0
FR;4;2021-04-07;0;0;0;0
FR;4;2021-04-08;0;0;0;0
FR;4;2021-04-09;0;1;0;1
FR;4;2021-04-10;0;0;0;1
FR;4;2021-04-11;0;0;0;1
FR;4;2021-04-12;0;0;0;1
FR;4;2021-04-13;0;0;0;1
FR;4;2021-04-14;0;0;0;1
FR;4;2021-04-15;0;0;0;1
FR;4;2021-04-16;0;0;0;1
FR;4;2021-04-17;0;0;0;1
FR;4;2021-04-18;0;0;0;1
FR;4;2021-04-19;0;0;0;1
FR;4;2021-04-20;0;0;0;1
FR;4;2021-04-21;0;0;0;1
FR;4;2021-04-22;0;0;0;1
FR;4;2021-04-23;882;0;882;1
FR;4;2021-04-24;1552;0;2434;1
FR;4;2021-04-25;117;0;2551;1
FR;4;2021-04-26;2835;0;5386;1
FR;4;2021-04-27;9401;4;14787;5
FR;4;2021-04-28;9792;3;24579;8
FR;4;2021-04-29;15898;7;40477;15
FR;4;2021-04-30;19095;7;59572;22
FR;4;2021-05-01;1906;5;61478;27
FR;4;2021-05-02;443;0;61921;27
FR;4;2021-05-03;4936;1;66857;28
FR;4;2021-05-04;8266;8;75123;36
FR;4;2021-05-05;6013;6;81136;42
FR;4;2021-05-06;11263;11;92399;53
FR;4;2021-05-07;18922;8;111321;61
FR;4;2021-05-08;2263;6;113584;67
FR;4;2021-05-09;630;2;114214;69
FR;4;2021-05-10;7099;8;121313;77
FR;4;2021-05-11;14142;12;135455;89
FR;4;2021-05-12;9976;14;145431;103
FR;4;2021-05-13;1449;3;146880;106
FR;4;2021-05-14;7599;8;154479;114
FR;4;2021-05-15;3599;9;158078;123
FR;4;2021-05-16;363;1;158441;124
FR;4;2021-05-17;4354;2;162795;126
FR;4;2021-05-18;8602;10;171397;136
FR;4;2021-05-19;5532;5;176929;141
FR;4;2021-05-20;9247;6;186176;147
FR;4;2021-05-21;12539;27;198715;174
FR;4;2021-05-22;4933;12;203648;186
FR;4;2021-05-23;429;2;204077;188
FR;4;2021-05-24;949;3;205026;191
FR;4;2021-05-25;7415;16;212441;207
FR;4;2021-05-26;7565;13;220006;220
FR;4;2021-05-27;14134;34;234140;254
FR;4;2021-05-28;26294;77;260434;331
FR;4;2021-05-29;11171;20;271605;351
FR;4;2021-05-30;859;2;272464;353
FR;4;2021-05-31;12449;19;284913;372
FR;4;2021-06-01;19873;40;304786;412
FR;4;2021-06-02;14245;33;319031;445
FR;4;2021-06-03;19177;23;338208;468
FR;4;2021-06-04;22159;45;360367;513
FR;4;2021-06-05;9522;28;369889;541
FR;4;2021-06-06;922;0;370811;541
FR;4;2021-06-07;8942;16;379753;557
FR;4;2021-06-08;14333;26;394086;583
FR;4;2021-06-09;11930;24;406016;607
FR;4;2021-06-10;15060;25;421076;632
FR;4;2021-06-11;16655;51;437731;683
FR;4;2021-06-12;7245;26;444976;709
FR;4;2021-06-13;840;8;445816;717
FR;4;2021-06-14;6438;22;452254;739
FR;4;2021-06-15;10634;31;462888;770
FR;4;2021-06-16;8666;13;471554;783
FR;4;2021-06-17;10596;27;482150;810
FR;4;2021-06-18;12101;38;494251;848
FR;4;2021-06-19;5387;24;499638;872
FR;4;2021-06-20;593;2;500231;874
FR;4;2021-06-21;4817;10;505048;884
FR;4;2021-06-22;7644;18;512692;902
FR;4;2021-06-23;6838;33;519530;935
FR;4;2021-06-24;8373;31;527903;966
FR;4;2021-06-25;9799;36;537702;1002
FR;4;2021-06-26;4559;18;542261;1020
FR;4;2021-06-27;569;2;542830;1022
FR;4;2021-06-28;4465;14;547295;1036
FR;4;2021-06-29;6635;15;553930;1051
FR;4;2021-06-30;6254;35;560184;1086
FR;4;2021-07-01;7559;21;567743;1107
FR;4;2021-07-02;8910;44;576653;1151
FR;4;2021-07-03;4521;17;581174;1168
FR;4;2021-07-04;544;5;581718;1173
FR;4;2021-07-05;4407;17;586125;1190
FR;4;2021-07-06;7298;20;593423;1210
FR;4;2021-07-07;6526;27;599949;1237
FR;4;2021-07-08;8540;35;608489;1272
FR;0;2020-12-27;21;0;21;0
FR;0;2020-12-28;77;0;98;0
FR;0;2020-12-29;108;0;206;0
FR;0;2020-12-30;125;0;331;0
FR;0;2020-12-31;88;0;419;0
FR;0;2021-01-01;76;0;495;0
FR;0;2021-01-02;93;0;588;0
FR;0;2021-01-03;99;0;687;0
FR;0;2021-01-04;1483;0;2170;0
FR;0;2021-01-05;5436;0;7606;0
FR;0;2021-01-06;11338;0;18944;0
FR;0;2021-01-07;28709;0;47653;0
FR;0;2021-01-08;36378;0;84031;0
FR;0;2021-01-09;10967;0;94998;0
FR;0;2021-01-10;5653;0;100651;0
FR;0;2021-01-11;39183;0;139834;0
FR;0;2021-01-12;61110;0;200944;0
FR;0;2021-01-13;64035;0;264979;0
FR;0;2021-01-14;80168;0;345147;0
FR;0;2021-01-15;67714;0;412861;0
FR;0;2021-01-16;19783;78;432644;78
FR;0;2021-01-17;10492;42;443136;120
FR;0;2021-01-18;84602;162;527738;282
FR;0;2021-01-19;128747;125;656485;407
FR;0;2021-01-20;135570;157;792055;564
FR;0;2021-01-21;155829;135;947884;699
FR;0;2021-01-22;119084;162;1066968;861
FR;0;2021-01-23;37906;50;1104874;911
FR;0;2021-01-24;9387;27;1114261;938
FR;0;2021-01-25;77063;1219;1191324;2157
FR;0;2021-01-26;99010;3112;1290334;5269
FR;0;2021-01-27;105849;5596;1396183;10865
FR;0;2021-01-28;122659;14362;1518842;25227
FR;0;2021-01-29;91070;17283;1609912;42510
FR;0;2021-01-30;28714;4225;1638626;46735
FR;0;2021-01-31;4884;1679;1643510;48414
FR;0;2021-02-01;51702;21127;1695212;69541
FR;0;2021-02-02;70824;34561;1766036;104102
FR;0;2021-02-03;71122;36961;1837158;141063
FR;0;2021-02-04;80755;50056;1917913;191119
FR;0;2021-02-05;67275;45342;1985188;236461
FR;0;2021-02-06;21390;10401;2006578;246862
FR;0;2021-02-07;4830;5042;2011408;251904
FR;0;2021-02-08;45982;45985;2057390;297889
FR;0;2021-02-09;64934;72412;2122324;370301
FR;0;2021-02-10;69426;76747;2191750;447048
FR;0;2021-02-11;85857;99153;2277607;546201
FR;0;2021-02-12;77924;74224;2355531;620425
FR;0;2021-02-13;21735;19492;2377266;639917
FR;0;2021-02-14;4603;7191;2381869;647108
FR;0;2021-02-15;37180;76516;2419049;723624
FR;0;2021-02-16;49332;100746;2468381;824370
FR;0;2021-02-17;49449;102993;2517830;927363
FR;0;2021-02-18;68239;118533;2586069;1045896
FR;0;2021-02-19;64013;90760;2650082;1136656
FR;0;2021-02-20;18035;28429;2668117;1165085
FR;0;2021-02-21;2873;6372;2670990;1171457
FR;0;2021-02-22;36614;73151;2707604;1244608
FR;0;2021-02-23;52758;84065;2760362;1328673
FR;0;2021-02-24;58270;81123;2818632;1409796
FR;0;2021-02-25;98985;91400;2917617;1501196
FR;0;2021-02-26;112017;71015;3029634;1572211
FR;0;2021-02-27;51302;21981;3080936;1594192
FR;0;2021-02-28;5702;4414;3086638;1598606
FR;0;2021-03-01;63838;52792;3150476;1651398
FR;0;2021-03-02;99579;66253;3250055;1717651
FR;0;2021-03-03;114078;65553;3364133;1783204
FR;0;2021-03-04;161056;68886;3525189;1852090
FR;0;2021-03-05;198522;63365;3723711;1915455
FR;0;2021-03-06;205886;17822;3929597;1933277
FR;0;2021-03-07;120073;5471;4049670;1938748
FR;0;2021-03-08;105260;50800;4154930;1989548
FR;0;2021-03-09;170228;56780;4325158;2046328
FR;0;2021-03-10;176276;57218;4501434;2103546
FR;0;2021-03-11;240197;63111;4741631;2166657
FR;0;2021-03-12;291964;53520;5033595;2220177
FR;0;2021-03-13;229269;15309;5262864;2235486
FR;0;2021-03-14;62357;3437;5325221;2238923
FR;0;2021-03-15;156425;32649;5481646;2271572
FR;0;2021-03-16;139624;39529;5621270;2311101
FR;0;2021-03-17;148455;38795;5769725;2349896
FR;0;2021-03-18;165529;44634;5935254;2394530
FR;0;2021-03-19;227447;37481;6162701;2432011
FR;0;2021-03-20;165060;11784;6327761;2443795
FR;0;2021-03-21;48824;2627;6376585;2446422
FR;0;2021-03-22;167659;34294;6544244;2480716
FR;0;2021-03-23;247605;42412;6791849;2523128
FR;0;2021-03-24;254185;43855;7046034;2566983
FR;0;2021-03-25;338900;44764;7384934;2611747
FR;0;2021-03-26;356264;41914;7741198;2653661
FR;0;2021-03-27;193685;16651;7934883;2670312
FR;0;2021-03-28;58444;3732;7993327;2674044
FR;0;2021-03-29;201014;54302;8194341;2728346
FR;0;2021-03-30;282856;69704;8477197;2798050
FR;0;2021-03-31;260426;72941;8737623;2870991
FR;0;2021-04-01;311322;87849;9048945;2958840
FR;0;2021-04-02;278799;92152;9327744;3050992
FR;0;2021-04-03;139561;61869;9467305;3112861
FR;0;2021-04-04;44975;18667;9512280;3131528
FR;0;2021-04-05;58924;11008;9571204;3142536
FR;0;2021-04-06;214142;107894;9785346;3250430
FR;0;2021-04-07;257076;115480;10042422;3365910
FR;0;2021-04-08;334045;121444;10376467;3487354
FR;0;2021-04-09;406591;116515;10783058;3603869
FR;0;2021-04-10;210741;82758;10993799;3686627
FR;0;2021-04-11;55003;34599;11048802;3721226
FR;0;2021-04-12;234509;115241;11283311;3836467
FR;0;2021-04-13;306297;144993;11589608;3981460
FR;0;2021-04-14;290746;139432;11880354;4120892
FR;0;2021-04-15;332910;147884;12213264;4268776
FR;0;2021-04-16;336341;145794;12549605;4414570
FR;0;2021-04-17;186877;90270;12736482;4504840
FR;0;2021-04-18;50571;35428;12787053;4540268
FR;0;2021-04-19;203211;138411;12990264;4678679
FR;0;2021-04-20;251442;170763;13241706;4849442
FR;0;2021-04-21;250095;168831;13491801;5018273
FR;0;2021-04-22;284185;188297;13775986;5206570
FR;0;2021-04-23;291958;183300;14067944;5389870
FR;0;2021-04-24;188534;111588;14256478;5501458
FR;0;2021-04-25;68494;38883;14324972;5540341
FR;0;2021-04-26;218472;156139;14543444;5696480
FR;0;2021-04-27;281589;187555;14825033;5884035
FR;0;2021-04-28;296629;183236;15121662;6067271
FR;0;2021-04-29;353713;196173;15475375;6263444
FR;0;2021-04-30;368810;184877;15844185;6448321
FR;0;2021-05-01;164461;52546;16008646;6500867
FR;0;2021-05-02;90364;37837;16099010;6538704
FR;0;2021-05-03;284809;169689;16383819;6708393
FR;0;2021-05-04;311778;224363;16695597;6932756
FR;0;2021-05-05;321922;224571;17017519;7157327
FR;0;2021-05-06;374742;239253;17392261;7396580
FR;0;2021-05-07;368633;257395;17760894;7653975
FR;0;2021-05-08;219377;66943;17980271;7720918
FR;0;2021-05-09;128480;46769;18108751;7767687
FR;0;2021-05-10;307867;229069;18416618;7996756
FR;0;2021-05-11;399328;258234;18815946;8254990
FR;0;2021-05-12;428462;233286;19244408;8488276
FR;0;2021-05-13;334239;56911;19578647;8545187
FR;0;2021-05-14;449146;167614;20027793;8712801
FR;0;2021-05-15;370376;94048;20398169;8806849
FR;0;2021-05-16;200851;20838;20599020;8827687
FR;0;2021-05-17;372130;149212;20971150;8976899
FR;0;2021-05-18;454286;153237;21425436;9130136
FR;0;2021-05-19;462465;145417;21887901;9275553
FR;0;2021-05-20;501114;160432;22389015;9435985
FR;0;2021-05-21;484137;174630;22873152;9610615
FR;0;2021-05-22;344351;79934;23217503;9690549
FR;0;2021-05-23;160181;14454;23377684;9705003
FR;0;2021-05-24;259947;33277;23637631;9738280
FR;0;2021-05-25;395291;189394;24032922;9927674
FR;0;2021-05-26;408043;188256;24440965;10115930
FR;0;2021-05-27;444951;218792;24885916;10334722
FR;0;2021-05-28;424397;259780;25310313;10594502
FR;0;2021-05-29;295936;149519;25606249;10744021
FR;0;2021-05-30;105294;32652;25711543;10776673
FR;0;2021-05-31;353098;203684;26064641;10980357
FR;0;2021-06-01;415606;251854;26480247;11232211
FR;0;2021-06-02;403645;231145;26883892;11463356
FR;0;2021-06-03;452917;258869;27336809;11722225
FR;0;2021-06-04;443600;305043;27780409;12027268
FR;0;2021-06-05;299291;189169;28079700;12216437
FR;0;2021-06-06;129642;49167;28209342;12265604
FR;0;2021-06-07;329808;262635;28539150;12528239
FR;0;2021-06-08;383074;291496;28922224;12819735
FR;0;2021-06-09;374538;276129;29296762;13095864
FR;0;2021-06-10;388852;289666;29685614;13385530
FR;0;2021-06-11;376608;357763;30062222;13743293
FR;0;2021-06-12;277160;211649;30339382;13954942
FR;0;2021-06-13;101766;74140;30441148;14029082
FR;0;2021-06-14;231357;356193;30672505;14385275
FR;0;2021-06-15;295899;386344;30968404;14771619
FR;0;2021-06-16;304294;358060;31272698;15129679
FR;0;2021-06-17;308249;372444;31580947;15502123
FR;0;2021-06-18;309641;443064;31890588;15945187
FR;0;2021-06-19;219118;274155;32109706;16219342
FR;0;2021-06-20;70632;102701;32180338;16322043
FR;0;2021-06-21;186952;402381;32367290;16724424
FR;0;2021-06-22;214539;467629;32581829;17192053
FR;0;2021-06-23;225107;440234;32806936;17632287
FR;0;2021-06-24;231332;409635;33038268;18041922
FR;0;2021-06-25;218764;522695;33257032;18564617
FR;0;2021-06-26;149129;371089;33406161;18935706
FR;0;2021-06-27;54031;156501;33460192;19092207
FR;0;2021-06-28;147439;453551;33607631;19545758
FR;0;2021-06-29;175007;505820;33782638;20051578
FR;0;2021-06-30;194596;481390;33977234;20532968
FR;0;2021-07-01;207675;458105;34184909;20991073
FR;0;2021-07-02;207092;520835;34392001;21511908
FR;0;2021-07-03;136883;369135;34528884;21881043
FR;0;2021-07-04;54303;141447;34583187;22022490
FR;0;2021-07-05;155430;419817;34738617;22442307
FR;0;2021-07-06;185872;475373;34924489;22917680
FR;0;2021-07-07;198992;439896;35123481;23357576
FR;0;2021-07-08;219313;424541;35342794;23782117
