fra;vaccin;jour;n_dose1;n_dose2;n_cum_dose1;n_cum_dose2
FR;1;2020-12-27;20;0;20;0
FR;1;2020-12-28;71;0;91;0
FR;1;2020-12-29;108;0;199;0
FR;1;2020-12-30;123;0;322;0
FR;1;2020-12-31;88;0;410;0
FR;1;2021-01-01;75;0;485;0
FR;1;2021-01-02;90;0;575;0
FR;1;2021-01-03;92;0;667;0
FR;1;2021-01-04;1481;0;2148;0
FR;1;2021-01-05;5420;0;7568;0
FR;1;2021-01-06;11328;0;18896;0
FR;1;2021-01-07;28671;0;47567;0
FR;1;2021-01-08;36332;0;83899;0
FR;1;2021-01-09;10950;0;94849;0
FR;1;2021-01-10;5648;0;100497;0
FR;1;2021-01-11;39151;0;139648;0
FR;1;2021-01-12;61070;0;200718;0
FR;1;2021-01-13;63974;0;264692;0
FR;1;2021-01-14;79956;0;344648;0
FR;1;2021-01-15;67429;0;412077;0
FR;1;2021-01-16;19583;87;431660;87
FR;1;2021-01-17;10481;42;442141;129
FR;1;2021-01-18;81635;164;523776;293
FR;1;2021-01-19;124156;128;647932;421
FR;1;2021-01-20;130523;160;778455;581
FR;1;2021-01-21;150541;141;928996;722
FR;1;2021-01-22;114075;163;1043071;885
FR;1;2021-01-23;36156;52;1079227;937
FR;1;2021-01-24;9275;28;1088502;965
FR;1;2021-01-25;73329;1219;1161831;2184
FR;1;2021-01-26;95211;3113;1257042;5297
FR;1;2021-01-27;102348;5598;1359390;10895
FR;1;2021-01-28;119038;14361;1478428;25256
FR;1;2021-01-29;87933;17293;1566361;42549
FR;1;2021-01-30;27640;4225;1594001;46774
FR;1;2021-01-31;4881;1679;1598882;48453
FR;1;2021-02-01;48389;21128;1647271;69581
FR;1;2021-02-02;66467;34568;1713738;104149
FR;1;2021-02-03;66052;36961;1779790;141110
FR;1;2021-02-04;75976;50059;1855766;191169
FR;1;2021-02-05;62618;45336;1918384;236505
FR;1;2021-02-06;19096;10396;1937480;246901
FR;1;2021-02-07;3435;5041;1940915;251942
FR;1;2021-02-08;35891;45986;1976806;297928
FR;1;2021-02-09;49983;72393;2026789;370321
FR;1;2021-02-10;50983;76646;2077772;446967
FR;1;2021-02-11;62337;99077;2140109;546044
FR;1;2021-02-12;55001;74039;2195110;620083
FR;1;2021-02-13;15189;19270;2210299;639353
FR;1;2021-02-14;3433;7190;2213732;646543
FR;1;2021-02-15;23608;73440;2237340;719983
FR;1;2021-02-16;32159;96865;2269499;816848
FR;1;2021-02-17;34460;98569;2303959;915417
FR;1;2021-02-18;48306;113473;2352265;1028890
FR;1;2021-02-19;44559;86414;2396824;1115304
FR;1;2021-02-20;13079;26920;2409903;1142224
FR;1;2021-02-21;2121;6287;2412024;1148511
FR;1;2021-02-22;24137;69415;2436161;1217926
FR;1;2021-02-23;36761;80366;2472922;1298292
FR;1;2021-02-24;39506;77662;2512428;1375954
FR;1;2021-02-25;49153;87994;2561581;1463948
FR;1;2021-02-26;46250;67888;2607831;1531836
FR;1;2021-02-27;15252;20931;2623083;1552767
FR;1;2021-02-28;3236;4386;2626319;1557153
FR;1;2021-03-01;38815;49031;2665134;1606184
FR;1;2021-03-02;54792;61506;2719926;1667690
FR;1;2021-03-03;59702;60652;2779628;1728342
FR;1;2021-03-04;71408;64895;2851036;1793237
FR;1;2021-03-05;73342;59275;2924378;1852512
FR;1;2021-03-06;81485;16094;3005863;1868606
FR;1;2021-03-07;63009;5424;3068872;1874030
FR;1;2021-03-08;58950;42480;3127822;1916510
FR;1;2021-03-09;84611;48318;3212433;1964828
FR;1;2021-03-10;89224;48068;3301657;2012896
FR;1;2021-03-11;103448;53865;3405105;2066761
FR;1;2021-03-12;102367;45269;3507472;2112030
FR;1;2021-03-13;87911;12721;3595383;2124751
FR;1;2021-03-14;43756;3031;3639139;2127782
FR;1;2021-03-15;94062;29153;3733201;2156935
FR;1;2021-03-16;122145;34908;3855346;2191843
FR;1;2021-03-17;127768;34869;3983114;2226712
FR;1;2021-03-18;141237;39756;4124351;2266468
FR;1;2021-03-19;134533;32914;4258884;2299382
FR;1;2021-03-20;75093;10212;4333977;2309594
FR;1;2021-03-21;25784;2477;4359761;2312071
FR;1;2021-03-22;113123;31191;4472884;2343262
FR;1;2021-03-23;141212;38175;4614096;2381437
FR;1;2021-03-24;140108;38791;4754204;2420228
FR;1;2021-03-25;163072;39620;4917276;2459848
FR;1;2021-03-26;164541;37500;5081817;2497348
FR;1;2021-03-27;109994;15260;5191811;2512608
FR;1;2021-03-28;41744;3624;5233555;2516232
FR;1;2021-03-29;128503;49970;5362058;2566202
FR;1;2021-03-30;165865;63598;5527923;2629800
FR;1;2021-03-31;169125;66916;5697048;2696716
FR;1;2021-04-01;191557;79256;5888605;2775972
FR;1;2021-04-02;162571;84318;6051176;2860290
FR;1;2021-04-03;87223;58188;6138399;2918478
FR;1;2021-04-04;32354;17733;6170753;2936211
FR;1;2021-04-05;42445;10178;6213198;2946389
FR;1;2021-04-06;157927;100891;6371125;3047280
FR;1;2021-04-07;194452;108272;6565577;3155552
FR;1;2021-04-08;219050;112406;6784627;3267958
FR;1;2021-04-09;211871;107520;6996498;3375478
FR;1;2021-04-10;116007;73465;7112505;3448943
FR;1;2021-04-11;40053;30288;7152558;3479231
FR;1;2021-04-12;166664;103798;7319222;3583029
FR;1;2021-04-13;201371;128263;7520593;3711292
FR;1;2021-04-14;205705;122820;7726298;3834112
FR;1;2021-04-15;218473;126766;7944771;3960878
FR;1;2021-04-16;204016;125155;8148787;4086033
FR;1;2021-04-17;121021;67490;8269808;4153523
FR;1;2021-04-18;35239;20997;8305047;4174520
FR;1;2021-04-19;161951;121934;8466998;4296454
FR;1;2021-04-20;187218;148803;8654216;4445257
FR;1;2021-04-21;191696;146761;8845912;4592018
FR;1;2021-04-22;206467;162651;9052379;4754669
FR;1;2021-04-23;196808;156941;9249187;4911610
FR;1;2021-04-24;125044;95520;9374231;5007130
FR;1;2021-04-25;52893;30144;9427124;5037274
FR;1;2021-04-26;179316;138282;9606440;5175556
FR;1;2021-04-27;219153;162011;9825593;5337567
FR;1;2021-04-28;236190;155141;10061783;5492708
FR;1;2021-04-29;267691;160093;10329474;5652801
FR;1;2021-04-30;269396;148181;10598870;5800982
FR;1;2021-05-01;138364;40718;10737234;5841700
FR;1;2021-05-02;80457;28166;10817691;5869866
FR;1;2021-05-03;247358;146549;11065049;6016415
FR;1;2021-05-04;262703;186878;11327752;6203293
FR;1;2021-05-05;279340;184602;11607092;6387895
FR;1;2021-05-06;305778;183073;11912870;6570968
FR;1;2021-05-07;280953;195759;12193823;6766727
FR;1;2021-05-08;189162;48341;12382985;6815068
FR;1;2021-05-09;113139;36234;12496124;6851302
FR;1;2021-05-10;253466;194293;12749590;7045595
FR;1;2021-05-11;315176;211459;13064766;7257054
FR;1;2021-05-12;351691;185959;13416457;7443013
FR;1;2021-05-13;279306;47676;13695763;7490689
FR;1;2021-05-14;366139;128940;14061902;7619629
FR;1;2021-05-15;293638;66173;14355540;7685802
FR;1;2021-05-16;155972;15588;14511512;7701390
FR;1;2021-05-17;314967;116747;14826479;7818137
FR;1;2021-05-18;375523;111413;15202002;7929550
FR;1;2021-05-19;389355;103009;15591357;8032559
FR;1;2021-05-20;414185;96415;16005542;8128974
FR;1;2021-05-21;393110;97510;16398652;8226484
FR;1;2021-05-22;272043;42185;16670695;8268669
FR;1;2021-05-23;121318;11247;16792013;8279916
FR;1;2021-05-24;239693;26380;17031706;8306296
FR;1;2021-05-25;359386;132081;17391092;8438377
FR;1;2021-05-26;371457;125827;17762549;8564204
FR;1;2021-05-27;399777;128416;18162326;8692620
FR;1;2021-05-28;360146;145712;18522472;8838332
FR;1;2021-05-29;250702;81075;18773174;8919407
FR;1;2021-05-30;99146;22615;18872320;8942022
FR;1;2021-05-31;309518;148953;19181838;9090975
FR;1;2021-06-01;346510;166966;19528348;9257941
FR;1;2021-06-02;348465;153481;19876813;9411422
FR;1;2021-06-03;378746;147921;20255559;9559343
FR;1;2021-06-04;351758;175815;20607317;9735158
FR;1;2021-06-05;253277;112882;20860594;9848040
FR;1;2021-06-06;123317;37572;20983911;9885612
FR;1;2021-06-07;291243;208366;21275154;10093978
FR;1;2021-06-08;320191;221261;21595345;10315239
FR;1;2021-06-09;326559;212840;21921904;10528079
FR;1;2021-06-10;328983;202527;22250887;10730606
FR;1;2021-06-11;302691;235689;22553578;10966295
FR;1;2021-06-12;238509;150979;22792087;11117274
FR;1;2021-06-13;97485;61133;22889572;11178407
FR;1;2021-06-14;198354;289338;23087926;11467745
FR;1;2021-06-15;245144;282753;23333070;11750498
FR;1;2021-06-16;264322;270778;23597392;12021276
FR;1;2021-06-17;259576;244698;23856968;12265974
FR;1;2021-06-18;249570;296339;24106538;12562313
FR;1;2021-06-19;188819;209828;24295357;12772141
FR;1;2021-06-20;67315;89251;24362672;12861392
FR;1;2021-06-21;164520;320347;24527192;13181739
FR;1;2021-06-22;177915;347998;24705107;13529737
FR;1;2021-06-23;195690;339764;24900797;13869501
FR;1;2021-06-24;193301;282096;25094098;14151597
FR;1;2021-06-25;172986;372298;25267084;14523895
FR;1;2021-06-26;126886;278658;25393970;14802553
FR;2;2020-12-27;0;0;0;0
FR;2;2020-12-28;0;0;0;0
FR;2;2020-12-29;0;0;0;0
FR;2;2020-12-30;0;0;0;0
FR;2;2020-12-31;0;0;0;0
FR;2;2021-01-01;0;0;0;0
FR;2;2021-01-02;0;0;0;0
FR;2;2021-01-03;0;0;0;0
FR;2;2021-01-04;0;0;0;0
FR;2;2021-01-05;0;0;0;0
FR;2;2021-01-06;0;0;0;0
FR;2;2021-01-07;0;0;0;0
FR;2;2021-01-08;0;0;0;0
FR;2;2021-01-09;0;0;0;0
FR;2;2021-01-10;0;0;0;0
FR;2;2021-01-11;0;0;0;0
FR;2;2021-01-12;0;0;0;0
FR;2;2021-01-13;0;0;0;0
FR;2;2021-01-14;152;0;152;0
FR;2;2021-01-15;218;0;370;0
FR;2;2021-01-16;186;0;556;0
FR;2;2021-01-17;3;0;559;0
FR;2;2021-01-18;2915;0;3474;0
FR;2;2021-01-19;4519;0;7993;0
FR;2;2021-01-20;4922;0;12915;0
FR;2;2021-01-21;5128;0;18043;0
FR;2;2021-01-22;4882;0;22925;0
FR;2;2021-01-23;1734;0;24659;0
FR;2;2021-01-24;102;0;24761;0
FR;2;2021-01-25;3636;0;28397;0
FR;2;2021-01-26;3752;0;32149;0
FR;2;2021-01-27;3443;0;35592;0
FR;2;2021-01-28;3514;0;39106;0
FR;2;2021-01-29;3083;0;42189;0
FR;2;2021-01-30;1064;0;43253;0
FR;2;2021-01-31;0;0;43253;0
FR;2;2021-02-01;3260;0;46513;0
FR;2;2021-02-02;4309;0;50822;0
FR;2;2021-02-03;5032;0;55854;0
FR;2;2021-02-04;4735;4;60589;4
FR;2;2021-02-05;4621;6;65210;10
FR;2;2021-02-06;1932;3;67142;13
FR;2;2021-02-07;42;0;67184;13
FR;2;2021-02-08;7428;8;74612;21
FR;2;2021-02-09;8258;16;82870;37
FR;2;2021-02-10;9142;49;92012;86
FR;2;2021-02-11;10060;67;102072;153
FR;2;2021-02-12;9815;238;111887;391
FR;2;2021-02-13;3017;222;114904;613
FR;2;2021-02-14;296;0;115200;613
FR;2;2021-02-15;3359;3067;118559;3680
FR;2;2021-02-16;4910;3881;123469;7561
FR;2;2021-02-17;4107;4403;127576;11964
FR;2;2021-02-18;5242;5089;132818;17053
FR;2;2021-02-19;5215;4323;138033;21376
FR;2;2021-02-20;1764;1509;139797;22885
FR;2;2021-02-21;199;86;139996;22971
FR;2;2021-02-22;3532;3723;143528;26694
FR;2;2021-02-23;4837;3693;148365;30387
FR;2;2021-02-24;4772;3468;153137;33855
FR;2;2021-02-25;5293;3426;158430;37281
FR;2;2021-02-26;4198;3125;162628;40406
FR;2;2021-02-27;1503;1042;164131;41448
FR;2;2021-02-28;100;28;164231;41476
FR;2;2021-03-01;4964;3764;169195;45240
FR;2;2021-03-02;6311;4727;175506;49967
FR;2;2021-03-03;6247;4883;181753;54850
FR;2;2021-03-04;8075;3967;189828;58817
FR;2;2021-03-05;7771;4060;197599;62877
FR;2;2021-03-06;4621;1682;202220;64559
FR;2;2021-03-07;2284;29;204504;64588
FR;2;2021-03-08;3977;8311;208481;72899
FR;2;2021-03-09;7271;8429;215752;81328
FR;2;2021-03-10;6863;9109;222615;90437
FR;2;2021-03-11;9091;9209;231706;99646
FR;2;2021-03-12;7723;8171;239429;107817
FR;2;2021-03-13;9873;2511;249302;110328
FR;2;2021-03-14;4755;402;254057;110730
FR;2;2021-03-15;10653;3484;264710;114214
FR;2;2021-03-16;16459;4621;281169;118835
FR;2;2021-03-17;19904;3952;301073;122787
FR;2;2021-03-18;22963;4910;324036;127697
FR;2;2021-03-19;22891;4538;346927;132235
FR;2;2021-03-20;25155;1540;372082;133775
FR;2;2021-03-21;17476;147;389558;133922
FR;2;2021-03-22;17406;3078;406964;137000
FR;2;2021-03-23;22273;4183;429237;141183
FR;2;2021-03-24;23556;4988;452793;146171
FR;2;2021-03-25;26285;5022;479078;151193
FR;2;2021-03-26;26595;4262;505673;155455
FR;2;2021-03-27;15640;1309;521313;156764
FR;2;2021-03-28;10397;94;531710;156858
FR;2;2021-03-29;18660;4281;550370;161139
FR;2;2021-03-30;24181;6002;574551;167141
FR;2;2021-03-31;28136;5958;602687;173099
FR;2;2021-04-01;33990;8496;636677;181595
FR;2;2021-04-02;29562;7662;666239;189257
FR;2;2021-04-03;16733;3582;682972;192839
FR;2;2021-04-04;9161;918;692133;193757
FR;2;2021-04-05;12125;811;704258;194568
FR;2;2021-04-06;26770;6933;731028;201501
FR;2;2021-04-07;30596;7174;761624;208675
FR;2;2021-04-08;36504;8818;798128;217493
FR;2;2021-04-09;33399;8602;831527;226095
FR;2;2021-04-10;19457;8969;850984;235064
FR;2;2021-04-11;7819;4272;858803;239336
FR;2;2021-04-12;16812;11254;875615;250590
FR;2;2021-04-13;19118;16426;894733;267016
FR;2;2021-04-14;17678;16285;912411;283301
FR;2;2021-04-15;21865;20757;934276;304058
FR;2;2021-04-16;20402;20073;954678;324131
FR;2;2021-04-17;13060;22462;967738;346593
FR;2;2021-04-18;5787;14405;973525;360998
FR;2;2021-04-19;16488;16263;990013;377261
FR;2;2021-04-20;18998;21595;1009011;398856
FR;2;2021-04-21;19833;21665;1028844;420521
FR;2;2021-04-22;23419;24863;1052263;445384
FR;2;2021-04-23;24221;25352;1076484;470736
FR;2;2021-04-24;25108;15111;1101592;485847
FR;2;2021-04-25;9499;8589;1111091;494436
FR;2;2021-04-26;16913;17196;1128004;511632
FR;2;2021-04-27;19025;24307;1147029;535939
FR;2;2021-04-28;22054;26188;1169083;562127
FR;2;2021-04-29;25211;30137;1194294;592264
FR;2;2021-04-30;25341;27782;1219635;620046
FR;2;2021-05-01;14799;9863;1234434;629909
FR;2;2021-05-02;6524;9184;1240958;639093
FR;2;2021-05-03;19652;19328;1260610;658421
FR;2;2021-05-04;18054;29057;1278664;687478
FR;2;2021-05-05;18004;29413;1296668;716891
FR;2;2021-05-06;23240;35291;1319908;752182
FR;2;2021-05-07;24884;33246;1344792;785428
FR;2;2021-05-08;21024;9705;1365816;795133
FR;2;2021-05-09;13033;7894;1378849;803027
FR;2;2021-05-10;32549;22221;1411398;825248
FR;2;2021-05-11;43179;21078;1454577;846326
FR;2;2021-05-12;49376;19907;1503953;866233
FR;2;2021-05-13;50788;5771;1554741;872004
FR;2;2021-05-14;60860;12956;1615601;884960
FR;2;2021-05-15;65473;7154;1681074;892114
FR;2;2021-05-16;43076;2576;1724150;894690
FR;2;2021-05-17;44204;12592;1768354;907282
FR;2;2021-05-18;53587;12256;1821941;919538
FR;2;2021-05-19;56325;10634;1878266;930172
FR;2;2021-05-20;62537;10900;1940803;941072
FR;2;2021-05-21;63360;11686;2004163;952758
FR;2;2021-05-22;60829;4527;2064992;957285
FR;2;2021-05-23;36982;577;2101974;957862
FR;2;2021-05-24;16853;2033;2118827;959895
FR;2;2021-05-25;20566;12244;2139393;972139
FR;2;2021-05-26;19106;11471;2158499;983610
FR;2;2021-05-27;22454;12672;2180953;996282
FR;2;2021-05-28;28799;14991;2209752;1011273
FR;2;2021-05-29;30004;8190;2239756;1019463
FR;2;2021-05-30;4477;1811;2244233;1021274
FR;2;2021-05-31;28078;18761;2272311;1040035
FR;2;2021-06-01;44508;20076;2316819;1060111
FR;2;2021-06-02;36519;19318;2353338;1079429
FR;2;2021-06-03;50325;23405;2403663;1102834
FR;2;2021-06-04;64436;24106;2468099;1126940
FR;2;2021-06-05;33853;24052;2501952;1150992
FR;2;2021-06-06;4730;6206;2506682;1157198
FR;2;2021-06-07;27514;23111;2534196;1180309
FR;2;2021-06-08;45343;22966;2579539;1203275
FR;2;2021-06-09;33513;20924;2613052;1224199
FR;2;2021-06-10;41405;19163;2654457;1243362
FR;2;2021-06-11;54259;25257;2708716;1268619
FR;2;2021-06-12;29925;19822;2738641;1288441
FR;2;2021-06-13;3114;9190;2741755;1297631
FR;2;2021-06-14;24639;24199;2766394;1321830
FR;2;2021-06-15;38190;22900;2804584;1344730
FR;2;2021-06-16;29484;21552;2834068;1366282
FR;2;2021-06-17;36106;25909;2870174;1392191
FR;2;2021-06-18;45842;28800;2916016;1420991
FR;2;2021-06-19;24036;24926;2940052;1445917
FR;2;2021-06-20;2592;10074;2942644;1455991
FR;2;2021-06-21;16768;42784;2959412;1498775
FR;2;2021-06-22;27618;49646;2987030;1548421
FR;2;2021-06-23;21049;49669;3008079;1598090
FR;2;2021-06-24;27455;50333;3035534;1648423
FR;2;2021-06-25;31701;60449;3067235;1708872
FR;2;2021-06-26;15460;59500;3082695;1768372
FR;3;2020-12-27;0;0;0;0
FR;3;2020-12-28;0;0;0;0
FR;3;2020-12-29;0;0;0;0
FR;3;2020-12-30;0;0;0;0
FR;3;2020-12-31;0;0;0;0
FR;3;2021-01-01;0;0;0;0
FR;3;2021-01-02;0;0;0;0
FR;3;2021-01-03;0;0;0;0
FR;3;2021-01-04;0;0;0;0
FR;3;2021-01-05;0;0;0;0
FR;3;2021-01-06;0;0;0;0
FR;3;2021-01-07;0;0;0;0
FR;3;2021-01-08;0;0;0;0
FR;3;2021-01-09;0;0;0;0
FR;3;2021-01-10;0;0;0;0
FR;3;2021-01-11;0;0;0;0
FR;3;2021-01-12;0;0;0;0
FR;3;2021-01-13;0;0;0;0
FR;3;2021-01-14;0;0;0;0
FR;3;2021-01-15;0;0;0;0
FR;3;2021-01-16;0;0;0;0
FR;3;2021-01-17;0;0;0;0
FR;3;2021-01-18;0;0;0;0
FR;3;2021-01-19;0;0;0;0
FR;3;2021-01-20;0;0;0;0
FR;3;2021-01-21;0;0;0;0
FR;3;2021-01-22;0;0;0;0
FR;3;2021-01-23;0;0;0;0
FR;3;2021-01-24;0;0;0;0
FR;3;2021-01-25;0;0;0;0
FR;3;2021-01-26;0;0;0;0
FR;3;2021-01-27;0;0;0;0
FR;3;2021-01-28;0;0;0;0
FR;3;2021-01-29;0;0;0;0
FR;3;2021-01-30;0;0;0;0
FR;3;2021-01-31;0;0;0;0
FR;3;2021-02-01;0;0;0;0
FR;3;2021-02-02;0;0;0;0
FR;3;2021-02-03;0;0;0;0
FR;3;2021-02-04;0;0;0;0
FR;3;2021-02-05;0;0;0;0
FR;3;2021-02-06;336;0;336;0
FR;3;2021-02-07;1348;0;1684;0
FR;3;2021-02-08;2635;0;4319;0
FR;3;2021-02-09;6649;0;10968;0
FR;3;2021-02-10;9250;0;20218;0
FR;3;2021-02-11;13372;0;33590;0
FR;3;2021-02-12;13068;0;46658;0
FR;3;2021-02-13;3520;0;50178;0
FR;3;2021-02-14;870;0;51048;0
FR;3;2021-02-15;10140;0;61188;0
FR;3;2021-02-16;12189;0;73377;0
FR;3;2021-02-17;10826;0;84203;0
FR;3;2021-02-18;14596;0;98799;0
FR;3;2021-02-19;14140;0;112939;0
FR;3;2021-02-20;3184;0;116123;0
FR;3;2021-02-21;548;0;116671;0
FR;3;2021-02-22;8930;0;125601;0
FR;3;2021-02-23;11127;0;136728;0
FR;3;2021-02-24;13925;0;150653;0
FR;3;2021-02-25;44471;0;195124;0
FR;3;2021-02-26;61484;0;256608;0
FR;3;2021-02-27;34520;8;291128;8
FR;3;2021-02-28;2354;0;293482;8
FR;3;2021-03-01;19968;9;313450;17
FR;3;2021-03-02;38381;14;351831;31
FR;3;2021-03-03;48019;17;399850;48
FR;3;2021-03-04;81386;22;481236;70
FR;3;2021-03-05;117267;60;598503;130
FR;3;2021-03-06;119562;51;718065;181
FR;3;2021-03-07;54691;28;772756;209
FR;3;2021-03-08;42213;20;814969;229
FR;3;2021-03-09;78205;31;893174;260
FR;3;2021-03-10;80053;38;973227;298
FR;3;2021-03-11;127465;47;1100692;345
FR;3;2021-03-12;181606;70;1282298;415
FR;3;2021-03-13;131299;56;1413597;471
FR;3;2021-03-14;13831;4;1427428;475
FR;3;2021-03-15;51575;37;1479003;512
FR;3;2021-03-16;945;13;1479948;525
FR;3;2021-03-17;682;6;1480630;531
FR;3;2021-03-18;1235;4;1481865;535
FR;3;2021-03-19;69845;36;1551710;571
FR;3;2021-03-20;64740;37;1616450;608
FR;3;2021-03-21;5540;4;1621990;612
FR;3;2021-03-22;37000;32;1658990;644
FR;3;2021-03-23;83921;50;1742911;694
FR;3;2021-03-24;90291;92;1833202;786
FR;3;2021-03-25;149263;114;1982465;900
FR;3;2021-03-26;164666;155;2147131;1055
FR;3;2021-03-27;67915;90;2215046;1145
FR;3;2021-03-28;6265;19;2221311;1164
FR;3;2021-03-29;53684;60;2274995;1224
FR;3;2021-03-30;92577;88;2367572;1312
FR;3;2021-03-31;62937;82;2430509;1394
FR;3;2021-04-01;85398;103;2515907;1497
FR;3;2021-04-02;86334;147;2602241;1644
FR;3;2021-04-03;35494;109;2637735;1753
FR;3;2021-04-04;3416;15;2641151;1768
FR;3;2021-04-05;4274;21;2645425;1789
FR;3;2021-04-06;29173;76;2674598;1865
FR;3;2021-04-07;31724;60;2706322;1925
FR;3;2021-04-08;78001;234;2784323;2159
FR;3;2021-04-09;160635;409;2944958;2568
FR;3;2021-04-10;74963;331;3019921;2899
FR;3;2021-04-11;7065;44;3026986;2943
FR;3;2021-04-12;50798;196;3077784;3139
FR;3;2021-04-13;85407;314;3163191;3453
FR;3;2021-04-14;66881;341;3230072;3794
FR;3;2021-04-15;92054;368;3322126;4162
FR;3;2021-04-16;111443;571;3433569;4733
FR;3;2021-04-17;52558;327;3486127;5060
FR;3;2021-04-18;9453;32;3495580;5092
FR;3;2021-04-19;24555;234;3520135;5326
FR;3;2021-04-20;44930;394;3565065;5720
FR;3;2021-04-21;38179;450;3603244;6170
FR;3;2021-04-22;53857;791;3657101;6961
FR;3;2021-04-23;69633;1018;3726734;7979
FR;3;2021-04-24;36581;975;3763315;8954
FR;3;2021-04-25;5916;154;3769231;9108
FR;3;2021-04-26;19138;662;3788369;9770
FR;3;2021-04-27;33759;1246;3822128;11016
FR;3;2021-04-28;28315;1926;3850443;12942
FR;3;2021-04-29;44621;5956;3895064;18898
FR;3;2021-04-30;54654;8932;3949718;27830
FR;3;2021-05-01;9188;1968;3958906;29798
FR;3;2021-05-02;2802;499;3961708;30297
FR;3;2021-05-03;12546;3881;3974254;34178
FR;3;2021-05-04;22485;8453;3996739;42631
FR;3;2021-05-05;18068;10575;4014807;53206
FR;3;2021-05-06;33902;20907;4048709;74113
FR;3;2021-05-07;43418;28409;4092127;102522
FR;3;2021-05-08;6373;8896;4098500;111418
FR;3;2021-05-09;1565;2655;4100065;114073
FR;3;2021-05-10;14443;12566;4114508;126639
FR;3;2021-05-11;26432;25735;4140940;152374
FR;3;2021-05-12;16740;27452;4157680;179826
FR;3;2021-05-13;2003;3486;4159683;183312
FR;3;2021-05-14;14083;25742;4173766;209054
FR;3;2021-05-15;6919;20734;4180685;229788
FR;3;2021-05-16;812;2679;4181497;232467
FR;3;2021-05-17;7515;19914;4189012;252381
FR;3;2021-05-18;12914;29635;4201926;282016
FR;3;2021-05-19;8818;31866;4210744;313882
FR;3;2021-05-20;12295;53220;4223039;367102
FR;3;2021-05-21;12274;65540;4235313;432642
FR;3;2021-05-22;4680;33300;4239993;465942
FR;3;2021-05-23;538;2665;4240531;468607
FR;3;2021-05-24;586;4920;4241117;473527
FR;3;2021-05-25;4965;45177;4246082;518704
FR;3;2021-05-26;4580;51054;4250662;569758
FR;3;2021-05-27;5949;77847;4256611;647605
FR;3;2021-05-28;7154;99107;4263765;746712
FR;3;2021-05-29;3074;60285;4266839;806997
FR;3;2021-05-30;382;8243;4267221;815240
FR;3;2021-05-31;2065;35999;4269286;851239
FR;3;2021-06-01;2973;64818;4272259;916057
FR;3;2021-06-02;2373;58360;4274632;974417
FR;3;2021-06-03;3182;87589;4277814;1062006
FR;3;2021-06-04;3851;105128;4281665;1167134
FR;3;2021-06-05;1777;52247;4283442;1219381
FR;3;2021-06-06;264;5400;4283706;1224781
FR;3;2021-06-07;1100;31183;4284806;1255964
FR;3;2021-06-08;1720;47286;4286526;1303250
FR;3;2021-06-09;1435;42397;4287961;1345647
FR;3;2021-06-10;1840;68013;4289801;1413660
FR;3;2021-06-11;2207;96812;4292008;1510472
FR;3;2021-06-12;1005;40842;4293013;1551314
FR;3;2021-06-13;138;3823;4293151;1555137
FR;3;2021-06-14;749;42671;4293900;1597808
FR;3;2021-06-15;1175;80708;4295075;1678516
FR;3;2021-06-16;1043;65788;4296118;1744304
FR;3;2021-06-17;1440;101860;4297558;1846164
FR;3;2021-06-18;1710;117939;4299268;1964103
FR;3;2021-06-19;699;39409;4299967;2003512
FR;3;2021-06-20;76;3384;4300043;2006896
FR;3;2021-06-21;556;39294;4300599;2046190
FR;3;2021-06-22;893;70028;4301492;2116218
FR;3;2021-06-23;753;50857;4302245;2167075
FR;3;2021-06-24;1140;77227;4303385;2244302
FR;3;2021-06-25;1215;89985;4304600;2334287
FR;3;2021-06-26;498;33140;4305098;2367427
FR;4;2020-12-27;0;0;0;0
FR;4;2020-12-28;0;0;0;0
FR;4;2020-12-29;0;0;0;0
FR;4;2020-12-30;0;0;0;0
FR;4;2020-12-31;0;0;0;0
FR;4;2021-01-01;0;0;0;0
FR;4;2021-01-02;0;0;0;0
FR;4;2021-01-03;0;0;0;0
FR;4;2021-01-04;0;0;0;0
FR;4;2021-01-05;0;0;0;0
FR;4;2021-01-06;0;0;0;0
FR;4;2021-01-07;0;0;0;0
FR;4;2021-01-08;0;0;0;0
FR;4;2021-01-09;0;0;0;0
FR;4;2021-01-10;0;0;0;0
FR;4;2021-01-11;0;0;0;0
FR;4;2021-01-12;0;0;0;0
FR;4;2021-01-13;0;0;0;0
FR;4;2021-01-14;0;0;0;0
FR;4;2021-01-15;0;0;0;0
FR;4;2021-01-16;0;0;0;0
FR;4;2021-01-17;0;0;0;0
FR;4;2021-01-18;0;0;0;0
FR;4;2021-01-19;0;0;0;0
FR;4;2021-01-20;0;0;0;0
FR;4;2021-01-21;0;0;0;0
FR;4;2021-01-22;0;0;0;0
FR;4;2021-01-23;0;0;0;0
FR;4;2021-01-24;0;0;0;0
FR;4;2021-01-25;0;0;0;0
FR;4;2021-01-26;0;0;0;0
FR;4;2021-01-27;0;0;0;0
FR;4;2021-01-28;0;0;0;0
FR;4;2021-01-29;0;0;0;0
FR;4;2021-01-30;0;0;0;0
FR;4;2021-01-31;0;0;0;0
FR;4;2021-02-01;0;0;0;0
FR;4;2021-02-02;0;0;0;0
FR;4;2021-02-03;0;0;0;0
FR;4;2021-02-04;0;0;0;0
FR;4;2021-02-05;0;0;0;0
FR;4;2021-02-06;0;0;0;0
FR;4;2021-02-07;0;0;0;0
FR;4;2021-02-08;0;0;0;0
FR;4;2021-02-09;0;0;0;0
FR;4;2021-02-10;0;0;0;0
FR;4;2021-02-11;0;0;0;0
FR;4;2021-02-12;0;0;0;0
FR;4;2021-02-13;0;0;0;0
FR;4;2021-02-14;0;0;0;0
FR;4;2021-02-15;0;0;0;0
FR;4;2021-02-16;0;0;0;0
FR;4;2021-02-17;0;0;0;0
FR;4;2021-02-18;0;0;0;0
FR;4;2021-02-19;0;0;0;0
FR;4;2021-02-20;0;0;0;0
FR;4;2021-02-21;0;0;0;0
FR;4;2021-02-22;0;0;0;0
FR;4;2021-02-23;0;0;0;0
FR;4;2021-02-24;0;0;0;0
FR;4;2021-02-25;0;0;0;0
FR;4;2021-02-26;0;0;0;0
FR;4;2021-02-27;0;0;0;0
FR;4;2021-02-28;0;0;0;0
FR;4;2021-03-01;0;0;0;0
FR;4;2021-03-02;0;0;0;0
FR;4;2021-03-03;0;0;0;0
FR;4;2021-03-04;0;0;0;0
FR;4;2021-03-05;0;0;0;0
FR;4;2021-03-06;0;0;0;0
FR;4;2021-03-07;0;0;0;0
FR;4;2021-03-08;0;0;0;0
FR;4;2021-03-09;0;0;0;0
FR;4;2021-03-10;0;0;0;0
FR;4;2021-03-11;0;0;0;0
FR;4;2021-03-12;0;0;0;0
FR;4;2021-03-13;0;0;0;0
FR;4;2021-03-14;0;0;0;0
FR;4;2021-03-15;0;0;0;0
FR;4;2021-03-16;0;0;0;0
FR;4;2021-03-17;0;0;0;0
FR;4;2021-03-18;0;0;0;0
FR;4;2021-03-19;0;0;0;0
FR;4;2021-03-20;0;0;0;0
FR;4;2021-03-21;0;0;0;0
FR;4;2021-03-22;0;0;0;0
FR;4;2021-03-23;0;0;0;0
FR;4;2021-03-24;0;0;0;0
FR;4;2021-03-25;0;0;0;0
FR;4;2021-03-26;0;0;0;0
FR;4;2021-03-27;0;0;0;0
FR;4;2021-03-28;0;0;0;0
FR;4;2021-03-29;0;0;0;0
FR;4;2021-03-30;0;0;0;0
FR;4;2021-03-31;0;0;0;0
FR;4;2021-04-01;0;0;0;0
FR;4;2021-04-02;0;0;0;0
FR;4;2021-04-03;0;0;0;0
FR;4;2021-04-04;0;0;0;0
FR;4;2021-04-05;0;0;0;0
FR;4;2021-04-06;0;0;0;0
FR;4;2021-04-07;0;0;0;0
FR;4;2021-04-08;0;0;0;0
FR;4;2021-04-09;0;1;0;1
FR;4;2021-04-10;0;0;0;1
FR;4;2021-04-11;0;0;0;1
FR;4;2021-04-12;0;0;0;1
FR;4;2021-04-13;0;0;0;1
FR;4;2021-04-14;0;0;0;1
FR;4;2021-04-15;0;0;0;1
FR;4;2021-04-16;0;0;0;1
FR;4;2021-04-17;0;0;0;1
FR;4;2021-04-18;0;0;0;1
FR;4;2021-04-19;0;0;0;1
FR;4;2021-04-20;0;0;0;1
FR;4;2021-04-21;0;0;0;1
FR;4;2021-04-22;0;0;0;1
FR;4;2021-04-23;826;0;826;1
FR;4;2021-04-24;1552;0;2378;1
FR;4;2021-04-25;117;0;2495;1
FR;4;2021-04-26;2832;0;5327;1
FR;4;2021-04-27;9389;4;14716;5
FR;4;2021-04-28;9783;3;24499;8
FR;4;2021-04-29;15893;7;40392;15
FR;4;2021-04-30;19087;7;59479;22
FR;4;2021-05-01;1901;5;61380;27
FR;4;2021-05-02;440;0;61820;27
FR;4;2021-05-03;4928;1;66748;28
FR;4;2021-05-04;8251;8;74999;36
FR;4;2021-05-05;6010;7;81009;43
FR;4;2021-05-06;11260;11;92269;54
FR;4;2021-05-07;18913;8;111182;62
FR;4;2021-05-08;2260;6;113442;68
FR;4;2021-05-09;630;2;114072;70
FR;4;2021-05-10;7098;8;121170;78
FR;4;2021-05-11;14129;12;135299;90
FR;4;2021-05-12;9964;14;145263;104
FR;4;2021-05-13;1445;2;146708;106
FR;4;2021-05-14;7598;8;154306;114
FR;4;2021-05-15;3594;9;157900;123
FR;4;2021-05-16;359;1;158259;124
FR;4;2021-05-17;4352;2;162611;126
FR;4;2021-05-18;8591;10;171202;136
FR;4;2021-05-19;5519;5;176721;141
FR;4;2021-05-20;9230;6;185951;147
FR;4;2021-05-21;12527;27;198478;174
FR;4;2021-05-22;4929;13;203407;187
FR;4;2021-05-23;425;2;203832;189
FR;4;2021-05-24;941;3;204773;192
FR;4;2021-05-25;7399;16;212172;208
FR;4;2021-05-26;7558;12;219730;220
FR;4;2021-05-27;14106;34;233836;254
FR;4;2021-05-28;26266;77;260102;331
FR;4;2021-05-29;11145;20;271247;351
FR;4;2021-05-30;859;2;272106;353
FR;4;2021-05-31;12440;19;284546;372
FR;4;2021-06-01;19830;40;304376;412
FR;4;2021-06-02;14218;33;318594;445
FR;4;2021-06-03;19161;22;337755;467
FR;4;2021-06-04;22119;45;359874;512
FR;4;2021-06-05;9482;27;369356;539
FR;4;2021-06-06;919;0;370275;539
FR;4;2021-06-07;8917;15;379192;554
FR;4;2021-06-08;14293;26;393485;580
FR;4;2021-06-09;11903;24;405388;604
FR;4;2021-06-10;15007;25;420395;629
FR;4;2021-06-11;16612;51;437007;680
FR;4;2021-06-12;7218;26;444225;706
FR;4;2021-06-13;830;8;445055;714
FR;4;2021-06-14;6409;22;451464;736
FR;4;2021-06-15;10604;32;462068;768
FR;4;2021-06-16;8601;13;470669;781
FR;4;2021-06-17;10561;27;481230;808
FR;4;2021-06-18;12046;39;493276;847
FR;4;2021-06-19;5357;25;498633;872
FR;4;2021-06-20;585;2;499218;874
FR;4;2021-06-21;4789;8;504007;882
FR;4;2021-06-22;7573;18;511580;900
FR;4;2021-06-23;6739;27;518319;927
FR;4;2021-06-24;8248;28;526567;955
FR;4;2021-06-25;9466;34;536033;989
FR;4;2021-06-26;4359;14;540392;1003
FR;0;2020-12-27;20;0;20;0
FR;0;2020-12-28;71;0;91;0
FR;0;2020-12-29;108;0;199;0
FR;0;2020-12-30;123;0;322;0
FR;0;2020-12-31;88;0;410;0
FR;0;2021-01-01;75;0;485;0
FR;0;2021-01-02;90;0;575;0
FR;0;2021-01-03;92;0;667;0
FR;0;2021-01-04;1481;0;2148;0
FR;0;2021-01-05;5420;0;7568;0
FR;0;2021-01-06;11328;0;18896;0
FR;0;2021-01-07;28671;0;47567;0
FR;0;2021-01-08;36332;0;83899;0
FR;0;2021-01-09;10950;0;94849;0
FR;0;2021-01-10;5648;0;100497;0
FR;0;2021-01-11;39151;0;139648;0
FR;0;2021-01-12;61070;0;200718;0
FR;0;2021-01-13;63974;0;264692;0
FR;0;2021-01-14;80108;0;344800;0
FR;0;2021-01-15;67647;0;412447;0
FR;0;2021-01-16;19769;87;432216;87
FR;0;2021-01-17;10484;42;442700;129
FR;0;2021-01-18;84550;164;527250;293
FR;0;2021-01-19;128675;128;655925;421
FR;0;2021-01-20;135445;160;791370;581
FR;0;2021-01-21;155669;141;947039;722
FR;0;2021-01-22;118957;163;1065996;885
FR;0;2021-01-23;37890;52;1103886;937
FR;0;2021-01-24;9377;28;1113263;965
FR;0;2021-01-25;76965;1219;1190228;2184
FR;0;2021-01-26;98963;3113;1289191;5297
FR;0;2021-01-27;105791;5598;1394982;10895
FR;0;2021-01-28;122552;14361;1517534;25256
FR;0;2021-01-29;91016;17293;1608550;42549
FR;0;2021-01-30;28704;4225;1637254;46774
FR;0;2021-01-31;4881;1679;1642135;48453
FR;0;2021-02-01;51649;21128;1693784;69581
FR;0;2021-02-02;70776;34568;1764560;104149
FR;0;2021-02-03;71084;36961;1835644;141110
FR;0;2021-02-04;80711;50063;1916355;191173
FR;0;2021-02-05;67239;45342;1983594;236515
FR;0;2021-02-06;21364;10399;2004958;246914
FR;0;2021-02-07;4825;5041;2009783;251955
FR;0;2021-02-08;45954;45994;2055737;297949
FR;0;2021-02-09;64890;72409;2120627;370358
FR;0;2021-02-10;69375;76695;2190002;447053
FR;0;2021-02-11;85769;99144;2275771;546197
FR;0;2021-02-12;77884;74277;2353655;620474
FR;0;2021-02-13;21726;19492;2375381;639966
FR;0;2021-02-14;4599;7190;2379980;647156
FR;0;2021-02-15;37107;76507;2417087;723663
FR;0;2021-02-16;49258;100746;2466345;824409
FR;0;2021-02-17;49393;102972;2515738;927381
FR;0;2021-02-18;68144;118562;2583882;1045943
FR;0;2021-02-19;63914;90737;2647796;1136680
FR;0;2021-02-20;18027;28429;2665823;1165109
FR;0;2021-02-21;2868;6373;2668691;1171482
FR;0;2021-02-22;36599;73138;2705290;1244620
FR;0;2021-02-23;52725;84059;2758015;1328679
FR;0;2021-02-24;58203;81130;2816218;1409809
FR;0;2021-02-25;98917;91420;2915135;1501229
FR;0;2021-02-26;111932;71013;3027067;1572242
FR;0;2021-02-27;51275;21981;3078342;1594223
FR;0;2021-02-28;5690;4414;3084032;1598637
FR;0;2021-03-01;63747;52804;3147779;1651441
FR;0;2021-03-02;99484;66247;3247263;1717688
FR;0;2021-03-03;113968;65552;3361231;1783240
FR;0;2021-03-04;160869;68884;3522100;1852124
FR;0;2021-03-05;198380;63395;3720480;1915519
FR;0;2021-03-06;205668;17827;3926148;1933346
FR;0;2021-03-07;119984;5481;4046132;1938827
FR;0;2021-03-08;105140;50811;4151272;1989638
FR;0;2021-03-09;170087;56778;4321359;2046416
FR;0;2021-03-10;176140;57215;4497499;2103631
FR;0;2021-03-11;240004;63121;4737503;2166752
FR;0;2021-03-12;291696;53510;5029199;2220262
FR;0;2021-03-13;229083;15288;5258282;2235550
FR;0;2021-03-14;62342;3437;5320624;2238987
FR;0;2021-03-15;156290;32674;5476914;2271661
FR;0;2021-03-16;139549;39542;5616463;2311203
FR;0;2021-03-17;148354;38827;5764817;2350030
FR;0;2021-03-18;165435;44670;5930252;2394700
FR;0;2021-03-19;227269;37488;6157521;2432188
FR;0;2021-03-20;164988;11789;6322509;2443977
FR;0;2021-03-21;48800;2628;6371309;2446605
FR;0;2021-03-22;167529;34301;6538838;2480906
FR;0;2021-03-23;247406;42408;6786244;2523314
FR;0;2021-03-24;253955;43871;7040199;2567185
FR;0;2021-03-25;338620;44756;7378819;2611941
FR;0;2021-03-26;355802;41917;7734621;2653858
FR;0;2021-03-27;193549;16659;7928170;2670517
FR;0;2021-03-28;58406;3737;7986576;2674254
FR;0;2021-03-29;200847;54311;8187423;2728565
FR;0;2021-03-30;282623;69688;8470046;2798253
FR;0;2021-03-31;260198;72956;8730244;2871209
FR;0;2021-04-01;310945;87855;9041189;2959064
FR;0;2021-04-02;278467;92127;9319656;3051191
FR;0;2021-04-03;139450;61879;9459106;3113070
FR;0;2021-04-04;44931;18666;9504037;3131736
FR;0;2021-04-05;58844;11010;9562881;3142746
FR;0;2021-04-06;213870;107900;9776751;3250646
FR;0;2021-04-07;256772;115506;10033523;3366152
FR;0;2021-04-08;333555;121458;10367078;3487610
FR;0;2021-04-09;405905;116532;10772983;3604142
FR;0;2021-04-10;210427;82765;10983410;3686907
FR;0;2021-04-11;54937;34604;11038347;3721511
FR;0;2021-04-12;234274;115248;11272621;3836759
FR;0;2021-04-13;305896;145003;11578517;3981762
FR;0;2021-04-14;290264;139446;11868781;4121208
FR;0;2021-04-15;332392;147891;12201173;4269099
FR;0;2021-04-16;335861;145799;12537034;4414898
FR;0;2021-04-17;186639;90279;12723673;4505177
FR;0;2021-04-18;50479;35434;12774152;4540611
FR;0;2021-04-19;202994;138431;12977146;4679042
FR;0;2021-04-20;251146;170792;13228292;4849834
FR;0;2021-04-21;249708;168876;13478000;5018710
FR;0;2021-04-22;283743;188305;13761743;5207015
FR;0;2021-04-23;291488;183311;14053231;5390326
FR;0;2021-04-24;188285;111606;14241516;5501932
FR;0;2021-04-25;68425;38887;14309941;5540819
FR;0;2021-04-26;218199;156140;14528140;5696959
FR;0;2021-04-27;281326;187568;14809466;5884527
FR;0;2021-04-28;296342;183258;15105808;6067785
FR;0;2021-04-29;353416;196193;15459224;6263978
FR;0;2021-04-30;368478;184902;15827702;6448880
FR;0;2021-05-01;164252;52554;15991954;6501434
FR;0;2021-05-02;90223;37849;16082177;6539283
FR;0;2021-05-03;284484;169759;16366661;6709042
FR;0;2021-05-04;311493;224396;16678154;6933438
FR;0;2021-05-05;321422;224597;16999576;7158035
FR;0;2021-05-06;374180;239282;17373756;7397317
FR;0;2021-05-07;368168;257422;17741924;7654739
FR;0;2021-05-08;218819;66948;17960743;7721687
FR;0;2021-05-09;128367;46785;18089110;7768472
FR;0;2021-05-10;307556;229088;18396666;7997560
FR;0;2021-05-11;398916;258284;18795582;8255844
FR;0;2021-05-12;427771;233332;19223353;8489176
FR;0;2021-05-13;333542;56935;19556895;8546111
FR;0;2021-05-14;448680;167646;20005575;8713757
FR;0;2021-05-15;369624;94070;20375199;8807827
FR;0;2021-05-16;200219;20844;20575418;8828671
FR;0;2021-05-17;371038;149255;20946456;8977926
FR;0;2021-05-18;450615;153314;21397071;9131240
FR;0;2021-05-19;460017;145514;21857088;9276754
FR;0;2021-05-20;498247;160541;22355335;9437295
FR;0;2021-05-21;481271;174763;22836606;9612058
FR;0;2021-05-22;342481;80025;23179087;9692083
FR;0;2021-05-23;159263;14491;23338350;9706574
FR;0;2021-05-24;258073;33336;23596423;9739910
FR;0;2021-05-25;392316;189518;23988739;9929428
FR;0;2021-05-26;402701;188364;24391440;10117792
FR;0;2021-05-27;442286;218969;24833726;10336761
FR;0;2021-05-28;422365;259887;25256091;10596648
FR;0;2021-05-29;294925;149570;25551016;10746218
FR;0;2021-05-30;104864;32671;25655880;10778889
FR;0;2021-05-31;352101;203732;26007981;10982621
FR;0;2021-06-01;413821;251900;26421802;11234521
FR;0;2021-06-02;401575;231192;26823377;11465713
FR;0;2021-06-03;451414;258937;27274791;11724650
FR;0;2021-06-04;442164;305094;27716955;12029744
FR;0;2021-06-05;298389;189208;28015344;12218952
FR;0;2021-06-06;129230;49178;28144574;12268130
FR;0;2021-06-07;328774;262675;28473348;12530805
FR;0;2021-06-08;381547;291539;28854895;12822344
FR;0;2021-06-09;373410;276185;29228305;13098529
FR;0;2021-06-10;387235;289728;29615540;13388257
FR;0;2021-06-11;375769;357809;29991309;13746066
FR;0;2021-06-12;276657;211669;30267966;13957735
FR;0;2021-06-13;101567;74154;30369533;14031889
FR;0;2021-06-14;230151;356230;30599684;14388119
FR;0;2021-06-15;295113;386393;30894797;14774512
FR;0;2021-06-16;303450;358131;31198247;15132643
FR;0;2021-06-17;307683;372494;31505930;15505137
FR;0;2021-06-18;309168;443117;31815098;15948254
FR;0;2021-06-19;218911;274188;32034009;16222442
FR;0;2021-06-20;70568;102711;32104577;16325153
FR;0;2021-06-21;186633;402433;32291210;16727586
FR;0;2021-06-22;213999;467690;32505209;17195276
FR;0;2021-06-23;224231;440317;32729440;17635593
FR;0;2021-06-24;230144;409684;32959584;18045277
FR;0;2021-06-25;215368;522766;33174952;18568043
FR;0;2021-06-26;147203;371312;33322155;18939355
