fra;vaccin;jour;n_dose1;n_dose2;n_cum_dose1;n_cum_dose2
FR;1;2020-12-27;20;0;20;0
FR;1;2020-12-28;69;0;89;0
FR;1;2020-12-29;108;0;197;0
FR;1;2020-12-30;121;0;318;0
FR;1;2020-12-31;85;0;403;0
FR;1;2021-01-01;68;0;471;0
FR;1;2021-01-02;87;0;558;0
FR;1;2021-01-03;90;0;648;0
FR;1;2021-01-04;1477;0;2125;0
FR;1;2021-01-05;5394;0;7519;0
FR;1;2021-01-06;11294;0;18813;0
FR;1;2021-01-07;28554;0;47367;0
FR;1;2021-01-08;36233;0;83600;0
FR;1;2021-01-09;10917;0;94517;0
FR;1;2021-01-10;5619;0;100136;0
FR;1;2021-01-11;38972;0;139108;0
FR;1;2021-01-12;60844;0;199952;0
FR;1;2021-01-13;63745;0;263697;0
FR;1;2021-01-14;79700;0;343397;0
FR;1;2021-01-15;67251;0;410648;0
FR;1;2021-01-16;19523;78;430171;78
FR;1;2021-01-17;10465;42;440636;120
FR;1;2021-01-18;81448;163;522084;283
FR;1;2021-01-19;123922;127;646006;410
FR;1;2021-01-20;130226;159;776232;569
FR;1;2021-01-21;150218;135;926450;704
FR;1;2021-01-22;113732;162;1040182;866
FR;1;2021-01-23;36073;50;1076255;916
FR;1;2021-01-24;9260;27;1085515;943
FR;1;2021-01-25;73194;1218;1158709;2161
FR;1;2021-01-26;95055;3110;1253764;5271
FR;1;2021-01-27;102200;5597;1355964;10868
FR;1;2021-01-28;118808;14360;1474772;25228
FR;1;2021-01-29;87775;17292;1562547;42520
FR;1;2021-01-30;27579;4225;1590126;46745
FR;1;2021-01-31;4868;1679;1594994;48424
FR;1;2021-02-01;48289;21128;1643283;69552
FR;1;2021-02-02;66398;34568;1709681;104120
FR;1;2021-02-03;65954;36960;1775635;141080
FR;1;2021-02-04;75828;50057;1851463;191137
FR;1;2021-02-05;62499;45335;1913962;236472
FR;1;2021-02-06;19080;10396;1933042;246868
FR;1;2021-02-07;3433;5041;1936475;251909
FR;1;2021-02-08;35776;45985;1972251;297894
FR;1;2021-02-09;50011;72392;2022262;370286
FR;1;2021-02-10;50870;76646;2073132;446932
FR;1;2021-02-11;62169;99077;2135301;546009
FR;1;2021-02-12;54844;74038;2190145;620047
FR;1;2021-02-13;15133;19270;2205278;639317
FR;1;2021-02-14;3422;7190;2208700;646507
FR;1;2021-02-15;23576;73440;2232276;719947
FR;1;2021-02-16;32119;96865;2264395;816812
FR;1;2021-02-17;34379;98568;2298774;915380
FR;1;2021-02-18;48136;113474;2346910;1028854
FR;1;2021-02-19;44426;86413;2391336;1115267
FR;1;2021-02-20;13020;26920;2404356;1142187
FR;1;2021-02-21;2117;6287;2406473;1148474
FR;1;2021-02-22;24037;69415;2430510;1217889
FR;1;2021-02-23;36680;80365;2467190;1298254
FR;1;2021-02-24;39365;77662;2506555;1375916
FR;1;2021-02-25;48905;87994;2555460;1463910
FR;1;2021-02-26;46087;67887;2601547;1531797
FR;1;2021-02-27;15178;20931;2616725;1552728
FR;1;2021-02-28;3231;4386;2619956;1557114
FR;1;2021-03-01;38716;49030;2658672;1606144
FR;1;2021-03-02;54713;61505;2713385;1667649
FR;1;2021-03-03;59524;60651;2772909;1728300
FR;1;2021-03-04;71175;64894;2844084;1793194
FR;1;2021-03-05;73180;59273;2917264;1852467
FR;1;2021-03-06;81408;16093;2998672;1868560
FR;1;2021-03-07;62979;5424;3061651;1873984
FR;1;2021-03-08;58707;42477;3120358;1916461
FR;1;2021-03-09;84402;48318;3204760;1964779
FR;1;2021-03-10;89006;48067;3293766;2012846
FR;1;2021-03-11;103270;53861;3397036;2066707
FR;1;2021-03-12;102140;45268;3499176;2111975
FR;1;2021-03-13;87524;12720;3586700;2124695
FR;1;2021-03-14;43634;3031;3630334;2127726
FR;1;2021-03-15;93779;29151;3724113;2156877
FR;1;2021-03-16;121868;34906;3845981;2191783
FR;1;2021-03-17;127437;34868;3973418;2226651
FR;1;2021-03-18;140780;39750;4114198;2266401
FR;1;2021-03-19;134167;32913;4248365;2299314
FR;1;2021-03-20;74897;10212;4323262;2309526
FR;1;2021-03-21;25769;2477;4349031;2312003
FR;1;2021-03-22;112871;31190;4461902;2343193
FR;1;2021-03-23;140800;38173;4602702;2381366
FR;1;2021-03-24;139818;38790;4742520;2420156
FR;1;2021-03-25;162627;39619;4905147;2459775
FR;1;2021-03-26;164110;37495;5069257;2497270
FR;1;2021-03-27;109819;15256;5179076;2512526
FR;1;2021-03-28;41720;3624;5220796;2516150
FR;1;2021-03-29;128247;49969;5349043;2566119
FR;1;2021-03-30;165480;63596;5514523;2629715
FR;1;2021-03-31;168734;66913;5683257;2696628
FR;1;2021-04-01;191057;79253;5874314;2775881
FR;1;2021-04-02;162185;84318;6036499;2860199
FR;1;2021-04-03;87101;58185;6123600;2918384
FR;1;2021-04-04;32321;17732;6155921;2936116
FR;1;2021-04-05;42418;10177;6198339;2946293
FR;1;2021-04-06;157433;100887;6355772;3047180
FR;1;2021-04-07;193923;108269;6549695;3155449
FR;1;2021-04-08;218437;112406;6768132;3267855
FR;1;2021-04-09;211223;107518;6979355;3375373
FR;1;2021-04-10;116061;73463;7095416;3448836
FR;1;2021-04-11;40123;30288;7135539;3479124
FR;1;2021-04-12;166285;103796;7301824;3582920
FR;1;2021-04-13;200711;128258;7502535;3711178
FR;1;2021-04-14;205068;122820;7707603;3833998
FR;1;2021-04-15;217900;126760;7925503;3960758
FR;1;2021-04-16;203090;125149;8128593;4085907
FR;1;2021-04-17;120690;67480;8249283;4153387
FR;1;2021-04-18;35196;20993;8284479;4174380
FR;1;2021-04-19;161469;121928;8445948;4296308
FR;1;2021-04-20;186462;148797;8632410;4445105
FR;1;2021-04-21;191144;146751;8823554;4591856
FR;1;2021-04-22;205514;162650;9029068;4754506
FR;1;2021-04-23;195854;156935;9224922;4911441
FR;1;2021-04-24;124782;95509;9349704;5006950
FR;1;2021-04-25;52845;30140;9402549;5037090
FR;1;2021-04-26;177892;138281;9580441;5175371
FR;1;2021-04-27;218052;162005;9798493;5337376
FR;1;2021-04-28;234649;155135;10033142;5492511
FR;1;2021-04-29;266101;160093;10299243;5652604
FR;1;2021-04-30;267813;148175;10567056;5800779
FR;1;2021-05-01;137332;40719;10704388;5841498
FR;1;2021-05-02;80108;28163;10784496;5869661
FR;1;2021-05-03;245448;146546;11029944;6016207
FR;1;2021-05-04;260194;186875;11290138;6203082
FR;1;2021-05-05;276538;184601;11566676;6387683
FR;1;2021-05-06;303535;183071;11870211;6570754
FR;1;2021-05-07;278957;195762;12149168;6766516
FR;1;2021-05-08;180318;48333;12329486;6814849
FR;1;2021-05-09;112367;36234;12441853;6851083
FR;1;2021-05-10;249789;194294;12691642;7045377
FR;1;2021-05-11;312399;211454;13004041;7256831
FR;1;2021-05-12;346362;185959;13350403;7442790
FR;1;2021-05-13;277140;47682;13627543;7490472
FR;1;2021-05-14;360587;128938;13988130;7619410
FR;1;2021-05-15;289750;66173;14277880;7685583
FR;1;2021-05-16;155204;15588;14433084;7701171
FR;1;2021-05-17;311938;116747;14745022;7817918
FR;1;2021-05-18;370670;111414;15115692;7929332
FR;1;2021-05-19;385555;103010;15501247;8032342
FR;1;2021-05-20;410488;96414;15911735;8128756
FR;1;2021-05-21;389259;97509;16300994;8226265
FR;1;2021-05-22;270612;42184;16571606;8268449
FR;1;2021-05-23;120562;11247;16692168;8279696
FR;1;2021-05-24;238312;26381;16930480;8306077
FR;1;2021-05-25;357654;132070;17288134;8438147
FR;1;2021-05-26;366361;125830;17654495;8563977
FR;1;2021-05-27;395680;128419;18050175;8692396
FR;1;2021-05-28;356364;145714;18406539;8838110
FR;1;2021-05-29;249647;81075;18656186;8919185
FR;1;2021-05-30;98673;22616;18754859;8941801
FR;1;2021-05-31;307588;148957;19062447;9090758
FR;1;2021-06-01;344159;166963;19406606;9257721
FR;1;2021-06-02;344289;153481;19750895;9411202
FR;1;2021-06-03;375670;147918;20126565;9559120
FR;1;2021-06-04;348161;175814;20474726;9734934
FR;1;2021-06-05;251351;112883;20726077;9847817
FR;1;2021-06-06;122147;37572;20848224;9885389
FR;2;2020-12-27;0;0;0;0
FR;2;2020-12-28;0;0;0;0
FR;2;2020-12-29;0;0;0;0
FR;2;2020-12-30;0;0;0;0
FR;2;2020-12-31;0;0;0;0
FR;2;2021-01-01;0;0;0;0
FR;2;2021-01-02;0;0;0;0
FR;2;2021-01-03;0;0;0;0
FR;2;2021-01-04;0;0;0;0
FR;2;2021-01-05;0;0;0;0
FR;2;2021-01-06;0;0;0;0
FR;2;2021-01-07;0;0;0;0
FR;2;2021-01-08;0;0;0;0
FR;2;2021-01-09;0;0;0;0
FR;2;2021-01-10;0;0;0;0
FR;2;2021-01-11;0;0;0;0
FR;2;2021-01-12;0;0;0;0
FR;2;2021-01-13;0;0;0;0
FR;2;2021-01-14;147;0;147;0
FR;2;2021-01-15;217;0;364;0
FR;2;2021-01-16;185;0;549;0
FR;2;2021-01-17;3;0;552;0
FR;2;2021-01-18;2908;0;3460;0
FR;2;2021-01-19;4510;0;7970;0
FR;2;2021-01-20;4921;0;12891;0
FR;2;2021-01-21;5125;0;18016;0
FR;2;2021-01-22;4878;0;22894;0
FR;2;2021-01-23;1735;0;24629;0
FR;2;2021-01-24;102;0;24731;0
FR;2;2021-01-25;3634;0;28365;0
FR;2;2021-01-26;3747;0;32112;0
FR;2;2021-01-27;3440;0;35552;0
FR;2;2021-01-28;3513;0;39065;0
FR;2;2021-01-29;3082;0;42147;0
FR;2;2021-01-30;1065;0;43212;0
FR;2;2021-01-31;0;0;43212;0
FR;2;2021-02-01;3256;0;46468;0
FR;2;2021-02-02;4303;0;50771;0
FR;2;2021-02-03;5030;0;55801;0
FR;2;2021-02-04;4734;3;60535;3
FR;2;2021-02-05;4617;6;65152;9
FR;2;2021-02-06;1930;3;67082;12
FR;2;2021-02-07;42;0;67124;12
FR;2;2021-02-08;7417;8;74541;20
FR;2;2021-02-09;8254;15;82795;35
FR;2;2021-02-10;9136;49;91931;84
FR;2;2021-02-11;10052;67;101983;151
FR;2;2021-02-12;9811;238;111794;389
FR;2;2021-02-13;3015;222;114809;611
FR;2;2021-02-14;296;0;115105;611
FR;2;2021-02-15;3357;3067;118462;3678
FR;2;2021-02-16;4907;3881;123369;7559
FR;2;2021-02-17;4104;4403;127473;11962
FR;2;2021-02-18;5229;5089;132702;17051
FR;2;2021-02-19;5193;4323;137895;21374
FR;2;2021-02-20;1764;1509;139659;22883
FR;2;2021-02-21;197;86;139856;22969
FR;2;2021-02-22;3514;3723;143370;26692
FR;2;2021-02-23;4836;3693;148206;30385
FR;2;2021-02-24;4745;3468;152951;33853
FR;2;2021-02-25;5292;3426;158243;37279
FR;2;2021-02-26;4193;3125;162436;40404
FR;2;2021-02-27;1502;1042;163938;41446
FR;2;2021-02-28;99;28;164037;41474
FR;2;2021-03-01;4957;3764;168994;45238
FR;2;2021-03-02;6305;4728;175299;49966
FR;2;2021-03-03;6244;4883;181543;54849
FR;2;2021-03-04;8071;3967;189614;58816
FR;2;2021-03-05;7767;4060;197381;62876
FR;2;2021-03-06;4620;1682;202001;64558
FR;2;2021-03-07;2283;29;204284;64587
FR;2;2021-03-08;3979;8310;208263;72897
FR;2;2021-03-09;7265;8429;215528;81326
FR;2;2021-03-10;6860;9109;222388;90435
FR;2;2021-03-11;9052;9208;231440;99643
FR;2;2021-03-12;7717;8170;239157;107813
FR;2;2021-03-13;9867;2511;249024;110324
FR;2;2021-03-14;4753;402;253777;110726
FR;2;2021-03-15;10635;3484;264412;114210
FR;2;2021-03-16;16452;4621;280864;118831
FR;2;2021-03-17;19911;3952;300775;122783
FR;2;2021-03-18;22949;4910;323724;127693
FR;2;2021-03-19;22882;4537;346606;132230
FR;2;2021-03-20;25142;1540;371748;133770
FR;2;2021-03-21;17471;147;389219;133917
FR;2;2021-03-22;17388;3078;406607;136995
FR;2;2021-03-23;22267;4183;428874;141178
FR;2;2021-03-24;23544;4988;452418;146166
FR;2;2021-03-25;26272;5020;478690;151186
FR;2;2021-03-26;26582;4260;505272;155446
FR;2;2021-03-27;15638;1309;520910;156755
FR;2;2021-03-28;10391;94;531301;156849
FR;2;2021-03-29;18641;4280;549942;161129
FR;2;2021-03-30;24166;6002;574108;167131
FR;2;2021-03-31;28096;5956;602204;173087
FR;2;2021-04-01;33965;8495;636169;181582
FR;2;2021-04-02;29501;7661;665670;189243
FR;2;2021-04-03;16727;3582;682397;192825
FR;2;2021-04-04;9160;918;691557;193743
FR;2;2021-04-05;12118;811;703675;194554
FR;2;2021-04-06;26698;6934;730373;201488
FR;2;2021-04-07;30580;7174;760953;208662
FR;2;2021-04-08;36485;8817;797438;217479
FR;2;2021-04-09;33376;8602;830814;226081
FR;2;2021-04-10;19442;8968;850256;235049
FR;2;2021-04-11;7814;4271;858070;239320
FR;2;2021-04-12;16796;11254;874866;250574
FR;2;2021-04-13;19087;16426;893953;267000
FR;2;2021-04-14;17651;16284;911604;283284
FR;2;2021-04-15;21824;20757;933428;304041
FR;2;2021-04-16;20352;20073;953780;324114
FR;2;2021-04-17;13044;22462;966824;346576
FR;2;2021-04-18;5782;14405;972606;360981
FR;2;2021-04-19;16477;16262;989083;377243
FR;2;2021-04-20;18972;21595;1008055;398838
FR;2;2021-04-21;19677;21665;1027732;420503
FR;2;2021-04-22;23393;24861;1051125;445364
FR;2;2021-04-23;24194;25351;1075319;470715
FR;2;2021-04-24;25094;15111;1100413;485826
FR;2;2021-04-25;9489;8589;1109902;494415
FR;2;2021-04-26;16744;17195;1126646;511610
FR;2;2021-04-27;18941;24308;1145587;535918
FR;2;2021-04-28;21549;26189;1167136;562107
FR;2;2021-04-29;25070;30136;1192206;592243
FR;2;2021-04-30;25097;27783;1217303;620026
FR;2;2021-05-01;14761;9863;1232064;629889
FR;2;2021-05-02;6482;9184;1238546;639073
FR;2;2021-05-03;19451;19327;1257997;658400
FR;2;2021-05-04;17936;29056;1275933;687456
FR;2;2021-05-05;17912;29416;1293845;716872
FR;2;2021-05-06;23123;35293;1316968;752165
FR;2;2021-05-07;24748;33242;1341716;785407
FR;2;2021-05-08;20039;9704;1361755;795111
FR;2;2021-05-09;12902;7894;1374657;803005
FR;2;2021-05-10;32196;22221;1406853;825226
FR;2;2021-05-11;42824;21077;1449677;846303
FR;2;2021-05-12;48365;19907;1498042;866210
FR;2;2021-05-13;50456;5770;1548498;871980
FR;2;2021-05-14;60425;12955;1608923;884935
FR;2;2021-05-15;65193;7154;1674116;892089
FR;2;2021-05-16;42939;2575;1717055;894664
FR;2;2021-05-17;44052;12592;1761107;907256
FR;2;2021-05-18;53232;12254;1814339;919510
FR;2;2021-05-19;55668;10635;1870007;930145
FR;2;2021-05-20;62411;10897;1932418;941042
FR;2;2021-05-21;62274;11685;1994692;952727
FR;2;2021-05-22;60725;4528;2055417;957255
FR;2;2021-05-23;36907;577;2092324;957832
FR;2;2021-05-24;16817;2032;2109141;959864
FR;2;2021-05-25;20429;12241;2129570;972105
FR;2;2021-05-26;18422;11468;2147992;983573
FR;2;2021-05-27;22357;12667;2170349;996240
FR;2;2021-05-28;28160;14987;2198509;1011227
FR;2;2021-05-29;29756;8190;2228265;1019417
FR;2;2021-05-30;4446;1810;2232711;1021227
FR;2;2021-05-31;27504;18760;2260215;1039987
FR;2;2021-06-01;43881;20078;2304096;1060065
FR;2;2021-06-02;36047;19317;2340143;1079382
FR;2;2021-06-03;49769;23404;2389912;1102786
FR;2;2021-06-04;63463;24102;2453375;1126888
FR;2;2021-06-05;33215;24056;2486590;1150944
FR;2;2021-06-06;4590;6206;2491180;1157150
FR;3;2020-12-27;0;0;0;0
FR;3;2020-12-28;0;0;0;0
FR;3;2020-12-29;0;0;0;0
FR;3;2020-12-30;0;0;0;0
FR;3;2020-12-31;0;0;0;0
FR;3;2021-01-01;0;0;0;0
FR;3;2021-01-02;0;0;0;0
FR;3;2021-01-03;0;0;0;0
FR;3;2021-01-04;0;0;0;0
FR;3;2021-01-05;0;0;0;0
FR;3;2021-01-06;0;0;0;0
FR;3;2021-01-07;0;0;0;0
FR;3;2021-01-08;0;0;0;0
FR;3;2021-01-09;0;0;0;0
FR;3;2021-01-10;0;0;0;0
FR;3;2021-01-11;0;0;0;0
FR;3;2021-01-12;0;0;0;0
FR;3;2021-01-13;0;0;0;0
FR;3;2021-01-14;0;0;0;0
FR;3;2021-01-15;0;0;0;0
FR;3;2021-01-16;0;0;0;0
FR;3;2021-01-17;0;0;0;0
FR;3;2021-01-18;0;0;0;0
FR;3;2021-01-19;0;0;0;0
FR;3;2021-01-20;0;0;0;0
FR;3;2021-01-21;0;0;0;0
FR;3;2021-01-22;0;0;0;0
FR;3;2021-01-23;0;0;0;0
FR;3;2021-01-24;0;0;0;0
FR;3;2021-01-25;0;0;0;0
FR;3;2021-01-26;0;0;0;0
FR;3;2021-01-27;0;0;0;0
FR;3;2021-01-28;0;0;0;0
FR;3;2021-01-29;0;0;0;0
FR;3;2021-01-30;0;0;0;0
FR;3;2021-01-31;0;0;0;0
FR;3;2021-02-01;0;0;0;0
FR;3;2021-02-02;0;0;0;0
FR;3;2021-02-03;0;0;0;0
FR;3;2021-02-04;0;0;0;0
FR;3;2021-02-05;0;0;0;0
FR;3;2021-02-06;315;0;315;0
FR;3;2021-02-07;1348;0;1663;0
FR;3;2021-02-08;2633;0;4296;0
FR;3;2021-02-09;6637;0;10933;0
FR;3;2021-02-10;9225;0;20158;0
FR;3;2021-02-11;13340;0;33498;0
FR;3;2021-02-12;13035;0;46533;0
FR;3;2021-02-13;3509;0;50042;0
FR;3;2021-02-14;865;0;50907;0
FR;3;2021-02-15;10106;0;61013;0
FR;3;2021-02-16;12164;0;73177;0
FR;3;2021-02-17;10813;0;83990;0
FR;3;2021-02-18;14542;0;98532;0
FR;3;2021-02-19;14111;0;112643;0
FR;3;2021-02-20;3175;0;115818;0
FR;3;2021-02-21;544;0;116362;0
FR;3;2021-02-22;8904;0;125266;0
FR;3;2021-02-23;11098;0;136364;0
FR;3;2021-02-24;13876;0;150240;0
FR;3;2021-02-25;44322;0;194562;0
FR;3;2021-02-26;61375;0;255937;0
FR;3;2021-02-27;34438;7;290375;7
FR;3;2021-02-28;2342;0;292717;7
FR;3;2021-03-01;19877;10;312594;17
FR;3;2021-03-02;38298;13;350892;30
FR;3;2021-03-03;47765;17;398657;47
FR;3;2021-03-04;80987;20;479644;67
FR;3;2021-03-05;116751;60;596395;127
FR;3;2021-03-06;118770;49;715165;176
FR;3;2021-03-07;54430;28;769595;204
FR;3;2021-03-08;41973;21;811568;225
FR;3;2021-03-09;77888;31;889456;256
FR;3;2021-03-10;79695;39;969151;295
FR;3;2021-03-11;126996;49;1096147;344
FR;3;2021-03-12;181015;68;1277162;412
FR;3;2021-03-13;130770;53;1407932;465
FR;3;2021-03-14;13725;4;1421657;469
FR;3;2021-03-15;51213;38;1472870;507
FR;3;2021-03-16;905;14;1473775;521
FR;3;2021-03-17;623;6;1474398;527
FR;3;2021-03-18;1180;4;1475578;531
FR;3;2021-03-19;69381;36;1544959;567
FR;3;2021-03-20;64392;35;1609351;602
FR;3;2021-03-21;5485;4;1614836;606
FR;3;2021-03-22;36700;32;1651536;638
FR;3;2021-03-23;83442;50;1734978;688
FR;3;2021-03-24;89716;91;1824694;779
FR;3;2021-03-25;148344;115;1973038;894
FR;3;2021-03-26;163735;156;2136773;1050
FR;3;2021-03-27;67388;88;2204161;1138
FR;3;2021-03-28;6200;19;2210361;1157
FR;3;2021-03-29;53358;61;2263719;1218
FR;3;2021-03-30;92051;88;2355770;1306
FR;3;2021-03-31;62432;82;2418202;1388
FR;3;2021-04-01;84767;104;2502969;1492
FR;3;2021-04-02;85797;148;2588766;1640
FR;3;2021-04-03;35216;109;2623982;1749
FR;3;2021-04-04;3378;15;2627360;1764
FR;3;2021-04-05;4220;21;2631580;1785
FR;3;2021-04-06;28882;76;2660462;1861
FR;3;2021-04-07;31508;60;2691970;1921
FR;3;2021-04-08;77483;235;2769453;2156
FR;3;2021-04-09;159808;410;2929261;2566
FR;3;2021-04-10;74478;332;3003739;2898
FR;3;2021-04-11;7020;44;3010759;2942
FR;3;2021-04-12;50546;197;3061305;3139
FR;3;2021-04-13;85057;314;3146362;3453
FR;3;2021-04-14;66517;341;3212879;3794
FR;3;2021-04-15;91668;369;3304547;4163
FR;3;2021-04-16;111023;573;3415570;4736
FR;3;2021-04-17;52219;336;3467789;5072
FR;3;2021-04-18;9429;34;3477218;5106
FR;3;2021-04-19;24440;238;3501658;5344
FR;3;2021-04-20;44818;398;3546476;5742
FR;3;2021-04-21;38017;457;3584493;6199
FR;3;2021-04-22;53671;791;3638164;6990
FR;3;2021-04-23;69427;1021;3707591;8011
FR;3;2021-04-24;36498;985;3744089;8996
FR;3;2021-04-25;5914;158;3750003;9154
FR;3;2021-04-26;19081;664;3769084;9818
FR;3;2021-04-27;33697;1246;3802781;11064
FR;3;2021-04-28;28263;1926;3831044;12990
FR;3;2021-04-29;44526;5957;3875570;18947
FR;3;2021-04-30;54545;8932;3930115;27879
FR;3;2021-05-01;9172;1967;3939287;29846
FR;3;2021-05-02;2796;500;3942083;30346
FR;3;2021-05-03;12495;3881;3954578;34227
FR;3;2021-05-04;22393;8455;3976971;42682
FR;3;2021-05-05;18020;10573;3994991;53255
FR;3;2021-05-06;33864;20906;4028855;74161
FR;3;2021-05-07;43335;28410;4072190;102571
FR;3;2021-05-08;6339;8905;4078529;111476
FR;3;2021-05-09;1562;2655;4080091;114131
FR;3;2021-05-10;14399;12560;4094490;126691
FR;3;2021-05-11;26359;25739;4120849;152430
FR;3;2021-05-12;16697;27452;4137546;179882
FR;3;2021-05-13;1998;3480;4139544;183362
FR;3;2021-05-14;14035;25743;4153579;209105
FR;3;2021-05-15;6903;20734;4160482;229839
FR;3;2021-05-16;810;2680;4161292;232519
FR;3;2021-05-17;7488;19914;4168780;252433
FR;3;2021-05-18;12876;29636;4181656;282069
FR;3;2021-05-19;8783;31864;4190439;313933
FR;3;2021-05-20;12234;53223;4202673;367156
FR;3;2021-05-21;12216;65542;4214889;432698
FR;3;2021-05-22;4634;33300;4219523;465998
FR;3;2021-05-23;534;2665;4220057;468663
FR;3;2021-05-24;575;4920;4220632;473583
FR;3;2021-05-25;4813;45191;4225445;518774
FR;3;2021-05-26;4553;51054;4229998;569828
FR;3;2021-05-27;5886;77849;4235884;647677
FR;3;2021-05-28;7084;99108;4242968;746785
FR;3;2021-05-29;3047;60285;4246015;807070
FR;3;2021-05-30;367;8243;4246382;815313
FR;3;2021-05-31;2037;35995;4248419;851308
FR;3;2021-06-01;2932;64819;4251351;916127
FR;3;2021-06-02;2338;58361;4253689;974488
FR;3;2021-06-03;3110;87592;4256799;1062080
FR;3;2021-06-04;3742;105133;4260541;1167213
FR;3;2021-06-05;1715;52242;4262256;1219455
FR;3;2021-06-06;237;5400;4262493;1224855
FR;4;2020-12-27;0;0;0;0
FR;4;2020-12-28;0;0;0;0
FR;4;2020-12-29;0;0;0;0
FR;4;2020-12-30;0;0;0;0
FR;4;2020-12-31;0;0;0;0
FR;4;2021-01-01;0;0;0;0
FR;4;2021-01-02;0;0;0;0
FR;4;2021-01-03;0;0;0;0
FR;4;2021-01-04;0;0;0;0
FR;4;2021-01-05;0;0;0;0
FR;4;2021-01-06;0;0;0;0
FR;4;2021-01-07;0;0;0;0
FR;4;2021-01-08;0;0;0;0
FR;4;2021-01-09;0;0;0;0
FR;4;2021-01-10;0;0;0;0
FR;4;2021-01-11;0;0;0;0
FR;4;2021-01-12;0;0;0;0
FR;4;2021-01-13;0;0;0;0
FR;4;2021-01-14;0;0;0;0
FR;4;2021-01-15;0;0;0;0
FR;4;2021-01-16;0;0;0;0
FR;4;2021-01-17;0;0;0;0
FR;4;2021-01-18;0;0;0;0
FR;4;2021-01-19;0;0;0;0
FR;4;2021-01-20;0;0;0;0
FR;4;2021-01-21;0;0;0;0
FR;4;2021-01-22;0;0;0;0
FR;4;2021-01-23;0;0;0;0
FR;4;2021-01-24;0;0;0;0
FR;4;2021-01-25;0;0;0;0
FR;4;2021-01-26;0;0;0;0
FR;4;2021-01-27;0;0;0;0
FR;4;2021-01-28;0;0;0;0
FR;4;2021-01-29;0;0;0;0
FR;4;2021-01-30;0;0;0;0
FR;4;2021-01-31;0;0;0;0
FR;4;2021-02-01;0;0;0;0
FR;4;2021-02-02;0;0;0;0
FR;4;2021-02-03;0;0;0;0
FR;4;2021-02-04;0;0;0;0
FR;4;2021-02-05;0;0;0;0
FR;4;2021-02-06;0;0;0;0
FR;4;2021-02-07;0;0;0;0
FR;4;2021-02-08;0;0;0;0
FR;4;2021-02-09;0;0;0;0
FR;4;2021-02-10;0;0;0;0
FR;4;2021-02-11;0;0;0;0
FR;4;2021-02-12;0;0;0;0
FR;4;2021-02-13;0;0;0;0
FR;4;2021-02-14;0;0;0;0
FR;4;2021-02-15;0;0;0;0
FR;4;2021-02-16;0;0;0;0
FR;4;2021-02-17;0;0;0;0
FR;4;2021-02-18;0;0;0;0
FR;4;2021-02-19;0;0;0;0
FR;4;2021-02-20;0;0;0;0
FR;4;2021-02-21;0;0;0;0
FR;4;2021-02-22;0;0;0;0
FR;4;2021-02-23;0;0;0;0
FR;4;2021-02-24;0;0;0;0
FR;4;2021-02-25;0;0;0;0
FR;4;2021-02-26;0;0;0;0
FR;4;2021-02-27;0;0;0;0
FR;4;2021-02-28;0;0;0;0
FR;4;2021-03-01;0;0;0;0
FR;4;2021-03-02;0;0;0;0
FR;4;2021-03-03;0;0;0;0
FR;4;2021-03-04;0;0;0;0
FR;4;2021-03-05;0;0;0;0
FR;4;2021-03-06;0;0;0;0
FR;4;2021-03-07;0;0;0;0
FR;4;2021-03-08;0;0;0;0
FR;4;2021-03-09;0;0;0;0
FR;4;2021-03-10;0;0;0;0
FR;4;2021-03-11;0;0;0;0
FR;4;2021-03-12;0;0;0;0
FR;4;2021-03-13;0;0;0;0
FR;4;2021-03-14;0;0;0;0
FR;4;2021-03-15;0;0;0;0
FR;4;2021-03-16;0;0;0;0
FR;4;2021-03-17;0;0;0;0
FR;4;2021-03-18;0;0;0;0
FR;4;2021-03-19;0;0;0;0
FR;4;2021-03-20;0;0;0;0
FR;4;2021-03-21;0;0;0;0
FR;4;2021-03-22;0;0;0;0
FR;4;2021-03-23;0;0;0;0
FR;4;2021-03-24;0;0;0;0
FR;4;2021-03-25;0;0;0;0
FR;4;2021-03-26;0;0;0;0
FR;4;2021-03-27;0;0;0;0
FR;4;2021-03-28;0;0;0;0
FR;4;2021-03-29;0;0;0;0
FR;4;2021-03-30;0;0;0;0
FR;4;2021-03-31;0;0;0;0
FR;4;2021-04-01;0;0;0;0
FR;4;2021-04-02;0;0;0;0
FR;4;2021-04-03;0;0;0;0
FR;4;2021-04-04;0;0;0;0
FR;4;2021-04-05;0;0;0;0
FR;4;2021-04-06;0;0;0;0
FR;4;2021-04-07;0;0;0;0
FR;4;2021-04-08;0;0;0;0
FR;4;2021-04-09;0;0;0;0
FR;4;2021-04-10;0;0;0;0
FR;4;2021-04-11;0;0;0;0
FR;4;2021-04-12;0;0;0;0
FR;4;2021-04-13;0;0;0;0
FR;4;2021-04-14;0;0;0;0
FR;4;2021-04-15;0;0;0;0
FR;4;2021-04-16;0;0;0;0
FR;4;2021-04-17;0;0;0;0
FR;4;2021-04-18;0;0;0;0
FR;4;2021-04-19;0;0;0;0
FR;4;2021-04-20;0;0;0;0
FR;4;2021-04-21;0;0;0;0
FR;4;2021-04-22;0;0;0;0
FR;4;2021-04-23;741;0;741;0
FR;4;2021-04-24;1552;0;2293;0
FR;4;2021-04-25;117;0;2410;0
FR;4;2021-04-26;2827;0;5237;0
FR;4;2021-04-27;9361;3;14598;3
FR;4;2021-04-28;9754;3;24352;6
FR;4;2021-04-29;15871;7;40223;13
FR;4;2021-04-30;19066;7;59289;20
FR;4;2021-05-01;1894;5;61183;25
FR;4;2021-05-02;439;0;61622;25
FR;4;2021-05-03;4921;1;66543;26
FR;4;2021-05-04;8245;8;74788;34
FR;4;2021-05-05;5997;7;80785;41
FR;4;2021-05-06;11251;11;92036;52
FR;4;2021-05-07;18898;8;110934;60
FR;4;2021-05-08;2251;4;113185;64
FR;4;2021-05-09;628;2;113813;66
FR;4;2021-05-10;7080;13;120893;79
FR;4;2021-05-11;14095;12;134988;91
FR;4;2021-05-12;9936;14;144924;105
FR;4;2021-05-13;1440;3;146364;108
FR;4;2021-05-14;7573;8;153937;116
FR;4;2021-05-15;3575;9;157512;125
FR;4;2021-05-16;352;1;157864;126
FR;4;2021-05-17;4237;2;162101;128
FR;4;2021-05-18;8533;10;170634;138
FR;4;2021-05-19;5502;5;176136;143
FR;4;2021-05-20;9169;7;185305;150
FR;4;2021-05-21;12497;25;197802;175
FR;4;2021-05-22;4917;13;202719;188
FR;4;2021-05-23;419;2;203138;190
FR;4;2021-05-24;931;3;204069;193
FR;4;2021-05-25;7357;16;211426;209
FR;4;2021-05-26;7498;12;218924;221
FR;4;2021-05-27;14028;34;232952;255
FR;4;2021-05-28;26165;74;259117;329
FR;4;2021-05-29;11081;18;270198;347
FR;4;2021-05-30;858;2;271056;349
FR;4;2021-05-31;12384;19;283440;368
FR;4;2021-06-01;19645;40;303085;408
FR;4;2021-06-02;14032;33;317117;441
FR;4;2021-06-03;18921;23;336038;464
FR;4;2021-06-04;21587;45;357625;509
FR;4;2021-06-05;8990;27;366615;536
FR;4;2021-06-06;847;0;367462;536
FR;0;2020-12-27;20;0;20;0
FR;0;2020-12-28;69;0;89;0
FR;0;2020-12-29;108;0;197;0
FR;0;2020-12-30;121;0;318;0
FR;0;2020-12-31;85;0;403;0
FR;0;2021-01-01;68;0;471;0
FR;0;2021-01-02;87;0;558;0
FR;0;2021-01-03;90;0;648;0
FR;0;2021-01-04;1477;0;2125;0
FR;0;2021-01-05;5394;0;7519;0
FR;0;2021-01-06;11294;0;18813;0
FR;0;2021-01-07;28554;0;47367;0
FR;0;2021-01-08;36233;0;83600;0
FR;0;2021-01-09;10917;0;94517;0
FR;0;2021-01-10;5619;0;100136;0
FR;0;2021-01-11;38972;0;139108;0
FR;0;2021-01-12;60844;0;199952;0
FR;0;2021-01-13;63745;0;263697;0
FR;0;2021-01-14;79847;0;343544;0
FR;0;2021-01-15;67468;0;411012;0
FR;0;2021-01-16;19708;78;430720;78
FR;0;2021-01-17;10468;42;441188;120
FR;0;2021-01-18;84356;163;525544;283
FR;0;2021-01-19;128432;127;653976;410
FR;0;2021-01-20;135147;159;789123;569
FR;0;2021-01-21;155343;135;944466;704
FR;0;2021-01-22;118610;162;1063076;866
FR;0;2021-01-23;37808;50;1100884;916
FR;0;2021-01-24;9362;27;1110246;943
FR;0;2021-01-25;76828;1218;1187074;2161
FR;0;2021-01-26;98802;3110;1285876;5271
FR;0;2021-01-27;105640;5597;1391516;10868
FR;0;2021-01-28;122321;14360;1513837;25228
FR;0;2021-01-29;90857;17292;1604694;42520
FR;0;2021-01-30;28644;4225;1633338;46745
FR;0;2021-01-31;4868;1679;1638206;48424
FR;0;2021-02-01;51545;21128;1689751;69552
FR;0;2021-02-02;70701;34568;1760452;104120
FR;0;2021-02-03;70984;36960;1831436;141080
FR;0;2021-02-04;80562;50060;1911998;191140
FR;0;2021-02-05;67116;45341;1979114;236481
FR;0;2021-02-06;21325;10399;2000439;246880
FR;0;2021-02-07;4823;5041;2005262;251921
FR;0;2021-02-08;45826;45993;2051088;297914
FR;0;2021-02-09;64902;72407;2115990;370321
FR;0;2021-02-10;69231;76695;2185221;447016
FR;0;2021-02-11;85561;99144;2270782;546160
FR;0;2021-02-12;77690;74276;2348472;620436
FR;0;2021-02-13;21657;19492;2370129;639928
FR;0;2021-02-14;4583;7190;2374712;647118
FR;0;2021-02-15;37039;76507;2411751;723625
FR;0;2021-02-16;49190;100746;2460941;824371
FR;0;2021-02-17;49296;102971;2510237;927342
FR;0;2021-02-18;67907;118563;2578144;1045905
FR;0;2021-02-19;63730;90736;2641874;1136641
FR;0;2021-02-20;17959;28429;2659833;1165070
FR;0;2021-02-21;2858;6373;2662691;1171443
FR;0;2021-02-22;36455;73138;2699146;1244581
FR;0;2021-02-23;52614;84058;2751760;1328639
FR;0;2021-02-24;57986;81130;2809746;1409769
FR;0;2021-02-25;98519;91420;2908265;1501189
FR;0;2021-02-26;111655;71012;3019920;1572201
FR;0;2021-02-27;51118;21980;3071038;1594181
FR;0;2021-02-28;5672;4414;3076710;1598595
FR;0;2021-03-01;63550;52804;3140260;1651399
FR;0;2021-03-02;99316;66246;3239576;1717645
FR;0;2021-03-03;113533;65551;3353109;1783196
FR;0;2021-03-04;160233;68881;3513342;1852077
FR;0;2021-03-05;197698;63393;3711040;1915470
FR;0;2021-03-06;204798;17824;3915838;1933294
FR;0;2021-03-07;119692;5481;4035530;1938775
FR;0;2021-03-08;104659;50808;4140189;1989583
FR;0;2021-03-09;169555;56778;4309744;2046361
FR;0;2021-03-10;175561;57215;4485305;2103576
FR;0;2021-03-11;239318;63118;4724623;2166694
FR;0;2021-03-12;290872;53506;5015495;2220200
FR;0;2021-03-13;228161;15284;5243656;2235484
FR;0;2021-03-14;62112;3437;5305768;2238921
FR;0;2021-03-15;155627;32673;5461395;2271594
FR;0;2021-03-16;139225;39541;5600620;2311135
FR;0;2021-03-17;147971;38826;5748591;2349961
FR;0;2021-03-18;164909;44664;5913500;2394625
FR;0;2021-03-19;226430;37486;6139930;2432111
FR;0;2021-03-20;164431;11787;6304361;2443898
FR;0;2021-03-21;48725;2628;6353086;2446526
FR;0;2021-03-22;166959;34300;6520045;2480826
FR;0;2021-03-23;246509;42406;6766554;2523232
FR;0;2021-03-24;253078;43869;7019632;2567101
FR;0;2021-03-25;337243;44754;7356875;2611855
FR;0;2021-03-26;354427;41911;7711302;2653766
FR;0;2021-03-27;192845;16653;7904147;2670419
FR;0;2021-03-28;58311;3737;7962458;2674156
FR;0;2021-03-29;200246;54310;8162704;2728466
FR;0;2021-03-30;281697;69686;8444401;2798152
FR;0;2021-03-31;259262;72951;8703663;2871103
FR;0;2021-04-01;309789;87852;9013452;2958955
FR;0;2021-04-02;277483;92127;9290935;3051082
FR;0;2021-04-03;139044;61876;9429979;3112958
FR;0;2021-04-04;44859;18665;9474838;3131623
FR;0;2021-04-05;58756;11009;9533594;3142632
FR;0;2021-04-06;213013;107897;9746607;3250529
FR;0;2021-04-07;256011;115503;10002618;3366032
FR;0;2021-04-08;332405;121458;10335023;3487490
FR;0;2021-04-09;404407;116530;10739430;3604020
FR;0;2021-04-10;209981;82763;10949411;3686783
FR;0;2021-04-11;54957;34603;11004368;3721386
FR;0;2021-04-12;233627;115247;11237995;3836633
FR;0;2021-04-13;304855;144998;11542850;3981631
FR;0;2021-04-14;289236;139445;11832086;4121076
FR;0;2021-04-15;331392;147886;12163478;4268962
FR;0;2021-04-16;334465;145795;12497943;4414757
FR;0;2021-04-17;185953;90278;12683896;4505035
FR;0;2021-04-18;50407;35432;12734303;4540467
FR;0;2021-04-19;202386;138428;12936689;4678895
FR;0;2021-04-20;250252;170790;13186941;4849685
FR;0;2021-04-21;248838;168873;13435779;5018558
FR;0;2021-04-22;282578;188302;13718357;5206860
FR;0;2021-04-23;290216;183307;14008573;5390167
FR;0;2021-04-24;187926;111605;14196499;5501772
FR;0;2021-04-25;68365;38887;14264864;5540659
FR;0;2021-04-26;216544;156140;14481408;5696799
FR;0;2021-04-27;280051;187562;14761459;5884361
FR;0;2021-04-28;294215;183253;15055674;6067614
FR;0;2021-04-29;351568;196193;15407242;6263807
FR;0;2021-04-30;366521;184897;15773763;6448704
FR;0;2021-05-01;163159;52554;15936922;6501258
FR;0;2021-05-02;89825;37847;16026747;6539105
FR;0;2021-05-03;282315;169755;16309062;6708860
FR;0;2021-05-04;308768;224394;16617830;6933254
FR;0;2021-05-05;318467;224597;16936297;7157851
FR;0;2021-05-06;371773;239281;17308070;7397132
FR;0;2021-05-07;365938;257422;17674008;7654554
FR;0;2021-05-08;208947;66946;17882955;7721500
FR;0;2021-05-09;127459;46785;18010414;7768285
FR;0;2021-05-10;303464;229088;18313878;7997373
FR;0;2021-05-11;395677;258282;18709555;8255655
FR;0;2021-05-12;421360;233332;19130915;8488987
FR;0;2021-05-13;331034;56935;19461949;8545922
FR;0;2021-05-14;442620;167644;19904569;8713566
FR;0;2021-05-15;365421;94070;20269990;8807636
FR;0;2021-05-16;199305;20844;20469295;8828480
FR;0;2021-05-17;367715;149255;20837010;8977735
FR;0;2021-05-18;445311;153314;21282321;9131049
FR;0;2021-05-19;455508;145514;21737829;9276563
FR;0;2021-05-20;494302;160541;22232131;9437104
FR;0;2021-05-21;476246;174761;22708377;9611865
FR;0;2021-05-22;340888;80025;23049265;9691890
FR;0;2021-05-23;158422;14491;23207687;9706381
FR;0;2021-05-24;256635;33336;23464322;9739717
FR;0;2021-05-25;390253;189518;23854575;9929235
FR;0;2021-05-26;396834;188364;24251409;10117599
FR;0;2021-05-27;437951;218969;24689360;10336568
FR;0;2021-05-28;417773;259883;25107133;10596451
FR;0;2021-05-29;293531;149568;25400664;10746019
FR;0;2021-05-30;104344;32671;25505008;10778690
FR;0;2021-05-31;349513;203731;25854521;10982421
FR;0;2021-06-01;410617;251900;26265138;11234321
FR;0;2021-06-02;396706;231192;26661844;11465513
FR;0;2021-06-03;447470;258937;27109314;11724450
FR;0;2021-06-04;436953;305094;27546267;12029544
FR;0;2021-06-05;295271;189208;27841538;12218752
FR;0;2021-06-06;127821;49178;27969359;12267930
