fra;vaccin;jour;n_dose1;n_dose2;n_cum_dose1;n_cum_dose2
FR;1;2020-12-27;22;0;22;0
FR;1;2020-12-28;78;0;100;0
FR;1;2020-12-29;108;0;208;0
FR;1;2020-12-30;126;0;334;0
FR;1;2020-12-31;89;0;423;0
FR;1;2021-01-01;76;0;499;0
FR;1;2021-01-02;94;0;593;0
FR;1;2021-01-03;99;0;692;0
FR;1;2021-01-04;1484;0;2176;0
FR;1;2021-01-05;5446;0;7622;0
FR;1;2021-01-06;11344;0;18966;0
FR;1;2021-01-07;28715;0;47681;0
FR;1;2021-01-08;36391;0;84072;0
FR;1;2021-01-09;10970;0;95042;0
FR;1;2021-01-10;5658;0;100700;0
FR;1;2021-01-11;39206;0;139906;0
FR;1;2021-01-12;61128;0;201034;0
FR;1;2021-01-13;64079;0;265113;0
FR;1;2021-01-14;80023;0;345136;0
FR;1;2021-01-15;67515;0;412651;0
FR;1;2021-01-16;19574;78;432225;78
FR;1;2021-01-17;10484;42;442709;120
FR;1;2021-01-18;81705;162;524414;282
FR;1;2021-01-19;124234;125;648648;407
FR;1;2021-01-20;130707;157;779355;564
FR;1;2021-01-21;150720;135;930075;699
FR;1;2021-01-22;114241;161;1044316;860
FR;1;2021-01-23;36175;50;1080491;910
FR;1;2021-01-24;9288;27;1089779;937
FR;1;2021-01-25;73443;1219;1163222;2156
FR;1;2021-01-26;95260;3110;1258482;5266
FR;1;2021-01-27;102415;5595;1360897;10861
FR;1;2021-01-28;119150;14360;1480047;25221
FR;1;2021-01-29;87997;17282;1568044;42503
FR;1;2021-01-30;27652;4225;1595696;46728
FR;1;2021-01-31;4887;1679;1600583;48407
FR;1;2021-02-01;48448;21124;1649031;69531
FR;1;2021-02-02;66520;34560;1715551;104091
FR;1;2021-02-03;66099;36959;1781650;141050
FR;1;2021-02-04;76020;50045;1857670;191095
FR;1;2021-02-05;62663;45332;1920333;236427
FR;1;2021-02-06;19108;10398;1939441;246825
FR;1;2021-02-07;3440;5042;1942881;251867
FR;1;2021-02-08;35920;45971;1978801;297838
FR;1;2021-02-09;50022;72395;2028823;370233
FR;1;2021-02-10;51025;76681;2079848;446914
FR;1;2021-02-11;62424;99079;2142272;545993
FR;1;2021-02-12;55056;73981;2197328;619974
FR;1;2021-02-13;15198;19270;2212526;639244
FR;1;2021-02-14;3438;7191;2215964;646435
FR;1;2021-02-15;23671;73445;2239635;719880
FR;1;2021-02-16;32194;96861;2271829;816741
FR;1;2021-02-17;34497;98590;2306326;915331
FR;1;2021-02-18;48376;113444;2354702;1028775
FR;1;2021-02-19;44648;86433;2399350;1115208
FR;1;2021-02-20;13081;26920;2412431;1142128
FR;1;2021-02-21;2127;6286;2414558;1148414
FR;1;2021-02-22;24146;69426;2438704;1217840
FR;1;2021-02-23;36793;80370;2475497;1298210
FR;1;2021-02-24;39556;77656;2515053;1375866
FR;1;2021-02-25;49198;87971;2564251;1463837
FR;1;2021-02-26;46316;67889;2610567;1531726
FR;1;2021-02-27;15258;20932;2625825;1552658
FR;1;2021-02-28;3240;4386;2629065;1557044
FR;1;2021-03-01;38879;49018;2667944;1606062
FR;1;2021-03-02;54843;61513;2722787;1667575
FR;1;2021-03-03;59774;60654;2782561;1728229
FR;1;2021-03-04;71496;64899;2854057;1793128
FR;1;2021-03-05;73406;59263;2927463;1852391
FR;1;2021-03-06;81561;16090;3009024;1868481
FR;1;2021-03-07;63040;5415;3072064;1873896
FR;1;2021-03-08;59001;42469;3131065;1916365
FR;1;2021-03-09;84677;48320;3215742;1964685
FR;1;2021-03-10;89323;48072;3305065;2012757
FR;1;2021-03-11;103503;53857;3408568;2066614
FR;1;2021-03-12;102506;45291;3511074;2111905
FR;1;2021-03-13;87971;12745;3599045;2124650
FR;1;2021-03-14;43768;3031;3642813;2127681
FR;1;2021-03-15;94121;29128;3736934;2156809
FR;1;2021-03-16;122214;34895;3859148;2191704
FR;1;2021-03-17;127865;34835;3987013;2226539
FR;1;2021-03-18;141338;39716;4128351;2266255
FR;1;2021-03-19;134661;32907;4263012;2299162
FR;1;2021-03-20;75127;10209;4338139;2309371
FR;1;2021-03-21;25806;2476;4363945;2311847
FR;1;2021-03-22;113204;31180;4477149;2343027
FR;1;2021-03-23;141353;38178;4618502;2381205
FR;1;2021-03-24;140281;38777;4758783;2419982
FR;1;2021-03-25;163266;39628;4922049;2459610
FR;1;2021-03-26;164947;37498;5086996;2497108
FR;1;2021-03-27;110045;15255;5197041;2512363
FR;1;2021-03-28;41765;3621;5238806;2515984
FR;1;2021-03-29;128616;49961;5367422;2565945
FR;1;2021-03-30;166041;63598;5533463;2629543
FR;1;2021-03-31;169291;66907;5702754;2696450
FR;1;2021-04-01;191817;79267;5894571;2775717
FR;1;2021-04-02;162785;84322;6057356;2860039
FR;1;2021-04-03;87275;58176;6144631;2918215
FR;1;2021-04-04;32379;17733;6177010;2935948
FR;1;2021-04-05;42486;10176;6219496;2946124
FR;1;2021-04-06;158078;100892;6377574;3047016
FR;1;2021-04-07;194628;108263;6572202;3155279
FR;1;2021-04-08;219286;112390;6791488;3267669
FR;1;2021-04-09;212126;107513;7003614;3375182
FR;1;2021-04-10;116058;73458;7119672;3448640
FR;1;2021-04-11;40077;30286;7159749;3478926
FR;1;2021-04-12;166749;103788;7326498;3582714
FR;1;2021-04-13;201555;128254;7528053;3710968
FR;1;2021-04-14;205879;122813;7733932;3833781
FR;1;2021-04-15;218644;126761;7952576;3960542
FR;1;2021-04-16;204188;125147;8156764;4085689
FR;1;2021-04-17;121071;67485;8277835;4153174
FR;1;2021-04-18;35270;20993;8313105;4174167
FR;1;2021-04-19;162086;121925;8475191;4296092
FR;1;2021-04-20;187414;148780;8662605;4444872
FR;1;2021-04-21;191919;146718;8854524;4591590
FR;1;2021-04-22;206756;162653;9061280;4754243
FR;1;2021-04-23;197110;156934;9258390;4911177
FR;1;2021-04-24;125139;95511;9383529;5006688
FR;1;2021-04-25;52931;30137;9436460;5036825
FR;1;2021-04-26;179493;138283;9615953;5175108
FR;1;2021-04-27;219312;161996;9835265;5337104
FR;1;2021-04-28;236365;155121;10071630;5492225
FR;1;2021-04-29;267901;160076;10339531;5652301
FR;1;2021-04-30;269640;148160;10609171;5800461
FR;1;2021-05-01;138565;40712;10747736;5841173
FR;1;2021-05-02;80573;28155;10828309;5869328
FR;1;2021-05-03;247635;146479;11075944;6015807
FR;1;2021-05-04;262903;186848;11338847;6202655
FR;1;2021-05-05;279805;184580;11618652;6387235
FR;1;2021-05-06;306301;183046;11924953;6570281
FR;1;2021-05-07;281391;195742;12206344;6766023
FR;1;2021-05-08;189767;48343;12396111;6814366
FR;1;2021-05-09;113236;36220;12509347;6850586
FR;1;2021-05-10;253787;194278;12763134;7044864
FR;1;2021-05-11;315598;211411;13078732;7256275
FR;1;2021-05-12;352396;185918;13431128;7442193
FR;1;2021-05-13;280035;47655;13711163;7489848
FR;1;2021-05-14;366666;128908;14077829;7618756
FR;1;2021-05-15;294470;66154;14372299;7684910
FR;1;2021-05-16;156408;15582;14528707;7700492
FR;1;2021-05-17;315986;116703;14844693;7817195
FR;1;2021-05-18;378767;111349;15223460;7928544
FR;1;2021-05-19;391503;102926;15614963;8031470
FR;1;2021-05-20;416801;96330;16031764;8127800
FR;1;2021-05-21;395699;97397;16427463;8225197
FR;1;2021-05-22;273691;42106;16701154;8267303
FR;1;2021-05-23;122073;11215;16823227;8278518
FR;1;2021-05-24;241704;26323;17064931;8304841
FR;1;2021-05-25;362320;131959;17427251;8436800
FR;1;2021-05-26;376717;125720;17803968;8562520
FR;1;2021-05-27;402503;128241;18206471;8690761
FR;1;2021-05-28;362738;145568;18569209;8836329
FR;1;2021-05-29;252309;80989;18821518;8917318
FR;1;2021-05-30;99973;22576;18921491;8939894
FR;1;2021-05-31;311648;148835;19233139;9088729
FR;1;2021-06-01;349375;166860;19582514;9255589
FR;1;2021-06-02;352081;153379;19934595;9408968
FR;1;2021-06-03;380604;147839;20315199;9556807
FR;1;2021-06-04;353394;175759;20668593;9732566
FR;1;2021-06-05;254224;112839;20922817;9845405
FR;1;2021-06-06;123926;37560;21046743;9882965
FR;1;2021-06-07;292638;208320;21339381;10091285
FR;1;2021-06-08;322032;221213;21661413;10312498
FR;1;2021-06-09;327898;212783;21989311;10525281
FR;1;2021-06-10;330794;202459;22320105;10727740
FR;1;2021-06-11;303844;235639;22623949;10963379
FR;1;2021-06-12;239314;150954;22863263;11114333
FR;1;2021-06-13;97799;61117;22961062;11175450
FR;1;2021-06-14;199793;289294;23160855;11464744
FR;1;2021-06-15;246175;282708;23407030;11747452
FR;1;2021-06-16;265375;270701;23672405;12018153
FR;1;2021-06-17;260436;244641;23932841;12262794
FR;1;2021-06-18;250341;296273;24183182;12559067
FR;1;2021-06-19;189193;209784;24372375;12768851
FR;1;2021-06-20;67521;89232;24439896;12858083
FR;1;2021-06-21;164926;320290;24604822;13178373
FR;1;2021-06-22;178401;347948;24783223;13526321
FR;1;2021-06-23;196319;339700;24979542;13866021
FR;1;2021-06-24;194391;282045;25173933;14148066
FR;1;2021-06-25;175111;372217;25349044;14520283
FR;1;2021-06-26;128082;278606;25477126;14798889
FR;1;2021-06-27;50936;123096;25528062;14921985
FR;1;2021-06-28;130325;368665;25658387;15290650
FR;1;2021-06-29;148364;389794;25806751;15680444
FR;1;2021-06-30;171855;378521;25978606;16058965
FR;1;2021-07-01;179978;332480;26158584;16391445
FR;1;2021-07-02;174208;368091;26332792;16759536
FR;1;2021-07-03;120377;280788;26453169;17040324
FR;1;2021-07-04;52062;113827;26505231;17154151
FR;1;2021-07-05;142485;356476;26647716;17510627
FR;1;2021-07-06;164330;382983;26812046;17893610
FR;1;2021-07-07;178978;363068;26991024;18256678
FR;1;2021-07-08;193027;323409;27184051;18580087
FR;1;2021-07-09;178187;387024;27362238;18967111
FR;1;2021-07-10;125233;281222;27487471;19248333
FR;1;2021-07-11;56082;102567;27543553;19350900
FR;1;2021-07-12;139034;417349;27682587;19768249
FR;2;2020-12-27;0;0;0;0
FR;2;2020-12-28;0;0;0;0
FR;2;2020-12-29;0;0;0;0
FR;2;2020-12-30;0;0;0;0
FR;2;2020-12-31;0;0;0;0
FR;2;2021-01-01;0;0;0;0
FR;2;2021-01-02;0;0;0;0
FR;2;2021-01-03;0;0;0;0
FR;2;2021-01-04;0;0;0;0
FR;2;2021-01-05;0;0;0;0
FR;2;2021-01-06;0;0;0;0
FR;2;2021-01-07;0;0;0;0
FR;2;2021-01-08;0;0;0;0
FR;2;2021-01-09;0;0;0;0
FR;2;2021-01-10;0;0;0;0
FR;2;2021-01-11;0;0;0;0
FR;2;2021-01-12;0;0;0;0
FR;2;2021-01-13;0;0;0;0
FR;2;2021-01-14;156;0;156;0
FR;2;2021-01-15;218;0;374;0
FR;2;2021-01-16;185;0;559;0
FR;2;2021-01-17;4;0;563;0
FR;2;2021-01-18;2917;0;3480;0
FR;2;2021-01-19;4527;0;8007;0
FR;2;2021-01-20;4924;0;12931;0
FR;2;2021-01-21;5131;0;18062;0
FR;2;2021-01-22;4885;0;22947;0
FR;2;2021-01-23;1737;0;24684;0
FR;2;2021-01-24;102;0;24786;0
FR;2;2021-01-25;3644;0;28430;0
FR;2;2021-01-26;3756;0;32186;0
FR;2;2021-01-27;3446;0;35632;0
FR;2;2021-01-28;3519;0;39151;0
FR;2;2021-01-29;3084;0;42235;0
FR;2;2021-01-30;1064;0;43299;0
FR;2;2021-01-31;0;0;43299;0
FR;2;2021-02-01;3265;0;46564;0
FR;2;2021-02-02;4311;0;50875;0
FR;2;2021-02-03;5034;0;55909;0
FR;2;2021-02-04;4735;3;60644;3
FR;2;2021-02-05;4623;6;65267;9
FR;2;2021-02-06;1932;3;67199;12
FR;2;2021-02-07;42;0;67241;12
FR;2;2021-02-08;7429;8;74670;20
FR;2;2021-02-09;8265;15;82935;35
FR;2;2021-02-10;9146;49;92081;84
FR;2;2021-02-11;10063;67;102144;151
FR;2;2021-02-12;9820;238;111964;389
FR;2;2021-02-13;3022;222;114986;611
FR;2;2021-02-14;296;0;115282;611
FR;2;2021-02-15;3360;3067;118642;3678
FR;2;2021-02-16;4934;3881;123576;7559
FR;2;2021-02-17;4111;4402;127687;11961
FR;2;2021-02-18;5245;5089;132932;17050
FR;2;2021-02-19;5220;4323;138152;21373
FR;2;2021-02-20;1766;1509;139918;22882
FR;2;2021-02-21;199;86;140117;22968
FR;2;2021-02-22;3540;3722;143657;26690
FR;2;2021-02-23;4838;3693;148495;30383
FR;2;2021-02-24;4797;3467;153292;33850
FR;2;2021-02-25;5299;3426;158591;37276
FR;2;2021-02-26;4197;3125;162788;40401
FR;2;2021-02-27;1505;1042;164293;41443
FR;2;2021-02-28;101;28;164394;41471
FR;2;2021-03-01;4967;3764;169361;45235
FR;2;2021-03-02;6313;4727;175674;49962
FR;2;2021-03-03;6250;4882;181924;54844
FR;2;2021-03-04;8081;3966;190005;58810
FR;2;2021-03-05;7775;4060;197780;62870
FR;2;2021-03-06;4624;1683;202404;64553
FR;2;2021-03-07;2285;29;204689;64582
FR;2;2021-03-08;3980;8311;208669;72893
FR;2;2021-03-09;7275;8430;215944;81323
FR;2;2021-03-10;6864;9108;222808;90431
FR;2;2021-03-11;9096;9208;231904;99639
FR;2;2021-03-12;7730;8162;239634;107801
FR;2;2021-03-13;9882;2511;249516;110312
FR;2;2021-03-14;4754;402;254270;110714
FR;2;2021-03-15;10653;3484;264923;114198
FR;2;2021-03-16;16471;4621;281394;118819
FR;2;2021-03-17;19912;3953;301306;122772
FR;2;2021-03-18;22966;4910;324272;127682
FR;2;2021-03-19;22901;4537;347173;132219
FR;2;2021-03-20;25163;1540;372336;133759
FR;2;2021-03-21;17478;147;389814;133906
FR;2;2021-03-22;17416;3079;407230;136985
FR;2;2021-03-23;22293;4184;429523;141169
FR;2;2021-03-24;23565;4987;453088;146156
FR;2;2021-03-25;26296;5020;479384;151176
FR;2;2021-03-26;26600;4262;505984;155438
FR;2;2021-03-27;15644;1308;521628;156746
FR;2;2021-03-28;10399;92;532027;156838
FR;2;2021-03-29;18666;4281;550693;161119
FR;2;2021-03-30;24193;6019;574886;167138
FR;2;2021-03-31;28155;5954;603041;173092
FR;2;2021-04-01;34022;8479;637063;181571
FR;2;2021-04-02;29584;7686;666647;189257
FR;2;2021-04-03;16739;3583;683386;192840
FR;2;2021-04-04;9166;918;692552;193758
FR;2;2021-04-05;12136;810;704688;194568
FR;2;2021-04-06;26786;6927;731474;201495
FR;2;2021-04-07;30602;7157;762076;208652
FR;2;2021-04-08;36517;8819;798593;217471
FR;2;2021-04-09;33409;8597;832002;226068
FR;2;2021-04-10;19466;8970;851468;235038
FR;2;2021-04-11;7818;4271;859286;239309
FR;2;2021-04-12;16817;11254;876103;250563
FR;2;2021-04-13;19138;16426;895241;266989
FR;2;2021-04-14;17682;16280;912923;283269
FR;2;2021-04-15;21871;20757;934794;304026
FR;2;2021-04-16;20410;20078;955204;324104
FR;2;2021-04-17;13062;22462;968266;346566
FR;2;2021-04-18;5793;14403;974059;360969
FR;2;2021-04-19;16496;16254;990555;377223
FR;2;2021-04-20;18996;21589;1009551;398812
FR;2;2021-04-21;19875;21666;1029426;420478
FR;2;2021-04-22;23429;24857;1052855;445335
FR;2;2021-04-23;24232;25350;1077087;470685
FR;2;2021-04-24;25105;15105;1102192;485790
FR;2;2021-04-25;9503;8589;1111695;494379
FR;2;2021-04-26;16926;17199;1128621;511578
FR;2;2021-04-27;19033;24307;1147654;535885
FR;2;2021-04-28;22076;26184;1169730;562069
FR;2;2021-04-29;25215;30133;1194945;592202
FR;2;2021-04-30;25352;27778;1220297;619980
FR;2;2021-05-01;14829;9861;1235126;629841
FR;2;2021-05-02;6535;9184;1241661;639025
FR;2;2021-05-03;19707;19322;1261368;658347
FR;2;2021-05-04;18066;29057;1279434;687404
FR;2;2021-05-05;18025;29410;1297459;716814
FR;2;2021-05-06;23255;35288;1320714;752102
FR;2;2021-05-07;24928;33226;1345642;785328
FR;2;2021-05-08;21062;9701;1366704;795029
FR;2;2021-05-09;13036;7893;1379740;802922
FR;2;2021-05-10;32579;22217;1412319;825139
FR;2;2021-05-11;43209;21073;1455528;846212
FR;2;2021-05-12;49473;19901;1505001;866113
FR;2;2021-05-13;50848;5768;1555849;871881
FR;2;2021-05-14;60911;12954;1616760;884835
FR;2;2021-05-15;65513;7151;1682273;891986
FR;2;2021-05-16;43276;2576;1725549;894562
FR;2;2021-05-17;44341;12587;1769890;907149
FR;2;2021-05-18;54146;12245;1824036;919394
FR;2;2021-05-19;56697;10619;1880733;930013
FR;2;2021-05-20;62877;10876;1943610;940889
FR;2;2021-05-21;63759;11667;2007369;952556
FR;2;2021-05-22;61155;4514;2068524;957070
FR;2;2021-05-23;37212;570;2105736;957640
FR;2;2021-05-24;16936;2028;2122672;959668
FR;2;2021-05-25;20707;12240;2143379;971908
FR;2;2021-05-26;19425;11463;2162804;983371
FR;2;2021-05-27;22575;12665;2185379;996036
FR;2;2021-05-28;28995;14978;2214374;1011014
FR;2;2021-05-29;30158;8183;2244532;1019197
FR;2;2021-05-30;4518;1812;2249050;1021009
FR;2;2021-05-31;28257;18753;2277307;1039762
FR;2;2021-06-01;44847;20074;2322154;1059836
FR;2;2021-06-02;36836;19314;2358990;1079150
FR;2;2021-06-03;50585;23394;2409575;1102544
FR;2;2021-06-04;64798;24101;2474373;1126645
FR;2;2021-06-05;34112;24045;2508485;1150690
FR;2;2021-06-06;4770;6204;2513255;1156894
FR;2;2021-06-07;27687;23105;2540942;1179999
FR;2;2021-06-08;45602;22964;2586544;1202963
FR;2;2021-06-09;33723;20913;2620267;1223876
FR;2;2021-06-10;41694;19159;2661961;1243035
FR;2;2021-06-11;54542;25254;2716503;1268289
FR;2;2021-06-12;30099;19820;2746602;1288109
FR;2;2021-06-13;3140;9190;2749742;1297299
FR;2;2021-06-14;24756;24195;2774498;1321494
FR;2;2021-06-15;38293;22897;2812791;1344391
FR;2;2021-06-16;29594;21538;2842385;1365929
FR;2;2021-06-17;36210;25909;2878595;1391838
FR;2;2021-06-18;46023;28799;2924618;1420637
FR;2;2021-06-19;24126;24922;2948744;1445559
FR;2;2021-06-20;2623;10074;2951367;1455633
FR;2;2021-06-21;16873;42781;2968240;1498414
FR;2;2021-06-22;27754;49631;2995994;1548045
FR;2;2021-06-23;21227;49629;3017221;1597674
FR;2;2021-06-24;27765;50324;3044986;1647998
FR;2;2021-06-25;32722;60445;3077708;1708443
FR;2;2021-06-26;16011;59300;3093719;1767743
FR;2;2021-06-27;2435;29366;3096154;1797109
FR;2;2021-06-28;12219;54392;3108373;1851501
FR;2;2021-06-29;19394;59894;3127767;1911395
FR;2;2021-06-30;15900;57789;3143667;1969184
FR;2;2021-07-01;19354;59926;3163021;2029110
FR;2;2021-07-02;23131;62231;3186152;2091341
FR;2;2021-07-03;11653;57121;3197805;2148462
FR;2;2021-07-04;1833;23336;3199638;2171798
FR;2;2021-07-05;8493;29376;3208131;2201174
FR;2;2021-07-06;13978;36221;3222109;2237395
FR;2;2021-07-07;13606;33699;3235715;2271094
FR;2;2021-07-08;18786;40305;3254501;2311399
FR;2;2021-07-09;25916;54294;3280417;2365693
FR;2;2021-07-10;12671;33690;3293088;2399383
FR;2;2021-07-11;1514;4331;3294602;2403714
FR;2;2021-07-12;11892;37293;3306494;2441007
FR;3;2020-12-27;0;0;0;0
FR;3;2020-12-28;0;0;0;0
FR;3;2020-12-29;0;0;0;0
FR;3;2020-12-30;0;0;0;0
FR;3;2020-12-31;0;0;0;0
FR;3;2021-01-01;0;0;0;0
FR;3;2021-01-02;0;0;0;0
FR;3;2021-01-03;0;0;0;0
FR;3;2021-01-04;0;0;0;0
FR;3;2021-01-05;0;0;0;0
FR;3;2021-01-06;0;0;0;0
FR;3;2021-01-07;0;0;0;0
FR;3;2021-01-08;0;0;0;0
FR;3;2021-01-09;0;0;0;0
FR;3;2021-01-10;0;0;0;0
FR;3;2021-01-11;0;0;0;0
FR;3;2021-01-12;0;0;0;0
FR;3;2021-01-13;0;0;0;0
FR;3;2021-01-14;0;0;0;0
FR;3;2021-01-15;0;0;0;0
FR;3;2021-01-16;0;0;0;0
FR;3;2021-01-17;0;0;0;0
FR;3;2021-01-18;0;0;0;0
FR;3;2021-01-19;0;0;0;0
FR;3;2021-01-20;0;0;0;0
FR;3;2021-01-21;0;0;0;0
FR;3;2021-01-22;0;0;0;0
FR;3;2021-01-23;0;0;0;0
FR;3;2021-01-24;0;0;0;0
FR;3;2021-01-25;0;0;0;0
FR;3;2021-01-26;0;0;0;0
FR;3;2021-01-27;0;0;0;0
FR;3;2021-01-28;0;0;0;0
FR;3;2021-01-29;0;0;0;0
FR;3;2021-01-30;0;0;0;0
FR;3;2021-01-31;0;0;0;0
FR;3;2021-02-01;0;0;0;0
FR;3;2021-02-02;0;0;0;0
FR;3;2021-02-03;0;0;0;0
FR;3;2021-02-04;0;0;0;0
FR;3;2021-02-05;0;0;0;0
FR;3;2021-02-06;357;0;357;0
FR;3;2021-02-07;1349;0;1706;0
FR;3;2021-02-08;2634;0;4340;0
FR;3;2021-02-09;6653;0;10993;0
FR;3;2021-02-10;9269;0;20262;0
FR;3;2021-02-11;13387;0;33649;0
FR;3;2021-02-12;13078;0;46727;0
FR;3;2021-02-13;3526;0;50253;0
FR;3;2021-02-14;870;0;51123;0
FR;3;2021-02-15;10154;0;61277;0
FR;3;2021-02-16;12215;0;73492;0
FR;3;2021-02-17;10849;0;84341;0
FR;3;2021-02-18;14625;0;98966;0
FR;3;2021-02-19;14154;0;113120;0
FR;3;2021-02-20;3189;0;116309;0
FR;3;2021-02-21;549;0;116858;0
FR;3;2021-02-22;8937;0;125795;0
FR;3;2021-02-23;11136;0;136931;0
FR;3;2021-02-24;13956;0;150887;0
FR;3;2021-02-25;44522;0;195409;0
FR;3;2021-02-26;61536;0;256945;0
FR;3;2021-02-27;34550;7;291495;7
FR;3;2021-02-28;2365;0;293860;7
FR;3;2021-03-01;20014;9;313874;16
FR;3;2021-03-02;38457;13;352331;29
FR;3;2021-03-03;48091;16;400422;45
FR;3;2021-03-04;81513;19;481935;64
FR;3;2021-03-05;117377;42;599312;106
FR;3;2021-03-06;119785;48;719097;154
FR;3;2021-03-07;54798;27;773895;181
FR;3;2021-03-08;42306;20;816201;201
FR;3;2021-03-09;78310;30;894511;231
FR;3;2021-03-10;80134;36;974645;267
FR;3;2021-03-11;127650;46;1102295;313
FR;3;2021-03-12;181817;67;1284112;380
FR;3;2021-03-13;131452;53;1415564;433
FR;3;2021-03-14;13846;4;1429410;437
FR;3;2021-03-15;51681;37;1481091;474
FR;3;2021-03-16;955;13;1482046;487
FR;3;2021-03-17;701;6;1482747;493
FR;3;2021-03-18;1258;4;1484005;497
FR;3;2021-03-19;69933;36;1553938;533
FR;3;2021-03-20;64797;35;1618735;568
FR;3;2021-03-21;5546;4;1624281;572
FR;3;2021-03-22;37061;32;1661342;604
FR;3;2021-03-23;84022;49;1745364;653
FR;3;2021-03-24;90367;91;1835731;744
FR;3;2021-03-25;149425;114;1985156;858
FR;3;2021-03-26;164772;154;2149928;1012
FR;3;2021-03-27;68024;88;2217952;1100
FR;3;2021-03-28;6285;19;2224237;1119
FR;3;2021-03-29;53756;59;2277993;1178
FR;3;2021-03-30;92692;87;2370685;1265
FR;3;2021-03-31;63034;82;2433719;1347
FR;3;2021-04-01;85535;102;2519254;1449
FR;3;2021-04-02;86469;143;2605723;1592
FR;3;2021-04-03;35562;109;2641285;1701
FR;3;2021-04-04;3438;15;2644723;1716
FR;3;2021-04-05;4317;21;2649040;1737
FR;3;2021-04-06;29316;74;2678356;1811
FR;3;2021-04-07;31872;59;2710228;1870
FR;3;2021-04-08;78293;233;2788521;2103
FR;3;2021-04-09;161168;405;2949689;2508
FR;3;2021-04-10;75293;329;3024982;2837
FR;3;2021-04-11;7127;42;3032109;2879
FR;3;2021-04-12;50995;195;3083104;3074
FR;3;2021-04-13;85698;312;3168802;3386
FR;3;2021-04-14;67238;339;3236040;3725
FR;3;2021-04-15;92455;364;3328495;4089
FR;3;2021-04-16;111940;567;3440435;4656
FR;3;2021-04-17;52882;320;3493317;4976
FR;3;2021-04-18;9541;32;3502858;5008
FR;3;2021-04-19;24692;229;3527550;5237
FR;3;2021-04-20;45108;391;3572658;5628
FR;3;2021-04-21;38376;445;3611034;6073
FR;3;2021-04-22;54129;785;3665163;6858
FR;3;2021-04-23;69896;1014;3735059;7872
FR;3;2021-04-24;36806;970;3771865;8842
FR;3;2021-04-25;5970;153;3777835;8995
FR;3;2021-04-26;19278;655;3797113;9650
FR;3;2021-04-27;33907;1243;3831020;10893
FR;3;2021-04-28;28452;1926;3859472;12819
FR;3;2021-04-29;44778;5953;3904250;18772
FR;3;2021-04-30;54852;8929;3959102;27701
FR;3;2021-05-01;9230;1967;3968332;29668
FR;3;2021-05-02;2833;498;3971165;30166
FR;3;2021-05-03;12607;3881;3983772;34047
FR;3;2021-05-04;22575;8442;4006347;42489
FR;3;2021-05-05;18162;10571;4024509;53060
FR;3;2021-05-06;34007;20905;4058516;73965
FR;3;2021-05-07;43540;28401;4102056;102366
FR;3;2021-05-08;6416;8890;4108472;111256
FR;3;2021-05-09;1610;2653;4110082;113909
FR;3;2021-05-10;14497;12561;4124579;126470
FR;3;2021-05-11;26491;25729;4151070;152199
FR;3;2021-05-12;16778;27450;4167848;179649
FR;3;2021-05-13;2037;3485;4169885;183134
FR;3;2021-05-14;14120;25739;4184005;208873
FR;3;2021-05-15;6935;20731;4190940;229604
FR;3;2021-05-16;841;2678;4191781;232282
FR;3;2021-05-17;7552;19911;4199333;252193
FR;3;2021-05-18;12953;29632;4212286;281825
FR;3;2021-05-19;8852;31860;4221138;313685
FR;3;2021-05-20;12340;53218;4233478;366903
FR;3;2021-05-21;12301;65534;4245779;432437
FR;3;2021-05-22;4682;33297;4250461;465734
FR;3;2021-05-23;534;2665;4250995;468399
FR;3;2021-05-24;594;4918;4251589;473317
FR;3;2021-05-25;4960;45172;4256549;518489
FR;3;2021-05-26;4599;51054;4261148;569543
FR;3;2021-05-27;5957;77842;4267105;647385
FR;3;2021-05-28;7177;99106;4274282;746491
FR;3;2021-05-29;3087;60285;4277369;806776
FR;3;2021-05-30;383;8243;4277752;815019
FR;3;2021-05-31;2087;35995;4279839;851014
FR;3;2021-06-01;2984;64816;4282823;915830
FR;3;2021-06-02;2381;58357;4285204;974187
FR;3;2021-06-03;3188;87583;4288392;1061770
FR;3;2021-06-04;3858;105128;4292250;1166898
FR;3;2021-06-05;1786;52246;4294036;1219144
FR;3;2021-06-06;261;5399;4294297;1224543
FR;3;2021-06-07;1101;31182;4295398;1255725
FR;3;2021-06-08;1728;47283;4297126;1303008
FR;3;2021-06-09;1442;42397;4298568;1345405
FR;3;2021-06-10;1857;68006;4300425;1413411
FR;3;2021-06-11;2238;96806;4302663;1510217
FR;3;2021-06-12;1006;40839;4303669;1551056
FR;3;2021-06-13;141;3823;4303810;1554879
FR;3;2021-06-14;763;42669;4304573;1597548
FR;3;2021-06-15;1171;80698;4305744;1678246
FR;3;2021-06-16;1041;65787;4306785;1744033
FR;3;2021-06-17;1447;101860;4308232;1845893
FR;3;2021-06-18;1726;117930;4309958;1963823
FR;3;2021-06-19;706;39407;4310664;2003230
FR;3;2021-06-20;76;3384;4310740;2006614
FR;3;2021-06-21;558;39289;4311298;2045903
FR;3;2021-06-22;897;70022;4312195;2115925
FR;3;2021-06-23;775;50853;4312970;2166778
FR;3;2021-06-24;1146;77224;4314116;2244002
FR;3;2021-06-25;1265;89978;4315381;2333980
FR;3;2021-06-26;544;33139;4315925;2367119
FR;3;2021-06-27;91;4029;4316016;2371148
FR;3;2021-06-28;467;30463;4316483;2401611
FR;3;2021-06-29;731;56151;4317214;2457762
FR;3;2021-06-30;736;45069;4317950;2502831
FR;3;2021-07-01;992;65669;4318942;2568500
FR;3;2021-07-02;1179;90454;4320121;2658954
FR;3;2021-07-03;548;31195;4320669;2690149
FR;3;2021-07-04;79;4275;4320748;2694424
FR;3;2021-07-05;482;33935;4321230;2728359
FR;3;2021-07-06;789;56136;4322019;2784495
FR;3;2021-07-07;722;43093;4322741;2827588
FR;3;2021-07-08;1005;60769;4323746;2888357
FR;3;2021-07-09;1126;68843;4324872;2957200
FR;3;2021-07-10;532;25056;4325404;2982256
FR;3;2021-07-11;62;3312;4325466;2985568
FR;3;2021-07-12;494;23934;4325960;3009502
FR;4;2020-12-27;0;0;0;0
FR;4;2020-12-28;0;0;0;0
FR;4;2020-12-29;0;0;0;0
FR;4;2020-12-30;0;0;0;0
FR;4;2020-12-31;0;0;0;0
FR;4;2021-01-01;0;0;0;0
FR;4;2021-01-02;0;0;0;0
FR;4;2021-01-03;0;0;0;0
FR;4;2021-01-04;0;0;0;0
FR;4;2021-01-05;0;0;0;0
FR;4;2021-01-06;0;0;0;0
FR;4;2021-01-07;0;0;0;0
FR;4;2021-01-08;0;0;0;0
FR;4;2021-01-09;0;0;0;0
FR;4;2021-01-10;0;0;0;0
FR;4;2021-01-11;0;0;0;0
FR;4;2021-01-12;0;0;0;0
FR;4;2021-01-13;0;0;0;0
FR;4;2021-01-14;0;0;0;0
FR;4;2021-01-15;0;0;0;0
FR;4;2021-01-16;0;0;0;0
FR;4;2021-01-17;0;0;0;0
FR;4;2021-01-18;0;0;0;0
FR;4;2021-01-19;0;0;0;0
FR;4;2021-01-20;0;0;0;0
FR;4;2021-01-21;0;0;0;0
FR;4;2021-01-22;0;0;0;0
FR;4;2021-01-23;0;0;0;0
FR;4;2021-01-24;0;0;0;0
FR;4;2021-01-25;0;0;0;0
FR;4;2021-01-26;0;0;0;0
FR;4;2021-01-27;0;0;0;0
FR;4;2021-01-28;0;0;0;0
FR;4;2021-01-29;0;0;0;0
FR;4;2021-01-30;0;0;0;0
FR;4;2021-01-31;0;0;0;0
FR;4;2021-02-01;0;0;0;0
FR;4;2021-02-02;0;0;0;0
FR;4;2021-02-03;0;0;0;0
FR;4;2021-02-04;0;0;0;0
FR;4;2021-02-05;0;0;0;0
FR;4;2021-02-06;0;0;0;0
FR;4;2021-02-07;0;0;0;0
FR;4;2021-02-08;0;0;0;0
FR;4;2021-02-09;0;0;0;0
FR;4;2021-02-10;0;0;0;0
FR;4;2021-02-11;0;0;0;0
FR;4;2021-02-12;0;0;0;0
FR;4;2021-02-13;0;0;0;0
FR;4;2021-02-14;0;0;0;0
FR;4;2021-02-15;0;0;0;0
FR;4;2021-02-16;0;0;0;0
FR;4;2021-02-17;0;0;0;0
FR;4;2021-02-18;0;0;0;0
FR;4;2021-02-19;0;0;0;0
FR;4;2021-02-20;0;0;0;0
FR;4;2021-02-21;0;0;0;0
FR;4;2021-02-22;0;0;0;0
FR;4;2021-02-23;0;0;0;0
FR;4;2021-02-24;0;0;0;0
FR;4;2021-02-25;0;0;0;0
FR;4;2021-02-26;0;0;0;0
FR;4;2021-02-27;0;0;0;0
FR;4;2021-02-28;0;0;0;0
FR;4;2021-03-01;0;0;0;0
FR;4;2021-03-02;0;0;0;0
FR;4;2021-03-03;0;0;0;0
FR;4;2021-03-04;0;0;0;0
FR;4;2021-03-05;0;0;0;0
FR;4;2021-03-06;0;0;0;0
FR;4;2021-03-07;0;0;0;0
FR;4;2021-03-08;0;0;0;0
FR;4;2021-03-09;0;0;0;0
FR;4;2021-03-10;0;0;0;0
FR;4;2021-03-11;0;0;0;0
FR;4;2021-03-12;0;0;0;0
FR;4;2021-03-13;0;0;0;0
FR;4;2021-03-14;0;0;0;0
FR;4;2021-03-15;0;0;0;0
FR;4;2021-03-16;0;0;0;0
FR;4;2021-03-17;0;0;0;0
FR;4;2021-03-18;0;0;0;0
FR;4;2021-03-19;0;0;0;0
FR;4;2021-03-20;0;0;0;0
FR;4;2021-03-21;0;0;0;0
FR;4;2021-03-22;0;0;0;0
FR;4;2021-03-23;0;0;0;0
FR;4;2021-03-24;0;0;0;0
FR;4;2021-03-25;0;0;0;0
FR;4;2021-03-26;0;0;0;0
FR;4;2021-03-27;0;0;0;0
FR;4;2021-03-28;0;0;0;0
FR;4;2021-03-29;0;0;0;0
FR;4;2021-03-30;0;0;0;0
FR;4;2021-03-31;0;0;0;0
FR;4;2021-04-01;0;0;0;0
FR;4;2021-04-02;0;0;0;0
FR;4;2021-04-03;0;0;0;0
FR;4;2021-04-04;0;0;0;0
FR;4;2021-04-05;0;0;0;0
FR;4;2021-04-06;0;0;0;0
FR;4;2021-04-07;0;0;0;0
FR;4;2021-04-08;0;0;0;0
FR;4;2021-04-09;0;2;0;2
FR;4;2021-04-10;0;0;0;2
FR;4;2021-04-11;0;0;0;2
FR;4;2021-04-12;0;1;0;3
FR;4;2021-04-13;0;0;0;3
FR;4;2021-04-14;0;0;0;3
FR;4;2021-04-15;0;0;0;3
FR;4;2021-04-16;0;0;0;3
FR;4;2021-04-17;0;0;0;3
FR;4;2021-04-18;0;0;0;3
FR;4;2021-04-19;0;0;0;3
FR;4;2021-04-20;0;0;0;3
FR;4;2021-04-21;0;0;0;3
FR;4;2021-04-22;0;0;0;3
FR;4;2021-04-23;896;0;896;3
FR;4;2021-04-24;1553;0;2449;3
FR;4;2021-04-25;117;0;2566;3
FR;4;2021-04-26;2835;0;5401;3
FR;4;2021-04-27;9403;4;14804;7
FR;4;2021-04-28;9794;3;24598;10
FR;4;2021-04-29;15898;7;40496;17
FR;4;2021-04-30;19099;7;59595;24
FR;4;2021-05-01;1907;5;61502;29
FR;4;2021-05-02;443;0;61945;29
FR;4;2021-05-03;4938;1;66883;30
FR;4;2021-05-04;8267;8;75150;38
FR;4;2021-05-05;6015;6;81165;44
FR;4;2021-05-06;11265;11;92430;55
FR;4;2021-05-07;18925;8;111355;63
FR;4;2021-05-08;2264;6;113619;69
FR;4;2021-05-09;629;2;114248;71
FR;4;2021-05-10;7099;8;121347;79
FR;4;2021-05-11;14143;12;135490;91
FR;4;2021-05-12;9976;14;145466;105
FR;4;2021-05-13;1449;3;146915;108
FR;4;2021-05-14;7602;8;154517;116
FR;4;2021-05-15;3599;9;158116;125
FR;4;2021-05-16;362;1;158478;126
FR;4;2021-05-17;4352;2;162830;128
FR;4;2021-05-18;8603;10;171433;138
FR;4;2021-05-19;5533;5;176966;143
FR;4;2021-05-20;9251;6;186217;149
FR;4;2021-05-21;12540;27;198757;176
FR;4;2021-05-22;4937;12;203694;188
FR;4;2021-05-23;429;2;204123;190
FR;4;2021-05-24;949;3;205072;193
FR;4;2021-05-25;7416;16;212488;209
FR;4;2021-05-26;7567;13;220055;222
FR;4;2021-05-27;14136;34;234191;256
FR;4;2021-05-28;26299;77;260490;333
FR;4;2021-05-29;11177;20;271667;353
FR;4;2021-05-30;859;2;272526;355
FR;4;2021-05-31;12453;19;284979;374
FR;4;2021-06-01;19889;40;304868;414
FR;4;2021-06-02;14246;33;319114;447
FR;4;2021-06-03;19180;23;338294;470
FR;4;2021-06-04;22168;45;360462;515
FR;4;2021-06-05;9535;28;369997;543
FR;4;2021-06-06;921;0;370918;543
FR;4;2021-06-07;8950;16;379868;559
FR;4;2021-06-08;14345;25;394213;584
FR;4;2021-06-09;11933;24;406146;608
FR;4;2021-06-10;15080;24;421226;632
FR;4;2021-06-11;16670;51;437896;683
FR;4;2021-06-12;7256;26;445152;709
FR;4;2021-06-13;840;4;445992;713
FR;4;2021-06-14;6439;22;452431;735
FR;4;2021-06-15;10643;31;463074;766
FR;4;2021-06-16;8669;13;471743;779
FR;4;2021-06-17;10609;26;482352;805
FR;4;2021-06-18;12113;38;494465;843
FR;4;2021-06-19;5394;24;499859;867
FR;4;2021-06-20;594;2;500453;869
FR;4;2021-06-21;4823;9;505276;878
FR;4;2021-06-22;7646;18;512922;896
FR;4;2021-06-23;6843;33;519765;929
FR;4;2021-06-24;8386;31;528151;960
FR;4;2021-06-25;9813;36;537964;996
FR;4;2021-06-26;4569;19;542533;1015
FR;4;2021-06-27;574;2;543107;1017
FR;4;2021-06-28;4485;13;547592;1030
FR;4;2021-06-29;6660;15;554252;1045
FR;4;2021-06-30;6272;35;560524;1080
FR;4;2021-07-01;7600;21;568124;1101
FR;4;2021-07-02;8960;44;577084;1145
FR;4;2021-07-03;4540;17;581624;1162
FR;4;2021-07-04;548;5;582172;1167
FR;4;2021-07-05;4452;18;586624;1185
FR;4;2021-07-06;7330;20;593954;1205
FR;4;2021-07-07;6614;27;600568;1232
FR;4;2021-07-08;8755;36;609323;1268
FR;4;2021-07-09;9786;29;619109;1297
FR;4;2021-07-10;4259;10;623368;1307
FR;4;2021-07-11;463;0;623831;1307
FR;4;2021-07-12;5322;25;629153;1332
FR;0;2020-12-27;22;0;22;0
FR;0;2020-12-28;78;0;100;0
FR;0;2020-12-29;108;0;208;0
FR;0;2020-12-30;126;0;334;0
FR;0;2020-12-31;89;0;423;0
FR;0;2021-01-01;76;0;499;0
FR;0;2021-01-02;94;0;593;0
FR;0;2021-01-03;99;0;692;0
FR;0;2021-01-04;1484;0;2176;0
FR;0;2021-01-05;5446;0;7622;0
FR;0;2021-01-06;11344;0;18966;0
FR;0;2021-01-07;28715;0;47681;0
FR;0;2021-01-08;36391;0;84072;0
FR;0;2021-01-09;10970;0;95042;0
FR;0;2021-01-10;5658;0;100700;0
FR;0;2021-01-11;39206;0;139906;0
FR;0;2021-01-12;61128;0;201034;0
FR;0;2021-01-13;64079;0;265113;0
FR;0;2021-01-14;80179;0;345292;0
FR;0;2021-01-15;67733;0;413025;0
FR;0;2021-01-16;19759;78;432784;78
FR;0;2021-01-17;10488;42;443272;120
FR;0;2021-01-18;84622;162;527894;282
FR;0;2021-01-19;128761;125;656655;407
FR;0;2021-01-20;135631;157;792286;564
FR;0;2021-01-21;155851;135;948137;699
FR;0;2021-01-22;119126;161;1067263;860
FR;0;2021-01-23;37912;50;1105175;910
FR;0;2021-01-24;9390;27;1114565;937
FR;0;2021-01-25;77087;1219;1191652;2156
FR;0;2021-01-26;99016;3110;1290668;5266
FR;0;2021-01-27;105861;5595;1396529;10861
FR;0;2021-01-28;122669;14360;1519198;25221
FR;0;2021-01-29;91081;17282;1610279;42503
FR;0;2021-01-30;28716;4225;1638995;46728
FR;0;2021-01-31;4887;1679;1643882;48407
FR;0;2021-02-01;51713;21124;1695595;69531
FR;0;2021-02-02;70831;34560;1766426;104091
FR;0;2021-02-03;71133;36959;1837559;141050
FR;0;2021-02-04;80755;50048;1918314;191098
FR;0;2021-02-05;67286;45338;1985600;236436
FR;0;2021-02-06;21397;10401;2006997;246837
FR;0;2021-02-07;4831;5042;2011828;251879
FR;0;2021-02-08;45983;45979;2057811;297858
FR;0;2021-02-09;64940;72410;2122751;370268
FR;0;2021-02-10;69440;76730;2192191;446998
FR;0;2021-02-11;85874;99146;2278065;546144
FR;0;2021-02-12;77954;74219;2356019;620363
FR;0;2021-02-13;21746;19492;2377765;639855
FR;0;2021-02-14;4604;7191;2382369;647046
FR;0;2021-02-15;37185;76512;2419554;723558
FR;0;2021-02-16;49343;100742;2468897;824300
FR;0;2021-02-17;49457;102992;2518354;927292
FR;0;2021-02-18;68246;118533;2586600;1045825
FR;0;2021-02-19;64022;90756;2650622;1136581
FR;0;2021-02-20;18036;28429;2668658;1165010
FR;0;2021-02-21;2875;6372;2671533;1171382
FR;0;2021-02-22;36623;73148;2708156;1244530
FR;0;2021-02-23;52767;84063;2760923;1328593
FR;0;2021-02-24;58309;81123;2819232;1409716
FR;0;2021-02-25;99019;91397;2918251;1501113
FR;0;2021-02-26;112049;71014;3030300;1572127
FR;0;2021-02-27;51313;21981;3081613;1594108
FR;0;2021-02-28;5706;4414;3087319;1598522
FR;0;2021-03-01;63860;52791;3151179;1651313
FR;0;2021-03-02;99613;66253;3250792;1717566
FR;0;2021-03-03;114115;65552;3364907;1783118
FR;0;2021-03-04;161090;68884;3525997;1852002
FR;0;2021-03-05;198558;63365;3724555;1915367
FR;0;2021-03-06;205970;17821;3930525;1933188
FR;0;2021-03-07;120123;5471;4050648;1938659
FR;0;2021-03-08;105287;50800;4155935;1989459
FR;0;2021-03-09;170262;56780;4326197;2046239
FR;0;2021-03-10;176321;57216;4502518;2103455
FR;0;2021-03-11;240249;63111;4742767;2166566
FR;0;2021-03-12;292053;53520;5034820;2220086
FR;0;2021-03-13;229305;15309;5264125;2235395
FR;0;2021-03-14;62368;3437;5326493;2238832
FR;0;2021-03-15;156455;32649;5482948;2271481
FR;0;2021-03-16;139640;39529;5622588;2311010
FR;0;2021-03-17;148478;38794;5771066;2349804
FR;0;2021-03-18;165562;44630;5936628;2394434
FR;0;2021-03-19;227495;37480;6164123;2431914
FR;0;2021-03-20;165087;11784;6329210;2443698
FR;0;2021-03-21;48830;2627;6378040;2446325
FR;0;2021-03-22;167681;34291;6545721;2480616
FR;0;2021-03-23;247668;42411;6793389;2523027
FR;0;2021-03-24;254213;43855;7047602;2566882
FR;0;2021-03-25;338987;44762;7386589;2611644
FR;0;2021-03-26;356319;41914;7742908;2653558
FR;0;2021-03-27;193713;16651;7936621;2670209
FR;0;2021-03-28;58449;3732;7995070;2673941
FR;0;2021-03-29;201038;54301;8196108;2728242
FR;0;2021-03-30;282926;69704;8479034;2797946
FR;0;2021-03-31;260480;72943;8739514;2870889
FR;0;2021-04-01;311374;87848;9050888;2958737
FR;0;2021-04-02;278838;92151;9329726;3050888
FR;0;2021-04-03;139576;61868;9469302;3112756
FR;0;2021-04-04;44983;18666;9514285;3131422
FR;0;2021-04-05;58939;11007;9573224;3142429
FR;0;2021-04-06;214180;107893;9787404;3250322
FR;0;2021-04-07;257102;115479;10044506;3365801
FR;0;2021-04-08;334096;121442;10378602;3487243
FR;0;2021-04-09;406703;116517;10785305;3603760
FR;0;2021-04-10;210817;82757;10996122;3686517
FR;0;2021-04-11;55022;34599;11051144;3721116
FR;0;2021-04-12;234561;115238;11285705;3836354
FR;0;2021-04-13;306391;144992;11592096;3981346
FR;0;2021-04-14;290799;139432;11882895;4120778
FR;0;2021-04-15;332970;147882;12215865;4268660
FR;0;2021-04-16;336538;145792;12552403;4414452
FR;0;2021-04-17;187015;90267;12739418;4504719
FR;0;2021-04-18;50604;35428;12790022;4540147
FR;0;2021-04-19;203274;138408;12993296;4678555
FR;0;2021-04-20;251518;170760;13244814;4849315
FR;0;2021-04-21;250170;168829;13494984;5018144
FR;0;2021-04-22;284314;188295;13779298;5206439
FR;0;2021-04-23;292134;183298;14071432;5389737
FR;0;2021-04-24;188603;111586;14260035;5501323
FR;0;2021-04-25;68521;38879;14328556;5540202
FR;0;2021-04-26;218532;156137;14547088;5696339
FR;0;2021-04-27;281655;187550;14828743;5883889
FR;0;2021-04-28;296687;183234;15125430;6067123
FR;0;2021-04-29;353792;196169;15479222;6263292
FR;0;2021-04-30;368943;184874;15848165;6448166
FR;0;2021-05-01;164531;52545;16012696;6500711
FR;0;2021-05-02;90384;37837;16103080;6538548
FR;0;2021-05-03;284887;169683;16387967;6708231
FR;0;2021-05-04;311811;224355;16699778;6932586
FR;0;2021-05-05;322007;224567;17021785;7157153
FR;0;2021-05-06;374828;239250;17396613;7396403
FR;0;2021-05-07;368784;257377;17765397;7653780
FR;0;2021-05-08;219509;66940;17984906;7720720
FR;0;2021-05-09;128511;46768;18113417;7767488
FR;0;2021-05-10;307962;229064;18421379;7996552
FR;0;2021-05-11;399441;258225;18820820;8254777
FR;0;2021-05-12;428623;233283;19249443;8488060
FR;0;2021-05-13;334369;56911;19583812;8544971
FR;0;2021-05-14;449299;167609;20033111;8712580
FR;0;2021-05-15;370517;94045;20403628;8806625
FR;0;2021-05-16;200887;20837;20604515;8827462
FR;0;2021-05-17;372231;149203;20976746;8976665
FR;0;2021-05-18;454469;153236;21431215;9129901
FR;0;2021-05-19;462585;145410;21893800;9275311
FR;0;2021-05-20;501269;160430;22395069;9435741
FR;0;2021-05-21;484299;174625;22879368;9610366
FR;0;2021-05-22;344465;79929;23223833;9690295
FR;0;2021-05-23;160248;14452;23384081;9704747
FR;0;2021-05-24;260183;33272;23644264;9738019
FR;0;2021-05-25;395403;189387;24039667;9927406
FR;0;2021-05-26;408308;188250;24447975;10115656
FR;0;2021-05-27;445171;218782;24893146;10334438
FR;0;2021-05-28;425209;259729;25318355;10594167
FR;0;2021-05-29;296731;149477;25615086;10743644
FR;0;2021-05-30;105733;32633;25720819;10776277
FR;0;2021-05-31;354445;203602;26075264;10979879
FR;0;2021-06-01;417095;251790;26492359;11231669
FR;0;2021-06-02;405544;231083;26897903;11462752
FR;0;2021-06-03;453557;258839;27351460;11721591
FR;0;2021-06-04;444218;305033;27795678;12026624
FR;0;2021-06-05;299657;189158;28095335;12215782
FR;0;2021-06-06;129878;49163;28225213;12264945
FR;0;2021-06-07;330376;262623;28555589;12527568
FR;0;2021-06-08;383707;291485;28939296;12819053
FR;0;2021-06-09;374996;276117;29314292;13095170
FR;0;2021-06-10;389425;289648;29703717;13384818
FR;0;2021-06-11;377294;357750;30081011;13742568
FR;0;2021-06-12;277675;211639;30358686;13954207
FR;0;2021-06-13;101920;74134;30460606;14028341
FR;0;2021-06-14;231751;356180;30692357;14384521
FR;0;2021-06-15;296282;386334;30988639;14770855
FR;0;2021-06-16;304679;358039;31293318;15128894
FR;0;2021-06-17;308702;372436;31602020;15501330
FR;0;2021-06-18;310203;443040;31912223;15944370
FR;0;2021-06-19;219419;274137;32131642;16218507
FR;0;2021-06-20;70814;102692;32202456;16321199
FR;0;2021-06-21;187180;402369;32389636;16723568
FR;0;2021-06-22;214698;467619;32604334;17191187
FR;0;2021-06-23;225164;440215;32829498;17631402
FR;0;2021-06-24;231688;409624;33061186;18041026
FR;0;2021-06-25;218911;522676;33280097;18563702
FR;0;2021-06-26;149206;371064;33429303;18934766
FR;0;2021-06-27;54036;156493;33483339;19091259
FR;0;2021-06-28;147496;453533;33630835;19544792
FR;0;2021-06-29;175149;505854;33805984;20050646
FR;0;2021-06-30;194763;481414;34000747;20532060
FR;0;2021-07-01;207924;458096;34208671;20990156
FR;0;2021-07-02;207478;520820;34416149;21510976
FR;0;2021-07-03;137118;369121;34553267;21880097
FR;0;2021-07-04;54522;141443;34607789;22021540
FR;0;2021-07-05;155912;419805;34763701;22441345
FR;0;2021-07-06;186427;475360;34950128;22916705
FR;0;2021-07-07;199920;439887;35150048;23356592
FR;0;2021-07-08;221573;424519;35371621;23781111
FR;0;2021-07-09;215015;510190;35586636;24291301
FR;0;2021-07-10;142695;339978;35729331;24631279
FR;0;2021-07-11;58121;110210;35787452;24741489
FR;0;2021-07-12;156742;478601;35944194;25220090
