fra;vaccin;jour;n_dose1;n_dose2;n_dose3;n_dose4;n_complet;n_rappel;n_2_rappel;n_rappel_biv;n_3_rappel;n_cum_dose1;n_cum_dose2;n_cum_dose3;n_cum_dose4;n_cum_complet;n_cum_rappel;n_cum_2_rappel;n_cum_rappel_biv;n_cum_3_rappel
FR;1;2020-12-27;616;0;0;0;55;0;0;0;0;616;0;0;0;55;0;0;0;0
FR;1;2020-12-28;710;1;0;0;44;0;0;0;0;1326;1;0;0;99;0;0;0;0
FR;1;2020-12-29;389;0;0;0;19;0;0;0;0;1715;1;0;0;118;0;0;0;0
FR;1;2020-12-30;456;0;0;0;20;0;0;0;0;2171;1;0;0;138;0;0;0;0
FR;1;2020-12-31;451;1;0;0;21;0;0;0;0;2622;2;0;0;159;0;0;0;0
FR;1;2021-01-01;1199;2;0;0;66;0;0;0;0;3821;4;0;0;225;0;0;0;0
FR;1;2021-01-02;369;4;0;0;29;0;0;0;0;4190;8;0;0;254;0;0;0;0
FR;1;2021-01-03;419;0;0;0;23;0;0;0;0;4609;8;0;0;277;0;0;0;0
FR;1;2021-01-04;2150;5;0;0;51;0;0;0;0;6759;13;0;0;328;0;0;0;0
FR;1;2021-01-05;7793;6;0;0;128;0;0;0;0;14552;19;0;0;456;0;0;0;0
FR;1;2021-01-06;12491;23;0;0;128;0;0;0;0;27043;42;0;0;584;0;0;0;0
FR;1;2021-01-07;29480;24;0;0;159;0;0;0;0;56523;66;0;0;743;0;0;0;0
FR;1;2021-01-08;37170;36;0;0;205;0;0;0;0;93693;102;0;0;948;0;0;0;0
FR;1;2021-01-09;11221;9;0;0;77;0;0;0;0;104914;111;0;0;1025;0;0;0;0
FR;1;2021-01-10;6017;8;0;0;28;0;0;0;0;110931;119;0;0;1053;0;0;0;0
FR;1;2021-01-11;39956;39;0;0;232;0;0;0;0;150887;158;0;0;1285;0;0;0;0
FR;1;2021-01-12;62165;31;0;0;299;0;0;0;0;213052;189;0;0;1584;0;0;0;0
FR;1;2021-01-13;65149;62;0;0;433;0;0;0;0;278201;251;0;0;2017;0;0;0;0
FR;1;2021-01-14;81473;262;0;0;957;0;0;0;0;359674;513;0;0;2974;0;0;0;0
FR;1;2021-01-15;68641;103;1;0;527;0;0;0;0;428315;616;1;0;3501;0;0;0;0
FR;1;2021-01-16;19903;73;0;0;171;0;0;0;0;448218;689;1;0;3672;0;0;0;0
FR;1;2021-01-17;10909;54;0;0;130;0;0;0;0;459127;743;1;0;3802;0;0;0;0
FR;1;2021-01-18;82849;176;0;0;587;0;0;0;0;541976;919;1;0;4389;0;0;0;0
FR;1;2021-01-19;125935;209;0;0;837;0;0;0;0;667911;1128;1;0;5226;0;0;0;0
FR;1;2021-01-20;132440;191;0;0;779;0;0;0;0;800351;1319;1;0;6005;0;0;0;0
FR;1;2021-01-21;153088;196;0;0;896;0;0;0;0;953439;1515;1;0;6901;0;0;0;0
FR;1;2021-01-22;115971;240;0;0;776;0;0;0;0;1069410;1755;1;0;7677;0;0;0;0
FR;1;2021-01-23;36617;84;0;0;207;0;0;0;0;1106027;1839;1;0;7884;0;0;0;0
FR;1;2021-01-24;9589;129;0;0;188;0;0;0;0;1115616;1968;1;0;8072;0;0;0;0
FR;1;2021-01-25;74442;1454;0;0;1771;0;0;0;0;1190058;3422;1;0;9843;0;0;0;0
FR;1;2021-01-26;96471;3705;1;0;4146;0;0;0;0;1286529;7127;2;0;13989;0;0;0;0
FR;1;2021-01-27;103660;6442;0;0;7126;0;0;0;0;1390189;13569;2;0;21115;0;0;0;0
FR;1;2021-01-28;120627;16415;0;0;17202;0;0;0;0;1510816;29984;2;0;38317;0;0;0;0
FR;1;2021-01-29;88904;18801;0;0;19342;0;0;0;0;1599720;48785;2;0;57659;0;0;0;0
FR;1;2021-01-30;27995;4538;0;0;4662;0;0;0;0;1627715;53323;2;0;62321;0;0;0;0
FR;1;2021-01-31;5194;1898;0;0;1936;0;0;0;0;1632909;55221;2;0;64257;0;0;0;0
FR;1;2021-02-01;49752;23044;0;0;23287;0;0;0;0;1682661;78265;2;0;87544;0;0;0;0
FR;1;2021-02-02;67840;38219;0;0;38677;0;0;0;0;1750501;116484;2;0;126221;0;0;0;0
FR;1;2021-02-03;67105;40291;0;0;40726;0;0;0;0;1817606;156775;2;0;166947;0;0;0;0
FR;1;2021-02-04;77156;55121;0;0;55691;0;0;0;0;1894762;211896;2;0;222638;0;0;0;0
FR;1;2021-02-05;63435;48236;0;0;48641;0;0;0;0;1958197;260132;2;0;271279;0;0;0;0
FR;1;2021-02-06;19428;11420;0;0;11527;0;0;0;0;1977625;271552;2;0;282806;0;0;0;0
FR;1;2021-02-07;3669;6069;0;0;6096;0;0;0;0;1981294;277621;2;0;288902;0;0;0;0
FR;1;2021-02-08;36508;48785;0;0;49039;0;0;0;0;2017802;326406;2;0;337941;0;0;0;0
FR;1;2021-02-09;50829;78444;0;0;78971;0;0;0;0;2068631;404850;2;0;416912;0;0;0;0
FR;1;2021-02-10;52088;83477;0;0;83961;0;0;0;0;2120719;488327;2;0;500873;0;0;0;0
FR;1;2021-02-11;63397;105574;0;0;106484;0;0;0;0;2184116;593901;2;0;607357;0;0;0;0
FR;1;2021-02-12;55889;75798;0;0;76484;0;0;0;0;2240005;669699;2;0;683841;0;0;0;0
FR;1;2021-02-13;15469;19308;0;0;19420;0;0;0;0;2255474;689007;2;0;703261;0;0;0;0
FR;1;2021-02-14;3747;7312;0;0;7378;0;0;0;0;2259221;696319;2;0;710639;0;0;0;0
FR;1;2021-02-15;24175;73671;0;0;73930;0;0;0;0;2283396;769990;2;0;784569;0;0;0;0
FR;1;2021-02-16;32788;95518;0;0;95933;0;0;0;0;2316184;865508;2;0;880502;0;0;0;0
FR;1;2021-02-17;35142;102380;20;0;103039;0;0;0;0;2351326;967888;22;0;983541;0;0;0;0
FR;1;2021-02-18;49466;118599;0;0;119596;0;0;0;0;2400792;1086487;22;0;1103137;0;0;0;0
FR;1;2021-02-19;45400;87842;1;0;88786;0;0;0;0;2446192;1174329;23;0;1191923;0;0;0;0
FR;1;2021-02-20;13398;27025;0;0;27201;0;0;0;0;2459590;1201354;23;0;1219124;0;0;0;0
FR;1;2021-02-21;2471;5944;0;0;6012;0;0;0;0;2462061;1207298;23;0;1225136;0;0;0;0
FR;1;2021-02-22;24726;69388;2;0;69688;0;0;0;0;2486787;1276686;25;0;1294824;0;0;0;0
FR;1;2021-02-23;37441;81554;1;0;82259;0;0;0;0;2524228;1358240;26;0;1377083;0;0;0;0
FR;1;2021-02-24;40717;79378;1;0;80078;0;0;0;0;2564945;1437618;27;0;1457161;0;0;0;0
FR;1;2021-02-25;50177;87690;1;0;88788;0;0;0;0;2615122;1525308;28;0;1545949;0;0;0;0
FR;1;2021-02-26;47235;67558;1;0;68447;0;0;0;0;2662357;1592866;29;0;1614396;0;0;0;0
FR;1;2021-02-27;15691;21359;1;0;21572;0;0;0;0;2678048;1614225;30;0;1635968;0;0;0;0
FR;1;2021-02-28;3566;4092;2;0;4165;0;0;0;0;2681614;1618317;32;0;1640133;0;0;0;0
FR;1;2021-03-01;40232;50294;1;0;51032;0;0;0;0;2721846;1668611;33;0;1691165;0;0;0;0
FR;1;2021-03-02;55997;62431;3;0;63611;0;0;0;0;2777843;1731042;36;0;1754776;0;0;0;0
FR;1;2021-03-03;61271;60497;0;0;61937;0;0;0;0;2839114;1791539;36;0;1816713;0;0;0;0
FR;1;2021-03-04;73023;68402;3;0;70620;0;0;0;0;2912137;1859941;39;0;1887333;0;0;0;0
FR;1;2021-03-05;74787;58605;3;0;60506;0;0;0;0;2986924;1918546;42;0;1947839;0;0;0;0
FR;1;2021-03-06;82475;15735;2;0;17443;0;0;0;0;3069399;1934281;44;0;1965282;0;0;0;0
FR;1;2021-03-07;63734;3915;1;0;5460;0;0;0;0;3133133;1938196;45;0;1970742;0;0;0;0
FR;1;2021-03-08;60200;41129;2;0;42417;0;0;0;0;3193333;1979325;47;0;2013159;0;0;0;0
FR;1;2021-03-09;86015;47356;1;0;49360;0;0;0;0;3279348;2026681;48;0;2062519;0;0;0;0
FR;1;2021-03-10;90951;47742;5;0;50015;0;0;0;0;3370299;2074423;53;0;2112534;0;0;0;0
FR;1;2021-03-11;105108;54604;1;0;57681;0;0;0;0;3475407;2129027;54;0;2170215;0;0;0;0
FR;1;2021-03-12;104169;44885;1;0;47883;0;0;0;0;3579576;2173912;55;0;2218098;0;0;0;0
FR;1;2021-03-13;89226;12578;1;0;14796;0;0;0;0;3668802;2186490;56;0;2232894;0;0;0;0
FR;1;2021-03-14;44463;2655;1;0;3988;0;0;0;0;3713265;2189145;57;0;2236882;0;0;0;0
FR;1;2021-03-15;95538;27934;3;0;30286;0;0;0;0;3808803;2217079;60;0;2267168;0;0;0;0
FR;1;2021-03-16;123608;34028;5;0;37576;0;0;0;0;3932411;2251107;65;0;2304744;0;0;0;0
FR;1;2021-03-17;129327;33510;4;0;37566;0;0;0;0;4061738;2284617;69;0;2342310;0;0;0;0
FR;1;2021-03-18;142920;39153;5;0;43831;0;0;0;0;4204658;2323770;74;0;2386141;0;0;0;0
FR;1;2021-03-19;136282;32012;2;0;36605;0;0;0;0;4340940;2355782;76;0;2422746;0;0;0;0
FR;1;2021-03-20;76028;9745;1;0;11962;0;0;0;0;4416968;2365527;77;0;2434708;0;0;0;0
FR;1;2021-03-21;26523;1968;1;0;2958;0;0;0;0;4443491;2367495;78;0;2437666;0;0;0;0
FR;1;2021-03-22;114783;30209;2;0;34042;0;0;0;0;4558274;2397704;80;0;2471708;0;0;0;0
FR;1;2021-03-23;143065;37998;1;0;42789;0;0;0;0;4701339;2435702;81;0;2514497;0;0;0;0
FR;1;2021-03-24;142031;38409;0;0;43283;0;0;0;0;4843370;2474111;81;0;2557780;0;0;0;0
FR;1;2021-03-25;165045;39879;4;0;46040;0;0;0;0;5008415;2513990;85;0;2603820;0;0;0;0
FR;1;2021-03-26;166426;37415;5;1;44036;0;0;0;0;5174841;2551405;90;1;2647856;0;0;0;0
FR;1;2021-03-27;110909;15481;1;0;19492;0;0;0;0;5285750;2566886;91;1;2667348;0;0;0;0
FR;1;2021-03-28;42317;4431;3;0;5986;0;0;0;0;5328067;2571317;94;1;2673334;0;0;0;0
FR;1;2021-03-29;129853;48967;4;0;53635;0;0;0;0;5457920;2620284;98;1;2726969;0;0;0;0
FR;1;2021-03-30;167768;63833;5;0;70846;0;0;0;0;5625688;2684117;103;1;2797815;0;0;0;0
FR;1;2021-03-31;170974;68019;4;0;75544;0;0;0;0;5796662;2752136;107;1;2873359;0;0;0;0
FR;1;2021-04-01;194890;84128;10;0;93638;0;0;0;0;5991552;2836264;117;1;2966997;0;0;0;0
FR;1;2021-04-02;164477;86902;7;0;94727;0;0;0;0;6156029;2923166;124;1;3061724;0;0;0;0
FR;1;2021-04-03;88262;58223;6;0;61772;0;0;0;0;6244291;2981389;130;1;3123496;0;0;0;0
FR;1;2021-04-04;33665;17733;0;0;19234;0;0;0;0;6277956;2999122;130;1;3142730;0;0;0;0
FR;1;2021-04-05;46433;9565;11;0;11442;0;0;0;0;6324389;3008687;141;1;3154172;0;0;0;0
FR;1;2021-04-06;160354;105683;17;0;112175;0;0;0;0;6484743;3114370;158;1;3266347;0;0;0;0
FR;1;2021-04-07;197044;108100;16;0;116940;0;0;0;0;6681787;3222470;174;1;3383287;0;0;0;0
FR;1;2021-04-08;222195;114358;14;0;125721;0;0;0;0;6903982;3336828;188;1;3509008;0;0;0;0
FR;1;2021-04-09;214625;108038;21;0;118938;0;0;0;0;7118607;3444866;209;1;3627946;0;0;0;0
FR;1;2021-04-10;117211;73240;14;0;78389;0;0;0;0;7235818;3518106;223;1;3706335;0;0;0;0
FR;1;2021-04-11;40903;29892;6;0;31796;0;0;0;0;7276721;3547998;229;1;3738131;0;0;0;0
FR;1;2021-04-12;168509;104584;46;0;111834;0;0;0;0;7445230;3652582;275;1;3849965;0;0;0;0
FR;1;2021-04-13;203857;127754;97;1;137102;0;0;0;0;7649087;3780336;372;2;3987067;0;0;0;0
FR;1;2021-04-14;208691;123037;208;0;133269;0;0;0;0;7857778;3903373;580;2;4120336;0;0;0;0
FR;1;2021-04-15;221750;128251;313;0;139301;0;0;0;0;8079528;4031624;893;2;4259637;0;0;0;0
FR;1;2021-04-16;206110;125774;309;0;135445;0;0;0;0;8285638;4157398;1202;2;4395082;0;0;0;0
FR;1;2021-04-17;122112;67118;103;0;72181;0;0;0;0;8407750;4224516;1305;2;4467263;0;0;0;0
FR;1;2021-04-18;35982;21015;42;0;22723;0;0;0;0;8443732;4245531;1347;2;4489986;0;0;0;0
FR;1;2021-04-19;163784;121615;433;0;129166;0;0;0;0;8607516;4367146;1780;2;4619152;0;0;0;0
FR;1;2021-04-20;189492;149803;531;0;158932;0;0;0;0;8797008;4516949;2311;2;4778084;0;0;0;0
FR;1;2021-04-21;194064;147779;761;0;157309;0;0;0;0;8991072;4664728;3072;2;4935393;0;0;0;0
FR;1;2021-04-22;209087;164624;779;0;175854;0;0;0;0;9200159;4829352;3851;2;5111247;0;0;0;0
FR;1;2021-04-23;198999;158148;671;0;169173;0;0;0;0;9399158;4987500;4522;2;5280420;0;0;0;0
FR;1;2021-04-24;126355;95888;148;0;101958;0;0;0;0;9525513;5083388;4670;2;5382378;0;0;0;0
FR;1;2021-04-25;53642;30083;46;0;32840;0;0;0;0;9579155;5113471;4716;2;5415218;0;0;0;0
FR;1;2021-04-26;181174;140326;543;0;149045;0;0;0;0;9760329;5253797;5259;2;5564263;0;0;0;0
FR;1;2021-04-27;221406;162633;901;0;174010;0;0;0;0;9981735;5416430;6160;2;5738273;0;0;0;0
FR;1;2021-04-28;238374;156221;1314;1;168904;1;0;0;0;10220109;5572651;7474;3;5907177;1;0;0;0
FR;1;2021-04-29;270354;161692;1211;0;177298;0;0;0;0;10490463;5734343;8685;3;6084475;1;0;0;0
FR;1;2021-04-30;272030;149050;1074;0;165151;0;0;0;0;10762493;5883393;9759;3;6249626;1;0;0;0
FR;1;2021-05-01;141180;40615;173;0;48643;0;0;0;0;10903673;5924008;9932;3;6298269;1;0;0;0
FR;1;2021-05-02;81564;28243;81;0;32999;0;0;0;0;10985237;5952251;10013;3;6331268;1;0;0;0
FR;1;2021-05-03;250828;142046;803;0;155740;0;0;0;0;11236065;6094297;10816;3;6487008;1;0;0;0
FR;1;2021-05-04;265939;188054;1204;0;203625;0;0;0;0;11502004;6282351;12020;3;6690633;1;0;0;0
FR;1;2021-05-05;283977;186327;1268;0;202990;0;0;0;0;11785981;6468678;13288;3;6893623;1;0;0;0
FR;1;2021-05-06;310084;184605;1502;0;204357;0;0;0;0;12096065;6653283;14790;3;7097980;1;0;0;0
FR;1;2021-05-07;284151;196768;1128;0;214584;0;0;0;0;12380216;6850051;15918;3;7312564;1;0;0;0
FR;1;2021-05-08;191687;51628;285;0;63011;0;0;0;0;12571903;6901679;16203;3;7375575;1;0;0;0
FR;1;2021-05-09;114076;34209;236;0;41381;0;0;0;0;12685979;6935888;16439;3;7416956;1;0;0;0
FR;1;2021-05-10;258240;195101;1188;0;211094;0;0;0;0;12944219;7130989;17627;3;7628050;1;0;0;0
FR;1;2021-05-11;318946;211266;1465;0;231505;0;0;0;0;13263165;7342255;19092;3;7859555;1;0;0;0
FR;1;2021-05-12;356712;186098;1401;0;208404;0;0;0;0;13619877;7528353;20493;3;8067959;1;0;0;0
FR;1;2021-05-13;283474;47324;401;0;64246;0;0;0;0;13903351;7575677;20894;3;8132205;1;0;0;0
FR;1;2021-05-14;370544;128526;998;0;151947;0;0;0;0;14273895;7704203;21892;3;8284152;1;0;0;0
FR;1;2021-05-15;298130;66209;404;0;84916;0;0;0;0;14572025;7770412;22296;3;8369068;1;0;0;0
FR;1;2021-05-16;157797;15471;158;0;26039;0;0;0;0;14729822;7785883;22454;3;8395107;1;0;0;0
FR;1;2021-05-17;318962;116205;1441;0;138168;0;0;0;0;15048784;7902088;23895;3;8533275;1;0;0;0
FR;1;2021-05-18;383394;111695;1801;0;137644;0;0;0;0;15432178;8013783;25696;3;8670919;1;0;0;0
FR;1;2021-05-19;395325;101588;2185;0;128524;0;0;0;0;15827503;8115371;27881;3;8799443;1;0;0;0
FR;1;2021-05-20;421862;95614;2049;0;125077;0;0;0;0;16249365;8210985;29930;3;8924520;1;0;0;0
FR;1;2021-05-21;399844;97456;1765;0;125853;0;0;0;0;16649209;8308441;31695;3;9050373;1;0;0;0
FR;1;2021-05-22;275713;41925;604;0;60948;0;0;0;0;16924922;8350366;32299;3;9111321;1;0;0;0
FR;1;2021-05-23;123034;10969;224;0;20572;0;0;0;0;17047956;8361335;32523;3;9131893;1;0;0;0
FR;1;2021-05-24;244027;26267;569;0;43792;0;0;0;0;17291983;8387602;33092;3;9175685;1;0;0;0
FR;1;2021-05-25;366248;131454;2115;1;158387;0;0;0;0;17658231;8519056;35207;4;9334072;1;0;0;0
FR;1;2021-05-26;380865;127552;1996;0;155875;0;0;0;0;18039096;8646608;37203;4;9489947;1;0;0;0
FR;1;2021-05-27;406209;128366;1978;0;158845;0;0;0;0;18445305;8774974;39181;4;9648792;1;0;0;0
FR;1;2021-05-28;366081;145709;1702;0;174270;0;0;0;0;18811386;8920683;40883;4;9823062;1;0;0;0
FR;1;2021-05-29;253851;81138;527;0;100335;0;0;0;0;19065237;9001821;41410;4;9923397;1;0;0;0
FR;1;2021-05-30;100983;22601;158;0;30834;0;0;0;0;19166220;9024422;41568;4;9954231;1;0;0;0
FR;1;2021-05-31;314351;149245;1287;1;172502;1;0;0;0;19480571;9173667;42855;5;10126733;2;0;0;0
FR;1;2021-06-01;361712;166430;1733;1;194135;1;0;0;0;19842283;9340097;44588;6;10320868;3;0;0;0
FR;1;2021-06-02;365447;154543;1798;0;184084;0;0;0;0;20207730;9494640;46386;6;10504952;3;0;0;0
FR;1;2021-06-03;391506;147438;1654;0;178411;0;0;0;0;20599236;9642078;48040;6;10683363;3;0;0;0
FR;1;2021-06-04;364148;175900;1496;1;205192;1;0;0;0;20963384;9817978;49536;7;10888555;4;0;0;0
FR;1;2021-06-05;258534;112823;597;0;133184;0;0;0;0;21221918;9930801;50133;7;11021739;4;0;0;0
FR;1;2021-06-06;126834;37555;216;0;48192;0;0;0;0;21348752;9968356;50349;7;11069931;4;0;0;0
FR;1;2021-06-07;301133;207762;1368;0;233037;0;0;0;0;21649885;10176118;51717;7;11302968;4;0;0;0
FR;1;2021-06-08;330916;221020;1645;0;248979;0;0;0;0;21980801;10397138;53362;7;11551947;4;0;0;0
FR;1;2021-06-09;336664;210941;1614;0;239698;0;0;0;0;22317465;10608079;54976;7;11791645;4;0;0;0
FR;1;2021-06-10;343949;199499;1615;0;229243;0;0;0;0;22661414;10807578;56591;7;12020888;4;0;0;0
FR;1;2021-06-11;311947;234701;1300;1;262613;0;0;0;0;22973361;11042279;57891;8;12283501;4;0;0;0
FR;1;2021-06-12;244101;150610;438;0;172218;0;0;0;0;23217462;11192889;58329;8;12455719;4;0;0;0
FR;1;2021-06-13;100383;61037;188;0;70699;0;0;0;0;23317845;11253926;58517;8;12526418;4;0;0;0
FR;1;2021-06-14;207884;287568;1320;1;307379;0;0;0;0;23525729;11541494;59837;9;12833797;4;0;0;0
FR;1;2021-06-15;256915;281113;1400;1;304961;0;0;0;0;23782644;11822607;61237;10;13138758;4;0;0;0
FR;1;2021-06-16;273687;270714;1264;1;296153;0;0;0;0;24056331;12093321;62501;11;13434911;4;0;0;0
FR;1;2021-06-17;268260;245101;1241;1;271172;0;0;0;0;24324591;12338422;63742;12;13706083;4;0;0;0
FR;1;2021-06-18;260625;295195;1156;1;321020;0;0;0;0;24585216;12633617;64898;13;14027103;4;0;0;0
FR;1;2021-06-19;193469;209608;388;0;228269;0;0;0;0;24778685;12843225;65286;13;14255372;4;0;0;0
FR;1;2021-06-20;69724;89030;122;0;96868;0;0;0;0;24848409;12932255;65408;13;14352240;4;0;0;0
FR;1;2021-06-21;172400;319786;934;1;338496;1;0;0;0;25020809;13252041;66342;14;14690736;5;0;0;0
FR;1;2021-06-22;185899;348083;1102;10;369150;1;0;0;0;25206708;13600124;67444;24;15059886;6;0;0;0
FR;1;2021-06-23;204245;339647;1050;0;363547;0;0;0;0;25410953;13939771;68494;24;15423433;6;0;0;0
FR;1;2021-06-24;203557;282102;1176;0;306848;0;0;0;0;25614510;14221873;69670;24;15730281;6;0;0;0
FR;1;2021-06-25;182687;371703;1200;0;395711;0;0;0;0;25797197;14593576;70870;24;16125992;6;0;0;0
FR;1;2021-06-26;131415;278609;506;0;295984;0;0;0;0;25928612;14872185;71376;24;16421976;6;0;0;0
FR;1;2021-06-27;52421;122844;146;0;130381;0;0;0;0;25981033;14995029;71522;24;16552357;6;0;0;0
FR;1;2021-06-28;136682;368243;1066;0;386843;0;0;0;0;26117715;15363272;72588;24;16939200;6;0;0;0
FR;1;2021-06-29;154930;391171;1849;0;412263;0;0;0;0;26272645;15754443;74437;24;17351463;6;0;0;0
FR;1;2021-06-30;180077;381967;1668;4;406564;2;0;0;0;26452722;16136410;76105;28;17758027;8;0;0;0
FR;1;2021-07-01;201593;332522;1890;5;360591;0;0;0;0;26654315;16468932;77995;33;18118618;8;0;0;0
FR;1;2021-07-02;193889;367288;1765;5;395483;2;0;0;0;26848204;16836220;79760;38;18514101;10;0;0;0
FR;1;2021-07-03;124485;280409;704;3;299514;1;0;0;0;26972689;17116629;80464;41;18813615;11;0;0;0
FR;1;2021-07-04;53970;113732;244;0;122138;0;0;0;0;27026659;17230361;80708;41;18935753;11;0;0;0
FR;1;2021-07-05;153987;355777;1500;8;379115;0;0;0;0;27180646;17586138;82208;49;19314868;11;0;0;0
FR;1;2021-07-06;173534;382279;1603;45;408166;8;0;0;0;27354180;17968417;83811;94;19723034;19;0;0;0
FR;1;2021-07-07;190875;362304;1659;25;390648;2;0;0;0;27545055;18330721;85470;119;20113682;21;0;0;0
FR;1;2021-07-08;201595;322965;1827;20;353609;2;0;0;0;27746650;18653686;87297;139;20467291;23;0;0;0
FR;1;2021-07-09;189996;387759;1854;3;418158;1;0;0;0;27936646;19041445;89151;142;20885449;24;0;0;0
FR;1;2021-07-10;129968;281186;818;1;302613;0;0;0;0;28066614;19322631;89969;143;21188062;24;0;0;0
FR;1;2021-07-11;57688;102528;263;0;112405;0;0;0;0;28124302;19425159;90232;143;21300467;24;0;0;0
FR;1;2021-07-12;149932;416807;1588;4;442795;0;0;0;0;28274234;19841966;91820;147;21743262;24;0;0;0
FR;1;2021-07-13;234313;438996;1808;8;476171;0;0;0;0;28508547;20280962;93628;155;22219433;24;0;0;0
FR;1;2021-07-14;171932;151300;418;0;176928;0;0;0;0;28680479;20432262;94046;155;22396361;24;0;0;0
FR;1;2021-07-15;279707;424132;1859;1;467101;0;0;0;0;28960186;20856394;95905;156;22863462;24;0;0;0
FR;1;2021-07-16;290448;400516;1711;3;445154;1;0;0;0;29250634;21256910;97616;159;23308616;25;0;0;0
FR;1;2021-07-17;217362;281971;755;1;315433;0;0;0;0;29467996;21538881;98371;160;23624049;25;0;0;0
FR;1;2021-07-18;102032;107205;288;0;123092;0;0;0;0;29570028;21646086;98659;160;23747141;25;0;0;0
FR;1;2021-07-19;238250;378359;1498;3;414398;0;0;0;0;29808278;22024445;100157;163;24161539;25;0;0;0
FR;1;2021-07-20;305778;379723;1471;0;425544;0;0;0;0;30114056;22404168;101628;163;24587083;25;0;0;0
FR;1;2021-07-21;333315;352692;1413;4;404055;1;0;0;0;30447371;22756860;103041;167;24991138;26;0;0;0
FR;1;2021-07-22;364709;318525;1502;3;374927;1;0;0;0;30812080;23075385;104543;170;25366065;27;0;0;0
FR;1;2021-07-23;349411;342721;1589;4;398256;1;0;0;0;31161491;23418106;106132;174;25764321;28;0;0;0
FR;1;2021-07-24;238968;240734;697;1;278061;0;0;0;0;31400459;23658840;106829;175;26042382;28;0;0;0
FR;1;2021-07-25;112813;76013;223;0;93705;0;0;0;0;31513272;23734853;107052;175;26136087;28;0;0;0
FR;1;2021-07-26;299151;289265;1495;2;334972;1;0;0;0;31812423;24024118;108547;177;26471059;29;0;0;0
FR;1;2021-07-27;385873;267859;1459;4;324824;1;0;0;0;32198296;24291977;110006;181;26795883;30;0;0;0
FR;1;2021-07-28;390231;250921;1463;4;307205;1;0;0;0;32588527;24542898;111469;185;27103088;31;0;0;0
FR;1;2021-07-29;406162;227576;1541;2;284265;0;0;0;0;32994689;24770474;113010;187;27387353;31;0;0;0
FR;1;2021-07-30;370762;246478;1639;4;298305;1;0;0;0;33365451;25016952;114649;191;27685658;32;0;0;0
FR;1;2021-07-31;243396;165091;794;1;199411;0;0;0;0;33608847;25182043;115443;192;27885069;32;0;0;0
FR;1;2021-08-01;105614;47204;237;0;61196;0;0;0;0;33714461;25229247;115680;192;27946265;32;0;0;0
FR;1;2021-08-02;297439;212830;1480;2;250607;0;0;0;0;34011900;25442077;117160;194;28196872;32;0;0;0
FR;1;2021-08-03;331357;208671;1557;2;250636;1;0;0;0;34343257;25650748;118717;196;28447508;33;0;0;0
FR;1;2021-08-04;328059;183821;1440;5;223968;3;0;0;0;34671316;25834569;120157;201;28671476;36;0;0;0
FR;1;2021-08-05;301298;193082;1483;0;229374;0;0;0;0;34972614;26027651;121640;201;28900850;36;0;0;0
FR;1;2021-08-06;291006;224081;1560;3;261360;0;0;0;0;35263620;26251732;123200;204;29162210;36;0;0;0
FR;1;2021-08-07;182686;158757;655;5;181660;1;0;0;0;35446306;26410489;123855;209;29343870;37;0;0;0
FR;1;2021-08-08;68897;59101;253;0;67628;0;0;0;0;35515203;26469590;124108;209;29411498;37;0;0;0
FR;1;2021-08-09;222802;235141;1446;4;263844;2;0;0;0;35738005;26704731;125554;213;29675342;39;0;0;0
FR;1;2021-08-10;252764;239822;1492;2;271651;0;0;0;0;35990769;26944553;127046;215;29946993;39;0;0;0
FR;1;2021-08-11;236256;231720;1272;5;261229;0;0;0;0;36227025;27176273;128318;220;30208222;39;0;0;0
FR;1;2021-08-12;220806;239713;1492;3;267800;0;0;0;0;36447831;27415986;129810;223;30476022;39;0;0;0
FR;1;2021-08-13;201733;238487;1361;2;264024;2;0;0;0;36649564;27654473;131171;225;30740046;41;0;0;0
FR;1;2021-08-14;122877;174033;645;0;189535;0;0;0;0;36772441;27828506;131816;225;30929581;41;0;0;0
FR;1;2021-08-15;34711;46113;201;1;50330;0;0;0;0;36807152;27874619;132017;226;30979911;41;0;0;0
FR;1;2021-08-16;156967;289323;1424;0;309891;0;0;0;0;36964119;28163942;133441;226;31289802;41;0;0;0
FR;1;2021-08-17;171626;290950;1422;5;313350;0;0;0;0;37135745;28454892;134863;231;31603152;41;0;0;0
FR;1;2021-08-18;161452;286671;1394;6;307298;3;0;0;0;37297197;28741563;136257;237;31910450;44;0;0;0
FR;1;2021-08-19;148963;277410;1405;1;297250;0;0;0;0;37446160;29018973;137662;238;32207700;44;0;0;0
FR;1;2021-08-20;140533;308909;1535;2;328138;2;0;0;0;37586693;29327882;139197;240;32535838;46;0;0;0
FR;1;2021-08-21;84288;213210;589;0;224528;0;0;0;0;37670981;29541092;139786;240;32760366;46;0;0;0
FR;1;2021-08-22;28585;82696;233;0;86700;0;0;0;0;37699566;29623788;140019;240;32847066;46;0;0;0
FR;1;2021-08-23;118674;320939;1422;2;337669;0;0;0;0;37818240;29944727;141441;242;33184735;46;0;0;0
FR;1;2021-08-24;126688;319598;1604;5;337409;0;0;0;0;37944928;30264325;143045;247;33522144;46;0;0;0
FR;1;2021-08-25;121548;306410;1783;8;323582;2;0;0;0;38066476;30570735;144828;255;33845726;48;0;0;0
FR;1;2021-08-26;106649;286081;2165;10;302377;0;0;0;0;38173125;30856816;146993;265;34148103;48;0;0;0
FR;1;2021-08-27;107658;321587;2303;9;338840;1;0;0;0;38280783;31178403;149296;274;34486943;49;0;0;0
FR;1;2021-08-28;71030;220701;1102;0;231221;0;0;0;0;38351813;31399104;150398;274;34718164;49;0;0;0
FR;1;2021-08-29;24156;78209;469;1;82099;0;0;0;0;38375969;31477313;150867;275;34800263;49;0;0;0
FR;1;2021-08-30;96904;286268;4315;6;299753;4967;0;0;0;38472873;31763581;155182;281;35100016;5016;0;0;0
FR;1;2021-08-31;98136;276231;9295;15;289898;10062;2;0;0;38571009;32039812;164477;296;35389914;15078;2;0;0
FR;1;2021-09-01;112366;245286;21122;8;257667;22158;1;0;0;38683375;32285098;185599;304;35647581;37236;3;0;0
FR;1;2021-09-02;86758;197904;24536;18;208299;25518;0;0;0;38770133;32483002;210135;322;35855880;62754;3;0;0
FR;1;2021-09-03;82434;227479;26958;21;238917;28038;0;0;0;38852567;32710481;237093;343;36094797;90792;3;0;0
FR;1;2021-09-04;71632;189719;11141;11;199298;11712;7;0;0;38924199;32900200;248234;354;36294095;102504;10;0;0
FR;1;2021-09-05;18614;41142;4126;2;43849;4275;0;0;0;38942813;32941342;252360;356;36337944;106779;10;0;0
FR;1;2021-09-06;59826;151364;30182;15;158893;31206;2;0;0;39002639;33092706;282542;371;36496837;137985;12;0;0
FR;1;2021-09-07;57401;139620;30215;30;146738;31253;2;0;0;39060040;33232326;312757;401;36643575;169238;14;0;0
FR;1;2021-09-08;72357;173795;26926;22;182265;27967;4;0;0;39132397;33406121;339683;423;36825840;197205;18;0;0
FR;1;2021-09-09;54514;124426;28638;24;131184;29745;5;0;0;39186911;33530547;368321;447;36957024;226950;23;0;0
FR;1;2021-09-10;66225;152065;30452;24;161151;31693;5;0;0;39253136;33682612;398773;471;37118175;258643;28;0;0
FR;1;2021-09-11;52689;146638;9731;14;154127;10356;0;0;0;39305825;33829250;408504;485;37272302;268999;28;0;0
FR;1;2021-09-12;10800;29270;2491;1;30968;2661;2;0;0;39316625;33858520;410995;486;37303270;271660;30;0;0
FR;1;2021-09-13;51519;104394;38767;31;110927;40096;16;0;0;39368144;33962914;449762;517;37414197;311756;46;0;0
FR;1;2021-09-14;53343;96009;51291;67;102369;53291;42;0;0;39421487;34058923;501053;584;37516566;365047;88;0;0
FR;1;2021-09-15;60592;139226;50499;55;146395;47072;67;0;0;39482079;34198149;551552;639;37662961;412119;155;0;0
FR;1;2021-09-16;46646;81363;53354;70;86258;49612;60;0;0;39528725;34279512;604906;709;37749219;461731;215;0;0
FR;1;2021-09-17;53227;109328;45085;61;115662;42718;61;0;0;39581952;34388840;649991;770;37864881;504449;276;0;0
FR;1;2021-09-18;37887;118499;11797;19;124081;11280;19;0;0;39619839;34507339;661788;789;37988962;515729;295;0;0
FR;1;2021-09-19;6531;21022;2045;1;22126;1985;1;0;0;39626370;34528361;663833;790;38011088;517714;296;0;0
FR;1;2021-09-20;36543;74843;46231;65;78563;44198;30;0;0;39662913;34603204;710064;855;38089651;561912;326;0;0
FR;1;2021-09-21;34209;68099;56270;72;71134;52747;76;0;0;39697122;34671303;766334;927;38160785;614659;402;0;0
FR;1;2021-09-22;38850;118608;49883;76;123027;46935;39;0;0;39735972;34789911;816217;1003;38283812;661594;441;0;0
FR;1;2021-09-23;32043;62890;54515;85;65792;50922;76;0;0;39768015;34852801;870732;1088;38349604;712516;517;0;0
FR;1;2021-09-24;36804;90018;43678;89;94377;41959;57;0;0;39804819;34942819;914410;1177;38443981;754475;574;0;0
FR;1;2021-09-25;27655;96714;12308;27;101064;12190;19;0;0;39832474;35039533;926718;1204;38545045;766665;593;0;0
FR;1;2021-09-26;4390;15201;1777;5;16066;1699;4;0;0;39836864;35054734;928495;1209;38561111;768364;597;0;0
FR;1;2021-09-27;27356;60208;42930;89;63438;41661;78;0;1;39864220;35114942;971425;1298;38624549;810025;675;0;1
FR;1;2021-09-28;26913;49418;47207;76;52034;44494;40;0;0;39891133;35164360;1018632;1374;38676583;854519;715;0;1
FR;1;2021-09-29;35927;80254;47297;88;84640;45624;33;0;0;39927060;35244614;1065929;1462;38761223;900143;748;0;1
FR;1;2021-09-30;26078;46902;47529;80;49260;45479;52;0;0;39953138;35291516;1113458;1542;38810483;945622;800;0;1
FR;1;2021-10-01;47307;66911;44909;83;70793;44633;14;0;0;40000445;35358427;1158367;1625;38881276;990255;814;0;1
FR;1;2021-10-02;32385;62416;16114;32;67224;16325;6;0;0;40032830;35420843;1174481;1657;38948500;1006580;820;0;1
FR;1;2021-10-03;4343;8563;2043;3;9312;2038;4;0;0;40037173;35429406;1176524;1660;38957812;1008618;824;0;1
FR;1;2021-10-04;28986;44426;47117;79;46838;46986;31;0;0;40066159;35473832;1223641;1739;39004650;1055604;855;0;1
FR;1;2021-10-05;24576;41640;49895;116;43136;49353;46;0;0;40090735;35515472;1273536;1855;39047786;1104957;901;0;1
FR;1;2021-10-06;34660;61394;57510;101;64501;57265;25;0;0;40125395;35576866;1331046;1956;39112287;1162222;926;0;1
FR;1;2021-10-07;21083;39913;53053;74;41091;51999;32;0;0;40146478;35616779;1384099;2030;39153378;1214221;958;0;1
FR;1;2021-10-08;35672;59644;60412;83;62871;61169;28;0;0;40182150;35676423;1444511;2113;39216249;1275390;986;0;1
FR;1;2021-10-09;27466;48025;25498;29;52491;26028;10;0;0;40209616;35724448;1470009;2142;39268740;1301418;996;0;1
FR;1;2021-10-10;3727;5811;2759;7;6289;2865;1;0;0;40213343;35730259;1472768;2149;39275029;1304283;997;0;1
FR;1;2021-10-11;24858;38210;54590;88;40294;55272;43;0;0;40238201;35768469;1527358;2237;39315323;1359555;1040;0;1
FR;1;2021-10-12;23387;36579;58078;128;37077;59241;18;0;0;40261588;35805048;1585436;2365;39352400;1418796;1058;0;1
FR;1;2021-10-13;32975;47839;64177;125;50643;65703;22;0;1;40294563;35852887;1649613;2490;39403043;1484499;1080;0;2
FR;1;2021-10-14;21715;34774;53776;103;35680;54373;21;0;0;40316278;35887661;1703389;2593;39438723;1538872;1101;0;2
FR;1;2021-10-15;32757;48765;72339;165;50457;75036;22;0;0;40349035;35936426;1775728;2758;39489180;1613908;1123;0;2
FR;1;2021-10-16;26014;35283;34874;45;38298;36432;13;0;0;40375049;35971709;1810602;2803;39527478;1650340;1136;0;2
FR;1;2021-10-17;3161;4053;3418;2;4496;3319;3;0;0;40378210;35975762;1814020;2805;39531974;1653659;1139;0;2
FR;1;2021-10-18;24353;34880;66853;132;34918;69738;27;0;0;40402563;36010642;1880873;2937;39566892;1723397;1166;0;2
FR;1;2021-10-19;20724;35572;75678;135;33222;79610;40;0;0;40423287;36046214;1956551;3072;39600114;1803007;1206;0;2
FR;1;2021-10-20;29918;44206;96191;178;43280;99882;45;0;0;40453205;36090420;2052742;3250;39643394;1902889;1251;0;2
FR;1;2021-10-21;19807;35052;83202;107;31762;87065;29;0;0;40473012;36125472;2135944;3357;39675156;1989954;1280;0;2
FR;1;2021-10-22;29756;47759;103757;196;44556;109723;58;0;0;40502768;36173231;2239701;3553;39719712;2099677;1338;0;2
FR;1;2021-10-23;23055;35143;44876;57;36130;47386;11;0;0;40525823;36208374;2284577;3610;39755842;2147063;1349;0;2
FR;1;2021-10-24;2407;3841;3585;6;4041;3718;1;0;0;40528230;36212215;2288162;3616;39759883;2150781;1350;0;2
FR;1;2021-10-25;22504;30718;82031;143;29600;85840;36;0;0;40550734;36242933;2370193;3759;39789483;2236621;1386;0;2
FR;1;2021-10-26;19368;27643;86127;162;24736;90357;30;0;0;40570102;36270576;2456320;3921;39814219;2326978;1416;0;2
FR;1;2021-10-27;26223;39610;107828;252;37301;112743;45;0;0;40596325;36310186;2564148;4173;39851520;2439721;1461;0;2
FR;1;2021-10-28;18804;27111;86970;150;23484;91739;34;0;0;40615129;36337297;2651118;4323;39875004;2531460;1495;0;2
FR;1;2021-10-29;25936;40252;114845;202;35485;121684;49;0;0;40641065;36377549;2765963;4525;39910489;2653144;1544;0;2
FR;1;2021-10-30;17714;28718;49373;74;28302;51970;18;0;0;40658779;36406267;2815336;4599;39938791;2705114;1562;0;2
FR;1;2021-10-31;2088;3169;3452;2;3215;3686;2;0;0;40660867;36409436;2818788;4601;39942006;2708800;1564;0;2
FR;1;2021-11-01;8027;4273;3037;3;4357;3294;6;0;0;40668894;36413709;2821825;4604;39946363;2712094;1570;0;2
FR;1;2021-11-02;22918;33218;92416;156;29173;97870;39;0;1;40691812;36446927;2914241;4760;39975536;2809964;1609;0;3
FR;1;2021-11-03;26638;41549;117526;219;36997;123910;56;0;0;40718450;36488476;3031767;4979;40012533;2933874;1665;0;3
FR;1;2021-11-04;19630;30288;105826;213;24183;111970;42;0;0;40738080;36518764;3137593;5192;40036716;3045844;1707;0;3
FR;1;2021-11-05;27035;42300;138800;230;34180;147490;47;0;0;40765115;36561064;3276393;5422;40070896;3193334;1754;0;3
FR;1;2021-11-06;18864;29807;63501;123;27605;66521;24;0;0;40783979;36590871;3339894;5545;40098501;3259855;1778;0;3
FR;1;2021-11-07;1835;3267;4985;6;3024;5302;5;0;0;40785814;36594138;3344879;5551;40101525;3265157;1783;0;3
FR;1;2021-11-08;17882;32248;126022;224;25388;132662;47;0;0;40803696;36626386;3470901;5775;40126913;3397819;1830;0;3
FR;1;2021-11-09;19521;37606;159334;334;26129;169156;63;0;0;40823217;36663992;3630235;6109;40153042;3566975;1893;0;3
FR;1;2021-11-10;28895;49047;181931;441;39011;192548;82;0;0;40852112;36713039;3812166;6550;40192053;3759523;1975;0;3
FR;1;2021-11-11;4192;5930;12240;26;5107;13030;14;0;0;40856304;36718969;3824406;6576;40197160;3772553;1989;0;3
FR;1;2021-11-12;26028;46817;174848;244;35281;186549;76;0;0;40882332;36765786;3999254;6820;40232441;3959102;2065;0;3
FR;1;2021-11-13;18736;29144;76847;111;25370;81792;40;0;0;40901068;36794930;4076101;6931;40257811;4040894;2105;0;3
FR;1;2021-11-14;2051;3240;6828;5;2796;7358;6;0;0;40903119;36798170;4082929;6936;40260607;4048252;2111;0;3
FR;1;2021-11-15;18798;34708;156449;306;24616;166286;59;0;0;40921917;36832878;4239378;7242;40285223;4214538;2170;0;3
FR;1;2021-11-16;21369;37809;192164;380;23315;205081;99;0;1;40943286;36870687;4431542;7622;40308538;4419619;2269;0;4
FR;1;2021-11-17;28675;45548;193256;398;33019;205081;92;0;0;40971961;36916235;4624798;8020;40341557;4624700;2361;0;4
FR;1;2021-11-18;21149;39598;182546;459;25136;194674;85;0;0;40993110;36955833;4807344;8479;40366693;4819374;2446;0;4
FR;1;2021-11-19;30894;53318;230287;532;34812;246784;134;0;0;41024004;37009151;5037631;9011;40401505;5066158;2580;0;4
FR;1;2021-11-20;23776;33216;97003;202;26735;103656;40;0;0;41047780;37042367;5134634;9213;40428240;5169814;2620;0;4
FR;1;2021-11-21;2342;3909;9134;19;2957;9940;16;0;0;41050122;37046276;5143768;9232;40431197;5179754;2636;0;4
FR;1;2021-11-22;21426;30328;175932;467;16944;189482;79;0;0;41071548;37076604;5319700;9699;40448141;5369236;2715;0;4
FR;1;2021-11-23;24033;40969;221266;540;21318;238019;77;0;0;41095581;37117573;5540966;10239;40469459;5607255;2792;0;4
FR;1;2021-11-24;30298;49641;217403;701;31960;234586;67;0;0;41125879;37167214;5758369;10940;40501419;5841841;2859;0;4
FR;1;2021-11-25;23732;44044;244526;718;22070;264227;101;0;0;41149611;37211258;6002895;11658;40523489;6106068;2960;0;4
FR;1;2021-11-26;30618;66639;356843;836;33239;388631;154;0;0;41180229;37277897;6359738;12494;40556728;6494699;3114;0;4
FR;1;2021-11-27;21960;45262;202667;372;26149;222698;112;0;0;41202189;37323159;6562405;12866;40582877;6717397;3226;0;4
FR;1;2021-11-28;3180;9543;54804;63;3468;61016;37;0;0;41205369;37332702;6617209;12929;40586345;6778413;3263;0;4
FR;1;2021-11-29;17905;49472;326438;841;20784;354582;150;0;0;41223274;37382174;6943647;13770;40607129;7132995;3413;0;4
FR;1;2021-11-30;22790;64815;431197;952;23792;470846;266;0;0;41246064;37446989;7374844;14722;40630921;7603841;3679;0;4
FR;1;2021-12-01;25364;69036;442956;1131;28429;481821;271;0;0;41271428;37516025;7817800;15853;40659350;8085662;3950;0;4
FR;1;2021-12-02;20094;64294;489465;1230;18432;532969;274;0;0;41291522;37580319;8307265;17083;40677782;8618631;4224;0;4
FR;1;2021-12-03;22912;82298;542843;1310;30269;591859;308;0;0;41314434;37662617;8850108;18393;40708051;9210490;4532;0;4
FR;1;2021-12-04;16416;53779;299138;654;23205;328998;180;0;0;41330850;37716396;9149246;19047;40731256;9539488;4712;0;4
FR;1;2021-12-05;3635;13773;81549;143;4193;91048;85;0;0;41334485;37730169;9230795;19190;40735449;9630536;4797;0;4
FR;1;2021-12-06;25847;62421;415525;1066;22060;455254;358;0;0;41360332;37792590;9646320;20256;40757509;10085790;5155;0;4
FR;1;2021-12-07;20020;75455;523083;1536;24273;572743;372;0;0;41380352;37868045;10169403;21792;40781782;10658533;5527;0;4
FR;1;2021-12-08;21718;75491;458638;1545;30648;502296;377;0;0;41402070;37943536;10628041;23337;40812430;11160829;5904;0;4
FR;1;2021-12-09;19473;73924;493115;1624;24308;541128;398;0;0;41421543;38017460;11121156;24961;40836738;11701957;6302;0;4
FR;1;2021-12-10;23330;87514;547476;1585;32413;600117;392;0;1;41444873;38104974;11668632;26546;40869151;12302074;6694;0;5
FR;1;2021-12-11;16534;59085;302768;751;25945;335501;278;0;0;41461407;38164059;11971400;27297;40895096;12637575;6972;0;5
FR;1;2021-12-12;4398;15877;83240;179;5242;94048;96;0;0;41465805;38179936;12054640;27476;40900338;12731623;7068;0;5
FR;1;2021-12-13;15761;63389;367088;1094;23897;406371;236;0;0;41481566;38243325;12421728;28570;40924235;13137994;7304;0;5
FR;1;2021-12-14;20870;80103;464905;1749;28630;515363;507;0;1;41502436;38323428;12886633;30319;40952865;13653357;7811;0;6
FR;1;2021-12-15;21630;77285;409187;1309;33002;453256;311;0;1;41524066;38400713;13295820;31628;40985867;14106613;8122;0;7
FR;1;2021-12-16;20070;77051;452012;1577;27921;500752;324;0;0;41544136;38477764;13747832;33205;41013788;14607365;8446;0;7
FR;1;2021-12-17;22629;86369;480031;1737;34639;531056;372;0;0;41566765;38564133;14227863;34942;41048427;15138421;8818;0;7
FR;1;2021-12-18;17610;54547;257662;731;24682;288529;232;0;0;41584375;38618680;14485525;35673;41073109;15426950;9050;0;7
FR;1;2021-12-19;5563;16907;79205;194;5921;90676;117;0;0;41589938;38635587;14564730;35867;41079030;15517626;9167;0;7
FR;1;2021-12-20;20957;62867;316306;1082;26485;355338;286;0;0;41610895;38698454;14881036;36949;41105515;15872964;9453;0;7
FR;1;2021-12-21;26344;72856;372822;1422;30551;418150;338;0;0;41637239;38771310;15253858;38371;41136066;16291114;9791;0;7
FR;1;2021-12-22;24989;65638;310706;1217;29569;349628;361;0;1;41662228;38836948;15564564;39588;41165635;16640742;10152;0;8
FR;1;2021-12-23;21278;52104;241543;958;23337;273076;362;0;0;41683506;38889052;15806107;40546;41188972;16913818;10514;0;8
FR;1;2021-12-24;7130;18268;67172;258;9243;77064;154;0;1;41690636;38907320;15873279;40804;41198215;16990882;10668;0;9
FR;1;2021-12-25;510;2864;5595;15;1797;6539;55;0;0;41691146;38910184;15878874;40819;41200012;16997421;10723;0;9
FR;1;2021-12-26;2751;7566;26961;71;3490;31471;100;0;0;41693897;38917750;15905835;40890;41203502;17028892;10823;0;9
FR;1;2021-12-27;18312;53456;235148;705;25447;265807;365;0;0;41712209;38971206;16140983;41595;41228949;17294699;11188;0;9
FR;1;2021-12-28;23302;61879;292071;1026;26988;330246;595;0;1;41735511;39033085;16433054;42621;41255937;17624945;11783;0;10
FR;1;2021-12-29;22218;55369;255049;921;25253;288245;645;0;1;41757729;39088454;16688103;43542;41281190;17913190;12428;0;11
FR;1;2021-12-30;21240;46405;212183;857;22441;239631;718;0;0;41778969;39134859;16900286;44399;41303631;18152821;13146;0;11
FR;1;2021-12-31;7468;16534;61882;229;8712;70416;347;0;0;41786437;39151393;16962168;44628;41312343;18223237;13493;0;11
FR;1;2022-01-01;1171;2489;5668;30;1543;6577;73;0;0;41787608;39153882;16967836;44658;41313886;18229814;13566;0;11
FR;1;2022-01-02;3096;8074;28896;50;3672;33537;190;0;0;41790704;39161956;16996732;44708;41317558;18263351;13756;0;11
FR;1;2022-01-03;27017;54160;228289;790;27528;257749;964;0;1;41817721;39216116;17225021;45498;41345086;18521100;14720;0;12
FR;1;2022-01-04;26374;64968;299327;1241;29772;337372;1367;0;2;41844095;39281084;17524348;46739;41374858;18858472;16087;0;14
FR;1;2022-01-05;30572;64238;274938;1099;32507;310316;1264;0;0;41874667;39345322;17799286;47838;41407365;19168788;17351;0;14
FR;1;2022-01-06;26862;66196;306957;1404;29269;346632;1569;0;1;41901529;39411518;18106243;49242;41436634;19515420;18920;0;15
FR;1;2022-01-07;31584;74958;349882;1538;34384;394010;1822;0;1;41933113;39486476;18456125;50780;41471018;19909430;20742;0;16
FR;1;2022-01-08;23391;51358;222512;698;25571;251140;913;0;1;41956504;39537834;18678637;51478;41496589;20160570;21655;0;17
FR;1;2022-01-09;7091;17130;66036;163;8165;76142;335;0;0;41963595;39554964;18744673;51641;41504754;20236712;21990;0;17
FR;1;2022-01-10;21815;60572;236838;957;32912;267629;1258;0;1;41985410;39615536;18981511;52598;41537666;20504341;23248;0;18
FR;1;2022-01-11;26787;63426;282348;1281;31189;317863;1838;0;1;42012197;39678962;19263859;53879;41568855;20822204;25086;0;19
FR;1;2022-01-12;28969;62477;246305;1106;35041;278094;1686;0;3;42041166;39741439;19510164;54985;41603896;21100298;26772;0;22
FR;1;2022-01-13;24791;60153;262845;1253;30023;296166;1993;0;4;42065957;39801592;19773009;56238;41633919;21396464;28765;0;26
FR;1;2022-01-14;27972;66681;314057;1366;32102;351309;2475;0;1;42093929;39868273;20087066;57604;41666021;21747773;31240;0;27
FR;1;2022-01-15;19371;44408;199333;619;22461;223870;1363;0;1;42113300;39912681;20286399;58223;41688482;21971643;32603;0;28
FR;1;2022-01-16;5161;12953;51537;135;6018;59557;338;0;0;42118461;39925634;20337936;58358;41694500;22031200;32941;0;28
FR;1;2022-01-17;16883;39659;184868;783;20108;206846;1690;0;2;42135344;39965293;20522804;59141;41714608;22238046;34631;0;30
FR;1;2022-01-18;19460;45958;212463;1154;22983;237065;2456;0;1;42154804;40011251;20735267;60295;41737591;22475111;37087;0;31
FR;1;2022-01-19;20314;43936;176151;898;25463;197206;1977;0;4;42175118;40055187;20911418;61193;41763054;22672317;39064;0;35
FR;1;2022-01-20;16853;40568;183727;1147;20814;204772;2517;0;2;42191971;40095755;21095145;62340;41783868;22877089;41581;0;37
FR;1;2022-01-21;19924;47001;228984;1405;23880;253361;3106;0;1;42211895;40142756;21324129;63745;41807748;23130450;44687;0;38
FR;1;2022-01-22;13845;33331;144509;579;18432;161398;1404;0;2;42225740;40176087;21468638;64324;41826180;23291848;46091;0;40
FR;1;2022-01-23;3379;8763;33439;132;4576;38324;352;0;1;42229119;40184850;21502077;64456;41830756;23330172;46443;0;41
FR;1;2022-01-24;11816;32968;142243;718;17788;158280;2105;0;1;42240935;40217818;21644320;65174;41848544;23488452;48548;0;42
FR;1;2022-01-25;14217;38158;163436;1049;20280;181571;3181;0;1;42255152;40255976;21807756;66223;41868824;23670023;51729;0;43
FR;1;2022-01-26;14865;37723;150273;934;22634;166402;2516;0;1;42270017;40293699;21958029;67157;41891458;23836425;54245;0;44
FR;1;2022-01-27;12341;33336;143472;896;18496;158051;3230;0;3;42282358;40327035;22101501;68053;41909954;23994476;57475;0;47
FR;1;2022-01-28;16331;56909;198337;1144;32664;222397;4007;0;3;42298689;40383944;22299838;69197;41942618;24216873;61482;0;50
FR;1;2022-01-29;10270;35467;135216;525;19612;151541;1879;0;1;42308959;40419411;22435054;69722;41962230;24368414;63361;0;51
FR;1;2022-01-30;2485;9254;29688;86;4827;34449;434;0;1;42311444;40428665;22464742;69808;41967057;24402863;63795;0;52
FR;1;2022-01-31;8759;32460;104354;533;19470;117342;2340;0;3;42320203;40461125;22569096;70341;41986527;24520205;66135;0;55
FR;1;2022-02-01;11010;36445;127095;866;20630;141217;4320;0;1;42331213;40497570;22696191;71207;42007157;24661422;70455;0;56
FR;1;2022-02-02;12168;41572;130371;782;25262;145818;3774;0;9;42343381;40539142;22826562;71989;42032419;24807240;74229;0;65
FR;1;2022-02-03;9519;34054;117034;785;19121;130333;4284;0;4;42352900;40573196;22943596;72774;42051540;24937573;78513;0;69
FR;1;2022-02-04;11544;49691;172589;968;26982;192724;5479;0;5;42364444;40622887;23116185;73742;42078522;25130297;83992;0;74
FR;1;2022-02-05;8000;33921;117593;391;18170;133024;2414;0;3;42372444;40656808;23233778;74133;42096692;25263321;86406;0;77
FR;1;2022-02-06;1706;7995;22754;86;3873;26905;444;0;0;42374150;40664803;23256532;74219;42100565;25290226;86850;0;77
FR;1;2022-02-07;7368;35386;119114;460;18173;134970;3398;0;4;42381518;40700189;23375646;74679;42118738;25425196;90248;0;81
FR;1;2022-02-08;7772;31960;125676;696;14892;140666;4301;0;5;42389290;40732149;23501322;75375;42133630;25565862;94549;0;86
FR;1;2022-02-09;8741;36529;135267;702;17930;152510;3884;0;7;42398031;40768678;23636589;76077;42151560;25718372;98433;0;93
FR;1;2022-02-10;7033;30146;116383;677;13911;130171;4445;0;1;42405064;40798824;23752972;76754;42165471;25848543;102878;0;94
FR;1;2022-02-11;8662;41569;165150;878;18383;185374;5430;0;3;42413726;40840393;23918122;77632;42183854;26033917;108308;0;97
FR;1;2022-02-12;5346;27617;106715;379;12540;120900;2396;0;2;42419072;40868010;24024837;78011;42196394;26154817;110704;0;99
FR;1;2022-02-13;1269;5721;21721;66;2188;25339;402;0;3;42420341;40873731;24046558;78077;42198582;26180156;111106;0;102
FR;1;2022-02-14;5462;27230;118095;395;10644;133123;3385;0;4;42425803;40900961;24164653;78472;42209226;26313279;114491;0;106
FR;1;2022-02-15;5797;28872;118941;611;12221;132572;4883;0;1;42431600;40929833;24283594;79083;42221447;26445851;119374;0;107
FR;1;2022-02-16;5763;28496;110429;597;13763;123059;4153;0;3;42437363;40958329;24394023;79680;42235210;26568910;123527;0;110
FR;1;2022-02-17;4617;19749;73155;489;10129;80262;3999;0;3;42441980;40978078;24467178;80169;42245339;26649172;127526;0;113
FR;1;2022-02-18;5615;26804;99209;673;14176;108171;5519;0;2;42447595;41004882;24566387;80842;42259515;26757343;133045;0;115
FR;1;2022-02-19;3551;17178;59479;305;9571;66060;2267;0;0;42451146;41022060;24625866;81147;42269086;26823403;135312;0;115
FR;1;2022-02-20;794;3258;10706;36;1651;12333;360;0;1;42451940;41025318;24636572;81183;42270737;26835736;135672;0;116
FR;1;2022-02-21;3430;14599;52830;286;7919;57678;3126;0;2;42455370;41039917;24689402;81469;42278656;26893414;138798;0;118
FR;1;2022-02-22;3804;15550;51919;500;9047;55657;4070;0;1;42459174;41055467;24741321;81969;42287703;26949071;142868;0;119
FR;1;2022-02-23;4235;17828;57487;510;10748;62589;3568;0;3;42463409;41073295;24798808;82479;42298451;27011660;146436;0;122
FR;1;2022-02-24;3345;13145;43620;436;7840;46410;3658;0;2;42466754;41086440;24842428;82915;42306291;27058070;150094;0;124
FR;1;2022-02-25;4478;20133;64928;697;12250;68799;5768;0;4;42471232;41106573;24907356;83612;42318541;27126869;155862;0;128
FR;1;2022-02-26;2698;12806;41371;310;7653;45124;2494;0;2;42473930;41119379;24948727;83922;42326194;27171993;158356;0;130
FR;1;2022-02-27;644;2192;7131;42;1207;7994;433;0;0;42474574;41121571;24955858;83964;42327401;27179987;158789;0;130
FR;1;2022-02-28;2614;10501;34969;306;6081;37395;3124;0;0;42477188;41132072;24990827;84270;42333482;27217382;161913;0;130
FR;1;2022-03-01;3592;10762;38706;391;6364;39662;4548;0;4;42480780;41142834;25029533;84661;42339846;27257044;166461;0;134
FR;1;2022-03-02;3685;12287;41871;399;7554;43941;4111;0;1;42484465;41155121;25071404;85060;42347400;27300985;170572;0;135
FR;1;2022-03-03;2464;7994;26186;329;5249;26524;3380;0;1;42486929;41163115;25097590;85389;42352649;27327509;173952;0;136
FR;1;2022-03-04;2691;10553;35468;594;6985;34962;5280;0;3;42489620;41173668;25133058;85983;42359634;27362471;179232;0;139
FR;1;2022-03-05;1823;6370;21972;280;4208;22370;2572;0;1;42491443;41180038;25155030;86263;42363842;27384841;181804;0;140
FR;1;2022-03-06;360;959;2918;38;605;3121;327;0;0;42491803;41180997;25157948;86301;42364447;27387962;182131;0;140
FR;1;2022-03-07;1923;4724;16442;245;3046;15910;2831;0;4;42493726;41185721;25174390;86546;42367493;27403872;184962;0;144
FR;1;2022-03-08;1719;5261;17172;309;3672;16001;3471;0;3;42495445;41190982;25191562;86855;42371165;27419873;188433;0;147
FR;1;2022-03-09;1988;6749;19821;371;4824;19179;3424;0;4;42497433;41197731;25211383;87226;42375989;27439052;191857;0;151
FR;1;2022-03-10;1416;5023;15302;309;3675;14340;2944;0;2;42498849;41202754;25226685;87535;42379664;27453392;194801;0;153
FR;1;2022-03-11;1761;6416;21717;487;4450;19873;4737;0;1;42500610;41209170;25248402;88022;42384114;27473265;199538;0;154
FR;1;2022-03-12;1264;4651;15367;281;3092;14915;2687;0;2;42501874;41213821;25263769;88303;42387206;27488180;202225;0;156
FR;1;2022-03-13;257;614;2119;120;415;2065;469;0;0;42502131;41214435;25265888;88423;42387621;27490245;202694;0;156
FR;1;2022-03-14;1160;3682;13409;3882;2297;12530;6342;0;8;42503291;41218117;25279297;92305;42389918;27502775;209036;0;164
FR;1;2022-03-15;1409;5736;14665;6865;4320;13262;9847;0;8;42504700;41223853;25293962;99170;42394238;27516037;218883;0;172
FR;1;2022-03-16;1700;5091;17401;11522;3602;16465;14127;0;6;42506400;41228944;25311363;110692;42397840;27532502;233010;0;178
FR;1;2022-03-17;1181;3442;11735;9648;2367;10830;11732;0;8;42507581;41232386;25323098;120340;42400207;27543332;244742;0;186
FR;1;2022-03-18;1725;4931;17980;16508;3324;16419;19722;0;14;42509306;41237317;25341078;136848;42403531;27559751;264464;0;200
FR;1;2022-03-19;1126;3302;11891;8460;2277;11362;10142;0;6;42510432;41240619;25352969;145308;42405808;27571113;274606;0;206
FR;1;2022-03-20;225;562;1726;1015;364;1761;1224;0;2;42510657;41241181;25354695;146323;42406172;27572874;275830;0;208
FR;1;2022-03-21;1088;2768;11506;13462;1787;10857;15142;0;10;42511745;41243949;25366201;159785;42407959;27583731;290972;0;218
FR;1;2022-03-22;1282;3216;12265;18716;2156;11254;20619;0;5;42513027;41247165;25378466;178501;42410115;27594985;311591;0;223
FR;1;2022-03-23;1516;4365;16035;20112;2961;15716;21884;0;34;42514543;41251530;25394501;198613;42413076;27610701;333475;0;257
FR;1;2022-03-24;1121;2755;10405;16060;1911;9666;17565;0;15;42515664;41254285;25404906;214673;42414987;27620367;351040;0;272
FR;1;2022-03-25;1540;4364;16758;25315;2882;15409;27960;0;23;42517204;41258649;25421664;239988;42417869;27635776;379000;0;295
FR;1;2022-03-26;1110;3018;10856;11452;2065;10518;12864;0;20;42518314;41261667;25432520;251440;42419934;27646294;391864;0;315
FR;1;2022-03-27;237;546;1751;1383;334;1804;1594;0;1;42518551;41262213;25434271;252823;42420268;27648098;393458;0;316
FR;1;2022-03-28;1086;2490;9981;15885;1558;9602;17230;0;10;42519637;41264703;25444252;268708;42421826;27657700;410688;0;326
FR;1;2022-03-29;1140;2754;11562;25112;1602;10926;26509;0;30;42520777;41267457;25455814;293820;42423428;27668626;437197;0;356
FR;1;2022-03-30;1632;3680;14176;24233;2454;13716;25897;0;19;42522409;41271137;25469990;318053;42425882;27682342;463094;0;375
FR;1;2022-03-31;1281;3033;11702;22704;2061;11215;24025;0;40;42523690;41274170;25481692;340757;42427943;27693557;487119;0;415
FR;1;2022-04-01;2243;4025;18492;28534;2482;17362;30806;0;54;42525933;41278195;25500184;369291;42430425;27710919;517925;0;469
FR;1;2022-04-02;911;1894;8197;9240;1106;7960;10233;0;28;42526844;41280089;25508381;378531;42431531;27718879;528158;0;497
FR;1;2022-04-03;207;382;1433;1058;219;1435;1249;0;1;42527051;41280471;25509814;379589;42431750;27720314;529407;0;498
FR;1;2022-04-04;4273;2608;11386;17680;1696;10777;18900;0;30;42531324;41283079;25521200;397269;42433446;27731091;548307;0;528
FR;1;2022-04-05;2262;2725;13006;31222;1708;12032;32603;0;68;42533586;41285804;25534206;428491;42435154;27743123;580910;0;596
FR;1;2022-04-06;1893;3018;12207;23982;1926;11644;25279;0;62;42535479;41288822;25546413;452473;42437080;27754767;606189;0;658
FR;1;2022-04-07;1694;2754;12361;31122;1651;11830;32196;0;68;42537173;41291576;25558774;483595;42438731;27766597;638385;0;726
FR;1;2022-04-08;1847;3713;17571;40649;2099;16501;42702;0;76;42539020;41295289;25576345;524244;42440830;27783098;681087;0;802
FR;1;2022-04-09;828;2000;8406;12504;1079;8106;13502;0;26;42539848;41297289;25584751;536748;42441909;27791204;694589;0;828
FR;1;2022-04-10;202;655;1837;1855;420;1883;2075;0;6;42540050;41297944;25586588;538603;42442329;27793087;696664;0;834
FR;1;2022-04-11;1108;2269;10973;22372;1322;10687;23480;0;68;42541158;41300213;25597561;560975;42443651;27803774;720144;0;902
FR;1;2022-04-12;1352;2680;12828;38147;1594;12316;38899;0;119;42542510;41302893;25610389;599122;42445245;27816090;759043;0;1021
FR;1;2022-04-13;1284;2894;12279;30627;1790;12009;31399;0;85;42543794;41305787;25622668;629749;42447035;27828099;790442;0;1106
FR;1;2022-04-14;1240;2629;12119;33661;1632;12133;34098;0;87;42545034;41308416;25634787;663410;42448667;27840232;824540;0;1193
FR;1;2022-04-15;1512;3350;14408;33269;2165;13814;34671;0;107;42546546;41311766;25649195;696679;42450832;27854046;859211;0;1300
FR;1;2022-04-16;663;1410;5845;8003;767;5777;8757;0;31;42547209;41313176;25655040;704682;42451599;27859823;867968;0;1331
FR;1;2022-04-17;157;290;930;1121;177;975;1171;0;7;42547366;41313466;25655970;705803;42451776;27860798;869139;0;1338
FR;1;2022-04-18;170;499;2636;1002;313;2660;1187;0;5;42547536;41313965;25658606;706805;42452089;27863458;870326;0;1343
FR;1;2022-04-19;1259;2610;11788;27936;1500;11519;28791;0;69;42548795;41316575;25670394;734741;42453589;27874977;899117;0;1412
FR;1;2022-04-20;1360;2676;12179;26886;1679;12031;27711;0;82;42550155;41319251;25682573;761627;42455268;27887008;926828;0;1494
FR;1;2022-04-21;1245;2466;11554;33286;1515;11785;33624;0;107;42551400;41321717;25694127;794913;42456783;27898793;960452;0;1601
FR;1;2022-04-22;1527;3094;15220;35527;1927;14803;36719;0;121;42552927;41324811;25709347;830440;42458710;27913596;997171;0;1722
FR;1;2022-04-23;767;1590;6738;9894;927;6644;10578;0;30;42553694;41326401;25716085;840334;42459637;27920240;1007749;0;1752
FR;1;2022-04-24;195;378;1376;1524;242;1329;1749;0;7;42553889;41326779;25717461;841858;42459879;27921569;1009498;0;1759
FR;1;2022-04-25;1042;2133;9858;19736;1255;9758;20558;0;64;42554931;41328912;25727319;861594;42461134;27931327;1030056;0;1823
FR;1;2022-04-26;1351;2627;12608;36640;1608;12207;37228;0;163;42556282;41331539;25739927;898234;42462742;27943534;1067284;0;1986
FR;1;2022-04-27;1331;2411;10654;29292;1471;10790;29677;0;123;42557613;41333950;25750581;927526;42464213;27954324;1096961;0;2109
FR;1;2022-04-28;1285;2423;11565;34331;1530;11406;34481;0;127;42558898;41336373;25762146;961857;42465743;27965730;1131442;0;2236
FR;1;2022-04-29;1616;4296;14407;35563;3169;13860;36852;0;153;42560514;41340669;25776553;997420;42468912;27979590;1168294;0;2389
FR;1;2022-04-30;841;4335;6448;9173;3762;6292;9974;0;35;42561355;41345004;25783001;1006593;42472674;27985882;1178268;0;2424
FR;1;2022-05-01;179;288;832;951;190;826;1080;0;5;42561534;41345292;25783833;1007544;42472864;27986708;1179348;0;2429
FR;1;2022-05-02;2098;2628;10383;16956;1783;10308;17637;0;64;42563632;41347920;25794216;1024500;42474647;27997016;1196985;0;2493
FR;1;2022-05-03;1689;2880;12712;32916;1763;12604;33715;0;149;42565321;41350800;25806928;1057416;42476410;28009620;1230700;0;2642
FR;1;2022-05-04;1384;2751;11235;23826;1696;11396;24366;0;96;42566705;41353551;25818163;1081242;42478106;28021016;1255066;0;2738
FR;1;2022-05-05;1501;2738;12201;31862;1722;12124;32410;0;170;42568206;41356289;25830364;1113104;42479828;28033140;1287476;0;2908
FR;1;2022-05-06;1823;3243;14242;34941;1920;13826;36203;0;166;42570029;41359532;25844606;1148045;42481748;28046966;1323679;0;3074
FR;1;2022-05-07;860;1473;5979;9097;878;6013;9731;0;44;42570889;41361005;25850585;1157142;42482626;28052979;1333410;0;3118
FR;1;2022-05-08;190;329;1062;1472;221;1124;1548;0;8;42571079;41361334;25851647;1158614;42482847;28054103;1334958;0;3126
FR;1;2022-05-09;1168;2020;9249;19262;1160;9164;20034;0;93;42572247;41363354;25860896;1177876;42484007;28063267;1354992;0;3219
FR;1;2022-05-10;1513;3050;12616;37145;1961;12215;38043;0;177;42573760;41366404;25873512;1215021;42485968;28075482;1393035;0;3396
FR;1;2022-05-11;1440;2480;9912;26042;1698;9860;26559;0;138;42575200;41368884;25883424;1241063;42487666;28085342;1419594;0;3534
FR;1;2022-05-12;1326;2458;10530;33654;1550;10230;34300;0;188;42576526;41371342;25893954;1274717;42489216;28095572;1453894;0;3722
FR;1;2022-05-13;1620;2808;12770;35855;1688;12418;36950;0;149;42578146;41374150;25906724;1310572;42490904;28107990;1490844;0;3871
FR;1;2022-05-14;783;1330;5481;10217;816;5365;10732;0;52;42578929;41375480;25912205;1320789;42491720;28113355;1501576;0;3923
FR;1;2022-05-15;223;422;1182;1352;246;1252;1497;0;5;42579152;41375902;25913387;1322141;42491966;28114607;1503073;0;3928
FR;1;2022-05-16;972;1786;8081;20138;1005;8145;20550;0;117;42580124;41377688;25921468;1342279;42492971;28122752;1523623;0;4045
FR;1;2022-05-17;1297;2303;11126;36187;1387;10730;36973;0;172;42581421;41379991;25932594;1378466;42494358;28133482;1560596;0;4217
FR;1;2022-05-18;1313;2137;9042;25730;1369;8991;26290;0;99;42582734;41382128;25941636;1404196;42495727;28142473;1586886;0;4316
FR;1;2022-05-19;1207;2404;9856;34005;1415;9951;34208;0;150;42583941;41384532;25951492;1438201;42497142;28152424;1621094;0;4466
FR;1;2022-05-20;1563;2757;12533;37655;1721;12113;38516;0;151;42585504;41387289;25964025;1475856;42498863;28164537;1659610;0;4617
FR;1;2022-05-21;775;1387;5247;9374;880;5164;9944;0;37;42586279;41388676;25969272;1485230;42499743;28169701;1669554;0;4654
FR;1;2022-05-22;194;292;954;1398;204;953;1521;0;10;42586473;41388968;25970226;1486628;42499947;28170654;1671075;0;4664
FR;1;2022-05-23;971;1891;8372;19439;1179;8348;20056;0;79;42587444;41390859;25978598;1506067;42501126;28179002;1691131;0;4743
FR;1;2022-05-24;1289;2448;10728;37252;1440;10598;37825;0;173;42588733;41393307;25989326;1543319;42502566;28189600;1728956;0;4916
FR;1;2022-05-25;1272;2302;8793;23694;1427;8957;24056;0;111;42590005;41395609;25998119;1567013;42503993;28198557;1753012;0;5027
FR;1;2022-05-26;175;385;1585;1155;261;1580;1288;0;24;42590180;41395994;25999704;1568168;42504254;28200137;1754300;0;5051
FR;1;2022-05-27;1120;2192;8790;20457;1377;8538;21410;0;84;42591300;41398186;26008494;1588625;42505631;28208675;1775710;0;5135
FR;1;2022-05-28;486;1059;3692;6543;627;3729;6930;0;37;42591786;41399245;26012186;1595168;42506258;28212404;1782640;0;5172
FR;1;2022-05-29;121;257;708;896;149;719;1005;0;4;42591907;41399502;26012894;1596064;42506407;28213123;1783645;0;5176
FR;1;2022-05-30;832;1745;6559;18536;1046;6592;18990;0;85;42592739;41401247;26019453;1614600;42507453;28219715;1802635;0;5261
FR;1;2022-05-31;1266;2241;9248;34376;1372;9118;34976;0;159;42594005;41403488;26028701;1648976;42508825;28228833;1837611;0;5420
FR;1;2022-06-01;1336;2605;10439;23460;1752;10302;24307;0;116;42595341;41406093;26039140;1672436;42510577;28239135;1861918;0;5536
FR;1;2022-06-02;1228;2309;10670;34153;1449;10248;34986;0;162;42596569;41408402;26049810;1706589;42512026;28249383;1896904;0;5698
FR;1;2022-06-03;1447;2749;12735;37113;1740;12156;38289;0;157;42598016;41411151;26062545;1743702;42513766;28261539;1935193;0;5855
FR;1;2022-06-04;686;1263;4750;8677;760;4826;9167;0;62;42598702;41412414;26067295;1752379;42514526;28266365;1944360;0;5917
FR;1;2022-06-05;134;293;811;1049;151;835;1154;0;3;42598836;41412707;26068106;1753428;42514677;28267200;1945514;0;5920
FR;1;2022-06-06;841;1196;2028;1252;1018;2047;1427;0;9;42599677;41413903;26070134;1754680;42515695;28269247;1946941;0;5929
FR;1;2022-06-07;1264;2343;9185;34057;1440;8845;35156;0;143;42600941;41416246;26079319;1788737;42517135;28278092;1982097;0;6072
FR;1;2022-06-08;1140;2239;8682;27615;1402;8566;28486;0;107;42602081;41418485;26088001;1816352;42518537;28286658;2010583;0;6179
FR;1;2022-06-09;1076;2152;9987;37576;1283;9672;38343;0;148;42603157;41420637;26097988;1853928;42519820;28296330;2048926;0;6327
FR;1;2022-06-10;1337;2862;12425;43134;1825;12016;44363;0;200;42604494;41423499;26110413;1897062;42521645;28308346;2093289;0;6527
FR;1;2022-06-11;661;1451;5136;11085;798;5185;11614;0;50;42605155;41424950;26115549;1908147;42522443;28313531;2104903;0;6577
FR;1;2022-06-12;158;377;1019;1687;189;1077;1788;0;11;42605313;41425327;26116568;1909834;42522632;28314608;2106691;0;6588
FR;1;2022-06-13;951;1841;7015;22226;1136;6872;23067;0;84;42606264;41427168;26123583;1932060;42523768;28321480;2129758;0;6672
FR;1;2022-06-14;1117;2234;9841;42852;1312;9247;43943;0;186;42607381;41429402;26133424;1974912;42525080;28330727;2173701;0;6858
FR;1;2022-06-15;1095;2012;8788;29393;1363;8476;29941;0;169;42608476;41431414;26142212;2004305;42526443;28339203;2203642;0;7027
FR;1;2022-06-16;959;1840;9404;38510;1061;8882;39417;0;188;42609435;41433254;26151616;2042815;42527504;28348085;2243059;0;7215
FR;1;2022-06-17;1229;2568;11916;44864;1483;11382;46004;0;224;42610664;41435822;26163532;2087679;42528987;28359467;2289063;0;7439
FR;1;2022-06-18;564;1277;4320;10544;717;4258;11087;0;62;42611228;41437099;26167852;2098223;42529704;28363725;2300150;0;7501
FR;1;2022-06-19;137;325;1003;1543;173;1082;1609;0;12;42611365;41437424;26168855;2099766;42529877;28364807;2301759;0;7513
FR;1;2022-06-20;861;1710;8493;25049;1009;8157;25910;0;146;42612226;41439134;26177348;2124815;42530886;28372964;2327669;0;7659
FR;1;2022-06-21;1103;2140;9765;47760;1254;8856;49105;0;241;42613329;41441274;26187113;2172575;42532140;28381820;2376774;0;7900
FR;1;2022-06-22;1046;2074;8442;37162;1301;7963;38022;0;231;42614375;41443348;26195555;2209737;42533441;28389783;2414796;0;8131
FR;1;2022-06-23;1054;2182;10125;52819;1211;9408;53828;0;290;42615429;41445530;26205680;2262556;42534652;28399191;2468624;0;8421
FR;1;2022-06-24;1256;2720;12917;65968;1487;11702;67640;0;367;42616685;41448250;26218597;2328524;42536139;28410893;2536264;0;8788
FR;1;2022-06-25;685;1506;5930;18923;792;5712;19722;0;163;42617370;41449756;26224527;2347447;42536931;28416605;2555986;0;8951
FR;1;2022-06-26;167;406;1817;3494;191;1713;3730;0;34;42617537;41450162;26226344;2350941;42537122;28418318;2559716;0;8985
FR;1;2022-06-27;945;1777;9901;45979;943;9127;47114;0;300;42618482;41451939;26236245;2396920;42538065;28427445;2606830;0;9285
FR;1;2022-06-28;1216;2576;13843;86588;1382;12404;88276;0;569;42619698;41454515;26250088;2483508;42539447;28439849;2695106;0;9854
FR;1;2022-06-29;1242;2297;11483;67405;1261;10550;68450;0;487;42620940;41456812;26261571;2550913;42540708;28450399;2763556;0;10341
FR;1;2022-06-30;1291;2487;13518;89967;1438;11828;91769;0;645;42622231;41459299;26275089;2640880;42542146;28462227;2855325;0;10986
FR;1;2022-07-01;1659;3482;20316;109201;1992;17972;111597;0;859;42623890;41462781;26295405;2750081;42544138;28480199;2966922;0;11845
FR;1;2022-07-02;770;1527;8025;33776;751;7254;34802;0;315;42624660;41464308;26303430;2783857;42544889;28487453;3001724;0;12160
FR;1;2022-07-03;230;480;1943;6119;257;1759;6445;0;71;42624890;41464788;26305373;2789976;42545146;28489212;3008169;0;12231
FR;1;2022-07-04;1678;3178;13935;75420;2063;12362;77309;0;589;42626568;41467966;26319308;2865396;42547209;28501574;3085478;0;12820
FR;1;2022-07-05;1507;2858;17696;126387;1512;15153;128500;0;1060;42628075;41470824;26337004;2991783;42548721;28516727;3213978;0;13880
FR;1;2022-07-06;1379;2406;14890;93747;1385;12914;95183;0;815;42629454;41473230;26351894;3085530;42550106;28529641;3309161;0;14695
FR;1;2022-07-07;1444;2538;16940;119493;1406;14010;121588;0;1074;42630898;41475768;26368834;3205023;42551512;28543651;3430749;0;15769
FR;1;2022-07-08;1534;2823;19612;130007;1541;15975;132811;0;1220;42632432;41478591;26388446;3335030;42553053;28559626;3563560;0;16989
FR;1;2022-07-09;663;1281;7311;36022;699;6354;36809;0;392;42633095;41479872;26395757;3371052;42553752;28565980;3600369;0;17381
FR;1;2022-07-10;245;657;2240;6689;412;2032;7068;0;89;42633340;41480529;26397997;3377741;42554164;28568012;3607437;0;17470
FR;1;2022-07-11;1242;2245;14320;84458;1180;11942;86568;0;734;42634582;41482774;26412317;3462199;42555344;28579954;3694005;0;18204
FR;1;2022-07-12;1605;2806;19464;137424;1442;15904;139914;0;1485;42636187;41485580;26431781;3599623;42556786;28595858;3833919;0;19689
FR;1;2022-07-13;1462;2442;14791;89838;1319;12644;91523;0;1002;42637649;41488022;26446572;3689461;42558105;28608502;3925442;0;20691
FR;1;2022-07-14;163;351;1866;5290;196;1775;5437;0;74;42637812;41488373;26448438;3694751;42558301;28610277;3930879;0;20765
FR;1;2022-07-15;1266;2319;14364;80599;1206;12007;82603;0;960;42639078;41490692;26462802;3775350;42559507;28622284;4013482;0;21725
FR;1;2022-07-16;514;1064;5641;23949;556;4894;24590;0;302;42639592;41491756;26468443;3799299;42560063;28627178;4038072;0;22027
FR;1;2022-07-17;163;369;1656;4464;193;1501;4727;0;60;42639755;41492125;26470099;3803763;42560256;28628679;4042799;0;22087
FR;1;2022-07-18;975;2037;11301;59282;1148;9571;61006;0;715;42640730;41494162;26481400;3863045;42561404;28638250;4103805;0;22802
FR;1;2022-07-19;1235;2132;14695;99429;1196;11727;101426;0;1386;42641965;41496294;26496095;3962474;42562600;28649977;4205231;0;24188
FR;1;2022-07-20;1185;2007;12376;74374;1173;10287;75859;0;964;42643150;41498301;26508471;4036848;42563773;28660264;4281090;0;25152
FR;1;2022-07-21;1138;1955;12418;84547;1189;9994;85912;0;1211;42644288;41500256;26520889;4121395;42564962;28670258;4367002;0;26363
FR;1;2022-07-22;1274;2246;14111;85963;1259;11433;87688;0;1264;42645562;41502502;26535000;4207358;42566221;28681691;4454690;0;27627
FR;1;2022-07-23;548;1093;5238;21296;634;4611;21842;0;373;42646110;41503595;26540238;4228654;42566855;28686302;4476532;0;28000
FR;1;2022-07-24;149;306;1328;3700;153;1169;3925;0;65;42646259;41503901;26541566;4232354;42567008;28687471;4480457;0;28065
FR;1;2022-07-25;891;1634;9076;46124;984;7526;47497;0;680;42647150;41505535;26550642;4278478;42567992;28694997;4527954;0;28745
FR;1;2022-07-26;1136;1964;12681;81968;1120;10336;83582;0;1198;42648286;41507499;26563323;4360446;42569112;28705333;4611536;0;29943
FR;1;2022-07-27;1021;1730;9760;58521;1047;8138;59702;0;874;42649307;41509229;26573083;4418967;42570159;28713471;4671238;0;30817
FR;1;2022-07-28;982;1706;9857;61926;1114;7856;63150;0;967;42650289;41510935;26582940;4480893;42571273;28721327;4734388;0;31784
FR;1;2022-07-29;1112;1845;10461;62990;1171;8385;64304;0;1066;42651401;41512780;26593401;4543883;42572444;28729712;4798692;0;32850
FR;1;2022-07-30;395;727;3349;14491;442;2850;14851;0;279;42651796;41513507;26596750;4558374;42572886;28732562;4813543;0;33129
FR;1;2022-07-31;141;264;900;2335;159;766;2477;0;47;42651937;41513771;26597650;4560709;42573045;28733328;4816020;0;33176
FR;1;2022-08-01;885;1474;7259;28968;1088;6121;29961;0;519;42652822;41515245;26604909;4589677;42574133;28739449;4845981;0;33695
FR;1;2022-08-02;931;1486;8239;54049;1001;6634;54688;0;1091;42653753;41516731;26613148;4643726;42575134;28746083;4900669;0;34786
FR;1;2022-08-03;738;1108;6157;37046;753;4939;37776;0;645;42654491;41517839;26619305;4680772;42575887;28751022;4938445;0;35431
FR;1;2022-08-04;651;1081;6264;41453;697;5058;42008;0;850;42655142;41518920;26625569;4722225;42576584;28756080;4980453;0;36281
FR;1;2022-08-05;745;1198;6766;43084;809;5436;43707;0;933;42655887;41520118;26632335;4765309;42577393;28761516;5024160;0;37214
FR;1;2022-08-06;277;465;1993;9000;305;1674;9192;0;218;42656164;41520583;26634328;4774309;42577698;28763190;5033352;0;37432
FR;1;2022-08-07;89;148;520;1557;104;436;1630;0;35;42656253;41520731;26634848;4775866;42577802;28763626;5034982;0;37467
FR;1;2022-08-08;603;1078;3807;21229;833;3141;21627;0;457;42656856;41521809;26638655;4797095;42578635;28766767;5056609;0;37924
FR;1;2022-08-09;669;1056;5683;38481;747;4558;38967;0;794;42657525;41522865;26644338;4835576;42579382;28771325;5095576;0;38718
FR;1;2022-08-10;571;1185;4435;26915;886;3636;27228;0;601;42658096;41524050;26648773;4862491;42580268;28774961;5122804;0;39319
FR;1;2022-08-11;566;920;4315;28210;632;3589;28538;0;634;42658662;41524970;26653088;4890701;42580900;28778550;5151342;0;39953
FR;1;2022-08-12;732;1044;4554;27171;720;3762;27583;0;668;42659394;41526014;26657642;4917872;42581620;28782312;5178925;0;40621
FR;1;2022-08-13;325;371;1248;5111;263;1066;5282;0;116;42659719;41526385;26658890;4922983;42581883;28783378;5184207;0;40737
FR;1;2022-08-14;67;115;277;871;96;236;941;0;24;42659786;41526500;26659167;4923854;42581979;28783614;5185148;0;40761
FR;1;2022-08-15;112;216;574;542;185;535;593;0;16;42659898;41526716;26659741;4924396;42582164;28784149;5185741;0;40777
FR;1;2022-08-16;551;953;3792;21491;712;3221;21692;0;582;42660449;41527669;26663533;4945887;42582876;28787370;5207433;0;41359
FR;1;2022-08-17;548;915;3769;22152;682;3195;22390;0;579;42660997;41528584;26667302;4968039;42583558;28790565;5229823;0;41938
FR;1;2022-08-18;562;899;3942;25455;700;3141;25677;0;630;42661559;41529483;26671244;4993494;42584258;28793706;5255500;0;42568
FR;1;2022-08-19;537;1050;4369;26547;749;3601;26855;0;732;42662096;41530533;26675613;5020041;42585007;28797307;5282355;0;43300
FR;1;2022-08-20;251;422;1290;5371;322;1107;5524;0;138;42662347;41530955;26676903;5025412;42585329;28798414;5287879;0;43438
FR;1;2022-08-21;84;112;287;990;77;253;1013;0;27;42662431;41531067;26677190;5026402;42585406;28798667;5288892;0;43465
FR;1;2022-08-22;511;900;3142;14956;674;2714;15232;0;411;42662942;41531967;26680332;5041358;42586080;28801381;5304124;0;43876
FR;1;2022-08-23;656;1064;4155;28323;748;3486;28405;0;830;42663598;41533031;26684487;5069681;42586828;28804867;5332529;0;44706
FR;1;2022-08-24;569;839;3405;19069;661;2774;19254;0;587;42664167;41533870;26687892;5088750;42587489;28807641;5351783;0;45293
FR;1;2022-08-25;565;937;3832;22919;654;3215;23148;0;655;42664732;41534807;26691724;5111669;42588143;28810856;5374931;0;45948
FR;1;2022-08-26;754;1137;4350;25157;810;3568;25532;0;745;42665486;41535944;26696074;5136826;42588953;28814424;5400463;0;46693
FR;1;2022-08-27;223;432;1324;5308;277;1191;5362;0;192;42665709;41536376;26697398;5142134;42589230;28815615;5405825;0;46885
FR;1;2022-08-28;113;147;298;900;106;280;949;0;33;42665822;41536523;26697696;5143034;42589336;28815895;5406774;0;46918
FR;1;2022-08-29;507;861;2979;14272;638;2519;14582;0;409;42666329;41537384;26700675;5157306;42589974;28818414;5421356;0;47327
FR;1;2022-08-30;746;1111;4626;27721;788;3776;28042;0;793;42667075;41538495;26705301;5185027;42590762;28822190;5449398;0;48120
FR;1;2022-08-31;587;835;3114;17243;614;2624;17505;0;483;42667662;41539330;26708415;5202270;42591376;28824814;5466903;0;48603
FR;1;2022-09-01;701;927;4333;21895;653;3693;22148;0;587;42668363;41540257;26712748;5224165;42592029;28828507;5489051;0;49190
FR;1;2022-09-02;862;1063;4887;27868;762;4084;28156;0;882;42669225;41541320;26717635;5252033;42592791;28832591;5517207;0;50072
FR;1;2022-09-03;322;511;1834;5876;349;1596;6105;0;174;42669547;41541831;26719469;5257909;42593140;28834187;5523312;0;50246
FR;1;2022-09-04;110;137;341;845;73;334;915;0;21;42669657;41541968;26719810;5258754;42593213;28834521;5524227;0;50267
FR;1;2022-09-05;729;872;3051;15698;696;2557;15982;0;499;42670386;41542840;26722861;5274452;42593909;28837078;5540209;0;50766
FR;1;2022-09-06;850;965;4572;31064;612;3712;31285;0;1002;42671236;41543805;26727433;5305516;42594521;28840790;5571494;0;51768
FR;1;2022-09-07;608;708;2921;16444;469;2426;16581;0;550;42671844;41544513;26730354;5321960;42594990;28843216;5588075;0;52318
FR;1;2022-09-08;584;796;3701;24224;543;3041;24305;0;796;42672428;41545309;26734055;5346184;42595533;28846257;5612380;0;53114
FR;1;2022-09-09;783;993;4307;26897;635;3597;27078;0;903;42673211;41546302;26738362;5373081;42596168;28849854;5639458;0;54017
FR;1;2022-09-10;351;579;1680;5590;410;1480;5782;0;203;42673562;41546881;26740042;5378671;42596578;28851334;5645240;0;54220
FR;1;2022-09-11;106;120;313;646;82;293;703;0;17;42673668;41547001;26740355;5379317;42596660;28851627;5645943;0;54237
FR;1;2022-09-12;484;605;2616;12955;426;2233;13235;0;462;42674152;41547606;26742971;5392272;42597086;28853860;5659178;0;54699
FR;1;2022-09-13;650;831;3871;25850;542;3384;25721;0;834;42674802;41548437;26746842;5418122;42597628;28857244;5684899;0;55533
FR;1;2022-09-14;626;723;2881;15702;507;2412;15938;0;537;42675428;41549160;26749723;5433824;42598135;28859656;5700837;0;56070
FR;1;2022-09-15;532;778;3345;23093;550;2851;23157;0;679;42675960;41549938;26753068;5456917;42598685;28862507;5723994;0;56749
FR;1;2022-09-16;726;947;4021;25351;631;3393;25550;0;891;42676686;41550885;26757089;5482268;42599316;28865900;5749544;0;57640
FR;1;2022-09-17;303;428;1397;5979;300;1222;6087;0;227;42676989;41551313;26758486;5488247;42599616;28867122;5755631;0;57867
FR;1;2022-09-18;99;126;310;924;103;278;980;0;34;42677088;41551439;26758796;5489171;42599719;28867400;5756611;0;57901
FR;1;2022-09-19;400;577;2142;12864;379;1837;13018;0;414;42677488;41552016;26760938;5502035;42600098;28869237;5769629;0;58315
FR;1;2022-09-20;564;841;3669;25830;589;3066;25870;0;854;42678052;41552857;26764607;5527865;42600687;28872303;5795499;0;59169
FR;1;2022-09-21;485;691;2628;15863;491;2256;15827;0;561;42678537;41553548;26767235;5543728;42601178;28874559;5811326;0;59730
FR;1;2022-09-22;549;778;3297;22998;517;2706;23176;0;745;42679086;41554326;26770532;5566726;42601695;28877265;5834502;0;60475
FR;1;2022-09-23;767;945;4353;28164;679;3634;28327;0;981;42679853;41555271;26774885;5594890;42602374;28880899;5862829;0;61456
FR;1;2022-09-24;356;539;1591;6706;379;1373;6880;0;300;42680209;41555810;26776476;5601596;42602753;28882272;5869709;0;61756
FR;1;2022-09-25;81;157;321;1072;111;293;1110;0;32;42680290;41555967;26776797;5602668;42602864;28882565;5870819;0;61788
FR;1;2022-09-26;383;654;2183;13078;432;1935;13172;0;412;42680673;41556621;26778980;5615746;42603296;28884500;5883991;0;62200
FR;1;2022-09-27;544;768;3458;25025;542;2794;25223;0;906;42681217;41557389;26782438;5640771;42603838;28887294;5909214;0;63106
FR;1;2022-09-28;525;720;2448;14971;507;2217;15060;0;597;42681742;41558109;26784886;5655742;42604345;28889511;5924274;0;63703
FR;1;2022-09-29;504;698;2999;20366;488;2523;20381;0;767;42682246;41558807;26787885;5676108;42604833;28892034;5944655;0;64470
FR;1;2022-09-30;694;996;3778;24429;705;3161;24678;0;970;42682940;41559803;26791663;5700537;42605538;28895195;5969333;0;65440
FR;1;2022-10-01;352;615;1905;5507;451;1659;5733;0;273;42683292;41560418;26793568;5706044;42605989;28896854;5975066;0;65713
FR;1;2022-10-02;56;120;204;568;82;204;589;0;29;42683348;41560538;26793772;5706612;42606071;28897058;5975655;0;65742
FR;1;2022-10-03;574;876;2226;10042;720;1986;10210;0;489;42683922;41561414;26795998;5716654;42606791;28899044;5985865;0;66231
FR;1;2022-10-04;683;738;2930;18922;507;2481;19010;0;1086;42684605;41562152;26798928;5735576;42607298;28901525;6004875;0;67317
FR;1;2022-10-05;487;726;2099;11114;500;1872;11243;0;723;42685092;41562878;26801027;5746690;42607798;28903397;6016118;0;68040
FR;1;2022-10-06;452;643;2498;15777;465;2063;15959;0;1062;42685544;41563521;26803525;5762467;42608263;28905460;6032077;0;69102
FR;1;2022-10-07;559;772;2694;16069;570;2311;16092;0;1162;42686103;41564293;26806219;5778536;42608833;28907771;6048169;0;70264
FR;1;2022-10-08;242;315;888;3171;248;776;3276;0;292;42686345;41564608;26807107;5781707;42609081;28908547;6051445;0;70556
FR;1;2022-10-09;76;93;151;461;83;135;487;0;51;42686421;41564701;26807258;5782168;42609164;28908682;6051932;0;70607
FR;1;2022-10-10;315;577;1324;4999;484;1240;5096;0;463;42686736;41565278;26808582;5787167;42609648;28909922;6057028;0;71070
FR;1;2022-10-11;338;457;1316;8086;342;1198;8187;0;758;42687074;41565735;26809898;5795253;42609990;28911120;6065215;0;71828
FR;1;2022-10-12;347;481;1078;5222;367;1076;5239;0;521;42687421;41566216;26810976;5800475;42610357;28912196;6070454;0;72349
FR;1;2022-10-13;338;450;1079;6099;360;936;6146;0;629;42687759;41566666;26812055;5806574;42610717;28913132;6076600;0;72978
FR;1;2022-10-14;413;554;1176;6712;468;1050;6781;0;676;42688172;41567220;26813231;5813286;42611185;28914182;6083381;0;73654
FR;1;2022-10-15;212;349;531;1860;301;514;1868;0;226;42688384;41567569;26813762;5815146;42611486;28914696;6085249;0;73880
FR;1;2022-10-16;47;68;111;296;49;118;315;0;48;42688431;41567637;26813873;5815442;42611535;28914814;6085564;0;73928
FR;1;2022-10-17;237;335;742;2653;267;698;2698;0;366;42688668;41567972;26814615;5818095;42611802;28915512;6088262;0;74294
FR;1;2022-10-18;266;319;956;4596;257;833;4700;0;866;42688934;41568291;26815571;5822691;42612059;28916345;6092962;0;75160
FR;1;2022-10-19;286;406;698;3187;339;667;3166;0;503;42689220;41568697;26816269;5825878;42612398;28917012;6096128;0;75663
FR;1;2022-10-20;289;356;903;4369;303;795;4404;0;771;42689509;41569053;26817172;5830247;42612701;28917807;6100532;0;76434
FR;1;2022-10-21;304;421;847;3807;372;743;3879;0;675;42689813;41569474;26818019;5834054;42613073;28918550;6104411;0;77109
FR;1;2022-10-22;135;184;306;1253;163;300;1218;0;210;42689948;41569658;26818325;5835307;42613236;28918850;6105629;0;77319
FR;1;2022-10-23;34;43;65;197;41;59;213;0;25;42689982;41569701;26818390;5835504;42613277;28918909;6105842;0;77344
FR;1;2022-10-24;273;236;479;1603;204;476;1660;0;306;42690255;41569937;26818869;5837107;42613481;28919385;6107502;0;77650
FR;1;2022-10-25;223;258;528;2651;227;449;2707;0;487;42690478;41570195;26819397;5839758;42613708;28919834;6110209;0;78137
FR;1;2022-10-26;236;251;394;1958;240;371;1965;0;438;42690714;41570446;26819791;5841716;42613948;28920205;6112174;0;78575
FR;1;2022-10-27;260;235;490;2167;207;509;2151;0;518;42690974;41570681;26820281;5843883;42614155;28920714;6114325;0;79093
FR;1;2022-10-28;313;335;534;2335;315;471;2402;0;478;42691287;41571016;26820815;5846218;42614470;28921185;6116727;0;79571
FR;1;2022-10-29;99;159;176;717;129;210;709;0;203;42691386;41571175;26820991;5846935;42614599;28921395;6117436;0;79774
FR;1;2022-10-30;38;51;62;184;43;56;189;0;38;42691424;41571226;26821053;5847119;42614642;28921451;6117625;0;79812
FR;1;2022-10-31;135;189;295;796;168;273;863;0;143;42691559;41571415;26821348;5847915;42614810;28921724;6118488;0;79955
FR;1;2022-11-01;77;135;768;115;117;768;134;0;19;42691636;41571550;26822116;5848030;42614927;28922492;6118622;0;79974
FR;1;2022-11-02;269;246;531;985;242;497;1048;0;356;42691905;41571796;26822647;5849015;42615169;28922989;6119670;0;80330
FR;1;2022-11-03;272;238;442;1380;223;404;1418;0;377;42692177;41572034;26823089;5850395;42615392;28923393;6121088;0;80707
FR;1;2022-11-04;233;262;424;1597;242;401;1637;0;438;42692410;41572296;26823513;5851992;42615634;28923794;6122725;0;81145
FR;1;2022-11-05;100;147;273;503;136;255;525;0;111;42692510;41572443;26823786;5852495;42615770;28924049;6123250;0;81256
FR;1;2022-11-06;36;49;32;131;48;35;129;0;33;42692546;41572492;26823818;5852626;42615818;28924084;6123379;0;81289
FR;1;2022-11-07;224;284;326;899;272;319;944;0;212;42692770;41572776;26824144;5853525;42616090;28924403;6124323;0;81501
FR;1;2022-11-08;240;267;472;1709;255;417;1738;0;524;42693010;41573043;26824616;5855234;42616345;28924820;6126061;0;82025
FR;1;2022-11-09;196;257;337;1104;247;303;1141;0;477;42693206;41573300;26824953;5856338;42616592;28925123;6127202;0;82502
FR;1;2022-11-10;216;394;435;1681;386;443;1670;0;605;42693422;41573694;26825388;5858019;42616978;28925566;6128872;0;83107
FR;1;2022-11-11;34;48;105;101;45;92;115;0;44;42693456;41573742;26825493;5858120;42617023;28925658;6128987;0;83151
FR;1;2022-11-12;95;152;257;375;138;257;390;0;101;42693551;41573894;26825750;5858495;42617161;28925915;6129377;0;83252
FR;1;2022-11-13;27;57;28;64;54;31;66;0;26;42693578;41573951;26825778;5858559;42617215;28925946;6129443;0;83278
FR;1;2022-11-14;175;184;271;768;172;275;838;0;235;42693753;41574135;26826049;5859327;42617387;28926221;6130281;0;83513
FR;1;2022-11-15;228;405;394;1300;404;372;1338;0;436;42693981;41574540;26826443;5860627;42617791;28926593;6131619;0;83949
FR;1;2022-11-16;197;273;336;983;267;350;1017;0;359;42694178;41574813;26826779;5861610;42618058;28926943;6132636;0;84308
FR;1;2022-11-17;171;212;297;1207;206;273;1211;0;387;42694349;41575025;26827076;5862817;42618264;28927216;6133847;0;84695
FR;1;2022-11-18;231;269;394;1315;261;383;1349;0;411;42694580;41575294;26827470;5864132;42618525;28927599;6135196;0;85106
FR;1;2022-11-19;120;115;249;441;114;214;474;0;102;42694700;41575409;26827719;5864573;42618639;28927813;6135670;0;85208
FR;1;2022-11-20;35;129;32;66;125;34;74;0;28;42694735;41575538;26827751;5864639;42618764;28927847;6135744;0;85236
FR;1;2022-11-21;174;173;271;641;146;288;678;0;211;42694909;41575711;26828022;5865280;42618910;28928135;6136422;0;85447
FR;1;2022-11-22;157;169;417;1160;152;398;1185;0;409;42695066;41575880;26828439;5866440;42619062;28928533;6137607;0;85856
FR;1;2022-11-23;179;186;246;763;171;247;786;0;241;42695245;41576066;26828685;5867203;42619233;28928780;6138393;0;86097
FR;1;2022-11-24;138;171;288;1213;151;301;1216;0;442;42695383;41576237;26828973;5868416;42619384;28929081;6139609;0;86539
FR;1;2022-11-25;210;248;429;1159;234;418;1191;0;392;42695593;41576485;26829402;5869575;42619618;28929499;6140800;0;86931
FR;1;2022-11-26;90;109;113;323;101;125;311;0;118;42695683;41576594;26829515;5869898;42619719;28929624;6141111;0;87049
FR;1;2022-11-27;18;38;22;72;25;34;78;0;49;42695701;41576632;26829537;5869970;42619744;28929658;6141189;0;87098
FR;1;2022-11-28;211;147;209;665;154;205;708;0;332;42695912;41576779;26829746;5870635;42619898;28929863;6141897;0;87430
FR;1;2022-11-29;171;145;269;1107;130;251;1119;0;458;42696083;41576924;26830015;5871742;42620028;28930114;6143016;0;87888
FR;1;2022-11-30;161;211;235;940;197;238;962;0;325;42696244;41577135;26830250;5872682;42620225;28930352;6143978;0;88213
FR;1;2022-12-01;183;162;716;1097;150;681;1146;0;379;42696427;41577297;26830966;5873779;42620375;28931033;6145124;0;88592
FR;1;2022-12-02;201;199;517;1187;194;513;1236;0;471;42696628;41577496;26831483;5874966;42620569;28931546;6146360;0;89063
FR;1;2022-12-03;102;112;262;532;100;240;529;0;180;42696730;41577608;26831745;5875498;42620669;28931786;6146889;0;89243
FR;1;2022-12-04;27;28;19;138;25;20;129;0;58;42696757;41577636;26831764;5875636;42620694;28931806;6147018;0;89301
FR;1;2022-12-05;148;170;308;868;166;303;902;0;318;42696905;41577806;26832072;5876504;42620860;28932109;6147920;0;89619
FR;1;2022-12-06;156;176;276;1449;162;281;1455;0;739;42697061;41577982;26832348;5877953;42621022;28932390;6149375;0;90358
FR;1;2022-12-07;155;173;256;1187;182;236;1203;0;576;42697216;41578155;26832604;5879140;42621204;28932626;6150578;0;90934
FR;1;2022-12-08;131;145;302;1757;137;259;1798;0;765;42697347;41578300;26832906;5880897;42621341;28932885;6152376;0;91699
FR;1;2022-12-09;202;197;357;1815;170;365;1836;0;721;42697549;41578497;26833263;5882712;42621511;28933250;6154212;0;92420
FR;1;2022-12-10;117;153;341;856;140;324;877;0;292;42697666;41578650;26833604;5883568;42621651;28933574;6155089;0;92712
FR;1;2022-12-11;32;30;32;218;27;30;200;0;62;42697698;41578680;26833636;5883786;42621678;28933604;6155289;0;92774
FR;1;2022-12-12;130;108;297;1101;105;284;1113;0;459;42697828;41578788;26833933;5884887;42621783;28933888;6156402;0;93233
FR;1;2022-12-13;126;134;293;1307;108;268;1321;0;618;42697954;41578922;26834226;5886194;42621891;28934156;6157723;0;93851
FR;1;2022-12-14;105;160;256;867;154;235;892;0;372;42698059;41579082;26834482;5887061;42622045;28934391;6158615;0;94223
FR;1;2022-12-15;139;182;457;1492;169;427;1518;0;691;42698198;41579264;26834939;5888553;42622214;28934818;6160133;0;94914
FR;1;2022-12-16;206;217;569;1344;220;553;1367;0;623;42698404;41579481;26835508;5889897;42622434;28935371;6161500;0;95537
FR;1;2022-12-17;88;93;224;468;82;219;476;0;204;42698492;41579574;26835732;5890365;42622516;28935590;6161976;0;95741
FR;1;2022-12-18;17;22;29;112;19;31;108;0;37;42698509;41579596;26835761;5890477;42622535;28935621;6162084;0;95778
FR;1;2022-12-19;151;132;251;791;140;221;835;0;382;42698660;41579728;26836012;5891268;42622675;28935842;6162919;0;96160
FR;1;2022-12-20;149;163;355;906;150;349;912;0;428;42698809;41579891;26836367;5892174;42622825;28936191;6163831;0;96588
FR;1;2022-12-21;139;112;218;638;122;183;647;0;388;42698948;41580003;26836585;5892812;42622947;28936374;6164478;0;96976
FR;1;2022-12-22;148;111;165;552;121;150;543;0;329;42699096;41580114;26836750;5893364;42623068;28936524;6165021;0;97305
FR;1;2022-12-23;130;157;458;419;141;448;426;0;182;42699226;41580271;26837208;5893783;42623209;28936972;6165447;0;97487
FR;1;2022-12-24;30;27;34;56;29;33;63;0;21;42699256;41580298;26837242;5893839;42623238;28937005;6165510;0;97508
FR;1;2022-12-25;4;11;20;12;12;14;15;0;11;42699260;41580309;26837262;5893851;42623250;28937019;6165525;0;97519
FR;1;2022-12-26;94;90;248;251;89;253;257;0;93;42699354;41580399;26837510;5894102;42623339;28937272;6165782;0;97612
FR;1;2022-12-27;117;160;311;387;151;317;402;0;180;42699471;41580559;26837821;5894489;42623490;28937589;6166184;0;97792
FR;1;2022-12-28;107;147;203;270;133;206;281;0;126;42699578;41580706;26838024;5894759;42623623;28937795;6166465;0;97918
FR;1;2022-12-29;105;109;154;282;109;153;303;0;114;42699683;41580815;26838178;5895041;42623732;28937948;6166768;0;98032
FR;1;2022-12-30;127;123;89;258;115;94;268;0;143;42699810;41580938;26838267;5895299;42623847;28938042;6167036;0;98175
FR;1;2022-12-31;38;35;28;79;40;25;79;0;25;42699848;41580973;26838295;5895378;42623887;28938067;6167115;0;98200
FR;1;2023-01-01;6;12;61;22;12;57;27;0;10;42699854;41580985;26838356;5895400;42623899;28938124;6167142;0;98210
FR;1;2023-01-02;535;153;678;169;161;658;194;0;64;42700389;41581138;26839034;5895569;42624060;28938782;6167336;0;98274
FR;1;2023-01-03;165;109;373;207;108;366;215;0;146;42700554;41581247;26839407;5895776;42624168;28939148;6167551;0;98420
FR;1;2023-01-04;95;99;249;198;100;250;208;0;193;42700649;41581346;26839656;5895974;42624268;28939398;6167759;0;98613
FR;1;2023-01-05;147;128;176;337;138;176;339;0;206;42700796;41581474;26839832;5896311;42624406;28939574;6168098;0;98819
FR;1;2023-01-06;198;144;225;325;147;211;350;0;230;42700994;41581618;26840057;5896636;42624553;28939785;6168448;0;99049
FR;1;2023-01-07;107;89;175;147;92;158;164;0;93;42701101;41581707;26840232;5896783;42624645;28939943;6168612;0;99142
FR;1;2023-01-08;26;19;31;59;18;26;64;0;24;42701127;41581726;26840263;5896842;42624663;28939969;6168676;0;99166
FR;1;2023-01-09;140;128;135;135;124;143;153;0;115;42701267;41581854;26840398;5896977;42624787;28940112;6168829;0;99281
FR;1;2023-01-10;119;140;284;277;137;291;278;0;192;42701386;41581994;26840682;5897254;42624924;28940403;6169107;0;99473
FR;1;2023-01-11;107;111;91;209;120;95;221;0;96;42701493;41582105;26840773;5897463;42625044;28940498;6169328;0;99569
FR;1;2023-01-12;136;123;214;243;118;214;268;0;166;42701629;41582228;26840987;5897706;42625162;28940712;6169596;0;99735
FR;1;2023-01-13;255;168;174;286;166;173;306;0;189;42701884;41582396;26841161;5897992;42625328;28940885;6169902;0;99924
FR;1;2023-01-14;89;64;162;104;66;172;103;0;62;42701973;41582460;26841323;5898096;42625394;28941057;6170005;0;99986
FR;1;2023-01-15;23;37;31;42;34;31;46;0;30;42701996;41582497;26841354;5898138;42625428;28941088;6170051;0;100016
FR;1;2023-01-16;113;104;310;155;98;314;133;0;100;42702109;41582601;26841664;5898293;42625526;28941402;6170184;0;100116
FR;1;2023-01-17;113;103;167;216;102;164;243;0;128;42702222;41582704;26841831;5898509;42625628;28941566;6170427;0;100244
FR;1;2023-01-18;99;90;97;143;89;92;184;0;121;42702321;41582794;26841928;5898652;42625717;28941658;6170611;0;100365
FR;1;2023-01-19;112;78;105;134;76;117;134;0;135;42702433;41582872;26842033;5898786;42625793;28941775;6170745;0;100500
FR;1;2023-01-20;170;149;168;278;150;196;267;0;204;42702603;41583021;26842201;5899064;42625943;28941971;6171012;0;100704
FR;1;2023-01-21;58;71;91;85;71;102;75;0;35;42702661;41583092;26842292;5899149;42626014;28942073;6171087;0;100739
FR;1;2023-01-22;10;9;14;21;7;9;26;0;14;42702671;41583101;26842306;5899170;42626021;28942082;6171113;0;100753
FR;1;2023-01-23;88;85;108;100;88;100;119;0;85;42702759;41583186;26842414;5899270;42626109;28942182;6171232;0;100838
FR;1;2023-01-24;122;76;73;122;89;70;131;0;183;42702881;41583262;26842487;5899392;42626198;28942252;6171363;0;101021
FR;1;2023-01-25;98;118;78;108;119;78;124;0;107;42702979;41583380;26842565;5899500;42626317;28942330;6171487;0;101128
FR;1;2023-01-26;104;105;63;152;94;68;173;0;108;42703083;41583485;26842628;5899652;42626411;28942398;6171660;0;101236
FR;1;2023-01-27;172;534;105;137;549;123;137;0;200;42703255;41584019;26842733;5899789;42626960;28942521;6171797;0;101436
FR;1;2023-01-28;73;74;56;40;76;53;48;0;28;42703328;41584093;26842789;5899829;42627036;28942574;6171845;0;101464
FR;1;2023-01-29;12;22;33;10;20;31;16;0;12;42703340;41584115;26842822;5899839;42627056;28942605;6171861;0;101476
FR;1;2023-01-30;144;108;64;72;110;70;80;0;51;42703484;41584223;26842886;5899911;42627166;28942675;6171941;0;101527
FR;1;2023-01-31;122;87;66;137;76;69;149;0;143;42703606;41584310;26842952;5900048;42627242;28942744;6172090;0;101670
FR;1;2023-02-01;122;144;345;106;142;338;134;0;77;42703728;41584454;26843297;5900154;42627384;28943082;6172224;0;101747
FR;1;2023-02-02;88;98;91;106;92;99;108;0;99;42703816;41584552;26843388;5900260;42627476;28943181;6172332;0;101846
FR;1;2023-02-03;156;148;133;98;148;139;104;0;97;42703972;41584700;26843521;5900358;42627624;28943320;6172436;0;101943
FR;1;2023-02-04;50;78;72;46;85;74;47;0;24;42704022;41584778;26843593;5900404;42627709;28943394;6172483;0;101967
FR;1;2023-02-05;6;8;18;6;7;21;7;0;8;42704028;41584786;26843611;5900410;42627716;28943415;6172490;0;101975
FR;1;2023-02-06;96;79;112;77;85;115;81;0;89;42704124;41584865;26843723;5900487;42627801;28943530;6172571;0;102064
FR;1;2023-02-07;92;76;97;77;77;91;97;0;115;42704216;41584941;26843820;5900564;42627878;28943621;6172668;0;102179
FR;1;2023-02-08;83;93;63;30;92;68;34;0;51;42704299;41585034;26843883;5900594;42627970;28943689;6172702;0;102230
FR;1;2023-02-09;65;65;83;59;75;82;67;0;79;42704364;41585099;26843966;5900653;42628045;28943771;6172769;0;102309
FR;1;2023-02-10;142;131;57;72;134;69;73;0;117;42704506;41585230;26844023;5900725;42628179;28943840;6172842;0;102426
FR;1;2023-02-11;45;53;78;25;50;87;27;0;11;42704551;41585283;26844101;5900750;42628229;28943927;6172869;0;102437
FR;1;2023-02-12;11;9;10;8;13;10;9;0;9;42704562;41585292;26844111;5900758;42628242;28943937;6172878;0;102446
FR;1;2023-02-13;91;119;47;42;120;54;34;0;31;42704653;41585411;26844158;5900800;42628362;28943991;6172912;0;102477
FR;1;2023-02-14;69;73;73;50;72;77;47;0;77;42704722;41585484;26844231;5900850;42628434;28944068;6172959;0;102554
FR;1;2023-02-15;76;103;77;52;111;83;60;0;81;42704798;41585587;26844308;5900902;42628545;28944151;6173019;0;102635
FR;1;2023-02-16;60;75;114;83;63;123;86;0;73;42704858;41585662;26844422;5900985;42628608;28944274;6173105;0;102708
FR;1;2023-02-17;105;125;171;61;130;175;70;0;47;42704963;41585787;26844593;5901046;42628738;28944449;6173175;0;102755
FR;1;2023-02-18;44;57;147;41;57;153;43;0;9;42705007;41585844;26844740;5901087;42628795;28944602;6173218;0;102764
FR;1;2023-02-19;14;0;6;4;2;5;4;0;5;42705021;41585844;26844746;5901091;42628797;28944607;6173222;0;102769
FR;1;2023-02-20;77;73;51;28;77;56;32;0;16;42705098;41585917;26844797;5901119;42628874;28944663;6173254;0;102785
FR;1;2023-02-21;62;74;54;49;78;57;47;0;38;42705160;41585991;26844851;5901168;42628952;28944720;6173301;0;102823
FR;1;2023-02-22;64;77;32;18;78;36;18;0;22;42705224;41586068;26844883;5901186;42629030;28944756;6173319;0;102845
FR;1;2023-02-23;52;79;47;36;77;57;31;0;54;42705276;41586147;26844930;5901222;42629107;28944813;6173350;0;102899
FR;1;2023-02-24;95;111;47;33;112;55;34;0;38;42705371;41586258;26844977;5901255;42629219;28944868;6173384;0;102937
FR;1;2023-02-25;42;49;69;22;56;69;24;0;26;42705413;41586307;26845046;5901277;42629275;28944937;6173408;0;102963
FR;1;2023-02-26;2;3;1;2;1;3;1;0;3;42705415;41586310;26845047;5901279;42629276;28944940;6173409;0;102966
FR;1;2023-02-27;91;77;62;35;77;70;32;0;20;42705506;41586387;26845109;5901314;42629353;28945010;6173441;0;102986
FR;1;2023-02-28;87;72;35;50;68;45;52;0;33;42705593;41586459;26845144;5901364;42629421;28945055;6173493;0;103019
FR;1;2023-03-01;73;90;242;52;88;234;69;0;42;42705666;41586549;26845386;5901416;42629509;28945289;6173562;0;103061
FR;1;2023-03-02;65;64;91;55;65;87;67;0;117;42705731;41586613;26845477;5901471;42629574;28945376;6173629;0;103178
FR;1;2023-03-03;106;108;69;53;107;67;57;0;47;42705837;41586721;26845546;5901524;42629681;28945443;6173686;0;103225
FR;1;2023-03-04;51;46;70;26;43;71;31;0;15;42705888;41586767;26845616;5901550;42629724;28945514;6173717;0;103240
FR;1;2023-03-05;4;2;5;0;3;5;1;0;0;42705892;41586769;26845621;5901550;42629727;28945519;6173718;0;103240
FR;1;2023-03-06;86;57;79;17;63;85;23;0;14;42705978;41586826;26845700;5901567;42629790;28945604;6173741;0;103254
FR;1;2023-03-07;53;71;47;40;68;45;50;0;71;42706031;41586897;26845747;5901607;42629858;28945649;6173791;0;103325
FR;1;2023-03-08;47;65;32;16;68;34;22;0;6;42706078;41586962;26845779;5901623;42629926;28945683;6173813;0;103331
FR;1;2023-03-09;37;54;45;22;49;49;31;0;30;42706115;41587016;26845824;5901645;42629975;28945732;6173844;0;103361
FR;1;2023-03-10;93;97;85;41;97;89;46;0;25;42706208;41587113;26845909;5901686;42630072;28945821;6173890;0;103386
FR;1;2023-03-11;47;39;51;9;33;57;13;0;6;42706255;41587152;26845960;5901695;42630105;28945878;6173903;0;103392
FR;1;2023-03-12;2;10;7;0;12;6;1;0;0;42706257;41587162;26845967;5901695;42630117;28945884;6173904;0;103392
FR;1;2023-03-13;48;67;39;15;63;46;14;0;19;42706305;41587229;26846006;5901710;42630180;28945930;6173918;0;103411
FR;1;2023-03-14;68;48;55;21;52;59;23;0;31;42706373;41587277;26846061;5901731;42630232;28945989;6173941;0;103442
FR;1;2023-03-15;39;70;73;60;69;76;67;0;47;42706412;41587347;26846134;5901791;42630301;28946065;6174008;0;103489
FR;1;2023-03-16;55;49;88;23;53;87;27;0;20;42706467;41587396;26846222;5901814;42630354;28946152;6174035;0;103509
FR;1;2023-03-17;109;89;101;37;103;104;41;0;35;42706576;41587485;26846323;5901851;42630457;28946256;6174076;0;103544
FR;1;2023-03-18;34;33;144;10;28;148;15;0;5;42706610;41587518;26846467;5901861;42630485;28946404;6174091;0;103549
FR;1;2023-03-19;11;4;1;2;5;1;3;0;0;42706621;41587522;26846468;5901863;42630490;28946405;6174094;0;103549
FR;1;2023-03-20;44;59;49;29;49;58;33;0;24;42706665;41587581;26846517;5901892;42630539;28946463;6174127;0;103573
FR;1;2023-03-21;73;61;42;11;66;45;16;0;26;42706738;41587642;26846559;5901903;42630605;28946508;6174143;0;103599
FR;1;2023-03-22;58;54;37;31;54;51;26;0;13;42706796;41587696;26846596;5901934;42630659;28946559;6174169;0;103612
FR;1;2023-03-23;58;47;37;23;48;41;25;0;47;42706854;41587743;26846633;5901957;42630707;28946600;6174194;0;103659
FR;1;2023-03-24;77;103;190;29;106;196;35;0;23;42706931;41587846;26846823;5901986;42630813;28946796;6174229;0;103682
FR;1;2023-03-25;47;51;48;11;48;52;15;0;5;42706978;41587897;26846871;5901997;42630861;28946848;6174244;0;103687
FR;1;2023-03-26;2;3;8;0;0;9;2;0;2;42706980;41587900;26846879;5901997;42630861;28946857;6174246;0;103689
FR;1;2023-03-27;104;58;68;11;61;71;15;0;22;42707084;41587958;26846947;5902008;42630922;28946928;6174261;0;103711
FR;1;2023-03-28;48;38;23;21;41;25;21;0;31;42707132;41587996;26846970;5902029;42630963;28946953;6174282;0;103742
FR;1;2023-03-29;55;46;31;28;45;38;25;0;14;42707187;41588042;26847001;5902057;42631008;28946991;6174307;0;103756
FR;1;2023-03-30;56;42;58;19;45;57;26;0;29;42707243;41588084;26847059;5902076;42631053;28947048;6174333;0;103785
FR;1;2023-03-31;66;84;28;16;82;34;13;0;35;42707309;41588168;26847087;5902092;42631135;28947082;6174346;0;103820
FR;1;2023-04-01;29;53;127;10;50;129;17;0;10;42707338;41588221;26847214;5902102;42631185;28947211;6174363;0;103830
FR;1;2023-04-02;1;1;8;0;1;7;1;0;0;42707339;41588222;26847222;5902102;42631186;28947218;6174364;0;103830
FR;1;2023-04-03;91;50;147;28;45;149;34;0;19;42707430;41588272;26847369;5902130;42631231;28947367;6174398;0;103849
FR;1;2023-04-04;40;51;40;11;43;47;12;0;25;42707470;41588323;26847409;5902141;42631274;28947414;6174410;0;103874
FR;1;2023-04-05;25;41;33;19;38;27;27;0;14;42707495;41588364;26847442;5902160;42631312;28947441;6174437;0;103888
FR;1;2023-04-06;41;45;32;11;42;34;16;0;15;42707536;41588409;26847474;5902171;42631354;28947475;6174453;0;103903
FR;1;2023-04-07;48;63;33;17;63;37;16;0;13;42707584;41588472;26847507;5902188;42631417;28947512;6174469;0;103916
FR;1;2023-04-08;25;32;11;13;25;18;13;0;13;42707609;41588504;26847518;5902201;42631442;28947530;6174482;0;103929
FR;1;2023-04-09;4;2;0;2;1;1;2;0;1;42707613;41588506;26847518;5902203;42631443;28947531;6174484;0;103930
FR;1;2023-04-10;5;15;22;1;15;24;1;0;1;42707618;41588521;26847540;5902204;42631458;28947555;6174485;0;103931
FR;1;2023-04-11;40;51;22;12;50;21;14;0;17;42707658;41588572;26847562;5902216;42631508;28947576;6174499;0;103948
FR;1;2023-04-12;36;35;36;19;33;41;22;0;24;42707694;41588607;26847598;5902235;42631541;28947617;6174521;0;103972
FR;1;2023-04-13;36;38;20;16;39;25;14;0;26;42707730;41588645;26847618;5902251;42631580;28947642;6174535;0;103998
FR;1;2023-04-14;59;69;131;14;78;125;20;0;17;42707789;41588714;26847749;5902265;42631658;28947767;6174555;0;104015
FR;1;2023-04-15;28;28;34;10;28;37;12;0;2;42707817;41588742;26847783;5902275;42631686;28947804;6174567;0;104017
FR;1;2023-04-16;3;2;0;0;2;0;0;0;0;42707820;41588744;26847783;5902275;42631688;28947804;6174567;0;104017
FR;1;2023-04-17;37;38;59;16;42;64;15;0;11;42707857;41588782;26847842;5902291;42631730;28947868;6174582;0;104028
FR;1;2023-04-18;37;40;27;7;35;41;12;0;24;42707894;41588822;26847869;5902298;42631765;28947909;6174594;0;104052
FR;1;2023-04-19;36;57;13;8;57;14;10;0;14;42707930;41588879;26847882;5902306;42631822;28947923;6174604;0;104066
FR;1;2023-04-20;27;39;38;16;39;39;17;0;14;42707957;41588918;26847920;5902322;42631861;28947962;6174621;0;104080
FR;1;2023-04-21;46;63;116;17;60;118;21;0;18;42708003;41588981;26848036;5902339;42631921;28948080;6174642;0;104098
FR;1;2023-04-22;19;23;34;9;20;39;9;0;4;42708022;41589004;26848070;5902348;42631941;28948119;6174651;0;104102
FR;1;2023-04-23;0;1;2;1;1;2;1;0;0;42708022;41589005;26848072;5902349;42631942;28948121;6174652;0;104102
FR;1;2023-04-24;57;39;29;5;37;33;6;0;8;42708079;41589044;26848101;5902354;42631979;28948154;6174658;0;104110
FR;1;2023-04-25;31;34;22;16;30;23;20;0;15;42708110;41589078;26848123;5902370;42632009;28948177;6174678;0;104125
FR;1;2023-04-26;31;24;8;6;24;13;7;0;7;42708141;41589102;26848131;5902376;42632033;28948190;6174685;0;104132
FR;1;2023-04-27;32;35;31;25;30;36;28;0;12;42708173;41589137;26848162;5902401;42632063;28948226;6174713;0;104144
FR;1;2023-04-28;69;52;22;14;46;28;20;0;11;42708242;41589189;26848184;5902415;42632109;28948254;6174733;0;104155
FR;1;2023-04-29;19;19;14;7;18;12;11;0;9;42708261;41589208;26848198;5902422;42632127;28948266;6174744;0;104164
FR;1;2023-04-30;6;0;0;1;0;0;1;0;0;42708267;41589208;26848198;5902423;42632127;28948266;6174745;0;104164
FR;1;2023-05-01;0;12;24;1;12;24;1;0;0;42708267;41589220;26848222;5902424;42632139;28948290;6174746;0;104164
FR;1;2023-05-02;91;52;128;12;56;124;23;0;19;42708358;41589272;26848350;5902436;42632195;28948414;6174769;0;104183
FR;1;2023-05-03;51;27;40;4;23;44;6;0;9;42708409;41589299;26848390;5902440;42632218;28948458;6174775;0;104192
FR;1;2023-05-04;19;33;64;26;33;83;35;0;17;42708428;41589332;26848454;5902466;42632251;28948541;6174810;0;104209
FR;1;2023-05-05;26;31;19;2;32;15;6;0;8;42708454;41589363;26848473;5902468;42632283;28948556;6174816;0;104217
FR;1;2023-05-06;11;7;6;3;8;7;4;0;7;42708465;41589370;26848479;5902471;42632291;28948563;6174820;0;104224
FR;1;2023-05-07;2;2;4;4;2;3;2;0;1;42708467;41589372;26848483;5902475;42632293;28948566;6174822;0;104225
FR;1;2023-05-08;7;3;4;1;3;4;1;0;0;42708474;41589375;26848487;5902476;42632296;28948570;6174823;0;104225
FR;1;2023-05-09;14;16;11;3;14;11;6;0;9;42708488;41589391;26848498;5902479;42632310;28948581;6174829;0;104234
FR;1;2023-05-10;18;16;5;11;16;7;8;0;1;42708506;41589407;26848503;5902490;42632326;28948588;6174837;0;104235
FR;1;2023-05-11;13;18;5;8;18;6;8;0;18;42708519;41589425;26848508;5902498;42632344;28948594;6174845;0;104253
FR;1;2023-05-12;16;40;23;15;37;27;18;0;11;42708535;41589465;26848531;5902513;42632381;28948621;6174863;0;104264
FR;1;2023-05-13;12;20;6;2;21;6;2;0;2;42708547;41589485;26848537;5902515;42632402;28948627;6174865;0;104266
FR;1;2023-05-14;12;1;1;0;1;1;0;0;0;42708559;41589486;26848538;5902515;42632403;28948628;6174865;0;104266
FR;1;2023-05-15;17;17;9;3;16;9;5;0;9;42708576;41589503;26848547;5902518;42632419;28948637;6174870;0;104275
FR;1;2023-05-16;17;25;15;27;22;16;31;0;39;42708593;41589528;26848562;5902545;42632441;28948653;6174901;0;104314
FR;1;2023-05-17;21;45;4;6;45;5;6;0;15;42708614;41589573;26848566;5902551;42632486;28948658;6174907;0;104329
FR;1;2023-05-18;0;3;1;0;3;1;0;0;1;42708614;41589576;26848567;5902551;42632489;28948659;6174907;0;104330
FR;1;2023-05-19;13;21;9;6;19;13;9;0;11;42708627;41589597;26848576;5902557;42632508;28948672;6174916;0;104341
FR;1;2023-05-20;6;7;7;5;6;6;8;0;6;42708633;41589604;26848583;5902562;42632514;28948678;6174924;0;104347
FR;1;2023-05-21;6;0;0;0;0;0;0;0;1;42708639;41589604;26848583;5902562;42632514;28948678;6174924;0;104348
FR;1;2023-05-22;39;16;29;6;16;29;7;0;7;42708678;41589620;26848612;5902568;42632530;28948707;6174931;0;104355
FR;1;2023-05-23;7;19;2;6;19;3;6;0;13;42708685;41589639;26848614;5902574;42632549;28948710;6174937;0;104368
FR;1;2023-05-24;14;19;5;15;19;6;16;0;27;42708699;41589658;26848619;5902589;42632568;28948716;6174953;0;104395
FR;1;2023-05-25;14;9;3;4;9;3;6;0;7;42708713;41589667;26848622;5902593;42632577;28948719;6174959;0;104402
FR;1;2023-05-26;24;22;15;8;17;20;10;0;10;42708737;41589689;26848637;5902601;42632594;28948739;6174969;0;104412
FR;1;2023-05-27;5;14;1;3;13;2;4;0;2;42708742;41589703;26848638;5902604;42632607;28948741;6174973;0;104414
FR;1;2023-05-28;1;2;1;0;2;1;0;0;0;42708743;41589705;26848639;5902604;42632609;28948742;6174973;0;104414
FR;1;2023-05-29;0;0;0;0;0;0;0;0;0;42708743;41589705;26848639;5902604;42632609;28948742;6174973;0;104414
FR;2;2020-12-27;0;0;0;0;0;0;0;0;0;0;0;0;0;0;0;0;0;0
FR;2;2020-12-28;0;0;0;0;0;0;0;0;0;0;0;0;0;0;0;0;0;0
FR;2;2020-12-29;0;0;0;0;0;0;0;0;0;0;0;0;0;0;0;0;0;0
FR;2;2020-12-30;0;0;0;0;0;0;0;0;0;0;0;0;0;0;0;0;0;0
FR;2;2020-12-31;0;0;0;0;0;0;0;0;0;0;0;0;0;0;0;0;0;0
FR;2;2021-01-01;0;0;0;0;0;0;0;0;0;0;0;0;0;0;0;0;0;0
FR;2;2021-01-02;0;0;0;0;0;0;0;0;0;0;0;0;0;0;0;0;0;0
FR;2;2021-01-03;0;0;0;0;0;0;0;0;0;0;0;0;0;0;0;0;0;0
FR;2;2021-01-04;0;0;0;0;0;0;0;0;0;0;0;0;0;0;0;0;0;0
FR;2;2021-01-05;0;0;0;0;0;0;0;0;0;0;0;0;0;0;0;0;0;0
FR;2;2021-01-06;0;0;0;0;0;0;0;0;0;0;0;0;0;0;0;0;0;0
FR;2;2021-01-07;0;0;0;0;0;0;0;0;0;0;0;0;0;0;0;0;0;0
FR;2;2021-01-08;0;0;0;0;0;0;0;0;0;0;0;0;0;0;0;0;0;0
FR;2;2021-01-09;0;0;0;0;0;0;0;0;0;0;0;0;0;0;0;0;0;0
FR;2;2021-01-10;0;0;0;0;0;0;0;0;0;0;0;0;0;0;0;0;0;0
FR;2;2021-01-11;0;0;0;0;0;0;0;0;0;0;0;0;0;0;0;0;0;0
FR;2;2021-01-12;0;0;0;0;0;0;0;0;0;0;0;0;0;0;0;0;0;0
FR;2;2021-01-13;0;0;0;0;0;0;0;0;0;0;0;0;0;0;0;0;0;0
FR;2;2021-01-14;1636;0;0;0;213;0;0;0;0;1636;0;0;0;213;0;0;0;0
FR;2;2021-01-15;398;0;0;0;28;0;0;0;0;2034;0;0;0;241;0;0;0;0
FR;2;2021-01-16;316;0;0;0;12;0;0;0;0;2350;0;0;0;253;0;0;0;0
FR;2;2021-01-17;84;0;0;0;7;0;0;0;0;2434;0;0;0;260;0;0;0;0
FR;2;2021-01-18;3075;3;0;0;27;0;0;0;0;5509;3;0;0;287;0;0;0;0
FR;2;2021-01-19;4681;2;0;0;31;0;0;0;0;10190;5;0;0;318;0;0;0;0
FR;2;2021-01-20;5138;6;0;0;58;0;0;0;0;15328;11;0;0;376;0;0;0;0
FR;2;2021-01-21;5346;9;0;0;55;0;0;0;0;20674;20;0;0;431;0;0;0;0
FR;2;2021-01-22;5119;19;0;0;70;0;0;0;0;25793;39;0;0;501;0;0;0;0
FR;2;2021-01-23;1875;2;0;0;16;0;0;0;0;27668;41;0;0;517;0;0;0;0
FR;2;2021-01-24;163;2;0;0;8;0;0;0;0;27831;43;0;0;525;0;0;0;0
FR;2;2021-01-25;3814;4;0;0;37;0;0;0;0;31645;47;0;0;562;0;0;0;0
FR;2;2021-01-26;3930;6;0;0;42;0;0;0;0;35575;53;0;0;604;0;0;0;0
FR;2;2021-01-27;3606;4;0;0;36;0;0;0;0;39181;57;0;0;640;0;0;0;0
FR;2;2021-01-28;3757;9;0;0;44;0;0;0;0;42938;66;0;0;684;0;0;0;0
FR;2;2021-01-29;3300;6;0;0;42;0;0;0;0;46238;72;0;0;726;0;0;0;0
FR;2;2021-01-30;1133;3;0;0;16;0;0;0;0;47371;75;0;0;742;0;0;0;0
FR;2;2021-01-31;46;2;0;0;9;0;0;0;0;47417;77;0;0;751;0;0;0;0
FR;2;2021-02-01;3408;13;0;0;44;0;0;0;0;50825;90;0;0;795;0;0;0;0
FR;2;2021-02-02;4498;19;0;0;53;0;0;0;0;55323;109;0;0;848;0;0;0;0
FR;2;2021-02-03;5223;12;0;0;83;0;0;0;0;60546;121;0;0;931;0;0;0;0
FR;2;2021-02-04;4941;11;0;0;36;0;0;0;0;65487;132;0;0;967;0;0;0;0
FR;2;2021-02-05;4817;17;0;0;50;0;0;0;0;70304;149;0;0;1017;0;0;0;0
FR;2;2021-02-06;2047;15;0;0;41;0;0;0;0;72351;164;0;0;1058;0;0;0;0
FR;2;2021-02-07;103;6;0;0;20;0;0;0;0;72454;170;0;0;1078;0;0;0;0
FR;2;2021-02-08;7559;27;0;0;86;0;0;0;0;80013;197;0;0;1164;0;0;0;0
FR;2;2021-02-09;8435;31;0;0;100;0;0;0;0;88448;228;0;0;1264;0;0;0;0
FR;2;2021-02-10;9349;63;0;0;183;0;0;0;0;97797;291;0;0;1447;0;0;0;0
FR;2;2021-02-11;10292;132;0;0;256;0;0;0;0;108089;423;0;0;1703;0;0;0;0
FR;2;2021-02-12;10059;276;0;0;430;0;0;0;0;118148;699;0;0;2133;0;0;0;0
FR;2;2021-02-13;3121;223;0;0;261;0;0;0;0;121269;922;0;0;2394;0;0;0;0
FR;2;2021-02-14;358;11;0;0;21;0;0;0;0;121627;933;0;0;2415;0;0;0;0
FR;2;2021-02-15;3460;3129;0;0;3176;0;0;0;0;125087;4062;0;0;5591;0;0;0;0
FR;2;2021-02-16;5076;4164;0;0;4237;0;0;0;0;130163;8226;0;0;9828;0;0;0;0
FR;2;2021-02-17;4259;4555;0;0;4632;0;0;0;0;134422;12781;0;0;14460;0;0;0;0
FR;2;2021-02-18;5406;5179;0;0;5249;0;0;0;0;139828;17960;0;0;19709;0;0;0;0
FR;2;2021-02-19;5329;4491;0;0;4592;0;0;0;0;145157;22451;0;0;24301;0;0;0;0
FR;2;2021-02-20;1872;1520;0;0;1537;0;0;0;0;147029;23971;0;0;25838;0;0;0;0
FR;2;2021-02-21;244;96;0;0;98;0;0;0;0;147273;24067;0;0;25936;0;0;0;0
FR;2;2021-02-22;3614;3782;0;0;3844;0;0;0;0;150887;27849;0;0;29780;0;0;0;0
FR;2;2021-02-23;4956;3741;0;0;3805;0;0;0;0;155843;31590;0;0;33585;0;0;0;0
FR;2;2021-02-24;5017;3558;0;0;3611;0;0;0;0;160860;35148;0;0;37196;0;0;0;0
FR;2;2021-02-25;5501;3495;0;0;3585;0;0;0;0;166361;38643;0;0;40781;0;0;0;0
FR;2;2021-02-26;4368;3179;0;0;3253;0;0;0;0;170729;41822;0;0;44034;0;0;0;0
FR;2;2021-02-27;1629;1067;0;0;1086;0;0;0;0;172358;42889;0;0;45120;0;0;0;0
FR;2;2021-02-28;179;17;0;0;28;0;0;0;0;172537;42906;0;0;45148;0;0;0;0
FR;2;2021-03-01;5193;3763;0;0;3852;0;0;0;0;177730;46669;0;0;49000;0;0;0;0
FR;2;2021-03-02;6542;4728;0;0;4829;0;0;0;0;184272;51397;0;0;53829;0;0;0;0
FR;2;2021-03-03;6544;4955;0;0;5096;0;0;0;0;190816;56352;0;0;58925;0;0;0;0
FR;2;2021-03-04;8412;4210;0;0;4396;0;0;0;0;199228;60562;0;0;63321;0;0;0;0
FR;2;2021-03-05;8037;4054;0;0;4237;0;0;0;0;207265;64616;0;0;67558;0;0;0;0
FR;2;2021-03-06;4791;1683;0;0;1783;0;0;0;0;212056;66299;0;0;69341;0;0;0;0
FR;2;2021-03-07;2373;32;0;0;76;0;0;0;0;214429;66331;0;0;69417;0;0;0;0
FR;2;2021-03-08;4166;8392;0;0;8549;0;0;0;0;218595;74723;0;0;77966;0;0;0;0
FR;2;2021-03-09;7494;8610;1;0;8868;0;0;0;0;226089;83333;1;0;86834;0;0;0;0
FR;2;2021-03-10;7108;9246;0;0;9473;0;0;0;0;233197;92579;1;0;96307;0;0;0;0
FR;2;2021-03-11;9379;9365;1;0;9686;0;0;0;0;242576;101944;2;0;105993;0;0;0;0
FR;2;2021-03-12;7989;8368;0;0;8670;0;0;0;0;250565;110312;2;0;114663;0;0;0;0
FR;2;2021-03-13;10058;2593;0;0;2914;0;0;0;0;260623;112905;2;0;117577;0;0;0;0
FR;2;2021-03-14;4841;380;0;0;539;0;0;0;0;265464;113285;2;0;118116;0;0;0;0
FR;2;2021-03-15;10919;3476;0;0;3765;0;0;0;0;276383;116761;2;0;121881;0;0;0;0
FR;2;2021-03-16;16770;4732;1;0;5282;0;0;0;0;293153;121493;3;0;127163;0;0;0;0
FR;2;2021-03-17;20242;3998;0;0;4672;0;0;0;0;313395;125491;3;0;131835;0;0;0;0
FR;2;2021-03-18;23375;5128;0;0;5957;0;0;0;0;336770;130619;3;0;137792;0;0;0;0
FR;2;2021-03-19;23316;4680;0;0;5443;0;0;0;0;360086;135299;3;0;143235;0;0;0;0
FR;2;2021-03-20;25452;1588;0;0;2345;0;0;0;0;385538;136887;3;0;145580;0;0;0;0
FR;2;2021-03-21;17675;153;0;0;731;0;0;0;0;403213;137040;3;0;146311;0;0;0;0
FR;2;2021-03-22;17791;3275;0;0;3944;0;0;0;0;421004;140315;3;0;150255;0;0;0;0
FR;2;2021-03-23;22707;4288;0;0;5143;0;0;0;0;443711;144603;3;0;155398;0;0;0;0
FR;2;2021-03-24;23966;5100;0;0;5937;0;0;0;0;467677;149703;3;0;161335;0;0;0;0
FR;2;2021-03-25;26762;5259;1;0;6456;0;0;0;0;494439;154962;4;0;167791;0;0;0;0
FR;2;2021-03-26;26992;4236;0;0;5382;0;0;0;0;521431;159198;4;0;173173;0;0;0;0
FR;2;2021-03-27;15923;1369;0;0;1899;0;0;0;0;537354;160567;4;0;175072;0;0;0;0
FR;2;2021-03-28;10563;136;0;0;428;0;0;0;0;547917;160703;4;0;175500;0;0;0;0
FR;2;2021-03-29;19004;4349;0;0;5049;0;0;0;0;566921;165052;4;0;180549;0;0;0;0
FR;2;2021-03-30;24597;6105;0;0;7045;0;0;0;0;591518;171157;4;0;187594;0;0;0;0
FR;2;2021-03-31;28562;5931;0;0;7224;0;0;0;0;620080;177088;4;0;194818;0;0;0;0
FR;2;2021-04-01;34560;8576;1;0;10269;0;0;0;0;654640;185664;5;0;205087;0;0;0;0
FR;2;2021-04-02;29992;7736;0;0;9164;0;0;0;0;684632;193400;5;0;214251;0;0;0;0
FR;2;2021-04-03;16959;4263;0;0;4945;0;0;0;0;701591;197663;5;0;219196;0;0;0;0
FR;2;2021-04-04;9309;1269;2;0;1677;0;0;0;0;710900;198932;7;0;220873;0;0;0;0
FR;2;2021-04-05;12448;797;0;0;1381;0;0;0;0;723348;199729;7;0;222254;0;0;0;0
FR;2;2021-04-06;27159;7359;0;0;8751;0;0;0;0;750507;207088;7;0;231005;0;0;0;0
FR;2;2021-04-07;30931;7070;1;0;8646;0;0;0;0;781438;214158;8;0;239651;0;0;0;0
FR;2;2021-04-08;36896;8592;1;0;10517;0;0;0;0;818334;222750;9;0;250168;0;0;0;0
FR;2;2021-04-09;33856;8391;28;0;10176;0;0;0;0;852190;231141;37;0;260344;0;0;0;0
FR;2;2021-04-10;19689;9270;1;0;10182;0;0;0;0;871879;240411;38;0;270526;0;0;0;0
FR;2;2021-04-11;7943;4240;1;0;4603;0;0;0;0;879822;244651;39;0;275129;0;0;0;0
FR;2;2021-04-12;17137;11028;0;0;11870;0;0;0;0;896959;255679;39;0;286999;0;0;0;0
FR;2;2021-04-13;19465;16034;1;0;17102;0;0;0;0;916424;271713;40;0;304101;0;0;0;0
FR;2;2021-04-14;18071;16445;7;0;17541;0;0;0;0;934495;288158;47;0;321642;0;0;0;0
FR;2;2021-04-15;22208;21891;27;0;23345;0;0;0;0;956703;310049;74;0;344987;0;0;0;0
FR;2;2021-04-16;20721;20642;45;0;21915;0;0;0;0;977424;330691;119;0;366902;0;0;0;0
FR;2;2021-04-17;13258;22496;5;0;23227;0;0;0;0;990682;353187;124;0;390129;0;0;0;0
FR;2;2021-04-18;5911;14397;6;0;14737;0;0;0;0;996593;367584;130;0;404866;0;0;0;0
FR;2;2021-04-19;16850;16394;24;0;17197;0;0;0;0;1013443;383978;154;0;422063;0;0;0;0
FR;2;2021-04-20;19328;21807;38;0;22868;0;0;0;0;1032771;405785;192;0;444931;0;0;0;0
FR;2;2021-04-21;20294;21902;76;0;23052;0;0;0;0;1053065;427687;268;0;467983;0;0;0;0
FR;2;2021-04-22;23824;24958;41;0;26371;0;0;0;0;1076889;452645;309;0;494354;0;0;0;0
FR;2;2021-04-23;24534;25500;76;0;27012;0;0;0;0;1101423;478145;385;0;521366;0;0;0;0
FR;2;2021-04-24;25305;15068;104;0;16506;0;0;0;0;1126728;493213;489;0;537872;0;0;0;0
FR;2;2021-04-25;9598;8622;5;0;9183;0;0;0;0;1136326;501835;494;0;547055;0;0;0;0
FR;2;2021-04-26;17169;17678;21;0;18564;0;0;0;0;1153495;519513;515;0;565619;0;0;0;0
FR;2;2021-04-27;19246;24101;40;0;25285;0;0;0;0;1172741;543614;555;0;590904;0;0;0;0
FR;2;2021-04-28;22343;26457;113;0;27858;0;0;0;0;1195084;570071;668;0;618762;0;0;0;0
FR;2;2021-04-29;25477;30501;70;0;32191;0;0;0;0;1220561;600572;738;0;650953;0;0;0;0
FR;2;2021-04-30;25541;27977;49;1;29627;0;0;0;0;1246102;628549;787;1;680580;0;0;0;0
FR;2;2021-05-01;14988;9853;6;0;10654;0;0;0;0;1261090;638402;793;1;691234;0;0;0;0
FR;2;2021-05-02;6642;9160;2;0;9506;0;0;0;0;1267732;647562;795;1;700740;0;0;0;0
FR;2;2021-05-03;20026;19127;40;0;20334;0;0;0;0;1287758;666689;835;1;721074;0;0;0;0
FR;2;2021-05-04;18288;29202;33;0;30348;0;0;0;0;1306046;695891;868;1;751422;0;0;0;0
FR;2;2021-05-05;18385;29523;48;0;30821;0;0;0;0;1324431;725414;916;1;782243;0;0;0;0
FR;2;2021-05-06;23553;35414;132;0;36987;0;0;0;0;1347984;760828;1048;1;819230;0;0;0;0
FR;2;2021-05-07;25349;33240;97;0;35099;0;0;0;0;1373333;794068;1145;1;854329;0;0;0;0
FR;2;2021-05-08;21343;10701;15;0;11788;0;0;0;0;1394676;804769;1160;1;866117;0;0;0;0
FR;2;2021-05-09;13170;7609;7;0;8284;0;0;0;0;1407846;812378;1167;1;874401;0;0;0;0
FR;2;2021-05-10;32949;21717;50;0;23574;0;0;0;0;1440795;834095;1217;1;897975;0;0;0;0
FR;2;2021-05-11;43616;20904;101;0;23529;0;0;0;0;1484411;854999;1318;1;921504;0;0;0;0
FR;2;2021-05-12;50070;19637;143;0;22517;0;0;0;0;1534481;874636;1461;1;944021;0;0;0;0
FR;2;2021-05-13;51301;5597;31;0;8465;0;0;0;0;1585782;880233;1492;1;952486;0;0;0;0
FR;2;2021-05-14;61361;12884;132;0;16538;0;0;0;0;1647143;893117;1624;1;969024;0;0;0;0
FR;2;2021-05-15;65938;7100;40;0;10650;0;0;0;0;1713081;900217;1664;1;979674;0;0;0;0
FR;2;2021-05-16;43588;2573;10;0;4944;0;0;0;0;1756669;902790;1674;1;984618;0;0;0;0
FR;2;2021-05-17;44756;12447;114;0;15354;0;0;0;0;1801425;915237;1788;1;999972;0;0;0;0
FR;2;2021-05-18;54650;12289;190;0;15972;0;0;0;0;1856075;927526;1978;1;1015944;0;0;0;0
FR;2;2021-05-19;57180;10460;281;0;14500;0;0;0;0;1913255;937986;2259;1;1030444;0;0;0;0
FR;2;2021-05-20;63452;10804;288;0;14899;0;0;0;0;1976707;948790;2547;1;1045343;0;0;0;0
FR;2;2021-05-21;64306;11602;230;0;16027;0;0;0;0;2041013;960392;2777;1;1061370;0;0;0;0
FR;2;2021-05-22;61488;4530;65;0;8500;0;0;0;0;2102501;964922;2842;1;1069870;0;0;0;0
FR;2;2021-05-23;37537;575;22;0;2912;0;0;0;0;2140038;965497;2864;1;1072782;0;0;0;0
FR;2;2021-05-24;17248;2052;35;0;3259;0;0;0;0;2157286;967549;2899;1;1076041;0;0;0;0
FR;2;2021-05-25;21121;12253;241;0;13854;0;0;0;0;2178407;979802;3140;1;1089895;0;0;0;0
FR;2;2021-05-26;19946;11539;230;0;13068;0;0;0;0;2198353;991341;3370;1;1102963;0;0;0;0
FR;2;2021-05-27;23001;12663;182;0;14400;0;0;0;0;2221354;1004004;3552;1;1117363;0;0;0;0
FR;2;2021-05-28;29398;15044;190;0;17224;0;0;0;0;2250752;1019048;3742;1;1134587;0;0;0;0
FR;2;2021-05-29;30425;8196;58;0;10104;0;0;0;0;2281177;1027244;3800;1;1144691;0;0;0;0
FR;2;2021-05-30;4648;1819;6;0;2154;0;0;0;0;2285825;1029063;3806;1;1146845;0;0;0;0
FR;2;2021-05-31;28590;18741;184;0;20820;0;0;0;0;2314415;1047804;3990;1;1167665;0;0;0;0
FR;2;2021-06-01;45745;19915;225;0;23151;0;0;0;0;2360160;1067719;4215;1;1190816;0;0;0;0
FR;2;2021-06-02;37483;19311;182;0;22317;0;0;0;0;2397643;1087030;4397;1;1213133;0;0;0;0
FR;2;2021-06-03;51284;23117;161;0;26971;0;0;0;0;2448927;1110147;4558;1;1240104;0;0;0;0
FR;2;2021-06-04;65519;24090;217;0;29055;0;0;0;0;2514446;1134237;4775;1;1269159;0;0;0;0
FR;2;2021-06-05;34607;24109;52;0;26964;0;0;0;0;2549053;1158346;4827;1;1296123;0;0;0;0
FR;2;2021-06-06;4958;6194;10;0;6613;0;0;0;0;2554011;1164540;4837;1;1302736;0;0;0;0
FR;2;2021-06-07;28177;23016;150;0;25432;0;0;0;0;2582188;1187556;4987;1;1328168;0;0;0;0
FR;2;2021-06-08;46379;22945;143;0;26911;0;0;0;0;2628567;1210501;5130;1;1355079;0;0;0;0
FR;2;2021-06-09;34298;21000;107;0;24132;0;0;0;0;2662865;1231501;5237;1;1379211;0;0;0;0
FR;2;2021-06-10;42644;19081;96;1;23003;0;0;0;0;2705509;1250582;5333;2;1402214;0;0;0;0
FR;2;2021-06-11;55306;25133;134;0;30232;0;0;0;0;2760815;1275715;5467;2;1432446;0;0;0;0
FR;2;2021-06-12;30567;19801;53;0;22655;0;0;0;0;2791382;1295516;5520;2;1455101;0;0;0;0
FR;2;2021-06-13;3333;9197;13;0;9586;0;0;0;0;2794715;1304713;5533;2;1464687;0;0;0;0
FR;2;2021-06-14;25304;24119;92;0;26699;0;0;0;0;2820019;1328832;5625;2;1491386;0;0;0;0
FR;2;2021-06-15;39049;22819;154;0;26567;0;0;0;0;2859068;1351651;5779;2;1517953;0;0;0;0
FR;2;2021-06-16;30169;21370;135;0;24523;0;0;0;0;2889237;1373021;5914;2;1542476;0;0;0;0
FR;2;2021-06-17;36913;25737;150;0;29599;0;0;0;0;2926150;1398758;6064;2;1572075;0;0;0;0
FR;2;2021-06-18;46860;28884;123;0;33587;0;0;0;0;2973010;1427642;6187;2;1605662;0;0;0;0
FR;2;2021-06-19;24527;24940;39;0;27714;0;0;0;0;2997537;1452582;6226;2;1633376;0;0;0;0
FR;2;2021-06-20;3745;10058;9;0;10557;0;0;0;0;3001282;1462640;6235;2;1643933;0;0;0;0
FR;2;2021-06-21;17538;42862;88;0;44874;0;0;0;0;3018820;1505502;6323;2;1688807;0;0;0;0
FR;2;2021-06-22;28367;49617;110;0;53046;0;0;0;0;3047187;1555119;6433;2;1741853;0;0;0;0
FR;2;2021-06-23;21790;49612;107;1;52461;1;0;0;0;3068977;1604731;6540;3;1794314;1;0;0;0
FR;2;2021-06-24;28381;50317;134;0;54048;0;0;0;0;3097358;1655048;6674;3;1848362;1;0;0;0
FR;2;2021-06-25;33402;60489;129;0;64878;0;0;0;0;3130760;1715537;6803;3;1913240;1;0;0;0
FR;2;2021-06-26;16395;59357;54;1;61749;0;0;0;0;3147155;1774894;6857;4;1974989;1;0;0;0
FR;2;2021-06-27;2566;29316;22;1;29898;0;0;0;0;3149721;1804210;6879;5;2004887;1;0;0;0
FR;2;2021-06-28;12641;54341;84;0;56317;0;0;0;0;3162362;1858551;6963;5;2061204;1;0;0;0
FR;2;2021-06-29;19857;60000;178;0;62943;0;0;0;0;3182219;1918551;7141;5;2124147;1;0;0;0
FR;2;2021-06-30;16337;58037;253;17;60721;0;0;0;0;3198556;1976588;7394;22;2184868;1;0;0;0
FR;2;2021-07-01;20497;59874;228;0;63201;0;0;0;0;3219053;2036462;7622;22;2248069;1;0;0;0
FR;2;2021-07-02;24083;62160;184;0;66374;0;0;0;0;3243136;2098622;7806;22;2314443;1;0;0;0
FR;2;2021-07-03;12123;57146;153;0;59485;0;0;0;0;3255259;2155768;7959;22;2373928;1;0;0;0
FR;2;2021-07-04;1961;23303;18;0;23870;0;0;0;0;3257220;2179071;7977;22;2397798;1;0;0;0
FR;2;2021-07-05;9179;29257;106;0;30893;0;0;0;0;3266399;2208328;8083;22;2428691;1;0;0;0
FR;2;2021-07-06;14584;36279;135;0;38958;0;0;0;0;3280983;2244607;8218;22;2467649;1;0;0;0
FR;2;2021-07-07;14421;33664;140;0;36417;0;0;0;0;3295404;2278271;8358;22;2504066;1;0;0;0
FR;2;2021-07-08;19723;40324;162;0;43981;0;0;0;0;3315127;2318595;8520;22;2548047;1;0;0;0
FR;2;2021-07-09;27105;54334;202;1;59484;0;0;0;0;3342232;2372929;8722;23;2607531;1;0;0;0
FR;2;2021-07-10;13389;33708;107;0;36392;0;0;0;0;3355621;2406637;8829;23;2643923;1;0;0;0
FR;2;2021-07-11;1811;4344;16;0;4771;0;0;0;0;3357432;2410981;8845;23;2648694;1;0;0;0
FR;2;2021-07-12;12971;37265;119;0;39920;0;0;0;0;3370403;2448246;8964;23;2688614;1;0;0;0
FR;2;2021-07-13;37120;53146;152;0;60280;0;0;0;0;3407523;2501392;9116;23;2748894;1;0;0;0
FR;2;2021-07-14;6628;3540;15;0;4887;0;0;0;0;3414151;2504932;9131;23;2753781;1;0;0;0
FR;2;2021-07-15;47244;47014;156;0;55210;0;0;0;0;3461395;2551946;9287;23;2808991;1;0;0;0
FR;2;2021-07-16;64320;55755;188;0;66738;0;0;0;0;3525715;2607701;9475;23;2875729;1;0;0;0
FR;2;2021-07-17;31603;23918;96;0;29375;0;0;0;0;3557318;2631619;9571;23;2905104;1;0;0;0
FR;2;2021-07-18;6090;4807;19;0;5952;0;0;0;0;3563408;2636426;9590;23;2911056;1;0;0;0
FR;2;2021-07-19;33007;28599;94;0;34212;0;0;0;0;3596415;2665025;9684;23;2945268;1;0;0;0
FR;2;2021-07-20;51999;44524;155;0;53159;0;0;0;0;3648414;2709549;9839;23;2998427;1;0;0;0
FR;2;2021-07-21;45257;34626;93;0;42129;0;0;0;0;3693671;2744175;9932;23;3040556;1;0;0;0
FR;2;2021-07-22;56280;41082;128;1;50355;0;0;0;0;3749951;2785257;10060;24;3090911;1;0;0;0
FR;2;2021-07-23;68305;48967;170;0;60257;0;0;0;0;3818256;2834224;10230;24;3151168;1;0;0;0
FR;2;2021-07-24;36178;21614;82;0;27472;0;0;0;0;3854434;2855838;10312;24;3178640;1;0;0;0
FR;2;2021-07-25;6751;2608;10;0;3866;0;0;0;0;3861185;2858446;10322;24;3182506;1;0;0;0
FR;2;2021-07-26;36320;22336;91;1;27839;0;0;0;0;3897505;2880782;10413;25;3210345;1;0;0;0
FR;2;2021-07-27;62392;34563;180;0;43711;0;0;0;0;3959897;2915345;10593;25;3254056;1;0;0;0
FR;2;2021-07-28;55326;26425;132;0;34511;0;0;0;0;4015223;2941770;10725;25;3288567;1;0;0;0
FR;2;2021-07-29;68481;32795;189;0;42476;0;0;0;0;4083704;2974565;10914;25;3331043;1;0;0;0
FR;2;2021-07-30;74468;37816;222;1;48606;0;0;0;0;4158172;3012381;11136;26;3379649;1;0;0;0
FR;2;2021-07-31;34778;16207;105;0;21406;0;0;0;0;4192950;3028588;11241;26;3401055;1;0;0;0
FR;2;2021-08-01;5416;2260;19;0;3123;0;0;0;0;4198366;3030848;11260;26;3404178;1;0;0;0
FR;2;2021-08-02;35896;16150;101;0;21053;0;0;0;0;4234262;3046998;11361;26;3425231;1;0;0;0
FR;2;2021-08-03;55988;28261;143;0;35464;0;0;0;0;4290250;3075259;11504;26;3460695;1;0;0;0
FR;2;2021-08-04;46638;20828;128;1;26936;0;0;0;0;4336888;3096087;11632;27;3487631;1;0;0;0
FR;2;2021-08-05;54642;31562;215;0;38738;0;0;0;0;4391530;3127649;11847;27;3526369;1;0;0;0
FR;2;2021-08-06;58099;42399;242;1;50227;0;0;0;0;4449629;3170048;12089;28;3576596;1;0;0;0
FR;2;2021-08-07;25152;17627;89;0;21317;0;0;0;0;4474781;3187675;12178;28;3597913;1;0;0;0
FR;2;2021-08-08;3840;3653;21;0;4311;0;0;0;0;4478621;3191328;12199;28;3602224;1;0;0;0
FR;2;2021-08-09;29308;21023;92;0;24849;0;0;0;0;4507929;3212351;12291;28;3627073;1;0;0;0
FR;2;2021-08-10;45014;33467;155;0;39228;0;0;0;0;4552943;3245818;12446;28;3666301;1;0;0;0
FR;2;2021-08-11;35277;25144;151;0;29743;0;0;0;0;4588220;3270962;12597;28;3696044;1;0;0;0
FR;2;2021-08-12;41905;35691;163;0;41228;0;0;0;0;4630125;3306653;12760;28;3737272;1;0;0;0
FR;2;2021-08-13;42608;37354;218;0;43041;0;0;0;0;4672733;3344007;12978;28;3780313;1;0;0;0
FR;2;2021-08-14;18524;22131;94;0;24762;0;0;0;0;4691257;3366138;13072;28;3805075;1;0;0;0
FR;2;2021-08-15;3865;3796;17;0;4382;0;0;0;0;4695122;3369934;13089;28;3809457;1;0;0;0
FR;2;2021-08-16;25095;27124;111;0;30447;0;0;0;0;4720217;3397058;13200;28;3839904;1;0;0;0
FR;2;2021-08-17;38270;43397;207;2;48381;0;0;0;0;4758487;3440455;13407;30;3888285;1;0;0;0
FR;2;2021-08-18;32254;36351;195;1;40693;0;0;0;0;4790741;3476806;13602;31;3928978;1;0;0;0
FR;2;2021-08-19;37435;46575;224;0;51775;0;0;0;0;4828176;3523381;13826;31;3980753;1;0;0;0
FR;2;2021-08-20;40568;55648;271;1;61573;0;0;0;0;4868744;3579029;14097;32;4042326;1;0;0;0
FR;2;2021-08-21;18121;24321;117;0;27113;0;0;0;0;4886865;3603350;14214;32;4069439;1;0;0;0
FR;2;2021-08-22;2909;4320;22;1;4852;1;0;0;0;4889774;3607670;14236;33;4074291;2;0;0;0
FR;2;2021-08-23;19250;35149;131;1;38039;0;0;0;0;4909024;3642819;14367;34;4112330;2;0;0;0
FR;2;2021-08-24;31952;56036;236;0;60693;0;0;0;0;4940976;3698855;14603;34;4173023;2;0;0;0
FR;2;2021-08-25;25934;43456;251;0;47405;0;0;0;0;4966910;3742311;14854;34;4220428;2;0;0;0
FR;2;2021-08-26;32362;55845;388;0;60583;0;0;0;0;4999272;3798156;15242;34;4281011;2;0;0;0
FR;2;2021-08-27;37003;65679;477;2;71403;0;0;0;0;5036275;3863835;15719;36;4352414;2;0;0;0
FR;2;2021-08-28;17819;28556;300;0;31616;0;0;0;0;5054094;3892391;16019;36;4384030;2;0;0;0
FR;2;2021-08-29;2656;5012;47;0;5623;0;0;0;0;5056750;3897403;16066;36;4389653;2;0;0;0
FR;2;2021-08-30;18418;37727;399;0;40146;756;0;0;0;5075168;3935130;16465;36;4429799;758;0;0;0
FR;2;2021-08-31;28077;57516;887;4;60947;1558;0;0;0;5103245;3992646;17352;40;4490746;2316;0;0;0
FR;2;2021-09-01;21595;39876;1309;0;42254;2129;0;0;0;5124840;4032522;18661;40;4533000;4445;0;0;0
FR;2;2021-09-02;25486;48668;1963;2;50943;3369;0;0;0;5150326;4081190;20624;42;4583943;7814;0;0;0
FR;2;2021-09-03;33414;64574;2988;3;67537;4886;1;0;0;5183740;4145764;23612;45;4651480;12700;1;0;0
FR;2;2021-09-04;16833;27766;1443;1;29556;2386;0;0;0;5200573;4173530;25055;46;4681036;15086;1;0;0
FR;2;2021-09-05;2265;3585;266;0;3941;412;0;0;0;5202838;4177115;25321;46;4684977;15498;1;0;0
FR;2;2021-09-06;14045;28693;1771;1;29758;2945;0;0;0;5216883;4205808;27092;47;4714735;18443;1;0;0
FR;2;2021-09-07;21111;41110;3022;13;42261;4945;0;0;0;5237994;4246918;30114;60;4756996;23388;1;0;0
FR;2;2021-09-08;17248;31921;2735;6;32738;4498;0;0;0;5255242;4278839;32849;66;4789734;27886;1;0;0
FR;2;2021-09-09;20982;40485;4437;3;41229;6842;0;0;0;5276224;4319324;37286;69;4830963;34728;1;0;0
FR;2;2021-09-10;28203;51315;5286;4;51883;8979;1;0;0;5304427;4370639;42572;73;4882846;43707;2;0;0
FR;2;2021-09-11;13655;22461;2405;5;23133;3990;0;0;0;5318082;4393100;44977;78;4905979;47697;2;0;0
FR;2;2021-09-12;1824;2770;292;0;2964;509;0;0;0;5319906;4395870;45269;78;4908943;48206;2;0;0
FR;2;2021-09-13;11659;21441;2474;4;21701;4052;0;0;0;5331565;4417311;47743;82;4930644;52258;2;0;0
FR;2;2021-09-14;18579;32720;5092;13;31678;9055;2;0;0;5350144;4450031;52835;95;4962322;61313;4;0;0
FR;2;2021-09-15;14917;28226;5168;3;26926;7748;9;0;0;5365061;4478257;58003;98;4989248;69061;13;0;0
FR;2;2021-09-16;16079;32798;6737;12;30179;10541;4;0;0;5381140;4511055;64740;110;5019427;79602;17;0;0
FR;2;2021-09-17;20916;47179;8782;10;42825;14631;6;0;0;5402056;4558234;73522;120;5062252;94233;23;0;0
FR;2;2021-09-18;9856;20960;3804;6;19596;6034;1;0;0;5411912;4579194;77326;126;5081848;100267;24;0;0
FR;2;2021-09-19;1166;2590;396;0;2533;631;0;0;0;5413078;4581784;77722;126;5084381;100898;24;0;0
FR;2;2021-09-20;7503;18702;3856;7;17025;6135;4;0;0;5420581;4600486;81578;133;5101406;107033;28;0;0
FR;2;2021-09-21;11215;29983;6495;5;26536;10744;3;0;0;5431796;4630469;88073;138;5127942;117777;31;0;0
FR;2;2021-09-22;9415;23546;5490;6;21194;8526;8;0;0;5441211;4654015;93563;144;5149136;126303;39;0;0
FR;2;2021-09-23;10730;28905;7881;10;24731;12647;10;0;0;5451941;4682920;101444;154;5173867;138950;49;0;0
FR;2;2021-09-24;15075;42947;10878;18;37281;17246;21;0;0;5467016;4725867;112322;172;5211148;156196;70;0;0
FR;2;2021-09-25;7258;18798;3965;9;17151;6120;3;0;0;5474274;4744665;116287;181;5228299;162316;73;0;0
FR;2;2021-09-26;1080;2543;495;0;2489;630;1;0;0;5475354;4747208;116782;181;5230788;162946;74;0;0
FR;2;2021-09-27;6311;16400;4287;8;14792;6533;2;0;0;5481665;4763608;121069;189;5245580;169479;76;0;0
FR;2;2021-09-28;9243;25573;7770;14;21719;12089;7;0;0;5490908;4789181;128839;203;5267299;181568;83;0;0
FR;2;2021-09-29;8081;20198;6067;25;17606;9259;8;0;0;5498989;4809379;134906;228;5284905;190827;91;0;0
FR;2;2021-09-30;9865;25838;9509;16;21639;14099;6;0;0;5508854;4835217;144415;244;5306544;204926;97;0;0
FR;2;2021-10-01;13979;35736;12921;25;30046;19328;9;0;0;5522833;4870953;157336;269;5336590;224254;106;0;0
FR;2;2021-10-02;6875;15933;4850;7;14226;7047;6;0;0;5529708;4886886;162186;276;5350816;231301;112;0;0
FR;2;2021-10-03;841;1908;492;1;1839;502;0;0;0;5530549;4888794;162678;277;5352655;231803;112;0;0
FR;2;2021-10-04;5826;13901;5516;5;12136;7854;6;0;0;5536375;4902695;168194;282;5364791;239657;118;0;0
FR;2;2021-10-05;9058;22572;11125;19;18532;15741;1;0;0;5545433;4925267;179319;301;5383323;255398;119;0;0
FR;2;2021-10-06;7785;17748;8243;11;15274;11091;4;0;0;5553218;4943015;187562;312;5398597;266489;123;0;0
FR;2;2021-10-07;9204;22214;12386;14;18007;16878;6;0;0;5562422;4965229;199948;326;5416604;283367;129;0;0
FR;2;2021-10-08;13432;32143;17349;28;26517;23609;11;0;0;5575854;4997372;217297;354;5443121;306976;140;0;0
FR;2;2021-10-09;6000;12846;6044;6;11380;7897;7;0;0;5581854;5010218;223341;360;5454501;314873;147;0;0
FR;2;2021-10-10;885;1592;436;2;1535;604;1;0;0;5582739;5011810;223777;362;5456036;315477;148;0;0
FR;2;2021-10-11;5607;11544;6455;17;9932;8829;3;0;0;5588346;5023354;230232;379;5465968;324306;151;0;0
FR;2;2021-10-12;8031;17790;12551;13;13921;16790;9;0;0;5596377;5041144;242783;392;5479889;341096;160;0;0
FR;2;2021-10-13;6947;14871;10256;12;11812;13663;7;0;0;5603324;5056015;253039;404;5491701;354759;167;0;0
FR;2;2021-10-14;8314;17940;14996;13;13557;19478;10;0;0;5611638;5073955;268035;417;5505258;374237;177;0;0
FR;2;2021-10-15;11856;26309;20902;26;19411;27981;4;0;0;5623494;5100264;288937;443;5524669;402218;181;0;0
FR;2;2021-10-16;5141;8729;1819;0;8172;3206;2;0;0;5628635;5108993;290756;443;5532841;405424;183;0;0
FR;2;2021-10-17;654;1150;185;0;1083;354;1;0;0;5629289;5110143;290941;443;5533924;405778;184;0;0
FR;2;2021-10-18;4564;7335;665;2;7242;1629;0;0;0;5633853;5117478;291606;445;5541166;407407;184;0;0
FR;2;2021-10-19;6239;9849;732;5;9656;2030;5;0;0;5640092;5127327;292338;450;5550822;409437;189;0;0
FR;2;2021-10-20;5170;8051;759;3;8173;1675;0;0;0;5645262;5135378;293097;453;5558995;411112;189;0;0
FR;2;2021-10-21;6090;9982;780;5;9840;2104;1;0;0;5651352;5145360;293877;458;5568835;413216;190;0;0
FR;2;2021-10-22;8452;14602;1151;4;14478;2891;2;0;0;5659804;5159962;295028;462;5583313;416107;192;0;0
FR;2;2021-10-23;3845;5993;587;0;6125;1235;3;0;0;5663649;5165955;295615;462;5589438;417342;195;0;0
FR;2;2021-10-24;494;882;101;0;900;204;0;0;0;5664143;5166837;295716;462;5590338;417546;195;0;0
FR;2;2021-10-25;3360;5342;307;1;5518;825;2;0;0;5667503;5172179;296023;463;5595856;418371;197;0;0
FR;2;2021-10-26;4177;7237;1134;4;7126;2023;5;0;0;5671680;5179416;297157;467;5602982;420394;202;0;0
FR;2;2021-10-27;3677;6585;1194;5;6447;1989;1;0;0;5675357;5186001;298351;472;5609429;422383;203;0;0
FR;2;2021-10-28;4597;7687;1737;3;7415;2746;1;0;0;5679954;5193688;300088;475;5616844;425129;204;0;0
FR;2;2021-10-29;5414;11082;2438;4;10692;3684;3;0;0;5685368;5204770;302526;479;5627536;428813;207;0;0
FR;2;2021-10-30;2749;4457;976;1;4452;1448;2;0;0;5688117;5209227;303502;480;5631988;430261;209;0;0
FR;2;2021-10-31;364;535;140;1;544;191;1;0;0;5688481;5209762;303642;481;5632532;430452;210;0;0
FR;2;2021-11-01;430;546;181;0;563;267;1;0;0;5688911;5210308;303823;481;5633095;430719;211;0;0
FR;2;2021-11-02;3294;6760;1184;0;6800;1771;5;0;0;5692205;5217068;305007;481;5639895;432490;216;0;0
FR;2;2021-11-03;3340;6226;1389;2;6311;1970;2;0;0;5695545;5223294;306396;483;5646206;434460;218;0;0
FR;2;2021-11-04;3987;7069;1769;4;7109;2495;3;0;0;5699532;5230363;308165;487;5653315;436955;221;0;0
FR;2;2021-11-05;5235;10502;2869;5;10215;3957;6;0;0;5704767;5240865;311034;492;5663530;440912;227;0;0
FR;2;2021-11-06;2597;4684;1407;0;4641;1824;2;0;0;5707364;5245549;312441;492;5668171;442736;229;0;0
FR;2;2021-11-07;506;862;221;0;869;291;2;0;0;5707870;5246411;312662;492;5669040;443027;231;0;0
FR;2;2021-11-08;2578;5348;1207;3;5268;1678;3;0;0;5710448;5251759;313869;495;5674308;444705;234;0;0
FR;2;2021-11-09;2749;6907;2402;5;6442;3181;2;0;0;5713197;5258666;316271;500;5680750;447886;236;0;0
FR;2;2021-11-10;2590;5668;5118;6;4761;6294;7;0;0;5715787;5264334;321389;506;5685511;454180;243;0;0
FR;2;2021-11-11;446;754;755;2;647;938;3;0;0;5716233;5265088;322144;508;5686158;455118;246;0;0
FR;2;2021-11-12;2953;8088;8982;8;6196;10933;9;0;0;5719186;5273176;331126;516;5692354;466051;255;0;0
FR;2;2021-11-13;1539;3374;3872;7;2722;4538;4;0;0;5720725;5276550;334998;523;5695076;470589;259;0;0
FR;2;2021-11-14;258;585;351;1;486;480;3;0;0;5720983;5277135;335349;524;5695562;471069;262;0;0
FR;2;2021-11-15;1621;3654;4449;8;2908;5329;16;0;0;5722604;5280789;339798;532;5698470;476398;278;0;0
FR;2;2021-11-16;2185;5875;8314;14;4152;10083;16;0;0;5724789;5286664;348112;546;5702622;486481;294;0;0
FR;2;2021-11-17;1740;4523;6634;8;3168;7852;5;0;0;5726529;5291187;354746;554;5705790;494333;299;0;0
FR;2;2021-11-18;2192;5920;9188;10;4018;11018;8;0;0;5728721;5297107;363934;564;5709808;505351;307;0;0
FR;2;2021-11-19;2701;7752;12981;19;4832;15480;12;0;0;5731422;5304859;376915;583;5714640;520831;319;0;0
FR;2;2021-11-20;1566;3333;5185;5;2351;6098;3;0;0;5732988;5308192;382100;588;5716991;526929;322;0;0
FR;2;2021-11-21;251;504;543;0;393;656;3;0;0;5733239;5308696;382643;588;5717384;527585;325;0;0
FR;2;2021-11-22;1278;2570;4485;5;1673;5397;9;0;0;5734517;5311266;387128;593;5719057;532982;334;0;0
FR;2;2021-11-23;1617;4277;8207;9;2536;9923;6;0;0;5736134;5315543;395335;602;5721593;542905;340;0;0
FR;2;2021-11-24;1421;3747;7486;14;2246;8736;9;0;0;5737555;5319290;402821;616;5723839;551641;349;0;0
FR;2;2021-11-25;1814;4863;11474;21;2682;13668;6;0;0;5739369;5324153;414295;637;5726521;565309;355;0;0
FR;2;2021-11-26;2541;7735;22676;31;3812;26091;14;0;0;5741910;5331888;436971;668;5730333;591400;369;0;0
FR;2;2021-11-27;1498;4144;12278;19;2127;14042;13;0;0;5743408;5336032;449249;687;5732460;605442;382;0;0
FR;2;2021-11-28;292;836;1976;3;478;2303;5;0;0;5743700;5336868;451225;690;5732938;607745;387;0;0
FR;2;2021-11-29;1449;4348;15099;23;2009;17269;25;0;0;5745149;5341216;466324;713;5734947;625014;412;0;0
FR;2;2021-11-30;1913;6658;26251;36;2640;30013;22;0;0;5747062;5347874;492575;749;5737587;655027;434;0;0
FR;2;2021-12-01;1918;6006;26211;31;2477;29519;20;0;0;5748980;5353880;518786;780;5740064;684546;454;0;0
FR;2;2021-12-02;1916;6780;37736;52;2112;41995;32;0;0;5750896;5360660;556522;832;5742176;726541;486;0;0
FR;2;2021-12-03;2558;10069;53644;111;3592;59391;31;0;0;5753454;5370729;610166;943;5745768;785932;517;0;0
FR;2;2021-12-04;1850;6275;37132;38;2185;40820;16;0;0;5755304;5377004;647298;981;5747953;826752;533;0;0
FR;2;2021-12-05;458;2242;14265;14;533;15990;7;0;0;5755762;5379246;661563;995;5748486;842742;540;0;0
FR;2;2021-12-06;2486;9846;77735;109;2699;84785;25;0;0;5758248;5389092;739298;1104;5751185;927527;565;0;0
FR;2;2021-12-07;3458;15288;122475;238;3742;133797;40;0;0;5761706;5404380;861773;1342;5754927;1061324;605;0;0
FR;2;2021-12-08;3725;15967;133225;330;3844;145413;54;0;0;5765431;5420347;994998;1672;5758771;1206737;659;0;0
FR;2;2021-12-09;4547;19625;170241;554;4165;185639;61;0;0;5769978;5439972;1165239;2226;5762936;1392376;720;0;0
FR;2;2021-12-10;4676;22805;188699;490;5011;206189;69;0;0;5774654;5462777;1353938;2716;5767947;1598565;789;0;0
FR;2;2021-12-11;3687;16621;132469;239;3663;144937;60;0;0;5778341;5479398;1486407;2955;5771610;1743502;849;0;0
FR;2;2021-12-12;1256;7119;59116;83;1016;65169;12;0;0;5779597;5486517;1545523;3038;5772626;1808671;861;0;0
FR;2;2021-12-13;5529;26811;220733;605;5223;243029;159;0;0;5785126;5513328;1766256;3643;5777849;2051700;1020;0;0
FR;2;2021-12-14;7019;37458;300806;909;6136;332278;190;0;0;5792145;5550786;2067062;4552;5783985;2383978;1210;0;0
FR;2;2021-12-15;6555;36216;285264;958;5866;315903;186;0;0;5798700;5587002;2352326;5510;5789851;2699881;1396;0;0
FR;2;2021-12-16;7765;37923;312178;982;6564;343821;186;0;0;5806465;5624925;2664504;6492;5796415;3043702;1582;0;0
FR;2;2021-12-17;8681;41187;327910;976;8020;360986;232;0;0;5815146;5666112;2992414;7468;5804435;3404688;1814;0;0
FR;2;2021-12-18;6515;26527;212374;448;4904;233673;120;0;0;5821661;5692639;3204788;7916;5809339;3638361;1934;0;0
FR;2;2021-12-19;2603;11403;90226;182;1655;100356;26;0;0;5824264;5704042;3295014;8098;5810994;3738717;1960;0;0
FR;2;2021-12-20;9548;33514;275258;707;6586;303403;209;0;0;5833812;5737556;3570272;8805;5817580;4042120;2169;0;0
FR;2;2021-12-21;11567;38269;309663;968;7368;341438;262;0;0;5845379;5775825;3879935;9773;5824948;4383558;2431;0;0
FR;2;2021-12-22;10461;32775;265147;952;6442;292502;316;0;1;5855840;5808600;4145082;10725;5831390;4676060;2747;0;1
FR;2;2021-12-23;9426;26620;199534;701;5874;221294;225;0;0;5865266;5835220;4344616;11426;5837264;4897354;2972;0;1
FR;2;2021-12-24;2783;7466;43866;140;2036;49561;78;0;0;5868049;5842686;4388482;11566;5839300;4946915;3050;0;1
FR;2;2021-12-25;201;669;2003;10;209;2476;15;0;0;5868250;5843355;4390485;11576;5839509;4949391;3065;0;1
FR;2;2021-12-26;1320;4215;25162;71;1052;28694;70;0;0;5869570;5847570;4415647;11647;5840561;4978085;3135;0;1
FR;2;2021-12-27;8076;29928;218437;659;6624;243387;294;0;0;5877646;5877498;4634084;12306;5847185;5221472;3429;0;1
FR;2;2021-12-28;9832;36287;272116;742;6982;302014;957;0;1;5887478;5913785;4906200;13048;5854167;5523486;4386;0;2
FR;2;2021-12-29;9498;32218;246151;765;6402;272696;1088;0;0;5896976;5946003;5152351;13813;5860569;5796182;5474;0;2
FR;2;2021-12-30;9464;28090;208839;663;5970;231479;1155;0;0;5906440;5974093;5361190;14476;5866539;6027661;6629;0;2
FR;2;2021-12-31;3011;8340;54991;176;2169;61233;392;0;0;5909451;5982433;5416181;14652;5868708;6088894;7021;0;2
FR;2;2022-01-01;231;693;2858;7;207;3353;29;0;0;5909682;5983126;5419039;14659;5868915;6092247;7050;0;2
FR;2;2022-01-02;1503;4859;29524;76;1166;33418;217;0;0;5911185;5987985;5448563;14735;5870081;6125665;7267;0;2
FR;2;2022-01-03;9606;35395;266544;806;8498;293920;1672;0;0;5920791;6023380;5715107;15541;5878579;6419585;8939;0;2
FR;2;2022-01-04;12857;45401;342103;1068;9970;377043;2458;0;1;5933648;6068781;6057210;16609;5888549;6796628;11397;0;3
FR;2;2022-01-05;11273;38627;294222;885;8635;323856;2155;0;2;5944921;6107408;6351432;17494;5897184;7120484;13552;0;5
FR;2;2022-01-06;13653;43487;331956;1298;9934;364764;2978;0;1;5958574;6150895;6683388;18792;5907118;7485248;16530;0;6
FR;2;2022-01-07;14224;47606;361123;1271;11231;396464;3159;0;0;5972798;6198501;7044511;20063;5918349;7881712;19689;0;6
FR;2;2022-01-08;7946;28137;201276;515;7209;221703;1531;0;2;5980744;6226638;7245787;20578;5925558;8103415;21220;0;8
FR;2;2022-01-09;2749;8946;62531;137;2069;69497;493;0;0;5983493;6235584;7308318;20715;5927627;8172912;21713;0;8
FR;2;2022-01-10;10100;31907;232509;859;8901;255085;2460;0;0;5993593;6267491;7540827;21574;5936528;8427997;24173;0;8
FR;2;2022-01-11;11465;36235;265948;1030;10055;290653;3380;0;1;6005058;6303726;7806775;22604;5946583;8718650;27553;0;9
FR;2;2022-01-12;8767;29787;206335;863;8717;226176;2798;0;5;6013825;6333513;8013110;23467;5955300;8944826;30351;0;14
FR;2;2022-01-13;9387;31336;224510;831;9037;244858;3463;0;4;6023212;6364849;8237620;24298;5964337;9189684;33814;0;18
FR;2;2022-01-14;9746;35573;254551;920;9840;277655;3979;0;1;6032958;6400422;8492171;25218;5974177;9467339;37793;0;19
FR;2;2022-01-15;5361;19443;140788;363;5322;153648;1929;0;0;6038319;6419865;8632959;25581;5979499;9620987;39722;0;19
FR;2;2022-01-16;1512;5457;35892;81;1619;39818;424;0;0;6039831;6425322;8668851;25662;5981118;9660805;40146;0;19
FR;2;2022-01-17;5546;19264;135421;601;6600;147263;2264;0;2;6045377;6444586;8804272;26263;5987718;9808068;42410;0;21
FR;2;2022-01-18;6422;21480;148647;648;7519;160471;3311;0;0;6051799;6466066;8952919;26911;5995237;9968539;45721;0;21
FR;2;2022-01-19;4398;16303;105112;552;6205;113701;2411;0;1;6056197;6482369;9058031;27463;6001442;10082240;48132;0;22
FR;2;2022-01-20;4873;17571;115304;603;7067;123694;3111;0;2;6061070;6499940;9173335;28066;6008509;10205934;51243;0;24
FR;2;2022-01-21;5198;20041;137357;679;7169;147775;3455;0;1;6066268;6519981;9310692;28745;6015678;10353709;54698;0;25
FR;2;2022-01-22;3033;10956;74265;260;3956;80339;1428;0;0;6069301;6530937;9384957;29005;6019634;10434048;56126;0;25
FR;2;2022-01-23;724;2707;15243;41;1055;16826;238;0;0;6070025;6533644;9400200;29046;6020689;10450874;56364;0;25
FR;2;2022-01-24;3292;12793;75084;431;5843;81019;1994;0;2;6073317;6546437;9475284;29477;6026532;10531893;58358;0;27
FR;2;2022-01-25;3575;14404;79638;496;6650;85463;2879;0;4;6076892;6560841;9554922;29973;6033182;10617356;61237;0;31
FR;2;2022-01-26;2515;10701;58987;363;5330;63036;1958;0;1;6079407;6571542;9613909;30336;6038512;10680392;63195;0;32
FR;2;2022-01-27;2684;11386;64185;391;5738;67972;2462;0;1;6082091;6582928;9678094;30727;6044250;10748364;65657;0;33
FR;2;2022-01-28;3551;18257;91730;430;8611;98907;3399;0;1;6085642;6601185;9769824;31157;6052861;10847271;69056;0;34
FR;2;2022-01-29;1896;9234;48856;164;4170;52929;1374;0;1;6087538;6610419;9818680;31321;6057031;10900200;70430;0;35
FR;2;2022-01-30;464;2206;9457;38;1049;10584;203;0;0;6088002;6612625;9828137;31359;6058080;10910784;70633;0;35
FR;2;2022-01-31;1891;9551;43834;209;4709;47322;1885;0;2;6089893;6622176;9871971;31568;6062789;10958106;72518;0;37
FR;2;2022-02-01;1917;10019;47030;279;4797;50078;2707;0;0;6091810;6632195;9919001;31847;6067586;11008184;75225;0;37
FR;2;2022-02-02;1614;8971;41124;250;4191;44147;2189;0;1;6093424;6641166;9960125;32097;6071777;11052331;77414;0;38
FR;2;2022-02-03;1732;8929;40526;205;4368;42911;2640;0;2;6095156;6650095;10000651;32302;6076145;11095242;80054;0;40
FR;2;2022-02-04;2151;15168;66648;299;7380;71317;3670;0;1;6097307;6665263;10067299;32601;6083525;11166559;83724;0;41
FR;2;2022-02-05;1360;8517;35948;132;4214;39220;1369;0;0;6098667;6673780;10103247;32733;6087739;11205779;85093;0;41
FR;2;2022-02-06;275;1761;6130;16;842;6899;217;0;0;6098942;6675541;10109377;32749;6088581;11212678;85310;0;41
FR;2;2022-02-07;1352;9543;37760;134;4535;41288;1888;0;2;6100294;6685084;10147137;32883;6093116;11253966;87198;0;43
FR;2;2022-02-08;1300;9833;40956;173;4646;43750;2741;0;1;6101594;6694917;10188093;33056;6097762;11297716;89939;0;44
FR;2;2022-02-09;1160;8841;37040;174;3804;40465;1901;0;2;6102754;6703758;10225133;33230;6101566;11338181;91840;0;46
FR;2;2022-02-10;1030;8001;33837;204;3605;36511;2051;0;1;6103784;6711759;10258970;33434;6105171;11374692;93891;0;47
FR;2;2022-02-11;1391;12088;53348;223;5283;57702;2888;0;0;6105175;6723847;10312318;33657;6110454;11432394;96779;0;47
FR;2;2022-02-12;753;6535;27989;86;2792;30808;1113;0;2;6105928;6730382;10340307;33743;6113246;11463202;97892;0;49
FR;2;2022-02-13;200;1340;4836;20;562;5577;141;0;0;6106128;6731722;10345143;33763;6113808;11468779;98033;0;49
FR;2;2022-02-14;836;6732;30274;92;2599;33233;1399;0;1;6106964;6738454;10375417;33855;6116407;11502012;99432;0;50
FR;2;2022-02-15;773;6473;28051;140;2801;29994;1965;0;2;6107737;6744927;10403468;33995;6119208;11532006;101397;0;52
FR;2;2022-02-16;657;5362;22069;124;2528;23634;1569;0;3;6108394;6750289;10425537;34119;6121736;11555640;102966;0;55
FR;2;2022-02-17;518;3786;14152;98;2131;14617;1406;0;2;6108912;6754075;10439689;34217;6123867;11570257;104372;0;57
FR;2;2022-02-18;723;5369;20443;134;3041;21130;1895;0;0;6109635;6759444;10460132;34351;6126908;11591387;106267;0;57
FR;2;2022-02-19;431;3061;10533;66;1699;11247;753;0;2;6110066;6762505;10470665;34417;6128607;11602634;107020;0;59
FR;2;2022-02-20;102;520;1463;3;314;1613;100;0;0;6110168;6763025;10472128;34420;6128921;11604247;107120;0;59
FR;2;2022-02-21;423;2685;9122;65;1569;9499;930;0;0;6110591;6765710;10481250;34485;6130490;11613746;108050;0;59
FR;2;2022-02-22;393;2568;8894;77;1622;8797;1180;0;0;6110984;6768278;10490144;34562;6132112;11622543;109230;0;59
FR;2;2022-02-23;432;2605;8992;82;1522;9269;1022;0;0;6111416;6770883;10499136;34644;6133634;11631812;110252;0;59
FR;2;2022-02-24;314;2039;6805;82;1251;6835;870;0;0;6111730;6772922;10505941;34726;6134885;11638647;111122;0;59
FR;2;2022-02-25;456;3210;11424;107;1979;11287;1560;0;3;6112186;6776132;10517365;34833;6136864;11649934;112682;0;62
FR;2;2022-02-26;297;1892;6038;49;1161;6345;587;0;1;6112483;6778024;10523403;34882;6138025;11656279;113269;0;63
FR;2;2022-02-27;76;313;908;5;214;951;98;0;0;6112559;6778337;10524311;34887;6138239;11657230;113367;0;63
FR;2;2022-02-28;332;1689;5525;53;1088;5531;733;0;0;6112891;6780026;10529836;34940;6139327;11662761;114100;0;63
FR;2;2022-03-01;279;1569;5484;46;952;5201;964;0;2;6113170;6781595;10535320;34986;6140279;11667962;115064;0;65
FR;2;2022-03-02;298;1446;5248;46;878;5092;816;0;1;6113468;6783041;10540568;35032;6141157;11673054;115880;0;66
FR;2;2022-03-03;226;1112;3709;42;721;3486;668;0;1;6113694;6784153;10544277;35074;6141878;11676540;116548;0;67
FR;2;2022-03-04;243;1469;4860;74;983;4506;950;0;1;6113937;6785622;10549137;35148;6142861;11681046;117498;0;68
FR;2;2022-03-05;174;906;2980;34;613;2724;561;0;0;6114111;6786528;10552117;35182;6143474;11683770;118059;0;68
FR;2;2022-03-06;42;190;280;5;110;322;52;0;0;6114153;6786718;10552397;35187;6143584;11684092;118111;0;68
FR;2;2022-03-07;157;659;1990;70;491;1780;472;0;0;6114310;6787377;10554387;35257;6144075;11685872;118583;0;68
FR;2;2022-03-08;144;670;2273;53;461;1908;619;0;0;6114454;6788047;10556660;35310;6144536;11687780;119202;0;68
FR;2;2022-03-09;156;709;2351;37;473;2052;617;0;0;6114610;6788756;10559011;35347;6145009;11689832;119819;0;68
FR;2;2022-03-10;123;603;1695;35;446;1470;456;0;1;6114733;6789359;10560706;35382;6145455;11691302;120275;0;69
FR;2;2022-03-11;172;757;2770;57;505;2369;737;0;1;6114905;6790116;10563476;35439;6145960;11693671;121012;0;70
FR;2;2022-03-12;149;485;1787;27;331;1557;450;0;0;6115054;6790601;10565263;35466;6146291;11695228;121462;0;70
FR;2;2022-03-13;25;75;203;30;45;204;69;0;0;6115079;6790676;10565466;35496;6146336;11695432;121531;0;70
FR;2;2022-03-14;129;470;1572;529;333;1301;951;0;0;6115208;6791146;10567038;36025;6146669;11696733;122482;0;70
FR;2;2022-03-15;139;441;1713;691;333;1333;1186;0;1;6115347;6791587;10568751;36716;6147002;11698066;123668;0;71
FR;2;2022-03-16;142;476;2013;1616;331;1593;2160;0;2;6115489;6792063;10570764;38332;6147333;11699659;125828;0;73
FR;2;2022-03-17;95;413;1412;1192;273;1148;1576;0;1;6115584;6792476;10572176;39524;6147606;11700807;127404;0;74
FR;2;2022-03-18;147;496;2026;1795;335;1669;2313;0;1;6115731;6792972;10574202;41319;6147941;11702476;129717;0;75
FR;2;2022-03-19;108;321;1210;941;219;1015;1259;0;0;6115839;6793293;10575412;42260;6148160;11703491;130976;0;75
FR;2;2022-03-20;13;77;191;59;39;168;115;0;0;6115852;6793370;10575603;42319;6148199;11703659;131091;0;75
FR;2;2022-03-21;98;307;1218;1483;181;1081;1760;0;1;6115950;6793677;10576821;43802;6148380;11704740;132851;0;76
FR;2;2022-03-22;118;391;1533;1830;244;1294;2219;0;0;6116068;6794068;10578354;45632;6148624;11706034;135070;0;76
FR;2;2022-03-23;137;362;1684;3032;232;1475;3374;0;6;6116205;6794430;10580038;48664;6148856;11707509;138444;0;82
FR;2;2022-03-24;117;293;1183;1548;186;1001;1814;0;8;6116322;6794723;10581221;50212;6149042;11708510;140258;0;90
FR;2;2022-03-25;119;361;1807;2451;238;1477;2837;0;8;6116441;6795084;10583028;52663;6149280;11709987;143095;0;98
FR;2;2022-03-26;79;247;1205;1222;138;953;1531;0;5;6116520;6795331;10584233;53885;6149418;11710940;144626;0;103
FR;2;2022-03-27;19;36;154;100;19;133;144;0;0;6116539;6795367;10584387;53985;6149437;11711073;144770;0;103
FR;2;2022-03-28;94;290;1140;1602;189;996;1835;0;6;6116633;6795657;10585527;55587;6149626;11712069;146605;0;109
FR;2;2022-03-29;108;258;1325;2467;167;1105;2760;0;4;6116741;6795915;10586852;58054;6149793;11713174;149365;0;113
FR;2;2022-03-30;91;313;1489;3187;164;1320;3424;0;2;6116832;6796228;10588341;61241;6149957;11714494;152789;0;115
FR;2;2022-03-31;104;284;1277;2332;171;1092;2616;0;3;6116936;6796512;10589618;63573;6150128;11715586;155405;0;118
FR;2;2022-04-01;123;324;1568;2349;164;1323;2667;0;7;6117059;6796836;10591186;65922;6150292;11716909;158072;0;125
FR;2;2022-04-02;81;161;845;891;83;737;1052;0;1;6117140;6796997;10592031;66813;6150375;11717646;159124;0;126
FR;2;2022-04-03;16;53;128;113;27;142;133;0;1;6117156;6797050;10592159;66926;6150402;11717788;159257;0;127
FR;2;2022-04-04;114;249;990;1447;151;799;1693;0;5;6117270;6797299;10593149;68373;6150553;11718587;160950;0;132
FR;2;2022-04-05;143;302;1322;2921;162;1150;3150;0;17;6117413;6797601;10594471;71294;6150715;11719737;164100;0;149
FR;2;2022-04-06;89;261;1308;2522;129;1131;2687;0;10;6117502;6797862;10595779;73816;6150844;11720868;166787;0;159
FR;2;2022-04-07;120;230;1303;2682;141;1042;2958;0;8;6117622;6798092;10597082;76498;6150985;11721910;169745;0;167
FR;2;2022-04-08;126;346;1636;3351;182;1328;3642;0;12;6117748;6798438;10598718;79849;6151167;11723238;173387;0;179
FR;2;2022-04-09;90;219;900;1046;144;732;1288;0;4;6117838;6798657;10599618;80895;6151311;11723970;174675;0;183
FR;2;2022-04-10;37;49;143;162;46;119;200;0;1;6117875;6798706;10599761;81057;6151357;11724089;174875;0;184
FR;2;2022-04-11;88;196;892;1560;122;782;1718;0;6;6117963;6798902;10600653;82617;6151479;11724871;176593;0;190
FR;2;2022-04-12;176;273;1183;2770;175;1062;2903;0;8;6118139;6799175;10601836;85387;6151654;11725933;179496;0;198
FR;2;2022-04-13;147;232;1125;2477;111;989;2671;0;11;6118286;6799407;10602961;87864;6151765;11726922;182167;0;209
FR;2;2022-04-14;116;227;1085;2677;114;919;2911;0;18;6118402;6799634;10604046;90541;6151879;11727841;185078;0;227
FR;2;2022-04-15;114;261;1221;2304;131;1078;2544;0;7;6118516;6799895;10605267;92845;6152010;11728919;187622;0;234
FR;2;2022-04-16;67;108;548;549;68;459;675;0;9;6118583;6800003;10605815;93394;6152078;11729378;188297;0;243
FR;2;2022-04-17;15;28;57;53;17;53;71;0;0;6118598;6800031;10605872;93447;6152095;11729431;188368;0;243
FR;2;2022-04-18;12;35;121;70;18;116;95;0;0;6118610;6800066;10605993;93517;6152113;11729547;188463;0;243
FR;2;2022-04-19;112;237;1120;1750;149;951;1934;0;9;6118722;6800303;10607113;95267;6152262;11730498;190397;0;252
FR;2;2022-04-20;95;243;1111;2172;127;935;2366;0;14;6118817;6800546;10608224;97439;6152389;11731433;192763;0;266
FR;2;2022-04-21;111;233;983;1912;125;838;2141;0;10;6118928;6800779;10609207;99351;6152514;11732271;194904;0;276
FR;2;2022-04-22;100;276;1243;2102;141;1024;2440;0;11;6119028;6801055;10610450;101453;6152655;11733295;197344;0;287
FR;2;2022-04-23;67;156;645;762;107;574;862;0;8;6119095;6801211;10611095;102215;6152762;11733869;198206;0;295
FR;2;2022-04-24;12;30;101;68;12;79;100;0;0;6119107;6801241;10611196;102283;6152774;11733948;198306;0;295
FR;2;2022-04-25;104;204;822;1329;103;711;1528;0;15;6119211;6801445;10612018;103612;6152877;11734659;199834;0;310
FR;2;2022-04-26;110;184;1041;2022;118;879;2219;0;18;6119321;6801629;10613059;105634;6152995;11735538;202053;0;328
FR;2;2022-04-27;98;181;860;1787;122;764;1809;0;7;6119419;6801810;10613919;107421;6153117;11736302;203862;0;335
FR;2;2022-04-28;93;214;949;1931;128;842;2087;0;12;6119512;6802024;10614868;109352;6153245;11737144;205949;0;347
FR;2;2022-04-29;81;282;1133;1697;131;1044;1876;0;11;6119593;6802306;10616001;111049;6153376;11738188;207825;0;358
FR;2;2022-04-30;66;127;471;540;80;430;628;0;9;6119659;6802433;10616472;111589;6153456;11738618;208453;0;367
FR;2;2022-05-01;24;24;84;49;20;85;61;0;1;6119683;6802457;10616556;111638;6153476;11738703;208514;0;368
FR;2;2022-05-02;115;232;764;1217;141;662;1375;0;5;6119798;6802689;10617320;112855;6153617;11739365;209889;0;373
FR;2;2022-05-03;153;233;999;1781;155;938;1895;0;14;6119951;6802922;10618319;114636;6153772;11740303;211784;0;387
FR;2;2022-05-04;90;226;926;1811;116;869;1822;0;13;6120041;6803148;10619245;116447;6153888;11741172;213606;0;400
FR;2;2022-05-05;127;198;857;1732;147;774;1848;0;10;6120168;6803346;10620102;118179;6154035;11741946;215454;0;410
FR;2;2022-05-06;133;246;1101;1855;139;1017;2052;0;16;6120301;6803592;10621203;120034;6154174;11742963;217506;0;426
FR;2;2022-05-07;40;99;470;504;61;406;593;0;4;6120341;6803691;10621673;120538;6154235;11743369;218099;0;430
FR;2;2022-05-08;48;54;107;71;41;102;101;0;0;6120389;6803745;10621780;120609;6154276;11743471;218200;0;430
FR;2;2022-05-09;101;174;654;986;103;604;1130;0;9;6120490;6803919;10622434;121595;6154379;11744075;219330;0;439
FR;2;2022-05-10;121;252;938;1841;155;893;1965;0;23;6120611;6804171;10623372;123436;6154534;11744968;221295;0;462
FR;2;2022-05-11;103;179;816;1879;117;795;1868;0;8;6120714;6804350;10624188;125315;6154651;11745763;223163;0;470
FR;2;2022-05-12;111;174;845;2096;116;803;2213;0;21;6120825;6804524;10625033;127411;6154767;11746566;225376;0;491
FR;2;2022-05-13;100;236;969;2097;122;900;2273;0;13;6120925;6804760;10626002;129508;6154889;11747466;227649;0;504
FR;2;2022-05-14;76;124;451;553;93;411;632;0;6;6121001;6804884;10626453;130061;6154982;11747877;228281;0;510
FR;2;2022-05-15;24;39;94;88;20;108;95;0;1;6121025;6804923;10626547;130149;6155002;11747985;228376;0;511
FR;2;2022-05-16;102;171;601;925;116;537;1037;0;11;6121127;6805094;10627148;131074;6155118;11748522;229413;0;522
FR;2;2022-05-17;95;184;690;1687;119;658;1739;0;8;6121222;6805278;10627838;132761;6155237;11749180;231152;0;530
FR;2;2022-05-18;80;181;643;1431;97;648;1486;0;10;6121302;6805459;10628481;134192;6155334;11749828;232638;0;540
FR;2;2022-05-19;73;161;710;1830;81;752;1816;0;12;6121375;6805620;10629191;136022;6155415;11750580;234454;0;552
FR;2;2022-05-20;107;181;874;1701;111;779;1849;0;17;6121482;6805801;10630065;137723;6155526;11751359;236303;0;569
FR;2;2022-05-21;48;96;398;517;71;339;581;0;8;6121530;6805897;10630463;138240;6155597;11751698;236884;0;577
FR;2;2022-05-22;8;23;69;37;18;57;56;0;0;6121538;6805920;10630532;138277;6155615;11751755;236940;0;577
FR;2;2022-05-23;86;133;498;931;100;469;967;0;7;6121624;6806053;10631030;139208;6155715;11752224;237907;0;584
FR;2;2022-05-24;87;164;627;1626;103;615;1680;0;17;6121711;6806217;10631657;140834;6155818;11752839;239587;0;601
FR;2;2022-05-25;72;146;539;1149;90;494;1260;0;5;6121783;6806363;10632196;141983;6155908;11753333;240847;0;606
FR;2;2022-05-26;12;31;77;45;13;85;56;0;1;6121795;6806394;10632273;142028;6155921;11753418;240903;0;607
FR;2;2022-05-27;44;124;456;818;68;438;893;0;9;6121839;6806518;10632729;142846;6155989;11753856;241796;0;616
FR;2;2022-05-28;28;60;221;244;29;221;266;0;1;6121867;6806578;10632950;143090;6156018;11754077;242062;0;617
FR;2;2022-05-29;13;34;43;25;22;51;28;0;0;6121880;6806612;10632993;143115;6156040;11754128;242090;0;617
FR;2;2022-05-30;65;109;425;755;60;410;806;0;6;6121945;6806721;10633418;143870;6156100;11754538;242896;0;623
FR;2;2022-05-31;76;135;564;1278;92;511;1304;0;12;6122021;6806856;10633982;145148;6156192;11755049;244200;0;635
FR;2;2022-06-01;59;160;564;1075;86;543;1170;0;6;6122080;6807016;10634546;146223;6156278;11755592;245370;0;641
FR;2;2022-06-02;92;178;627;1450;109;593;1557;0;12;6122172;6807194;10635173;147673;6156387;11756185;246927;0;653
FR;2;2022-06-03;71;157;668;1605;96;595;1694;0;19;6122243;6807351;10635841;149278;6156483;11756780;248621;0;672
FR;2;2022-06-04;69;93;283;434;66;269;476;0;11;6122312;6807444;10636124;149712;6156549;11757049;249097;0;683
FR;2;2022-06-05;12;17;63;58;16;47;75;0;1;6122324;6807461;10636187;149770;6156565;11757096;249172;0;684
FR;2;2022-06-06;12;41;93;76;30;92;81;0;4;6122336;6807502;10636280;149846;6156595;11757188;249253;0;688
FR;2;2022-06-07;99;222;667;1535;154;577;1661;0;10;6122435;6807724;10636947;151381;6156749;11757765;250914;0;698
FR;2;2022-06-08;70;119;477;1166;76;411;1262;0;5;6122505;6807843;10637424;152547;6156825;11758176;252176;0;703
FR;2;2022-06-09;93;167;613;1923;108;571;1927;0;18;6122598;6808010;10638037;154470;6156933;11758747;254103;0;721
FR;2;2022-06-10;93;168;651;1683;107;623;1774;0;23;6122691;6808178;10638688;156153;6157040;11759370;255877;0;744
FR;2;2022-06-11;44;85;287;529;42;258;583;0;5;6122735;6808263;10638975;156682;6157082;11759628;256460;0;749
FR;2;2022-06-12;18;38;58;78;27;60;78;0;0;6122753;6808301;10639033;156760;6157109;11759688;256538;0;749
FR;2;2022-06-13;39;121;395;953;63;379;1021;0;6;6122792;6808422;10639428;157713;6157172;11760067;257559;0;755
FR;2;2022-06-14;68;157;599;2088;101;537;2189;0;14;6122860;6808579;10640027;159801;6157273;11760604;259748;0;769
FR;2;2022-06-15;78;104;522;1504;84;444;1641;0;10;6122938;6808683;10640549;161305;6157357;11761048;261389;0;779
FR;2;2022-06-16;128;128;497;1411;124;424;1526;0;12;6123066;6808811;10641046;162716;6157481;11761472;262915;0;791
FR;2;2022-06-17;73;138;589;1817;88;516;1921;0;16;6123139;6808949;10641635;164533;6157569;11761988;264836;0;807
FR;2;2022-06-18;76;93;224;579;81;196;630;0;4;6123215;6809042;10641859;165112;6157650;11762184;265466;0;811
FR;2;2022-06-19;11;17;53;71;7;41;90;0;2;6123226;6809059;10641912;165183;6157657;11762225;265556;0;813
FR;2;2022-06-20;62;125;401;1028;72;392;1105;0;10;6123288;6809184;10642313;166211;6157729;11762617;266661;0;823
FR;2;2022-06-21;108;116;526;2127;105;455;2164;0;22;6123396;6809300;10642839;168338;6157834;11763072;268825;0;845
FR;2;2022-06-22;39;110;462;1889;57;415;1971;0;25;6123435;6809410;10643301;170227;6157891;11763487;270796;0;870
FR;2;2022-06-23;58;109;537;2282;68;452;2400;0;30;6123493;6809519;10643838;172509;6157959;11763939;273196;0;900
FR;2;2022-06-24;66;122;709;3199;65;571;3339;0;38;6123559;6809641;10644547;175708;6158024;11764510;276535;0;938
FR;2;2022-06-25;30;90;298;988;55;254;1041;0;13;6123589;6809731;10644845;176696;6158079;11764764;277576;0;951
FR;2;2022-06-26;30;27;131;194;29;97;236;0;5;6123619;6809758;10644976;176890;6158108;11764861;277812;0;956
FR;2;2022-06-27;79;137;582;2490;94;483;2623;0;39;6123698;6809895;10645558;179380;6158202;11765344;280435;0;995
FR;2;2022-06-28;110;140;812;4817;81;650;4894;0;54;6123808;6810035;10646370;184197;6158283;11765994;285329;0;1049
FR;2;2022-06-29;73;150;776;4436;80;637;4532;0;56;6123881;6810185;10647146;188633;6158363;11766631;289861;0;1105
FR;2;2022-06-30;72;133;834;5177;71;619;5398;0;79;6123953;6810318;10647980;193810;6158434;11767250;295259;0;1184
FR;2;2022-07-01;113;161;1152;6692;95;853;6944;0;92;6124066;6810479;10649132;200502;6158529;11768103;302203;0;1276
FR;2;2022-07-02;69;132;474;1977;82;392;2068;0;27;6124135;6810611;10649606;202479;6158611;11768495;304271;0;1303
FR;2;2022-07-03;23;30;147;334;21;131;357;0;8;6124158;6810641;10649753;202813;6158632;11768626;304628;0;1311
FR;2;2022-07-04;122;184;776;3785;113;612;3971;0;49;6124280;6810825;10650529;206598;6158745;11769238;308599;0;1360
FR;2;2022-07-05;119;188;1121;6818;121;829;6999;0;85;6124399;6811013;10651650;213416;6158866;11770067;315598;0;1445
FR;2;2022-07-06;93;152;951;5807;95;698;5933;0;84;6124492;6811165;10652601;219223;6158961;11770765;321531;0;1529
FR;2;2022-07-07;81;185;1021;6501;116;752;6732;0;101;6124573;6811350;10653622;225724;6159077;11771517;328263;0;1630
FR;2;2022-07-08;65;122;1095;7044;51;758;7235;0;123;6124638;6811472;10654717;232768;6159128;11772275;335498;0;1753
FR;2;2022-07-09;34;62;417;1869;31;299;1919;0;33;6124672;6811534;10655134;234637;6159159;11772574;337417;0;1786
FR;2;2022-07-10;7;17;97;315;8;83;327;0;5;6124679;6811551;10655231;234952;6159167;11772657;337744;0;1791
FR;2;2022-07-11;68;121;683;3826;76;541;3901;0;67;6124747;6811672;10655914;238778;6159243;11773198;341645;0;1858
FR;2;2022-07-12;102;180;1054;6517;107;809;6725;0;119;6124849;6811852;10656968;245295;6159350;11774007;348370;0;1977
FR;2;2022-07-13;65;128;879;4665;76;591;4831;0;78;6124914;6811980;10657847;249960;6159426;11774598;353201;0;2055
FR;2;2022-07-14;6;13;89;250;8;60;269;0;8;6124920;6811993;10657936;250210;6159434;11774658;353470;0;2063
FR;2;2022-07-15;61;129;739;3795;53;560;3961;0;75;6124981;6812122;10658675;254005;6159487;11775218;357431;0;2138
FR;2;2022-07-16;28;54;289;1031;30;242;1077;0;25;6125009;6812176;10658964;255036;6159517;11775460;358508;0;2163
FR;2;2022-07-17;5;12;78;201;6;67;207;0;6;6125014;6812188;10659042;255237;6159523;11775527;358715;0;2169
FR;2;2022-07-18;57;103;514;2510;61;385;2648;0;59;6125071;6812291;10659556;257747;6159584;11775912;361363;0;2228
FR;2;2022-07-19;66;133;770;4258;72;555;4447;0;72;6125137;6812424;10660326;262005;6159656;11776467;365810;0;2300
FR;2;2022-07-20;59;117;582;3179;68;430;3278;0;87;6125196;6812541;10660908;265184;6159724;11776897;369088;0;2387
FR;2;2022-07-21;60;110;673;3680;73;487;3797;0;105;6125256;6812651;10661581;268864;6159797;11777384;372885;0;2492
FR;2;2022-07-22;51;100;700;3550;48;507;3701;0;80;6125307;6812751;10662281;272414;6159845;11777891;376586;0;2572
FR;2;2022-07-23;38;97;290;1175;51;229;1228;0;37;6125345;6812848;10662571;273589;6159896;11778120;377814;0;2609
FR;2;2022-07-24;14;24;69;201;19;68;203;0;7;6125359;6812872;10662640;273790;6159915;11778188;378017;0;2616
FR;2;2022-07-25;50;71;405;1938;60;300;2000;0;56;6125409;6812943;10663045;275728;6159975;11778488;380017;0;2672
FR;2;2022-07-26;57;133;606;3423;67;476;3496;0;113;6125466;6813076;10663651;279151;6160042;11778964;383513;0;2785
FR;2;2022-07-27;42;81;457;2782;50;361;2801;0;89;6125508;6813157;10664108;281933;6160092;11779325;386314;0;2874
FR;2;2022-07-28;29;75;450;2487;37;356;2491;0;78;6125537;6813232;10664558;284420;6160129;11779681;388805;0;2952
FR;2;2022-07-29;68;88;535;2857;63;347;2978;0;73;6125605;6813320;10665093;287277;6160192;11780028;391783;0;3025
FR;2;2022-07-30;22;39;163;776;32;110;796;0;24;6125627;6813359;10665256;288053;6160224;11780138;392579;0;3049
FR;2;2022-07-31;6;13;27;104;12;21;110;0;2;6125633;6813372;10665283;288157;6160236;11780159;392689;0;3051
FR;2;2022-08-01;38;107;323;1262;74;260;1344;0;29;6125671;6813479;10665606;289419;6160310;11780419;394033;0;3080
FR;2;2022-08-02;49;75;325;2061;50;247;2097;0;78;6125720;6813554;10665931;291480;6160360;11780666;396130;0;3158
FR;2;2022-08-03;29;53;260;1611;25;188;1617;0;57;6125749;6813607;10666191;293091;6160385;11780854;397747;0;3215
FR;2;2022-08-04;40;65;306;1692;39;240;1701;0;66;6125789;6813672;10666497;294783;6160424;11781094;399448;0;3281
FR;2;2022-08-05;33;94;328;1881;67;236;1912;0;60;6125822;6813766;10666825;296664;6160491;11781330;401360;0;3341
FR;2;2022-08-06;22;41;106;365;29;82;372;0;10;6125844;6813807;10666931;297029;6160520;11781412;401732;0;3351
FR;2;2022-08-07;7;8;15;69;5;16;71;0;3;6125851;6813815;10666946;297098;6160525;11781428;401803;0;3354
FR;2;2022-08-08;19;35;220;877;22;148;915;0;33;6125870;6813850;10667166;297975;6160547;11781576;402718;0;3387
FR;2;2022-08-09;30;52;279;1474;42;238;1470;0;50;6125900;6813902;10667445;299449;6160589;11781814;404188;0;3437
FR;2;2022-08-10;17;22;213;1134;19;150;1155;0;46;6125917;6813924;10667658;300583;6160608;11781964;405343;0;3483
FR;2;2022-08-11;21;41;174;1038;26;117;1047;0;40;6125938;6813965;10667832;301621;6160634;11782081;406390;0;3523
FR;2;2022-08-12;36;51;184;1046;38;141;1069;0;35;6125974;6814016;10668016;302667;6160672;11782222;407459;0;3558
FR;2;2022-08-13;11;19;47;149;15;53;137;0;5;6125985;6814035;10668063;302816;6160687;11782275;407596;0;3563
FR;2;2022-08-14;1;2;12;52;1;11;54;0;1;6125986;6814037;10668075;302868;6160688;11782286;407650;0;3564
FR;2;2022-08-15;0;5;32;22;2;21;21;0;3;6125986;6814042;10668107;302890;6160690;11782307;407671;0;3567
FR;2;2022-08-16;27;33;144;681;34;120;678;0;33;6126013;6814075;10668251;303571;6160724;11782427;408349;0;3600
FR;2;2022-08-17;18;27;109;738;18;88;744;0;34;6126031;6814102;10668360;304309;6160742;11782515;409093;0;3634
FR;2;2022-08-18;14;30;160;836;14;107;852;0;42;6126045;6814132;10668520;305145;6160756;11782622;409945;0;3676
FR;2;2022-08-19;8;38;118;706;31;88;706;0;33;6126053;6814170;10668638;305851;6160787;11782710;410651;0;3709
FR;2;2022-08-20;6;26;61;197;16;52;201;0;8;6126059;6814196;10668699;306048;6160803;11782762;410852;0;3717
FR;2;2022-08-21;4;14;15;19;6;13;31;0;0;6126063;6814210;10668714;306067;6160809;11782775;410883;0;3717
FR;2;2022-08-22;11;25;116;395;17;73;451;0;13;6126074;6814235;10668830;306462;6160826;11782848;411334;0;3730
FR;2;2022-08-23;12;42;134;671;23;112;679;0;38;6126086;6814277;10668964;307133;6160849;11782960;412013;0;3768
FR;2;2022-08-24;11;28;87;466;21;80;472;0;18;6126097;6814305;10669051;307599;6160870;11783040;412485;0;3786
FR;2;2022-08-25;8;32;109;481;16;69;516;0;17;6126105;6814337;10669160;308080;6160886;11783109;413001;0;3803
FR;2;2022-08-26;16;46;117;720;36;91;713;0;32;6126121;6814383;10669277;308800;6160922;11783200;413714;0;3835
FR;2;2022-08-27;10;19;47;158;16;42;166;0;2;6126131;6814402;10669324;308958;6160938;11783242;413880;0;3837
FR;2;2022-08-28;1;5;5;15;1;7;16;0;1;6126132;6814407;10669329;308973;6160939;11783249;413896;0;3838
FR;2;2022-08-29;24;43;94;400;29;88;396;0;24;6126156;6814450;10669423;309373;6160968;11783337;414292;0;3862
FR;2;2022-08-30;31;54;154;791;34;119;798;0;29;6126187;6814504;10669577;310164;6161002;11783456;415090;0;3891
FR;2;2022-08-31;19;37;85;392;24;79;393;0;25;6126206;6814541;10669662;310556;6161026;11783535;415483;0;3916
FR;2;2022-09-01;19;43;139;600;25;122;609;0;36;6126225;6814584;10669801;311156;6161051;11783657;416092;0;3952
FR;2;2022-09-02;34;57;147;744;34;160;748;0;32;6126259;6814641;10669948;311900;6161085;11783817;416840;0;3984
FR;2;2022-09-03;17;20;83;205;11;67;213;0;7;6126276;6814661;10670031;312105;6161096;11783884;417053;0;3991
FR;2;2022-09-04;8;5;9;31;2;10;30;0;3;6126284;6814666;10670040;312136;6161098;11783894;417083;0;3994
FR;2;2022-09-05;29;32;126;367;24;98;397;0;24;6126313;6814698;10670166;312503;6161122;11783992;417480;0;4018
FR;2;2022-09-06;44;63;158;762;43;153;768;0;36;6126357;6814761;10670324;313265;6161165;11784145;418248;0;4054
FR;2;2022-09-07;21;22;76;375;18;51;387;0;23;6126378;6814783;10670400;313640;6161183;11784196;418635;0;4077
FR;2;2022-09-08;31;58;109;636;41;100;646;0;22;6126409;6814841;10670509;314276;6161224;11784296;419281;0;4099
FR;2;2022-09-09;18;24;126;754;21;74;747;0;48;6126427;6814865;10670635;315030;6161245;11784370;420028;0;4147
FR;2;2022-09-10;14;25;57;117;17;48;131;0;4;6126441;6814890;10670692;315147;6161262;11784418;420159;0;4151
FR;2;2022-09-11;12;5;11;11;3;13;13;0;0;6126453;6814895;10670703;315158;6161265;11784431;420172;0;4151
FR;2;2022-09-12;20;31;70;340;26;56;352;0;16;6126473;6814926;10670773;315498;6161291;11784487;420524;0;4167
FR;2;2022-09-13;15;34;125;670;13;99;674;0;40;6126488;6814960;10670898;316168;6161304;11784586;421198;0;4207
FR;2;2022-09-14;19;23;81;480;20;60;478;0;36;6126507;6814983;10670979;316648;6161324;11784646;421676;0;4243
FR;2;2022-09-15;23;45;126;486;27;102;493;0;47;6126530;6815028;10671105;317134;6161351;11784748;422169;0;4290
FR;2;2022-09-16;22;31;124;563;17;89;585;0;39;6126552;6815059;10671229;317697;6161368;11784837;422754;0;4329
FR;2;2022-09-17;6;20;56;160;15;52;147;0;14;6126558;6815079;10671285;317857;6161383;11784889;422901;0;4343
FR;2;2022-09-18;4;7;13;37;6;10;37;0;3;6126562;6815086;10671298;317894;6161389;11784899;422938;0;4346
FR;2;2022-09-19;26;24;114;353;16;87;381;0;22;6126588;6815110;10671412;318247;6161405;11784986;423319;0;4368
FR;2;2022-09-20;29;27;117;624;21;84;639;0;38;6126617;6815137;10671529;318871;6161426;11785070;423958;0;4406
FR;2;2022-09-21;15;30;100;393;15;78;418;0;23;6126632;6815167;10671629;319264;6161441;11785148;424376;0;4429
FR;2;2022-09-22;19;39;124;581;18;95;619;0;28;6126651;6815206;10671753;319845;6161459;11785243;424995;0;4457
FR;2;2022-09-23;21;38;135;555;22;111;570;0;40;6126672;6815244;10671888;320400;6161481;11785354;425565;0;4497
FR;2;2022-09-24;10;8;52;190;8;37;201;0;7;6126682;6815252;10671940;320590;6161489;11785391;425766;0;4504
FR;2;2022-09-25;9;11;15;29;11;12;33;0;5;6126691;6815263;10671955;320619;6161500;11785403;425799;0;4509
FR;2;2022-09-26;22;41;116;447;27;79;458;0;20;6126713;6815304;10672071;321066;6161527;11785482;426257;0;4529
FR;2;2022-09-27;30;46;162;906;35;108;861;0;52;6126743;6815350;10672233;321972;6161562;11785590;427118;0;4581
FR;2;2022-09-28;15;31;93;421;18;74;439;0;23;6126758;6815381;10672326;322393;6161580;11785664;427557;0;4604
FR;2;2022-09-29;26;48;115;618;23;110;630;0;33;6126784;6815429;10672441;323011;6161603;11785774;428187;0;4637
FR;2;2022-09-30;25;44;111;520;45;84;533;0;31;6126809;6815473;10672552;323531;6161648;11785858;428720;0;4668
FR;2;2022-10-01;11;20;51;128;20;36;129;0;8;6126820;6815493;10672603;323659;6161668;11785894;428849;0;4676
FR;2;2022-10-02;0;5;8;21;4;5;25;0;2;6126820;6815498;10672611;323680;6161672;11785899;428874;0;4678
FR;2;2022-10-03;22;35;85;291;30;69;306;0;22;6126842;6815533;10672696;323971;6161702;11785968;429180;0;4700
FR;2;2022-10-04;17;21;106;601;19;71;620;0;46;6126859;6815554;10672802;324572;6161721;11786039;429800;0;4746
FR;2;2022-10-05;20;31;75;491;26;67;488;0;54;6126879;6815585;10672877;325063;6161747;11786106;430288;0;4800
FR;2;2022-10-06;30;23;74;442;17;71;428;0;65;6126909;6815608;10672951;325505;6161764;11786177;430716;0;4865
FR;2;2022-10-07;21;30;86;499;27;66;503;0;42;6126930;6815638;10673037;326004;6161791;11786243;431219;0;4907
FR;2;2022-10-08;12;8;24;114;3;25;108;0;12;6126942;6815646;10673061;326118;6161794;11786268;431327;0;4919
FR;2;2022-10-09;1;8;15;17;6;11;22;0;5;6126943;6815654;10673076;326135;6161800;11786279;431349;0;4924
FR;2;2022-10-10;18;27;47;223;25;49;218;0;21;6126961;6815681;10673123;326358;6161825;11786328;431567;0;4945
FR;2;2022-10-11;16;15;48;253;11;39;241;0;52;6126977;6815696;10673171;326611;6161836;11786367;431808;0;4997
FR;2;2022-10-12;9;20;52;290;16;36;305;0;56;6126986;6815716;10673223;326901;6161852;11786403;432113;0;5053
FR;2;2022-10-13;11;14;48;271;9;48;261;0;26;6126997;6815730;10673271;327172;6161861;11786451;432374;0;5079
FR;2;2022-10-14;13;30;36;230;18;40;231;0;29;6127010;6815760;10673307;327402;6161879;11786491;432605;0;5108
FR;2;2022-10-15;4;13;22;111;7;17;113;0;15;6127014;6815773;10673329;327513;6161886;11786508;432718;0;5123
FR;2;2022-10-16;0;7;4;11;6;7;8;0;1;6127014;6815780;10673333;327524;6161892;11786515;432726;0;5124
FR;2;2022-10-17;15;19;31;121;18;26;131;0;29;6127029;6815799;10673364;327645;6161910;11786541;432857;0;5153
FR;2;2022-10-18;13;12;68;185;6;34;247;0;46;6127042;6815811;10673432;327830;6161916;11786575;433104;0;5199
FR;2;2022-10-19;8;17;39;184;12;31;223;0;52;6127050;6815828;10673471;328014;6161928;11786606;433327;0;5251
FR;2;2022-10-20;11;29;41;200;15;40;196;0;52;6127061;6815857;10673512;328214;6161943;11786646;433523;0;5303
FR;2;2022-10-21;6;16;60;233;7;53;222;0;31;6127067;6815873;10673572;328447;6161950;11786699;433745;0;5334
FR;2;2022-10-22;8;7;25;102;2;23;103;0;20;6127075;6815880;10673597;328549;6161952;11786722;433848;0;5354
FR;2;2022-10-23;0;3;1;5;3;0;6;0;2;6127075;6815883;10673598;328554;6161955;11786722;433854;0;5356
FR;2;2022-10-24;12;12;16;110;12;16;113;0;20;6127087;6815895;10673614;328664;6161967;11786738;433967;0;5376
FR;2;2022-10-25;12;7;23;138;6;15;145;0;51;6127099;6815902;10673637;328802;6161973;11786753;434112;0;5427
FR;2;2022-10-26;4;3;17;90;2;11;96;0;27;6127103;6815905;10673654;328892;6161975;11786764;434208;0;5454
FR;2;2022-10-27;7;10;18;88;10;20;71;0;27;6127110;6815915;10673672;328980;6161985;11786784;434279;0;5481
FR;2;2022-10-28;5;3;15;91;3;7;92;0;27;6127115;6815918;10673687;329071;6161988;11786791;434371;0;5508
FR;2;2022-10-29;7;8;18;33;6;14;37;0;8;6127122;6815926;10673705;329104;6161994;11786805;434408;0;5516
FR;2;2022-10-30;3;7;5;8;5;2;5;0;1;6127125;6815933;10673710;329112;6161999;11786807;434413;0;5517
FR;2;2022-10-31;2;8;6;49;6;10;48;0;11;6127127;6815941;10673716;329161;6162005;11786817;434461;0;5528
FR;2;2022-11-01;0;6;8;1;5;6;4;0;0;6127127;6815947;10673724;329162;6162010;11786823;434465;0;5528
FR;2;2022-11-02;6;5;12;44;5;12;45;0;11;6127133;6815952;10673736;329206;6162015;11786835;434510;0;5539
FR;2;2022-11-03;6;7;16;77;6;10;75;0;18;6127139;6815959;10673752;329283;6162021;11786845;434585;0;5557
FR;2;2022-11-04;7;12;15;85;10;14;93;0;10;6127146;6815971;10673767;329368;6162031;11786859;434678;0;5567
FR;2;2022-11-05;0;11;13;38;6;17;35;0;6;6127146;6815982;10673780;329406;6162037;11786876;434713;0;5573
FR;2;2022-11-06;0;2;2;1;0;4;0;0;2;6127146;6815984;10673782;329407;6162037;11786880;434713;0;5575
FR;2;2022-11-07;13;8;15;67;6;14;66;0;20;6127159;6815992;10673797;329474;6162043;11786894;434779;0;5595
FR;2;2022-11-08;14;8;18;58;6;14;65;0;27;6127173;6816000;10673815;329532;6162049;11786908;434844;0;5622
FR;2;2022-11-09;4;5;17;56;2;17;50;0;28;6127177;6816005;10673832;329588;6162051;11786925;434894;0;5650
FR;2;2022-11-10;7;10;17;74;7;14;76;0;14;6127184;6816015;10673849;329662;6162058;11786939;434970;0;5664
FR;2;2022-11-11;0;3;9;3;0;10;4;0;0;6127184;6816018;10673858;329665;6162058;11786949;434974;0;5664
FR;2;2022-11-12;2;5;7;19;4;7;19;0;4;6127186;6816023;10673865;329684;6162062;11786956;434993;0;5668
FR;2;2022-11-13;3;2;4;2;1;5;1;0;0;6127189;6816025;10673869;329686;6162063;11786961;434994;0;5668
FR;2;2022-11-14;7;6;13;29;3;10;33;0;7;6127196;6816031;10673882;329715;6162066;11786971;435027;0;5675
FR;2;2022-11-15;8;15;15;35;16;18;32;0;7;6127204;6816046;10673897;329750;6162082;11786989;435059;0;5682
FR;2;2022-11-16;3;6;4;45;6;4;46;0;18;6127207;6816052;10673901;329795;6162088;11786993;435105;0;5700
FR;2;2022-11-17;2;6;12;56;5;9;55;0;22;6127209;6816058;10673913;329851;6162093;11787002;435160;0;5722
FR;2;2022-11-18;3;4;7;41;4;6;44;0;10;6127212;6816062;10673920;329892;6162097;11787008;435204;0;5732
FR;2;2022-11-19;3;3;2;25;3;3;18;0;5;6127215;6816065;10673922;329917;6162100;11787011;435222;0;5737
FR;2;2022-11-20;0;2;6;9;2;6;10;0;26;6127215;6816067;10673928;329926;6162102;11787017;435232;0;5763
FR;2;2022-11-21;6;10;9;31;7;8;34;0;22;6127221;6816077;10673937;329957;6162109;11787025;435266;0;5785
FR;2;2022-11-22;8;8;20;65;6;21;70;0;71;6127229;6816085;10673957;330022;6162115;11787046;435336;0;5856
FR;2;2022-11-23;7;6;8;68;3;5;73;0;8;6127236;6816091;10673965;330090;6162118;11787051;435409;0;5864
FR;2;2022-11-24;2;2;11;51;2;7;58;0;10;6127238;6816093;10673976;330141;6162120;11787058;435467;0;5874
FR;2;2022-11-25;11;8;14;25;11;14;26;0;8;6127249;6816101;10673990;330166;6162131;11787072;435493;0;5882
FR;2;2022-11-26;1;5;4;8;4;7;6;0;0;6127250;6816106;10673994;330174;6162135;11787079;435499;0;5882
FR;2;2022-11-27;2;2;12;2;0;11;4;0;1;6127252;6816108;10674006;330176;6162135;11787090;435503;0;5883
FR;2;2022-11-28;0;2;8;35;1;6;37;0;5;6127252;6816110;10674014;330211;6162136;11787096;435540;0;5888
FR;2;2022-11-29;1;1;10;24;0;4;30;0;8;6127253;6816111;10674024;330235;6162136;11787100;435570;0;5896
FR;2;2022-11-30;2;2;10;47;1;11;44;0;21;6127255;6816113;10674034;330282;6162137;11787111;435614;0;5917
FR;2;2022-12-01;2;12;6;63;9;13;55;0;24;6127257;6816125;10674040;330345;6162146;11787124;435669;0;5941
FR;2;2022-12-02;1;2;12;51;2;10;51;0;27;6127258;6816127;10674052;330396;6162148;11787134;435720;0;5968
FR;2;2022-12-03;1;4;8;19;2;8;18;0;10;6127259;6816131;10674060;330415;6162150;11787142;435738;0;5978
FR;2;2022-12-04;0;0;0;4;0;0;4;0;2;6127259;6816131;10674060;330419;6162150;11787142;435742;0;5980
FR;2;2022-12-05;3;5;8;51;8;4;45;0;16;6127262;6816136;10674068;330470;6162158;11787146;435787;0;5996
FR;2;2022-12-06;3;5;14;45;4;6;48;0;17;6127265;6816141;10674082;330515;6162162;11787152;435835;0;6013
FR;2;2022-12-07;1;5;9;42;3;8;44;0;11;6127266;6816146;10674091;330557;6162165;11787160;435879;0;6024
FR;2;2022-12-08;0;2;11;44;0;6;49;0;16;6127266;6816148;10674102;330601;6162165;11787166;435928;0;6040
FR;2;2022-12-09;0;1;13;52;0;9;57;0;17;6127266;6816149;10674115;330653;6162165;11787175;435985;0;6057
FR;2;2022-12-10;0;3;15;50;1;6;52;0;9;6127266;6816152;10674130;330703;6162166;11787181;436037;0;6066
FR;2;2022-12-11;0;0;2;2;0;2;1;0;3;6127266;6816152;10674132;330705;6162166;11787183;436038;0;6069
FR;2;2022-12-12;1;0;6;37;0;6;36;0;11;6127267;6816152;10674138;330742;6162166;11787189;436074;0;6080
FR;2;2022-12-13;0;3;2;37;2;1;37;0;14;6127267;6816155;10674140;330779;6162168;11787190;436111;0;6094
FR;2;2022-12-14;0;5;8;26;5;3;31;0;14;6127267;6816160;10674148;330805;6162173;11787193;436142;0;6108
FR;2;2022-12-15;0;5;12;43;5;9;44;0;17;6127267;6816165;10674160;330848;6162178;11787202;436186;0;6125
FR;2;2022-12-16;2;4;27;56;3;20;62;0;16;6127269;6816169;10674187;330904;6162181;11787222;436248;0;6141
FR;2;2022-12-17;1;4;10;44;3;6;39;0;5;6127270;6816173;10674197;330948;6162184;11787228;436287;0;6146
FR;2;2022-12-18;1;0;0;0;0;0;0;0;1;6127271;6816173;10674197;330948;6162184;11787228;436287;0;6147
FR;2;2022-12-19;6;5;4;31;6;5;24;0;24;6127277;6816178;10674201;330979;6162190;11787233;436311;0;6171
FR;2;2022-12-20;0;4;6;37;2;7;38;0;24;6127277;6816182;10674207;331016;6162192;11787240;436349;0;6195
FR;2;2022-12-21;0;1;4;13;1;4;13;0;8;6127277;6816183;10674211;331029;6162193;11787244;436362;0;6203
FR;2;2022-12-22;0;5;17;32;2;6;45;0;10;6127277;6816188;10674228;331061;6162195;11787250;436407;0;6213
FR;2;2022-12-23;1;5;15;18;3;12;22;0;4;6127278;6816193;10674243;331079;6162198;11787262;436429;0;6217
FR;2;2022-12-24;0;0;1;1;0;1;1;0;0;6127278;6816193;10674244;331080;6162198;11787263;436430;0;6217
FR;2;2022-12-25;0;1;1;3;0;1;4;0;0;6127278;6816194;10674245;331083;6162198;11787264;436434;0;6217
FR;2;2022-12-26;0;0;7;11;0;5;11;0;3;6127278;6816194;10674252;331094;6162198;11787269;436445;0;6220
FR;2;2022-12-27;0;1;7;5;1;5;7;0;4;6127278;6816195;10674259;331099;6162199;11787274;436452;0;6224
FR;2;2022-12-28;0;2;4;13;2;3;14;0;5;6127278;6816197;10674263;331112;6162201;11787277;436466;0;6229
FR;2;2022-12-29;1;2;4;18;1;5;18;0;7;6127279;6816199;10674267;331130;6162202;11787282;436484;0;6236
FR;2;2022-12-30;1;0;2;8;0;2;7;0;1;6127280;6816199;10674269;331138;6162202;11787284;436491;0;6237
FR;2;2022-12-31;0;0;1;2;0;1;2;0;1;6127280;6816199;10674270;331140;6162202;11787285;436493;0;6238
FR;2;2023-01-01;0;0;0;0;0;0;0;0;0;6127280;6816199;10674270;331140;6162202;11787285;436493;0;6238
FR;2;2023-01-02;5;4;9;21;3;7;23;0;2;6127285;6816203;10674279;331161;6162205;11787292;436516;0;6240
FR;2;2023-01-03;1;0;6;13;0;7;11;0;6;6127286;6816203;10674285;331174;6162205;11787299;436527;0;6246
FR;2;2023-01-04;1;4;9;13;5;7;13;0;6;6127287;6816207;10674294;331187;6162210;11787306;436540;0;6252
FR;2;2023-01-05;0;2;7;6;2;4;7;0;3;6127287;6816209;10674301;331193;6162212;11787310;436547;0;6255
FR;2;2023-01-06;1;0;9;9;0;4;13;0;9;6127288;6816209;10674310;331202;6162212;11787314;436560;0;6264
FR;2;2023-01-07;0;0;4;10;0;4;8;0;5;6127288;6816209;10674314;331212;6162212;11787318;436568;0;6269
FR;2;2023-01-08;0;0;3;3;0;3;3;0;2;6127288;6816209;10674317;331215;6162212;11787321;436571;0;6271
FR;2;2023-01-09;0;2;8;9;2;3;13;0;5;6127288;6816211;10674325;331224;6162214;11787324;436584;0;6276
FR;2;2023-01-10;0;5;4;8;4;3;10;0;6;6127288;6816216;10674329;331232;6162218;11787327;436594;0;6282
FR;2;2023-01-11;3;0;4;7;0;3;9;0;3;6127291;6816216;10674333;331239;6162218;11787330;436603;0;6285
FR;2;2023-01-12;1;1;9;13;1;7;10;0;11;6127292;6816217;10674342;331252;6162219;11787337;436613;0;6296
FR;2;2023-01-13;0;1;5;7;1;3;10;0;3;6127292;6816218;10674347;331259;6162220;11787340;436623;0;6299
FR;2;2023-01-14;0;1;2;6;0;3;6;0;1;6127292;6816219;10674349;331265;6162220;11787343;436629;0;6300
FR;2;2023-01-15;0;0;0;0;0;0;0;0;0;6127292;6816219;10674349;331265;6162220;11787343;436629;0;6300
FR;2;2023-01-16;1;1;5;6;2;2;7;0;1;6127293;6816220;10674354;331271;6162222;11787345;436636;0;6301
FR;2;2023-01-17;1;0;5;4;0;5;3;0;0;6127294;6816220;10674359;331275;6162222;11787350;436639;0;6301
FR;2;2023-01-18;0;0;3;2;0;3;2;0;0;6127294;6816220;10674362;331277;6162222;11787353;436641;0;6301
FR;2;2023-01-19;0;0;1;6;0;1;6;0;6;6127294;6816220;10674363;331283;6162222;11787354;436647;0;6307
FR;2;2023-01-20;0;0;1;8;0;1;8;0;4;6127294;6816220;10674364;331291;6162222;11787355;436655;0;6311
FR;2;2023-01-21;0;0;0;3;0;0;0;0;0;6127294;6816220;10674364;331294;6162222;11787355;436655;0;6311
FR;2;2023-01-22;0;0;0;0;0;0;0;0;0;6127294;6816220;10674364;331294;6162222;11787355;436655;0;6311
FR;2;2023-01-23;0;0;3;3;0;2;3;0;1;6127294;6816220;10674367;331297;6162222;11787357;436658;0;6312
FR;2;2023-01-24;1;3;1;6;3;0;7;0;4;6127295;6816223;10674368;331303;6162225;11787357;436665;0;6316
FR;2;2023-01-25;1;0;0;6;1;0;6;0;0;6127296;6816223;10674368;331309;6162226;11787357;436671;0;6316
FR;2;2023-01-26;1;0;3;7;0;1;9;0;3;6127297;6816223;10674371;331316;6162226;11787358;436680;0;6319
FR;2;2023-01-27;0;2;3;3;1;2;3;0;2;6127297;6816225;10674374;331319;6162227;11787360;436683;0;6321
FR;2;2023-01-28;0;0;0;1;0;0;1;0;0;6127297;6816225;10674374;331320;6162227;11787360;436684;0;6321
FR;2;2023-01-29;0;0;1;0;0;0;1;0;0;6127297;6816225;10674375;331320;6162227;11787360;436685;0;6321
FR;2;2023-01-30;0;1;2;3;1;1;4;0;1;6127297;6816226;10674377;331323;6162228;11787361;436689;0;6322
FR;2;2023-01-31;1;0;3;2;0;2;3;0;0;6127298;6816226;10674380;331325;6162228;11787363;436692;0;6322
FR;2;2023-02-01;0;3;2;0;2;3;0;0;0;6127298;6816229;10674382;331325;6162230;11787366;436692;0;6322
FR;2;2023-02-02;0;2;3;4;1;4;6;0;4;6127298;6816231;10674385;331329;6162231;11787370;436698;0;6326
FR;2;2023-02-03;0;2;1;12;2;0;11;0;9;6127298;6816233;10674386;331341;6162233;11787370;436709;0;6335
FR;2;2023-02-04;0;1;1;0;0;2;0;0;0;6127298;6816234;10674387;331341;6162233;11787372;436709;0;6335
FR;2;2023-02-05;0;0;0;0;0;0;0;0;0;6127298;6816234;10674387;331341;6162233;11787372;436709;0;6335
FR;2;2023-02-06;0;4;2;2;3;3;2;0;0;6127298;6816238;10674389;331343;6162236;11787375;436711;0;6335
FR;2;2023-02-07;2;1;0;0;0;1;0;0;1;6127300;6816239;10674389;331343;6162236;11787376;436711;0;6336
FR;2;2023-02-08;0;0;3;2;0;2;4;0;1;6127300;6816239;10674392;331345;6162236;11787378;436715;0;6337
FR;2;2023-02-09;0;0;1;4;0;2;3;0;3;6127300;6816239;10674393;331349;6162236;11787380;436718;0;6340
FR;2;2023-02-10;0;0;1;3;0;1;2;0;6;6127300;6816239;10674394;331352;6162236;11787381;436720;0;6346
FR;2;2023-02-11;2;2;1;1;0;2;2;0;0;6127302;6816241;10674395;331353;6162236;11787383;436722;0;6346
FR;2;2023-02-12;0;0;0;0;0;0;0;0;0;6127302;6816241;10674395;331353;6162236;11787383;436722;0;6346
FR;2;2023-02-13;3;0;1;5;0;0;5;0;1;6127305;6816241;10674396;331358;6162236;11787383;436727;0;6347
FR;2;2023-02-14;1;2;1;1;2;0;2;0;0;6127306;6816243;10674397;331359;6162238;11787383;436729;0;6347
FR;2;2023-02-15;3;0;1;1;0;1;1;0;0;6127309;6816243;10674398;331360;6162238;11787384;436730;0;6347
FR;2;2023-02-16;3;1;1;1;1;1;1;0;2;6127312;6816244;10674399;331361;6162239;11787385;436731;0;6349
FR;2;2023-02-17;0;0;1;4;0;1;3;0;4;6127312;6816244;10674400;331365;6162239;11787386;436734;0;6353
FR;2;2023-02-18;0;0;5;1;0;5;0;0;1;6127312;6816244;10674405;331366;6162239;11787391;436734;0;6354
FR;2;2023-02-19;0;1;0;0;1;0;0;0;0;6127312;6816245;10674405;331366;6162240;11787391;436734;0;6354
FR;2;2023-02-20;1;0;0;1;0;0;1;0;2;6127313;6816245;10674405;331367;6162240;11787391;436735;0;6356
FR;2;2023-02-21;0;0;0;1;0;0;1;0;2;6127313;6816245;10674405;331368;6162240;11787391;436736;0;6358
FR;2;2023-02-22;1;0;0;3;0;0;3;0;0;6127314;6816245;10674405;331371;6162240;11787391;436739;0;6358
FR;2;2023-02-23;0;0;0;1;0;0;1;0;3;6127314;6816245;10674405;331372;6162240;11787391;436740;0;6361
FR;2;2023-02-24;1;0;1;2;0;0;3;0;0;6127315;6816245;10674406;331374;6162240;11787391;436743;0;6361
FR;2;2023-02-25;0;0;1;2;0;1;2;0;0;6127315;6816245;10674407;331376;6162240;11787392;436745;0;6361
FR;2;2023-02-26;0;0;0;0;0;0;0;0;0;6127315;6816245;10674407;331376;6162240;11787392;436745;0;6361
FR;2;2023-02-27;1;0;1;1;1;1;1;0;0;6127316;6816245;10674408;331377;6162241;11787393;436746;0;6361
FR;2;2023-02-28;1;0;0;0;0;0;0;0;2;6127317;6816245;10674408;331377;6162241;11787393;436746;0;6363
FR;2;2023-03-01;0;2;3;2;1;3;1;0;1;6127317;6816247;10674411;331379;6162242;11787396;436747;0;6364
FR;2;2023-03-02;0;2;2;1;2;1;1;0;1;6127317;6816249;10674413;331380;6162244;11787397;436748;0;6365
FR;2;2023-03-03;1;0;3;1;0;3;1;0;0;6127318;6816249;10674416;331381;6162244;11787400;436749;0;6365
FR;2;2023-03-04;0;0;1;0;0;1;0;0;0;6127318;6816249;10674417;331381;6162244;11787401;436749;0;6365
FR;2;2023-03-05;0;0;0;0;0;0;0;0;0;6127318;6816249;10674417;331381;6162244;11787401;436749;0;6365
FR;2;2023-03-06;0;0;2;1;0;1;2;0;2;6127318;6816249;10674419;331382;6162244;11787402;436751;0;6367
FR;2;2023-03-07;0;1;2;1;1;2;1;0;1;6127318;6816250;10674421;331383;6162245;11787404;436752;0;6368
FR;2;2023-03-08;0;0;0;0;0;0;0;0;2;6127318;6816250;10674421;331383;6162245;11787404;436752;0;6370
FR;2;2023-03-09;0;0;1;1;0;0;2;0;0;6127318;6816250;10674422;331384;6162245;11787404;436754;0;6370
FR;2;2023-03-10;0;0;1;0;0;1;0;0;0;6127318;6816250;10674423;331384;6162245;11787405;436754;0;6370
FR;2;2023-03-11;0;0;4;1;0;3;2;0;0;6127318;6816250;10674427;331385;6162245;11787408;436756;0;6370
FR;2;2023-03-12;0;0;0;0;0;0;0;0;0;6127318;6816250;10674427;331385;6162245;11787408;436756;0;6370
FR;2;2023-03-13;0;0;1;3;0;1;3;0;0;6127318;6816250;10674428;331388;6162245;11787409;436759;0;6370
FR;2;2023-03-14;1;0;0;0;0;0;0;0;0;6127319;6816250;10674428;331388;6162245;11787409;436759;0;6370
FR;2;2023-03-15;0;2;0;3;2;0;3;0;0;6127319;6816252;10674428;331391;6162247;11787409;436762;0;6370
FR;2;2023-03-16;0;2;0;0;1;1;1;0;0;6127319;6816254;10674428;331391;6162248;11787410;436763;0;6370
FR;2;2023-03-17;0;0;1;1;0;1;0;0;0;6127319;6816254;10674429;331392;6162248;11787411;436763;0;6370
FR;2;2023-03-18;0;0;7;0;0;7;0;0;1;6127319;6816254;10674436;331392;6162248;11787418;436763;0;6371
FR;2;2023-03-19;0;0;0;0;0;0;0;0;0;6127319;6816254;10674436;331392;6162248;11787418;436763;0;6371
FR;2;2023-03-20;0;0;1;0;0;1;0;0;0;6127319;6816254;10674437;331392;6162248;11787419;436763;0;6371
FR;2;2023-03-21;0;0;1;2;0;1;2;0;1;6127319;6816254;10674438;331394;6162248;11787420;436765;0;6372
FR;2;2023-03-22;0;0;0;0;0;0;0;0;1;6127319;6816254;10674438;331394;6162248;11787420;436765;0;6373
FR;2;2023-03-23;0;1;0;0;1;0;0;0;1;6127319;6816255;10674438;331394;6162249;11787420;436765;0;6374
FR;2;2023-03-24;0;1;0;2;1;0;2;0;2;6127319;6816256;10674438;331396;6162250;11787420;436767;0;6376
FR;2;2023-03-25;0;0;1;2;0;1;2;0;0;6127319;6816256;10674439;331398;6162250;11787421;436769;0;6376
FR;2;2023-03-26;0;2;1;0;2;1;0;0;0;6127319;6816258;10674440;331398;6162252;11787422;436769;0;6376
FR;2;2023-03-27;0;2;2;0;2;2;0;0;1;6127319;6816260;10674442;331398;6162254;11787424;436769;0;6377
FR;2;2023-03-28;0;0;0;0;0;0;0;0;1;6127319;6816260;10674442;331398;6162254;11787424;436769;0;6378
FR;2;2023-03-29;0;0;0;2;0;0;2;0;0;6127319;6816260;10674442;331400;6162254;11787424;436771;0;6378
FR;2;2023-03-30;0;0;0;0;0;0;0;0;0;6127319;6816260;10674442;331400;6162254;11787424;436771;0;6378
FR;2;2023-03-31;0;1;0;1;1;0;1;0;0;6127319;6816261;10674442;331401;6162255;11787424;436772;0;6378
FR;2;2023-04-01;0;0;1;0;0;0;1;0;0;6127319;6816261;10674443;331401;6162255;11787424;436773;0;6378
FR;2;2023-04-02;0;0;0;0;0;0;0;0;0;6127319;6816261;10674443;331401;6162255;11787424;436773;0;6378
FR;2;2023-04-03;0;1;2;2;1;2;2;0;1;6127319;6816262;10674445;331403;6162256;11787426;436775;0;6379
FR;2;2023-04-04;0;0;0;2;0;0;2;0;0;6127319;6816262;10674445;331405;6162256;11787426;436777;0;6379
FR;2;2023-04-05;0;0;1;0;0;1;0;0;0;6127319;6816262;10674446;331405;6162256;11787427;436777;0;6379
FR;2;2023-04-06;0;1;0;0;1;0;0;0;0;6127319;6816263;10674446;331405;6162257;11787427;436777;0;6379
FR;2;2023-04-07;0;0;0;1;0;0;1;0;0;6127319;6816263;10674446;331406;6162257;11787427;436778;0;6379
FR;2;2023-04-08;0;0;0;0;0;0;0;0;0;6127319;6816263;10674446;331406;6162257;11787427;436778;0;6379
FR;2;2023-04-09;0;0;1;0;0;1;0;0;0;6127319;6816263;10674447;331406;6162257;11787428;436778;0;6379
FR;2;2023-04-10;0;2;0;0;1;1;0;0;0;6127319;6816265;10674447;331406;6162258;11787429;436778;0;6379
FR;2;2023-04-11;0;0;0;0;0;0;0;0;1;6127319;6816265;10674447;331406;6162258;11787429;436778;0;6380
FR;2;2023-04-12;0;0;0;0;0;0;0;0;0;6127319;6816265;10674447;331406;6162258;11787429;436778;0;6380
FR;2;2023-04-13;0;0;2;1;0;2;0;0;0;6127319;6816265;10674449;331407;6162258;11787431;436778;0;6380
FR;2;2023-04-14;0;1;0;1;1;0;1;0;0;6127319;6816266;10674449;331408;6162259;11787431;436779;0;6380
FR;2;2023-04-15;0;0;0;0;0;0;0;0;0;6127319;6816266;10674449;331408;6162259;11787431;436779;0;6380
FR;2;2023-04-16;0;0;0;0;0;0;0;0;0;6127319;6816266;10674449;331408;6162259;11787431;436779;0;6380
FR;2;2023-04-17;1;1;0;0;2;0;0;0;0;6127320;6816267;10674449;331408;6162261;11787431;436779;0;6380
FR;2;2023-04-18;0;0;1;2;0;1;2;0;0;6127320;6816267;10674450;331410;6162261;11787432;436781;0;6380
FR;2;2023-04-19;0;0;0;0;0;0;2;0;0;6127320;6816267;10674450;331410;6162261;11787432;436783;0;6380
FR;2;2023-04-20;0;0;1;1;0;1;1;0;0;6127320;6816267;10674451;331411;6162261;11787433;436784;0;6380
FR;2;2023-04-21;0;0;1;0;0;1;0;0;0;6127320;6816267;10674452;331411;6162261;11787434;436784;0;6380
FR;2;2023-04-22;0;0;2;2;0;1;1;0;2;6127320;6816267;10674454;331413;6162261;11787435;436785;0;6382
FR;2;2023-04-23;0;0;0;0;0;0;0;0;0;6127320;6816267;10674454;331413;6162261;11787435;436785;0;6382
FR;2;2023-04-24;0;0;1;0;0;0;1;0;0;6127320;6816267;10674455;331413;6162261;11787435;436786;0;6382
FR;2;2023-04-25;0;0;0;0;0;0;0;0;0;6127320;6816267;10674455;331413;6162261;11787435;436786;0;6382
FR;2;2023-04-26;0;1;0;0;0;1;0;0;0;6127320;6816268;10674455;331413;6162261;11787436;436786;0;6382
FR;2;2023-04-27;0;0;0;0;0;0;0;0;1;6127320;6816268;10674455;331413;6162261;11787436;436786;0;6383
FR;2;2023-04-28;0;0;0;0;0;0;0;0;2;6127320;6816268;10674455;331413;6162261;11787436;436786;0;6385
FR;2;2023-04-29;0;0;0;1;0;0;1;0;0;6127320;6816268;10674455;331414;6162261;11787436;436787;0;6385
FR;2;2023-04-30;0;0;0;0;0;0;0;0;0;6127320;6816268;10674455;331414;6162261;11787436;436787;0;6385
FR;2;2023-05-01;0;1;0;0;1;0;0;0;0;6127320;6816269;10674455;331414;6162262;11787436;436787;0;6385
FR;2;2023-05-02;0;0;4;1;0;4;1;0;2;6127320;6816269;10674459;331415;6162262;11787440;436788;0;6387
FR;2;2023-05-03;0;1;0;0;0;1;0;0;0;6127320;6816270;10674459;331415;6162262;11787441;436788;0;6387
FR;2;2023-05-04;0;0;0;1;0;0;1;0;0;6127320;6816270;10674459;331416;6162262;11787441;436789;0;6387
FR;2;2023-05-05;0;1;1;1;1;1;1;0;0;6127320;6816271;10674460;331417;6162263;11787442;436790;0;6387
FR;2;2023-05-06;0;0;0;0;0;0;0;0;0;6127320;6816271;10674460;331417;6162263;11787442;436790;0;6387
FR;2;2023-05-07;0;0;0;0;0;0;0;0;0;6127320;6816271;10674460;331417;6162263;11787442;436790;0;6387
FR;2;2023-05-08;0;0;0;0;0;0;0;0;0;6127320;6816271;10674460;331417;6162263;11787442;436790;0;6387
FR;2;2023-05-09;0;1;0;0;0;1;0;0;0;6127320;6816272;10674460;331417;6162263;11787443;436790;0;6387
FR;2;2023-05-10;0;0;0;0;0;0;0;0;2;6127320;6816272;10674460;331417;6162263;11787443;436790;0;6389
FR;2;2023-05-11;0;0;0;0;0;0;0;0;1;6127320;6816272;10674460;331417;6162263;11787443;436790;0;6390
FR;2;2023-05-12;0;0;0;0;0;0;0;0;0;6127320;6816272;10674460;331417;6162263;11787443;436790;0;6390
FR;2;2023-05-13;0;0;0;0;0;0;0;0;0;6127320;6816272;10674460;331417;6162263;11787443;436790;0;6390
FR;2;2023-05-14;0;0;0;0;0;0;0;0;0;6127320;6816272;10674460;331417;6162263;11787443;436790;0;6390
FR;2;2023-05-15;0;0;1;0;0;1;0;0;0;6127320;6816272;10674461;331417;6162263;11787444;436790;0;6390
FR;2;2023-05-16;0;0;0;0;0;0;0;0;0;6127320;6816272;10674461;331417;6162263;11787444;436790;0;6390
FR;2;2023-05-17;0;0;0;0;0;0;0;0;0;6127320;6816272;10674461;331417;6162263;11787444;436790;0;6390
FR;2;2023-05-18;0;0;0;1;0;0;1;0;0;6127320;6816272;10674461;331418;6162263;11787444;436791;0;6390
FR;2;2023-05-19;0;0;0;0;0;0;0;0;0;6127320;6816272;10674461;331418;6162263;11787444;436791;0;6390
FR;2;2023-05-20;0;0;0;0;0;0;0;0;0;6127320;6816272;10674461;331418;6162263;11787444;436791;0;6390
FR;2;2023-05-21;0;0;0;0;0;0;0;0;0;6127320;6816272;10674461;331418;6162263;11787444;436791;0;6390
FR;2;2023-05-22;0;0;0;1;0;0;1;0;0;6127320;6816272;10674461;331419;6162263;11787444;436792;0;6390
FR;2;2023-05-23;0;0;0;0;0;0;0;0;1;6127320;6816272;10674461;331419;6162263;11787444;436792;0;6391
FR;2;2023-05-24;0;0;0;0;0;0;0;0;0;6127320;6816272;10674461;331419;6162263;11787444;436792;0;6391
FR;2;2023-05-25;0;0;0;0;0;0;1;0;0;6127320;6816272;10674461;331419;6162263;11787444;436793;0;6391
FR;2;2023-05-26;0;1;0;1;1;0;1;0;1;6127320;6816273;10674461;331420;6162264;11787444;436794;0;6392
FR;2;2023-05-27;0;0;2;0;0;2;0;0;0;6127320;6816273;10674463;331420;6162264;11787446;436794;0;6392
FR;2;2023-05-28;0;0;0;0;0;0;0;0;0;6127320;6816273;10674463;331420;6162264;11787446;436794;0;6392
FR;2;2023-05-29;0;0;0;0;0;0;0;0;0;6127320;6816273;10674463;331420;6162264;11787446;436794;0;6392
FR;3;2020-12-27;0;0;0;0;0;0;0;0;0;0;0;0;0;0;0;0;0;0
FR;3;2020-12-28;0;0;0;0;0;0;0;0;0;0;0;0;0;0;0;0;0;0
FR;3;2020-12-29;0;0;0;0;0;0;0;0;0;0;0;0;0;0;0;0;0;0
FR;3;2020-12-30;0;0;0;0;0;0;0;0;0;0;0;0;0;0;0;0;0;0
FR;3;2020-12-31;0;0;0;0;0;0;0;0;0;0;0;0;0;0;0;0;0;0
FR;3;2021-01-01;0;0;0;0;0;0;0;0;0;0;0;0;0;0;0;0;0;0
FR;3;2021-01-02;0;0;0;0;0;0;0;0;0;0;0;0;0;0;0;0;0;0
FR;3;2021-01-03;0;0;0;0;0;0;0;0;0;0;0;0;0;0;0;0;0;0
FR;3;2021-01-04;0;0;0;0;0;0;0;0;0;0;0;0;0;0;0;0;0;0
FR;3;2021-01-05;0;0;0;0;0;0;0;0;0;0;0;0;0;0;0;0;0;0
FR;3;2021-01-06;0;0;0;0;0;0;0;0;0;0;0;0;0;0;0;0;0;0
FR;3;2021-01-07;0;0;0;0;0;0;0;0;0;0;0;0;0;0;0;0;0;0
FR;3;2021-01-08;0;0;0;0;0;0;0;0;0;0;0;0;0;0;0;0;0;0
FR;3;2021-01-09;0;0;0;0;0;0;0;0;0;0;0;0;0;0;0;0;0;0
FR;3;2021-01-10;0;0;0;0;0;0;0;0;0;0;0;0;0;0;0;0;0;0
FR;3;2021-01-11;0;0;0;0;0;0;0;0;0;0;0;0;0;0;0;0;0;0
FR;3;2021-01-12;0;0;0;0;0;0;0;0;0;0;0;0;0;0;0;0;0;0
FR;3;2021-01-13;0;0;0;0;0;0;0;0;0;0;0;0;0;0;0;0;0;0
FR;3;2021-01-14;0;0;0;0;0;0;0;0;0;0;0;0;0;0;0;0;0;0
FR;3;2021-01-15;0;0;0;0;0;0;0;0;0;0;0;0;0;0;0;0;0;0
FR;3;2021-01-16;0;0;0;0;0;0;0;0;0;0;0;0;0;0;0;0;0;0
FR;3;2021-01-17;0;0;0;0;0;0;0;0;0;0;0;0;0;0;0;0;0;0
FR;3;2021-01-18;0;0;0;0;0;0;0;0;0;0;0;0;0;0;0;0;0;0
FR;3;2021-01-19;0;0;0;0;0;0;0;0;0;0;0;0;0;0;0;0;0;0
FR;3;2021-01-20;0;0;0;0;0;0;0;0;0;0;0;0;0;0;0;0;0;0
FR;3;2021-01-21;0;0;0;0;0;0;0;0;0;0;0;0;0;0;0;0;0;0
FR;3;2021-01-22;0;0;0;0;0;0;0;0;0;0;0;0;0;0;0;0;0;0
FR;3;2021-01-23;0;0;0;0;0;0;0;0;0;0;0;0;0;0;0;0;0;0
FR;3;2021-01-24;0;0;0;0;0;0;0;0;0;0;0;0;0;0;0;0;0;0
FR;3;2021-01-25;0;0;0;0;0;0;0;0;0;0;0;0;0;0;0;0;0;0
FR;3;2021-01-26;0;0;0;0;0;0;0;0;0;0;0;0;0;0;0;0;0;0
FR;3;2021-01-27;0;0;0;0;0;0;0;0;0;0;0;0;0;0;0;0;0;0
FR;3;2021-01-28;0;0;0;0;0;0;0;0;0;0;0;0;0;0;0;0;0;0
FR;3;2021-01-29;0;0;0;0;0;0;0;0;0;0;0;0;0;0;0;0;0;0
FR;3;2021-01-30;0;0;0;0;0;0;0;0;0;0;0;0;0;0;0;0;0;0
FR;3;2021-01-31;0;0;0;0;0;0;0;0;0;0;0;0;0;0;0;0;0;0
FR;3;2021-02-01;0;0;0;0;0;0;0;0;0;0;0;0;0;0;0;0;0;0
FR;3;2021-02-02;0;0;0;0;0;0;0;0;0;0;0;0;0;0;0;0;0;0
FR;3;2021-02-03;0;0;0;0;0;0;0;0;0;0;0;0;0;0;0;0;0;0
FR;3;2021-02-04;0;0;0;0;0;0;0;0;0;0;0;0;0;0;0;0;0;0
FR;3;2021-02-05;0;0;0;0;0;0;0;0;0;0;0;0;0;0;0;0;0;0
FR;3;2021-02-06;1474;0;0;0;105;0;0;0;0;1474;0;0;0;105;0;0;0;0
FR;3;2021-02-07;1423;2;0;0;87;0;0;0;0;2897;2;0;0;192;0;0;0;0
FR;3;2021-02-08;2790;1;0;0;177;0;0;0;0;5687;3;0;0;369;0;0;0;0
FR;3;2021-02-09;6786;0;0;0;502;0;0;0;0;12473;3;0;0;871;0;0;0;0
FR;3;2021-02-10;9612;0;0;0;695;0;0;0;0;22085;3;0;0;1566;0;0;0;0
FR;3;2021-02-11;13620;4;0;0;919;0;0;0;0;35705;7;0;0;2485;0;0;0;0
FR;3;2021-02-12;13410;0;0;0;907;0;0;0;0;49115;7;0;0;3392;0;0;0;0
FR;3;2021-02-13;3800;1;0;0;218;0;0;0;0;52915;8;0;0;3610;0;0;0;0
FR;3;2021-02-14;975;1;0;0;53;0;0;0;0;53890;9;0;0;3663;0;0;0;0
FR;3;2021-02-15;10497;2;0;0;719;0;0;0;0;64387;11;0;0;4382;0;0;0;0
FR;3;2021-02-16;12556;5;0;0;871;0;0;0;0;76943;16;0;0;5253;0;0;0;0
FR;3;2021-02-17;11159;1;0;0;717;0;0;0;0;88102;17;0;0;5970;0;0;0;0
FR;3;2021-02-18;14943;2;0;0;985;0;0;0;0;103045;19;0;0;6955;0;0;0;0
FR;3;2021-02-19;14364;1;0;0;846;0;0;0;0;117409;20;0;0;7801;0;0;0;0
FR;3;2021-02-20;3332;0;0;0;178;0;0;0;0;120741;20;0;0;7979;0;0;0;0
FR;3;2021-02-21;620;0;0;0;35;0;0;0;0;121361;20;0;0;8014;0;0;0;0
FR;3;2021-02-22;9171;1;0;0;654;0;0;0;0;130532;21;0;0;8668;0;0;0;0
FR;3;2021-02-23;11406;6;0;0;761;0;0;0;0;141938;27;0;0;9429;0;0;0;0
FR;3;2021-02-24;14305;1;0;0;829;0;0;0;0;156243;28;0;0;10258;0;0;0;0
FR;3;2021-02-25;44935;3;0;0;1814;0;0;0;0;201178;31;0;0;12072;0;0;0;0
FR;3;2021-02-26;61889;13;0;0;2201;0;0;0;0;263067;44;0;0;14273;0;0;0;0
FR;3;2021-02-27;34811;14;0;0;1028;0;0;0;0;297878;58;0;0;15301;0;0;0;0
FR;3;2021-02-28;2464;0;0;0;114;0;0;0;0;300342;58;0;0;15415;0;0;0;0
FR;3;2021-03-01;20521;21;0;0;1067;0;0;0;0;320863;79;0;0;16482;0;0;0;0
FR;3;2021-03-02;38878;25;0;0;1790;0;0;0;0;359741;104;0;0;18272;0;0;0;0
FR;3;2021-03-03;48750;18;0;0;2130;0;0;0;0;408491;122;0;0;20402;0;0;0;0
FR;3;2021-03-04;82229;25;0;0;3194;0;0;0;0;490720;147;0;0;23596;0;0;0;0
FR;3;2021-03-05;118138;43;0;0;4693;0;0;0;0;608858;190;0;0;28289;0;0;0;0
FR;3;2021-03-06;120727;65;1;0;3559;0;0;0;0;729585;255;1;0;31848;0;0;0;0
FR;3;2021-03-07;55186;23;0;0;1729;0;0;0;0;784771;278;1;0;33577;0;0;0;0
FR;3;2021-03-08;42814;29;0;0;2074;0;0;0;0;827585;307;1;0;35651;0;0;0;0
FR;3;2021-03-09;78978;51;0;0;3288;0;0;0;0;906563;358;1;0;38939;0;0;0;0
FR;3;2021-03-10;80985;67;0;0;3243;0;0;0;0;987548;425;1;0;42182;0;0;0;0
FR;3;2021-03-11;128447;66;0;0;4766;0;0;0;0;1115995;491;1;0;46948;0;0;0;0
FR;3;2021-03-12;182718;122;0;0;6279;0;0;0;0;1298713;613;1;0;53227;0;0;0;0
FR;3;2021-03-13;132160;91;0;0;3530;0;0;0;0;1430873;704;1;0;56757;0;0;0;0
FR;3;2021-03-14;14061;6;0;0;550;0;0;0;0;1444934;710;1;0;57307;0;0;0;0
FR;3;2021-03-15;52243;82;0;0;2097;0;0;0;0;1497177;792;1;0;59404;0;0;0;0
FR;3;2021-03-16;1221;51;0;0;105;0;0;0;0;1498398;843;1;0;59509;0;0;0;0
FR;3;2021-03-17;950;56;0;0;95;0;0;0;0;1499348;899;1;0;59604;0;0;0;0
FR;3;2021-03-18;1577;42;0;0;102;0;0;0;0;1500925;941;1;0;59706;0;0;0;0
FR;3;2021-03-19;70458;56;0;0;2060;0;0;0;0;1571383;997;1;0;61766;0;0;0;0
FR;3;2021-03-20;65242;51;0;0;1702;0;0;0;0;1636625;1048;1;0;63468;0;0;0;0
FR;3;2021-03-21;5761;8;0;0;199;0;0;0;0;1642386;1056;1;0;63667;0;0;0;0
FR;3;2021-03-22;37511;50;0;0;1053;0;0;0;0;1679897;1106;1;0;64720;0;0;0;0
FR;3;2021-03-23;84670;87;0;0;2288;0;0;0;0;1764567;1193;1;0;67008;0;0;0;0
FR;3;2021-03-24;90955;99;0;0;2491;0;0;0;0;1855522;1292;1;0;69499;0;0;0;0
FR;3;2021-03-25;150068;149;0;0;3792;0;0;0;0;2005590;1441;1;0;73291;0;0;0;0
FR;3;2021-03-26;165431;157;0;0;4148;0;0;0;0;2171021;1598;1;0;77439;0;0;0;0
FR;3;2021-03-27;68465;101;0;0;2004;0;0;0;0;2239486;1699;1;0;79443;0;0;0;0
FR;3;2021-03-28;6481;20;0;0;238;0;0;0;0;2245967;1719;1;0;79681;0;0;0;0
FR;3;2021-03-29;54171;83;0;0;1480;0;0;0;0;2300138;1802;1;0;81161;0;0;0;0
FR;3;2021-03-30;93185;103;0;0;2564;0;0;0;0;2393323;1905;1;0;83725;0;0;0;0
FR;3;2021-03-31;63547;110;0;0;1964;0;0;0;0;2456870;2015;1;0;85689;0;0;0;0
FR;3;2021-04-01;86136;116;0;0;2496;0;0;0;0;2543006;2131;1;0;88185;0;0;0;0
FR;3;2021-04-02;86916;186;0;0;2766;0;0;0;0;2629922;2317;1;0;90951;0;0;0;0
FR;3;2021-04-03;35876;133;0;0;1164;0;0;0;0;2665798;2450;1;0;92115;0;0;0;0
FR;3;2021-04-04;3577;19;0;0;164;0;0;0;0;2669375;2469;1;0;92279;0;0;0;0
FR;3;2021-04-05;4492;40;0;0;236;0;0;0;0;2673867;2509;1;0;92515;0;0;0;0
FR;3;2021-04-06;29763;105;0;0;1091;0;0;0;0;2703630;2614;1;0;93606;0;0;0;0
FR;3;2021-04-07;32350;113;0;0;1052;0;0;0;0;2735980;2727;1;0;94658;0;0;0;0
FR;3;2021-04-08;78826;274;0;0;2619;0;0;0;0;2814806;3001;1;0;97277;0;0;0;0
FR;3;2021-04-09;161764;454;0;0;5180;0;0;0;0;2976570;3455;1;0;102457;0;0;0;0
FR;3;2021-04-10;75765;365;0;0;2697;0;0;0;0;3052335;3820;1;0;105154;0;0;0;0
FR;3;2021-04-11;7316;47;0;0;306;0;0;0;0;3059651;3867;1;0;105460;0;0;0;0
FR;3;2021-04-12;51484;219;0;0;1738;0;0;0;0;3111135;4086;1;0;107198;0;0;0;0
FR;3;2021-04-13;86236;364;0;0;2911;0;0;0;0;3197371;4450;1;0;110109;0;0;0;0
FR;3;2021-04-14;67847;377;0;0;2429;0;0;0;0;3265218;4827;1;0;112538;0;0;0;0
FR;3;2021-04-15;93246;404;0;0;3442;0;0;0;0;3358464;5231;1;0;115980;0;0;0;0
FR;3;2021-04-16;112532;628;0;0;4343;0;0;0;0;3470996;5859;1;0;120323;0;0;0;0
FR;3;2021-04-17;53319;371;1;0;2277;0;0;0;0;3524315;6230;2;0;122600;0;0;0;0
FR;3;2021-04-18;9752;49;0;0;423;0;0;0;0;3534067;6279;2;0;123023;0;0;0;0
FR;3;2021-04-19;25117;287;0;0;1093;0;0;0;0;3559184;6566;2;0;124116;0;0;0;0
FR;3;2021-04-20;45676;438;0;0;1908;0;0;0;0;3604860;7004;2;0;126024;0;0;0;0
FR;3;2021-04-21;38988;553;0;0;1897;0;0;0;0;3643848;7557;2;0;127921;0;0;0;0
FR;3;2021-04-22;54723;875;0;0;2827;0;0;0;0;3698571;8432;2;0;130748;0;0;0;0
FR;3;2021-04-23;70493;1095;0;0;3697;0;0;0;0;3769064;9527;2;0;134445;0;0;0;0
FR;3;2021-04-24;37253;1101;0;0;2490;0;0;0;0;3806317;10628;2;0;136935;0;0;0;0
FR;3;2021-04-25;6213;158;0;0;446;0;0;0;0;3812530;10786;2;0;137381;0;0;0;0
FR;3;2021-04-26;19792;701;0;0;1436;0;0;0;0;3832322;11487;2;0;138817;0;0;0;0
FR;3;2021-04-27;34486;1336;0;0;2594;0;0;0;0;3866808;12823;2;0;141411;0;0;0;0
FR;3;2021-04-28;28971;2047;0;0;3164;0;0;0;0;3895779;14870;2;0;144575;0;0;0;0
FR;3;2021-04-29;45394;6127;0;0;7946;0;0;0;0;3941173;20997;2;0;152521;0;0;0;0
FR;3;2021-04-30;55465;9118;1;0;11513;0;0;0;0;3996638;30115;3;0;164034;0;0;0;0
FR;3;2021-05-01;9518;2064;0;0;2495;0;0;0;0;4006156;32179;3;0;166529;0;0;0;0
FR;3;2021-05-02;3081;466;0;0;611;0;0;0;0;4009237;32645;3;0;167140;0;0;0;0
FR;3;2021-05-03;13067;3940;0;0;4507;0;0;0;0;4022304;36585;3;0;171647;0;0;0;0
FR;3;2021-05-04;23123;8375;0;0;9442;0;0;0;0;4045427;44960;3;0;181089;0;0;0;0
FR;3;2021-05-05;18768;10832;0;0;11770;0;0;0;0;4064195;55792;3;0;192859;0;0;0;0
FR;3;2021-05-06;34632;21265;0;0;22815;0;0;0;0;4098827;77057;3;0;215674;0;0;0;0
FR;3;2021-05-07;44211;28903;0;0;31206;0;0;0;0;4143038;105960;3;0;246880;0;0;0;0
FR;3;2021-05-08;6786;9190;0;0;9556;0;0;0;0;4149824;115150;3;0;256436;0;0;0;0
FR;3;2021-05-09;1797;2667;0;0;2768;0;0;0;0;4151621;117817;3;0;259204;0;0;0;0
FR;3;2021-05-10;15001;12917;0;0;13610;0;0;0;0;4166622;130734;3;0;272814;0;0;0;0
FR;3;2021-05-11;27100;26272;0;0;27545;0;0;0;0;4193722;157006;3;0;300359;0;0;0;0
FR;3;2021-05-12;17273;28147;0;0;29085;0;0;0;0;4210995;185153;3;0;329444;0;0;0;0
FR;3;2021-05-13;2285;3511;0;0;3632;0;0;0;0;4213280;188664;3;0;333076;0;0;0;0
FR;3;2021-05-14;14521;26084;0;0;26865;0;0;0;0;4227801;214748;3;0;359941;0;0;0;0
FR;3;2021-05-15;7233;21086;0;0;21516;0;0;0;0;4235034;235834;3;0;381457;0;0;0;0
FR;3;2021-05-16;977;2649;0;0;2695;0;0;0;0;4236011;238483;3;0;384152;0;0;0;0
FR;3;2021-05-17;7967;20224;0;0;20668;0;0;0;0;4243978;258707;3;0;404820;0;0;0;0
FR;3;2021-05-18;13418;30157;0;0;30920;0;0;0;0;4257396;288864;3;0;435740;0;0;0;0
FR;3;2021-05-19;9277;30525;0;0;31119;0;0;0;0;4266673;319389;3;0;466859;0;0;0;0
FR;3;2021-05-20;12809;53832;3;0;54758;0;0;0;0;4279482;373221;6;0;521617;0;0;0;0
FR;3;2021-05-21;12771;66186;2;0;67117;0;0;0;0;4292253;439407;8;0;588734;0;0;0;0
FR;3;2021-05-22;4967;33781;1;0;34164;0;0;0;0;4297220;473188;9;0;622898;0;0;0;0
FR;3;2021-05-23;651;2663;0;0;2695;0;0;0;0;4297871;475851;9;0;625593;0;0;0;0
FR;3;2021-05-24;885;4784;0;0;4828;0;0;0;0;4298756;480635;9;0;630421;0;0;0;0
FR;3;2021-05-25;5316;46738;1;0;47145;0;0;0;0;4304072;527373;10;0;677566;0;0;0;0
FR;3;2021-05-26;4982;52191;1;0;52665;0;0;0;0;4309054;579564;11;0;730231;0;0;0;0
FR;3;2021-05-27;6338;79067;3;0;79678;0;0;0;0;4315392;658631;14;0;809909;0;0;0;0
FR;3;2021-05-28;7546;100336;2;0;101142;0;0;0;0;4322938;758967;16;0;911051;0;0;0;0
FR;3;2021-05-29;3350;61184;1;0;61566;0;0;0;0;4326288;820151;17;0;972617;0;0;0;0
FR;3;2021-05-30;551;8078;0;0;8127;0;0;0;0;4326839;828229;17;0;980744;0;0;0;0
FR;3;2021-05-31;2442;35483;3;0;35749;0;0;0;0;4329281;863712;20;0;1016493;0;0;0;0
FR;3;2021-06-01;3418;64903;10;0;65355;0;0;0;0;4332699;928615;30;0;1081848;0;0;0;0
FR;3;2021-06-02;2735;58932;6;0;59267;0;0;0;0;4335434;987547;36;0;1141115;0;0;0;0
FR;3;2021-06-03;3496;87203;10;0;87742;0;0;0;0;4338930;1074750;46;0;1228857;0;0;0;0
FR;3;2021-06-04;4125;105866;22;0;106532;0;0;0;0;4343055;1180616;68;0;1335389;0;0;0;0
FR;3;2021-06-05;1983;52608;4;0;52926;0;0;0;0;4345038;1233224;72;0;1388315;0;0;0;0
FR;3;2021-06-06;511;5269;1;0;5317;0;0;0;0;4345549;1238493;73;0;1393632;0;0;0;0
FR;3;2021-06-07;1487;30716;11;0;30897;0;0;0;0;4347036;1269209;84;0;1424529;0;0;0;0
FR;3;2021-06-08;2066;47426;18;0;47772;0;0;0;0;4349102;1316635;102;0;1472301;0;0;0;0
FR;3;2021-06-09;1796;41807;13;0;42112;0;0;0;0;4350898;1358442;115;0;1514413;0;0;0;0
FR;3;2021-06-10;2261;67663;17;0;68061;0;0;0;0;4353159;1426105;132;0;1582474;0;0;0;0
FR;3;2021-06-11;2494;96638;34;0;97114;0;0;0;0;4355653;1522743;166;0;1679588;0;0;0;0
FR;3;2021-06-12;1179;40559;6;0;40791;0;0;0;0;4356832;1563302;172;0;1720379;0;0;0;0
FR;3;2021-06-13;283;3606;3;0;3641;0;0;0;0;4357115;1566908;175;0;1724020;0;0;0;0
FR;3;2021-06-14;1051;42315;17;0;42485;0;0;0;0;4358166;1609223;192;0;1766505;0;0;0;0
FR;3;2021-06-15;1379;80354;20;0;80659;0;0;0;0;4359545;1689577;212;0;1847164;0;0;0;0
FR;3;2021-06-16;1263;65504;20;0;65777;0;0;0;0;4360808;1755081;232;0;1912941;0;0;0;0
FR;3;2021-06-17;1667;102293;41;0;102679;0;0;0;0;4362475;1857374;273;0;2015620;0;0;0;0
FR;3;2021-06-18;1873;118469;63;0;118939;0;0;0;0;4364348;1975843;336;0;2134559;0;0;0;0
FR;3;2021-06-19;804;39455;22;0;39650;0;0;0;0;4365152;2015298;358;0;2174209;0;0;0;0
FR;3;2021-06-20;162;3194;0;0;3223;0;0;0;0;4365314;2018492;358;0;2177432;0;0;0;0
FR;3;2021-06-21;775;39091;16;0;39249;0;0;0;0;4366089;2057583;374;0;2216681;0;0;0;0
FR;3;2021-06-22;1065;70092;52;0;70362;0;0;0;0;4367154;2127675;426;0;2287043;0;0;0;0
FR;3;2021-06-23;946;50832;39;0;51104;0;0;0;0;4368100;2178507;465;0;2338147;0;0;0;0
FR;3;2021-06-24;1314;77300;48;0;77673;0;0;0;0;4369414;2255807;513;0;2415820;0;0;0;0
FR;3;2021-06-25;1410;90854;73;0;91288;0;0;0;0;4370824;2346661;586;0;2507108;0;0;0;0
FR;3;2021-06-26;631;33109;29;0;33301;0;0;0;0;4371455;2379770;615;0;2540409;0;0;0;0
FR;3;2021-06-27;168;3778;1;0;3802;0;0;0;0;4371623;2383548;616;0;2544211;0;0;0;0
FR;3;2021-06-28;655;29929;27;0;30123;0;0;0;0;4372278;2413477;643;0;2574334;0;0;0;0
FR;3;2021-06-29;856;56654;95;0;56898;0;0;0;0;4373134;2470131;738;0;2631232;0;0;0;0
FR;3;2021-06-30;905;45215;93;0;45483;0;0;0;0;4374039;2515346;831;0;2676715;0;0;0;0
FR;3;2021-07-01;1164;66132;108;0;66481;0;0;0;0;4375203;2581478;939;0;2743196;0;0;0;0
FR;3;2021-07-02;1305;90526;170;0;91009;0;0;0;0;4376508;2672004;1109;0;2834205;0;0;0;0
FR;3;2021-07-03;602;31185;51;0;31386;0;0;0;0;4377110;2703189;1160;0;2865591;0;0;0;0
FR;3;2021-07-04;144;3968;3;0;3998;0;0;0;0;4377254;2707157;1163;0;2869589;0;0;0;0
FR;3;2021-07-05;613;33604;60;0;33805;0;0;0;0;4377867;2740761;1223;0;2903394;0;0;0;0
FR;3;2021-07-06;965;55938;88;0;56249;0;0;0;0;4378832;2796699;1311;0;2959643;0;0;0;0
FR;3;2021-07-07;874;42964;80;0;43262;0;0;0;0;4379706;2839663;1391;0;3002905;0;0;0;0
FR;3;2021-07-08;1127;60812;99;0;61222;0;0;0;0;4380833;2900475;1490;0;3064127;0;0;0;0
FR;3;2021-07-09;1261;68940;128;0;69405;0;0;0;0;4382094;2969415;1618;0;3133532;0;0;0;0
FR;3;2021-07-10;644;25020;59;0;25218;0;0;0;0;4382738;2994435;1677;0;3158750;0;0;0;0
FR;3;2021-07-11;132;3173;4;0;3198;0;0;0;0;4382870;2997608;1681;0;3161948;0;0;0;0
FR;3;2021-07-12;662;23600;59;0;23813;0;0;0;0;4383532;3021208;1740;0;3185761;0;0;0;0
FR;3;2021-07-13;1648;34426;90;0;34916;0;0;0;0;4385180;3055634;1830;0;3220677;0;0;0;0
FR;3;2021-07-14;272;2475;2;0;2532;0;0;0;0;4385452;3058109;1832;0;3223209;0;0;0;0
FR;3;2021-07-15;1941;30414;85;0;30989;0;0;0;0;4387393;3088523;1917;0;3254198;0;0;0;0
FR;3;2021-07-16;2520;38620;122;0;39354;0;0;0;0;4389913;3127143;2039;0;3293552;0;0;0;0
FR;3;2021-07-17;1051;13723;26;0;14031;0;0;0;0;4390964;3140866;2065;0;3307583;0;0;0;0
FR;3;2021-07-18;266;2549;3;0;2597;0;0;0;0;4391230;3143415;2068;0;3310180;0;0;0;0
FR;3;2021-07-19;1280;16884;38;0;17252;0;0;0;0;4392510;3160299;2106;0;3327432;0;0;0;0
FR;3;2021-07-20;1823;26931;98;0;27472;0;0;0;0;4394333;3187230;2204;0;3354904;0;0;0;0
FR;3;2021-07-21;1652;19472;44;0;19977;0;0;0;0;4395985;3206702;2248;0;3374881;0;0;0;0
FR;3;2021-07-22;1856;27648;83;0;28213;0;0;0;0;4397841;3234350;2331;0;3403094;0;0;0;0
FR;3;2021-07-23;2217;30212;117;0;30949;0;0;0;0;4400058;3264562;2448;0;3434043;0;0;0;0
FR;3;2021-07-24;828;6927;25;0;7150;0;0;0;0;4400886;3271489;2473;0;3441193;0;0;0;0
FR;3;2021-07-25;210;1287;1;0;1342;0;0;0;0;4401096;3272776;2474;0;3442535;0;0;0;0
FR;3;2021-07-26;933;10508;28;0;10816;0;0;0;0;4402029;3283284;2502;0;3453351;0;0;0;0
FR;3;2021-07-27;1171;16802;56;0;17165;0;0;0;0;4403200;3300086;2558;0;3470516;0;0;0;0
FR;3;2021-07-28;989;11999;40;0;12311;0;0;0;0;4404189;3312085;2598;0;3482827;0;0;0;0
FR;3;2021-07-29;1127;15676;63;0;16089;0;0;0;0;4405316;3327761;2661;0;3498916;0;0;0;0
FR;3;2021-07-30;1130;17991;79;0;18366;0;0;0;0;4406446;3345752;2740;0;3517282;0;0;0;0
FR;3;2021-07-31;407;3711;15;0;3837;0;0;0;0;4406853;3349463;2755;0;3521119;0;0;0;0
FR;3;2021-08-01;117;443;1;0;465;0;0;0;0;4406970;3349906;2756;0;3521584;0;0;0;0
FR;3;2021-08-02;424;5016;22;0;5136;0;0;0;0;4407394;3354922;2778;0;3526720;0;0;0;0
FR;3;2021-08-03;498;7466;27;0;7599;0;0;0;0;4407892;3362388;2805;0;3534319;0;0;0;0
FR;3;2021-08-04;441;4831;26;0;4977;0;0;0;0;4408333;3367219;2831;0;3539296;0;0;0;0
FR;3;2021-08-05;433;3653;13;0;3763;0;0;0;0;4408766;3370872;2844;0;3543059;0;0;0;0
FR;3;2021-08-06;456;4699;30;0;4800;0;0;0;0;4409222;3375571;2874;0;3547859;0;0;0;0
FR;3;2021-08-07;214;1900;11;0;1946;0;0;0;0;4409436;3377471;2885;0;3549805;0;0;0;0
FR;3;2021-08-08;251;424;2;0;457;0;0;0;0;4409687;3377895;2887;0;3550262;0;0;0;0
FR;3;2021-08-09;320;2377;11;0;2447;0;0;0;0;4410007;3380272;2898;0;3552709;0;0;0;0
FR;3;2021-08-10;369;3735;15;0;3823;0;0;0;0;4410376;3384007;2913;0;3556532;0;0;0;0
FR;3;2021-08-11;291;2639;15;0;2699;0;0;0;0;4410667;3386646;2928;0;3559231;0;0;0;0
FR;3;2021-08-12;279;2563;13;0;2651;0;0;0;0;4410946;3389209;2941;0;3561882;0;0;0;0
FR;3;2021-08-13;279;2254;16;0;2340;0;0;0;0;4411225;3391463;2957;0;3564222;0;0;0;0
FR;3;2021-08-14;172;874;1;0;905;0;0;0;0;4411397;3392337;2958;0;3565127;0;0;0;0
FR;3;2021-08-15;56;174;0;0;183;0;0;0;0;4411453;3392511;2958;0;3565310;0;0;0;0
FR;3;2021-08-16;126;1003;8;0;1042;0;0;0;0;4411579;3393514;2966;0;3566352;0;0;0;0
FR;3;2021-08-17;191;1430;8;0;1471;0;0;0;0;4411770;3394944;2974;0;3567823;0;0;0;0
FR;3;2021-08-18;205;1309;10;0;1351;0;0;0;0;4411975;3396253;2984;0;3569174;0;0;0;0
FR;3;2021-08-19;165;1373;10;0;1420;0;0;0;0;4412140;3397626;2994;0;3570594;0;0;0;0
FR;3;2021-08-20;167;1595;16;0;1657;0;0;0;0;4412307;3399221;3010;0;3572251;0;0;0;0
FR;3;2021-08-21;94;576;2;0;591;0;0;0;0;4412401;3399797;3012;0;3572842;0;0;0;0
FR;3;2021-08-22;42;192;1;0;195;0;0;0;0;4412443;3399989;3013;0;3573037;0;0;0;0
FR;3;2021-08-23;141;886;7;0;931;0;0;0;0;4412584;3400875;3020;0;3573968;0;0;0;0
FR;3;2021-08-24;125;922;10;0;954;0;0;0;0;4412709;3401797;3030;0;3574922;0;0;0;0
FR;3;2021-08-25;137;820;3;0;849;0;0;0;0;4412846;3402617;3033;0;3575771;0;0;0;0
FR;3;2021-08-26;172;824;9;0;872;0;0;0;0;4413018;3403441;3042;0;3576643;0;0;0;0
FR;3;2021-08-27;178;937;9;0;989;0;0;0;0;4413196;3404378;3051;0;3577632;0;0;0;0
FR;3;2021-08-28;101;374;4;0;391;0;0;0;0;4413297;3404752;3055;0;3578023;0;0;0;0
FR;3;2021-08-29;128;129;1;0;162;0;0;0;0;4413425;3404881;3056;0;3578185;0;0;0;0
FR;3;2021-08-30;100;560;0;0;469;108;0;0;0;4413525;3405441;3056;0;3578654;108;0;0;0
FR;3;2021-08-31;134;682;7;0;587;134;0;0;0;4413659;3406123;3063;0;3579241;242;0;0;0
FR;3;2021-09-01;122;461;5;0;383;106;0;0;0;4413781;3406584;3068;0;3579624;348;0;0;0
FR;3;2021-09-02;100;595;22;0;531;105;0;0;0;4413881;3407179;3090;0;3580155;453;0;0;0
FR;3;2021-09-03;116;552;17;0;477;116;0;0;0;4413997;3407731;3107;0;3580632;569;0;0;0
FR;3;2021-09-04;55;295;3;0;256;50;0;0;0;4414052;3408026;3110;0;3580888;619;0;0;0
FR;3;2021-09-05;52;65;5;0;55;25;0;0;0;4414104;3408091;3115;0;3580943;644;0;0;0
FR;3;2021-09-06;118;367;4;0;261;130;0;0;0;4414222;3408458;3119;0;3581204;774;0;0;0
FR;3;2021-09-07;125;431;14;0;347;116;0;0;0;4414347;3408889;3133;0;3581551;890;0;0;0
FR;3;2021-09-08;122;344;2;0;274;87;0;0;0;4414469;3409233;3135;0;3581825;977;0;0;0
FR;3;2021-09-09;94;379;8;0;299;103;0;0;0;4414563;3409612;3143;0;3582124;1080;0;0;0
FR;3;2021-09-10;101;402;3;0;332;93;0;0;0;4414664;3410014;3146;0;3582456;1173;0;0;0
FR;3;2021-09-11;79;233;4;0;178;65;0;0;0;4414743;3410247;3150;0;3582634;1238;0;0;0
FR;3;2021-09-12;37;49;1;0;38;16;0;0;0;4414780;3410296;3151;0;3582672;1254;0;0;0
FR;3;2021-09-13;78;297;7;0;214;102;1;0;0;4414858;3410593;3158;0;3582886;1356;1;0;0
FR;3;2021-09-14;75;271;6;0;191;94;0;0;0;4414933;3410864;3164;0;3583077;1450;1;0;0
FR;3;2021-09-15;64;252;3;0;257;6;0;0;0;4414997;3411116;3167;0;3583334;1456;1;0;0
FR;3;2021-09-16;65;320;6;0;331;6;0;0;0;4415062;3411436;3173;0;3583665;1462;1;0;0
FR;3;2021-09-17;52;327;3;0;339;6;0;0;0;4415114;3411763;3176;0;3584004;1468;1;0;0
FR;3;2021-09-18;37;172;1;0;176;1;0;0;0;4415151;3411935;3177;0;3584180;1469;1;0;0
FR;3;2021-09-19;29;31;2;0;34;1;0;0;0;4415180;3411966;3179;0;3584214;1470;1;0;0
FR;3;2021-09-20;82;188;0;0;196;1;0;0;0;4415262;3412154;3179;0;3584410;1471;1;0;0
FR;3;2021-09-21;60;273;7;0;277;8;0;0;0;4415322;3412427;3186;0;3584687;1479;1;0;0
FR;3;2021-09-22;67;229;6;0;242;7;0;0;0;4415389;3412656;3192;0;3584929;1486;1;0;0
FR;3;2021-09-23;37;257;11;0;261;7;0;0;0;4415426;3412913;3203;0;3585190;1493;1;0;0
FR;3;2021-09-24;29;315;12;0;313;18;0;0;0;4415455;3413228;3215;0;3585503;1511;1;0;0
FR;3;2021-09-25;31;144;3;0;150;3;0;0;0;4415486;3413372;3218;0;3585653;1514;1;0;0
FR;3;2021-09-26;16;57;1;0;59;1;0;0;0;4415502;3413429;3219;0;3585712;1515;1;0;0
FR;3;2021-09-27;49;282;3;0;285;5;0;0;0;4415551;3413711;3222;0;3585997;1520;1;0;0
FR;3;2021-09-28;49;245;6;0;253;8;0;0;0;4415600;3413956;3228;0;3586250;1528;1;0;0
FR;3;2021-09-29;40;218;10;0;222;15;0;0;0;4415640;3414174;3238;0;3586472;1543;1;0;0
FR;3;2021-09-30;40;200;8;0;204;11;0;0;0;4415680;3414374;3246;0;3586676;1554;1;0;0
FR;3;2021-10-01;23;159;6;0;161;8;0;0;0;4415703;3414533;3252;0;3586837;1562;1;0;0
FR;3;2021-10-02;17;88;0;0;89;0;0;0;0;4415720;3414621;3252;0;3586926;1562;1;0;0
FR;3;2021-10-03;19;19;1;0;19;2;0;0;0;4415739;3414640;3253;0;3586945;1564;1;0;0
FR;3;2021-10-04;33;157;4;0;162;4;0;0;0;4415772;3414797;3257;0;3587107;1568;1;0;0
FR;3;2021-10-05;17;148;10;0;153;12;0;0;0;4415789;3414945;3267;0;3587260;1580;1;0;0
FR;3;2021-10-06;34;145;9;0;153;10;0;0;0;4415823;3415090;3276;0;3587413;1590;1;0;0
FR;3;2021-10-07;20;132;6;0;130;6;0;0;0;4415843;3415222;3282;0;3587543;1596;1;0;0
FR;3;2021-10-08;25;136;10;0;141;9;0;0;0;4415868;3415358;3292;0;3587684;1605;1;0;0
FR;3;2021-10-09;17;72;1;0;73;1;0;0;0;4415885;3415430;3293;0;3587757;1606;1;0;0
FR;3;2021-10-10;13;17;2;0;16;3;0;0;0;4415898;3415447;3295;0;3587773;1609;1;0;0
FR;3;2021-10-11;17;117;4;0;122;5;0;0;0;4415915;3415564;3299;0;3587895;1614;1;0;0
FR;3;2021-10-12;22;99;6;0;99;6;0;0;0;4415937;3415663;3305;0;3587994;1620;1;0;0
FR;3;2021-10-13;25;114;9;0;121;7;0;0;0;4415962;3415777;3314;0;3588115;1627;1;0;0
FR;3;2021-10-14;19;138;3;0;139;4;0;0;0;4415981;3415915;3317;0;3588254;1631;1;0;0
FR;3;2021-10-15;24;139;8;0;138;13;0;0;0;4416005;3416054;3325;0;3588392;1644;1;0;0
FR;3;2021-10-16;13;66;6;0;65;8;0;0;0;4416018;3416120;3331;0;3588457;1652;1;0;0
FR;3;2021-10-17;13;24;0;0;26;0;0;0;0;4416031;3416144;3331;0;3588483;1652;1;0;0
FR;3;2021-10-18;18;112;2;0;117;2;0;0;0;4416049;3416256;3333;0;3588600;1654;1;0;0
FR;3;2021-10-19;18;112;19;0;113;21;0;0;0;4416067;3416368;3352;0;3588713;1675;1;0;0
FR;3;2021-10-20;27;124;6;0;126;7;0;0;0;4416094;3416492;3358;0;3588839;1682;1;0;0
FR;3;2021-10-21;28;120;17;0;120;13;0;0;0;4416122;3416612;3375;0;3588959;1695;1;0;0
FR;3;2021-10-22;25;103;18;0;102;21;0;0;0;4416147;3416715;3393;0;3589061;1716;1;0;0
FR;3;2021-10-23;17;53;3;0;53;2;0;0;0;4416164;3416768;3396;0;3589114;1718;1;0;0
FR;3;2021-10-24;7;36;0;0;34;0;0;0;0;4416171;3416804;3396;0;3589148;1718;1;0;0
FR;3;2021-10-25;27;141;7;0;145;7;0;0;0;4416198;3416945;3403;0;3589293;1725;1;0;0
FR;3;2021-10-26;25;96;22;0;93;19;0;0;0;4416223;3417041;3425;0;3589386;1744;1;0;0
FR;3;2021-10-27;19;91;9;0;93;9;0;0;0;4416242;3417132;3434;0;3589479;1753;1;0;0
FR;3;2021-10-28;23;114;33;0;111;36;0;0;0;4416265;3417246;3467;0;3589590;1789;1;0;0
FR;3;2021-10-29;12;98;64;0;92;54;0;0;0;4416277;3417344;3531;0;3589682;1843;1;0;0
FR;3;2021-10-30;11;62;11;1;62;10;0;0;0;4416288;3417406;3542;1;3589744;1853;1;0;0
FR;3;2021-10-31;8;25;1;0;25;1;0;0;0;4416296;3417431;3543;1;3589769;1854;1;0;0
FR;3;2021-11-01;11;22;2;0;23;1;0;0;0;4416307;3417453;3545;1;3589792;1855;1;0;0
FR;3;2021-11-02;11;100;10;0;100;12;0;0;0;4416318;3417553;3555;1;3589892;1867;1;0;0
FR;3;2021-11-03;22;105;10;0;113;10;0;0;0;4416340;3417658;3565;1;3590005;1877;1;0;0
FR;3;2021-11-04;20;88;6;0;93;5;0;0;0;4416360;3417746;3571;1;3590098;1882;1;0;0
FR;3;2021-11-05;19;119;9;1;125;6;1;0;0;4416379;3417865;3580;2;3590223;1888;2;0;0
FR;3;2021-11-06;11;54;3;0;56;3;0;0;0;4416390;3417919;3583;2;3590279;1891;2;0;0
FR;3;2021-11-07;6;23;1;0;24;1;0;0;0;4416396;3417942;3584;2;3590303;1892;2;0;0
FR;3;2021-11-08;12;124;7;0;129;5;0;0;0;4416408;3418066;3591;2;3590432;1897;2;0;0
FR;3;2021-11-09;15;123;6;0;125;6;0;0;0;4416423;3418189;3597;2;3590557;1903;2;0;0
FR;3;2021-11-10;15;130;15;0;128;16;0;0;0;4416438;3418319;3612;2;3590685;1919;2;0;0
FR;3;2021-11-11;12;49;3;0;51;3;0;0;0;4416450;3418368;3615;2;3590736;1922;2;0;0
FR;3;2021-11-12;15;126;6;0;128;5;0;0;0;4416465;3418494;3621;2;3590864;1927;2;0;0
FR;3;2021-11-13;7;66;9;0;61;10;0;0;0;4416472;3418560;3630;2;3590925;1937;2;0;0
FR;3;2021-11-14;3;24;1;0;24;1;0;0;0;4416475;3418584;3631;2;3590949;1938;2;0;0
FR;3;2021-11-15;7;161;11;0;158;12;0;0;0;4416482;3418745;3642;2;3591107;1950;2;0;0
FR;3;2021-11-16;9;125;11;0;120;10;0;0;0;4416491;3418870;3653;2;3591227;1960;2;0;0
FR;3;2021-11-17;8;134;11;0;135;8;0;0;0;4416499;3419004;3664;2;3591362;1968;2;0;0
FR;3;2021-11-18;16;131;10;0;132;11;0;0;0;4416515;3419135;3674;2;3591494;1979;2;0;0
FR;3;2021-11-19;12;178;23;0;173;28;0;0;0;4416527;3419313;3697;2;3591667;2007;2;0;0
FR;3;2021-11-20;6;101;6;0;102;6;0;0;0;4416533;3419414;3703;2;3591769;2013;2;0;0
FR;3;2021-11-21;3;24;4;0;23;4;0;0;0;4416536;3419438;3707;2;3591792;2017;2;0;0
FR;3;2021-11-22;11;185;11;0;185;11;0;0;0;4416547;3419623;3718;2;3591977;2028;2;0;0
FR;3;2021-11-23;10;180;16;0;178;15;0;0;0;4416557;3419803;3734;2;3592155;2043;2;0;0
FR;3;2021-11-24;11;180;9;0;172;17;0;0;0;4416568;3419983;3743;2;3592327;2060;2;0;0
FR;3;2021-11-25;12;197;11;0;196;11;0;0;0;4416580;3420180;3754;2;3592523;2071;2;0;0
FR;3;2021-11-26;10;251;35;0;250;33;1;0;0;4416590;3420431;3789;2;3592773;2104;3;0;0
FR;3;2021-11-27;8;123;20;0;123;21;0;0;0;4416598;3420554;3809;2;3592896;2125;3;0;0
FR;3;2021-11-28;3;56;7;0;57;7;0;0;0;4416601;3420610;3816;2;3592953;2132;3;0;0
FR;3;2021-11-29;5;214;22;0;209;23;1;0;0;4416606;3420824;3838;2;3593162;2155;4;0;0
FR;3;2021-11-30;9;281;31;0;280;33;1;0;0;4416615;3421105;3869;2;3593442;2188;5;0;0
FR;3;2021-12-01;30;315;39;0;313;41;2;0;0;4416645;3421420;3908;2;3593755;2229;7;0;0
FR;3;2021-12-02;9;337;33;0;333;36;0;0;0;4416654;3421757;3941;2;3594088;2265;7;0;0
FR;3;2021-12-03;6;364;37;0;360;38;0;0;0;4416660;3422121;3978;2;3594448;2303;7;0;0
FR;3;2021-12-04;3;201;26;0;197;28;0;0;0;4416663;3422322;4004;2;3594645;2331;7;0;0
FR;3;2021-12-05;1;61;5;0;61;5;0;0;0;4416664;3422383;4009;2;3594706;2336;7;0;0
FR;3;2021-12-06;7;347;14;0;346;15;0;0;0;4416671;3422730;4023;2;3595052;2351;7;0;0
FR;3;2021-12-07;6;410;20;0;404;24;1;0;0;4416677;3423140;4043;2;3595456;2375;8;0;0
FR;3;2021-12-08;8;375;29;0;367;30;1;0;0;4416685;3423515;4072;2;3595823;2405;9;0;0
FR;3;2021-12-09;3;423;17;0;410;22;1;0;0;4416688;3423938;4089;2;3596233;2427;10;0;0
FR;3;2021-12-10;10;443;29;0;440;25;0;0;0;4416698;3424381;4118;2;3596673;2452;10;0;0
FR;3;2021-12-11;4;299;10;0;296;9;2;0;0;4416702;3424680;4128;2;3596969;2461;12;0;0
FR;3;2021-12-12;1;96;3;0;96;3;0;0;0;4416703;3424776;4131;2;3597065;2464;12;0;0
FR;3;2021-12-13;2;432;19;0;426;21;0;0;0;4416705;3425208;4150;2;3597491;2485;12;0;0
FR;3;2021-12-14;8;550;18;0;538;21;1;0;0;4416713;3425758;4168;2;3598029;2506;13;0;0
FR;3;2021-12-15;10;521;17;0;508;21;0;0;0;4416723;3426279;4185;2;3598537;2527;13;0;0
FR;3;2021-12-16;10;525;19;0;519;18;3;0;0;4416733;3426804;4204;2;3599056;2545;16;0;0
FR;3;2021-12-17;5;592;18;0;588;19;0;0;0;4416738;3427396;4222;2;3599644;2564;16;0;0
FR;3;2021-12-18;5;343;4;0;337;5;1;0;0;4416743;3427739;4226;2;3599981;2569;17;0;0
FR;3;2021-12-19;3;176;2;0;174;2;0;0;0;4416746;3427915;4228;2;3600155;2571;17;0;0
FR;3;2021-12-20;10;566;23;0;560;28;0;0;0;4416756;3428481;4251;2;3600715;2599;17;0;0
FR;3;2021-12-21;5;660;10;0;652;13;2;0;0;4416761;3429141;4261;2;3601367;2612;19;0;0
FR;3;2021-12-22;10;612;9;0;606;10;1;0;0;4416771;3429753;4270;2;3601973;2622;20;0;0
FR;3;2021-12-23;4;534;8;0;532;8;0;0;0;4416775;3430287;4278;2;3602505;2630;20;0;0
FR;3;2021-12-24;2;233;3;0;228;6;0;0;0;4416777;3430520;4281;2;3602733;2636;20;0;0
FR;3;2021-12-25;0;24;0;0;24;0;0;0;0;4416777;3430544;4281;2;3602757;2636;20;0;0
FR;3;2021-12-26;0;87;1;0;87;1;0;0;0;4416777;3430631;4282;2;3602844;2637;20;0;0
FR;3;2021-12-27;7;456;17;0;453;20;1;0;0;4416784;3431087;4299;2;3603297;2657;21;0;0
FR;3;2021-12-28;3;570;6;0;569;5;0;0;0;4416787;3431657;4305;2;3603866;2662;21;0;0
FR;3;2021-12-29;5;487;14;0;482;16;0;0;0;4416792;3432144;4319;2;3604348;2678;21;0;0
FR;3;2021-12-30;3;517;7;0;510;10;2;0;0;4416795;3432661;4326;2;3604858;2688;23;0;0
FR;3;2021-12-31;0;182;5;0;178;7;0;0;0;4416795;3432843;4331;2;3605036;2695;23;0;0
FR;3;2022-01-01;0;26;0;0;24;2;0;0;0;4416795;3432869;4331;2;3605060;2697;23;0;0
FR;3;2022-01-02;0;76;0;0;76;0;0;0;0;4416795;3432945;4331;2;3605136;2697;23;0;0
FR;3;2022-01-03;5;489;17;0;479;21;3;0;0;4416800;3433434;4348;2;3605615;2718;26;0;0
FR;3;2022-01-04;7;533;9;0;532;8;0;0;0;4416807;3433967;4357;2;3606147;2726;26;0;0
FR;3;2022-01-05;5;487;10;0;479;14;1;0;0;4416812;3434454;4367;2;3606626;2740;27;0;0
FR;3;2022-01-06;6;464;9;0;459;10;1;0;0;4416818;3434918;4376;2;3607085;2750;28;0;0
FR;3;2022-01-07;2;489;11;0;483;13;1;0;1;4416820;3435407;4387;2;3607568;2763;29;0;1
FR;3;2022-01-08;6;250;4;0;247;5;0;0;0;4416826;3435657;4391;2;3607815;2768;29;0;1
FR;3;2022-01-09;0;116;0;0;116;0;0;0;0;4416826;3435773;4391;2;3607931;2768;29;0;1
FR;3;2022-01-10;2;420;12;0;418;12;0;0;0;4416828;3436193;4403;2;3608349;2780;29;0;1
FR;3;2022-01-11;3;455;1;0;454;1;0;0;0;4416831;3436648;4404;2;3608803;2781;29;0;1
FR;3;2022-01-12;4;393;9;0;390;10;2;0;0;4416835;3437041;4413;2;3609193;2791;31;0;1
FR;3;2022-01-13;3;381;11;0;379;12;1;0;0;4416838;3437422;4424;2;3609572;2803;32;0;1
FR;3;2022-01-14;4;419;10;0;413;13;1;0;0;4416842;3437841;4434;2;3609985;2816;33;0;1
FR;3;2022-01-15;0;275;2;0;271;3;0;0;0;4416842;3438116;4436;2;3610256;2819;33;0;1
FR;3;2022-01-16;1;108;1;0;106;1;1;0;0;4416843;3438224;4437;2;3610362;2820;34;0;1
FR;3;2022-01-17;2;318;8;0;315;9;1;0;0;4416845;3438542;4445;2;3610677;2829;35;0;1
FR;3;2022-01-18;2;358;1;0;354;2;1;0;0;4416847;3438900;4446;2;3611031;2831;36;0;1
FR;3;2022-01-19;2;322;5;0;316;10;0;0;0;4416849;3439222;4451;2;3611347;2841;36;0;1
FR;3;2022-01-20;1;351;5;0;350;3;2;0;0;4416850;3439573;4456;2;3611697;2844;38;0;1
FR;3;2022-01-21;4;337;5;0;331;7;2;0;0;4416854;3439910;4461;2;3612028;2851;40;0;1
FR;3;2022-01-22;2;218;1;0;214;2;3;0;0;4416856;3440128;4462;2;3612242;2853;43;0;1
FR;3;2022-01-23;0;77;0;0;75;1;1;0;0;4416856;3440205;4462;2;3612317;2854;44;0;1
FR;3;2022-01-24;3;316;1;0;308;6;2;0;0;4416859;3440521;4463;2;3612625;2860;46;0;1
FR;3;2022-01-25;0;171;0;0;168;0;1;0;0;4416859;3440692;4463;2;3612793;2860;47;0;1
FR;3;2022-01-26;0;77;0;0;77;0;0;0;0;4416859;3440769;4463;2;3612870;2860;47;0;1
FR;3;2022-01-27;0;52;0;0;52;0;0;0;0;4416859;3440821;4463;2;3612922;2860;47;0;1
FR;3;2022-01-28;0;115;0;0;114;0;0;0;0;4416859;3440936;4463;2;3613036;2860;47;0;1
FR;3;2022-01-29;0;97;0;0;97;0;0;0;0;4416859;3441033;4463;2;3613133;2860;47;0;1
FR;3;2022-01-30;0;50;0;0;50;0;0;0;0;4416859;3441083;4463;2;3613183;2860;47;0;1
FR;3;2022-01-31;0;91;0;0;91;0;0;0;0;4416859;3441174;4463;2;3613274;2860;47;0;1
FR;3;2022-02-01;0;98;0;0;96;1;0;0;0;4416859;3441272;4463;2;3613370;2861;47;0;1
FR;3;2022-02-02;0;85;0;0;83;0;0;0;0;4416859;3441357;4463;2;3613453;2861;47;0;1
FR;3;2022-02-03;0;91;0;0;89;0;0;0;0;4416859;3441448;4463;2;3613542;2861;47;0;1
FR;3;2022-02-04;0;113;0;0;110;0;1;0;0;4416859;3441561;4463;2;3613652;2861;48;0;1
FR;3;2022-02-05;0;68;0;0;68;0;0;0;0;4416859;3441629;4463;2;3613720;2861;48;0;1
FR;3;2022-02-06;0;10;0;0;10;0;0;0;0;4416859;3441639;4463;2;3613730;2861;48;0;1
FR;3;2022-02-07;0;75;0;0;75;0;0;0;0;4416859;3441714;4463;2;3613805;2861;48;0;1
FR;3;2022-02-08;0;0;0;0;0;0;0;0;0;4416859;3441714;4463;2;3613805;2861;48;0;1
FR;3;2022-02-09;0;0;0;0;0;0;0;0;0;4416859;3441714;4463;2;3613805;2861;48;0;1
FR;3;2022-02-10;0;0;0;0;0;0;0;0;0;4416859;3441714;4463;2;3613805;2861;48;0;1
FR;3;2022-02-11;0;0;0;0;0;0;0;0;0;4416859;3441714;4463;2;3613805;2861;48;0;1
FR;3;2022-02-12;0;0;0;0;0;0;0;0;0;4416859;3441714;4463;2;3613805;2861;48;0;1
FR;3;2022-02-13;0;0;0;0;0;0;0;0;0;4416859;3441714;4463;2;3613805;2861;48;0;1
FR;3;2022-02-14;0;0;0;0;0;0;0;0;0;4416859;3441714;4463;2;3613805;2861;48;0;1
FR;3;2022-02-15;0;0;0;0;0;0;0;0;0;4416859;3441714;4463;2;3613805;2861;48;0;1
FR;3;2022-02-16;0;0;0;0;0;0;0;0;0;4416859;3441714;4463;2;3613805;2861;48;0;1
FR;3;2022-02-17;0;0;0;0;0;0;0;0;0;4416859;3441714;4463;2;3613805;2861;48;0;1
FR;3;2022-02-18;0;0;0;0;0;0;0;0;0;4416859;3441714;4463;2;3613805;2861;48;0;1
FR;3;2022-02-19;0;0;0;0;0;0;0;0;0;4416859;3441714;4463;2;3613805;2861;48;0;1
FR;3;2022-02-20;0;0;0;0;0;0;0;0;0;4416859;3441714;4463;2;3613805;2861;48;0;1
FR;3;2022-02-21;2;0;0;0;0;0;0;0;0;4416861;3441714;4463;2;3613805;2861;48;0;1
FR;3;2022-02-22;0;0;0;0;0;0;0;0;0;4416861;3441714;4463;2;3613805;2861;48;0;1
FR;3;2022-02-23;0;0;0;0;0;0;0;0;0;4416861;3441714;4463;2;3613805;2861;48;0;1
FR;3;2022-02-24;0;0;0;0;0;0;0;0;0;4416861;3441714;4463;2;3613805;2861;48;0;1
FR;3;2022-02-25;0;0;0;0;0;0;0;0;0;4416861;3441714;4463;2;3613805;2861;48;0;1
FR;3;2022-02-26;0;0;0;0;0;0;0;0;0;4416861;3441714;4463;2;3613805;2861;48;0;1
FR;3;2022-02-27;0;0;0;0;0;0;0;0;0;4416861;3441714;4463;2;3613805;2861;48;0;1
FR;3;2022-02-28;1;0;0;0;0;0;0;0;0;4416862;3441714;4463;2;3613805;2861;48;0;1
FR;3;2022-03-01;1;0;0;0;0;0;0;0;0;4416863;3441714;4463;2;3613805;2861;48;0;1
FR;3;2022-03-02;0;0;0;0;0;0;0;0;0;4416863;3441714;4463;2;3613805;2861;48;0;1
FR;3;2022-03-03;0;0;0;0;0;0;0;0;0;4416863;3441714;4463;2;3613805;2861;48;0;1
FR;3;2022-03-04;0;0;0;0;0;0;0;0;0;4416863;3441714;4463;2;3613805;2861;48;0;1
FR;3;2022-03-05;0;0;0;0;0;0;0;0;0;4416863;3441714;4463;2;3613805;2861;48;0;1
FR;3;2022-03-06;1;0;0;0;0;0;0;0;0;4416864;3441714;4463;2;3613805;2861;48;0;1
FR;3;2022-03-07;0;0;0;0;0;0;0;0;0;4416864;3441714;4463;2;3613805;2861;48;0;1
FR;3;2022-03-08;1;0;0;0;0;0;0;0;0;4416865;3441714;4463;2;3613805;2861;48;0;1
FR;3;2022-03-09;0;0;0;0;0;0;0;0;0;4416865;3441714;4463;2;3613805;2861;48;0;1
FR;3;2022-03-10;0;0;0;0;0;0;0;0;0;4416865;3441714;4463;2;3613805;2861;48;0;1
FR;3;2022-03-11;0;0;0;0;0;0;0;0;0;4416865;3441714;4463;2;3613805;2861;48;0;1
FR;3;2022-03-12;0;0;0;0;0;0;0;0;0;4416865;3441714;4463;2;3613805;2861;48;0;1
FR;3;2022-03-13;0;0;0;0;0;0;0;0;0;4416865;3441714;4463;2;3613805;2861;48;0;1
FR;3;2022-03-14;0;0;0;0;0;0;0;0;0;4416865;3441714;4463;2;3613805;2861;48;0;1
FR;3;2022-03-15;0;0;0;0;0;0;0;0;0;4416865;3441714;4463;2;3613805;2861;48;0;1
FR;3;2022-03-16;0;0;0;0;0;0;0;0;0;4416865;3441714;4463;2;3613805;2861;48;0;1
FR;3;2022-03-17;0;0;0;0;0;0;0;0;0;4416865;3441714;4463;2;3613805;2861;48;0;1
FR;3;2022-03-18;0;0;0;0;0;0;0;0;0;4416865;3441714;4463;2;3613805;2861;48;0;1
FR;3;2022-03-19;0;0;0;0;0;0;0;0;0;4416865;3441714;4463;2;3613805;2861;48;0;1
FR;3;2022-03-20;1;0;0;0;0;0;0;0;0;4416866;3441714;4463;2;3613805;2861;48;0;1
FR;3;2022-03-21;0;0;0;0;0;0;0;0;0;4416866;3441714;4463;2;3613805;2861;48;0;1
FR;3;2022-03-22;0;0;0;0;0;0;0;0;0;4416866;3441714;4463;2;3613805;2861;48;0;1
FR;3;2022-03-23;1;0;0;0;0;0;0;0;0;4416867;3441714;4463;2;3613805;2861;48;0;1
FR;3;2022-03-24;0;0;0;0;0;0;0;0;0;4416867;3441714;4463;2;3613805;2861;48;0;1
FR;3;2022-03-25;1;0;0;0;0;0;0;0;0;4416868;3441714;4463;2;3613805;2861;48;0;1
FR;3;2022-03-26;0;0;0;0;0;0;0;0;0;4416868;3441714;4463;2;3613805;2861;48;0;1
FR;3;2022-03-27;0;0;0;0;0;0;0;0;0;4416868;3441714;4463;2;3613805;2861;48;0;1
FR;3;2022-03-28;0;0;0;0;0;0;0;0;0;4416868;3441714;4463;2;3613805;2861;48;0;1
FR;3;2022-03-29;0;0;0;0;0;0;0;0;0;4416868;3441714;4463;2;3613805;2861;48;0;1
FR;3;2022-03-30;0;0;0;0;0;0;0;0;0;4416868;3441714;4463;2;3613805;2861;48;0;1
FR;3;2022-03-31;0;0;0;0;0;0;0;0;0;4416868;3441714;4463;2;3613805;2861;48;0;1
FR;3;2022-04-01;0;0;0;0;0;0;0;0;0;4416868;3441714;4463;2;3613805;2861;48;0;1
FR;3;2022-04-02;0;0;0;0;0;0;0;0;0;4416868;3441714;4463;2;3613805;2861;48;0;1
FR;3;2022-04-03;0;0;0;0;0;0;0;0;0;4416868;3441714;4463;2;3613805;2861;48;0;1
FR;3;2022-04-04;0;0;0;0;0;0;0;0;0;4416868;3441714;4463;2;3613805;2861;48;0;1
FR;3;2022-04-05;0;0;0;0;0;0;0;0;0;4416868;3441714;4463;2;3613805;2861;48;0;1
FR;3;2022-04-06;0;0;0;0;0;0;0;0;0;4416868;3441714;4463;2;3613805;2861;48;0;1
FR;3;2022-04-07;0;0;0;0;0;0;0;0;0;4416868;3441714;4463;2;3613805;2861;48;0;1
FR;3;2022-04-08;0;0;0;0;0;0;0;0;0;4416868;3441714;4463;2;3613805;2861;48;0;1
FR;3;2022-04-09;0;0;0;0;0;0;0;0;0;4416868;3441714;4463;2;3613805;2861;48;0;1
FR;3;2022-04-10;0;0;0;0;0;0;0;0;0;4416868;3441714;4463;2;3613805;2861;48;0;1
FR;3;2022-04-11;0;0;0;0;0;0;0;0;0;4416868;3441714;4463;2;3613805;2861;48;0;1
FR;3;2022-04-12;0;0;0;0;0;0;0;0;0;4416868;3441714;4463;2;3613805;2861;48;0;1
FR;3;2022-04-13;0;0;0;0;0;0;0;0;0;4416868;3441714;4463;2;3613805;2861;48;0;1
FR;3;2022-04-14;0;0;0;0;0;0;0;0;0;4416868;3441714;4463;2;3613805;2861;48;0;1
FR;3;2022-04-15;1;0;0;0;0;0;0;0;0;4416869;3441714;4463;2;3613805;2861;48;0;1
FR;3;2022-04-16;0;0;0;0;0;0;0;0;0;4416869;3441714;4463;2;3613805;2861;48;0;1
FR;3;2022-04-17;0;0;0;0;0;0;0;0;0;4416869;3441714;4463;2;3613805;2861;48;0;1
FR;3;2022-04-18;0;0;0;0;0;0;0;0;0;4416869;3441714;4463;2;3613805;2861;48;0;1
FR;3;2022-04-19;0;0;0;0;0;0;0;0;0;4416869;3441714;4463;2;3613805;2861;48;0;1
FR;3;2022-04-20;0;0;0;0;0;0;0;0;0;4416869;3441714;4463;2;3613805;2861;48;0;1
FR;3;2022-04-21;0;0;0;0;0;0;0;0;0;4416869;3441714;4463;2;3613805;2861;48;0;1
FR;3;2022-04-22;0;0;0;0;0;0;0;0;0;4416869;3441714;4463;2;3613805;2861;48;0;1
FR;3;2022-04-23;0;0;0;0;0;0;0;0;0;4416869;3441714;4463;2;3613805;2861;48;0;1
FR;3;2022-04-24;0;0;0;0;0;0;0;0;0;4416869;3441714;4463;2;3613805;2861;48;0;1
FR;3;2022-04-25;0;0;0;0;0;0;0;0;0;4416869;3441714;4463;2;3613805;2861;48;0;1
FR;3;2022-04-26;0;0;0;0;0;0;0;0;0;4416869;3441714;4463;2;3613805;2861;48;0;1
FR;3;2022-04-27;0;0;0;0;0;0;0;0;0;4416869;3441714;4463;2;3613805;2861;48;0;1
FR;3;2022-04-28;0;0;0;0;0;0;0;0;0;4416869;3441714;4463;2;3613805;2861;48;0;1
FR;3;2022-04-29;0;0;0;0;0;0;0;0;0;4416869;3441714;4463;2;3613805;2861;48;0;1
FR;3;2022-04-30;0;0;0;0;0;0;0;0;0;4416869;3441714;4463;2;3613805;2861;48;0;1
FR;3;2022-05-01;0;0;0;0;0;0;0;0;0;4416869;3441714;4463;2;3613805;2861;48;0;1
FR;3;2022-05-02;0;0;0;0;0;0;0;0;0;4416869;3441714;4463;2;3613805;2861;48;0;1
FR;3;2022-05-03;0;0;0;0;0;0;0;0;0;4416869;3441714;4463;2;3613805;2861;48;0;1
FR;3;2022-05-04;0;0;0;0;0;0;0;0;0;4416869;3441714;4463;2;3613805;2861;48;0;1
FR;3;2022-05-05;0;0;0;0;0;0;0;0;0;4416869;3441714;4463;2;3613805;2861;48;0;1
FR;3;2022-05-06;0;0;0;0;0;0;0;0;0;4416869;3441714;4463;2;3613805;2861;48;0;1
FR;3;2022-05-07;0;0;0;0;0;0;0;0;0;4416869;3441714;4463;2;3613805;2861;48;0;1
FR;3;2022-05-08;0;0;0;0;0;0;0;0;0;4416869;3441714;4463;2;3613805;2861;48;0;1
FR;3;2022-05-09;0;0;0;0;0;0;0;0;0;4416869;3441714;4463;2;3613805;2861;48;0;1
FR;3;2022-05-10;0;0;0;0;0;0;0;0;0;4416869;3441714;4463;2;3613805;2861;48;0;1
FR;3;2022-05-11;0;0;0;0;0;0;0;0;0;4416869;3441714;4463;2;3613805;2861;48;0;1
FR;3;2022-05-12;0;0;0;0;0;0;0;0;0;4416869;3441714;4463;2;3613805;2861;48;0;1
FR;3;2022-05-13;0;0;0;0;0;0;0;0;0;4416869;3441714;4463;2;3613805;2861;48;0;1
FR;3;2022-05-14;1;0;0;0;0;0;0;0;0;4416870;3441714;4463;2;3613805;2861;48;0;1
FR;3;2022-05-15;0;0;0;0;0;0;0;0;0;4416870;3441714;4463;2;3613805;2861;48;0;1
FR;3;2022-05-16;0;0;0;0;0;0;0;0;0;4416870;3441714;4463;2;3613805;2861;48;0;1
FR;3;2022-05-17;0;0;0;0;0;0;0;0;0;4416870;3441714;4463;2;3613805;2861;48;0;1
FR;3;2022-05-18;0;0;0;0;0;0;0;0;0;4416870;3441714;4463;2;3613805;2861;48;0;1
FR;3;2022-05-19;0;0;0;0;0;0;0;0;0;4416870;3441714;4463;2;3613805;2861;48;0;1
FR;3;2022-05-20;0;0;0;0;0;0;0;0;0;4416870;3441714;4463;2;3613805;2861;48;0;1
FR;3;2022-05-21;0;0;0;0;0;0;0;0;0;4416870;3441714;4463;2;3613805;2861;48;0;1
FR;3;2022-05-22;0;0;0;0;0;0;0;0;0;4416870;3441714;4463;2;3613805;2861;48;0;1
FR;3;2022-05-23;0;0;0;0;0;0;0;0;0;4416870;3441714;4463;2;3613805;2861;48;0;1
FR;3;2022-05-24;0;0;0;0;0;0;0;0;0;4416870;3441714;4463;2;3613805;2861;48;0;1
FR;3;2022-05-25;0;0;0;0;0;0;0;0;0;4416870;3441714;4463;2;3613805;2861;48;0;1
FR;3;2022-05-26;0;0;0;0;0;0;0;0;0;4416870;3441714;4463;2;3613805;2861;48;0;1
FR;3;2022-05-27;0;0;0;0;0;0;0;0;0;4416870;3441714;4463;2;3613805;2861;48;0;1
FR;3;2022-05-28;0;0;0;0;0;0;0;0;0;4416870;3441714;4463;2;3613805;2861;48;0;1
FR;3;2022-05-29;0;0;0;0;0;0;0;0;0;4416870;3441714;4463;2;3613805;2861;48;0;1
FR;3;2022-05-30;0;0;0;0;0;0;0;0;0;4416870;3441714;4463;2;3613805;2861;48;0;1
FR;3;2022-05-31;0;0;0;0;0;0;0;0;0;4416870;3441714;4463;2;3613805;2861;48;0;1
FR;3;2022-06-01;0;0;0;0;0;0;0;0;0;4416870;3441714;4463;2;3613805;2861;48;0;1
FR;3;2022-06-02;0;0;0;0;0;0;0;0;0;4416870;3441714;4463;2;3613805;2861;48;0;1
FR;3;2022-06-03;0;0;0;0;0;0;0;0;0;4416870;3441714;4463;2;3613805;2861;48;0;1
FR;3;2022-06-04;0;0;0;0;0;0;0;0;0;4416870;3441714;4463;2;3613805;2861;48;0;1
FR;3;2022-06-05;0;0;0;0;0;0;0;0;0;4416870;3441714;4463;2;3613805;2861;48;0;1
FR;3;2022-06-06;0;0;0;0;0;0;0;0;0;4416870;3441714;4463;2;3613805;2861;48;0;1
FR;3;2022-06-07;0;0;0;0;0;0;0;0;0;4416870;3441714;4463;2;3613805;2861;48;0;1
FR;3;2022-06-08;0;0;0;0;0;0;0;0;0;4416870;3441714;4463;2;3613805;2861;48;0;1
FR;3;2022-06-09;0;0;0;0;0;0;0;0;0;4416870;3441714;4463;2;3613805;2861;48;0;1
FR;3;2022-06-10;0;0;0;0;0;0;0;0;0;4416870;3441714;4463;2;3613805;2861;48;0;1
FR;3;2022-06-11;0;0;0;0;0;0;0;0;0;4416870;3441714;4463;2;3613805;2861;48;0;1
FR;3;2022-06-12;0;0;0;0;0;0;0;0;0;4416870;3441714;4463;2;3613805;2861;48;0;1
FR;3;2022-06-13;1;0;0;0;0;0;0;0;0;4416871;3441714;4463;2;3613805;2861;48;0;1
FR;3;2022-06-14;0;0;0;0;0;0;0;0;0;4416871;3441714;4463;2;3613805;2861;48;0;1
FR;3;2022-06-15;0;0;0;0;0;0;0;0;0;4416871;3441714;4463;2;3613805;2861;48;0;1
FR;3;2022-06-16;0;0;0;0;0;0;0;0;0;4416871;3441714;4463;2;3613805;2861;48;0;1
FR;3;2022-06-17;0;0;0;0;0;0;0;0;0;4416871;3441714;4463;2;3613805;2861;48;0;1
FR;3;2022-06-18;0;0;0;0;0;0;0;0;0;4416871;3441714;4463;2;3613805;2861;48;0;1
FR;3;2022-06-19;0;0;0;0;0;0;0;0;0;4416871;3441714;4463;2;3613805;2861;48;0;1
FR;3;2022-06-20;0;0;0;0;0;0;0;0;0;4416871;3441714;4463;2;3613805;2861;48;0;1
FR;3;2022-06-21;0;0;0;0;0;0;0;0;0;4416871;3441714;4463;2;3613805;2861;48;0;1
FR;3;2022-06-22;0;0;0;0;0;0;0;0;0;4416871;3441714;4463;2;3613805;2861;48;0;1
FR;3;2022-06-23;0;0;0;0;0;0;0;0;0;4416871;3441714;4463;2;3613805;2861;48;0;1
FR;3;2022-06-24;0;0;0;0;0;0;0;0;0;4416871;3441714;4463;2;3613805;2861;48;0;1
FR;3;2022-06-25;0;0;0;0;0;0;0;0;0;4416871;3441714;4463;2;3613805;2861;48;0;1
FR;3;2022-06-26;0;0;0;0;0;0;0;0;0;4416871;3441714;4463;2;3613805;2861;48;0;1
FR;3;2022-06-27;0;0;0;0;0;0;0;0;0;4416871;3441714;4463;2;3613805;2861;48;0;1
FR;3;2022-06-28;0;0;0;0;0;0;0;0;0;4416871;3441714;4463;2;3613805;2861;48;0;1
FR;3;2022-06-29;1;0;0;0;0;0;0;0;0;4416872;3441714;4463;2;3613805;2861;48;0;1
FR;3;2022-06-30;0;0;0;0;0;0;0;0;0;4416872;3441714;4463;2;3613805;2861;48;0;1
FR;3;2022-07-01;0;0;0;0;0;0;0;0;0;4416872;3441714;4463;2;3613805;2861;48;0;1
FR;3;2022-07-02;0;0;0;0;0;0;0;0;0;4416872;3441714;4463;2;3613805;2861;48;0;1
FR;3;2022-07-03;0;0;0;0;0;0;0;0;0;4416872;3441714;4463;2;3613805;2861;48;0;1
FR;3;2022-07-04;0;0;0;0;0;0;0;0;0;4416872;3441714;4463;2;3613805;2861;48;0;1
FR;3;2022-07-05;0;0;0;0;0;0;0;0;0;4416872;3441714;4463;2;3613805;2861;48;0;1
FR;3;2022-07-06;0;0;0;0;0;0;0;0;0;4416872;3441714;4463;2;3613805;2861;48;0;1
FR;3;2022-07-07;0;0;0;0;0;0;0;0;0;4416872;3441714;4463;2;3613805;2861;48;0;1
FR;3;2022-07-08;0;0;0;0;0;0;0;0;0;4416872;3441714;4463;2;3613805;2861;48;0;1
FR;3;2022-07-09;0;0;0;0;0;0;0;0;0;4416872;3441714;4463;2;3613805;2861;48;0;1
FR;3;2022-07-10;0;0;0;0;0;0;0;0;0;4416872;3441714;4463;2;3613805;2861;48;0;1
FR;3;2022-07-11;0;0;0;0;0;0;0;0;0;4416872;3441714;4463;2;3613805;2861;48;0;1
FR;3;2022-07-12;0;0;0;0;0;0;0;0;0;4416872;3441714;4463;2;3613805;2861;48;0;1
FR;3;2022-07-13;0;0;0;0;0;0;0;0;0;4416872;3441714;4463;2;3613805;2861;48;0;1
FR;3;2022-07-14;0;0;0;0;0;0;0;0;0;4416872;3441714;4463;2;3613805;2861;48;0;1
FR;3;2022-07-15;0;0;0;0;0;0;0;0;0;4416872;3441714;4463;2;3613805;2861;48;0;1
FR;3;2022-07-16;0;0;0;0;0;0;0;0;0;4416872;3441714;4463;2;3613805;2861;48;0;1
FR;3;2022-07-17;0;0;0;0;0;0;0;0;0;4416872;3441714;4463;2;3613805;2861;48;0;1
FR;3;2022-07-18;0;0;0;0;0;0;0;0;0;4416872;3441714;4463;2;3613805;2861;48;0;1
FR;3;2022-07-19;0;0;0;0;0;0;0;0;0;4416872;3441714;4463;2;3613805;2861;48;0;1
FR;3;2022-07-20;0;0;0;0;0;0;0;0;0;4416872;3441714;4463;2;3613805;2861;48;0;1
FR;3;2022-07-21;0;0;0;0;0;0;0;0;0;4416872;3441714;4463;2;3613805;2861;48;0;1
FR;3;2022-07-22;0;0;0;0;0;0;0;0;0;4416872;3441714;4463;2;3613805;2861;48;0;1
FR;3;2022-07-23;0;0;0;0;0;0;0;0;0;4416872;3441714;4463;2;3613805;2861;48;0;1
FR;3;2022-07-24;0;0;0;0;0;0;0;0;0;4416872;3441714;4463;2;3613805;2861;48;0;1
FR;3;2022-07-25;0;0;0;0;0;0;0;0;0;4416872;3441714;4463;2;3613805;2861;48;0;1
FR;3;2022-07-26;0;0;0;0;0;0;0;0;0;4416872;3441714;4463;2;3613805;2861;48;0;1
FR;3;2022-07-27;0;0;0;0;0;0;0;0;0;4416872;3441714;4463;2;3613805;2861;48;0;1
FR;3;2022-07-28;0;0;0;0;0;0;0;0;0;4416872;3441714;4463;2;3613805;2861;48;0;1
FR;3;2022-07-29;0;0;0;0;0;0;0;0;0;4416872;3441714;4463;2;3613805;2861;48;0;1
FR;3;2022-07-30;0;0;0;0;0;0;0;0;0;4416872;3441714;4463;2;3613805;2861;48;0;1
FR;3;2022-07-31;0;0;0;0;0;0;0;0;0;4416872;3441714;4463;2;3613805;2861;48;0;1
FR;3;2022-08-01;0;0;0;0;0;0;0;0;0;4416872;3441714;4463;2;3613805;2861;48;0;1
FR;3;2022-08-02;0;0;0;0;0;0;0;0;0;4416872;3441714;4463;2;3613805;2861;48;0;1
FR;3;2022-08-03;0;0;0;0;0;0;0;0;0;4416872;3441714;4463;2;3613805;2861;48;0;1
FR;3;2022-08-04;0;0;0;0;0;0;0;0;0;4416872;3441714;4463;2;3613805;2861;48;0;1
FR;3;2022-08-05;0;0;0;0;0;0;0;0;0;4416872;3441714;4463;2;3613805;2861;48;0;1
FR;3;2022-08-06;0;0;0;0;0;0;0;0;0;4416872;3441714;4463;2;3613805;2861;48;0;1
FR;3;2022-08-07;0;0;0;0;0;0;0;0;0;4416872;3441714;4463;2;3613805;2861;48;0;1
FR;3;2022-08-08;0;0;0;0;0;0;0;0;0;4416872;3441714;4463;2;3613805;2861;48;0;1
FR;3;2022-08-09;0;0;0;0;0;0;0;0;0;4416872;3441714;4463;2;3613805;2861;48;0;1
FR;3;2022-08-10;0;0;0;0;0;0;0;0;0;4416872;3441714;4463;2;3613805;2861;48;0;1
FR;3;2022-08-11;0;0;0;0;0;0;0;0;0;4416872;3441714;4463;2;3613805;2861;48;0;1
FR;3;2022-08-12;0;0;0;0;0;0;0;0;0;4416872;3441714;4463;2;3613805;2861;48;0;1
FR;3;2022-08-13;0;0;0;0;0;0;0;0;0;4416872;3441714;4463;2;3613805;2861;48;0;1
FR;3;2022-08-14;0;0;0;0;0;0;0;0;0;4416872;3441714;4463;2;3613805;2861;48;0;1
FR;3;2022-08-15;0;0;0;0;0;0;0;0;0;4416872;3441714;4463;2;3613805;2861;48;0;1
FR;3;2022-08-16;0;0;0;0;0;0;0;0;0;4416872;3441714;4463;2;3613805;2861;48;0;1
FR;3;2022-08-17;0;0;0;0;0;0;0;0;0;4416872;3441714;4463;2;3613805;2861;48;0;1
FR;3;2022-08-18;0;0;0;0;0;0;0;0;0;4416872;3441714;4463;2;3613805;2861;48;0;1
FR;3;2022-08-19;0;0;0;0;0;0;0;0;0;4416872;3441714;4463;2;3613805;2861;48;0;1
FR;3;2022-08-20;0;0;0;0;0;0;0;0;0;4416872;3441714;4463;2;3613805;2861;48;0;1
FR;3;2022-08-21;0;0;0;0;0;0;0;0;0;4416872;3441714;4463;2;3613805;2861;48;0;1
FR;3;2022-08-22;0;0;0;0;0;0;0;0;0;4416872;3441714;4463;2;3613805;2861;48;0;1
FR;3;2022-08-23;0;0;0;0;0;0;0;0;0;4416872;3441714;4463;2;3613805;2861;48;0;1
FR;3;2022-08-24;0;0;0;0;0;0;0;0;0;4416872;3441714;4463;2;3613805;2861;48;0;1
FR;3;2022-08-25;0;0;0;0;0;0;0;0;0;4416872;3441714;4463;2;3613805;2861;48;0;1
FR;3;2022-08-26;0;0;0;0;0;0;0;0;0;4416872;3441714;4463;2;3613805;2861;48;0;1
FR;3;2022-08-27;0;0;0;0;0;0;0;0;0;4416872;3441714;4463;2;3613805;2861;48;0;1
FR;3;2022-08-28;0;0;0;0;0;0;0;0;0;4416872;3441714;4463;2;3613805;2861;48;0;1
FR;3;2022-08-29;0;0;0;0;0;0;0;0;0;4416872;3441714;4463;2;3613805;2861;48;0;1
FR;3;2022-08-30;0;0;0;0;0;0;0;0;0;4416872;3441714;4463;2;3613805;2861;48;0;1
FR;3;2022-08-31;0;0;0;0;0;0;0;0;0;4416872;3441714;4463;2;3613805;2861;48;0;1
FR;3;2022-09-01;0;0;0;0;0;0;0;0;0;4416872;3441714;4463;2;3613805;2861;48;0;1
FR;3;2022-09-02;0;0;0;0;0;0;0;0;0;4416872;3441714;4463;2;3613805;2861;48;0;1
FR;3;2022-09-03;0;0;0;0;0;0;0;0;0;4416872;3441714;4463;2;3613805;2861;48;0;1
FR;3;2022-09-04;0;0;0;0;0;0;0;0;0;4416872;3441714;4463;2;3613805;2861;48;0;1
FR;3;2022-09-05;0;0;0;0;0;0;0;0;0;4416872;3441714;4463;2;3613805;2861;48;0;1
FR;3;2022-09-06;0;0;0;0;0;0;0;0;0;4416872;3441714;4463;2;3613805;2861;48;0;1
FR;3;2022-09-07;0;0;0;0;0;0;0;0;0;4416872;3441714;4463;2;3613805;2861;48;0;1
FR;3;2022-09-08;0;0;0;0;0;0;0;0;0;4416872;3441714;4463;2;3613805;2861;48;0;1
FR;3;2022-09-09;0;0;0;0;0;0;0;0;0;4416872;3441714;4463;2;3613805;2861;48;0;1
FR;3;2022-09-10;0;0;0;0;0;0;0;0;0;4416872;3441714;4463;2;3613805;2861;48;0;1
FR;3;2022-09-11;0;0;0;0;0;0;0;0;0;4416872;3441714;4463;2;3613805;2861;48;0;1
FR;3;2022-09-12;0;0;0;0;0;0;0;0;0;4416872;3441714;4463;2;3613805;2861;48;0;1
FR;3;2022-09-13;0;0;0;0;0;0;0;0;0;4416872;3441714;4463;2;3613805;2861;48;0;1
FR;3;2022-09-14;0;0;0;0;0;0;0;0;0;4416872;3441714;4463;2;3613805;2861;48;0;1
FR;3;2022-09-15;0;0;0;0;0;0;0;0;0;4416872;3441714;4463;2;3613805;2861;48;0;1
FR;3;2022-09-16;0;0;0;0;0;0;0;0;0;4416872;3441714;4463;2;3613805;2861;48;0;1
FR;3;2022-09-17;0;0;0;0;0;0;0;0;0;4416872;3441714;4463;2;3613805;2861;48;0;1
FR;3;2022-09-18;0;0;0;0;0;0;0;0;0;4416872;3441714;4463;2;3613805;2861;48;0;1
FR;3;2022-09-19;0;0;0;0;0;0;0;0;0;4416872;3441714;4463;2;3613805;2861;48;0;1
FR;3;2022-09-20;0;0;0;0;0;0;0;0;0;4416872;3441714;4463;2;3613805;2861;48;0;1
FR;3;2022-09-21;0;0;0;0;0;0;0;0;0;4416872;3441714;4463;2;3613805;2861;48;0;1
FR;3;2022-09-22;0;0;0;0;0;0;0;0;0;4416872;3441714;4463;2;3613805;2861;48;0;1
FR;3;2022-09-23;0;0;0;0;0;0;0;0;0;4416872;3441714;4463;2;3613805;2861;48;0;1
FR;3;2022-09-24;0;0;0;0;0;0;0;0;0;4416872;3441714;4463;2;3613805;2861;48;0;1
FR;3;2022-09-25;0;0;0;0;0;0;0;0;0;4416872;3441714;4463;2;3613805;2861;48;0;1
FR;3;2022-09-26;0;0;0;0;0;0;0;0;0;4416872;3441714;4463;2;3613805;2861;48;0;1
FR;3;2022-09-27;0;0;0;0;0;0;0;0;0;4416872;3441714;4463;2;3613805;2861;48;0;1
FR;3;2022-09-28;0;0;0;0;0;0;0;0;0;4416872;3441714;4463;2;3613805;2861;48;0;1
FR;3;2022-09-29;0;0;0;0;0;0;0;0;0;4416872;3441714;4463;2;3613805;2861;48;0;1
FR;3;2022-09-30;0;0;0;0;0;0;0;0;0;4416872;3441714;4463;2;3613805;2861;48;0;1
FR;3;2022-10-01;0;0;0;0;0;0;0;0;0;4416872;3441714;4463;2;3613805;2861;48;0;1
FR;3;2022-10-02;0;0;0;0;0;0;0;0;0;4416872;3441714;4463;2;3613805;2861;48;0;1
FR;3;2022-10-03;0;0;0;0;0;0;0;0;0;4416872;3441714;4463;2;3613805;2861;48;0;1
FR;3;2022-10-04;0;0;0;0;0;0;0;0;0;4416872;3441714;4463;2;3613805;2861;48;0;1
FR;3;2022-10-05;0;0;0;0;0;0;0;0;0;4416872;3441714;4463;2;3613805;2861;48;0;1
FR;3;2022-10-06;0;0;0;0;0;0;0;0;0;4416872;3441714;4463;2;3613805;2861;48;0;1
FR;3;2022-10-07;0;0;0;0;0;0;0;0;0;4416872;3441714;4463;2;3613805;2861;48;0;1
FR;3;2022-10-08;0;0;0;0;0;0;0;0;0;4416872;3441714;4463;2;3613805;2861;48;0;1
FR;3;2022-10-09;0;0;0;0;0;0;0;0;0;4416872;3441714;4463;2;3613805;2861;48;0;1
FR;3;2022-10-10;0;0;0;0;0;0;0;0;0;4416872;3441714;4463;2;3613805;2861;48;0;1
FR;3;2022-10-11;0;0;0;0;0;0;0;0;0;4416872;3441714;4463;2;3613805;2861;48;0;1
FR;3;2022-10-12;0;0;0;0;0;0;0;0;0;4416872;3441714;4463;2;3613805;2861;48;0;1
FR;3;2022-10-13;0;0;0;0;0;0;0;0;0;4416872;3441714;4463;2;3613805;2861;48;0;1
FR;3;2022-10-14;0;0;0;0;0;0;0;0;0;4416872;3441714;4463;2;3613805;2861;48;0;1
FR;3;2022-10-15;0;0;0;0;0;0;0;0;0;4416872;3441714;4463;2;3613805;2861;48;0;1
FR;3;2022-10-16;0;0;0;0;0;0;0;0;0;4416872;3441714;4463;2;3613805;2861;48;0;1
FR;3;2022-10-17;0;0;0;0;0;0;0;0;0;4416872;3441714;4463;2;3613805;2861;48;0;1
FR;3;2022-10-18;0;0;0;0;0;0;0;0;0;4416872;3441714;4463;2;3613805;2861;48;0;1
FR;3;2022-10-19;0;0;0;0;0;0;0;0;0;4416872;3441714;4463;2;3613805;2861;48;0;1
FR;3;2022-10-20;0;0;0;0;0;0;0;0;0;4416872;3441714;4463;2;3613805;2861;48;0;1
FR;3;2022-10-21;0;0;0;0;0;0;0;0;0;4416872;3441714;4463;2;3613805;2861;48;0;1
FR;3;2022-10-22;0;0;0;0;0;0;0;0;0;4416872;3441714;4463;2;3613805;2861;48;0;1
FR;3;2022-10-23;0;0;0;0;0;0;0;0;0;4416872;3441714;4463;2;3613805;2861;48;0;1
FR;3;2022-10-24;0;0;0;0;0;0;0;0;0;4416872;3441714;4463;2;3613805;2861;48;0;1
FR;3;2022-10-25;0;0;0;0;0;0;0;0;0;4416872;3441714;4463;2;3613805;2861;48;0;1
FR;3;2022-10-26;0;0;0;0;0;0;0;0;0;4416872;3441714;4463;2;3613805;2861;48;0;1
FR;3;2022-10-27;0;0;0;0;0;0;0;0;0;4416872;3441714;4463;2;3613805;2861;48;0;1
FR;3;2022-10-28;0;0;0;0;0;0;0;0;0;4416872;3441714;4463;2;3613805;2861;48;0;1
FR;3;2022-10-29;0;0;0;0;0;0;0;0;0;4416872;3441714;4463;2;3613805;2861;48;0;1
FR;3;2022-10-30;0;0;0;0;0;0;0;0;0;4416872;3441714;4463;2;3613805;2861;48;0;1
FR;3;2022-10-31;0;0;0;0;0;0;0;0;0;4416872;3441714;4463;2;3613805;2861;48;0;1
FR;3;2022-11-01;0;0;0;0;0;0;0;0;0;4416872;3441714;4463;2;3613805;2861;48;0;1
FR;3;2022-11-02;0;0;0;0;0;0;0;0;0;4416872;3441714;4463;2;3613805;2861;48;0;1
FR;3;2022-11-03;0;0;0;0;0;0;0;0;0;4416872;3441714;4463;2;3613805;2861;48;0;1
FR;3;2022-11-04;0;0;0;0;0;0;0;0;0;4416872;3441714;4463;2;3613805;2861;48;0;1
FR;3;2022-11-05;0;0;0;0;0;0;0;0;0;4416872;3441714;4463;2;3613805;2861;48;0;1
FR;3;2022-11-06;0;0;0;0;0;0;0;0;0;4416872;3441714;4463;2;3613805;2861;48;0;1
FR;3;2022-11-07;0;0;0;0;0;0;0;0;0;4416872;3441714;4463;2;3613805;2861;48;0;1
FR;3;2022-11-08;1;0;0;0;0;0;0;0;0;4416873;3441714;4463;2;3613805;2861;48;0;1
FR;3;2022-11-09;0;0;0;0;0;0;0;0;0;4416873;3441714;4463;2;3613805;2861;48;0;1
FR;3;2022-11-10;0;0;0;0;0;0;0;0;0;4416873;3441714;4463;2;3613805;2861;48;0;1
FR;3;2022-11-11;0;0;0;0;0;0;0;0;0;4416873;3441714;4463;2;3613805;2861;48;0;1
FR;3;2022-11-12;0;0;0;0;0;0;0;0;0;4416873;3441714;4463;2;3613805;2861;48;0;1
FR;3;2022-11-13;0;0;0;0;0;0;0;0;0;4416873;3441714;4463;2;3613805;2861;48;0;1
FR;3;2022-11-14;0;0;0;0;0;0;0;0;0;4416873;3441714;4463;2;3613805;2861;48;0;1
FR;3;2022-11-15;0;0;0;0;0;0;0;0;0;4416873;3441714;4463;2;3613805;2861;48;0;1
FR;3;2022-11-16;0;0;0;0;0;0;0;0;0;4416873;3441714;4463;2;3613805;2861;48;0;1
FR;3;2022-11-17;0;0;0;0;0;0;0;0;0;4416873;3441714;4463;2;3613805;2861;48;0;1
FR;3;2022-11-18;0;0;0;0;0;0;0;0;0;4416873;3441714;4463;2;3613805;2861;48;0;1
FR;3;2022-11-19;0;0;0;0;0;0;0;0;0;4416873;3441714;4463;2;3613805;2861;48;0;1
FR;3;2022-11-20;0;0;0;0;0;0;0;0;0;4416873;3441714;4463;2;3613805;2861;48;0;1
FR;3;2022-11-21;0;0;0;0;0;0;0;0;0;4416873;3441714;4463;2;3613805;2861;48;0;1
FR;3;2022-11-22;0;0;0;0;0;0;0;0;0;4416873;3441714;4463;2;3613805;2861;48;0;1
FR;3;2022-11-23;0;0;0;0;0;0;0;0;0;4416873;3441714;4463;2;3613805;2861;48;0;1
FR;3;2022-11-24;0;0;0;0;0;0;0;0;0;4416873;3441714;4463;2;3613805;2861;48;0;1
FR;3;2022-11-25;0;0;0;0;0;0;0;0;0;4416873;3441714;4463;2;3613805;2861;48;0;1
FR;3;2022-11-26;0;0;0;0;0;0;0;0;0;4416873;3441714;4463;2;3613805;2861;48;0;1
FR;3;2022-11-27;0;0;0;0;0;0;0;0;0;4416873;3441714;4463;2;3613805;2861;48;0;1
FR;3;2022-11-28;0;0;0;0;0;0;0;0;0;4416873;3441714;4463;2;3613805;2861;48;0;1
FR;3;2022-11-29;0;0;0;0;0;0;0;0;0;4416873;3441714;4463;2;3613805;2861;48;0;1
FR;3;2022-11-30;0;0;0;0;0;0;0;0;0;4416873;3441714;4463;2;3613805;2861;48;0;1
FR;3;2022-12-01;0;0;0;0;0;0;0;0;0;4416873;3441714;4463;2;3613805;2861;48;0;1
FR;3;2022-12-02;0;0;0;0;0;0;0;0;0;4416873;3441714;4463;2;3613805;2861;48;0;1
FR;3;2022-12-03;0;0;0;0;0;0;0;0;0;4416873;3441714;4463;2;3613805;2861;48;0;1
FR;3;2022-12-04;0;0;0;0;0;0;0;0;0;4416873;3441714;4463;2;3613805;2861;48;0;1
FR;3;2022-12-05;0;0;0;0;0;0;0;0;0;4416873;3441714;4463;2;3613805;2861;48;0;1
FR;3;2022-12-06;0;0;0;0;0;0;0;0;0;4416873;3441714;4463;2;3613805;2861;48;0;1
FR;3;2022-12-07;0;0;0;0;0;0;0;0;0;4416873;3441714;4463;2;3613805;2861;48;0;1
FR;3;2022-12-08;0;0;0;0;0;0;0;0;0;4416873;3441714;4463;2;3613805;2861;48;0;1
FR;3;2022-12-09;0;0;0;0;0;0;0;0;0;4416873;3441714;4463;2;3613805;2861;48;0;1
FR;3;2022-12-10;0;0;0;0;0;0;0;0;0;4416873;3441714;4463;2;3613805;2861;48;0;1
FR;3;2022-12-11;0;0;0;0;0;0;0;0;0;4416873;3441714;4463;2;3613805;2861;48;0;1
FR;3;2022-12-12;0;0;0;0;0;0;0;0;0;4416873;3441714;4463;2;3613805;2861;48;0;1
FR;3;2022-12-13;0;0;0;0;0;0;0;0;0;4416873;3441714;4463;2;3613805;2861;48;0;1
FR;3;2022-12-14;0;0;0;0;0;0;0;0;0;4416873;3441714;4463;2;3613805;2861;48;0;1
FR;3;2022-12-15;0;0;0;0;0;0;0;0;0;4416873;3441714;4463;2;3613805;2861;48;0;1
FR;3;2022-12-16;0;0;0;0;0;0;0;0;0;4416873;3441714;4463;2;3613805;2861;48;0;1
FR;3;2022-12-17;0;0;0;0;0;0;0;0;0;4416873;3441714;4463;2;3613805;2861;48;0;1
FR;3;2022-12-18;0;0;0;0;0;0;0;0;0;4416873;3441714;4463;2;3613805;2861;48;0;1
FR;3;2022-12-19;0;0;0;0;0;0;0;0;0;4416873;3441714;4463;2;3613805;2861;48;0;1
FR;3;2022-12-20;0;0;0;0;0;0;0;0;0;4416873;3441714;4463;2;3613805;2861;48;0;1
FR;3;2022-12-21;0;0;0;0;0;0;0;0;0;4416873;3441714;4463;2;3613805;2861;48;0;1
FR;3;2022-12-22;0;0;0;0;0;0;0;0;0;4416873;3441714;4463;2;3613805;2861;48;0;1
FR;3;2022-12-23;0;0;0;0;0;0;0;0;0;4416873;3441714;4463;2;3613805;2861;48;0;1
FR;3;2022-12-24;0;0;0;0;0;0;0;0;0;4416873;3441714;4463;2;3613805;2861;48;0;1
FR;3;2022-12-25;0;0;0;0;0;0;0;0;0;4416873;3441714;4463;2;3613805;2861;48;0;1
FR;3;2022-12-26;0;0;0;0;0;0;0;0;0;4416873;3441714;4463;2;3613805;2861;48;0;1
FR;3;2022-12-27;0;0;0;0;0;0;0;0;0;4416873;3441714;4463;2;3613805;2861;48;0;1
FR;3;2022-12-28;0;0;0;0;0;0;0;0;0;4416873;3441714;4463;2;3613805;2861;48;0;1
FR;3;2022-12-29;0;0;0;0;0;0;0;0;0;4416873;3441714;4463;2;3613805;2861;48;0;1
FR;3;2022-12-30;0;0;0;0;0;0;0;0;0;4416873;3441714;4463;2;3613805;2861;48;0;1
FR;3;2022-12-31;0;0;0;0;0;0;0;0;0;4416873;3441714;4463;2;3613805;2861;48;0;1
FR;3;2023-01-01;0;0;0;0;0;0;0;0;0;4416873;3441714;4463;2;3613805;2861;48;0;1
FR;3;2023-01-02;0;0;0;0;0;0;0;0;0;4416873;3441714;4463;2;3613805;2861;48;0;1
FR;3;2023-01-03;0;0;0;0;0;0;0;0;0;4416873;3441714;4463;2;3613805;2861;48;0;1
FR;3;2023-01-04;0;0;0;0;0;0;0;0;0;4416873;3441714;4463;2;3613805;2861;48;0;1
FR;3;2023-01-05;0;0;0;0;0;0;0;0;0;4416873;3441714;4463;2;3613805;2861;48;0;1
FR;3;2023-01-06;0;0;0;0;0;0;0;0;0;4416873;3441714;4463;2;3613805;2861;48;0;1
FR;3;2023-01-07;0;0;0;0;0;0;0;0;0;4416873;3441714;4463;2;3613805;2861;48;0;1
FR;3;2023-01-08;0;0;0;0;0;0;0;0;0;4416873;3441714;4463;2;3613805;2861;48;0;1
FR;3;2023-01-09;0;0;0;0;0;0;0;0;0;4416873;3441714;4463;2;3613805;2861;48;0;1
FR;3;2023-01-10;0;0;0;0;0;0;0;0;0;4416873;3441714;4463;2;3613805;2861;48;0;1
FR;3;2023-01-11;0;0;0;0;0;0;0;0;0;4416873;3441714;4463;2;3613805;2861;48;0;1
FR;3;2023-01-12;0;0;0;0;0;0;0;0;0;4416873;3441714;4463;2;3613805;2861;48;0;1
FR;3;2023-01-13;0;0;0;0;0;0;0;0;0;4416873;3441714;4463;2;3613805;2861;48;0;1
FR;3;2023-01-14;0;0;0;0;0;0;0;0;0;4416873;3441714;4463;2;3613805;2861;48;0;1
FR;3;2023-01-15;0;0;0;0;0;0;0;0;0;4416873;3441714;4463;2;3613805;2861;48;0;1
FR;3;2023-01-16;0;0;0;0;0;0;0;0;0;4416873;3441714;4463;2;3613805;2861;48;0;1
FR;3;2023-01-17;0;0;0;0;0;0;0;0;0;4416873;3441714;4463;2;3613805;2861;48;0;1
FR;3;2023-01-18;0;0;0;0;0;0;0;0;0;4416873;3441714;4463;2;3613805;2861;48;0;1
FR;3;2023-01-19;0;0;0;0;0;0;0;0;0;4416873;3441714;4463;2;3613805;2861;48;0;1
FR;3;2023-01-20;0;0;0;0;0;0;0;0;0;4416873;3441714;4463;2;3613805;2861;48;0;1
FR;3;2023-01-21;0;0;0;0;0;0;0;0;0;4416873;3441714;4463;2;3613805;2861;48;0;1
FR;3;2023-01-22;0;0;0;0;0;0;0;0;0;4416873;3441714;4463;2;3613805;2861;48;0;1
FR;3;2023-01-23;0;0;0;0;0;0;0;0;0;4416873;3441714;4463;2;3613805;2861;48;0;1
FR;3;2023-01-24;0;0;0;0;0;0;0;0;0;4416873;3441714;4463;2;3613805;2861;48;0;1
FR;3;2023-01-25;1;0;0;0;0;0;0;0;0;4416874;3441714;4463;2;3613805;2861;48;0;1
FR;3;2023-01-26;0;0;0;0;0;0;0;0;0;4416874;3441714;4463;2;3613805;2861;48;0;1
FR;3;2023-01-27;0;0;0;0;0;0;0;0;0;4416874;3441714;4463;2;3613805;2861;48;0;1
FR;3;2023-01-28;0;0;0;0;0;0;0;0;0;4416874;3441714;4463;2;3613805;2861;48;0;1
FR;3;2023-01-29;0;0;0;0;0;0;0;0;0;4416874;3441714;4463;2;3613805;2861;48;0;1
FR;3;2023-01-30;0;0;0;0;0;0;0;0;0;4416874;3441714;4463;2;3613805;2861;48;0;1
FR;3;2023-01-31;0;0;0;0;0;0;0;0;0;4416874;3441714;4463;2;3613805;2861;48;0;1
FR;3;2023-02-01;0;0;0;0;0;0;0;0;0;4416874;3441714;4463;2;3613805;2861;48;0;1
FR;3;2023-02-02;0;0;0;0;0;0;0;0;0;4416874;3441714;4463;2;3613805;2861;48;0;1
FR;3;2023-02-03;0;0;0;0;0;0;0;0;0;4416874;3441714;4463;2;3613805;2861;48;0;1
FR;3;2023-02-04;0;0;0;0;0;0;0;0;0;4416874;3441714;4463;2;3613805;2861;48;0;1
FR;3;2023-02-05;0;0;0;0;0;0;0;0;0;4416874;3441714;4463;2;3613805;2861;48;0;1
FR;3;2023-02-06;0;0;0;0;0;0;0;0;0;4416874;3441714;4463;2;3613805;2861;48;0;1
FR;3;2023-02-07;0;0;0;0;0;0;0;0;0;4416874;3441714;4463;2;3613805;2861;48;0;1
FR;3;2023-02-08;0;0;0;0;0;0;0;0;0;4416874;3441714;4463;2;3613805;2861;48;0;1
FR;3;2023-02-09;0;0;0;0;0;0;0;0;0;4416874;3441714;4463;2;3613805;2861;48;0;1
FR;3;2023-02-10;0;0;0;0;0;0;0;0;0;4416874;3441714;4463;2;3613805;2861;48;0;1
FR;3;2023-02-11;0;0;0;0;0;0;0;0;0;4416874;3441714;4463;2;3613805;2861;48;0;1
FR;3;2023-02-12;0;0;0;0;0;0;0;0;0;4416874;3441714;4463;2;3613805;2861;48;0;1
FR;3;2023-02-13;0;0;0;0;0;0;0;0;0;4416874;3441714;4463;2;3613805;2861;48;0;1
FR;3;2023-02-14;0;0;0;0;0;0;0;0;0;4416874;3441714;4463;2;3613805;2861;48;0;1
FR;3;2023-02-15;0;0;0;0;0;0;0;0;0;4416874;3441714;4463;2;3613805;2861;48;0;1
FR;3;2023-02-16;0;0;0;0;0;0;0;0;0;4416874;3441714;4463;2;3613805;2861;48;0;1
FR;3;2023-02-17;0;0;0;0;0;0;0;0;0;4416874;3441714;4463;2;3613805;2861;48;0;1
FR;3;2023-02-18;0;0;0;0;0;0;0;0;0;4416874;3441714;4463;2;3613805;2861;48;0;1
FR;3;2023-02-19;0;0;0;0;0;0;0;0;0;4416874;3441714;4463;2;3613805;2861;48;0;1
FR;3;2023-02-20;0;0;0;0;0;0;0;0;0;4416874;3441714;4463;2;3613805;2861;48;0;1
FR;3;2023-02-21;0;0;0;0;0;0;0;0;0;4416874;3441714;4463;2;3613805;2861;48;0;1
FR;3;2023-02-22;0;0;0;0;0;0;0;0;0;4416874;3441714;4463;2;3613805;2861;48;0;1
FR;3;2023-02-23;0;0;0;0;0;0;0;0;0;4416874;3441714;4463;2;3613805;2861;48;0;1
FR;3;2023-02-24;0;0;0;0;0;0;0;0;0;4416874;3441714;4463;2;3613805;2861;48;0;1
FR;3;2023-02-25;0;0;0;0;0;0;0;0;0;4416874;3441714;4463;2;3613805;2861;48;0;1
FR;3;2023-02-26;0;0;0;0;0;0;0;0;0;4416874;3441714;4463;2;3613805;2861;48;0;1
FR;3;2023-02-27;0;0;0;0;0;0;0;0;0;4416874;3441714;4463;2;3613805;2861;48;0;1
FR;3;2023-02-28;0;0;0;0;0;0;0;0;0;4416874;3441714;4463;2;3613805;2861;48;0;1
FR;3;2023-03-01;0;0;0;0;0;0;0;0;0;4416874;3441714;4463;2;3613805;2861;48;0;1
FR;3;2023-03-02;0;0;0;0;0;0;0;0;0;4416874;3441714;4463;2;3613805;2861;48;0;1
FR;3;2023-03-03;0;0;0;0;0;0;0;0;0;4416874;3441714;4463;2;3613805;2861;48;0;1
FR;3;2023-03-04;0;0;0;0;0;0;0;0;0;4416874;3441714;4463;2;3613805;2861;48;0;1
FR;3;2023-03-05;0;0;0;0;0;0;0;0;0;4416874;3441714;4463;2;3613805;2861;48;0;1
FR;3;2023-03-06;0;0;0;0;0;0;0;0;0;4416874;3441714;4463;2;3613805;2861;48;0;1
FR;3;2023-03-07;0;0;0;0;0;0;0;0;0;4416874;3441714;4463;2;3613805;2861;48;0;1
FR;3;2023-03-08;0;0;0;0;0;0;0;0;0;4416874;3441714;4463;2;3613805;2861;48;0;1
FR;3;2023-03-09;0;0;0;0;0;0;0;0;0;4416874;3441714;4463;2;3613805;2861;48;0;1
FR;3;2023-03-10;0;0;0;0;0;0;0;0;0;4416874;3441714;4463;2;3613805;2861;48;0;1
FR;3;2023-03-11;0;0;0;0;0;0;0;0;0;4416874;3441714;4463;2;3613805;2861;48;0;1
FR;3;2023-03-12;0;0;0;0;0;0;0;0;0;4416874;3441714;4463;2;3613805;2861;48;0;1
FR;3;2023-03-13;0;0;0;0;0;0;0;0;0;4416874;3441714;4463;2;3613805;2861;48;0;1
FR;3;2023-03-14;0;0;0;0;0;0;0;0;0;4416874;3441714;4463;2;3613805;2861;48;0;1
FR;3;2023-03-15;0;0;0;0;0;0;0;0;0;4416874;3441714;4463;2;3613805;2861;48;0;1
FR;3;2023-03-16;0;0;0;0;0;0;0;0;0;4416874;3441714;4463;2;3613805;2861;48;0;1
FR;3;2023-03-17;0;0;0;0;0;0;0;0;0;4416874;3441714;4463;2;3613805;2861;48;0;1
FR;3;2023-03-18;0;0;0;0;0;0;0;0;0;4416874;3441714;4463;2;3613805;2861;48;0;1
FR;3;2023-03-19;0;0;0;0;0;0;0;0;0;4416874;3441714;4463;2;3613805;2861;48;0;1
FR;3;2023-03-20;0;0;0;0;0;0;0;0;0;4416874;3441714;4463;2;3613805;2861;48;0;1
FR;3;2023-03-21;0;0;0;0;0;0;0;0;0;4416874;3441714;4463;2;3613805;2861;48;0;1
FR;3;2023-03-22;0;0;0;0;0;0;0;0;0;4416874;3441714;4463;2;3613805;2861;48;0;1
FR;3;2023-03-23;0;0;0;0;0;0;0;0;0;4416874;3441714;4463;2;3613805;2861;48;0;1
FR;3;2023-03-24;0;0;0;0;0;0;0;0;0;4416874;3441714;4463;2;3613805;2861;48;0;1
FR;3;2023-03-25;0;0;0;0;0;0;0;0;0;4416874;3441714;4463;2;3613805;2861;48;0;1
FR;3;2023-03-26;0;0;0;0;0;0;0;0;0;4416874;3441714;4463;2;3613805;2861;48;0;1
FR;3;2023-03-27;0;0;0;0;0;0;0;0;0;4416874;3441714;4463;2;3613805;2861;48;0;1
FR;3;2023-03-28;0;0;0;0;0;0;0;0;0;4416874;3441714;4463;2;3613805;2861;48;0;1
FR;3;2023-03-29;0;0;0;0;0;0;0;0;0;4416874;3441714;4463;2;3613805;2861;48;0;1
FR;3;2023-03-30;0;0;0;0;0;0;0;0;0;4416874;3441714;4463;2;3613805;2861;48;0;1
FR;3;2023-03-31;0;0;0;0;0;0;0;0;0;4416874;3441714;4463;2;3613805;2861;48;0;1
FR;3;2023-04-01;0;0;0;0;0;0;0;0;0;4416874;3441714;4463;2;3613805;2861;48;0;1
FR;3;2023-04-02;0;0;0;0;0;0;0;0;0;4416874;3441714;4463;2;3613805;2861;48;0;1
FR;3;2023-04-03;0;0;0;0;0;0;0;0;0;4416874;3441714;4463;2;3613805;2861;48;0;1
FR;3;2023-04-04;0;0;0;0;0;0;0;0;0;4416874;3441714;4463;2;3613805;2861;48;0;1
FR;3;2023-04-05;0;0;0;0;0;0;0;0;0;4416874;3441714;4463;2;3613805;2861;48;0;1
FR;3;2023-04-06;0;0;0;0;0;0;0;0;0;4416874;3441714;4463;2;3613805;2861;48;0;1
FR;3;2023-04-07;0;0;0;0;0;0;0;0;0;4416874;3441714;4463;2;3613805;2861;48;0;1
FR;3;2023-04-08;0;0;0;0;0;0;0;0;0;4416874;3441714;4463;2;3613805;2861;48;0;1
FR;3;2023-04-09;0;0;0;0;0;0;0;0;0;4416874;3441714;4463;2;3613805;2861;48;0;1
FR;3;2023-04-10;0;0;0;0;0;0;0;0;0;4416874;3441714;4463;2;3613805;2861;48;0;1
FR;3;2023-04-11;0;0;0;0;0;0;0;0;0;4416874;3441714;4463;2;3613805;2861;48;0;1
FR;3;2023-04-12;0;0;0;0;0;0;0;0;0;4416874;3441714;4463;2;3613805;2861;48;0;1
FR;3;2023-04-13;0;0;0;0;0;0;0;0;0;4416874;3441714;4463;2;3613805;2861;48;0;1
FR;3;2023-04-14;0;0;0;0;0;0;0;0;0;4416874;3441714;4463;2;3613805;2861;48;0;1
FR;3;2023-04-15;0;0;0;0;0;0;0;0;0;4416874;3441714;4463;2;3613805;2861;48;0;1
FR;3;2023-04-16;0;0;0;0;0;0;0;0;0;4416874;3441714;4463;2;3613805;2861;48;0;1
FR;3;2023-04-17;0;0;0;0;0;0;0;0;0;4416874;3441714;4463;2;3613805;2861;48;0;1
FR;3;2023-04-18;0;0;0;0;0;0;0;0;0;4416874;3441714;4463;2;3613805;2861;48;0;1
FR;3;2023-04-19;0;0;0;0;0;0;0;0;0;4416874;3441714;4463;2;3613805;2861;48;0;1
FR;3;2023-04-20;0;0;0;0;0;0;0;0;0;4416874;3441714;4463;2;3613805;2861;48;0;1
FR;3;2023-04-21;0;0;0;0;0;0;0;0;0;4416874;3441714;4463;2;3613805;2861;48;0;1
FR;3;2023-04-22;0;0;0;0;0;0;0;0;0;4416874;3441714;4463;2;3613805;2861;48;0;1
FR;3;2023-04-23;0;0;0;0;0;0;0;0;0;4416874;3441714;4463;2;3613805;2861;48;0;1
FR;3;2023-04-24;0;0;0;0;0;0;0;0;0;4416874;3441714;4463;2;3613805;2861;48;0;1
FR;3;2023-04-25;0;0;0;0;0;0;0;0;0;4416874;3441714;4463;2;3613805;2861;48;0;1
FR;3;2023-04-26;0;0;0;0;0;0;0;0;0;4416874;3441714;4463;2;3613805;2861;48;0;1
FR;3;2023-04-27;0;0;0;0;0;0;0;0;0;4416874;3441714;4463;2;3613805;2861;48;0;1
FR;3;2023-04-28;0;0;0;0;0;0;0;0;0;4416874;3441714;4463;2;3613805;2861;48;0;1
FR;3;2023-04-29;0;0;0;0;0;0;0;0;0;4416874;3441714;4463;2;3613805;2861;48;0;1
FR;3;2023-04-30;0;0;0;0;0;0;0;0;0;4416874;3441714;4463;2;3613805;2861;48;0;1
FR;3;2023-05-01;0;0;0;0;0;0;0;0;0;4416874;3441714;4463;2;3613805;2861;48;0;1
FR;3;2023-05-02;0;0;0;0;0;0;0;0;0;4416874;3441714;4463;2;3613805;2861;48;0;1
FR;3;2023-05-03;0;0;0;0;0;0;0;0;0;4416874;3441714;4463;2;3613805;2861;48;0;1
FR;3;2023-05-04;0;0;0;0;0;0;0;0;0;4416874;3441714;4463;2;3613805;2861;48;0;1
FR;3;2023-05-05;0;0;0;0;0;0;0;0;0;4416874;3441714;4463;2;3613805;2861;48;0;1
FR;3;2023-05-06;0;0;0;0;0;0;0;0;0;4416874;3441714;4463;2;3613805;2861;48;0;1
FR;3;2023-05-07;0;0;0;0;0;0;0;0;0;4416874;3441714;4463;2;3613805;2861;48;0;1
FR;3;2023-05-08;0;0;0;0;0;0;0;0;0;4416874;3441714;4463;2;3613805;2861;48;0;1
FR;3;2023-05-09;0;0;0;0;0;0;0;0;0;4416874;3441714;4463;2;3613805;2861;48;0;1
FR;3;2023-05-10;0;0;0;0;0;0;0;0;0;4416874;3441714;4463;2;3613805;2861;48;0;1
FR;3;2023-05-11;0;0;0;0;0;0;0;0;0;4416874;3441714;4463;2;3613805;2861;48;0;1
FR;3;2023-05-12;0;0;0;0;0;0;0;0;0;4416874;3441714;4463;2;3613805;2861;48;0;1
FR;3;2023-05-13;0;0;0;0;0;0;0;0;0;4416874;3441714;4463;2;3613805;2861;48;0;1
FR;3;2023-05-14;0;0;0;0;0;0;0;0;0;4416874;3441714;4463;2;3613805;2861;48;0;1
FR;3;2023-05-15;0;0;0;0;0;0;0;0;0;4416874;3441714;4463;2;3613805;2861;48;0;1
FR;3;2023-05-16;0;0;0;0;0;0;0;0;0;4416874;3441714;4463;2;3613805;2861;48;0;1
FR;3;2023-05-17;0;0;0;0;0;0;0;0;0;4416874;3441714;4463;2;3613805;2861;48;0;1
FR;3;2023-05-18;0;0;0;0;0;0;0;0;0;4416874;3441714;4463;2;3613805;2861;48;0;1
FR;3;2023-05-19;0;0;0;0;0;0;0;0;0;4416874;3441714;4463;2;3613805;2861;48;0;1
FR;3;2023-05-20;0;0;0;0;0;0;0;0;0;4416874;3441714;4463;2;3613805;2861;48;0;1
FR;3;2023-05-21;0;0;0;0;0;0;0;0;0;4416874;3441714;4463;2;3613805;2861;48;0;1
FR;3;2023-05-22;0;0;0;0;0;0;0;0;0;4416874;3441714;4463;2;3613805;2861;48;0;1
FR;3;2023-05-23;0;0;0;0;0;0;0;0;0;4416874;3441714;4463;2;3613805;2861;48;0;1
FR;3;2023-05-24;0;0;0;0;0;0;0;0;0;4416874;3441714;4463;2;3613805;2861;48;0;1
FR;3;2023-05-25;0;0;0;0;0;0;0;0;0;4416874;3441714;4463;2;3613805;2861;48;0;1
FR;3;2023-05-26;0;0;0;0;0;0;0;0;0;4416874;3441714;4463;2;3613805;2861;48;0;1
FR;3;2023-05-27;0;0;0;0;0;0;0;0;0;4416874;3441714;4463;2;3613805;2861;48;0;1
FR;3;2023-05-28;0;0;0;0;0;0;0;0;0;4416874;3441714;4463;2;3613805;2861;48;0;1
FR;3;2023-05-29;0;0;0;0;0;0;0;0;0;4416874;3441714;4463;2;3613805;2861;48;0;1
FR;4;2020-12-27;0;0;0;0;0;0;0;0;0;0;0;0;0;0;0;0;0;0
FR;4;2020-12-28;0;0;0;0;0;0;0;0;0;0;0;0;0;0;0;0;0;0
FR;4;2020-12-29;0;0;0;0;0;0;0;0;0;0;0;0;0;0;0;0;0;0
FR;4;2020-12-30;0;0;0;0;0;0;0;0;0;0;0;0;0;0;0;0;0;0
FR;4;2020-12-31;0;0;0;0;0;0;0;0;0;0;0;0;0;0;0;0;0;0
FR;4;2021-01-01;0;0;0;0;0;0;0;0;0;0;0;0;0;0;0;0;0;0
FR;4;2021-01-02;0;0;0;0;0;0;0;0;0;0;0;0;0;0;0;0;0;0
FR;4;2021-01-03;0;0;0;0;0;0;0;0;0;0;0;0;0;0;0;0;0;0
FR;4;2021-01-04;0;0;0;0;0;0;0;0;0;0;0;0;0;0;0;0;0;0
FR;4;2021-01-05;0;0;0;0;0;0;0;0;0;0;0;0;0;0;0;0;0;0
FR;4;2021-01-06;0;0;0;0;0;0;0;0;0;0;0;0;0;0;0;0;0;0
FR;4;2021-01-07;0;0;0;0;0;0;0;0;0;0;0;0;0;0;0;0;0;0
FR;4;2021-01-08;0;0;0;0;0;0;0;0;0;0;0;0;0;0;0;0;0;0
FR;4;2021-01-09;0;0;0;0;0;0;0;0;0;0;0;0;0;0;0;0;0;0
FR;4;2021-01-10;0;0;0;0;0;0;0;0;0;0;0;0;0;0;0;0;0;0
FR;4;2021-01-11;0;0;0;0;0;0;0;0;0;0;0;0;0;0;0;0;0;0
FR;4;2021-01-12;0;0;0;0;0;0;0;0;0;0;0;0;0;0;0;0;0;0
FR;4;2021-01-13;0;0;0;0;0;0;0;0;0;0;0;0;0;0;0;0;0;0
FR;4;2021-01-14;0;0;0;0;0;0;0;0;0;0;0;0;0;0;0;0;0;0
FR;4;2021-01-15;0;0;0;0;0;0;0;0;0;0;0;0;0;0;0;0;0;0
FR;4;2021-01-16;0;0;0;0;0;0;0;0;0;0;0;0;0;0;0;0;0;0
FR;4;2021-01-17;0;0;0;0;0;0;0;0;0;0;0;0;0;0;0;0;0;0
FR;4;2021-01-18;0;0;0;0;0;0;0;0;0;0;0;0;0;0;0;0;0;0
FR;4;2021-01-19;0;0;0;0;0;0;0;0;0;0;0;0;0;0;0;0;0;0
FR;4;2021-01-20;0;0;0;0;0;0;0;0;0;0;0;0;0;0;0;0;0;0
FR;4;2021-01-21;0;0;0;0;0;0;0;0;0;0;0;0;0;0;0;0;0;0
FR;4;2021-01-22;0;0;0;0;0;0;0;0;0;0;0;0;0;0;0;0;0;0
FR;4;2021-01-23;0;0;0;0;0;0;0;0;0;0;0;0;0;0;0;0;0;0
FR;4;2021-01-24;0;0;0;0;0;0;0;0;0;0;0;0;0;0;0;0;0;0
FR;4;2021-01-25;0;0;0;0;0;0;0;0;0;0;0;0;0;0;0;0;0;0
FR;4;2021-01-26;0;0;0;0;0;0;0;0;0;0;0;0;0;0;0;0;0;0
FR;4;2021-01-27;0;0;0;0;0;0;0;0;0;0;0;0;0;0;0;0;0;0
FR;4;2021-01-28;0;0;0;0;0;0;0;0;0;0;0;0;0;0;0;0;0;0
FR;4;2021-01-29;0;0;0;0;0;0;0;0;0;0;0;0;0;0;0;0;0;0
FR;4;2021-01-30;0;0;0;0;0;0;0;0;0;0;0;0;0;0;0;0;0;0
FR;4;2021-01-31;0;0;0;0;0;0;0;0;0;0;0;0;0;0;0;0;0;0
FR;4;2021-02-01;0;0;0;0;0;0;0;0;0;0;0;0;0;0;0;0;0;0
FR;4;2021-02-02;0;0;0;0;0;0;0;0;0;0;0;0;0;0;0;0;0;0
FR;4;2021-02-03;0;0;0;0;0;0;0;0;0;0;0;0;0;0;0;0;0;0
FR;4;2021-02-04;0;0;0;0;0;0;0;0;0;0;0;0;0;0;0;0;0;0
FR;4;2021-02-05;0;0;0;0;0;0;0;0;0;0;0;0;0;0;0;0;0;0
FR;4;2021-02-06;0;0;0;0;0;0;0;0;0;0;0;0;0;0;0;0;0;0
FR;4;2021-02-07;0;0;0;0;0;0;0;0;0;0;0;0;0;0;0;0;0;0
FR;4;2021-02-08;0;0;0;0;0;0;0;0;0;0;0;0;0;0;0;0;0;0
FR;4;2021-02-09;0;0;0;0;0;0;0;0;0;0;0;0;0;0;0;0;0;0
FR;4;2021-02-10;0;0;0;0;0;0;0;0;0;0;0;0;0;0;0;0;0;0
FR;4;2021-02-11;0;0;0;0;0;0;0;0;0;0;0;0;0;0;0;0;0;0
FR;4;2021-02-12;0;0;0;0;0;0;0;0;0;0;0;0;0;0;0;0;0;0
FR;4;2021-02-13;0;0;0;0;0;0;0;0;0;0;0;0;0;0;0;0;0;0
FR;4;2021-02-14;0;0;0;0;0;0;0;0;0;0;0;0;0;0;0;0;0;0
FR;4;2021-02-15;0;0;0;0;0;0;0;0;0;0;0;0;0;0;0;0;0;0
FR;4;2021-02-16;0;0;0;0;0;0;0;0;0;0;0;0;0;0;0;0;0;0
FR;4;2021-02-17;0;0;0;0;0;0;0;0;0;0;0;0;0;0;0;0;0;0
FR;4;2021-02-18;0;0;0;0;0;0;0;0;0;0;0;0;0;0;0;0;0;0
FR;4;2021-02-19;0;0;0;0;0;0;0;0;0;0;0;0;0;0;0;0;0;0
FR;4;2021-02-20;0;0;0;0;0;0;0;0;0;0;0;0;0;0;0;0;0;0
FR;4;2021-02-21;0;0;0;0;0;0;0;0;0;0;0;0;0;0;0;0;0;0
FR;4;2021-02-22;0;0;0;0;0;0;0;0;0;0;0;0;0;0;0;0;0;0
FR;4;2021-02-23;0;0;0;0;0;0;0;0;0;0;0;0;0;0;0;0;0;0
FR;4;2021-02-24;0;0;0;0;0;0;0;0;0;0;0;0;0;0;0;0;0;0
FR;4;2021-02-25;0;0;0;0;0;0;0;0;0;0;0;0;0;0;0;0;0;0
FR;4;2021-02-26;0;0;0;0;0;0;0;0;0;0;0;0;0;0;0;0;0;0
FR;4;2021-02-27;0;0;0;0;0;0;0;0;0;0;0;0;0;0;0;0;0;0
FR;4;2021-02-28;0;0;0;0;0;0;0;0;0;0;0;0;0;0;0;0;0;0
FR;4;2021-03-01;0;0;0;0;0;0;0;0;0;0;0;0;0;0;0;0;0;0
FR;4;2021-03-02;0;0;0;0;0;0;0;0;0;0;0;0;0;0;0;0;0;0
FR;4;2021-03-03;0;0;0;0;0;0;0;0;0;0;0;0;0;0;0;0;0;0
FR;4;2021-03-04;0;0;0;0;0;0;0;0;0;0;0;0;0;0;0;0;0;0
FR;4;2021-03-05;0;0;0;0;0;0;0;0;0;0;0;0;0;0;0;0;0;0
FR;4;2021-03-06;0;0;0;0;0;0;0;0;0;0;0;0;0;0;0;0;0;0
FR;4;2021-03-07;0;0;0;0;0;0;0;0;0;0;0;0;0;0;0;0;0;0
FR;4;2021-03-08;0;0;0;0;0;0;0;0;0;0;0;0;0;0;0;0;0;0
FR;4;2021-03-09;0;0;0;0;0;0;0;0;0;0;0;0;0;0;0;0;0;0
FR;4;2021-03-10;0;0;0;0;0;0;0;0;0;0;0;0;0;0;0;0;0;0
FR;4;2021-03-11;0;0;0;0;0;0;0;0;0;0;0;0;0;0;0;0;0;0
FR;4;2021-03-12;0;0;0;0;0;0;0;0;0;0;0;0;0;0;0;0;0;0
FR;4;2021-03-13;0;0;0;0;0;0;0;0;0;0;0;0;0;0;0;0;0;0
FR;4;2021-03-14;0;0;0;0;0;0;0;0;0;0;0;0;0;0;0;0;0;0
FR;4;2021-03-15;0;0;0;0;0;0;0;0;0;0;0;0;0;0;0;0;0;0
FR;4;2021-03-16;0;0;0;0;0;0;0;0;0;0;0;0;0;0;0;0;0;0
FR;4;2021-03-17;0;0;0;0;0;0;0;0;0;0;0;0;0;0;0;0;0;0
FR;4;2021-03-18;0;0;0;0;0;0;0;0;0;0;0;0;0;0;0;0;0;0
FR;4;2021-03-19;0;0;0;0;0;0;0;0;0;0;0;0;0;0;0;0;0;0
FR;4;2021-03-20;0;0;0;0;0;0;0;0;0;0;0;0;0;0;0;0;0;0
FR;4;2021-03-21;0;0;0;0;0;0;0;0;0;0;0;0;0;0;0;0;0;0
FR;4;2021-03-22;0;0;0;0;0;0;0;0;0;0;0;0;0;0;0;0;0;0
FR;4;2021-03-23;0;0;0;0;0;0;0;0;0;0;0;0;0;0;0;0;0;0
FR;4;2021-03-24;0;0;0;0;0;0;0;0;0;0;0;0;0;0;0;0;0;0
FR;4;2021-03-25;0;0;0;0;0;0;0;0;0;0;0;0;0;0;0;0;0;0
FR;4;2021-03-26;0;0;0;0;0;0;0;0;0;0;0;0;0;0;0;0;0;0
FR;4;2021-03-27;0;0;0;0;0;0;0;0;0;0;0;0;0;0;0;0;0;0
FR;4;2021-03-28;0;0;0;0;0;0;0;0;0;0;0;0;0;0;0;0;0;0
FR;4;2021-03-29;0;0;0;0;0;0;0;0;0;0;0;0;0;0;0;0;0;0
FR;4;2021-03-30;0;0;0;0;0;0;0;0;0;0;0;0;0;0;0;0;0;0
FR;4;2021-03-31;0;0;0;0;0;0;0;0;0;0;0;0;0;0;0;0;0;0
FR;4;2021-04-01;0;0;0;0;0;0;0;0;0;0;0;0;0;0;0;0;0;0
FR;4;2021-04-02;0;0;0;0;0;0;0;0;0;0;0;0;0;0;0;0;0;0
FR;4;2021-04-03;0;0;0;0;0;0;0;0;0;0;0;0;0;0;0;0;0;0
FR;4;2021-04-04;0;0;0;0;0;0;0;0;0;0;0;0;0;0;0;0;0;0
FR;4;2021-04-05;0;0;0;0;0;0;0;0;0;0;0;0;0;0;0;0;0;0
FR;4;2021-04-06;0;0;0;0;0;0;0;0;0;0;0;0;0;0;0;0;0;0
FR;4;2021-04-07;0;0;0;0;0;0;0;0;0;0;0;0;0;0;0;0;0;0
FR;4;2021-04-08;0;0;0;0;0;0;0;0;0;0;0;0;0;0;0;0;0;0
FR;4;2021-04-09;0;0;0;0;0;0;0;0;0;0;0;0;0;0;0;0;0;0
FR;4;2021-04-10;0;0;0;0;0;0;0;0;0;0;0;0;0;0;0;0;0;0
FR;4;2021-04-11;0;0;0;0;0;0;0;0;0;0;0;0;0;0;0;0;0;0
FR;4;2021-04-12;0;0;0;0;0;0;0;0;0;0;0;0;0;0;0;0;0;0
FR;4;2021-04-13;0;0;0;0;0;0;0;0;0;0;0;0;0;0;0;0;0;0
FR;4;2021-04-14;0;0;0;0;0;0;0;0;0;0;0;0;0;0;0;0;0;0
FR;4;2021-04-15;0;0;0;0;0;0;0;0;0;0;0;0;0;0;0;0;0;0
FR;4;2021-04-16;0;0;0;0;0;0;0;0;0;0;0;0;0;0;0;0;0;0
FR;4;2021-04-17;0;0;0;0;0;0;0;0;0;0;0;0;0;0;0;0;0;0
FR;4;2021-04-18;0;0;0;0;0;0;0;0;0;0;0;0;0;0;0;0;0;0
FR;4;2021-04-19;0;0;0;0;0;0;0;0;0;0;0;0;0;0;0;0;0;0
FR;4;2021-04-20;0;0;0;0;0;0;0;0;0;0;0;0;0;0;0;0;0;0
FR;4;2021-04-21;0;0;0;0;0;0;0;0;0;0;0;0;0;0;0;0;0;0
FR;4;2021-04-22;0;0;0;0;0;0;0;0;0;0;0;0;0;0;0;0;0;0
FR;4;2021-04-23;3660;0;0;0;3622;0;0;0;0;3660;0;0;0;3622;0;0;0;0
FR;4;2021-04-24;1570;1;0;0;1559;0;0;0;0;5230;1;0;0;5181;0;0;0;0
FR;4;2021-04-25;125;0;0;0;125;0;0;0;0;5355;1;0;0;5306;0;0;0;0
FR;4;2021-04-26;2872;1;0;0;2862;0;0;0;0;8227;2;0;0;8168;0;0;0;0
FR;4;2021-04-27;9520;3;0;0;9501;0;0;0;0;17747;5;0;0;17669;0;0;0;0
FR;4;2021-04-28;9910;6;0;0;9885;0;0;0;0;27657;11;0;0;27554;0;0;0;0
FR;4;2021-04-29;15995;8;0;0;15979;0;0;0;0;43652;19;0;0;43533;0;0;0;0
FR;4;2021-04-30;19234;10;0;0;19205;0;0;0;0;62886;29;0;0;62738;0;0;0;0
FR;4;2021-05-01;1994;6;0;0;1992;0;0;0;0;64880;35;0;0;64730;0;0;0;0
FR;4;2021-05-02;484;0;0;0;482;0;0;0;0;65364;35;0;0;65212;0;0;0;0
FR;4;2021-05-03;5066;2;0;0;5059;0;0;0;0;70430;37;0;0;70271;0;0;0;0
FR;4;2021-05-04;8411;11;0;0;8400;0;0;0;0;78841;48;0;0;78671;0;0;0;0
FR;4;2021-05-05;6193;7;0;0;6188;0;0;0;0;85034;55;0;0;84859;0;0;0;0
FR;4;2021-05-06;11388;11;0;0;11385;0;0;0;0;96422;66;0;0;96244;0;0;0;0
FR;4;2021-05-07;19127;9;0;0;19088;0;0;0;0;115549;75;0;0;115332;0;0;0;0
FR;4;2021-05-08;2376;7;0;0;2380;0;0;0;0;117925;82;0;0;117712;0;0;0;0
FR;4;2021-05-09;692;3;0;0;693;0;0;0;0;118617;85;0;0;118405;0;0;0;0
FR;4;2021-05-10;7246;5;1;0;7243;0;0;0;0;125863;90;1;0;125648;0;0;0;0
FR;4;2021-05-11;14325;13;0;0;14305;0;0;0;0;140188;103;1;0;139953;0;0;0;0
FR;4;2021-05-12;10176;15;0;0;10179;0;0;0;0;150364;118;1;0;150132;0;0;0;0
FR;4;2021-05-13;1584;4;0;0;1585;0;0;0;0;151948;122;1;0;151717;0;0;0;0
FR;4;2021-05-14;7768;7;0;0;7763;0;0;0;0;159716;129;1;0;159480;0;0;0;0
FR;4;2021-05-15;3721;8;1;0;3720;0;0;0;0;163437;137;2;0;163200;0;0;0;0
FR;4;2021-05-16;417;1;0;0;417;0;0;0;0;163854;138;2;0;163617;0;0;0;0
FR;4;2021-05-17;4485;8;0;0;4484;0;0;0;0;168339;146;2;0;168101;0;0;0;0
FR;4;2021-05-18;8769;10;0;0;8769;0;0;0;0;177108;156;2;0;176870;0;0;0;0
FR;4;2021-05-19;5699;7;0;0;5701;0;0;0;0;182807;163;2;0;182571;0;0;0;0
FR;4;2021-05-20;9487;8;0;0;9479;0;0;0;0;192294;171;2;0;192050;0;0;0;0
FR;4;2021-05-21;12816;30;0;0;12823;0;0;0;0;205110;201;2;0;204873;0;0;0;0
FR;4;2021-05-22;5063;15;0;0;5070;0;0;0;0;210173;216;2;0;209943;0;0;0;0
FR;4;2021-05-23;498;4;0;0;501;0;0;0;0;210671;220;2;0;210444;0;0;0;0
FR;4;2021-05-24;1062;7;0;0;1066;0;0;0;0;211733;227;2;0;211510;0;0;0;0
FR;4;2021-05-25;7637;16;0;0;7643;0;0;0;0;219370;243;2;0;219153;0;0;0;0
FR;4;2021-05-26;7731;16;0;0;7739;0;0;0;0;227101;259;2;0;226892;0;0;0;0
FR;4;2021-05-27;14340;35;0;0;14349;0;0;0;0;241441;294;2;0;241241;0;0;0;0
FR;4;2021-05-28;26593;82;1;0;26634;0;0;0;0;268034;376;3;0;267875;0;0;0;0
FR;4;2021-05-29;11385;19;0;0;11385;0;0;0;0;279419;395;3;0;279260;0;0;0;0
FR;4;2021-05-30;974;7;0;0;973;0;0;0;0;280393;402;3;0;280233;0;0;0;0
FR;4;2021-05-31;12701;21;0;0;12701;0;0;0;0;293094;423;3;0;292934;0;0;0;0
FR;4;2021-06-01;20283;48;1;0;20301;0;0;0;0;313377;471;4;0;313235;0;0;0;0
FR;4;2021-06-02;14526;33;0;0;14538;0;0;0;0;327903;504;4;0;327773;0;0;0;0
FR;4;2021-06-03;19436;24;1;0;19434;0;0;0;0;347339;528;5;0;347207;0;0;0;0
FR;4;2021-06-04;22520;48;0;0;22538;0;0;0;0;369859;576;5;0;369745;0;0;0;0
FR;4;2021-06-05;9717;32;0;0;9721;0;0;0;0;379576;608;5;0;379466;0;0;0;0
FR;4;2021-06-06;1041;2;0;0;1037;0;0;0;0;380617;610;5;0;380503;0;0;0;0
FR;4;2021-06-07;9230;19;0;0;9238;0;0;0;0;389847;629;5;0;389741;0;0;0;0
FR;4;2021-06-08;14613;32;0;0;14625;0;0;0;0;404460;661;5;0;404366;0;0;0;0
FR;4;2021-06-09;12218;25;0;0;12226;0;0;0;0;416678;686;5;0;416592;0;0;0;0
FR;4;2021-06-10;15408;30;0;0;15416;0;0;0;0;432086;716;5;0;432008;0;0;0;0
FR;4;2021-06-11;16990;57;0;0;17017;0;0;0;0;449076;773;5;0;449025;0;0;0;0
FR;4;2021-06-12;7453;27;0;0;7478;0;0;0;0;456529;800;5;0;456503;0;0;0;0
FR;4;2021-06-13;908;3;0;0;910;0;0;0;0;457437;803;5;0;457413;0;0;0;0
FR;4;2021-06-14;6652;27;0;0;6662;0;0;0;0;464089;830;5;0;464075;0;0;0;0
FR;4;2021-06-15;10896;39;0;0;10913;0;0;0;0;474985;869;5;0;474988;0;0;0;0
FR;4;2021-06-16;8909;17;0;0;8917;0;0;0;0;483894;886;5;0;483905;0;0;0;0
FR;4;2021-06-17;10903;36;0;0;10915;0;0;0;0;494797;922;5;0;494820;0;0;0;0
FR;4;2021-06-18;12427;45;0;0;12454;0;0;0;0;507224;967;5;0;507274;0;0;0;0
FR;4;2021-06-19;5568;25;0;0;5588;0;0;0;0;512792;992;5;0;512862;0;0;0;0
FR;4;2021-06-20;828;5;0;0;832;0;0;0;0;513620;997;5;0;513694;0;0;0;0
FR;4;2021-06-21;5107;21;0;0;5107;0;0;0;0;518727;1018;5;0;518801;0;0;0;0
FR;4;2021-06-22;7916;29;2;0;7934;0;0;0;0;526643;1047;7;0;526735;0;0;0;0
FR;4;2021-06-23;7106;43;2;0;7133;0;0;0;0;533749;1090;9;0;533868;0;0;0;0
FR;4;2021-06-24;8657;46;1;0;8689;0;0;0;0;542406;1136;10;0;542557;0;0;0;0
FR;4;2021-06-25;10179;41;2;0;10211;0;0;0;0;552585;1177;12;0;552768;0;0;0;0
FR;4;2021-06-26;4854;23;0;0;4871;0;0;0;0;557439;1200;12;0;557639;0;0;0;0
FR;4;2021-06-27;769;4;0;0;771;0;0;0;0;558208;1204;12;0;558410;0;0;0;0
FR;4;2021-06-28;4835;16;1;0;4844;0;0;0;0;563043;1220;13;0;563254;0;0;0;0
FR;4;2021-06-29;7110;28;2;0;7119;0;0;0;0;570153;1248;15;0;570373;0;0;0;0
FR;4;2021-06-30;6728;41;2;0;6756;0;0;0;0;576881;1289;17;0;577129;0;0;0;0
FR;4;2021-07-01;8213;42;0;0;8235;0;0;0;0;585094;1331;17;0;585364;0;0;0;0
FR;4;2021-07-02;9430;53;1;0;9470;0;0;0;0;594524;1384;18;0;594834;0;0;0;0
FR;4;2021-07-03;4848;20;0;0;4863;0;0;0;0;599372;1404;18;0;599697;0;0;0;0
FR;4;2021-07-04;690;5;0;0;692;0;0;0;0;600062;1409;18;0;600389;0;0;0;0
FR;4;2021-07-05;4775;19;2;0;4786;0;0;0;0;604837;1428;20;0;605175;0;0;0;0
FR;4;2021-07-06;7729;29;4;0;7742;0;0;0;0;612566;1457;24;0;612917;0;0;0;0
FR;4;2021-07-07;7088;34;2;0;7100;0;0;0;0;619654;1491;26;0;620017;0;0;0;0
FR;4;2021-07-08;9235;40;2;0;9258;0;0;0;0;628889;1531;28;0;629275;0;0;0;0
FR;4;2021-07-09;10282;34;1;0;10305;0;0;0;0;639171;1565;29;0;639580;0;0;0;0
FR;4;2021-07-10;4639;14;2;0;4646;0;0;0;0;643810;1579;31;0;644226;0;0;0;0
FR;4;2021-07-11;586;4;1;0;584;0;0;0;0;644396;1583;32;0;644810;0;0;0;0
FR;4;2021-07-12;5878;29;0;0;5900;0;0;0;0;650274;1612;32;0;650710;0;0;0;0
FR;4;2021-07-13;14231;29;0;0;14249;0;0;0;0;664505;1641;32;0;664959;0;0;0;0
FR;4;2021-07-14;2291;15;0;0;2291;0;0;0;0;666796;1656;32;0;667250;0;0;0;0
FR;4;2021-07-15;18239;37;0;0;18256;0;0;0;0;685035;1693;32;0;685506;0;0;0;0
FR;4;2021-07-16;22838;71;2;0;22888;0;0;0;0;707873;1764;34;0;708394;0;0;0;0
FR;4;2021-07-17;9741;20;0;0;9749;0;0;0;0;717614;1784;34;0;718143;0;0;0;0
FR;4;2021-07-18;1359;5;0;0;1362;0;0;0;0;718973;1789;34;0;719505;0;0;0;0
FR;4;2021-07-19;12991;30;1;0;13016;0;0;0;0;731964;1819;35;0;732521;0;0;0;0
FR;4;2021-07-20;17345;26;1;0;17361;0;0;0;0;749309;1845;36;0;749882;0;0;0;0
FR;4;2021-07-21;15623;33;0;0;15643;0;0;0;0;764932;1878;36;0;765525;0;0;0;0
FR;4;2021-07-22;18247;45;2;0;18271;0;0;0;0;783179;1923;38;0;783796;0;0;0;0
FR;4;2021-07-23;20420;57;7;0;20453;0;0;0;0;803599;1980;45;0;804249;0;0;0;0
FR;4;2021-07-24;9290;34;0;0;9305;0;0;0;0;812889;2014;45;0;813554;0;0;0;0
FR;4;2021-07-25;1356;11;0;0;1358;0;0;0;0;814245;2025;45;0;814912;0;0;0;0
FR;4;2021-07-26;11050;23;0;0;11057;0;0;0;0;825295;2048;45;0;825969;0;0;0;0
FR;4;2021-07-27;14688;35;3;0;14708;0;0;0;0;839983;2083;48;0;840677;0;0;0;0
FR;4;2021-07-28;12937;26;2;0;12954;0;0;0;0;852920;2109;50;0;853631;0;0;0;0
FR;4;2021-07-29;14098;54;4;0;14140;0;0;0;0;867018;2163;54;0;867771;0;0;0;0
FR;4;2021-07-30;15502;46;2;0;15532;0;0;0;0;882520;2209;56;0;883303;0;0;0;0
FR;4;2021-07-31;6845;14;2;0;6855;0;0;0;0;889365;2223;58;0;890158;0;0;0;0
FR;4;2021-08-01;906;1;0;0;901;0;0;0;0;890271;2224;58;0;891059;0;0;0;0
FR;4;2021-08-02;7918;31;0;0;7919;0;0;0;0;898189;2255;58;0;898978;0;0;0;0
FR;4;2021-08-03;10805;31;2;0;10801;0;0;0;0;908994;2286;60;0;909779;0;0;0;0
FR;4;2021-08-04;9749;29;0;0;9748;0;0;0;0;918743;2315;60;0;919527;0;0;0;0
FR;4;2021-08-05;9831;42;0;0;9837;0;0;0;0;928574;2357;60;0;929364;0;0;0;0
FR;4;2021-08-06;10201;30;3;0;10198;0;0;0;0;938775;2387;63;0;939562;0;0;0;0
FR;4;2021-08-07;5100;30;1;0;5116;0;0;0;0;943875;2417;64;0;944678;0;0;0;0
FR;4;2021-08-08;1225;13;0;0;1228;0;0;0;0;945100;2430;64;0;945906;0;0;0;0
FR;4;2021-08-09;6350;31;0;0;6343;0;0;0;0;951450;2461;64;0;952249;0;0;0;0
FR;4;2021-08-10;8753;18;0;0;8724;0;0;0;0;960203;2479;64;0;960973;0;0;0;0
FR;4;2021-08-11;7945;34;4;0;7934;0;0;0;0;968148;2513;68;0;968907;0;0;0;0
FR;4;2021-08-12;8585;31;1;0;8573;0;0;0;0;976733;2544;69;0;977480;0;0;0;0
FR;4;2021-08-13;7561;25;0;1;7548;0;0;0;0;984294;2569;69;1;985028;0;0;0;0
FR;4;2021-08-14;3793;20;0;0;3777;0;0;0;0;988087;2589;69;1;988805;0;0;0;0
FR;4;2021-08-15;771;5;0;0;773;0;0;0;0;988858;2594;69;1;989578;0;0;0;0
FR;4;2021-08-16;4010;17;0;0;4005;0;0;0;0;992868;2611;69;1;993583;0;0;0;0
FR;4;2021-08-17;5634;17;1;0;5624;0;0;0;0;998502;2628;70;1;999207;0;0;0;0
FR;4;2021-08-18;5172;37;0;0;5189;0;0;0;0;1003674;2665;70;1;1004396;0;0;0;0
FR;4;2021-08-19;5489;34;3;0;5503;0;0;0;0;1009163;2699;73;1;1009899;0;0;0;0
FR;4;2021-08-20;5225;25;1;0;5235;0;0;0;0;1014388;2724;74;1;1015134;0;0;0;0
FR;4;2021-08-21;2311;23;1;0;2328;0;0;0;0;1016699;2747;75;1;1017462;0;0;0;0
FR;4;2021-08-22;414;2;0;0;415;0;0;0;0;1017113;2749;75;1;1017877;0;0;0;0
FR;4;2021-08-23;2938;21;1;0;2946;0;0;0;0;1020051;2770;76;1;1020823;0;0;0;0
FR;4;2021-08-24;3758;16;0;0;3761;0;0;0;0;1023809;2786;76;1;1024584;0;0;0;0
FR;4;2021-08-25;3546;25;1;0;3562;0;0;0;0;1027355;2811;77;1;1028146;0;0;0;0
FR;4;2021-08-26;3716;21;2;0;3728;0;0;0;0;1031071;2832;79;1;1031874;0;0;0;0
FR;4;2021-08-27;3617;31;2;0;3635;0;0;0;0;1034688;2863;81;1;1035509;0;0;0;0
FR;4;2021-08-28;1732;10;1;0;1737;0;0;0;0;1036420;2873;82;1;1037246;0;0;0;0
FR;4;2021-08-29;385;7;1;0;389;0;0;0;0;1036805;2880;83;1;1037635;0;0;0;0
FR;4;2021-08-30;2010;25;0;0;2018;16;0;0;0;1038815;2905;83;1;1039653;16;0;0;0
FR;4;2021-08-31;2487;21;0;0;2494;14;0;0;0;1041302;2926;83;1;1042147;30;0;0;0
FR;4;2021-09-01;2085;38;1;0;2096;22;0;0;0;1043387;2964;84;1;1044243;52;0;0;0
FR;4;2021-09-02;2309;31;4;0;2322;18;0;0;0;1045696;2995;88;1;1046565;70;0;0;0
FR;4;2021-09-03;2366;44;5;0;2375;36;0;0;0;1048062;3039;93;1;1048940;106;0;0;0
FR;4;2021-09-04;1374;18;0;0;1381;9;0;0;0;1049436;3057;93;1;1050321;115;0;0;0
FR;4;2021-09-05;434;2;0;0;434;2;0;0;0;1049870;3059;93;1;1050755;117;0;0;0
FR;4;2021-09-06;1713;62;0;0;1750;24;0;0;0;1051583;3121;93;1;1052505;141;0;0;0
FR;4;2021-09-07;1681;18;0;0;1690;8;0;0;0;1053264;3139;93;1;1054195;149;0;0;0
FR;4;2021-09-08;1286;26;3;0;1291;19;0;0;0;1054550;3165;96;1;1055486;168;0;0;0
FR;4;2021-09-09;1394;23;2;0;1404;9;0;0;0;1055944;3188;98;1;1056890;177;0;0;0
FR;4;2021-09-10;1522;31;2;0;1526;23;1;0;0;1057466;3219;100;1;1058416;200;1;0;0
FR;4;2021-09-11;746;11;0;0;749;3;0;0;0;1058212;3230;100;1;1059165;203;1;0;0
FR;4;2021-09-12;169;5;0;0;170;4;0;0;0;1058381;3235;100;1;1059335;207;1;0;0
FR;4;2021-09-13;1325;22;1;0;1328;16;0;0;0;1059706;3257;101;1;1060663;223;1;0;0
FR;4;2021-09-14;1507;9;2;0;1509;7;0;0;0;1061213;3266;103;1;1062172;230;1;0;0
FR;4;2021-09-15;1095;28;1;0;1098;25;0;0;0;1062308;3294;104;1;1063270;255;1;0;0
FR;4;2021-09-16;1108;22;2;0;1112;15;0;0;0;1063416;3316;106;1;1064382;270;1;0;0
FR;4;2021-09-17;898;21;1;0;905;12;0;0;0;1064314;3337;107;1;1065287;282;1;0;0
FR;4;2021-09-18;464;7;1;0;465;6;0;0;0;1064778;3344;108;1;1065752;288;1;0;0
FR;4;2021-09-19;182;3;0;0;183;2;0;0;0;1064960;3347;108;1;1065935;290;1;0;0
FR;4;2021-09-20;452;19;0;0;458;13;0;0;0;1065412;3366;108;1;1066393;303;1;0;0
FR;4;2021-09-21;434;11;0;0;436;7;0;0;0;1065846;3377;108;1;1066829;310;1;0;0
FR;4;2021-09-22;377;19;4;0;384;15;0;0;0;1066223;3396;112;1;1067213;325;1;0;0
FR;4;2021-09-23;488;15;1;0;489;14;0;0;0;1066711;3411;113;1;1067702;339;1;0;0
FR;4;2021-09-24;416;13;2;0;420;9;0;0;0;1067127;3424;115;1;1068122;348;1;0;0
FR;4;2021-09-25;281;10;1;0;282;5;0;0;0;1067408;3434;116;1;1068404;353;1;0;0
FR;4;2021-09-26;75;2;0;0;76;1;0;0;0;1067483;3436;116;1;1068480;354;1;0;0
FR;4;2021-09-27;270;10;1;0;271;8;0;0;0;1067753;3446;117;1;1068751;362;1;0;0
FR;4;2021-09-28;319;8;0;0;319;8;0;0;0;1068072;3454;117;1;1069070;370;1;0;0
FR;4;2021-09-29;378;19;1;0;380;13;0;0;0;1068450;3473;118;1;1069450;383;1;0;0
FR;4;2021-09-30;367;41;0;0;381;22;0;0;0;1068817;3514;118;1;1069831;405;1;0;0
FR;4;2021-10-01;411;56;0;0;413;50;0;0;0;1069228;3570;118;1;1070244;455;1;0;0
FR;4;2021-10-02;196;23;1;0;198;14;0;0;0;1069424;3593;119;1;1070442;469;1;0;0
FR;4;2021-10-03;86;1;0;0;87;0;0;0;0;1069510;3594;119;1;1070529;469;1;0;0
FR;4;2021-10-04;363;20;1;0;367;16;0;0;0;1069873;3614;120;1;1070896;485;1;0;0
FR;4;2021-10-05;286;19;2;0;288;15;0;0;0;1070159;3633;122;1;1071184;500;1;0;0
FR;4;2021-10-06;249;23;1;0;254;18;0;0;0;1070408;3656;123;1;1071438;518;1;0;0
FR;4;2021-10-07;268;25;2;0;273;13;0;0;0;1070676;3681;125;1;1071711;531;1;0;0
FR;4;2021-10-08;357;24;2;0;360;20;0;0;0;1071033;3705;127;1;1072071;551;1;0;0
FR;4;2021-10-09;194;6;6;0;195;7;0;0;0;1071227;3711;133;1;1072266;558;1;0;0
FR;4;2021-10-10;97;3;2;0;99;3;0;0;0;1071324;3714;135;1;1072365;561;1;0;0
FR;4;2021-10-11;252;15;1;0;253;14;0;0;0;1071576;3729;136;1;1072618;575;1;0;0
FR;4;2021-10-12;211;14;0;0;211;13;0;0;0;1071787;3743;136;1;1072829;588;1;0;0
FR;4;2021-10-13;221;28;1;0;224;25;0;0;0;1072008;3771;137;1;1073053;613;1;0;0
FR;4;2021-10-14;316;21;4;0;320;15;0;0;0;1072324;3792;141;1;1073373;628;1;0;0
FR;4;2021-10-15;324;24;5;0;325;25;0;0;0;1072648;3816;146;1;1073698;653;1;0;0
FR;4;2021-10-16;167;6;2;0;167;6;0;0;0;1072815;3822;148;1;1073865;659;1;0;0
FR;4;2021-10-17;70;2;0;0;71;1;0;0;0;1072885;3824;148;1;1073936;660;1;0;0
FR;4;2021-10-18;282;16;1;0;284;13;0;0;0;1073167;3840;149;1;1074220;673;1;0;0
FR;4;2021-10-19;215;15;2;0;215;16;0;0;0;1073382;3855;151;1;1074435;689;1;0;0
FR;4;2021-10-20;232;27;4;0;235;15;0;0;0;1073614;3882;155;1;1074670;704;1;0;0
FR;4;2021-10-21;244;18;0;0;246;14;0;0;0;1073858;3900;155;1;1074916;718;1;0;0
FR;4;2021-10-22;217;25;2;0;219;20;1;0;0;1074075;3925;157;1;1075135;738;2;0;0
FR;4;2021-10-23;117;16;1;0;118;15;0;0;0;1074192;3941;158;1;1075253;753;2;0;0
FR;4;2021-10-24;39;4;0;0;39;1;0;0;0;1074231;3945;158;1;1075292;754;2;0;0
FR;4;2021-10-25;218;7;2;0;218;9;0;0;0;1074449;3952;160;1;1075510;763;2;0;0
FR;4;2021-10-26;200;14;0;0;202;12;0;0;0;1074649;3966;160;1;1075712;775;2;0;0
FR;4;2021-10-27;196;12;4;0;196;12;2;0;0;1074845;3978;164;1;1075908;787;4;0;0
FR;4;2021-10-28;187;18;5;0;187;22;0;0;0;1075032;3996;169;1;1076095;809;4;0;0
FR;4;2021-10-29;227;18;2;0;228;16;0;0;0;1075259;4014;171;1;1076323;825;4;0;0
FR;4;2021-10-30;104;2;1;0;105;2;0;0;0;1075363;4016;172;1;1076428;827;4;0;0
FR;4;2021-10-31;59;3;2;0;60;3;0;0;0;1075422;4019;174;1;1076488;830;4;0;0
FR;4;2021-11-01;76;27;4;0;77;24;3;0;0;1075498;4046;178;1;1076565;854;7;0;0
FR;4;2021-11-02;164;21;2;0;165;21;0;0;0;1075662;4067;180;1;1076730;875;7;0;0
FR;4;2021-11-03;133;21;8;1;134;19;6;0;0;1075795;4088;188;2;1076864;894;13;0;0
FR;4;2021-11-04;187;15;1;0;188;12;1;0;0;1075982;4103;189;2;1077052;906;14;0;0
FR;4;2021-11-05;131;17;1;0;132;16;0;0;0;1076113;4120;190;2;1077184;922;14;0;0
FR;4;2021-11-06;82;6;1;0;82;6;0;0;0;1076195;4126;191;2;1077266;928;14;0;0
FR;4;2021-11-07;83;2;2;0;83;4;0;0;0;1076278;4128;193;2;1077349;932;14;0;0
FR;4;2021-11-08;162;20;1;0;163;20;0;0;0;1076440;4148;194;2;1077512;952;14;0;0
FR;4;2021-11-09;159;14;3;0;159;16;0;0;0;1076599;4162;197;2;1077671;968;14;0;0
FR;4;2021-11-10;121;30;7;0;121;33;2;0;0;1076720;4192;204;2;1077792;1001;16;0;0
FR;4;2021-11-11;100;10;1;0;100;11;0;0;0;1076820;4202;205;2;1077892;1012;16;0;0
FR;4;2021-11-12;107;19;2;0;108;18;1;0;0;1076927;4221;207;2;1078000;1030;17;0;0
FR;4;2021-11-13;75;15;2;0;76;14;0;0;0;1077002;4236;209;2;1078076;1044;17;0;0
FR;4;2021-11-14;55;5;4;0;56;8;0;0;0;1077057;4241;213;2;1078132;1052;17;0;0
FR;4;2021-11-15;99;26;2;0;101;24;2;0;0;1077156;4267;215;2;1078233;1076;19;0;0
FR;4;2021-11-16;112;14;3;0;112;17;0;0;0;1077268;4281;218;2;1078345;1093;19;0;0
FR;4;2021-11-17;122;30;4;0;122;30;1;0;0;1077390;4311;222;2;1078467;1123;20;0;0
FR;4;2021-11-18;103;34;14;0;105;43;1;0;0;1077493;4345;236;2;1078572;1166;21;0;0
FR;4;2021-11-19;89;21;3;0;89;22;1;0;0;1077582;4366;239;2;1078661;1188;22;0;0
FR;4;2021-11-20;78;8;1;0;78;8;0;0;0;1077660;4374;240;2;1078739;1196;22;0;0
FR;4;2021-11-21;70;7;2;0;70;9;0;0;0;1077730;4381;242;2;1078809;1205;22;0;0
FR;4;2021-11-22;109;28;9;0;110;33;2;0;0;1077839;4409;251;2;1078919;1238;24;0;0
FR;4;2021-11-23;78;31;6;0;79;29;2;0;0;1077917;4440;257;2;1078998;1267;26;0;0
FR;4;2021-11-24;91;23;12;0;93;25;4;0;0;1078008;4463;269;2;1079091;1292;30;0;0
FR;4;2021-11-25;96;28;19;0;97;35;5;0;0;1078104;4491;288;2;1079188;1327;35;0;0
FR;4;2021-11-26;86;43;12;0;90;45;3;0;0;1078190;4534;300;2;1079278;1372;38;0;0
FR;4;2021-11-27;42;22;15;0;42;25;10;0;0;1078232;4556;315;2;1079320;1397;48;0;0
FR;4;2021-11-28;53;8;0;0;54;7;0;0;0;1078285;4564;315;2;1079374;1404;48;0;0
FR;4;2021-11-29;90;31;16;0;90;40;2;0;0;1078375;4595;331;2;1079464;1444;50;0;0
FR;4;2021-11-30;77;37;13;0;77;42;2;0;0;1078452;4632;344;2;1079541;1486;52;0;0
FR;4;2021-12-01;88;60;19;0;88;67;11;0;0;1078540;4692;363;2;1079629;1553;63;0;0
FR;4;2021-12-02;114;48;21;0;118;56;3;0;0;1078654;4740;384;2;1079747;1609;66;0;0
FR;4;2021-12-03;105;36;15;0;105;44;4;0;0;1078759;4776;399;2;1079852;1653;70;0;0
FR;4;2021-12-04;73;31;18;0;75;44;1;0;0;1078832;4807;417;2;1079927;1697;71;0;0
FR;4;2021-12-05;64;7;1;0;65;7;0;0;0;1078896;4814;418;2;1079992;1704;71;0;0
FR;4;2021-12-06;112;46;20;0;112;60;3;0;0;1079008;4860;438;2;1080104;1764;74;0;0
FR;4;2021-12-07;85;37;9;0;88;36;3;0;0;1079093;4897;447;2;1080192;1800;77;0;0
FR;4;2021-12-08;74;31;17;0;76;38;7;0;0;1079167;4928;464;2;1080268;1838;84;0;0
FR;4;2021-12-09;65;32;10;1;65;39;3;0;0;1079232;4960;474;3;1080333;1877;87;0;0
FR;4;2021-12-10;64;64;20;0;65;68;10;0;0;1079296;5024;494;3;1080398;1945;97;0;0
FR;4;2021-12-11;30;34;7;0;30;34;3;0;0;1079326;5058;501;3;1080428;1979;100;0;0
FR;4;2021-12-12;30;12;3;0;30;15;0;0;0;1079356;5070;504;3;1080458;1994;100;0;0
FR;4;2021-12-13;79;40;14;0;81;49;2;0;0;1079435;5110;518;3;1080539;2043;102;0;0
FR;4;2021-12-14;61;43;18;0;62;55;2;0;0;1079496;5153;536;3;1080601;2098;104;0;0
FR;4;2021-12-15;68;65;29;0;68;86;6;0;0;1079564;5218;565;3;1080669;2184;110;0;0
FR;4;2021-12-16;35;45;18;0;36;58;3;0;0;1079599;5263;583;3;1080705;2242;113;0;0
FR;4;2021-12-17;39;55;11;0;39;59;6;0;0;1079638;5318;594;3;1080744;2301;119;0;0
FR;4;2021-12-18;49;31;3;0;50;33;0;0;0;1079687;5349;597;3;1080794;2334;119;0;0
FR;4;2021-12-19;17;4;1;0;18;4;0;0;0;1079704;5353;598;3;1080812;2338;119;0;0
FR;4;2021-12-20;45;38;10;0;46;41;6;0;0;1079749;5391;608;3;1080858;2379;125;0;0
FR;4;2021-12-21;32;32;17;0;34;39;5;0;0;1079781;5423;625;3;1080892;2418;130;0;0
FR;4;2021-12-22;37;39;10;0;38;39;7;0;0;1079818;5462;635;3;1080930;2457;137;0;0
FR;4;2021-12-23;41;45;8;0;41;49;2;0;0;1079859;5507;643;3;1080971;2506;139;0;0
FR;4;2021-12-24;25;28;10;0;27;31;4;0;0;1079884;5535;653;3;1080998;2537;143;0;0
FR;4;2021-12-25;7;3;3;0;7;4;2;0;0;1079891;5538;656;3;1081005;2541;145;0;0
FR;4;2021-12-26;5;3;1;0;6;2;0;0;0;1079896;5541;657;3;1081011;2543;145;0;0
FR;4;2021-12-27;31;41;9;0;32;43;4;0;0;1079927;5582;666;3;1081043;2586;149;0;0
FR;4;2021-12-28;28;28;7;0;30;29;4;0;0;1079955;5610;673;3;1081073;2615;153;0;0
FR;4;2021-12-29;56;25;11;0;57;30;5;0;0;1080011;5635;684;3;1081130;2645;158;0;0
FR;4;2021-12-30;48;19;12;0;51;22;5;0;0;1080059;5654;696;3;1081181;2667;163;0;0
FR;4;2021-12-31;20;7;8;0;21;12;2;0;0;1080079;5661;704;3;1081202;2679;165;0;0
FR;4;2022-01-01;7;4;5;0;7;7;1;0;0;1080086;5665;709;3;1081209;2686;166;0;0
FR;4;2022-01-02;43;5;16;0;43;20;1;0;0;1080129;5670;725;3;1081252;2706;167;0;0
FR;4;2022-01-03;45;55;25;1;47;65;10;0;0;1080174;5725;750;4;1081299;2771;177;0;0
FR;4;2022-01-04;44;28;16;0;45;33;8;0;0;1080218;5753;766;4;1081344;2804;185;0;0
FR;4;2022-01-05;52;24;19;0;58;27;9;0;0;1080270;5777;785;4;1081402;2831;194;0;0
FR;4;2022-01-06;52;24;24;0;52;40;8;0;0;1080322;5801;809;4;1081454;2871;202;0;0
FR;4;2022-01-07;31;20;16;0;33;21;12;0;0;1080353;5821;825;4;1081487;2892;214;0;0
FR;4;2022-01-08;13;6;10;0;14;12;3;0;0;1080366;5827;835;4;1081501;2904;217;0;0
FR;4;2022-01-09;20;2;3;0;21;4;0;0;0;1080386;5829;838;4;1081522;2908;217;0;0
FR;4;2022-01-10;53;22;19;0;53;36;4;0;0;1080439;5851;857;4;1081575;2944;221;0;0
FR;4;2022-01-11;30;31;12;0;34;35;1;0;0;1080469;5882;869;4;1081609;2979;222;0;0
FR;4;2022-01-12;35;21;13;0;37;23;9;0;0;1080504;5903;882;4;1081646;3002;231;0;0
FR;4;2022-01-13;55;20;27;0;56;38;8;0;0;1080559;5923;909;4;1081702;3040;239;0;0
FR;4;2022-01-14;25;32;13;0;26;35;7;0;0;1080584;5955;922;4;1081728;3075;246;0;0
FR;4;2022-01-15;15;6;8;0;16;12;1;0;0;1080599;5961;930;4;1081744;3087;247;0;0
FR;4;2022-01-16;13;9;14;0;13;22;1;0;0;1080612;5970;944;4;1081757;3109;248;0;0
FR;4;2022-01-17;27;20;15;0;27;29;5;0;0;1080639;5990;959;4;1081784;3138;253;0;0
FR;4;2022-01-18;17;14;10;0;17;21;3;0;0;1080656;6004;969;4;1081801;3159;256;0;0
FR;4;2022-01-19;33;23;13;0;33;34;1;0;0;1080689;6027;982;4;1081834;3193;257;0;0
FR;4;2022-01-20;34;34;13;0;36;39;5;0;0;1080723;6061;995;4;1081870;3232;262;0;0
FR;4;2022-01-21;13;12;20;1;13;17;15;0;1;1080736;6073;1015;5;1081883;3249;277;0;1
FR;4;2022-01-22;30;13;3;0;30;14;2;0;0;1080766;6086;1018;5;1081913;3263;279;0;1
FR;4;2022-01-23;8;2;7;0;8;9;0;0;0;1080774;6088;1025;5;1081921;3272;279;0;1
FR;4;2022-01-24;14;21;9;0;15;28;1;0;0;1080788;6109;1034;5;1081936;3300;280;0;1
FR;4;2022-01-25;22;32;10;1;23;38;3;0;0;1080810;6141;1044;6;1081959;3338;283;0;1
FR;4;2022-01-26;20;17;9;1;21;21;4;0;0;1080830;6158;1053;7;1081980;3359;287;0;1
FR;4;2022-01-27;22;19;8;0;23;25;1;0;0;1080852;6177;1061;7;1082003;3384;288;0;1
FR;4;2022-01-28;14;23;8;0;15;26;4;0;0;1080866;6200;1069;7;1082018;3410;292;0;1
FR;4;2022-01-29;17;6;5;0;17;10;0;0;0;1080883;6206;1074;7;1082035;3420;292;0;1
FR;4;2022-01-30;19;3;2;0;19;5;0;0;0;1080902;6209;1076;7;1082054;3425;292;0;1
FR;4;2022-01-31;22;28;8;0;22;32;2;0;0;1080924;6237;1084;7;1082076;3457;294;0;1
FR;4;2022-02-01;13;24;13;0;15;25;9;0;0;1080937;6261;1097;7;1082091;3482;303;0;1
FR;4;2022-02-02;19;12;14;2;20;20;7;0;0;1080956;6273;1111;9;1082111;3502;310;0;1
FR;4;2022-02-03;16;24;11;0;18;29;4;0;0;1080972;6297;1122;9;1082129;3531;314;0;1
FR;4;2022-02-04;7;5;7;0;7;9;3;0;0;1080979;6302;1129;9;1082136;3540;317;0;1
FR;4;2022-02-05;7;14;1;0;8;13;1;0;0;1080986;6316;1130;9;1082144;3553;318;0;1
FR;4;2022-02-06;8;4;4;0;8;7;1;0;0;1080994;6320;1134;9;1082152;3560;319;0;1
FR;4;2022-02-07;15;20;8;0;17;20;6;0;0;1081009;6340;1142;9;1082169;3580;325;0;1
FR;4;2022-02-08;20;21;13;1;22;22;10;0;0;1081029;6361;1155;10;1082191;3602;335;0;1
FR;4;2022-02-09;18;12;9;0;19;17;2;0;0;1081047;6373;1164;10;1082210;3619;337;0;1
FR;4;2022-02-10;23;23;10;0;24;25;7;0;0;1081070;6396;1174;10;1082234;3644;344;0;1
FR;4;2022-02-11;18;15;8;0;18;20;3;0;0;1081088;6411;1182;10;1082252;3664;347;0;1
FR;4;2022-02-12;24;6;3;0;26;7;0;0;0;1081112;6417;1185;10;1082278;3671;347;0;1
FR;4;2022-02-13;7;3;3;0;7;6;0;0;0;1081119;6420;1188;10;1082285;3677;347;0;1
FR;4;2022-02-14;22;10;10;0;22;16;4;0;0;1081141;6430;1198;10;1082307;3693;351;0;1
FR;4;2022-02-15;18;7;2;0;18;8;0;0;0;1081159;6437;1200;10;1082325;3701;351;0;1
FR;4;2022-02-16;17;11;11;0;17;18;3;0;0;1081176;6448;1211;10;1082342;3719;354;0;1
FR;4;2022-02-17;11;4;5;0;11;7;2;0;0;1081187;6452;1216;10;1082353;3726;356;0;1
FR;4;2022-02-18;16;15;8;0;16;21;2;0;0;1081203;6467;1224;10;1082369;3747;358;0;1
FR;4;2022-02-19;16;4;2;0;17;5;0;0;0;1081219;6471;1226;10;1082386;3752;358;0;1
FR;4;2022-02-20;9;4;0;0;10;3;0;0;0;1081228;6475;1226;10;1082396;3755;358;0;1
FR;4;2022-02-21;24;5;4;0;24;7;2;0;0;1081252;6480;1230;10;1082420;3762;360;0;1
FR;4;2022-02-22;9;5;10;0;10;10;4;0;0;1081261;6485;1240;10;1082430;3772;364;0;1
FR;4;2022-02-23;17;6;10;0;17;10;5;0;0;1081278;6491;1250;10;1082447;3782;369;0;1
FR;4;2022-02-24;11;5;4;0;11;7;2;0;0;1081289;6496;1254;10;1082458;3789;371;0;1
FR;4;2022-02-25;17;5;7;0;17;6;6;0;0;1081306;6501;1261;10;1082475;3795;377;0;1
FR;4;2022-02-26;27;3;1;0;27;4;0;0;0;1081333;6504;1262;10;1082502;3799;377;0;1
FR;4;2022-02-27;9;0;1;0;9;1;0;0;0;1081342;6504;1263;10;1082511;3800;377;0;1
FR;4;2022-02-28;18;3;2;0;19;3;1;0;0;1081360;6507;1265;10;1082530;3803;378;0;1
FR;4;2022-03-01;8;4;7;0;8;5;5;0;0;1081368;6511;1272;10;1082538;3808;383;0;1
FR;4;2022-03-02;16;3;6;0;17;7;1;0;0;1081384;6514;1278;10;1082555;3815;384;0;1
FR;4;2022-03-03;19;5;3;0;19;6;1;0;0;1081403;6519;1281;10;1082574;3821;385;0;1
FR;4;2022-03-04;7;8;2;1;7;6;3;0;0;1081410;6527;1283;11;1082581;3827;388;0;1
FR;4;2022-03-05;9;2;0;0;9;2;0;0;0;1081419;6529;1283;11;1082590;3829;388;0;1
FR;4;2022-03-06;4;0;1;0;4;1;0;0;0;1081423;6529;1284;11;1082594;3830;388;0;1
FR;4;2022-03-07;11;6;2;0;11;5;2;0;0;1081434;6535;1286;11;1082605;3835;390;0;1
FR;4;2022-03-08;15;3;0;0;15;3;0;0;0;1081449;6538;1286;11;1082620;3838;390;0;1
FR;4;2022-03-09;9;7;2;0;11;7;0;0;0;1081458;6545;1288;11;1082631;3845;390;0;1
FR;4;2022-03-10;6;1;6;0;6;3;4;0;0;1081464;6546;1294;11;1082637;3848;394;0;1
FR;4;2022-03-11;10;4;5;0;12;2;5;0;0;1081474;6550;1299;11;1082649;3850;399;0;1
FR;4;2022-03-12;10;2;0;0;11;0;0;0;0;1081484;6552;1299;11;1082660;3850;399;0;1
FR;4;2022-03-13;6;2;1;0;7;2;0;0;0;1081490;6554;1300;11;1082667;3852;399;0;1
FR;4;2022-03-14;4;3;1;0;5;3;0;0;0;1081494;6557;1301;11;1082672;3855;399;0;1
FR;4;2022-03-15;8;8;3;0;10;7;2;0;0;1081502;6565;1304;11;1082682;3862;401;0;1
FR;4;2022-03-16;7;3;4;0;7;4;3;0;0;1081509;6568;1308;11;1082689;3866;404;0;1
FR;4;2022-03-17;4;4;1;0;4;5;0;0;0;1081513;6572;1309;11;1082693;3871;404;0;1
FR;4;2022-03-18;9;3;0;0;9;3;0;0;0;1081522;6575;1309;11;1082702;3874;404;0;1
FR;4;2022-03-19;1;1;1;0;1;2;0;0;0;1081523;6576;1310;11;1082703;3876;404;0;1
FR;4;2022-03-20;3;1;2;0;3;2;1;0;0;1081526;6577;1312;11;1082706;3878;405;0;1
FR;4;2022-03-21;6;4;1;0;6;5;0;0;0;1081532;6581;1313;11;1082712;3883;405;0;1
FR;4;2022-03-22;4;2;2;0;4;3;1;0;0;1081536;6583;1315;11;1082716;3886;406;0;1
FR;4;2022-03-23;6;4;5;0;6;8;1;0;0;1081542;6587;1320;11;1082722;3894;407;0;1
FR;4;2022-03-24;2;5;3;1;2;7;2;0;0;1081544;6592;1323;12;1082724;3901;409;0;1
FR;4;2022-03-25;4;1;2;0;4;1;2;0;0;1081548;6593;1325;12;1082728;3902;411;0;1
FR;4;2022-03-26;5;5;0;0;5;5;0;0;0;1081553;6598;1325;12;1082733;3907;411;0;1
FR;4;2022-03-27;1;0;3;0;1;2;1;0;0;1081554;6598;1328;12;1082734;3909;412;0;1
FR;4;2022-03-28;6;1;3;0;7;3;0;0;0;1081560;6599;1331;12;1082741;3912;412;0;1
FR;4;2022-03-29;9;0;4;1;9;0;2;0;0;1081569;6599;1335;13;1082750;3912;414;0;1
FR;4;2022-03-30;3;4;0;0;3;4;0;0;0;1081572;6603;1335;13;1082753;3916;414;0;1
FR;4;2022-03-31;5;3;2;1;5;4;1;0;0;1081577;6606;1337;14;1082758;3920;415;0;1
FR;4;2022-04-01;15;3;5;0;15;6;2;0;0;1081592;6609;1342;14;1082773;3926;417;0;1
FR;4;2022-04-02;4;4;0;0;5;3;0;0;0;1081596;6613;1342;14;1082778;3929;417;0;1
FR;4;2022-04-03;0;1;0;0;0;1;0;0;0;1081596;6614;1342;14;1082778;3930;417;0;1
FR;4;2022-04-04;4;4;4;0;5;5;2;0;0;1081600;6618;1346;14;1082783;3935;419;0;1
FR;4;2022-04-05;4;3;3;1;5;3;3;0;0;1081604;6621;1349;15;1082788;3938;422;0;1
FR;4;2022-04-06;6;1;0;0;6;1;0;0;0;1081610;6622;1349;15;1082794;3939;422;0;1
FR;4;2022-04-07;3;2;3;2;3;5;0;0;0;1081613;6624;1352;17;1082797;3944;422;0;1
FR;4;2022-04-08;4;2;1;0;4;2;1;0;0;1081617;6626;1353;17;1082801;3946;423;0;1
FR;4;2022-04-09;0;0;1;1;0;1;1;0;0;1081617;6626;1354;18;1082801;3947;424;0;1
FR;4;2022-04-10;2;2;0;0;2;2;0;0;0;1081619;6628;1354;18;1082803;3949;424;0;1
FR;4;2022-04-11;4;3;4;0;4;5;2;0;0;1081623;6631;1358;18;1082807;3954;426;0;1
FR;4;2022-04-12;6;1;4;0;6;2;3;0;0;1081629;6632;1362;18;1082813;3956;429;0;1
FR;4;2022-04-13;5;8;2;1;5;10;1;0;0;1081634;6640;1364;19;1082818;3966;430;0;1
FR;4;2022-04-14;6;4;2;1;7;5;1;0;0;1081640;6644;1366;20;1082825;3971;431;0;1
FR;4;2022-04-15;7;9;1;0;7;10;0;0;0;1081647;6653;1367;20;1082832;3981;431;0;1
FR;4;2022-04-16;1;0;0;0;1;0;0;0;0;1081648;6653;1367;20;1082833;3981;431;0;1
FR;4;2022-04-17;3;2;1;0;3;3;0;0;0;1081651;6655;1368;20;1082836;3984;431;0;1
FR;4;2022-04-18;2;2;6;0;2;4;4;0;0;1081653;6657;1374;20;1082838;3988;435;0;1
FR;4;2022-04-19;3;1;1;0;3;1;1;0;0;1081656;6658;1375;20;1082841;3989;436;0;1
FR;4;2022-04-20;15;4;1;1;16;3;1;0;0;1081671;6662;1376;21;1082857;3992;437;0;1
FR;4;2022-04-21;7;1;0;0;7;1;0;0;0;1081678;6663;1376;21;1082864;3993;437;0;1
FR;4;2022-04-22;1;1;2;0;1;2;1;0;0;1081679;6664;1378;21;1082865;3995;438;0;1
FR;4;2022-04-23;2;3;3;0;2;6;0;0;0;1081681;6667;1381;21;1082867;4001;438;0;1
FR;4;2022-04-24;0;3;0;0;0;3;0;0;0;1081681;6670;1381;21;1082867;4004;438;0;1
FR;4;2022-04-25;3;5;3;0;3;8;0;0;0;1081684;6675;1384;21;1082870;4012;438;0;1
FR;4;2022-04-26;5;6;1;0;5;6;1;0;0;1081689;6681;1385;21;1082875;4018;439;0;1
FR;4;2022-04-27;4;1;1;2;5;1;2;0;0;1081693;6682;1386;23;1082880;4019;441;0;1
FR;4;2022-04-28;3;5;5;1;3;7;4;0;0;1081696;6687;1391;24;1082883;4026;445;0;1
FR;4;2022-04-29;6;3;0;0;6;2;0;0;0;1081702;6690;1391;24;1082889;4028;445;0;1
FR;4;2022-04-30;2;1;1;0;2;2;0;0;0;1081704;6691;1392;24;1082891;4030;445;0;1
FR;4;2022-05-01;0;0;0;0;0;0;0;0;0;1081704;6691;1392;24;1082891;4030;445;0;1
FR;4;2022-05-02;5;16;6;0;5;19;3;0;0;1081709;6707;1398;24;1082896;4049;448;0;1
FR;4;2022-05-03;2;6;2;0;2;7;1;0;0;1081711;6713;1400;24;1082898;4056;449;0;1
FR;4;2022-05-04;7;4;1;0;7;4;1;0;0;1081718;6717;1401;24;1082905;4060;450;0;1
FR;4;2022-05-05;5;2;1;1;6;1;2;0;0;1081723;6719;1402;25;1082911;4061;452;0;1
FR;4;2022-05-06;5;3;1;0;6;2;1;0;0;1081728;6722;1403;25;1082917;4063;453;0;1
FR;4;2022-05-07;0;1;0;0;0;1;0;0;0;1081728;6723;1403;25;1082917;4064;453;0;1
FR;4;2022-05-08;1;1;0;0;1;1;0;0;0;1081729;6724;1403;25;1082918;4065;453;0;1
FR;4;2022-05-09;5;1;0;1;5;1;1;0;0;1081734;6725;1403;26;1082923;4066;454;0;1
FR;4;2022-05-10;3;1;0;2;3;3;0;0;0;1081737;6726;1403;28;1082926;4069;454;0;1
FR;4;2022-05-11;4;2;4;0;4;5;1;0;0;1081741;6728;1407;28;1082930;4074;455;0;1
FR;4;2022-05-12;7;4;2;1;7;5;1;0;1;1081748;6732;1409;29;1082937;4079;456;0;2
FR;4;2022-05-13;1;0;2;0;1;2;0;0;0;1081749;6732;1411;29;1082938;4081;456;0;2
FR;4;2022-05-14;0;2;0;0;0;2;0;0;0;1081749;6734;1411;29;1082938;4083;456;0;2
FR;4;2022-05-15;2;2;0;0;4;0;0;0;0;1081751;6736;1411;29;1082942;4083;456;0;2
FR;4;2022-05-16;5;2;2;0;5;2;2;0;0;1081756;6738;1413;29;1082947;4085;458;0;2
FR;4;2022-05-17;5;1;2;0;5;3;0;0;0;1081761;6739;1415;29;1082952;4088;458;0;2
FR;4;2022-05-18;3;6;0;0;3;6;0;0;0;1081764;6745;1415;29;1082955;4094;458;0;2
FR;4;2022-05-19;2;3;3;0;2;5;1;0;0;1081766;6748;1418;29;1082957;4099;459;0;2
FR;4;2022-05-20;5;2;3;0;5;2;3;0;0;1081771;6750;1421;29;1082962;4101;462;0;2
FR;4;2022-05-21;2;0;1;0;2;1;0;0;0;1081773;6750;1422;29;1082964;4102;462;0;2
FR;4;2022-05-22;0;0;1;0;0;1;0;0;0;1081773;6750;1423;29;1082964;4103;462;0;2
FR;4;2022-05-23;0;0;2;0;0;0;2;0;0;1081773;6750;1425;29;1082964;4103;464;0;2
FR;4;2022-05-24;2;4;1;0;2;5;0;0;0;1081775;6754;1426;29;1082966;4108;464;0;2
FR;4;2022-05-25;1;4;1;0;3;3;0;0;0;1081776;6758;1427;29;1082969;4111;464;0;2
FR;4;2022-05-26;5;0;1;0;5;1;0;0;0;1081781;6758;1428;29;1082974;4112;464;0;2
FR;4;2022-05-27;0;2;1;1;0;3;1;0;0;1081781;6760;1429;30;1082974;4115;465;0;2
FR;4;2022-05-28;1;0;0;0;1;0;0;0;0;1081782;6760;1429;30;1082975;4115;465;0;2
FR;4;2022-05-29;1;0;1;0;1;1;0;0;0;1081783;6760;1430;30;1082976;4116;465;0;2
FR;4;2022-05-30;3;4;2;0;3;5;1;0;0;1081786;6764;1432;30;1082979;4121;466;0;2
FR;4;2022-05-31;2;1;0;0;2;1;0;0;0;1081788;6765;1432;30;1082981;4122;466;0;2
FR;4;2022-06-01;3;11;7;0;3;15;3;0;0;1081791;6776;1439;30;1082984;4137;469;0;2
FR;4;2022-06-02;6;7;3;0;6;7;2;0;0;1081797;6783;1442;30;1082990;4144;471;0;2
FR;4;2022-06-03;2;6;4;1;2;7;4;0;0;1081799;6789;1446;31;1082992;4151;475;0;2
FR;4;2022-06-04;0;1;1;1;0;1;2;0;0;1081799;6790;1447;32;1082992;4152;477;0;2
FR;4;2022-06-05;1;0;0;0;1;0;0;0;0;1081800;6790;1447;32;1082993;4152;477;0;2
FR;4;2022-06-06;8;0;3;0;8;2;1;0;0;1081808;6790;1450;32;1083001;4154;478;0;2
FR;4;2022-06-07;7;2;0;1;7;2;1;0;0;1081815;6792;1450;33;1083008;4156;479;0;2
FR;4;2022-06-08;0;5;3;0;1;7;0;0;0;1081815;6797;1453;33;1083009;4163;479;0;2
FR;4;2022-06-09;1;2;0;0;2;1;0;0;0;1081816;6799;1453;33;1083011;4164;479;0;2
FR;4;2022-06-10;4;0;3;0;4;1;2;0;0;1081820;6799;1456;33;1083015;4165;481;0;2
FR;4;2022-06-11;1;0;0;0;1;0;0;0;0;1081821;6799;1456;33;1083016;4165;481;0;2
FR;4;2022-06-12;4;1;1;0;4;2;0;0;0;1081825;6800;1457;33;1083020;4167;481;0;2
FR;4;2022-06-13;6;2;3;0;7;2;1;0;0;1081831;6802;1460;33;1083027;4169;482;0;2
FR;4;2022-06-14;4;3;0;0;5;2;0;0;0;1081835;6805;1460;33;1083032;4171;482;0;2
FR;4;2022-06-15;10;3;4;0;10;3;4;0;0;1081845;6808;1464;33;1083042;4174;486;0;2
FR;4;2022-06-16;2;3;1;1;3;2;1;0;1;1081847;6811;1465;34;1083045;4176;487;0;3
FR;4;2022-06-17;6;1;0;0;6;1;0;0;0;1081853;6812;1465;34;1083051;4177;487;0;3
FR;4;2022-06-18;0;0;0;0;0;0;0;0;0;1081853;6812;1465;34;1083051;4177;487;0;3
FR;4;2022-06-19;3;0;0;0;3;0;0;0;0;1081856;6812;1465;34;1083054;4177;487;0;3
FR;4;2022-06-20;6;2;2;1;6;3;2;0;0;1081862;6814;1467;35;1083060;4180;489;0;3
FR;4;2022-06-21;5;2;4;1;6;4;2;0;0;1081867;6816;1471;36;1083066;4184;491;0;3
FR;4;2022-06-22;3;2;1;3;4;2;1;0;0;1081870;6818;1472;39;1083070;4186;492;0;3
FR;4;2022-06-23;3;3;3;0;3;5;1;0;0;1081873;6821;1475;39;1083073;4191;493;0;3
FR;4;2022-06-24;3;0;2;0;3;0;2;0;0;1081876;6821;1477;39;1083076;4191;495;0;3
FR;4;2022-06-25;3;0;1;1;3;1;1;0;0;1081879;6821;1478;40;1083079;4192;496;0;3
FR;4;2022-06-26;0;0;2;0;0;2;0;0;0;1081879;6821;1480;40;1083079;4194;496;0;3
FR;4;2022-06-27;2;2;1;3;2;3;3;0;0;1081881;6823;1481;43;1083081;4197;499;0;3
FR;4;2022-06-28;0;4;2;1;0;5;2;0;0;1081881;6827;1483;44;1083081;4202;501;0;3
FR;4;2022-06-29;1;2;0;0;1;2;0;0;0;1081882;6829;1483;44;1083082;4204;501;0;3
FR;4;2022-06-30;2;0;0;0;2;0;0;0;0;1081884;6829;1483;44;1083084;4204;501;0;3
FR;4;2022-07-01;3;4;8;0;3;4;8;0;0;1081887;6833;1491;44;1083087;4208;509;0;3
FR;4;2022-07-02;0;1;0;0;1;0;0;0;0;1081887;6834;1491;44;1083088;4208;509;0;3
FR;4;2022-07-03;0;0;0;0;0;0;0;0;0;1081887;6834;1491;44;1083088;4208;509;0;3
FR;4;2022-07-04;4;1;0;0;4;1;0;0;0;1081891;6835;1491;44;1083092;4209;509;0;3
FR;4;2022-07-05;4;1;3;0;4;3;1;0;0;1081895;6836;1494;44;1083096;4212;510;0;3
FR;4;2022-07-06;5;0;1;1;5;0;1;0;1;1081900;6836;1495;45;1083101;4212;511;0;4
FR;4;2022-07-07;2;1;2;1;2;1;3;0;0;1081902;6837;1497;46;1083103;4213;514;0;4
FR;4;2022-07-08;4;1;0;0;4;1;0;0;0;1081906;6838;1497;46;1083107;4214;514;0;4
FR;4;2022-07-09;2;2;1;0;2;3;0;0;0;1081908;6840;1498;46;1083109;4217;514;0;4
FR;4;2022-07-10;2;0;1;0;2;0;0;0;0;1081910;6840;1499;46;1083111;4217;514;0;4
FR;4;2022-07-11;3;0;2;0;3;0;1;0;0;1081913;6840;1501;46;1083114;4217;515;0;4
FR;4;2022-07-12;0;0;2;0;0;2;0;0;0;1081913;6840;1503;46;1083114;4219;515;0;4
FR;4;2022-07-13;3;2;3;1;3;2;4;0;0;1081916;6842;1506;47;1083117;4221;519;0;4
FR;4;2022-07-14;6;0;1;0;6;0;1;0;0;1081922;6842;1507;47;1083123;4221;520;0;4
FR;4;2022-07-15;11;2;0;0;11;2;0;0;0;1081933;6844;1507;47;1083134;4223;520;0;4
FR;4;2022-07-16;5;0;0;2;5;0;2;0;0;1081938;6844;1507;49;1083139;4223;522;0;4
FR;4;2022-07-17;1;0;1;1;1;0;2;0;0;1081939;6844;1508;50;1083140;4223;524;0;4
FR;4;2022-07-18;3;3;2;0;3;3;2;0;0;1081942;6847;1510;50;1083143;4226;526;0;4
FR;4;2022-07-19;5;0;1;0;5;1;0;0;0;1081947;6847;1511;50;1083148;4227;526;0;4
FR;4;2022-07-20;12;2;1;0;13;2;0;0;0;1081959;6849;1512;50;1083161;4229;526;0;4
FR;4;2022-07-21;2;3;1;0;2;3;1;0;0;1081961;6852;1513;50;1083163;4232;527;0;4
FR;4;2022-07-22;5;1;3;0;5;2;2;0;0;1081966;6853;1516;50;1083168;4234;529;0;4
FR;4;2022-07-23;1;2;0;0;1;1;0;0;0;1081967;6855;1516;50;1083169;4235;529;0;4
FR;4;2022-07-24;1;0;0;0;1;0;0;0;0;1081968;6855;1516;50;1083170;4235;529;0;4
FR;4;2022-07-25;7;0;2;1;7;2;1;0;0;1081975;6855;1518;51;1083177;4237;530;0;4
FR;4;2022-07-26;3;0;0;0;3;0;0;0;0;1081978;6855;1518;51;1083180;4237;530;0;4
FR;4;2022-07-27;3;1;0;0;3;0;0;0;0;1081981;6856;1518;51;1083183;4237;530;0;4
FR;4;2022-07-28;13;0;0;0;13;0;0;0;0;1081994;6856;1518;51;1083196;4237;530;0;4
FR;4;2022-07-29;3;0;2;0;3;1;1;0;0;1081997;6856;1520;51;1083199;4238;531;0;4
FR;4;2022-07-30;5;0;2;0;5;0;2;0;0;1082002;6856;1522;51;1083204;4238;533;0;4
FR;4;2022-07-31;0;0;0;0;0;0;0;0;0;1082002;6856;1522;51;1083204;4238;533;0;4
FR;4;2022-08-01;4;0;3;0;4;2;1;0;0;1082006;6856;1525;51;1083208;4240;534;0;4
FR;4;2022-08-02;7;0;0;0;7;0;0;0;0;1082013;6856;1525;51;1083215;4240;534;0;4
FR;4;2022-08-03;2;2;1;0;2;2;1;0;0;1082015;6858;1526;51;1083217;4242;535;0;4
FR;4;2022-08-04;5;2;0;1;5;2;1;0;0;1082020;6860;1526;52;1083222;4244;536;0;4
FR;4;2022-08-05;3;1;1;0;3;1;1;0;0;1082023;6861;1527;52;1083225;4245;537;0;4
FR;4;2022-08-06;2;0;0;0;2;0;0;0;0;1082025;6861;1527;52;1083227;4245;537;0;4
FR;4;2022-08-07;5;0;0;0;5;0;0;0;0;1082030;6861;1527;52;1083232;4245;537;0;4
FR;4;2022-08-08;2;0;1;1;2;1;1;0;0;1082032;6861;1528;53;1083234;4246;538;0;4
FR;4;2022-08-09;1;1;2;2;1;2;3;0;0;1082033;6862;1530;55;1083235;4248;541;0;4
FR;4;2022-08-10;6;1;1;0;7;1;0;0;0;1082039;6863;1531;55;1083242;4249;541;0;4
FR;4;2022-08-11;2;0;1;0;2;1;0;0;0;1082041;6863;1532;55;1083244;4250;541;0;4
FR;4;2022-08-12;4;0;1;0;4;0;1;0;0;1082045;6863;1533;55;1083248;4250;542;0;4
FR;4;2022-08-13;1;0;0;0;1;0;0;0;0;1082046;6863;1533;55;1083249;4250;542;0;4
FR;4;2022-08-14;1;0;0;0;1;0;0;0;0;1082047;6863;1533;55;1083250;4250;542;0;4
FR;4;2022-08-15;1;2;3;0;1;2;3;0;0;1082048;6865;1536;55;1083251;4252;545;0;4
FR;4;2022-08-16;0;0;1;0;0;1;0;0;0;1082048;6865;1537;55;1083251;4253;545;0;4
FR;4;2022-08-17;3;0;0;0;3;0;0;0;0;1082051;6865;1537;55;1083254;4253;545;0;4
FR;4;2022-08-18;6;0;0;0;6;0;0;0;0;1082057;6865;1537;55;1083260;4253;545;0;4
FR;4;2022-08-19;5;0;0;0;5;0;0;0;0;1082062;6865;1537;55;1083265;4253;545;0;4
FR;4;2022-08-20;3;1;0;0;4;0;0;0;0;1082065;6866;1537;55;1083269;4253;545;0;4
FR;4;2022-08-21;1;0;0;0;1;0;0;0;0;1082066;6866;1537;55;1083270;4253;545;0;4
FR;4;2022-08-22;3;9;0;0;3;9;0;0;0;1082069;6875;1537;55;1083273;4262;545;0;4
FR;4;2022-08-23;3;3;3;0;3;4;2;0;0;1082072;6878;1540;55;1083276;4266;547;0;4
FR;4;2022-08-24;6;0;0;1;6;0;1;0;0;1082078;6878;1540;56;1083282;4266;548;0;4
FR;4;2022-08-25;1;3;2;0;1;4;1;0;0;1082079;6881;1542;56;1083283;4270;549;0;4
FR;4;2022-08-26;6;0;0;1;6;0;1;0;0;1082085;6881;1542;57;1083289;4270;550;0;4
FR;4;2022-08-27;1;0;0;0;1;0;0;0;0;1082086;6881;1542;57;1083290;4270;550;0;4
FR;4;2022-08-28;0;1;0;0;0;0;0;0;0;1082086;6882;1542;57;1083290;4270;550;0;4
FR;4;2022-08-29;8;0;0;0;8;0;0;0;0;1082094;6882;1542;57;1083298;4270;550;0;4
FR;4;2022-08-30;5;1;0;0;5;1;0;0;0;1082099;6883;1542;57;1083303;4271;550;0;4
FR;4;2022-08-31;3;1;0;0;3;1;0;0;0;1082102;6884;1542;57;1083306;4272;550;0;4
FR;4;2022-09-01;4;8;2;0;5;7;2;0;0;1082106;6892;1544;57;1083311;4279;552;0;4
FR;4;2022-09-02;2;2;1;0;3;2;0;0;0;1082108;6894;1545;57;1083314;4281;552;0;4
FR;4;2022-09-03;3;0;0;0;3;0;0;0;0;1082111;6894;1545;57;1083317;4281;552;0;4
FR;4;2022-09-04;1;0;0;0;1;0;0;0;0;1082112;6894;1545;57;1083318;4281;552;0;4
FR;4;2022-09-05;4;2;0;0;4;2;0;0;0;1082116;6896;1545;57;1083322;4283;552;0;4
FR;4;2022-09-06;1;0;0;0;1;0;0;0;0;1082117;6896;1545;57;1083323;4283;552;0;4
FR;4;2022-09-07;2;0;1;1;2;1;1;0;0;1082119;6896;1546;58;1083325;4284;553;0;4
FR;4;2022-09-08;3;0;0;0;3;0;0;0;0;1082122;6896;1546;58;1083328;4284;553;0;4
FR;4;2022-09-09;2;2;0;0;2;2;0;0;0;1082124;6898;1546;58;1083330;4286;553;0;4
FR;4;2022-09-10;0;1;0;3;0;2;2;0;0;1082124;6899;1546;61;1083330;4288;555;0;4
FR;4;2022-09-11;2;0;0;0;2;0;0;0;0;1082126;6899;1546;61;1083332;4288;555;0;4
FR;4;2022-09-12;1;1;1;0;1;1;1;0;0;1082127;6900;1547;61;1083333;4289;556;0;4
FR;4;2022-09-13;1;0;0;0;1;0;0;0;0;1082128;6900;1547;61;1083334;4289;556;0;4
FR;4;2022-09-14;4;0;0;0;4;0;0;0;0;1082132;6900;1547;61;1083338;4289;556;0;4
FR;4;2022-09-15;4;0;0;0;4;0;0;0;0;1082136;6900;1547;61;1083342;4289;556;0;4
FR;4;2022-09-16;1;0;0;0;1;0;0;0;0;1082137;6900;1547;61;1083343;4289;556;0;4
FR;4;2022-09-17;2;0;0;0;2;0;0;0;0;1082139;6900;1547;61;1083345;4289;556;0;4
FR;4;2022-09-18;0;1;0;0;0;1;0;0;0;1082139;6901;1547;61;1083345;4290;556;0;4
FR;4;2022-09-19;4;0;2;0;4;2;0;0;0;1082143;6901;1549;61;1083349;4292;556;0;4
FR;4;2022-09-20;4;0;0;0;4;0;0;0;0;1082147;6901;1549;61;1083353;4292;556;0;4
FR;4;2022-09-21;2;1;0;0;2;1;0;0;0;1082149;6902;1549;61;1083355;4293;556;0;4
FR;4;2022-09-22;2;1;0;0;2;1;0;0;0;1082151;6903;1549;61;1083357;4294;556;0;4
FR;4;2022-09-23;2;3;0;0;3;2;0;0;0;1082153;6906;1549;61;1083360;4296;556;0;4
FR;4;2022-09-24;1;0;0;0;1;0;0;0;0;1082154;6906;1549;61;1083361;4296;556;0;4
FR;4;2022-09-25;0;0;0;0;0;0;0;0;0;1082154;6906;1549;61;1083361;4296;556;0;4
FR;4;2022-09-26;2;0;1;0;2;0;1;0;0;1082156;6906;1550;61;1083363;4296;557;0;4
FR;4;2022-09-27;1;0;1;1;1;0;2;0;0;1082157;6906;1551;62;1083364;4296;559;0;4
FR;4;2022-09-28;3;0;2;0;3;2;0;0;0;1082160;6906;1553;62;1083367;4298;559;0;4
FR;4;2022-09-29;5;0;1;1;5;1;1;0;0;1082165;6906;1554;63;1083372;4299;560;0;4
FR;4;2022-09-30;1;1;0;0;1;1;0;0;0;1082166;6907;1554;63;1083373;4300;560;0;4
FR;4;2022-10-01;1;1;0;0;2;0;0;0;0;1082167;6908;1554;63;1083375;4300;560;0;4
FR;4;2022-10-02;0;1;0;0;0;1;0;0;0;1082167;6909;1554;63;1083375;4301;560;0;4
FR;4;2022-10-03;2;3;1;1;3;3;1;0;0;1082169;6912;1555;64;1083378;4304;561;0;4
FR;4;2022-10-04;3;0;0;0;3;0;0;0;0;1082172;6912;1555;64;1083381;4304;561;0;4
FR;4;2022-10-05;0;1;0;0;0;1;0;0;0;1082172;6913;1555;64;1083381;4305;561;0;4
FR;4;2022-10-06;2;0;0;0;2;0;0;0;0;1082174;6913;1555;64;1083383;4305;561;0;4
FR;4;2022-10-07;3;1;1;0;3;1;1;0;0;1082177;6914;1556;64;1083386;4306;562;0;4
FR;4;2022-10-08;4;1;0;0;4;0;0;0;0;1082181;6915;1556;64;1083390;4306;562;0;4
FR;4;2022-10-09;0;0;0;0;0;0;0;0;0;1082181;6915;1556;64;1083390;4306;562;0;4
FR;4;2022-10-10;5;0;2;3;5;2;1;0;2;1082186;6915;1558;67;1083395;4308;563;0;6
FR;4;2022-10-11;2;2;0;0;2;1;0;0;0;1082188;6917;1558;67;1083397;4309;563;0;6
FR;4;2022-10-12;1;0;0;0;1;0;0;0;0;1082189;6917;1558;67;1083398;4309;563;0;6
FR;4;2022-10-13;5;0;0;0;5;0;0;0;0;1082194;6917;1558;67;1083403;4309;563;0;6
FR;4;2022-10-14;1;1;0;0;1;1;0;0;0;1082195;6918;1558;67;1083404;4310;563;0;6
FR;4;2022-10-15;1;2;0;0;1;2;0;0;0;1082196;6920;1558;67;1083405;4312;563;0;6
FR;4;2022-10-16;0;0;0;0;0;0;0;0;0;1082196;6920;1558;67;1083405;4312;563;0;6
FR;4;2022-10-17;3;0;1;0;3;1;0;0;0;1082199;6920;1559;67;1083408;4313;563;0;6
FR;4;2022-10-18;1;0;0;1;1;0;1;0;0;1082200;6920;1559;68;1083409;4313;564;0;6
FR;4;2022-10-19;1;0;0;2;1;0;2;0;3;1082201;6920;1559;70;1083410;4313;566;0;9
FR;4;2022-10-20;4;1;0;0;4;1;0;0;0;1082205;6921;1559;70;1083414;4314;566;0;9
FR;4;2022-10-21;3;1;0;0;3;1;0;0;0;1082208;6922;1559;70;1083417;4315;566;0;9
FR;4;2022-10-22;1;0;0;0;1;0;0;0;0;1082209;6922;1559;70;1083418;4315;566;0;9
FR;4;2022-10-23;0;0;0;0;0;0;0;0;0;1082209;6922;1559;70;1083418;4315;566;0;9
FR;4;2022-10-24;3;0;0;0;3;0;0;0;0;1082212;6922;1559;70;1083421;4315;566;0;9
FR;4;2022-10-25;4;0;0;0;4;0;0;0;0;1082216;6922;1559;70;1083425;4315;566;0;9
FR;4;2022-10-26;2;1;0;0;2;1;0;0;0;1082218;6923;1559;70;1083427;4316;566;0;9
FR;4;2022-10-27;3;1;1;0;3;0;1;0;0;1082221;6924;1560;70;1083430;4316;567;0;9
FR;4;2022-10-28;0;0;0;0;0;0;0;0;0;1082221;6924;1560;70;1083430;4316;567;0;9
FR;4;2022-10-29;1;0;0;3;1;0;3;0;3;1082222;6924;1560;73;1083431;4316;570;0;12
FR;4;2022-10-30;1;0;0;0;1;0;0;0;0;1082223;6924;1560;73;1083432;4316;570;0;12
FR;4;2022-10-31;1;0;0;0;1;0;0;0;0;1082224;6924;1560;73;1083433;4316;570;0;12
FR;4;2022-11-01;1;6;0;0;1;6;0;0;0;1082225;6930;1560;73;1083434;4322;570;0;12
FR;4;2022-11-02;0;0;2;2;0;1;3;0;0;1082225;6930;1562;75;1083434;4323;573;0;12
FR;4;2022-11-03;1;0;0;0;1;0;0;0;0;1082226;6930;1562;75;1083435;4323;573;0;12
FR;4;2022-11-04;4;1;0;0;4;0;0;0;0;1082230;6931;1562;75;1083439;4323;573;0;12
FR;4;2022-11-05;0;0;0;0;0;0;0;0;0;1082230;6931;1562;75;1083439;4323;573;0;12
FR;4;2022-11-06;2;0;0;0;2;0;0;0;0;1082232;6931;1562;75;1083441;4323;573;0;12
FR;4;2022-11-07;2;0;0;0;2;0;0;0;0;1082234;6931;1562;75;1083443;4323;573;0;12
FR;4;2022-11-08;7;0;0;0;7;0;0;0;0;1082241;6931;1562;75;1083450;4323;573;0;12
FR;4;2022-11-09;0;0;0;0;0;0;0;0;0;1082241;6931;1562;75;1083450;4323;573;0;12
FR;4;2022-11-10;2;0;1;0;2;1;0;0;0;1082243;6931;1563;75;1083452;4324;573;0;12
FR;4;2022-11-11;1;0;0;0;1;0;0;0;0;1082244;6931;1563;75;1083453;4324;573;0;12
FR;4;2022-11-12;3;1;0;0;3;1;0;0;0;1082247;6932;1563;75;1083456;4325;573;0;12
FR;4;2022-11-13;2;0;0;0;2;0;0;0;0;1082249;6932;1563;75;1083458;4325;573;0;12
FR;4;2022-11-14;0;1;0;0;0;1;0;0;0;1082249;6933;1563;75;1083458;4326;573;0;12
FR;4;2022-11-15;3;1;0;0;3;1;0;0;0;1082252;6934;1563;75;1083461;4327;573;0;12
FR;4;2022-11-16;1;1;1;0;1;1;1;0;0;1082253;6935;1564;75;1083462;4328;574;0;12
FR;4;2022-11-17;0;2;0;0;0;2;0;0;0;1082253;6937;1564;75;1083462;4330;574;0;12
FR;4;2022-11-18;5;0;1;0;5;0;1;0;0;1082258;6937;1565;75;1083467;4330;575;0;12
FR;4;2022-11-19;0;0;0;0;0;0;0;0;0;1082258;6937;1565;75;1083467;4330;575;0;12
FR;4;2022-11-20;0;0;0;1;0;0;0;0;1;1082258;6937;1565;76;1083467;4330;575;0;13
FR;4;2022-11-21;0;0;0;0;0;0;0;0;0;1082258;6937;1565;76;1083467;4330;575;0;13
FR;4;2022-11-22;0;1;1;0;0;2;0;0;0;1082258;6938;1566;76;1083467;4332;575;0;13
FR;4;2022-11-23;1;0;0;0;1;0;0;0;1;1082259;6938;1566;76;1083468;4332;575;0;14
FR;4;2022-11-24;0;2;0;0;0;2;0;0;0;1082259;6940;1566;76;1083468;4334;575;0;14
FR;4;2022-11-25;3;4;0;0;3;4;0;0;0;1082262;6944;1566;76;1083471;4338;575;0;14
FR;4;2022-11-26;1;0;0;0;1;0;0;0;0;1082263;6944;1566;76;1083472;4338;575;0;14
FR;4;2022-11-27;0;0;0;0;0;0;0;0;0;1082263;6944;1566;76;1083472;4338;575;0;14
FR;4;2022-11-28;4;0;0;0;4;0;0;0;0;1082267;6944;1566;76;1083476;4338;575;0;14
FR;4;2022-11-29;3;0;0;0;3;0;0;0;0;1082270;6944;1566;76;1083479;4338;575;0;14
FR;4;2022-11-30;0;0;0;0;0;0;0;0;0;1082270;6944;1566;76;1083479;4338;575;0;14
FR;4;2022-12-01;1;2;2;0;2;2;1;0;0;1082271;6946;1568;76;1083481;4340;576;0;14
FR;4;2022-12-02;6;1;0;1;6;1;0;0;1;1082277;6947;1568;77;1083487;4341;576;0;15
FR;4;2022-12-03;1;0;0;0;1;0;0;0;0;1082278;6947;1568;77;1083488;4341;576;0;15
FR;4;2022-12-04;0;0;0;0;0;0;0;0;0;1082278;6947;1568;77;1083488;4341;576;0;15
FR;4;2022-12-05;2;1;0;0;2;1;0;0;0;1082280;6948;1568;77;1083490;4342;576;0;15
FR;4;2022-12-06;2;0;0;0;2;0;0;0;0;1082282;6948;1568;77;1083492;4342;576;0;15
FR;4;2022-12-07;2;3;1;0;2;4;0;0;0;1082284;6951;1569;77;1083494;4346;576;0;15
FR;4;2022-12-08;1;0;0;0;1;0;0;0;0;1082285;6951;1569;77;1083495;4346;576;0;15
FR;4;2022-12-09;2;0;1;0;2;0;1;0;0;1082287;6951;1570;77;1083497;4346;577;0;15
FR;4;2022-12-10;1;0;0;0;1;0;0;0;0;1082288;6951;1570;77;1083498;4346;577;0;15
FR;4;2022-12-11;0;0;0;0;0;0;0;0;0;1082288;6951;1570;77;1083498;4346;577;0;15
FR;4;2022-12-12;2;1;0;5;2;1;5;0;0;1082290;6952;1570;82;1083500;4347;582;0;15
FR;4;2022-12-13;2;0;0;0;2;0;0;0;0;1082292;6952;1570;82;1083502;4347;582;0;15
FR;4;2022-12-14;0;0;0;0;0;0;0;0;0;1082292;6952;1570;82;1083502;4347;582;0;15
FR;4;2022-12-15;1;1;0;0;1;1;0;0;0;1082293;6953;1570;82;1083503;4348;582;0;15
FR;4;2022-12-16;2;0;0;0;2;0;0;0;0;1082295;6953;1570;82;1083505;4348;582;0;15
FR;4;2022-12-17;0;0;1;0;0;0;1;0;0;1082295;6953;1571;82;1083505;4348;583;0;15
FR;4;2022-12-18;1;0;0;0;1;0;0;0;0;1082296;6953;1571;82;1083506;4348;583;0;15
FR;4;2022-12-19;1;0;0;0;1;0;0;0;0;1082297;6953;1571;82;1083507;4348;583;0;15
FR;4;2022-12-20;4;2;0;0;5;1;0;0;0;1082301;6955;1571;82;1083512;4349;583;0;15
FR;4;2022-12-21;6;0;0;0;6;0;0;0;0;1082307;6955;1571;82;1083518;4349;583;0;15
FR;4;2022-12-22;2;1;0;0;2;1;0;0;0;1082309;6956;1571;82;1083520;4350;583;0;15
FR;4;2022-12-23;3;0;0;0;3;0;0;0;0;1082312;6956;1571;82;1083523;4350;583;0;15
FR;4;2022-12-24;0;0;1;0;0;1;0;0;0;1082312;6956;1572;82;1083523;4351;583;0;15
FR;4;2022-12-25;0;0;0;0;0;0;0;0;0;1082312;6956;1572;82;1083523;4351;583;0;15
FR;4;2022-12-26;1;2;0;0;1;1;0;0;0;1082313;6958;1572;82;1083524;4352;583;0;15
FR;4;2022-12-27;1;1;0;0;1;1;0;0;0;1082314;6959;1572;82;1083525;4353;583;0;15
FR;4;2022-12-28;0;0;0;0;0;0;0;0;0;1082314;6959;1572;82;1083525;4353;583;0;15
FR;4;2022-12-29;0;1;0;0;1;0;0;0;0;1082314;6960;1572;82;1083526;4353;583;0;15
FR;4;2022-12-30;1;0;0;0;1;0;0;0;0;1082315;6960;1572;82;1083527;4353;583;0;15
FR;4;2022-12-31;0;0;0;0;0;0;0;0;0;1082315;6960;1572;82;1083527;4353;583;0;15
FR;4;2023-01-01;0;0;0;0;0;0;0;0;0;1082315;6960;1572;82;1083527;4353;583;0;15
FR;4;2023-01-02;2;0;2;0;2;1;1;0;0;1082317;6960;1574;82;1083529;4354;584;0;15
FR;4;2023-01-03;1;1;0;0;1;1;0;0;0;1082318;6961;1574;82;1083530;4355;584;0;15
FR;4;2023-01-04;0;0;0;0;0;0;0;0;0;1082318;6961;1574;82;1083530;4355;584;0;15
FR;4;2023-01-05;0;0;0;0;0;0;0;0;0;1082318;6961;1574;82;1083530;4355;584;0;15
FR;4;2023-01-06;1;1;3;0;1;4;0;0;0;1082319;6962;1577;82;1083531;4359;584;0;15
FR;4;2023-01-07;1;0;0;0;1;0;0;0;0;1082320;6962;1577;82;1083532;4359;584;0;15
FR;4;2023-01-08;1;0;0;0;1;0;0;0;0;1082321;6962;1577;82;1083533;4359;584;0;15
FR;4;2023-01-09;1;0;0;0;1;0;0;0;0;1082322;6962;1577;82;1083534;4359;584;0;15
FR;4;2023-01-10;2;1;0;0;2;1;0;0;0;1082324;6963;1577;82;1083536;4360;584;0;15
FR;4;2023-01-11;0;0;0;0;0;0;0;0;0;1082324;6963;1577;82;1083536;4360;584;0;15
FR;4;2023-01-12;3;2;0;0;3;2;0;0;0;1082327;6965;1577;82;1083539;4362;584;0;15
FR;4;2023-01-13;3;0;2;0;3;0;2;0;0;1082330;6965;1579;82;1083542;4362;586;0;15
FR;4;2023-01-14;0;0;1;0;0;0;1;0;0;1082330;6965;1580;82;1083542;4362;587;0;15
FR;4;2023-01-15;0;0;0;0;0;0;0;0;0;1082330;6965;1580;82;1083542;4362;587;0;15
FR;4;2023-01-16;3;0;0;0;3;0;0;0;0;1082333;6965;1580;82;1083545;4362;587;0;15
FR;4;2023-01-17;2;0;0;0;2;0;0;0;0;1082335;6965;1580;82;1083547;4362;587;0;15
FR;4;2023-01-18;3;0;0;0;3;0;0;0;0;1082338;6965;1580;82;1083550;4362;587;0;15
FR;4;2023-01-19;1;0;0;2;1;0;0;0;0;1082339;6965;1580;84;1083551;4362;587;0;15
FR;4;2023-01-20;0;0;0;0;0;0;0;0;0;1082339;6965;1580;84;1083551;4362;587;0;15
FR;4;2023-01-21;0;0;0;0;0;0;0;0;0;1082339;6965;1580;84;1083551;4362;587;0;15
FR;4;2023-01-22;0;0;0;0;0;0;0;0;0;1082339;6965;1580;84;1083551;4362;587;0;15
FR;4;2023-01-23;1;0;0;0;1;0;0;0;0;1082340;6965;1580;84;1083552;4362;587;0;15
FR;4;2023-01-24;3;1;0;0;3;1;0;0;0;1082343;6966;1580;84;1083555;4363;587;0;15
FR;4;2023-01-25;6;0;0;0;6;0;0;0;0;1082349;6966;1580;84;1083561;4363;587;0;15
FR;4;2023-01-26;1;0;0;0;1;0;0;0;0;1082350;6966;1580;84;1083562;4363;587;0;15
FR;4;2023-01-27;0;0;0;0;0;0;0;0;0;1082350;6966;1580;84;1083562;4363;587;0;15
FR;4;2023-01-28;0;0;0;0;0;0;0;0;0;1082350;6966;1580;84;1083562;4363;587;0;15
FR;4;2023-01-29;0;0;0;0;0;0;0;0;0;1082350;6966;1580;84;1083562;4363;587;0;15
FR;4;2023-01-30;0;0;0;0;0;0;0;0;0;1082350;6966;1580;84;1083562;4363;587;0;15
FR;4;2023-01-31;0;0;0;0;0;0;0;0;0;1082350;6966;1580;84;1083562;4363;587;0;15
FR;4;2023-02-01;0;0;0;0;0;0;0;0;0;1082350;6966;1580;84;1083562;4363;587;0;15
FR;4;2023-02-02;3;2;2;1;3;3;1;0;0;1082353;6968;1582;85;1083565;4366;588;0;15
FR;4;2023-02-03;0;0;0;0;0;0;0;0;0;1082353;6968;1582;85;1083565;4366;588;0;15
FR;4;2023-02-04;1;0;0;0;1;0;0;0;0;1082354;6968;1582;85;1083566;4366;588;0;15
FR;4;2023-02-05;0;0;0;0;0;0;0;0;0;1082354;6968;1582;85;1083566;4366;588;0;15
FR;4;2023-02-06;1;0;0;0;1;0;0;0;0;1082355;6968;1582;85;1083567;4366;588;0;15
FR;4;2023-02-07;2;0;0;0;2;0;0;0;0;1082357;6968;1582;85;1083569;4366;588;0;15
FR;4;2023-02-08;2;1;0;0;2;0;0;0;0;1082359;6969;1582;85;1083571;4366;588;0;15
FR;4;2023-02-09;1;1;0;0;1;1;0;0;0;1082360;6970;1582;85;1083572;4367;588;0;15
FR;4;2023-02-10;5;1;0;0;5;0;0;0;0;1082365;6971;1582;85;1083577;4367;588;0;15
FR;4;2023-02-11;4;0;0;0;4;0;0;0;0;1082369;6971;1582;85;1083581;4367;588;0;15
FR;4;2023-02-12;0;0;0;0;0;0;0;0;0;1082369;6971;1582;85;1083581;4367;588;0;15
FR;4;2023-02-13;3;0;0;0;3;0;0;0;0;1082372;6971;1582;85;1083584;4367;588;0;15
FR;4;2023-02-14;0;2;0;0;2;0;0;0;0;1082372;6973;1582;85;1083586;4367;588;0;15
FR;4;2023-02-15;2;0;0;0;2;0;0;0;0;1082374;6973;1582;85;1083588;4367;588;0;15
FR;4;2023-02-16;1;1;0;0;1;1;0;0;0;1082375;6974;1582;85;1083589;4368;588;0;15
FR;4;2023-02-17;1;0;0;0;1;0;0;0;0;1082376;6974;1582;85;1083590;4368;588;0;15
FR;4;2023-02-18;0;2;0;0;0;2;0;0;0;1082376;6976;1582;85;1083590;4370;588;0;15
FR;4;2023-02-19;0;0;0;0;0;0;0;0;0;1082376;6976;1582;85;1083590;4370;588;0;15
FR;4;2023-02-20;1;0;0;0;1;0;0;0;0;1082377;6976;1582;85;1083591;4370;588;0;15
FR;4;2023-02-21;2;0;0;0;2;0;0;0;0;1082379;6976;1582;85;1083593;4370;588;0;15
FR;4;2023-02-22;0;0;0;0;0;0;0;0;0;1082379;6976;1582;85;1083593;4370;588;0;15
FR;4;2023-02-23;0;0;0;0;0;0;0;0;0;1082379;6976;1582;85;1083593;4370;588;0;15
FR;4;2023-02-24;1;0;0;0;1;0;0;0;0;1082380;6976;1582;85;1083594;4370;588;0;15
FR;4;2023-02-25;2;1;0;0;2;1;0;0;0;1082382;6977;1582;85;1083596;4371;588;0;15
FR;4;2023-02-26;0;0;0;0;0;0;0;0;0;1082382;6977;1582;85;1083596;4371;588;0;15
FR;4;2023-02-27;1;0;0;0;1;0;0;0;0;1082383;6977;1582;85;1083597;4371;588;0;15
FR;4;2023-02-28;0;0;0;0;0;0;0;0;0;1082383;6977;1582;85;1083597;4371;588;0;15
FR;4;2023-03-01;1;0;0;0;1;0;0;0;0;1082384;6977;1582;85;1083598;4371;588;0;15
FR;4;2023-03-02;1;1;2;0;1;1;2;0;0;1082385;6978;1584;85;1083599;4372;590;0;15
FR;4;2023-03-03;1;0;0;0;1;0;0;0;0;1082386;6978;1584;85;1083600;4372;590;0;15
FR;4;2023-03-04;0;0;0;0;0;0;0;0;0;1082386;6978;1584;85;1083600;4372;590;0;15
FR;4;2023-03-05;0;0;0;0;0;0;0;0;0;1082386;6978;1584;85;1083600;4372;590;0;15
FR;4;2023-03-06;0;0;0;0;0;0;0;0;0;1082386;6978;1584;85;1083600;4372;590;0;15
FR;4;2023-03-07;0;0;0;0;0;0;0;0;0;1082386;6978;1584;85;1083600;4372;590;0;15
FR;4;2023-03-08;1;0;0;0;1;0;0;0;0;1082387;6978;1584;85;1083601;4372;590;0;15
FR;4;2023-03-09;0;0;0;0;0;0;0;0;0;1082387;6978;1584;85;1083601;4372;590;0;15
FR;4;2023-03-10;2;0;1;0;2;0;1;0;0;1082389;6978;1585;85;1083603;4372;591;0;15
FR;4;2023-03-11;0;0;0;0;0;0;0;0;0;1082389;6978;1585;85;1083603;4372;591;0;15
FR;4;2023-03-12;0;0;0;0;0;0;0;0;0;1082389;6978;1585;85;1083603;4372;591;0;15
FR;4;2023-03-13;0;0;0;0;0;0;0;0;0;1082389;6978;1585;85;1083603;4372;591;0;15
FR;4;2023-03-14;0;0;0;0;0;0;0;0;0;1082389;6978;1585;85;1083603;4372;591;0;15
FR;4;2023-03-15;1;0;0;1;1;0;0;0;1;1082390;6978;1585;86;1083604;4372;591;0;16
FR;4;2023-03-16;1;0;0;0;1;0;0;0;0;1082391;6978;1585;86;1083605;4372;591;0;16
FR;4;2023-03-17;1;0;0;0;1;0;0;0;0;1082392;6978;1585;86;1083606;4372;591;0;16
FR;4;2023-03-18;0;1;0;0;0;1;0;0;0;1082392;6979;1585;86;1083606;4373;591;0;16
FR;4;2023-03-19;0;0;0;0;0;0;0;0;0;1082392;6979;1585;86;1083606;4373;591;0;16
FR;4;2023-03-20;0;0;0;0;0;0;0;0;0;1082392;6979;1585;86;1083606;4373;591;0;16
FR;4;2023-03-21;2;0;0;0;2;0;0;0;0;1082394;6979;1585;86;1083608;4373;591;0;16
FR;4;2023-03-22;0;0;1;0;0;0;1;0;0;1082394;6979;1586;86;1083608;4373;592;0;16
FR;4;2023-03-23;1;0;0;0;1;0;0;0;0;1082395;6979;1586;86;1083609;4373;592;0;16
FR;4;2023-03-24;0;0;0;0;0;0;0;0;0;1082395;6979;1586;86;1083609;4373;592;0;16
FR;4;2023-03-25;0;0;0;0;0;0;0;0;0;1082395;6979;1586;86;1083609;4373;592;0;16
FR;4;2023-03-26;0;0;0;0;0;0;0;0;0;1082395;6979;1586;86;1083609;4373;592;0;16
FR;4;2023-03-27;1;0;0;0;1;0;0;0;0;1082396;6979;1586;86;1083610;4373;592;0;16
FR;4;2023-03-28;1;0;0;0;1;0;0;0;0;1082397;6979;1586;86;1083611;4373;592;0;16
FR;4;2023-03-29;2;0;0;0;2;0;0;0;0;1082399;6979;1586;86;1083613;4373;592;0;16
FR;4;2023-03-30;0;1;0;0;1;0;0;0;0;1082399;6980;1586;86;1083614;4373;592;0;16
FR;4;2023-03-31;3;0;0;1;3;0;0;0;4;1082402;6980;1586;87;1083617;4373;592;0;20
FR;4;2023-04-01;2;0;0;0;2;0;0;0;0;1082404;6980;1586;87;1083619;4373;592;0;20
FR;4;2023-04-02;0;0;0;0;0;0;0;0;0;1082404;6980;1586;87;1083619;4373;592;0;20
FR;4;2023-04-03;0;0;0;0;0;0;0;0;0;1082404;6980;1586;87;1083619;4373;592;0;20
FR;4;2023-04-04;0;0;0;0;0;0;0;0;0;1082404;6980;1586;87;1083619;4373;592;0;20
FR;4;2023-04-05;0;0;0;0;0;0;0;0;0;1082404;6980;1586;87;1083619;4373;592;0;20
FR;4;2023-04-06;0;0;0;0;0;0;0;0;0;1082404;6980;1586;87;1083619;4373;592;0;20
FR;4;2023-04-07;0;0;0;0;0;0;0;0;0;1082404;6980;1586;87;1083619;4373;592;0;20
FR;4;2023-04-08;0;0;0;0;0;0;0;0;0;1082404;6980;1586;87;1083619;4373;592;0;20
FR;4;2023-04-09;0;0;0;0;0;0;0;0;0;1082404;6980;1586;87;1083619;4373;592;0;20
FR;4;2023-04-10;1;0;0;0;1;0;0;0;0;1082405;6980;1586;87;1083620;4373;592;0;20
FR;4;2023-04-11;0;0;0;0;0;0;0;0;0;1082405;6980;1586;87;1083620;4373;592;0;20
FR;4;2023-04-12;1;0;0;0;1;0;0;0;0;1082406;6980;1586;87;1083621;4373;592;0;20
FR;4;2023-04-13;0;0;0;0;0;0;0;0;0;1082406;6980;1586;87;1083621;4373;592;0;20
FR;4;2023-04-14;0;0;0;0;0;0;0;0;0;1082406;6980;1586;87;1083621;4373;592;0;20
FR;4;2023-04-15;0;0;0;0;0;0;0;0;0;1082406;6980;1586;87;1083621;4373;592;0;20
FR;4;2023-04-16;0;0;0;0;0;0;0;0;0;1082406;6980;1586;87;1083621;4373;592;0;20
FR;4;2023-04-17;0;0;0;0;0;0;0;0;0;1082406;6980;1586;87;1083621;4373;592;0;20
FR;4;2023-04-18;0;0;0;0;0;0;0;0;0;1082406;6980;1586;87;1083621;4373;592;0;20
FR;4;2023-04-19;1;0;0;0;1;0;0;0;0;1082407;6980;1586;87;1083622;4373;592;0;20
FR;4;2023-04-20;0;0;0;0;0;0;0;0;0;1082407;6980;1586;87;1083622;4373;592;0;20
FR;4;2023-04-21;0;1;0;0;0;1;0;0;0;1082407;6981;1586;87;1083622;4374;592;0;20
FR;4;2023-04-22;0;0;0;0;0;0;0;0;0;1082407;6981;1586;87;1083622;4374;592;0;20
FR;4;2023-04-23;1;0;0;0;1;0;0;0;0;1082408;6981;1586;87;1083623;4374;592;0;20
FR;4;2023-04-24;1;0;0;0;1;0;0;0;0;1082409;6981;1586;87;1083624;4374;592;0;20
FR;4;2023-04-25;1;0;0;0;1;0;0;0;0;1082410;6981;1586;87;1083625;4374;592;0;20
FR;4;2023-04-26;0;0;0;0;0;0;0;0;0;1082410;6981;1586;87;1083625;4374;592;0;20
FR;4;2023-04-27;0;0;0;0;0;0;0;0;0;1082410;6981;1586;87;1083625;4374;592;0;20
FR;4;2023-04-28;0;0;0;0;0;0;0;0;0;1082410;6981;1586;87;1083625;4374;592;0;20
FR;4;2023-04-29;0;0;0;0;0;0;0;0;0;1082410;6981;1586;87;1083625;4374;592;0;20
FR;4;2023-04-30;0;0;0;0;0;0;0;0;0;1082410;6981;1586;87;1083625;4374;592;0;20
FR;4;2023-05-01;1;0;0;0;1;0;0;0;0;1082411;6981;1586;87;1083626;4374;592;0;20
FR;4;2023-05-02;0;0;0;0;0;0;0;0;0;1082411;6981;1586;87;1083626;4374;592;0;20
FR;4;2023-05-03;0;0;0;0;0;0;0;0;0;1082411;6981;1586;87;1083626;4374;592;0;20
FR;4;2023-05-04;0;0;0;0;0;0;0;0;0;1082411;6981;1586;87;1083626;4374;592;0;20
FR;4;2023-05-05;0;0;0;0;0;0;0;0;0;1082411;6981;1586;87;1083626;4374;592;0;20
FR;4;2023-05-06;0;0;0;0;0;0;0;0;0;1082411;6981;1586;87;1083626;4374;592;0;20
FR;4;2023-05-07;0;0;0;0;0;0;0;0;0;1082411;6981;1586;87;1083626;4374;592;0;20
FR;4;2023-05-08;0;0;0;0;0;0;0;0;0;1082411;6981;1586;87;1083626;4374;592;0;20
FR;4;2023-05-09;0;0;0;0;0;0;0;0;0;1082411;6981;1586;87;1083626;4374;592;0;20
FR;4;2023-05-10;0;0;0;0;0;0;0;0;0;1082411;6981;1586;87;1083626;4374;592;0;20
FR;4;2023-05-11;0;0;0;0;0;0;0;0;0;1082411;6981;1586;87;1083626;4374;592;0;20
FR;4;2023-05-12;0;0;0;0;0;0;0;0;0;1082411;6981;1586;87;1083626;4374;592;0;20
FR;4;2023-05-13;0;0;0;0;0;0;0;0;0;1082411;6981;1586;87;1083626;4374;592;0;20
FR;4;2023-05-14;0;0;0;0;0;0;0;0;0;1082411;6981;1586;87;1083626;4374;592;0;20
FR;4;2023-05-15;0;0;0;0;0;0;0;0;0;1082411;6981;1586;87;1083626;4374;592;0;20
FR;4;2023-05-16;0;0;0;0;0;0;0;0;0;1082411;6981;1586;87;1083626;4374;592;0;20
FR;4;2023-05-17;0;0;0;1;0;0;1;0;0;1082411;6981;1586;88;1083626;4374;593;0;20
FR;4;2023-05-18;0;0;0;0;0;0;0;0;0;1082411;6981;1586;88;1083626;4374;593;0;20
FR;4;2023-05-19;0;0;0;0;0;0;0;0;0;1082411;6981;1586;88;1083626;4374;593;0;20
FR;4;2023-05-20;0;0;0;0;0;0;0;0;0;1082411;6981;1586;88;1083626;4374;593;0;20
FR;4;2023-05-21;0;0;0;0;0;0;0;0;0;1082411;6981;1586;88;1083626;4374;593;0;20
FR;4;2023-05-22;0;0;0;0;0;0;0;0;0;1082411;6981;1586;88;1083626;4374;593;0;20
FR;4;2023-05-23;0;0;0;0;0;0;0;0;0;1082411;6981;1586;88;1083626;4374;593;0;20
FR;4;2023-05-24;0;0;0;0;0;0;0;0;0;1082411;6981;1586;88;1083626;4374;593;0;20
FR;4;2023-05-25;0;0;0;0;0;0;0;0;0;1082411;6981;1586;88;1083626;4374;593;0;20
FR;4;2023-05-26;0;0;0;0;0;0;0;0;0;1082411;6981;1586;88;1083626;4374;593;0;20
FR;4;2023-05-27;0;0;0;0;0;0;0;0;0;1082411;6981;1586;88;1083626;4374;593;0;20
FR;4;2023-05-28;0;0;0;0;0;0;0;0;0;1082411;6981;1586;88;1083626;4374;593;0;20
FR;4;2023-05-29;0;0;0;0;0;0;0;0;0;1082411;6981;1586;88;1083626;4374;593;0;20
FR;5;2020-12-27;0;0;0;0;0;0;0;0;0;0;0;0;0;0;0;0;0;0
FR;5;2020-12-28;0;0;0;0;0;0;0;0;0;0;0;0;0;0;0;0;0;0
FR;5;2020-12-29;0;0;0;0;0;0;0;0;0;0;0;0;0;0;0;0;0;0
FR;5;2020-12-30;0;0;0;0;0;0;0;0;0;0;0;0;0;0;0;0;0;0
FR;5;2020-12-31;0;0;0;0;0;0;0;0;0;0;0;0;0;0;0;0;0;0
FR;5;2021-01-01;0;0;0;0;0;0;0;0;0;0;0;0;0;0;0;0;0;0
FR;5;2021-01-02;0;0;0;0;0;0;0;0;0;0;0;0;0;0;0;0;0;0
FR;5;2021-01-03;0;0;0;0;0;0;0;0;0;0;0;0;0;0;0;0;0;0
FR;5;2021-01-04;0;0;0;0;0;0;0;0;0;0;0;0;0;0;0;0;0;0
FR;5;2021-01-05;0;0;0;0;0;0;0;0;0;0;0;0;0;0;0;0;0;0
FR;5;2021-01-06;0;0;0;0;0;0;0;0;0;0;0;0;0;0;0;0;0;0
FR;5;2021-01-07;0;0;0;0;0;0;0;0;0;0;0;0;0;0;0;0;0;0
FR;5;2021-01-08;0;0;0;0;0;0;0;0;0;0;0;0;0;0;0;0;0;0
FR;5;2021-01-09;0;0;0;0;0;0;0;0;0;0;0;0;0;0;0;0;0;0
FR;5;2021-01-10;0;0;0;0;0;0;0;0;0;0;0;0;0;0;0;0;0;0
FR;5;2021-01-11;0;0;0;0;0;0;0;0;0;0;0;0;0;0;0;0;0;0
FR;5;2021-01-12;0;0;0;0;0;0;0;0;0;0;0;0;0;0;0;0;0;0
FR;5;2021-01-13;0;0;0;0;0;0;0;0;0;0;0;0;0;0;0;0;0;0
FR;5;2021-01-14;0;0;0;0;0;0;0;0;0;0;0;0;0;0;0;0;0;0
FR;5;2021-01-15;0;0;0;0;0;0;0;0;0;0;0;0;0;0;0;0;0;0
FR;5;2021-01-16;0;0;0;0;0;0;0;0;0;0;0;0;0;0;0;0;0;0
FR;5;2021-01-17;0;0;0;0;0;0;0;0;0;0;0;0;0;0;0;0;0;0
FR;5;2021-01-18;0;0;0;0;0;0;0;0;0;0;0;0;0;0;0;0;0;0
FR;5;2021-01-19;0;0;0;0;0;0;0;0;0;0;0;0;0;0;0;0;0;0
FR;5;2021-01-20;0;0;0;0;0;0;0;0;0;0;0;0;0;0;0;0;0;0
FR;5;2021-01-21;0;0;0;0;0;0;0;0;0;0;0;0;0;0;0;0;0;0
FR;5;2021-01-22;0;0;0;0;0;0;0;0;0;0;0;0;0;0;0;0;0;0
FR;5;2021-01-23;0;0;0;0;0;0;0;0;0;0;0;0;0;0;0;0;0;0
FR;5;2021-01-24;0;0;0;0;0;0;0;0;0;0;0;0;0;0;0;0;0;0
FR;5;2021-01-25;0;0;0;0;0;0;0;0;0;0;0;0;0;0;0;0;0;0
FR;5;2021-01-26;0;0;0;0;0;0;0;0;0;0;0;0;0;0;0;0;0;0
FR;5;2021-01-27;0;0;0;0;0;0;0;0;0;0;0;0;0;0;0;0;0;0
FR;5;2021-01-28;0;0;0;0;0;0;0;0;0;0;0;0;0;0;0;0;0;0
FR;5;2021-01-29;0;0;0;0;0;0;0;0;0;0;0;0;0;0;0;0;0;0
FR;5;2021-01-30;0;0;0;0;0;0;0;0;0;0;0;0;0;0;0;0;0;0
FR;5;2021-01-31;0;0;0;0;0;0;0;0;0;0;0;0;0;0;0;0;0;0
FR;5;2021-02-01;0;0;0;0;0;0;0;0;0;0;0;0;0;0;0;0;0;0
FR;5;2021-02-02;0;0;0;0;0;0;0;0;0;0;0;0;0;0;0;0;0;0
FR;5;2021-02-03;0;0;0;0;0;0;0;0;0;0;0;0;0;0;0;0;0;0
FR;5;2021-02-04;0;0;0;0;0;0;0;0;0;0;0;0;0;0;0;0;0;0
FR;5;2021-02-05;0;0;0;0;0;0;0;0;0;0;0;0;0;0;0;0;0;0
FR;5;2021-02-06;0;0;0;0;0;0;0;0;0;0;0;0;0;0;0;0;0;0
FR;5;2021-02-07;0;0;0;0;0;0;0;0;0;0;0;0;0;0;0;0;0;0
FR;5;2021-02-08;0;0;0;0;0;0;0;0;0;0;0;0;0;0;0;0;0;0
FR;5;2021-02-09;0;0;0;0;0;0;0;0;0;0;0;0;0;0;0;0;0;0
FR;5;2021-02-10;0;0;0;0;0;0;0;0;0;0;0;0;0;0;0;0;0;0
FR;5;2021-02-11;0;0;0;0;0;0;0;0;0;0;0;0;0;0;0;0;0;0
FR;5;2021-02-12;0;0;0;0;0;0;0;0;0;0;0;0;0;0;0;0;0;0
FR;5;2021-02-13;0;0;0;0;0;0;0;0;0;0;0;0;0;0;0;0;0;0
FR;5;2021-02-14;0;0;0;0;0;0;0;0;0;0;0;0;0;0;0;0;0;0
FR;5;2021-02-15;0;0;0;0;0;0;0;0;0;0;0;0;0;0;0;0;0;0
FR;5;2021-02-16;0;0;0;0;0;0;0;0;0;0;0;0;0;0;0;0;0;0
FR;5;2021-02-17;0;0;0;0;0;0;0;0;0;0;0;0;0;0;0;0;0;0
FR;5;2021-02-18;0;0;0;0;0;0;0;0;0;0;0;0;0;0;0;0;0;0
FR;5;2021-02-19;0;0;0;0;0;0;0;0;0;0;0;0;0;0;0;0;0;0
FR;5;2021-02-20;0;0;0;0;0;0;0;0;0;0;0;0;0;0;0;0;0;0
FR;5;2021-02-21;0;0;0;0;0;0;0;0;0;0;0;0;0;0;0;0;0;0
FR;5;2021-02-22;0;0;0;0;0;0;0;0;0;0;0;0;0;0;0;0;0;0
FR;5;2021-02-23;0;0;0;0;0;0;0;0;0;0;0;0;0;0;0;0;0;0
FR;5;2021-02-24;0;0;0;0;0;0;0;0;0;0;0;0;0;0;0;0;0;0
FR;5;2021-02-25;0;0;0;0;0;0;0;0;0;0;0;0;0;0;0;0;0;0
FR;5;2021-02-26;0;0;0;0;0;0;0;0;0;0;0;0;0;0;0;0;0;0
FR;5;2021-02-27;0;0;0;0;0;0;0;0;0;0;0;0;0;0;0;0;0;0
FR;5;2021-02-28;0;0;0;0;0;0;0;0;0;0;0;0;0;0;0;0;0;0
FR;5;2021-03-01;0;0;0;0;0;0;0;0;0;0;0;0;0;0;0;0;0;0
FR;5;2021-03-02;0;0;0;0;0;0;0;0;0;0;0;0;0;0;0;0;0;0
FR;5;2021-03-03;0;0;0;0;0;0;0;0;0;0;0;0;0;0;0;0;0;0
FR;5;2021-03-04;0;0;0;0;0;0;0;0;0;0;0;0;0;0;0;0;0;0
FR;5;2021-03-05;0;0;0;0;0;0;0;0;0;0;0;0;0;0;0;0;0;0
FR;5;2021-03-06;0;0;0;0;0;0;0;0;0;0;0;0;0;0;0;0;0;0
FR;5;2021-03-07;0;0;0;0;0;0;0;0;0;0;0;0;0;0;0;0;0;0
FR;5;2021-03-08;0;0;0;0;0;0;0;0;0;0;0;0;0;0;0;0;0;0
FR;5;2021-03-09;0;0;0;0;0;0;0;0;0;0;0;0;0;0;0;0;0;0
FR;5;2021-03-10;0;0;0;0;0;0;0;0;0;0;0;0;0;0;0;0;0;0
FR;5;2021-03-11;0;0;0;0;0;0;0;0;0;0;0;0;0;0;0;0;0;0
FR;5;2021-03-12;0;0;0;0;0;0;0;0;0;0;0;0;0;0;0;0;0;0
FR;5;2021-03-13;0;0;0;0;0;0;0;0;0;0;0;0;0;0;0;0;0;0
FR;5;2021-03-14;0;0;0;0;0;0;0;0;0;0;0;0;0;0;0;0;0;0
FR;5;2021-03-15;0;0;0;0;0;0;0;0;0;0;0;0;0;0;0;0;0;0
FR;5;2021-03-16;0;0;0;0;0;0;0;0;0;0;0;0;0;0;0;0;0;0
FR;5;2021-03-17;0;0;0;0;0;0;0;0;0;0;0;0;0;0;0;0;0;0
FR;5;2021-03-18;0;0;0;0;0;0;0;0;0;0;0;0;0;0;0;0;0;0
FR;5;2021-03-19;0;0;0;0;0;0;0;0;0;0;0;0;0;0;0;0;0;0
FR;5;2021-03-20;0;0;0;0;0;0;0;0;0;0;0;0;0;0;0;0;0;0
FR;5;2021-03-21;0;0;0;0;0;0;0;0;0;0;0;0;0;0;0;0;0;0
FR;5;2021-03-22;0;0;0;0;0;0;0;0;0;0;0;0;0;0;0;0;0;0
FR;5;2021-03-23;0;0;0;0;0;0;0;0;0;0;0;0;0;0;0;0;0;0
FR;5;2021-03-24;0;0;0;0;0;0;0;0;0;0;0;0;0;0;0;0;0;0
FR;5;2021-03-25;0;0;0;0;0;0;0;0;0;0;0;0;0;0;0;0;0;0
FR;5;2021-03-26;0;0;0;0;0;0;0;0;0;0;0;0;0;0;0;0;0;0
FR;5;2021-03-27;0;0;0;0;0;0;0;0;0;0;0;0;0;0;0;0;0;0
FR;5;2021-03-28;0;0;0;0;0;0;0;0;0;0;0;0;0;0;0;0;0;0
FR;5;2021-03-29;0;0;0;0;0;0;0;0;0;0;0;0;0;0;0;0;0;0
FR;5;2021-03-30;0;0;0;0;0;0;0;0;0;0;0;0;0;0;0;0;0;0
FR;5;2021-03-31;0;0;0;0;0;0;0;0;0;0;0;0;0;0;0;0;0;0
FR;5;2021-04-01;0;0;0;0;0;0;0;0;0;0;0;0;0;0;0;0;0;0
FR;5;2021-04-02;0;0;0;0;0;0;0;0;0;0;0;0;0;0;0;0;0;0
FR;5;2021-04-03;0;0;0;0;0;0;0;0;0;0;0;0;0;0;0;0;0;0
FR;5;2021-04-04;0;0;0;0;0;0;0;0;0;0;0;0;0;0;0;0;0;0
FR;5;2021-04-05;0;0;0;0;0;0;0;0;0;0;0;0;0;0;0;0;0;0
FR;5;2021-04-06;0;0;0;0;0;0;0;0;0;0;0;0;0;0;0;0;0;0
FR;5;2021-04-07;0;0;0;0;0;0;0;0;0;0;0;0;0;0;0;0;0;0
FR;5;2021-04-08;0;0;0;0;0;0;0;0;0;0;0;0;0;0;0;0;0;0
FR;5;2021-04-09;0;0;0;0;0;0;0;0;0;0;0;0;0;0;0;0;0;0
FR;5;2021-04-10;0;0;0;0;0;0;0;0;0;0;0;0;0;0;0;0;0;0
FR;5;2021-04-11;0;0;0;0;0;0;0;0;0;0;0;0;0;0;0;0;0;0
FR;5;2021-04-12;0;0;0;0;0;0;0;0;0;0;0;0;0;0;0;0;0;0
FR;5;2021-04-13;0;0;0;0;0;0;0;0;0;0;0;0;0;0;0;0;0;0
FR;5;2021-04-14;0;0;0;0;0;0;0;0;0;0;0;0;0;0;0;0;0;0
FR;5;2021-04-15;0;0;0;0;0;0;0;0;0;0;0;0;0;0;0;0;0;0
FR;5;2021-04-16;0;0;0;0;0;0;0;0;0;0;0;0;0;0;0;0;0;0
FR;5;2021-04-17;0;0;0;0;0;0;0;0;0;0;0;0;0;0;0;0;0;0
FR;5;2021-04-18;0;0;0;0;0;0;0;0;0;0;0;0;0;0;0;0;0;0
FR;5;2021-04-19;0;0;0;0;0;0;0;0;0;0;0;0;0;0;0;0;0;0
FR;5;2021-04-20;0;0;0;0;0;0;0;0;0;0;0;0;0;0;0;0;0;0
FR;5;2021-04-21;0;0;0;0;0;0;0;0;0;0;0;0;0;0;0;0;0;0
FR;5;2021-04-22;0;0;0;0;0;0;0;0;0;0;0;0;0;0;0;0;0;0
FR;5;2021-04-23;0;0;0;0;0;0;0;0;0;0;0;0;0;0;0;0;0;0
FR;5;2021-04-24;0;0;0;0;0;0;0;0;0;0;0;0;0;0;0;0;0;0
FR;5;2021-04-25;0;0;0;0;0;0;0;0;0;0;0;0;0;0;0;0;0;0
FR;5;2021-04-26;0;0;0;0;0;0;0;0;0;0;0;0;0;0;0;0;0;0
FR;5;2021-04-27;0;0;0;0;0;0;0;0;0;0;0;0;0;0;0;0;0;0
FR;5;2021-04-28;0;0;0;0;0;0;0;0;0;0;0;0;0;0;0;0;0;0
FR;5;2021-04-29;0;0;0;0;0;0;0;0;0;0;0;0;0;0;0;0;0;0
FR;5;2021-04-30;0;0;0;0;0;0;0;0;0;0;0;0;0;0;0;0;0;0
FR;5;2021-05-01;0;0;0;0;0;0;0;0;0;0;0;0;0;0;0;0;0;0
FR;5;2021-05-02;0;0;0;0;0;0;0;0;0;0;0;0;0;0;0;0;0;0
FR;5;2021-05-03;0;0;0;0;0;0;0;0;0;0;0;0;0;0;0;0;0;0
FR;5;2021-05-04;0;0;0;0;0;0;0;0;0;0;0;0;0;0;0;0;0;0
FR;5;2021-05-05;0;0;0;0;0;0;0;0;0;0;0;0;0;0;0;0;0;0
FR;5;2021-05-06;0;0;0;0;0;0;0;0;0;0;0;0;0;0;0;0;0;0
FR;5;2021-05-07;0;0;0;0;0;0;0;0;0;0;0;0;0;0;0;0;0;0
FR;5;2021-05-08;0;0;0;0;0;0;0;0;0;0;0;0;0;0;0;0;0;0
FR;5;2021-05-09;0;0;0;0;0;0;0;0;0;0;0;0;0;0;0;0;0;0
FR;5;2021-05-10;0;0;0;0;0;0;0;0;0;0;0;0;0;0;0;0;0;0
FR;5;2021-05-11;0;0;0;0;0;0;0;0;0;0;0;0;0;0;0;0;0;0
FR;5;2021-05-12;0;0;0;0;0;0;0;0;0;0;0;0;0;0;0;0;0;0
FR;5;2021-05-13;0;0;0;0;0;0;0;0;0;0;0;0;0;0;0;0;0;0
FR;5;2021-05-14;0;0;0;0;0;0;0;0;0;0;0;0;0;0;0;0;0;0
FR;5;2021-05-15;0;0;0;0;0;0;0;0;0;0;0;0;0;0;0;0;0;0
FR;5;2021-05-16;0;0;0;0;0;0;0;0;0;0;0;0;0;0;0;0;0;0
FR;5;2021-05-17;0;0;0;0;0;0;0;0;0;0;0;0;0;0;0;0;0;0
FR;5;2021-05-18;0;0;0;0;0;0;0;0;0;0;0;0;0;0;0;0;0;0
FR;5;2021-05-19;0;0;0;0;0;0;0;0;0;0;0;0;0;0;0;0;0;0
FR;5;2021-05-20;0;0;0;0;0;0;0;0;0;0;0;0;0;0;0;0;0;0
FR;5;2021-05-21;0;0;0;0;0;0;0;0;0;0;0;0;0;0;0;0;0;0
FR;5;2021-05-22;0;0;0;0;0;0;0;0;0;0;0;0;0;0;0;0;0;0
FR;5;2021-05-23;0;0;0;0;0;0;0;0;0;0;0;0;0;0;0;0;0;0
FR;5;2021-05-24;0;0;0;0;0;0;0;0;0;0;0;0;0;0;0;0;0;0
FR;5;2021-05-25;0;0;0;0;0;0;0;0;0;0;0;0;0;0;0;0;0;0
FR;5;2021-05-26;0;0;0;0;0;0;0;0;0;0;0;0;0;0;0;0;0;0
FR;5;2021-05-27;0;0;0;0;0;0;0;0;0;0;0;0;0;0;0;0;0;0
FR;5;2021-05-28;0;0;0;0;0;0;0;0;0;0;0;0;0;0;0;0;0;0
FR;5;2021-05-29;0;0;0;0;0;0;0;0;0;0;0;0;0;0;0;0;0;0
FR;5;2021-05-30;0;0;0;0;0;0;0;0;0;0;0;0;0;0;0;0;0;0
FR;5;2021-05-31;0;0;0;0;0;0;0;0;0;0;0;0;0;0;0;0;0;0
FR;5;2021-06-01;0;0;0;0;0;0;0;0;0;0;0;0;0;0;0;0;0;0
FR;5;2021-06-02;0;0;0;0;0;0;0;0;0;0;0;0;0;0;0;0;0;0
FR;5;2021-06-03;0;0;0;0;0;0;0;0;0;0;0;0;0;0;0;0;0;0
FR;5;2021-06-04;0;0;0;0;0;0;0;0;0;0;0;0;0;0;0;0;0;0
FR;5;2021-06-05;0;0;0;0;0;0;0;0;0;0;0;0;0;0;0;0;0;0
FR;5;2021-06-06;0;0;0;0;0;0;0;0;0;0;0;0;0;0;0;0;0;0
FR;5;2021-06-07;0;0;0;0;0;0;0;0;0;0;0;0;0;0;0;0;0;0
FR;5;2021-06-08;0;0;0;0;0;0;0;0;0;0;0;0;0;0;0;0;0;0
FR;5;2021-06-09;0;0;0;0;0;0;0;0;0;0;0;0;0;0;0;0;0;0
FR;5;2021-06-10;0;0;0;0;0;0;0;0;0;0;0;0;0;0;0;0;0;0
FR;5;2021-06-11;0;0;0;0;0;0;0;0;0;0;0;0;0;0;0;0;0;0
FR;5;2021-06-12;0;0;0;0;0;0;0;0;0;0;0;0;0;0;0;0;0;0
FR;5;2021-06-13;0;0;0;0;0;0;0;0;0;0;0;0;0;0;0;0;0;0
FR;5;2021-06-14;0;0;0;0;0;0;0;0;0;0;0;0;0;0;0;0;0;0
FR;5;2021-06-15;0;0;0;0;0;0;0;0;0;0;0;0;0;0;0;0;0;0
FR;5;2021-06-16;0;0;0;0;0;0;0;0;0;0;0;0;0;0;0;0;0;0
FR;5;2021-06-17;0;0;0;0;0;0;0;0;0;0;0;0;0;0;0;0;0;0
FR;5;2021-06-18;0;0;0;0;0;0;0;0;0;0;0;0;0;0;0;0;0;0
FR;5;2021-06-19;0;0;0;0;0;0;0;0;0;0;0;0;0;0;0;0;0;0
FR;5;2021-06-20;0;0;0;0;0;0;0;0;0;0;0;0;0;0;0;0;0;0
FR;5;2021-06-21;0;0;0;0;0;0;0;0;0;0;0;0;0;0;0;0;0;0
FR;5;2021-06-22;0;0;0;0;0;0;0;0;0;0;0;0;0;0;0;0;0;0
FR;5;2021-06-23;0;0;0;0;0;0;0;0;0;0;0;0;0;0;0;0;0;0
FR;5;2021-06-24;0;0;0;0;0;0;0;0;0;0;0;0;0;0;0;0;0;0
FR;5;2021-06-25;0;0;0;0;0;0;0;0;0;0;0;0;0;0;0;0;0;0
FR;5;2021-06-26;0;0;0;0;0;0;0;0;0;0;0;0;0;0;0;0;0;0
FR;5;2021-06-27;0;0;0;0;0;0;0;0;0;0;0;0;0;0;0;0;0;0
FR;5;2021-06-28;0;0;0;0;0;0;0;0;0;0;0;0;0;0;0;0;0;0
FR;5;2021-06-29;0;0;0;0;0;0;0;0;0;0;0;0;0;0;0;0;0;0
FR;5;2021-06-30;0;0;0;0;0;0;0;0;0;0;0;0;0;0;0;0;0;0
FR;5;2021-07-01;0;0;0;0;0;0;0;0;0;0;0;0;0;0;0;0;0;0
FR;5;2021-07-02;0;0;0;0;0;0;0;0;0;0;0;0;0;0;0;0;0;0
FR;5;2021-07-03;0;0;0;0;0;0;0;0;0;0;0;0;0;0;0;0;0;0
FR;5;2021-07-04;0;0;0;0;0;0;0;0;0;0;0;0;0;0;0;0;0;0
FR;5;2021-07-05;0;0;0;0;0;0;0;0;0;0;0;0;0;0;0;0;0;0
FR;5;2021-07-06;0;0;0;0;0;0;0;0;0;0;0;0;0;0;0;0;0;0
FR;5;2021-07-07;0;0;0;0;0;0;0;0;0;0;0;0;0;0;0;0;0;0
FR;5;2021-07-08;0;0;0;0;0;0;0;0;0;0;0;0;0;0;0;0;0;0
FR;5;2021-07-09;0;0;0;0;0;0;0;0;0;0;0;0;0;0;0;0;0;0
FR;5;2021-07-10;0;0;0;0;0;0;0;0;0;0;0;0;0;0;0;0;0;0
FR;5;2021-07-11;0;0;0;0;0;0;0;0;0;0;0;0;0;0;0;0;0;0
FR;5;2021-07-12;0;0;0;0;0;0;0;0;0;0;0;0;0;0;0;0;0;0
FR;5;2021-07-13;0;0;0;0;0;0;0;0;0;0;0;0;0;0;0;0;0;0
FR;5;2021-07-14;0;0;0;0;0;0;0;0;0;0;0;0;0;0;0;0;0;0
FR;5;2021-07-15;0;0;0;0;0;0;0;0;0;0;0;0;0;0;0;0;0;0
FR;5;2021-07-16;0;0;0;0;0;0;0;0;0;0;0;0;0;0;0;0;0;0
FR;5;2021-07-17;0;0;0;0;0;0;0;0;0;0;0;0;0;0;0;0;0;0
FR;5;2021-07-18;0;0;0;0;0;0;0;0;0;0;0;0;0;0;0;0;0;0
FR;5;2021-07-19;0;0;0;0;0;0;0;0;0;0;0;0;0;0;0;0;0;0
FR;5;2021-07-20;0;0;0;0;0;0;0;0;0;0;0;0;0;0;0;0;0;0
FR;5;2021-07-21;0;0;0;0;0;0;0;0;0;0;0;0;0;0;0;0;0;0
FR;5;2021-07-22;0;0;0;0;0;0;0;0;0;0;0;0;0;0;0;0;0;0
FR;5;2021-07-23;0;0;0;0;0;0;0;0;0;0;0;0;0;0;0;0;0;0
FR;5;2021-07-24;0;0;0;0;0;0;0;0;0;0;0;0;0;0;0;0;0;0
FR;5;2021-07-25;0;0;0;0;0;0;0;0;0;0;0;0;0;0;0;0;0;0
FR;5;2021-07-26;0;0;0;0;0;0;0;0;0;0;0;0;0;0;0;0;0;0
FR;5;2021-07-27;0;0;0;0;0;0;0;0;0;0;0;0;0;0;0;0;0;0
FR;5;2021-07-28;0;0;0;0;0;0;0;0;0;0;0;0;0;0;0;0;0;0
FR;5;2021-07-29;0;0;0;0;0;0;0;0;0;0;0;0;0;0;0;0;0;0
FR;5;2021-07-30;0;0;0;0;0;0;0;0;0;0;0;0;0;0;0;0;0;0
FR;5;2021-07-31;0;0;0;0;0;0;0;0;0;0;0;0;0;0;0;0;0;0
FR;5;2021-08-01;0;0;0;0;0;0;0;0;0;0;0;0;0;0;0;0;0;0
FR;5;2021-08-02;0;0;0;0;0;0;0;0;0;0;0;0;0;0;0;0;0;0
FR;5;2021-08-03;0;0;0;0;0;0;0;0;0;0;0;0;0;0;0;0;0;0
FR;5;2021-08-04;0;0;0;0;0;0;0;0;0;0;0;0;0;0;0;0;0;0
FR;5;2021-08-05;0;0;0;0;0;0;0;0;0;0;0;0;0;0;0;0;0;0
FR;5;2021-08-06;0;0;0;0;0;0;0;0;0;0;0;0;0;0;0;0;0;0
FR;5;2021-08-07;0;0;0;0;0;0;0;0;0;0;0;0;0;0;0;0;0;0
FR;5;2021-08-08;0;0;0;0;0;0;0;0;0;0;0;0;0;0;0;0;0;0
FR;5;2021-08-09;0;0;0;0;0;0;0;0;0;0;0;0;0;0;0;0;0;0
FR;5;2021-08-10;0;0;0;0;0;0;0;0;0;0;0;0;0;0;0;0;0;0
FR;5;2021-08-11;0;0;0;0;0;0;0;0;0;0;0;0;0;0;0;0;0;0
FR;5;2021-08-12;0;0;0;0;0;0;0;0;0;0;0;0;0;0;0;0;0;0
FR;5;2021-08-13;0;0;0;0;0;0;0;0;0;0;0;0;0;0;0;0;0;0
FR;5;2021-08-14;0;0;0;0;0;0;0;0;0;0;0;0;0;0;0;0;0;0
FR;5;2021-08-15;0;0;0;0;0;0;0;0;0;0;0;0;0;0;0;0;0;0
FR;5;2021-08-16;0;0;0;0;0;0;0;0;0;0;0;0;0;0;0;0;0;0
FR;5;2021-08-17;0;0;0;0;0;0;0;0;0;0;0;0;0;0;0;0;0;0
FR;5;2021-08-18;0;0;0;0;0;0;0;0;0;0;0;0;0;0;0;0;0;0
FR;5;2021-08-19;0;0;0;0;0;0;0;0;0;0;0;0;0;0;0;0;0;0
FR;5;2021-08-20;0;0;0;0;0;0;0;0;0;0;0;0;0;0;0;0;0;0
FR;5;2021-08-21;0;0;0;0;0;0;0;0;0;0;0;0;0;0;0;0;0;0
FR;5;2021-08-22;0;0;0;0;0;0;0;0;0;0;0;0;0;0;0;0;0;0
FR;5;2021-08-23;0;0;0;0;0;0;0;0;0;0;0;0;0;0;0;0;0;0
FR;5;2021-08-24;0;0;0;0;0;0;0;0;0;0;0;0;0;0;0;0;0;0
FR;5;2021-08-25;0;0;0;0;0;0;0;0;0;0;0;0;0;0;0;0;0;0
FR;5;2021-08-26;0;0;0;0;0;0;0;0;0;0;0;0;0;0;0;0;0;0
FR;5;2021-08-27;0;0;0;0;0;0;0;0;0;0;0;0;0;0;0;0;0;0
FR;5;2021-08-28;0;0;0;0;0;0;0;0;0;0;0;0;0;0;0;0;0;0
FR;5;2021-08-29;0;0;0;0;0;0;0;0;0;0;0;0;0;0;0;0;0;0
FR;5;2021-08-30;0;0;0;0;0;0;0;0;0;0;0;0;0;0;0;0;0;0
FR;5;2021-08-31;0;0;0;0;0;0;0;0;0;0;0;0;0;0;0;0;0;0
FR;5;2021-09-01;0;0;0;0;0;0;0;0;0;0;0;0;0;0;0;0;0;0
FR;5;2021-09-02;0;0;0;0;0;0;0;0;0;0;0;0;0;0;0;0;0;0
FR;5;2021-09-03;0;0;0;0;0;0;0;0;0;0;0;0;0;0;0;0;0;0
FR;5;2021-09-04;0;0;0;0;0;0;0;0;0;0;0;0;0;0;0;0;0;0
FR;5;2021-09-05;0;0;0;0;0;0;0;0;0;0;0;0;0;0;0;0;0;0
FR;5;2021-09-06;0;0;0;0;0;0;0;0;0;0;0;0;0;0;0;0;0;0
FR;5;2021-09-07;0;0;0;0;0;0;0;0;0;0;0;0;0;0;0;0;0;0
FR;5;2021-09-08;0;0;0;0;0;0;0;0;0;0;0;0;0;0;0;0;0;0
FR;5;2021-09-09;0;0;0;0;0;0;0;0;0;0;0;0;0;0;0;0;0;0
FR;5;2021-09-10;0;0;0;0;0;0;0;0;0;0;0;0;0;0;0;0;0;0
FR;5;2021-09-11;0;0;0;0;0;0;0;0;0;0;0;0;0;0;0;0;0;0
FR;5;2021-09-12;0;0;0;0;0;0;0;0;0;0;0;0;0;0;0;0;0;0
FR;5;2021-09-13;0;0;0;0;0;0;0;0;0;0;0;0;0;0;0;0;0;0
FR;5;2021-09-14;0;0;0;0;0;0;0;0;0;0;0;0;0;0;0;0;0;0
FR;5;2021-09-15;0;0;0;0;0;0;0;0;0;0;0;0;0;0;0;0;0;0
FR;5;2021-09-16;0;0;0;0;0;0;0;0;0;0;0;0;0;0;0;0;0;0
FR;5;2021-09-17;0;0;0;0;0;0;0;0;0;0;0;0;0;0;0;0;0;0
FR;5;2021-09-18;0;0;0;0;0;0;0;0;0;0;0;0;0;0;0;0;0;0
FR;5;2021-09-19;0;0;0;0;0;0;0;0;0;0;0;0;0;0;0;0;0;0
FR;5;2021-09-20;0;0;0;0;0;0;0;0;0;0;0;0;0;0;0;0;0;0
FR;5;2021-09-21;0;0;0;0;0;0;0;0;0;0;0;0;0;0;0;0;0;0
FR;5;2021-09-22;0;0;0;0;0;0;0;0;0;0;0;0;0;0;0;0;0;0
FR;5;2021-09-23;0;0;0;0;0;0;0;0;0;0;0;0;0;0;0;0;0;0
FR;5;2021-09-24;0;0;0;0;0;0;0;0;0;0;0;0;0;0;0;0;0;0
FR;5;2021-09-25;0;0;0;0;0;0;0;0;0;0;0;0;0;0;0;0;0;0
FR;5;2021-09-26;0;0;0;0;0;0;0;0;0;0;0;0;0;0;0;0;0;0
FR;5;2021-09-27;0;0;0;0;0;0;0;0;0;0;0;0;0;0;0;0;0;0
FR;5;2021-09-28;0;0;0;0;0;0;0;0;0;0;0;0;0;0;0;0;0;0
FR;5;2021-09-29;0;0;0;0;0;0;0;0;0;0;0;0;0;0;0;0;0;0
FR;5;2021-09-30;0;0;0;0;0;0;0;0;0;0;0;0;0;0;0;0;0;0
FR;5;2021-10-01;0;0;0;0;0;0;0;0;0;0;0;0;0;0;0;0;0;0
FR;5;2021-10-02;0;0;0;0;0;0;0;0;0;0;0;0;0;0;0;0;0;0
FR;5;2021-10-03;0;0;0;0;0;0;0;0;0;0;0;0;0;0;0;0;0;0
FR;5;2021-10-04;0;0;0;0;0;0;0;0;0;0;0;0;0;0;0;0;0;0
FR;5;2021-10-05;0;0;0;0;0;0;0;0;0;0;0;0;0;0;0;0;0;0
FR;5;2021-10-06;0;0;0;0;0;0;0;0;0;0;0;0;0;0;0;0;0;0
FR;5;2021-10-07;0;0;0;0;0;0;0;0;0;0;0;0;0;0;0;0;0;0
FR;5;2021-10-08;0;0;0;0;0;0;0;0;0;0;0;0;0;0;0;0;0;0
FR;5;2021-10-09;0;0;0;0;0;0;0;0;0;0;0;0;0;0;0;0;0;0
FR;5;2021-10-10;0;0;0;0;0;0;0;0;0;0;0;0;0;0;0;0;0;0
FR;5;2021-10-11;0;0;0;0;0;0;0;0;0;0;0;0;0;0;0;0;0;0
FR;5;2021-10-12;0;0;0;0;0;0;0;0;0;0;0;0;0;0;0;0;0;0
FR;5;2021-10-13;0;0;0;0;0;0;0;0;0;0;0;0;0;0;0;0;0;0
FR;5;2021-10-14;0;0;0;0;0;0;0;0;0;0;0;0;0;0;0;0;0;0
FR;5;2021-10-15;0;0;0;0;0;0;0;0;0;0;0;0;0;0;0;0;0;0
FR;5;2021-10-16;0;0;0;0;0;0;0;0;0;0;0;0;0;0;0;0;0;0
FR;5;2021-10-17;0;0;0;0;0;0;0;0;0;0;0;0;0;0;0;0;0;0
FR;5;2021-10-18;0;0;0;0;0;0;0;0;0;0;0;0;0;0;0;0;0;0
FR;5;2021-10-19;0;0;0;0;0;0;0;0;0;0;0;0;0;0;0;0;0;0
FR;5;2021-10-20;0;0;0;0;0;0;0;0;0;0;0;0;0;0;0;0;0;0
FR;5;2021-10-21;0;0;0;0;0;0;0;0;0;0;0;0;0;0;0;0;0;0
FR;5;2021-10-22;0;0;0;0;0;0;0;0;0;0;0;0;0;0;0;0;0;0
FR;5;2021-10-23;0;0;0;0;0;0;0;0;0;0;0;0;0;0;0;0;0;0
FR;5;2021-10-24;0;0;0;0;0;0;0;0;0;0;0;0;0;0;0;0;0;0
FR;5;2021-10-25;0;0;0;0;0;0;0;0;0;0;0;0;0;0;0;0;0;0
FR;5;2021-10-26;0;0;0;0;0;0;0;0;0;0;0;0;0;0;0;0;0;0
FR;5;2021-10-27;0;0;0;0;0;0;0;0;0;0;0;0;0;0;0;0;0;0
FR;5;2021-10-28;0;0;0;0;0;0;0;0;0;0;0;0;0;0;0;0;0;0
FR;5;2021-10-29;0;0;0;0;0;0;0;0;0;0;0;0;0;0;0;0;0;0
FR;5;2021-10-30;0;0;0;0;0;0;0;0;0;0;0;0;0;0;0;0;0;0
FR;5;2021-10-31;0;0;0;0;0;0;0;0;0;0;0;0;0;0;0;0;0;0
FR;5;2021-11-01;0;0;0;0;0;0;0;0;0;0;0;0;0;0;0;0;0;0
FR;5;2021-11-02;0;0;0;0;0;0;0;0;0;0;0;0;0;0;0;0;0;0
FR;5;2021-11-03;0;0;0;0;0;0;0;0;0;0;0;0;0;0;0;0;0;0
FR;5;2021-11-04;0;0;0;0;0;0;0;0;0;0;0;0;0;0;0;0;0;0
FR;5;2021-11-05;0;0;0;0;0;0;0;0;0;0;0;0;0;0;0;0;0;0
FR;5;2021-11-06;0;0;0;0;0;0;0;0;0;0;0;0;0;0;0;0;0;0
FR;5;2021-11-07;0;0;0;0;0;0;0;0;0;0;0;0;0;0;0;0;0;0
FR;5;2021-11-08;0;0;0;0;0;0;0;0;0;0;0;0;0;0;0;0;0;0
FR;5;2021-11-09;0;0;0;0;0;0;0;0;0;0;0;0;0;0;0;0;0;0
FR;5;2021-11-10;0;0;0;0;0;0;0;0;0;0;0;0;0;0;0;0;0;0
FR;5;2021-11-11;0;0;0;0;0;0;0;0;0;0;0;0;0;0;0;0;0;0
FR;5;2021-11-12;0;0;0;0;0;0;0;0;0;0;0;0;0;0;0;0;0;0
FR;5;2021-11-13;0;0;0;0;0;0;0;0;0;0;0;0;0;0;0;0;0;0
FR;5;2021-11-14;0;0;0;0;0;0;0;0;0;0;0;0;0;0;0;0;0;0
FR;5;2021-11-15;0;0;0;0;0;0;0;0;0;0;0;0;0;0;0;0;0;0
FR;5;2021-11-16;0;0;0;0;0;0;0;0;0;0;0;0;0;0;0;0;0;0
FR;5;2021-11-17;0;0;0;0;0;0;0;0;0;0;0;0;0;0;0;0;0;0
FR;5;2021-11-18;0;0;0;0;0;0;0;0;0;0;0;0;0;0;0;0;0;0
FR;5;2021-11-19;0;0;0;0;0;0;0;0;0;0;0;0;0;0;0;0;0;0
FR;5;2021-11-20;0;0;0;0;0;0;0;0;0;0;0;0;0;0;0;0;0;0
FR;5;2021-11-21;0;0;0;0;0;0;0;0;0;0;0;0;0;0;0;0;0;0
FR;5;2021-11-22;0;0;0;0;0;0;0;0;0;0;0;0;0;0;0;0;0;0
FR;5;2021-11-23;0;0;0;0;0;0;0;0;0;0;0;0;0;0;0;0;0;0
FR;5;2021-11-24;0;0;0;0;0;0;0;0;0;0;0;0;0;0;0;0;0;0
FR;5;2021-11-25;0;0;0;0;0;0;0;0;0;0;0;0;0;0;0;0;0;0
FR;5;2021-11-26;0;0;0;0;0;0;0;0;0;0;0;0;0;0;0;0;0;0
FR;5;2021-11-27;0;0;0;0;0;0;0;0;0;0;0;0;0;0;0;0;0;0
FR;5;2021-11-28;0;0;0;0;0;0;0;0;0;0;0;0;0;0;0;0;0;0
FR;5;2021-11-29;0;0;0;0;0;0;0;0;0;0;0;0;0;0;0;0;0;0
FR;5;2021-11-30;0;0;0;0;0;0;0;0;0;0;0;0;0;0;0;0;0;0
FR;5;2021-12-01;0;0;0;0;0;0;0;0;0;0;0;0;0;0;0;0;0;0
FR;5;2021-12-02;0;0;0;0;0;0;0;0;0;0;0;0;0;0;0;0;0;0
FR;5;2021-12-03;0;0;0;0;0;0;0;0;0;0;0;0;0;0;0;0;0;0
FR;5;2021-12-04;0;0;0;0;0;0;0;0;0;0;0;0;0;0;0;0;0;0
FR;5;2021-12-05;0;0;0;0;0;0;0;0;0;0;0;0;0;0;0;0;0;0
FR;5;2021-12-06;0;0;0;0;0;0;0;0;0;0;0;0;0;0;0;0;0;0
FR;5;2021-12-07;0;0;0;0;0;0;0;0;0;0;0;0;0;0;0;0;0;0
FR;5;2021-12-08;0;0;0;0;0;0;0;0;0;0;0;0;0;0;0;0;0;0
FR;5;2021-12-09;0;0;0;0;0;0;0;0;0;0;0;0;0;0;0;0;0;0
FR;5;2021-12-10;0;0;0;0;0;0;0;0;0;0;0;0;0;0;0;0;0;0
FR;5;2021-12-11;0;0;0;0;0;0;0;0;0;0;0;0;0;0;0;0;0;0
FR;5;2021-12-12;0;0;0;0;0;0;0;0;0;0;0;0;0;0;0;0;0;0
FR;5;2021-12-13;0;0;0;0;0;0;0;0;0;0;0;0;0;0;0;0;0;0
FR;5;2021-12-14;33;45;77;0;27;88;1;0;0;33;45;77;0;27;88;1;0;0
FR;5;2021-12-15;196;44;37;0;42;49;0;0;0;229;89;114;0;69;137;1;0;0
FR;5;2021-12-16;181;21;44;0;38;48;0;0;0;410;110;158;0;107;185;1;0;0
FR;5;2021-12-17;313;16;72;0;34;74;2;0;0;723;126;230;0;141;259;3;0;0
FR;5;2021-12-18;766;24;22;0;67;29;0;0;0;1489;150;252;0;208;288;3;0;0
FR;5;2021-12-19;585;15;15;0;67;17;0;0;0;2074;165;267;0;275;305;3;0;0
FR;5;2021-12-20;1225;31;34;0;134;37;2;0;0;3299;196;301;0;409;342;5;0;0
FR;5;2021-12-21;1535;22;54;1;141;60;0;0;0;4834;218;355;1;550;402;5;0;0
FR;5;2021-12-22;4069;40;37;0;420;46;2;0;0;8903;258;392;1;970;448;7;0;0
FR;5;2021-12-23;3043;16;21;0;305;25;0;0;0;11946;274;413;1;1275;473;7;0;0
FR;5;2021-12-24;761;18;9;0;103;14;0;0;0;12707;292;422;1;1378;487;7;0;0
FR;5;2021-12-25;61;5;2;0;9;3;0;0;0;12768;297;424;1;1387;490;7;0;0
FR;5;2021-12-26;623;6;3;0;101;4;0;0;0;13391;303;427;1;1488;494;7;0;0
FR;5;2021-12-27;4085;25;21;0;458;23;1;0;0;17476;328;448;1;1946;517;8;0;0
FR;5;2021-12-28;5204;23;41;1;513;43;2;0;0;22680;351;489;2;2459;560;10;0;0
FR;5;2021-12-29;8105;34;66;1;888;69;0;0;0;30785;385;555;3;3347;629;10;0;0
FR;5;2021-12-30;5173;18;33;0;525;39;0;0;0;35958;403;588;3;3872;668;10;0;0
FR;5;2021-12-31;1554;8;10;0;182;11;0;0;0;37512;411;598;3;4054;679;10;0;0
FR;5;2022-01-01;186;2;2;0;24;3;0;0;0;37698;413;600;3;4078;682;10;0;0
FR;5;2022-01-02;1489;1;1;0;152;1;0;0;0;39187;414;601;3;4230;683;10;0;0
FR;5;2022-01-03;3069;36;34;0;323;33;1;0;0;42256;450;635;3;4553;716;11;0;0
FR;5;2022-01-04;3034;39;33;0;321;42;3;0;0;45290;489;668;3;4874;758;14;0;0
FR;5;2022-01-05;19324;203;97;1;2118;108;0;0;0;64614;692;765;4;6992;866;14;0;0
FR;5;2022-01-06;3748;134;122;0;507;142;2;0;0;68362;826;887;4;7499;1008;16;0;0
FR;5;2022-01-07;5006;202;48;2;705;56;1;0;0;73368;1028;935;6;8204;1064;17;0;0
FR;5;2022-01-08;13659;514;45;0;2003;52;0;0;0;87027;1542;980;6;10207;1116;17;0;0
FR;5;2022-01-09;5754;399;15;0;1112;20;1;0;0;92781;1941;995;6;11319;1136;18;0;0
FR;5;2022-01-10;3455;326;25;0;735;29;0;0;0;96236;2267;1020;6;12054;1165;18;0;0
FR;5;2022-01-11;3671;283;38;0;661;41;1;0;0;99907;2550;1058;6;12715;1206;19;0;0
FR;5;2022-01-12;22650;3005;89;0;5297;112;2;0;0;122557;5555;1147;6;18012;1318;21;0;0
FR;5;2022-01-13;4039;623;29;0;1052;31;2;0;0;126596;6178;1176;6;19064;1349;23;0;0
FR;5;2022-01-14;4843;583;45;0;1115;52;1;0;0;131439;6761;1221;6;20179;1401;24;0;0
FR;5;2022-01-15;14686;1747;38;3;3378;49;3;0;0;146125;8508;1259;9;23557;1450;27;0;0
FR;5;2022-01-16;4728;666;3;0;1261;5;0;0;0;150853;9174;1262;9;24818;1455;27;0;0
FR;5;2022-01-17;2297;718;26;0;986;29;0;0;0;153150;9892;1288;9;25804;1484;27;0;0
FR;5;2022-01-18;2431;870;30;0;1141;40;0;0;0;155581;10762;1318;9;26945;1524;27;0;0
FR;5;2022-01-19;18484;6423;74;2;8366;142;3;0;0;174065;17185;1392;11;35311;1666;30;0;0
FR;5;2022-01-20;1920;1067;25;0;1295;34;2;0;0;175985;18252;1417;11;36606;1700;32;0;0
FR;5;2022-01-21;3077;1372;47;1;1677;59;2;0;0;179062;19624;1464;12;38283;1759;34;0;0
FR;5;2022-01-22;10720;3454;33;1;4671;43;1;0;0;189782;23078;1497;13;42954;1802;35;0;0
FR;5;2022-01-23;2629;1415;6;0;1789;10;0;0;0;192411;24493;1503;13;44743;1812;35;0;0
FR;5;2022-01-24;1161;1341;19;0;1447;23;1;0;0;193572;25834;1522;13;46190;1835;36;0;0
FR;5;2022-01-25;1220;1550;20;2;1684;31;3;0;0;194792;27384;1542;15;47874;1866;39;0;0
FR;5;2022-01-26;10748;12032;50;1;13300;89;1;0;1;205540;39416;1592;16;61174;1955;40;0;1
FR;5;2022-01-27;1291;1693;10;0;1838;17;0;0;0;206831;41109;1602;16;63012;1972;40;0;1
FR;5;2022-01-28;1698;3346;16;0;3566;19;1;0;0;208529;44455;1618;16;66578;1991;41;0;1
FR;5;2022-01-29;6241;8041;68;0;8855;96;2;0;0;214770;52496;1686;16;75433;2087;43;0;1
FR;5;2022-01-30;1509;2950;5;0;3185;18;0;0;0;216279;55446;1691;16;78618;2105;43;0;1
FR;5;2022-01-31;589;1773;23;0;1837;24;3;0;0;216868;57219;1714;16;80455;2129;46;0;1
FR;5;2022-02-01;712;1706;10;0;1791;15;0;0;0;217580;58925;1724;16;82246;2144;46;0;1
FR;5;2022-02-02;6959;15655;52;0;16603;94;0;0;0;224539;74580;1776;16;98849;2238;46;0;1
FR;5;2022-02-03;492;1691;14;0;1748;13;5;0;0;225031;76271;1790;16;100597;2251;51;0;1
FR;5;2022-02-04;945;3002;19;0;3123;31;0;0;0;225976;79273;1809;16;103720;2282;51;0;1
FR;5;2022-02-05;3536;8919;23;0;9517;37;0;0;0;229512;88192;1832;16;113237;2319;51;0;1
FR;5;2022-02-06;737;2398;10;0;2556;19;0;0;0;230249;90590;1842;16;115793;2338;51;0;1
FR;5;2022-02-07;884;1596;23;0;1715;25;2;0;0;231133;92186;1865;16;117508;2363;53;0;1
FR;5;2022-02-08;725;1287;18;0;1407;20;2;0;0;231858;93473;1883;16;118915;2383;55;0;1
FR;5;2022-02-09;4544;12880;44;0;13608;76;1;0;0;236402;106353;1927;16;132523;2459;56;0;1
FR;5;2022-02-10;646;1059;14;0;1166;15;0;0;0;237048;107412;1941;16;133689;2474;56;0;1
FR;5;2022-02-11;793;2032;16;0;2163;21;1;0;0;237841;109444;1957;16;135852;2495;57;0;1
FR;5;2022-02-12;2286;6812;33;0;7279;53;0;0;0;240127;116256;1990;16;143131;2548;57;0;1
FR;5;2022-02-13;464;1541;8;0;1654;8;1;0;0;240591;117797;1998;16;144785;2556;58;0;1
FR;5;2022-02-14;678;1288;10;0;1407;13;1;0;0;241269;119085;2008;16;146192;2569;59;0;1
FR;5;2022-02-15;482;886;9;0;968;14;1;0;0;241751;119971;2017;16;147160;2583;60;0;1
FR;5;2022-02-16;2980;9124;41;1;9676;58;2;0;0;244731;129095;2058;17;156836;2641;62;0;1
FR;5;2022-02-17;436;809;6;0;876;7;1;0;0;245167;129904;2064;17;157712;2648;63;0;1
FR;5;2022-02-18;649;1408;13;0;1535;17;0;0;0;245816;131312;2077;17;159247;2665;63;0;1
FR;5;2022-02-19;1373;4315;16;0;4623;28;0;0;0;247189;135627;2093;17;163870;2693;63;0;1
FR;5;2022-02-20;247;879;6;0;941;8;0;0;0;247436;136506;2099;17;164811;2701;63;0;1
FR;5;2022-02-21;221;607;2;0;661;4;1;0;0;247657;137113;2101;17;165472;2705;64;0;1
FR;5;2022-02-22;262;545;17;0;591;17;1;0;0;247919;137658;2118;17;166063;2722;65;0;1
FR;5;2022-02-23;1909;6926;23;1;7346;43;0;0;0;249828;144584;2141;18;173409;2765;65;0;1
FR;5;2022-02-24;182;374;6;1;421;7;1;0;0;250010;144958;2147;19;173830;2772;66;0;1
FR;5;2022-02-25;336;951;13;0;1028;12;2;0;0;250346;145909;2160;19;174858;2784;68;0;1
FR;5;2022-02-26;972;3071;11;0;3333;15;2;0;0;251318;148980;2171;19;178191;2799;70;0;1
FR;5;2022-02-27;151;506;0;0;549;3;0;0;0;251469;149486;2171;19;178740;2802;70;0;1
FR;5;2022-02-28;162;369;1;0;408;1;0;0;0;251631;149855;2172;19;179148;2803;70;0;1
FR;5;2022-03-01;130;280;6;0;315;7;1;0;0;251761;150135;2178;19;179463;2810;71;0;1
FR;5;2022-03-02;1242;4156;28;3;4497;40;3;0;0;253003;154291;2206;22;183960;2850;74;0;1
FR;5;2022-03-03;121;251;5;0;271;10;1;0;0;253124;154542;2211;22;184231;2860;75;0;1
FR;5;2022-03-04;197;488;13;0;538;14;2;0;0;253321;155030;2224;22;184769;2874;77;0;1
FR;5;2022-03-05;677;1990;8;0;2243;16;2;0;0;253998;157020;2232;22;187012;2890;79;0;1
FR;5;2022-03-06;108;260;0;0;310;0;0;0;0;254106;157280;2232;22;187322;2890;79;0;1
FR;5;2022-03-07;71;228;5;0;254;3;2;0;0;254177;157508;2237;22;187576;2893;81;0;1
FR;5;2022-03-08;46;134;7;1;141;8;3;0;0;254223;157642;2244;23;187717;2901;84;0;1
FR;5;2022-03-09;911;3078;24;0;3407;36;0;0;0;255134;160720;2268;23;191124;2937;84;0;1
FR;5;2022-03-10;82;202;9;0;216;13;3;0;0;255216;160922;2277;23;191340;2950;87;0;1
FR;5;2022-03-11;148;369;13;1;426;15;0;0;0;255364;161291;2290;24;191766;2965;87;0;1
FR;5;2022-03-12;758;1613;13;1;1977;30;0;0;0;256122;162904;2303;25;193743;2995;87;0;1
FR;5;2022-03-13;78;102;0;0;135;0;0;0;0;256200;163006;2303;25;193878;2995;87;0;1
FR;5;2022-03-14;69;119;7;1;139;7;1;0;0;256269;163125;2310;26;194017;3002;88;0;1
FR;5;2022-03-15;83;99;4;0;119;7;1;0;0;256352;163224;2314;26;194136;3009;89;0;1
FR;5;2022-03-16;882;1827;15;3;2227;36;7;0;0;257234;165051;2329;29;196363;3045;96;0;1
FR;5;2022-03-17;68;123;8;4;151;10;4;0;0;257302;165174;2337;33;196514;3055;100;0;1
FR;5;2022-03-18;172;318;13;4;391;18;4;0;0;257474;165492;2350;37;196905;3073;104;0;1
FR;5;2022-03-19;752;1163;12;5;1555;33;8;0;0;258226;166655;2362;42;198460;3106;112;0;1
FR;5;2022-03-20;45;93;1;0;119;1;0;0;0;258271;166748;2363;42;198579;3107;112;0;1
FR;5;2022-03-21;71;120;10;6;136;15;8;0;0;258342;166868;2373;48;198715;3122;120;0;1
FR;5;2022-03-22;56;119;8;7;143;9;6;0;0;258398;166987;2381;55;198858;3131;126;0;1
FR;5;2022-03-23;805;1461;14;8;1878;36;9;0;0;259203;168448;2395;63;200736;3167;135;0;1
FR;5;2022-03-24;71;93;8;7;118;7;10;0;0;259274;168541;2403;70;200854;3174;145;0;1
FR;5;2022-03-25;222;293;14;8;388;18;9;0;0;259496;168834;2417;78;201242;3192;154;0;1
FR;5;2022-03-26;707;853;12;5;1273;26;6;0;1;260203;169687;2429;83;202515;3218;160;0;2
FR;5;2022-03-27;76;81;0;0;124;3;0;0;0;260279;169768;2429;83;202639;3221;160;0;2
FR;5;2022-03-28;81;93;1;2;132;3;2;0;0;260360;169861;2430;85;202771;3224;162;0;2
FR;5;2022-03-29;71;83;10;4;114;12;5;0;0;260431;169944;2440;89;202885;3236;167;0;2
FR;5;2022-03-30;823;1116;16;13;1604;29;14;0;0;261254;171060;2456;102;204489;3265;181;0;2
FR;5;2022-03-31;102;125;1;4;173;6;4;0;0;261356;171185;2457;106;204662;3271;185;0;2
FR;5;2022-04-01;114;86;7;12;135;11;12;0;1;261470;171271;2464;118;204797;3282;197;0;3
FR;5;2022-04-02;330;349;3;3;535;15;4;0;0;261800;171620;2467;121;205332;3297;201;0;3
FR;5;2022-04-03;54;59;1;0;88;1;0;0;0;261854;171679;2468;121;205420;3298;201;0;3
FR;5;2022-04-04;40;57;4;1;70;8;2;0;0;261894;171736;2472;122;205490;3306;203;0;3
FR;5;2022-04-05;53;60;6;6;75;9;5;0;0;261947;171796;2478;128;205565;3315;208;0;3
FR;5;2022-04-06;421;439;7;14;678;16;14;0;0;262368;172235;2485;142;206243;3331;222;0;3
FR;5;2022-04-07;45;69;5;7;89;7;10;0;0;262413;172304;2490;149;206332;3338;232;0;3
FR;5;2022-04-08;134;112;12;13;175;14;15;0;0;262547;172416;2502;162;206507;3352;247;0;3
FR;5;2022-04-09;311;324;2;5;511;17;5;0;0;262858;172740;2504;167;207018;3369;252;0;3
FR;5;2022-04-10;44;31;2;0;61;2;1;0;0;262902;172771;2506;167;207079;3371;253;0;3
FR;5;2022-04-11;50;60;3;2;78;4;3;0;0;262952;172831;2509;169;207157;3375;256;0;3
FR;5;2022-04-12;59;54;3;3;78;5;3;0;0;263011;172885;2512;172;207235;3380;259;0;3
FR;5;2022-04-13;382;413;3;8;606;16;8;0;0;263393;173298;2515;180;207841;3396;267;0;3
FR;5;2022-04-14;48;53;5;5;70;9;3;0;0;263441;173351;2520;185;207911;3405;270;0;3
FR;5;2022-04-15;91;111;4;4;152;5;6;0;0;263532;173462;2524;189;208063;3410;276;0;3
FR;5;2022-04-16;188;184;2;1;265;13;1;0;0;263720;173646;2526;190;208328;3423;277;0;3
FR;5;2022-04-17;12;11;1;0;17;1;0;0;0;263732;173657;2527;190;208345;3424;277;0;3
FR;5;2022-04-18;9;10;2;0;11;3;1;0;0;263741;173667;2529;190;208356;3427;278;0;3
FR;5;2022-04-19;75;71;6;1;96;6;4;0;0;263816;173738;2535;191;208452;3433;282;0;3
FR;5;2022-04-20;361;349;9;6;521;12;7;0;0;264177;174087;2544;197;208973;3445;289;0;3
FR;5;2022-04-21;42;64;9;10;71;12;14;0;0;264219;174151;2553;207;209044;3457;303;0;3
FR;5;2022-04-22;113;96;5;4;144;5;5;0;0;264332;174247;2558;211;209188;3462;308;0;3
FR;5;2022-04-23;209;193;4;2;284;11;3;0;0;264541;174440;2562;213;209472;3473;311;0;3
FR;5;2022-04-24;37;35;0;0;50;3;0;0;0;264578;174475;2562;213;209522;3476;311;0;3
FR;5;2022-04-25;69;65;1;1;102;4;1;0;0;264647;174540;2563;214;209624;3480;312;0;3
FR;5;2022-04-26;60;63;2;1;85;5;1;0;0;264707;174603;2565;215;209709;3485;313;0;3
FR;5;2022-04-27;335;316;3;7;463;14;8;0;0;265042;174919;2568;222;210172;3499;321;0;3
FR;5;2022-04-28;81;54;4;5;81;8;7;0;0;265123;174973;2572;227;210253;3507;328;0;3
FR;5;2022-04-29;117;84;5;19;118;12;17;0;0;265240;175057;2577;246;210371;3519;345;0;3
FR;5;2022-04-30;183;114;2;3;184;10;4;0;0;265423;175171;2579;249;210555;3529;349;0;3
FR;5;2022-05-01;11;7;0;0;11;0;0;0;0;265434;175178;2579;249;210566;3529;349;0;3
FR;5;2022-05-02;52;28;4;5;48;2;7;0;0;265486;175206;2583;254;210614;3531;356;0;3
FR;5;2022-05-03;87;57;2;4;84;11;4;0;0;265573;175263;2585;258;210698;3542;360;0;3
FR;5;2022-05-04;278;205;1;2;324;7;2;0;0;265851;175468;2586;260;211022;3549;362;0;3
FR;5;2022-05-05;62;32;3;4;46;5;4;0;0;265913;175500;2589;264;211068;3554;366;0;3
FR;5;2022-05-06;105;65;2;3;106;5;3;0;0;266018;175565;2591;267;211174;3559;369;0;3
FR;5;2022-05-07;171;117;2;10;180;13;7;0;0;266189;175682;2593;277;211354;3572;376;0;3
FR;5;2022-05-08;8;8;0;0;9;2;0;0;0;266197;175690;2593;277;211363;3574;376;0;3
FR;5;2022-05-09;44;34;15;3;51;16;4;0;0;266241;175724;2608;280;211414;3590;380;0;3
FR;5;2022-05-10;54;49;3;4;67;5;5;0;0;266295;175773;2611;284;211481;3595;385;0;3
FR;5;2022-05-11;327;237;12;7;344;21;11;0;0;266622;176010;2623;291;211825;3616;396;0;3
FR;5;2022-05-12;46;34;2;2;47;2;3;0;0;266668;176044;2625;293;211872;3618;399;0;3
FR;5;2022-05-13;109;83;3;8;120;8;7;0;0;266777;176127;2628;301;211992;3626;406;0;3
FR;5;2022-05-14;209;131;0;1;212;8;0;0;0;266986;176258;2628;302;212204;3634;406;0;3
FR;5;2022-05-15;22;9;2;0;18;1;1;0;0;267008;176267;2630;302;212222;3635;407;0;3
FR;5;2022-05-16;52;34;4;5;53;4;5;0;0;267060;176301;2634;307;212275;3639;412;0;3
FR;5;2022-05-17;72;40;5;0;68;2;3;0;0;267132;176341;2639;307;212343;3641;415;0;3
FR;5;2022-05-18;289;215;4;4;330;8;6;0;0;267421;176556;2643;311;212673;3649;421;0;3
FR;5;2022-05-19;45;35;5;3;42;3;4;0;0;267466;176591;2648;314;212715;3652;425;0;3
FR;5;2022-05-20;76;63;3;10;92;1;11;0;0;267542;176654;2651;324;212807;3653;436;0;3
FR;5;2022-05-21;242;166;2;3;268;17;1;0;0;267784;176820;2653;327;213075;3670;437;0;3
FR;5;2022-05-22;20;14;2;5;20;2;6;0;0;267804;176834;2655;332;213095;3672;443;0;3
FR;5;2022-05-23;42;31;4;3;42;6;3;0;0;267846;176865;2659;335;213137;3678;446;0;3
FR;5;2022-05-24;47;45;3;2;60;5;2;0;0;267893;176910;2662;337;213197;3683;448;0;3
FR;5;2022-05-25;329;258;4;1;386;16;1;0;0;268222;177168;2666;338;213583;3699;449;0;3
FR;5;2022-05-26;17;5;0;1;9;2;0;0;1;268239;177173;2666;339;213592;3701;449;0;4
FR;5;2022-05-27;99;54;4;4;89;9;3;0;0;268338;177227;2670;343;213681;3710;452;0;4
FR;5;2022-05-28;100;78;5;3;106;10;3;0;0;268438;177305;2675;346;213787;3720;455;0;4
FR;5;2022-05-29;14;14;1;0;18;2;0;0;0;268452;177319;2676;346;213805;3722;455;0;4
FR;5;2022-05-30;56;41;2;1;54;2;2;0;0;268508;177360;2678;347;213859;3724;457;0;4
FR;5;2022-05-31;57;43;1;8;62;1;8;0;0;268565;177403;2679;355;213921;3725;465;0;4
FR;5;2022-06-01;257;241;9;2;302;25;5;0;0;268822;177644;2688;357;214223;3750;470;0;4
FR;5;2022-06-02;63;61;5;0;73;9;1;0;0;268885;177705;2693;357;214296;3759;471;0;4
FR;5;2022-06-03;82;71;4;5;88;10;6;0;0;268967;177776;2697;362;214384;3769;477;0;4
FR;5;2022-06-04;157;109;2;1;187;9;1;0;0;269124;177885;2699;363;214571;3778;478;0;4
FR;5;2022-06-05;18;11;0;0;21;1;0;0;0;269142;177896;2699;363;214592;3779;478;0;4
FR;5;2022-06-06;16;12;0;1;15;0;1;0;0;269158;177908;2699;364;214607;3779;479;0;4
FR;5;2022-06-07;50;56;1;1;76;2;1;0;0;269208;177964;2700;365;214683;3781;480;0;4
FR;5;2022-06-08;283;225;3;4;332;17;2;0;0;269491;178189;2703;369;215015;3798;482;0;4
FR;5;2022-06-09;52;41;6;3;57;7;2;0;1;269543;178230;2709;372;215072;3805;484;0;5
FR;5;2022-06-10;81;72;1;1;105;6;1;0;0;269624;178302;2710;373;215177;3811;485;0;5
FR;5;2022-06-11;173;141;3;3;202;10;4;0;0;269797;178443;2713;376;215379;3821;489;0;5
FR;5;2022-06-12;17;16;0;0;19;2;0;0;0;269814;178459;2713;376;215398;3823;489;0;5
FR;5;2022-06-13;56;47;9;3;70;10;6;0;0;269870;178506;2722;379;215468;3833;495;0;5
FR;5;2022-06-14;59;56;1;4;64;6;4;0;0;269929;178562;2723;383;215532;3839;499;0;5
FR;5;2022-06-15;266;260;5;2;363;27;1;0;0;270195;178822;2728;385;215895;3866;500;0;5
FR;5;2022-06-16;47;30;5;2;44;5;2;0;0;270242;178852;2733;387;215939;3871;502;0;5
FR;5;2022-06-17;100;67;5;5;102;10;5;0;0;270342;178919;2738;392;216041;3881;507;0;5
FR;5;2022-06-18;146;95;10;2;152;26;2;0;1;270488;179014;2748;394;216193;3907;509;0;6
FR;5;2022-06-19;26;15;0;1;18;4;1;0;0;270514;179029;2748;395;216211;3911;510;0;6
FR;5;2022-06-20;56;50;8;0;62;11;2;0;0;270570;179079;2756;395;216273;3922;512;0;6
FR;5;2022-06-21;53;73;5;3;91;7;5;0;1;270623;179152;2761;398;216364;3929;517;0;7
FR;5;2022-06-22;224;248;7;9;348;33;10;0;0;270847;179400;2768;407;216712;3962;527;0;7
FR;5;2022-06-23;50;38;2;5;43;6;6;0;0;270897;179438;2770;412;216755;3968;533;0;7
FR;5;2022-06-24;91;70;12;5;101;16;8;0;0;270988;179508;2782;417;216856;3984;541;0;7
FR;5;2022-06-25;154;124;3;7;185;14;8;0;1;271142;179632;2785;424;217041;3998;549;0;8
FR;5;2022-06-26;26;19;2;0;29;5;0;0;0;271168;179651;2787;424;217070;4003;549;0;8
FR;5;2022-06-27;57;60;5;7;78;11;9;0;0;271225;179711;2792;431;217148;4014;558;0;8
FR;5;2022-06-28;70;49;8;2;69;14;5;0;0;271295;179760;2800;433;217217;4028;563;0;8
FR;5;2022-06-29;297;269;9;21;391;34;23;0;0;271592;180029;2809;454;217608;4062;586;0;8
FR;5;2022-06-30;89;57;10;12;89;17;11;0;0;271681;180086;2819;466;217697;4079;597;0;8
FR;5;2022-07-01;127;65;7;11;118;12;11;0;2;271808;180151;2826;477;217815;4091;608;0;10
FR;5;2022-07-02;191;132;4;0;210;22;0;0;0;271999;180283;2830;477;218025;4113;608;0;10
FR;5;2022-07-03;30;25;1;0;36;4;0;0;0;272029;180308;2831;477;218061;4117;608;0;10
FR;5;2022-07-04;103;65;2;5;102;7;5;0;1;272132;180373;2833;482;218163;4124;613;0;11
FR;5;2022-07-05;104;72;3;8;107;13;8;0;1;272236;180445;2836;490;218270;4137;621;0;12
FR;5;2022-07-06;278;168;9;36;289;27;36;0;0;272514;180613;2845;526;218559;4164;657;0;12
FR;5;2022-07-07;88;69;6;9;89;13;11;0;0;272602;180682;2851;535;218648;4177;668;0;12
FR;5;2022-07-08;152;120;7;14;146;25;13;0;1;272754;180802;2858;549;218794;4202;681;0;13
FR;5;2022-07-09;116;68;1;8;100;10;8;0;0;272870;180870;2859;557;218894;4212;689;0;13
FR;5;2022-07-10;15;6;0;0;10;1;0;0;0;272885;180876;2859;557;218904;4213;689;0;13
FR;5;2022-07-11;92;72;10;2;98;19;3;0;0;272977;180948;2869;559;219002;4232;692;0;13
FR;5;2022-07-12;67;63;5;10;81;7;12;0;0;273044;181011;2874;569;219083;4239;704;0;13
FR;5;2022-07-13;169;118;10;19;196;16;23;0;0;273213;181129;2884;588;219279;4255;727;0;13
FR;5;2022-07-14;8;4;0;0;7;0;0;0;0;273221;181133;2884;588;219286;4255;727;0;13
FR;5;2022-07-15;74;66;5;14;86;15;15;0;0;273295;181199;2889;602;219372;4270;742;0;13
FR;5;2022-07-16;54;44;3;0;71;3;2;0;0;273349;181243;2892;602;219443;4273;744;0;13
FR;5;2022-07-17;10;7;3;0;10;2;2;0;0;273359;181250;2895;602;219453;4275;746;0;13
FR;5;2022-07-18;60;47;0;4;70;4;3;0;0;273419;181297;2895;606;219523;4279;749;0;13
FR;5;2022-07-19;63;42;5;3;63;7;4;0;0;273482;181339;2900;609;219586;4286;753;0;13
FR;5;2022-07-20;120;106;4;11;141;14;9;0;0;273602;181445;2904;620;219727;4300;762;0;13
FR;5;2022-07-21;38;43;2;10;52;5;10;0;0;273640;181488;2906;630;219779;4305;772;0;13
FR;5;2022-07-22;48;69;11;13;75;23;11;0;1;273688;181557;2917;643;219854;4328;783;0;14
FR;5;2022-07-23;59;78;2;1;95;11;2;0;0;273747;181635;2919;644;219949;4339;785;0;14
FR;5;2022-07-24;11;9;3;1;12;3;1;0;0;273758;181644;2922;645;219961;4342;786;0;14
FR;5;2022-07-25;53;48;2;7;57;8;8;0;0;273811;181692;2924;652;220018;4350;794;0;14
FR;5;2022-07-26;58;52;5;41;70;6;44;0;0;273869;181744;2929;693;220088;4356;838;0;14
FR;5;2022-07-27;106;118;4;4;161;13;4;0;0;273975;181862;2933;697;220249;4369;842;0;14
FR;5;2022-07-28;39;35;2;2;47;6;1;0;0;274014;181897;2935;699;220296;4375;843;0;14
FR;5;2022-07-29;56;74;3;14;90;8;10;0;0;274070;181971;2938;713;220386;4383;853;0;14
FR;5;2022-07-30;55;53;5;1;76;7;2;0;0;274125;182024;2943;714;220462;4390;855;0;14
FR;5;2022-07-31;7;11;1;0;13;1;0;0;0;274132;182035;2944;714;220475;4391;855;0;14
FR;5;2022-08-01;39;53;1;2;64;6;2;0;0;274171;182088;2945;716;220539;4397;857;0;14
FR;5;2022-08-02;32;43;8;7;47;8;7;0;1;274203;182131;2953;723;220586;4405;864;0;15
FR;5;2022-08-03;54;51;4;10;70;9;8;0;0;274257;182182;2957;733;220656;4414;872;0;15
FR;5;2022-08-04;20;18;1;6;22;1;6;0;0;274277;182200;2958;739;220678;4415;878;0;15
FR;5;2022-08-05;35;26;3;3;39;3;3;0;0;274312;182226;2961;742;220717;4418;881;0;15
FR;5;2022-08-06;23;26;1;0;31;1;0;0;0;274335;182252;2962;742;220748;4419;881;0;15
FR;5;2022-08-07;2;2;1;0;1;1;1;0;0;274337;182254;2963;742;220749;4420;882;0;15
FR;5;2022-08-08;26;19;1;2;24;2;1;0;0;274363;182273;2964;744;220773;4422;883;0;15
FR;5;2022-08-09;26;28;3;3;35;3;3;0;0;274389;182301;2967;747;220808;4425;886;0;15
FR;5;2022-08-10;47;47;2;0;56;5;0;0;0;274436;182348;2969;747;220864;4430;886;0;15
FR;5;2022-08-11;19;36;2;2;42;5;2;0;0;274455;182384;2971;749;220906;4435;888;0;15
FR;5;2022-08-12;27;28;2;0;39;2;0;0;0;274482;182412;2973;749;220945;4437;888;0;15
FR;5;2022-08-13;16;18;0;0;24;0;0;0;0;274498;182430;2973;749;220969;4437;888;0;15
FR;5;2022-08-14;2;3;0;0;4;0;0;0;0;274500;182433;2973;749;220973;4437;888;0;15
FR;5;2022-08-15;2;6;0;0;6;0;0;0;0;274502;182439;2973;749;220979;4437;888;0;15
FR;5;2022-08-16;33;26;3;0;28;6;0;0;0;274535;182465;2976;749;221007;4443;888;0;15
FR;5;2022-08-17;52;55;2;1;72;1;1;0;0;274587;182520;2978;750;221079;4444;889;0;15
FR;5;2022-08-18;26;18;8;17;25;10;16;0;0;274613;182538;2986;767;221104;4454;905;0;15
FR;5;2022-08-19;26;34;1;2;43;2;2;0;0;274639;182572;2987;769;221147;4456;907;0;15
FR;5;2022-08-20;25;27;2;1;33;4;2;0;0;274664;182599;2989;770;221180;4460;909;0;15
FR;5;2022-08-21;7;4;1;0;7;1;0;0;0;274671;182603;2990;770;221187;4461;909;0;15
FR;5;2022-08-22;39;26;1;6;42;2;5;0;1;274710;182629;2991;776;221229;4463;914;0;16
FR;5;2022-08-23;27;26;1;1;32;2;1;0;0;274737;182655;2992;777;221261;4465;915;0;16
FR;5;2022-08-24;50;43;0;0;62;0;0;0;0;274787;182698;2992;777;221323;4465;915;0;16
FR;5;2022-08-25;27;26;3;1;31;2;0;0;1;274814;182724;2995;778;221354;4467;915;0;17
FR;5;2022-08-26;48;39;7;2;58;5;4;0;0;274862;182763;3002;780;221412;4472;919;0;17
FR;5;2022-08-27;46;28;1;0;46;3;1;0;0;274908;182791;3003;780;221458;4475;920;0;17
FR;5;2022-08-28;5;7;0;0;7;0;0;0;0;274913;182798;3003;780;221465;4475;920;0;17
FR;5;2022-08-29;58;44;1;1;66;4;1;0;0;274971;182842;3004;781;221531;4479;921;0;17
FR;5;2022-08-30;45;23;12;29;40;10;30;0;1;275016;182865;3016;810;221571;4489;951;0;18
FR;5;2022-08-31;53;47;6;1;58;11;1;0;0;275069;182912;3022;811;221629;4500;952;0;18
FR;5;2022-09-01;16;8;1;4;13;1;4;0;0;275085;182920;3023;815;221642;4501;956;0;18
FR;5;2022-09-02;42;23;8;2;35;9;3;0;0;275127;182943;3031;817;221677;4510;959;0;18
FR;5;2022-09-03;69;37;2;0;58;2;0;0;0;275196;182980;3033;817;221735;4512;959;0;18
FR;5;2022-09-04;12;7;1;0;8;3;0;0;0;275208;182987;3034;817;221743;4515;959;0;18
FR;5;2022-09-05;7;4;1;0;4;1;0;0;0;275215;182991;3035;817;221747;4516;959;0;18
FR;5;2022-09-06;23;14;3;15;17;2;14;0;2;275238;183005;3038;832;221764;4518;973;0;20
FR;5;2022-09-07;79;53;1;1;76;3;1;0;0;275317;183058;3039;833;221840;4521;974;0;20
FR;5;2022-09-08;10;4;0;4;7;0;4;0;0;275327;183062;3039;837;221847;4521;978;0;20
FR;5;2022-09-09;42;11;9;2;14;10;3;0;0;275369;183073;3048;839;221861;4531;981;0;20
FR;5;2022-09-10;40;45;1;1;50;8;1;0;0;275409;183118;3049;840;221911;4539;982;0;20
FR;5;2022-09-11;3;3;0;0;3;1;0;0;0;275412;183121;3049;840;221914;4540;982;0;20
FR;5;2022-09-12;7;5;2;2;7;2;2;0;0;275419;183126;3051;842;221921;4542;984;0;20
FR;5;2022-09-13;9;6;0;1;4;3;1;0;0;275428;183132;3051;843;221925;4545;985;0;20
FR;5;2022-09-14;52;47;4;6;55;9;5;0;0;275480;183179;3055;849;221980;4554;990;0;20
FR;5;2022-09-15;11;13;2;3;11;5;3;0;0;275491;183192;3057;852;221991;4559;993;0;20
FR;5;2022-09-16;25;33;1;4;38;3;3;0;0;275516;183225;3058;856;222029;4562;996;0;20
FR;5;2022-09-17;60;43;1;1;51;5;1;0;0;275576;183268;3059;857;222080;4567;997;0;20
FR;5;2022-09-18;9;6;0;1;10;1;0;0;0;275585;183274;3059;858;222090;4568;997;0;20
FR;5;2022-09-19;22;17;2;1;20;5;2;0;0;275607;183291;3061;859;222110;4573;999;0;20
FR;5;2022-09-20;15;11;3;3;15;1;4;0;0;275622;183302;3064;862;222125;4574;1003;0;20
FR;5;2022-09-21;68;45;9;0;65;13;0;0;0;275690;183347;3073;862;222190;4587;1003;0;20
FR;5;2022-09-22;12;6;4;24;6;4;23;0;1;275702;183353;3077;886;222196;4591;1026;0;21
FR;5;2022-09-23;20;25;2;3;23;8;3;0;0;275722;183378;3079;889;222219;4599;1029;0;21
FR;5;2022-09-24;44;51;1;8;65;5;8;0;0;275766;183429;3080;897;222284;4604;1037;0;21
FR;5;2022-09-25;6;12;0;0;13;1;0;0;0;275772;183441;3080;897;222297;4605;1037;0;21
FR;5;2022-09-26;15;7;0;2;12;0;1;0;1;275787;183448;3080;899;222309;4605;1038;0;22
FR;5;2022-09-27;7;12;4;9;14;4;9;0;1;275794;183460;3084;908;222323;4609;1047;0;23
FR;5;2022-09-28;65;67;5;0;91;7;0;0;0;275859;183527;3089;908;222414;4616;1047;0;23
FR;5;2022-09-29;17;9;1;0;15;1;1;0;1;275876;183536;3090;908;222429;4617;1048;0;24
FR;5;2022-09-30;28;47;2;2;54;4;3;0;0;275904;183583;3092;910;222483;4621;1051;0;24
FR;5;2022-10-01;40;35;5;5;48;8;7;0;0;275944;183618;3097;915;222531;4629;1058;0;24
FR;5;2022-10-02;1;9;1;0;10;1;0;0;0;275945;183627;3098;915;222541;4630;1058;0;24
FR;5;2022-10-03;7;6;3;0;5;4;0;0;0;275952;183633;3101;915;222546;4634;1058;0;24
FR;5;2022-10-04;11;8;1;3;11;2;3;0;0;275963;183641;3102;918;222557;4636;1061;0;24
FR;5;2022-10-05;57;62;2;2;79;13;2;0;0;276020;183703;3104;920;222636;4649;1063;0;24
FR;5;2022-10-06;12;10;1;4;15;2;4;0;0;276032;183713;3105;924;222651;4651;1067;0;24
FR;5;2022-10-07;21;31;1;0;34;5;0;0;0;276053;183744;3106;924;222685;4656;1067;0;24
FR;5;2022-10-08;33;51;1;0;54;7;0;0;0;276086;183795;3107;924;222739;4663;1067;0;24
FR;5;2022-10-09;7;10;0;0;11;1;0;0;0;276093;183805;3107;924;222750;4664;1067;0;24
FR;5;2022-10-10;14;6;0;1;8;1;1;0;0;276107;183811;3107;925;222758;4665;1068;0;24
FR;5;2022-10-11;6;13;2;1;14;2;2;0;0;276113;183824;3109;926;222772;4667;1070;0;24
FR;5;2022-10-12;40;57;3;2;69;8;2;0;0;276153;183881;3112;928;222841;4675;1072;0;24
FR;5;2022-10-13;11;16;2;0;18;4;0;0;0;276164;183897;3114;928;222859;4679;1072;0;24
FR;5;2022-10-14;21;21;1;0;20;5;0;0;0;276185;183918;3115;928;222879;4684;1072;0;24
FR;5;2022-10-15;19;26;10;0;25;11;2;0;0;276204;183944;3125;928;222904;4695;1074;0;24
FR;5;2022-10-16;3;1;0;0;1;1;0;0;0;276207;183945;3125;928;222905;4696;1074;0;24
FR;5;2022-10-17;8;8;2;1;8;3;1;0;2;276215;183953;3127;929;222913;4699;1075;0;26
FR;5;2022-10-18;6;7;0;2;8;0;2;0;0;276221;183960;3127;931;222921;4699;1077;0;26
FR;5;2022-10-19;38;44;8;0;53;11;0;0;1;276259;184004;3135;931;222974;4710;1077;0;27
FR;5;2022-10-20;18;15;2;1;16;3;1;0;0;276277;184019;3137;932;222990;4713;1078;0;27
FR;5;2022-10-21;22;15;6;0;19;8;1;0;2;276299;184034;3143;932;223009;4721;1079;0;29
FR;5;2022-10-22;35;29;2;12;32;5;12;0;0;276334;184063;3145;944;223041;4726;1091;0;29
FR;5;2022-10-23;9;3;0;0;4;0;0;0;0;276343;184066;3145;944;223045;4726;1091;0;29
FR;5;2022-10-24;14;7;6;7;9;9;8;0;0;276357;184073;3151;951;223054;4735;1099;0;29
FR;5;2022-10-25;13;9;6;3;9;8;3;0;2;276370;184082;3157;954;223063;4743;1102;0;31
FR;5;2022-10-26;34;22;6;0;29;10;0;0;0;276404;184104;3163;954;223092;4753;1102;0;31
FR;5;2022-10-27;16;4;4;0;11;4;0;0;0;276420;184108;3167;954;223103;4757;1102;0;31
FR;5;2022-10-28;19;13;5;3;14;6;4;0;0;276439;184121;3172;957;223117;4763;1106;0;31
FR;5;2022-10-29;21;13;0;0;17;3;0;0;0;276460;184134;3172;957;223134;4766;1106;0;31
FR;5;2022-10-30;1;4;2;0;4;3;0;0;0;276461;184138;3174;957;223138;4769;1106;0;31
FR;5;2022-10-31;14;11;2;1;12;3;1;0;0;276475;184149;3176;958;223150;4772;1107;0;31
FR;5;2022-11-01;3;3;0;1;3;0;1;0;0;276478;184152;3176;959;223153;4772;1108;0;31
FR;5;2022-11-02;23;17;5;4;23;5;5;0;0;276501;184169;3181;963;223176;4777;1113;0;31
FR;5;2022-11-03;22;4;1;1;11;1;1;0;0;276523;184173;3182;964;223187;4778;1114;0;31
FR;5;2022-11-04;19;18;1;0;18;2;0;0;0;276542;184191;3183;964;223205;4780;1114;0;31
FR;5;2022-11-05;25;16;1;0;21;1;0;0;0;276567;184207;3184;964;223226;4781;1114;0;31
FR;5;2022-11-06;1;7;0;0;7;0;0;0;0;276568;184214;3184;964;223233;4781;1114;0;31
FR;5;2022-11-07;9;3;3;0;3;3;0;0;0;276577;184217;3187;964;223236;4784;1114;0;31
FR;5;2022-11-08;12;7;1;2;8;1;1;0;0;276589;184224;3188;966;223244;4785;1115;0;31
FR;5;2022-11-09;30;29;6;1;32;6;1;0;0;276619;184253;3194;967;223276;4791;1116;0;31
FR;5;2022-11-10;11;16;1;0;17;1;0;0;0;276630;184269;3195;967;223293;4792;1116;0;31
FR;5;2022-11-11;2;4;0;1;6;0;1;0;0;276632;184273;3195;968;223299;4792;1117;0;31
FR;5;2022-11-12;19;10;5;9;18;6;9;0;2;276651;184283;3200;977;223317;4798;1126;0;33
FR;5;2022-11-13;2;2;0;1;2;0;1;0;0;276653;184285;3200;978;223319;4798;1127;0;33
FR;5;2022-11-14;8;11;0;1;10;3;0;0;0;276661;184296;3200;979;223329;4801;1127;0;33
FR;5;2022-11-15;8;6;4;3;6;4;3;0;0;276669;184302;3204;982;223335;4805;1130;0;33
FR;5;2022-11-16;29;28;2;1;33;5;0;0;0;276698;184330;3206;983;223368;4810;1130;0;33
FR;5;2022-11-17;6;15;4;0;15;5;0;0;0;276704;184345;3210;983;223383;4815;1130;0;33
FR;5;2022-11-18;17;17;7;0;19;9;0;0;0;276721;184362;3217;983;223402;4824;1130;0;33
FR;5;2022-11-19;18;27;2;0;28;6;0;0;0;276739;184389;3219;983;223430;4830;1130;0;33
FR;5;2022-11-20;6;3;0;0;5;0;0;0;0;276745;184392;3219;983;223435;4830;1130;0;33
FR;5;2022-11-21;8;5;0;2;4;2;1;0;0;276753;184397;3219;985;223439;4832;1131;0;33
FR;5;2022-11-22;9;3;0;1;4;0;1;0;0;276762;184400;3219;986;223443;4832;1132;0;33
FR;5;2022-11-23;34;25;6;1;27;13;0;0;0;276796;184425;3225;987;223470;4845;1132;0;33
FR;5;2022-11-24;3;7;2;0;8;1;1;0;0;276799;184432;3227;987;223478;4846;1133;0;33
FR;5;2022-11-25;15;20;2;0;25;3;0;0;1;276814;184452;3229;987;223503;4849;1133;0;34
FR;5;2022-11-26;22;19;4;0;20;8;0;0;0;276836;184471;3233;987;223523;4857;1133;0;34
FR;5;2022-11-27;7;0;1;0;3;1;0;0;0;276843;184471;3234;987;223526;4858;1133;0;34
FR;5;2022-11-28;7;15;3;0;15;5;0;0;0;276850;184486;3237;987;223541;4863;1133;0;34
FR;5;2022-11-29;10;9;1;0;11;3;0;0;1;276860;184495;3238;987;223552;4866;1133;0;35
FR;5;2022-11-30;35;48;12;0;56;17;1;0;0;276895;184543;3250;987;223608;4883;1134;0;35
FR;5;2022-12-01;5;10;2;0;10;3;0;0;0;276900;184553;3252;987;223618;4886;1134;0;35
FR;5;2022-12-02;1;5;2;1;4;3;1;0;0;276901;184558;3254;988;223622;4889;1135;0;35
FR;5;2022-12-03;3;3;8;1;5;8;1;0;0;276904;184561;3262;989;223627;4897;1136;0;35
FR;5;2022-12-04;3;2;1;0;2;2;0;0;0;276907;184563;3263;989;223629;4899;1136;0;35
FR;5;2022-12-05;1;1;0;0;0;1;0;0;0;276908;184564;3263;989;223629;4900;1136;0;35
FR;5;2022-12-06;5;1;0;0;1;0;0;0;1;276913;184565;3263;989;223630;4900;1136;0;36
FR;5;2022-12-07;5;8;1;0;8;1;0;0;0;276918;184573;3264;989;223638;4901;1136;0;36
FR;5;2022-12-08;2;2;0;0;2;0;0;0;0;276920;184575;3264;989;223640;4901;1136;0;36
FR;5;2022-12-09;5;8;0;0;6;2;0;0;0;276925;184583;3264;989;223646;4903;1136;0;36
FR;5;2022-12-10;4;7;2;1;8;2;1;0;0;276929;184590;3266;990;223654;4905;1137;0;36
FR;5;2022-12-11;2;0;0;0;0;0;0;0;0;276931;184590;3266;990;223654;4905;1137;0;36
FR;5;2022-12-12;0;0;0;0;0;0;0;0;0;276931;184590;3266;990;223654;4905;1137;0;36
FR;5;2022-12-13;2;3;0;0;4;1;0;0;0;276933;184593;3266;990;223658;4906;1137;0;36
FR;5;2022-12-14;2;3;0;9;3;1;8;0;3;276935;184596;3266;999;223661;4907;1145;0;39
FR;5;2022-12-15;0;2;0;0;2;0;0;0;0;276935;184598;3266;999;223663;4907;1145;0;39
FR;5;2022-12-16;3;3;2;0;4;3;0;0;0;276938;184601;3268;999;223667;4910;1145;0;39
FR;5;2022-12-17;3;3;3;0;3;2;1;0;0;276941;184604;3271;999;223670;4912;1146;0;39
FR;5;2022-12-18;3;0;0;1;0;0;1;0;1;276944;184604;3271;1000;223670;4912;1147;0;40
FR;5;2022-12-19;1;0;0;2;0;0;2;0;0;276945;184604;3271;1002;223670;4912;1149;0;40
FR;5;2022-12-20;0;1;3;0;1;3;0;0;0;276945;184605;3274;1002;223671;4915;1149;0;40
FR;5;2022-12-21;2;4;0;0;4;0;0;0;0;276947;184609;3274;1002;223675;4915;1149;0;40
FR;5;2022-12-22;2;2;1;0;2;1;0;0;0;276949;184611;3275;1002;223677;4916;1149;0;40
FR;5;2022-12-23;3;1;1;0;1;1;0;0;0;276952;184612;3276;1002;223678;4917;1149;0;40
FR;5;2022-12-24;0;1;0;0;1;0;0;0;0;276952;184613;3276;1002;223679;4917;1149;0;40
FR;5;2022-12-25;0;1;2;0;0;3;0;0;0;276952;184614;3278;1002;223679;4920;1149;0;40
FR;5;2022-12-26;2;2;0;0;2;0;0;0;0;276954;184616;3278;1002;223681;4920;1149;0;40
FR;5;2022-12-27;0;3;0;0;3;0;0;0;0;276954;184619;3278;1002;223684;4920;1149;0;40
FR;5;2022-12-28;5;3;3;0;3;3;2;0;0;276959;184622;3281;1002;223687;4923;1151;0;40
FR;5;2022-12-29;3;2;2;0;3;2;0;0;0;276962;184624;3283;1002;223690;4925;1151;0;40
FR;5;2022-12-30;3;2;1;0;2;1;0;0;0;276965;184626;3284;1002;223692;4926;1151;0;40
FR;5;2022-12-31;0;0;0;0;0;0;0;0;0;276965;184626;3284;1002;223692;4926;1151;0;40
FR;5;2023-01-01;0;0;0;0;0;0;0;0;0;276965;184626;3284;1002;223692;4926;1151;0;40
FR;5;2023-01-02;1;1;1;0;1;1;0;0;0;276966;184627;3285;1002;223693;4927;1151;0;40
FR;5;2023-01-03;3;1;0;0;2;0;0;0;0;276969;184628;3285;1002;223695;4927;1151;0;40
FR;5;2023-01-04;6;1;1;0;2;1;0;0;0;276975;184629;3286;1002;223697;4928;1151;0;40
FR;5;2023-01-05;0;3;0;0;3;0;0;0;0;276975;184632;3286;1002;223700;4928;1151;0;40
FR;5;2023-01-06;2;1;1;0;1;1;0;0;0;276977;184633;3287;1002;223701;4929;1151;0;40
FR;5;2023-01-07;5;1;1;0;1;2;0;0;0;276982;184634;3288;1002;223702;4931;1151;0;40
FR;5;2023-01-08;2;2;0;0;2;0;0;0;0;276984;184636;3288;1002;223704;4931;1151;0;40
FR;5;2023-01-09;4;0;1;0;1;1;0;0;0;276988;184636;3289;1002;223705;4932;1151;0;40
FR;5;2023-01-10;3;1;0;0;2;0;0;0;0;276991;184637;3289;1002;223707;4932;1151;0;40
FR;5;2023-01-11;7;5;3;0;4;4;0;0;0;276998;184642;3292;1002;223711;4936;1151;0;40
FR;5;2023-01-12;14;6;4;0;6;6;0;0;0;277012;184648;3296;1002;223717;4942;1151;0;40
FR;5;2023-01-13;56;16;16;0;31;18;0;0;0;277068;184664;3312;1002;223748;4960;1151;0;40
FR;5;2023-01-14;56;34;13;1;34;20;2;0;0;277124;184698;3325;1003;223782;4980;1153;0;40
FR;5;2023-01-15;13;9;0;0;5;4;0;0;0;277137;184707;3325;1003;223787;4984;1153;0;40
FR;5;2023-01-16;13;8;3;0;8;3;0;0;0;277150;184715;3328;1003;223795;4987;1153;0;40
FR;5;2023-01-17;12;8;3;0;4;7;0;0;0;277162;184723;3331;1003;223799;4994;1153;0;40
FR;5;2023-01-18;71;35;21;2;46;25;2;0;0;277233;184758;3352;1005;223845;5019;1155;0;40
FR;5;2023-01-19;13;6;8;0;5;10;1;0;0;277246;184764;3360;1005;223850;5029;1156;0;40
FR;5;2023-01-20;27;17;13;0;17;18;0;0;2;277273;184781;3373;1005;223867;5047;1156;0;42
FR;5;2023-01-21;34;23;18;1;31;21;1;0;0;277307;184804;3391;1006;223898;5068;1157;0;42
FR;5;2023-01-22;6;4;2;0;4;3;0;0;0;277313;184808;3393;1006;223902;5071;1157;0;42
FR;5;2023-01-23;6;5;3;0;3;5;0;0;0;277319;184813;3396;1006;223905;5076;1157;0;42
FR;5;2023-01-24;16;3;3;0;6;4;0;0;0;277335;184816;3399;1006;223911;5080;1157;0;42
FR;5;2023-01-25;33;31;12;2;27;23;2;0;0;277368;184847;3411;1008;223938;5103;1159;0;42
FR;5;2023-01-26;6;5;4;0;6;4;0;0;0;277374;184852;3415;1008;223944;5107;1159;0;42
FR;5;2023-01-27;18;13;8;0;17;8;1;0;0;277392;184865;3423;1008;223961;5115;1160;0;42
FR;5;2023-01-28;21;8;4;3;11;6;3;0;0;277413;184873;3427;1011;223972;5121;1163;0;42
FR;5;2023-01-29;0;3;0;0;2;1;0;0;0;277413;184876;3427;1011;223974;5122;1163;0;42
FR;5;2023-01-30;7;5;3;0;4;6;0;0;0;277420;184881;3430;1011;223978;5128;1163;0;42
FR;5;2023-01-31;3;7;2;0;5;4;0;0;0;277423;184888;3432;1011;223983;5132;1163;0;42
FR;5;2023-02-01;18;18;7;1;19;8;1;0;0;277441;184906;3439;1012;224002;5140;1164;0;42
FR;5;2023-02-02;7;8;1;0;7;2;0;0;0;277448;184914;3440;1012;224009;5142;1164;0;42
FR;5;2023-02-03;15;26;6;0;27;9;0;0;0;277463;184940;3446;1012;224036;5151;1164;0;42
FR;5;2023-02-04;17;23;5;0;25;6;0;0;0;277480;184963;3451;1012;224061;5157;1164;0;42
FR;5;2023-02-05;1;2;0;1;2;1;0;0;0;277481;184965;3451;1013;224063;5158;1164;0;42
FR;5;2023-02-06;12;11;7;0;12;7;0;0;0;277493;184976;3458;1013;224075;5165;1164;0;42
FR;5;2023-02-07;6;11;2;0;10;4;0;0;0;277499;184987;3460;1013;224085;5169;1164;0;42
FR;5;2023-02-08;29;35;8;0;39;10;0;0;0;277528;185022;3468;1013;224124;5179;1164;0;42
FR;5;2023-02-09;15;7;5;0;8;5;0;0;0;277543;185029;3473;1013;224132;5184;1164;0;42
FR;5;2023-02-10;11;22;5;0;24;7;0;0;0;277554;185051;3478;1013;224156;5191;1164;0;42
FR;5;2023-02-11;12;11;3;1;15;4;0;0;0;277566;185062;3481;1014;224171;5195;1164;0;42
FR;5;2023-02-12;4;7;1;0;8;1;0;0;0;277570;185069;3482;1014;224179;5196;1164;0;42
FR;5;2023-02-13;4;6;6;0;5;7;0;0;0;277574;185075;3488;1014;224184;5203;1164;0;42
FR;5;2023-02-14;11;8;2;0;9;3;0;0;0;277585;185083;3490;1014;224193;5206;1164;0;42
FR;5;2023-02-15;27;25;4;0;27;5;0;0;0;277612;185108;3494;1014;224220;5211;1164;0;42
FR;5;2023-02-16;8;4;3;0;8;3;0;0;0;277620;185112;3497;1014;224228;5214;1164;0;42
FR;5;2023-02-17;9;5;9;0;6;9;0;0;0;277629;185117;3506;1014;224234;5223;1164;0;42
FR;5;2023-02-18;9;14;3;1;16;3;1;0;0;277638;185131;3509;1015;224250;5226;1165;0;42
FR;5;2023-02-19;0;1;0;0;1;0;0;0;0;277638;185132;3509;1015;224251;5226;1165;0;42
FR;5;2023-02-20;6;6;4;0;6;5;0;0;0;277644;185138;3513;1015;224257;5231;1165;0;42
FR;5;2023-02-21;4;6;5;0;7;5;0;0;0;277648;185144;3518;1015;224264;5236;1165;0;42
FR;5;2023-02-22;10;16;5;0;15;5;1;0;0;277658;185160;3523;1015;224279;5241;1166;0;42
FR;5;2023-02-23;5;5;2;0;5;2;0;0;0;277663;185165;3525;1015;224284;5243;1166;0;42
FR;5;2023-02-24;17;23;1;0;22;3;0;0;0;277680;185188;3526;1015;224306;5246;1166;0;42
FR;5;2023-02-25;11;9;0;0;10;0;0;0;0;277691;185197;3526;1015;224316;5246;1166;0;42
FR;5;2023-02-26;1;1;0;0;1;0;0;0;0;277692;185198;3526;1015;224317;5246;1166;0;42
FR;5;2023-02-27;7;5;2;0;5;2;0;0;0;277699;185203;3528;1015;224322;5248;1166;0;42
FR;5;2023-02-28;4;8;2;0;8;4;0;0;0;277703;185211;3530;1015;224330;5252;1166;0;42
FR;5;2023-03-01;12;25;1;0;23;3;1;0;0;277715;185236;3531;1015;224353;5255;1167;0;42
FR;5;2023-03-02;7;13;3;0;12;5;0;0;0;277722;185249;3534;1015;224365;5260;1167;0;42
FR;5;2023-03-03;11;4;3;0;8;3;1;0;0;277733;185253;3537;1015;224373;5263;1168;0;42
FR;5;2023-03-04;8;17;7;0;18;8;0;0;0;277741;185270;3544;1015;224391;5271;1168;0;42
FR;5;2023-03-05;3;3;0;0;3;0;0;0;0;277744;185273;3544;1015;224394;5271;1168;0;42
FR;5;2023-03-06;2;8;2;0;6;4;0;0;0;277746;185281;3546;1015;224400;5275;1168;0;42
FR;5;2023-03-07;2;9;4;0;9;4;0;0;0;277748;185290;3550;1015;224409;5279;1168;0;42
FR;5;2023-03-08;9;21;1;0;22;1;0;0;0;277757;185311;3551;1015;224431;5280;1168;0;42
FR;5;2023-03-09;1;6;0;0;5;1;0;0;0;277758;185317;3551;1015;224436;5281;1168;0;42
FR;5;2023-03-10;3;7;2;1;8;2;1;0;0;277761;185324;3553;1016;224444;5283;1169;0;42
FR;5;2023-03-11;5;4;0;0;6;0;0;0;0;277766;185328;3553;1016;224450;5283;1169;0;42
FR;5;2023-03-12;0;1;0;0;1;0;0;0;0;277766;185329;3553;1016;224451;5283;1169;0;42
FR;5;2023-03-13;2;2;0;0;4;0;0;0;0;277768;185331;3553;1016;224455;5283;1169;0;42
FR;5;2023-03-14;6;1;1;1;5;1;1;0;0;277774;185332;3554;1017;224460;5284;1170;0;42
FR;5;2023-03-15;7;8;2;0;12;3;0;0;0;277781;185340;3556;1017;224472;5287;1170;0;42
FR;5;2023-03-16;2;6;0;0;6;0;0;0;0;277783;185346;3556;1017;224478;5287;1170;0;42
FR;5;2023-03-17;14;15;3;0;13;4;1;0;0;277797;185361;3559;1017;224491;5291;1171;0;42
FR;5;2023-03-18;4;9;0;0;9;1;0;0;0;277801;185370;3559;1017;224500;5292;1171;0;42
FR;5;2023-03-19;0;0;0;0;0;0;0;0;0;277801;185370;3559;1017;224500;5292;1171;0;42
FR;5;2023-03-20;3;8;0;0;9;0;0;0;0;277804;185378;3559;1017;224509;5292;1171;0;42
FR;5;2023-03-21;3;8;2;2;8;2;2;0;0;277807;185386;3561;1019;224517;5294;1173;0;42
FR;5;2023-03-22;9;22;3;0;20;4;0;0;0;277816;185408;3564;1019;224537;5298;1173;0;42
FR;5;2023-03-23;2;5;1;0;5;1;0;0;0;277818;185413;3565;1019;224542;5299;1173;0;42
FR;5;2023-03-24;5;9;1;0;9;3;0;0;0;277823;185422;3566;1019;224551;5302;1173;0;42
FR;5;2023-03-25;3;8;2;0;8;2;0;0;0;277826;185430;3568;1019;224559;5304;1173;0;42
FR;5;2023-03-26;0;1;0;0;0;1;0;0;0;277826;185431;3568;1019;224559;5305;1173;0;42
FR;5;2023-03-27;3;0;1;0;1;1;0;0;0;277829;185431;3569;1019;224560;5306;1173;0;42
FR;5;2023-03-28;3;3;0;0;4;0;0;0;0;277832;185434;3569;1019;224564;5306;1173;0;42
FR;5;2023-03-29;7;16;4;0;16;6;0;0;0;277839;185450;3573;1019;224580;5312;1173;0;42
FR;5;2023-03-30;3;2;0;0;4;0;0;0;1;277842;185452;3573;1019;224584;5312;1173;0;43
FR;5;2023-03-31;3;7;2;1;7;2;1;0;0;277845;185459;3575;1020;224591;5314;1174;0;43
FR;5;2023-04-01;5;7;3;1;5;4;2;0;0;277850;185466;3578;1021;224596;5318;1176;0;43
FR;5;2023-04-02;0;1;0;0;1;0;0;0;0;277850;185467;3578;1021;224597;5318;1176;0;43
FR;5;2023-04-03;3;4;2;0;4;0;2;0;0;277853;185471;3580;1021;224601;5318;1178;0;43
FR;5;2023-04-04;1;3;0;0;3;0;0;0;0;277854;185474;3580;1021;224604;5318;1178;0;43
FR;5;2023-04-05;3;6;1;0;5;2;0;0;0;277857;185480;3581;1021;224609;5320;1178;0;43
FR;5;2023-04-06;3;3;0;0;3;0;0;0;0;277860;185483;3581;1021;224612;5320;1178;0;43
FR;5;2023-04-07;6;4;1;0;4;1;0;0;0;277866;185487;3582;1021;224616;5321;1178;0;43
FR;5;2023-04-08;6;10;1;0;10;1;0;0;0;277872;185497;3583;1021;224626;5322;1178;0;43
FR;5;2023-04-09;0;0;0;0;0;0;0;0;0;277872;185497;3583;1021;224626;5322;1178;0;43
FR;5;2023-04-10;0;0;0;0;0;0;0;0;0;277872;185497;3583;1021;224626;5322;1178;0;43
FR;5;2023-04-11;1;6;0;0;6;0;0;0;1;277873;185503;3583;1021;224632;5322;1178;0;44
FR;5;2023-04-12;4;9;1;0;9;1;0;0;0;277877;185512;3584;1021;224641;5323;1178;0;44
FR;5;2023-04-13;2;1;2;0;0;3;0;0;0;277879;185513;3586;1021;224641;5326;1178;0;44
FR;5;2023-04-14;5;5;2;0;8;2;0;0;0;277884;185518;3588;1021;224649;5328;1178;0;44
FR;5;2023-04-15;3;4;0;0;4;0;0;0;0;277887;185522;3588;1021;224653;5328;1178;0;44
FR;5;2023-04-16;1;0;0;0;0;0;0;0;0;277888;185522;3588;1021;224653;5328;1178;0;44
FR;5;2023-04-17;4;4;3;0;4;3;0;0;0;277892;185526;3591;1021;224657;5331;1178;0;44
FR;5;2023-04-18;3;2;0;0;2;0;0;0;0;277895;185528;3591;1021;224659;5331;1178;0;44
FR;5;2023-04-19;9;7;0;0;3;5;0;0;0;277904;185535;3591;1021;224662;5336;1178;0;44
FR;5;2023-04-20;5;2;0;0;2;0;0;0;0;277909;185537;3591;1021;224664;5336;1178;0;44
FR;5;2023-04-21;2;6;1;0;5;2;0;0;0;277911;185543;3592;1021;224669;5338;1178;0;44
FR;5;2023-04-22;4;6;1;0;6;1;0;0;0;277915;185549;3593;1021;224675;5339;1178;0;44
FR;5;2023-04-23;1;0;0;0;0;0;0;0;0;277916;185549;3593;1021;224675;5339;1178;0;44
FR;5;2023-04-24;3;5;2;0;5;2;0;0;0;277919;185554;3595;1021;224680;5341;1178;0;44
FR;5;2023-04-25;0;1;1;2;1;1;2;0;0;277919;185555;3596;1023;224681;5342;1180;0;44
FR;5;2023-04-26;1;3;0;0;3;0;0;0;0;277920;185558;3596;1023;224684;5342;1180;0;44
FR;5;2023-04-27;3;4;0;0;3;1;0;0;0;277923;185562;3596;1023;224687;5343;1180;0;44
FR;5;2023-04-28;2;3;0;0;2;1;0;0;0;277925;185565;3596;1023;224689;5344;1180;0;44
FR;5;2023-04-29;2;9;0;0;9;0;0;0;0;277927;185574;3596;1023;224698;5344;1180;0;44
FR;5;2023-04-30;0;0;0;0;0;0;0;0;0;277927;185574;3596;1023;224698;5344;1180;0;44
FR;5;2023-05-01;0;0;0;0;0;0;0;0;0;277927;185574;3596;1023;224698;5344;1180;0;44
FR;5;2023-05-02;2;2;1;0;3;1;0;0;0;277929;185576;3597;1023;224701;5345;1180;0;44
FR;5;2023-05-03;5;3;0;0;3;0;0;0;0;277934;185579;3597;1023;224704;5345;1180;0;44
FR;5;2023-05-04;1;3;0;0;3;0;0;0;0;277935;185582;3597;1023;224707;5345;1180;0;44
FR;5;2023-05-05;1;1;0;0;1;0;0;0;0;277936;185583;3597;1023;224708;5345;1180;0;44
FR;5;2023-05-06;2;1;0;0;1;0;0;0;0;277938;185584;3597;1023;224709;5345;1180;0;44
FR;5;2023-05-07;0;1;0;0;1;0;0;0;0;277938;185585;3597;1023;224710;5345;1180;0;44
FR;5;2023-05-08;1;1;0;0;1;0;0;0;0;277939;185586;3597;1023;224711;5345;1180;0;44
FR;5;2023-05-09;0;3;0;0;3;0;0;0;0;277939;185589;3597;1023;224714;5345;1180;0;44
FR;5;2023-05-10;2;8;0;0;8;0;0;0;0;277941;185597;3597;1023;224722;5345;1180;0;44
FR;5;2023-05-11;2;1;0;0;1;0;0;0;0;277943;185598;3597;1023;224723;5345;1180;0;44
FR;5;2023-05-12;2;2;0;0;2;0;0;0;0;277945;185600;3597;1023;224725;5345;1180;0;44
FR;5;2023-05-13;6;4;0;0;4;2;0;0;0;277951;185604;3597;1023;224729;5347;1180;0;44
FR;5;2023-05-14;0;0;0;0;0;0;0;0;0;277951;185604;3597;1023;224729;5347;1180;0;44
FR;5;2023-05-15;3;0;0;0;0;0;0;0;1;277954;185604;3597;1023;224729;5347;1180;0;45
FR;5;2023-05-16;0;1;0;0;1;0;0;0;0;277954;185605;3597;1023;224730;5347;1180;0;45
FR;5;2023-05-17;3;6;2;0;7;2;0;0;0;277957;185611;3599;1023;224737;5349;1180;0;45
FR;5;2023-05-18;0;0;0;0;0;0;0;0;0;277957;185611;3599;1023;224737;5349;1180;0;45
FR;5;2023-05-19;1;4;1;0;3;1;0;0;0;277958;185615;3600;1023;224740;5350;1180;0;45
FR;5;2023-05-20;5;0;0;0;0;0;0;0;0;277963;185615;3600;1023;224740;5350;1180;0;45
FR;5;2023-05-21;0;0;0;0;0;0;0;0;0;277963;185615;3600;1023;224740;5350;1180;0;45
FR;5;2023-05-22;0;3;0;0;3;0;0;0;0;277963;185618;3600;1023;224743;5350;1180;0;45
FR;5;2023-05-23;1;1;1;0;1;1;0;0;0;277964;185619;3601;1023;224744;5351;1180;0;45
FR;5;2023-05-24;6;5;0;0;5;0;0;0;0;277970;185624;3601;1023;224749;5351;1180;0;45
FR;5;2023-05-25;1;1;0;0;1;0;0;0;0;277971;185625;3601;1023;224750;5351;1180;0;45
FR;5;2023-05-26;2;5;0;0;5;0;0;0;0;277973;185630;3601;1023;224755;5351;1180;0;45
FR;5;2023-05-27;4;3;1;0;5;1;0;0;0;277977;185633;3602;1023;224760;5352;1180;0;45
FR;5;2023-05-28;0;1;0;0;1;0;0;0;0;277977;185634;3602;1023;224761;5352;1180;0;45
FR;5;2023-05-29;0;1;0;0;0;1;0;0;0;277977;185635;3602;1023;224761;5353;1180;0;45
FR;6;2020-12-27;0;0;0;0;0;0;0;0;0;0;0;0;0;0;0;0;0;0
FR;6;2020-12-28;0;0;0;0;0;0;0;0;0;0;0;0;0;0;0;0;0;0
FR;6;2020-12-29;0;0;0;0;0;0;0;0;0;0;0;0;0;0;0;0;0;0
FR;6;2020-12-30;0;0;0;0;0;0;0;0;0;0;0;0;0;0;0;0;0;0
FR;6;2020-12-31;0;0;0;0;0;0;0;0;0;0;0;0;0;0;0;0;0;0
FR;6;2021-01-01;0;0;0;0;0;0;0;0;0;0;0;0;0;0;0;0;0;0
FR;6;2021-01-02;0;0;0;0;0;0;0;0;0;0;0;0;0;0;0;0;0;0
FR;6;2021-01-03;0;0;0;0;0;0;0;0;0;0;0;0;0;0;0;0;0;0
FR;6;2021-01-04;0;0;0;0;0;0;0;0;0;0;0;0;0;0;0;0;0;0
FR;6;2021-01-05;0;0;0;0;0;0;0;0;0;0;0;0;0;0;0;0;0;0
FR;6;2021-01-06;0;0;0;0;0;0;0;0;0;0;0;0;0;0;0;0;0;0
FR;6;2021-01-07;0;0;0;0;0;0;0;0;0;0;0;0;0;0;0;0;0;0
FR;6;2021-01-08;0;0;0;0;0;0;0;0;0;0;0;0;0;0;0;0;0;0
FR;6;2021-01-09;0;0;0;0;0;0;0;0;0;0;0;0;0;0;0;0;0;0
FR;6;2021-01-10;0;0;0;0;0;0;0;0;0;0;0;0;0;0;0;0;0;0
FR;6;2021-01-11;0;0;0;0;0;0;0;0;0;0;0;0;0;0;0;0;0;0
FR;6;2021-01-12;0;0;0;0;0;0;0;0;0;0;0;0;0;0;0;0;0;0
FR;6;2021-01-13;0;0;0;0;0;0;0;0;0;0;0;0;0;0;0;0;0;0
FR;6;2021-01-14;0;0;0;0;0;0;0;0;0;0;0;0;0;0;0;0;0;0
FR;6;2021-01-15;0;0;0;0;0;0;0;0;0;0;0;0;0;0;0;0;0;0
FR;6;2021-01-16;0;0;0;0;0;0;0;0;0;0;0;0;0;0;0;0;0;0
FR;6;2021-01-17;0;0;0;0;0;0;0;0;0;0;0;0;0;0;0;0;0;0
FR;6;2021-01-18;0;0;0;0;0;0;0;0;0;0;0;0;0;0;0;0;0;0
FR;6;2021-01-19;0;0;0;0;0;0;0;0;0;0;0;0;0;0;0;0;0;0
FR;6;2021-01-20;0;0;0;0;0;0;0;0;0;0;0;0;0;0;0;0;0;0
FR;6;2021-01-21;0;0;0;0;0;0;0;0;0;0;0;0;0;0;0;0;0;0
FR;6;2021-01-22;0;0;0;0;0;0;0;0;0;0;0;0;0;0;0;0;0;0
FR;6;2021-01-23;0;0;0;0;0;0;0;0;0;0;0;0;0;0;0;0;0;0
FR;6;2021-01-24;0;0;0;0;0;0;0;0;0;0;0;0;0;0;0;0;0;0
FR;6;2021-01-25;0;0;0;0;0;0;0;0;0;0;0;0;0;0;0;0;0;0
FR;6;2021-01-26;0;0;0;0;0;0;0;0;0;0;0;0;0;0;0;0;0;0
FR;6;2021-01-27;0;0;0;0;0;0;0;0;0;0;0;0;0;0;0;0;0;0
FR;6;2021-01-28;0;0;0;0;0;0;0;0;0;0;0;0;0;0;0;0;0;0
FR;6;2021-01-29;0;0;0;0;0;0;0;0;0;0;0;0;0;0;0;0;0;0
FR;6;2021-01-30;0;0;0;0;0;0;0;0;0;0;0;0;0;0;0;0;0;0
FR;6;2021-01-31;0;0;0;0;0;0;0;0;0;0;0;0;0;0;0;0;0;0
FR;6;2021-02-01;0;0;0;0;0;0;0;0;0;0;0;0;0;0;0;0;0;0
FR;6;2021-02-02;0;0;0;0;0;0;0;0;0;0;0;0;0;0;0;0;0;0
FR;6;2021-02-03;0;0;0;0;0;0;0;0;0;0;0;0;0;0;0;0;0;0
FR;6;2021-02-04;0;0;0;0;0;0;0;0;0;0;0;0;0;0;0;0;0;0
FR;6;2021-02-05;0;0;0;0;0;0;0;0;0;0;0;0;0;0;0;0;0;0
FR;6;2021-02-06;0;0;0;0;0;0;0;0;0;0;0;0;0;0;0;0;0;0
FR;6;2021-02-07;0;0;0;0;0;0;0;0;0;0;0;0;0;0;0;0;0;0
FR;6;2021-02-08;0;0;0;0;0;0;0;0;0;0;0;0;0;0;0;0;0;0
FR;6;2021-02-09;0;0;0;0;0;0;0;0;0;0;0;0;0;0;0;0;0;0
FR;6;2021-02-10;0;0;0;0;0;0;0;0;0;0;0;0;0;0;0;0;0;0
FR;6;2021-02-11;0;0;0;0;0;0;0;0;0;0;0;0;0;0;0;0;0;0
FR;6;2021-02-12;0;0;0;0;0;0;0;0;0;0;0;0;0;0;0;0;0;0
FR;6;2021-02-13;0;0;0;0;0;0;0;0;0;0;0;0;0;0;0;0;0;0
FR;6;2021-02-14;0;0;0;0;0;0;0;0;0;0;0;0;0;0;0;0;0;0
FR;6;2021-02-15;0;0;0;0;0;0;0;0;0;0;0;0;0;0;0;0;0;0
FR;6;2021-02-16;0;0;0;0;0;0;0;0;0;0;0;0;0;0;0;0;0;0
FR;6;2021-02-17;0;0;0;0;0;0;0;0;0;0;0;0;0;0;0;0;0;0
FR;6;2021-02-18;0;0;0;0;0;0;0;0;0;0;0;0;0;0;0;0;0;0
FR;6;2021-02-19;0;0;0;0;0;0;0;0;0;0;0;0;0;0;0;0;0;0
FR;6;2021-02-20;0;0;0;0;0;0;0;0;0;0;0;0;0;0;0;0;0;0
FR;6;2021-02-21;0;0;0;0;0;0;0;0;0;0;0;0;0;0;0;0;0;0
FR;6;2021-02-22;0;0;0;0;0;0;0;0;0;0;0;0;0;0;0;0;0;0
FR;6;2021-02-23;0;0;0;0;0;0;0;0;0;0;0;0;0;0;0;0;0;0
FR;6;2021-02-24;0;0;0;0;0;0;0;0;0;0;0;0;0;0;0;0;0;0
FR;6;2021-02-25;0;0;0;0;0;0;0;0;0;0;0;0;0;0;0;0;0;0
FR;6;2021-02-26;0;0;0;0;0;0;0;0;0;0;0;0;0;0;0;0;0;0
FR;6;2021-02-27;0;0;0;0;0;0;0;0;0;0;0;0;0;0;0;0;0;0
FR;6;2021-02-28;0;0;0;0;0;0;0;0;0;0;0;0;0;0;0;0;0;0
FR;6;2021-03-01;0;0;0;0;0;0;0;0;0;0;0;0;0;0;0;0;0;0
FR;6;2021-03-02;0;0;0;0;0;0;0;0;0;0;0;0;0;0;0;0;0;0
FR;6;2021-03-03;0;0;0;0;0;0;0;0;0;0;0;0;0;0;0;0;0;0
FR;6;2021-03-04;0;0;0;0;0;0;0;0;0;0;0;0;0;0;0;0;0;0
FR;6;2021-03-05;0;0;0;0;0;0;0;0;0;0;0;0;0;0;0;0;0;0
FR;6;2021-03-06;0;0;0;0;0;0;0;0;0;0;0;0;0;0;0;0;0;0
FR;6;2021-03-07;0;0;0;0;0;0;0;0;0;0;0;0;0;0;0;0;0;0
FR;6;2021-03-08;0;0;0;0;0;0;0;0;0;0;0;0;0;0;0;0;0;0
FR;6;2021-03-09;0;0;0;0;0;0;0;0;0;0;0;0;0;0;0;0;0;0
FR;6;2021-03-10;0;0;0;0;0;0;0;0;0;0;0;0;0;0;0;0;0;0
FR;6;2021-03-11;0;0;0;0;0;0;0;0;0;0;0;0;0;0;0;0;0;0
FR;6;2021-03-12;0;0;0;0;0;0;0;0;0;0;0;0;0;0;0;0;0;0
FR;6;2021-03-13;0;0;0;0;0;0;0;0;0;0;0;0;0;0;0;0;0;0
FR;6;2021-03-14;0;0;0;0;0;0;0;0;0;0;0;0;0;0;0;0;0;0
FR;6;2021-03-15;0;0;0;0;0;0;0;0;0;0;0;0;0;0;0;0;0;0
FR;6;2021-03-16;0;0;0;0;0;0;0;0;0;0;0;0;0;0;0;0;0;0
FR;6;2021-03-17;0;0;0;0;0;0;0;0;0;0;0;0;0;0;0;0;0;0
FR;6;2021-03-18;0;0;0;0;0;0;0;0;0;0;0;0;0;0;0;0;0;0
FR;6;2021-03-19;0;0;0;0;0;0;0;0;0;0;0;0;0;0;0;0;0;0
FR;6;2021-03-20;0;0;0;0;0;0;0;0;0;0;0;0;0;0;0;0;0;0
FR;6;2021-03-21;0;0;0;0;0;0;0;0;0;0;0;0;0;0;0;0;0;0
FR;6;2021-03-22;0;0;0;0;0;0;0;0;0;0;0;0;0;0;0;0;0;0
FR;6;2021-03-23;0;0;0;0;0;0;0;0;0;0;0;0;0;0;0;0;0;0
FR;6;2021-03-24;0;0;0;0;0;0;0;0;0;0;0;0;0;0;0;0;0;0
FR;6;2021-03-25;0;0;0;0;0;0;0;0;0;0;0;0;0;0;0;0;0;0
FR;6;2021-03-26;0;0;0;0;0;0;0;0;0;0;0;0;0;0;0;0;0;0
FR;6;2021-03-27;0;0;0;0;0;0;0;0;0;0;0;0;0;0;0;0;0;0
FR;6;2021-03-28;0;0;0;0;0;0;0;0;0;0;0;0;0;0;0;0;0;0
FR;6;2021-03-29;0;0;0;0;0;0;0;0;0;0;0;0;0;0;0;0;0;0
FR;6;2021-03-30;0;0;0;0;0;0;0;0;0;0;0;0;0;0;0;0;0;0
FR;6;2021-03-31;0;0;0;0;0;0;0;0;0;0;0;0;0;0;0;0;0;0
FR;6;2021-04-01;0;0;0;0;0;0;0;0;0;0;0;0;0;0;0;0;0;0
FR;6;2021-04-02;0;0;0;0;0;0;0;0;0;0;0;0;0;0;0;0;0;0
FR;6;2021-04-03;0;0;0;0;0;0;0;0;0;0;0;0;0;0;0;0;0;0
FR;6;2021-04-04;0;0;0;0;0;0;0;0;0;0;0;0;0;0;0;0;0;0
FR;6;2021-04-05;0;0;0;0;0;0;0;0;0;0;0;0;0;0;0;0;0;0
FR;6;2021-04-06;0;0;0;0;0;0;0;0;0;0;0;0;0;0;0;0;0;0
FR;6;2021-04-07;0;0;0;0;0;0;0;0;0;0;0;0;0;0;0;0;0;0
FR;6;2021-04-08;0;0;0;0;0;0;0;0;0;0;0;0;0;0;0;0;0;0
FR;6;2021-04-09;0;0;0;0;0;0;0;0;0;0;0;0;0;0;0;0;0;0
FR;6;2021-04-10;0;0;0;0;0;0;0;0;0;0;0;0;0;0;0;0;0;0
FR;6;2021-04-11;0;0;0;0;0;0;0;0;0;0;0;0;0;0;0;0;0;0
FR;6;2021-04-12;0;0;0;0;0;0;0;0;0;0;0;0;0;0;0;0;0;0
FR;6;2021-04-13;0;0;0;0;0;0;0;0;0;0;0;0;0;0;0;0;0;0
FR;6;2021-04-14;0;0;0;0;0;0;0;0;0;0;0;0;0;0;0;0;0;0
FR;6;2021-04-15;0;0;0;0;0;0;0;0;0;0;0;0;0;0;0;0;0;0
FR;6;2021-04-16;0;0;0;0;0;0;0;0;0;0;0;0;0;0;0;0;0;0
FR;6;2021-04-17;0;0;0;0;0;0;0;0;0;0;0;0;0;0;0;0;0;0
FR;6;2021-04-18;0;0;0;0;0;0;0;0;0;0;0;0;0;0;0;0;0;0
FR;6;2021-04-19;0;0;0;0;0;0;0;0;0;0;0;0;0;0;0;0;0;0
FR;6;2021-04-20;0;0;0;0;0;0;0;0;0;0;0;0;0;0;0;0;0;0
FR;6;2021-04-21;0;0;0;0;0;0;0;0;0;0;0;0;0;0;0;0;0;0
FR;6;2021-04-22;0;0;0;0;0;0;0;0;0;0;0;0;0;0;0;0;0;0
FR;6;2021-04-23;0;0;0;0;0;0;0;0;0;0;0;0;0;0;0;0;0;0
FR;6;2021-04-24;0;0;0;0;0;0;0;0;0;0;0;0;0;0;0;0;0;0
FR;6;2021-04-25;0;0;0;0;0;0;0;0;0;0;0;0;0;0;0;0;0;0
FR;6;2021-04-26;0;0;0;0;0;0;0;0;0;0;0;0;0;0;0;0;0;0
FR;6;2021-04-27;0;0;0;0;0;0;0;0;0;0;0;0;0;0;0;0;0;0
FR;6;2021-04-28;0;0;0;0;0;0;0;0;0;0;0;0;0;0;0;0;0;0
FR;6;2021-04-29;0;0;0;0;0;0;0;0;0;0;0;0;0;0;0;0;0;0
FR;6;2021-04-30;0;0;0;0;0;0;0;0;0;0;0;0;0;0;0;0;0;0
FR;6;2021-05-01;0;0;0;0;0;0;0;0;0;0;0;0;0;0;0;0;0;0
FR;6;2021-05-02;0;0;0;0;0;0;0;0;0;0;0;0;0;0;0;0;0;0
FR;6;2021-05-03;0;0;0;0;0;0;0;0;0;0;0;0;0;0;0;0;0;0
FR;6;2021-05-04;0;0;0;0;0;0;0;0;0;0;0;0;0;0;0;0;0;0
FR;6;2021-05-05;0;0;0;0;0;0;0;0;0;0;0;0;0;0;0;0;0;0
FR;6;2021-05-06;0;0;0;0;0;0;0;0;0;0;0;0;0;0;0;0;0;0
FR;6;2021-05-07;0;0;0;0;0;0;0;0;0;0;0;0;0;0;0;0;0;0
FR;6;2021-05-08;0;0;0;0;0;0;0;0;0;0;0;0;0;0;0;0;0;0
FR;6;2021-05-09;0;0;0;0;0;0;0;0;0;0;0;0;0;0;0;0;0;0
FR;6;2021-05-10;0;0;0;0;0;0;0;0;0;0;0;0;0;0;0;0;0;0
FR;6;2021-05-11;0;0;0;0;0;0;0;0;0;0;0;0;0;0;0;0;0;0
FR;6;2021-05-12;0;0;0;0;0;0;0;0;0;0;0;0;0;0;0;0;0;0
FR;6;2021-05-13;0;0;0;0;0;0;0;0;0;0;0;0;0;0;0;0;0;0
FR;6;2021-05-14;0;0;0;0;0;0;0;0;0;0;0;0;0;0;0;0;0;0
FR;6;2021-05-15;0;0;0;0;0;0;0;0;0;0;0;0;0;0;0;0;0;0
FR;6;2021-05-16;0;0;0;0;0;0;0;0;0;0;0;0;0;0;0;0;0;0
FR;6;2021-05-17;0;0;0;0;0;0;0;0;0;0;0;0;0;0;0;0;0;0
FR;6;2021-05-18;0;0;0;0;0;0;0;0;0;0;0;0;0;0;0;0;0;0
FR;6;2021-05-19;0;0;0;0;0;0;0;0;0;0;0;0;0;0;0;0;0;0
FR;6;2021-05-20;0;0;0;0;0;0;0;0;0;0;0;0;0;0;0;0;0;0
FR;6;2021-05-21;0;0;0;0;0;0;0;0;0;0;0;0;0;0;0;0;0;0
FR;6;2021-05-22;0;0;0;0;0;0;0;0;0;0;0;0;0;0;0;0;0;0
FR;6;2021-05-23;0;0;0;0;0;0;0;0;0;0;0;0;0;0;0;0;0;0
FR;6;2021-05-24;0;0;0;0;0;0;0;0;0;0;0;0;0;0;0;0;0;0
FR;6;2021-05-25;0;0;0;0;0;0;0;0;0;0;0;0;0;0;0;0;0;0
FR;6;2021-05-26;0;0;0;0;0;0;0;0;0;0;0;0;0;0;0;0;0;0
FR;6;2021-05-27;0;0;0;0;0;0;0;0;0;0;0;0;0;0;0;0;0;0
FR;6;2021-05-28;0;0;0;0;0;0;0;0;0;0;0;0;0;0;0;0;0;0
FR;6;2021-05-29;0;0;0;0;0;0;0;0;0;0;0;0;0;0;0;0;0;0
FR;6;2021-05-30;0;0;0;0;0;0;0;0;0;0;0;0;0;0;0;0;0;0
FR;6;2021-05-31;0;0;0;0;0;0;0;0;0;0;0;0;0;0;0;0;0;0
FR;6;2021-06-01;0;0;0;0;0;0;0;0;0;0;0;0;0;0;0;0;0;0
FR;6;2021-06-02;0;0;0;0;0;0;0;0;0;0;0;0;0;0;0;0;0;0
FR;6;2021-06-03;0;0;0;0;0;0;0;0;0;0;0;0;0;0;0;0;0;0
FR;6;2021-06-04;0;0;0;0;0;0;0;0;0;0;0;0;0;0;0;0;0;0
FR;6;2021-06-05;0;0;0;0;0;0;0;0;0;0;0;0;0;0;0;0;0;0
FR;6;2021-06-06;0;0;0;0;0;0;0;0;0;0;0;0;0;0;0;0;0;0
FR;6;2021-06-07;0;0;0;0;0;0;0;0;0;0;0;0;0;0;0;0;0;0
FR;6;2021-06-08;0;0;0;0;0;0;0;0;0;0;0;0;0;0;0;0;0;0
FR;6;2021-06-09;0;0;0;0;0;0;0;0;0;0;0;0;0;0;0;0;0;0
FR;6;2021-06-10;0;0;0;0;0;0;0;0;0;0;0;0;0;0;0;0;0;0
FR;6;2021-06-11;0;0;0;0;0;0;0;0;0;0;0;0;0;0;0;0;0;0
FR;6;2021-06-12;0;0;0;0;0;0;0;0;0;0;0;0;0;0;0;0;0;0
FR;6;2021-06-13;0;0;0;0;0;0;0;0;0;0;0;0;0;0;0;0;0;0
FR;6;2021-06-14;0;0;0;0;0;0;0;0;0;0;0;0;0;0;0;0;0;0
FR;6;2021-06-15;0;0;0;0;0;0;0;0;0;0;0;0;0;0;0;0;0;0
FR;6;2021-06-16;0;0;0;0;0;0;0;0;0;0;0;0;0;0;0;0;0;0
FR;6;2021-06-17;0;0;0;0;0;0;0;0;0;0;0;0;0;0;0;0;0;0
FR;6;2021-06-18;0;0;0;0;0;0;0;0;0;0;0;0;0;0;0;0;0;0
FR;6;2021-06-19;0;0;0;0;0;0;0;0;0;0;0;0;0;0;0;0;0;0
FR;6;2021-06-20;0;0;0;0;0;0;0;0;0;0;0;0;0;0;0;0;0;0
FR;6;2021-06-21;0;0;0;0;0;0;0;0;0;0;0;0;0;0;0;0;0;0
FR;6;2021-06-22;0;0;0;0;0;0;0;0;0;0;0;0;0;0;0;0;0;0
FR;6;2021-06-23;0;0;0;0;0;0;0;0;0;0;0;0;0;0;0;0;0;0
FR;6;2021-06-24;0;0;0;0;0;0;0;0;0;0;0;0;0;0;0;0;0;0
FR;6;2021-06-25;0;0;0;0;0;0;0;0;0;0;0;0;0;0;0;0;0;0
FR;6;2021-06-26;0;0;0;0;0;0;0;0;0;0;0;0;0;0;0;0;0;0
FR;6;2021-06-27;0;0;0;0;0;0;0;0;0;0;0;0;0;0;0;0;0;0
FR;6;2021-06-28;0;0;0;0;0;0;0;0;0;0;0;0;0;0;0;0;0;0
FR;6;2021-06-29;0;0;0;0;0;0;0;0;0;0;0;0;0;0;0;0;0;0
FR;6;2021-06-30;0;0;0;0;0;0;0;0;0;0;0;0;0;0;0;0;0;0
FR;6;2021-07-01;0;0;0;0;0;0;0;0;0;0;0;0;0;0;0;0;0;0
FR;6;2021-07-02;0;0;0;0;0;0;0;0;0;0;0;0;0;0;0;0;0;0
FR;6;2021-07-03;0;0;0;0;0;0;0;0;0;0;0;0;0;0;0;0;0;0
FR;6;2021-07-04;0;0;0;0;0;0;0;0;0;0;0;0;0;0;0;0;0;0
FR;6;2021-07-05;0;0;0;0;0;0;0;0;0;0;0;0;0;0;0;0;0;0
FR;6;2021-07-06;0;0;0;0;0;0;0;0;0;0;0;0;0;0;0;0;0;0
FR;6;2021-07-07;0;0;0;0;0;0;0;0;0;0;0;0;0;0;0;0;0;0
FR;6;2021-07-08;0;0;0;0;0;0;0;0;0;0;0;0;0;0;0;0;0;0
FR;6;2021-07-09;0;0;0;0;0;0;0;0;0;0;0;0;0;0;0;0;0;0
FR;6;2021-07-10;0;0;0;0;0;0;0;0;0;0;0;0;0;0;0;0;0;0
FR;6;2021-07-11;0;0;0;0;0;0;0;0;0;0;0;0;0;0;0;0;0;0
FR;6;2021-07-12;0;0;0;0;0;0;0;0;0;0;0;0;0;0;0;0;0;0
FR;6;2021-07-13;0;0;0;0;0;0;0;0;0;0;0;0;0;0;0;0;0;0
FR;6;2021-07-14;0;0;0;0;0;0;0;0;0;0;0;0;0;0;0;0;0;0
FR;6;2021-07-15;0;0;0;0;0;0;0;0;0;0;0;0;0;0;0;0;0;0
FR;6;2021-07-16;0;0;0;0;0;0;0;0;0;0;0;0;0;0;0;0;0;0
FR;6;2021-07-17;0;0;0;0;0;0;0;0;0;0;0;0;0;0;0;0;0;0
FR;6;2021-07-18;0;0;0;0;0;0;0;0;0;0;0;0;0;0;0;0;0;0
FR;6;2021-07-19;0;0;0;0;0;0;0;0;0;0;0;0;0;0;0;0;0;0
FR;6;2021-07-20;0;0;0;0;0;0;0;0;0;0;0;0;0;0;0;0;0;0
FR;6;2021-07-21;0;0;0;0;0;0;0;0;0;0;0;0;0;0;0;0;0;0
FR;6;2021-07-22;0;0;0;0;0;0;0;0;0;0;0;0;0;0;0;0;0;0
FR;6;2021-07-23;0;0;0;0;0;0;0;0;0;0;0;0;0;0;0;0;0;0
FR;6;2021-07-24;0;0;0;0;0;0;0;0;0;0;0;0;0;0;0;0;0;0
FR;6;2021-07-25;0;0;0;0;0;0;0;0;0;0;0;0;0;0;0;0;0;0
FR;6;2021-07-26;0;0;0;0;0;0;0;0;0;0;0;0;0;0;0;0;0;0
FR;6;2021-07-27;0;0;0;0;0;0;0;0;0;0;0;0;0;0;0;0;0;0
FR;6;2021-07-28;0;0;0;0;0;0;0;0;0;0;0;0;0;0;0;0;0;0
FR;6;2021-07-29;0;0;0;0;0;0;0;0;0;0;0;0;0;0;0;0;0;0
FR;6;2021-07-30;0;0;0;0;0;0;0;0;0;0;0;0;0;0;0;0;0;0
FR;6;2021-07-31;0;0;0;0;0;0;0;0;0;0;0;0;0;0;0;0;0;0
FR;6;2021-08-01;0;0;0;0;0;0;0;0;0;0;0;0;0;0;0;0;0;0
FR;6;2021-08-02;0;0;0;0;0;0;0;0;0;0;0;0;0;0;0;0;0;0
FR;6;2021-08-03;0;0;0;0;0;0;0;0;0;0;0;0;0;0;0;0;0;0
FR;6;2021-08-04;0;0;0;0;0;0;0;0;0;0;0;0;0;0;0;0;0;0
FR;6;2021-08-05;0;0;0;0;0;0;0;0;0;0;0;0;0;0;0;0;0;0
FR;6;2021-08-06;0;0;0;0;0;0;0;0;0;0;0;0;0;0;0;0;0;0
FR;6;2021-08-07;0;0;0;0;0;0;0;0;0;0;0;0;0;0;0;0;0;0
FR;6;2021-08-08;0;0;0;0;0;0;0;0;0;0;0;0;0;0;0;0;0;0
FR;6;2021-08-09;0;0;0;0;0;0;0;0;0;0;0;0;0;0;0;0;0;0
FR;6;2021-08-10;0;0;0;0;0;0;0;0;0;0;0;0;0;0;0;0;0;0
FR;6;2021-08-11;0;0;0;0;0;0;0;0;0;0;0;0;0;0;0;0;0;0
FR;6;2021-08-12;0;0;0;0;0;0;0;0;0;0;0;0;0;0;0;0;0;0
FR;6;2021-08-13;0;0;0;0;0;0;0;0;0;0;0;0;0;0;0;0;0;0
FR;6;2021-08-14;0;0;0;0;0;0;0;0;0;0;0;0;0;0;0;0;0;0
FR;6;2021-08-15;0;0;0;0;0;0;0;0;0;0;0;0;0;0;0;0;0;0
FR;6;2021-08-16;0;0;0;0;0;0;0;0;0;0;0;0;0;0;0;0;0;0
FR;6;2021-08-17;0;0;0;0;0;0;0;0;0;0;0;0;0;0;0;0;0;0
FR;6;2021-08-18;0;0;0;0;0;0;0;0;0;0;0;0;0;0;0;0;0;0
FR;6;2021-08-19;0;0;0;0;0;0;0;0;0;0;0;0;0;0;0;0;0;0
FR;6;2021-08-20;0;0;0;0;0;0;0;0;0;0;0;0;0;0;0;0;0;0
FR;6;2021-08-21;0;0;0;0;0;0;0;0;0;0;0;0;0;0;0;0;0;0
FR;6;2021-08-22;0;0;0;0;0;0;0;0;0;0;0;0;0;0;0;0;0;0
FR;6;2021-08-23;0;0;0;0;0;0;0;0;0;0;0;0;0;0;0;0;0;0
FR;6;2021-08-24;0;0;0;0;0;0;0;0;0;0;0;0;0;0;0;0;0;0
FR;6;2021-08-25;0;0;0;0;0;0;0;0;0;0;0;0;0;0;0;0;0;0
FR;6;2021-08-26;0;0;0;0;0;0;0;0;0;0;0;0;0;0;0;0;0;0
FR;6;2021-08-27;0;0;0;0;0;0;0;0;0;0;0;0;0;0;0;0;0;0
FR;6;2021-08-28;0;0;0;0;0;0;0;0;0;0;0;0;0;0;0;0;0;0
FR;6;2021-08-29;0;0;0;0;0;0;0;0;0;0;0;0;0;0;0;0;0;0
FR;6;2021-08-30;0;0;0;0;0;0;0;0;0;0;0;0;0;0;0;0;0;0
FR;6;2021-08-31;0;0;0;0;0;0;0;0;0;0;0;0;0;0;0;0;0;0
FR;6;2021-09-01;0;0;0;0;0;0;0;0;0;0;0;0;0;0;0;0;0;0
FR;6;2021-09-02;0;0;0;0;0;0;0;0;0;0;0;0;0;0;0;0;0;0
FR;6;2021-09-03;0;0;0;0;0;0;0;0;0;0;0;0;0;0;0;0;0;0
FR;6;2021-09-04;0;0;0;0;0;0;0;0;0;0;0;0;0;0;0;0;0;0
FR;6;2021-09-05;0;0;0;0;0;0;0;0;0;0;0;0;0;0;0;0;0;0
FR;6;2021-09-06;0;0;0;0;0;0;0;0;0;0;0;0;0;0;0;0;0;0
FR;6;2021-09-07;0;0;0;0;0;0;0;0;0;0;0;0;0;0;0;0;0;0
FR;6;2021-09-08;0;0;0;0;0;0;0;0;0;0;0;0;0;0;0;0;0;0
FR;6;2021-09-09;0;0;0;0;0;0;0;0;0;0;0;0;0;0;0;0;0;0
FR;6;2021-09-10;0;0;0;0;0;0;0;0;0;0;0;0;0;0;0;0;0;0
FR;6;2021-09-11;0;0;0;0;0;0;0;0;0;0;0;0;0;0;0;0;0;0
FR;6;2021-09-12;0;0;0;0;0;0;0;0;0;0;0;0;0;0;0;0;0;0
FR;6;2021-09-13;0;0;0;0;0;0;0;0;0;0;0;0;0;0;0;0;0;0
FR;6;2021-09-14;0;0;0;0;0;0;0;0;0;0;0;0;0;0;0;0;0;0
FR;6;2021-09-15;0;0;0;0;0;0;0;0;0;0;0;0;0;0;0;0;0;0
FR;6;2021-09-16;0;0;0;0;0;0;0;0;0;0;0;0;0;0;0;0;0;0
FR;6;2021-09-17;0;0;0;0;0;0;0;0;0;0;0;0;0;0;0;0;0;0
FR;6;2021-09-18;0;0;0;0;0;0;0;0;0;0;0;0;0;0;0;0;0;0
FR;6;2021-09-19;0;0;0;0;0;0;0;0;0;0;0;0;0;0;0;0;0;0
FR;6;2021-09-20;0;0;0;0;0;0;0;0;0;0;0;0;0;0;0;0;0;0
FR;6;2021-09-21;0;0;0;0;0;0;0;0;0;0;0;0;0;0;0;0;0;0
FR;6;2021-09-22;0;0;0;0;0;0;0;0;0;0;0;0;0;0;0;0;0;0
FR;6;2021-09-23;0;0;0;0;0;0;0;0;0;0;0;0;0;0;0;0;0;0
FR;6;2021-09-24;0;0;0;0;0;0;0;0;0;0;0;0;0;0;0;0;0;0
FR;6;2021-09-25;0;0;0;0;0;0;0;0;0;0;0;0;0;0;0;0;0;0
FR;6;2021-09-26;0;0;0;0;0;0;0;0;0;0;0;0;0;0;0;0;0;0
FR;6;2021-09-27;0;0;0;0;0;0;0;0;0;0;0;0;0;0;0;0;0;0
FR;6;2021-09-28;0;0;0;0;0;0;0;0;0;0;0;0;0;0;0;0;0;0
FR;6;2021-09-29;0;0;0;0;0;0;0;0;0;0;0;0;0;0;0;0;0;0
FR;6;2021-09-30;0;0;0;0;0;0;0;0;0;0;0;0;0;0;0;0;0;0
FR;6;2021-10-01;0;0;0;0;0;0;0;0;0;0;0;0;0;0;0;0;0;0
FR;6;2021-10-02;0;0;0;0;0;0;0;0;0;0;0;0;0;0;0;0;0;0
FR;6;2021-10-03;0;0;0;0;0;0;0;0;0;0;0;0;0;0;0;0;0;0
FR;6;2021-10-04;0;0;0;0;0;0;0;0;0;0;0;0;0;0;0;0;0;0
FR;6;2021-10-05;0;0;0;0;0;0;0;0;0;0;0;0;0;0;0;0;0;0
FR;6;2021-10-06;0;0;0;0;0;0;0;0;0;0;0;0;0;0;0;0;0;0
FR;6;2021-10-07;0;0;0;0;0;0;0;0;0;0;0;0;0;0;0;0;0;0
FR;6;2021-10-08;0;0;0;0;0;0;0;0;0;0;0;0;0;0;0;0;0;0
FR;6;2021-10-09;0;0;0;0;0;0;0;0;0;0;0;0;0;0;0;0;0;0
FR;6;2021-10-10;0;0;0;0;0;0;0;0;0;0;0;0;0;0;0;0;0;0
FR;6;2021-10-11;0;0;0;0;0;0;0;0;0;0;0;0;0;0;0;0;0;0
FR;6;2021-10-12;0;0;0;0;0;0;0;0;0;0;0;0;0;0;0;0;0;0
FR;6;2021-10-13;0;0;0;0;0;0;0;0;0;0;0;0;0;0;0;0;0;0
FR;6;2021-10-14;0;0;0;0;0;0;0;0;0;0;0;0;0;0;0;0;0;0
FR;6;2021-10-15;0;0;0;0;0;0;0;0;0;0;0;0;0;0;0;0;0;0
FR;6;2021-10-16;0;0;0;0;0;0;0;0;0;0;0;0;0;0;0;0;0;0
FR;6;2021-10-17;0;0;0;0;0;0;0;0;0;0;0;0;0;0;0;0;0;0
FR;6;2021-10-18;0;0;0;0;0;0;0;0;0;0;0;0;0;0;0;0;0;0
FR;6;2021-10-19;0;0;0;0;0;0;0;0;0;0;0;0;0;0;0;0;0;0
FR;6;2021-10-20;0;0;0;0;0;0;0;0;0;0;0;0;0;0;0;0;0;0
FR;6;2021-10-21;0;0;0;0;0;0;0;0;0;0;0;0;0;0;0;0;0;0
FR;6;2021-10-22;0;0;0;0;0;0;0;0;0;0;0;0;0;0;0;0;0;0
FR;6;2021-10-23;0;0;0;0;0;0;0;0;0;0;0;0;0;0;0;0;0;0
FR;6;2021-10-24;0;0;0;0;0;0;0;0;0;0;0;0;0;0;0;0;0;0
FR;6;2021-10-25;0;0;0;0;0;0;0;0;0;0;0;0;0;0;0;0;0;0
FR;6;2021-10-26;0;0;0;0;0;0;0;0;0;0;0;0;0;0;0;0;0;0
FR;6;2021-10-27;0;0;0;0;0;0;0;0;0;0;0;0;0;0;0;0;0;0
FR;6;2021-10-28;0;0;0;0;0;0;0;0;0;0;0;0;0;0;0;0;0;0
FR;6;2021-10-29;0;0;0;0;0;0;0;0;0;0;0;0;0;0;0;0;0;0
FR;6;2021-10-30;0;0;0;0;0;0;0;0;0;0;0;0;0;0;0;0;0;0
FR;6;2021-10-31;0;0;0;0;0;0;0;0;0;0;0;0;0;0;0;0;0;0
FR;6;2021-11-01;0;0;0;0;0;0;0;0;0;0;0;0;0;0;0;0;0;0
FR;6;2021-11-02;0;0;0;0;0;0;0;0;0;0;0;0;0;0;0;0;0;0
FR;6;2021-11-03;0;0;0;0;0;0;0;0;0;0;0;0;0;0;0;0;0;0
FR;6;2021-11-04;0;0;0;0;0;0;0;0;0;0;0;0;0;0;0;0;0;0
FR;6;2021-11-05;0;0;0;0;0;0;0;0;0;0;0;0;0;0;0;0;0;0
FR;6;2021-11-06;0;0;0;0;0;0;0;0;0;0;0;0;0;0;0;0;0;0
FR;6;2021-11-07;0;0;0;0;0;0;0;0;0;0;0;0;0;0;0;0;0;0
FR;6;2021-11-08;0;0;0;0;0;0;0;0;0;0;0;0;0;0;0;0;0;0
FR;6;2021-11-09;0;0;0;0;0;0;0;0;0;0;0;0;0;0;0;0;0;0
FR;6;2021-11-10;0;0;0;0;0;0;0;0;0;0;0;0;0;0;0;0;0;0
FR;6;2021-11-11;0;0;0;0;0;0;0;0;0;0;0;0;0;0;0;0;0;0
FR;6;2021-11-12;0;0;0;0;0;0;0;0;0;0;0;0;0;0;0;0;0;0
FR;6;2021-11-13;0;0;0;0;0;0;0;0;0;0;0;0;0;0;0;0;0;0
FR;6;2021-11-14;0;0;0;0;0;0;0;0;0;0;0;0;0;0;0;0;0;0
FR;6;2021-11-15;0;0;0;0;0;0;0;0;0;0;0;0;0;0;0;0;0;0
FR;6;2021-11-16;0;0;0;0;0;0;0;0;0;0;0;0;0;0;0;0;0;0
FR;6;2021-11-17;0;0;0;0;0;0;0;0;0;0;0;0;0;0;0;0;0;0
FR;6;2021-11-18;0;0;0;0;0;0;0;0;0;0;0;0;0;0;0;0;0;0
FR;6;2021-11-19;0;0;0;0;0;0;0;0;0;0;0;0;0;0;0;0;0;0
FR;6;2021-11-20;0;0;0;0;0;0;0;0;0;0;0;0;0;0;0;0;0;0
FR;6;2021-11-21;0;0;0;0;0;0;0;0;0;0;0;0;0;0;0;0;0;0
FR;6;2021-11-22;0;0;0;0;0;0;0;0;0;0;0;0;0;0;0;0;0;0
FR;6;2021-11-23;0;0;0;0;0;0;0;0;0;0;0;0;0;0;0;0;0;0
FR;6;2021-11-24;0;0;0;0;0;0;0;0;0;0;0;0;0;0;0;0;0;0
FR;6;2021-11-25;0;0;0;0;0;0;0;0;0;0;0;0;0;0;0;0;0;0
FR;6;2021-11-26;0;0;0;0;0;0;0;0;0;0;0;0;0;0;0;0;0;0
FR;6;2021-11-27;0;0;0;0;0;0;0;0;0;0;0;0;0;0;0;0;0;0
FR;6;2021-11-28;0;0;0;0;0;0;0;0;0;0;0;0;0;0;0;0;0;0
FR;6;2021-11-29;0;0;0;0;0;0;0;0;0;0;0;0;0;0;0;0;0;0
FR;6;2021-11-30;0;0;0;0;0;0;0;0;0;0;0;0;0;0;0;0;0;0
FR;6;2021-12-01;0;0;0;0;0;0;0;0;0;0;0;0;0;0;0;0;0;0
FR;6;2021-12-02;0;0;0;0;0;0;0;0;0;0;0;0;0;0;0;0;0;0
FR;6;2021-12-03;0;0;0;0;0;0;0;0;0;0;0;0;0;0;0;0;0;0
FR;6;2021-12-04;0;0;0;0;0;0;0;0;0;0;0;0;0;0;0;0;0;0
FR;6;2021-12-05;0;0;0;0;0;0;0;0;0;0;0;0;0;0;0;0;0;0
FR;6;2021-12-06;0;0;0;0;0;0;0;0;0;0;0;0;0;0;0;0;0;0
FR;6;2021-12-07;0;0;0;0;0;0;0;0;0;0;0;0;0;0;0;0;0;0
FR;6;2021-12-08;0;0;0;0;0;0;0;0;0;0;0;0;0;0;0;0;0;0
FR;6;2021-12-09;0;0;0;0;0;0;0;0;0;0;0;0;0;0;0;0;0;0
FR;6;2021-12-10;0;0;0;0;0;0;0;0;0;0;0;0;0;0;0;0;0;0
FR;6;2021-12-11;0;0;0;0;0;0;0;0;0;0;0;0;0;0;0;0;0;0
FR;6;2021-12-12;0;0;0;0;0;0;0;0;0;0;0;0;0;0;0;0;0;0
FR;6;2021-12-13;0;0;0;0;0;0;0;0;0;0;0;0;0;0;0;0;0;0
FR;6;2021-12-14;0;0;0;0;0;0;0;0;0;0;0;0;0;0;0;0;0;0
FR;6;2021-12-15;0;0;0;0;0;0;0;0;0;0;0;0;0;0;0;0;0;0
FR;6;2021-12-16;0;0;0;0;0;0;0;0;0;0;0;0;0;0;0;0;0;0
FR;6;2021-12-17;0;0;0;0;0;0;0;0;0;0;0;0;0;0;0;0;0;0
FR;6;2021-12-18;0;0;0;0;0;0;0;0;0;0;0;0;0;0;0;0;0;0
FR;6;2021-12-19;0;0;0;0;0;0;0;0;0;0;0;0;0;0;0;0;0;0
FR;6;2021-12-20;0;0;0;0;0;0;0;0;0;0;0;0;0;0;0;0;0;0
FR;6;2021-12-21;0;0;0;0;0;0;0;0;0;0;0;0;0;0;0;0;0;0
FR;6;2021-12-22;0;0;0;0;0;0;0;0;0;0;0;0;0;0;0;0;0;0
FR;6;2021-12-23;0;0;0;0;0;0;0;0;0;0;0;0;0;0;0;0;0;0
FR;6;2021-12-24;0;0;0;0;0;0;0;0;0;0;0;0;0;0;0;0;0;0
FR;6;2021-12-25;0;0;0;0;0;0;0;0;0;0;0;0;0;0;0;0;0;0
FR;6;2021-12-26;0;0;0;0;0;0;0;0;0;0;0;0;0;0;0;0;0;0
FR;6;2021-12-27;0;0;0;0;0;0;0;0;0;0;0;0;0;0;0;0;0;0
FR;6;2021-12-28;0;0;0;0;0;0;0;0;0;0;0;0;0;0;0;0;0;0
FR;6;2021-12-29;0;0;0;0;0;0;0;0;0;0;0;0;0;0;0;0;0;0
FR;6;2021-12-30;0;0;0;0;0;0;0;0;0;0;0;0;0;0;0;0;0;0
FR;6;2021-12-31;0;0;0;0;0;0;0;0;0;0;0;0;0;0;0;0;0;0
FR;6;2022-01-01;0;0;0;0;0;0;0;0;0;0;0;0;0;0;0;0;0;0
FR;6;2022-01-02;0;0;0;0;0;0;0;0;0;0;0;0;0;0;0;0;0;0
FR;6;2022-01-03;0;0;0;0;0;0;0;0;0;0;0;0;0;0;0;0;0;0
FR;6;2022-01-04;0;0;0;0;0;0;0;0;0;0;0;0;0;0;0;0;0;0
FR;6;2022-01-05;0;0;0;0;0;0;0;0;0;0;0;0;0;0;0;0;0;0
FR;6;2022-01-06;0;0;0;0;0;0;0;0;0;0;0;0;0;0;0;0;0;0
FR;6;2022-01-07;0;0;0;0;0;0;0;0;0;0;0;0;0;0;0;0;0;0
FR;6;2022-01-08;0;0;0;0;0;0;0;0;0;0;0;0;0;0;0;0;0;0
FR;6;2022-01-09;0;0;0;0;0;0;0;0;0;0;0;0;0;0;0;0;0;0
FR;6;2022-01-10;0;0;0;0;0;0;0;0;0;0;0;0;0;0;0;0;0;0
FR;6;2022-01-11;0;0;0;0;0;0;0;0;0;0;0;0;0;0;0;0;0;0
FR;6;2022-01-12;0;0;0;0;0;0;0;0;0;0;0;0;0;0;0;0;0;0
FR;6;2022-01-13;0;0;0;0;0;0;0;0;0;0;0;0;0;0;0;0;0;0
FR;6;2022-01-14;0;0;0;0;0;0;0;0;0;0;0;0;0;0;0;0;0;0
FR;6;2022-01-15;0;0;0;0;0;0;0;0;0;0;0;0;0;0;0;0;0;0
FR;6;2022-01-16;0;0;0;0;0;0;0;0;0;0;0;0;0;0;0;0;0;0
FR;6;2022-01-17;0;0;0;0;0;0;0;0;0;0;0;0;0;0;0;0;0;0
FR;6;2022-01-18;0;0;0;0;0;0;0;0;0;0;0;0;0;0;0;0;0;0
FR;6;2022-01-19;0;0;0;0;0;0;0;0;0;0;0;0;0;0;0;0;0;0
FR;6;2022-01-20;0;0;0;0;0;0;0;0;0;0;0;0;0;0;0;0;0;0
FR;6;2022-01-21;0;0;0;0;0;0;0;0;0;0;0;0;0;0;0;0;0;0
FR;6;2022-01-22;0;0;0;0;0;0;0;0;0;0;0;0;0;0;0;0;0;0
FR;6;2022-01-23;0;0;0;0;0;0;0;0;0;0;0;0;0;0;0;0;0;0
FR;6;2022-01-24;0;0;0;0;0;0;0;0;0;0;0;0;0;0;0;0;0;0
FR;6;2022-01-25;0;0;0;0;0;0;0;0;0;0;0;0;0;0;0;0;0;0
FR;6;2022-01-26;0;0;0;0;0;0;0;0;0;0;0;0;0;0;0;0;0;0
FR;6;2022-01-27;0;0;0;0;0;0;0;0;0;0;0;0;0;0;0;0;0;0
FR;6;2022-01-28;0;0;0;0;0;0;0;0;0;0;0;0;0;0;0;0;0;0
FR;6;2022-01-29;0;0;0;0;0;0;0;0;0;0;0;0;0;0;0;0;0;0
FR;6;2022-01-30;0;0;0;0;0;0;0;0;0;0;0;0;0;0;0;0;0;0
FR;6;2022-01-31;0;0;0;0;0;0;0;0;0;0;0;0;0;0;0;0;0;0
FR;6;2022-02-01;0;0;0;0;0;0;0;0;0;0;0;0;0;0;0;0;0;0
FR;6;2022-02-02;0;0;0;0;0;0;0;0;0;0;0;0;0;0;0;0;0;0
FR;6;2022-02-03;0;0;0;0;0;0;0;0;0;0;0;0;0;0;0;0;0;0
FR;6;2022-02-04;0;0;0;0;0;0;0;0;0;0;0;0;0;0;0;0;0;0
FR;6;2022-02-05;0;0;0;0;0;0;0;0;0;0;0;0;0;0;0;0;0;0
FR;6;2022-02-06;0;0;0;0;0;0;0;0;0;0;0;0;0;0;0;0;0;0
FR;6;2022-02-07;0;0;0;0;0;0;0;0;0;0;0;0;0;0;0;0;0;0
FR;6;2022-02-08;0;0;0;0;0;0;0;0;0;0;0;0;0;0;0;0;0;0
FR;6;2022-02-09;0;0;0;0;0;0;0;0;0;0;0;0;0;0;0;0;0;0
FR;6;2022-02-10;0;0;0;0;0;0;0;0;0;0;0;0;0;0;0;0;0;0
FR;6;2022-02-11;0;0;0;0;0;0;0;0;0;0;0;0;0;0;0;0;0;0
FR;6;2022-02-12;0;0;0;0;0;0;0;0;0;0;0;0;0;0;0;0;0;0
FR;6;2022-02-13;0;0;0;0;0;0;0;0;0;0;0;0;0;0;0;0;0;0
FR;6;2022-02-14;0;0;0;0;0;0;0;0;0;0;0;0;0;0;0;0;0;0
FR;6;2022-02-15;0;0;0;0;0;0;0;0;0;0;0;0;0;0;0;0;0;0
FR;6;2022-02-16;0;0;0;0;0;0;0;0;0;0;0;0;0;0;0;0;0;0
FR;6;2022-02-17;0;0;0;0;0;0;0;0;0;0;0;0;0;0;0;0;0;0
FR;6;2022-02-18;0;0;0;0;0;0;0;0;0;0;0;0;0;0;0;0;0;0
FR;6;2022-02-19;0;0;0;0;0;0;0;0;0;0;0;0;0;0;0;0;0;0
FR;6;2022-02-20;0;0;0;0;0;0;0;0;0;0;0;0;0;0;0;0;0;0
FR;6;2022-02-21;0;0;0;0;0;0;0;0;0;0;0;0;0;0;0;0;0;0
FR;6;2022-02-22;0;0;0;0;0;0;0;0;0;0;0;0;0;0;0;0;0;0
FR;6;2022-02-23;0;0;0;0;0;0;0;0;0;0;0;0;0;0;0;0;0;0
FR;6;2022-02-24;0;0;0;0;0;0;0;0;0;0;0;0;0;0;0;0;0;0
FR;6;2022-02-25;0;0;0;0;0;0;0;0;0;0;0;0;0;0;0;0;0;0
FR;6;2022-02-26;1;0;0;0;0;0;0;0;0;1;0;0;0;0;0;0;0;0
FR;6;2022-02-27;1;0;0;0;1;0;0;0;0;2;0;0;0;1;0;0;0;0
FR;6;2022-02-28;0;0;0;0;0;0;0;0;0;2;0;0;0;1;0;0;0;0
FR;6;2022-03-01;3;0;0;0;0;0;0;0;0;5;0;0;0;1;0;0;0;0
FR;6;2022-03-02;97;9;2;0;15;7;0;0;0;102;9;2;0;16;7;0;0;0
FR;6;2022-03-03;0;0;0;0;0;0;0;0;0;102;9;2;0;16;7;0;0;0
FR;6;2022-03-04;92;4;0;0;8;4;0;0;0;194;13;2;0;24;11;0;0;0
FR;6;2022-03-05;391;23;2;0;60;14;0;0;0;585;36;4;0;84;25;0;0;0
FR;6;2022-03-06;7;1;0;0;2;0;0;0;0;592;37;4;0;86;25;0;0;0
FR;6;2022-03-07;337;19;0;0;51;13;0;0;0;929;56;4;0;137;38;0;0;0
FR;6;2022-03-08;230;14;0;0;47;5;0;0;0;1159;70;4;0;184;43;0;0;0
FR;6;2022-03-09;519;29;2;0;84;21;1;0;0;1678;99;6;0;268;64;1;0;0
FR;6;2022-03-10;206;19;0;1;54;12;1;0;0;1884;118;6;1;322;76;2;0;0
FR;6;2022-03-11;331;22;6;0;53;21;0;0;0;2215;140;12;1;375;97;2;0;0
FR;6;2022-03-12;518;25;1;0;83;20;0;0;0;2733;165;13;1;458;117;2;0;0
FR;6;2022-03-13;40;2;0;0;2;1;0;0;0;2773;167;13;1;460;118;2;0;0
FR;6;2022-03-14;201;4;2;0;39;3;1;0;0;2974;171;15;1;499;121;3;0;0
FR;6;2022-03-15;112;11;2;0;28;9;0;0;0;3086;182;17;1;527;130;3;0;0
FR;6;2022-03-16;310;17;2;1;49;15;1;0;0;3396;199;19;2;576;145;4;0;0
FR;6;2022-03-17;117;6;1;2;14;4;2;0;0;3513;205;20;4;590;149;6;0;0
FR;6;2022-03-18;215;10;0;0;40;6;0;0;0;3728;215;20;4;630;155;6;0;0
FR;6;2022-03-19;307;19;2;0;90;9;0;0;0;4035;234;22;4;720;164;6;0;0
FR;6;2022-03-20;15;5;0;0;5;1;0;0;0;4050;239;22;4;725;165;6;0;0
FR;6;2022-03-21;132;23;1;0;47;4;0;0;0;4182;262;23;4;772;169;6;0;0
FR;6;2022-03-22;97;15;0;0;34;4;0;0;0;4279;277;23;4;806;173;6;0;0
FR;6;2022-03-23;226;108;3;0;155;14;1;0;0;4505;385;26;4;961;187;7;0;0
FR;6;2022-03-24;100;15;1;3;32;4;3;0;0;4605;400;27;7;993;191;10;0;0
FR;6;2022-03-25;203;141;2;1;179;15;2;0;0;4808;541;29;8;1172;206;12;0;0
FR;6;2022-03-26;331;295;7;1;385;19;1;0;0;5139;836;36;9;1557;225;13;0;0
FR;6;2022-03-27;32;30;1;0;37;1;1;0;0;5171;866;37;9;1594;226;14;0;0
FR;6;2022-03-28;201;208;8;1;234;17;3;0;0;5372;1074;45;10;1828;243;17;0;0
FR;6;2022-03-29;124;189;12;2;206;12;9;0;0;5496;1263;57;12;2034;255;26;0;0
FR;6;2022-03-30;305;476;10;2;548;22;6;0;0;5801;1739;67;14;2582;277;32;0;0
FR;6;2022-03-31;123;140;10;0;160;14;5;0;0;5924;1879;77;14;2742;291;37;0;0
FR;6;2022-04-01;195;150;11;2;178;23;3;0;0;6119;2029;88;16;2920;314;40;0;0
FR;6;2022-04-02;206;241;9;1;280;13;8;0;0;6325;2270;97;17;3200;327;48;0;0
FR;6;2022-04-03;17;21;0;0;26;1;0;0;0;6342;2291;97;17;3226;328;48;0;0
FR;6;2022-04-04;137;114;6;1;131;9;5;0;0;6479;2405;103;18;3357;337;53;0;0
FR;6;2022-04-05;146;88;15;1;105;11;8;0;0;6625;2493;118;19;3462;348;61;0;0
FR;6;2022-04-06;204;245;22;26;291;27;33;0;0;6829;2738;140;45;3753;375;94;0;0
FR;6;2022-04-07;127;96;15;9;115;17;14;0;0;6956;2834;155;54;3868;392;108;0;0
FR;6;2022-04-08;199;171;16;3;214;17;9;0;1;7155;3005;171;57;4082;409;117;0;1
FR;6;2022-04-09;145;139;6;12;171;13;4;0;0;7300;3144;177;69;4253;422;121;0;1
FR;6;2022-04-10;11;20;3;0;26;1;3;0;0;7311;3164;180;69;4279;423;124;0;1
FR;6;2022-04-11;101;106;4;0;129;5;3;0;0;7412;3270;184;69;4408;428;127;0;1
FR;6;2022-04-12;136;75;5;8;114;10;10;0;0;7548;3345;189;77;4522;438;137;0;1
FR;6;2022-04-13;162;175;7;5;208;13;8;0;0;7710;3520;196;82;4730;451;145;0;1
FR;6;2022-04-14;100;103;5;10;121;8;10;0;0;7810;3623;201;92;4851;459;155;0;1
FR;6;2022-04-15;158;149;11;7;167;19;14;0;1;7968;3772;212;99;5018;478;169;0;2
FR;6;2022-04-16;127;132;5;0;162;14;2;0;0;8095;3904;217;99;5180;492;171;0;2
FR;6;2022-04-17;8;9;4;0;10;4;0;0;0;8103;3913;221;99;5190;496;171;0;2
FR;6;2022-04-18;8;15;3;0;14;4;0;0;0;8111;3928;224;99;5204;500;171;0;2
FR;6;2022-04-19;97;112;4;3;130;3;7;0;0;8208;4040;228;102;5334;503;178;0;2
FR;6;2022-04-20;177;227;8;7;269;15;3;0;0;8385;4267;236;109;5603;518;181;0;2
FR;6;2022-04-21;111;93;8;4;110;11;7;0;0;8496;4360;244;113;5713;529;188;0;2
FR;6;2022-04-22;139;160;13;12;189;13;13;0;0;8635;4520;257;125;5902;542;201;0;2
FR;6;2022-04-23;106;129;1;1;161;7;1;0;0;8741;4649;258;126;6063;549;202;0;2
FR;6;2022-04-24;5;21;1;0;22;0;1;0;0;8746;4670;259;126;6085;549;203;0;2
FR;6;2022-04-25;90;128;3;8;151;11;9;0;0;8836;4798;262;134;6236;560;212;0;2
FR;6;2022-04-26;101;128;19;2;151;17;13;0;0;8937;4926;281;136;6387;577;225;0;2
FR;6;2022-04-27;197;159;21;1;222;27;11;0;1;9134;5085;302;137;6609;604;236;0;3
FR;6;2022-04-28;109;87;7;1;123;8;7;0;0;9243;5172;309;138;6732;612;243;0;3
FR;6;2022-04-29;191;169;16;2;215;20;6;0;0;9434;5341;325;140;6947;632;249;0;3
FR;6;2022-04-30;133;125;7;1;168;24;2;0;0;9567;5466;332;141;7115;656;251;0;3
FR;6;2022-05-01;7;6;0;0;8;0;0;0;0;9574;5472;332;141;7123;656;251;0;3
FR;6;2022-05-02;94;65;3;4;88;3;4;0;0;9668;5537;335;145;7211;659;255;0;3
FR;6;2022-05-03;136;93;11;2;125;7;9;0;0;9804;5630;346;147;7336;666;264;0;3
FR;6;2022-05-04;167;118;25;12;161;29;12;0;1;9971;5748;371;159;7497;695;276;0;4
FR;6;2022-05-05;101;70;8;3;97;12;6;0;0;10072;5818;379;162;7594;707;282;0;4
FR;6;2022-05-06;152;110;10;9;155;16;11;0;0;10224;5928;389;171;7749;723;293;0;4
FR;6;2022-05-07;139;93;13;3;136;23;8;0;0;10363;6021;402;174;7885;746;301;0;4
FR;6;2022-05-08;20;8;6;5;16;7;5;0;0;10383;6029;408;179;7901;753;306;0;4
FR;6;2022-05-09;86;78;9;7;95;13;6;0;0;10469;6107;417;186;7996;766;312;0;4
FR;6;2022-05-10;112;80;15;7;110;12;13;0;0;10581;6187;432;193;8106;778;325;0;4
FR;6;2022-05-11;130;124;11;14;163;20;6;0;0;10711;6311;443;207;8269;798;331;0;4
FR;6;2022-05-12;105;76;7;5;96;15;6;0;1;10816;6387;450;212;8365;813;337;0;5
FR;6;2022-05-13;155;97;17;21;137;22;16;0;0;10971;6484;467;233;8502;835;353;0;5
FR;6;2022-05-14;81;60;6;7;84;15;2;0;0;11052;6544;473;240;8586;850;355;0;5
FR;6;2022-05-15;12;7;0;0;14;0;0;0;0;11064;6551;473;240;8600;850;355;0;5
FR;6;2022-05-16;65;54;6;2;69;12;3;0;0;11129;6605;479;242;8669;862;358;0;5
FR;6;2022-05-17;123;77;5;7;92;11;8;0;0;11252;6682;484;249;8761;873;366;0;5
FR;6;2022-05-18;131;116;5;1;158;14;3;0;0;11383;6798;489;250;8919;887;369;0;5
FR;6;2022-05-19;124;57;6;8;96;9;8;0;0;11507;6855;495;258;9015;896;377;0;5
FR;6;2022-05-20;125;115;13;3;151;18;10;0;0;11632;6970;508;261;9166;914;387;0;5
FR;6;2022-05-21;92;69;14;3;93;12;8;0;0;11724;7039;522;264;9259;926;395;0;5
FR;6;2022-05-22;19;12;5;0;21;4;1;0;0;11743;7051;527;264;9280;930;396;0;5
FR;6;2022-05-23;77;72;4;2;90;7;2;0;0;11820;7123;531;266;9370;937;398;0;5
FR;6;2022-05-24;117;98;8;2;131;16;4;0;0;11937;7221;539;268;9501;953;402;0;5
FR;6;2022-05-25;140;129;6;3;171;11;6;0;0;12077;7350;545;271;9672;964;408;0;5
FR;6;2022-05-26;7;9;3;0;5;9;0;0;0;12084;7359;548;271;9677;973;408;0;5
FR;6;2022-05-27;127;105;15;11;136;18;18;0;1;12211;7464;563;282;9813;991;426;0;6
FR;6;2022-05-28;54;75;1;5;89;8;5;0;0;12265;7539;564;287;9902;999;431;0;6
FR;6;2022-05-29;8;10;0;0;10;1;0;0;0;12273;7549;564;287;9912;1000;431;0;6
FR;6;2022-05-30;70;70;7;4;86;4;9;0;0;12343;7619;571;291;9998;1004;440;0;6
FR;6;2022-05-31;87;102;10;2;121;14;7;0;0;12430;7721;581;293;10119;1018;447;0;6
FR;6;2022-06-01;97;89;10;1;111;11;6;0;0;12527;7810;591;294;10230;1029;453;0;6
FR;6;2022-06-02;91;60;6;3;80;9;6;0;0;12618;7870;597;297;10310;1038;459;0;6
FR;6;2022-06-03;126;102;13;7;128;21;8;0;0;12744;7972;610;304;10438;1059;467;0;6
FR;6;2022-06-04;63;51;10;0;64;12;3;0;0;12807;8023;620;304;10502;1071;470;0;6
FR;6;2022-06-05;16;15;2;1;18;4;1;0;0;12823;8038;622;305;10520;1075;471;0;6
FR;6;2022-06-06;9;6;0;0;8;0;0;0;0;12832;8044;622;305;10528;1075;471;0;6
FR;6;2022-06-07;79;90;3;4;117;8;6;0;0;12911;8134;625;309;10645;1083;477;0;6
FR;6;2022-06-08;92;110;13;5;130;20;6;0;0;13003;8244;638;314;10775;1103;483;0;6
FR;6;2022-06-09;75;81;15;3;106;15;8;0;0;13078;8325;653;317;10881;1118;491;0;6
FR;6;2022-06-10;116;93;26;10;120;22;13;0;0;13194;8418;679;327;11001;1140;504;0;6
FR;6;2022-06-11;83;62;6;10;82;12;11;0;0;13277;8480;685;337;11083;1152;515;0;6
FR;6;2022-06-12;6;14;1;0;16;2;0;0;0;13283;8494;686;337;11099;1154;515;0;6
FR;6;2022-06-13;74;59;18;1;68;7;4;0;0;13357;8553;704;338;11167;1161;519;0;6
FR;6;2022-06-14;98;100;8;5;116;16;8;0;0;13455;8653;712;343;11283;1177;527;0;6
FR;6;2022-06-15;80;86;7;8;114;15;10;0;0;13535;8739;719;351;11397;1192;537;0;6
FR;6;2022-06-16;53;40;11;7;45;14;6;0;0;13588;8779;730;358;11442;1206;543;0;6
FR;6;2022-06-17;86;85;3;13;109;11;5;0;0;13674;8864;733;371;11551;1217;548;0;6
FR;6;2022-06-18;71;62;13;0;88;21;1;0;0;13745;8926;746;371;11639;1238;549;0;6
FR;6;2022-06-19;6;6;3;0;7;4;1;0;0;13751;8932;749;371;11646;1242;550;0;6
FR;6;2022-06-20;42;41;4;1;55;6;1;0;0;13793;8973;753;372;11701;1248;551;0;6
FR;6;2022-06-21;59;73;10;7;83;17;7;0;0;13852;9046;763;379;11784;1265;558;0;6
FR;6;2022-06-22;86;85;8;2;98;17;3;0;0;13938;9131;771;381;11882;1282;561;0;6
FR;6;2022-06-23;64;39;13;7;41;15;10;0;0;14002;9170;784;388;11923;1297;571;0;6
FR;6;2022-06-24;77;85;7;14;95;20;16;0;0;14079;9255;791;402;12018;1317;587;0;6
FR;6;2022-06-25;67;61;4;3;77;8;5;0;0;14146;9316;795;405;12095;1325;592;0;6
FR;6;2022-06-26;6;7;1;0;10;1;0;0;0;14152;9323;796;405;12105;1326;592;0;6
FR;6;2022-06-27;51;50;4;9;62;12;7;0;0;14203;9373;800;414;12167;1338;599;0;6
FR;6;2022-06-28;68;47;6;3;53;15;5;0;0;14271;9420;806;417;12220;1353;604;0;6
FR;6;2022-06-29;98;117;26;37;115;19;35;0;5;14369;9537;832;454;12335;1372;639;0;11
FR;6;2022-06-30;84;60;33;10;61;12;7;0;0;14453;9597;865;464;12396;1384;646;0;11
FR;6;2022-07-01;115;94;25;33;102;18;27;0;1;14568;9691;890;497;12498;1402;673;0;12
FR;6;2022-07-02;58;67;26;2;64;37;6;0;0;14626;9758;916;499;12562;1439;679;0;12
FR;6;2022-07-03;11;4;4;3;5;4;3;0;0;14637;9762;920;502;12567;1443;682;0;12
FR;6;2022-07-04;61;43;3;23;55;13;20;0;0;14698;9805;923;525;12622;1456;702;0;12
FR;6;2022-07-05;65;53;19;67;60;27;63;0;0;14763;9858;942;592;12682;1483;765;0;12
FR;6;2022-07-06;94;64;7;11;78;12;17;0;0;14857;9922;949;603;12760;1495;782;0;12
FR;6;2022-07-07;99;79;42;37;99;14;34;0;4;14956;10001;991;640;12859;1509;816;0;16
FR;6;2022-07-08;139;87;42;27;115;10;25;0;3;15095;10088;1033;667;12974;1519;841;0;19
FR;6;2022-07-09;53;51;16;29;51;27;33;0;1;15148;10139;1049;696;13025;1546;874;0;20
FR;6;2022-07-10;3;7;8;0;9;9;0;0;0;15151;10146;1057;696;13034;1555;874;0;20
FR;6;2022-07-11;54;44;5;4;47;12;4;0;0;15205;10190;1062;700;13081;1567;878;0;20
FR;6;2022-07-12;70;72;12;23;87;12;27;0;0;15275;10262;1074;723;13168;1579;905;0;20
FR;6;2022-07-13;84;65;14;21;71;25;22;0;0;15359;10327;1088;744;13239;1604;927;0;20
FR;6;2022-07-14;4;3;1;0;4;1;0;0;0;15363;10330;1089;744;13243;1605;927;0;20
FR;6;2022-07-15;74;59;9;57;85;16;45;0;0;15437;10389;1098;801;13328;1621;972;0;20
FR;6;2022-07-16;27;31;17;0;37;17;3;0;0;15464;10420;1115;801;13365;1638;975;0;20
FR;6;2022-07-17;3;7;0;0;8;0;0;0;0;15467;10427;1115;801;13373;1638;975;0;20
FR;6;2022-07-18;37;62;11;14;60;15;14;0;6;15504;10489;1126;815;13433;1653;989;0;26
FR;6;2022-07-19;54;48;4;19;60;6;21;0;1;15558;10537;1130;834;13493;1659;1010;0;27
FR;6;2022-07-20;53;70;7;22;75;11;27;0;0;15611;10607;1137;856;13568;1670;1037;0;27
FR;6;2022-07-21;51;61;4;7;56;11;9;0;0;15662;10668;1141;863;13624;1681;1046;0;27
FR;6;2022-07-22;55;74;7;26;82;8;16;0;2;15717;10742;1148;889;13706;1689;1062;0;29
FR;6;2022-07-23;38;40;6;10;40;6;9;0;1;15755;10782;1154;899;13746;1695;1071;0;30
FR;6;2022-07-24;11;14;1;3;19;3;3;0;0;15766;10796;1155;902;13765;1698;1074;0;30
FR;6;2022-07-25;60;44;8;12;41;9;13;0;1;15826;10840;1163;914;13806;1707;1087;0;31
FR;6;2022-07-26;47;64;14;6;62;10;13;0;0;15873;10904;1177;920;13868;1717;1100;0;31
FR;6;2022-07-27;54;78;15;11;80;18;15;0;8;15927;10982;1192;931;13948;1735;1115;0;39
FR;6;2022-07-28;30;48;4;6;50;8;7;0;1;15957;11030;1196;937;13998;1743;1122;0;40
FR;6;2022-07-29;43;71;10;38;60;24;36;0;1;16000;11101;1206;975;14058;1767;1158;0;41
FR;6;2022-07-30;26;48;4;15;49;7;15;0;0;16026;11149;1210;990;14107;1774;1173;0;41
FR;6;2022-07-31;0;1;1;0;1;0;1;0;0;16026;11150;1211;990;14108;1774;1174;0;41
FR;6;2022-08-01;39;36;14;8;32;10;6;0;1;16065;11186;1225;998;14140;1784;1180;0;42
FR;6;2022-08-02;37;46;10;14;52;6;16;0;0;16102;11232;1235;1012;14192;1790;1196;0;42
FR;6;2022-08-03;29;52;7;16;53;11;19;0;0;16131;11284;1242;1028;14245;1801;1215;0;42
FR;6;2022-08-04;25;21;4;9;20;6;10;0;1;16156;11305;1246;1037;14265;1807;1225;0;43
FR;6;2022-08-05;43;45;1;7;54;5;7;0;0;16199;11350;1247;1044;14319;1812;1232;0;43
FR;6;2022-08-06;17;27;1;3;33;2;4;0;0;16216;11377;1248;1047;14352;1814;1236;0;43
FR;6;2022-08-07;1;2;0;0;2;0;0;0;0;16217;11379;1248;1047;14354;1814;1236;0;43
FR;6;2022-08-08;24;33;1;0;40;1;0;0;0;16241;11412;1249;1047;14394;1815;1236;0;43
FR;6;2022-08-09;22;30;6;3;29;3;3;0;0;16263;11442;1255;1050;14423;1818;1239;0;43
FR;6;2022-08-10;32;36;5;9;38;5;9;0;5;16295;11478;1260;1059;14461;1823;1248;0;48
FR;6;2022-08-11;32;33;1;1;40;1;0;0;1;16327;11511;1261;1060;14501;1824;1248;0;49
FR;6;2022-08-12;50;44;6;2;50;15;3;0;1;16377;11555;1267;1062;14551;1839;1251;0;50
FR;6;2022-08-13;9;20;0;0;22;1;0;0;0;16386;11575;1267;1062;14573;1840;1251;0;50
FR;6;2022-08-14;3;1;0;0;2;0;0;0;0;16389;11576;1267;1062;14575;1840;1251;0;50
FR;6;2022-08-15;2;3;1;0;4;0;1;0;0;16391;11579;1268;1062;14579;1840;1252;0;50
FR;6;2022-08-16;35;66;21;7;66;7;2;0;0;16426;11645;1289;1069;14645;1847;1254;0;50
FR;6;2022-08-17;32;44;10;9;41;10;6;0;7;16458;11689;1299;1078;14686;1857;1260;0;57
FR;6;2022-08-18;29;55;14;4;61;4;0;0;1;16487;11744;1313;1082;14747;1861;1260;0;58
FR;6;2022-08-19;30;45;5;4;47;3;2;0;1;16517;11789;1318;1086;14794;1864;1262;0;59
FR;6;2022-08-20;26;28;3;0;27;8;1;0;0;16543;11817;1321;1086;14821;1872;1263;0;59
FR;6;2022-08-21;1;5;2;0;5;0;0;0;0;16544;11822;1323;1086;14826;1872;1263;0;59
FR;6;2022-08-22;20;42;15;1;45;0;0;0;0;16564;11864;1338;1087;14871;1872;1263;0;59
FR;6;2022-08-23;34;45;6;7;47;6;4;0;2;16598;11909;1344;1094;14918;1878;1267;0;61
FR;6;2022-08-24;34;30;6;3;36;6;2;0;3;16632;11939;1350;1097;14954;1884;1269;0;64
FR;6;2022-08-25;25;27;1;1;29;5;1;0;0;16657;11966;1351;1098;14983;1889;1270;0;64
FR;6;2022-08-26;38;44;4;4;51;7;7;0;0;16695;12010;1355;1102;15034;1896;1277;0;64
FR;6;2022-08-27;19;21;7;3;22;8;4;0;0;16714;12031;1362;1105;15056;1904;1281;0;64
FR;6;2022-08-28;6;3;0;6;3;1;1;0;4;16720;12034;1362;1111;15059;1905;1282;0;68
FR;6;2022-08-29;26;22;2;6;29;3;6;0;0;16746;12056;1364;1117;15088;1908;1288;0;68
FR;6;2022-08-30;28;35;4;12;33;8;13;0;0;16774;12091;1368;1129;15121;1916;1301;0;68
FR;6;2022-08-31;35;38;2;11;46;3;12;0;0;16809;12129;1370;1140;15167;1919;1313;0;68
FR;6;2022-09-01;17;11;5;1;13;4;3;0;0;16826;12140;1375;1141;15180;1923;1316;0;68
FR;6;2022-09-02;19;14;2;1;13;3;2;0;0;16845;12154;1377;1142;15193;1926;1318;0;68
FR;6;2022-09-03;10;3;1;5;4;2;5;0;0;16855;12157;1378;1147;15197;1928;1323;0;68
FR;6;2022-09-04;4;1;0;0;1;0;0;0;0;16859;12158;1378;1147;15198;1928;1323;0;68
FR;6;2022-09-05;8;7;0;0;10;0;0;0;0;16867;12165;1378;1147;15208;1928;1323;0;68
FR;6;2022-09-06;7;9;7;12;8;6;15;0;0;16874;12174;1385;1159;15216;1934;1338;0;68
FR;6;2022-09-07;3;8;1;0;8;1;0;0;0;16877;12182;1386;1159;15224;1935;1338;0;68
FR;6;2022-09-08;6;4;0;2;3;1;2;0;0;16883;12186;1386;1161;15227;1936;1340;0;68
FR;6;2022-09-09;7;9;2;7;9;3;8;0;0;16890;12195;1388;1168;15236;1939;1348;0;68
FR;6;2022-09-10;3;4;1;0;3;1;1;0;0;16893;12199;1389;1168;15239;1940;1349;0;68
FR;6;2022-09-11;1;3;0;0;3;0;0;0;0;16894;12202;1389;1168;15242;1940;1349;0;68
FR;6;2022-09-12;10;4;1;0;3;3;0;0;0;16904;12206;1390;1168;15245;1943;1349;0;68
FR;6;2022-09-13;7;2;3;0;2;2;2;0;0;16911;12208;1393;1168;15247;1945;1351;0;68
FR;6;2022-09-14;9;8;2;0;7;4;0;0;0;16920;12216;1395;1168;15254;1949;1351;0;68
FR;6;2022-09-15;8;13;5;5;9;9;3;0;2;16928;12229;1400;1173;15263;1958;1354;0;70
FR;6;2022-09-16;25;39;1;1;47;4;1;0;2;16953;12268;1401;1174;15310;1962;1355;0;72
FR;6;2022-09-17;24;22;0;6;24;5;3;0;2;16977;12290;1401;1180;15334;1967;1358;0;74
FR;6;2022-09-18;5;4;0;0;4;1;0;0;0;16982;12294;1401;1180;15338;1968;1358;0;74
FR;6;2022-09-19;30;30;2;1;32;5;1;0;0;17012;12324;1403;1181;15370;1973;1359;0;74
FR;6;2022-09-20;34;25;1;4;30;6;2;0;1;17046;12349;1404;1185;15400;1979;1361;0;75
FR;6;2022-09-21;21;9;3;3;7;7;5;0;3;17067;12358;1407;1188;15407;1986;1366;0;78
FR;6;2022-09-22;19;28;1;22;32;3;21;0;1;17086;12386;1408;1210;15439;1989;1387;0;79
FR;6;2022-09-23;28;41;5;9;47;9;2;0;0;17114;12427;1413;1219;15486;1998;1389;0;79
FR;6;2022-09-24;16;16;4;2;21;6;2;0;0;17130;12443;1417;1221;15507;2004;1391;0;79
FR;6;2022-09-25;3;14;0;0;14;1;0;0;0;17133;12457;1417;1221;15521;2005;1391;0;79
FR;6;2022-09-26;16;13;0;18;12;5;18;0;2;17149;12470;1417;1239;15533;2010;1409;0;81
FR;6;2022-09-27;32;19;2;3;23;4;4;0;0;17181;12489;1419;1242;15556;2014;1413;0;81
FR;6;2022-09-28;27;10;9;11;16;5;17;0;2;17208;12499;1428;1253;15572;2019;1430;0;83
FR;6;2022-09-29;13;13;10;34;16;6;33;0;7;17221;12512;1438;1287;15588;2025;1463;0;90
FR;6;2022-09-30;34;24;5;6;33;5;3;0;0;17255;12536;1443;1293;15621;2030;1466;0;90
FR;6;2022-10-01;17;12;5;8;9;8;8;0;2;17272;12548;1448;1301;15630;2038;1474;0;92
FR;6;2022-10-02;4;0;0;0;1;0;0;0;0;17276;12548;1448;1301;15631;2038;1474;0;92
FR;6;2022-10-03;11;10;3;5;11;4;6;0;0;17287;12558;1451;1306;15642;2042;1480;0;92
FR;6;2022-10-04;19;17;4;28;21;3;30;0;3;17306;12575;1455;1334;15663;2045;1510;0;95
FR;6;2022-10-05;11;12;3;2;9;7;4;0;0;17317;12587;1458;1336;15672;2052;1514;0;95
FR;6;2022-10-06;19;13;4;6;17;2;10;0;0;17336;12600;1462;1342;15689;2054;1524;0;95
FR;6;2022-10-07;27;26;5;24;24;11;16;0;5;17363;12626;1467;1366;15713;2065;1540;0;100
FR;6;2022-10-08;18;13;0;0;16;0;0;0;0;17381;12639;1467;1366;15729;2065;1540;0;100
FR;6;2022-10-09;7;3;4;27;3;4;30;0;6;17388;12642;1471;1393;15732;2069;1570;0;106
FR;6;2022-10-10;15;14;1;16;16;6;13;0;0;17403;12656;1472;1409;15748;2075;1583;0;106
FR;6;2022-10-11;21;23;3;11;22;8;13;0;3;17424;12679;1475;1420;15770;2083;1596;0;109
FR;6;2022-10-12;20;16;7;19;18;3;24;0;7;17444;12695;1482;1439;15788;2086;1620;0;116
FR;6;2022-10-13;28;15;2;36;23;0;38;0;6;17472;12710;1484;1475;15811;2086;1658;0;122
FR;6;2022-10-14;29;23;5;49;23;11;45;0;13;17501;12733;1489;1524;15834;2097;1703;0;135
FR;6;2022-10-15;13;9;0;22;8;4;21;0;6;17514;12742;1489;1546;15842;2101;1724;0;141
FR;6;2022-10-16;4;5;0;6;2;3;6;0;0;17518;12747;1489;1552;15844;2104;1730;0;141
FR;6;2022-10-17;14;14;2;10;14;1;12;0;2;17532;12761;1491;1562;15858;2105;1742;0;143
FR;6;2022-10-18;12;19;9;26;19;4;18;0;11;17544;12780;1500;1588;15877;2109;1760;0;154
FR;6;2022-10-19;10;20;6;16;20;5;19;0;5;17554;12800;1506;1604;15897;2114;1779;0;159
FR;6;2022-10-20;16;15;12;57;19;5;67;0;13;17570;12815;1518;1661;15916;2119;1846;0;172
FR;6;2022-10-21;16;21;9;34;22;11;37;0;10;17586;12836;1527;1695;15938;2130;1883;0;182
FR;6;2022-10-22;19;14;1;4;17;3;4;0;0;17605;12850;1528;1699;15955;2133;1887;0;182
FR;6;2022-10-23;3;3;1;0;4;0;1;0;0;17608;12853;1529;1699;15959;2133;1888;0;182
FR;6;2022-10-24;12;14;2;7;14;6;5;0;2;17620;12867;1531;1706;15973;2139;1893;0;184
FR;6;2022-10-25;20;13;6;17;16;7;19;0;4;17640;12880;1537;1723;15989;2146;1912;0;188
FR;6;2022-10-26;17;9;4;13;12;4;15;0;5;17657;12889;1541;1736;16001;2150;1927;0;193
FR;6;2022-10-27;20;7;8;37;10;6;36;0;14;17677;12896;1549;1773;16011;2156;1963;0;207
FR;6;2022-10-28;21;27;3;4;28;6;5;0;1;17698;12923;1552;1777;16039;2162;1968;0;208
FR;6;2022-10-29;7;11;5;11;10;6;14;0;12;17705;12934;1557;1788;16049;2168;1982;0;220
FR;6;2022-10-30;2;5;0;0;5;0;0;0;0;17707;12939;1557;1788;16054;2168;1982;0;220
FR;6;2022-10-31;20;14;2;13;17;4;12;0;3;17727;12953;1559;1801;16071;2172;1994;0;223
FR;6;2022-11-01;2;1;1;0;1;1;0;0;0;17729;12954;1560;1801;16072;2173;1994;0;223
FR;6;2022-11-02;15;25;9;21;26;11;19;0;12;17744;12979;1569;1822;16098;2184;2013;0;235
FR;6;2022-11-03;17;17;11;39;20;8;43;0;9;17761;12996;1580;1861;16118;2192;2056;0;244
FR;6;2022-11-04;19;22;9;16;27;5;16;0;10;17780;13018;1589;1877;16145;2197;2072;0;254
FR;6;2022-11-05;9;16;2;4;17;4;6;0;0;17789;13034;1591;1881;16162;2201;2078;0;254
FR;6;2022-11-06;5;1;0;0;1;0;0;0;0;17794;13035;1591;1881;16163;2201;2078;0;254
FR;6;2022-11-07;18;10;6;17;12;4;18;0;11;17812;13045;1597;1898;16175;2205;2096;0;265
FR;6;2022-11-08;18;10;2;3;8;5;5;0;4;17830;13055;1599;1901;16183;2210;2101;0;269
FR;6;2022-11-09;16;22;1;6;21;4;5;0;4;17846;13077;1600;1907;16204;2214;2106;0;273
FR;6;2022-11-10;10;10;4;12;8;5;11;0;10;17856;13087;1604;1919;16212;2219;2117;0;283
FR;6;2022-11-11;4;1;0;0;1;1;0;0;0;17860;13088;1604;1919;16213;2220;2117;0;283
FR;6;2022-11-12;4;11;1;7;11;2;5;0;9;17864;13099;1605;1926;16224;2222;2122;0;292
FR;6;2022-11-13;1;1;0;1;1;0;1;0;0;17865;13100;1605;1927;16225;2222;2123;0;292
FR;6;2022-11-14;13;10;7;32;14;8;33;0;14;17878;13110;1612;1959;16239;2230;2156;0;306
FR;6;2022-11-15;7;18;1;11;16;4;7;0;2;17885;13128;1613;1970;16255;2234;2163;0;308
FR;6;2022-11-16;16;15;9;32;16;3;42;0;9;17901;13143;1622;2002;16271;2237;2205;0;317
FR;6;2022-11-17;10;8;1;29;8;2;28;0;5;17911;13151;1623;2031;16279;2239;2233;0;322
FR;6;2022-11-18;19;12;5;23;17;4;25;0;7;17930;13163;1628;2054;16296;2243;2258;0;329
FR;6;2022-11-19;5;13;0;2;11;3;2;0;1;17935;13176;1628;2056;16307;2246;2260;0;330
FR;6;2022-11-20;2;1;2;0;1;2;0;0;0;17937;13177;1630;2056;16308;2248;2260;0;330
FR;6;2022-11-21;22;13;1;14;14;6;11;0;3;17959;13190;1631;2070;16322;2254;2271;0;333
FR;6;2022-11-22;14;9;0;4;11;1;3;0;1;17973;13199;1631;2074;16333;2255;2274;0;334
FR;6;2022-11-23;14;15;15;23;17;9;31;0;8;17987;13214;1646;2097;16350;2264;2305;0;342
FR;6;2022-11-24;14;17;1;13;19;5;12;0;7;18001;13231;1647;2110;16369;2269;2317;0;349
FR;6;2022-11-25;23;15;5;50;15;5;47;0;5;18024;13246;1652;2160;16384;2274;2364;0;354
FR;6;2022-11-26;9;5;2;4;3;2;5;0;1;18033;13251;1654;2164;16387;2276;2369;0;355
FR;6;2022-11-27;1;4;0;0;4;0;0;0;0;18034;13255;1654;2164;16391;2276;2369;0;355
FR;6;2022-11-28;9;11;6;22;11;3;24;0;11;18043;13266;1660;2186;16402;2279;2393;0;366
FR;6;2022-11-29;15;10;1;12;14;1;8;0;7;18058;13276;1661;2198;16416;2280;2401;0;373
FR;6;2022-11-30;18;20;8;23;19;12;22;0;8;18076;13296;1669;2221;16435;2292;2423;0;381
FR;6;2022-12-01;12;9;7;20;11;4;24;0;9;18088;13305;1676;2241;16446;2296;2447;0;390
FR;6;2022-12-02;17;9;12;36;12;8;42;0;1;18105;13314;1688;2277;16458;2304;2489;0;391
FR;6;2022-12-03;13;3;13;20;6;5;28;0;13;18118;13317;1701;2297;16464;2309;2517;0;404
FR;6;2022-12-04;3;1;0;2;1;0;2;0;0;18121;13318;1701;2299;16465;2309;2519;0;404
FR;6;2022-12-05;11;10;7;16;10;4;19;0;8;18132;13328;1708;2315;16475;2313;2538;0;412
FR;6;2022-12-06;10;19;3;30;12;11;28;0;3;18142;13347;1711;2345;16487;2324;2566;0;415
FR;6;2022-12-07;17;8;10;56;10;8;57;0;30;18159;13355;1721;2401;16497;2332;2623;0;445
FR;6;2022-12-08;9;13;8;19;11;7;21;0;13;18168;13368;1729;2420;16508;2339;2644;0;458
FR;6;2022-12-09;15;9;5;29;12;4;30;0;6;18183;13377;1734;2449;16520;2343;2674;0;464
FR;6;2022-12-10;12;9;6;9;7;4;14;0;7;18195;13386;1740;2458;16527;2347;2688;0;471
FR;6;2022-12-11;4;2;1;0;2;1;0;0;0;18199;13388;1741;2458;16529;2348;2688;0;471
FR;6;2022-12-12;17;10;8;36;14;9;33;0;17;18216;13398;1749;2494;16543;2357;2721;0;488
FR;6;2022-12-13;17;21;12;66;16;18;65;0;14;18233;13419;1761;2560;16559;2375;2786;0;502
FR;6;2022-12-14;14;13;8;53;11;12;53;0;14;18247;13432;1769;2613;16570;2387;2839;0;516
FR;6;2022-12-15;12;15;14;38;13;9;44;0;9;18259;13447;1783;2651;16583;2396;2883;0;525
FR;6;2022-12-16;18;14;15;39;15;14;39;0;13;18277;13461;1798;2690;16598;2410;2922;0;538
FR;6;2022-12-17;11;10;15;28;9;15;29;0;8;18288;13471;1813;2718;16607;2425;2951;0;546
FR;6;2022-12-18;7;4;0;2;5;0;2;0;0;18295;13475;1813;2720;16612;2425;2953;0;546
FR;6;2022-12-19;12;8;9;29;8;12;29;0;15;18307;13483;1822;2749;16620;2437;2982;0;561
FR;6;2022-12-20;17;23;11;23;17;19;22;0;21;18324;13506;1833;2772;16637;2456;3004;0;582
FR;6;2022-12-21;23;16;9;19;13;13;17;0;5;18347;13522;1842;2791;16650;2469;3021;0;587
FR;6;2022-12-22;13;14;9;21;15;13;18;0;11;18360;13536;1851;2812;16665;2482;3039;0;598
FR;6;2022-12-23;10;19;12;7;14;18;7;0;3;18370;13555;1863;2819;16679;2500;3046;0;601
FR;6;2022-12-24;4;5;3;1;5;2;2;0;1;18374;13560;1866;2820;16684;2502;3048;0;602
FR;6;2022-12-25;0;0;0;0;0;0;0;0;0;18374;13560;1866;2820;16684;2502;3048;0;602
FR;6;2022-12-26;8;12;12;11;10;18;11;0;3;18382;13572;1878;2831;16694;2520;3059;0;605
FR;6;2022-12-27;16;13;15;8;11;19;8;0;0;18398;13585;1893;2839;16705;2539;3067;0;605
FR;6;2022-12-28;15;19;6;8;19;9;9;0;4;18413;13604;1899;2847;16724;2548;3076;0;609
FR;6;2022-12-29;15;12;7;8;10;9;9;0;7;18428;13616;1906;2855;16734;2557;3085;0;616
FR;6;2022-12-30;20;19;13;8;20;13;11;0;4;18448;13635;1919;2863;16754;2570;3096;0;620
FR;6;2022-12-31;5;2;6;1;4;7;1;0;1;18453;13637;1925;2864;16758;2577;3097;0;621
FR;6;2023-01-01;2;1;0;3;0;3;0;0;1;18455;13638;1925;2867;16758;2580;3097;0;622
FR;6;2023-01-02;9;14;2;3;10;7;3;0;0;18464;13652;1927;2870;16768;2587;3100;0;622
FR;6;2023-01-03;8;17;9;21;17;9;21;0;7;18472;13669;1936;2891;16785;2596;3121;0;629
FR;6;2023-01-04;9;10;4;10;9;8;6;0;14;18481;13679;1940;2901;16794;2604;3127;0;643
FR;6;2023-01-05;11;11;6;23;10;3;26;0;8;18492;13690;1946;2924;16804;2607;3153;0;651
FR;6;2023-01-06;16;24;15;30;21;17;29;0;15;18508;13714;1961;2954;16825;2624;3182;0;666
FR;6;2023-01-07;9;19;4;1;10;13;3;0;1;18517;13733;1965;2955;16835;2637;3185;0;667
FR;6;2023-01-08;2;7;4;11;6;4;11;0;3;18519;13740;1969;2966;16841;2641;3196;0;670
FR;6;2023-01-09;16;10;5;35;9;8;34;0;17;18535;13750;1974;3001;16850;2649;3230;0;687
FR;6;2023-01-10;13;15;13;23;13;10;26;0;9;18548;13765;1987;3024;16863;2659;3256;0;696
FR;6;2023-01-11;15;14;5;16;18;6;14;0;12;18563;13779;1992;3040;16881;2665;3270;0;708
FR;6;2023-01-12;7;13;2;5;10;3;5;0;12;18570;13792;1994;3045;16891;2668;3275;0;720
FR;6;2023-01-13;20;14;18;43;15;20;43;0;31;18590;13806;2012;3088;16906;2688;3318;0;751
FR;6;2023-01-14;20;8;6;2;9;9;2;0;0;18610;13814;2018;3090;16915;2697;3320;0;751
FR;6;2023-01-15;0;0;1;3;0;1;3;0;0;18610;13814;2019;3093;16915;2698;3323;0;751
FR;6;2023-01-16;22;12;2;1;10;6;3;0;2;18632;13826;2021;3094;16925;2704;3326;0;753
FR;6;2023-01-17;8;17;12;8;17;11;14;0;5;18640;13843;2033;3102;16942;2715;3340;0;758
FR;6;2023-01-18;22;15;9;7;17;10;8;0;1;18662;13858;2042;3109;16959;2725;3348;0;759
FR;6;2023-01-19;9;9;14;9;11;12;13;0;7;18671;13867;2056;3118;16970;2737;3361;0;766
FR;6;2023-01-20;17;13;9;32;15;7;34;0;27;18688;13880;2065;3150;16985;2744;3395;0;793
FR;6;2023-01-21;12;7;5;2;6;8;3;0;1;18700;13887;2070;3152;16991;2752;3398;0;794
FR;6;2023-01-22;0;0;1;1;0;1;1;0;0;18700;13887;2071;3153;16991;2753;3399;0;794
FR;6;2023-01-23;9;9;5;11;8;5;11;0;3;18709;13896;2076;3164;16999;2758;3410;0;797
FR;6;2023-01-24;14;15;15;13;15;14;18;0;6;18723;13911;2091;3177;17014;2772;3428;0;803
FR;6;2023-01-25;15;7;5;3;6;6;4;0;4;18738;13918;2096;3180;17020;2778;3432;0;807
FR;6;2023-01-26;13;15;3;11;12;8;13;0;9;18751;13933;2099;3191;17032;2786;3445;0;816
FR;6;2023-01-27;21;17;7;34;22;7;29;0;29;18772;13950;2106;3225;17054;2793;3474;0;845
FR;6;2023-01-28;15;15;7;4;17;6;5;0;1;18787;13965;2113;3229;17071;2799;3479;0;846
FR;6;2023-01-29;1;4;0;0;3;1;0;0;0;18788;13969;2113;3229;17074;2800;3479;0;846
FR;6;2023-01-30;2;15;8;4;15;8;3;0;8;18790;13984;2121;3233;17089;2808;3482;0;854
FR;6;2023-01-31;9;8;5;8;8;5;8;0;5;18799;13992;2126;3241;17097;2813;3490;0;859
FR;6;2023-02-01;20;18;4;4;17;4;8;0;4;18819;14010;2130;3245;17114;2817;3498;0;863
FR;6;2023-02-02;8;10;9;1;10;10;1;0;1;18827;14020;2139;3246;17124;2827;3499;0;864
FR;6;2023-02-03;16;15;11;18;15;11;19;0;13;18843;14035;2150;3264;17139;2838;3518;0;877
FR;6;2023-02-04;6;9;9;7;11;9;8;0;2;18849;14044;2159;3271;17150;2847;3526;0;879
FR;6;2023-02-05;0;0;0;4;0;0;4;0;0;18849;14044;2159;3275;17150;2847;3530;0;879
FR;6;2023-02-06;10;16;1;4;15;5;4;0;0;18859;14060;2160;3279;17165;2852;3534;0;879
FR;6;2023-02-07;8;9;4;8;9;7;7;0;3;18867;14069;2164;3287;17174;2859;3541;0;882
FR;6;2023-02-08;7;3;3;2;2;6;1;0;1;18874;14072;2167;3289;17176;2865;3542;0;883
FR;6;2023-02-09;6;11;1;6;8;8;2;0;2;18880;14083;2168;3295;17184;2873;3544;0;885
FR;6;2023-02-10;13;21;6;12;15;15;11;0;2;18893;14104;2174;3307;17199;2888;3555;0;887
FR;6;2023-02-11;12;8;7;4;9;3;9;0;5;18905;14112;2181;3311;17208;2891;3564;0;892
FR;6;2023-02-12;0;1;0;0;1;0;0;0;0;18905;14113;2181;3311;17209;2891;3564;0;892
FR;6;2023-02-13;5;6;0;0;6;1;0;0;0;18910;14119;2181;3311;17215;2892;3564;0;892
FR;6;2023-02-14;12;13;3;15;15;4;14;0;0;18922;14132;2184;3326;17230;2896;3578;0;892
FR;6;2023-02-15;8;11;3;2;11;2;2;0;4;18930;14143;2187;3328;17241;2898;3580;0;896
FR;6;2023-02-16;17;8;1;3;18;1;3;0;4;18947;14151;2188;3331;17259;2899;3583;0;900
FR;6;2023-02-17;9;15;3;9;12;8;9;0;5;18956;14166;2191;3340;17271;2907;3592;0;905
FR;6;2023-02-18;10;6;1;1;7;1;1;0;0;18966;14172;2192;3341;17278;2908;3593;0;905
FR;6;2023-02-19;0;0;0;0;0;0;0;0;0;18966;14172;2192;3341;17278;2908;3593;0;905
FR;6;2023-02-20;10;8;3;2;9;5;1;0;0;18976;14180;2195;3343;17287;2913;3594;0;905
FR;6;2023-02-21;9;8;8;5;6;7;8;0;1;18985;14188;2203;3348;17293;2920;3602;0;906
FR;6;2023-02-22;4;13;1;3;13;3;3;0;5;18989;14201;2204;3351;17306;2923;3605;0;911
FR;6;2023-02-23;7;11;6;2;10;6;4;0;1;18996;14212;2210;3353;17316;2929;3609;0;912
FR;6;2023-02-24;9;13;5;21;15;4;19;0;15;19005;14225;2215;3374;17331;2933;3628;0;927
FR;6;2023-02-25;4;5;1;1;6;1;1;0;0;19009;14230;2216;3375;17337;2934;3629;0;927
FR;6;2023-02-26;0;1;0;0;0;1;0;0;0;19009;14231;2216;3375;17337;2935;3629;0;927
FR;6;2023-02-27;10;8;3;1;3;9;0;0;2;19019;14239;2219;3376;17340;2944;3629;0;929
FR;6;2023-02-28;3;8;4;4;9;3;6;0;0;19022;14247;2223;3380;17349;2947;3635;0;929
FR;6;2023-03-01;6;10;3;2;10;4;2;0;0;19028;14257;2226;3382;17359;2951;3637;0;929
FR;6;2023-03-02;8;7;1;3;7;3;2;0;5;19036;14264;2227;3385;17366;2954;3639;0;934
FR;6;2023-03-03;14;12;5;7;11;9;6;0;7;19050;14276;2232;3392;17377;2963;3645;0;941
FR;6;2023-03-04;8;14;1;0;13;3;0;0;0;19058;14290;2233;3392;17390;2966;3645;0;941
FR;6;2023-03-05;4;0;0;0;0;0;0;0;0;19062;14290;2233;3392;17390;2966;3645;0;941
FR;6;2023-03-06;8;12;0;1;11;2;0;0;1;19070;14302;2233;3393;17401;2968;3645;0;942
FR;6;2023-03-07;4;6;0;1;4;3;0;0;5;19074;14308;2233;3394;17405;2971;3645;0;947
FR;6;2023-03-08;3;7;2;0;7;2;0;0;0;19077;14315;2235;3394;17412;2973;3645;0;947
FR;6;2023-03-09;7;6;0;1;6;2;1;0;0;19084;14321;2235;3395;17418;2975;3646;0;947
FR;6;2023-03-10;9;9;2;9;9;2;9;0;9;19093;14330;2237;3404;17427;2977;3655;0;956
FR;6;2023-03-11;13;12;2;0;12;2;2;0;0;19106;14342;2239;3404;17439;2979;3657;0;956
FR;6;2023-03-12;2;0;0;0;1;0;0;0;0;19108;14342;2239;3404;17440;2979;3657;0;956
FR;6;2023-03-13;7;12;4;1;13;2;1;0;2;19115;14354;2243;3405;17453;2981;3658;0;958
FR;6;2023-03-14;5;12;2;0;8;6;0;0;0;19120;14366;2245;3405;17461;2987;3658;0;958
FR;6;2023-03-15;6;4;2;3;5;3;3;0;1;19126;14370;2247;3408;17466;2990;3661;0;959
FR;6;2023-03-16;9;5;2;0;5;3;0;0;0;19135;14375;2249;3408;17471;2993;3661;0;959
FR;6;2023-03-17;10;12;5;5;8;8;5;0;3;19145;14387;2254;3413;17479;3001;3666;0;962
FR;6;2023-03-18;6;2;2;0;3;2;0;0;0;19151;14389;2256;3413;17482;3003;3666;0;962
FR;6;2023-03-19;0;0;1;0;0;0;0;0;0;19151;14389;2257;3413;17482;3003;3666;0;962
FR;6;2023-03-20;2;6;3;7;5;4;5;0;4;19153;14395;2260;3420;17487;3007;3671;0;966
FR;6;2023-03-21;2;1;5;2;1;3;4;0;0;19155;14396;2265;3422;17488;3010;3675;0;966
FR;6;2023-03-22;1;4;3;0;4;3;0;0;3;19156;14400;2268;3422;17492;3013;3675;0;969
FR;6;2023-03-23;3;4;3;2;4;3;2;0;0;19159;14404;2271;3424;17496;3016;3677;0;969
FR;6;2023-03-24;3;9;6;0;9;7;0;0;0;19162;14413;2277;3424;17505;3023;3677;0;969
FR;6;2023-03-25;10;7;0;0;9;0;0;0;0;19172;14420;2277;3424;17514;3023;3677;0;969
FR;6;2023-03-26;1;0;0;0;0;0;0;0;0;19173;14420;2277;3424;17514;3023;3677;0;969
FR;6;2023-03-27;6;9;2;2;8;4;1;0;0;19179;14429;2279;3426;17522;3027;3678;0;969
FR;6;2023-03-28;8;4;2;2;6;2;2;0;2;19187;14433;2281;3428;17528;3029;3680;0;971
FR;6;2023-03-29;4;1;2;0;1;2;0;0;0;19191;14434;2283;3428;17529;3031;3680;0;971
FR;6;2023-03-30;4;7;1;0;5;3;0;0;0;19195;14441;2284;3428;17534;3034;3680;0;971
FR;6;2023-03-31;1;3;3;3;3;3;1;0;7;19196;14444;2287;3431;17537;3037;3681;0;978
FR;6;2023-04-01;5;11;0;0;11;1;0;0;3;19201;14455;2287;3431;17548;3038;3681;0;981
FR;6;2023-04-02;0;0;0;0;0;0;0;0;0;19201;14455;2287;3431;17548;3038;3681;0;981
FR;6;2023-04-03;5;10;0;1;10;2;1;0;2;19206;14465;2287;3432;17558;3040;3682;0;983
FR;6;2023-04-04;5;10;2;4;8;3;5;0;7;19211;14475;2289;3436;17566;3043;3687;0;990
FR;6;2023-04-05;0;7;3;0;7;3;0;0;3;19211;14482;2292;3436;17573;3046;3687;0;993
FR;6;2023-04-06;3;6;4;1;3;7;1;0;2;19214;14488;2296;3437;17576;3053;3688;0;995
FR;6;2023-04-07;11;8;2;0;9;4;0;0;0;19225;14496;2298;3437;17585;3057;3688;0;995
FR;6;2023-04-08;2;1;3;0;1;3;0;0;0;19227;14497;2301;3437;17586;3060;3688;0;995
FR;6;2023-04-09;0;0;0;0;0;0;0;0;0;19227;14497;2301;3437;17586;3060;3688;0;995
FR;6;2023-04-10;0;0;0;0;0;0;0;0;0;19227;14497;2301;3437;17586;3060;3688;0;995
FR;6;2023-04-11;3;8;1;0;6;3;0;0;0;19230;14505;2302;3437;17592;3063;3688;0;995
FR;6;2023-04-12;3;4;2;0;5;2;0;0;4;19233;14509;2304;3437;17597;3065;3688;0;999
FR;6;2023-04-13;1;4;0;0;3;1;0;0;2;19234;14513;2304;3437;17600;3066;3688;0;1001
FR;6;2023-04-14;4;5;0;0;5;0;0;0;1;19238;14518;2304;3437;17605;3066;3688;0;1002
FR;6;2023-04-15;7;2;1;1;4;1;1;0;0;19245;14520;2305;3438;17609;3067;3689;0;1002
FR;6;2023-04-16;0;2;0;0;1;1;0;0;0;19245;14522;2305;3438;17610;3068;3689;0;1002
FR;6;2023-04-17;4;8;2;0;8;2;0;0;0;19249;14530;2307;3438;17618;3070;3689;0;1002
FR;6;2023-04-18;3;2;1;0;2;1;0;0;1;19252;14532;2308;3438;17620;3071;3689;0;1003
FR;6;2023-04-19;1;3;0;0;2;1;0;0;0;19253;14535;2308;3438;17622;3072;3689;0;1003
FR;6;2023-04-20;5;4;0;0;3;2;0;0;0;19258;14539;2308;3438;17625;3074;3689;0;1003
FR;6;2023-04-21;7;3;2;3;1;5;3;0;1;19265;14542;2310;3441;17626;3079;3692;0;1004
FR;6;2023-04-22;3;3;3;0;1;5;0;0;0;19268;14545;2313;3441;17627;3084;3692;0;1004
FR;6;2023-04-23;0;2;0;0;1;1;0;0;0;19268;14547;2313;3441;17628;3085;3692;0;1004
FR;6;2023-04-24;2;8;0;1;5;3;1;0;0;19270;14555;2313;3442;17633;3088;3693;0;1004
FR;6;2023-04-25;5;2;0;1;2;0;1;0;1;19275;14557;2313;3443;17635;3088;3694;0;1005
FR;6;2023-04-26;7;5;1;0;4;2;0;0;2;19282;14562;2314;3443;17639;3090;3694;0;1007
FR;6;2023-04-27;8;9;2;0;9;3;1;0;3;19290;14571;2316;3443;17648;3093;3695;0;1010
FR;6;2023-04-28;5;4;0;1;4;0;1;0;2;19295;14575;2316;3444;17652;3093;3696;0;1012
FR;6;2023-04-29;7;3;2;0;4;2;1;0;0;19302;14578;2318;3444;17656;3095;3697;0;1012
FR;6;2023-04-30;0;0;0;0;0;0;0;0;0;19302;14578;2318;3444;17656;3095;3697;0;1012
FR;6;2023-05-01;0;0;0;0;0;0;0;0;0;19302;14578;2318;3444;17656;3095;3697;0;1012
FR;6;2023-05-02;3;3;3;0;3;2;1;0;0;19305;14581;2321;3444;17659;3097;3698;0;1012
FR;6;2023-05-03;0;3;0;0;2;1;0;0;2;19305;14584;2321;3444;17661;3098;3698;0;1014
FR;6;2023-05-04;3;4;7;0;5;6;3;0;1;19308;14588;2328;3444;17666;3104;3701;0;1015
FR;6;2023-05-05;3;2;0;0;3;0;0;0;0;19311;14590;2328;3444;17669;3104;3701;0;1015
FR;6;2023-05-06;0;2;1;1;1;2;1;0;0;19311;14592;2329;3445;17670;3106;3702;0;1015
FR;6;2023-05-07;1;0;0;0;0;0;0;0;0;19312;14592;2329;3445;17670;3106;3702;0;1015
FR;6;2023-05-08;0;0;7;0;0;3;4;0;0;19312;14592;2336;3445;17670;3109;3706;0;1015
FR;6;2023-05-09;5;4;2;1;6;2;1;0;0;19317;14596;2338;3446;17676;3111;3707;0;1015
FR;6;2023-05-10;5;2;2;0;3;1;1;0;0;19322;14598;2340;3446;17679;3112;3708;0;1015
FR;6;2023-05-11;2;3;3;1;3;4;2;0;2;19324;14601;2343;3447;17682;3116;3710;0;1017
FR;6;2023-05-12;1;2;0;0;3;0;0;0;1;19325;14603;2343;3447;17685;3116;3710;0;1018
FR;6;2023-05-13;0;3;2;0;1;2;2;0;2;19325;14606;2345;3447;17686;3118;3712;0;1020
FR;6;2023-05-14;0;0;0;0;0;0;0;0;0;19325;14606;2345;3447;17686;3118;3712;0;1020
FR;6;2023-05-15;2;3;2;0;2;3;0;0;0;19327;14609;2347;3447;17688;3121;3712;0;1020
FR;6;2023-05-16;2;5;1;0;5;1;0;0;1;19329;14614;2348;3447;17693;3122;3712;0;1021
FR;6;2023-05-17;7;5;2;0;5;2;1;0;2;19336;14619;2350;3447;17698;3124;3713;0;1023
FR;6;2023-05-18;0;0;0;0;0;0;0;0;0;19336;14619;2350;3447;17698;3124;3713;0;1023
FR;6;2023-05-19;2;2;1;0;2;1;0;0;0;19338;14621;2351;3447;17700;3125;3713;0;1023
FR;6;2023-05-20;1;4;1;0;3;2;0;0;0;19339;14625;2352;3447;17703;3127;3713;0;1023
FR;6;2023-05-21;0;0;0;0;0;0;0;0;0;19339;14625;2352;3447;17703;3127;3713;0;1023
FR;6;2023-05-22;2;1;1;0;1;0;1;0;0;19341;14626;2353;3447;17704;3127;3714;0;1023
FR;6;2023-05-23;1;2;2;2;2;1;3;0;0;19342;14628;2355;3449;17706;3128;3717;0;1023
FR;6;2023-05-24;1;2;3;2;2;2;3;0;1;19343;14630;2358;3451;17708;3130;3720;0;1024
FR;6;2023-05-25;1;3;0;1;1;2;0;0;4;19344;14633;2358;3452;17709;3132;3720;0;1028
FR;6;2023-05-26;3;2;0;4;3;0;4;0;3;19347;14635;2358;3456;17712;3132;3724;0;1031
FR;6;2023-05-27;2;3;0;0;3;0;0;0;1;19349;14638;2358;3456;17715;3132;3724;0;1032
FR;6;2023-05-28;0;1;0;0;1;0;0;0;0;19349;14639;2358;3456;17716;3132;3724;0;1032
FR;6;2023-05-29;0;0;0;0;0;0;0;0;0;19349;14639;2358;3456;17716;3132;3724;0;1032
FR;8;2020-12-27;0;0;0;0;0;0;0;0;0;0;0;0;0;0;0;0;0;0
FR;8;2020-12-28;0;0;0;0;0;0;0;0;0;0;0;0;0;0;0;0;0;0
FR;8;2020-12-29;0;0;0;0;0;0;0;0;0;0;0;0;0;0;0;0;0;0
FR;8;2020-12-30;0;0;0;0;0;0;0;0;0;0;0;0;0;0;0;0;0;0
FR;8;2020-12-31;0;0;0;0;0;0;0;0;0;0;0;0;0;0;0;0;0;0
FR;8;2021-01-01;0;0;0;0;0;0;0;0;0;0;0;0;0;0;0;0;0;0
FR;8;2021-01-02;0;0;0;0;0;0;0;0;0;0;0;0;0;0;0;0;0;0
FR;8;2021-01-03;0;0;0;0;0;0;0;0;0;0;0;0;0;0;0;0;0;0
FR;8;2021-01-04;0;0;0;0;0;0;0;0;0;0;0;0;0;0;0;0;0;0
FR;8;2021-01-05;0;0;0;0;0;0;0;0;0;0;0;0;0;0;0;0;0;0
FR;8;2021-01-06;0;0;0;0;0;0;0;0;0;0;0;0;0;0;0;0;0;0
FR;8;2021-01-07;0;0;0;0;0;0;0;0;0;0;0;0;0;0;0;0;0;0
FR;8;2021-01-08;0;0;0;0;0;0;0;0;0;0;0;0;0;0;0;0;0;0
FR;8;2021-01-09;0;0;0;0;0;0;0;0;0;0;0;0;0;0;0;0;0;0
FR;8;2021-01-10;0;0;0;0;0;0;0;0;0;0;0;0;0;0;0;0;0;0
FR;8;2021-01-11;0;0;0;0;0;0;0;0;0;0;0;0;0;0;0;0;0;0
FR;8;2021-01-12;0;0;0;0;0;0;0;0;0;0;0;0;0;0;0;0;0;0
FR;8;2021-01-13;0;0;0;0;0;0;0;0;0;0;0;0;0;0;0;0;0;0
FR;8;2021-01-14;0;0;0;0;0;0;0;0;0;0;0;0;0;0;0;0;0;0
FR;8;2021-01-15;0;0;0;0;0;0;0;0;0;0;0;0;0;0;0;0;0;0
FR;8;2021-01-16;0;0;0;0;0;0;0;0;0;0;0;0;0;0;0;0;0;0
FR;8;2021-01-17;0;0;0;0;0;0;0;0;0;0;0;0;0;0;0;0;0;0
FR;8;2021-01-18;0;0;0;0;0;0;0;0;0;0;0;0;0;0;0;0;0;0
FR;8;2021-01-19;0;0;0;0;0;0;0;0;0;0;0;0;0;0;0;0;0;0
FR;8;2021-01-20;0;0;0;0;0;0;0;0;0;0;0;0;0;0;0;0;0;0
FR;8;2021-01-21;0;0;0;0;0;0;0;0;0;0;0;0;0;0;0;0;0;0
FR;8;2021-01-22;0;0;0;0;0;0;0;0;0;0;0;0;0;0;0;0;0;0
FR;8;2021-01-23;0;0;0;0;0;0;0;0;0;0;0;0;0;0;0;0;0;0
FR;8;2021-01-24;0;0;0;0;0;0;0;0;0;0;0;0;0;0;0;0;0;0
FR;8;2021-01-25;0;0;0;0;0;0;0;0;0;0;0;0;0;0;0;0;0;0
FR;8;2021-01-26;0;0;0;0;0;0;0;0;0;0;0;0;0;0;0;0;0;0
FR;8;2021-01-27;0;0;0;0;0;0;0;0;0;0;0;0;0;0;0;0;0;0
FR;8;2021-01-28;0;0;0;0;0;0;0;0;0;0;0;0;0;0;0;0;0;0
FR;8;2021-01-29;0;0;0;0;0;0;0;0;0;0;0;0;0;0;0;0;0;0
FR;8;2021-01-30;0;0;0;0;0;0;0;0;0;0;0;0;0;0;0;0;0;0
FR;8;2021-01-31;0;0;0;0;0;0;0;0;0;0;0;0;0;0;0;0;0;0
FR;8;2021-02-01;0;0;0;0;0;0;0;0;0;0;0;0;0;0;0;0;0;0
FR;8;2021-02-02;0;0;0;0;0;0;0;0;0;0;0;0;0;0;0;0;0;0
FR;8;2021-02-03;0;0;0;0;0;0;0;0;0;0;0;0;0;0;0;0;0;0
FR;8;2021-02-04;0;0;0;0;0;0;0;0;0;0;0;0;0;0;0;0;0;0
FR;8;2021-02-05;0;0;0;0;0;0;0;0;0;0;0;0;0;0;0;0;0;0
FR;8;2021-02-06;0;0;0;0;0;0;0;0;0;0;0;0;0;0;0;0;0;0
FR;8;2021-02-07;0;0;0;0;0;0;0;0;0;0;0;0;0;0;0;0;0;0
FR;8;2021-02-08;0;0;0;0;0;0;0;0;0;0;0;0;0;0;0;0;0;0
FR;8;2021-02-09;0;0;0;0;0;0;0;0;0;0;0;0;0;0;0;0;0;0
FR;8;2021-02-10;0;0;0;0;0;0;0;0;0;0;0;0;0;0;0;0;0;0
FR;8;2021-02-11;0;0;0;0;0;0;0;0;0;0;0;0;0;0;0;0;0;0
FR;8;2021-02-12;0;0;0;0;0;0;0;0;0;0;0;0;0;0;0;0;0;0
FR;8;2021-02-13;0;0;0;0;0;0;0;0;0;0;0;0;0;0;0;0;0;0
FR;8;2021-02-14;0;0;0;0;0;0;0;0;0;0;0;0;0;0;0;0;0;0
FR;8;2021-02-15;0;0;0;0;0;0;0;0;0;0;0;0;0;0;0;0;0;0
FR;8;2021-02-16;0;0;0;0;0;0;0;0;0;0;0;0;0;0;0;0;0;0
FR;8;2021-02-17;0;0;0;0;0;0;0;0;0;0;0;0;0;0;0;0;0;0
FR;8;2021-02-18;0;0;0;0;0;0;0;0;0;0;0;0;0;0;0;0;0;0
FR;8;2021-02-19;0;0;0;0;0;0;0;0;0;0;0;0;0;0;0;0;0;0
FR;8;2021-02-20;0;0;0;0;0;0;0;0;0;0;0;0;0;0;0;0;0;0
FR;8;2021-02-21;0;0;0;0;0;0;0;0;0;0;0;0;0;0;0;0;0;0
FR;8;2021-02-22;0;0;0;0;0;0;0;0;0;0;0;0;0;0;0;0;0;0
FR;8;2021-02-23;0;0;0;0;0;0;0;0;0;0;0;0;0;0;0;0;0;0
FR;8;2021-02-24;0;0;0;0;0;0;0;0;0;0;0;0;0;0;0;0;0;0
FR;8;2021-02-25;0;0;0;0;0;0;0;0;0;0;0;0;0;0;0;0;0;0
FR;8;2021-02-26;0;0;0;0;0;0;0;0;0;0;0;0;0;0;0;0;0;0
FR;8;2021-02-27;0;0;0;0;0;0;0;0;0;0;0;0;0;0;0;0;0;0
FR;8;2021-02-28;0;0;0;0;0;0;0;0;0;0;0;0;0;0;0;0;0;0
FR;8;2021-03-01;0;0;0;0;0;0;0;0;0;0;0;0;0;0;0;0;0;0
FR;8;2021-03-02;0;0;0;0;0;0;0;0;0;0;0;0;0;0;0;0;0;0
FR;8;2021-03-03;0;0;0;0;0;0;0;0;0;0;0;0;0;0;0;0;0;0
FR;8;2021-03-04;0;0;0;0;0;0;0;0;0;0;0;0;0;0;0;0;0;0
FR;8;2021-03-05;0;0;0;0;0;0;0;0;0;0;0;0;0;0;0;0;0;0
FR;8;2021-03-06;0;0;0;0;0;0;0;0;0;0;0;0;0;0;0;0;0;0
FR;8;2021-03-07;0;0;0;0;0;0;0;0;0;0;0;0;0;0;0;0;0;0
FR;8;2021-03-08;0;0;0;0;0;0;0;0;0;0;0;0;0;0;0;0;0;0
FR;8;2021-03-09;0;0;0;0;0;0;0;0;0;0;0;0;0;0;0;0;0;0
FR;8;2021-03-10;0;0;0;0;0;0;0;0;0;0;0;0;0;0;0;0;0;0
FR;8;2021-03-11;0;0;0;0;0;0;0;0;0;0;0;0;0;0;0;0;0;0
FR;8;2021-03-12;0;0;0;0;0;0;0;0;0;0;0;0;0;0;0;0;0;0
FR;8;2021-03-13;0;0;0;0;0;0;0;0;0;0;0;0;0;0;0;0;0;0
FR;8;2021-03-14;0;0;0;0;0;0;0;0;0;0;0;0;0;0;0;0;0;0
FR;8;2021-03-15;0;0;0;0;0;0;0;0;0;0;0;0;0;0;0;0;0;0
FR;8;2021-03-16;0;0;0;0;0;0;0;0;0;0;0;0;0;0;0;0;0;0
FR;8;2021-03-17;0;0;0;0;0;0;0;0;0;0;0;0;0;0;0;0;0;0
FR;8;2021-03-18;0;0;0;0;0;0;0;0;0;0;0;0;0;0;0;0;0;0
FR;8;2021-03-19;0;0;0;0;0;0;0;0;0;0;0;0;0;0;0;0;0;0
FR;8;2021-03-20;0;0;0;0;0;0;0;0;0;0;0;0;0;0;0;0;0;0
FR;8;2021-03-21;0;0;0;0;0;0;0;0;0;0;0;0;0;0;0;0;0;0
FR;8;2021-03-22;0;0;0;0;0;0;0;0;0;0;0;0;0;0;0;0;0;0
FR;8;2021-03-23;0;0;0;0;0;0;0;0;0;0;0;0;0;0;0;0;0;0
FR;8;2021-03-24;0;0;0;0;0;0;0;0;0;0;0;0;0;0;0;0;0;0
FR;8;2021-03-25;0;0;0;0;0;0;0;0;0;0;0;0;0;0;0;0;0;0
FR;8;2021-03-26;0;0;0;0;0;0;0;0;0;0;0;0;0;0;0;0;0;0
FR;8;2021-03-27;0;0;0;0;0;0;0;0;0;0;0;0;0;0;0;0;0;0
FR;8;2021-03-28;0;0;0;0;0;0;0;0;0;0;0;0;0;0;0;0;0;0
FR;8;2021-03-29;0;0;0;0;0;0;0;0;0;0;0;0;0;0;0;0;0;0
FR;8;2021-03-30;0;0;0;0;0;0;0;0;0;0;0;0;0;0;0;0;0;0
FR;8;2021-03-31;0;0;0;0;0;0;0;0;0;0;0;0;0;0;0;0;0;0
FR;8;2021-04-01;0;0;0;0;0;0;0;0;0;0;0;0;0;0;0;0;0;0
FR;8;2021-04-02;0;0;0;0;0;0;0;0;0;0;0;0;0;0;0;0;0;0
FR;8;2021-04-03;0;0;0;0;0;0;0;0;0;0;0;0;0;0;0;0;0;0
FR;8;2021-04-04;0;0;0;0;0;0;0;0;0;0;0;0;0;0;0;0;0;0
FR;8;2021-04-05;0;0;0;0;0;0;0;0;0;0;0;0;0;0;0;0;0;0
FR;8;2021-04-06;0;0;0;0;0;0;0;0;0;0;0;0;0;0;0;0;0;0
FR;8;2021-04-07;0;0;0;0;0;0;0;0;0;0;0;0;0;0;0;0;0;0
FR;8;2021-04-08;0;0;0;0;0;0;0;0;0;0;0;0;0;0;0;0;0;0
FR;8;2021-04-09;0;0;0;0;0;0;0;0;0;0;0;0;0;0;0;0;0;0
FR;8;2021-04-10;0;0;0;0;0;0;0;0;0;0;0;0;0;0;0;0;0;0
FR;8;2021-04-11;0;0;0;0;0;0;0;0;0;0;0;0;0;0;0;0;0;0
FR;8;2021-04-12;0;0;0;0;0;0;0;0;0;0;0;0;0;0;0;0;0;0
FR;8;2021-04-13;0;0;0;0;0;0;0;0;0;0;0;0;0;0;0;0;0;0
FR;8;2021-04-14;0;0;0;0;0;0;0;0;0;0;0;0;0;0;0;0;0;0
FR;8;2021-04-15;0;0;0;0;0;0;0;0;0;0;0;0;0;0;0;0;0;0
FR;8;2021-04-16;0;0;0;0;0;0;0;0;0;0;0;0;0;0;0;0;0;0
FR;8;2021-04-17;0;0;0;0;0;0;0;0;0;0;0;0;0;0;0;0;0;0
FR;8;2021-04-18;0;0;0;0;0;0;0;0;0;0;0;0;0;0;0;0;0;0
FR;8;2021-04-19;0;0;0;0;0;0;0;0;0;0;0;0;0;0;0;0;0;0
FR;8;2021-04-20;0;0;0;0;0;0;0;0;0;0;0;0;0;0;0;0;0;0
FR;8;2021-04-21;0;0;0;0;0;0;0;0;0;0;0;0;0;0;0;0;0;0
FR;8;2021-04-22;0;0;0;0;0;0;0;0;0;0;0;0;0;0;0;0;0;0
FR;8;2021-04-23;0;0;0;0;0;0;0;0;0;0;0;0;0;0;0;0;0;0
FR;8;2021-04-24;0;0;0;0;0;0;0;0;0;0;0;0;0;0;0;0;0;0
FR;8;2021-04-25;0;0;0;0;0;0;0;0;0;0;0;0;0;0;0;0;0;0
FR;8;2021-04-26;0;0;0;0;0;0;0;0;0;0;0;0;0;0;0;0;0;0
FR;8;2021-04-27;0;0;0;0;0;0;0;0;0;0;0;0;0;0;0;0;0;0
FR;8;2021-04-28;0;0;0;0;0;0;0;0;0;0;0;0;0;0;0;0;0;0
FR;8;2021-04-29;0;0;0;0;0;0;0;0;0;0;0;0;0;0;0;0;0;0
FR;8;2021-04-30;0;0;0;0;0;0;0;0;0;0;0;0;0;0;0;0;0;0
FR;8;2021-05-01;0;0;0;0;0;0;0;0;0;0;0;0;0;0;0;0;0;0
FR;8;2021-05-02;0;0;0;0;0;0;0;0;0;0;0;0;0;0;0;0;0;0
FR;8;2021-05-03;0;0;0;0;0;0;0;0;0;0;0;0;0;0;0;0;0;0
FR;8;2021-05-04;0;0;0;0;0;0;0;0;0;0;0;0;0;0;0;0;0;0
FR;8;2021-05-05;0;0;0;0;0;0;0;0;0;0;0;0;0;0;0;0;0;0
FR;8;2021-05-06;0;0;0;0;0;0;0;0;0;0;0;0;0;0;0;0;0;0
FR;8;2021-05-07;0;0;0;0;0;0;0;0;0;0;0;0;0;0;0;0;0;0
FR;8;2021-05-08;0;0;0;0;0;0;0;0;0;0;0;0;0;0;0;0;0;0
FR;8;2021-05-09;0;0;0;0;0;0;0;0;0;0;0;0;0;0;0;0;0;0
FR;8;2021-05-10;0;0;0;0;0;0;0;0;0;0;0;0;0;0;0;0;0;0
FR;8;2021-05-11;0;0;0;0;0;0;0;0;0;0;0;0;0;0;0;0;0;0
FR;8;2021-05-12;0;0;0;0;0;0;0;0;0;0;0;0;0;0;0;0;0;0
FR;8;2021-05-13;0;0;0;0;0;0;0;0;0;0;0;0;0;0;0;0;0;0
FR;8;2021-05-14;0;0;0;0;0;0;0;0;0;0;0;0;0;0;0;0;0;0
FR;8;2021-05-15;0;0;0;0;0;0;0;0;0;0;0;0;0;0;0;0;0;0
FR;8;2021-05-16;0;0;0;0;0;0;0;0;0;0;0;0;0;0;0;0;0;0
FR;8;2021-05-17;0;0;0;0;0;0;0;0;0;0;0;0;0;0;0;0;0;0
FR;8;2021-05-18;0;0;0;0;0;0;0;0;0;0;0;0;0;0;0;0;0;0
FR;8;2021-05-19;0;0;0;0;0;0;0;0;0;0;0;0;0;0;0;0;0;0
FR;8;2021-05-20;0;0;0;0;0;0;0;0;0;0;0;0;0;0;0;0;0;0
FR;8;2021-05-21;0;0;0;0;0;0;0;0;0;0;0;0;0;0;0;0;0;0
FR;8;2021-05-22;0;0;0;0;0;0;0;0;0;0;0;0;0;0;0;0;0;0
FR;8;2021-05-23;0;0;0;0;0;0;0;0;0;0;0;0;0;0;0;0;0;0
FR;8;2021-05-24;0;0;0;0;0;0;0;0;0;0;0;0;0;0;0;0;0;0
FR;8;2021-05-25;0;0;0;0;0;0;0;0;0;0;0;0;0;0;0;0;0;0
FR;8;2021-05-26;0;0;0;0;0;0;0;0;0;0;0;0;0;0;0;0;0;0
FR;8;2021-05-27;0;0;0;0;0;0;0;0;0;0;0;0;0;0;0;0;0;0
FR;8;2021-05-28;0;0;0;0;0;0;0;0;0;0;0;0;0;0;0;0;0;0
FR;8;2021-05-29;0;0;0;0;0;0;0;0;0;0;0;0;0;0;0;0;0;0
FR;8;2021-05-30;0;0;0;0;0;0;0;0;0;0;0;0;0;0;0;0;0;0
FR;8;2021-05-31;0;0;0;0;0;0;0;0;0;0;0;0;0;0;0;0;0;0
FR;8;2021-06-01;0;0;0;0;0;0;0;0;0;0;0;0;0;0;0;0;0;0
FR;8;2021-06-02;0;0;0;0;0;0;0;0;0;0;0;0;0;0;0;0;0;0
FR;8;2021-06-03;0;0;0;0;0;0;0;0;0;0;0;0;0;0;0;0;0;0
FR;8;2021-06-04;0;0;0;0;0;0;0;0;0;0;0;0;0;0;0;0;0;0
FR;8;2021-06-05;0;0;0;0;0;0;0;0;0;0;0;0;0;0;0;0;0;0
FR;8;2021-06-06;0;0;0;0;0;0;0;0;0;0;0;0;0;0;0;0;0;0
FR;8;2021-06-07;0;0;0;0;0;0;0;0;0;0;0;0;0;0;0;0;0;0
FR;8;2021-06-08;0;0;0;0;0;0;0;0;0;0;0;0;0;0;0;0;0;0
FR;8;2021-06-09;0;0;0;0;0;0;0;0;0;0;0;0;0;0;0;0;0;0
FR;8;2021-06-10;0;0;0;0;0;0;0;0;0;0;0;0;0;0;0;0;0;0
FR;8;2021-06-11;0;0;0;0;0;0;0;0;0;0;0;0;0;0;0;0;0;0
FR;8;2021-06-12;0;0;0;0;0;0;0;0;0;0;0;0;0;0;0;0;0;0
FR;8;2021-06-13;0;0;0;0;0;0;0;0;0;0;0;0;0;0;0;0;0;0
FR;8;2021-06-14;0;0;0;0;0;0;0;0;0;0;0;0;0;0;0;0;0;0
FR;8;2021-06-15;0;0;0;0;0;0;0;0;0;0;0;0;0;0;0;0;0;0
FR;8;2021-06-16;0;0;0;0;0;0;0;0;0;0;0;0;0;0;0;0;0;0
FR;8;2021-06-17;0;0;0;0;0;0;0;0;0;0;0;0;0;0;0;0;0;0
FR;8;2021-06-18;0;0;0;0;0;0;0;0;0;0;0;0;0;0;0;0;0;0
FR;8;2021-06-19;0;0;0;0;0;0;0;0;0;0;0;0;0;0;0;0;0;0
FR;8;2021-06-20;0;0;0;0;0;0;0;0;0;0;0;0;0;0;0;0;0;0
FR;8;2021-06-21;0;0;0;0;0;0;0;0;0;0;0;0;0;0;0;0;0;0
FR;8;2021-06-22;0;0;0;0;0;0;0;0;0;0;0;0;0;0;0;0;0;0
FR;8;2021-06-23;0;0;0;0;0;0;0;0;0;0;0;0;0;0;0;0;0;0
FR;8;2021-06-24;0;0;0;0;0;0;0;0;0;0;0;0;0;0;0;0;0;0
FR;8;2021-06-25;0;0;0;0;0;0;0;0;0;0;0;0;0;0;0;0;0;0
FR;8;2021-06-26;0;0;0;0;0;0;0;0;0;0;0;0;0;0;0;0;0;0
FR;8;2021-06-27;0;0;0;0;0;0;0;0;0;0;0;0;0;0;0;0;0;0
FR;8;2021-06-28;0;0;0;0;0;0;0;0;0;0;0;0;0;0;0;0;0;0
FR;8;2021-06-29;0;0;0;0;0;0;0;0;0;0;0;0;0;0;0;0;0;0
FR;8;2021-06-30;0;0;0;0;0;0;0;0;0;0;0;0;0;0;0;0;0;0
FR;8;2021-07-01;0;0;0;0;0;0;0;0;0;0;0;0;0;0;0;0;0;0
FR;8;2021-07-02;0;0;0;0;0;0;0;0;0;0;0;0;0;0;0;0;0;0
FR;8;2021-07-03;0;0;0;0;0;0;0;0;0;0;0;0;0;0;0;0;0;0
FR;8;2021-07-04;0;0;0;0;0;0;0;0;0;0;0;0;0;0;0;0;0;0
FR;8;2021-07-05;0;0;0;0;0;0;0;0;0;0;0;0;0;0;0;0;0;0
FR;8;2021-07-06;0;0;0;0;0;0;0;0;0;0;0;0;0;0;0;0;0;0
FR;8;2021-07-07;0;0;0;0;0;0;0;0;0;0;0;0;0;0;0;0;0;0
FR;8;2021-07-08;0;0;0;0;0;0;0;0;0;0;0;0;0;0;0;0;0;0
FR;8;2021-07-09;0;0;0;0;0;0;0;0;0;0;0;0;0;0;0;0;0;0
FR;8;2021-07-10;0;0;0;0;0;0;0;0;0;0;0;0;0;0;0;0;0;0
FR;8;2021-07-11;0;0;0;0;0;0;0;0;0;0;0;0;0;0;0;0;0;0
FR;8;2021-07-12;0;0;0;0;0;0;0;0;0;0;0;0;0;0;0;0;0;0
FR;8;2021-07-13;0;0;0;0;0;0;0;0;0;0;0;0;0;0;0;0;0;0
FR;8;2021-07-14;0;0;0;0;0;0;0;0;0;0;0;0;0;0;0;0;0;0
FR;8;2021-07-15;0;0;0;0;0;0;0;0;0;0;0;0;0;0;0;0;0;0
FR;8;2021-07-16;0;0;0;0;0;0;0;0;0;0;0;0;0;0;0;0;0;0
FR;8;2021-07-17;0;0;0;0;0;0;0;0;0;0;0;0;0;0;0;0;0;0
FR;8;2021-07-18;0;0;0;0;0;0;0;0;0;0;0;0;0;0;0;0;0;0
FR;8;2021-07-19;0;0;0;0;0;0;0;0;0;0;0;0;0;0;0;0;0;0
FR;8;2021-07-20;0;0;0;0;0;0;0;0;0;0;0;0;0;0;0;0;0;0
FR;8;2021-07-21;0;0;0;0;0;0;0;0;0;0;0;0;0;0;0;0;0;0
FR;8;2021-07-22;0;0;0;0;0;0;0;0;0;0;0;0;0;0;0;0;0;0
FR;8;2021-07-23;0;0;0;0;0;0;0;0;0;0;0;0;0;0;0;0;0;0
FR;8;2021-07-24;0;0;0;0;0;0;0;0;0;0;0;0;0;0;0;0;0;0
FR;8;2021-07-25;0;0;0;0;0;0;0;0;0;0;0;0;0;0;0;0;0;0
FR;8;2021-07-26;0;0;0;0;0;0;0;0;0;0;0;0;0;0;0;0;0;0
FR;8;2021-07-27;0;0;0;0;0;0;0;0;0;0;0;0;0;0;0;0;0;0
FR;8;2021-07-28;0;0;0;0;0;0;0;0;0;0;0;0;0;0;0;0;0;0
FR;8;2021-07-29;0;0;0;0;0;0;0;0;0;0;0;0;0;0;0;0;0;0
FR;8;2021-07-30;0;0;0;0;0;0;0;0;0;0;0;0;0;0;0;0;0;0
FR;8;2021-07-31;0;0;0;0;0;0;0;0;0;0;0;0;0;0;0;0;0;0
FR;8;2021-08-01;0;0;0;0;0;0;0;0;0;0;0;0;0;0;0;0;0;0
FR;8;2021-08-02;0;0;0;0;0;0;0;0;0;0;0;0;0;0;0;0;0;0
FR;8;2021-08-03;0;0;0;0;0;0;0;0;0;0;0;0;0;0;0;0;0;0
FR;8;2021-08-04;0;0;0;0;0;0;0;0;0;0;0;0;0;0;0;0;0;0
FR;8;2021-08-05;0;0;0;0;0;0;0;0;0;0;0;0;0;0;0;0;0;0
FR;8;2021-08-06;0;0;0;0;0;0;0;0;0;0;0;0;0;0;0;0;0;0
FR;8;2021-08-07;0;0;0;0;0;0;0;0;0;0;0;0;0;0;0;0;0;0
FR;8;2021-08-08;0;0;0;0;0;0;0;0;0;0;0;0;0;0;0;0;0;0
FR;8;2021-08-09;0;0;0;0;0;0;0;0;0;0;0;0;0;0;0;0;0;0
FR;8;2021-08-10;0;0;0;0;0;0;0;0;0;0;0;0;0;0;0;0;0;0
FR;8;2021-08-11;0;0;0;0;0;0;0;0;0;0;0;0;0;0;0;0;0;0
FR;8;2021-08-12;0;0;0;0;0;0;0;0;0;0;0;0;0;0;0;0;0;0
FR;8;2021-08-13;0;0;0;0;0;0;0;0;0;0;0;0;0;0;0;0;0;0
FR;8;2021-08-14;0;0;0;0;0;0;0;0;0;0;0;0;0;0;0;0;0;0
FR;8;2021-08-15;0;0;0;0;0;0;0;0;0;0;0;0;0;0;0;0;0;0
FR;8;2021-08-16;0;0;0;0;0;0;0;0;0;0;0;0;0;0;0;0;0;0
FR;8;2021-08-17;0;0;0;0;0;0;0;0;0;0;0;0;0;0;0;0;0;0
FR;8;2021-08-18;0;0;0;0;0;0;0;0;0;0;0;0;0;0;0;0;0;0
FR;8;2021-08-19;0;0;0;0;0;0;0;0;0;0;0;0;0;0;0;0;0;0
FR;8;2021-08-20;0;0;0;0;0;0;0;0;0;0;0;0;0;0;0;0;0;0
FR;8;2021-08-21;0;0;0;0;0;0;0;0;0;0;0;0;0;0;0;0;0;0
FR;8;2021-08-22;0;0;0;0;0;0;0;0;0;0;0;0;0;0;0;0;0;0
FR;8;2021-08-23;0;0;0;0;0;0;0;0;0;0;0;0;0;0;0;0;0;0
FR;8;2021-08-24;0;0;0;0;0;0;0;0;0;0;0;0;0;0;0;0;0;0
FR;8;2021-08-25;0;0;0;0;0;0;0;0;0;0;0;0;0;0;0;0;0;0
FR;8;2021-08-26;0;0;0;0;0;0;0;0;0;0;0;0;0;0;0;0;0;0
FR;8;2021-08-27;0;0;0;0;0;0;0;0;0;0;0;0;0;0;0;0;0;0
FR;8;2021-08-28;0;0;0;0;0;0;0;0;0;0;0;0;0;0;0;0;0;0
FR;8;2021-08-29;0;0;0;0;0;0;0;0;0;0;0;0;0;0;0;0;0;0
FR;8;2021-08-30;0;0;0;0;0;0;0;0;0;0;0;0;0;0;0;0;0;0
FR;8;2021-08-31;0;0;0;0;0;0;0;0;0;0;0;0;0;0;0;0;0;0
FR;8;2021-09-01;0;0;0;0;0;0;0;0;0;0;0;0;0;0;0;0;0;0
FR;8;2021-09-02;0;0;0;0;0;0;0;0;0;0;0;0;0;0;0;0;0;0
FR;8;2021-09-03;0;0;0;0;0;0;0;0;0;0;0;0;0;0;0;0;0;0
FR;8;2021-09-04;0;0;0;0;0;0;0;0;0;0;0;0;0;0;0;0;0;0
FR;8;2021-09-05;0;0;0;0;0;0;0;0;0;0;0;0;0;0;0;0;0;0
FR;8;2021-09-06;0;0;0;0;0;0;0;0;0;0;0;0;0;0;0;0;0;0
FR;8;2021-09-07;0;0;0;0;0;0;0;0;0;0;0;0;0;0;0;0;0;0
FR;8;2021-09-08;0;0;0;0;0;0;0;0;0;0;0;0;0;0;0;0;0;0
FR;8;2021-09-09;0;0;0;0;0;0;0;0;0;0;0;0;0;0;0;0;0;0
FR;8;2021-09-10;0;0;0;0;0;0;0;0;0;0;0;0;0;0;0;0;0;0
FR;8;2021-09-11;0;0;0;0;0;0;0;0;0;0;0;0;0;0;0;0;0;0
FR;8;2021-09-12;0;0;0;0;0;0;0;0;0;0;0;0;0;0;0;0;0;0
FR;8;2021-09-13;0;0;0;0;0;0;0;0;0;0;0;0;0;0;0;0;0;0
FR;8;2021-09-14;0;0;0;0;0;0;0;0;0;0;0;0;0;0;0;0;0;0
FR;8;2021-09-15;0;0;0;0;0;0;0;0;0;0;0;0;0;0;0;0;0;0
FR;8;2021-09-16;0;0;0;0;0;0;0;0;0;0;0;0;0;0;0;0;0;0
FR;8;2021-09-17;0;0;0;0;0;0;0;0;0;0;0;0;0;0;0;0;0;0
FR;8;2021-09-18;0;0;0;0;0;0;0;0;0;0;0;0;0;0;0;0;0;0
FR;8;2021-09-19;0;0;0;0;0;0;0;0;0;0;0;0;0;0;0;0;0;0
FR;8;2021-09-20;0;0;0;0;0;0;0;0;0;0;0;0;0;0;0;0;0;0
FR;8;2021-09-21;0;0;0;0;0;0;0;0;0;0;0;0;0;0;0;0;0;0
FR;8;2021-09-22;0;0;0;0;0;0;0;0;0;0;0;0;0;0;0;0;0;0
FR;8;2021-09-23;0;0;0;0;0;0;0;0;0;0;0;0;0;0;0;0;0;0
FR;8;2021-09-24;0;0;0;0;0;0;0;0;0;0;0;0;0;0;0;0;0;0
FR;8;2021-09-25;0;0;0;0;0;0;0;0;0;0;0;0;0;0;0;0;0;0
FR;8;2021-09-26;0;0;0;0;0;0;0;0;0;0;0;0;0;0;0;0;0;0
FR;8;2021-09-27;0;0;0;0;0;0;0;0;0;0;0;0;0;0;0;0;0;0
FR;8;2021-09-28;0;0;0;0;0;0;0;0;0;0;0;0;0;0;0;0;0;0
FR;8;2021-09-29;0;0;0;0;0;0;0;0;0;0;0;0;0;0;0;0;0;0
FR;8;2021-09-30;0;0;0;0;0;0;0;0;0;0;0;0;0;0;0;0;0;0
FR;8;2021-10-01;0;0;0;0;0;0;0;0;0;0;0;0;0;0;0;0;0;0
FR;8;2021-10-02;0;0;0;0;0;0;0;0;0;0;0;0;0;0;0;0;0;0
FR;8;2021-10-03;0;0;0;0;0;0;0;0;0;0;0;0;0;0;0;0;0;0
FR;8;2021-10-04;0;0;0;0;0;0;0;0;0;0;0;0;0;0;0;0;0;0
FR;8;2021-10-05;0;0;0;0;0;0;0;0;0;0;0;0;0;0;0;0;0;0
FR;8;2021-10-06;0;0;0;0;0;0;0;0;0;0;0;0;0;0;0;0;0;0
FR;8;2021-10-07;0;0;0;0;0;0;0;0;0;0;0;0;0;0;0;0;0;0
FR;8;2021-10-08;0;0;0;0;0;0;0;0;0;0;0;0;0;0;0;0;0;0
FR;8;2021-10-09;0;0;0;0;0;0;0;0;0;0;0;0;0;0;0;0;0;0
FR;8;2021-10-10;0;0;0;0;0;0;0;0;0;0;0;0;0;0;0;0;0;0
FR;8;2021-10-11;0;0;0;0;0;0;0;0;0;0;0;0;0;0;0;0;0;0
FR;8;2021-10-12;0;0;0;0;0;0;0;0;0;0;0;0;0;0;0;0;0;0
FR;8;2021-10-13;0;0;0;0;0;0;0;0;0;0;0;0;0;0;0;0;0;0
FR;8;2021-10-14;0;0;0;0;0;0;0;0;0;0;0;0;0;0;0;0;0;0
FR;8;2021-10-15;0;0;0;0;0;0;0;0;0;0;0;0;0;0;0;0;0;0
FR;8;2021-10-16;0;0;0;0;0;0;0;0;0;0;0;0;0;0;0;0;0;0
FR;8;2021-10-17;0;0;0;0;0;0;0;0;0;0;0;0;0;0;0;0;0;0
FR;8;2021-10-18;0;0;0;0;0;0;0;0;0;0;0;0;0;0;0;0;0;0
FR;8;2021-10-19;0;0;0;0;0;0;0;0;0;0;0;0;0;0;0;0;0;0
FR;8;2021-10-20;0;0;0;0;0;0;0;0;0;0;0;0;0;0;0;0;0;0
FR;8;2021-10-21;0;0;0;0;0;0;0;0;0;0;0;0;0;0;0;0;0;0
FR;8;2021-10-22;0;0;0;0;0;0;0;0;0;0;0;0;0;0;0;0;0;0
FR;8;2021-10-23;0;0;0;0;0;0;0;0;0;0;0;0;0;0;0;0;0;0
FR;8;2021-10-24;0;0;0;0;0;0;0;0;0;0;0;0;0;0;0;0;0;0
FR;8;2021-10-25;0;0;0;0;0;0;0;0;0;0;0;0;0;0;0;0;0;0
FR;8;2021-10-26;0;0;0;0;0;0;0;0;0;0;0;0;0;0;0;0;0;0
FR;8;2021-10-27;0;0;0;0;0;0;0;0;0;0;0;0;0;0;0;0;0;0
FR;8;2021-10-28;0;0;0;0;0;0;0;0;0;0;0;0;0;0;0;0;0;0
FR;8;2021-10-29;0;0;0;0;0;0;0;0;0;0;0;0;0;0;0;0;0;0
FR;8;2021-10-30;0;0;0;0;0;0;0;0;0;0;0;0;0;0;0;0;0;0
FR;8;2021-10-31;0;0;0;0;0;0;0;0;0;0;0;0;0;0;0;0;0;0
FR;8;2021-11-01;0;0;0;0;0;0;0;0;0;0;0;0;0;0;0;0;0;0
FR;8;2021-11-02;0;0;0;0;0;0;0;0;0;0;0;0;0;0;0;0;0;0
FR;8;2021-11-03;0;0;0;0;0;0;0;0;0;0;0;0;0;0;0;0;0;0
FR;8;2021-11-04;0;0;0;0;0;0;0;0;0;0;0;0;0;0;0;0;0;0
FR;8;2021-11-05;0;0;0;0;0;0;0;0;0;0;0;0;0;0;0;0;0;0
FR;8;2021-11-06;0;0;0;0;0;0;0;0;0;0;0;0;0;0;0;0;0;0
FR;8;2021-11-07;0;0;0;0;0;0;0;0;0;0;0;0;0;0;0;0;0;0
FR;8;2021-11-08;0;0;0;0;0;0;0;0;0;0;0;0;0;0;0;0;0;0
FR;8;2021-11-09;0;0;0;0;0;0;0;0;0;0;0;0;0;0;0;0;0;0
FR;8;2021-11-10;0;0;0;0;0;0;0;0;0;0;0;0;0;0;0;0;0;0
FR;8;2021-11-11;0;0;0;0;0;0;0;0;0;0;0;0;0;0;0;0;0;0
FR;8;2021-11-12;0;0;0;0;0;0;0;0;0;0;0;0;0;0;0;0;0;0
FR;8;2021-11-13;0;0;0;0;0;0;0;0;0;0;0;0;0;0;0;0;0;0
FR;8;2021-11-14;0;0;0;0;0;0;0;0;0;0;0;0;0;0;0;0;0;0
FR;8;2021-11-15;0;0;0;0;0;0;0;0;0;0;0;0;0;0;0;0;0;0
FR;8;2021-11-16;0;0;0;0;0;0;0;0;0;0;0;0;0;0;0;0;0;0
FR;8;2021-11-17;0;0;0;0;0;0;0;0;0;0;0;0;0;0;0;0;0;0
FR;8;2021-11-18;0;0;0;0;0;0;0;0;0;0;0;0;0;0;0;0;0;0
FR;8;2021-11-19;0;0;0;0;0;0;0;0;0;0;0;0;0;0;0;0;0;0
FR;8;2021-11-20;0;0;0;0;0;0;0;0;0;0;0;0;0;0;0;0;0;0
FR;8;2021-11-21;0;0;0;0;0;0;0;0;0;0;0;0;0;0;0;0;0;0
FR;8;2021-11-22;0;0;0;0;0;0;0;0;0;0;0;0;0;0;0;0;0;0
FR;8;2021-11-23;0;0;0;0;0;0;0;0;0;0;0;0;0;0;0;0;0;0
FR;8;2021-11-24;0;0;0;0;0;0;0;0;0;0;0;0;0;0;0;0;0;0
FR;8;2021-11-25;0;0;0;0;0;0;0;0;0;0;0;0;0;0;0;0;0;0
FR;8;2021-11-26;0;0;0;0;0;0;0;0;0;0;0;0;0;0;0;0;0;0
FR;8;2021-11-27;0;0;0;0;0;0;0;0;0;0;0;0;0;0;0;0;0;0
FR;8;2021-11-28;0;0;0;0;0;0;0;0;0;0;0;0;0;0;0;0;0;0
FR;8;2021-11-29;0;0;0;0;0;0;0;0;0;0;0;0;0;0;0;0;0;0
FR;8;2021-11-30;0;0;0;0;0;0;0;0;0;0;0;0;0;0;0;0;0;0
FR;8;2021-12-01;0;0;0;0;0;0;0;0;0;0;0;0;0;0;0;0;0;0
FR;8;2021-12-02;0;0;0;0;0;0;0;0;0;0;0;0;0;0;0;0;0;0
FR;8;2021-12-03;0;0;0;0;0;0;0;0;0;0;0;0;0;0;0;0;0;0
FR;8;2021-12-04;0;0;0;0;0;0;0;0;0;0;0;0;0;0;0;0;0;0
FR;8;2021-12-05;0;0;0;0;0;0;0;0;0;0;0;0;0;0;0;0;0;0
FR;8;2021-12-06;0;0;0;0;0;0;0;0;0;0;0;0;0;0;0;0;0;0
FR;8;2021-12-07;0;0;0;0;0;0;0;0;0;0;0;0;0;0;0;0;0;0
FR;8;2021-12-08;0;0;0;0;0;0;0;0;0;0;0;0;0;0;0;0;0;0
FR;8;2021-12-09;0;0;0;0;0;0;0;0;0;0;0;0;0;0;0;0;0;0
FR;8;2021-12-10;0;0;0;0;0;0;0;0;0;0;0;0;0;0;0;0;0;0
FR;8;2021-12-11;0;0;0;0;0;0;0;0;0;0;0;0;0;0;0;0;0;0
FR;8;2021-12-12;0;0;0;0;0;0;0;0;0;0;0;0;0;0;0;0;0;0
FR;8;2021-12-13;0;0;0;0;0;0;0;0;0;0;0;0;0;0;0;0;0;0
FR;8;2021-12-14;0;0;0;0;0;0;0;0;0;0;0;0;0;0;0;0;0;0
FR;8;2021-12-15;0;0;0;0;0;0;0;0;0;0;0;0;0;0;0;0;0;0
FR;8;2021-12-16;0;0;0;0;0;0;0;0;0;0;0;0;0;0;0;0;0;0
FR;8;2021-12-17;0;0;0;0;0;0;0;0;0;0;0;0;0;0;0;0;0;0
FR;8;2021-12-18;0;0;0;0;0;0;0;0;0;0;0;0;0;0;0;0;0;0
FR;8;2021-12-19;0;0;0;0;0;0;0;0;0;0;0;0;0;0;0;0;0;0
FR;8;2021-12-20;0;0;0;0;0;0;0;0;0;0;0;0;0;0;0;0;0;0
FR;8;2021-12-21;0;0;0;0;0;0;0;0;0;0;0;0;0;0;0;0;0;0
FR;8;2021-12-22;0;0;0;0;0;0;0;0;0;0;0;0;0;0;0;0;0;0
FR;8;2021-12-23;0;0;0;0;0;0;0;0;0;0;0;0;0;0;0;0;0;0
FR;8;2021-12-24;0;0;0;0;0;0;0;0;0;0;0;0;0;0;0;0;0;0
FR;8;2021-12-25;0;0;0;0;0;0;0;0;0;0;0;0;0;0;0;0;0;0
FR;8;2021-12-26;0;0;0;0;0;0;0;0;0;0;0;0;0;0;0;0;0;0
FR;8;2021-12-27;0;0;0;0;0;0;0;0;0;0;0;0;0;0;0;0;0;0
FR;8;2021-12-28;0;0;0;0;0;0;0;0;0;0;0;0;0;0;0;0;0;0
FR;8;2021-12-29;0;0;0;0;0;0;0;0;0;0;0;0;0;0;0;0;0;0
FR;8;2021-12-30;0;0;0;0;0;0;0;0;0;0;0;0;0;0;0;0;0;0
FR;8;2021-12-31;0;0;0;0;0;0;0;0;0;0;0;0;0;0;0;0;0;0
FR;8;2022-01-01;0;0;0;0;0;0;0;0;0;0;0;0;0;0;0;0;0;0
FR;8;2022-01-02;0;0;0;0;0;0;0;0;0;0;0;0;0;0;0;0;0;0
FR;8;2022-01-03;0;0;0;0;0;0;0;0;0;0;0;0;0;0;0;0;0;0
FR;8;2022-01-04;0;0;0;0;0;0;0;0;0;0;0;0;0;0;0;0;0;0
FR;8;2022-01-05;0;0;0;0;0;0;0;0;0;0;0;0;0;0;0;0;0;0
FR;8;2022-01-06;0;0;0;0;0;0;0;0;0;0;0;0;0;0;0;0;0;0
FR;8;2022-01-07;0;0;0;0;0;0;0;0;0;0;0;0;0;0;0;0;0;0
FR;8;2022-01-08;0;0;0;0;0;0;0;0;0;0;0;0;0;0;0;0;0;0
FR;8;2022-01-09;0;0;0;0;0;0;0;0;0;0;0;0;0;0;0;0;0;0
FR;8;2022-01-10;0;0;0;0;0;0;0;0;0;0;0;0;0;0;0;0;0;0
FR;8;2022-01-11;0;0;0;0;0;0;0;0;0;0;0;0;0;0;0;0;0;0
FR;8;2022-01-12;0;0;0;0;0;0;0;0;0;0;0;0;0;0;0;0;0;0
FR;8;2022-01-13;0;0;0;0;0;0;0;0;0;0;0;0;0;0;0;0;0;0
FR;8;2022-01-14;0;0;0;0;0;0;0;0;0;0;0;0;0;0;0;0;0;0
FR;8;2022-01-15;0;0;0;0;0;0;0;0;0;0;0;0;0;0;0;0;0;0
FR;8;2022-01-16;0;0;0;0;0;0;0;0;0;0;0;0;0;0;0;0;0;0
FR;8;2022-01-17;0;0;0;0;0;0;0;0;0;0;0;0;0;0;0;0;0;0
FR;8;2022-01-18;0;0;0;0;0;0;0;0;0;0;0;0;0;0;0;0;0;0
FR;8;2022-01-19;0;0;0;0;0;0;0;0;0;0;0;0;0;0;0;0;0;0
FR;8;2022-01-20;0;0;0;0;0;0;0;0;0;0;0;0;0;0;0;0;0;0
FR;8;2022-01-21;0;0;0;0;0;0;0;0;0;0;0;0;0;0;0;0;0;0
FR;8;2022-01-22;0;0;0;0;0;0;0;0;0;0;0;0;0;0;0;0;0;0
FR;8;2022-01-23;0;0;0;0;0;0;0;0;0;0;0;0;0;0;0;0;0;0
FR;8;2022-01-24;0;0;0;0;0;0;0;0;0;0;0;0;0;0;0;0;0;0
FR;8;2022-01-25;0;0;0;0;0;0;0;0;0;0;0;0;0;0;0;0;0;0
FR;8;2022-01-26;0;0;0;0;0;0;0;0;0;0;0;0;0;0;0;0;0;0
FR;8;2022-01-27;0;0;0;0;0;0;0;0;0;0;0;0;0;0;0;0;0;0
FR;8;2022-01-28;0;0;0;0;0;0;0;0;0;0;0;0;0;0;0;0;0;0
FR;8;2022-01-29;0;0;0;0;0;0;0;0;0;0;0;0;0;0;0;0;0;0
FR;8;2022-01-30;0;0;0;0;0;0;0;0;0;0;0;0;0;0;0;0;0;0
FR;8;2022-01-31;0;0;0;0;0;0;0;0;0;0;0;0;0;0;0;0;0;0
FR;8;2022-02-01;0;0;0;0;0;0;0;0;0;0;0;0;0;0;0;0;0;0
FR;8;2022-02-02;0;0;0;0;0;0;0;0;0;0;0;0;0;0;0;0;0;0
FR;8;2022-02-03;0;0;0;0;0;0;0;0;0;0;0;0;0;0;0;0;0;0
FR;8;2022-02-04;0;0;0;0;0;0;0;0;0;0;0;0;0;0;0;0;0;0
FR;8;2022-02-05;0;0;0;0;0;0;0;0;0;0;0;0;0;0;0;0;0;0
FR;8;2022-02-06;0;0;0;0;0;0;0;0;0;0;0;0;0;0;0;0;0;0
FR;8;2022-02-07;0;0;0;0;0;0;0;0;0;0;0;0;0;0;0;0;0;0
FR;8;2022-02-08;0;0;0;0;0;0;0;0;0;0;0;0;0;0;0;0;0;0
FR;8;2022-02-09;0;0;0;0;0;0;0;0;0;0;0;0;0;0;0;0;0;0
FR;8;2022-02-10;0;0;0;0;0;0;0;0;0;0;0;0;0;0;0;0;0;0
FR;8;2022-02-11;0;0;0;0;0;0;0;0;0;0;0;0;0;0;0;0;0;0
FR;8;2022-02-12;0;0;0;0;0;0;0;0;0;0;0;0;0;0;0;0;0;0
FR;8;2022-02-13;0;0;0;0;0;0;0;0;0;0;0;0;0;0;0;0;0;0
FR;8;2022-02-14;0;0;0;0;0;0;0;0;0;0;0;0;0;0;0;0;0;0
FR;8;2022-02-15;0;0;0;0;0;0;0;0;0;0;0;0;0;0;0;0;0;0
FR;8;2022-02-16;0;0;0;0;0;0;0;0;0;0;0;0;0;0;0;0;0;0
FR;8;2022-02-17;0;0;0;0;0;0;0;0;0;0;0;0;0;0;0;0;0;0
FR;8;2022-02-18;0;0;0;0;0;0;0;0;0;0;0;0;0;0;0;0;0;0
FR;8;2022-02-19;0;0;0;0;0;0;0;0;0;0;0;0;0;0;0;0;0;0
FR;8;2022-02-20;0;0;0;0;0;0;0;0;0;0;0;0;0;0;0;0;0;0
FR;8;2022-02-21;0;0;0;0;0;0;0;0;0;0;0;0;0;0;0;0;0;0
FR;8;2022-02-22;0;0;0;0;0;0;0;0;0;0;0;0;0;0;0;0;0;0
FR;8;2022-02-23;0;0;0;0;0;0;0;0;0;0;0;0;0;0;0;0;0;0
FR;8;2022-02-24;0;0;0;0;0;0;0;0;0;0;0;0;0;0;0;0;0;0
FR;8;2022-02-25;0;0;0;0;0;0;0;0;0;0;0;0;0;0;0;0;0;0
FR;8;2022-02-26;0;0;0;0;0;0;0;0;0;0;0;0;0;0;0;0;0;0
FR;8;2022-02-27;0;0;0;0;0;0;0;0;0;0;0;0;0;0;0;0;0;0
FR;8;2022-02-28;0;0;0;0;0;0;0;0;0;0;0;0;0;0;0;0;0;0
FR;8;2022-03-01;0;0;0;0;0;0;0;0;0;0;0;0;0;0;0;0;0;0
FR;8;2022-03-02;0;0;0;0;0;0;0;0;0;0;0;0;0;0;0;0;0;0
FR;8;2022-03-03;0;0;0;0;0;0;0;0;0;0;0;0;0;0;0;0;0;0
FR;8;2022-03-04;0;0;0;0;0;0;0;0;0;0;0;0;0;0;0;0;0;0
FR;8;2022-03-05;0;0;0;0;0;0;0;0;0;0;0;0;0;0;0;0;0;0
FR;8;2022-03-06;0;0;0;0;0;0;0;0;0;0;0;0;0;0;0;0;0;0
FR;8;2022-03-07;0;0;0;0;0;0;0;0;0;0;0;0;0;0;0;0;0;0
FR;8;2022-03-08;0;0;0;0;0;0;0;0;0;0;0;0;0;0;0;0;0;0
FR;8;2022-03-09;0;0;0;0;0;0;0;0;0;0;0;0;0;0;0;0;0;0
FR;8;2022-03-10;0;0;0;0;0;0;0;0;0;0;0;0;0;0;0;0;0;0
FR;8;2022-03-11;0;0;0;0;0;0;0;0;0;0;0;0;0;0;0;0;0;0
FR;8;2022-03-12;0;0;0;0;0;0;0;0;0;0;0;0;0;0;0;0;0;0
FR;8;2022-03-13;0;0;0;0;0;0;0;0;0;0;0;0;0;0;0;0;0;0
FR;8;2022-03-14;0;0;0;0;0;0;0;0;0;0;0;0;0;0;0;0;0;0
FR;8;2022-03-15;0;0;0;0;0;0;0;0;0;0;0;0;0;0;0;0;0;0
FR;8;2022-03-16;0;0;0;0;0;0;0;0;0;0;0;0;0;0;0;0;0;0
FR;8;2022-03-17;0;0;0;0;0;0;0;0;0;0;0;0;0;0;0;0;0;0
FR;8;2022-03-18;0;0;0;0;0;0;0;0;0;0;0;0;0;0;0;0;0;0
FR;8;2022-03-19;0;0;0;0;0;0;0;0;0;0;0;0;0;0;0;0;0;0
FR;8;2022-03-20;0;0;0;0;0;0;0;0;0;0;0;0;0;0;0;0;0;0
FR;8;2022-03-21;0;0;0;0;0;0;0;0;0;0;0;0;0;0;0;0;0;0
FR;8;2022-03-22;0;0;0;0;0;0;0;0;0;0;0;0;0;0;0;0;0;0
FR;8;2022-03-23;0;0;0;0;0;0;0;0;0;0;0;0;0;0;0;0;0;0
FR;8;2022-03-24;0;0;0;0;0;0;0;0;0;0;0;0;0;0;0;0;0;0
FR;8;2022-03-25;0;0;0;0;0;0;0;0;0;0;0;0;0;0;0;0;0;0
FR;8;2022-03-26;0;0;0;0;0;0;0;0;0;0;0;0;0;0;0;0;0;0
FR;8;2022-03-27;0;0;0;0;0;0;0;0;0;0;0;0;0;0;0;0;0;0
FR;8;2022-03-28;0;0;0;0;0;0;0;0;0;0;0;0;0;0;0;0;0;0
FR;8;2022-03-29;0;0;0;0;0;0;0;0;0;0;0;0;0;0;0;0;0;0
FR;8;2022-03-30;0;0;0;0;0;0;0;0;0;0;0;0;0;0;0;0;0;0
FR;8;2022-03-31;0;0;0;0;0;0;0;0;0;0;0;0;0;0;0;0;0;0
FR;8;2022-04-01;0;0;0;0;0;0;0;0;0;0;0;0;0;0;0;0;0;0
FR;8;2022-04-02;0;0;0;0;0;0;0;0;0;0;0;0;0;0;0;0;0;0
FR;8;2022-04-03;0;0;0;0;0;0;0;0;0;0;0;0;0;0;0;0;0;0
FR;8;2022-04-04;0;0;0;0;0;0;0;0;0;0;0;0;0;0;0;0;0;0
FR;8;2022-04-05;0;0;0;0;0;0;0;0;0;0;0;0;0;0;0;0;0;0
FR;8;2022-04-06;0;0;0;0;0;0;0;0;0;0;0;0;0;0;0;0;0;0
FR;8;2022-04-07;0;0;0;0;0;0;0;0;0;0;0;0;0;0;0;0;0;0
FR;8;2022-04-08;0;0;0;0;0;0;0;0;0;0;0;0;0;0;0;0;0;0
FR;8;2022-04-09;0;0;0;0;0;0;0;0;0;0;0;0;0;0;0;0;0;0
FR;8;2022-04-10;0;0;0;0;0;0;0;0;0;0;0;0;0;0;0;0;0;0
FR;8;2022-04-11;0;0;0;0;0;0;0;0;0;0;0;0;0;0;0;0;0;0
FR;8;2022-04-12;0;0;0;0;0;0;0;0;0;0;0;0;0;0;0;0;0;0
FR;8;2022-04-13;0;0;0;0;0;0;0;0;0;0;0;0;0;0;0;0;0;0
FR;8;2022-04-14;0;0;0;0;0;0;0;0;0;0;0;0;0;0;0;0;0;0
FR;8;2022-04-15;0;0;0;0;0;0;0;0;0;0;0;0;0;0;0;0;0;0
FR;8;2022-04-16;0;0;0;0;0;0;0;0;0;0;0;0;0;0;0;0;0;0
FR;8;2022-04-17;0;0;0;0;0;0;0;0;0;0;0;0;0;0;0;0;0;0
FR;8;2022-04-18;0;0;0;0;0;0;0;0;0;0;0;0;0;0;0;0;0;0
FR;8;2022-04-19;0;0;0;0;0;0;0;0;0;0;0;0;0;0;0;0;0;0
FR;8;2022-04-20;0;0;0;0;0;0;0;0;0;0;0;0;0;0;0;0;0;0
FR;8;2022-04-21;0;0;0;0;0;0;0;0;0;0;0;0;0;0;0;0;0;0
FR;8;2022-04-22;0;0;0;0;0;0;0;0;0;0;0;0;0;0;0;0;0;0
FR;8;2022-04-23;0;0;0;0;0;0;0;0;0;0;0;0;0;0;0;0;0;0
FR;8;2022-04-24;0;0;0;0;0;0;0;0;0;0;0;0;0;0;0;0;0;0
FR;8;2022-04-25;0;0;0;0;0;0;0;0;0;0;0;0;0;0;0;0;0;0
FR;8;2022-04-26;0;0;0;0;0;0;0;0;0;0;0;0;0;0;0;0;0;0
FR;8;2022-04-27;0;0;0;0;0;0;0;0;0;0;0;0;0;0;0;0;0;0
FR;8;2022-04-28;0;0;0;0;0;0;0;0;0;0;0;0;0;0;0;0;0;0
FR;8;2022-04-29;0;0;0;0;0;0;0;0;0;0;0;0;0;0;0;0;0;0
FR;8;2022-04-30;0;0;0;0;0;0;0;0;0;0;0;0;0;0;0;0;0;0
FR;8;2022-05-01;0;0;0;0;0;0;0;0;0;0;0;0;0;0;0;0;0;0
FR;8;2022-05-02;0;0;0;0;0;0;0;0;0;0;0;0;0;0;0;0;0;0
FR;8;2022-05-03;0;0;0;0;0;0;0;0;0;0;0;0;0;0;0;0;0;0
FR;8;2022-05-04;0;0;0;0;0;0;0;0;0;0;0;0;0;0;0;0;0;0
FR;8;2022-05-05;0;0;0;0;0;0;0;0;0;0;0;0;0;0;0;0;0;0
FR;8;2022-05-06;0;0;0;0;0;0;0;0;0;0;0;0;0;0;0;0;0;0
FR;8;2022-05-07;0;0;0;0;0;0;0;0;0;0;0;0;0;0;0;0;0;0
FR;8;2022-05-08;0;0;0;0;0;0;0;0;0;0;0;0;0;0;0;0;0;0
FR;8;2022-05-09;0;0;0;0;0;0;0;0;0;0;0;0;0;0;0;0;0;0
FR;8;2022-05-10;0;0;0;0;0;0;0;0;0;0;0;0;0;0;0;0;0;0
FR;8;2022-05-11;0;0;0;0;0;0;0;0;0;0;0;0;0;0;0;0;0;0
FR;8;2022-05-12;0;0;0;0;0;0;0;0;0;0;0;0;0;0;0;0;0;0
FR;8;2022-05-13;0;0;0;0;0;0;0;0;0;0;0;0;0;0;0;0;0;0
FR;8;2022-05-14;0;0;0;0;0;0;0;0;0;0;0;0;0;0;0;0;0;0
FR;8;2022-05-15;0;0;0;0;0;0;0;0;0;0;0;0;0;0;0;0;0;0
FR;8;2022-05-16;0;0;0;0;0;0;0;0;0;0;0;0;0;0;0;0;0;0
FR;8;2022-05-17;0;0;0;0;0;0;0;0;0;0;0;0;0;0;0;0;0;0
FR;8;2022-05-18;0;0;0;0;0;0;0;0;0;0;0;0;0;0;0;0;0;0
FR;8;2022-05-19;0;0;0;0;0;0;0;0;0;0;0;0;0;0;0;0;0;0
FR;8;2022-05-20;0;0;0;0;0;0;0;0;0;0;0;0;0;0;0;0;0;0
FR;8;2022-05-21;0;0;0;0;0;0;0;0;0;0;0;0;0;0;0;0;0;0
FR;8;2022-05-22;0;0;0;0;0;0;0;0;0;0;0;0;0;0;0;0;0;0
FR;8;2022-05-23;0;0;0;0;0;0;0;0;0;0;0;0;0;0;0;0;0;0
FR;8;2022-05-24;0;0;0;0;0;0;0;0;0;0;0;0;0;0;0;0;0;0
FR;8;2022-05-25;0;0;0;0;0;0;0;0;0;0;0;0;0;0;0;0;0;0
FR;8;2022-05-26;0;0;0;0;0;0;0;0;0;0;0;0;0;0;0;0;0;0
FR;8;2022-05-27;0;0;0;0;0;0;0;0;0;0;0;0;0;0;0;0;0;0
FR;8;2022-05-28;0;0;0;0;0;0;0;0;0;0;0;0;0;0;0;0;0;0
FR;8;2022-05-29;0;0;0;0;0;0;0;0;0;0;0;0;0;0;0;0;0;0
FR;8;2022-05-30;0;0;0;0;0;0;0;0;0;0;0;0;0;0;0;0;0;0
FR;8;2022-05-31;0;0;0;0;0;0;0;0;0;0;0;0;0;0;0;0;0;0
FR;8;2022-06-01;0;0;0;0;0;0;0;0;0;0;0;0;0;0;0;0;0;0
FR;8;2022-06-02;0;0;0;0;0;0;0;0;0;0;0;0;0;0;0;0;0;0
FR;8;2022-06-03;0;0;0;0;0;0;0;0;0;0;0;0;0;0;0;0;0;0
FR;8;2022-06-04;0;0;0;0;0;0;0;0;0;0;0;0;0;0;0;0;0;0
FR;8;2022-06-05;0;0;0;0;0;0;0;0;0;0;0;0;0;0;0;0;0;0
FR;8;2022-06-06;0;0;0;0;0;0;0;0;0;0;0;0;0;0;0;0;0;0
FR;8;2022-06-07;0;0;0;0;0;0;0;0;0;0;0;0;0;0;0;0;0;0
FR;8;2022-06-08;0;0;0;0;0;0;0;0;0;0;0;0;0;0;0;0;0;0
FR;8;2022-06-09;0;0;0;0;0;0;0;0;0;0;0;0;0;0;0;0;0;0
FR;8;2022-06-10;0;0;0;0;0;0;0;0;0;0;0;0;0;0;0;0;0;0
FR;8;2022-06-11;0;0;0;0;0;0;0;0;0;0;0;0;0;0;0;0;0;0
FR;8;2022-06-12;0;0;0;0;0;0;0;0;0;0;0;0;0;0;0;0;0;0
FR;8;2022-06-13;0;0;0;0;0;0;0;0;0;0;0;0;0;0;0;0;0;0
FR;8;2022-06-14;0;0;0;0;0;0;0;0;0;0;0;0;0;0;0;0;0;0
FR;8;2022-06-15;0;0;0;0;0;0;0;0;0;0;0;0;0;0;0;0;0;0
FR;8;2022-06-16;0;0;0;0;0;0;0;0;0;0;0;0;0;0;0;0;0;0
FR;8;2022-06-17;0;0;0;0;0;0;0;0;0;0;0;0;0;0;0;0;0;0
FR;8;2022-06-18;0;0;0;0;0;0;0;0;0;0;0;0;0;0;0;0;0;0
FR;8;2022-06-19;0;0;0;0;0;0;0;0;0;0;0;0;0;0;0;0;0;0
FR;8;2022-06-20;0;0;0;0;0;0;0;0;0;0;0;0;0;0;0;0;0;0
FR;8;2022-06-21;0;0;0;0;0;0;0;0;0;0;0;0;0;0;0;0;0;0
FR;8;2022-06-22;0;0;0;0;0;0;0;0;0;0;0;0;0;0;0;0;0;0
FR;8;2022-06-23;0;0;0;0;0;0;0;0;0;0;0;0;0;0;0;0;0;0
FR;8;2022-06-24;0;0;0;0;0;0;0;0;0;0;0;0;0;0;0;0;0;0
FR;8;2022-06-25;0;0;0;0;0;0;0;0;0;0;0;0;0;0;0;0;0;0
FR;8;2022-06-26;0;0;0;0;0;0;0;0;0;0;0;0;0;0;0;0;0;0
FR;8;2022-06-27;0;0;0;0;0;0;0;0;0;0;0;0;0;0;0;0;0;0
FR;8;2022-06-28;0;0;0;0;0;0;0;0;0;0;0;0;0;0;0;0;0;0
FR;8;2022-06-29;0;0;0;0;0;0;0;0;0;0;0;0;0;0;0;0;0;0
FR;8;2022-06-30;0;0;0;0;0;0;0;0;0;0;0;0;0;0;0;0;0;0
FR;8;2022-07-01;0;0;0;0;0;0;0;0;0;0;0;0;0;0;0;0;0;0
FR;8;2022-07-02;0;0;0;0;0;0;0;0;0;0;0;0;0;0;0;0;0;0
FR;8;2022-07-03;0;0;0;0;0;0;0;0;0;0;0;0;0;0;0;0;0;0
FR;8;2022-07-04;0;0;0;0;0;0;0;0;0;0;0;0;0;0;0;0;0;0
FR;8;2022-07-05;0;0;0;0;0;0;0;0;0;0;0;0;0;0;0;0;0;0
FR;8;2022-07-06;0;0;0;0;0;0;0;0;0;0;0;0;0;0;0;0;0;0
FR;8;2022-07-07;0;0;0;0;0;0;0;0;0;0;0;0;0;0;0;0;0;0
FR;8;2022-07-08;0;0;0;0;0;0;0;0;0;0;0;0;0;0;0;0;0;0
FR;8;2022-07-09;0;0;0;0;0;0;0;0;0;0;0;0;0;0;0;0;0;0
FR;8;2022-07-10;0;0;0;0;0;0;0;0;0;0;0;0;0;0;0;0;0;0
FR;8;2022-07-11;0;0;0;0;0;0;0;0;0;0;0;0;0;0;0;0;0;0
FR;8;2022-07-12;0;0;0;0;0;0;0;0;0;0;0;0;0;0;0;0;0;0
FR;8;2022-07-13;0;0;0;0;0;0;0;0;0;0;0;0;0;0;0;0;0;0
FR;8;2022-07-14;0;0;0;0;0;0;0;0;0;0;0;0;0;0;0;0;0;0
FR;8;2022-07-15;0;0;0;0;0;0;0;0;0;0;0;0;0;0;0;0;0;0
FR;8;2022-07-16;0;0;0;0;0;0;0;0;0;0;0;0;0;0;0;0;0;0
FR;8;2022-07-17;0;0;0;0;0;0;0;0;0;0;0;0;0;0;0;0;0;0
FR;8;2022-07-18;0;0;0;0;0;0;0;0;0;0;0;0;0;0;0;0;0;0
FR;8;2022-07-19;0;0;0;0;0;0;0;0;0;0;0;0;0;0;0;0;0;0
FR;8;2022-07-20;0;0;0;0;0;0;0;0;0;0;0;0;0;0;0;0;0;0
FR;8;2022-07-21;0;0;0;0;0;0;0;0;0;0;0;0;0;0;0;0;0;0
FR;8;2022-07-22;0;0;0;0;0;0;0;0;0;0;0;0;0;0;0;0;0;0
FR;8;2022-07-23;0;0;0;0;0;0;0;0;0;0;0;0;0;0;0;0;0;0
FR;8;2022-07-24;0;0;0;0;0;0;0;0;0;0;0;0;0;0;0;0;0;0
FR;8;2022-07-25;0;0;0;0;0;0;0;0;0;0;0;0;0;0;0;0;0;0
FR;8;2022-07-26;0;0;0;0;0;0;0;0;0;0;0;0;0;0;0;0;0;0
FR;8;2022-07-27;0;0;0;0;0;0;0;0;0;0;0;0;0;0;0;0;0;0
FR;8;2022-07-28;0;0;0;0;0;0;0;0;0;0;0;0;0;0;0;0;0;0
FR;8;2022-07-29;0;0;0;0;0;0;0;0;0;0;0;0;0;0;0;0;0;0
FR;8;2022-07-30;0;0;0;0;0;0;0;0;0;0;0;0;0;0;0;0;0;0
FR;8;2022-07-31;0;0;0;0;0;0;0;0;0;0;0;0;0;0;0;0;0;0
FR;8;2022-08-01;0;0;0;0;0;0;0;0;0;0;0;0;0;0;0;0;0;0
FR;8;2022-08-02;0;0;0;0;0;0;0;0;0;0;0;0;0;0;0;0;0;0
FR;8;2022-08-03;0;0;0;0;0;0;0;0;0;0;0;0;0;0;0;0;0;0
FR;8;2022-08-04;0;0;0;0;0;0;0;0;0;0;0;0;0;0;0;0;0;0
FR;8;2022-08-05;0;0;0;0;0;0;0;0;0;0;0;0;0;0;0;0;0;0
FR;8;2022-08-06;0;0;0;0;0;0;0;0;0;0;0;0;0;0;0;0;0;0
FR;8;2022-08-07;0;0;0;0;0;0;0;0;0;0;0;0;0;0;0;0;0;0
FR;8;2022-08-08;0;0;0;0;0;0;0;0;0;0;0;0;0;0;0;0;0;0
FR;8;2022-08-09;0;0;0;0;0;0;0;0;0;0;0;0;0;0;0;0;0;0
FR;8;2022-08-10;0;0;0;0;0;0;0;0;0;0;0;0;0;0;0;0;0;0
FR;8;2022-08-11;0;0;0;0;0;0;0;0;0;0;0;0;0;0;0;0;0;0
FR;8;2022-08-12;0;0;0;0;0;0;0;0;0;0;0;0;0;0;0;0;0;0
FR;8;2022-08-13;0;0;0;0;0;0;0;0;0;0;0;0;0;0;0;0;0;0
FR;8;2022-08-14;0;0;0;0;0;0;0;0;0;0;0;0;0;0;0;0;0;0
FR;8;2022-08-15;0;0;0;0;0;0;0;0;0;0;0;0;0;0;0;0;0;0
FR;8;2022-08-16;0;0;0;0;0;0;0;0;0;0;0;0;0;0;0;0;0;0
FR;8;2022-08-17;0;0;0;0;0;0;0;0;0;0;0;0;0;0;0;0;0;0
FR;8;2022-08-18;0;0;0;0;0;0;0;0;0;0;0;0;0;0;0;0;0;0
FR;8;2022-08-19;0;0;0;0;0;0;0;0;0;0;0;0;0;0;0;0;0;0
FR;8;2022-08-20;0;0;0;0;0;0;0;0;0;0;0;0;0;0;0;0;0;0
FR;8;2022-08-21;0;0;0;0;0;0;0;0;0;0;0;0;0;0;0;0;0;0
FR;8;2022-08-22;0;0;0;0;0;0;0;0;0;0;0;0;0;0;0;0;0;0
FR;8;2022-08-23;0;0;0;0;0;0;0;0;0;0;0;0;0;0;0;0;0;0
FR;8;2022-08-24;0;0;0;0;0;0;0;0;0;0;0;0;0;0;0;0;0;0
FR;8;2022-08-25;0;0;0;0;0;0;0;0;0;0;0;0;0;0;0;0;0;0
FR;8;2022-08-26;0;0;0;0;0;0;0;0;0;0;0;0;0;0;0;0;0;0
FR;8;2022-08-27;0;0;0;0;0;0;0;0;0;0;0;0;0;0;0;0;0;0
FR;8;2022-08-28;0;0;0;0;0;0;0;0;0;0;0;0;0;0;0;0;0;0
FR;8;2022-08-29;0;0;0;0;0;0;0;0;0;0;0;0;0;0;0;0;0;0
FR;8;2022-08-30;0;0;0;0;0;0;0;0;0;0;0;0;0;0;0;0;0;0
FR;8;2022-08-31;0;0;0;0;0;0;0;0;0;0;0;0;0;0;0;0;0;0
FR;8;2022-09-01;0;0;0;0;0;0;0;0;0;0;0;0;0;0;0;0;0;0
FR;8;2022-09-02;0;0;0;0;0;0;0;0;0;0;0;0;0;0;0;0;0;0
FR;8;2022-09-03;0;0;0;0;0;0;0;0;0;0;0;0;0;0;0;0;0;0
FR;8;2022-09-04;0;0;0;0;0;0;0;0;0;0;0;0;0;0;0;0;0;0
FR;8;2022-09-05;0;0;0;0;0;0;0;0;0;0;0;0;0;0;0;0;0;0
FR;8;2022-09-06;0;0;0;0;0;0;0;0;0;0;0;0;0;0;0;0;0;0
FR;8;2022-09-07;0;0;0;0;0;0;0;0;0;0;0;0;0;0;0;0;0;0
FR;8;2022-09-08;0;0;0;0;0;0;0;0;0;0;0;0;0;0;0;0;0;0
FR;8;2022-09-09;0;0;0;0;0;0;0;0;0;0;0;0;0;0;0;0;0;0
FR;8;2022-09-10;0;0;0;0;0;0;0;0;0;0;0;0;0;0;0;0;0;0
FR;8;2022-09-11;0;0;0;0;0;0;0;0;0;0;0;0;0;0;0;0;0;0
FR;8;2022-09-12;0;0;0;0;0;0;0;0;0;0;0;0;0;0;0;0;0;0
FR;8;2022-09-13;0;0;0;0;0;0;0;0;0;0;0;0;0;0;0;0;0;0
FR;8;2022-09-14;0;0;0;0;0;0;0;0;0;0;0;0;0;0;0;0;0;0
FR;8;2022-09-15;0;0;0;0;0;0;0;0;0;0;0;0;0;0;0;0;0;0
FR;8;2022-09-16;0;0;0;0;0;0;0;0;0;0;0;0;0;0;0;0;0;0
FR;8;2022-09-17;0;0;0;0;0;0;0;0;0;0;0;0;0;0;0;0;0;0
FR;8;2022-09-18;0;0;0;0;0;0;0;0;0;0;0;0;0;0;0;0;0;0
FR;8;2022-09-19;0;0;0;0;0;0;0;0;0;0;0;0;0;0;0;0;0;0
FR;8;2022-09-20;0;0;0;0;0;0;0;0;0;0;0;0;0;0;0;0;0;0
FR;8;2022-09-21;0;0;0;0;0;0;0;0;0;0;0;0;0;0;0;0;0;0
FR;8;2022-09-22;0;0;0;0;0;0;0;0;0;0;0;0;0;0;0;0;0;0
FR;8;2022-09-23;0;0;0;0;0;0;0;0;0;0;0;0;0;0;0;0;0;0
FR;8;2022-09-24;0;0;0;0;0;0;0;0;0;0;0;0;0;0;0;0;0;0
FR;8;2022-09-25;0;0;0;0;0;0;0;0;0;0;0;0;0;0;0;0;0;0
FR;8;2022-09-26;0;0;0;0;0;0;0;0;0;0;0;0;0;0;0;0;0;0
FR;8;2022-09-27;0;0;0;0;0;0;0;0;0;0;0;0;0;0;0;0;0;0
FR;8;2022-09-28;0;0;0;0;0;0;0;0;0;0;0;0;0;0;0;0;0;0
FR;8;2022-09-29;0;0;0;0;0;0;0;0;0;0;0;0;0;0;0;0;0;0
FR;8;2022-09-30;0;0;0;0;0;0;0;0;0;0;0;0;0;0;0;0;0;0
FR;8;2022-10-01;0;0;0;0;0;0;0;0;0;0;0;0;0;0;0;0;0;0
FR;8;2022-10-02;0;0;0;0;0;0;0;0;0;0;0;0;0;0;0;0;0;0
FR;8;2022-10-03;0;0;0;0;0;0;0;0;0;0;0;0;0;0;0;0;0;0
FR;8;2022-10-04;0;0;0;0;0;0;0;0;0;0;0;0;0;0;0;0;0;0
FR;8;2022-10-05;0;0;0;0;0;0;0;0;0;0;0;0;0;0;0;0;0;0
FR;8;2022-10-06;14;17;113;861;8;83;866;1059;110;14;17;113;861;8;83;866;1059;110
FR;8;2022-10-07;75;103;842;8012;63;699;8066;9845;1073;89;120;955;8873;71;782;8932;10904;1183
FR;8;2022-10-08;37;115;610;4057;50;516;4109;5310;676;126;235;1565;12930;121;1298;13041;16214;1859
FR;8;2022-10-09;17;22;145;885;13;132;913;1234;185;143;257;1710;13815;134;1430;13954;17448;2044
FR;8;2022-10-10;128;192;1351;12751;106;1044;12982;16301;2253;271;449;3061;26566;240;2474;26936;33749;4297
FR;8;2022-10-11;205;264;2476;26927;136;2012;27198;33964;4717;476;713;5537;53493;376;4486;54134;67713;9014
FR;8;2022-10-12;164;258;1831;18238;152;1441;18474;23474;3535;640;971;7368;71731;528;5927;72608;91187;12549
FR;8;2022-10-13;209;281;2512;28077;178;1905;28441;35580;5206;849;1252;9880;99808;706;7832;101049;126767;17755
FR;8;2022-10-14;257;419;3272;36247;241;2557;36672;45578;6307;1106;1671;13152;136055;947;10389;137721;172345;24062
FR;8;2022-10-15;105;182;1203;8806;79;1002;8932;11783;1829;1211;1853;14355;144861;1026;11391;146653;184128;25891
FR;8;2022-10-16;34;54;248;1522;26;215;1557;2179;402;1245;1907;14603;146383;1052;11606;148210;186307;26293
FR;8;2022-10-17;159;313;2101;21806;175;1631;22113;28302;4536;1404;2220;16704;168189;1227;13237;170323;214609;30829
FR;8;2022-10-18;276;350;3356;37862;227;2654;38245;50787;9815;1680;2570;20060;206051;1454;15891;208568;265396;40644
FR;8;2022-10-19;205;314;2632;28300;183;2187;28620;38730;7862;1885;2884;22692;234351;1637;18078;237188;304126;48506
FR;8;2022-10-20;257;368;3577;41211;229;2653;41816;55722;11168;2142;3252;26269;275562;1866;20731;279004;359848;59674
FR;8;2022-10-21;325;489;4461;49420;276;3475;50019;66310;12717;2467;3741;30730;324982;2142;24206;329023;426158;72391
FR;8;2022-10-22;127;168;1230;10665;111;927;10851;14746;2949;2594;3909;31960;335647;2253;25133;339874;440904;75340
FR;8;2022-10-23;50;53;266;1762;48;197;1841;2610;571;2644;3962;32226;337409;2301;25330;341715;443514;75911
FR;8;2022-10-24;231;312;2475;24047;175;2074;24345;33555;7085;2875;4274;34701;361456;2476;27404;366060;477069;82996
FR;8;2022-10-25;307;417;4082;43467;257;3138;44066;61316;14009;3182;4691;38783;404923;2733;30542;410126;538385;97005
FR;8;2022-10-26;228;343;2885;28761;186;2381;29040;41472;9963;3410;5034;41668;433684;2919;32923;439166;579857;106968
FR;8;2022-10-27;277;415;3330;36200;243;2636;36676;51266;11889;3687;5449;44998;469884;3162;35559;475842;631123;118857
FR;8;2022-10-28;329;466;3829;39480;258;2864;40203;55137;12001;4016;5915;48827;509364;3420;38423;516045;686260;130858
FR;8;2022-10-29;113;165;1074;8230;94;803;8374;11861;2667;4129;6080;49901;517594;3514;39226;524419;698121;133525
FR;8;2022-10-30;40;53;210;1348;38;180;1394;2063;485;4169;6133;50111;518942;3552;39406;525813;700184;134010
FR;8;2022-10-31;196;260;1665;14543;145;1277;14808;21209;5106;4365;6393;51776;533485;3697;40683;540621;721393;139116
FR;8;2022-11-01;50;43;137;963;25;171;978;1626;474;4415;6436;51913;534448;3722;40854;541599;723019;139590
FR;8;2022-11-02;199;371;2377;23320;206;1982;23716;35074;9309;4614;6807;54290;557768;3928;42836;565315;758093;148899
FR;8;2022-11-03;310;419;3487;36969;260;2604;37614;54693;14376;4924;7226;57777;594737;4188;45440;602929;812786;163275
FR;8;2022-11-04;356;497;3784;40210;262;2976;40733;57999;14179;5280;7723;61561;634947;4450;48416;643662;870785;177454
FR;8;2022-11-05;113;189;1103;8770;123;850;8937;12893;3071;5393;7912;62664;643717;4573;49266;652599;883678;180525
FR;8;2022-11-06;45;56;224;1409;38;205;1442;2250;593;5438;7968;62888;645126;4611;49471;654041;885928;181118
FR;8;2022-11-07;274;281;2324;24844;208;1799;25432;37630;10331;5712;8249;65212;669970;4819;51270;679473;923558;191449
FR;8;2022-11-08;374;508;4340;48412;308;3268;49390;71642;18822;6086;8757;69552;718382;5127;54538;728863;995200;210271
FR;8;2022-11-09;269;370;2879;29183;212;2263;29868;44486;12271;6355;9127;72431;747565;5339;56801;758731;1039686;222542
FR;8;2022-11-10;370;547;3958;40291;316;3028;41203;60577;16206;6725;9674;76389;787856;5655;59829;799934;1100263;238748
FR;8;2022-11-11;40;66;243;1480;37;204;1526;2676;933;6765;9740;76632;789336;5692;60033;801460;1102939;239681
FR;8;2022-11-12;84;166;881;6433;80;687;6636;9894;2552;6849;9906;77513;795769;5772;60720;808096;1112833;242233
FR;8;2022-11-13;36;56;213;1110;37;173;1162;1927;586;6885;9962;77726;796879;5809;60893;809258;1114760;242819
FR;8;2022-11-14;237;307;2242;22462;168;1725;23004;35117;10313;7122;10269;79968;819341;5977;62618;832262;1149877;253132
FR;8;2022-11-15;353;432;3765;42367;266;2871;43273;64822;18544;7475;10701;83733;861708;6243;65489;875535;1214699;271676
FR;8;2022-11-16;312;353;2622;26556;221;2158;27030;41771;12498;7787;11054;86355;888264;6464;67647;902565;1256470;284174
FR;8;2022-11-17;373;431;3386;36877;293;2617;37455;56665;16494;8160;11485;89741;925141;6757;70264;940020;1313135;300668
FR;8;2022-11-18;346;468;4073;42326;290;2977;43177;63687;17429;8506;11953;93814;967467;7047;73241;983197;1376822;318097
FR;8;2022-11-19;121;182;1198;8974;121;844;9156;13833;3795;8627;12135;95012;976441;7168;74085;992353;1390655;321892
FR;8;2022-11-20;35;55;260;1585;39;217;1653;2663;788;8662;12190;95272;978026;7207;74302;994006;1393318;322680
FR;8;2022-11-21;218;303;2078;20128;178;1601;20660;32198;9870;8880;12493;97350;998154;7385;75903;1014666;1425516;332550
FR;8;2022-11-22;338;409;3477;37571;252;2675;38088;58211;17337;9218;12902;100827;1035725;7637;78578;1052754;1483727;349887
FR;8;2022-11-23;234;327;2415;24441;192;2018;24871;39252;12281;9452;13229;103242;1060166;7829;80596;1077625;1522979;362168
FR;8;2022-11-24;352;391;3373;34921;238;2581;35608;55385;17097;9804;13620;106615;1095087;8067;83177;1113233;1578364;379265
FR;8;2022-11-25;311;428;3633;37739;291;2625;38537;57858;16572;10115;14048;110248;1132826;8358;85802;1151770;1636222;395837
FR;8;2022-11-26;172;195;1177;8819;127;898;8976;13689;3784;10287;14243;111425;1141645;8485;86700;1160746;1649911;399621
FR;8;2022-11-27;45;43;227;1545;38;180;1561;2472;721;10332;14286;111652;1143190;8523;86880;1162307;1652383;400342
FR;8;2022-11-28;184;301;2309;23384;172;1703;24048;37336;11511;10516;14587;113961;1166574;8695;88583;1186355;1689719;411853
FR;8;2022-11-29;293;429;3978;44084;218;2943;44770;69162;21326;10809;15016;117939;1210658;8913;91526;1231125;1758881;433179
FR;8;2022-11-30;282;413;3377;34889;230;2545;35653;54727;16411;11091;15429;121316;1245547;9143;94071;1266778;1813608;449590
FR;8;2022-12-01;333;476;4478;49382;274;3132;50161;77755;24299;11424;15905;125794;1294929;9417;97203;1316939;1891363;473889
FR;8;2022-12-02;410;521;5438;58452;307;3742;59629;89818;26257;11834;16426;131232;1353381;9724;100945;1376568;1981181;500146
FR;8;2022-12-03;178;218;1918;16861;108;1328;17273;25844;7207;12012;16644;133150;1370242;9832;102273;1393841;2007025;507353
FR;8;2022-12-04;54;90;489;4056;59;404;4116;6288;1756;12066;16734;133639;1374298;9891;102677;1397957;2013313;509109
FR;8;2022-12-05;300;407;3850;42365;250;2517;43288;66943;20989;12366;17141;137489;1416663;10141;105194;1441245;2080256;530098
FR;8;2022-12-06;430;555;6299;74323;313;4214;75742;117945;37743;12796;17696;143788;1490986;10454;109408;1516987;2198201;567841
FR;8;2022-12-07;365;438;4909;55038;266;3244;56128;87717;28150;13161;18134;148697;1546024;10720;112652;1573115;2285918;595991
FR;8;2022-12-08;454;541;6447;75453;299;4197;77035;120480;38987;13615;18675;155144;1621477;11019;116849;1650150;2406398;634978
FR;8;2022-12-09;546;608;8021;90902;360;5215;92671;143024;44869;14161;19283;163165;1712379;11379;122064;1742821;2549422;679847
FR;8;2022-12-10;264;368;3341;31718;235;2089;32564;48738;13994;14425;19651;166506;1744097;11614;124153;1775385;2598160;693841
FR;8;2022-12-11;90;106;938;7866;67;645;8085;11895;3145;14515;19757;167444;1751963;11681;124798;1783470;2610055;696986
FR;8;2022-12-12;356;465;5859;64351;256;3730;65862;103407;33617;14871;20222;173303;1816314;11937;128528;1849332;2713462;730603
FR;8;2022-12-13;537;611;8430;99119;358;5206;101559;160225;53125;15408;20833;181733;1915433;12295;133734;1950891;2873687;783728
FR;8;2022-12-14;458;535;6363;70058;308;4213;71642;113506;37381;15866;21368;188096;1985491;12603;137947;2022533;2987193;821109
FR;8;2022-12-15;493;663;8161;91749;378;5142;93960;149264;49821;16359;22031;196257;2077240;12981;143089;2116493;3136457;870930
FR;8;2022-12-16;580;714;8876;100314;390;5709;102444;161932;53404;16939;22745;205133;2177554;13371;148798;2218937;3298389;924334
FR;8;2022-12-17;235;309;3145;30071;192;2004;30842;46782;13831;17174;23054;208278;2207625;13563;150802;2249779;3345171;938165
FR;8;2022-12-18;63;94;732;5975;50;499;6124;9309;2657;17237;23148;209010;2213600;13613;151301;2255903;3354480;940822
FR;8;2022-12-19;402;453;5344;53770;265;3368;55333;87771;28888;17639;23601;214354;2267370;13878;154669;2311236;3442251;969710
FR;8;2022-12-20;555;582;7347;76591;349;4755;78688;127126;43355;18194;24183;221701;2343961;14227;159424;2389924;3569377;1013065
FR;8;2022-12-21;426;482;4970;48810;288;3325;50102;81792;28167;18620;24665;226671;2392771;14515;162749;2440026;3651169;1041232
FR;8;2022-12-22;463;526;4588;44284;315;3188;45503;74795;25949;19083;25191;231259;2437055;14830;165937;2485529;3725964;1067181
FR;8;2022-12-23;321;391;2886;25049;254;2101;25697;42333;14417;19404;25582;234145;2462104;15084;168038;2511226;3768297;1081598
FR;8;2022-12-24;70;70;395;2551;41;295;2665;4151;1174;19474;25652;234540;2464655;15125;168333;2513891;3772448;1082772
FR;8;2022-12-25;29;30;106;546;22;84;567;914;260;19503;25682;234646;2465201;15147;168417;2514458;3773362;1083032
FR;8;2022-12-26;245;278;2158;16090;180;1507;16704;26810;8504;19748;25960;236804;2481291;15327;169924;2531162;3800172;1091536
FR;8;2022-12-27;393;453;3776;32422;265;2534;33517;55333;19135;20141;26413;240580;2513713;15592;172458;2564679;3855505;1110671
FR;8;2022-12-28;345;343;2942;24667;192;2056;25255;41768;14337;20486;26756;243522;2538380;15784;174514;2589934;3897273;1125008
FR;8;2022-12-29;298;409;3159;25513;227;2187;26465;43973;15191;20784;27165;246681;2563893;16011;176701;2616399;3941246;1140199
FR;8;2022-12-30;300;344;2445;18677;217;1703;19319;31742;10612;21084;27509;249126;2582570;16228;178404;2635718;3972988;1150811
FR;8;2022-12-31;92;117;453;2959;75;364;3102;4755;1269;21176;27626;249579;2585529;16303;178768;2638820;3977743;1152080
FR;8;2023-01-01;17;30;112;661;14;85;684;995;225;21193;27656;249691;2586190;16317;178853;2639504;3978738;1152305
FR;8;2023-01-02;280;413;2267;18224;244;1615;18684;32078;11694;21473;28069;251958;2604414;16561;180468;2658188;4010816;1163999
FR;8;2023-01-03;474;546;4251;42808;326;2915;43724;80860;33898;21947;28615;256209;2647222;16887;183383;2701912;4091676;1197897
FR;8;2023-01-04;412;478;3495;29985;296;2425;30740;58279;24927;22359;29093;259704;2677207;17183;185808;2732652;4149955;1222824
FR;8;2023-01-05;504;599;4370;41814;400;2934;42708;82001;36039;22863;29692;264074;2719021;17583;188742;2775360;4231956;1258863
FR;8;2023-01-06;515;670;5108;46737;405;3346;47750;89695;38268;23378;30362;269182;2765758;17988;192088;2823110;4321651;1297131
FR;8;2023-01-07;219;289;1703;12301;182;1198;12615;22348;8435;23597;30651;270885;2778059;18170;193286;2835725;4343999;1305566
FR;8;2023-01-08;68;105;443;2744;64;312;2839;5094;1926;23665;30756;271328;2780803;18234;193598;2838564;4349093;1307492
FR;8;2023-01-09;405;482;2621;21482;315;1846;22051;44583;20466;24070;31238;273949;2802285;18549;195444;2860615;4393676;1327958
FR;8;2023-01-10;462;634;4349;40172;397;3067;40937;85041;40653;24532;31872;278298;2842457;18946;198511;2901552;4478717;1368611
FR;8;2023-01-11;349;460;2950;24113;287;2116;24624;51475;24443;24881;32332;281248;2866570;19233;200627;2926176;4530192;1393054
FR;8;2023-01-12;411;542;3657;33168;332;2574;33789;70820;34087;25292;32874;284905;2899738;19565;203201;2959965;4601012;1427141
FR;8;2023-01-13;449;590;4049;34891;339;2863;35485;72859;34132;25741;33464;288954;2934629;19904;206064;2995450;4673871;1461273
FR;8;2023-01-14;178;229;1343;8858;123;959;9040;17185;7106;25919;33693;290297;2943487;20027;207023;3004490;4691056;1468379
FR;8;2023-01-15;63;87;329;1479;53;244;1585;3186;1345;25982;33780;290626;2944966;20080;207267;3006075;4694242;1469724
FR;8;2023-01-16;267;339;1997;15749;198;1433;16010;35206;17560;26249;34119;292623;2960715;20278;208700;3022085;4729448;1487284
FR;8;2023-01-17;360;453;3248;28164;281;2321;28672;64507;33107;26609;34572;295871;2988879;20559;211021;3050757;4793955;1520391
FR;8;2023-01-18;266;407;2192;16822;247;1669;17066;38334;19344;26875;34979;298063;3005701;20806;212690;3067823;4832289;1539735
FR;8;2023-01-19;355;414;2666;22305;252;1949;22653;51213;26239;27230;35393;300729;3028006;21058;214639;3090476;4883502;1565974
FR;8;2023-01-20;406;507;3175;24804;308;2340;25286;56594;28587;27636;35900;303904;3052810;21366;216979;3115762;4940096;1594561
FR;8;2023-01-21;147;189;1004;6114;102;732;6241;12899;5829;27783;36089;304908;3058924;21468;217711;3122003;4952995;1600390
FR;8;2023-01-22;31;52;156;833;23;138;878;1880;844;27814;36141;305064;3059757;21491;217849;3122881;4954875;1601234
FR;8;2023-01-23;215;299;1588;10613;163;1162;10833;26664;14421;28029;36440;306652;3070370;21654;219011;3133714;4981539;1615655
FR;8;2023-01-24;305;419;2408;20003;250;1795;20264;49918;27441;28334;36859;309060;3090373;21904;220806;3153978;5031457;1643096
FR;8;2023-01-25;241;378;1800;12091;230;1324;12492;29959;15877;28575;37237;310860;3102464;22134;222130;3166470;5061416;1658973
FR;8;2023-01-26;299;383;2222;16486;262;1642;16763;41523;22729;28874;37620;313082;3118950;22396;223772;3183233;5102939;1681702
FR;8;2023-01-27;311;493;2459;17866;298;1841;18102;44178;23811;29185;38113;315541;3136816;22694;225613;3201335;5147117;1705513
FR;8;2023-01-28;125;187;767;4327;124;600;4442;9722;4591;29310;38300;316308;3141143;22818;226213;3205777;5156839;1710104
FR;8;2023-01-29;26;43;86;438;28;67;470;1058;513;29336;38343;316394;3141581;22846;226280;3206247;5157897;1710617
FR;8;2023-01-30;207;314;1227;7966;186;1012;8130;20457;11066;29543;38657;317621;3149547;23032;227292;3214377;5178354;1721683
FR;8;2023-01-31;272;382;1917;13590;235;1420;13819;36232;20702;29815;39039;319538;3163137;23267;228712;3228196;5214586;1742385
FR;8;2023-02-01;247;344;1331;8018;223;1089;8138;21686;12181;30062;39383;320869;3171155;23490;229801;3236334;5236272;1754566
FR;8;2023-02-02;257;383;1572;11464;232;1280;11686;31034;17707;30319;39766;322441;3182619;23722;231081;3248020;5267306;1772273
FR;8;2023-02-03;279;448;1847;12109;286;1437;12291;32951;18842;30598;40214;324288;3194728;24008;232518;3260311;5300257;1791115
FR;8;2023-02-04;118;159;568;2954;109;461;2996;7186;3658;30716;40373;324856;3197682;24117;232979;3263307;5307443;1794773
FR;8;2023-02-05;10;53;65;224;31;60;239;571;264;30726;40426;324921;3197906;24148;233039;3263546;5308014;1795037
FR;8;2023-02-06;185;242;941;5171;170;702;5355;15006;8717;30911;40668;325862;3203077;24318;233741;3268901;5323020;1803754
FR;8;2023-02-07;234;388;1456;9421;262;1182;9561;27542;16391;31145;41056;327318;3212498;24580;234923;3278462;5350562;1820145
FR;8;2023-02-08;173;250;1019;5839;171;808;5986;16524;9449;31318;41306;328337;3218337;24751;235731;3284448;5367086;1829594
FR;8;2023-02-09;236;384;1175;7544;246;983;7728;22227;13188;31554;41690;329512;3225881;24997;236714;3292176;5389313;1842782
FR;8;2023-02-10;277;362;1400;7954;244;1158;8088;23128;13500;31831;42052;330912;3233835;25241;237872;3300264;5412441;1856282
FR;8;2023-02-11;88;145;470;2015;100;402;2092;5228;2665;31919;42197;331382;3235850;25341;238274;3302356;5417669;1858947
FR;8;2023-02-12;26;31;51;163;25;45;184;425;189;31945;42228;331433;3236013;25366;238319;3302540;5418094;1859136
FR;8;2023-02-13;131;206;671;3166;129;607;3261;9300;5295;32076;42434;332104;3239179;25495;238926;3305801;5427394;1864431
FR;8;2023-02-14;191;264;1061;5700;160;891;5846;17108;10073;32267;42698;333165;3244879;25655;239817;3311647;5444502;1874504
FR;8;2023-02-15;164;254;847;3875;145;726;4047;11820;6845;32431;42952;334012;3248754;25800;240543;3315694;5456322;1881349
FR;8;2023-02-16;168;306;1001;4918;173;855;5061;14622;8456;32599;43258;335013;3253672;25973;241398;3320755;5470944;1889805
FR;8;2023-02-17;227;318;1101;5202;224;941;5425;15938;9313;32826;43576;336114;3258874;26197;242339;3326180;5486882;1899118
FR;8;2023-02-18;95;130;395;1491;86;312;1565;3903;1970;32921;43706;336509;3260365;26283;242651;3327745;5490785;1901088
FR;8;2023-02-19;22;36;43;132;31;35;135;333;159;32943;43742;336552;3260497;26314;242686;3327880;5491118;1901247
FR;8;2023-02-20;140;257;638;2679;161;592;2794;8197;4665;33083;43999;337190;3263176;26475;243278;3330674;5499315;1905912
FR;8;2023-02-21;178;307;965;4292;163;840;4495;13563;7951;33261;44306;338155;3267468;26638;244118;3335169;5512878;1913863
FR;8;2023-02-22;157;255;663;2771;171;622;2804;8636;5042;33418;44561;338818;3270239;26809;244740;3337973;5521514;1918905
FR;8;2023-02-23;151;262;825;3781;154;737;3961;11856;6879;33569;44823;339643;3274020;26963;245477;3341934;5533370;1925784
FR;8;2023-02-24;158;311;953;4116;191;829;4305;12438;7065;33727;45134;340596;3278136;27154;246306;3346239;5545808;1932849
FR;8;2023-02-25;58;102;346;1058;69;276;1113;2942;1495;33785;45236;340942;3279194;27223;246582;3347352;5548750;1934344
FR;8;2023-02-26;14;21;31;95;22;28;108;249;106;33799;45257;340973;3279289;27245;246610;3347460;5548999;1934450
FR;8;2023-02-27;92;222;506;1829;153;481;1898;6240;3724;33891;45479;341479;3281118;27398;247091;3349358;5555239;1938174
FR;8;2023-02-28;158;257;758;3343;153;716;3476;11642;7145;34049;45736;342237;3284461;27551;247807;3352834;5566881;1945319
FR;8;2023-03-01;130;195;521;1831;145;459;1983;6236;3647;34179;45931;342758;3286292;27696;248266;3354817;5573117;1948966
FR;8;2023-03-02;130;219;715;2764;134;607;2956;9696;5903;34309;46150;343473;3289056;27830;248873;3357773;5582813;1954869
FR;8;2023-03-03;181;329;897;3414;218;794;3544;11299;6649;34490;46479;344370;3292470;28048;249667;3361317;5594112;1961518
FR;8;2023-03-04;58;135;311;975;81;295;981;2632;1296;34548;46614;344681;3293445;28129;249962;3362298;5596744;1962814
FR;8;2023-03-05;12;19;22;49;15;26;49;185;99;34560;46633;344703;3293494;28144;249988;3362347;5596929;1962913
FR;8;2023-03-06;119;178;414;1309;103;394;1370;4426;2524;34679;46811;345117;3294803;28247;250382;3363717;5601355;1965437
FR;8;2023-03-07;121;211;566;2159;127;523;2235;7520;4572;34800;47022;345683;3296962;28374;250905;3365952;5608875;1970009
FR;8;2023-03-08;93;176;449;1329;109;399;1417;4717;2748;34893;47198;346132;3298291;28483;251304;3367369;5613592;1972757
FR;8;2023-03-09;119;202;559;1869;123;525;1932;6760;4131;35012;47400;346691;3300160;28606;251829;3369301;5620352;1976888
FR;8;2023-03-10;201;332;773;2423;211;699;2559;8571;5073;35213;47732;347464;3302583;28817;252528;3371860;5628923;1981961
FR;8;2023-03-11;54;114;271;734;78;236;768;2152;1096;35267;47846;347735;3303317;28895;252764;3372628;5631075;1983057
FR;8;2023-03-12;6;10;23;60;8;22;61;172;85;35273;47856;347758;3303377;28903;252786;3372689;5631247;1983142
FR;8;2023-03-13;80;138;385;991;89;344;1068;3431;1929;35353;47994;348143;3304368;28992;253130;3373757;5634678;1985071
FR;8;2023-03-14;110;210;560;1735;124;544;1810;6374;3814;35463;48204;348703;3306103;29116;253674;3375567;5641052;1988885
FR;8;2023-03-15;105;166;407;1101;117;370;1173;4063;2372;35568;48370;349110;3307204;29233;254044;3376740;5645115;1991257
FR;8;2023-03-16;99;192;504;1496;124;461;1581;5575;3338;35667;48562;349614;3308700;29357;254505;3378321;5650690;1994595
FR;8;2023-03-17;141;222;646;1834;136;563;1981;6835;4046;35808;48784;350260;3310534;29493;255068;3380302;5657525;1998641
FR;8;2023-03-18;75;111;272;528;69;258;587;1850;944;35883;48895;350532;3311062;29562;255326;3380889;5659375;1999585
FR;8;2023-03-19;3;15;24;45;15;12;52;116;49;35886;48910;350556;3311107;29577;255338;3380941;5659491;1999634
FR;8;2023-03-20;85;171;405;923;95;402;1005;3514;1976;35971;49081;350961;3312030;29672;255740;3381946;5663005;2001610
FR;8;2023-03-21;126;202;570;1509;119;547;1680;6105;3632;36097;49283;351531;3313539;29791;256287;3383626;5669110;2005242
FR;8;2023-03-22;118;158;396;934;106;370;1048;3634;2090;36215;49441;351927;3314473;29897;256657;3384674;5672744;2007332
FR;8;2023-03-23;89;160;514;1277;90;457;1365;4854;2823;36304;49601;352441;3315750;29987;257114;3386039;5677598;2010155
FR;8;2023-03-24;144;265;695;1618;157;634;1789;6232;3553;36448;49866;353136;3317368;30144;257748;3387828;5683830;2013708
FR;8;2023-03-25;58;94;274;491;71;240;545;1616;760;36506;49960;353410;3317859;30215;257988;3388373;5685446;2014468
FR;8;2023-03-26;6;9;16;30;8;13;30;83;38;36512;49969;353426;3317889;30223;258001;3388403;5685529;2014506
FR;8;2023-03-27;111;171;407;789;125;386;877;3125;1740;36623;50140;353833;3318678;30348;258387;3389280;5688654;2016246
FR;8;2023-03-28;110;179;529;1451;96;487;1584;5797;3443;36733;50319;354362;3320129;30444;258874;3390864;5694451;2019689
FR;8;2023-03-29;90;168;370;890;87;362;1027;3545;1968;36823;50487;354732;3321019;30531;259236;3391891;5697996;2021657
FR;8;2023-03-30;100;172;486;1252;88;480;1396;5063;2889;36923;50659;355218;3322271;30619;259716;3393287;5703059;2024546
FR;8;2023-03-31;127;248;641;1621;166;559;1763;6382;3696;37050;50907;355859;3323892;30785;260275;3395050;5709441;2028242
FR;8;2023-04-01;57;106;283;537;52;242;625;1829;870;37107;51013;356142;3324429;30837;260517;3395675;5711270;2029112
FR;8;2023-04-02;5;21;20;34;12;26;36;106;44;37112;51034;356162;3324463;30849;260543;3395711;5711376;2029156
FR;8;2023-04-03;75;139;362;738;90;333;834;2945;1609;37187;51173;356524;3325201;30939;260876;3396545;5714321;2030765
FR;8;2023-04-04;77;179;461;1093;118;382;1244;4868;2883;37264;51352;356985;3326294;31057;261258;3397789;5719189;2033648
FR;8;2023-04-05;69;134;345;726;85;329;813;3140;1789;37333;51486;357330;3327020;31142;261587;3398602;5722329;2035437
FR;8;2023-04-06;92;118;368;952;74;334;1061;3936;2243;37425;51604;357698;3327972;31216;261921;3399663;5726265;2037680
FR;8;2023-04-07;119;214;489;1161;130;451;1282;4637;2582;37544;51818;358187;3329133;31346;262372;3400945;5730902;2040262
FR;8;2023-04-08;33;93;209;347;57;204;382;1215;538;37577;51911;358396;3329480;31403;262576;3401327;5732117;2040800
FR;8;2023-04-09;3;16;16;12;9;19;16;53;15;37580;51927;358412;3329492;31412;262595;3401343;5732170;2040815
FR;8;2023-04-10;6;11;26;27;5;25;36;90;25;37586;51938;358438;3329519;31417;262620;3401379;5732260;2040840
FR;8;2023-04-11;73;171;462;882;91;454;984;3994;2195;37659;52109;358900;3330401;31508;263074;3402363;5736254;2043035
FR;8;2023-04-12;80;143;319;659;96;309;714;2947;1650;37739;52252;359219;3331060;31604;263383;3403077;5739201;2044685
FR;8;2023-04-13;67;166;360;861;100;350;947;3962;2273;37806;52418;359579;3331921;31704;263733;3404024;5743163;2046958
FR;8;2023-04-14;119;192;471;1120;128;423;1194;4843;2791;37925;52610;360050;3333041;31832;264156;3405218;5748006;2049749
FR;8;2023-04-15;32;80;197;366;42;195;393;1365;627;37957;52690;360247;3333407;31874;264351;3405611;5749371;2050376
FR;8;2023-04-16;14;14;11;34;11;15;30;104;44;37971;52704;360258;3333441;31885;264366;3405641;5749475;2050420
FR;8;2023-04-17;56;134;283;560;71;294;652;2754;1479;38027;52838;360541;3334001;31956;264660;3406293;5752229;2051899
FR;8;2023-04-18;95;136;352;795;84;357;884;3865;2188;38122;52974;360893;3334796;32040;265017;3407177;5756094;2054087
FR;8;2023-04-19;60;92;264;552;60;240;644;2604;1369;38182;53066;361157;3335348;32100;265257;3407821;5758698;2055456
FR;8;2023-04-20;66;138;292;725;86;285;776;3200;1749;38248;53204;361449;3336073;32186;265542;3408597;5761898;2057205
FR;8;2023-04-21;85;175;386;887;94;385;1011;3994;2105;38333;53379;361835;3336960;32280;265927;3409608;5765892;2059310
FR;8;2023-04-22;26;68;134;234;41;145;257;1016;496;38359;53447;361969;3337194;32321;266072;3409865;5766908;2059806
FR;8;2023-04-23;2;5;12;16;4;12;19;60;21;38361;53452;361981;3337210;32325;266084;3409884;5766968;2059827
FR;8;2023-04-24;69;114;245;480;66;228;559;2178;1093;38430;53566;362226;3337690;32391;266312;3410443;5769146;2060920
FR;8;2023-04-25;81;132;322;748;83;333;797;3763;2034;38511;53698;362548;3338438;32474;266645;3411240;5772909;2062954
FR;8;2023-04-26;54;97;243;448;75;236;512;2324;1178;38565;53795;362791;3338886;32549;266881;3411752;5775233;2064132
FR;8;2023-04-27;85;117;284;709;70;291;802;3447;1823;38650;53912;363075;3339595;32619;267172;3412554;5778680;2065955
FR;8;2023-04-28;110;194;360;767;100;380;876;3942;1979;38760;54106;363435;3340362;32719;267552;3413430;5782622;2067934
FR;8;2023-04-29;51;58;127;234;42;117;274;994;453;38811;54164;363562;3340596;32761;267669;3413704;5783616;2068387
FR;8;2023-04-30;1;7;10;9;3;9;11;52;23;38812;54171;363572;3340605;32764;267678;3413715;5783668;2068410
FR;8;2023-05-01;12;6;13;10;3;13;13;60;21;38824;54177;363585;3340615;32767;267691;3413728;5783728;2068431
FR;8;2023-05-02;87;147;301;573;89;296;675;3215;1647;38911;54324;363886;3341188;32856;267987;3414403;5786943;2070078
FR;8;2023-05-03;77;93;218;423;65;216;468;2480;1246;38988;54417;364104;3341611;32921;268203;3414871;5789423;2071324
FR;8;2023-05-04;67;121;255;664;82;308;682;3660;1876;39055;54538;364359;3342275;33003;268511;3415553;5793083;2073200
FR;8;2023-05-05;90;155;302;720;88;344;801;4130;2162;39145;54693;364661;3342995;33091;268855;3416354;5797213;2075362
FR;8;2023-05-06;50;54;107;217;37;120;229;999;462;39195;54747;364768;3343212;33128;268975;3416583;5798212;2075824
FR;8;2023-05-07;4;5;7;17;3;6;18;79;29;39199;54752;364775;3343229;33131;268981;3416601;5798291;2075853
FR;8;2023-05-08;11;9;15;17;6;17;36;123;61;39210;54761;364790;3343246;33137;268998;3416637;5798414;2075914
FR;8;2023-05-09;63;94;203;489;66;211;534;3157;1575;39273;54855;364993;3343735;33203;269209;3417171;5801571;2077489
FR;8;2023-05-10;62;85;176;451;61;214;485;2934;1380;39335;54940;365169;3344186;33264;269423;3417656;5804505;2078869
FR;8;2023-05-11;63;79;204;584;58;192;662;3683;1817;39398;55019;365373;3344770;33322;269615;3418318;5808188;2080686
FR;8;2023-05-12;68;92;230;687;63;235;720;4024;1885;39466;55111;365603;3345457;33385;269850;3419038;5812212;2082571
FR;8;2023-05-13;28;45;97;189;28;105;207;927;381;39494;55156;365700;3345646;33413;269955;3419245;5813139;2082952
FR;8;2023-05-14;3;12;6;14;7;10;15;78;29;39497;55168;365706;3345660;33420;269965;3419260;5813217;2082981
FR;8;2023-05-15;38;65;155;424;40;143;466;2941;1365;39535;55233;365861;3346084;33460;270108;3419726;5816158;2084346
FR;8;2023-05-16;63;111;197;755;73;211;888;5514;2581;39598;55344;366058;3346839;33533;270319;3420614;5821672;2086927
FR;8;2023-05-17;59;74;181;438;44;179;488;2836;1232;39657;55418;366239;3347277;33577;270498;3421102;5824508;2088159
FR;8;2023-05-18;3;5;7;25;3;9;25;159;65;39660;55423;366246;3347302;33580;270507;3421127;5824667;2088224
FR;8;2023-05-19;53;97;171;430;63;169;482;2538;1085;39713;55520;366417;3347732;33643;270676;3421609;5827205;2089309
FR;8;2023-05-20;30;28;71;106;19;63;119;735;296;39743;55548;366488;3347838;33662;270739;3421728;5827940;2089605
FR;8;2023-05-21;4;6;5;12;7;5;14;132;36;39747;55554;366493;3347850;33669;270744;3421742;5828072;2089641
FR;8;2023-05-22;39;38;125;397;29;118;445;2683;1199;39786;55592;366618;3348247;33698;270862;3422187;5830755;2090840
FR;8;2023-05-23;29;51;155;503;38;138;599;4080;1884;39815;55643;366773;3348750;33736;271000;3422786;5834835;2092724
FR;8;2023-05-24;39;52;148;442;36;139;503;2876;1286;39854;55695;366921;3349192;33772;271139;3423289;5837711;2094010
FR;8;2023-05-25;49;58;142;476;43;137;515;3747;1678;39903;55753;367063;3349668;33815;271276;3423804;5841458;2095688
FR;8;2023-05-26;52;88;156;516;62;160;553;3857;1778;39955;55841;367219;3350184;33877;271436;3424357;5845315;2097466
FR;8;2023-05-27;17;38;58;117;20;64;131;726;348;39972;55879;367277;3350301;33897;271500;3424488;5846041;2097814
FR;8;2023-05-28;1;1;3;4;1;2;6;25;10;39973;55880;367280;3350305;33898;271502;3424494;5846066;2097824
FR;8;2023-05-29;2;2;3;17;1;4;19;125;34;39975;55882;367283;3350322;33899;271506;3424513;5846191;2097858
FR;9;2020-12-27;0;0;0;0;0;0;0;0;0;0;0;0;0;0;0;0;0;0
FR;9;2020-12-28;0;0;0;0;0;0;0;0;0;0;0;0;0;0;0;0;0;0
FR;9;2020-12-29;0;0;0;0;0;0;0;0;0;0;0;0;0;0;0;0;0;0
FR;9;2020-12-30;0;0;0;0;0;0;0;0;0;0;0;0;0;0;0;0;0;0
FR;9;2020-12-31;0;0;0;0;0;0;0;0;0;0;0;0;0;0;0;0;0;0
FR;9;2021-01-01;0;0;0;0;0;0;0;0;0;0;0;0;0;0;0;0;0;0
FR;9;2021-01-02;0;0;0;0;0;0;0;0;0;0;0;0;0;0;0;0;0;0
FR;9;2021-01-03;0;0;0;0;0;0;0;0;0;0;0;0;0;0;0;0;0;0
FR;9;2021-01-04;0;0;0;0;0;0;0;0;0;0;0;0;0;0;0;0;0;0
FR;9;2021-01-05;0;0;0;0;0;0;0;0;0;0;0;0;0;0;0;0;0;0
FR;9;2021-01-06;0;0;0;0;0;0;0;0;0;0;0;0;0;0;0;0;0;0
FR;9;2021-01-07;0;0;0;0;0;0;0;0;0;0;0;0;0;0;0;0;0;0
FR;9;2021-01-08;0;0;0;0;0;0;0;0;0;0;0;0;0;0;0;0;0;0
FR;9;2021-01-09;0;0;0;0;0;0;0;0;0;0;0;0;0;0;0;0;0;0
FR;9;2021-01-10;0;0;0;0;0;0;0;0;0;0;0;0;0;0;0;0;0;0
FR;9;2021-01-11;0;0;0;0;0;0;0;0;0;0;0;0;0;0;0;0;0;0
FR;9;2021-01-12;0;0;0;0;0;0;0;0;0;0;0;0;0;0;0;0;0;0
FR;9;2021-01-13;0;0;0;0;0;0;0;0;0;0;0;0;0;0;0;0;0;0
FR;9;2021-01-14;0;0;0;0;0;0;0;0;0;0;0;0;0;0;0;0;0;0
FR;9;2021-01-15;0;0;0;0;0;0;0;0;0;0;0;0;0;0;0;0;0;0
FR;9;2021-01-16;0;0;0;0;0;0;0;0;0;0;0;0;0;0;0;0;0;0
FR;9;2021-01-17;0;0;0;0;0;0;0;0;0;0;0;0;0;0;0;0;0;0
FR;9;2021-01-18;0;0;0;0;0;0;0;0;0;0;0;0;0;0;0;0;0;0
FR;9;2021-01-19;0;0;0;0;0;0;0;0;0;0;0;0;0;0;0;0;0;0
FR;9;2021-01-20;0;0;0;0;0;0;0;0;0;0;0;0;0;0;0;0;0;0
FR;9;2021-01-21;0;0;0;0;0;0;0;0;0;0;0;0;0;0;0;0;0;0
FR;9;2021-01-22;0;0;0;0;0;0;0;0;0;0;0;0;0;0;0;0;0;0
FR;9;2021-01-23;0;0;0;0;0;0;0;0;0;0;0;0;0;0;0;0;0;0
FR;9;2021-01-24;0;0;0;0;0;0;0;0;0;0;0;0;0;0;0;0;0;0
FR;9;2021-01-25;0;0;0;0;0;0;0;0;0;0;0;0;0;0;0;0;0;0
FR;9;2021-01-26;0;0;0;0;0;0;0;0;0;0;0;0;0;0;0;0;0;0
FR;9;2021-01-27;0;0;0;0;0;0;0;0;0;0;0;0;0;0;0;0;0;0
FR;9;2021-01-28;0;0;0;0;0;0;0;0;0;0;0;0;0;0;0;0;0;0
FR;9;2021-01-29;0;0;0;0;0;0;0;0;0;0;0;0;0;0;0;0;0;0
FR;9;2021-01-30;0;0;0;0;0;0;0;0;0;0;0;0;0;0;0;0;0;0
FR;9;2021-01-31;0;0;0;0;0;0;0;0;0;0;0;0;0;0;0;0;0;0
FR;9;2021-02-01;0;0;0;0;0;0;0;0;0;0;0;0;0;0;0;0;0;0
FR;9;2021-02-02;0;0;0;0;0;0;0;0;0;0;0;0;0;0;0;0;0;0
FR;9;2021-02-03;0;0;0;0;0;0;0;0;0;0;0;0;0;0;0;0;0;0
FR;9;2021-02-04;0;0;0;0;0;0;0;0;0;0;0;0;0;0;0;0;0;0
FR;9;2021-02-05;0;0;0;0;0;0;0;0;0;0;0;0;0;0;0;0;0;0
FR;9;2021-02-06;0;0;0;0;0;0;0;0;0;0;0;0;0;0;0;0;0;0
FR;9;2021-02-07;0;0;0;0;0;0;0;0;0;0;0;0;0;0;0;0;0;0
FR;9;2021-02-08;0;0;0;0;0;0;0;0;0;0;0;0;0;0;0;0;0;0
FR;9;2021-02-09;0;0;0;0;0;0;0;0;0;0;0;0;0;0;0;0;0;0
FR;9;2021-02-10;0;0;0;0;0;0;0;0;0;0;0;0;0;0;0;0;0;0
FR;9;2021-02-11;0;0;0;0;0;0;0;0;0;0;0;0;0;0;0;0;0;0
FR;9;2021-02-12;0;0;0;0;0;0;0;0;0;0;0;0;0;0;0;0;0;0
FR;9;2021-02-13;0;0;0;0;0;0;0;0;0;0;0;0;0;0;0;0;0;0
FR;9;2021-02-14;0;0;0;0;0;0;0;0;0;0;0;0;0;0;0;0;0;0
FR;9;2021-02-15;0;0;0;0;0;0;0;0;0;0;0;0;0;0;0;0;0;0
FR;9;2021-02-16;0;0;0;0;0;0;0;0;0;0;0;0;0;0;0;0;0;0
FR;9;2021-02-17;0;0;0;0;0;0;0;0;0;0;0;0;0;0;0;0;0;0
FR;9;2021-02-18;0;0;0;0;0;0;0;0;0;0;0;0;0;0;0;0;0;0
FR;9;2021-02-19;0;0;0;0;0;0;0;0;0;0;0;0;0;0;0;0;0;0
FR;9;2021-02-20;0;0;0;0;0;0;0;0;0;0;0;0;0;0;0;0;0;0
FR;9;2021-02-21;0;0;0;0;0;0;0;0;0;0;0;0;0;0;0;0;0;0
FR;9;2021-02-22;0;0;0;0;0;0;0;0;0;0;0;0;0;0;0;0;0;0
FR;9;2021-02-23;0;0;0;0;0;0;0;0;0;0;0;0;0;0;0;0;0;0
FR;9;2021-02-24;0;0;0;0;0;0;0;0;0;0;0;0;0;0;0;0;0;0
FR;9;2021-02-25;0;0;0;0;0;0;0;0;0;0;0;0;0;0;0;0;0;0
FR;9;2021-02-26;0;0;0;0;0;0;0;0;0;0;0;0;0;0;0;0;0;0
FR;9;2021-02-27;0;0;0;0;0;0;0;0;0;0;0;0;0;0;0;0;0;0
FR;9;2021-02-28;0;0;0;0;0;0;0;0;0;0;0;0;0;0;0;0;0;0
FR;9;2021-03-01;0;0;0;0;0;0;0;0;0;0;0;0;0;0;0;0;0;0
FR;9;2021-03-02;0;0;0;0;0;0;0;0;0;0;0;0;0;0;0;0;0;0
FR;9;2021-03-03;0;0;0;0;0;0;0;0;0;0;0;0;0;0;0;0;0;0
FR;9;2021-03-04;0;0;0;0;0;0;0;0;0;0;0;0;0;0;0;0;0;0
FR;9;2021-03-05;0;0;0;0;0;0;0;0;0;0;0;0;0;0;0;0;0;0
FR;9;2021-03-06;0;0;0;0;0;0;0;0;0;0;0;0;0;0;0;0;0;0
FR;9;2021-03-07;0;0;0;0;0;0;0;0;0;0;0;0;0;0;0;0;0;0
FR;9;2021-03-08;0;0;0;0;0;0;0;0;0;0;0;0;0;0;0;0;0;0
FR;9;2021-03-09;0;0;0;0;0;0;0;0;0;0;0;0;0;0;0;0;0;0
FR;9;2021-03-10;0;0;0;0;0;0;0;0;0;0;0;0;0;0;0;0;0;0
FR;9;2021-03-11;0;0;0;0;0;0;0;0;0;0;0;0;0;0;0;0;0;0
FR;9;2021-03-12;0;0;0;0;0;0;0;0;0;0;0;0;0;0;0;0;0;0
FR;9;2021-03-13;0;0;0;0;0;0;0;0;0;0;0;0;0;0;0;0;0;0
FR;9;2021-03-14;0;0;0;0;0;0;0;0;0;0;0;0;0;0;0;0;0;0
FR;9;2021-03-15;0;0;0;0;0;0;0;0;0;0;0;0;0;0;0;0;0;0
FR;9;2021-03-16;0;0;0;0;0;0;0;0;0;0;0;0;0;0;0;0;0;0
FR;9;2021-03-17;0;0;0;0;0;0;0;0;0;0;0;0;0;0;0;0;0;0
FR;9;2021-03-18;0;0;0;0;0;0;0;0;0;0;0;0;0;0;0;0;0;0
FR;9;2021-03-19;0;0;0;0;0;0;0;0;0;0;0;0;0;0;0;0;0;0
FR;9;2021-03-20;0;0;0;0;0;0;0;0;0;0;0;0;0;0;0;0;0;0
FR;9;2021-03-21;0;0;0;0;0;0;0;0;0;0;0;0;0;0;0;0;0;0
FR;9;2021-03-22;0;0;0;0;0;0;0;0;0;0;0;0;0;0;0;0;0;0
FR;9;2021-03-23;0;0;0;0;0;0;0;0;0;0;0;0;0;0;0;0;0;0
FR;9;2021-03-24;0;0;0;0;0;0;0;0;0;0;0;0;0;0;0;0;0;0
FR;9;2021-03-25;0;0;0;0;0;0;0;0;0;0;0;0;0;0;0;0;0;0
FR;9;2021-03-26;0;0;0;0;0;0;0;0;0;0;0;0;0;0;0;0;0;0
FR;9;2021-03-27;0;0;0;0;0;0;0;0;0;0;0;0;0;0;0;0;0;0
FR;9;2021-03-28;0;0;0;0;0;0;0;0;0;0;0;0;0;0;0;0;0;0
FR;9;2021-03-29;0;0;0;0;0;0;0;0;0;0;0;0;0;0;0;0;0;0
FR;9;2021-03-30;0;0;0;0;0;0;0;0;0;0;0;0;0;0;0;0;0;0
FR;9;2021-03-31;0;0;0;0;0;0;0;0;0;0;0;0;0;0;0;0;0;0
FR;9;2021-04-01;0;0;0;0;0;0;0;0;0;0;0;0;0;0;0;0;0;0
FR;9;2021-04-02;0;0;0;0;0;0;0;0;0;0;0;0;0;0;0;0;0;0
FR;9;2021-04-03;0;0;0;0;0;0;0;0;0;0;0;0;0;0;0;0;0;0
FR;9;2021-04-04;0;0;0;0;0;0;0;0;0;0;0;0;0;0;0;0;0;0
FR;9;2021-04-05;0;0;0;0;0;0;0;0;0;0;0;0;0;0;0;0;0;0
FR;9;2021-04-06;0;0;0;0;0;0;0;0;0;0;0;0;0;0;0;0;0;0
FR;9;2021-04-07;0;0;0;0;0;0;0;0;0;0;0;0;0;0;0;0;0;0
FR;9;2021-04-08;0;0;0;0;0;0;0;0;0;0;0;0;0;0;0;0;0;0
FR;9;2021-04-09;0;0;0;0;0;0;0;0;0;0;0;0;0;0;0;0;0;0
FR;9;2021-04-10;0;0;0;0;0;0;0;0;0;0;0;0;0;0;0;0;0;0
FR;9;2021-04-11;0;0;0;0;0;0;0;0;0;0;0;0;0;0;0;0;0;0
FR;9;2021-04-12;0;0;0;0;0;0;0;0;0;0;0;0;0;0;0;0;0;0
FR;9;2021-04-13;0;0;0;0;0;0;0;0;0;0;0;0;0;0;0;0;0;0
FR;9;2021-04-14;0;0;0;0;0;0;0;0;0;0;0;0;0;0;0;0;0;0
FR;9;2021-04-15;0;0;0;0;0;0;0;0;0;0;0;0;0;0;0;0;0;0
FR;9;2021-04-16;0;0;0;0;0;0;0;0;0;0;0;0;0;0;0;0;0;0
FR;9;2021-04-17;0;0;0;0;0;0;0;0;0;0;0;0;0;0;0;0;0;0
FR;9;2021-04-18;0;0;0;0;0;0;0;0;0;0;0;0;0;0;0;0;0;0
FR;9;2021-04-19;0;0;0;0;0;0;0;0;0;0;0;0;0;0;0;0;0;0
FR;9;2021-04-20;0;0;0;0;0;0;0;0;0;0;0;0;0;0;0;0;0;0
FR;9;2021-04-21;0;0;0;0;0;0;0;0;0;0;0;0;0;0;0;0;0;0
FR;9;2021-04-22;0;0;0;0;0;0;0;0;0;0;0;0;0;0;0;0;0;0
FR;9;2021-04-23;0;0;0;0;0;0;0;0;0;0;0;0;0;0;0;0;0;0
FR;9;2021-04-24;0;0;0;0;0;0;0;0;0;0;0;0;0;0;0;0;0;0
FR;9;2021-04-25;0;0;0;0;0;0;0;0;0;0;0;0;0;0;0;0;0;0
FR;9;2021-04-26;0;0;0;0;0;0;0;0;0;0;0;0;0;0;0;0;0;0
FR;9;2021-04-27;0;0;0;0;0;0;0;0;0;0;0;0;0;0;0;0;0;0
FR;9;2021-04-28;0;0;0;0;0;0;0;0;0;0;0;0;0;0;0;0;0;0
FR;9;2021-04-29;0;0;0;0;0;0;0;0;0;0;0;0;0;0;0;0;0;0
FR;9;2021-04-30;0;0;0;0;0;0;0;0;0;0;0;0;0;0;0;0;0;0
FR;9;2021-05-01;0;0;0;0;0;0;0;0;0;0;0;0;0;0;0;0;0;0
FR;9;2021-05-02;0;0;0;0;0;0;0;0;0;0;0;0;0;0;0;0;0;0
FR;9;2021-05-03;0;0;0;0;0;0;0;0;0;0;0;0;0;0;0;0;0;0
FR;9;2021-05-04;0;0;0;0;0;0;0;0;0;0;0;0;0;0;0;0;0;0
FR;9;2021-05-05;0;0;0;0;0;0;0;0;0;0;0;0;0;0;0;0;0;0
FR;9;2021-05-06;0;0;0;0;0;0;0;0;0;0;0;0;0;0;0;0;0;0
FR;9;2021-05-07;0;0;0;0;0;0;0;0;0;0;0;0;0;0;0;0;0;0
FR;9;2021-05-08;0;0;0;0;0;0;0;0;0;0;0;0;0;0;0;0;0;0
FR;9;2021-05-09;0;0;0;0;0;0;0;0;0;0;0;0;0;0;0;0;0;0
FR;9;2021-05-10;0;0;0;0;0;0;0;0;0;0;0;0;0;0;0;0;0;0
FR;9;2021-05-11;0;0;0;0;0;0;0;0;0;0;0;0;0;0;0;0;0;0
FR;9;2021-05-12;0;0;0;0;0;0;0;0;0;0;0;0;0;0;0;0;0;0
FR;9;2021-05-13;0;0;0;0;0;0;0;0;0;0;0;0;0;0;0;0;0;0
FR;9;2021-05-14;0;0;0;0;0;0;0;0;0;0;0;0;0;0;0;0;0;0
FR;9;2021-05-15;0;0;0;0;0;0;0;0;0;0;0;0;0;0;0;0;0;0
FR;9;2021-05-16;0;0;0;0;0;0;0;0;0;0;0;0;0;0;0;0;0;0
FR;9;2021-05-17;0;0;0;0;0;0;0;0;0;0;0;0;0;0;0;0;0;0
FR;9;2021-05-18;0;0;0;0;0;0;0;0;0;0;0;0;0;0;0;0;0;0
FR;9;2021-05-19;0;0;0;0;0;0;0;0;0;0;0;0;0;0;0;0;0;0
FR;9;2021-05-20;0;0;0;0;0;0;0;0;0;0;0;0;0;0;0;0;0;0
FR;9;2021-05-21;0;0;0;0;0;0;0;0;0;0;0;0;0;0;0;0;0;0
FR;9;2021-05-22;0;0;0;0;0;0;0;0;0;0;0;0;0;0;0;0;0;0
FR;9;2021-05-23;0;0;0;0;0;0;0;0;0;0;0;0;0;0;0;0;0;0
FR;9;2021-05-24;0;0;0;0;0;0;0;0;0;0;0;0;0;0;0;0;0;0
FR;9;2021-05-25;0;0;0;0;0;0;0;0;0;0;0;0;0;0;0;0;0;0
FR;9;2021-05-26;0;0;0;0;0;0;0;0;0;0;0;0;0;0;0;0;0;0
FR;9;2021-05-27;0;0;0;0;0;0;0;0;0;0;0;0;0;0;0;0;0;0
FR;9;2021-05-28;0;0;0;0;0;0;0;0;0;0;0;0;0;0;0;0;0;0
FR;9;2021-05-29;0;0;0;0;0;0;0;0;0;0;0;0;0;0;0;0;0;0
FR;9;2021-05-30;0;0;0;0;0;0;0;0;0;0;0;0;0;0;0;0;0;0
FR;9;2021-05-31;0;0;0;0;0;0;0;0;0;0;0;0;0;0;0;0;0;0
FR;9;2021-06-01;0;0;0;0;0;0;0;0;0;0;0;0;0;0;0;0;0;0
FR;9;2021-06-02;0;0;0;0;0;0;0;0;0;0;0;0;0;0;0;0;0;0
FR;9;2021-06-03;0;0;0;0;0;0;0;0;0;0;0;0;0;0;0;0;0;0
FR;9;2021-06-04;0;0;0;0;0;0;0;0;0;0;0;0;0;0;0;0;0;0
FR;9;2021-06-05;0;0;0;0;0;0;0;0;0;0;0;0;0;0;0;0;0;0
FR;9;2021-06-06;0;0;0;0;0;0;0;0;0;0;0;0;0;0;0;0;0;0
FR;9;2021-06-07;0;0;0;0;0;0;0;0;0;0;0;0;0;0;0;0;0;0
FR;9;2021-06-08;0;0;0;0;0;0;0;0;0;0;0;0;0;0;0;0;0;0
FR;9;2021-06-09;0;0;0;0;0;0;0;0;0;0;0;0;0;0;0;0;0;0
FR;9;2021-06-10;0;0;0;0;0;0;0;0;0;0;0;0;0;0;0;0;0;0
FR;9;2021-06-11;0;0;0;0;0;0;0;0;0;0;0;0;0;0;0;0;0;0
FR;9;2021-06-12;0;0;0;0;0;0;0;0;0;0;0;0;0;0;0;0;0;0
FR;9;2021-06-13;0;0;0;0;0;0;0;0;0;0;0;0;0;0;0;0;0;0
FR;9;2021-06-14;0;0;0;0;0;0;0;0;0;0;0;0;0;0;0;0;0;0
FR;9;2021-06-15;0;0;0;0;0;0;0;0;0;0;0;0;0;0;0;0;0;0
FR;9;2021-06-16;0;0;0;0;0;0;0;0;0;0;0;0;0;0;0;0;0;0
FR;9;2021-06-17;0;0;0;0;0;0;0;0;0;0;0;0;0;0;0;0;0;0
FR;9;2021-06-18;0;0;0;0;0;0;0;0;0;0;0;0;0;0;0;0;0;0
FR;9;2021-06-19;0;0;0;0;0;0;0;0;0;0;0;0;0;0;0;0;0;0
FR;9;2021-06-20;0;0;0;0;0;0;0;0;0;0;0;0;0;0;0;0;0;0
FR;9;2021-06-21;0;0;0;0;0;0;0;0;0;0;0;0;0;0;0;0;0;0
FR;9;2021-06-22;0;0;0;0;0;0;0;0;0;0;0;0;0;0;0;0;0;0
FR;9;2021-06-23;0;0;0;0;0;0;0;0;0;0;0;0;0;0;0;0;0;0
FR;9;2021-06-24;0;0;0;0;0;0;0;0;0;0;0;0;0;0;0;0;0;0
FR;9;2021-06-25;0;0;0;0;0;0;0;0;0;0;0;0;0;0;0;0;0;0
FR;9;2021-06-26;0;0;0;0;0;0;0;0;0;0;0;0;0;0;0;0;0;0
FR;9;2021-06-27;0;0;0;0;0;0;0;0;0;0;0;0;0;0;0;0;0;0
FR;9;2021-06-28;0;0;0;0;0;0;0;0;0;0;0;0;0;0;0;0;0;0
FR;9;2021-06-29;0;0;0;0;0;0;0;0;0;0;0;0;0;0;0;0;0;0
FR;9;2021-06-30;0;0;0;0;0;0;0;0;0;0;0;0;0;0;0;0;0;0
FR;9;2021-07-01;0;0;0;0;0;0;0;0;0;0;0;0;0;0;0;0;0;0
FR;9;2021-07-02;0;0;0;0;0;0;0;0;0;0;0;0;0;0;0;0;0;0
FR;9;2021-07-03;0;0;0;0;0;0;0;0;0;0;0;0;0;0;0;0;0;0
FR;9;2021-07-04;0;0;0;0;0;0;0;0;0;0;0;0;0;0;0;0;0;0
FR;9;2021-07-05;0;0;0;0;0;0;0;0;0;0;0;0;0;0;0;0;0;0
FR;9;2021-07-06;0;0;0;0;0;0;0;0;0;0;0;0;0;0;0;0;0;0
FR;9;2021-07-07;0;0;0;0;0;0;0;0;0;0;0;0;0;0;0;0;0;0
FR;9;2021-07-08;0;0;0;0;0;0;0;0;0;0;0;0;0;0;0;0;0;0
FR;9;2021-07-09;0;0;0;0;0;0;0;0;0;0;0;0;0;0;0;0;0;0
FR;9;2021-07-10;0;0;0;0;0;0;0;0;0;0;0;0;0;0;0;0;0;0
FR;9;2021-07-11;0;0;0;0;0;0;0;0;0;0;0;0;0;0;0;0;0;0
FR;9;2021-07-12;0;0;0;0;0;0;0;0;0;0;0;0;0;0;0;0;0;0
FR;9;2021-07-13;0;0;0;0;0;0;0;0;0;0;0;0;0;0;0;0;0;0
FR;9;2021-07-14;0;0;0;0;0;0;0;0;0;0;0;0;0;0;0;0;0;0
FR;9;2021-07-15;0;0;0;0;0;0;0;0;0;0;0;0;0;0;0;0;0;0
FR;9;2021-07-16;0;0;0;0;0;0;0;0;0;0;0;0;0;0;0;0;0;0
FR;9;2021-07-17;0;0;0;0;0;0;0;0;0;0;0;0;0;0;0;0;0;0
FR;9;2021-07-18;0;0;0;0;0;0;0;0;0;0;0;0;0;0;0;0;0;0
FR;9;2021-07-19;0;0;0;0;0;0;0;0;0;0;0;0;0;0;0;0;0;0
FR;9;2021-07-20;0;0;0;0;0;0;0;0;0;0;0;0;0;0;0;0;0;0
FR;9;2021-07-21;0;0;0;0;0;0;0;0;0;0;0;0;0;0;0;0;0;0
FR;9;2021-07-22;0;0;0;0;0;0;0;0;0;0;0;0;0;0;0;0;0;0
FR;9;2021-07-23;0;0;0;0;0;0;0;0;0;0;0;0;0;0;0;0;0;0
FR;9;2021-07-24;0;0;0;0;0;0;0;0;0;0;0;0;0;0;0;0;0;0
FR;9;2021-07-25;0;0;0;0;0;0;0;0;0;0;0;0;0;0;0;0;0;0
FR;9;2021-07-26;0;0;0;0;0;0;0;0;0;0;0;0;0;0;0;0;0;0
FR;9;2021-07-27;0;0;0;0;0;0;0;0;0;0;0;0;0;0;0;0;0;0
FR;9;2021-07-28;0;0;0;0;0;0;0;0;0;0;0;0;0;0;0;0;0;0
FR;9;2021-07-29;0;0;0;0;0;0;0;0;0;0;0;0;0;0;0;0;0;0
FR;9;2021-07-30;0;0;0;0;0;0;0;0;0;0;0;0;0;0;0;0;0;0
FR;9;2021-07-31;0;0;0;0;0;0;0;0;0;0;0;0;0;0;0;0;0;0
FR;9;2021-08-01;0;0;0;0;0;0;0;0;0;0;0;0;0;0;0;0;0;0
FR;9;2021-08-02;0;0;0;0;0;0;0;0;0;0;0;0;0;0;0;0;0;0
FR;9;2021-08-03;0;0;0;0;0;0;0;0;0;0;0;0;0;0;0;0;0;0
FR;9;2021-08-04;0;0;0;0;0;0;0;0;0;0;0;0;0;0;0;0;0;0
FR;9;2021-08-05;0;0;0;0;0;0;0;0;0;0;0;0;0;0;0;0;0;0
FR;9;2021-08-06;0;0;0;0;0;0;0;0;0;0;0;0;0;0;0;0;0;0
FR;9;2021-08-07;0;0;0;0;0;0;0;0;0;0;0;0;0;0;0;0;0;0
FR;9;2021-08-08;0;0;0;0;0;0;0;0;0;0;0;0;0;0;0;0;0;0
FR;9;2021-08-09;0;0;0;0;0;0;0;0;0;0;0;0;0;0;0;0;0;0
FR;9;2021-08-10;0;0;0;0;0;0;0;0;0;0;0;0;0;0;0;0;0;0
FR;9;2021-08-11;0;0;0;0;0;0;0;0;0;0;0;0;0;0;0;0;0;0
FR;9;2021-08-12;0;0;0;0;0;0;0;0;0;0;0;0;0;0;0;0;0;0
FR;9;2021-08-13;0;0;0;0;0;0;0;0;0;0;0;0;0;0;0;0;0;0
FR;9;2021-08-14;0;0;0;0;0;0;0;0;0;0;0;0;0;0;0;0;0;0
FR;9;2021-08-15;0;0;0;0;0;0;0;0;0;0;0;0;0;0;0;0;0;0
FR;9;2021-08-16;0;0;0;0;0;0;0;0;0;0;0;0;0;0;0;0;0;0
FR;9;2021-08-17;0;0;0;0;0;0;0;0;0;0;0;0;0;0;0;0;0;0
FR;9;2021-08-18;0;0;0;0;0;0;0;0;0;0;0;0;0;0;0;0;0;0
FR;9;2021-08-19;0;0;0;0;0;0;0;0;0;0;0;0;0;0;0;0;0;0
FR;9;2021-08-20;0;0;0;0;0;0;0;0;0;0;0;0;0;0;0;0;0;0
FR;9;2021-08-21;0;0;0;0;0;0;0;0;0;0;0;0;0;0;0;0;0;0
FR;9;2021-08-22;0;0;0;0;0;0;0;0;0;0;0;0;0;0;0;0;0;0
FR;9;2021-08-23;0;0;0;0;0;0;0;0;0;0;0;0;0;0;0;0;0;0
FR;9;2021-08-24;0;0;0;0;0;0;0;0;0;0;0;0;0;0;0;0;0;0
FR;9;2021-08-25;0;0;0;0;0;0;0;0;0;0;0;0;0;0;0;0;0;0
FR;9;2021-08-26;0;0;0;0;0;0;0;0;0;0;0;0;0;0;0;0;0;0
FR;9;2021-08-27;0;0;0;0;0;0;0;0;0;0;0;0;0;0;0;0;0;0
FR;9;2021-08-28;0;0;0;0;0;0;0;0;0;0;0;0;0;0;0;0;0;0
FR;9;2021-08-29;0;0;0;0;0;0;0;0;0;0;0;0;0;0;0;0;0;0
FR;9;2021-08-30;0;0;0;0;0;0;0;0;0;0;0;0;0;0;0;0;0;0
FR;9;2021-08-31;0;0;0;0;0;0;0;0;0;0;0;0;0;0;0;0;0;0
FR;9;2021-09-01;0;0;0;0;0;0;0;0;0;0;0;0;0;0;0;0;0;0
FR;9;2021-09-02;0;0;0;0;0;0;0;0;0;0;0;0;0;0;0;0;0;0
FR;9;2021-09-03;0;0;0;0;0;0;0;0;0;0;0;0;0;0;0;0;0;0
FR;9;2021-09-04;0;0;0;0;0;0;0;0;0;0;0;0;0;0;0;0;0;0
FR;9;2021-09-05;0;0;0;0;0;0;0;0;0;0;0;0;0;0;0;0;0;0
FR;9;2021-09-06;0;0;0;0;0;0;0;0;0;0;0;0;0;0;0;0;0;0
FR;9;2021-09-07;0;0;0;0;0;0;0;0;0;0;0;0;0;0;0;0;0;0
FR;9;2021-09-08;0;0;0;0;0;0;0;0;0;0;0;0;0;0;0;0;0;0
FR;9;2021-09-09;0;0;0;0;0;0;0;0;0;0;0;0;0;0;0;0;0;0
FR;9;2021-09-10;0;0;0;0;0;0;0;0;0;0;0;0;0;0;0;0;0;0
FR;9;2021-09-11;0;0;0;0;0;0;0;0;0;0;0;0;0;0;0;0;0;0
FR;9;2021-09-12;0;0;0;0;0;0;0;0;0;0;0;0;0;0;0;0;0;0
FR;9;2021-09-13;0;0;0;0;0;0;0;0;0;0;0;0;0;0;0;0;0;0
FR;9;2021-09-14;0;0;0;0;0;0;0;0;0;0;0;0;0;0;0;0;0;0
FR;9;2021-09-15;0;0;0;0;0;0;0;0;0;0;0;0;0;0;0;0;0;0
FR;9;2021-09-16;0;0;0;0;0;0;0;0;0;0;0;0;0;0;0;0;0;0
FR;9;2021-09-17;0;0;0;0;0;0;0;0;0;0;0;0;0;0;0;0;0;0
FR;9;2021-09-18;0;0;0;0;0;0;0;0;0;0;0;0;0;0;0;0;0;0
FR;9;2021-09-19;0;0;0;0;0;0;0;0;0;0;0;0;0;0;0;0;0;0
FR;9;2021-09-20;0;0;0;0;0;0;0;0;0;0;0;0;0;0;0;0;0;0
FR;9;2021-09-21;0;0;0;0;0;0;0;0;0;0;0;0;0;0;0;0;0;0
FR;9;2021-09-22;0;0;0;0;0;0;0;0;0;0;0;0;0;0;0;0;0;0
FR;9;2021-09-23;0;0;0;0;0;0;0;0;0;0;0;0;0;0;0;0;0;0
FR;9;2021-09-24;0;0;0;0;0;0;0;0;0;0;0;0;0;0;0;0;0;0
FR;9;2021-09-25;0;0;0;0;0;0;0;0;0;0;0;0;0;0;0;0;0;0
FR;9;2021-09-26;0;0;0;0;0;0;0;0;0;0;0;0;0;0;0;0;0;0
FR;9;2021-09-27;0;0;0;0;0;0;0;0;0;0;0;0;0;0;0;0;0;0
FR;9;2021-09-28;0;0;0;0;0;0;0;0;0;0;0;0;0;0;0;0;0;0
FR;9;2021-09-29;0;0;0;0;0;0;0;0;0;0;0;0;0;0;0;0;0;0
FR;9;2021-09-30;0;0;0;0;0;0;0;0;0;0;0;0;0;0;0;0;0;0
FR;9;2021-10-01;0;0;0;0;0;0;0;0;0;0;0;0;0;0;0;0;0;0
FR;9;2021-10-02;0;0;0;0;0;0;0;0;0;0;0;0;0;0;0;0;0;0
FR;9;2021-10-03;0;0;0;0;0;0;0;0;0;0;0;0;0;0;0;0;0;0
FR;9;2021-10-04;0;0;0;0;0;0;0;0;0;0;0;0;0;0;0;0;0;0
FR;9;2021-10-05;0;0;0;0;0;0;0;0;0;0;0;0;0;0;0;0;0;0
FR;9;2021-10-06;0;0;0;0;0;0;0;0;0;0;0;0;0;0;0;0;0;0
FR;9;2021-10-07;0;0;0;0;0;0;0;0;0;0;0;0;0;0;0;0;0;0
FR;9;2021-10-08;0;0;0;0;0;0;0;0;0;0;0;0;0;0;0;0;0;0
FR;9;2021-10-09;0;0;0;0;0;0;0;0;0;0;0;0;0;0;0;0;0;0
FR;9;2021-10-10;0;0;0;0;0;0;0;0;0;0;0;0;0;0;0;0;0;0
FR;9;2021-10-11;0;0;0;0;0;0;0;0;0;0;0;0;0;0;0;0;0;0
FR;9;2021-10-12;0;0;0;0;0;0;0;0;0;0;0;0;0;0;0;0;0;0
FR;9;2021-10-13;0;0;0;0;0;0;0;0;0;0;0;0;0;0;0;0;0;0
FR;9;2021-10-14;0;0;0;0;0;0;0;0;0;0;0;0;0;0;0;0;0;0
FR;9;2021-10-15;0;0;0;0;0;0;0;0;0;0;0;0;0;0;0;0;0;0
FR;9;2021-10-16;0;0;0;0;0;0;0;0;0;0;0;0;0;0;0;0;0;0
FR;9;2021-10-17;0;0;0;0;0;0;0;0;0;0;0;0;0;0;0;0;0;0
FR;9;2021-10-18;0;0;0;0;0;0;0;0;0;0;0;0;0;0;0;0;0;0
FR;9;2021-10-19;0;0;0;0;0;0;0;0;0;0;0;0;0;0;0;0;0;0
FR;9;2021-10-20;0;0;0;0;0;0;0;0;0;0;0;0;0;0;0;0;0;0
FR;9;2021-10-21;0;0;0;0;0;0;0;0;0;0;0;0;0;0;0;0;0;0
FR;9;2021-10-22;0;0;0;0;0;0;0;0;0;0;0;0;0;0;0;0;0;0
FR;9;2021-10-23;0;0;0;0;0;0;0;0;0;0;0;0;0;0;0;0;0;0
FR;9;2021-10-24;0;0;0;0;0;0;0;0;0;0;0;0;0;0;0;0;0;0
FR;9;2021-10-25;0;0;0;0;0;0;0;0;0;0;0;0;0;0;0;0;0;0
FR;9;2021-10-26;0;0;0;0;0;0;0;0;0;0;0;0;0;0;0;0;0;0
FR;9;2021-10-27;0;0;0;0;0;0;0;0;0;0;0;0;0;0;0;0;0;0
FR;9;2021-10-28;0;0;0;0;0;0;0;0;0;0;0;0;0;0;0;0;0;0
FR;9;2021-10-29;0;0;0;0;0;0;0;0;0;0;0;0;0;0;0;0;0;0
FR;9;2021-10-30;0;0;0;0;0;0;0;0;0;0;0;0;0;0;0;0;0;0
FR;9;2021-10-31;0;0;0;0;0;0;0;0;0;0;0;0;0;0;0;0;0;0
FR;9;2021-11-01;0;0;0;0;0;0;0;0;0;0;0;0;0;0;0;0;0;0
FR;9;2021-11-02;0;0;0;0;0;0;0;0;0;0;0;0;0;0;0;0;0;0
FR;9;2021-11-03;0;0;0;0;0;0;0;0;0;0;0;0;0;0;0;0;0;0
FR;9;2021-11-04;0;0;0;0;0;0;0;0;0;0;0;0;0;0;0;0;0;0
FR;9;2021-11-05;0;0;0;0;0;0;0;0;0;0;0;0;0;0;0;0;0;0
FR;9;2021-11-06;0;0;0;0;0;0;0;0;0;0;0;0;0;0;0;0;0;0
FR;9;2021-11-07;0;0;0;0;0;0;0;0;0;0;0;0;0;0;0;0;0;0
FR;9;2021-11-08;0;0;0;0;0;0;0;0;0;0;0;0;0;0;0;0;0;0
FR;9;2021-11-09;0;0;0;0;0;0;0;0;0;0;0;0;0;0;0;0;0;0
FR;9;2021-11-10;0;0;0;0;0;0;0;0;0;0;0;0;0;0;0;0;0;0
FR;9;2021-11-11;0;0;0;0;0;0;0;0;0;0;0;0;0;0;0;0;0;0
FR;9;2021-11-12;0;0;0;0;0;0;0;0;0;0;0;0;0;0;0;0;0;0
FR;9;2021-11-13;0;0;0;0;0;0;0;0;0;0;0;0;0;0;0;0;0;0
FR;9;2021-11-14;0;0;0;0;0;0;0;0;0;0;0;0;0;0;0;0;0;0
FR;9;2021-11-15;0;0;0;0;0;0;0;0;0;0;0;0;0;0;0;0;0;0
FR;9;2021-11-16;0;0;0;0;0;0;0;0;0;0;0;0;0;0;0;0;0;0
FR;9;2021-11-17;0;0;0;0;0;0;0;0;0;0;0;0;0;0;0;0;0;0
FR;9;2021-11-18;0;0;0;0;0;0;0;0;0;0;0;0;0;0;0;0;0;0
FR;9;2021-11-19;0;0;0;0;0;0;0;0;0;0;0;0;0;0;0;0;0;0
FR;9;2021-11-20;0;0;0;0;0;0;0;0;0;0;0;0;0;0;0;0;0;0
FR;9;2021-11-21;0;0;0;0;0;0;0;0;0;0;0;0;0;0;0;0;0;0
FR;9;2021-11-22;0;0;0;0;0;0;0;0;0;0;0;0;0;0;0;0;0;0
FR;9;2021-11-23;0;0;0;0;0;0;0;0;0;0;0;0;0;0;0;0;0;0
FR;9;2021-11-24;0;0;0;0;0;0;0;0;0;0;0;0;0;0;0;0;0;0
FR;9;2021-11-25;0;0;0;0;0;0;0;0;0;0;0;0;0;0;0;0;0;0
FR;9;2021-11-26;0;0;0;0;0;0;0;0;0;0;0;0;0;0;0;0;0;0
FR;9;2021-11-27;0;0;0;0;0;0;0;0;0;0;0;0;0;0;0;0;0;0
FR;9;2021-11-28;0;0;0;0;0;0;0;0;0;0;0;0;0;0;0;0;0;0
FR;9;2021-11-29;0;0;0;0;0;0;0;0;0;0;0;0;0;0;0;0;0;0
FR;9;2021-11-30;0;0;0;0;0;0;0;0;0;0;0;0;0;0;0;0;0;0
FR;9;2021-12-01;0;0;0;0;0;0;0;0;0;0;0;0;0;0;0;0;0;0
FR;9;2021-12-02;0;0;0;0;0;0;0;0;0;0;0;0;0;0;0;0;0;0
FR;9;2021-12-03;0;0;0;0;0;0;0;0;0;0;0;0;0;0;0;0;0;0
FR;9;2021-12-04;0;0;0;0;0;0;0;0;0;0;0;0;0;0;0;0;0;0
FR;9;2021-12-05;0;0;0;0;0;0;0;0;0;0;0;0;0;0;0;0;0;0
FR;9;2021-12-06;0;0;0;0;0;0;0;0;0;0;0;0;0;0;0;0;0;0
FR;9;2021-12-07;0;0;0;0;0;0;0;0;0;0;0;0;0;0;0;0;0;0
FR;9;2021-12-08;0;0;0;0;0;0;0;0;0;0;0;0;0;0;0;0;0;0
FR;9;2021-12-09;0;0;0;0;0;0;0;0;0;0;0;0;0;0;0;0;0;0
FR;9;2021-12-10;0;0;0;0;0;0;0;0;0;0;0;0;0;0;0;0;0;0
FR;9;2021-12-11;0;0;0;0;0;0;0;0;0;0;0;0;0;0;0;0;0;0
FR;9;2021-12-12;0;0;0;0;0;0;0;0;0;0;0;0;0;0;0;0;0;0
FR;9;2021-12-13;0;0;0;0;0;0;0;0;0;0;0;0;0;0;0;0;0;0
FR;9;2021-12-14;0;0;0;0;0;0;0;0;0;0;0;0;0;0;0;0;0;0
FR;9;2021-12-15;0;0;0;0;0;0;0;0;0;0;0;0;0;0;0;0;0;0
FR;9;2021-12-16;0;0;0;0;0;0;0;0;0;0;0;0;0;0;0;0;0;0
FR;9;2021-12-17;0;0;0;0;0;0;0;0;0;0;0;0;0;0;0;0;0;0
FR;9;2021-12-18;0;0;0;0;0;0;0;0;0;0;0;0;0;0;0;0;0;0
FR;9;2021-12-19;0;0;0;0;0;0;0;0;0;0;0;0;0;0;0;0;0;0
FR;9;2021-12-20;0;0;0;0;0;0;0;0;0;0;0;0;0;0;0;0;0;0
FR;9;2021-12-21;0;0;0;0;0;0;0;0;0;0;0;0;0;0;0;0;0;0
FR;9;2021-12-22;0;0;0;0;0;0;0;0;0;0;0;0;0;0;0;0;0;0
FR;9;2021-12-23;0;0;0;0;0;0;0;0;0;0;0;0;0;0;0;0;0;0
FR;9;2021-12-24;0;0;0;0;0;0;0;0;0;0;0;0;0;0;0;0;0;0
FR;9;2021-12-25;0;0;0;0;0;0;0;0;0;0;0;0;0;0;0;0;0;0
FR;9;2021-12-26;0;0;0;0;0;0;0;0;0;0;0;0;0;0;0;0;0;0
FR;9;2021-12-27;0;0;0;0;0;0;0;0;0;0;0;0;0;0;0;0;0;0
FR;9;2021-12-28;0;0;0;0;0;0;0;0;0;0;0;0;0;0;0;0;0;0
FR;9;2021-12-29;0;0;0;0;0;0;0;0;0;0;0;0;0;0;0;0;0;0
FR;9;2021-12-30;0;0;0;0;0;0;0;0;0;0;0;0;0;0;0;0;0;0
FR;9;2021-12-31;0;0;0;0;0;0;0;0;0;0;0;0;0;0;0;0;0;0
FR;9;2022-01-01;0;0;0;0;0;0;0;0;0;0;0;0;0;0;0;0;0;0
FR;9;2022-01-02;0;0;0;0;0;0;0;0;0;0;0;0;0;0;0;0;0;0
FR;9;2022-01-03;0;0;0;0;0;0;0;0;0;0;0;0;0;0;0;0;0;0
FR;9;2022-01-04;0;0;0;0;0;0;0;0;0;0;0;0;0;0;0;0;0;0
FR;9;2022-01-05;0;0;0;0;0;0;0;0;0;0;0;0;0;0;0;0;0;0
FR;9;2022-01-06;0;0;0;0;0;0;0;0;0;0;0;0;0;0;0;0;0;0
FR;9;2022-01-07;0;0;0;0;0;0;0;0;0;0;0;0;0;0;0;0;0;0
FR;9;2022-01-08;0;0;0;0;0;0;0;0;0;0;0;0;0;0;0;0;0;0
FR;9;2022-01-09;0;0;0;0;0;0;0;0;0;0;0;0;0;0;0;0;0;0
FR;9;2022-01-10;0;0;0;0;0;0;0;0;0;0;0;0;0;0;0;0;0;0
FR;9;2022-01-11;0;0;0;0;0;0;0;0;0;0;0;0;0;0;0;0;0;0
FR;9;2022-01-12;0;0;0;0;0;0;0;0;0;0;0;0;0;0;0;0;0;0
FR;9;2022-01-13;0;0;0;0;0;0;0;0;0;0;0;0;0;0;0;0;0;0
FR;9;2022-01-14;0;0;0;0;0;0;0;0;0;0;0;0;0;0;0;0;0;0
FR;9;2022-01-15;0;0;0;0;0;0;0;0;0;0;0;0;0;0;0;0;0;0
FR;9;2022-01-16;0;0;0;0;0;0;0;0;0;0;0;0;0;0;0;0;0;0
FR;9;2022-01-17;0;0;0;0;0;0;0;0;0;0;0;0;0;0;0;0;0;0
FR;9;2022-01-18;0;0;0;0;0;0;0;0;0;0;0;0;0;0;0;0;0;0
FR;9;2022-01-19;0;0;0;0;0;0;0;0;0;0;0;0;0;0;0;0;0;0
FR;9;2022-01-20;0;0;0;0;0;0;0;0;0;0;0;0;0;0;0;0;0;0
FR;9;2022-01-21;0;0;0;0;0;0;0;0;0;0;0;0;0;0;0;0;0;0
FR;9;2022-01-22;0;0;0;0;0;0;0;0;0;0;0;0;0;0;0;0;0;0
FR;9;2022-01-23;0;0;0;0;0;0;0;0;0;0;0;0;0;0;0;0;0;0
FR;9;2022-01-24;0;0;0;0;0;0;0;0;0;0;0;0;0;0;0;0;0;0
FR;9;2022-01-25;0;0;0;0;0;0;0;0;0;0;0;0;0;0;0;0;0;0
FR;9;2022-01-26;0;0;0;0;0;0;0;0;0;0;0;0;0;0;0;0;0;0
FR;9;2022-01-27;0;0;0;0;0;0;0;0;0;0;0;0;0;0;0;0;0;0
FR;9;2022-01-28;0;0;0;0;0;0;0;0;0;0;0;0;0;0;0;0;0;0
FR;9;2022-01-29;0;0;0;0;0;0;0;0;0;0;0;0;0;0;0;0;0;0
FR;9;2022-01-30;0;0;0;0;0;0;0;0;0;0;0;0;0;0;0;0;0;0
FR;9;2022-01-31;0;0;0;0;0;0;0;0;0;0;0;0;0;0;0;0;0;0
FR;9;2022-02-01;0;0;0;0;0;0;0;0;0;0;0;0;0;0;0;0;0;0
FR;9;2022-02-02;0;0;0;0;0;0;0;0;0;0;0;0;0;0;0;0;0;0
FR;9;2022-02-03;0;0;0;0;0;0;0;0;0;0;0;0;0;0;0;0;0;0
FR;9;2022-02-04;0;0;0;0;0;0;0;0;0;0;0;0;0;0;0;0;0;0
FR;9;2022-02-05;0;0;0;0;0;0;0;0;0;0;0;0;0;0;0;0;0;0
FR;9;2022-02-06;0;0;0;0;0;0;0;0;0;0;0;0;0;0;0;0;0;0
FR;9;2022-02-07;0;0;0;0;0;0;0;0;0;0;0;0;0;0;0;0;0;0
FR;9;2022-02-08;0;0;0;0;0;0;0;0;0;0;0;0;0;0;0;0;0;0
FR;9;2022-02-09;0;0;0;0;0;0;0;0;0;0;0;0;0;0;0;0;0;0
FR;9;2022-02-10;0;0;0;0;0;0;0;0;0;0;0;0;0;0;0;0;0;0
FR;9;2022-02-11;0;0;0;0;0;0;0;0;0;0;0;0;0;0;0;0;0;0
FR;9;2022-02-12;0;0;0;0;0;0;0;0;0;0;0;0;0;0;0;0;0;0
FR;9;2022-02-13;0;0;0;0;0;0;0;0;0;0;0;0;0;0;0;0;0;0
FR;9;2022-02-14;0;0;0;0;0;0;0;0;0;0;0;0;0;0;0;0;0;0
FR;9;2022-02-15;0;0;0;0;0;0;0;0;0;0;0;0;0;0;0;0;0;0
FR;9;2022-02-16;0;0;0;0;0;0;0;0;0;0;0;0;0;0;0;0;0;0
FR;9;2022-02-17;0;0;0;0;0;0;0;0;0;0;0;0;0;0;0;0;0;0
FR;9;2022-02-18;0;0;0;0;0;0;0;0;0;0;0;0;0;0;0;0;0;0
FR;9;2022-02-19;0;0;0;0;0;0;0;0;0;0;0;0;0;0;0;0;0;0
FR;9;2022-02-20;0;0;0;0;0;0;0;0;0;0;0;0;0;0;0;0;0;0
FR;9;2022-02-21;0;0;0;0;0;0;0;0;0;0;0;0;0;0;0;0;0;0
FR;9;2022-02-22;0;0;0;0;0;0;0;0;0;0;0;0;0;0;0;0;0;0
FR;9;2022-02-23;0;0;0;0;0;0;0;0;0;0;0;0;0;0;0;0;0;0
FR;9;2022-02-24;0;0;0;0;0;0;0;0;0;0;0;0;0;0;0;0;0;0
FR;9;2022-02-25;0;0;0;0;0;0;0;0;0;0;0;0;0;0;0;0;0;0
FR;9;2022-02-26;0;0;0;0;0;0;0;0;0;0;0;0;0;0;0;0;0;0
FR;9;2022-02-27;0;0;0;0;0;0;0;0;0;0;0;0;0;0;0;0;0;0
FR;9;2022-02-28;0;0;0;0;0;0;0;0;0;0;0;0;0;0;0;0;0;0
FR;9;2022-03-01;0;0;0;0;0;0;0;0;0;0;0;0;0;0;0;0;0;0
FR;9;2022-03-02;0;0;0;0;0;0;0;0;0;0;0;0;0;0;0;0;0;0
FR;9;2022-03-03;0;0;0;0;0;0;0;0;0;0;0;0;0;0;0;0;0;0
FR;9;2022-03-04;0;0;0;0;0;0;0;0;0;0;0;0;0;0;0;0;0;0
FR;9;2022-03-05;0;0;0;0;0;0;0;0;0;0;0;0;0;0;0;0;0;0
FR;9;2022-03-06;0;0;0;0;0;0;0;0;0;0;0;0;0;0;0;0;0;0
FR;9;2022-03-07;0;0;0;0;0;0;0;0;0;0;0;0;0;0;0;0;0;0
FR;9;2022-03-08;0;0;0;0;0;0;0;0;0;0;0;0;0;0;0;0;0;0
FR;9;2022-03-09;0;0;0;0;0;0;0;0;0;0;0;0;0;0;0;0;0;0
FR;9;2022-03-10;0;0;0;0;0;0;0;0;0;0;0;0;0;0;0;0;0;0
FR;9;2022-03-11;0;0;0;0;0;0;0;0;0;0;0;0;0;0;0;0;0;0
FR;9;2022-03-12;0;0;0;0;0;0;0;0;0;0;0;0;0;0;0;0;0;0
FR;9;2022-03-13;0;0;0;0;0;0;0;0;0;0;0;0;0;0;0;0;0;0
FR;9;2022-03-14;0;0;0;0;0;0;0;0;0;0;0;0;0;0;0;0;0;0
FR;9;2022-03-15;0;0;0;0;0;0;0;0;0;0;0;0;0;0;0;0;0;0
FR;9;2022-03-16;0;0;0;0;0;0;0;0;0;0;0;0;0;0;0;0;0;0
FR;9;2022-03-17;0;0;0;0;0;0;0;0;0;0;0;0;0;0;0;0;0;0
FR;9;2022-03-18;0;0;0;0;0;0;0;0;0;0;0;0;0;0;0;0;0;0
FR;9;2022-03-19;0;0;0;0;0;0;0;0;0;0;0;0;0;0;0;0;0;0
FR;9;2022-03-20;0;0;0;0;0;0;0;0;0;0;0;0;0;0;0;0;0;0
FR;9;2022-03-21;0;0;0;0;0;0;0;0;0;0;0;0;0;0;0;0;0;0
FR;9;2022-03-22;0;0;0;0;0;0;0;0;0;0;0;0;0;0;0;0;0;0
FR;9;2022-03-23;0;0;0;0;0;0;0;0;0;0;0;0;0;0;0;0;0;0
FR;9;2022-03-24;0;0;0;0;0;0;0;0;0;0;0;0;0;0;0;0;0;0
FR;9;2022-03-25;0;0;0;0;0;0;0;0;0;0;0;0;0;0;0;0;0;0
FR;9;2022-03-26;0;0;0;0;0;0;0;0;0;0;0;0;0;0;0;0;0;0
FR;9;2022-03-27;0;0;0;0;0;0;0;0;0;0;0;0;0;0;0;0;0;0
FR;9;2022-03-28;0;0;0;0;0;0;0;0;0;0;0;0;0;0;0;0;0;0
FR;9;2022-03-29;0;0;0;0;0;0;0;0;0;0;0;0;0;0;0;0;0;0
FR;9;2022-03-30;0;0;0;0;0;0;0;0;0;0;0;0;0;0;0;0;0;0
FR;9;2022-03-31;0;0;0;0;0;0;0;0;0;0;0;0;0;0;0;0;0;0
FR;9;2022-04-01;0;0;0;0;0;0;0;0;0;0;0;0;0;0;0;0;0;0
FR;9;2022-04-02;0;0;0;0;0;0;0;0;0;0;0;0;0;0;0;0;0;0
FR;9;2022-04-03;0;0;0;0;0;0;0;0;0;0;0;0;0;0;0;0;0;0
FR;9;2022-04-04;0;0;0;0;0;0;0;0;0;0;0;0;0;0;0;0;0;0
FR;9;2022-04-05;0;0;0;0;0;0;0;0;0;0;0;0;0;0;0;0;0;0
FR;9;2022-04-06;0;0;0;0;0;0;0;0;0;0;0;0;0;0;0;0;0;0
FR;9;2022-04-07;0;0;0;0;0;0;0;0;0;0;0;0;0;0;0;0;0;0
FR;9;2022-04-08;0;0;0;0;0;0;0;0;0;0;0;0;0;0;0;0;0;0
FR;9;2022-04-09;0;0;0;0;0;0;0;0;0;0;0;0;0;0;0;0;0;0
FR;9;2022-04-10;0;0;0;0;0;0;0;0;0;0;0;0;0;0;0;0;0;0
FR;9;2022-04-11;0;0;0;0;0;0;0;0;0;0;0;0;0;0;0;0;0;0
FR;9;2022-04-12;0;0;0;0;0;0;0;0;0;0;0;0;0;0;0;0;0;0
FR;9;2022-04-13;0;0;0;0;0;0;0;0;0;0;0;0;0;0;0;0;0;0
FR;9;2022-04-14;0;0;0;0;0;0;0;0;0;0;0;0;0;0;0;0;0;0
FR;9;2022-04-15;0;0;0;0;0;0;0;0;0;0;0;0;0;0;0;0;0;0
FR;9;2022-04-16;0;0;0;0;0;0;0;0;0;0;0;0;0;0;0;0;0;0
FR;9;2022-04-17;0;0;0;0;0;0;0;0;0;0;0;0;0;0;0;0;0;0
FR;9;2022-04-18;0;0;0;0;0;0;0;0;0;0;0;0;0;0;0;0;0;0
FR;9;2022-04-19;0;0;0;0;0;0;0;0;0;0;0;0;0;0;0;0;0;0
FR;9;2022-04-20;0;0;0;0;0;0;0;0;0;0;0;0;0;0;0;0;0;0
FR;9;2022-04-21;0;0;0;0;0;0;0;0;0;0;0;0;0;0;0;0;0;0
FR;9;2022-04-22;0;0;0;0;0;0;0;0;0;0;0;0;0;0;0;0;0;0
FR;9;2022-04-23;0;0;0;0;0;0;0;0;0;0;0;0;0;0;0;0;0;0
FR;9;2022-04-24;0;0;0;0;0;0;0;0;0;0;0;0;0;0;0;0;0;0
FR;9;2022-04-25;0;0;0;0;0;0;0;0;0;0;0;0;0;0;0;0;0;0
FR;9;2022-04-26;0;0;0;0;0;0;0;0;0;0;0;0;0;0;0;0;0;0
FR;9;2022-04-27;0;0;0;0;0;0;0;0;0;0;0;0;0;0;0;0;0;0
FR;9;2022-04-28;0;0;0;0;0;0;0;0;0;0;0;0;0;0;0;0;0;0
FR;9;2022-04-29;0;0;0;0;0;0;0;0;0;0;0;0;0;0;0;0;0;0
FR;9;2022-04-30;0;0;0;0;0;0;0;0;0;0;0;0;0;0;0;0;0;0
FR;9;2022-05-01;0;0;0;0;0;0;0;0;0;0;0;0;0;0;0;0;0;0
FR;9;2022-05-02;0;0;0;0;0;0;0;0;0;0;0;0;0;0;0;0;0;0
FR;9;2022-05-03;0;0;0;0;0;0;0;0;0;0;0;0;0;0;0;0;0;0
FR;9;2022-05-04;0;0;0;0;0;0;0;0;0;0;0;0;0;0;0;0;0;0
FR;9;2022-05-05;0;0;0;0;0;0;0;0;0;0;0;0;0;0;0;0;0;0
FR;9;2022-05-06;0;0;0;0;0;0;0;0;0;0;0;0;0;0;0;0;0;0
FR;9;2022-05-07;0;0;0;0;0;0;0;0;0;0;0;0;0;0;0;0;0;0
FR;9;2022-05-08;0;0;0;0;0;0;0;0;0;0;0;0;0;0;0;0;0;0
FR;9;2022-05-09;0;0;0;0;0;0;0;0;0;0;0;0;0;0;0;0;0;0
FR;9;2022-05-10;0;0;0;0;0;0;0;0;0;0;0;0;0;0;0;0;0;0
FR;9;2022-05-11;0;0;0;0;0;0;0;0;0;0;0;0;0;0;0;0;0;0
FR;9;2022-05-12;0;0;0;0;0;0;0;0;0;0;0;0;0;0;0;0;0;0
FR;9;2022-05-13;0;0;0;0;0;0;0;0;0;0;0;0;0;0;0;0;0;0
FR;9;2022-05-14;0;0;0;0;0;0;0;0;0;0;0;0;0;0;0;0;0;0
FR;9;2022-05-15;0;0;0;0;0;0;0;0;0;0;0;0;0;0;0;0;0;0
FR;9;2022-05-16;0;0;0;0;0;0;0;0;0;0;0;0;0;0;0;0;0;0
FR;9;2022-05-17;0;0;0;0;0;0;0;0;0;0;0;0;0;0;0;0;0;0
FR;9;2022-05-18;0;0;0;0;0;0;0;0;0;0;0;0;0;0;0;0;0;0
FR;9;2022-05-19;0;0;0;0;0;0;0;0;0;0;0;0;0;0;0;0;0;0
FR;9;2022-05-20;0;0;0;0;0;0;0;0;0;0;0;0;0;0;0;0;0;0
FR;9;2022-05-21;0;0;0;0;0;0;0;0;0;0;0;0;0;0;0;0;0;0
FR;9;2022-05-22;0;0;0;0;0;0;0;0;0;0;0;0;0;0;0;0;0;0
FR;9;2022-05-23;0;0;0;0;0;0;0;0;0;0;0;0;0;0;0;0;0;0
FR;9;2022-05-24;0;0;0;0;0;0;0;0;0;0;0;0;0;0;0;0;0;0
FR;9;2022-05-25;0;0;0;0;0;0;0;0;0;0;0;0;0;0;0;0;0;0
FR;9;2022-05-26;0;0;0;0;0;0;0;0;0;0;0;0;0;0;0;0;0;0
FR;9;2022-05-27;0;0;0;0;0;0;0;0;0;0;0;0;0;0;0;0;0;0
FR;9;2022-05-28;0;0;0;0;0;0;0;0;0;0;0;0;0;0;0;0;0;0
FR;9;2022-05-29;0;0;0;0;0;0;0;0;0;0;0;0;0;0;0;0;0;0
FR;9;2022-05-30;0;0;0;0;0;0;0;0;0;0;0;0;0;0;0;0;0;0
FR;9;2022-05-31;0;0;0;0;0;0;0;0;0;0;0;0;0;0;0;0;0;0
FR;9;2022-06-01;0;0;0;0;0;0;0;0;0;0;0;0;0;0;0;0;0;0
FR;9;2022-06-02;0;0;0;0;0;0;0;0;0;0;0;0;0;0;0;0;0;0
FR;9;2022-06-03;0;0;0;0;0;0;0;0;0;0;0;0;0;0;0;0;0;0
FR;9;2022-06-04;0;0;0;0;0;0;0;0;0;0;0;0;0;0;0;0;0;0
FR;9;2022-06-05;0;0;0;0;0;0;0;0;0;0;0;0;0;0;0;0;0;0
FR;9;2022-06-06;0;0;0;0;0;0;0;0;0;0;0;0;0;0;0;0;0;0
FR;9;2022-06-07;0;0;0;0;0;0;0;0;0;0;0;0;0;0;0;0;0;0
FR;9;2022-06-08;0;0;0;0;0;0;0;0;0;0;0;0;0;0;0;0;0;0
FR;9;2022-06-09;0;0;0;0;0;0;0;0;0;0;0;0;0;0;0;0;0;0
FR;9;2022-06-10;0;0;0;0;0;0;0;0;0;0;0;0;0;0;0;0;0;0
FR;9;2022-06-11;0;0;0;0;0;0;0;0;0;0;0;0;0;0;0;0;0;0
FR;9;2022-06-12;0;0;0;0;0;0;0;0;0;0;0;0;0;0;0;0;0;0
FR;9;2022-06-13;0;0;0;0;0;0;0;0;0;0;0;0;0;0;0;0;0;0
FR;9;2022-06-14;0;0;0;0;0;0;0;0;0;0;0;0;0;0;0;0;0;0
FR;9;2022-06-15;0;0;0;0;0;0;0;0;0;0;0;0;0;0;0;0;0;0
FR;9;2022-06-16;0;0;0;0;0;0;0;0;0;0;0;0;0;0;0;0;0;0
FR;9;2022-06-17;0;0;0;0;0;0;0;0;0;0;0;0;0;0;0;0;0;0
FR;9;2022-06-18;0;0;0;0;0;0;0;0;0;0;0;0;0;0;0;0;0;0
FR;9;2022-06-19;0;0;0;0;0;0;0;0;0;0;0;0;0;0;0;0;0;0
FR;9;2022-06-20;0;0;0;0;0;0;0;0;0;0;0;0;0;0;0;0;0;0
FR;9;2022-06-21;0;0;0;0;0;0;0;0;0;0;0;0;0;0;0;0;0;0
FR;9;2022-06-22;0;0;0;0;0;0;0;0;0;0;0;0;0;0;0;0;0;0
FR;9;2022-06-23;0;0;0;0;0;0;0;0;0;0;0;0;0;0;0;0;0;0
FR;9;2022-06-24;0;0;0;0;0;0;0;0;0;0;0;0;0;0;0;0;0;0
FR;9;2022-06-25;0;0;0;0;0;0;0;0;0;0;0;0;0;0;0;0;0;0
FR;9;2022-06-26;0;0;0;0;0;0;0;0;0;0;0;0;0;0;0;0;0;0
FR;9;2022-06-27;0;0;0;0;0;0;0;0;0;0;0;0;0;0;0;0;0;0
FR;9;2022-06-28;0;0;0;0;0;0;0;0;0;0;0;0;0;0;0;0;0;0
FR;9;2022-06-29;0;0;0;0;0;0;0;0;0;0;0;0;0;0;0;0;0;0
FR;9;2022-06-30;0;0;0;0;0;0;0;0;0;0;0;0;0;0;0;0;0;0
FR;9;2022-07-01;0;0;0;0;0;0;0;0;0;0;0;0;0;0;0;0;0;0
FR;9;2022-07-02;0;0;0;0;0;0;0;0;0;0;0;0;0;0;0;0;0;0
FR;9;2022-07-03;0;0;0;0;0;0;0;0;0;0;0;0;0;0;0;0;0;0
FR;9;2022-07-04;0;0;0;0;0;0;0;0;0;0;0;0;0;0;0;0;0;0
FR;9;2022-07-05;0;0;0;0;0;0;0;0;0;0;0;0;0;0;0;0;0;0
FR;9;2022-07-06;0;0;0;0;0;0;0;0;0;0;0;0;0;0;0;0;0;0
FR;9;2022-07-07;0;0;0;0;0;0;0;0;0;0;0;0;0;0;0;0;0;0
FR;9;2022-07-08;0;0;0;0;0;0;0;0;0;0;0;0;0;0;0;0;0;0
FR;9;2022-07-09;0;0;0;0;0;0;0;0;0;0;0;0;0;0;0;0;0;0
FR;9;2022-07-10;0;0;0;0;0;0;0;0;0;0;0;0;0;0;0;0;0;0
FR;9;2022-07-11;0;0;0;0;0;0;0;0;0;0;0;0;0;0;0;0;0;0
FR;9;2022-07-12;0;0;0;0;0;0;0;0;0;0;0;0;0;0;0;0;0;0
FR;9;2022-07-13;0;0;0;0;0;0;0;0;0;0;0;0;0;0;0;0;0;0
FR;9;2022-07-14;0;0;0;0;0;0;0;0;0;0;0;0;0;0;0;0;0;0
FR;9;2022-07-15;0;0;0;0;0;0;0;0;0;0;0;0;0;0;0;0;0;0
FR;9;2022-07-16;0;0;0;0;0;0;0;0;0;0;0;0;0;0;0;0;0;0
FR;9;2022-07-17;0;0;0;0;0;0;0;0;0;0;0;0;0;0;0;0;0;0
FR;9;2022-07-18;0;0;0;0;0;0;0;0;0;0;0;0;0;0;0;0;0;0
FR;9;2022-07-19;0;0;0;0;0;0;0;0;0;0;0;0;0;0;0;0;0;0
FR;9;2022-07-20;0;0;0;0;0;0;0;0;0;0;0;0;0;0;0;0;0;0
FR;9;2022-07-21;0;0;0;0;0;0;0;0;0;0;0;0;0;0;0;0;0;0
FR;9;2022-07-22;0;0;0;0;0;0;0;0;0;0;0;0;0;0;0;0;0;0
FR;9;2022-07-23;0;0;0;0;0;0;0;0;0;0;0;0;0;0;0;0;0;0
FR;9;2022-07-24;0;0;0;0;0;0;0;0;0;0;0;0;0;0;0;0;0;0
FR;9;2022-07-25;0;0;0;0;0;0;0;0;0;0;0;0;0;0;0;0;0;0
FR;9;2022-07-26;0;0;0;0;0;0;0;0;0;0;0;0;0;0;0;0;0;0
FR;9;2022-07-27;0;0;0;0;0;0;0;0;0;0;0;0;0;0;0;0;0;0
FR;9;2022-07-28;0;0;0;0;0;0;0;0;0;0;0;0;0;0;0;0;0;0
FR;9;2022-07-29;0;0;0;0;0;0;0;0;0;0;0;0;0;0;0;0;0;0
FR;9;2022-07-30;0;0;0;0;0;0;0;0;0;0;0;0;0;0;0;0;0;0
FR;9;2022-07-31;0;0;0;0;0;0;0;0;0;0;0;0;0;0;0;0;0;0
FR;9;2022-08-01;0;0;0;0;0;0;0;0;0;0;0;0;0;0;0;0;0;0
FR;9;2022-08-02;0;0;0;0;0;0;0;0;0;0;0;0;0;0;0;0;0;0
FR;9;2022-08-03;0;0;0;0;0;0;0;0;0;0;0;0;0;0;0;0;0;0
FR;9;2022-08-04;0;0;0;0;0;0;0;0;0;0;0;0;0;0;0;0;0;0
FR;9;2022-08-05;0;0;0;0;0;0;0;0;0;0;0;0;0;0;0;0;0;0
FR;9;2022-08-06;0;0;0;0;0;0;0;0;0;0;0;0;0;0;0;0;0;0
FR;9;2022-08-07;0;0;0;0;0;0;0;0;0;0;0;0;0;0;0;0;0;0
FR;9;2022-08-08;0;0;0;0;0;0;0;0;0;0;0;0;0;0;0;0;0;0
FR;9;2022-08-09;0;0;0;0;0;0;0;0;0;0;0;0;0;0;0;0;0;0
FR;9;2022-08-10;0;0;0;0;0;0;0;0;0;0;0;0;0;0;0;0;0;0
FR;9;2022-08-11;0;0;0;0;0;0;0;0;0;0;0;0;0;0;0;0;0;0
FR;9;2022-08-12;0;0;0;0;0;0;0;0;0;0;0;0;0;0;0;0;0;0
FR;9;2022-08-13;0;0;0;0;0;0;0;0;0;0;0;0;0;0;0;0;0;0
FR;9;2022-08-14;0;0;0;0;0;0;0;0;0;0;0;0;0;0;0;0;0;0
FR;9;2022-08-15;0;0;0;0;0;0;0;0;0;0;0;0;0;0;0;0;0;0
FR;9;2022-08-16;0;0;0;0;0;0;0;0;0;0;0;0;0;0;0;0;0;0
FR;9;2022-08-17;0;0;0;0;0;0;0;0;0;0;0;0;0;0;0;0;0;0
FR;9;2022-08-18;0;0;0;0;0;0;0;0;0;0;0;0;0;0;0;0;0;0
FR;9;2022-08-19;0;0;0;0;0;0;0;0;0;0;0;0;0;0;0;0;0;0
FR;9;2022-08-20;0;0;0;0;0;0;0;0;0;0;0;0;0;0;0;0;0;0
FR;9;2022-08-21;0;0;0;0;0;0;0;0;0;0;0;0;0;0;0;0;0;0
FR;9;2022-08-22;0;0;0;0;0;0;0;0;0;0;0;0;0;0;0;0;0;0
FR;9;2022-08-23;0;0;0;0;0;0;0;0;0;0;0;0;0;0;0;0;0;0
FR;9;2022-08-24;0;0;0;0;0;0;0;0;0;0;0;0;0;0;0;0;0;0
FR;9;2022-08-25;0;0;0;0;0;0;0;0;0;0;0;0;0;0;0;0;0;0
FR;9;2022-08-26;0;0;0;0;0;0;0;0;0;0;0;0;0;0;0;0;0;0
FR;9;2022-08-27;0;0;0;0;0;0;0;0;0;0;0;0;0;0;0;0;0;0
FR;9;2022-08-28;0;0;0;0;0;0;0;0;0;0;0;0;0;0;0;0;0;0
FR;9;2022-08-29;0;0;0;0;0;0;0;0;0;0;0;0;0;0;0;0;0;0
FR;9;2022-08-30;0;0;0;0;0;0;0;0;0;0;0;0;0;0;0;0;0;0
FR;9;2022-08-31;0;0;0;0;0;0;0;0;0;0;0;0;0;0;0;0;0;0
FR;9;2022-09-01;0;0;0;0;0;0;0;0;0;0;0;0;0;0;0;0;0;0
FR;9;2022-09-02;0;0;0;0;0;0;0;0;0;0;0;0;0;0;0;0;0;0
FR;9;2022-09-03;0;0;0;0;0;0;0;0;0;0;0;0;0;0;0;0;0;0
FR;9;2022-09-04;0;0;0;0;0;0;0;0;0;0;0;0;0;0;0;0;0;0
FR;9;2022-09-05;0;0;0;0;0;0;0;0;0;0;0;0;0;0;0;0;0;0
FR;9;2022-09-06;0;0;0;0;0;0;0;0;0;0;0;0;0;0;0;0;0;0
FR;9;2022-09-07;0;0;0;0;0;0;0;0;0;0;0;0;0;0;0;0;0;0
FR;9;2022-09-08;0;0;0;0;0;0;0;0;0;0;0;0;0;0;0;0;0;0
FR;9;2022-09-09;0;0;0;0;0;0;0;0;0;0;0;0;0;0;0;0;0;0
FR;9;2022-09-10;0;0;0;0;0;0;0;0;0;0;0;0;0;0;0;0;0;0
FR;9;2022-09-11;0;0;0;0;0;0;0;0;0;0;0;0;0;0;0;0;0;0
FR;9;2022-09-12;0;0;0;0;0;0;0;0;0;0;0;0;0;0;0;0;0;0
FR;9;2022-09-13;0;0;0;0;0;0;0;0;0;0;0;0;0;0;0;0;0;0
FR;9;2022-09-14;0;0;0;0;0;0;0;0;0;0;0;0;0;0;0;0;0;0
FR;9;2022-09-15;0;0;0;0;0;0;0;0;0;0;0;0;0;0;0;0;0;0
FR;9;2022-09-16;0;0;0;0;0;0;0;0;0;0;0;0;0;0;0;0;0;0
FR;9;2022-09-17;0;0;0;0;0;0;0;0;0;0;0;0;0;0;0;0;0;0
FR;9;2022-09-18;0;0;0;0;0;0;0;0;0;0;0;0;0;0;0;0;0;0
FR;9;2022-09-19;0;0;0;0;0;0;0;0;0;0;0;0;0;0;0;0;0;0
FR;9;2022-09-20;0;0;0;0;0;0;0;0;0;0;0;0;0;0;0;0;0;0
FR;9;2022-09-21;0;0;0;0;0;0;0;0;0;0;0;0;0;0;0;0;0;0
FR;9;2022-09-22;0;0;0;0;0;0;0;0;0;0;0;0;0;0;0;0;0;0
FR;9;2022-09-23;0;0;0;0;0;0;0;0;0;0;0;0;0;0;0;0;0;0
FR;9;2022-09-24;0;0;0;0;0;0;0;0;0;0;0;0;0;0;0;0;0;0
FR;9;2022-09-25;0;0;0;0;0;0;0;0;0;0;0;0;0;0;0;0;0;0
FR;9;2022-09-26;0;0;0;0;0;0;0;0;0;0;0;0;0;0;0;0;0;0
FR;9;2022-09-27;0;0;0;0;0;0;0;0;0;0;0;0;0;0;0;0;0;0
FR;9;2022-09-28;0;0;0;0;0;0;0;0;0;0;0;0;0;0;0;0;0;0
FR;9;2022-09-29;1;1;8;33;0;6;35;43;2;1;1;8;33;0;6;35;43;2
FR;9;2022-09-30;5;13;62;606;7;48;614;715;51;6;14;70;639;7;54;649;758;53
FR;9;2022-10-01;10;2;43;327;3;26;335;396;35;16;16;113;966;10;80;984;1154;88
FR;9;2022-10-02;2;1;5;50;0;4;51;66;11;18;17;118;1016;10;84;1035;1220;99
FR;9;2022-10-03;15;17;151;1714;11;129;1708;2074;234;33;34;269;2730;21;213;2743;3294;333
FR;9;2022-10-04;23;48;353;3954;18;228;4022;4704;450;56;82;622;6684;39;441;6765;7998;783
FR;9;2022-10-05;30;21;269;2998;18;203;3011;3656;433;86;103;891;9682;57;644;9776;11654;1216
FR;9;2022-10-06;23;35;400;4598;18;301;4631;5609;672;109;138;1291;14280;75;945;14407;17263;1888
FR;9;2022-10-07;29;50;499;5706;19;384;5720;7029;923;138;188;1790;19986;94;1329;20127;24292;2811
FR;9;2022-10-08;10;18;128;1090;8;86;1108;1389;191;148;206;1918;21076;102;1415;21235;25681;3002
FR;9;2022-10-09;1;7;22;197;1;29;198;277;50;149;213;1940;21273;103;1444;21433;25958;3052
FR;9;2022-10-10;11;26;207;2572;14;181;2576;3296;533;160;239;2147;23845;117;1625;24009;29254;3585
FR;9;2022-10-11;31;40;424;5043;27;312;5024;6198;851;191;279;2571;28888;144;1937;29033;35452;4436
FR;9;2022-10-12;22;26;297;2987;16;212;3044;3830;572;213;305;2868;31875;160;2149;32077;39282;5008
FR;9;2022-10-13;25;42;374;3980;16;245;4036;5027;740;238;347;3242;35855;176;2394;36113;44309;5748
FR;9;2022-10-14;27;26;383;4430;12;295;4414;5558;838;265;373;3625;40285;188;2689;40527;49867;6586
FR;9;2022-10-15;14;8;101;1052;7;79;1029;1308;198;279;381;3726;41337;195;2768;41556;51175;6784
FR;9;2022-10-16;4;1;9;132;2;12;126;168;28;283;382;3735;41469;197;2780;41682;51343;6812
FR;9;2022-10-17;4;22;165;1875;11;127;1883;2492;475;287;404;3900;43344;208;2907;43565;53835;7287
FR;9;2022-10-18;36;29;317;3430;17;237;3454;4663;963;323;433;4217;46774;225;3144;47019;58498;8250
FR;9;2022-10-19;22;19;262;2688;17;174;2717;3733;827;345;452;4479;49462;242;3318;49736;62231;9077
FR;9;2022-10-20;22;22;308;3628;8;233;3639;4813;933;367;474;4787;53090;250;3551;53375;67044;10010
FR;9;2022-10-21;14;32;327;3550;11;228;3556;4656;864;381;506;5114;56640;261;3779;56931;71700;10874
FR;9;2022-10-22;10;11;90;914;8;62;919;1193;207;391;517;5204;57554;269;3841;57850;72893;11081
FR;9;2022-10-23;2;2;17;100;2;10;105;148;33;393;519;5221;57654;271;3851;57955;73041;11114
FR;9;2022-10-24;7;17;159;1363;6;106;1434;1942;397;400;536;5380;59017;277;3957;59389;74983;11511
FR;9;2022-10-25;19;22;228;2841;16;188;2851;3938;896;419;558;5608;61858;293;4145;62240;78921;12407
FR;9;2022-10-26;14;16;169;1800;13;123;1812;2527;590;433;574;5777;63658;306;4268;64052;81448;12997
FR;9;2022-10-27;9;26;230;2303;15;173;2337;3210;689;442;600;6007;65961;321;4441;66389;84658;13686
FR;9;2022-10-28;18;27;224;2277;17;151;2303;3142;681;460;627;6231;68238;338;4592;68692;87800;14367
FR;9;2022-10-29;12;8;55;505;5;46;496;662;119;472;635;6286;68743;343;4638;69188;88462;14486
FR;9;2022-10-30;2;1;8;58;1;8;58;82;16;474;636;6294;68801;344;4646;69246;88544;14502
FR;9;2022-10-31;13;7;105;660;9;59;695;996;240;487;643;6399;69461;353;4705;69941;89540;14742
FR;9;2022-11-01;1;2;15;43;1;11;49;71;11;488;645;6414;69504;354;4716;69990;89611;14753
FR;9;2022-11-02;7;12;102;1027;4;76;1045;1577;452;495;657;6516;70531;358;4792;71035;91188;15205
FR;9;2022-11-03;17;18;157;1599;16;92;1647;2348;599;512;675;6673;72130;374;4884;72682;93536;15804
FR;9;2022-11-04;21;19;193;1751;15;120;1800;2536;611;533;694;6866;73881;389;5004;74482;96072;16415
FR;9;2022-11-05;8;10;58;403;9;39;424;573;107;541;704;6924;74284;398;5043;74906;96645;16522
FR;9;2022-11-06;5;4;5;62;6;2;61;88;25;546;708;6929;74346;404;5045;74967;96733;16547
FR;9;2022-11-07;16;19;89;942;16;110;941;1489;432;562;727;7018;75288;420;5155;75908;98222;16979
FR;9;2022-11-08;11;19;171;1827;13;137;1815;2660;703;573;746;7189;77115;433;5292;77723;100882;17682
FR;9;2022-11-09;16;16;123;1261;9;98;1322;1878;453;589;762;7312;78376;442;5390;79045;102760;18135
FR;9;2022-11-10;13;22;162;1623;14;137;1621;2281;519;602;784;7474;79999;456;5527;80666;105041;18654
FR;9;2022-11-11;1;1;13;81;1;6;83;124;35;603;785;7487;80080;457;5533;80749;105165;18689
FR;9;2022-11-12;5;8;44;259;7;19;278;395;97;608;793;7531;80339;464;5552;81027;105560;18786
FR;9;2022-11-13;2;0;4;30;0;4;31;51;16;610;793;7535;80369;464;5556;81058;105611;18802
FR;9;2022-11-14;11;12;56;713;11;44;722;1108;339;621;805;7591;81082;475;5600;81780;106719;19141
FR;9;2022-11-15;18;16;150;1346;7;103;1356;2103;638;639;821;7741;82428;482;5703;83136;108822;19779
FR;9;2022-11-16;10;5;99;979;8;58;997;1490;431;649;826;7840;83407;490;5761;84133;110312;20210
FR;9;2022-11-17;9;17;126;1086;11;78;1111;1695;501;658;843;7966;84493;501;5839;85244;112007;20711
FR;9;2022-11-18;7;16;120;1440;5;78;1455;2027;492;665;859;8086;85933;506;5917;86699;114034;21203
FR;9;2022-11-19;3;5;51;364;1;28;351;490;106;668;864;8137;86297;507;5945;87050;114524;21309
FR;9;2022-11-20;1;0;5;37;0;3;35;54;16;669;864;8142;86334;507;5948;87085;114578;21325
FR;9;2022-11-21;9;12;66;636;5;51;639;960;263;678;876;8208;86970;512;5999;87724;115538;21588
FR;9;2022-11-22;15;12;121;1037;13;74;1067;1592;449;693;888;8329;88007;525;6073;88791;117130;22037
FR;9;2022-11-23;7;10;69;734;5;33;761;1171;372;700;898;8398;88741;530;6106;89552;118301;22409
FR;9;2022-11-24;8;19;93;979;14;68;992;1472;406;708;917;8491;89720;544;6174;90544;119773;22815
FR;9;2022-11-25;8;11;107;1180;9;82;1195;1781;503;716;928;8598;90900;553;6256;91739;121554;23318
FR;9;2022-11-26;6;6;35;217;7;24;214;310;68;722;934;8633;91117;560;6280;91953;121864;23386
FR;9;2022-11-27;1;1;6;42;0;2;46;82;34;723;935;8639;91159;560;6282;91999;121946;23420
FR;9;2022-11-28;5;7;103;698;7;60;726;1135;344;728;942;8742;91857;567;6342;92725;123081;23764
FR;9;2022-11-29;6;18;142;1299;6;89;1327;1942;521;734;960;8884;93156;573;6431;94052;125023;24285
FR;9;2022-11-30;9;12;99;1032;5;76;1055;1606;470;743;972;8983;94188;578;6507;95107;126629;24755
FR;9;2022-12-01;16;14;112;1345;8;80;1331;1970;554;759;986;9095;95533;586;6587;96438;128599;25309
FR;9;2022-12-02;10;13;193;1817;10;107;1818;2631;700;769;999;9288;97350;596;6694;98256;131230;26009
FR;9;2022-12-03;7;9;79;619;5;41;632;887;208;776;1008;9367;97969;601;6735;98888;132117;26217
FR;9;2022-12-04;11;4;15;105;5;8;105;153;40;787;1012;9382;98074;606;6743;98993;132270;26257
FR;9;2022-12-05;21;24;144;1406;18;98;1421;2110;584;808;1036;9526;99480;624;6841;100414;134380;26841
FR;9;2022-12-06;30;21;264;2453;21;148;2548;3812;1097;838;1057;9790;101933;645;6989;102962;138192;27938
FR;9;2022-12-07;15;22;181;1848;20;112;1890;2826;814;853;1079;9971;103781;665;7101;104852;141018;28752
FR;9;2022-12-08;14;22;222;2404;15;125;2467;3701;1092;867;1101;10193;106185;680;7226;107319;144719;29844
FR;9;2022-12-09;14;25;287;2888;10;143;2986;4337;1200;881;1126;10480;109073;690;7369;110305;149056;31044
FR;9;2022-12-10;12;13;122;1324;5;56;1347;1819;410;893;1139;10602;110397;695;7425;111652;150875;31454
FR;9;2022-12-11;5;5;21;277;6;10;283;363;66;898;1144;10623;110674;701;7435;111935;151238;31520
FR;9;2022-12-12;17;14;215;1958;12;109;2032;2892;746;915;1158;10838;112632;713;7544;113967;154130;32266
FR;9;2022-12-13;28;23;317;3085;15;151;3221;4720;1337;943;1181;11155;115717;728;7695;117188;158850;33603
FR;9;2022-12-14;15;10;191;2335;8;94;2405;3505;989;958;1191;11346;118052;736;7789;119593;162355;34592
FR;9;2022-12-15;17;24;257;2611;13;138;2682;4069;1238;975;1215;11603;120663;749;7927;122275;166424;35830
FR;9;2022-12-16;15;29;294;3072;21;165;3155;4603;1274;990;1244;11897;123735;770;8092;125430;171027;37104
FR;9;2022-12-17;8;11;106;1193;6;50;1208;1664;402;998;1255;12003;124928;776;8142;126638;172691;37506
FR;9;2022-12-18;1;7;30;245;6;14;251;333;67;999;1262;12033;125173;782;8156;126889;173024;37573
FR;9;2022-12-19;20;21;149;1599;15;78;1631;2507;789;1019;1283;12182;126772;797;8234;128520;175531;38362
FR;9;2022-12-20;21;19;232;2306;6;115;2349;3708;1233;1040;1302;12414;129078;803;8349;130869;179239;39595
FR;9;2022-12-21;6;14;139;1501;7;66;1554;2402;775;1046;1316;12553;130579;810;8415;132423;181641;40370
FR;9;2022-12-22;19;9;136;1402;9;78;1418;2119;615;1065;1325;12689;131981;819;8493;133841;183760;40985
FR;9;2022-12-23;11;15;77;728;9;51;730;1092;305;1076;1340;12766;132709;828;8544;134571;184852;41290
FR;9;2022-12-24;1;5;13;96;4;6;98;138;34;1077;1345;12779;132805;832;8550;134669;184990;41324
FR;9;2022-12-25;1;0;5;5;0;4;6;12;2;1078;1345;12784;132810;832;8554;134675;185002;41326
FR;9;2022-12-26;17;8;64;547;11;37;554;829;235;1095;1353;12848;133357;843;8591;135229;185831;41561
FR;9;2022-12-27;12;30;97;882;14;69;917;1422;430;1107;1383;12945;134239;857;8660;136146;187253;41991
FR;9;2022-12-28;8;9;82;749;8;40;768;1185;372;1115;1392;13027;134988;865;8700;136914;188438;42363
FR;9;2022-12-29;9;14;92;720;10;51;753;1135;324;1124;1406;13119;135708;875;8751;137667;189573;42687
FR;9;2022-12-30;12;17;77;592;9;47;612;899;237;1136;1423;13196;136300;884;8798;138279;190472;42924
FR;9;2022-12-31;2;3;17;136;2;12;139;190;38;1138;1426;13213;136436;886;8810;138418;190662;42962
FR;9;2023-01-01;0;2;3;19;1;4;19;31;8;1138;1428;13216;136455;887;8814;138437;190693;42970
FR;9;2023-01-02;11;11;56;592;4;40;585;949;320;1149;1439;13272;137047;891;8854;139022;191642;43290
FR;9;2023-01-03;19;20;122;1079;20;75;1101;1940;749;1168;1459;13394;138126;911;8929;140123;193582;44039
FR;9;2023-01-04;21;19;113;846;9;73;898;1609;633;1189;1478;13507;138972;920;9002;141021;195191;44672
FR;9;2023-01-05;5;20;115;1059;11;65;1091;2048;882;1194;1498;13622;140031;931;9067;142112;197239;45554
FR;9;2023-01-06;13;17;152;1370;4;73;1388;2410;938;1207;1515;13774;141401;935;9140;143500;199649;46492
FR;9;2023-01-07;6;13;58;436;14;36;427;687;220;1213;1528;13832;141837;949;9176;143927;200336;46712
FR;9;2023-01-08;4;11;15;92;9;12;91;137;32;1217;1539;13847;141929;958;9188;144018;200473;46744
FR;9;2023-01-09;16;15;87;623;9;62;615;1276;586;1233;1554;13934;142552;967;9250;144633;201749;47330
FR;9;2023-01-10;13;12;154;979;11;74;1033;1990;871;1246;1566;14088;143531;978;9324;145666;203739;48201
FR;9;2023-01-11;19;9;74;680;10;49;689;1387;643;1265;1575;14162;144211;988;9373;146355;205126;48844
FR;9;2023-01-12;21;9;92;845;3;77;823;1688;775;1286;1584;14254;145056;991;9450;147178;206814;49619
FR;9;2023-01-13;15;19;106;888;12;73;910;1784;785;1301;1603;14360;145944;1003;9523;148088;208598;50404
FR;9;2023-01-14;9;9;55;294;5;33;299;585;247;1310;1612;14415;146238;1008;9556;148387;209183;50651
FR;9;2023-01-15;1;3;15;37;0;9;41;82;32;1311;1615;14430;146275;1008;9565;148428;209265;50683
FR;9;2023-01-16;6;15;54;366;13;24;383;785;371;1317;1630;14484;146641;1021;9589;148811;210050;51054
FR;9;2023-01-17;7;9;83;563;4;49;577;1244;609;1324;1639;14567;147204;1025;9638;149388;211294;51663
FR;9;2023-01-18;8;14;37;380;6;32;397;841;405;1332;1653;14604;147584;1031;9670;149785;212135;52068
FR;9;2023-01-19;10;9;58;477;8;30;478;1088;569;1342;1662;14662;148061;1039;9700;150263;213223;52637
FR;9;2023-01-20;15;19;96;578;16;57;595;1190;534;1357;1681;14758;148639;1055;9757;150858;214413;53171
FR;9;2023-01-21;8;15;20;192;11;13;190;347;140;1365;1696;14778;148831;1066;9770;151048;214760;53311
FR;9;2023-01-22;0;0;8;20;0;5;21;42;16;1365;1696;14786;148851;1066;9775;151069;214802;53327
FR;9;2023-01-23;4;15;27;253;9;25;242;563;287;1369;1711;14813;149104;1075;9800;151311;215365;53614
FR;9;2023-01-24;11;10;70;461;9;42;484;1162;633;1380;1721;14883;149565;1084;9842;151795;216527;54247
FR;9;2023-01-25;11;20;50;325;9;47;336;798;410;1391;1741;14933;149890;1093;9889;152131;217325;54657
FR;9;2023-01-26;7;17;64;391;8;50;390;967;515;1398;1758;14997;150281;1101;9939;152521;218292;55172
FR;9;2023-01-27;4;7;59;381;3;31;397;906;462;1402;1765;15056;150662;1104;9970;152918;219198;55634
FR;9;2023-01-28;3;6;31;128;5;27;120;265;116;1405;1771;15087;150790;1109;9997;153038;219463;55750
FR;9;2023-01-29;3;0;3;18;2;1;17;40;22;1408;1771;15090;150808;1111;9998;153055;219503;55772
FR;9;2023-01-30;4;6;31;192;5;11;211;501;272;1412;1777;15121;151000;1116;10009;153266;220004;56044
FR;9;2023-01-31;14;7;38;260;8;18;264;649;359;1426;1784;15159;151260;1124;10027;153530;220653;56403
FR;9;2023-02-01;5;7;26;173;4;20;179;519;309;1431;1791;15185;151433;1128;10047;153709;221172;56712
FR;9;2023-02-02;4;6;31;252;6;23;233;666;395;1435;1797;15216;151685;1134;10070;153942;221838;57107
FR;9;2023-02-03;8;13;42;289;10;37;275;677;355;1443;1810;15258;151974;1144;10107;154217;222515;57462
FR;9;2023-02-04;6;5;10;70;7;8;68;160;84;1449;1815;15268;152044;1151;10115;154285;222675;57546
FR;9;2023-02-05;1;1;4;7;0;4;7;17;6;1450;1816;15272;152051;1151;10119;154292;222692;57552
FR;9;2023-02-06;3;5;17;81;4;15;78;229;134;1453;1821;15289;152132;1155;10134;154370;222921;57686
FR;9;2023-02-07;3;5;30;145;3;21;138;451;285;1456;1826;15319;152277;1158;10155;154508;223372;57971
FR;9;2023-02-08;4;6;25;116;3;13;125;301;160;1460;1832;15344;152393;1161;10168;154633;223673;58131
FR;9;2023-02-09;8;3;20;138;4;14;123;341;200;1468;1835;15364;152531;1165;10182;154756;224014;58331
FR;9;2023-02-10;8;8;19;149;10;11;145;315;153;1476;1843;15383;152680;1175;10193;154901;224329;58484
FR;9;2023-02-11;5;4;14;42;3;9;47;84;28;1481;1847;15397;152722;1178;10202;154948;224413;58512
FR;9;2023-02-12;0;0;0;1;0;0;1;8;7;1481;1847;15397;152723;1178;10202;154949;224421;58519
FR;9;2023-02-13;3;8;5;50;8;4;45;107;55;1484;1855;15402;152773;1186;10206;154994;224528;58574
FR;9;2023-02-14;10;10;16;66;10;13;63;225;146;1494;1865;15418;152839;1196;10219;155057;224753;58720
FR;9;2023-02-15;1;5;17;52;3;13;50;163;99;1495;1870;15435;152891;1199;10232;155107;224916;58819
FR;9;2023-02-16;4;6;19;77;1;17;78;197;93;1499;1876;15454;152968;1200;10249;155185;225113;58912
FR;9;2023-02-17;6;4;15;62;5;11;64;178;99;1505;1880;15469;153030;1205;10260;155249;225291;59011
FR;9;2023-02-18;1;5;1;30;5;3;25;58;29;1506;1885;15470;153060;1210;10263;155274;225349;59040
FR;9;2023-02-19;1;0;0;1;0;0;1;3;2;1507;1885;15470;153061;1210;10263;155275;225352;59042
FR;9;2023-02-20;2;3;9;60;2;6;60;123;55;1509;1888;15479;153121;1212;10269;155335;225475;59097
FR;9;2023-02-21;6;9;11;65;7;10;65;160;83;1515;1897;15490;153186;1219;10279;155400;225635;59180
FR;9;2023-02-22;2;4;18;70;3;13;72;210;118;1517;1901;15508;153256;1222;10292;155472;225845;59298
FR;9;2023-02-23;5;3;17;63;1;12;69;146;61;1522;1904;15525;153319;1223;10304;155541;225991;59359
FR;9;2023-02-24;6;5;13;80;6;8;83;211;114;1528;1909;15538;153399;1229;10312;155624;226202;59473
FR;9;2023-02-25;2;2;10;14;4;4;23;43;16;1530;1911;15548;153413;1233;10316;155647;226245;59489
FR;9;2023-02-26;3;1;0;4;3;1;4;5;0;1533;1912;15548;153417;1236;10317;155651;226250;59489
FR;9;2023-02-27;2;3;5;17;3;2;19;49;26;1535;1915;15553;153434;1239;10319;155670;226299;59515
FR;9;2023-02-28;7;13;18;55;11;16;58;155;76;1542;1928;15571;153489;1250;10335;155728;226454;59591
FR;9;2023-03-01;0;9;6;20;7;7;20;78;48;1542;1937;15577;153509;1257;10342;155748;226532;59639
FR;9;2023-03-02;0;1;7;31;1;2;36;80;41;1542;1938;15584;153540;1258;10344;155784;226612;59680
FR;9;2023-03-03;1;4;9;47;3;7;48;122;67;1543;1942;15593;153587;1261;10351;155832;226734;59747
FR;9;2023-03-04;1;2;7;19;1;4;25;41;10;1544;1944;15600;153606;1262;10355;155857;226775;59757
FR;9;2023-03-05;0;1;1;0;1;0;1;8;7;1544;1945;15601;153606;1263;10355;155858;226783;59764
FR;9;2023-03-06;1;6;6;8;3;6;9;35;19;1545;1951;15607;153614;1266;10361;155867;226818;59783
FR;9;2023-03-07;2;4;8;20;0;9;24;69;34;1547;1955;15615;153634;1266;10370;155891;226887;59817
FR;9;2023-03-08;2;4;10;6;4;4;13;39;20;1549;1959;15625;153640;1270;10374;155904;226926;59837
FR;9;2023-03-09;1;3;9;12;2;6;17;65;42;1550;1962;15634;153652;1272;10380;155921;226991;59879
FR;9;2023-03-10;3;3;6;23;3;4;20;70;44;1553;1965;15640;153675;1275;10384;155941;227061;59923
FR;9;2023-03-11;2;3;4;8;2;1;11;15;3;1555;1968;15644;153683;1277;10385;155952;227076;59926
FR;9;2023-03-12;0;1;0;0;1;0;0;0;0;1555;1969;15644;153683;1278;10385;155952;227076;59926
FR;9;2023-03-13;3;5;9;34;3;4;14;49;29;1558;1974;15653;153717;1281;10389;155966;227125;59955
FR;9;2023-03-14;3;3;7;27;1;6;29;79;41;1561;1977;15660;153744;1282;10395;155995;227204;59996
FR;9;2023-03-15;0;6;4;15;4;4;17;47;24;1561;1983;15664;153759;1286;10399;156012;227251;60020
FR;9;2023-03-16;0;9;7;15;5;8;15;77;52;1561;1992;15671;153774;1291;10407;156027;227328;60072
FR;9;2023-03-17;0;7;6;40;3;8;27;113;71;1561;1999;15677;153814;1294;10415;156054;227441;60143
FR;9;2023-03-18;2;2;5;13;1;4;16;48;26;1563;2001;15682;153827;1295;10419;156070;227489;60169
FR;9;2023-03-19;0;1;0;0;1;0;0;0;0;1563;2002;15682;153827;1296;10419;156070;227489;60169
FR;9;2023-03-20;3;7;1;25;6;1;13;54;40;1566;2009;15683;153852;1302;10420;156083;227543;60209
FR;9;2023-03-21;1;1;6;16;1;1;21;69;47;1567;2010;15689;153868;1303;10421;156104;227612;60256
FR;9;2023-03-22;1;2;4;19;2;2;22;78;49;1568;2012;15693;153887;1305;10423;156126;227690;60305
FR;9;2023-03-23;0;6;7;22;4;7;21;56;25;1568;2018;15700;153909;1309;10430;156147;227746;60330
FR;9;2023-03-24;2;2;5;25;2;5;26;53;19;1570;2020;15705;153934;1311;10435;156173;227799;60349
FR;9;2023-03-25;0;0;4;6;0;3;8;16;5;1570;2020;15709;153940;1311;10438;156181;227815;60354
FR;9;2023-03-26;0;1;0;0;0;1;0;2;1;1570;2021;15709;153940;1311;10439;156181;227817;60355
FR;9;2023-03-27;0;3;4;8;2;2;12;32;15;1570;2024;15713;153948;1313;10441;156193;227849;60370
FR;9;2023-03-28;5;13;6;17;12;7;16;49;22;1575;2037;15719;153965;1325;10448;156209;227898;60392
FR;9;2023-03-29;3;6;8;5;2;8;8;28;12;1578;2043;15727;153970;1327;10456;156217;227926;60404
FR;9;2023-03-30;2;2;2;17;2;3;17;43;20;1580;2045;15729;153987;1329;10459;156234;227969;60424
FR;9;2023-03-31;1;3;2;18;1;6;15;45;22;1581;2048;15731;154005;1330;10465;156249;228014;60446
FR;9;2023-04-01;0;1;5;2;0;4;5;12;3;1581;2049;15736;154007;1330;10469;156254;228026;60449
FR;9;2023-04-02;3;1;1;0;0;2;0;4;2;1584;2050;15737;154007;1330;10471;156254;228030;60451
FR;9;2023-04-03;0;1;3;13;0;4;10;53;34;1584;2051;15740;154020;1330;10475;156264;228083;60485
FR;9;2023-04-04;4;4;11;18;2;7;22;61;29;1588;2055;15751;154038;1332;10482;156286;228144;60514
FR;9;2023-04-05;0;2;5;27;1;3;32;78;39;1588;2057;15756;154065;1333;10485;156318;228222;60553
FR;9;2023-04-06;0;0;4;13;0;2;16;42;23;1588;2057;15760;154078;1333;10487;156334;228264;60576
FR;9;2023-04-07;1;6;1;7;2;4;7;34;19;1589;2063;15761;154085;1335;10491;156341;228298;60595
FR;9;2023-04-08;0;1;2;1;0;1;3;7;2;1589;2064;15763;154086;1335;10492;156344;228305;60597
FR;9;2023-04-09;0;1;0;0;1;0;0;2;1;1589;2065;15763;154086;1336;10492;156344;228307;60598
FR;9;2023-04-10;0;1;1;5;1;1;5;6;0;1589;2066;15764;154091;1337;10493;156349;228313;60598
FR;9;2023-04-11;2;5;4;9;4;3;8;22;8;1591;2071;15768;154100;1341;10496;156357;228335;60606
FR;9;2023-04-12;1;2;6;8;2;4;10;41;24;1592;2073;15774;154108;1343;10500;156367;228376;60630
FR;9;2023-04-13;0;0;2;4;0;2;4;15;9;1592;2073;15776;154112;1343;10502;156371;228391;60639
FR;9;2023-04-14;1;4;7;10;1;6;12;38;13;1593;2077;15783;154122;1344;10508;156383;228429;60652
FR;9;2023-04-15;0;1;2;2;1;1;2;7;4;1593;2078;15785;154124;1345;10509;156385;228436;60656
FR;9;2023-04-16;0;1;0;0;1;0;0;0;0;1593;2079;15785;154124;1346;10509;156385;228436;60656
FR;9;2023-04-17;1;2;6;11;2;2;14;44;21;1594;2081;15791;154135;1348;10511;156399;228480;60677
FR;9;2023-04-18;2;1;3;8;1;2;9;34;21;1596;2082;15794;154143;1349;10513;156408;228514;60698
FR;9;2023-04-19;1;0;2;4;0;2;4;28;16;1597;2082;15796;154147;1349;10515;156412;228542;60714
FR;9;2023-04-20;1;0;2;6;0;2;6;24;13;1598;2082;15798;154153;1349;10517;156418;228566;60727
FR;9;2023-04-21;0;2;2;5;1;3;8;31;15;1598;2084;15800;154158;1350;10520;156426;228597;60742
FR;9;2023-04-22;0;1;0;2;1;0;2;3;1;1598;2085;15800;154160;1351;10520;156428;228600;60743
FR;9;2023-04-23;0;0;0;0;0;0;0;1;0;1598;2085;15800;154160;1351;10520;156428;228601;60743
FR;9;2023-04-24;1;3;3;13;3;3;11;26;9;1599;2088;15803;154173;1354;10523;156439;228627;60752
FR;9;2023-04-25;1;2;5;11;2;1;16;87;43;1600;2090;15808;154184;1356;10524;156455;228714;60795
FR;9;2023-04-26;5;0;4;9;0;5;4;13;3;1605;2090;15812;154193;1356;10529;156459;228727;60798
FR;9;2023-04-27;0;2;4;2;2;4;1;9;3;1605;2092;15816;154195;1358;10533;156460;228736;60801
FR;9;2023-04-28;0;0;0;0;0;0;0;4;4;1605;2092;15816;154195;1358;10533;156460;228740;60805
FR;9;2023-04-29;1;2;2;0;1;1;3;8;3;1606;2094;15818;154195;1359;10534;156463;228748;60808
FR;9;2023-04-30;0;1;0;0;1;0;0;0;0;1606;2095;15818;154195;1360;10534;156463;228748;60808
FR;9;2023-05-01;0;0;0;0;0;0;0;0;0;1606;2095;15818;154195;1360;10534;156463;228748;60808
FR;9;2023-05-02;1;1;3;2;0;3;3;18;7;1607;2096;15821;154197;1360;10537;156466;228766;60815
FR;9;2023-05-03;2;2;2;2;1;3;2;9;3;1609;2098;15823;154199;1361;10540;156468;228775;60818
FR;9;2023-05-04;0;1;2;2;1;2;3;9;2;1609;2099;15825;154201;1362;10542;156471;228784;60820
FR;9;2023-05-05;0;1;2;1;1;0;3;19;11;1609;2100;15827;154202;1363;10542;156474;228803;60831
FR;9;2023-05-06;0;1;0;0;1;0;0;3;2;1609;2101;15827;154202;1364;10542;156474;228806;60833
FR;9;2023-05-07;0;1;0;0;0;1;0;1;0;1609;2102;15827;154202;1364;10543;156474;228807;60833
FR;9;2023-05-08;0;0;0;0;0;0;0;0;0;1609;2102;15827;154202;1364;10543;156474;228807;60833
FR;9;2023-05-09;0;1;3;16;1;3;14;45;28;1609;2103;15830;154218;1365;10546;156488;228852;60861
FR;9;2023-05-10;1;0;0;0;0;1;0;9;3;1610;2103;15830;154218;1365;10547;156488;228861;60864
FR;9;2023-05-11;0;0;1;0;0;1;0;7;5;1610;2103;15831;154218;1365;10548;156488;228868;60869
FR;9;2023-05-12;1;1;4;1;0;3;3;14;7;1611;2104;15835;154219;1365;10551;156491;228882;60876
FR;9;2023-05-13;0;0;0;0;0;0;0;2;1;1611;2104;15835;154219;1365;10551;156491;228884;60877
FR;9;2023-05-14;0;0;0;0;0;0;0;0;0;1611;2104;15835;154219;1365;10551;156491;228884;60877
FR;9;2023-05-15;0;0;0;1;0;0;1;9;2;1611;2104;15835;154220;1365;10551;156492;228893;60879
FR;9;2023-05-16;0;1;0;3;1;0;3;11;4;1611;2105;15835;154223;1366;10551;156495;228904;60883
FR;9;2023-05-17;0;0;1;4;0;1;3;7;0;1611;2105;15836;154227;1366;10552;156498;228911;60883
FR;9;2023-05-18;0;0;0;0;0;0;0;0;0;1611;2105;15836;154227;1366;10552;156498;228911;60883
FR;9;2023-05-19;0;1;1;1;1;0;2;6;4;1611;2106;15837;154228;1367;10552;156500;228917;60887
FR;9;2023-05-20;0;0;0;0;0;0;0;2;0;1611;2106;15837;154228;1367;10552;156500;228919;60887
FR;9;2023-05-21;0;0;0;0;0;0;0;0;0;1611;2106;15837;154228;1367;10552;156500;228919;60887
FR;9;2023-05-22;0;1;0;0;1;0;0;4;4;1611;2107;15837;154228;1368;10552;156500;228923;60891
FR;9;2023-05-23;1;1;0;1;0;1;1;10;3;1612;2108;15837;154229;1368;10553;156501;228933;60894
FR;9;2023-05-24;0;1;0;2;1;0;2;4;0;1612;2109;15837;154231;1369;10553;156503;228937;60894
FR;9;2023-05-25;0;0;0;0;0;0;0;3;0;1612;2109;15837;154231;1369;10553;156503;228940;60894
FR;9;2023-05-26;0;0;2;3;0;2;2;13;8;1612;2109;15839;154234;1369;10555;156505;228953;60902
FR;9;2023-05-27;0;0;0;0;0;0;0;0;0;1612;2109;15839;154234;1369;10555;156505;228953;60902
FR;9;2023-05-28;0;0;0;0;0;0;0;0;0;1612;2109;15839;154234;1369;10555;156505;228953;60902
FR;9;2023-05-29;0;0;0;0;0;0;0;0;0;1612;2109;15839;154234;1369;10555;156505;228953;60902
FR;10;2020-12-27;0;0;0;0;0;0;0;0;0;0;0;0;0;0;0;0;0;0
FR;10;2020-12-28;0;0;0;0;0;0;0;0;0;0;0;0;0;0;0;0;0;0
FR;10;2020-12-29;0;0;0;0;0;0;0;0;0;0;0;0;0;0;0;0;0;0
FR;10;2020-12-30;0;0;0;0;0;0;0;0;0;0;0;0;0;0;0;0;0;0
FR;10;2020-12-31;0;0;0;0;0;0;0;0;0;0;0;0;0;0;0;0;0;0
FR;10;2021-01-01;0;0;0;0;0;0;0;0;0;0;0;0;0;0;0;0;0;0
FR;10;2021-01-02;0;0;0;0;0;0;0;0;0;0;0;0;0;0;0;0;0;0
FR;10;2021-01-03;0;0;0;0;0;0;0;0;0;0;0;0;0;0;0;0;0;0
FR;10;2021-01-04;0;0;0;0;0;0;0;0;0;0;0;0;0;0;0;0;0;0
FR;10;2021-01-05;0;0;0;0;0;0;0;0;0;0;0;0;0;0;0;0;0;0
FR;10;2021-01-06;0;0;0;0;0;0;0;0;0;0;0;0;0;0;0;0;0;0
FR;10;2021-01-07;0;0;0;0;0;0;0;0;0;0;0;0;0;0;0;0;0;0
FR;10;2021-01-08;0;0;0;0;0;0;0;0;0;0;0;0;0;0;0;0;0;0
FR;10;2021-01-09;0;0;0;0;0;0;0;0;0;0;0;0;0;0;0;0;0;0
FR;10;2021-01-10;0;0;0;0;0;0;0;0;0;0;0;0;0;0;0;0;0;0
FR;10;2021-01-11;0;0;0;0;0;0;0;0;0;0;0;0;0;0;0;0;0;0
FR;10;2021-01-12;0;0;0;0;0;0;0;0;0;0;0;0;0;0;0;0;0;0
FR;10;2021-01-13;0;0;0;0;0;0;0;0;0;0;0;0;0;0;0;0;0;0
FR;10;2021-01-14;0;0;0;0;0;0;0;0;0;0;0;0;0;0;0;0;0;0
FR;10;2021-01-15;0;0;0;0;0;0;0;0;0;0;0;0;0;0;0;0;0;0
FR;10;2021-01-16;0;0;0;0;0;0;0;0;0;0;0;0;0;0;0;0;0;0
FR;10;2021-01-17;0;0;0;0;0;0;0;0;0;0;0;0;0;0;0;0;0;0
FR;10;2021-01-18;0;0;0;0;0;0;0;0;0;0;0;0;0;0;0;0;0;0
FR;10;2021-01-19;0;0;0;0;0;0;0;0;0;0;0;0;0;0;0;0;0;0
FR;10;2021-01-20;0;0;0;0;0;0;0;0;0;0;0;0;0;0;0;0;0;0
FR;10;2021-01-21;0;0;0;0;0;0;0;0;0;0;0;0;0;0;0;0;0;0
FR;10;2021-01-22;0;0;0;0;0;0;0;0;0;0;0;0;0;0;0;0;0;0
FR;10;2021-01-23;0;0;0;0;0;0;0;0;0;0;0;0;0;0;0;0;0;0
FR;10;2021-01-24;0;0;0;0;0;0;0;0;0;0;0;0;0;0;0;0;0;0
FR;10;2021-01-25;0;0;0;0;0;0;0;0;0;0;0;0;0;0;0;0;0;0
FR;10;2021-01-26;0;0;0;0;0;0;0;0;0;0;0;0;0;0;0;0;0;0
FR;10;2021-01-27;0;0;0;0;0;0;0;0;0;0;0;0;0;0;0;0;0;0
FR;10;2021-01-28;0;0;0;0;0;0;0;0;0;0;0;0;0;0;0;0;0;0
FR;10;2021-01-29;0;0;0;0;0;0;0;0;0;0;0;0;0;0;0;0;0;0
FR;10;2021-01-30;0;0;0;0;0;0;0;0;0;0;0;0;0;0;0;0;0;0
FR;10;2021-01-31;0;0;0;0;0;0;0;0;0;0;0;0;0;0;0;0;0;0
FR;10;2021-02-01;0;0;0;0;0;0;0;0;0;0;0;0;0;0;0;0;0;0
FR;10;2021-02-02;0;0;0;0;0;0;0;0;0;0;0;0;0;0;0;0;0;0
FR;10;2021-02-03;0;0;0;0;0;0;0;0;0;0;0;0;0;0;0;0;0;0
FR;10;2021-02-04;0;0;0;0;0;0;0;0;0;0;0;0;0;0;0;0;0;0
FR;10;2021-02-05;0;0;0;0;0;0;0;0;0;0;0;0;0;0;0;0;0;0
FR;10;2021-02-06;0;0;0;0;0;0;0;0;0;0;0;0;0;0;0;0;0;0
FR;10;2021-02-07;0;0;0;0;0;0;0;0;0;0;0;0;0;0;0;0;0;0
FR;10;2021-02-08;0;0;0;0;0;0;0;0;0;0;0;0;0;0;0;0;0;0
FR;10;2021-02-09;0;0;0;0;0;0;0;0;0;0;0;0;0;0;0;0;0;0
FR;10;2021-02-10;0;0;0;0;0;0;0;0;0;0;0;0;0;0;0;0;0;0
FR;10;2021-02-11;0;0;0;0;0;0;0;0;0;0;0;0;0;0;0;0;0;0
FR;10;2021-02-12;0;0;0;0;0;0;0;0;0;0;0;0;0;0;0;0;0;0
FR;10;2021-02-13;0;0;0;0;0;0;0;0;0;0;0;0;0;0;0;0;0;0
FR;10;2021-02-14;0;0;0;0;0;0;0;0;0;0;0;0;0;0;0;0;0;0
FR;10;2021-02-15;0;0;0;0;0;0;0;0;0;0;0;0;0;0;0;0;0;0
FR;10;2021-02-16;0;0;0;0;0;0;0;0;0;0;0;0;0;0;0;0;0;0
FR;10;2021-02-17;0;0;0;0;0;0;0;0;0;0;0;0;0;0;0;0;0;0
FR;10;2021-02-18;0;0;0;0;0;0;0;0;0;0;0;0;0;0;0;0;0;0
FR;10;2021-02-19;0;0;0;0;0;0;0;0;0;0;0;0;0;0;0;0;0;0
FR;10;2021-02-20;0;0;0;0;0;0;0;0;0;0;0;0;0;0;0;0;0;0
FR;10;2021-02-21;0;0;0;0;0;0;0;0;0;0;0;0;0;0;0;0;0;0
FR;10;2021-02-22;0;0;0;0;0;0;0;0;0;0;0;0;0;0;0;0;0;0
FR;10;2021-02-23;0;0;0;0;0;0;0;0;0;0;0;0;0;0;0;0;0;0
FR;10;2021-02-24;0;0;0;0;0;0;0;0;0;0;0;0;0;0;0;0;0;0
FR;10;2021-02-25;0;0;0;0;0;0;0;0;0;0;0;0;0;0;0;0;0;0
FR;10;2021-02-26;0;0;0;0;0;0;0;0;0;0;0;0;0;0;0;0;0;0
FR;10;2021-02-27;0;0;0;0;0;0;0;0;0;0;0;0;0;0;0;0;0;0
FR;10;2021-02-28;0;0;0;0;0;0;0;0;0;0;0;0;0;0;0;0;0;0
FR;10;2021-03-01;0;0;0;0;0;0;0;0;0;0;0;0;0;0;0;0;0;0
FR;10;2021-03-02;0;0;0;0;0;0;0;0;0;0;0;0;0;0;0;0;0;0
FR;10;2021-03-03;0;0;0;0;0;0;0;0;0;0;0;0;0;0;0;0;0;0
FR;10;2021-03-04;0;0;0;0;0;0;0;0;0;0;0;0;0;0;0;0;0;0
FR;10;2021-03-05;0;0;0;0;0;0;0;0;0;0;0;0;0;0;0;0;0;0
FR;10;2021-03-06;0;0;0;0;0;0;0;0;0;0;0;0;0;0;0;0;0;0
FR;10;2021-03-07;0;0;0;0;0;0;0;0;0;0;0;0;0;0;0;0;0;0
FR;10;2021-03-08;0;0;0;0;0;0;0;0;0;0;0;0;0;0;0;0;0;0
FR;10;2021-03-09;0;0;0;0;0;0;0;0;0;0;0;0;0;0;0;0;0;0
FR;10;2021-03-10;0;0;0;0;0;0;0;0;0;0;0;0;0;0;0;0;0;0
FR;10;2021-03-11;0;0;0;0;0;0;0;0;0;0;0;0;0;0;0;0;0;0
FR;10;2021-03-12;0;0;0;0;0;0;0;0;0;0;0;0;0;0;0;0;0;0
FR;10;2021-03-13;0;0;0;0;0;0;0;0;0;0;0;0;0;0;0;0;0;0
FR;10;2021-03-14;0;0;0;0;0;0;0;0;0;0;0;0;0;0;0;0;0;0
FR;10;2021-03-15;0;0;0;0;0;0;0;0;0;0;0;0;0;0;0;0;0;0
FR;10;2021-03-16;0;0;0;0;0;0;0;0;0;0;0;0;0;0;0;0;0;0
FR;10;2021-03-17;0;0;0;0;0;0;0;0;0;0;0;0;0;0;0;0;0;0
FR;10;2021-03-18;0;0;0;0;0;0;0;0;0;0;0;0;0;0;0;0;0;0
FR;10;2021-03-19;0;0;0;0;0;0;0;0;0;0;0;0;0;0;0;0;0;0
FR;10;2021-03-20;0;0;0;0;0;0;0;0;0;0;0;0;0;0;0;0;0;0
FR;10;2021-03-21;0;0;0;0;0;0;0;0;0;0;0;0;0;0;0;0;0;0
FR;10;2021-03-22;0;0;0;0;0;0;0;0;0;0;0;0;0;0;0;0;0;0
FR;10;2021-03-23;0;0;0;0;0;0;0;0;0;0;0;0;0;0;0;0;0;0
FR;10;2021-03-24;0;0;0;0;0;0;0;0;0;0;0;0;0;0;0;0;0;0
FR;10;2021-03-25;0;0;0;0;0;0;0;0;0;0;0;0;0;0;0;0;0;0
FR;10;2021-03-26;0;0;0;0;0;0;0;0;0;0;0;0;0;0;0;0;0;0
FR;10;2021-03-27;0;0;0;0;0;0;0;0;0;0;0;0;0;0;0;0;0;0
FR;10;2021-03-28;0;0;0;0;0;0;0;0;0;0;0;0;0;0;0;0;0;0
FR;10;2021-03-29;0;0;0;0;0;0;0;0;0;0;0;0;0;0;0;0;0;0
FR;10;2021-03-30;0;0;0;0;0;0;0;0;0;0;0;0;0;0;0;0;0;0
FR;10;2021-03-31;0;0;0;0;0;0;0;0;0;0;0;0;0;0;0;0;0;0
FR;10;2021-04-01;0;0;0;0;0;0;0;0;0;0;0;0;0;0;0;0;0;0
FR;10;2021-04-02;0;0;0;0;0;0;0;0;0;0;0;0;0;0;0;0;0;0
FR;10;2021-04-03;0;0;0;0;0;0;0;0;0;0;0;0;0;0;0;0;0;0
FR;10;2021-04-04;0;0;0;0;0;0;0;0;0;0;0;0;0;0;0;0;0;0
FR;10;2021-04-05;0;0;0;0;0;0;0;0;0;0;0;0;0;0;0;0;0;0
FR;10;2021-04-06;0;0;0;0;0;0;0;0;0;0;0;0;0;0;0;0;0;0
FR;10;2021-04-07;0;0;0;0;0;0;0;0;0;0;0;0;0;0;0;0;0;0
FR;10;2021-04-08;0;0;0;0;0;0;0;0;0;0;0;0;0;0;0;0;0;0
FR;10;2021-04-09;0;0;0;0;0;0;0;0;0;0;0;0;0;0;0;0;0;0
FR;10;2021-04-10;0;0;0;0;0;0;0;0;0;0;0;0;0;0;0;0;0;0
FR;10;2021-04-11;0;0;0;0;0;0;0;0;0;0;0;0;0;0;0;0;0;0
FR;10;2021-04-12;0;0;0;0;0;0;0;0;0;0;0;0;0;0;0;0;0;0
FR;10;2021-04-13;0;0;0;0;0;0;0;0;0;0;0;0;0;0;0;0;0;0
FR;10;2021-04-14;0;0;0;0;0;0;0;0;0;0;0;0;0;0;0;0;0;0
FR;10;2021-04-15;0;0;0;0;0;0;0;0;0;0;0;0;0;0;0;0;0;0
FR;10;2021-04-16;0;0;0;0;0;0;0;0;0;0;0;0;0;0;0;0;0;0
FR;10;2021-04-17;0;0;0;0;0;0;0;0;0;0;0;0;0;0;0;0;0;0
FR;10;2021-04-18;0;0;0;0;0;0;0;0;0;0;0;0;0;0;0;0;0;0
FR;10;2021-04-19;0;0;0;0;0;0;0;0;0;0;0;0;0;0;0;0;0;0
FR;10;2021-04-20;0;0;0;0;0;0;0;0;0;0;0;0;0;0;0;0;0;0
FR;10;2021-04-21;0;0;0;0;0;0;0;0;0;0;0;0;0;0;0;0;0;0
FR;10;2021-04-22;0;0;0;0;0;0;0;0;0;0;0;0;0;0;0;0;0;0
FR;10;2021-04-23;0;0;0;0;0;0;0;0;0;0;0;0;0;0;0;0;0;0
FR;10;2021-04-24;0;0;0;0;0;0;0;0;0;0;0;0;0;0;0;0;0;0
FR;10;2021-04-25;0;0;0;0;0;0;0;0;0;0;0;0;0;0;0;0;0;0
FR;10;2021-04-26;0;0;0;0;0;0;0;0;0;0;0;0;0;0;0;0;0;0
FR;10;2021-04-27;0;0;0;0;0;0;0;0;0;0;0;0;0;0;0;0;0;0
FR;10;2021-04-28;0;0;0;0;0;0;0;0;0;0;0;0;0;0;0;0;0;0
FR;10;2021-04-29;0;0;0;0;0;0;0;0;0;0;0;0;0;0;0;0;0;0
FR;10;2021-04-30;0;0;0;0;0;0;0;0;0;0;0;0;0;0;0;0;0;0
FR;10;2021-05-01;0;0;0;0;0;0;0;0;0;0;0;0;0;0;0;0;0;0
FR;10;2021-05-02;0;0;0;0;0;0;0;0;0;0;0;0;0;0;0;0;0;0
FR;10;2021-05-03;0;0;0;0;0;0;0;0;0;0;0;0;0;0;0;0;0;0
FR;10;2021-05-04;0;0;0;0;0;0;0;0;0;0;0;0;0;0;0;0;0;0
FR;10;2021-05-05;0;0;0;0;0;0;0;0;0;0;0;0;0;0;0;0;0;0
FR;10;2021-05-06;0;0;0;0;0;0;0;0;0;0;0;0;0;0;0;0;0;0
FR;10;2021-05-07;0;0;0;0;0;0;0;0;0;0;0;0;0;0;0;0;0;0
FR;10;2021-05-08;0;0;0;0;0;0;0;0;0;0;0;0;0;0;0;0;0;0
FR;10;2021-05-09;0;0;0;0;0;0;0;0;0;0;0;0;0;0;0;0;0;0
FR;10;2021-05-10;0;0;0;0;0;0;0;0;0;0;0;0;0;0;0;0;0;0
FR;10;2021-05-11;0;0;0;0;0;0;0;0;0;0;0;0;0;0;0;0;0;0
FR;10;2021-05-12;0;0;0;0;0;0;0;0;0;0;0;0;0;0;0;0;0;0
FR;10;2021-05-13;0;0;0;0;0;0;0;0;0;0;0;0;0;0;0;0;0;0
FR;10;2021-05-14;0;0;0;0;0;0;0;0;0;0;0;0;0;0;0;0;0;0
FR;10;2021-05-15;0;0;0;0;0;0;0;0;0;0;0;0;0;0;0;0;0;0
FR;10;2021-05-16;0;0;0;0;0;0;0;0;0;0;0;0;0;0;0;0;0;0
FR;10;2021-05-17;0;0;0;0;0;0;0;0;0;0;0;0;0;0;0;0;0;0
FR;10;2021-05-18;0;0;0;0;0;0;0;0;0;0;0;0;0;0;0;0;0;0
FR;10;2021-05-19;0;0;0;0;0;0;0;0;0;0;0;0;0;0;0;0;0;0
FR;10;2021-05-20;0;0;0;0;0;0;0;0;0;0;0;0;0;0;0;0;0;0
FR;10;2021-05-21;0;0;0;0;0;0;0;0;0;0;0;0;0;0;0;0;0;0
FR;10;2021-05-22;0;0;0;0;0;0;0;0;0;0;0;0;0;0;0;0;0;0
FR;10;2021-05-23;0;0;0;0;0;0;0;0;0;0;0;0;0;0;0;0;0;0
FR;10;2021-05-24;0;0;0;0;0;0;0;0;0;0;0;0;0;0;0;0;0;0
FR;10;2021-05-25;0;0;0;0;0;0;0;0;0;0;0;0;0;0;0;0;0;0
FR;10;2021-05-26;0;0;0;0;0;0;0;0;0;0;0;0;0;0;0;0;0;0
FR;10;2021-05-27;0;0;0;0;0;0;0;0;0;0;0;0;0;0;0;0;0;0
FR;10;2021-05-28;0;0;0;0;0;0;0;0;0;0;0;0;0;0;0;0;0;0
FR;10;2021-05-29;0;0;0;0;0;0;0;0;0;0;0;0;0;0;0;0;0;0
FR;10;2021-05-30;0;0;0;0;0;0;0;0;0;0;0;0;0;0;0;0;0;0
FR;10;2021-05-31;0;0;0;0;0;0;0;0;0;0;0;0;0;0;0;0;0;0
FR;10;2021-06-01;0;0;0;0;0;0;0;0;0;0;0;0;0;0;0;0;0;0
FR;10;2021-06-02;0;0;0;0;0;0;0;0;0;0;0;0;0;0;0;0;0;0
FR;10;2021-06-03;0;0;0;0;0;0;0;0;0;0;0;0;0;0;0;0;0;0
FR;10;2021-06-04;0;0;0;0;0;0;0;0;0;0;0;0;0;0;0;0;0;0
FR;10;2021-06-05;0;0;0;0;0;0;0;0;0;0;0;0;0;0;0;0;0;0
FR;10;2021-06-06;0;0;0;0;0;0;0;0;0;0;0;0;0;0;0;0;0;0
FR;10;2021-06-07;0;0;0;0;0;0;0;0;0;0;0;0;0;0;0;0;0;0
FR;10;2021-06-08;0;0;0;0;0;0;0;0;0;0;0;0;0;0;0;0;0;0
FR;10;2021-06-09;0;0;0;0;0;0;0;0;0;0;0;0;0;0;0;0;0;0
FR;10;2021-06-10;0;0;0;0;0;0;0;0;0;0;0;0;0;0;0;0;0;0
FR;10;2021-06-11;0;0;0;0;0;0;0;0;0;0;0;0;0;0;0;0;0;0
FR;10;2021-06-12;0;0;0;0;0;0;0;0;0;0;0;0;0;0;0;0;0;0
FR;10;2021-06-13;0;0;0;0;0;0;0;0;0;0;0;0;0;0;0;0;0;0
FR;10;2021-06-14;0;0;0;0;0;0;0;0;0;0;0;0;0;0;0;0;0;0
FR;10;2021-06-15;0;0;0;0;0;0;0;0;0;0;0;0;0;0;0;0;0;0
FR;10;2021-06-16;0;0;0;0;0;0;0;0;0;0;0;0;0;0;0;0;0;0
FR;10;2021-06-17;0;0;0;0;0;0;0;0;0;0;0;0;0;0;0;0;0;0
FR;10;2021-06-18;0;0;0;0;0;0;0;0;0;0;0;0;0;0;0;0;0;0
FR;10;2021-06-19;0;0;0;0;0;0;0;0;0;0;0;0;0;0;0;0;0;0
FR;10;2021-06-20;0;0;0;0;0;0;0;0;0;0;0;0;0;0;0;0;0;0
FR;10;2021-06-21;0;0;0;0;0;0;0;0;0;0;0;0;0;0;0;0;0;0
FR;10;2021-06-22;0;0;0;0;0;0;0;0;0;0;0;0;0;0;0;0;0;0
FR;10;2021-06-23;0;0;0;0;0;0;0;0;0;0;0;0;0;0;0;0;0;0
FR;10;2021-06-24;0;0;0;0;0;0;0;0;0;0;0;0;0;0;0;0;0;0
FR;10;2021-06-25;0;0;0;0;0;0;0;0;0;0;0;0;0;0;0;0;0;0
FR;10;2021-06-26;0;0;0;0;0;0;0;0;0;0;0;0;0;0;0;0;0;0
FR;10;2021-06-27;0;0;0;0;0;0;0;0;0;0;0;0;0;0;0;0;0;0
FR;10;2021-06-28;0;0;0;0;0;0;0;0;0;0;0;0;0;0;0;0;0;0
FR;10;2021-06-29;0;0;0;0;0;0;0;0;0;0;0;0;0;0;0;0;0;0
FR;10;2021-06-30;0;0;0;0;0;0;0;0;0;0;0;0;0;0;0;0;0;0
FR;10;2021-07-01;0;0;0;0;0;0;0;0;0;0;0;0;0;0;0;0;0;0
FR;10;2021-07-02;0;0;0;0;0;0;0;0;0;0;0;0;0;0;0;0;0;0
FR;10;2021-07-03;0;0;0;0;0;0;0;0;0;0;0;0;0;0;0;0;0;0
FR;10;2021-07-04;0;0;0;0;0;0;0;0;0;0;0;0;0;0;0;0;0;0
FR;10;2021-07-05;0;0;0;0;0;0;0;0;0;0;0;0;0;0;0;0;0;0
FR;10;2021-07-06;0;0;0;0;0;0;0;0;0;0;0;0;0;0;0;0;0;0
FR;10;2021-07-07;0;0;0;0;0;0;0;0;0;0;0;0;0;0;0;0;0;0
FR;10;2021-07-08;0;0;0;0;0;0;0;0;0;0;0;0;0;0;0;0;0;0
FR;10;2021-07-09;0;0;0;0;0;0;0;0;0;0;0;0;0;0;0;0;0;0
FR;10;2021-07-10;0;0;0;0;0;0;0;0;0;0;0;0;0;0;0;0;0;0
FR;10;2021-07-11;0;0;0;0;0;0;0;0;0;0;0;0;0;0;0;0;0;0
FR;10;2021-07-12;0;0;0;0;0;0;0;0;0;0;0;0;0;0;0;0;0;0
FR;10;2021-07-13;0;0;0;0;0;0;0;0;0;0;0;0;0;0;0;0;0;0
FR;10;2021-07-14;0;0;0;0;0;0;0;0;0;0;0;0;0;0;0;0;0;0
FR;10;2021-07-15;0;0;0;0;0;0;0;0;0;0;0;0;0;0;0;0;0;0
FR;10;2021-07-16;0;0;0;0;0;0;0;0;0;0;0;0;0;0;0;0;0;0
FR;10;2021-07-17;0;0;0;0;0;0;0;0;0;0;0;0;0;0;0;0;0;0
FR;10;2021-07-18;0;0;0;0;0;0;0;0;0;0;0;0;0;0;0;0;0;0
FR;10;2021-07-19;0;0;0;0;0;0;0;0;0;0;0;0;0;0;0;0;0;0
FR;10;2021-07-20;0;0;0;0;0;0;0;0;0;0;0;0;0;0;0;0;0;0
FR;10;2021-07-21;0;0;0;0;0;0;0;0;0;0;0;0;0;0;0;0;0;0
FR;10;2021-07-22;0;0;0;0;0;0;0;0;0;0;0;0;0;0;0;0;0;0
FR;10;2021-07-23;0;0;0;0;0;0;0;0;0;0;0;0;0;0;0;0;0;0
FR;10;2021-07-24;0;0;0;0;0;0;0;0;0;0;0;0;0;0;0;0;0;0
FR;10;2021-07-25;0;0;0;0;0;0;0;0;0;0;0;0;0;0;0;0;0;0
FR;10;2021-07-26;0;0;0;0;0;0;0;0;0;0;0;0;0;0;0;0;0;0
FR;10;2021-07-27;0;0;0;0;0;0;0;0;0;0;0;0;0;0;0;0;0;0
FR;10;2021-07-28;0;0;0;0;0;0;0;0;0;0;0;0;0;0;0;0;0;0
FR;10;2021-07-29;0;0;0;0;0;0;0;0;0;0;0;0;0;0;0;0;0;0
FR;10;2021-07-30;0;0;0;0;0;0;0;0;0;0;0;0;0;0;0;0;0;0
FR;10;2021-07-31;0;0;0;0;0;0;0;0;0;0;0;0;0;0;0;0;0;0
FR;10;2021-08-01;0;0;0;0;0;0;0;0;0;0;0;0;0;0;0;0;0;0
FR;10;2021-08-02;0;0;0;0;0;0;0;0;0;0;0;0;0;0;0;0;0;0
FR;10;2021-08-03;0;0;0;0;0;0;0;0;0;0;0;0;0;0;0;0;0;0
FR;10;2021-08-04;0;0;0;0;0;0;0;0;0;0;0;0;0;0;0;0;0;0
FR;10;2021-08-05;0;0;0;0;0;0;0;0;0;0;0;0;0;0;0;0;0;0
FR;10;2021-08-06;0;0;0;0;0;0;0;0;0;0;0;0;0;0;0;0;0;0
FR;10;2021-08-07;0;0;0;0;0;0;0;0;0;0;0;0;0;0;0;0;0;0
FR;10;2021-08-08;0;0;0;0;0;0;0;0;0;0;0;0;0;0;0;0;0;0
FR;10;2021-08-09;0;0;0;0;0;0;0;0;0;0;0;0;0;0;0;0;0;0
FR;10;2021-08-10;0;0;0;0;0;0;0;0;0;0;0;0;0;0;0;0;0;0
FR;10;2021-08-11;0;0;0;0;0;0;0;0;0;0;0;0;0;0;0;0;0;0
FR;10;2021-08-12;0;0;0;0;0;0;0;0;0;0;0;0;0;0;0;0;0;0
FR;10;2021-08-13;0;0;0;0;0;0;0;0;0;0;0;0;0;0;0;0;0;0
FR;10;2021-08-14;0;0;0;0;0;0;0;0;0;0;0;0;0;0;0;0;0;0
FR;10;2021-08-15;0;0;0;0;0;0;0;0;0;0;0;0;0;0;0;0;0;0
FR;10;2021-08-16;0;0;0;0;0;0;0;0;0;0;0;0;0;0;0;0;0;0
FR;10;2021-08-17;0;0;0;0;0;0;0;0;0;0;0;0;0;0;0;0;0;0
FR;10;2021-08-18;0;0;0;0;0;0;0;0;0;0;0;0;0;0;0;0;0;0
FR;10;2021-08-19;0;0;0;0;0;0;0;0;0;0;0;0;0;0;0;0;0;0
FR;10;2021-08-20;0;0;0;0;0;0;0;0;0;0;0;0;0;0;0;0;0;0
FR;10;2021-08-21;0;0;0;0;0;0;0;0;0;0;0;0;0;0;0;0;0;0
FR;10;2021-08-22;0;0;0;0;0;0;0;0;0;0;0;0;0;0;0;0;0;0
FR;10;2021-08-23;0;0;0;0;0;0;0;0;0;0;0;0;0;0;0;0;0;0
FR;10;2021-08-24;0;0;0;0;0;0;0;0;0;0;0;0;0;0;0;0;0;0
FR;10;2021-08-25;0;0;0;0;0;0;0;0;0;0;0;0;0;0;0;0;0;0
FR;10;2021-08-26;0;0;0;0;0;0;0;0;0;0;0;0;0;0;0;0;0;0
FR;10;2021-08-27;0;0;0;0;0;0;0;0;0;0;0;0;0;0;0;0;0;0
FR;10;2021-08-28;0;0;0;0;0;0;0;0;0;0;0;0;0;0;0;0;0;0
FR;10;2021-08-29;0;0;0;0;0;0;0;0;0;0;0;0;0;0;0;0;0;0
FR;10;2021-08-30;0;0;0;0;0;0;0;0;0;0;0;0;0;0;0;0;0;0
FR;10;2021-08-31;0;0;0;0;0;0;0;0;0;0;0;0;0;0;0;0;0;0
FR;10;2021-09-01;0;0;0;0;0;0;0;0;0;0;0;0;0;0;0;0;0;0
FR;10;2021-09-02;0;0;0;0;0;0;0;0;0;0;0;0;0;0;0;0;0;0
FR;10;2021-09-03;0;0;0;0;0;0;0;0;0;0;0;0;0;0;0;0;0;0
FR;10;2021-09-04;0;0;0;0;0;0;0;0;0;0;0;0;0;0;0;0;0;0
FR;10;2021-09-05;0;0;0;0;0;0;0;0;0;0;0;0;0;0;0;0;0;0
FR;10;2021-09-06;0;0;0;0;0;0;0;0;0;0;0;0;0;0;0;0;0;0
FR;10;2021-09-07;0;0;0;0;0;0;0;0;0;0;0;0;0;0;0;0;0;0
FR;10;2021-09-08;0;0;0;0;0;0;0;0;0;0;0;0;0;0;0;0;0;0
FR;10;2021-09-09;0;0;0;0;0;0;0;0;0;0;0;0;0;0;0;0;0;0
FR;10;2021-09-10;0;0;0;0;0;0;0;0;0;0;0;0;0;0;0;0;0;0
FR;10;2021-09-11;0;0;0;0;0;0;0;0;0;0;0;0;0;0;0;0;0;0
FR;10;2021-09-12;0;0;0;0;0;0;0;0;0;0;0;0;0;0;0;0;0;0
FR;10;2021-09-13;0;0;0;0;0;0;0;0;0;0;0;0;0;0;0;0;0;0
FR;10;2021-09-14;0;0;0;0;0;0;0;0;0;0;0;0;0;0;0;0;0;0
FR;10;2021-09-15;0;0;0;0;0;0;0;0;0;0;0;0;0;0;0;0;0;0
FR;10;2021-09-16;0;0;0;0;0;0;0;0;0;0;0;0;0;0;0;0;0;0
FR;10;2021-09-17;0;0;0;0;0;0;0;0;0;0;0;0;0;0;0;0;0;0
FR;10;2021-09-18;0;0;0;0;0;0;0;0;0;0;0;0;0;0;0;0;0;0
FR;10;2021-09-19;0;0;0;0;0;0;0;0;0;0;0;0;0;0;0;0;0;0
FR;10;2021-09-20;0;0;0;0;0;0;0;0;0;0;0;0;0;0;0;0;0;0
FR;10;2021-09-21;0;0;0;0;0;0;0;0;0;0;0;0;0;0;0;0;0;0
FR;10;2021-09-22;0;0;0;0;0;0;0;0;0;0;0;0;0;0;0;0;0;0
FR;10;2021-09-23;0;0;0;0;0;0;0;0;0;0;0;0;0;0;0;0;0;0
FR;10;2021-09-24;0;0;0;0;0;0;0;0;0;0;0;0;0;0;0;0;0;0
FR;10;2021-09-25;0;0;0;0;0;0;0;0;0;0;0;0;0;0;0;0;0;0
FR;10;2021-09-26;0;0;0;0;0;0;0;0;0;0;0;0;0;0;0;0;0;0
FR;10;2021-09-27;0;0;0;0;0;0;0;0;0;0;0;0;0;0;0;0;0;0
FR;10;2021-09-28;0;0;0;0;0;0;0;0;0;0;0;0;0;0;0;0;0;0
FR;10;2021-09-29;0;0;0;0;0;0;0;0;0;0;0;0;0;0;0;0;0;0
FR;10;2021-09-30;0;0;0;0;0;0;0;0;0;0;0;0;0;0;0;0;0;0
FR;10;2021-10-01;0;0;0;0;0;0;0;0;0;0;0;0;0;0;0;0;0;0
FR;10;2021-10-02;0;0;0;0;0;0;0;0;0;0;0;0;0;0;0;0;0;0
FR;10;2021-10-03;0;0;0;0;0;0;0;0;0;0;0;0;0;0;0;0;0;0
FR;10;2021-10-04;0;0;0;0;0;0;0;0;0;0;0;0;0;0;0;0;0;0
FR;10;2021-10-05;0;0;0;0;0;0;0;0;0;0;0;0;0;0;0;0;0;0
FR;10;2021-10-06;0;0;0;0;0;0;0;0;0;0;0;0;0;0;0;0;0;0
FR;10;2021-10-07;0;0;0;0;0;0;0;0;0;0;0;0;0;0;0;0;0;0
FR;10;2021-10-08;0;0;0;0;0;0;0;0;0;0;0;0;0;0;0;0;0;0
FR;10;2021-10-09;0;0;0;0;0;0;0;0;0;0;0;0;0;0;0;0;0;0
FR;10;2021-10-10;0;0;0;0;0;0;0;0;0;0;0;0;0;0;0;0;0;0
FR;10;2021-10-11;0;0;0;0;0;0;0;0;0;0;0;0;0;0;0;0;0;0
FR;10;2021-10-12;0;0;0;0;0;0;0;0;0;0;0;0;0;0;0;0;0;0
FR;10;2021-10-13;0;0;0;0;0;0;0;0;0;0;0;0;0;0;0;0;0;0
FR;10;2021-10-14;0;0;0;0;0;0;0;0;0;0;0;0;0;0;0;0;0;0
FR;10;2021-10-15;0;0;0;0;0;0;0;0;0;0;0;0;0;0;0;0;0;0
FR;10;2021-10-16;0;0;0;0;0;0;0;0;0;0;0;0;0;0;0;0;0;0
FR;10;2021-10-17;0;0;0;0;0;0;0;0;0;0;0;0;0;0;0;0;0;0
FR;10;2021-10-18;0;0;0;0;0;0;0;0;0;0;0;0;0;0;0;0;0;0
FR;10;2021-10-19;0;0;0;0;0;0;0;0;0;0;0;0;0;0;0;0;0;0
FR;10;2021-10-20;0;0;0;0;0;0;0;0;0;0;0;0;0;0;0;0;0;0
FR;10;2021-10-21;0;0;0;0;0;0;0;0;0;0;0;0;0;0;0;0;0;0
FR;10;2021-10-22;0;0;0;0;0;0;0;0;0;0;0;0;0;0;0;0;0;0
FR;10;2021-10-23;0;0;0;0;0;0;0;0;0;0;0;0;0;0;0;0;0;0
FR;10;2021-10-24;0;0;0;0;0;0;0;0;0;0;0;0;0;0;0;0;0;0
FR;10;2021-10-25;0;0;0;0;0;0;0;0;0;0;0;0;0;0;0;0;0;0
FR;10;2021-10-26;0;0;0;0;0;0;0;0;0;0;0;0;0;0;0;0;0;0
FR;10;2021-10-27;0;0;0;0;0;0;0;0;0;0;0;0;0;0;0;0;0;0
FR;10;2021-10-28;0;0;0;0;0;0;0;0;0;0;0;0;0;0;0;0;0;0
FR;10;2021-10-29;0;0;0;0;0;0;0;0;0;0;0;0;0;0;0;0;0;0
FR;10;2021-10-30;0;0;0;0;0;0;0;0;0;0;0;0;0;0;0;0;0;0
FR;10;2021-10-31;0;0;0;0;0;0;0;0;0;0;0;0;0;0;0;0;0;0
FR;10;2021-11-01;0;0;0;0;0;0;0;0;0;0;0;0;0;0;0;0;0;0
FR;10;2021-11-02;0;0;0;0;0;0;0;0;0;0;0;0;0;0;0;0;0;0
FR;10;2021-11-03;0;0;0;0;0;0;0;0;0;0;0;0;0;0;0;0;0;0
FR;10;2021-11-04;0;0;0;0;0;0;0;0;0;0;0;0;0;0;0;0;0;0
FR;10;2021-11-05;0;0;0;0;0;0;0;0;0;0;0;0;0;0;0;0;0;0
FR;10;2021-11-06;0;0;0;0;0;0;0;0;0;0;0;0;0;0;0;0;0;0
FR;10;2021-11-07;0;0;0;0;0;0;0;0;0;0;0;0;0;0;0;0;0;0
FR;10;2021-11-08;0;0;0;0;0;0;0;0;0;0;0;0;0;0;0;0;0;0
FR;10;2021-11-09;0;0;0;0;0;0;0;0;0;0;0;0;0;0;0;0;0;0
FR;10;2021-11-10;0;0;0;0;0;0;0;0;0;0;0;0;0;0;0;0;0;0
FR;10;2021-11-11;0;0;0;0;0;0;0;0;0;0;0;0;0;0;0;0;0;0
FR;10;2021-11-12;0;0;0;0;0;0;0;0;0;0;0;0;0;0;0;0;0;0
FR;10;2021-11-13;0;0;0;0;0;0;0;0;0;0;0;0;0;0;0;0;0;0
FR;10;2021-11-14;0;0;0;0;0;0;0;0;0;0;0;0;0;0;0;0;0;0
FR;10;2021-11-15;0;0;0;0;0;0;0;0;0;0;0;0;0;0;0;0;0;0
FR;10;2021-11-16;0;0;0;0;0;0;0;0;0;0;0;0;0;0;0;0;0;0
FR;10;2021-11-17;0;0;0;0;0;0;0;0;0;0;0;0;0;0;0;0;0;0
FR;10;2021-11-18;0;0;0;0;0;0;0;0;0;0;0;0;0;0;0;0;0;0
FR;10;2021-11-19;0;0;0;0;0;0;0;0;0;0;0;0;0;0;0;0;0;0
FR;10;2021-11-20;0;0;0;0;0;0;0;0;0;0;0;0;0;0;0;0;0;0
FR;10;2021-11-21;0;0;0;0;0;0;0;0;0;0;0;0;0;0;0;0;0;0
FR;10;2021-11-22;0;0;0;0;0;0;0;0;0;0;0;0;0;0;0;0;0;0
FR;10;2021-11-23;0;0;0;0;0;0;0;0;0;0;0;0;0;0;0;0;0;0
FR;10;2021-11-24;0;0;0;0;0;0;0;0;0;0;0;0;0;0;0;0;0;0
FR;10;2021-11-25;0;0;0;0;0;0;0;0;0;0;0;0;0;0;0;0;0;0
FR;10;2021-11-26;0;0;0;0;0;0;0;0;0;0;0;0;0;0;0;0;0;0
FR;10;2021-11-27;0;0;0;0;0;0;0;0;0;0;0;0;0;0;0;0;0;0
FR;10;2021-11-28;0;0;0;0;0;0;0;0;0;0;0;0;0;0;0;0;0;0
FR;10;2021-11-29;0;0;0;0;0;0;0;0;0;0;0;0;0;0;0;0;0;0
FR;10;2021-11-30;0;0;0;0;0;0;0;0;0;0;0;0;0;0;0;0;0;0
FR;10;2021-12-01;0;0;0;0;0;0;0;0;0;0;0;0;0;0;0;0;0;0
FR;10;2021-12-02;0;0;0;0;0;0;0;0;0;0;0;0;0;0;0;0;0;0
FR;10;2021-12-03;0;0;0;0;0;0;0;0;0;0;0;0;0;0;0;0;0;0
FR;10;2021-12-04;0;0;0;0;0;0;0;0;0;0;0;0;0;0;0;0;0;0
FR;10;2021-12-05;0;0;0;0;0;0;0;0;0;0;0;0;0;0;0;0;0;0
FR;10;2021-12-06;0;0;0;0;0;0;0;0;0;0;0;0;0;0;0;0;0;0
FR;10;2021-12-07;0;0;0;0;0;0;0;0;0;0;0;0;0;0;0;0;0;0
FR;10;2021-12-08;0;0;0;0;0;0;0;0;0;0;0;0;0;0;0;0;0;0
FR;10;2021-12-09;0;0;0;0;0;0;0;0;0;0;0;0;0;0;0;0;0;0
FR;10;2021-12-10;0;0;0;0;0;0;0;0;0;0;0;0;0;0;0;0;0;0
FR;10;2021-12-11;0;0;0;0;0;0;0;0;0;0;0;0;0;0;0;0;0;0
FR;10;2021-12-12;0;0;0;0;0;0;0;0;0;0;0;0;0;0;0;0;0;0
FR;10;2021-12-13;0;0;0;0;0;0;0;0;0;0;0;0;0;0;0;0;0;0
FR;10;2021-12-14;0;0;0;0;0;0;0;0;0;0;0;0;0;0;0;0;0;0
FR;10;2021-12-15;0;0;0;0;0;0;0;0;0;0;0;0;0;0;0;0;0;0
FR;10;2021-12-16;0;0;0;0;0;0;0;0;0;0;0;0;0;0;0;0;0;0
FR;10;2021-12-17;0;0;0;0;0;0;0;0;0;0;0;0;0;0;0;0;0;0
FR;10;2021-12-18;0;0;0;0;0;0;0;0;0;0;0;0;0;0;0;0;0;0
FR;10;2021-12-19;0;0;0;0;0;0;0;0;0;0;0;0;0;0;0;0;0;0
FR;10;2021-12-20;0;0;0;0;0;0;0;0;0;0;0;0;0;0;0;0;0;0
FR;10;2021-12-21;0;0;0;0;0;0;0;0;0;0;0;0;0;0;0;0;0;0
FR;10;2021-12-22;0;0;0;0;0;0;0;0;0;0;0;0;0;0;0;0;0;0
FR;10;2021-12-23;0;0;0;0;0;0;0;0;0;0;0;0;0;0;0;0;0;0
FR;10;2021-12-24;0;0;0;0;0;0;0;0;0;0;0;0;0;0;0;0;0;0
FR;10;2021-12-25;0;0;0;0;0;0;0;0;0;0;0;0;0;0;0;0;0;0
FR;10;2021-12-26;0;0;0;0;0;0;0;0;0;0;0;0;0;0;0;0;0;0
FR;10;2021-12-27;0;0;0;0;0;0;0;0;0;0;0;0;0;0;0;0;0;0
FR;10;2021-12-28;0;0;0;0;0;0;0;0;0;0;0;0;0;0;0;0;0;0
FR;10;2021-12-29;0;0;0;0;0;0;0;0;0;0;0;0;0;0;0;0;0;0
FR;10;2021-12-30;0;0;0;0;0;0;0;0;0;0;0;0;0;0;0;0;0;0
FR;10;2021-12-31;0;0;0;0;0;0;0;0;0;0;0;0;0;0;0;0;0;0
FR;10;2022-01-01;0;0;0;0;0;0;0;0;0;0;0;0;0;0;0;0;0;0
FR;10;2022-01-02;0;0;0;0;0;0;0;0;0;0;0;0;0;0;0;0;0;0
FR;10;2022-01-03;0;0;0;0;0;0;0;0;0;0;0;0;0;0;0;0;0;0
FR;10;2022-01-04;0;0;0;0;0;0;0;0;0;0;0;0;0;0;0;0;0;0
FR;10;2022-01-05;0;0;0;0;0;0;0;0;0;0;0;0;0;0;0;0;0;0
FR;10;2022-01-06;0;0;0;0;0;0;0;0;0;0;0;0;0;0;0;0;0;0
FR;10;2022-01-07;0;0;0;0;0;0;0;0;0;0;0;0;0;0;0;0;0;0
FR;10;2022-01-08;0;0;0;0;0;0;0;0;0;0;0;0;0;0;0;0;0;0
FR;10;2022-01-09;0;0;0;0;0;0;0;0;0;0;0;0;0;0;0;0;0;0
FR;10;2022-01-10;0;0;0;0;0;0;0;0;0;0;0;0;0;0;0;0;0;0
FR;10;2022-01-11;0;0;0;0;0;0;0;0;0;0;0;0;0;0;0;0;0;0
FR;10;2022-01-12;0;0;0;0;0;0;0;0;0;0;0;0;0;0;0;0;0;0
FR;10;2022-01-13;0;0;0;0;0;0;0;0;0;0;0;0;0;0;0;0;0;0
FR;10;2022-01-14;0;0;0;0;0;0;0;0;0;0;0;0;0;0;0;0;0;0
FR;10;2022-01-15;0;0;0;0;0;0;0;0;0;0;0;0;0;0;0;0;0;0
FR;10;2022-01-16;0;0;0;0;0;0;0;0;0;0;0;0;0;0;0;0;0;0
FR;10;2022-01-17;0;0;0;0;0;0;0;0;0;0;0;0;0;0;0;0;0;0
FR;10;2022-01-18;0;0;0;0;0;0;0;0;0;0;0;0;0;0;0;0;0;0
FR;10;2022-01-19;0;0;0;0;0;0;0;0;0;0;0;0;0;0;0;0;0;0
FR;10;2022-01-20;0;0;0;0;0;0;0;0;0;0;0;0;0;0;0;0;0;0
FR;10;2022-01-21;0;0;0;0;0;0;0;0;0;0;0;0;0;0;0;0;0;0
FR;10;2022-01-22;0;0;0;0;0;0;0;0;0;0;0;0;0;0;0;0;0;0
FR;10;2022-01-23;0;0;0;0;0;0;0;0;0;0;0;0;0;0;0;0;0;0
FR;10;2022-01-24;0;0;0;0;0;0;0;0;0;0;0;0;0;0;0;0;0;0
FR;10;2022-01-25;0;0;0;0;0;0;0;0;0;0;0;0;0;0;0;0;0;0
FR;10;2022-01-26;0;0;0;0;0;0;0;0;0;0;0;0;0;0;0;0;0;0
FR;10;2022-01-27;0;0;0;0;0;0;0;0;0;0;0;0;0;0;0;0;0;0
FR;10;2022-01-28;0;0;0;0;0;0;0;0;0;0;0;0;0;0;0;0;0;0
FR;10;2022-01-29;0;0;0;0;0;0;0;0;0;0;0;0;0;0;0;0;0;0
FR;10;2022-01-30;0;0;0;0;0;0;0;0;0;0;0;0;0;0;0;0;0;0
FR;10;2022-01-31;0;0;0;0;0;0;0;0;0;0;0;0;0;0;0;0;0;0
FR;10;2022-02-01;0;0;0;0;0;0;0;0;0;0;0;0;0;0;0;0;0;0
FR;10;2022-02-02;0;0;0;0;0;0;0;0;0;0;0;0;0;0;0;0;0;0
FR;10;2022-02-03;0;0;0;0;0;0;0;0;0;0;0;0;0;0;0;0;0;0
FR;10;2022-02-04;0;0;0;0;0;0;0;0;0;0;0;0;0;0;0;0;0;0
FR;10;2022-02-05;0;0;0;0;0;0;0;0;0;0;0;0;0;0;0;0;0;0
FR;10;2022-02-06;0;0;0;0;0;0;0;0;0;0;0;0;0;0;0;0;0;0
FR;10;2022-02-07;0;0;0;0;0;0;0;0;0;0;0;0;0;0;0;0;0;0
FR;10;2022-02-08;0;0;0;0;0;0;0;0;0;0;0;0;0;0;0;0;0;0
FR;10;2022-02-09;0;0;0;0;0;0;0;0;0;0;0;0;0;0;0;0;0;0
FR;10;2022-02-10;0;0;0;0;0;0;0;0;0;0;0;0;0;0;0;0;0;0
FR;10;2022-02-11;0;0;0;0;0;0;0;0;0;0;0;0;0;0;0;0;0;0
FR;10;2022-02-12;0;0;0;0;0;0;0;0;0;0;0;0;0;0;0;0;0;0
FR;10;2022-02-13;0;0;0;0;0;0;0;0;0;0;0;0;0;0;0;0;0;0
FR;10;2022-02-14;0;0;0;0;0;0;0;0;0;0;0;0;0;0;0;0;0;0
FR;10;2022-02-15;0;0;0;0;0;0;0;0;0;0;0;0;0;0;0;0;0;0
FR;10;2022-02-16;0;0;0;0;0;0;0;0;0;0;0;0;0;0;0;0;0;0
FR;10;2022-02-17;0;0;0;0;0;0;0;0;0;0;0;0;0;0;0;0;0;0
FR;10;2022-02-18;0;0;0;0;0;0;0;0;0;0;0;0;0;0;0;0;0;0
FR;10;2022-02-19;0;0;0;0;0;0;0;0;0;0;0;0;0;0;0;0;0;0
FR;10;2022-02-20;0;0;0;0;0;0;0;0;0;0;0;0;0;0;0;0;0;0
FR;10;2022-02-21;0;0;0;0;0;0;0;0;0;0;0;0;0;0;0;0;0;0
FR;10;2022-02-22;0;0;0;0;0;0;0;0;0;0;0;0;0;0;0;0;0;0
FR;10;2022-02-23;0;0;0;0;0;0;0;0;0;0;0;0;0;0;0;0;0;0
FR;10;2022-02-24;0;0;0;0;0;0;0;0;0;0;0;0;0;0;0;0;0;0
FR;10;2022-02-25;0;0;0;0;0;0;0;0;0;0;0;0;0;0;0;0;0;0
FR;10;2022-02-26;0;0;0;0;0;0;0;0;0;0;0;0;0;0;0;0;0;0
FR;10;2022-02-27;0;0;0;0;0;0;0;0;0;0;0;0;0;0;0;0;0;0
FR;10;2022-02-28;0;0;0;0;0;0;0;0;0;0;0;0;0;0;0;0;0;0
FR;10;2022-03-01;0;0;0;0;0;0;0;0;0;0;0;0;0;0;0;0;0;0
FR;10;2022-03-02;0;0;0;0;0;0;0;0;0;0;0;0;0;0;0;0;0;0
FR;10;2022-03-03;0;0;0;0;0;0;0;0;0;0;0;0;0;0;0;0;0;0
FR;10;2022-03-04;0;0;0;0;0;0;0;0;0;0;0;0;0;0;0;0;0;0
FR;10;2022-03-05;0;0;0;0;0;0;0;0;0;0;0;0;0;0;0;0;0;0
FR;10;2022-03-06;0;0;0;0;0;0;0;0;0;0;0;0;0;0;0;0;0;0
FR;10;2022-03-07;0;0;0;0;0;0;0;0;0;0;0;0;0;0;0;0;0;0
FR;10;2022-03-08;0;0;0;0;0;0;0;0;0;0;0;0;0;0;0;0;0;0
FR;10;2022-03-09;0;0;0;0;0;0;0;0;0;0;0;0;0;0;0;0;0;0
FR;10;2022-03-10;0;0;0;0;0;0;0;0;0;0;0;0;0;0;0;0;0;0
FR;10;2022-03-11;0;0;0;0;0;0;0;0;0;0;0;0;0;0;0;0;0;0
FR;10;2022-03-12;0;0;0;0;0;0;0;0;0;0;0;0;0;0;0;0;0;0
FR;10;2022-03-13;0;0;0;0;0;0;0;0;0;0;0;0;0;0;0;0;0;0
FR;10;2022-03-14;0;0;0;0;0;0;0;0;0;0;0;0;0;0;0;0;0;0
FR;10;2022-03-15;0;0;0;0;0;0;0;0;0;0;0;0;0;0;0;0;0;0
FR;10;2022-03-16;0;0;0;0;0;0;0;0;0;0;0;0;0;0;0;0;0;0
FR;10;2022-03-17;0;0;0;0;0;0;0;0;0;0;0;0;0;0;0;0;0;0
FR;10;2022-03-18;0;0;0;0;0;0;0;0;0;0;0;0;0;0;0;0;0;0
FR;10;2022-03-19;0;0;0;0;0;0;0;0;0;0;0;0;0;0;0;0;0;0
FR;10;2022-03-20;0;0;0;0;0;0;0;0;0;0;0;0;0;0;0;0;0;0
FR;10;2022-03-21;0;0;0;0;0;0;0;0;0;0;0;0;0;0;0;0;0;0
FR;10;2022-03-22;0;0;0;0;0;0;0;0;0;0;0;0;0;0;0;0;0;0
FR;10;2022-03-23;0;0;0;0;0;0;0;0;0;0;0;0;0;0;0;0;0;0
FR;10;2022-03-24;0;0;0;0;0;0;0;0;0;0;0;0;0;0;0;0;0;0
FR;10;2022-03-25;0;0;0;0;0;0;0;0;0;0;0;0;0;0;0;0;0;0
FR;10;2022-03-26;0;0;0;0;0;0;0;0;0;0;0;0;0;0;0;0;0;0
FR;10;2022-03-27;0;0;0;0;0;0;0;0;0;0;0;0;0;0;0;0;0;0
FR;10;2022-03-28;0;0;0;0;0;0;0;0;0;0;0;0;0;0;0;0;0;0
FR;10;2022-03-29;0;0;0;0;0;0;0;0;0;0;0;0;0;0;0;0;0;0
FR;10;2022-03-30;0;0;0;0;0;0;0;0;0;0;0;0;0;0;0;0;0;0
FR;10;2022-03-31;0;0;0;0;0;0;0;0;0;0;0;0;0;0;0;0;0;0
FR;10;2022-04-01;0;0;0;0;0;0;0;0;0;0;0;0;0;0;0;0;0;0
FR;10;2022-04-02;0;0;0;0;0;0;0;0;0;0;0;0;0;0;0;0;0;0
FR;10;2022-04-03;0;0;0;0;0;0;0;0;0;0;0;0;0;0;0;0;0;0
FR;10;2022-04-04;0;0;0;0;0;0;0;0;0;0;0;0;0;0;0;0;0;0
FR;10;2022-04-05;0;0;0;0;0;0;0;0;0;0;0;0;0;0;0;0;0;0
FR;10;2022-04-06;0;0;0;0;0;0;0;0;0;0;0;0;0;0;0;0;0;0
FR;10;2022-04-07;0;0;0;0;0;0;0;0;0;0;0;0;0;0;0;0;0;0
FR;10;2022-04-08;0;0;0;0;0;0;0;0;0;0;0;0;0;0;0;0;0;0
FR;10;2022-04-09;0;0;0;0;0;0;0;0;0;0;0;0;0;0;0;0;0;0
FR;10;2022-04-10;0;0;0;0;0;0;0;0;0;0;0;0;0;0;0;0;0;0
FR;10;2022-04-11;0;0;0;0;0;0;0;0;0;0;0;0;0;0;0;0;0;0
FR;10;2022-04-12;0;0;0;0;0;0;0;0;0;0;0;0;0;0;0;0;0;0
FR;10;2022-04-13;0;0;0;0;0;0;0;0;0;0;0;0;0;0;0;0;0;0
FR;10;2022-04-14;0;0;0;0;0;0;0;0;0;0;0;0;0;0;0;0;0;0
FR;10;2022-04-15;0;0;0;0;0;0;0;0;0;0;0;0;0;0;0;0;0;0
FR;10;2022-04-16;0;0;0;0;0;0;0;0;0;0;0;0;0;0;0;0;0;0
FR;10;2022-04-17;0;0;0;0;0;0;0;0;0;0;0;0;0;0;0;0;0;0
FR;10;2022-04-18;0;0;0;0;0;0;0;0;0;0;0;0;0;0;0;0;0;0
FR;10;2022-04-19;0;0;0;0;0;0;0;0;0;0;0;0;0;0;0;0;0;0
FR;10;2022-04-20;0;0;0;0;0;0;0;0;0;0;0;0;0;0;0;0;0;0
FR;10;2022-04-21;0;0;0;0;0;0;0;0;0;0;0;0;0;0;0;0;0;0
FR;10;2022-04-22;0;0;0;0;0;0;0;0;0;0;0;0;0;0;0;0;0;0
FR;10;2022-04-23;0;0;0;0;0;0;0;0;0;0;0;0;0;0;0;0;0;0
FR;10;2022-04-24;0;0;0;0;0;0;0;0;0;0;0;0;0;0;0;0;0;0
FR;10;2022-04-25;0;0;0;0;0;0;0;0;0;0;0;0;0;0;0;0;0;0
FR;10;2022-04-26;0;0;0;0;0;0;0;0;0;0;0;0;0;0;0;0;0;0
FR;10;2022-04-27;0;0;0;0;0;0;0;0;0;0;0;0;0;0;0;0;0;0
FR;10;2022-04-28;0;0;0;0;0;0;0;0;0;0;0;0;0;0;0;0;0;0
FR;10;2022-04-29;0;0;0;0;0;0;0;0;0;0;0;0;0;0;0;0;0;0
FR;10;2022-04-30;0;0;0;0;0;0;0;0;0;0;0;0;0;0;0;0;0;0
FR;10;2022-05-01;0;0;0;0;0;0;0;0;0;0;0;0;0;0;0;0;0;0
FR;10;2022-05-02;0;0;0;0;0;0;0;0;0;0;0;0;0;0;0;0;0;0
FR;10;2022-05-03;0;0;0;0;0;0;0;0;0;0;0;0;0;0;0;0;0;0
FR;10;2022-05-04;0;0;0;0;0;0;0;0;0;0;0;0;0;0;0;0;0;0
FR;10;2022-05-05;0;0;0;0;0;0;0;0;0;0;0;0;0;0;0;0;0;0
FR;10;2022-05-06;0;0;0;0;0;0;0;0;0;0;0;0;0;0;0;0;0;0
FR;10;2022-05-07;0;0;0;0;0;0;0;0;0;0;0;0;0;0;0;0;0;0
FR;10;2022-05-08;0;0;0;0;0;0;0;0;0;0;0;0;0;0;0;0;0;0
FR;10;2022-05-09;0;0;0;0;0;0;0;0;0;0;0;0;0;0;0;0;0;0
FR;10;2022-05-10;0;0;0;0;0;0;0;0;0;0;0;0;0;0;0;0;0;0
FR;10;2022-05-11;0;0;0;0;0;0;0;0;0;0;0;0;0;0;0;0;0;0
FR;10;2022-05-12;0;0;0;0;0;0;0;0;0;0;0;0;0;0;0;0;0;0
FR;10;2022-05-13;0;0;0;0;0;0;0;0;0;0;0;0;0;0;0;0;0;0
FR;10;2022-05-14;0;0;0;0;0;0;0;0;0;0;0;0;0;0;0;0;0;0
FR;10;2022-05-15;0;0;0;0;0;0;0;0;0;0;0;0;0;0;0;0;0;0
FR;10;2022-05-16;0;0;0;0;0;0;0;0;0;0;0;0;0;0;0;0;0;0
FR;10;2022-05-17;0;0;0;0;0;0;0;0;0;0;0;0;0;0;0;0;0;0
FR;10;2022-05-18;0;0;0;0;0;0;0;0;0;0;0;0;0;0;0;0;0;0
FR;10;2022-05-19;0;0;0;0;0;0;0;0;0;0;0;0;0;0;0;0;0;0
FR;10;2022-05-20;0;0;0;0;0;0;0;0;0;0;0;0;0;0;0;0;0;0
FR;10;2022-05-21;0;0;0;0;0;0;0;0;0;0;0;0;0;0;0;0;0;0
FR;10;2022-05-22;0;0;0;0;0;0;0;0;0;0;0;0;0;0;0;0;0;0
FR;10;2022-05-23;0;0;0;0;0;0;0;0;0;0;0;0;0;0;0;0;0;0
FR;10;2022-05-24;0;0;0;0;0;0;0;0;0;0;0;0;0;0;0;0;0;0
FR;10;2022-05-25;0;0;0;0;0;0;0;0;0;0;0;0;0;0;0;0;0;0
FR;10;2022-05-26;0;0;0;0;0;0;0;0;0;0;0;0;0;0;0;0;0;0
FR;10;2022-05-27;0;0;0;0;0;0;0;0;0;0;0;0;0;0;0;0;0;0
FR;10;2022-05-28;0;0;0;0;0;0;0;0;0;0;0;0;0;0;0;0;0;0
FR;10;2022-05-29;0;0;0;0;0;0;0;0;0;0;0;0;0;0;0;0;0;0
FR;10;2022-05-30;0;0;0;0;0;0;0;0;0;0;0;0;0;0;0;0;0;0
FR;10;2022-05-31;0;0;0;0;0;0;0;0;0;0;0;0;0;0;0;0;0;0
FR;10;2022-06-01;0;0;0;0;0;0;0;0;0;0;0;0;0;0;0;0;0;0
FR;10;2022-06-02;0;0;0;0;0;0;0;0;0;0;0;0;0;0;0;0;0;0
FR;10;2022-06-03;0;0;0;0;0;0;0;0;0;0;0;0;0;0;0;0;0;0
FR;10;2022-06-04;0;0;0;0;0;0;0;0;0;0;0;0;0;0;0;0;0;0
FR;10;2022-06-05;0;0;0;0;0;0;0;0;0;0;0;0;0;0;0;0;0;0
FR;10;2022-06-06;0;0;0;0;0;0;0;0;0;0;0;0;0;0;0;0;0;0
FR;10;2022-06-07;0;0;0;0;0;0;0;0;0;0;0;0;0;0;0;0;0;0
FR;10;2022-06-08;0;0;0;0;0;0;0;0;0;0;0;0;0;0;0;0;0;0
FR;10;2022-06-09;0;0;0;0;0;0;0;0;0;0;0;0;0;0;0;0;0;0
FR;10;2022-06-10;0;0;0;0;0;0;0;0;0;0;0;0;0;0;0;0;0;0
FR;10;2022-06-11;0;0;0;0;0;0;0;0;0;0;0;0;0;0;0;0;0;0
FR;10;2022-06-12;0;0;0;0;0;0;0;0;0;0;0;0;0;0;0;0;0;0
FR;10;2022-06-13;0;0;0;0;0;0;0;0;0;0;0;0;0;0;0;0;0;0
FR;10;2022-06-14;0;0;0;0;0;0;0;0;0;0;0;0;0;0;0;0;0;0
FR;10;2022-06-15;0;0;0;0;0;0;0;0;0;0;0;0;0;0;0;0;0;0
FR;10;2022-06-16;0;0;0;0;0;0;0;0;0;0;0;0;0;0;0;0;0;0
FR;10;2022-06-17;0;0;0;0;0;0;0;0;0;0;0;0;0;0;0;0;0;0
FR;10;2022-06-18;0;0;0;0;0;0;0;0;0;0;0;0;0;0;0;0;0;0
FR;10;2022-06-19;0;0;0;0;0;0;0;0;0;0;0;0;0;0;0;0;0;0
FR;10;2022-06-20;0;0;0;0;0;0;0;0;0;0;0;0;0;0;0;0;0;0
FR;10;2022-06-21;0;0;0;0;0;0;0;0;0;0;0;0;0;0;0;0;0;0
FR;10;2022-06-22;0;0;0;0;0;0;0;0;0;0;0;0;0;0;0;0;0;0
FR;10;2022-06-23;0;0;0;0;0;0;0;0;0;0;0;0;0;0;0;0;0;0
FR;10;2022-06-24;0;0;0;0;0;0;0;0;0;0;0;0;0;0;0;0;0;0
FR;10;2022-06-25;0;0;0;0;0;0;0;0;0;0;0;0;0;0;0;0;0;0
FR;10;2022-06-26;0;0;0;0;0;0;0;0;0;0;0;0;0;0;0;0;0;0
FR;10;2022-06-27;0;0;0;0;0;0;0;0;0;0;0;0;0;0;0;0;0;0
FR;10;2022-06-28;0;0;0;0;0;0;0;0;0;0;0;0;0;0;0;0;0;0
FR;10;2022-06-29;0;0;0;0;0;0;0;0;0;0;0;0;0;0;0;0;0;0
FR;10;2022-06-30;0;0;0;0;0;0;0;0;0;0;0;0;0;0;0;0;0;0
FR;10;2022-07-01;0;0;0;0;0;0;0;0;0;0;0;0;0;0;0;0;0;0
FR;10;2022-07-02;0;0;0;0;0;0;0;0;0;0;0;0;0;0;0;0;0;0
FR;10;2022-07-03;0;0;0;0;0;0;0;0;0;0;0;0;0;0;0;0;0;0
FR;10;2022-07-04;0;0;0;0;0;0;0;0;0;0;0;0;0;0;0;0;0;0
FR;10;2022-07-05;0;0;0;0;0;0;0;0;0;0;0;0;0;0;0;0;0;0
FR;10;2022-07-06;0;0;0;0;0;0;0;0;0;0;0;0;0;0;0;0;0;0
FR;10;2022-07-07;0;0;0;0;0;0;0;0;0;0;0;0;0;0;0;0;0;0
FR;10;2022-07-08;0;0;0;0;0;0;0;0;0;0;0;0;0;0;0;0;0;0
FR;10;2022-07-09;0;0;0;0;0;0;0;0;0;0;0;0;0;0;0;0;0;0
FR;10;2022-07-10;0;0;0;0;0;0;0;0;0;0;0;0;0;0;0;0;0;0
FR;10;2022-07-11;0;0;0;0;0;0;0;0;0;0;0;0;0;0;0;0;0;0
FR;10;2022-07-12;0;0;0;0;0;0;0;0;0;0;0;0;0;0;0;0;0;0
FR;10;2022-07-13;0;0;0;0;0;0;0;0;0;0;0;0;0;0;0;0;0;0
FR;10;2022-07-14;0;0;0;0;0;0;0;0;0;0;0;0;0;0;0;0;0;0
FR;10;2022-07-15;0;0;0;0;0;0;0;0;0;0;0;0;0;0;0;0;0;0
FR;10;2022-07-16;0;0;0;0;0;0;0;0;0;0;0;0;0;0;0;0;0;0
FR;10;2022-07-17;0;0;0;0;0;0;0;0;0;0;0;0;0;0;0;0;0;0
FR;10;2022-07-18;0;0;0;0;0;0;0;0;0;0;0;0;0;0;0;0;0;0
FR;10;2022-07-19;0;0;0;0;0;0;0;0;0;0;0;0;0;0;0;0;0;0
FR;10;2022-07-20;0;0;0;0;0;0;0;0;0;0;0;0;0;0;0;0;0;0
FR;10;2022-07-21;0;0;0;0;0;0;0;0;0;0;0;0;0;0;0;0;0;0
FR;10;2022-07-22;0;0;0;0;0;0;0;0;0;0;0;0;0;0;0;0;0;0
FR;10;2022-07-23;0;0;0;0;0;0;0;0;0;0;0;0;0;0;0;0;0;0
FR;10;2022-07-24;0;0;0;0;0;0;0;0;0;0;0;0;0;0;0;0;0;0
FR;10;2022-07-25;0;0;0;0;0;0;0;0;0;0;0;0;0;0;0;0;0;0
FR;10;2022-07-26;0;0;0;0;0;0;0;0;0;0;0;0;0;0;0;0;0;0
FR;10;2022-07-27;0;0;0;0;0;0;0;0;0;0;0;0;0;0;0;0;0;0
FR;10;2022-07-28;0;0;0;0;0;0;0;0;0;0;0;0;0;0;0;0;0;0
FR;10;2022-07-29;0;0;0;0;0;0;0;0;0;0;0;0;0;0;0;0;0;0
FR;10;2022-07-30;0;0;0;0;0;0;0;0;0;0;0;0;0;0;0;0;0;0
FR;10;2022-07-31;0;0;0;0;0;0;0;0;0;0;0;0;0;0;0;0;0;0
FR;10;2022-08-01;0;0;0;0;0;0;0;0;0;0;0;0;0;0;0;0;0;0
FR;10;2022-08-02;0;0;0;0;0;0;0;0;0;0;0;0;0;0;0;0;0;0
FR;10;2022-08-03;0;0;0;0;0;0;0;0;0;0;0;0;0;0;0;0;0;0
FR;10;2022-08-04;0;0;0;0;0;0;0;0;0;0;0;0;0;0;0;0;0;0
FR;10;2022-08-05;0;0;0;0;0;0;0;0;0;0;0;0;0;0;0;0;0;0
FR;10;2022-08-06;0;0;0;0;0;0;0;0;0;0;0;0;0;0;0;0;0;0
FR;10;2022-08-07;0;0;0;0;0;0;0;0;0;0;0;0;0;0;0;0;0;0
FR;10;2022-08-08;0;0;0;0;0;0;0;0;0;0;0;0;0;0;0;0;0;0
FR;10;2022-08-09;0;0;0;0;0;0;0;0;0;0;0;0;0;0;0;0;0;0
FR;10;2022-08-10;0;0;0;0;0;0;0;0;0;0;0;0;0;0;0;0;0;0
FR;10;2022-08-11;0;0;0;0;0;0;0;0;0;0;0;0;0;0;0;0;0;0
FR;10;2022-08-12;0;0;0;0;0;0;0;0;0;0;0;0;0;0;0;0;0;0
FR;10;2022-08-13;0;0;0;0;0;0;0;0;0;0;0;0;0;0;0;0;0;0
FR;10;2022-08-14;0;0;0;0;0;0;0;0;0;0;0;0;0;0;0;0;0;0
FR;10;2022-08-15;0;0;0;0;0;0;0;0;0;0;0;0;0;0;0;0;0;0
FR;10;2022-08-16;0;0;0;0;0;0;0;0;0;0;0;0;0;0;0;0;0;0
FR;10;2022-08-17;0;0;0;0;0;0;0;0;0;0;0;0;0;0;0;0;0;0
FR;10;2022-08-18;0;0;0;0;0;0;0;0;0;0;0;0;0;0;0;0;0;0
FR;10;2022-08-19;0;0;0;0;0;0;0;0;0;0;0;0;0;0;0;0;0;0
FR;10;2022-08-20;0;0;0;0;0;0;0;0;0;0;0;0;0;0;0;0;0;0
FR;10;2022-08-21;0;0;0;0;0;0;0;0;0;0;0;0;0;0;0;0;0;0
FR;10;2022-08-22;0;0;0;0;0;0;0;0;0;0;0;0;0;0;0;0;0;0
FR;10;2022-08-23;0;0;0;0;0;0;0;0;0;0;0;0;0;0;0;0;0;0
FR;10;2022-08-24;0;0;0;0;0;0;0;0;0;0;0;0;0;0;0;0;0;0
FR;10;2022-08-25;0;0;0;0;0;0;0;0;0;0;0;0;0;0;0;0;0;0
FR;10;2022-08-26;0;0;0;0;0;0;0;0;0;0;0;0;0;0;0;0;0;0
FR;10;2022-08-27;0;0;0;0;0;0;0;0;0;0;0;0;0;0;0;0;0;0
FR;10;2022-08-28;0;0;0;0;0;0;0;0;0;0;0;0;0;0;0;0;0;0
FR;10;2022-08-29;0;0;0;0;0;0;0;0;0;0;0;0;0;0;0;0;0;0
FR;10;2022-08-30;0;0;0;0;0;0;0;0;0;0;0;0;0;0;0;0;0;0
FR;10;2022-08-31;0;0;0;0;0;0;0;0;0;0;0;0;0;0;0;0;0;0
FR;10;2022-09-01;0;0;0;0;0;0;0;0;0;0;0;0;0;0;0;0;0;0
FR;10;2022-09-02;0;0;0;0;0;0;0;0;0;0;0;0;0;0;0;0;0;0
FR;10;2022-09-03;0;0;0;0;0;0;0;0;0;0;0;0;0;0;0;0;0;0
FR;10;2022-09-04;0;0;0;0;0;0;0;0;0;0;0;0;0;0;0;0;0;0
FR;10;2022-09-05;0;0;0;0;0;0;0;0;0;0;0;0;0;0;0;0;0;0
FR;10;2022-09-06;0;0;0;0;0;0;0;0;0;0;0;0;0;0;0;0;0;0
FR;10;2022-09-07;0;0;0;0;0;0;0;0;0;0;0;0;0;0;0;0;0;0
FR;10;2022-09-08;0;0;0;0;0;0;0;0;0;0;0;0;0;0;0;0;0;0
FR;10;2022-09-09;0;0;0;0;0;0;0;0;0;0;0;0;0;0;0;0;0;0
FR;10;2022-09-10;0;0;0;0;0;0;0;0;0;0;0;0;0;0;0;0;0;0
FR;10;2022-09-11;0;0;0;0;0;0;0;0;0;0;0;0;0;0;0;0;0;0
FR;10;2022-09-12;0;0;0;0;0;0;0;0;0;0;0;0;0;0;0;0;0;0
FR;10;2022-09-13;0;0;0;0;0;0;0;0;0;0;0;0;0;0;0;0;0;0
FR;10;2022-09-14;0;0;0;0;0;0;0;0;0;0;0;0;0;0;0;0;0;0
FR;10;2022-09-15;0;0;0;0;0;0;0;0;0;0;0;0;0;0;0;0;0;0
FR;10;2022-09-16;0;0;0;0;0;0;0;0;0;0;0;0;0;0;0;0;0;0
FR;10;2022-09-17;0;0;0;0;0;0;0;0;0;0;0;0;0;0;0;0;0;0
FR;10;2022-09-18;0;0;0;0;0;0;0;0;0;0;0;0;0;0;0;0;0;0
FR;10;2022-09-19;0;0;0;0;0;0;0;0;0;0;0;0;0;0;0;0;0;0
FR;10;2022-09-20;0;0;0;0;0;0;0;0;0;0;0;0;0;0;0;0;0;0
FR;10;2022-09-21;0;0;0;0;0;0;0;0;0;0;0;0;0;0;0;0;0;0
FR;10;2022-09-22;0;0;0;0;0;0;0;0;0;0;0;0;0;0;0;0;0;0
FR;10;2022-09-23;0;0;0;0;0;0;0;0;0;0;0;0;0;0;0;0;0;0
FR;10;2022-09-24;0;0;0;0;0;0;0;0;0;0;0;0;0;0;0;0;0;0
FR;10;2022-09-25;0;0;0;0;0;0;0;0;0;0;0;0;0;0;0;0;0;0
FR;10;2022-09-26;0;0;0;0;0;0;0;0;0;0;0;0;0;0;0;0;0;0
FR;10;2022-09-27;0;0;0;0;0;0;0;0;0;0;0;0;0;0;0;0;0;0
FR;10;2022-09-28;0;0;0;0;0;0;0;0;0;0;0;0;0;0;0;0;0;0
FR;10;2022-09-29;0;0;0;0;0;0;0;0;0;0;0;0;0;0;0;0;0;0
FR;10;2022-09-30;0;0;0;0;0;0;0;0;0;0;0;0;0;0;0;0;0;0
FR;10;2022-10-01;0;0;0;0;0;0;0;0;0;0;0;0;0;0;0;0;0;0
FR;10;2022-10-02;0;0;0;0;0;0;0;0;0;0;0;0;0;0;0;0;0;0
FR;10;2022-10-03;0;0;0;0;0;0;0;0;0;0;0;0;0;0;0;0;0;0
FR;10;2022-10-04;0;0;0;0;0;0;0;0;0;0;0;0;0;0;0;0;0;0
FR;10;2022-10-05;0;0;0;0;0;0;0;0;0;0;0;0;0;0;0;0;0;0
FR;10;2022-10-06;0;0;0;0;0;0;0;0;0;0;0;0;0;0;0;0;0;0
FR;10;2022-10-07;0;0;0;0;0;0;0;0;0;0;0;0;0;0;0;0;0;0
FR;10;2022-10-08;0;0;0;0;0;0;0;0;0;0;0;0;0;0;0;0;0;0
FR;10;2022-10-09;0;0;0;0;0;0;0;0;0;0;0;0;0;0;0;0;0;0
FR;10;2022-10-10;0;0;0;0;0;0;0;0;0;0;0;0;0;0;0;0;0;0
FR;10;2022-10-11;0;0;0;0;0;0;0;0;0;0;0;0;0;0;0;0;0;0
FR;10;2022-10-12;0;0;0;0;0;0;0;0;0;0;0;0;0;0;0;0;0;0
FR;10;2022-10-13;0;0;0;0;0;0;0;0;0;0;0;0;0;0;0;0;0;0
FR;10;2022-10-14;0;0;0;0;0;0;0;0;0;0;0;0;0;0;0;0;0;0
FR;10;2022-10-15;0;0;0;0;0;0;0;0;0;0;0;0;0;0;0;0;0;0
FR;10;2022-10-16;0;0;0;0;0;0;0;0;0;0;0;0;0;0;0;0;0;0
FR;10;2022-10-17;0;0;0;0;0;0;0;0;0;0;0;0;0;0;0;0;0;0
FR;10;2022-10-18;0;0;0;0;0;0;0;0;0;0;0;0;0;0;0;0;0;0
FR;10;2022-10-19;0;0;0;0;0;0;0;0;0;0;0;0;0;0;0;0;0;0
FR;10;2022-10-20;0;0;0;0;0;0;0;0;0;0;0;0;0;0;0;0;0;0
FR;10;2022-10-21;0;0;0;0;0;0;0;0;0;0;0;0;0;0;0;0;0;0
FR;10;2022-10-22;0;0;0;0;0;0;0;0;0;0;0;0;0;0;0;0;0;0
FR;10;2022-10-23;0;0;0;0;0;0;0;0;0;0;0;0;0;0;0;0;0;0
FR;10;2022-10-24;0;0;0;0;0;0;0;0;0;0;0;0;0;0;0;0;0;0
FR;10;2022-10-25;0;0;0;0;0;0;0;0;0;0;0;0;0;0;0;0;0;0
FR;10;2022-10-26;0;0;0;0;0;0;0;0;0;0;0;0;0;0;0;0;0;0
FR;10;2022-10-27;0;0;0;0;0;0;0;0;0;0;0;0;0;0;0;0;0;0
FR;10;2022-10-28;0;0;0;0;0;0;0;0;0;0;0;0;0;0;0;0;0;0
FR;10;2022-10-29;0;0;0;0;0;0;0;0;0;0;0;0;0;0;0;0;0;0
FR;10;2022-10-30;0;0;0;0;0;0;0;0;0;0;0;0;0;0;0;0;0;0
FR;10;2022-10-31;0;0;0;0;0;0;0;0;0;0;0;0;0;0;0;0;0;0
FR;10;2022-11-01;0;0;0;0;0;0;0;0;0;0;0;0;0;0;0;0;0;0
FR;10;2022-11-02;0;0;0;0;0;0;0;0;0;0;0;0;0;0;0;0;0;0
FR;10;2022-11-03;0;0;0;0;0;0;0;0;0;0;0;0;0;0;0;0;0;0
FR;10;2022-11-04;0;0;0;0;0;0;0;0;0;0;0;0;0;0;0;0;0;0
FR;10;2022-11-05;0;0;0;0;0;0;0;0;0;0;0;0;0;0;0;0;0;0
FR;10;2022-11-06;0;0;0;0;0;0;0;0;0;0;0;0;0;0;0;0;0;0
FR;10;2022-11-07;0;0;0;0;0;0;0;0;0;0;0;0;0;0;0;0;0;0
FR;10;2022-11-08;0;0;0;0;0;0;0;0;0;0;0;0;0;0;0;0;0;0
FR;10;2022-11-09;0;0;0;0;0;0;0;0;0;0;0;0;0;0;0;0;0;0
FR;10;2022-11-10;0;0;0;0;0;0;0;0;0;0;0;0;0;0;0;0;0;0
FR;10;2022-11-11;0;0;0;0;0;0;0;0;0;0;0;0;0;0;0;0;0;0
FR;10;2022-11-12;0;0;0;0;0;0;0;0;0;0;0;0;0;0;0;0;0;0
FR;10;2022-11-13;0;0;0;0;0;0;0;0;0;0;0;0;0;0;0;0;0;0
FR;10;2022-11-14;0;0;0;0;0;0;0;0;0;0;0;0;0;0;0;0;0;0
FR;10;2022-11-15;0;0;0;0;0;0;0;0;0;0;0;0;0;0;0;0;0;0
FR;10;2022-11-16;0;0;0;0;0;0;0;0;0;0;0;0;0;0;0;0;0;0
FR;10;2022-11-17;0;0;0;0;0;0;0;0;0;0;0;0;0;0;0;0;0;0
FR;10;2022-11-18;0;0;0;0;0;0;0;0;0;0;0;0;0;0;0;0;0;0
FR;10;2022-11-19;0;0;0;0;0;0;0;0;0;0;0;0;0;0;0;0;0;0
FR;10;2022-11-20;0;0;0;0;0;0;0;0;0;0;0;0;0;0;0;0;0;0
FR;10;2022-11-21;0;0;0;0;0;0;0;0;0;0;0;0;0;0;0;0;0;0
FR;10;2022-11-22;0;0;0;0;0;0;0;0;0;0;0;0;0;0;0;0;0;0
FR;10;2022-11-23;0;0;0;0;0;0;0;0;0;0;0;0;0;0;0;0;0;0
FR;10;2022-11-24;0;0;0;0;0;0;0;0;0;0;0;0;0;0;0;0;0;0
FR;10;2022-11-25;0;0;0;0;0;0;0;0;0;0;0;0;0;0;0;0;0;0
FR;10;2022-11-26;0;0;0;0;0;0;0;0;0;0;0;0;0;0;0;0;0;0
FR;10;2022-11-27;0;0;0;0;0;0;0;0;0;0;0;0;0;0;0;0;0;0
FR;10;2022-11-28;0;0;0;0;0;0;0;0;0;0;0;0;0;0;0;0;0;0
FR;10;2022-11-29;0;0;0;0;0;0;0;0;0;0;0;0;0;0;0;0;0;0
FR;10;2022-11-30;0;0;0;0;0;0;0;0;0;0;0;0;0;0;0;0;0;0
FR;10;2022-12-01;0;0;0;0;0;0;0;0;0;0;0;0;0;0;0;0;0;0
FR;10;2022-12-02;0;0;0;0;0;0;0;0;0;0;0;0;0;0;0;0;0;0
FR;10;2022-12-03;0;0;0;0;0;0;0;0;0;0;0;0;0;0;0;0;0;0
FR;10;2022-12-04;0;0;0;0;0;0;0;0;0;0;0;0;0;0;0;0;0;0
FR;10;2022-12-05;0;0;0;0;0;0;0;0;0;0;0;0;0;0;0;0;0;0
FR;10;2022-12-06;0;0;0;0;0;0;0;0;0;0;0;0;0;0;0;0;0;0
FR;10;2022-12-07;0;0;0;0;0;0;0;0;0;0;0;0;0;0;0;0;0;0
FR;10;2022-12-08;0;0;0;0;0;0;0;0;0;0;0;0;0;0;0;0;0;0
FR;10;2022-12-09;0;0;0;0;0;0;0;0;0;0;0;0;0;0;0;0;0;0
FR;10;2022-12-10;0;0;0;0;0;0;0;0;0;0;0;0;0;0;0;0;0;0
FR;10;2022-12-11;0;0;0;0;0;0;0;0;0;0;0;0;0;0;0;0;0;0
FR;10;2022-12-12;0;0;0;0;0;0;0;0;0;0;0;0;0;0;0;0;0;0
FR;10;2022-12-13;0;0;0;0;0;0;0;0;0;0;0;0;0;0;0;0;0;0
FR;10;2022-12-14;0;0;0;0;0;0;0;0;0;0;0;0;0;0;0;0;0;0
FR;10;2022-12-15;0;0;0;0;0;0;0;0;0;0;0;0;0;0;0;0;0;0
FR;10;2022-12-16;0;0;0;0;0;0;0;0;0;0;0;0;0;0;0;0;0;0
FR;10;2022-12-17;0;0;0;0;0;0;0;0;0;0;0;0;0;0;0;0;0;0
FR;10;2022-12-18;0;0;0;0;0;0;0;0;0;0;0;0;0;0;0;0;0;0
FR;10;2022-12-19;0;0;0;0;0;0;0;0;0;0;0;0;0;0;0;0;0;0
FR;10;2022-12-20;0;0;0;0;0;0;0;0;0;0;0;0;0;0;0;0;0;0
FR;10;2022-12-21;0;0;1;0;0;1;0;0;0;0;0;1;0;0;1;0;0;0
FR;10;2022-12-22;0;0;0;1;0;0;1;0;0;0;0;1;1;0;1;1;0;0
FR;10;2022-12-23;0;0;1;14;0;2;14;0;7;0;0;2;15;0;3;15;0;7
FR;10;2022-12-24;0;0;0;3;0;0;3;0;1;0;0;2;18;0;3;18;0;8
FR;10;2022-12-25;0;0;0;0;0;0;0;0;0;0;0;2;18;0;3;18;0;8
FR;10;2022-12-26;3;1;11;35;0;8;39;0;5;3;1;13;53;0;11;57;0;13
FR;10;2022-12-27;1;1;14;35;1;11;38;0;10;4;2;27;88;1;22;95;0;23
FR;10;2022-12-28;0;0;2;15;0;1;14;0;3;4;2;29;103;1;23;109;0;26
FR;10;2022-12-29;0;0;6;48;0;1;48;0;17;4;2;35;151;1;24;157;0;43
FR;10;2022-12-30;0;1;5;33;0;8;31;0;6;4;3;40;184;1;32;188;0;49
FR;10;2022-12-31;0;0;3;12;0;4;10;0;4;4;3;43;196;1;36;198;0;53
FR;10;2023-01-01;0;0;1;6;0;0;7;0;2;4;3;44;202;1;36;205;0;55
FR;10;2023-01-02;0;4;4;37;1;6;36;0;21;4;7;48;239;2;42;241;0;76
FR;10;2023-01-03;1;2;6;63;2;5;64;0;25;5;9;54;302;4;47;305;0;101
FR;10;2023-01-04;0;1;7;52;0;6;53;0;53;5;10;61;354;4;53;358;0;154
FR;10;2023-01-05;1;2;16;74;0;12;76;0;37;6;12;77;428;4;65;434;0;191
FR;10;2023-01-06;2;3;16;107;2;13;107;0;52;8;15;93;535;6;78;541;0;243
FR;10;2023-01-07;3;1;3;41;1;3;40;0;13;11;16;96;576;7;81;581;0;256
FR;10;2023-01-08;1;0;0;9;0;0;7;0;5;12;16;96;585;7;81;588;0;261
FR;10;2023-01-09;3;2;7;67;1;7;66;0;26;15;18;103;652;8;88;654;0;287
FR;10;2023-01-10;6;1;21;118;0;13;124;0;57;21;19;124;770;8;101;778;0;344
FR;10;2023-01-11;5;4;19;77;1;16;79;0;38;26;23;143;847;9;117;857;0;382
FR;10;2023-01-12;13;1;7;77;2;3;80;0;51;39;24;150;924;11;120;937;0;433
FR;10;2023-01-13;0;6;15;122;1;8;129;0;77;39;30;165;1046;12;128;1066;0;510
FR;10;2023-01-14;2;1;8;43;0;5;47;0;3;41;31;173;1089;12;133;1113;0;513
FR;10;2023-01-15;0;0;2;10;0;1;7;0;8;41;31;175;1099;12;134;1120;0;521
FR;10;2023-01-16;0;1;11;70;1;7;73;0;68;41;32;186;1169;13;141;1193;0;589
FR;10;2023-01-17;0;7;22;109;2;11;118;0;61;41;39;208;1278;15;152;1311;0;650
FR;10;2023-01-18;2;1;13;92;1;9;104;0;15;43;40;221;1370;16;161;1415;0;665
FR;10;2023-01-19;6;6;24;142;3;22;135;0;56;49;46;245;1512;19;183;1550;0;721
FR;10;2023-01-20;2;1;11;111;0;9;106;0;73;51;47;256;1623;19;192;1656;0;794
FR;10;2023-01-21;2;1;5;26;0;5;23;0;15;53;48;261;1649;19;197;1679;0;809
FR;10;2023-01-22;0;0;0;5;0;0;5;0;0;53;48;261;1654;19;197;1684;0;809
FR;10;2023-01-23;1;2;5;62;1;5;59;0;23;54;50;266;1716;20;202;1743;0;832
FR;10;2023-01-24;6;6;27;148;2;19;152;0;75;60;56;293;1864;22;221;1895;0;907
FR;10;2023-01-25;2;1;9;81;1;5;82;0;55;62;57;302;1945;23;226;1977;0;962
FR;10;2023-01-26;4;5;33;147;1;22;159;0;52;66;62;335;2092;24;248;2136;0;1014
FR;10;2023-01-27;1;1;16;117;1;6;118;0;78;67;63;351;2209;25;254;2254;0;1092
FR;10;2023-01-28;0;1;3;18;1;1;21;0;15;67;64;354;2227;26;255;2275;0;1107
FR;10;2023-01-29;0;0;1;0;0;1;0;0;1;67;64;355;2227;26;256;2275;0;1108
FR;10;2023-01-30;2;1;11;60;1;5;63;0;40;69;65;366;2287;27;261;2338;0;1148
FR;10;2023-01-31;5;2;24;121;3;17;121;0;51;74;67;390;2408;30;278;2459;0;1199
FR;10;2023-02-01;0;2;11;49;2;10;49;0;28;74;69;401;2457;32;288;2508;0;1227
FR;10;2023-02-02;3;0;21;104;0;16;108;0;48;77;69;422;2561;32;304;2616;0;1275
FR;10;2023-02-03;6;5;18;48;4;11;51;0;64;83;74;440;2609;36;315;2667;0;1339
FR;10;2023-02-04;1;0;1;8;0;0;10;0;6;84;74;441;2617;36;315;2677;0;1345
FR;10;2023-02-05;7;1;2;3;2;1;4;0;5;91;75;443;2620;38;316;2681;0;1350
FR;10;2023-02-06;1;0;9;28;0;8;22;0;46;92;75;452;2648;38;324;2703;0;1396
FR;10;2023-02-07;2;2;2;12;1;3;12;0;13;94;77;454;2660;39;327;2715;0;1409
FR;10;2023-02-08;1;3;3;15;2;4;15;0;12;95;80;457;2675;41;331;2730;0;1421
FR;10;2023-02-09;2;1;11;91;2;7;97;0;41;97;81;468;2766;43;338;2827;0;1462
FR;10;2023-02-10;8;3;12;29;0;6;37;0;25;105;84;480;2795;43;344;2864;0;1487
FR;10;2023-02-11;1;0;2;2;0;2;2;0;1;106;84;482;2797;43;346;2866;0;1488
FR;10;2023-02-12;1;1;0;0;1;0;0;0;0;107;85;482;2797;44;346;2866;0;1488
FR;10;2023-02-13;3;1;9;15;0;7;18;0;10;110;86;491;2812;44;353;2884;0;1498
FR;10;2023-02-14;2;4;11;49;3;9;50;0;17;112;90;502;2861;47;362;2934;0;1515
FR;10;2023-02-15;7;3;2;10;2;3;8;0;8;119;93;504;2871;49;365;2942;0;1523
FR;10;2023-02-16;0;0;8;17;0;5;18;0;8;119;93;512;2888;49;370;2960;0;1531
FR;10;2023-02-17;13;5;7;28;5;2;22;0;17;132;98;519;2916;54;372;2982;0;1548
FR;10;2023-02-18;2;0;3;11;0;3;10;0;6;134;98;522;2927;54;375;2992;0;1554
FR;10;2023-02-19;0;0;0;0;0;0;0;0;0;134;98;522;2927;54;375;2992;0;1554
FR;10;2023-02-20;2;1;2;25;1;1;23;0;23;136;99;524;2952;55;376;3015;0;1577
FR;10;2023-02-21;2;3;12;27;1;6;35;0;30;138;102;536;2979;56;382;3050;0;1607
FR;10;2023-02-22;5;4;2;7;3;3;6;0;1;143;106;538;2986;59;385;3056;0;1608
FR;10;2023-02-23;3;2;17;31;2;14;37;0;12;146;108;555;3017;61;399;3093;0;1620
FR;10;2023-02-24;1;2;8;27;0;5;27;0;29;147;110;563;3044;61;404;3120;0;1649
FR;10;2023-02-25;0;0;2;3;0;2;3;0;7;147;110;565;3047;61;406;3123;0;1656
FR;10;2023-02-26;0;0;0;0;0;0;0;0;0;147;110;565;3047;61;406;3123;0;1656
FR;10;2023-02-27;3;3;3;20;4;3;21;0;15;150;113;568;3067;65;409;3144;0;1671
FR;10;2023-02-28;3;2;3;10;2;1;11;0;10;153;115;571;3077;67;410;3155;0;1681
FR;10;2023-03-01;2;6;34;12;6;33;12;0;14;155;121;605;3089;73;443;3167;0;1695
FR;10;2023-03-02;2;1;10;22;2;6;22;0;31;157;122;615;3111;75;449;3189;0;1726
FR;10;2023-03-03;7;2;5;21;0;6;20;0;18;164;124;620;3132;75;455;3209;0;1744
FR;10;2023-03-04;0;1;0;6;1;0;6;0;2;164;125;620;3138;76;455;3215;0;1746
FR;10;2023-03-05;0;0;0;1;0;0;0;0;2;164;125;620;3139;76;455;3215;0;1748
FR;10;2023-03-06;2;2;8;8;3;7;9;0;8;166;127;628;3147;79;462;3224;0;1756
FR;10;2023-03-07;2;3;0;11;1;2;11;0;8;168;130;628;3158;80;464;3235;0;1764
FR;10;2023-03-08;1;4;4;20;3;3;22;0;9;169;134;632;3178;83;467;3257;0;1773
FR;10;2023-03-09;0;3;1;9;1;2;8;0;8;169;137;633;3187;84;469;3265;0;1781
FR;10;2023-03-10;1;2;1;8;2;1;9;0;9;170;139;634;3195;86;470;3274;0;1790
FR;10;2023-03-11;2;1;5;4;0;3;7;0;2;172;140;639;3199;86;473;3281;0;1792
FR;10;2023-03-12;0;0;0;0;0;0;0;0;0;172;140;639;3199;86;473;3281;0;1792
FR;10;2023-03-13;0;2;2;3;2;2;3;0;5;172;142;641;3202;88;475;3284;0;1797
FR;10;2023-03-14;2;0;6;25;0;4;27;0;21;174;142;647;3227;88;479;3311;0;1818
FR;10;2023-03-15;0;2;5;5;1;7;4;0;6;174;144;652;3232;89;486;3315;0;1824
FR;10;2023-03-16;3;1;7;12;0;5;15;0;11;177;145;659;3244;89;491;3330;0;1835
FR;10;2023-03-17;3;5;8;18;4;4;22;0;19;180;150;667;3262;93;495;3352;0;1854
FR;10;2023-03-18;0;1;1;3;0;2;2;0;3;180;151;668;3265;93;497;3354;0;1857
FR;10;2023-03-19;6;0;0;0;0;0;0;0;0;186;151;668;3265;93;497;3354;0;1857
FR;10;2023-03-20;5;4;0;12;3;1;13;0;12;191;155;668;3277;96;498;3367;0;1869
FR;10;2023-03-21;1;2;2;7;0;3;9;0;14;192;157;670;3284;96;501;3376;0;1883
FR;10;2023-03-22;0;0;3;4;0;3;3;0;3;192;157;673;3288;96;504;3379;0;1886
FR;10;2023-03-23;9;9;4;6;9;1;8;0;13;201;166;677;3294;105;505;3387;0;1899
FR;10;2023-03-24;3;3;2;14;2;1;10;0;17;204;169;679;3308;107;506;3397;0;1916
FR;10;2023-03-25;1;3;0;4;1;3;5;0;8;205;172;679;3312;108;509;3402;0;1924
FR;10;2023-03-26;1;1;0;0;1;0;0;0;0;206;173;679;3312;109;509;3402;0;1924
FR;10;2023-03-27;0;2;3;4;2;3;2;0;16;206;175;682;3316;111;512;3404;0;1940
FR;10;2023-03-28;9;8;3;5;8;1;6;0;6;215;183;685;3321;119;513;3410;0;1946
FR;10;2023-03-29;7;7;3;2;6;4;2;0;6;222;190;688;3323;125;517;3412;0;1952
FR;10;2023-03-30;16;13;3;7;13;2;8;0;6;238;203;691;3330;138;519;3420;0;1958
FR;10;2023-03-31;8;6;4;12;5;4;13;0;19;246;209;695;3342;143;523;3433;0;1977
FR;10;2023-04-01;9;8;1;0;8;1;0;0;0;255;217;696;3342;151;524;3433;0;1977
FR;10;2023-04-02;1;0;0;0;0;0;0;0;1;256;217;696;3342;151;524;3433;0;1978
FR;10;2023-04-03;2;1;0;3;1;0;2;0;5;258;218;696;3345;152;524;3435;0;1983
FR;10;2023-04-04;0;1;0;3;1;0;3;0;5;258;219;696;3348;153;524;3438;0;1988
FR;10;2023-04-05;0;0;2;1;0;2;3;0;2;258;219;698;3349;153;526;3441;0;1990
FR;10;2023-04-06;2;2;4;4;2;1;7;0;2;260;221;702;3353;155;527;3448;0;1992
FR;10;2023-04-07;3;0;2;3;0;1;3;0;9;263;221;704;3356;155;528;3451;0;2001
FR;10;2023-04-08;0;0;1;0;0;1;0;0;0;263;221;705;3356;155;529;3451;0;2001
FR;10;2023-04-09;0;0;0;0;0;0;0;0;0;263;221;705;3356;155;529;3451;0;2001
FR;10;2023-04-10;0;0;2;0;0;0;2;0;0;263;221;707;3356;155;529;3453;0;2001
FR;10;2023-04-11;1;0;1;3;0;1;2;0;3;264;221;708;3359;155;530;3455;0;2004
FR;10;2023-04-12;0;0;2;1;0;1;2;0;4;264;221;710;3360;155;531;3457;0;2008
FR;10;2023-04-13;0;1;0;5;1;0;5;0;5;264;222;710;3365;156;531;3462;0;2013
FR;10;2023-04-14;3;0;1;7;0;1;4;0;5;267;222;711;3372;156;532;3466;0;2018
FR;10;2023-04-15;0;1;1;3;1;0;4;0;0;267;223;712;3375;157;532;3470;0;2018
FR;10;2023-04-16;0;0;0;2;0;0;2;0;0;267;223;712;3377;157;532;3472;0;2018
FR;10;2023-04-17;1;2;2;0;1;2;0;0;0;268;225;714;3377;158;534;3472;0;2018
FR;10;2023-04-18;2;2;1;3;2;1;0;0;2;270;227;715;3380;160;535;3472;0;2020
FR;10;2023-04-19;0;0;1;0;0;1;0;0;1;270;227;716;3380;160;536;3472;0;2021
FR;10;2023-04-20;0;2;1;1;1;2;1;0;2;270;229;717;3381;161;538;3473;0;2023
FR;10;2023-04-21;0;1;5;7;0;4;9;0;3;270;230;722;3388;161;542;3482;0;2026
FR;10;2023-04-22;1;1;0;2;1;0;2;0;1;271;231;722;3390;162;542;3484;0;2027
FR;10;2023-04-23;0;0;0;0;0;0;0;0;0;271;231;722;3390;162;542;3484;0;2027
FR;10;2023-04-24;0;1;0;0;1;0;0;0;4;271;232;722;3390;163;542;3484;0;2031
FR;10;2023-04-25;0;0;1;0;0;1;0;0;2;271;232;723;3390;163;543;3484;0;2033
FR;10;2023-04-26;1;0;2;1;1;2;1;0;1;272;232;725;3391;164;545;3485;0;2034
FR;10;2023-04-27;0;0;1;1;0;1;1;0;1;272;232;726;3392;164;546;3486;0;2035
FR;10;2023-04-28;0;1;3;5;1;0;6;0;6;272;233;729;3397;165;546;3492;0;2041
FR;10;2023-04-29;0;0;0;1;0;0;0;0;1;272;233;729;3398;165;546;3492;0;2042
FR;10;2023-04-30;0;0;0;0;0;0;0;0;0;272;233;729;3398;165;546;3492;0;2042
FR;10;2023-05-01;0;0;0;0;0;0;0;0;0;272;233;729;3398;165;546;3492;0;2042
FR;10;2023-05-02;2;1;0;2;2;0;2;0;4;274;234;729;3400;167;546;3494;0;2046
FR;10;2023-05-03;0;1;1;2;1;1;1;0;17;274;235;730;3402;168;547;3495;0;2063
FR;10;2023-05-04;0;1;1;0;1;1;0;0;1;274;236;731;3402;169;548;3495;0;2064
FR;10;2023-05-05;0;1;2;6;0;2;6;0;9;274;237;733;3408;169;550;3501;0;2073
FR;10;2023-05-06;0;0;3;3;0;2;4;0;1;274;237;736;3411;169;552;3505;0;2074
FR;10;2023-05-07;0;0;0;0;0;0;0;0;0;274;237;736;3411;169;552;3505;0;2074
FR;10;2023-05-08;0;0;0;0;0;0;0;0;0;274;237;736;3411;169;552;3505;0;2074
FR;10;2023-05-09;0;1;1;0;0;1;1;0;1;274;238;737;3411;169;553;3506;0;2075
FR;10;2023-05-10;15;5;1;1;5;0;2;0;0;289;243;738;3412;174;553;3508;0;2075
FR;10;2023-05-11;0;0;0;2;0;0;2;0;4;289;243;738;3414;174;553;3510;0;2079
FR;10;2023-05-12;1;0;1;6;0;2;5;0;9;290;243;739;3420;174;555;3515;0;2088
FR;10;2023-05-13;0;0;1;0;0;0;1;0;0;290;243;740;3420;174;555;3516;0;2088
FR;10;2023-05-14;0;0;0;0;0;0;0;0;0;290;243;740;3420;174;555;3516;0;2088
FR;10;2023-05-15;0;1;0;0;0;1;0;0;1;290;244;740;3420;174;556;3516;0;2089
FR;10;2023-05-16;0;0;0;2;0;0;2;0;3;290;244;740;3422;174;556;3518;0;2092
FR;10;2023-05-17;0;0;0;1;0;0;1;0;1;290;244;740;3423;174;556;3519;0;2093
FR;10;2023-05-18;0;0;0;0;0;0;0;0;0;290;244;740;3423;174;556;3519;0;2093
FR;10;2023-05-19;1;0;1;2;0;1;2;0;0;291;244;741;3425;174;557;3521;0;2093
FR;10;2023-05-20;1;0;1;1;0;1;1;0;1;292;244;742;3426;174;558;3522;0;2094
FR;10;2023-05-21;0;0;0;0;0;0;0;0;0;292;244;742;3426;174;558;3522;0;2094
FR;10;2023-05-22;1;0;1;3;0;1;3;0;0;293;244;743;3429;174;559;3525;0;2094
FR;10;2023-05-23;0;0;3;1;0;1;4;0;2;293;244;746;3430;174;560;3529;0;2096
FR;10;2023-05-24;1;2;0;0;3;0;1;0;4;294;246;746;3430;177;560;3530;0;2100
FR;10;2023-05-25;1;1;1;1;2;0;2;0;4;295;247;747;3431;179;560;3532;0;2104
FR;10;2023-05-26;1;0;2;5;0;2;5;0;6;296;247;749;3436;179;562;3537;0;2110
FR;10;2023-05-27;1;0;0;0;0;0;0;0;0;297;247;749;3436;179;562;3537;0;2110
FR;10;2023-05-28;1;0;0;0;1;0;0;0;0;298;247;749;3436;180;562;3537;0;2110
FR;10;2023-05-29;1;1;0;0;1;0;0;0;0;299;248;749;3436;181;562;3537;0;2110
FR;11;2020-12-27;0;0;0;0;0;0;0;0;0;0;0;0;0;0;0;0;0;0
FR;11;2020-12-28;0;0;0;0;0;0;0;0;0;0;0;0;0;0;0;0;0;0
FR;11;2020-12-29;0;0;0;0;0;0;0;0;0;0;0;0;0;0;0;0;0;0
FR;11;2020-12-30;0;0;0;0;0;0;0;0;0;0;0;0;0;0;0;0;0;0
FR;11;2020-12-31;0;0;0;0;0;0;0;0;0;0;0;0;0;0;0;0;0;0
FR;11;2021-01-01;0;0;0;0;0;0;0;0;0;0;0;0;0;0;0;0;0;0
FR;11;2021-01-02;0;0;0;0;0;0;0;0;0;0;0;0;0;0;0;0;0;0
FR;11;2021-01-03;0;0;0;0;0;0;0;0;0;0;0;0;0;0;0;0;0;0
FR;11;2021-01-04;0;0;0;0;0;0;0;0;0;0;0;0;0;0;0;0;0;0
FR;11;2021-01-05;0;0;0;0;0;0;0;0;0;0;0;0;0;0;0;0;0;0
FR;11;2021-01-06;0;0;0;0;0;0;0;0;0;0;0;0;0;0;0;0;0;0
FR;11;2021-01-07;0;0;0;0;0;0;0;0;0;0;0;0;0;0;0;0;0;0
FR;11;2021-01-08;0;0;0;0;0;0;0;0;0;0;0;0;0;0;0;0;0;0
FR;11;2021-01-09;0;0;0;0;0;0;0;0;0;0;0;0;0;0;0;0;0;0
FR;11;2021-01-10;0;0;0;0;0;0;0;0;0;0;0;0;0;0;0;0;0;0
FR;11;2021-01-11;0;0;0;0;0;0;0;0;0;0;0;0;0;0;0;0;0;0
FR;11;2021-01-12;0;0;0;0;0;0;0;0;0;0;0;0;0;0;0;0;0;0
FR;11;2021-01-13;0;0;0;0;0;0;0;0;0;0;0;0;0;0;0;0;0;0
FR;11;2021-01-14;0;0;0;0;0;0;0;0;0;0;0;0;0;0;0;0;0;0
FR;11;2021-01-15;0;0;0;0;0;0;0;0;0;0;0;0;0;0;0;0;0;0
FR;11;2021-01-16;0;0;0;0;0;0;0;0;0;0;0;0;0;0;0;0;0;0
FR;11;2021-01-17;0;0;0;0;0;0;0;0;0;0;0;0;0;0;0;0;0;0
FR;11;2021-01-18;0;0;0;0;0;0;0;0;0;0;0;0;0;0;0;0;0;0
FR;11;2021-01-19;0;0;0;0;0;0;0;0;0;0;0;0;0;0;0;0;0;0
FR;11;2021-01-20;0;0;0;0;0;0;0;0;0;0;0;0;0;0;0;0;0;0
FR;11;2021-01-21;0;0;0;0;0;0;0;0;0;0;0;0;0;0;0;0;0;0
FR;11;2021-01-22;0;0;0;0;0;0;0;0;0;0;0;0;0;0;0;0;0;0
FR;11;2021-01-23;0;0;0;0;0;0;0;0;0;0;0;0;0;0;0;0;0;0
FR;11;2021-01-24;0;0;0;0;0;0;0;0;0;0;0;0;0;0;0;0;0;0
FR;11;2021-01-25;0;0;0;0;0;0;0;0;0;0;0;0;0;0;0;0;0;0
FR;11;2021-01-26;0;0;0;0;0;0;0;0;0;0;0;0;0;0;0;0;0;0
FR;11;2021-01-27;0;0;0;0;0;0;0;0;0;0;0;0;0;0;0;0;0;0
FR;11;2021-01-28;0;0;0;0;0;0;0;0;0;0;0;0;0;0;0;0;0;0
FR;11;2021-01-29;0;0;0;0;0;0;0;0;0;0;0;0;0;0;0;0;0;0
FR;11;2021-01-30;0;0;0;0;0;0;0;0;0;0;0;0;0;0;0;0;0;0
FR;11;2021-01-31;0;0;0;0;0;0;0;0;0;0;0;0;0;0;0;0;0;0
FR;11;2021-02-01;0;0;0;0;0;0;0;0;0;0;0;0;0;0;0;0;0;0
FR;11;2021-02-02;0;0;0;0;0;0;0;0;0;0;0;0;0;0;0;0;0;0
FR;11;2021-02-03;0;0;0;0;0;0;0;0;0;0;0;0;0;0;0;0;0;0
FR;11;2021-02-04;0;0;0;0;0;0;0;0;0;0;0;0;0;0;0;0;0;0
FR;11;2021-02-05;0;0;0;0;0;0;0;0;0;0;0;0;0;0;0;0;0;0
FR;11;2021-02-06;0;0;0;0;0;0;0;0;0;0;0;0;0;0;0;0;0;0
FR;11;2021-02-07;0;0;0;0;0;0;0;0;0;0;0;0;0;0;0;0;0;0
FR;11;2021-02-08;0;0;0;0;0;0;0;0;0;0;0;0;0;0;0;0;0;0
FR;11;2021-02-09;0;0;0;0;0;0;0;0;0;0;0;0;0;0;0;0;0;0
FR;11;2021-02-10;0;0;0;0;0;0;0;0;0;0;0;0;0;0;0;0;0;0
FR;11;2021-02-11;0;0;0;0;0;0;0;0;0;0;0;0;0;0;0;0;0;0
FR;11;2021-02-12;0;0;0;0;0;0;0;0;0;0;0;0;0;0;0;0;0;0
FR;11;2021-02-13;0;0;0;0;0;0;0;0;0;0;0;0;0;0;0;0;0;0
FR;11;2021-02-14;0;0;0;0;0;0;0;0;0;0;0;0;0;0;0;0;0;0
FR;11;2021-02-15;0;0;0;0;0;0;0;0;0;0;0;0;0;0;0;0;0;0
FR;11;2021-02-16;0;0;0;0;0;0;0;0;0;0;0;0;0;0;0;0;0;0
FR;11;2021-02-17;0;0;0;0;0;0;0;0;0;0;0;0;0;0;0;0;0;0
FR;11;2021-02-18;0;0;0;0;0;0;0;0;0;0;0;0;0;0;0;0;0;0
FR;11;2021-02-19;0;0;0;0;0;0;0;0;0;0;0;0;0;0;0;0;0;0
FR;11;2021-02-20;0;0;0;0;0;0;0;0;0;0;0;0;0;0;0;0;0;0
FR;11;2021-02-21;0;0;0;0;0;0;0;0;0;0;0;0;0;0;0;0;0;0
FR;11;2021-02-22;0;0;0;0;0;0;0;0;0;0;0;0;0;0;0;0;0;0
FR;11;2021-02-23;0;0;0;0;0;0;0;0;0;0;0;0;0;0;0;0;0;0
FR;11;2021-02-24;0;0;0;0;0;0;0;0;0;0;0;0;0;0;0;0;0;0
FR;11;2021-02-25;0;0;0;0;0;0;0;0;0;0;0;0;0;0;0;0;0;0
FR;11;2021-02-26;0;0;0;0;0;0;0;0;0;0;0;0;0;0;0;0;0;0
FR;11;2021-02-27;0;0;0;0;0;0;0;0;0;0;0;0;0;0;0;0;0;0
FR;11;2021-02-28;0;0;0;0;0;0;0;0;0;0;0;0;0;0;0;0;0;0
FR;11;2021-03-01;0;0;0;0;0;0;0;0;0;0;0;0;0;0;0;0;0;0
FR;11;2021-03-02;0;0;0;0;0;0;0;0;0;0;0;0;0;0;0;0;0;0
FR;11;2021-03-03;0;0;0;0;0;0;0;0;0;0;0;0;0;0;0;0;0;0
FR;11;2021-03-04;0;0;0;0;0;0;0;0;0;0;0;0;0;0;0;0;0;0
FR;11;2021-03-05;0;0;0;0;0;0;0;0;0;0;0;0;0;0;0;0;0;0
FR;11;2021-03-06;0;0;0;0;0;0;0;0;0;0;0;0;0;0;0;0;0;0
FR;11;2021-03-07;0;0;0;0;0;0;0;0;0;0;0;0;0;0;0;0;0;0
FR;11;2021-03-08;0;0;0;0;0;0;0;0;0;0;0;0;0;0;0;0;0;0
FR;11;2021-03-09;0;0;0;0;0;0;0;0;0;0;0;0;0;0;0;0;0;0
FR;11;2021-03-10;0;0;0;0;0;0;0;0;0;0;0;0;0;0;0;0;0;0
FR;11;2021-03-11;0;0;0;0;0;0;0;0;0;0;0;0;0;0;0;0;0;0
FR;11;2021-03-12;0;0;0;0;0;0;0;0;0;0;0;0;0;0;0;0;0;0
FR;11;2021-03-13;0;0;0;0;0;0;0;0;0;0;0;0;0;0;0;0;0;0
FR;11;2021-03-14;0;0;0;0;0;0;0;0;0;0;0;0;0;0;0;0;0;0
FR;11;2021-03-15;0;0;0;0;0;0;0;0;0;0;0;0;0;0;0;0;0;0
FR;11;2021-03-16;0;0;0;0;0;0;0;0;0;0;0;0;0;0;0;0;0;0
FR;11;2021-03-17;0;0;0;0;0;0;0;0;0;0;0;0;0;0;0;0;0;0
FR;11;2021-03-18;0;0;0;0;0;0;0;0;0;0;0;0;0;0;0;0;0;0
FR;11;2021-03-19;0;0;0;0;0;0;0;0;0;0;0;0;0;0;0;0;0;0
FR;11;2021-03-20;0;0;0;0;0;0;0;0;0;0;0;0;0;0;0;0;0;0
FR;11;2021-03-21;0;0;0;0;0;0;0;0;0;0;0;0;0;0;0;0;0;0
FR;11;2021-03-22;0;0;0;0;0;0;0;0;0;0;0;0;0;0;0;0;0;0
FR;11;2021-03-23;0;0;0;0;0;0;0;0;0;0;0;0;0;0;0;0;0;0
FR;11;2021-03-24;0;0;0;0;0;0;0;0;0;0;0;0;0;0;0;0;0;0
FR;11;2021-03-25;0;0;0;0;0;0;0;0;0;0;0;0;0;0;0;0;0;0
FR;11;2021-03-26;0;0;0;0;0;0;0;0;0;0;0;0;0;0;0;0;0;0
FR;11;2021-03-27;0;0;0;0;0;0;0;0;0;0;0;0;0;0;0;0;0;0
FR;11;2021-03-28;0;0;0;0;0;0;0;0;0;0;0;0;0;0;0;0;0;0
FR;11;2021-03-29;0;0;0;0;0;0;0;0;0;0;0;0;0;0;0;0;0;0
FR;11;2021-03-30;0;0;0;0;0;0;0;0;0;0;0;0;0;0;0;0;0;0
FR;11;2021-03-31;0;0;0;0;0;0;0;0;0;0;0;0;0;0;0;0;0;0
FR;11;2021-04-01;0;0;0;0;0;0;0;0;0;0;0;0;0;0;0;0;0;0
FR;11;2021-04-02;0;0;0;0;0;0;0;0;0;0;0;0;0;0;0;0;0;0
FR;11;2021-04-03;0;0;0;0;0;0;0;0;0;0;0;0;0;0;0;0;0;0
FR;11;2021-04-04;0;0;0;0;0;0;0;0;0;0;0;0;0;0;0;0;0;0
FR;11;2021-04-05;0;0;0;0;0;0;0;0;0;0;0;0;0;0;0;0;0;0
FR;11;2021-04-06;0;0;0;0;0;0;0;0;0;0;0;0;0;0;0;0;0;0
FR;11;2021-04-07;0;0;0;0;0;0;0;0;0;0;0;0;0;0;0;0;0;0
FR;11;2021-04-08;0;0;0;0;0;0;0;0;0;0;0;0;0;0;0;0;0;0
FR;11;2021-04-09;0;0;0;0;0;0;0;0;0;0;0;0;0;0;0;0;0;0
FR;11;2021-04-10;0;0;0;0;0;0;0;0;0;0;0;0;0;0;0;0;0;0
FR;11;2021-04-11;0;0;0;0;0;0;0;0;0;0;0;0;0;0;0;0;0;0
FR;11;2021-04-12;0;0;0;0;0;0;0;0;0;0;0;0;0;0;0;0;0;0
FR;11;2021-04-13;0;0;0;0;0;0;0;0;0;0;0;0;0;0;0;0;0;0
FR;11;2021-04-14;0;0;0;0;0;0;0;0;0;0;0;0;0;0;0;0;0;0
FR;11;2021-04-15;0;0;0;0;0;0;0;0;0;0;0;0;0;0;0;0;0;0
FR;11;2021-04-16;0;0;0;0;0;0;0;0;0;0;0;0;0;0;0;0;0;0
FR;11;2021-04-17;0;0;0;0;0;0;0;0;0;0;0;0;0;0;0;0;0;0
FR;11;2021-04-18;0;0;0;0;0;0;0;0;0;0;0;0;0;0;0;0;0;0
FR;11;2021-04-19;0;0;0;0;0;0;0;0;0;0;0;0;0;0;0;0;0;0
FR;11;2021-04-20;0;0;0;0;0;0;0;0;0;0;0;0;0;0;0;0;0;0
FR;11;2021-04-21;0;0;0;0;0;0;0;0;0;0;0;0;0;0;0;0;0;0
FR;11;2021-04-22;0;0;0;0;0;0;0;0;0;0;0;0;0;0;0;0;0;0
FR;11;2021-04-23;0;0;0;0;0;0;0;0;0;0;0;0;0;0;0;0;0;0
FR;11;2021-04-24;0;0;0;0;0;0;0;0;0;0;0;0;0;0;0;0;0;0
FR;11;2021-04-25;0;0;0;0;0;0;0;0;0;0;0;0;0;0;0;0;0;0
FR;11;2021-04-26;0;0;0;0;0;0;0;0;0;0;0;0;0;0;0;0;0;0
FR;11;2021-04-27;0;0;0;0;0;0;0;0;0;0;0;0;0;0;0;0;0;0
FR;11;2021-04-28;0;0;0;0;0;0;0;0;0;0;0;0;0;0;0;0;0;0
FR;11;2021-04-29;0;0;0;0;0;0;0;0;0;0;0;0;0;0;0;0;0;0
FR;11;2021-04-30;0;0;0;0;0;0;0;0;0;0;0;0;0;0;0;0;0;0
FR;11;2021-05-01;0;0;0;0;0;0;0;0;0;0;0;0;0;0;0;0;0;0
FR;11;2021-05-02;0;0;0;0;0;0;0;0;0;0;0;0;0;0;0;0;0;0
FR;11;2021-05-03;0;0;0;0;0;0;0;0;0;0;0;0;0;0;0;0;0;0
FR;11;2021-05-04;0;0;0;0;0;0;0;0;0;0;0;0;0;0;0;0;0;0
FR;11;2021-05-05;0;0;0;0;0;0;0;0;0;0;0;0;0;0;0;0;0;0
FR;11;2021-05-06;0;0;0;0;0;0;0;0;0;0;0;0;0;0;0;0;0;0
FR;11;2021-05-07;0;0;0;0;0;0;0;0;0;0;0;0;0;0;0;0;0;0
FR;11;2021-05-08;0;0;0;0;0;0;0;0;0;0;0;0;0;0;0;0;0;0
FR;11;2021-05-09;0;0;0;0;0;0;0;0;0;0;0;0;0;0;0;0;0;0
FR;11;2021-05-10;0;0;0;0;0;0;0;0;0;0;0;0;0;0;0;0;0;0
FR;11;2021-05-11;0;0;0;0;0;0;0;0;0;0;0;0;0;0;0;0;0;0
FR;11;2021-05-12;0;0;0;0;0;0;0;0;0;0;0;0;0;0;0;0;0;0
FR;11;2021-05-13;0;0;0;0;0;0;0;0;0;0;0;0;0;0;0;0;0;0
FR;11;2021-05-14;0;0;0;0;0;0;0;0;0;0;0;0;0;0;0;0;0;0
FR;11;2021-05-15;0;0;0;0;0;0;0;0;0;0;0;0;0;0;0;0;0;0
FR;11;2021-05-16;0;0;0;0;0;0;0;0;0;0;0;0;0;0;0;0;0;0
FR;11;2021-05-17;0;0;0;0;0;0;0;0;0;0;0;0;0;0;0;0;0;0
FR;11;2021-05-18;0;0;0;0;0;0;0;0;0;0;0;0;0;0;0;0;0;0
FR;11;2021-05-19;0;0;0;0;0;0;0;0;0;0;0;0;0;0;0;0;0;0
FR;11;2021-05-20;0;0;0;0;0;0;0;0;0;0;0;0;0;0;0;0;0;0
FR;11;2021-05-21;0;0;0;0;0;0;0;0;0;0;0;0;0;0;0;0;0;0
FR;11;2021-05-22;0;0;0;0;0;0;0;0;0;0;0;0;0;0;0;0;0;0
FR;11;2021-05-23;0;0;0;0;0;0;0;0;0;0;0;0;0;0;0;0;0;0
FR;11;2021-05-24;0;0;0;0;0;0;0;0;0;0;0;0;0;0;0;0;0;0
FR;11;2021-05-25;0;0;0;0;0;0;0;0;0;0;0;0;0;0;0;0;0;0
FR;11;2021-05-26;0;0;0;0;0;0;0;0;0;0;0;0;0;0;0;0;0;0
FR;11;2021-05-27;0;0;0;0;0;0;0;0;0;0;0;0;0;0;0;0;0;0
FR;11;2021-05-28;0;0;0;0;0;0;0;0;0;0;0;0;0;0;0;0;0;0
FR;11;2021-05-29;0;0;0;0;0;0;0;0;0;0;0;0;0;0;0;0;0;0
FR;11;2021-05-30;0;0;0;0;0;0;0;0;0;0;0;0;0;0;0;0;0;0
FR;11;2021-05-31;0;0;0;0;0;0;0;0;0;0;0;0;0;0;0;0;0;0
FR;11;2021-06-01;0;0;0;0;0;0;0;0;0;0;0;0;0;0;0;0;0;0
FR;11;2021-06-02;0;0;0;0;0;0;0;0;0;0;0;0;0;0;0;0;0;0
FR;11;2021-06-03;0;0;0;0;0;0;0;0;0;0;0;0;0;0;0;0;0;0
FR;11;2021-06-04;0;0;0;0;0;0;0;0;0;0;0;0;0;0;0;0;0;0
FR;11;2021-06-05;0;0;0;0;0;0;0;0;0;0;0;0;0;0;0;0;0;0
FR;11;2021-06-06;0;0;0;0;0;0;0;0;0;0;0;0;0;0;0;0;0;0
FR;11;2021-06-07;0;0;0;0;0;0;0;0;0;0;0;0;0;0;0;0;0;0
FR;11;2021-06-08;0;0;0;0;0;0;0;0;0;0;0;0;0;0;0;0;0;0
FR;11;2021-06-09;0;0;0;0;0;0;0;0;0;0;0;0;0;0;0;0;0;0
FR;11;2021-06-10;0;0;0;0;0;0;0;0;0;0;0;0;0;0;0;0;0;0
FR;11;2021-06-11;0;0;0;0;0;0;0;0;0;0;0;0;0;0;0;0;0;0
FR;11;2021-06-12;0;0;0;0;0;0;0;0;0;0;0;0;0;0;0;0;0;0
FR;11;2021-06-13;0;0;0;0;0;0;0;0;0;0;0;0;0;0;0;0;0;0
FR;11;2021-06-14;0;0;0;0;0;0;0;0;0;0;0;0;0;0;0;0;0;0
FR;11;2021-06-15;0;0;0;0;0;0;0;0;0;0;0;0;0;0;0;0;0;0
FR;11;2021-06-16;0;0;0;0;0;0;0;0;0;0;0;0;0;0;0;0;0;0
FR;11;2021-06-17;0;0;0;0;0;0;0;0;0;0;0;0;0;0;0;0;0;0
FR;11;2021-06-18;0;0;0;0;0;0;0;0;0;0;0;0;0;0;0;0;0;0
FR;11;2021-06-19;0;0;0;0;0;0;0;0;0;0;0;0;0;0;0;0;0;0
FR;11;2021-06-20;0;0;0;0;0;0;0;0;0;0;0;0;0;0;0;0;0;0
FR;11;2021-06-21;0;0;0;0;0;0;0;0;0;0;0;0;0;0;0;0;0;0
FR;11;2021-06-22;0;0;0;0;0;0;0;0;0;0;0;0;0;0;0;0;0;0
FR;11;2021-06-23;0;0;0;0;0;0;0;0;0;0;0;0;0;0;0;0;0;0
FR;11;2021-06-24;0;0;0;0;0;0;0;0;0;0;0;0;0;0;0;0;0;0
FR;11;2021-06-25;0;0;0;0;0;0;0;0;0;0;0;0;0;0;0;0;0;0
FR;11;2021-06-26;0;0;0;0;0;0;0;0;0;0;0;0;0;0;0;0;0;0
FR;11;2021-06-27;0;0;0;0;0;0;0;0;0;0;0;0;0;0;0;0;0;0
FR;11;2021-06-28;0;0;0;0;0;0;0;0;0;0;0;0;0;0;0;0;0;0
FR;11;2021-06-29;0;0;0;0;0;0;0;0;0;0;0;0;0;0;0;0;0;0
FR;11;2021-06-30;0;0;0;0;0;0;0;0;0;0;0;0;0;0;0;0;0;0
FR;11;2021-07-01;0;0;0;0;0;0;0;0;0;0;0;0;0;0;0;0;0;0
FR;11;2021-07-02;0;0;0;0;0;0;0;0;0;0;0;0;0;0;0;0;0;0
FR;11;2021-07-03;0;0;0;0;0;0;0;0;0;0;0;0;0;0;0;0;0;0
FR;11;2021-07-04;0;0;0;0;0;0;0;0;0;0;0;0;0;0;0;0;0;0
FR;11;2021-07-05;0;0;0;0;0;0;0;0;0;0;0;0;0;0;0;0;0;0
FR;11;2021-07-06;0;0;0;0;0;0;0;0;0;0;0;0;0;0;0;0;0;0
FR;11;2021-07-07;0;0;0;0;0;0;0;0;0;0;0;0;0;0;0;0;0;0
FR;11;2021-07-08;0;0;0;0;0;0;0;0;0;0;0;0;0;0;0;0;0;0
FR;11;2021-07-09;0;0;0;0;0;0;0;0;0;0;0;0;0;0;0;0;0;0
FR;11;2021-07-10;0;0;0;0;0;0;0;0;0;0;0;0;0;0;0;0;0;0
FR;11;2021-07-11;0;0;0;0;0;0;0;0;0;0;0;0;0;0;0;0;0;0
FR;11;2021-07-12;0;0;0;0;0;0;0;0;0;0;0;0;0;0;0;0;0;0
FR;11;2021-07-13;0;0;0;0;0;0;0;0;0;0;0;0;0;0;0;0;0;0
FR;11;2021-07-14;0;0;0;0;0;0;0;0;0;0;0;0;0;0;0;0;0;0
FR;11;2021-07-15;0;0;0;0;0;0;0;0;0;0;0;0;0;0;0;0;0;0
FR;11;2021-07-16;0;0;0;0;0;0;0;0;0;0;0;0;0;0;0;0;0;0
FR;11;2021-07-17;0;0;0;0;0;0;0;0;0;0;0;0;0;0;0;0;0;0
FR;11;2021-07-18;0;0;0;0;0;0;0;0;0;0;0;0;0;0;0;0;0;0
FR;11;2021-07-19;0;0;0;0;0;0;0;0;0;0;0;0;0;0;0;0;0;0
FR;11;2021-07-20;0;0;0;0;0;0;0;0;0;0;0;0;0;0;0;0;0;0
FR;11;2021-07-21;0;0;0;0;0;0;0;0;0;0;0;0;0;0;0;0;0;0
FR;11;2021-07-22;0;0;0;0;0;0;0;0;0;0;0;0;0;0;0;0;0;0
FR;11;2021-07-23;0;0;0;0;0;0;0;0;0;0;0;0;0;0;0;0;0;0
FR;11;2021-07-24;0;0;0;0;0;0;0;0;0;0;0;0;0;0;0;0;0;0
FR;11;2021-07-25;0;0;0;0;0;0;0;0;0;0;0;0;0;0;0;0;0;0
FR;11;2021-07-26;0;0;0;0;0;0;0;0;0;0;0;0;0;0;0;0;0;0
FR;11;2021-07-27;0;0;0;0;0;0;0;0;0;0;0;0;0;0;0;0;0;0
FR;11;2021-07-28;0;0;0;0;0;0;0;0;0;0;0;0;0;0;0;0;0;0
FR;11;2021-07-29;0;0;0;0;0;0;0;0;0;0;0;0;0;0;0;0;0;0
FR;11;2021-07-30;0;0;0;0;0;0;0;0;0;0;0;0;0;0;0;0;0;0
FR;11;2021-07-31;0;0;0;0;0;0;0;0;0;0;0;0;0;0;0;0;0;0
FR;11;2021-08-01;0;0;0;0;0;0;0;0;0;0;0;0;0;0;0;0;0;0
FR;11;2021-08-02;0;0;0;0;0;0;0;0;0;0;0;0;0;0;0;0;0;0
FR;11;2021-08-03;0;0;0;0;0;0;0;0;0;0;0;0;0;0;0;0;0;0
FR;11;2021-08-04;0;0;0;0;0;0;0;0;0;0;0;0;0;0;0;0;0;0
FR;11;2021-08-05;0;0;0;0;0;0;0;0;0;0;0;0;0;0;0;0;0;0
FR;11;2021-08-06;0;0;0;0;0;0;0;0;0;0;0;0;0;0;0;0;0;0
FR;11;2021-08-07;0;0;0;0;0;0;0;0;0;0;0;0;0;0;0;0;0;0
FR;11;2021-08-08;0;0;0;0;0;0;0;0;0;0;0;0;0;0;0;0;0;0
FR;11;2021-08-09;0;0;0;0;0;0;0;0;0;0;0;0;0;0;0;0;0;0
FR;11;2021-08-10;0;0;0;0;0;0;0;0;0;0;0;0;0;0;0;0;0;0
FR;11;2021-08-11;0;0;0;0;0;0;0;0;0;0;0;0;0;0;0;0;0;0
FR;11;2021-08-12;0;0;0;0;0;0;0;0;0;0;0;0;0;0;0;0;0;0
FR;11;2021-08-13;0;0;0;0;0;0;0;0;0;0;0;0;0;0;0;0;0;0
FR;11;2021-08-14;0;0;0;0;0;0;0;0;0;0;0;0;0;0;0;0;0;0
FR;11;2021-08-15;0;0;0;0;0;0;0;0;0;0;0;0;0;0;0;0;0;0
FR;11;2021-08-16;0;0;0;0;0;0;0;0;0;0;0;0;0;0;0;0;0;0
FR;11;2021-08-17;0;0;0;0;0;0;0;0;0;0;0;0;0;0;0;0;0;0
FR;11;2021-08-18;0;0;0;0;0;0;0;0;0;0;0;0;0;0;0;0;0;0
FR;11;2021-08-19;0;0;0;0;0;0;0;0;0;0;0;0;0;0;0;0;0;0
FR;11;2021-08-20;0;0;0;0;0;0;0;0;0;0;0;0;0;0;0;0;0;0
FR;11;2021-08-21;0;0;0;0;0;0;0;0;0;0;0;0;0;0;0;0;0;0
FR;11;2021-08-22;0;0;0;0;0;0;0;0;0;0;0;0;0;0;0;0;0;0
FR;11;2021-08-23;0;0;0;0;0;0;0;0;0;0;0;0;0;0;0;0;0;0
FR;11;2021-08-24;0;0;0;0;0;0;0;0;0;0;0;0;0;0;0;0;0;0
FR;11;2021-08-25;0;0;0;0;0;0;0;0;0;0;0;0;0;0;0;0;0;0
FR;11;2021-08-26;0;0;0;0;0;0;0;0;0;0;0;0;0;0;0;0;0;0
FR;11;2021-08-27;0;0;0;0;0;0;0;0;0;0;0;0;0;0;0;0;0;0
FR;11;2021-08-28;0;0;0;0;0;0;0;0;0;0;0;0;0;0;0;0;0;0
FR;11;2021-08-29;0;0;0;0;0;0;0;0;0;0;0;0;0;0;0;0;0;0
FR;11;2021-08-30;0;0;0;0;0;0;0;0;0;0;0;0;0;0;0;0;0;0
FR;11;2021-08-31;0;0;0;0;0;0;0;0;0;0;0;0;0;0;0;0;0;0
FR;11;2021-09-01;0;0;0;0;0;0;0;0;0;0;0;0;0;0;0;0;0;0
FR;11;2021-09-02;0;0;0;0;0;0;0;0;0;0;0;0;0;0;0;0;0;0
FR;11;2021-09-03;0;0;0;0;0;0;0;0;0;0;0;0;0;0;0;0;0;0
FR;11;2021-09-04;0;0;0;0;0;0;0;0;0;0;0;0;0;0;0;0;0;0
FR;11;2021-09-05;0;0;0;0;0;0;0;0;0;0;0;0;0;0;0;0;0;0
FR;11;2021-09-06;0;0;0;0;0;0;0;0;0;0;0;0;0;0;0;0;0;0
FR;11;2021-09-07;0;0;0;0;0;0;0;0;0;0;0;0;0;0;0;0;0;0
FR;11;2021-09-08;0;0;0;0;0;0;0;0;0;0;0;0;0;0;0;0;0;0
FR;11;2021-09-09;0;0;0;0;0;0;0;0;0;0;0;0;0;0;0;0;0;0
FR;11;2021-09-10;0;0;0;0;0;0;0;0;0;0;0;0;0;0;0;0;0;0
FR;11;2021-09-11;0;0;0;0;0;0;0;0;0;0;0;0;0;0;0;0;0;0
FR;11;2021-09-12;0;0;0;0;0;0;0;0;0;0;0;0;0;0;0;0;0;0
FR;11;2021-09-13;0;0;0;0;0;0;0;0;0;0;0;0;0;0;0;0;0;0
FR;11;2021-09-14;0;0;0;0;0;0;0;0;0;0;0;0;0;0;0;0;0;0
FR;11;2021-09-15;0;0;0;0;0;0;0;0;0;0;0;0;0;0;0;0;0;0
FR;11;2021-09-16;0;0;0;0;0;0;0;0;0;0;0;0;0;0;0;0;0;0
FR;11;2021-09-17;0;0;0;0;0;0;0;0;0;0;0;0;0;0;0;0;0;0
FR;11;2021-09-18;0;0;0;0;0;0;0;0;0;0;0;0;0;0;0;0;0;0
FR;11;2021-09-19;0;0;0;0;0;0;0;0;0;0;0;0;0;0;0;0;0;0
FR;11;2021-09-20;0;0;0;0;0;0;0;0;0;0;0;0;0;0;0;0;0;0
FR;11;2021-09-21;0;0;0;0;0;0;0;0;0;0;0;0;0;0;0;0;0;0
FR;11;2021-09-22;0;0;0;0;0;0;0;0;0;0;0;0;0;0;0;0;0;0
FR;11;2021-09-23;0;0;0;0;0;0;0;0;0;0;0;0;0;0;0;0;0;0
FR;11;2021-09-24;0;0;0;0;0;0;0;0;0;0;0;0;0;0;0;0;0;0
FR;11;2021-09-25;0;0;0;0;0;0;0;0;0;0;0;0;0;0;0;0;0;0
FR;11;2021-09-26;0;0;0;0;0;0;0;0;0;0;0;0;0;0;0;0;0;0
FR;11;2021-09-27;0;0;0;0;0;0;0;0;0;0;0;0;0;0;0;0;0;0
FR;11;2021-09-28;0;0;0;0;0;0;0;0;0;0;0;0;0;0;0;0;0;0
FR;11;2021-09-29;0;0;0;0;0;0;0;0;0;0;0;0;0;0;0;0;0;0
FR;11;2021-09-30;0;0;0;0;0;0;0;0;0;0;0;0;0;0;0;0;0;0
FR;11;2021-10-01;0;0;0;0;0;0;0;0;0;0;0;0;0;0;0;0;0;0
FR;11;2021-10-02;0;0;0;0;0;0;0;0;0;0;0;0;0;0;0;0;0;0
FR;11;2021-10-03;0;0;0;0;0;0;0;0;0;0;0;0;0;0;0;0;0;0
FR;11;2021-10-04;0;0;0;0;0;0;0;0;0;0;0;0;0;0;0;0;0;0
FR;11;2021-10-05;0;0;0;0;0;0;0;0;0;0;0;0;0;0;0;0;0;0
FR;11;2021-10-06;0;0;0;0;0;0;0;0;0;0;0;0;0;0;0;0;0;0
FR;11;2021-10-07;0;0;0;0;0;0;0;0;0;0;0;0;0;0;0;0;0;0
FR;11;2021-10-08;0;0;0;0;0;0;0;0;0;0;0;0;0;0;0;0;0;0
FR;11;2021-10-09;0;0;0;0;0;0;0;0;0;0;0;0;0;0;0;0;0;0
FR;11;2021-10-10;0;0;0;0;0;0;0;0;0;0;0;0;0;0;0;0;0;0
FR;11;2021-10-11;0;0;0;0;0;0;0;0;0;0;0;0;0;0;0;0;0;0
FR;11;2021-10-12;0;0;0;0;0;0;0;0;0;0;0;0;0;0;0;0;0;0
FR;11;2021-10-13;0;0;0;0;0;0;0;0;0;0;0;0;0;0;0;0;0;0
FR;11;2021-10-14;0;0;0;0;0;0;0;0;0;0;0;0;0;0;0;0;0;0
FR;11;2021-10-15;0;0;0;0;0;0;0;0;0;0;0;0;0;0;0;0;0;0
FR;11;2021-10-16;0;0;0;0;0;0;0;0;0;0;0;0;0;0;0;0;0;0
FR;11;2021-10-17;0;0;0;0;0;0;0;0;0;0;0;0;0;0;0;0;0;0
FR;11;2021-10-18;0;0;0;0;0;0;0;0;0;0;0;0;0;0;0;0;0;0
FR;11;2021-10-19;0;0;0;0;0;0;0;0;0;0;0;0;0;0;0;0;0;0
FR;11;2021-10-20;0;0;0;0;0;0;0;0;0;0;0;0;0;0;0;0;0;0
FR;11;2021-10-21;0;0;0;0;0;0;0;0;0;0;0;0;0;0;0;0;0;0
FR;11;2021-10-22;0;0;0;0;0;0;0;0;0;0;0;0;0;0;0;0;0;0
FR;11;2021-10-23;0;0;0;0;0;0;0;0;0;0;0;0;0;0;0;0;0;0
FR;11;2021-10-24;0;0;0;0;0;0;0;0;0;0;0;0;0;0;0;0;0;0
FR;11;2021-10-25;0;0;0;0;0;0;0;0;0;0;0;0;0;0;0;0;0;0
FR;11;2021-10-26;0;0;0;0;0;0;0;0;0;0;0;0;0;0;0;0;0;0
FR;11;2021-10-27;0;0;0;0;0;0;0;0;0;0;0;0;0;0;0;0;0;0
FR;11;2021-10-28;0;0;0;0;0;0;0;0;0;0;0;0;0;0;0;0;0;0
FR;11;2021-10-29;0;0;0;0;0;0;0;0;0;0;0;0;0;0;0;0;0;0
FR;11;2021-10-30;0;0;0;0;0;0;0;0;0;0;0;0;0;0;0;0;0;0
FR;11;2021-10-31;0;0;0;0;0;0;0;0;0;0;0;0;0;0;0;0;0;0
FR;11;2021-11-01;0;0;0;0;0;0;0;0;0;0;0;0;0;0;0;0;0;0
FR;11;2021-11-02;0;0;0;0;0;0;0;0;0;0;0;0;0;0;0;0;0;0
FR;11;2021-11-03;0;0;0;0;0;0;0;0;0;0;0;0;0;0;0;0;0;0
FR;11;2021-11-04;0;0;0;0;0;0;0;0;0;0;0;0;0;0;0;0;0;0
FR;11;2021-11-05;0;0;0;0;0;0;0;0;0;0;0;0;0;0;0;0;0;0
FR;11;2021-11-06;0;0;0;0;0;0;0;0;0;0;0;0;0;0;0;0;0;0
FR;11;2021-11-07;0;0;0;0;0;0;0;0;0;0;0;0;0;0;0;0;0;0
FR;11;2021-11-08;0;0;0;0;0;0;0;0;0;0;0;0;0;0;0;0;0;0
FR;11;2021-11-09;0;0;0;0;0;0;0;0;0;0;0;0;0;0;0;0;0;0
FR;11;2021-11-10;0;0;0;0;0;0;0;0;0;0;0;0;0;0;0;0;0;0
FR;11;2021-11-11;0;0;0;0;0;0;0;0;0;0;0;0;0;0;0;0;0;0
FR;11;2021-11-12;0;0;0;0;0;0;0;0;0;0;0;0;0;0;0;0;0;0
FR;11;2021-11-13;0;0;0;0;0;0;0;0;0;0;0;0;0;0;0;0;0;0
FR;11;2021-11-14;0;0;0;0;0;0;0;0;0;0;0;0;0;0;0;0;0;0
FR;11;2021-11-15;0;0;0;0;0;0;0;0;0;0;0;0;0;0;0;0;0;0
FR;11;2021-11-16;0;0;0;0;0;0;0;0;0;0;0;0;0;0;0;0;0;0
FR;11;2021-11-17;0;0;0;0;0;0;0;0;0;0;0;0;0;0;0;0;0;0
FR;11;2021-11-18;0;0;0;0;0;0;0;0;0;0;0;0;0;0;0;0;0;0
FR;11;2021-11-19;0;0;0;0;0;0;0;0;0;0;0;0;0;0;0;0;0;0
FR;11;2021-11-20;0;0;0;0;0;0;0;0;0;0;0;0;0;0;0;0;0;0
FR;11;2021-11-21;0;0;0;0;0;0;0;0;0;0;0;0;0;0;0;0;0;0
FR;11;2021-11-22;0;0;0;0;0;0;0;0;0;0;0;0;0;0;0;0;0;0
FR;11;2021-11-23;0;0;0;0;0;0;0;0;0;0;0;0;0;0;0;0;0;0
FR;11;2021-11-24;0;0;0;0;0;0;0;0;0;0;0;0;0;0;0;0;0;0
FR;11;2021-11-25;0;0;0;0;0;0;0;0;0;0;0;0;0;0;0;0;0;0
FR;11;2021-11-26;0;0;0;0;0;0;0;0;0;0;0;0;0;0;0;0;0;0
FR;11;2021-11-27;0;0;0;0;0;0;0;0;0;0;0;0;0;0;0;0;0;0
FR;11;2021-11-28;0;0;0;0;0;0;0;0;0;0;0;0;0;0;0;0;0;0
FR;11;2021-11-29;0;0;0;0;0;0;0;0;0;0;0;0;0;0;0;0;0;0
FR;11;2021-11-30;0;0;0;0;0;0;0;0;0;0;0;0;0;0;0;0;0;0
FR;11;2021-12-01;0;0;0;0;0;0;0;0;0;0;0;0;0;0;0;0;0;0
FR;11;2021-12-02;0;0;0;0;0;0;0;0;0;0;0;0;0;0;0;0;0;0
FR;11;2021-12-03;0;0;0;0;0;0;0;0;0;0;0;0;0;0;0;0;0;0
FR;11;2021-12-04;0;0;0;0;0;0;0;0;0;0;0;0;0;0;0;0;0;0
FR;11;2021-12-05;0;0;0;0;0;0;0;0;0;0;0;0;0;0;0;0;0;0
FR;11;2021-12-06;0;0;0;0;0;0;0;0;0;0;0;0;0;0;0;0;0;0
FR;11;2021-12-07;0;0;0;0;0;0;0;0;0;0;0;0;0;0;0;0;0;0
FR;11;2021-12-08;0;0;0;0;0;0;0;0;0;0;0;0;0;0;0;0;0;0
FR;11;2021-12-09;0;0;0;0;0;0;0;0;0;0;0;0;0;0;0;0;0;0
FR;11;2021-12-10;0;0;0;0;0;0;0;0;0;0;0;0;0;0;0;0;0;0
FR;11;2021-12-11;0;0;0;0;0;0;0;0;0;0;0;0;0;0;0;0;0;0
FR;11;2021-12-12;0;0;0;0;0;0;0;0;0;0;0;0;0;0;0;0;0;0
FR;11;2021-12-13;0;0;0;0;0;0;0;0;0;0;0;0;0;0;0;0;0;0
FR;11;2021-12-14;0;0;0;0;0;0;0;0;0;0;0;0;0;0;0;0;0;0
FR;11;2021-12-15;0;0;0;0;0;0;0;0;0;0;0;0;0;0;0;0;0;0
FR;11;2021-12-16;0;0;0;0;0;0;0;0;0;0;0;0;0;0;0;0;0;0
FR;11;2021-12-17;0;0;0;0;0;0;0;0;0;0;0;0;0;0;0;0;0;0
FR;11;2021-12-18;0;0;0;0;0;0;0;0;0;0;0;0;0;0;0;0;0;0
FR;11;2021-12-19;0;0;0;0;0;0;0;0;0;0;0;0;0;0;0;0;0;0
FR;11;2021-12-20;0;0;0;0;0;0;0;0;0;0;0;0;0;0;0;0;0;0
FR;11;2021-12-21;0;0;0;0;0;0;0;0;0;0;0;0;0;0;0;0;0;0
FR;11;2021-12-22;0;0;0;0;0;0;0;0;0;0;0;0;0;0;0;0;0;0
FR;11;2021-12-23;0;0;0;0;0;0;0;0;0;0;0;0;0;0;0;0;0;0
FR;11;2021-12-24;0;0;0;0;0;0;0;0;0;0;0;0;0;0;0;0;0;0
FR;11;2021-12-25;0;0;0;0;0;0;0;0;0;0;0;0;0;0;0;0;0;0
FR;11;2021-12-26;0;0;0;0;0;0;0;0;0;0;0;0;0;0;0;0;0;0
FR;11;2021-12-27;0;0;0;0;0;0;0;0;0;0;0;0;0;0;0;0;0;0
FR;11;2021-12-28;0;0;0;0;0;0;0;0;0;0;0;0;0;0;0;0;0;0
FR;11;2021-12-29;0;0;0;0;0;0;0;0;0;0;0;0;0;0;0;0;0;0
FR;11;2021-12-30;0;0;0;0;0;0;0;0;0;0;0;0;0;0;0;0;0;0
FR;11;2021-12-31;0;0;0;0;0;0;0;0;0;0;0;0;0;0;0;0;0;0
FR;11;2022-01-01;0;0;0;0;0;0;0;0;0;0;0;0;0;0;0;0;0;0
FR;11;2022-01-02;0;0;0;0;0;0;0;0;0;0;0;0;0;0;0;0;0;0
FR;11;2022-01-03;0;0;0;0;0;0;0;0;0;0;0;0;0;0;0;0;0;0
FR;11;2022-01-04;0;0;0;0;0;0;0;0;0;0;0;0;0;0;0;0;0;0
FR;11;2022-01-05;0;0;0;0;0;0;0;0;0;0;0;0;0;0;0;0;0;0
FR;11;2022-01-06;0;0;0;0;0;0;0;0;0;0;0;0;0;0;0;0;0;0
FR;11;2022-01-07;0;0;0;0;0;0;0;0;0;0;0;0;0;0;0;0;0;0
FR;11;2022-01-08;0;0;0;0;0;0;0;0;0;0;0;0;0;0;0;0;0;0
FR;11;2022-01-09;0;0;0;0;0;0;0;0;0;0;0;0;0;0;0;0;0;0
FR;11;2022-01-10;0;0;0;0;0;0;0;0;0;0;0;0;0;0;0;0;0;0
FR;11;2022-01-11;0;0;0;0;0;0;0;0;0;0;0;0;0;0;0;0;0;0
FR;11;2022-01-12;0;0;0;0;0;0;0;0;0;0;0;0;0;0;0;0;0;0
FR;11;2022-01-13;0;0;0;0;0;0;0;0;0;0;0;0;0;0;0;0;0;0
FR;11;2022-01-14;0;0;0;0;0;0;0;0;0;0;0;0;0;0;0;0;0;0
FR;11;2022-01-15;0;0;0;0;0;0;0;0;0;0;0;0;0;0;0;0;0;0
FR;11;2022-01-16;0;0;0;0;0;0;0;0;0;0;0;0;0;0;0;0;0;0
FR;11;2022-01-17;0;0;0;0;0;0;0;0;0;0;0;0;0;0;0;0;0;0
FR;11;2022-01-18;0;0;0;0;0;0;0;0;0;0;0;0;0;0;0;0;0;0
FR;11;2022-01-19;0;0;0;0;0;0;0;0;0;0;0;0;0;0;0;0;0;0
FR;11;2022-01-20;0;0;0;0;0;0;0;0;0;0;0;0;0;0;0;0;0;0
FR;11;2022-01-21;0;0;0;0;0;0;0;0;0;0;0;0;0;0;0;0;0;0
FR;11;2022-01-22;0;0;0;0;0;0;0;0;0;0;0;0;0;0;0;0;0;0
FR;11;2022-01-23;0;0;0;0;0;0;0;0;0;0;0;0;0;0;0;0;0;0
FR;11;2022-01-24;0;0;0;0;0;0;0;0;0;0;0;0;0;0;0;0;0;0
FR;11;2022-01-25;0;0;0;0;0;0;0;0;0;0;0;0;0;0;0;0;0;0
FR;11;2022-01-26;0;0;0;0;0;0;0;0;0;0;0;0;0;0;0;0;0;0
FR;11;2022-01-27;0;0;0;0;0;0;0;0;0;0;0;0;0;0;0;0;0;0
FR;11;2022-01-28;0;0;0;0;0;0;0;0;0;0;0;0;0;0;0;0;0;0
FR;11;2022-01-29;0;0;0;0;0;0;0;0;0;0;0;0;0;0;0;0;0;0
FR;11;2022-01-30;0;0;0;0;0;0;0;0;0;0;0;0;0;0;0;0;0;0
FR;11;2022-01-31;0;0;0;0;0;0;0;0;0;0;0;0;0;0;0;0;0;0
FR;11;2022-02-01;0;0;0;0;0;0;0;0;0;0;0;0;0;0;0;0;0;0
FR;11;2022-02-02;0;0;0;0;0;0;0;0;0;0;0;0;0;0;0;0;0;0
FR;11;2022-02-03;0;0;0;0;0;0;0;0;0;0;0;0;0;0;0;0;0;0
FR;11;2022-02-04;0;0;0;0;0;0;0;0;0;0;0;0;0;0;0;0;0;0
FR;11;2022-02-05;0;0;0;0;0;0;0;0;0;0;0;0;0;0;0;0;0;0
FR;11;2022-02-06;0;0;0;0;0;0;0;0;0;0;0;0;0;0;0;0;0;0
FR;11;2022-02-07;0;0;0;0;0;0;0;0;0;0;0;0;0;0;0;0;0;0
FR;11;2022-02-08;0;0;0;0;0;0;0;0;0;0;0;0;0;0;0;0;0;0
FR;11;2022-02-09;0;0;0;0;0;0;0;0;0;0;0;0;0;0;0;0;0;0
FR;11;2022-02-10;0;0;0;0;0;0;0;0;0;0;0;0;0;0;0;0;0;0
FR;11;2022-02-11;0;0;0;0;0;0;0;0;0;0;0;0;0;0;0;0;0;0
FR;11;2022-02-12;0;0;0;0;0;0;0;0;0;0;0;0;0;0;0;0;0;0
FR;11;2022-02-13;0;0;0;0;0;0;0;0;0;0;0;0;0;0;0;0;0;0
FR;11;2022-02-14;0;0;0;0;0;0;0;0;0;0;0;0;0;0;0;0;0;0
FR;11;2022-02-15;0;0;0;0;0;0;0;0;0;0;0;0;0;0;0;0;0;0
FR;11;2022-02-16;0;0;0;0;0;0;0;0;0;0;0;0;0;0;0;0;0;0
FR;11;2022-02-17;0;0;0;0;0;0;0;0;0;0;0;0;0;0;0;0;0;0
FR;11;2022-02-18;0;0;0;0;0;0;0;0;0;0;0;0;0;0;0;0;0;0
FR;11;2022-02-19;0;0;0;0;0;0;0;0;0;0;0;0;0;0;0;0;0;0
FR;11;2022-02-20;0;0;0;0;0;0;0;0;0;0;0;0;0;0;0;0;0;0
FR;11;2022-02-21;0;0;0;0;0;0;0;0;0;0;0;0;0;0;0;0;0;0
FR;11;2022-02-22;0;0;0;0;0;0;0;0;0;0;0;0;0;0;0;0;0;0
FR;11;2022-02-23;0;0;0;0;0;0;0;0;0;0;0;0;0;0;0;0;0;0
FR;11;2022-02-24;0;0;0;0;0;0;0;0;0;0;0;0;0;0;0;0;0;0
FR;11;2022-02-25;0;0;0;0;0;0;0;0;0;0;0;0;0;0;0;0;0;0
FR;11;2022-02-26;0;0;0;0;0;0;0;0;0;0;0;0;0;0;0;0;0;0
FR;11;2022-02-27;0;0;0;0;0;0;0;0;0;0;0;0;0;0;0;0;0;0
FR;11;2022-02-28;0;0;0;0;0;0;0;0;0;0;0;0;0;0;0;0;0;0
FR;11;2022-03-01;0;0;0;0;0;0;0;0;0;0;0;0;0;0;0;0;0;0
FR;11;2022-03-02;0;0;0;0;0;0;0;0;0;0;0;0;0;0;0;0;0;0
FR;11;2022-03-03;0;0;0;0;0;0;0;0;0;0;0;0;0;0;0;0;0;0
FR;11;2022-03-04;0;0;0;0;0;0;0;0;0;0;0;0;0;0;0;0;0;0
FR;11;2022-03-05;0;0;0;0;0;0;0;0;0;0;0;0;0;0;0;0;0;0
FR;11;2022-03-06;0;0;0;0;0;0;0;0;0;0;0;0;0;0;0;0;0;0
FR;11;2022-03-07;0;0;0;0;0;0;0;0;0;0;0;0;0;0;0;0;0;0
FR;11;2022-03-08;0;0;0;0;0;0;0;0;0;0;0;0;0;0;0;0;0;0
FR;11;2022-03-09;0;0;0;0;0;0;0;0;0;0;0;0;0;0;0;0;0;0
FR;11;2022-03-10;0;0;0;0;0;0;0;0;0;0;0;0;0;0;0;0;0;0
FR;11;2022-03-11;0;0;0;0;0;0;0;0;0;0;0;0;0;0;0;0;0;0
FR;11;2022-03-12;0;0;0;0;0;0;0;0;0;0;0;0;0;0;0;0;0;0
FR;11;2022-03-13;0;0;0;0;0;0;0;0;0;0;0;0;0;0;0;0;0;0
FR;11;2022-03-14;0;0;0;0;0;0;0;0;0;0;0;0;0;0;0;0;0;0
FR;11;2022-03-15;0;0;0;0;0;0;0;0;0;0;0;0;0;0;0;0;0;0
FR;11;2022-03-16;0;0;0;0;0;0;0;0;0;0;0;0;0;0;0;0;0;0
FR;11;2022-03-17;0;0;0;0;0;0;0;0;0;0;0;0;0;0;0;0;0;0
FR;11;2022-03-18;0;0;0;0;0;0;0;0;0;0;0;0;0;0;0;0;0;0
FR;11;2022-03-19;0;0;0;0;0;0;0;0;0;0;0;0;0;0;0;0;0;0
FR;11;2022-03-20;0;0;0;0;0;0;0;0;0;0;0;0;0;0;0;0;0;0
FR;11;2022-03-21;0;0;0;0;0;0;0;0;0;0;0;0;0;0;0;0;0;0
FR;11;2022-03-22;0;0;0;0;0;0;0;0;0;0;0;0;0;0;0;0;0;0
FR;11;2022-03-23;0;0;0;0;0;0;0;0;0;0;0;0;0;0;0;0;0;0
FR;11;2022-03-24;0;0;0;0;0;0;0;0;0;0;0;0;0;0;0;0;0;0
FR;11;2022-03-25;0;0;0;0;0;0;0;0;0;0;0;0;0;0;0;0;0;0
FR;11;2022-03-26;0;0;0;0;0;0;0;0;0;0;0;0;0;0;0;0;0;0
FR;11;2022-03-27;0;0;0;0;0;0;0;0;0;0;0;0;0;0;0;0;0;0
FR;11;2022-03-28;0;0;0;0;0;0;0;0;0;0;0;0;0;0;0;0;0;0
FR;11;2022-03-29;0;0;0;0;0;0;0;0;0;0;0;0;0;0;0;0;0;0
FR;11;2022-03-30;0;0;0;0;0;0;0;0;0;0;0;0;0;0;0;0;0;0
FR;11;2022-03-31;0;0;0;0;0;0;0;0;0;0;0;0;0;0;0;0;0;0
FR;11;2022-04-01;0;0;0;0;0;0;0;0;0;0;0;0;0;0;0;0;0;0
FR;11;2022-04-02;0;0;0;0;0;0;0;0;0;0;0;0;0;0;0;0;0;0
FR;11;2022-04-03;0;0;0;0;0;0;0;0;0;0;0;0;0;0;0;0;0;0
FR;11;2022-04-04;0;0;0;0;0;0;0;0;0;0;0;0;0;0;0;0;0;0
FR;11;2022-04-05;0;0;0;0;0;0;0;0;0;0;0;0;0;0;0;0;0;0
FR;11;2022-04-06;0;0;0;0;0;0;0;0;0;0;0;0;0;0;0;0;0;0
FR;11;2022-04-07;0;0;0;0;0;0;0;0;0;0;0;0;0;0;0;0;0;0
FR;11;2022-04-08;0;0;0;0;0;0;0;0;0;0;0;0;0;0;0;0;0;0
FR;11;2022-04-09;0;0;0;0;0;0;0;0;0;0;0;0;0;0;0;0;0;0
FR;11;2022-04-10;0;0;0;0;0;0;0;0;0;0;0;0;0;0;0;0;0;0
FR;11;2022-04-11;0;0;0;0;0;0;0;0;0;0;0;0;0;0;0;0;0;0
FR;11;2022-04-12;0;0;0;0;0;0;0;0;0;0;0;0;0;0;0;0;0;0
FR;11;2022-04-13;0;0;0;0;0;0;0;0;0;0;0;0;0;0;0;0;0;0
FR;11;2022-04-14;0;0;0;0;0;0;0;0;0;0;0;0;0;0;0;0;0;0
FR;11;2022-04-15;0;0;0;0;0;0;0;0;0;0;0;0;0;0;0;0;0;0
FR;11;2022-04-16;0;0;0;0;0;0;0;0;0;0;0;0;0;0;0;0;0;0
FR;11;2022-04-17;0;0;0;0;0;0;0;0;0;0;0;0;0;0;0;0;0;0
FR;11;2022-04-18;0;0;0;0;0;0;0;0;0;0;0;0;0;0;0;0;0;0
FR;11;2022-04-19;0;0;0;0;0;0;0;0;0;0;0;0;0;0;0;0;0;0
FR;11;2022-04-20;0;0;0;0;0;0;0;0;0;0;0;0;0;0;0;0;0;0
FR;11;2022-04-21;0;0;0;0;0;0;0;0;0;0;0;0;0;0;0;0;0;0
FR;11;2022-04-22;0;0;0;0;0;0;0;0;0;0;0;0;0;0;0;0;0;0
FR;11;2022-04-23;0;0;0;0;0;0;0;0;0;0;0;0;0;0;0;0;0;0
FR;11;2022-04-24;0;0;0;0;0;0;0;0;0;0;0;0;0;0;0;0;0;0
FR;11;2022-04-25;0;0;0;0;0;0;0;0;0;0;0;0;0;0;0;0;0;0
FR;11;2022-04-26;0;0;0;0;0;0;0;0;0;0;0;0;0;0;0;0;0;0
FR;11;2022-04-27;0;0;0;0;0;0;0;0;0;0;0;0;0;0;0;0;0;0
FR;11;2022-04-28;0;0;0;0;0;0;0;0;0;0;0;0;0;0;0;0;0;0
FR;11;2022-04-29;0;0;0;0;0;0;0;0;0;0;0;0;0;0;0;0;0;0
FR;11;2022-04-30;0;0;0;0;0;0;0;0;0;0;0;0;0;0;0;0;0;0
FR;11;2022-05-01;0;0;0;0;0;0;0;0;0;0;0;0;0;0;0;0;0;0
FR;11;2022-05-02;0;0;0;0;0;0;0;0;0;0;0;0;0;0;0;0;0;0
FR;11;2022-05-03;0;0;0;0;0;0;0;0;0;0;0;0;0;0;0;0;0;0
FR;11;2022-05-04;0;0;0;0;0;0;0;0;0;0;0;0;0;0;0;0;0;0
FR;11;2022-05-05;0;0;0;0;0;0;0;0;0;0;0;0;0;0;0;0;0;0
FR;11;2022-05-06;0;0;0;0;0;0;0;0;0;0;0;0;0;0;0;0;0;0
FR;11;2022-05-07;0;0;0;0;0;0;0;0;0;0;0;0;0;0;0;0;0;0
FR;11;2022-05-08;0;0;0;0;0;0;0;0;0;0;0;0;0;0;0;0;0;0
FR;11;2022-05-09;0;0;0;0;0;0;0;0;0;0;0;0;0;0;0;0;0;0
FR;11;2022-05-10;0;0;0;0;0;0;0;0;0;0;0;0;0;0;0;0;0;0
FR;11;2022-05-11;0;0;0;0;0;0;0;0;0;0;0;0;0;0;0;0;0;0
FR;11;2022-05-12;0;0;0;0;0;0;0;0;0;0;0;0;0;0;0;0;0;0
FR;11;2022-05-13;0;0;0;0;0;0;0;0;0;0;0;0;0;0;0;0;0;0
FR;11;2022-05-14;0;0;0;0;0;0;0;0;0;0;0;0;0;0;0;0;0;0
FR;11;2022-05-15;0;0;0;0;0;0;0;0;0;0;0;0;0;0;0;0;0;0
FR;11;2022-05-16;0;0;0;0;0;0;0;0;0;0;0;0;0;0;0;0;0;0
FR;11;2022-05-17;0;0;0;0;0;0;0;0;0;0;0;0;0;0;0;0;0;0
FR;11;2022-05-18;0;0;0;0;0;0;0;0;0;0;0;0;0;0;0;0;0;0
FR;11;2022-05-19;0;0;0;0;0;0;0;0;0;0;0;0;0;0;0;0;0;0
FR;11;2022-05-20;0;0;0;0;0;0;0;0;0;0;0;0;0;0;0;0;0;0
FR;11;2022-05-21;0;0;0;0;0;0;0;0;0;0;0;0;0;0;0;0;0;0
FR;11;2022-05-22;0;0;0;0;0;0;0;0;0;0;0;0;0;0;0;0;0;0
FR;11;2022-05-23;0;0;0;0;0;0;0;0;0;0;0;0;0;0;0;0;0;0
FR;11;2022-05-24;0;0;0;0;0;0;0;0;0;0;0;0;0;0;0;0;0;0
FR;11;2022-05-25;0;0;0;0;0;0;0;0;0;0;0;0;0;0;0;0;0;0
FR;11;2022-05-26;0;0;0;0;0;0;0;0;0;0;0;0;0;0;0;0;0;0
FR;11;2022-05-27;0;0;0;0;0;0;0;0;0;0;0;0;0;0;0;0;0;0
FR;11;2022-05-28;0;0;0;0;0;0;0;0;0;0;0;0;0;0;0;0;0;0
FR;11;2022-05-29;0;0;0;0;0;0;0;0;0;0;0;0;0;0;0;0;0;0
FR;11;2022-05-30;0;0;0;0;0;0;0;0;0;0;0;0;0;0;0;0;0;0
FR;11;2022-05-31;0;0;0;0;0;0;0;0;0;0;0;0;0;0;0;0;0;0
FR;11;2022-06-01;0;0;0;0;0;0;0;0;0;0;0;0;0;0;0;0;0;0
FR;11;2022-06-02;0;0;0;0;0;0;0;0;0;0;0;0;0;0;0;0;0;0
FR;11;2022-06-03;0;0;0;0;0;0;0;0;0;0;0;0;0;0;0;0;0;0
FR;11;2022-06-04;0;0;0;0;0;0;0;0;0;0;0;0;0;0;0;0;0;0
FR;11;2022-06-05;0;0;0;0;0;0;0;0;0;0;0;0;0;0;0;0;0;0
FR;11;2022-06-06;0;0;0;0;0;0;0;0;0;0;0;0;0;0;0;0;0;0
FR;11;2022-06-07;0;0;0;0;0;0;0;0;0;0;0;0;0;0;0;0;0;0
FR;11;2022-06-08;0;0;0;0;0;0;0;0;0;0;0;0;0;0;0;0;0;0
FR;11;2022-06-09;0;0;0;0;0;0;0;0;0;0;0;0;0;0;0;0;0;0
FR;11;2022-06-10;0;0;0;0;0;0;0;0;0;0;0;0;0;0;0;0;0;0
FR;11;2022-06-11;0;0;0;0;0;0;0;0;0;0;0;0;0;0;0;0;0;0
FR;11;2022-06-12;0;0;0;0;0;0;0;0;0;0;0;0;0;0;0;0;0;0
FR;11;2022-06-13;0;0;0;0;0;0;0;0;0;0;0;0;0;0;0;0;0;0
FR;11;2022-06-14;0;0;0;0;0;0;0;0;0;0;0;0;0;0;0;0;0;0
FR;11;2022-06-15;0;0;0;0;0;0;0;0;0;0;0;0;0;0;0;0;0;0
FR;11;2022-06-16;0;0;0;0;0;0;0;0;0;0;0;0;0;0;0;0;0;0
FR;11;2022-06-17;0;0;0;0;0;0;0;0;0;0;0;0;0;0;0;0;0;0
FR;11;2022-06-18;0;0;0;0;0;0;0;0;0;0;0;0;0;0;0;0;0;0
FR;11;2022-06-19;0;0;0;0;0;0;0;0;0;0;0;0;0;0;0;0;0;0
FR;11;2022-06-20;0;0;0;0;0;0;0;0;0;0;0;0;0;0;0;0;0;0
FR;11;2022-06-21;0;0;0;0;0;0;0;0;0;0;0;0;0;0;0;0;0;0
FR;11;2022-06-22;0;0;0;0;0;0;0;0;0;0;0;0;0;0;0;0;0;0
FR;11;2022-06-23;0;0;0;0;0;0;0;0;0;0;0;0;0;0;0;0;0;0
FR;11;2022-06-24;0;0;0;0;0;0;0;0;0;0;0;0;0;0;0;0;0;0
FR;11;2022-06-25;0;0;0;0;0;0;0;0;0;0;0;0;0;0;0;0;0;0
FR;11;2022-06-26;0;0;0;0;0;0;0;0;0;0;0;0;0;0;0;0;0;0
FR;11;2022-06-27;0;0;0;0;0;0;0;0;0;0;0;0;0;0;0;0;0;0
FR;11;2022-06-28;0;0;0;0;0;0;0;0;0;0;0;0;0;0;0;0;0;0
FR;11;2022-06-29;0;0;0;0;0;0;0;0;0;0;0;0;0;0;0;0;0;0
FR;11;2022-06-30;0;0;0;0;0;0;0;0;0;0;0;0;0;0;0;0;0;0
FR;11;2022-07-01;0;0;0;0;0;0;0;0;0;0;0;0;0;0;0;0;0;0
FR;11;2022-07-02;0;0;0;0;0;0;0;0;0;0;0;0;0;0;0;0;0;0
FR;11;2022-07-03;0;0;0;0;0;0;0;0;0;0;0;0;0;0;0;0;0;0
FR;11;2022-07-04;0;0;0;0;0;0;0;0;0;0;0;0;0;0;0;0;0;0
FR;11;2022-07-05;0;0;0;0;0;0;0;0;0;0;0;0;0;0;0;0;0;0
FR;11;2022-07-06;0;0;0;0;0;0;0;0;0;0;0;0;0;0;0;0;0;0
FR;11;2022-07-07;0;0;0;0;0;0;0;0;0;0;0;0;0;0;0;0;0;0
FR;11;2022-07-08;0;0;0;0;0;0;0;0;0;0;0;0;0;0;0;0;0;0
FR;11;2022-07-09;0;0;0;0;0;0;0;0;0;0;0;0;0;0;0;0;0;0
FR;11;2022-07-10;0;0;0;0;0;0;0;0;0;0;0;0;0;0;0;0;0;0
FR;11;2022-07-11;0;0;0;0;0;0;0;0;0;0;0;0;0;0;0;0;0;0
FR;11;2022-07-12;0;0;0;0;0;0;0;0;0;0;0;0;0;0;0;0;0;0
FR;11;2022-07-13;0;0;0;0;0;0;0;0;0;0;0;0;0;0;0;0;0;0
FR;11;2022-07-14;0;0;0;0;0;0;0;0;0;0;0;0;0;0;0;0;0;0
FR;11;2022-07-15;0;0;0;0;0;0;0;0;0;0;0;0;0;0;0;0;0;0
FR;11;2022-07-16;0;0;0;0;0;0;0;0;0;0;0;0;0;0;0;0;0;0
FR;11;2022-07-17;0;0;0;0;0;0;0;0;0;0;0;0;0;0;0;0;0;0
FR;11;2022-07-18;0;0;0;0;0;0;0;0;0;0;0;0;0;0;0;0;0;0
FR;11;2022-07-19;0;0;0;0;0;0;0;0;0;0;0;0;0;0;0;0;0;0
FR;11;2022-07-20;0;0;0;0;0;0;0;0;0;0;0;0;0;0;0;0;0;0
FR;11;2022-07-21;0;0;0;0;0;0;0;0;0;0;0;0;0;0;0;0;0;0
FR;11;2022-07-22;0;0;0;0;0;0;0;0;0;0;0;0;0;0;0;0;0;0
FR;11;2022-07-23;0;0;0;0;0;0;0;0;0;0;0;0;0;0;0;0;0;0
FR;11;2022-07-24;0;0;0;0;0;0;0;0;0;0;0;0;0;0;0;0;0;0
FR;11;2022-07-25;0;0;0;0;0;0;0;0;0;0;0;0;0;0;0;0;0;0
FR;11;2022-07-26;0;0;0;0;0;0;0;0;0;0;0;0;0;0;0;0;0;0
FR;11;2022-07-27;0;0;0;0;0;0;0;0;0;0;0;0;0;0;0;0;0;0
FR;11;2022-07-28;0;0;0;0;0;0;0;0;0;0;0;0;0;0;0;0;0;0
FR;11;2022-07-29;0;0;0;0;0;0;0;0;0;0;0;0;0;0;0;0;0;0
FR;11;2022-07-30;0;0;0;0;0;0;0;0;0;0;0;0;0;0;0;0;0;0
FR;11;2022-07-31;0;0;0;0;0;0;0;0;0;0;0;0;0;0;0;0;0;0
FR;11;2022-08-01;0;0;0;0;0;0;0;0;0;0;0;0;0;0;0;0;0;0
FR;11;2022-08-02;0;0;0;0;0;0;0;0;0;0;0;0;0;0;0;0;0;0
FR;11;2022-08-03;0;0;0;0;0;0;0;0;0;0;0;0;0;0;0;0;0;0
FR;11;2022-08-04;0;0;0;0;0;0;0;0;0;0;0;0;0;0;0;0;0;0
FR;11;2022-08-05;0;0;0;0;0;0;0;0;0;0;0;0;0;0;0;0;0;0
FR;11;2022-08-06;0;0;0;0;0;0;0;0;0;0;0;0;0;0;0;0;0;0
FR;11;2022-08-07;0;0;0;0;0;0;0;0;0;0;0;0;0;0;0;0;0;0
FR;11;2022-08-08;0;0;0;0;0;0;0;0;0;0;0;0;0;0;0;0;0;0
FR;11;2022-08-09;0;0;0;0;0;0;0;0;0;0;0;0;0;0;0;0;0;0
FR;11;2022-08-10;0;0;0;0;0;0;0;0;0;0;0;0;0;0;0;0;0;0
FR;11;2022-08-11;0;0;0;0;0;0;0;0;0;0;0;0;0;0;0;0;0;0
FR;11;2022-08-12;0;0;0;0;0;0;0;0;0;0;0;0;0;0;0;0;0;0
FR;11;2022-08-13;0;0;0;0;0;0;0;0;0;0;0;0;0;0;0;0;0;0
FR;11;2022-08-14;0;0;0;0;0;0;0;0;0;0;0;0;0;0;0;0;0;0
FR;11;2022-08-15;0;0;0;0;0;0;0;0;0;0;0;0;0;0;0;0;0;0
FR;11;2022-08-16;0;0;0;0;0;0;0;0;0;0;0;0;0;0;0;0;0;0
FR;11;2022-08-17;0;0;0;0;0;0;0;0;0;0;0;0;0;0;0;0;0;0
FR;11;2022-08-18;0;0;0;0;0;0;0;0;0;0;0;0;0;0;0;0;0;0
FR;11;2022-08-19;0;0;0;0;0;0;0;0;0;0;0;0;0;0;0;0;0;0
FR;11;2022-08-20;0;0;0;0;0;0;0;0;0;0;0;0;0;0;0;0;0;0
FR;11;2022-08-21;0;0;0;0;0;0;0;0;0;0;0;0;0;0;0;0;0;0
FR;11;2022-08-22;0;0;0;0;0;0;0;0;0;0;0;0;0;0;0;0;0;0
FR;11;2022-08-23;0;0;0;0;0;0;0;0;0;0;0;0;0;0;0;0;0;0
FR;11;2022-08-24;0;0;0;0;0;0;0;0;0;0;0;0;0;0;0;0;0;0
FR;11;2022-08-25;0;0;0;0;0;0;0;0;0;0;0;0;0;0;0;0;0;0
FR;11;2022-08-26;0;0;0;0;0;0;0;0;0;0;0;0;0;0;0;0;0;0
FR;11;2022-08-27;0;0;0;0;0;0;0;0;0;0;0;0;0;0;0;0;0;0
FR;11;2022-08-28;0;0;0;0;0;0;0;0;0;0;0;0;0;0;0;0;0;0
FR;11;2022-08-29;0;0;0;0;0;0;0;0;0;0;0;0;0;0;0;0;0;0
FR;11;2022-08-30;0;0;0;0;0;0;0;0;0;0;0;0;0;0;0;0;0;0
FR;11;2022-08-31;0;0;0;0;0;0;0;0;0;0;0;0;0;0;0;0;0;0
FR;11;2022-09-01;0;0;0;0;0;0;0;0;0;0;0;0;0;0;0;0;0;0
FR;11;2022-09-02;0;0;0;0;0;0;0;0;0;0;0;0;0;0;0;0;0;0
FR;11;2022-09-03;0;0;0;0;0;0;0;0;0;0;0;0;0;0;0;0;0;0
FR;11;2022-09-04;0;0;0;0;0;0;0;0;0;0;0;0;0;0;0;0;0;0
FR;11;2022-09-05;0;0;0;0;0;0;0;0;0;0;0;0;0;0;0;0;0;0
FR;11;2022-09-06;0;0;0;0;0;0;0;0;0;0;0;0;0;0;0;0;0;0
FR;11;2022-09-07;0;0;0;0;0;0;0;0;0;0;0;0;0;0;0;0;0;0
FR;11;2022-09-08;0;0;0;0;0;0;0;0;0;0;0;0;0;0;0;0;0;0
FR;11;2022-09-09;0;0;0;0;0;0;0;0;0;0;0;0;0;0;0;0;0;0
FR;11;2022-09-10;0;0;0;0;0;0;0;0;0;0;0;0;0;0;0;0;0;0
FR;11;2022-09-11;0;0;0;0;0;0;0;0;0;0;0;0;0;0;0;0;0;0
FR;11;2022-09-12;0;0;0;0;0;0;0;0;0;0;0;0;0;0;0;0;0;0
FR;11;2022-09-13;0;0;0;0;0;0;0;0;0;0;0;0;0;0;0;0;0;0
FR;11;2022-09-14;0;0;0;0;0;0;0;0;0;0;0;0;0;0;0;0;0;0
FR;11;2022-09-15;0;0;0;0;0;0;0;0;0;0;0;0;0;0;0;0;0;0
FR;11;2022-09-16;0;0;0;0;0;0;0;0;0;0;0;0;0;0;0;0;0;0
FR;11;2022-09-17;0;0;0;0;0;0;0;0;0;0;0;0;0;0;0;0;0;0
FR;11;2022-09-18;0;0;0;0;0;0;0;0;0;0;0;0;0;0;0;0;0;0
FR;11;2022-09-19;0;0;0;0;0;0;0;0;0;0;0;0;0;0;0;0;0;0
FR;11;2022-09-20;0;0;0;0;0;0;0;0;0;0;0;0;0;0;0;0;0;0
FR;11;2022-09-21;0;0;0;0;0;0;0;0;0;0;0;0;0;0;0;0;0;0
FR;11;2022-09-22;0;0;0;0;0;0;0;0;0;0;0;0;0;0;0;0;0;0
FR;11;2022-09-23;0;0;0;0;0;0;0;0;0;0;0;0;0;0;0;0;0;0
FR;11;2022-09-24;0;0;0;0;0;0;0;0;0;0;0;0;0;0;0;0;0;0
FR;11;2022-09-25;0;0;0;0;0;0;0;0;0;0;0;0;0;0;0;0;0;0
FR;11;2022-09-26;0;0;0;0;0;0;0;0;0;0;0;0;0;0;0;0;0;0
FR;11;2022-09-27;0;0;0;0;0;0;0;0;0;0;0;0;0;0;0;0;0;0
FR;11;2022-09-28;0;0;0;0;0;0;0;0;0;0;0;0;0;0;0;0;0;0
FR;11;2022-09-29;0;0;0;0;0;0;0;0;0;0;0;0;0;0;0;0;0;0
FR;11;2022-09-30;0;0;0;0;0;0;0;0;0;0;0;0;0;0;0;0;0;0
FR;11;2022-10-01;0;0;0;0;0;0;0;0;0;0;0;0;0;0;0;0;0;0
FR;11;2022-10-02;0;0;0;0;0;0;0;0;0;0;0;0;0;0;0;0;0;0
FR;11;2022-10-03;0;0;0;0;0;0;0;0;0;0;0;0;0;0;0;0;0;0
FR;11;2022-10-04;0;0;0;0;0;0;0;0;0;0;0;0;0;0;0;0;0;0
FR;11;2022-10-05;0;0;0;0;0;0;0;0;0;0;0;0;0;0;0;0;0;0
FR;11;2022-10-06;0;0;0;0;0;0;0;0;0;0;0;0;0;0;0;0;0;0
FR;11;2022-10-07;0;0;0;0;0;0;0;0;0;0;0;0;0;0;0;0;0;0
FR;11;2022-10-08;0;0;0;0;0;0;0;0;0;0;0;0;0;0;0;0;0;0
FR;11;2022-10-09;0;0;0;0;0;0;0;0;0;0;0;0;0;0;0;0;0;0
FR;11;2022-10-10;0;0;0;0;0;0;0;0;0;0;0;0;0;0;0;0;0;0
FR;11;2022-10-11;0;0;0;0;0;0;0;0;0;0;0;0;0;0;0;0;0;0
FR;11;2022-10-12;0;0;0;0;0;0;0;0;0;0;0;0;0;0;0;0;0;0
FR;11;2022-10-13;0;0;0;0;0;0;0;0;0;0;0;0;0;0;0;0;0;0
FR;11;2022-10-14;0;0;0;0;0;0;0;0;0;0;0;0;0;0;0;0;0;0
FR;11;2022-10-15;0;0;0;0;0;0;0;0;0;0;0;0;0;0;0;0;0;0
FR;11;2022-10-16;0;0;0;0;0;0;0;0;0;0;0;0;0;0;0;0;0;0
FR;11;2022-10-17;0;0;0;0;0;0;0;0;0;0;0;0;0;0;0;0;0;0
FR;11;2022-10-18;0;0;0;0;0;0;0;0;0;0;0;0;0;0;0;0;0;0
FR;11;2022-10-19;0;0;0;0;0;0;0;0;0;0;0;0;0;0;0;0;0;0
FR;11;2022-10-20;0;0;0;0;0;0;0;0;0;0;0;0;0;0;0;0;0;0
FR;11;2022-10-21;0;0;0;0;0;0;0;0;0;0;0;0;0;0;0;0;0;0
FR;11;2022-10-22;0;0;0;0;0;0;0;0;0;0;0;0;0;0;0;0;0;0
FR;11;2022-10-23;0;0;0;0;0;0;0;0;0;0;0;0;0;0;0;0;0;0
FR;11;2022-10-24;0;0;0;0;0;0;0;0;0;0;0;0;0;0;0;0;0;0
FR;11;2022-10-25;0;0;0;0;0;0;0;0;0;0;0;0;0;0;0;0;0;0
FR;11;2022-10-26;0;0;0;0;0;0;0;0;0;0;0;0;0;0;0;0;0;0
FR;11;2022-10-27;0;0;0;0;0;0;0;0;0;0;0;0;0;0;0;0;0;0
FR;11;2022-10-28;0;0;0;0;0;0;0;0;0;0;0;0;0;0;0;0;0;0
FR;11;2022-10-29;0;0;0;0;0;0;0;0;0;0;0;0;0;0;0;0;0;0
FR;11;2022-10-30;0;0;0;0;0;0;0;0;0;0;0;0;0;0;0;0;0;0
FR;11;2022-10-31;0;0;0;0;0;0;0;0;0;0;0;0;0;0;0;0;0;0
FR;11;2022-11-01;0;0;0;0;0;0;0;0;0;0;0;0;0;0;0;0;0;0
FR;11;2022-11-02;0;0;0;0;0;0;0;0;0;0;0;0;0;0;0;0;0;0
FR;11;2022-11-03;0;0;0;0;0;0;0;0;0;0;0;0;0;0;0;0;0;0
FR;11;2022-11-04;0;0;0;0;0;0;0;0;0;0;0;0;0;0;0;0;0;0
FR;11;2022-11-05;0;0;0;0;0;0;0;0;0;0;0;0;0;0;0;0;0;0
FR;11;2022-11-06;0;0;0;0;0;0;0;0;0;0;0;0;0;0;0;0;0;0
FR;11;2022-11-07;0;0;0;0;0;0;0;0;0;0;0;0;0;0;0;0;0;0
FR;11;2022-11-08;0;0;0;0;0;0;0;0;0;0;0;0;0;0;0;0;0;0
FR;11;2022-11-09;0;0;0;0;0;0;0;0;0;0;0;0;0;0;0;0;0;0
FR;11;2022-11-10;0;0;0;0;0;0;0;0;0;0;0;0;0;0;0;0;0;0
FR;11;2022-11-11;0;0;0;0;0;0;0;0;0;0;0;0;0;0;0;0;0;0
FR;11;2022-11-12;0;0;0;0;0;0;0;0;0;0;0;0;0;0;0;0;0;0
FR;11;2022-11-13;0;0;0;0;0;0;0;0;0;0;0;0;0;0;0;0;0;0
FR;11;2022-11-14;0;0;0;0;0;0;0;0;0;0;0;0;0;0;0;0;0;0
FR;11;2022-11-15;0;0;0;0;0;0;0;0;0;0;0;0;0;0;0;0;0;0
FR;11;2022-11-16;0;0;0;0;0;0;0;0;0;0;0;0;0;0;0;0;0;0
FR;11;2022-11-17;0;0;0;0;0;0;0;0;0;0;0;0;0;0;0;0;0;0
FR;11;2022-11-18;0;0;0;0;0;0;0;0;0;0;0;0;0;0;0;0;0;0
FR;11;2022-11-19;0;0;0;0;0;0;0;0;0;0;0;0;0;0;0;0;0;0
FR;11;2022-11-20;0;0;0;0;0;0;0;0;0;0;0;0;0;0;0;0;0;0
FR;11;2022-11-21;0;0;0;0;0;0;0;0;0;0;0;0;0;0;0;0;0;0
FR;11;2022-11-22;0;0;0;0;0;0;0;0;0;0;0;0;0;0;0;0;0;0
FR;11;2022-11-23;0;0;0;0;0;0;0;0;0;0;0;0;0;0;0;0;0;0
FR;11;2022-11-24;0;0;0;0;0;0;0;0;0;0;0;0;0;0;0;0;0;0
FR;11;2022-11-25;0;0;0;0;0;0;0;0;0;0;0;0;0;0;0;0;0;0
FR;11;2022-11-26;0;0;0;0;0;0;0;0;0;0;0;0;0;0;0;0;0;0
FR;11;2022-11-27;0;0;0;0;0;0;0;0;0;0;0;0;0;0;0;0;0;0
FR;11;2022-11-28;0;0;0;0;0;0;0;0;0;0;0;0;0;0;0;0;0;0
FR;11;2022-11-29;0;0;0;0;0;0;0;0;0;0;0;0;0;0;0;0;0;0
FR;11;2022-11-30;0;0;0;0;0;0;0;0;0;0;0;0;0;0;0;0;0;0
FR;11;2022-12-01;0;0;0;0;0;0;0;0;0;0;0;0;0;0;0;0;0;0
FR;11;2022-12-02;0;0;0;0;0;0;0;0;0;0;0;0;0;0;0;0;0;0
FR;11;2022-12-03;0;0;0;0;0;0;0;0;0;0;0;0;0;0;0;0;0;0
FR;11;2022-12-04;0;0;0;0;0;0;0;0;0;0;0;0;0;0;0;0;0;0
FR;11;2022-12-05;0;0;0;0;0;0;0;0;0;0;0;0;0;0;0;0;0;0
FR;11;2022-12-06;0;0;0;0;0;0;0;0;0;0;0;0;0;0;0;0;0;0
FR;11;2022-12-07;0;0;0;0;0;0;0;0;0;0;0;0;0;0;0;0;0;0
FR;11;2022-12-08;0;0;0;0;0;0;0;0;0;0;0;0;0;0;0;0;0;0
FR;11;2022-12-09;0;0;0;0;0;0;0;0;0;0;0;0;0;0;0;0;0;0
FR;11;2022-12-10;0;0;0;0;0;0;0;0;0;0;0;0;0;0;0;0;0;0
FR;11;2022-12-11;0;0;0;0;0;0;0;0;0;0;0;0;0;0;0;0;0;0
FR;11;2022-12-12;0;0;0;0;0;0;0;0;0;0;0;0;0;0;0;0;0;0
FR;11;2022-12-13;0;0;0;0;0;0;0;0;0;0;0;0;0;0;0;0;0;0
FR;11;2022-12-14;0;0;0;0;0;0;0;0;0;0;0;0;0;0;0;0;0;0
FR;11;2022-12-15;0;0;0;0;0;0;0;0;0;0;0;0;0;0;0;0;0;0
FR;11;2022-12-16;0;0;0;0;0;0;0;0;0;0;0;0;0;0;0;0;0;0
FR;11;2022-12-17;0;0;0;0;0;0;0;0;0;0;0;0;0;0;0;0;0;0
FR;11;2022-12-18;0;0;0;0;0;0;0;0;0;0;0;0;0;0;0;0;0;0
FR;11;2022-12-19;0;0;0;0;0;0;0;0;0;0;0;0;0;0;0;0;0;0
FR;11;2022-12-20;0;0;0;0;0;0;0;0;0;0;0;0;0;0;0;0;0;0
FR;11;2022-12-21;0;0;0;0;0;0;0;0;0;0;0;0;0;0;0;0;0;0
FR;11;2022-12-22;0;0;0;0;0;0;0;0;0;0;0;0;0;0;0;0;0;0
FR;11;2022-12-23;0;0;0;0;0;0;0;0;0;0;0;0;0;0;0;0;0;0
FR;11;2022-12-24;0;0;0;0;0;0;0;0;0;0;0;0;0;0;0;0;0;0
FR;11;2022-12-25;0;0;0;0;0;0;0;0;0;0;0;0;0;0;0;0;0;0
FR;11;2022-12-26;0;0;0;0;0;0;0;0;0;0;0;0;0;0;0;0;0;0
FR;11;2022-12-27;0;0;0;0;0;0;0;0;0;0;0;0;0;0;0;0;0;0
FR;11;2022-12-28;0;0;0;0;0;0;0;0;0;0;0;0;0;0;0;0;0;0
FR;11;2022-12-29;0;0;0;0;0;0;0;0;0;0;0;0;0;0;0;0;0;0
FR;11;2022-12-30;0;0;0;0;0;0;0;0;0;0;0;0;0;0;0;0;0;0
FR;11;2022-12-31;0;0;0;0;0;0;0;0;0;0;0;0;0;0;0;0;0;0
FR;11;2023-01-01;0;0;0;0;0;0;0;0;0;0;0;0;0;0;0;0;0;0
FR;11;2023-01-02;0;0;0;0;0;0;0;0;0;0;0;0;0;0;0;0;0;0
FR;11;2023-01-03;0;0;0;0;0;0;0;0;0;0;0;0;0;0;0;0;0;0
FR;11;2023-01-04;0;0;0;0;0;0;0;0;0;0;0;0;0;0;0;0;0;0
FR;11;2023-01-05;0;0;0;0;0;0;0;0;0;0;0;0;0;0;0;0;0;0
FR;11;2023-01-06;0;0;0;0;0;0;0;0;0;0;0;0;0;0;0;0;0;0
FR;11;2023-01-07;0;0;0;0;0;0;0;0;0;0;0;0;0;0;0;0;0;0
FR;11;2023-01-08;0;0;0;0;0;0;0;0;0;0;0;0;0;0;0;0;0;0
FR;11;2023-01-09;0;0;0;0;0;0;0;0;0;0;0;0;0;0;0;0;0;0
FR;11;2023-01-10;0;0;0;0;0;0;0;0;0;0;0;0;0;0;0;0;0;0
FR;11;2023-01-11;0;0;0;0;0;0;0;0;0;0;0;0;0;0;0;0;0;0
FR;11;2023-01-12;0;0;0;0;0;0;0;0;0;0;0;0;0;0;0;0;0;0
FR;11;2023-01-13;0;0;0;0;0;0;0;0;0;0;0;0;0;0;0;0;0;0
FR;11;2023-01-14;0;0;0;0;0;0;0;0;0;0;0;0;0;0;0;0;0;0
FR;11;2023-01-15;0;0;0;0;0;0;0;0;0;0;0;0;0;0;0;0;0;0
FR;11;2023-01-16;0;0;0;0;0;0;0;0;0;0;0;0;0;0;0;0;0;0
FR;11;2023-01-17;0;0;0;0;0;0;0;0;0;0;0;0;0;0;0;0;0;0
FR;11;2023-01-18;0;0;0;0;0;0;0;0;0;0;0;0;0;0;0;0;0;0
FR;11;2023-01-19;0;0;0;0;0;0;0;0;0;0;0;0;0;0;0;0;0;0
FR;11;2023-01-20;0;0;0;0;0;0;0;0;0;0;0;0;0;0;0;0;0;0
FR;11;2023-01-21;0;0;0;0;0;0;0;0;0;0;0;0;0;0;0;0;0;0
FR;11;2023-01-22;0;0;0;0;0;0;0;0;0;0;0;0;0;0;0;0;0;0
FR;11;2023-01-23;0;0;0;0;0;0;0;0;0;0;0;0;0;0;0;0;0;0
FR;11;2023-01-24;0;0;0;0;0;0;0;0;0;0;0;0;0;0;0;0;0;0
FR;11;2023-01-25;0;0;0;0;0;0;0;0;0;0;0;0;0;0;0;0;0;0
FR;11;2023-01-26;0;0;0;0;0;0;0;0;0;0;0;0;0;0;0;0;0;0
FR;11;2023-01-27;0;0;0;0;0;0;0;0;0;0;0;0;0;0;0;0;0;0
FR;11;2023-01-28;0;0;0;0;0;0;0;0;0;0;0;0;0;0;0;0;0;0
FR;11;2023-01-29;0;0;0;0;0;0;0;0;0;0;0;0;0;0;0;0;0;0
FR;11;2023-01-30;0;0;0;0;0;0;0;0;0;0;0;0;0;0;0;0;0;0
FR;11;2023-01-31;0;0;0;0;0;0;0;0;0;0;0;0;0;0;0;0;0;0
FR;11;2023-02-01;0;0;0;0;0;0;0;0;0;0;0;0;0;0;0;0;0;0
FR;11;2023-02-02;0;0;0;0;0;0;0;0;0;0;0;0;0;0;0;0;0;0
FR;11;2023-02-03;0;0;0;0;0;0;0;0;0;0;0;0;0;0;0;0;0;0
FR;11;2023-02-04;0;0;0;0;0;0;0;0;0;0;0;0;0;0;0;0;0;0
FR;11;2023-02-05;0;0;0;0;0;0;0;0;0;0;0;0;0;0;0;0;0;0
FR;11;2023-02-06;1;0;0;0;0;0;0;0;0;1;0;0;0;0;0;0;0;0
FR;11;2023-02-07;0;0;0;0;0;0;0;0;0;1;0;0;0;0;0;0;0;0
FR;11;2023-02-08;2;0;0;0;0;0;0;0;0;3;0;0;0;0;0;0;0;0
FR;11;2023-02-09;2;0;0;0;0;0;0;0;0;5;0;0;0;0;0;0;0;0
FR;11;2023-02-10;0;0;0;0;0;0;0;0;0;5;0;0;0;0;0;0;0;0
FR;11;2023-02-11;0;0;0;0;0;0;0;0;0;5;0;0;0;0;0;0;0;0
FR;11;2023-02-12;0;0;0;0;0;0;0;0;0;5;0;0;0;0;0;0;0;0
FR;11;2023-02-13;2;0;0;0;0;0;0;0;0;7;0;0;0;0;0;0;0;0
FR;11;2023-02-14;0;0;0;0;0;0;0;0;0;7;0;0;0;0;0;0;0;0
FR;11;2023-02-15;2;0;0;0;0;0;0;0;0;9;0;0;0;0;0;0;0;0
FR;11;2023-02-16;0;0;0;0;0;0;0;0;0;9;0;0;0;0;0;0;0;0
FR;11;2023-02-17;0;0;0;0;0;0;0;0;0;9;0;0;0;0;0;0;0;0
FR;11;2023-02-18;0;0;0;0;0;0;0;0;0;9;0;0;0;0;0;0;0;0
FR;11;2023-02-19;0;0;0;0;0;0;0;0;0;9;0;0;0;0;0;0;0;0
FR;11;2023-02-20;0;0;0;0;0;0;0;0;0;9;0;0;0;0;0;0;0;0
FR;11;2023-02-21;1;0;0;0;0;0;0;0;0;10;0;0;0;0;0;0;0;0
FR;11;2023-02-22;0;0;0;0;0;0;0;0;0;10;0;0;0;0;0;0;0;0
FR;11;2023-02-23;0;0;0;0;0;0;0;0;0;10;0;0;0;0;0;0;0;0
FR;11;2023-02-24;0;0;0;0;0;0;0;0;0;10;0;0;0;0;0;0;0;0
FR;11;2023-02-25;0;0;0;0;0;0;0;0;0;10;0;0;0;0;0;0;0;0
FR;11;2023-02-26;0;0;2;0;0;2;0;0;0;10;0;2;0;0;2;0;0;0
FR;11;2023-02-27;0;0;0;0;0;0;0;0;0;10;0;2;0;0;2;0;0;0
FR;11;2023-02-28;1;1;0;0;1;0;0;0;0;11;1;2;0;1;2;0;0;0
FR;11;2023-03-01;0;1;0;0;1;0;0;0;0;11;2;2;0;2;2;0;0;0
FR;11;2023-03-02;0;0;0;0;0;0;0;0;0;11;2;2;0;2;2;0;0;0
FR;11;2023-03-03;0;0;0;0;0;0;0;0;0;11;2;2;0;2;2;0;0;0
FR;11;2023-03-04;2;1;0;0;1;0;0;0;0;13;3;2;0;3;2;0;0;0
FR;11;2023-03-05;0;0;0;0;0;0;0;0;0;13;3;2;0;3;2;0;0;0
FR;11;2023-03-06;4;0;1;0;1;1;0;0;0;17;3;3;0;4;3;0;0;0
FR;11;2023-03-07;0;1;0;0;1;0;0;0;0;17;4;3;0;5;3;0;0;0
FR;11;2023-03-08;1;1;0;0;1;0;0;0;0;18;5;3;0;6;3;0;0;0
FR;11;2023-03-09;0;0;0;0;0;0;0;0;0;18;5;3;0;6;3;0;0;0
FR;11;2023-03-10;0;0;0;0;0;0;0;0;0;18;5;3;0;6;3;0;0;0
FR;11;2023-03-11;2;0;0;0;0;0;0;0;0;20;5;3;0;6;3;0;0;0
FR;11;2023-03-12;0;1;0;0;1;0;0;0;0;20;6;3;0;7;3;0;0;0
FR;11;2023-03-13;0;0;0;0;0;0;0;0;0;20;6;3;0;7;3;0;0;0
FR;11;2023-03-14;0;0;0;0;0;0;0;0;0;20;6;3;0;7;3;0;0;0
FR;11;2023-03-15;0;1;0;0;1;0;0;0;0;20;7;3;0;8;3;0;0;0
FR;11;2023-03-16;0;0;0;0;0;0;0;0;0;20;7;3;0;8;3;0;0;0
FR;11;2023-03-17;0;0;0;0;0;0;0;0;0;20;7;3;0;8;3;0;0;0
FR;11;2023-03-18;1;0;0;0;0;0;0;0;0;21;7;3;0;8;3;0;0;0
FR;11;2023-03-19;0;0;0;0;0;0;0;0;0;21;7;3;0;8;3;0;0;0
FR;11;2023-03-20;0;0;0;0;0;0;0;0;0;21;7;3;0;8;3;0;0;0
FR;11;2023-03-21;1;0;0;0;0;0;0;0;0;22;7;3;0;8;3;0;0;0
FR;11;2023-03-22;2;0;0;0;0;0;0;0;0;24;7;3;0;8;3;0;0;0
FR;11;2023-03-23;0;0;0;1;0;0;1;0;0;24;7;3;1;8;3;1;0;0
FR;11;2023-03-24;0;0;0;0;0;0;0;0;0;24;7;3;1;8;3;1;0;0
FR;11;2023-03-25;1;1;0;0;1;0;0;0;0;25;8;3;1;9;3;1;0;0
FR;11;2023-03-26;0;0;0;0;0;0;0;0;0;25;8;3;1;9;3;1;0;0
FR;11;2023-03-27;0;1;0;0;0;1;0;0;0;25;9;3;1;9;4;1;0;0
FR;11;2023-03-28;0;0;0;0;0;0;0;0;0;25;9;3;1;9;4;1;0;0
FR;11;2023-03-29;0;1;0;0;1;0;0;0;0;25;10;3;1;10;4;1;0;0
FR;11;2023-03-30;1;1;0;0;1;0;0;0;0;26;11;3;1;11;4;1;0;0
FR;11;2023-03-31;0;0;0;0;0;0;0;0;0;26;11;3;1;11;4;1;0;0
FR;11;2023-04-01;0;2;0;0;2;0;0;0;0;26;13;3;1;13;4;1;0;0
FR;11;2023-04-02;0;0;0;0;0;0;0;0;0;26;13;3;1;13;4;1;0;0
FR;11;2023-04-03;0;3;0;0;3;0;0;0;0;26;16;3;1;16;4;1;0;0
FR;11;2023-04-04;0;0;0;0;0;0;0;0;0;26;16;3;1;16;4;1;0;0
FR;11;2023-04-05;0;0;0;0;0;0;0;0;0;26;16;3;1;16;4;1;0;0
FR;11;2023-04-06;0;0;0;0;0;0;0;0;0;26;16;3;1;16;4;1;0;0
FR;11;2023-04-07;0;1;0;0;1;0;0;0;0;26;17;3;1;17;4;1;0;0
FR;11;2023-04-08;0;0;0;0;0;0;0;0;0;26;17;3;1;17;4;1;0;0
FR;11;2023-04-09;0;0;0;0;0;0;0;0;0;26;17;3;1;17;4;1;0;0
FR;11;2023-04-10;0;0;0;0;0;0;0;0;0;26;17;3;1;17;4;1;0;0
FR;11;2023-04-11;0;1;0;0;1;0;0;0;0;26;18;3;1;18;4;1;0;0
FR;11;2023-04-12;1;1;0;0;1;0;0;0;0;27;19;3;1;19;4;1;0;0
FR;11;2023-04-13;0;0;0;0;0;0;0;0;0;27;19;3;1;19;4;1;0;0
FR;11;2023-04-14;0;0;0;0;0;0;0;0;0;27;19;3;1;19;4;1;0;0
FR;11;2023-04-15;0;1;0;0;1;0;0;0;0;27;20;3;1;20;4;1;0;0
FR;11;2023-04-16;0;0;0;0;0;0;0;0;0;27;20;3;1;20;4;1;0;0
FR;11;2023-04-17;0;1;0;0;1;0;0;0;0;27;21;3;1;21;4;1;0;0
FR;11;2023-04-18;0;0;0;0;0;0;0;0;0;27;21;3;1;21;4;1;0;0
FR;11;2023-04-19;1;0;0;0;0;0;0;0;0;28;21;3;1;21;4;1;0;0
FR;11;2023-04-20;0;1;0;0;1;0;0;0;0;28;22;3;1;22;4;1;0;0
FR;11;2023-04-21;2;0;0;0;0;0;0;0;0;30;22;3;1;22;4;1;0;0
FR;11;2023-04-22;0;2;0;0;2;0;0;0;0;30;24;3;1;24;4;1;0;0
FR;11;2023-04-23;0;0;0;0;0;0;0;0;0;30;24;3;1;24;4;1;0;0
FR;11;2023-04-24;0;0;1;0;0;1;0;0;0;30;24;4;1;24;5;1;0;0
FR;11;2023-04-25;0;0;0;0;0;0;0;0;0;30;24;4;1;24;5;1;0;0
FR;11;2023-04-26;0;0;0;0;0;0;0;0;0;30;24;4;1;24;5;1;0;0
FR;11;2023-04-27;0;0;0;0;0;0;0;0;0;30;24;4;1;24;5;1;0;0
FR;11;2023-04-28;0;0;0;0;0;0;0;0;0;30;24;4;1;24;5;1;0;0
FR;11;2023-04-29;0;0;0;0;0;0;0;0;0;30;24;4;1;24;5;1;0;0
FR;11;2023-04-30;0;0;0;0;0;0;0;0;0;30;24;4;1;24;5;1;0;0
FR;11;2023-05-01;0;0;0;0;0;0;0;0;0;30;24;4;1;24;5;1;0;0
FR;11;2023-05-02;0;0;0;0;0;0;0;0;0;30;24;4;1;24;5;1;0;0
FR;11;2023-05-03;0;0;2;0;0;2;0;0;0;30;24;6;1;24;7;1;0;0
FR;11;2023-05-04;0;0;0;0;0;0;0;0;0;30;24;6;1;24;7;1;0;0
FR;11;2023-05-05;0;0;0;0;0;0;0;0;0;30;24;6;1;24;7;1;0;0
FR;11;2023-05-06;0;0;0;0;0;0;0;0;0;30;24;6;1;24;7;1;0;0
FR;11;2023-05-07;0;0;0;0;0;0;0;0;0;30;24;6;1;24;7;1;0;0
FR;11;2023-05-08;0;0;0;0;0;0;0;0;0;30;24;6;1;24;7;1;0;0
FR;11;2023-05-09;0;0;0;0;0;0;0;0;0;30;24;6;1;24;7;1;0;0
FR;11;2023-05-10;2;2;0;0;2;0;0;0;0;32;26;6;1;26;7;1;0;0
FR;11;2023-05-11;0;0;0;0;0;0;0;0;0;32;26;6;1;26;7;1;0;0
FR;11;2023-05-12;0;0;0;0;0;0;0;0;0;32;26;6;1;26;7;1;0;0
FR;11;2023-05-13;0;0;0;0;0;0;0;0;0;32;26;6;1;26;7;1;0;0
FR;11;2023-05-14;0;0;0;0;0;0;0;0;0;32;26;6;1;26;7;1;0;0
FR;11;2023-05-15;0;0;0;0;0;0;0;0;0;32;26;6;1;26;7;1;0;0
FR;11;2023-05-16;0;0;0;0;0;0;0;0;0;32;26;6;1;26;7;1;0;0
FR;11;2023-05-17;0;0;0;0;0;0;0;0;0;32;26;6;1;26;7;1;0;0
FR;11;2023-05-18;0;0;0;0;0;0;0;0;0;32;26;6;1;26;7;1;0;0
FR;11;2023-05-19;0;0;0;0;0;0;0;0;0;32;26;6;1;26;7;1;0;0
FR;11;2023-05-20;0;0;0;0;0;0;0;0;0;32;26;6;1;26;7;1;0;0
FR;11;2023-05-21;0;0;0;0;0;0;0;0;0;32;26;6;1;26;7;1;0;0
FR;11;2023-05-22;0;0;0;0;0;0;0;0;0;32;26;6;1;26;7;1;0;0
FR;11;2023-05-23;0;0;0;0;0;0;0;0;0;32;26;6;1;26;7;1;0;0
FR;11;2023-05-24;1;0;1;0;0;0;0;0;0;33;26;7;1;26;7;1;0;0
FR;11;2023-05-25;0;0;0;0;0;0;0;0;0;33;26;7;1;26;7;1;0;0
FR;11;2023-05-26;0;0;0;0;0;0;0;0;0;33;26;7;1;26;7;1;0;0
FR;11;2023-05-27;0;0;1;0;0;1;0;0;0;33;26;8;1;26;8;1;0;0
FR;11;2023-05-28;0;0;0;0;0;0;0;0;0;33;26;8;1;26;8;1;0;0
FR;11;2023-05-29;0;0;0;0;0;0;0;0;0;33;26;8;1;26;8;1;0;0
FR;12;2020-12-27;0;0;0;0;0;0;0;0;0;0;0;0;0;0;0;0;0;0
FR;12;2020-12-28;0;0;0;0;0;0;0;0;0;0;0;0;0;0;0;0;0;0
FR;12;2020-12-29;0;0;0;0;0;0;0;0;0;0;0;0;0;0;0;0;0;0
FR;12;2020-12-30;0;0;0;0;0;0;0;0;0;0;0;0;0;0;0;0;0;0
FR;12;2020-12-31;0;0;0;0;0;0;0;0;0;0;0;0;0;0;0;0;0;0
FR;12;2021-01-01;0;0;0;0;0;0;0;0;0;0;0;0;0;0;0;0;0;0
FR;12;2021-01-02;0;0;0;0;0;0;0;0;0;0;0;0;0;0;0;0;0;0
FR;12;2021-01-03;0;0;0;0;0;0;0;0;0;0;0;0;0;0;0;0;0;0
FR;12;2021-01-04;0;0;0;0;0;0;0;0;0;0;0;0;0;0;0;0;0;0
FR;12;2021-01-05;0;0;0;0;0;0;0;0;0;0;0;0;0;0;0;0;0;0
FR;12;2021-01-06;0;0;0;0;0;0;0;0;0;0;0;0;0;0;0;0;0;0
FR;12;2021-01-07;0;0;0;0;0;0;0;0;0;0;0;0;0;0;0;0;0;0
FR;12;2021-01-08;0;0;0;0;0;0;0;0;0;0;0;0;0;0;0;0;0;0
FR;12;2021-01-09;0;0;0;0;0;0;0;0;0;0;0;0;0;0;0;0;0;0
FR;12;2021-01-10;0;0;0;0;0;0;0;0;0;0;0;0;0;0;0;0;0;0
FR;12;2021-01-11;0;0;0;0;0;0;0;0;0;0;0;0;0;0;0;0;0;0
FR;12;2021-01-12;0;0;0;0;0;0;0;0;0;0;0;0;0;0;0;0;0;0
FR;12;2021-01-13;0;0;0;0;0;0;0;0;0;0;0;0;0;0;0;0;0;0
FR;12;2021-01-14;0;0;0;0;0;0;0;0;0;0;0;0;0;0;0;0;0;0
FR;12;2021-01-15;0;0;0;0;0;0;0;0;0;0;0;0;0;0;0;0;0;0
FR;12;2021-01-16;0;0;0;0;0;0;0;0;0;0;0;0;0;0;0;0;0;0
FR;12;2021-01-17;0;0;0;0;0;0;0;0;0;0;0;0;0;0;0;0;0;0
FR;12;2021-01-18;0;0;0;0;0;0;0;0;0;0;0;0;0;0;0;0;0;0
FR;12;2021-01-19;0;0;0;0;0;0;0;0;0;0;0;0;0;0;0;0;0;0
FR;12;2021-01-20;0;0;0;0;0;0;0;0;0;0;0;0;0;0;0;0;0;0
FR;12;2021-01-21;0;0;0;0;0;0;0;0;0;0;0;0;0;0;0;0;0;0
FR;12;2021-01-22;0;0;0;0;0;0;0;0;0;0;0;0;0;0;0;0;0;0
FR;12;2021-01-23;0;0;0;0;0;0;0;0;0;0;0;0;0;0;0;0;0;0
FR;12;2021-01-24;0;0;0;0;0;0;0;0;0;0;0;0;0;0;0;0;0;0
FR;12;2021-01-25;0;0;0;0;0;0;0;0;0;0;0;0;0;0;0;0;0;0
FR;12;2021-01-26;0;0;0;0;0;0;0;0;0;0;0;0;0;0;0;0;0;0
FR;12;2021-01-27;0;0;0;0;0;0;0;0;0;0;0;0;0;0;0;0;0;0
FR;12;2021-01-28;0;0;0;0;0;0;0;0;0;0;0;0;0;0;0;0;0;0
FR;12;2021-01-29;0;0;0;0;0;0;0;0;0;0;0;0;0;0;0;0;0;0
FR;12;2021-01-30;0;0;0;0;0;0;0;0;0;0;0;0;0;0;0;0;0;0
FR;12;2021-01-31;0;0;0;0;0;0;0;0;0;0;0;0;0;0;0;0;0;0
FR;12;2021-02-01;0;0;0;0;0;0;0;0;0;0;0;0;0;0;0;0;0;0
FR;12;2021-02-02;0;0;0;0;0;0;0;0;0;0;0;0;0;0;0;0;0;0
FR;12;2021-02-03;0;0;0;0;0;0;0;0;0;0;0;0;0;0;0;0;0;0
FR;12;2021-02-04;0;0;0;0;0;0;0;0;0;0;0;0;0;0;0;0;0;0
FR;12;2021-02-05;0;0;0;0;0;0;0;0;0;0;0;0;0;0;0;0;0;0
FR;12;2021-02-06;0;0;0;0;0;0;0;0;0;0;0;0;0;0;0;0;0;0
FR;12;2021-02-07;0;0;0;0;0;0;0;0;0;0;0;0;0;0;0;0;0;0
FR;12;2021-02-08;0;0;0;0;0;0;0;0;0;0;0;0;0;0;0;0;0;0
FR;12;2021-02-09;0;0;0;0;0;0;0;0;0;0;0;0;0;0;0;0;0;0
FR;12;2021-02-10;0;0;0;0;0;0;0;0;0;0;0;0;0;0;0;0;0;0
FR;12;2021-02-11;0;0;0;0;0;0;0;0;0;0;0;0;0;0;0;0;0;0
FR;12;2021-02-12;0;0;0;0;0;0;0;0;0;0;0;0;0;0;0;0;0;0
FR;12;2021-02-13;0;0;0;0;0;0;0;0;0;0;0;0;0;0;0;0;0;0
FR;12;2021-02-14;0;0;0;0;0;0;0;0;0;0;0;0;0;0;0;0;0;0
FR;12;2021-02-15;0;0;0;0;0;0;0;0;0;0;0;0;0;0;0;0;0;0
FR;12;2021-02-16;0;0;0;0;0;0;0;0;0;0;0;0;0;0;0;0;0;0
FR;12;2021-02-17;0;0;0;0;0;0;0;0;0;0;0;0;0;0;0;0;0;0
FR;12;2021-02-18;0;0;0;0;0;0;0;0;0;0;0;0;0;0;0;0;0;0
FR;12;2021-02-19;0;0;0;0;0;0;0;0;0;0;0;0;0;0;0;0;0;0
FR;12;2021-02-20;0;0;0;0;0;0;0;0;0;0;0;0;0;0;0;0;0;0
FR;12;2021-02-21;0;0;0;0;0;0;0;0;0;0;0;0;0;0;0;0;0;0
FR;12;2021-02-22;0;0;0;0;0;0;0;0;0;0;0;0;0;0;0;0;0;0
FR;12;2021-02-23;0;0;0;0;0;0;0;0;0;0;0;0;0;0;0;0;0;0
FR;12;2021-02-24;0;0;0;0;0;0;0;0;0;0;0;0;0;0;0;0;0;0
FR;12;2021-02-25;0;0;0;0;0;0;0;0;0;0;0;0;0;0;0;0;0;0
FR;12;2021-02-26;0;0;0;0;0;0;0;0;0;0;0;0;0;0;0;0;0;0
FR;12;2021-02-27;0;0;0;0;0;0;0;0;0;0;0;0;0;0;0;0;0;0
FR;12;2021-02-28;0;0;0;0;0;0;0;0;0;0;0;0;0;0;0;0;0;0
FR;12;2021-03-01;0;0;0;0;0;0;0;0;0;0;0;0;0;0;0;0;0;0
FR;12;2021-03-02;0;0;0;0;0;0;0;0;0;0;0;0;0;0;0;0;0;0
FR;12;2021-03-03;0;0;0;0;0;0;0;0;0;0;0;0;0;0;0;0;0;0
FR;12;2021-03-04;0;0;0;0;0;0;0;0;0;0;0;0;0;0;0;0;0;0
FR;12;2021-03-05;0;0;0;0;0;0;0;0;0;0;0;0;0;0;0;0;0;0
FR;12;2021-03-06;0;0;0;0;0;0;0;0;0;0;0;0;0;0;0;0;0;0
FR;12;2021-03-07;0;0;0;0;0;0;0;0;0;0;0;0;0;0;0;0;0;0
FR;12;2021-03-08;0;0;0;0;0;0;0;0;0;0;0;0;0;0;0;0;0;0
FR;12;2021-03-09;0;0;0;0;0;0;0;0;0;0;0;0;0;0;0;0;0;0
FR;12;2021-03-10;0;0;0;0;0;0;0;0;0;0;0;0;0;0;0;0;0;0
FR;12;2021-03-11;0;0;0;0;0;0;0;0;0;0;0;0;0;0;0;0;0;0
FR;12;2021-03-12;0;0;0;0;0;0;0;0;0;0;0;0;0;0;0;0;0;0
FR;12;2021-03-13;0;0;0;0;0;0;0;0;0;0;0;0;0;0;0;0;0;0
FR;12;2021-03-14;0;0;0;0;0;0;0;0;0;0;0;0;0;0;0;0;0;0
FR;12;2021-03-15;0;0;0;0;0;0;0;0;0;0;0;0;0;0;0;0;0;0
FR;12;2021-03-16;0;0;0;0;0;0;0;0;0;0;0;0;0;0;0;0;0;0
FR;12;2021-03-17;0;0;0;0;0;0;0;0;0;0;0;0;0;0;0;0;0;0
FR;12;2021-03-18;0;0;0;0;0;0;0;0;0;0;0;0;0;0;0;0;0;0
FR;12;2021-03-19;0;0;0;0;0;0;0;0;0;0;0;0;0;0;0;0;0;0
FR;12;2021-03-20;0;0;0;0;0;0;0;0;0;0;0;0;0;0;0;0;0;0
FR;12;2021-03-21;0;0;0;0;0;0;0;0;0;0;0;0;0;0;0;0;0;0
FR;12;2021-03-22;0;0;0;0;0;0;0;0;0;0;0;0;0;0;0;0;0;0
FR;12;2021-03-23;0;0;0;0;0;0;0;0;0;0;0;0;0;0;0;0;0;0
FR;12;2021-03-24;0;0;0;0;0;0;0;0;0;0;0;0;0;0;0;0;0;0
FR;12;2021-03-25;0;0;0;0;0;0;0;0;0;0;0;0;0;0;0;0;0;0
FR;12;2021-03-26;0;0;0;0;0;0;0;0;0;0;0;0;0;0;0;0;0;0
FR;12;2021-03-27;0;0;0;0;0;0;0;0;0;0;0;0;0;0;0;0;0;0
FR;12;2021-03-28;0;0;0;0;0;0;0;0;0;0;0;0;0;0;0;0;0;0
FR;12;2021-03-29;0;0;0;0;0;0;0;0;0;0;0;0;0;0;0;0;0;0
FR;12;2021-03-30;0;0;0;0;0;0;0;0;0;0;0;0;0;0;0;0;0;0
FR;12;2021-03-31;0;0;0;0;0;0;0;0;0;0;0;0;0;0;0;0;0;0
FR;12;2021-04-01;0;0;0;0;0;0;0;0;0;0;0;0;0;0;0;0;0;0
FR;12;2021-04-02;0;0;0;0;0;0;0;0;0;0;0;0;0;0;0;0;0;0
FR;12;2021-04-03;0;0;0;0;0;0;0;0;0;0;0;0;0;0;0;0;0;0
FR;12;2021-04-04;0;0;0;0;0;0;0;0;0;0;0;0;0;0;0;0;0;0
FR;12;2021-04-05;0;0;0;0;0;0;0;0;0;0;0;0;0;0;0;0;0;0
FR;12;2021-04-06;0;0;0;0;0;0;0;0;0;0;0;0;0;0;0;0;0;0
FR;12;2021-04-07;0;0;0;0;0;0;0;0;0;0;0;0;0;0;0;0;0;0
FR;12;2021-04-08;0;0;0;0;0;0;0;0;0;0;0;0;0;0;0;0;0;0
FR;12;2021-04-09;0;0;0;0;0;0;0;0;0;0;0;0;0;0;0;0;0;0
FR;12;2021-04-10;0;0;0;0;0;0;0;0;0;0;0;0;0;0;0;0;0;0
FR;12;2021-04-11;0;0;0;0;0;0;0;0;0;0;0;0;0;0;0;0;0;0
FR;12;2021-04-12;0;0;0;0;0;0;0;0;0;0;0;0;0;0;0;0;0;0
FR;12;2021-04-13;0;0;0;0;0;0;0;0;0;0;0;0;0;0;0;0;0;0
FR;12;2021-04-14;0;0;0;0;0;0;0;0;0;0;0;0;0;0;0;0;0;0
FR;12;2021-04-15;0;0;0;0;0;0;0;0;0;0;0;0;0;0;0;0;0;0
FR;12;2021-04-16;0;0;0;0;0;0;0;0;0;0;0;0;0;0;0;0;0;0
FR;12;2021-04-17;0;0;0;0;0;0;0;0;0;0;0;0;0;0;0;0;0;0
FR;12;2021-04-18;0;0;0;0;0;0;0;0;0;0;0;0;0;0;0;0;0;0
FR;12;2021-04-19;0;0;0;0;0;0;0;0;0;0;0;0;0;0;0;0;0;0
FR;12;2021-04-20;0;0;0;0;0;0;0;0;0;0;0;0;0;0;0;0;0;0
FR;12;2021-04-21;0;0;0;0;0;0;0;0;0;0;0;0;0;0;0;0;0;0
FR;12;2021-04-22;0;0;0;0;0;0;0;0;0;0;0;0;0;0;0;0;0;0
FR;12;2021-04-23;0;0;0;0;0;0;0;0;0;0;0;0;0;0;0;0;0;0
FR;12;2021-04-24;0;0;0;0;0;0;0;0;0;0;0;0;0;0;0;0;0;0
FR;12;2021-04-25;0;0;0;0;0;0;0;0;0;0;0;0;0;0;0;0;0;0
FR;12;2021-04-26;0;0;0;0;0;0;0;0;0;0;0;0;0;0;0;0;0;0
FR;12;2021-04-27;0;0;0;0;0;0;0;0;0;0;0;0;0;0;0;0;0;0
FR;12;2021-04-28;0;0;0;0;0;0;0;0;0;0;0;0;0;0;0;0;0;0
FR;12;2021-04-29;0;0;0;0;0;0;0;0;0;0;0;0;0;0;0;0;0;0
FR;12;2021-04-30;0;0;0;0;0;0;0;0;0;0;0;0;0;0;0;0;0;0
FR;12;2021-05-01;0;0;0;0;0;0;0;0;0;0;0;0;0;0;0;0;0;0
FR;12;2021-05-02;0;0;0;0;0;0;0;0;0;0;0;0;0;0;0;0;0;0
FR;12;2021-05-03;0;0;0;0;0;0;0;0;0;0;0;0;0;0;0;0;0;0
FR;12;2021-05-04;0;0;0;0;0;0;0;0;0;0;0;0;0;0;0;0;0;0
FR;12;2021-05-05;0;0;0;0;0;0;0;0;0;0;0;0;0;0;0;0;0;0
FR;12;2021-05-06;0;0;0;0;0;0;0;0;0;0;0;0;0;0;0;0;0;0
FR;12;2021-05-07;0;0;0;0;0;0;0;0;0;0;0;0;0;0;0;0;0;0
FR;12;2021-05-08;0;0;0;0;0;0;0;0;0;0;0;0;0;0;0;0;0;0
FR;12;2021-05-09;0;0;0;0;0;0;0;0;0;0;0;0;0;0;0;0;0;0
FR;12;2021-05-10;0;0;0;0;0;0;0;0;0;0;0;0;0;0;0;0;0;0
FR;12;2021-05-11;0;0;0;0;0;0;0;0;0;0;0;0;0;0;0;0;0;0
FR;12;2021-05-12;0;0;0;0;0;0;0;0;0;0;0;0;0;0;0;0;0;0
FR;12;2021-05-13;0;0;0;0;0;0;0;0;0;0;0;0;0;0;0;0;0;0
FR;12;2021-05-14;0;0;0;0;0;0;0;0;0;0;0;0;0;0;0;0;0;0
FR;12;2021-05-15;0;0;0;0;0;0;0;0;0;0;0;0;0;0;0;0;0;0
FR;12;2021-05-16;0;0;0;0;0;0;0;0;0;0;0;0;0;0;0;0;0;0
FR;12;2021-05-17;0;0;0;0;0;0;0;0;0;0;0;0;0;0;0;0;0;0
FR;12;2021-05-18;0;0;0;0;0;0;0;0;0;0;0;0;0;0;0;0;0;0
FR;12;2021-05-19;0;0;0;0;0;0;0;0;0;0;0;0;0;0;0;0;0;0
FR;12;2021-05-20;0;0;0;0;0;0;0;0;0;0;0;0;0;0;0;0;0;0
FR;12;2021-05-21;0;0;0;0;0;0;0;0;0;0;0;0;0;0;0;0;0;0
FR;12;2021-05-22;0;0;0;0;0;0;0;0;0;0;0;0;0;0;0;0;0;0
FR;12;2021-05-23;0;0;0;0;0;0;0;0;0;0;0;0;0;0;0;0;0;0
FR;12;2021-05-24;0;0;0;0;0;0;0;0;0;0;0;0;0;0;0;0;0;0
FR;12;2021-05-25;0;0;0;0;0;0;0;0;0;0;0;0;0;0;0;0;0;0
FR;12;2021-05-26;0;0;0;0;0;0;0;0;0;0;0;0;0;0;0;0;0;0
FR;12;2021-05-27;0;0;0;0;0;0;0;0;0;0;0;0;0;0;0;0;0;0
FR;12;2021-05-28;0;0;0;0;0;0;0;0;0;0;0;0;0;0;0;0;0;0
FR;12;2021-05-29;0;0;0;0;0;0;0;0;0;0;0;0;0;0;0;0;0;0
FR;12;2021-05-30;0;0;0;0;0;0;0;0;0;0;0;0;0;0;0;0;0;0
FR;12;2021-05-31;0;0;0;0;0;0;0;0;0;0;0;0;0;0;0;0;0;0
FR;12;2021-06-01;0;0;0;0;0;0;0;0;0;0;0;0;0;0;0;0;0;0
FR;12;2021-06-02;0;0;0;0;0;0;0;0;0;0;0;0;0;0;0;0;0;0
FR;12;2021-06-03;0;0;0;0;0;0;0;0;0;0;0;0;0;0;0;0;0;0
FR;12;2021-06-04;0;0;0;0;0;0;0;0;0;0;0;0;0;0;0;0;0;0
FR;12;2021-06-05;0;0;0;0;0;0;0;0;0;0;0;0;0;0;0;0;0;0
FR;12;2021-06-06;0;0;0;0;0;0;0;0;0;0;0;0;0;0;0;0;0;0
FR;12;2021-06-07;0;0;0;0;0;0;0;0;0;0;0;0;0;0;0;0;0;0
FR;12;2021-06-08;0;0;0;0;0;0;0;0;0;0;0;0;0;0;0;0;0;0
FR;12;2021-06-09;0;0;0;0;0;0;0;0;0;0;0;0;0;0;0;0;0;0
FR;12;2021-06-10;0;0;0;0;0;0;0;0;0;0;0;0;0;0;0;0;0;0
FR;12;2021-06-11;0;0;0;0;0;0;0;0;0;0;0;0;0;0;0;0;0;0
FR;12;2021-06-12;0;0;0;0;0;0;0;0;0;0;0;0;0;0;0;0;0;0
FR;12;2021-06-13;0;0;0;0;0;0;0;0;0;0;0;0;0;0;0;0;0;0
FR;12;2021-06-14;0;0;0;0;0;0;0;0;0;0;0;0;0;0;0;0;0;0
FR;12;2021-06-15;0;0;0;0;0;0;0;0;0;0;0;0;0;0;0;0;0;0
FR;12;2021-06-16;0;0;0;0;0;0;0;0;0;0;0;0;0;0;0;0;0;0
FR;12;2021-06-17;0;0;0;0;0;0;0;0;0;0;0;0;0;0;0;0;0;0
FR;12;2021-06-18;0;0;0;0;0;0;0;0;0;0;0;0;0;0;0;0;0;0
FR;12;2021-06-19;0;0;0;0;0;0;0;0;0;0;0;0;0;0;0;0;0;0
FR;12;2021-06-20;0;0;0;0;0;0;0;0;0;0;0;0;0;0;0;0;0;0
FR;12;2021-06-21;0;0;0;0;0;0;0;0;0;0;0;0;0;0;0;0;0;0
FR;12;2021-06-22;0;0;0;0;0;0;0;0;0;0;0;0;0;0;0;0;0;0
FR;12;2021-06-23;0;0;0;0;0;0;0;0;0;0;0;0;0;0;0;0;0;0
FR;12;2021-06-24;0;0;0;0;0;0;0;0;0;0;0;0;0;0;0;0;0;0
FR;12;2021-06-25;0;0;0;0;0;0;0;0;0;0;0;0;0;0;0;0;0;0
FR;12;2021-06-26;0;0;0;0;0;0;0;0;0;0;0;0;0;0;0;0;0;0
FR;12;2021-06-27;0;0;0;0;0;0;0;0;0;0;0;0;0;0;0;0;0;0
FR;12;2021-06-28;0;0;0;0;0;0;0;0;0;0;0;0;0;0;0;0;0;0
FR;12;2021-06-29;0;0;0;0;0;0;0;0;0;0;0;0;0;0;0;0;0;0
FR;12;2021-06-30;0;0;0;0;0;0;0;0;0;0;0;0;0;0;0;0;0;0
FR;12;2021-07-01;0;0;0;0;0;0;0;0;0;0;0;0;0;0;0;0;0;0
FR;12;2021-07-02;0;0;0;0;0;0;0;0;0;0;0;0;0;0;0;0;0;0
FR;12;2021-07-03;0;0;0;0;0;0;0;0;0;0;0;0;0;0;0;0;0;0
FR;12;2021-07-04;0;0;0;0;0;0;0;0;0;0;0;0;0;0;0;0;0;0
FR;12;2021-07-05;0;0;0;0;0;0;0;0;0;0;0;0;0;0;0;0;0;0
FR;12;2021-07-06;0;0;0;0;0;0;0;0;0;0;0;0;0;0;0;0;0;0
FR;12;2021-07-07;0;0;0;0;0;0;0;0;0;0;0;0;0;0;0;0;0;0
FR;12;2021-07-08;0;0;0;0;0;0;0;0;0;0;0;0;0;0;0;0;0;0
FR;12;2021-07-09;0;0;0;0;0;0;0;0;0;0;0;0;0;0;0;0;0;0
FR;12;2021-07-10;0;0;0;0;0;0;0;0;0;0;0;0;0;0;0;0;0;0
FR;12;2021-07-11;0;0;0;0;0;0;0;0;0;0;0;0;0;0;0;0;0;0
FR;12;2021-07-12;0;0;0;0;0;0;0;0;0;0;0;0;0;0;0;0;0;0
FR;12;2021-07-13;0;0;0;0;0;0;0;0;0;0;0;0;0;0;0;0;0;0
FR;12;2021-07-14;0;0;0;0;0;0;0;0;0;0;0;0;0;0;0;0;0;0
FR;12;2021-07-15;0;0;0;0;0;0;0;0;0;0;0;0;0;0;0;0;0;0
FR;12;2021-07-16;0;0;0;0;0;0;0;0;0;0;0;0;0;0;0;0;0;0
FR;12;2021-07-17;0;0;0;0;0;0;0;0;0;0;0;0;0;0;0;0;0;0
FR;12;2021-07-18;0;0;0;0;0;0;0;0;0;0;0;0;0;0;0;0;0;0
FR;12;2021-07-19;0;0;0;0;0;0;0;0;0;0;0;0;0;0;0;0;0;0
FR;12;2021-07-20;0;0;0;0;0;0;0;0;0;0;0;0;0;0;0;0;0;0
FR;12;2021-07-21;0;0;0;0;0;0;0;0;0;0;0;0;0;0;0;0;0;0
FR;12;2021-07-22;0;0;0;0;0;0;0;0;0;0;0;0;0;0;0;0;0;0
FR;12;2021-07-23;0;0;0;0;0;0;0;0;0;0;0;0;0;0;0;0;0;0
FR;12;2021-07-24;0;0;0;0;0;0;0;0;0;0;0;0;0;0;0;0;0;0
FR;12;2021-07-25;0;0;0;0;0;0;0;0;0;0;0;0;0;0;0;0;0;0
FR;12;2021-07-26;0;0;0;0;0;0;0;0;0;0;0;0;0;0;0;0;0;0
FR;12;2021-07-27;0;0;0;0;0;0;0;0;0;0;0;0;0;0;0;0;0;0
FR;12;2021-07-28;0;0;0;0;0;0;0;0;0;0;0;0;0;0;0;0;0;0
FR;12;2021-07-29;0;0;0;0;0;0;0;0;0;0;0;0;0;0;0;0;0;0
FR;12;2021-07-30;0;0;0;0;0;0;0;0;0;0;0;0;0;0;0;0;0;0
FR;12;2021-07-31;0;0;0;0;0;0;0;0;0;0;0;0;0;0;0;0;0;0
FR;12;2021-08-01;0;0;0;0;0;0;0;0;0;0;0;0;0;0;0;0;0;0
FR;12;2021-08-02;0;0;0;0;0;0;0;0;0;0;0;0;0;0;0;0;0;0
FR;12;2021-08-03;0;0;0;0;0;0;0;0;0;0;0;0;0;0;0;0;0;0
FR;12;2021-08-04;0;0;0;0;0;0;0;0;0;0;0;0;0;0;0;0;0;0
FR;12;2021-08-05;0;0;0;0;0;0;0;0;0;0;0;0;0;0;0;0;0;0
FR;12;2021-08-06;0;0;0;0;0;0;0;0;0;0;0;0;0;0;0;0;0;0
FR;12;2021-08-07;0;0;0;0;0;0;0;0;0;0;0;0;0;0;0;0;0;0
FR;12;2021-08-08;0;0;0;0;0;0;0;0;0;0;0;0;0;0;0;0;0;0
FR;12;2021-08-09;0;0;0;0;0;0;0;0;0;0;0;0;0;0;0;0;0;0
FR;12;2021-08-10;0;0;0;0;0;0;0;0;0;0;0;0;0;0;0;0;0;0
FR;12;2021-08-11;0;0;0;0;0;0;0;0;0;0;0;0;0;0;0;0;0;0
FR;12;2021-08-12;0;0;0;0;0;0;0;0;0;0;0;0;0;0;0;0;0;0
FR;12;2021-08-13;0;0;0;0;0;0;0;0;0;0;0;0;0;0;0;0;0;0
FR;12;2021-08-14;0;0;0;0;0;0;0;0;0;0;0;0;0;0;0;0;0;0
FR;12;2021-08-15;0;0;0;0;0;0;0;0;0;0;0;0;0;0;0;0;0;0
FR;12;2021-08-16;0;0;0;0;0;0;0;0;0;0;0;0;0;0;0;0;0;0
FR;12;2021-08-17;0;0;0;0;0;0;0;0;0;0;0;0;0;0;0;0;0;0
FR;12;2021-08-18;0;0;0;0;0;0;0;0;0;0;0;0;0;0;0;0;0;0
FR;12;2021-08-19;0;0;0;0;0;0;0;0;0;0;0;0;0;0;0;0;0;0
FR;12;2021-08-20;0;0;0;0;0;0;0;0;0;0;0;0;0;0;0;0;0;0
FR;12;2021-08-21;0;0;0;0;0;0;0;0;0;0;0;0;0;0;0;0;0;0
FR;12;2021-08-22;0;0;0;0;0;0;0;0;0;0;0;0;0;0;0;0;0;0
FR;12;2021-08-23;0;0;0;0;0;0;0;0;0;0;0;0;0;0;0;0;0;0
FR;12;2021-08-24;0;0;0;0;0;0;0;0;0;0;0;0;0;0;0;0;0;0
FR;12;2021-08-25;0;0;0;0;0;0;0;0;0;0;0;0;0;0;0;0;0;0
FR;12;2021-08-26;0;0;0;0;0;0;0;0;0;0;0;0;0;0;0;0;0;0
FR;12;2021-08-27;0;0;0;0;0;0;0;0;0;0;0;0;0;0;0;0;0;0
FR;12;2021-08-28;0;0;0;0;0;0;0;0;0;0;0;0;0;0;0;0;0;0
FR;12;2021-08-29;0;0;0;0;0;0;0;0;0;0;0;0;0;0;0;0;0;0
FR;12;2021-08-30;0;0;0;0;0;0;0;0;0;0;0;0;0;0;0;0;0;0
FR;12;2021-08-31;0;0;0;0;0;0;0;0;0;0;0;0;0;0;0;0;0;0
FR;12;2021-09-01;0;0;0;0;0;0;0;0;0;0;0;0;0;0;0;0;0;0
FR;12;2021-09-02;0;0;0;0;0;0;0;0;0;0;0;0;0;0;0;0;0;0
FR;12;2021-09-03;0;0;0;0;0;0;0;0;0;0;0;0;0;0;0;0;0;0
FR;12;2021-09-04;0;0;0;0;0;0;0;0;0;0;0;0;0;0;0;0;0;0
FR;12;2021-09-05;0;0;0;0;0;0;0;0;0;0;0;0;0;0;0;0;0;0
FR;12;2021-09-06;0;0;0;0;0;0;0;0;0;0;0;0;0;0;0;0;0;0
FR;12;2021-09-07;0;0;0;0;0;0;0;0;0;0;0;0;0;0;0;0;0;0
FR;12;2021-09-08;0;0;0;0;0;0;0;0;0;0;0;0;0;0;0;0;0;0
FR;12;2021-09-09;0;0;0;0;0;0;0;0;0;0;0;0;0;0;0;0;0;0
FR;12;2021-09-10;0;0;0;0;0;0;0;0;0;0;0;0;0;0;0;0;0;0
FR;12;2021-09-11;0;0;0;0;0;0;0;0;0;0;0;0;0;0;0;0;0;0
FR;12;2021-09-12;0;0;0;0;0;0;0;0;0;0;0;0;0;0;0;0;0;0
FR;12;2021-09-13;0;0;0;0;0;0;0;0;0;0;0;0;0;0;0;0;0;0
FR;12;2021-09-14;0;0;0;0;0;0;0;0;0;0;0;0;0;0;0;0;0;0
FR;12;2021-09-15;0;0;0;0;0;0;0;0;0;0;0;0;0;0;0;0;0;0
FR;12;2021-09-16;0;0;0;0;0;0;0;0;0;0;0;0;0;0;0;0;0;0
FR;12;2021-09-17;0;0;0;0;0;0;0;0;0;0;0;0;0;0;0;0;0;0
FR;12;2021-09-18;0;0;0;0;0;0;0;0;0;0;0;0;0;0;0;0;0;0
FR;12;2021-09-19;0;0;0;0;0;0;0;0;0;0;0;0;0;0;0;0;0;0
FR;12;2021-09-20;0;0;0;0;0;0;0;0;0;0;0;0;0;0;0;0;0;0
FR;12;2021-09-21;0;0;0;0;0;0;0;0;0;0;0;0;0;0;0;0;0;0
FR;12;2021-09-22;0;0;0;0;0;0;0;0;0;0;0;0;0;0;0;0;0;0
FR;12;2021-09-23;0;0;0;0;0;0;0;0;0;0;0;0;0;0;0;0;0;0
FR;12;2021-09-24;0;0;0;0;0;0;0;0;0;0;0;0;0;0;0;0;0;0
FR;12;2021-09-25;0;0;0;0;0;0;0;0;0;0;0;0;0;0;0;0;0;0
FR;12;2021-09-26;0;0;0;0;0;0;0;0;0;0;0;0;0;0;0;0;0;0
FR;12;2021-09-27;0;0;0;0;0;0;0;0;0;0;0;0;0;0;0;0;0;0
FR;12;2021-09-28;0;0;0;0;0;0;0;0;0;0;0;0;0;0;0;0;0;0
FR;12;2021-09-29;0;0;0;0;0;0;0;0;0;0;0;0;0;0;0;0;0;0
FR;12;2021-09-30;0;0;0;0;0;0;0;0;0;0;0;0;0;0;0;0;0;0
FR;12;2021-10-01;0;0;0;0;0;0;0;0;0;0;0;0;0;0;0;0;0;0
FR;12;2021-10-02;0;0;0;0;0;0;0;0;0;0;0;0;0;0;0;0;0;0
FR;12;2021-10-03;0;0;0;0;0;0;0;0;0;0;0;0;0;0;0;0;0;0
FR;12;2021-10-04;0;0;0;0;0;0;0;0;0;0;0;0;0;0;0;0;0;0
FR;12;2021-10-05;0;0;0;0;0;0;0;0;0;0;0;0;0;0;0;0;0;0
FR;12;2021-10-06;0;0;0;0;0;0;0;0;0;0;0;0;0;0;0;0;0;0
FR;12;2021-10-07;0;0;0;0;0;0;0;0;0;0;0;0;0;0;0;0;0;0
FR;12;2021-10-08;0;0;0;0;0;0;0;0;0;0;0;0;0;0;0;0;0;0
FR;12;2021-10-09;0;0;0;0;0;0;0;0;0;0;0;0;0;0;0;0;0;0
FR;12;2021-10-10;0;0;0;0;0;0;0;0;0;0;0;0;0;0;0;0;0;0
FR;12;2021-10-11;0;0;0;0;0;0;0;0;0;0;0;0;0;0;0;0;0;0
FR;12;2021-10-12;0;0;0;0;0;0;0;0;0;0;0;0;0;0;0;0;0;0
FR;12;2021-10-13;0;0;0;0;0;0;0;0;0;0;0;0;0;0;0;0;0;0
FR;12;2021-10-14;0;0;0;0;0;0;0;0;0;0;0;0;0;0;0;0;0;0
FR;12;2021-10-15;0;0;0;0;0;0;0;0;0;0;0;0;0;0;0;0;0;0
FR;12;2021-10-16;0;0;0;0;0;0;0;0;0;0;0;0;0;0;0;0;0;0
FR;12;2021-10-17;0;0;0;0;0;0;0;0;0;0;0;0;0;0;0;0;0;0
FR;12;2021-10-18;0;0;0;0;0;0;0;0;0;0;0;0;0;0;0;0;0;0
FR;12;2021-10-19;0;0;0;0;0;0;0;0;0;0;0;0;0;0;0;0;0;0
FR;12;2021-10-20;0;0;0;0;0;0;0;0;0;0;0;0;0;0;0;0;0;0
FR;12;2021-10-21;0;0;0;0;0;0;0;0;0;0;0;0;0;0;0;0;0;0
FR;12;2021-10-22;0;0;0;0;0;0;0;0;0;0;0;0;0;0;0;0;0;0
FR;12;2021-10-23;0;0;0;0;0;0;0;0;0;0;0;0;0;0;0;0;0;0
FR;12;2021-10-24;0;0;0;0;0;0;0;0;0;0;0;0;0;0;0;0;0;0
FR;12;2021-10-25;0;0;0;0;0;0;0;0;0;0;0;0;0;0;0;0;0;0
FR;12;2021-10-26;0;0;0;0;0;0;0;0;0;0;0;0;0;0;0;0;0;0
FR;12;2021-10-27;0;0;0;0;0;0;0;0;0;0;0;0;0;0;0;0;0;0
FR;12;2021-10-28;0;0;0;0;0;0;0;0;0;0;0;0;0;0;0;0;0;0
FR;12;2021-10-29;0;0;0;0;0;0;0;0;0;0;0;0;0;0;0;0;0;0
FR;12;2021-10-30;0;0;0;0;0;0;0;0;0;0;0;0;0;0;0;0;0;0
FR;12;2021-10-31;0;0;0;0;0;0;0;0;0;0;0;0;0;0;0;0;0;0
FR;12;2021-11-01;0;0;0;0;0;0;0;0;0;0;0;0;0;0;0;0;0;0
FR;12;2021-11-02;0;0;0;0;0;0;0;0;0;0;0;0;0;0;0;0;0;0
FR;12;2021-11-03;0;0;0;0;0;0;0;0;0;0;0;0;0;0;0;0;0;0
FR;12;2021-11-04;0;0;0;0;0;0;0;0;0;0;0;0;0;0;0;0;0;0
FR;12;2021-11-05;0;0;0;0;0;0;0;0;0;0;0;0;0;0;0;0;0;0
FR;12;2021-11-06;0;0;0;0;0;0;0;0;0;0;0;0;0;0;0;0;0;0
FR;12;2021-11-07;0;0;0;0;0;0;0;0;0;0;0;0;0;0;0;0;0;0
FR;12;2021-11-08;0;0;0;0;0;0;0;0;0;0;0;0;0;0;0;0;0;0
FR;12;2021-11-09;0;0;0;0;0;0;0;0;0;0;0;0;0;0;0;0;0;0
FR;12;2021-11-10;0;0;0;0;0;0;0;0;0;0;0;0;0;0;0;0;0;0
FR;12;2021-11-11;0;0;0;0;0;0;0;0;0;0;0;0;0;0;0;0;0;0
FR;12;2021-11-12;0;0;0;0;0;0;0;0;0;0;0;0;0;0;0;0;0;0
FR;12;2021-11-13;0;0;0;0;0;0;0;0;0;0;0;0;0;0;0;0;0;0
FR;12;2021-11-14;0;0;0;0;0;0;0;0;0;0;0;0;0;0;0;0;0;0
FR;12;2021-11-15;0;0;0;0;0;0;0;0;0;0;0;0;0;0;0;0;0;0
FR;12;2021-11-16;0;0;0;0;0;0;0;0;0;0;0;0;0;0;0;0;0;0
FR;12;2021-11-17;0;0;0;0;0;0;0;0;0;0;0;0;0;0;0;0;0;0
FR;12;2021-11-18;0;0;0;0;0;0;0;0;0;0;0;0;0;0;0;0;0;0
FR;12;2021-11-19;0;0;0;0;0;0;0;0;0;0;0;0;0;0;0;0;0;0
FR;12;2021-11-20;0;0;0;0;0;0;0;0;0;0;0;0;0;0;0;0;0;0
FR;12;2021-11-21;0;0;0;0;0;0;0;0;0;0;0;0;0;0;0;0;0;0
FR;12;2021-11-22;0;0;0;0;0;0;0;0;0;0;0;0;0;0;0;0;0;0
FR;12;2021-11-23;0;0;0;0;0;0;0;0;0;0;0;0;0;0;0;0;0;0
FR;12;2021-11-24;0;0;0;0;0;0;0;0;0;0;0;0;0;0;0;0;0;0
FR;12;2021-11-25;0;0;0;0;0;0;0;0;0;0;0;0;0;0;0;0;0;0
FR;12;2021-11-26;0;0;0;0;0;0;0;0;0;0;0;0;0;0;0;0;0;0
FR;12;2021-11-27;0;0;0;0;0;0;0;0;0;0;0;0;0;0;0;0;0;0
FR;12;2021-11-28;0;0;0;0;0;0;0;0;0;0;0;0;0;0;0;0;0;0
FR;12;2021-11-29;0;0;0;0;0;0;0;0;0;0;0;0;0;0;0;0;0;0
FR;12;2021-11-30;0;0;0;0;0;0;0;0;0;0;0;0;0;0;0;0;0;0
FR;12;2021-12-01;0;0;0;0;0;0;0;0;0;0;0;0;0;0;0;0;0;0
FR;12;2021-12-02;0;0;0;0;0;0;0;0;0;0;0;0;0;0;0;0;0;0
FR;12;2021-12-03;0;0;0;0;0;0;0;0;0;0;0;0;0;0;0;0;0;0
FR;12;2021-12-04;0;0;0;0;0;0;0;0;0;0;0;0;0;0;0;0;0;0
FR;12;2021-12-05;0;0;0;0;0;0;0;0;0;0;0;0;0;0;0;0;0;0
FR;12;2021-12-06;0;0;0;0;0;0;0;0;0;0;0;0;0;0;0;0;0;0
FR;12;2021-12-07;0;0;0;0;0;0;0;0;0;0;0;0;0;0;0;0;0;0
FR;12;2021-12-08;0;0;0;0;0;0;0;0;0;0;0;0;0;0;0;0;0;0
FR;12;2021-12-09;0;0;0;0;0;0;0;0;0;0;0;0;0;0;0;0;0;0
FR;12;2021-12-10;0;0;0;0;0;0;0;0;0;0;0;0;0;0;0;0;0;0
FR;12;2021-12-11;0;0;0;0;0;0;0;0;0;0;0;0;0;0;0;0;0;0
FR;12;2021-12-12;0;0;0;0;0;0;0;0;0;0;0;0;0;0;0;0;0;0
FR;12;2021-12-13;0;0;0;0;0;0;0;0;0;0;0;0;0;0;0;0;0;0
FR;12;2021-12-14;0;0;0;0;0;0;0;0;0;0;0;0;0;0;0;0;0;0
FR;12;2021-12-15;0;0;0;0;0;0;0;0;0;0;0;0;0;0;0;0;0;0
FR;12;2021-12-16;0;0;0;0;0;0;0;0;0;0;0;0;0;0;0;0;0;0
FR;12;2021-12-17;0;0;0;0;0;0;0;0;0;0;0;0;0;0;0;0;0;0
FR;12;2021-12-18;0;0;0;0;0;0;0;0;0;0;0;0;0;0;0;0;0;0
FR;12;2021-12-19;0;0;0;0;0;0;0;0;0;0;0;0;0;0;0;0;0;0
FR;12;2021-12-20;0;0;0;0;0;0;0;0;0;0;0;0;0;0;0;0;0;0
FR;12;2021-12-21;0;0;0;0;0;0;0;0;0;0;0;0;0;0;0;0;0;0
FR;12;2021-12-22;0;0;0;0;0;0;0;0;0;0;0;0;0;0;0;0;0;0
FR;12;2021-12-23;0;0;0;0;0;0;0;0;0;0;0;0;0;0;0;0;0;0
FR;12;2021-12-24;0;0;0;0;0;0;0;0;0;0;0;0;0;0;0;0;0;0
FR;12;2021-12-25;0;0;0;0;0;0;0;0;0;0;0;0;0;0;0;0;0;0
FR;12;2021-12-26;0;0;0;0;0;0;0;0;0;0;0;0;0;0;0;0;0;0
FR;12;2021-12-27;0;0;0;0;0;0;0;0;0;0;0;0;0;0;0;0;0;0
FR;12;2021-12-28;0;0;0;0;0;0;0;0;0;0;0;0;0;0;0;0;0;0
FR;12;2021-12-29;0;0;0;0;0;0;0;0;0;0;0;0;0;0;0;0;0;0
FR;12;2021-12-30;0;0;0;0;0;0;0;0;0;0;0;0;0;0;0;0;0;0
FR;12;2021-12-31;0;0;0;0;0;0;0;0;0;0;0;0;0;0;0;0;0;0
FR;12;2022-01-01;0;0;0;0;0;0;0;0;0;0;0;0;0;0;0;0;0;0
FR;12;2022-01-02;0;0;0;0;0;0;0;0;0;0;0;0;0;0;0;0;0;0
FR;12;2022-01-03;0;0;0;0;0;0;0;0;0;0;0;0;0;0;0;0;0;0
FR;12;2022-01-04;0;0;0;0;0;0;0;0;0;0;0;0;0;0;0;0;0;0
FR;12;2022-01-05;0;0;0;0;0;0;0;0;0;0;0;0;0;0;0;0;0;0
FR;12;2022-01-06;0;0;0;0;0;0;0;0;0;0;0;0;0;0;0;0;0;0
FR;12;2022-01-07;0;0;0;0;0;0;0;0;0;0;0;0;0;0;0;0;0;0
FR;12;2022-01-08;0;0;0;0;0;0;0;0;0;0;0;0;0;0;0;0;0;0
FR;12;2022-01-09;0;0;0;0;0;0;0;0;0;0;0;0;0;0;0;0;0;0
FR;12;2022-01-10;0;0;0;0;0;0;0;0;0;0;0;0;0;0;0;0;0;0
FR;12;2022-01-11;0;0;0;0;0;0;0;0;0;0;0;0;0;0;0;0;0;0
FR;12;2022-01-12;0;0;0;0;0;0;0;0;0;0;0;0;0;0;0;0;0;0
FR;12;2022-01-13;0;0;0;0;0;0;0;0;0;0;0;0;0;0;0;0;0;0
FR;12;2022-01-14;0;0;0;0;0;0;0;0;0;0;0;0;0;0;0;0;0;0
FR;12;2022-01-15;0;0;0;0;0;0;0;0;0;0;0;0;0;0;0;0;0;0
FR;12;2022-01-16;0;0;0;0;0;0;0;0;0;0;0;0;0;0;0;0;0;0
FR;12;2022-01-17;0;0;0;0;0;0;0;0;0;0;0;0;0;0;0;0;0;0
FR;12;2022-01-18;0;0;0;0;0;0;0;0;0;0;0;0;0;0;0;0;0;0
FR;12;2022-01-19;0;0;0;0;0;0;0;0;0;0;0;0;0;0;0;0;0;0
FR;12;2022-01-20;0;0;0;0;0;0;0;0;0;0;0;0;0;0;0;0;0;0
FR;12;2022-01-21;0;0;0;0;0;0;0;0;0;0;0;0;0;0;0;0;0;0
FR;12;2022-01-22;0;0;0;0;0;0;0;0;0;0;0;0;0;0;0;0;0;0
FR;12;2022-01-23;0;0;0;0;0;0;0;0;0;0;0;0;0;0;0;0;0;0
FR;12;2022-01-24;0;0;0;0;0;0;0;0;0;0;0;0;0;0;0;0;0;0
FR;12;2022-01-25;0;0;0;0;0;0;0;0;0;0;0;0;0;0;0;0;0;0
FR;12;2022-01-26;0;0;0;0;0;0;0;0;0;0;0;0;0;0;0;0;0;0
FR;12;2022-01-27;0;0;0;0;0;0;0;0;0;0;0;0;0;0;0;0;0;0
FR;12;2022-01-28;0;0;0;0;0;0;0;0;0;0;0;0;0;0;0;0;0;0
FR;12;2022-01-29;0;0;0;0;0;0;0;0;0;0;0;0;0;0;0;0;0;0
FR;12;2022-01-30;0;0;0;0;0;0;0;0;0;0;0;0;0;0;0;0;0;0
FR;12;2022-01-31;0;0;0;0;0;0;0;0;0;0;0;0;0;0;0;0;0;0
FR;12;2022-02-01;0;0;0;0;0;0;0;0;0;0;0;0;0;0;0;0;0;0
FR;12;2022-02-02;0;0;0;0;0;0;0;0;0;0;0;0;0;0;0;0;0;0
FR;12;2022-02-03;0;0;0;0;0;0;0;0;0;0;0;0;0;0;0;0;0;0
FR;12;2022-02-04;0;0;0;0;0;0;0;0;0;0;0;0;0;0;0;0;0;0
FR;12;2022-02-05;0;0;0;0;0;0;0;0;0;0;0;0;0;0;0;0;0;0
FR;12;2022-02-06;0;0;0;0;0;0;0;0;0;0;0;0;0;0;0;0;0;0
FR;12;2022-02-07;0;0;0;0;0;0;0;0;0;0;0;0;0;0;0;0;0;0
FR;12;2022-02-08;0;0;0;0;0;0;0;0;0;0;0;0;0;0;0;0;0;0
FR;12;2022-02-09;0;0;0;0;0;0;0;0;0;0;0;0;0;0;0;0;0;0
FR;12;2022-02-10;0;0;0;0;0;0;0;0;0;0;0;0;0;0;0;0;0;0
FR;12;2022-02-11;0;0;0;0;0;0;0;0;0;0;0;0;0;0;0;0;0;0
FR;12;2022-02-12;0;0;0;0;0;0;0;0;0;0;0;0;0;0;0;0;0;0
FR;12;2022-02-13;0;0;0;0;0;0;0;0;0;0;0;0;0;0;0;0;0;0
FR;12;2022-02-14;0;0;0;0;0;0;0;0;0;0;0;0;0;0;0;0;0;0
FR;12;2022-02-15;0;0;0;0;0;0;0;0;0;0;0;0;0;0;0;0;0;0
FR;12;2022-02-16;0;0;0;0;0;0;0;0;0;0;0;0;0;0;0;0;0;0
FR;12;2022-02-17;0;0;0;0;0;0;0;0;0;0;0;0;0;0;0;0;0;0
FR;12;2022-02-18;0;0;0;0;0;0;0;0;0;0;0;0;0;0;0;0;0;0
FR;12;2022-02-19;0;0;0;0;0;0;0;0;0;0;0;0;0;0;0;0;0;0
FR;12;2022-02-20;0;0;0;0;0;0;0;0;0;0;0;0;0;0;0;0;0;0
FR;12;2022-02-21;0;0;0;0;0;0;0;0;0;0;0;0;0;0;0;0;0;0
FR;12;2022-02-22;0;0;0;0;0;0;0;0;0;0;0;0;0;0;0;0;0;0
FR;12;2022-02-23;0;0;0;0;0;0;0;0;0;0;0;0;0;0;0;0;0;0
FR;12;2022-02-24;0;0;0;0;0;0;0;0;0;0;0;0;0;0;0;0;0;0
FR;12;2022-02-25;0;0;0;0;0;0;0;0;0;0;0;0;0;0;0;0;0;0
FR;12;2022-02-26;0;0;0;0;0;0;0;0;0;0;0;0;0;0;0;0;0;0
FR;12;2022-02-27;0;0;0;0;0;0;0;0;0;0;0;0;0;0;0;0;0;0
FR;12;2022-02-28;0;0;0;0;0;0;0;0;0;0;0;0;0;0;0;0;0;0
FR;12;2022-03-01;0;0;0;0;0;0;0;0;0;0;0;0;0;0;0;0;0;0
FR;12;2022-03-02;0;0;0;0;0;0;0;0;0;0;0;0;0;0;0;0;0;0
FR;12;2022-03-03;0;0;0;0;0;0;0;0;0;0;0;0;0;0;0;0;0;0
FR;12;2022-03-04;0;0;0;0;0;0;0;0;0;0;0;0;0;0;0;0;0;0
FR;12;2022-03-05;0;0;0;0;0;0;0;0;0;0;0;0;0;0;0;0;0;0
FR;12;2022-03-06;0;0;0;0;0;0;0;0;0;0;0;0;0;0;0;0;0;0
FR;12;2022-03-07;0;0;0;0;0;0;0;0;0;0;0;0;0;0;0;0;0;0
FR;12;2022-03-08;0;0;0;0;0;0;0;0;0;0;0;0;0;0;0;0;0;0
FR;12;2022-03-09;0;0;0;0;0;0;0;0;0;0;0;0;0;0;0;0;0;0
FR;12;2022-03-10;0;0;0;0;0;0;0;0;0;0;0;0;0;0;0;0;0;0
FR;12;2022-03-11;0;0;0;0;0;0;0;0;0;0;0;0;0;0;0;0;0;0
FR;12;2022-03-12;0;0;0;0;0;0;0;0;0;0;0;0;0;0;0;0;0;0
FR;12;2022-03-13;0;0;0;0;0;0;0;0;0;0;0;0;0;0;0;0;0;0
FR;12;2022-03-14;0;0;0;0;0;0;0;0;0;0;0;0;0;0;0;0;0;0
FR;12;2022-03-15;0;0;0;0;0;0;0;0;0;0;0;0;0;0;0;0;0;0
FR;12;2022-03-16;0;0;0;0;0;0;0;0;0;0;0;0;0;0;0;0;0;0
FR;12;2022-03-17;0;0;0;0;0;0;0;0;0;0;0;0;0;0;0;0;0;0
FR;12;2022-03-18;0;0;0;0;0;0;0;0;0;0;0;0;0;0;0;0;0;0
FR;12;2022-03-19;0;0;0;0;0;0;0;0;0;0;0;0;0;0;0;0;0;0
FR;12;2022-03-20;0;0;0;0;0;0;0;0;0;0;0;0;0;0;0;0;0;0
FR;12;2022-03-21;0;0;0;0;0;0;0;0;0;0;0;0;0;0;0;0;0;0
FR;12;2022-03-22;0;0;0;0;0;0;0;0;0;0;0;0;0;0;0;0;0;0
FR;12;2022-03-23;0;0;0;0;0;0;0;0;0;0;0;0;0;0;0;0;0;0
FR;12;2022-03-24;0;0;0;0;0;0;0;0;0;0;0;0;0;0;0;0;0;0
FR;12;2022-03-25;0;0;0;0;0;0;0;0;0;0;0;0;0;0;0;0;0;0
FR;12;2022-03-26;0;0;0;0;0;0;0;0;0;0;0;0;0;0;0;0;0;0
FR;12;2022-03-27;0;0;0;0;0;0;0;0;0;0;0;0;0;0;0;0;0;0
FR;12;2022-03-28;0;0;0;0;0;0;0;0;0;0;0;0;0;0;0;0;0;0
FR;12;2022-03-29;0;0;0;0;0;0;0;0;0;0;0;0;0;0;0;0;0;0
FR;12;2022-03-30;0;0;0;0;0;0;0;0;0;0;0;0;0;0;0;0;0;0
FR;12;2022-03-31;0;0;0;0;0;0;0;0;0;0;0;0;0;0;0;0;0;0
FR;12;2022-04-01;0;0;0;0;0;0;0;0;0;0;0;0;0;0;0;0;0;0
FR;12;2022-04-02;0;0;0;0;0;0;0;0;0;0;0;0;0;0;0;0;0;0
FR;12;2022-04-03;0;0;0;0;0;0;0;0;0;0;0;0;0;0;0;0;0;0
FR;12;2022-04-04;0;0;0;0;0;0;0;0;0;0;0;0;0;0;0;0;0;0
FR;12;2022-04-05;0;0;0;0;0;0;0;0;0;0;0;0;0;0;0;0;0;0
FR;12;2022-04-06;0;0;0;0;0;0;0;0;0;0;0;0;0;0;0;0;0;0
FR;12;2022-04-07;0;0;0;0;0;0;0;0;0;0;0;0;0;0;0;0;0;0
FR;12;2022-04-08;0;0;0;0;0;0;0;0;0;0;0;0;0;0;0;0;0;0
FR;12;2022-04-09;0;0;0;0;0;0;0;0;0;0;0;0;0;0;0;0;0;0
FR;12;2022-04-10;0;0;0;0;0;0;0;0;0;0;0;0;0;0;0;0;0;0
FR;12;2022-04-11;0;0;0;0;0;0;0;0;0;0;0;0;0;0;0;0;0;0
FR;12;2022-04-12;0;0;0;0;0;0;0;0;0;0;0;0;0;0;0;0;0;0
FR;12;2022-04-13;0;0;0;0;0;0;0;0;0;0;0;0;0;0;0;0;0;0
FR;12;2022-04-14;0;0;0;0;0;0;0;0;0;0;0;0;0;0;0;0;0;0
FR;12;2022-04-15;0;0;0;0;0;0;0;0;0;0;0;0;0;0;0;0;0;0
FR;12;2022-04-16;0;0;0;0;0;0;0;0;0;0;0;0;0;0;0;0;0;0
FR;12;2022-04-17;0;0;0;0;0;0;0;0;0;0;0;0;0;0;0;0;0;0
FR;12;2022-04-18;0;0;0;0;0;0;0;0;0;0;0;0;0;0;0;0;0;0
FR;12;2022-04-19;0;0;0;0;0;0;0;0;0;0;0;0;0;0;0;0;0;0
FR;12;2022-04-20;0;0;0;0;0;0;0;0;0;0;0;0;0;0;0;0;0;0
FR;12;2022-04-21;0;0;0;0;0;0;0;0;0;0;0;0;0;0;0;0;0;0
FR;12;2022-04-22;0;0;0;0;0;0;0;0;0;0;0;0;0;0;0;0;0;0
FR;12;2022-04-23;0;0;0;0;0;0;0;0;0;0;0;0;0;0;0;0;0;0
FR;12;2022-04-24;0;0;0;0;0;0;0;0;0;0;0;0;0;0;0;0;0;0
FR;12;2022-04-25;0;0;0;0;0;0;0;0;0;0;0;0;0;0;0;0;0;0
FR;12;2022-04-26;0;0;0;0;0;0;0;0;0;0;0;0;0;0;0;0;0;0
FR;12;2022-04-27;0;0;0;0;0;0;0;0;0;0;0;0;0;0;0;0;0;0
FR;12;2022-04-28;0;0;0;0;0;0;0;0;0;0;0;0;0;0;0;0;0;0
FR;12;2022-04-29;0;0;0;0;0;0;0;0;0;0;0;0;0;0;0;0;0;0
FR;12;2022-04-30;0;0;0;0;0;0;0;0;0;0;0;0;0;0;0;0;0;0
FR;12;2022-05-01;0;0;0;0;0;0;0;0;0;0;0;0;0;0;0;0;0;0
FR;12;2022-05-02;0;0;0;0;0;0;0;0;0;0;0;0;0;0;0;0;0;0
FR;12;2022-05-03;0;0;0;0;0;0;0;0;0;0;0;0;0;0;0;0;0;0
FR;12;2022-05-04;0;0;0;0;0;0;0;0;0;0;0;0;0;0;0;0;0;0
FR;12;2022-05-05;0;0;0;0;0;0;0;0;0;0;0;0;0;0;0;0;0;0
FR;12;2022-05-06;0;0;0;0;0;0;0;0;0;0;0;0;0;0;0;0;0;0
FR;12;2022-05-07;0;0;0;0;0;0;0;0;0;0;0;0;0;0;0;0;0;0
FR;12;2022-05-08;0;0;0;0;0;0;0;0;0;0;0;0;0;0;0;0;0;0
FR;12;2022-05-09;0;0;0;0;0;0;0;0;0;0;0;0;0;0;0;0;0;0
FR;12;2022-05-10;0;0;0;0;0;0;0;0;0;0;0;0;0;0;0;0;0;0
FR;12;2022-05-11;0;0;0;0;0;0;0;0;0;0;0;0;0;0;0;0;0;0
FR;12;2022-05-12;0;0;0;0;0;0;0;0;0;0;0;0;0;0;0;0;0;0
FR;12;2022-05-13;0;0;0;0;0;0;0;0;0;0;0;0;0;0;0;0;0;0
FR;12;2022-05-14;0;0;0;0;0;0;0;0;0;0;0;0;0;0;0;0;0;0
FR;12;2022-05-15;0;0;0;0;0;0;0;0;0;0;0;0;0;0;0;0;0;0
FR;12;2022-05-16;0;0;0;0;0;0;0;0;0;0;0;0;0;0;0;0;0;0
FR;12;2022-05-17;0;0;0;0;0;0;0;0;0;0;0;0;0;0;0;0;0;0
FR;12;2022-05-18;0;0;0;0;0;0;0;0;0;0;0;0;0;0;0;0;0;0
FR;12;2022-05-19;0;0;0;0;0;0;0;0;0;0;0;0;0;0;0;0;0;0
FR;12;2022-05-20;0;0;0;0;0;0;0;0;0;0;0;0;0;0;0;0;0;0
FR;12;2022-05-21;0;0;0;0;0;0;0;0;0;0;0;0;0;0;0;0;0;0
FR;12;2022-05-22;0;0;0;0;0;0;0;0;0;0;0;0;0;0;0;0;0;0
FR;12;2022-05-23;0;0;0;0;0;0;0;0;0;0;0;0;0;0;0;0;0;0
FR;12;2022-05-24;0;0;0;0;0;0;0;0;0;0;0;0;0;0;0;0;0;0
FR;12;2022-05-25;0;0;0;0;0;0;0;0;0;0;0;0;0;0;0;0;0;0
FR;12;2022-05-26;0;0;0;0;0;0;0;0;0;0;0;0;0;0;0;0;0;0
FR;12;2022-05-27;0;0;0;0;0;0;0;0;0;0;0;0;0;0;0;0;0;0
FR;12;2022-05-28;0;0;0;0;0;0;0;0;0;0;0;0;0;0;0;0;0;0
FR;12;2022-05-29;0;0;0;0;0;0;0;0;0;0;0;0;0;0;0;0;0;0
FR;12;2022-05-30;0;0;0;0;0;0;0;0;0;0;0;0;0;0;0;0;0;0
FR;12;2022-05-31;0;0;0;0;0;0;0;0;0;0;0;0;0;0;0;0;0;0
FR;12;2022-06-01;0;0;0;0;0;0;0;0;0;0;0;0;0;0;0;0;0;0
FR;12;2022-06-02;0;0;0;0;0;0;0;0;0;0;0;0;0;0;0;0;0;0
FR;12;2022-06-03;0;0;0;0;0;0;0;0;0;0;0;0;0;0;0;0;0;0
FR;12;2022-06-04;0;0;0;0;0;0;0;0;0;0;0;0;0;0;0;0;0;0
FR;12;2022-06-05;0;0;0;0;0;0;0;0;0;0;0;0;0;0;0;0;0;0
FR;12;2022-06-06;0;0;0;0;0;0;0;0;0;0;0;0;0;0;0;0;0;0
FR;12;2022-06-07;0;0;0;0;0;0;0;0;0;0;0;0;0;0;0;0;0;0
FR;12;2022-06-08;0;0;0;0;0;0;0;0;0;0;0;0;0;0;0;0;0;0
FR;12;2022-06-09;0;0;0;0;0;0;0;0;0;0;0;0;0;0;0;0;0;0
FR;12;2022-06-10;0;0;0;0;0;0;0;0;0;0;0;0;0;0;0;0;0;0
FR;12;2022-06-11;0;0;0;0;0;0;0;0;0;0;0;0;0;0;0;0;0;0
FR;12;2022-06-12;0;0;0;0;0;0;0;0;0;0;0;0;0;0;0;0;0;0
FR;12;2022-06-13;0;0;0;0;0;0;0;0;0;0;0;0;0;0;0;0;0;0
FR;12;2022-06-14;0;0;0;0;0;0;0;0;0;0;0;0;0;0;0;0;0;0
FR;12;2022-06-15;0;0;0;0;0;0;0;0;0;0;0;0;0;0;0;0;0;0
FR;12;2022-06-16;0;0;0;0;0;0;0;0;0;0;0;0;0;0;0;0;0;0
FR;12;2022-06-17;0;0;0;0;0;0;0;0;0;0;0;0;0;0;0;0;0;0
FR;12;2022-06-18;0;0;0;0;0;0;0;0;0;0;0;0;0;0;0;0;0;0
FR;12;2022-06-19;0;0;0;0;0;0;0;0;0;0;0;0;0;0;0;0;0;0
FR;12;2022-06-20;0;0;0;0;0;0;0;0;0;0;0;0;0;0;0;0;0;0
FR;12;2022-06-21;0;0;0;0;0;0;0;0;0;0;0;0;0;0;0;0;0;0
FR;12;2022-06-22;0;0;0;0;0;0;0;0;0;0;0;0;0;0;0;0;0;0
FR;12;2022-06-23;0;0;0;0;0;0;0;0;0;0;0;0;0;0;0;0;0;0
FR;12;2022-06-24;0;0;0;0;0;0;0;0;0;0;0;0;0;0;0;0;0;0
FR;12;2022-06-25;0;0;0;0;0;0;0;0;0;0;0;0;0;0;0;0;0;0
FR;12;2022-06-26;0;0;0;0;0;0;0;0;0;0;0;0;0;0;0;0;0;0
FR;12;2022-06-27;0;0;0;0;0;0;0;0;0;0;0;0;0;0;0;0;0;0
FR;12;2022-06-28;0;0;0;0;0;0;0;0;0;0;0;0;0;0;0;0;0;0
FR;12;2022-06-29;0;0;0;0;0;0;0;0;0;0;0;0;0;0;0;0;0;0
FR;12;2022-06-30;0;0;0;0;0;0;0;0;0;0;0;0;0;0;0;0;0;0
FR;12;2022-07-01;0;0;0;0;0;0;0;0;0;0;0;0;0;0;0;0;0;0
FR;12;2022-07-02;0;0;0;0;0;0;0;0;0;0;0;0;0;0;0;0;0;0
FR;12;2022-07-03;0;0;0;0;0;0;0;0;0;0;0;0;0;0;0;0;0;0
FR;12;2022-07-04;0;0;0;0;0;0;0;0;0;0;0;0;0;0;0;0;0;0
FR;12;2022-07-05;0;0;0;0;0;0;0;0;0;0;0;0;0;0;0;0;0;0
FR;12;2022-07-06;0;0;0;0;0;0;0;0;0;0;0;0;0;0;0;0;0;0
FR;12;2022-07-07;0;0;0;0;0;0;0;0;0;0;0;0;0;0;0;0;0;0
FR;12;2022-07-08;0;0;0;0;0;0;0;0;0;0;0;0;0;0;0;0;0;0
FR;12;2022-07-09;0;0;0;0;0;0;0;0;0;0;0;0;0;0;0;0;0;0
FR;12;2022-07-10;0;0;0;0;0;0;0;0;0;0;0;0;0;0;0;0;0;0
FR;12;2022-07-11;0;0;0;0;0;0;0;0;0;0;0;0;0;0;0;0;0;0
FR;12;2022-07-12;0;0;0;0;0;0;0;0;0;0;0;0;0;0;0;0;0;0
FR;12;2022-07-13;0;0;0;0;0;0;0;0;0;0;0;0;0;0;0;0;0;0
FR;12;2022-07-14;0;0;0;0;0;0;0;0;0;0;0;0;0;0;0;0;0;0
FR;12;2022-07-15;0;0;0;0;0;0;0;0;0;0;0;0;0;0;0;0;0;0
FR;12;2022-07-16;0;0;0;0;0;0;0;0;0;0;0;0;0;0;0;0;0;0
FR;12;2022-07-17;0;0;0;0;0;0;0;0;0;0;0;0;0;0;0;0;0;0
FR;12;2022-07-18;0;0;0;0;0;0;0;0;0;0;0;0;0;0;0;0;0;0
FR;12;2022-07-19;0;0;0;0;0;0;0;0;0;0;0;0;0;0;0;0;0;0
FR;12;2022-07-20;0;0;0;0;0;0;0;0;0;0;0;0;0;0;0;0;0;0
FR;12;2022-07-21;0;0;0;0;0;0;0;0;0;0;0;0;0;0;0;0;0;0
FR;12;2022-07-22;0;0;0;0;0;0;0;0;0;0;0;0;0;0;0;0;0;0
FR;12;2022-07-23;0;0;0;0;0;0;0;0;0;0;0;0;0;0;0;0;0;0
FR;12;2022-07-24;0;0;0;0;0;0;0;0;0;0;0;0;0;0;0;0;0;0
FR;12;2022-07-25;0;0;0;0;0;0;0;0;0;0;0;0;0;0;0;0;0;0
FR;12;2022-07-26;0;0;0;0;0;0;0;0;0;0;0;0;0;0;0;0;0;0
FR;12;2022-07-27;0;0;0;0;0;0;0;0;0;0;0;0;0;0;0;0;0;0
FR;12;2022-07-28;0;0;0;0;0;0;0;0;0;0;0;0;0;0;0;0;0;0
FR;12;2022-07-29;0;0;0;0;0;0;0;0;0;0;0;0;0;0;0;0;0;0
FR;12;2022-07-30;0;0;0;0;0;0;0;0;0;0;0;0;0;0;0;0;0;0
FR;12;2022-07-31;0;0;0;0;0;0;0;0;0;0;0;0;0;0;0;0;0;0
FR;12;2022-08-01;0;0;0;0;0;0;0;0;0;0;0;0;0;0;0;0;0;0
FR;12;2022-08-02;0;0;0;0;0;0;0;0;0;0;0;0;0;0;0;0;0;0
FR;12;2022-08-03;0;0;0;0;0;0;0;0;0;0;0;0;0;0;0;0;0;0
FR;12;2022-08-04;0;0;0;0;0;0;0;0;0;0;0;0;0;0;0;0;0;0
FR;12;2022-08-05;0;0;0;0;0;0;0;0;0;0;0;0;0;0;0;0;0;0
FR;12;2022-08-06;0;0;0;0;0;0;0;0;0;0;0;0;0;0;0;0;0;0
FR;12;2022-08-07;0;0;0;0;0;0;0;0;0;0;0;0;0;0;0;0;0;0
FR;12;2022-08-08;0;0;0;0;0;0;0;0;0;0;0;0;0;0;0;0;0;0
FR;12;2022-08-09;0;0;0;0;0;0;0;0;0;0;0;0;0;0;0;0;0;0
FR;12;2022-08-10;0;0;0;0;0;0;0;0;0;0;0;0;0;0;0;0;0;0
FR;12;2022-08-11;0;0;0;0;0;0;0;0;0;0;0;0;0;0;0;0;0;0
FR;12;2022-08-12;0;0;0;0;0;0;0;0;0;0;0;0;0;0;0;0;0;0
FR;12;2022-08-13;0;0;0;0;0;0;0;0;0;0;0;0;0;0;0;0;0;0
FR;12;2022-08-14;0;0;0;0;0;0;0;0;0;0;0;0;0;0;0;0;0;0
FR;12;2022-08-15;0;0;0;0;0;0;0;0;0;0;0;0;0;0;0;0;0;0
FR;12;2022-08-16;0;0;0;0;0;0;0;0;0;0;0;0;0;0;0;0;0;0
FR;12;2022-08-17;0;0;0;0;0;0;0;0;0;0;0;0;0;0;0;0;0;0
FR;12;2022-08-18;0;0;0;0;0;0;0;0;0;0;0;0;0;0;0;0;0;0
FR;12;2022-08-19;0;0;0;0;0;0;0;0;0;0;0;0;0;0;0;0;0;0
FR;12;2022-08-20;0;0;0;0;0;0;0;0;0;0;0;0;0;0;0;0;0;0
FR;12;2022-08-21;0;0;0;0;0;0;0;0;0;0;0;0;0;0;0;0;0;0
FR;12;2022-08-22;0;0;0;0;0;0;0;0;0;0;0;0;0;0;0;0;0;0
FR;12;2022-08-23;0;0;0;0;0;0;0;0;0;0;0;0;0;0;0;0;0;0
FR;12;2022-08-24;0;0;0;0;0;0;0;0;0;0;0;0;0;0;0;0;0;0
FR;12;2022-08-25;0;0;0;0;0;0;0;0;0;0;0;0;0;0;0;0;0;0
FR;12;2022-08-26;0;0;0;0;0;0;0;0;0;0;0;0;0;0;0;0;0;0
FR;12;2022-08-27;0;0;0;0;0;0;0;0;0;0;0;0;0;0;0;0;0;0
FR;12;2022-08-28;0;0;0;0;0;0;0;0;0;0;0;0;0;0;0;0;0;0
FR;12;2022-08-29;0;0;0;0;0;0;0;0;0;0;0;0;0;0;0;0;0;0
FR;12;2022-08-30;0;0;0;0;0;0;0;0;0;0;0;0;0;0;0;0;0;0
FR;12;2022-08-31;0;0;0;0;0;0;0;0;0;0;0;0;0;0;0;0;0;0
FR;12;2022-09-01;0;0;0;0;0;0;0;0;0;0;0;0;0;0;0;0;0;0
FR;12;2022-09-02;0;0;0;0;0;0;0;0;0;0;0;0;0;0;0;0;0;0
FR;12;2022-09-03;0;0;0;0;0;0;0;0;0;0;0;0;0;0;0;0;0;0
FR;12;2022-09-04;0;0;0;0;0;0;0;0;0;0;0;0;0;0;0;0;0;0
FR;12;2022-09-05;0;0;0;0;0;0;0;0;0;0;0;0;0;0;0;0;0;0
FR;12;2022-09-06;0;0;0;0;0;0;0;0;0;0;0;0;0;0;0;0;0;0
FR;12;2022-09-07;0;0;0;0;0;0;0;0;0;0;0;0;0;0;0;0;0;0
FR;12;2022-09-08;0;0;0;0;0;0;0;0;0;0;0;0;0;0;0;0;0;0
FR;12;2022-09-09;0;0;0;0;0;0;0;0;0;0;0;0;0;0;0;0;0;0
FR;12;2022-09-10;0;0;0;0;0;0;0;0;0;0;0;0;0;0;0;0;0;0
FR;12;2022-09-11;0;0;0;0;0;0;0;0;0;0;0;0;0;0;0;0;0;0
FR;12;2022-09-12;0;0;0;0;0;0;0;0;0;0;0;0;0;0;0;0;0;0
FR;12;2022-09-13;0;0;0;0;0;0;0;0;0;0;0;0;0;0;0;0;0;0
FR;12;2022-09-14;0;0;0;0;0;0;0;0;0;0;0;0;0;0;0;0;0;0
FR;12;2022-09-15;0;0;0;0;0;0;0;0;0;0;0;0;0;0;0;0;0;0
FR;12;2022-09-16;0;0;0;0;0;0;0;0;0;0;0;0;0;0;0;0;0;0
FR;12;2022-09-17;0;0;0;0;0;0;0;0;0;0;0;0;0;0;0;0;0;0
FR;12;2022-09-18;0;0;0;0;0;0;0;0;0;0;0;0;0;0;0;0;0;0
FR;12;2022-09-19;0;0;0;0;0;0;0;0;0;0;0;0;0;0;0;0;0;0
FR;12;2022-09-20;0;0;0;0;0;0;0;0;0;0;0;0;0;0;0;0;0;0
FR;12;2022-09-21;0;0;0;0;0;0;0;0;0;0;0;0;0;0;0;0;0;0
FR;12;2022-09-22;0;0;0;0;0;0;0;0;0;0;0;0;0;0;0;0;0;0
FR;12;2022-09-23;0;0;0;0;0;0;0;0;0;0;0;0;0;0;0;0;0;0
FR;12;2022-09-24;0;0;0;0;0;0;0;0;0;0;0;0;0;0;0;0;0;0
FR;12;2022-09-25;0;0;0;0;0;0;0;0;0;0;0;0;0;0;0;0;0;0
FR;12;2022-09-26;0;0;0;0;0;0;0;0;0;0;0;0;0;0;0;0;0;0
FR;12;2022-09-27;0;0;0;0;0;0;0;0;0;0;0;0;0;0;0;0;0;0
FR;12;2022-09-28;0;0;0;0;0;0;0;0;0;0;0;0;0;0;0;0;0;0
FR;12;2022-09-29;0;0;0;0;0;0;0;0;0;0;0;0;0;0;0;0;0;0
FR;12;2022-09-30;0;0;0;0;0;0;0;0;0;0;0;0;0;0;0;0;0;0
FR;12;2022-10-01;0;0;0;0;0;0;0;0;0;0;0;0;0;0;0;0;0;0
FR;12;2022-10-02;0;0;0;0;0;0;0;0;0;0;0;0;0;0;0;0;0;0
FR;12;2022-10-03;0;0;0;0;0;0;0;0;0;0;0;0;0;0;0;0;0;0
FR;12;2022-10-04;0;0;0;0;0;0;0;0;0;0;0;0;0;0;0;0;0;0
FR;12;2022-10-05;0;0;0;0;0;0;0;0;0;0;0;0;0;0;0;0;0;0
FR;12;2022-10-06;0;0;0;0;0;0;0;0;0;0;0;0;0;0;0;0;0;0
FR;12;2022-10-07;0;0;0;0;0;0;0;0;0;0;0;0;0;0;0;0;0;0
FR;12;2022-10-08;0;0;0;0;0;0;0;0;0;0;0;0;0;0;0;0;0;0
FR;12;2022-10-09;0;0;0;0;0;0;0;0;0;0;0;0;0;0;0;0;0;0
FR;12;2022-10-10;0;0;0;0;0;0;0;0;0;0;0;0;0;0;0;0;0;0
FR;12;2022-10-11;0;0;0;0;0;0;0;0;0;0;0;0;0;0;0;0;0;0
FR;12;2022-10-12;0;0;0;0;0;0;0;0;0;0;0;0;0;0;0;0;0;0
FR;12;2022-10-13;0;0;0;0;0;0;0;0;0;0;0;0;0;0;0;0;0;0
FR;12;2022-10-14;0;0;0;0;0;0;0;0;0;0;0;0;0;0;0;0;0;0
FR;12;2022-10-15;0;0;0;0;0;0;0;0;0;0;0;0;0;0;0;0;0;0
FR;12;2022-10-16;0;0;0;0;0;0;0;0;0;0;0;0;0;0;0;0;0;0
FR;12;2022-10-17;0;0;0;0;0;0;0;0;0;0;0;0;0;0;0;0;0;0
FR;12;2022-10-18;0;0;0;0;0;0;0;0;0;0;0;0;0;0;0;0;0;0
FR;12;2022-10-19;0;0;0;0;0;0;0;0;0;0;0;0;0;0;0;0;0;0
FR;12;2022-10-20;0;0;0;0;0;0;0;0;0;0;0;0;0;0;0;0;0;0
FR;12;2022-10-21;0;0;0;0;0;0;0;0;0;0;0;0;0;0;0;0;0;0
FR;12;2022-10-22;0;0;0;0;0;0;0;0;0;0;0;0;0;0;0;0;0;0
FR;12;2022-10-23;0;0;0;0;0;0;0;0;0;0;0;0;0;0;0;0;0;0
FR;12;2022-10-24;0;0;0;0;0;0;0;0;0;0;0;0;0;0;0;0;0;0
FR;12;2022-10-25;0;0;0;0;0;0;0;0;0;0;0;0;0;0;0;0;0;0
FR;12;2022-10-26;0;0;0;0;0;0;0;0;0;0;0;0;0;0;0;0;0;0
FR;12;2022-10-27;0;0;0;0;0;0;0;0;0;0;0;0;0;0;0;0;0;0
FR;12;2022-10-28;0;0;0;0;0;0;0;0;0;0;0;0;0;0;0;0;0;0
FR;12;2022-10-29;0;0;0;0;0;0;0;0;0;0;0;0;0;0;0;0;0;0
FR;12;2022-10-30;0;0;0;0;0;0;0;0;0;0;0;0;0;0;0;0;0;0
FR;12;2022-10-31;0;0;0;0;0;0;0;0;0;0;0;0;0;0;0;0;0;0
FR;12;2022-11-01;0;0;0;0;0;0;0;0;0;0;0;0;0;0;0;0;0;0
FR;12;2022-11-02;0;0;0;0;0;0;0;0;0;0;0;0;0;0;0;0;0;0
FR;12;2022-11-03;0;0;0;0;0;0;0;0;0;0;0;0;0;0;0;0;0;0
FR;12;2022-11-04;0;0;0;0;0;0;0;0;0;0;0;0;0;0;0;0;0;0
FR;12;2022-11-05;0;0;0;0;0;0;0;0;0;0;0;0;0;0;0;0;0;0
FR;12;2022-11-06;0;0;0;0;0;0;0;0;0;0;0;0;0;0;0;0;0;0
FR;12;2022-11-07;0;0;0;0;0;0;0;0;0;0;0;0;0;0;0;0;0;0
FR;12;2022-11-08;0;0;0;0;0;0;0;0;0;0;0;0;0;0;0;0;0;0
FR;12;2022-11-09;0;0;0;0;0;0;0;0;0;0;0;0;0;0;0;0;0;0
FR;12;2022-11-10;0;0;0;0;0;0;0;0;0;0;0;0;0;0;0;0;0;0
FR;12;2022-11-11;0;0;0;0;0;0;0;0;0;0;0;0;0;0;0;0;0;0
FR;12;2022-11-12;0;0;0;0;0;0;0;0;0;0;0;0;0;0;0;0;0;0
FR;12;2022-11-13;0;0;0;0;0;0;0;0;0;0;0;0;0;0;0;0;0;0
FR;12;2022-11-14;0;0;0;0;0;0;0;0;0;0;0;0;0;0;0;0;0;0
FR;12;2022-11-15;0;0;0;0;0;0;0;0;0;0;0;0;0;0;0;0;0;0
FR;12;2022-11-16;0;0;0;0;0;0;0;0;0;0;0;0;0;0;0;0;0;0
FR;12;2022-11-17;0;0;0;0;0;0;0;0;0;0;0;0;0;0;0;0;0;0
FR;12;2022-11-18;0;0;0;0;0;0;0;0;0;0;0;0;0;0;0;0;0;0
FR;12;2022-11-19;0;0;0;0;0;0;0;0;0;0;0;0;0;0;0;0;0;0
FR;12;2022-11-20;0;0;0;0;0;0;0;0;0;0;0;0;0;0;0;0;0;0
FR;12;2022-11-21;0;0;0;0;0;0;0;0;0;0;0;0;0;0;0;0;0;0
FR;12;2022-11-22;0;0;0;0;0;0;0;0;0;0;0;0;0;0;0;0;0;0
FR;12;2022-11-23;0;0;0;0;0;0;0;0;0;0;0;0;0;0;0;0;0;0
FR;12;2022-11-24;0;0;0;0;0;0;0;0;0;0;0;0;0;0;0;0;0;0
FR;12;2022-11-25;0;0;0;0;0;0;0;0;0;0;0;0;0;0;0;0;0;0
FR;12;2022-11-26;0;0;0;0;0;0;0;0;0;0;0;0;0;0;0;0;0;0
FR;12;2022-11-27;0;0;0;0;0;0;0;0;0;0;0;0;0;0;0;0;0;0
FR;12;2022-11-28;0;0;0;0;0;0;0;0;0;0;0;0;0;0;0;0;0;0
FR;12;2022-11-29;0;0;0;0;0;0;0;0;0;0;0;0;0;0;0;0;0;0
FR;12;2022-11-30;0;0;0;0;0;0;0;0;0;0;0;0;0;0;0;0;0;0
FR;12;2022-12-01;0;0;0;0;0;0;0;0;0;0;0;0;0;0;0;0;0;0
FR;12;2022-12-02;0;0;0;0;0;0;0;0;0;0;0;0;0;0;0;0;0;0
FR;12;2022-12-03;0;0;0;0;0;0;0;0;0;0;0;0;0;0;0;0;0;0
FR;12;2022-12-04;0;0;0;0;0;0;0;0;0;0;0;0;0;0;0;0;0;0
FR;12;2022-12-05;0;0;0;0;0;0;0;0;0;0;0;0;0;0;0;0;0;0
FR;12;2022-12-06;0;0;0;0;0;0;0;0;0;0;0;0;0;0;0;0;0;0
FR;12;2022-12-07;0;0;0;0;0;0;0;0;0;0;0;0;0;0;0;0;0;0
FR;12;2022-12-08;0;0;0;0;0;0;0;0;0;0;0;0;0;0;0;0;0;0
FR;12;2022-12-09;0;0;0;0;0;0;0;0;0;0;0;0;0;0;0;0;0;0
FR;12;2022-12-10;0;0;0;0;0;0;0;0;0;0;0;0;0;0;0;0;0;0
FR;12;2022-12-11;0;0;0;0;0;0;0;0;0;0;0;0;0;0;0;0;0;0
FR;12;2022-12-12;0;0;0;0;0;0;0;0;0;0;0;0;0;0;0;0;0;0
FR;12;2022-12-13;0;0;0;0;0;0;0;0;0;0;0;0;0;0;0;0;0;0
FR;12;2022-12-14;0;0;0;0;0;0;0;0;0;0;0;0;0;0;0;0;0;0
FR;12;2022-12-15;0;0;0;0;0;0;0;0;0;0;0;0;0;0;0;0;0;0
FR;12;2022-12-16;0;0;0;0;0;0;0;0;0;0;0;0;0;0;0;0;0;0
FR;12;2022-12-17;0;0;0;0;0;0;0;0;0;0;0;0;0;0;0;0;0;0
FR;12;2022-12-18;0;0;0;0;0;0;0;0;0;0;0;0;0;0;0;0;0;0
FR;12;2022-12-19;0;0;0;0;0;0;0;0;0;0;0;0;0;0;0;0;0;0
FR;12;2022-12-20;0;0;0;0;0;0;0;0;0;0;0;0;0;0;0;0;0;0
FR;12;2022-12-21;0;0;0;0;0;0;0;0;0;0;0;0;0;0;0;0;0;0
FR;12;2022-12-22;0;0;0;0;0;0;0;0;0;0;0;0;0;0;0;0;0;0
FR;12;2022-12-23;0;0;0;0;0;0;0;0;0;0;0;0;0;0;0;0;0;0
FR;12;2022-12-24;0;0;0;0;0;0;0;0;0;0;0;0;0;0;0;0;0;0
FR;12;2022-12-25;0;0;0;0;0;0;0;0;0;0;0;0;0;0;0;0;0;0
FR;12;2022-12-26;0;0;0;0;0;0;0;0;0;0;0;0;0;0;0;0;0;0
FR;12;2022-12-27;0;0;0;0;0;0;0;0;0;0;0;0;0;0;0;0;0;0
FR;12;2022-12-28;0;0;0;0;0;0;0;0;0;0;0;0;0;0;0;0;0;0
FR;12;2022-12-29;0;0;0;0;0;0;0;0;0;0;0;0;0;0;0;0;0;0
FR;12;2022-12-30;0;0;0;0;0;0;0;0;0;0;0;0;0;0;0;0;0;0
FR;12;2022-12-31;0;0;0;0;0;0;0;0;0;0;0;0;0;0;0;0;0;0
FR;12;2023-01-01;0;0;0;0;0;0;0;0;0;0;0;0;0;0;0;0;0;0
FR;12;2023-01-02;0;0;0;0;0;0;0;0;0;0;0;0;0;0;0;0;0;0
FR;12;2023-01-03;0;0;0;0;0;0;0;0;0;0;0;0;0;0;0;0;0;0
FR;12;2023-01-04;0;0;0;0;0;0;0;0;0;0;0;0;0;0;0;0;0;0
FR;12;2023-01-05;0;0;0;0;0;0;0;0;0;0;0;0;0;0;0;0;0;0
FR;12;2023-01-06;0;0;0;0;0;0;0;0;0;0;0;0;0;0;0;0;0;0
FR;12;2023-01-07;0;0;0;0;0;0;0;0;0;0;0;0;0;0;0;0;0;0
FR;12;2023-01-08;0;0;0;0;0;0;0;0;0;0;0;0;0;0;0;0;0;0
FR;12;2023-01-09;0;0;0;0;0;0;0;0;0;0;0;0;0;0;0;0;0;0
FR;12;2023-01-10;0;0;0;0;0;0;0;0;0;0;0;0;0;0;0;0;0;0
FR;12;2023-01-11;0;0;0;0;0;0;0;0;0;0;0;0;0;0;0;0;0;0
FR;12;2023-01-12;0;0;0;0;0;0;0;0;0;0;0;0;0;0;0;0;0;0
FR;12;2023-01-13;0;0;0;0;0;0;0;0;0;0;0;0;0;0;0;0;0;0
FR;12;2023-01-14;0;0;0;0;0;0;0;0;0;0;0;0;0;0;0;0;0;0
FR;12;2023-01-15;0;0;0;0;0;0;0;0;0;0;0;0;0;0;0;0;0;0
FR;12;2023-01-16;0;0;0;0;0;0;0;0;0;0;0;0;0;0;0;0;0;0
FR;12;2023-01-17;0;0;0;0;0;0;0;0;0;0;0;0;0;0;0;0;0;0
FR;12;2023-01-18;0;0;0;0;0;0;0;0;0;0;0;0;0;0;0;0;0;0
FR;12;2023-01-19;0;0;0;0;0;0;0;0;0;0;0;0;0;0;0;0;0;0
FR;12;2023-01-20;0;0;0;0;0;0;0;0;0;0;0;0;0;0;0;0;0;0
FR;12;2023-01-21;0;0;0;0;0;0;0;0;0;0;0;0;0;0;0;0;0;0
FR;12;2023-01-22;0;0;0;0;0;0;0;0;0;0;0;0;0;0;0;0;0;0
FR;12;2023-01-23;0;0;0;0;0;0;0;0;0;0;0;0;0;0;0;0;0;0
FR;12;2023-01-24;0;0;0;0;0;0;0;0;0;0;0;0;0;0;0;0;0;0
FR;12;2023-01-25;0;0;0;0;0;0;0;0;0;0;0;0;0;0;0;0;0;0
FR;12;2023-01-26;0;0;0;0;0;0;0;0;0;0;0;0;0;0;0;0;0;0
FR;12;2023-01-27;0;0;0;0;0;0;0;0;0;0;0;0;0;0;0;0;0;0
FR;12;2023-01-28;0;0;0;0;0;0;0;0;0;0;0;0;0;0;0;0;0;0
FR;12;2023-01-29;0;0;0;0;0;0;0;0;0;0;0;0;0;0;0;0;0;0
FR;12;2023-01-30;0;0;0;0;0;0;0;0;0;0;0;0;0;0;0;0;0;0
FR;12;2023-01-31;0;0;0;0;0;0;0;0;0;0;0;0;0;0;0;0;0;0
FR;12;2023-02-01;0;0;0;0;0;0;0;0;0;0;0;0;0;0;0;0;0;0
FR;12;2023-02-02;0;0;0;1;0;0;0;2;2;0;0;0;1;0;0;0;2;2
FR;12;2023-02-03;0;1;6;57;0;4;58;141;77;0;1;6;58;0;4;58;143;79
FR;12;2023-02-04;1;3;6;51;1;5;52;110;52;1;4;12;109;1;9;110;253;131
FR;12;2023-02-05;0;0;0;0;0;0;0;1;1;1;4;12;109;1;9;110;254;132
FR;12;2023-02-06;3;2;13;63;0;11;69;154;69;4;6;25;172;1;20;179;408;201
FR;12;2023-02-07;2;7;18;95;4;13;98;237;121;6;13;43;267;5;33;277;645;322
FR;12;2023-02-08;1;3;10;62;1;10;69;170;89;7;16;53;329;6;43;346;815;411
FR;12;2023-02-09;5;3;12;75;2;13;78;284;190;12;19;65;404;8;56;424;1099;601
FR;12;2023-02-10;4;2;22;140;4;12;150;327;162;16;21;87;544;12;68;574;1426;763
FR;12;2023-02-11;0;2;8;59;1;3;58;123;60;16;23;95;603;13;71;632;1549;823
FR;12;2023-02-12;0;0;0;3;0;0;3;7;3;16;23;95;606;13;71;635;1556;826
FR;12;2023-02-13;0;0;17;78;0;8;85;217;114;16;23;112;684;13;79;720;1773;940
FR;12;2023-02-14;3;5;17;96;5;14;99;229;108;19;28;129;780;18;93;819;2002;1048
FR;12;2023-02-15;3;5;19;85;0;13;86;236;132;22;33;148;865;18;106;905;2238;1180
FR;12;2023-02-16;5;3;16;107;3;13;103;247;129;27;36;164;972;21;119;1008;2485;1309
FR;12;2023-02-17;2;4;12;115;3;11;110;280;153;29;40;176;1087;24;130;1118;2765;1462
FR;12;2023-02-18;1;4;10;51;2;12;52;102;36;30;44;186;1138;26;142;1170;2867;1498
FR;12;2023-02-19;0;0;0;2;0;0;1;2;1;30;44;186;1140;26;142;1171;2869;1499
FR;12;2023-02-20;10;2;11;65;6;11;69;219;132;40;46;197;1205;32;153;1240;3088;1631
FR;12;2023-02-21;6;6;19;98;4;14;94;280;167;46;52;216;1303;36;167;1334;3368;1798
FR;12;2023-02-22;2;4;19;74;2;20;78;231;125;48;56;235;1377;38;187;1412;3599;1923
FR;12;2023-02-23;4;3;20;88;2;16;87;265;155;52;59;255;1465;40;203;1499;3864;2078
FR;12;2023-02-24;3;7;20;135;3;17;142;360;189;55;66;275;1600;43;220;1641;4224;2267
FR;12;2023-02-25;7;1;19;92;1;10;106;200;77;62;67;294;1692;44;230;1747;4424;2344
FR;12;2023-02-26;0;0;0;0;0;0;0;2;2;62;67;294;1692;44;230;1747;4426;2346
FR;12;2023-02-27;6;10;20;92;8;16;95;270;156;68;77;314;1784;52;246;1842;4696;2502
FR;12;2023-02-28;6;9;21;125;0;23;128;385;227;74;86;335;1909;52;269;1970;5081;2729
FR;12;2023-03-01;3;7;23;78;2;18;91;292;175;77;93;358;1987;54;287;2061;5373;2904
FR;12;2023-03-02;9;9;21;110;6;18;117;304;163;86;102;379;2097;60;305;2178;5677;3067
FR;12;2023-03-03;10;8;45;142;7;39;148;418;220;96;110;424;2239;67;344;2326;6095;3287
FR;12;2023-03-04;3;2;12;55;0;10;53;119;49;99;112;436;2294;67;354;2379;6214;3336
FR;12;2023-03-05;0;1;1;2;1;1;2;8;5;99;113;437;2296;68;355;2381;6222;3341
FR;12;2023-03-06;4;5;27;74;2;20;82;268;157;103;118;464;2370;70;375;2463;6490;3498
FR;12;2023-03-07;6;10;29;130;9;24;132;356;191;109;128;493;2500;79;399;2595;6846;3689
FR;12;2023-03-08;4;7;27;71;5;22;77;249;137;113;135;520;2571;84;421;2672;7095;3826
FR;12;2023-03-09;4;8;18;91;4;22;85;323;197;117;143;538;2662;88;443;2757;7418;4023
FR;12;2023-03-10;11;7;23;137;9;23;133;368;209;128;150;561;2799;97;466;2890;7786;4232
FR;12;2023-03-11;1;4;15;45;4;9;50;132;72;129;154;576;2844;101;475;2940;7918;4304
FR;12;2023-03-12;0;2;0;2;0;2;1;5;2;129;156;576;2846;101;477;2941;7923;4306
FR;12;2023-03-13;3;4;32;102;1;28;104;296;157;132;160;608;2948;102;505;3045;8219;4463
FR;12;2023-03-14;3;7;16;85;2;15;83;322;210;135;167;624;3033;104;520;3128;8541;4673
FR;12;2023-03-15;1;4;20;66;2;19;69;225;124;136;171;644;3099;106;539;3197;8766;4797
FR;12;2023-03-16;5;5;20;100;5;13;116;300;157;141;176;664;3199;111;552;3313;9066;4954
FR;12;2023-03-17;4;11;30;112;4;28;113;388;224;145;187;694;3311;115;580;3426;9454;5178
FR;12;2023-03-18;1;4;21;53;4;17;59;144;64;146;191;715;3364;119;597;3485;9598;5242
FR;12;2023-03-19;0;0;0;6;0;0;5;10;5;146;191;715;3370;119;597;3490;9608;5247
FR;12;2023-03-20;9;8;27;87;7;23;90;258;134;155;199;742;3457;126;620;3580;9866;5381
FR;12;2023-03-21;2;7;42;81;3;36;93;355;209;157;206;784;3538;129;656;3673;10221;5590
FR;12;2023-03-22;6;4;36;50;5;29;58;241;139;163;210;820;3588;134;685;3731;10462;5729
FR;12;2023-03-23;3;8;26;80;5;25;82;264;147;166;218;846;3668;139;710;3813;10726;5876
FR;12;2023-03-24;6;2;25;99;3;22;109;347;203;172;220;871;3767;142;732;3922;11073;6079
FR;12;2023-03-25;7;8;25;61;3;14;75;162;62;179;228;896;3828;145;746;3997;11235;6141
FR;12;2023-03-26;0;1;0;1;1;0;1;7;6;179;229;896;3829;146;746;3998;11242;6147
FR;12;2023-03-27;5;10;28;77;7;23;85;283;159;184;239;924;3906;153;769;4083;11525;6306
FR;12;2023-03-28;2;5;29;95;2;25;91;344;207;186;244;953;4001;155;794;4174;11869;6513
FR;12;2023-03-29;4;8;18;52;5;20;56;201;105;190;252;971;4053;160;814;4230;12070;6618
FR;12;2023-03-30;9;2;27;65;4;19;81;281;168;199;254;998;4118;164;833;4311;12351;6786
FR;12;2023-03-31;4;14;41;120;4;39;126;421;231;203;268;1039;4238;168;872;4437;12772;7017
FR;12;2023-04-01;1;8;17;44;4;13;48;139;63;204;276;1056;4282;172;885;4485;12911;7080
FR;12;2023-04-02;0;1;1;0;0;2;0;5;3;204;277;1057;4282;172;887;4485;12916;7083
FR;12;2023-04-03;5;3;35;90;3;18;112;300;159;209;280;1092;4372;175;905;4597;13216;7242
FR;12;2023-04-04;4;7;22;85;0;26;87;383;247;213;287;1114;4457;175;931;4684;13599;7489
FR;12;2023-04-05;4;9;21;60;5;23;57;229;136;217;296;1135;4517;180;954;4741;13828;7625
FR;12;2023-04-06;10;8;25;57;3;23;67;280;164;227;304;1160;4574;183;977;4808;14108;7789
FR;12;2023-04-07;4;11;29;98;8;25;110;389;221;231;315;1189;4672;191;1002;4918;14497;8010
FR;12;2023-04-08;1;5;11;38;3;9;38;117;56;232;320;1200;4710;194;1011;4956;14614;8066
FR;12;2023-04-09;0;0;2;1;0;1;2;5;2;232;320;1202;4711;194;1012;4958;14619;8068
FR;12;2023-04-10;0;1;2;2;1;0;5;9;4;232;321;1204;4713;195;1012;4963;14628;8072
FR;12;2023-04-11;5;8;27;87;6;16;98;297;161;237;329;1231;4800;201;1028;5061;14925;8233
FR;12;2023-04-12;5;12;16;52;5;23;60;260;154;242;341;1247;4852;206;1051;5121;15185;8387
FR;12;2023-04-13;3;5;22;58;2;17;64;252;141;245;346;1269;4910;208;1068;5185;15437;8528
FR;12;2023-04-14;6;15;21;91;9;18;97;397;248;251;361;1290;5001;217;1086;5282;15834;8776
FR;12;2023-04-15;5;0;14;34;0;8;40;110;49;256;361;1304;5035;217;1094;5322;15944;8825
FR;12;2023-04-16;0;0;1;2;0;0;2;4;2;256;361;1305;5037;217;1094;5324;15948;8827
FR;12;2023-04-17;3;2;18;40;2;19;40;181;97;259;363;1323;5077;219;1113;5364;16129;8924
FR;12;2023-04-18;6;6;18;56;2;14;63;272;144;265;369;1341;5133;221;1127;5427;16401;9068
FR;12;2023-04-19;3;7;11;40;2;11;38;149;81;268;376;1352;5173;223;1138;5465;16550;9149
FR;12;2023-04-20;2;3;15;51;1;11;58;212;117;270;379;1367;5224;224;1149;5523;16762;9266
FR;12;2023-04-21;4;6;25;60;5;19;68;255;148;274;385;1392;5284;229;1168;5591;17017;9414
FR;12;2023-04-22;3;8;11;22;6;9;29;94;36;277;393;1403;5306;235;1177;5620;17111;9450
FR;12;2023-04-23;0;0;1;0;0;1;1;3;1;277;393;1404;5306;235;1178;5621;17114;9451
FR;12;2023-04-24;2;6;11;42;5;11;49;172;99;279;399;1415;5348;240;1189;5670;17286;9550
FR;12;2023-04-25;1;3;15;46;1;15;51;207;120;280;402;1430;5394;241;1204;5721;17493;9670
FR;12;2023-04-26;3;4;16;36;2;14;42;170;88;283;406;1446;5430;243;1218;5763;17663;9758
FR;12;2023-04-27;4;4;13;46;3;13;46;193;108;287;410;1459;5476;246;1231;5809;17856;9866
FR;12;2023-04-28;5;9;24;63;3;24;74;317;181;292;419;1483;5539;249;1255;5883;18173;10047
FR;12;2023-04-29;2;4;10;25;4;6;30;94;44;294;423;1493;5564;253;1261;5913;18267;10091
FR;12;2023-04-30;0;0;0;0;0;0;0;0;0;294;423;1493;5564;253;1261;5913;18267;10091
FR;12;2023-05-01;0;0;0;0;0;0;0;4;3;294;423;1493;5564;253;1261;5913;18271;10094
FR;12;2023-05-02;8;3;12;48;2;15;48;248;128;302;426;1505;5612;255;1276;5961;18519;10222
FR;12;2023-05-03;7;6;10;44;7;9;47;228;122;309;432;1515;5656;262;1285;6008;18747;10344
FR;12;2023-05-04;5;4;20;37;1;17;51;221;109;314;436;1535;5693;263;1302;6059;18968;10453
FR;12;2023-05-05;4;12;18;49;5;19;48;281;148;318;448;1553;5742;268;1321;6107;19249;10601
FR;12;2023-05-06;2;5;7;15;2;11;15;69;29;320;453;1560;5757;270;1332;6122;19318;10630
FR;12;2023-05-07;2;0;1;0;2;1;2;3;0;322;453;1561;5757;272;1333;6124;19321;10630
FR;12;2023-05-08;0;1;1;0;1;0;1;5;2;322;454;1562;5757;273;1333;6125;19326;10632
FR;12;2023-05-09;1;6;11;46;3;14;53;246;119;323;460;1573;5803;276;1347;6178;19572;10751
FR;12;2023-05-10;4;8;10;39;7;13;42;208;105;327;468;1583;5842;283;1360;6220;19780;10856
FR;12;2023-05-11;4;6;8;43;4;8;45;208;108;331;474;1591;5885;287;1368;6265;19988;10964
FR;12;2023-05-12;3;3;8;58;1;7;56;308;165;334;477;1599;5943;288;1375;6321;20296;11129
FR;12;2023-05-13;3;3;4;17;1;7;19;74;39;337;480;1603;5960;289;1382;6340;20370;11168
FR;12;2023-05-14;0;0;0;0;0;0;0;1;1;337;480;1603;5960;289;1382;6340;20371;11169
FR;12;2023-05-15;2;1;6;35;2;4;40;203;99;339;481;1609;5995;291;1386;6380;20574;11268
FR;12;2023-05-16;5;9;7;39;4;11;42;268;142;344;490;1616;6034;295;1397;6422;20842;11410
FR;12;2023-05-17;3;7;10;31;5;8;34;194;86;347;497;1626;6065;300;1405;6456;21036;11496
FR;12;2023-05-18;1;0;1;2;0;0;3;4;1;348;497;1627;6067;300;1405;6459;21040;11497
FR;12;2023-05-19;1;4;11;31;3;10;38;172;80;349;501;1638;6098;303;1415;6497;21212;11577
FR;12;2023-05-20;1;3;2;6;2;1;9;50;20;350;504;1640;6104;305;1416;6506;21262;11597
FR;12;2023-05-21;0;3;0;2;0;3;2;10;1;350;507;1640;6106;305;1419;6508;21272;11598
FR;12;2023-05-22;3;5;9;23;1;13;26;135;61;353;512;1649;6129;306;1432;6534;21407;11659
FR;12;2023-05-23;4;5;12;67;4;13;72;250;102;357;517;1661;6196;310;1445;6606;21657;11761
FR;12;2023-05-24;5;2;5;32;1;6;37;167;75;362;519;1666;6228;311;1451;6643;21824;11836
FR;12;2023-05-25;5;3;8;17;2;10;24;173;79;367;522;1674;6245;313;1461;6667;21997;11915
FR;12;2023-05-26;4;9;11;29;9;10;33;245;106;371;531;1685;6274;322;1471;6700;22242;12021
FR;12;2023-05-27;3;2;7;8;1;4;12;67;36;374;533;1692;6282;323;1475;6712;22309;12057
FR;12;2023-05-28;0;0;0;0;0;0;0;1;0;374;533;1692;6282;323;1475;6712;22310;12057
FR;12;2023-05-29;0;2;0;0;1;1;0;1;0;374;535;1692;6282;324;1476;6712;22311;12057
FR;0;2020-12-27;616;0;0;0;55;0;0;0;0;616;0;0;0;55;0;0;0;0
FR;0;2020-12-28;710;1;0;0;44;0;0;0;0;1326;1;0;0;99;0;0;0;0
FR;0;2020-12-29;389;0;0;0;19;0;0;0;0;1715;1;0;0;118;0;0;0;0
FR;0;2020-12-30;456;0;0;0;20;0;0;0;0;2171;1;0;0;138;0;0;0;0
FR;0;2020-12-31;451;1;0;0;21;0;0;0;0;2622;2;0;0;159;0;0;0;0
FR;0;2021-01-01;1199;2;0;0;66;0;0;0;0;3821;4;0;0;225;0;0;0;0
FR;0;2021-01-02;369;4;0;0;29;0;0;0;0;4190;8;0;0;254;0;0;0;0
FR;0;2021-01-03;419;0;0;0;23;0;0;0;0;4609;8;0;0;277;0;0;0;0
FR;0;2021-01-04;2150;5;0;0;51;0;0;0;0;6759;13;0;0;328;0;0;0;0
FR;0;2021-01-05;7793;6;0;0;128;0;0;0;0;14552;19;0;0;456;0;0;0;0
FR;0;2021-01-06;12491;23;0;0;128;0;0;0;0;27043;42;0;0;584;0;0;0;0
FR;0;2021-01-07;29480;24;0;0;159;0;0;0;0;56523;66;0;0;743;0;0;0;0
FR;0;2021-01-08;37170;36;0;0;205;0;0;0;0;93693;102;0;0;948;0;0;0;0
FR;0;2021-01-09;11221;9;0;0;77;0;0;0;0;104914;111;0;0;1025;0;0;0;0
FR;0;2021-01-10;6017;8;0;0;28;0;0;0;0;110931;119;0;0;1053;0;0;0;0
FR;0;2021-01-11;39956;39;0;0;232;0;0;0;0;150887;158;0;0;1285;0;0;0;0
FR;0;2021-01-12;62165;31;0;0;299;0;0;0;0;213052;189;0;0;1584;0;0;0;0
FR;0;2021-01-13;65149;62;0;0;433;0;0;0;0;278201;251;0;0;2017;0;0;0;0
FR;0;2021-01-14;83109;262;0;0;1170;0;0;0;0;361310;513;0;0;3187;0;0;0;0
FR;0;2021-01-15;69039;103;1;0;555;0;0;0;0;430349;616;1;0;3742;0;0;0;0
FR;0;2021-01-16;20219;73;0;0;183;0;0;0;0;450568;689;1;0;3925;0;0;0;0
FR;0;2021-01-17;10993;54;0;0;137;0;0;0;0;461561;743;1;0;4062;0;0;0;0
FR;0;2021-01-18;85924;179;0;0;614;0;0;0;0;547485;922;1;0;4676;0;0;0;0
FR;0;2021-01-19;130616;211;0;0;868;0;0;0;0;678101;1133;1;0;5544;0;0;0;0
FR;0;2021-01-20;137578;197;0;0;837;0;0;0;0;815679;1330;1;0;6381;0;0;0;0
FR;0;2021-01-21;158434;205;0;0;951;0;0;0;0;974113;1535;1;0;7332;0;0;0;0
FR;0;2021-01-22;121090;259;0;0;846;0;0;0;0;1095203;1794;1;0;8178;0;0;0;0
FR;0;2021-01-23;38492;86;0;0;223;0;0;0;0;1133695;1880;1;0;8401;0;0;0;0
FR;0;2021-01-24;9752;131;0;0;196;0;0;0;0;1143447;2011;1;0;8597;0;0;0;0
FR;0;2021-01-25;78256;1458;0;0;1808;0;0;0;0;1221703;3469;1;0;10405;0;0;0;0
FR;0;2021-01-26;100401;3711;1;0;4188;0;0;0;0;1322104;7180;2;0;14593;0;0;0;0
FR;0;2021-01-27;107266;6446;0;0;7162;0;0;0;0;1429370;13626;2;0;21755;0;0;0;0
FR;0;2021-01-28;124384;16424;0;0;17246;0;0;0;0;1553754;30050;2;0;39001;0;0;0;0
FR;0;2021-01-29;92204;18807;0;0;19384;0;0;0;0;1645958;48857;2;0;58385;0;0;0;0
FR;0;2021-01-30;29128;4541;0;0;4678;0;0;0;0;1675086;53398;2;0;63063;0;0;0;0
FR;0;2021-01-31;5240;1900;0;0;1945;0;0;0;0;1680326;55298;2;0;65008;0;0;0;0
FR;0;2021-02-01;53160;23057;0;0;23331;0;0;0;0;1733486;78355;2;0;88339;0;0;0;0
FR;0;2021-02-02;72338;38238;0;0;38730;0;0;0;0;1805824;116593;2;0;127069;0;0;0;0
FR;0;2021-02-03;72328;40303;0;0;40809;0;0;0;0;1878152;156896;2;0;167878;0;0;0;0
FR;0;2021-02-04;82097;55132;0;0;55727;0;0;0;0;1960249;212028;2;0;223605;0;0;0;0
FR;0;2021-02-05;68252;48253;0;0;48691;0;0;0;0;2028501;260281;2;0;272296;0;0;0;0
FR;0;2021-02-06;22949;11435;0;0;11673;0;0;0;0;2051450;271716;2;0;283969;0;0;0;0
FR;0;2021-02-07;5195;6077;0;0;6203;0;0;0;0;2056645;277793;2;0;290172;0;0;0;0
FR;0;2021-02-08;46857;48813;0;0;49302;0;0;0;0;2103502;326606;2;0;339474;0;0;0;0
FR;0;2021-02-09;66050;78475;0;0;79573;0;0;0;0;2169552;405081;2;0;419047;0;0;0;0
FR;0;2021-02-10;71049;83540;0;0;84839;0;0;0;0;2240601;488621;2;0;503886;0;0;0;0
FR;0;2021-02-11;87309;105710;0;0;107659;0;0;0;0;2327910;594331;2;0;611545;0;0;0;0
FR;0;2021-02-12;79358;76074;0;0;77821;0;0;0;0;2407268;670405;2;0;689366;0;0;0;0
FR;0;2021-02-13;22390;19532;0;0;19899;0;0;0;0;2429658;689937;2;0;709265;0;0;0;0
FR;0;2021-02-14;5080;7324;0;0;7452;0;0;0;0;2434738;697261;2;0;716717;0;0;0;0
FR;0;2021-02-15;38132;76802;0;0;77825;0;0;0;0;2472870;774063;2;0;794542;0;0;0;0
FR;0;2021-02-16;50420;99687;0;0;101041;0;0;0;0;2523290;873750;2;0;895583;0;0;0;0
FR;0;2021-02-17;50560;106936;20;0;108388;0;0;0;0;2573850;980686;22;0;1003971;0;0;0;0
FR;0;2021-02-18;69815;123780;0;0;125830;0;0;0;0;2643665;1104466;22;0;1129801;0;0;0;0
FR;0;2021-02-19;65093;92334;1;0;94224;0;0;0;0;2708758;1196800;23;0;1224025;0;0;0;0
FR;0;2021-02-20;18602;28545;0;0;28916;0;0;0;0;2727360;1225345;23;0;1252941;0;0;0;0
FR;0;2021-02-21;3335;6040;0;0;6145;0;0;0;0;2730695;1231385;23;0;1259086;0;0;0;0
FR;0;2021-02-22;37511;73171;2;0;74186;0;0;0;0;2768206;1304556;25;0;1333272;0;0;0;0
FR;0;2021-02-23;53803;85301;1;0;86825;0;0;0;0;2822009;1389857;26;0;1420097;0;0;0;0
FR;0;2021-02-24;60039;82937;1;0;84518;0;0;0;0;2882048;1472794;27;0;1504615;0;0;0;0
FR;0;2021-02-25;100613;91188;1;0;94187;0;0;0;0;2982661;1563982;28;0;1598802;0;0;0;0
FR;0;2021-02-26;113492;70750;1;0;73901;0;0;0;0;3096153;1634732;29;0;1672703;0;0;0;0
FR;0;2021-02-27;52131;22440;1;0;23686;0;0;0;0;3148284;1657172;30;0;1696389;0;0;0;0
FR;0;2021-02-28;6209;4109;2;0;4307;0;0;0;0;3154493;1661281;32;0;1700696;0;0;0;0
FR;0;2021-03-01;65946;54078;1;0;55951;0;0;0;0;3220439;1715359;33;0;1756647;0;0;0;0
FR;0;2021-03-02;101417;67184;3;0;70230;0;0;0;0;3321856;1782543;36;0;1826877;0;0;0;0
FR;0;2021-03-03;116565;65470;0;0;69163;0;0;0;0;3438421;1848013;36;0;1896040;0;0;0;0
FR;0;2021-03-04;163664;72637;3;0;78210;0;0;0;0;3602085;1920650;39;0;1974250;0;0;0;0
FR;0;2021-03-05;200962;62702;3;0;69436;0;0;0;0;3803047;1983352;42;0;2043686;0;0;0;0
FR;0;2021-03-06;207993;17483;3;0;22785;0;0;0;0;4011040;2000835;45;0;2066471;0;0;0;0
FR;0;2021-03-07;121293;3970;1;0;7265;0;0;0;0;4132333;2004805;46;0;2073736;0;0;0;0
FR;0;2021-03-08;107180;49550;2;0;53040;0;0;0;0;4239513;2054355;48;0;2126776;0;0;0;0
FR;0;2021-03-09;172487;56017;2;0;61516;0;0;0;0;4412000;2110372;50;0;2188292;0;0;0;0
FR;0;2021-03-10;179044;57055;5;0;62731;0;0;0;0;4591044;2167427;55;0;2251023;0;0;0;0
FR;0;2021-03-11;242934;64035;2;0;72133;0;0;0;0;4833978;2231462;57;0;2323156;0;0;0;0
FR;0;2021-03-12;294876;53375;1;0;62832;0;0;0;0;5128854;2284837;58;0;2385988;0;0;0;0
FR;0;2021-03-13;231445;15262;1;0;21241;0;0;0;0;5360299;2300099;59;0;2407229;0;0;0;0
FR;0;2021-03-14;63365;3041;1;0;5077;0;0;0;0;5423664;2303140;60;0;2412306;0;0;0;0
FR;0;2021-03-15;158700;31492;3;0;36148;0;0;0;0;5582364;2334632;63;0;2448454;0;0;0;0
FR;0;2021-03-16;141599;38811;6;0;42963;0;0;0;0;5723963;2373443;69;0;2491417;0;0;0;0
FR;0;2021-03-17;150519;37564;4;0;42333;0;0;0;0;5874482;2411007;73;0;2533750;0;0;0;0
FR;0;2021-03-18;167872;44323;5;0;49890;0;0;0;0;6042354;2455330;78;0;2583640;0;0;0;0
FR;0;2021-03-19;230056;36748;2;0;44108;0;0;0;0;6272410;2492078;80;0;2627748;0;0;0;0
FR;0;2021-03-20;166722;11384;1;0;16009;0;0;0;0;6439132;2503462;81;0;2643757;0;0;0;0
FR;0;2021-03-21;49959;2129;1;0;3888;0;0;0;0;6489091;2505591;82;0;2647645;0;0;0;0
FR;0;2021-03-22;170085;33534;2;0;39039;0;0;0;0;6659176;2539125;84;0;2686684;0;0;0;0
FR;0;2021-03-23;250442;42373;1;0;50220;0;0;0;0;6909618;2581498;85;0;2736904;0;0;0;0
FR;0;2021-03-24;256952;43608;0;0;51711;0;0;0;0;7166570;2625106;85;0;2788615;0;0;0;0
FR;0;2021-03-25;341875;45287;5;0;56288;0;0;0;0;7508445;2670393;90;0;2844903;0;0;0;0
FR;0;2021-03-26;358849;41808;5;1;53566;0;0;0;0;7867294;2712201;95;1;2898469;0;0;0;0
FR;0;2021-03-27;195297;16951;1;0;23395;0;0;0;0;8062591;2729152;96;1;2921864;0;0;0;0
FR;0;2021-03-28;59361;4587;3;0;6652;0;0;0;0;8121952;2733739;99;1;2928516;0;0;0;0
FR;0;2021-03-29;203028;53399;4;0;60164;0;0;0;0;8324980;2787138;103;1;2988680;0;0;0;0
FR;0;2021-03-30;285550;70041;5;0;80455;0;0;0;0;8610530;2857179;108;1;3069135;0;0;0;0
FR;0;2021-03-31;263083;74060;4;0;84732;0;0;0;0;8873613;2931239;112;1;3153867;0;0;0;0
FR;0;2021-04-01;315587;92820;11;0;106404;0;0;0;0;9189200;3024059;123;1;3260271;0;0;0;0
FR;0;2021-04-02;281385;94824;7;0;106657;0;0;0;0;9470585;3118883;130;1;3366928;0;0;0;0
FR;0;2021-04-03;141097;62619;6;0;67881;0;0;0;0;9611682;3181502;136;1;3434809;0;0;0;0
FR;0;2021-04-04;46551;19021;2;0;21075;0;0;0;0;9658233;3200523;138;1;3455884;0;0;0;0
FR;0;2021-04-05;63373;10402;11;0;13059;0;0;0;0;9721606;3210925;149;1;3468943;0;0;0;0
FR;0;2021-04-06;217276;113147;17;0;122017;0;0;0;0;9938882;3324072;166;1;3590960;0;0;0;0
FR;0;2021-04-07;260325;115283;17;0;126638;0;0;0;0;10199207;3439355;183;1;3717598;0;0;0;0
FR;0;2021-04-08;337917;123224;15;0;138857;0;0;0;0;10537124;3562579;198;1;3856455;0;0;0;0
FR;0;2021-04-09;410245;116884;49;0;134295;0;0;0;0;10947369;3679463;247;1;3990750;0;0;0;0
FR;0;2021-04-10;212665;82875;15;0;91268;0;0;0;0;11160034;3762338;262;1;4082018;0;0;0;0
FR;0;2021-04-11;56162;34179;7;0;36705;0;0;0;0;11216196;3796517;269;1;4118723;0;0;0;0
FR;0;2021-04-12;237130;115831;46;0;125442;0;0;0;0;11453326;3912348;315;1;4244165;0;0;0;0
FR;0;2021-04-13;309558;144152;98;1;157115;0;0;0;0;11762884;4056500;413;2;4401280;0;0;0;0
FR;0;2021-04-14;294609;139859;215;0;153239;0;0;0;0;12057493;4196359;628;2;4554519;0;0;0;0
FR;0;2021-04-15;337205;150546;340;0;166089;0;0;0;0;12394698;4346905;968;2;4720608;0;0;0;0
FR;0;2021-04-16;339363;147044;354;0;161703;0;0;0;0;12734061;4493949;1322;2;4882311;0;0;0;0
FR;0;2021-04-17;188689;89985;109;0;97685;0;0;0;0;12922750;4583934;1431;2;4979996;0;0;0;0
FR;0;2021-04-18;51645;35461;48;0;37883;0;0;0;0;12974395;4619395;1479;2;5017879;0;0;0;0
FR;0;2021-04-19;205751;138296;457;0;147456;0;0;0;0;13180146;4757691;1936;2;5165335;0;0;0;0
FR;0;2021-04-20;254496;172048;569;0;183708;0;0;0;0;13434642;4929739;2505;2;5349043;0;0;0;0
FR;0;2021-04-21;253346;170234;837;0;182258;0;0;0;0;13687988;5099973;3342;2;5531301;0;0;0;0
FR;0;2021-04-22;287634;190457;820;0;205052;0;0;0;0;13975622;5290430;4162;2;5736353;0;0;0;0
FR;0;2021-04-23;297686;184743;747;0;203504;0;0;0;0;14273308;5475173;4909;2;5939857;0;0;0;0
FR;0;2021-04-24;190483;112058;252;0;122513;0;0;0;0;14463791;5587231;5161;2;6062370;0;0;0;0
FR;0;2021-04-25;69578;38863;51;0;42594;0;0;0;0;14533369;5626094;5212;2;6104964;0;0;0;0
FR;0;2021-04-26;221007;158706;564;0;171907;0;0;0;0;14754376;5784800;5776;2;6276871;0;0;0;0
FR;0;2021-04-27;284658;188073;941;0;211390;0;0;0;0;15039034;5972873;6717;2;6488261;0;0;0;0
FR;0;2021-04-28;299598;184731;1427;1;209811;1;0;0;0;15338632;6157604;8144;3;6698072;1;0;0;0
FR;0;2021-04-29;357220;198328;1281;0;233414;0;0;0;0;15695852;6355932;9425;3;6931486;1;0;0;0
FR;0;2021-04-30;372270;186155;1124;1;225496;0;0;0;0;16068122;6542087;10549;4;7156982;1;0;0;0
FR;0;2021-05-01;167680;52538;179;0;63784;0;0;0;0;16235802;6594625;10728;4;7220766;1;0;0;0
FR;0;2021-05-02;91771;37869;83;0;43598;0;0;0;0;16327573;6632494;10811;4;7264364;1;0;0;0
FR;0;2021-05-03;288987;165115;843;0;185640;0;0;0;0;16616560;6797609;11654;4;7450004;1;0;0;0
FR;0;2021-05-04;315761;225642;1237;0;251815;0;0;0;0;16932321;7023251;12891;4;7701819;1;0;0;0
FR;0;2021-05-05;327323;226689;1316;0;251769;0;0;0;0;17259644;7249940;14207;4;7953588;1;0;0;0
FR;0;2021-05-06;379657;241295;1634;0;275544;0;0;0;0;17639301;7491235;15841;4;8229132;1;0;0;0
FR;0;2021-05-07;372838;258921;1225;0;299978;0;0;0;0;18012139;7750156;17066;4;8529110;1;0;0;0
FR;0;2021-05-08;222192;71526;300;0;86735;0;0;0;0;18234331;7821682;17366;4;8615845;1;0;0;0
FR;0;2021-05-09;129735;44488;243;0;53126;0;0;0;0;18364066;7866170;17609;4;8668971;1;0;0;0
FR;0;2021-05-10;313436;229740;1239;0;255521;0;0;0;0;18677502;8095910;18848;4;8924492;1;0;0;0
FR;0;2021-05-11;403987;258455;1566;0;296884;0;0;0;0;19081489;8354365;20414;4;9221376;1;0;0;0
FR;0;2021-05-12;434231;233897;1544;0;270185;0;0;0;0;19515720;8588262;21958;4;9491561;1;0;0;0
FR;0;2021-05-13;338644;56436;432;0;77928;0;0;0;0;19854364;8644698;22390;4;9569489;1;0;0;0
FR;0;2021-05-14;454194;167501;1130;0;203113;0;0;0;0;20308558;8812199;23520;4;9772602;1;0;0;0
FR;0;2021-05-15;375022;94403;445;0;120802;0;0;0;0;20683580;8906602;23965;4;9893404;1;0;0;0
FR;0;2021-05-16;202779;20694;168;0;34095;0;0;0;0;20886359;8927296;24133;4;9927499;1;0;0;0
FR;0;2021-05-17;376170;148884;1555;0;178674;0;0;0;0;21262529;9076180;25688;4;10106173;1;0;0;0
FR;0;2021-05-18;460231;154151;1991;0;193305;0;0;0;0;21722760;9230331;27679;4;10299478;1;0;0;0
FR;0;2021-05-19;467481;142580;2466;0;179844;0;0;0;0;22190241;9372911;30145;4;10479322;1;0;0;0
FR;0;2021-05-20;507610;160258;2340;0;204213;0;0;0;0;22697851;9533169;32485;4;10683535;1;0;0;0
FR;0;2021-05-21;489737;175274;1997;0;221820;0;0;0;0;23187588;9708443;34482;4;10905355;1;0;0;0
FR;0;2021-05-22;347231;80251;670;0;108682;0;0;0;0;23534819;9788694;35152;4;11014037;1;0;0;0
FR;0;2021-05-23;161720;14211;246;0;26680;0;0;0;0;23696539;9802905;35398;4;11040717;1;0;0;0
FR;0;2021-05-24;263222;33110;604;0;52945;0;0;0;0;23959761;9836015;36002;4;11093662;1;0;0;0
FR;0;2021-05-25;400322;190461;2357;1;227029;0;0;0;0;24360083;10026476;38359;5;11320691;1;0;0;0
FR;0;2021-05-26;413524;191298;2227;0;229347;0;0;0;0;24773607;10217774;40586;5;11550038;1;0;0;0
FR;0;2021-05-27;449888;220132;2163;0;267273;0;0;0;0;25223495;10437906;42749;5;11817311;1;0;0;0
FR;0;2021-05-28;429618;261171;1895;0;319270;0;0;0;0;25653113;10699077;44644;5;12136581;1;0;0;0
FR;0;2021-05-29;299011;150537;586;0;183390;0;0;0;0;25952124;10849614;45230;5;12319971;1;0;0;0
FR;0;2021-05-30;107156;32505;164;0;42088;0;0;0;0;26059280;10882119;45394;5;12362059;1;0;0;0
FR;0;2021-05-31;358084;203490;1474;1;241772;1;0;0;0;26417364;11085609;46868;6;12603831;2;0;0;0
FR;0;2021-06-01;431158;251296;1969;1;302942;1;0;0;0;26848522;11336905;48837;7;12906773;3;0;0;0
FR;0;2021-06-02;420191;232819;1986;0;280206;0;0;0;0;27268713;11569724;50823;7;13186979;3;0;0;0
FR;0;2021-06-03;465722;257782;1826;0;312558;0;0;0;0;27734435;11827506;52649;7;13499537;3;0;0;0
FR;0;2021-06-04;456312;305904;1735;1;363317;1;0;0;0;28190747;12133410;54384;8;13862854;4;0;0;0
FR;0;2021-06-05;304841;189572;653;0;222795;0;0;0;0;28495588;12322982;55037;8;14085649;4;0;0;0
FR;0;2021-06-06;133344;49020;227;0;61159;0;0;0;0;28628932;12372002;55264;8;14146808;4;0;0;0
FR;0;2021-06-07;340027;261513;1529;0;298604;0;0;0;0;28968959;12633515;56793;8;14445412;4;0;0;0
FR;0;2021-06-08;393974;291423;1806;0;338287;0;0;0;0;29362933;12924938;58599;8;14783699;4;0;0;0
FR;0;2021-06-09;384976;273773;1734;0;318168;0;0;0;0;29747909;13198711;60333;8;15101867;4;0;0;0
FR;0;2021-06-10;404262;286273;1728;1;335723;0;0;0;0;30152171;13484984;62061;9;15437590;4;0;0;0
FR;0;2021-06-11;386737;356529;1468;1;406976;0;0;0;0;30538908;13841513;63529;10;15844566;4;0;0;0
FR;0;2021-06-12;283300;210997;497;0;243142;0;0;0;0;30822208;14052510;64026;10;16087708;4;0;0;0
FR;0;2021-06-13;104907;73843;204;0;84836;0;0;0;0;30927115;14126353;64230;10;16172544;4;0;0;0
FR;0;2021-06-14;240891;354029;1429;1;383225;0;0;0;0;31168006;14480382;65659;11;16555769;4;0;0;0
FR;0;2021-06-15;308239;384325;1574;1;423100;0;0;0;0;31476245;14864707;67233;12;16978869;4;0;0;0
FR;0;2021-06-16;314028;357605;1419;1;395370;0;0;0;0;31790273;15222312;68652;13;17374239;4;0;0;0
FR;0;2021-06-17;317743;373167;1432;1;414365;0;0;0;0;32108016;15595479;70084;14;17788604;4;0;0;0
FR;0;2021-06-18;321785;442593;1342;1;486000;0;0;0;0;32429801;16038072;71426;15;18274604;4;0;0;0
FR;0;2021-06-19;224368;274028;449;0;301221;0;0;0;0;32654169;16312100;71875;15;18575825;4;0;0;0
FR;0;2021-06-20;74459;102287;131;0;111480;0;0;0;0;32728628;16414387;72006;15;18687305;4;0;0;0
FR;0;2021-06-21;195820;401760;1038;1;427726;1;0;0;0;32924448;16816147;73044;16;19115031;5;0;0;0
FR;0;2021-06-22;223247;467821;1266;10;500492;1;0;0;0;33147695;17283968;74310;26;19615523;6;0;0;0
FR;0;2021-06-23;234087;440134;1198;1;474245;1;0;0;0;33381782;17724102;75508;27;20089768;7;0;0;0
FR;0;2021-06-24;241909;409765;1359;0;447258;0;0;0;0;33623691;18133867;76867;27;20537026;7;0;0;0
FR;0;2021-06-25;227678;523087;1404;0;562088;0;0;0;0;33851369;18656954;78271;27;21099114;7;0;0;0
FR;0;2021-06-26;153295;371098;589;1;395905;0;0;0;0;34004664;19028052;78860;28;21495019;7;0;0;0
FR;0;2021-06-27;55924;155942;169;1;164852;0;0;0;0;34060588;19183994;79029;29;21659871;7;0;0;0
FR;0;2021-06-28;154813;452529;1178;0;478127;0;0;0;0;34215401;19636523;80207;29;22137998;7;0;0;0
FR;0;2021-06-29;182753;507853;2124;0;539223;0;0;0;0;34398154;20144376;82331;29;22677221;7;0;0;0
FR;0;2021-06-30;204047;485260;2016;21;519524;2;0;0;0;34602201;20629636;84347;50;23196745;9;0;0;0
FR;0;2021-07-01;231467;458570;2226;5;498508;0;0;0;0;34833668;21088206;86573;55;23695253;9;0;0;0
FR;0;2021-07-02;228707;520027;2120;5;562336;2;0;0;0;35062375;21608233;88693;60;24257589;11;0;0;0
FR;0;2021-07-03;142058;368760;908;3;395248;1;0;0;0;35204433;21976993;89601;63;24652837;12;0;0;0
FR;0;2021-07-04;56765;141008;265;0;150698;0;0;0;0;35261198;22118001;89866;63;24803535;12;0;0;0
FR;0;2021-07-05;168554;418657;1668;8;448599;0;0;0;0;35429752;22536658;91534;71;25252134;12;0;0;0
FR;0;2021-07-06;196812;474525;1830;45;511115;8;0;0;0;35626564;23011183;93364;116;25763249;20;0;0;0
FR;0;2021-07-07;213258;438966;1881;25;477427;2;0;0;0;35839822;23450149;95245;141;26240676;22;0;0;0
FR;0;2021-07-08;231680;424141;2090;20;468070;2;0;0;0;36071502;23874290;97335;161;26708746;24;0;0;0
FR;0;2021-07-09;228644;511067;2185;4;557352;1;0;0;0;36300146;24385357;99520;165;27266098;25;0;0;0
FR;0;2021-07-10;148640;339928;986;1;368869;0;0;0;0;36448786;24725285;100506;166;27634967;25;0;0;0
FR;0;2021-07-11;60217;110049;284;0;120958;0;0;0;0;36509003;24835334;100790;166;27755925;25;0;0;0
FR;0;2021-07-12;169443;477701;1766;4;512428;0;0;0;0;36678446;25313035;102556;170;28268353;25;0;0;0
FR;0;2021-07-13;287312;526597;2050;8;585616;0;0;0;0;36965758;25839632;104606;178;28853969;25;0;0;0
FR;0;2021-07-14;181123;157330;435;0;186638;0;0;0;0;37146881;25996962;105041;178;29040607;25;0;0;0
FR;0;2021-07-15;347131;501597;2100;1;571556;0;0;0;0;37494012;26498559;107141;179;29612163;25;0;0;0
FR;0;2021-07-16;380126;494962;2023;3;574134;1;0;0;0;37874138;26993521;109164;182;30186297;26;0;0;0
FR;0;2021-07-17;259757;319632;877;1;368588;0;0;0;0;38133895;27313153;110041;183;30554885;26;0;0;0
FR;0;2021-07-18;109747;114566;310;0;133003;0;0;0;0;38243642;27427719;110351;183;30687888;26;0;0;0
FR;0;2021-07-19;285528;423872;1631;3;478878;0;0;0;0;38529170;27851591;111982;186;31166766;26;0;0;0
FR;0;2021-07-20;376945;451204;1725;0;523536;0;0;0;0;38906115;28302795;113707;186;31690302;26;0;0;0
FR;0;2021-07-21;395847;406823;1550;4;481804;1;0;0;0;39301962;28709618;115257;190;32172106;27;0;0;0
FR;0;2021-07-22;441092;387300;1715;4;471766;1;0;0;0;39743054;29096918;116972;194;32643872;28;0;0;0
FR;0;2021-07-23;440353;421957;1883;4;509915;1;0;0;0;40183407;29518875;118855;198;33153787;29;0;0;0
FR;0;2021-07-24;285264;269309;804;1;321988;0;0;0;0;40468671;29788184;119659;199;33475775;29;0;0;0
FR;0;2021-07-25;121130;79919;234;0;100271;0;0;0;0;40589801;29868103;119893;199;33576046;29;0;0;0
FR;0;2021-07-26;347454;322132;1614;3;384684;1;0;0;0;40937255;30190235;121507;202;33960730;30;0;0;0
FR;0;2021-07-27;464124;319259;1698;4;400408;1;0;0;0;41401379;30509494;123205;206;34361138;31;0;0;0
FR;0;2021-07-28;459483;289371;1637;4;366981;1;0;0;0;41860862;30798865;124842;210;34728119;32;0;0;0
FR;0;2021-07-29;489868;276101;1797;2;356970;0;0;0;0;42350730;31074966;126639;212;35085089;32;0;0;0
FR;0;2021-07-30;461862;302331;1942;5;380809;1;0;0;0;42812592;31377297;128581;217;35465898;33;0;0;0
FR;0;2021-07-31;285426;185023;916;1;231509;0;0;0;0;43098018;31562320;129497;218;35697407;33;0;0;0
FR;0;2021-08-01;112053;49908;257;0;65685;0;0;0;0;43210071;31612228;129754;218;35763092;33;0;0;0
FR;0;2021-08-02;341677;234027;1603;2;284715;0;0;0;0;43551748;31846255;131357;220;36047807;33;0;0;0
FR;0;2021-08-03;398648;244429;1729;2;304500;1;0;0;0;43950396;32090684;133086;222;36352307;34;0;0;0
FR;0;2021-08-04;384887;209509;1594;6;265629;3;0;0;0;44335283;32300193;134680;228;36617936;37;0;0;0
FR;0;2021-08-05;366204;228339;1711;0;281712;0;0;0;0;44701487;32528532;136391;228;36899648;37;0;0;0
FR;0;2021-08-06;359762;271209;1835;4;326585;0;0;0;0;45061249;32799741;138226;232;37226233;37;0;0;0
FR;0;2021-08-07;213152;178314;756;5;210039;1;0;0;0;45274401;32978055;138982;237;37436272;38;0;0;0
FR;0;2021-08-08;74213;63191;276;0;73624;0;0;0;0;45348614;33041246;139258;237;37509896;38;0;0;0
FR;0;2021-08-09;258780;258572;1549;4;297483;2;0;0;0;45607394;33299818;140807;241;37807379;40;0;0;0
FR;0;2021-08-10;306900;277042;1662;2;323426;0;0;0;0;45914294;33576860;142469;243;38130805;40;0;0;0
FR;0;2021-08-11;279769;259537;1442;5;301605;0;0;0;0;46194063;33836397;143911;248;38432410;40;0;0;0
FR;0;2021-08-12;271575;277998;1669;3;320252;0;0;0;0;46465638;34114395;145580;251;38752662;40;0;0;0
FR;0;2021-08-13;252181;278120;1595;3;316953;2;0;0;0;46717819;34392515;147175;254;39069615;42;0;0;0
FR;0;2021-08-14;145366;197058;740;0;218979;0;0;0;0;46863185;34589573;147915;254;39288594;42;0;0;0
FR;0;2021-08-15;39403;50088;218;1;55668;0;0;0;0;46902588;34639661;148133;255;39344262;42;0;0;0
FR;0;2021-08-16;186198;317467;1543;0;345385;0;0;0;0;47088786;34957128;149676;255;39689647;42;0;0;0
FR;0;2021-08-17;215721;335794;1638;7;368826;0;0;0;0;47304507;35292922;151314;262;40058473;42;0;0;0
FR;0;2021-08-18;199083;324368;1599;7;354531;3;0;0;0;47503590;35617290;152913;269;40413004;45;0;0;0
FR;0;2021-08-19;192052;325392;1642;1;355948;0;0;0;0;47695642;35942682;154555;270;40768952;45;0;0;0
FR;0;2021-08-20;186493;366177;1823;3;396603;2;0;0;0;47882135;36308859;156378;273;41165555;47;0;0;0
FR;0;2021-08-21;104814;238130;709;0;254560;0;0;0;0;47986949;36546989;157087;273;41420115;47;0;0;0
FR;0;2021-08-22;31950;87210;256;1;92162;1;0;0;0;48018899;36634199;157343;274;41512277;48;0;0;0
FR;0;2021-08-23;141003;356995;1561;3;379585;0;0;0;0;48159902;36991194;158904;277;41891862;48;0;0;0
FR;0;2021-08-24;162523;376572;1850;5;402817;0;0;0;0;48322425;37367766;160754;282;42294679;48;0;0;0
FR;0;2021-08-25;151165;350711;2038;8;375398;2;0;0;0;48473590;37718477;162792;290;42670077;50;0;0;0
FR;0;2021-08-26;142899;342771;2564;10;367560;0;0;0;0;48616489;38061248;165356;300;43037637;50;0;0;0
FR;0;2021-08-27;148456;388234;2791;11;414867;1;0;0;0;48764945;38449482;168147;311;43452504;51;0;0;0
FR;0;2021-08-28;90682;249641;1407;0;264965;0;0;0;0;48855627;38699123;169554;311;43717469;51;0;0;0
FR;0;2021-08-29;27325;83357;518;1;88273;0;0;0;0;48882952;38782480;170072;312;43805742;51;0;0;0
FR;0;2021-08-30;117432;324580;4714;6;342386;5847;0;0;0;49000384;39107060;174786;318;44148128;5898;0;0;0
FR;0;2021-08-31;128834;334450;10189;19;353926;11768;2;0;0;49129218;39441510;184975;337;44502054;17666;2;0;0
FR;0;2021-09-01;136168;285661;22437;8;302400;24415;1;0;0;49265386;39727171;207412;345;44804454;42081;3;0;0
FR;0;2021-09-02;114653;247198;26525;20;262095;29010;0;0;0;49380039;39974369;233937;365;45066549;71091;3;0;0
FR;0;2021-09-03;118330;292649;29968;24;309306;33076;1;0;0;49498369;40267018;263905;389;45375855;104167;4;0;0
FR;0;2021-09-04;89894;217798;12587;12;230491;14157;7;0;0;49588263;40484816;276492;401;45606346;118324;11;0;0
FR;0;2021-09-05;21365;44794;4397;2;48279;4714;0;0;0;49609628;40529610;280889;403;45654625;123038;11;0;0
FR;0;2021-09-06;75702;180486;31957;16;190662;34305;2;0;0;49685330;40710096;312846;419;45845287;157343;13;0;0
FR;0;2021-09-07;80318;181179;33251;43;191036;36322;2;0;0;49765648;40891275;346097;462;46036323;193665;15;0;0
FR;0;2021-09-08;91013;206086;29666;28;216568;32571;4;0;0;49856661;41097361;375763;490;46252891;226236;19;0;0
FR;0;2021-09-09;76984;165313;33085;27;174116;36699;5;0;0;49933645;41262674;408848;517;46427007;262935;24;0;0
FR;0;2021-09-10;96051;203813;35743;28;214892;40788;7;0;0;50029696;41466487;444591;545;46641899;303723;31;0;0
FR;0;2021-09-11;67169;169343;12140;19;178187;14414;0;0;0;50096865;41635830;456731;564;46820086;318137;31;0;0
FR;0;2021-09-12;12830;32094;2784;1;34140;3190;2;0;0;50109695;41667924;459515;565;46854226;321327;33;0;0
FR;0;2021-09-13;64581;126154;41249;35;134170;44266;17;0;0;50174276;41794078;500764;600;46988396;365593;50;0;0
FR;0;2021-09-14;73504;129009;56391;80;135747;62447;44;0;0;50247780;41923087;557155;680;47124143;428040;94;0;0
FR;0;2021-09-15;76668;167732;55671;58;174676;54851;76;0;0;50324448;42090819;612826;738;47298819;482891;170;0;0
FR;0;2021-09-16;63898;114503;60099;82;117880;60174;64;0;0;50388346;42205322;672925;820;47416699;543065;234;0;0
FR;0;2021-09-17;75093;156855;53871;71;159731;57367;67;0;0;50463439;42362177;726796;891;47576430;600432;301;0;0
FR;0;2021-09-18;48244;139638;15603;25;144318;17321;20;0;0;50511683;42501815;742399;916;47720748;617753;321;0;0
FR;0;2021-09-19;7908;23646;2443;1;24876;2619;1;0;0;50519591;42525461;744842;917;47745624;620372;322;0;0
FR;0;2021-09-20;44580;93752;50087;72;96242;50347;34;0;0;50564171;42619213;794929;989;47841866;670719;356;0;0
FR;0;2021-09-21;45918;98366;62772;77;98383;63506;79;0;0;50610089;42717579;857701;1066;47940249;734225;435;0;0
FR;0;2021-09-22;48709;142402;55383;82;144847;55483;47;0;0;50658798;42859981;913084;1148;48085096;789708;482;0;0
FR;0;2021-09-23;43298;92067;62408;95;91273;63590;86;0;0;50702096;42952048;975492;1243;48176369;853298;568;0;0
FR;0;2021-09-24;52324;133293;54570;107;132391;59232;78;0;0;50754420;43085341;1030062;1350;48308760;912530;646;0;0
FR;0;2021-09-25;35225;115666;16277;36;118647;18318;22;0;0;50789645;43201007;1046339;1386;48427407;930848;668;0;0
FR;0;2021-09-26;5561;17803;2273;5;18690;2331;5;0;0;50795206;43218810;1048612;1391;48446097;933179;673;0;0
FR;0;2021-09-27;33986;76900;47221;97;78786;48207;80;0;1;50829192;43295710;1095833;1488;48524883;981386;753;0;1
FR;0;2021-09-28;36524;75244;54983;90;74325;56599;47;0;0;50865716;43370954;1150816;1578;48599208;1037985;800;0;1
FR;0;2021-09-29;44426;100689;53375;113;102848;54911;41;0;0;50910142;43471643;1204191;1691;48702056;1092896;841;0;1
FR;0;2021-09-30;36350;72981;57046;96;71484;59611;58;0;0;50946492;43544624;1261237;1787;48773540;1152507;899;0;1
FR;0;2021-10-01;61720;102862;57836;108;101413;64019;23;0;0;51008212;43647486;1319073;1895;48874953;1216526;922;0;1
FR;0;2021-10-02;39473;78460;20965;39;81737;23386;12;0;0;51047685;43725946;1340038;1934;48956690;1239912;934;0;1
FR;0;2021-10-03;5289;10491;2536;4;11257;2542;4;0;0;51052974;43736437;1342574;1938;48967947;1242454;938;0;1
FR;0;2021-10-04;35208;58504;52638;84;59503;54860;37;0;0;51088182;43794941;1395212;2022;49027450;1297314;975;0;1
FR;0;2021-10-05;33937;64379;61032;135;62109;65121;47;0;0;51122119;43859320;1456244;2157;49089559;1362435;1022;0;1
FR;0;2021-10-06;42728;79310;65763;112;80182;68384;29;0;0;51164847;43938630;1522007;2269;49169741;1430819;1051;0;1
FR;0;2021-10-07;30575;62284;65447;88;59501;68896;38;0;0;51195422;44000914;1587454;2357;49229242;1499715;1089;0;1
FR;0;2021-10-08;49486;91947;77773;111;89889;84807;39;0;0;51244908;44092861;1665227;2468;49319131;1584522;1128;0;1
FR;0;2021-10-09;33677;60949;31549;35;64139;33933;17;0;0;51278585;44153810;1696776;2503;49383270;1618455;1145;0;1
FR;0;2021-10-10;4722;7423;3199;9;7939;3475;2;0;0;51283307;44161233;1699975;2512;49391209;1621930;1147;0;1
FR;0;2021-10-11;30734;49886;61050;105;50601;64120;46;0;0;51314041;44211119;1761025;2617;49441810;1686050;1193;0;1
FR;0;2021-10-12;31651;54482;70635;141;51308;76050;27;0;0;51345692;44265601;1831660;2758;49493118;1762100;1220;0;1
FR;0;2021-10-13;40168;62852;74443;137;62800;79398;29;0;1;51385860;44328453;1906103;2895;49555918;1841498;1249;0;2
FR;0;2021-10-14;30364;52873;68779;116;49696;73870;31;0;0;51416224;44381326;1974882;3011;49605614;1915368;1280;0;2
FR;0;2021-10-15;44961;75237;93254;191;70331;103055;26;0;0;51461185;44456563;2068136;3202;49675945;2018423;1306;0;2
FR;0;2021-10-16;31335;44084;36701;45;46702;39652;15;0;0;51492520;44500647;2104837;3247;49722647;2058075;1321;0;2
FR;0;2021-10-17;3898;5229;3603;2;5676;3674;4;0;0;51496418;44505876;2108440;3249;49728323;2061749;1325;0;2
FR;0;2021-10-18;29217;42343;67521;134;42561;71382;27;0;0;51525635;44548219;2175961;3383;49770884;2133131;1352;0;2
FR;0;2021-10-19;27196;45548;76431;140;43206;81677;45;0;0;51552831;44593767;2252392;3523;49814090;2214808;1397;0;2
FR;0;2021-10-20;35347;52408;96960;181;51814;101579;45;0;0;51588178;44646175;2349352;3704;49865904;2316387;1442;0;2
FR;0;2021-10-21;26169;45172;83999;112;41968;89196;30;0;0;51614347;44691347;2433351;3816;49907872;2405583;1472;0;2
FR;0;2021-10-22;38450;62489;104928;200;59355;112655;61;0;0;51652797;44753836;2538279;4016;49967227;2518238;1533;0;2
FR;0;2021-10-23;27034;41205;45467;57;42426;48638;14;0;0;51679831;44795041;2583746;4073;50009653;2566876;1547;0;2
FR;0;2021-10-24;2947;4763;3686;6;5014;3923;1;0;0;51682778;44799804;2587432;4079;50014667;2570799;1548;0;2
FR;0;2021-10-25;26109;36208;82347;144;35481;86681;38;0;0;51708887;44836012;2669779;4223;50050148;2657480;1586;0;2
FR;0;2021-10-26;23770;34990;87283;166;32157;92411;35;0;0;51732657;44871002;2757062;4389;50082305;2749891;1621;0;2
FR;0;2021-10-27;30115;46298;109035;257;44037;114753;48;0;0;51762772;44917300;2866097;4646;50126342;2864644;1669;0;2
FR;0;2021-10-28;23611;34930;88745;153;31197;94543;35;0;0;51786383;44952230;2954842;4799;50157539;2959187;1704;0;2
FR;0;2021-10-29;31589;51450;117349;206;46497;125438;52;0;0;51817972;45003680;3072191;5005;50204036;3084625;1756;0;2
FR;0;2021-10-30;20578;33239;50361;76;32921;53430;20;0;0;51838550;45036919;3122552;5081;50236957;3138055;1776;0;2
FR;0;2021-10-31;2519;3732;3595;3;3844;3881;3;0;0;51841069;45040651;3126147;5084;50240801;3141936;1779;0;2
FR;0;2021-11-01;8544;4868;3224;3;5020;3586;10;0;0;51849613;45045519;3129371;5087;50245821;3145522;1789;0;2
FR;0;2021-11-02;26387;40099;93612;156;36238;99674;44;0;1;51876000;45085618;3222983;5243;50282059;3245196;1833;0;3
FR;0;2021-11-03;30133;47901;118933;222;43555;125909;64;0;0;51906133;45133519;3341916;5465;50325614;3371105;1897;0;3
FR;0;2021-11-04;23824;37460;107602;217;31573;114482;46;0;0;51929957;45170979;3449518;5682;50357187;3485587;1943;0;3
FR;0;2021-11-05;32420;52938;141679;236;44652;151469;54;0;0;51962377;45223917;3591197;5918;50401839;3637056;1997;0;3
FR;0;2021-11-06;21554;34551;64912;123;32384;68354;26;0;0;51983931;45258468;3656109;6041;50434223;3705410;2023;0;3
FR;0;2021-11-07;2430;4154;5209;6;4000;5598;7;0;0;51986361;45262622;3661318;6047;50438223;3711008;2030;0;3
FR;0;2021-11-08;20634;37740;127237;227;30948;134365;50;0;0;52006995;45300362;3788555;6274;50469171;3845373;2080;0;3
FR;0;2021-11-09;22444;44650;161745;339;32855;172359;65;0;0;52029439;45345012;3950300;6613;50502026;4017732;2145;0;3
FR;0;2021-11-10;31621;54875;187071;447;44021;198891;91;0;0;52061060;45399887;4137371;7060;50546047;4216623;2236;0;3
FR;0;2021-11-11;4750;6743;12999;28;5905;13982;17;0;0;52065810;45406630;4150370;7088;50551952;4230605;2253;0;3
FR;0;2021-11-12;29103;55050;183838;252;41713;197505;86;0;0;52094913;45461680;4334208;7340;50593665;4428110;2339;0;3
FR;0;2021-11-13;20357;32599;80730;118;28229;86354;44;0;0;52115270;45494279;4414938;7458;50621894;4514464;2383;0;3
FR;0;2021-11-14;2367;3854;7184;6;3362;7847;9;0;0;52117637;45498133;4422122;7464;50625256;4522311;2392;0;3
FR;0;2021-11-15;20525;38549;160911;314;27783;171651;77;0;0;52138162;45536682;4583033;7778;50653039;4693962;2469;0;3
FR;0;2021-11-16;23675;43823;200492;394;27699;215191;115;0;1;52161837;45580505;4783525;8172;50680738;4909153;2584;0;4
FR;0;2021-11-17;30545;50235;199905;406;36444;212971;98;0;0;52192382;45630740;4983430;8578;50717182;5122124;2682;0;4
FR;0;2021-11-18;23460;45683;191758;469;29391;205746;94;0;0;52215842;45676423;5175188;9047;50746573;5327870;2776;0;4
FR;0;2021-11-19;33696;61269;243294;551;39906;262314;147;0;0;52249538;45737692;5418482;9598;50786479;5590184;2923;0;4
FR;0;2021-11-20;25426;36658;102195;207;29266;109768;43;0;0;52274964;45774350;5520677;9805;50815745;5699952;2966;0;4
FR;0;2021-11-21;2666;4444;9683;19;3443;10609;19;0;0;52277630;45778794;5530360;9824;50819188;5710561;2985;0;4
FR;0;2021-11-22;22824;33111;180437;472;18912;194923;90;0;0;52300454;45811905;5710797;10296;50838100;5905484;3075;0;4
FR;0;2021-11-23;25738;45457;229495;549;24111;247986;85;0;0;52326192;45857362;5940292;10845;50862211;6153470;3160;0;4
FR;0;2021-11-24;31821;53591;224910;715;34471;243364;80;0;0;52358013;45910953;6165202;11560;50896682;6396834;3240;0;4
FR;0;2021-11-25;25654;49132;256030;739;25045;277941;112;0;0;52383667;45960085;6421232;12299;50921727;6674775;3352;0;4
FR;0;2021-11-26;33255;74668;379566;867;37391;414800;172;0;0;52416922;46034753;6800798;13166;50959118;7089575;3524;0;4
FR;0;2021-11-27;23508;49551;214980;391;28441;236786;135;0;0;52440430;46084304;7015778;13557;50987559;7326361;3659;0;4
FR;0;2021-11-28;3528;10443;56787;66;4057;63333;42;0;0;52443958;46094747;7072565;13623;50991616;7389694;3701;0;4
FR;0;2021-11-29;19449;54065;341575;864;23092;371914;178;0;0;52463407;46148812;7414140;14487;51014708;7761608;3879;0;4
FR;0;2021-11-30;24789;71791;457492;988;26789;500934;291;0;0;52488196;46220603;7871632;15475;51041497;8262542;4170;0;4
FR;0;2021-12-01;27400;75417;469225;1162;31307;511448;304;0;0;52515596;46296020;8340857;16637;51072804;8773990;4474;0;4
FR;0;2021-12-02;22133;71459;527255;1282;20995;575056;309;0;0;52537729;46367479;8868112;17919;51093799;9349046;4783;0;4
FR;0;2021-12-03;25581;92767;596539;1421;34326;651332;343;0;0;52563310;46460246;9464651;19340;51128125;10000378;5126;0;4
FR;0;2021-12-04;18342;60286;336314;692;25662;369890;197;0;0;52581652;46520532;9800965;20032;51153787;10370268;5323;0;4
FR;0;2021-12-05;4158;16083;95820;157;4852;107050;92;0;0;52585810;46536615;9896785;20189;51158639;10477318;5415;0;4
FR;0;2021-12-06;28452;72660;493294;1175;25217;540114;386;0;0;52614262;46609275;10390079;21364;51183856;11017432;5801;0;4
FR;0;2021-12-07;23569;91190;645587;1774;28507;706600;416;0;0;52637831;46700465;11035666;23138;51212363;11724032;6217;0;4
FR;0;2021-12-08;25525;91864;591909;1875;34935;647777;439;0;0;52663356;46792329;11627575;25013;51247298;12371809;6656;0;4
FR;0;2021-12-09;24088;94004;663383;2179;28948;726828;463;0;0;52687444;46886333;12290958;27192;51276246;13098637;7119;0;4
FR;0;2021-12-10;28080;110826;736224;2075;37929;806399;471;0;1;52715524;46997159;13027182;29267;51314175;13905036;7590;0;5
FR;0;2021-12-11;20255;76039;435254;990;29934;480481;343;0;0;52735779;47073198;13462436;30257;51344109;14385517;7933;0;5
FR;0;2021-12-12;5685;23104;142362;262;6384;159235;108;0;0;52741464;47096302;13604798;30519;51350493;14544752;8041;0;5
FR;0;2021-12-13;21371;90672;587854;1699;29627;649470;397;0;0;52762835;47186974;14192652;32218;51380120;15194222;8438;0;5
FR;0;2021-12-14;27991;118199;765824;2658;35393;847805;701;0;1;52790826;47305173;14958476;34876;51415513;16042027;9139;0;6
FR;0;2021-12-15;28459;114131;694534;2267;39486;769315;503;0;1;52819285;47419304;15653010;37143;51454999;16811342;9642;0;7
FR;0;2021-12-16;28061;115565;764271;2559;35078;844697;516;0;0;52847346;47534869;16417281;39702;51490077;17656039;10158;0;7
FR;0;2021-12-17;31667;128219;808042;2713;43320;892194;612;0;0;52879013;47663088;17225323;42415;51533397;18548233;10770;0;7
FR;0;2021-12-18;24945;81472;470065;1179;30040;522269;353;0;0;52903958;47744560;17695388;43594;51563437;19070502;11123;0;7
FR;0;2021-12-19;8771;28505;169449;376;7835;191055;143;0;0;52912729;47773065;17864837;43970;51571272;19261557;11266;0;7
FR;0;2021-12-20;31785;97016;591631;1789;33811;658847;503;0;0;52944514;47870081;18456468;45759;51605083;19920404;11769;0;7
FR;0;2021-12-21;39483;111839;682566;2391;38746;759700;607;0;0;52983997;47981920;19139034;48150;51643829;20680104;12376;0;7
FR;0;2021-12-22;39566;99104;575909;2169;37075;642225;687;0;2;53023563;48081024;19714943;50319;51680904;21322329;13063;0;9
FR;0;2021-12-23;33792;79319;441114;1659;30089;494452;589;0;0;53057355;48160343;20156057;51978;51710993;21816781;13652;0;9
FR;0;2021-12-24;10701;26013;111060;398;11637;126676;236;0;1;53068056;48186356;20267117;52376;51722630;21943457;13888;0;10
FR;0;2021-12-25;779;3565;7603;25;2046;9022;72;0;0;53068835;48189921;20274720;52401;51724676;21952479;13960;0;10
FR;0;2021-12-26;4699;11877;52128;142;4736;60172;170;0;0;53073534;48201798;20326848;52543;51729412;22012651;14130;0;10
FR;0;2021-12-27;30511;83906;453632;1364;33014;509280;665;0;0;53104045;48285704;20780480;53907;51762426;22521931;14795;0;10
FR;0;2021-12-28;38369;98787;564241;1769;35082;632337;1558;0;2;53142414;48384491;21344721;55676;51797508;23154268;16353;0;12
FR;0;2021-12-29;39882;88133;501291;1687;33082;561056;1738;0;1;53182296;48472624;21846012;57363;51830590;23715324;18091;0;13
FR;0;2021-12-30;35928;75049;421074;1520;29497;471181;1880;0;0;53218224;48547673;22267086;58883;51860087;24186505;19971;0;13
FR;0;2021-12-31;12053;25071;116896;405;11262;131679;741;0;0;53230277;48572744;22383982;59288;51871349;24318184;20712;0;13
FR;0;2022-01-01;1595;3214;8533;37;1805;9942;103;0;0;53231872;48575958;22392515;59325;51873154;24328126;20815;0;13
FR;0;2022-01-02;6131;13015;58437;126;5109;66976;408;0;0;53238003;48588973;22450952;59451;51878263;24395102;21223;0;13
FR;0;2022-01-03;39742;90135;494909;1597;36875;551788;2650;0;1;53277745;48679108;22945861;61048;51915138;24946890;23873;0;14
FR;0;2022-01-04;42316;110969;641488;2309;40640;714498;3836;0;3;53320061;48790077;23587349;63357;51955778;25661388;27709;0;17
FR;0;2022-01-05;61226;103579;569286;1985;43797;634321;3429;0;2;53381287;48893656;24156635;65342;51999575;26295709;31138;0;19
FR;0;2022-01-06;44321;110305;639068;2702;40221;711588;4558;0;2;53425608;49003961;24795703;68044;52039796;27007297;35696;0;21
FR;0;2022-01-07;50847;123275;711080;2811;46836;790564;4995;0;2;53476455;49127236;25506783;70855;52086632;27797861;40691;0;23
FR;0;2022-01-08;45015;80265;423847;1213;35044;472912;2447;0;3;53521470;49207501;25930630;72068;52121676;28270773;43138;0;26
FR;0;2022-01-09;15614;26593;128585;300;11483;145663;829;0;0;53537084;49234094;26059215;72368;52133159;28416436;43967;0;26
FR;0;2022-01-10;35425;93247;469403;1816;43019;522791;3722;0;1;53572509;49327341;26528618;74184;52176178;28939227;47689;0;27
FR;0;2022-01-11;41956;100430;548347;2311;42393;608593;5220;0;2;53614465;49427771;27076965;76495;52218571;29547820;52909;0;29
FR;0;2022-01-12;60425;95683;452751;1969;49482;504415;4497;0;8;53674890;49523454;27529716;78464;52268053;30052235;57406;0;37
FR;0;2022-01-13;38275;92513;487422;2084;40547;541105;5467;0;8;53713165;49615967;28017138;80548;52308600;30593340;62873;0;45
FR;0;2022-01-14;42590;103288;568676;2286;43496;629064;6463;0;2;53755755;49719255;28585814;82834;52352096;31222404;69336;0;47
FR;0;2022-01-15;39433;65879;340169;985;31448;377582;3296;0;1;53795188;49785134;28925983;83819;52383544;31599986;72632;0;48
FR;0;2022-01-16;11415;19193;87447;216;9017;99403;764;0;0;53806603;49804327;29013430;84035;52392561;31699389;73396;0;48
FR;0;2022-01-17;24755;59979;320338;1384;28036;354176;3960;0;4;53831358;49864306;29333768;85419;52420597;32053565;77356;0;52
FR;0;2022-01-18;28332;68680;361151;1802;32014;397599;5771;0;1;53859690;49932986;29694919;87221;52452611;32451164;83127;0;53
FR;0;2022-01-19;43231;67007;281355;1452;40383;311093;4392;0;5;53902921;49999993;29976274;88673;52492994;32762257;87519;0;58
FR;0;2022-01-20;23681;59591;299074;1750;29562;328542;5637;0;4;53926602;50059584;30275348;90423;52522556;33090799;93156;0;62
FR;0;2022-01-21;28216;68763;366413;2086;33070;401219;6580;0;3;53954818;50128347;30641761;92509;52555626;33492018;99736;0;65
FR;0;2022-01-22;27630;47972;218811;840;27303;241796;2838;0;2;53982448;50176319;30860572;93349;52582929;33733814;102574;0;67
FR;0;2022-01-23;6740;12964;48695;173;7503;55170;591;0;1;53989188;50189283;30909267;93522;52590432;33788984;103165;0;68
FR;0;2022-01-24;16286;47439;217356;1149;25401;239356;4103;0;3;54005474;50236722;31126623;94671;52615833;34028340;107268;0;71
FR;0;2022-01-25;19034;54315;243104;1548;28805;267103;6067;0;5;54024508;50291037;31369727;96219;52644638;34295443;113335;0;76
FR;0;2022-01-26;28148;60550;209319;1299;41362;229548;4479;0;3;54052656;50351587;31579046;97518;52686000;34524991;117814;0;79
FR;0;2022-01-27;16338;46486;207675;1287;26147;226065;5693;0;4;54068994;50398073;31786721;98805;52712147;34751056;123507;0;83
FR;0;2022-01-28;21594;78650;290091;1574;44970;321349;7411;0;4;54090588;50476723;32076812;100379;52757117;35072405;130918;0;87
FR;0;2022-01-29;18424;52845;184145;689;32751;204576;3255;0;2;54109012;50529568;32260957;101068;52789868;35276981;134173;0;89
FR;0;2022-01-30;4477;14463;39152;124;9130;45056;637;0;1;54113489;50544031;32300109;101192;52798998;35322037;134810;0;90
FR;0;2022-01-31;11261;43903;148219;742;26129;164720;4230;0;5;54124750;50587934;32448328;101934;52825127;35486757;139040;0;95
FR;0;2022-02-01;13652;48292;174148;1145;27329;191336;7036;0;1;54138402;50636226;32622476;103079;52852456;35678093;146076;0;96
FR;0;2022-02-02;20760;66295;171561;1034;46159;190079;5970;0;10;54159162;50702521;32794037;104113;52898615;35868172;152046;0;106
FR;0;2022-02-03;11759;44789;157585;990;25344;173286;6933;0;6;54170921;50747310;32951622;105103;52923959;36041458;158979;0;112
FR;0;2022-02-04;14647;67979;239263;1267;37602;264081;9153;0;6;54185568;50815289;33190885;106370;52961561;36305539;168132;0;118
FR;0;2022-02-05;12903;51439;153565;523;31977;172294;3784;0;3;54198471;50866728;33344450;106893;52993538;36477833;171916;0;121
FR;0;2022-02-06;2726;12168;28898;102;7289;33830;662;0;0;54201197;50878896;33373348;106995;53000827;36511663;172578;0;121
FR;0;2022-02-07;9619;46620;156905;594;24515;176303;5294;0;6;54210816;50925516;33530253;107589;53025342;36687966;177872;0;127
FR;0;2022-02-08;9817;43101;166663;870;20967;184458;7054;0;6;54220633;50968617;33696916;108459;53046309;36872424;184926;0;133
FR;0;2022-02-09;14463;58262;172360;876;35361;193068;5788;0;9;54235096;51026879;33869276;109335;53081670;37065492;190714;0;142
FR;0;2022-02-10;8732;39229;150244;881;18706;166722;6503;0;2;54243828;51066108;34019520;110216;53100376;37232214;197217;0;144
FR;0;2022-02-11;10864;55704;218522;1101;25847;243117;8322;0;3;54254692;51121812;34238042;111317;53126223;37475331;205539;0;147
FR;0;2022-02-12;8409;40970;134740;465;22637;151768;3509;0;4;54263101;51162782;34372782;111782;53148860;37627099;209048;0;151
FR;0;2022-02-13;1940;8605;26568;86;4411;30930;544;0;3;54265041;51171387;34399350;111868;53153271;37658029;209592;0;154
FR;0;2022-02-14;6998;35260;148389;487;14672;166385;4789;0;5;54272039;51206647;34547739;112355;53167943;37824414;214381;0;159
FR;0;2022-02-15;7070;36238;147003;751;16008;162588;6849;0;3;54279109;51242885;34694742;113106;53183951;37987002;221230;0;162
FR;0;2022-02-16;9417;42993;132550;722;25984;146769;5727;0;6;54288526;51285878;34827292;113828;53209935;38133771;226957;0;168
FR;0;2022-02-17;5582;24348;87318;587;13147;94893;5408;0;5;54294108;51310226;34914610;114415;53223082;38228664;232365;0;173
FR;0;2022-02-18;7003;33596;119673;807;18768;129339;7416;0;2;54301111;51343822;35034283;115222;53241850;38358003;239781;0;175
FR;0;2022-02-19;5371;24558;70030;371;15910;77340;3020;0;2;54306482;51368380;35104313;115593;53257760;38435343;242801;0;177
FR;0;2022-02-20;1152;4661;12175;39;2916;13957;460;0;1;54307634;51373041;35116488;115632;53260676;38449300;243261;0;178
FR;0;2022-02-21;4100;17896;61958;351;10173;67188;4059;0;2;54311734;51390937;35178446;115983;53270849;38516488;247320;0;180
FR;0;2022-02-22;4468;18668;60840;577;11270;64481;5255;0;1;54316202;51409605;35239286;116560;53282119;38580969;252575;0;181
FR;0;2022-02-23;6593;27365;66512;593;19633;71911;4595;0;3;54322795;51436970;35305798;117153;53301752;38652880;257170;0;184
FR;0;2022-02-24;3852;15563;50435;519;9523;53259;4531;0;2;54326647;51452533;35356233;117672;53311275;38706139;261701;0;186
FR;0;2022-02-25;5287;24299;76372;804;15274;80104;7336;0;7;54331934;51476832;35432605;118476;53326549;38786243;269037;0;193
FR;0;2022-02-26;3995;17772;47421;359;12174;51488;3083;0;3;54335929;51494604;35480026;118835;53338723;38837731;272120;0;196
FR;0;2022-02-27;881;3011;8040;47;1980;8949;531;0;0;54336810;51497615;35488066;118882;53340703;38846680;272651;0;196
FR;0;2022-02-28;3127;12562;40497;359;7596;42930;3858;0;0;54339937;51510177;35528563;119241;53348299;38889610;276509;0;196
FR;0;2022-03-01;4013;12615;44203;437;7639;44875;5518;0;6;54343950;51522792;35572766;119678;53355938;38934485;282027;0;202
FR;0;2022-03-02;5338;17901;47155;448;12961;49087;4931;0;2;54349288;51540693;35619921;120126;53368899;38983572;286958;0;204
FR;0;2022-03-03;2830;9362;29903;371;6260;30026;4050;0;2;54352118;51550055;35649824;120497;53375159;39013598;291008;0;206
FR;0;2022-03-04;3230;12522;40343;669;8521;39492;6235;0;4;54355348;51562577;35690167;121166;53383680;39053090;297243;0;210
FR;0;2022-03-05;3074;9291;24962;314;7133;25126;3135;0;1;54358422;51571868;35715129;121480;53390813;39078216;300378;0;211
FR;0;2022-03-06;522;1410;3199;43;1031;3444;379;0;0;54358944;51573278;35718328;121523;53391844;39081660;300757;0;211
FR;0;2022-03-07;2499;5636;18439;315;3853;17711;3307;0;4;54361443;51578914;35736767;121838;53395697;39099371;304064;0;215
FR;0;2022-03-08;2155;6082;19452;363;4336;17925;4093;0;3;54363598;51584996;35756219;122201;53400033;39117296;308157;0;218
FR;0;2022-03-09;3583;10572;22200;408;8799;21295;4042;0;4;54367181;51595568;35778419;122609;53408832;39138591;312199;0;222
FR;0;2022-03-10;1833;5848;17012;345;4397;15838;3408;0;3;54369014;51601416;35795431;122954;53413229;39154429;315607;0;225
FR;0;2022-03-11;2422;7568;24511;545;5446;22280;5479;0;2;54371436;51608984;35819942;123499;53418675;39176709;321086;0;227
FR;0;2022-03-12;2699;6776;17168;309;5494;16522;3137;0;2;54374135;51615760;35837110;123808;53424169;39193231;324223;0;229
FR;0;2022-03-13;406;795;2323;150;604;2272;538;0;0;54374541;51616555;35839433;123958;53424773;39195503;324761;0;229
FR;0;2022-03-14;1563;4278;14991;4412;2813;13844;7295;0;8;54376104;51620833;35854424;128370;53427586;39209347;332056;0;237
FR;0;2022-03-15;1751;6295;16387;7556;4810;14618;11036;0;9;54377855;51627128;35870811;135926;53432396;39223965;343092;0;246
FR;0;2022-03-16;3041;7414;19435;13142;6216;18113;16298;0;8;54380896;51634542;35890246;149068;53438612;39242078;359390;0;254
FR;0;2022-03-17;1465;3988;13157;10846;2809;11997;13314;0;9;54382361;51638530;35903403;159914;53441421;39254075;372704;0;263
FR;0;2022-03-18;2268;5758;20019;18307;4099;18115;22039;0;15;54384629;51644288;35923422;178221;53445520;39272190;394743;0;278
FR;0;2022-03-19;2294;4806;13116;9406;4142;12421;11409;0;6;54386923;51649094;35936538;187627;53449662;39284611;406152;0;284
FR;0;2022-03-20;302;738;1920;1074;530;1933;1340;0;2;54387225;51649832;35938458;188701;53450192;39286544;407492;0;286
FR;0;2022-03-21;1395;3222;12736;14951;2157;11962;16910;0;11;54388620;51653054;35951194;203652;53452349;39298506;424402;0;297
FR;0;2022-03-22;1557;3743;13808;20553;2581;12564;22845;0;5;54390177;51656797;35965002;224205;53454930;39311070;447247;0;302
FR;0;2022-03-23;2691;6300;17741;23152;5232;17249;25269;0;40;54392868;51663097;35982743;247357;53460162;39328319;472516;0;342
FR;0;2022-03-24;1411;3161;11600;17619;2249;10685;19394;0;23;54394279;51666258;35994343;264976;53462411;39339004;491910;0;365
FR;0;2022-03-25;2089;5160;18583;27775;3691;16920;30810;0;31;54396368;51671418;36012926;292751;53466102;39355924;522720;0;396
FR;0;2022-03-26;2232;4418;12080;12680;3866;11521;14402;0;26;54398600;51675836;36025006;305431;53469968;39367445;537122;0;422
FR;0;2022-03-27;365;693;1909;1483;515;1943;1740;0;1;54398965;51676529;36026915;306914;53470483;39369388;538862;0;423
FR;0;2022-03-28;1468;3082;11133;17490;2120;10621;19070;0;16;54400433;51679611;36038048;324404;53472603;39380009;557932;0;439
FR;0;2022-03-29;1452;3284;12913;27586;2098;12055;29285;0;34;54401885;51682895;36050961;351990;53474701;39392064;587217;0;473
FR;0;2022-03-30;2854;5589;15691;27435;4773;15091;29341;0;21;54404739;51688484;36066652;379425;53479474;39407155;616558;0;494
FR;0;2022-03-31;1615;3585;12992;25041;2570;12331;26651;0;43;54406354;51692069;36079644;404466;53482044;39419486;643209;0;537
FR;0;2022-04-01;2690;4588;20083;30897;2974;18725;33490;0;62;54409044;51696657;36099727;435363;53485018;39438211;676699;0;599
FR;0;2022-04-02;1532;2649;9054;10135;2009;8728;11297;0;29;54410576;51699306;36108781;445498;53487027;39446939;687996;0;628
FR;0;2022-04-03;294;516;1562;1171;360;1580;1382;0;2;54410870;51699822;36110343;446669;53487387;39448519;689378;0;630
FR;0;2022-04-04;4568;3032;12390;19129;2053;11598;20602;0;35;54415438;51702854;36122733;465798;53489440;39460117;709980;0;665
FR;0;2022-04-05;2608;3178;14352;34151;2055;13205;35769;0;85;54418046;51706032;36137085;499949;53491495;39473322;745749;0;750
FR;0;2022-04-06;2613;3964;13544;26544;3030;12819;28013;0;72;54420659;51709996;36150629;526493;53494525;39486141;773762;0;822
FR;0;2022-04-07;1989;3151;13687;33822;1999;12901;35178;0;76;54422648;51713147;36164316;560315;53496524;39499042;808940;0;898
FR;0;2022-04-08;2310;4344;19236;44016;2674;17862;46369;0;89;54424958;51717491;36183552;604331;53499198;39516904;855309;0;987
FR;0;2022-04-09;1374;2682;9315;13568;1905;8869;14800;0;30;54426332;51720173;36192867;617899;53501103;39525773;870109;0;1017
FR;0;2022-04-10;296;757;1985;2017;555;2007;2279;0;7;54426628;51720930;36194852;619916;53501658;39527780;872388;0;1024
FR;0;2022-04-11;1351;2634;11876;23934;1655;11483;25206;0;74;54427979;51723564;36206728;643850;53503313;39539263;897594;0;1098
FR;0;2022-04-12;1729;3083;14023;40928;1967;13395;41818;0;127;54429708;51726647;36220751;684778;53505280;39552658;939412;0;1225
FR;0;2022-04-13;1980;3722;13416;33118;2720;13037;34087;0;96;54431688;51730369;36234167;717896;53508000;39565695;973499;0;1321
FR;0;2022-04-14;1510;3016;13216;36354;1944;13074;37023;0;105;54433198;51733385;36247383;754250;53509944;39578769;1010522;0;1426
FR;0;2022-04-15;1883;3880;15645;35584;2622;14926;37235;0;115;54435081;51737265;36263028;789834;53512566;39593695;1047757;0;1541
FR;0;2022-04-16;1046;1834;6400;8553;1263;6263;9435;0;40;54436127;51739099;36269428;798387;53513829;39599958;1057192;0;1581
FR;0;2022-04-17;195;340;993;1174;224;1036;1242;0;7;54436322;51739439;36270421;799561;53514053;39600994;1058434;0;1588
FR;0;2022-04-18;201;561;2768;1072;358;2787;1287;0;5;54436523;51740000;36273189;800633;53514411;39603781;1059721;0;1593
FR;0;2022-04-19;1546;3031;12919;29690;1878;12480;30737;0;78;54438069;51743031;36286108;830323;53516289;39616261;1090458;0;1671
FR;0;2022-04-20;2008;3499;13308;29072;2612;12996;30088;0;96;54440077;51746530;36299416;859395;53518901;39629257;1120546;0;1767
FR;0;2022-04-21;1516;2857;12554;35212;1828;12647;35786;0;117;54441593;51749387;36311970;894607;53520729;39641904;1156332;0;1884
FR;0;2022-04-22;1880;3627;16483;37645;2402;15847;39178;0;132;54443473;51753014;36328453;932252;53523131;39657751;1195510;0;2016
FR;0;2022-04-23;1151;2071;7391;10659;1481;7242;11444;0;38;54444624;51755085;36335844;942911;53524612;39664993;1206954;0;2054
FR;0;2022-04-24;249;467;1478;1592;326;1414;1850;0;7;54444873;51755552;36337322;944503;53524938;39666407;1208804;0;2061
FR;0;2022-04-25;1308;2535;10687;21074;1614;10492;22096;0;79;54446181;51758087;36348009;965577;53526552;39676899;1230900;0;2140
FR;0;2022-04-26;1627;3008;13671;38665;1967;13114;39462;0;181;54447808;51761095;36361680;1004242;53528519;39690013;1270362;0;2321
FR;0;2022-04-27;1965;3068;11539;31089;2283;11596;31507;0;131;54449773;51764163;36373219;1035331;53530802;39701609;1301869;0;2452
FR;0;2022-04-28;1571;2783;12530;36269;1865;12271;36586;0;139;54451344;51766946;36385749;1071600;53532667;39713880;1338455;0;2591
FR;0;2022-04-29;2011;4834;15561;37281;3639;14938;38751;0;164;54453355;51771780;36401310;1108881;53536306;39728818;1377206;0;2755
FR;0;2022-04-30;1225;4702;6929;9717;4196;6758;10608;0;44;54454580;51776482;36408239;1118598;53540502;39735576;1387814;0;2799
FR;0;2022-05-01;221;325;916;1000;229;911;1141;0;6;54454801;51776807;36409155;1119598;53540731;39736487;1388955;0;2805
FR;0;2022-05-02;2364;2969;11160;18182;2065;10994;19026;0;69;54457165;51779776;36420315;1137780;53542796;39747481;1407981;0;2874
FR;0;2022-05-03;2067;3269;13726;34703;2129;13567;35624;0;163;54459232;51783045;36434041;1172483;53544925;39761048;1443605;0;3037
FR;0;2022-05-04;1926;3304;12188;25651;2304;12305;26203;0;110;54461158;51786349;36446229;1198134;53547229;39773353;1469808;0;3147
FR;0;2022-05-05;1796;3040;13070;33602;2018;12916;34270;0;180;54462954;51789389;36459299;1231736;53549247;39786269;1504078;0;3327
FR;0;2022-05-06;2218;3667;15356;36808;2326;14866;38270;0;182;54465172;51793056;36474655;1268544;53551573;39801135;1542348;0;3509
FR;0;2022-05-07;1210;1783;6464;9614;1255;6456;10339;0;48;54466382;51794839;36481119;1278158;53552828;39807591;1552687;0;3557
FR;0;2022-05-08;267;400;1175;1548;288;1236;1654;0;8;54466649;51795239;36482294;1279706;53553116;39808827;1554341;0;3565
FR;0;2022-05-09;1404;2307;9927;20259;1414;9798;21175;0;102;54468053;51797546;36492221;1299965;53554530;39818625;1575516;0;3667
FR;0;2022-05-10;1803;3432;13572;38999;2296;13128;40026;0;200;54469856;51800978;36505793;1338964;53556826;39831753;1615542;0;3867
FR;0;2022-05-11;2004;3022;10755;27942;2326;10701;28445;0;146;54471860;51804000;36516548;1366906;53559152;39842454;1643987;0;4013
FR;0;2022-05-12;1595;2746;11386;35758;1816;11055;36523;0;211;54473455;51806746;36527934;1402664;53560968;39853509;1680510;0;4224
FR;0;2022-05-13;1985;3224;13761;37981;2068;13350;39246;0;162;54475440;51809970;36541695;1440645;53563036;39866859;1719756;0;4386
FR;0;2022-05-14;1150;1647;5938;10778;1205;5801;11366;0;58;54476590;51811617;36547633;1451423;53564241;39872660;1731122;0;4444
FR;0;2022-05-15;283;479;1278;1440;302;1361;1593;0;6;54476873;51812096;36548911;1452863;53564543;39874021;1732715;0;4450
FR;0;2022-05-16;1196;2047;8694;21070;1248;8700;21597;0;128;54478069;51814143;36557605;1473933;53565791;39882721;1754312;0;4578
FR;0;2022-05-17;1592;2605;11828;37881;1671;11404;38723;0;180;54479661;51816748;36569433;1511814;53567462;39894125;1793035;0;4758
FR;0;2022-05-18;1816;2655;9694;27166;1957;9667;27785;0;109;54481477;51819403;36579127;1538980;53569419;39903792;1820820;0;4867
FR;0;2022-05-19;1451;2660;10580;35846;1636;10720;36037;0;162;54482928;51822063;36589707;1574826;53571055;39914512;1856857;0;5029
FR;0;2022-05-20;1876;3118;13426;39369;2080;12913;40389;0;168;54484804;51825181;36603133;1614195;53573135;39927425;1897246;0;5197
FR;0;2022-05-21;1159;1718;5662;9897;1314;5533;10534;0;45;54485963;51826899;36608795;1624092;53574449;39932958;1907780;0;5242
FR;0;2022-05-22;241;341;1031;1440;263;1017;1584;0;10;54486204;51827240;36609826;1625532;53574712;39933975;1909364;0;5252
FR;0;2022-05-23;1176;2127;8880;20375;1411;8830;21030;0;86;54487380;51829367;36618706;1645907;53576123;39942805;1930394;0;5338
FR;0;2022-05-24;1542;2759;11367;38882;1736;11239;39511;0;190;54488922;51832126;36630073;1684789;53577859;39954044;1969905;0;5528
FR;0;2022-05-25;1814;2839;9343;24847;2077;9481;25323;0;116;54490736;51834965;36639416;1709636;53579936;39963525;1995228;0;5644
FR;0;2022-05-26;216;430;1666;1201;293;1677;1344;0;26;54490952;51835395;36641082;1710837;53580229;39965202;1996572;0;5670
FR;0;2022-05-27;1390;2477;9266;21291;1670;9006;22325;0;94;54492342;51837872;36650348;1732128;53581899;39974208;2018897;0;5764
FR;0;2022-05-28;669;1272;3919;6795;852;3968;7204;0;38;54493011;51839144;36654267;1738923;53582751;39978176;2026101;0;5802
FR;0;2022-05-29;157;315;753;921;200;774;1033;0;4;54493168;51839459;36655020;1739844;53582951;39978950;2027134;0;5806
FR;0;2022-05-30;1026;1969;6995;19296;1249;7013;19808;0;91;54494194;51841428;36662015;1759140;53584200;39985963;2046942;0;5897
FR;0;2022-05-31;1488;2522;9823;35664;1649;9645;36295;0;171;54495682;51843950;36671838;1794804;53585849;39995608;2083237;0;6068
FR;0;2022-06-01;1752;3106;11029;24538;2254;10896;25491;0;122;54497434;51847056;36682867;1819342;53588103;40006504;2108728;0;6190
FR;0;2022-06-02;1480;2615;11311;35606;1717;10866;36552;0;174;54498914;51849671;36694178;1854948;53589820;40017370;2145280;0;6364
FR;0;2022-06-03;1728;3085;13424;38731;2054;12789;40001;0;176;54500642;51852756;36707602;1893679;53591874;40030159;2185281;0;6540
FR;0;2022-06-04;975;1517;5046;9113;1077;5117;9649;0;73;54501617;51854273;36712648;1902792;53592951;40035276;2194930;0;6613
FR;0;2022-06-05;181;336;876;1108;207;887;1230;0;4;54501798;51854609;36713524;1903900;53593158;40036163;2196160;0;6617
FR;0;2022-06-06;886;1255;2124;1329;1079;2141;1510;0;13;54502684;51855864;36715648;1905229;53594237;40038304;2197670;0;6630
FR;0;2022-06-07;1499;2713;9856;35598;1794;9434;36825;0;153;54504183;51858577;36725504;1940827;53596031;40047738;2234495;0;6783
FR;0;2022-06-08;1585;2698;9178;28790;1941;9021;29756;0;112;54505768;51861275;36734682;1969617;53597972;40056759;2264251;0;6895
FR;0;2022-06-09;1297;2443;10621;39505;1556;10266;40280;0;167;54507065;51863718;36745303;2009122;53599528;40067025;2304531;0;7062
FR;0;2022-06-10;1631;3195;13106;44828;2161;12668;46153;0;223;54508696;51866913;36758409;2053950;53601689;40079693;2350684;0;7285
FR;0;2022-06-11;962;1739;5432;11627;1125;5465;12212;0;55;54509658;51868652;36763841;2065577;53602814;40085158;2362896;0;7340
FR;0;2022-06-12;203;446;1079;1765;255;1143;1866;0;11;54509861;51869098;36764920;2067342;53603069;40086301;2364762;0;7351
FR;0;2022-06-13;1127;2070;7440;23183;1344;7270;24099;0;90;54510988;51871168;36772360;2090525;53604413;40093571;2388861;0;7441
FR;0;2022-06-14;1346;2550;10449;44949;1598;9808;46144;0;200;54512334;51873718;36782809;2135474;53606011;40103379;2435005;0;7641
FR;0;2022-06-15;1529;2465;9326;30907;1934;8965;31597;0;179;54513863;51876183;36792135;2166381;53607945;40112344;2466602;0;7820
FR;0;2022-06-16;1189;2041;9918;39932;1277;9327;40953;0;201;54515052;51878224;36802053;2206313;53609222;40121671;2507555;0;8021
FR;0;2022-06-17;1494;2859;12513;46699;1788;11920;47935;0;240;54516546;51881083;36814566;2253012;53611010;40133591;2555490;0;8261
FR;0;2022-06-18;857;1527;4567;11125;1038;4501;11720;0;67;54517403;51882610;36819133;2264137;53612048;40138092;2567210;0;8328
FR;0;2022-06-19;183;363;1059;1615;208;1131;1701;0;14;54517586;51882973;36820192;2265752;53612256;40139223;2568911;0;8342
FR;0;2022-06-20;1027;1928;8908;26079;1204;8569;27020;0;156;54518613;51884901;36829100;2291831;53613460;40147792;2595931;0;8498
FR;0;2022-06-21;1328;2404;10310;49898;1539;9339;51283;0;264;54519941;51887305;36839410;2341729;53614999;40157131;2647214;0;8762
FR;0;2022-06-22;1398;2519;8920;39065;1808;8430;40007;0;256;54521339;51889824;36848330;2380794;53616807;40165561;2687221;0;9018
FR;0;2022-06-23;1229;2371;10680;55113;1366;9886;56245;0;320;54522568;51892195;36859010;2435907;53618173;40175447;2743466;0;9338
FR;0;2022-06-24;1493;2997;13647;69186;1751;12309;71005;0;405;54524061;51895192;36872657;2505093;53619924;40187756;2814471;0;9743
FR;0;2022-06-25;939;1781;6236;19922;1112;5989;20777;0;177;54525000;51896973;36878893;2525015;53621036;40193745;2835248;0;9920
FR;0;2022-06-26;229;459;1953;3688;259;1818;3966;0;39;54525229;51897432;36880846;2528703;53621295;40195563;2839214;0;9959
FR;0;2022-06-27;1134;2026;10493;48488;1179;9636;49756;0;339;54526363;51899458;36891339;2577191;53622474;40205199;2888970;0;10298
FR;0;2022-06-28;1464;2816;14671;91411;1585;13088;93182;0;623;54527827;51902274;36906010;2668602;53624059;40218287;2982152;0;10921
FR;0;2022-06-29;1712;2835;12294;71899;1848;11242;73040;0;548;54529539;51905109;36918304;2740501;53625907;40229529;3055192;0;11469
FR;0;2022-06-30;1538;2737;14395;95167;1661;12476;97185;0;724;54531077;51907846;36932699;2835668;53627568;40242005;3152377;0;12193
FR;0;2022-07-01;2017;3806;21508;115937;2310;18859;118587;0;954;54533094;51911652;36954207;2951605;53629878;40260864;3270964;0;13147
FR;0;2022-07-02;1088;1859;8529;35755;1108;7705;36876;0;342;54534182;51913511;36962736;2987360;53630986;40268569;3307840;0;13489
FR;0;2022-07-03;294;539;2095;6456;319;1898;6805;0;79;54534476;51914050;36964831;2993816;53631305;40270467;3314645;0;13568
FR;0;2022-07-04;1968;3471;14716;79233;2337;12995;81305;0;639;54536444;51917521;36979547;3073049;53633642;40283462;3395950;0;14207
FR;0;2022-07-05;1799;3172;18842;133280;1804;16025;135571;0;1146;54538243;51920693;36998389;3206329;53635446;40299487;3531521;0;15353
FR;0;2022-07-06;1849;2790;15858;99602;1852;13651;101170;0;900;54540092;51923483;37014247;3305931;53637298;40313138;3632691;0;16253
FR;0;2022-07-07;1714;2872;18011;126041;1712;14790;128368;0;1179;54541806;51926355;37032258;3431972;53639010;40327928;3761059;0;17432
FR;0;2022-07-08;1894;3153;20756;137092;1857;16769;140084;0;1347;54543700;51929508;37053014;3569064;53640867;40344697;3901143;0;18779
FR;0;2022-07-09;868;1464;7746;37928;883;6693;38769;0;426;54544568;51930972;37060760;3606992;53641750;40351390;3939912;0;19205
FR;0;2022-07-10;272;687;2346;7004;441;2125;7395;0;94;54544840;51931659;37063106;3613996;53642191;40353515;3947307;0;19299
FR;0;2022-07-11;1459;2482;15020;88290;1404;12514;90477;0;801;54546299;51934141;37078126;3702286;53643595;40366029;4037784;0;20100
FR;0;2022-07-12;1844;3121;20537;143974;1717;16734;146678;0;1604;54548143;51937262;37098663;3846260;53645312;40382763;4184462;0;21704
FR;0;2022-07-13;1783;2755;15697;94544;1665;13278;96403;0;1080;54549926;51940017;37114360;3940804;53646977;40396041;4280865;0;22784
FR;0;2022-07-14;187;371;1957;5540;221;1836;5707;0;82;54550113;51940388;37116317;3946344;53647198;40397877;4286572;0;22866
FR;0;2022-07-15;1486;2575;15117;84465;1441;12600;86624;0;1035;54551599;51942963;37131434;4030809;53648639;40410477;4373196;0;23901
FR;0;2022-07-16;628;1193;5950;24982;699;5156;25674;0;327;54552227;51944156;37137384;4055791;53649338;40415633;4398870;0;24228
FR;0;2022-07-17;182;395;1738;4666;218;1570;4938;0;66;54552409;51944551;37139122;4060457;53649556;40417203;4403808;0;24294
FR;0;2022-07-18;1132;2252;11828;61810;1342;9978;63673;0;780;54553541;51946803;37150950;4122267;53650898;40427181;4467481;0;25074
FR;0;2022-07-19;1423;2355;15475;103709;1396;12296;105898;0;1459;54554964;51949158;37166425;4225976;53652294;40439477;4573379;0;26533
FR;0;2022-07-20;1429;2302;12970;77586;1470;10744;79173;0;1051;54556393;51951460;37179395;4303562;53653764;40450221;4652552;0;27584
FR;0;2022-07-21;1289;2172;13098;88244;1372;10500;89729;0;1316;54557682;51953632;37192493;4391806;53655136;40460721;4742281;0;28900
FR;0;2022-07-22;1433;2490;14832;89552;1469;11973;91418;0;1347;54559115;51956122;37207325;4481358;53656605;40472694;4833699;0;30247
FR;0;2022-07-23;684;1310;5536;22482;821;4858;23081;0;411;54559799;51957432;37212861;4503840;53657426;40477552;4856780;0;30658
FR;0;2022-07-24;186;353;1401;3905;204;1243;4132;0;72;54559985;51957785;37214262;4507745;53657630;40478795;4860912;0;30730
FR;0;2022-07-25;1061;1797;9493;48082;1149;7845;49519;0;737;54561046;51959582;37223755;4555827;53658779;40486640;4910431;0;31467
FR;0;2022-07-26;1301;2213;13306;85438;1322;10828;87135;0;1311;54562347;51961795;37237061;4641265;53660101;40497468;4997566;0;32778
FR;0;2022-07-27;1226;2008;10236;61318;1341;8530;62522;0;971;54563573;51963803;37247297;4702583;53661442;40505998;5060088;0;33749
FR;0;2022-07-28;1093;1864;10313;64421;1261;8226;65649;0;1046;54564666;51965667;37257610;4767004;53662703;40514224;5125737;0;34795
FR;0;2022-07-29;1282;2078;11011;65899;1387;8765;67329;0;1140;54565948;51967745;37268621;4832903;53664090;40522989;5193066;0;35935
FR;0;2022-07-30;503;867;3523;15283;604;2974;15666;0;303;54566451;51968612;37272144;4848186;53664694;40525963;5208732;0;36238
FR;0;2022-07-31;154;289;929;2439;185;788;2588;0;49;54566605;51968901;37273073;4850625;53664879;40526751;5211320;0;36287
FR;0;2022-08-01;1005;1670;7600;30240;1262;6399;31314;0;549;54567610;51970571;37280673;4880865;53666141;40533150;5242634;0;36836
FR;0;2022-08-02;1056;1650;8582;56131;1157;6895;56808;0;1170;54568666;51972221;37289255;4936996;53667298;40540045;5299442;0;38006
FR;0;2022-08-03;852;1266;6430;38683;903;5150;39421;0;702;54569518;51973487;37295685;4975679;53668201;40545195;5338863;0;38708
FR;0;2022-08-04;741;1187;6575;43161;783;5307;43726;0;917;54570259;51974674;37302260;5018840;53668984;40550502;5382589;0;39625
FR;0;2022-08-05;859;1364;7099;44975;972;5681;45630;0;993;54571118;51976038;37309359;5063815;53669956;40556183;5428219;0;40618
FR;0;2022-08-06;341;559;2101;9368;400;1759;9568;0;228;54571459;51976597;37311460;5073183;53670356;40557942;5437787;0;40846
FR;0;2022-08-07;104;160;536;1626;117;453;1702;0;38;54571563;51976757;37311996;5074809;53670473;40558395;5439489;0;40884
FR;0;2022-08-08;674;1165;4030;22109;921;3293;22544;0;490;54572237;51977922;37316026;5096918;53671394;40561688;5462033;0;41374
FR;0;2022-08-09;748;1167;5973;39963;854;4804;40446;0;844;54572985;51979089;37321999;5136881;53672248;40566492;5502479;0;42218
FR;0;2022-08-10;673;1291;4656;28058;1006;3797;28392;0;652;54573658;51980380;37326655;5164939;53673254;40570289;5530871;0;42870
FR;0;2022-08-11;640;1030;4493;29251;742;3713;29587;0;676;54574298;51981410;37331148;5194190;53673996;40574002;5560458;0;43546
FR;0;2022-08-12;849;1167;4747;28219;851;3920;28656;0;704;54575147;51982577;37335895;5222409;53674847;40577922;5589114;0;44250
FR;0;2022-08-13;362;428;1295;5260;325;1120;5419;0;121;54575509;51983005;37337190;5227669;53675172;40579042;5594533;0;44371
FR;0;2022-08-14;74;121;289;923;104;247;995;0;25;54575583;51983126;37337479;5228592;53675276;40579289;5595528;0;44396
FR;0;2022-08-15;117;232;610;564;198;558;618;0;19;54575700;51983358;37338089;5229156;53675474;40579847;5596146;0;44415
FR;0;2022-08-16;646;1078;3961;22179;840;3355;22372;0;615;54576346;51984436;37342050;5251335;53676314;40583202;5618518;0;45030
FR;0;2022-08-17;653;1041;3890;22900;816;3294;23141;0;620;54576999;51985477;37345940;5274235;53677130;40586496;5641659;0;45650
FR;0;2022-08-18;637;1002;4124;26312;806;3262;26545;0;673;54577636;51986479;37350064;5300547;53677936;40589758;5668204;0;46323
FR;0;2022-08-19;606;1167;4493;27259;875;3694;27565;0;766;54578242;51987646;37354557;5327806;53678811;40593452;5695769;0;47089
FR;0;2022-08-20;311;504;1356;5569;402;1171;5728;0;146;54578553;51988150;37355913;5333375;53679213;40594623;5701497;0;47235
FR;0;2022-08-21;97;135;305;1009;96;267;1044;0;27;54578650;51988285;37356218;5334384;53679309;40594890;5702541;0;47262
FR;0;2022-08-22;584;1002;3274;15358;781;2798;15688;0;425;54579234;51989287;37359492;5349742;53680090;40597688;5718229;0;47687
FR;0;2022-08-23;732;1180;4299;29002;853;3610;29091;0;870;54579966;51990467;37363791;5378744;53680943;40601298;5747320;0;48557
FR;0;2022-08-24;670;940;3498;19539;786;2860;19729;0;608;54580636;51991407;37367289;5398283;53681729;40604158;5767049;0;49165
FR;0;2022-08-25;626;1025;3947;23402;731;3295;23666;0;673;54581262;51992432;37371236;5421685;53682460;40607453;5790715;0;49838
FR;0;2022-08-26;862;1266;4478;25884;961;3671;26257;0;777;54582124;51993698;37375714;5447569;53683421;40611124;5816972;0;50615
FR;0;2022-08-27;299;500;1379;5469;362;1244;5533;0;194;54582423;51994198;37377093;5453038;53683783;40612368;5822505;0;50809
FR;0;2022-08-28;125;163;303;921;117;288;966;0;38;54582548;51994361;37377396;5453959;53683900;40612656;5823471;0;50847
FR;0;2022-08-29;623;970;3076;14679;770;2614;14985;0;433;54583171;51995331;37380472;5468638;53684670;40615270;5838456;0;51280
FR;0;2022-08-30;855;1224;4796;28553;900;3914;28883;0;823;54584026;51996555;37385268;5497191;53685570;40619184;5867339;0;52103
FR;0;2022-08-31;697;958;3207;17647;745;2718;17911;0;508;54584723;51997513;37388475;5514838;53686315;40621902;5885250;0;52611
FR;0;2022-09-01;757;997;4480;22500;709;3827;22766;0;623;54585480;51998510;37392955;5537338;53687024;40625729;5908016;0;53234
FR;0;2022-09-02;959;1159;5045;28615;847;4258;28909;0;914;54586439;51999669;37398000;5565953;53687871;40629987;5936925;0;54148
FR;0;2022-09-03;421;571;1920;6086;425;1667;6323;0;181;54586860;52000240;37399920;5572039;53688296;40631654;5943248;0;54329
FR;0;2022-09-04;135;150;351;876;85;347;945;0;24;54586995;52000390;37400271;5572915;53688381;40632001;5944193;0;54353
FR;0;2022-09-05;777;917;3178;16065;738;2658;16379;0;523;54587772;52001307;37403449;5588980;53689119;40634659;5960572;0;54876
FR;0;2022-09-06;925;1051;4740;31853;681;3873;32082;0;1040;54588697;52002358;37408189;5620833;53689800;40638532;5992654;0;55916
FR;0;2022-09-07;713;791;3000;16822;573;2482;16971;0;573;54589410;52003149;37411189;5637655;53690373;40641014;6009625;0;56489
FR;0;2022-09-08;634;862;3810;24866;597;3142;24957;0;818;54590044;52004011;37414999;5662521;53690970;40644156;6034582;0;57307
FR;0;2022-09-09;852;1039;4444;27660;681;3686;27836;0;951;54590896;52005050;37419443;5690181;53691651;40647842;6062418;0;58258
FR;0;2022-09-10;408;654;1739;5711;480;1539;5917;0;207;54591304;52005704;37421182;5695892;53692131;40649381;6068335;0;58465
FR;0;2022-09-11;124;131;324;657;93;307;716;0;17;54591428;52005835;37421506;5696549;53692224;40649688;6069051;0;58482
FR;0;2022-09-12;522;646;2690;13297;463;2295;13590;0;478;54591950;52006481;37424196;5709846;53692687;40651983;6082641;0;58960
FR;0;2022-09-13;682;873;3999;26521;562;3488;26398;0;875;54592632;52007354;37428195;5736367;53693249;40655471;6109039;0;59835
FR;0;2022-09-14;710;801;2968;16188;593;2485;16421;0;573;54593342;52008155;37431163;5752555;53693842;40657956;6125460;0;60408
FR;0;2022-09-15;578;849;3478;23587;601;2967;23656;0;728;54593920;52009004;37434641;5776142;53694443;40660923;6149116;0;61136
FR;0;2022-09-16;799;1050;4147;25919;734;3489;26139;0;932;54594719;52010054;37438788;5802061;53695177;40664412;6175255;0;62068
FR;0;2022-09-17;395;513;1454;6146;392;1284;6238;0;243;54595114;52010567;37440242;5808207;53695569;40665696;6181493;0;62311
FR;0;2022-09-18;117;144;323;962;123;291;1017;0;37;54595231;52010711;37440565;5809169;53695692;40665987;6182510;0;62348
FR;0;2022-09-19;482;648;2262;13219;451;1936;13402;0;436;54595713;52011359;37442827;5822388;53696143;40667923;6195912;0;62784
FR;0;2022-09-20;646;904;3790;26462;659;3157;26516;0;893;54596359;52012263;37446617;5848850;53696802;40671080;6222428;0;63677
FR;0;2022-09-21;591;776;2740;16259;580;2355;16250;0;587;54596950;52013039;37449357;5865109;53697382;40673435;6238678;0;64264
FR;0;2022-09-22;601;852;3426;23625;575;2809;23839;0;775;54597551;52013891;37452783;5888734;53697957;40676244;6262517;0;65039
FR;0;2022-09-23;838;1052;4495;28731;774;3764;28902;0;1021;54598389;52014943;37457278;5917465;53698731;40680008;6291419;0;66060
FR;0;2022-09-24;427;614;1648;6906;474;1421;7091;0;307;54598816;52015557;37458926;5924371;53699205;40681429;6298510;0;66367
FR;0;2022-09-25;99;194;336;1101;149;307;1143;0;37;54598915;52015751;37459262;5925472;53699354;40681736;6299653;0;66404
FR;0;2022-09-26;438;715;2300;13545;485;2019;13650;0;435;54599353;52016466;37461562;5939017;53699839;40683755;6313303;0;66839
FR;0;2022-09-27;614;845;3627;25944;615;2910;26099;0;959;54599967;52017311;37465189;5964961;53700454;40686665;6339402;0;67798
FR;0;2022-09-28;635;828;2557;15403;635;2305;15516;0;622;54600602;52018139;37467746;5980364;53701089;40688970;6354918;0;68420
FR;0;2022-09-29;566;769;3134;21052;547;2647;21081;43;810;54601168;52018908;37470880;6001416;53701636;40691617;6375999;43;69230
FR;0;2022-09-30;787;1125;3958;25563;845;3303;25831;715;1052;54601955;52020033;37474838;6026979;53702481;40694920;6401830;758;70282
FR;0;2022-10-01;431;685;2009;5975;533;1737;6212;396;318;54602386;52020718;37476847;6032954;53703014;40696657;6408042;1154;70600
FR;0;2022-10-02;63;136;218;639;97;215;665;66;42;54602449;52020854;37477065;6033593;53703111;40696872;6408707;1220;70642
FR;0;2022-10-03;631;947;2469;12053;780;2195;12231;2074;745;54603080;52021801;37479534;6045646;53703891;40699067;6420938;3294;71387
FR;0;2022-10-04;756;832;3394;23508;579;2785;23685;4704;1585;54603836;52022633;37482928;6069154;53704470;40701852;6444623;7998;72972
FR;0;2022-10-05;605;853;2448;14607;632;2163;14748;3656;1210;54604441;52023486;37485376;6083761;53705102;40704015;6459371;11654;74182
FR;0;2022-10-06;552;741;3090;21688;542;2522;21898;6668;1909;54604993;52024227;37488466;6105449;53705644;40706537;6481269;18322;76091
FR;0;2022-10-07;735;1013;4128;30310;740;3477;30398;16874;3205;54605728;52025240;37492594;6135759;53706384;40710014;6511667;35196;79296
FR;0;2022-10-08;356;521;1651;8432;383;1410;8601;6699;1171;54606084;52025761;37494245;6144191;53706767;40711424;6520268;41895;80467
FR;0;2022-10-09;109;143;337;1587;117;312;1650;1511;297;54606193;52025904;37494582;6145778;53706884;40711736;6521918;43406;80764
FR;0;2022-10-10;506;842;2932;20565;658;2523;20887;19597;3272;54606699;52026746;37497514;6166343;53707542;40714259;6542805;63003;84036
FR;0;2022-10-11;619;814;4269;40321;554;3572;40665;40162;6381;54607318;52027560;37501783;6206664;53708096;40717831;6583470;103165;90417
FR;0;2022-10-12;603;858;3268;26758;639;2776;27088;27304;4691;54607921;52028418;37505051;6233422;53708735;40720607;6610558;130469;95108
FR;0;2022-10-13;627;818;4017;38463;609;3138;38922;40607;6607;54608548;52029236;37509068;6271885;53709344;40723745;6649480;171076;101715
FR;0;2022-10-14;761;1074;4873;47668;783;3959;48143;51136;7863;54609309;52030310;37513941;6319553;53710127;40727704;6697623;222212;109578
FR;0;2022-10-15;368;589;1867;11851;428;1629;11965;13091;2274;54609677;52030899;37515808;6331404;53710555;40729333;6709588;235303;111852
FR;0;2022-10-16;92;136;372;1967;86;356;2012;2347;479;54609769;52031035;37516180;6333371;53710641;40729689;6711600;237650;112331
FR;0;2022-10-17;440;711;3044;26466;496;2487;26838;30794;5410;54610209;52031746;37519224;6359837;53711137;40732176;6738438;268444;117741
FR;0;2022-10-18;610;736;4706;46102;535;3762;46667;55450;11701;54610819;52032482;37523930;6405939;53711672;40735938;6785105;323894;129442
FR;0;2022-10-19;570;820;3645;34377;625;3075;34747;42463;9253;54611389;52033302;37527575;6440316;53712297;40739013;6819852;366357;138695
FR;0;2022-10-20;617;806;4843;49466;594;3730;50123;60535;12937;54612006;52034108;37532418;6489782;53712891;40742743;6869975;426892;151632
FR;0;2022-10-21;690;995;5710;57044;710;4519;57714;70966;14299;54612696;52035103;37538128;6546826;53713601;40747262;6927689;497858;165931
FR;0;2022-10-22;335;413;1654;12950;334;1320;13107;15939;3386;54613031;52035516;37539782;6559776;53713935;40748582;6940796;513797;169317
FR;0;2022-10-23;98;107;350;2064;102;266;2166;2758;631;54613129;52035623;37540132;6561840;53714037;40748848;6942962;516555;169948
FR;0;2022-10-24;552;598;3137;27137;423;2687;27565;35497;7810;54613681;52036221;37543269;6588977;53714460;40751535;6970527;552052;177758
FR;0;2022-10-25;598;726;4873;49117;535;3805;49791;65254;15449;54614279;52036947;37548142;6638094;53714995;40755340;7020318;617306;193207
FR;0;2022-10-26;535;645;3475;32622;484;2901;32928;43999;11023;54614814;52037592;37551617;6670716;53715479;40758241;7053246;661305;204230
FR;0;2022-10-27;592;698;4081;40795;499;3348;41272;54476;13137;54615406;52038290;37555698;6711511;53715978;40761589;7094518;715781;217367
FR;0;2022-10-28;705;871;4610;44190;635;3505;45009;58279;13188;54616111;52039161;37560308;6755701;53716613;40765094;7139527;774060;230555
FR;0;2022-10-29;260;364;1328;9499;262;1082;9633;12523;3012;54616371;52039525;37561636;6765200;53716875;40766176;7149160;786583;233567
FR;0;2022-10-30;87;121;287;1598;97;249;1646;2145;540;54616458;52039646;37561923;6766798;53716972;40766425;7150806;788728;234107
FR;0;2022-10-31;381;489;2075;16062;358;1626;16427;22205;5503;54616839;52040135;37563998;6782860;53717330;40768051;7167233;810933;239610
FR;0;2022-11-01;134;196;929;1123;153;963;1166;1697;504;54616973;52040331;37564927;6783983;53717483;40769014;7168399;812630;240114
FR;0;2022-11-02;519;676;3038;25403;506;2584;25881;36651;10140;54617492;52041007;37567965;6809386;53717989;40771598;7194280;849281;250254
FR;0;2022-11-03;645;703;4114;40065;537;3119;40798;57041;15379;54618137;52041710;37572079;6849451;53718526;40774717;7235078;906322;265633
FR;0;2022-11-04;659;831;4426;43659;578;3518;44279;60535;15248;54618796;52042541;37576505;6893110;53719104;40778235;7279357;966857;280881
FR;0;2022-11-05;255;389;1450;9718;312;1166;9927;13466;3295;54619051;52042930;37577955;6902828;53719416;40779401;7289284;980323;284176
FR;0;2022-11-06;94;119;263;1603;102;246;1632;2338;653;54619145;52043049;37578218;6904431;53719518;40779647;7290916;982661;284829
FR;0;2022-11-07;556;605;2763;26769;519;2249;27401;39119;11006;54619701;52043654;37580981;6931200;53720037;40781896;7318317;1021780;295835
FR;0;2022-11-08;677;819;5004;52011;605;3842;53014;74302;20080;54620378;52044473;37585985;6983211;53720642;40785738;7371331;1096082;315915
FR;0;2022-11-09;531;699;3363;31611;523;2691;32387;46364;13233;54620909;52045172;37589348;7014822;53721165;40788429;7403718;1142446;329148
FR;0;2022-11-10;629;999;4578;43681;750;3629;44581;62858;17354;54621538;52046171;37593926;7058503;53721915;40792058;7448299;1205304;346502
FR;0;2022-11-11;82;123;370;1666;91;313;1729;2800;1012;54621620;52046294;37594296;7060169;53722006;40792371;7450028;1208104;347514
FR;0;2022-11-12;212;353;1195;7102;261;979;7337;10289;2765;54621832;52046647;37595491;7067271;53722267;40793350;7457365;1218393;350279
FR;0;2022-11-13;73;118;249;1208;97;213;1262;1978;628;54621905;52046765;37595740;7068479;53722364;40793563;7458627;1220371;350907
FR;0;2022-11-14;451;531;2589;24005;378;2066;24630;36225;10908;54622356;52047296;37598329;7092484;53722742;40795629;7483257;1256596;361815
FR;0;2022-11-15;625;893;4329;45062;718;3373;46009;66925;19627;54622981;52048189;37602658;7137546;53723460;40799002;7529266;1323521;381442
FR;0;2022-11-16;568;681;3073;28596;552;2579;29133;43261;13315;54623549;52048870;37605731;7166142;53724012;40801581;7558399;1366782;394757
FR;0;2022-11-17;571;691;3826;39255;538;2986;39860;58360;17409;54624120;52049561;37609557;7205397;53724550;40804567;7598259;1425142;412166
FR;0;2022-11-18;628;786;4607;45145;601;3457;46051;65714;18349;54624748;52050347;37614164;7250542;53725151;40808024;7644310;1490856;430515
FR;0;2022-11-19;270;345;1502;9806;278;1098;10001;14323;4009;54625018;52050692;37615666;7260348;53725429;40809122;7654311;1505179;434524
FR;0;2022-11-20;79;190;305;1698;172;262;1772;2717;859;54625097;52050882;37615971;7262046;53725601;40809384;7656083;1507896;435383
FR;0;2022-11-21;437;516;2425;21452;354;1956;22023;33158;10369;54625534;52051398;37618396;7283498;53725955;40811340;7678106;1541054;445752
FR;0;2022-11-22;541;611;4036;39838;438;3171;40414;59803;18267;54626075;52052009;37622432;7323336;53726393;40814511;7718520;1600857;464019
FR;0;2022-11-23;476;569;2759;26030;416;2325;26522;40423;12911;54626551;52052578;37625191;7349366;53726809;40816836;7745042;1641280;476930
FR;0;2022-11-24;517;609;3768;37177;432;2965;37887;56857;17962;54627068;52053187;37628959;7386543;53727241;40819801;7782929;1698137;494892
FR;0;2022-11-25;581;734;4190;40153;588;3151;40996;59639;17481;54627649;52053921;37633149;7426696;53727829;40822952;7823925;1757776;512373
FR;0;2022-11-26;301;339;1335;9371;263;1064;9512;13999;3971;54627950;52054260;37634484;7436067;53728092;40824016;7833437;1771775;516344
FR;0;2022-11-27;74;88;268;1661;70;228;1689;2554;805;54628024;52054348;37634752;7437728;53728162;40824244;7835126;1774329;517149
FR;0;2022-11-28;420;483;2638;24804;364;1982;25543;38471;12203;54628444;52054831;37637390;7462532;53728526;40826226;7860669;1812800;529352
FR;0;2022-11-29;499;612;4401;46526;382;3291;47254;71104;22321;54628943;52055443;37641791;7509058;53728908;40829517;7907923;1883904;551673
FR;0;2022-11-30;507;706;3741;36931;508;2899;37737;56333;17235;54629450;52056149;37645532;7545989;53729416;40832416;7945660;1940237;568908
FR;0;2022-12-01;552;685;5323;51907;464;3915;52718;79725;25265;54630002;52056834;37650855;7597896;53729880;40836331;7998378;2019962;594173
FR;0;2022-12-02;646;750;6174;61545;535;4384;62777;92449;27457;54630648;52057584;37657029;7659441;53730415;40840715;8061155;2112411;621630
FR;0;2022-12-03;305;349;2288;18052;227;1630;18481;26731;7618;54630953;52057933;37659317;7677493;53730642;40842345;8079636;2139142;629248
FR;0;2022-12-04;98;125;524;4305;92;434;4356;6441;1856;54631051;52058058;37659841;7681798;53730734;40842779;8083992;2145583;631104
FR;0;2022-12-05;486;618;4317;44706;454;2928;45675;69053;21915;54631537;52058676;37664158;7726504;53731188;40845707;8129667;2214636;653019
FR;0;2022-12-06;636;777;6856;78300;515;4660;79821;121757;39600;54632173;52059453;37671014;7804804;53731703;40850367;8209488;2336393;692619
FR;0;2022-12-07;560;657;5367;58171;491;3613;59322;90543;29581;54632733;52060110;37676381;7862975;53732194;40853980;8268810;2426936;722200
FR;0;2022-12-08;611;725;6990;79677;465;4594;81370;124181;40873;54633344;52060835;37683371;7942652;53732659;40858574;8350180;2551117;763073
FR;0;2022-12-09;784;848;8684;95686;560;5738;97581;147361;46814;54634128;52061683;37692055;8038338;53733219;40864312;8447761;2698478;809887
FR;0;2022-12-10;410;553;3827;33958;397;2481;34855;50557;14712;54634538;52062236;37695882;8072296;53733616;40866793;8482616;2749035;824599
FR;0;2022-12-11;133;143;994;8363;102;688;8569;12258;3276;54634671;52062379;37696876;8080659;53733718;40867481;8491185;2761293;827875
FR;0;2022-12-12;523;598;6385;67488;389;4139;69081;106299;34850;54635194;52062977;37703261;8148147;53734107;40871620;8560266;2867592;862725
FR;0;2022-12-13;712;795;9054;103614;505;5645;106203;164945;55108;54635906;52063772;37712315;8251761;53734612;40877265;8666469;3032537;917833
FR;0;2022-12-14;594;726;6826;73348;489;4558;75031;117011;38773;54636500;52064498;37719141;8325109;53735101;40881823;8741500;3149548;956606
FR;0;2022-12-15;662;892;8902;95933;581;5727;98248;153333;51776;54637162;52065390;37728043;8421042;53735682;40887550;8839748;3302881;1008382
FR;0;2022-12-16;826;981;9783;104825;655;6464;107067;166535;55330;54637988;52066371;37737826;8525867;53736337;40894014;8946815;3469416;1063712
FR;0;2022-12-17;346;430;3504;31804;295;2296;32596;48446;14450;54638334;52066801;37741330;8557671;53736632;40896310;8979411;3517862;1078162
FR;0;2022-12-18;93;127;791;6335;81;544;6486;9642;2763;54638427;52066928;37742121;8564006;53736713;40896854;8985897;3527504;1080925
FR;0;2022-12-19;593;619;5757;56222;435;3684;57854;90278;30098;54639020;52067547;37747878;8620228;53737148;40900538;9043751;3617782;1111023
FR;0;2022-12-20;746;794;7954;79863;530;5249;82009;130834;45061;54639766;52068341;37755832;8700091;53737678;40905787;9125760;3748616;1156084
FR;0;2022-12-21;602;629;5341;50981;441;3592;52333;84194;29343;54640368;52068970;37761173;8751072;53738119;40909379;9178093;3832810;1185427
FR;0;2022-12-22;647;668;4916;46292;466;3437;47528;76914;26914;54641015;52069638;37766089;8797364;53738585;40912816;9225621;3909724;1212341
FR;0;2022-12-23;479;588;3450;26235;425;2633;26896;43425;14918;54641494;52070226;37769539;8823599;53739010;40915449;9252517;3953149;1227259
FR;0;2022-12-24;105;108;447;2708;80;338;2832;4289;1231;54641599;52070334;37769986;8826307;53739090;40915787;9255349;3957438;1228490
FR;0;2022-12-25;34;43;134;566;34;106;592;926;273;54641633;52070377;37770120;8826873;53739124;40915893;9255941;3958364;1228763
FR;0;2022-12-26;370;393;2500;16945;293;1829;17576;27639;8843;54642003;52070770;37772620;8843818;53739417;40917722;9273517;3986003;1237606
FR;0;2022-12-27;540;662;4220;33739;447;2956;34889;56755;19759;54642543;52071432;37776840;8877557;53739864;40920678;9308406;4042758;1257365
FR;0;2022-12-28;480;523;3242;25722;357;2318;26343;42953;14847;54643023;52071955;37780082;8903279;53740221;40922996;9334749;4085711;1272212
FR;0;2022-12-29;431;549;3424;26589;361;2408;27596;45108;15660;54643454;52072504;37783506;8929868;53740582;40925404;9362345;4130819;1287872
FR;0;2022-12-30;464;506;2632;19576;364;1868;20248;32641;11003;54643918;52073010;37786138;8949444;53740946;40927272;9382593;4163460;1298875
FR;0;2022-12-31;137;157;508;3189;121;413;3333;4945;1338;54644055;52073167;37786646;8952633;53741067;40927685;9385926;4168405;1300213
FR;0;2023-01-01;25;45;177;711;27;149;737;1026;246;54644080;52073212;37786823;8953344;53741094;40927834;9386663;4169431;1300459
FR;0;2023-01-02;843;600;3019;19046;426;2335;19526;33027;12101;54644923;52073812;37789842;8972390;53741520;40930169;9406189;4202458;1312560
FR;0;2023-01-03;672;696;4767;44191;476;3378;45136;82800;34831;54645595;52074508;37794609;9016581;53741996;40933547;9451325;4285258;1347391
FR;0;2023-01-04;544;612;3878;31104;421;2770;31918;59888;25826;54646139;52075120;37798487;9047685;53742417;40936317;9483243;4345146;1373217
FR;0;2023-01-05;668;765;4690;43313;564;3194;44247;84049;37175;54646807;52075885;37803177;9090998;53742981;40939511;9527490;4429195;1410392
FR;0;2023-01-06;748;860;5529;48578;581;3669;49637;92105;39512;54647555;52076745;37808706;9139576;53743562;40943180;9577127;4521300;1449904
FR;0;2023-01-07;350;412;1948;12936;301;1414;13257;23035;8767;54647905;52077157;37810654;9152512;53743863;40944594;9590384;4544335;1458671
FR;0;2023-01-08;104;144;496;2918;100;357;3015;5231;1992;54648009;52077301;37811150;9155430;53743963;40944951;9593399;4549566;1460663
FR;0;2023-01-09;585;639;2864;22351;462;2070;22932;45859;21215;54648594;52077940;37814014;9177781;53744425;40947021;9616331;4595425;1481878
FR;0;2023-01-10;618;809;4825;41577;566;3459;42408;87031;41788;54649212;52078749;37818839;9219358;53744991;40950480;9658739;4682456;1523666
FR;0;2023-01-11;505;603;3146;25102;440;2289;25636;52862;25235;54649717;52079352;37821985;9244460;53745431;40952769;9684375;4735318;1548901
FR;0;2023-01-12;606;697;3985;34351;475;2886;34975;72508;35102;54650323;52080049;37825970;9278811;53745906;40955655;9719350;4807826;1584003
FR;0;2023-01-13;798;814;4385;36237;568;3158;36885;74643;35217;54651121;52080863;37830355;9315048;53746474;40958813;9756235;4882469;1619220
FR;0;2023-01-14;354;346;1590;9308;237;1201;9500;17770;7419;54651475;52081209;37831945;9324356;53746711;40960014;9765735;4900239;1626639
FR;0;2023-01-15;100;136;378;1571;92;290;1682;3268;1415;54651575;52081345;37832323;9325927;53746803;40960304;9767417;4903507;1628054
FR;0;2023-01-16;425;480;2382;16347;333;1789;16609;35991;18102;54652000;52081825;37834705;9342274;53747136;40962093;9784026;4939498;1646156
FR;0;2023-01-17;503;597;3540;29064;412;2568;29627;65751;33910;54652503;52082422;37838245;9371338;53747548;40964661;9813653;5005249;1680066
FR;0;2023-01-18;471;562;2372;17448;409;1840;17763;39175;19886;54652974;52082984;37840617;9388786;53747957;40966501;9831416;5044424;1699952
FR;0;2023-01-19;506;522;2876;23075;356;2141;23420;52301;27012;54653480;52083506;37843493;9411861;53748313;40968642;9854836;5096725;1726964
FR;0;2023-01-20;637;706;3473;25811;506;2628;26296;57784;29431;54654117;52084212;37846966;9437672;53748819;40971270;9881132;5154509;1756395
FR;0;2023-01-21;261;306;1143;6423;221;881;6533;13246;6020;54654378;52084518;37848109;9444095;53749040;40972151;9887665;5167755;1762415
FR;0;2023-01-22;47;65;181;880;34;156;931;1922;874;54654425;52084583;37848290;9444975;53749074;40972307;9888596;5169677;1763289
FR;0;2023-01-23;324;415;1739;11042;273;1304;11267;27227;14820;54654749;52084998;37850029;9456017;53749347;40973611;9899863;5196904;1778109
FR;0;2023-01-24;478;533;2597;20753;377;1945;21056;51080;28342;54655227;52085531;37852626;9476770;53749724;40975556;9920919;5247984;1806451
FR;0;2023-01-25;408;555;1954;12616;399;1483;13046;30757;16453;54655635;52086086;37854580;9489386;53750123;40977039;9933965;5278741;1822904
FR;0;2023-01-26;435;530;2392;17194;384;1795;17507;42490;23416;54656070;52086616;37856972;9506580;53750507;40978834;9951472;5321231;1846320
FR;0;2023-01-27;527;1067;2657;18538;891;2018;18787;45084;24582;54656597;52087683;37859629;9525118;53751398;40980852;9970259;5366315;1870902
FR;0;2023-01-28;237;291;868;4521;234;693;4640;9987;4751;54656834;52087974;37860497;9529639;53751632;40981545;9974899;5376302;1875653
FR;0;2023-01-29;42;72;124;466;55;102;504;1098;548;54656876;52088046;37860621;9530105;53751687;40981647;9975403;5377400;1876201
FR;0;2023-01-30;366;450;1346;8297;322;1113;8491;20958;11438;54657242;52088496;37861967;9538402;53752009;40982760;9983894;5398358;1887639
FR;0;2023-01-31;426;493;2055;14118;335;1535;14364;36881;21260;54657668;52088989;37864022;9552520;53752344;40984295;9998258;5435239;1908899
FR;0;2023-02-01;412;536;1726;8351;409;1472;8509;22205;12599;54658080;52089525;37865748;9560871;53752753;40985767;10006767;5457444;1921498
FR;0;2023-02-02;370;509;1730;11933;351;1437;12143;31702;18256;54658450;52090034;37867478;9572804;53753104;40987204;10018910;5489146;1939754
FR;0;2023-02-03;480;658;2064;12631;492;1648;12809;33769;19457;54658930;52090692;37869542;9585435;53753596;40988852;10031719;5522915;1959211
FR;0;2023-02-04;200;278;672;3136;239;565;3181;7456;3826;54659130;52090970;37870214;9588571;53753835;40989417;10034900;5530371;1963037
FR;0;2023-02-05;25;65;89;245;42;87;261;589;284;54659155;52091035;37870303;9588816;53753877;40989504;10035161;5530960;1963321
FR;0;2023-02-06;312;359;1102;5426;290;866;5611;15389;9055;54659467;52091394;37871405;9594242;53754167;40990370;10040772;5546349;1972376
FR;0;2023-02-07;351;499;1609;9758;368;1322;9913;28230;16929;54659818;52091893;37873014;9604000;53754535;40991692;10050685;5574579;1989305
FR;0;2023-02-08;302;394;1134;6066;312;921;6234;16995;9763;54660120;52092287;37874148;9610066;53754847;40992613;10056919;5591574;1999068
FR;0;2023-02-09;340;475;1308;7917;346;1115;8098;22852;13703;54660460;52092762;37875456;9617983;53755193;40993728;10065017;5614426;2012771
FR;0;2023-02-10;468;550;1522;8359;436;1279;8506;23770;13965;54660928;52093312;37876978;9626342;53755629;40995007;10073523;5638196;2026736
FR;0;2023-02-11;169;225;583;2149;182;512;2237;5435;2770;54661097;52093537;37877561;9628491;53755811;40995519;10075760;5643631;2029506
FR;0;2023-02-12;42;49;62;175;48;56;197;440;208;54661139;52093586;37877623;9628666;53755859;40995575;10075957;5644071;2029714
FR;0;2023-02-13;245;346;756;3356;271;688;3448;9624;5506;54661384;52093932;37878379;9632022;53756130;40996263;10079405;5653695;2035220
FR;0;2023-02-14;299;381;1184;5977;278;1011;6121;17562;10421;54661683;52094313;37879563;9637999;53756408;40997274;10085526;5671257;2045641
FR;0;2023-02-15;293;406;970;4077;301;846;4254;12219;7169;54661976;52094719;37880533;9642076;53756709;40998120;10089780;5683476;2052810
FR;0;2023-02-16;266;404;1163;5206;268;1019;5350;15066;8765;54662242;52095123;37881696;9647282;53756977;40999139;10095130;5698542;2061575
FR;0;2023-02-17;372;476;1319;5481;386;1158;5703;16396;9638;54662614;52095599;37883015;9652763;53757363;41000297;10100833;5714938;2071213
FR;0;2023-02-18;162;218;565;1627;173;494;1697;4063;2051;54662776;52095817;37883580;9654390;53757536;41000791;10102530;5719001;2073264
FR;0;2023-02-19;37;38;49;139;35;40;141;338;167;54662813;52095855;37883629;9654529;53757571;41000831;10102671;5719339;2073431
FR;0;2023-02-20;249;350;718;2860;263;676;2980;8539;4893;54663062;52096205;37884347;9657389;53757834;41001507;10105651;5727878;2078324
FR;0;2023-02-21;270;413;1074;4537;268;939;4745;14003;8272;54663332;52096618;37885421;9661926;53758102;41002446;10110396;5741881;2086596
FR;0;2023-02-22;245;373;740;2946;285;702;2985;9077;5313;54663577;52096991;37886161;9664872;53758387;41003148;10113381;5750958;2091909
FR;0;2023-02-23;227;365;934;4002;251;844;4190;12267;7165;54663804;52097356;37887095;9668874;53758638;41003992;10117571;5763225;2099074
FR;0;2023-02-24;291;472;1048;4414;350;921;4613;13009;7450;54664095;52097828;37888143;9673288;53758988;41004913;10122184;5776234;2106524
FR;0;2023-02-25;126;169;448;1192;148;364;1272;3185;1621;54664221;52097997;37888591;9674480;53759136;41005277;10123456;5779419;2108145
FR;0;2023-02-26;20;27;34;101;27;35;113;256;111;54664241;52098024;37888625;9674581;53759163;41005312;10123569;5779675;2108256
FR;0;2023-02-27;213;328;602;1995;255;584;2066;6559;3943;54664454;52098352;37889227;9676576;53759418;41005896;10125635;5786234;2112199
FR;0;2023-02-28;270;370;841;3587;252;808;3731;12182;7493;54664724;52098722;37890068;9680163;53759670;41006704;10129366;5798416;2119692
FR;0;2023-03-01;227;345;833;1997;284;761;2179;6606;3927;54664951;52099067;37890901;9682160;53759954;41007465;10131545;5805022;2123619
FR;0;2023-03-02;222;317;852;2986;230;730;3203;10080;6261;54665173;52099384;37891753;9685146;53760184;41008195;10134748;5815102;2129880
FR;0;2023-03-03;332;467;1036;3685;355;928;3825;11839;7008;54665505;52099851;37892789;9688831;53760539;41009123;10138573;5826941;2136888
FR;0;2023-03-04;131;218;409;1081;158;392;1096;2792;1372;54665636;52100069;37893198;9689912;53760697;41009515;10139669;5829733;2138260
FR;0;2023-03-05;23;26;29;52;23;32;53;201;113;54665659;52100095;37893227;9689964;53760720;41009547;10139722;5829934;2138373
FR;0;2023-03-06;226;268;539;1418;192;520;1495;4729;2725;54665885;52100363;37893766;9691382;53760912;41010067;10141217;5834663;2141098
FR;0;2023-03-07;190;316;656;2362;220;612;2453;7945;4882;54666075;52100679;37894422;9693744;53761132;41010679;10143670;5842608;2145980
FR;0;2023-03-08;161;285;525;1442;220;465;1551;5005;2922;54666236;52100964;37894947;9695186;53761352;41011144;10145221;5847613;2148902
FR;0;2023-03-09;169;282;633;2005;190;607;2076;7148;4408;54666405;52101246;37895580;9697191;53761542;41011751;10147297;5854761;2153310
FR;0;2023-03-10;323;457;894;2642;341;821;2778;9009;5369;54666728;52101703;37896474;9699833;53761883;41012572;10150075;5863770;2158679
FR;0;2023-03-11;126;177;352;801;135;311;853;2299;1179;54666854;52101880;37896826;9700634;53762018;41012883;10150928;5866069;2159858
FR;0;2023-03-12;10;25;30;62;24;30;63;177;87;54666864;52101905;37896856;9700696;53762042;41012913;10150991;5866246;2159945
FR;0;2023-03-13;143;230;472;1149;175;427;1207;3776;2141;54667007;52102135;37897328;9701845;53762217;41013340;10152198;5870022;2162086
FR;0;2023-03-14;198;281;647;1894;192;635;1973;6775;4117;54667205;52102416;37897975;9703739;53762409;41013975;10154171;5876797;2166203
FR;0;2023-03-15;159;263;513;1254;214;482;1336;4335;2575;54667364;52102679;37898488;9704993;53762623;41014457;10155507;5881132;2168778
FR;0;2023-03-16;174;269;628;1646;200;578;1755;5952;3578;54667538;52102948;37899116;9706639;53762823;41015035;10157262;5887084;2172356
FR;0;2023-03-17;282;361;800;2047;272;720;2190;7336;4398;54667820;52103309;37899916;9708686;53763095;41015755;10159452;5894420;2176754
FR;0;2023-03-18;123;163;452;607;114;440;679;2042;1043;54667943;52103472;37900368;9709293;53763209;41016195;10160131;5896462;2177797
FR;0;2023-03-19;20;20;26;53;21;13;60;126;54;54667963;52103492;37900394;9709346;53763230;41016208;10160191;5896588;2177851
FR;0;2023-03-20;151;263;486;1083;174;490;1159;3826;2190;54668114;52103755;37900880;9710429;53763404;41016698;10161350;5900414;2180041
FR;0;2023-03-21;211;282;670;1630;200;638;1827;6529;3929;54668325;52104037;37901550;9712059;53763604;41017336;10163177;5906943;2183970
FR;0;2023-03-22;195;244;483;1038;191;462;1158;3953;2298;54668520;52104281;37902033;9713097;53763795;41017798;10164335;5910896;2186268
FR;0;2023-03-23;165;240;592;1411;167;535;1504;5174;3056;54668685;52104521;37902625;9714508;53763962;41018333;10165839;5916070;2189324
FR;0;2023-03-24;240;394;924;1787;289;868;1971;6632;3817;54668925;52104915;37903549;9716295;53764251;41019201;10167810;5922702;2193141
FR;0;2023-03-25;127;172;354;575;141;315;650;1794;840;54669052;52105087;37903903;9716870;53764392;41019516;10168460;5924496;2193981
FR;0;2023-03-26;10;18;25;31;12;25;33;92;47;54669062;52105105;37903928;9716901;53764404;41019541;10168493;5924588;2194028
FR;0;2023-03-27;230;256;515;891;209;493;992;3440;1953;54669292;52105361;37904443;9717792;53764613;41020034;10169485;5928028;2195981
FR;0;2023-03-28;186;250;592;1591;170;547;1720;6190;3712;54669478;52105611;37905035;9719383;53764783;41020581;10171205;5934218;2199693
FR;0;2023-03-29;172;253;436;979;165;440;1120;3774;2105;54669650;52105864;37905471;9720362;53764948;41021021;10172325;5937992;2201798
FR;0;2023-03-30;191;242;577;1360;163;564;1528;5387;3113;54669841;52106106;37906048;9721722;53765111;41021585;10173853;5943379;2204911
FR;0;2023-03-31;213;366;721;1793;272;647;1933;6848;4014;54670054;52106472;37906769;9723515;53765383;41022232;10175786;5950227;2208925
FR;0;2023-04-01;108;196;437;594;134;394;698;1980;949;54670162;52106668;37907206;9724109;53765517;41022626;10176484;5952207;2209874
FR;0;2023-04-02;10;25;30;34;14;37;37;115;50;54670172;52106693;37907236;9724143;53765531;41022663;10176521;5952322;2209924
FR;0;2023-04-03;181;212;551;875;157;508;997;3298;1829;54670353;52106905;37907787;9725018;53765688;41023171;10177518;5955620;2211753
FR;0;2023-04-04;131;255;536;1216;175;465;1375;5312;3196;54670484;52107160;37908323;9726234;53765863;41023636;10178893;5960932;2214949
FR;0;2023-04-05;101;199;411;833;141;390;932;3447;1983;54670585;52107359;37908734;9727067;53766004;41024026;10179825;5964379;2216932
FR;0;2023-04-06;151;183;437;1038;128;401;1168;4258;2449;54670736;52107542;37909171;9728105;53766132;41024427;10180993;5968637;2219381
FR;0;2023-04-07;192;307;557;1287;217;523;1419;5060;2844;54670928;52107849;37909728;9729392;53766349;41024950;10182412;5973697;2222225
FR;0;2023-04-08;67;142;238;399;96;237;436;1339;609;54670995;52107991;37909966;9729791;53766445;41025187;10182848;5975036;2222834
FR;0;2023-04-09;7;19;19;15;11;22;20;60;19;54671002;52108010;37909985;9729806;53766456;41025209;10182868;5975096;2222853
FR;0;2023-04-10;12;30;53;35;24;51;49;105;30;54671014;52108040;37910038;9729841;53766480;41025260;10182917;5975201;2222883
FR;0;2023-04-11;125;250;517;993;164;498;1106;4313;2386;54671139;52108290;37910555;9730834;53766644;41025758;10184023;5979514;2225269
FR;0;2023-04-12;131;206;382;739;152;381;808;3248;1860;54671270;52108496;37910937;9731573;53766796;41026139;10184831;5982762;2227129
FR;0;2023-04-13;109;215;408;945;145;400;1034;4229;2456;54671379;52108711;37911345;9732518;53766941;41026539;10185865;5986991;2229585
FR;0;2023-04-14;197;291;633;1243;230;575;1328;5278;3075;54671576;52109002;37911978;9733761;53767171;41027114;10187193;5992269;2232660
FR;0;2023-04-15;75;117;249;416;81;242;452;1482;682;54671651;52109119;37912227;9734177;53767252;41027356;10187645;5993751;2233342
FR;0;2023-04-16;18;19;12;38;15;16;34;108;46;54671669;52109138;37912239;9734215;53767267;41027372;10187679;5993859;2233388
FR;0;2023-04-17;107;192;373;627;133;386;721;2979;1608;54671776;52109330;37912612;9734842;53767400;41027758;10188400;5996838;2234996
FR;0;2023-04-18;148;189;403;871;128;417;970;4171;2380;54671924;52109519;37913015;9735713;53767528;41028175;10189370;6001009;2237376
FR;0;2023-04-19;112;166;291;604;125;274;698;2781;1481;54672036;52109685;37913306;9736317;53767653;41028449;10190068;6003790;2238857
FR;0;2023-04-20;106;189;349;800;133;342;859;3436;1895;54672142;52109874;37913655;9737117;53767786;41028791;10190927;6007226;2240752
FR;0;2023-04-21;146;257;538;979;166;538;1120;4280;2290;54672288;52110131;37914193;9738096;53767952;41029329;10192047;6011506;2243042
FR;0;2023-04-22;56;112;185;271;78;200;300;1113;540;54672344;52110243;37914378;9738367;53768030;41029529;10192347;6012619;2243582
FR;0;2023-04-23;4;8;15;17;7;16;21;64;22;54672348;52110251;37914393;9738384;53768037;41029545;10192368;6012683;2243604
FR;0;2023-04-24;135;176;292;541;123;281;627;2376;1213;54672483;52110427;37914685;9738925;53768160;41029826;10192995;6015059;2244817
FR;0;2023-04-25;120;174;366;824;120;374;887;4057;2215;54672603;52110601;37915051;9739749;53768280;41030200;10193882;6019116;2247032
FR;0;2023-04-26;102;134;274;500;109;273;566;2507;1279;54672705;52110735;37915325;9740249;53768389;41030473;10194448;6021623;2248311
FR;0;2023-04-27;132;171;335;783;117;349;879;3649;1951;54672837;52110906;37915660;9741032;53768506;41030822;10195327;6025272;2250262
FR;0;2023-04-28;191;263;409;850;156;433;977;4263;2185;54673028;52111169;37916069;9741882;53768662;41031255;10196304;6029535;2252447
FR;0;2023-04-29;82;95;155;268;78;138;320;1096;510;54673110;52111264;37916224;9742150;53768740;41031393;10196624;6030631;2252957
FR;0;2023-04-30;7;8;10;10;4;9;12;52;23;54673117;52111272;37916234;9742160;53768744;41031402;10196636;6030683;2252980
FR;0;2023-05-01;13;19;37;11;17;37;14;64;24;54673130;52111291;37916271;9742171;53768761;41031439;10196650;6030747;2253004
FR;0;2023-05-02;194;209;452;638;155;445;753;3481;1807;54673324;52111500;37916723;9742809;53768916;41031884;10197403;6034228;2254811
FR;0;2023-05-03;142;136;273;475;102;277;524;2717;1399;54673466;52111636;37916996;9743284;53769018;41032161;10197927;6036945;2256210
FR;0;2023-05-04;95;167;349;730;126;417;775;3890;2006;54673561;52111803;37917345;9744014;53769144;41032578;10198702;6040835;2258216
FR;0;2023-05-05;124;204;344;779;131;381;865;4430;2338;54673685;52112007;37917689;9744793;53769275;41032959;10199567;6045265;2260554
FR;0;2023-05-06;65;70;124;239;50;142;253;1071;501;54673750;52112077;37917813;9745032;53769325;41033101;10199820;6046336;2261055
FR;0;2023-05-07;9;9;12;21;8;11;22;83;30;54673759;52112086;37917825;9745053;53769333;41033112;10199842;6046419;2261085
FR;0;2023-05-08;19;14;27;18;11;24;42;128;63;54673778;52112100;37917852;9745071;53769344;41033136;10199884;6046547;2261148
FR;0;2023-05-09;83;126;231;555;93;243;609;3448;1732;54673861;52112226;37918083;9745626;53769437;41033379;10200493;6049995;2262880
FR;0;2023-05-10;109;126;194;502;102;236;538;3151;1491;54673970;52112352;37918277;9746128;53769539;41033615;10201031;6053146;2264371
FR;0;2023-05-11;84;107;221;638;84;211;719;3898;1955;54674054;52112459;37918498;9746766;53769623;41033826;10201750;6057044;2266326
FR;0;2023-05-12;92;140;266;767;106;274;802;4346;2078;54674146;52112599;37918764;9747533;53769729;41034100;10202552;6061390;2268404
FR;0;2023-05-13;49;75;110;208;55;122;231;1003;425;54674195;52112674;37918874;9747741;53769784;41034222;10202783;6062393;2268829
FR;0;2023-05-14;15;13;7;14;8;11;15;79;30;54674210;52112687;37918881;9747755;53769792;41034233;10202798;6062472;2268859
FR;0;2023-05-15;62;87;173;463;60;161;512;3153;1477;54674272;52112774;37919054;9748218;53769852;41034394;10203310;6065625;2270336
FR;0;2023-05-16;87;152;220;826;106;239;966;5793;2770;54674359;52112926;37919274;9749044;53769958;41034633;10204276;6071418;2273106
FR;0;2023-05-17;93;137;200;481;106;197;534;3037;1336;54674452;52113063;37919474;9749525;53770064;41034830;10204810;6074455;2274442
FR;0;2023-05-18;4;8;9;28;6;10;29;163;67;54674456;52113071;37919483;9749553;53770070;41034840;10204839;6074618;2274509
FR;0;2023-05-19;71;129;195;470;91;195;533;2716;1180;54674527;52113200;37919678;9750023;53770161;41035035;10205372;6077334;2275689
FR;0;2023-05-20;44;42;82;118;30;73;137;787;323;54674571;52113242;37919760;9750141;53770191;41035108;10205509;6078121;2276012
FR;0;2023-05-21;10;9;5;14;7;8;16;142;38;54674581;52113251;37919765;9750155;53770198;41035116;10205525;6078263;2276050
FR;0;2023-05-22;84;64;165;430;51;161;483;2822;1271;54674665;52113315;37919930;9750585;53770249;41035277;10206008;6081085;2277321
FR;0;2023-05-23;43;79;175;580;64;158;685;4340;2005;54674708;52113394;37920105;9751165;53770313;41035435;10206693;6085425;2279326
FR;0;2023-05-24;67;83;162;493;67;153;562;3047;1393;54674775;52113477;37920267;9751658;53770380;41035588;10207255;6088472;2280719
FR;0;2023-05-25;71;75;154;499;58;152;548;3923;1772;54674846;52113552;37920421;9752157;53770438;41035740;10207803;6092395;2282491
FR;0;2023-05-26;86;127;186;566;97;194;608;4115;1912;54674932;52113679;37920607;9752723;53770535;41035934;10208411;6096510;2284403
FR;0;2023-05-27;32;60;70;128;42;74;147;793;387;54674964;52113739;37920677;9752851;53770577;41036008;10208558;6097303;2284790
FR;0;2023-05-28;3;5;4;4;6;3;6;26;10;54674967;52113744;37920681;9752855;53770583;41036011;10208564;6097329;2284800
FR;0;2023-05-29;3;6;3;17;3;6;19;126;34;54674970;52113750;37920684;9752872;53770586;41036017;10208583;6097455;2284834
