fra;vaccin;jour;n_dose1;n_dose2;n_dose3;n_dose4;n_rappel;n_cum_dose1;n_cum_dose2;n_cum_dose3;n_cum_dose4;n_cum_rappel
FR;1;2020-12-27;602;0;0;0;0;602;0;0;0;0
FR;1;2020-12-28;666;1;0;0;0;1268;1;0;0;0
FR;1;2020-12-29;373;0;0;0;0;1641;1;0;0;0
FR;1;2020-12-30;439;0;0;0;0;2080;1;0;0;0
FR;1;2020-12-31;422;0;0;0;0;2502;1;0;0;0
FR;1;2021-01-01;1135;2;0;0;0;3637;3;0;0;0
FR;1;2021-01-02;356;3;0;0;0;3993;6;0;0;0
FR;1;2021-01-03;401;0;0;0;0;4394;6;0;0;0
FR;1;2021-01-04;2088;2;0;0;0;6482;8;0;0;0
FR;1;2021-01-05;7581;3;0;0;0;14063;11;0;0;0
FR;1;2021-01-06;12416;11;0;0;0;26479;22;0;0;0
FR;1;2021-01-07;29446;9;0;0;0;55925;31;0;0;0
FR;1;2021-01-08;37120;9;0;0;0;93045;40;0;0;0
FR;1;2021-01-09;11209;4;0;0;0;104254;44;0;0;0
FR;1;2021-01-10;5996;3;0;0;0;110250;47;0;0;0
FR;1;2021-01-11;39924;17;0;0;0;150174;64;0;0;0
FR;1;2021-01-12;62121;15;0;0;0;212295;79;0;0;0
FR;1;2021-01-13;65097;28;0;0;0;277392;107;0;0;0
FR;1;2021-01-14;81434;76;0;0;0;358826;183;0;0;0
FR;1;2021-01-15;68594;32;0;0;0;427420;215;0;0;0
FR;1;2021-01-16;19893;70;0;0;0;447313;285;0;0;0
FR;1;2021-01-17;10896;46;0;0;0;458209;331;0;0;0
FR;1;2021-01-18;82807;162;0;0;0;541016;493;0;0;0
FR;1;2021-01-19;125897;172;0;0;0;666913;665;0;0;0
FR;1;2021-01-20;132390;168;0;0;0;799303;833;0;0;0
FR;1;2021-01-21;153037;160;0;0;0;952340;993;0;0;0
FR;1;2021-01-22;115924;196;0;0;0;1068264;1189;0;0;0
FR;1;2021-01-23;36599;63;0;0;0;1104863;1252;0;0;0
FR;1;2021-01-24;9580;68;0;0;0;1114443;1320;0;0;0
FR;1;2021-01-25;74410;1261;0;0;0;1188853;2581;0;0;0
FR;1;2021-01-26;96442;3285;1;0;0;1285295;5866;1;0;0
FR;1;2021-01-27;103625;5902;0;0;0;1388920;11768;1;0;0
FR;1;2021-01-28;120581;14974;0;0;0;1509501;26742;1;0;0
FR;1;2021-01-29;88879;17726;0;0;0;1598380;44468;1;0;0
FR;1;2021-01-30;27983;4255;0;0;0;1626363;48723;1;0;0
FR;1;2021-01-31;5180;1735;0;0;0;1631543;50458;1;0;0
FR;1;2021-02-01;49704;21517;0;0;0;1681247;71975;1;0;0
FR;1;2021-02-02;67788;35671;0;0;0;1749035;107646;1;0;0
FR;1;2021-02-03;67072;38005;0;0;0;1816107;145651;1;0;0
FR;1;2021-02-04;77118;51485;0;0;0;1893225;197136;1;0;0
FR;1;2021-02-05;63405;46134;0;0;0;1956630;243270;1;0;0
FR;1;2021-02-06;19404;10749;0;0;0;1976034;254019;1;0;0
FR;1;2021-02-07;3658;5272;0;0;0;1979692;259291;1;0;0
FR;1;2021-02-08;36480;46873;0;0;0;2016172;306164;1;0;0
FR;1;2021-02-09;50788;74376;0;0;0;2066960;380540;1;0;0
FR;1;2021-02-10;52044;79236;0;0;0;2119004;459776;1;0;0
FR;1;2021-02-11;63348;101016;0;0;0;2182352;560792;1;0;0
FR;1;2021-02-12;55838;74647;0;0;0;2238190;635439;1;0;0
FR;1;2021-02-13;15451;19243;0;0;0;2253641;654682;1;0;0
FR;1;2021-02-14;3744;7189;0;0;0;2257385;661871;1;0;0
FR;1;2021-02-15;24128;73514;0;0;0;2281513;735385;1;0;0
FR;1;2021-02-16;32754;96536;0;0;0;2314267;831921;1;0;0
FR;1;2021-02-17;35097;100132;1;0;0;2349364;932053;2;0;0
FR;1;2021-02-18;49422;115285;0;0;0;2398786;1047338;2;0;0
FR;1;2021-02-19;45365;86634;1;0;0;2444151;1133972;3;0;0
FR;1;2021-02-20;13376;27073;0;0;0;2457527;1161045;3;0;0
FR;1;2021-02-21;2454;6220;0;0;0;2459981;1167265;3;0;0
FR;1;2021-02-22;24703;69419;2;0;0;2484684;1236684;5;0;0
FR;1;2021-02-23;37414;80778;1;0;0;2522098;1317462;6;0;0
FR;1;2021-02-24;40672;78257;1;0;0;2562770;1395719;7;0;0
FR;1;2021-02-25;50132;87991;1;0;0;2612902;1483710;8;0;0
FR;1;2021-02-26;47189;67569;1;0;0;2660091;1551279;9;0;0
FR;1;2021-02-27;15667;21082;0;0;0;2675758;1572361;9;0;0
FR;1;2021-02-28;3551;4254;1;0;0;2679309;1576615;10;0;0
FR;1;2021-03-01;40144;49554;1;0;0;2719453;1626169;11;0;0
FR;1;2021-03-02;55955;61828;2;0;0;2775408;1687997;13;0;0
FR;1;2021-03-03;61202;60576;0;0;0;2836610;1748573;13;0;0
FR;1;2021-03-04;72971;66160;3;0;0;2909581;1814733;16;0;0
FR;1;2021-03-05;74733;59018;3;0;0;2984314;1873751;19;0;0
FR;1;2021-03-06;82433;15987;2;0;0;3066747;1889738;21;0;0
FR;1;2021-03-07;63702;4929;1;0;0;3130449;1894667;22;0;0
FR;1;2021-03-08;60140;42008;2;0;0;3190589;1936675;24;0;0
FR;1;2021-03-09;85960;47979;1;0;0;3276549;1984654;25;0;0
FR;1;2021-03-10;90873;47943;5;0;0;3367422;2032597;30;0;0
FR;1;2021-03-11;105033;54150;1;0;0;3472455;2086747;31;0;0
FR;1;2021-03-12;104082;45058;1;0;0;3576537;2131805;32;0;0
FR;1;2021-03-13;89179;12714;1;0;0;3665716;2144519;33;0;0
FR;1;2021-03-14;44444;2880;1;0;0;3710160;2147399;34;0;0
FR;1;2021-03-15;95473;28618;3;0;0;3805633;2176017;37;0;0
FR;1;2021-03-16;123569;34454;5;0;0;3929202;2210471;42;0;0
FR;1;2021-03-17;129279;34184;4;0;0;4058481;2244655;46;0;0
FR;1;2021-03-18;142854;39548;5;0;0;4201335;2284203;51;0;0
FR;1;2021-03-19;136212;32541;2;0;0;4337547;2316744;53;0;0
FR;1;2021-03-20;75972;9987;1;0;0;4413519;2326731;54;0;0
FR;1;2021-03-21;26495;2352;1;0;0;4440014;2329083;55;0;0
FR;1;2021-03-22;114716;30801;2;0;0;4554730;2359884;57;0;0
FR;1;2021-03-23;142993;38101;1;0;0;4697723;2397985;58;0;0
FR;1;2021-03-24;141959;38606;0;0;0;4839682;2436591;58;0;0
FR;1;2021-03-25;164967;39605;4;0;0;5004649;2476196;62;0;0
FR;1;2021-03-26;166360;37504;4;1;0;5171009;2513700;66;1;0
FR;1;2021-03-27;110866;15286;1;0;0;5281875;2528986;67;1;0
FR;1;2021-03-28;42291;3871;3;0;0;5324166;2532857;70;1;0
FR;1;2021-03-29;129785;49653;4;0;0;5453951;2582510;74;1;0
FR;1;2021-03-30;167671;63513;4;0;0;5621622;2646023;78;1;0
FR;1;2021-03-31;170886;67218;4;0;0;5792508;2713241;82;1;0
FR;1;2021-04-01;194717;80639;11;0;0;5987225;2793880;93;1;0
FR;1;2021-04-02;164412;84942;7;0;0;6151637;2878822;100;1;0
FR;1;2021-04-03;88224;58036;5;0;0;6239861;2936858;105;1;0
FR;1;2021-04-04;33581;17694;0;0;0;6273442;2954552;105;1;0
FR;1;2021-04-05;46376;9970;11;0;0;6319818;2964522;116;1;0
FR;1;2021-04-06;160259;102143;17;0;0;6480077;3066665;133;1;0
FR;1;2021-04-07;196928;108201;16;0;0;6677005;3174866;149;1;0
FR;1;2021-04-08;222047;112738;13;0;0;6899052;3287604;162;1;0
FR;1;2021-04-09;214501;107353;21;0;0;7113553;3394957;183;1;0
FR;1;2021-04-10;117149;73264;14;0;0;7230702;3468221;197;1;0
FR;1;2021-04-11;40873;30134;6;0;0;7271575;3498355;203;1;0
FR;1;2021-04-12;168411;103880;45;0;0;7439986;3602235;248;1;0
FR;1;2021-04-13;203750;127992;97;1;0;7643736;3730227;345;2;0
FR;1;2021-04-14;208538;122660;206;0;0;7852274;3852887;551;2;0
FR;1;2021-04-15;221603;127034;311;0;0;8073877;3979921;862;2;0
FR;1;2021-04-16;206004;125156;307;0;0;8279881;4105077;1169;2;0
FR;1;2021-04-17;122058;67279;103;0;0;8401939;4172356;1272;2;0
FR;1;2021-04-18;35953;20927;41;0;0;8437892;4193283;1313;2;0
FR;1;2021-04-19;163706;121705;430;0;0;8601598;4314988;1743;2;0
FR;1;2021-04-20;189355;148843;530;0;0;8790953;4463831;2273;2;0
FR;1;2021-04-21;193932;146901;758;0;0;8984885;4610732;3031;2;0
FR;1;2021-04-22;208979;163051;777;0;0;9193864;4773783;3808;2;0
FR;1;2021-04-23;198911;157033;671;0;0;9392775;4930816;4479;2;0
FR;1;2021-04-24;126299;95460;147;0;0;9519074;5026276;4626;2;0
FR;1;2021-04-25;53618;30017;46;0;0;9572692;5056293;4672;2;0
FR;1;2021-04-26;181083;138334;539;0;0;9753775;5194627;5211;2;0
FR;1;2021-04-27;221316;161844;900;0;0;9975091;5356471;6111;2;0
FR;1;2021-04-28;238239;155045;1310;1;1;10213330;5511516;7421;3;1
FR;1;2021-04-29;270222;160370;1207;0;0;10483552;5671886;8628;3;1
FR;1;2021-04-30;271924;148109;1069;0;0;10755476;5819995;9697;3;1
FR;1;2021-05-01;141114;40630;172;0;0;10896590;5860625;9869;3;1
FR;1;2021-05-02;81520;28088;81;0;0;10978110;5888713;9950;3;1
FR;1;2021-05-03;250726;145281;799;0;0;11228836;6033994;10749;3;1
FR;1;2021-05-04;265808;186858;1197;0;0;11494644;6220852;11946;3;1
FR;1;2021-05-05;283804;184730;1264;0;0;11778448;6405582;13210;3;1
FR;1;2021-05-06;309886;183210;1498;0;0;12088334;6588792;14708;3;1
FR;1;2021-05-07;284033;195650;1125;0;0;12372367;6784442;15833;3;1
FR;1;2021-05-08;191636;48617;284;0;0;12564003;6833059;16117;3;1
FR;1;2021-05-09;114045;35880;236;0;0;12678048;6868939;16353;3;1
FR;1;2021-05-10;258131;193988;1182;0;0;12936179;7062927;17535;3;1
FR;1;2021-05-11;318815;210978;1462;0;0;13254994;7273905;18997;3;1
FR;1;2021-05-12;356558;185692;1399;0;0;13611552;7459597;20396;3;1
FR;1;2021-05-13;283403;47707;399;0;0;13894955;7507304;20795;3;1
FR;1;2021-05-14;370438;128559;990;0;0;14265393;7635863;21785;3;1
FR;1;2021-05-15;298049;66091;402;0;0;14563442;7701954;22187;3;1
FR;1;2021-05-16;157749;15537;158;0;0;14721191;7717491;22345;3;1
FR;1;2021-05-17;318887;116294;1436;0;0;15040078;7833785;23781;3;1
FR;1;2021-05-18;383264;111184;1795;0;0;15423342;7944969;25576;3;1
FR;1;2021-05-19;395204;102593;2174;0;0;15818546;8047562;27750;3;1
FR;1;2021-05-20;421747;96096;2041;0;0;16240293;8143658;29791;3;1
FR;1;2021-05-21;399757;97169;1756;0;0;16640050;8240827;31547;3;1
FR;1;2021-05-22;275645;42008;602;0;0;16915695;8282835;32149;3;1
FR;1;2021-05-23;122984;11149;224;0;0;17038679;8293984;32373;3;1
FR;1;2021-05-24;243976;26212;565;0;0;17282655;8320196;32938;3;1
FR;1;2021-05-25;366172;131605;2108;1;0;17648827;8451801;35046;4;1
FR;1;2021-05-26;380761;125850;1987;0;0;18029588;8577651;37033;4;1
FR;1;2021-05-27;406050;127963;1973;0;0;18435638;8705614;39006;4;1
FR;1;2021-05-28;365938;145273;1698;0;0;18801576;8850887;40704;4;1
FR;1;2021-05-29;253802;80832;525;0;0;19055378;8931719;41229;4;1
FR;1;2021-05-30;100935;22537;157;0;0;19156313;8954256;41386;4;1
FR;1;2021-05-31;314217;148744;1279;1;1;19470530;9103000;42665;5;2
FR;1;2021-06-01;361481;166433;1724;1;1;19832011;9269433;44389;6;3
FR;1;2021-06-02;364705;153158;1791;0;0;20196716;9422591;46180;6;3
FR;1;2021-06-03;390448;147559;1647;0;0;20587164;9570150;47827;6;3
FR;1;2021-06-04;363562;175489;1492;1;1;20950726;9745639;49319;7;4
FR;1;2021-06-05;258458;112645;596;0;0;21209184;9858284;49915;7;4
FR;1;2021-06-06;126741;37546;215;0;0;21335925;9895830;50130;7;4
FR;1;2021-06-07;300171;207782;1362;0;0;21636096;10103612;51492;7;4
FR;1;2021-06-08;330544;220757;1636;0;0;21966640;10324369;53128;7;4
FR;1;2021-06-09;336394;212191;1607;0;0;22303034;10536560;54735;7;4
FR;1;2021-06-10;343685;201873;1608;0;0;22646719;10738433;56343;7;4
FR;1;2021-06-11;311728;235243;1292;0;0;22958447;10973676;57635;7;4
FR;1;2021-06-12;244026;150647;431;0;0;23202473;11124323;58066;7;4
FR;1;2021-06-13;100315;61001;188;0;0;23302788;11185324;58254;7;4
FR;1;2021-06-14;207669;288760;1316;1;0;23510457;11474084;59570;8;4
FR;1;2021-06-15;256704;282103;1391;1;0;23767161;11756187;60961;9;4
FR;1;2021-06-16;273518;270614;1262;1;0;24040679;12026801;62223;10;4
FR;1;2021-06-17;268097;244737;1231;1;0;24308776;12271538;63454;11;4
FR;1;2021-06-18;260421;295646;1149;1;0;24569197;12567184;64603;12;4
FR;1;2021-06-19;193412;209484;387;0;0;24762609;12776668;64990;12;4
FR;1;2021-06-20;69652;89151;117;0;0;24832261;12865819;65107;12;4
FR;1;2021-06-21;172198;319811;929;1;1;25004459;13185630;66036;13;5
FR;1;2021-06-22;185684;347825;1096;10;2;25190143;13533455;67132;23;7
FR;1;2021-06-23;204044;339461;1048;0;0;25394187;13872916;68180;23;7
FR;1;2021-06-24;203403;282104;1166;0;0;25597590;14155020;69346;23;7
FR;1;2021-06-25;182496;371843;1196;0;0;25780086;14526863;70542;23;7
FR;1;2021-06-26;131347;278317;502;0;0;25911433;14805180;71044;23;7
FR;1;2021-06-27;52373;122906;145;0;0;25963806;14928086;71189;23;7
FR;1;2021-06-28;136508;368135;1057;0;0;26100314;15296221;72246;23;7
FR;1;2021-06-29;154752;390710;1849;0;0;26255066;15686931;74095;23;7
FR;1;2021-06-30;179906;379542;1662;4;2;26434972;16066473;75757;27;9
FR;1;2021-07-01;201270;332190;1886;5;1;26636242;16398663;77643;32;10
FR;1;2021-07-02;193547;367666;1764;5;3;26829789;16766329;79407;37;13
FR;1;2021-07-03;124377;280451;704;3;1;26954166;17046780;80111;40;14
FR;1;2021-07-04;53908;113683;244;0;0;27008074;17160463;80355;40;14
FR;1;2021-07-05;153680;356024;1500;8;2;27161754;17516487;81855;48;16
FR;1;2021-07-06;173308;382518;1601;45;8;27335062;17899005;83456;93;24
FR;1;2021-07-07;190605;362566;1656;24;5;27525667;18261571;85112;117;29
FR;1;2021-07-08;201384;323118;1825;20;7;27727051;18584689;86937;137;36
FR;1;2021-07-09;189717;387618;1851;3;2;27916768;18972307;88788;140;38
FR;1;2021-07-10;129874;281138;814;1;1;28046642;19253445;89602;141;39
FR;1;2021-07-11;57628;102502;261;0;0;28104270;19355947;89863;141;39
FR;1;2021-07-12;149470;417022;1579;4;0;28253740;19772969;91442;145;39
FR;1;2021-07-13;234083;439506;1805;8;2;28487823;20212475;93247;153;41
FR;1;2021-07-14;171742;151537;417;0;0;28659565;20364012;93664;153;41
FR;1;2021-07-15;279475;424774;1856;1;0;28939040;20788786;95520;154;41
FR;1;2021-07-16;290262;401225;1710;3;1;29229302;21190011;97230;157;42
FR;1;2021-07-17;217277;282115;754;1;0;29446579;21472126;97984;158;42
FR;1;2021-07-18;101963;107306;288;0;0;29548542;21579432;98272;158;42
FR;1;2021-07-19;238073;379145;1495;3;0;29786615;21958577;99767;161;42
FR;1;2021-07-20;305580;380731;1468;0;0;30092195;22339308;101235;161;42
FR;1;2021-07-21;333134;353423;1412;4;2;30425329;22692731;102647;165;44
FR;1;2021-07-22;364519;319237;1501;3;2;30789848;23011968;104148;168;46
FR;1;2021-07-23;348993;343607;1586;4;2;31138841;23355575;105734;172;48
FR;1;2021-07-24;238909;240981;696;1;0;31377750;23596556;106430;173;48
FR;1;2021-07-25;112750;76060;215;0;0;31490500;23672616;106645;173;48
FR;1;2021-07-26;299021;290056;1496;2;2;31789521;23962672;108141;175;50
FR;1;2021-07-27;385702;268690;1457;4;2;32175223;24231362;109598;179;52
FR;1;2021-07-28;390093;251447;1460;4;2;32565316;24482809;111058;183;54
FR;1;2021-07-29;406018;228245;1538;2;1;32971334;24711054;112596;185;55
FR;1;2021-07-30;370598;246969;1632;4;1;33341932;24958023;114228;189;56
FR;1;2021-07-31;243352;165121;793;1;0;33585284;25123144;115021;190;56
FR;1;2021-08-01;105521;47234;233;0;0;33690805;25170378;115254;190;56
FR;1;2021-08-02;297030;213214;1475;2;0;33987835;25383592;116729;192;56
FR;1;2021-08-03;331176;209205;1545;2;1;34319011;25592797;118274;194;57
FR;1;2021-08-04;327841;184345;1436;5;3;34646852;25777142;119710;199;60
FR;1;2021-08-05;301117;193545;1482;0;0;34947969;25970687;121192;199;60
FR;1;2021-08-06;290845;224515;1558;3;1;35238814;26195202;122750;202;61
FR;1;2021-08-07;182599;158823;654;4;3;35421413;26354025;123404;206;64
FR;1;2021-08-08;68835;59130;247;0;0;35490248;26413155;123651;206;64
FR;1;2021-08-09;222631;235868;1438;4;3;35712879;26649023;125089;210;67
FR;1;2021-08-10;252510;240625;1486;2;1;35965389;26889648;126575;212;68
FR;1;2021-08-11;236048;232368;1270;5;1;36201437;27122016;127845;217;69
FR;1;2021-08-12;220626;240216;1484;3;1;36422063;27362232;129329;220;70
FR;1;2021-08-13;201624;238551;1356;2;2;36623687;27600783;130685;222;72
FR;1;2021-08-14;122813;174154;645;0;0;36746500;27774937;131330;222;72
FR;1;2021-08-15;34661;46121;198;1;0;36781161;27821058;131528;223;72
FR;1;2021-08-16;156836;289851;1421;0;0;36937997;28110909;132949;223;72
FR;1;2021-08-17;171507;291579;1420;5;1;37109504;28402488;134369;228;73
FR;1;2021-08-18;161317;286993;1389;6;3;37270821;28689481;135758;234;76
FR;1;2021-08-19;148823;277717;1397;1;0;37419644;28967198;137155;235;76
FR;1;2021-08-20;140418;309065;1524;2;2;37560062;29276263;138679;237;78
FR;1;2021-08-21;84237;213253;586;0;0;37644299;29489516;139265;237;78
FR;1;2021-08-22;28544;82693;230;0;0;37672843;29572209;139495;237;78
FR;1;2021-08-23;118585;321165;1420;2;1;37791428;29893374;140915;239;79
FR;1;2021-08-24;126593;319887;1601;5;1;37918021;30213261;142516;244;80
FR;1;2021-08-25;121459;306584;1776;8;3;38039480;30519845;144292;252;83
FR;1;2021-08-26;106517;286193;2156;10;1;38145997;30806038;146448;262;84
FR;1;2021-08-27;107593;321572;2300;9;3;38253590;31127610;148748;271;87
FR;1;2021-08-28;70970;220710;1100;0;0;38324560;31348320;149848;271;87
FR;1;2021-08-29;24137;78154;467;1;0;38348697;31426474;150315;272;87
FR;1;2021-08-30;96806;286522;4307;6;5121;38445503;31712996;154622;278;5208
FR;1;2021-08-31;98030;276453;9285;15;10179;38543533;31989449;163907;293;15387
FR;1;2021-09-01;111982;245338;21103;7;22070;38655515;32234787;185010;300;37457
FR;1;2021-09-02;84731;198006;24524;11;25437;38740246;32432793;209534;311;62894
FR;1;2021-09-03;82318;227608;26943;20;27970;38822564;32660401;236477;331;90864
FR;1;2021-09-04;71545;189710;11138;11;11651;38894109;32850111;247615;342;102515
FR;1;2021-09-05;18596;41192;4121;2;4288;38912705;32891303;251736;344;106803
FR;1;2021-09-06;59470;151634;30172;15;31148;38972175;33042937;281908;359;137951
FR;1;2021-09-07;57198;139713;30200;27;31108;39029373;33182650;312108;386;169059
FR;1;2021-09-08;71158;173881;26916;20;27862;39100531;33356531;339024;406;196921
FR;1;2021-09-09;54220;124570;28600;23;29650;39154751;33481101;367624;429;226571
FR;1;2021-09-10;65785;152088;30430;22;31564;39220536;33633189;398054;451;258135
FR;1;2021-09-11;52297;146615;9727;14;10303;39272833;33779804;407781;465;268438
FR;1;2021-09-12;10767;29240;2481;1;2635;39283600;33809044;410262;466;271073
FR;1;2021-09-13;51329;104601;38729;28;39912;39334929;33913645;448991;494;310985
FR;1;2021-09-14;53186;96058;51254;65;52879;39388115;34009703;500245;559;363864
FR;1;2021-09-15;60348;139291;50458;55;46963;39448463;34148994;550703;614;410827
FR;1;2021-09-16;46532;81418;53285;71;49466;39494995;34230412;603988;685;460293
FR;1;2021-09-17;53112;109386;45047;60;42637;39548107;34339798;649035;745;502930
FR;1;2021-09-18;37835;118490;11790;19;11255;39585942;34458288;660825;764;514185
FR;1;2021-09-19;6492;21036;2037;1;1973;39592434;34479324;662862;765;516158
FR;1;2021-09-20;36428;74918;46174;66;44087;39628862;34554242;709036;831;560245
FR;1;2021-09-21;34121;68143;56228;71;52616;39662983;34622385;765264;902;612861
FR;1;2021-09-22;38745;118516;49832;76;46816;39701728;34740901;815096;978;659677
FR;1;2021-09-23;31927;62831;54460;85;50814;39733655;34803732;869556;1063;710491
FR;1;2021-09-24;36706;90057;43640;91;41867;39770361;34893789;913196;1154;752358
FR;1;2021-09-25;27625;96614;12297;27;12162;39797986;34990403;925493;1181;764520
FR;1;2021-09-26;4356;15203;1770;5;1696;39802342;35005606;927263;1186;766216
FR;1;2021-09-27;27307;60233;42883;89;41562;39829649;35065839;970146;1275;807778
FR;1;2021-09-28;26843;49450;47156;75;44375;39856492;35115289;1017302;1350;852153
FR;1;2021-09-29;35829;80395;47244;87;45522;39892321;35195684;1064546;1437;897675
FR;1;2021-09-30;26010;46768;47490;79;45364;39918331;35242452;1112036;1516;943039
FR;1;2021-10-01;47129;65008;44858;83;44404;39965460;35307460;1156894;1599;987443
FR;1;2021-10-02;32332;62343;16104;32;16295;39997792;35369803;1172998;1631;1003738
FR;1;2021-10-03;4318;8575;2031;3;2024;40002110;35378378;1175029;1634;1005762
FR;1;2021-10-04;28756;44417;47088;79;46898;40030866;35422795;1222117;1713;1052660
FR;1;2021-10-05;24220;41623;49828;116;49175;40055086;35464418;1271945;1829;1101835
FR;1;2021-10-06;34376;61335;57441;102;57128;40089462;35525753;1329386;1931;1158963
FR;1;2021-10-07;20930;39807;52990;75;51808;40110392;35565560;1382376;2006;1210771
FR;1;2021-10-08;34949;59587;60359;83;61053;40145341;35625147;1442735;2089;1271824
FR;1;2021-10-09;27420;47969;25474;30;25971;40172761;35673116;1468209;2119;1297795
FR;1;2021-10-10;3623;5782;2746;7;2845;40176384;35678898;1470955;2126;1300640
FR;1;2021-10-11;24695;38160;54559;88;55165;40201079;35717058;1525514;2214;1355805
FR;1;2021-10-12;23105;36574;58020;126;59078;40224184;35753632;1583534;2340;1414883
FR;1;2021-10-13;32801;47791;64142;124;65611;40256985;35801423;1647676;2464;1480494
FR;1;2021-10-14;21598;34761;53725;103;54288;40278583;35836184;1701401;2567;1534782
FR;1;2021-10-15;32550;48799;72298;165;74912;40311133;35884983;1773699;2732;1609694
FR;1;2021-10-16;25955;35269;34857;44;36389;40337088;35920252;1808556;2776;1646083
FR;1;2021-10-17;3096;4060;3407;2;3317;40340184;35924312;1811963;2778;1649400
FR;1;2021-10-18;23468;34907;66804;131;69645;40363652;35959219;1878767;2909;1719045
FR;1;2021-10-19;20591;34518;75628;136;79514;40384243;35993737;1954395;3045;1798559
FR;1;2021-10-20;29795;44192;96140;177;99756;40414038;36037929;2050535;3222;1898315
FR;1;2021-10-21;19594;35088;83119;107;86979;40433632;36073017;2133654;3329;1985294
FR;1;2021-10-22;29532;47624;103699;195;109563;40463164;36120641;2237353;3524;2094857
FR;1;2021-10-23;23002;35150;44847;57;47345;40486166;36155791;2282200;3581;2142202
FR;1;2021-10-24;2373;3880;3579;6;3733;40488539;36159671;2285779;3587;2145935
FR;1;2021-10-25;22383;30821;81991;143;85757;40510922;36190492;2367770;3730;2231692
FR;1;2021-10-26;19295;27705;86058;162;90275;40530217;36218197;2453828;3892;2321967
FR;1;2021-10-27;26127;39658;107755;252;112594;40556344;36257855;2561583;4144;2434561
FR;1;2021-10-28;18586;27058;86893;150;91583;40574930;36284913;2648476;4294;2526144
FR;1;2021-10-29;25870;40157;114782;200;121512;40600800;36325070;2763258;4494;2647656
FR;1;2021-10-30;17666;28603;49339;75;51913;40618466;36353673;2812597;4569;2699569
FR;1;2021-10-31;2055;3202;3442;2;3677;40620521;36356875;2816039;4571;2703246
FR;1;2021-11-01;7701;4198;3021;3;3263;40628222;36361073;2819060;4574;2706509
FR;1;2021-11-02;21839;33202;92342;157;97680;40650061;36394275;2911402;4731;2804189
FR;1;2021-11-03;26276;41525;117440;215;123796;40676337;36435800;3028842;4946;2927985
FR;1;2021-11-04;19487;30282;105731;213;111814;40695824;36466082;3134573;5159;3039799
FR;1;2021-11-05;26899;42240;138715;227;147289;40722723;36508322;3273288;5386;3187088
FR;1;2021-11-06;18802;29819;63442;123;66409;40741525;36538141;3336730;5509;3253497
FR;1;2021-11-07;1788;3353;4956;6;5296;40743313;36541494;3341686;5515;3258793
FR;1;2021-11-08;17665;32297;125899;224;132447;40760978;36573791;3467585;5739;3391240
FR;1;2021-11-09;19222;37708;159211;335;168911;40780200;36611499;3626796;6074;3560151
FR;1;2021-11-10;28665;49161;181813;440;192357;40808865;36660660;3808609;6514;3752508
FR;1;2021-11-11;3781;5932;12191;26;12997;40812646;36666592;3820800;6540;3765505
FR;1;2021-11-12;25930;46875;174736;243;186332;40838576;36713467;3995536;6783;3951837
FR;1;2021-11-13;18684;29247;76800;111;81737;40857260;36742714;4072336;6894;4033574
FR;1;2021-11-14;2024;3314;6812;5;7383;40859284;36746028;4079148;6899;4040957
FR;1;2021-11-15;18576;34882;156333;303;166092;40877860;36780910;4235481;7202;4207049
FR;1;2021-11-16;21067;37916;191997;377;204767;40898927;36818826;4427478;7579;4411816
FR;1;2021-11-17;28490;45716;193140;399;204913;40927417;36864542;4620618;7978;4616729
FR;1;2021-11-18;21048;38843;182381;457;194350;40948465;36903385;4802999;8435;4811079
FR;1;2021-11-19;30772;53374;230136;529;246552;40979237;36956759;5033135;8964;5057631
FR;1;2021-11-20;23679;33320;96940;201;103576;41002916;36990079;5130075;9165;5161207
FR;1;2021-11-21;2313;4016;9096;18;9969;41005229;36994095;5139171;9183;5171176
FR;1;2021-11-22;21354;30473;175792;465;189311;41026583;37024568;5314963;9648;5360487
FR;1;2021-11-23;23869;41168;221087;538;237784;41050452;37065736;5536050;10186;5598271
FR;1;2021-11-24;30256;49747;217252;703;234362;41080708;37115483;5753302;10889;5832633
FR;1;2021-11-25;23480;43930;244342;719;263874;41104188;37159413;5997644;11608;6096507
FR;1;2021-11-26;30580;66552;356668;832;388355;41134768;37225965;6354312;12440;6484862
FR;1;2021-11-27;21768;45363;202547;371;222520;41156536;37271328;6556859;12811;6707382
FR;1;2021-11-28;3137;9676;54753;63;61029;41159673;37281004;6611612;12874;6768411
FR;1;2021-11-29;17853;49520;326261;840;354240;41177526;37330524;6937873;13714;7122651
FR;1;2021-11-30;22740;64978;431025;949;470593;41200266;37395502;7368898;14663;7593244
FR;1;2021-12-01;24898;69369;442737;1130;481577;41225164;37464871;7811635;15793;8074821
FR;1;2021-12-02;19963;64428;489239;1227;532675;41245127;37529299;8300874;17020;8607496
FR;1;2021-12-03;22826;81815;542597;1307;591576;41267953;37611114;8843471;18327;9199072
FR;1;2021-12-04;16367;53931;299023;652;328853;41284320;37665045;9142494;18979;9527925
FR;1;2021-12-05;3622;13920;81495;143;91051;41287942;37678965;9223989;19122;9618976
FR;1;2021-12-06;20420;62780;415300;1065;455009;41308362;37741745;9639289;20187;10073985
FR;1;2021-12-07;19788;75817;522797;1531;572393;41328150;37817562;10162086;21718;10646378
FR;1;2021-12-08;21556;75843;458209;1543;501906;41349706;37893405;10620295;23261;11148284
FR;1;2021-12-09;19390;74115;492751;1625;540611;41369096;37967520;11113046;24886;11688895
FR;1;2021-12-10;22966;87629;547257;1586;599836;41392062;38055149;11660303;26472;12288731
FR;1;2021-12-11;16513;59011;302675;747;335419;41408575;38114160;11962978;27219;12624150
FR;1;2021-12-12;4343;16026;83178;179;94082;41412918;38130186;12046156;27398;12718232
FR;1;2021-12-13;15468;63826;366822;1094;406185;41428386;38194012;12412978;28492;13124417
FR;1;2021-12-14;20469;80311;464537;1739;515013;41448855;38274323;12877515;30231;13639430
FR;1;2021-12-15;21390;77508;408912;1307;452989;41470245;38351831;13286427;31538;14092419
FR;1;2021-12-16;19956;77385;451672;1574;500454;41490201;38429216;13738099;33112;14592873
FR;1;2021-12-17;22514;86711;479785;1732;530919;41512715;38515927;14217884;34844;15123792
FR;1;2021-12-18;17582;54720;257556;730;288463;41530297;38570647;14475440;35574;15412255
FR;1;2021-12-19;5537;17136;79131;194;90743;41535834;38587783;14554571;35768;15502998
FR;1;2021-12-20;20775;63173;316098;1081;355169;41556609;38650956;14870669;36849;15858167
FR;1;2021-12-21;26097;73238;372617;1421;417975;41582706;38724194;15243286;38270;16276142
FR;1;2021-12-22;24900;65994;310502;1215;349467;41607606;38790188;15553788;39485;16625609
FR;1;2021-12-23;21233;52356;241389;954;272980;41628839;38842544;15795177;40439;16898589
FR;1;2021-12-24;7099;18251;67109;256;77029;41635938;38860795;15862286;40695;16975618
FR;1;2021-12-25;500;2766;5567;15;6528;41636438;38863561;15867853;40710;16982146
FR;1;2021-12-26;2747;7599;26922;70;31448;41639185;38871160;15894775;40780;17013594
FR;1;2021-12-27;18192;53568;235011;707;265699;41657377;38924728;16129786;41487;17279293
FR;1;2021-12-28;23245;62000;291948;1025;330133;41680622;38986728;16421734;42512;17609426
FR;1;2021-12-29;22193;55561;254911;918;288129;41702815;39042289;16676645;43430;17897555
FR;1;2021-12-30;21221;46354;212093;857;239563;41724036;39088643;16888738;44287;18137118
FR;1;2021-12-31;7457;16609;61832;229;70354;41731493;39105252;16950570;44516;18207472
FR;1;2022-01-01;933;2477;5644;29;6574;41732426;39107729;16956214;44545;18214046
FR;1;2022-01-02;3041;8065;28871;50;33524;41735467;39115794;16985085;44595;18247570
FR;1;2022-01-03;20019;53896;228107;786;257512;41755486;39169690;17213192;45381;18505082
FR;1;2022-01-04;25010;64838;299146;1235;337188;41780496;39234528;17512338;46616;18842270
FR;1;2022-01-05;29717;63934;274762;1098;310104;41810213;39298462;17787100;47714;19152374
FR;1;2022-01-06;26513;65980;306795;1395;346426;41836726;39364442;18093895;49109;19498800
FR;1;2022-01-07;31310;74665;349753;1534;393834;41868036;39439107;18443648;50643;19892634
FR;1;2022-01-08;23340;51383;222459;695;251090;41891376;39490490;18666107;51338;20143724
FR;1;2022-01-09;7075;17194;66011;163;76153;41898451;39507684;18732118;51501;20219877
FR;1;2022-01-10;21455;55807;236690;952;267081;41919906;39563491;18968808;52453;20486958
FR;1;2022-01-11;26486;63112;282196;1277;317738;41946392;39626603;19251004;53730;20804696
FR;1;2022-01-12;28724;62247;246142;1103;277914;41975116;39688850;19497146;54833;21082610
FR;1;2022-01-13;24443;59951;262705;1253;296056;41999559;39748801;19759851;56086;21378666
FR;1;2022-01-14;27778;66531;313900;1366;351179;42027337;39815332;20073751;57452;21729845
FR;1;2022-01-15;19258;44336;199268;619;223842;42046595;39859668;20273019;58071;21953687
FR;1;2022-01-16;5134;12996;51495;135;59574;42051729;39872664;20324514;58206;22013261
FR;1;2022-01-17;16737;39714;184773;779;206812;42068466;39912378;20509287;58985;22220073
FR;1;2022-01-18;19238;45726;212350;1151;236981;42087704;39958104;20721637;60136;22457054
FR;1;2022-01-19;20151;43919;176037;894;197167;42107855;40002023;20897674;61030;22654221
FR;1;2022-01-20;16598;40387;183579;1137;204667;42124453;40042410;21081253;62167;22858888
FR;1;2022-01-21;19705;46946;228881;1405;253291;42144158;40089356;21310134;63572;23112179
FR;1;2022-01-22;13826;33236;144465;578;161361;42157984;40122592;21454599;64150;23273540
FR;1;2022-01-23;3345;8808;33401;130;38327;42161329;40131400;21488000;64280;23311867
FR;1;2022-01-24;11727;32656;142154;706;158235;42173056;40164056;21630154;64986;23470102
FR;1;2022-01-25;14096;38000;163336;1049;181520;42187152;40202056;21793490;66035;23651622
FR;1;2022-01-26;14826;37389;150194;931;166254;42201978;40239445;21943684;66966;23817876
FR;1;2022-01-27;12284;32921;143389;882;157873;42214262;40272366;22087073;67848;23975749
FR;1;2022-01-28;16248;53851;198245;1143;222445;42230510;40326217;22285318;68991;24198194
FR;1;2022-01-29;10257;35434;135173;522;151542;42240767;40361651;22420491;69513;24349736
FR;1;2022-01-30;2475;9303;29666;86;34464;42243242;40370954;22450157;69599;24384200
FR;1;2022-01-31;8726;32343;104298;530;117384;42251968;40403297;22554455;70129;24501584
FR;1;2022-02-01;10179;36263;127018;862;141226;42262147;40439560;22681473;70991;24642810
FR;1;2022-02-02;11472;41136;130293;780;145836;42273619;40480696;22811766;71771;24788646
FR;1;2022-02-03;8744;33402;116950;780;130349;42282363;40514098;22928716;72551;24918995
FR;1;2022-02-04;11388;48097;172520;965;192780;42293751;40562195;23101236;73516;25111775
FR;1;2022-02-05;7882;33903;117552;391;133054;42301633;40596098;23218788;73907;25244829
FR;1;2022-02-06;1689;8051;22734;83;26905;42303322;40604149;23241522;73990;25271734
FR;1;2022-02-07;7098;35356;119040;452;134963;42310420;40639505;23360562;74442;25406697
FR;1;2022-02-08;7562;31549;125599;693;140573;42317982;40671054;23486161;75135;25547270
FR;1;2022-02-09;8455;36152;135204;694;152419;42326437;40707206;23621365;75829;25699689
FR;1;2022-02-10;6582;29299;116294;674;130041;42333019;40736505;23737659;76503;25829730
FR;1;2022-02-11;8559;41319;165074;875;185279;42341578;40777824;23902733;77378;26015009
FR;1;2022-02-12;5290;27528;106672;378;120845;42346868;40805352;24009405;77756;26135854
FR;1;2022-02-13;1223;5699;21703;62;25315;42348091;40811051;24031108;77818;26161169
FR;1;2022-02-14;5375;27072;118033;388;133053;42353466;40838123;24149141;78206;26294222
FR;1;2022-02-15;5582;28099;118847;609;132439;42359048;40866222;24267988;78815;26426661
FR;1;2022-02-16;5644;28128;110371;594;122969;42364692;40894350;24378359;79409;26549630
FR;1;2022-02-17;4413;19134;73091;486;80140;42369105;40913484;24451450;79895;26629770
FR;1;2022-02-18;5489;26451;99145;668;108085;42374594;40939935;24550595;80563;26737855
FR;1;2022-02-19;3524;17078;59457;304;66027;42378118;40957013;24610052;80867;26803882
FR;1;2022-02-20;781;3224;10690;35;12312;42378899;40960237;24620742;80902;26816194
FR;1;2022-02-21;3355;14466;52791;286;57636;42382254;40974703;24673533;81188;26873830
FR;1;2022-02-22;3717;15360;51869;499;55592;42385971;40990063;24725402;81687;26929422
FR;1;2022-02-23;4155;17610;57444;508;62545;42390126;41007673;24782846;82195;26991967
FR;1;2022-02-24;3238;12756;43569;436;46349;42393364;41020429;24826415;82631;27038316
FR;1;2022-02-25;4393;19395;64843;695;68704;42397757;41039824;24891258;83326;27107020
FR;1;2022-02-26;2677;12682;41343;308;45096;42400434;41052506;24932601;83634;27152116
FR;1;2022-02-27;639;2168;7116;42;7981;42401073;41054674;24939717;83676;27160097
FR;1;2022-02-28;2562;10156;34922;301;37344;42403635;41064830;24974639;83977;27197441
FR;1;2022-03-01;2719;10389;38639;389;39562;42406354;41075219;25013278;84366;27237003
FR;1;2022-03-02;3436;11875;41807;390;43856;42409790;41087094;25055085;84756;27280859
FR;1;2022-03-03;2288;7555;26119;319;26431;42412078;41094649;25081204;85075;27307290
FR;1;2022-03-04;2648;10218;35388;575;34866;42414726;41104867;25116592;85650;27342156
FR;1;2022-03-05;1672;6290;21941;277;22327;42416398;41111157;25138533;85927;27364483
FR;1;2022-03-06;349;938;2914;37;3112;42416747;41112095;25141447;85964;27367595
FR;1;2022-03-07;1371;4564;16405;244;15861;42418118;41116659;25157852;86208;27383456
FR;1;2022-03-08;1534;5085;17125;307;15944;42419652;41121744;25174977;86515;27399400
FR;1;2022-03-09;1861;6464;19775;367;19122;42421513;41128208;25194752;86882;27418522
FR;1;2022-03-10;1297;4402;15192;305;14201;42422810;41132610;25209944;87187;27432723
FR;1;2022-03-11;1691;6146;21672;480;19820;42424501;41138756;25231616;87667;27452543
FR;1;2022-03-12;1227;4592;15350;276;14895;42425728;41143348;25246966;87943;27467438
FR;1;2022-03-13;240;604;2102;115;2050;42425968;41143952;25249068;88058;27469488
FR;1;2022-03-14;1065;3552;13362;3873;12485;42427033;41147504;25262430;91931;27481973
FR;1;2022-03-15;1255;3829;14516;6861;12993;42428288;41151333;25276946;98792;27494966
FR;1;2022-03-16;1600;4740;17330;11513;16380;42429888;41156073;25294276;110305;27511346
FR;1;2022-03-17;1093;3161;11678;9638;10772;42430981;41159234;25305954;119943;27522118
FR;1;2022-03-18;1660;4697;17911;16484;16338;42432641;41163931;25323865;136427;27538456
FR;1;2022-03-19;1109;3166;11878;8450;11342;42433750;41167097;25335743;144877;27549798
FR;1;2022-03-20;218;533;1715;1006;1748;42433968;41167630;25337458;145883;27551546
FR;1;2022-03-21;1037;2678;11470;13442;10813;42435005;41170308;25348928;159325;27562359
FR;1;2022-03-22;1188;3061;12218;18681;11205;42436193;41173369;25361146;178006;27573564
FR;1;2022-03-23;1460;4154;15955;20090;15635;42437653;41177523;25377101;198096;27589199
FR;1;2022-03-24;1070;2512;10350;16012;9602;42438723;41180035;25387451;214108;27598801
FR;1;2022-03-25;1497;4010;16675;25280;15318;42440220;41184045;25404126;239388;27614119
FR;1;2022-03-26;1096;2837;10837;11431;10495;42441316;41186882;25414963;250819;27624614
FR;1;2022-03-27;228;537;1721;1376;1773;42441544;41187419;25416684;252195;27626387
FR;1;2022-03-28;1032;2338;9910;15860;9528;42442576;41189757;25426594;268055;27635915
FR;1;2022-03-29;1109;2695;11510;25060;10878;42443685;41192452;25438104;293115;27646793
FR;1;2022-03-30;1593;3455;14096;24144;13625;42445278;41195907;25452200;317259;27660418
FR;1;2022-03-31;1259;2595;11577;22546;11082;42446537;41198502;25463777;339805;27671500
FR;1;2022-04-01;1649;3721;18394;28446;17239;42448186;41202223;25482171;368251;27688739
FR;1;2022-04-02;881;1852;8171;9204;7919;42449067;41204075;25490342;377455;27696658
FR;1;2022-04-03;186;362;1426;1056;1426;42449253;41204437;25491768;378511;27698084
FR;1;2022-04-04;1047;2135;11206;17616;10576;42450300;41206572;25502974;396127;27708660
FR;1;2022-04-05;1240;2475;12909;31090;11924;42451540;41209047;25515883;427217;27720584
FR;1;2022-04-06;1315;2684;12093;23739;11505;42452855;41211731;25527976;450956;27732089
FR;1;2022-04-07;1130;2466;12257;30869;11716;42453985;41214197;25540233;481825;27743805
FR;1;2022-04-08;1556;3455;17465;40389;16378;42455541;41217652;25557698;522214;27760183
FR;1;2022-04-09;797;1969;8380;12474;8074;42456338;41219621;25566078;534688;27768257
FR;1;2022-04-10;182;454;1817;1831;1848;42456520;41220075;25567895;536519;27770105
FR;1;2022-04-11;940;2097;10914;22104;10623;42457460;41222172;25578809;558623;27780728
FR;1;2022-04-12;1190;2374;12708;37794;12198;42458650;41224546;25591517;596417;27792926
FR;1;2022-04-13;1151;2580;12166;30275;11879;42459801;41227126;25603683;626692;27804805
FR;1;2022-04-14;1167;2278;11947;33234;11929;42460968;41229404;25615630;659926;27816734
FR;1;2022-04-15;1403;2767;14278;32939;13650;42462371;41232171;25629908;692865;27830384
FR;1;2022-04-16;646;1387;5814;7969;5735;42463017;41233558;25635722;700834;27836119
FR;1;2022-04-17;148;271;927;1101;969;42463165;41233829;25636649;701935;27837088
FR;1;2022-04-18;116;369;2598;968;2621;42463281;41234198;25639247;702903;27839709
FR;1;2022-04-19;1180;2474;11703;27658;11384;42464461;41236672;25650950;730561;27851093
FR;1;2022-04-20;1249;2505;12045;26580;11869;42465710;41239177;25662995;757141;27862962
FR;1;2022-04-21;1199;2327;11407;32802;11564;42466909;41241504;25674402;789943;27874526
FR;1;2022-04-22;1466;2932;15123;35278;14701;42468375;41244436;25689525;825221;27889227
FR;1;2022-04-23;735;1551;6700;9866;6602;42469110;41245987;25696225;835087;27895829
FR;1;2022-04-24;184;354;1368;1510;1320;42469294;41246341;25697593;836597;27897149
FR;1;2022-04-25;982;2032;9792;19487;9676;42470276;41248373;25707385;856084;27906825
FR;1;2022-04-26;1282;2564;12507;36151;12098;42471558;41250937;25719892;892235;27918923
FR;1;2022-04-27;1268;2345;10546;28748;10658;42472826;41253282;25730438;920983;27929581
FR;1;2022-04-28;1239;2269;11426;33733;11247;42474065;41255551;25741864;954716;27940828
FR;1;2022-04-29;1554;2886;14209;35082;13637;42475619;41258437;25756073;989798;27954465
FR;1;2022-04-30;798;1427;6281;9089;6112;42476417;41259864;25762354;998887;27960577
FR;1;2022-05-01;138;258;800;909;794;42476555;41260122;25763154;999796;27961371
FR;1;2022-05-02;875;1789;10007;16552;9881;42477430;41261911;25773161;1016348;27971252
FR;1;2022-05-03;1336;2486;12287;32316;12197;42478766;41264397;25785448;1048664;27983449
FR;1;2022-05-04;1256;2378;10634;23316;10765;42480022;41266775;25796082;1071980;27994214
FR;1;2022-05-05;1295;2306;11270;31172;11072;42481317;41269081;25807352;1103152;28005286
FR;1;2022-05-06;1635;3070;13917;34508;13465;42482952;41272151;25821269;1137660;28018751
FR;1;2022-05-07;809;1433;5846;9037;5880;42483761;41273584;25827115;1146697;28024631
FR;1;2022-05-08;180;316;1036;1445;1098;42483941;41273900;25828151;1148142;28025729
FR;1;2022-05-09;985;1800;8686;18852;8604;42484926;41275700;25836837;1166994;28034333
FR;1;2022-05-10;1330;2443;11718;36363;11361;42486256;41278143;25848555;1203357;28045694
FR;1;2022-05-11;1345;2134;9302;25504;9199;42487601;41280277;25857857;1228861;28054893
FR;1;2022-05-12;1227;2175;10023;32842;9684;42488828;41282452;25867880;1261703;28064577
FR;1;2022-05-13;1537;2641;12241;35213;11900;42490365;41285093;25880121;1296916;28076477
FR;1;2022-05-14;747;1239;5042;10094;4928;42491112;41286332;25885163;1307010;28081405
FR;1;2022-05-15;201;339;1025;1322;1104;42491313;41286671;25886188;1308332;28082509
FR;1;2022-05-16;889;1585;7020;19342;7078;42492202;41288256;25893208;1327674;28089587
FR;1;2022-05-17;1208;2100;10023;35194;9654;42493410;41290356;25903231;1362868;28099241
FR;1;2022-05-18;1209;1910;7932;25051;7876;42494619;41292266;25911163;1387919;28107117
FR;1;2022-05-19;1117;2144;8830;32568;8778;42495736;41294410;25919993;1420487;28115895
FR;1;2022-05-20;1498;2486;11017;36729;10668;42497234;41296896;25931010;1457216;28126563
FR;1;2022-05-21;747;1278;4614;9135;4575;42497981;41298174;25935624;1466351;28131138
FR;1;2022-05-22;172;259;891;1273;886;42498153;41298433;25936515;1467624;28132024
FR;1;2022-05-23;858;1575;6489;18368;6412;42499011;41300008;25943004;1485992;28138436
FR;1;2022-05-24;1188;2200;9381;35202;9156;42500199;41302208;25952385;1521194;28147592
FR;1;2022-05-25;1155;2050;7619;21980;7811;42501354;41304258;25960004;1543174;28155403
FR;1;2022-05-26;113;200;644;864;683;42501467;41304458;25960648;1544038;28156086
FR;2;2020-12-27;0;0;0;0;0;0;0;0;0;0
FR;2;2020-12-28;0;0;0;0;0;0;0;0;0;0
FR;2;2020-12-29;0;0;0;0;0;0;0;0;0;0
FR;2;2020-12-30;0;0;0;0;0;0;0;0;0;0
FR;2;2020-12-31;0;0;0;0;0;0;0;0;0;0
FR;2;2021-01-01;0;0;0;0;0;0;0;0;0;0
FR;2;2021-01-02;0;0;0;0;0;0;0;0;0;0
FR;2;2021-01-03;0;0;0;0;0;0;0;0;0;0
FR;2;2021-01-04;0;0;0;0;0;0;0;0;0;0
FR;2;2021-01-05;0;0;0;0;0;0;0;0;0;0
FR;2;2021-01-06;0;0;0;0;0;0;0;0;0;0
FR;2;2021-01-07;0;0;0;0;0;0;0;0;0;0
FR;2;2021-01-08;0;0;0;0;0;0;0;0;0;0
FR;2;2021-01-09;0;0;0;0;0;0;0;0;0;0
FR;2;2021-01-10;0;0;0;0;0;0;0;0;0;0
FR;2;2021-01-11;0;0;0;0;0;0;0;0;0;0
FR;2;2021-01-12;0;0;0;0;0;0;0;0;0;0
FR;2;2021-01-13;0;0;0;0;0;0;0;0;0;0
FR;2;2021-01-14;1688;0;0;0;0;1688;0;0;0;0
FR;2;2021-01-15;394;0;0;0;0;2082;0;0;0;0
FR;2;2021-01-16;315;0;0;0;0;2397;0;0;0;0
FR;2;2021-01-17;80;0;0;0;0;2477;0;0;0;0
FR;2;2021-01-18;3073;2;0;0;0;5550;2;0;0;0
FR;2;2021-01-19;4675;0;0;0;0;10225;2;0;0;0
FR;2;2021-01-20;5135;4;0;0;0;15360;6;0;0;0
FR;2;2021-01-21;5338;8;0;0;0;20698;14;0;0;0
FR;2;2021-01-22;5115;6;0;0;0;25813;20;0;0;0
FR;2;2021-01-23;1866;0;0;0;0;27679;20;0;0;0
FR;2;2021-01-24;160;1;0;0;0;27839;21;0;0;0
FR;2;2021-01-25;3811;3;0;0;0;31650;24;0;0;0
FR;2;2021-01-26;3919;1;0;0;0;35569;25;0;0;0
FR;2;2021-01-27;3598;2;0;0;0;39167;27;0;0;0
FR;2;2021-01-28;3747;7;0;0;0;42914;34;0;0;0
FR;2;2021-01-29;3291;2;0;0;0;46205;36;0;0;0
FR;2;2021-01-30;1130;1;0;0;0;47335;37;0;0;0
FR;2;2021-01-31;45;1;0;0;0;47380;38;0;0;0
FR;2;2021-02-01;3399;3;0;0;0;50779;41;0;0;0
FR;2;2021-02-02;4487;10;0;0;0;55266;51;0;0;0
FR;2;2021-02-03;5217;6;0;0;0;60483;57;0;0;0
FR;2;2021-02-04;4931;10;0;0;0;65414;67;0;0;0
FR;2;2021-02-05;4810;13;0;0;0;70224;80;0;0;0
FR;2;2021-02-06;2040;12;0;0;0;72264;92;0;0;0
FR;2;2021-02-07;101;4;0;0;0;72365;96;0;0;0
FR;2;2021-02-08;7553;19;0;0;0;79918;115;0;0;0
FR;2;2021-02-09;8420;28;0;0;0;88338;143;0;0;0
FR;2;2021-02-10;9338;56;0;0;0;97676;199;0;0;0
FR;2;2021-02-11;10279;96;0;0;0;107955;295;0;0;0
FR;2;2021-02-12;10053;260;0;0;0;118008;555;0;0;0
FR;2;2021-02-13;3118;226;0;0;0;121126;781;0;0;0
FR;2;2021-02-14;355;8;0;0;0;121481;789;0;0;0
FR;2;2021-02-15;3454;3096;0;0;0;124935;3885;0;0;0
FR;2;2021-02-16;5066;4027;0;0;0;130001;7912;0;0;0
FR;2;2021-02-17;4252;4468;0;0;0;134253;12380;0;0;0
FR;2;2021-02-18;5400;5115;0;0;0;139653;17495;0;0;0
FR;2;2021-02-19;5324;4396;0;0;0;144977;21891;0;0;0
FR;2;2021-02-20;1869;1508;0;0;0;146846;23399;0;0;0
FR;2;2021-02-21;242;88;0;0;0;147088;23487;0;0;0
FR;2;2021-02-22;3611;3746;0;0;0;150699;27233;0;0;0
FR;2;2021-02-23;4952;3693;0;0;0;155651;30926;0;0;0
FR;2;2021-02-24;5010;3495;0;0;0;160661;34421;0;0;0
FR;2;2021-02-25;5481;3454;0;0;0;166142;37875;0;0;0
FR;2;2021-02-26;4361;3147;0;0;0;170503;41022;0;0;0
FR;2;2021-02-27;1623;1053;0;0;0;172126;42075;0;0;0
FR;2;2021-02-28;177;29;0;0;0;172303;42104;0;0;0
FR;2;2021-03-01;5178;3729;0;0;0;177481;45833;0;0;0
FR;2;2021-03-02;6528;4728;0;0;0;184009;50561;0;0;0
FR;2;2021-03-03;6534;4920;0;0;0;190543;55481;0;0;0
FR;2;2021-03-04;8396;4054;0;0;0;198939;59535;0;0;0
FR;2;2021-03-05;8027;4062;0;0;0;206966;63597;0;0;0
FR;2;2021-03-06;4783;1683;0;0;0;211749;65280;0;0;0
FR;2;2021-03-07;2372;30;0;0;0;214121;65310;0;0;0
FR;2;2021-03-08;4164;8332;0;0;0;218285;73642;0;0;0
FR;2;2021-03-09;7485;8494;1;0;0;225770;82136;1;0;0
FR;2;2021-03-10;7098;9141;0;0;0;232868;91277;1;0;0
FR;2;2021-03-11;9372;9241;1;0;0;242240;100518;2;0;0
FR;2;2021-03-12;7972;8222;0;0;0;250212;108740;2;0;0
FR;2;2021-03-13;10046;2558;0;0;0;260258;111298;2;0;0
FR;2;2021-03-14;4838;404;0;0;0;265096;111702;2;0;0
FR;2;2021-03-15;10905;3487;0;0;0;276001;115189;2;0;0
FR;2;2021-03-16;16761;4648;1;0;0;292762;119837;3;0;0
FR;2;2021-03-17;20226;3973;0;0;0;312988;123810;3;0;0
FR;2;2021-03-18;23364;4972;0;0;0;336352;128782;3;0;0
FR;2;2021-03-19;23301;4577;0;0;0;359653;133359;3;0;0
FR;2;2021-03-20;25443;1548;0;0;0;385096;134907;3;0;0
FR;2;2021-03-21;17669;150;0;0;0;402765;135057;3;0;0
FR;2;2021-03-22;17782;3139;0;0;0;420547;138196;3;0;0
FR;2;2021-03-23;22686;4202;0;0;0;443233;142398;3;0;0
FR;2;2021-03-24;23954;5016;0;0;0;467187;147414;3;0;0
FR;2;2021-03-25;26737;5137;1;0;0;493924;152551;4;0;0
FR;2;2021-03-26;26975;4238;0;0;0;520899;156789;4;0;0
FR;2;2021-03-27;15918;1329;0;0;0;536817;158118;4;0;0
FR;2;2021-03-28;10561;120;0;0;0;547378;158238;4;0;0
FR;2;2021-03-29;18985;4286;0;0;0;566363;162524;4;0;0
FR;2;2021-03-30;24575;6028;0;0;0;590938;168552;4;0;0
FR;2;2021-03-31;28553;5928;0;0;0;619491;174480;4;0;0
FR;2;2021-04-01;34544;8497;1;0;0;654035;182977;5;0;0
FR;2;2021-04-02;29976;7668;0;0;0;684011;190645;5;0;0
FR;2;2021-04-03;16953;3781;0;0;0;700964;194426;5;0;0
FR;2;2021-04-04;9305;1024;2;0;0;710269;195450;7;0;0
FR;2;2021-04-05;12443;806;0;0;0;722712;196256;7;0;0
FR;2;2021-04-06;27143;7032;0;0;0;749855;203288;7;0;0
FR;2;2021-04-07;30926;7140;1;0;0;780781;210428;8;0;0
FR;2;2021-04-08;36879;8727;1;0;0;817660;219155;9;0;0
FR;2;2021-04-09;33835;8545;28;0;0;851495;227700;37;0;0
FR;2;2021-04-10;19678;9025;1;0;0;871173;236725;38;0;0
FR;2;2021-04-11;7941;4255;1;0;0;879114;240980;39;0;0
FR;2;2021-04-12;17121;11145;0;0;0;896235;252125;39;0;0
FR;2;2021-04-13;19448;16198;1;0;0;915683;268323;40;0;0
FR;2;2021-04-14;18060;16304;7;0;0;933743;284627;47;0;0
FR;2;2021-04-15;22186;20992;27;0;0;955929;305619;74;0;0
FR;2;2021-04-16;20705;20146;45;0;0;976634;325765;119;0;0
FR;2;2021-04-17;13253;22427;5;0;0;989887;348192;124;0;0
FR;2;2021-04-18;5907;14394;6;0;0;995794;362586;130;0;0
FR;2;2021-04-19;16831;16274;24;0;0;1012625;378860;154;0;0
FR;2;2021-04-20;19319;21587;38;0;0;1031944;400447;192;0;0
FR;2;2021-04-21;20280;21704;76;0;0;1052224;422151;268;0;0
FR;2;2021-04-22;23809;24865;41;0;0;1076033;447016;309;0;0
FR;2;2021-04-23;24516;25353;76;0;0;1100549;472369;385;0;0
FR;2;2021-04-24;25301;15088;104;0;0;1125850;487457;489;0;0
FR;2;2021-04-25;9592;8601;5;0;0;1135442;496058;494;0;0
FR;2;2021-04-26;17157;17255;21;0;0;1152599;513313;515;0;0
FR;2;2021-04-27;19240;24222;40;0;0;1171839;537535;555;0;0
FR;2;2021-04-28;22333;26221;112;0;0;1194172;563756;667;0;0
FR;2;2021-04-29;25465;30145;69;0;0;1219637;593901;736;0;0
FR;2;2021-04-30;25529;27741;49;1;0;1245166;621642;785;1;0
FR;2;2021-05-01;14981;9875;6;0;0;1260147;631517;791;1;0
FR;2;2021-05-02;6635;9172;2;0;0;1266782;640689;793;1;0
FR;2;2021-05-03;20012;19246;40;0;0;1286794;659935;833;1;0
FR;2;2021-05-04;18280;29044;33;0;0;1305074;688979;866;1;0
FR;2;2021-05-05;18359;29390;48;0;0;1323433;718369;914;1;0
FR;2;2021-05-06;23539;35238;131;0;0;1346972;753607;1045;1;0
FR;2;2021-05-07;25322;33195;97;0;0;1372294;786802;1142;1;0
FR;2;2021-05-08;21337;9824;14;0;0;1393631;796626;1156;1;0
FR;2;2021-05-09;13162;7840;7;0;0;1406793;804466;1163;1;0
FR;2;2021-05-10;32937;22113;49;0;0;1439730;826579;1212;1;0
FR;2;2021-05-11;43595;21028;101;0;0;1483325;847607;1313;1;0
FR;2;2021-05-12;50040;19835;143;0;0;1533365;867442;1456;1;0
FR;2;2021-05-13;51289;5745;31;0;0;1584654;873187;1487;1;0
FR;2;2021-05-14;61343;12915;132;0;0;1645997;886102;1619;1;0
FR;2;2021-05-15;65926;7139;39;0;0;1711923;893241;1658;1;0
FR;2;2021-05-16;43581;2566;10;0;0;1755504;895807;1668;1;0
FR;2;2021-05-17;44742;12567;114;0;0;1800246;908374;1782;1;0
FR;2;2021-05-18;54633;12239;191;0;0;1854879;920613;1973;1;0
FR;2;2021-05-19;57163;10593;281;0;0;1912042;931206;2254;1;0
FR;2;2021-05-20;63431;10835;287;0;0;1975473;942041;2541;1;0
FR;2;2021-05-21;64289;11636;230;0;0;2039762;953677;2771;1;0
FR;2;2021-05-22;61479;4506;65;0;0;2101241;958183;2836;1;0
FR;2;2021-05-23;37531;570;22;0;0;2138772;958753;2858;1;0
FR;2;2021-05-24;17235;2035;34;0;0;2156007;960788;2892;1;0
FR;2;2021-05-25;21103;12225;240;0;0;2177110;973013;3132;1;0
FR;2;2021-05-26;19933;11456;229;0;0;2197043;984469;3361;1;0
FR;2;2021-05-27;22994;12661;182;0;0;2220037;997130;3543;1;0
FR;2;2021-05-28;29387;14946;190;0;0;2249424;1012076;3733;1;0
FR;2;2021-05-29;30417;8178;57;0;0;2279841;1020254;3790;1;0
FR;2;2021-05-30;4646;1816;6;0;0;2284487;1022070;3796;1;0
FR;2;2021-05-31;28584;18717;183;0;0;2313071;1040787;3979;1;0
FR;2;2021-06-01;45711;20000;224;0;0;2358782;1060787;4203;1;0
FR;2;2021-06-02;37463;19291;181;0;0;2396245;1080078;4384;1;0
FR;2;2021-06-03;51270;23316;161;0;0;2447515;1103394;4545;1;0
FR;2;2021-06-04;65508;24052;215;0;0;2513023;1127446;4760;1;0
FR;2;2021-06-05;34598;24032;51;0;0;2547621;1151478;4811;1;0
FR;2;2021-06-06;4953;6198;10;0;0;2552574;1157676;4821;1;0
FR;2;2021-06-07;28165;23040;146;0;0;2580739;1180716;4967;1;0
FR;2;2021-06-08;46369;22918;143;0;0;2627108;1203634;5110;1;0
FR;2;2021-06-09;34285;20913;107;0;0;2661393;1224547;5217;1;0
FR;2;2021-06-10;42635;19133;95;1;0;2704028;1243680;5312;2;0
FR;2;2021-06-11;55287;25221;134;0;0;2759315;1268901;5446;2;0
FR;2;2021-06-12;30559;19776;53;0;0;2789874;1288677;5499;2;0
FR;2;2021-06-13;3329;9186;13;0;0;2793203;1297863;5512;2;0
FR;2;2021-06-14;25296;24157;92;0;0;2818499;1322020;5604;2;0
FR;2;2021-06-15;39033;22841;154;0;0;2857532;1344861;5758;2;0
FR;2;2021-06-16;30159;21437;134;0;0;2887691;1366298;5892;2;0
FR;2;2021-06-17;36904;25856;150;0;0;2924595;1392154;6042;2;0
FR;2;2021-06-18;46845;28814;122;0;0;2971440;1420968;6164;2;0
FR;2;2021-06-19;24524;24890;39;0;0;2995964;1445858;6203;2;0
FR;2;2021-06-20;3740;10065;10;0;0;2999704;1455923;6213;2;0
FR;2;2021-06-21;17522;42840;87;0;0;3017226;1498763;6300;2;0
FR;2;2021-06-22;28354;49561;110;0;0;3045580;1548324;6410;2;0
FR;2;2021-06-23;21788;49558;107;1;1;3067368;1597882;6517;3;1
FR;2;2021-06-24;28375;50279;133;0;0;3095743;1648161;6650;3;1
FR;2;2021-06-25;33399;60396;127;0;0;3129142;1708557;6777;3;1
FR;2;2021-06-26;16379;59249;54;1;0;3145521;1767806;6831;4;1
FR;2;2021-06-27;2564;29322;22;1;0;3148085;1797128;6853;5;1
FR;2;2021-06-28;12637;54339;82;0;0;3160722;1851467;6935;5;1
FR;2;2021-06-29;19841;59886;178;0;0;3180563;1911353;7113;5;1
FR;2;2021-06-30;16322;57874;252;17;0;3196885;1969227;7365;22;1
FR;2;2021-07-01;20483;59890;227;0;0;3217368;2029117;7592;22;1
FR;2;2021-07-02;24069;62137;184;0;0;3241437;2091254;7776;22;1
FR;2;2021-07-03;12111;57083;153;0;0;3253548;2148337;7929;22;1
FR;2;2021-07-04;1958;23310;18;0;0;3255506;2171647;7947;22;1
FR;2;2021-07-05;9171;29365;106;0;0;3264677;2201012;8053;22;1
FR;2;2021-07-06;14575;36204;135;0;0;3279252;2237216;8188;22;1
FR;2;2021-07-07;14403;33672;139;0;0;3293655;2270888;8327;22;1
FR;2;2021-07-08;19714;40294;162;0;0;3313369;2311182;8489;22;1
FR;2;2021-07-09;27094;54280;202;1;0;3340463;2365462;8691;23;1
FR;2;2021-07-10;13384;33667;107;0;0;3353847;2399129;8798;23;1
FR;2;2021-07-11;1805;4352;16;0;0;3355652;2403481;8814;23;1
FR;2;2021-07-12;12960;37278;118;0;0;3368612;2440759;8932;23;1
FR;2;2021-07-13;37110;53218;150;0;0;3405722;2493977;9082;23;1
FR;2;2021-07-14;6608;3560;15;0;0;3412330;2497537;9097;23;1
FR;2;2021-07-15;47233;47027;156;0;0;3459563;2544564;9253;23;1
FR;2;2021-07-16;64306;55814;187;0;0;3523869;2600378;9440;23;1
FR;2;2021-07-17;31594;23930;96;0;0;3555463;2624308;9536;23;1
FR;2;2021-07-18;6087;4881;19;0;0;3561550;2629189;9555;23;1
FR;2;2021-07-19;32987;28686;94;0;0;3594537;2657875;9649;23;1
FR;2;2021-07-20;51989;44565;155;0;0;3646526;2702440;9804;23;1
FR;2;2021-07-21;45244;34753;93;0;0;3691770;2737193;9897;23;1
FR;2;2021-07-22;56273;41093;128;1;0;3748043;2778286;10025;24;1
FR;2;2021-07-23;68276;49078;170;0;0;3816319;2827364;10195;24;1
FR;2;2021-07-24;36166;21595;82;0;0;3852485;2848959;10277;24;1
FR;2;2021-07-25;6743;2650;10;0;0;3859228;2851609;10287;24;1
FR;2;2021-07-26;36299;22450;91;1;0;3895527;2874059;10378;25;1
FR;2;2021-07-27;62358;34619;180;0;0;3957885;2908678;10558;25;1
FR;2;2021-07-28;55298;26453;132;0;0;4013183;2935131;10690;25;1
FR;2;2021-07-29;68455;32785;189;0;0;4081638;2967916;10879;25;1
FR;2;2021-07-30;74432;37774;222;1;1;4156070;3005690;11101;26;2
FR;2;2021-07-31;34751;16191;104;0;0;4190821;3021881;11205;26;2
FR;2;2021-08-01;5397;2280;19;0;0;4196218;3024161;11224;26;2
FR;2;2021-08-02;35860;16203;101;0;0;4232078;3040364;11325;26;2
FR;2;2021-08-03;55961;28287;142;0;0;4288039;3068651;11467;26;2
FR;2;2021-08-04;46624;20862;128;1;0;4334663;3089513;11595;27;2
FR;2;2021-08-05;54618;31587;215;0;0;4389281;3121100;11810;27;2
FR;2;2021-08-06;58081;42392;242;1;0;4447362;3163492;12052;28;2
FR;2;2021-08-07;25134;17604;89;0;0;4472496;3181096;12141;28;2
FR;2;2021-08-08;3833;3667;21;0;0;4476329;3184763;12162;28;2
FR;2;2021-08-09;29298;21131;91;0;0;4505627;3205894;12253;28;2
FR;2;2021-08-10;44989;33516;154;0;0;4550616;3239410;12407;28;2
FR;2;2021-08-11;35264;25171;151;0;0;4585880;3264581;12558;28;2
FR;2;2021-08-12;41893;35731;162;0;0;4627773;3300312;12720;28;2
FR;2;2021-08-13;42587;37065;218;0;0;4670360;3337377;12938;28;2
FR;2;2021-08-14;18509;22251;93;0;0;4688869;3359628;13031;28;2
FR;2;2021-08-15;3820;3814;17;0;0;4692689;3363442;13048;28;2
FR;2;2021-08-16;25079;27196;110;0;0;4717768;3390638;13158;28;2
FR;2;2021-08-17;38249;43485;205;2;0;4756017;3434123;13363;30;2
FR;2;2021-08-18;32246;36366;195;1;1;4788263;3470489;13558;31;3
FR;2;2021-08-19;37428;46583;224;0;0;4825691;3517072;13782;31;3
FR;2;2021-08-20;40556;55606;269;1;0;4866247;3572678;14051;32;3
FR;2;2021-08-21;18116;24310;115;0;0;4884363;3596988;14166;32;3
FR;2;2021-08-22;2904;4319;22;1;1;4887267;3601307;14188;33;4
FR;2;2021-08-23;19239;35159;131;1;1;4906506;3636466;14319;34;5
FR;2;2021-08-24;31941;56033;235;0;0;4938447;3692499;14554;34;5
FR;2;2021-08-25;25926;43426;250;0;0;4964373;3735925;14804;34;5
FR;2;2021-08-26;32350;55790;387;0;0;4996723;3791715;15191;34;5
FR;2;2021-08-27;36992;65592;478;2;0;5033715;3857307;15669;36;5
FR;2;2021-08-28;17814;28480;300;0;0;5051529;3885787;15969;36;5
FR;2;2021-08-29;2655;5038;47;0;0;5054184;3890825;16016;36;5
FR;2;2021-08-30;18409;37746;399;0;756;5072593;3928571;16415;36;761
FR;2;2021-08-31;28077;57494;885;4;1537;5100670;3986065;17300;40;2298
FR;2;2021-09-01;21590;39843;1307;0;2092;5122260;4025908;18607;40;4390
FR;2;2021-09-02;25477;48612;1960;2;3293;5147737;4074520;20567;42;7683
FR;2;2021-09-03;33404;64474;2986;3;4827;5181141;4138994;23553;45;12510
FR;2;2021-09-04;16826;27702;1442;1;2355;5197967;4166696;24995;46;14865
FR;2;2021-09-05;2260;3608;265;0;413;5200227;4170304;25260;46;15278
FR;2;2021-09-06;14036;28734;1769;1;2930;5214263;4199038;27029;47;18208
FR;2;2021-09-07;21103;41053;3020;13;4857;5235366;4240091;30049;60;23065
FR;2;2021-09-08;17242;31932;2732;6;4467;5252608;4272023;32781;66;27532
FR;2;2021-09-09;20973;40431;4432;3;6754;5273581;4312454;37213;69;34286
FR;2;2021-09-10;28195;51155;5282;4;8828;5301776;4363609;42495;73;43114
FR;2;2021-09-11;13652;22358;2403;5;3939;5315428;4385967;44898;78;47053
FR;2;2021-09-12;1822;2785;284;0;505;5317250;4388752;45182;78;47558
FR;2;2021-09-13;11656;21448;2468;4;4011;5328906;4410200;47650;82;51569
FR;2;2021-09-14;18567;32767;5084;13;9039;5347473;4442967;52734;95;60608
FR;2;2021-09-15;14910;28284;5164;3;7780;5362383;4471251;57898;98;68388
FR;2;2021-09-16;16071;32765;6735;14;10529;5378454;4504016;64633;112;78917
FR;2;2021-09-17;20911;47094;8777;10;14578;5399365;4551110;73410;122;93495
FR;2;2021-09-18;9855;20925;3804;6;6022;5409220;4572035;77214;128;99517
FR;2;2021-09-19;1165;2647;395;0;643;5410385;4574682;77609;128;100160
FR;2;2021-09-20;7491;18782;3851;7;6152;5417876;4593464;81460;135;106312
FR;2;2021-09-21;11205;29998;6494;5;10738;5429081;4623462;87954;140;117050
FR;2;2021-09-22;9406;23540;5491;7;8513;5438487;4647002;93445;147;125563
FR;2;2021-09-23;10722;28874;7879;9;12636;5449209;4675876;101324;156;138199
FR;2;2021-09-24;15065;42863;10874;18;17192;5464274;4718739;112198;174;155391
FR;2;2021-09-25;7257;18740;3962;10;6085;5471531;4737479;116160;184;161476
FR;2;2021-09-26;1079;2556;494;0;631;5472610;4740035;116654;184;162107
FR;2;2021-09-27;6313;16449;4286;8;6551;5478923;4756484;120940;192;168658
FR;2;2021-09-28;9238;25549;7768;13;12069;5488161;4782033;128708;205;180727
FR;2;2021-09-29;8080;20209;6066;25;9262;5496241;4802242;134774;230;189989
FR;2;2021-09-30;9863;25790;9503;16;14079;5506104;4828032;144277;246;204068
FR;2;2021-10-01;13968;35634;12912;25;19229;5520072;4863666;157189;271;223297
FR;2;2021-10-02;6873;15875;4845;6;7009;5526945;4879541;162034;277;230306
FR;2;2021-10-03;841;1938;492;1;514;5527786;4881479;162526;278;230820
FR;2;2021-10-04;5818;13934;5516;5;7861;5533604;4895413;168042;283;238681
FR;2;2021-10-05;9052;22544;11121;19;15712;5542656;4917957;179163;302;254393
FR;2;2021-10-06;7780;17739;8239;11;11071;5550436;4935696;187402;313;265464
FR;2;2021-10-07;9195;22176;12378;15;16835;5559631;4957872;199780;328;282299
FR;2;2021-10-08;13423;32056;17346;27;23536;5573054;4989928;217126;355;305835
FR;2;2021-10-09;5998;12822;6041;6;7875;5579052;5002750;223167;361;313710
FR;2;2021-10-10;883;1636;436;2;633;5579935;5004386;223603;363;314343
FR;2;2021-10-11;5604;11600;6454;17;8836;5585539;5015986;230057;380;323179
FR;2;2021-10-12;8033;17755;12538;13;16732;5593572;5033741;242595;393;339911
FR;2;2021-10-13;6944;14847;10245;11;13606;5600516;5048588;252840;404;353517
FR;2;2021-10-14;8310;17939;14989;13;19448;5608826;5066527;267829;417;372965
FR;2;2021-10-15;11845;26275;20901;26;27944;5620671;5092802;288730;443;400909
FR;2;2021-10-16;5137;8725;1816;0;3204;5625808;5101527;290546;443;404113
FR;2;2021-10-17;651;1189;184;0;373;5626459;5102716;290730;443;404486
FR;2;2021-10-18;4558;7419;661;2;1673;5631017;5110135;291391;445;406159
FR;2;2021-10-19;6236;9897;729;5;2053;5637253;5120032;292120;450;408212
FR;2;2021-10-20;5162;8095;756;3;1684;5642415;5128127;292876;453;409896
FR;2;2021-10-21;6088;9969;779;5;2101;5648503;5138096;293655;458;411997
FR;2;2021-10-22;8446;14576;1147;4;2876;5656949;5152672;294802;462;414873
FR;2;2021-10-23;3840;5998;584;0;1234;5660789;5158670;295386;462;416107
FR;2;2021-10-24;494;888;100;0;203;5661283;5159558;295486;462;416310
FR;2;2021-10-25;3357;5368;302;1;824;5664640;5164926;295788;463;417134
FR;2;2021-10-26;4174;7257;1125;4;2006;5668814;5172183;296913;467;419140
FR;2;2021-10-27;3673;6628;1193;5;1997;5672487;5178811;298106;472;421137
FR;2;2021-10-28;4596;7692;1727;3;2746;5677083;5186503;299833;475;423883
FR;2;2021-10-29;5405;11077;2432;4;3668;5682488;5197580;302265;479;427551
FR;2;2021-10-30;2748;4436;972;1;1429;5685236;5202016;303237;480;428980
FR;2;2021-10-31;363;535;139;1;187;5685599;5202551;303376;481;429167
FR;2;2021-11-01;416;556;175;0;267;5686015;5203107;303551;481;429434
FR;2;2021-11-02;3287;6761;1179;0;1756;5689302;5209868;304730;481;431190
FR;2;2021-11-03;3338;6250;1383;2;1966;5692640;5216118;306113;483;433156
FR;2;2021-11-04;3985;7097;1761;4;2491;5696625;5223215;307874;487;435647
FR;2;2021-11-05;5227;10510;2864;5;3944;5701852;5233725;310738;492;439591
FR;2;2021-11-06;2594;4669;1397;0;1809;5704446;5238394;312135;492;441400
FR;2;2021-11-07;508;864;216;0;285;5704954;5239258;312351;492;441685
FR;2;2021-11-08;2576;5360;1201;3;1676;5707530;5244618;313552;495;443361
FR;2;2021-11-09;2749;6946;2392;6;3173;5710279;5251564;315944;501;446534
FR;2;2021-11-10;2585;5712;5093;6;6272;5712864;5257276;321037;507;452806
FR;2;2021-11-11;434;746;732;2;915;5713298;5258022;321769;509;453721
FR;2;2021-11-12;2951;8113;8963;8;10901;5716249;5266135;330732;517;464622
FR;2;2021-11-13;1534;3381;3865;7;4527;5717783;5269516;334597;524;469149
FR;2;2021-11-14;254;604;348;1;485;5718037;5270120;334945;525;469634
FR;2;2021-11-15;1622;3689;4435;9;5319;5719659;5273809;339380;534;474953
FR;2;2021-11-16;2184;5943;8297;14;10074;5721843;5279752;347677;548;485027
FR;2;2021-11-17;1740;4564;6619;8;7836;5723583;5284316;354296;556;492863
FR;2;2021-11-18;2189;5949;9170;11;10995;5725772;5290265;363466;567;503858
FR;2;2021-11-19;2697;7802;12958;19;15464;5728469;5298067;376424;586;519322
FR;2;2021-11-20;1563;3332;5170;5;6074;5730032;5301399;381594;591;525396
FR;2;2021-11-21;246;517;540;0;663;5730278;5301916;382134;591;526059
FR;2;2021-11-22;1275;2623;4469;5;5400;5731553;5304539;386603;596;531459
FR;2;2021-11-23;1614;4313;8186;9;9895;5733167;5308852;394789;605;541354
FR;2;2021-11-24;1418;3797;7462;14;8720;5734585;5312649;402251;619;550074
FR;2;2021-11-25;1812;4894;11449;21;13647;5736397;5317543;413700;640;563721
FR;2;2021-11-26;2537;7777;22654;31;26068;5738934;5325320;436354;671;589789
FR;2;2021-11-27;1497;4130;12256;18;13992;5740431;5329450;448610;689;603781
FR;2;2021-11-28;291;843;1965;3;2287;5740722;5330293;450575;692;606068
FR;2;2021-11-29;1444;4389;15073;23;17244;5742166;5334682;465648;715;623312
FR;2;2021-11-30;1913;6748;26221;36;29972;5744079;5341430;491869;751;653284
FR;2;2021-12-01;1905;6101;26184;29;29504;5745984;5347531;518053;780;682788
FR;2;2021-12-02;1908;6828;37684;52;41927;5747892;5354359;555737;832;724715
FR;2;2021-12-03;2550;10110;53586;112;59310;5750442;5364469;609323;944;784025
FR;2;2021-12-04;1849;6304;37089;38;40764;5752291;5370773;646412;982;824789
FR;2;2021-12-05;458;2265;14252;14;15989;5752749;5373038;660664;996;840778
FR;2;2021-12-06;2464;9895;77681;109;84728;5755213;5382933;738345;1105;925506
FR;2;2021-12-07;3445;15331;122408;238;133693;5758658;5398264;860753;1343;1059199
FR;2;2021-12-08;3717;16056;133169;330;145369;5762375;5414320;993922;1673;1204568
FR;2;2021-12-09;4543;19631;170144;554;185502;5766918;5433951;1164066;2227;1390070
FR;2;2021-12-10;4672;22810;188607;490;206039;5771590;5456761;1352673;2717;1596109
FR;2;2021-12-11;3682;16626;132421;239;144856;5775272;5473387;1485094;2956;1740965
FR;2;2021-12-12;1257;7129;59082;83;65131;5776529;5480516;1544176;3039;1806096
FR;2;2021-12-13;5525;26858;220652;604;242929;5782054;5507374;1764828;3643;2049025
FR;2;2021-12-14;7018;37532;300713;910;332182;5789072;5544906;2065541;4553;2381207
FR;2;2021-12-15;6557;36240;285172;955;315770;5795629;5581146;2350713;5508;2696977
FR;2;2021-12-16;7762;37920;312103;981;343684;5803391;5619066;2662816;6489;3040661
FR;2;2021-12-17;8680;41247;327828;976;360907;5812071;5660313;2990644;7465;3401568
FR;2;2021-12-18;6515;26563;212316;448;233617;5818586;5686876;3202960;7913;3635185
FR;2;2021-12-19;2600;11490;90201;183;100378;5821186;5698366;3293161;8096;3735563
FR;2;2021-12-20;9548;33614;275153;706;303329;5830734;5731980;3568314;8802;4038892
FR;2;2021-12-21;11555;38325;309591;969;341376;5842289;5770305;3877905;9771;4380268
FR;2;2021-12-22;10457;32852;265080;952;292467;5852746;5803157;4142985;10723;4672735
FR;2;2021-12-23;9427;26712;199458;700;221260;5862173;5829869;4342443;11423;4893995
FR;2;2021-12-24;2781;7499;43845;140;49562;5864954;5837368;4386288;11563;4943557
FR;2;2021-12-25;201;699;2000;10;2494;5865155;5838067;4388288;11573;4946051
FR;2;2021-12-26;1322;4214;25147;71;28677;5866477;5842281;4413435;11644;4974728
FR;2;2021-12-27;8077;29941;218378;659;243301;5874554;5872222;4631813;12303;5218029
FR;2;2021-12-28;9840;36341;272062;741;301949;5884394;5908563;4903875;13044;5519978
FR;2;2021-12-29;9494;32286;246105;766;272677;5893888;5940849;5149980;13810;5792655
FR;2;2021-12-30;9453;28138;208808;663;231463;5903341;5968987;5358788;14473;6024118
FR;2;2021-12-31;3007;8374;54980;177;61234;5906348;5977361;5413768;14650;6085352
FR;2;2022-01-01;227;692;2849;7;3344;5906575;5978053;5416617;14657;6088696
FR;2;2022-01-02;1505;4857;29505;75;33392;5908080;5982910;5446122;14732;6122088
FR;2;2022-01-03;9583;35373;266501;806;293863;5917663;6018283;5712623;15538;6415951
FR;2;2022-01-04;12842;45373;342063;1067;376945;5930505;6063656;6054686;16605;6792896
FR;2;2022-01-05;11268;38670;294152;885;323807;5941773;6102326;6348838;17490;7116703
FR;2;2022-01-06;13650;43492;331928;1299;364701;5955423;6145818;6680766;18789;7481404
FR;2;2022-01-07;14220;47637;361077;1270;396406;5969643;6193455;7041843;20059;7877810
FR;2;2022-01-08;7945;28147;201255;515;221684;5977588;6221602;7243098;20574;8099494
FR;2;2022-01-09;2749;8997;62519;137;69523;5980337;6230599;7305617;20711;8169017
FR;2;2022-01-10;10086;31922;232448;858;255036;5990423;6262521;7538065;21569;8424053
FR;2;2022-01-11;11470;36256;265881;1030;290571;6001893;6298777;7803946;22599;8714624
FR;2;2022-01-12;8758;29832;206299;862;226169;6010651;6328609;8010245;23461;8940793
FR;2;2022-01-13;9387;31345;224463;831;244812;6020038;6359954;8234708;24292;9185605
FR;2;2022-01-14;9743;35668;254515;920;277681;6029781;6395622;8489223;25212;9463286
FR;2;2022-01-15;5356;19456;140768;363;153636;6035137;6415078;8629991;25575;9616922
FR;2;2022-01-16;1512;5522;35871;80;39849;6036649;6420600;8665862;25655;9656771
FR;2;2022-01-17;5545;19301;135385;601;147247;6042194;6439901;8801247;26256;9804018
FR;2;2022-01-18;6417;21525;148608;648;160465;6048611;6461426;8949855;26904;9964483
FR;2;2022-01-19;4389;16362;105081;552;113702;6053000;6477788;9054936;27456;10078185
FR;2;2022-01-20;4867;17595;115275;603;123672;6057867;6495383;9170211;28059;10201857
FR;2;2022-01-21;5195;20066;137324;678;147746;6063062;6515449;9307535;28737;10349603
FR;2;2022-01-22;3027;10960;74255;259;80324;6066089;6526409;9381790;28996;10429927
FR;2;2022-01-23;722;2734;15236;41;16836;6066811;6529143;9397026;29037;10446763
FR;2;2022-01-24;3293;12823;75058;430;81018;6070104;6541966;9472084;29467;10527781
FR;2;2022-01-25;3571;14435;79613;496;85451;6073675;6556401;9551697;29963;10613232
FR;2;2022-01-26;2515;10660;58959;363;62982;6076190;6567061;9610656;30326;10676214
FR;2;2022-01-27;2681;11272;64166;388;67906;6078871;6578333;9674822;30714;10744120
FR;2;2022-01-28;3543;18381;91710;430;98958;6082414;6596714;9766532;31144;10843078
FR;2;2022-01-29;1892;9250;48836;164;52922;6084306;6605964;9815368;31308;10896000
FR;2;2022-01-30;466;2242;9452;38;10605;6084772;6608206;9824820;31346;10906605
FR;2;2022-01-31;1887;9587;43817;208;47340;6086659;6617793;9868637;31554;10953945
FR;2;2022-02-01;1912;10053;47019;278;50100;6088571;6627846;9915656;31832;11004045
FR;2;2022-02-02;1607;9031;41100;251;44172;6090178;6636877;9956756;32083;11048217
FR;2;2022-02-03;1723;8944;40508;204;42907;6091901;6645821;9997264;32287;11091124
FR;2;2022-02-04;2152;15217;66627;297;71347;6094053;6661038;10063891;32584;11162471
FR;2;2022-02-05;1362;8534;35935;131;39231;6095415;6669572;10099826;32715;11201702
FR;2;2022-02-06;274;1780;6124;16;6899;6095689;6671352;10105950;32731;11208601
FR;2;2022-02-07;1350;9605;37747;134;41304;6097039;6680957;10143697;32865;11249905
FR;2;2022-02-08;1298;9812;40927;173;43711;6098337;6690769;10184624;33038;11293616
FR;2;2022-02-09;1160;8815;37033;174;40452;6099497;6699584;10221657;33212;11334068
FR;2;2022-02-10;1023;7985;33833;204;36500;6100520;6707569;10255490;33416;11370568
FR;2;2022-02-11;1388;12077;53338;222;57683;6101908;6719646;10308828;33638;11428251
FR;2;2022-02-12;749;6529;27985;83;30802;6102657;6726175;10336813;33721;11459053
FR;2;2022-02-13;200;1336;4833;20;5574;6102857;6727511;10341646;33741;11464627
FR;2;2022-02-14;835;6726;30263;89;33226;6103692;6734237;10371909;33830;11497853
FR;2;2022-02-15;771;6448;28044;141;29982;6104463;6740685;10399953;33971;11527835
FR;2;2022-02-16;656;5343;22049;123;23609;6105119;6746028;10422002;34094;11551444
FR;2;2022-02-17;515;3771;14144;98;14608;6105634;6749799;10436146;34192;11566052
FR;2;2022-02-18;721;5361;20429;134;21125;6106355;6755160;10456575;34326;11587177
FR;2;2022-02-19;430;3047;10527;66;11241;6106785;6758207;10467102;34392;11598418
FR;2;2022-02-20;101;512;1456;3;1604;6106886;6758719;10468558;34395;11600022
FR;2;2022-02-21;421;2682;9117;65;9493;6107307;6761401;10477675;34460;11609515
FR;2;2022-02-22;389;2565;8887;76;8791;6107696;6763966;10486562;34536;11618306
FR;2;2022-02-23;432;2600;8985;82;9264;6108128;6766566;10495547;34618;11627570
FR;2;2022-02-24;314;2028;6796;81;6824;6108442;6768594;10502343;34699;11634394
FR;2;2022-02-25;455;3194;11414;108;11277;6108897;6771788;10513757;34807;11645671
FR;2;2022-02-26;294;1889;6035;49;6340;6109191;6773677;10519792;34856;11652011
FR;2;2022-02-27;75;312;905;5;948;6109266;6773989;10520697;34861;11652959
FR;2;2022-02-28;330;1681;5522;53;5529;6109596;6775670;10526219;34914;11658488
FR;2;2022-03-01;274;1559;5474;44;5191;6109870;6777229;10531693;34958;11663679
FR;2;2022-03-02;296;1429;5242;45;5082;6110166;6778658;10536935;35003;11668761
FR;2;2022-03-03;225;1101;3703;42;3478;6110391;6779759;10540638;35045;11672239
FR;2;2022-03-04;240;1463;4852;73;4498;6110631;6781222;10545490;35118;11676737
FR;2;2022-03-05;172;903;2973;32;2716;6110803;6782125;10548463;35150;11679453
FR;2;2022-03-06;40;181;277;5;316;6110843;6782306;10548740;35155;11679769
FR;2;2022-03-07;155;653;1981;69;1772;6110998;6782959;10550721;35224;11681541
FR;2;2022-03-08;143;653;2270;51;1902;6111141;6783612;10552991;35275;11683443
FR;2;2022-03-09;152;695;2341;37;2042;6111293;6784307;10555332;35312;11685485
FR;2;2022-03-10;119;596;1687;35;1459;6111412;6784903;10557019;35347;11686944
FR;2;2022-03-11;169;753;2767;57;2366;6111581;6785656;10559786;35404;11689310
FR;2;2022-03-12;144;480;1784;27;1553;6111725;6786136;10561570;35431;11690863
FR;2;2022-03-13;25;75;201;29;202;6111750;6786211;10561771;35460;11691065
FR;2;2022-03-14;125;465;1560;529;1289;6111875;6786676;10563331;35989;11692354
FR;2;2022-03-15;138;417;1705;688;1321;6112013;6787093;10565036;36677;11693675
FR;2;2022-03-16;141;463;2010;1611;1588;6112154;6787556;10567046;38288;11695263
FR;2;2022-03-17;93;412;1405;1192;1142;6112247;6787968;10568451;39480;11696405
FR;2;2022-03-18;144;489;2017;1787;1659;6112391;6788457;10570468;41267;11698064
FR;2;2022-03-19;108;318;1209;940;1013;6112499;6788775;10571677;42207;11699077
FR;2;2022-03-20;12;76;190;59;166;6112511;6788851;10571867;42266;11699243
FR;2;2022-03-21;96;301;1209;1481;1073;6112607;6789152;10573076;43747;11700316
FR;2;2022-03-22;116;383;1528;1828;1290;6112723;6789535;10574604;45575;11701606
FR;2;2022-03-23;137;343;1666;3031;1456;6112860;6789878;10576270;48606;11703062
FR;2;2022-03-24;116;290;1180;1546;996;6112976;6790168;10577450;50152;11704058
FR;2;2022-03-25;119;360;1802;2449;1472;6113095;6790528;10579252;52601;11705530
FR;2;2022-03-26;76;246;1202;1220;952;6113171;6790774;10580454;53821;11706482
FR;2;2022-03-27;19;36;151;98;131;6113190;6790810;10580605;53919;11706613
FR;2;2022-03-28;93;285;1133;1588;992;6113283;6791095;10581738;55507;11707605
FR;2;2022-03-29;106;257;1324;2462;1104;6113389;6791352;10583062;57969;11708709
FR;2;2022-03-30;91;312;1482;3183;1315;6113480;6791664;10584544;61152;11710024
FR;2;2022-03-31;103;279;1268;2326;1082;6113583;6791943;10585812;63478;11711106
FR;2;2022-04-01;120;314;1562;2340;1313;6113703;6792257;10587374;65818;11712419
FR;2;2022-04-02;72;160;845;889;737;6113775;6792417;10588219;66707;11713156
FR;2;2022-04-03;16;53;128;112;142;6113791;6792470;10588347;66819;11713298
FR;2;2022-04-04;106;225;984;1434;789;6113897;6792695;10589331;68253;11714087
FR;2;2022-04-05;142;286;1308;2870;1136;6114039;6792981;10590639;71123;11715223
FR;2;2022-04-06;87;243;1303;2499;1113;6114126;6793224;10591942;73622;11716336
FR;2;2022-04-07;118;214;1295;2681;1034;6114244;6793438;10593237;76303;11717370
FR;2;2022-04-08;123;327;1622;3207;1319;6114367;6793765;10594859;79510;11718689
FR;2;2022-04-09;90;218;898;1045;731;6114457;6793983;10595757;80555;11719420
FR;2;2022-04-10;37;45;143;161;117;6114494;6794028;10595900;80716;11719537
FR;2;2022-04-11;85;184;878;1518;769;6114579;6794212;10596778;82234;11720306
FR;2;2022-04-12;176;260;1174;2729;1052;6114755;6794472;10597952;84963;11721358
FR;2;2022-04-13;141;222;1114;2418;971;6114896;6794694;10599066;87381;11722329
FR;2;2022-04-14;114;216;1079;2652;908;6115010;6794910;10600145;90033;11723237
FR;2;2022-04-15;111;241;1186;2248;1043;6115121;6795151;10601331;92281;11724280
FR;2;2022-04-16;64;108;540;543;452;6115185;6795259;10601871;92824;11724732
FR;2;2022-04-17;14;26;57;53;53;6115199;6795285;10601928;92877;11724785
FR;2;2022-04-18;11;35;118;65;113;6115210;6795320;10602046;92942;11724898
FR;2;2022-04-19;108;235;1114;1702;945;6115318;6795555;10603160;94644;11725843
FR;2;2022-04-20;94;237;1090;2100;918;6115412;6795792;10604250;96744;11726761
FR;2;2022-04-21;109;228;972;1822;829;6115521;6796020;10605222;98566;11727590
FR;2;2022-04-22;97;266;1237;2080;1019;6115618;6796286;10606459;100646;11728609
FR;2;2022-04-23;66;154;644;762;573;6115684;6796440;10607103;101408;11729182
FR;2;2022-04-24;10;28;100;68;78;6115694;6796468;10607203;101476;11729260
FR;2;2022-04-25;103;200;818;1312;707;6115797;6796668;10608021;102788;11729967
FR;2;2022-04-26;106;182;1029;1901;869;6115903;6796850;10609050;104689;11730836
FR;2;2022-04-27;95;175;855;1682;758;6115998;6797025;10609905;106371;11731594
FR;2;2022-04-28;90;210;943;1891;837;6116088;6797235;10610848;108262;11732431
FR;2;2022-04-29;75;277;1121;1685;1031;6116163;6797512;10611969;109947;11733462
FR;2;2022-04-30;65;124;463;535;422;6116228;6797636;10612432;110482;11733884
FR;2;2022-05-01;14;22;80;42;81;6116242;6797658;10612512;110524;11733965
FR;2;2022-05-02;111;207;735;1201;634;6116353;6797865;10613247;111725;11734599
FR;2;2022-05-03;145;221;980;1728;918;6116498;6798086;10614227;113453;11735517
FR;2;2022-05-04;85;217;901;1758;847;6116583;6798303;10615128;115211;11736364
FR;2;2022-05-05;120;189;832;1653;741;6116703;6798492;10615960;116864;11737105
FR;2;2022-05-06;129;232;1084;1845;998;6116832;6798724;10617044;118709;11738103
FR;2;2022-05-07;40;95;462;502;399;6116872;6798819;10617506;119211;11738502
FR;2;2022-05-08;42;46;103;70;91;6116914;6798865;10617609;119281;11738593
FR;2;2022-05-09;100;162;633;967;582;6117014;6799027;10618242;120248;11739175
FR;2;2022-05-10;110;232;901;1735;858;6117124;6799259;10619143;121983;11740033
FR;2;2022-05-11;96;161;784;1824;765;6117220;6799420;10619927;123807;11740798
FR;2;2022-05-12;106;165;822;2054;784;6117326;6799585;10620749;125861;11741582
FR;2;2022-05-13;93;225;939;1939;876;6117419;6799810;10621688;127800;11742458
FR;2;2022-05-14;75;116;427;550;387;6117494;6799926;10622115;128350;11742845
FR;2;2022-05-15;23;34;90;86;101;6117517;6799960;10622205;128436;11742946
FR;2;2022-05-16;101;157;554;904;494;6117618;6800117;10622759;129340;11743440
FR;2;2022-05-17;94;176;653;1655;620;6117712;6800293;10623412;130995;11744060
FR;2;2022-05-18;80;168;598;1344;578;6117792;6800461;10624010;132339;11744638
FR;2;2022-05-19;68;152;672;1655;630;6117860;6800613;10624682;133994;11745268
FR;2;2022-05-20;96;161;794;1609;697;6117956;6800774;10625476;135603;11745965
FR;2;2022-05-21;43;89;374;507;316;6117999;6800863;10625850;136110;11746281
FR;2;2022-05-22;8;21;63;35;54;6118007;6800884;10625913;136145;11746335
FR;2;2022-05-23;77;122;419;879;414;6118084;6801006;10626332;137024;11746749
FR;2;2022-05-24;76;156;571;1399;557;6118160;6801162;10626903;138423;11747306
FR;2;2022-05-25;59;121;492;1109;443;6118219;6801283;10627395;139532;11747749
FR;2;2022-05-26;5;19;47;38;53;6118224;6801302;10627442;139570;11747802
FR;3;2020-12-27;0;0;0;0;0;0;0;0;0;0
FR;3;2020-12-28;0;0;0;0;0;0;0;0;0;0
FR;3;2020-12-29;0;0;0;0;0;0;0;0;0;0
FR;3;2020-12-30;0;0;0;0;0;0;0;0;0;0
FR;3;2020-12-31;0;0;0;0;0;0;0;0;0;0
FR;3;2021-01-01;0;0;0;0;0;0;0;0;0;0
FR;3;2021-01-02;0;0;0;0;0;0;0;0;0;0
FR;3;2021-01-03;0;0;0;0;0;0;0;0;0;0
FR;3;2021-01-04;0;0;0;0;0;0;0;0;0;0
FR;3;2021-01-05;0;0;0;0;0;0;0;0;0;0
FR;3;2021-01-06;0;0;0;0;0;0;0;0;0;0
FR;3;2021-01-07;0;0;0;0;0;0;0;0;0;0
FR;3;2021-01-08;0;0;0;0;0;0;0;0;0;0
FR;3;2021-01-09;0;0;0;0;0;0;0;0;0;0
FR;3;2021-01-10;0;0;0;0;0;0;0;0;0;0
FR;3;2021-01-11;0;0;0;0;0;0;0;0;0;0
FR;3;2021-01-12;0;0;0;0;0;0;0;0;0;0
FR;3;2021-01-13;0;0;0;0;0;0;0;0;0;0
FR;3;2021-01-14;0;0;0;0;0;0;0;0;0;0
FR;3;2021-01-15;0;0;0;0;0;0;0;0;0;0
FR;3;2021-01-16;0;0;0;0;0;0;0;0;0;0
FR;3;2021-01-17;0;0;0;0;0;0;0;0;0;0
FR;3;2021-01-18;0;0;0;0;0;0;0;0;0;0
FR;3;2021-01-19;0;0;0;0;0;0;0;0;0;0
FR;3;2021-01-20;0;0;0;0;0;0;0;0;0;0
FR;3;2021-01-21;0;0;0;0;0;0;0;0;0;0
FR;3;2021-01-22;0;0;0;0;0;0;0;0;0;0
FR;3;2021-01-23;0;0;0;0;0;0;0;0;0;0
FR;3;2021-01-24;0;0;0;0;0;0;0;0;0;0
FR;3;2021-01-25;0;0;0;0;0;0;0;0;0;0
FR;3;2021-01-26;0;0;0;0;0;0;0;0;0;0
FR;3;2021-01-27;0;0;0;0;0;0;0;0;0;0
FR;3;2021-01-28;0;0;0;0;0;0;0;0;0;0
FR;3;2021-01-29;0;0;0;0;0;0;0;0;0;0
FR;3;2021-01-30;0;0;0;0;0;0;0;0;0;0
FR;3;2021-01-31;0;0;0;0;0;0;0;0;0;0
FR;3;2021-02-01;0;0;0;0;0;0;0;0;0;0
FR;3;2021-02-02;0;0;0;0;0;0;0;0;0;0
FR;3;2021-02-03;0;0;0;0;0;0;0;0;0;0
FR;3;2021-02-04;0;0;0;0;0;0;0;0;0;0
FR;3;2021-02-05;0;0;0;0;0;0;0;0;0;0
FR;3;2021-02-06;1665;0;0;0;0;1665;0;0;0;0
FR;3;2021-02-07;1423;0;0;0;0;3088;0;0;0;0
FR;3;2021-02-08;2782;1;0;0;0;5870;1;0;0;0
FR;3;2021-02-09;6782;0;0;0;0;12652;1;0;0;0
FR;3;2021-02-10;9603;0;0;0;0;22255;1;0;0;0
FR;3;2021-02-11;13611;0;0;0;0;35866;1;0;0;0
FR;3;2021-02-12;13398;0;0;0;0;49264;1;0;0;0
FR;3;2021-02-13;3784;1;0;0;0;53048;2;0;0;0
FR;3;2021-02-14;972;0;0;0;0;54020;2;0;0;0
FR;3;2021-02-15;10486;0;0;0;0;64506;2;0;0;0
FR;3;2021-02-16;12542;1;0;0;0;77048;3;0;0;0
FR;3;2021-02-17;11151;0;0;0;0;88199;3;0;0;0
FR;3;2021-02-18;14934;2;0;0;0;103133;5;0;0;0
FR;3;2021-02-19;14359;1;0;0;0;117492;6;0;0;0
FR;3;2021-02-20;3329;0;0;0;0;120821;6;0;0;0
FR;3;2021-02-21;618;0;0;0;0;121439;6;0;0;0
FR;3;2021-02-22;9162;0;0;0;0;130601;6;0;0;0
FR;3;2021-02-23;11394;1;0;0;0;141995;7;0;0;0
FR;3;2021-02-24;14299;0;0;0;0;156294;7;0;0;0
FR;3;2021-02-25;44929;1;0;0;0;201223;8;0;0;0
FR;3;2021-02-26;61882;3;0;0;0;263105;11;0;0;0
FR;3;2021-02-27;34801;5;0;0;0;297906;16;0;0;0
FR;3;2021-02-28;2463;0;0;0;0;300369;16;0;0;0
FR;3;2021-03-01;20510;10;0;0;0;320879;26;0;0;0
FR;3;2021-03-02;38862;18;0;0;0;359741;44;0;0;0
FR;3;2021-03-03;48729;16;0;0;0;408470;60;0;0;0
FR;3;2021-03-04;82217;20;0;0;0;490687;80;0;0;0
FR;3;2021-03-05;118123;40;0;0;0;608810;120;0;0;0
FR;3;2021-03-06;120709;55;1;0;0;729519;175;1;0;0
FR;3;2021-03-07;55176;27;0;0;0;784695;202;1;0;0
FR;3;2021-03-08;42807;24;0;0;0;827502;226;1;0;0
FR;3;2021-03-09;78965;43;0;0;0;906467;269;1;0;0
FR;3;2021-03-10;80966;47;0;0;0;987433;316;1;0;0
FR;3;2021-03-11;128420;56;0;0;0;1115853;372;1;0;0
FR;3;2021-03-12;182721;91;0;0;0;1298574;463;1;0;0
FR;3;2021-03-13;132144;63;0;0;0;1430718;526;1;0;0
FR;3;2021-03-14;14054;4;0;0;0;1444772;530;1;0;0
FR;3;2021-03-15;52223;48;0;0;0;1496995;578;1;0;0
FR;3;2021-03-16;1209;24;0;0;0;1498204;602;1;0;0
FR;3;2021-03-17;942;30;0;0;0;1499146;632;1;0;0
FR;3;2021-03-18;1564;12;0;0;0;1500710;644;1;0;0
FR;3;2021-03-19;70449;48;0;0;0;1571159;692;1;0;0
FR;3;2021-03-20;65226;44;0;0;0;1636385;736;1;0;0
FR;3;2021-03-21;5756;6;0;0;0;1642141;742;1;0;0
FR;3;2021-03-22;37496;38;0;0;0;1679637;780;1;0;0
FR;3;2021-03-23;84650;61;0;0;0;1764287;841;1;0;0
FR;3;2021-03-24;90935;93;0;0;0;1855222;934;1;0;0
FR;3;2021-03-25;150043;126;0;0;0;2005265;1060;1;0;0
FR;3;2021-03-26;165412;152;0;0;0;2170677;1212;1;0;0
FR;3;2021-03-27;68456;99;0;0;0;2239133;1311;1;0;0
FR;3;2021-03-28;6469;19;0;0;0;2245602;1330;1;0;0
FR;3;2021-03-29;54159;77;0;0;0;2299761;1407;1;0;0
FR;3;2021-03-30;93159;100;0;0;0;2392920;1507;1;0;0
FR;3;2021-03-31;63522;97;0;0;0;2456442;1604;1;0;0
FR;3;2021-04-01;86121;106;0;0;0;2542563;1710;1;0;0
FR;3;2021-04-02;86891;153;0;0;0;2629454;1863;1;0;0
FR;3;2021-04-03;35872;115;0;0;0;2665326;1978;1;0;0
FR;3;2021-04-04;3570;18;0;0;0;2668896;1996;1;0;0
FR;3;2021-04-05;4487;28;0;0;0;2673383;2024;1;0;0
FR;3;2021-04-06;29742;83;0;0;0;2703125;2107;1;0;0
FR;3;2021-04-07;32334;79;0;0;0;2735459;2186;1;0;0
FR;3;2021-04-08;78808;243;0;0;0;2814267;2429;1;0;0
FR;3;2021-04-09;161746;415;0;0;0;2976013;2844;1;0;0
FR;3;2021-04-10;75755;331;0;0;0;3051768;3175;1;0;0
FR;3;2021-04-11;7309;45;0;0;0;3059077;3220;1;0;0
FR;3;2021-04-12;51467;206;0;0;0;3110544;3426;1;0;0
FR;3;2021-04-13;86218;318;0;0;0;3196762;3744;1;0;0
FR;3;2021-04-14;67834;341;0;0;0;3264596;4085;1;0;0
FR;3;2021-04-15;93219;371;0;0;0;3357815;4456;1;0;0
FR;3;2021-04-16;112516;582;0;0;0;3470331;5038;1;0;0
FR;3;2021-04-17;53311;324;1;0;0;3523642;5362;2;0;0
FR;3;2021-04-18;9743;35;0;0;0;3533385;5397;2;0;0
FR;3;2021-04-19;25103;241;0;0;0;3558488;5638;2;0;0
FR;3;2021-04-20;45671;398;0;0;0;3604159;6036;2;0;0
FR;3;2021-04-21;38967;466;0;0;0;3643126;6502;2;0;0
FR;3;2021-04-22;54702;786;0;0;0;3697828;7288;2;0;0
FR;3;2021-04-23;70483;1021;0;0;0;3768311;8309;2;0;0
FR;3;2021-04-24;37240;1000;0;0;0;3805551;9309;2;0;0
FR;3;2021-04-25;6204;156;0;0;0;3811755;9465;2;0;0
FR;3;2021-04-26;19781;652;0;0;0;3831536;10117;2;0;0
FR;3;2021-04-27;34470;1262;0;0;0;3866006;11379;2;0;0
FR;3;2021-04-28;28965;1942;0;0;0;3894971;13321;2;0;0
FR;3;2021-04-29;45377;5962;0;0;0;3940348;19283;2;0;0
FR;3;2021-04-30;55451;8935;1;0;0;3995799;28218;3;0;0
FR;3;2021-05-01;9510;1977;0;0;0;4005309;30195;3;0;0
FR;3;2021-05-02;3070;488;0;0;0;4008379;30683;3;0;0
FR;3;2021-05-03;13057;3886;0;0;0;4021436;34569;3;0;0
FR;3;2021-05-04;23109;8412;0;0;0;4044545;42981;3;0;0
FR;3;2021-05-05;18753;10617;0;0;0;4063298;53598;3;0;0
FR;3;2021-05-06;34619;20912;0;0;0;4097917;74510;3;0;0
FR;3;2021-05-07;44202;28451;0;0;0;4142119;102961;3;0;0
FR;3;2021-05-08;6784;8938;0;0;0;4148903;111899;3;0;0
FR;3;2021-05-09;1792;2658;0;0;0;4150695;114557;3;0;0
FR;3;2021-05-10;14989;12605;0;0;0;4165684;127162;3;0;0
FR;3;2021-05-11;27092;25797;0;0;0;4192776;152959;3;0;0
FR;3;2021-05-12;17266;27515;0;0;0;4210042;180474;3;0;0
FR;3;2021-05-13;2277;3472;0;0;0;4212319;183946;3;0;0
FR;3;2021-05-14;14513;25766;0;0;0;4226832;209712;3;0;0
FR;3;2021-05-15;7230;20795;0;0;0;4234062;230507;3;0;0
FR;3;2021-05-16;975;2674;0;0;0;4235037;233181;3;0;0
FR;3;2021-05-17;7960;19941;0;0;0;4242997;253122;3;0;0
FR;3;2021-05-18;13409;29661;0;0;0;4256406;282783;3;0;0
FR;3;2021-05-19;9262;31536;0;0;0;4265668;314319;3;0;0
FR;3;2021-05-20;12801;53236;3;0;0;4278469;367555;6;0;0
FR;3;2021-05-21;12759;65548;2;0;0;4291228;433103;8;0;0
FR;3;2021-05-22;4960;33320;1;0;0;4296188;466423;9;0;0
FR;3;2021-05-23;649;2669;0;0;0;4296837;469092;9;0;0
FR;3;2021-05-24;879;4918;0;0;0;4297716;474010;9;0;0
FR;3;2021-05-25;5297;45245;1;0;0;4303013;519255;10;0;0
FR;3;2021-05-26;4970;51104;1;0;0;4307983;570359;11;0;0
FR;3;2021-05-27;6325;77889;3;0;0;4314308;648248;14;0;0
FR;3;2021-05-28;7540;99113;2;0;0;4321848;747361;16;0;0
FR;3;2021-05-29;3345;60321;1;0;0;4325193;807682;17;0;0
FR;3;2021-05-30;545;8217;0;0;0;4325738;815899;17;0;0
FR;3;2021-05-31;2436;35881;3;0;0;4328174;851780;20;0;0
FR;3;2021-06-01;3400;64746;10;0;0;4331574;916526;30;0;0
FR;3;2021-06-02;2726;58325;6;0;0;4334300;974851;36;0;0
FR;3;2021-06-03;3491;87497;10;0;0;4337791;1062348;46;0;0
FR;3;2021-06-04;4110;105094;22;0;0;4341901;1167442;68;0;0
FR;3;2021-06-05;1979;52236;4;0;0;4343880;1219678;72;0;0
FR;3;2021-06-06;505;5387;1;0;0;4344385;1225065;73;0;0
FR;3;2021-06-07;1469;31083;11;0;0;4345854;1256148;84;0;0
FR;3;2021-06-08;2047;47234;18;0;0;4347901;1303382;102;0;0
FR;3;2021-06-09;1788;42308;13;0;0;4349689;1345690;115;0;0
FR;3;2021-06-10;2242;67871;17;0;0;4351931;1413561;132;0;0
FR;3;2021-06-11;2471;96694;34;0;0;4354402;1510255;166;0;0
FR;3;2021-06-12;1174;40828;6;0;0;4355576;1551083;172;0;0
FR;3;2021-06-13;278;3804;3;0;0;4355854;1554887;175;0;0
FR;3;2021-06-14;1039;42598;17;0;0;4356893;1597485;192;0;0
FR;3;2021-06-15;1364;80600;20;0;0;4358257;1678085;212;0;0
FR;3;2021-06-16;1255;65684;19;0;0;4359512;1743769;231;0;0
FR;3;2021-06-17;1659;101807;41;0;0;4361171;1845576;272;0;0
FR;3;2021-06-18;1868;117930;61;0;0;4363039;1963506;333;0;0
FR;3;2021-06-19;801;39387;22;0;0;4363840;2002893;355;0;0
FR;3;2021-06-20;158;3372;0;0;0;4363998;2006265;355;0;0
FR;3;2021-06-21;768;39238;16;0;0;4364766;2045503;371;0;0
FR;3;2021-06-22;1060;69943;52;0;0;4365826;2115446;423;0;0
FR;3;2021-06-23;942;50822;39;0;0;4366768;2166268;462;0;0
FR;3;2021-06-24;1305;77147;48;0;0;4368073;2243415;510;0;0
FR;3;2021-06-25;1399;89978;73;0;0;4369472;2333393;583;0;0
FR;3;2021-06-26;625;33119;29;0;0;4370097;2366512;612;0;0
FR;3;2021-06-27;165;3989;1;0;0;4370262;2370501;613;0;0
FR;3;2021-06-28;648;30401;27;0;0;4370910;2400902;640;0;0
FR;3;2021-06-29;853;56170;95;0;0;4371763;2457072;735;0;0
FR;3;2021-06-30;901;45076;93;0;0;4372664;2502148;828;0;0
FR;3;2021-07-01;1160;65677;108;0;0;4373824;2567825;936;0;0
FR;3;2021-07-02;1299;90364;170;0;0;4375123;2658189;1106;0;0
FR;3;2021-07-03;600;31185;52;0;0;4375723;2689374;1158;0;0
FR;3;2021-07-04;141;4255;3;0;0;4375864;2693629;1161;0;0
FR;3;2021-07-05;608;33898;60;0;0;4376472;2727527;1221;0;0
FR;3;2021-07-06;956;56048;88;0;0;4377428;2783575;1309;0;0
FR;3;2021-07-07;870;43033;79;0;0;4378298;2826608;1388;0;0
FR;3;2021-07-08;1123;60725;99;0;0;4379421;2887333;1487;0;0
FR;3;2021-07-09;1258;68809;128;0;0;4380679;2956142;1615;0;0
FR;3;2021-07-10;640;25064;59;0;0;4381319;2981206;1674;0;0
FR;3;2021-07-11;127;3288;4;0;0;4381446;2984494;1678;0;0
FR;3;2021-07-12;659;23877;59;0;0;4382105;3008371;1737;0;0
FR;3;2021-07-13;1645;34720;90;0;0;4383750;3043091;1827;0;0
FR;3;2021-07-14;261;2624;2;0;0;4384011;3045715;1829;0;0
FR;3;2021-07-15;1933;30654;85;0;0;4385944;3076369;1914;0;0
FR;3;2021-07-16;2520;38860;122;0;0;4388464;3115229;2036;0;0
FR;3;2021-07-17;1046;13749;26;0;0;4389510;3128978;2062;0;0
FR;3;2021-07-18;262;2604;3;0;0;4389772;3131582;2065;0;0
FR;3;2021-07-19;1273;17190;37;0;0;4391045;3148772;2102;0;0
FR;3;2021-07-20;1823;27130;98;0;0;4392868;3175902;2200;0;0
FR;3;2021-07-21;1647;19710;44;0;0;4394515;3195612;2244;0;0
FR;3;2021-07-22;1848;27746;83;0;0;4396363;3223358;2327;0;0
FR;3;2021-07-23;2212;30444;117;0;0;4398575;3253802;2444;0;0
FR;3;2021-07-24;822;7005;25;0;0;4399397;3260807;2469;0;0
FR;3;2021-07-25;210;1338;1;0;0;4399607;3262145;2470;0;0
FR;3;2021-07-26;921;10700;28;0;0;4400528;3272845;2498;0;0
FR;3;2021-07-27;1165;16942;56;0;0;4401693;3289787;2554;0;0
FR;3;2021-07-28;988;12100;40;0;0;4402681;3301887;2594;0;0
FR;3;2021-07-29;1126;15839;63;0;0;4403807;3317726;2657;0;0
FR;3;2021-07-30;1126;18093;79;0;0;4404933;3335819;2736;0;0
FR;3;2021-07-31;406;3746;15;0;0;4405339;3339565;2751;0;0
FR;3;2021-08-01;113;486;1;0;0;4405452;3340051;2752;0;0
FR;3;2021-08-02;419;5153;22;0;0;4405871;3345204;2774;0;0
FR;3;2021-08-03;488;7585;27;0;0;4406359;3352789;2801;0;0
FR;3;2021-08-04;435;4884;26;0;0;4406794;3357673;2827;0;0
FR;3;2021-08-05;428;3737;12;0;0;4407222;3361410;2839;0;0
FR;3;2021-08-06;452;4788;30;0;0;4407674;3366198;2869;0;0
FR;3;2021-08-07;214;1922;11;0;0;4407888;3368120;2880;0;0
FR;3;2021-08-08;248;432;2;0;0;4408136;3368552;2882;0;0
FR;3;2021-08-09;313;2499;11;0;0;4408449;3371051;2893;0;0
FR;3;2021-08-10;363;3879;15;0;0;4408812;3374930;2908;0;0
FR;3;2021-08-11;285;2722;15;0;0;4409097;3377652;2923;0;0
FR;3;2021-08-12;276;2639;12;0;0;4409373;3380291;2935;0;0
FR;3;2021-08-13;277;2266;16;0;0;4409650;3382557;2951;0;0
FR;3;2021-08-14;169;916;1;0;0;4409819;3383473;2952;0;0
FR;3;2021-08-15;55;171;0;0;0;4409874;3383644;2952;0;0
FR;3;2021-08-16;123;1085;8;0;0;4409997;3384729;2960;0;0
FR;3;2021-08-17;187;1502;8;0;0;4410184;3386231;2968;0;0
FR;3;2021-08-18;200;1369;10;0;0;4410384;3387600;2978;0;0
FR;3;2021-08-19;165;1411;10;0;0;4410549;3389011;2988;0;0
FR;3;2021-08-20;166;1635;16;0;0;4410715;3390646;3004;0;0
FR;3;2021-08-21;93;587;2;0;0;4410808;3391233;3006;0;0
FR;3;2021-08-22;39;189;1;0;0;4410847;3391422;3007;0;0
FR;3;2021-08-23;140;929;7;0;0;4410987;3392351;3014;0;0
FR;3;2021-08-24;124;966;10;0;0;4411111;3393317;3024;0;0
FR;3;2021-08-25;136;843;2;0;0;4411247;3394160;3026;0;0
FR;3;2021-08-26;170;874;9;0;0;4411417;3395034;3035;0;0
FR;3;2021-08-27;172;964;9;0;0;4411589;3395998;3044;0;0
FR;3;2021-08-28;98;372;4;0;0;4411687;3396370;3048;0;0
FR;3;2021-08-29;127;133;1;0;0;4411814;3396503;3049;0;0
FR;3;2021-08-30;98;599;0;0;135;4411912;3397102;3049;0;135
FR;3;2021-08-31;127;712;7;0;153;4412039;3397814;3056;0;288
FR;3;2021-09-01;113;479;5;0;123;4412152;3398293;3061;0;411
FR;3;2021-09-02;99;633;22;0;120;4412251;3398926;3083;0;531
FR;3;2021-09-03;115;586;17;0;128;4412366;3399512;3100;0;659
FR;3;2021-09-04;51;302;3;0;58;4412417;3399814;3103;0;717
FR;3;2021-09-05;51;68;5;0;28;4412468;3399882;3108;0;745
FR;3;2021-09-06;113;394;4;0;144;4412581;3400276;3112;0;889
FR;3;2021-09-07;123;473;14;0;128;4412704;3400749;3126;0;1017
FR;3;2021-09-08;115;371;2;0;103;4412819;3401120;3128;0;1120
FR;3;2021-09-09;92;397;8;0;114;4412911;3401517;3136;0;1234
FR;3;2021-09-10;100;422;3;0;104;4413011;3401939;3139;0;1338
FR;3;2021-09-11;75;239;4;0;66;4413086;3402178;3143;0;1404
FR;3;2021-09-12;36;48;1;0;17;4413122;3402226;3144;0;1421
FR;3;2021-09-13;70;320;7;0;109;4413192;3402546;3151;0;1530
FR;3;2021-09-14;70;293;6;0;107;4413262;3402839;3157;0;1637
FR;3;2021-09-15;59;263;3;0;6;4413321;3403102;3160;0;1643
FR;3;2021-09-16;59;339;5;0;5;4413380;3403441;3165;0;1648
FR;3;2021-09-17;51;348;3;0;7;4413431;3403789;3168;0;1655
FR;3;2021-09-18;36;172;1;0;1;4413467;3403961;3169;0;1656
FR;3;2021-09-19;27;32;2;0;1;4413494;3403993;3171;0;1657
FR;3;2021-09-20;79;211;0;0;1;4413573;3404204;3171;0;1658
FR;3;2021-09-21;58;287;6;0;7;4413631;3404491;3177;0;1665
FR;3;2021-09-22;63;228;6;0;7;4413694;3404719;3183;0;1672
FR;3;2021-09-23;36;274;11;0;7;4413730;3404993;3194;0;1679
FR;3;2021-09-24;25;323;12;0;19;4413755;3405316;3206;0;1698
FR;3;2021-09-25;29;152;3;0;3;4413784;3405468;3209;0;1701
FR;3;2021-09-26;15;55;1;0;1;4413799;3405523;3210;0;1702
FR;3;2021-09-27;39;291;3;0;5;4413838;3405814;3213;0;1707
FR;3;2021-09-28;49;256;6;0;10;4413887;3406070;3219;0;1717
FR;3;2021-09-29;34;223;10;0;13;4413921;3406293;3229;0;1730
FR;3;2021-09-30;38;199;8;0;10;4413959;3406492;3237;0;1740
FR;3;2021-10-01;17;169;6;0;7;4413976;3406661;3243;0;1747
FR;3;2021-10-02;14;91;0;0;0;4413990;3406752;3243;0;1747
FR;3;2021-10-03;18;20;1;0;2;4414008;3406772;3244;0;1749
FR;3;2021-10-04;30;161;4;0;4;4414038;3406933;3248;0;1753
FR;3;2021-10-05;16;153;10;0;13;4414054;3407086;3258;0;1766
FR;3;2021-10-06;31;157;7;0;8;4414085;3407243;3265;0;1774
FR;3;2021-10-07;18;142;6;0;6;4414103;3407385;3271;0;1780
FR;3;2021-10-08;22;145;10;0;9;4414125;3407530;3281;0;1789
FR;3;2021-10-09;12;73;1;0;1;4414137;3407603;3282;0;1790
FR;3;2021-10-10;11;16;2;0;2;4414148;3407619;3284;0;1792
FR;3;2021-10-11;14;123;4;0;5;4414162;3407742;3288;0;1797
FR;3;2021-10-12;17;116;5;0;5;4414179;3407858;3293;0;1802
FR;3;2021-10-13;23;120;7;0;5;4414202;3407978;3300;0;1807
FR;3;2021-10-14;16;160;3;0;4;4414218;3408138;3303;0;1811
FR;3;2021-10-15;21;157;8;0;11;4414239;3408295;3311;0;1822
FR;3;2021-10-16;11;78;6;0;8;4414250;3408373;3317;0;1830
FR;3;2021-10-17;10;24;0;0;0;4414260;3408397;3317;0;1830
FR;3;2021-10-18;17;128;2;0;1;4414277;3408525;3319;0;1831
FR;3;2021-10-19;16;125;19;0;21;4414293;3408650;3338;0;1852
FR;3;2021-10-20;21;131;5;0;6;4414314;3408781;3343;0;1858
FR;3;2021-10-21;24;137;17;0;13;4414338;3408918;3360;0;1871
FR;3;2021-10-22;18;128;16;0;20;4414356;3409046;3376;0;1891
FR;3;2021-10-23;12;57;2;0;1;4414368;3409103;3378;0;1892
FR;3;2021-10-24;7;31;0;0;0;4414375;3409134;3378;0;1892
FR;3;2021-10-25;22;150;7;0;7;4414397;3409284;3385;0;1899
FR;3;2021-10-26;18;113;22;0;19;4414415;3409397;3407;0;1918
FR;3;2021-10-27;15;117;9;0;9;4414430;3409514;3416;0;1927
FR;3;2021-10-28;20;126;33;0;36;4414450;3409640;3449;0;1963
FR;3;2021-10-29;10;123;64;0;54;4414460;3409763;3513;0;2017
FR;3;2021-10-30;8;66;11;1;10;4414468;3409829;3524;1;2027
FR;3;2021-10-31;5;22;1;0;1;4414473;3409851;3525;1;2028
FR;3;2021-11-01;7;22;2;0;1;4414480;3409873;3527;1;2029
FR;3;2021-11-02;9;107;8;0;10;4414489;3409980;3535;1;2039
FR;3;2021-11-03;19;119;10;0;10;4414508;3410099;3545;1;2049
FR;3;2021-11-04;18;97;4;0;3;4414526;3410196;3549;1;2052
FR;3;2021-11-05;17;142;8;1;5;4414543;3410338;3557;2;2057
FR;3;2021-11-06;6;67;3;0;3;4414549;3410405;3560;2;2060
FR;3;2021-11-07;6;21;1;0;1;4414555;3410426;3561;2;2061
FR;3;2021-11-08;11;140;7;0;5;4414566;3410566;3568;2;2066
FR;3;2021-11-09;12;151;5;0;5;4414578;3410717;3573;2;2071
FR;3;2021-11-10;12;180;14;0;15;4414590;3410897;3587;2;2086
FR;3;2021-11-11;8;51;3;0;3;4414598;3410948;3590;2;2089
FR;3;2021-11-12;10;155;6;0;4;4414608;3411103;3596;2;2093
FR;3;2021-11-13;7;77;8;0;10;4414615;3411180;3604;2;2103
FR;3;2021-11-14;2;21;0;0;0;4414617;3411201;3604;2;2103
FR;3;2021-11-15;4;190;10;0;10;4414621;3411391;3614;2;2113
FR;3;2021-11-16;2;166;11;0;10;4414623;3411557;3625;2;2123
FR;3;2021-11-17;5;179;10;0;7;4414628;3411736;3635;2;2130
FR;3;2021-11-18;13;178;10;0;11;4414641;3411914;3645;2;2141
FR;3;2021-11-19;8;228;22;0;27;4414649;3412142;3667;2;2168
FR;3;2021-11-20;6;118;5;0;5;4414655;3412260;3672;2;2173
FR;3;2021-11-21;3;26;3;0;3;4414658;3412286;3675;2;2176
FR;3;2021-11-22;10;236;10;0;10;4414668;3412522;3685;2;2186
FR;3;2021-11-23;6;232;15;0;14;4414674;3412754;3700;2;2200
FR;3;2021-11-24;5;240;9;0;17;4414679;3412994;3709;2;2217
FR;3;2021-11-25;9;283;11;0;10;4414688;3413277;3720;2;2227
FR;3;2021-11-26;5;366;35;0;32;4414693;3413643;3755;2;2259
FR;3;2021-11-27;8;173;20;0;21;4414701;3413816;3775;2;2280
FR;3;2021-11-28;3;65;7;0;7;4414704;3413881;3782;2;2287
FR;3;2021-11-29;4;323;19;0;20;4414708;3414204;3801;2;2307
FR;3;2021-11-30;5;416;26;0;29;4414713;3414620;3827;2;2336
FR;3;2021-12-01;18;462;32;0;33;4414731;3415082;3859;2;2369
FR;3;2021-12-02;9;496;33;0;36;4414740;3415578;3892;2;2405
FR;3;2021-12-03;3;565;37;0;38;4414743;3416143;3929;2;2443
FR;3;2021-12-04;3;279;26;0;28;4414746;3416422;3955;2;2471
FR;3;2021-12-05;1;81;5;0;5;4414747;3416503;3960;2;2476
FR;3;2021-12-06;5;506;14;0;16;4414752;3417009;3974;2;2492
FR;3;2021-12-07;4;609;20;0;24;4414756;3417618;3994;2;2516
FR;3;2021-12-08;4;536;29;0;30;4414760;3418154;4023;2;2546
FR;3;2021-12-09;3;587;17;0;22;4414763;3418741;4040;2;2568
FR;3;2021-12-10;9;623;29;0;25;4414772;3419364;4069;2;2593
FR;3;2021-12-11;4;385;10;0;9;4414776;3419749;4079;2;2602
FR;3;2021-12-12;1;121;3;0;3;4414777;3419870;4082;2;2605
FR;3;2021-12-13;2;599;19;0;21;4414779;3420469;4101;2;2626
FR;3;2021-12-14;7;753;18;0;21;4414786;3421222;4119;2;2647
FR;3;2021-12-15;9;720;17;0;21;4414795;3421942;4136;2;2668
FR;3;2021-12-16;9;724;19;0;18;4414804;3422666;4155;2;2686
FR;3;2021-12-17;4;792;18;0;19;4414808;3423458;4173;2;2705
FR;3;2021-12-18;4;413;4;0;5;4414812;3423871;4177;2;2710
FR;3;2021-12-19;3;207;2;0;2;4414815;3424078;4179;2;2712
FR;3;2021-12-20;8;719;23;0;28;4414823;3424797;4202;2;2740
FR;3;2021-12-21;3;805;10;0;13;4414826;3425602;4212;2;2753
FR;3;2021-12-22;6;755;9;0;10;4414832;3426357;4221;2;2763
FR;3;2021-12-23;1;647;9;0;8;4414833;3427004;4230;2;2771
FR;3;2021-12-24;2;271;3;0;6;4414835;3427275;4233;2;2777
FR;3;2021-12-25;0;25;0;0;0;4414835;3427300;4233;2;2777
FR;3;2021-12-26;0;95;1;0;1;4414835;3427395;4234;2;2778
FR;3;2021-12-27;7;541;17;0;19;4414842;3427936;4251;2;2797
FR;3;2021-12-28;1;690;6;0;5;4414843;3428626;4257;2;2802
FR;3;2021-12-29;4;572;14;0;16;4414847;3429198;4271;2;2818
FR;3;2021-12-30;1;599;7;0;10;4414848;3429797;4278;2;2828
FR;3;2021-12-31;0;204;5;0;6;4414848;3430001;4283;2;2834
FR;3;2022-01-01;0;27;0;0;2;4414848;3430028;4283;2;2836
FR;3;2022-01-02;0;82;0;0;0;4414848;3430110;4283;2;2836
FR;3;2022-01-03;3;564;17;0;20;4414851;3430674;4300;2;2856
FR;3;2022-01-04;6;623;9;0;8;4414857;3431297;4309;2;2864
FR;3;2022-01-05;4;552;10;0;14;4414861;3431849;4319;2;2878
FR;3;2022-01-06;5;547;9;0;12;4414866;3432396;4328;2;2890
FR;3;2022-01-07;2;574;11;0;14;4414868;3432970;4339;2;2904
FR;3;2022-01-08;2;283;4;0;5;4414870;3433253;4343;2;2909
FR;3;2022-01-09;0;118;0;0;0;4414870;3433371;4343;2;2909
FR;3;2022-01-10;2;479;12;0;12;4414872;3433850;4355;2;2921
FR;3;2022-01-11;2;531;1;0;1;4414874;3434381;4356;2;2922
FR;3;2022-01-12;2;445;9;0;10;4414876;3434826;4365;2;2932
FR;3;2022-01-13;3;423;11;0;12;4414879;3435249;4376;2;2944
FR;3;2022-01-14;3;474;10;0;13;4414882;3435723;4386;2;2957
FR;3;2022-01-15;0;298;2;0;3;4414882;3436021;4388;2;2960
FR;3;2022-01-16;0;116;1;0;1;4414882;3436137;4389;2;2961
FR;3;2022-01-17;2;349;8;0;10;4414884;3436486;4397;2;2971
FR;3;2022-01-18;2;413;1;0;2;4414886;3436899;4398;2;2973
FR;3;2022-01-19;1;349;5;0;10;4414887;3437248;4403;2;2983
FR;3;2022-01-20;1;379;5;0;3;4414888;3437627;4408;2;2986
FR;3;2022-01-21;3;373;5;0;7;4414891;3438000;4413;2;2993
FR;3;2022-01-22;2;231;1;0;2;4414893;3438231;4414;2;2995
FR;3;2022-01-23;0;82;0;0;1;4414893;3438313;4414;2;2996
FR;3;2022-01-24;2;348;1;0;6;4414895;3438661;4415;2;3002
FR;3;2022-01-25;0;192;0;0;0;4414895;3438853;4415;2;3002
FR;3;2022-01-26;0;88;0;0;0;4414895;3438941;4415;2;3002
FR;3;2022-01-27;0;58;0;0;0;4414895;3438999;4415;2;3002
FR;3;2022-01-28;0;133;0;0;0;4414895;3439132;4415;2;3002
FR;3;2022-01-29;0;110;0;0;0;4414895;3439242;4415;2;3002
FR;3;2022-01-30;0;51;0;0;0;4414895;3439293;4415;2;3002
FR;3;2022-01-31;0;97;0;0;0;4414895;3439390;4415;2;3002
FR;3;2022-02-01;0;108;0;0;1;4414895;3439498;4415;2;3003
FR;3;2022-02-02;0;95;0;0;0;4414895;3439593;4415;2;3003
FR;3;2022-02-03;0;101;0;0;0;4414895;3439694;4415;2;3003
FR;3;2022-02-04;0;124;0;0;0;4414895;3439818;4415;2;3003
FR;3;2022-02-05;0;73;0;0;0;4414895;3439891;4415;2;3003
FR;3;2022-02-06;0;11;0;0;0;4414895;3439902;4415;2;3003
FR;3;2022-02-07;0;89;0;0;1;4414895;3439991;4415;2;3004
FR;3;2022-02-08;0;0;0;0;0;4414895;3439991;4415;2;3004
FR;3;2022-02-09;0;0;0;0;0;4414895;3439991;4415;2;3004
FR;3;2022-02-10;0;0;0;0;0;4414895;3439991;4415;2;3004
FR;3;2022-02-11;0;0;0;0;0;4414895;3439991;4415;2;3004
FR;3;2022-02-12;0;0;0;0;0;4414895;3439991;4415;2;3004
FR;3;2022-02-13;0;0;0;0;0;4414895;3439991;4415;2;3004
FR;3;2022-02-14;0;0;0;0;0;4414895;3439991;4415;2;3004
FR;3;2022-02-15;0;0;0;0;0;4414895;3439991;4415;2;3004
FR;3;2022-02-16;0;0;0;0;0;4414895;3439991;4415;2;3004
FR;3;2022-02-17;0;0;0;0;0;4414895;3439991;4415;2;3004
FR;3;2022-02-18;0;0;0;0;0;4414895;3439991;4415;2;3004
FR;3;2022-02-19;0;0;0;0;0;4414895;3439991;4415;2;3004
FR;3;2022-02-20;0;0;0;0;0;4414895;3439991;4415;2;3004
FR;3;2022-02-21;2;0;0;0;0;4414897;3439991;4415;2;3004
FR;3;2022-02-22;0;0;0;0;0;4414897;3439991;4415;2;3004
FR;3;2022-02-23;0;0;0;0;0;4414897;3439991;4415;2;3004
FR;3;2022-02-24;0;0;0;0;0;4414897;3439991;4415;2;3004
FR;3;2022-02-25;0;0;0;0;0;4414897;3439991;4415;2;3004
FR;3;2022-02-26;0;0;0;0;0;4414897;3439991;4415;2;3004
FR;3;2022-02-27;0;0;0;0;0;4414897;3439991;4415;2;3004
FR;3;2022-02-28;1;0;0;0;0;4414898;3439991;4415;2;3004
FR;3;2022-03-01;1;0;0;0;0;4414899;3439991;4415;2;3004
FR;3;2022-03-02;0;0;0;0;0;4414899;3439991;4415;2;3004
FR;3;2022-03-03;0;0;0;0;0;4414899;3439991;4415;2;3004
FR;3;2022-03-04;0;0;0;0;0;4414899;3439991;4415;2;3004
FR;3;2022-03-05;0;0;0;0;0;4414899;3439991;4415;2;3004
FR;3;2022-03-06;1;0;0;0;0;4414900;3439991;4415;2;3004
FR;3;2022-03-07;0;0;0;0;0;4414900;3439991;4415;2;3004
FR;3;2022-03-08;1;0;0;0;0;4414901;3439991;4415;2;3004
FR;3;2022-03-09;0;0;0;0;0;4414901;3439991;4415;2;3004
FR;3;2022-03-10;0;0;0;0;0;4414901;3439991;4415;2;3004
FR;3;2022-03-11;0;0;0;0;0;4414901;3439991;4415;2;3004
FR;3;2022-03-12;0;0;0;0;0;4414901;3439991;4415;2;3004
FR;3;2022-03-13;0;0;0;0;0;4414901;3439991;4415;2;3004
FR;3;2022-03-14;0;0;0;0;0;4414901;3439991;4415;2;3004
FR;3;2022-03-15;0;0;0;0;0;4414901;3439991;4415;2;3004
FR;3;2022-03-16;0;0;0;0;0;4414901;3439991;4415;2;3004
FR;3;2022-03-17;0;0;0;0;0;4414901;3439991;4415;2;3004
FR;3;2022-03-18;0;0;0;0;0;4414901;3439991;4415;2;3004
FR;3;2022-03-19;0;0;0;0;0;4414901;3439991;4415;2;3004
FR;3;2022-03-20;1;0;0;0;0;4414902;3439991;4415;2;3004
FR;3;2022-03-21;0;0;0;0;0;4414902;3439991;4415;2;3004
FR;3;2022-03-22;0;0;0;0;0;4414902;3439991;4415;2;3004
FR;3;2022-03-23;1;0;0;0;0;4414903;3439991;4415;2;3004
FR;3;2022-03-24;0;0;0;0;0;4414903;3439991;4415;2;3004
FR;3;2022-03-25;1;0;0;0;0;4414904;3439991;4415;2;3004
FR;3;2022-03-26;0;0;0;0;0;4414904;3439991;4415;2;3004
FR;3;2022-03-27;0;0;0;0;0;4414904;3439991;4415;2;3004
FR;3;2022-03-28;0;0;0;0;0;4414904;3439991;4415;2;3004
FR;3;2022-03-29;0;0;0;0;0;4414904;3439991;4415;2;3004
FR;3;2022-03-30;0;0;0;0;0;4414904;3439991;4415;2;3004
FR;3;2022-03-31;0;0;0;0;0;4414904;3439991;4415;2;3004
FR;3;2022-04-01;0;0;0;0;0;4414904;3439991;4415;2;3004
FR;3;2022-04-02;0;0;0;0;0;4414904;3439991;4415;2;3004
FR;3;2022-04-03;0;0;0;0;0;4414904;3439991;4415;2;3004
FR;3;2022-04-04;0;0;0;0;0;4414904;3439991;4415;2;3004
FR;3;2022-04-05;0;0;0;0;0;4414904;3439991;4415;2;3004
FR;3;2022-04-06;0;0;0;0;0;4414904;3439991;4415;2;3004
FR;3;2022-04-07;0;0;0;0;0;4414904;3439991;4415;2;3004
FR;3;2022-04-08;0;0;0;0;0;4414904;3439991;4415;2;3004
FR;3;2022-04-09;0;0;0;0;0;4414904;3439991;4415;2;3004
FR;3;2022-04-10;0;0;0;0;0;4414904;3439991;4415;2;3004
FR;3;2022-04-11;0;0;0;0;0;4414904;3439991;4415;2;3004
FR;3;2022-04-12;0;0;0;0;0;4414904;3439991;4415;2;3004
FR;3;2022-04-13;0;0;0;0;0;4414904;3439991;4415;2;3004
FR;3;2022-04-14;0;0;0;0;0;4414904;3439991;4415;2;3004
FR;3;2022-04-15;1;0;0;0;0;4414905;3439991;4415;2;3004
FR;3;2022-04-16;0;0;0;0;0;4414905;3439991;4415;2;3004
FR;3;2022-04-17;0;0;0;0;0;4414905;3439991;4415;2;3004
FR;3;2022-04-18;0;0;0;0;0;4414905;3439991;4415;2;3004
FR;3;2022-04-19;0;0;0;0;0;4414905;3439991;4415;2;3004
FR;3;2022-04-20;0;0;0;0;0;4414905;3439991;4415;2;3004
FR;3;2022-04-21;0;0;0;0;0;4414905;3439991;4415;2;3004
FR;3;2022-04-22;0;0;0;0;0;4414905;3439991;4415;2;3004
FR;3;2022-04-23;0;0;0;0;0;4414905;3439991;4415;2;3004
FR;3;2022-04-24;0;0;0;0;0;4414905;3439991;4415;2;3004
FR;3;2022-04-25;0;0;0;0;0;4414905;3439991;4415;2;3004
FR;3;2022-04-26;0;0;0;0;0;4414905;3439991;4415;2;3004
FR;3;2022-04-27;0;0;0;0;0;4414905;3439991;4415;2;3004
FR;3;2022-04-28;0;0;0;0;0;4414905;3439991;4415;2;3004
FR;3;2022-04-29;0;0;0;0;0;4414905;3439991;4415;2;3004
FR;3;2022-04-30;0;0;0;0;0;4414905;3439991;4415;2;3004
FR;3;2022-05-01;0;0;0;0;0;4414905;3439991;4415;2;3004
FR;3;2022-05-02;0;0;0;0;0;4414905;3439991;4415;2;3004
FR;3;2022-05-03;0;0;0;0;0;4414905;3439991;4415;2;3004
FR;3;2022-05-04;0;0;0;0;0;4414905;3439991;4415;2;3004
FR;3;2022-05-05;0;0;0;0;0;4414905;3439991;4415;2;3004
FR;3;2022-05-06;0;0;0;0;0;4414905;3439991;4415;2;3004
FR;3;2022-05-07;0;0;0;0;0;4414905;3439991;4415;2;3004
FR;3;2022-05-08;0;0;0;0;0;4414905;3439991;4415;2;3004
FR;3;2022-05-09;0;0;0;0;0;4414905;3439991;4415;2;3004
FR;3;2022-05-10;0;0;0;0;0;4414905;3439991;4415;2;3004
FR;3;2022-05-11;0;0;0;0;0;4414905;3439991;4415;2;3004
FR;3;2022-05-12;0;0;0;0;0;4414905;3439991;4415;2;3004
FR;3;2022-05-13;0;0;0;0;0;4414905;3439991;4415;2;3004
FR;3;2022-05-14;1;0;0;0;0;4414906;3439991;4415;2;3004
FR;3;2022-05-15;0;0;0;0;0;4414906;3439991;4415;2;3004
FR;3;2022-05-16;0;0;0;0;0;4414906;3439991;4415;2;3004
FR;3;2022-05-17;0;0;0;0;0;4414906;3439991;4415;2;3004
FR;3;2022-05-18;0;0;0;0;0;4414906;3439991;4415;2;3004
FR;3;2022-05-19;0;0;0;0;0;4414906;3439991;4415;2;3004
FR;3;2022-05-20;0;0;0;0;0;4414906;3439991;4415;2;3004
FR;3;2022-05-21;0;0;0;0;0;4414906;3439991;4415;2;3004
FR;3;2022-05-22;0;0;0;0;0;4414906;3439991;4415;2;3004
FR;3;2022-05-23;0;0;0;0;0;4414906;3439991;4415;2;3004
FR;3;2022-05-24;0;0;0;0;0;4414906;3439991;4415;2;3004
FR;3;2022-05-25;0;0;0;0;0;4414906;3439991;4415;2;3004
FR;3;2022-05-26;0;0;0;0;0;4414906;3439991;4415;2;3004
FR;4;2020-12-27;0;0;0;0;0;0;0;0;0;0
FR;4;2020-12-28;0;0;0;0;0;0;0;0;0;0
FR;4;2020-12-29;0;0;0;0;0;0;0;0;0;0
FR;4;2020-12-30;0;0;0;0;0;0;0;0;0;0
FR;4;2020-12-31;0;0;0;0;0;0;0;0;0;0
FR;4;2021-01-01;0;0;0;0;0;0;0;0;0;0
FR;4;2021-01-02;0;0;0;0;0;0;0;0;0;0
FR;4;2021-01-03;0;0;0;0;0;0;0;0;0;0
FR;4;2021-01-04;0;0;0;0;0;0;0;0;0;0
FR;4;2021-01-05;0;0;0;0;0;0;0;0;0;0
FR;4;2021-01-06;0;0;0;0;0;0;0;0;0;0
FR;4;2021-01-07;0;0;0;0;0;0;0;0;0;0
FR;4;2021-01-08;0;0;0;0;0;0;0;0;0;0
FR;4;2021-01-09;0;0;0;0;0;0;0;0;0;0
FR;4;2021-01-10;0;0;0;0;0;0;0;0;0;0
FR;4;2021-01-11;0;0;0;0;0;0;0;0;0;0
FR;4;2021-01-12;0;0;0;0;0;0;0;0;0;0
FR;4;2021-01-13;0;0;0;0;0;0;0;0;0;0
FR;4;2021-01-14;0;0;0;0;0;0;0;0;0;0
FR;4;2021-01-15;0;0;0;0;0;0;0;0;0;0
FR;4;2021-01-16;0;0;0;0;0;0;0;0;0;0
FR;4;2021-01-17;0;0;0;0;0;0;0;0;0;0
FR;4;2021-01-18;0;0;0;0;0;0;0;0;0;0
FR;4;2021-01-19;0;0;0;0;0;0;0;0;0;0
FR;4;2021-01-20;0;0;0;0;0;0;0;0;0;0
FR;4;2021-01-21;0;0;0;0;0;0;0;0;0;0
FR;4;2021-01-22;0;0;0;0;0;0;0;0;0;0
FR;4;2021-01-23;0;0;0;0;0;0;0;0;0;0
FR;4;2021-01-24;0;0;0;0;0;0;0;0;0;0
FR;4;2021-01-25;0;0;0;0;0;0;0;0;0;0
FR;4;2021-01-26;0;0;0;0;0;0;0;0;0;0
FR;4;2021-01-27;0;0;0;0;0;0;0;0;0;0
FR;4;2021-01-28;0;0;0;0;0;0;0;0;0;0
FR;4;2021-01-29;0;0;0;0;0;0;0;0;0;0
FR;4;2021-01-30;0;0;0;0;0;0;0;0;0;0
FR;4;2021-01-31;0;0;0;0;0;0;0;0;0;0
FR;4;2021-02-01;0;0;0;0;0;0;0;0;0;0
FR;4;2021-02-02;0;0;0;0;0;0;0;0;0;0
FR;4;2021-02-03;0;0;0;0;0;0;0;0;0;0
FR;4;2021-02-04;0;0;0;0;0;0;0;0;0;0
FR;4;2021-02-05;0;0;0;0;0;0;0;0;0;0
FR;4;2021-02-06;0;0;0;0;0;0;0;0;0;0
FR;4;2021-02-07;0;0;0;0;0;0;0;0;0;0
FR;4;2021-02-08;0;0;0;0;0;0;0;0;0;0
FR;4;2021-02-09;0;0;0;0;0;0;0;0;0;0
FR;4;2021-02-10;0;0;0;0;0;0;0;0;0;0
FR;4;2021-02-11;0;0;0;0;0;0;0;0;0;0
FR;4;2021-02-12;0;0;0;0;0;0;0;0;0;0
FR;4;2021-02-13;0;0;0;0;0;0;0;0;0;0
FR;4;2021-02-14;0;0;0;0;0;0;0;0;0;0
FR;4;2021-02-15;0;0;0;0;0;0;0;0;0;0
FR;4;2021-02-16;0;0;0;0;0;0;0;0;0;0
FR;4;2021-02-17;0;0;0;0;0;0;0;0;0;0
FR;4;2021-02-18;0;0;0;0;0;0;0;0;0;0
FR;4;2021-02-19;0;0;0;0;0;0;0;0;0;0
FR;4;2021-02-20;0;0;0;0;0;0;0;0;0;0
FR;4;2021-02-21;0;0;0;0;0;0;0;0;0;0
FR;4;2021-02-22;0;0;0;0;0;0;0;0;0;0
FR;4;2021-02-23;0;0;0;0;0;0;0;0;0;0
FR;4;2021-02-24;0;0;0;0;0;0;0;0;0;0
FR;4;2021-02-25;0;0;0;0;0;0;0;0;0;0
FR;4;2021-02-26;0;0;0;0;0;0;0;0;0;0
FR;4;2021-02-27;0;0;0;0;0;0;0;0;0;0
FR;4;2021-02-28;0;0;0;0;0;0;0;0;0;0
FR;4;2021-03-01;0;0;0;0;0;0;0;0;0;0
FR;4;2021-03-02;0;0;0;0;0;0;0;0;0;0
FR;4;2021-03-03;0;0;0;0;0;0;0;0;0;0
FR;4;2021-03-04;0;0;0;0;0;0;0;0;0;0
FR;4;2021-03-05;0;0;0;0;0;0;0;0;0;0
FR;4;2021-03-06;0;0;0;0;0;0;0;0;0;0
FR;4;2021-03-07;0;0;0;0;0;0;0;0;0;0
FR;4;2021-03-08;0;0;0;0;0;0;0;0;0;0
FR;4;2021-03-09;0;0;0;0;0;0;0;0;0;0
FR;4;2021-03-10;0;0;0;0;0;0;0;0;0;0
FR;4;2021-03-11;0;0;0;0;0;0;0;0;0;0
FR;4;2021-03-12;0;0;0;0;0;0;0;0;0;0
FR;4;2021-03-13;0;0;0;0;0;0;0;0;0;0
FR;4;2021-03-14;0;0;0;0;0;0;0;0;0;0
FR;4;2021-03-15;0;0;0;0;0;0;0;0;0;0
FR;4;2021-03-16;0;0;0;0;0;0;0;0;0;0
FR;4;2021-03-17;0;0;0;0;0;0;0;0;0;0
FR;4;2021-03-18;0;0;0;0;0;0;0;0;0;0
FR;4;2021-03-19;0;0;0;0;0;0;0;0;0;0
FR;4;2021-03-20;0;0;0;0;0;0;0;0;0;0
FR;4;2021-03-21;0;0;0;0;0;0;0;0;0;0
FR;4;2021-03-22;0;0;0;0;0;0;0;0;0;0
FR;4;2021-03-23;0;0;0;0;0;0;0;0;0;0
FR;4;2021-03-24;0;0;0;0;0;0;0;0;0;0
FR;4;2021-03-25;0;0;0;0;0;0;0;0;0;0
FR;4;2021-03-26;0;0;0;0;0;0;0;0;0;0
FR;4;2021-03-27;0;0;0;0;0;0;0;0;0;0
FR;4;2021-03-28;0;0;0;0;0;0;0;0;0;0
FR;4;2021-03-29;0;0;0;0;0;0;0;0;0;0
FR;4;2021-03-30;0;0;0;0;0;0;0;0;0;0
FR;4;2021-03-31;0;0;0;0;0;0;0;0;0;0
FR;4;2021-04-01;0;0;0;0;0;0;0;0;0;0
FR;4;2021-04-02;0;0;0;0;0;0;0;0;0;0
FR;4;2021-04-03;0;0;0;0;0;0;0;0;0;0
FR;4;2021-04-04;0;0;0;0;0;0;0;0;0;0
FR;4;2021-04-05;0;0;0;0;0;0;0;0;0;0
FR;4;2021-04-06;0;0;0;0;0;0;0;0;0;0
FR;4;2021-04-07;0;0;0;0;0;0;0;0;0;0
FR;4;2021-04-08;0;0;0;0;0;0;0;0;0;0
FR;4;2021-04-09;0;0;0;0;0;0;0;0;0;0
FR;4;2021-04-10;0;0;0;0;0;0;0;0;0;0
FR;4;2021-04-11;0;0;0;0;0;0;0;0;0;0
FR;4;2021-04-12;0;0;0;0;0;0;0;0;0;0
FR;4;2021-04-13;0;0;0;0;0;0;0;0;0;0
FR;4;2021-04-14;0;0;0;0;0;0;0;0;0;0
FR;4;2021-04-15;0;0;0;0;0;0;0;0;0;0
FR;4;2021-04-16;0;0;0;0;0;0;0;0;0;0
FR;4;2021-04-17;0;0;0;0;0;0;0;0;0;0
FR;4;2021-04-18;0;0;0;0;0;0;0;0;0;0
FR;4;2021-04-19;0;0;0;0;0;0;0;0;0;0
FR;4;2021-04-20;0;0;0;0;0;0;0;0;0;0
FR;4;2021-04-21;0;0;0;0;0;0;0;0;0;0
FR;4;2021-04-22;0;0;0;0;0;0;0;0;0;0
FR;4;2021-04-23;4018;0;0;0;0;4018;0;0;0;0
FR;4;2021-04-24;1569;0;0;0;0;5587;0;0;0;0
FR;4;2021-04-25;125;0;0;0;0;5712;0;0;0;0
FR;4;2021-04-26;2869;1;0;0;0;8581;1;0;0;0
FR;4;2021-04-27;9519;3;0;0;0;18100;4;0;0;0
FR;4;2021-04-28;9904;6;0;0;0;28004;10;0;0;0
FR;4;2021-04-29;15991;8;0;0;0;43995;18;0;0;0
FR;4;2021-04-30;19229;10;0;0;0;63224;28;0;0;0
FR;4;2021-05-01;1993;6;0;0;0;65217;34;0;0;0
FR;4;2021-05-02;482;0;0;0;0;65699;34;0;0;0
FR;4;2021-05-03;5058;2;0;0;0;70757;36;0;0;0
FR;4;2021-05-04;8397;10;0;0;0;79154;46;0;0;0
FR;4;2021-05-05;6182;7;0;0;0;85336;53;0;0;0
FR;4;2021-05-06;11377;11;0;0;0;96713;64;0;0;0
FR;4;2021-05-07;19121;9;0;0;0;115834;73;0;0;0
FR;4;2021-05-08;2377;6;0;0;0;118211;79;0;0;0
FR;4;2021-05-09;685;3;0;0;0;118896;82;0;0;0
FR;4;2021-05-10;7239;5;1;0;0;126135;87;1;0;0
FR;4;2021-05-11;14313;12;0;0;0;140448;99;1;0;0
FR;4;2021-05-12;10163;15;0;0;0;150611;114;1;0;0
FR;4;2021-05-13;1579;3;0;0;0;152190;117;1;0;0
FR;4;2021-05-14;7758;6;0;0;0;159948;123;1;0;0
FR;4;2021-05-15;3717;8;1;0;0;163665;131;2;0;0
FR;4;2021-05-16;417;1;0;0;0;164082;132;2;0;0
FR;4;2021-05-17;4475;6;0;0;0;168557;138;2;0;0
FR;4;2021-05-18;8751;10;0;0;0;177308;148;2;0;0
FR;4;2021-05-19;5690;7;0;0;0;182998;155;2;0;0
FR;4;2021-05-20;9479;7;0;0;0;192477;162;2;0;0
FR;4;2021-05-21;12791;30;0;0;0;205268;192;2;0;0
FR;4;2021-05-22;5056;15;0;0;0;210324;207;2;0;0
FR;4;2021-05-23;494;4;0;0;0;210818;211;2;0;0
FR;4;2021-05-24;1054;7;0;0;0;211872;218;2;0;0
FR;4;2021-05-25;7620;16;0;0;0;219492;234;2;0;0
FR;4;2021-05-26;7723;16;0;0;0;227215;250;2;0;0
FR;4;2021-05-27;14327;35;0;0;0;241542;285;2;0;0
FR;4;2021-05-28;26583;82;1;0;0;268125;367;3;0;0
FR;4;2021-05-29;11380;18;0;0;0;279505;385;3;0;0
FR;4;2021-05-30;971;6;0;0;0;280476;391;3;0;0
FR;4;2021-05-31;12686;21;0;0;0;293162;412;3;0;0
FR;4;2021-06-01;20249;46;1;0;0;313411;458;4;0;0
FR;4;2021-06-02;14518;33;0;0;0;327929;491;4;0;0
FR;4;2021-06-03;19410;24;1;0;0;347339;515;5;0;0
FR;4;2021-06-04;22508;47;0;0;0;369847;562;5;0;0
FR;4;2021-06-05;9712;32;0;0;0;379559;594;5;0;0
FR;4;2021-06-06;1039;1;0;0;0;380598;595;5;0;0
FR;4;2021-06-07;9224;19;0;0;0;389822;614;5;0;0
FR;4;2021-06-08;14605;31;0;0;0;404427;645;5;0;0
FR;4;2021-06-09;12202;25;0;0;0;416629;670;5;0;0
FR;4;2021-06-10;15398;30;0;0;0;432027;700;5;0;0
FR;4;2021-06-11;16978;56;0;0;0;449005;756;5;0;0
FR;4;2021-06-12;7444;27;0;0;0;456449;783;5;0;0
FR;4;2021-06-13;906;2;0;0;0;457355;785;5;0;0
FR;4;2021-06-14;6646;25;0;0;0;464001;810;5;0;0
FR;4;2021-06-15;10883;37;0;0;0;474884;847;5;0;0
FR;4;2021-06-16;8904;15;0;0;0;483788;862;5;0;0
FR;4;2021-06-17;10897;36;0;0;0;494685;898;5;0;0
FR;4;2021-06-18;12420;45;0;0;0;507105;943;5;0;0
FR;4;2021-06-19;5567;25;0;0;0;512672;968;5;0;0
FR;4;2021-06-20;817;5;0;0;0;513489;973;5;0;0
FR;4;2021-06-21;5081;20;0;0;0;518570;993;5;0;0
FR;4;2021-06-22;7905;28;2;0;0;526475;1021;7;0;0
FR;4;2021-06-23;7092;39;2;0;0;533567;1060;9;0;0
FR;4;2021-06-24;8646;46;1;0;0;542213;1106;10;0;0
FR;4;2021-06-25;10172;39;2;0;0;552385;1145;12;0;0
FR;4;2021-06-26;4841;21;0;0;0;557226;1166;12;0;0
FR;4;2021-06-27;760;3;0;0;0;557986;1169;12;0;0
FR;4;2021-06-28;4822;16;1;0;0;562808;1185;13;0;0
FR;4;2021-06-29;7097;27;2;0;0;569905;1212;15;0;0
FR;4;2021-06-30;6708;39;2;0;0;576613;1251;17;0;0
FR;4;2021-07-01;8191;40;0;0;0;584804;1291;17;0;0
FR;4;2021-07-02;9413;52;1;0;0;594217;1343;18;0;0
FR;4;2021-07-03;4844;19;0;0;0;599061;1362;18;0;0
FR;4;2021-07-04;686;5;0;0;0;599747;1367;18;0;0
FR;4;2021-07-05;4765;19;2;0;0;604512;1386;20;0;0
FR;4;2021-07-06;7717;28;4;0;0;612229;1414;24;0;0
FR;4;2021-07-07;7068;34;2;0;0;619297;1448;26;0;0
FR;4;2021-07-08;9218;40;2;0;0;628515;1488;28;0;0
FR;4;2021-07-09;10275;34;1;0;0;638790;1522;29;0;0
FR;4;2021-07-10;4633;14;2;0;0;643423;1536;31;0;0
FR;4;2021-07-11;582;4;1;0;0;644005;1540;32;0;0
FR;4;2021-07-12;5867;29;0;0;0;649872;1569;32;0;0
FR;4;2021-07-13;14230;29;0;0;0;664102;1598;32;0;0
FR;4;2021-07-14;2282;14;0;0;0;666384;1612;32;0;0
FR;4;2021-07-15;18231;36;0;0;0;684615;1648;32;0;0
FR;4;2021-07-16;22815;70;2;0;0;707430;1718;34;0;0
FR;4;2021-07-17;9735;20;0;0;0;717165;1738;34;0;0
FR;4;2021-07-18;1354;4;0;0;0;718519;1742;34;0;0
FR;4;2021-07-19;12980;28;1;0;0;731499;1770;35;0;0
FR;4;2021-07-20;17332;26;1;0;0;748831;1796;36;0;0
FR;4;2021-07-21;15605;33;0;0;0;764436;1829;36;0;0
FR;4;2021-07-22;18237;44;2;0;0;782673;1873;38;0;0
FR;4;2021-07-23;20404;57;7;0;0;803077;1930;45;0;0
FR;4;2021-07-24;9282;32;0;0;0;812359;1962;45;0;0
FR;4;2021-07-25;1350;8;0;0;0;813709;1970;45;0;0
FR;4;2021-07-26;11030;20;0;0;0;824739;1990;45;0;0
FR;4;2021-07-27;14661;35;3;0;0;839400;2025;48;0;0
FR;4;2021-07-28;12922;26;2;0;0;852322;2051;50;0;0
FR;4;2021-07-29;14079;54;4;0;0;866401;2105;54;0;0
FR;4;2021-07-30;15478;45;2;0;0;881879;2150;56;0;0
FR;4;2021-07-31;6830;14;2;0;0;888709;2164;58;0;0
FR;4;2021-08-01;905;1;0;0;0;889614;2165;58;0;0
FR;4;2021-08-02;7902;29;0;0;0;897516;2194;58;0;0
FR;4;2021-08-03;10788;32;2;0;0;908304;2226;60;0;0
FR;4;2021-08-04;9732;29;0;0;0;918036;2255;60;0;0
FR;4;2021-08-05;9812;41;0;0;0;927848;2296;60;0;0
FR;4;2021-08-06;10182;30;3;0;0;938030;2326;63;0;0
FR;4;2021-08-07;5088;30;1;0;0;943118;2356;64;0;0
FR;4;2021-08-08;1217;13;0;0;0;944335;2369;64;0;0
FR;4;2021-08-09;6335;31;0;0;0;950670;2400;64;0;0
FR;4;2021-08-10;8741;18;0;0;0;959411;2418;64;0;0
FR;4;2021-08-11;7930;33;4;0;0;967341;2451;68;0;0
FR;4;2021-08-12;8580;29;1;0;0;975921;2480;69;0;0
FR;4;2021-08-13;7547;24;0;1;0;983468;2504;69;1;0
FR;4;2021-08-14;3787;20;0;0;0;987255;2524;69;1;0
FR;4;2021-08-15;769;5;0;0;0;988024;2529;69;1;0
FR;4;2021-08-16;4003;16;0;0;0;992027;2545;69;1;0
FR;4;2021-08-17;5616;16;1;0;0;997643;2561;70;1;0
FR;4;2021-08-18;5162;34;0;0;0;1002805;2595;70;1;0
FR;4;2021-08-19;5474;33;3;0;0;1008279;2628;73;1;0
FR;4;2021-08-20;5210;24;1;0;0;1013489;2652;74;1;0
FR;4;2021-08-21;2307;21;1;0;0;1015796;2673;75;1;0
FR;4;2021-08-22;401;2;0;0;0;1016197;2675;75;1;0
FR;4;2021-08-23;2924;19;1;0;0;1019121;2694;76;1;0
FR;4;2021-08-24;3744;15;0;0;0;1022865;2709;76;1;0
FR;4;2021-08-25;3538;25;0;0;0;1026403;2734;76;1;0
FR;4;2021-08-26;3701;20;2;0;0;1030104;2754;78;1;0
FR;4;2021-08-27;3605;31;2;0;0;1033709;2785;80;1;0
FR;4;2021-08-28;1723;9;1;0;0;1035432;2794;81;1;0
FR;4;2021-08-29;387;7;1;0;0;1035819;2801;82;1;0
FR;4;2021-08-30;2009;24;0;0;14;1037828;2825;82;1;14
FR;4;2021-08-31;2481;20;0;0;13;1040309;2845;82;1;27
FR;4;2021-09-01;2078;38;1;0;21;1042387;2883;83;1;48
FR;4;2021-09-02;2300;31;4;0;18;1044687;2914;87;1;66
FR;4;2021-09-03;2357;44;5;0;32;1047044;2958;92;1;98
FR;4;2021-09-04;1374;17;0;0;7;1048418;2975;92;1;105
FR;4;2021-09-05;431;2;0;0;2;1048849;2977;92;1;107
FR;4;2021-09-06;1705;60;0;0;21;1050554;3037;92;1;128
FR;4;2021-09-07;1674;18;1;0;9;1052228;3055;93;1;137
FR;4;2021-09-08;1279;27;3;1;20;1053507;3082;96;2;157
FR;4;2021-09-09;1385;23;2;0;9;1054892;3105;98;2;166
FR;4;2021-09-10;1516;31;2;0;23;1056408;3136;100;2;189
FR;4;2021-09-11;738;11;0;0;3;1057146;3147;100;2;192
FR;4;2021-09-12;168;4;0;0;2;1057314;3151;100;2;194
FR;4;2021-09-13;1316;22;1;0;16;1058630;3173;101;2;210
FR;4;2021-09-14;1497;9;2;0;6;1060127;3182;103;2;216
FR;4;2021-09-15;1091;27;1;0;24;1061218;3209;104;2;240
FR;4;2021-09-16;1095;22;2;0;15;1062313;3231;106;2;255
FR;4;2021-09-17;891;21;1;0;12;1063204;3252;107;2;267
FR;4;2021-09-18;462;6;1;0;5;1063666;3258;108;2;272
FR;4;2021-09-19;182;3;0;0;2;1063848;3261;108;2;274
FR;4;2021-09-20;446;18;0;0;12;1064294;3279;108;2;286
FR;4;2021-09-21;423;11;0;0;7;1064717;3290;108;2;293
FR;4;2021-09-22;372;19;2;0;13;1065089;3309;110;2;306
FR;4;2021-09-23;477;16;1;0;15;1065566;3325;111;2;321
FR;4;2021-09-24;409;13;2;0;9;1065975;3338;113;2;330
FR;4;2021-09-25;281;9;1;0;4;1066256;3347;114;2;334
FR;4;2021-09-26;73;2;0;0;1;1066329;3349;114;2;335
FR;4;2021-09-27;261;10;1;0;8;1066590;3359;115;2;343
FR;4;2021-09-28;315;8;0;0;8;1066905;3367;115;2;351
FR;4;2021-09-29;372;18;1;0;12;1067277;3385;116;2;363
FR;4;2021-09-30;359;40;0;0;21;1067636;3425;116;2;384
FR;4;2021-10-01;407;49;0;0;43;1068043;3474;116;2;427
FR;4;2021-10-02;195;22;1;0;13;1068238;3496;117;2;440
FR;4;2021-10-03;84;1;0;0;0;1068322;3497;117;2;440
FR;4;2021-10-04;355;19;1;0;15;1068677;3516;118;2;455
FR;4;2021-10-05;276;19;2;0;15;1068953;3535;120;2;470
FR;4;2021-10-06;243;21;1;0;17;1069196;3556;121;2;487
FR;4;2021-10-07;254;25;2;0;13;1069450;3581;123;2;500
FR;4;2021-10-08;352;23;2;0;19;1069802;3604;125;2;519
FR;4;2021-10-09;192;6;6;0;7;1069994;3610;131;2;526
FR;4;2021-10-10;95;3;2;0;3;1070089;3613;133;2;529
FR;4;2021-10-11;246;15;1;0;14;1070335;3628;134;2;543
FR;4;2021-10-12;204;14;0;0;13;1070539;3642;134;2;556
FR;4;2021-10-13;218;27;1;0;24;1070757;3669;135;2;580
FR;4;2021-10-14;307;22;4;0;16;1071064;3691;139;2;596
FR;4;2021-10-15;321;24;5;0;25;1071385;3715;144;2;621
FR;4;2021-10-16;166;6;2;0;6;1071551;3721;146;2;627
FR;4;2021-10-17;70;2;0;0;1;1071621;3723;146;2;628
FR;4;2021-10-18;278;16;1;0;12;1071899;3739;147;2;640
FR;4;2021-10-19;210;14;2;0;15;1072109;3753;149;2;655
FR;4;2021-10-20;224;27;4;0;15;1072333;3780;153;2;670
FR;4;2021-10-21;235;17;0;0;13;1072568;3797;153;2;683
FR;4;2021-10-22;211;25;2;0;20;1072779;3822;155;2;703
FR;4;2021-10-23;115;16;1;0;15;1072894;3838;156;2;718
FR;4;2021-10-24;38;4;0;0;1;1072932;3842;156;2;719
FR;4;2021-10-25;209;7;2;0;9;1073141;3849;158;2;728
FR;4;2021-10-26;196;14;0;0;12;1073337;3863;158;2;740
FR;4;2021-10-27;191;11;4;0;11;1073528;3874;162;2;751
FR;4;2021-10-28;182;18;4;0;21;1073710;3892;166;2;772
FR;4;2021-10-29;220;15;2;0;13;1073930;3907;168;2;785
FR;4;2021-10-30;102;2;1;0;2;1074032;3909;169;2;787
FR;4;2021-10-31;56;3;2;0;3;1074088;3912;171;2;790
FR;4;2021-11-01;75;27;4;0;24;1074163;3939;175;2;814
FR;4;2021-11-02;155;20;2;0;21;1074318;3959;177;2;835
FR;4;2021-11-03;127;20;8;1;18;1074445;3979;185;3;853
FR;4;2021-11-04;175;14;1;0;11;1074620;3993;186;3;864
FR;4;2021-11-05;126;17;1;0;16;1074746;4010;187;3;880
FR;4;2021-11-06;77;6;1;0;6;1074823;4016;188;3;886
FR;4;2021-11-07;76;2;2;0;4;1074899;4018;190;3;890
FR;4;2021-11-08;158;20;1;0;20;1075057;4038;191;3;910
FR;4;2021-11-09;151;14;3;0;16;1075208;4052;194;3;926
FR;4;2021-11-10;114;29;6;0;31;1075322;4081;200;3;957
FR;4;2021-11-11;86;10;0;0;10;1075408;4091;200;3;967
FR;4;2021-11-12;99;18;2;0;17;1075507;4109;202;3;984
FR;4;2021-11-13;73;15;2;0;14;1075580;4124;204;3;998
FR;4;2021-11-14;53;5;3;0;7;1075633;4129;207;3;1005
FR;4;2021-11-15;97;26;2;0;24;1075730;4155;209;3;1029
FR;4;2021-11-16;100;12;2;0;14;1075830;4167;211;3;1043
FR;4;2021-11-17;116;29;4;0;29;1075946;4196;215;3;1072
FR;4;2021-11-18;99;34;12;0;41;1076045;4230;227;3;1113
FR;4;2021-11-19;79;19;3;0;20;1076124;4249;230;3;1133
FR;4;2021-11-20;75;8;1;0;8;1076199;4257;231;3;1141
FR;4;2021-11-21;61;7;2;0;9;1076260;4264;233;3;1150
FR;4;2021-11-22;101;27;6;0;29;1076361;4291;239;3;1179
FR;4;2021-11-23;74;29;5;0;26;1076435;4320;244;3;1205
FR;4;2021-11-24;85;23;9;0;22;1076520;4343;253;3;1227
FR;4;2021-11-25;84;28;14;0;30;1076604;4371;267;3;1257
FR;4;2021-11-26;80;43;12;0;45;1076684;4414;279;3;1302
FR;4;2021-11-27;35;22;15;0;25;1076719;4436;294;3;1327
FR;4;2021-11-28;48;8;0;0;7;1076767;4444;294;3;1334
FR;4;2021-11-29;84;31;15;0;39;1076851;4475;309;3;1373
FR;4;2021-11-30;72;36;12;0;40;1076923;4511;321;3;1413
FR;4;2021-12-01;79;59;19;0;66;1077002;4570;340;3;1479
FR;4;2021-12-02;98;47;19;0;52;1077100;4617;359;3;1531
FR;4;2021-12-03;98;36;15;0;44;1077198;4653;374;3;1575
FR;4;2021-12-04;69;31;18;0;44;1077267;4684;392;3;1619
FR;4;2021-12-05;61;5;1;0;6;1077328;4689;393;3;1625
FR;4;2021-12-06;96;45;20;0;59;1077424;4734;413;3;1684
FR;4;2021-12-07;77;33;9;0;33;1077501;4767;422;3;1717
FR;4;2021-12-08;66;29;15;0;34;1077567;4796;437;3;1751
FR;4;2021-12-09;59;32;10;0;38;1077626;4828;447;3;1789
FR;4;2021-12-10;60;62;21;0;66;1077686;4890;468;3;1855
FR;4;2021-12-11;24;34;7;0;34;1077710;4924;475;3;1889
FR;4;2021-12-12;23;10;3;0;13;1077733;4934;478;3;1902
FR;4;2021-12-13;68;38;13;0;47;1077801;4972;491;3;1949
FR;4;2021-12-14;56;43;15;0;52;1077857;5015;506;3;2001
FR;4;2021-12-15;59;63;28;0;83;1077916;5078;534;3;2084
FR;4;2021-12-16;30;44;18;0;56;1077946;5122;552;3;2140
FR;4;2021-12-17;38;55;12;0;60;1077984;5177;564;3;2200
FR;4;2021-12-18;48;29;2;0;30;1078032;5206;566;3;2230
FR;4;2021-12-19;15;4;1;0;4;1078047;5210;567;3;2234
FR;4;2021-12-20;35;38;10;0;41;1078082;5248;577;3;2275
FR;4;2021-12-21;26;30;15;0;36;1078108;5278;592;3;2311
FR;4;2021-12-22;35;36;10;0;37;1078143;5314;602;3;2348
FR;4;2021-12-23;39;43;8;0;47;1078182;5357;610;3;2395
FR;4;2021-12-24;23;25;10;0;29;1078205;5382;620;3;2424
FR;4;2021-12-25;6;3;3;0;4;1078211;5385;623;3;2428
FR;4;2021-12-26;4;3;1;0;2;1078215;5388;624;3;2430
FR;4;2021-12-27;26;41;8;0;42;1078241;5429;632;3;2472
FR;4;2021-12-28;24;28;7;0;29;1078265;5457;639;3;2501
FR;4;2021-12-29;48;24;10;0;28;1078313;5481;649;3;2529
FR;4;2021-12-30;40;16;12;0;19;1078353;5497;661;3;2548
FR;4;2021-12-31;18;5;8;0;10;1078371;5502;669;3;2558
FR;4;2022-01-01;5;4;4;0;6;1078376;5506;673;3;2564
FR;4;2022-01-02;40;4;14;0;17;1078416;5510;687;3;2581
FR;4;2022-01-03;38;52;20;1;57;1078454;5562;707;4;2638
FR;4;2022-01-04;28;26;13;0;29;1078482;5588;720;4;2667
FR;4;2022-01-05;46;21;16;0;22;1078528;5609;736;4;2689
FR;4;2022-01-06;43;20;21;0;33;1078571;5629;757;4;2722
FR;4;2022-01-07;26;19;15;0;19;1078597;5648;772;4;2741
FR;4;2022-01-08;8;5;9;0;11;1078605;5653;781;4;2752
FR;4;2022-01-09;17;2;1;0;2;1078622;5655;782;4;2754
FR;4;2022-01-10;39;22;16;0;33;1078661;5677;798;4;2787
FR;4;2022-01-11;23;30;12;0;34;1078684;5707;810;4;2821
FR;4;2022-01-12;30;20;12;0;21;1078714;5727;822;4;2842
FR;4;2022-01-13;48;18;26;0;35;1078762;5745;848;4;2877
FR;4;2022-01-14;21;28;13;0;31;1078783;5773;861;4;2908
FR;4;2022-01-15;10;6;7;0;11;1078793;5779;868;4;2919
FR;4;2022-01-16;9;9;11;0;19;1078802;5788;879;4;2938
FR;4;2022-01-17;23;17;12;0;23;1078825;5805;891;4;2961
FR;4;2022-01-18;16;13;7;0;17;1078841;5818;898;4;2978
FR;4;2022-01-19;28;22;9;0;29;1078869;5840;907;4;3007
FR;4;2022-01-20;31;33;11;0;36;1078900;5873;918;4;3043
FR;4;2022-01-21;9;12;18;1;15;1078909;5885;936;5;3058
FR;4;2022-01-22;30;9;2;0;9;1078939;5894;938;5;3067
FR;4;2022-01-23;6;3;4;0;7;1078945;5897;942;5;3074
FR;4;2022-01-24;14;21;8;0;27;1078959;5918;950;5;3101
FR;4;2022-01-25;20;30;8;1;34;1078979;5948;958;6;3135
FR;4;2022-01-26;19;15;6;1;16;1078998;5963;964;7;3151
FR;4;2022-01-27;19;18;5;0;21;1079017;5981;969;7;3172
FR;4;2022-01-28;12;23;7;0;25;1079029;6004;976;7;3197
FR;4;2022-01-29;15;6;4;0;9;1079044;6010;980;7;3206
FR;4;2022-01-30;16;2;0;0;2;1079060;6012;980;7;3208
FR;4;2022-01-31;19;27;6;0;29;1079079;6039;986;7;3237
FR;4;2022-02-01;9;19;11;0;19;1079088;6058;997;7;3256
FR;4;2022-02-02;16;11;10;2;16;1079104;6069;1007;9;3272
FR;4;2022-02-03;12;22;9;0;25;1079116;6091;1016;9;3297
FR;4;2022-02-04;6;5;7;0;9;1079122;6096;1023;9;3306
FR;4;2022-02-05;6;14;1;0;13;1079128;6110;1024;9;3319
FR;4;2022-02-06;5;2;1;0;2;1079133;6112;1025;9;3321
FR;4;2022-02-07;13;19;6;0;19;1079146;6131;1031;9;3340
FR;4;2022-02-08;14;19;13;1;20;1079160;6150;1044;10;3360
FR;4;2022-02-09;14;10;7;0;13;1079174;6160;1051;10;3373
FR;4;2022-02-10;18;23;9;0;24;1079192;6183;1060;10;3397
FR;4;2022-02-11;18;14;8;0;19;1079210;6197;1068;10;3416
FR;4;2022-02-12;23;6;1;0;5;1079233;6203;1069;10;3421
FR;4;2022-02-13;7;3;3;0;6;1079240;6206;1072;10;3427
FR;4;2022-02-14;18;10;7;0;13;1079258;6216;1079;10;3440
FR;4;2022-02-15;16;7;1;0;7;1079274;6223;1080;10;3447
FR;4;2022-02-16;11;9;10;0;15;1079285;6232;1090;10;3462
FR;4;2022-02-17;10;4;4;0;6;1079295;6236;1094;10;3468
FR;4;2022-02-18;17;13;6;0;17;1079312;6249;1100;10;3485
FR;4;2022-02-19;16;2;2;0;4;1079328;6251;1102;10;3489
FR;4;2022-02-20;7;2;0;0;1;1079335;6253;1102;10;3490
FR;4;2022-02-21;22;3;3;0;4;1079357;6256;1105;10;3494
FR;4;2022-02-22;8;4;8;0;8;1079365;6260;1113;10;3502
FR;4;2022-02-23;16;6;8;0;8;1079381;6266;1121;10;3510
FR;4;2022-02-24;9;4;2;0;4;1079390;6270;1123;10;3514
FR;4;2022-02-25;15;5;7;0;6;1079405;6275;1130;10;3520
FR;4;2022-02-26;26;3;0;0;3;1079431;6278;1130;10;3523
FR;4;2022-02-27;9;0;1;0;1;1079440;6278;1131;10;3524
FR;4;2022-02-28;14;3;2;0;3;1079454;6281;1133;10;3527
FR;4;2022-03-01;6;2;7;0;3;1079460;6283;1140;10;3530
FR;4;2022-03-02;10;2;3;0;4;1079470;6285;1143;10;3534
FR;4;2022-03-03;15;5;1;0;4;1079485;6290;1144;10;3538
FR;4;2022-03-04;6;7;2;1;5;1079491;6297;1146;11;3543
FR;4;2022-03-05;8;2;0;0;2;1079499;6299;1146;11;3545
FR;4;2022-03-06;4;0;1;0;1;1079503;6299;1147;11;3546
FR;4;2022-03-07;10;4;1;0;3;1079513;6303;1148;11;3549
FR;4;2022-03-08;13;2;0;0;2;1079526;6305;1148;11;3551
FR;4;2022-03-09;7;3;2;0;4;1079533;6308;1150;11;3555
FR;4;2022-03-10;5;1;5;0;2;1079538;6309;1155;11;3557
FR;4;2022-03-11;8;2;5;0;1;1079546;6311;1160;11;3558
FR;4;2022-03-12;9;2;0;0;0;1079555;6313;1160;11;3558
FR;4;2022-03-13;5;0;1;0;1;1079560;6313;1161;11;3559
FR;4;2022-03-14;4;1;0;0;1;1079564;6314;1161;11;3560
FR;4;2022-03-15;5;3;1;0;1;1079569;6317;1162;11;3561
FR;4;2022-03-16;6;3;3;0;3;1079575;6320;1165;11;3564
FR;4;2022-03-17;1;4;1;0;5;1079576;6324;1166;11;3569
FR;4;2022-03-18;7;2;0;0;2;1079583;6326;1166;11;3571
FR;4;2022-03-19;1;1;0;0;1;1079584;6327;1166;11;3572
FR;4;2022-03-20;2;0;2;0;1;1079586;6327;1168;11;3573
FR;4;2022-03-21;5;3;0;0;3;1079591;6330;1168;11;3576
FR;4;2022-03-22;3;2;1;0;2;1079594;6332;1169;11;3578
FR;4;2022-03-23;6;3;3;0;5;1079600;6335;1172;11;3583
FR;4;2022-03-24;2;4;3;1;5;1079602;6339;1175;12;3588
FR;4;2022-03-25;3;1;2;0;1;1079605;6340;1177;12;3589
FR;4;2022-03-26;5;5;0;0;5;1079610;6345;1177;12;3594
FR;4;2022-03-27;1;0;1;0;0;1079611;6345;1178;12;3594
FR;4;2022-03-28;4;1;1;0;1;1079615;6346;1179;12;3595
FR;4;2022-03-29;7;0;4;1;0;1079622;6346;1183;13;3595
FR;4;2022-03-30;1;4;0;0;4;1079623;6350;1183;13;3599
FR;4;2022-03-31;1;3;1;1;3;1079624;6353;1184;14;3602
FR;4;2022-04-01;13;3;5;0;6;1079637;6356;1189;14;3608
FR;4;2022-04-02;4;4;0;0;3;1079641;6360;1189;14;3611
FR;4;2022-04-03;0;0;0;0;0;1079641;6360;1189;14;3611
FR;4;2022-04-04;3;3;4;0;3;1079644;6363;1193;14;3614
FR;4;2022-04-05;3;4;1;1;2;1079647;6367;1194;15;3616
FR;4;2022-04-06;3;0;0;0;0;1079650;6367;1194;15;3616
FR;4;2022-04-07;3;2;1;2;3;1079653;6369;1195;17;3619
FR;4;2022-04-08;4;1;1;0;1;1079657;6370;1196;17;3620
FR;4;2022-04-09;0;0;1;1;1;1079657;6370;1197;18;3621
FR;4;2022-04-10;1;2;0;0;2;1079658;6372;1197;18;3623
FR;4;2022-04-11;3;2;4;0;4;1079661;6374;1201;18;3627
FR;4;2022-04-12;2;1;4;0;2;1079663;6375;1205;18;3629
FR;4;2022-04-13;3;6;1;0;7;1079666;6381;1206;18;3636
FR;4;2022-04-14;3;2;0;1;2;1079669;6383;1206;19;3638
FR;4;2022-04-15;2;7;1;0;8;1079671;6390;1207;19;3646
FR;4;2022-04-16;1;0;0;0;0;1079672;6390;1207;19;3646
FR;4;2022-04-17;1;0;0;0;0;1079673;6390;1207;19;3646
FR;4;2022-04-18;1;2;4;0;2;1079674;6392;1211;19;3648
FR;4;2022-04-19;2;0;1;0;0;1079676;6392;1212;19;3648
FR;4;2022-04-20;12;4;1;0;2;1079688;6396;1213;19;3650
FR;4;2022-04-21;5;1;0;0;1;1079693;6397;1213;19;3651
FR;4;2022-04-22;1;0;1;0;0;1079694;6397;1214;19;3651
FR;4;2022-04-23;1;3;2;0;5;1079695;6400;1216;19;3656
FR;4;2022-04-24;0;2;0;0;2;1079695;6402;1216;19;3658
FR;4;2022-04-25;2;4;2;0;6;1079697;6406;1218;19;3664
FR;4;2022-04-26;2;4;1;0;4;1079699;6410;1219;19;3668
FR;4;2022-04-27;4;0;0;0;0;1079703;6410;1219;19;3668
FR;4;2022-04-28;2;4;5;0;5;1079705;6414;1224;19;3673
FR;4;2022-04-29;2;2;0;0;1;1079707;6416;1224;19;3674
FR;4;2022-04-30;0;1;1;0;2;1079707;6417;1225;19;3676
FR;4;2022-05-01;0;0;0;0;0;1079707;6417;1225;19;3676
FR;4;2022-05-02;4;5;2;0;5;1079711;6422;1227;19;3681
FR;4;2022-05-03;0;3;1;0;3;1079711;6425;1228;19;3684
FR;4;2022-05-04;3;4;1;0;4;1079714;6429;1229;19;3688
FR;4;2022-05-05;2;1;1;0;1;1079716;6430;1230;19;3689
FR;4;2022-05-06;2;0;0;0;0;1079718;6430;1230;19;3689
FR;4;2022-05-07;0;0;0;0;0;1079718;6430;1230;19;3689
FR;4;2022-05-08;1;1;0;0;1;1079719;6431;1230;19;3690
FR;4;2022-05-09;3;0;0;0;0;1079722;6431;1230;19;3690
FR;4;2022-05-10;0;0;0;2;2;1079722;6431;1230;21;3692
FR;4;2022-05-11;2;0;1;0;0;1079724;6431;1231;21;3692
FR;4;2022-05-12;5;0;0;1;0;1079729;6431;1231;22;3692
FR;4;2022-05-13;0;0;1;0;1;1079729;6431;1232;22;3693
FR;4;2022-05-14;0;1;0;0;1;1079729;6432;1232;22;3694
FR;4;2022-05-15;0;0;0;0;0;1079729;6432;1232;22;3694
FR;4;2022-05-16;3;1;1;0;1;1079732;6433;1233;22;3695
FR;4;2022-05-17;3;0;1;0;1;1079735;6433;1234;22;3696
FR;4;2022-05-18;0;1;0;0;1;1079735;6434;1234;22;3697
FR;4;2022-05-19;2;1;1;0;2;1079737;6435;1235;22;3699
FR;4;2022-05-20;1;0;0;0;0;1079738;6435;1235;22;3699
FR;4;2022-05-21;2;0;0;0;0;1079740;6435;1235;22;3699
FR;4;2022-05-22;0;0;1;0;1;1079740;6435;1236;22;3700
FR;4;2022-05-23;0;0;0;0;0;1079740;6435;1236;22;3700
FR;4;2022-05-24;1;0;0;0;0;1079741;6435;1236;22;3700
FR;4;2022-05-25;1;1;0;0;0;1079742;6436;1236;22;3700
FR;4;2022-05-26;1;0;0;0;0;1079743;6436;1236;22;3700
FR;5;2020-12-27;0;0;0;0;0;0;0;0;0;0
FR;5;2020-12-28;0;0;0;0;0;0;0;0;0;0
FR;5;2020-12-29;0;0;0;0;0;0;0;0;0;0
FR;5;2020-12-30;0;0;0;0;0;0;0;0;0;0
FR;5;2020-12-31;0;0;0;0;0;0;0;0;0;0
FR;5;2021-01-01;0;0;0;0;0;0;0;0;0;0
FR;5;2021-01-02;0;0;0;0;0;0;0;0;0;0
FR;5;2021-01-03;0;0;0;0;0;0;0;0;0;0
FR;5;2021-01-04;0;0;0;0;0;0;0;0;0;0
FR;5;2021-01-05;0;0;0;0;0;0;0;0;0;0
FR;5;2021-01-06;0;0;0;0;0;0;0;0;0;0
FR;5;2021-01-07;0;0;0;0;0;0;0;0;0;0
FR;5;2021-01-08;0;0;0;0;0;0;0;0;0;0
FR;5;2021-01-09;0;0;0;0;0;0;0;0;0;0
FR;5;2021-01-10;0;0;0;0;0;0;0;0;0;0
FR;5;2021-01-11;0;0;0;0;0;0;0;0;0;0
FR;5;2021-01-12;0;0;0;0;0;0;0;0;0;0
FR;5;2021-01-13;0;0;0;0;0;0;0;0;0;0
FR;5;2021-01-14;0;0;0;0;0;0;0;0;0;0
FR;5;2021-01-15;0;0;0;0;0;0;0;0;0;0
FR;5;2021-01-16;0;0;0;0;0;0;0;0;0;0
FR;5;2021-01-17;0;0;0;0;0;0;0;0;0;0
FR;5;2021-01-18;0;0;0;0;0;0;0;0;0;0
FR;5;2021-01-19;0;0;0;0;0;0;0;0;0;0
FR;5;2021-01-20;0;0;0;0;0;0;0;0;0;0
FR;5;2021-01-21;0;0;0;0;0;0;0;0;0;0
FR;5;2021-01-22;0;0;0;0;0;0;0;0;0;0
FR;5;2021-01-23;0;0;0;0;0;0;0;0;0;0
FR;5;2021-01-24;0;0;0;0;0;0;0;0;0;0
FR;5;2021-01-25;0;0;0;0;0;0;0;0;0;0
FR;5;2021-01-26;0;0;0;0;0;0;0;0;0;0
FR;5;2021-01-27;0;0;0;0;0;0;0;0;0;0
FR;5;2021-01-28;0;0;0;0;0;0;0;0;0;0
FR;5;2021-01-29;0;0;0;0;0;0;0;0;0;0
FR;5;2021-01-30;0;0;0;0;0;0;0;0;0;0
FR;5;2021-01-31;0;0;0;0;0;0;0;0;0;0
FR;5;2021-02-01;0;0;0;0;0;0;0;0;0;0
FR;5;2021-02-02;0;0;0;0;0;0;0;0;0;0
FR;5;2021-02-03;0;0;0;0;0;0;0;0;0;0
FR;5;2021-02-04;0;0;0;0;0;0;0;0;0;0
FR;5;2021-02-05;0;0;0;0;0;0;0;0;0;0
FR;5;2021-02-06;0;0;0;0;0;0;0;0;0;0
FR;5;2021-02-07;0;0;0;0;0;0;0;0;0;0
FR;5;2021-02-08;0;0;0;0;0;0;0;0;0;0
FR;5;2021-02-09;0;0;0;0;0;0;0;0;0;0
FR;5;2021-02-10;0;0;0;0;0;0;0;0;0;0
FR;5;2021-02-11;0;0;0;0;0;0;0;0;0;0
FR;5;2021-02-12;0;0;0;0;0;0;0;0;0;0
FR;5;2021-02-13;0;0;0;0;0;0;0;0;0;0
FR;5;2021-02-14;0;0;0;0;0;0;0;0;0;0
FR;5;2021-02-15;0;0;0;0;0;0;0;0;0;0
FR;5;2021-02-16;0;0;0;0;0;0;0;0;0;0
FR;5;2021-02-17;0;0;0;0;0;0;0;0;0;0
FR;5;2021-02-18;0;0;0;0;0;0;0;0;0;0
FR;5;2021-02-19;0;0;0;0;0;0;0;0;0;0
FR;5;2021-02-20;0;0;0;0;0;0;0;0;0;0
FR;5;2021-02-21;0;0;0;0;0;0;0;0;0;0
FR;5;2021-02-22;0;0;0;0;0;0;0;0;0;0
FR;5;2021-02-23;0;0;0;0;0;0;0;0;0;0
FR;5;2021-02-24;0;0;0;0;0;0;0;0;0;0
FR;5;2021-02-25;0;0;0;0;0;0;0;0;0;0
FR;5;2021-02-26;0;0;0;0;0;0;0;0;0;0
FR;5;2021-02-27;0;0;0;0;0;0;0;0;0;0
FR;5;2021-02-28;0;0;0;0;0;0;0;0;0;0
FR;5;2021-03-01;0;0;0;0;0;0;0;0;0;0
FR;5;2021-03-02;0;0;0;0;0;0;0;0;0;0
FR;5;2021-03-03;0;0;0;0;0;0;0;0;0;0
FR;5;2021-03-04;0;0;0;0;0;0;0;0;0;0
FR;5;2021-03-05;0;0;0;0;0;0;0;0;0;0
FR;5;2021-03-06;0;0;0;0;0;0;0;0;0;0
FR;5;2021-03-07;0;0;0;0;0;0;0;0;0;0
FR;5;2021-03-08;0;0;0;0;0;0;0;0;0;0
FR;5;2021-03-09;0;0;0;0;0;0;0;0;0;0
FR;5;2021-03-10;0;0;0;0;0;0;0;0;0;0
FR;5;2021-03-11;0;0;0;0;0;0;0;0;0;0
FR;5;2021-03-12;0;0;0;0;0;0;0;0;0;0
FR;5;2021-03-13;0;0;0;0;0;0;0;0;0;0
FR;5;2021-03-14;0;0;0;0;0;0;0;0;0;0
FR;5;2021-03-15;0;0;0;0;0;0;0;0;0;0
FR;5;2021-03-16;0;0;0;0;0;0;0;0;0;0
FR;5;2021-03-17;0;0;0;0;0;0;0;0;0;0
FR;5;2021-03-18;0;0;0;0;0;0;0;0;0;0
FR;5;2021-03-19;0;0;0;0;0;0;0;0;0;0
FR;5;2021-03-20;0;0;0;0;0;0;0;0;0;0
FR;5;2021-03-21;0;0;0;0;0;0;0;0;0;0
FR;5;2021-03-22;0;0;0;0;0;0;0;0;0;0
FR;5;2021-03-23;0;0;0;0;0;0;0;0;0;0
FR;5;2021-03-24;0;0;0;0;0;0;0;0;0;0
FR;5;2021-03-25;0;0;0;0;0;0;0;0;0;0
FR;5;2021-03-26;0;0;0;0;0;0;0;0;0;0
FR;5;2021-03-27;0;0;0;0;0;0;0;0;0;0
FR;5;2021-03-28;0;0;0;0;0;0;0;0;0;0
FR;5;2021-03-29;0;0;0;0;0;0;0;0;0;0
FR;5;2021-03-30;0;0;0;0;0;0;0;0;0;0
FR;5;2021-03-31;0;0;0;0;0;0;0;0;0;0
FR;5;2021-04-01;0;0;0;0;0;0;0;0;0;0
FR;5;2021-04-02;0;0;0;0;0;0;0;0;0;0
FR;5;2021-04-03;0;0;0;0;0;0;0;0;0;0
FR;5;2021-04-04;0;0;0;0;0;0;0;0;0;0
FR;5;2021-04-05;0;0;0;0;0;0;0;0;0;0
FR;5;2021-04-06;0;0;0;0;0;0;0;0;0;0
FR;5;2021-04-07;0;0;0;0;0;0;0;0;0;0
FR;5;2021-04-08;0;0;0;0;0;0;0;0;0;0
FR;5;2021-04-09;0;0;0;0;0;0;0;0;0;0
FR;5;2021-04-10;0;0;0;0;0;0;0;0;0;0
FR;5;2021-04-11;0;0;0;0;0;0;0;0;0;0
FR;5;2021-04-12;0;0;0;0;0;0;0;0;0;0
FR;5;2021-04-13;0;0;0;0;0;0;0;0;0;0
FR;5;2021-04-14;0;0;0;0;0;0;0;0;0;0
FR;5;2021-04-15;0;0;0;0;0;0;0;0;0;0
FR;5;2021-04-16;0;0;0;0;0;0;0;0;0;0
FR;5;2021-04-17;0;0;0;0;0;0;0;0;0;0
FR;5;2021-04-18;0;0;0;0;0;0;0;0;0;0
FR;5;2021-04-19;0;0;0;0;0;0;0;0;0;0
FR;5;2021-04-20;0;0;0;0;0;0;0;0;0;0
FR;5;2021-04-21;0;0;0;0;0;0;0;0;0;0
FR;5;2021-04-22;0;0;0;0;0;0;0;0;0;0
FR;5;2021-04-23;0;0;0;0;0;0;0;0;0;0
FR;5;2021-04-24;0;0;0;0;0;0;0;0;0;0
FR;5;2021-04-25;0;0;0;0;0;0;0;0;0;0
FR;5;2021-04-26;0;0;0;0;0;0;0;0;0;0
FR;5;2021-04-27;0;0;0;0;0;0;0;0;0;0
FR;5;2021-04-28;0;0;0;0;0;0;0;0;0;0
FR;5;2021-04-29;0;0;0;0;0;0;0;0;0;0
FR;5;2021-04-30;0;0;0;0;0;0;0;0;0;0
FR;5;2021-05-01;0;0;0;0;0;0;0;0;0;0
FR;5;2021-05-02;0;0;0;0;0;0;0;0;0;0
FR;5;2021-05-03;0;0;0;0;0;0;0;0;0;0
FR;5;2021-05-04;0;0;0;0;0;0;0;0;0;0
FR;5;2021-05-05;0;0;0;0;0;0;0;0;0;0
FR;5;2021-05-06;0;0;0;0;0;0;0;0;0;0
FR;5;2021-05-07;0;0;0;0;0;0;0;0;0;0
FR;5;2021-05-08;0;0;0;0;0;0;0;0;0;0
FR;5;2021-05-09;0;0;0;0;0;0;0;0;0;0
FR;5;2021-05-10;0;0;0;0;0;0;0;0;0;0
FR;5;2021-05-11;0;0;0;0;0;0;0;0;0;0
FR;5;2021-05-12;0;0;0;0;0;0;0;0;0;0
FR;5;2021-05-13;0;0;0;0;0;0;0;0;0;0
FR;5;2021-05-14;0;0;0;0;0;0;0;0;0;0
FR;5;2021-05-15;0;0;0;0;0;0;0;0;0;0
FR;5;2021-05-16;0;0;0;0;0;0;0;0;0;0
FR;5;2021-05-17;0;0;0;0;0;0;0;0;0;0
FR;5;2021-05-18;0;0;0;0;0;0;0;0;0;0
FR;5;2021-05-19;0;0;0;0;0;0;0;0;0;0
FR;5;2021-05-20;0;0;0;0;0;0;0;0;0;0
FR;5;2021-05-21;0;0;0;0;0;0;0;0;0;0
FR;5;2021-05-22;0;0;0;0;0;0;0;0;0;0
FR;5;2021-05-23;0;0;0;0;0;0;0;0;0;0
FR;5;2021-05-24;0;0;0;0;0;0;0;0;0;0
FR;5;2021-05-25;0;0;0;0;0;0;0;0;0;0
FR;5;2021-05-26;0;0;0;0;0;0;0;0;0;0
FR;5;2021-05-27;0;0;0;0;0;0;0;0;0;0
FR;5;2021-05-28;0;0;0;0;0;0;0;0;0;0
FR;5;2021-05-29;0;0;0;0;0;0;0;0;0;0
FR;5;2021-05-30;0;0;0;0;0;0;0;0;0;0
FR;5;2021-05-31;0;0;0;0;0;0;0;0;0;0
FR;5;2021-06-01;0;0;0;0;0;0;0;0;0;0
FR;5;2021-06-02;0;0;0;0;0;0;0;0;0;0
FR;5;2021-06-03;0;0;0;0;0;0;0;0;0;0
FR;5;2021-06-04;0;0;0;0;0;0;0;0;0;0
FR;5;2021-06-05;0;0;0;0;0;0;0;0;0;0
FR;5;2021-06-06;0;0;0;0;0;0;0;0;0;0
FR;5;2021-06-07;0;0;0;0;0;0;0;0;0;0
FR;5;2021-06-08;0;0;0;0;0;0;0;0;0;0
FR;5;2021-06-09;0;0;0;0;0;0;0;0;0;0
FR;5;2021-06-10;0;0;0;0;0;0;0;0;0;0
FR;5;2021-06-11;0;0;0;0;0;0;0;0;0;0
FR;5;2021-06-12;0;0;0;0;0;0;0;0;0;0
FR;5;2021-06-13;0;0;0;0;0;0;0;0;0;0
FR;5;2021-06-14;0;0;0;0;0;0;0;0;0;0
FR;5;2021-06-15;0;0;0;0;0;0;0;0;0;0
FR;5;2021-06-16;0;0;0;0;0;0;0;0;0;0
FR;5;2021-06-17;0;0;0;0;0;0;0;0;0;0
FR;5;2021-06-18;0;0;0;0;0;0;0;0;0;0
FR;5;2021-06-19;0;0;0;0;0;0;0;0;0;0
FR;5;2021-06-20;0;0;0;0;0;0;0;0;0;0
FR;5;2021-06-21;0;0;0;0;0;0;0;0;0;0
FR;5;2021-06-22;0;0;0;0;0;0;0;0;0;0
FR;5;2021-06-23;0;0;0;0;0;0;0;0;0;0
FR;5;2021-06-24;0;0;0;0;0;0;0;0;0;0
FR;5;2021-06-25;0;0;0;0;0;0;0;0;0;0
FR;5;2021-06-26;0;0;0;0;0;0;0;0;0;0
FR;5;2021-06-27;0;0;0;0;0;0;0;0;0;0
FR;5;2021-06-28;0;0;0;0;0;0;0;0;0;0
FR;5;2021-06-29;0;0;0;0;0;0;0;0;0;0
FR;5;2021-06-30;0;0;0;0;0;0;0;0;0;0
FR;5;2021-07-01;0;0;0;0;0;0;0;0;0;0
FR;5;2021-07-02;0;0;0;0;0;0;0;0;0;0
FR;5;2021-07-03;0;0;0;0;0;0;0;0;0;0
FR;5;2021-07-04;0;0;0;0;0;0;0;0;0;0
FR;5;2021-07-05;0;0;0;0;0;0;0;0;0;0
FR;5;2021-07-06;0;0;0;0;0;0;0;0;0;0
FR;5;2021-07-07;0;0;0;0;0;0;0;0;0;0
FR;5;2021-07-08;0;0;0;0;0;0;0;0;0;0
FR;5;2021-07-09;0;0;0;0;0;0;0;0;0;0
FR;5;2021-07-10;0;0;0;0;0;0;0;0;0;0
FR;5;2021-07-11;0;0;0;0;0;0;0;0;0;0
FR;5;2021-07-12;0;0;0;0;0;0;0;0;0;0
FR;5;2021-07-13;0;0;0;0;0;0;0;0;0;0
FR;5;2021-07-14;0;0;0;0;0;0;0;0;0;0
FR;5;2021-07-15;0;0;0;0;0;0;0;0;0;0
FR;5;2021-07-16;0;0;0;0;0;0;0;0;0;0
FR;5;2021-07-17;0;0;0;0;0;0;0;0;0;0
FR;5;2021-07-18;0;0;0;0;0;0;0;0;0;0
FR;5;2021-07-19;0;0;0;0;0;0;0;0;0;0
FR;5;2021-07-20;0;0;0;0;0;0;0;0;0;0
FR;5;2021-07-21;0;0;0;0;0;0;0;0;0;0
FR;5;2021-07-22;0;0;0;0;0;0;0;0;0;0
FR;5;2021-07-23;0;0;0;0;0;0;0;0;0;0
FR;5;2021-07-24;0;0;0;0;0;0;0;0;0;0
FR;5;2021-07-25;0;0;0;0;0;0;0;0;0;0
FR;5;2021-07-26;0;0;0;0;0;0;0;0;0;0
FR;5;2021-07-27;0;0;0;0;0;0;0;0;0;0
FR;5;2021-07-28;0;0;0;0;0;0;0;0;0;0
FR;5;2021-07-29;0;0;0;0;0;0;0;0;0;0
FR;5;2021-07-30;0;0;0;0;0;0;0;0;0;0
FR;5;2021-07-31;0;0;0;0;0;0;0;0;0;0
FR;5;2021-08-01;0;0;0;0;0;0;0;0;0;0
FR;5;2021-08-02;0;0;0;0;0;0;0;0;0;0
FR;5;2021-08-03;0;0;0;0;0;0;0;0;0;0
FR;5;2021-08-04;0;0;0;0;0;0;0;0;0;0
FR;5;2021-08-05;0;0;0;0;0;0;0;0;0;0
FR;5;2021-08-06;0;0;0;0;0;0;0;0;0;0
FR;5;2021-08-07;0;0;0;0;0;0;0;0;0;0
FR;5;2021-08-08;0;0;0;0;0;0;0;0;0;0
FR;5;2021-08-09;0;0;0;0;0;0;0;0;0;0
FR;5;2021-08-10;0;0;0;0;0;0;0;0;0;0
FR;5;2021-08-11;0;0;0;0;0;0;0;0;0;0
FR;5;2021-08-12;0;0;0;0;0;0;0;0;0;0
FR;5;2021-08-13;0;0;0;0;0;0;0;0;0;0
FR;5;2021-08-14;0;0;0;0;0;0;0;0;0;0
FR;5;2021-08-15;0;0;0;0;0;0;0;0;0;0
FR;5;2021-08-16;0;0;0;0;0;0;0;0;0;0
FR;5;2021-08-17;0;0;0;0;0;0;0;0;0;0
FR;5;2021-08-18;0;0;0;0;0;0;0;0;0;0
FR;5;2021-08-19;0;0;0;0;0;0;0;0;0;0
FR;5;2021-08-20;0;0;0;0;0;0;0;0;0;0
FR;5;2021-08-21;0;0;0;0;0;0;0;0;0;0
FR;5;2021-08-22;0;0;0;0;0;0;0;0;0;0
FR;5;2021-08-23;0;0;0;0;0;0;0;0;0;0
FR;5;2021-08-24;0;0;0;0;0;0;0;0;0;0
FR;5;2021-08-25;0;0;0;0;0;0;0;0;0;0
FR;5;2021-08-26;0;0;0;0;0;0;0;0;0;0
FR;5;2021-08-27;0;0;0;0;0;0;0;0;0;0
FR;5;2021-08-28;0;0;0;0;0;0;0;0;0;0
FR;5;2021-08-29;0;0;0;0;0;0;0;0;0;0
FR;5;2021-08-30;0;0;0;0;0;0;0;0;0;0
FR;5;2021-08-31;0;0;0;0;0;0;0;0;0;0
FR;5;2021-09-01;0;0;0;0;0;0;0;0;0;0
FR;5;2021-09-02;0;0;0;0;0;0;0;0;0;0
FR;5;2021-09-03;0;0;0;0;0;0;0;0;0;0
FR;5;2021-09-04;0;0;0;0;0;0;0;0;0;0
FR;5;2021-09-05;0;0;0;0;0;0;0;0;0;0
FR;5;2021-09-06;0;0;0;0;0;0;0;0;0;0
FR;5;2021-09-07;0;0;0;0;0;0;0;0;0;0
FR;5;2021-09-08;0;0;0;0;0;0;0;0;0;0
FR;5;2021-09-09;0;0;0;0;0;0;0;0;0;0
FR;5;2021-09-10;0;0;0;0;0;0;0;0;0;0
FR;5;2021-09-11;0;0;0;0;0;0;0;0;0;0
FR;5;2021-09-12;0;0;0;0;0;0;0;0;0;0
FR;5;2021-09-13;0;0;0;0;0;0;0;0;0;0
FR;5;2021-09-14;0;0;0;0;0;0;0;0;0;0
FR;5;2021-09-15;0;0;0;0;0;0;0;0;0;0
FR;5;2021-09-16;0;0;0;0;0;0;0;0;0;0
FR;5;2021-09-17;0;0;0;0;0;0;0;0;0;0
FR;5;2021-09-18;0;0;0;0;0;0;0;0;0;0
FR;5;2021-09-19;0;0;0;0;0;0;0;0;0;0
FR;5;2021-09-20;0;0;0;0;0;0;0;0;0;0
FR;5;2021-09-21;0;0;0;0;0;0;0;0;0;0
FR;5;2021-09-22;0;0;0;0;0;0;0;0;0;0
FR;5;2021-09-23;0;0;0;0;0;0;0;0;0;0
FR;5;2021-09-24;0;0;0;0;0;0;0;0;0;0
FR;5;2021-09-25;0;0;0;0;0;0;0;0;0;0
FR;5;2021-09-26;0;0;0;0;0;0;0;0;0;0
FR;5;2021-09-27;0;0;0;0;0;0;0;0;0;0
FR;5;2021-09-28;0;0;0;0;0;0;0;0;0;0
FR;5;2021-09-29;0;0;0;0;0;0;0;0;0;0
FR;5;2021-09-30;0;0;0;0;0;0;0;0;0;0
FR;5;2021-10-01;0;0;0;0;0;0;0;0;0;0
FR;5;2021-10-02;0;0;0;0;0;0;0;0;0;0
FR;5;2021-10-03;0;0;0;0;0;0;0;0;0;0
FR;5;2021-10-04;0;0;0;0;0;0;0;0;0;0
FR;5;2021-10-05;0;0;0;0;0;0;0;0;0;0
FR;5;2021-10-06;0;0;0;0;0;0;0;0;0;0
FR;5;2021-10-07;0;0;0;0;0;0;0;0;0;0
FR;5;2021-10-08;0;0;0;0;0;0;0;0;0;0
FR;5;2021-10-09;0;0;0;0;0;0;0;0;0;0
FR;5;2021-10-10;0;0;0;0;0;0;0;0;0;0
FR;5;2021-10-11;0;0;0;0;0;0;0;0;0;0
FR;5;2021-10-12;0;0;0;0;0;0;0;0;0;0
FR;5;2021-10-13;0;0;0;0;0;0;0;0;0;0
FR;5;2021-10-14;0;0;0;0;0;0;0;0;0;0
FR;5;2021-10-15;0;0;0;0;0;0;0;0;0;0
FR;5;2021-10-16;0;0;0;0;0;0;0;0;0;0
FR;5;2021-10-17;0;0;0;0;0;0;0;0;0;0
FR;5;2021-10-18;0;0;0;0;0;0;0;0;0;0
FR;5;2021-10-19;0;0;0;0;0;0;0;0;0;0
FR;5;2021-10-20;0;0;0;0;0;0;0;0;0;0
FR;5;2021-10-21;0;0;0;0;0;0;0;0;0;0
FR;5;2021-10-22;0;0;0;0;0;0;0;0;0;0
FR;5;2021-10-23;0;0;0;0;0;0;0;0;0;0
FR;5;2021-10-24;0;0;0;0;0;0;0;0;0;0
FR;5;2021-10-25;0;0;0;0;0;0;0;0;0;0
FR;5;2021-10-26;0;0;0;0;0;0;0;0;0;0
FR;5;2021-10-27;0;0;0;0;0;0;0;0;0;0
FR;5;2021-10-28;0;0;0;0;0;0;0;0;0;0
FR;5;2021-10-29;0;0;0;0;0;0;0;0;0;0
FR;5;2021-10-30;0;0;0;0;0;0;0;0;0;0
FR;5;2021-10-31;0;0;0;0;0;0;0;0;0;0
FR;5;2021-11-01;0;0;0;0;0;0;0;0;0;0
FR;5;2021-11-02;0;0;0;0;0;0;0;0;0;0
FR;5;2021-11-03;0;0;0;0;0;0;0;0;0;0
FR;5;2021-11-04;0;0;0;0;0;0;0;0;0;0
FR;5;2021-11-05;0;0;0;0;0;0;0;0;0;0
FR;5;2021-11-06;0;0;0;0;0;0;0;0;0;0
FR;5;2021-11-07;0;0;0;0;0;0;0;0;0;0
FR;5;2021-11-08;0;0;0;0;0;0;0;0;0;0
FR;5;2021-11-09;0;0;0;0;0;0;0;0;0;0
FR;5;2021-11-10;0;0;0;0;0;0;0;0;0;0
FR;5;2021-11-11;0;0;0;0;0;0;0;0;0;0
FR;5;2021-11-12;0;0;0;0;0;0;0;0;0;0
FR;5;2021-11-13;0;0;0;0;0;0;0;0;0;0
FR;5;2021-11-14;0;0;0;0;0;0;0;0;0;0
FR;5;2021-11-15;0;0;0;0;0;0;0;0;0;0
FR;5;2021-11-16;0;0;0;0;0;0;0;0;0;0
FR;5;2021-11-17;0;0;0;0;0;0;0;0;0;0
FR;5;2021-11-18;0;0;0;0;0;0;0;0;0;0
FR;5;2021-11-19;0;0;0;0;0;0;0;0;0;0
FR;5;2021-11-20;0;0;0;0;0;0;0;0;0;0
FR;5;2021-11-21;0;0;0;0;0;0;0;0;0;0
FR;5;2021-11-22;0;0;0;0;0;0;0;0;0;0
FR;5;2021-11-23;0;0;0;0;0;0;0;0;0;0
FR;5;2021-11-24;0;0;0;0;0;0;0;0;0;0
FR;5;2021-11-25;0;0;0;0;0;0;0;0;0;0
FR;5;2021-11-26;0;0;0;0;0;0;0;0;0;0
FR;5;2021-11-27;0;0;0;0;0;0;0;0;0;0
FR;5;2021-11-28;0;0;0;0;0;0;0;0;0;0
FR;5;2021-11-29;0;0;0;0;0;0;0;0;0;0
FR;5;2021-11-30;0;0;0;0;0;0;0;0;0;0
FR;5;2021-12-01;0;0;0;0;0;0;0;0;0;0
FR;5;2021-12-02;0;0;0;0;0;0;0;0;0;0
FR;5;2021-12-03;0;0;0;0;0;0;0;0;0;0
FR;5;2021-12-04;0;0;0;0;0;0;0;0;0;0
FR;5;2021-12-05;0;0;0;0;0;0;0;0;0;0
FR;5;2021-12-06;0;0;0;0;0;0;0;0;0;0
FR;5;2021-12-07;0;0;0;0;0;0;0;0;0;0
FR;5;2021-12-08;0;0;0;0;0;0;0;0;0;0
FR;5;2021-12-09;0;0;0;0;0;0;0;0;0;0
FR;5;2021-12-10;0;0;0;0;0;0;0;0;0;0
FR;5;2021-12-11;0;0;0;0;0;0;0;0;0;0
FR;5;2021-12-12;0;0;0;0;0;0;0;0;0;0
FR;5;2021-12-13;0;0;0;0;0;0;0;0;0;0
FR;5;2021-12-14;29;45;77;0;88;29;45;77;0;88
FR;5;2021-12-15;196;44;37;0;49;225;89;114;0;137
FR;5;2021-12-16;180;21;44;0;48;405;110;158;0;185
FR;5;2021-12-17;310;16;72;0;74;715;126;230;0;259
FR;5;2021-12-18;764;24;22;0;29;1479;150;252;0;288
FR;5;2021-12-19;586;15;15;0;17;2065;165;267;0;305
FR;5;2021-12-20;1223;31;35;0;38;3288;196;302;0;343
FR;5;2021-12-21;1535;22;54;1;60;4823;218;356;1;403
FR;5;2021-12-22;4069;40;37;0;46;8892;258;393;1;449
FR;5;2021-12-23;3042;16;21;0;25;11934;274;414;1;474
FR;5;2021-12-24;759;18;9;0;15;12693;292;423;1;489
FR;5;2021-12-25;61;5;1;0;2;12754;297;424;1;491
FR;5;2021-12-26;623;6;3;0;4;13377;303;427;1;495
FR;5;2021-12-27;4080;25;21;0;23;17457;328;448;1;518
FR;5;2021-12-28;5202;23;41;1;43;22659;351;489;2;561
FR;5;2021-12-29;8104;34;65;2;68;30763;385;554;4;629
FR;5;2021-12-30;5172;18;33;0;39;35935;403;587;4;668
FR;5;2021-12-31;1553;8;10;0;11;37488;411;597;4;679
FR;5;2022-01-01;185;2;2;0;3;37673;413;599;4;682
FR;5;2022-01-02;1489;1;1;0;1;39162;414;600;4;683
FR;5;2022-01-03;3059;36;33;0;32;42221;450;633;4;715
FR;5;2022-01-04;3034;39;33;0;42;45255;489;666;4;757
FR;5;2022-01-05;19323;203;97;1;108;64578;692;763;5;865
FR;5;2022-01-06;3742;133;122;0;142;68320;825;885;5;1007
FR;5;2022-01-07;5007;200;48;2;56;73327;1025;933;7;1063
FR;5;2022-01-08;13654;514;45;0;52;86981;1539;978;7;1115
FR;5;2022-01-09;5755;399;15;0;20;92736;1938;993;7;1135
FR;5;2022-01-10;3453;326;25;0;29;96189;2264;1018;7;1164
FR;5;2022-01-11;3668;284;38;0;41;99857;2548;1056;7;1205
FR;5;2022-01-12;22652;3003;90;0;113;122509;5551;1146;7;1318
FR;5;2022-01-13;4035;622;30;0;32;126544;6173;1176;7;1350
FR;5;2022-01-14;4843;581;44;0;51;131387;6754;1220;7;1401
FR;5;2022-01-15;14681;1746;38;3;49;146068;8500;1258;10;1450
FR;5;2022-01-16;4727;666;3;0;5;150795;9166;1261;10;1455
FR;5;2022-01-17;2293;715;26;0;29;153088;9881;1287;10;1484
FR;5;2022-01-18;2430;870;30;0;40;155518;10751;1317;10;1524
FR;5;2022-01-19;18481;6422;74;2;142;173999;17173;1391;12;1666
FR;5;2022-01-20;1920;1067;25;0;34;175919;18240;1416;12;1700
FR;5;2022-01-21;3076;1371;47;1;59;178995;19611;1463;13;1759
FR;5;2022-01-22;10722;3454;33;1;43;189717;23065;1496;14;1802
FR;5;2022-01-23;2629;1415;5;0;9;192346;24480;1501;14;1811
FR;5;2022-01-24;1159;1340;19;0;23;193505;25820;1520;14;1834
FR;5;2022-01-25;1219;1548;19;2;29;194724;27368;1539;16;1863
FR;5;2022-01-26;10751;12024;50;1;89;205475;39392;1589;17;1952
FR;5;2022-01-27;1291;1693;10;0;17;206766;41085;1599;17;1969
FR;5;2022-01-28;1695;3347;16;0;19;208461;44432;1615;17;1988
FR;5;2022-01-29;6237;8040;68;0;96;214698;52472;1683;17;2084
FR;5;2022-01-30;1509;2950;5;0;18;216207;55422;1688;17;2102
FR;5;2022-01-31;588;1773;23;0;24;216795;57195;1711;17;2126
FR;5;2022-02-01;712;1703;10;0;15;217507;58898;1721;17;2141
FR;5;2022-02-02;6957;15654;52;0;94;224464;74552;1773;17;2235
FR;5;2022-02-03;489;1690;14;0;13;224953;76242;1787;17;2248
FR;5;2022-02-04;943;3001;19;0;31;225896;79243;1806;17;2279
FR;5;2022-02-05;3532;8916;23;0;37;229428;88159;1829;17;2316
FR;5;2022-02-06;737;2397;10;0;19;230165;90556;1839;17;2335
FR;5;2022-02-07;883;1595;22;0;24;231048;92151;1861;17;2359
FR;5;2022-02-08;722;1285;18;0;20;231770;93436;1879;17;2379
FR;5;2022-02-09;4535;12876;44;0;76;236305;106312;1923;17;2455
FR;5;2022-02-10;646;1058;14;0;15;236951;107370;1937;17;2470
FR;5;2022-02-11;793;2026;16;0;21;237744;109396;1953;17;2491
FR;5;2022-02-12;2285;6811;33;0;53;240029;116207;1986;17;2544
FR;5;2022-02-13;465;1540;8;0;8;240494;117747;1994;17;2552
FR;5;2022-02-14;678;1288;10;0;13;241172;119035;2004;17;2565
FR;5;2022-02-15;482;885;9;0;14;241654;119920;2013;17;2579
FR;5;2022-02-16;2980;9123;41;1;58;244634;129043;2054;18;2637
FR;5;2022-02-17;435;805;6;0;7;245069;129848;2060;18;2644
FR;5;2022-02-18;650;1407;13;0;17;245719;131255;2073;18;2661
FR;5;2022-02-19;1371;4315;16;0;28;247090;135570;2089;18;2689
FR;5;2022-02-20;247;879;6;0;8;247337;136449;2095;18;2697
FR;5;2022-02-21;221;607;2;0;4;247558;137056;2097;18;2701
FR;5;2022-02-22;259;545;17;0;17;247817;137601;2114;18;2718
FR;5;2022-02-23;1907;6924;22;1;42;249724;144525;2136;19;2760
FR;5;2022-02-24;182;374;5;1;6;249906;144899;2141;20;2766
FR;5;2022-02-25;336;949;13;0;12;250242;145848;2154;20;2778
FR;5;2022-02-26;972;3069;10;0;14;251214;148917;2164;20;2792
FR;5;2022-02-27;147;506;0;0;3;251361;149423;2164;20;2795
FR;5;2022-02-28;161;369;1;0;1;251522;149792;2165;20;2796
FR;5;2022-03-01;128;279;6;0;7;251650;150071;2171;20;2803
FR;5;2022-03-02;1240;4150;28;3;40;252890;154221;2199;23;2843
FR;5;2022-03-03;121;250;6;0;9;253011;154471;2205;23;2852
FR;5;2022-03-04;193;488;13;0;14;253204;154959;2218;23;2866
FR;5;2022-03-05;676;1990;8;0;16;253880;156949;2226;23;2882
FR;5;2022-03-06;108;260;0;0;0;253988;157209;2226;23;2882
FR;5;2022-03-07;71;228;5;0;3;254059;157437;2231;23;2885
FR;5;2022-03-08;46;130;7;1;7;254105;157567;2238;24;2892
FR;5;2022-03-09;909;3076;24;0;36;255014;160643;2262;24;2928
FR;5;2022-03-10;82;200;8;0;11;255096;160843;2270;24;2939
FR;5;2022-03-11;147;369;13;1;15;255243;161212;2283;25;2954
FR;5;2022-03-12;758;1613;13;1;30;256001;162825;2296;26;2984
FR;5;2022-03-13;76;100;0;0;0;256077;162925;2296;26;2984
FR;5;2022-03-14;67;118;7;1;7;256144;163043;2303;27;2991
FR;5;2022-03-15;83;99;3;0;6;256227;163142;2306;27;2997
FR;5;2022-03-16;884;1822;15;3;34;257111;164964;2321;30;3031
FR;5;2022-03-17;66;123;8;4;10;257177;165087;2329;34;3041
FR;5;2022-03-18;172;318;13;4;18;257349;165405;2342;38;3059
FR;5;2022-03-19;750;1162;12;5;33;258099;166567;2354;43;3092
FR;5;2022-03-20;45;93;1;0;1;258144;166660;2355;43;3093
FR;5;2022-03-21;71;120;10;6;15;258215;166780;2365;49;3108
FR;5;2022-03-22;56;119;8;8;9;258271;166899;2373;57;3117
FR;5;2022-03-23;803;1461;14;8;36;259074;168360;2387;65;3153
FR;5;2022-03-24;68;93;8;7;7;259142;168453;2395;72;3160
FR;5;2022-03-25;222;290;14;8;18;259364;168743;2409;80;3178
FR;5;2022-03-26;706;853;12;5;26;260070;169596;2421;85;3204
FR;5;2022-03-27;74;78;0;0;3;260144;169674;2421;85;3207
FR;5;2022-03-28;81;91;1;2;3;260225;169765;2422;87;3210
FR;5;2022-03-29;71;82;10;4;12;260296;169847;2432;91;3222
FR;5;2022-03-30;820;1115;16;13;29;261116;170962;2448;104;3251
FR;5;2022-03-31;102;124;1;4;6;261218;171086;2449;108;3257
FR;5;2022-04-01;107;86;7;12;11;261325;171172;2456;120;3268
FR;5;2022-04-02;329;348;3;3;14;261654;171520;2459;123;3282
FR;5;2022-04-03;54;59;1;0;1;261708;171579;2460;123;3283
FR;5;2022-04-04;36;57;4;1;8;261744;171636;2464;124;3291
FR;5;2022-04-05;51;60;6;7;9;261795;171696;2470;131;3300
FR;5;2022-04-06;421;439;7;15;16;262216;172135;2477;146;3316
FR;5;2022-04-07;45;68;5;7;7;262261;172203;2482;153;3323
FR;5;2022-04-08;130;110;12;14;15;262391;172313;2494;167;3338
FR;5;2022-04-09;309;321;2;5;16;262700;172634;2496;172;3354
FR;5;2022-04-10;43;31;2;0;2;262743;172665;2498;172;3356
FR;5;2022-04-11;50;60;3;2;4;262793;172725;2501;174;3360
FR;5;2022-04-12;57;54;3;3;5;262850;172779;2504;177;3365
FR;5;2022-04-13;382;413;3;8;16;263232;173192;2507;185;3381
FR;5;2022-04-14;47;48;5;5;9;263279;173240;2512;190;3390
FR;5;2022-04-15;91;109;3;5;5;263370;173349;2515;195;3395
FR;5;2022-04-16;188;184;2;1;13;263558;173533;2517;196;3408
FR;5;2022-04-17;12;10;1;0;1;263570;173543;2518;196;3409
FR;5;2022-04-18;8;9;2;0;2;263578;173552;2520;196;3411
FR;5;2022-04-19;73;70;6;1;6;263651;173622;2526;197;3417
FR;5;2022-04-20;360;349;9;6;12;264011;173971;2535;203;3429
FR;5;2022-04-21;42;64;9;10;12;264053;174035;2544;213;3441
FR;5;2022-04-22;113;96;5;4;5;264166;174131;2549;217;3446
FR;5;2022-04-23;209;192;3;2;10;264375;174323;2552;219;3456
FR;5;2022-04-24;37;35;0;0;3;264412;174358;2552;219;3459
FR;5;2022-04-25;67;65;1;1;4;264479;174423;2553;220;3463
FR;5;2022-04-26;60;61;2;1;5;264539;174484;2555;221;3468
FR;5;2022-04-27;335;316;2;7;14;264874;174800;2557;228;3482
FR;5;2022-04-28;75;54;4;5;8;264949;174854;2561;233;3490
FR;5;2022-04-29;117;79;5;18;12;265066;174933;2566;251;3502
FR;5;2022-04-30;182;115;1;3;10;265248;175048;2567;254;3512
FR;5;2022-05-01;10;7;0;0;0;265258;175055;2567;254;3512
FR;5;2022-05-02;46;27;4;5;2;265304;175082;2571;259;3514
FR;5;2022-05-03;83;55;2;5;11;265387;175137;2573;264;3525
FR;5;2022-05-04;276;204;1;2;7;265663;175341;2574;266;3532
FR;5;2022-05-05;62;32;2;4;4;265725;175373;2576;270;3536
FR;5;2022-05-06;103;64;2;3;5;265828;175437;2578;273;3541
FR;5;2022-05-07;170;115;3;10;13;265998;175552;2581;283;3554
FR;5;2022-05-08;7;8;0;0;2;266005;175560;2581;283;3556
FR;5;2022-05-09;44;32;15;3;16;266049;175592;2596;286;3572
FR;5;2022-05-10;54;49;3;4;5;266103;175641;2599;290;3577
FR;5;2022-05-11;324;236;12;7;21;266427;175877;2611;297;3598
FR;5;2022-05-12;46;34;1;3;2;266473;175911;2612;300;3600
FR;5;2022-05-13;108;83;2;8;8;266581;175994;2614;308;3608
FR;5;2022-05-14;203;129;0;1;8;266784;176123;2614;309;3616
FR;5;2022-05-15;22;7;2;0;1;266806;176130;2616;309;3617
FR;5;2022-05-16;49;31;2;5;4;266855;176161;2618;314;3621
FR;5;2022-05-17;72;40;5;0;2;266927;176201;2623;314;3623
FR;5;2022-05-18;288;213;4;4;8;267215;176414;2627;318;3631
FR;5;2022-05-19;44;35;4;3;2;267259;176449;2631;321;3633
FR;5;2022-05-20;73;62;2;4;1;267332;176511;2633;325;3634
FR;5;2022-05-21;241;164;2;3;17;267573;176675;2635;328;3651
FR;5;2022-05-22;20;14;2;5;2;267593;176689;2637;333;3653
FR;5;2022-05-23;42;23;4;3;6;267635;176712;2641;336;3659
FR;5;2022-05-24;44;43;3;2;4;267679;176755;2644;338;3663
FR;5;2022-05-25;322;251;4;0;15;268001;177006;2648;338;3678
FR;5;2022-05-26;14;5;0;1;2;268015;177011;2648;339;3680
FR;6;2020-12-27;0;0;0;0;0;0;0;0;0;0
FR;6;2020-12-28;0;0;0;0;0;0;0;0;0;0
FR;6;2020-12-29;0;0;0;0;0;0;0;0;0;0
FR;6;2020-12-30;0;0;0;0;0;0;0;0;0;0
FR;6;2020-12-31;0;0;0;0;0;0;0;0;0;0
FR;6;2021-01-01;0;0;0;0;0;0;0;0;0;0
FR;6;2021-01-02;0;0;0;0;0;0;0;0;0;0
FR;6;2021-01-03;0;0;0;0;0;0;0;0;0;0
FR;6;2021-01-04;0;0;0;0;0;0;0;0;0;0
FR;6;2021-01-05;0;0;0;0;0;0;0;0;0;0
FR;6;2021-01-06;0;0;0;0;0;0;0;0;0;0
FR;6;2021-01-07;0;0;0;0;0;0;0;0;0;0
FR;6;2021-01-08;0;0;0;0;0;0;0;0;0;0
FR;6;2021-01-09;0;0;0;0;0;0;0;0;0;0
FR;6;2021-01-10;0;0;0;0;0;0;0;0;0;0
FR;6;2021-01-11;0;0;0;0;0;0;0;0;0;0
FR;6;2021-01-12;0;0;0;0;0;0;0;0;0;0
FR;6;2021-01-13;0;0;0;0;0;0;0;0;0;0
FR;6;2021-01-14;0;0;0;0;0;0;0;0;0;0
FR;6;2021-01-15;0;0;0;0;0;0;0;0;0;0
FR;6;2021-01-16;0;0;0;0;0;0;0;0;0;0
FR;6;2021-01-17;0;0;0;0;0;0;0;0;0;0
FR;6;2021-01-18;0;0;0;0;0;0;0;0;0;0
FR;6;2021-01-19;0;0;0;0;0;0;0;0;0;0
FR;6;2021-01-20;0;0;0;0;0;0;0;0;0;0
FR;6;2021-01-21;0;0;0;0;0;0;0;0;0;0
FR;6;2021-01-22;0;0;0;0;0;0;0;0;0;0
FR;6;2021-01-23;0;0;0;0;0;0;0;0;0;0
FR;6;2021-01-24;0;0;0;0;0;0;0;0;0;0
FR;6;2021-01-25;0;0;0;0;0;0;0;0;0;0
FR;6;2021-01-26;0;0;0;0;0;0;0;0;0;0
FR;6;2021-01-27;0;0;0;0;0;0;0;0;0;0
FR;6;2021-01-28;0;0;0;0;0;0;0;0;0;0
FR;6;2021-01-29;0;0;0;0;0;0;0;0;0;0
FR;6;2021-01-30;0;0;0;0;0;0;0;0;0;0
FR;6;2021-01-31;0;0;0;0;0;0;0;0;0;0
FR;6;2021-02-01;0;0;0;0;0;0;0;0;0;0
FR;6;2021-02-02;0;0;0;0;0;0;0;0;0;0
FR;6;2021-02-03;0;0;0;0;0;0;0;0;0;0
FR;6;2021-02-04;0;0;0;0;0;0;0;0;0;0
FR;6;2021-02-05;0;0;0;0;0;0;0;0;0;0
FR;6;2021-02-06;0;0;0;0;0;0;0;0;0;0
FR;6;2021-02-07;0;0;0;0;0;0;0;0;0;0
FR;6;2021-02-08;0;0;0;0;0;0;0;0;0;0
FR;6;2021-02-09;0;0;0;0;0;0;0;0;0;0
FR;6;2021-02-10;0;0;0;0;0;0;0;0;0;0
FR;6;2021-02-11;0;0;0;0;0;0;0;0;0;0
FR;6;2021-02-12;0;0;0;0;0;0;0;0;0;0
FR;6;2021-02-13;0;0;0;0;0;0;0;0;0;0
FR;6;2021-02-14;0;0;0;0;0;0;0;0;0;0
FR;6;2021-02-15;0;0;0;0;0;0;0;0;0;0
FR;6;2021-02-16;0;0;0;0;0;0;0;0;0;0
FR;6;2021-02-17;0;0;0;0;0;0;0;0;0;0
FR;6;2021-02-18;0;0;0;0;0;0;0;0;0;0
FR;6;2021-02-19;0;0;0;0;0;0;0;0;0;0
FR;6;2021-02-20;0;0;0;0;0;0;0;0;0;0
FR;6;2021-02-21;0;0;0;0;0;0;0;0;0;0
FR;6;2021-02-22;0;0;0;0;0;0;0;0;0;0
FR;6;2021-02-23;0;0;0;0;0;0;0;0;0;0
FR;6;2021-02-24;0;0;0;0;0;0;0;0;0;0
FR;6;2021-02-25;0;0;0;0;0;0;0;0;0;0
FR;6;2021-02-26;0;0;0;0;0;0;0;0;0;0
FR;6;2021-02-27;0;0;0;0;0;0;0;0;0;0
FR;6;2021-02-28;0;0;0;0;0;0;0;0;0;0
FR;6;2021-03-01;0;0;0;0;0;0;0;0;0;0
FR;6;2021-03-02;0;0;0;0;0;0;0;0;0;0
FR;6;2021-03-03;0;0;0;0;0;0;0;0;0;0
FR;6;2021-03-04;0;0;0;0;0;0;0;0;0;0
FR;6;2021-03-05;0;0;0;0;0;0;0;0;0;0
FR;6;2021-03-06;0;0;0;0;0;0;0;0;0;0
FR;6;2021-03-07;0;0;0;0;0;0;0;0;0;0
FR;6;2021-03-08;0;0;0;0;0;0;0;0;0;0
FR;6;2021-03-09;0;0;0;0;0;0;0;0;0;0
FR;6;2021-03-10;0;0;0;0;0;0;0;0;0;0
FR;6;2021-03-11;0;0;0;0;0;0;0;0;0;0
FR;6;2021-03-12;0;0;0;0;0;0;0;0;0;0
FR;6;2021-03-13;0;0;0;0;0;0;0;0;0;0
FR;6;2021-03-14;0;0;0;0;0;0;0;0;0;0
FR;6;2021-03-15;0;0;0;0;0;0;0;0;0;0
FR;6;2021-03-16;0;0;0;0;0;0;0;0;0;0
FR;6;2021-03-17;0;0;0;0;0;0;0;0;0;0
FR;6;2021-03-18;0;0;0;0;0;0;0;0;0;0
FR;6;2021-03-19;0;0;0;0;0;0;0;0;0;0
FR;6;2021-03-20;0;0;0;0;0;0;0;0;0;0
FR;6;2021-03-21;0;0;0;0;0;0;0;0;0;0
FR;6;2021-03-22;0;0;0;0;0;0;0;0;0;0
FR;6;2021-03-23;0;0;0;0;0;0;0;0;0;0
FR;6;2021-03-24;0;0;0;0;0;0;0;0;0;0
FR;6;2021-03-25;0;0;0;0;0;0;0;0;0;0
FR;6;2021-03-26;0;0;0;0;0;0;0;0;0;0
FR;6;2021-03-27;0;0;0;0;0;0;0;0;0;0
FR;6;2021-03-28;0;0;0;0;0;0;0;0;0;0
FR;6;2021-03-29;0;0;0;0;0;0;0;0;0;0
FR;6;2021-03-30;0;0;0;0;0;0;0;0;0;0
FR;6;2021-03-31;0;0;0;0;0;0;0;0;0;0
FR;6;2021-04-01;0;0;0;0;0;0;0;0;0;0
FR;6;2021-04-02;0;0;0;0;0;0;0;0;0;0
FR;6;2021-04-03;0;0;0;0;0;0;0;0;0;0
FR;6;2021-04-04;0;0;0;0;0;0;0;0;0;0
FR;6;2021-04-05;0;0;0;0;0;0;0;0;0;0
FR;6;2021-04-06;0;0;0;0;0;0;0;0;0;0
FR;6;2021-04-07;0;0;0;0;0;0;0;0;0;0
FR;6;2021-04-08;0;0;0;0;0;0;0;0;0;0
FR;6;2021-04-09;0;0;0;0;0;0;0;0;0;0
FR;6;2021-04-10;0;0;0;0;0;0;0;0;0;0
FR;6;2021-04-11;0;0;0;0;0;0;0;0;0;0
FR;6;2021-04-12;0;0;0;0;0;0;0;0;0;0
FR;6;2021-04-13;0;0;0;0;0;0;0;0;0;0
FR;6;2021-04-14;0;0;0;0;0;0;0;0;0;0
FR;6;2021-04-15;0;0;0;0;0;0;0;0;0;0
FR;6;2021-04-16;0;0;0;0;0;0;0;0;0;0
FR;6;2021-04-17;0;0;0;0;0;0;0;0;0;0
FR;6;2021-04-18;0;0;0;0;0;0;0;0;0;0
FR;6;2021-04-19;0;0;0;0;0;0;0;0;0;0
FR;6;2021-04-20;0;0;0;0;0;0;0;0;0;0
FR;6;2021-04-21;0;0;0;0;0;0;0;0;0;0
FR;6;2021-04-22;0;0;0;0;0;0;0;0;0;0
FR;6;2021-04-23;0;0;0;0;0;0;0;0;0;0
FR;6;2021-04-24;0;0;0;0;0;0;0;0;0;0
FR;6;2021-04-25;0;0;0;0;0;0;0;0;0;0
FR;6;2021-04-26;0;0;0;0;0;0;0;0;0;0
FR;6;2021-04-27;0;0;0;0;0;0;0;0;0;0
FR;6;2021-04-28;0;0;0;0;0;0;0;0;0;0
FR;6;2021-04-29;0;0;0;0;0;0;0;0;0;0
FR;6;2021-04-30;0;0;0;0;0;0;0;0;0;0
FR;6;2021-05-01;0;0;0;0;0;0;0;0;0;0
FR;6;2021-05-02;0;0;0;0;0;0;0;0;0;0
FR;6;2021-05-03;0;0;0;0;0;0;0;0;0;0
FR;6;2021-05-04;0;0;0;0;0;0;0;0;0;0
FR;6;2021-05-05;0;0;0;0;0;0;0;0;0;0
FR;6;2021-05-06;0;0;0;0;0;0;0;0;0;0
FR;6;2021-05-07;0;0;0;0;0;0;0;0;0;0
FR;6;2021-05-08;0;0;0;0;0;0;0;0;0;0
FR;6;2021-05-09;0;0;0;0;0;0;0;0;0;0
FR;6;2021-05-10;0;0;0;0;0;0;0;0;0;0
FR;6;2021-05-11;0;0;0;0;0;0;0;0;0;0
FR;6;2021-05-12;0;0;0;0;0;0;0;0;0;0
FR;6;2021-05-13;0;0;0;0;0;0;0;0;0;0
FR;6;2021-05-14;0;0;0;0;0;0;0;0;0;0
FR;6;2021-05-15;0;0;0;0;0;0;0;0;0;0
FR;6;2021-05-16;0;0;0;0;0;0;0;0;0;0
FR;6;2021-05-17;0;0;0;0;0;0;0;0;0;0
FR;6;2021-05-18;0;0;0;0;0;0;0;0;0;0
FR;6;2021-05-19;0;0;0;0;0;0;0;0;0;0
FR;6;2021-05-20;0;0;0;0;0;0;0;0;0;0
FR;6;2021-05-21;0;0;0;0;0;0;0;0;0;0
FR;6;2021-05-22;0;0;0;0;0;0;0;0;0;0
FR;6;2021-05-23;0;0;0;0;0;0;0;0;0;0
FR;6;2021-05-24;0;0;0;0;0;0;0;0;0;0
FR;6;2021-05-25;0;0;0;0;0;0;0;0;0;0
FR;6;2021-05-26;0;0;0;0;0;0;0;0;0;0
FR;6;2021-05-27;0;0;0;0;0;0;0;0;0;0
FR;6;2021-05-28;0;0;0;0;0;0;0;0;0;0
FR;6;2021-05-29;0;0;0;0;0;0;0;0;0;0
FR;6;2021-05-30;0;0;0;0;0;0;0;0;0;0
FR;6;2021-05-31;0;0;0;0;0;0;0;0;0;0
FR;6;2021-06-01;0;0;0;0;0;0;0;0;0;0
FR;6;2021-06-02;0;0;0;0;0;0;0;0;0;0
FR;6;2021-06-03;0;0;0;0;0;0;0;0;0;0
FR;6;2021-06-04;0;0;0;0;0;0;0;0;0;0
FR;6;2021-06-05;0;0;0;0;0;0;0;0;0;0
FR;6;2021-06-06;0;0;0;0;0;0;0;0;0;0
FR;6;2021-06-07;0;0;0;0;0;0;0;0;0;0
FR;6;2021-06-08;0;0;0;0;0;0;0;0;0;0
FR;6;2021-06-09;0;0;0;0;0;0;0;0;0;0
FR;6;2021-06-10;0;0;0;0;0;0;0;0;0;0
FR;6;2021-06-11;0;0;0;0;0;0;0;0;0;0
FR;6;2021-06-12;0;0;0;0;0;0;0;0;0;0
FR;6;2021-06-13;0;0;0;0;0;0;0;0;0;0
FR;6;2021-06-14;0;0;0;0;0;0;0;0;0;0
FR;6;2021-06-15;0;0;0;0;0;0;0;0;0;0
FR;6;2021-06-16;0;0;0;0;0;0;0;0;0;0
FR;6;2021-06-17;0;0;0;0;0;0;0;0;0;0
FR;6;2021-06-18;0;0;0;0;0;0;0;0;0;0
FR;6;2021-06-19;0;0;0;0;0;0;0;0;0;0
FR;6;2021-06-20;0;0;0;0;0;0;0;0;0;0
FR;6;2021-06-21;0;0;0;0;0;0;0;0;0;0
FR;6;2021-06-22;0;0;0;0;0;0;0;0;0;0
FR;6;2021-06-23;0;0;0;0;0;0;0;0;0;0
FR;6;2021-06-24;0;0;0;0;0;0;0;0;0;0
FR;6;2021-06-25;0;0;0;0;0;0;0;0;0;0
FR;6;2021-06-26;0;0;0;0;0;0;0;0;0;0
FR;6;2021-06-27;0;0;0;0;0;0;0;0;0;0
FR;6;2021-06-28;0;0;0;0;0;0;0;0;0;0
FR;6;2021-06-29;0;0;0;0;0;0;0;0;0;0
FR;6;2021-06-30;0;0;0;0;0;0;0;0;0;0
FR;6;2021-07-01;0;0;0;0;0;0;0;0;0;0
FR;6;2021-07-02;0;0;0;0;0;0;0;0;0;0
FR;6;2021-07-03;0;0;0;0;0;0;0;0;0;0
FR;6;2021-07-04;0;0;0;0;0;0;0;0;0;0
FR;6;2021-07-05;0;0;0;0;0;0;0;0;0;0
FR;6;2021-07-06;0;0;0;0;0;0;0;0;0;0
FR;6;2021-07-07;0;0;0;0;0;0;0;0;0;0
FR;6;2021-07-08;0;0;0;0;0;0;0;0;0;0
FR;6;2021-07-09;0;0;0;0;0;0;0;0;0;0
FR;6;2021-07-10;0;0;0;0;0;0;0;0;0;0
FR;6;2021-07-11;0;0;0;0;0;0;0;0;0;0
FR;6;2021-07-12;0;0;0;0;0;0;0;0;0;0
FR;6;2021-07-13;0;0;0;0;0;0;0;0;0;0
FR;6;2021-07-14;0;0;0;0;0;0;0;0;0;0
FR;6;2021-07-15;0;0;0;0;0;0;0;0;0;0
FR;6;2021-07-16;0;0;0;0;0;0;0;0;0;0
FR;6;2021-07-17;0;0;0;0;0;0;0;0;0;0
FR;6;2021-07-18;0;0;0;0;0;0;0;0;0;0
FR;6;2021-07-19;0;0;0;0;0;0;0;0;0;0
FR;6;2021-07-20;0;0;0;0;0;0;0;0;0;0
FR;6;2021-07-21;0;0;0;0;0;0;0;0;0;0
FR;6;2021-07-22;0;0;0;0;0;0;0;0;0;0
FR;6;2021-07-23;0;0;0;0;0;0;0;0;0;0
FR;6;2021-07-24;0;0;0;0;0;0;0;0;0;0
FR;6;2021-07-25;0;0;0;0;0;0;0;0;0;0
FR;6;2021-07-26;0;0;0;0;0;0;0;0;0;0
FR;6;2021-07-27;0;0;0;0;0;0;0;0;0;0
FR;6;2021-07-28;0;0;0;0;0;0;0;0;0;0
FR;6;2021-07-29;0;0;0;0;0;0;0;0;0;0
FR;6;2021-07-30;0;0;0;0;0;0;0;0;0;0
FR;6;2021-07-31;0;0;0;0;0;0;0;0;0;0
FR;6;2021-08-01;0;0;0;0;0;0;0;0;0;0
FR;6;2021-08-02;0;0;0;0;0;0;0;0;0;0
FR;6;2021-08-03;0;0;0;0;0;0;0;0;0;0
FR;6;2021-08-04;0;0;0;0;0;0;0;0;0;0
FR;6;2021-08-05;0;0;0;0;0;0;0;0;0;0
FR;6;2021-08-06;0;0;0;0;0;0;0;0;0;0
FR;6;2021-08-07;0;0;0;0;0;0;0;0;0;0
FR;6;2021-08-08;0;0;0;0;0;0;0;0;0;0
FR;6;2021-08-09;0;0;0;0;0;0;0;0;0;0
FR;6;2021-08-10;0;0;0;0;0;0;0;0;0;0
FR;6;2021-08-11;0;0;0;0;0;0;0;0;0;0
FR;6;2021-08-12;0;0;0;0;0;0;0;0;0;0
FR;6;2021-08-13;0;0;0;0;0;0;0;0;0;0
FR;6;2021-08-14;0;0;0;0;0;0;0;0;0;0
FR;6;2021-08-15;0;0;0;0;0;0;0;0;0;0
FR;6;2021-08-16;0;0;0;0;0;0;0;0;0;0
FR;6;2021-08-17;0;0;0;0;0;0;0;0;0;0
FR;6;2021-08-18;0;0;0;0;0;0;0;0;0;0
FR;6;2021-08-19;0;0;0;0;0;0;0;0;0;0
FR;6;2021-08-20;0;0;0;0;0;0;0;0;0;0
FR;6;2021-08-21;0;0;0;0;0;0;0;0;0;0
FR;6;2021-08-22;0;0;0;0;0;0;0;0;0;0
FR;6;2021-08-23;0;0;0;0;0;0;0;0;0;0
FR;6;2021-08-24;0;0;0;0;0;0;0;0;0;0
FR;6;2021-08-25;0;0;0;0;0;0;0;0;0;0
FR;6;2021-08-26;0;0;0;0;0;0;0;0;0;0
FR;6;2021-08-27;0;0;0;0;0;0;0;0;0;0
FR;6;2021-08-28;0;0;0;0;0;0;0;0;0;0
FR;6;2021-08-29;0;0;0;0;0;0;0;0;0;0
FR;6;2021-08-30;0;0;0;0;0;0;0;0;0;0
FR;6;2021-08-31;0;0;0;0;0;0;0;0;0;0
FR;6;2021-09-01;0;0;0;0;0;0;0;0;0;0
FR;6;2021-09-02;0;0;0;0;0;0;0;0;0;0
FR;6;2021-09-03;0;0;0;0;0;0;0;0;0;0
FR;6;2021-09-04;0;0;0;0;0;0;0;0;0;0
FR;6;2021-09-05;0;0;0;0;0;0;0;0;0;0
FR;6;2021-09-06;0;0;0;0;0;0;0;0;0;0
FR;6;2021-09-07;0;0;0;0;0;0;0;0;0;0
FR;6;2021-09-08;0;0;0;0;0;0;0;0;0;0
FR;6;2021-09-09;0;0;0;0;0;0;0;0;0;0
FR;6;2021-09-10;0;0;0;0;0;0;0;0;0;0
FR;6;2021-09-11;0;0;0;0;0;0;0;0;0;0
FR;6;2021-09-12;0;0;0;0;0;0;0;0;0;0
FR;6;2021-09-13;0;0;0;0;0;0;0;0;0;0
FR;6;2021-09-14;0;0;0;0;0;0;0;0;0;0
FR;6;2021-09-15;0;0;0;0;0;0;0;0;0;0
FR;6;2021-09-16;0;0;0;0;0;0;0;0;0;0
FR;6;2021-09-17;0;0;0;0;0;0;0;0;0;0
FR;6;2021-09-18;0;0;0;0;0;0;0;0;0;0
FR;6;2021-09-19;0;0;0;0;0;0;0;0;0;0
FR;6;2021-09-20;0;0;0;0;0;0;0;0;0;0
FR;6;2021-09-21;0;0;0;0;0;0;0;0;0;0
FR;6;2021-09-22;0;0;0;0;0;0;0;0;0;0
FR;6;2021-09-23;0;0;0;0;0;0;0;0;0;0
FR;6;2021-09-24;0;0;0;0;0;0;0;0;0;0
FR;6;2021-09-25;0;0;0;0;0;0;0;0;0;0
FR;6;2021-09-26;0;0;0;0;0;0;0;0;0;0
FR;6;2021-09-27;0;0;0;0;0;0;0;0;0;0
FR;6;2021-09-28;0;0;0;0;0;0;0;0;0;0
FR;6;2021-09-29;0;0;0;0;0;0;0;0;0;0
FR;6;2021-09-30;0;0;0;0;0;0;0;0;0;0
FR;6;2021-10-01;0;0;0;0;0;0;0;0;0;0
FR;6;2021-10-02;0;0;0;0;0;0;0;0;0;0
FR;6;2021-10-03;0;0;0;0;0;0;0;0;0;0
FR;6;2021-10-04;0;0;0;0;0;0;0;0;0;0
FR;6;2021-10-05;0;0;0;0;0;0;0;0;0;0
FR;6;2021-10-06;0;0;0;0;0;0;0;0;0;0
FR;6;2021-10-07;0;0;0;0;0;0;0;0;0;0
FR;6;2021-10-08;0;0;0;0;0;0;0;0;0;0
FR;6;2021-10-09;0;0;0;0;0;0;0;0;0;0
FR;6;2021-10-10;0;0;0;0;0;0;0;0;0;0
FR;6;2021-10-11;0;0;0;0;0;0;0;0;0;0
FR;6;2021-10-12;0;0;0;0;0;0;0;0;0;0
FR;6;2021-10-13;0;0;0;0;0;0;0;0;0;0
FR;6;2021-10-14;0;0;0;0;0;0;0;0;0;0
FR;6;2021-10-15;0;0;0;0;0;0;0;0;0;0
FR;6;2021-10-16;0;0;0;0;0;0;0;0;0;0
FR;6;2021-10-17;0;0;0;0;0;0;0;0;0;0
FR;6;2021-10-18;0;0;0;0;0;0;0;0;0;0
FR;6;2021-10-19;0;0;0;0;0;0;0;0;0;0
FR;6;2021-10-20;0;0;0;0;0;0;0;0;0;0
FR;6;2021-10-21;0;0;0;0;0;0;0;0;0;0
FR;6;2021-10-22;0;0;0;0;0;0;0;0;0;0
FR;6;2021-10-23;0;0;0;0;0;0;0;0;0;0
FR;6;2021-10-24;0;0;0;0;0;0;0;0;0;0
FR;6;2021-10-25;0;0;0;0;0;0;0;0;0;0
FR;6;2021-10-26;0;0;0;0;0;0;0;0;0;0
FR;6;2021-10-27;0;0;0;0;0;0;0;0;0;0
FR;6;2021-10-28;0;0;0;0;0;0;0;0;0;0
FR;6;2021-10-29;0;0;0;0;0;0;0;0;0;0
FR;6;2021-10-30;0;0;0;0;0;0;0;0;0;0
FR;6;2021-10-31;0;0;0;0;0;0;0;0;0;0
FR;6;2021-11-01;0;0;0;0;0;0;0;0;0;0
FR;6;2021-11-02;0;0;0;0;0;0;0;0;0;0
FR;6;2021-11-03;0;0;0;0;0;0;0;0;0;0
FR;6;2021-11-04;0;0;0;0;0;0;0;0;0;0
FR;6;2021-11-05;0;0;0;0;0;0;0;0;0;0
FR;6;2021-11-06;0;0;0;0;0;0;0;0;0;0
FR;6;2021-11-07;0;0;0;0;0;0;0;0;0;0
FR;6;2021-11-08;0;0;0;0;0;0;0;0;0;0
FR;6;2021-11-09;0;0;0;0;0;0;0;0;0;0
FR;6;2021-11-10;0;0;0;0;0;0;0;0;0;0
FR;6;2021-11-11;0;0;0;0;0;0;0;0;0;0
FR;6;2021-11-12;0;0;0;0;0;0;0;0;0;0
FR;6;2021-11-13;0;0;0;0;0;0;0;0;0;0
FR;6;2021-11-14;0;0;0;0;0;0;0;0;0;0
FR;6;2021-11-15;0;0;0;0;0;0;0;0;0;0
FR;6;2021-11-16;0;0;0;0;0;0;0;0;0;0
FR;6;2021-11-17;0;0;0;0;0;0;0;0;0;0
FR;6;2021-11-18;0;0;0;0;0;0;0;0;0;0
FR;6;2021-11-19;0;0;0;0;0;0;0;0;0;0
FR;6;2021-11-20;0;0;0;0;0;0;0;0;0;0
FR;6;2021-11-21;0;0;0;0;0;0;0;0;0;0
FR;6;2021-11-22;0;0;0;0;0;0;0;0;0;0
FR;6;2021-11-23;0;0;0;0;0;0;0;0;0;0
FR;6;2021-11-24;0;0;0;0;0;0;0;0;0;0
FR;6;2021-11-25;0;0;0;0;0;0;0;0;0;0
FR;6;2021-11-26;0;0;0;0;0;0;0;0;0;0
FR;6;2021-11-27;0;0;0;0;0;0;0;0;0;0
FR;6;2021-11-28;0;0;0;0;0;0;0;0;0;0
FR;6;2021-11-29;0;0;0;0;0;0;0;0;0;0
FR;6;2021-11-30;0;0;0;0;0;0;0;0;0;0
FR;6;2021-12-01;0;0;0;0;0;0;0;0;0;0
FR;6;2021-12-02;0;0;0;0;0;0;0;0;0;0
FR;6;2021-12-03;0;0;0;0;0;0;0;0;0;0
FR;6;2021-12-04;0;0;0;0;0;0;0;0;0;0
FR;6;2021-12-05;0;0;0;0;0;0;0;0;0;0
FR;6;2021-12-06;0;0;0;0;0;0;0;0;0;0
FR;6;2021-12-07;0;0;0;0;0;0;0;0;0;0
FR;6;2021-12-08;0;0;0;0;0;0;0;0;0;0
FR;6;2021-12-09;0;0;0;0;0;0;0;0;0;0
FR;6;2021-12-10;0;0;0;0;0;0;0;0;0;0
FR;6;2021-12-11;0;0;0;0;0;0;0;0;0;0
FR;6;2021-12-12;0;0;0;0;0;0;0;0;0;0
FR;6;2021-12-13;0;0;0;0;0;0;0;0;0;0
FR;6;2021-12-14;0;0;0;0;0;0;0;0;0;0
FR;6;2021-12-15;0;0;0;0;0;0;0;0;0;0
FR;6;2021-12-16;0;0;0;0;0;0;0;0;0;0
FR;6;2021-12-17;0;0;0;0;0;0;0;0;0;0
FR;6;2021-12-18;0;0;0;0;0;0;0;0;0;0
FR;6;2021-12-19;0;0;0;0;0;0;0;0;0;0
FR;6;2021-12-20;0;0;0;0;0;0;0;0;0;0
FR;6;2021-12-21;0;0;0;0;0;0;0;0;0;0
FR;6;2021-12-22;0;0;0;0;0;0;0;0;0;0
FR;6;2021-12-23;0;0;0;0;0;0;0;0;0;0
FR;6;2021-12-24;0;0;0;0;0;0;0;0;0;0
FR;6;2021-12-25;0;0;0;0;0;0;0;0;0;0
FR;6;2021-12-26;0;0;0;0;0;0;0;0;0;0
FR;6;2021-12-27;0;0;0;0;0;0;0;0;0;0
FR;6;2021-12-28;0;0;0;0;0;0;0;0;0;0
FR;6;2021-12-29;0;0;0;0;0;0;0;0;0;0
FR;6;2021-12-30;0;0;0;0;0;0;0;0;0;0
FR;6;2021-12-31;0;0;0;0;0;0;0;0;0;0
FR;6;2022-01-01;0;0;0;0;0;0;0;0;0;0
FR;6;2022-01-02;0;0;0;0;0;0;0;0;0;0
FR;6;2022-01-03;0;0;0;0;0;0;0;0;0;0
FR;6;2022-01-04;0;0;0;0;0;0;0;0;0;0
FR;6;2022-01-05;0;0;0;0;0;0;0;0;0;0
FR;6;2022-01-06;0;0;0;0;0;0;0;0;0;0
FR;6;2022-01-07;0;0;0;0;0;0;0;0;0;0
FR;6;2022-01-08;0;0;0;0;0;0;0;0;0;0
FR;6;2022-01-09;0;0;0;0;0;0;0;0;0;0
FR;6;2022-01-10;0;0;0;0;0;0;0;0;0;0
FR;6;2022-01-11;0;0;0;0;0;0;0;0;0;0
FR;6;2022-01-12;0;0;0;0;0;0;0;0;0;0
FR;6;2022-01-13;0;0;0;0;0;0;0;0;0;0
FR;6;2022-01-14;0;0;0;0;0;0;0;0;0;0
FR;6;2022-01-15;0;0;0;0;0;0;0;0;0;0
FR;6;2022-01-16;0;0;0;0;0;0;0;0;0;0
FR;6;2022-01-17;0;0;0;0;0;0;0;0;0;0
FR;6;2022-01-18;0;0;0;0;0;0;0;0;0;0
FR;6;2022-01-19;0;0;0;0;0;0;0;0;0;0
FR;6;2022-01-20;0;0;0;0;0;0;0;0;0;0
FR;6;2022-01-21;0;0;0;0;0;0;0;0;0;0
FR;6;2022-01-22;0;0;0;0;0;0;0;0;0;0
FR;6;2022-01-23;0;0;0;0;0;0;0;0;0;0
FR;6;2022-01-24;0;0;0;0;0;0;0;0;0;0
FR;6;2022-01-25;0;0;0;0;0;0;0;0;0;0
FR;6;2022-01-26;0;0;0;0;0;0;0;0;0;0
FR;6;2022-01-27;0;0;0;0;0;0;0;0;0;0
FR;6;2022-01-28;0;0;0;0;0;0;0;0;0;0
FR;6;2022-01-29;0;0;0;0;0;0;0;0;0;0
FR;6;2022-01-30;0;0;0;0;0;0;0;0;0;0
FR;6;2022-01-31;0;0;0;0;0;0;0;0;0;0
FR;6;2022-02-01;0;0;0;0;0;0;0;0;0;0
FR;6;2022-02-02;0;0;0;0;0;0;0;0;0;0
FR;6;2022-02-03;0;0;0;0;0;0;0;0;0;0
FR;6;2022-02-04;0;0;0;0;0;0;0;0;0;0
FR;6;2022-02-05;0;0;0;0;0;0;0;0;0;0
FR;6;2022-02-06;0;0;0;0;0;0;0;0;0;0
FR;6;2022-02-07;0;0;0;0;0;0;0;0;0;0
FR;6;2022-02-08;0;0;0;0;0;0;0;0;0;0
FR;6;2022-02-09;0;0;0;0;0;0;0;0;0;0
FR;6;2022-02-10;0;0;0;0;0;0;0;0;0;0
FR;6;2022-02-11;0;0;0;0;0;0;0;0;0;0
FR;6;2022-02-12;0;0;0;0;0;0;0;0;0;0
FR;6;2022-02-13;0;0;0;0;0;0;0;0;0;0
FR;6;2022-02-14;0;0;0;0;0;0;0;0;0;0
FR;6;2022-02-15;0;0;0;0;0;0;0;0;0;0
FR;6;2022-02-16;0;0;0;0;0;0;0;0;0;0
FR;6;2022-02-17;0;0;0;0;0;0;0;0;0;0
FR;6;2022-02-18;0;0;0;0;0;0;0;0;0;0
FR;6;2022-02-19;0;0;0;0;0;0;0;0;0;0
FR;6;2022-02-20;0;0;0;0;0;0;0;0;0;0
FR;6;2022-02-21;0;0;0;0;0;0;0;0;0;0
FR;6;2022-02-22;0;0;0;0;0;0;0;0;0;0
FR;6;2022-02-23;0;0;0;0;0;0;0;0;0;0
FR;6;2022-02-24;0;0;0;0;0;0;0;0;0;0
FR;6;2022-02-25;0;0;0;0;0;0;0;0;0;0
FR;6;2022-02-26;1;0;0;0;0;1;0;0;0;0
FR;6;2022-02-27;0;0;0;0;0;1;0;0;0;0
FR;6;2022-02-28;0;0;0;0;0;1;0;0;0;0
FR;6;2022-03-01;3;0;0;0;0;4;0;0;0;0
FR;6;2022-03-02;97;9;2;0;7;101;9;2;0;7
FR;6;2022-03-03;0;0;0;0;0;101;9;2;0;7
FR;6;2022-03-04;91;4;0;0;4;192;13;2;0;11
FR;6;2022-03-05;391;23;2;0;14;583;36;4;0;25
FR;6;2022-03-06;7;1;0;0;0;590;37;4;0;25
FR;6;2022-03-07;337;19;0;0;13;927;56;4;0;38
FR;6;2022-03-08;230;14;0;0;5;1157;70;4;0;43
FR;6;2022-03-09;519;29;2;0;21;1676;99;6;0;64
FR;6;2022-03-10;207;18;0;1;12;1883;117;6;1;76
FR;6;2022-03-11;328;21;6;0;21;2211;138;12;1;97
FR;6;2022-03-12;518;25;1;0;20;2729;163;13;1;117
FR;6;2022-03-13;40;2;0;0;1;2769;165;13;1;118
FR;6;2022-03-14;201;4;2;0;3;2970;169;15;1;121
FR;6;2022-03-15;112;11;2;0;9;3082;180;17;1;130
FR;6;2022-03-16;310;17;1;1;14;3392;197;18;2;144
FR;6;2022-03-17;117;6;1;2;4;3509;203;19;4;148
FR;6;2022-03-18;214;11;0;0;6;3723;214;19;4;154
FR;6;2022-03-19;307;19;2;0;9;4030;233;21;4;163
FR;6;2022-03-20;15;5;0;0;1;4045;238;21;4;164
FR;6;2022-03-21;132;23;1;0;4;4177;261;22;4;168
FR;6;2022-03-22;97;15;0;0;4;4274;276;22;4;172
FR;6;2022-03-23;226;108;3;0;14;4500;384;25;4;186
FR;6;2022-03-24;100;15;1;3;4;4600;399;26;7;190
FR;6;2022-03-25;203;141;2;1;15;4803;540;28;8;205
FR;6;2022-03-26;332;295;7;1;19;5135;835;35;9;224
FR;6;2022-03-27;32;30;1;0;1;5167;865;36;9;225
FR;6;2022-03-28;200;208;8;1;17;5367;1073;44;10;242
FR;6;2022-03-29;126;189;12;2;12;5493;1262;56;12;254
FR;6;2022-03-30;305;476;10;2;22;5798;1738;66;14;276
FR;6;2022-03-31;124;140;9;0;13;5922;1878;75;14;289
FR;6;2022-04-01;195;150;11;2;23;6117;2028;86;16;312
FR;6;2022-04-02;205;241;9;1;13;6322;2269;95;17;325
FR;6;2022-04-03;17;21;0;0;1;6339;2290;95;17;326
FR;6;2022-04-04;132;114;6;1;9;6471;2404;101;18;335
FR;6;2022-04-05;145;88;15;1;11;6616;2492;116;19;346
FR;6;2022-04-06;203;245;22;26;27;6819;2737;138;45;373
FR;6;2022-04-07;127;96;15;5;17;6946;2833;153;50;390
FR;6;2022-04-08;199;170;16;3;17;7145;3003;169;53;407
FR;6;2022-04-09;145;139;6;12;13;7290;3142;175;65;420
FR;6;2022-04-10;10;20;3;0;1;7300;3162;178;65;421
FR;6;2022-04-11;101;106;4;0;5;7401;3268;182;65;426
FR;6;2022-04-12;135;75;5;8;10;7536;3343;187;73;436
FR;6;2022-04-13;160;175;7;5;13;7696;3518;194;78;449
FR;6;2022-04-14;100;103;5;10;8;7796;3621;199;88;457
FR;6;2022-04-15;160;148;11;7;19;7956;3769;210;95;476
FR;6;2022-04-16;127;132;5;0;14;8083;3901;215;95;490
FR;6;2022-04-17;8;9;4;0;4;8091;3910;219;95;494
FR;6;2022-04-18;8;15;3;0;4;8099;3925;222;95;498
FR;6;2022-04-19;97;112;4;3;3;8196;4037;226;98;501
FR;6;2022-04-20;173;227;8;7;15;8369;4264;234;105;516
FR;6;2022-04-21;111;93;8;4;11;8480;4357;242;109;527
FR;6;2022-04-22;136;160;13;12;13;8616;4517;255;121;540
FR;6;2022-04-23;104;129;1;1;7;8720;4646;256;122;547
FR;6;2022-04-24;5;21;1;0;0;8725;4667;257;122;547
FR;6;2022-04-25;90;128;3;8;11;8815;4795;260;130;558
FR;6;2022-04-26;101;128;18;2;16;8916;4923;278;132;574
FR;6;2022-04-27;197;159;21;1;27;9113;5082;299;133;601
FR;6;2022-04-28;109;87;7;1;8;9222;5169;306;134;609
FR;6;2022-04-29;189;168;16;2;20;9411;5337;322;136;629
FR;6;2022-04-30;131;125;7;1;24;9542;5462;329;137;653
FR;6;2022-05-01;7;6;0;0;0;9549;5468;329;137;653
FR;6;2022-05-02;94;65;3;4;3;9643;5533;332;141;656
FR;6;2022-05-03;136;92;11;2;7;9779;5625;343;143;663
FR;6;2022-05-04;165;118;25;12;29;9944;5743;368;155;692
FR;6;2022-05-05;101;70;8;3;12;10045;5813;376;158;704
FR;6;2022-05-06;150;110;10;9;16;10195;5923;386;167;720
FR;6;2022-05-07;138;93;13;3;23;10333;6016;399;170;743
FR;6;2022-05-08;20;8;6;5;7;10353;6024;405;175;750
FR;6;2022-05-09;83;73;9;7;13;10436;6097;414;182;763
FR;6;2022-05-10;111;80;15;7;12;10547;6177;429;189;775
FR;6;2022-05-11;130;120;11;14;20;10677;6297;440;203;795
FR;6;2022-05-12;105;75;6;5;13;10782;6372;446;208;808
FR;6;2022-05-13;154;95;17;21;20;10936;6467;463;229;828
FR;6;2022-05-14;81;59;6;7;15;11017;6526;469;236;843
FR;6;2022-05-15;12;7;0;0;0;11029;6533;469;236;843
FR;6;2022-05-16;64;53;6;2;11;11093;6586;475;238;854
FR;6;2022-05-17;123;76;5;7;11;11216;6662;480;245;865
FR;6;2022-05-18;130;116;5;1;13;11346;6778;485;246;878
FR;6;2022-05-19;123;57;6;8;9;11469;6835;491;254;887
FR;6;2022-05-20;125;113;13;3;18;11594;6948;504;257;905
FR;6;2022-05-21;90;67;14;3;12;11684;7015;518;260;917
FR;6;2022-05-22;19;12;5;0;4;11703;7027;523;260;921
FR;6;2022-05-23;72;70;2;1;5;11775;7097;525;261;926
FR;6;2022-05-24;115;98;7;2;16;11890;7195;532;263;942
FR;6;2022-05-25;139;126;6;3;12;12029;7321;538;266;954
FR;6;2022-05-26;6;4;0;0;2;12035;7325;538;266;956
FR;0;2020-12-27;602;0;0;0;0;602;0;0;0;0
FR;0;2020-12-28;666;1;0;0;0;1268;1;0;0;0
FR;0;2020-12-29;373;0;0;0;0;1641;1;0;0;0
FR;0;2020-12-30;439;0;0;0;0;2080;1;0;0;0
FR;0;2020-12-31;422;0;0;0;0;2502;1;0;0;0
FR;0;2021-01-01;1135;2;0;0;0;3637;3;0;0;0
FR;0;2021-01-02;356;3;0;0;0;3993;6;0;0;0
FR;0;2021-01-03;401;0;0;0;0;4394;6;0;0;0
FR;0;2021-01-04;2088;2;0;0;0;6482;8;0;0;0
FR;0;2021-01-05;7581;3;0;0;0;14063;11;0;0;0
FR;0;2021-01-06;12416;11;0;0;0;26479;22;0;0;0
FR;0;2021-01-07;29446;9;0;0;0;55925;31;0;0;0
FR;0;2021-01-08;37120;9;0;0;0;93045;40;0;0;0
FR;0;2021-01-09;11209;4;0;0;0;104254;44;0;0;0
FR;0;2021-01-10;5996;3;0;0;0;110250;47;0;0;0
FR;0;2021-01-11;39924;17;0;0;0;150174;64;0;0;0
FR;0;2021-01-12;62121;15;0;0;0;212295;79;0;0;0
FR;0;2021-01-13;65097;28;0;0;0;277392;107;0;0;0
FR;0;2021-01-14;83122;76;0;0;0;360514;183;0;0;0
FR;0;2021-01-15;68988;32;0;0;0;429502;215;0;0;0
FR;0;2021-01-16;20208;70;0;0;0;449710;285;0;0;0
FR;0;2021-01-17;10976;46;0;0;0;460686;331;0;0;0
FR;0;2021-01-18;85880;164;0;0;0;546566;495;0;0;0
FR;0;2021-01-19;130572;172;0;0;0;677138;667;0;0;0
FR;0;2021-01-20;137525;172;0;0;0;814663;839;0;0;0
FR;0;2021-01-21;158375;168;0;0;0;973038;1007;0;0;0
FR;0;2021-01-22;121039;202;0;0;0;1094077;1209;0;0;0
FR;0;2021-01-23;38465;63;0;0;0;1132542;1272;0;0;0
FR;0;2021-01-24;9740;69;0;0;0;1142282;1341;0;0;0
FR;0;2021-01-25;78221;1264;0;0;0;1220503;2605;0;0;0
FR;0;2021-01-26;100361;3286;1;0;0;1320864;5891;1;0;0
FR;0;2021-01-27;107223;5904;0;0;0;1428087;11795;1;0;0
FR;0;2021-01-28;124328;14981;0;0;0;1552415;26776;1;0;0
FR;0;2021-01-29;92170;17728;0;0;0;1644585;44504;1;0;0
FR;0;2021-01-30;29113;4256;0;0;0;1673698;48760;1;0;0
FR;0;2021-01-31;5225;1736;0;0;0;1678923;50496;1;0;0
FR;0;2021-02-01;53103;21520;0;0;0;1732026;72016;1;0;0
FR;0;2021-02-02;72275;35681;0;0;0;1804301;107697;1;0;0
FR;0;2021-02-03;72289;38011;0;0;0;1876590;145708;1;0;0
FR;0;2021-02-04;82049;51495;0;0;0;1958639;197203;1;0;0
FR;0;2021-02-05;68215;46147;0;0;0;2026854;243350;1;0;0
FR;0;2021-02-06;23109;10761;0;0;0;2049963;254111;1;0;0
FR;0;2021-02-07;5182;5276;0;0;0;2055145;259387;1;0;0
FR;0;2021-02-08;46815;46893;0;0;0;2101960;306280;1;0;0
FR;0;2021-02-09;65990;74404;0;0;0;2167950;380684;1;0;0
FR;0;2021-02-10;70985;79292;0;0;0;2238935;459976;1;0;0
FR;0;2021-02-11;87238;101112;0;0;0;2326173;561088;1;0;0
FR;0;2021-02-12;79289;74907;0;0;0;2405462;635995;1;0;0
FR;0;2021-02-13;22353;19470;0;0;0;2427815;655465;1;0;0
FR;0;2021-02-14;5071;7197;0;0;0;2432886;662662;1;0;0
FR;0;2021-02-15;38068;76610;0;0;0;2470954;739272;1;0;0
FR;0;2021-02-16;50362;100564;0;0;0;2521316;839836;1;0;0
FR;0;2021-02-17;50500;104600;1;0;0;2571816;944436;2;0;0
FR;0;2021-02-18;69756;120402;0;0;0;2641572;1064838;2;0;0
FR;0;2021-02-19;65048;91031;1;0;0;2706620;1155869;3;0;0
FR;0;2021-02-20;18574;28581;0;0;0;2725194;1184450;3;0;0
FR;0;2021-02-21;3314;6308;0;0;0;2728508;1190758;3;0;0
FR;0;2021-02-22;37476;73165;2;0;0;2765984;1263923;5;0;0
FR;0;2021-02-23;53760;84472;1;0;0;2819744;1348395;6;0;0
FR;0;2021-02-24;59981;81752;1;0;0;2879725;1430147;7;0;0
FR;0;2021-02-25;100542;91446;1;0;0;2980267;1521593;8;0;0
FR;0;2021-02-26;113432;70719;1;0;0;3093699;1592312;9;0;0
FR;0;2021-02-27;52091;22140;0;0;0;3145790;1614452;9;0;0
FR;0;2021-02-28;6191;4283;1;0;0;3151981;1618735;10;0;0
FR;0;2021-03-01;65832;53293;1;0;0;3217813;1672028;11;0;0
FR;0;2021-03-02;101345;66574;2;0;0;3319158;1738602;13;0;0
FR;0;2021-03-03;116465;65512;0;0;0;3435623;1804114;13;0;0
FR;0;2021-03-04;163584;70234;3;0;0;3599207;1874348;16;0;0
FR;0;2021-03-05;200883;63120;3;0;0;3800090;1937468;19;0;0
FR;0;2021-03-06;207925;17725;3;0;0;4008015;1955193;22;0;0
FR;0;2021-03-07;121250;4986;1;0;0;4129265;1960179;23;0;0
FR;0;2021-03-08;107111;50364;2;0;0;4236376;2010543;25;0;0
FR;0;2021-03-09;172410;56516;2;0;0;4408786;2067059;27;0;0
FR;0;2021-03-10;178937;57131;5;0;0;4587723;2124190;32;0;0
FR;0;2021-03-11;242825;63447;2;0;0;4830548;2187637;34;0;0
FR;0;2021-03-12;294775;53371;1;0;0;5125323;2241008;35;0;0
FR;0;2021-03-13;231370;15335;1;0;0;5356693;2256343;36;0;0
FR;0;2021-03-14;63336;3288;1;0;0;5420029;2259631;37;0;0
FR;0;2021-03-15;158601;32153;3;0;0;5578630;2291784;40;0;0
FR;0;2021-03-16;141539;39126;6;0;0;5720169;2330910;46;0;0
FR;0;2021-03-17;150447;38187;4;0;0;5870616;2369097;50;0;0
FR;0;2021-03-18;167782;44532;5;0;0;6038398;2413629;55;0;0
FR;0;2021-03-19;229962;37166;2;0;0;6268360;2450795;57;0;0
FR;0;2021-03-20;166641;11579;1;0;0;6435001;2462374;58;0;0
FR;0;2021-03-21;49920;2508;1;0;0;6484921;2464882;59;0;0
FR;0;2021-03-22;169994;33978;2;0;0;6654915;2498860;61;0;0
FR;0;2021-03-23;250329;42364;1;0;0;6905244;2541224;62;0;0
FR;0;2021-03-24;256848;43715;0;0;0;7162092;2584939;62;0;0
FR;0;2021-03-25;341747;44868;5;0;0;7503839;2629807;67;0;0
FR;0;2021-03-26;358747;41894;4;1;0;7862586;2671701;71;1;0
FR;0;2021-03-27;195240;16714;1;0;0;8057826;2688415;72;1;0
FR;0;2021-03-28;59321;4010;3;0;0;8117147;2692425;75;1;0
FR;0;2021-03-29;202929;54016;4;0;0;8320076;2746441;79;1;0
FR;0;2021-03-30;285405;69641;4;0;0;8605481;2816082;83;1;0
FR;0;2021-03-31;262961;73243;4;0;0;8868442;2889325;87;1;0
FR;0;2021-04-01;315382;89242;12;0;0;9183824;2978567;99;1;0
FR;0;2021-04-02;281279;92763;7;0;0;9465103;3071330;106;1;0
FR;0;2021-04-03;141049;61932;5;0;0;9606152;3133262;111;1;0
FR;0;2021-04-04;46456;18736;2;0;0;9652608;3151998;113;1;0
FR;0;2021-04-05;63306;10804;11;0;0;9715914;3162802;124;1;0
FR;0;2021-04-06;217144;109258;17;0;0;9933058;3272060;141;1;0
FR;0;2021-04-07;260188;115420;17;0;0;10193246;3387480;158;1;0
FR;0;2021-04-08;337734;121708;14;0;0;10530980;3509188;172;1;0
FR;0;2021-04-09;410082;116314;49;0;0;10941062;3625502;221;1;0
FR;0;2021-04-10;212582;82620;15;0;0;11153644;3708122;236;1;0
FR;0;2021-04-11;56123;34434;7;0;0;11209767;3742556;243;1;0
FR;0;2021-04-12;236999;115231;45;0;0;11446766;3857787;288;1;0
FR;0;2021-04-13;309416;144508;98;1;0;11756182;4002295;386;2;0
FR;0;2021-04-14;294432;139305;213;0;0;12050614;4141600;599;2;0
FR;0;2021-04-15;337008;148397;338;0;0;12387622;4289997;937;2;0
FR;0;2021-04-16;339225;145884;352;0;0;12726847;4435881;1289;2;0
FR;0;2021-04-17;188622;90030;109;0;0;12915469;4525911;1398;2;0
FR;0;2021-04-18;51603;35356;47;0;0;12967072;4561267;1445;2;0
FR;0;2021-04-19;205640;138220;454;0;0;13172712;4699487;1899;2;0
FR;0;2021-04-20;254345;170828;568;0;0;13427057;4870315;2467;2;0
FR;0;2021-04-21;253179;169071;834;0;0;13680236;5039386;3301;2;0
FR;0;2021-04-22;287490;188702;818;0;0;13967726;5228088;4119;2;0
FR;0;2021-04-23;297928;183407;747;0;0;14265654;5411495;4866;2;0
FR;0;2021-04-24;190409;111548;251;0;0;14456063;5523043;5117;2;0
FR;0;2021-04-25;69539;38774;51;0;0;14525602;5561817;5168;2;0
FR;0;2021-04-26;220890;156242;560;0;0;14746492;5718059;5728;2;0
FR;0;2021-04-27;284545;187331;940;0;0;15031037;5905390;6668;2;0
FR;0;2021-04-28;299441;183214;1422;1;1;15330478;6088604;8090;3;1
FR;0;2021-04-29;357055;196485;1276;0;0;15687533;6285089;9366;3;1
FR;0;2021-04-30;372133;184795;1119;1;0;16059666;6469884;10485;4;1
FR;0;2021-05-01;167598;52488;178;0;0;16227264;6522372;10663;4;1
FR;0;2021-05-02;91707;37748;83;0;0;16318971;6560120;10746;4;1
FR;0;2021-05-03;288853;168415;839;0;0;16607824;6728535;11585;4;1
FR;0;2021-05-04;315594;224324;1230;0;0;16923418;6952859;12815;4;1
FR;0;2021-05-05;327098;224744;1312;0;0;17250516;7177603;14127;4;1
FR;0;2021-05-06;379421;239371;1629;0;0;17629937;7416974;15756;4;1
FR;0;2021-05-07;372678;257306;1222;0;0;18002615;7674280;16978;4;1
FR;0;2021-05-08;222134;67385;298;0;0;18224749;7741665;17276;4;1
FR;0;2021-05-09;129684;46381;243;0;0;18354433;7788046;17519;4;1
FR;0;2021-05-10;313296;228711;1232;0;0;18667729;8016757;18751;4;1
FR;0;2021-05-11;403815;257815;1563;0;0;19071544;8274572;20314;4;1
FR;0;2021-05-12;434027;233057;1542;0;0;19505571;8507629;21856;4;1
FR;0;2021-05-13;338548;56927;430;0;0;19844119;8564556;22286;4;1
FR;0;2021-05-14;454052;167246;1122;0;0;20298171;8731802;23408;4;1
FR;0;2021-05-15;374922;94033;442;0;0;20673093;8825835;23850;4;1
FR;0;2021-05-16;202722;20778;168;0;0;20875815;8846613;24018;4;1
FR;0;2021-05-17;376064;148808;1550;0;0;21251879;8995421;25568;4;1
FR;0;2021-05-18;460057;153094;1986;0;0;21711936;9148515;27554;4;1
FR;0;2021-05-19;467319;144729;2455;0;0;22179255;9293244;30009;4;1
FR;0;2021-05-20;507458;160174;2331;0;0;22686713;9453418;32340;4;1
FR;0;2021-05-21;489596;174383;1988;0;0;23176309;9627801;34328;4;1
FR;0;2021-05-22;347140;79849;668;0;0;23523449;9707650;34996;4;1
FR;0;2021-05-23;161658;14392;246;0;0;23685107;9722042;35242;4;1
FR;0;2021-05-24;263144;33172;599;0;0;23948251;9755214;35841;4;1
FR;0;2021-05-25;400192;189091;2349;1;0;24348443;9944305;38190;5;1
FR;0;2021-05-26;413387;188426;2217;0;0;24761830;10132731;40407;5;1
FR;0;2021-05-27;449696;218549;2158;0;0;25211526;10351280;42565;5;1
FR;0;2021-05-28;429448;259414;1891;0;0;25640974;10610694;44456;5;1
FR;0;2021-05-29;298944;149349;583;0;0;25939918;10760043;45039;5;1
FR;0;2021-05-30;107097;32576;163;0;0;26047015;10792619;45202;5;1
FR;0;2021-05-31;357923;203363;1465;1;1;26404938;10995982;46667;6;2
FR;0;2021-06-01;430841;251225;1959;1;1;26835779;11247207;48626;7;3
FR;0;2021-06-02;419412;230807;1978;0;0;27255191;11478014;50604;7;3
FR;0;2021-06-03;464619;258396;1819;0;0;27719810;11736410;52423;7;3
FR;0;2021-06-04;455688;304682;1729;1;1;28175498;12041092;54152;8;4
FR;0;2021-06-05;304747;188945;651;0;0;28480245;12230037;54803;8;4
FR;0;2021-06-06;133238;49132;226;0;0;28613483;12279169;55029;8;4
FR;0;2021-06-07;339029;261924;1519;0;0;28952512;12541093;56548;8;4
FR;0;2021-06-08;393565;290940;1797;0;0;29346077;12832033;58345;8;4
FR;0;2021-06-09;384669;275437;1727;0;0;29730746;13107470;60072;8;4
FR;0;2021-06-10;403960;288907;1720;1;0;30134706;13396377;61792;9;4
FR;0;2021-06-11;386464;357214;1460;0;0;30521170;13753591;63252;9;4
FR;0;2021-06-12;283203;211278;490;0;0;30804373;13964869;63742;9;4
FR;0;2021-06-13;104828;73993;204;0;0;30909201;14038862;63946;9;4
FR;0;2021-06-14;240650;355540;1425;1;0;31149851;14394402;65371;10;4
FR;0;2021-06-15;307984;385581;1565;1;0;31457835;14779983;66936;11;4
FR;0;2021-06-16;313836;357750;1415;1;0;31771671;15137733;68351;12;4
FR;0;2021-06-17;317557;372436;1422;1;0;32089228;15510169;69773;13;4
FR;0;2021-06-18;321554;442435;1332;1;0;32410782;15952604;71105;14;4
FR;0;2021-06-19;224304;273786;448;0;0;32635086;16226390;71553;14;4
FR;0;2021-06-20;74367;102593;127;0;0;32709453;16328983;71680;14;4
FR;0;2021-06-21;195569;401909;1032;1;1;32905022;16730892;72712;15;5
FR;0;2021-06-22;223003;467357;1260;10;2;33128025;17198249;73972;25;7
FR;0;2021-06-23;233866;439880;1196;1;1;33361891;17638129;75168;26;8
FR;0;2021-06-24;241729;409576;1348;0;0;33603620;18047705;76516;26;8
FR;0;2021-06-25;227466;522256;1398;0;0;33831086;18569961;77914;26;8
FR;0;2021-06-26;153192;370706;585;1;0;33984278;18940667;78499;27;8
FR;0;2021-06-27;55862;156220;168;1;0;34040140;19096887;78667;28;8
FR;0;2021-06-28;154615;452891;1167;0;0;34194755;19549778;79834;28;8
FR;0;2021-06-29;182543;506793;2124;0;0;34377298;20056571;81958;28;8
FR;0;2021-06-30;203837;482531;2009;21;2;34581135;20539102;83967;49;10
FR;0;2021-07-01;231104;457797;2221;5;1;34812239;20996899;86188;54;11
FR;0;2021-07-02;228328;520219;2119;5;3;35040567;21517118;88307;59;14
FR;0;2021-07-03;141932;368738;909;3;1;35182499;21885856;89216;62;15
FR;0;2021-07-04;56693;141253;265;0;0;35239192;22027109;89481;62;15
FR;0;2021-07-05;168224;419306;1668;8;2;35407416;22446415;91149;70;17
FR;0;2021-07-06;196556;474798;1828;45;8;35603972;22921213;92977;115;25
FR;0;2021-07-07;212946;439305;1876;24;5;35816918;23360518;94853;139;30
FR;0;2021-07-08;231439;424177;2088;20;7;36048357;23784695;96941;159;37
FR;0;2021-07-09;228344;510741;2182;4;2;36276701;24295436;99123;163;39
FR;0;2021-07-10;148531;339883;982;1;1;36425232;24635319;100105;164;40
FR;0;2021-07-11;60142;110146;282;0;0;36485374;24745465;100387;164;40
FR;0;2021-07-12;168956;478206;1756;4;0;36654330;25223671;102143;168;40
FR;0;2021-07-13;287068;527473;2045;8;2;36941398;25751144;104188;176;42
FR;0;2021-07-14;180893;157735;434;0;0;37122291;25908879;104622;176;42
FR;0;2021-07-15;346872;502491;2097;1;0;37469163;26411370;106719;177;42
FR;0;2021-07-16;379903;495969;2021;3;1;37849066;26907339;108740;180;43
FR;0;2021-07-17;259652;319814;876;1;0;38108718;27227153;109616;181;43
FR;0;2021-07-18;109666;114795;310;0;0;38218384;27341948;109926;181;43
FR;0;2021-07-19;285313;425049;1627;3;0;38503697;27766997;111553;184;43
FR;0;2021-07-20;376724;452452;1722;0;0;38880421;28219449;113275;184;43
FR;0;2021-07-21;395630;407919;1549;4;2;39276051;28627368;114824;188;45
FR;0;2021-07-22;440877;388120;1714;4;2;39716928;29015488;116538;192;47
FR;0;2021-07-23;439885;423186;1880;4;2;40156813;29438674;118418;196;49
FR;0;2021-07-24;285179;269613;803;1;0;40441992;29708287;119221;197;49
FR;0;2021-07-25;121053;80056;226;0;0;40563045;29788343;119447;197;49
FR;0;2021-07-26;347271;323226;1615;3;2;40910316;30111569;121062;200;51
FR;0;2021-07-27;463886;320286;1696;4;2;41374202;30431855;122758;204;53
FR;0;2021-07-28;459301;290026;1634;4;2;41833503;30721881;124392;208;55
FR;0;2021-07-29;489678;276923;1794;2;1;42323181;30998804;126186;210;56
FR;0;2021-07-30;461634;302881;1935;5;2;42784815;31301685;128121;215;58
FR;0;2021-07-31;285339;185072;914;1;0;43070154;31486757;129035;216;58
FR;0;2021-08-01;111936;50001;253;0;0;43182090;31536758;129288;216;58
FR;0;2021-08-02;341211;234599;1598;2;0;43523301;31771357;130886;218;58
FR;0;2021-08-03;398413;245109;1716;2;1;43921714;32016466;132602;220;59
FR;0;2021-08-04;384632;210120;1590;6;3;44306346;32226586;134192;226;62
FR;0;2021-08-05;365975;228910;1709;0;0;44672321;32455496;135901;226;62
FR;0;2021-08-06;359560;271725;1833;4;1;45031881;32727221;137734;230;63
FR;0;2021-08-07;213035;178379;755;4;3;45244916;32905600;138489;234;66
FR;0;2021-08-08;74133;63242;270;0;0;45319049;32968842;138759;234;66
FR;0;2021-08-09;258577;259529;1540;4;3;45577626;33228371;140299;238;69
FR;0;2021-08-10;306603;278038;1655;2;1;45884229;33506409;141954;240;70
FR;0;2021-08-11;279527;260294;1440;5;1;46163756;33766703;143394;245;71
FR;0;2021-08-12;271375;278615;1659;3;1;46435131;34045318;145053;248;72
FR;0;2021-08-13;252035;277906;1590;3;2;46687166;34323224;146643;251;74
FR;0;2021-08-14;145278;197341;739;0;0;46832444;34520565;147382;251;74
FR;0;2021-08-15;39305;50111;215;1;0;46871749;34570676;147597;252;74
FR;0;2021-08-16;186041;318148;1539;0;0;47057790;34888824;149136;252;74
FR;0;2021-08-17;215559;336582;1634;7;1;47273349;35225406;150770;259;75
FR;0;2021-08-18;198925;324762;1594;7;4;47472274;35550168;152364;266;79
FR;0;2021-08-19;191890;325744;1634;1;0;47664164;35875912;153998;267;79
FR;0;2021-08-20;186350;366330;1810;3;2;47850514;36242242;155808;270;81
FR;0;2021-08-21;104753;238171;704;0;0;47955267;36480413;156512;270;81
FR;0;2021-08-22;31888;87203;253;1;1;47987155;36567616;156765;271;82
FR;0;2021-08-23;140888;357272;1559;3;2;48128043;36924888;158324;274;84
FR;0;2021-08-24;162402;376901;1846;5;1;48290445;37301789;160170;279;85
FR;0;2021-08-25;151059;350878;2028;8;3;48441504;37652667;162198;287;88
FR;0;2021-08-26;142738;342877;2554;10;1;48584242;37995544;164752;297;89
FR;0;2021-08-27;148362;388159;2789;11;3;48732604;38383703;167541;308;92
FR;0;2021-08-28;90605;249571;1405;0;0;48823209;38633274;168946;308;92
FR;0;2021-08-29;27306;83332;516;1;0;48850515;38716606;169462;309;92
FR;0;2021-08-30;117322;324891;4706;6;6026;48967837;39041497;174168;315;6118
FR;0;2021-08-31;128715;334679;10177;19;11882;49096552;39376176;184345;334;18000
FR;0;2021-09-01;135763;285698;22416;7;24306;49232315;39661874;206761;341;42306
FR;0;2021-09-02;112607;247282;26510;13;28868;49344922;39909156;233271;354;71174
FR;0;2021-09-03;118194;292712;29951;23;32957;49463116;40201868;263222;377;104131
FR;0;2021-09-04;89796;217731;12583;12;14071;49552912;40419599;275805;389;118202
FR;0;2021-09-05;21338;44870;4391;2;4731;49574250;40464469;280196;391;122933
FR;0;2021-09-06;75324;180822;31945;16;34243;49649574;40645291;312141;407;157176
FR;0;2021-09-07;80098;181257;33235;40;36102;49729672;40826548;345376;447;193278
FR;0;2021-09-08;89794;206211;29653;27;32452;49819466;41032759;375029;474;225730
FR;0;2021-09-09;76670;165421;33042;26;36527;49896136;41198180;408071;500;262257
FR;0;2021-09-10;95596;203696;35717;26;40519;49991732;41401876;443788;526;302776
FR;0;2021-09-11;66762;169223;12134;19;14311;50058494;41571099;455922;545;317087
FR;0;2021-09-12;12793;32077;2766;1;3159;50071287;41603176;458688;546;320246
FR;0;2021-09-13;64371;126391;41205;32;44048;50135658;41729567;499893;578;364294
FR;0;2021-09-14;73320;129127;56346;78;62031;50208978;41858694;556239;656;426325
FR;0;2021-09-15;76408;167865;55626;58;54773;50285386;42026559;611865;714;481098
FR;0;2021-09-16;63757;114544;60027;85;60015;50349143;42141103;671892;799;541113
FR;0;2021-09-17;74965;156849;53828;70;57234;50424108;42297952;725720;869;598347
FR;0;2021-09-18;48188;139593;15596;25;17283;50472296;42437545;741316;894;615630
FR;0;2021-09-19;7866;23718;2434;1;2619;50480162;42461263;743750;895;618249
FR;0;2021-09-20;44444;93929;50025;73;50252;50524606;42555192;793775;968;668501
FR;0;2021-09-21;45807;98439;62728;76;63368;50570413;42653631;856503;1044;731869
FR;0;2021-09-22;48586;142303;55331;83;55349;50618999;42795934;911834;1127;787218
FR;0;2021-09-23;43162;91995;62351;94;63472;50662161;42887929;974185;1221;850690
FR;0;2021-09-24;52205;133256;54528;109;59087;50714366;43021185;1028713;1330;909777
FR;0;2021-09-25;35192;115515;16263;37;18254;50749558;43136700;1044976;1367;928031
FR;0;2021-09-26;5523;17816;2265;5;2329;50755081;43154516;1047241;1372;930360
FR;0;2021-09-27;33920;76983;47173;97;48126;50789001;43231499;1094414;1469;978486
FR;0;2021-09-28;36445;75263;54930;88;56462;50825446;43306762;1149344;1557;1034948
FR;0;2021-09-29;44315;100845;53321;112;54809;50869761;43407607;1202665;1669;1089757
FR;0;2021-09-30;36270;72797;57001;95;59474;50906031;43480404;1259666;1764;1149231
FR;0;2021-10-01;61521;100860;57776;108;63683;50967552;43581264;1317442;1872;1212914
FR;0;2021-10-02;39414;78331;20950;38;23317;51006966;43659595;1338392;1910;1236231
FR;0;2021-10-03;5261;10534;2524;4;2540;51012227;43670129;1340916;1914;1238771
FR;0;2021-10-04;34959;58531;52609;84;54778;51047186;43728660;1393525;1998;1293549
FR;0;2021-10-05;33564;64339;60961;135;64915;51080750;43792999;1454486;2133;1358464
FR;0;2021-10-06;42430;79252;65688;113;68224;51123180;43872251;1520174;2246;1426688
FR;0;2021-10-07;30397;62150;65376;90;68662;51153577;43934401;1585550;2336;1495350
FR;0;2021-10-08;48746;91811;77717;110;84617;51202323;44026212;1663267;2446;1579967
FR;0;2021-10-09;33622;60870;31522;36;33854;51235945;44087082;1694789;2482;1613821
FR;0;2021-10-10;4612;7437;3186;9;3483;51240557;44094519;1697975;2491;1617304
FR;0;2021-10-11;30559;49898;61018;105;64020;51271116;44144417;1758993;2596;1681324
FR;0;2021-10-12;31359;54459;70563;139;75828;51302475;44198876;1829556;2735;1757152
FR;0;2021-10-13;39986;62785;74395;135;79246;51342461;44261661;1903951;2870;1836398
FR;0;2021-10-14;30231;52882;68721;116;73756;51372692;44314543;1972672;2986;1910154
FR;0;2021-10-15;44737;75255;93212;191;102892;51417429;44389798;2065884;3177;2013046
FR;0;2021-10-16;31269;44078;36681;44;39607;51448698;44433876;2102565;3221;2052653
FR;0;2021-10-17;3827;5275;3591;2;3691;51452525;44439151;2106156;3223;2056344
FR;0;2021-10-18;28321;42470;67468;133;71331;51480846;44481621;2173624;3356;2127675
FR;0;2021-10-19;27053;44554;76378;141;81603;51507899;44526175;2250002;3497;2209278
FR;0;2021-10-20;35202;52445;96905;180;101461;51543101;44578620;2346907;3677;2310739
FR;0;2021-10-21;25941;45211;83915;112;89106;51569042;44623831;2430822;3789;2399845
FR;0;2021-10-22;38207;62353;104864;199;112479;51607249;44686184;2535686;3988;2512324
FR;0;2021-10-23;26969;41221;45434;57;48595;51634218;44727405;2581120;4045;2560919
FR;0;2021-10-24;2912;4803;3679;6;3937;51637130;44732208;2584799;4051;2564856
FR;0;2021-10-25;25971;36346;82302;144;86597;51663101;44768554;2667101;4195;2651453
FR;0;2021-10-26;23683;35089;87205;166;92312;51686784;44803643;2754306;4361;2743765
FR;0;2021-10-27;30006;46414;108961;257;114611;51716790;44850057;2863267;4618;2858376
FR;0;2021-10-28;23384;34894;88657;153;94386;51740174;44884951;2951924;4771;2952762
FR;0;2021-10-29;31505;51372;117280;204;125247;51771679;44936323;3069204;4975;3078009
FR;0;2021-10-30;20524;33107;50323;77;53354;51792203;44969430;3119527;5052;3131363
FR;0;2021-10-31;2479;3762;3584;3;3868;51794682;44973192;3123111;5055;3135231
FR;0;2021-11-01;8199;4803;3202;3;3555;51802881;44977995;3126313;5058;3138786
FR;0;2021-11-02;25290;40090;93531;157;99467;51828171;45018085;3219844;5215;3238253
FR;0;2021-11-03;29760;47914;118841;218;125790;51857931;45065999;3338685;5433;3364043
FR;0;2021-11-04;23665;37490;107497;217;114319;51881596;45103489;3446182;5650;3478362
FR;0;2021-11-05;32269;52909;141588;233;151254;51913865;45156398;3587770;5883;3629616
FR;0;2021-11-06;21479;34561;64843;123;68227;51935344;45190959;3652613;6006;3697843
FR;0;2021-11-07;2378;4240;5175;6;5586;51937722;45195199;3657788;6012;3703429
FR;0;2021-11-08;20410;37817;127108;227;134148;51958132;45233016;3784896;6239;3837577
FR;0;2021-11-09;22134;44819;161611;341;172105;51980266;45277835;3946507;6580;4009682
FR;0;2021-11-10;31376;55082;186926;446;198675;52011642;45332917;4133433;7026;4208357
FR;0;2021-11-11;4309;6739;12926;28;13925;52015951;45339656;4146359;7054;4222282
FR;0;2021-11-12;28990;55161;183707;251;197254;52044941;45394817;4330066;7305;4419536
FR;0;2021-11-13;20298;32720;80675;118;86288;52065239;45427537;4410741;7423;4505824
FR;0;2021-11-14;2333;3944;7163;6;7875;52067572;45431481;4417904;7429;4513699
FR;0;2021-11-15;20299;38787;160780;312;171445;52087871;45470268;4578684;7741;4685144
FR;0;2021-11-16;23353;44037;200307;391;214865;52111224;45514305;4778991;8132;4900009
FR;0;2021-11-17;30351;50488;199773;407;212785;52141575;45564793;4978764;8539;5112794
FR;0;2021-11-18;23349;45004;191573;468;205397;52164924;45609797;5170337;9007;5318191
FR;0;2021-11-19;33556;61423;243119;548;262063;52198480;45671220;5413456;9555;5580254
FR;0;2021-11-20;25323;36778;102116;206;109663;52223803;45707998;5515572;9761;5689917
FR;0;2021-11-21;2623;4566;9641;18;10644;52226426;45712564;5525213;9779;5700561
FR;0;2021-11-22;22740;33359;180277;470;194750;52249166;45745923;5705490;10249;5895311
FR;0;2021-11-23;25563;45742;229293;547;247719;52274729;45791665;5934783;10796;6143030
FR;0;2021-11-24;31764;53807;224732;717;243121;52306493;45845472;6159515;11513;6386151
FR;0;2021-11-25;25385;49135;255816;740;277561;52331878;45894607;6415331;12253;6663712
FR;0;2021-11-26;33202;74738;379369;863;414500;52365080;45969345;6794700;13116;7078212
FR;0;2021-11-27;23308;49688;214838;389;236558;52388388;46019033;7009538;13505;7314770
FR;0;2021-11-28;3479;10592;56725;66;63330;52391867;46029625;7066263;13571;7378100
FR;0;2021-11-29;19385;54263;341368;863;371543;52411252;46083888;7407631;14434;7749643
FR;0;2021-11-30;24730;72178;457284;985;500634;52435982;46156066;7864915;15419;8250277
FR;0;2021-12-01;26900;75991;468972;1159;511180;52462882;46232057;8333887;16578;8761457
FR;0;2021-12-02;21978;71799;526975;1279;574690;52484860;46303856;8860862;17857;9336147
FR;0;2021-12-03;25477;92526;596235;1419;650968;52510337;46396382;9457097;19276;9987115
FR;0;2021-12-04;18288;60545;336156;690;369689;52528625;46456927;9793253;19966;10356804
FR;0;2021-12-05;4142;16271;95753;157;107051;52532767;46473198;9889006;20123;10463855
FR;0;2021-12-06;22985;73226;493015;1174;539812;52555752;46546424;10382021;21297;11003667
FR;0;2021-12-07;23314;91790;645234;1769;706143;52579066;46638214;11027255;23066;11709810
FR;0;2021-12-08;25343;92464;591422;1873;647339;52604409;46730678;11618677;24939;12357149
FR;0;2021-12-09;23995;94365;662922;2179;726173;52628404;46825043;12281599;27118;13083322
FR;0;2021-12-10;27707;111124;735914;2076;805966;52656111;46936167;13017513;29194;13889288
FR;0;2021-12-11;20223;76056;435113;986;480318;52676334;47012223;13452626;30180;14369606
FR;0;2021-12-12;5624;23286;142266;262;159229;52681958;47035509;13594892;30442;14528835
FR;0;2021-12-13;21063;91321;587506;1698;649182;52703021;47126830;14182398;32140;15178017
FR;0;2021-12-14;27579;118684;765360;2649;847356;52730600;47245514;14947758;34789;16025373
FR;0;2021-12-15;28211;114575;694166;2262;768912;52758811;47360089;15641924;37051;16794285
FR;0;2021-12-16;27937;116094;763856;2555;844260;52786748;47476183;16405780;39606;17638545
FR;0;2021-12-17;31546;128821;807715;2708;891979;52818294;47605004;17213495;42314;18530524
FR;0;2021-12-18;24913;81749;469900;1178;522144;52843207;47686753;17683395;43492;19052668
FR;0;2021-12-19;8741;28852;169350;377;191144;52851948;47715605;17852745;43869;19243812
FR;0;2021-12-20;31589;97575;591319;1787;658605;52883537;47813180;18444064;45656;19902417
FR;0;2021-12-21;39216;112420;682287;2391;759460;52922753;47925600;19126351;48047;20661877
FR;0;2021-12-22;39467;99677;575638;2167;642027;52962220;48025277;19701989;50214;21303904
FR;0;2021-12-23;33742;79774;440885;1654;494320;52995962;48105051;20142874;51868;21798224
FR;0;2021-12-24;10664;26064;110976;396;126641;53006626;48131115;20253850;52264;21924865
FR;0;2021-12-25;768;3498;7571;25;9028;53007394;48134613;20261421;52289;21933893
FR;0;2021-12-26;4696;11917;52074;141;60132;53012090;48146530;20313495;52430;21994025
FR;0;2021-12-27;30382;84116;453435;1366;509084;53042472;48230646;20766930;53796;22503109
FR;0;2021-12-28;38312;99082;564064;1767;632159;53080784;48329728;21330994;55563;23135268
FR;0;2021-12-29;39843;88477;501105;1686;560918;53120627;48418205;21832099;57249;23696186
FR;0;2021-12-30;35887;75125;420953;1520;471094;53156514;48493330;22253052;58769;24167280
FR;0;2021-12-31;12035;25200;116835;406;131615;53168549;48518530;22369887;59175;24298895
FR;0;2022-01-01;1350;3202;8499;36;9929;53169899;48521732;22378386;59211;24308824
FR;0;2022-01-02;6075;13009;58391;125;66934;53175974;48534741;22436777;59336;24375758
FR;0;2022-01-03;32702;89921;494678;1593;551484;53208676;48624662;22931455;60929;24927242
FR;0;2022-01-04;40920;110899;641264;2302;714212;53249596;48735561;23572719;63231;25641454
FR;0;2022-01-05;60358;103380;569037;1984;634055;53309954;48838941;24141756;65215;26275509
FR;0;2022-01-06;43953;110172;638875;2694;711314;53353907;48949113;24780631;67909;26986823
FR;0;2022-01-07;50565;123095;710904;2806;790329;53404472;49072208;25491535;70715;27777152
FR;0;2022-01-08;44949;80332;423772;1210;472842;53449421;49152540;25915307;71925;28249994
FR;0;2022-01-09;15596;26710;128546;300;145698;53465017;49179250;26043853;72225;28395692
FR;0;2022-01-10;35035;88556;469191;1810;522191;53500052;49267806;26513044;74035;28917883
FR;0;2022-01-11;41649;100213;548128;2307;608385;53541701;49368019;27061172;76342;29526268
FR;0;2022-01-12;60166;95547;452552;1965;504227;53601867;49463566;27513724;78307;30030495
FR;0;2022-01-13;37916;92359;487235;2084;540947;53639783;49555925;28000959;80391;30571442
FR;0;2022-01-14;42388;103282;568482;2286;628955;53682171;49659207;28569441;82677;31200397
FR;0;2022-01-15;39305;65842;340083;985;377541;53721476;49725049;28909524;83662;31577938
FR;0;2022-01-16;11382;19309;87381;215;99448;53732858;49744358;28996905;83877;31677386
FR;0;2022-01-17;24600;60096;320204;1380;354121;53757458;49804454;29317109;85257;32031507
FR;0;2022-01-18;28103;68547;360996;1799;397505;53785561;49873001;29678105;87056;32429012
FR;0;2022-01-19;43050;67074;281206;1448;311050;53828611;49940075;29959311;88504;32740062
FR;0;2022-01-20;23417;59461;298895;1740;328412;53852028;49999536;30258206;90244;33068474
FR;0;2022-01-21;27988;68768;366275;2085;401118;53880016;50068304;30624481;92329;33469592
FR;0;2022-01-22;27607;47890;218756;838;241739;53907623;50116194;30843237;93167;33711331
FR;0;2022-01-23;6702;13042;48646;171;55180;53914325;50129236;30891883;93338;33766511
FR;0;2022-01-24;16195;47188;217240;1136;239309;53930520;50176424;31109123;94474;34005820
FR;0;2022-01-25;18906;54205;242976;1548;267034;53949426;50230629;31352099;96022;34272854
FR;0;2022-01-26;28111;60176;209209;1296;229341;53977537;50290805;31561308;97318;34502195
FR;0;2022-01-27;16275;45962;207570;1270;225817;53993812;50336767;31768878;98588;34728012
FR;0;2022-01-28;21498;75735;289978;1573;321447;54015310;50412502;32058856;100161;35049459
FR;0;2022-01-29;18401;52840;184081;686;204569;54033711;50465342;32242937;100847;35254028
FR;0;2022-01-30;4466;14548;39123;124;45089;54038177;50479890;32282060;100971;35299117
FR;0;2022-01-31;11220;43827;148144;738;164777;54049397;50523717;32430204;101709;35463894
FR;0;2022-02-01;12812;48146;174058;1140;191361;54062209;50571863;32604262;102849;35655255
FR;0;2022-02-02;20052;65927;171455;1033;190118;54082261;50637790;32775717;103882;35845373
FR;0;2022-02-03;10968;44159;157481;984;173294;54093229;50681949;32933198;104866;36018667
FR;0;2022-02-04;14489;66444;239173;1262;264167;54107718;50748393;33172371;106128;36282834
FR;0;2022-02-05;12782;51440;153511;522;172335;54120500;50799833;33325882;106650;36455169
FR;0;2022-02-06;2705;12241;28869;99;33825;54123205;50812074;33354751;106749;36488994
FR;0;2022-02-07;9344;46664;156815;586;176311;54132549;50858738;33511566;107335;36665305
FR;0;2022-02-08;9596;42665;166557;867;184324;54142145;50901403;33678123;108202;36849629
FR;0;2022-02-09;14164;57853;172288;868;192960;54156309;50959256;33850411;109070;37042589
FR;0;2022-02-10;8269;38365;150150;878;166580;54164578;50997621;34000561;109948;37209169
FR;0;2022-02-11;10758;55436;218436;1097;243002;54175336;51053057;34218997;111045;37452171
FR;0;2022-02-12;8347;40874;134691;461;151705;54183683;51093931;34353688;111506;37603876
FR;0;2022-02-13;1895;8578;26547;82;30903;54185578;51102509;34380235;111588;37634779
FR;0;2022-02-14;6906;35096;148313;477;166305;54192484;51137605;34528548;112065;37801084
FR;0;2022-02-15;6851;35439;146901;750;162442;54199335;51173044;34675449;112815;37963526
FR;0;2022-02-16;9291;42603;132471;718;146651;54208626;51215647;34807920;113533;38110177
FR;0;2022-02-17;5373;23714;87245;584;94761;54213999;51239361;34895165;114117;38204938
FR;0;2022-02-18;6877;33232;119593;802;129244;54220876;51272593;35014758;114919;38334182
FR;0;2022-02-19;5341;24442;70002;370;77300;54226217;51297035;35084760;115289;38411482
FR;0;2022-02-20;1136;4617;12152;38;13925;54227353;51301652;35096912;115327;38425407
FR;0;2022-02-21;4021;17758;61913;351;67137;54231374;51319410;35158825;115678;38492544
FR;0;2022-02-22;4373;18474;60781;575;64408;54235747;51337884;35219606;116253;38556952
FR;0;2022-02-23;6510;27140;66459;591;71859;54242257;51365024;35286065;116844;38628811
FR;0;2022-02-24;3743;15162;50372;518;53183;54246000;51380186;35336437;117362;38681994
FR;0;2022-02-25;5199;23543;76277;803;79999;54251199;51403729;35412714;118165;38761993
FR;0;2022-02-26;3970;17643;47388;357;51453;54255169;51421372;35460102;118522;38813446
FR;0;2022-02-27;870;2986;8022;47;8933;54256039;51424358;35468124;118569;38822379
FR;0;2022-02-28;3068;12209;40447;354;42877;54259107;51436567;35508571;118923;38865256
FR;0;2022-03-01;3131;12229;44126;433;44763;54262238;51448796;35552697;119356;38910019
FR;0;2022-03-02;5079;17465;47082;438;48989;54267317;51466261;35599779;119794;38959008
FR;0;2022-03-03;2649;8911;29829;361;29922;54269966;51475172;35629608;120155;38988930
FR;0;2022-03-04;3178;12180;40255;649;39387;54273144;51487352;35669863;120804;39028317
FR;0;2022-03-05;2919;9208;24924;309;25075;54276063;51496560;35694787;121113;39053392
FR;0;2022-03-06;509;1380;3192;42;3429;54276572;51497940;35697979;121155;39056821
FR;0;2022-03-07;1944;5468;18392;313;17652;54278516;51503408;35716371;121468;39074473
FR;0;2022-03-08;1967;5884;19402;359;17860;54280483;51509292;35735773;121827;39092333
FR;0;2022-03-09;3448;10267;22144;404;21225;54283931;51519559;35757917;122231;39113558
FR;0;2022-03-10;1710;5217;16892;341;15685;54285641;51524776;35774809;122572;39129243
FR;0;2022-03-11;2343;7291;24463;538;22223;54287984;51532067;35799272;123110;39151466
FR;0;2022-03-12;2656;6712;17148;304;16498;54290640;51538779;35816420;123414;39167964
FR;0;2022-03-13;386;781;2304;144;2254;54291026;51539560;35818724;123558;39170218
FR;0;2022-03-14;1462;4140;14931;4403;13785;54292488;51543700;35833655;127961;39184003
FR;0;2022-03-15;1593;4359;16227;7549;14330;54294081;51548059;35849882;135510;39198333
FR;0;2022-03-16;2941;7045;19359;13128;18019;54297022;51555104;35869241;148638;39216352
FR;0;2022-03-17;1370;3706;13093;10836;11933;54298392;51558810;35882334;159474;39228285
FR;0;2022-03-18;2197;5517;19941;18275;18023;54300589;51564327;35902275;177749;39246308
FR;0;2022-03-19;2275;4666;13101;9395;12398;54302864;51568993;35915376;187144;39258706
FR;0;2022-03-20;293;707;1908;1065;1917;54303157;51569700;35917284;188209;39260623
FR;0;2022-03-21;1341;3125;12690;14929;11908;54304498;51572825;35929974;203138;39272531
FR;0;2022-03-22;1460;3580;13755;20517;12510;54305958;51576405;35943729;223655;39285041
FR;0;2022-03-23;2633;6069;17641;23129;17146;54308591;51582474;35961370;246784;39302187
FR;0;2022-03-24;1356;2914;11542;17569;10614;54309947;51585388;35972912;264353;39312801
FR;0;2022-03-25;2045;4802;18495;27738;16824;54311992;51590190;35991407;292091;39329625
FR;0;2022-03-26;2215;4236;12058;12657;11497;54314207;51594426;36003465;304748;39341122
FR;0;2022-03-27;354;681;1874;1474;1908;54314561;51595107;36005339;306222;39343030
FR;0;2022-03-28;1410;2923;11053;17451;10541;54315971;51598030;36016392;323673;39353571
FR;0;2022-03-29;1419;3223;12860;27529;12006;54317390;51601253;36029252;351202;39365577
FR;0;2022-03-30;2810;5362;15604;27342;14995;54320200;51606615;36044856;378544;39380572
FR;0;2022-03-31;1589;3141;12856;24877;12186;54321789;51609756;36057712;403421;39392758
FR;0;2022-04-01;2084;4274;19979;30800;18592;54323873;51614030;36077691;434221;39411350
FR;0;2022-04-02;1491;2605;9028;10097;8686;54325364;51616635;36086719;444318;39420036
FR;0;2022-04-03;273;495;1555;1168;1570;54325637;51617130;36088274;445486;39421606
FR;0;2022-04-04;1324;2534;12204;19052;11385;54326961;51619664;36100478;464538;39432991
FR;0;2022-04-05;1581;2913;14239;33969;13082;54328542;51622577;36114717;498507;39446073
FR;0;2022-04-06;2029;3611;13425;26279;12661;54330571;51626188;36128142;524786;39458734
FR;0;2022-04-07;1423;2846;13573;33564;12777;54331994;51629034;36141715;558350;39471511
FR;0;2022-04-08;2012;4063;19116;43613;17730;54334006;51633097;36160831;601963;39489241
FR;0;2022-04-09;1341;2647;9287;13537;8835;54335347;51635744;36170118;615500;39498076
FR;0;2022-04-10;273;552;1965;1992;1970;54335620;51636296;36172083;617492;39500046
FR;0;2022-04-11;1179;2449;11803;23624;11405;54336799;51638745;36183886;641116;39511451
FR;0;2022-04-12;1560;2764;13894;40534;13267;54338359;51641509;36197780;681650;39524718
FR;0;2022-04-13;1837;3396;13291;32706;12886;54340196;51644905;36211071;714356;39537604
FR;0;2022-04-14;1431;2647;13036;35902;12856;54341627;51647552;36224107;750258;39550460
FR;0;2022-04-15;1768;3272;15479;35199;14725;54343395;51650824;36239586;785457;39565185
FR;0;2022-04-16;1026;1811;6361;8513;6214;54344421;51652635;36245947;793970;39571399
FR;0;2022-04-17;183;316;989;1154;1027;54344604;51652951;36246936;795124;39572426
FR;0;2022-04-18;144;430;2725;1033;2742;54344748;51653381;36249661;796157;39575168
FR;0;2022-04-19;1460;2891;12828;29364;12338;54346208;51656272;36262489;825521;39587506
FR;0;2022-04-20;1888;3322;13153;28693;12816;54348096;51659594;36275642;854214;39600322
FR;0;2022-04-21;1466;2713;12396;34638;12417;54349562;51662307;36288038;888852;39612739
FR;0;2022-04-22;1813;3454;16379;37374;15738;54351375;51665761;36304417;926226;39628477
FR;0;2022-04-23;1115;2029;7350;10631;7197;54352490;51667790;36311767;936857;39635674
FR;0;2022-04-24;236;440;1469;1578;1403;54352726;51668230;36313236;938435;39637077
FR;0;2022-04-25;1244;2429;10616;20808;10404;54353970;51670659;36323852;959243;39647481
FR;0;2022-04-26;1551;2939;13557;38055;12992;54355521;51673598;36337409;997298;39660473
FR;0;2022-04-27;1899;2995;11424;30438;11457;54357420;51676593;36348833;1027736;39671930
FR;0;2022-04-28;1515;2624;12385;35630;12105;54358935;51679217;36361218;1063366;39684035
FR;0;2022-04-29;1937;3412;15351;36787;14701;54360872;51682629;36376569;1100153;39698736
FR;0;2022-04-30;1176;1792;6753;9628;6570;54362048;51684421;36383322;1109781;39705306
FR;0;2022-05-01;169;293;880;951;875;54362217;51684714;36384202;1110732;39706181
FR;0;2022-05-02;1130;2093;10751;17762;10525;54363347;51686807;36394953;1128494;39716706
FR;0;2022-05-03;1700;2857;13281;34051;13136;54365047;51689664;36408234;1162545;39729842
FR;0;2022-05-04;1785;2921;11562;25088;11652;54366832;51692585;36419796;1187633;39741494
FR;0;2022-05-05;1580;2598;12113;32832;11830;54368412;51695183;36431909;1220465;39753324
FR;0;2022-05-06;2019;3476;15013;36365;14484;54370431;51698659;36446922;1256830;39767808
FR;0;2022-05-07;1157;1736;6324;9552;6315;54371588;51700395;36453246;1266382;39774123
FR;0;2022-05-08;250;379;1145;1520;1199;54371838;51700774;36454391;1267902;39775322
FR;0;2022-05-09;1215;2067;9343;19829;9215;54373053;51702841;36463734;1287731;39784537
FR;0;2022-05-10;1605;2804;12637;38111;12238;54374658;51705645;36476371;1325842;39796775
FR;0;2022-05-11;1897;2651;10110;27349;10005;54376555;51708296;36486481;1353191;39806780
FR;0;2022-05-12;1489;2449;10852;34905;10483;54378044;51710745;36497333;1388096;39817263
FR;0;2022-05-13;1892;3044;13200;37181;12805;54379936;51713789;36510533;1425277;39830068
FR;0;2022-05-14;1107;1544;5475;10652;5339;54381043;51715333;36516008;1435929;39835407
FR;0;2022-05-15;258;387;1117;1408;1206;54381301;51715720;36517125;1437337;39836613
FR;0;2022-05-16;1106;1827;7583;20253;7588;54382407;51717547;36524708;1457590;39844201
FR;0;2022-05-17;1500;2392;10687;36856;10288;54383907;51719939;36535395;1494446;39854489
FR;0;2022-05-18;1707;2408;8539;26400;8476;54385614;51722347;36543934;1520846;39862965
FR;0;2022-05-19;1354;2389;9513;34234;9421;54386968;51724736;36553447;1555080;39872386
FR;0;2022-05-20;1793;2822;11826;38345;11384;54388761;51727558;36565273;1593425;39883770
FR;0;2022-05-21;1123;1598;5004;9648;4920;54389884;51729156;36570277;1603073;39888690
FR;0;2022-05-22;219;306;962;1313;947;54390103;51729462;36571239;1604386;39889637
FR;0;2022-05-23;1049;1790;6914;19251;6837;54391152;51731252;36578153;1623637;39896474
FR;0;2022-05-24;1424;2497;9962;36605;9733;54392576;51733749;36588115;1660242;39906207
FR;0;2022-05-25;1676;2549;8121;23092;8281;54394252;51736298;36596236;1683334;39914488
FR;0;2022-05-26;139;228;691;903;740;54394391;51736526;36596927;1684237;39915228
