fra;vaccin;jour;n_dose1;n_dose2;n_cum_dose1;n_cum_dose2
FR;1;2020-12-27;20;0;20;0
FR;1;2020-12-28;71;0;91;0
FR;1;2020-12-29;108;0;199;0
FR;1;2020-12-30;123;0;322;0
FR;1;2020-12-31;88;0;410;0
FR;1;2021-01-01;75;0;485;0
FR;1;2021-01-02;90;0;575;0
FR;1;2021-01-03;92;0;667;0
FR;1;2021-01-04;1481;0;2148;0
FR;1;2021-01-05;5417;0;7565;0
FR;1;2021-01-06;11326;0;18891;0
FR;1;2021-01-07;28664;0;47555;0
FR;1;2021-01-08;36319;0;83874;0
FR;1;2021-01-09;10949;0;94823;0
FR;1;2021-01-10;5647;0;100470;0
FR;1;2021-01-11;39146;0;139616;0
FR;1;2021-01-12;61044;0;200660;0
FR;1;2021-01-13;63969;0;264629;0
FR;1;2021-01-14;79945;0;344574;0
FR;1;2021-01-15;67412;0;411986;0
FR;1;2021-01-16;19583;87;431569;87
FR;1;2021-01-17;10481;42;442050;129
FR;1;2021-01-18;81625;164;523675;293
FR;1;2021-01-19;124144;128;647819;421
FR;1;2021-01-20;130515;160;778334;581
FR;1;2021-01-21;150516;141;928850;722
FR;1;2021-01-22;114048;163;1042898;885
FR;1;2021-01-23;36150;52;1079048;937
FR;1;2021-01-24;9275;28;1088323;965
FR;1;2021-01-25;73324;1219;1161647;2184
FR;1;2021-01-26;95208;3113;1256855;5297
FR;1;2021-01-27;102348;5598;1359203;10895
FR;1;2021-01-28;119035;14361;1478238;25256
FR;1;2021-01-29;87925;17293;1566163;42549
FR;1;2021-01-30;27638;4225;1593801;46774
FR;1;2021-01-31;4881;1679;1598682;48453
FR;1;2021-02-01;48386;21128;1647068;69581
FR;1;2021-02-02;66463;34568;1713531;104149
FR;1;2021-02-03;66048;36961;1779579;141110
FR;1;2021-02-04;75973;50059;1855552;191169
FR;1;2021-02-05;62604;45336;1918156;236505
FR;1;2021-02-06;19094;10396;1937250;246901
FR;1;2021-02-07;3435;5041;1940685;251942
FR;1;2021-02-08;35887;45986;1976572;297928
FR;1;2021-02-09;49981;72393;2026553;370321
FR;1;2021-02-10;50983;76646;2077536;446967
FR;1;2021-02-11;62330;99077;2139866;546044
FR;1;2021-02-12;54989;74039;2194855;620083
FR;1;2021-02-13;15188;19270;2210043;639353
FR;1;2021-02-14;3433;7190;2213476;646543
FR;1;2021-02-15;23605;73440;2237081;719983
FR;1;2021-02-16;32157;96865;2269238;816848
FR;1;2021-02-17;34453;98569;2303691;915417
FR;1;2021-02-18;48299;113473;2351990;1028890
FR;1;2021-02-19;44554;86414;2396544;1115304
FR;1;2021-02-20;13078;26920;2409622;1142224
FR;1;2021-02-21;2120;6287;2411742;1148511
FR;1;2021-02-22;24137;69415;2435879;1217926
FR;1;2021-02-23;36759;80366;2472638;1298292
FR;1;2021-02-24;39503;77662;2512141;1375954
FR;1;2021-02-25;49147;87994;2561288;1463948
FR;1;2021-02-26;46248;67888;2607536;1531836
FR;1;2021-02-27;15251;20931;2622787;1552767
FR;1;2021-02-28;3236;4386;2626023;1557153
FR;1;2021-03-01;38812;49031;2664835;1606184
FR;1;2021-03-02;54791;61506;2719626;1667690
FR;1;2021-03-03;59700;60652;2779326;1728342
FR;1;2021-03-04;71404;64895;2850730;1793237
FR;1;2021-03-05;73339;59275;2924069;1852512
FR;1;2021-03-06;81482;16094;3005551;1868606
FR;1;2021-03-07;63008;5424;3068559;1874030
FR;1;2021-03-08;58943;42480;3127502;1916510
FR;1;2021-03-09;84606;48318;3212108;1964828
FR;1;2021-03-10;89218;48068;3301326;2012896
FR;1;2021-03-11;103443;53865;3404769;2066761
FR;1;2021-03-12;102360;45269;3507129;2112030
FR;1;2021-03-13;87906;12721;3595035;2124751
FR;1;2021-03-14;43754;3031;3638789;2127782
FR;1;2021-03-15;94058;29153;3732847;2156935
FR;1;2021-03-16;122138;34908;3854985;2191843
FR;1;2021-03-17;127764;34869;3982749;2226712
FR;1;2021-03-18;141222;39756;4123971;2266468
FR;1;2021-03-19;134524;32914;4258495;2299382
FR;1;2021-03-20;75090;10212;4333585;2309594
FR;1;2021-03-21;25782;2477;4359367;2312071
FR;1;2021-03-22;113121;31191;4472488;2343262
FR;1;2021-03-23;141194;38175;4613682;2381437
FR;1;2021-03-24;140098;38791;4753780;2420228
FR;1;2021-03-25;163054;39620;4916834;2459848
FR;1;2021-03-26;164531;37500;5081365;2497348
FR;1;2021-03-27;109988;15260;5191353;2512608
FR;1;2021-03-28;41742;3624;5233095;2516232
FR;1;2021-03-29;128489;49970;5361584;2566202
FR;1;2021-03-30;165842;63598;5527426;2629800
FR;1;2021-03-31;169110;66916;5696536;2696716
FR;1;2021-04-01;191547;79256;5888083;2775972
FR;1;2021-04-02;162543;84318;6050626;2860290
FR;1;2021-04-03;87216;58188;6137842;2918478
FR;1;2021-04-04;32351;17733;6170193;2936211
FR;1;2021-04-05;42445;10178;6212638;2946389
FR;1;2021-04-06;157916;100891;6370554;3047280
FR;1;2021-04-07;194426;108272;6564980;3155552
FR;1;2021-04-08;219024;112406;6784004;3267958
FR;1;2021-04-09;211835;107520;6995839;3375478
FR;1;2021-04-10;116004;73465;7111843;3448943
FR;1;2021-04-11;40052;30288;7151895;3479231
FR;1;2021-04-12;166656;103797;7318551;3583028
FR;1;2021-04-13;201355;128263;7519906;3711291
FR;1;2021-04-14;205681;122820;7725587;3834111
FR;1;2021-04-15;218446;126766;7944033;3960877
FR;1;2021-04-16;203952;125155;8147985;4086032
FR;1;2021-04-17;121003;67490;8268988;4153522
FR;1;2021-04-18;35237;20997;8304225;4174519
FR;1;2021-04-19;161940;121934;8466165;4296453
FR;1;2021-04-20;187201;148803;8653366;4445256
FR;1;2021-04-21;191681;146761;8845047;4592017
FR;1;2021-04-22;206448;162651;9051495;4754668
FR;1;2021-04-23;196786;156941;9248281;4911609
FR;1;2021-04-24;125031;95519;9373312;5007128
FR;1;2021-04-25;52890;30144;9426202;5037272
FR;1;2021-04-26;179307;138282;9605509;5175554
FR;1;2021-04-27;219131;162011;9824640;5337565
FR;1;2021-04-28;236169;155141;10060809;5492706
FR;1;2021-04-29;267652;160093;10328461;5652799
FR;1;2021-04-30;269366;148181;10597827;5800980
FR;1;2021-05-01;138354;40718;10736181;5841698
FR;1;2021-05-02;80454;28166;10816635;5869864
FR;1;2021-05-03;247302;146549;11063937;6016413
FR;1;2021-05-04;262665;186878;11326602;6203291
FR;1;2021-05-05;279272;184602;11605874;6387893
FR;1;2021-05-06;305712;183073;11911586;6570966
FR;1;2021-05-07;280896;195759;12192482;6766725
FR;1;2021-05-08;189062;48340;12381544;6815065
FR;1;2021-05-09;113126;36234;12494670;6851299
FR;1;2021-05-10;253383;194293;12748053;7045592
FR;1;2021-05-11;315124;211459;13063177;7257051
FR;1;2021-05-12;351553;185959;13414730;7443010
FR;1;2021-05-13;279181;47676;13693911;7490686
FR;1;2021-05-14;365516;128940;14059427;7619626
FR;1;2021-05-15;292939;66173;14352366;7685799
FR;1;2021-05-16;155739;15588;14508105;7701387
FR;1;2021-05-17;314263;116747;14822368;7818134
FR;1;2021-05-18;374643;111414;15197011;7929548
FR;1;2021-05-19;389112;103009;15586123;8032557
FR;1;2021-05-20;414022;96415;16000145;8128972
FR;1;2021-05-21;392934;97510;16393079;8226482
FR;1;2021-05-22;271929;42185;16665008;8268667
FR;1;2021-05-23;121279;11247;16786287;8279914
FR;1;2021-05-24;239508;26380;17025795;8306294
FR;1;2021-05-25;359211;132081;17385006;8438375
FR;1;2021-05-26;371260;125827;17756266;8564202
FR;1;2021-05-27;399599;128416;18155865;8692618
FR;1;2021-05-28;359988;145713;18515853;8838331
FR;1;2021-05-29;250552;81075;18766405;8919406
FR;1;2021-05-30;99122;22615;18865527;8942021
FR;1;2021-05-31;309416;148953;19174943;9090974
FR;1;2021-06-01;346395;166966;19521338;9257940
FR;1;2021-06-02;348332;153481;19869670;9411421
FR;1;2021-06-03;378600;147921;20248270;9559342
FR;1;2021-06-04;351598;175815;20599868;9735157
FR;1;2021-06-05;253188;112882;20853056;9848039
FR;1;2021-06-06;123297;37572;20976353;9885611
FR;1;2021-06-07;291124;208366;21267477;10093977
FR;1;2021-06-08;320133;221261;21587610;10315238
FR;1;2021-06-09;326507;212840;21914117;10528078
FR;1;2021-06-10;328760;202527;22242877;10730605
FR;1;2021-06-11;302541;235689;22545418;10966294
FR;1;2021-06-12;238310;150980;22783728;11117274
FR;1;2021-06-13;97481;61133;22881209;11178407
FR;1;2021-06-14;198289;289337;23079498;11467744
FR;1;2021-06-15;244902;282752;23324400;11750496
FR;1;2021-06-16;264096;270778;23588496;12021274
FR;1;2021-06-17;259378;244698;23847874;12265972
FR;1;2021-06-18;249041;296340;24096915;12562312
FR;1;2021-06-19;188587;209829;24285502;12772141
FR;1;2021-06-20;67213;89251;24352715;12861392
FR;1;2021-06-21;164127;320347;24516842;13181739
FR;1;2021-06-22;177512;348000;24694354;13529739
FR;1;2021-06-23;195439;339764;24889793;13869503
FR;1;2021-06-24;192425;282095;25082218;14151598
FR;2;2020-12-27;0;0;0;0
FR;2;2020-12-28;0;0;0;0
FR;2;2020-12-29;0;0;0;0
FR;2;2020-12-30;0;0;0;0
FR;2;2020-12-31;0;0;0;0
FR;2;2021-01-01;0;0;0;0
FR;2;2021-01-02;0;0;0;0
FR;2;2021-01-03;0;0;0;0
FR;2;2021-01-04;0;0;0;0
FR;2;2021-01-05;0;0;0;0
FR;2;2021-01-06;0;0;0;0
FR;2;2021-01-07;0;0;0;0
FR;2;2021-01-08;0;0;0;0
FR;2;2021-01-09;0;0;0;0
FR;2;2021-01-10;0;0;0;0
FR;2;2021-01-11;0;0;0;0
FR;2;2021-01-12;0;0;0;0
FR;2;2021-01-13;0;0;0;0
FR;2;2021-01-14;152;0;152;0
FR;2;2021-01-15;218;0;370;0
FR;2;2021-01-16;186;0;556;0
FR;2;2021-01-17;3;0;559;0
FR;2;2021-01-18;2915;0;3474;0
FR;2;2021-01-19;4516;0;7990;0
FR;2;2021-01-20;4922;0;12912;0
FR;2;2021-01-21;5128;0;18040;0
FR;2;2021-01-22;4882;0;22922;0
FR;2;2021-01-23;1734;0;24656;0
FR;2;2021-01-24;102;0;24758;0
FR;2;2021-01-25;3635;0;28393;0
FR;2;2021-01-26;3752;0;32145;0
FR;2;2021-01-27;3443;0;35588;0
FR;2;2021-01-28;3514;0;39102;0
FR;2;2021-01-29;3083;0;42185;0
FR;2;2021-01-30;1064;0;43249;0
FR;2;2021-01-31;0;0;43249;0
FR;2;2021-02-01;3260;0;46509;0
FR;2;2021-02-02;4309;0;50818;0
FR;2;2021-02-03;5032;0;55850;0
FR;2;2021-02-04;4735;4;60585;4
FR;2;2021-02-05;4621;6;65206;10
FR;2;2021-02-06;1932;3;67138;13
FR;2;2021-02-07;42;0;67180;13
FR;2;2021-02-08;7428;8;74608;21
FR;2;2021-02-09;8258;16;82866;37
FR;2;2021-02-10;9142;49;92008;86
FR;2;2021-02-11;10059;67;102067;153
FR;2;2021-02-12;9815;238;111882;391
FR;2;2021-02-13;3017;222;114899;613
FR;2;2021-02-14;296;0;115195;613
FR;2;2021-02-15;3359;3067;118554;3680
FR;2;2021-02-16;4910;3881;123464;7561
FR;2;2021-02-17;4107;4403;127571;11964
FR;2;2021-02-18;5237;5089;132808;17053
FR;2;2021-02-19;5215;4323;138023;21376
FR;2;2021-02-20;1764;1509;139787;22885
FR;2;2021-02-21;197;86;139984;22971
FR;2;2021-02-22;3531;3723;143515;26694
FR;2;2021-02-23;4837;3693;148352;30387
FR;2;2021-02-24;4772;3468;153124;33855
FR;2;2021-02-25;5293;3426;158417;37281
FR;2;2021-02-26;4198;3125;162615;40406
FR;2;2021-02-27;1503;1042;164118;41448
FR;2;2021-02-28;100;28;164218;41476
FR;2;2021-03-01;4964;3764;169182;45240
FR;2;2021-03-02;6311;4727;175493;49967
FR;2;2021-03-03;6245;4883;181738;54850
FR;2;2021-03-04;8074;3967;189812;58817
FR;2;2021-03-05;7770;4060;197582;62877
FR;2;2021-03-06;4621;1682;202203;64559
FR;2;2021-03-07;2284;29;204487;64588
FR;2;2021-03-08;3977;8311;208464;72899
FR;2;2021-03-09;7269;8429;215733;81328
FR;2;2021-03-10;6863;9109;222596;90437
FR;2;2021-03-11;9088;9209;231684;99646
FR;2;2021-03-12;7722;8171;239406;107817
FR;2;2021-03-13;9873;2511;249279;110328
FR;2;2021-03-14;4754;402;254033;110730
FR;2;2021-03-15;10652;3484;264685;114214
FR;2;2021-03-16;16458;4621;281143;118835
FR;2;2021-03-17;19904;3952;301047;122787
FR;2;2021-03-18;22963;4910;324010;127697
FR;2;2021-03-19;22891;4538;346901;132235
FR;2;2021-03-20;25154;1540;372055;133775
FR;2;2021-03-21;17475;147;389530;133922
FR;2;2021-03-22;17405;3078;406935;137000
FR;2;2021-03-23;22272;4183;429207;141183
FR;2;2021-03-24;23555;4988;452762;146171
FR;2;2021-03-25;26285;5022;479047;151193
FR;2;2021-03-26;26593;4262;505640;155455
FR;2;2021-03-27;15640;1309;521280;156764
FR;2;2021-03-28;10396;94;531676;156858
FR;2;2021-03-29;18658;4281;550334;161139
FR;2;2021-03-30;24179;6002;574513;167141
FR;2;2021-03-31;28132;5958;602645;173099
FR;2;2021-04-01;33990;8496;636635;181595
FR;2;2021-04-02;29561;7662;666196;189257
FR;2;2021-04-03;16732;3582;682928;192839
FR;2;2021-04-04;9161;918;692089;193757
FR;2;2021-04-05;12124;811;704213;194568
FR;2;2021-04-06;26772;6933;730985;201501
FR;2;2021-04-07;30596;7174;761581;208675
FR;2;2021-04-08;36505;8818;798086;217493
FR;2;2021-04-09;33400;8602;831486;226095
FR;2;2021-04-10;19456;8969;850942;235064
FR;2;2021-04-11;7819;4272;858761;239336
FR;2;2021-04-12;16812;11254;875573;250590
FR;2;2021-04-13;19116;16426;894689;267016
FR;2;2021-04-14;17678;16285;912367;283301
FR;2;2021-04-15;21861;20757;934228;304058
FR;2;2021-04-16;20402;20073;954630;324131
FR;2;2021-04-17;13058;22462;967688;346593
FR;2;2021-04-18;5786;14405;973474;360998
FR;2;2021-04-19;16487;16263;989961;377261
FR;2;2021-04-20;18998;21595;1008959;398856
FR;2;2021-04-21;19829;21665;1028788;420521
FR;2;2021-04-22;23418;24863;1052206;445384
FR;2;2021-04-23;24221;25352;1076427;470736
FR;2;2021-04-24;25108;15111;1101535;485847
FR;2;2021-04-25;9498;8589;1111033;494436
FR;2;2021-04-26;16909;17196;1127942;511632
FR;2;2021-04-27;19024;24307;1146966;535939
FR;2;2021-04-28;22050;26188;1169016;562127
FR;2;2021-04-29;25209;30137;1194225;592264
FR;2;2021-04-30;25338;27782;1219563;620046
FR;2;2021-05-01;14798;9863;1234361;629909
FR;2;2021-05-02;6524;9184;1240885;639093
FR;2;2021-05-03;19649;19328;1260534;658421
FR;2;2021-05-04;18053;29057;1278587;687478
FR;2;2021-05-05;18003;29413;1296590;716891
FR;2;2021-05-06;23236;35292;1319826;752183
FR;2;2021-05-07;24884;33246;1344710;785429
FR;2;2021-05-08;21012;9705;1365722;795134
FR;2;2021-05-09;13032;7894;1378754;803028
FR;2;2021-05-10;32548;22221;1411302;825249
FR;2;2021-05-11;43175;21078;1454477;846327
FR;2;2021-05-12;49355;19907;1503832;866234
FR;2;2021-05-13;50759;5771;1554591;872005
FR;2;2021-05-14;60660;12956;1615251;884961
FR;2;2021-05-15;65286;7154;1680537;892115
FR;2;2021-05-16;43039;2576;1723576;894691
FR;2;2021-05-17;44148;12592;1767724;907283
FR;2;2021-05-18;53532;12256;1821256;919539
FR;2;2021-05-19;56307;10634;1877563;930173
FR;2;2021-05-20;62516;10900;1940079;941073
FR;2;2021-05-21;63338;11686;2003417;952759
FR;2;2021-05-22;60804;4527;2064221;957286
FR;2;2021-05-23;36973;577;2101194;957863
FR;2;2021-05-24;16845;2033;2118039;959896
FR;2;2021-05-25;20551;12244;2138590;972140
FR;2;2021-05-26;19082;11471;2157672;983611
FR;2;2021-05-27;22447;12672;2180119;996283
FR;2;2021-05-28;28778;14991;2208897;1011274
FR;2;2021-05-29;29977;8190;2238874;1019464
FR;2;2021-05-30;4476;1811;2243350;1021275
FR;2;2021-05-31;28071;18761;2271421;1040036
FR;2;2021-06-01;44497;20076;2315918;1060112
FR;2;2021-06-02;36499;19318;2352417;1079430
FR;2;2021-06-03;50313;23405;2402730;1102835
FR;2;2021-06-04;64415;24106;2467145;1126941
FR;2;2021-06-05;33842;24052;2500987;1150993
FR;2;2021-06-06;4730;6206;2505717;1157199
FR;2;2021-06-07;27503;23111;2533220;1180310
FR;2;2021-06-08;45334;22966;2578554;1203276
FR;2;2021-06-09;33505;20924;2612059;1224200
FR;2;2021-06-10;41388;19163;2653447;1243363
FR;2;2021-06-11;54245;25257;2707692;1268620
FR;2;2021-06-12;29917;19822;2737609;1288442
FR;2;2021-06-13;3112;9190;2740721;1297632
FR;2;2021-06-14;24630;24199;2765351;1321831
FR;2;2021-06-15;38149;22900;2803500;1344731
FR;2;2021-06-16;29465;21552;2832965;1366283
FR;2;2021-06-17;36099;25909;2869064;1392192
FR;2;2021-06-18;45796;28798;2914860;1420990
FR;2;2021-06-19;23983;24925;2938843;1445915
FR;2;2021-06-20;2590;10074;2941433;1455989
FR;2;2021-06-21;16727;42784;2958160;1498773
FR;2;2021-06-22;27558;49645;2985718;1548418
FR;2;2021-06-23;20926;49669;3006644;1598087
FR;2;2021-06-24;27104;50333;3033748;1648420
FR;3;2020-12-27;0;0;0;0
FR;3;2020-12-28;0;0;0;0
FR;3;2020-12-29;0;0;0;0
FR;3;2020-12-30;0;0;0;0
FR;3;2020-12-31;0;0;0;0
FR;3;2021-01-01;0;0;0;0
FR;3;2021-01-02;0;0;0;0
FR;3;2021-01-03;0;0;0;0
FR;3;2021-01-04;0;0;0;0
FR;3;2021-01-05;0;0;0;0
FR;3;2021-01-06;0;0;0;0
FR;3;2021-01-07;0;0;0;0
FR;3;2021-01-08;0;0;0;0
FR;3;2021-01-09;0;0;0;0
FR;3;2021-01-10;0;0;0;0
FR;3;2021-01-11;0;0;0;0
FR;3;2021-01-12;0;0;0;0
FR;3;2021-01-13;0;0;0;0
FR;3;2021-01-14;0;0;0;0
FR;3;2021-01-15;0;0;0;0
FR;3;2021-01-16;0;0;0;0
FR;3;2021-01-17;0;0;0;0
FR;3;2021-01-18;0;0;0;0
FR;3;2021-01-19;0;0;0;0
FR;3;2021-01-20;0;0;0;0
FR;3;2021-01-21;0;0;0;0
FR;3;2021-01-22;0;0;0;0
FR;3;2021-01-23;0;0;0;0
FR;3;2021-01-24;0;0;0;0
FR;3;2021-01-25;0;0;0;0
FR;3;2021-01-26;0;0;0;0
FR;3;2021-01-27;0;0;0;0
FR;3;2021-01-28;0;0;0;0
FR;3;2021-01-29;0;0;0;0
FR;3;2021-01-30;0;0;0;0
FR;3;2021-01-31;0;0;0;0
FR;3;2021-02-01;0;0;0;0
FR;3;2021-02-02;0;0;0;0
FR;3;2021-02-03;0;0;0;0
FR;3;2021-02-04;0;0;0;0
FR;3;2021-02-05;0;0;0;0
FR;3;2021-02-06;335;0;335;0
FR;3;2021-02-07;1348;0;1683;0
FR;3;2021-02-08;2635;0;4318;0
FR;3;2021-02-09;6649;0;10967;0
FR;3;2021-02-10;9249;0;20216;0
FR;3;2021-02-11;13369;0;33585;0
FR;3;2021-02-12;13063;0;46648;0
FR;3;2021-02-13;3520;0;50168;0
FR;3;2021-02-14;870;0;51038;0
FR;3;2021-02-15;10140;0;61178;0
FR;3;2021-02-16;12189;0;73367;0
FR;3;2021-02-17;10826;0;84193;0
FR;3;2021-02-18;14592;0;98785;0
FR;3;2021-02-19;14135;0;112920;0
FR;3;2021-02-20;3184;0;116104;0
FR;3;2021-02-21;548;0;116652;0
FR;3;2021-02-22;8928;0;125580;0
FR;3;2021-02-23;11126;0;136706;0
FR;3;2021-02-24;13925;0;150631;0
FR;3;2021-02-25;44460;0;195091;0
FR;3;2021-02-26;61473;0;256564;0
FR;3;2021-02-27;34516;8;291080;8
FR;3;2021-02-28;2354;0;293434;8
FR;3;2021-03-01;19967;9;313401;17
FR;3;2021-03-02;38380;14;351781;31
FR;3;2021-03-03;48008;17;399789;48
FR;3;2021-03-04;81345;22;481134;70
FR;3;2021-03-05;117238;60;598372;130
FR;3;2021-03-06;119529;51;717901;181
FR;3;2021-03-07;54685;28;772586;209
FR;3;2021-03-08;42203;20;814789;229
FR;3;2021-03-09;78194;31;892983;260
FR;3;2021-03-10;80042;38;973025;298
FR;3;2021-03-11;127452;47;1100477;345
FR;3;2021-03-12;181575;70;1282052;415
FR;3;2021-03-13;131274;56;1413326;471
FR;3;2021-03-14;13820;4;1427146;475
FR;3;2021-03-15;51567;37;1478713;512
FR;3;2021-03-16;943;13;1479656;525
FR;3;2021-03-17;678;6;1480334;531
FR;3;2021-03-18;1234;4;1481568;535
FR;3;2021-03-19;69831;36;1551399;571
FR;3;2021-03-20;64729;37;1616128;608
FR;3;2021-03-21;5530;4;1621658;612
FR;3;2021-03-22;36983;32;1658641;644
FR;3;2021-03-23;83905;50;1742546;694
FR;3;2021-03-24;90270;92;1832816;786
FR;3;2021-03-25;149244;114;1982060;900
FR;3;2021-03-26;164611;155;2146671;1055
FR;3;2021-03-27;67876;90;2214547;1145
FR;3;2021-03-28;6263;19;2220810;1164
FR;3;2021-03-29;53669;60;2274479;1224
FR;3;2021-03-30;92557;88;2367036;1312
FR;3;2021-03-31;62906;82;2429942;1394
FR;3;2021-04-01;85329;103;2515271;1497
FR;3;2021-04-02;86205;147;2601476;1644
FR;3;2021-04-03;35402;109;2636878;1753
FR;3;2021-04-04;3413;15;2640291;1768
FR;3;2021-04-05;4263;21;2644554;1789
FR;3;2021-04-06;29152;76;2673706;1865
FR;3;2021-04-07;31709;60;2705415;1925
FR;3;2021-04-08;77958;234;2783373;2159
FR;3;2021-04-09;160492;409;2943865;2568
FR;3;2021-04-10;74884;331;3018749;2899
FR;3;2021-04-11;7062;44;3025811;2943
FR;3;2021-04-12;50775;197;3076586;3140
FR;3;2021-04-13;85382;314;3161968;3454
FR;3;2021-04-14;66841;341;3228809;3795
FR;3;2021-04-15;92000;368;3320809;4163
FR;3;2021-04-16;111360;571;3432169;4734
FR;3;2021-04-17;52454;327;3484623;5061
FR;3;2021-04-18;9453;32;3494076;5093
FR;3;2021-04-19;24541;234;3518617;5327
FR;3;2021-04-20;44917;394;3563534;5721
FR;3;2021-04-21;38151;450;3601685;6171
FR;3;2021-04-22;53834;791;3655519;6962
FR;3;2021-04-23;69565;1018;3725084;7980
FR;3;2021-04-24;36549;976;3761633;8956
FR;3;2021-04-25;5909;154;3767542;9110
FR;3;2021-04-26;19128;662;3786670;9772
FR;3;2021-04-27;33742;1246;3820412;11018
FR;3;2021-04-28;28308;1926;3848720;12944
FR;3;2021-04-29;44611;5956;3893331;18900
FR;3;2021-04-30;54641;8932;3947972;27832
FR;3;2021-05-01;9187;1968;3957159;29800
FR;3;2021-05-02;2800;499;3959959;30299
FR;3;2021-05-03;12546;3881;3972505;34180
FR;3;2021-05-04;22468;8453;3994973;42633
FR;3;2021-05-05;18064;10575;4013037;53208
FR;3;2021-05-06;33895;20906;4046932;74114
FR;3;2021-05-07;43406;28409;4090338;102523
FR;3;2021-05-08;6365;8897;4096703;111420
FR;3;2021-05-09;1565;2655;4098268;114075
FR;3;2021-05-10;14443;12566;4112711;126641
FR;3;2021-05-11;26427;25735;4139138;152376
FR;3;2021-05-12;16735;27452;4155873;179828
FR;3;2021-05-13;2002;3486;4157875;183314
FR;3;2021-05-14;14071;25742;4171946;209056
FR;3;2021-05-15;6917;20734;4178863;229790
FR;3;2021-05-16;812;2679;4179675;232469
FR;3;2021-05-17;7514;19914;4187189;252383
FR;3;2021-05-18;12910;29634;4200099;282017
FR;3;2021-05-19;8814;31866;4208913;313883
FR;3;2021-05-20;12293;53220;4221206;367103
FR;3;2021-05-21;12268;65540;4233474;432643
FR;3;2021-05-22;4674;33300;4238148;465943
FR;3;2021-05-23;538;2665;4238686;468608
FR;3;2021-05-24;585;4920;4239271;473528
FR;3;2021-05-25;4963;45177;4244234;518705
FR;3;2021-05-26;4577;51054;4248811;569759
FR;3;2021-05-27;5946;77847;4254757;647606
FR;3;2021-05-28;7151;99106;4261908;746712
FR;3;2021-05-29;3072;60285;4264980;806997
FR;3;2021-05-30;381;8243;4265361;815240
FR;3;2021-05-31;2065;35999;4267426;851239
FR;3;2021-06-01;2971;64818;4270397;916057
FR;3;2021-06-02;2369;58360;4272766;974417
FR;3;2021-06-03;3183;87589;4275949;1062006
FR;3;2021-06-04;3848;105128;4279797;1167134
FR;3;2021-06-05;1773;52247;4281570;1219381
FR;3;2021-06-06;263;5400;4281833;1224781
FR;3;2021-06-07;1097;31183;4282930;1255964
FR;3;2021-06-08;1719;47286;4284649;1303250
FR;3;2021-06-09;1435;42397;4286084;1345647
FR;3;2021-06-10;1839;68013;4287923;1413660
FR;3;2021-06-11;2210;96812;4290133;1510472
FR;3;2021-06-12;1005;40841;4291138;1551313
FR;3;2021-06-13;138;3823;4291276;1555136
FR;3;2021-06-14;748;42672;4292024;1597808
FR;3;2021-06-15;1175;80709;4293199;1678517
FR;3;2021-06-16;1043;65788;4294242;1744305
FR;3;2021-06-17;1437;101860;4295679;1846165
FR;3;2021-06-18;1707;117940;4297386;1964105
FR;3;2021-06-19;700;39409;4298086;2003514
FR;3;2021-06-20;75;3384;4298161;2006898
FR;3;2021-06-21;554;39294;4298715;2046192
FR;3;2021-06-22;893;70027;4299608;2116219
FR;3;2021-06-23;742;50857;4300350;2167076
FR;3;2021-06-24;1120;77228;4301470;2244304
FR;4;2020-12-27;0;0;0;0
FR;4;2020-12-28;0;0;0;0
FR;4;2020-12-29;0;0;0;0
FR;4;2020-12-30;0;0;0;0
FR;4;2020-12-31;0;0;0;0
FR;4;2021-01-01;0;0;0;0
FR;4;2021-01-02;0;0;0;0
FR;4;2021-01-03;0;0;0;0
FR;4;2021-01-04;0;0;0;0
FR;4;2021-01-05;0;0;0;0
FR;4;2021-01-06;0;0;0;0
FR;4;2021-01-07;0;0;0;0
FR;4;2021-01-08;0;0;0;0
FR;4;2021-01-09;0;0;0;0
FR;4;2021-01-10;0;0;0;0
FR;4;2021-01-11;0;0;0;0
FR;4;2021-01-12;0;0;0;0
FR;4;2021-01-13;0;0;0;0
FR;4;2021-01-14;0;0;0;0
FR;4;2021-01-15;0;0;0;0
FR;4;2021-01-16;0;0;0;0
FR;4;2021-01-17;0;0;0;0
FR;4;2021-01-18;0;0;0;0
FR;4;2021-01-19;0;0;0;0
FR;4;2021-01-20;0;0;0;0
FR;4;2021-01-21;0;0;0;0
FR;4;2021-01-22;0;0;0;0
FR;4;2021-01-23;0;0;0;0
FR;4;2021-01-24;0;0;0;0
FR;4;2021-01-25;0;0;0;0
FR;4;2021-01-26;0;0;0;0
FR;4;2021-01-27;0;0;0;0
FR;4;2021-01-28;0;0;0;0
FR;4;2021-01-29;0;0;0;0
FR;4;2021-01-30;0;0;0;0
FR;4;2021-01-31;0;0;0;0
FR;4;2021-02-01;0;0;0;0
FR;4;2021-02-02;0;0;0;0
FR;4;2021-02-03;0;0;0;0
FR;4;2021-02-04;0;0;0;0
FR;4;2021-02-05;0;0;0;0
FR;4;2021-02-06;0;0;0;0
FR;4;2021-02-07;0;0;0;0
FR;4;2021-02-08;0;0;0;0
FR;4;2021-02-09;0;0;0;0
FR;4;2021-02-10;0;0;0;0
FR;4;2021-02-11;0;0;0;0
FR;4;2021-02-12;0;0;0;0
FR;4;2021-02-13;0;0;0;0
FR;4;2021-02-14;0;0;0;0
FR;4;2021-02-15;0;0;0;0
FR;4;2021-02-16;0;0;0;0
FR;4;2021-02-17;0;0;0;0
FR;4;2021-02-18;0;0;0;0
FR;4;2021-02-19;0;0;0;0
FR;4;2021-02-20;0;0;0;0
FR;4;2021-02-21;0;0;0;0
FR;4;2021-02-22;0;0;0;0
FR;4;2021-02-23;0;0;0;0
FR;4;2021-02-24;0;0;0;0
FR;4;2021-02-25;0;0;0;0
FR;4;2021-02-26;0;0;0;0
FR;4;2021-02-27;0;0;0;0
FR;4;2021-02-28;0;0;0;0
FR;4;2021-03-01;0;0;0;0
FR;4;2021-03-02;0;0;0;0
FR;4;2021-03-03;0;0;0;0
FR;4;2021-03-04;0;0;0;0
FR;4;2021-03-05;0;0;0;0
FR;4;2021-03-06;0;0;0;0
FR;4;2021-03-07;0;0;0;0
FR;4;2021-03-08;0;0;0;0
FR;4;2021-03-09;0;0;0;0
FR;4;2021-03-10;0;0;0;0
FR;4;2021-03-11;0;0;0;0
FR;4;2021-03-12;0;0;0;0
FR;4;2021-03-13;0;0;0;0
FR;4;2021-03-14;0;0;0;0
FR;4;2021-03-15;0;0;0;0
FR;4;2021-03-16;0;0;0;0
FR;4;2021-03-17;0;0;0;0
FR;4;2021-03-18;0;0;0;0
FR;4;2021-03-19;0;0;0;0
FR;4;2021-03-20;0;0;0;0
FR;4;2021-03-21;0;0;0;0
FR;4;2021-03-22;0;0;0;0
FR;4;2021-03-23;0;0;0;0
FR;4;2021-03-24;0;0;0;0
FR;4;2021-03-25;0;0;0;0
FR;4;2021-03-26;0;0;0;0
FR;4;2021-03-27;0;0;0;0
FR;4;2021-03-28;0;0;0;0
FR;4;2021-03-29;0;0;0;0
FR;4;2021-03-30;0;0;0;0
FR;4;2021-03-31;0;0;0;0
FR;4;2021-04-01;0;0;0;0
FR;4;2021-04-02;0;0;0;0
FR;4;2021-04-03;0;0;0;0
FR;4;2021-04-04;0;0;0;0
FR;4;2021-04-05;0;0;0;0
FR;4;2021-04-06;0;0;0;0
FR;4;2021-04-07;0;0;0;0
FR;4;2021-04-08;0;0;0;0
FR;4;2021-04-09;0;1;0;1
FR;4;2021-04-10;0;0;0;1
FR;4;2021-04-11;0;0;0;1
FR;4;2021-04-12;0;0;0;1
FR;4;2021-04-13;0;0;0;1
FR;4;2021-04-14;0;0;0;1
FR;4;2021-04-15;0;0;0;1
FR;4;2021-04-16;0;0;0;1
FR;4;2021-04-17;0;0;0;1
FR;4;2021-04-18;0;0;0;1
FR;4;2021-04-19;0;0;0;1
FR;4;2021-04-20;0;0;0;1
FR;4;2021-04-21;0;0;0;1
FR;4;2021-04-22;0;0;0;1
FR;4;2021-04-23;822;0;822;1
FR;4;2021-04-24;1552;0;2374;1
FR;4;2021-04-25;117;0;2491;1
FR;4;2021-04-26;2831;0;5322;1
FR;4;2021-04-27;9388;4;14710;5
FR;4;2021-04-28;9779;3;24489;8
FR;4;2021-04-29;15891;7;40380;15
FR;4;2021-04-30;19087;7;59467;22
FR;4;2021-05-01;1901;5;61368;27
FR;4;2021-05-02;440;0;61808;27
FR;4;2021-05-03;4928;1;66736;28
FR;4;2021-05-04;8249;8;74985;36
FR;4;2021-05-05;6010;7;80995;43
FR;4;2021-05-06;11258;11;92253;54
FR;4;2021-05-07;18911;8;111164;62
FR;4;2021-05-08;2260;6;113424;68
FR;4;2021-05-09;629;2;114053;70
FR;4;2021-05-10;7097;8;121150;78
FR;4;2021-05-11;14124;12;135274;90
FR;4;2021-05-12;9963;14;145237;104
FR;4;2021-05-13;1444;2;146681;106
FR;4;2021-05-14;7598;8;154279;114
FR;4;2021-05-15;3590;9;157869;123
FR;4;2021-05-16;359;1;158228;124
FR;4;2021-05-17;4348;2;162576;126
FR;4;2021-05-18;8587;10;171163;136
FR;4;2021-05-19;5519;5;176682;141
FR;4;2021-05-20;9224;6;185906;147
FR;4;2021-05-21;12522;26;198428;173
FR;4;2021-05-22;4929;13;203357;186
FR;4;2021-05-23;424;2;203781;188
FR;4;2021-05-24;941;3;204722;191
FR;4;2021-05-25;7398;16;212120;207
FR;4;2021-05-26;7556;12;219676;219
FR;4;2021-05-27;14106;34;233782;253
FR;4;2021-05-28;26263;76;260045;329
FR;4;2021-05-29;11139;20;271184;349
FR;4;2021-05-30;859;2;272043;351
FR;4;2021-05-31;12435;19;284478;370
FR;4;2021-06-01;19823;40;304301;410
FR;4;2021-06-02;14214;33;318515;443
FR;4;2021-06-03;19155;22;337670;465
FR;4;2021-06-04;22111;45;359781;510
FR;4;2021-06-05;9468;27;369249;537
FR;4;2021-06-06;919;0;370168;537
FR;4;2021-06-07;8913;15;379081;552
FR;4;2021-06-08;14289;26;393370;578
FR;4;2021-06-09;11898;24;405268;602
FR;4;2021-06-10;14986;24;420254;626
FR;4;2021-06-11;16608;51;436862;677
FR;4;2021-06-12;7209;26;444071;703
FR;4;2021-06-13;830;8;444901;711
FR;4;2021-06-14;6403;22;451304;733
FR;4;2021-06-15;10597;32;461901;765
FR;4;2021-06-16;8584;13;470485;778
FR;4;2021-06-17;10554;27;481039;805
FR;4;2021-06-18;12033;39;493072;844
FR;4;2021-06-19;5322;25;498394;869
FR;4;2021-06-20;585;2;498979;871
FR;4;2021-06-21;4784;8;503763;879
FR;4;2021-06-22;7547;18;511310;897
FR;4;2021-06-23;6702;27;518012;924
FR;4;2021-06-24;8132;28;526144;952
FR;0;2020-12-27;20;0;20;0
FR;0;2020-12-28;71;0;91;0
FR;0;2020-12-29;108;0;199;0
FR;0;2020-12-30;123;0;322;0
FR;0;2020-12-31;88;0;410;0
FR;0;2021-01-01;75;0;485;0
FR;0;2021-01-02;90;0;575;0
FR;0;2021-01-03;92;0;667;0
FR;0;2021-01-04;1481;0;2148;0
FR;0;2021-01-05;5417;0;7565;0
FR;0;2021-01-06;11326;0;18891;0
FR;0;2021-01-07;28664;0;47555;0
FR;0;2021-01-08;36319;0;83874;0
FR;0;2021-01-09;10949;0;94823;0
FR;0;2021-01-10;5647;0;100470;0
FR;0;2021-01-11;39146;0;139616;0
FR;0;2021-01-12;61044;0;200660;0
FR;0;2021-01-13;63969;0;264629;0
FR;0;2021-01-14;80097;0;344726;0
FR;0;2021-01-15;67630;0;412356;0
FR;0;2021-01-16;19769;87;432125;87
FR;0;2021-01-17;10484;42;442609;129
FR;0;2021-01-18;84540;164;527149;293
FR;0;2021-01-19;128660;128;655809;421
FR;0;2021-01-20;135437;160;791246;581
FR;0;2021-01-21;155644;141;946890;722
FR;0;2021-01-22;118930;163;1065820;885
FR;0;2021-01-23;37884;52;1103704;937
FR;0;2021-01-24;9377;28;1113081;965
FR;0;2021-01-25;76959;1219;1190040;2184
FR;0;2021-01-26;98960;3113;1289000;5297
FR;0;2021-01-27;105791;5598;1394791;10895
FR;0;2021-01-28;122549;14361;1517340;25256
FR;0;2021-01-29;91008;17293;1608348;42549
FR;0;2021-01-30;28702;4225;1637050;46774
FR;0;2021-01-31;4881;1679;1641931;48453
FR;0;2021-02-01;51646;21128;1693577;69581
FR;0;2021-02-02;70772;34568;1764349;104149
FR;0;2021-02-03;71080;36961;1835429;141110
FR;0;2021-02-04;80708;50063;1916137;191173
FR;0;2021-02-05;67225;45342;1983362;236515
FR;0;2021-02-06;21361;10399;2004723;246914
FR;0;2021-02-07;4825;5041;2009548;251955
FR;0;2021-02-08;45950;45994;2055498;297949
FR;0;2021-02-09;64888;72409;2120386;370358
FR;0;2021-02-10;69374;76695;2189760;447053
FR;0;2021-02-11;85758;99144;2275518;546197
FR;0;2021-02-12;77867;74277;2353385;620474
FR;0;2021-02-13;21725;19492;2375110;639966
FR;0;2021-02-14;4599;7190;2379709;647156
FR;0;2021-02-15;37104;76507;2416813;723663
FR;0;2021-02-16;49256;100746;2466069;824409
FR;0;2021-02-17;49386;102972;2515455;927381
FR;0;2021-02-18;68128;118562;2583583;1045943
FR;0;2021-02-19;63904;90737;2647487;1136680
FR;0;2021-02-20;18026;28429;2665513;1165109
FR;0;2021-02-21;2865;6373;2668378;1171482
FR;0;2021-02-22;36596;73138;2704974;1244620
FR;0;2021-02-23;52722;84059;2757696;1328679
FR;0;2021-02-24;58200;81130;2815896;1409809
FR;0;2021-02-25;98900;91420;2914796;1501229
FR;0;2021-02-26;111919;71013;3026715;1572242
FR;0;2021-02-27;51270;21981;3077985;1594223
FR;0;2021-02-28;5690;4414;3083675;1598637
FR;0;2021-03-01;63743;52804;3147418;1651441
FR;0;2021-03-02;99482;66247;3246900;1717688
FR;0;2021-03-03;113953;65552;3360853;1783240
FR;0;2021-03-04;160823;68884;3521676;1852124
FR;0;2021-03-05;198347;63395;3720023;1915519
FR;0;2021-03-06;205632;17827;3925655;1933346
FR;0;2021-03-07;119977;5481;4045632;1938827
FR;0;2021-03-08;105123;50811;4150755;1989638
FR;0;2021-03-09;170069;56778;4320824;2046416
FR;0;2021-03-10;176123;57215;4496947;2103631
FR;0;2021-03-11;239983;63121;4736930;2166752
FR;0;2021-03-12;291657;53510;5028587;2220262
FR;0;2021-03-13;229053;15288;5257640;2235550
FR;0;2021-03-14;62328;3437;5319968;2238987
FR;0;2021-03-15;156277;32674;5476245;2271661
FR;0;2021-03-16;139539;39542;5615784;2311203
FR;0;2021-03-17;148346;38827;5764130;2350030
FR;0;2021-03-18;165419;44670;5929549;2394700
FR;0;2021-03-19;227246;37488;6156795;2432188
FR;0;2021-03-20;164973;11789;6321768;2443977
FR;0;2021-03-21;48787;2628;6370555;2446605
FR;0;2021-03-22;167509;34301;6538064;2480906
FR;0;2021-03-23;247371;42408;6785435;2523314
FR;0;2021-03-24;253923;43871;7039358;2567185
FR;0;2021-03-25;338583;44756;7377941;2611941
FR;0;2021-03-26;355735;41917;7733676;2653858
FR;0;2021-03-27;193504;16659;7927180;2670517
FR;0;2021-03-28;58401;3737;7985581;2674254
FR;0;2021-03-29;200816;54311;8186397;2728565
FR;0;2021-03-30;282578;69688;8468975;2798253
FR;0;2021-03-31;260148;72956;8729123;2871209
FR;0;2021-04-01;310866;87855;9039989;2959064
FR;0;2021-04-02;278309;92127;9318298;3051191
FR;0;2021-04-03;139350;61879;9457648;3113070
FR;0;2021-04-04;44925;18666;9502573;3131736
FR;0;2021-04-05;58832;11010;9561405;3142746
FR;0;2021-04-06;213840;107900;9775245;3250646
FR;0;2021-04-07;256731;115506;10031976;3366152
FR;0;2021-04-08;333487;121458;10365463;3487610
FR;0;2021-04-09;405727;116532;10771190;3604142
FR;0;2021-04-10;210344;82765;10981534;3686907
FR;0;2021-04-11;54933;34604;11036467;3721511
FR;0;2021-04-12;234243;115248;11270710;3836759
FR;0;2021-04-13;305853;145003;11576563;3981762
FR;0;2021-04-14;290200;139446;11866763;4121208
FR;0;2021-04-15;332307;147891;12199070;4269099
FR;0;2021-04-16;335714;145799;12534784;4414898
FR;0;2021-04-17;186515;90279;12721299;4505177
FR;0;2021-04-18;50476;35434;12771775;4540611
FR;0;2021-04-19;202968;138431;12974743;4679042
FR;0;2021-04-20;251116;170792;13225859;4849834
FR;0;2021-04-21;249661;168876;13475520;5018710
FR;0;2021-04-22;283700;188305;13759220;5207015
FR;0;2021-04-23;291394;183311;14050614;5390326
FR;0;2021-04-24;188240;111606;14238854;5501932
FR;0;2021-04-25;68414;38887;14307268;5540819
FR;0;2021-04-26;218175;156140;14525443;5696959
FR;0;2021-04-27;281285;187568;14806728;5884527
FR;0;2021-04-28;296306;183258;15103034;6067785
FR;0;2021-04-29;353363;196193;15456397;6263978
FR;0;2021-04-30;368432;184902;15824829;6448880
FR;0;2021-05-01;164240;52554;15989069;6501434
FR;0;2021-05-02;90218;37849;16079287;6539283
FR;0;2021-05-03;284425;169759;16363712;6709042
FR;0;2021-05-04;311435;224396;16675147;6933438
FR;0;2021-05-05;321349;224597;16996496;7158035
FR;0;2021-05-06;374101;239282;17370597;7397317
FR;0;2021-05-07;368097;257422;17738694;7654739
FR;0;2021-05-08;218699;66948;17957393;7721687
FR;0;2021-05-09;128352;46785;18085745;7768472
FR;0;2021-05-10;307471;229088;18393216;7997560
FR;0;2021-05-11;398850;258284;18792066;8255844
FR;0;2021-05-12;427606;233332;19219672;8489176
FR;0;2021-05-13;333386;56935;19553058;8546111
FR;0;2021-05-14;447845;167646;20000903;8713757
FR;0;2021-05-15;368732;94070;20369635;8807827
FR;0;2021-05-16;199949;20844;20569584;8828671
FR;0;2021-05-17;370273;149255;20939857;8977926
FR;0;2021-05-18;449672;153314;21389529;9131240
FR;0;2021-05-19;459752;145514;21849281;9276754
FR;0;2021-05-20;498055;160541;22347336;9437295
FR;0;2021-05-21;481062;174762;22828398;9612057
FR;0;2021-05-22;342336;80025;23170734;9692082
FR;0;2021-05-23;159214;14491;23329948;9706573
FR;0;2021-05-24;257879;33336;23587827;9739909
FR;0;2021-05-25;392123;189518;23979950;9929427
FR;0;2021-05-26;402475;188364;24382425;10117791
FR;0;2021-05-27;442098;218969;24824523;10336760
FR;0;2021-05-28;422180;259886;25246703;10596646
FR;0;2021-05-29;294740;149570;25541443;10746216
FR;0;2021-05-30;104838;32671;25646281;10778887
FR;0;2021-05-31;351987;203732;25998268;10982619
FR;0;2021-06-01;413686;251900;26411954;11234519
FR;0;2021-06-02;401414;231192;26813368;11465711
FR;0;2021-06-03;451251;258937;27264619;11724648
FR;0;2021-06-04;441972;305094;27706591;12029742
FR;0;2021-06-05;298271;189208;28004862;12218950
FR;0;2021-06-06;129209;49178;28134071;12268128
FR;0;2021-06-07;328637;262675;28462708;12530803
FR;0;2021-06-08;381475;291539;28844183;12822342
FR;0;2021-06-09;373345;276185;29217528;13098527
FR;0;2021-06-10;386973;289727;29604501;13388254
FR;0;2021-06-11;375604;357809;29980105;13746063
FR;0;2021-06-12;276441;211669;30256546;13957732
FR;0;2021-06-13;101561;74154;30358107;14031886
FR;0;2021-06-14;230070;356230;30588177;14388116
FR;0;2021-06-15;294823;386393;30883000;14774509
FR;0;2021-06-16;303188;358131;31186188;15132640
FR;0;2021-06-17;307468;372494;31493656;15505134
FR;0;2021-06-18;308577;443117;31802233;15948251
FR;0;2021-06-19;218592;274188;32020825;16222439
FR;0;2021-06-20;70463;102711;32091288;16325150
FR;0;2021-06-21;186192;402433;32277480;16727583
FR;0;2021-06-22;213510;467690;32490990;17195273
FR;0;2021-06-23;223809;440317;32714799;17635590
FR;0;2021-06-24;228781;409684;32943580;18045274
