fra;vaccin;jour;n_dose1;n_dose2;n_cum_dose1;n_cum_dose2
FR;1;2020-12-27;20;0;20;0
FR;1;2020-12-28;71;0;91;0
FR;1;2020-12-29;108;0;199;0
FR;1;2020-12-30;123;0;322;0
FR;1;2020-12-31;87;0;409;0
FR;1;2021-01-01;73;0;482;0
FR;1;2021-01-02;88;0;570;0
FR;1;2021-01-03;92;0;662;0
FR;1;2021-01-04;1479;0;2141;0
FR;1;2021-01-05;5412;0;7553;0
FR;1;2021-01-06;11318;0;18871;0
FR;1;2021-01-07;28574;0;47445;0
FR;1;2021-01-08;36285;0;83730;0
FR;1;2021-01-09;10939;0;94669;0
FR;1;2021-01-10;5634;0;100303;0
FR;1;2021-01-11;39098;0;139401;0
FR;1;2021-01-12;60986;0;200387;0
FR;1;2021-01-13;63928;0;264315;0
FR;1;2021-01-14;79826;0;344141;0
FR;1;2021-01-15;67361;0;411502;0
FR;1;2021-01-16;19558;87;431060;87
FR;1;2021-01-17;10470;42;441530;129
FR;1;2021-01-18;81567;164;523097;293
FR;1;2021-01-19;124035;128;647132;421
FR;1;2021-01-20;130437;160;777569;581
FR;1;2021-01-21;150416;141;927985;722
FR;1;2021-01-22;113896;163;1041881;885
FR;1;2021-01-23;36126;52;1078007;937
FR;1;2021-01-24;9267;28;1087274;965
FR;1;2021-01-25;73266;1219;1160540;2184
FR;1;2021-01-26;95173;3113;1255713;5297
FR;1;2021-01-27;102274;5599;1357987;10896
FR;1;2021-01-28;118947;14361;1476934;25257
FR;1;2021-01-29;87871;17293;1564805;42550
FR;1;2021-01-30;27601;4225;1592406;46775
FR;1;2021-01-31;4872;1679;1597278;48454
FR;1;2021-02-01;48369;21128;1645647;69582
FR;1;2021-02-02;66449;34568;1712096;104150
FR;1;2021-02-03;66022;36961;1778118;141111
FR;1;2021-02-04;75948;50059;1854066;191170
FR;1;2021-02-05;62588;45337;1916654;236507
FR;1;2021-02-06;19089;10396;1935743;246903
FR;1;2021-02-07;3436;5041;1939179;251944
FR;1;2021-02-08;35882;45986;1975061;297930
FR;1;2021-02-09;49962;72392;2025023;370322
FR;1;2021-02-10;50960;76646;2075983;446968
FR;1;2021-02-11;62298;99077;2138281;546045
FR;1;2021-02-12;54968;74038;2193249;620083
FR;1;2021-02-13;15183;19270;2208432;639353
FR;1;2021-02-14;3432;7190;2211864;646543
FR;1;2021-02-15;23611;73440;2235475;719983
FR;1;2021-02-16;32146;96865;2267621;816848
FR;1;2021-02-17;34415;98569;2302036;915417
FR;1;2021-02-18;48252;113474;2350288;1028891
FR;1;2021-02-19;44527;86414;2394815;1115305
FR;1;2021-02-20;13066;26920;2407881;1142225
FR;1;2021-02-21;2119;6287;2410000;1148512
FR;1;2021-02-22;24126;69415;2434126;1217927
FR;1;2021-02-23;36742;80366;2470868;1298293
FR;1;2021-02-24;39490;77662;2510358;1375955
FR;1;2021-02-25;49081;87994;2559439;1463949
FR;1;2021-02-26;46197;67888;2605636;1531837
FR;1;2021-02-27;15247;20931;2620883;1552768
FR;1;2021-02-28;3234;4386;2624117;1557154
FR;1;2021-03-01;38795;49031;2662912;1606185
FR;1;2021-03-02;54776;61505;2717688;1667690
FR;1;2021-03-03;59671;60653;2777359;1728343
FR;1;2021-03-04;71359;64894;2848718;1793237
FR;1;2021-03-05;73303;59274;2922021;1852511
FR;1;2021-03-06;81452;16094;3003473;1868605
FR;1;2021-03-07;63001;5424;3066474;1874029
FR;1;2021-03-08;58911;42480;3125385;1916509
FR;1;2021-03-09;84576;48318;3209961;1964827
FR;1;2021-03-10;89165;48067;3299126;2012894
FR;1;2021-03-11;103401;53866;3402527;2066760
FR;1;2021-03-12;102308;45270;3504835;2112030
FR;1;2021-03-13;87874;12722;3592709;2124752
FR;1;2021-03-14;43750;3031;3636459;2127783
FR;1;2021-03-15;94024;29153;3730483;2156936
FR;1;2021-03-16;122087;34908;3852570;2191844
FR;1;2021-03-17;127688;34869;3980258;2226713
FR;1;2021-03-18;141161;39756;4121419;2266469
FR;1;2021-03-19;134463;32914;4255882;2299383
FR;1;2021-03-20;75072;10212;4330954;2309595
FR;1;2021-03-21;25774;2477;4356728;2312072
FR;1;2021-03-22;113087;31191;4469815;2343263
FR;1;2021-03-23;141136;38176;4610951;2381439
FR;1;2021-03-24;140033;38791;4750984;2420230
FR;1;2021-03-25;162953;39620;4913937;2459850
FR;1;2021-03-26;164425;37500;5078362;2497350
FR;1;2021-03-27;109951;15260;5188313;2512610
FR;1;2021-03-28;41737;3624;5230050;2516234
FR;1;2021-03-29;128434;49969;5358484;2566203
FR;1;2021-03-30;165761;63600;5524245;2629803
FR;1;2021-03-31;168979;66916;5693224;2696719
FR;1;2021-04-01;191367;79256;5884591;2775975
FR;1;2021-04-02;162424;84319;6047015;2860294
FR;1;2021-04-03;87200;58188;6134215;2918482
FR;1;2021-04-04;32341;17733;6166556;2936215
FR;1;2021-04-05;42429;10178;6208985;2946393
FR;1;2021-04-06;157806;100891;6366791;3047284
FR;1;2021-04-07;194266;108272;6561057;3155556
FR;1;2021-04-08;218842;112406;6779899;3267962
FR;1;2021-04-09;211681;107520;6991580;3375482
FR;1;2021-04-10;115992;73465;7107572;3448947
FR;1;2021-04-11;40040;30288;7147612;3479235
FR;1;2021-04-12;166525;103797;7314137;3583032
FR;1;2021-04-13;201105;128263;7515242;3711295
FR;1;2021-04-14;205487;122820;7720729;3834115
FR;1;2021-04-15;218282;126766;7939011;3960881
FR;1;2021-04-16;203831;125155;8142842;4086036
FR;1;2021-04-17;120953;67490;8263795;4153526
FR;1;2021-04-18;35220;20996;8299015;4174522
FR;1;2021-04-19;161886;121935;8460901;4296457
FR;1;2021-04-20;187088;148804;8647989;4445261
FR;1;2021-04-21;191622;146761;8839611;4592022
FR;1;2021-04-22;206363;162652;9045974;4754674
FR;1;2021-04-23;196632;156940;9242606;4911614
FR;1;2021-04-24;124983;95520;9367589;5007134
FR;1;2021-04-25;52874;30140;9420463;5037274
FR;1;2021-04-26;179205;138282;9599668;5175556
FR;1;2021-04-27;218982;162011;9818650;5337567
FR;1;2021-04-28;236083;155142;10054733;5492709
FR;1;2021-04-29;267455;160093;10322188;5652802
FR;1;2021-04-30;269220;148183;10591408;5800985
FR;1;2021-05-01;138182;40719;10729590;5841704
FR;1;2021-05-02;80423;28165;10810013;5869869
FR;1;2021-05-03;247126;146549;11057139;6016418
FR;1;2021-05-04;262312;186878;11319451;6203296
FR;1;2021-05-05;278914;184604;11598365;6387900
FR;1;2021-05-06;304865;183073;11903230;6570973
FR;1;2021-05-07;280049;195761;12183279;6766734
FR;1;2021-05-08;183580;48340;12366859;6815074
FR;1;2021-05-09;112634;36234;12479493;6851308
FR;1;2021-05-10;250810;194293;12730303;7045601
FR;1;2021-05-11;313460;211459;13043763;7257060
FR;1;2021-05-12;347965;185960;13391728;7443020
FR;1;2021-05-13;277748;47685;13669476;7490705
FR;1;2021-05-14;364066;128946;14033542;7619651
FR;1;2021-05-15;291891;66180;14325433;7685831
FR;1;2021-05-16;155350;15588;14480783;7701419
FR;1;2021-05-17;313284;116749;14794067;7818168
FR;1;2021-05-18;373071;111416;15167138;7929584
FR;1;2021-05-19;387886;103023;15555024;8032607
FR;1;2021-05-20;413053;96425;15968077;8129032
FR;1;2021-05-21;392164;97538;16360241;8226570
FR;1;2021-05-22;271518;42191;16631759;8268761
FR;1;2021-05-23;121073;11256;16752832;8280017
FR;1;2021-05-24;238937;26394;16991769;8306411
FR;1;2021-05-25;358636;132083;17350405;8438494
FR;1;2021-05-26;370369;125872;17720774;8564366
FR;1;2021-05-27;398911;128460;18119685;8692826
FR;1;2021-05-28;359543;145744;18479228;8838570
FR;1;2021-05-29;250356;81092;18729584;8919662
FR;1;2021-05-30;99070;22619;18828654;8942281
FR;1;2021-05-31;309162;148973;19137816;9091254
FR;1;2021-06-01;345983;166978;19483799;9258232
FR;1;2021-06-02;347528;153500;19831327;9411732
FR;1;2021-06-03;378181;147942;20209508;9559674
FR;1;2021-06-04;351369;175825;20560877;9735499
FR;1;2021-06-05;253118;112887;20813995;9848386
FR;1;2021-06-06;123056;37572;20937051;9885958
FR;1;2021-06-07;289967;208380;21227018;10094338
FR;1;2021-06-08;323944;224318;21550962;10318656
FR;1;2021-06-09;322486;216744;21873448;10535400
FR;1;2021-06-10;326951;202541;22200399;10737941
FR;1;2021-06-11;301110;235696;22501509;10973637
FR;1;2021-06-12;237511;150986;22739020;11124623
FR;1;2021-06-13;97319;61134;22836339;11185757
FR;1;2021-06-14;197419;289339;23033758;11475096
FR;1;2021-06-15;243576;282767;23277334;11757863
FR;1;2021-06-16;261827;270780;23539161;12028643
FR;2;2020-12-27;0;0;0;0
FR;2;2020-12-28;0;0;0;0
FR;2;2020-12-29;0;0;0;0
FR;2;2020-12-30;0;0;0;0
FR;2;2020-12-31;0;0;0;0
FR;2;2021-01-01;0;0;0;0
FR;2;2021-01-02;0;0;0;0
FR;2;2021-01-03;0;0;0;0
FR;2;2021-01-04;0;0;0;0
FR;2;2021-01-05;0;0;0;0
FR;2;2021-01-06;0;0;0;0
FR;2;2021-01-07;0;0;0;0
FR;2;2021-01-08;0;0;0;0
FR;2;2021-01-09;0;0;0;0
FR;2;2021-01-10;0;0;0;0
FR;2;2021-01-11;0;0;0;0
FR;2;2021-01-12;0;0;0;0
FR;2;2021-01-13;0;0;0;0
FR;2;2021-01-14;152;0;152;0
FR;2;2021-01-15;218;0;370;0
FR;2;2021-01-16;186;0;556;0
FR;2;2021-01-17;3;0;559;0
FR;2;2021-01-18;2914;0;3473;0
FR;2;2021-01-19;4514;0;7987;0
FR;2;2021-01-20;4921;0;12908;0
FR;2;2021-01-21;5126;0;18034;0
FR;2;2021-01-22;4882;0;22916;0
FR;2;2021-01-23;1734;0;24650;0
FR;2;2021-01-24;102;0;24752;0
FR;2;2021-01-25;3635;0;28387;0
FR;2;2021-01-26;3750;0;32137;0
FR;2;2021-01-27;3440;0;35577;0
FR;2;2021-01-28;3514;0;39091;0
FR;2;2021-01-29;3082;0;42173;0
FR;2;2021-01-30;1064;0;43237;0
FR;2;2021-01-31;0;0;43237;0
FR;2;2021-02-01;3259;0;46496;0
FR;2;2021-02-02;4308;0;50804;0
FR;2;2021-02-03;5032;0;55836;0
FR;2;2021-02-04;4735;4;60571;4
FR;2;2021-02-05;4621;6;65192;10
FR;2;2021-02-06;1930;3;67122;13
FR;2;2021-02-07;42;0;67164;13
FR;2;2021-02-08;7428;8;74592;21
FR;2;2021-02-09;8258;16;82850;37
FR;2;2021-02-10;9141;49;91991;86
FR;2;2021-02-11;10056;67;102047;153
FR;2;2021-02-12;9815;238;111862;391
FR;2;2021-02-13;3016;222;114878;613
FR;2;2021-02-14;296;0;115174;613
FR;2;2021-02-15;3359;3067;118533;3680
FR;2;2021-02-16;4909;3881;123442;7561
FR;2;2021-02-17;4105;4403;127547;11964
FR;2;2021-02-18;5234;5089;132781;17053
FR;2;2021-02-19;5213;4323;137994;21376
FR;2;2021-02-20;1764;1509;139758;22885
FR;2;2021-02-21;197;86;139955;22971
FR;2;2021-02-22;3515;3723;143470;26694
FR;2;2021-02-23;4837;3693;148307;30387
FR;2;2021-02-24;4759;3468;153066;33855
FR;2;2021-02-25;5293;3426;158359;37281
FR;2;2021-02-26;4197;3125;162556;40406
FR;2;2021-02-27;1502;1042;164058;41448
FR;2;2021-02-28;99;28;164157;41476
FR;2;2021-03-01;4961;3764;169118;45240
FR;2;2021-03-02;6308;4728;175426;49968
FR;2;2021-03-03;6244;4883;181670;54851
FR;2;2021-03-04;8072;3967;189742;58818
FR;2;2021-03-05;7769;4060;197511;62878
FR;2;2021-03-06;4621;1682;202132;64560
FR;2;2021-03-07;2284;29;204416;64589
FR;2;2021-03-08;3974;8311;208390;72900
FR;2;2021-03-09;7267;8429;215657;81329
FR;2;2021-03-10;6862;9109;222519;90438
FR;2;2021-03-11;9084;9208;231603;99646
FR;2;2021-03-12;7717;8170;239320;107816
FR;2;2021-03-13;9872;2511;249192;110327
FR;2;2021-03-14;4753;402;253945;110729
FR;2;2021-03-15;10651;3484;264596;114213
FR;2;2021-03-16;16456;4621;281052;118834
FR;2;2021-03-17;19896;3952;300948;122786
FR;2;2021-03-18;22958;4910;323906;127696
FR;2;2021-03-19;22886;4538;346792;132234
FR;2;2021-03-20;25145;1540;371937;133774
FR;2;2021-03-21;17472;147;389409;133921
FR;2;2021-03-22;17398;3078;406807;136999
FR;2;2021-03-23;22268;4183;429075;141182
FR;2;2021-03-24;23552;4988;452627;146170
FR;2;2021-03-25;26280;5022;478907;151192
FR;2;2021-03-26;26591;4261;505498;155453
FR;2;2021-03-27;15639;1309;521137;156762
FR;2;2021-03-28;10395;94;531532;156856
FR;2;2021-03-29;18650;4281;550182;161137
FR;2;2021-03-30;24174;6002;574356;167139
FR;2;2021-03-31;28126;5958;602482;173097
FR;2;2021-04-01;33981;8495;636463;181592
FR;2;2021-04-02;29558;7662;666021;189254
FR;2;2021-04-03;16728;3582;682749;192836
FR;2;2021-04-04;9161;918;691910;193754
FR;2;2021-04-05;12122;811;704032;194565
FR;2;2021-04-06;26769;6933;730801;201498
FR;2;2021-04-07;30582;7174;761383;208672
FR;2;2021-04-08;36498;8818;797881;217490
FR;2;2021-04-09;33395;8602;831276;226092
FR;2;2021-04-10;19448;8969;850724;235061
FR;2;2021-04-11;7815;4272;858539;239333
FR;2;2021-04-12;16805;11255;875344;250588
FR;2;2021-04-13;19110;16426;894454;267014
FR;2;2021-04-14;17661;16285;912115;283299
FR;2;2021-04-15;21847;20757;933962;304056
FR;2;2021-04-16;20386;20073;954348;324129
FR;2;2021-04-17;13055;22462;967403;346591
FR;2;2021-04-18;5785;14405;973188;360996
FR;2;2021-04-19;16484;16263;989672;377259
FR;2;2021-04-20;18993;21595;1008665;398854
FR;2;2021-04-21;19762;21665;1028427;420519
FR;2;2021-04-22;23412;24863;1051839;445382
FR;2;2021-04-23;24216;25352;1076055;470734
FR;2;2021-04-24;25104;15111;1101159;485845
FR;2;2021-04-25;9496;8589;1110655;494434
FR;2;2021-04-26;16903;17196;1127558;511630
FR;2;2021-04-27;19023;24307;1146581;535937
FR;2;2021-04-28;21878;26188;1168459;562125
FR;2;2021-04-29;25190;30137;1193649;592262
FR;2;2021-04-30;25328;27782;1218977;620044
FR;2;2021-05-01;14796;9863;1233773;629907
FR;2;2021-05-02;6517;9184;1240290;639091
FR;2;2021-05-03;19576;19328;1259866;658419
FR;2;2021-05-04;18037;29056;1277903;687475
FR;2;2021-05-05;17983;29415;1295886;716890
FR;2;2021-05-06;23215;35294;1319101;752184
FR;2;2021-05-07;24815;33245;1343916;785429
FR;2;2021-05-08;20298;9704;1364214;795133
FR;2;2021-05-09;12967;7894;1377181;803027
FR;2;2021-05-10;32266;22223;1409447;825250
FR;2;2021-05-11;43012;21078;1452459;846328
FR;2;2021-05-12;48960;19907;1501419;866235
FR;2;2021-05-13;50504;5770;1551923;872005
FR;2;2021-05-14;60471;12957;1612394;884962
FR;2;2021-05-15;65212;7153;1677606;892115
FR;2;2021-05-16;42974;2575;1720580;894690
FR;2;2021-05-17;44080;12591;1764660;907281
FR;2;2021-05-18;53438;12256;1818098;919537
FR;2;2021-05-19;56250;10636;1874348;930173
FR;2;2021-05-20;62451;10900;1936799;941073
FR;2;2021-05-21;63201;11686;2000000;952759
FR;2;2021-05-22;60746;4528;2060746;957287
FR;2;2021-05-23;36926;577;2097672;957864
FR;2;2021-05-24;16822;2033;2114494;959897
FR;2;2021-05-25;20516;12244;2135010;972141
FR;2;2021-05-26;19054;11469;2154064;983610
FR;2;2021-05-27;22387;12670;2176451;996280
FR;2;2021-05-28;28742;14992;2205193;1011272
FR;2;2021-05-29;29957;8191;2235150;1019463
FR;2;2021-05-30;4468;1811;2239618;1021274
FR;2;2021-05-31;27995;18761;2267613;1040035
FR;2;2021-06-01;44257;20077;2311870;1060112
FR;2;2021-06-02;36407;19319;2348277;1079431
FR;2;2021-06-03;50243;23409;2398520;1102840
FR;2;2021-06-04;64362;24107;2462882;1126947
FR;2;2021-06-05;33785;24053;2496667;1151000
FR;2;2021-06-06;4725;6206;2501392;1157206
FR;2;2021-06-07;27482;23113;2528874;1180319
FR;2;2021-06-08;45549;23267;2574423;1203586
FR;2;2021-06-09;32880;21511;2607303;1225097
FR;2;2021-06-10;40879;19162;2648182;1244259
FR;2;2021-06-11;53911;25257;2702093;1269516
FR;2;2021-06-12;29678;19823;2731771;1289339
FR;2;2021-06-13;3058;9190;2734829;1298529
FR;2;2021-06-14;24465;24197;2759294;1322726
FR;2;2021-06-15;37750;22898;2797044;1345624
FR;2;2021-06-16;28861;21551;2825905;1367175
FR;3;2020-12-27;0;0;0;0
FR;3;2020-12-28;0;0;0;0
FR;3;2020-12-29;0;0;0;0
FR;3;2020-12-30;0;0;0;0
FR;3;2020-12-31;0;0;0;0
FR;3;2021-01-01;0;0;0;0
FR;3;2021-01-02;0;0;0;0
FR;3;2021-01-03;0;0;0;0
FR;3;2021-01-04;0;0;0;0
FR;3;2021-01-05;0;0;0;0
FR;3;2021-01-06;0;0;0;0
FR;3;2021-01-07;0;0;0;0
FR;3;2021-01-08;0;0;0;0
FR;3;2021-01-09;0;0;0;0
FR;3;2021-01-10;0;0;0;0
FR;3;2021-01-11;0;0;0;0
FR;3;2021-01-12;0;0;0;0
FR;3;2021-01-13;0;0;0;0
FR;3;2021-01-14;0;0;0;0
FR;3;2021-01-15;0;0;0;0
FR;3;2021-01-16;0;0;0;0
FR;3;2021-01-17;0;0;0;0
FR;3;2021-01-18;0;0;0;0
FR;3;2021-01-19;0;0;0;0
FR;3;2021-01-20;0;0;0;0
FR;3;2021-01-21;0;0;0;0
FR;3;2021-01-22;0;0;0;0
FR;3;2021-01-23;0;0;0;0
FR;3;2021-01-24;0;0;0;0
FR;3;2021-01-25;0;0;0;0
FR;3;2021-01-26;0;0;0;0
FR;3;2021-01-27;0;0;0;0
FR;3;2021-01-28;0;0;0;0
FR;3;2021-01-29;0;0;0;0
FR;3;2021-01-30;0;0;0;0
FR;3;2021-01-31;0;0;0;0
FR;3;2021-02-01;0;0;0;0
FR;3;2021-02-02;0;0;0;0
FR;3;2021-02-03;0;0;0;0
FR;3;2021-02-04;0;0;0;0
FR;3;2021-02-05;0;0;0;0
FR;3;2021-02-06;328;0;328;0
FR;3;2021-02-07;1348;0;1676;0
FR;3;2021-02-08;2635;0;4311;0
FR;3;2021-02-09;6644;0;10955;0
FR;3;2021-02-10;9240;0;20195;0
FR;3;2021-02-11;13359;0;33554;0
FR;3;2021-02-12;13048;0;46602;0
FR;3;2021-02-13;3517;0;50119;0
FR;3;2021-02-14;869;0;50988;0
FR;3;2021-02-15;10128;0;61116;0
FR;3;2021-02-16;12178;0;73294;0
FR;3;2021-02-17;10819;0;84113;0
FR;3;2021-02-18;14581;0;98694;0
FR;3;2021-02-19;14121;0;112815;0
FR;3;2021-02-20;3181;0;115996;0
FR;3;2021-02-21;544;0;116540;0
FR;3;2021-02-22;8916;0;125456;0
FR;3;2021-02-23;11114;0;136570;0
FR;3;2021-02-24;13910;0;150480;0
FR;3;2021-02-25;44419;0;194899;0
FR;3;2021-02-26;61433;0;256332;0
FR;3;2021-02-27;34485;8;290817;8
FR;3;2021-02-28;2347;0;293164;8
FR;3;2021-03-01;19949;9;313113;17
FR;3;2021-03-02;38365;14;351478;31
FR;3;2021-03-03;47929;18;399407;49
FR;3;2021-03-04;81257;23;480664;72
FR;3;2021-03-05;117118;61;597782;133
FR;3;2021-03-06;119353;53;717135;186
FR;3;2021-03-07;54630;28;771765;214
FR;3;2021-03-08;42150;20;813915;234
FR;3;2021-03-09;78121;31;892036;265
FR;3;2021-03-10;79940;39;971976;304
FR;3;2021-03-11;127301;49;1099277;353
FR;3;2021-03-12;181367;70;1280644;423
FR;3;2021-03-13;131142;56;1411786;479
FR;3;2021-03-14;13792;4;1425578;483
FR;3;2021-03-15;51481;37;1477059;520
FR;3;2021-03-16;929;13;1477988;533
FR;3;2021-03-17;657;6;1478645;539
FR;3;2021-03-18;1214;4;1479859;543
FR;3;2021-03-19;69765;36;1549624;579
FR;3;2021-03-20;64654;38;1614278;617
FR;3;2021-03-21;5517;4;1619795;621
FR;3;2021-03-22;36899;32;1656694;653
FR;3;2021-03-23;83785;50;1740479;703
FR;3;2021-03-24;90136;93;1830615;796
FR;3;2021-03-25;148814;116;1979429;912
FR;3;2021-03-26;164199;157;2143628;1069
FR;3;2021-03-27;67644;90;2211272;1159
FR;3;2021-03-28;6234;19;2217506;1178
FR;3;2021-03-29;53520;61;2271026;1239
FR;3;2021-03-30;92299;88;2363325;1327
FR;3;2021-03-31;62689;82;2426014;1409
FR;3;2021-04-01;85050;104;2511064;1513
FR;3;2021-04-02;86023;147;2597087;1660
FR;3;2021-04-03;35312;109;2632399;1769
FR;3;2021-04-04;3392;15;2635791;1784
FR;3;2021-04-05;4242;21;2640033;1805
FR;3;2021-04-06;29041;76;2669074;1881
FR;3;2021-04-07;31633;60;2700707;1941
FR;3;2021-04-08;77662;234;2778369;2175
FR;3;2021-04-09;160226;410;2938595;2585
FR;3;2021-04-10;74715;331;3013310;2916
FR;3;2021-04-11;7039;44;3020349;2960
FR;3;2021-04-12;50641;197;3070990;3157
FR;3;2021-04-13;85189;315;3156179;3472
FR;3;2021-04-14;66656;341;3222835;3813
FR;3;2021-04-15;91756;369;3314591;4182
FR;3;2021-04-16;111117;571;3425708;4753
FR;3;2021-04-17;52348;327;3478056;5080
FR;3;2021-04-18;9437;33;3487493;5113
FR;3;2021-04-19;24474;234;3511967;5347
FR;3;2021-04-20;44846;395;3556813;5742
FR;3;2021-04-21;38052;450;3594865;6192
FR;3;2021-04-22;53721;791;3648586;6983
FR;3;2021-04-23;69475;1019;3718061;8002
FR;3;2021-04-24;36528;976;3754589;8978
FR;3;2021-04-25;5917;158;3760506;9136
FR;3;2021-04-26;19101;662;3779607;9798
FR;3;2021-04-27;33718;1246;3813325;11044
FR;3;2021-04-28;28283;1925;3841608;12969
FR;3;2021-04-29;44565;5956;3886173;18925
FR;3;2021-04-30;54596;8932;3940769;27857
FR;3;2021-05-01;9179;1968;3949948;29825
FR;3;2021-05-02;2798;500;3952746;30325
FR;3;2021-05-03;12520;3881;3965266;34206
FR;3;2021-05-04;22437;8455;3987703;42661
FR;3;2021-05-05;18049;10574;4005752;53235
FR;3;2021-05-06;33874;20906;4039626;74141
FR;3;2021-05-07;43375;28410;4083001;102551
FR;3;2021-05-08;6353;8901;4089354;111452
FR;3;2021-05-09;1563;2655;4090917;114107
FR;3;2021-05-10;14424;12567;4105341;126674
FR;3;2021-05-11;26398;25738;4131739;152412
FR;3;2021-05-12;16707;27453;4148446;179865
FR;3;2021-05-13;2001;3480;4150447;183345
FR;3;2021-05-14;14062;25742;4164509;209087
FR;3;2021-05-15;6911;20734;4171420;229821
FR;3;2021-05-16;811;2680;4172231;232501
FR;3;2021-05-17;7503;19915;4179734;252416
FR;3;2021-05-18;12906;29634;4192640;282050
FR;3;2021-05-19;8797;31866;4201437;313916
FR;3;2021-05-20;12274;53220;4213711;367136
FR;3;2021-05-21;12242;65540;4225953;432676
FR;3;2021-05-22;4664;33300;4230617;465976
FR;3;2021-05-23;535;2665;4231152;468641
FR;3;2021-05-24;581;4920;4231733;473561
FR;3;2021-05-25;4978;45189;4236711;518750
FR;3;2021-05-26;4554;51055;4241265;569805
FR;3;2021-05-27;5937;77848;4247202;647653
FR;3;2021-05-28;7128;99104;4254330;746757
FR;3;2021-05-29;3068;60285;4257398;807042
FR;3;2021-05-30;379;8243;4257777;815285
FR;3;2021-05-31;2060;36000;4259837;851285
FR;3;2021-06-01;2973;64820;4262810;916105
FR;3;2021-06-02;2353;58361;4265163;974466
FR;3;2021-06-03;3177;87588;4268340;1062054
FR;3;2021-06-04;3841;105129;4272181;1167183
FR;3;2021-06-05;1752;52247;4273933;1219430
FR;3;2021-06-06;263;5400;4274196;1224830
FR;3;2021-06-07;1092;31184;4275288;1256014
FR;3;2021-06-08;2228;47889;4277516;1303903
FR;3;2021-06-09;1395;42455;4278911;1346358
FR;3;2021-06-10;1866;68014;4280777;1414372
FR;3;2021-06-11;2209;96814;4282986;1511186
FR;3;2021-06-12;998;40841;4283984;1552027
FR;3;2021-06-13;137;3823;4284121;1555850
FR;3;2021-06-14;732;42672;4284853;1598522
FR;3;2021-06-15;1173;80696;4286026;1679218
FR;3;2021-06-16;1004;65787;4287030;1745005
FR;4;2020-12-27;0;0;0;0
FR;4;2020-12-28;0;0;0;0
FR;4;2020-12-29;0;0;0;0
FR;4;2020-12-30;0;0;0;0
FR;4;2020-12-31;0;0;0;0
FR;4;2021-01-01;0;0;0;0
FR;4;2021-01-02;0;0;0;0
FR;4;2021-01-03;0;0;0;0
FR;4;2021-01-04;0;0;0;0
FR;4;2021-01-05;0;0;0;0
FR;4;2021-01-06;0;0;0;0
FR;4;2021-01-07;0;0;0;0
FR;4;2021-01-08;0;0;0;0
FR;4;2021-01-09;0;0;0;0
FR;4;2021-01-10;0;0;0;0
FR;4;2021-01-11;0;0;0;0
FR;4;2021-01-12;0;0;0;0
FR;4;2021-01-13;0;0;0;0
FR;4;2021-01-14;0;0;0;0
FR;4;2021-01-15;0;0;0;0
FR;4;2021-01-16;0;0;0;0
FR;4;2021-01-17;0;0;0;0
FR;4;2021-01-18;0;0;0;0
FR;4;2021-01-19;0;0;0;0
FR;4;2021-01-20;0;0;0;0
FR;4;2021-01-21;0;0;0;0
FR;4;2021-01-22;0;0;0;0
FR;4;2021-01-23;0;0;0;0
FR;4;2021-01-24;0;0;0;0
FR;4;2021-01-25;0;0;0;0
FR;4;2021-01-26;0;0;0;0
FR;4;2021-01-27;0;0;0;0
FR;4;2021-01-28;0;0;0;0
FR;4;2021-01-29;0;0;0;0
FR;4;2021-01-30;0;0;0;0
FR;4;2021-01-31;0;0;0;0
FR;4;2021-02-01;0;0;0;0
FR;4;2021-02-02;0;0;0;0
FR;4;2021-02-03;0;0;0;0
FR;4;2021-02-04;0;0;0;0
FR;4;2021-02-05;0;0;0;0
FR;4;2021-02-06;0;0;0;0
FR;4;2021-02-07;0;0;0;0
FR;4;2021-02-08;0;0;0;0
FR;4;2021-02-09;0;0;0;0
FR;4;2021-02-10;0;0;0;0
FR;4;2021-02-11;0;0;0;0
FR;4;2021-02-12;0;0;0;0
FR;4;2021-02-13;0;0;0;0
FR;4;2021-02-14;0;0;0;0
FR;4;2021-02-15;0;0;0;0
FR;4;2021-02-16;0;0;0;0
FR;4;2021-02-17;0;0;0;0
FR;4;2021-02-18;0;0;0;0
FR;4;2021-02-19;0;0;0;0
FR;4;2021-02-20;0;0;0;0
FR;4;2021-02-21;0;0;0;0
FR;4;2021-02-22;0;0;0;0
FR;4;2021-02-23;0;0;0;0
FR;4;2021-02-24;0;0;0;0
FR;4;2021-02-25;0;0;0;0
FR;4;2021-02-26;0;0;0;0
FR;4;2021-02-27;0;0;0;0
FR;4;2021-02-28;0;0;0;0
FR;4;2021-03-01;0;0;0;0
FR;4;2021-03-02;0;0;0;0
FR;4;2021-03-03;0;0;0;0
FR;4;2021-03-04;0;0;0;0
FR;4;2021-03-05;0;0;0;0
FR;4;2021-03-06;0;0;0;0
FR;4;2021-03-07;0;0;0;0
FR;4;2021-03-08;0;0;0;0
FR;4;2021-03-09;0;0;0;0
FR;4;2021-03-10;0;0;0;0
FR;4;2021-03-11;0;0;0;0
FR;4;2021-03-12;0;0;0;0
FR;4;2021-03-13;0;0;0;0
FR;4;2021-03-14;0;0;0;0
FR;4;2021-03-15;0;0;0;0
FR;4;2021-03-16;0;0;0;0
FR;4;2021-03-17;0;0;0;0
FR;4;2021-03-18;0;0;0;0
FR;4;2021-03-19;0;0;0;0
FR;4;2021-03-20;0;0;0;0
FR;4;2021-03-21;0;0;0;0
FR;4;2021-03-22;0;0;0;0
FR;4;2021-03-23;0;0;0;0
FR;4;2021-03-24;0;0;0;0
FR;4;2021-03-25;0;0;0;0
FR;4;2021-03-26;0;0;0;0
FR;4;2021-03-27;0;0;0;0
FR;4;2021-03-28;0;0;0;0
FR;4;2021-03-29;0;0;0;0
FR;4;2021-03-30;0;0;0;0
FR;4;2021-03-31;0;0;0;0
FR;4;2021-04-01;0;0;0;0
FR;4;2021-04-02;0;0;0;0
FR;4;2021-04-03;0;0;0;0
FR;4;2021-04-04;0;0;0;0
FR;4;2021-04-05;0;0;0;0
FR;4;2021-04-06;0;0;0;0
FR;4;2021-04-07;0;0;0;0
FR;4;2021-04-08;0;0;0;0
FR;4;2021-04-09;0;0;0;0
FR;4;2021-04-10;0;0;0;0
FR;4;2021-04-11;0;0;0;0
FR;4;2021-04-12;0;0;0;0
FR;4;2021-04-13;0;0;0;0
FR;4;2021-04-14;0;0;0;0
FR;4;2021-04-15;0;0;0;0
FR;4;2021-04-16;0;0;0;0
FR;4;2021-04-17;0;0;0;0
FR;4;2021-04-18;0;0;0;0
FR;4;2021-04-19;0;0;0;0
FR;4;2021-04-20;0;0;0;0
FR;4;2021-04-21;0;0;0;0
FR;4;2021-04-22;0;0;0;0
FR;4;2021-04-23;792;0;792;0
FR;4;2021-04-24;1552;0;2344;0
FR;4;2021-04-25;117;0;2461;0
FR;4;2021-04-26;2829;0;5290;0
FR;4;2021-04-27;9385;4;14675;4
FR;4;2021-04-28;9771;3;24446;7
FR;4;2021-04-29;15883;7;40329;14
FR;4;2021-04-30;19081;7;59410;21
FR;4;2021-05-01;1897;5;61307;26
FR;4;2021-05-02;440;0;61747;26
FR;4;2021-05-03;4928;1;66675;27
FR;4;2021-05-04;8249;8;74924;35
FR;4;2021-05-05;6004;7;80928;42
FR;4;2021-05-06;11257;11;92185;53
FR;4;2021-05-07;18906;8;111091;61
FR;4;2021-05-08;2259;5;113350;66
FR;4;2021-05-09;629;2;113979;68
FR;4;2021-05-10;7092;8;121071;76
FR;4;2021-05-11;14113;12;135184;88
FR;4;2021-05-12;9955;14;145139;102
FR;4;2021-05-13;1440;2;146579;104
FR;4;2021-05-14;7597;8;154176;112
FR;4;2021-05-15;3586;9;157762;121
FR;4;2021-05-16;356;1;158118;122
FR;4;2021-05-17;4258;2;162376;124
FR;4;2021-05-18;8583;10;170959;134
FR;4;2021-05-19;5516;5;176475;139
FR;4;2021-05-20;9214;6;185689;145
FR;4;2021-05-21;12511;26;198200;171
FR;4;2021-05-22;4928;13;203128;184
FR;4;2021-05-23;424;2;203552;186
FR;4;2021-05-24;938;3;204490;189
FR;4;2021-05-25;7396;16;211886;205
FR;4;2021-05-26;7547;12;219433;217
FR;4;2021-05-27;14093;34;233526;251
FR;4;2021-05-28;26238;74;259764;325
FR;4;2021-05-29;11127;18;270891;343
FR;4;2021-05-30;859;2;271750;345
FR;4;2021-05-31;12427;19;284177;364
FR;4;2021-06-01;19794;42;303971;406
FR;4;2021-06-02;14195;34;318166;440
FR;4;2021-06-03;19110;24;337276;464
FR;4;2021-06-04;22051;45;359327;509
FR;4;2021-06-05;9417;28;368744;537
FR;4;2021-06-06;914;0;369658;537
FR;4;2021-06-07;8879;16;378537;553
FR;4;2021-06-08;14174;51;392711;604
FR;4;2021-06-09;11480;423;404191;1027
FR;4;2021-06-10;14909;28;419100;1055
FR;4;2021-06-11;16503;53;435603;1108
FR;4;2021-06-12;7137;26;442740;1134
FR;4;2021-06-13;803;8;443543;1142
FR;4;2021-06-14;6303;22;449846;1164
FR;4;2021-06-15;10378;31;460224;1195
FR;4;2021-06-16;8273;13;468497;1208
FR;0;2020-12-27;20;0;20;0
FR;0;2020-12-28;71;0;91;0
FR;0;2020-12-29;108;0;199;0
FR;0;2020-12-30;123;0;322;0
FR;0;2020-12-31;87;0;409;0
FR;0;2021-01-01;73;0;482;0
FR;0;2021-01-02;88;0;570;0
FR;0;2021-01-03;92;0;662;0
FR;0;2021-01-04;1479;0;2141;0
FR;0;2021-01-05;5412;0;7553;0
FR;0;2021-01-06;11318;0;18871;0
FR;0;2021-01-07;28574;0;47445;0
FR;0;2021-01-08;36285;0;83730;0
FR;0;2021-01-09;10939;0;94669;0
FR;0;2021-01-10;5634;0;100303;0
FR;0;2021-01-11;39098;0;139401;0
FR;0;2021-01-12;60986;0;200387;0
FR;0;2021-01-13;63928;0;264315;0
FR;0;2021-01-14;79978;0;344293;0
FR;0;2021-01-15;67579;0;411872;0
FR;0;2021-01-16;19744;87;431616;87
FR;0;2021-01-17;10473;42;442089;129
FR;0;2021-01-18;84481;164;526570;293
FR;0;2021-01-19;128549;128;655119;421
FR;0;2021-01-20;135358;160;790477;581
FR;0;2021-01-21;155542;141;946019;722
FR;0;2021-01-22;118778;163;1064797;885
FR;0;2021-01-23;37860;52;1102657;937
FR;0;2021-01-24;9369;28;1112026;965
FR;0;2021-01-25;76901;1219;1188927;2184
FR;0;2021-01-26;98923;3113;1287850;5297
FR;0;2021-01-27;105714;5599;1393564;10896
FR;0;2021-01-28;122461;14361;1516025;25257
FR;0;2021-01-29;90953;17293;1606978;42550
FR;0;2021-01-30;28665;4225;1635643;46775
FR;0;2021-01-31;4872;1679;1640515;48454
FR;0;2021-02-01;51628;21128;1692143;69582
FR;0;2021-02-02;70757;34568;1762900;104150
FR;0;2021-02-03;71054;36961;1833954;141111
FR;0;2021-02-04;80683;50063;1914637;191174
FR;0;2021-02-05;67209;45343;1981846;236517
FR;0;2021-02-06;21347;10399;2003193;246916
FR;0;2021-02-07;4826;5041;2008019;251957
FR;0;2021-02-08;45945;45994;2053964;297951
FR;0;2021-02-09;64864;72408;2118828;370359
FR;0;2021-02-10;69341;76695;2188169;447054
FR;0;2021-02-11;85713;99144;2273882;546198
FR;0;2021-02-12;77831;74276;2351713;620474
FR;0;2021-02-13;21716;19492;2373429;639966
FR;0;2021-02-14;4597;7190;2378026;647156
FR;0;2021-02-15;37098;76507;2415124;723663
FR;0;2021-02-16;49233;100746;2464357;824409
FR;0;2021-02-17;49339;102972;2513696;927381
FR;0;2021-02-18;68067;118563;2581763;1045944
FR;0;2021-02-19;63861;90737;2645624;1136681
FR;0;2021-02-20;18011;28429;2663635;1165110
FR;0;2021-02-21;2860;6373;2666495;1171483
FR;0;2021-02-22;36557;73138;2703052;1244621
FR;0;2021-02-23;52693;84059;2755745;1328680
FR;0;2021-02-24;58159;81130;2813904;1409810
FR;0;2021-02-25;98793;91420;2912697;1501230
FR;0;2021-02-26;111827;71013;3024524;1572243
FR;0;2021-02-27;51234;21981;3075758;1594224
FR;0;2021-02-28;5680;4414;3081438;1598638
FR;0;2021-03-01;63705;52804;3145143;1651442
FR;0;2021-03-02;99449;66247;3244592;1717689
FR;0;2021-03-03;113844;65554;3358436;1783243
FR;0;2021-03-04;160688;68884;3519124;1852127
FR;0;2021-03-05;198190;63395;3717314;1915522
FR;0;2021-03-06;205426;17829;3922740;1933351
FR;0;2021-03-07;119915;5481;4042655;1938832
FR;0;2021-03-08;105035;50811;4147690;1989643
FR;0;2021-03-09;169964;56778;4317654;2046421
FR;0;2021-03-10;175967;57215;4493621;2103636
FR;0;2021-03-11;239786;63123;4733407;2166759
FR;0;2021-03-12;291392;53510;5024799;2220269
FR;0;2021-03-13;228888;15289;5253687;2235558
FR;0;2021-03-14;62295;3437;5315982;2238995
FR;0;2021-03-15;156156;32674;5472138;2271669
FR;0;2021-03-16;139472;39542;5611610;2311211
FR;0;2021-03-17;148241;38827;5759851;2350038
FR;0;2021-03-18;165333;44670;5925184;2394708
FR;0;2021-03-19;227114;37488;6152298;2432196
FR;0;2021-03-20;164871;11790;6317169;2443986
FR;0;2021-03-21;48763;2628;6365932;2446614
FR;0;2021-03-22;167384;34301;6533316;2480915
FR;0;2021-03-23;247189;42409;6780505;2523324
FR;0;2021-03-24;253721;43872;7034226;2567196
FR;0;2021-03-25;338047;44758;7372273;2611954
FR;0;2021-03-26;355215;41918;7727488;2653872
FR;0;2021-03-27;193234;16659;7920722;2670531
FR;0;2021-03-28;58366;3737;7979088;2674268
FR;0;2021-03-29;200604;54311;8179692;2728579
FR;0;2021-03-30;282234;69690;8461926;2798269
FR;0;2021-03-31;259794;72956;8721720;2871225
FR;0;2021-04-01;310398;87855;9032118;2959080
FR;0;2021-04-02;278005;92128;9310123;3051208
FR;0;2021-04-03;139240;61879;9449363;3113087
FR;0;2021-04-04;44894;18666;9494257;3131753
FR;0;2021-04-05;58793;11010;9553050;3142763
FR;0;2021-04-06;213616;107900;9766666;3250663
FR;0;2021-04-07;256481;115506;10023147;3366169
FR;0;2021-04-08;333002;121458;10356149;3487627
FR;0;2021-04-09;405302;116532;10761451;3604159
FR;0;2021-04-10;210155;82765;10971606;3686924
FR;0;2021-04-11;54894;34604;11026500;3721528
FR;0;2021-04-12;233971;115249;11260471;3836777
FR;0;2021-04-13;305404;145004;11565875;3981781
FR;0;2021-04-14;289804;139446;11855679;4121227
FR;0;2021-04-15;331885;147892;12187564;4269119
FR;0;2021-04-16;335334;145799;12522898;4414918
FR;0;2021-04-17;186356;90279;12709254;4505197
FR;0;2021-04-18;50442;35434;12759696;4540631
FR;0;2021-04-19;202844;138432;12962540;4679063
FR;0;2021-04-20;250927;170794;13213467;4849857
FR;0;2021-04-21;249436;168876;13462903;5018733
FR;0;2021-04-22;283496;188306;13746399;5207039
FR;0;2021-04-23;291115;183311;14037514;5390350
FR;0;2021-04-24;188167;111607;14225681;5501957
FR;0;2021-04-25;68404;38887;14294085;5540844
FR;0;2021-04-26;218038;156140;14512123;5696984
FR;0;2021-04-27;281108;187568;14793231;5884552
FR;0;2021-04-28;296015;183258;15089246;6067810
FR;0;2021-04-29;353093;196193;15442339;6264003
FR;0;2021-04-30;368225;184904;15810564;6448907
FR;0;2021-05-01;164054;52555;15974618;6501462
FR;0;2021-05-02;90178;37849;16064796;6539311
FR;0;2021-05-03;284150;169759;16348946;6709070
FR;0;2021-05-04;311035;224397;16659981;6933467
FR;0;2021-05-05;320950;224600;16980931;7158067
FR;0;2021-05-06;373211;239284;17354142;7397351
FR;0;2021-05-07;367145;257424;17721287;7654775
FR;0;2021-05-08;212490;66950;17933777;7721725
FR;0;2021-05-09;127793;46785;18061570;7768510
FR;0;2021-05-10;304592;229091;18366162;7997601
FR;0;2021-05-11;396983;258287;18763145;8255888
FR;0;2021-05-12;423587;233334;19186732;8489222
FR;0;2021-05-13;331693;56937;19518425;8546159
FR;0;2021-05-14;446196;167653;19964621;8713812
FR;0;2021-05-15;367600;94076;20332221;8807888
FR;0;2021-05-16;199491;20844;20531712;8828732
FR;0;2021-05-17;369125;149257;20900837;8977989
FR;0;2021-05-18;447998;153316;21348835;9131305
FR;0;2021-05-19;458449;145530;21807284;9276835
FR;0;2021-05-20;496992;160551;22304276;9437386
FR;0;2021-05-21;480118;174790;22784394;9612176
FR;0;2021-05-22;341856;80032;23126250;9692208
FR;0;2021-05-23;158958;14500;23285208;9706708
FR;0;2021-05-24;257278;33350;23542486;9740058
FR;0;2021-05-25;391526;189532;23934012;9929590
FR;0;2021-05-26;401524;188408;24335536;10117998
FR;0;2021-05-27;441328;219012;24776864;10337010
FR;0;2021-05-28;421651;259914;25198515;10596924
FR;0;2021-05-29;294508;149586;25493023;10746510
FR;0;2021-05-30;104776;32675;25597799;10779185
FR;0;2021-05-31;351644;203753;25949443;10982938
FR;0;2021-06-01;413007;251917;26362450;11234855
FR;0;2021-06-02;400483;231214;26762933;11466069
FR;0;2021-06-03;450711;258963;27213644;11725032
FR;0;2021-06-04;441623;305106;27655267;12030138
FR;0;2021-06-05;298072;189215;27953339;12219353
FR;0;2021-06-06;128958;49178;28082297;12268531
FR;0;2021-06-07;327420;262693;28409717;12531224
FR;0;2021-06-08;385895;295525;28795612;12826749
FR;0;2021-06-09;368241;281133;29163853;13107882
FR;0;2021-06-10;384605;289745;29548458;13397627
FR;0;2021-06-11;373733;357820;29922191;13755447
FR;0;2021-06-12;275324;211676;30197515;13967123
FR;0;2021-06-13;101317;74155;30298832;14041278
FR;0;2021-06-14;228919;356230;30527751;14397508
FR;0;2021-06-15;292877;386392;30820628;14783900
FR;0;2021-06-16;299965;358131;31120593;15142031
