fra;vaccin;jour;n_dose1;n_dose2;n_dose3;n_dose4;n_complet;n_rappel;n_2_rappel;n_rappel_biv;n_3_rappel;n_cum_dose1;n_cum_dose2;n_cum_dose3;n_cum_dose4;n_cum_complet;n_cum_rappel;n_cum_2_rappel;n_cum_rappel_biv;n_cum_3_rappel
FR;1;2020-12-27;616;0;0;0;55;0;0;0;0;616;0;0;0;55;0;0;0;0
FR;1;2020-12-28;709;1;0;0;44;0;0;0;0;1325;1;0;0;99;0;0;0;0
FR;1;2020-12-29;389;0;0;0;19;0;0;0;0;1714;1;0;0;118;0;0;0;0
FR;1;2020-12-30;456;0;0;0;20;0;0;0;0;2170;1;0;0;138;0;0;0;0
FR;1;2020-12-31;451;1;0;0;21;0;0;0;0;2621;2;0;0;159;0;0;0;0
FR;1;2021-01-01;1199;2;0;0;66;0;0;0;0;3820;4;0;0;225;0;0;0;0
FR;1;2021-01-02;369;4;0;0;29;0;0;0;0;4189;8;0;0;254;0;0;0;0
FR;1;2021-01-03;419;0;0;0;23;0;0;0;0;4608;8;0;0;277;0;0;0;0
FR;1;2021-01-04;2150;5;0;0;51;0;0;0;0;6758;13;0;0;328;0;0;0;0
FR;1;2021-01-05;7793;6;0;0;128;0;0;0;0;14551;19;0;0;456;0;0;0;0
FR;1;2021-01-06;12491;23;0;0;128;0;0;0;0;27042;42;0;0;584;0;0;0;0
FR;1;2021-01-07;29480;24;0;0;159;0;0;0;0;56522;66;0;0;743;0;0;0;0
FR;1;2021-01-08;37170;36;0;0;205;0;0;0;0;93692;102;0;0;948;0;0;0;0
FR;1;2021-01-09;11221;9;0;0;77;0;0;0;0;104913;111;0;0;1025;0;0;0;0
FR;1;2021-01-10;6017;8;0;0;28;0;0;0;0;110930;119;0;0;1053;0;0;0;0
FR;1;2021-01-11;39956;39;0;0;232;0;0;0;0;150886;158;0;0;1285;0;0;0;0
FR;1;2021-01-12;62165;31;0;0;299;0;0;0;0;213051;189;0;0;1584;0;0;0;0
FR;1;2021-01-13;65150;62;0;0;433;0;0;0;0;278201;251;0;0;2017;0;0;0;0
FR;1;2021-01-14;81473;262;0;0;957;0;0;0;0;359674;513;0;0;2974;0;0;0;0
FR;1;2021-01-15;68639;102;1;0;527;0;0;0;0;428313;615;1;0;3501;0;0;0;0
FR;1;2021-01-16;19903;73;0;0;171;0;0;0;0;448216;688;1;0;3672;0;0;0;0
FR;1;2021-01-17;10909;54;0;0;130;0;0;0;0;459125;742;1;0;3802;0;0;0;0
FR;1;2021-01-18;82849;176;0;0;587;0;0;0;0;541974;918;1;0;4389;0;0;0;0
FR;1;2021-01-19;125935;209;0;0;837;0;0;0;0;667909;1127;1;0;5226;0;0;0;0
FR;1;2021-01-20;132440;191;0;0;779;0;0;0;0;800349;1318;1;0;6005;0;0;0;0
FR;1;2021-01-21;153088;196;0;0;896;0;0;0;0;953437;1514;1;0;6901;0;0;0;0
FR;1;2021-01-22;115971;240;0;0;776;0;0;0;0;1069408;1754;1;0;7677;0;0;0;0
FR;1;2021-01-23;36617;84;0;0;207;0;0;0;0;1106025;1838;1;0;7884;0;0;0;0
FR;1;2021-01-24;9589;129;0;0;188;0;0;0;0;1115614;1967;1;0;8072;0;0;0;0
FR;1;2021-01-25;74442;1454;0;0;1772;0;0;0;0;1190056;3421;1;0;9844;0;0;0;0
FR;1;2021-01-26;96471;3705;1;0;4146;0;0;0;0;1286527;7126;2;0;13990;0;0;0;0
FR;1;2021-01-27;103660;6442;0;0;7126;0;0;0;0;1390187;13568;2;0;21116;0;0;0;0
FR;1;2021-01-28;120627;16415;0;0;17204;0;0;0;0;1510814;29983;2;0;38320;0;0;0;0
FR;1;2021-01-29;88904;18800;0;0;19340;0;0;0;0;1599718;48783;2;0;57660;0;0;0;0
FR;1;2021-01-30;27995;4538;0;0;4662;0;0;0;0;1627713;53321;2;0;62322;0;0;0;0
FR;1;2021-01-31;5194;1898;0;0;1936;0;0;0;0;1632907;55219;2;0;64258;0;0;0;0
FR;1;2021-02-01;49752;23043;0;0;23286;0;0;0;0;1682659;78262;2;0;87544;0;0;0;0
FR;1;2021-02-02;67839;38208;0;0;38666;0;0;0;0;1750498;116470;2;0;126210;0;0;0;0
FR;1;2021-02-03;67105;40278;0;0;40713;0;0;0;0;1817603;156748;2;0;166923;0;0;0;0
FR;1;2021-02-04;77156;55120;0;0;55690;0;0;0;0;1894759;211868;2;0;222613;0;0;0;0
FR;1;2021-02-05;63435;48235;0;0;48640;0;0;0;0;1958194;260103;2;0;271253;0;0;0;0
FR;1;2021-02-06;19428;11420;0;0;11527;0;0;0;0;1977622;271523;2;0;282780;0;0;0;0
FR;1;2021-02-07;3669;6069;0;0;6096;0;0;0;0;1981291;277592;2;0;288876;0;0;0;0
FR;1;2021-02-08;36508;48784;0;0;49037;0;0;0;0;2017799;326376;2;0;337913;0;0;0;0
FR;1;2021-02-09;50829;78440;0;0;78967;0;0;0;0;2068628;404816;2;0;416880;0;0;0;0
FR;1;2021-02-10;52088;83473;0;0;83957;0;0;0;0;2120716;488289;2;0;500837;0;0;0;0
FR;1;2021-02-11;63397;105556;0;0;106466;0;0;0;0;2184113;593845;2;0;607303;0;0;0;0
FR;1;2021-02-12;55889;75792;0;0;76478;0;0;0;0;2240002;669637;2;0;683781;0;0;0;0
FR;1;2021-02-13;15469;19309;0;0;19421;0;0;0;0;2255471;688946;2;0;703202;0;0;0;0
FR;1;2021-02-14;3747;7311;0;0;7377;0;0;0;0;2259218;696257;2;0;710579;0;0;0;0
FR;1;2021-02-15;24175;73665;0;0;73923;0;0;0;0;2283393;769922;2;0;784502;0;0;0;0
FR;1;2021-02-16;32788;95522;0;0;95936;0;0;0;0;2316181;865444;2;0;880438;0;0;0;0
FR;1;2021-02-17;35141;102378;20;0;103037;0;0;0;0;2351322;967822;22;0;983475;0;0;0;0
FR;1;2021-02-18;49466;118568;0;0;119565;0;0;0;0;2400788;1086390;22;0;1103040;0;0;0;0
FR;1;2021-02-19;45400;87842;1;0;88786;0;0;0;0;2446188;1174232;23;0;1191826;0;0;0;0
FR;1;2021-02-20;13398;27026;0;0;27202;0;0;0;0;2459586;1201258;23;0;1219028;0;0;0;0
FR;1;2021-02-21;2471;5945;0;0;6013;0;0;0;0;2462057;1207203;23;0;1225041;0;0;0;0
FR;1;2021-02-22;24726;69389;2;0;69689;0;0;0;0;2486783;1276592;25;0;1294730;0;0;0;0
FR;1;2021-02-23;37441;81553;1;0;82257;0;0;0;0;2524224;1358145;26;0;1376987;0;0;0;0
FR;1;2021-02-24;40717;79372;1;0;80072;0;0;0;0;2564941;1437517;27;0;1457059;0;0;0;0
FR;1;2021-02-25;50176;87700;1;0;88798;0;0;0;0;2615117;1525217;28;0;1545857;0;0;0;0
FR;1;2021-02-26;47235;67559;1;0;68447;0;0;0;0;2662352;1592776;29;0;1614304;0;0;0;0
FR;1;2021-02-27;15691;21358;1;0;21571;0;0;0;0;2678043;1614134;30;0;1635875;0;0;0;0
FR;1;2021-02-28;3566;4099;2;0;4172;0;0;0;0;2681609;1618233;32;0;1640047;0;0;0;0
FR;1;2021-03-01;40232;50293;1;0;51031;0;0;0;0;2721841;1668526;33;0;1691078;0;0;0;0
FR;1;2021-03-02;55997;62430;3;0;63610;0;0;0;0;2777838;1730956;36;0;1754688;0;0;0;0
FR;1;2021-03-03;61271;60496;0;0;61936;0;0;0;0;2839109;1791452;36;0;1816624;0;0;0;0
FR;1;2021-03-04;73022;68403;3;0;70621;0;0;0;0;2912131;1859855;39;0;1887245;0;0;0;0
FR;1;2021-03-05;74787;58606;3;0;60507;0;0;0;0;2986918;1918461;42;0;1947752;0;0;0;0
FR;1;2021-03-06;82475;15734;2;0;17442;0;0;0;0;3069393;1934195;44;0;1965194;0;0;0;0
FR;1;2021-03-07;63734;3917;1;0;5461;0;0;0;0;3133127;1938112;45;0;1970655;0;0;0;0
FR;1;2021-03-08;60200;41129;2;0;42416;0;0;0;0;3193327;1979241;47;0;2013071;0;0;0;0
FR;1;2021-03-09;86015;47355;1;0;49359;0;0;0;0;3279342;2026596;48;0;2062430;0;0;0;0
FR;1;2021-03-10;90950;47743;5;0;50016;0;0;0;0;3370292;2074339;53;0;2112446;0;0;0;0
FR;1;2021-03-11;105107;54601;1;0;57678;0;0;0;0;3475399;2128940;54;0;2170124;0;0;0;0
FR;1;2021-03-12;104169;44883;1;0;47881;0;0;0;0;3579568;2173823;55;0;2218005;0;0;0;0
FR;1;2021-03-13;89226;12578;1;0;14795;0;0;0;0;3668794;2186401;56;0;2232800;0;0;0;0
FR;1;2021-03-14;44463;2655;1;0;3988;0;0;0;0;3713257;2189056;57;0;2236788;0;0;0;0
FR;1;2021-03-15;95538;27940;3;0;30291;0;0;0;0;3808795;2216996;60;0;2267079;0;0;0;0
FR;1;2021-03-16;123608;34033;5;0;37581;0;0;0;0;3932403;2251029;65;0;2304660;0;0;0;0
FR;1;2021-03-17;129327;33513;4;0;37569;0;0;0;0;4061730;2284542;69;0;2342229;0;0;0;0
FR;1;2021-03-18;142919;39154;5;0;43832;0;0;0;0;4204649;2323696;74;0;2386061;0;0;0;0
FR;1;2021-03-19;136282;32011;2;0;36603;0;0;0;0;4340931;2355707;76;0;2422664;0;0;0;0
FR;1;2021-03-20;76027;9746;1;0;11962;0;0;0;0;4416958;2365453;77;0;2434626;0;0;0;0
FR;1;2021-03-21;26523;1967;1;0;2957;0;0;0;0;4443481;2367420;78;0;2437583;0;0;0;0
FR;1;2021-03-22;114783;30207;2;0;34040;0;0;0;0;4558264;2397627;80;0;2471623;0;0;0;0
FR;1;2021-03-23;143065;37998;1;0;42789;0;0;0;0;4701329;2435625;81;0;2514412;0;0;0;0
FR;1;2021-03-24;142031;38413;0;0;43287;0;0;0;0;4843360;2474038;81;0;2557699;0;0;0;0
FR;1;2021-03-25;165045;39879;4;0;46039;0;0;0;0;5008405;2513917;85;0;2603738;0;0;0;0
FR;1;2021-03-26;166426;37413;5;1;44034;0;0;0;0;5174831;2551330;90;1;2647772;0;0;0;0
FR;1;2021-03-27;110909;15481;1;0;19492;0;0;0;0;5285740;2566811;91;1;2667264;0;0;0;0
FR;1;2021-03-28;42316;4431;3;0;5986;0;0;0;0;5328056;2571242;94;1;2673250;0;0;0;0
FR;1;2021-03-29;129853;48963;4;0;53631;0;0;0;0;5457909;2620205;98;1;2726881;0;0;0;0
FR;1;2021-03-30;167768;63832;5;0;70845;0;0;0;0;5625677;2684037;103;1;2797726;0;0;0;0
FR;1;2021-03-31;170974;68017;4;0;75542;0;0;0;0;5796651;2752054;107;1;2873268;0;0;0;0
FR;1;2021-04-01;194890;84125;10;0;93635;0;0;0;0;5991541;2836179;117;1;2966903;0;0;0;0
FR;1;2021-04-02;164477;86899;7;0;94724;0;0;0;0;6156018;2923078;124;1;3061627;0;0;0;0
FR;1;2021-04-03;88262;58211;6;0;61760;0;0;0;0;6244280;2981289;130;1;3123387;0;0;0;0
FR;1;2021-04-04;33665;17733;0;0;19233;0;0;0;0;6277945;2999022;130;1;3142620;0;0;0;0
FR;1;2021-04-05;46433;9565;11;0;11442;0;0;0;0;6324378;3008587;141;1;3154062;0;0;0;0
FR;1;2021-04-06;160353;105678;17;0;112168;0;0;0;0;6484731;3114265;158;1;3266230;0;0;0;0
FR;1;2021-04-07;197043;108101;16;0;116940;0;0;0;0;6681774;3222366;174;1;3383170;0;0;0;0
FR;1;2021-04-08;222195;114356;14;0;125718;0;0;0;0;6903969;3336722;188;1;3508888;0;0;0;0
FR;1;2021-04-09;214624;108038;21;0;118937;0;0;0;0;7118593;3444760;209;1;3627825;0;0;0;0
FR;1;2021-04-10;117211;73241;14;0;78390;0;0;0;0;7235804;3518001;223;1;3706215;0;0;0;0
FR;1;2021-04-11;40903;29892;6;0;31796;0;0;0;0;7276707;3547893;229;1;3738011;0;0;0;0
FR;1;2021-04-12;168509;104584;46;0;111835;0;0;0;0;7445216;3652477;275;1;3849846;0;0;0;0
FR;1;2021-04-13;203856;127756;97;1;137104;0;0;0;0;7649072;3780233;372;2;3986950;0;0;0;0
FR;1;2021-04-14;208691;123037;208;0;133269;0;0;0;0;7857763;3903270;580;2;4120219;0;0;0;0
FR;1;2021-04-15;221749;128247;313;0;139297;0;0;0;0;8079512;4031517;893;2;4259516;0;0;0;0
FR;1;2021-04-16;206110;125775;309;0;135446;0;0;0;0;8285622;4157292;1202;2;4394962;0;0;0;0
FR;1;2021-04-17;122112;67118;103;0;72180;0;0;0;0;8407734;4224410;1305;2;4467142;0;0;0;0
FR;1;2021-04-18;35981;21016;42;0;22724;0;0;0;0;8443715;4245426;1347;2;4489866;0;0;0;0
FR;1;2021-04-19;163783;121618;433;0;129169;0;0;0;0;8607498;4367044;1780;2;4619035;0;0;0;0
FR;1;2021-04-20;189491;149801;531;0;158930;0;0;0;0;8796989;4516845;2311;2;4777965;0;0;0;0
FR;1;2021-04-21;194064;147789;760;0;157319;0;0;0;0;8991053;4664634;3071;2;4935284;0;0;0;0
FR;1;2021-04-22;209087;164624;779;0;175854;0;0;0;0;9200140;4829258;3850;2;5111138;0;0;0;0
FR;1;2021-04-23;198999;158149;671;0;169173;0;0;0;0;9399139;4987407;4521;2;5280311;0;0;0;0
FR;1;2021-04-24;126355;95888;148;0;101957;0;0;0;0;9525494;5083295;4669;2;5382268;0;0;0;0
FR;1;2021-04-25;53642;30082;46;0;32839;0;0;0;0;9579136;5113377;4715;2;5415107;0;0;0;0
FR;1;2021-04-26;181174;140326;543;0;149045;0;0;0;0;9760310;5253703;5258;2;5564152;0;0;0;0
FR;1;2021-04-27;221406;162633;901;0;174010;0;0;0;0;9981716;5416336;6159;2;5738162;0;0;0;0
FR;1;2021-04-28;238373;156215;1314;1;168897;1;0;0;0;10220089;5572551;7473;3;5907059;1;0;0;0
FR;1;2021-04-29;270353;161685;1211;0;177292;0;0;0;0;10490442;5734236;8684;3;6084351;1;0;0;0
FR;1;2021-04-30;272030;149049;1074;0;165150;0;0;0;0;10762472;5883285;9758;3;6249501;1;0;0;0
FR;1;2021-05-01;141180;40616;173;0;48644;0;0;0;0;10903652;5923901;9931;3;6298145;1;0;0;0
FR;1;2021-05-02;81564;28243;81;0;32999;0;0;0;0;10985216;5952144;10012;3;6331144;1;0;0;0
FR;1;2021-05-03;250828;142051;803;0;155745;0;0;0;0;11236044;6094195;10815;3;6486889;1;0;0;0
FR;1;2021-05-04;265939;188052;1204;0;203623;0;0;0;0;11501983;6282247;12019;3;6690512;1;0;0;0
FR;1;2021-05-05;283977;186323;1268;0;202987;0;0;0;0;11785960;6468570;13287;3;6893499;1;0;0;0
FR;1;2021-05-06;310084;184604;1502;0;204356;0;0;0;0;12096044;6653174;14789;3;7097855;1;0;0;0
FR;1;2021-05-07;284153;196766;1128;0;214582;0;0;0;0;12380197;6849940;15917;3;7312437;1;0;0;0
FR;1;2021-05-08;191687;51627;285;0;63010;0;0;0;0;12571884;6901567;16202;3;7375447;1;0;0;0
FR;1;2021-05-09;114076;34209;236;0;41381;0;0;0;0;12685960;6935776;16438;3;7416828;1;0;0;0
FR;1;2021-05-10;258240;195100;1188;0;211093;0;0;0;0;12944200;7130876;17626;3;7627921;1;0;0;0
FR;1;2021-05-11;318946;211265;1465;0;231506;0;0;0;0;13263146;7342141;19091;3;7859427;1;0;0;0
FR;1;2021-05-12;356712;186097;1401;0;208403;0;0;0;0;13619858;7528238;20492;3;8067830;1;0;0;0
FR;1;2021-05-13;283473;47324;401;0;64247;0;0;0;0;13903331;7575562;20893;3;8132077;1;0;0;0
FR;1;2021-05-14;370544;128526;998;0;151947;0;0;0;0;14273875;7704088;21891;3;8284024;1;0;0;0
FR;1;2021-05-15;298130;66209;404;0;84917;0;0;0;0;14572005;7770297;22295;3;8368941;1;0;0;0
FR;1;2021-05-16;157797;15471;158;0;26039;0;0;0;0;14729802;7785768;22453;3;8394980;1;0;0;0
FR;1;2021-05-17;318961;116202;1441;0;138165;0;0;0;0;15048763;7901970;23894;3;8533145;1;0;0;0
FR;1;2021-05-18;383394;111694;1801;0;137643;0;0;0;0;15432157;8013664;25695;3;8670788;1;0;0;0
FR;1;2021-05-19;395324;101588;2185;0;128525;0;0;0;0;15827481;8115252;27880;3;8799313;1;0;0;0
FR;1;2021-05-20;421862;95611;2049;0;125076;0;0;0;0;16249343;8210863;29929;3;8924389;1;0;0;0
FR;1;2021-05-21;399844;97454;1765;0;125851;0;0;0;0;16649187;8308317;31694;3;9050240;1;0;0;0
FR;1;2021-05-22;275713;41926;604;0;60950;0;0;0;0;16924900;8350243;32298;3;9111190;1;0;0;0
FR;1;2021-05-23;123034;10969;224;0;20572;0;0;0;0;17047934;8361212;32522;3;9131762;1;0;0;0
FR;1;2021-05-24;244027;26267;569;0;43792;0;0;0;0;17291961;8387479;33091;3;9175554;1;0;0;0
FR;1;2021-05-25;366248;131455;2115;1;158389;0;0;0;0;17658209;8518934;35206;4;9333943;1;0;0;0
FR;1;2021-05-26;380865;127552;1996;0;155876;0;0;0;0;18039074;8646486;37202;4;9489819;1;0;0;0
FR;1;2021-05-27;406209;128364;1978;0;158843;0;0;0;0;18445283;8774850;39180;4;9648662;1;0;0;0
FR;1;2021-05-28;366081;145708;1702;0;174269;0;0;0;0;18811364;8920558;40882;4;9822931;1;0;0;0
FR;1;2021-05-29;253851;81138;527;0;100335;0;0;0;0;19065215;9001696;41409;4;9923266;1;0;0;0
FR;1;2021-05-30;100983;22601;158;0;30835;0;0;0;0;19166198;9024297;41567;4;9954101;1;0;0;0
FR;1;2021-05-31;314351;149245;1287;1;172502;1;0;0;0;19480549;9173542;42854;5;10126603;2;0;0;0
FR;1;2021-06-01;361711;166432;1733;1;194137;1;0;0;0;19842260;9339974;44587;6;10320740;3;0;0;0
FR;1;2021-06-02;365447;154546;1798;0;184087;0;0;0;0;20207707;9494520;46385;6;10504827;3;0;0;0
FR;1;2021-06-03;391506;147438;1654;0;178411;0;0;0;0;20599213;9641958;48039;6;10683238;3;0;0;0
FR;1;2021-06-04;364147;175900;1496;1;205194;1;0;0;0;20963360;9817858;49535;7;10888432;4;0;0;0
FR;1;2021-06-05;258534;112822;597;0;133183;0;0;0;0;21221894;9930680;50132;7;11021615;4;0;0;0
FR;1;2021-06-06;126834;37555;216;0;48192;0;0;0;0;21348728;9968235;50348;7;11069807;4;0;0;0
FR;1;2021-06-07;301134;207764;1368;0;233040;0;0;0;0;21649862;10175999;51716;7;11302847;4;0;0;0
FR;1;2021-06-08;330915;221017;1645;0;248977;0;0;0;0;21980777;10397016;53361;7;11551824;4;0;0;0
FR;1;2021-06-09;336663;210945;1614;0;239702;0;0;0;0;22317440;10607961;54975;7;11791526;4;0;0;0
FR;1;2021-06-10;343950;199506;1615;0;229250;0;0;0;0;22661390;10807467;56590;7;12020776;4;0;0;0
FR;1;2021-06-11;311945;234704;1300;1;262615;0;0;0;0;22973335;11042171;57890;8;12283391;4;0;0;0
FR;1;2021-06-12;244101;150610;438;0;172219;0;0;0;0;23217436;11192781;58328;8;12455610;4;0;0;0
FR;1;2021-06-13;100383;61037;188;0;70699;0;0;0;0;23317819;11253818;58516;8;12526309;4;0;0;0
FR;1;2021-06-14;207884;287570;1320;1;307381;0;0;0;0;23525703;11541388;59836;9;12833690;4;0;0;0
FR;1;2021-06-15;256914;281115;1400;1;304963;0;0;0;0;23782617;11822503;61236;10;13138653;4;0;0;0
FR;1;2021-06-16;273687;270713;1264;1;296151;0;0;0;0;24056304;12093216;62500;11;13434804;4;0;0;0
FR;1;2021-06-17;268260;245102;1241;1;271173;0;0;0;0;24324564;12338318;63741;12;13705977;4;0;0;0
FR;1;2021-06-18;260625;295197;1156;1;321022;0;0;0;0;24585189;12633515;64897;13;14026999;4;0;0;0
FR;1;2021-06-19;193469;209608;388;0;228268;0;0;0;0;24778658;12843123;65285;13;14255267;4;0;0;0
FR;1;2021-06-20;69724;89030;122;0;96869;0;0;0;0;24848382;12932153;65407;13;14352136;4;0;0;0
FR;1;2021-06-21;172400;319785;934;1;338495;1;0;0;0;25020782;13251938;66341;14;14690631;5;0;0;0
FR;1;2021-06-22;185898;348081;1102;10;369147;1;0;0;0;25206680;13600019;67443;24;15059778;6;0;0;0
FR;1;2021-06-23;204245;339646;1050;0;363546;0;0;0;0;25410925;13939665;68493;24;15423324;6;0;0;0
FR;1;2021-06-24;203557;282100;1176;0;306846;0;0;0;0;25614482;14221765;69669;24;15730170;6;0;0;0
FR;1;2021-06-25;182686;371702;1200;0;395710;0;0;0;0;25797168;14593467;70869;24;16125880;6;0;0;0
FR;1;2021-06-26;131415;278608;506;0;295983;0;0;0;0;25928583;14872075;71375;24;16421863;6;0;0;0
FR;1;2021-06-27;52421;122845;146;0;130382;0;0;0;0;25981004;14994920;71521;24;16552245;6;0;0;0
FR;1;2021-06-28;136682;368243;1066;0;386843;0;0;0;0;26117686;15363163;72587;24;16939088;6;0;0;0
FR;1;2021-06-29;154929;391167;1849;0;412260;0;0;0;0;26272615;15754330;74436;24;17351348;6;0;0;0
FR;1;2021-06-30;180077;381966;1668;4;406565;2;0;0;0;26452692;16136296;76104;28;17757913;8;0;0;0
FR;1;2021-07-01;201593;332520;1890;5;360590;0;0;0;0;26654285;16468816;77994;33;18118503;8;0;0;0
FR;1;2021-07-02;193889;367287;1765;5;395483;2;0;0;0;26848174;16836103;79759;38;18513986;10;0;0;0
FR;1;2021-07-03;124485;280408;704;3;299512;1;0;0;0;26972659;17116511;80463;41;18813498;11;0;0;0
FR;1;2021-07-04;53970;113731;244;0;122137;0;0;0;0;27026629;17230242;80707;41;18935635;11;0;0;0
FR;1;2021-07-05;153987;355778;1500;8;379117;0;0;0;0;27180616;17586020;82207;49;19314752;11;0;0;0
FR;1;2021-07-06;173534;382280;1603;45;408168;8;0;0;0;27354150;17968300;83810;94;19722920;19;0;0;0
FR;1;2021-07-07;190875;362301;1659;25;390645;2;0;0;0;27545025;18330601;85469;119;20113565;21;0;0;0
FR;1;2021-07-08;201595;322965;1827;20;353609;2;0;0;0;27746620;18653566;87296;139;20467174;23;0;0;0
FR;1;2021-07-09;189996;387760;1854;3;418160;1;0;0;0;27936616;19041326;89150;142;20885334;24;0;0;0
FR;1;2021-07-10;129968;281184;818;1;302611;0;0;0;0;28066584;19322510;89968;143;21187945;24;0;0;0
FR;1;2021-07-11;57688;102530;263;0;112408;0;0;0;0;28124272;19425040;90231;143;21300353;24;0;0;0
FR;1;2021-07-12;149932;416806;1588;4;442795;0;0;0;0;28274204;19841846;91819;147;21743148;24;0;0;0
FR;1;2021-07-13;234313;438998;1808;8;476173;0;0;0;0;28508517;20280844;93627;155;22219321;24;0;0;0
FR;1;2021-07-14;171932;151300;418;0;176928;0;0;0;0;28680449;20432144;94045;155;22396249;24;0;0;0
FR;1;2021-07-15;279707;424133;1859;1;467103;0;0;0;0;28960156;20856277;95904;156;22863352;24;0;0;0
FR;1;2021-07-16;290448;400517;1711;3;445155;1;0;0;0;29250604;21256794;97615;159;23308507;25;0;0;0
FR;1;2021-07-17;217362;281972;755;1;315437;0;0;0;0;29467966;21538766;98370;160;23623944;25;0;0;0
FR;1;2021-07-18;102032;107205;288;0;123092;0;0;0;0;29569998;21645971;98658;160;23747036;25;0;0;0
FR;1;2021-07-19;238250;378361;1498;3;414400;0;0;0;0;29808248;22024332;100156;163;24161436;25;0;0;0
FR;1;2021-07-20;305778;379723;1471;0;425544;0;0;0;0;30114026;22404055;101627;163;24586980;25;0;0;0
FR;1;2021-07-21;333315;352691;1413;4;404056;1;0;0;0;30447341;22756746;103040;167;24991036;26;0;0;0
FR;1;2021-07-22;364709;318525;1502;3;374928;1;0;0;0;30812050;23075271;104542;170;25365964;27;0;0;0
FR;1;2021-07-23;349411;342721;1589;4;398257;1;0;0;0;31161461;23417992;106131;174;25764221;28;0;0;0
FR;1;2021-07-24;238968;240734;697;1;278061;0;0;0;0;31400429;23658726;106828;175;26042282;28;0;0;0
FR;1;2021-07-25;112813;76013;223;0;93705;0;0;0;0;31513242;23734739;107051;175;26135987;28;0;0;0
FR;1;2021-07-26;299151;289265;1495;2;334972;1;0;0;0;31812393;24024004;108546;177;26470959;29;0;0;0
FR;1;2021-07-27;385873;267859;1459;4;324824;1;0;0;0;32198266;24291863;110005;181;26795783;30;0;0;0
FR;1;2021-07-28;390231;250921;1463;4;307205;1;0;0;0;32588497;24542784;111468;185;27102988;31;0;0;0
FR;1;2021-07-29;406162;227576;1541;2;284265;0;0;0;0;32994659;24770360;113009;187;27387253;31;0;0;0
FR;1;2021-07-30;370762;246478;1639;4;298306;1;0;0;0;33365421;25016838;114648;191;27685559;32;0;0;0
FR;1;2021-07-31;243396;165091;794;1;199411;0;0;0;0;33608817;25181929;115442;192;27884970;32;0;0;0
FR;1;2021-08-01;105614;47204;237;0;61196;0;0;0;0;33714431;25229133;115679;192;27946166;32;0;0;0
FR;1;2021-08-02;297438;212829;1480;2;250607;0;0;0;0;34011869;25441962;117159;194;28196773;32;0;0;0
FR;1;2021-08-03;331356;208673;1557;2;250639;1;0;0;0;34343225;25650635;118716;196;28447412;33;0;0;0
FR;1;2021-08-04;328059;183821;1440;5;223968;3;0;0;0;34671284;25834456;120156;201;28671380;36;0;0;0
FR;1;2021-08-05;301298;193082;1483;0;229374;0;0;0;0;34972582;26027538;121639;201;28900754;36;0;0;0
FR;1;2021-08-06;291006;224081;1560;3;261361;0;0;0;0;35263588;26251619;123199;204;29162115;36;0;0;0
FR;1;2021-08-07;182685;158758;655;5;181661;1;0;0;0;35446273;26410377;123854;209;29343776;37;0;0;0
FR;1;2021-08-08;68897;59102;253;0;67630;0;0;0;0;35515170;26469479;124107;209;29411406;37;0;0;0
FR;1;2021-08-09;222802;235144;1446;4;263848;2;0;0;0;35737972;26704623;125553;213;29675254;39;0;0;0
FR;1;2021-08-10;252764;239822;1492;2;271651;0;0;0;0;35990736;26944445;127045;215;29946905;39;0;0;0
FR;1;2021-08-11;236256;231721;1272;5;261231;0;0;0;0;36226992;27176166;128317;220;30208136;39;0;0;0
FR;1;2021-08-12;220807;239714;1492;3;267803;0;0;0;0;36447799;27415880;129809;223;30475939;39;0;0;0
FR;1;2021-08-13;201733;238488;1361;2;264026;2;0;0;0;36649532;27654368;131170;225;30739965;41;0;0;0
FR;1;2021-08-14;122877;174033;645;0;189535;0;0;0;0;36772409;27828401;131815;225;30929500;41;0;0;0
FR;1;2021-08-15;34711;46113;201;1;50330;0;0;0;0;36807120;27874514;132016;226;30979830;41;0;0;0
FR;1;2021-08-16;156967;289325;1424;0;309893;0;0;0;0;36964087;28163839;133440;226;31289723;41;0;0;0
FR;1;2021-08-17;171626;290951;1422;5;313351;0;0;0;0;37135713;28454790;134862;231;31603074;41;0;0;0
FR;1;2021-08-18;161452;286672;1394;6;307299;3;0;0;0;37297165;28741462;136256;237;31910373;44;0;0;0
FR;1;2021-08-19;148963;277411;1405;1;297251;0;0;0;0;37446128;29018873;137661;238;32207624;44;0;0;0
FR;1;2021-08-20;140533;308909;1535;2;328138;2;0;0;0;37586661;29327782;139196;240;32535762;46;0;0;0
FR;1;2021-08-21;84288;213210;589;0;224528;0;0;0;0;37670949;29540992;139785;240;32760290;46;0;0;0
FR;1;2021-08-22;28585;82696;233;0;86701;0;0;0;0;37699534;29623688;140018;240;32846991;46;0;0;0
FR;1;2021-08-23;118672;320940;1422;2;337671;0;0;0;0;37818206;29944628;141440;242;33184662;46;0;0;0
FR;1;2021-08-24;126687;319598;1604;5;337409;0;0;0;0;37944893;30264226;143044;247;33522071;46;0;0;0
FR;1;2021-08-25;121548;306408;1783;8;323580;2;0;0;0;38066441;30570634;144827;255;33845651;48;0;0;0
FR;1;2021-08-26;106648;286081;2165;10;302376;0;0;0;0;38173089;30856715;146992;265;34148027;48;0;0;0
FR;1;2021-08-27;107659;321592;2303;9;338847;1;0;0;0;38280748;31178307;149295;274;34486874;49;0;0;0
FR;1;2021-08-28;71030;220700;1102;0;231220;0;0;0;0;38351778;31399007;150397;274;34718094;49;0;0;0
FR;1;2021-08-29;24156;78209;469;1;82099;0;0;0;0;38375934;31477216;150866;275;34800193;49;0;0;0
FR;1;2021-08-30;96904;286269;4315;6;299756;4965;0;0;0;38472838;31763485;155181;281;35099949;5014;0;0;0
FR;1;2021-08-31;98136;276233;9295;15;289901;10063;2;0;0;38570974;32039718;164476;296;35389850;15077;2;0;0
FR;1;2021-09-01;112366;245287;21122;8;257668;22158;1;0;0;38683340;32285005;185598;304;35647518;37235;3;0;0
FR;1;2021-09-02;86758;197904;24536;18;208300;25518;0;0;0;38770098;32482909;210134;322;35855818;62753;3;0;0
FR;1;2021-09-03;82433;227480;26958;21;238918;28038;0;0;0;38852531;32710389;237092;343;36094736;90791;3;0;0
FR;1;2021-09-04;71632;189718;11141;11;199297;11712;7;0;0;38924163;32900107;248233;354;36294033;102503;10;0;0
FR;1;2021-09-05;18614;41144;4126;2;43849;4277;0;0;0;38942777;32941251;252359;356;36337882;106780;10;0;0
FR;1;2021-09-06;59826;151363;30182;15;158892;31206;2;0;0;39002603;33092614;282541;371;36496774;137986;12;0;0
FR;1;2021-09-07;57401;139620;30215;30;146738;31253;2;0;0;39060004;33232234;312756;401;36643512;169239;14;0;0
FR;1;2021-09-08;72357;173796;26926;22;182266;27967;4;0;0;39132361;33406030;339682;423;36825778;197206;18;0;0
FR;1;2021-09-09;54514;124427;28638;24;131186;29745;5;0;0;39186875;33530457;368320;447;36956964;226951;23;0;0
FR;1;2021-09-10;66225;152064;30452;24;161150;31693;5;0;0;39253100;33682521;398772;471;37118114;258644;28;0;0
FR;1;2021-09-11;52688;146638;9731;14;154127;10356;0;0;0;39305788;33829159;408503;485;37272241;269000;28;0;0
FR;1;2021-09-12;10800;29270;2491;1;30968;2661;2;0;0;39316588;33858429;410994;486;37303209;271661;30;0;0
FR;1;2021-09-13;51519;104394;38767;31;110926;40096;16;0;0;39368107;33962823;449761;517;37414135;311757;46;0;0
FR;1;2021-09-14;53343;96007;51291;67;102369;53291;42;0;0;39421450;34058830;501052;584;37516504;365048;88;0;0
FR;1;2021-09-15;60592;139223;50499;55;146393;47071;67;0;0;39482042;34198053;551551;639;37662897;412119;155;0;0
FR;1;2021-09-16;46646;81364;53354;70;86259;49612;60;0;0;39528688;34279417;604905;709;37749156;461731;215;0;0
FR;1;2021-09-17;53227;109328;45085;61;115662;42718;61;0;0;39581915;34388745;649990;770;37864818;504449;276;0;0
FR;1;2021-09-18;37887;118498;11797;19;124081;11280;19;0;0;39619802;34507243;661787;789;37988899;515729;295;0;0
FR;1;2021-09-19;6531;21023;2045;1;22127;1985;1;0;0;39626333;34528266;663832;790;38011026;517714;296;0;0
FR;1;2021-09-20;36543;74842;46231;65;78562;44198;30;0;0;39662876;34603108;710063;855;38089588;561912;326;0;0
FR;1;2021-09-21;34209;68098;56270;72;71133;52747;76;0;0;39697085;34671206;766333;927;38160721;614659;402;0;0
FR;1;2021-09-22;38849;118606;49883;76;123025;46935;39;0;0;39735934;34789812;816216;1003;38283746;661594;441;0;0
FR;1;2021-09-23;32043;62891;54515;85;65793;50922;76;0;0;39767977;34852703;870731;1088;38349539;712516;517;0;0
FR;1;2021-09-24;36804;90023;43678;89;94382;41959;57;0;0;39804781;34942726;914409;1177;38443921;754475;574;0;0
FR;1;2021-09-25;27655;96713;12307;27;101064;12188;19;0;0;39832436;35039439;926716;1204;38544985;766663;593;0;0
FR;1;2021-09-26;4390;15201;1777;5;16066;1699;4;0;0;39836826;35054640;928493;1209;38561051;768362;597;0;0
FR;1;2021-09-27;27356;60206;42914;89;63436;41644;79;0;1;39864182;35114846;971407;1298;38624487;810006;676;0;1
FR;1;2021-09-28;26913;49419;47207;76;52036;44494;40;0;0;39891095;35164265;1018614;1374;38676523;854500;716;0;1
FR;1;2021-09-29;35927;80253;47297;88;84639;45624;33;0;0;39927022;35244518;1065911;1462;38761162;900124;749;0;1
FR;1;2021-09-30;26078;46901;47529;80;49259;45479;52;0;0;39953100;35291419;1113440;1542;38810421;945603;801;0;1
FR;1;2021-10-01;47307;66911;44909;83;70794;44633;14;0;0;40000407;35358330;1158349;1625;38881215;990236;815;0;1
FR;1;2021-10-02;32384;62416;16114;32;67224;16325;6;0;0;40032791;35420746;1174463;1657;38948439;1006561;821;0;1
FR;1;2021-10-03;4343;8563;2043;3;9312;2038;4;0;0;40037134;35429309;1176506;1660;38957751;1008599;825;0;1
FR;1;2021-10-04;28986;44425;47117;79;46838;46986;31;0;0;40066120;35473734;1223623;1739;39004589;1055585;856;0;1
FR;1;2021-10-05;24576;41641;49895;116;43137;49353;46;0;0;40090696;35515375;1273518;1855;39047726;1104938;902;0;1
FR;1;2021-10-06;34660;61391;57510;101;64498;57265;25;0;0;40125356;35576766;1331028;1956;39112224;1162203;927;0;1
FR;1;2021-10-07;21083;39914;53053;74;41092;51999;32;0;0;40146439;35616680;1384081;2030;39153316;1214202;959;0;1
FR;1;2021-10-08;35672;59644;60412;83;62871;61169;28;0;0;40182111;35676324;1444493;2113;39216187;1275371;987;0;1
FR;1;2021-10-09;27466;48025;25498;29;52491;26028;10;0;0;40209577;35724349;1469991;2142;39268678;1301399;997;0;1
FR;1;2021-10-10;3727;5811;2759;7;6289;2865;1;0;0;40213304;35730160;1472750;2149;39274967;1304264;998;0;1
FR;1;2021-10-11;24858;38210;54590;88;40294;55272;43;0;0;40238162;35768370;1527340;2237;39315261;1359536;1041;0;1
FR;1;2021-10-12;23386;36580;58078;128;37079;59241;18;0;0;40261548;35804950;1585418;2365;39352340;1418777;1059;0;1
FR;1;2021-10-13;32974;47841;64177;125;50645;65703;22;0;1;40294522;35852791;1649595;2490;39402985;1484480;1081;0;2
FR;1;2021-10-14;21715;34774;53776;103;35680;54373;21;0;0;40316237;35887565;1703371;2593;39438665;1538853;1102;0;2
FR;1;2021-10-15;32757;48763;72338;165;50455;75035;22;0;0;40348994;35936328;1775709;2758;39489120;1613888;1124;0;2
FR;1;2021-10-16;26014;35285;34874;45;38300;36432;13;0;0;40375008;35971613;1810583;2803;39527420;1650320;1137;0;2
FR;1;2021-10-17;3161;4053;3418;2;4496;3319;3;0;0;40378169;35975666;1814001;2805;39531916;1653639;1140;0;2
FR;1;2021-10-18;24353;34878;66853;132;34916;69738;27;0;0;40402522;36010544;1880854;2937;39566832;1723377;1167;0;2
FR;1;2021-10-19;20724;35572;75678;135;33222;79610;40;0;0;40423246;36046116;1956532;3072;39600054;1802987;1207;0;2
FR;1;2021-10-20;29918;44205;96191;178;43278;99882;45;0;0;40453164;36090321;2052723;3250;39643332;1902869;1252;0;2
FR;1;2021-10-21;19804;35052;83201;107;31762;87064;29;0;0;40472968;36125373;2135924;3357;39675094;1989933;1281;0;2
FR;1;2021-10-22;29756;47759;103757;196;44556;109723;58;0;0;40502724;36173132;2239681;3553;39719650;2099656;1339;0;2
FR;1;2021-10-23;23055;35143;44876;57;36130;47386;11;0;0;40525779;36208275;2284557;3610;39755780;2147042;1350;0;2
FR;1;2021-10-24;2407;3841;3585;6;4041;3718;1;0;0;40528186;36212116;2288142;3616;39759821;2150760;1351;0;2
FR;1;2021-10-25;22504;30719;82031;143;29601;85840;36;0;0;40550690;36242835;2370173;3759;39789422;2236600;1387;0;2
FR;1;2021-10-26;19368;27644;86127;162;24737;90358;29;0;0;40570058;36270479;2456300;3921;39814159;2326958;1416;0;2
FR;1;2021-10-27;26223;39610;107827;252;37302;112742;45;0;0;40596281;36310089;2564127;4173;39851461;2439700;1461;0;2
FR;1;2021-10-28;18804;27111;86969;150;23484;91738;34;0;0;40615085;36337200;2651096;4323;39874945;2531438;1495;0;2
FR;1;2021-10-29;25936;40253;114844;202;35486;121683;49;0;0;40641021;36377453;2765940;4525;39910431;2653121;1544;0;2
FR;1;2021-10-30;17714;28718;49373;74;28302;51970;18;0;0;40658735;36406171;2815313;4599;39938733;2705091;1562;0;2
FR;1;2021-10-31;2088;3169;3452;2;3215;3686;2;0;0;40660823;36409340;2818765;4601;39941948;2708777;1564;0;2
FR;1;2021-11-01;8027;4274;3037;3;4358;3294;6;0;0;40668850;36413614;2821802;4604;39946306;2712071;1570;0;2
FR;1;2021-11-02;22917;33217;92416;156;29172;97870;39;0;1;40691767;36446831;2914218;4760;39975478;2809941;1609;0;3
FR;1;2021-11-03;26638;41549;117525;219;36997;123909;56;0;0;40718405;36488380;3031743;4979;40012475;2933850;1665;0;3
FR;1;2021-11-04;19630;30289;105826;213;24184;111970;42;0;0;40738035;36518669;3137569;5192;40036659;3045820;1707;0;3
FR;1;2021-11-05;27034;42299;138800;230;34179;147490;47;0;0;40765069;36560968;3276369;5422;40070838;3193310;1754;0;3
FR;1;2021-11-06;18864;29807;63501;123;27605;66521;24;0;0;40783933;36590775;3339870;5545;40098443;3259831;1778;0;3
FR;1;2021-11-07;1835;3268;4985;6;3025;5302;5;0;0;40785768;36594043;3344855;5551;40101468;3265133;1783;0;3
FR;1;2021-11-08;17882;32248;126022;224;25388;132662;47;0;0;40803650;36626291;3470877;5775;40126856;3397795;1830;0;3
FR;1;2021-11-09;19521;37606;159331;334;26129;169153;63;0;0;40823171;36663897;3630208;6109;40152985;3566948;1893;0;3
FR;1;2021-11-10;28895;49048;181930;441;39012;192547;82;0;0;40852066;36712945;3812138;6550;40191997;3759495;1975;0;3
FR;1;2021-11-11;4192;5930;12240;26;5107;13030;14;0;0;40856258;36718875;3824378;6576;40197104;3772525;1989;0;3
FR;1;2021-11-12;26028;46817;174848;244;35282;186549;76;0;0;40882286;36765692;3999226;6820;40232386;3959074;2065;0;3
FR;1;2021-11-13;18736;29144;76847;111;25370;81792;40;0;0;40901022;36794836;4076073;6931;40257756;4040866;2105;0;3
FR;1;2021-11-14;2051;3240;6827;5;2796;7357;6;0;0;40903073;36798076;4082900;6936;40260552;4048223;2111;0;3
FR;1;2021-11-15;18797;34708;156449;306;24616;166286;59;0;0;40921870;36832784;4239349;7242;40285168;4214509;2170;0;3
FR;1;2021-11-16;21369;37809;192164;380;23315;205081;99;0;1;40943239;36870593;4431513;7622;40308483;4419590;2269;0;4
FR;1;2021-11-17;28675;45548;193256;398;33019;205081;92;0;0;40971914;36916141;4624769;8020;40341502;4624671;2361;0;4
FR;1;2021-11-18;21149;39598;182545;459;25136;194673;85;0;0;40993063;36955739;4807314;8479;40366638;4819344;2446;0;4
FR;1;2021-11-19;30894;53319;230287;532;34813;246784;134;0;0;41023957;37009058;5037601;9011;40401451;5066128;2580;0;4
FR;1;2021-11-20;23776;33216;97002;202;26735;103655;40;0;0;41047733;37042274;5134603;9213;40428186;5169783;2620;0;4
FR;1;2021-11-21;2342;3909;9134;19;2957;9940;16;0;0;41050075;37046183;5143737;9232;40431143;5179723;2636;0;4
FR;1;2021-11-22;21426;30327;175932;467;16944;189481;79;0;0;41071501;37076510;5319669;9699;40448087;5369204;2715;0;4
FR;1;2021-11-23;24031;40969;221266;540;21318;238019;77;0;0;41095532;37117479;5540935;10239;40469405;5607223;2792;0;4
FR;1;2021-11-24;30298;49641;217403;701;31960;234586;67;0;0;41125830;37167120;5758338;10940;40501365;5841809;2859;0;4
FR;1;2021-11-25;23732;44044;244526;718;22070;264227;101;0;0;41149562;37211164;6002864;11658;40523435;6106036;2960;0;4
FR;1;2021-11-26;30618;66640;356842;836;33239;388631;154;0;0;41180180;37277804;6359706;12494;40556674;6494667;3114;0;4
FR;1;2021-11-27;21960;45261;202667;372;26149;222697;112;0;0;41202140;37323065;6562373;12866;40582823;6717364;3226;0;4
FR;1;2021-11-28;3180;9544;54804;63;3468;61017;37;0;0;41205320;37332609;6617177;12929;40586291;6778381;3263;0;4
FR;1;2021-11-29;17905;49469;326438;841;20780;354583;150;0;0;41223225;37382078;6943615;13770;40607071;7132964;3413;0;4
FR;1;2021-11-30;22790;64817;431196;952;23794;470845;266;0;0;41246015;37446895;7374811;14722;40630865;7603809;3679;0;4
FR;1;2021-12-01;25364;69036;442956;1131;28429;481821;271;0;0;41271379;37515931;7817767;15853;40659294;8085630;3950;0;4
FR;1;2021-12-02;20094;64296;489465;1230;18434;532969;274;0;0;41291473;37580227;8307232;17083;40677728;8618599;4224;0;4
FR;1;2021-12-03;22912;82300;542843;1310;30271;591859;308;0;0;41314385;37662527;8850075;18393;40707999;9210458;4532;0;4
FR;1;2021-12-04;16416;53779;299138;654;23205;328998;180;0;0;41330801;37716306;9149213;19047;40731204;9539456;4712;0;4
FR;1;2021-12-05;3635;13773;81549;143;4193;91048;85;0;0;41334436;37730079;9230762;19190;40735397;9630504;4797;0;4
FR;1;2021-12-06;25847;62421;415525;1066;22060;455254;358;0;0;41360283;37792500;9646287;20256;40757457;10085758;5155;0;4
FR;1;2021-12-07;20020;75456;523082;1536;24274;572742;372;0;0;41380303;37867956;10169369;21792;40781731;10658500;5527;0;4
FR;1;2021-12-08;21718;75491;458636;1545;30648;502294;377;0;0;41402021;37943447;10628005;23337;40812379;11160794;5904;0;4
FR;1;2021-12-09;19473;73942;493115;1624;24327;541128;398;0;0;41421494;38017389;11121120;24961;40836706;11701922;6302;0;4
FR;1;2021-12-10;23330;87517;547475;1585;32416;600116;392;0;1;41444824;38104906;11668595;26546;40869122;12302038;6694;0;5
FR;1;2021-12-11;16534;59085;302768;751;25946;335501;278;0;0;41461358;38163991;11971363;27297;40895068;12637539;6972;0;5
FR;1;2021-12-12;4398;15876;83240;179;5242;94047;96;0;0;41465756;38179867;12054603;27476;40900310;12731586;7068;0;5
FR;1;2021-12-13;15761;63394;367087;1094;23901;406371;236;0;0;41481517;38243261;12421690;28570;40924211;13137957;7304;0;5
FR;1;2021-12-14;20870;80104;464904;1749;28632;515361;507;0;1;41502387;38323365;12886594;30319;40952843;13653318;7811;0;6
FR;1;2021-12-15;21630;77285;409187;1309;33003;453256;311;0;1;41524017;38400650;13295781;31628;40985846;14106574;8122;0;7
FR;1;2021-12-16;20070;77049;452011;1577;27919;500751;324;0;0;41544087;38477699;13747792;33205;41013765;14607325;8446;0;7
FR;1;2021-12-17;22629;86368;480031;1737;34639;531055;372;0;0;41566716;38564067;14227823;34942;41048404;15138380;8818;0;7
FR;1;2021-12-18;17610;54545;257662;731;24683;288528;232;0;0;41584326;38618612;14485485;35673;41073087;15426908;9050;0;7
FR;1;2021-12-19;5563;16907;79205;194;5921;90676;117;0;0;41589889;38635519;14564690;35867;41079008;15517584;9167;0;7
FR;1;2021-12-20;20957;62870;316306;1082;26487;355340;286;0;0;41610846;38698389;14880996;36949;41105495;15872924;9453;0;7
FR;1;2021-12-21;26343;72857;372823;1422;30551;418151;338;0;0;41637189;38771246;15253819;38371;41136046;16291075;9791;0;7
FR;1;2021-12-22;24989;65640;310706;1217;29570;349629;361;0;1;41662178;38836886;15564525;39588;41165616;16640704;10152;0;8
FR;1;2021-12-23;21278;52102;241543;958;23336;273075;362;0;0;41683456;38888988;15806068;40546;41188952;16913779;10514;0;8
FR;1;2021-12-24;7130;18268;67173;258;9244;77065;154;0;1;41690586;38907256;15873241;40804;41198196;16990844;10668;0;9
FR;1;2021-12-25;510;2864;5595;15;1797;6539;55;0;0;41691096;38910120;15878836;40819;41199993;16997383;10723;0;9
FR;1;2021-12-26;2751;7567;26960;71;3491;31470;100;0;0;41693847;38917687;15905796;40890;41203484;17028853;10823;0;9
FR;1;2021-12-27;18312;53455;235147;705;25446;265806;365;0;0;41712159;38971142;16140943;41595;41228930;17294659;11188;0;9
FR;1;2021-12-28;23302;61879;292071;1026;26988;330246;595;0;1;41735461;39033021;16433014;42621;41255918;17624905;11783;0;10
FR;1;2021-12-29;22218;55369;255049;921;25253;288245;645;0;1;41757679;39088390;16688063;43542;41281171;17913150;12428;0;11
FR;1;2021-12-30;21240;46405;212183;857;22441;239631;718;0;0;41778919;39134795;16900246;44399;41303612;18152781;13146;0;11
FR;1;2021-12-31;7468;16535;61882;229;8713;70416;347;0;0;41786387;39151330;16962128;44628;41312325;18223197;13493;0;11
FR;1;2022-01-01;1170;2489;5668;30;1543;6577;73;0;0;41787557;39153819;16967796;44658;41313868;18229774;13566;0;11
FR;1;2022-01-02;3096;8074;28896;50;3672;33537;190;0;0;41790653;39161893;16996692;44708;41317540;18263311;13756;0;11
FR;1;2022-01-03;26999;54160;228289;790;27528;257749;964;0;1;41817652;39216053;17224981;45498;41345068;18521060;14720;0;12
FR;1;2022-01-04;26372;64971;299326;1241;29772;337372;1367;0;2;41844024;39281024;17524307;46739;41374840;18858432;16087;0;14
FR;1;2022-01-05;30571;64238;274937;1099;32506;310315;1264;0;0;41874595;39345262;17799244;47838;41407346;19168747;17351;0;14
FR;1;2022-01-06;26861;66195;306957;1404;29269;346631;1569;0;1;41901456;39411457;18106201;49242;41436615;19515378;18920;0;15
FR;1;2022-01-07;31584;74958;349882;1538;34384;394010;1822;0;1;41933040;39486415;18456083;50780;41470999;19909388;20742;0;16
FR;1;2022-01-08;23391;51358;222512;698;25571;251140;913;0;1;41956431;39537773;18678595;51478;41496570;20160528;21655;0;17
FR;1;2022-01-09;7091;17130;66036;163;8165;76142;335;0;0;41963522;39554903;18744631;51641;41504735;20236670;21990;0;17
FR;1;2022-01-10;21814;60572;236837;957;32912;267628;1258;0;1;41985336;39615475;18981468;52598;41537647;20504298;23248;0;18
FR;1;2022-01-11;26787;63427;282347;1280;31190;317862;1837;0;1;42012123;39678902;19263815;53878;41568837;20822160;25085;0;19
FR;1;2022-01-12;28969;62477;246305;1106;35041;278094;1686;0;3;42041092;39741379;19510120;54984;41603878;21100254;26771;0;22
FR;1;2022-01-13;24791;60153;262845;1253;30023;296166;1993;0;4;42065883;39801532;19772965;56237;41633901;21396420;28764;0;26
FR;1;2022-01-14;27972;66681;314057;1366;32102;351309;2475;0;1;42093855;39868213;20087022;57603;41666003;21747729;31239;0;27
FR;1;2022-01-15;19371;44407;199333;619;22460;223870;1363;0;1;42113226;39912620;20286355;58222;41688463;21971599;32602;0;28
FR;1;2022-01-16;5161;12955;51537;135;6020;59557;338;0;0;42118387;39925575;20337892;58357;41694483;22031156;32940;0;28
FR;1;2022-01-17;16883;39660;184866;783;20109;206844;1690;0;2;42135270;39965235;20522758;59140;41714592;22238000;34630;0;30
FR;1;2022-01-18;19460;45955;212462;1154;22981;237063;2456;0;1;42154730;40011190;20735220;60294;41737573;22475063;37086;0;31
FR;1;2022-01-19;20314;43939;176151;898;25466;197207;1977;0;4;42175044;40055129;20911371;61192;41763039;22672270;39063;0;35
FR;1;2022-01-20;16853;40566;183722;1147;20813;204767;2516;0;2;42191897;40095695;21095093;62339;41783852;22877037;41579;0;37
FR;1;2022-01-21;19923;47000;228984;1405;23879;253361;3106;0;1;42211820;40142695;21324077;63744;41807731;23130398;44685;0;38
FR;1;2022-01-22;13845;33331;144509;579;18432;161398;1404;0;2;42225665;40176026;21468586;64323;41826163;23291796;46089;0;40
FR;1;2022-01-23;3379;8763;33439;132;4576;38324;352;0;1;42229044;40184789;21502025;64455;41830739;23330120;46441;0;41
FR;1;2022-01-24;11816;32968;142243;718;17789;158280;2104;0;1;42240860;40217757;21644268;65173;41848528;23488400;48545;0;42
FR;1;2022-01-25;14217;38156;163436;1049;20281;181570;3181;0;1;42255077;40255913;21807704;66222;41868809;23669970;51726;0;43
FR;1;2022-01-26;14865;37722;150273;934;22633;166402;2516;0;1;42269942;40293635;21957977;67156;41891442;23836372;54242;0;44
FR;1;2022-01-27;12341;33337;143471;896;18498;158050;3230;0;3;42282283;40326972;22101448;68052;41909940;23994422;57472;0;47
FR;1;2022-01-28;16331;56908;198337;1144;32664;222396;4007;0;3;42298614;40383880;22299785;69196;41942604;24216818;61479;0;50
FR;1;2022-01-29;10270;35469;135216;525;19611;151542;1879;0;1;42308884;40419349;22435001;69721;41962215;24368360;63358;0;51
FR;1;2022-01-30;2485;9254;29688;86;4827;34449;434;0;1;42311369;40428603;22464689;69807;41967042;24402809;63792;0;52
FR;1;2022-01-31;8759;32460;104354;533;19470;117342;2340;0;3;42320128;40461063;22569043;70340;41986512;24520151;66132;0;55
FR;1;2022-02-01;11010;36445;127095;866;20630;141217;4320;0;1;42331138;40497508;22696138;71206;42007142;24661368;70452;0;56
FR;1;2022-02-02;12168;41572;130371;782;25262;145819;3774;0;9;42343306;40539080;22826509;71988;42032404;24807187;74226;0;65
FR;1;2022-02-03;9518;34055;117034;785;19122;130333;4284;0;4;42352824;40573135;22943543;72773;42051526;24937520;78510;0;69
FR;1;2022-02-04;11544;49687;172589;968;26978;192725;5479;0;5;42364368;40622822;23116132;73741;42078504;25130245;83989;0;74
FR;1;2022-02-05;8000;33921;117593;391;18170;133024;2414;0;3;42372368;40656743;23233725;74132;42096674;25263269;86403;0;77
FR;1;2022-02-06;1706;7995;22754;86;3873;26905;444;0;0;42374074;40664738;23256479;74218;42100547;25290174;86847;0;77
FR;1;2022-02-07;7367;35387;119114;460;18173;134971;3398;0;4;42381441;40700125;23375593;74678;42118720;25425145;90245;0;81
FR;1;2022-02-08;7772;31960;125676;696;14892;140666;4301;0;5;42389213;40732085;23501269;75374;42133612;25565811;94546;0;86
FR;1;2022-02-09;8742;36529;135267;702;17930;152510;3884;0;7;42397955;40768614;23636536;76076;42151542;25718321;98430;0;93
FR;1;2022-02-10;7033;30146;116383;677;13911;130171;4445;0;1;42404988;40798760;23752919;76753;42165453;25848492;102875;0;94
FR;1;2022-02-11;8662;41568;165150;878;18382;185374;5430;0;3;42413650;40840328;23918069;77631;42183835;26033866;108305;0;97
FR;1;2022-02-12;5346;27617;106715;379;12540;120900;2396;0;2;42418996;40867945;24024784;78010;42196375;26154766;110701;0;99
FR;1;2022-02-13;1269;5721;21721;66;2188;25339;402;0;3;42420265;40873666;24046505;78076;42198563;26180105;111103;0;102
FR;1;2022-02-14;5461;27230;118095;395;10644;133123;3385;0;4;42425726;40900896;24164600;78471;42209207;26313228;114488;0;106
FR;1;2022-02-15;5797;28872;118941;611;12221;132572;4883;0;1;42431523;40929768;24283541;79082;42221428;26445800;119371;0;107
FR;1;2022-02-16;5763;28496;110429;597;13763;123059;4153;0;3;42437286;40958264;24393970;79679;42235191;26568859;123524;0;110
FR;1;2022-02-17;4617;19749;73155;489;10129;80262;3999;0;3;42441903;40978013;24467125;80168;42245320;26649121;127523;0;113
FR;1;2022-02-18;5615;26803;99207;673;14176;108168;5519;0;2;42447518;41004816;24566332;80841;42259496;26757289;133042;0;115
FR;1;2022-02-19;3551;17178;59479;305;9571;66060;2267;0;0;42451069;41021994;24625811;81146;42269067;26823349;135309;0;115
FR;1;2022-02-20;794;3258;10706;36;1651;12333;360;0;1;42451863;41025252;24636517;81182;42270718;26835682;135669;0;116
FR;1;2022-02-21;3430;14599;52830;286;7919;57678;3126;0;2;42455293;41039851;24689347;81468;42278637;26893360;138795;0;118
FR;1;2022-02-22;3804;15550;51919;500;9047;55657;4070;0;1;42459097;41055401;24741266;81968;42287684;26949017;142865;0;119
FR;1;2022-02-23;4235;17828;57487;510;10748;62589;3568;0;3;42463332;41073229;24798753;82478;42298432;27011606;146433;0;122
FR;1;2022-02-24;3345;13145;43620;436;7840;46410;3658;0;2;42466677;41086374;24842373;82914;42306272;27058016;150091;0;124
FR;1;2022-02-25;4478;20133;64928;697;12250;68799;5768;0;4;42471155;41106507;24907301;83611;42318522;27126815;155859;0;128
FR;1;2022-02-26;2698;12806;41371;310;7653;45124;2494;0;2;42473853;41119313;24948672;83921;42326175;27171939;158353;0;130
FR;1;2022-02-27;644;2192;7131;42;1207;7994;433;0;0;42474497;41121505;24955803;83963;42327382;27179933;158786;0;130
FR;1;2022-02-28;2614;10501;34969;306;6081;37395;3124;0;0;42477111;41132006;24990772;84269;42333463;27217328;161910;0;130
FR;1;2022-03-01;3592;10762;38706;391;6364;39662;4548;0;4;42480703;41142768;25029478;84660;42339827;27256990;166458;0;134
FR;1;2022-03-02;3685;12287;41871;399;7554;43941;4111;0;1;42484388;41155055;25071349;85059;42347381;27300931;170569;0;135
FR;1;2022-03-03;2463;7994;26186;329;5249;26524;3380;0;1;42486851;41163049;25097535;85388;42352630;27327455;173949;0;136
FR;1;2022-03-04;2691;10551;35468;594;6983;34962;5280;0;3;42489542;41173600;25133003;85982;42359613;27362417;179229;0;139
FR;1;2022-03-05;1823;6370;21972;280;4208;22370;2572;0;1;42491365;41179970;25154975;86262;42363821;27384787;181801;0;140
FR;1;2022-03-06;360;959;2918;38;605;3121;327;0;0;42491725;41180929;25157893;86300;42364426;27387908;182128;0;140
FR;1;2022-03-07;1923;4724;16442;245;3046;15910;2831;0;4;42493648;41185653;25174335;86545;42367472;27403818;184959;0;144
FR;1;2022-03-08;1719;5259;17172;309;3670;16001;3471;0;3;42495367;41190912;25191507;86854;42371142;27419819;188430;0;147
FR;1;2022-03-09;1988;6750;19821;371;4825;19179;3424;0;4;42497355;41197662;25211328;87225;42375967;27438998;191854;0;151
FR;1;2022-03-10;1416;5023;15302;309;3675;14340;2944;0;2;42498771;41202685;25226630;87534;42379642;27453338;194798;0;153
FR;1;2022-03-11;1761;6416;21717;487;4450;19873;4737;0;1;42500532;41209101;25248347;88021;42384092;27473211;199535;0;154
FR;1;2022-03-12;1264;4652;15367;281;3093;14915;2687;0;2;42501796;41213753;25263714;88302;42387185;27488126;202222;0;156
FR;1;2022-03-13;257;614;2119;119;415;2065;468;0;0;42502053;41214367;25265833;88421;42387600;27490191;202690;0;156
FR;1;2022-03-14;1159;3681;13407;3882;2296;12528;6342;0;8;42503212;41218048;25279240;92303;42389896;27502719;209032;0;164
FR;1;2022-03-15;1409;5735;14665;6865;4319;13262;9847;0;8;42504621;41223783;25293905;99168;42394215;27515981;218879;0;172
FR;1;2022-03-16;1700;5091;17401;11521;3602;16465;14126;0;6;42506321;41228874;25311306;110689;42397817;27532446;233005;0;178
FR;1;2022-03-17;1181;3442;11735;9648;2367;10830;11732;0;8;42507502;41232316;25323041;120337;42400184;27543276;244737;0;186
FR;1;2022-03-18;1725;4931;17980;16508;3325;16419;19722;0;14;42509227;41237247;25341021;136845;42403509;27559695;264459;0;200
FR;1;2022-03-19;1126;3302;11891;8460;2277;11362;10142;0;6;42510353;41240549;25352912;145305;42405786;27571057;274601;0;206
FR;1;2022-03-20;224;562;1726;1015;364;1761;1224;0;2;42510577;41241111;25354638;146320;42406150;27572818;275825;0;208
FR;1;2022-03-21;1088;2768;11505;13462;1787;10856;15142;0;10;42511665;41243879;25366143;159782;42407937;27583674;290967;0;218
FR;1;2022-03-22;1282;3215;12265;18716;2156;11253;20619;0;5;42512947;41247094;25378408;178498;42410093;27594927;311586;0;223
FR;1;2022-03-23;1515;4365;16035;20112;2961;15716;21884;0;34;42514462;41251459;25394443;198610;42413054;27610643;333470;0;257
FR;1;2022-03-24;1121;2754;10405;16060;1910;9666;17565;0;15;42515583;41254213;25404848;214670;42414964;27620309;351035;0;272
FR;1;2022-03-25;1540;4364;16758;25315;2882;15409;27960;0;23;42517123;41258577;25421606;239985;42417846;27635718;378995;0;295
FR;1;2022-03-26;1110;3018;10856;11452;2065;10518;12864;0;20;42518233;41261595;25432462;251437;42419911;27646236;391859;0;315
FR;1;2022-03-27;237;546;1751;1383;334;1804;1594;0;1;42518470;41262141;25434213;252820;42420245;27648040;393453;0;316
FR;1;2022-03-28;1086;2490;9981;15885;1558;9602;17230;0;10;42519556;41264631;25444194;268705;42421803;27657642;410683;0;326
FR;1;2022-03-29;1140;2754;11562;25112;1602;10926;26509;0;30;42520696;41267385;25455756;293817;42423405;27668568;437192;0;356
FR;1;2022-03-30;1632;3680;14176;24233;2454;13716;25897;0;19;42522328;41271065;25469932;318050;42425859;27682284;463089;0;375
FR;1;2022-03-31;1281;3032;11701;22700;2060;11214;24021;0;40;42523609;41274097;25481633;340750;42427919;27693498;487110;0;415
FR;1;2022-04-01;2239;4025;18492;28534;2482;17362;30806;0;54;42525848;41278122;25500125;369284;42430401;27710860;517916;0;469
FR;1;2022-04-02;911;1894;8197;9240;1106;7960;10233;0;28;42526759;41280016;25508322;378524;42431507;27718820;528149;0;497
FR;1;2022-04-03;207;382;1433;1058;219;1435;1249;0;1;42526966;41280398;25509755;379582;42431726;27720255;529398;0;498
FR;1;2022-04-04;4273;2608;11385;17680;1696;10776;18900;0;30;42531239;41283006;25521140;397262;42433422;27731031;548298;0;528
FR;1;2022-04-05;2262;2725;13006;31222;1708;12032;32603;0;68;42533501;41285731;25534146;428484;42435130;27743063;580901;0;596
FR;1;2022-04-06;1893;3018;12207;23982;1926;11644;25279;0;62;42535394;41288749;25546353;452466;42437056;27754707;606180;0;658
FR;1;2022-04-07;1694;2754;12360;31120;1651;11827;32196;0;68;42537088;41291503;25558713;483586;42438707;27766534;638376;0;726
FR;1;2022-04-08;1847;3713;17570;40648;2099;16500;42701;0;76;42538935;41295216;25576283;524234;42440806;27783034;681077;0;802
FR;1;2022-04-09;827;2000;8406;12504;1078;8106;13502;0;26;42539762;41297216;25584689;536738;42441884;27791140;694579;0;828
FR;1;2022-04-10;202;655;1837;1855;420;1883;2075;0;6;42539964;41297871;25586526;538593;42442304;27793023;696654;0;834
FR;1;2022-04-11;1108;2269;10973;22372;1322;10687;23480;0;68;42541072;41300140;25597499;560965;42443626;27803710;720134;0;902
FR;1;2022-04-12;1352;2680;12828;38147;1594;12316;38899;0;119;42542424;41302820;25610327;599112;42445220;27816026;759033;0;1021
FR;1;2022-04-13;1284;2894;12279;30627;1790;12009;31399;0;85;42543708;41305714;25622606;629739;42447010;27828035;790432;0;1106
FR;1;2022-04-14;1240;2629;12119;33661;1632;12133;34098;0;87;42544948;41308343;25634725;663400;42448642;27840168;824530;0;1193
FR;1;2022-04-15;1512;3346;14408;33269;2161;13814;34671;0;107;42546460;41311689;25649133;696669;42450803;27853982;859201;0;1300
FR;1;2022-04-16;663;1410;5845;8003;767;5777;8757;0;31;42547123;41313099;25654978;704672;42451570;27859759;867958;0;1331
FR;1;2022-04-17;157;290;930;1121;177;975;1171;0;7;42547280;41313389;25655908;705793;42451747;27860734;869129;0;1338
FR;1;2022-04-18;170;499;2636;1002;313;2660;1187;0;5;42547450;41313888;25658544;706795;42452060;27863394;870316;0;1343
FR;1;2022-04-19;1259;2610;11788;27936;1500;11519;28791;0;69;42548709;41316498;25670332;734731;42453560;27874913;899107;0;1412
FR;1;2022-04-20;1360;2675;12179;26886;1678;12031;27711;0;82;42550069;41319173;25682511;761617;42455238;27886944;926818;0;1494
FR;1;2022-04-21;1245;2465;11554;33285;1514;11785;33623;0;107;42551314;41321638;25694065;794902;42456752;27898729;960441;0;1601
FR;1;2022-04-22;1527;3094;15217;35507;1927;14795;36705;0;120;42552841;41324732;25709282;830409;42458679;27913524;997146;0;1721
FR;1;2022-04-23;767;1590;6738;9894;927;6644;10578;0;30;42553608;41326322;25716020;840303;42459606;27920168;1007724;0;1751
FR;1;2022-04-24;195;378;1376;1524;242;1329;1749;0;7;42553803;41326700;25717396;841827;42459848;27921497;1009473;0;1758
FR;1;2022-04-25;1042;2133;9858;19736;1256;9758;20558;0;64;42554845;41328833;25727254;861563;42461104;27931255;1030031;0;1822
FR;1;2022-04-26;1351;2627;12608;36640;1608;12207;37228;0;163;42556196;41331460;25739862;898203;42462712;27943462;1067259;0;1985
FR;1;2022-04-27;1331;2411;10654;29290;1471;10790;29675;0;123;42557527;41333871;25750516;927493;42464183;27954252;1096934;0;2108
FR;1;2022-04-28;1285;2421;11565;34327;1527;11406;34477;0;127;42558812;41336292;25762081;961820;42465710;27965658;1131411;0;2235
FR;1;2022-04-29;1616;4296;14406;35563;3169;13859;36852;0;153;42560428;41340588;25776487;997383;42468879;27979517;1168263;0;2388
FR;1;2022-04-30;841;4335;6448;9173;3762;6292;9974;0;35;42561269;41344923;25782935;1006556;42472641;27985809;1178237;0;2423
FR;1;2022-05-01;178;288;832;951;190;826;1080;0;5;42561447;41345211;25783767;1007507;42472831;27986635;1179317;0;2428
FR;1;2022-05-02;2099;2619;10383;16956;1774;10308;17637;0;64;42563546;41347830;25794150;1024463;42474605;27996943;1196954;0;2492
FR;1;2022-05-03;1687;2879;12712;32916;1762;12604;33715;0;149;42565233;41350709;25806862;1057379;42476367;28009547;1230669;0;2641
FR;1;2022-05-04;1382;2751;11234;23826;1696;11396;24365;0;96;42566615;41353460;25818096;1081205;42478063;28020943;1255034;0;2737
FR;1;2022-05-05;1501;2738;12201;31862;1722;12124;32410;0;170;42568116;41356198;25830297;1113067;42479785;28033067;1287444;0;2907
FR;1;2022-05-06;1823;3242;14242;34941;1919;13826;36203;0;166;42569939;41359440;25844539;1148008;42481704;28046893;1323647;0;3073
FR;1;2022-05-07;860;1473;5979;9097;878;6013;9731;0;44;42570799;41360913;25850518;1157105;42482582;28052906;1333378;0;3117
FR;1;2022-05-08;190;329;1062;1472;221;1124;1548;0;8;42570989;41361242;25851580;1158577;42482803;28054030;1334926;0;3125
FR;1;2022-05-09;1168;2020;9250;19262;1160;9165;20034;0;93;42572157;41363262;25860830;1177839;42483963;28063195;1354960;0;3218
FR;1;2022-05-10;1513;3050;12616;37145;1961;12215;38043;0;177;42573670;41366312;25873446;1214984;42485924;28075410;1393003;0;3395
FR;1;2022-05-11;1441;2480;9912;26042;1698;9860;26559;0;138;42575111;41368792;25883358;1241026;42487622;28085270;1419562;0;3533
FR;1;2022-05-12;1326;2457;10530;33654;1549;10230;34300;0;188;42576437;41371249;25893888;1274680;42489171;28095500;1453862;0;3721
FR;1;2022-05-13;1618;2808;12770;35855;1686;12418;36950;0;149;42578055;41374057;25906658;1310535;42490857;28107918;1490812;0;3870
FR;1;2022-05-14;783;1330;5481;10217;816;5365;10732;0;52;42578838;41375387;25912139;1320752;42491673;28113283;1501544;0;3922
FR;1;2022-05-15;223;422;1182;1352;246;1252;1497;0;5;42579061;41375809;25913321;1322104;42491919;28114535;1503041;0;3927
FR;1;2022-05-16;972;1786;8081;20138;1005;8145;20550;0;117;42580033;41377595;25921402;1342242;42492924;28122680;1523591;0;4044
FR;1;2022-05-17;1297;2303;11126;36187;1387;10730;36973;0;172;42581330;41379898;25932528;1378429;42494311;28133410;1560564;0;4216
FR;1;2022-05-18;1313;2137;9042;25730;1369;8991;26290;0;99;42582643;41382035;25941570;1404159;42495680;28142401;1586854;0;4315
FR;1;2022-05-19;1207;2404;9856;34005;1415;9951;34208;0;150;42583850;41384439;25951426;1438164;42497095;28152352;1621062;0;4465
FR;1;2022-05-20;1563;2757;12533;37655;1721;12113;38516;0;151;42585413;41387196;25963959;1475819;42498816;28164465;1659578;0;4616
FR;1;2022-05-21;775;1387;5247;9374;880;5164;9944;0;37;42586188;41388583;25969206;1485193;42499696;28169629;1669522;0;4653
FR;1;2022-05-22;194;292;954;1398;204;953;1521;0;10;42586382;41388875;25970160;1486591;42499900;28170582;1671043;0;4663
FR;1;2022-05-23;971;1891;8372;19439;1179;8348;20056;0;79;42587353;41390766;25978532;1506030;42501079;28178930;1691099;0;4742
FR;1;2022-05-24;1289;2448;10728;37252;1440;10598;37825;0;173;42588642;41393214;25989260;1543282;42502519;28189528;1728924;0;4915
FR;1;2022-05-25;1272;2300;8793;23694;1425;8957;24056;0;111;42589914;41395514;25998053;1566976;42503944;28198485;1752980;0;5026
FR;1;2022-05-26;175;385;1585;1155;261;1580;1288;0;24;42590089;41395899;25999638;1568131;42504205;28200065;1754268;0;5050
FR;1;2022-05-27;1120;2192;8790;20457;1377;8538;21410;0;84;42591209;41398091;26008428;1588588;42505582;28208603;1775678;0;5134
FR;1;2022-05-28;486;1059;3692;6543;627;3729;6930;0;37;42591695;41399150;26012120;1595131;42506209;28212332;1782608;0;5171
FR;1;2022-05-29;121;257;708;896;149;719;1005;0;4;42591816;41399407;26012828;1596027;42506358;28213051;1783613;0;5175
FR;1;2022-05-30;832;1744;6559;18536;1045;6592;18990;0;85;42592648;41401151;26019387;1614563;42507403;28219643;1802603;0;5260
FR;1;2022-05-31;1266;2241;9248;34376;1372;9118;34976;0;159;42593914;41403392;26028635;1648939;42508775;28228761;1837579;0;5419
FR;1;2022-06-01;1336;2605;10439;23460;1752;10302;24307;0;116;42595250;41405997;26039074;1672399;42510527;28239063;1861886;0;5535
FR;1;2022-06-02;1228;2309;10670;34153;1448;10248;34986;0;162;42596478;41408306;26049744;1706552;42511975;28249311;1896872;0;5697
FR;1;2022-06-03;1447;2749;12735;37112;1740;12156;38288;0;157;42597925;41411055;26062479;1743664;42513715;28261467;1935160;0;5854
FR;1;2022-06-04;686;1263;4750;8677;760;4826;9167;0;62;42598611;41412318;26067229;1752341;42514475;28266293;1944327;0;5916
FR;1;2022-06-05;134;293;811;1049;151;835;1154;0;3;42598745;41412611;26068040;1753390;42514626;28267128;1945481;0;5919
FR;1;2022-06-06;841;1196;2028;1252;1018;2047;1427;0;9;42599586;41413807;26070068;1754642;42515644;28269175;1946908;0;5928
FR;1;2022-06-07;1264;2343;9185;34057;1440;8845;35156;0;143;42600850;41416150;26079253;1788699;42517084;28278020;1982064;0;6071
FR;1;2022-06-08;1140;2239;8682;27615;1402;8566;28486;0;107;42601990;41418389;26087935;1816314;42518486;28286586;2010550;0;6178
FR;1;2022-06-09;1076;2151;9987;37576;1282;9672;38343;0;148;42603066;41420540;26097922;1853890;42519768;28296258;2048893;0;6326
FR;1;2022-06-10;1337;2861;12424;43134;1824;12015;44363;0;200;42604403;41423401;26110346;1897024;42521592;28308273;2093256;0;6526
FR;1;2022-06-11;661;1451;5136;11085;798;5185;11614;0;50;42605064;41424852;26115482;1908109;42522390;28313458;2104870;0;6576
FR;1;2022-06-12;157;377;1019;1687;189;1077;1788;0;11;42605221;41425229;26116501;1909796;42522579;28314535;2106658;0;6587
FR;1;2022-06-13;951;1840;7015;22226;1135;6872;23067;0;84;42606172;41427069;26123516;1932022;42523714;28321407;2129725;0;6671
FR;1;2022-06-14;1117;2234;9841;42852;1312;9246;43944;0;186;42607289;41429303;26133357;1974874;42525026;28330653;2173669;0;6857
FR;1;2022-06-15;1095;2012;8788;29393;1363;8476;29941;0;169;42608384;41431315;26142145;2004267;42526389;28339129;2203610;0;7026
FR;1;2022-06-16;959;1840;9404;38510;1061;8882;39417;0;188;42609343;41433155;26151549;2042777;42527450;28348011;2243027;0;7214
FR;1;2022-06-17;1229;2568;11916;44864;1483;11382;46004;0;224;42610572;41435723;26163465;2087641;42528933;28359393;2289031;0;7438
FR;1;2022-06-18;564;1277;4319;10544;717;4258;11086;0;62;42611136;41437000;26167784;2098185;42529650;28363651;2300117;0;7500
FR;1;2022-06-19;137;325;1003;1543;173;1082;1609;0;12;42611273;41437325;26168787;2099728;42529823;28364733;2301726;0;7512
FR;1;2022-06-20;861;1710;8493;25049;1009;8157;25910;0;146;42612134;41439035;26177280;2124777;42530832;28372890;2327636;0;7658
FR;1;2022-06-21;1103;2140;9765;47760;1254;8856;49105;0;241;42613237;41441175;26187045;2172537;42532086;28381746;2376741;0;7899
FR;1;2022-06-22;1046;2074;8442;37162;1301;7963;38022;0;231;42614283;41443249;26195487;2209699;42533387;28389709;2414763;0;8130
FR;1;2022-06-23;1054;2181;10125;52819;1210;9408;53828;0;290;42615337;41445430;26205612;2262518;42534597;28399117;2468591;0;8420
FR;1;2022-06-24;1256;2719;12917;65969;1487;11701;67641;0;367;42616593;41448149;26218529;2328487;42536084;28410818;2536232;0;8787
FR;1;2022-06-25;685;1506;5930;18923;792;5712;19722;0;163;42617278;41449655;26224459;2347410;42536876;28416530;2555954;0;8950
FR;1;2022-06-26;167;406;1817;3494;191;1713;3730;0;34;42617445;41450061;26226276;2350904;42537067;28418243;2559684;0;8984
FR;1;2022-06-27;945;1777;9901;45979;943;9127;47114;0;300;42618390;41451838;26236177;2396883;42538010;28427370;2606798;0;9284
FR;1;2022-06-28;1216;2576;13843;86587;1382;12404;88275;0;569;42619606;41454414;26250020;2483470;42539392;28439774;2695073;0;9853
FR;1;2022-06-29;1242;2297;11483;67405;1261;10550;68450;0;487;42620848;41456711;26261503;2550875;42540653;28450324;2763523;0;10340
FR;1;2022-06-30;1291;2487;13518;89967;1438;11828;91769;0;645;42622139;41459198;26275021;2640842;42542091;28462152;2855292;0;10985
FR;1;2022-07-01;1659;3482;20316;109201;1992;17972;111597;0;859;42623798;41462680;26295337;2750043;42544083;28480124;2966889;0;11844
FR;1;2022-07-02;770;1527;8025;33776;751;7254;34802;0;315;42624568;41464207;26303362;2783819;42544834;28487378;3001691;0;12159
FR;1;2022-07-03;230;480;1943;6119;257;1759;6445;0;71;42624798;41464687;26305305;2789938;42545091;28489137;3008136;0;12230
FR;1;2022-07-04;1678;3179;13935;75420;2064;12362;77309;0;589;42626476;41467866;26319240;2865358;42547155;28501499;3085445;0;12819
FR;1;2022-07-05;1507;2858;17696;126387;1512;15153;128500;0;1060;42627983;41470724;26336936;2991745;42548667;28516652;3213945;0;13879
FR;1;2022-07-06;1379;2406;14888;93747;1385;12912;95183;0;815;42629362;41473130;26351824;3085492;42550052;28529564;3309128;0;14694
FR;1;2022-07-07;1444;2538;16939;119493;1406;14010;121588;0;1074;42630806;41475668;26368763;3204985;42551458;28543574;3430716;0;15768
FR;1;2022-07-08;1534;2823;19612;130007;1541;15975;132811;0;1220;42632340;41478491;26388375;3334992;42552999;28559549;3563527;0;16988
FR;1;2022-07-09;663;1281;7311;36022;699;6354;36809;0;392;42633003;41479772;26395686;3371014;42553698;28565903;3600336;0;17380
FR;1;2022-07-10;245;657;2240;6689;412;2032;7068;0;89;42633248;41480429;26397926;3377703;42554110;28567935;3607404;0;17469
FR;1;2022-07-11;1241;2245;14320;84455;1180;11942;86565;0;734;42634489;41482674;26412246;3462158;42555290;28579877;3693969;0;18203
FR;1;2022-07-12;1605;2806;19464;137424;1442;15904;139914;0;1485;42636094;41485480;26431710;3599582;42556732;28595781;3833883;0;19688
FR;1;2022-07-13;1462;2442;14791;89838;1319;12644;91523;0;1002;42637556;41487922;26446501;3689420;42558051;28608425;3925406;0;20690
FR;1;2022-07-14;162;351;1864;5290;196;1773;5437;0;74;42637718;41488273;26448365;3694710;42558247;28610198;3930843;0;20764
FR;1;2022-07-15;1266;2319;14364;80599;1206;12007;82603;0;960;42638984;41490592;26462729;3775309;42559453;28622205;4013446;0;21724
FR;1;2022-07-16;514;1064;5641;23949;556;4894;24590;0;302;42639498;41491656;26468370;3799258;42560009;28627099;4038036;0;22026
FR;1;2022-07-17;163;369;1656;4464;193;1501;4727;0;60;42639661;41492025;26470026;3803722;42560202;28628600;4042763;0;22086
FR;1;2022-07-18;975;2037;11301;59282;1148;9571;61006;0;715;42640636;41494062;26481327;3863004;42561350;28638171;4103769;0;22801
FR;1;2022-07-19;1235;2132;14695;99429;1196;11727;101426;0;1386;42641871;41496194;26496022;3962433;42562546;28649898;4205195;0;24187
FR;1;2022-07-20;1185;2007;12375;74374;1173;10286;75859;0;964;42643056;41498201;26508397;4036807;42563719;28660184;4281054;0;25151
FR;1;2022-07-21;1137;1955;12418;84547;1189;9994;85912;0;1211;42644193;41500156;26520815;4121354;42564908;28670178;4366966;0;26362
FR;1;2022-07-22;1274;2246;14111;85963;1259;11433;87688;0;1264;42645467;41502402;26534926;4207317;42566167;28681611;4454654;0;27626
FR;1;2022-07-23;548;1093;5238;21296;634;4611;21842;0;373;42646015;41503495;26540164;4228613;42566801;28686222;4476496;0;27999
FR;1;2022-07-24;149;306;1327;3700;153;1168;3925;0;65;42646164;41503801;26541491;4232313;42566954;28687390;4480421;0;28064
FR;1;2022-07-25;891;1634;9076;46124;984;7526;47497;0;680;42647055;41505435;26550567;4278437;42567938;28694916;4527918;0;28744
FR;1;2022-07-26;1136;1964;12681;81968;1120;10336;83582;0;1198;42648191;41507399;26563248;4360405;42569058;28705252;4611500;0;29942
FR;1;2022-07-27;1021;1730;9760;58521;1047;8138;59702;0;874;42649212;41509129;26573008;4418926;42570105;28713390;4671202;0;30816
FR;1;2022-07-28;982;1706;9857;61918;1114;7854;63144;0;967;42650194;41510835;26582865;4480844;42571219;28721244;4734346;0;31783
FR;1;2022-07-29;1112;1845;10461;62989;1171;8385;64303;0;1066;42651306;41512680;26593326;4543833;42572390;28729629;4798649;0;32849
FR;1;2022-07-30;395;727;3349;14491;442;2850;14851;0;279;42651701;41513407;26596675;4558324;42572832;28732479;4813500;0;33128
FR;1;2022-07-31;141;264;900;2335;159;766;2477;0;47;42651842;41513671;26597575;4560659;42572991;28733245;4815977;0;33175
FR;1;2022-08-01;883;1473;7260;28968;1087;6122;29961;0;519;42652725;41515144;26604835;4589627;42574078;28739367;4845938;0;33694
FR;1;2022-08-02;930;1486;8239;54049;1000;6634;54688;0;1091;42653655;41516630;26613074;4643676;42575078;28746001;4900626;0;34785
FR;1;2022-08-03;738;1108;6157;37046;753;4939;37776;0;645;42654393;41517738;26619231;4680722;42575831;28750940;4938402;0;35430
FR;1;2022-08-04;651;1081;6264;41453;697;5058;42008;0;850;42655044;41518819;26625495;4722175;42576528;28755998;4980410;0;36280
FR;1;2022-08-05;745;1198;6766;43084;809;5436;43707;0;933;42655789;41520017;26632261;4765259;42577337;28761434;5024117;0;37213
FR;1;2022-08-06;277;465;1993;9000;305;1674;9192;0;218;42656066;41520482;26634254;4774259;42577642;28763108;5033309;0;37431
FR;1;2022-08-07;89;148;520;1557;104;436;1630;0;35;42656155;41520630;26634774;4775816;42577746;28763544;5034939;0;37466
FR;1;2022-08-08;583;1078;3807;21229;833;3141;21627;0;457;42656738;41521708;26638581;4797045;42578579;28766685;5056566;0;37923
FR;1;2022-08-09;669;1056;5683;38481;747;4558;38967;0;794;42657407;41522764;26644264;4835526;42579326;28771243;5095533;0;38717
FR;1;2022-08-10;569;1185;4435;26915;886;3636;27228;0;601;42657976;41523949;26648699;4862441;42580212;28774879;5122761;0;39318
FR;1;2022-08-11;566;920;4315;28210;632;3589;28538;0;634;42658542;41524869;26653014;4890651;42580844;28778468;5151299;0;39952
FR;1;2022-08-12;732;1042;4555;27171;719;3762;27583;0;668;42659274;41525911;26657569;4917822;42581563;28782230;5178882;0;40620
FR;1;2022-08-13;322;371;1248;5111;263;1066;5282;0;116;42659596;41526282;26658817;4922933;42581826;28783296;5184164;0;40736
FR;1;2022-08-14;67;115;277;871;96;236;941;0;24;42659663;41526397;26659094;4923804;42581922;28783532;5185105;0;40760
FR;1;2022-08-15;112;216;574;542;185;535;593;0;16;42659775;41526613;26659668;4924346;42582107;28784067;5185698;0;40776
FR;1;2022-08-16;550;953;3792;21491;712;3221;21692;0;582;42660325;41527566;26663460;4945837;42582819;28787288;5207390;0;41358
FR;1;2022-08-17;548;915;3769;22152;682;3195;22390;0;579;42660873;41528481;26667229;4967989;42583501;28790483;5229780;0;41937
FR;1;2022-08-18;562;899;3942;25451;700;3141;25673;0;630;42661435;41529380;26671171;4993440;42584201;28793624;5255453;0;42567
FR;1;2022-08-19;537;1050;4369;26547;749;3601;26855;0;732;42661972;41530430;26675540;5019987;42584950;28797225;5282308;0;43299
FR;1;2022-08-20;251;422;1290;5371;322;1107;5524;0;138;42662223;41530852;26676830;5025358;42585272;28798332;5287832;0;43437
FR;1;2022-08-21;84;112;287;990;77;253;1013;0;27;42662307;41530964;26677117;5026348;42585349;28798585;5288845;0;43464
FR;1;2022-08-22;511;900;3142;14956;674;2714;15232;0;411;42662818;41531864;26680259;5041304;42586023;28801299;5304077;0;43875
FR;1;2022-08-23;656;1064;4155;28323;748;3486;28405;0;830;42663474;41532928;26684414;5069627;42586771;28804785;5332482;0;44705
FR;1;2022-08-24;569;839;3405;19069;661;2774;19254;0;587;42664043;41533767;26687819;5088696;42587432;28807559;5351736;0;45292
FR;1;2022-08-25;565;937;3832;22919;654;3215;23148;0;655;42664608;41534704;26691651;5111615;42588086;28810774;5374884;0;45947
FR;1;2022-08-26;754;1137;4350;25157;810;3568;25532;0;745;42665362;41535841;26696001;5136772;42588896;28814342;5400416;0;46692
FR;1;2022-08-27;223;432;1324;5308;277;1191;5362;0;192;42665585;41536273;26697325;5142080;42589173;28815533;5405778;0;46884
FR;1;2022-08-28;113;147;298;899;106;280;948;0;33;42665698;41536420;26697623;5142979;42589279;28815813;5406726;0;46917
FR;1;2022-08-29;507;861;2979;14272;638;2519;14582;0;409;42666205;41537281;26700602;5157251;42589917;28818332;5421308;0;47326
FR;1;2022-08-30;746;1111;4626;27721;788;3776;28042;0;793;42666951;41538392;26705228;5184972;42590705;28822108;5449350;0;48119
FR;1;2022-08-31;587;835;3114;17241;614;2624;17503;0;483;42667538;41539227;26708342;5202213;42591319;28824732;5466853;0;48602
FR;1;2022-09-01;701;927;4333;21895;653;3693;22148;0;587;42668239;41540154;26712675;5224108;42591972;28828425;5489001;0;49189
FR;1;2022-09-02;858;1063;4886;27866;762;4083;28154;0;882;42669097;41541217;26717561;5251974;42592734;28832508;5517155;0;50071
FR;1;2022-09-03;322;511;1833;5876;349;1595;6105;0;174;42669419;41541728;26719394;5257850;42593083;28834103;5523260;0;50245
FR;1;2022-09-04;110;137;341;845;73;334;915;0;21;42669529;41541865;26719735;5258695;42593156;28834437;5524175;0;50266
FR;1;2022-09-05;721;872;3051;15698;696;2557;15982;0;499;42670250;41542737;26722786;5274393;42593852;28836994;5540157;0;50765
FR;1;2022-09-06;843;965;4572;31064;612;3712;31285;0;1002;42671093;41543702;26727358;5305457;42594464;28840706;5571442;0;51767
FR;1;2022-09-07;609;706;2921;16444;468;2425;16581;0;550;42671702;41544408;26730279;5321901;42594932;28843131;5588023;0;52317
FR;1;2022-09-08;583;796;3701;24224;543;3041;24305;0;796;42672285;41545204;26733980;5346125;42595475;28846172;5612328;0;53113
FR;1;2022-09-09;782;976;4307;26897;618;3597;27078;0;903;42673067;41546180;26738287;5373022;42596093;28849769;5639406;0;54016
FR;1;2022-09-10;349;574;1680;5590;405;1480;5782;0;203;42673416;41546754;26739967;5378612;42596498;28851249;5645188;0;54219
FR;1;2022-09-11;106;120;313;646;82;293;703;0;17;42673522;41546874;26740280;5379258;42596580;28851542;5645891;0;54236
FR;1;2022-09-12;482;605;2616;12955;426;2233;13235;0;462;42674004;41547479;26742896;5392213;42597006;28853775;5659126;0;54698
FR;1;2022-09-13;649;831;3871;25850;542;3384;25721;0;834;42674653;41548310;26746767;5418063;42597548;28857159;5684847;0;55532
FR;1;2022-09-14;625;724;2881;15702;508;2412;15938;0;537;42675278;41549034;26749648;5433765;42598056;28859571;5700785;0;56069
FR;1;2022-09-15;532;777;3345;23092;549;2851;23156;0;679;42675810;41549811;26752993;5456857;42598605;28862422;5723941;0;56748
FR;1;2022-09-16;726;947;4021;25351;631;3393;25550;0;891;42676536;41550758;26757014;5482208;42599236;28865815;5749491;0;57639
FR;1;2022-09-17;303;428;1397;5979;300;1222;6087;0;227;42676839;41551186;26758411;5488187;42599536;28867037;5755578;0;57866
FR;1;2022-09-18;99;126;310;924;103;278;980;0;34;42676938;41551312;26758721;5489111;42599639;28867315;5756558;0;57900
FR;1;2022-09-19;400;577;2142;12864;379;1837;13018;0;414;42677338;41551889;26760863;5501975;42600018;28869152;5769576;0;58314
FR;1;2022-09-20;564;841;3669;25830;589;3066;25870;0;854;42677902;41552730;26764532;5527805;42600607;28872218;5795446;0;59168
FR;1;2022-09-21;485;691;2628;15862;491;2256;15826;0;561;42678387;41553421;26767160;5543667;42601098;28874474;5811272;0;59729
FR;1;2022-09-22;549;777;3296;22968;517;2695;23156;0;744;42678936;41554198;26770456;5566635;42601615;28877169;5834428;0;60473
FR;1;2022-09-23;767;944;4353;28164;678;3634;28327;0;981;42679703;41555142;26774809;5594799;42602293;28880803;5862755;0;61454
FR;1;2022-09-24;356;539;1591;6706;379;1373;6880;0;300;42680059;41555681;26776400;5601505;42602672;28882176;5869635;0;61754
FR;1;2022-09-25;81;157;321;1072;111;293;1110;0;32;42680140;41555838;26776721;5602577;42602783;28882469;5870745;0;61786
FR;1;2022-09-26;383;654;2182;13078;432;1935;13171;0;412;42680523;41556492;26778903;5615655;42603215;28884404;5883916;0;62198
FR;1;2022-09-27;544;767;3458;25025;541;2794;25223;0;906;42681067;41557259;26782361;5640680;42603756;28887198;5909139;0;63104
FR;1;2022-09-28;525;720;2448;14972;507;2217;15061;0;597;42681592;41557979;26784809;5655652;42604263;28889415;5924200;0;63701
FR;1;2022-09-29;504;697;2999;20366;487;2523;20381;0;767;42682096;41558676;26787808;5676018;42604750;28891938;5944581;0;64468
FR;1;2022-09-30;694;996;3777;24429;705;3160;24678;0;970;42682790;41559672;26791585;5700447;42605455;28895098;5969259;0;65438
FR;1;2022-10-01;352;611;1905;5507;447;1659;5733;0;273;42683142;41560283;26793490;5705954;42605902;28896757;5974992;0;65711
FR;1;2022-10-02;56;120;204;568;82;204;589;0;29;42683198;41560403;26793694;5706522;42605984;28896961;5975581;0;65740
FR;1;2022-10-03;556;876;2226;10042;720;1986;10210;0;489;42683754;41561279;26795920;5716564;42606704;28898947;5985791;0;66229
FR;1;2022-10-04;663;738;2930;18922;506;2481;19010;0;1086;42684417;41562017;26798850;5735486;42607210;28901428;6004801;0;67315
FR;1;2022-10-05;486;726;2099;11114;500;1872;11243;0;723;42684903;41562743;26800949;5746600;42607710;28903300;6016044;0;68038
FR;1;2022-10-06;451;643;2498;15777;465;2063;15959;0;1062;42685354;41563386;26803447;5762377;42608175;28905363;6032003;0;69100
FR;1;2022-10-07;559;772;2694;16069;570;2311;16092;0;1162;42685913;41564158;26806141;5778446;42608745;28907674;6048095;0;70262
FR;1;2022-10-08;242;315;888;3171;248;776;3276;0;291;42686155;41564473;26807029;5781617;42608993;28908450;6051371;0;70553
FR;1;2022-10-09;76;93;151;461;83;135;487;0;51;42686231;41564566;26807180;5782078;42609076;28908585;6051858;0;70604
FR;1;2022-10-10;315;568;1324;4999;475;1240;5096;0;463;42686546;41565134;26808504;5787077;42609551;28909825;6056954;0;71067
FR;1;2022-10-11;336;457;1316;8086;342;1198;8187;0;758;42686882;41565591;26809820;5795163;42609893;28911023;6065141;0;71825
FR;1;2022-10-12;346;481;1078;5222;367;1076;5239;0;521;42687228;41566072;26810898;5800385;42610260;28912099;6070380;0;72346
FR;1;2022-10-13;338;450;1079;6099;360;936;6146;0;629;42687566;41566522;26811977;5806484;42610620;28913035;6076526;0;72975
FR;1;2022-10-14;413;554;1176;6712;468;1050;6781;0;676;42687979;41567076;26813153;5813196;42611088;28914085;6083307;0;73651
FR;1;2022-10-15;212;348;531;1860;300;514;1868;0;226;42688191;41567424;26813684;5815056;42611388;28914599;6085175;0;73877
FR;1;2022-10-16;47;68;111;296;49;118;315;0;48;42688238;41567492;26813795;5815352;42611437;28914717;6085490;0;73925
FR;1;2022-10-17;237;335;742;2653;267;698;2698;0;366;42688475;41567827;26814537;5818005;42611704;28915415;6088188;0;74291
FR;1;2022-10-18;266;319;956;4596;257;833;4700;0;866;42688741;41568146;26815493;5822601;42611961;28916248;6092888;0;75157
FR;1;2022-10-19;286;406;697;3185;339;666;3164;0;503;42689027;41568552;26816190;5825786;42612300;28916914;6096052;0;75660
FR;1;2022-10-20;289;355;903;4369;302;795;4404;0;771;42689316;41568907;26817093;5830155;42612602;28917709;6100456;0;76431
FR;1;2022-10-21;304;421;847;3806;372;743;3878;0;675;42689620;41569328;26817940;5833961;42612974;28918452;6104334;0;77106
FR;1;2022-10-22;135;184;306;1253;162;300;1218;0;210;42689755;41569512;26818246;5835214;42613136;28918752;6105552;0;77316
FR;1;2022-10-23;34;43;65;197;41;59;213;0;25;42689789;41569555;26818311;5835411;42613177;28918811;6105765;0;77341
FR;1;2022-10-24;273;236;479;1603;204;476;1660;0;306;42690062;41569791;26818790;5837014;42613381;28919287;6107425;0;77647
FR;1;2022-10-25;223;258;528;2651;227;449;2707;0;487;42690285;41570049;26819318;5839665;42613608;28919736;6110132;0;78134
FR;1;2022-10-26;235;251;394;1958;240;371;1965;0;438;42690520;41570300;26819712;5841623;42613848;28920107;6112097;0;78572
FR;1;2022-10-27;260;235;490;2167;207;509;2151;0;518;42690780;41570535;26820202;5843790;42614055;28920616;6114248;0;79090
FR;1;2022-10-28;312;333;534;2335;313;471;2402;0;478;42691092;41570868;26820736;5846125;42614368;28921087;6116650;0;79568
FR;1;2022-10-29;99;159;176;716;129;210;708;0;203;42691191;41571027;26820912;5846841;42614497;28921297;6117358;0;79771
FR;1;2022-10-30;38;50;62;184;42;56;189;0;38;42691229;41571077;26820974;5847025;42614539;28921353;6117547;0;79809
FR;1;2022-10-31;135;189;295;796;168;273;863;0;143;42691364;41571266;26821269;5847821;42614707;28921626;6118410;0;79952
FR;1;2022-11-01;72;135;768;115;117;768;134;0;19;42691436;41571401;26822037;5847936;42614824;28922394;6118544;0;79971
FR;1;2022-11-02;269;246;531;985;242;497;1048;0;356;42691705;41571647;26822568;5848921;42615066;28922891;6119592;0;80327
FR;1;2022-11-03;272;238;442;1379;223;403;1418;0;377;42691977;41571885;26823010;5850300;42615289;28923294;6121010;0;80704
FR;1;2022-11-04;233;262;424;1597;242;401;1637;0;438;42692210;41572147;26823434;5851897;42615531;28923695;6122647;0;81142
FR;1;2022-11-05;100;135;273;503;124;255;525;0;111;42692310;41572282;26823707;5852400;42615655;28923950;6123172;0;81253
FR;1;2022-11-06;36;49;32;131;48;35;129;0;33;42692346;41572331;26823739;5852531;42615703;28923985;6123301;0;81286
FR;1;2022-11-07;222;283;326;899;271;319;944;0;212;42692568;41572614;26824065;5853430;42615974;28924304;6124245;0;81498
FR;1;2022-11-08;238;267;472;1709;255;417;1738;0;524;42692806;41572881;26824537;5855139;42616229;28924721;6125983;0;82022
FR;1;2022-11-09;196;257;337;1104;247;303;1141;0;477;42693002;41573138;26824874;5856243;42616476;28925024;6127124;0;82499
FR;1;2022-11-10;216;382;435;1680;374;442;1670;0;605;42693218;41573520;26825309;5857923;42616850;28925466;6128794;0;83104
FR;1;2022-11-11;34;48;105;100;45;92;114;0;44;42693252;41573568;26825414;5858023;42616895;28925558;6128908;0;83148
FR;1;2022-11-12;95;151;257;375;137;257;390;0;101;42693347;41573719;26825671;5858398;42617032;28925815;6129298;0;83249
FR;1;2022-11-13;27;56;28;64;53;31;66;0;26;42693374;41573775;26825699;5858462;42617085;28925846;6129364;0;83275
FR;1;2022-11-14;173;184;271;768;172;275;838;0;235;42693547;41573959;26825970;5859230;42617257;28926121;6130202;0;83510
FR;1;2022-11-15;228;404;394;1300;403;372;1338;0;436;42693775;41574363;26826364;5860530;42617660;28926493;6131540;0;83946
FR;1;2022-11-16;197;272;336;983;266;350;1017;0;359;42693972;41574635;26826700;5861513;42617926;28926843;6132557;0;84305
FR;1;2022-11-17;171;210;297;1207;204;273;1211;0;387;42694143;41574845;26826997;5862720;42618130;28927116;6133768;0;84692
FR;1;2022-11-18;230;269;394;1315;261;383;1349;0;411;42694373;41575114;26827391;5864035;42618391;28927499;6135117;0;85103
FR;1;2022-11-19;120;115;249;441;114;214;474;0;102;42694493;41575229;26827640;5864476;42618505;28927713;6135591;0;85205
FR;1;2022-11-20;35;129;32;66;125;34;74;0;28;42694528;41575358;26827672;5864542;42618630;28927747;6135665;0;85233
FR;1;2022-11-21;174;173;271;641;146;288;678;0;211;42694702;41575531;26827943;5865183;42618776;28928035;6136343;0;85444
FR;1;2022-11-22;157;168;417;1160;151;398;1185;0;409;42694859;41575699;26828360;5866343;42618927;28928433;6137528;0;85853
FR;1;2022-11-23;179;185;246;763;170;247;786;0;241;42695038;41575884;26828606;5867106;42619097;28928680;6138314;0;86094
FR;1;2022-11-24;138;170;288;1213;151;300;1216;0;442;42695176;41576054;26828894;5868319;42619248;28928980;6139530;0;86536
FR;1;2022-11-25;210;247;429;1159;233;418;1191;0;392;42695386;41576301;26829323;5869478;42619481;28929398;6140721;0;86928
FR;1;2022-11-26;90;109;113;323;101;125;311;0;118;42695476;41576410;26829436;5869801;42619582;28929523;6141032;0;87046
FR;1;2022-11-27;18;38;22;72;25;34;78;0;49;42695494;41576448;26829458;5869873;42619607;28929557;6141110;0;87095
FR;1;2022-11-28;211;146;209;665;153;205;708;0;332;42695705;41576594;26829667;5870538;42619760;28929762;6141818;0;87427
FR;1;2022-11-29;171;145;269;1107;130;251;1119;0;458;42695876;41576739;26829936;5871645;42619890;28930013;6142937;0;87885
FR;1;2022-11-30;161;209;235;940;195;238;962;0;325;42696037;41576948;26830171;5872585;42620085;28930251;6143899;0;88210
FR;1;2022-12-01;166;162;716;1097;150;681;1146;0;379;42696203;41577110;26830887;5873682;42620235;28930932;6145045;0;88589
FR;1;2022-12-02;201;199;516;1187;194;512;1236;0;471;42696404;41577309;26831403;5874869;42620429;28931444;6146281;0;89060
FR;1;2022-12-03;102;111;262;532;99;240;529;0;180;42696506;41577420;26831665;5875401;42620528;28931684;6146810;0;89240
FR;1;2022-12-04;27;28;19;138;25;20;129;0;58;42696533;41577448;26831684;5875539;42620553;28931704;6146939;0;89298
FR;1;2022-12-05;148;165;307;868;162;301;902;0;318;42696681;41577613;26831991;5876407;42620715;28932005;6147841;0;89616
FR;1;2022-12-06;156;172;275;1449;158;280;1455;0;739;42696837;41577785;26832266;5877856;42620873;28932285;6149296;0;90355
FR;1;2022-12-07;155;169;256;1187;178;236;1203;0;576;42696992;41577954;26832522;5879043;42621051;28932521;6150499;0;90931
FR;1;2022-12-08;131;145;302;1757;137;259;1798;0;765;42697123;41578099;26832824;5880800;42621188;28932780;6152297;0;91696
FR;1;2022-12-09;202;196;356;1815;169;364;1836;0;721;42697325;41578295;26833180;5882615;42621357;28933144;6154133;0;92417
FR;1;2022-12-10;116;149;341;856;136;324;877;0;292;42697441;41578444;26833521;5883471;42621493;28933468;6155010;0;92709
FR;1;2022-12-11;32;30;32;218;27;30;200;0;62;42697473;41578474;26833553;5883689;42621520;28933498;6155210;0;92771
FR;1;2022-12-12;130;106;297;1100;103;284;1113;0;457;42697603;41578580;26833850;5884789;42621623;28933782;6156323;0;93228
FR;1;2022-12-13;125;130;293;1307;104;268;1321;0;618;42697728;41578710;26834143;5886096;42621727;28934050;6157644;0;93846
FR;1;2022-12-14;105;160;256;867;154;235;892;0;372;42697833;41578870;26834399;5886963;42621881;28934285;6158536;0;94218
FR;1;2022-12-15;139;181;456;1492;168;426;1518;0;691;42697972;41579051;26834855;5888455;42622049;28934711;6160054;0;94909
FR;1;2022-12-16;205;217;569;1344;220;553;1367;0;623;42698177;41579268;26835424;5889799;42622269;28935264;6161421;0;95532
FR;1;2022-12-17;88;93;224;467;82;219;475;0;204;42698265;41579361;26835648;5890266;42622351;28935483;6161896;0;95736
FR;1;2022-12-18;17;22;29;112;19;31;108;0;37;42698282;41579383;26835677;5890378;42622370;28935514;6162004;0;95773
FR;1;2022-12-19;151;132;250;791;140;220;835;0;382;42698433;41579515;26835927;5891169;42622510;28935734;6162839;0;96155
FR;1;2022-12-20;149;162;354;906;149;348;912;0;427;42698582;41579677;26836281;5892075;42622659;28936082;6163751;0;96582
FR;1;2022-12-21;139;112;216;638;122;181;647;0;388;42698721;41579789;26836497;5892713;42622781;28936263;6164398;0;96970
FR;1;2022-12-22;148;111;165;552;121;150;543;0;329;42698869;41579900;26836662;5893265;42622902;28936413;6164941;0;97299
FR;1;2022-12-23;130;157;458;419;141;448;426;0;182;42698999;41580057;26837120;5893684;42623043;28936861;6165367;0;97481
FR;1;2022-12-24;30;27;34;56;29;33;63;0;21;42699029;41580084;26837154;5893740;42623072;28936894;6165430;0;97502
FR;1;2022-12-25;4;11;20;12;12;14;15;0;11;42699033;41580095;26837174;5893752;42623084;28936908;6165445;0;97513
FR;1;2022-12-26;94;90;248;251;89;253;257;0;93;42699127;41580185;26837422;5894003;42623173;28937161;6165702;0;97606
FR;1;2022-12-27;117;160;310;387;151;316;402;0;180;42699244;41580345;26837732;5894390;42623324;28937477;6166104;0;97786
FR;1;2022-12-28;107;143;203;270;129;206;281;0;126;42699351;41580488;26837935;5894660;42623453;28937683;6166385;0;97912
FR;1;2022-12-29;105;105;154;282;105;153;303;0;114;42699456;41580593;26838089;5894942;42623558;28937836;6166688;0;98026
FR;1;2022-12-30;127;123;89;258;115;94;268;0;143;42699583;41580716;26838178;5895200;42623673;28937930;6166956;0;98169
FR;1;2022-12-31;38;35;28;79;40;25;79;0;25;42699621;41580751;26838206;5895279;42623713;28937955;6167035;0;98194
FR;1;2023-01-01;6;12;61;22;12;57;27;0;10;42699627;41580763;26838267;5895301;42623725;28938012;6167062;0;98204
FR;1;2023-01-02;421;140;676;169;147;656;194;0;64;42700048;41580903;26838943;5895470;42623872;28938668;6167256;0;98268
FR;1;2023-01-03;165;105;371;207;104;364;215;0;146;42700213;41581008;26839314;5895677;42623976;28939032;6167471;0;98414
FR;1;2023-01-04;94;99;249;198;100;250;208;0;193;42700307;41581107;26839563;5895875;42624076;28939282;6167679;0;98607
FR;1;2023-01-05;147;128;174;337;138;175;338;0;206;42700454;41581235;26839737;5896212;42624214;28939457;6168017;0;98813
FR;1;2023-01-06;198;144;224;325;147;210;350;0;230;42700652;41581379;26839961;5896537;42624361;28939667;6168367;0;99043
FR;1;2023-01-07;106;89;175;147;92;158;164;0;93;42700758;41581468;26840136;5896684;42624453;28939825;6168531;0;99136
FR;1;2023-01-08;26;19;31;59;18;26;64;0;24;42700784;41581487;26840167;5896743;42624471;28939851;6168595;0;99160
FR;1;2023-01-09;139;128;134;135;124;142;153;0;115;42700923;41581615;26840301;5896878;42624595;28939993;6168748;0;99275
FR;1;2023-01-10;119;133;282;277;130;289;278;0;192;42701042;41581748;26840583;5897155;42624725;28940282;6169026;0;99467
FR;1;2023-01-11;107;111;91;209;120;95;221;0;96;42701149;41581859;26840674;5897364;42624845;28940377;6169247;0;99563
FR;1;2023-01-12;135;121;214;243;116;214;268;0;166;42701284;41581980;26840888;5897607;42624961;28940591;6169515;0;99729
FR;1;2023-01-13;249;165;173;286;163;172;306;0;189;42701533;41582145;26841061;5897893;42625124;28940763;6169821;0;99918
FR;1;2023-01-14;89;64;162;104;66;172;103;0;62;42701622;41582209;26841223;5897997;42625190;28940935;6169924;0;99980
FR;1;2023-01-15;23;37;31;42;34;31;46;0;30;42701645;41582246;26841254;5898039;42625224;28940966;6169970;0;100010
FR;1;2023-01-16;113;104;310;155;98;314;133;0;100;42701758;41582350;26841564;5898194;42625322;28941280;6170103;0;100110
FR;1;2023-01-17;113;103;167;216;102;164;243;0;128;42701871;41582453;26841731;5898410;42625424;28941444;6170346;0;100238
FR;1;2023-01-18;99;90;97;143;89;92;184;0;121;42701970;41582543;26841828;5898553;42625513;28941536;6170530;0;100359
FR;1;2023-01-19;112;78;105;134;76;117;134;0;135;42702082;41582621;26841933;5898687;42625589;28941653;6170664;0;100494
FR;1;2023-01-20;170;148;167;278;149;195;267;0;204;42702252;41582769;26842100;5898965;42625738;28941848;6170931;0;100698
FR;1;2023-01-21;58;71;91;85;71;102;75;0;35;42702310;41582840;26842191;5899050;42625809;28941950;6171006;0;100733
FR;1;2023-01-22;10;9;13;21;7;9;25;0;14;42702320;41582849;26842204;5899071;42625816;28941959;6171031;0;100747
FR;1;2023-01-23;88;84;108;100;87;100;119;0;85;42702408;41582933;26842312;5899171;42625903;28942059;6171150;0;100832
FR;1;2023-01-24;122;76;73;122;89;70;131;0;183;42702530;41583009;26842385;5899293;42625992;28942129;6171281;0;101015
FR;1;2023-01-25;98;118;78;108;119;78;124;0;107;42702628;41583127;26842463;5899401;42626111;28942207;6171405;0;101122
FR;1;2023-01-26;104;105;63;152;94;68;173;0;107;42702732;41583232;26842526;5899553;42626205;28942275;6171578;0;101229
FR;1;2023-01-27;172;433;105;137;448;123;137;0;200;42702904;41583665;26842631;5899690;42626653;28942398;6171715;0;101429
FR;1;2023-01-28;73;74;56;40;76;53;48;0;28;42702977;41583739;26842687;5899730;42626729;28942451;6171763;0;101457
FR;1;2023-01-29;12;22;33;10;20;31;16;0;12;42702989;41583761;26842720;5899740;42626749;28942482;6171779;0;101469
FR;1;2023-01-30;144;108;64;72;110;70;80;0;51;42703133;41583869;26842784;5899812;42626859;28942552;6171859;0;101520
FR;1;2023-01-31;122;84;65;137;73;68;149;0;143;42703255;41583953;26842849;5899949;42626932;28942620;6172008;0;101663
FR;1;2023-02-01;122;143;345;106;141;338;134;0;77;42703377;41584096;26843194;5900055;42627073;28942958;6172142;0;101740
FR;1;2023-02-02;88;98;91;106;92;99;108;0;98;42703465;41584194;26843285;5900161;42627165;28943057;6172250;0;101838
FR;1;2023-02-03;155;147;133;98;147;139;104;0;97;42703620;41584341;26843418;5900259;42627312;28943196;6172354;0;101935
FR;1;2023-02-04;50;78;72;46;85;74;47;0;24;42703670;41584419;26843490;5900305;42627397;28943270;6172401;0;101959
FR;1;2023-02-05;6;8;18;6;7;21;7;0;8;42703676;41584427;26843508;5900311;42627404;28943291;6172408;0;101967
FR;1;2023-02-06;95;77;112;77;83;114;81;0;89;42703771;41584504;26843620;5900388;42627487;28943405;6172489;0;102056
FR;1;2023-02-07;91;75;97;76;76;91;96;0;114;42703862;41584579;26843717;5900464;42627563;28943496;6172585;0;102170
FR;1;2023-02-08;83;93;63;30;92;68;34;0;51;42703945;41584672;26843780;5900494;42627655;28943564;6172619;0;102221
FR;1;2023-02-09;65;65;82;59;75;81;67;0;79;42704010;41584737;26843862;5900553;42627730;28943645;6172686;0;102300
FR;1;2023-02-10;142;131;57;72;134;69;73;0;117;42704152;41584868;26843919;5900625;42627864;28943714;6172759;0;102417
FR;1;2023-02-11;45;53;78;25;50;87;27;0;11;42704197;41584921;26843997;5900650;42627914;28943801;6172786;0;102428
FR;1;2023-02-12;10;9;10;8;13;10;9;0;9;42704207;41584930;26844007;5900658;42627927;28943811;6172795;0;102437
FR;1;2023-02-13;81;119;46;42;120;53;34;0;31;42704288;41585049;26844053;5900700;42628047;28943864;6172829;0;102468
FR;1;2023-02-14;69;72;73;50;71;77;47;0;77;42704357;41585121;26844126;5900750;42628118;28943941;6172876;0;102545
FR;1;2023-02-15;75;101;77;52;109;83;60;0;81;42704432;41585222;26844203;5900802;42628227;28944024;6172936;0;102626
FR;1;2023-02-16;60;75;114;82;63;123;86;0;73;42704492;41585297;26844317;5900884;42628290;28944147;6173022;0;102699
FR;1;2023-02-17;104;125;171;61;130;175;70;0;47;42704596;41585422;26844488;5900945;42628420;28944322;6173092;0;102746
FR;1;2023-02-18;44;56;147;41;56;153;43;0;9;42704640;41585478;26844635;5900986;42628476;28944475;6173135;0;102755
FR;1;2023-02-19;14;0;6;4;2;5;4;0;5;42704654;41585478;26844641;5900990;42628478;28944480;6173139;0;102760
FR;1;2023-02-20;77;73;51;28;77;56;32;0;16;42704731;41585551;26844692;5901018;42628555;28944536;6173171;0;102776
FR;1;2023-02-21;62;74;54;49;78;57;47;0;38;42704793;41585625;26844746;5901067;42628633;28944593;6173218;0;102814
FR;1;2023-02-22;64;77;32;18;78;36;18;0;22;42704857;41585702;26844778;5901085;42628711;28944629;6173236;0;102836
FR;1;2023-02-23;52;78;47;36;76;57;31;0;54;42704909;41585780;26844825;5901121;42628787;28944686;6173267;0;102890
FR;1;2023-02-24;95;111;45;33;112;53;34;0;38;42705004;41585891;26844870;5901154;42628899;28944739;6173301;0;102928
FR;1;2023-02-25;42;49;69;22;56;69;24;0;26;42705046;41585940;26844939;5901176;42628955;28944808;6173325;0;102954
FR;1;2023-02-26;2;3;1;2;1;3;1;0;3;42705048;41585943;26844940;5901178;42628956;28944811;6173326;0;102957
FR;1;2023-02-27;91;77;62;35;77;70;32;0;20;42705139;41586020;26845002;5901213;42629033;28944881;6173358;0;102977
FR;1;2023-02-28;87;72;35;50;68;45;52;0;32;42705226;41586092;26845037;5901263;42629101;28944926;6173410;0;103009
FR;1;2023-03-01;72;90;242;52;88;234;69;0;42;42705298;41586182;26845279;5901315;42629189;28945160;6173479;0;103051
FR;1;2023-03-02;65;63;89;55;64;86;66;0;117;42705363;41586245;26845368;5901370;42629253;28945246;6173545;0;103168
FR;1;2023-03-03;106;107;66;53;106;64;57;0;47;42705469;41586352;26845434;5901423;42629359;28945310;6173602;0;103215
FR;1;2023-03-04;51;46;69;26;43;70;31;0;15;42705520;41586398;26845503;5901449;42629402;28945380;6173633;0;103230
FR;1;2023-03-05;4;2;5;0;3;5;1;0;0;42705524;41586400;26845508;5901449;42629405;28945385;6173634;0;103230
FR;1;2023-03-06;86;57;79;17;63;85;23;0;14;42705610;41586457;26845587;5901466;42629468;28945470;6173657;0;103244
FR;1;2023-03-07;53;71;47;40;68;45;50;0;71;42705663;41586528;26845634;5901506;42629536;28945515;6173707;0;103315
FR;1;2023-03-08;47;65;32;16;68;34;22;0;6;42705710;41586593;26845666;5901522;42629604;28945549;6173729;0;103321
FR;1;2023-03-09;37;54;45;22;49;49;31;0;27;42705747;41586647;26845711;5901544;42629653;28945598;6173760;0;103348
FR;1;2023-03-10;93;97;84;41;97;88;46;0;25;42705840;41586744;26845795;5901585;42629750;28945686;6173806;0;103373
FR;1;2023-03-11;47;39;51;9;33;57;13;0;6;42705887;41586783;26845846;5901594;42629783;28945743;6173819;0;103379
FR;1;2023-03-12;2;10;7;0;12;6;1;0;0;42705889;41586793;26845853;5901594;42629795;28945749;6173820;0;103379
FR;1;2023-03-13;48;61;39;15;57;46;14;0;19;42705937;41586854;26845892;5901609;42629852;28945795;6173834;0;103398
FR;1;2023-03-14;67;47;55;21;51;59;23;0;31;42706004;41586901;26845947;5901630;42629903;28945854;6173857;0;103429
FR;1;2023-03-15;39;67;73;60;66;76;67;0;47;42706043;41586968;26846020;5901690;42629969;28945930;6173924;0;103476
FR;1;2023-03-16;55;49;87;23;53;86;27;0;20;42706098;41587017;26846107;5901713;42630022;28946016;6173951;0;103496
FR;1;2023-03-17;109;86;101;37;100;104;41;0;35;42706207;41587103;26846208;5901750;42630122;28946120;6173992;0;103531
FR;1;2023-03-18;34;33;144;10;28;148;15;0;5;42706241;41587136;26846352;5901760;42630150;28946268;6174007;0;103536
FR;1;2023-03-19;11;3;1;2;4;1;3;0;0;42706252;41587139;26846353;5901762;42630154;28946269;6174010;0;103536
FR;1;2023-03-20;43;58;49;29;48;58;33;0;24;42706295;41587197;26846402;5901791;42630202;28946327;6174043;0;103560
FR;1;2023-03-21;73;60;40;11;65;43;16;0;26;42706368;41587257;26846442;5901802;42630267;28946370;6174059;0;103586
FR;1;2023-03-22;58;54;37;31;54;51;26;0;13;42706426;41587311;26846479;5901833;42630321;28946421;6174085;0;103599
FR;1;2023-03-23;58;47;37;23;48;41;25;0;47;42706484;41587358;26846516;5901856;42630369;28946462;6174110;0;103646
FR;1;2023-03-24;77;103;190;29;106;196;35;0;23;42706561;41587461;26846706;5901885;42630475;28946658;6174145;0;103669
FR;1;2023-03-25;46;49;47;10;46;51;14;0;5;42706607;41587510;26846753;5901895;42630521;28946709;6174159;0;103674
FR;1;2023-03-26;2;3;8;0;0;9;2;0;2;42706609;41587513;26846761;5901895;42630521;28946718;6174161;0;103676
FR;1;2023-03-27;104;58;68;11;61;71;15;0;22;42706713;41587571;26846829;5901906;42630582;28946789;6174176;0;103698
FR;1;2023-03-28;46;38;23;21;41;25;21;0;31;42706759;41587609;26846852;5901927;42630623;28946814;6174197;0;103729
FR;1;2023-03-29;54;45;31;28;44;38;25;0;14;42706813;41587654;26846883;5901955;42630667;28946852;6174222;0;103743
FR;1;2023-03-30;56;42;58;19;45;57;26;0;29;42706869;41587696;26846941;5901974;42630712;28946909;6174248;0;103772
FR;1;2023-03-31;66;84;28;16;82;34;13;0;35;42706935;41587780;26846969;5901990;42630794;28946943;6174261;0;103807
FR;1;2023-04-01;29;53;127;10;50;129;17;0;10;42706964;41587833;26847096;5902000;42630844;28947072;6174278;0;103817
FR;1;2023-04-02;1;1;8;0;1;7;1;0;0;42706965;41587834;26847104;5902000;42630845;28947079;6174279;0;103817
FR;1;2023-04-03;90;49;141;27;45;142;33;0;19;42707055;41587883;26847245;5902027;42630890;28947221;6174312;0;103836
FR;1;2023-04-04;40;50;39;11;42;46;12;0;25;42707095;41587933;26847284;5902038;42630932;28947267;6174324;0;103861
FR;1;2023-04-05;25;41;33;19;38;27;27;0;14;42707120;41587974;26847317;5902057;42630970;28947294;6174351;0;103875
FR;1;2023-04-06;41;45;31;11;41;33;16;0;15;42707161;41588019;26847348;5902068;42631011;28947327;6174367;0;103890
FR;1;2023-04-07;48;63;33;17;62;37;16;0;13;42707209;41588082;26847381;5902085;42631073;28947364;6174383;0;103903
FR;1;2023-04-08;25;32;8;13;25;15;13;0;13;42707234;41588114;26847389;5902098;42631098;28947379;6174396;0;103916
FR;1;2023-04-09;1;2;0;2;1;1;2;0;1;42707235;41588116;26847389;5902100;42631099;28947380;6174398;0;103917
FR;1;2023-04-10;5;14;22;1;14;24;1;0;1;42707240;41588130;26847411;5902101;42631113;28947404;6174399;0;103918
FR;1;2023-04-11;40;51;21;12;50;20;14;0;17;42707280;41588181;26847432;5902113;42631163;28947424;6174413;0;103935
FR;1;2023-04-12;36;34;32;19;32;38;21;0;24;42707316;41588215;26847464;5902132;42631195;28947462;6174434;0;103959
FR;1;2023-04-13;36;34;18;15;35;23;13;0;26;42707352;41588249;26847482;5902147;42631230;28947485;6174447;0;103985
FR;1;2023-04-14;59;69;128;14;78;122;20;0;17;42707411;41588318;26847610;5902161;42631308;28947607;6174467;0;104002
FR;1;2023-04-15;28;28;14;9;28;19;9;0;2;42707439;41588346;26847624;5902170;42631336;28947626;6174476;0;104004
FR;1;2023-04-16;3;2;0;0;2;0;0;0;0;42707442;41588348;26847624;5902170;42631338;28947626;6174476;0;104004
FR;1;2023-04-17;37;38;54;16;42;60;14;0;11;42707479;41588386;26847678;5902186;42631380;28947686;6174490;0;104015
FR;1;2023-04-18;37;39;26;7;34;30;11;0;24;42707516;41588425;26847704;5902193;42631414;28947716;6174501;0;104039
FR;1;2023-04-19;36;57;11;8;57;12;10;0;13;42707552;41588482;26847715;5902201;42631471;28947728;6174511;0;104052
FR;1;2023-04-20;27;39;37;16;39;38;17;0;14;42707579;41588521;26847752;5902217;42631510;28947766;6174528;0;104066
FR;1;2023-04-21;46;63;112;17;60;114;21;0;18;42707625;41588584;26847864;5902234;42631570;28947880;6174549;0;104084
FR;1;2023-04-22;19;21;17;6;18;22;6;0;4;42707644;41588605;26847881;5902240;42631588;28947902;6174555;0;104088
FR;1;2023-04-23;0;1;2;1;1;2;1;0;0;42707644;41588606;26847883;5902241;42631589;28947904;6174556;0;104088
FR;1;2023-04-24;57;39;28;5;37;32;6;0;8;42707701;41588645;26847911;5902246;42631626;28947936;6174562;0;104096
FR;1;2023-04-25;29;34;22;15;30;23;19;0;15;42707730;41588679;26847933;5902261;42631656;28947959;6174581;0;104111
FR;1;2023-04-26;31;24;7;6;24;12;7;0;7;42707761;41588703;26847940;5902267;42631680;28947971;6174588;0;104118
FR;1;2023-04-27;32;35;27;25;30;32;28;0;11;42707793;41588738;26847967;5902292;42631710;28948003;6174616;0;104129
FR;1;2023-04-28;69;50;19;12;44;25;18;0;11;42707862;41588788;26847986;5902304;42631754;28948028;6174634;0;104140
FR;1;2023-04-29;19;19;12;5;18;10;9;0;9;42707881;41588807;26847998;5902309;42631772;28948038;6174643;0;104149
FR;1;2023-04-30;6;0;0;1;0;0;1;0;0;42707887;41588807;26847998;5902310;42631772;28948038;6174644;0;104149
FR;1;2023-05-01;0;7;11;0;7;11;0;0;0;42707887;41588814;26848009;5902310;42631779;28948049;6174644;0;104149
FR;1;2023-05-02;91;40;41;7;44;41;14;0;19;42707978;41588854;26848050;5902317;42631823;28948090;6174658;0;104168
FR;1;2023-05-03;51;25;18;3;22;22;4;0;9;42708029;41588879;26848068;5902320;42631845;28948112;6174662;0;104177
FR;1;2023-05-04;18;30;21;23;30;40;32;0;17;42708047;41588909;26848089;5902343;42631875;28948152;6174694;0;104194
FR;1;2023-05-05;25;31;14;2;31;10;6;0;8;42708072;41588940;26848103;5902345;42631906;28948162;6174700;0;104202
FR;1;2023-05-06;11;7;4;2;8;6;3;0;6;42708083;41588947;26848107;5902347;42631914;28948168;6174703;0;104208
FR;1;2023-05-07;2;2;2;4;2;1;2;0;1;42708085;41588949;26848109;5902351;42631916;28948169;6174705;0;104209
FR;1;2023-05-08;7;3;0;1;3;0;1;0;0;42708092;41588952;26848109;5902352;42631919;28948169;6174706;0;104209
FR;1;2023-05-09;14;16;8;3;14;8;6;0;9;42708106;41588968;26848117;5902355;42631933;28948177;6174712;0;104218
FR;1;2023-05-10;16;16;4;10;16;7;8;0;1;42708122;41588984;26848121;5902365;42631949;28948184;6174720;0;104219
FR;1;2023-05-11;13;18;4;8;18;5;8;0;18;42708135;41589002;26848125;5902373;42631967;28948189;6174728;0;104237
FR;1;2023-05-12;15;32;3;9;30;5;12;0;3;42708150;41589034;26848128;5902382;42631997;28948194;6174740;0;104240
FR;1;2023-05-13;11;20;6;1;21;5;2;0;2;42708161;41589054;26848134;5902383;42632018;28948199;6174742;0;104242
FR;1;2023-05-14;12;0;0;0;0;0;0;0;0;42708173;41589054;26848134;5902383;42632018;28948199;6174742;0;104242
FR;1;2023-05-15;16;16;6;1;15;6;3;0;5;42708189;41589070;26848140;5902384;42632033;28948205;6174745;0;104247
FR;2;2020-12-27;0;0;0;0;0;0;0;0;0;0;0;0;0;0;0;0;0;0
FR;2;2020-12-28;0;0;0;0;0;0;0;0;0;0;0;0;0;0;0;0;0;0
FR;2;2020-12-29;0;0;0;0;0;0;0;0;0;0;0;0;0;0;0;0;0;0
FR;2;2020-12-30;0;0;0;0;0;0;0;0;0;0;0;0;0;0;0;0;0;0
FR;2;2020-12-31;0;0;0;0;0;0;0;0;0;0;0;0;0;0;0;0;0;0
FR;2;2021-01-01;0;0;0;0;0;0;0;0;0;0;0;0;0;0;0;0;0;0
FR;2;2021-01-02;0;0;0;0;0;0;0;0;0;0;0;0;0;0;0;0;0;0
FR;2;2021-01-03;0;0;0;0;0;0;0;0;0;0;0;0;0;0;0;0;0;0
FR;2;2021-01-04;0;0;0;0;0;0;0;0;0;0;0;0;0;0;0;0;0;0
FR;2;2021-01-05;0;0;0;0;0;0;0;0;0;0;0;0;0;0;0;0;0;0
FR;2;2021-01-06;0;0;0;0;0;0;0;0;0;0;0;0;0;0;0;0;0;0
FR;2;2021-01-07;0;0;0;0;0;0;0;0;0;0;0;0;0;0;0;0;0;0
FR;2;2021-01-08;0;0;0;0;0;0;0;0;0;0;0;0;0;0;0;0;0;0
FR;2;2021-01-09;0;0;0;0;0;0;0;0;0;0;0;0;0;0;0;0;0;0
FR;2;2021-01-10;0;0;0;0;0;0;0;0;0;0;0;0;0;0;0;0;0;0
FR;2;2021-01-11;0;0;0;0;0;0;0;0;0;0;0;0;0;0;0;0;0;0
FR;2;2021-01-12;0;0;0;0;0;0;0;0;0;0;0;0;0;0;0;0;0;0
FR;2;2021-01-13;0;0;0;0;0;0;0;0;0;0;0;0;0;0;0;0;0;0
FR;2;2021-01-14;1636;0;0;0;213;0;0;0;0;1636;0;0;0;213;0;0;0;0
FR;2;2021-01-15;398;0;0;0;28;0;0;0;0;2034;0;0;0;241;0;0;0;0
FR;2;2021-01-16;316;0;0;0;12;0;0;0;0;2350;0;0;0;253;0;0;0;0
FR;2;2021-01-17;84;0;0;0;7;0;0;0;0;2434;0;0;0;260;0;0;0;0
FR;2;2021-01-18;3075;3;0;0;27;0;0;0;0;5509;3;0;0;287;0;0;0;0
FR;2;2021-01-19;4681;2;0;0;31;0;0;0;0;10190;5;0;0;318;0;0;0;0
FR;2;2021-01-20;5138;6;0;0;58;0;0;0;0;15328;11;0;0;376;0;0;0;0
FR;2;2021-01-21;5345;9;0;0;55;0;0;0;0;20673;20;0;0;431;0;0;0;0
FR;2;2021-01-22;5119;19;0;0;70;0;0;0;0;25792;39;0;0;501;0;0;0;0
FR;2;2021-01-23;1875;2;0;0;16;0;0;0;0;27667;41;0;0;517;0;0;0;0
FR;2;2021-01-24;163;2;0;0;8;0;0;0;0;27830;43;0;0;525;0;0;0;0
FR;2;2021-01-25;3814;4;0;0;37;0;0;0;0;31644;47;0;0;562;0;0;0;0
FR;2;2021-01-26;3930;6;0;0;42;0;0;0;0;35574;53;0;0;604;0;0;0;0
FR;2;2021-01-27;3606;4;0;0;36;0;0;0;0;39180;57;0;0;640;0;0;0;0
FR;2;2021-01-28;3757;9;0;0;44;0;0;0;0;42937;66;0;0;684;0;0;0;0
FR;2;2021-01-29;3300;6;0;0;42;0;0;0;0;46237;72;0;0;726;0;0;0;0
FR;2;2021-01-30;1133;3;0;0;16;0;0;0;0;47370;75;0;0;742;0;0;0;0
FR;2;2021-01-31;46;2;0;0;9;0;0;0;0;47416;77;0;0;751;0;0;0;0
FR;2;2021-02-01;3408;13;0;0;44;0;0;0;0;50824;90;0;0;795;0;0;0;0
FR;2;2021-02-02;4498;19;0;0;53;0;0;0;0;55322;109;0;0;848;0;0;0;0
FR;2;2021-02-03;5223;12;0;0;83;0;0;0;0;60545;121;0;0;931;0;0;0;0
FR;2;2021-02-04;4941;11;0;0;36;0;0;0;0;65486;132;0;0;967;0;0;0;0
FR;2;2021-02-05;4817;17;0;0;50;0;0;0;0;70303;149;0;0;1017;0;0;0;0
FR;2;2021-02-06;2047;15;0;0;41;0;0;0;0;72350;164;0;0;1058;0;0;0;0
FR;2;2021-02-07;103;6;0;0;20;0;0;0;0;72453;170;0;0;1078;0;0;0;0
FR;2;2021-02-08;7559;27;0;0;86;0;0;0;0;80012;197;0;0;1164;0;0;0;0
FR;2;2021-02-09;8435;31;0;0;100;0;0;0;0;88447;228;0;0;1264;0;0;0;0
FR;2;2021-02-10;9349;63;0;0;183;0;0;0;0;97796;291;0;0;1447;0;0;0;0
FR;2;2021-02-11;10292;132;0;0;256;0;0;0;0;108088;423;0;0;1703;0;0;0;0
FR;2;2021-02-12;10059;276;0;0;430;0;0;0;0;118147;699;0;0;2133;0;0;0;0
FR;2;2021-02-13;3121;223;0;0;261;0;0;0;0;121268;922;0;0;2394;0;0;0;0
FR;2;2021-02-14;358;11;0;0;21;0;0;0;0;121626;933;0;0;2415;0;0;0;0
FR;2;2021-02-15;3460;3129;0;0;3176;0;0;0;0;125086;4062;0;0;5591;0;0;0;0
FR;2;2021-02-16;5076;4164;0;0;4237;0;0;0;0;130162;8226;0;0;9828;0;0;0;0
FR;2;2021-02-17;4259;4554;0;0;4631;0;0;0;0;134421;12780;0;0;14459;0;0;0;0
FR;2;2021-02-18;5406;5179;0;0;5249;0;0;0;0;139827;17959;0;0;19708;0;0;0;0
FR;2;2021-02-19;5329;4491;0;0;4592;0;0;0;0;145156;22450;0;0;24300;0;0;0;0
FR;2;2021-02-20;1872;1520;0;0;1537;0;0;0;0;147028;23970;0;0;25837;0;0;0;0
FR;2;2021-02-21;244;96;0;0;98;0;0;0;0;147272;24066;0;0;25935;0;0;0;0
FR;2;2021-02-22;3614;3782;0;0;3844;0;0;0;0;150886;27848;0;0;29779;0;0;0;0
FR;2;2021-02-23;4956;3740;0;0;3804;0;0;0;0;155842;31588;0;0;33583;0;0;0;0
FR;2;2021-02-24;5017;3558;0;0;3611;0;0;0;0;160859;35146;0;0;37194;0;0;0;0
FR;2;2021-02-25;5501;3495;0;0;3585;0;0;0;0;166360;38641;0;0;40779;0;0;0;0
FR;2;2021-02-26;4368;3179;0;0;3253;0;0;0;0;170728;41820;0;0;44032;0;0;0;0
FR;2;2021-02-27;1629;1067;0;0;1086;0;0;0;0;172357;42887;0;0;45118;0;0;0;0
FR;2;2021-02-28;179;17;0;0;28;0;0;0;0;172536;42904;0;0;45146;0;0;0;0
FR;2;2021-03-01;5193;3763;0;0;3852;0;0;0;0;177729;46667;0;0;48998;0;0;0;0
FR;2;2021-03-02;6542;4728;0;0;4829;0;0;0;0;184271;51395;0;0;53827;0;0;0;0
FR;2;2021-03-03;6544;4955;0;0;5096;0;0;0;0;190815;56350;0;0;58923;0;0;0;0
FR;2;2021-03-04;8412;4210;0;0;4396;0;0;0;0;199227;60560;0;0;63319;0;0;0;0
FR;2;2021-03-05;8037;4054;0;0;4237;0;0;0;0;207264;64614;0;0;67556;0;0;0;0
FR;2;2021-03-06;4791;1683;0;0;1783;0;0;0;0;212055;66297;0;0;69339;0;0;0;0
FR;2;2021-03-07;2373;32;0;0;76;0;0;0;0;214428;66329;0;0;69415;0;0;0;0
FR;2;2021-03-08;4166;8392;0;0;8549;0;0;0;0;218594;74721;0;0;77964;0;0;0;0
FR;2;2021-03-09;7494;8610;1;0;8868;0;0;0;0;226088;83331;1;0;86832;0;0;0;0
FR;2;2021-03-10;7108;9246;0;0;9473;0;0;0;0;233196;92577;1;0;96305;0;0;0;0
FR;2;2021-03-11;9379;9365;1;0;9685;0;0;0;0;242575;101942;2;0;105990;0;0;0;0
FR;2;2021-03-12;7988;8368;0;0;8670;0;0;0;0;250563;110310;2;0;114660;0;0;0;0
FR;2;2021-03-13;10058;2593;0;0;2914;0;0;0;0;260621;112903;2;0;117574;0;0;0;0
FR;2;2021-03-14;4841;380;0;0;539;0;0;0;0;265462;113283;2;0;118113;0;0;0;0
FR;2;2021-03-15;10919;3476;0;0;3765;0;0;0;0;276381;116759;2;0;121878;0;0;0;0
FR;2;2021-03-16;16770;4732;1;0;5282;0;0;0;0;293151;121491;3;0;127160;0;0;0;0
FR;2;2021-03-17;20242;3998;0;0;4672;0;0;0;0;313393;125489;3;0;131832;0;0;0;0
FR;2;2021-03-18;23375;5128;0;0;5957;0;0;0;0;336768;130617;3;0;137789;0;0;0;0
FR;2;2021-03-19;23316;4680;0;0;5443;0;0;0;0;360084;135297;3;0;143232;0;0;0;0
FR;2;2021-03-20;25452;1588;0;0;2345;0;0;0;0;385536;136885;3;0;145577;0;0;0;0
FR;2;2021-03-21;17675;153;0;0;731;0;0;0;0;403211;137038;3;0;146308;0;0;0;0
FR;2;2021-03-22;17791;3275;0;0;3944;0;0;0;0;421002;140313;3;0;150252;0;0;0;0
FR;2;2021-03-23;22707;4288;0;0;5143;0;0;0;0;443709;144601;3;0;155395;0;0;0;0
FR;2;2021-03-24;23966;5100;0;0;5937;0;0;0;0;467675;149701;3;0;161332;0;0;0;0
FR;2;2021-03-25;26762;5257;1;0;6454;0;0;0;0;494437;154958;4;0;167786;0;0;0;0
FR;2;2021-03-26;26992;4236;0;0;5382;0;0;0;0;521429;159194;4;0;173168;0;0;0;0
FR;2;2021-03-27;15923;1369;0;0;1899;0;0;0;0;537352;160563;4;0;175067;0;0;0;0
FR;2;2021-03-28;10563;136;0;0;428;0;0;0;0;547915;160699;4;0;175495;0;0;0;0
FR;2;2021-03-29;19004;4349;0;0;5049;0;0;0;0;566919;165048;4;0;180544;0;0;0;0
FR;2;2021-03-30;24597;6105;0;0;7045;0;0;0;0;591516;171153;4;0;187589;0;0;0;0
FR;2;2021-03-31;28562;5931;0;0;7224;0;0;0;0;620078;177084;4;0;194813;0;0;0;0
FR;2;2021-04-01;34560;8576;1;0;10269;0;0;0;0;654638;185660;5;0;205082;0;0;0;0
FR;2;2021-04-02;29992;7736;0;0;9164;0;0;0;0;684630;193396;5;0;214246;0;0;0;0
FR;2;2021-04-03;16959;4263;0;0;4945;0;0;0;0;701589;197659;5;0;219191;0;0;0;0
FR;2;2021-04-04;9309;1269;2;0;1677;0;0;0;0;710898;198928;7;0;220868;0;0;0;0
FR;2;2021-04-05;12448;797;0;0;1381;0;0;0;0;723346;199725;7;0;222249;0;0;0;0
FR;2;2021-04-06;27159;7359;0;0;8751;0;0;0;0;750505;207084;7;0;231000;0;0;0;0
FR;2;2021-04-07;30931;7070;1;0;8646;0;0;0;0;781436;214154;8;0;239646;0;0;0;0
FR;2;2021-04-08;36896;8591;1;0;10516;0;0;0;0;818332;222745;9;0;250162;0;0;0;0
FR;2;2021-04-09;33856;8390;28;0;10175;0;0;0;0;852188;231135;37;0;260337;0;0;0;0
FR;2;2021-04-10;19689;9270;1;0;10182;0;0;0;0;871877;240405;38;0;270519;0;0;0;0
FR;2;2021-04-11;7943;4240;1;0;4603;0;0;0;0;879820;244645;39;0;275122;0;0;0;0
FR;2;2021-04-12;17137;11028;0;0;11869;0;0;0;0;896957;255673;39;0;286991;0;0;0;0
FR;2;2021-04-13;19465;16035;1;0;17103;0;0;0;0;916422;271708;40;0;304094;0;0;0;0
FR;2;2021-04-14;18071;16445;7;0;17541;0;0;0;0;934493;288153;47;0;321635;0;0;0;0
FR;2;2021-04-15;22208;21891;27;0;23345;0;0;0;0;956701;310044;74;0;344980;0;0;0;0
FR;2;2021-04-16;20721;20643;45;0;21916;0;0;0;0;977422;330687;119;0;366896;0;0;0;0
FR;2;2021-04-17;13258;22496;5;0;23227;0;0;0;0;990680;353183;124;0;390123;0;0;0;0
FR;2;2021-04-18;5911;14397;6;0;14737;0;0;0;0;996591;367580;130;0;404860;0;0;0;0
FR;2;2021-04-19;16850;16394;24;0;17197;0;0;0;0;1013441;383974;154;0;422057;0;0;0;0
FR;2;2021-04-20;19328;21807;38;0;22868;0;0;0;0;1032769;405781;192;0;444925;0;0;0;0
FR;2;2021-04-21;20294;21902;76;0;23052;0;0;0;0;1053063;427683;268;0;467977;0;0;0;0
FR;2;2021-04-22;23824;24956;41;0;26369;0;0;0;0;1076887;452639;309;0;494346;0;0;0;0
FR;2;2021-04-23;24534;25501;76;0;27013;0;0;0;0;1101421;478140;385;0;521359;0;0;0;0
FR;2;2021-04-24;25305;15068;104;0;16506;0;0;0;0;1126726;493208;489;0;537865;0;0;0;0
FR;2;2021-04-25;9597;8622;5;0;9183;0;0;0;0;1136323;501830;494;0;547048;0;0;0;0
FR;2;2021-04-26;17169;17678;21;0;18564;0;0;0;0;1153492;519508;515;0;565612;0;0;0;0
FR;2;2021-04-27;19246;24101;40;0;25285;0;0;0;0;1172738;543609;555;0;590897;0;0;0;0
FR;2;2021-04-28;22343;26457;113;0;27858;0;0;0;0;1195081;570066;668;0;618755;0;0;0;0
FR;2;2021-04-29;25477;30501;70;0;32191;0;0;0;0;1220558;600567;738;0;650946;0;0;0;0
FR;2;2021-04-30;25541;27977;49;1;29627;0;0;0;0;1246099;628544;787;1;680573;0;0;0;0
FR;2;2021-05-01;14988;9853;6;0;10654;0;0;0;0;1261087;638397;793;1;691227;0;0;0;0
FR;2;2021-05-02;6642;9160;2;0;9506;0;0;0;0;1267729;647557;795;1;700733;0;0;0;0
FR;2;2021-05-03;20026;19127;40;0;20334;0;0;0;0;1287755;666684;835;1;721067;0;0;0;0
FR;2;2021-05-04;18288;29202;33;0;30348;0;0;0;0;1306043;695886;868;1;751415;0;0;0;0
FR;2;2021-05-05;18385;29524;48;0;30822;0;0;0;0;1324428;725410;916;1;782237;0;0;0;0
FR;2;2021-05-06;23553;35413;132;0;36986;0;0;0;0;1347981;760823;1048;1;819223;0;0;0;0
FR;2;2021-05-07;25349;33240;97;0;35099;0;0;0;0;1373330;794063;1145;1;854322;0;0;0;0
FR;2;2021-05-08;21343;10697;15;0;11784;0;0;0;0;1394673;804760;1160;1;866106;0;0;0;0
FR;2;2021-05-09;13170;7609;7;0;8284;0;0;0;0;1407843;812369;1167;1;874390;0;0;0;0
FR;2;2021-05-10;32949;21718;50;0;23575;0;0;0;0;1440792;834087;1217;1;897965;0;0;0;0
FR;2;2021-05-11;43616;20904;101;0;23529;0;0;0;0;1484408;854991;1318;1;921494;0;0;0;0
FR;2;2021-05-12;50070;19638;143;0;22518;0;0;0;0;1534478;874629;1461;1;944012;0;0;0;0
FR;2;2021-05-13;51301;5597;31;0;8465;0;0;0;0;1585779;880226;1492;1;952477;0;0;0;0
FR;2;2021-05-14;61361;12884;132;0;16538;0;0;0;0;1647140;893110;1624;1;969015;0;0;0;0
FR;2;2021-05-15;65938;7100;40;0;10650;0;0;0;0;1713078;900210;1664;1;979665;0;0;0;0
FR;2;2021-05-16;43588;2573;10;0;4944;0;0;0;0;1756666;902783;1674;1;984609;0;0;0;0
FR;2;2021-05-17;44756;12447;114;0;15354;0;0;0;0;1801422;915230;1788;1;999963;0;0;0;0
FR;2;2021-05-18;54650;12289;190;0;15972;0;0;0;0;1856072;927519;1978;1;1015935;0;0;0;0
FR;2;2021-05-19;57180;10460;281;0;14500;0;0;0;0;1913252;937979;2259;1;1030435;0;0;0;0
FR;2;2021-05-20;63452;10803;288;0;14898;0;0;0;0;1976704;948782;2547;1;1045333;0;0;0;0
FR;2;2021-05-21;64306;11601;230;0;16026;0;0;0;0;2041010;960383;2777;1;1061359;0;0;0;0
FR;2;2021-05-22;61488;4529;65;0;8499;0;0;0;0;2102498;964912;2842;1;1069858;0;0;0;0
FR;2;2021-05-23;37536;575;22;0;2912;0;0;0;0;2140034;965487;2864;1;1072770;0;0;0;0
FR;2;2021-05-24;17248;2052;35;0;3259;0;0;0;0;2157282;967539;2899;1;1076029;0;0;0;0
FR;2;2021-05-25;21121;12254;241;0;13855;0;0;0;0;2178403;979793;3140;1;1089884;0;0;0;0
FR;2;2021-05-26;19946;11539;230;0;13068;0;0;0;0;2198349;991332;3370;1;1102952;0;0;0;0
FR;2;2021-05-27;23001;12663;182;0;14400;0;0;0;0;2221350;1003995;3552;1;1117352;0;0;0;0
FR;2;2021-05-28;29398;15044;190;0;17225;0;0;0;0;2250748;1019039;3742;1;1134577;0;0;0;0
FR;2;2021-05-29;30425;8196;58;0;10104;0;0;0;0;2281173;1027235;3800;1;1144681;0;0;0;0
FR;2;2021-05-30;4648;1819;6;0;2154;0;0;0;0;2285821;1029054;3806;1;1146835;0;0;0;0
FR;2;2021-05-31;28590;18741;184;0;20820;0;0;0;0;2314411;1047795;3990;1;1167655;0;0;0;0
FR;2;2021-06-01;45745;19915;225;0;23151;0;0;0;0;2360156;1067710;4215;1;1190806;0;0;0;0
FR;2;2021-06-02;37483;19311;182;0;22317;0;0;0;0;2397639;1087021;4397;1;1213123;0;0;0;0
FR;2;2021-06-03;51284;23117;161;0;26971;0;0;0;0;2448923;1110138;4558;1;1240094;0;0;0;0
FR;2;2021-06-04;65519;24088;217;0;29053;0;0;0;0;2514442;1134226;4775;1;1269147;0;0;0;0
FR;2;2021-06-05;34607;24109;52;0;26964;0;0;0;0;2549049;1158335;4827;1;1296111;0;0;0;0
FR;2;2021-06-06;4958;6194;10;0;6613;0;0;0;0;2554007;1164529;4837;1;1302724;0;0;0;0
FR;2;2021-06-07;28177;23016;150;0;25432;0;0;0;0;2582184;1187545;4987;1;1328156;0;0;0;0
FR;2;2021-06-08;46379;22944;143;0;26910;0;0;0;0;2628563;1210489;5130;1;1355066;0;0;0;0
FR;2;2021-06-09;34297;21000;107;0;24132;0;0;0;0;2662860;1231489;5237;1;1379198;0;0;0;0
FR;2;2021-06-10;42644;19081;96;1;23003;0;0;0;0;2705504;1250570;5333;2;1402201;0;0;0;0
FR;2;2021-06-11;55306;25133;134;0;30232;0;0;0;0;2760810;1275703;5467;2;1432433;0;0;0;0
FR;2;2021-06-12;30567;19800;53;0;22654;0;0;0;0;2791377;1295503;5520;2;1455087;0;0;0;0
FR;2;2021-06-13;3333;9197;13;0;9586;0;0;0;0;2794710;1304700;5533;2;1464673;0;0;0;0
FR;2;2021-06-14;25304;24119;92;0;26699;0;0;0;0;2820014;1328819;5625;2;1491372;0;0;0;0
FR;2;2021-06-15;39049;22819;154;0;26567;0;0;0;0;2859063;1351638;5779;2;1517939;0;0;0;0
FR;2;2021-06-16;30168;21370;135;0;24523;0;0;0;0;2889231;1373008;5914;2;1542462;0;0;0;0
FR;2;2021-06-17;36913;25737;150;0;29599;0;0;0;0;2926144;1398745;6064;2;1572061;0;0;0;0
FR;2;2021-06-18;46860;28883;123;0;33586;0;0;0;0;2973004;1427628;6187;2;1605647;0;0;0;0
FR;2;2021-06-19;24527;24940;39;0;27714;0;0;0;0;2997531;1452568;6226;2;1633361;0;0;0;0
FR;2;2021-06-20;3745;10058;9;0;10557;0;0;0;0;3001276;1462626;6235;2;1643918;0;0;0;0
FR;2;2021-06-21;17538;42861;88;0;44873;0;0;0;0;3018814;1505487;6323;2;1688791;0;0;0;0
FR;2;2021-06-22;28367;49617;110;0;53046;0;0;0;0;3047181;1555104;6433;2;1741837;0;0;0;0
FR;2;2021-06-23;21790;49612;107;1;52461;1;0;0;0;3068971;1604716;6540;3;1794298;1;0;0;0
FR;2;2021-06-24;28381;50317;134;0;54048;0;0;0;0;3097352;1655033;6674;3;1848346;1;0;0;0
FR;2;2021-06-25;33402;60489;129;0;64878;0;0;0;0;3130754;1715522;6803;3;1913224;1;0;0;0
FR;2;2021-06-26;16395;59357;54;1;61749;0;0;0;0;3147149;1774879;6857;4;1974973;1;0;0;0
FR;2;2021-06-27;2566;29316;22;1;29898;0;0;0;0;3149715;1804195;6879;5;2004871;1;0;0;0
FR;2;2021-06-28;12641;54341;84;0;56317;0;0;0;0;3162356;1858536;6963;5;2061188;1;0;0;0
FR;2;2021-06-29;19857;59999;178;0;62942;0;0;0;0;3182213;1918535;7141;5;2124130;1;0;0;0
FR;2;2021-06-30;16337;58037;253;17;60721;0;0;0;0;3198550;1976572;7394;22;2184851;1;0;0;0
FR;2;2021-07-01;20497;59874;228;0;63201;0;0;0;0;3219047;2036446;7622;22;2248052;1;0;0;0
FR;2;2021-07-02;24083;62160;184;0;66374;0;0;0;0;3243130;2098606;7806;22;2314426;1;0;0;0
FR;2;2021-07-03;12123;57146;153;0;59485;0;0;0;0;3255253;2155752;7959;22;2373911;1;0;0;0
FR;2;2021-07-04;1961;23303;18;0;23870;0;0;0;0;3257214;2179055;7977;22;2397781;1;0;0;0
FR;2;2021-07-05;9179;29257;106;0;30893;0;0;0;0;3266393;2208312;8083;22;2428674;1;0;0;0
FR;2;2021-07-06;14584;36279;135;0;38958;0;0;0;0;3280977;2244591;8218;22;2467632;1;0;0;0
FR;2;2021-07-07;14421;33663;140;0;36417;0;0;0;0;3295398;2278254;8358;22;2504049;1;0;0;0
FR;2;2021-07-08;19723;40324;162;0;43981;0;0;0;0;3315121;2318578;8520;22;2548030;1;0;0;0
FR;2;2021-07-09;27105;54334;202;1;59484;0;0;0;0;3342226;2372912;8722;23;2607514;1;0;0;0
FR;2;2021-07-10;13389;33708;107;0;36392;0;0;0;0;3355615;2406620;8829;23;2643906;1;0;0;0
FR;2;2021-07-11;1811;4344;16;0;4771;0;0;0;0;3357426;2410964;8845;23;2648677;1;0;0;0
FR;2;2021-07-12;12971;37265;119;0;39920;0;0;0;0;3370397;2448229;8964;23;2688597;1;0;0;0
FR;2;2021-07-13;37120;53146;152;0;60280;0;0;0;0;3407517;2501375;9116;23;2748877;1;0;0;0
FR;2;2021-07-14;6628;3540;15;0;4887;0;0;0;0;3414145;2504915;9131;23;2753764;1;0;0;0
FR;2;2021-07-15;47244;47013;156;0;55209;0;0;0;0;3461389;2551928;9287;23;2808973;1;0;0;0
FR;2;2021-07-16;64320;55755;188;0;66738;0;0;0;0;3525709;2607683;9475;23;2875711;1;0;0;0
FR;2;2021-07-17;31603;23918;96;0;29375;0;0;0;0;3557312;2631601;9571;23;2905086;1;0;0;0
FR;2;2021-07-18;6090;4807;19;0;5952;0;0;0;0;3563402;2636408;9590;23;2911038;1;0;0;0
FR;2;2021-07-19;33007;28599;94;0;34212;0;0;0;0;3596409;2665007;9684;23;2945250;1;0;0;0
FR;2;2021-07-20;51999;44525;155;0;53160;0;0;0;0;3648408;2709532;9839;23;2998410;1;0;0;0
FR;2;2021-07-21;45257;34626;93;0;42129;0;0;0;0;3693665;2744158;9932;23;3040539;1;0;0;0
FR;2;2021-07-22;56280;41082;128;1;50355;0;0;0;0;3749945;2785240;10060;24;3090894;1;0;0;0
FR;2;2021-07-23;68305;48967;170;0;60257;0;0;0;0;3818250;2834207;10230;24;3151151;1;0;0;0
FR;2;2021-07-24;36178;21613;82;0;27471;0;0;0;0;3854428;2855820;10312;24;3178622;1;0;0;0
FR;2;2021-07-25;6751;2609;10;0;3867;0;0;0;0;3861179;2858429;10322;24;3182489;1;0;0;0
FR;2;2021-07-26;36320;22337;91;1;27840;0;0;0;0;3897499;2880766;10413;25;3210329;1;0;0;0
FR;2;2021-07-27;62392;34563;180;0;43711;0;0;0;0;3959891;2915329;10593;25;3254040;1;0;0;0
FR;2;2021-07-28;55326;26425;132;0;34511;0;0;0;0;4015217;2941754;10725;25;3288551;1;0;0;0
FR;2;2021-07-29;68481;32797;189;0;42478;0;0;0;0;4083698;2974551;10914;25;3331029;1;0;0;0
FR;2;2021-07-30;74468;37816;222;1;48606;0;0;0;0;4158166;3012367;11136;26;3379635;1;0;0;0
FR;2;2021-07-31;34778;16207;105;0;21406;0;0;0;0;4192944;3028574;11241;26;3401041;1;0;0;0
FR;2;2021-08-01;5416;2260;19;0;3123;0;0;0;0;4198360;3030834;11260;26;3404164;1;0;0;0
FR;2;2021-08-02;35896;16150;101;0;21053;0;0;0;0;4234256;3046984;11361;26;3425217;1;0;0;0
FR;2;2021-08-03;55988;28261;143;0;35464;0;0;0;0;4290244;3075245;11504;26;3460681;1;0;0;0
FR;2;2021-08-04;46639;20828;128;1;26936;0;0;0;0;4336883;3096073;11632;27;3487617;1;0;0;0
FR;2;2021-08-05;54641;31562;215;0;38738;0;0;0;0;4391524;3127635;11847;27;3526355;1;0;0;0
FR;2;2021-08-06;58098;42398;242;1;50226;0;0;0;0;4449622;3170033;12089;28;3576581;1;0;0;0
FR;2;2021-08-07;25152;17627;89;0;21317;0;0;0;0;4474774;3187660;12178;28;3597898;1;0;0;0
FR;2;2021-08-08;3840;3653;21;0;4311;0;0;0;0;4478614;3191313;12199;28;3602209;1;0;0;0
FR;2;2021-08-09;29308;21023;92;0;24849;0;0;0;0;4507922;3212336;12291;28;3627058;1;0;0;0
FR;2;2021-08-10;45014;33466;155;0;39227;0;0;0;0;4552936;3245802;12446;28;3666285;1;0;0;0
FR;2;2021-08-11;35277;25145;151;0;29744;0;0;0;0;4588213;3270947;12597;28;3696029;1;0;0;0
FR;2;2021-08-12;41905;35691;163;0;41228;0;0;0;0;4630118;3306638;12760;28;3737257;1;0;0;0
FR;2;2021-08-13;42608;37354;218;0;43041;0;0;0;0;4672726;3343992;12978;28;3780298;1;0;0;0
FR;2;2021-08-14;18524;22131;94;0;24762;0;0;0;0;4691250;3366123;13072;28;3805060;1;0;0;0
FR;2;2021-08-15;3865;3795;17;0;4381;0;0;0;0;4695115;3369918;13089;28;3809441;1;0;0;0
FR;2;2021-08-16;25094;27124;111;0;30446;0;0;0;0;4720209;3397042;13200;28;3839887;1;0;0;0
FR;2;2021-08-17;38270;43396;207;2;48380;0;0;0;0;4758479;3440438;13407;30;3888267;1;0;0;0
FR;2;2021-08-18;32254;36353;195;1;40695;0;0;0;0;4790733;3476791;13602;31;3928962;1;0;0;0
FR;2;2021-08-19;37435;46575;224;0;51776;0;0;0;0;4828168;3523366;13826;31;3980738;1;0;0;0
FR;2;2021-08-20;40569;55648;271;1;61574;0;0;0;0;4868737;3579014;14097;32;4042312;1;0;0;0
FR;2;2021-08-21;18121;24321;117;0;27113;0;0;0;0;4886858;3603335;14214;32;4069425;1;0;0;0
FR;2;2021-08-22;2909;4320;22;1;4852;1;0;0;0;4889767;3607655;14236;33;4074277;2;0;0;0
FR;2;2021-08-23;19250;35149;131;1;38039;0;0;0;0;4909017;3642804;14367;34;4112316;2;0;0;0
FR;2;2021-08-24;31952;56036;236;0;60693;0;0;0;0;4940969;3698840;14603;34;4173009;2;0;0;0
FR;2;2021-08-25;25934;43457;251;0;47406;0;0;0;0;4966903;3742297;14854;34;4220415;2;0;0;0
FR;2;2021-08-26;32362;55844;388;0;60582;0;0;0;0;4999265;3798141;15242;34;4280997;2;0;0;0
FR;2;2021-08-27;37003;65680;477;2;71404;0;0;0;0;5036268;3863821;15719;36;4352401;2;0;0;0
FR;2;2021-08-28;17819;28556;300;0;31616;0;0;0;0;5054087;3892377;16019;36;4384017;2;0;0;0
FR;2;2021-08-29;2656;5012;47;0;5623;0;0;0;0;5056743;3897389;16066;36;4389640;2;0;0;0
FR;2;2021-08-30;18418;37727;399;0;40146;756;0;0;0;5075161;3935116;16465;36;4429786;758;0;0;0
FR;2;2021-08-31;28077;57517;887;4;60948;1558;0;0;0;5103238;3992633;17352;40;4490734;2316;0;0;0
FR;2;2021-09-01;21595;39877;1309;0;42256;2129;0;0;0;5124833;4032510;18661;40;4532990;4445;0;0;0
FR;2;2021-09-02;25486;48667;1963;2;50942;3369;0;0;0;5150319;4081177;20624;42;4583932;7814;0;0;0
FR;2;2021-09-03;33414;64574;2988;3;67537;4886;1;0;0;5183733;4145751;23612;45;4651469;12700;1;0;0
FR;2;2021-09-04;16833;27766;1443;1;29557;2386;0;0;0;5200566;4173517;25055;46;4681026;15086;1;0;0
FR;2;2021-09-05;2265;3585;266;0;3941;412;0;0;0;5202831;4177102;25321;46;4684967;15498;1;0;0
FR;2;2021-09-06;14045;28694;1771;1;29759;2945;0;0;0;5216876;4205796;27092;47;4714726;18443;1;0;0
FR;2;2021-09-07;21111;41110;3022;13;42262;4945;0;0;0;5237987;4246906;30114;60;4756988;23388;1;0;0
FR;2;2021-09-08;17248;31921;2735;6;32738;4498;0;0;0;5255235;4278827;32849;66;4789726;27886;1;0;0
FR;2;2021-09-09;20982;40485;4437;3;41229;6842;0;0;0;5276217;4319312;37286;69;4830955;34728;1;0;0
FR;2;2021-09-10;28203;51315;5286;4;51883;8979;1;0;0;5304420;4370627;42572;73;4882838;43707;2;0;0
FR;2;2021-09-11;13655;22461;2405;5;23133;3990;0;0;0;5318075;4393088;44977;78;4905971;47697;2;0;0
FR;2;2021-09-12;1824;2770;292;0;2964;509;0;0;0;5319899;4395858;45269;78;4908935;48206;2;0;0
FR;2;2021-09-13;11659;21441;2474;4;21701;4052;0;0;0;5331558;4417299;47743;82;4930636;52258;2;0;0
FR;2;2021-09-14;18579;32720;5092;13;31678;9055;2;0;0;5350137;4450019;52835;95;4962314;61313;4;0;0
FR;2;2021-09-15;14917;28226;5168;3;26926;7748;9;0;0;5365054;4478245;58003;98;4989240;69061;13;0;0
FR;2;2021-09-16;16079;32798;6737;12;30179;10541;4;0;0;5381133;4511043;64740;110;5019419;79602;17;0;0
FR;2;2021-09-17;20916;47179;8782;10;42825;14631;6;0;0;5402049;4558222;73522;120;5062244;94233;23;0;0
FR;2;2021-09-18;9856;20960;3804;6;19596;6034;1;0;0;5411905;4579182;77326;126;5081840;100267;24;0;0
FR;2;2021-09-19;1166;2590;396;0;2533;631;0;0;0;5413071;4581772;77722;126;5084373;100898;24;0;0
FR;2;2021-09-20;7503;18702;3856;7;17025;6135;4;0;0;5420574;4600474;81578;133;5101398;107033;28;0;0
FR;2;2021-09-21;11215;29983;6495;5;26536;10744;3;0;0;5431789;4630457;88073;138;5127934;117777;31;0;0
FR;2;2021-09-22;9415;23546;5490;6;21194;8526;8;0;0;5441204;4654003;93563;144;5149128;126303;39;0;0
FR;2;2021-09-23;10730;28904;7881;10;24731;12647;10;0;0;5451934;4682907;101444;154;5173859;138950;49;0;0
FR;2;2021-09-24;15075;42946;10878;18;37280;17246;21;0;0;5467009;4725853;112322;172;5211139;156196;70;0;0
FR;2;2021-09-25;7258;18798;3965;9;17151;6120;3;0;0;5474267;4744651;116287;181;5228290;162316;73;0;0
FR;2;2021-09-26;1080;2544;495;0;2490;630;1;0;0;5475347;4747195;116782;181;5230780;162946;74;0;0
FR;2;2021-09-27;6311;16400;4287;8;14792;6533;2;0;0;5481658;4763595;121069;189;5245572;169479;76;0;0
FR;2;2021-09-28;9243;25573;7770;14;21720;12089;7;0;0;5490901;4789168;128839;203;5267292;181568;83;0;0
FR;2;2021-09-29;8081;20199;6067;25;17606;9259;8;0;0;5498982;4809367;134906;228;5284898;190827;91;0;0
FR;2;2021-09-30;9865;25838;9509;16;21639;14099;6;0;0;5508847;4835205;144415;244;5306537;204926;97;0;0
FR;2;2021-10-01;13979;35736;12921;25;30046;19328;9;0;0;5522826;4870941;157336;269;5336583;224254;106;0;0
FR;2;2021-10-02;6875;15933;4850;7;14226;7047;6;0;0;5529701;4886874;162186;276;5350809;231301;112;0;0
FR;2;2021-10-03;841;1908;492;1;1839;502;0;0;0;5530542;4888782;162678;277;5352648;231803;112;0;0
FR;2;2021-10-04;5826;13901;5516;5;12137;7854;6;0;0;5536368;4902683;168194;282;5364785;239657;118;0;0
FR;2;2021-10-05;9058;22572;11125;19;18532;15741;1;0;0;5545426;4925255;179319;301;5383317;255398;119;0;0
FR;2;2021-10-06;7785;17748;8243;11;15274;11091;4;0;0;5553211;4943003;187562;312;5398591;266489;123;0;0
FR;2;2021-10-07;9204;22214;12386;14;18007;16878;6;0;0;5562415;4965217;199948;326;5416598;283367;129;0;0
FR;2;2021-10-08;13432;32143;17349;28;26517;23609;11;0;0;5575847;4997360;217297;354;5443115;306976;140;0;0
FR;2;2021-10-09;6000;12846;6044;6;11380;7897;7;0;0;5581847;5010206;223341;360;5454495;314873;147;0;0
FR;2;2021-10-10;885;1592;436;2;1535;604;1;0;0;5582732;5011798;223777;362;5456030;315477;148;0;0
FR;2;2021-10-11;5607;11544;6455;17;9932;8829;3;0;0;5588339;5023342;230232;379;5465962;324306;151;0;0
FR;2;2021-10-12;8031;17790;12551;13;13921;16790;9;0;0;5596370;5041132;242783;392;5479883;341096;160;0;0
FR;2;2021-10-13;6947;14871;10256;12;11812;13663;7;0;0;5603317;5056003;253039;404;5491695;354759;167;0;0
FR;2;2021-10-14;8314;17940;14996;13;13557;19478;10;0;0;5611631;5073943;268035;417;5505252;374237;177;0;0
FR;2;2021-10-15;11856;26309;20902;26;19412;27981;4;0;0;5623487;5100252;288937;443;5524664;402218;181;0;0
FR;2;2021-10-16;5141;8728;1819;0;8172;3205;2;0;0;5628628;5108980;290756;443;5532836;405423;183;0;0
FR;2;2021-10-17;654;1150;185;0;1083;354;1;0;0;5629282;5110130;290941;443;5533919;405777;184;0;0
FR;2;2021-10-18;4564;7337;665;2;7243;1630;0;0;0;5633846;5117467;291606;445;5541162;407407;184;0;0
FR;2;2021-10-19;6239;9849;732;5;9656;2030;5;0;0;5640085;5127316;292338;450;5550818;409437;189;0;0
FR;2;2021-10-20;5170;8051;759;3;8173;1675;0;0;0;5645255;5135367;293097;453;5558991;411112;189;0;0
FR;2;2021-10-21;6090;9982;780;5;9840;2104;1;0;0;5651345;5145349;293877;458;5568831;413216;190;0;0
FR;2;2021-10-22;8452;14602;1151;4;14478;2891;2;0;0;5659797;5159951;295028;462;5583309;416107;192;0;0
FR;2;2021-10-23;3845;5993;587;0;6125;1235;3;0;0;5663642;5165944;295615;462;5589434;417342;195;0;0
FR;2;2021-10-24;494;882;101;0;900;204;0;0;0;5664136;5166826;295716;462;5590334;417546;195;0;0
FR;2;2021-10-25;3360;5342;307;1;5518;825;2;0;0;5667496;5172168;296023;463;5595852;418371;197;0;0
FR;2;2021-10-26;4177;7237;1134;4;7126;2023;5;0;0;5671673;5179405;297157;467;5602978;420394;202;0;0
FR;2;2021-10-27;3677;6585;1194;5;6447;1989;1;0;0;5675350;5185990;298351;472;5609425;422383;203;0;0
FR;2;2021-10-28;4597;7687;1737;3;7415;2746;1;0;0;5679947;5193677;300088;475;5616840;425129;204;0;0
FR;2;2021-10-29;5414;11082;2438;4;10692;3684;3;0;0;5685361;5204759;302526;479;5627532;428813;207;0;0
FR;2;2021-10-30;2749;4457;976;1;4452;1448;2;0;0;5688110;5209216;303502;480;5631984;430261;209;0;0
FR;2;2021-10-31;364;535;140;1;544;191;1;0;0;5688474;5209751;303642;481;5632528;430452;210;0;0
FR;2;2021-11-01;430;546;181;0;563;267;1;0;0;5688904;5210297;303823;481;5633091;430719;211;0;0
FR;2;2021-11-02;3294;6760;1184;0;6800;1771;5;0;0;5692198;5217057;305007;481;5639891;432490;216;0;0
FR;2;2021-11-03;3340;6226;1389;2;6311;1970;2;0;0;5695538;5223283;306396;483;5646202;434460;218;0;0
FR;2;2021-11-04;3987;7069;1769;4;7109;2495;3;0;0;5699525;5230352;308165;487;5653311;436955;221;0;0
FR;2;2021-11-05;5235;10502;2869;5;10215;3957;6;0;0;5704760;5240854;311034;492;5663526;440912;227;0;0
FR;2;2021-11-06;2597;4684;1407;0;4641;1824;2;0;0;5707357;5245538;312441;492;5668167;442736;229;0;0
FR;2;2021-11-07;506;862;221;0;869;291;2;0;0;5707863;5246400;312662;492;5669036;443027;231;0;0
FR;2;2021-11-08;2578;5348;1207;3;5268;1678;3;0;0;5710441;5251748;313869;495;5674304;444705;234;0;0
FR;2;2021-11-09;2749;6907;2402;5;6442;3181;2;0;0;5713190;5258655;316271;500;5680746;447886;236;0;0
FR;2;2021-11-10;2590;5668;5118;6;4761;6294;7;0;0;5715780;5264323;321389;506;5685507;454180;243;0;0
FR;2;2021-11-11;446;754;755;2;647;938;3;0;0;5716226;5265077;322144;508;5686154;455118;246;0;0
FR;2;2021-11-12;2953;8088;8982;8;6196;10933;9;0;0;5719179;5273165;331126;516;5692350;466051;255;0;0
FR;2;2021-11-13;1539;3374;3872;7;2722;4538;4;0;0;5720718;5276539;334998;523;5695072;470589;259;0;0
FR;2;2021-11-14;258;585;351;1;486;480;3;0;0;5720976;5277124;335349;524;5695558;471069;262;0;0
FR;2;2021-11-15;1621;3654;4449;8;2908;5329;16;0;0;5722597;5280778;339798;532;5698466;476398;278;0;0
FR;2;2021-11-16;2185;5875;8314;14;4152;10083;16;0;0;5724782;5286653;348112;546;5702618;486481;294;0;0
FR;2;2021-11-17;1740;4523;6634;8;3168;7852;5;0;0;5726522;5291176;354746;554;5705786;494333;299;0;0
FR;2;2021-11-18;2192;5920;9188;10;4018;11018;8;0;0;5728714;5297096;363934;564;5709804;505351;307;0;0
FR;2;2021-11-19;2701;7752;12981;19;4832;15480;12;0;0;5731415;5304848;376915;583;5714636;520831;319;0;0
FR;2;2021-11-20;1566;3333;5185;5;2351;6098;3;0;0;5732981;5308181;382100;588;5716987;526929;322;0;0
FR;2;2021-11-21;251;504;543;0;393;656;3;0;0;5733232;5308685;382643;588;5717380;527585;325;0;0
FR;2;2021-11-22;1278;2570;4485;5;1673;5397;9;0;0;5734510;5311255;387128;593;5719053;532982;334;0;0
FR;2;2021-11-23;1617;4277;8207;9;2536;9923;6;0;0;5736127;5315532;395335;602;5721589;542905;340;0;0
FR;2;2021-11-24;1421;3747;7486;14;2246;8736;9;0;0;5737548;5319279;402821;616;5723835;551641;349;0;0
FR;2;2021-11-25;1814;4863;11474;21;2682;13668;6;0;0;5739362;5324142;414295;637;5726517;565309;355;0;0
FR;2;2021-11-26;2541;7735;22676;31;3812;26091;14;0;0;5741903;5331877;436971;668;5730329;591400;369;0;0
FR;2;2021-11-27;1498;4144;12278;19;2127;14042;13;0;0;5743401;5336021;449249;687;5732456;605442;382;0;0
FR;2;2021-11-28;292;836;1976;3;478;2303;5;0;0;5743693;5336857;451225;690;5732934;607745;387;0;0
FR;2;2021-11-29;1449;4349;15099;23;2010;17269;25;0;0;5745142;5341206;466324;713;5734944;625014;412;0;0
FR;2;2021-11-30;1913;6658;26251;36;2640;30013;22;0;0;5747055;5347864;492575;749;5737584;655027;434;0;0
FR;2;2021-12-01;1918;6006;26211;31;2477;29519;20;0;0;5748973;5353870;518786;780;5740061;684546;454;0;0
FR;2;2021-12-02;1916;6780;37736;52;2112;41995;32;0;0;5750889;5360650;556522;832;5742173;726541;486;0;0
FR;2;2021-12-03;2558;10069;53644;111;3592;59391;31;0;0;5753447;5370719;610166;943;5745765;785932;517;0;0
FR;2;2021-12-04;1850;6275;37132;38;2185;40820;16;0;0;5755297;5376994;647298;981;5747950;826752;533;0;0
FR;2;2021-12-05;458;2242;14265;14;533;15990;7;0;0;5755755;5379236;661563;995;5748483;842742;540;0;0
FR;2;2021-12-06;2486;9846;77735;109;2699;84785;25;0;0;5758241;5389082;739298;1104;5751182;927527;565;0;0
FR;2;2021-12-07;3458;15288;122475;238;3742;133797;40;0;0;5761699;5404370;861773;1342;5754924;1061324;605;0;0
FR;2;2021-12-08;3725;15968;133225;330;3846;145413;54;0;0;5765424;5420338;994998;1672;5758770;1206737;659;0;0
FR;2;2021-12-09;4547;19624;170241;554;4165;185638;61;0;0;5769971;5439962;1165239;2226;5762935;1392375;720;0;0
FR;2;2021-12-10;4676;22804;188700;490;5011;206189;69;0;0;5774647;5462766;1353939;2716;5767946;1598564;789;0;0
FR;2;2021-12-11;3687;16621;132469;239;3663;144937;60;0;0;5778334;5479387;1486408;2955;5771609;1743501;849;0;0
FR;2;2021-12-12;1256;7119;59116;83;1016;65169;12;0;0;5779590;5486506;1545524;3038;5772625;1808670;861;0;0
FR;2;2021-12-13;5529;26811;220733;605;5223;243029;159;0;0;5785119;5513317;1766257;3643;5777848;2051699;1020;0;0
FR;2;2021-12-14;7019;37458;300806;909;6136;332278;190;0;0;5792138;5550775;2067063;4552;5783984;2383977;1210;0;0
FR;2;2021-12-15;6555;36216;285264;958;5866;315903;186;0;0;5798693;5586991;2352327;5510;5789850;2699880;1396;0;0
FR;2;2021-12-16;7765;37922;312178;982;6564;343820;186;0;0;5806458;5624913;2664505;6492;5796414;3043700;1582;0;0
FR;2;2021-12-17;8681;41188;327910;976;8020;360987;232;0;0;5815139;5666101;2992415;7468;5804434;3404687;1814;0;0
FR;2;2021-12-18;6515;26527;212374;448;4904;233673;120;0;0;5821654;5692628;3204789;7916;5809338;3638360;1934;0;0
FR;2;2021-12-19;2603;11403;90226;182;1655;100356;26;0;0;5824257;5704031;3295015;8098;5810993;3738716;1960;0;0
FR;2;2021-12-20;9548;33515;275258;707;6587;303403;209;0;0;5833805;5737546;3570273;8805;5817580;4042119;2169;0;0
FR;2;2021-12-21;11567;38269;309663;968;7368;341438;262;0;0;5845372;5775815;3879936;9773;5824948;4383557;2431;0;0
FR;2;2021-12-22;10461;32775;265147;952;6442;292502;316;0;1;5855833;5808590;4145083;10725;5831390;4676059;2747;0;1
FR;2;2021-12-23;9426;26620;199534;701;5874;221294;225;0;0;5865259;5835210;4344617;11426;5837264;4897353;2972;0;1
FR;2;2021-12-24;2783;7466;43866;140;2036;49561;78;0;0;5868042;5842676;4388483;11566;5839300;4946914;3050;0;1
FR;2;2021-12-25;201;669;2003;10;209;2476;15;0;0;5868243;5843345;4390486;11576;5839509;4949390;3065;0;1
FR;2;2021-12-26;1320;4215;25161;71;1052;28693;70;0;0;5869563;5847560;4415647;11647;5840561;4978083;3135;0;1
FR;2;2021-12-27;8076;29927;218437;659;6624;243387;294;0;0;5877639;5877487;4634084;12306;5847185;5221470;3429;0;1
FR;2;2021-12-28;9832;36287;272116;742;6982;302014;957;0;1;5887471;5913774;4906200;13048;5854167;5523484;4386;0;2
FR;2;2021-12-29;9498;32218;246151;765;6402;272696;1088;0;0;5896969;5945992;5152351;13813;5860569;5796180;5474;0;2
FR;2;2021-12-30;9464;28091;208839;663;5970;231479;1155;0;0;5906433;5974083;5361190;14476;5866539;6027659;6629;0;2
FR;2;2021-12-31;3011;8340;54991;176;2169;61233;392;0;0;5909444;5982423;5416181;14652;5868708;6088892;7021;0;2
FR;2;2022-01-01;231;693;2858;7;207;3353;29;0;0;5909675;5983116;5419039;14659;5868915;6092245;7050;0;2
FR;2;2022-01-02;1503;4859;29524;76;1166;33418;217;0;0;5911178;5987975;5448563;14735;5870081;6125663;7267;0;2
FR;2;2022-01-03;9606;35394;266544;806;8498;293919;1672;0;0;5920784;6023369;5715107;15541;5878579;6419582;8939;0;2
FR;2;2022-01-04;12857;45402;342103;1068;9971;377043;2458;0;1;5933641;6068771;6057210;16609;5888550;6796625;11397;0;3
FR;2;2022-01-05;11273;38627;294222;885;8635;323856;2155;0;2;5944914;6107398;6351432;17494;5897185;7120481;13552;0;5
FR;2;2022-01-06;13653;43487;331957;1298;9933;364767;2977;0;1;5958567;6150885;6683389;18792;5907118;7485248;16529;0;6
FR;2;2022-01-07;14224;47606;361123;1271;11231;396464;3159;0;0;5972791;6198491;7044512;20063;5918349;7881712;19688;0;6
FR;2;2022-01-08;7946;28137;201276;515;7209;221703;1531;0;2;5980737;6226628;7245788;20578;5925558;8103415;21219;0;8
FR;2;2022-01-09;2749;8946;62531;137;2069;69497;493;0;0;5983486;6235574;7308319;20715;5927627;8172912;21712;0;8
FR;2;2022-01-10;10100;31906;232509;859;8901;255084;2460;0;0;5993586;6267480;7540828;21574;5936528;8427996;24172;0;8
FR;2;2022-01-11;11465;36236;265948;1030;10055;290654;3380;0;1;6005051;6303716;7806776;22604;5946583;8718650;27552;0;9
FR;2;2022-01-12;8766;29787;206335;863;8716;226176;2798;0;5;6013817;6333503;8013111;23467;5955299;8944826;30350;0;14
FR;2;2022-01-13;9387;31337;224510;831;9038;244858;3463;0;4;6023204;6364840;8237621;24298;5964337;9189684;33813;0;18
FR;2;2022-01-14;9746;35574;254551;920;9841;277655;3979;0;1;6032950;6400414;8492172;25218;5974178;9467339;37792;0;19
FR;2;2022-01-15;5361;19443;140788;363;5321;153648;1929;0;0;6038311;6419857;8632960;25581;5979499;9620987;39721;0;19
FR;2;2022-01-16;1512;5457;35892;81;1619;39818;424;0;0;6039823;6425314;8668852;25662;5981118;9660805;40145;0;19
FR;2;2022-01-17;5546;19264;135421;601;6600;147263;2264;0;2;6045369;6444578;8804273;26263;5987718;9808068;42409;0;21
FR;2;2022-01-18;6422;21480;148647;648;7519;160471;3311;0;0;6051791;6466058;8952920;26911;5995237;9968539;45720;0;21
FR;2;2022-01-19;4398;16304;105112;552;6206;113702;2411;0;1;6056189;6482362;9058032;27463;6001443;10082241;48131;0;22
FR;2;2022-01-20;4873;17571;115304;603;7067;123694;3111;0;2;6061062;6499933;9173336;28066;6008510;10205935;51242;0;24
FR;2;2022-01-21;5198;20041;137357;679;7169;147775;3455;0;1;6066260;6519974;9310693;28745;6015679;10353710;54697;0;25
FR;2;2022-01-22;3033;10956;74265;260;3956;80339;1428;0;0;6069293;6530930;9384958;29005;6019635;10434049;56125;0;25
FR;2;2022-01-23;724;2707;15243;41;1055;16826;238;0;0;6070017;6533637;9400201;29046;6020690;10450875;56363;0;25
FR;2;2022-01-24;3292;12793;75084;431;5843;81019;1994;0;2;6073309;6546430;9475285;29477;6026533;10531894;58357;0;27
FR;2;2022-01-25;3575;14404;79638;496;6650;85463;2879;0;4;6076884;6560834;9554923;29973;6033183;10617357;61236;0;31
FR;2;2022-01-26;2515;10701;58987;363;5330;63036;1958;0;1;6079399;6571535;9613910;30336;6038513;10680393;63194;0;32
FR;2;2022-01-27;2684;11386;64185;391;5738;67972;2462;0;1;6082083;6582921;9678095;30727;6044251;10748365;65656;0;33
FR;2;2022-01-28;3551;18257;91730;430;8611;98907;3399;0;1;6085634;6601178;9769825;31157;6052862;10847272;69055;0;34
FR;2;2022-01-29;1896;9234;48856;164;4170;52929;1374;0;1;6087530;6610412;9818681;31321;6057032;10900201;70429;0;35
FR;2;2022-01-30;464;2206;9457;38;1049;10584;203;0;0;6087994;6612618;9828138;31359;6058081;10910785;70632;0;35
FR;2;2022-01-31;1891;9551;43834;209;4709;47322;1885;0;2;6089885;6622169;9871972;31568;6062790;10958107;72517;0;37
FR;2;2022-02-01;1917;10020;47030;279;4797;50079;2707;0;0;6091802;6632189;9919002;31847;6067587;11008186;75224;0;37
FR;2;2022-02-02;1614;8971;41124;250;4191;44147;2189;0;1;6093416;6641160;9960126;32097;6071778;11052333;77413;0;38
FR;2;2022-02-03;1732;8930;40526;205;4369;42911;2640;0;2;6095148;6650090;10000652;32302;6076147;11095244;80053;0;40
FR;2;2022-02-04;2151;15168;66648;299;7380;71317;3670;0;1;6097299;6665258;10067300;32601;6083527;11166561;83723;0;41
FR;2;2022-02-05;1360;8517;35948;132;4214;39220;1369;0;0;6098659;6673775;10103248;32733;6087741;11205781;85092;0;41
FR;2;2022-02-06;275;1761;6130;16;842;6899;217;0;0;6098934;6675536;10109378;32749;6088583;11212680;85309;0;41
FR;2;2022-02-07;1352;9543;37760;134;4535;41288;1888;0;2;6100286;6685079;10147138;32883;6093118;11253968;87197;0;43
FR;2;2022-02-08;1299;9833;40956;173;4645;43750;2741;0;1;6101585;6694912;10188094;33056;6097763;11297718;89938;0;44
FR;2;2022-02-09;1160;8841;37040;174;3804;40465;1901;0;2;6102745;6703753;10225134;33230;6101567;11338183;91839;0;46
FR;2;2022-02-10;1030;8001;33837;204;3605;36511;2051;0;1;6103775;6711754;10258971;33434;6105172;11374694;93890;0;47
FR;2;2022-02-11;1391;12087;53348;223;5282;57702;2888;0;0;6105166;6723841;10312319;33657;6110454;11432396;96778;0;47
FR;2;2022-02-12;753;6535;27989;86;2792;30808;1113;0;2;6105919;6730376;10340308;33743;6113246;11463204;97891;0;49
FR;2;2022-02-13;200;1340;4836;20;562;5577;141;0;0;6106119;6731716;10345144;33763;6113808;11468781;98032;0;49
FR;2;2022-02-14;836;6732;30274;92;2599;33233;1399;0;1;6106955;6738448;10375418;33855;6116407;11502014;99431;0;50
FR;2;2022-02-15;773;6473;28051;140;2801;29994;1965;0;2;6107728;6744921;10403469;33995;6119208;11532008;101396;0;52
FR;2;2022-02-16;657;5363;22069;124;2528;23635;1569;0;3;6108385;6750284;10425538;34119;6121736;11555643;102965;0;55
FR;2;2022-02-17;518;3786;14152;98;2131;14617;1406;0;2;6108903;6754070;10439690;34217;6123867;11570260;104371;0;57
FR;2;2022-02-18;723;5369;20443;134;3041;21130;1895;0;0;6109626;6759439;10460133;34351;6126908;11591390;106266;0;57
FR;2;2022-02-19;431;3061;10533;66;1699;11247;753;0;2;6110057;6762500;10470666;34417;6128607;11602637;107019;0;59
FR;2;2022-02-20;102;520;1463;3;314;1613;100;0;0;6110159;6763020;10472129;34420;6128921;11604250;107119;0;59
FR;2;2022-02-21;423;2685;9122;65;1569;9499;930;0;0;6110582;6765705;10481251;34485;6130490;11613749;108049;0;59
FR;2;2022-02-22;393;2568;8894;77;1622;8797;1180;0;0;6110975;6768273;10490145;34562;6132112;11622546;109229;0;59
FR;2;2022-02-23;432;2605;8992;82;1522;9269;1022;0;0;6111407;6770878;10499137;34644;6133634;11631815;110251;0;59
FR;2;2022-02-24;314;2039;6805;82;1251;6835;870;0;0;6111721;6772917;10505942;34726;6134885;11638650;111121;0;59
FR;2;2022-02-25;456;3210;11424;107;1979;11287;1560;0;3;6112177;6776127;10517366;34833;6136864;11649937;112681;0;62
FR;2;2022-02-26;297;1892;6038;49;1161;6345;587;0;1;6112474;6778019;10523404;34882;6138025;11656282;113268;0;63
FR;2;2022-02-27;76;313;908;5;214;951;98;0;0;6112550;6778332;10524312;34887;6138239;11657233;113366;0;63
FR;2;2022-02-28;332;1689;5525;53;1088;5531;733;0;0;6112882;6780021;10529837;34940;6139327;11662764;114099;0;63
FR;2;2022-03-01;279;1569;5484;46;952;5201;964;0;2;6113161;6781590;10535321;34986;6140279;11667965;115063;0;65
FR;2;2022-03-02;298;1446;5248;46;878;5092;816;0;1;6113459;6783036;10540569;35032;6141157;11673057;115879;0;66
FR;2;2022-03-03;226;1112;3709;42;721;3486;668;0;1;6113685;6784148;10544278;35074;6141878;11676543;116547;0;67
FR;2;2022-03-04;243;1469;4860;74;983;4506;950;0;1;6113928;6785617;10549138;35148;6142861;11681049;117497;0;68
FR;2;2022-03-05;174;906;2981;34;613;2725;561;0;0;6114102;6786523;10552119;35182;6143474;11683774;118058;0;68
FR;2;2022-03-06;42;188;280;5;110;320;52;0;0;6114144;6786711;10552399;35187;6143584;11684094;118110;0;68
FR;2;2022-03-07;157;659;1989;70;491;1779;472;0;0;6114301;6787370;10554388;35257;6144075;11685873;118582;0;68
FR;2;2022-03-08;144;670;2273;53;461;1908;619;0;0;6114445;6788040;10556661;35310;6144536;11687781;119201;0;68
FR;2;2022-03-09;156;709;2351;37;473;2052;617;0;0;6114601;6788749;10559012;35347;6145009;11689833;119818;0;68
FR;2;2022-03-10;123;603;1695;35;446;1470;456;0;1;6114724;6789352;10560707;35382;6145455;11691303;120274;0;69
FR;2;2022-03-11;172;757;2770;57;505;2369;737;0;1;6114896;6790109;10563477;35439;6145960;11693672;121011;0;70
FR;2;2022-03-12;149;485;1787;27;331;1557;450;0;0;6115045;6790594;10565264;35466;6146291;11695229;121461;0;70
FR;2;2022-03-13;25;75;203;30;45;204;69;0;0;6115070;6790669;10565467;35496;6146336;11695433;121530;0;70
FR;2;2022-03-14;129;470;1572;529;333;1301;951;0;0;6115199;6791139;10567039;36025;6146669;11696734;122481;0;70
FR;2;2022-03-15;139;441;1713;691;333;1333;1186;0;1;6115338;6791580;10568752;36716;6147002;11698067;123667;0;71
FR;2;2022-03-16;142;476;2013;1616;331;1593;2160;0;2;6115480;6792056;10570765;38332;6147333;11699660;125827;0;73
FR;2;2022-03-17;95;413;1412;1192;273;1148;1576;0;1;6115575;6792469;10572177;39524;6147606;11700808;127403;0;74
FR;2;2022-03-18;147;496;2026;1795;335;1669;2313;0;1;6115722;6792965;10574203;41319;6147941;11702477;129716;0;75
FR;2;2022-03-19;108;321;1210;941;219;1015;1259;0;0;6115830;6793286;10575413;42260;6148160;11703492;130975;0;75
FR;2;2022-03-20;13;77;191;59;39;168;115;0;0;6115843;6793363;10575604;42319;6148199;11703660;131090;0;75
FR;2;2022-03-21;98;307;1218;1483;181;1081;1760;0;1;6115941;6793670;10576822;43802;6148380;11704741;132850;0;76
FR;2;2022-03-22;118;391;1533;1830;244;1294;2219;0;0;6116059;6794061;10578355;45632;6148624;11706035;135069;0;76
FR;2;2022-03-23;137;362;1684;3032;232;1475;3374;0;6;6116196;6794423;10580039;48664;6148856;11707510;138443;0;82
FR;2;2022-03-24;117;293;1183;1548;186;1001;1814;0;8;6116313;6794716;10581222;50212;6149042;11708511;140257;0;90
FR;2;2022-03-25;119;361;1807;2451;238;1477;2837;0;8;6116432;6795077;10583029;52663;6149280;11709988;143094;0;98
FR;2;2022-03-26;79;247;1205;1222;138;953;1531;0;5;6116511;6795324;10584234;53885;6149418;11710941;144625;0;103
FR;2;2022-03-27;19;36;154;100;19;133;144;0;0;6116530;6795360;10584388;53985;6149437;11711074;144769;0;103
FR;2;2022-03-28;94;290;1140;1602;189;996;1835;0;6;6116624;6795650;10585528;55587;6149626;11712070;146604;0;109
FR;2;2022-03-29;108;258;1325;2467;167;1105;2760;0;4;6116732;6795908;10586853;58054;6149793;11713175;149364;0;113
FR;2;2022-03-30;91;313;1489;3187;164;1320;3424;0;2;6116823;6796221;10588342;61241;6149957;11714495;152788;0;115
FR;2;2022-03-31;104;284;1277;2332;171;1092;2616;0;3;6116927;6796505;10589619;63573;6150128;11715587;155404;0;118
FR;2;2022-04-01;123;324;1568;2349;164;1323;2667;0;7;6117050;6796829;10591187;65922;6150292;11716910;158071;0;125
FR;2;2022-04-02;81;161;845;891;83;737;1052;0;1;6117131;6796990;10592032;66813;6150375;11717647;159123;0;126
FR;2;2022-04-03;16;53;128;113;27;142;133;0;1;6117147;6797043;10592160;66926;6150402;11717789;159256;0;127
FR;2;2022-04-04;114;249;990;1447;151;799;1693;0;5;6117261;6797292;10593150;68373;6150553;11718588;160949;0;132
FR;2;2022-04-05;143;302;1322;2921;162;1150;3150;0;17;6117404;6797594;10594472;71294;6150715;11719738;164099;0;149
FR;2;2022-04-06;89;261;1308;2522;129;1131;2687;0;10;6117493;6797855;10595780;73816;6150844;11720869;166786;0;159
FR;2;2022-04-07;120;230;1303;2682;141;1042;2958;0;8;6117613;6798085;10597083;76498;6150985;11721911;169744;0;167
FR;2;2022-04-08;126;346;1636;3351;182;1328;3642;0;12;6117739;6798431;10598719;79849;6151167;11723239;173386;0;179
FR;2;2022-04-09;90;219;900;1046;144;732;1288;0;4;6117829;6798650;10599619;80895;6151311;11723971;174674;0;183
FR;2;2022-04-10;37;49;143;162;46;119;200;0;1;6117866;6798699;10599762;81057;6151357;11724090;174874;0;184
FR;2;2022-04-11;88;196;892;1560;122;782;1718;0;6;6117954;6798895;10600654;82617;6151479;11724872;176592;0;190
FR;2;2022-04-12;176;273;1183;2770;175;1062;2903;0;8;6118130;6799168;10601837;85387;6151654;11725934;179495;0;198
FR;2;2022-04-13;147;232;1125;2477;111;989;2671;0;11;6118277;6799400;10602962;87864;6151765;11726923;182166;0;209
FR;2;2022-04-14;116;227;1085;2677;114;919;2911;0;18;6118393;6799627;10604047;90541;6151879;11727842;185077;0;227
FR;2;2022-04-15;114;261;1221;2304;131;1078;2544;0;7;6118507;6799888;10605268;92845;6152010;11728920;187621;0;234
FR;2;2022-04-16;67;108;548;549;68;459;675;0;9;6118574;6799996;10605816;93394;6152078;11729379;188296;0;243
FR;2;2022-04-17;15;28;57;53;17;53;71;0;0;6118589;6800024;10605873;93447;6152095;11729432;188367;0;243
FR;2;2022-04-18;12;35;121;70;18;116;95;0;0;6118601;6800059;10605994;93517;6152113;11729548;188462;0;243
FR;2;2022-04-19;112;237;1120;1750;149;951;1934;0;9;6118713;6800296;10607114;95267;6152262;11730499;190396;0;252
FR;2;2022-04-20;95;243;1111;2172;127;935;2366;0;14;6118808;6800539;10608225;97439;6152389;11731434;192762;0;266
FR;2;2022-04-21;111;233;983;1912;125;838;2141;0;10;6118919;6800772;10609208;99351;6152514;11732272;194903;0;276
FR;2;2022-04-22;100;276;1243;2102;141;1024;2440;0;11;6119019;6801048;10610451;101453;6152655;11733296;197343;0;287
FR;2;2022-04-23;67;156;645;762;107;574;862;0;8;6119086;6801204;10611096;102215;6152762;11733870;198205;0;295
FR;2;2022-04-24;12;30;101;68;12;79;100;0;0;6119098;6801234;10611197;102283;6152774;11733949;198305;0;295
FR;2;2022-04-25;104;204;822;1329;103;711;1528;0;15;6119202;6801438;10612019;103612;6152877;11734660;199833;0;310
FR;2;2022-04-26;110;184;1041;2022;118;879;2219;0;18;6119312;6801622;10613060;105634;6152995;11735539;202052;0;328
FR;2;2022-04-27;98;181;860;1787;122;764;1809;0;7;6119410;6801803;10613920;107421;6153117;11736303;203861;0;335
FR;2;2022-04-28;93;214;949;1931;128;842;2087;0;12;6119503;6802017;10614869;109352;6153245;11737145;205948;0;347
FR;2;2022-04-29;81;282;1133;1697;131;1044;1876;0;11;6119584;6802299;10616002;111049;6153376;11738189;207824;0;358
FR;2;2022-04-30;66;127;471;540;80;430;628;0;9;6119650;6802426;10616473;111589;6153456;11738619;208452;0;367
FR;2;2022-05-01;24;24;84;49;20;85;61;0;1;6119674;6802450;10616557;111638;6153476;11738704;208513;0;368
FR;2;2022-05-02;115;232;764;1217;141;662;1375;0;5;6119789;6802682;10617321;112855;6153617;11739366;209888;0;373
FR;2;2022-05-03;153;233;999;1781;155;938;1895;0;14;6119942;6802915;10618320;114636;6153772;11740304;211783;0;387
FR;2;2022-05-04;90;226;926;1811;116;869;1822;0;13;6120032;6803141;10619246;116447;6153888;11741173;213605;0;400
FR;2;2022-05-05;127;198;857;1732;147;774;1848;0;10;6120159;6803339;10620103;118179;6154035;11741947;215453;0;410
FR;2;2022-05-06;133;246;1101;1855;139;1017;2052;0;16;6120292;6803585;10621204;120034;6154174;11742964;217505;0;426
FR;2;2022-05-07;40;99;470;504;61;406;593;0;4;6120332;6803684;10621674;120538;6154235;11743370;218098;0;430
FR;2;2022-05-08;48;54;107;71;41;102;101;0;0;6120380;6803738;10621781;120609;6154276;11743472;218199;0;430
FR;2;2022-05-09;101;174;654;986;103;604;1130;0;9;6120481;6803912;10622435;121595;6154379;11744076;219329;0;439
FR;2;2022-05-10;121;252;938;1841;155;893;1965;0;23;6120602;6804164;10623373;123436;6154534;11744969;221294;0;462
FR;2;2022-05-11;103;179;816;1879;117;795;1868;0;8;6120705;6804343;10624189;125315;6154651;11745764;223162;0;470
FR;2;2022-05-12;111;174;845;2096;116;803;2213;0;21;6120816;6804517;10625034;127411;6154767;11746567;225375;0;491
FR;2;2022-05-13;100;236;969;2097;122;900;2273;0;13;6120916;6804753;10626003;129508;6154889;11747467;227648;0;504
FR;2;2022-05-14;76;124;451;553;93;411;632;0;6;6120992;6804877;10626454;130061;6154982;11747878;228280;0;510
FR;2;2022-05-15;24;39;94;88;20;108;95;0;1;6121016;6804916;10626548;130149;6155002;11747986;228375;0;511
FR;2;2022-05-16;102;171;601;925;116;537;1037;0;11;6121118;6805087;10627149;131074;6155118;11748523;229412;0;522
FR;2;2022-05-17;95;184;690;1687;119;658;1739;0;8;6121213;6805271;10627839;132761;6155237;11749181;231151;0;530
FR;2;2022-05-18;80;181;643;1431;97;648;1486;0;10;6121293;6805452;10628482;134192;6155334;11749829;232637;0;540
FR;2;2022-05-19;73;161;710;1830;81;752;1816;0;12;6121366;6805613;10629192;136022;6155415;11750581;234453;0;552
FR;2;2022-05-20;107;181;874;1701;111;779;1849;0;17;6121473;6805794;10630066;137723;6155526;11751360;236302;0;569
FR;2;2022-05-21;48;96;398;517;71;339;581;0;8;6121521;6805890;10630464;138240;6155597;11751699;236883;0;577
FR;2;2022-05-22;8;23;69;37;18;57;56;0;0;6121529;6805913;10630533;138277;6155615;11751756;236939;0;577
FR;2;2022-05-23;86;133;498;931;100;469;967;0;7;6121615;6806046;10631031;139208;6155715;11752225;237906;0;584
FR;2;2022-05-24;87;164;627;1626;103;615;1680;0;17;6121702;6806210;10631658;140834;6155818;11752840;239586;0;601
FR;2;2022-05-25;72;146;539;1149;90;494;1260;0;5;6121774;6806356;10632197;141983;6155908;11753334;240846;0;606
FR;2;2022-05-26;12;31;77;45;13;85;56;0;1;6121786;6806387;10632274;142028;6155921;11753419;240902;0;607
FR;2;2022-05-27;44;124;456;818;68;438;893;0;9;6121830;6806511;10632730;142846;6155989;11753857;241795;0;616
FR;2;2022-05-28;28;60;221;244;29;221;266;0;1;6121858;6806571;10632951;143090;6156018;11754078;242061;0;617
FR;2;2022-05-29;13;34;43;25;22;51;28;0;0;6121871;6806605;10632994;143115;6156040;11754129;242089;0;617
FR;2;2022-05-30;65;109;425;755;60;410;806;0;6;6121936;6806714;10633419;143870;6156100;11754539;242895;0;623
FR;2;2022-05-31;76;135;564;1278;92;511;1304;0;12;6122012;6806849;10633983;145148;6156192;11755050;244199;0;635
FR;2;2022-06-01;59;160;564;1075;86;543;1170;0;6;6122071;6807009;10634547;146223;6156278;11755593;245369;0;641
FR;2;2022-06-02;92;178;626;1415;109;593;1521;0;12;6122163;6807187;10635173;147638;6156387;11756186;246890;0;653
FR;2;2022-06-03;71;157;668;1605;96;595;1694;0;19;6122234;6807344;10635841;149243;6156483;11756781;248584;0;672
FR;2;2022-06-04;69;93;283;434;66;269;476;0;11;6122303;6807437;10636124;149677;6156549;11757050;249060;0;683
FR;2;2022-06-05;12;17;63;58;16;47;75;0;1;6122315;6807454;10636187;149735;6156565;11757097;249135;0;684
FR;2;2022-06-06;12;41;93;76;30;92;81;0;4;6122327;6807495;10636280;149811;6156595;11757189;249216;0;688
FR;2;2022-06-07;99;222;667;1535;154;577;1661;0;10;6122426;6807717;10636947;151346;6156749;11757766;250877;0;698
FR;2;2022-06-08;70;119;477;1166;76;411;1262;0;5;6122496;6807836;10637424;152512;6156825;11758177;252139;0;703
FR;2;2022-06-09;93;167;613;1923;108;571;1927;0;18;6122589;6808003;10638037;154435;6156933;11758748;254066;0;721
FR;2;2022-06-10;93;168;650;1683;107;622;1774;0;23;6122682;6808171;10638687;156118;6157040;11759370;255840;0;744
FR;2;2022-06-11;44;85;287;529;42;258;583;0;5;6122726;6808256;10638974;156647;6157082;11759628;256423;0;749
FR;2;2022-06-12;18;38;58;78;27;60;78;0;0;6122744;6808294;10639032;156725;6157109;11759688;256501;0;749
FR;2;2022-06-13;39;121;395;953;63;379;1021;0;6;6122783;6808415;10639427;157678;6157172;11760067;257522;0;755
FR;2;2022-06-14;68;157;599;2088;101;537;2189;0;14;6122851;6808572;10640026;159766;6157273;11760604;259711;0;769
FR;2;2022-06-15;78;104;522;1504;84;444;1641;0;10;6122929;6808676;10640548;161270;6157357;11761048;261352;0;779
FR;2;2022-06-16;128;128;497;1411;124;424;1526;0;12;6123057;6808804;10641045;162681;6157481;11761472;262878;0;791
FR;2;2022-06-17;73;138;589;1817;88;516;1921;0;16;6123130;6808942;10641634;164498;6157569;11761988;264799;0;807
FR;2;2022-06-18;76;93;224;579;81;196;630;0;4;6123206;6809035;10641858;165077;6157650;11762184;265429;0;811
FR;2;2022-06-19;11;17;53;71;7;41;90;0;2;6123217;6809052;10641911;165148;6157657;11762225;265519;0;813
FR;2;2022-06-20;62;125;401;1028;72;392;1105;0;10;6123279;6809177;10642312;166176;6157729;11762617;266624;0;823
FR;2;2022-06-21;108;116;526;2127;105;455;2164;0;22;6123387;6809293;10642838;168303;6157834;11763072;268788;0;845
FR;2;2022-06-22;39;110;462;1889;57;415;1971;0;25;6123426;6809403;10643300;170192;6157891;11763487;270759;0;870
FR;2;2022-06-23;58;109;537;2282;68;452;2400;0;30;6123484;6809512;10643837;172474;6157959;11763939;273159;0;900
FR;2;2022-06-24;66;122;709;3199;65;571;3339;0;38;6123550;6809634;10644546;175673;6158024;11764510;276498;0;938
FR;2;2022-06-25;30;90;298;988;55;254;1041;0;13;6123580;6809724;10644844;176661;6158079;11764764;277539;0;951
FR;2;2022-06-26;30;27;131;194;29;97;236;0;5;6123610;6809751;10644975;176855;6158108;11764861;277775;0;956
FR;2;2022-06-27;79;137;582;2490;94;483;2623;0;39;6123689;6809888;10645557;179345;6158202;11765344;280398;0;995
FR;2;2022-06-28;110;140;812;4817;81;650;4894;0;54;6123799;6810028;10646369;184162;6158283;11765994;285292;0;1049
FR;2;2022-06-29;73;150;776;4436;80;637;4532;0;56;6123872;6810178;10647145;188598;6158363;11766631;289824;0;1105
FR;2;2022-06-30;72;133;834;5177;71;619;5398;0;79;6123944;6810311;10647979;193775;6158434;11767250;295222;0;1184
FR;2;2022-07-01;113;161;1152;6692;95;853;6944;0;92;6124057;6810472;10649131;200467;6158529;11768103;302166;0;1276
FR;2;2022-07-02;69;132;474;1977;82;392;2068;0;27;6124126;6810604;10649605;202444;6158611;11768495;304234;0;1303
FR;2;2022-07-03;23;30;147;334;21;131;357;0;8;6124149;6810634;10649752;202778;6158632;11768626;304591;0;1311
FR;2;2022-07-04;122;184;776;3785;113;612;3971;0;49;6124271;6810818;10650528;206563;6158745;11769238;308562;0;1360
FR;2;2022-07-05;119;188;1121;6818;121;829;6999;0;85;6124390;6811006;10651649;213381;6158866;11770067;315561;0;1445
FR;2;2022-07-06;93;152;951;5807;95;698;5933;0;84;6124483;6811158;10652600;219188;6158961;11770765;321494;0;1529
FR;2;2022-07-07;81;185;1021;6501;116;752;6732;0;101;6124564;6811343;10653621;225689;6159077;11771517;328226;0;1630
FR;2;2022-07-08;65;122;1095;7044;51;758;7235;0;123;6124629;6811465;10654716;232733;6159128;11772275;335461;0;1753
FR;2;2022-07-09;34;62;417;1869;31;299;1919;0;33;6124663;6811527;10655133;234602;6159159;11772574;337380;0;1786
FR;2;2022-07-10;7;17;97;315;8;83;327;0;5;6124670;6811544;10655230;234917;6159167;11772657;337707;0;1791
FR;2;2022-07-11;68;121;683;3826;76;541;3901;0;67;6124738;6811665;10655913;238743;6159243;11773198;341608;0;1858
FR;2;2022-07-12;102;180;1054;6517;107;809;6725;0;119;6124840;6811845;10656967;245260;6159350;11774007;348333;0;1977
FR;2;2022-07-13;65;128;879;4664;76;591;4830;0;78;6124905;6811973;10657846;249924;6159426;11774598;353163;0;2055
FR;2;2022-07-14;6;13;89;250;8;60;269;0;8;6124911;6811986;10657935;250174;6159434;11774658;353432;0;2063
FR;2;2022-07-15;61;129;739;3795;53;560;3961;0;75;6124972;6812115;10658674;253969;6159487;11775218;357393;0;2138
FR;2;2022-07-16;27;54;289;1031;30;242;1077;0;25;6124999;6812169;10658963;255000;6159517;11775460;358470;0;2163
FR;2;2022-07-17;5;12;78;201;6;67;207;0;6;6125004;6812181;10659041;255201;6159523;11775527;358677;0;2169
FR;2;2022-07-18;57;103;514;2510;61;385;2648;0;59;6125061;6812284;10659555;257711;6159584;11775912;361325;0;2228
FR;2;2022-07-19;66;133;770;4258;72;555;4447;0;72;6125127;6812417;10660325;261969;6159656;11776467;365772;0;2300
FR;2;2022-07-20;59;117;582;3179;68;430;3278;0;87;6125186;6812534;10660907;265148;6159724;11776897;369050;0;2387
FR;2;2022-07-21;60;110;673;3680;73;487;3797;0;105;6125246;6812644;10661580;268828;6159797;11777384;372847;0;2492
FR;2;2022-07-22;51;100;700;3550;48;507;3701;0;80;6125297;6812744;10662280;272378;6159845;11777891;376548;0;2572
FR;2;2022-07-23;38;97;290;1175;51;229;1228;0;37;6125335;6812841;10662570;273553;6159896;11778120;377776;0;2609
FR;2;2022-07-24;14;24;69;201;19;68;203;0;7;6125349;6812865;10662639;273754;6159915;11778188;377979;0;2616
FR;2;2022-07-25;50;71;405;1938;60;300;2000;0;56;6125399;6812936;10663044;275692;6159975;11778488;379979;0;2672
FR;2;2022-07-26;57;133;606;3423;67;476;3496;0;113;6125456;6813069;10663650;279115;6160042;11778964;383475;0;2785
FR;2;2022-07-27;42;81;457;2782;50;361;2801;0;89;6125498;6813150;10664107;281897;6160092;11779325;386276;0;2874
FR;2;2022-07-28;29;75;450;2487;37;356;2491;0;78;6125527;6813225;10664557;284384;6160129;11779681;388767;0;2952
FR;2;2022-07-29;68;88;535;2857;63;347;2978;0;73;6125595;6813313;10665092;287241;6160192;11780028;391745;0;3025
FR;2;2022-07-30;22;39;163;776;32;110;796;0;24;6125617;6813352;10665255;288017;6160224;11780138;392541;0;3049
FR;2;2022-07-31;6;13;27;104;12;21;110;0;2;6125623;6813365;10665282;288121;6160236;11780159;392651;0;3051
FR;2;2022-08-01;38;107;323;1262;74;260;1344;0;29;6125661;6813472;10665605;289383;6160310;11780419;393995;0;3080
FR;2;2022-08-02;49;75;325;2061;50;247;2097;0;78;6125710;6813547;10665930;291444;6160360;11780666;396092;0;3158
FR;2;2022-08-03;29;53;260;1611;25;188;1617;0;57;6125739;6813600;10666190;293055;6160385;11780854;397709;0;3215
FR;2;2022-08-04;40;65;306;1692;39;240;1701;0;66;6125779;6813665;10666496;294747;6160424;11781094;399410;0;3281
FR;2;2022-08-05;33;94;328;1881;67;236;1912;0;60;6125812;6813759;10666824;296628;6160491;11781330;401322;0;3341
FR;2;2022-08-06;22;41;106;365;29;82;372;0;10;6125834;6813800;10666930;296993;6160520;11781412;401694;0;3351
FR;2;2022-08-07;7;8;15;69;5;16;71;0;3;6125841;6813808;10666945;297062;6160525;11781428;401765;0;3354
FR;2;2022-08-08;19;35;220;877;22;148;915;0;33;6125860;6813843;10667165;297939;6160547;11781576;402680;0;3387
FR;2;2022-08-09;30;52;279;1474;42;238;1470;0;50;6125890;6813895;10667444;299413;6160589;11781814;404150;0;3437
FR;2;2022-08-10;17;22;213;1134;19;150;1155;0;46;6125907;6813917;10667657;300547;6160608;11781964;405305;0;3483
FR;2;2022-08-11;21;41;174;1038;26;117;1047;0;40;6125928;6813958;10667831;301585;6160634;11782081;406352;0;3523
FR;2;2022-08-12;36;50;184;1046;38;140;1069;0;35;6125964;6814008;10668015;302631;6160672;11782221;407421;0;3558
FR;2;2022-08-13;11;19;47;149;15;53;137;0;5;6125975;6814027;10668062;302780;6160687;11782274;407558;0;3563
FR;2;2022-08-14;1;2;12;52;1;11;54;0;1;6125976;6814029;10668074;302832;6160688;11782285;407612;0;3564
FR;2;2022-08-15;0;5;32;22;2;21;21;0;3;6125976;6814034;10668106;302854;6160690;11782306;407633;0;3567
FR;2;2022-08-16;27;33;144;681;34;120;678;0;33;6126003;6814067;10668250;303535;6160724;11782426;408311;0;3600
FR;2;2022-08-17;18;27;109;738;18;88;744;0;34;6126021;6814094;10668359;304273;6160742;11782514;409055;0;3634
FR;2;2022-08-18;14;30;160;836;14;107;852;0;42;6126035;6814124;10668519;305109;6160756;11782621;409907;0;3676
FR;2;2022-08-19;8;38;118;706;31;88;706;0;33;6126043;6814162;10668637;305815;6160787;11782709;410613;0;3709
FR;2;2022-08-20;6;26;61;197;16;52;201;0;8;6126049;6814188;10668698;306012;6160803;11782761;410814;0;3717
FR;2;2022-08-21;4;14;15;19;6;13;31;0;0;6126053;6814202;10668713;306031;6160809;11782774;410845;0;3717
FR;2;2022-08-22;11;25;116;395;17;73;451;0;13;6126064;6814227;10668829;306426;6160826;11782847;411296;0;3730
FR;2;2022-08-23;12;42;134;671;23;112;679;0;38;6126076;6814269;10668963;307097;6160849;11782959;411975;0;3768
FR;2;2022-08-24;11;28;87;466;21;80;472;0;18;6126087;6814297;10669050;307563;6160870;11783039;412447;0;3786
FR;2;2022-08-25;8;32;109;481;16;69;516;0;17;6126095;6814329;10669159;308044;6160886;11783108;412963;0;3803
FR;2;2022-08-26;16;46;117;720;36;91;713;0;32;6126111;6814375;10669276;308764;6160922;11783199;413676;0;3835
FR;2;2022-08-27;10;19;47;158;16;42;166;0;2;6126121;6814394;10669323;308922;6160938;11783241;413842;0;3837
FR;2;2022-08-28;1;5;5;15;1;7;16;0;1;6126122;6814399;10669328;308937;6160939;11783248;413858;0;3838
FR;2;2022-08-29;24;43;94;400;29;88;396;0;24;6126146;6814442;10669422;309337;6160968;11783336;414254;0;3862
FR;2;2022-08-30;31;54;154;791;34;119;798;0;29;6126177;6814496;10669576;310128;6161002;11783455;415052;0;3891
FR;2;2022-08-31;19;37;85;392;24;79;393;0;25;6126196;6814533;10669661;310520;6161026;11783534;415445;0;3916
FR;2;2022-09-01;19;43;139;600;25;122;609;0;36;6126215;6814576;10669800;311120;6161051;11783656;416054;0;3952
FR;2;2022-09-02;34;57;147;744;34;160;748;0;32;6126249;6814633;10669947;311864;6161085;11783816;416802;0;3984
FR;2;2022-09-03;17;20;83;205;11;67;213;0;7;6126266;6814653;10670030;312069;6161096;11783883;417015;0;3991
FR;2;2022-09-04;8;5;9;31;2;10;30;0;3;6126274;6814658;10670039;312100;6161098;11783893;417045;0;3994
FR;2;2022-09-05;29;32;126;367;24;98;397;0;24;6126303;6814690;10670165;312467;6161122;11783991;417442;0;4018
FR;2;2022-09-06;44;63;158;762;43;153;768;0;36;6126347;6814753;10670323;313229;6161165;11784144;418210;0;4054
FR;2;2022-09-07;21;22;76;375;18;51;387;0;23;6126368;6814775;10670399;313604;6161183;11784195;418597;0;4077
FR;2;2022-09-08;31;58;109;636;41;100;646;0;22;6126399;6814833;10670508;314240;6161224;11784295;419243;0;4099
FR;2;2022-09-09;18;24;126;754;21;74;747;0;48;6126417;6814857;10670634;314994;6161245;11784369;419990;0;4147
FR;2;2022-09-10;14;25;57;117;17;48;131;0;4;6126431;6814882;10670691;315111;6161262;11784417;420121;0;4151
FR;2;2022-09-11;12;5;11;11;3;13;13;0;0;6126443;6814887;10670702;315122;6161265;11784430;420134;0;4151
FR;2;2022-09-12;20;31;70;340;26;56;352;0;16;6126463;6814918;10670772;315462;6161291;11784486;420486;0;4167
FR;2;2022-09-13;15;34;125;670;13;99;674;0;40;6126478;6814952;10670897;316132;6161304;11784585;421160;0;4207
FR;2;2022-09-14;19;23;81;480;20;60;478;0;36;6126497;6814975;10670978;316612;6161324;11784645;421638;0;4243
FR;2;2022-09-15;23;45;126;486;27;102;493;0;47;6126520;6815020;10671104;317098;6161351;11784747;422131;0;4290
FR;2;2022-09-16;22;31;124;563;17;89;585;0;39;6126542;6815051;10671228;317661;6161368;11784836;422716;0;4329
FR;2;2022-09-17;6;20;56;160;15;52;147;0;14;6126548;6815071;10671284;317821;6161383;11784888;422863;0;4343
FR;2;2022-09-18;4;7;13;37;6;10;37;0;3;6126552;6815078;10671297;317858;6161389;11784898;422900;0;4346
FR;2;2022-09-19;26;24;114;353;16;87;381;0;22;6126578;6815102;10671411;318211;6161405;11784985;423281;0;4368
FR;2;2022-09-20;29;27;117;624;21;84;639;0;38;6126607;6815129;10671528;318835;6161426;11785069;423920;0;4406
FR;2;2022-09-21;15;30;100;393;15;78;418;0;23;6126622;6815159;10671628;319228;6161441;11785147;424338;0;4429
FR;2;2022-09-22;19;39;124;581;18;95;619;0;28;6126641;6815198;10671752;319809;6161459;11785242;424957;0;4457
FR;2;2022-09-23;21;38;135;555;22;111;570;0;40;6126662;6815236;10671887;320364;6161481;11785353;425527;0;4497
FR;2;2022-09-24;10;8;52;190;8;37;201;0;7;6126672;6815244;10671939;320554;6161489;11785390;425728;0;4504
FR;2;2022-09-25;9;11;15;29;11;12;33;0;5;6126681;6815255;10671954;320583;6161500;11785402;425761;0;4509
FR;2;2022-09-26;22;41;116;447;27;79;458;0;20;6126703;6815296;10672070;321030;6161527;11785481;426219;0;4529
FR;2;2022-09-27;30;46;162;906;35;108;861;0;52;6126733;6815342;10672232;321936;6161562;11785589;427080;0;4581
FR;2;2022-09-28;15;31;93;421;18;74;439;0;23;6126748;6815373;10672325;322357;6161580;11785663;427519;0;4604
FR;2;2022-09-29;26;48;115;618;23;110;630;0;33;6126774;6815421;10672440;322975;6161603;11785773;428149;0;4637
FR;2;2022-09-30;25;44;111;520;45;84;533;0;31;6126799;6815465;10672551;323495;6161648;11785857;428682;0;4668
FR;2;2022-10-01;11;20;51;128;20;36;129;0;8;6126810;6815485;10672602;323623;6161668;11785893;428811;0;4676
FR;2;2022-10-02;0;5;8;21;4;5;25;0;2;6126810;6815490;10672610;323644;6161672;11785898;428836;0;4678
FR;2;2022-10-03;22;35;85;291;30;69;306;0;22;6126832;6815525;10672695;323935;6161702;11785967;429142;0;4700
FR;2;2022-10-04;17;21;106;601;19;71;620;0;46;6126849;6815546;10672801;324536;6161721;11786038;429762;0;4746
FR;2;2022-10-05;20;31;75;491;26;67;488;0;54;6126869;6815577;10672876;325027;6161747;11786105;430250;0;4800
FR;2;2022-10-06;30;23;74;442;17;71;428;0;65;6126899;6815600;10672950;325469;6161764;11786176;430678;0;4865
FR;2;2022-10-07;21;30;86;499;27;66;503;0;42;6126920;6815630;10673036;325968;6161791;11786242;431181;0;4907
FR;2;2022-10-08;12;8;24;114;3;25;108;0;12;6126932;6815638;10673060;326082;6161794;11786267;431289;0;4919
FR;2;2022-10-09;1;8;15;17;6;11;22;0;5;6126933;6815646;10673075;326099;6161800;11786278;431311;0;4924
FR;2;2022-10-10;18;27;47;223;25;49;218;0;21;6126951;6815673;10673122;326322;6161825;11786327;431529;0;4945
FR;2;2022-10-11;16;15;48;253;11;39;241;0;52;6126967;6815688;10673170;326575;6161836;11786366;431770;0;4997
FR;2;2022-10-12;9;20;52;290;16;36;305;0;56;6126976;6815708;10673222;326865;6161852;11786402;432075;0;5053
FR;2;2022-10-13;11;14;48;271;9;48;261;0;26;6126987;6815722;10673270;327136;6161861;11786450;432336;0;5079
FR;2;2022-10-14;13;30;36;230;18;40;231;0;29;6127000;6815752;10673306;327366;6161879;11786490;432567;0;5108
FR;2;2022-10-15;4;13;22;111;7;17;113;0;15;6127004;6815765;10673328;327477;6161886;11786507;432680;0;5123
FR;2;2022-10-16;0;7;4;11;6;7;8;0;1;6127004;6815772;10673332;327488;6161892;11786514;432688;0;5124
FR;2;2022-10-17;15;19;31;121;18;26;131;0;29;6127019;6815791;10673363;327609;6161910;11786540;432819;0;5153
FR;2;2022-10-18;13;12;68;185;6;34;247;0;46;6127032;6815803;10673431;327794;6161916;11786574;433066;0;5199
FR;2;2022-10-19;8;17;39;184;12;31;223;0;52;6127040;6815820;10673470;327978;6161928;11786605;433289;0;5251
FR;2;2022-10-20;11;29;41;200;15;40;196;0;52;6127051;6815849;10673511;328178;6161943;11786645;433485;0;5303
FR;2;2022-10-21;6;16;60;233;7;53;222;0;31;6127057;6815865;10673571;328411;6161950;11786698;433707;0;5334
FR;2;2022-10-22;8;7;25;102;2;23;103;0;20;6127065;6815872;10673596;328513;6161952;11786721;433810;0;5354
FR;2;2022-10-23;0;3;1;5;3;0;6;0;2;6127065;6815875;10673597;328518;6161955;11786721;433816;0;5356
FR;2;2022-10-24;12;12;16;110;12;16;113;0;20;6127077;6815887;10673613;328628;6161967;11786737;433929;0;5376
FR;2;2022-10-25;12;7;23;138;6;15;145;0;51;6127089;6815894;10673636;328766;6161973;11786752;434074;0;5427
FR;2;2022-10-26;4;3;17;90;2;11;96;0;27;6127093;6815897;10673653;328856;6161975;11786763;434170;0;5454
FR;2;2022-10-27;7;10;18;88;10;20;71;0;27;6127100;6815907;10673671;328944;6161985;11786783;434241;0;5481
FR;2;2022-10-28;5;3;15;91;3;7;92;0;27;6127105;6815910;10673686;329035;6161988;11786790;434333;0;5508
FR;2;2022-10-29;7;8;18;33;6;14;37;0;8;6127112;6815918;10673704;329068;6161994;11786804;434370;0;5516
FR;2;2022-10-30;3;7;5;8;5;2;5;0;1;6127115;6815925;10673709;329076;6161999;11786806;434375;0;5517
FR;2;2022-10-31;2;8;6;49;6;10;48;0;11;6127117;6815933;10673715;329125;6162005;11786816;434423;0;5528
FR;2;2022-11-01;0;5;8;1;5;5;4;0;0;6127117;6815938;10673723;329126;6162010;11786821;434427;0;5528
FR;2;2022-11-02;6;5;12;44;5;12;45;0;11;6127123;6815943;10673735;329170;6162015;11786833;434472;0;5539
FR;2;2022-11-03;6;7;16;77;6;10;75;0;18;6127129;6815950;10673751;329247;6162021;11786843;434547;0;5557
FR;2;2022-11-04;7;12;15;85;10;14;93;0;10;6127136;6815962;10673766;329332;6162031;11786857;434640;0;5567
FR;2;2022-11-05;0;11;13;38;6;17;35;0;6;6127136;6815973;10673779;329370;6162037;11786874;434675;0;5573
FR;2;2022-11-06;0;2;2;1;0;4;0;0;2;6127136;6815975;10673781;329371;6162037;11786878;434675;0;5575
FR;2;2022-11-07;13;8;15;67;6;14;66;0;20;6127149;6815983;10673796;329438;6162043;11786892;434741;0;5595
FR;2;2022-11-08;14;8;18;58;6;14;65;0;27;6127163;6815991;10673814;329496;6162049;11786906;434806;0;5622
FR;2;2022-11-09;4;5;17;56;2;17;50;0;28;6127167;6815996;10673831;329552;6162051;11786923;434856;0;5650
FR;2;2022-11-10;7;10;17;74;7;14;76;0;14;6127174;6816006;10673848;329626;6162058;11786937;434932;0;5664
FR;2;2022-11-11;0;3;9;3;0;10;4;0;0;6127174;6816009;10673857;329629;6162058;11786947;434936;0;5664
FR;2;2022-11-12;2;5;7;19;4;7;19;0;4;6127176;6816014;10673864;329648;6162062;11786954;434955;0;5668
FR;2;2022-11-13;3;2;4;2;1;5;1;0;0;6127179;6816016;10673868;329650;6162063;11786959;434956;0;5668
FR;2;2022-11-14;7;6;13;29;3;10;33;0;7;6127186;6816022;10673881;329679;6162066;11786969;434989;0;5675
FR;2;2022-11-15;8;15;15;35;16;18;32;0;7;6127194;6816037;10673896;329714;6162082;11786987;435021;0;5682
FR;2;2022-11-16;3;6;4;45;6;4;46;0;18;6127197;6816043;10673900;329759;6162088;11786991;435067;0;5700
FR;2;2022-11-17;2;6;12;56;5;9;55;0;22;6127199;6816049;10673912;329815;6162093;11787000;435122;0;5722
FR;2;2022-11-18;3;4;7;41;4;6;44;0;10;6127202;6816053;10673919;329856;6162097;11787006;435166;0;5732
FR;2;2022-11-19;3;3;2;25;3;3;18;0;5;6127205;6816056;10673921;329881;6162100;11787009;435184;0;5737
FR;2;2022-11-20;0;2;6;9;2;6;10;0;26;6127205;6816058;10673927;329890;6162102;11787015;435194;0;5763
FR;2;2022-11-21;6;10;9;31;7;8;34;0;22;6127211;6816068;10673936;329921;6162109;11787023;435228;0;5785
FR;2;2022-11-22;8;8;20;65;6;21;70;0;71;6127219;6816076;10673956;329986;6162115;11787044;435298;0;5856
FR;2;2022-11-23;7;6;8;68;3;5;73;0;8;6127226;6816082;10673964;330054;6162118;11787049;435371;0;5864
FR;2;2022-11-24;2;2;11;50;2;7;57;0;10;6127228;6816084;10673975;330104;6162120;11787056;435428;0;5874
FR;2;2022-11-25;11;8;14;25;11;14;26;0;8;6127239;6816092;10673989;330129;6162131;11787070;435454;0;5882
FR;2;2022-11-26;1;5;4;8;4;7;6;0;0;6127240;6816097;10673993;330137;6162135;11787077;435460;0;5882
FR;2;2022-11-27;2;2;12;2;0;11;4;0;1;6127242;6816099;10674005;330139;6162135;11787088;435464;0;5883
FR;2;2022-11-28;0;2;8;35;1;6;37;0;5;6127242;6816101;10674013;330174;6162136;11787094;435501;0;5888
FR;2;2022-11-29;1;1;10;24;0;4;30;0;8;6127243;6816102;10674023;330198;6162136;11787098;435531;0;5896
FR;2;2022-11-30;2;2;10;47;1;11;44;0;21;6127245;6816104;10674033;330245;6162137;11787109;435575;0;5917
FR;2;2022-12-01;2;12;6;63;9;13;55;0;24;6127247;6816116;10674039;330308;6162146;11787122;435630;0;5941
FR;2;2022-12-02;1;2;12;51;2;10;51;0;27;6127248;6816118;10674051;330359;6162148;11787132;435681;0;5968
FR;2;2022-12-03;1;4;8;19;2;8;18;0;10;6127249;6816122;10674059;330378;6162150;11787140;435699;0;5978
FR;2;2022-12-04;0;0;0;4;0;0;4;0;2;6127249;6816122;10674059;330382;6162150;11787140;435703;0;5980
FR;2;2022-12-05;3;5;8;51;8;4;45;0;16;6127252;6816127;10674067;330433;6162158;11787144;435748;0;5996
FR;2;2022-12-06;3;5;14;45;4;6;48;0;17;6127255;6816132;10674081;330478;6162162;11787150;435796;0;6013
FR;2;2022-12-07;1;5;9;42;3;8;44;0;11;6127256;6816137;10674090;330520;6162165;11787158;435840;0;6024
FR;2;2022-12-08;0;2;11;44;0;6;49;0;16;6127256;6816139;10674101;330564;6162165;11787164;435889;0;6040
FR;2;2022-12-09;0;1;13;52;0;9;57;0;17;6127256;6816140;10674114;330616;6162165;11787173;435946;0;6057
FR;2;2022-12-10;0;3;15;50;1;6;52;0;9;6127256;6816143;10674129;330666;6162166;11787179;435998;0;6066
FR;2;2022-12-11;0;0;2;2;0;2;1;0;3;6127256;6816143;10674131;330668;6162166;11787181;435999;0;6069
FR;2;2022-12-12;1;0;6;37;0;6;36;0;11;6127257;6816143;10674137;330705;6162166;11787187;436035;0;6080
FR;2;2022-12-13;0;3;2;37;2;1;37;0;14;6127257;6816146;10674139;330742;6162168;11787188;436072;0;6094
FR;2;2022-12-14;0;5;8;26;5;3;31;0;14;6127257;6816151;10674147;330768;6162173;11787191;436103;0;6108
FR;2;2022-12-15;0;5;12;43;5;9;44;0;17;6127257;6816156;10674159;330811;6162178;11787200;436147;0;6125
FR;2;2022-12-16;2;4;27;56;3;20;62;0;16;6127259;6816160;10674186;330867;6162181;11787220;436209;0;6141
FR;2;2022-12-17;1;4;10;44;3;6;39;0;5;6127260;6816164;10674196;330911;6162184;11787226;436248;0;6146
FR;2;2022-12-18;1;0;0;0;0;0;0;0;1;6127261;6816164;10674196;330911;6162184;11787226;436248;0;6147
FR;2;2022-12-19;6;5;4;31;6;5;24;0;24;6127267;6816169;10674200;330942;6162190;11787231;436272;0;6171
FR;2;2022-12-20;0;4;6;37;2;7;38;0;24;6127267;6816173;10674206;330979;6162192;11787238;436310;0;6195
FR;2;2022-12-21;0;1;4;13;1;4;13;0;8;6127267;6816174;10674210;330992;6162193;11787242;436323;0;6203
FR;2;2022-12-22;0;5;17;32;2;6;45;0;10;6127267;6816179;10674227;331024;6162195;11787248;436368;0;6213
FR;2;2022-12-23;1;5;15;18;3;12;22;0;4;6127268;6816184;10674242;331042;6162198;11787260;436390;0;6217
FR;2;2022-12-24;0;0;1;1;0;1;1;0;0;6127268;6816184;10674243;331043;6162198;11787261;436391;0;6217
FR;2;2022-12-25;0;1;1;3;0;1;4;0;0;6127268;6816185;10674244;331046;6162198;11787262;436395;0;6217
FR;2;2022-12-26;0;0;7;11;0;5;11;0;3;6127268;6816185;10674251;331057;6162198;11787267;436406;0;6220
FR;2;2022-12-27;0;1;7;5;1;5;7;0;4;6127268;6816186;10674258;331062;6162199;11787272;436413;0;6224
FR;2;2022-12-28;0;2;4;13;2;3;14;0;5;6127268;6816188;10674262;331075;6162201;11787275;436427;0;6229
FR;2;2022-12-29;1;2;4;18;1;5;18;0;7;6127269;6816190;10674266;331093;6162202;11787280;436445;0;6236
FR;2;2022-12-30;1;0;2;8;0;2;7;0;1;6127270;6816190;10674268;331101;6162202;11787282;436452;0;6237
FR;2;2022-12-31;0;0;1;2;0;1;2;0;1;6127270;6816190;10674269;331103;6162202;11787283;436454;0;6238
FR;2;2023-01-01;0;0;0;0;0;0;0;0;0;6127270;6816190;10674269;331103;6162202;11787283;436454;0;6238
FR;2;2023-01-02;5;3;9;21;2;7;23;0;2;6127275;6816193;10674278;331124;6162204;11787290;436477;0;6240
FR;2;2023-01-03;1;0;6;13;0;7;11;0;6;6127276;6816193;10674284;331137;6162204;11787297;436488;0;6246
FR;2;2023-01-04;1;2;9;13;3;7;13;0;6;6127277;6816195;10674293;331150;6162207;11787304;436501;0;6252
FR;2;2023-01-05;0;2;7;6;2;4;7;0;3;6127277;6816197;10674300;331156;6162209;11787308;436508;0;6255
FR;2;2023-01-06;1;0;9;9;0;4;13;0;9;6127278;6816197;10674309;331165;6162209;11787312;436521;0;6264
FR;2;2023-01-07;0;0;4;10;0;4;8;0;5;6127278;6816197;10674313;331175;6162209;11787316;436529;0;6269
FR;2;2023-01-08;0;0;3;3;0;3;3;0;2;6127278;6816197;10674316;331178;6162209;11787319;436532;0;6271
FR;2;2023-01-09;0;2;8;9;2;3;13;0;5;6127278;6816199;10674324;331187;6162211;11787322;436545;0;6276
FR;2;2023-01-10;0;5;4;8;4;3;10;0;6;6127278;6816204;10674328;331195;6162215;11787325;436555;0;6282
FR;2;2023-01-11;3;0;4;7;0;3;9;0;3;6127281;6816204;10674332;331202;6162215;11787328;436564;0;6285
FR;2;2023-01-12;1;0;9;13;0;7;10;0;11;6127282;6816204;10674341;331215;6162215;11787335;436574;0;6296
FR;2;2023-01-13;0;1;5;7;1;3;10;0;3;6127282;6816205;10674346;331222;6162216;11787338;436584;0;6299
FR;2;2023-01-14;0;1;2;6;0;3;6;0;1;6127282;6816206;10674348;331228;6162216;11787341;436590;0;6300
FR;2;2023-01-15;0;0;0;0;0;0;0;0;0;6127282;6816206;10674348;331228;6162216;11787341;436590;0;6300
FR;2;2023-01-16;1;1;5;6;2;2;7;0;1;6127283;6816207;10674353;331234;6162218;11787343;436597;0;6301
FR;2;2023-01-17;1;0;5;4;0;5;3;0;0;6127284;6816207;10674358;331238;6162218;11787348;436600;0;6301
FR;2;2023-01-18;0;0;3;2;0;3;2;0;0;6127284;6816207;10674361;331240;6162218;11787351;436602;0;6301
FR;2;2023-01-19;0;0;1;6;0;1;6;0;6;6127284;6816207;10674362;331246;6162218;11787352;436608;0;6307
FR;2;2023-01-20;0;0;1;8;0;1;8;0;4;6127284;6816207;10674363;331254;6162218;11787353;436616;0;6311
FR;2;2023-01-21;0;0;0;3;0;0;0;0;0;6127284;6816207;10674363;331257;6162218;11787353;436616;0;6311
FR;2;2023-01-22;0;0;0;0;0;0;0;0;0;6127284;6816207;10674363;331257;6162218;11787353;436616;0;6311
FR;2;2023-01-23;0;0;3;3;0;2;3;0;1;6127284;6816207;10674366;331260;6162218;11787355;436619;0;6312
FR;2;2023-01-24;1;3;1;6;3;0;7;0;4;6127285;6816210;10674367;331266;6162221;11787355;436626;0;6316
FR;2;2023-01-25;1;0;0;6;1;0;6;0;0;6127286;6816210;10674367;331272;6162222;11787355;436632;0;6316
FR;2;2023-01-26;1;0;3;7;0;1;9;0;3;6127287;6816210;10674370;331279;6162222;11787356;436641;0;6319
FR;2;2023-01-27;0;2;3;3;1;2;3;0;2;6127287;6816212;10674373;331282;6162223;11787358;436644;0;6321
FR;2;2023-01-28;0;0;0;1;0;0;1;0;0;6127287;6816212;10674373;331283;6162223;11787358;436645;0;6321
FR;2;2023-01-29;0;0;1;0;0;0;1;0;0;6127287;6816212;10674374;331283;6162223;11787358;436646;0;6321
FR;2;2023-01-30;0;1;2;3;1;1;4;0;1;6127287;6816213;10674376;331286;6162224;11787359;436650;0;6322
FR;2;2023-01-31;1;0;3;2;0;2;3;0;0;6127288;6816213;10674379;331288;6162224;11787361;436653;0;6322
FR;2;2023-02-01;0;3;2;0;2;3;0;0;0;6127288;6816216;10674381;331288;6162226;11787364;436653;0;6322
FR;2;2023-02-02;0;2;3;4;1;4;6;0;4;6127288;6816218;10674384;331292;6162227;11787368;436659;0;6326
FR;2;2023-02-03;0;2;1;12;2;0;11;0;9;6127288;6816220;10674385;331304;6162229;11787368;436670;0;6335
FR;2;2023-02-04;0;1;1;0;0;2;0;0;0;6127288;6816221;10674386;331304;6162229;11787370;436670;0;6335
FR;2;2023-02-05;0;0;0;0;0;0;0;0;0;6127288;6816221;10674386;331304;6162229;11787370;436670;0;6335
FR;2;2023-02-06;0;3;2;2;2;3;2;0;0;6127288;6816224;10674388;331306;6162231;11787373;436672;0;6335
FR;2;2023-02-07;2;1;0;0;0;1;0;0;1;6127290;6816225;10674388;331306;6162231;11787374;436672;0;6336
FR;2;2023-02-08;0;0;3;2;0;2;4;0;1;6127290;6816225;10674391;331308;6162231;11787376;436676;0;6337
FR;2;2023-02-09;0;0;1;4;0;2;3;0;3;6127290;6816225;10674392;331312;6162231;11787378;436679;0;6340
FR;2;2023-02-10;0;0;1;3;0;1;2;0;6;6127290;6816225;10674393;331315;6162231;11787379;436681;0;6346
FR;2;2023-02-11;2;2;1;1;0;2;2;0;0;6127292;6816227;10674394;331316;6162231;11787381;436683;0;6346
FR;2;2023-02-12;0;0;0;0;0;0;0;0;0;6127292;6816227;10674394;331316;6162231;11787381;436683;0;6346
FR;2;2023-02-13;3;0;1;5;0;0;5;0;1;6127295;6816227;10674395;331321;6162231;11787381;436688;0;6347
FR;2;2023-02-14;1;2;1;1;2;0;2;0;0;6127296;6816229;10674396;331322;6162233;11787381;436690;0;6347
FR;2;2023-02-15;2;0;1;1;0;1;1;0;0;6127298;6816229;10674397;331323;6162233;11787382;436691;0;6347
FR;2;2023-02-16;3;1;2;1;1;1;2;0;2;6127301;6816230;10674399;331324;6162234;11787383;436693;0;6349
FR;2;2023-02-17;0;0;1;4;0;1;3;0;4;6127301;6816230;10674400;331328;6162234;11787384;436696;0;6353
FR;2;2023-02-18;0;0;4;1;0;4;0;0;1;6127301;6816230;10674404;331329;6162234;11787388;436696;0;6354
FR;2;2023-02-19;0;1;0;0;1;0;0;0;0;6127301;6816231;10674404;331329;6162235;11787388;436696;0;6354
FR;2;2023-02-20;1;0;0;1;0;0;1;0;2;6127302;6816231;10674404;331330;6162235;11787388;436697;0;6356
FR;2;2023-02-21;0;0;0;1;0;0;1;0;2;6127302;6816231;10674404;331331;6162235;11787388;436698;0;6358
FR;2;2023-02-22;1;0;0;3;0;0;3;0;0;6127303;6816231;10674404;331334;6162235;11787388;436701;0;6358
FR;2;2023-02-23;0;0;0;1;0;0;1;0;3;6127303;6816231;10674404;331335;6162235;11787388;436702;0;6361
FR;2;2023-02-24;1;0;1;2;0;0;3;0;0;6127304;6816231;10674405;331337;6162235;11787388;436705;0;6361
FR;2;2023-02-25;0;0;1;2;0;1;2;0;0;6127304;6816231;10674406;331339;6162235;11787389;436707;0;6361
FR;2;2023-02-26;0;0;0;0;0;0;0;0;0;6127304;6816231;10674406;331339;6162235;11787389;436707;0;6361
FR;2;2023-02-27;1;0;1;1;1;1;1;0;0;6127305;6816231;10674407;331340;6162236;11787390;436708;0;6361
FR;2;2023-02-28;1;0;0;0;0;0;0;0;2;6127306;6816231;10674407;331340;6162236;11787390;436708;0;6363
FR;2;2023-03-01;0;2;3;2;1;3;1;0;1;6127306;6816233;10674410;331342;6162237;11787393;436709;0;6364
FR;2;2023-03-02;0;2;2;1;2;1;1;0;1;6127306;6816235;10674412;331343;6162239;11787394;436710;0;6365
FR;2;2023-03-03;1;0;3;1;0;3;1;0;0;6127307;6816235;10674415;331344;6162239;11787397;436711;0;6365
FR;2;2023-03-04;0;0;1;0;0;1;0;0;0;6127307;6816235;10674416;331344;6162239;11787398;436711;0;6365
FR;2;2023-03-05;0;0;0;0;0;0;0;0;0;6127307;6816235;10674416;331344;6162239;11787398;436711;0;6365
FR;2;2023-03-06;0;0;2;1;0;1;2;0;2;6127307;6816235;10674418;331345;6162239;11787399;436713;0;6367
FR;2;2023-03-07;0;1;2;1;1;2;1;0;1;6127307;6816236;10674420;331346;6162240;11787401;436714;0;6368
FR;2;2023-03-08;0;0;0;0;0;0;0;0;2;6127307;6816236;10674420;331346;6162240;11787401;436714;0;6370
FR;2;2023-03-09;0;0;1;1;0;0;2;0;0;6127307;6816236;10674421;331347;6162240;11787401;436716;0;6370
FR;2;2023-03-10;0;0;1;0;0;1;0;0;0;6127307;6816236;10674422;331347;6162240;11787402;436716;0;6370
FR;2;2023-03-11;0;0;4;1;0;3;2;0;0;6127307;6816236;10674426;331348;6162240;11787405;436718;0;6370
FR;2;2023-03-12;0;0;0;0;0;0;0;0;0;6127307;6816236;10674426;331348;6162240;11787405;436718;0;6370
FR;2;2023-03-13;0;0;1;3;0;1;3;0;0;6127307;6816236;10674427;331351;6162240;11787406;436721;0;6370
FR;2;2023-03-14;1;0;0;0;0;0;0;0;0;6127308;6816236;10674427;331351;6162240;11787406;436721;0;6370
FR;2;2023-03-15;0;1;0;3;1;0;3;0;0;6127308;6816237;10674427;331354;6162241;11787406;436724;0;6370
FR;2;2023-03-16;0;1;0;0;1;0;1;0;0;6127308;6816238;10674427;331354;6162242;11787406;436725;0;6370
FR;2;2023-03-17;0;0;1;1;0;1;0;0;0;6127308;6816238;10674428;331355;6162242;11787407;436725;0;6370
FR;2;2023-03-18;0;0;7;0;0;7;0;0;1;6127308;6816238;10674435;331355;6162242;11787414;436725;0;6371
FR;2;2023-03-19;0;0;0;0;0;0;0;0;0;6127308;6816238;10674435;331355;6162242;11787414;436725;0;6371
FR;2;2023-03-20;0;0;1;0;0;1;0;0;0;6127308;6816238;10674436;331355;6162242;11787415;436725;0;6371
FR;2;2023-03-21;0;0;1;2;0;1;2;0;1;6127308;6816238;10674437;331357;6162242;11787416;436727;0;6372
FR;2;2023-03-22;0;0;0;0;0;0;0;0;1;6127308;6816238;10674437;331357;6162242;11787416;436727;0;6373
FR;2;2023-03-23;0;1;0;0;1;0;0;0;1;6127308;6816239;10674437;331357;6162243;11787416;436727;0;6374
FR;2;2023-03-24;0;1;0;2;1;0;2;0;2;6127308;6816240;10674437;331359;6162244;11787416;436729;0;6376
FR;2;2023-03-25;0;0;1;2;0;1;2;0;0;6127308;6816240;10674438;331361;6162244;11787417;436731;0;6376
FR;2;2023-03-26;0;2;1;0;2;1;0;0;0;6127308;6816242;10674439;331361;6162246;11787418;436731;0;6376
FR;2;2023-03-27;0;2;2;0;2;2;0;0;1;6127308;6816244;10674441;331361;6162248;11787420;436731;0;6377
FR;2;2023-03-28;0;0;0;0;0;0;0;0;1;6127308;6816244;10674441;331361;6162248;11787420;436731;0;6378
FR;2;2023-03-29;0;0;0;2;0;0;2;0;0;6127308;6816244;10674441;331363;6162248;11787420;436733;0;6378
FR;2;2023-03-30;0;0;0;0;0;0;0;0;0;6127308;6816244;10674441;331363;6162248;11787420;436733;0;6378
FR;2;2023-03-31;0;1;0;1;1;0;1;0;0;6127308;6816245;10674441;331364;6162249;11787420;436734;0;6378
FR;2;2023-04-01;0;0;1;0;0;0;1;0;0;6127308;6816245;10674442;331364;6162249;11787420;436735;0;6378
FR;2;2023-04-02;0;0;0;0;0;0;0;0;0;6127308;6816245;10674442;331364;6162249;11787420;436735;0;6378
FR;2;2023-04-03;0;1;2;2;1;2;2;0;1;6127308;6816246;10674444;331366;6162250;11787422;436737;0;6379
FR;2;2023-04-04;0;0;0;2;0;0;2;0;0;6127308;6816246;10674444;331368;6162250;11787422;436739;0;6379
FR;2;2023-04-05;0;0;0;0;0;0;0;0;0;6127308;6816246;10674444;331368;6162250;11787422;436739;0;6379
FR;2;2023-04-06;0;1;0;0;1;0;0;0;0;6127308;6816247;10674444;331368;6162251;11787422;436739;0;6379
FR;2;2023-04-07;0;0;0;1;0;0;1;0;0;6127308;6816247;10674444;331369;6162251;11787422;436740;0;6379
FR;2;2023-04-08;0;0;0;0;0;0;0;0;0;6127308;6816247;10674444;331369;6162251;11787422;436740;0;6379
FR;2;2023-04-09;0;0;1;0;0;1;0;0;0;6127308;6816247;10674445;331369;6162251;11787423;436740;0;6379
FR;2;2023-04-10;0;2;0;0;1;1;0;0;0;6127308;6816249;10674445;331369;6162252;11787424;436740;0;6379
FR;2;2023-04-11;0;0;0;0;0;0;0;0;1;6127308;6816249;10674445;331369;6162252;11787424;436740;0;6380
FR;2;2023-04-12;0;0;0;0;0;0;0;0;0;6127308;6816249;10674445;331369;6162252;11787424;436740;0;6380
FR;2;2023-04-13;0;0;2;1;0;2;0;0;0;6127308;6816249;10674447;331370;6162252;11787426;436740;0;6380
FR;2;2023-04-14;0;1;0;1;1;0;1;0;0;6127308;6816250;10674447;331371;6162253;11787426;436741;0;6380
FR;2;2023-04-15;0;0;0;0;0;0;0;0;0;6127308;6816250;10674447;331371;6162253;11787426;436741;0;6380
FR;2;2023-04-16;0;0;0;0;0;0;0;0;0;6127308;6816250;10674447;331371;6162253;11787426;436741;0;6380
FR;2;2023-04-17;1;1;0;0;2;0;0;0;0;6127309;6816251;10674447;331371;6162255;11787426;436741;0;6380
FR;2;2023-04-18;0;0;1;2;0;1;2;0;0;6127309;6816251;10674448;331373;6162255;11787427;436743;0;6380
FR;2;2023-04-19;0;0;0;0;0;0;2;0;0;6127309;6816251;10674448;331373;6162255;11787427;436745;0;6380
FR;2;2023-04-20;0;0;1;1;0;1;1;0;0;6127309;6816251;10674449;331374;6162255;11787428;436746;0;6380
FR;2;2023-04-21;0;0;0;0;0;0;0;0;0;6127309;6816251;10674449;331374;6162255;11787428;436746;0;6380
FR;2;2023-04-22;0;0;0;2;0;0;0;0;2;6127309;6816251;10674449;331376;6162255;11787428;436746;0;6382
FR;2;2023-04-23;0;0;0;0;0;0;0;0;0;6127309;6816251;10674449;331376;6162255;11787428;436746;0;6382
FR;2;2023-04-24;0;0;1;0;0;0;1;0;0;6127309;6816251;10674450;331376;6162255;11787428;436747;0;6382
FR;2;2023-04-25;0;0;0;0;0;0;0;0;0;6127309;6816251;10674450;331376;6162255;11787428;436747;0;6382
FR;2;2023-04-26;0;1;0;0;0;1;0;0;0;6127309;6816252;10674450;331376;6162255;11787429;436747;0;6382
FR;2;2023-04-27;0;0;0;0;0;0;0;0;1;6127309;6816252;10674450;331376;6162255;11787429;436747;0;6383
FR;2;2023-04-28;0;0;0;0;0;0;0;0;2;6127309;6816252;10674450;331376;6162255;11787429;436747;0;6385
FR;2;2023-04-29;0;0;0;1;0;0;1;0;0;6127309;6816252;10674450;331377;6162255;11787429;436748;0;6385
FR;2;2023-04-30;0;0;0;0;0;0;0;0;0;6127309;6816252;10674450;331377;6162255;11787429;436748;0;6385
FR;2;2023-05-01;0;1;0;0;1;0;0;0;0;6127309;6816253;10674450;331377;6162256;11787429;436748;0;6385
FR;2;2023-05-02;0;0;3;1;0;3;1;0;2;6127309;6816253;10674453;331378;6162256;11787432;436749;0;6387
FR;2;2023-05-03;0;1;0;0;0;1;0;0;0;6127309;6816254;10674453;331378;6162256;11787433;436749;0;6387
FR;2;2023-05-04;0;0;0;1;0;0;1;0;0;6127309;6816254;10674453;331379;6162256;11787433;436750;0;6387
FR;2;2023-05-05;0;0;1;1;0;1;1;0;0;6127309;6816254;10674454;331380;6162256;11787434;436751;0;6387
FR;2;2023-05-06;0;0;0;0;0;0;0;0;0;6127309;6816254;10674454;331380;6162256;11787434;436751;0;6387
FR;2;2023-05-07;0;0;0;0;0;0;0;0;0;6127309;6816254;10674454;331380;6162256;11787434;436751;0;6387
FR;2;2023-05-08;0;0;0;0;0;0;0;0;0;6127309;6816254;10674454;331380;6162256;11787434;436751;0;6387
FR;2;2023-05-09;0;1;0;0;0;1;0;0;0;6127309;6816255;10674454;331380;6162256;11787435;436751;0;6387
FR;2;2023-05-10;0;0;0;0;0;0;0;0;2;6127309;6816255;10674454;331380;6162256;11787435;436751;0;6389
FR;2;2023-05-11;0;0;0;0;0;0;0;0;1;6127309;6816255;10674454;331380;6162256;11787435;436751;0;6390
FR;2;2023-05-12;0;0;0;0;0;0;0;0;0;6127309;6816255;10674454;331380;6162256;11787435;436751;0;6390
FR;2;2023-05-13;0;0;0;0;0;0;0;0;0;6127309;6816255;10674454;331380;6162256;11787435;436751;0;6390
FR;2;2023-05-14;0;0;0;0;0;0;0;0;0;6127309;6816255;10674454;331380;6162256;11787435;436751;0;6390
FR;2;2023-05-15;0;0;1;0;0;1;0;0;0;6127309;6816255;10674455;331380;6162256;11787436;436751;0;6390
FR;3;2020-12-27;0;0;0;0;0;0;0;0;0;0;0;0;0;0;0;0;0;0
FR;3;2020-12-28;0;0;0;0;0;0;0;0;0;0;0;0;0;0;0;0;0;0
FR;3;2020-12-29;0;0;0;0;0;0;0;0;0;0;0;0;0;0;0;0;0;0
FR;3;2020-12-30;0;0;0;0;0;0;0;0;0;0;0;0;0;0;0;0;0;0
FR;3;2020-12-31;0;0;0;0;0;0;0;0;0;0;0;0;0;0;0;0;0;0
FR;3;2021-01-01;0;0;0;0;0;0;0;0;0;0;0;0;0;0;0;0;0;0
FR;3;2021-01-02;0;0;0;0;0;0;0;0;0;0;0;0;0;0;0;0;0;0
FR;3;2021-01-03;0;0;0;0;0;0;0;0;0;0;0;0;0;0;0;0;0;0
FR;3;2021-01-04;0;0;0;0;0;0;0;0;0;0;0;0;0;0;0;0;0;0
FR;3;2021-01-05;0;0;0;0;0;0;0;0;0;0;0;0;0;0;0;0;0;0
FR;3;2021-01-06;0;0;0;0;0;0;0;0;0;0;0;0;0;0;0;0;0;0
FR;3;2021-01-07;0;0;0;0;0;0;0;0;0;0;0;0;0;0;0;0;0;0
FR;3;2021-01-08;0;0;0;0;0;0;0;0;0;0;0;0;0;0;0;0;0;0
FR;3;2021-01-09;0;0;0;0;0;0;0;0;0;0;0;0;0;0;0;0;0;0
FR;3;2021-01-10;0;0;0;0;0;0;0;0;0;0;0;0;0;0;0;0;0;0
FR;3;2021-01-11;0;0;0;0;0;0;0;0;0;0;0;0;0;0;0;0;0;0
FR;3;2021-01-12;0;0;0;0;0;0;0;0;0;0;0;0;0;0;0;0;0;0
FR;3;2021-01-13;0;0;0;0;0;0;0;0;0;0;0;0;0;0;0;0;0;0
FR;3;2021-01-14;0;0;0;0;0;0;0;0;0;0;0;0;0;0;0;0;0;0
FR;3;2021-01-15;0;0;0;0;0;0;0;0;0;0;0;0;0;0;0;0;0;0
FR;3;2021-01-16;0;0;0;0;0;0;0;0;0;0;0;0;0;0;0;0;0;0
FR;3;2021-01-17;0;0;0;0;0;0;0;0;0;0;0;0;0;0;0;0;0;0
FR;3;2021-01-18;0;0;0;0;0;0;0;0;0;0;0;0;0;0;0;0;0;0
FR;3;2021-01-19;0;0;0;0;0;0;0;0;0;0;0;0;0;0;0;0;0;0
FR;3;2021-01-20;0;0;0;0;0;0;0;0;0;0;0;0;0;0;0;0;0;0
FR;3;2021-01-21;0;0;0;0;0;0;0;0;0;0;0;0;0;0;0;0;0;0
FR;3;2021-01-22;0;0;0;0;0;0;0;0;0;0;0;0;0;0;0;0;0;0
FR;3;2021-01-23;0;0;0;0;0;0;0;0;0;0;0;0;0;0;0;0;0;0
FR;3;2021-01-24;0;0;0;0;0;0;0;0;0;0;0;0;0;0;0;0;0;0
FR;3;2021-01-25;0;0;0;0;0;0;0;0;0;0;0;0;0;0;0;0;0;0
FR;3;2021-01-26;0;0;0;0;0;0;0;0;0;0;0;0;0;0;0;0;0;0
FR;3;2021-01-27;0;0;0;0;0;0;0;0;0;0;0;0;0;0;0;0;0;0
FR;3;2021-01-28;0;0;0;0;0;0;0;0;0;0;0;0;0;0;0;0;0;0
FR;3;2021-01-29;0;0;0;0;0;0;0;0;0;0;0;0;0;0;0;0;0;0
FR;3;2021-01-30;0;0;0;0;0;0;0;0;0;0;0;0;0;0;0;0;0;0
FR;3;2021-01-31;0;0;0;0;0;0;0;0;0;0;0;0;0;0;0;0;0;0
FR;3;2021-02-01;0;0;0;0;0;0;0;0;0;0;0;0;0;0;0;0;0;0
FR;3;2021-02-02;0;0;0;0;0;0;0;0;0;0;0;0;0;0;0;0;0;0
FR;3;2021-02-03;0;0;0;0;0;0;0;0;0;0;0;0;0;0;0;0;0;0
FR;3;2021-02-04;0;0;0;0;0;0;0;0;0;0;0;0;0;0;0;0;0;0
FR;3;2021-02-05;0;0;0;0;0;0;0;0;0;0;0;0;0;0;0;0;0;0
FR;3;2021-02-06;1474;0;0;0;105;0;0;0;0;1474;0;0;0;105;0;0;0;0
FR;3;2021-02-07;1423;2;0;0;87;0;0;0;0;2897;2;0;0;192;0;0;0;0
FR;3;2021-02-08;2789;1;0;0;177;0;0;0;0;5686;3;0;0;369;0;0;0;0
FR;3;2021-02-09;6786;0;0;0;502;0;0;0;0;12472;3;0;0;871;0;0;0;0
FR;3;2021-02-10;9612;0;0;0;695;0;0;0;0;22084;3;0;0;1566;0;0;0;0
FR;3;2021-02-11;13620;4;0;0;919;0;0;0;0;35704;7;0;0;2485;0;0;0;0
FR;3;2021-02-12;13410;0;0;0;907;0;0;0;0;49114;7;0;0;3392;0;0;0;0
FR;3;2021-02-13;3800;1;0;0;218;0;0;0;0;52914;8;0;0;3610;0;0;0;0
FR;3;2021-02-14;975;1;0;0;53;0;0;0;0;53889;9;0;0;3663;0;0;0;0
FR;3;2021-02-15;10497;2;0;0;719;0;0;0;0;64386;11;0;0;4382;0;0;0;0
FR;3;2021-02-16;12556;5;0;0;871;0;0;0;0;76942;16;0;0;5253;0;0;0;0
FR;3;2021-02-17;11159;1;0;0;717;0;0;0;0;88101;17;0;0;5970;0;0;0;0
FR;3;2021-02-18;14943;2;0;0;985;0;0;0;0;103044;19;0;0;6955;0;0;0;0
FR;3;2021-02-19;14364;1;0;0;846;0;0;0;0;117408;20;0;0;7801;0;0;0;0
FR;3;2021-02-20;3332;0;0;0;178;0;0;0;0;120740;20;0;0;7979;0;0;0;0
FR;3;2021-02-21;620;0;0;0;35;0;0;0;0;121360;20;0;0;8014;0;0;0;0
FR;3;2021-02-22;9171;1;0;0;654;0;0;0;0;130531;21;0;0;8668;0;0;0;0
FR;3;2021-02-23;11406;6;0;0;761;0;0;0;0;141937;27;0;0;9429;0;0;0;0
FR;3;2021-02-24;14305;1;0;0;829;0;0;0;0;156242;28;0;0;10258;0;0;0;0
FR;3;2021-02-25;44935;3;0;0;1814;0;0;0;0;201177;31;0;0;12072;0;0;0;0
FR;3;2021-02-26;61889;13;0;0;2201;0;0;0;0;263066;44;0;0;14273;0;0;0;0
FR;3;2021-02-27;34811;14;0;0;1028;0;0;0;0;297877;58;0;0;15301;0;0;0;0
FR;3;2021-02-28;2464;0;0;0;114;0;0;0;0;300341;58;0;0;15415;0;0;0;0
FR;3;2021-03-01;20521;21;0;0;1067;0;0;0;0;320862;79;0;0;16482;0;0;0;0
FR;3;2021-03-02;38878;25;0;0;1790;0;0;0;0;359740;104;0;0;18272;0;0;0;0
FR;3;2021-03-03;48750;18;0;0;2130;0;0;0;0;408490;122;0;0;20402;0;0;0;0
FR;3;2021-03-04;82229;25;0;0;3194;0;0;0;0;490719;147;0;0;23596;0;0;0;0
FR;3;2021-03-05;118138;43;0;0;4693;0;0;0;0;608857;190;0;0;28289;0;0;0;0
FR;3;2021-03-06;120727;65;1;0;3559;0;0;0;0;729584;255;1;0;31848;0;0;0;0
FR;3;2021-03-07;55186;23;0;0;1729;0;0;0;0;784770;278;1;0;33577;0;0;0;0
FR;3;2021-03-08;42814;29;0;0;2074;0;0;0;0;827584;307;1;0;35651;0;0;0;0
FR;3;2021-03-09;78978;51;0;0;3288;0;0;0;0;906562;358;1;0;38939;0;0;0;0
FR;3;2021-03-10;80985;67;0;0;3243;0;0;0;0;987547;425;1;0;42182;0;0;0;0
FR;3;2021-03-11;128447;66;0;0;4766;0;0;0;0;1115994;491;1;0;46948;0;0;0;0
FR;3;2021-03-12;182719;122;0;0;6279;0;0;0;0;1298713;613;1;0;53227;0;0;0;0
FR;3;2021-03-13;132160;91;0;0;3530;0;0;0;0;1430873;704;1;0;56757;0;0;0;0
FR;3;2021-03-14;14061;6;0;0;550;0;0;0;0;1444934;710;1;0;57307;0;0;0;0
FR;3;2021-03-15;52243;82;0;0;2097;0;0;0;0;1497177;792;1;0;59404;0;0;0;0
FR;3;2021-03-16;1221;51;0;0;105;0;0;0;0;1498398;843;1;0;59509;0;0;0;0
FR;3;2021-03-17;950;56;0;0;95;0;0;0;0;1499348;899;1;0;59604;0;0;0;0
FR;3;2021-03-18;1577;42;0;0;102;0;0;0;0;1500925;941;1;0;59706;0;0;0;0
FR;3;2021-03-19;70458;56;0;0;2060;0;0;0;0;1571383;997;1;0;61766;0;0;0;0
FR;3;2021-03-20;65242;51;0;0;1702;0;0;0;0;1636625;1048;1;0;63468;0;0;0;0
FR;3;2021-03-21;5761;8;0;0;199;0;0;0;0;1642386;1056;1;0;63667;0;0;0;0
FR;3;2021-03-22;37511;50;0;0;1053;0;0;0;0;1679897;1106;1;0;64720;0;0;0;0
FR;3;2021-03-23;84670;87;0;0;2288;0;0;0;0;1764567;1193;1;0;67008;0;0;0;0
FR;3;2021-03-24;90955;99;0;0;2491;0;0;0;0;1855522;1292;1;0;69499;0;0;0;0
FR;3;2021-03-25;150068;149;0;0;3792;0;0;0;0;2005590;1441;1;0;73291;0;0;0;0
FR;3;2021-03-26;165431;157;0;0;4148;0;0;0;0;2171021;1598;1;0;77439;0;0;0;0
FR;3;2021-03-27;68465;101;0;0;2004;0;0;0;0;2239486;1699;1;0;79443;0;0;0;0
FR;3;2021-03-28;6481;20;0;0;238;0;0;0;0;2245967;1719;1;0;79681;0;0;0;0
FR;3;2021-03-29;54171;83;0;0;1480;0;0;0;0;2300138;1802;1;0;81161;0;0;0;0
FR;3;2021-03-30;93185;103;0;0;2564;0;0;0;0;2393323;1905;1;0;83725;0;0;0;0
FR;3;2021-03-31;63547;110;0;0;1964;0;0;0;0;2456870;2015;1;0;85689;0;0;0;0
FR;3;2021-04-01;86136;116;0;0;2496;0;0;0;0;2543006;2131;1;0;88185;0;0;0;0
FR;3;2021-04-02;86915;186;0;0;2766;0;0;0;0;2629921;2317;1;0;90951;0;0;0;0
FR;3;2021-04-03;35876;133;0;0;1164;0;0;0;0;2665797;2450;1;0;92115;0;0;0;0
FR;3;2021-04-04;3577;19;0;0;164;0;0;0;0;2669374;2469;1;0;92279;0;0;0;0
FR;3;2021-04-05;4492;40;0;0;236;0;0;0;0;2673866;2509;1;0;92515;0;0;0;0
FR;3;2021-04-06;29763;105;0;0;1091;0;0;0;0;2703629;2614;1;0;93606;0;0;0;0
FR;3;2021-04-07;32350;113;0;0;1052;0;0;0;0;2735979;2727;1;0;94658;0;0;0;0
FR;3;2021-04-08;78826;274;0;0;2619;0;0;0;0;2814805;3001;1;0;97277;0;0;0;0
FR;3;2021-04-09;161764;454;0;0;5180;0;0;0;0;2976569;3455;1;0;102457;0;0;0;0
FR;3;2021-04-10;75765;365;0;0;2697;0;0;0;0;3052334;3820;1;0;105154;0;0;0;0
FR;3;2021-04-11;7316;47;0;0;306;0;0;0;0;3059650;3867;1;0;105460;0;0;0;0
FR;3;2021-04-12;51484;219;0;0;1738;0;0;0;0;3111134;4086;1;0;107198;0;0;0;0
FR;3;2021-04-13;86236;364;0;0;2911;0;0;0;0;3197370;4450;1;0;110109;0;0;0;0
FR;3;2021-04-14;67847;377;0;0;2429;0;0;0;0;3265217;4827;1;0;112538;0;0;0;0
FR;3;2021-04-15;93246;404;0;0;3442;0;0;0;0;3358463;5231;1;0;115980;0;0;0;0
FR;3;2021-04-16;112532;628;0;0;4343;0;0;0;0;3470995;5859;1;0;120323;0;0;0;0
FR;3;2021-04-17;53319;371;1;0;2277;0;0;0;0;3524314;6230;2;0;122600;0;0;0;0
FR;3;2021-04-18;9752;49;0;0;423;0;0;0;0;3534066;6279;2;0;123023;0;0;0;0
FR;3;2021-04-19;25117;287;0;0;1093;0;0;0;0;3559183;6566;2;0;124116;0;0;0;0
FR;3;2021-04-20;45676;438;0;0;1908;0;0;0;0;3604859;7004;2;0;126024;0;0;0;0
FR;3;2021-04-21;38988;552;0;0;1896;0;0;0;0;3643847;7556;2;0;127920;0;0;0;0
FR;3;2021-04-22;54723;875;0;0;2827;0;0;0;0;3698570;8431;2;0;130747;0;0;0;0
FR;3;2021-04-23;70493;1095;0;0;3697;0;0;0;0;3769063;9526;2;0;134444;0;0;0;0
FR;3;2021-04-24;37253;1101;0;0;2490;0;0;0;0;3806316;10627;2;0;136934;0;0;0;0
FR;3;2021-04-25;6213;158;0;0;446;0;0;0;0;3812529;10785;2;0;137380;0;0;0;0
FR;3;2021-04-26;19792;701;0;0;1436;0;0;0;0;3832321;11486;2;0;138816;0;0;0;0
FR;3;2021-04-27;34486;1336;0;0;2594;0;0;0;0;3866807;12822;2;0;141410;0;0;0;0
FR;3;2021-04-28;28971;2047;0;0;3164;0;0;0;0;3895778;14869;2;0;144574;0;0;0;0
FR;3;2021-04-29;45394;6127;0;0;7946;0;0;0;0;3941172;20996;2;0;152520;0;0;0;0
FR;3;2021-04-30;55465;9118;1;0;11513;0;0;0;0;3996637;30114;3;0;164033;0;0;0;0
FR;3;2021-05-01;9518;2064;0;0;2495;0;0;0;0;4006155;32178;3;0;166528;0;0;0;0
FR;3;2021-05-02;3081;466;0;0;611;0;0;0;0;4009236;32644;3;0;167139;0;0;0;0
FR;3;2021-05-03;13067;3940;0;0;4507;0;0;0;0;4022303;36584;3;0;171646;0;0;0;0
FR;3;2021-05-04;23123;8374;0;0;9441;0;0;0;0;4045426;44958;3;0;181087;0;0;0;0
FR;3;2021-05-05;18768;10832;0;0;11770;0;0;0;0;4064194;55790;3;0;192857;0;0;0;0
FR;3;2021-05-06;34632;21265;0;0;22815;0;0;0;0;4098826;77055;3;0;215672;0;0;0;0
FR;3;2021-05-07;44211;28903;0;0;31206;0;0;0;0;4143037;105958;3;0;246878;0;0;0;0
FR;3;2021-05-08;6786;9190;0;0;9556;0;0;0;0;4149823;115148;3;0;256434;0;0;0;0
FR;3;2021-05-09;1797;2667;0;0;2768;0;0;0;0;4151620;117815;3;0;259202;0;0;0;0
FR;3;2021-05-10;15001;12916;0;0;13609;0;0;0;0;4166621;130731;3;0;272811;0;0;0;0
FR;3;2021-05-11;27100;26272;0;0;27545;0;0;0;0;4193721;157003;3;0;300356;0;0;0;0
FR;3;2021-05-12;17273;28147;0;0;29085;0;0;0;0;4210994;185150;3;0;329441;0;0;0;0
FR;3;2021-05-13;2285;3511;0;0;3632;0;0;0;0;4213279;188661;3;0;333073;0;0;0;0
FR;3;2021-05-14;14521;26084;0;0;26865;0;0;0;0;4227800;214745;3;0;359938;0;0;0;0
FR;3;2021-05-15;7233;21086;0;0;21516;0;0;0;0;4235033;235831;3;0;381454;0;0;0;0
FR;3;2021-05-16;977;2649;0;0;2695;0;0;0;0;4236010;238480;3;0;384149;0;0;0;0
FR;3;2021-05-17;7967;20225;0;0;20669;0;0;0;0;4243977;258705;3;0;404818;0;0;0;0
FR;3;2021-05-18;13418;30157;0;0;30920;0;0;0;0;4257395;288862;3;0;435738;0;0;0;0
FR;3;2021-05-19;9277;30525;0;0;31119;0;0;0;0;4266672;319387;3;0;466857;0;0;0;0
FR;3;2021-05-20;12809;53832;3;0;54758;0;0;0;0;4279481;373219;6;0;521615;0;0;0;0
FR;3;2021-05-21;12771;66186;2;0;67117;0;0;0;0;4292252;439405;8;0;588732;0;0;0;0
FR;3;2021-05-22;4967;33781;1;0;34164;0;0;0;0;4297219;473186;9;0;622896;0;0;0;0
FR;3;2021-05-23;651;2663;0;0;2695;0;0;0;0;4297870;475849;9;0;625591;0;0;0;0
FR;3;2021-05-24;885;4784;0;0;4828;0;0;0;0;4298755;480633;9;0;630419;0;0;0;0
FR;3;2021-05-25;5316;46737;1;0;47144;0;0;0;0;4304071;527370;10;0;677563;0;0;0;0
FR;3;2021-05-26;4982;52191;1;0;52665;0;0;0;0;4309053;579561;11;0;730228;0;0;0;0
FR;3;2021-05-27;6338;79067;3;0;79678;0;0;0;0;4315391;658628;14;0;809906;0;0;0;0
FR;3;2021-05-28;7546;100335;2;0;101141;0;0;0;0;4322937;758963;16;0;911047;0;0;0;0
FR;3;2021-05-29;3350;61184;1;0;61566;0;0;0;0;4326287;820147;17;0;972613;0;0;0;0
FR;3;2021-05-30;551;8078;0;0;8127;0;0;0;0;4326838;828225;17;0;980740;0;0;0;0
FR;3;2021-05-31;2442;35483;3;0;35749;0;0;0;0;4329280;863708;20;0;1016489;0;0;0;0
FR;3;2021-06-01;3418;64902;10;0;65354;0;0;0;0;4332698;928610;30;0;1081843;0;0;0;0
FR;3;2021-06-02;2735;58931;6;0;59266;0;0;0;0;4335433;987541;36;0;1141109;0;0;0;0
FR;3;2021-06-03;3496;87202;10;0;87741;0;0;0;0;4338929;1074743;46;0;1228850;0;0;0;0
FR;3;2021-06-04;4125;105867;22;0;106533;0;0;0;0;4343054;1180610;68;0;1335383;0;0;0;0
FR;3;2021-06-05;1983;52608;4;0;52926;0;0;0;0;4345037;1233218;72;0;1388309;0;0;0;0
FR;3;2021-06-06;511;5269;1;0;5317;0;0;0;0;4345548;1238487;73;0;1393626;0;0;0;0
FR;3;2021-06-07;1487;30716;11;0;30897;0;0;0;0;4347035;1269203;84;0;1424523;0;0;0;0
FR;3;2021-06-08;2066;47426;18;0;47772;0;0;0;0;4349101;1316629;102;0;1472295;0;0;0;0
FR;3;2021-06-09;1796;41807;13;0;42112;0;0;0;0;4350897;1358436;115;0;1514407;0;0;0;0
FR;3;2021-06-10;2261;67663;17;0;68061;0;0;0;0;4353158;1426099;132;0;1582468;0;0;0;0
FR;3;2021-06-11;2493;96637;34;0;97113;0;0;0;0;4355651;1522736;166;0;1679581;0;0;0;0
FR;3;2021-06-12;1179;40558;6;0;40790;0;0;0;0;4356830;1563294;172;0;1720371;0;0;0;0
FR;3;2021-06-13;283;3606;3;0;3641;0;0;0;0;4357113;1566900;175;0;1724012;0;0;0;0
FR;3;2021-06-14;1051;42315;17;0;42485;0;0;0;0;4358164;1609215;192;0;1766497;0;0;0;0
FR;3;2021-06-15;1379;80355;20;0;80660;0;0;0;0;4359543;1689570;212;0;1847157;0;0;0;0
FR;3;2021-06-16;1263;65505;20;0;65778;0;0;0;0;4360806;1755075;232;0;1912935;0;0;0;0
FR;3;2021-06-17;1667;102293;41;0;102679;0;0;0;0;4362473;1857368;273;0;2015614;0;0;0;0
FR;3;2021-06-18;1873;118469;63;0;118939;0;0;0;0;4364346;1975837;336;0;2134553;0;0;0;0
FR;3;2021-06-19;804;39455;22;0;39650;0;0;0;0;4365150;2015292;358;0;2174203;0;0;0;0
FR;3;2021-06-20;162;3195;0;0;3224;0;0;0;0;4365312;2018487;358;0;2177427;0;0;0;0
FR;3;2021-06-21;775;39090;16;0;39248;0;0;0;0;4366087;2057577;374;0;2216675;0;0;0;0
FR;3;2021-06-22;1065;70093;52;0;70363;0;0;0;0;4367152;2127670;426;0;2287038;0;0;0;0
FR;3;2021-06-23;946;50832;39;0;51104;0;0;0;0;4368098;2178502;465;0;2338142;0;0;0;0
FR;3;2021-06-24;1314;77298;48;0;77671;0;0;0;0;4369412;2255800;513;0;2415813;0;0;0;0
FR;3;2021-06-25;1410;90855;73;0;91288;0;0;0;0;4370822;2346655;586;0;2507101;0;0;0;0
FR;3;2021-06-26;631;33109;29;0;33301;0;0;0;0;4371453;2379764;615;0;2540402;0;0;0;0
FR;3;2021-06-27;168;3778;1;0;3802;0;0;0;0;4371621;2383542;616;0;2544204;0;0;0;0
FR;3;2021-06-28;655;29929;27;0;30123;0;0;0;0;4372276;2413471;643;0;2574327;0;0;0;0
FR;3;2021-06-29;856;56655;95;0;56899;0;0;0;0;4373132;2470126;738;0;2631226;0;0;0;0
FR;3;2021-06-30;905;45215;93;0;45483;0;0;0;0;4374037;2515341;831;0;2676709;0;0;0;0
FR;3;2021-07-01;1164;66131;108;0;66480;0;0;0;0;4375201;2581472;939;0;2743189;0;0;0;0
FR;3;2021-07-02;1305;90526;170;0;91009;0;0;0;0;4376506;2671998;1109;0;2834198;0;0;0;0
FR;3;2021-07-03;602;31185;51;0;31386;0;0;0;0;4377108;2703183;1160;0;2865584;0;0;0;0
FR;3;2021-07-04;144;3968;3;0;3998;0;0;0;0;4377252;2707151;1163;0;2869582;0;0;0;0
FR;3;2021-07-05;613;33605;60;0;33806;0;0;0;0;4377865;2740756;1223;0;2903388;0;0;0;0
FR;3;2021-07-06;965;55938;88;0;56249;0;0;0;0;4378830;2796694;1311;0;2959637;0;0;0;0
FR;3;2021-07-07;874;42964;80;0;43262;0;0;0;0;4379704;2839658;1391;0;3002899;0;0;0;0
FR;3;2021-07-08;1127;60812;99;0;61222;0;0;0;0;4380831;2900470;1490;0;3064121;0;0;0;0
FR;3;2021-07-09;1261;68940;128;0;69405;0;0;0;0;4382092;2969410;1618;0;3133526;0;0;0;0
FR;3;2021-07-10;644;25020;59;0;25217;0;0;0;0;4382736;2994430;1677;0;3158743;0;0;0;0
FR;3;2021-07-11;132;3173;4;0;3198;0;0;0;0;4382868;2997603;1681;0;3161941;0;0;0;0
FR;3;2021-07-12;662;23598;59;0;23811;0;0;0;0;4383530;3021201;1740;0;3185752;0;0;0;0
FR;3;2021-07-13;1648;34426;90;0;34916;0;0;0;0;4385178;3055627;1830;0;3220668;0;0;0;0
FR;3;2021-07-14;272;2475;2;0;2532;0;0;0;0;4385450;3058102;1832;0;3223200;0;0;0;0
FR;3;2021-07-15;1941;30416;85;0;30991;0;0;0;0;4387391;3088518;1917;0;3254191;0;0;0;0
FR;3;2021-07-16;2520;38620;122;0;39354;0;0;0;0;4389911;3127138;2039;0;3293545;0;0;0;0
FR;3;2021-07-17;1051;13723;26;0;14031;0;0;0;0;4390962;3140861;2065;0;3307576;0;0;0;0
FR;3;2021-07-18;266;2549;3;0;2597;0;0;0;0;4391228;3143410;2068;0;3310173;0;0;0;0
FR;3;2021-07-19;1280;16884;38;0;17252;0;0;0;0;4392508;3160294;2106;0;3327425;0;0;0;0
FR;3;2021-07-20;1823;26931;98;0;27472;0;0;0;0;4394331;3187225;2204;0;3354897;0;0;0;0
FR;3;2021-07-21;1652;19472;44;0;19977;0;0;0;0;4395983;3206697;2248;0;3374874;0;0;0;0
FR;3;2021-07-22;1856;27647;83;0;28212;0;0;0;0;4397839;3234344;2331;0;3403086;0;0;0;0
FR;3;2021-07-23;2217;30212;117;0;30949;0;0;0;0;4400056;3264556;2448;0;3434035;0;0;0;0
FR;3;2021-07-24;828;6927;25;0;7150;0;0;0;0;4400884;3271483;2473;0;3441185;0;0;0;0
FR;3;2021-07-25;210;1287;1;0;1342;0;0;0;0;4401094;3272770;2474;0;3442527;0;0;0;0
FR;3;2021-07-26;933;10508;28;0;10816;0;0;0;0;4402027;3283278;2502;0;3453343;0;0;0;0
FR;3;2021-07-27;1171;16802;56;0;17165;0;0;0;0;4403198;3300080;2558;0;3470508;0;0;0;0
FR;3;2021-07-28;989;11999;40;0;12311;0;0;0;0;4404187;3312079;2598;0;3482819;0;0;0;0
FR;3;2021-07-29;1127;15676;63;0;16089;0;0;0;0;4405314;3327755;2661;0;3498908;0;0;0;0
FR;3;2021-07-30;1130;17991;79;0;18366;0;0;0;0;4406444;3345746;2740;0;3517274;0;0;0;0
FR;3;2021-07-31;407;3711;15;0;3837;0;0;0;0;4406851;3349457;2755;0;3521111;0;0;0;0
FR;3;2021-08-01;117;443;1;0;465;0;0;0;0;4406968;3349900;2756;0;3521576;0;0;0;0
FR;3;2021-08-02;424;5015;22;0;5136;0;0;0;0;4407392;3354915;2778;0;3526712;0;0;0;0
FR;3;2021-08-03;498;7466;27;0;7599;0;0;0;0;4407890;3362381;2805;0;3534311;0;0;0;0
FR;3;2021-08-04;441;4831;26;0;4977;0;0;0;0;4408331;3367212;2831;0;3539288;0;0;0;0
FR;3;2021-08-05;433;3653;13;0;3763;0;0;0;0;4408764;3370865;2844;0;3543051;0;0;0;0
FR;3;2021-08-06;456;4699;30;0;4800;0;0;0;0;4409220;3375564;2874;0;3547851;0;0;0;0
FR;3;2021-08-07;214;1900;11;0;1946;0;0;0;0;4409434;3377464;2885;0;3549797;0;0;0;0
FR;3;2021-08-08;251;423;2;0;456;0;0;0;0;4409685;3377887;2887;0;3550253;0;0;0;0
FR;3;2021-08-09;320;2377;11;0;2447;0;0;0;0;4410005;3380264;2898;0;3552700;0;0;0;0
FR;3;2021-08-10;369;3735;15;0;3823;0;0;0;0;4410374;3383999;2913;0;3556523;0;0;0;0
FR;3;2021-08-11;291;2640;15;0;2700;0;0;0;0;4410665;3386639;2928;0;3559223;0;0;0;0
FR;3;2021-08-12;279;2563;13;0;2651;0;0;0;0;4410944;3389202;2941;0;3561874;0;0;0;0
FR;3;2021-08-13;279;2254;16;0;2340;0;0;0;0;4411223;3391456;2957;0;3564214;0;0;0;0
FR;3;2021-08-14;172;874;1;0;905;0;0;0;0;4411395;3392330;2958;0;3565119;0;0;0;0
FR;3;2021-08-15;56;174;0;0;183;0;0;0;0;4411451;3392504;2958;0;3565302;0;0;0;0
FR;3;2021-08-16;126;1003;8;0;1042;0;0;0;0;4411577;3393507;2966;0;3566344;0;0;0;0
FR;3;2021-08-17;191;1430;8;0;1471;0;0;0;0;4411768;3394937;2974;0;3567815;0;0;0;0
FR;3;2021-08-18;205;1309;10;0;1351;0;0;0;0;4411973;3396246;2984;0;3569166;0;0;0;0
FR;3;2021-08-19;165;1373;10;0;1420;0;0;0;0;4412138;3397619;2994;0;3570586;0;0;0;0
FR;3;2021-08-20;167;1595;16;0;1657;0;0;0;0;4412305;3399214;3010;0;3572243;0;0;0;0
FR;3;2021-08-21;94;576;2;0;591;0;0;0;0;4412399;3399790;3012;0;3572834;0;0;0;0
FR;3;2021-08-22;42;192;1;0;195;0;0;0;0;4412441;3399982;3013;0;3573029;0;0;0;0
FR;3;2021-08-23;141;886;7;0;931;0;0;0;0;4412582;3400868;3020;0;3573960;0;0;0;0
FR;3;2021-08-24;125;922;10;0;954;0;0;0;0;4412707;3401790;3030;0;3574914;0;0;0;0
FR;3;2021-08-25;137;820;3;0;849;0;0;0;0;4412844;3402610;3033;0;3575763;0;0;0;0
FR;3;2021-08-26;172;824;9;0;872;0;0;0;0;4413016;3403434;3042;0;3576635;0;0;0;0
FR;3;2021-08-27;178;937;9;0;989;0;0;0;0;4413194;3404371;3051;0;3577624;0;0;0;0
FR;3;2021-08-28;101;374;4;0;391;0;0;0;0;4413295;3404745;3055;0;3578015;0;0;0;0
FR;3;2021-08-29;128;129;1;0;162;0;0;0;0;4413423;3404874;3056;0;3578177;0;0;0;0
FR;3;2021-08-30;100;560;0;0;469;108;0;0;0;4413523;3405434;3056;0;3578646;108;0;0;0
FR;3;2021-08-31;134;682;7;0;587;134;0;0;0;4413657;3406116;3063;0;3579233;242;0;0;0
FR;3;2021-09-01;122;461;5;0;383;106;0;0;0;4413779;3406577;3068;0;3579616;348;0;0;0
FR;3;2021-09-02;100;595;22;0;531;105;0;0;0;4413879;3407172;3090;0;3580147;453;0;0;0
FR;3;2021-09-03;116;552;17;0;477;116;0;0;0;4413995;3407724;3107;0;3580624;569;0;0;0
FR;3;2021-09-04;55;295;3;0;256;50;0;0;0;4414050;3408019;3110;0;3580880;619;0;0;0
FR;3;2021-09-05;52;65;5;0;55;25;0;0;0;4414102;3408084;3115;0;3580935;644;0;0;0
FR;3;2021-09-06;118;367;4;0;261;130;0;0;0;4414220;3408451;3119;0;3581196;774;0;0;0
FR;3;2021-09-07;125;431;14;0;347;116;0;0;0;4414345;3408882;3133;0;3581543;890;0;0;0
FR;3;2021-09-08;122;344;2;0;274;87;0;0;0;4414467;3409226;3135;0;3581817;977;0;0;0
FR;3;2021-09-09;94;378;8;0;298;103;0;0;0;4414561;3409604;3143;0;3582115;1080;0;0;0
FR;3;2021-09-10;101;402;3;0;332;93;0;0;0;4414662;3410006;3146;0;3582447;1173;0;0;0
FR;3;2021-09-11;79;232;4;0;177;65;0;0;0;4414741;3410238;3150;0;3582624;1238;0;0;0
FR;3;2021-09-12;37;49;1;0;38;16;0;0;0;4414778;3410287;3151;0;3582662;1254;0;0;0
FR;3;2021-09-13;78;298;7;0;215;102;1;0;0;4414856;3410585;3158;0;3582877;1356;1;0;0
FR;3;2021-09-14;75;271;6;0;191;94;0;0;0;4414931;3410856;3164;0;3583068;1450;1;0;0
FR;3;2021-09-15;64;252;3;0;257;6;0;0;0;4414995;3411108;3167;0;3583325;1456;1;0;0
FR;3;2021-09-16;65;320;6;0;331;6;0;0;0;4415060;3411428;3173;0;3583656;1462;1;0;0
FR;3;2021-09-17;52;327;3;0;339;6;0;0;0;4415112;3411755;3176;0;3583995;1468;1;0;0
FR;3;2021-09-18;37;172;1;0;176;1;0;0;0;4415149;3411927;3177;0;3584171;1469;1;0;0
FR;3;2021-09-19;29;31;2;0;34;1;0;0;0;4415178;3411958;3179;0;3584205;1470;1;0;0
FR;3;2021-09-20;82;188;0;0;196;1;0;0;0;4415260;3412146;3179;0;3584401;1471;1;0;0
FR;3;2021-09-21;60;273;7;0;277;8;0;0;0;4415320;3412419;3186;0;3584678;1479;1;0;0
FR;3;2021-09-22;67;229;6;0;242;7;0;0;0;4415387;3412648;3192;0;3584920;1486;1;0;0
FR;3;2021-09-23;37;257;11;0;261;7;0;0;0;4415424;3412905;3203;0;3585181;1493;1;0;0
FR;3;2021-09-24;29;315;12;0;313;18;0;0;0;4415453;3413220;3215;0;3585494;1511;1;0;0
FR;3;2021-09-25;31;144;3;0;150;3;0;0;0;4415484;3413364;3218;0;3585644;1514;1;0;0
FR;3;2021-09-26;16;57;1;0;59;1;0;0;0;4415500;3413421;3219;0;3585703;1515;1;0;0
FR;3;2021-09-27;49;282;3;0;285;5;0;0;0;4415549;3413703;3222;0;3585988;1520;1;0;0
FR;3;2021-09-28;49;245;6;0;253;8;0;0;0;4415598;3413948;3228;0;3586241;1528;1;0;0
FR;3;2021-09-29;40;218;10;0;222;15;0;0;0;4415638;3414166;3238;0;3586463;1543;1;0;0
FR;3;2021-09-30;40;200;8;0;204;11;0;0;0;4415678;3414366;3246;0;3586667;1554;1;0;0
FR;3;2021-10-01;23;159;6;0;161;8;0;0;0;4415701;3414525;3252;0;3586828;1562;1;0;0
FR;3;2021-10-02;17;88;0;0;89;0;0;0;0;4415718;3414613;3252;0;3586917;1562;1;0;0
FR;3;2021-10-03;19;19;1;0;19;2;0;0;0;4415737;3414632;3253;0;3586936;1564;1;0;0
FR;3;2021-10-04;33;157;4;0;162;4;0;0;0;4415770;3414789;3257;0;3587098;1568;1;0;0
FR;3;2021-10-05;17;148;10;0;153;12;0;0;0;4415787;3414937;3267;0;3587251;1580;1;0;0
FR;3;2021-10-06;34;145;9;0;153;10;0;0;0;4415821;3415082;3276;0;3587404;1590;1;0;0
FR;3;2021-10-07;20;132;6;0;130;6;0;0;0;4415841;3415214;3282;0;3587534;1596;1;0;0
FR;3;2021-10-08;25;136;10;0;141;9;0;0;0;4415866;3415350;3292;0;3587675;1605;1;0;0
FR;3;2021-10-09;17;72;1;0;73;1;0;0;0;4415883;3415422;3293;0;3587748;1606;1;0;0
FR;3;2021-10-10;13;17;2;0;16;3;0;0;0;4415896;3415439;3295;0;3587764;1609;1;0;0
FR;3;2021-10-11;17;117;4;0;122;5;0;0;0;4415913;3415556;3299;0;3587886;1614;1;0;0
FR;3;2021-10-12;22;99;6;0;99;6;0;0;0;4415935;3415655;3305;0;3587985;1620;1;0;0
FR;3;2021-10-13;25;114;9;0;121;7;0;0;0;4415960;3415769;3314;0;3588106;1627;1;0;0
FR;3;2021-10-14;19;138;3;0;139;4;0;0;0;4415979;3415907;3317;0;3588245;1631;1;0;0
FR;3;2021-10-15;24;139;8;0;138;13;0;0;0;4416003;3416046;3325;0;3588383;1644;1;0;0
FR;3;2021-10-16;13;66;6;0;65;8;0;0;0;4416016;3416112;3331;0;3588448;1652;1;0;0
FR;3;2021-10-17;13;24;0;0;26;0;0;0;0;4416029;3416136;3331;0;3588474;1652;1;0;0
FR;3;2021-10-18;18;112;2;0;117;2;0;0;0;4416047;3416248;3333;0;3588591;1654;1;0;0
FR;3;2021-10-19;18;112;19;0;113;21;0;0;0;4416065;3416360;3352;0;3588704;1675;1;0;0
FR;3;2021-10-20;27;124;6;0;126;7;0;0;0;4416092;3416484;3358;0;3588830;1682;1;0;0
FR;3;2021-10-21;28;120;17;0;120;13;0;0;0;4416120;3416604;3375;0;3588950;1695;1;0;0
FR;3;2021-10-22;25;103;18;0;102;21;0;0;0;4416145;3416707;3393;0;3589052;1716;1;0;0
FR;3;2021-10-23;17;53;3;0;53;2;0;0;0;4416162;3416760;3396;0;3589105;1718;1;0;0
FR;3;2021-10-24;7;36;0;0;34;0;0;0;0;4416169;3416796;3396;0;3589139;1718;1;0;0
FR;3;2021-10-25;27;141;7;0;145;7;0;0;0;4416196;3416937;3403;0;3589284;1725;1;0;0
FR;3;2021-10-26;25;96;22;0;93;19;0;0;0;4416221;3417033;3425;0;3589377;1744;1;0;0
FR;3;2021-10-27;19;91;9;0;93;9;0;0;0;4416240;3417124;3434;0;3589470;1753;1;0;0
FR;3;2021-10-28;23;114;33;0;111;36;0;0;0;4416263;3417238;3467;0;3589581;1789;1;0;0
FR;3;2021-10-29;12;98;64;0;92;54;0;0;0;4416275;3417336;3531;0;3589673;1843;1;0;0
FR;3;2021-10-30;11;62;11;1;62;10;0;0;0;4416286;3417398;3542;1;3589735;1853;1;0;0
FR;3;2021-10-31;8;25;1;0;25;1;0;0;0;4416294;3417423;3543;1;3589760;1854;1;0;0
FR;3;2021-11-01;11;22;2;0;23;1;0;0;0;4416305;3417445;3545;1;3589783;1855;1;0;0
FR;3;2021-11-02;11;100;10;0;100;12;0;0;0;4416316;3417545;3555;1;3589883;1867;1;0;0
FR;3;2021-11-03;22;105;10;0;113;10;0;0;0;4416338;3417650;3565;1;3589996;1877;1;0;0
FR;3;2021-11-04;20;88;6;0;93;5;0;0;0;4416358;3417738;3571;1;3590089;1882;1;0;0
FR;3;2021-11-05;19;119;9;1;125;6;1;0;0;4416377;3417857;3580;2;3590214;1888;2;0;0
FR;3;2021-11-06;11;54;3;0;56;3;0;0;0;4416388;3417911;3583;2;3590270;1891;2;0;0
FR;3;2021-11-07;6;23;1;0;24;1;0;0;0;4416394;3417934;3584;2;3590294;1892;2;0;0
FR;3;2021-11-08;12;124;7;0;129;5;0;0;0;4416406;3418058;3591;2;3590423;1897;2;0;0
FR;3;2021-11-09;15;123;6;0;125;6;0;0;0;4416421;3418181;3597;2;3590548;1903;2;0;0
FR;3;2021-11-10;15;130;15;0;128;16;0;0;0;4416436;3418311;3612;2;3590676;1919;2;0;0
FR;3;2021-11-11;12;49;3;0;51;3;0;0;0;4416448;3418360;3615;2;3590727;1922;2;0;0
FR;3;2021-11-12;15;126;6;0;128;5;0;0;0;4416463;3418486;3621;2;3590855;1927;2;0;0
FR;3;2021-11-13;7;66;9;0;61;10;0;0;0;4416470;3418552;3630;2;3590916;1937;2;0;0
FR;3;2021-11-14;3;24;1;0;24;1;0;0;0;4416473;3418576;3631;2;3590940;1938;2;0;0
FR;3;2021-11-15;7;161;11;0;158;12;0;0;0;4416480;3418737;3642;2;3591098;1950;2;0;0
FR;3;2021-11-16;9;125;11;0;120;10;0;0;0;4416489;3418862;3653;2;3591218;1960;2;0;0
FR;3;2021-11-17;8;134;11;0;135;8;0;0;0;4416497;3418996;3664;2;3591353;1968;2;0;0
FR;3;2021-11-18;16;131;10;0;132;11;0;0;0;4416513;3419127;3674;2;3591485;1979;2;0;0
FR;3;2021-11-19;12;178;23;0;173;28;0;0;0;4416525;3419305;3697;2;3591658;2007;2;0;0
FR;3;2021-11-20;6;101;6;0;102;6;0;0;0;4416531;3419406;3703;2;3591760;2013;2;0;0
FR;3;2021-11-21;3;24;4;0;23;4;0;0;0;4416534;3419430;3707;2;3591783;2017;2;0;0
FR;3;2021-11-22;11;185;11;0;185;11;0;0;0;4416545;3419615;3718;2;3591968;2028;2;0;0
FR;3;2021-11-23;10;180;16;0;178;15;0;0;0;4416555;3419795;3734;2;3592146;2043;2;0;0
FR;3;2021-11-24;11;180;9;0;172;17;0;0;0;4416566;3419975;3743;2;3592318;2060;2;0;0
FR;3;2021-11-25;12;197;11;0;196;11;0;0;0;4416578;3420172;3754;2;3592514;2071;2;0;0
FR;3;2021-11-26;10;251;35;0;250;33;1;0;0;4416588;3420423;3789;2;3592764;2104;3;0;0
FR;3;2021-11-27;8;123;20;0;123;21;0;0;0;4416596;3420546;3809;2;3592887;2125;3;0;0
FR;3;2021-11-28;3;56;7;0;57;7;0;0;0;4416599;3420602;3816;2;3592944;2132;3;0;0
FR;3;2021-11-29;5;214;22;0;209;23;1;0;0;4416604;3420816;3838;2;3593153;2155;4;0;0
FR;3;2021-11-30;9;281;31;0;280;33;1;0;0;4416613;3421097;3869;2;3593433;2188;5;0;0
FR;3;2021-12-01;30;315;39;0;313;41;2;0;0;4416643;3421412;3908;2;3593746;2229;7;0;0
FR;3;2021-12-02;9;337;33;0;333;36;0;0;0;4416652;3421749;3941;2;3594079;2265;7;0;0
FR;3;2021-12-03;6;364;37;0;360;38;0;0;0;4416658;3422113;3978;2;3594439;2303;7;0;0
FR;3;2021-12-04;3;201;26;0;197;28;0;0;0;4416661;3422314;4004;2;3594636;2331;7;0;0
FR;3;2021-12-05;1;61;5;0;61;5;0;0;0;4416662;3422375;4009;2;3594697;2336;7;0;0
FR;3;2021-12-06;7;347;14;0;346;15;0;0;0;4416669;3422722;4023;2;3595043;2351;7;0;0
FR;3;2021-12-07;6;410;20;0;404;24;1;0;0;4416675;3423132;4043;2;3595447;2375;8;0;0
FR;3;2021-12-08;8;375;29;0;367;30;1;0;0;4416683;3423507;4072;2;3595814;2405;9;0;0
FR;3;2021-12-09;3;423;17;0;410;22;1;0;0;4416686;3423930;4089;2;3596224;2427;10;0;0
FR;3;2021-12-10;10;443;29;0;440;25;0;0;0;4416696;3424373;4118;2;3596664;2452;10;0;0
FR;3;2021-12-11;4;299;10;0;296;9;2;0;0;4416700;3424672;4128;2;3596960;2461;12;0;0
FR;3;2021-12-12;1;96;3;0;96;3;0;0;0;4416701;3424768;4131;2;3597056;2464;12;0;0
FR;3;2021-12-13;2;432;19;0;426;21;0;0;0;4416703;3425200;4150;2;3597482;2485;12;0;0
FR;3;2021-12-14;8;550;18;0;538;21;1;0;0;4416711;3425750;4168;2;3598020;2506;13;0;0
FR;3;2021-12-15;10;521;17;0;508;21;0;0;0;4416721;3426271;4185;2;3598528;2527;13;0;0
FR;3;2021-12-16;10;526;19;0;520;18;3;0;0;4416731;3426797;4204;2;3599048;2545;16;0;0
FR;3;2021-12-17;5;592;18;0;588;19;0;0;0;4416736;3427389;4222;2;3599636;2564;16;0;0
FR;3;2021-12-18;5;343;4;0;337;5;1;0;0;4416741;3427732;4226;2;3599973;2569;17;0;0
FR;3;2021-12-19;3;176;2;0;174;2;0;0;0;4416744;3427908;4228;2;3600147;2571;17;0;0
FR;3;2021-12-20;10;566;23;0;560;28;0;0;0;4416754;3428474;4251;2;3600707;2599;17;0;0
FR;3;2021-12-21;5;660;10;0;652;13;2;0;0;4416759;3429134;4261;2;3601359;2612;19;0;0
FR;3;2021-12-22;10;612;9;0;606;10;1;0;0;4416769;3429746;4270;2;3601965;2622;20;0;0
FR;3;2021-12-23;4;535;8;0;533;8;0;0;0;4416773;3430281;4278;2;3602498;2630;20;0;0
FR;3;2021-12-24;2;233;3;0;228;6;0;0;0;4416775;3430514;4281;2;3602726;2636;20;0;0
FR;3;2021-12-25;0;24;0;0;24;0;0;0;0;4416775;3430538;4281;2;3602750;2636;20;0;0
FR;3;2021-12-26;0;87;1;0;87;1;0;0;0;4416775;3430625;4282;2;3602837;2637;20;0;0
FR;3;2021-12-27;7;456;17;0;453;20;1;0;0;4416782;3431081;4299;2;3603290;2657;21;0;0
FR;3;2021-12-28;3;570;6;0;569;5;0;0;0;4416785;3431651;4305;2;3603859;2662;21;0;0
FR;3;2021-12-29;5;487;14;0;482;16;0;0;0;4416790;3432138;4319;2;3604341;2678;21;0;0
FR;3;2021-12-30;3;517;7;0;510;10;2;0;0;4416793;3432655;4326;2;3604851;2688;23;0;0
FR;3;2021-12-31;0;182;5;0;178;7;0;0;0;4416793;3432837;4331;2;3605029;2695;23;0;0
FR;3;2022-01-01;0;26;0;0;24;2;0;0;0;4416793;3432863;4331;2;3605053;2697;23;0;0
FR;3;2022-01-02;0;76;0;0;76;0;0;0;0;4416793;3432939;4331;2;3605129;2697;23;0;0
FR;3;2022-01-03;5;489;17;0;479;21;3;0;0;4416798;3433428;4348;2;3605608;2718;26;0;0
FR;3;2022-01-04;7;533;9;0;532;8;0;0;0;4416805;3433961;4357;2;3606140;2726;26;0;0
FR;3;2022-01-05;5;487;10;0;479;14;1;0;0;4416810;3434448;4367;2;3606619;2740;27;0;0
FR;3;2022-01-06;6;464;9;0;459;10;1;0;0;4416816;3434912;4376;2;3607078;2750;28;0;0
FR;3;2022-01-07;2;489;11;0;483;13;1;0;1;4416818;3435401;4387;2;3607561;2763;29;0;1
FR;3;2022-01-08;6;251;4;0;248;5;0;0;0;4416824;3435652;4391;2;3607809;2768;29;0;1
FR;3;2022-01-09;0;116;0;0;116;0;0;0;0;4416824;3435768;4391;2;3607925;2768;29;0;1
FR;3;2022-01-10;2;421;12;0;419;12;0;0;0;4416826;3436189;4403;2;3608344;2780;29;0;1
FR;3;2022-01-11;3;456;1;0;455;1;0;0;0;4416829;3436645;4404;2;3608799;2781;29;0;1
FR;3;2022-01-12;4;393;9;0;390;10;2;0;0;4416833;3437038;4413;2;3609189;2791;31;0;1
FR;3;2022-01-13;3;382;11;0;380;12;1;0;0;4416836;3437420;4424;2;3609569;2803;32;0;1
FR;3;2022-01-14;4;419;10;0;413;13;1;0;0;4416840;3437839;4434;2;3609982;2816;33;0;1
FR;3;2022-01-15;0;275;2;0;271;3;0;0;0;4416840;3438114;4436;2;3610253;2819;33;0;1
FR;3;2022-01-16;1;108;1;0;106;1;1;0;0;4416841;3438222;4437;2;3610359;2820;34;0;1
FR;3;2022-01-17;2;318;8;0;315;9;1;0;0;4416843;3438540;4445;2;3610674;2829;35;0;1
FR;3;2022-01-18;2;358;1;0;354;2;1;0;0;4416845;3438898;4446;2;3611028;2831;36;0;1
FR;3;2022-01-19;2;322;5;0;316;10;0;0;0;4416847;3439220;4451;2;3611344;2841;36;0;1
FR;3;2022-01-20;1;351;5;0;350;3;2;0;0;4416848;3439571;4456;2;3611694;2844;38;0;1
FR;3;2022-01-21;4;337;5;0;331;7;2;0;0;4416852;3439908;4461;2;3612025;2851;40;0;1
FR;3;2022-01-22;2;218;1;0;214;2;3;0;0;4416854;3440126;4462;2;3612239;2853;43;0;1
FR;3;2022-01-23;0;77;0;0;75;1;1;0;0;4416854;3440203;4462;2;3612314;2854;44;0;1
FR;3;2022-01-24;3;316;1;0;308;6;2;0;0;4416857;3440519;4463;2;3612622;2860;46;0;1
FR;3;2022-01-25;0;171;0;0;168;0;1;0;0;4416857;3440690;4463;2;3612790;2860;47;0;1
FR;3;2022-01-26;0;77;0;0;77;0;0;0;0;4416857;3440767;4463;2;3612867;2860;47;0;1
FR;3;2022-01-27;0;52;0;0;52;0;0;0;0;4416857;3440819;4463;2;3612919;2860;47;0;1
FR;3;2022-01-28;0;115;0;0;114;0;0;0;0;4416857;3440934;4463;2;3613033;2860;47;0;1
FR;3;2022-01-29;0;97;0;0;97;0;0;0;0;4416857;3441031;4463;2;3613130;2860;47;0;1
FR;3;2022-01-30;0;50;0;0;50;0;0;0;0;4416857;3441081;4463;2;3613180;2860;47;0;1
FR;3;2022-01-31;0;91;0;0;91;0;0;0;0;4416857;3441172;4463;2;3613271;2860;47;0;1
FR;3;2022-02-01;0;98;0;0;96;1;0;0;0;4416857;3441270;4463;2;3613367;2861;47;0;1
FR;3;2022-02-02;0;85;0;0;83;0;0;0;0;4416857;3441355;4463;2;3613450;2861;47;0;1
FR;3;2022-02-03;0;91;0;0;89;0;0;0;0;4416857;3441446;4463;2;3613539;2861;47;0;1
FR;3;2022-02-04;0;113;0;0;110;0;1;0;0;4416857;3441559;4463;2;3613649;2861;48;0;1
FR;3;2022-02-05;0;68;0;0;68;0;0;0;0;4416857;3441627;4463;2;3613717;2861;48;0;1
FR;3;2022-02-06;0;10;0;0;10;0;0;0;0;4416857;3441637;4463;2;3613727;2861;48;0;1
FR;3;2022-02-07;0;75;0;0;75;0;0;0;0;4416857;3441712;4463;2;3613802;2861;48;0;1
FR;3;2022-02-08;0;0;0;0;0;0;0;0;0;4416857;3441712;4463;2;3613802;2861;48;0;1
FR;3;2022-02-09;0;0;0;0;0;0;0;0;0;4416857;3441712;4463;2;3613802;2861;48;0;1
FR;3;2022-02-10;0;0;0;0;0;0;0;0;0;4416857;3441712;4463;2;3613802;2861;48;0;1
FR;3;2022-02-11;0;0;0;0;0;0;0;0;0;4416857;3441712;4463;2;3613802;2861;48;0;1
FR;3;2022-02-12;0;0;0;0;0;0;0;0;0;4416857;3441712;4463;2;3613802;2861;48;0;1
FR;3;2022-02-13;0;0;0;0;0;0;0;0;0;4416857;3441712;4463;2;3613802;2861;48;0;1
FR;3;2022-02-14;0;0;0;0;0;0;0;0;0;4416857;3441712;4463;2;3613802;2861;48;0;1
FR;3;2022-02-15;0;0;0;0;0;0;0;0;0;4416857;3441712;4463;2;3613802;2861;48;0;1
FR;3;2022-02-16;0;0;0;0;0;0;0;0;0;4416857;3441712;4463;2;3613802;2861;48;0;1
FR;3;2022-02-17;0;0;0;0;0;0;0;0;0;4416857;3441712;4463;2;3613802;2861;48;0;1
FR;3;2022-02-18;0;0;0;0;0;0;0;0;0;4416857;3441712;4463;2;3613802;2861;48;0;1
FR;3;2022-02-19;0;0;0;0;0;0;0;0;0;4416857;3441712;4463;2;3613802;2861;48;0;1
FR;3;2022-02-20;0;0;0;0;0;0;0;0;0;4416857;3441712;4463;2;3613802;2861;48;0;1
FR;3;2022-02-21;2;0;0;0;0;0;0;0;0;4416859;3441712;4463;2;3613802;2861;48;0;1
FR;3;2022-02-22;0;0;0;0;0;0;0;0;0;4416859;3441712;4463;2;3613802;2861;48;0;1
FR;3;2022-02-23;0;0;0;0;0;0;0;0;0;4416859;3441712;4463;2;3613802;2861;48;0;1
FR;3;2022-02-24;0;0;0;0;0;0;0;0;0;4416859;3441712;4463;2;3613802;2861;48;0;1
FR;3;2022-02-25;0;0;0;0;0;0;0;0;0;4416859;3441712;4463;2;3613802;2861;48;0;1
FR;3;2022-02-26;0;0;0;0;0;0;0;0;0;4416859;3441712;4463;2;3613802;2861;48;0;1
FR;3;2022-02-27;0;0;0;0;0;0;0;0;0;4416859;3441712;4463;2;3613802;2861;48;0;1
FR;3;2022-02-28;1;0;0;0;0;0;0;0;0;4416860;3441712;4463;2;3613802;2861;48;0;1
FR;3;2022-03-01;1;0;0;0;0;0;0;0;0;4416861;3441712;4463;2;3613802;2861;48;0;1
FR;3;2022-03-02;0;0;0;0;0;0;0;0;0;4416861;3441712;4463;2;3613802;2861;48;0;1
FR;3;2022-03-03;0;0;0;0;0;0;0;0;0;4416861;3441712;4463;2;3613802;2861;48;0;1
FR;3;2022-03-04;0;0;0;0;0;0;0;0;0;4416861;3441712;4463;2;3613802;2861;48;0;1
FR;3;2022-03-05;0;0;0;0;0;0;0;0;0;4416861;3441712;4463;2;3613802;2861;48;0;1
FR;3;2022-03-06;1;0;0;0;0;0;0;0;0;4416862;3441712;4463;2;3613802;2861;48;0;1
FR;3;2022-03-07;0;0;0;0;0;0;0;0;0;4416862;3441712;4463;2;3613802;2861;48;0;1
FR;3;2022-03-08;1;0;0;0;0;0;0;0;0;4416863;3441712;4463;2;3613802;2861;48;0;1
FR;3;2022-03-09;0;0;0;0;0;0;0;0;0;4416863;3441712;4463;2;3613802;2861;48;0;1
FR;3;2022-03-10;0;0;0;0;0;0;0;0;0;4416863;3441712;4463;2;3613802;2861;48;0;1
FR;3;2022-03-11;0;0;0;0;0;0;0;0;0;4416863;3441712;4463;2;3613802;2861;48;0;1
FR;3;2022-03-12;0;0;0;0;0;0;0;0;0;4416863;3441712;4463;2;3613802;2861;48;0;1
FR;3;2022-03-13;0;0;0;0;0;0;0;0;0;4416863;3441712;4463;2;3613802;2861;48;0;1
FR;3;2022-03-14;0;0;0;0;0;0;0;0;0;4416863;3441712;4463;2;3613802;2861;48;0;1
FR;3;2022-03-15;0;0;0;0;0;0;0;0;0;4416863;3441712;4463;2;3613802;2861;48;0;1
FR;3;2022-03-16;0;0;0;0;0;0;0;0;0;4416863;3441712;4463;2;3613802;2861;48;0;1
FR;3;2022-03-17;0;0;0;0;0;0;0;0;0;4416863;3441712;4463;2;3613802;2861;48;0;1
FR;3;2022-03-18;0;0;0;0;0;0;0;0;0;4416863;3441712;4463;2;3613802;2861;48;0;1
FR;3;2022-03-19;0;0;0;0;0;0;0;0;0;4416863;3441712;4463;2;3613802;2861;48;0;1
FR;3;2022-03-20;1;0;0;0;0;0;0;0;0;4416864;3441712;4463;2;3613802;2861;48;0;1
FR;3;2022-03-21;0;0;0;0;0;0;0;0;0;4416864;3441712;4463;2;3613802;2861;48;0;1
FR;3;2022-03-22;0;0;0;0;0;0;0;0;0;4416864;3441712;4463;2;3613802;2861;48;0;1
FR;3;2022-03-23;1;0;0;0;0;0;0;0;0;4416865;3441712;4463;2;3613802;2861;48;0;1
FR;3;2022-03-24;0;0;0;0;0;0;0;0;0;4416865;3441712;4463;2;3613802;2861;48;0;1
FR;3;2022-03-25;1;0;0;0;0;0;0;0;0;4416866;3441712;4463;2;3613802;2861;48;0;1
FR;3;2022-03-26;0;0;0;0;0;0;0;0;0;4416866;3441712;4463;2;3613802;2861;48;0;1
FR;3;2022-03-27;0;0;0;0;0;0;0;0;0;4416866;3441712;4463;2;3613802;2861;48;0;1
FR;3;2022-03-28;0;0;0;0;0;0;0;0;0;4416866;3441712;4463;2;3613802;2861;48;0;1
FR;3;2022-03-29;0;0;0;0;0;0;0;0;0;4416866;3441712;4463;2;3613802;2861;48;0;1
FR;3;2022-03-30;0;0;0;0;0;0;0;0;0;4416866;3441712;4463;2;3613802;2861;48;0;1
FR;3;2022-03-31;0;0;0;0;0;0;0;0;0;4416866;3441712;4463;2;3613802;2861;48;0;1
FR;3;2022-04-01;0;0;0;0;0;0;0;0;0;4416866;3441712;4463;2;3613802;2861;48;0;1
FR;3;2022-04-02;0;0;0;0;0;0;0;0;0;4416866;3441712;4463;2;3613802;2861;48;0;1
FR;3;2022-04-03;0;0;0;0;0;0;0;0;0;4416866;3441712;4463;2;3613802;2861;48;0;1
FR;3;2022-04-04;0;0;0;0;0;0;0;0;0;4416866;3441712;4463;2;3613802;2861;48;0;1
FR;3;2022-04-05;0;0;0;0;0;0;0;0;0;4416866;3441712;4463;2;3613802;2861;48;0;1
FR;3;2022-04-06;0;0;0;0;0;0;0;0;0;4416866;3441712;4463;2;3613802;2861;48;0;1
FR;3;2022-04-07;0;0;0;0;0;0;0;0;0;4416866;3441712;4463;2;3613802;2861;48;0;1
FR;3;2022-04-08;0;0;0;0;0;0;0;0;0;4416866;3441712;4463;2;3613802;2861;48;0;1
FR;3;2022-04-09;0;0;0;0;0;0;0;0;0;4416866;3441712;4463;2;3613802;2861;48;0;1
FR;3;2022-04-10;0;0;0;0;0;0;0;0;0;4416866;3441712;4463;2;3613802;2861;48;0;1
FR;3;2022-04-11;0;0;0;0;0;0;0;0;0;4416866;3441712;4463;2;3613802;2861;48;0;1
FR;3;2022-04-12;0;0;0;0;0;0;0;0;0;4416866;3441712;4463;2;3613802;2861;48;0;1
FR;3;2022-04-13;0;0;0;0;0;0;0;0;0;4416866;3441712;4463;2;3613802;2861;48;0;1
FR;3;2022-04-14;0;0;0;0;0;0;0;0;0;4416866;3441712;4463;2;3613802;2861;48;0;1
FR;3;2022-04-15;1;0;0;0;0;0;0;0;0;4416867;3441712;4463;2;3613802;2861;48;0;1
FR;3;2022-04-16;0;0;0;0;0;0;0;0;0;4416867;3441712;4463;2;3613802;2861;48;0;1
FR;3;2022-04-17;0;0;0;0;0;0;0;0;0;4416867;3441712;4463;2;3613802;2861;48;0;1
FR;3;2022-04-18;0;0;0;0;0;0;0;0;0;4416867;3441712;4463;2;3613802;2861;48;0;1
FR;3;2022-04-19;0;0;0;0;0;0;0;0;0;4416867;3441712;4463;2;3613802;2861;48;0;1
FR;3;2022-04-20;0;0;0;0;0;0;0;0;0;4416867;3441712;4463;2;3613802;2861;48;0;1
FR;3;2022-04-21;0;0;0;0;0;0;0;0;0;4416867;3441712;4463;2;3613802;2861;48;0;1
FR;3;2022-04-22;0;0;0;0;0;0;0;0;0;4416867;3441712;4463;2;3613802;2861;48;0;1
FR;3;2022-04-23;0;0;0;0;0;0;0;0;0;4416867;3441712;4463;2;3613802;2861;48;0;1
FR;3;2022-04-24;0;0;0;0;0;0;0;0;0;4416867;3441712;4463;2;3613802;2861;48;0;1
FR;3;2022-04-25;0;0;0;0;0;0;0;0;0;4416867;3441712;4463;2;3613802;2861;48;0;1
FR;3;2022-04-26;0;0;0;0;0;0;0;0;0;4416867;3441712;4463;2;3613802;2861;48;0;1
FR;3;2022-04-27;0;0;0;0;0;0;0;0;0;4416867;3441712;4463;2;3613802;2861;48;0;1
FR;3;2022-04-28;0;0;0;0;0;0;0;0;0;4416867;3441712;4463;2;3613802;2861;48;0;1
FR;3;2022-04-29;0;0;0;0;0;0;0;0;0;4416867;3441712;4463;2;3613802;2861;48;0;1
FR;3;2022-04-30;0;0;0;0;0;0;0;0;0;4416867;3441712;4463;2;3613802;2861;48;0;1
FR;3;2022-05-01;0;0;0;0;0;0;0;0;0;4416867;3441712;4463;2;3613802;2861;48;0;1
FR;3;2022-05-02;0;0;0;0;0;0;0;0;0;4416867;3441712;4463;2;3613802;2861;48;0;1
FR;3;2022-05-03;0;0;0;0;0;0;0;0;0;4416867;3441712;4463;2;3613802;2861;48;0;1
FR;3;2022-05-04;0;0;0;0;0;0;0;0;0;4416867;3441712;4463;2;3613802;2861;48;0;1
FR;3;2022-05-05;0;0;0;0;0;0;0;0;0;4416867;3441712;4463;2;3613802;2861;48;0;1
FR;3;2022-05-06;0;0;0;0;0;0;0;0;0;4416867;3441712;4463;2;3613802;2861;48;0;1
FR;3;2022-05-07;0;0;0;0;0;0;0;0;0;4416867;3441712;4463;2;3613802;2861;48;0;1
FR;3;2022-05-08;0;0;0;0;0;0;0;0;0;4416867;3441712;4463;2;3613802;2861;48;0;1
FR;3;2022-05-09;0;0;0;0;0;0;0;0;0;4416867;3441712;4463;2;3613802;2861;48;0;1
FR;3;2022-05-10;0;0;0;0;0;0;0;0;0;4416867;3441712;4463;2;3613802;2861;48;0;1
FR;3;2022-05-11;0;0;0;0;0;0;0;0;0;4416867;3441712;4463;2;3613802;2861;48;0;1
FR;3;2022-05-12;0;0;0;0;0;0;0;0;0;4416867;3441712;4463;2;3613802;2861;48;0;1
FR;3;2022-05-13;0;0;0;0;0;0;0;0;0;4416867;3441712;4463;2;3613802;2861;48;0;1
FR;3;2022-05-14;1;0;0;0;0;0;0;0;0;4416868;3441712;4463;2;3613802;2861;48;0;1
FR;3;2022-05-15;0;0;0;0;0;0;0;0;0;4416868;3441712;4463;2;3613802;2861;48;0;1
FR;3;2022-05-16;0;0;0;0;0;0;0;0;0;4416868;3441712;4463;2;3613802;2861;48;0;1
FR;3;2022-05-17;0;0;0;0;0;0;0;0;0;4416868;3441712;4463;2;3613802;2861;48;0;1
FR;3;2022-05-18;0;0;0;0;0;0;0;0;0;4416868;3441712;4463;2;3613802;2861;48;0;1
FR;3;2022-05-19;0;0;0;0;0;0;0;0;0;4416868;3441712;4463;2;3613802;2861;48;0;1
FR;3;2022-05-20;0;0;0;0;0;0;0;0;0;4416868;3441712;4463;2;3613802;2861;48;0;1
FR;3;2022-05-21;0;0;0;0;0;0;0;0;0;4416868;3441712;4463;2;3613802;2861;48;0;1
FR;3;2022-05-22;0;0;0;0;0;0;0;0;0;4416868;3441712;4463;2;3613802;2861;48;0;1
FR;3;2022-05-23;0;0;0;0;0;0;0;0;0;4416868;3441712;4463;2;3613802;2861;48;0;1
FR;3;2022-05-24;0;0;0;0;0;0;0;0;0;4416868;3441712;4463;2;3613802;2861;48;0;1
FR;3;2022-05-25;0;0;0;0;0;0;0;0;0;4416868;3441712;4463;2;3613802;2861;48;0;1
FR;3;2022-05-26;0;0;0;0;0;0;0;0;0;4416868;3441712;4463;2;3613802;2861;48;0;1
FR;3;2022-05-27;0;0;0;0;0;0;0;0;0;4416868;3441712;4463;2;3613802;2861;48;0;1
FR;3;2022-05-28;0;0;0;0;0;0;0;0;0;4416868;3441712;4463;2;3613802;2861;48;0;1
FR;3;2022-05-29;0;0;0;0;0;0;0;0;0;4416868;3441712;4463;2;3613802;2861;48;0;1
FR;3;2022-05-30;0;0;0;0;0;0;0;0;0;4416868;3441712;4463;2;3613802;2861;48;0;1
FR;3;2022-05-31;0;0;0;0;0;0;0;0;0;4416868;3441712;4463;2;3613802;2861;48;0;1
FR;3;2022-06-01;0;0;0;0;0;0;0;0;0;4416868;3441712;4463;2;3613802;2861;48;0;1
FR;3;2022-06-02;0;0;0;0;0;0;0;0;0;4416868;3441712;4463;2;3613802;2861;48;0;1
FR;3;2022-06-03;0;0;0;0;0;0;0;0;0;4416868;3441712;4463;2;3613802;2861;48;0;1
FR;3;2022-06-04;0;0;0;0;0;0;0;0;0;4416868;3441712;4463;2;3613802;2861;48;0;1
FR;3;2022-06-05;0;0;0;0;0;0;0;0;0;4416868;3441712;4463;2;3613802;2861;48;0;1
FR;3;2022-06-06;0;0;0;0;0;0;0;0;0;4416868;3441712;4463;2;3613802;2861;48;0;1
FR;3;2022-06-07;0;0;0;0;0;0;0;0;0;4416868;3441712;4463;2;3613802;2861;48;0;1
FR;3;2022-06-08;0;0;0;0;0;0;0;0;0;4416868;3441712;4463;2;3613802;2861;48;0;1
FR;3;2022-06-09;0;0;0;0;0;0;0;0;0;4416868;3441712;4463;2;3613802;2861;48;0;1
FR;3;2022-06-10;0;0;0;0;0;0;0;0;0;4416868;3441712;4463;2;3613802;2861;48;0;1
FR;3;2022-06-11;0;0;0;0;0;0;0;0;0;4416868;3441712;4463;2;3613802;2861;48;0;1
FR;3;2022-06-12;0;0;0;0;0;0;0;0;0;4416868;3441712;4463;2;3613802;2861;48;0;1
FR;3;2022-06-13;1;0;0;0;0;0;0;0;0;4416869;3441712;4463;2;3613802;2861;48;0;1
FR;3;2022-06-14;0;0;0;0;0;0;0;0;0;4416869;3441712;4463;2;3613802;2861;48;0;1
FR;3;2022-06-15;0;0;0;0;0;0;0;0;0;4416869;3441712;4463;2;3613802;2861;48;0;1
FR;3;2022-06-16;0;0;0;0;0;0;0;0;0;4416869;3441712;4463;2;3613802;2861;48;0;1
FR;3;2022-06-17;0;0;0;0;0;0;0;0;0;4416869;3441712;4463;2;3613802;2861;48;0;1
FR;3;2022-06-18;0;0;0;0;0;0;0;0;0;4416869;3441712;4463;2;3613802;2861;48;0;1
FR;3;2022-06-19;0;0;0;0;0;0;0;0;0;4416869;3441712;4463;2;3613802;2861;48;0;1
FR;3;2022-06-20;0;0;0;0;0;0;0;0;0;4416869;3441712;4463;2;3613802;2861;48;0;1
FR;3;2022-06-21;0;0;0;0;0;0;0;0;0;4416869;3441712;4463;2;3613802;2861;48;0;1
FR;3;2022-06-22;0;0;0;0;0;0;0;0;0;4416869;3441712;4463;2;3613802;2861;48;0;1
FR;3;2022-06-23;0;0;0;0;0;0;0;0;0;4416869;3441712;4463;2;3613802;2861;48;0;1
FR;3;2022-06-24;0;0;0;0;0;0;0;0;0;4416869;3441712;4463;2;3613802;2861;48;0;1
FR;3;2022-06-25;0;0;0;0;0;0;0;0;0;4416869;3441712;4463;2;3613802;2861;48;0;1
FR;3;2022-06-26;0;0;0;0;0;0;0;0;0;4416869;3441712;4463;2;3613802;2861;48;0;1
FR;3;2022-06-27;0;0;0;0;0;0;0;0;0;4416869;3441712;4463;2;3613802;2861;48;0;1
FR;3;2022-06-28;0;0;0;0;0;0;0;0;0;4416869;3441712;4463;2;3613802;2861;48;0;1
FR;3;2022-06-29;1;0;0;0;0;0;0;0;0;4416870;3441712;4463;2;3613802;2861;48;0;1
FR;3;2022-06-30;0;0;0;0;0;0;0;0;0;4416870;3441712;4463;2;3613802;2861;48;0;1
FR;3;2022-07-01;0;0;0;0;0;0;0;0;0;4416870;3441712;4463;2;3613802;2861;48;0;1
FR;3;2022-07-02;0;0;0;0;0;0;0;0;0;4416870;3441712;4463;2;3613802;2861;48;0;1
FR;3;2022-07-03;0;0;0;0;0;0;0;0;0;4416870;3441712;4463;2;3613802;2861;48;0;1
FR;3;2022-07-04;0;0;0;0;0;0;0;0;0;4416870;3441712;4463;2;3613802;2861;48;0;1
FR;3;2022-07-05;0;0;0;0;0;0;0;0;0;4416870;3441712;4463;2;3613802;2861;48;0;1
FR;3;2022-07-06;0;0;0;0;0;0;0;0;0;4416870;3441712;4463;2;3613802;2861;48;0;1
FR;3;2022-07-07;0;0;0;0;0;0;0;0;0;4416870;3441712;4463;2;3613802;2861;48;0;1
FR;3;2022-07-08;0;0;0;0;0;0;0;0;0;4416870;3441712;4463;2;3613802;2861;48;0;1
FR;3;2022-07-09;0;0;0;0;0;0;0;0;0;4416870;3441712;4463;2;3613802;2861;48;0;1
FR;3;2022-07-10;0;0;0;0;0;0;0;0;0;4416870;3441712;4463;2;3613802;2861;48;0;1
FR;3;2022-07-11;0;0;0;0;0;0;0;0;0;4416870;3441712;4463;2;3613802;2861;48;0;1
FR;3;2022-07-12;0;0;0;0;0;0;0;0;0;4416870;3441712;4463;2;3613802;2861;48;0;1
FR;3;2022-07-13;0;0;0;0;0;0;0;0;0;4416870;3441712;4463;2;3613802;2861;48;0;1
FR;3;2022-07-14;0;0;0;0;0;0;0;0;0;4416870;3441712;4463;2;3613802;2861;48;0;1
FR;3;2022-07-15;0;0;0;0;0;0;0;0;0;4416870;3441712;4463;2;3613802;2861;48;0;1
FR;3;2022-07-16;0;0;0;0;0;0;0;0;0;4416870;3441712;4463;2;3613802;2861;48;0;1
FR;3;2022-07-17;0;0;0;0;0;0;0;0;0;4416870;3441712;4463;2;3613802;2861;48;0;1
FR;3;2022-07-18;0;0;0;0;0;0;0;0;0;4416870;3441712;4463;2;3613802;2861;48;0;1
FR;3;2022-07-19;0;0;0;0;0;0;0;0;0;4416870;3441712;4463;2;3613802;2861;48;0;1
FR;3;2022-07-20;0;0;0;0;0;0;0;0;0;4416870;3441712;4463;2;3613802;2861;48;0;1
FR;3;2022-07-21;0;0;0;0;0;0;0;0;0;4416870;3441712;4463;2;3613802;2861;48;0;1
FR;3;2022-07-22;0;0;0;0;0;0;0;0;0;4416870;3441712;4463;2;3613802;2861;48;0;1
FR;3;2022-07-23;0;0;0;0;0;0;0;0;0;4416870;3441712;4463;2;3613802;2861;48;0;1
FR;3;2022-07-24;0;0;0;0;0;0;0;0;0;4416870;3441712;4463;2;3613802;2861;48;0;1
FR;3;2022-07-25;0;0;0;0;0;0;0;0;0;4416870;3441712;4463;2;3613802;2861;48;0;1
FR;3;2022-07-26;0;0;0;0;0;0;0;0;0;4416870;3441712;4463;2;3613802;2861;48;0;1
FR;3;2022-07-27;0;0;0;0;0;0;0;0;0;4416870;3441712;4463;2;3613802;2861;48;0;1
FR;3;2022-07-28;0;0;0;0;0;0;0;0;0;4416870;3441712;4463;2;3613802;2861;48;0;1
FR;3;2022-07-29;0;0;0;0;0;0;0;0;0;4416870;3441712;4463;2;3613802;2861;48;0;1
FR;3;2022-07-30;0;0;0;0;0;0;0;0;0;4416870;3441712;4463;2;3613802;2861;48;0;1
FR;3;2022-07-31;0;0;0;0;0;0;0;0;0;4416870;3441712;4463;2;3613802;2861;48;0;1
FR;3;2022-08-01;0;0;0;0;0;0;0;0;0;4416870;3441712;4463;2;3613802;2861;48;0;1
FR;3;2022-08-02;0;0;0;0;0;0;0;0;0;4416870;3441712;4463;2;3613802;2861;48;0;1
FR;3;2022-08-03;0;0;0;0;0;0;0;0;0;4416870;3441712;4463;2;3613802;2861;48;0;1
FR;3;2022-08-04;0;0;0;0;0;0;0;0;0;4416870;3441712;4463;2;3613802;2861;48;0;1
FR;3;2022-08-05;0;0;0;0;0;0;0;0;0;4416870;3441712;4463;2;3613802;2861;48;0;1
FR;3;2022-08-06;0;0;0;0;0;0;0;0;0;4416870;3441712;4463;2;3613802;2861;48;0;1
FR;3;2022-08-07;0;0;0;0;0;0;0;0;0;4416870;3441712;4463;2;3613802;2861;48;0;1
FR;3;2022-08-08;0;0;0;0;0;0;0;0;0;4416870;3441712;4463;2;3613802;2861;48;0;1
FR;3;2022-08-09;0;0;0;0;0;0;0;0;0;4416870;3441712;4463;2;3613802;2861;48;0;1
FR;3;2022-08-10;0;0;0;0;0;0;0;0;0;4416870;3441712;4463;2;3613802;2861;48;0;1
FR;3;2022-08-11;0;0;0;0;0;0;0;0;0;4416870;3441712;4463;2;3613802;2861;48;0;1
FR;3;2022-08-12;0;0;0;0;0;0;0;0;0;4416870;3441712;4463;2;3613802;2861;48;0;1
FR;3;2022-08-13;0;0;0;0;0;0;0;0;0;4416870;3441712;4463;2;3613802;2861;48;0;1
FR;3;2022-08-14;0;0;0;0;0;0;0;0;0;4416870;3441712;4463;2;3613802;2861;48;0;1
FR;3;2022-08-15;0;0;0;0;0;0;0;0;0;4416870;3441712;4463;2;3613802;2861;48;0;1
FR;3;2022-08-16;0;0;0;0;0;0;0;0;0;4416870;3441712;4463;2;3613802;2861;48;0;1
FR;3;2022-08-17;0;0;0;0;0;0;0;0;0;4416870;3441712;4463;2;3613802;2861;48;0;1
FR;3;2022-08-18;0;0;0;0;0;0;0;0;0;4416870;3441712;4463;2;3613802;2861;48;0;1
FR;3;2022-08-19;0;0;0;0;0;0;0;0;0;4416870;3441712;4463;2;3613802;2861;48;0;1
FR;3;2022-08-20;0;0;0;0;0;0;0;0;0;4416870;3441712;4463;2;3613802;2861;48;0;1
FR;3;2022-08-21;0;0;0;0;0;0;0;0;0;4416870;3441712;4463;2;3613802;2861;48;0;1
FR;3;2022-08-22;0;0;0;0;0;0;0;0;0;4416870;3441712;4463;2;3613802;2861;48;0;1
FR;3;2022-08-23;0;0;0;0;0;0;0;0;0;4416870;3441712;4463;2;3613802;2861;48;0;1
FR;3;2022-08-24;0;0;0;0;0;0;0;0;0;4416870;3441712;4463;2;3613802;2861;48;0;1
FR;3;2022-08-25;0;0;0;0;0;0;0;0;0;4416870;3441712;4463;2;3613802;2861;48;0;1
FR;3;2022-08-26;0;0;0;0;0;0;0;0;0;4416870;3441712;4463;2;3613802;2861;48;0;1
FR;3;2022-08-27;0;0;0;0;0;0;0;0;0;4416870;3441712;4463;2;3613802;2861;48;0;1
FR;3;2022-08-28;0;0;0;0;0;0;0;0;0;4416870;3441712;4463;2;3613802;2861;48;0;1
FR;3;2022-08-29;0;0;0;0;0;0;0;0;0;4416870;3441712;4463;2;3613802;2861;48;0;1
FR;3;2022-08-30;0;0;0;0;0;0;0;0;0;4416870;3441712;4463;2;3613802;2861;48;0;1
FR;3;2022-08-31;0;0;0;0;0;0;0;0;0;4416870;3441712;4463;2;3613802;2861;48;0;1
FR;3;2022-09-01;0;0;0;0;0;0;0;0;0;4416870;3441712;4463;2;3613802;2861;48;0;1
FR;3;2022-09-02;0;0;0;0;0;0;0;0;0;4416870;3441712;4463;2;3613802;2861;48;0;1
FR;3;2022-09-03;0;0;0;0;0;0;0;0;0;4416870;3441712;4463;2;3613802;2861;48;0;1
FR;3;2022-09-04;0;0;0;0;0;0;0;0;0;4416870;3441712;4463;2;3613802;2861;48;0;1
FR;3;2022-09-05;0;0;0;0;0;0;0;0;0;4416870;3441712;4463;2;3613802;2861;48;0;1
FR;3;2022-09-06;0;0;0;0;0;0;0;0;0;4416870;3441712;4463;2;3613802;2861;48;0;1
FR;3;2022-09-07;0;0;0;0;0;0;0;0;0;4416870;3441712;4463;2;3613802;2861;48;0;1
FR;3;2022-09-08;0;0;0;0;0;0;0;0;0;4416870;3441712;4463;2;3613802;2861;48;0;1
FR;3;2022-09-09;0;0;0;0;0;0;0;0;0;4416870;3441712;4463;2;3613802;2861;48;0;1
FR;3;2022-09-10;0;0;0;0;0;0;0;0;0;4416870;3441712;4463;2;3613802;2861;48;0;1
FR;3;2022-09-11;0;0;0;0;0;0;0;0;0;4416870;3441712;4463;2;3613802;2861;48;0;1
FR;3;2022-09-12;0;0;0;0;0;0;0;0;0;4416870;3441712;4463;2;3613802;2861;48;0;1
FR;3;2022-09-13;0;0;0;0;0;0;0;0;0;4416870;3441712;4463;2;3613802;2861;48;0;1
FR;3;2022-09-14;0;0;0;0;0;0;0;0;0;4416870;3441712;4463;2;3613802;2861;48;0;1
FR;3;2022-09-15;0;0;0;0;0;0;0;0;0;4416870;3441712;4463;2;3613802;2861;48;0;1
FR;3;2022-09-16;0;0;0;0;0;0;0;0;0;4416870;3441712;4463;2;3613802;2861;48;0;1
FR;3;2022-09-17;0;0;0;0;0;0;0;0;0;4416870;3441712;4463;2;3613802;2861;48;0;1
FR;3;2022-09-18;0;0;0;0;0;0;0;0;0;4416870;3441712;4463;2;3613802;2861;48;0;1
FR;3;2022-09-19;0;0;0;0;0;0;0;0;0;4416870;3441712;4463;2;3613802;2861;48;0;1
FR;3;2022-09-20;0;0;0;0;0;0;0;0;0;4416870;3441712;4463;2;3613802;2861;48;0;1
FR;3;2022-09-21;0;0;0;0;0;0;0;0;0;4416870;3441712;4463;2;3613802;2861;48;0;1
FR;3;2022-09-22;0;0;0;0;0;0;0;0;0;4416870;3441712;4463;2;3613802;2861;48;0;1
FR;3;2022-09-23;0;0;0;0;0;0;0;0;0;4416870;3441712;4463;2;3613802;2861;48;0;1
FR;3;2022-09-24;0;0;0;0;0;0;0;0;0;4416870;3441712;4463;2;3613802;2861;48;0;1
FR;3;2022-09-25;0;0;0;0;0;0;0;0;0;4416870;3441712;4463;2;3613802;2861;48;0;1
FR;3;2022-09-26;0;0;0;0;0;0;0;0;0;4416870;3441712;4463;2;3613802;2861;48;0;1
FR;3;2022-09-27;0;0;0;0;0;0;0;0;0;4416870;3441712;4463;2;3613802;2861;48;0;1
FR;3;2022-09-28;0;0;0;0;0;0;0;0;0;4416870;3441712;4463;2;3613802;2861;48;0;1
FR;3;2022-09-29;0;0;0;0;0;0;0;0;0;4416870;3441712;4463;2;3613802;2861;48;0;1
FR;3;2022-09-30;0;0;0;0;0;0;0;0;0;4416870;3441712;4463;2;3613802;2861;48;0;1
FR;3;2022-10-01;0;0;0;0;0;0;0;0;0;4416870;3441712;4463;2;3613802;2861;48;0;1
FR;3;2022-10-02;0;0;0;0;0;0;0;0;0;4416870;3441712;4463;2;3613802;2861;48;0;1
FR;3;2022-10-03;0;0;0;0;0;0;0;0;0;4416870;3441712;4463;2;3613802;2861;48;0;1
FR;3;2022-10-04;0;0;0;0;0;0;0;0;0;4416870;3441712;4463;2;3613802;2861;48;0;1
FR;3;2022-10-05;0;0;0;0;0;0;0;0;0;4416870;3441712;4463;2;3613802;2861;48;0;1
FR;3;2022-10-06;0;0;0;0;0;0;0;0;0;4416870;3441712;4463;2;3613802;2861;48;0;1
FR;3;2022-10-07;0;0;0;0;0;0;0;0;0;4416870;3441712;4463;2;3613802;2861;48;0;1
FR;3;2022-10-08;0;0;0;0;0;0;0;0;0;4416870;3441712;4463;2;3613802;2861;48;0;1
FR;3;2022-10-09;0;0;0;0;0;0;0;0;0;4416870;3441712;4463;2;3613802;2861;48;0;1
FR;3;2022-10-10;0;0;0;0;0;0;0;0;0;4416870;3441712;4463;2;3613802;2861;48;0;1
FR;3;2022-10-11;0;0;0;0;0;0;0;0;0;4416870;3441712;4463;2;3613802;2861;48;0;1
FR;3;2022-10-12;0;0;0;0;0;0;0;0;0;4416870;3441712;4463;2;3613802;2861;48;0;1
FR;3;2022-10-13;0;0;0;0;0;0;0;0;0;4416870;3441712;4463;2;3613802;2861;48;0;1
FR;3;2022-10-14;0;0;0;0;0;0;0;0;0;4416870;3441712;4463;2;3613802;2861;48;0;1
FR;3;2022-10-15;0;0;0;0;0;0;0;0;0;4416870;3441712;4463;2;3613802;2861;48;0;1
FR;3;2022-10-16;0;0;0;0;0;0;0;0;0;4416870;3441712;4463;2;3613802;2861;48;0;1
FR;3;2022-10-17;0;0;0;0;0;0;0;0;0;4416870;3441712;4463;2;3613802;2861;48;0;1
FR;3;2022-10-18;0;0;0;0;0;0;0;0;0;4416870;3441712;4463;2;3613802;2861;48;0;1
FR;3;2022-10-19;0;0;0;0;0;0;0;0;0;4416870;3441712;4463;2;3613802;2861;48;0;1
FR;3;2022-10-20;0;0;0;0;0;0;0;0;0;4416870;3441712;4463;2;3613802;2861;48;0;1
FR;3;2022-10-21;0;0;0;0;0;0;0;0;0;4416870;3441712;4463;2;3613802;2861;48;0;1
FR;3;2022-10-22;0;0;0;0;0;0;0;0;0;4416870;3441712;4463;2;3613802;2861;48;0;1
FR;3;2022-10-23;0;0;0;0;0;0;0;0;0;4416870;3441712;4463;2;3613802;2861;48;0;1
FR;3;2022-10-24;0;0;0;0;0;0;0;0;0;4416870;3441712;4463;2;3613802;2861;48;0;1
FR;3;2022-10-25;0;0;0;0;0;0;0;0;0;4416870;3441712;4463;2;3613802;2861;48;0;1
FR;3;2022-10-26;0;0;0;0;0;0;0;0;0;4416870;3441712;4463;2;3613802;2861;48;0;1
FR;3;2022-10-27;0;0;0;0;0;0;0;0;0;4416870;3441712;4463;2;3613802;2861;48;0;1
FR;3;2022-10-28;0;0;0;0;0;0;0;0;0;4416870;3441712;4463;2;3613802;2861;48;0;1
FR;3;2022-10-29;0;0;0;0;0;0;0;0;0;4416870;3441712;4463;2;3613802;2861;48;0;1
FR;3;2022-10-30;0;0;0;0;0;0;0;0;0;4416870;3441712;4463;2;3613802;2861;48;0;1
FR;3;2022-10-31;0;0;0;0;0;0;0;0;0;4416870;3441712;4463;2;3613802;2861;48;0;1
FR;3;2022-11-01;0;0;0;0;0;0;0;0;0;4416870;3441712;4463;2;3613802;2861;48;0;1
FR;3;2022-11-02;0;0;0;0;0;0;0;0;0;4416870;3441712;4463;2;3613802;2861;48;0;1
FR;3;2022-11-03;0;0;0;0;0;0;0;0;0;4416870;3441712;4463;2;3613802;2861;48;0;1
FR;3;2022-11-04;0;0;0;0;0;0;0;0;0;4416870;3441712;4463;2;3613802;2861;48;0;1
FR;3;2022-11-05;0;0;0;0;0;0;0;0;0;4416870;3441712;4463;2;3613802;2861;48;0;1
FR;3;2022-11-06;0;0;0;0;0;0;0;0;0;4416870;3441712;4463;2;3613802;2861;48;0;1
FR;3;2022-11-07;0;0;0;0;0;0;0;0;0;4416870;3441712;4463;2;3613802;2861;48;0;1
FR;3;2022-11-08;1;0;0;0;0;0;0;0;0;4416871;3441712;4463;2;3613802;2861;48;0;1
FR;3;2022-11-09;0;0;0;0;0;0;0;0;0;4416871;3441712;4463;2;3613802;2861;48;0;1
FR;3;2022-11-10;0;0;0;0;0;0;0;0;0;4416871;3441712;4463;2;3613802;2861;48;0;1
FR;3;2022-11-11;0;0;0;0;0;0;0;0;0;4416871;3441712;4463;2;3613802;2861;48;0;1
FR;3;2022-11-12;0;0;0;0;0;0;0;0;0;4416871;3441712;4463;2;3613802;2861;48;0;1
FR;3;2022-11-13;0;0;0;0;0;0;0;0;0;4416871;3441712;4463;2;3613802;2861;48;0;1
FR;3;2022-11-14;0;0;0;0;0;0;0;0;0;4416871;3441712;4463;2;3613802;2861;48;0;1
FR;3;2022-11-15;0;0;0;0;0;0;0;0;0;4416871;3441712;4463;2;3613802;2861;48;0;1
FR;3;2022-11-16;0;0;0;0;0;0;0;0;0;4416871;3441712;4463;2;3613802;2861;48;0;1
FR;3;2022-11-17;0;0;0;0;0;0;0;0;0;4416871;3441712;4463;2;3613802;2861;48;0;1
FR;3;2022-11-18;0;0;0;0;0;0;0;0;0;4416871;3441712;4463;2;3613802;2861;48;0;1
FR;3;2022-11-19;0;0;0;0;0;0;0;0;0;4416871;3441712;4463;2;3613802;2861;48;0;1
FR;3;2022-11-20;0;0;0;0;0;0;0;0;0;4416871;3441712;4463;2;3613802;2861;48;0;1
FR;3;2022-11-21;0;0;0;0;0;0;0;0;0;4416871;3441712;4463;2;3613802;2861;48;0;1
FR;3;2022-11-22;0;0;0;0;0;0;0;0;0;4416871;3441712;4463;2;3613802;2861;48;0;1
FR;3;2022-11-23;0;0;0;0;0;0;0;0;0;4416871;3441712;4463;2;3613802;2861;48;0;1
FR;3;2022-11-24;0;0;0;0;0;0;0;0;0;4416871;3441712;4463;2;3613802;2861;48;0;1
FR;3;2022-11-25;0;0;0;0;0;0;0;0;0;4416871;3441712;4463;2;3613802;2861;48;0;1
FR;3;2022-11-26;0;0;0;0;0;0;0;0;0;4416871;3441712;4463;2;3613802;2861;48;0;1
FR;3;2022-11-27;0;0;0;0;0;0;0;0;0;4416871;3441712;4463;2;3613802;2861;48;0;1
FR;3;2022-11-28;0;0;0;0;0;0;0;0;0;4416871;3441712;4463;2;3613802;2861;48;0;1
FR;3;2022-11-29;0;0;0;0;0;0;0;0;0;4416871;3441712;4463;2;3613802;2861;48;0;1
FR;3;2022-11-30;0;0;0;0;0;0;0;0;0;4416871;3441712;4463;2;3613802;2861;48;0;1
FR;3;2022-12-01;0;0;0;0;0;0;0;0;0;4416871;3441712;4463;2;3613802;2861;48;0;1
FR;3;2022-12-02;0;0;0;0;0;0;0;0;0;4416871;3441712;4463;2;3613802;2861;48;0;1
FR;3;2022-12-03;0;0;0;0;0;0;0;0;0;4416871;3441712;4463;2;3613802;2861;48;0;1
FR;3;2022-12-04;0;0;0;0;0;0;0;0;0;4416871;3441712;4463;2;3613802;2861;48;0;1
FR;3;2022-12-05;0;0;0;0;0;0;0;0;0;4416871;3441712;4463;2;3613802;2861;48;0;1
FR;3;2022-12-06;0;0;0;0;0;0;0;0;0;4416871;3441712;4463;2;3613802;2861;48;0;1
FR;3;2022-12-07;0;0;0;0;0;0;0;0;0;4416871;3441712;4463;2;3613802;2861;48;0;1
FR;3;2022-12-08;0;0;0;0;0;0;0;0;0;4416871;3441712;4463;2;3613802;2861;48;0;1
FR;3;2022-12-09;0;0;0;0;0;0;0;0;0;4416871;3441712;4463;2;3613802;2861;48;0;1
FR;3;2022-12-10;0;0;0;0;0;0;0;0;0;4416871;3441712;4463;2;3613802;2861;48;0;1
FR;3;2022-12-11;0;0;0;0;0;0;0;0;0;4416871;3441712;4463;2;3613802;2861;48;0;1
FR;3;2022-12-12;0;0;0;0;0;0;0;0;0;4416871;3441712;4463;2;3613802;2861;48;0;1
FR;3;2022-12-13;0;0;0;0;0;0;0;0;0;4416871;3441712;4463;2;3613802;2861;48;0;1
FR;3;2022-12-14;0;0;0;0;0;0;0;0;0;4416871;3441712;4463;2;3613802;2861;48;0;1
FR;3;2022-12-15;0;0;0;0;0;0;0;0;0;4416871;3441712;4463;2;3613802;2861;48;0;1
FR;3;2022-12-16;0;0;0;0;0;0;0;0;0;4416871;3441712;4463;2;3613802;2861;48;0;1
FR;3;2022-12-17;0;0;0;0;0;0;0;0;0;4416871;3441712;4463;2;3613802;2861;48;0;1
FR;3;2022-12-18;0;0;0;0;0;0;0;0;0;4416871;3441712;4463;2;3613802;2861;48;0;1
FR;3;2022-12-19;0;0;0;0;0;0;0;0;0;4416871;3441712;4463;2;3613802;2861;48;0;1
FR;3;2022-12-20;0;0;0;0;0;0;0;0;0;4416871;3441712;4463;2;3613802;2861;48;0;1
FR;3;2022-12-21;0;0;0;0;0;0;0;0;0;4416871;3441712;4463;2;3613802;2861;48;0;1
FR;3;2022-12-22;0;0;0;0;0;0;0;0;0;4416871;3441712;4463;2;3613802;2861;48;0;1
FR;3;2022-12-23;0;0;0;0;0;0;0;0;0;4416871;3441712;4463;2;3613802;2861;48;0;1
FR;3;2022-12-24;0;0;0;0;0;0;0;0;0;4416871;3441712;4463;2;3613802;2861;48;0;1
FR;3;2022-12-25;0;0;0;0;0;0;0;0;0;4416871;3441712;4463;2;3613802;2861;48;0;1
FR;3;2022-12-26;0;0;0;0;0;0;0;0;0;4416871;3441712;4463;2;3613802;2861;48;0;1
FR;3;2022-12-27;0;0;0;0;0;0;0;0;0;4416871;3441712;4463;2;3613802;2861;48;0;1
FR;3;2022-12-28;0;0;0;0;0;0;0;0;0;4416871;3441712;4463;2;3613802;2861;48;0;1
FR;3;2022-12-29;0;0;0;0;0;0;0;0;0;4416871;3441712;4463;2;3613802;2861;48;0;1
FR;3;2022-12-30;0;0;0;0;0;0;0;0;0;4416871;3441712;4463;2;3613802;2861;48;0;1
FR;3;2022-12-31;0;0;0;0;0;0;0;0;0;4416871;3441712;4463;2;3613802;2861;48;0;1
FR;3;2023-01-01;0;0;0;0;0;0;0;0;0;4416871;3441712;4463;2;3613802;2861;48;0;1
FR;3;2023-01-02;0;0;0;0;0;0;0;0;0;4416871;3441712;4463;2;3613802;2861;48;0;1
FR;3;2023-01-03;0;0;0;0;0;0;0;0;0;4416871;3441712;4463;2;3613802;2861;48;0;1
FR;3;2023-01-04;0;0;0;0;0;0;0;0;0;4416871;3441712;4463;2;3613802;2861;48;0;1
FR;3;2023-01-05;0;0;0;0;0;0;0;0;0;4416871;3441712;4463;2;3613802;2861;48;0;1
FR;3;2023-01-06;0;0;0;0;0;0;0;0;0;4416871;3441712;4463;2;3613802;2861;48;0;1
FR;3;2023-01-07;0;0;0;0;0;0;0;0;0;4416871;3441712;4463;2;3613802;2861;48;0;1
FR;3;2023-01-08;0;0;0;0;0;0;0;0;0;4416871;3441712;4463;2;3613802;2861;48;0;1
FR;3;2023-01-09;0;0;0;0;0;0;0;0;0;4416871;3441712;4463;2;3613802;2861;48;0;1
FR;3;2023-01-10;0;0;0;0;0;0;0;0;0;4416871;3441712;4463;2;3613802;2861;48;0;1
FR;3;2023-01-11;0;0;0;0;0;0;0;0;0;4416871;3441712;4463;2;3613802;2861;48;0;1
FR;3;2023-01-12;0;0;0;0;0;0;0;0;0;4416871;3441712;4463;2;3613802;2861;48;0;1
FR;3;2023-01-13;0;0;0;0;0;0;0;0;0;4416871;3441712;4463;2;3613802;2861;48;0;1
FR;3;2023-01-14;0;0;0;0;0;0;0;0;0;4416871;3441712;4463;2;3613802;2861;48;0;1
FR;3;2023-01-15;0;0;0;0;0;0;0;0;0;4416871;3441712;4463;2;3613802;2861;48;0;1
FR;3;2023-01-16;0;0;0;0;0;0;0;0;0;4416871;3441712;4463;2;3613802;2861;48;0;1
FR;3;2023-01-17;0;0;0;0;0;0;0;0;0;4416871;3441712;4463;2;3613802;2861;48;0;1
FR;3;2023-01-18;0;0;0;0;0;0;0;0;0;4416871;3441712;4463;2;3613802;2861;48;0;1
FR;3;2023-01-19;0;0;0;0;0;0;0;0;0;4416871;3441712;4463;2;3613802;2861;48;0;1
FR;3;2023-01-20;0;0;0;0;0;0;0;0;0;4416871;3441712;4463;2;3613802;2861;48;0;1
FR;3;2023-01-21;0;0;0;0;0;0;0;0;0;4416871;3441712;4463;2;3613802;2861;48;0;1
FR;3;2023-01-22;0;0;0;0;0;0;0;0;0;4416871;3441712;4463;2;3613802;2861;48;0;1
FR;3;2023-01-23;0;0;0;0;0;0;0;0;0;4416871;3441712;4463;2;3613802;2861;48;0;1
FR;3;2023-01-24;0;0;0;0;0;0;0;0;0;4416871;3441712;4463;2;3613802;2861;48;0;1
FR;3;2023-01-25;1;0;0;0;0;0;0;0;0;4416872;3441712;4463;2;3613802;2861;48;0;1
FR;3;2023-01-26;0;0;0;0;0;0;0;0;0;4416872;3441712;4463;2;3613802;2861;48;0;1
FR;3;2023-01-27;0;0;0;0;0;0;0;0;0;4416872;3441712;4463;2;3613802;2861;48;0;1
FR;3;2023-01-28;0;0;0;0;0;0;0;0;0;4416872;3441712;4463;2;3613802;2861;48;0;1
FR;3;2023-01-29;0;0;0;0;0;0;0;0;0;4416872;3441712;4463;2;3613802;2861;48;0;1
FR;3;2023-01-30;0;0;0;0;0;0;0;0;0;4416872;3441712;4463;2;3613802;2861;48;0;1
FR;3;2023-01-31;0;0;0;0;0;0;0;0;0;4416872;3441712;4463;2;3613802;2861;48;0;1
FR;3;2023-02-01;0;0;0;0;0;0;0;0;0;4416872;3441712;4463;2;3613802;2861;48;0;1
FR;3;2023-02-02;0;0;0;0;0;0;0;0;0;4416872;3441712;4463;2;3613802;2861;48;0;1
FR;3;2023-02-03;0;0;0;0;0;0;0;0;0;4416872;3441712;4463;2;3613802;2861;48;0;1
FR;3;2023-02-04;0;0;0;0;0;0;0;0;0;4416872;3441712;4463;2;3613802;2861;48;0;1
FR;3;2023-02-05;0;0;0;0;0;0;0;0;0;4416872;3441712;4463;2;3613802;2861;48;0;1
FR;3;2023-02-06;0;0;0;0;0;0;0;0;0;4416872;3441712;4463;2;3613802;2861;48;0;1
FR;3;2023-02-07;0;0;0;0;0;0;0;0;0;4416872;3441712;4463;2;3613802;2861;48;0;1
FR;3;2023-02-08;0;0;0;0;0;0;0;0;0;4416872;3441712;4463;2;3613802;2861;48;0;1
FR;3;2023-02-09;0;0;0;0;0;0;0;0;0;4416872;3441712;4463;2;3613802;2861;48;0;1
FR;3;2023-02-10;0;0;0;0;0;0;0;0;0;4416872;3441712;4463;2;3613802;2861;48;0;1
FR;3;2023-02-11;0;0;0;0;0;0;0;0;0;4416872;3441712;4463;2;3613802;2861;48;0;1
FR;3;2023-02-12;0;0;0;0;0;0;0;0;0;4416872;3441712;4463;2;3613802;2861;48;0;1
FR;3;2023-02-13;0;0;0;0;0;0;0;0;0;4416872;3441712;4463;2;3613802;2861;48;0;1
FR;3;2023-02-14;0;0;0;0;0;0;0;0;0;4416872;3441712;4463;2;3613802;2861;48;0;1
FR;3;2023-02-15;0;0;0;0;0;0;0;0;0;4416872;3441712;4463;2;3613802;2861;48;0;1
FR;3;2023-02-16;0;0;0;0;0;0;0;0;0;4416872;3441712;4463;2;3613802;2861;48;0;1
FR;3;2023-02-17;0;0;0;0;0;0;0;0;0;4416872;3441712;4463;2;3613802;2861;48;0;1
FR;3;2023-02-18;0;0;0;0;0;0;0;0;0;4416872;3441712;4463;2;3613802;2861;48;0;1
FR;3;2023-02-19;0;0;0;0;0;0;0;0;0;4416872;3441712;4463;2;3613802;2861;48;0;1
FR;3;2023-02-20;0;0;0;0;0;0;0;0;0;4416872;3441712;4463;2;3613802;2861;48;0;1
FR;3;2023-02-21;0;0;0;0;0;0;0;0;0;4416872;3441712;4463;2;3613802;2861;48;0;1
FR;3;2023-02-22;0;0;0;0;0;0;0;0;0;4416872;3441712;4463;2;3613802;2861;48;0;1
FR;3;2023-02-23;0;0;0;0;0;0;0;0;0;4416872;3441712;4463;2;3613802;2861;48;0;1
FR;3;2023-02-24;0;0;0;0;0;0;0;0;0;4416872;3441712;4463;2;3613802;2861;48;0;1
FR;3;2023-02-25;0;0;0;0;0;0;0;0;0;4416872;3441712;4463;2;3613802;2861;48;0;1
FR;3;2023-02-26;0;0;0;0;0;0;0;0;0;4416872;3441712;4463;2;3613802;2861;48;0;1
FR;3;2023-02-27;0;0;0;0;0;0;0;0;0;4416872;3441712;4463;2;3613802;2861;48;0;1
FR;3;2023-02-28;0;0;0;0;0;0;0;0;0;4416872;3441712;4463;2;3613802;2861;48;0;1
FR;3;2023-03-01;0;0;0;0;0;0;0;0;0;4416872;3441712;4463;2;3613802;2861;48;0;1
FR;3;2023-03-02;0;0;0;0;0;0;0;0;0;4416872;3441712;4463;2;3613802;2861;48;0;1
FR;3;2023-03-03;0;0;0;0;0;0;0;0;0;4416872;3441712;4463;2;3613802;2861;48;0;1
FR;3;2023-03-04;0;0;0;0;0;0;0;0;0;4416872;3441712;4463;2;3613802;2861;48;0;1
FR;3;2023-03-05;0;0;0;0;0;0;0;0;0;4416872;3441712;4463;2;3613802;2861;48;0;1
FR;3;2023-03-06;0;0;0;0;0;0;0;0;0;4416872;3441712;4463;2;3613802;2861;48;0;1
FR;3;2023-03-07;0;0;0;0;0;0;0;0;0;4416872;3441712;4463;2;3613802;2861;48;0;1
FR;3;2023-03-08;0;0;0;0;0;0;0;0;0;4416872;3441712;4463;2;3613802;2861;48;0;1
FR;3;2023-03-09;0;0;0;0;0;0;0;0;0;4416872;3441712;4463;2;3613802;2861;48;0;1
FR;3;2023-03-10;0;0;0;0;0;0;0;0;0;4416872;3441712;4463;2;3613802;2861;48;0;1
FR;3;2023-03-11;0;0;0;0;0;0;0;0;0;4416872;3441712;4463;2;3613802;2861;48;0;1
FR;3;2023-03-12;0;0;0;0;0;0;0;0;0;4416872;3441712;4463;2;3613802;2861;48;0;1
FR;3;2023-03-13;0;0;0;0;0;0;0;0;0;4416872;3441712;4463;2;3613802;2861;48;0;1
FR;3;2023-03-14;0;0;0;0;0;0;0;0;0;4416872;3441712;4463;2;3613802;2861;48;0;1
FR;3;2023-03-15;0;0;0;0;0;0;0;0;0;4416872;3441712;4463;2;3613802;2861;48;0;1
FR;3;2023-03-16;0;0;0;0;0;0;0;0;0;4416872;3441712;4463;2;3613802;2861;48;0;1
FR;3;2023-03-17;0;0;0;0;0;0;0;0;0;4416872;3441712;4463;2;3613802;2861;48;0;1
FR;3;2023-03-18;0;0;0;0;0;0;0;0;0;4416872;3441712;4463;2;3613802;2861;48;0;1
FR;3;2023-03-19;0;0;0;0;0;0;0;0;0;4416872;3441712;4463;2;3613802;2861;48;0;1
FR;3;2023-03-20;0;0;0;0;0;0;0;0;0;4416872;3441712;4463;2;3613802;2861;48;0;1
FR;3;2023-03-21;0;0;0;0;0;0;0;0;0;4416872;3441712;4463;2;3613802;2861;48;0;1
FR;3;2023-03-22;0;0;0;0;0;0;0;0;0;4416872;3441712;4463;2;3613802;2861;48;0;1
FR;3;2023-03-23;0;0;0;0;0;0;0;0;0;4416872;3441712;4463;2;3613802;2861;48;0;1
FR;3;2023-03-24;0;0;0;0;0;0;0;0;0;4416872;3441712;4463;2;3613802;2861;48;0;1
FR;3;2023-03-25;0;0;0;0;0;0;0;0;0;4416872;3441712;4463;2;3613802;2861;48;0;1
FR;3;2023-03-26;0;0;0;0;0;0;0;0;0;4416872;3441712;4463;2;3613802;2861;48;0;1
FR;3;2023-03-27;0;0;0;0;0;0;0;0;0;4416872;3441712;4463;2;3613802;2861;48;0;1
FR;3;2023-03-28;0;0;0;0;0;0;0;0;0;4416872;3441712;4463;2;3613802;2861;48;0;1
FR;3;2023-03-29;0;0;0;0;0;0;0;0;0;4416872;3441712;4463;2;3613802;2861;48;0;1
FR;3;2023-03-30;0;0;0;0;0;0;0;0;0;4416872;3441712;4463;2;3613802;2861;48;0;1
FR;3;2023-03-31;0;0;0;0;0;0;0;0;0;4416872;3441712;4463;2;3613802;2861;48;0;1
FR;3;2023-04-01;0;0;0;0;0;0;0;0;0;4416872;3441712;4463;2;3613802;2861;48;0;1
FR;3;2023-04-02;0;0;0;0;0;0;0;0;0;4416872;3441712;4463;2;3613802;2861;48;0;1
FR;3;2023-04-03;0;0;0;0;0;0;0;0;0;4416872;3441712;4463;2;3613802;2861;48;0;1
FR;3;2023-04-04;0;0;0;0;0;0;0;0;0;4416872;3441712;4463;2;3613802;2861;48;0;1
FR;3;2023-04-05;0;0;0;0;0;0;0;0;0;4416872;3441712;4463;2;3613802;2861;48;0;1
FR;3;2023-04-06;0;0;0;0;0;0;0;0;0;4416872;3441712;4463;2;3613802;2861;48;0;1
FR;3;2023-04-07;0;0;0;0;0;0;0;0;0;4416872;3441712;4463;2;3613802;2861;48;0;1
FR;3;2023-04-08;0;0;0;0;0;0;0;0;0;4416872;3441712;4463;2;3613802;2861;48;0;1
FR;3;2023-04-09;0;0;0;0;0;0;0;0;0;4416872;3441712;4463;2;3613802;2861;48;0;1
FR;3;2023-04-10;0;0;0;0;0;0;0;0;0;4416872;3441712;4463;2;3613802;2861;48;0;1
FR;3;2023-04-11;0;0;0;0;0;0;0;0;0;4416872;3441712;4463;2;3613802;2861;48;0;1
FR;3;2023-04-12;0;0;0;0;0;0;0;0;0;4416872;3441712;4463;2;3613802;2861;48;0;1
FR;3;2023-04-13;0;0;0;0;0;0;0;0;0;4416872;3441712;4463;2;3613802;2861;48;0;1
FR;3;2023-04-14;0;0;0;0;0;0;0;0;0;4416872;3441712;4463;2;3613802;2861;48;0;1
FR;3;2023-04-15;0;0;0;0;0;0;0;0;0;4416872;3441712;4463;2;3613802;2861;48;0;1
FR;3;2023-04-16;0;0;0;0;0;0;0;0;0;4416872;3441712;4463;2;3613802;2861;48;0;1
FR;3;2023-04-17;0;0;0;0;0;0;0;0;0;4416872;3441712;4463;2;3613802;2861;48;0;1
FR;3;2023-04-18;0;0;0;0;0;0;0;0;0;4416872;3441712;4463;2;3613802;2861;48;0;1
FR;3;2023-04-19;0;0;0;0;0;0;0;0;0;4416872;3441712;4463;2;3613802;2861;48;0;1
FR;3;2023-04-20;0;0;0;0;0;0;0;0;0;4416872;3441712;4463;2;3613802;2861;48;0;1
FR;3;2023-04-21;0;0;0;0;0;0;0;0;0;4416872;3441712;4463;2;3613802;2861;48;0;1
FR;3;2023-04-22;0;0;0;0;0;0;0;0;0;4416872;3441712;4463;2;3613802;2861;48;0;1
FR;3;2023-04-23;0;0;0;0;0;0;0;0;0;4416872;3441712;4463;2;3613802;2861;48;0;1
FR;3;2023-04-24;0;0;0;0;0;0;0;0;0;4416872;3441712;4463;2;3613802;2861;48;0;1
FR;3;2023-04-25;0;0;0;0;0;0;0;0;0;4416872;3441712;4463;2;3613802;2861;48;0;1
FR;3;2023-04-26;0;0;0;0;0;0;0;0;0;4416872;3441712;4463;2;3613802;2861;48;0;1
FR;3;2023-04-27;0;0;0;0;0;0;0;0;0;4416872;3441712;4463;2;3613802;2861;48;0;1
FR;3;2023-04-28;0;0;0;0;0;0;0;0;0;4416872;3441712;4463;2;3613802;2861;48;0;1
FR;3;2023-04-29;0;0;0;0;0;0;0;0;0;4416872;3441712;4463;2;3613802;2861;48;0;1
FR;3;2023-04-30;0;0;0;0;0;0;0;0;0;4416872;3441712;4463;2;3613802;2861;48;0;1
FR;3;2023-05-01;0;0;0;0;0;0;0;0;0;4416872;3441712;4463;2;3613802;2861;48;0;1
FR;3;2023-05-02;0;0;0;0;0;0;0;0;0;4416872;3441712;4463;2;3613802;2861;48;0;1
FR;3;2023-05-03;0;0;0;0;0;0;0;0;0;4416872;3441712;4463;2;3613802;2861;48;0;1
FR;3;2023-05-04;0;0;0;0;0;0;0;0;0;4416872;3441712;4463;2;3613802;2861;48;0;1
FR;3;2023-05-05;0;0;0;0;0;0;0;0;0;4416872;3441712;4463;2;3613802;2861;48;0;1
FR;3;2023-05-06;0;0;0;0;0;0;0;0;0;4416872;3441712;4463;2;3613802;2861;48;0;1
FR;3;2023-05-07;0;0;0;0;0;0;0;0;0;4416872;3441712;4463;2;3613802;2861;48;0;1
FR;3;2023-05-08;0;0;0;0;0;0;0;0;0;4416872;3441712;4463;2;3613802;2861;48;0;1
FR;3;2023-05-09;0;0;0;0;0;0;0;0;0;4416872;3441712;4463;2;3613802;2861;48;0;1
FR;3;2023-05-10;0;0;0;0;0;0;0;0;0;4416872;3441712;4463;2;3613802;2861;48;0;1
FR;3;2023-05-11;0;0;0;0;0;0;0;0;0;4416872;3441712;4463;2;3613802;2861;48;0;1
FR;3;2023-05-12;0;0;0;0;0;0;0;0;0;4416872;3441712;4463;2;3613802;2861;48;0;1
FR;3;2023-05-13;0;0;0;0;0;0;0;0;0;4416872;3441712;4463;2;3613802;2861;48;0;1
FR;3;2023-05-14;0;0;0;0;0;0;0;0;0;4416872;3441712;4463;2;3613802;2861;48;0;1
FR;3;2023-05-15;0;0;0;0;0;0;0;0;0;4416872;3441712;4463;2;3613802;2861;48;0;1
FR;4;2020-12-27;0;0;0;0;0;0;0;0;0;0;0;0;0;0;0;0;0;0
FR;4;2020-12-28;0;0;0;0;0;0;0;0;0;0;0;0;0;0;0;0;0;0
FR;4;2020-12-29;0;0;0;0;0;0;0;0;0;0;0;0;0;0;0;0;0;0
FR;4;2020-12-30;0;0;0;0;0;0;0;0;0;0;0;0;0;0;0;0;0;0
FR;4;2020-12-31;0;0;0;0;0;0;0;0;0;0;0;0;0;0;0;0;0;0
FR;4;2021-01-01;0;0;0;0;0;0;0;0;0;0;0;0;0;0;0;0;0;0
FR;4;2021-01-02;0;0;0;0;0;0;0;0;0;0;0;0;0;0;0;0;0;0
FR;4;2021-01-03;0;0;0;0;0;0;0;0;0;0;0;0;0;0;0;0;0;0
FR;4;2021-01-04;0;0;0;0;0;0;0;0;0;0;0;0;0;0;0;0;0;0
FR;4;2021-01-05;0;0;0;0;0;0;0;0;0;0;0;0;0;0;0;0;0;0
FR;4;2021-01-06;0;0;0;0;0;0;0;0;0;0;0;0;0;0;0;0;0;0
FR;4;2021-01-07;0;0;0;0;0;0;0;0;0;0;0;0;0;0;0;0;0;0
FR;4;2021-01-08;0;0;0;0;0;0;0;0;0;0;0;0;0;0;0;0;0;0
FR;4;2021-01-09;0;0;0;0;0;0;0;0;0;0;0;0;0;0;0;0;0;0
FR;4;2021-01-10;0;0;0;0;0;0;0;0;0;0;0;0;0;0;0;0;0;0
FR;4;2021-01-11;0;0;0;0;0;0;0;0;0;0;0;0;0;0;0;0;0;0
FR;4;2021-01-12;0;0;0;0;0;0;0;0;0;0;0;0;0;0;0;0;0;0
FR;4;2021-01-13;0;0;0;0;0;0;0;0;0;0;0;0;0;0;0;0;0;0
FR;4;2021-01-14;0;0;0;0;0;0;0;0;0;0;0;0;0;0;0;0;0;0
FR;4;2021-01-15;0;0;0;0;0;0;0;0;0;0;0;0;0;0;0;0;0;0
FR;4;2021-01-16;0;0;0;0;0;0;0;0;0;0;0;0;0;0;0;0;0;0
FR;4;2021-01-17;0;0;0;0;0;0;0;0;0;0;0;0;0;0;0;0;0;0
FR;4;2021-01-18;0;0;0;0;0;0;0;0;0;0;0;0;0;0;0;0;0;0
FR;4;2021-01-19;0;0;0;0;0;0;0;0;0;0;0;0;0;0;0;0;0;0
FR;4;2021-01-20;0;0;0;0;0;0;0;0;0;0;0;0;0;0;0;0;0;0
FR;4;2021-01-21;0;0;0;0;0;0;0;0;0;0;0;0;0;0;0;0;0;0
FR;4;2021-01-22;0;0;0;0;0;0;0;0;0;0;0;0;0;0;0;0;0;0
FR;4;2021-01-23;0;0;0;0;0;0;0;0;0;0;0;0;0;0;0;0;0;0
FR;4;2021-01-24;0;0;0;0;0;0;0;0;0;0;0;0;0;0;0;0;0;0
FR;4;2021-01-25;0;0;0;0;0;0;0;0;0;0;0;0;0;0;0;0;0;0
FR;4;2021-01-26;0;0;0;0;0;0;0;0;0;0;0;0;0;0;0;0;0;0
FR;4;2021-01-27;0;0;0;0;0;0;0;0;0;0;0;0;0;0;0;0;0;0
FR;4;2021-01-28;0;0;0;0;0;0;0;0;0;0;0;0;0;0;0;0;0;0
FR;4;2021-01-29;0;0;0;0;0;0;0;0;0;0;0;0;0;0;0;0;0;0
FR;4;2021-01-30;0;0;0;0;0;0;0;0;0;0;0;0;0;0;0;0;0;0
FR;4;2021-01-31;0;0;0;0;0;0;0;0;0;0;0;0;0;0;0;0;0;0
FR;4;2021-02-01;0;0;0;0;0;0;0;0;0;0;0;0;0;0;0;0;0;0
FR;4;2021-02-02;0;0;0;0;0;0;0;0;0;0;0;0;0;0;0;0;0;0
FR;4;2021-02-03;0;0;0;0;0;0;0;0;0;0;0;0;0;0;0;0;0;0
FR;4;2021-02-04;0;0;0;0;0;0;0;0;0;0;0;0;0;0;0;0;0;0
FR;4;2021-02-05;0;0;0;0;0;0;0;0;0;0;0;0;0;0;0;0;0;0
FR;4;2021-02-06;0;0;0;0;0;0;0;0;0;0;0;0;0;0;0;0;0;0
FR;4;2021-02-07;0;0;0;0;0;0;0;0;0;0;0;0;0;0;0;0;0;0
FR;4;2021-02-08;0;0;0;0;0;0;0;0;0;0;0;0;0;0;0;0;0;0
FR;4;2021-02-09;0;0;0;0;0;0;0;0;0;0;0;0;0;0;0;0;0;0
FR;4;2021-02-10;0;0;0;0;0;0;0;0;0;0;0;0;0;0;0;0;0;0
FR;4;2021-02-11;0;0;0;0;0;0;0;0;0;0;0;0;0;0;0;0;0;0
FR;4;2021-02-12;0;0;0;0;0;0;0;0;0;0;0;0;0;0;0;0;0;0
FR;4;2021-02-13;0;0;0;0;0;0;0;0;0;0;0;0;0;0;0;0;0;0
FR;4;2021-02-14;0;0;0;0;0;0;0;0;0;0;0;0;0;0;0;0;0;0
FR;4;2021-02-15;0;0;0;0;0;0;0;0;0;0;0;0;0;0;0;0;0;0
FR;4;2021-02-16;0;0;0;0;0;0;0;0;0;0;0;0;0;0;0;0;0;0
FR;4;2021-02-17;0;0;0;0;0;0;0;0;0;0;0;0;0;0;0;0;0;0
FR;4;2021-02-18;0;0;0;0;0;0;0;0;0;0;0;0;0;0;0;0;0;0
FR;4;2021-02-19;0;0;0;0;0;0;0;0;0;0;0;0;0;0;0;0;0;0
FR;4;2021-02-20;0;0;0;0;0;0;0;0;0;0;0;0;0;0;0;0;0;0
FR;4;2021-02-21;0;0;0;0;0;0;0;0;0;0;0;0;0;0;0;0;0;0
FR;4;2021-02-22;0;0;0;0;0;0;0;0;0;0;0;0;0;0;0;0;0;0
FR;4;2021-02-23;0;0;0;0;0;0;0;0;0;0;0;0;0;0;0;0;0;0
FR;4;2021-02-24;0;0;0;0;0;0;0;0;0;0;0;0;0;0;0;0;0;0
FR;4;2021-02-25;0;0;0;0;0;0;0;0;0;0;0;0;0;0;0;0;0;0
FR;4;2021-02-26;0;0;0;0;0;0;0;0;0;0;0;0;0;0;0;0;0;0
FR;4;2021-02-27;0;0;0;0;0;0;0;0;0;0;0;0;0;0;0;0;0;0
FR;4;2021-02-28;0;0;0;0;0;0;0;0;0;0;0;0;0;0;0;0;0;0
FR;4;2021-03-01;0;0;0;0;0;0;0;0;0;0;0;0;0;0;0;0;0;0
FR;4;2021-03-02;0;0;0;0;0;0;0;0;0;0;0;0;0;0;0;0;0;0
FR;4;2021-03-03;0;0;0;0;0;0;0;0;0;0;0;0;0;0;0;0;0;0
FR;4;2021-03-04;0;0;0;0;0;0;0;0;0;0;0;0;0;0;0;0;0;0
FR;4;2021-03-05;0;0;0;0;0;0;0;0;0;0;0;0;0;0;0;0;0;0
FR;4;2021-03-06;0;0;0;0;0;0;0;0;0;0;0;0;0;0;0;0;0;0
FR;4;2021-03-07;0;0;0;0;0;0;0;0;0;0;0;0;0;0;0;0;0;0
FR;4;2021-03-08;0;0;0;0;0;0;0;0;0;0;0;0;0;0;0;0;0;0
FR;4;2021-03-09;0;0;0;0;0;0;0;0;0;0;0;0;0;0;0;0;0;0
FR;4;2021-03-10;0;0;0;0;0;0;0;0;0;0;0;0;0;0;0;0;0;0
FR;4;2021-03-11;0;0;0;0;0;0;0;0;0;0;0;0;0;0;0;0;0;0
FR;4;2021-03-12;0;0;0;0;0;0;0;0;0;0;0;0;0;0;0;0;0;0
FR;4;2021-03-13;0;0;0;0;0;0;0;0;0;0;0;0;0;0;0;0;0;0
FR;4;2021-03-14;0;0;0;0;0;0;0;0;0;0;0;0;0;0;0;0;0;0
FR;4;2021-03-15;0;0;0;0;0;0;0;0;0;0;0;0;0;0;0;0;0;0
FR;4;2021-03-16;0;0;0;0;0;0;0;0;0;0;0;0;0;0;0;0;0;0
FR;4;2021-03-17;0;0;0;0;0;0;0;0;0;0;0;0;0;0;0;0;0;0
FR;4;2021-03-18;0;0;0;0;0;0;0;0;0;0;0;0;0;0;0;0;0;0
FR;4;2021-03-19;0;0;0;0;0;0;0;0;0;0;0;0;0;0;0;0;0;0
FR;4;2021-03-20;0;0;0;0;0;0;0;0;0;0;0;0;0;0;0;0;0;0
FR;4;2021-03-21;0;0;0;0;0;0;0;0;0;0;0;0;0;0;0;0;0;0
FR;4;2021-03-22;0;0;0;0;0;0;0;0;0;0;0;0;0;0;0;0;0;0
FR;4;2021-03-23;0;0;0;0;0;0;0;0;0;0;0;0;0;0;0;0;0;0
FR;4;2021-03-24;0;0;0;0;0;0;0;0;0;0;0;0;0;0;0;0;0;0
FR;4;2021-03-25;0;0;0;0;0;0;0;0;0;0;0;0;0;0;0;0;0;0
FR;4;2021-03-26;0;0;0;0;0;0;0;0;0;0;0;0;0;0;0;0;0;0
FR;4;2021-03-27;0;0;0;0;0;0;0;0;0;0;0;0;0;0;0;0;0;0
FR;4;2021-03-28;0;0;0;0;0;0;0;0;0;0;0;0;0;0;0;0;0;0
FR;4;2021-03-29;0;0;0;0;0;0;0;0;0;0;0;0;0;0;0;0;0;0
FR;4;2021-03-30;0;0;0;0;0;0;0;0;0;0;0;0;0;0;0;0;0;0
FR;4;2021-03-31;0;0;0;0;0;0;0;0;0;0;0;0;0;0;0;0;0;0
FR;4;2021-04-01;0;0;0;0;0;0;0;0;0;0;0;0;0;0;0;0;0;0
FR;4;2021-04-02;0;0;0;0;0;0;0;0;0;0;0;0;0;0;0;0;0;0
FR;4;2021-04-03;0;0;0;0;0;0;0;0;0;0;0;0;0;0;0;0;0;0
FR;4;2021-04-04;0;0;0;0;0;0;0;0;0;0;0;0;0;0;0;0;0;0
FR;4;2021-04-05;0;0;0;0;0;0;0;0;0;0;0;0;0;0;0;0;0;0
FR;4;2021-04-06;0;0;0;0;0;0;0;0;0;0;0;0;0;0;0;0;0;0
FR;4;2021-04-07;0;0;0;0;0;0;0;0;0;0;0;0;0;0;0;0;0;0
FR;4;2021-04-08;0;0;0;0;0;0;0;0;0;0;0;0;0;0;0;0;0;0
FR;4;2021-04-09;0;0;0;0;0;0;0;0;0;0;0;0;0;0;0;0;0;0
FR;4;2021-04-10;0;0;0;0;0;0;0;0;0;0;0;0;0;0;0;0;0;0
FR;4;2021-04-11;0;0;0;0;0;0;0;0;0;0;0;0;0;0;0;0;0;0
FR;4;2021-04-12;0;0;0;0;0;0;0;0;0;0;0;0;0;0;0;0;0;0
FR;4;2021-04-13;0;0;0;0;0;0;0;0;0;0;0;0;0;0;0;0;0;0
FR;4;2021-04-14;0;0;0;0;0;0;0;0;0;0;0;0;0;0;0;0;0;0
FR;4;2021-04-15;0;0;0;0;0;0;0;0;0;0;0;0;0;0;0;0;0;0
FR;4;2021-04-16;0;0;0;0;0;0;0;0;0;0;0;0;0;0;0;0;0;0
FR;4;2021-04-17;0;0;0;0;0;0;0;0;0;0;0;0;0;0;0;0;0;0
FR;4;2021-04-18;0;0;0;0;0;0;0;0;0;0;0;0;0;0;0;0;0;0
FR;4;2021-04-19;0;0;0;0;0;0;0;0;0;0;0;0;0;0;0;0;0;0
FR;4;2021-04-20;0;0;0;0;0;0;0;0;0;0;0;0;0;0;0;0;0;0
FR;4;2021-04-21;0;0;0;0;0;0;0;0;0;0;0;0;0;0;0;0;0;0
FR;4;2021-04-22;0;0;0;0;0;0;0;0;0;0;0;0;0;0;0;0;0;0
FR;4;2021-04-23;3660;0;0;0;3622;0;0;0;0;3660;0;0;0;3622;0;0;0;0
FR;4;2021-04-24;1570;1;0;0;1559;0;0;0;0;5230;1;0;0;5181;0;0;0;0
FR;4;2021-04-25;125;0;0;0;125;0;0;0;0;5355;1;0;0;5306;0;0;0;0
FR;4;2021-04-26;2872;1;0;0;2862;0;0;0;0;8227;2;0;0;8168;0;0;0;0
FR;4;2021-04-27;9520;3;0;0;9501;0;0;0;0;17747;5;0;0;17669;0;0;0;0
FR;4;2021-04-28;9910;6;0;0;9885;0;0;0;0;27657;11;0;0;27554;0;0;0;0
FR;4;2021-04-29;15995;8;0;0;15979;0;0;0;0;43652;19;0;0;43533;0;0;0;0
FR;4;2021-04-30;19234;10;0;0;19205;0;0;0;0;62886;29;0;0;62738;0;0;0;0
FR;4;2021-05-01;1994;6;0;0;1992;0;0;0;0;64880;35;0;0;64730;0;0;0;0
FR;4;2021-05-02;484;0;0;0;482;0;0;0;0;65364;35;0;0;65212;0;0;0;0
FR;4;2021-05-03;5066;2;0;0;5059;0;0;0;0;70430;37;0;0;70271;0;0;0;0
FR;4;2021-05-04;8411;11;0;0;8400;0;0;0;0;78841;48;0;0;78671;0;0;0;0
FR;4;2021-05-05;6193;7;0;0;6188;0;0;0;0;85034;55;0;0;84859;0;0;0;0
FR;4;2021-05-06;11388;11;0;0;11385;0;0;0;0;96422;66;0;0;96244;0;0;0;0
FR;4;2021-05-07;19127;9;0;0;19088;0;0;0;0;115549;75;0;0;115332;0;0;0;0
FR;4;2021-05-08;2376;7;0;0;2380;0;0;0;0;117925;82;0;0;117712;0;0;0;0
FR;4;2021-05-09;692;3;0;0;693;0;0;0;0;118617;85;0;0;118405;0;0;0;0
FR;4;2021-05-10;7246;5;1;0;7243;0;0;0;0;125863;90;1;0;125648;0;0;0;0
FR;4;2021-05-11;14325;13;0;0;14305;0;0;0;0;140188;103;1;0;139953;0;0;0;0
FR;4;2021-05-12;10176;15;0;0;10179;0;0;0;0;150364;118;1;0;150132;0;0;0;0
FR;4;2021-05-13;1584;4;0;0;1585;0;0;0;0;151948;122;1;0;151717;0;0;0;0
FR;4;2021-05-14;7768;7;0;0;7763;0;0;0;0;159716;129;1;0;159480;0;0;0;0
FR;4;2021-05-15;3721;8;1;0;3720;0;0;0;0;163437;137;2;0;163200;0;0;0;0
FR;4;2021-05-16;417;1;0;0;417;0;0;0;0;163854;138;2;0;163617;0;0;0;0
FR;4;2021-05-17;4485;8;0;0;4484;0;0;0;0;168339;146;2;0;168101;0;0;0;0
FR;4;2021-05-18;8769;10;0;0;8769;0;0;0;0;177108;156;2;0;176870;0;0;0;0
FR;4;2021-05-19;5699;7;0;0;5701;0;0;0;0;182807;163;2;0;182571;0;0;0;0
FR;4;2021-05-20;9487;8;0;0;9479;0;0;0;0;192294;171;2;0;192050;0;0;0;0
FR;4;2021-05-21;12816;30;0;0;12823;0;0;0;0;205110;201;2;0;204873;0;0;0;0
FR;4;2021-05-22;5063;15;0;0;5070;0;0;0;0;210173;216;2;0;209943;0;0;0;0
FR;4;2021-05-23;498;4;0;0;501;0;0;0;0;210671;220;2;0;210444;0;0;0;0
FR;4;2021-05-24;1062;7;0;0;1066;0;0;0;0;211733;227;2;0;211510;0;0;0;0
FR;4;2021-05-25;7637;16;0;0;7643;0;0;0;0;219370;243;2;0;219153;0;0;0;0
FR;4;2021-05-26;7731;16;0;0;7739;0;0;0;0;227101;259;2;0;226892;0;0;0;0
FR;4;2021-05-27;14340;35;0;0;14349;0;0;0;0;241441;294;2;0;241241;0;0;0;0
FR;4;2021-05-28;26593;82;1;0;26634;0;0;0;0;268034;376;3;0;267875;0;0;0;0
FR;4;2021-05-29;11385;19;0;0;11385;0;0;0;0;279419;395;3;0;279260;0;0;0;0
FR;4;2021-05-30;974;7;0;0;973;0;0;0;0;280393;402;3;0;280233;0;0;0;0
FR;4;2021-05-31;12701;21;0;0;12701;0;0;0;0;293094;423;3;0;292934;0;0;0;0
FR;4;2021-06-01;20283;48;1;0;20301;0;0;0;0;313377;471;4;0;313235;0;0;0;0
FR;4;2021-06-02;14526;33;0;0;14538;0;0;0;0;327903;504;4;0;327773;0;0;0;0
FR;4;2021-06-03;19436;24;1;0;19434;0;0;0;0;347339;528;5;0;347207;0;0;0;0
FR;4;2021-06-04;22520;48;0;0;22538;0;0;0;0;369859;576;5;0;369745;0;0;0;0
FR;4;2021-06-05;9717;32;0;0;9721;0;0;0;0;379576;608;5;0;379466;0;0;0;0
FR;4;2021-06-06;1041;2;0;0;1037;0;0;0;0;380617;610;5;0;380503;0;0;0;0
FR;4;2021-06-07;9230;19;0;0;9238;0;0;0;0;389847;629;5;0;389741;0;0;0;0
FR;4;2021-06-08;14614;32;0;0;14626;0;0;0;0;404461;661;5;0;404367;0;0;0;0
FR;4;2021-06-09;12218;25;0;0;12226;0;0;0;0;416679;686;5;0;416593;0;0;0;0
FR;4;2021-06-10;15408;30;0;0;15416;0;0;0;0;432087;716;5;0;432009;0;0;0;0
FR;4;2021-06-11;16990;57;0;0;17017;0;0;0;0;449077;773;5;0;449026;0;0;0;0
FR;4;2021-06-12;7453;27;0;0;7478;0;0;0;0;456530;800;5;0;456504;0;0;0;0
FR;4;2021-06-13;908;3;0;0;910;0;0;0;0;457438;803;5;0;457414;0;0;0;0
FR;4;2021-06-14;6652;27;0;0;6662;0;0;0;0;464090;830;5;0;464076;0;0;0;0
FR;4;2021-06-15;10896;39;0;0;10913;0;0;0;0;474986;869;5;0;474989;0;0;0;0
FR;4;2021-06-16;8909;17;0;0;8917;0;0;0;0;483895;886;5;0;483906;0;0;0;0
FR;4;2021-06-17;10903;36;0;0;10915;0;0;0;0;494798;922;5;0;494821;0;0;0;0
FR;4;2021-06-18;12427;45;0;0;12454;0;0;0;0;507225;967;5;0;507275;0;0;0;0
FR;4;2021-06-19;5568;25;0;0;5588;0;0;0;0;512793;992;5;0;512863;0;0;0;0
FR;4;2021-06-20;828;5;0;0;832;0;0;0;0;513621;997;5;0;513695;0;0;0;0
FR;4;2021-06-21;5106;21;0;0;5106;0;0;0;0;518727;1018;5;0;518801;0;0;0;0
FR;4;2021-06-22;7914;29;2;0;7932;0;0;0;0;526641;1047;7;0;526733;0;0;0;0
FR;4;2021-06-23;7106;43;2;0;7133;0;0;0;0;533747;1090;9;0;533866;0;0;0;0
FR;4;2021-06-24;8657;46;1;0;8689;0;0;0;0;542404;1136;10;0;542555;0;0;0;0
FR;4;2021-06-25;10179;41;2;0;10211;0;0;0;0;552583;1177;12;0;552766;0;0;0;0
FR;4;2021-06-26;4854;23;0;0;4871;0;0;0;0;557437;1200;12;0;557637;0;0;0;0
FR;4;2021-06-27;769;4;0;0;771;0;0;0;0;558206;1204;12;0;558408;0;0;0;0
FR;4;2021-06-28;4835;16;1;0;4844;0;0;0;0;563041;1220;13;0;563252;0;0;0;0
FR;4;2021-06-29;7110;28;2;0;7119;0;0;0;0;570151;1248;15;0;570371;0;0;0;0
FR;4;2021-06-30;6728;41;2;0;6756;0;0;0;0;576879;1289;17;0;577127;0;0;0;0
FR;4;2021-07-01;8213;42;0;0;8235;0;0;0;0;585092;1331;17;0;585362;0;0;0;0
FR;4;2021-07-02;9430;53;1;0;9470;0;0;0;0;594522;1384;18;0;594832;0;0;0;0
FR;4;2021-07-03;4848;20;0;0;4863;0;0;0;0;599370;1404;18;0;599695;0;0;0;0
FR;4;2021-07-04;690;5;0;0;692;0;0;0;0;600060;1409;18;0;600387;0;0;0;0
FR;4;2021-07-05;4774;19;2;0;4785;0;0;0;0;604834;1428;20;0;605172;0;0;0;0
FR;4;2021-07-06;7729;29;4;0;7742;0;0;0;0;612563;1457;24;0;612914;0;0;0;0
FR;4;2021-07-07;7088;34;2;0;7100;0;0;0;0;619651;1491;26;0;620014;0;0;0;0
FR;4;2021-07-08;9235;40;2;0;9258;0;0;0;0;628886;1531;28;0;629272;0;0;0;0
FR;4;2021-07-09;10282;34;1;0;10305;0;0;0;0;639168;1565;29;0;639577;0;0;0;0
FR;4;2021-07-10;4639;14;2;0;4646;0;0;0;0;643807;1579;31;0;644223;0;0;0;0
FR;4;2021-07-11;586;4;1;0;584;0;0;0;0;644393;1583;32;0;644807;0;0;0;0
FR;4;2021-07-12;5878;29;0;0;5900;0;0;0;0;650271;1612;32;0;650707;0;0;0;0
FR;4;2021-07-13;14231;29;0;0;14249;0;0;0;0;664502;1641;32;0;664956;0;0;0;0
FR;4;2021-07-14;2291;15;0;0;2291;0;0;0;0;666793;1656;32;0;667247;0;0;0;0
FR;4;2021-07-15;18239;37;0;0;18256;0;0;0;0;685032;1693;32;0;685503;0;0;0;0
FR;4;2021-07-16;22838;71;2;0;22888;0;0;0;0;707870;1764;34;0;708391;0;0;0;0
FR;4;2021-07-17;9741;20;0;0;9749;0;0;0;0;717611;1784;34;0;718140;0;0;0;0
FR;4;2021-07-18;1359;5;0;0;1362;0;0;0;0;718970;1789;34;0;719502;0;0;0;0
FR;4;2021-07-19;12991;30;1;0;13016;0;0;0;0;731961;1819;35;0;732518;0;0;0;0
FR;4;2021-07-20;17344;26;1;0;17360;0;0;0;0;749305;1845;36;0;749878;0;0;0;0
FR;4;2021-07-21;15623;33;0;0;15643;0;0;0;0;764928;1878;36;0;765521;0;0;0;0
FR;4;2021-07-22;18247;45;2;0;18271;0;0;0;0;783175;1923;38;0;783792;0;0;0;0
FR;4;2021-07-23;20420;57;7;0;20453;0;0;0;0;803595;1980;45;0;804245;0;0;0;0
FR;4;2021-07-24;9290;34;0;0;9305;0;0;0;0;812885;2014;45;0;813550;0;0;0;0
FR;4;2021-07-25;1356;11;0;0;1358;0;0;0;0;814241;2025;45;0;814908;0;0;0;0
FR;4;2021-07-26;11050;23;0;0;11057;0;0;0;0;825291;2048;45;0;825965;0;0;0;0
FR;4;2021-07-27;14688;35;3;0;14708;0;0;0;0;839979;2083;48;0;840673;0;0;0;0
FR;4;2021-07-28;12937;26;2;0;12954;0;0;0;0;852916;2109;50;0;853627;0;0;0;0
FR;4;2021-07-29;14097;54;4;0;14139;0;0;0;0;867013;2163;54;0;867766;0;0;0;0
FR;4;2021-07-30;15502;46;2;0;15532;0;0;0;0;882515;2209;56;0;883298;0;0;0;0
FR;4;2021-07-31;6845;14;2;0;6855;0;0;0;0;889360;2223;58;0;890153;0;0;0;0
FR;4;2021-08-01;906;1;0;0;901;0;0;0;0;890266;2224;58;0;891054;0;0;0;0
FR;4;2021-08-02;7918;31;0;0;7919;0;0;0;0;898184;2255;58;0;898973;0;0;0;0
FR;4;2021-08-03;10805;31;2;0;10801;0;0;0;0;908989;2286;60;0;909774;0;0;0;0
FR;4;2021-08-04;9749;29;0;0;9748;0;0;0;0;918738;2315;60;0;919522;0;0;0;0
FR;4;2021-08-05;9831;42;0;0;9837;0;0;0;0;928569;2357;60;0;929359;0;0;0;0
FR;4;2021-08-06;10201;30;3;0;10198;0;0;0;0;938770;2387;63;0;939557;0;0;0;0
FR;4;2021-08-07;5100;30;1;0;5116;0;0;0;0;943870;2417;64;0;944673;0;0;0;0
FR;4;2021-08-08;1225;13;0;0;1228;0;0;0;0;945095;2430;64;0;945901;0;0;0;0
FR;4;2021-08-09;6350;31;0;0;6343;0;0;0;0;951445;2461;64;0;952244;0;0;0;0
FR;4;2021-08-10;8753;18;0;0;8724;0;0;0;0;960198;2479;64;0;960968;0;0;0;0
FR;4;2021-08-11;7945;34;4;0;7934;0;0;0;0;968143;2513;68;0;968902;0;0;0;0
FR;4;2021-08-12;8585;31;1;0;8573;0;0;0;0;976728;2544;69;0;977475;0;0;0;0
FR;4;2021-08-13;7561;25;0;1;7548;0;0;0;0;984289;2569;69;1;985023;0;0;0;0
FR;4;2021-08-14;3793;20;0;0;3777;0;0;0;0;988082;2589;69;1;988800;0;0;0;0
FR;4;2021-08-15;771;5;0;0;773;0;0;0;0;988853;2594;69;1;989573;0;0;0;0
FR;4;2021-08-16;4009;17;0;0;4004;0;0;0;0;992862;2611;69;1;993577;0;0;0;0
FR;4;2021-08-17;5634;17;1;0;5624;0;0;0;0;998496;2628;70;1;999201;0;0;0;0
FR;4;2021-08-18;5172;37;0;0;5189;0;0;0;0;1003668;2665;70;1;1004390;0;0;0;0
FR;4;2021-08-19;5489;34;3;0;5503;0;0;0;0;1009157;2699;73;1;1009893;0;0;0;0
FR;4;2021-08-20;5225;25;1;0;5235;0;0;0;0;1014382;2724;74;1;1015128;0;0;0;0
FR;4;2021-08-21;2311;23;1;0;2328;0;0;0;0;1016693;2747;75;1;1017456;0;0;0;0
FR;4;2021-08-22;414;2;0;0;415;0;0;0;0;1017107;2749;75;1;1017871;0;0;0;0
FR;4;2021-08-23;2936;21;1;0;2944;0;0;0;0;1020043;2770;76;1;1020815;0;0;0;0
FR;4;2021-08-24;3758;16;0;0;3761;0;0;0;0;1023801;2786;76;1;1024576;0;0;0;0
FR;4;2021-08-25;3546;25;1;0;3562;0;0;0;0;1027347;2811;77;1;1028138;0;0;0;0
FR;4;2021-08-26;3716;21;2;0;3728;0;0;0;0;1031063;2832;79;1;1031866;0;0;0;0
FR;4;2021-08-27;3617;31;2;0;3635;0;0;0;0;1034680;2863;81;1;1035501;0;0;0;0
FR;4;2021-08-28;1732;10;1;0;1737;0;0;0;0;1036412;2873;82;1;1037238;0;0;0;0
FR;4;2021-08-29;385;7;1;0;389;0;0;0;0;1036797;2880;83;1;1037627;0;0;0;0
FR;4;2021-08-30;2010;25;0;0;2018;16;0;0;0;1038807;2905;83;1;1039645;16;0;0;0
FR;4;2021-08-31;2487;21;0;0;2494;14;0;0;0;1041294;2926;83;1;1042139;30;0;0;0
FR;4;2021-09-01;2085;38;1;0;2096;22;0;0;0;1043379;2964;84;1;1044235;52;0;0;0
FR;4;2021-09-02;2309;31;4;0;2322;18;0;0;0;1045688;2995;88;1;1046557;70;0;0;0
FR;4;2021-09-03;2366;44;5;0;2375;36;0;0;0;1048054;3039;93;1;1048932;106;0;0;0
FR;4;2021-09-04;1374;18;0;0;1381;9;0;0;0;1049428;3057;93;1;1050313;115;0;0;0
FR;4;2021-09-05;434;2;0;0;434;2;0;0;0;1049862;3059;93;1;1050747;117;0;0;0
FR;4;2021-09-06;1713;62;0;0;1750;24;0;0;0;1051575;3121;93;1;1052497;141;0;0;0
FR;4;2021-09-07;1681;18;0;0;1690;8;0;0;0;1053256;3139;93;1;1054187;149;0;0;0
FR;4;2021-09-08;1286;26;3;0;1291;19;0;0;0;1054542;3165;96;1;1055478;168;0;0;0
FR;4;2021-09-09;1394;23;2;0;1404;9;0;0;0;1055936;3188;98;1;1056882;177;0;0;0
FR;4;2021-09-10;1522;31;2;0;1526;23;1;0;0;1057458;3219;100;1;1058408;200;1;0;0
FR;4;2021-09-11;746;11;0;0;749;3;0;0;0;1058204;3230;100;1;1059157;203;1;0;0
FR;4;2021-09-12;169;5;0;0;170;4;0;0;0;1058373;3235;100;1;1059327;207;1;0;0
FR;4;2021-09-13;1325;22;1;0;1328;16;0;0;0;1059698;3257;101;1;1060655;223;1;0;0
FR;4;2021-09-14;1507;9;2;0;1509;7;0;0;0;1061205;3266;103;1;1062164;230;1;0;0
FR;4;2021-09-15;1095;28;1;0;1098;25;0;0;0;1062300;3294;104;1;1063262;255;1;0;0
FR;4;2021-09-16;1107;22;2;0;1111;15;0;0;0;1063407;3316;106;1;1064373;270;1;0;0
FR;4;2021-09-17;898;21;1;0;905;12;0;0;0;1064305;3337;107;1;1065278;282;1;0;0
FR;4;2021-09-18;464;7;1;0;465;6;0;0;0;1064769;3344;108;1;1065743;288;1;0;0
FR;4;2021-09-19;182;3;0;0;183;2;0;0;0;1064951;3347;108;1;1065926;290;1;0;0
FR;4;2021-09-20;452;19;0;0;458;13;0;0;0;1065403;3366;108;1;1066384;303;1;0;0
FR;4;2021-09-21;434;11;0;0;436;7;0;0;0;1065837;3377;108;1;1066820;310;1;0;0
FR;4;2021-09-22;377;19;4;0;384;15;0;0;0;1066214;3396;112;1;1067204;325;1;0;0
FR;4;2021-09-23;488;15;1;0;489;14;0;0;0;1066702;3411;113;1;1067693;339;1;0;0
FR;4;2021-09-24;416;13;2;0;420;9;0;0;0;1067118;3424;115;1;1068113;348;1;0;0
FR;4;2021-09-25;281;10;1;0;282;5;0;0;0;1067399;3434;116;1;1068395;353;1;0;0
FR;4;2021-09-26;75;2;0;0;76;1;0;0;0;1067474;3436;116;1;1068471;354;1;0;0
FR;4;2021-09-27;270;10;1;0;271;8;0;0;0;1067744;3446;117;1;1068742;362;1;0;0
FR;4;2021-09-28;319;8;0;0;319;8;0;0;0;1068063;3454;117;1;1069061;370;1;0;0
FR;4;2021-09-29;378;19;1;0;380;13;0;0;0;1068441;3473;118;1;1069441;383;1;0;0
FR;4;2021-09-30;367;41;0;0;381;22;0;0;0;1068808;3514;118;1;1069822;405;1;0;0
FR;4;2021-10-01;411;56;0;0;413;50;0;0;0;1069219;3570;118;1;1070235;455;1;0;0
FR;4;2021-10-02;196;23;1;0;198;14;0;0;0;1069415;3593;119;1;1070433;469;1;0;0
FR;4;2021-10-03;86;1;0;0;87;0;0;0;0;1069501;3594;119;1;1070520;469;1;0;0
FR;4;2021-10-04;363;20;1;0;367;16;0;0;0;1069864;3614;120;1;1070887;485;1;0;0
FR;4;2021-10-05;286;19;2;0;288;15;0;0;0;1070150;3633;122;1;1071175;500;1;0;0
FR;4;2021-10-06;249;23;1;0;254;18;0;0;0;1070399;3656;123;1;1071429;518;1;0;0
FR;4;2021-10-07;268;25;2;0;273;13;0;0;0;1070667;3681;125;1;1071702;531;1;0;0
FR;4;2021-10-08;357;24;2;0;360;20;0;0;0;1071024;3705;127;1;1072062;551;1;0;0
FR;4;2021-10-09;194;6;6;0;195;7;0;0;0;1071218;3711;133;1;1072257;558;1;0;0
FR;4;2021-10-10;97;3;2;0;99;3;0;0;0;1071315;3714;135;1;1072356;561;1;0;0
FR;4;2021-10-11;252;15;1;0;253;14;0;0;0;1071567;3729;136;1;1072609;575;1;0;0
FR;4;2021-10-12;211;14;0;0;211;13;0;0;0;1071778;3743;136;1;1072820;588;1;0;0
FR;4;2021-10-13;221;28;1;0;224;25;0;0;0;1071999;3771;137;1;1073044;613;1;0;0
FR;4;2021-10-14;316;21;4;0;320;15;0;0;0;1072315;3792;141;1;1073364;628;1;0;0
FR;4;2021-10-15;324;24;5;0;325;25;0;0;0;1072639;3816;146;1;1073689;653;1;0;0
FR;4;2021-10-16;167;6;2;0;167;6;0;0;0;1072806;3822;148;1;1073856;659;1;0;0
FR;4;2021-10-17;70;2;0;0;71;1;0;0;0;1072876;3824;148;1;1073927;660;1;0;0
FR;4;2021-10-18;282;16;1;0;284;13;0;0;0;1073158;3840;149;1;1074211;673;1;0;0
FR;4;2021-10-19;215;15;2;0;215;16;0;0;0;1073373;3855;151;1;1074426;689;1;0;0
FR;4;2021-10-20;232;27;4;0;235;15;0;0;0;1073605;3882;155;1;1074661;704;1;0;0
FR;4;2021-10-21;244;18;0;0;246;14;0;0;0;1073849;3900;155;1;1074907;718;1;0;0
FR;4;2021-10-22;217;25;2;0;219;20;1;0;0;1074066;3925;157;1;1075126;738;2;0;0
FR;4;2021-10-23;117;16;1;0;118;15;0;0;0;1074183;3941;158;1;1075244;753;2;0;0
FR;4;2021-10-24;39;4;0;0;39;1;0;0;0;1074222;3945;158;1;1075283;754;2;0;0
FR;4;2021-10-25;218;7;2;0;218;9;0;0;0;1074440;3952;160;1;1075501;763;2;0;0
FR;4;2021-10-26;200;14;0;0;202;12;0;0;0;1074640;3966;160;1;1075703;775;2;0;0
FR;4;2021-10-27;196;12;4;0;196;12;2;0;0;1074836;3978;164;1;1075899;787;4;0;0
FR;4;2021-10-28;187;18;5;0;187;22;0;0;0;1075023;3996;169;1;1076086;809;4;0;0
FR;4;2021-10-29;227;18;2;0;228;16;0;0;0;1075250;4014;171;1;1076314;825;4;0;0
FR;4;2021-10-30;104;2;1;0;105;2;0;0;0;1075354;4016;172;1;1076419;827;4;0;0
FR;4;2021-10-31;59;3;2;0;60;3;0;0;0;1075413;4019;174;1;1076479;830;4;0;0
FR;4;2021-11-01;76;27;4;0;77;24;3;0;0;1075489;4046;178;1;1076556;854;7;0;0
FR;4;2021-11-02;164;21;2;0;165;21;0;0;0;1075653;4067;180;1;1076721;875;7;0;0
FR;4;2021-11-03;133;21;8;1;134;19;6;0;0;1075786;4088;188;2;1076855;894;13;0;0
FR;4;2021-11-04;187;15;1;0;188;12;1;0;0;1075973;4103;189;2;1077043;906;14;0;0
FR;4;2021-11-05;131;17;1;0;132;16;0;0;0;1076104;4120;190;2;1077175;922;14;0;0
FR;4;2021-11-06;82;6;1;0;82;6;0;0;0;1076186;4126;191;2;1077257;928;14;0;0
FR;4;2021-11-07;83;2;2;0;83;4;0;0;0;1076269;4128;193;2;1077340;932;14;0;0
FR;4;2021-11-08;162;20;1;0;163;20;0;0;0;1076431;4148;194;2;1077503;952;14;0;0
FR;4;2021-11-09;159;14;3;0;159;16;0;0;0;1076590;4162;197;2;1077662;968;14;0;0
FR;4;2021-11-10;121;30;7;0;121;33;2;0;0;1076711;4192;204;2;1077783;1001;16;0;0
FR;4;2021-11-11;100;10;1;0;100;11;0;0;0;1076811;4202;205;2;1077883;1012;16;0;0
FR;4;2021-11-12;107;19;2;0;108;18;1;0;0;1076918;4221;207;2;1077991;1030;17;0;0
FR;4;2021-11-13;74;15;2;0;75;14;0;0;0;1076992;4236;209;2;1078066;1044;17;0;0
FR;4;2021-11-14;55;5;4;0;56;8;0;0;0;1077047;4241;213;2;1078122;1052;17;0;0
FR;4;2021-11-15;99;26;2;0;101;24;2;0;0;1077146;4267;215;2;1078223;1076;19;0;0
FR;4;2021-11-16;112;14;3;0;112;17;0;0;0;1077258;4281;218;2;1078335;1093;19;0;0
FR;4;2021-11-17;122;30;4;0;122;30;1;0;0;1077380;4311;222;2;1078457;1123;20;0;0
FR;4;2021-11-18;103;34;14;0;105;43;1;0;0;1077483;4345;236;2;1078562;1166;21;0;0
FR;4;2021-11-19;89;21;3;0;89;22;1;0;0;1077572;4366;239;2;1078651;1188;22;0;0
FR;4;2021-11-20;78;8;1;0;78;8;0;0;0;1077650;4374;240;2;1078729;1196;22;0;0
FR;4;2021-11-21;69;7;2;0;69;9;0;0;0;1077719;4381;242;2;1078798;1205;22;0;0
FR;4;2021-11-22;109;28;9;0;110;33;2;0;0;1077828;4409;251;2;1078908;1238;24;0;0
FR;4;2021-11-23;78;31;6;0;79;29;2;0;0;1077906;4440;257;2;1078987;1267;26;0;0
FR;4;2021-11-24;91;23;12;0;93;25;4;0;0;1077997;4463;269;2;1079080;1292;30;0;0
FR;4;2021-11-25;96;28;19;0;97;35;5;0;0;1078093;4491;288;2;1079177;1327;35;0;0
FR;4;2021-11-26;86;43;12;0;90;45;3;0;0;1078179;4534;300;2;1079267;1372;38;0;0
FR;4;2021-11-27;42;22;15;0;42;25;10;0;0;1078221;4556;315;2;1079309;1397;48;0;0
FR;4;2021-11-28;53;8;0;0;54;7;0;0;0;1078274;4564;315;2;1079363;1404;48;0;0
FR;4;2021-11-29;90;31;16;0;90;40;2;0;0;1078364;4595;331;2;1079453;1444;50;0;0
FR;4;2021-11-30;77;37;13;0;77;42;2;0;0;1078441;4632;344;2;1079530;1486;52;0;0
FR;4;2021-12-01;88;60;19;0;88;67;11;0;0;1078529;4692;363;2;1079618;1553;63;0;0
FR;4;2021-12-02;114;48;21;0;118;56;3;0;0;1078643;4740;384;2;1079736;1609;66;0;0
FR;4;2021-12-03;105;36;15;0;105;44;4;0;0;1078748;4776;399;2;1079841;1653;70;0;0
FR;4;2021-12-04;73;31;18;0;75;44;1;0;0;1078821;4807;417;2;1079916;1697;71;0;0
FR;4;2021-12-05;64;7;1;0;65;7;0;0;0;1078885;4814;418;2;1079981;1704;71;0;0
FR;4;2021-12-06;112;46;20;0;112;60;3;0;0;1078997;4860;438;2;1080093;1764;74;0;0
FR;4;2021-12-07;85;37;9;0;88;36;3;0;0;1079082;4897;447;2;1080181;1800;77;0;0
FR;4;2021-12-08;74;31;17;0;76;38;7;0;0;1079156;4928;464;2;1080257;1838;84;0;0
FR;4;2021-12-09;65;32;10;1;65;39;3;0;0;1079221;4960;474;3;1080322;1877;87;0;0
FR;4;2021-12-10;64;64;20;0;65;68;10;0;0;1079285;5024;494;3;1080387;1945;97;0;0
FR;4;2021-12-11;30;34;7;0;30;34;3;0;0;1079315;5058;501;3;1080417;1979;100;0;0
FR;4;2021-12-12;30;12;3;0;30;15;0;0;0;1079345;5070;504;3;1080447;1994;100;0;0
FR;4;2021-12-13;79;40;14;0;81;49;2;0;0;1079424;5110;518;3;1080528;2043;102;0;0
FR;4;2021-12-14;61;43;18;0;62;55;2;0;0;1079485;5153;536;3;1080590;2098;104;0;0
FR;4;2021-12-15;68;65;29;0;68;86;6;0;0;1079553;5218;565;3;1080658;2184;110;0;0
FR;4;2021-12-16;35;45;18;0;36;58;3;0;0;1079588;5263;583;3;1080694;2242;113;0;0
FR;4;2021-12-17;39;55;11;0;39;59;6;0;0;1079627;5318;594;3;1080733;2301;119;0;0
FR;4;2021-12-18;49;31;3;0;50;33;0;0;0;1079676;5349;597;3;1080783;2334;119;0;0
FR;4;2021-12-19;17;4;1;0;18;4;0;0;0;1079693;5353;598;3;1080801;2338;119;0;0
FR;4;2021-12-20;45;38;10;0;46;41;6;0;0;1079738;5391;608;3;1080847;2379;125;0;0
FR;4;2021-12-21;32;32;17;0;34;39;5;0;0;1079770;5423;625;3;1080881;2418;130;0;0
FR;4;2021-12-22;37;39;10;0;38;39;7;0;0;1079807;5462;635;3;1080919;2457;137;0;0
FR;4;2021-12-23;41;45;8;0;41;49;2;0;0;1079848;5507;643;3;1080960;2506;139;0;0
FR;4;2021-12-24;24;28;10;0;26;31;4;0;0;1079872;5535;653;3;1080986;2537;143;0;0
FR;4;2021-12-25;7;3;3;0;7;4;2;0;0;1079879;5538;656;3;1080993;2541;145;0;0
FR;4;2021-12-26;5;3;1;0;6;2;0;0;0;1079884;5541;657;3;1080999;2543;145;0;0
FR;4;2021-12-27;31;41;9;0;32;43;4;0;0;1079915;5582;666;3;1081031;2586;149;0;0
FR;4;2021-12-28;27;28;7;0;29;29;4;0;0;1079942;5610;673;3;1081060;2615;153;0;0
FR;4;2021-12-29;56;25;11;0;57;30;5;0;0;1079998;5635;684;3;1081117;2645;158;0;0
FR;4;2021-12-30;48;19;12;0;51;22;5;0;0;1080046;5654;696;3;1081168;2667;163;0;0
FR;4;2021-12-31;20;6;8;0;21;11;2;0;0;1080066;5660;704;3;1081189;2678;165;0;0
FR;4;2022-01-01;7;4;5;0;7;7;1;0;0;1080073;5664;709;3;1081196;2685;166;0;0
FR;4;2022-01-02;43;5;16;0;43;20;1;0;0;1080116;5669;725;3;1081239;2705;167;0;0
FR;4;2022-01-03;45;55;25;1;47;65;10;0;0;1080161;5724;750;4;1081286;2770;177;0;0
FR;4;2022-01-04;44;28;16;0;45;33;8;0;0;1080205;5752;766;4;1081331;2803;185;0;0
FR;4;2022-01-05;52;24;19;0;58;27;9;0;0;1080257;5776;785;4;1081389;2830;194;0;0
FR;4;2022-01-06;52;24;24;0;52;40;8;0;0;1080309;5800;809;4;1081441;2870;202;0;0
FR;4;2022-01-07;31;20;16;0;33;21;12;0;0;1080340;5820;825;4;1081474;2891;214;0;0
FR;4;2022-01-08;13;6;10;0;14;12;3;0;0;1080353;5826;835;4;1081488;2903;217;0;0
FR;4;2022-01-09;20;2;3;0;21;4;0;0;0;1080373;5828;838;4;1081509;2907;217;0;0
FR;4;2022-01-10;53;22;19;0;53;36;4;0;0;1080426;5850;857;4;1081562;2943;221;0;0
FR;4;2022-01-11;30;31;12;0;34;35;1;0;0;1080456;5881;869;4;1081596;2978;222;0;0
FR;4;2022-01-12;35;21;13;0;37;23;9;0;0;1080491;5902;882;4;1081633;3001;231;0;0
FR;4;2022-01-13;55;20;27;0;56;38;8;0;0;1080546;5922;909;4;1081689;3039;239;0;0
FR;4;2022-01-14;25;32;13;0;26;35;7;0;0;1080571;5954;922;4;1081715;3074;246;0;0
FR;4;2022-01-15;15;6;8;0;16;12;1;0;0;1080586;5960;930;4;1081731;3086;247;0;0
FR;4;2022-01-16;13;9;14;0;13;22;1;0;0;1080599;5969;944;4;1081744;3108;248;0;0
FR;4;2022-01-17;27;20;15;0;27;29;5;0;0;1080626;5989;959;4;1081771;3137;253;0;0
FR;4;2022-01-18;17;14;10;0;17;21;3;0;0;1080643;6003;969;4;1081788;3158;256;0;0
FR;4;2022-01-19;33;23;13;0;33;34;1;0;0;1080676;6026;982;4;1081821;3192;257;0;0
FR;4;2022-01-20;34;34;13;0;36;39;5;0;0;1080710;6060;995;4;1081857;3231;262;0;0
FR;4;2022-01-21;13;12;20;1;13;17;15;0;1;1080723;6072;1015;5;1081870;3248;277;0;1
FR;4;2022-01-22;30;13;3;0;30;14;2;0;0;1080753;6085;1018;5;1081900;3262;279;0;1
FR;4;2022-01-23;8;2;7;0;8;9;0;0;0;1080761;6087;1025;5;1081908;3271;279;0;1
FR;4;2022-01-24;14;21;9;0;15;28;1;0;0;1080775;6108;1034;5;1081923;3299;280;0;1
FR;4;2022-01-25;22;32;10;1;23;38;3;0;0;1080797;6140;1044;6;1081946;3337;283;0;1
FR;4;2022-01-26;20;17;9;1;21;21;4;0;0;1080817;6157;1053;7;1081967;3358;287;0;1
FR;4;2022-01-27;22;19;8;0;23;25;1;0;0;1080839;6176;1061;7;1081990;3383;288;0;1
FR;4;2022-01-28;14;23;8;0;15;26;4;0;0;1080853;6199;1069;7;1082005;3409;292;0;1
FR;4;2022-01-29;17;6;5;0;17;10;0;0;0;1080870;6205;1074;7;1082022;3419;292;0;1
FR;4;2022-01-30;19;3;2;0;19;5;0;0;0;1080889;6208;1076;7;1082041;3424;292;0;1
FR;4;2022-01-31;22;28;8;0;22;32;2;0;0;1080911;6236;1084;7;1082063;3456;294;0;1
FR;4;2022-02-01;13;24;13;0;15;25;9;0;0;1080924;6260;1097;7;1082078;3481;303;0;1
FR;4;2022-02-02;19;12;14;2;20;20;7;0;0;1080943;6272;1111;9;1082098;3501;310;0;1
FR;4;2022-02-03;16;24;11;0;18;29;4;0;0;1080959;6296;1122;9;1082116;3530;314;0;1
FR;4;2022-02-04;7;5;7;0;7;9;3;0;0;1080966;6301;1129;9;1082123;3539;317;0;1
FR;4;2022-02-05;7;14;1;0;8;13;1;0;0;1080973;6315;1130;9;1082131;3552;318;0;1
FR;4;2022-02-06;8;4;4;0;8;7;1;0;0;1080981;6319;1134;9;1082139;3559;319;0;1
FR;4;2022-02-07;15;20;8;0;17;20;6;0;0;1080996;6339;1142;9;1082156;3579;325;0;1
FR;4;2022-02-08;20;21;13;1;22;22;10;0;0;1081016;6360;1155;10;1082178;3601;335;0;1
FR;4;2022-02-09;18;12;9;0;19;17;2;0;0;1081034;6372;1164;10;1082197;3618;337;0;1
FR;4;2022-02-10;23;23;10;0;24;25;7;0;0;1081057;6395;1174;10;1082221;3643;344;0;1
FR;4;2022-02-11;18;15;8;0;18;20;3;0;0;1081075;6410;1182;10;1082239;3663;347;0;1
FR;4;2022-02-12;24;6;3;0;26;7;0;0;0;1081099;6416;1185;10;1082265;3670;347;0;1
FR;4;2022-02-13;7;3;3;0;7;6;0;0;0;1081106;6419;1188;10;1082272;3676;347;0;1
FR;4;2022-02-14;22;10;10;0;22;16;4;0;0;1081128;6429;1198;10;1082294;3692;351;0;1
FR;4;2022-02-15;18;7;2;0;18;8;0;0;0;1081146;6436;1200;10;1082312;3700;351;0;1
FR;4;2022-02-16;17;11;11;0;17;18;3;0;0;1081163;6447;1211;10;1082329;3718;354;0;1
FR;4;2022-02-17;11;4;5;0;11;7;2;0;0;1081174;6451;1216;10;1082340;3725;356;0;1
FR;4;2022-02-18;16;15;8;0;16;21;2;0;0;1081190;6466;1224;10;1082356;3746;358;0;1
FR;4;2022-02-19;16;4;2;0;17;5;0;0;0;1081206;6470;1226;10;1082373;3751;358;0;1
FR;4;2022-02-20;9;4;0;0;10;3;0;0;0;1081215;6474;1226;10;1082383;3754;358;0;1
FR;4;2022-02-21;24;5;4;0;24;7;2;0;0;1081239;6479;1230;10;1082407;3761;360;0;1
FR;4;2022-02-22;9;5;10;0;10;10;4;0;0;1081248;6484;1240;10;1082417;3771;364;0;1
FR;4;2022-02-23;17;6;10;0;17;10;5;0;0;1081265;6490;1250;10;1082434;3781;369;0;1
FR;4;2022-02-24;11;5;4;0;11;7;2;0;0;1081276;6495;1254;10;1082445;3788;371;0;1
FR;4;2022-02-25;17;5;7;0;17;6;6;0;0;1081293;6500;1261;10;1082462;3794;377;0;1
FR;4;2022-02-26;27;3;1;0;27;4;0;0;0;1081320;6503;1262;10;1082489;3798;377;0;1
FR;4;2022-02-27;9;0;1;0;9;1;0;0;0;1081329;6503;1263;10;1082498;3799;377;0;1
FR;4;2022-02-28;18;3;2;0;19;3;1;0;0;1081347;6506;1265;10;1082517;3802;378;0;1
FR;4;2022-03-01;8;4;7;0;8;5;5;0;0;1081355;6510;1272;10;1082525;3807;383;0;1
FR;4;2022-03-02;16;3;6;0;17;7;1;0;0;1081371;6513;1278;10;1082542;3814;384;0;1
FR;4;2022-03-03;19;5;3;0;19;6;1;0;0;1081390;6518;1281;10;1082561;3820;385;0;1
FR;4;2022-03-04;7;8;2;1;7;6;3;0;0;1081397;6526;1283;11;1082568;3826;388;0;1
FR;4;2022-03-05;9;2;0;0;9;2;0;0;0;1081406;6528;1283;11;1082577;3828;388;0;1
FR;4;2022-03-06;4;0;1;0;4;1;0;0;0;1081410;6528;1284;11;1082581;3829;388;0;1
FR;4;2022-03-07;11;6;2;0;11;5;2;0;0;1081421;6534;1286;11;1082592;3834;390;0;1
FR;4;2022-03-08;15;3;0;0;15;3;0;0;0;1081436;6537;1286;11;1082607;3837;390;0;1
FR;4;2022-03-09;9;7;2;0;11;7;0;0;0;1081445;6544;1288;11;1082618;3844;390;0;1
FR;4;2022-03-10;6;1;6;0;6;3;4;0;0;1081451;6545;1294;11;1082624;3847;394;0;1
FR;4;2022-03-11;10;4;5;0;12;2;5;0;0;1081461;6549;1299;11;1082636;3849;399;0;1
FR;4;2022-03-12;10;2;0;0;11;0;0;0;0;1081471;6551;1299;11;1082647;3849;399;0;1
FR;4;2022-03-13;6;2;1;0;7;2;0;0;0;1081477;6553;1300;11;1082654;3851;399;0;1
FR;4;2022-03-14;4;3;1;0;5;3;0;0;0;1081481;6556;1301;11;1082659;3854;399;0;1
FR;4;2022-03-15;8;8;3;0;10;7;2;0;0;1081489;6564;1304;11;1082669;3861;401;0;1
FR;4;2022-03-16;7;3;4;0;7;4;3;0;0;1081496;6567;1308;11;1082676;3865;404;0;1
FR;4;2022-03-17;4;4;1;0;4;5;0;0;0;1081500;6571;1309;11;1082680;3870;404;0;1
FR;4;2022-03-18;9;3;0;0;9;3;0;0;0;1081509;6574;1309;11;1082689;3873;404;0;1
FR;4;2022-03-19;1;1;1;0;1;2;0;0;0;1081510;6575;1310;11;1082690;3875;404;0;1
FR;4;2022-03-20;3;1;2;0;3;2;1;0;0;1081513;6576;1312;11;1082693;3877;405;0;1
FR;4;2022-03-21;6;4;1;0;6;5;0;0;0;1081519;6580;1313;11;1082699;3882;405;0;1
FR;4;2022-03-22;4;2;2;0;4;3;1;0;0;1081523;6582;1315;11;1082703;3885;406;0;1
FR;4;2022-03-23;6;4;5;0;6;8;1;0;0;1081529;6586;1320;11;1082709;3893;407;0;1
FR;4;2022-03-24;2;5;3;1;2;7;2;0;0;1081531;6591;1323;12;1082711;3900;409;0;1
FR;4;2022-03-25;4;1;2;0;4;1;2;0;0;1081535;6592;1325;12;1082715;3901;411;0;1
FR;4;2022-03-26;5;5;0;0;5;5;0;0;0;1081540;6597;1325;12;1082720;3906;411;0;1
FR;4;2022-03-27;1;0;3;0;1;2;1;0;0;1081541;6597;1328;12;1082721;3908;412;0;1
FR;4;2022-03-28;6;1;3;0;7;3;0;0;0;1081547;6598;1331;12;1082728;3911;412;0;1
FR;4;2022-03-29;9;0;4;1;9;0;2;0;0;1081556;6598;1335;13;1082737;3911;414;0;1
FR;4;2022-03-30;3;4;0;0;3;4;0;0;0;1081559;6602;1335;13;1082740;3915;414;0;1
FR;4;2022-03-31;5;3;2;1;5;4;1;0;0;1081564;6605;1337;14;1082745;3919;415;0;1
FR;4;2022-04-01;15;3;5;0;15;6;2;0;0;1081579;6608;1342;14;1082760;3925;417;0;1
FR;4;2022-04-02;4;4;0;0;5;3;0;0;0;1081583;6612;1342;14;1082765;3928;417;0;1
FR;4;2022-04-03;0;1;0;0;0;1;0;0;0;1081583;6613;1342;14;1082765;3929;417;0;1
FR;4;2022-04-04;4;4;4;0;5;5;2;0;0;1081587;6617;1346;14;1082770;3934;419;0;1
FR;4;2022-04-05;4;3;3;1;5;3;3;0;0;1081591;6620;1349;15;1082775;3937;422;0;1
FR;4;2022-04-06;6;1;0;0;6;1;0;0;0;1081597;6621;1349;15;1082781;3938;422;0;1
FR;4;2022-04-07;3;2;3;2;3;5;0;0;0;1081600;6623;1352;17;1082784;3943;422;0;1
FR;4;2022-04-08;4;2;1;0;4;2;1;0;0;1081604;6625;1353;17;1082788;3945;423;0;1
FR;4;2022-04-09;0;0;1;1;0;1;1;0;0;1081604;6625;1354;18;1082788;3946;424;0;1
FR;4;2022-04-10;2;2;0;0;2;2;0;0;0;1081606;6627;1354;18;1082790;3948;424;0;1
FR;4;2022-04-11;4;3;4;0;4;5;2;0;0;1081610;6630;1358;18;1082794;3953;426;0;1
FR;4;2022-04-12;6;1;4;0;6;2;3;0;0;1081616;6631;1362;18;1082800;3955;429;0;1
FR;4;2022-04-13;5;8;2;1;5;10;1;0;0;1081621;6639;1364;19;1082805;3965;430;0;1
FR;4;2022-04-14;6;4;2;1;7;5;1;0;0;1081627;6643;1366;20;1082812;3970;431;0;1
FR;4;2022-04-15;7;9;1;0;7;10;0;0;0;1081634;6652;1367;20;1082819;3980;431;0;1
FR;4;2022-04-16;1;0;0;0;1;0;0;0;0;1081635;6652;1367;20;1082820;3980;431;0;1
FR;4;2022-04-17;3;2;1;0;3;3;0;0;0;1081638;6654;1368;20;1082823;3983;431;0;1
FR;4;2022-04-18;2;2;6;0;2;4;4;0;0;1081640;6656;1374;20;1082825;3987;435;0;1
FR;4;2022-04-19;3;1;1;0;3;1;1;0;0;1081643;6657;1375;20;1082828;3988;436;0;1
FR;4;2022-04-20;15;4;1;1;16;3;1;0;0;1081658;6661;1376;21;1082844;3991;437;0;1
FR;4;2022-04-21;7;1;0;0;7;1;0;0;0;1081665;6662;1376;21;1082851;3992;437;0;1
FR;4;2022-04-22;1;1;2;0;1;2;1;0;0;1081666;6663;1378;21;1082852;3994;438;0;1
FR;4;2022-04-23;2;3;3;0;2;6;0;0;0;1081668;6666;1381;21;1082854;4000;438;0;1
FR;4;2022-04-24;0;3;0;0;0;3;0;0;0;1081668;6669;1381;21;1082854;4003;438;0;1
FR;4;2022-04-25;3;5;3;0;3;8;0;0;0;1081671;6674;1384;21;1082857;4011;438;0;1
FR;4;2022-04-26;5;6;1;0;5;6;1;0;0;1081676;6680;1385;21;1082862;4017;439;0;1
FR;4;2022-04-27;4;1;1;2;5;1;2;0;0;1081680;6681;1386;23;1082867;4018;441;0;1
FR;4;2022-04-28;3;5;5;1;3;7;4;0;0;1081683;6686;1391;24;1082870;4025;445;0;1
FR;4;2022-04-29;6;3;0;0;6;2;0;0;0;1081689;6689;1391;24;1082876;4027;445;0;1
FR;4;2022-04-30;2;1;1;0;2;2;0;0;0;1081691;6690;1392;24;1082878;4029;445;0;1
FR;4;2022-05-01;0;0;0;0;0;0;0;0;0;1081691;6690;1392;24;1082878;4029;445;0;1
FR;4;2022-05-02;5;16;6;0;5;19;3;0;0;1081696;6706;1398;24;1082883;4048;448;0;1
FR;4;2022-05-03;2;6;2;0;2;7;1;0;0;1081698;6712;1400;24;1082885;4055;449;0;1
FR;4;2022-05-04;7;4;1;0;7;4;1;0;0;1081705;6716;1401;24;1082892;4059;450;0;1
FR;4;2022-05-05;5;2;1;1;6;1;2;0;0;1081710;6718;1402;25;1082898;4060;452;0;1
FR;4;2022-05-06;5;3;1;0;6;2;1;0;0;1081715;6721;1403;25;1082904;4062;453;0;1
FR;4;2022-05-07;0;1;0;0;0;1;0;0;0;1081715;6722;1403;25;1082904;4063;453;0;1
FR;4;2022-05-08;1;1;0;0;1;1;0;0;0;1081716;6723;1403;25;1082905;4064;453;0;1
FR;4;2022-05-09;5;1;0;1;5;1;1;0;0;1081721;6724;1403;26;1082910;4065;454;0;1
FR;4;2022-05-10;3;1;0;2;3;3;0;0;0;1081724;6725;1403;28;1082913;4068;454;0;1
FR;4;2022-05-11;4;2;4;0;4;5;1;0;0;1081728;6727;1407;28;1082917;4073;455;0;1
FR;4;2022-05-12;7;4;2;1;7;5;1;0;1;1081735;6731;1409;29;1082924;4078;456;0;2
FR;4;2022-05-13;1;0;2;0;1;2;0;0;0;1081736;6731;1411;29;1082925;4080;456;0;2
FR;4;2022-05-14;0;2;0;0;0;2;0;0;0;1081736;6733;1411;29;1082925;4082;456;0;2
FR;4;2022-05-15;2;2;0;0;4;0;0;0;0;1081738;6735;1411;29;1082929;4082;456;0;2
FR;4;2022-05-16;5;2;2;0;5;2;2;0;0;1081743;6737;1413;29;1082934;4084;458;0;2
FR;4;2022-05-17;5;1;2;0;5;3;0;0;0;1081748;6738;1415;29;1082939;4087;458;0;2
FR;4;2022-05-18;3;6;0;0;3;6;0;0;0;1081751;6744;1415;29;1082942;4093;458;0;2
FR;4;2022-05-19;2;3;3;0;2;5;1;0;0;1081753;6747;1418;29;1082944;4098;459;0;2
FR;4;2022-05-20;5;2;3;0;5;2;3;0;0;1081758;6749;1421;29;1082949;4100;462;0;2
FR;4;2022-05-21;2;0;1;0;2;1;0;0;0;1081760;6749;1422;29;1082951;4101;462;0;2
FR;4;2022-05-22;0;0;1;0;0;1;0;0;0;1081760;6749;1423;29;1082951;4102;462;0;2
FR;4;2022-05-23;0;0;2;0;0;0;2;0;0;1081760;6749;1425;29;1082951;4102;464;0;2
FR;4;2022-05-24;2;4;1;0;2;5;0;0;0;1081762;6753;1426;29;1082953;4107;464;0;2
FR;4;2022-05-25;1;4;1;0;3;3;0;0;0;1081763;6757;1427;29;1082956;4110;464;0;2
FR;4;2022-05-26;5;0;1;0;5;1;0;0;0;1081768;6757;1428;29;1082961;4111;464;0;2
FR;4;2022-05-27;0;2;1;1;0;3;1;0;0;1081768;6759;1429;30;1082961;4114;465;0;2
FR;4;2022-05-28;1;0;0;0;1;0;0;0;0;1081769;6759;1429;30;1082962;4114;465;0;2
FR;4;2022-05-29;1;0;1;0;1;1;0;0;0;1081770;6759;1430;30;1082963;4115;465;0;2
FR;4;2022-05-30;3;4;2;0;3;5;1;0;0;1081773;6763;1432;30;1082966;4120;466;0;2
FR;4;2022-05-31;2;1;0;0;2;1;0;0;0;1081775;6764;1432;30;1082968;4121;466;0;2
FR;4;2022-06-01;3;11;7;0;3;15;3;0;0;1081778;6775;1439;30;1082971;4136;469;0;2
FR;4;2022-06-02;6;7;3;0;6;7;2;0;0;1081784;6782;1442;30;1082977;4143;471;0;2
FR;4;2022-06-03;2;6;4;1;2;7;4;0;0;1081786;6788;1446;31;1082979;4150;475;0;2
FR;4;2022-06-04;0;1;1;1;0;1;2;0;0;1081786;6789;1447;32;1082979;4151;477;0;2
FR;4;2022-06-05;1;0;0;0;1;0;0;0;0;1081787;6789;1447;32;1082980;4151;477;0;2
FR;4;2022-06-06;8;0;3;0;8;2;1;0;0;1081795;6789;1450;32;1082988;4153;478;0;2
FR;4;2022-06-07;7;2;0;1;7;2;1;0;0;1081802;6791;1450;33;1082995;4155;479;0;2
FR;4;2022-06-08;0;5;3;0;1;7;0;0;0;1081802;6796;1453;33;1082996;4162;479;0;2
FR;4;2022-06-09;1;2;0;0;2;1;0;0;0;1081803;6798;1453;33;1082998;4163;479;0;2
FR;4;2022-06-10;4;0;3;0;4;1;2;0;0;1081807;6798;1456;33;1083002;4164;481;0;2
FR;4;2022-06-11;1;0;0;0;1;0;0;0;0;1081808;6798;1456;33;1083003;4164;481;0;2
FR;4;2022-06-12;4;1;1;0;4;2;0;0;0;1081812;6799;1457;33;1083007;4166;481;0;2
FR;4;2022-06-13;6;2;3;0;7;2;1;0;0;1081818;6801;1460;33;1083014;4168;482;0;2
FR;4;2022-06-14;4;3;0;0;5;2;0;0;0;1081822;6804;1460;33;1083019;4170;482;0;2
FR;4;2022-06-15;10;3;4;0;10;3;4;0;0;1081832;6807;1464;33;1083029;4173;486;0;2
FR;4;2022-06-16;2;3;1;1;3;2;1;0;1;1081834;6810;1465;34;1083032;4175;487;0;3
FR;4;2022-06-17;6;1;0;0;6;1;0;0;0;1081840;6811;1465;34;1083038;4176;487;0;3
FR;4;2022-06-18;0;0;0;0;0;0;0;0;0;1081840;6811;1465;34;1083038;4176;487;0;3
FR;4;2022-06-19;3;0;0;0;3;0;0;0;0;1081843;6811;1465;34;1083041;4176;487;0;3
FR;4;2022-06-20;6;2;2;1;6;3;2;0;0;1081849;6813;1467;35;1083047;4179;489;0;3
FR;4;2022-06-21;5;2;4;1;6;4;2;0;0;1081854;6815;1471;36;1083053;4183;491;0;3
FR;4;2022-06-22;3;2;1;3;4;2;1;0;0;1081857;6817;1472;39;1083057;4185;492;0;3
FR;4;2022-06-23;3;3;3;0;3;5;1;0;0;1081860;6820;1475;39;1083060;4190;493;0;3
FR;4;2022-06-24;3;0;2;0;3;0;2;0;0;1081863;6820;1477;39;1083063;4190;495;0;3
FR;4;2022-06-25;3;0;1;1;3;1;1;0;0;1081866;6820;1478;40;1083066;4191;496;0;3
FR;4;2022-06-26;0;0;2;0;0;2;0;0;0;1081866;6820;1480;40;1083066;4193;496;0;3
FR;4;2022-06-27;2;2;1;3;2;3;3;0;0;1081868;6822;1481;43;1083068;4196;499;0;3
FR;4;2022-06-28;0;4;2;1;0;5;2;0;0;1081868;6826;1483;44;1083068;4201;501;0;3
FR;4;2022-06-29;1;2;0;0;1;2;0;0;0;1081869;6828;1483;44;1083069;4203;501;0;3
FR;4;2022-06-30;2;0;0;0;2;0;0;0;0;1081871;6828;1483;44;1083071;4203;501;0;3
FR;4;2022-07-01;3;4;8;0;3;4;8;0;0;1081874;6832;1491;44;1083074;4207;509;0;3
FR;4;2022-07-02;0;1;0;0;1;0;0;0;0;1081874;6833;1491;44;1083075;4207;509;0;3
FR;4;2022-07-03;0;0;0;0;0;0;0;0;0;1081874;6833;1491;44;1083075;4207;509;0;3
FR;4;2022-07-04;4;1;0;0;4;1;0;0;0;1081878;6834;1491;44;1083079;4208;509;0;3
FR;4;2022-07-05;4;1;3;0;4;3;1;0;0;1081882;6835;1494;44;1083083;4211;510;0;3
FR;4;2022-07-06;5;0;1;1;5;0;1;0;1;1081887;6835;1495;45;1083088;4211;511;0;4
FR;4;2022-07-07;2;1;2;1;2;1;3;0;0;1081889;6836;1497;46;1083090;4212;514;0;4
FR;4;2022-07-08;4;1;0;0;4;1;0;0;0;1081893;6837;1497;46;1083094;4213;514;0;4
FR;4;2022-07-09;2;2;1;0;2;3;0;0;0;1081895;6839;1498;46;1083096;4216;514;0;4
FR;4;2022-07-10;2;0;1;0;2;0;0;0;0;1081897;6839;1499;46;1083098;4216;514;0;4
FR;4;2022-07-11;3;0;2;0;3;0;1;0;0;1081900;6839;1501;46;1083101;4216;515;0;4
FR;4;2022-07-12;0;0;2;0;0;2;0;0;0;1081900;6839;1503;46;1083101;4218;515;0;4
FR;4;2022-07-13;3;2;3;1;3;2;4;0;0;1081903;6841;1506;47;1083104;4220;519;0;4
FR;4;2022-07-14;6;0;1;0;6;0;1;0;0;1081909;6841;1507;47;1083110;4220;520;0;4
FR;4;2022-07-15;11;2;0;0;11;2;0;0;0;1081920;6843;1507;47;1083121;4222;520;0;4
FR;4;2022-07-16;5;0;0;2;5;0;2;0;0;1081925;6843;1507;49;1083126;4222;522;0;4
FR;4;2022-07-17;1;0;1;1;1;0;2;0;0;1081926;6843;1508;50;1083127;4222;524;0;4
FR;4;2022-07-18;3;3;2;0;3;3;2;0;0;1081929;6846;1510;50;1083130;4225;526;0;4
FR;4;2022-07-19;5;0;1;0;5;1;0;0;0;1081934;6846;1511;50;1083135;4226;526;0;4
FR;4;2022-07-20;12;2;1;0;13;2;0;0;0;1081946;6848;1512;50;1083148;4228;526;0;4
FR;4;2022-07-21;2;3;1;0;2;3;1;0;0;1081948;6851;1513;50;1083150;4231;527;0;4
FR;4;2022-07-22;5;1;3;0;5;2;2;0;0;1081953;6852;1516;50;1083155;4233;529;0;4
FR;4;2022-07-23;1;2;0;0;1;1;0;0;0;1081954;6854;1516;50;1083156;4234;529;0;4
FR;4;2022-07-24;1;0;0;0;1;0;0;0;0;1081955;6854;1516;50;1083157;4234;529;0;4
FR;4;2022-07-25;7;0;2;0;7;2;0;0;0;1081962;6854;1518;50;1083164;4236;529;0;4
FR;4;2022-07-26;2;0;0;0;2;0;0;0;0;1081964;6854;1518;50;1083166;4236;529;0;4
FR;4;2022-07-27;3;1;0;0;3;0;0;0;0;1081967;6855;1518;50;1083169;4236;529;0;4
FR;4;2022-07-28;13;0;0;0;13;0;0;0;0;1081980;6855;1518;50;1083182;4236;529;0;4
FR;4;2022-07-29;3;0;2;0;3;1;1;0;0;1081983;6855;1520;50;1083185;4237;530;0;4
FR;4;2022-07-30;5;0;2;0;5;0;2;0;0;1081988;6855;1522;50;1083190;4237;532;0;4
FR;4;2022-07-31;0;0;0;0;0;0;0;0;0;1081988;6855;1522;50;1083190;4237;532;0;4
FR;4;2022-08-01;4;0;3;0;4;2;1;0;0;1081992;6855;1525;50;1083194;4239;533;0;4
FR;4;2022-08-02;7;0;0;0;7;0;0;0;0;1081999;6855;1525;50;1083201;4239;533;0;4
FR;4;2022-08-03;2;2;1;0;2;2;1;0;0;1082001;6857;1526;50;1083203;4241;534;0;4
FR;4;2022-08-04;5;2;0;1;5;2;1;0;0;1082006;6859;1526;51;1083208;4243;535;0;4
FR;4;2022-08-05;3;1;1;0;3;1;1;0;0;1082009;6860;1527;51;1083211;4244;536;0;4
FR;4;2022-08-06;2;0;0;0;2;0;0;0;0;1082011;6860;1527;51;1083213;4244;536;0;4
FR;4;2022-08-07;5;0;0;0;5;0;0;0;0;1082016;6860;1527;51;1083218;4244;536;0;4
FR;4;2022-08-08;2;0;1;1;2;1;1;0;0;1082018;6860;1528;52;1083220;4245;537;0;4
FR;4;2022-08-09;1;1;2;2;1;2;3;0;0;1082019;6861;1530;54;1083221;4247;540;0;4
FR;4;2022-08-10;6;1;1;0;7;1;0;0;0;1082025;6862;1531;54;1083228;4248;540;0;4
FR;4;2022-08-11;2;0;1;0;2;1;0;0;0;1082027;6862;1532;54;1083230;4249;540;0;4
FR;4;2022-08-12;4;0;1;0;4;0;1;0;0;1082031;6862;1533;54;1083234;4249;541;0;4
FR;4;2022-08-13;1;0;0;0;1;0;0;0;0;1082032;6862;1533;54;1083235;4249;541;0;4
FR;4;2022-08-14;1;0;0;0;1;0;0;0;0;1082033;6862;1533;54;1083236;4249;541;0;4
FR;4;2022-08-15;1;2;3;0;1;2;3;0;0;1082034;6864;1536;54;1083237;4251;544;0;4
FR;4;2022-08-16;0;0;1;0;0;1;0;0;0;1082034;6864;1537;54;1083237;4252;544;0;4
FR;4;2022-08-17;3;0;0;0;3;0;0;0;0;1082037;6864;1537;54;1083240;4252;544;0;4
FR;4;2022-08-18;6;0;0;0;6;0;0;0;0;1082043;6864;1537;54;1083246;4252;544;0;4
FR;4;2022-08-19;5;0;0;0;5;0;0;0;0;1082048;6864;1537;54;1083251;4252;544;0;4
FR;4;2022-08-20;3;1;0;0;4;0;0;0;0;1082051;6865;1537;54;1083255;4252;544;0;4
FR;4;2022-08-21;1;0;0;0;1;0;0;0;0;1082052;6865;1537;54;1083256;4252;544;0;4
FR;4;2022-08-22;3;9;0;0;3;9;0;0;0;1082055;6874;1537;54;1083259;4261;544;0;4
FR;4;2022-08-23;3;3;3;0;3;4;2;0;0;1082058;6877;1540;54;1083262;4265;546;0;4
FR;4;2022-08-24;6;0;0;1;6;0;1;0;0;1082064;6877;1540;55;1083268;4265;547;0;4
FR;4;2022-08-25;1;3;2;0;1;4;1;0;0;1082065;6880;1542;55;1083269;4269;548;0;4
FR;4;2022-08-26;6;0;0;1;6;0;1;0;0;1082071;6880;1542;56;1083275;4269;549;0;4
FR;4;2022-08-27;1;0;0;0;1;0;0;0;0;1082072;6880;1542;56;1083276;4269;549;0;4
FR;4;2022-08-28;0;1;0;0;0;0;0;0;0;1082072;6881;1542;56;1083276;4269;549;0;4
FR;4;2022-08-29;8;0;0;0;8;0;0;0;0;1082080;6881;1542;56;1083284;4269;549;0;4
FR;4;2022-08-30;5;1;0;0;5;1;0;0;0;1082085;6882;1542;56;1083289;4270;549;0;4
FR;4;2022-08-31;3;1;0;0;3;1;0;0;0;1082088;6883;1542;56;1083292;4271;549;0;4
FR;4;2022-09-01;4;8;2;0;5;7;2;0;0;1082092;6891;1544;56;1083297;4278;551;0;4
FR;4;2022-09-02;2;2;1;0;3;2;0;0;0;1082094;6893;1545;56;1083300;4280;551;0;4
FR;4;2022-09-03;3;0;0;0;3;0;0;0;0;1082097;6893;1545;56;1083303;4280;551;0;4
FR;4;2022-09-04;1;0;0;0;1;0;0;0;0;1082098;6893;1545;56;1083304;4280;551;0;4
FR;4;2022-09-05;4;2;0;0;4;2;0;0;0;1082102;6895;1545;56;1083308;4282;551;0;4
FR;4;2022-09-06;1;0;0;0;1;0;0;0;0;1082103;6895;1545;56;1083309;4282;551;0;4
FR;4;2022-09-07;2;0;1;1;2;1;1;0;0;1082105;6895;1546;57;1083311;4283;552;0;4
FR;4;2022-09-08;3;0;0;0;3;0;0;0;0;1082108;6895;1546;57;1083314;4283;552;0;4
FR;4;2022-09-09;2;2;0;0;2;2;0;0;0;1082110;6897;1546;57;1083316;4285;552;0;4
FR;4;2022-09-10;0;1;0;3;0;2;2;0;0;1082110;6898;1546;60;1083316;4287;554;0;4
FR;4;2022-09-11;2;0;0;0;2;0;0;0;0;1082112;6898;1546;60;1083318;4287;554;0;4
FR;4;2022-09-12;1;1;1;0;1;1;1;0;0;1082113;6899;1547;60;1083319;4288;555;0;4
FR;4;2022-09-13;1;0;0;0;1;0;0;0;0;1082114;6899;1547;60;1083320;4288;555;0;4
FR;4;2022-09-14;4;0;0;0;4;0;0;0;0;1082118;6899;1547;60;1083324;4288;555;0;4
FR;4;2022-09-15;4;0;0;0;4;0;0;0;0;1082122;6899;1547;60;1083328;4288;555;0;4
FR;4;2022-09-16;1;0;0;0;1;0;0;0;0;1082123;6899;1547;60;1083329;4288;555;0;4
FR;4;2022-09-17;2;0;0;0;2;0;0;0;0;1082125;6899;1547;60;1083331;4288;555;0;4
FR;4;2022-09-18;0;1;0;0;0;1;0;0;0;1082125;6900;1547;60;1083331;4289;555;0;4
FR;4;2022-09-19;4;0;2;0;4;2;0;0;0;1082129;6900;1549;60;1083335;4291;555;0;4
FR;4;2022-09-20;4;0;0;0;4;0;0;0;0;1082133;6900;1549;60;1083339;4291;555;0;4
FR;4;2022-09-21;2;1;0;0;2;1;0;0;0;1082135;6901;1549;60;1083341;4292;555;0;4
FR;4;2022-09-22;2;1;0;0;2;1;0;0;0;1082137;6902;1549;60;1083343;4293;555;0;4
FR;4;2022-09-23;2;3;0;0;3;2;0;0;0;1082139;6905;1549;60;1083346;4295;555;0;4
FR;4;2022-09-24;1;0;0;0;1;0;0;0;0;1082140;6905;1549;60;1083347;4295;555;0;4
FR;4;2022-09-25;0;0;0;0;0;0;0;0;0;1082140;6905;1549;60;1083347;4295;555;0;4
FR;4;2022-09-26;2;0;1;0;2;0;1;0;0;1082142;6905;1550;60;1083349;4295;556;0;4
FR;4;2022-09-27;1;0;1;1;1;0;2;0;0;1082143;6905;1551;61;1083350;4295;558;0;4
FR;4;2022-09-28;3;0;2;0;3;2;0;0;0;1082146;6905;1553;61;1083353;4297;558;0;4
FR;4;2022-09-29;5;0;1;1;5;1;1;0;0;1082151;6905;1554;62;1083358;4298;559;0;4
FR;4;2022-09-30;1;1;0;0;1;1;0;0;0;1082152;6906;1554;62;1083359;4299;559;0;4
FR;4;2022-10-01;1;1;0;0;2;0;0;0;0;1082153;6907;1554;62;1083361;4299;559;0;4
FR;4;2022-10-02;0;1;0;0;0;1;0;0;0;1082153;6908;1554;62;1083361;4300;559;0;4
FR;4;2022-10-03;2;3;1;1;3;3;1;0;0;1082155;6911;1555;63;1083364;4303;560;0;4
FR;4;2022-10-04;3;0;0;0;3;0;0;0;0;1082158;6911;1555;63;1083367;4303;560;0;4
FR;4;2022-10-05;0;1;0;0;0;1;0;0;0;1082158;6912;1555;63;1083367;4304;560;0;4
FR;4;2022-10-06;2;0;0;0;2;0;0;0;0;1082160;6912;1555;63;1083369;4304;560;0;4
FR;4;2022-10-07;3;1;1;0;3;1;1;0;0;1082163;6913;1556;63;1083372;4305;561;0;4
FR;4;2022-10-08;4;1;0;0;4;0;0;0;0;1082167;6914;1556;63;1083376;4305;561;0;4
FR;4;2022-10-09;0;0;0;0;0;0;0;0;0;1082167;6914;1556;63;1083376;4305;561;0;4
FR;4;2022-10-10;5;0;2;3;5;2;1;0;2;1082172;6914;1558;66;1083381;4307;562;0;6
FR;4;2022-10-11;2;2;0;0;2;1;0;0;0;1082174;6916;1558;66;1083383;4308;562;0;6
FR;4;2022-10-12;1;0;0;0;1;0;0;0;0;1082175;6916;1558;66;1083384;4308;562;0;6
FR;4;2022-10-13;5;0;0;0;5;0;0;0;0;1082180;6916;1558;66;1083389;4308;562;0;6
FR;4;2022-10-14;1;1;0;0;1;1;0;0;0;1082181;6917;1558;66;1083390;4309;562;0;6
FR;4;2022-10-15;1;2;0;0;1;2;0;0;0;1082182;6919;1558;66;1083391;4311;562;0;6
FR;4;2022-10-16;0;0;0;0;0;0;0;0;0;1082182;6919;1558;66;1083391;4311;562;0;6
FR;4;2022-10-17;3;0;1;0;3;1;0;0;0;1082185;6919;1559;66;1083394;4312;562;0;6
FR;4;2022-10-18;1;0;0;1;1;0;1;0;0;1082186;6919;1559;67;1083395;4312;563;0;6
FR;4;2022-10-19;1;0;0;2;1;0;2;0;3;1082187;6919;1559;69;1083396;4312;565;0;9
FR;4;2022-10-20;4;1;0;0;4;1;0;0;0;1082191;6920;1559;69;1083400;4313;565;0;9
FR;4;2022-10-21;3;1;0;0;3;1;0;0;0;1082194;6921;1559;69;1083403;4314;565;0;9
FR;4;2022-10-22;1;0;0;0;1;0;0;0;0;1082195;6921;1559;69;1083404;4314;565;0;9
FR;4;2022-10-23;0;0;0;0;0;0;0;0;0;1082195;6921;1559;69;1083404;4314;565;0;9
FR;4;2022-10-24;3;0;0;0;3;0;0;0;0;1082198;6921;1559;69;1083407;4314;565;0;9
FR;4;2022-10-25;4;0;0;0;4;0;0;0;0;1082202;6921;1559;69;1083411;4314;565;0;9
FR;4;2022-10-26;2;1;0;0;2;1;0;0;0;1082204;6922;1559;69;1083413;4315;565;0;9
FR;4;2022-10-27;3;1;1;0;3;0;1;0;0;1082207;6923;1560;69;1083416;4315;566;0;9
FR;4;2022-10-28;0;0;0;0;0;0;0;0;0;1082207;6923;1560;69;1083416;4315;566;0;9
FR;4;2022-10-29;1;0;0;3;1;0;3;0;3;1082208;6923;1560;72;1083417;4315;569;0;12
FR;4;2022-10-30;1;0;0;0;1;0;0;0;0;1082209;6923;1560;72;1083418;4315;569;0;12
FR;4;2022-10-31;1;0;0;0;1;0;0;0;0;1082210;6923;1560;72;1083419;4315;569;0;12
FR;4;2022-11-01;1;6;0;0;1;6;0;0;0;1082211;6929;1560;72;1083420;4321;569;0;12
FR;4;2022-11-02;0;0;2;2;0;1;3;0;0;1082211;6929;1562;74;1083420;4322;572;0;12
FR;4;2022-11-03;1;0;0;0;1;0;0;0;0;1082212;6929;1562;74;1083421;4322;572;0;12
FR;4;2022-11-04;4;1;0;0;4;0;0;0;0;1082216;6930;1562;74;1083425;4322;572;0;12
FR;4;2022-11-05;0;0;0;0;0;0;0;0;0;1082216;6930;1562;74;1083425;4322;572;0;12
FR;4;2022-11-06;2;0;0;0;2;0;0;0;0;1082218;6930;1562;74;1083427;4322;572;0;12
FR;4;2022-11-07;2;0;0;0;2;0;0;0;0;1082220;6930;1562;74;1083429;4322;572;0;12
FR;4;2022-11-08;7;0;0;0;7;0;0;0;0;1082227;6930;1562;74;1083436;4322;572;0;12
FR;4;2022-11-09;0;0;0;0;0;0;0;0;0;1082227;6930;1562;74;1083436;4322;572;0;12
FR;4;2022-11-10;2;0;1;0;2;1;0;0;0;1082229;6930;1563;74;1083438;4323;572;0;12
FR;4;2022-11-11;1;0;0;0;1;0;0;0;0;1082230;6930;1563;74;1083439;4323;572;0;12
FR;4;2022-11-12;3;1;0;0;3;1;0;0;0;1082233;6931;1563;74;1083442;4324;572;0;12
FR;4;2022-11-13;2;0;0;0;2;0;0;0;0;1082235;6931;1563;74;1083444;4324;572;0;12
FR;4;2022-11-14;0;1;0;0;0;1;0;0;0;1082235;6932;1563;74;1083444;4325;572;0;12
FR;4;2022-11-15;3;1;0;0;3;1;0;0;0;1082238;6933;1563;74;1083447;4326;572;0;12
FR;4;2022-11-16;1;1;1;0;1;1;1;0;0;1082239;6934;1564;74;1083448;4327;573;0;12
FR;4;2022-11-17;0;2;0;0;0;2;0;0;0;1082239;6936;1564;74;1083448;4329;573;0;12
FR;4;2022-11-18;5;0;1;0;5;0;1;0;0;1082244;6936;1565;74;1083453;4329;574;0;12
FR;4;2022-11-19;0;0;0;0;0;0;0;0;0;1082244;6936;1565;74;1083453;4329;574;0;12
FR;4;2022-11-20;0;0;0;1;0;0;0;0;1;1082244;6936;1565;75;1083453;4329;574;0;13
FR;4;2022-11-21;0;0;0;0;0;0;0;0;0;1082244;6936;1565;75;1083453;4329;574;0;13
FR;4;2022-11-22;0;1;1;0;0;2;0;0;0;1082244;6937;1566;75;1083453;4331;574;0;13
FR;4;2022-11-23;1;0;0;0;1;0;0;0;1;1082245;6937;1566;75;1083454;4331;574;0;14
FR;4;2022-11-24;0;2;0;0;0;2;0;0;0;1082245;6939;1566;75;1083454;4333;574;0;14
FR;4;2022-11-25;3;4;0;0;3;4;0;0;0;1082248;6943;1566;75;1083457;4337;574;0;14
FR;4;2022-11-26;1;0;0;0;1;0;0;0;0;1082249;6943;1566;75;1083458;4337;574;0;14
FR;4;2022-11-27;0;0;0;0;0;0;0;0;0;1082249;6943;1566;75;1083458;4337;574;0;14
FR;4;2022-11-28;4;0;0;0;4;0;0;0;0;1082253;6943;1566;75;1083462;4337;574;0;14
FR;4;2022-11-29;3;0;0;0;3;0;0;0;0;1082256;6943;1566;75;1083465;4337;574;0;14
FR;4;2022-11-30;0;0;0;0;0;0;0;0;0;1082256;6943;1566;75;1083465;4337;574;0;14
FR;4;2022-12-01;1;2;2;0;2;2;1;0;0;1082257;6945;1568;75;1083467;4339;575;0;14
FR;4;2022-12-02;6;1;0;1;6;1;0;0;1;1082263;6946;1568;76;1083473;4340;575;0;15
FR;4;2022-12-03;1;0;0;0;1;0;0;0;0;1082264;6946;1568;76;1083474;4340;575;0;15
FR;4;2022-12-04;0;0;0;0;0;0;0;0;0;1082264;6946;1568;76;1083474;4340;575;0;15
FR;4;2022-12-05;2;1;0;0;2;1;0;0;0;1082266;6947;1568;76;1083476;4341;575;0;15
FR;4;2022-12-06;2;0;0;0;2;0;0;0;0;1082268;6947;1568;76;1083478;4341;575;0;15
FR;4;2022-12-07;2;3;1;0;2;4;0;0;0;1082270;6950;1569;76;1083480;4345;575;0;15
FR;4;2022-12-08;1;0;0;0;1;0;0;0;0;1082271;6950;1569;76;1083481;4345;575;0;15
FR;4;2022-12-09;2;0;1;0;2;0;1;0;0;1082273;6950;1570;76;1083483;4345;576;0;15
FR;4;2022-12-10;1;0;0;0;1;0;0;0;0;1082274;6950;1570;76;1083484;4345;576;0;15
FR;4;2022-12-11;0;0;0;0;0;0;0;0;0;1082274;6950;1570;76;1083484;4345;576;0;15
FR;4;2022-12-12;2;1;0;5;2;1;5;0;0;1082276;6951;1570;81;1083486;4346;581;0;15
FR;4;2022-12-13;2;0;0;0;2;0;0;0;0;1082278;6951;1570;81;1083488;4346;581;0;15
FR;4;2022-12-14;0;0;0;0;0;0;0;0;0;1082278;6951;1570;81;1083488;4346;581;0;15
FR;4;2022-12-15;1;1;0;0;1;1;0;0;0;1082279;6952;1570;81;1083489;4347;581;0;15
FR;4;2022-12-16;2;0;0;0;2;0;0;0;0;1082281;6952;1570;81;1083491;4347;581;0;15
FR;4;2022-12-17;0;0;1;0;0;0;1;0;0;1082281;6952;1571;81;1083491;4347;582;0;15
FR;4;2022-12-18;1;0;0;0;1;0;0;0;0;1082282;6952;1571;81;1083492;4347;582;0;15
FR;4;2022-12-19;1;0;0;0;1;0;0;0;0;1082283;6952;1571;81;1083493;4347;582;0;15
FR;4;2022-12-20;4;2;0;0;5;1;0;0;0;1082287;6954;1571;81;1083498;4348;582;0;15
FR;4;2022-12-21;6;0;0;0;6;0;0;0;0;1082293;6954;1571;81;1083504;4348;582;0;15
FR;4;2022-12-22;2;1;0;0;2;1;0;0;0;1082295;6955;1571;81;1083506;4349;582;0;15
FR;4;2022-12-23;3;0;0;0;3;0;0;0;0;1082298;6955;1571;81;1083509;4349;582;0;15
FR;4;2022-12-24;0;0;1;0;0;1;0;0;0;1082298;6955;1572;81;1083509;4350;582;0;15
FR;4;2022-12-25;0;0;0;0;0;0;0;0;0;1082298;6955;1572;81;1083509;4350;582;0;15
FR;4;2022-12-26;1;2;0;0;1;1;0;0;0;1082299;6957;1572;81;1083510;4351;582;0;15
FR;4;2022-12-27;1;1;0;0;1;1;0;0;0;1082300;6958;1572;81;1083511;4352;582;0;15
FR;4;2022-12-28;0;0;0;0;0;0;0;0;0;1082300;6958;1572;81;1083511;4352;582;0;15
FR;4;2022-12-29;0;1;0;0;1;0;0;0;0;1082300;6959;1572;81;1083512;4352;582;0;15
FR;4;2022-12-30;1;0;0;0;1;0;0;0;0;1082301;6959;1572;81;1083513;4352;582;0;15
FR;4;2022-12-31;0;0;0;0;0;0;0;0;0;1082301;6959;1572;81;1083513;4352;582;0;15
FR;4;2023-01-01;0;0;0;0;0;0;0;0;0;1082301;6959;1572;81;1083513;4352;582;0;15
FR;4;2023-01-02;2;0;2;0;2;1;1;0;0;1082303;6959;1574;81;1083515;4353;583;0;15
FR;4;2023-01-03;1;1;0;0;1;1;0;0;0;1082304;6960;1574;81;1083516;4354;583;0;15
FR;4;2023-01-04;0;0;0;0;0;0;0;0;0;1082304;6960;1574;81;1083516;4354;583;0;15
FR;4;2023-01-05;0;0;0;0;0;0;0;0;0;1082304;6960;1574;81;1083516;4354;583;0;15
FR;4;2023-01-06;1;1;3;0;1;4;0;0;0;1082305;6961;1577;81;1083517;4358;583;0;15
FR;4;2023-01-07;1;0;0;0;1;0;0;0;0;1082306;6961;1577;81;1083518;4358;583;0;15
FR;4;2023-01-08;1;0;0;0;1;0;0;0;0;1082307;6961;1577;81;1083519;4358;583;0;15
FR;4;2023-01-09;1;0;0;0;1;0;0;0;0;1082308;6961;1577;81;1083520;4358;583;0;15
FR;4;2023-01-10;2;1;0;0;2;1;0;0;0;1082310;6962;1577;81;1083522;4359;583;0;15
FR;4;2023-01-11;0;0;0;0;0;0;0;0;0;1082310;6962;1577;81;1083522;4359;583;0;15
FR;4;2023-01-12;3;2;0;0;3;2;0;0;0;1082313;6964;1577;81;1083525;4361;583;0;15
FR;4;2023-01-13;3;0;2;0;3;0;2;0;0;1082316;6964;1579;81;1083528;4361;585;0;15
FR;4;2023-01-14;0;0;1;0;0;0;1;0;0;1082316;6964;1580;81;1083528;4361;586;0;15
FR;4;2023-01-15;0;0;0;0;0;0;0;0;0;1082316;6964;1580;81;1083528;4361;586;0;15
FR;4;2023-01-16;3;0;0;0;3;0;0;0;0;1082319;6964;1580;81;1083531;4361;586;0;15
FR;4;2023-01-17;2;0;0;0;2;0;0;0;0;1082321;6964;1580;81;1083533;4361;586;0;15
FR;4;2023-01-18;3;0;0;0;3;0;0;0;0;1082324;6964;1580;81;1083536;4361;586;0;15
FR;4;2023-01-19;1;0;0;2;1;0;0;0;0;1082325;6964;1580;83;1083537;4361;586;0;15
FR;4;2023-01-20;0;0;0;0;0;0;0;0;0;1082325;6964;1580;83;1083537;4361;586;0;15
FR;4;2023-01-21;0;0;0;0;0;0;0;0;0;1082325;6964;1580;83;1083537;4361;586;0;15
FR;4;2023-01-22;0;0;0;0;0;0;0;0;0;1082325;6964;1580;83;1083537;4361;586;0;15
FR;4;2023-01-23;1;0;0;0;1;0;0;0;0;1082326;6964;1580;83;1083538;4361;586;0;15
FR;4;2023-01-24;3;1;0;0;3;1;0;0;0;1082329;6965;1580;83;1083541;4362;586;0;15
FR;4;2023-01-25;6;0;0;0;6;0;0;0;0;1082335;6965;1580;83;1083547;4362;586;0;15
FR;4;2023-01-26;1;0;0;0;1;0;0;0;0;1082336;6965;1580;83;1083548;4362;586;0;15
FR;4;2023-01-27;0;0;0;0;0;0;0;0;0;1082336;6965;1580;83;1083548;4362;586;0;15
FR;4;2023-01-28;0;0;0;0;0;0;0;0;0;1082336;6965;1580;83;1083548;4362;586;0;15
FR;4;2023-01-29;0;0;0;0;0;0;0;0;0;1082336;6965;1580;83;1083548;4362;586;0;15
FR;4;2023-01-30;0;0;0;0;0;0;0;0;0;1082336;6965;1580;83;1083548;4362;586;0;15
FR;4;2023-01-31;0;0;0;0;0;0;0;0;0;1082336;6965;1580;83;1083548;4362;586;0;15
FR;4;2023-02-01;0;0;0;0;0;0;0;0;0;1082336;6965;1580;83;1083548;4362;586;0;15
FR;4;2023-02-02;3;2;2;1;3;3;1;0;0;1082339;6967;1582;84;1083551;4365;587;0;15
FR;4;2023-02-03;0;0;0;0;0;0;0;0;0;1082339;6967;1582;84;1083551;4365;587;0;15
FR;4;2023-02-04;1;0;0;0;1;0;0;0;0;1082340;6967;1582;84;1083552;4365;587;0;15
FR;4;2023-02-05;0;0;0;0;0;0;0;0;0;1082340;6967;1582;84;1083552;4365;587;0;15
FR;4;2023-02-06;1;0;0;0;1;0;0;0;0;1082341;6967;1582;84;1083553;4365;587;0;15
FR;4;2023-02-07;2;0;0;0;2;0;0;0;0;1082343;6967;1582;84;1083555;4365;587;0;15
FR;4;2023-02-08;2;1;0;0;2;0;0;0;0;1082345;6968;1582;84;1083557;4365;587;0;15
FR;4;2023-02-09;1;1;0;0;1;1;0;0;0;1082346;6969;1582;84;1083558;4366;587;0;15
FR;4;2023-02-10;5;1;0;0;5;0;0;0;0;1082351;6970;1582;84;1083563;4366;587;0;15
FR;4;2023-02-11;4;0;0;0;4;0;0;0;0;1082355;6970;1582;84;1083567;4366;587;0;15
FR;4;2023-02-12;0;0;0;0;0;0;0;0;0;1082355;6970;1582;84;1083567;4366;587;0;15
FR;4;2023-02-13;3;0;0;0;3;0;0;0;0;1082358;6970;1582;84;1083570;4366;587;0;15
FR;4;2023-02-14;0;2;0;0;2;0;0;0;0;1082358;6972;1582;84;1083572;4366;587;0;15
FR;4;2023-02-15;2;0;0;0;2;0;0;0;0;1082360;6972;1582;84;1083574;4366;587;0;15
FR;4;2023-02-16;1;1;0;0;1;1;0;0;0;1082361;6973;1582;84;1083575;4367;587;0;15
FR;4;2023-02-17;1;0;0;0;1;0;0;0;0;1082362;6973;1582;84;1083576;4367;587;0;15
FR;4;2023-02-18;0;2;0;0;0;2;0;0;0;1082362;6975;1582;84;1083576;4369;587;0;15
FR;4;2023-02-19;0;0;0;0;0;0;0;0;0;1082362;6975;1582;84;1083576;4369;587;0;15
FR;4;2023-02-20;1;0;0;0;1;0;0;0;0;1082363;6975;1582;84;1083577;4369;587;0;15
FR;4;2023-02-21;2;0;0;0;2;0;0;0;0;1082365;6975;1582;84;1083579;4369;587;0;15
FR;4;2023-02-22;0;0;0;0;0;0;0;0;0;1082365;6975;1582;84;1083579;4369;587;0;15
FR;4;2023-02-23;0;0;0;0;0;0;0;0;0;1082365;6975;1582;84;1083579;4369;587;0;15
FR;4;2023-02-24;1;0;0;0;1;0;0;0;0;1082366;6975;1582;84;1083580;4369;587;0;15
FR;4;2023-02-25;2;1;0;0;2;1;0;0;0;1082368;6976;1582;84;1083582;4370;587;0;15
FR;4;2023-02-26;0;0;0;0;0;0;0;0;0;1082368;6976;1582;84;1083582;4370;587;0;15
FR;4;2023-02-27;1;0;0;0;1;0;0;0;0;1082369;6976;1582;84;1083583;4370;587;0;15
FR;4;2023-02-28;0;0;0;0;0;0;0;0;0;1082369;6976;1582;84;1083583;4370;587;0;15
FR;4;2023-03-01;1;0;0;0;1;0;0;0;0;1082370;6976;1582;84;1083584;4370;587;0;15
FR;4;2023-03-02;1;1;2;0;1;1;2;0;0;1082371;6977;1584;84;1083585;4371;589;0;15
FR;4;2023-03-03;1;0;0;0;1;0;0;0;0;1082372;6977;1584;84;1083586;4371;589;0;15
FR;4;2023-03-04;0;0;0;0;0;0;0;0;0;1082372;6977;1584;84;1083586;4371;589;0;15
FR;4;2023-03-05;0;0;0;0;0;0;0;0;0;1082372;6977;1584;84;1083586;4371;589;0;15
FR;4;2023-03-06;0;0;0;0;0;0;0;0;0;1082372;6977;1584;84;1083586;4371;589;0;15
FR;4;2023-03-07;0;0;0;0;0;0;0;0;0;1082372;6977;1584;84;1083586;4371;589;0;15
FR;4;2023-03-08;1;0;0;0;1;0;0;0;0;1082373;6977;1584;84;1083587;4371;589;0;15
FR;4;2023-03-09;0;0;0;0;0;0;0;0;0;1082373;6977;1584;84;1083587;4371;589;0;15
FR;4;2023-03-10;2;0;1;0;2;0;1;0;0;1082375;6977;1585;84;1083589;4371;590;0;15
FR;4;2023-03-11;0;0;0;0;0;0;0;0;0;1082375;6977;1585;84;1083589;4371;590;0;15
FR;4;2023-03-12;0;0;0;0;0;0;0;0;0;1082375;6977;1585;84;1083589;4371;590;0;15
FR;4;2023-03-13;0;0;0;0;0;0;0;0;0;1082375;6977;1585;84;1083589;4371;590;0;15
FR;4;2023-03-14;0;0;0;0;0;0;0;0;0;1082375;6977;1585;84;1083589;4371;590;0;15
FR;4;2023-03-15;1;0;0;1;1;0;0;0;1;1082376;6977;1585;85;1083590;4371;590;0;16
FR;4;2023-03-16;1;0;0;0;1;0;0;0;0;1082377;6977;1585;85;1083591;4371;590;0;16
FR;4;2023-03-17;1;0;0;0;1;0;0;0;0;1082378;6977;1585;85;1083592;4371;590;0;16
FR;4;2023-03-18;0;1;0;0;0;1;0;0;0;1082378;6978;1585;85;1083592;4372;590;0;16
FR;4;2023-03-19;0;0;0;0;0;0;0;0;0;1082378;6978;1585;85;1083592;4372;590;0;16
FR;4;2023-03-20;0;0;0;0;0;0;0;0;0;1082378;6978;1585;85;1083592;4372;590;0;16
FR;4;2023-03-21;2;0;0;0;2;0;0;0;0;1082380;6978;1585;85;1083594;4372;590;0;16
FR;4;2023-03-22;0;0;1;0;0;0;1;0;0;1082380;6978;1586;85;1083594;4372;591;0;16
FR;4;2023-03-23;1;0;0;0;1;0;0;0;0;1082381;6978;1586;85;1083595;4372;591;0;16
FR;4;2023-03-24;0;0;0;0;0;0;0;0;0;1082381;6978;1586;85;1083595;4372;591;0;16
FR;4;2023-03-25;0;0;0;0;0;0;0;0;0;1082381;6978;1586;85;1083595;4372;591;0;16
FR;4;2023-03-26;0;0;0;0;0;0;0;0;0;1082381;6978;1586;85;1083595;4372;591;0;16
FR;4;2023-03-27;1;0;0;0;1;0;0;0;0;1082382;6978;1586;85;1083596;4372;591;0;16
FR;4;2023-03-28;1;0;0;0;1;0;0;0;0;1082383;6978;1586;85;1083597;4372;591;0;16
FR;4;2023-03-29;2;0;0;0;2;0;0;0;0;1082385;6978;1586;85;1083599;4372;591;0;16
FR;4;2023-03-30;0;1;0;0;1;0;0;0;0;1082385;6979;1586;85;1083600;4372;591;0;16
FR;4;2023-03-31;3;0;0;1;3;0;0;0;4;1082388;6979;1586;86;1083603;4372;591;0;20
FR;4;2023-04-01;2;0;0;0;2;0;0;0;0;1082390;6979;1586;86;1083605;4372;591;0;20
FR;4;2023-04-02;0;0;0;0;0;0;0;0;0;1082390;6979;1586;86;1083605;4372;591;0;20
FR;4;2023-04-03;0;0;0;0;0;0;0;0;0;1082390;6979;1586;86;1083605;4372;591;0;20
FR;4;2023-04-04;0;0;0;0;0;0;0;0;0;1082390;6979;1586;86;1083605;4372;591;0;20
FR;4;2023-04-05;0;0;0;0;0;0;0;0;0;1082390;6979;1586;86;1083605;4372;591;0;20
FR;4;2023-04-06;0;0;0;0;0;0;0;0;0;1082390;6979;1586;86;1083605;4372;591;0;20
FR;4;2023-04-07;0;0;0;0;0;0;0;0;0;1082390;6979;1586;86;1083605;4372;591;0;20
FR;4;2023-04-08;0;0;0;0;0;0;0;0;0;1082390;6979;1586;86;1083605;4372;591;0;20
FR;4;2023-04-09;0;0;0;0;0;0;0;0;0;1082390;6979;1586;86;1083605;4372;591;0;20
FR;4;2023-04-10;1;0;0;0;1;0;0;0;0;1082391;6979;1586;86;1083606;4372;591;0;20
FR;4;2023-04-11;0;0;0;0;0;0;0;0;0;1082391;6979;1586;86;1083606;4372;591;0;20
FR;4;2023-04-12;1;0;0;0;1;0;0;0;0;1082392;6979;1586;86;1083607;4372;591;0;20
FR;4;2023-04-13;0;0;0;0;0;0;0;0;0;1082392;6979;1586;86;1083607;4372;591;0;20
FR;4;2023-04-14;0;0;0;0;0;0;0;0;0;1082392;6979;1586;86;1083607;4372;591;0;20
FR;4;2023-04-15;0;0;0;0;0;0;0;0;0;1082392;6979;1586;86;1083607;4372;591;0;20
FR;4;2023-04-16;0;0;0;0;0;0;0;0;0;1082392;6979;1586;86;1083607;4372;591;0;20
FR;4;2023-04-17;0;0;0;0;0;0;0;0;0;1082392;6979;1586;86;1083607;4372;591;0;20
FR;4;2023-04-18;0;0;0;0;0;0;0;0;0;1082392;6979;1586;86;1083607;4372;591;0;20
FR;4;2023-04-19;1;0;0;0;1;0;0;0;0;1082393;6979;1586;86;1083608;4372;591;0;20
FR;4;2023-04-20;0;0;0;0;0;0;0;0;0;1082393;6979;1586;86;1083608;4372;591;0;20
FR;4;2023-04-21;0;1;0;0;0;1;0;0;0;1082393;6980;1586;86;1083608;4373;591;0;20
FR;4;2023-04-22;0;0;0;0;0;0;0;0;0;1082393;6980;1586;86;1083608;4373;591;0;20
FR;4;2023-04-23;1;0;0;0;1;0;0;0;0;1082394;6980;1586;86;1083609;4373;591;0;20
FR;4;2023-04-24;1;0;0;0;1;0;0;0;0;1082395;6980;1586;86;1083610;4373;591;0;20
FR;4;2023-04-25;1;0;0;0;1;0;0;0;0;1082396;6980;1586;86;1083611;4373;591;0;20
FR;4;2023-04-26;0;0;0;0;0;0;0;0;0;1082396;6980;1586;86;1083611;4373;591;0;20
FR;4;2023-04-27;0;0;0;0;0;0;0;0;0;1082396;6980;1586;86;1083611;4373;591;0;20
FR;4;2023-04-28;0;0;0;0;0;0;0;0;0;1082396;6980;1586;86;1083611;4373;591;0;20
FR;4;2023-04-29;0;0;0;0;0;0;0;0;0;1082396;6980;1586;86;1083611;4373;591;0;20
FR;4;2023-04-30;0;0;0;0;0;0;0;0;0;1082396;6980;1586;86;1083611;4373;591;0;20
FR;4;2023-05-01;0;0;0;0;0;0;0;0;0;1082396;6980;1586;86;1083611;4373;591;0;20
FR;4;2023-05-02;0;0;0;0;0;0;0;0;0;1082396;6980;1586;86;1083611;4373;591;0;20
FR;4;2023-05-03;0;0;0;0;0;0;0;0;0;1082396;6980;1586;86;1083611;4373;591;0;20
FR;4;2023-05-04;0;0;0;0;0;0;0;0;0;1082396;6980;1586;86;1083611;4373;591;0;20
FR;4;2023-05-05;0;0;0;0;0;0;0;0;0;1082396;6980;1586;86;1083611;4373;591;0;20
FR;4;2023-05-06;0;0;0;0;0;0;0;0;0;1082396;6980;1586;86;1083611;4373;591;0;20
FR;4;2023-05-07;0;0;0;0;0;0;0;0;0;1082396;6980;1586;86;1083611;4373;591;0;20
FR;4;2023-05-08;0;0;0;0;0;0;0;0;0;1082396;6980;1586;86;1083611;4373;591;0;20
FR;4;2023-05-09;0;0;0;0;0;0;0;0;0;1082396;6980;1586;86;1083611;4373;591;0;20
FR;4;2023-05-10;0;0;0;0;0;0;0;0;0;1082396;6980;1586;86;1083611;4373;591;0;20
FR;4;2023-05-11;0;0;0;0;0;0;0;0;0;1082396;6980;1586;86;1083611;4373;591;0;20
FR;4;2023-05-12;0;0;0;0;0;0;0;0;0;1082396;6980;1586;86;1083611;4373;591;0;20
FR;4;2023-05-13;0;0;0;0;0;0;0;0;0;1082396;6980;1586;86;1083611;4373;591;0;20
FR;4;2023-05-14;0;0;0;0;0;0;0;0;0;1082396;6980;1586;86;1083611;4373;591;0;20
FR;4;2023-05-15;0;0;0;0;0;0;0;0;0;1082396;6980;1586;86;1083611;4373;591;0;20
FR;5;2020-12-27;0;0;0;0;0;0;0;0;0;0;0;0;0;0;0;0;0;0
FR;5;2020-12-28;0;0;0;0;0;0;0;0;0;0;0;0;0;0;0;0;0;0
FR;5;2020-12-29;0;0;0;0;0;0;0;0;0;0;0;0;0;0;0;0;0;0
FR;5;2020-12-30;0;0;0;0;0;0;0;0;0;0;0;0;0;0;0;0;0;0
FR;5;2020-12-31;0;0;0;0;0;0;0;0;0;0;0;0;0;0;0;0;0;0
FR;5;2021-01-01;0;0;0;0;0;0;0;0;0;0;0;0;0;0;0;0;0;0
FR;5;2021-01-02;0;0;0;0;0;0;0;0;0;0;0;0;0;0;0;0;0;0
FR;5;2021-01-03;0;0;0;0;0;0;0;0;0;0;0;0;0;0;0;0;0;0
FR;5;2021-01-04;0;0;0;0;0;0;0;0;0;0;0;0;0;0;0;0;0;0
FR;5;2021-01-05;0;0;0;0;0;0;0;0;0;0;0;0;0;0;0;0;0;0
FR;5;2021-01-06;0;0;0;0;0;0;0;0;0;0;0;0;0;0;0;0;0;0
FR;5;2021-01-07;0;0;0;0;0;0;0;0;0;0;0;0;0;0;0;0;0;0
FR;5;2021-01-08;0;0;0;0;0;0;0;0;0;0;0;0;0;0;0;0;0;0
FR;5;2021-01-09;0;0;0;0;0;0;0;0;0;0;0;0;0;0;0;0;0;0
FR;5;2021-01-10;0;0;0;0;0;0;0;0;0;0;0;0;0;0;0;0;0;0
FR;5;2021-01-11;0;0;0;0;0;0;0;0;0;0;0;0;0;0;0;0;0;0
FR;5;2021-01-12;0;0;0;0;0;0;0;0;0;0;0;0;0;0;0;0;0;0
FR;5;2021-01-13;0;0;0;0;0;0;0;0;0;0;0;0;0;0;0;0;0;0
FR;5;2021-01-14;0;0;0;0;0;0;0;0;0;0;0;0;0;0;0;0;0;0
FR;5;2021-01-15;0;0;0;0;0;0;0;0;0;0;0;0;0;0;0;0;0;0
FR;5;2021-01-16;0;0;0;0;0;0;0;0;0;0;0;0;0;0;0;0;0;0
FR;5;2021-01-17;0;0;0;0;0;0;0;0;0;0;0;0;0;0;0;0;0;0
FR;5;2021-01-18;0;0;0;0;0;0;0;0;0;0;0;0;0;0;0;0;0;0
FR;5;2021-01-19;0;0;0;0;0;0;0;0;0;0;0;0;0;0;0;0;0;0
FR;5;2021-01-20;0;0;0;0;0;0;0;0;0;0;0;0;0;0;0;0;0;0
FR;5;2021-01-21;0;0;0;0;0;0;0;0;0;0;0;0;0;0;0;0;0;0
FR;5;2021-01-22;0;0;0;0;0;0;0;0;0;0;0;0;0;0;0;0;0;0
FR;5;2021-01-23;0;0;0;0;0;0;0;0;0;0;0;0;0;0;0;0;0;0
FR;5;2021-01-24;0;0;0;0;0;0;0;0;0;0;0;0;0;0;0;0;0;0
FR;5;2021-01-25;0;0;0;0;0;0;0;0;0;0;0;0;0;0;0;0;0;0
FR;5;2021-01-26;0;0;0;0;0;0;0;0;0;0;0;0;0;0;0;0;0;0
FR;5;2021-01-27;0;0;0;0;0;0;0;0;0;0;0;0;0;0;0;0;0;0
FR;5;2021-01-28;0;0;0;0;0;0;0;0;0;0;0;0;0;0;0;0;0;0
FR;5;2021-01-29;0;0;0;0;0;0;0;0;0;0;0;0;0;0;0;0;0;0
FR;5;2021-01-30;0;0;0;0;0;0;0;0;0;0;0;0;0;0;0;0;0;0
FR;5;2021-01-31;0;0;0;0;0;0;0;0;0;0;0;0;0;0;0;0;0;0
FR;5;2021-02-01;0;0;0;0;0;0;0;0;0;0;0;0;0;0;0;0;0;0
FR;5;2021-02-02;0;0;0;0;0;0;0;0;0;0;0;0;0;0;0;0;0;0
FR;5;2021-02-03;0;0;0;0;0;0;0;0;0;0;0;0;0;0;0;0;0;0
FR;5;2021-02-04;0;0;0;0;0;0;0;0;0;0;0;0;0;0;0;0;0;0
FR;5;2021-02-05;0;0;0;0;0;0;0;0;0;0;0;0;0;0;0;0;0;0
FR;5;2021-02-06;0;0;0;0;0;0;0;0;0;0;0;0;0;0;0;0;0;0
FR;5;2021-02-07;0;0;0;0;0;0;0;0;0;0;0;0;0;0;0;0;0;0
FR;5;2021-02-08;0;0;0;0;0;0;0;0;0;0;0;0;0;0;0;0;0;0
FR;5;2021-02-09;0;0;0;0;0;0;0;0;0;0;0;0;0;0;0;0;0;0
FR;5;2021-02-10;0;0;0;0;0;0;0;0;0;0;0;0;0;0;0;0;0;0
FR;5;2021-02-11;0;0;0;0;0;0;0;0;0;0;0;0;0;0;0;0;0;0
FR;5;2021-02-12;0;0;0;0;0;0;0;0;0;0;0;0;0;0;0;0;0;0
FR;5;2021-02-13;0;0;0;0;0;0;0;0;0;0;0;0;0;0;0;0;0;0
FR;5;2021-02-14;0;0;0;0;0;0;0;0;0;0;0;0;0;0;0;0;0;0
FR;5;2021-02-15;0;0;0;0;0;0;0;0;0;0;0;0;0;0;0;0;0;0
FR;5;2021-02-16;0;0;0;0;0;0;0;0;0;0;0;0;0;0;0;0;0;0
FR;5;2021-02-17;0;0;0;0;0;0;0;0;0;0;0;0;0;0;0;0;0;0
FR;5;2021-02-18;0;0;0;0;0;0;0;0;0;0;0;0;0;0;0;0;0;0
FR;5;2021-02-19;0;0;0;0;0;0;0;0;0;0;0;0;0;0;0;0;0;0
FR;5;2021-02-20;0;0;0;0;0;0;0;0;0;0;0;0;0;0;0;0;0;0
FR;5;2021-02-21;0;0;0;0;0;0;0;0;0;0;0;0;0;0;0;0;0;0
FR;5;2021-02-22;0;0;0;0;0;0;0;0;0;0;0;0;0;0;0;0;0;0
FR;5;2021-02-23;0;0;0;0;0;0;0;0;0;0;0;0;0;0;0;0;0;0
FR;5;2021-02-24;0;0;0;0;0;0;0;0;0;0;0;0;0;0;0;0;0;0
FR;5;2021-02-25;0;0;0;0;0;0;0;0;0;0;0;0;0;0;0;0;0;0
FR;5;2021-02-26;0;0;0;0;0;0;0;0;0;0;0;0;0;0;0;0;0;0
FR;5;2021-02-27;0;0;0;0;0;0;0;0;0;0;0;0;0;0;0;0;0;0
FR;5;2021-02-28;0;0;0;0;0;0;0;0;0;0;0;0;0;0;0;0;0;0
FR;5;2021-03-01;0;0;0;0;0;0;0;0;0;0;0;0;0;0;0;0;0;0
FR;5;2021-03-02;0;0;0;0;0;0;0;0;0;0;0;0;0;0;0;0;0;0
FR;5;2021-03-03;0;0;0;0;0;0;0;0;0;0;0;0;0;0;0;0;0;0
FR;5;2021-03-04;0;0;0;0;0;0;0;0;0;0;0;0;0;0;0;0;0;0
FR;5;2021-03-05;0;0;0;0;0;0;0;0;0;0;0;0;0;0;0;0;0;0
FR;5;2021-03-06;0;0;0;0;0;0;0;0;0;0;0;0;0;0;0;0;0;0
FR;5;2021-03-07;0;0;0;0;0;0;0;0;0;0;0;0;0;0;0;0;0;0
FR;5;2021-03-08;0;0;0;0;0;0;0;0;0;0;0;0;0;0;0;0;0;0
FR;5;2021-03-09;0;0;0;0;0;0;0;0;0;0;0;0;0;0;0;0;0;0
FR;5;2021-03-10;0;0;0;0;0;0;0;0;0;0;0;0;0;0;0;0;0;0
FR;5;2021-03-11;0;0;0;0;0;0;0;0;0;0;0;0;0;0;0;0;0;0
FR;5;2021-03-12;0;0;0;0;0;0;0;0;0;0;0;0;0;0;0;0;0;0
FR;5;2021-03-13;0;0;0;0;0;0;0;0;0;0;0;0;0;0;0;0;0;0
FR;5;2021-03-14;0;0;0;0;0;0;0;0;0;0;0;0;0;0;0;0;0;0
FR;5;2021-03-15;0;0;0;0;0;0;0;0;0;0;0;0;0;0;0;0;0;0
FR;5;2021-03-16;0;0;0;0;0;0;0;0;0;0;0;0;0;0;0;0;0;0
FR;5;2021-03-17;0;0;0;0;0;0;0;0;0;0;0;0;0;0;0;0;0;0
FR;5;2021-03-18;0;0;0;0;0;0;0;0;0;0;0;0;0;0;0;0;0;0
FR;5;2021-03-19;0;0;0;0;0;0;0;0;0;0;0;0;0;0;0;0;0;0
FR;5;2021-03-20;0;0;0;0;0;0;0;0;0;0;0;0;0;0;0;0;0;0
FR;5;2021-03-21;0;0;0;0;0;0;0;0;0;0;0;0;0;0;0;0;0;0
FR;5;2021-03-22;0;0;0;0;0;0;0;0;0;0;0;0;0;0;0;0;0;0
FR;5;2021-03-23;0;0;0;0;0;0;0;0;0;0;0;0;0;0;0;0;0;0
FR;5;2021-03-24;0;0;0;0;0;0;0;0;0;0;0;0;0;0;0;0;0;0
FR;5;2021-03-25;0;0;0;0;0;0;0;0;0;0;0;0;0;0;0;0;0;0
FR;5;2021-03-26;0;0;0;0;0;0;0;0;0;0;0;0;0;0;0;0;0;0
FR;5;2021-03-27;0;0;0;0;0;0;0;0;0;0;0;0;0;0;0;0;0;0
FR;5;2021-03-28;0;0;0;0;0;0;0;0;0;0;0;0;0;0;0;0;0;0
FR;5;2021-03-29;0;0;0;0;0;0;0;0;0;0;0;0;0;0;0;0;0;0
FR;5;2021-03-30;0;0;0;0;0;0;0;0;0;0;0;0;0;0;0;0;0;0
FR;5;2021-03-31;0;0;0;0;0;0;0;0;0;0;0;0;0;0;0;0;0;0
FR;5;2021-04-01;0;0;0;0;0;0;0;0;0;0;0;0;0;0;0;0;0;0
FR;5;2021-04-02;0;0;0;0;0;0;0;0;0;0;0;0;0;0;0;0;0;0
FR;5;2021-04-03;0;0;0;0;0;0;0;0;0;0;0;0;0;0;0;0;0;0
FR;5;2021-04-04;0;0;0;0;0;0;0;0;0;0;0;0;0;0;0;0;0;0
FR;5;2021-04-05;0;0;0;0;0;0;0;0;0;0;0;0;0;0;0;0;0;0
FR;5;2021-04-06;0;0;0;0;0;0;0;0;0;0;0;0;0;0;0;0;0;0
FR;5;2021-04-07;0;0;0;0;0;0;0;0;0;0;0;0;0;0;0;0;0;0
FR;5;2021-04-08;0;0;0;0;0;0;0;0;0;0;0;0;0;0;0;0;0;0
FR;5;2021-04-09;0;0;0;0;0;0;0;0;0;0;0;0;0;0;0;0;0;0
FR;5;2021-04-10;0;0;0;0;0;0;0;0;0;0;0;0;0;0;0;0;0;0
FR;5;2021-04-11;0;0;0;0;0;0;0;0;0;0;0;0;0;0;0;0;0;0
FR;5;2021-04-12;0;0;0;0;0;0;0;0;0;0;0;0;0;0;0;0;0;0
FR;5;2021-04-13;0;0;0;0;0;0;0;0;0;0;0;0;0;0;0;0;0;0
FR;5;2021-04-14;0;0;0;0;0;0;0;0;0;0;0;0;0;0;0;0;0;0
FR;5;2021-04-15;0;0;0;0;0;0;0;0;0;0;0;0;0;0;0;0;0;0
FR;5;2021-04-16;0;0;0;0;0;0;0;0;0;0;0;0;0;0;0;0;0;0
FR;5;2021-04-17;0;0;0;0;0;0;0;0;0;0;0;0;0;0;0;0;0;0
FR;5;2021-04-18;0;0;0;0;0;0;0;0;0;0;0;0;0;0;0;0;0;0
FR;5;2021-04-19;0;0;0;0;0;0;0;0;0;0;0;0;0;0;0;0;0;0
FR;5;2021-04-20;0;0;0;0;0;0;0;0;0;0;0;0;0;0;0;0;0;0
FR;5;2021-04-21;0;0;0;0;0;0;0;0;0;0;0;0;0;0;0;0;0;0
FR;5;2021-04-22;0;0;0;0;0;0;0;0;0;0;0;0;0;0;0;0;0;0
FR;5;2021-04-23;0;0;0;0;0;0;0;0;0;0;0;0;0;0;0;0;0;0
FR;5;2021-04-24;0;0;0;0;0;0;0;0;0;0;0;0;0;0;0;0;0;0
FR;5;2021-04-25;0;0;0;0;0;0;0;0;0;0;0;0;0;0;0;0;0;0
FR;5;2021-04-26;0;0;0;0;0;0;0;0;0;0;0;0;0;0;0;0;0;0
FR;5;2021-04-27;0;0;0;0;0;0;0;0;0;0;0;0;0;0;0;0;0;0
FR;5;2021-04-28;0;0;0;0;0;0;0;0;0;0;0;0;0;0;0;0;0;0
FR;5;2021-04-29;0;0;0;0;0;0;0;0;0;0;0;0;0;0;0;0;0;0
FR;5;2021-04-30;0;0;0;0;0;0;0;0;0;0;0;0;0;0;0;0;0;0
FR;5;2021-05-01;0;0;0;0;0;0;0;0;0;0;0;0;0;0;0;0;0;0
FR;5;2021-05-02;0;0;0;0;0;0;0;0;0;0;0;0;0;0;0;0;0;0
FR;5;2021-05-03;0;0;0;0;0;0;0;0;0;0;0;0;0;0;0;0;0;0
FR;5;2021-05-04;0;0;0;0;0;0;0;0;0;0;0;0;0;0;0;0;0;0
FR;5;2021-05-05;0;0;0;0;0;0;0;0;0;0;0;0;0;0;0;0;0;0
FR;5;2021-05-06;0;0;0;0;0;0;0;0;0;0;0;0;0;0;0;0;0;0
FR;5;2021-05-07;0;0;0;0;0;0;0;0;0;0;0;0;0;0;0;0;0;0
FR;5;2021-05-08;0;0;0;0;0;0;0;0;0;0;0;0;0;0;0;0;0;0
FR;5;2021-05-09;0;0;0;0;0;0;0;0;0;0;0;0;0;0;0;0;0;0
FR;5;2021-05-10;0;0;0;0;0;0;0;0;0;0;0;0;0;0;0;0;0;0
FR;5;2021-05-11;0;0;0;0;0;0;0;0;0;0;0;0;0;0;0;0;0;0
FR;5;2021-05-12;0;0;0;0;0;0;0;0;0;0;0;0;0;0;0;0;0;0
FR;5;2021-05-13;0;0;0;0;0;0;0;0;0;0;0;0;0;0;0;0;0;0
FR;5;2021-05-14;0;0;0;0;0;0;0;0;0;0;0;0;0;0;0;0;0;0
FR;5;2021-05-15;0;0;0;0;0;0;0;0;0;0;0;0;0;0;0;0;0;0
FR;5;2021-05-16;0;0;0;0;0;0;0;0;0;0;0;0;0;0;0;0;0;0
FR;5;2021-05-17;0;0;0;0;0;0;0;0;0;0;0;0;0;0;0;0;0;0
FR;5;2021-05-18;0;0;0;0;0;0;0;0;0;0;0;0;0;0;0;0;0;0
FR;5;2021-05-19;0;0;0;0;0;0;0;0;0;0;0;0;0;0;0;0;0;0
FR;5;2021-05-20;0;0;0;0;0;0;0;0;0;0;0;0;0;0;0;0;0;0
FR;5;2021-05-21;0;0;0;0;0;0;0;0;0;0;0;0;0;0;0;0;0;0
FR;5;2021-05-22;0;0;0;0;0;0;0;0;0;0;0;0;0;0;0;0;0;0
FR;5;2021-05-23;0;0;0;0;0;0;0;0;0;0;0;0;0;0;0;0;0;0
FR;5;2021-05-24;0;0;0;0;0;0;0;0;0;0;0;0;0;0;0;0;0;0
FR;5;2021-05-25;0;0;0;0;0;0;0;0;0;0;0;0;0;0;0;0;0;0
FR;5;2021-05-26;0;0;0;0;0;0;0;0;0;0;0;0;0;0;0;0;0;0
FR;5;2021-05-27;0;0;0;0;0;0;0;0;0;0;0;0;0;0;0;0;0;0
FR;5;2021-05-28;0;0;0;0;0;0;0;0;0;0;0;0;0;0;0;0;0;0
FR;5;2021-05-29;0;0;0;0;0;0;0;0;0;0;0;0;0;0;0;0;0;0
FR;5;2021-05-30;0;0;0;0;0;0;0;0;0;0;0;0;0;0;0;0;0;0
FR;5;2021-05-31;0;0;0;0;0;0;0;0;0;0;0;0;0;0;0;0;0;0
FR;5;2021-06-01;0;0;0;0;0;0;0;0;0;0;0;0;0;0;0;0;0;0
FR;5;2021-06-02;0;0;0;0;0;0;0;0;0;0;0;0;0;0;0;0;0;0
FR;5;2021-06-03;0;0;0;0;0;0;0;0;0;0;0;0;0;0;0;0;0;0
FR;5;2021-06-04;0;0;0;0;0;0;0;0;0;0;0;0;0;0;0;0;0;0
FR;5;2021-06-05;0;0;0;0;0;0;0;0;0;0;0;0;0;0;0;0;0;0
FR;5;2021-06-06;0;0;0;0;0;0;0;0;0;0;0;0;0;0;0;0;0;0
FR;5;2021-06-07;0;0;0;0;0;0;0;0;0;0;0;0;0;0;0;0;0;0
FR;5;2021-06-08;0;0;0;0;0;0;0;0;0;0;0;0;0;0;0;0;0;0
FR;5;2021-06-09;0;0;0;0;0;0;0;0;0;0;0;0;0;0;0;0;0;0
FR;5;2021-06-10;0;0;0;0;0;0;0;0;0;0;0;0;0;0;0;0;0;0
FR;5;2021-06-11;0;0;0;0;0;0;0;0;0;0;0;0;0;0;0;0;0;0
FR;5;2021-06-12;0;0;0;0;0;0;0;0;0;0;0;0;0;0;0;0;0;0
FR;5;2021-06-13;0;0;0;0;0;0;0;0;0;0;0;0;0;0;0;0;0;0
FR;5;2021-06-14;0;0;0;0;0;0;0;0;0;0;0;0;0;0;0;0;0;0
FR;5;2021-06-15;0;0;0;0;0;0;0;0;0;0;0;0;0;0;0;0;0;0
FR;5;2021-06-16;0;0;0;0;0;0;0;0;0;0;0;0;0;0;0;0;0;0
FR;5;2021-06-17;0;0;0;0;0;0;0;0;0;0;0;0;0;0;0;0;0;0
FR;5;2021-06-18;0;0;0;0;0;0;0;0;0;0;0;0;0;0;0;0;0;0
FR;5;2021-06-19;0;0;0;0;0;0;0;0;0;0;0;0;0;0;0;0;0;0
FR;5;2021-06-20;0;0;0;0;0;0;0;0;0;0;0;0;0;0;0;0;0;0
FR;5;2021-06-21;0;0;0;0;0;0;0;0;0;0;0;0;0;0;0;0;0;0
FR;5;2021-06-22;0;0;0;0;0;0;0;0;0;0;0;0;0;0;0;0;0;0
FR;5;2021-06-23;0;0;0;0;0;0;0;0;0;0;0;0;0;0;0;0;0;0
FR;5;2021-06-24;0;0;0;0;0;0;0;0;0;0;0;0;0;0;0;0;0;0
FR;5;2021-06-25;0;0;0;0;0;0;0;0;0;0;0;0;0;0;0;0;0;0
FR;5;2021-06-26;0;0;0;0;0;0;0;0;0;0;0;0;0;0;0;0;0;0
FR;5;2021-06-27;0;0;0;0;0;0;0;0;0;0;0;0;0;0;0;0;0;0
FR;5;2021-06-28;0;0;0;0;0;0;0;0;0;0;0;0;0;0;0;0;0;0
FR;5;2021-06-29;0;0;0;0;0;0;0;0;0;0;0;0;0;0;0;0;0;0
FR;5;2021-06-30;0;0;0;0;0;0;0;0;0;0;0;0;0;0;0;0;0;0
FR;5;2021-07-01;0;0;0;0;0;0;0;0;0;0;0;0;0;0;0;0;0;0
FR;5;2021-07-02;0;0;0;0;0;0;0;0;0;0;0;0;0;0;0;0;0;0
FR;5;2021-07-03;0;0;0;0;0;0;0;0;0;0;0;0;0;0;0;0;0;0
FR;5;2021-07-04;0;0;0;0;0;0;0;0;0;0;0;0;0;0;0;0;0;0
FR;5;2021-07-05;0;0;0;0;0;0;0;0;0;0;0;0;0;0;0;0;0;0
FR;5;2021-07-06;0;0;0;0;0;0;0;0;0;0;0;0;0;0;0;0;0;0
FR;5;2021-07-07;0;0;0;0;0;0;0;0;0;0;0;0;0;0;0;0;0;0
FR;5;2021-07-08;0;0;0;0;0;0;0;0;0;0;0;0;0;0;0;0;0;0
FR;5;2021-07-09;0;0;0;0;0;0;0;0;0;0;0;0;0;0;0;0;0;0
FR;5;2021-07-10;0;0;0;0;0;0;0;0;0;0;0;0;0;0;0;0;0;0
FR;5;2021-07-11;0;0;0;0;0;0;0;0;0;0;0;0;0;0;0;0;0;0
FR;5;2021-07-12;0;0;0;0;0;0;0;0;0;0;0;0;0;0;0;0;0;0
FR;5;2021-07-13;0;0;0;0;0;0;0;0;0;0;0;0;0;0;0;0;0;0
FR;5;2021-07-14;0;0;0;0;0;0;0;0;0;0;0;0;0;0;0;0;0;0
FR;5;2021-07-15;0;0;0;0;0;0;0;0;0;0;0;0;0;0;0;0;0;0
FR;5;2021-07-16;0;0;0;0;0;0;0;0;0;0;0;0;0;0;0;0;0;0
FR;5;2021-07-17;0;0;0;0;0;0;0;0;0;0;0;0;0;0;0;0;0;0
FR;5;2021-07-18;0;0;0;0;0;0;0;0;0;0;0;0;0;0;0;0;0;0
FR;5;2021-07-19;0;0;0;0;0;0;0;0;0;0;0;0;0;0;0;0;0;0
FR;5;2021-07-20;0;0;0;0;0;0;0;0;0;0;0;0;0;0;0;0;0;0
FR;5;2021-07-21;0;0;0;0;0;0;0;0;0;0;0;0;0;0;0;0;0;0
FR;5;2021-07-22;0;0;0;0;0;0;0;0;0;0;0;0;0;0;0;0;0;0
FR;5;2021-07-23;0;0;0;0;0;0;0;0;0;0;0;0;0;0;0;0;0;0
FR;5;2021-07-24;0;0;0;0;0;0;0;0;0;0;0;0;0;0;0;0;0;0
FR;5;2021-07-25;0;0;0;0;0;0;0;0;0;0;0;0;0;0;0;0;0;0
FR;5;2021-07-26;0;0;0;0;0;0;0;0;0;0;0;0;0;0;0;0;0;0
FR;5;2021-07-27;0;0;0;0;0;0;0;0;0;0;0;0;0;0;0;0;0;0
FR;5;2021-07-28;0;0;0;0;0;0;0;0;0;0;0;0;0;0;0;0;0;0
FR;5;2021-07-29;0;0;0;0;0;0;0;0;0;0;0;0;0;0;0;0;0;0
FR;5;2021-07-30;0;0;0;0;0;0;0;0;0;0;0;0;0;0;0;0;0;0
FR;5;2021-07-31;0;0;0;0;0;0;0;0;0;0;0;0;0;0;0;0;0;0
FR;5;2021-08-01;0;0;0;0;0;0;0;0;0;0;0;0;0;0;0;0;0;0
FR;5;2021-08-02;0;0;0;0;0;0;0;0;0;0;0;0;0;0;0;0;0;0
FR;5;2021-08-03;0;0;0;0;0;0;0;0;0;0;0;0;0;0;0;0;0;0
FR;5;2021-08-04;0;0;0;0;0;0;0;0;0;0;0;0;0;0;0;0;0;0
FR;5;2021-08-05;0;0;0;0;0;0;0;0;0;0;0;0;0;0;0;0;0;0
FR;5;2021-08-06;0;0;0;0;0;0;0;0;0;0;0;0;0;0;0;0;0;0
FR;5;2021-08-07;0;0;0;0;0;0;0;0;0;0;0;0;0;0;0;0;0;0
FR;5;2021-08-08;0;0;0;0;0;0;0;0;0;0;0;0;0;0;0;0;0;0
FR;5;2021-08-09;0;0;0;0;0;0;0;0;0;0;0;0;0;0;0;0;0;0
FR;5;2021-08-10;0;0;0;0;0;0;0;0;0;0;0;0;0;0;0;0;0;0
FR;5;2021-08-11;0;0;0;0;0;0;0;0;0;0;0;0;0;0;0;0;0;0
FR;5;2021-08-12;0;0;0;0;0;0;0;0;0;0;0;0;0;0;0;0;0;0
FR;5;2021-08-13;0;0;0;0;0;0;0;0;0;0;0;0;0;0;0;0;0;0
FR;5;2021-08-14;0;0;0;0;0;0;0;0;0;0;0;0;0;0;0;0;0;0
FR;5;2021-08-15;0;0;0;0;0;0;0;0;0;0;0;0;0;0;0;0;0;0
FR;5;2021-08-16;0;0;0;0;0;0;0;0;0;0;0;0;0;0;0;0;0;0
FR;5;2021-08-17;0;0;0;0;0;0;0;0;0;0;0;0;0;0;0;0;0;0
FR;5;2021-08-18;0;0;0;0;0;0;0;0;0;0;0;0;0;0;0;0;0;0
FR;5;2021-08-19;0;0;0;0;0;0;0;0;0;0;0;0;0;0;0;0;0;0
FR;5;2021-08-20;0;0;0;0;0;0;0;0;0;0;0;0;0;0;0;0;0;0
FR;5;2021-08-21;0;0;0;0;0;0;0;0;0;0;0;0;0;0;0;0;0;0
FR;5;2021-08-22;0;0;0;0;0;0;0;0;0;0;0;0;0;0;0;0;0;0
FR;5;2021-08-23;0;0;0;0;0;0;0;0;0;0;0;0;0;0;0;0;0;0
FR;5;2021-08-24;0;0;0;0;0;0;0;0;0;0;0;0;0;0;0;0;0;0
FR;5;2021-08-25;0;0;0;0;0;0;0;0;0;0;0;0;0;0;0;0;0;0
FR;5;2021-08-26;0;0;0;0;0;0;0;0;0;0;0;0;0;0;0;0;0;0
FR;5;2021-08-27;0;0;0;0;0;0;0;0;0;0;0;0;0;0;0;0;0;0
FR;5;2021-08-28;0;0;0;0;0;0;0;0;0;0;0;0;0;0;0;0;0;0
FR;5;2021-08-29;0;0;0;0;0;0;0;0;0;0;0;0;0;0;0;0;0;0
FR;5;2021-08-30;0;0;0;0;0;0;0;0;0;0;0;0;0;0;0;0;0;0
FR;5;2021-08-31;0;0;0;0;0;0;0;0;0;0;0;0;0;0;0;0;0;0
FR;5;2021-09-01;0;0;0;0;0;0;0;0;0;0;0;0;0;0;0;0;0;0
FR;5;2021-09-02;0;0;0;0;0;0;0;0;0;0;0;0;0;0;0;0;0;0
FR;5;2021-09-03;0;0;0;0;0;0;0;0;0;0;0;0;0;0;0;0;0;0
FR;5;2021-09-04;0;0;0;0;0;0;0;0;0;0;0;0;0;0;0;0;0;0
FR;5;2021-09-05;0;0;0;0;0;0;0;0;0;0;0;0;0;0;0;0;0;0
FR;5;2021-09-06;0;0;0;0;0;0;0;0;0;0;0;0;0;0;0;0;0;0
FR;5;2021-09-07;0;0;0;0;0;0;0;0;0;0;0;0;0;0;0;0;0;0
FR;5;2021-09-08;0;0;0;0;0;0;0;0;0;0;0;0;0;0;0;0;0;0
FR;5;2021-09-09;0;0;0;0;0;0;0;0;0;0;0;0;0;0;0;0;0;0
FR;5;2021-09-10;0;0;0;0;0;0;0;0;0;0;0;0;0;0;0;0;0;0
FR;5;2021-09-11;0;0;0;0;0;0;0;0;0;0;0;0;0;0;0;0;0;0
FR;5;2021-09-12;0;0;0;0;0;0;0;0;0;0;0;0;0;0;0;0;0;0
FR;5;2021-09-13;0;0;0;0;0;0;0;0;0;0;0;0;0;0;0;0;0;0
FR;5;2021-09-14;0;0;0;0;0;0;0;0;0;0;0;0;0;0;0;0;0;0
FR;5;2021-09-15;0;0;0;0;0;0;0;0;0;0;0;0;0;0;0;0;0;0
FR;5;2021-09-16;0;0;0;0;0;0;0;0;0;0;0;0;0;0;0;0;0;0
FR;5;2021-09-17;0;0;0;0;0;0;0;0;0;0;0;0;0;0;0;0;0;0
FR;5;2021-09-18;0;0;0;0;0;0;0;0;0;0;0;0;0;0;0;0;0;0
FR;5;2021-09-19;0;0;0;0;0;0;0;0;0;0;0;0;0;0;0;0;0;0
FR;5;2021-09-20;0;0;0;0;0;0;0;0;0;0;0;0;0;0;0;0;0;0
FR;5;2021-09-21;0;0;0;0;0;0;0;0;0;0;0;0;0;0;0;0;0;0
FR;5;2021-09-22;0;0;0;0;0;0;0;0;0;0;0;0;0;0;0;0;0;0
FR;5;2021-09-23;0;0;0;0;0;0;0;0;0;0;0;0;0;0;0;0;0;0
FR;5;2021-09-24;0;0;0;0;0;0;0;0;0;0;0;0;0;0;0;0;0;0
FR;5;2021-09-25;0;0;0;0;0;0;0;0;0;0;0;0;0;0;0;0;0;0
FR;5;2021-09-26;0;0;0;0;0;0;0;0;0;0;0;0;0;0;0;0;0;0
FR;5;2021-09-27;0;0;0;0;0;0;0;0;0;0;0;0;0;0;0;0;0;0
FR;5;2021-09-28;0;0;0;0;0;0;0;0;0;0;0;0;0;0;0;0;0;0
FR;5;2021-09-29;0;0;0;0;0;0;0;0;0;0;0;0;0;0;0;0;0;0
FR;5;2021-09-30;0;0;0;0;0;0;0;0;0;0;0;0;0;0;0;0;0;0
FR;5;2021-10-01;0;0;0;0;0;0;0;0;0;0;0;0;0;0;0;0;0;0
FR;5;2021-10-02;0;0;0;0;0;0;0;0;0;0;0;0;0;0;0;0;0;0
FR;5;2021-10-03;0;0;0;0;0;0;0;0;0;0;0;0;0;0;0;0;0;0
FR;5;2021-10-04;0;0;0;0;0;0;0;0;0;0;0;0;0;0;0;0;0;0
FR;5;2021-10-05;0;0;0;0;0;0;0;0;0;0;0;0;0;0;0;0;0;0
FR;5;2021-10-06;0;0;0;0;0;0;0;0;0;0;0;0;0;0;0;0;0;0
FR;5;2021-10-07;0;0;0;0;0;0;0;0;0;0;0;0;0;0;0;0;0;0
FR;5;2021-10-08;0;0;0;0;0;0;0;0;0;0;0;0;0;0;0;0;0;0
FR;5;2021-10-09;0;0;0;0;0;0;0;0;0;0;0;0;0;0;0;0;0;0
FR;5;2021-10-10;0;0;0;0;0;0;0;0;0;0;0;0;0;0;0;0;0;0
FR;5;2021-10-11;0;0;0;0;0;0;0;0;0;0;0;0;0;0;0;0;0;0
FR;5;2021-10-12;0;0;0;0;0;0;0;0;0;0;0;0;0;0;0;0;0;0
FR;5;2021-10-13;0;0;0;0;0;0;0;0;0;0;0;0;0;0;0;0;0;0
FR;5;2021-10-14;0;0;0;0;0;0;0;0;0;0;0;0;0;0;0;0;0;0
FR;5;2021-10-15;0;0;0;0;0;0;0;0;0;0;0;0;0;0;0;0;0;0
FR;5;2021-10-16;0;0;0;0;0;0;0;0;0;0;0;0;0;0;0;0;0;0
FR;5;2021-10-17;0;0;0;0;0;0;0;0;0;0;0;0;0;0;0;0;0;0
FR;5;2021-10-18;0;0;0;0;0;0;0;0;0;0;0;0;0;0;0;0;0;0
FR;5;2021-10-19;0;0;0;0;0;0;0;0;0;0;0;0;0;0;0;0;0;0
FR;5;2021-10-20;0;0;0;0;0;0;0;0;0;0;0;0;0;0;0;0;0;0
FR;5;2021-10-21;0;0;0;0;0;0;0;0;0;0;0;0;0;0;0;0;0;0
FR;5;2021-10-22;0;0;0;0;0;0;0;0;0;0;0;0;0;0;0;0;0;0
FR;5;2021-10-23;0;0;0;0;0;0;0;0;0;0;0;0;0;0;0;0;0;0
FR;5;2021-10-24;0;0;0;0;0;0;0;0;0;0;0;0;0;0;0;0;0;0
FR;5;2021-10-25;0;0;0;0;0;0;0;0;0;0;0;0;0;0;0;0;0;0
FR;5;2021-10-26;0;0;0;0;0;0;0;0;0;0;0;0;0;0;0;0;0;0
FR;5;2021-10-27;0;0;0;0;0;0;0;0;0;0;0;0;0;0;0;0;0;0
FR;5;2021-10-28;0;0;0;0;0;0;0;0;0;0;0;0;0;0;0;0;0;0
FR;5;2021-10-29;0;0;0;0;0;0;0;0;0;0;0;0;0;0;0;0;0;0
FR;5;2021-10-30;0;0;0;0;0;0;0;0;0;0;0;0;0;0;0;0;0;0
FR;5;2021-10-31;0;0;0;0;0;0;0;0;0;0;0;0;0;0;0;0;0;0
FR;5;2021-11-01;0;0;0;0;0;0;0;0;0;0;0;0;0;0;0;0;0;0
FR;5;2021-11-02;0;0;0;0;0;0;0;0;0;0;0;0;0;0;0;0;0;0
FR;5;2021-11-03;0;0;0;0;0;0;0;0;0;0;0;0;0;0;0;0;0;0
FR;5;2021-11-04;0;0;0;0;0;0;0;0;0;0;0;0;0;0;0;0;0;0
FR;5;2021-11-05;0;0;0;0;0;0;0;0;0;0;0;0;0;0;0;0;0;0
FR;5;2021-11-06;0;0;0;0;0;0;0;0;0;0;0;0;0;0;0;0;0;0
FR;5;2021-11-07;0;0;0;0;0;0;0;0;0;0;0;0;0;0;0;0;0;0
FR;5;2021-11-08;0;0;0;0;0;0;0;0;0;0;0;0;0;0;0;0;0;0
FR;5;2021-11-09;0;0;0;0;0;0;0;0;0;0;0;0;0;0;0;0;0;0
FR;5;2021-11-10;0;0;0;0;0;0;0;0;0;0;0;0;0;0;0;0;0;0
FR;5;2021-11-11;0;0;0;0;0;0;0;0;0;0;0;0;0;0;0;0;0;0
FR;5;2021-11-12;0;0;0;0;0;0;0;0;0;0;0;0;0;0;0;0;0;0
FR;5;2021-11-13;0;0;0;0;0;0;0;0;0;0;0;0;0;0;0;0;0;0
FR;5;2021-11-14;0;0;0;0;0;0;0;0;0;0;0;0;0;0;0;0;0;0
FR;5;2021-11-15;0;0;0;0;0;0;0;0;0;0;0;0;0;0;0;0;0;0
FR;5;2021-11-16;0;0;0;0;0;0;0;0;0;0;0;0;0;0;0;0;0;0
FR;5;2021-11-17;0;0;0;0;0;0;0;0;0;0;0;0;0;0;0;0;0;0
FR;5;2021-11-18;0;0;0;0;0;0;0;0;0;0;0;0;0;0;0;0;0;0
FR;5;2021-11-19;0;0;0;0;0;0;0;0;0;0;0;0;0;0;0;0;0;0
FR;5;2021-11-20;0;0;0;0;0;0;0;0;0;0;0;0;0;0;0;0;0;0
FR;5;2021-11-21;0;0;0;0;0;0;0;0;0;0;0;0;0;0;0;0;0;0
FR;5;2021-11-22;0;0;0;0;0;0;0;0;0;0;0;0;0;0;0;0;0;0
FR;5;2021-11-23;0;0;0;0;0;0;0;0;0;0;0;0;0;0;0;0;0;0
FR;5;2021-11-24;0;0;0;0;0;0;0;0;0;0;0;0;0;0;0;0;0;0
FR;5;2021-11-25;0;0;0;0;0;0;0;0;0;0;0;0;0;0;0;0;0;0
FR;5;2021-11-26;0;0;0;0;0;0;0;0;0;0;0;0;0;0;0;0;0;0
FR;5;2021-11-27;0;0;0;0;0;0;0;0;0;0;0;0;0;0;0;0;0;0
FR;5;2021-11-28;0;0;0;0;0;0;0;0;0;0;0;0;0;0;0;0;0;0
FR;5;2021-11-29;0;0;0;0;0;0;0;0;0;0;0;0;0;0;0;0;0;0
FR;5;2021-11-30;0;0;0;0;0;0;0;0;0;0;0;0;0;0;0;0;0;0
FR;5;2021-12-01;0;0;0;0;0;0;0;0;0;0;0;0;0;0;0;0;0;0
FR;5;2021-12-02;0;0;0;0;0;0;0;0;0;0;0;0;0;0;0;0;0;0
FR;5;2021-12-03;0;0;0;0;0;0;0;0;0;0;0;0;0;0;0;0;0;0
FR;5;2021-12-04;0;0;0;0;0;0;0;0;0;0;0;0;0;0;0;0;0;0
FR;5;2021-12-05;0;0;0;0;0;0;0;0;0;0;0;0;0;0;0;0;0;0
FR;5;2021-12-06;0;0;0;0;0;0;0;0;0;0;0;0;0;0;0;0;0;0
FR;5;2021-12-07;0;0;0;0;0;0;0;0;0;0;0;0;0;0;0;0;0;0
FR;5;2021-12-08;0;0;0;0;0;0;0;0;0;0;0;0;0;0;0;0;0;0
FR;5;2021-12-09;0;0;0;0;0;0;0;0;0;0;0;0;0;0;0;0;0;0
FR;5;2021-12-10;0;0;0;0;0;0;0;0;0;0;0;0;0;0;0;0;0;0
FR;5;2021-12-11;0;0;0;0;0;0;0;0;0;0;0;0;0;0;0;0;0;0
FR;5;2021-12-12;0;0;0;0;0;0;0;0;0;0;0;0;0;0;0;0;0;0
FR;5;2021-12-13;0;0;0;0;0;0;0;0;0;0;0;0;0;0;0;0;0;0
FR;5;2021-12-14;33;45;77;0;27;88;1;0;0;33;45;77;0;27;88;1;0;0
FR;5;2021-12-15;196;44;37;0;42;49;0;0;0;229;89;114;0;69;137;1;0;0
FR;5;2021-12-16;181;21;44;0;38;48;0;0;0;410;110;158;0;107;185;1;0;0
FR;5;2021-12-17;313;16;72;0;34;74;2;0;0;723;126;230;0;141;259;3;0;0
FR;5;2021-12-18;766;24;22;0;67;29;0;0;0;1489;150;252;0;208;288;3;0;0
FR;5;2021-12-19;585;15;15;0;67;17;0;0;0;2074;165;267;0;275;305;3;0;0
FR;5;2021-12-20;1225;31;34;0;134;37;2;0;0;3299;196;301;0;409;342;5;0;0
FR;5;2021-12-21;1535;22;54;1;141;60;0;0;0;4834;218;355;1;550;402;5;0;0
FR;5;2021-12-22;4069;40;37;0;420;46;2;0;0;8903;258;392;1;970;448;7;0;0
FR;5;2021-12-23;3043;16;21;0;305;25;0;0;0;11946;274;413;1;1275;473;7;0;0
FR;5;2021-12-24;761;18;9;0;103;14;0;0;0;12707;292;422;1;1378;487;7;0;0
FR;5;2021-12-25;61;5;2;0;9;3;0;0;0;12768;297;424;1;1387;490;7;0;0
FR;5;2021-12-26;623;6;3;0;101;4;0;0;0;13391;303;427;1;1488;494;7;0;0
FR;5;2021-12-27;4085;25;21;0;458;23;1;0;0;17476;328;448;1;1946;517;8;0;0
FR;5;2021-12-28;5204;23;41;1;513;43;2;0;0;22680;351;489;2;2459;560;10;0;0
FR;5;2021-12-29;8105;34;66;1;888;69;0;0;0;30785;385;555;3;3347;629;10;0;0
FR;5;2021-12-30;5173;18;33;0;525;39;0;0;0;35958;403;588;3;3872;668;10;0;0
FR;5;2021-12-31;1554;8;10;0;182;11;0;0;0;37512;411;598;3;4054;679;10;0;0
FR;5;2022-01-01;186;2;2;0;24;3;0;0;0;37698;413;600;3;4078;682;10;0;0
FR;5;2022-01-02;1489;1;1;0;152;1;0;0;0;39187;414;601;3;4230;683;10;0;0
FR;5;2022-01-03;3069;36;34;0;323;33;1;0;0;42256;450;635;3;4553;716;11;0;0
FR;5;2022-01-04;3034;39;33;0;321;42;3;0;0;45290;489;668;3;4874;758;14;0;0
FR;5;2022-01-05;19324;203;97;1;2117;108;0;0;0;64614;692;765;4;6991;866;14;0;0
FR;5;2022-01-06;3748;134;122;0;507;142;2;0;0;68362;826;887;4;7498;1008;16;0;0
FR;5;2022-01-07;5006;202;48;2;704;56;1;0;0;73368;1028;935;6;8202;1064;17;0;0
FR;5;2022-01-08;13659;514;45;0;2003;52;0;0;0;87027;1542;980;6;10205;1116;17;0;0
FR;5;2022-01-09;5754;399;15;0;1112;20;1;0;0;92781;1941;995;6;11317;1136;18;0;0
FR;5;2022-01-10;3455;326;25;0;735;29;0;0;0;96236;2267;1020;6;12052;1165;18;0;0
FR;5;2022-01-11;3671;283;38;0;661;41;1;0;0;99907;2550;1058;6;12713;1206;19;0;0
FR;5;2022-01-12;22650;3005;89;0;5297;112;2;0;0;122557;5555;1147;6;18010;1318;21;0;0
FR;5;2022-01-13;4039;623;29;0;1051;31;2;0;0;126596;6178;1176;6;19061;1349;23;0;0
FR;5;2022-01-14;4843;583;45;0;1115;52;1;0;0;131439;6761;1221;6;20176;1401;24;0;0
FR;5;2022-01-15;14686;1747;38;3;3378;49;3;0;0;146125;8508;1259;9;23554;1450;27;0;0
FR;5;2022-01-16;4728;666;3;0;1261;5;0;0;0;150853;9174;1262;9;24815;1455;27;0;0
FR;5;2022-01-17;2297;718;26;0;986;29;0;0;0;153150;9892;1288;9;25801;1484;27;0;0
FR;5;2022-01-18;2431;870;30;0;1141;40;0;0;0;155581;10762;1318;9;26942;1524;27;0;0
FR;5;2022-01-19;18484;6423;74;2;8366;142;3;0;0;174065;17185;1392;11;35308;1666;30;0;0
FR;5;2022-01-20;1920;1067;25;0;1295;34;2;0;0;175985;18252;1417;11;36603;1700;32;0;0
FR;5;2022-01-21;3077;1372;47;1;1677;59;2;0;0;179062;19624;1464;12;38280;1759;34;0;0
FR;5;2022-01-22;10720;3454;33;1;4671;43;1;0;0;189782;23078;1497;13;42951;1802;35;0;0
FR;5;2022-01-23;2629;1415;6;0;1789;10;0;0;0;192411;24493;1503;13;44740;1812;35;0;0
FR;5;2022-01-24;1161;1341;19;0;1447;23;1;0;0;193572;25834;1522;13;46187;1835;36;0;0
FR;5;2022-01-25;1220;1550;20;2;1684;31;3;0;0;194792;27384;1542;15;47871;1866;39;0;0
FR;5;2022-01-26;10748;12032;50;1;13300;89;1;0;1;205540;39416;1592;16;61171;1955;40;0;1
FR;5;2022-01-27;1291;1693;10;0;1838;17;0;0;0;206831;41109;1602;16;63009;1972;40;0;1
FR;5;2022-01-28;1698;3346;16;0;3566;19;1;0;0;208529;44455;1618;16;66575;1991;41;0;1
FR;5;2022-01-29;6241;8041;68;0;8855;96;2;0;0;214770;52496;1686;16;75430;2087;43;0;1
FR;5;2022-01-30;1509;2950;5;0;3185;18;0;0;0;216279;55446;1691;16;78615;2105;43;0;1
FR;5;2022-01-31;589;1773;23;0;1837;24;3;0;0;216868;57219;1714;16;80452;2129;46;0;1
FR;5;2022-02-01;712;1706;10;0;1791;15;0;0;0;217580;58925;1724;16;82243;2144;46;0;1
FR;5;2022-02-02;6959;15655;52;0;16603;94;0;0;0;224539;74580;1776;16;98846;2238;46;0;1
FR;5;2022-02-03;492;1691;14;0;1748;13;5;0;0;225031;76271;1790;16;100594;2251;51;0;1
FR;5;2022-02-04;945;3002;19;0;3123;31;0;0;0;225976;79273;1809;16;103717;2282;51;0;1
FR;5;2022-02-05;3536;8919;23;0;9517;37;0;0;0;229512;88192;1832;16;113234;2319;51;0;1
FR;5;2022-02-06;737;2398;10;0;2556;19;0;0;0;230249;90590;1842;16;115790;2338;51;0;1
FR;5;2022-02-07;884;1596;23;0;1715;25;2;0;0;231133;92186;1865;16;117505;2363;53;0;1
FR;5;2022-02-08;725;1287;18;0;1407;20;2;0;0;231858;93473;1883;16;118912;2383;55;0;1
FR;5;2022-02-09;4544;12880;44;0;13608;76;1;0;0;236402;106353;1927;16;132520;2459;56;0;1
FR;5;2022-02-10;646;1059;14;0;1166;15;0;0;0;237048;107412;1941;16;133686;2474;56;0;1
FR;5;2022-02-11;793;2032;16;0;2163;21;1;0;0;237841;109444;1957;16;135849;2495;57;0;1
FR;5;2022-02-12;2286;6812;33;0;7279;53;0;0;0;240127;116256;1990;16;143128;2548;57;0;1
FR;5;2022-02-13;464;1541;8;0;1654;8;1;0;0;240591;117797;1998;16;144782;2556;58;0;1
FR;5;2022-02-14;678;1288;10;0;1407;13;1;0;0;241269;119085;2008;16;146189;2569;59;0;1
FR;5;2022-02-15;482;886;9;0;968;14;1;0;0;241751;119971;2017;16;147157;2583;60;0;1
FR;5;2022-02-16;2980;9124;41;1;9676;58;2;0;0;244731;129095;2058;17;156833;2641;62;0;1
FR;5;2022-02-17;436;809;6;0;876;7;1;0;0;245167;129904;2064;17;157709;2648;63;0;1
FR;5;2022-02-18;649;1408;13;0;1535;17;0;0;0;245816;131312;2077;17;159244;2665;63;0;1
FR;5;2022-02-19;1373;4315;16;0;4623;28;0;0;0;247189;135627;2093;17;163867;2693;63;0;1
FR;5;2022-02-20;247;879;6;0;941;8;0;0;0;247436;136506;2099;17;164808;2701;63;0;1
FR;5;2022-02-21;221;607;2;0;661;4;1;0;0;247657;137113;2101;17;165469;2705;64;0;1
FR;5;2022-02-22;262;545;17;0;591;17;1;0;0;247919;137658;2118;17;166060;2722;65;0;1
FR;5;2022-02-23;1909;6926;23;1;7346;43;0;0;0;249828;144584;2141;18;173406;2765;65;0;1
FR;5;2022-02-24;182;374;6;1;421;7;1;0;0;250010;144958;2147;19;173827;2772;66;0;1
FR;5;2022-02-25;336;951;13;0;1028;12;2;0;0;250346;145909;2160;19;174855;2784;68;0;1
FR;5;2022-02-26;972;3071;11;0;3333;15;2;0;0;251318;148980;2171;19;178188;2799;70;0;1
FR;5;2022-02-27;151;506;0;0;549;3;0;0;0;251469;149486;2171;19;178737;2802;70;0;1
FR;5;2022-02-28;162;369;1;0;408;1;0;0;0;251631;149855;2172;19;179145;2803;70;0;1
FR;5;2022-03-01;130;280;6;0;315;7;1;0;0;251761;150135;2178;19;179460;2810;71;0;1
FR;5;2022-03-02;1242;4156;28;3;4497;40;3;0;0;253003;154291;2206;22;183957;2850;74;0;1
FR;5;2022-03-03;121;251;5;0;271;10;1;0;0;253124;154542;2211;22;184228;2860;75;0;1
FR;5;2022-03-04;197;488;13;0;538;14;2;0;0;253321;155030;2224;22;184766;2874;77;0;1
FR;5;2022-03-05;677;1990;8;0;2243;16;2;0;0;253998;157020;2232;22;187009;2890;79;0;1
FR;5;2022-03-06;108;260;0;0;310;0;0;0;0;254106;157280;2232;22;187319;2890;79;0;1
FR;5;2022-03-07;71;228;5;0;254;3;2;0;0;254177;157508;2237;22;187573;2893;81;0;1
FR;5;2022-03-08;46;134;7;1;141;8;3;0;0;254223;157642;2244;23;187714;2901;84;0;1
FR;5;2022-03-09;911;3078;24;0;3407;36;0;0;0;255134;160720;2268;23;191121;2937;84;0;1
FR;5;2022-03-10;82;202;9;0;216;13;3;0;0;255216;160922;2277;23;191337;2950;87;0;1
FR;5;2022-03-11;148;369;13;1;426;15;0;0;0;255364;161291;2290;24;191763;2965;87;0;1
FR;5;2022-03-12;758;1613;13;1;1977;30;0;0;0;256122;162904;2303;25;193740;2995;87;0;1
FR;5;2022-03-13;78;102;0;0;135;0;0;0;0;256200;163006;2303;25;193875;2995;87;0;1
FR;5;2022-03-14;69;119;7;1;139;7;1;0;0;256269;163125;2310;26;194014;3002;88;0;1
FR;5;2022-03-15;83;99;4;0;119;7;1;0;0;256352;163224;2314;26;194133;3009;89;0;1
FR;5;2022-03-16;882;1827;15;3;2227;36;7;0;0;257234;165051;2329;29;196360;3045;96;0;1
FR;5;2022-03-17;68;123;8;4;151;10;4;0;0;257302;165174;2337;33;196511;3055;100;0;1
FR;5;2022-03-18;172;318;13;4;391;18;4;0;0;257474;165492;2350;37;196902;3073;104;0;1
FR;5;2022-03-19;752;1163;12;5;1555;33;8;0;0;258226;166655;2362;42;198457;3106;112;0;1
FR;5;2022-03-20;45;93;1;0;119;1;0;0;0;258271;166748;2363;42;198576;3107;112;0;1
FR;5;2022-03-21;71;120;10;6;136;15;8;0;0;258342;166868;2373;48;198712;3122;120;0;1
FR;5;2022-03-22;56;119;8;7;143;9;6;0;0;258398;166987;2381;55;198855;3131;126;0;1
FR;5;2022-03-23;805;1461;14;8;1878;36;9;0;0;259203;168448;2395;63;200733;3167;135;0;1
FR;5;2022-03-24;71;93;8;7;118;7;10;0;0;259274;168541;2403;70;200851;3174;145;0;1
FR;5;2022-03-25;222;293;14;8;388;18;9;0;0;259496;168834;2417;78;201239;3192;154;0;1
FR;5;2022-03-26;707;853;12;5;1273;26;6;0;1;260203;169687;2429;83;202512;3218;160;0;2
FR;5;2022-03-27;76;81;0;0;124;3;0;0;0;260279;169768;2429;83;202636;3221;160;0;2
FR;5;2022-03-28;81;93;1;2;132;3;2;0;0;260360;169861;2430;85;202768;3224;162;0;2
FR;5;2022-03-29;71;83;10;4;114;12;5;0;0;260431;169944;2440;89;202882;3236;167;0;2
FR;5;2022-03-30;823;1116;16;13;1604;29;14;0;0;261254;171060;2456;102;204486;3265;181;0;2
FR;5;2022-03-31;102;125;1;4;173;6;4;0;0;261356;171185;2457;106;204659;3271;185;0;2
FR;5;2022-04-01;114;86;7;12;135;11;12;0;1;261470;171271;2464;118;204794;3282;197;0;3
FR;5;2022-04-02;330;349;3;3;535;15;4;0;0;261800;171620;2467;121;205329;3297;201;0;3
FR;5;2022-04-03;54;59;1;0;88;1;0;0;0;261854;171679;2468;121;205417;3298;201;0;3
FR;5;2022-04-04;40;57;4;1;70;8;2;0;0;261894;171736;2472;122;205487;3306;203;0;3
FR;5;2022-04-05;53;60;6;6;75;9;5;0;0;261947;171796;2478;128;205562;3315;208;0;3
FR;5;2022-04-06;421;439;7;14;678;16;14;0;0;262368;172235;2485;142;206240;3331;222;0;3
FR;5;2022-04-07;45;69;5;7;89;7;10;0;0;262413;172304;2490;149;206329;3338;232;0;3
FR;5;2022-04-08;134;112;12;13;175;14;15;0;0;262547;172416;2502;162;206504;3352;247;0;3
FR;5;2022-04-09;311;324;2;5;511;17;5;0;0;262858;172740;2504;167;207015;3369;252;0;3
FR;5;2022-04-10;44;31;2;0;61;2;1;0;0;262902;172771;2506;167;207076;3371;253;0;3
FR;5;2022-04-11;50;60;3;2;78;4;3;0;0;262952;172831;2509;169;207154;3375;256;0;3
FR;5;2022-04-12;59;54;3;3;78;5;3;0;0;263011;172885;2512;172;207232;3380;259;0;3
FR;5;2022-04-13;382;413;3;8;606;16;8;0;0;263393;173298;2515;180;207838;3396;267;0;3
FR;5;2022-04-14;48;53;5;5;70;9;3;0;0;263441;173351;2520;185;207908;3405;270;0;3
FR;5;2022-04-15;91;111;4;4;152;5;6;0;0;263532;173462;2524;189;208060;3410;276;0;3
FR;5;2022-04-16;188;184;2;1;265;13;1;0;0;263720;173646;2526;190;208325;3423;277;0;3
FR;5;2022-04-17;12;11;1;0;17;1;0;0;0;263732;173657;2527;190;208342;3424;277;0;3
FR;5;2022-04-18;9;10;2;0;11;3;1;0;0;263741;173667;2529;190;208353;3427;278;0;3
FR;5;2022-04-19;75;71;6;1;96;6;4;0;0;263816;173738;2535;191;208449;3433;282;0;3
FR;5;2022-04-20;361;349;9;6;521;12;7;0;0;264177;174087;2544;197;208970;3445;289;0;3
FR;5;2022-04-21;42;64;9;10;71;12;14;0;0;264219;174151;2553;207;209041;3457;303;0;3
FR;5;2022-04-22;113;96;5;4;144;5;5;0;0;264332;174247;2558;211;209185;3462;308;0;3
FR;5;2022-04-23;209;193;4;2;284;11;3;0;0;264541;174440;2562;213;209469;3473;311;0;3
FR;5;2022-04-24;37;35;0;0;50;3;0;0;0;264578;174475;2562;213;209519;3476;311;0;3
FR;5;2022-04-25;69;65;1;1;102;4;1;0;0;264647;174540;2563;214;209621;3480;312;0;3
FR;5;2022-04-26;60;63;2;1;85;5;1;0;0;264707;174603;2565;215;209706;3485;313;0;3
FR;5;2022-04-27;335;316;3;7;463;14;8;0;0;265042;174919;2568;222;210169;3499;321;0;3
FR;5;2022-04-28;81;54;4;5;81;8;7;0;0;265123;174973;2572;227;210250;3507;328;0;3
FR;5;2022-04-29;117;84;5;19;118;12;17;0;0;265240;175057;2577;246;210368;3519;345;0;3
FR;5;2022-04-30;183;114;2;3;184;10;4;0;0;265423;175171;2579;249;210552;3529;349;0;3
FR;5;2022-05-01;11;7;0;0;11;0;0;0;0;265434;175178;2579;249;210563;3529;349;0;3
FR;5;2022-05-02;52;28;4;5;48;2;7;0;0;265486;175206;2583;254;210611;3531;356;0;3
FR;5;2022-05-03;87;57;2;4;84;11;4;0;0;265573;175263;2585;258;210695;3542;360;0;3
FR;5;2022-05-04;278;205;1;2;324;7;2;0;0;265851;175468;2586;260;211019;3549;362;0;3
FR;5;2022-05-05;62;32;3;4;46;5;4;0;0;265913;175500;2589;264;211065;3554;366;0;3
FR;5;2022-05-06;105;65;2;3;106;5;3;0;0;266018;175565;2591;267;211171;3559;369;0;3
FR;5;2022-05-07;171;117;2;10;180;13;7;0;0;266189;175682;2593;277;211351;3572;376;0;3
FR;5;2022-05-08;8;8;0;0;9;2;0;0;0;266197;175690;2593;277;211360;3574;376;0;3
FR;5;2022-05-09;44;34;15;3;51;16;4;0;0;266241;175724;2608;280;211411;3590;380;0;3
FR;5;2022-05-10;54;49;3;4;67;5;5;0;0;266295;175773;2611;284;211478;3595;385;0;3
FR;5;2022-05-11;327;237;12;7;344;21;11;0;0;266622;176010;2623;291;211822;3616;396;0;3
FR;5;2022-05-12;46;34;2;2;47;2;3;0;0;266668;176044;2625;293;211869;3618;399;0;3
FR;5;2022-05-13;109;83;3;8;120;8;7;0;0;266777;176127;2628;301;211989;3626;406;0;3
FR;5;2022-05-14;209;131;0;1;212;8;0;0;0;266986;176258;2628;302;212201;3634;406;0;3
FR;5;2022-05-15;22;9;2;0;18;1;1;0;0;267008;176267;2630;302;212219;3635;407;0;3
FR;5;2022-05-16;52;34;4;5;53;4;5;0;0;267060;176301;2634;307;212272;3639;412;0;3
FR;5;2022-05-17;72;40;5;0;68;2;3;0;0;267132;176341;2639;307;212340;3641;415;0;3
FR;5;2022-05-18;289;215;4;4;330;8;6;0;0;267421;176556;2643;311;212670;3649;421;0;3
FR;5;2022-05-19;45;35;5;3;42;3;4;0;0;267466;176591;2648;314;212712;3652;425;0;3
FR;5;2022-05-20;76;63;3;10;92;1;11;0;0;267542;176654;2651;324;212804;3653;436;0;3
FR;5;2022-05-21;242;166;2;3;268;17;1;0;0;267784;176820;2653;327;213072;3670;437;0;3
FR;5;2022-05-22;20;14;2;5;20;2;6;0;0;267804;176834;2655;332;213092;3672;443;0;3
FR;5;2022-05-23;42;31;4;3;42;6;3;0;0;267846;176865;2659;335;213134;3678;446;0;3
FR;5;2022-05-24;47;45;3;2;60;5;2;0;0;267893;176910;2662;337;213194;3683;448;0;3
FR;5;2022-05-25;329;258;4;1;386;16;1;0;0;268222;177168;2666;338;213580;3699;449;0;3
FR;5;2022-05-26;17;5;0;1;9;2;0;0;1;268239;177173;2666;339;213589;3701;449;0;4
FR;5;2022-05-27;99;54;4;4;89;9;3;0;0;268338;177227;2670;343;213678;3710;452;0;4
FR;5;2022-05-28;100;78;5;3;106;10;3;0;0;268438;177305;2675;346;213784;3720;455;0;4
FR;5;2022-05-29;14;14;1;0;18;2;0;0;0;268452;177319;2676;346;213802;3722;455;0;4
FR;5;2022-05-30;56;41;2;1;54;2;2;0;0;268508;177360;2678;347;213856;3724;457;0;4
FR;5;2022-05-31;57;43;1;8;62;1;8;0;0;268565;177403;2679;355;213918;3725;465;0;4
FR;5;2022-06-01;257;241;9;2;302;25;5;0;0;268822;177644;2688;357;214220;3750;470;0;4
FR;5;2022-06-02;63;61;5;0;73;9;1;0;0;268885;177705;2693;357;214293;3759;471;0;4
FR;5;2022-06-03;82;71;4;5;88;10;6;0;0;268967;177776;2697;362;214381;3769;477;0;4
FR;5;2022-06-04;157;109;2;1;187;9;1;0;0;269124;177885;2699;363;214568;3778;478;0;4
FR;5;2022-06-05;18;11;0;0;21;1;0;0;0;269142;177896;2699;363;214589;3779;478;0;4
FR;5;2022-06-06;16;12;0;1;15;0;1;0;0;269158;177908;2699;364;214604;3779;479;0;4
FR;5;2022-06-07;50;56;1;1;76;2;1;0;0;269208;177964;2700;365;214680;3781;480;0;4
FR;5;2022-06-08;283;225;3;4;332;17;2;0;0;269491;178189;2703;369;215012;3798;482;0;4
FR;5;2022-06-09;52;41;6;3;57;7;2;0;1;269543;178230;2709;372;215069;3805;484;0;5
FR;5;2022-06-10;81;72;1;1;105;6;1;0;0;269624;178302;2710;373;215174;3811;485;0;5
FR;5;2022-06-11;173;141;3;3;202;10;4;0;0;269797;178443;2713;376;215376;3821;489;0;5
FR;5;2022-06-12;17;16;0;0;19;2;0;0;0;269814;178459;2713;376;215395;3823;489;0;5
FR;5;2022-06-13;56;47;9;3;70;10;6;0;0;269870;178506;2722;379;215465;3833;495;0;5
FR;5;2022-06-14;59;56;1;4;64;6;4;0;0;269929;178562;2723;383;215529;3839;499;0;5
FR;5;2022-06-15;266;260;5;2;363;27;1;0;0;270195;178822;2728;385;215892;3866;500;0;5
FR;5;2022-06-16;47;30;5;2;44;5;2;0;0;270242;178852;2733;387;215936;3871;502;0;5
FR;5;2022-06-17;100;67;5;5;102;10;5;0;0;270342;178919;2738;392;216038;3881;507;0;5
FR;5;2022-06-18;146;95;10;2;152;26;2;0;1;270488;179014;2748;394;216190;3907;509;0;6
FR;5;2022-06-19;26;15;0;1;18;4;1;0;0;270514;179029;2748;395;216208;3911;510;0;6
FR;5;2022-06-20;56;50;8;0;62;11;2;0;0;270570;179079;2756;395;216270;3922;512;0;6
FR;5;2022-06-21;53;73;5;3;91;7;5;0;1;270623;179152;2761;398;216361;3929;517;0;7
FR;5;2022-06-22;224;248;7;9;348;33;10;0;0;270847;179400;2768;407;216709;3962;527;0;7
FR;5;2022-06-23;50;38;2;5;43;6;6;0;0;270897;179438;2770;412;216752;3968;533;0;7
FR;5;2022-06-24;91;70;12;5;101;16;8;0;0;270988;179508;2782;417;216853;3984;541;0;7
FR;5;2022-06-25;154;124;3;7;185;14;8;0;1;271142;179632;2785;424;217038;3998;549;0;8
FR;5;2022-06-26;26;19;2;0;29;5;0;0;0;271168;179651;2787;424;217067;4003;549;0;8
FR;5;2022-06-27;57;60;5;7;78;11;9;0;0;271225;179711;2792;431;217145;4014;558;0;8
FR;5;2022-06-28;70;49;8;2;69;14;5;0;0;271295;179760;2800;433;217214;4028;563;0;8
FR;5;2022-06-29;297;269;9;21;391;34;23;0;0;271592;180029;2809;454;217605;4062;586;0;8
FR;5;2022-06-30;89;57;10;12;89;17;11;0;0;271681;180086;2819;466;217694;4079;597;0;8
FR;5;2022-07-01;127;65;7;11;118;12;11;0;2;271808;180151;2826;477;217812;4091;608;0;10
FR;5;2022-07-02;191;132;4;0;210;22;0;0;0;271999;180283;2830;477;218022;4113;608;0;10
FR;5;2022-07-03;30;25;1;0;36;4;0;0;0;272029;180308;2831;477;218058;4117;608;0;10
FR;5;2022-07-04;103;65;2;5;102;7;5;0;1;272132;180373;2833;482;218160;4124;613;0;11
FR;5;2022-07-05;104;72;3;8;107;13;8;0;1;272236;180445;2836;490;218267;4137;621;0;12
FR;5;2022-07-06;278;168;9;36;289;27;36;0;0;272514;180613;2845;526;218556;4164;657;0;12
FR;5;2022-07-07;88;69;6;9;89;13;11;0;0;272602;180682;2851;535;218645;4177;668;0;12
FR;5;2022-07-08;152;120;7;14;146;25;13;0;1;272754;180802;2858;549;218791;4202;681;0;13
FR;5;2022-07-09;116;68;1;8;100;10;8;0;0;272870;180870;2859;557;218891;4212;689;0;13
FR;5;2022-07-10;15;6;0;0;10;1;0;0;0;272885;180876;2859;557;218901;4213;689;0;13
FR;5;2022-07-11;92;72;10;2;98;19;3;0;0;272977;180948;2869;559;218999;4232;692;0;13
FR;5;2022-07-12;67;63;5;10;81;7;12;0;0;273044;181011;2874;569;219080;4239;704;0;13
FR;5;2022-07-13;169;118;10;19;196;16;23;0;0;273213;181129;2884;588;219276;4255;727;0;13
FR;5;2022-07-14;8;4;0;0;7;0;0;0;0;273221;181133;2884;588;219283;4255;727;0;13
FR;5;2022-07-15;74;66;5;14;86;15;15;0;0;273295;181199;2889;602;219369;4270;742;0;13
FR;5;2022-07-16;54;44;3;0;71;3;2;0;0;273349;181243;2892;602;219440;4273;744;0;13
FR;5;2022-07-17;10;7;3;0;10;2;2;0;0;273359;181250;2895;602;219450;4275;746;0;13
FR;5;2022-07-18;60;47;0;4;70;4;3;0;0;273419;181297;2895;606;219520;4279;749;0;13
FR;5;2022-07-19;63;42;5;3;63;7;4;0;0;273482;181339;2900;609;219583;4286;753;0;13
FR;5;2022-07-20;120;106;4;11;141;14;9;0;0;273602;181445;2904;620;219724;4300;762;0;13
FR;5;2022-07-21;38;43;2;10;52;5;10;0;0;273640;181488;2906;630;219776;4305;772;0;13
FR;5;2022-07-22;48;69;11;13;75;23;11;0;1;273688;181557;2917;643;219851;4328;783;0;14
FR;5;2022-07-23;59;78;2;1;95;11;2;0;0;273747;181635;2919;644;219946;4339;785;0;14
FR;5;2022-07-24;11;9;3;1;12;3;1;0;0;273758;181644;2922;645;219958;4342;786;0;14
FR;5;2022-07-25;53;48;2;7;57;8;8;0;0;273811;181692;2924;652;220015;4350;794;0;14
FR;5;2022-07-26;58;52;5;41;70;6;44;0;0;273869;181744;2929;693;220085;4356;838;0;14
FR;5;2022-07-27;106;118;4;4;161;13;4;0;0;273975;181862;2933;697;220246;4369;842;0;14
FR;5;2022-07-28;39;35;2;2;47;6;1;0;0;274014;181897;2935;699;220293;4375;843;0;14
FR;5;2022-07-29;56;74;3;14;90;8;10;0;0;274070;181971;2938;713;220383;4383;853;0;14
FR;5;2022-07-30;55;53;5;1;76;7;2;0;0;274125;182024;2943;714;220459;4390;855;0;14
FR;5;2022-07-31;7;11;1;0;13;1;0;0;0;274132;182035;2944;714;220472;4391;855;0;14
FR;5;2022-08-01;39;53;1;2;64;6;2;0;0;274171;182088;2945;716;220536;4397;857;0;14
FR;5;2022-08-02;32;43;8;7;47;8;7;0;1;274203;182131;2953;723;220583;4405;864;0;15
FR;5;2022-08-03;54;51;4;10;70;9;8;0;0;274257;182182;2957;733;220653;4414;872;0;15
FR;5;2022-08-04;20;18;1;6;22;1;6;0;0;274277;182200;2958;739;220675;4415;878;0;15
FR;5;2022-08-05;35;26;3;3;39;3;3;0;0;274312;182226;2961;742;220714;4418;881;0;15
FR;5;2022-08-06;23;26;1;0;31;1;0;0;0;274335;182252;2962;742;220745;4419;881;0;15
FR;5;2022-08-07;2;2;1;0;1;1;1;0;0;274337;182254;2963;742;220746;4420;882;0;15
FR;5;2022-08-08;26;19;1;2;24;2;1;0;0;274363;182273;2964;744;220770;4422;883;0;15
FR;5;2022-08-09;26;28;3;3;35;3;3;0;0;274389;182301;2967;747;220805;4425;886;0;15
FR;5;2022-08-10;47;47;2;0;56;5;0;0;0;274436;182348;2969;747;220861;4430;886;0;15
FR;5;2022-08-11;19;36;2;2;42;5;2;0;0;274455;182384;2971;749;220903;4435;888;0;15
FR;5;2022-08-12;27;28;2;0;39;2;0;0;0;274482;182412;2973;749;220942;4437;888;0;15
FR;5;2022-08-13;16;18;0;0;24;0;0;0;0;274498;182430;2973;749;220966;4437;888;0;15
FR;5;2022-08-14;2;3;0;0;4;0;0;0;0;274500;182433;2973;749;220970;4437;888;0;15
FR;5;2022-08-15;2;6;0;0;6;0;0;0;0;274502;182439;2973;749;220976;4437;888;0;15
FR;5;2022-08-16;33;26;3;0;28;6;0;0;0;274535;182465;2976;749;221004;4443;888;0;15
FR;5;2022-08-17;52;55;2;1;72;1;1;0;0;274587;182520;2978;750;221076;4444;889;0;15
FR;5;2022-08-18;26;18;8;17;25;10;16;0;0;274613;182538;2986;767;221101;4454;905;0;15
FR;5;2022-08-19;26;34;1;2;43;2;2;0;0;274639;182572;2987;769;221144;4456;907;0;15
FR;5;2022-08-20;25;27;2;1;33;4;2;0;0;274664;182599;2989;770;221177;4460;909;0;15
FR;5;2022-08-21;7;4;1;0;7;1;0;0;0;274671;182603;2990;770;221184;4461;909;0;15
FR;5;2022-08-22;39;26;1;6;42;2;5;0;1;274710;182629;2991;776;221226;4463;914;0;16
FR;5;2022-08-23;27;26;1;1;32;2;1;0;0;274737;182655;2992;777;221258;4465;915;0;16
FR;5;2022-08-24;50;43;0;0;62;0;0;0;0;274787;182698;2992;777;221320;4465;915;0;16
FR;5;2022-08-25;27;26;3;1;31;2;0;0;1;274814;182724;2995;778;221351;4467;915;0;17
FR;5;2022-08-26;48;39;7;2;58;5;4;0;0;274862;182763;3002;780;221409;4472;919;0;17
FR;5;2022-08-27;46;28;1;0;46;3;1;0;0;274908;182791;3003;780;221455;4475;920;0;17
FR;5;2022-08-28;5;7;0;0;7;0;0;0;0;274913;182798;3003;780;221462;4475;920;0;17
FR;5;2022-08-29;58;44;1;1;66;4;1;0;0;274971;182842;3004;781;221528;4479;921;0;17
FR;5;2022-08-30;45;23;12;29;40;10;30;0;1;275016;182865;3016;810;221568;4489;951;0;18
FR;5;2022-08-31;53;47;6;1;58;11;1;0;0;275069;182912;3022;811;221626;4500;952;0;18
FR;5;2022-09-01;16;8;1;4;13;1;4;0;0;275085;182920;3023;815;221639;4501;956;0;18
FR;5;2022-09-02;42;23;8;2;35;9;3;0;0;275127;182943;3031;817;221674;4510;959;0;18
FR;5;2022-09-03;69;37;2;0;58;2;0;0;0;275196;182980;3033;817;221732;4512;959;0;18
FR;5;2022-09-04;12;7;1;0;8;3;0;0;0;275208;182987;3034;817;221740;4515;959;0;18
FR;5;2022-09-05;7;4;1;0;4;1;0;0;0;275215;182991;3035;817;221744;4516;959;0;18
FR;5;2022-09-06;23;14;3;15;17;2;14;0;2;275238;183005;3038;832;221761;4518;973;0;20
FR;5;2022-09-07;79;53;1;1;76;3;1;0;0;275317;183058;3039;833;221837;4521;974;0;20
FR;5;2022-09-08;10;4;0;4;7;0;4;0;0;275327;183062;3039;837;221844;4521;978;0;20
FR;5;2022-09-09;42;11;9;2;14;10;3;0;0;275369;183073;3048;839;221858;4531;981;0;20
FR;5;2022-09-10;40;45;1;1;50;8;1;0;0;275409;183118;3049;840;221908;4539;982;0;20
FR;5;2022-09-11;3;3;0;0;3;1;0;0;0;275412;183121;3049;840;221911;4540;982;0;20
FR;5;2022-09-12;7;5;2;2;7;2;2;0;0;275419;183126;3051;842;221918;4542;984;0;20
FR;5;2022-09-13;9;6;0;1;4;3;1;0;0;275428;183132;3051;843;221922;4545;985;0;20
FR;5;2022-09-14;52;47;4;6;55;9;5;0;0;275480;183179;3055;849;221977;4554;990;0;20
FR;5;2022-09-15;11;13;2;3;11;5;3;0;0;275491;183192;3057;852;221988;4559;993;0;20
FR;5;2022-09-16;25;33;1;4;38;3;3;0;0;275516;183225;3058;856;222026;4562;996;0;20
FR;5;2022-09-17;60;43;1;1;51;5;1;0;0;275576;183268;3059;857;222077;4567;997;0;20
FR;5;2022-09-18;9;6;0;1;10;1;0;0;0;275585;183274;3059;858;222087;4568;997;0;20
FR;5;2022-09-19;22;17;2;1;20;5;2;0;0;275607;183291;3061;859;222107;4573;999;0;20
FR;5;2022-09-20;15;11;3;3;15;1;4;0;0;275622;183302;3064;862;222122;4574;1003;0;20
FR;5;2022-09-21;68;45;9;0;65;13;0;0;0;275690;183347;3073;862;222187;4587;1003;0;20
FR;5;2022-09-22;12;6;4;24;6;4;23;0;1;275702;183353;3077;886;222193;4591;1026;0;21
FR;5;2022-09-23;20;25;2;3;23;8;3;0;0;275722;183378;3079;889;222216;4599;1029;0;21
FR;5;2022-09-24;44;51;1;8;65;5;8;0;0;275766;183429;3080;897;222281;4604;1037;0;21
FR;5;2022-09-25;6;12;0;0;13;1;0;0;0;275772;183441;3080;897;222294;4605;1037;0;21
FR;5;2022-09-26;15;7;0;2;12;0;1;0;1;275787;183448;3080;899;222306;4605;1038;0;22
FR;5;2022-09-27;7;12;4;9;14;4;9;0;1;275794;183460;3084;908;222320;4609;1047;0;23
FR;5;2022-09-28;65;67;5;0;91;7;0;0;0;275859;183527;3089;908;222411;4616;1047;0;23
FR;5;2022-09-29;17;9;1;0;15;1;1;0;1;275876;183536;3090;908;222426;4617;1048;0;24
FR;5;2022-09-30;28;47;2;2;54;4;3;0;0;275904;183583;3092;910;222480;4621;1051;0;24
FR;5;2022-10-01;40;35;5;5;48;8;7;0;0;275944;183618;3097;915;222528;4629;1058;0;24
FR;5;2022-10-02;1;9;1;0;10;1;0;0;0;275945;183627;3098;915;222538;4630;1058;0;24
FR;5;2022-10-03;7;6;3;0;5;4;0;0;0;275952;183633;3101;915;222543;4634;1058;0;24
FR;5;2022-10-04;11;8;1;3;11;2;3;0;0;275963;183641;3102;918;222554;4636;1061;0;24
FR;5;2022-10-05;57;62;2;2;79;13;2;0;0;276020;183703;3104;920;222633;4649;1063;0;24
FR;5;2022-10-06;12;10;1;4;15;2;4;0;0;276032;183713;3105;924;222648;4651;1067;0;24
FR;5;2022-10-07;21;31;1;0;34;5;0;0;0;276053;183744;3106;924;222682;4656;1067;0;24
FR;5;2022-10-08;33;51;1;0;54;7;0;0;0;276086;183795;3107;924;222736;4663;1067;0;24
FR;5;2022-10-09;7;10;0;0;11;1;0;0;0;276093;183805;3107;924;222747;4664;1067;0;24
FR;5;2022-10-10;14;6;0;1;8;1;1;0;0;276107;183811;3107;925;222755;4665;1068;0;24
FR;5;2022-10-11;6;13;2;1;14;2;2;0;0;276113;183824;3109;926;222769;4667;1070;0;24
FR;5;2022-10-12;40;57;3;2;69;8;2;0;0;276153;183881;3112;928;222838;4675;1072;0;24
FR;5;2022-10-13;11;16;2;0;18;4;0;0;0;276164;183897;3114;928;222856;4679;1072;0;24
FR;5;2022-10-14;21;21;1;0;20;5;0;0;0;276185;183918;3115;928;222876;4684;1072;0;24
FR;5;2022-10-15;19;26;10;0;25;11;2;0;0;276204;183944;3125;928;222901;4695;1074;0;24
FR;5;2022-10-16;3;1;0;0;1;1;0;0;0;276207;183945;3125;928;222902;4696;1074;0;24
FR;5;2022-10-17;8;8;2;1;8;3;1;0;2;276215;183953;3127;929;222910;4699;1075;0;26
FR;5;2022-10-18;6;7;0;2;8;0;2;0;0;276221;183960;3127;931;222918;4699;1077;0;26
FR;5;2022-10-19;38;44;8;0;53;11;0;0;1;276259;184004;3135;931;222971;4710;1077;0;27
FR;5;2022-10-20;18;15;2;1;16;3;1;0;0;276277;184019;3137;932;222987;4713;1078;0;27
FR;5;2022-10-21;22;15;6;0;19;8;1;0;2;276299;184034;3143;932;223006;4721;1079;0;29
FR;5;2022-10-22;35;29;2;12;32;5;12;0;0;276334;184063;3145;944;223038;4726;1091;0;29
FR;5;2022-10-23;9;3;0;0;4;0;0;0;0;276343;184066;3145;944;223042;4726;1091;0;29
FR;5;2022-10-24;14;7;6;7;9;9;8;0;0;276357;184073;3151;951;223051;4735;1099;0;29
FR;5;2022-10-25;13;9;6;3;9;8;3;0;2;276370;184082;3157;954;223060;4743;1102;0;31
FR;5;2022-10-26;34;22;6;0;29;10;0;0;0;276404;184104;3163;954;223089;4753;1102;0;31
FR;5;2022-10-27;16;4;4;0;11;4;0;0;0;276420;184108;3167;954;223100;4757;1102;0;31
FR;5;2022-10-28;19;13;5;3;14;6;4;0;0;276439;184121;3172;957;223114;4763;1106;0;31
FR;5;2022-10-29;21;13;0;0;17;3;0;0;0;276460;184134;3172;957;223131;4766;1106;0;31
FR;5;2022-10-30;1;4;2;0;4;3;0;0;0;276461;184138;3174;957;223135;4769;1106;0;31
FR;5;2022-10-31;14;11;2;1;12;3;1;0;0;276475;184149;3176;958;223147;4772;1107;0;31
FR;5;2022-11-01;3;3;0;1;3;0;1;0;0;276478;184152;3176;959;223150;4772;1108;0;31
FR;5;2022-11-02;23;17;5;4;23;5;5;0;0;276501;184169;3181;963;223173;4777;1113;0;31
FR;5;2022-11-03;22;4;1;1;11;1;1;0;0;276523;184173;3182;964;223184;4778;1114;0;31
FR;5;2022-11-04;19;18;1;0;18;2;0;0;0;276542;184191;3183;964;223202;4780;1114;0;31
FR;5;2022-11-05;25;16;1;0;21;1;0;0;0;276567;184207;3184;964;223223;4781;1114;0;31
FR;5;2022-11-06;1;7;0;0;7;0;0;0;0;276568;184214;3184;964;223230;4781;1114;0;31
FR;5;2022-11-07;9;3;3;0;3;3;0;0;0;276577;184217;3187;964;223233;4784;1114;0;31
FR;5;2022-11-08;12;7;1;2;8;1;1;0;0;276589;184224;3188;966;223241;4785;1115;0;31
FR;5;2022-11-09;30;29;6;1;32;6;1;0;0;276619;184253;3194;967;223273;4791;1116;0;31
FR;5;2022-11-10;11;16;1;0;17;1;0;0;0;276630;184269;3195;967;223290;4792;1116;0;31
FR;5;2022-11-11;2;4;0;1;6;0;1;0;0;276632;184273;3195;968;223296;4792;1117;0;31
FR;5;2022-11-12;19;10;5;9;18;6;9;0;2;276651;184283;3200;977;223314;4798;1126;0;33
FR;5;2022-11-13;2;2;0;1;2;0;1;0;0;276653;184285;3200;978;223316;4798;1127;0;33
FR;5;2022-11-14;8;11;0;1;10;3;0;0;0;276661;184296;3200;979;223326;4801;1127;0;33
FR;5;2022-11-15;8;6;4;3;6;4;3;0;0;276669;184302;3204;982;223332;4805;1130;0;33
FR;5;2022-11-16;29;28;2;1;33;5;0;0;0;276698;184330;3206;983;223365;4810;1130;0;33
FR;5;2022-11-17;6;15;4;0;15;5;0;0;0;276704;184345;3210;983;223380;4815;1130;0;33
FR;5;2022-11-18;17;17;7;0;19;9;0;0;0;276721;184362;3217;983;223399;4824;1130;0;33
FR;5;2022-11-19;18;27;2;0;28;6;0;0;0;276739;184389;3219;983;223427;4830;1130;0;33
FR;5;2022-11-20;6;3;0;0;5;0;0;0;0;276745;184392;3219;983;223432;4830;1130;0;33
FR;5;2022-11-21;8;5;0;2;4;2;1;0;0;276753;184397;3219;985;223436;4832;1131;0;33
FR;5;2022-11-22;9;3;0;1;4;0;1;0;0;276762;184400;3219;986;223440;4832;1132;0;33
FR;5;2022-11-23;34;25;6;1;27;13;0;0;0;276796;184425;3225;987;223467;4845;1132;0;33
FR;5;2022-11-24;3;7;2;0;8;1;1;0;0;276799;184432;3227;987;223475;4846;1133;0;33
FR;5;2022-11-25;15;20;2;0;25;3;0;0;1;276814;184452;3229;987;223500;4849;1133;0;34
FR;5;2022-11-26;22;19;4;0;20;8;0;0;0;276836;184471;3233;987;223520;4857;1133;0;34
FR;5;2022-11-27;7;0;1;0;3;1;0;0;0;276843;184471;3234;987;223523;4858;1133;0;34
FR;5;2022-11-28;7;15;3;0;15;5;0;0;0;276850;184486;3237;987;223538;4863;1133;0;34
FR;5;2022-11-29;10;9;1;0;11;3;0;0;1;276860;184495;3238;987;223549;4866;1133;0;35
FR;5;2022-11-30;35;48;12;0;56;17;1;0;0;276895;184543;3250;987;223605;4883;1134;0;35
FR;5;2022-12-01;5;10;2;0;10;3;0;0;0;276900;184553;3252;987;223615;4886;1134;0;35
FR;5;2022-12-02;1;5;2;1;4;3;1;0;0;276901;184558;3254;988;223619;4889;1135;0;35
FR;5;2022-12-03;3;3;8;1;5;8;1;0;0;276904;184561;3262;989;223624;4897;1136;0;35
FR;5;2022-12-04;3;2;1;0;2;2;0;0;0;276907;184563;3263;989;223626;4899;1136;0;35
FR;5;2022-12-05;1;1;0;0;0;1;0;0;0;276908;184564;3263;989;223626;4900;1136;0;35
FR;5;2022-12-06;5;1;0;0;1;0;0;0;1;276913;184565;3263;989;223627;4900;1136;0;36
FR;5;2022-12-07;5;8;1;0;8;1;0;0;0;276918;184573;3264;989;223635;4901;1136;0;36
FR;5;2022-12-08;2;2;0;0;2;0;0;0;0;276920;184575;3264;989;223637;4901;1136;0;36
FR;5;2022-12-09;5;8;0;0;6;2;0;0;0;276925;184583;3264;989;223643;4903;1136;0;36
FR;5;2022-12-10;4;7;2;1;8;2;1;0;0;276929;184590;3266;990;223651;4905;1137;0;36
FR;5;2022-12-11;2;0;0;0;0;0;0;0;0;276931;184590;3266;990;223651;4905;1137;0;36
FR;5;2022-12-12;0;0;0;0;0;0;0;0;0;276931;184590;3266;990;223651;4905;1137;0;36
FR;5;2022-12-13;2;3;0;0;4;1;0;0;0;276933;184593;3266;990;223655;4906;1137;0;36
FR;5;2022-12-14;2;3;0;9;3;1;8;0;3;276935;184596;3266;999;223658;4907;1145;0;39
FR;5;2022-12-15;0;2;0;0;2;0;0;0;0;276935;184598;3266;999;223660;4907;1145;0;39
FR;5;2022-12-16;3;3;2;0;4;3;0;0;0;276938;184601;3268;999;223664;4910;1145;0;39
FR;5;2022-12-17;3;3;3;0;3;2;1;0;0;276941;184604;3271;999;223667;4912;1146;0;39
FR;5;2022-12-18;3;0;0;1;0;0;1;0;1;276944;184604;3271;1000;223667;4912;1147;0;40
FR;5;2022-12-19;1;0;0;2;0;0;2;0;0;276945;184604;3271;1002;223667;4912;1149;0;40
FR;5;2022-12-20;0;1;3;0;1;3;0;0;0;276945;184605;3274;1002;223668;4915;1149;0;40
FR;5;2022-12-21;2;4;0;0;4;0;0;0;0;276947;184609;3274;1002;223672;4915;1149;0;40
FR;5;2022-12-22;2;2;1;0;2;1;0;0;0;276949;184611;3275;1002;223674;4916;1149;0;40
FR;5;2022-12-23;3;1;1;0;1;1;0;0;0;276952;184612;3276;1002;223675;4917;1149;0;40
FR;5;2022-12-24;0;1;0;0;1;0;0;0;0;276952;184613;3276;1002;223676;4917;1149;0;40
FR;5;2022-12-25;0;1;2;0;0;3;0;0;0;276952;184614;3278;1002;223676;4920;1149;0;40
FR;5;2022-12-26;2;2;0;0;2;0;0;0;0;276954;184616;3278;1002;223678;4920;1149;0;40
FR;5;2022-12-27;0;3;0;0;3;0;0;0;0;276954;184619;3278;1002;223681;4920;1149;0;40
FR;5;2022-12-28;5;3;3;0;3;3;2;0;0;276959;184622;3281;1002;223684;4923;1151;0;40
FR;5;2022-12-29;3;2;2;0;3;2;0;0;0;276962;184624;3283;1002;223687;4925;1151;0;40
FR;5;2022-12-30;3;2;1;0;2;1;0;0;0;276965;184626;3284;1002;223689;4926;1151;0;40
FR;5;2022-12-31;0;0;0;0;0;0;0;0;0;276965;184626;3284;1002;223689;4926;1151;0;40
FR;5;2023-01-01;0;0;0;0;0;0;0;0;0;276965;184626;3284;1002;223689;4926;1151;0;40
FR;5;2023-01-02;1;1;1;0;1;1;0;0;0;276966;184627;3285;1002;223690;4927;1151;0;40
FR;5;2023-01-03;3;1;0;0;2;0;0;0;0;276969;184628;3285;1002;223692;4927;1151;0;40
FR;5;2023-01-04;6;1;1;0;2;1;0;0;0;276975;184629;3286;1002;223694;4928;1151;0;40
FR;5;2023-01-05;0;3;0;0;3;0;0;0;0;276975;184632;3286;1002;223697;4928;1151;0;40
FR;5;2023-01-06;2;1;1;0;1;1;0;0;0;276977;184633;3287;1002;223698;4929;1151;0;40
FR;5;2023-01-07;5;1;1;0;1;2;0;0;0;276982;184634;3288;1002;223699;4931;1151;0;40
FR;5;2023-01-08;2;2;0;0;2;0;0;0;0;276984;184636;3288;1002;223701;4931;1151;0;40
FR;5;2023-01-09;4;0;1;0;1;1;0;0;0;276988;184636;3289;1002;223702;4932;1151;0;40
FR;5;2023-01-10;3;1;0;0;2;0;0;0;0;276991;184637;3289;1002;223704;4932;1151;0;40
FR;5;2023-01-11;7;5;3;0;4;4;0;0;0;276998;184642;3292;1002;223708;4936;1151;0;40
FR;5;2023-01-12;14;6;4;0;6;6;0;0;0;277012;184648;3296;1002;223714;4942;1151;0;40
FR;5;2023-01-13;56;16;16;0;31;18;0;0;0;277068;184664;3312;1002;223745;4960;1151;0;40
FR;5;2023-01-14;56;34;13;1;34;20;2;0;0;277124;184698;3325;1003;223779;4980;1153;0;40
FR;5;2023-01-15;13;9;0;0;5;4;0;0;0;277137;184707;3325;1003;223784;4984;1153;0;40
FR;5;2023-01-16;13;8;3;0;8;3;0;0;0;277150;184715;3328;1003;223792;4987;1153;0;40
FR;5;2023-01-17;12;8;3;0;4;7;0;0;0;277162;184723;3331;1003;223796;4994;1153;0;40
FR;5;2023-01-18;71;35;21;2;46;25;2;0;0;277233;184758;3352;1005;223842;5019;1155;0;40
FR;5;2023-01-19;13;6;8;0;5;10;1;0;0;277246;184764;3360;1005;223847;5029;1156;0;40
FR;5;2023-01-20;27;17;13;0;17;18;0;0;2;277273;184781;3373;1005;223864;5047;1156;0;42
FR;5;2023-01-21;34;23;18;1;31;21;1;0;0;277307;184804;3391;1006;223895;5068;1157;0;42
FR;5;2023-01-22;6;4;2;0;4;3;0;0;0;277313;184808;3393;1006;223899;5071;1157;0;42
FR;5;2023-01-23;6;5;3;0;3;5;0;0;0;277319;184813;3396;1006;223902;5076;1157;0;42
FR;5;2023-01-24;16;3;3;0;6;4;0;0;0;277335;184816;3399;1006;223908;5080;1157;0;42
FR;5;2023-01-25;33;31;12;2;27;23;2;0;0;277368;184847;3411;1008;223935;5103;1159;0;42
FR;5;2023-01-26;6;5;4;0;6;4;0;0;0;277374;184852;3415;1008;223941;5107;1159;0;42
FR;5;2023-01-27;18;13;8;0;17;8;1;0;0;277392;184865;3423;1008;223958;5115;1160;0;42
FR;5;2023-01-28;21;8;4;3;11;6;3;0;0;277413;184873;3427;1011;223969;5121;1163;0;42
FR;5;2023-01-29;0;3;0;0;2;1;0;0;0;277413;184876;3427;1011;223971;5122;1163;0;42
FR;5;2023-01-30;7;5;3;0;4;6;0;0;0;277420;184881;3430;1011;223975;5128;1163;0;42
FR;5;2023-01-31;3;7;2;0;5;4;0;0;0;277423;184888;3432;1011;223980;5132;1163;0;42
FR;5;2023-02-01;18;18;7;1;19;8;1;0;0;277441;184906;3439;1012;223999;5140;1164;0;42
FR;5;2023-02-02;7;8;1;0;7;2;0;0;0;277448;184914;3440;1012;224006;5142;1164;0;42
FR;5;2023-02-03;15;26;6;0;27;9;0;0;0;277463;184940;3446;1012;224033;5151;1164;0;42
FR;5;2023-02-04;15;23;5;0;25;6;0;0;0;277478;184963;3451;1012;224058;5157;1164;0;42
FR;5;2023-02-05;1;2;0;1;2;1;0;0;0;277479;184965;3451;1013;224060;5158;1164;0;42
FR;5;2023-02-06;12;11;7;0;12;7;0;0;0;277491;184976;3458;1013;224072;5165;1164;0;42
FR;5;2023-02-07;6;11;2;0;10;4;0;0;0;277497;184987;3460;1013;224082;5169;1164;0;42
FR;5;2023-02-08;29;35;8;0;39;10;0;0;0;277526;185022;3468;1013;224121;5179;1164;0;42
FR;5;2023-02-09;15;7;5;0;8;5;0;0;0;277541;185029;3473;1013;224129;5184;1164;0;42
FR;5;2023-02-10;11;22;5;0;24;7;0;0;0;277552;185051;3478;1013;224153;5191;1164;0;42
FR;5;2023-02-11;12;11;3;1;15;4;0;0;0;277564;185062;3481;1014;224168;5195;1164;0;42
FR;5;2023-02-12;4;7;1;0;8;1;0;0;0;277568;185069;3482;1014;224176;5196;1164;0;42
FR;5;2023-02-13;4;6;6;0;5;7;0;0;0;277572;185075;3488;1014;224181;5203;1164;0;42
FR;5;2023-02-14;11;8;2;0;9;3;0;0;0;277583;185083;3490;1014;224190;5206;1164;0;42
FR;5;2023-02-15;27;25;4;0;27;5;0;0;0;277610;185108;3494;1014;224217;5211;1164;0;42
FR;5;2023-02-16;8;4;3;0;8;3;0;0;0;277618;185112;3497;1014;224225;5214;1164;0;42
FR;5;2023-02-17;9;5;9;0;6;9;0;0;0;277627;185117;3506;1014;224231;5223;1164;0;42
FR;5;2023-02-18;9;14;3;1;16;3;1;0;0;277636;185131;3509;1015;224247;5226;1165;0;42
FR;5;2023-02-19;0;1;0;0;1;0;0;0;0;277636;185132;3509;1015;224248;5226;1165;0;42
FR;5;2023-02-20;6;6;4;0;6;5;0;0;0;277642;185138;3513;1015;224254;5231;1165;0;42
FR;5;2023-02-21;4;6;5;0;7;5;0;0;0;277646;185144;3518;1015;224261;5236;1165;0;42
FR;5;2023-02-22;10;16;5;0;15;5;1;0;0;277656;185160;3523;1015;224276;5241;1166;0;42
FR;5;2023-02-23;5;5;2;0;5;2;0;0;0;277661;185165;3525;1015;224281;5243;1166;0;42
FR;5;2023-02-24;17;23;1;0;22;3;0;0;0;277678;185188;3526;1015;224303;5246;1166;0;42
FR;5;2023-02-25;11;9;0;0;10;0;0;0;0;277689;185197;3526;1015;224313;5246;1166;0;42
FR;5;2023-02-26;1;1;0;0;1;0;0;0;0;277690;185198;3526;1015;224314;5246;1166;0;42
FR;5;2023-02-27;7;5;2;0;5;2;0;0;0;277697;185203;3528;1015;224319;5248;1166;0;42
FR;5;2023-02-28;4;8;2;0;8;4;0;0;0;277701;185211;3530;1015;224327;5252;1166;0;42
FR;5;2023-03-01;12;25;1;0;23;3;1;0;0;277713;185236;3531;1015;224350;5255;1167;0;42
FR;5;2023-03-02;7;13;3;0;12;5;0;0;0;277720;185249;3534;1015;224362;5260;1167;0;42
FR;5;2023-03-03;11;4;3;0;8;3;1;0;0;277731;185253;3537;1015;224370;5263;1168;0;42
FR;5;2023-03-04;8;17;7;0;18;8;0;0;0;277739;185270;3544;1015;224388;5271;1168;0;42
FR;5;2023-03-05;3;3;0;0;3;0;0;0;0;277742;185273;3544;1015;224391;5271;1168;0;42
FR;5;2023-03-06;2;8;2;0;6;4;0;0;0;277744;185281;3546;1015;224397;5275;1168;0;42
FR;5;2023-03-07;2;9;4;0;9;4;0;0;0;277746;185290;3550;1015;224406;5279;1168;0;42
FR;5;2023-03-08;9;21;1;0;22;1;0;0;0;277755;185311;3551;1015;224428;5280;1168;0;42
FR;5;2023-03-09;1;6;0;0;5;1;0;0;0;277756;185317;3551;1015;224433;5281;1168;0;42
FR;5;2023-03-10;3;7;2;1;8;2;1;0;0;277759;185324;3553;1016;224441;5283;1169;0;42
FR;5;2023-03-11;5;2;0;0;4;0;0;0;0;277764;185326;3553;1016;224445;5283;1169;0;42
FR;5;2023-03-12;0;1;0;0;1;0;0;0;0;277764;185327;3553;1016;224446;5283;1169;0;42
FR;5;2023-03-13;2;2;0;0;4;0;0;0;0;277766;185329;3553;1016;224450;5283;1169;0;42
FR;5;2023-03-14;6;1;1;1;5;1;1;0;0;277772;185330;3554;1017;224455;5284;1170;0;42
FR;5;2023-03-15;7;8;2;0;12;3;0;0;0;277779;185338;3556;1017;224467;5287;1170;0;42
FR;5;2023-03-16;2;6;0;0;6;0;0;0;0;277781;185344;3556;1017;224473;5287;1170;0;42
FR;5;2023-03-17;14;15;3;0;13;4;1;0;0;277795;185359;3559;1017;224486;5291;1171;0;42
FR;5;2023-03-18;4;9;0;0;9;1;0;0;0;277799;185368;3559;1017;224495;5292;1171;0;42
FR;5;2023-03-19;0;0;0;0;0;0;0;0;0;277799;185368;3559;1017;224495;5292;1171;0;42
FR;5;2023-03-20;3;8;0;0;9;0;0;0;0;277802;185376;3559;1017;224504;5292;1171;0;42
FR;5;2023-03-21;3;8;2;2;8;2;2;0;0;277805;185384;3561;1019;224512;5294;1173;0;42
FR;5;2023-03-22;9;22;3;0;20;4;0;0;0;277814;185406;3564;1019;224532;5298;1173;0;42
FR;5;2023-03-23;2;5;1;0;5;1;0;0;0;277816;185411;3565;1019;224537;5299;1173;0;42
FR;5;2023-03-24;5;9;1;0;9;3;0;0;0;277821;185420;3566;1019;224546;5302;1173;0;42
FR;5;2023-03-25;3;8;2;0;8;2;0;0;0;277824;185428;3568;1019;224554;5304;1173;0;42
FR;5;2023-03-26;0;1;0;0;0;1;0;0;0;277824;185429;3568;1019;224554;5305;1173;0;42
FR;5;2023-03-27;3;0;1;0;1;1;0;0;0;277827;185429;3569;1019;224555;5306;1173;0;42
FR;5;2023-03-28;3;3;0;0;4;0;0;0;0;277830;185432;3569;1019;224559;5306;1173;0;42
FR;5;2023-03-29;7;16;4;0;16;6;0;0;0;277837;185448;3573;1019;224575;5312;1173;0;42
FR;5;2023-03-30;3;2;0;0;4;0;0;0;1;277840;185450;3573;1019;224579;5312;1173;0;43
FR;5;2023-03-31;3;7;2;1;7;2;1;0;0;277843;185457;3575;1020;224586;5314;1174;0;43
FR;5;2023-04-01;5;7;3;1;5;4;2;0;0;277848;185464;3578;1021;224591;5318;1176;0;43
FR;5;2023-04-02;0;1;0;0;1;0;0;0;0;277848;185465;3578;1021;224592;5318;1176;0;43
FR;5;2023-04-03;3;4;2;0;4;0;2;0;0;277851;185469;3580;1021;224596;5318;1178;0;43
FR;5;2023-04-04;1;3;0;0;3;0;0;0;0;277852;185472;3580;1021;224599;5318;1178;0;43
FR;5;2023-04-05;3;6;1;0;5;2;0;0;0;277855;185478;3581;1021;224604;5320;1178;0;43
FR;5;2023-04-06;3;3;0;0;3;0;0;0;0;277858;185481;3581;1021;224607;5320;1178;0;43
FR;5;2023-04-07;6;4;1;0;4;1;0;0;0;277864;185485;3582;1021;224611;5321;1178;0;43
FR;5;2023-04-08;6;10;1;0;10;1;0;0;0;277870;185495;3583;1021;224621;5322;1178;0;43
FR;5;2023-04-09;0;0;0;0;0;0;0;0;0;277870;185495;3583;1021;224621;5322;1178;0;43
FR;5;2023-04-10;0;0;0;0;0;0;0;0;0;277870;185495;3583;1021;224621;5322;1178;0;43
FR;5;2023-04-11;1;6;0;0;6;0;0;0;1;277871;185501;3583;1021;224627;5322;1178;0;44
FR;5;2023-04-12;4;9;1;0;9;1;0;0;0;277875;185510;3584;1021;224636;5323;1178;0;44
FR;5;2023-04-13;2;1;2;0;0;3;0;0;0;277877;185511;3586;1021;224636;5326;1178;0;44
FR;5;2023-04-14;5;5;2;0;8;2;0;0;0;277882;185516;3588;1021;224644;5328;1178;0;44
FR;5;2023-04-15;3;4;0;0;4;0;0;0;0;277885;185520;3588;1021;224648;5328;1178;0;44
FR;5;2023-04-16;1;0;0;0;0;0;0;0;0;277886;185520;3588;1021;224648;5328;1178;0;44
FR;5;2023-04-17;4;4;3;0;4;3;0;0;0;277890;185524;3591;1021;224652;5331;1178;0;44
FR;5;2023-04-18;3;2;0;0;2;0;0;0;0;277893;185526;3591;1021;224654;5331;1178;0;44
FR;5;2023-04-19;10;7;0;0;3;5;0;0;0;277903;185533;3591;1021;224657;5336;1178;0;44
FR;5;2023-04-20;5;2;0;0;2;0;0;0;0;277908;185535;3591;1021;224659;5336;1178;0;44
FR;5;2023-04-21;2;6;1;0;5;2;0;0;0;277910;185541;3592;1021;224664;5338;1178;0;44
FR;5;2023-04-22;4;6;1;0;6;1;0;0;0;277914;185547;3593;1021;224670;5339;1178;0;44
FR;5;2023-04-23;1;0;0;0;0;0;0;0;0;277915;185547;3593;1021;224670;5339;1178;0;44
FR;5;2023-04-24;3;5;2;0;5;2;0;0;0;277918;185552;3595;1021;224675;5341;1178;0;44
FR;5;2023-04-25;0;1;1;2;1;1;2;0;0;277918;185553;3596;1023;224676;5342;1180;0;44
FR;5;2023-04-26;1;3;0;0;3;0;0;0;0;277919;185556;3596;1023;224679;5342;1180;0;44
FR;5;2023-04-27;3;4;0;0;3;1;0;0;0;277922;185560;3596;1023;224682;5343;1180;0;44
FR;5;2023-04-28;2;3;0;0;2;1;0;0;0;277924;185563;3596;1023;224684;5344;1180;0;44
FR;5;2023-04-29;2;9;0;0;9;0;0;0;0;277926;185572;3596;1023;224693;5344;1180;0;44
FR;5;2023-04-30;0;0;0;0;0;0;0;0;0;277926;185572;3596;1023;224693;5344;1180;0;44
FR;5;2023-05-01;0;0;0;0;0;0;0;0;0;277926;185572;3596;1023;224693;5344;1180;0;44
FR;5;2023-05-02;2;2;1;0;3;1;0;0;0;277928;185574;3597;1023;224696;5345;1180;0;44
FR;5;2023-05-03;5;3;0;0;3;0;0;0;0;277933;185577;3597;1023;224699;5345;1180;0;44
FR;5;2023-05-04;1;3;0;0;3;0;0;0;0;277934;185580;3597;1023;224702;5345;1180;0;44
FR;5;2023-05-05;1;1;0;0;1;0;0;0;0;277935;185581;3597;1023;224703;5345;1180;0;44
FR;5;2023-05-06;2;1;0;0;1;0;0;0;0;277937;185582;3597;1023;224704;5345;1180;0;44
FR;5;2023-05-07;0;1;0;0;1;0;0;0;0;277937;185583;3597;1023;224705;5345;1180;0;44
FR;5;2023-05-08;1;1;0;0;1;0;0;0;0;277938;185584;3597;1023;224706;5345;1180;0;44
FR;5;2023-05-09;0;3;0;0;3;0;0;0;0;277938;185587;3597;1023;224709;5345;1180;0;44
FR;5;2023-05-10;1;6;0;0;6;0;0;0;0;277939;185593;3597;1023;224715;5345;1180;0;44
FR;5;2023-05-11;2;1;0;0;1;0;0;0;0;277941;185594;3597;1023;224716;5345;1180;0;44
FR;5;2023-05-12;2;2;0;0;2;0;0;0;0;277943;185596;3597;1023;224718;5345;1180;0;44
FR;5;2023-05-13;6;4;0;0;4;2;0;0;0;277949;185600;3597;1023;224722;5347;1180;0;44
FR;5;2023-05-14;0;0;0;0;0;0;0;0;0;277949;185600;3597;1023;224722;5347;1180;0;44
FR;5;2023-05-15;3;0;0;0;0;0;0;0;1;277952;185600;3597;1023;224722;5347;1180;0;45
FR;6;2020-12-27;0;0;0;0;0;0;0;0;0;0;0;0;0;0;0;0;0;0
FR;6;2020-12-28;0;0;0;0;0;0;0;0;0;0;0;0;0;0;0;0;0;0
FR;6;2020-12-29;0;0;0;0;0;0;0;0;0;0;0;0;0;0;0;0;0;0
FR;6;2020-12-30;0;0;0;0;0;0;0;0;0;0;0;0;0;0;0;0;0;0
FR;6;2020-12-31;0;0;0;0;0;0;0;0;0;0;0;0;0;0;0;0;0;0
FR;6;2021-01-01;0;0;0;0;0;0;0;0;0;0;0;0;0;0;0;0;0;0
FR;6;2021-01-02;0;0;0;0;0;0;0;0;0;0;0;0;0;0;0;0;0;0
FR;6;2021-01-03;0;0;0;0;0;0;0;0;0;0;0;0;0;0;0;0;0;0
FR;6;2021-01-04;0;0;0;0;0;0;0;0;0;0;0;0;0;0;0;0;0;0
FR;6;2021-01-05;0;0;0;0;0;0;0;0;0;0;0;0;0;0;0;0;0;0
FR;6;2021-01-06;0;0;0;0;0;0;0;0;0;0;0;0;0;0;0;0;0;0
FR;6;2021-01-07;0;0;0;0;0;0;0;0;0;0;0;0;0;0;0;0;0;0
FR;6;2021-01-08;0;0;0;0;0;0;0;0;0;0;0;0;0;0;0;0;0;0
FR;6;2021-01-09;0;0;0;0;0;0;0;0;0;0;0;0;0;0;0;0;0;0
FR;6;2021-01-10;0;0;0;0;0;0;0;0;0;0;0;0;0;0;0;0;0;0
FR;6;2021-01-11;0;0;0;0;0;0;0;0;0;0;0;0;0;0;0;0;0;0
FR;6;2021-01-12;0;0;0;0;0;0;0;0;0;0;0;0;0;0;0;0;0;0
FR;6;2021-01-13;0;0;0;0;0;0;0;0;0;0;0;0;0;0;0;0;0;0
FR;6;2021-01-14;0;0;0;0;0;0;0;0;0;0;0;0;0;0;0;0;0;0
FR;6;2021-01-15;0;0;0;0;0;0;0;0;0;0;0;0;0;0;0;0;0;0
FR;6;2021-01-16;0;0;0;0;0;0;0;0;0;0;0;0;0;0;0;0;0;0
FR;6;2021-01-17;0;0;0;0;0;0;0;0;0;0;0;0;0;0;0;0;0;0
FR;6;2021-01-18;0;0;0;0;0;0;0;0;0;0;0;0;0;0;0;0;0;0
FR;6;2021-01-19;0;0;0;0;0;0;0;0;0;0;0;0;0;0;0;0;0;0
FR;6;2021-01-20;0;0;0;0;0;0;0;0;0;0;0;0;0;0;0;0;0;0
FR;6;2021-01-21;0;0;0;0;0;0;0;0;0;0;0;0;0;0;0;0;0;0
FR;6;2021-01-22;0;0;0;0;0;0;0;0;0;0;0;0;0;0;0;0;0;0
FR;6;2021-01-23;0;0;0;0;0;0;0;0;0;0;0;0;0;0;0;0;0;0
FR;6;2021-01-24;0;0;0;0;0;0;0;0;0;0;0;0;0;0;0;0;0;0
FR;6;2021-01-25;0;0;0;0;0;0;0;0;0;0;0;0;0;0;0;0;0;0
FR;6;2021-01-26;0;0;0;0;0;0;0;0;0;0;0;0;0;0;0;0;0;0
FR;6;2021-01-27;0;0;0;0;0;0;0;0;0;0;0;0;0;0;0;0;0;0
FR;6;2021-01-28;0;0;0;0;0;0;0;0;0;0;0;0;0;0;0;0;0;0
FR;6;2021-01-29;0;0;0;0;0;0;0;0;0;0;0;0;0;0;0;0;0;0
FR;6;2021-01-30;0;0;0;0;0;0;0;0;0;0;0;0;0;0;0;0;0;0
FR;6;2021-01-31;0;0;0;0;0;0;0;0;0;0;0;0;0;0;0;0;0;0
FR;6;2021-02-01;0;0;0;0;0;0;0;0;0;0;0;0;0;0;0;0;0;0
FR;6;2021-02-02;0;0;0;0;0;0;0;0;0;0;0;0;0;0;0;0;0;0
FR;6;2021-02-03;0;0;0;0;0;0;0;0;0;0;0;0;0;0;0;0;0;0
FR;6;2021-02-04;0;0;0;0;0;0;0;0;0;0;0;0;0;0;0;0;0;0
FR;6;2021-02-05;0;0;0;0;0;0;0;0;0;0;0;0;0;0;0;0;0;0
FR;6;2021-02-06;0;0;0;0;0;0;0;0;0;0;0;0;0;0;0;0;0;0
FR;6;2021-02-07;0;0;0;0;0;0;0;0;0;0;0;0;0;0;0;0;0;0
FR;6;2021-02-08;0;0;0;0;0;0;0;0;0;0;0;0;0;0;0;0;0;0
FR;6;2021-02-09;0;0;0;0;0;0;0;0;0;0;0;0;0;0;0;0;0;0
FR;6;2021-02-10;0;0;0;0;0;0;0;0;0;0;0;0;0;0;0;0;0;0
FR;6;2021-02-11;0;0;0;0;0;0;0;0;0;0;0;0;0;0;0;0;0;0
FR;6;2021-02-12;0;0;0;0;0;0;0;0;0;0;0;0;0;0;0;0;0;0
FR;6;2021-02-13;0;0;0;0;0;0;0;0;0;0;0;0;0;0;0;0;0;0
FR;6;2021-02-14;0;0;0;0;0;0;0;0;0;0;0;0;0;0;0;0;0;0
FR;6;2021-02-15;0;0;0;0;0;0;0;0;0;0;0;0;0;0;0;0;0;0
FR;6;2021-02-16;0;0;0;0;0;0;0;0;0;0;0;0;0;0;0;0;0;0
FR;6;2021-02-17;0;0;0;0;0;0;0;0;0;0;0;0;0;0;0;0;0;0
FR;6;2021-02-18;0;0;0;0;0;0;0;0;0;0;0;0;0;0;0;0;0;0
FR;6;2021-02-19;0;0;0;0;0;0;0;0;0;0;0;0;0;0;0;0;0;0
FR;6;2021-02-20;0;0;0;0;0;0;0;0;0;0;0;0;0;0;0;0;0;0
FR;6;2021-02-21;0;0;0;0;0;0;0;0;0;0;0;0;0;0;0;0;0;0
FR;6;2021-02-22;0;0;0;0;0;0;0;0;0;0;0;0;0;0;0;0;0;0
FR;6;2021-02-23;0;0;0;0;0;0;0;0;0;0;0;0;0;0;0;0;0;0
FR;6;2021-02-24;0;0;0;0;0;0;0;0;0;0;0;0;0;0;0;0;0;0
FR;6;2021-02-25;0;0;0;0;0;0;0;0;0;0;0;0;0;0;0;0;0;0
FR;6;2021-02-26;0;0;0;0;0;0;0;0;0;0;0;0;0;0;0;0;0;0
FR;6;2021-02-27;0;0;0;0;0;0;0;0;0;0;0;0;0;0;0;0;0;0
FR;6;2021-02-28;0;0;0;0;0;0;0;0;0;0;0;0;0;0;0;0;0;0
FR;6;2021-03-01;0;0;0;0;0;0;0;0;0;0;0;0;0;0;0;0;0;0
FR;6;2021-03-02;0;0;0;0;0;0;0;0;0;0;0;0;0;0;0;0;0;0
FR;6;2021-03-03;0;0;0;0;0;0;0;0;0;0;0;0;0;0;0;0;0;0
FR;6;2021-03-04;0;0;0;0;0;0;0;0;0;0;0;0;0;0;0;0;0;0
FR;6;2021-03-05;0;0;0;0;0;0;0;0;0;0;0;0;0;0;0;0;0;0
FR;6;2021-03-06;0;0;0;0;0;0;0;0;0;0;0;0;0;0;0;0;0;0
FR;6;2021-03-07;0;0;0;0;0;0;0;0;0;0;0;0;0;0;0;0;0;0
FR;6;2021-03-08;0;0;0;0;0;0;0;0;0;0;0;0;0;0;0;0;0;0
FR;6;2021-03-09;0;0;0;0;0;0;0;0;0;0;0;0;0;0;0;0;0;0
FR;6;2021-03-10;0;0;0;0;0;0;0;0;0;0;0;0;0;0;0;0;0;0
FR;6;2021-03-11;0;0;0;0;0;0;0;0;0;0;0;0;0;0;0;0;0;0
FR;6;2021-03-12;0;0;0;0;0;0;0;0;0;0;0;0;0;0;0;0;0;0
FR;6;2021-03-13;0;0;0;0;0;0;0;0;0;0;0;0;0;0;0;0;0;0
FR;6;2021-03-14;0;0;0;0;0;0;0;0;0;0;0;0;0;0;0;0;0;0
FR;6;2021-03-15;0;0;0;0;0;0;0;0;0;0;0;0;0;0;0;0;0;0
FR;6;2021-03-16;0;0;0;0;0;0;0;0;0;0;0;0;0;0;0;0;0;0
FR;6;2021-03-17;0;0;0;0;0;0;0;0;0;0;0;0;0;0;0;0;0;0
FR;6;2021-03-18;0;0;0;0;0;0;0;0;0;0;0;0;0;0;0;0;0;0
FR;6;2021-03-19;0;0;0;0;0;0;0;0;0;0;0;0;0;0;0;0;0;0
FR;6;2021-03-20;0;0;0;0;0;0;0;0;0;0;0;0;0;0;0;0;0;0
FR;6;2021-03-21;0;0;0;0;0;0;0;0;0;0;0;0;0;0;0;0;0;0
FR;6;2021-03-22;0;0;0;0;0;0;0;0;0;0;0;0;0;0;0;0;0;0
FR;6;2021-03-23;0;0;0;0;0;0;0;0;0;0;0;0;0;0;0;0;0;0
FR;6;2021-03-24;0;0;0;0;0;0;0;0;0;0;0;0;0;0;0;0;0;0
FR;6;2021-03-25;0;0;0;0;0;0;0;0;0;0;0;0;0;0;0;0;0;0
FR;6;2021-03-26;0;0;0;0;0;0;0;0;0;0;0;0;0;0;0;0;0;0
FR;6;2021-03-27;0;0;0;0;0;0;0;0;0;0;0;0;0;0;0;0;0;0
FR;6;2021-03-28;0;0;0;0;0;0;0;0;0;0;0;0;0;0;0;0;0;0
FR;6;2021-03-29;0;0;0;0;0;0;0;0;0;0;0;0;0;0;0;0;0;0
FR;6;2021-03-30;0;0;0;0;0;0;0;0;0;0;0;0;0;0;0;0;0;0
FR;6;2021-03-31;0;0;0;0;0;0;0;0;0;0;0;0;0;0;0;0;0;0
FR;6;2021-04-01;0;0;0;0;0;0;0;0;0;0;0;0;0;0;0;0;0;0
FR;6;2021-04-02;0;0;0;0;0;0;0;0;0;0;0;0;0;0;0;0;0;0
FR;6;2021-04-03;0;0;0;0;0;0;0;0;0;0;0;0;0;0;0;0;0;0
FR;6;2021-04-04;0;0;0;0;0;0;0;0;0;0;0;0;0;0;0;0;0;0
FR;6;2021-04-05;0;0;0;0;0;0;0;0;0;0;0;0;0;0;0;0;0;0
FR;6;2021-04-06;0;0;0;0;0;0;0;0;0;0;0;0;0;0;0;0;0;0
FR;6;2021-04-07;0;0;0;0;0;0;0;0;0;0;0;0;0;0;0;0;0;0
FR;6;2021-04-08;0;0;0;0;0;0;0;0;0;0;0;0;0;0;0;0;0;0
FR;6;2021-04-09;0;0;0;0;0;0;0;0;0;0;0;0;0;0;0;0;0;0
FR;6;2021-04-10;0;0;0;0;0;0;0;0;0;0;0;0;0;0;0;0;0;0
FR;6;2021-04-11;0;0;0;0;0;0;0;0;0;0;0;0;0;0;0;0;0;0
FR;6;2021-04-12;0;0;0;0;0;0;0;0;0;0;0;0;0;0;0;0;0;0
FR;6;2021-04-13;0;0;0;0;0;0;0;0;0;0;0;0;0;0;0;0;0;0
FR;6;2021-04-14;0;0;0;0;0;0;0;0;0;0;0;0;0;0;0;0;0;0
FR;6;2021-04-15;0;0;0;0;0;0;0;0;0;0;0;0;0;0;0;0;0;0
FR;6;2021-04-16;0;0;0;0;0;0;0;0;0;0;0;0;0;0;0;0;0;0
FR;6;2021-04-17;0;0;0;0;0;0;0;0;0;0;0;0;0;0;0;0;0;0
FR;6;2021-04-18;0;0;0;0;0;0;0;0;0;0;0;0;0;0;0;0;0;0
FR;6;2021-04-19;0;0;0;0;0;0;0;0;0;0;0;0;0;0;0;0;0;0
FR;6;2021-04-20;0;0;0;0;0;0;0;0;0;0;0;0;0;0;0;0;0;0
FR;6;2021-04-21;0;0;0;0;0;0;0;0;0;0;0;0;0;0;0;0;0;0
FR;6;2021-04-22;0;0;0;0;0;0;0;0;0;0;0;0;0;0;0;0;0;0
FR;6;2021-04-23;0;0;0;0;0;0;0;0;0;0;0;0;0;0;0;0;0;0
FR;6;2021-04-24;0;0;0;0;0;0;0;0;0;0;0;0;0;0;0;0;0;0
FR;6;2021-04-25;0;0;0;0;0;0;0;0;0;0;0;0;0;0;0;0;0;0
FR;6;2021-04-26;0;0;0;0;0;0;0;0;0;0;0;0;0;0;0;0;0;0
FR;6;2021-04-27;0;0;0;0;0;0;0;0;0;0;0;0;0;0;0;0;0;0
FR;6;2021-04-28;0;0;0;0;0;0;0;0;0;0;0;0;0;0;0;0;0;0
FR;6;2021-04-29;0;0;0;0;0;0;0;0;0;0;0;0;0;0;0;0;0;0
FR;6;2021-04-30;0;0;0;0;0;0;0;0;0;0;0;0;0;0;0;0;0;0
FR;6;2021-05-01;0;0;0;0;0;0;0;0;0;0;0;0;0;0;0;0;0;0
FR;6;2021-05-02;0;0;0;0;0;0;0;0;0;0;0;0;0;0;0;0;0;0
FR;6;2021-05-03;0;0;0;0;0;0;0;0;0;0;0;0;0;0;0;0;0;0
FR;6;2021-05-04;0;0;0;0;0;0;0;0;0;0;0;0;0;0;0;0;0;0
FR;6;2021-05-05;0;0;0;0;0;0;0;0;0;0;0;0;0;0;0;0;0;0
FR;6;2021-05-06;0;0;0;0;0;0;0;0;0;0;0;0;0;0;0;0;0;0
FR;6;2021-05-07;0;0;0;0;0;0;0;0;0;0;0;0;0;0;0;0;0;0
FR;6;2021-05-08;0;0;0;0;0;0;0;0;0;0;0;0;0;0;0;0;0;0
FR;6;2021-05-09;0;0;0;0;0;0;0;0;0;0;0;0;0;0;0;0;0;0
FR;6;2021-05-10;0;0;0;0;0;0;0;0;0;0;0;0;0;0;0;0;0;0
FR;6;2021-05-11;0;0;0;0;0;0;0;0;0;0;0;0;0;0;0;0;0;0
FR;6;2021-05-12;0;0;0;0;0;0;0;0;0;0;0;0;0;0;0;0;0;0
FR;6;2021-05-13;0;0;0;0;0;0;0;0;0;0;0;0;0;0;0;0;0;0
FR;6;2021-05-14;0;0;0;0;0;0;0;0;0;0;0;0;0;0;0;0;0;0
FR;6;2021-05-15;0;0;0;0;0;0;0;0;0;0;0;0;0;0;0;0;0;0
FR;6;2021-05-16;0;0;0;0;0;0;0;0;0;0;0;0;0;0;0;0;0;0
FR;6;2021-05-17;0;0;0;0;0;0;0;0;0;0;0;0;0;0;0;0;0;0
FR;6;2021-05-18;0;0;0;0;0;0;0;0;0;0;0;0;0;0;0;0;0;0
FR;6;2021-05-19;0;0;0;0;0;0;0;0;0;0;0;0;0;0;0;0;0;0
FR;6;2021-05-20;0;0;0;0;0;0;0;0;0;0;0;0;0;0;0;0;0;0
FR;6;2021-05-21;0;0;0;0;0;0;0;0;0;0;0;0;0;0;0;0;0;0
FR;6;2021-05-22;0;0;0;0;0;0;0;0;0;0;0;0;0;0;0;0;0;0
FR;6;2021-05-23;0;0;0;0;0;0;0;0;0;0;0;0;0;0;0;0;0;0
FR;6;2021-05-24;0;0;0;0;0;0;0;0;0;0;0;0;0;0;0;0;0;0
FR;6;2021-05-25;0;0;0;0;0;0;0;0;0;0;0;0;0;0;0;0;0;0
FR;6;2021-05-26;0;0;0;0;0;0;0;0;0;0;0;0;0;0;0;0;0;0
FR;6;2021-05-27;0;0;0;0;0;0;0;0;0;0;0;0;0;0;0;0;0;0
FR;6;2021-05-28;0;0;0;0;0;0;0;0;0;0;0;0;0;0;0;0;0;0
FR;6;2021-05-29;0;0;0;0;0;0;0;0;0;0;0;0;0;0;0;0;0;0
FR;6;2021-05-30;0;0;0;0;0;0;0;0;0;0;0;0;0;0;0;0;0;0
FR;6;2021-05-31;0;0;0;0;0;0;0;0;0;0;0;0;0;0;0;0;0;0
FR;6;2021-06-01;0;0;0;0;0;0;0;0;0;0;0;0;0;0;0;0;0;0
FR;6;2021-06-02;0;0;0;0;0;0;0;0;0;0;0;0;0;0;0;0;0;0
FR;6;2021-06-03;0;0;0;0;0;0;0;0;0;0;0;0;0;0;0;0;0;0
FR;6;2021-06-04;0;0;0;0;0;0;0;0;0;0;0;0;0;0;0;0;0;0
FR;6;2021-06-05;0;0;0;0;0;0;0;0;0;0;0;0;0;0;0;0;0;0
FR;6;2021-06-06;0;0;0;0;0;0;0;0;0;0;0;0;0;0;0;0;0;0
FR;6;2021-06-07;0;0;0;0;0;0;0;0;0;0;0;0;0;0;0;0;0;0
FR;6;2021-06-08;0;0;0;0;0;0;0;0;0;0;0;0;0;0;0;0;0;0
FR;6;2021-06-09;0;0;0;0;0;0;0;0;0;0;0;0;0;0;0;0;0;0
FR;6;2021-06-10;0;0;0;0;0;0;0;0;0;0;0;0;0;0;0;0;0;0
FR;6;2021-06-11;0;0;0;0;0;0;0;0;0;0;0;0;0;0;0;0;0;0
FR;6;2021-06-12;0;0;0;0;0;0;0;0;0;0;0;0;0;0;0;0;0;0
FR;6;2021-06-13;0;0;0;0;0;0;0;0;0;0;0;0;0;0;0;0;0;0
FR;6;2021-06-14;0;0;0;0;0;0;0;0;0;0;0;0;0;0;0;0;0;0
FR;6;2021-06-15;0;0;0;0;0;0;0;0;0;0;0;0;0;0;0;0;0;0
FR;6;2021-06-16;0;0;0;0;0;0;0;0;0;0;0;0;0;0;0;0;0;0
FR;6;2021-06-17;0;0;0;0;0;0;0;0;0;0;0;0;0;0;0;0;0;0
FR;6;2021-06-18;0;0;0;0;0;0;0;0;0;0;0;0;0;0;0;0;0;0
FR;6;2021-06-19;0;0;0;0;0;0;0;0;0;0;0;0;0;0;0;0;0;0
FR;6;2021-06-20;0;0;0;0;0;0;0;0;0;0;0;0;0;0;0;0;0;0
FR;6;2021-06-21;0;0;0;0;0;0;0;0;0;0;0;0;0;0;0;0;0;0
FR;6;2021-06-22;0;0;0;0;0;0;0;0;0;0;0;0;0;0;0;0;0;0
FR;6;2021-06-23;0;0;0;0;0;0;0;0;0;0;0;0;0;0;0;0;0;0
FR;6;2021-06-24;0;0;0;0;0;0;0;0;0;0;0;0;0;0;0;0;0;0
FR;6;2021-06-25;0;0;0;0;0;0;0;0;0;0;0;0;0;0;0;0;0;0
FR;6;2021-06-26;0;0;0;0;0;0;0;0;0;0;0;0;0;0;0;0;0;0
FR;6;2021-06-27;0;0;0;0;0;0;0;0;0;0;0;0;0;0;0;0;0;0
FR;6;2021-06-28;0;0;0;0;0;0;0;0;0;0;0;0;0;0;0;0;0;0
FR;6;2021-06-29;0;0;0;0;0;0;0;0;0;0;0;0;0;0;0;0;0;0
FR;6;2021-06-30;0;0;0;0;0;0;0;0;0;0;0;0;0;0;0;0;0;0
FR;6;2021-07-01;0;0;0;0;0;0;0;0;0;0;0;0;0;0;0;0;0;0
FR;6;2021-07-02;0;0;0;0;0;0;0;0;0;0;0;0;0;0;0;0;0;0
FR;6;2021-07-03;0;0;0;0;0;0;0;0;0;0;0;0;0;0;0;0;0;0
FR;6;2021-07-04;0;0;0;0;0;0;0;0;0;0;0;0;0;0;0;0;0;0
FR;6;2021-07-05;0;0;0;0;0;0;0;0;0;0;0;0;0;0;0;0;0;0
FR;6;2021-07-06;0;0;0;0;0;0;0;0;0;0;0;0;0;0;0;0;0;0
FR;6;2021-07-07;0;0;0;0;0;0;0;0;0;0;0;0;0;0;0;0;0;0
FR;6;2021-07-08;0;0;0;0;0;0;0;0;0;0;0;0;0;0;0;0;0;0
FR;6;2021-07-09;0;0;0;0;0;0;0;0;0;0;0;0;0;0;0;0;0;0
FR;6;2021-07-10;0;0;0;0;0;0;0;0;0;0;0;0;0;0;0;0;0;0
FR;6;2021-07-11;0;0;0;0;0;0;0;0;0;0;0;0;0;0;0;0;0;0
FR;6;2021-07-12;0;0;0;0;0;0;0;0;0;0;0;0;0;0;0;0;0;0
FR;6;2021-07-13;0;0;0;0;0;0;0;0;0;0;0;0;0;0;0;0;0;0
FR;6;2021-07-14;0;0;0;0;0;0;0;0;0;0;0;0;0;0;0;0;0;0
FR;6;2021-07-15;0;0;0;0;0;0;0;0;0;0;0;0;0;0;0;0;0;0
FR;6;2021-07-16;0;0;0;0;0;0;0;0;0;0;0;0;0;0;0;0;0;0
FR;6;2021-07-17;0;0;0;0;0;0;0;0;0;0;0;0;0;0;0;0;0;0
FR;6;2021-07-18;0;0;0;0;0;0;0;0;0;0;0;0;0;0;0;0;0;0
FR;6;2021-07-19;0;0;0;0;0;0;0;0;0;0;0;0;0;0;0;0;0;0
FR;6;2021-07-20;0;0;0;0;0;0;0;0;0;0;0;0;0;0;0;0;0;0
FR;6;2021-07-21;0;0;0;0;0;0;0;0;0;0;0;0;0;0;0;0;0;0
FR;6;2021-07-22;0;0;0;0;0;0;0;0;0;0;0;0;0;0;0;0;0;0
FR;6;2021-07-23;0;0;0;0;0;0;0;0;0;0;0;0;0;0;0;0;0;0
FR;6;2021-07-24;0;0;0;0;0;0;0;0;0;0;0;0;0;0;0;0;0;0
FR;6;2021-07-25;0;0;0;0;0;0;0;0;0;0;0;0;0;0;0;0;0;0
FR;6;2021-07-26;0;0;0;0;0;0;0;0;0;0;0;0;0;0;0;0;0;0
FR;6;2021-07-27;0;0;0;0;0;0;0;0;0;0;0;0;0;0;0;0;0;0
FR;6;2021-07-28;0;0;0;0;0;0;0;0;0;0;0;0;0;0;0;0;0;0
FR;6;2021-07-29;0;0;0;0;0;0;0;0;0;0;0;0;0;0;0;0;0;0
FR;6;2021-07-30;0;0;0;0;0;0;0;0;0;0;0;0;0;0;0;0;0;0
FR;6;2021-07-31;0;0;0;0;0;0;0;0;0;0;0;0;0;0;0;0;0;0
FR;6;2021-08-01;0;0;0;0;0;0;0;0;0;0;0;0;0;0;0;0;0;0
FR;6;2021-08-02;0;0;0;0;0;0;0;0;0;0;0;0;0;0;0;0;0;0
FR;6;2021-08-03;0;0;0;0;0;0;0;0;0;0;0;0;0;0;0;0;0;0
FR;6;2021-08-04;0;0;0;0;0;0;0;0;0;0;0;0;0;0;0;0;0;0
FR;6;2021-08-05;0;0;0;0;0;0;0;0;0;0;0;0;0;0;0;0;0;0
FR;6;2021-08-06;0;0;0;0;0;0;0;0;0;0;0;0;0;0;0;0;0;0
FR;6;2021-08-07;0;0;0;0;0;0;0;0;0;0;0;0;0;0;0;0;0;0
FR;6;2021-08-08;0;0;0;0;0;0;0;0;0;0;0;0;0;0;0;0;0;0
FR;6;2021-08-09;0;0;0;0;0;0;0;0;0;0;0;0;0;0;0;0;0;0
FR;6;2021-08-10;0;0;0;0;0;0;0;0;0;0;0;0;0;0;0;0;0;0
FR;6;2021-08-11;0;0;0;0;0;0;0;0;0;0;0;0;0;0;0;0;0;0
FR;6;2021-08-12;0;0;0;0;0;0;0;0;0;0;0;0;0;0;0;0;0;0
FR;6;2021-08-13;0;0;0;0;0;0;0;0;0;0;0;0;0;0;0;0;0;0
FR;6;2021-08-14;0;0;0;0;0;0;0;0;0;0;0;0;0;0;0;0;0;0
FR;6;2021-08-15;0;0;0;0;0;0;0;0;0;0;0;0;0;0;0;0;0;0
FR;6;2021-08-16;0;0;0;0;0;0;0;0;0;0;0;0;0;0;0;0;0;0
FR;6;2021-08-17;0;0;0;0;0;0;0;0;0;0;0;0;0;0;0;0;0;0
FR;6;2021-08-18;0;0;0;0;0;0;0;0;0;0;0;0;0;0;0;0;0;0
FR;6;2021-08-19;0;0;0;0;0;0;0;0;0;0;0;0;0;0;0;0;0;0
FR;6;2021-08-20;0;0;0;0;0;0;0;0;0;0;0;0;0;0;0;0;0;0
FR;6;2021-08-21;0;0;0;0;0;0;0;0;0;0;0;0;0;0;0;0;0;0
FR;6;2021-08-22;0;0;0;0;0;0;0;0;0;0;0;0;0;0;0;0;0;0
FR;6;2021-08-23;0;0;0;0;0;0;0;0;0;0;0;0;0;0;0;0;0;0
FR;6;2021-08-24;0;0;0;0;0;0;0;0;0;0;0;0;0;0;0;0;0;0
FR;6;2021-08-25;0;0;0;0;0;0;0;0;0;0;0;0;0;0;0;0;0;0
FR;6;2021-08-26;0;0;0;0;0;0;0;0;0;0;0;0;0;0;0;0;0;0
FR;6;2021-08-27;0;0;0;0;0;0;0;0;0;0;0;0;0;0;0;0;0;0
FR;6;2021-08-28;0;0;0;0;0;0;0;0;0;0;0;0;0;0;0;0;0;0
FR;6;2021-08-29;0;0;0;0;0;0;0;0;0;0;0;0;0;0;0;0;0;0
FR;6;2021-08-30;0;0;0;0;0;0;0;0;0;0;0;0;0;0;0;0;0;0
FR;6;2021-08-31;0;0;0;0;0;0;0;0;0;0;0;0;0;0;0;0;0;0
FR;6;2021-09-01;0;0;0;0;0;0;0;0;0;0;0;0;0;0;0;0;0;0
FR;6;2021-09-02;0;0;0;0;0;0;0;0;0;0;0;0;0;0;0;0;0;0
FR;6;2021-09-03;0;0;0;0;0;0;0;0;0;0;0;0;0;0;0;0;0;0
FR;6;2021-09-04;0;0;0;0;0;0;0;0;0;0;0;0;0;0;0;0;0;0
FR;6;2021-09-05;0;0;0;0;0;0;0;0;0;0;0;0;0;0;0;0;0;0
FR;6;2021-09-06;0;0;0;0;0;0;0;0;0;0;0;0;0;0;0;0;0;0
FR;6;2021-09-07;0;0;0;0;0;0;0;0;0;0;0;0;0;0;0;0;0;0
FR;6;2021-09-08;0;0;0;0;0;0;0;0;0;0;0;0;0;0;0;0;0;0
FR;6;2021-09-09;0;0;0;0;0;0;0;0;0;0;0;0;0;0;0;0;0;0
FR;6;2021-09-10;0;0;0;0;0;0;0;0;0;0;0;0;0;0;0;0;0;0
FR;6;2021-09-11;0;0;0;0;0;0;0;0;0;0;0;0;0;0;0;0;0;0
FR;6;2021-09-12;0;0;0;0;0;0;0;0;0;0;0;0;0;0;0;0;0;0
FR;6;2021-09-13;0;0;0;0;0;0;0;0;0;0;0;0;0;0;0;0;0;0
FR;6;2021-09-14;0;0;0;0;0;0;0;0;0;0;0;0;0;0;0;0;0;0
FR;6;2021-09-15;0;0;0;0;0;0;0;0;0;0;0;0;0;0;0;0;0;0
FR;6;2021-09-16;0;0;0;0;0;0;0;0;0;0;0;0;0;0;0;0;0;0
FR;6;2021-09-17;0;0;0;0;0;0;0;0;0;0;0;0;0;0;0;0;0;0
FR;6;2021-09-18;0;0;0;0;0;0;0;0;0;0;0;0;0;0;0;0;0;0
FR;6;2021-09-19;0;0;0;0;0;0;0;0;0;0;0;0;0;0;0;0;0;0
FR;6;2021-09-20;0;0;0;0;0;0;0;0;0;0;0;0;0;0;0;0;0;0
FR;6;2021-09-21;0;0;0;0;0;0;0;0;0;0;0;0;0;0;0;0;0;0
FR;6;2021-09-22;0;0;0;0;0;0;0;0;0;0;0;0;0;0;0;0;0;0
FR;6;2021-09-23;0;0;0;0;0;0;0;0;0;0;0;0;0;0;0;0;0;0
FR;6;2021-09-24;0;0;0;0;0;0;0;0;0;0;0;0;0;0;0;0;0;0
FR;6;2021-09-25;0;0;0;0;0;0;0;0;0;0;0;0;0;0;0;0;0;0
FR;6;2021-09-26;0;0;0;0;0;0;0;0;0;0;0;0;0;0;0;0;0;0
FR;6;2021-09-27;0;0;0;0;0;0;0;0;0;0;0;0;0;0;0;0;0;0
FR;6;2021-09-28;0;0;0;0;0;0;0;0;0;0;0;0;0;0;0;0;0;0
FR;6;2021-09-29;0;0;0;0;0;0;0;0;0;0;0;0;0;0;0;0;0;0
FR;6;2021-09-30;0;0;0;0;0;0;0;0;0;0;0;0;0;0;0;0;0;0
FR;6;2021-10-01;0;0;0;0;0;0;0;0;0;0;0;0;0;0;0;0;0;0
FR;6;2021-10-02;0;0;0;0;0;0;0;0;0;0;0;0;0;0;0;0;0;0
FR;6;2021-10-03;0;0;0;0;0;0;0;0;0;0;0;0;0;0;0;0;0;0
FR;6;2021-10-04;0;0;0;0;0;0;0;0;0;0;0;0;0;0;0;0;0;0
FR;6;2021-10-05;0;0;0;0;0;0;0;0;0;0;0;0;0;0;0;0;0;0
FR;6;2021-10-06;0;0;0;0;0;0;0;0;0;0;0;0;0;0;0;0;0;0
FR;6;2021-10-07;0;0;0;0;0;0;0;0;0;0;0;0;0;0;0;0;0;0
FR;6;2021-10-08;0;0;0;0;0;0;0;0;0;0;0;0;0;0;0;0;0;0
FR;6;2021-10-09;0;0;0;0;0;0;0;0;0;0;0;0;0;0;0;0;0;0
FR;6;2021-10-10;0;0;0;0;0;0;0;0;0;0;0;0;0;0;0;0;0;0
FR;6;2021-10-11;0;0;0;0;0;0;0;0;0;0;0;0;0;0;0;0;0;0
FR;6;2021-10-12;0;0;0;0;0;0;0;0;0;0;0;0;0;0;0;0;0;0
FR;6;2021-10-13;0;0;0;0;0;0;0;0;0;0;0;0;0;0;0;0;0;0
FR;6;2021-10-14;0;0;0;0;0;0;0;0;0;0;0;0;0;0;0;0;0;0
FR;6;2021-10-15;0;0;0;0;0;0;0;0;0;0;0;0;0;0;0;0;0;0
FR;6;2021-10-16;0;0;0;0;0;0;0;0;0;0;0;0;0;0;0;0;0;0
FR;6;2021-10-17;0;0;0;0;0;0;0;0;0;0;0;0;0;0;0;0;0;0
FR;6;2021-10-18;0;0;0;0;0;0;0;0;0;0;0;0;0;0;0;0;0;0
FR;6;2021-10-19;0;0;0;0;0;0;0;0;0;0;0;0;0;0;0;0;0;0
FR;6;2021-10-20;0;0;0;0;0;0;0;0;0;0;0;0;0;0;0;0;0;0
FR;6;2021-10-21;0;0;0;0;0;0;0;0;0;0;0;0;0;0;0;0;0;0
FR;6;2021-10-22;0;0;0;0;0;0;0;0;0;0;0;0;0;0;0;0;0;0
FR;6;2021-10-23;0;0;0;0;0;0;0;0;0;0;0;0;0;0;0;0;0;0
FR;6;2021-10-24;0;0;0;0;0;0;0;0;0;0;0;0;0;0;0;0;0;0
FR;6;2021-10-25;0;0;0;0;0;0;0;0;0;0;0;0;0;0;0;0;0;0
FR;6;2021-10-26;0;0;0;0;0;0;0;0;0;0;0;0;0;0;0;0;0;0
FR;6;2021-10-27;0;0;0;0;0;0;0;0;0;0;0;0;0;0;0;0;0;0
FR;6;2021-10-28;0;0;0;0;0;0;0;0;0;0;0;0;0;0;0;0;0;0
FR;6;2021-10-29;0;0;0;0;0;0;0;0;0;0;0;0;0;0;0;0;0;0
FR;6;2021-10-30;0;0;0;0;0;0;0;0;0;0;0;0;0;0;0;0;0;0
FR;6;2021-10-31;0;0;0;0;0;0;0;0;0;0;0;0;0;0;0;0;0;0
FR;6;2021-11-01;0;0;0;0;0;0;0;0;0;0;0;0;0;0;0;0;0;0
FR;6;2021-11-02;0;0;0;0;0;0;0;0;0;0;0;0;0;0;0;0;0;0
FR;6;2021-11-03;0;0;0;0;0;0;0;0;0;0;0;0;0;0;0;0;0;0
FR;6;2021-11-04;0;0;0;0;0;0;0;0;0;0;0;0;0;0;0;0;0;0
FR;6;2021-11-05;0;0;0;0;0;0;0;0;0;0;0;0;0;0;0;0;0;0
FR;6;2021-11-06;0;0;0;0;0;0;0;0;0;0;0;0;0;0;0;0;0;0
FR;6;2021-11-07;0;0;0;0;0;0;0;0;0;0;0;0;0;0;0;0;0;0
FR;6;2021-11-08;0;0;0;0;0;0;0;0;0;0;0;0;0;0;0;0;0;0
FR;6;2021-11-09;0;0;0;0;0;0;0;0;0;0;0;0;0;0;0;0;0;0
FR;6;2021-11-10;0;0;0;0;0;0;0;0;0;0;0;0;0;0;0;0;0;0
FR;6;2021-11-11;0;0;0;0;0;0;0;0;0;0;0;0;0;0;0;0;0;0
FR;6;2021-11-12;0;0;0;0;0;0;0;0;0;0;0;0;0;0;0;0;0;0
FR;6;2021-11-13;0;0;0;0;0;0;0;0;0;0;0;0;0;0;0;0;0;0
FR;6;2021-11-14;0;0;0;0;0;0;0;0;0;0;0;0;0;0;0;0;0;0
FR;6;2021-11-15;0;0;0;0;0;0;0;0;0;0;0;0;0;0;0;0;0;0
FR;6;2021-11-16;0;0;0;0;0;0;0;0;0;0;0;0;0;0;0;0;0;0
FR;6;2021-11-17;0;0;0;0;0;0;0;0;0;0;0;0;0;0;0;0;0;0
FR;6;2021-11-18;0;0;0;0;0;0;0;0;0;0;0;0;0;0;0;0;0;0
FR;6;2021-11-19;0;0;0;0;0;0;0;0;0;0;0;0;0;0;0;0;0;0
FR;6;2021-11-20;0;0;0;0;0;0;0;0;0;0;0;0;0;0;0;0;0;0
FR;6;2021-11-21;0;0;0;0;0;0;0;0;0;0;0;0;0;0;0;0;0;0
FR;6;2021-11-22;0;0;0;0;0;0;0;0;0;0;0;0;0;0;0;0;0;0
FR;6;2021-11-23;0;0;0;0;0;0;0;0;0;0;0;0;0;0;0;0;0;0
FR;6;2021-11-24;0;0;0;0;0;0;0;0;0;0;0;0;0;0;0;0;0;0
FR;6;2021-11-25;0;0;0;0;0;0;0;0;0;0;0;0;0;0;0;0;0;0
FR;6;2021-11-26;0;0;0;0;0;0;0;0;0;0;0;0;0;0;0;0;0;0
FR;6;2021-11-27;0;0;0;0;0;0;0;0;0;0;0;0;0;0;0;0;0;0
FR;6;2021-11-28;0;0;0;0;0;0;0;0;0;0;0;0;0;0;0;0;0;0
FR;6;2021-11-29;0;0;0;0;0;0;0;0;0;0;0;0;0;0;0;0;0;0
FR;6;2021-11-30;0;0;0;0;0;0;0;0;0;0;0;0;0;0;0;0;0;0
FR;6;2021-12-01;0;0;0;0;0;0;0;0;0;0;0;0;0;0;0;0;0;0
FR;6;2021-12-02;0;0;0;0;0;0;0;0;0;0;0;0;0;0;0;0;0;0
FR;6;2021-12-03;0;0;0;0;0;0;0;0;0;0;0;0;0;0;0;0;0;0
FR;6;2021-12-04;0;0;0;0;0;0;0;0;0;0;0;0;0;0;0;0;0;0
FR;6;2021-12-05;0;0;0;0;0;0;0;0;0;0;0;0;0;0;0;0;0;0
FR;6;2021-12-06;0;0;0;0;0;0;0;0;0;0;0;0;0;0;0;0;0;0
FR;6;2021-12-07;0;0;0;0;0;0;0;0;0;0;0;0;0;0;0;0;0;0
FR;6;2021-12-08;0;0;0;0;0;0;0;0;0;0;0;0;0;0;0;0;0;0
FR;6;2021-12-09;0;0;0;0;0;0;0;0;0;0;0;0;0;0;0;0;0;0
FR;6;2021-12-10;0;0;0;0;0;0;0;0;0;0;0;0;0;0;0;0;0;0
FR;6;2021-12-11;0;0;0;0;0;0;0;0;0;0;0;0;0;0;0;0;0;0
FR;6;2021-12-12;0;0;0;0;0;0;0;0;0;0;0;0;0;0;0;0;0;0
FR;6;2021-12-13;0;0;0;0;0;0;0;0;0;0;0;0;0;0;0;0;0;0
FR;6;2021-12-14;0;0;0;0;0;0;0;0;0;0;0;0;0;0;0;0;0;0
FR;6;2021-12-15;0;0;0;0;0;0;0;0;0;0;0;0;0;0;0;0;0;0
FR;6;2021-12-16;0;0;0;0;0;0;0;0;0;0;0;0;0;0;0;0;0;0
FR;6;2021-12-17;0;0;0;0;0;0;0;0;0;0;0;0;0;0;0;0;0;0
FR;6;2021-12-18;0;0;0;0;0;0;0;0;0;0;0;0;0;0;0;0;0;0
FR;6;2021-12-19;0;0;0;0;0;0;0;0;0;0;0;0;0;0;0;0;0;0
FR;6;2021-12-20;0;0;0;0;0;0;0;0;0;0;0;0;0;0;0;0;0;0
FR;6;2021-12-21;0;0;0;0;0;0;0;0;0;0;0;0;0;0;0;0;0;0
FR;6;2021-12-22;0;0;0;0;0;0;0;0;0;0;0;0;0;0;0;0;0;0
FR;6;2021-12-23;0;0;0;0;0;0;0;0;0;0;0;0;0;0;0;0;0;0
FR;6;2021-12-24;0;0;0;0;0;0;0;0;0;0;0;0;0;0;0;0;0;0
FR;6;2021-12-25;0;0;0;0;0;0;0;0;0;0;0;0;0;0;0;0;0;0
FR;6;2021-12-26;0;0;0;0;0;0;0;0;0;0;0;0;0;0;0;0;0;0
FR;6;2021-12-27;0;0;0;0;0;0;0;0;0;0;0;0;0;0;0;0;0;0
FR;6;2021-12-28;0;0;0;0;0;0;0;0;0;0;0;0;0;0;0;0;0;0
FR;6;2021-12-29;0;0;0;0;0;0;0;0;0;0;0;0;0;0;0;0;0;0
FR;6;2021-12-30;0;0;0;0;0;0;0;0;0;0;0;0;0;0;0;0;0;0
FR;6;2021-12-31;0;0;0;0;0;0;0;0;0;0;0;0;0;0;0;0;0;0
FR;6;2022-01-01;0;0;0;0;0;0;0;0;0;0;0;0;0;0;0;0;0;0
FR;6;2022-01-02;0;0;0;0;0;0;0;0;0;0;0;0;0;0;0;0;0;0
FR;6;2022-01-03;0;0;0;0;0;0;0;0;0;0;0;0;0;0;0;0;0;0
FR;6;2022-01-04;0;0;0;0;0;0;0;0;0;0;0;0;0;0;0;0;0;0
FR;6;2022-01-05;0;0;0;0;0;0;0;0;0;0;0;0;0;0;0;0;0;0
FR;6;2022-01-06;0;0;0;0;0;0;0;0;0;0;0;0;0;0;0;0;0;0
FR;6;2022-01-07;0;0;0;0;0;0;0;0;0;0;0;0;0;0;0;0;0;0
FR;6;2022-01-08;0;0;0;0;0;0;0;0;0;0;0;0;0;0;0;0;0;0
FR;6;2022-01-09;0;0;0;0;0;0;0;0;0;0;0;0;0;0;0;0;0;0
FR;6;2022-01-10;0;0;0;0;0;0;0;0;0;0;0;0;0;0;0;0;0;0
FR;6;2022-01-11;0;0;0;0;0;0;0;0;0;0;0;0;0;0;0;0;0;0
FR;6;2022-01-12;0;0;0;0;0;0;0;0;0;0;0;0;0;0;0;0;0;0
FR;6;2022-01-13;0;0;0;0;0;0;0;0;0;0;0;0;0;0;0;0;0;0
FR;6;2022-01-14;0;0;0;0;0;0;0;0;0;0;0;0;0;0;0;0;0;0
FR;6;2022-01-15;0;0;0;0;0;0;0;0;0;0;0;0;0;0;0;0;0;0
FR;6;2022-01-16;0;0;0;0;0;0;0;0;0;0;0;0;0;0;0;0;0;0
FR;6;2022-01-17;0;0;0;0;0;0;0;0;0;0;0;0;0;0;0;0;0;0
FR;6;2022-01-18;0;0;0;0;0;0;0;0;0;0;0;0;0;0;0;0;0;0
FR;6;2022-01-19;0;0;0;0;0;0;0;0;0;0;0;0;0;0;0;0;0;0
FR;6;2022-01-20;0;0;0;0;0;0;0;0;0;0;0;0;0;0;0;0;0;0
FR;6;2022-01-21;0;0;0;0;0;0;0;0;0;0;0;0;0;0;0;0;0;0
FR;6;2022-01-22;0;0;0;0;0;0;0;0;0;0;0;0;0;0;0;0;0;0
FR;6;2022-01-23;0;0;0;0;0;0;0;0;0;0;0;0;0;0;0;0;0;0
FR;6;2022-01-24;0;0;0;0;0;0;0;0;0;0;0;0;0;0;0;0;0;0
FR;6;2022-01-25;0;0;0;0;0;0;0;0;0;0;0;0;0;0;0;0;0;0
FR;6;2022-01-26;0;0;0;0;0;0;0;0;0;0;0;0;0;0;0;0;0;0
FR;6;2022-01-27;0;0;0;0;0;0;0;0;0;0;0;0;0;0;0;0;0;0
FR;6;2022-01-28;0;0;0;0;0;0;0;0;0;0;0;0;0;0;0;0;0;0
FR;6;2022-01-29;0;0;0;0;0;0;0;0;0;0;0;0;0;0;0;0;0;0
FR;6;2022-01-30;0;0;0;0;0;0;0;0;0;0;0;0;0;0;0;0;0;0
FR;6;2022-01-31;0;0;0;0;0;0;0;0;0;0;0;0;0;0;0;0;0;0
FR;6;2022-02-01;0;0;0;0;0;0;0;0;0;0;0;0;0;0;0;0;0;0
FR;6;2022-02-02;0;0;0;0;0;0;0;0;0;0;0;0;0;0;0;0;0;0
FR;6;2022-02-03;0;0;0;0;0;0;0;0;0;0;0;0;0;0;0;0;0;0
FR;6;2022-02-04;0;0;0;0;0;0;0;0;0;0;0;0;0;0;0;0;0;0
FR;6;2022-02-05;0;0;0;0;0;0;0;0;0;0;0;0;0;0;0;0;0;0
FR;6;2022-02-06;0;0;0;0;0;0;0;0;0;0;0;0;0;0;0;0;0;0
FR;6;2022-02-07;0;0;0;0;0;0;0;0;0;0;0;0;0;0;0;0;0;0
FR;6;2022-02-08;0;0;0;0;0;0;0;0;0;0;0;0;0;0;0;0;0;0
FR;6;2022-02-09;0;0;0;0;0;0;0;0;0;0;0;0;0;0;0;0;0;0
FR;6;2022-02-10;0;0;0;0;0;0;0;0;0;0;0;0;0;0;0;0;0;0
FR;6;2022-02-11;0;0;0;0;0;0;0;0;0;0;0;0;0;0;0;0;0;0
FR;6;2022-02-12;0;0;0;0;0;0;0;0;0;0;0;0;0;0;0;0;0;0
FR;6;2022-02-13;0;0;0;0;0;0;0;0;0;0;0;0;0;0;0;0;0;0
FR;6;2022-02-14;0;0;0;0;0;0;0;0;0;0;0;0;0;0;0;0;0;0
FR;6;2022-02-15;0;0;0;0;0;0;0;0;0;0;0;0;0;0;0;0;0;0
FR;6;2022-02-16;0;0;0;0;0;0;0;0;0;0;0;0;0;0;0;0;0;0
FR;6;2022-02-17;0;0;0;0;0;0;0;0;0;0;0;0;0;0;0;0;0;0
FR;6;2022-02-18;0;0;0;0;0;0;0;0;0;0;0;0;0;0;0;0;0;0
FR;6;2022-02-19;0;0;0;0;0;0;0;0;0;0;0;0;0;0;0;0;0;0
FR;6;2022-02-20;0;0;0;0;0;0;0;0;0;0;0;0;0;0;0;0;0;0
FR;6;2022-02-21;0;0;0;0;0;0;0;0;0;0;0;0;0;0;0;0;0;0
FR;6;2022-02-22;0;0;0;0;0;0;0;0;0;0;0;0;0;0;0;0;0;0
FR;6;2022-02-23;0;0;0;0;0;0;0;0;0;0;0;0;0;0;0;0;0;0
FR;6;2022-02-24;0;0;0;0;0;0;0;0;0;0;0;0;0;0;0;0;0;0
FR;6;2022-02-25;0;0;0;0;0;0;0;0;0;0;0;0;0;0;0;0;0;0
FR;6;2022-02-26;1;0;0;0;0;0;0;0;0;1;0;0;0;0;0;0;0;0
FR;6;2022-02-27;1;0;0;0;1;0;0;0;0;2;0;0;0;1;0;0;0;0
FR;6;2022-02-28;0;0;0;0;0;0;0;0;0;2;0;0;0;1;0;0;0;0
FR;6;2022-03-01;3;0;0;0;0;0;0;0;0;5;0;0;0;1;0;0;0;0
FR;6;2022-03-02;97;9;2;0;15;7;0;0;0;102;9;2;0;16;7;0;0;0
FR;6;2022-03-03;0;0;0;0;0;0;0;0;0;102;9;2;0;16;7;0;0;0
FR;6;2022-03-04;92;4;0;0;8;4;0;0;0;194;13;2;0;24;11;0;0;0
FR;6;2022-03-05;391;23;2;0;60;14;0;0;0;585;36;4;0;84;25;0;0;0
FR;6;2022-03-06;7;1;0;0;2;0;0;0;0;592;37;4;0;86;25;0;0;0
FR;6;2022-03-07;337;19;0;0;51;13;0;0;0;929;56;4;0;137;38;0;0;0
FR;6;2022-03-08;230;14;0;0;47;5;0;0;0;1159;70;4;0;184;43;0;0;0
FR;6;2022-03-09;519;29;2;0;84;21;1;0;0;1678;99;6;0;268;64;1;0;0
FR;6;2022-03-10;206;19;0;1;54;12;1;0;0;1884;118;6;1;322;76;2;0;0
FR;6;2022-03-11;331;22;6;0;53;21;0;0;0;2215;140;12;1;375;97;2;0;0
FR;6;2022-03-12;518;25;1;0;83;20;0;0;0;2733;165;13;1;458;117;2;0;0
FR;6;2022-03-13;40;2;0;0;2;1;0;0;0;2773;167;13;1;460;118;2;0;0
FR;6;2022-03-14;201;4;2;0;39;3;1;0;0;2974;171;15;1;499;121;3;0;0
FR;6;2022-03-15;112;11;2;0;28;9;0;0;0;3086;182;17;1;527;130;3;0;0
FR;6;2022-03-16;310;17;2;1;49;15;1;0;0;3396;199;19;2;576;145;4;0;0
FR;6;2022-03-17;117;6;1;2;14;4;2;0;0;3513;205;20;4;590;149;6;0;0
FR;6;2022-03-18;215;10;0;0;40;6;0;0;0;3728;215;20;4;630;155;6;0;0
FR;6;2022-03-19;307;19;2;0;90;9;0;0;0;4035;234;22;4;720;164;6;0;0
FR;6;2022-03-20;15;5;0;0;5;1;0;0;0;4050;239;22;4;725;165;6;0;0
FR;6;2022-03-21;132;23;1;0;47;4;0;0;0;4182;262;23;4;772;169;6;0;0
FR;6;2022-03-22;97;15;0;0;34;4;0;0;0;4279;277;23;4;806;173;6;0;0
FR;6;2022-03-23;226;108;3;0;155;14;1;0;0;4505;385;26;4;961;187;7;0;0
FR;6;2022-03-24;100;15;1;3;32;4;3;0;0;4605;400;27;7;993;191;10;0;0
FR;6;2022-03-25;203;141;2;1;179;15;2;0;0;4808;541;29;8;1172;206;12;0;0
FR;6;2022-03-26;331;295;7;1;385;19;1;0;0;5139;836;36;9;1557;225;13;0;0
FR;6;2022-03-27;32;30;1;0;37;1;1;0;0;5171;866;37;9;1594;226;14;0;0
FR;6;2022-03-28;201;208;8;1;234;17;3;0;0;5372;1074;45;10;1828;243;17;0;0
FR;6;2022-03-29;124;189;12;2;206;12;9;0;0;5496;1263;57;12;2034;255;26;0;0
FR;6;2022-03-30;305;476;10;2;548;22;6;0;0;5801;1739;67;14;2582;277;32;0;0
FR;6;2022-03-31;123;140;10;0;160;14;5;0;0;5924;1879;77;14;2742;291;37;0;0
FR;6;2022-04-01;195;150;11;2;178;23;3;0;0;6119;2029;88;16;2920;314;40;0;0
FR;6;2022-04-02;206;241;9;1;280;13;8;0;0;6325;2270;97;17;3200;327;48;0;0
FR;6;2022-04-03;17;21;0;0;26;1;0;0;0;6342;2291;97;17;3226;328;48;0;0
FR;6;2022-04-04;137;114;6;1;131;9;5;0;0;6479;2405;103;18;3357;337;53;0;0
FR;6;2022-04-05;146;88;15;1;105;11;8;0;0;6625;2493;118;19;3462;348;61;0;0
FR;6;2022-04-06;204;245;22;26;291;27;33;0;0;6829;2738;140;45;3753;375;94;0;0
FR;6;2022-04-07;127;96;15;9;115;17;14;0;0;6956;2834;155;54;3868;392;108;0;0
FR;6;2022-04-08;199;171;16;3;214;17;9;0;1;7155;3005;171;57;4082;409;117;0;1
FR;6;2022-04-09;145;139;6;12;171;13;4;0;0;7300;3144;177;69;4253;422;121;0;1
FR;6;2022-04-10;11;20;3;0;26;1;3;0;0;7311;3164;180;69;4279;423;124;0;1
FR;6;2022-04-11;101;106;4;0;129;5;3;0;0;7412;3270;184;69;4408;428;127;0;1
FR;6;2022-04-12;136;75;5;8;114;10;10;0;0;7548;3345;189;77;4522;438;137;0;1
FR;6;2022-04-13;162;175;7;5;208;13;8;0;0;7710;3520;196;82;4730;451;145;0;1
FR;6;2022-04-14;100;103;5;10;121;8;10;0;0;7810;3623;201;92;4851;459;155;0;1
FR;6;2022-04-15;158;149;11;7;167;19;14;0;1;7968;3772;212;99;5018;478;169;0;2
FR;6;2022-04-16;127;132;5;0;162;14;2;0;0;8095;3904;217;99;5180;492;171;0;2
FR;6;2022-04-17;8;9;4;0;10;4;0;0;0;8103;3913;221;99;5190;496;171;0;2
FR;6;2022-04-18;8;15;3;0;14;4;0;0;0;8111;3928;224;99;5204;500;171;0;2
FR;6;2022-04-19;97;112;4;3;130;3;7;0;0;8208;4040;228;102;5334;503;178;0;2
FR;6;2022-04-20;177;227;8;7;269;15;3;0;0;8385;4267;236;109;5603;518;181;0;2
FR;6;2022-04-21;111;93;8;4;110;11;7;0;0;8496;4360;244;113;5713;529;188;0;2
FR;6;2022-04-22;139;160;13;12;189;13;13;0;0;8635;4520;257;125;5902;542;201;0;2
FR;6;2022-04-23;106;129;1;1;161;7;1;0;0;8741;4649;258;126;6063;549;202;0;2
FR;6;2022-04-24;5;21;1;0;22;0;1;0;0;8746;4670;259;126;6085;549;203;0;2
FR;6;2022-04-25;90;128;3;8;151;11;9;0;0;8836;4798;262;134;6236;560;212;0;2
FR;6;2022-04-26;101;128;19;2;151;17;13;0;0;8937;4926;281;136;6387;577;225;0;2
FR;6;2022-04-27;197;159;21;1;222;27;11;0;1;9134;5085;302;137;6609;604;236;0;3
FR;6;2022-04-28;109;87;7;1;123;8;7;0;0;9243;5172;309;138;6732;612;243;0;3
FR;6;2022-04-29;191;169;16;2;215;20;6;0;0;9434;5341;325;140;6947;632;249;0;3
FR;6;2022-04-30;133;125;7;1;168;24;2;0;0;9567;5466;332;141;7115;656;251;0;3
FR;6;2022-05-01;7;6;0;0;8;0;0;0;0;9574;5472;332;141;7123;656;251;0;3
FR;6;2022-05-02;94;65;3;4;88;3;4;0;0;9668;5537;335;145;7211;659;255;0;3
FR;6;2022-05-03;136;93;11;2;125;7;9;0;0;9804;5630;346;147;7336;666;264;0;3
FR;6;2022-05-04;167;118;25;12;161;29;12;0;1;9971;5748;371;159;7497;695;276;0;4
FR;6;2022-05-05;101;70;8;3;97;12;6;0;0;10072;5818;379;162;7594;707;282;0;4
FR;6;2022-05-06;152;110;10;9;155;16;11;0;0;10224;5928;389;171;7749;723;293;0;4
FR;6;2022-05-07;139;93;13;3;136;23;8;0;0;10363;6021;402;174;7885;746;301;0;4
FR;6;2022-05-08;20;8;6;5;16;7;5;0;0;10383;6029;408;179;7901;753;306;0;4
FR;6;2022-05-09;86;78;9;7;95;13;6;0;0;10469;6107;417;186;7996;766;312;0;4
FR;6;2022-05-10;112;80;15;7;110;12;13;0;0;10581;6187;432;193;8106;778;325;0;4
FR;6;2022-05-11;130;124;11;14;163;20;6;0;0;10711;6311;443;207;8269;798;331;0;4
FR;6;2022-05-12;105;76;7;5;96;15;6;0;1;10816;6387;450;212;8365;813;337;0;5
FR;6;2022-05-13;155;97;17;21;137;22;16;0;0;10971;6484;467;233;8502;835;353;0;5
FR;6;2022-05-14;81;60;6;7;84;15;2;0;0;11052;6544;473;240;8586;850;355;0;5
FR;6;2022-05-15;12;7;0;0;14;0;0;0;0;11064;6551;473;240;8600;850;355;0;5
FR;6;2022-05-16;65;54;6;2;69;12;3;0;0;11129;6605;479;242;8669;862;358;0;5
FR;6;2022-05-17;123;77;5;7;92;11;8;0;0;11252;6682;484;249;8761;873;366;0;5
FR;6;2022-05-18;131;116;5;1;158;14;3;0;0;11383;6798;489;250;8919;887;369;0;5
FR;6;2022-05-19;124;57;6;8;96;9;8;0;0;11507;6855;495;258;9015;896;377;0;5
FR;6;2022-05-20;125;115;13;3;151;18;10;0;0;11632;6970;508;261;9166;914;387;0;5
FR;6;2022-05-21;92;69;14;3;93;12;8;0;0;11724;7039;522;264;9259;926;395;0;5
FR;6;2022-05-22;19;12;5;0;21;4;1;0;0;11743;7051;527;264;9280;930;396;0;5
FR;6;2022-05-23;77;72;4;2;90;7;2;0;0;11820;7123;531;266;9370;937;398;0;5
FR;6;2022-05-24;117;98;8;2;131;16;4;0;0;11937;7221;539;268;9501;953;402;0;5
FR;6;2022-05-25;140;129;6;3;171;11;6;0;0;12077;7350;545;271;9672;964;408;0;5
FR;6;2022-05-26;7;9;3;0;5;9;0;0;0;12084;7359;548;271;9677;973;408;0;5
FR;6;2022-05-27;127;105;15;11;136;18;18;0;1;12211;7464;563;282;9813;991;426;0;6
FR;6;2022-05-28;54;75;1;5;89;8;5;0;0;12265;7539;564;287;9902;999;431;0;6
FR;6;2022-05-29;8;10;0;0;10;1;0;0;0;12273;7549;564;287;9912;1000;431;0;6
FR;6;2022-05-30;70;70;7;4;86;4;9;0;0;12343;7619;571;291;9998;1004;440;0;6
FR;6;2022-05-31;87;102;10;2;121;14;7;0;0;12430;7721;581;293;10119;1018;447;0;6
FR;6;2022-06-01;97;89;10;1;111;11;6;0;0;12527;7810;591;294;10230;1029;453;0;6
FR;6;2022-06-02;91;60;6;3;80;9;6;0;0;12618;7870;597;297;10310;1038;459;0;6
FR;6;2022-06-03;126;102;13;7;128;21;8;0;0;12744;7972;610;304;10438;1059;467;0;6
FR;6;2022-06-04;63;51;10;0;64;12;3;0;0;12807;8023;620;304;10502;1071;470;0;6
FR;6;2022-06-05;16;15;2;1;18;4;1;0;0;12823;8038;622;305;10520;1075;471;0;6
FR;6;2022-06-06;9;6;0;0;8;0;0;0;0;12832;8044;622;305;10528;1075;471;0;6
FR;6;2022-06-07;79;90;3;4;117;8;6;0;0;12911;8134;625;309;10645;1083;477;0;6
FR;6;2022-06-08;92;110;13;5;130;20;6;0;0;13003;8244;638;314;10775;1103;483;0;6
FR;6;2022-06-09;75;81;15;3;106;15;8;0;0;13078;8325;653;317;10881;1118;491;0;6
FR;6;2022-06-10;116;93;26;10;120;22;13;0;0;13194;8418;679;327;11001;1140;504;0;6
FR;6;2022-06-11;83;62;6;10;82;12;11;0;0;13277;8480;685;337;11083;1152;515;0;6
FR;6;2022-06-12;6;14;1;0;16;2;0;0;0;13283;8494;686;337;11099;1154;515;0;6
FR;6;2022-06-13;74;59;18;1;68;7;4;0;0;13357;8553;704;338;11167;1161;519;0;6
FR;6;2022-06-14;98;100;8;5;116;16;8;0;0;13455;8653;712;343;11283;1177;527;0;6
FR;6;2022-06-15;80;86;7;8;114;15;10;0;0;13535;8739;719;351;11397;1192;537;0;6
FR;6;2022-06-16;53;40;11;7;45;14;6;0;0;13588;8779;730;358;11442;1206;543;0;6
FR;6;2022-06-17;86;85;3;13;109;11;5;0;0;13674;8864;733;371;11551;1217;548;0;6
FR;6;2022-06-18;71;62;13;0;88;21;1;0;0;13745;8926;746;371;11639;1238;549;0;6
FR;6;2022-06-19;6;6;3;0;7;4;1;0;0;13751;8932;749;371;11646;1242;550;0;6
FR;6;2022-06-20;42;41;4;1;55;6;1;0;0;13793;8973;753;372;11701;1248;551;0;6
FR;6;2022-06-21;59;73;10;7;83;17;7;0;0;13852;9046;763;379;11784;1265;558;0;6
FR;6;2022-06-22;86;85;8;2;98;17;3;0;0;13938;9131;771;381;11882;1282;561;0;6
FR;6;2022-06-23;64;39;13;7;41;15;10;0;0;14002;9170;784;388;11923;1297;571;0;6
FR;6;2022-06-24;77;85;7;14;95;20;16;0;0;14079;9255;791;402;12018;1317;587;0;6
FR;6;2022-06-25;67;61;4;3;77;8;5;0;0;14146;9316;795;405;12095;1325;592;0;6
FR;6;2022-06-26;6;7;1;0;10;1;0;0;0;14152;9323;796;405;12105;1326;592;0;6
FR;6;2022-06-27;51;50;4;9;62;12;7;0;0;14203;9373;800;414;12167;1338;599;0;6
FR;6;2022-06-28;68;47;6;3;53;15;5;0;0;14271;9420;806;417;12220;1353;604;0;6
FR;6;2022-06-29;98;117;26;37;115;19;35;0;5;14369;9537;832;454;12335;1372;639;0;11
FR;6;2022-06-30;84;60;33;10;61;12;7;0;0;14453;9597;865;464;12396;1384;646;0;11
FR;6;2022-07-01;115;94;25;33;102;18;27;0;1;14568;9691;890;497;12498;1402;673;0;12
FR;6;2022-07-02;58;67;26;2;64;37;6;0;0;14626;9758;916;499;12562;1439;679;0;12
FR;6;2022-07-03;11;4;4;3;5;4;3;0;0;14637;9762;920;502;12567;1443;682;0;12
FR;6;2022-07-04;61;43;3;23;55;13;20;0;0;14698;9805;923;525;12622;1456;702;0;12
FR;6;2022-07-05;65;53;19;67;60;27;63;0;0;14763;9858;942;592;12682;1483;765;0;12
FR;6;2022-07-06;94;64;7;11;78;12;17;0;0;14857;9922;949;603;12760;1495;782;0;12
FR;6;2022-07-07;99;79;42;37;99;14;34;0;4;14956;10001;991;640;12859;1509;816;0;16
FR;6;2022-07-08;139;87;42;27;115;10;25;0;3;15095;10088;1033;667;12974;1519;841;0;19
FR;6;2022-07-09;53;51;16;29;51;27;33;0;1;15148;10139;1049;696;13025;1546;874;0;20
FR;6;2022-07-10;3;7;8;0;9;9;0;0;0;15151;10146;1057;696;13034;1555;874;0;20
FR;6;2022-07-11;54;44;5;4;47;12;4;0;0;15205;10190;1062;700;13081;1567;878;0;20
FR;6;2022-07-12;70;72;12;23;87;12;27;0;0;15275;10262;1074;723;13168;1579;905;0;20
FR;6;2022-07-13;84;65;14;21;71;25;22;0;0;15359;10327;1088;744;13239;1604;927;0;20
FR;6;2022-07-14;4;3;1;0;4;1;0;0;0;15363;10330;1089;744;13243;1605;927;0;20
FR;6;2022-07-15;74;59;9;57;85;16;45;0;0;15437;10389;1098;801;13328;1621;972;0;20
FR;6;2022-07-16;27;31;17;0;37;17;3;0;0;15464;10420;1115;801;13365;1638;975;0;20
FR;6;2022-07-17;3;7;0;0;8;0;0;0;0;15467;10427;1115;801;13373;1638;975;0;20
FR;6;2022-07-18;37;62;11;14;60;15;14;0;6;15504;10489;1126;815;13433;1653;989;0;26
FR;6;2022-07-19;54;48;4;19;60;6;21;0;1;15558;10537;1130;834;13493;1659;1010;0;27
FR;6;2022-07-20;53;70;7;22;75;11;27;0;0;15611;10607;1137;856;13568;1670;1037;0;27
FR;6;2022-07-21;51;61;4;7;56;11;9;0;0;15662;10668;1141;863;13624;1681;1046;0;27
FR;6;2022-07-22;55;74;7;26;82;8;16;0;2;15717;10742;1148;889;13706;1689;1062;0;29
FR;6;2022-07-23;38;40;6;10;40;6;9;0;1;15755;10782;1154;899;13746;1695;1071;0;30
FR;6;2022-07-24;11;14;1;3;19;3;3;0;0;15766;10796;1155;902;13765;1698;1074;0;30
FR;6;2022-07-25;60;44;8;12;41;9;13;0;1;15826;10840;1163;914;13806;1707;1087;0;31
FR;6;2022-07-26;47;64;14;6;62;10;13;0;0;15873;10904;1177;920;13868;1717;1100;0;31
FR;6;2022-07-27;54;78;15;11;80;18;15;0;8;15927;10982;1192;931;13948;1735;1115;0;39
FR;6;2022-07-28;30;48;4;6;50;8;7;0;1;15957;11030;1196;937;13998;1743;1122;0;40
FR;6;2022-07-29;43;71;10;38;60;24;36;0;1;16000;11101;1206;975;14058;1767;1158;0;41
FR;6;2022-07-30;26;48;4;15;49;7;15;0;0;16026;11149;1210;990;14107;1774;1173;0;41
FR;6;2022-07-31;0;1;1;0;1;0;1;0;0;16026;11150;1211;990;14108;1774;1174;0;41
FR;6;2022-08-01;39;36;14;8;32;10;6;0;1;16065;11186;1225;998;14140;1784;1180;0;42
FR;6;2022-08-02;37;46;10;14;52;6;16;0;0;16102;11232;1235;1012;14192;1790;1196;0;42
FR;6;2022-08-03;29;52;7;16;53;11;19;0;0;16131;11284;1242;1028;14245;1801;1215;0;42
FR;6;2022-08-04;25;21;4;9;20;6;10;0;1;16156;11305;1246;1037;14265;1807;1225;0;43
FR;6;2022-08-05;43;45;1;7;54;5;7;0;0;16199;11350;1247;1044;14319;1812;1232;0;43
FR;6;2022-08-06;17;27;1;3;33;2;4;0;0;16216;11377;1248;1047;14352;1814;1236;0;43
FR;6;2022-08-07;1;2;0;0;2;0;0;0;0;16217;11379;1248;1047;14354;1814;1236;0;43
FR;6;2022-08-08;24;33;1;0;40;1;0;0;0;16241;11412;1249;1047;14394;1815;1236;0;43
FR;6;2022-08-09;22;30;6;3;29;3;3;0;0;16263;11442;1255;1050;14423;1818;1239;0;43
FR;6;2022-08-10;32;36;5;9;38;5;9;0;5;16295;11478;1260;1059;14461;1823;1248;0;48
FR;6;2022-08-11;32;33;1;1;40;1;0;0;1;16327;11511;1261;1060;14501;1824;1248;0;49
FR;6;2022-08-12;50;44;6;2;50;15;3;0;1;16377;11555;1267;1062;14551;1839;1251;0;50
FR;6;2022-08-13;9;20;0;0;22;1;0;0;0;16386;11575;1267;1062;14573;1840;1251;0;50
FR;6;2022-08-14;3;1;0;0;2;0;0;0;0;16389;11576;1267;1062;14575;1840;1251;0;50
FR;6;2022-08-15;2;3;1;0;4;0;1;0;0;16391;11579;1268;1062;14579;1840;1252;0;50
FR;6;2022-08-16;35;66;21;7;66;7;2;0;0;16426;11645;1289;1069;14645;1847;1254;0;50
FR;6;2022-08-17;32;44;10;9;41;10;6;0;7;16458;11689;1299;1078;14686;1857;1260;0;57
FR;6;2022-08-18;29;55;14;4;61;4;0;0;1;16487;11744;1313;1082;14747;1861;1260;0;58
FR;6;2022-08-19;30;45;5;4;47;3;2;0;1;16517;11789;1318;1086;14794;1864;1262;0;59
FR;6;2022-08-20;26;28;3;0;27;8;1;0;0;16543;11817;1321;1086;14821;1872;1263;0;59
FR;6;2022-08-21;1;5;2;0;5;0;0;0;0;16544;11822;1323;1086;14826;1872;1263;0;59
FR;6;2022-08-22;20;42;15;1;45;0;0;0;0;16564;11864;1338;1087;14871;1872;1263;0;59
FR;6;2022-08-23;34;45;6;7;47;6;4;0;2;16598;11909;1344;1094;14918;1878;1267;0;61
FR;6;2022-08-24;34;30;6;3;36;6;2;0;3;16632;11939;1350;1097;14954;1884;1269;0;64
FR;6;2022-08-25;25;27;1;1;29;5;1;0;0;16657;11966;1351;1098;14983;1889;1270;0;64
FR;6;2022-08-26;38;44;4;4;51;7;7;0;0;16695;12010;1355;1102;15034;1896;1277;0;64
FR;6;2022-08-27;19;21;7;3;22;8;4;0;0;16714;12031;1362;1105;15056;1904;1281;0;64
FR;6;2022-08-28;6;3;0;6;3;1;1;0;4;16720;12034;1362;1111;15059;1905;1282;0;68
FR;6;2022-08-29;26;22;2;6;29;3;6;0;0;16746;12056;1364;1117;15088;1908;1288;0;68
FR;6;2022-08-30;28;35;4;12;33;8;13;0;0;16774;12091;1368;1129;15121;1916;1301;0;68
FR;6;2022-08-31;35;38;2;11;46;3;12;0;0;16809;12129;1370;1140;15167;1919;1313;0;68
FR;6;2022-09-01;17;11;5;1;13;4;3;0;0;16826;12140;1375;1141;15180;1923;1316;0;68
FR;6;2022-09-02;19;14;2;1;13;3;2;0;0;16845;12154;1377;1142;15193;1926;1318;0;68
FR;6;2022-09-03;10;3;1;5;4;2;5;0;0;16855;12157;1378;1147;15197;1928;1323;0;68
FR;6;2022-09-04;4;1;0;0;1;0;0;0;0;16859;12158;1378;1147;15198;1928;1323;0;68
FR;6;2022-09-05;8;7;0;0;10;0;0;0;0;16867;12165;1378;1147;15208;1928;1323;0;68
FR;6;2022-09-06;7;9;7;12;8;6;15;0;0;16874;12174;1385;1159;15216;1934;1338;0;68
FR;6;2022-09-07;3;8;1;0;8;1;0;0;0;16877;12182;1386;1159;15224;1935;1338;0;68
FR;6;2022-09-08;6;4;0;2;3;1;2;0;0;16883;12186;1386;1161;15227;1936;1340;0;68
FR;6;2022-09-09;7;9;2;7;9;3;8;0;0;16890;12195;1388;1168;15236;1939;1348;0;68
FR;6;2022-09-10;3;4;1;0;3;1;1;0;0;16893;12199;1389;1168;15239;1940;1349;0;68
FR;6;2022-09-11;1;3;0;0;3;0;0;0;0;16894;12202;1389;1168;15242;1940;1349;0;68
FR;6;2022-09-12;10;4;1;0;3;3;0;0;0;16904;12206;1390;1168;15245;1943;1349;0;68
FR;6;2022-09-13;7;2;3;0;2;2;2;0;0;16911;12208;1393;1168;15247;1945;1351;0;68
FR;6;2022-09-14;9;8;2;0;7;4;0;0;0;16920;12216;1395;1168;15254;1949;1351;0;68
FR;6;2022-09-15;8;13;5;5;9;9;3;0;2;16928;12229;1400;1173;15263;1958;1354;0;70
FR;6;2022-09-16;25;39;1;1;47;4;1;0;2;16953;12268;1401;1174;15310;1962;1355;0;72
FR;6;2022-09-17;24;22;0;6;24;5;3;0;2;16977;12290;1401;1180;15334;1967;1358;0;74
FR;6;2022-09-18;5;4;0;0;4;1;0;0;0;16982;12294;1401;1180;15338;1968;1358;0;74
FR;6;2022-09-19;30;30;2;1;32;5;1;0;0;17012;12324;1403;1181;15370;1973;1359;0;74
FR;6;2022-09-20;34;25;1;4;30;6;2;0;1;17046;12349;1404;1185;15400;1979;1361;0;75
FR;6;2022-09-21;21;9;3;3;7;7;5;0;3;17067;12358;1407;1188;15407;1986;1366;0;78
FR;6;2022-09-22;19;28;1;22;32;3;21;0;1;17086;12386;1408;1210;15439;1989;1387;0;79
FR;6;2022-09-23;28;41;5;9;47;9;2;0;0;17114;12427;1413;1219;15486;1998;1389;0;79
FR;6;2022-09-24;16;16;4;2;21;6;2;0;0;17130;12443;1417;1221;15507;2004;1391;0;79
FR;6;2022-09-25;3;14;0;0;14;1;0;0;0;17133;12457;1417;1221;15521;2005;1391;0;79
FR;6;2022-09-26;16;13;0;18;12;5;18;0;2;17149;12470;1417;1239;15533;2010;1409;0;81
FR;6;2022-09-27;32;19;2;3;23;4;4;0;0;17181;12489;1419;1242;15556;2014;1413;0;81
FR;6;2022-09-28;27;10;9;11;16;5;17;0;2;17208;12499;1428;1253;15572;2019;1430;0;83
FR;6;2022-09-29;13;13;10;34;16;6;33;0;7;17221;12512;1438;1287;15588;2025;1463;0;90
FR;6;2022-09-30;34;24;5;6;33;5;3;0;0;17255;12536;1443;1293;15621;2030;1466;0;90
FR;6;2022-10-01;17;12;5;8;9;8;8;0;2;17272;12548;1448;1301;15630;2038;1474;0;92
FR;6;2022-10-02;4;0;0;0;1;0;0;0;0;17276;12548;1448;1301;15631;2038;1474;0;92
FR;6;2022-10-03;11;10;3;5;11;4;6;0;0;17287;12558;1451;1306;15642;2042;1480;0;92
FR;6;2022-10-04;19;17;4;28;21;3;30;0;3;17306;12575;1455;1334;15663;2045;1510;0;95
FR;6;2022-10-05;11;12;3;2;9;7;4;0;0;17317;12587;1458;1336;15672;2052;1514;0;95
FR;6;2022-10-06;19;13;4;6;17;2;10;0;0;17336;12600;1462;1342;15689;2054;1524;0;95
FR;6;2022-10-07;27;26;5;24;24;11;16;0;5;17363;12626;1467;1366;15713;2065;1540;0;100
FR;6;2022-10-08;18;13;0;0;16;0;0;0;0;17381;12639;1467;1366;15729;2065;1540;0;100
FR;6;2022-10-09;7;3;4;27;3;4;30;0;6;17388;12642;1471;1393;15732;2069;1570;0;106
FR;6;2022-10-10;15;14;1;16;16;6;13;0;0;17403;12656;1472;1409;15748;2075;1583;0;106
FR;6;2022-10-11;21;23;3;11;22;8;13;0;3;17424;12679;1475;1420;15770;2083;1596;0;109
FR;6;2022-10-12;20;16;7;19;18;3;24;0;7;17444;12695;1482;1439;15788;2086;1620;0;116
FR;6;2022-10-13;28;15;2;36;23;0;38;0;6;17472;12710;1484;1475;15811;2086;1658;0;122
FR;6;2022-10-14;29;23;5;49;23;11;45;0;13;17501;12733;1489;1524;15834;2097;1703;0;135
FR;6;2022-10-15;13;9;0;22;8;4;21;0;6;17514;12742;1489;1546;15842;2101;1724;0;141
FR;6;2022-10-16;4;5;0;6;2;3;6;0;0;17518;12747;1489;1552;15844;2104;1730;0;141
FR;6;2022-10-17;14;14;2;10;14;1;12;0;2;17532;12761;1491;1562;15858;2105;1742;0;143
FR;6;2022-10-18;12;19;9;26;19;4;18;0;11;17544;12780;1500;1588;15877;2109;1760;0;154
FR;6;2022-10-19;10;20;6;16;20;5;19;0;5;17554;12800;1506;1604;15897;2114;1779;0;159
FR;6;2022-10-20;16;15;12;57;19;5;67;0;13;17570;12815;1518;1661;15916;2119;1846;0;172
FR;6;2022-10-21;16;21;9;34;22;11;37;0;10;17586;12836;1527;1695;15938;2130;1883;0;182
FR;6;2022-10-22;19;14;1;4;17;3;4;0;0;17605;12850;1528;1699;15955;2133;1887;0;182
FR;6;2022-10-23;3;3;1;0;4;0;1;0;0;17608;12853;1529;1699;15959;2133;1888;0;182
FR;6;2022-10-24;12;14;2;7;14;6;5;0;2;17620;12867;1531;1706;15973;2139;1893;0;184
FR;6;2022-10-25;20;13;6;17;16;7;19;0;4;17640;12880;1537;1723;15989;2146;1912;0;188
FR;6;2022-10-26;17;9;4;13;12;4;15;0;5;17657;12889;1541;1736;16001;2150;1927;0;193
FR;6;2022-10-27;20;7;8;37;10;6;36;0;14;17677;12896;1549;1773;16011;2156;1963;0;207
FR;6;2022-10-28;21;27;3;4;28;6;5;0;1;17698;12923;1552;1777;16039;2162;1968;0;208
FR;6;2022-10-29;7;11;5;11;10;6;14;0;12;17705;12934;1557;1788;16049;2168;1982;0;220
FR;6;2022-10-30;2;5;0;0;5;0;0;0;0;17707;12939;1557;1788;16054;2168;1982;0;220
FR;6;2022-10-31;20;14;2;13;17;4;12;0;3;17727;12953;1559;1801;16071;2172;1994;0;223
FR;6;2022-11-01;2;1;1;0;1;1;0;0;0;17729;12954;1560;1801;16072;2173;1994;0;223
FR;6;2022-11-02;15;25;9;21;26;11;19;0;12;17744;12979;1569;1822;16098;2184;2013;0;235
FR;6;2022-11-03;17;17;11;39;20;8;43;0;9;17761;12996;1580;1861;16118;2192;2056;0;244
FR;6;2022-11-04;19;22;9;16;27;5;16;0;10;17780;13018;1589;1877;16145;2197;2072;0;254
FR;6;2022-11-05;9;16;2;4;17;4;6;0;0;17789;13034;1591;1881;16162;2201;2078;0;254
FR;6;2022-11-06;5;1;0;0;1;0;0;0;0;17794;13035;1591;1881;16163;2201;2078;0;254
FR;6;2022-11-07;18;10;6;17;12;4;18;0;11;17812;13045;1597;1898;16175;2205;2096;0;265
FR;6;2022-11-08;18;10;2;3;8;5;5;0;4;17830;13055;1599;1901;16183;2210;2101;0;269
FR;6;2022-11-09;16;22;1;6;21;4;5;0;4;17846;13077;1600;1907;16204;2214;2106;0;273
FR;6;2022-11-10;10;10;4;12;8;5;11;0;10;17856;13087;1604;1919;16212;2219;2117;0;283
FR;6;2022-11-11;4;1;0;0;1;1;0;0;0;17860;13088;1604;1919;16213;2220;2117;0;283
FR;6;2022-11-12;4;11;1;7;11;2;5;0;9;17864;13099;1605;1926;16224;2222;2122;0;292
FR;6;2022-11-13;1;1;0;1;1;0;1;0;0;17865;13100;1605;1927;16225;2222;2123;0;292
FR;6;2022-11-14;13;10;7;32;14;8;33;0;14;17878;13110;1612;1959;16239;2230;2156;0;306
FR;6;2022-11-15;7;18;1;11;16;4;7;0;2;17885;13128;1613;1970;16255;2234;2163;0;308
FR;6;2022-11-16;16;15;9;32;16;3;42;0;9;17901;13143;1622;2002;16271;2237;2205;0;317
FR;6;2022-11-17;10;8;1;29;8;2;28;0;5;17911;13151;1623;2031;16279;2239;2233;0;322
FR;6;2022-11-18;19;12;5;23;17;4;25;0;7;17930;13163;1628;2054;16296;2243;2258;0;329
FR;6;2022-11-19;5;13;0;2;11;3;2;0;1;17935;13176;1628;2056;16307;2246;2260;0;330
FR;6;2022-11-20;2;1;2;0;1;2;0;0;0;17937;13177;1630;2056;16308;2248;2260;0;330
FR;6;2022-11-21;22;13;1;14;14;6;11;0;3;17959;13190;1631;2070;16322;2254;2271;0;333
FR;6;2022-11-22;14;9;0;4;11;1;3;0;1;17973;13199;1631;2074;16333;2255;2274;0;334
FR;6;2022-11-23;14;15;15;23;17;9;31;0;8;17987;13214;1646;2097;16350;2264;2305;0;342
FR;6;2022-11-24;14;17;1;13;19;5;12;0;7;18001;13231;1647;2110;16369;2269;2317;0;349
FR;6;2022-11-25;23;15;5;50;15;5;47;0;5;18024;13246;1652;2160;16384;2274;2364;0;354
FR;6;2022-11-26;9;5;2;4;3;2;5;0;1;18033;13251;1654;2164;16387;2276;2369;0;355
FR;6;2022-11-27;1;4;0;0;4;0;0;0;0;18034;13255;1654;2164;16391;2276;2369;0;355
FR;6;2022-11-28;9;11;6;22;11;3;24;0;11;18043;13266;1660;2186;16402;2279;2393;0;366
FR;6;2022-11-29;15;10;1;12;14;1;8;0;7;18058;13276;1661;2198;16416;2280;2401;0;373
FR;6;2022-11-30;18;20;8;23;19;12;22;0;8;18076;13296;1669;2221;16435;2292;2423;0;381
FR;6;2022-12-01;12;9;7;20;11;4;24;0;9;18088;13305;1676;2241;16446;2296;2447;0;390
FR;6;2022-12-02;17;9;12;36;12;8;42;0;1;18105;13314;1688;2277;16458;2304;2489;0;391
FR;6;2022-12-03;13;3;13;20;6;5;28;0;13;18118;13317;1701;2297;16464;2309;2517;0;404
FR;6;2022-12-04;3;1;0;2;1;0;2;0;0;18121;13318;1701;2299;16465;2309;2519;0;404
FR;6;2022-12-05;11;10;7;16;10;4;19;0;8;18132;13328;1708;2315;16475;2313;2538;0;412
FR;6;2022-12-06;10;19;3;30;12;11;28;0;3;18142;13347;1711;2345;16487;2324;2566;0;415
FR;6;2022-12-07;17;8;10;56;10;8;57;0;30;18159;13355;1721;2401;16497;2332;2623;0;445
FR;6;2022-12-08;9;13;8;19;11;7;21;0;13;18168;13368;1729;2420;16508;2339;2644;0;458
FR;6;2022-12-09;15;9;5;29;12;4;30;0;6;18183;13377;1734;2449;16520;2343;2674;0;464
FR;6;2022-12-10;12;9;6;9;7;4;14;0;7;18195;13386;1740;2458;16527;2347;2688;0;471
FR;6;2022-12-11;4;2;1;0;2;1;0;0;0;18199;13388;1741;2458;16529;2348;2688;0;471
FR;6;2022-12-12;17;10;8;36;14;9;33;0;17;18216;13398;1749;2494;16543;2357;2721;0;488
FR;6;2022-12-13;17;21;12;66;16;18;65;0;14;18233;13419;1761;2560;16559;2375;2786;0;502
FR;6;2022-12-14;14;13;8;53;11;12;53;0;14;18247;13432;1769;2613;16570;2387;2839;0;516
FR;6;2022-12-15;12;15;14;38;13;9;44;0;9;18259;13447;1783;2651;16583;2396;2883;0;525
FR;6;2022-12-16;18;14;15;39;15;14;39;0;13;18277;13461;1798;2690;16598;2410;2922;0;538
FR;6;2022-12-17;11;10;15;28;9;15;29;0;8;18288;13471;1813;2718;16607;2425;2951;0;546
FR;6;2022-12-18;7;4;0;2;5;0;2;0;0;18295;13475;1813;2720;16612;2425;2953;0;546
FR;6;2022-12-19;12;8;9;29;8;12;29;0;15;18307;13483;1822;2749;16620;2437;2982;0;561
FR;6;2022-12-20;17;23;11;23;17;19;22;0;21;18324;13506;1833;2772;16637;2456;3004;0;582
FR;6;2022-12-21;23;16;9;19;13;13;17;0;5;18347;13522;1842;2791;16650;2469;3021;0;587
FR;6;2022-12-22;13;14;9;21;15;13;18;0;11;18360;13536;1851;2812;16665;2482;3039;0;598
FR;6;2022-12-23;10;19;12;7;14;18;7;0;3;18370;13555;1863;2819;16679;2500;3046;0;601
FR;6;2022-12-24;4;5;3;1;5;2;2;0;1;18374;13560;1866;2820;16684;2502;3048;0;602
FR;6;2022-12-25;0;0;0;0;0;0;0;0;0;18374;13560;1866;2820;16684;2502;3048;0;602
FR;6;2022-12-26;8;12;12;11;10;18;11;0;3;18382;13572;1878;2831;16694;2520;3059;0;605
FR;6;2022-12-27;16;13;15;8;11;19;8;0;0;18398;13585;1893;2839;16705;2539;3067;0;605
FR;6;2022-12-28;15;19;6;8;19;9;9;0;4;18413;13604;1899;2847;16724;2548;3076;0;609
FR;6;2022-12-29;15;12;7;8;10;9;9;0;7;18428;13616;1906;2855;16734;2557;3085;0;616
FR;6;2022-12-30;20;19;13;8;20;13;11;0;4;18448;13635;1919;2863;16754;2570;3096;0;620
FR;6;2022-12-31;5;2;6;1;4;7;1;0;1;18453;13637;1925;2864;16758;2577;3097;0;621
FR;6;2023-01-01;2;1;0;3;0;3;0;0;1;18455;13638;1925;2867;16758;2580;3097;0;622
FR;6;2023-01-02;9;14;2;3;10;7;3;0;0;18464;13652;1927;2870;16768;2587;3100;0;622
FR;6;2023-01-03;8;17;9;21;17;9;21;0;7;18472;13669;1936;2891;16785;2596;3121;0;629
FR;6;2023-01-04;9;10;4;10;9;8;6;0;14;18481;13679;1940;2901;16794;2604;3127;0;643
FR;6;2023-01-05;11;11;6;23;10;3;26;0;8;18492;13690;1946;2924;16804;2607;3153;0;651
FR;6;2023-01-06;16;24;15;30;21;17;29;0;15;18508;13714;1961;2954;16825;2624;3182;0;666
FR;6;2023-01-07;9;19;4;1;10;13;3;0;1;18517;13733;1965;2955;16835;2637;3185;0;667
FR;6;2023-01-08;2;7;4;11;6;4;11;0;3;18519;13740;1969;2966;16841;2641;3196;0;670
FR;6;2023-01-09;16;10;5;35;9;8;34;0;17;18535;13750;1974;3001;16850;2649;3230;0;687
FR;6;2023-01-10;13;15;13;23;13;10;26;0;9;18548;13765;1987;3024;16863;2659;3256;0;696
FR;6;2023-01-11;15;14;5;16;18;6;14;0;12;18563;13779;1992;3040;16881;2665;3270;0;708
FR;6;2023-01-12;7;13;2;5;10;3;5;0;12;18570;13792;1994;3045;16891;2668;3275;0;720
FR;6;2023-01-13;20;14;18;43;15;20;43;0;31;18590;13806;2012;3088;16906;2688;3318;0;751
FR;6;2023-01-14;20;8;6;2;9;9;2;0;0;18610;13814;2018;3090;16915;2697;3320;0;751
FR;6;2023-01-15;0;0;1;3;0;1;3;0;0;18610;13814;2019;3093;16915;2698;3323;0;751
FR;6;2023-01-16;22;12;2;1;10;6;3;0;2;18632;13826;2021;3094;16925;2704;3326;0;753
FR;6;2023-01-17;8;17;12;8;17;11;14;0;5;18640;13843;2033;3102;16942;2715;3340;0;758
FR;6;2023-01-18;22;15;9;7;17;10;8;0;1;18662;13858;2042;3109;16959;2725;3348;0;759
FR;6;2023-01-19;9;9;14;9;11;12;13;0;7;18671;13867;2056;3118;16970;2737;3361;0;766
FR;6;2023-01-20;17;13;9;32;15;7;34;0;27;18688;13880;2065;3150;16985;2744;3395;0;793
FR;6;2023-01-21;12;7;5;2;6;8;3;0;1;18700;13887;2070;3152;16991;2752;3398;0;794
FR;6;2023-01-22;0;0;1;1;0;1;1;0;0;18700;13887;2071;3153;16991;2753;3399;0;794
FR;6;2023-01-23;9;9;5;11;8;5;11;0;3;18709;13896;2076;3164;16999;2758;3410;0;797
FR;6;2023-01-24;14;15;15;13;15;14;18;0;6;18723;13911;2091;3177;17014;2772;3428;0;803
FR;6;2023-01-25;15;7;5;3;6;6;4;0;4;18738;13918;2096;3180;17020;2778;3432;0;807
FR;6;2023-01-26;13;15;3;11;12;8;13;0;9;18751;13933;2099;3191;17032;2786;3445;0;816
FR;6;2023-01-27;21;17;7;34;22;7;29;0;29;18772;13950;2106;3225;17054;2793;3474;0;845
FR;6;2023-01-28;15;15;7;4;17;6;5;0;1;18787;13965;2113;3229;17071;2799;3479;0;846
FR;6;2023-01-29;1;4;0;0;3;1;0;0;0;18788;13969;2113;3229;17074;2800;3479;0;846
FR;6;2023-01-30;2;15;8;4;15;8;3;0;8;18790;13984;2121;3233;17089;2808;3482;0;854
FR;6;2023-01-31;9;8;5;8;8;5;8;0;5;18799;13992;2126;3241;17097;2813;3490;0;859
FR;6;2023-02-01;20;18;4;4;17;4;8;0;4;18819;14010;2130;3245;17114;2817;3498;0;863
FR;6;2023-02-02;8;10;9;1;10;10;1;0;1;18827;14020;2139;3246;17124;2827;3499;0;864
FR;6;2023-02-03;16;15;11;18;15;11;19;0;13;18843;14035;2150;3264;17139;2838;3518;0;877
FR;6;2023-02-04;6;9;9;7;11;9;8;0;2;18849;14044;2159;3271;17150;2847;3526;0;879
FR;6;2023-02-05;0;0;0;4;0;0;4;0;0;18849;14044;2159;3275;17150;2847;3530;0;879
FR;6;2023-02-06;10;16;1;4;15;5;4;0;0;18859;14060;2160;3279;17165;2852;3534;0;879
FR;6;2023-02-07;8;9;4;8;9;7;7;0;3;18867;14069;2164;3287;17174;2859;3541;0;882
FR;6;2023-02-08;7;3;3;2;2;6;1;0;1;18874;14072;2167;3289;17176;2865;3542;0;883
FR;6;2023-02-09;6;11;1;6;8;8;2;0;2;18880;14083;2168;3295;17184;2873;3544;0;885
FR;6;2023-02-10;13;21;6;12;15;15;11;0;2;18893;14104;2174;3307;17199;2888;3555;0;887
FR;6;2023-02-11;12;8;7;4;9;3;9;0;5;18905;14112;2181;3311;17208;2891;3564;0;892
FR;6;2023-02-12;0;1;0;0;1;0;0;0;0;18905;14113;2181;3311;17209;2891;3564;0;892
FR;6;2023-02-13;5;6;0;0;6;1;0;0;0;18910;14119;2181;3311;17215;2892;3564;0;892
FR;6;2023-02-14;12;13;3;15;15;4;14;0;0;18922;14132;2184;3326;17230;2896;3578;0;892
FR;6;2023-02-15;8;11;3;2;11;2;2;0;4;18930;14143;2187;3328;17241;2898;3580;0;896
FR;6;2023-02-16;17;8;1;3;18;1;3;0;4;18947;14151;2188;3331;17259;2899;3583;0;900
FR;6;2023-02-17;9;15;3;9;12;8;9;0;5;18956;14166;2191;3340;17271;2907;3592;0;905
FR;6;2023-02-18;10;6;1;1;7;1;1;0;0;18966;14172;2192;3341;17278;2908;3593;0;905
FR;6;2023-02-19;0;0;0;0;0;0;0;0;0;18966;14172;2192;3341;17278;2908;3593;0;905
FR;6;2023-02-20;10;8;3;2;9;5;1;0;0;18976;14180;2195;3343;17287;2913;3594;0;905
FR;6;2023-02-21;9;8;8;5;6;7;8;0;1;18985;14188;2203;3348;17293;2920;3602;0;906
FR;6;2023-02-22;4;13;1;3;13;3;3;0;5;18989;14201;2204;3351;17306;2923;3605;0;911
FR;6;2023-02-23;7;11;6;2;10;6;4;0;1;18996;14212;2210;3353;17316;2929;3609;0;912
FR;6;2023-02-24;9;13;5;21;15;4;19;0;15;19005;14225;2215;3374;17331;2933;3628;0;927
FR;6;2023-02-25;4;5;1;1;6;1;1;0;0;19009;14230;2216;3375;17337;2934;3629;0;927
FR;6;2023-02-26;0;1;0;0;0;1;0;0;0;19009;14231;2216;3375;17337;2935;3629;0;927
FR;6;2023-02-27;10;8;3;1;3;9;0;0;2;19019;14239;2219;3376;17340;2944;3629;0;929
FR;6;2023-02-28;3;8;4;4;9;3;6;0;0;19022;14247;2223;3380;17349;2947;3635;0;929
FR;6;2023-03-01;6;10;3;2;10;4;2;0;0;19028;14257;2226;3382;17359;2951;3637;0;929
FR;6;2023-03-02;8;7;1;3;7;3;2;0;5;19036;14264;2227;3385;17366;2954;3639;0;934
FR;6;2023-03-03;14;12;5;7;11;9;6;0;7;19050;14276;2232;3392;17377;2963;3645;0;941
FR;6;2023-03-04;8;14;1;0;13;3;0;0;0;19058;14290;2233;3392;17390;2966;3645;0;941
FR;6;2023-03-05;4;0;0;0;0;0;0;0;0;19062;14290;2233;3392;17390;2966;3645;0;941
FR;6;2023-03-06;8;12;0;1;11;2;0;0;1;19070;14302;2233;3393;17401;2968;3645;0;942
FR;6;2023-03-07;4;6;0;1;4;3;0;0;5;19074;14308;2233;3394;17405;2971;3645;0;947
FR;6;2023-03-08;3;7;2;0;7;2;0;0;0;19077;14315;2235;3394;17412;2973;3645;0;947
FR;6;2023-03-09;7;6;0;1;6;2;1;0;0;19084;14321;2235;3395;17418;2975;3646;0;947
FR;6;2023-03-10;9;9;2;9;9;2;9;0;9;19093;14330;2237;3404;17427;2977;3655;0;956
FR;6;2023-03-11;13;12;2;0;12;2;2;0;0;19106;14342;2239;3404;17439;2979;3657;0;956
FR;6;2023-03-12;2;0;0;0;1;0;0;0;0;19108;14342;2239;3404;17440;2979;3657;0;956
FR;6;2023-03-13;7;12;4;1;13;2;1;0;2;19115;14354;2243;3405;17453;2981;3658;0;958
FR;6;2023-03-14;5;12;2;0;8;6;0;0;0;19120;14366;2245;3405;17461;2987;3658;0;958
FR;6;2023-03-15;6;4;2;3;5;3;3;0;1;19126;14370;2247;3408;17466;2990;3661;0;959
FR;6;2023-03-16;9;5;2;0;5;3;0;0;0;19135;14375;2249;3408;17471;2993;3661;0;959
FR;6;2023-03-17;10;12;5;5;8;8;5;0;3;19145;14387;2254;3413;17479;3001;3666;0;962
FR;6;2023-03-18;6;2;2;0;3;2;0;0;0;19151;14389;2256;3413;17482;3003;3666;0;962
FR;6;2023-03-19;0;0;1;0;0;0;0;0;0;19151;14389;2257;3413;17482;3003;3666;0;962
FR;6;2023-03-20;2;6;3;7;5;4;5;0;4;19153;14395;2260;3420;17487;3007;3671;0;966
FR;6;2023-03-21;2;1;5;2;1;3;4;0;0;19155;14396;2265;3422;17488;3010;3675;0;966
FR;6;2023-03-22;1;4;3;0;4;3;0;0;3;19156;14400;2268;3422;17492;3013;3675;0;969
FR;6;2023-03-23;3;4;3;2;4;3;2;0;0;19159;14404;2271;3424;17496;3016;3677;0;969
FR;6;2023-03-24;3;9;6;0;9;7;0;0;0;19162;14413;2277;3424;17505;3023;3677;0;969
FR;6;2023-03-25;10;7;0;0;9;0;0;0;0;19172;14420;2277;3424;17514;3023;3677;0;969
FR;6;2023-03-26;1;0;0;0;0;0;0;0;0;19173;14420;2277;3424;17514;3023;3677;0;969
FR;6;2023-03-27;6;9;2;2;8;4;1;0;0;19179;14429;2279;3426;17522;3027;3678;0;969
FR;6;2023-03-28;8;4;2;2;6;2;2;0;2;19187;14433;2281;3428;17528;3029;3680;0;971
FR;6;2023-03-29;4;1;2;0;1;2;0;0;0;19191;14434;2283;3428;17529;3031;3680;0;971
FR;6;2023-03-30;4;7;1;0;5;3;0;0;0;19195;14441;2284;3428;17534;3034;3680;0;971
FR;6;2023-03-31;1;3;3;3;3;3;1;0;7;19196;14444;2287;3431;17537;3037;3681;0;978
FR;6;2023-04-01;5;11;0;0;11;1;0;0;3;19201;14455;2287;3431;17548;3038;3681;0;981
FR;6;2023-04-02;0;0;0;0;0;0;0;0;0;19201;14455;2287;3431;17548;3038;3681;0;981
FR;6;2023-04-03;5;10;0;1;10;2;1;0;2;19206;14465;2287;3432;17558;3040;3682;0;983
FR;6;2023-04-04;5;10;2;4;8;3;5;0;7;19211;14475;2289;3436;17566;3043;3687;0;990
FR;6;2023-04-05;0;7;3;0;7;3;0;0;3;19211;14482;2292;3436;17573;3046;3687;0;993
FR;6;2023-04-06;3;6;4;1;3;7;1;0;2;19214;14488;2296;3437;17576;3053;3688;0;995
FR;6;2023-04-07;11;8;2;0;9;4;0;0;0;19225;14496;2298;3437;17585;3057;3688;0;995
FR;6;2023-04-08;2;1;3;0;1;3;0;0;0;19227;14497;2301;3437;17586;3060;3688;0;995
FR;6;2023-04-09;0;0;0;0;0;0;0;0;0;19227;14497;2301;3437;17586;3060;3688;0;995
FR;6;2023-04-10;0;0;0;0;0;0;0;0;0;19227;14497;2301;3437;17586;3060;3688;0;995
FR;6;2023-04-11;3;8;1;0;6;3;0;0;0;19230;14505;2302;3437;17592;3063;3688;0;995
FR;6;2023-04-12;3;4;2;0;5;2;0;0;4;19233;14509;2304;3437;17597;3065;3688;0;999
FR;6;2023-04-13;1;4;0;0;3;1;0;0;2;19234;14513;2304;3437;17600;3066;3688;0;1001
FR;6;2023-04-14;4;5;0;0;5;0;0;0;1;19238;14518;2304;3437;17605;3066;3688;0;1002
FR;6;2023-04-15;7;2;1;1;4;1;1;0;0;19245;14520;2305;3438;17609;3067;3689;0;1002
FR;6;2023-04-16;0;2;0;0;1;1;0;0;0;19245;14522;2305;3438;17610;3068;3689;0;1002
FR;6;2023-04-17;4;8;2;0;8;2;0;0;0;19249;14530;2307;3438;17618;3070;3689;0;1002
FR;6;2023-04-18;3;2;1;0;2;1;0;0;1;19252;14532;2308;3438;17620;3071;3689;0;1003
FR;6;2023-04-19;1;3;0;0;2;1;0;0;0;19253;14535;2308;3438;17622;3072;3689;0;1003
FR;6;2023-04-20;5;4;0;0;3;2;0;0;0;19258;14539;2308;3438;17625;3074;3689;0;1003
FR;6;2023-04-21;7;3;2;3;1;5;3;0;1;19265;14542;2310;3441;17626;3079;3692;0;1004
FR;6;2023-04-22;3;3;3;0;1;5;0;0;0;19268;14545;2313;3441;17627;3084;3692;0;1004
FR;6;2023-04-23;0;2;0;0;1;1;0;0;0;19268;14547;2313;3441;17628;3085;3692;0;1004
FR;6;2023-04-24;2;8;0;1;5;3;1;0;0;19270;14555;2313;3442;17633;3088;3693;0;1004
FR;6;2023-04-25;5;2;0;1;2;0;1;0;1;19275;14557;2313;3443;17635;3088;3694;0;1005
FR;6;2023-04-26;7;5;1;0;4;2;0;0;2;19282;14562;2314;3443;17639;3090;3694;0;1007
FR;6;2023-04-27;8;9;2;0;9;3;1;0;3;19290;14571;2316;3443;17648;3093;3695;0;1010
FR;6;2023-04-28;5;4;0;1;4;0;1;0;2;19295;14575;2316;3444;17652;3093;3696;0;1012
FR;6;2023-04-29;7;3;2;0;4;2;1;0;0;19302;14578;2318;3444;17656;3095;3697;0;1012
FR;6;2023-04-30;0;0;0;0;0;0;0;0;0;19302;14578;2318;3444;17656;3095;3697;0;1012
FR;6;2023-05-01;0;0;0;0;0;0;0;0;0;19302;14578;2318;3444;17656;3095;3697;0;1012
FR;6;2023-05-02;3;3;3;0;3;2;1;0;0;19305;14581;2321;3444;17659;3097;3698;0;1012
FR;6;2023-05-03;0;3;0;0;2;1;0;0;2;19305;14584;2321;3444;17661;3098;3698;0;1014
FR;6;2023-05-04;3;4;7;0;5;6;3;0;1;19308;14588;2328;3444;17666;3104;3701;0;1015
FR;6;2023-05-05;3;2;0;0;3;0;0;0;0;19311;14590;2328;3444;17669;3104;3701;0;1015
FR;6;2023-05-06;0;2;1;1;1;2;1;0;0;19311;14592;2329;3445;17670;3106;3702;0;1015
FR;6;2023-05-07;1;0;0;0;0;0;0;0;0;19312;14592;2329;3445;17670;3106;3702;0;1015
FR;6;2023-05-08;0;0;7;0;0;3;4;0;0;19312;14592;2336;3445;17670;3109;3706;0;1015
FR;6;2023-05-09;5;4;2;1;6;2;1;0;0;19317;14596;2338;3446;17676;3111;3707;0;1015
FR;6;2023-05-10;5;2;2;0;3;1;1;0;0;19322;14598;2340;3446;17679;3112;3708;0;1015
FR;6;2023-05-11;2;3;3;1;3;4;2;0;2;19324;14601;2343;3447;17682;3116;3710;0;1017
FR;6;2023-05-12;1;2;0;0;3;0;0;0;1;19325;14603;2343;3447;17685;3116;3710;0;1018
FR;6;2023-05-13;0;3;2;0;1;2;2;0;2;19325;14606;2345;3447;17686;3118;3712;0;1020
FR;6;2023-05-14;0;0;0;0;0;0;0;0;0;19325;14606;2345;3447;17686;3118;3712;0;1020
FR;6;2023-05-15;2;3;2;0;2;3;0;0;0;19327;14609;2347;3447;17688;3121;3712;0;1020
FR;8;2020-12-27;0;0;0;0;0;0;0;0;0;0;0;0;0;0;0;0;0;0
FR;8;2020-12-28;0;0;0;0;0;0;0;0;0;0;0;0;0;0;0;0;0;0
FR;8;2020-12-29;0;0;0;0;0;0;0;0;0;0;0;0;0;0;0;0;0;0
FR;8;2020-12-30;0;0;0;0;0;0;0;0;0;0;0;0;0;0;0;0;0;0
FR;8;2020-12-31;0;0;0;0;0;0;0;0;0;0;0;0;0;0;0;0;0;0
FR;8;2021-01-01;0;0;0;0;0;0;0;0;0;0;0;0;0;0;0;0;0;0
FR;8;2021-01-02;0;0;0;0;0;0;0;0;0;0;0;0;0;0;0;0;0;0
FR;8;2021-01-03;0;0;0;0;0;0;0;0;0;0;0;0;0;0;0;0;0;0
FR;8;2021-01-04;0;0;0;0;0;0;0;0;0;0;0;0;0;0;0;0;0;0
FR;8;2021-01-05;0;0;0;0;0;0;0;0;0;0;0;0;0;0;0;0;0;0
FR;8;2021-01-06;0;0;0;0;0;0;0;0;0;0;0;0;0;0;0;0;0;0
FR;8;2021-01-07;0;0;0;0;0;0;0;0;0;0;0;0;0;0;0;0;0;0
FR;8;2021-01-08;0;0;0;0;0;0;0;0;0;0;0;0;0;0;0;0;0;0
FR;8;2021-01-09;0;0;0;0;0;0;0;0;0;0;0;0;0;0;0;0;0;0
FR;8;2021-01-10;0;0;0;0;0;0;0;0;0;0;0;0;0;0;0;0;0;0
FR;8;2021-01-11;0;0;0;0;0;0;0;0;0;0;0;0;0;0;0;0;0;0
FR;8;2021-01-12;0;0;0;0;0;0;0;0;0;0;0;0;0;0;0;0;0;0
FR;8;2021-01-13;0;0;0;0;0;0;0;0;0;0;0;0;0;0;0;0;0;0
FR;8;2021-01-14;0;0;0;0;0;0;0;0;0;0;0;0;0;0;0;0;0;0
FR;8;2021-01-15;0;0;0;0;0;0;0;0;0;0;0;0;0;0;0;0;0;0
FR;8;2021-01-16;0;0;0;0;0;0;0;0;0;0;0;0;0;0;0;0;0;0
FR;8;2021-01-17;0;0;0;0;0;0;0;0;0;0;0;0;0;0;0;0;0;0
FR;8;2021-01-18;0;0;0;0;0;0;0;0;0;0;0;0;0;0;0;0;0;0
FR;8;2021-01-19;0;0;0;0;0;0;0;0;0;0;0;0;0;0;0;0;0;0
FR;8;2021-01-20;0;0;0;0;0;0;0;0;0;0;0;0;0;0;0;0;0;0
FR;8;2021-01-21;0;0;0;0;0;0;0;0;0;0;0;0;0;0;0;0;0;0
FR;8;2021-01-22;0;0;0;0;0;0;0;0;0;0;0;0;0;0;0;0;0;0
FR;8;2021-01-23;0;0;0;0;0;0;0;0;0;0;0;0;0;0;0;0;0;0
FR;8;2021-01-24;0;0;0;0;0;0;0;0;0;0;0;0;0;0;0;0;0;0
FR;8;2021-01-25;0;0;0;0;0;0;0;0;0;0;0;0;0;0;0;0;0;0
FR;8;2021-01-26;0;0;0;0;0;0;0;0;0;0;0;0;0;0;0;0;0;0
FR;8;2021-01-27;0;0;0;0;0;0;0;0;0;0;0;0;0;0;0;0;0;0
FR;8;2021-01-28;0;0;0;0;0;0;0;0;0;0;0;0;0;0;0;0;0;0
FR;8;2021-01-29;0;0;0;0;0;0;0;0;0;0;0;0;0;0;0;0;0;0
FR;8;2021-01-30;0;0;0;0;0;0;0;0;0;0;0;0;0;0;0;0;0;0
FR;8;2021-01-31;0;0;0;0;0;0;0;0;0;0;0;0;0;0;0;0;0;0
FR;8;2021-02-01;0;0;0;0;0;0;0;0;0;0;0;0;0;0;0;0;0;0
FR;8;2021-02-02;0;0;0;0;0;0;0;0;0;0;0;0;0;0;0;0;0;0
FR;8;2021-02-03;0;0;0;0;0;0;0;0;0;0;0;0;0;0;0;0;0;0
FR;8;2021-02-04;0;0;0;0;0;0;0;0;0;0;0;0;0;0;0;0;0;0
FR;8;2021-02-05;0;0;0;0;0;0;0;0;0;0;0;0;0;0;0;0;0;0
FR;8;2021-02-06;0;0;0;0;0;0;0;0;0;0;0;0;0;0;0;0;0;0
FR;8;2021-02-07;0;0;0;0;0;0;0;0;0;0;0;0;0;0;0;0;0;0
FR;8;2021-02-08;0;0;0;0;0;0;0;0;0;0;0;0;0;0;0;0;0;0
FR;8;2021-02-09;0;0;0;0;0;0;0;0;0;0;0;0;0;0;0;0;0;0
FR;8;2021-02-10;0;0;0;0;0;0;0;0;0;0;0;0;0;0;0;0;0;0
FR;8;2021-02-11;0;0;0;0;0;0;0;0;0;0;0;0;0;0;0;0;0;0
FR;8;2021-02-12;0;0;0;0;0;0;0;0;0;0;0;0;0;0;0;0;0;0
FR;8;2021-02-13;0;0;0;0;0;0;0;0;0;0;0;0;0;0;0;0;0;0
FR;8;2021-02-14;0;0;0;0;0;0;0;0;0;0;0;0;0;0;0;0;0;0
FR;8;2021-02-15;0;0;0;0;0;0;0;0;0;0;0;0;0;0;0;0;0;0
FR;8;2021-02-16;0;0;0;0;0;0;0;0;0;0;0;0;0;0;0;0;0;0
FR;8;2021-02-17;0;0;0;0;0;0;0;0;0;0;0;0;0;0;0;0;0;0
FR;8;2021-02-18;0;0;0;0;0;0;0;0;0;0;0;0;0;0;0;0;0;0
FR;8;2021-02-19;0;0;0;0;0;0;0;0;0;0;0;0;0;0;0;0;0;0
FR;8;2021-02-20;0;0;0;0;0;0;0;0;0;0;0;0;0;0;0;0;0;0
FR;8;2021-02-21;0;0;0;0;0;0;0;0;0;0;0;0;0;0;0;0;0;0
FR;8;2021-02-22;0;0;0;0;0;0;0;0;0;0;0;0;0;0;0;0;0;0
FR;8;2021-02-23;0;0;0;0;0;0;0;0;0;0;0;0;0;0;0;0;0;0
FR;8;2021-02-24;0;0;0;0;0;0;0;0;0;0;0;0;0;0;0;0;0;0
FR;8;2021-02-25;0;0;0;0;0;0;0;0;0;0;0;0;0;0;0;0;0;0
FR;8;2021-02-26;0;0;0;0;0;0;0;0;0;0;0;0;0;0;0;0;0;0
FR;8;2021-02-27;0;0;0;0;0;0;0;0;0;0;0;0;0;0;0;0;0;0
FR;8;2021-02-28;0;0;0;0;0;0;0;0;0;0;0;0;0;0;0;0;0;0
FR;8;2021-03-01;0;0;0;0;0;0;0;0;0;0;0;0;0;0;0;0;0;0
FR;8;2021-03-02;0;0;0;0;0;0;0;0;0;0;0;0;0;0;0;0;0;0
FR;8;2021-03-03;0;0;0;0;0;0;0;0;0;0;0;0;0;0;0;0;0;0
FR;8;2021-03-04;0;0;0;0;0;0;0;0;0;0;0;0;0;0;0;0;0;0
FR;8;2021-03-05;0;0;0;0;0;0;0;0;0;0;0;0;0;0;0;0;0;0
FR;8;2021-03-06;0;0;0;0;0;0;0;0;0;0;0;0;0;0;0;0;0;0
FR;8;2021-03-07;0;0;0;0;0;0;0;0;0;0;0;0;0;0;0;0;0;0
FR;8;2021-03-08;0;0;0;0;0;0;0;0;0;0;0;0;0;0;0;0;0;0
FR;8;2021-03-09;0;0;0;0;0;0;0;0;0;0;0;0;0;0;0;0;0;0
FR;8;2021-03-10;0;0;0;0;0;0;0;0;0;0;0;0;0;0;0;0;0;0
FR;8;2021-03-11;0;0;0;0;0;0;0;0;0;0;0;0;0;0;0;0;0;0
FR;8;2021-03-12;0;0;0;0;0;0;0;0;0;0;0;0;0;0;0;0;0;0
FR;8;2021-03-13;0;0;0;0;0;0;0;0;0;0;0;0;0;0;0;0;0;0
FR;8;2021-03-14;0;0;0;0;0;0;0;0;0;0;0;0;0;0;0;0;0;0
FR;8;2021-03-15;0;0;0;0;0;0;0;0;0;0;0;0;0;0;0;0;0;0
FR;8;2021-03-16;0;0;0;0;0;0;0;0;0;0;0;0;0;0;0;0;0;0
FR;8;2021-03-17;0;0;0;0;0;0;0;0;0;0;0;0;0;0;0;0;0;0
FR;8;2021-03-18;0;0;0;0;0;0;0;0;0;0;0;0;0;0;0;0;0;0
FR;8;2021-03-19;0;0;0;0;0;0;0;0;0;0;0;0;0;0;0;0;0;0
FR;8;2021-03-20;0;0;0;0;0;0;0;0;0;0;0;0;0;0;0;0;0;0
FR;8;2021-03-21;0;0;0;0;0;0;0;0;0;0;0;0;0;0;0;0;0;0
FR;8;2021-03-22;0;0;0;0;0;0;0;0;0;0;0;0;0;0;0;0;0;0
FR;8;2021-03-23;0;0;0;0;0;0;0;0;0;0;0;0;0;0;0;0;0;0
FR;8;2021-03-24;0;0;0;0;0;0;0;0;0;0;0;0;0;0;0;0;0;0
FR;8;2021-03-25;0;0;0;0;0;0;0;0;0;0;0;0;0;0;0;0;0;0
FR;8;2021-03-26;0;0;0;0;0;0;0;0;0;0;0;0;0;0;0;0;0;0
FR;8;2021-03-27;0;0;0;0;0;0;0;0;0;0;0;0;0;0;0;0;0;0
FR;8;2021-03-28;0;0;0;0;0;0;0;0;0;0;0;0;0;0;0;0;0;0
FR;8;2021-03-29;0;0;0;0;0;0;0;0;0;0;0;0;0;0;0;0;0;0
FR;8;2021-03-30;0;0;0;0;0;0;0;0;0;0;0;0;0;0;0;0;0;0
FR;8;2021-03-31;0;0;0;0;0;0;0;0;0;0;0;0;0;0;0;0;0;0
FR;8;2021-04-01;0;0;0;0;0;0;0;0;0;0;0;0;0;0;0;0;0;0
FR;8;2021-04-02;0;0;0;0;0;0;0;0;0;0;0;0;0;0;0;0;0;0
FR;8;2021-04-03;0;0;0;0;0;0;0;0;0;0;0;0;0;0;0;0;0;0
FR;8;2021-04-04;0;0;0;0;0;0;0;0;0;0;0;0;0;0;0;0;0;0
FR;8;2021-04-05;0;0;0;0;0;0;0;0;0;0;0;0;0;0;0;0;0;0
FR;8;2021-04-06;0;0;0;0;0;0;0;0;0;0;0;0;0;0;0;0;0;0
FR;8;2021-04-07;0;0;0;0;0;0;0;0;0;0;0;0;0;0;0;0;0;0
FR;8;2021-04-08;0;0;0;0;0;0;0;0;0;0;0;0;0;0;0;0;0;0
FR;8;2021-04-09;0;0;0;0;0;0;0;0;0;0;0;0;0;0;0;0;0;0
FR;8;2021-04-10;0;0;0;0;0;0;0;0;0;0;0;0;0;0;0;0;0;0
FR;8;2021-04-11;0;0;0;0;0;0;0;0;0;0;0;0;0;0;0;0;0;0
FR;8;2021-04-12;0;0;0;0;0;0;0;0;0;0;0;0;0;0;0;0;0;0
FR;8;2021-04-13;0;0;0;0;0;0;0;0;0;0;0;0;0;0;0;0;0;0
FR;8;2021-04-14;0;0;0;0;0;0;0;0;0;0;0;0;0;0;0;0;0;0
FR;8;2021-04-15;0;0;0;0;0;0;0;0;0;0;0;0;0;0;0;0;0;0
FR;8;2021-04-16;0;0;0;0;0;0;0;0;0;0;0;0;0;0;0;0;0;0
FR;8;2021-04-17;0;0;0;0;0;0;0;0;0;0;0;0;0;0;0;0;0;0
FR;8;2021-04-18;0;0;0;0;0;0;0;0;0;0;0;0;0;0;0;0;0;0
FR;8;2021-04-19;0;0;0;0;0;0;0;0;0;0;0;0;0;0;0;0;0;0
FR;8;2021-04-20;0;0;0;0;0;0;0;0;0;0;0;0;0;0;0;0;0;0
FR;8;2021-04-21;0;0;0;0;0;0;0;0;0;0;0;0;0;0;0;0;0;0
FR;8;2021-04-22;0;0;0;0;0;0;0;0;0;0;0;0;0;0;0;0;0;0
FR;8;2021-04-23;0;0;0;0;0;0;0;0;0;0;0;0;0;0;0;0;0;0
FR;8;2021-04-24;0;0;0;0;0;0;0;0;0;0;0;0;0;0;0;0;0;0
FR;8;2021-04-25;0;0;0;0;0;0;0;0;0;0;0;0;0;0;0;0;0;0
FR;8;2021-04-26;0;0;0;0;0;0;0;0;0;0;0;0;0;0;0;0;0;0
FR;8;2021-04-27;0;0;0;0;0;0;0;0;0;0;0;0;0;0;0;0;0;0
FR;8;2021-04-28;0;0;0;0;0;0;0;0;0;0;0;0;0;0;0;0;0;0
FR;8;2021-04-29;0;0;0;0;0;0;0;0;0;0;0;0;0;0;0;0;0;0
FR;8;2021-04-30;0;0;0;0;0;0;0;0;0;0;0;0;0;0;0;0;0;0
FR;8;2021-05-01;0;0;0;0;0;0;0;0;0;0;0;0;0;0;0;0;0;0
FR;8;2021-05-02;0;0;0;0;0;0;0;0;0;0;0;0;0;0;0;0;0;0
FR;8;2021-05-03;0;0;0;0;0;0;0;0;0;0;0;0;0;0;0;0;0;0
FR;8;2021-05-04;0;0;0;0;0;0;0;0;0;0;0;0;0;0;0;0;0;0
FR;8;2021-05-05;0;0;0;0;0;0;0;0;0;0;0;0;0;0;0;0;0;0
FR;8;2021-05-06;0;0;0;0;0;0;0;0;0;0;0;0;0;0;0;0;0;0
FR;8;2021-05-07;0;0;0;0;0;0;0;0;0;0;0;0;0;0;0;0;0;0
FR;8;2021-05-08;0;0;0;0;0;0;0;0;0;0;0;0;0;0;0;0;0;0
FR;8;2021-05-09;0;0;0;0;0;0;0;0;0;0;0;0;0;0;0;0;0;0
FR;8;2021-05-10;0;0;0;0;0;0;0;0;0;0;0;0;0;0;0;0;0;0
FR;8;2021-05-11;0;0;0;0;0;0;0;0;0;0;0;0;0;0;0;0;0;0
FR;8;2021-05-12;0;0;0;0;0;0;0;0;0;0;0;0;0;0;0;0;0;0
FR;8;2021-05-13;0;0;0;0;0;0;0;0;0;0;0;0;0;0;0;0;0;0
FR;8;2021-05-14;0;0;0;0;0;0;0;0;0;0;0;0;0;0;0;0;0;0
FR;8;2021-05-15;0;0;0;0;0;0;0;0;0;0;0;0;0;0;0;0;0;0
FR;8;2021-05-16;0;0;0;0;0;0;0;0;0;0;0;0;0;0;0;0;0;0
FR;8;2021-05-17;0;0;0;0;0;0;0;0;0;0;0;0;0;0;0;0;0;0
FR;8;2021-05-18;0;0;0;0;0;0;0;0;0;0;0;0;0;0;0;0;0;0
FR;8;2021-05-19;0;0;0;0;0;0;0;0;0;0;0;0;0;0;0;0;0;0
FR;8;2021-05-20;0;0;0;0;0;0;0;0;0;0;0;0;0;0;0;0;0;0
FR;8;2021-05-21;0;0;0;0;0;0;0;0;0;0;0;0;0;0;0;0;0;0
FR;8;2021-05-22;0;0;0;0;0;0;0;0;0;0;0;0;0;0;0;0;0;0
FR;8;2021-05-23;0;0;0;0;0;0;0;0;0;0;0;0;0;0;0;0;0;0
FR;8;2021-05-24;0;0;0;0;0;0;0;0;0;0;0;0;0;0;0;0;0;0
FR;8;2021-05-25;0;0;0;0;0;0;0;0;0;0;0;0;0;0;0;0;0;0
FR;8;2021-05-26;0;0;0;0;0;0;0;0;0;0;0;0;0;0;0;0;0;0
FR;8;2021-05-27;0;0;0;0;0;0;0;0;0;0;0;0;0;0;0;0;0;0
FR;8;2021-05-28;0;0;0;0;0;0;0;0;0;0;0;0;0;0;0;0;0;0
FR;8;2021-05-29;0;0;0;0;0;0;0;0;0;0;0;0;0;0;0;0;0;0
FR;8;2021-05-30;0;0;0;0;0;0;0;0;0;0;0;0;0;0;0;0;0;0
FR;8;2021-05-31;0;0;0;0;0;0;0;0;0;0;0;0;0;0;0;0;0;0
FR;8;2021-06-01;0;0;0;0;0;0;0;0;0;0;0;0;0;0;0;0;0;0
FR;8;2021-06-02;0;0;0;0;0;0;0;0;0;0;0;0;0;0;0;0;0;0
FR;8;2021-06-03;0;0;0;0;0;0;0;0;0;0;0;0;0;0;0;0;0;0
FR;8;2021-06-04;0;0;0;0;0;0;0;0;0;0;0;0;0;0;0;0;0;0
FR;8;2021-06-05;0;0;0;0;0;0;0;0;0;0;0;0;0;0;0;0;0;0
FR;8;2021-06-06;0;0;0;0;0;0;0;0;0;0;0;0;0;0;0;0;0;0
FR;8;2021-06-07;0;0;0;0;0;0;0;0;0;0;0;0;0;0;0;0;0;0
FR;8;2021-06-08;0;0;0;0;0;0;0;0;0;0;0;0;0;0;0;0;0;0
FR;8;2021-06-09;0;0;0;0;0;0;0;0;0;0;0;0;0;0;0;0;0;0
FR;8;2021-06-10;0;0;0;0;0;0;0;0;0;0;0;0;0;0;0;0;0;0
FR;8;2021-06-11;0;0;0;0;0;0;0;0;0;0;0;0;0;0;0;0;0;0
FR;8;2021-06-12;0;0;0;0;0;0;0;0;0;0;0;0;0;0;0;0;0;0
FR;8;2021-06-13;0;0;0;0;0;0;0;0;0;0;0;0;0;0;0;0;0;0
FR;8;2021-06-14;0;0;0;0;0;0;0;0;0;0;0;0;0;0;0;0;0;0
FR;8;2021-06-15;0;0;0;0;0;0;0;0;0;0;0;0;0;0;0;0;0;0
FR;8;2021-06-16;0;0;0;0;0;0;0;0;0;0;0;0;0;0;0;0;0;0
FR;8;2021-06-17;0;0;0;0;0;0;0;0;0;0;0;0;0;0;0;0;0;0
FR;8;2021-06-18;0;0;0;0;0;0;0;0;0;0;0;0;0;0;0;0;0;0
FR;8;2021-06-19;0;0;0;0;0;0;0;0;0;0;0;0;0;0;0;0;0;0
FR;8;2021-06-20;0;0;0;0;0;0;0;0;0;0;0;0;0;0;0;0;0;0
FR;8;2021-06-21;0;0;0;0;0;0;0;0;0;0;0;0;0;0;0;0;0;0
FR;8;2021-06-22;0;0;0;0;0;0;0;0;0;0;0;0;0;0;0;0;0;0
FR;8;2021-06-23;0;0;0;0;0;0;0;0;0;0;0;0;0;0;0;0;0;0
FR;8;2021-06-24;0;0;0;0;0;0;0;0;0;0;0;0;0;0;0;0;0;0
FR;8;2021-06-25;0;0;0;0;0;0;0;0;0;0;0;0;0;0;0;0;0;0
FR;8;2021-06-26;0;0;0;0;0;0;0;0;0;0;0;0;0;0;0;0;0;0
FR;8;2021-06-27;0;0;0;0;0;0;0;0;0;0;0;0;0;0;0;0;0;0
FR;8;2021-06-28;0;0;0;0;0;0;0;0;0;0;0;0;0;0;0;0;0;0
FR;8;2021-06-29;0;0;0;0;0;0;0;0;0;0;0;0;0;0;0;0;0;0
FR;8;2021-06-30;0;0;0;0;0;0;0;0;0;0;0;0;0;0;0;0;0;0
FR;8;2021-07-01;0;0;0;0;0;0;0;0;0;0;0;0;0;0;0;0;0;0
FR;8;2021-07-02;0;0;0;0;0;0;0;0;0;0;0;0;0;0;0;0;0;0
FR;8;2021-07-03;0;0;0;0;0;0;0;0;0;0;0;0;0;0;0;0;0;0
FR;8;2021-07-04;0;0;0;0;0;0;0;0;0;0;0;0;0;0;0;0;0;0
FR;8;2021-07-05;0;0;0;0;0;0;0;0;0;0;0;0;0;0;0;0;0;0
FR;8;2021-07-06;0;0;0;0;0;0;0;0;0;0;0;0;0;0;0;0;0;0
FR;8;2021-07-07;0;0;0;0;0;0;0;0;0;0;0;0;0;0;0;0;0;0
FR;8;2021-07-08;0;0;0;0;0;0;0;0;0;0;0;0;0;0;0;0;0;0
FR;8;2021-07-09;0;0;0;0;0;0;0;0;0;0;0;0;0;0;0;0;0;0
FR;8;2021-07-10;0;0;0;0;0;0;0;0;0;0;0;0;0;0;0;0;0;0
FR;8;2021-07-11;0;0;0;0;0;0;0;0;0;0;0;0;0;0;0;0;0;0
FR;8;2021-07-12;0;0;0;0;0;0;0;0;0;0;0;0;0;0;0;0;0;0
FR;8;2021-07-13;0;0;0;0;0;0;0;0;0;0;0;0;0;0;0;0;0;0
FR;8;2021-07-14;0;0;0;0;0;0;0;0;0;0;0;0;0;0;0;0;0;0
FR;8;2021-07-15;0;0;0;0;0;0;0;0;0;0;0;0;0;0;0;0;0;0
FR;8;2021-07-16;0;0;0;0;0;0;0;0;0;0;0;0;0;0;0;0;0;0
FR;8;2021-07-17;0;0;0;0;0;0;0;0;0;0;0;0;0;0;0;0;0;0
FR;8;2021-07-18;0;0;0;0;0;0;0;0;0;0;0;0;0;0;0;0;0;0
FR;8;2021-07-19;0;0;0;0;0;0;0;0;0;0;0;0;0;0;0;0;0;0
FR;8;2021-07-20;0;0;0;0;0;0;0;0;0;0;0;0;0;0;0;0;0;0
FR;8;2021-07-21;0;0;0;0;0;0;0;0;0;0;0;0;0;0;0;0;0;0
FR;8;2021-07-22;0;0;0;0;0;0;0;0;0;0;0;0;0;0;0;0;0;0
FR;8;2021-07-23;0;0;0;0;0;0;0;0;0;0;0;0;0;0;0;0;0;0
FR;8;2021-07-24;0;0;0;0;0;0;0;0;0;0;0;0;0;0;0;0;0;0
FR;8;2021-07-25;0;0;0;0;0;0;0;0;0;0;0;0;0;0;0;0;0;0
FR;8;2021-07-26;0;0;0;0;0;0;0;0;0;0;0;0;0;0;0;0;0;0
FR;8;2021-07-27;0;0;0;0;0;0;0;0;0;0;0;0;0;0;0;0;0;0
FR;8;2021-07-28;0;0;0;0;0;0;0;0;0;0;0;0;0;0;0;0;0;0
FR;8;2021-07-29;0;0;0;0;0;0;0;0;0;0;0;0;0;0;0;0;0;0
FR;8;2021-07-30;0;0;0;0;0;0;0;0;0;0;0;0;0;0;0;0;0;0
FR;8;2021-07-31;0;0;0;0;0;0;0;0;0;0;0;0;0;0;0;0;0;0
FR;8;2021-08-01;0;0;0;0;0;0;0;0;0;0;0;0;0;0;0;0;0;0
FR;8;2021-08-02;0;0;0;0;0;0;0;0;0;0;0;0;0;0;0;0;0;0
FR;8;2021-08-03;0;0;0;0;0;0;0;0;0;0;0;0;0;0;0;0;0;0
FR;8;2021-08-04;0;0;0;0;0;0;0;0;0;0;0;0;0;0;0;0;0;0
FR;8;2021-08-05;0;0;0;0;0;0;0;0;0;0;0;0;0;0;0;0;0;0
FR;8;2021-08-06;0;0;0;0;0;0;0;0;0;0;0;0;0;0;0;0;0;0
FR;8;2021-08-07;0;0;0;0;0;0;0;0;0;0;0;0;0;0;0;0;0;0
FR;8;2021-08-08;0;0;0;0;0;0;0;0;0;0;0;0;0;0;0;0;0;0
FR;8;2021-08-09;0;0;0;0;0;0;0;0;0;0;0;0;0;0;0;0;0;0
FR;8;2021-08-10;0;0;0;0;0;0;0;0;0;0;0;0;0;0;0;0;0;0
FR;8;2021-08-11;0;0;0;0;0;0;0;0;0;0;0;0;0;0;0;0;0;0
FR;8;2021-08-12;0;0;0;0;0;0;0;0;0;0;0;0;0;0;0;0;0;0
FR;8;2021-08-13;0;0;0;0;0;0;0;0;0;0;0;0;0;0;0;0;0;0
FR;8;2021-08-14;0;0;0;0;0;0;0;0;0;0;0;0;0;0;0;0;0;0
FR;8;2021-08-15;0;0;0;0;0;0;0;0;0;0;0;0;0;0;0;0;0;0
FR;8;2021-08-16;0;0;0;0;0;0;0;0;0;0;0;0;0;0;0;0;0;0
FR;8;2021-08-17;0;0;0;0;0;0;0;0;0;0;0;0;0;0;0;0;0;0
FR;8;2021-08-18;0;0;0;0;0;0;0;0;0;0;0;0;0;0;0;0;0;0
FR;8;2021-08-19;0;0;0;0;0;0;0;0;0;0;0;0;0;0;0;0;0;0
FR;8;2021-08-20;0;0;0;0;0;0;0;0;0;0;0;0;0;0;0;0;0;0
FR;8;2021-08-21;0;0;0;0;0;0;0;0;0;0;0;0;0;0;0;0;0;0
FR;8;2021-08-22;0;0;0;0;0;0;0;0;0;0;0;0;0;0;0;0;0;0
FR;8;2021-08-23;0;0;0;0;0;0;0;0;0;0;0;0;0;0;0;0;0;0
FR;8;2021-08-24;0;0;0;0;0;0;0;0;0;0;0;0;0;0;0;0;0;0
FR;8;2021-08-25;0;0;0;0;0;0;0;0;0;0;0;0;0;0;0;0;0;0
FR;8;2021-08-26;0;0;0;0;0;0;0;0;0;0;0;0;0;0;0;0;0;0
FR;8;2021-08-27;0;0;0;0;0;0;0;0;0;0;0;0;0;0;0;0;0;0
FR;8;2021-08-28;0;0;0;0;0;0;0;0;0;0;0;0;0;0;0;0;0;0
FR;8;2021-08-29;0;0;0;0;0;0;0;0;0;0;0;0;0;0;0;0;0;0
FR;8;2021-08-30;0;0;0;0;0;0;0;0;0;0;0;0;0;0;0;0;0;0
FR;8;2021-08-31;0;0;0;0;0;0;0;0;0;0;0;0;0;0;0;0;0;0
FR;8;2021-09-01;0;0;0;0;0;0;0;0;0;0;0;0;0;0;0;0;0;0
FR;8;2021-09-02;0;0;0;0;0;0;0;0;0;0;0;0;0;0;0;0;0;0
FR;8;2021-09-03;0;0;0;0;0;0;0;0;0;0;0;0;0;0;0;0;0;0
FR;8;2021-09-04;0;0;0;0;0;0;0;0;0;0;0;0;0;0;0;0;0;0
FR;8;2021-09-05;0;0;0;0;0;0;0;0;0;0;0;0;0;0;0;0;0;0
FR;8;2021-09-06;0;0;0;0;0;0;0;0;0;0;0;0;0;0;0;0;0;0
FR;8;2021-09-07;0;0;0;0;0;0;0;0;0;0;0;0;0;0;0;0;0;0
FR;8;2021-09-08;0;0;0;0;0;0;0;0;0;0;0;0;0;0;0;0;0;0
FR;8;2021-09-09;0;0;0;0;0;0;0;0;0;0;0;0;0;0;0;0;0;0
FR;8;2021-09-10;0;0;0;0;0;0;0;0;0;0;0;0;0;0;0;0;0;0
FR;8;2021-09-11;0;0;0;0;0;0;0;0;0;0;0;0;0;0;0;0;0;0
FR;8;2021-09-12;0;0;0;0;0;0;0;0;0;0;0;0;0;0;0;0;0;0
FR;8;2021-09-13;0;0;0;0;0;0;0;0;0;0;0;0;0;0;0;0;0;0
FR;8;2021-09-14;0;0;0;0;0;0;0;0;0;0;0;0;0;0;0;0;0;0
FR;8;2021-09-15;0;0;0;0;0;0;0;0;0;0;0;0;0;0;0;0;0;0
FR;8;2021-09-16;0;0;0;0;0;0;0;0;0;0;0;0;0;0;0;0;0;0
FR;8;2021-09-17;0;0;0;0;0;0;0;0;0;0;0;0;0;0;0;0;0;0
FR;8;2021-09-18;0;0;0;0;0;0;0;0;0;0;0;0;0;0;0;0;0;0
FR;8;2021-09-19;0;0;0;0;0;0;0;0;0;0;0;0;0;0;0;0;0;0
FR;8;2021-09-20;0;0;0;0;0;0;0;0;0;0;0;0;0;0;0;0;0;0
FR;8;2021-09-21;0;0;0;0;0;0;0;0;0;0;0;0;0;0;0;0;0;0
FR;8;2021-09-22;0;0;0;0;0;0;0;0;0;0;0;0;0;0;0;0;0;0
FR;8;2021-09-23;0;0;0;0;0;0;0;0;0;0;0;0;0;0;0;0;0;0
FR;8;2021-09-24;0;0;0;0;0;0;0;0;0;0;0;0;0;0;0;0;0;0
FR;8;2021-09-25;0;0;0;0;0;0;0;0;0;0;0;0;0;0;0;0;0;0
FR;8;2021-09-26;0;0;0;0;0;0;0;0;0;0;0;0;0;0;0;0;0;0
FR;8;2021-09-27;0;0;0;0;0;0;0;0;0;0;0;0;0;0;0;0;0;0
FR;8;2021-09-28;0;0;0;0;0;0;0;0;0;0;0;0;0;0;0;0;0;0
FR;8;2021-09-29;0;0;0;0;0;0;0;0;0;0;0;0;0;0;0;0;0;0
FR;8;2021-09-30;0;0;0;0;0;0;0;0;0;0;0;0;0;0;0;0;0;0
FR;8;2021-10-01;0;0;0;0;0;0;0;0;0;0;0;0;0;0;0;0;0;0
FR;8;2021-10-02;0;0;0;0;0;0;0;0;0;0;0;0;0;0;0;0;0;0
FR;8;2021-10-03;0;0;0;0;0;0;0;0;0;0;0;0;0;0;0;0;0;0
FR;8;2021-10-04;0;0;0;0;0;0;0;0;0;0;0;0;0;0;0;0;0;0
FR;8;2021-10-05;0;0;0;0;0;0;0;0;0;0;0;0;0;0;0;0;0;0
FR;8;2021-10-06;0;0;0;0;0;0;0;0;0;0;0;0;0;0;0;0;0;0
FR;8;2021-10-07;0;0;0;0;0;0;0;0;0;0;0;0;0;0;0;0;0;0
FR;8;2021-10-08;0;0;0;0;0;0;0;0;0;0;0;0;0;0;0;0;0;0
FR;8;2021-10-09;0;0;0;0;0;0;0;0;0;0;0;0;0;0;0;0;0;0
FR;8;2021-10-10;0;0;0;0;0;0;0;0;0;0;0;0;0;0;0;0;0;0
FR;8;2021-10-11;0;0;0;0;0;0;0;0;0;0;0;0;0;0;0;0;0;0
FR;8;2021-10-12;0;0;0;0;0;0;0;0;0;0;0;0;0;0;0;0;0;0
FR;8;2021-10-13;0;0;0;0;0;0;0;0;0;0;0;0;0;0;0;0;0;0
FR;8;2021-10-14;0;0;0;0;0;0;0;0;0;0;0;0;0;0;0;0;0;0
FR;8;2021-10-15;0;0;0;0;0;0;0;0;0;0;0;0;0;0;0;0;0;0
FR;8;2021-10-16;0;0;0;0;0;0;0;0;0;0;0;0;0;0;0;0;0;0
FR;8;2021-10-17;0;0;0;0;0;0;0;0;0;0;0;0;0;0;0;0;0;0
FR;8;2021-10-18;0;0;0;0;0;0;0;0;0;0;0;0;0;0;0;0;0;0
FR;8;2021-10-19;0;0;0;0;0;0;0;0;0;0;0;0;0;0;0;0;0;0
FR;8;2021-10-20;0;0;0;0;0;0;0;0;0;0;0;0;0;0;0;0;0;0
FR;8;2021-10-21;0;0;0;0;0;0;0;0;0;0;0;0;0;0;0;0;0;0
FR;8;2021-10-22;0;0;0;0;0;0;0;0;0;0;0;0;0;0;0;0;0;0
FR;8;2021-10-23;0;0;0;0;0;0;0;0;0;0;0;0;0;0;0;0;0;0
FR;8;2021-10-24;0;0;0;0;0;0;0;0;0;0;0;0;0;0;0;0;0;0
FR;8;2021-10-25;0;0;0;0;0;0;0;0;0;0;0;0;0;0;0;0;0;0
FR;8;2021-10-26;0;0;0;0;0;0;0;0;0;0;0;0;0;0;0;0;0;0
FR;8;2021-10-27;0;0;0;0;0;0;0;0;0;0;0;0;0;0;0;0;0;0
FR;8;2021-10-28;0;0;0;0;0;0;0;0;0;0;0;0;0;0;0;0;0;0
FR;8;2021-10-29;0;0;0;0;0;0;0;0;0;0;0;0;0;0;0;0;0;0
FR;8;2021-10-30;0;0;0;0;0;0;0;0;0;0;0;0;0;0;0;0;0;0
FR;8;2021-10-31;0;0;0;0;0;0;0;0;0;0;0;0;0;0;0;0;0;0
FR;8;2021-11-01;0;0;0;0;0;0;0;0;0;0;0;0;0;0;0;0;0;0
FR;8;2021-11-02;0;0;0;0;0;0;0;0;0;0;0;0;0;0;0;0;0;0
FR;8;2021-11-03;0;0;0;0;0;0;0;0;0;0;0;0;0;0;0;0;0;0
FR;8;2021-11-04;0;0;0;0;0;0;0;0;0;0;0;0;0;0;0;0;0;0
FR;8;2021-11-05;0;0;0;0;0;0;0;0;0;0;0;0;0;0;0;0;0;0
FR;8;2021-11-06;0;0;0;0;0;0;0;0;0;0;0;0;0;0;0;0;0;0
FR;8;2021-11-07;0;0;0;0;0;0;0;0;0;0;0;0;0;0;0;0;0;0
FR;8;2021-11-08;0;0;0;0;0;0;0;0;0;0;0;0;0;0;0;0;0;0
FR;8;2021-11-09;0;0;0;0;0;0;0;0;0;0;0;0;0;0;0;0;0;0
FR;8;2021-11-10;0;0;0;0;0;0;0;0;0;0;0;0;0;0;0;0;0;0
FR;8;2021-11-11;0;0;0;0;0;0;0;0;0;0;0;0;0;0;0;0;0;0
FR;8;2021-11-12;0;0;0;0;0;0;0;0;0;0;0;0;0;0;0;0;0;0
FR;8;2021-11-13;0;0;0;0;0;0;0;0;0;0;0;0;0;0;0;0;0;0
FR;8;2021-11-14;0;0;0;0;0;0;0;0;0;0;0;0;0;0;0;0;0;0
FR;8;2021-11-15;0;0;0;0;0;0;0;0;0;0;0;0;0;0;0;0;0;0
FR;8;2021-11-16;0;0;0;0;0;0;0;0;0;0;0;0;0;0;0;0;0;0
FR;8;2021-11-17;0;0;0;0;0;0;0;0;0;0;0;0;0;0;0;0;0;0
FR;8;2021-11-18;0;0;0;0;0;0;0;0;0;0;0;0;0;0;0;0;0;0
FR;8;2021-11-19;0;0;0;0;0;0;0;0;0;0;0;0;0;0;0;0;0;0
FR;8;2021-11-20;0;0;0;0;0;0;0;0;0;0;0;0;0;0;0;0;0;0
FR;8;2021-11-21;0;0;0;0;0;0;0;0;0;0;0;0;0;0;0;0;0;0
FR;8;2021-11-22;0;0;0;0;0;0;0;0;0;0;0;0;0;0;0;0;0;0
FR;8;2021-11-23;0;0;0;0;0;0;0;0;0;0;0;0;0;0;0;0;0;0
FR;8;2021-11-24;0;0;0;0;0;0;0;0;0;0;0;0;0;0;0;0;0;0
FR;8;2021-11-25;0;0;0;0;0;0;0;0;0;0;0;0;0;0;0;0;0;0
FR;8;2021-11-26;0;0;0;0;0;0;0;0;0;0;0;0;0;0;0;0;0;0
FR;8;2021-11-27;0;0;0;0;0;0;0;0;0;0;0;0;0;0;0;0;0;0
FR;8;2021-11-28;0;0;0;0;0;0;0;0;0;0;0;0;0;0;0;0;0;0
FR;8;2021-11-29;0;0;0;0;0;0;0;0;0;0;0;0;0;0;0;0;0;0
FR;8;2021-11-30;0;0;0;0;0;0;0;0;0;0;0;0;0;0;0;0;0;0
FR;8;2021-12-01;0;0;0;0;0;0;0;0;0;0;0;0;0;0;0;0;0;0
FR;8;2021-12-02;0;0;0;0;0;0;0;0;0;0;0;0;0;0;0;0;0;0
FR;8;2021-12-03;0;0;0;0;0;0;0;0;0;0;0;0;0;0;0;0;0;0
FR;8;2021-12-04;0;0;0;0;0;0;0;0;0;0;0;0;0;0;0;0;0;0
FR;8;2021-12-05;0;0;0;0;0;0;0;0;0;0;0;0;0;0;0;0;0;0
FR;8;2021-12-06;0;0;0;0;0;0;0;0;0;0;0;0;0;0;0;0;0;0
FR;8;2021-12-07;0;0;0;0;0;0;0;0;0;0;0;0;0;0;0;0;0;0
FR;8;2021-12-08;0;0;0;0;0;0;0;0;0;0;0;0;0;0;0;0;0;0
FR;8;2021-12-09;0;0;0;0;0;0;0;0;0;0;0;0;0;0;0;0;0;0
FR;8;2021-12-10;0;0;0;0;0;0;0;0;0;0;0;0;0;0;0;0;0;0
FR;8;2021-12-11;0;0;0;0;0;0;0;0;0;0;0;0;0;0;0;0;0;0
FR;8;2021-12-12;0;0;0;0;0;0;0;0;0;0;0;0;0;0;0;0;0;0
FR;8;2021-12-13;0;0;0;0;0;0;0;0;0;0;0;0;0;0;0;0;0;0
FR;8;2021-12-14;0;0;0;0;0;0;0;0;0;0;0;0;0;0;0;0;0;0
FR;8;2021-12-15;0;0;0;0;0;0;0;0;0;0;0;0;0;0;0;0;0;0
FR;8;2021-12-16;0;0;0;0;0;0;0;0;0;0;0;0;0;0;0;0;0;0
FR;8;2021-12-17;0;0;0;0;0;0;0;0;0;0;0;0;0;0;0;0;0;0
FR;8;2021-12-18;0;0;0;0;0;0;0;0;0;0;0;0;0;0;0;0;0;0
FR;8;2021-12-19;0;0;0;0;0;0;0;0;0;0;0;0;0;0;0;0;0;0
FR;8;2021-12-20;0;0;0;0;0;0;0;0;0;0;0;0;0;0;0;0;0;0
FR;8;2021-12-21;0;0;0;0;0;0;0;0;0;0;0;0;0;0;0;0;0;0
FR;8;2021-12-22;0;0;0;0;0;0;0;0;0;0;0;0;0;0;0;0;0;0
FR;8;2021-12-23;0;0;0;0;0;0;0;0;0;0;0;0;0;0;0;0;0;0
FR;8;2021-12-24;0;0;0;0;0;0;0;0;0;0;0;0;0;0;0;0;0;0
FR;8;2021-12-25;0;0;0;0;0;0;0;0;0;0;0;0;0;0;0;0;0;0
FR;8;2021-12-26;0;0;0;0;0;0;0;0;0;0;0;0;0;0;0;0;0;0
FR;8;2021-12-27;0;0;0;0;0;0;0;0;0;0;0;0;0;0;0;0;0;0
FR;8;2021-12-28;0;0;0;0;0;0;0;0;0;0;0;0;0;0;0;0;0;0
FR;8;2021-12-29;0;0;0;0;0;0;0;0;0;0;0;0;0;0;0;0;0;0
FR;8;2021-12-30;0;0;0;0;0;0;0;0;0;0;0;0;0;0;0;0;0;0
FR;8;2021-12-31;0;0;0;0;0;0;0;0;0;0;0;0;0;0;0;0;0;0
FR;8;2022-01-01;0;0;0;0;0;0;0;0;0;0;0;0;0;0;0;0;0;0
FR;8;2022-01-02;0;0;0;0;0;0;0;0;0;0;0;0;0;0;0;0;0;0
FR;8;2022-01-03;0;0;0;0;0;0;0;0;0;0;0;0;0;0;0;0;0;0
FR;8;2022-01-04;0;0;0;0;0;0;0;0;0;0;0;0;0;0;0;0;0;0
FR;8;2022-01-05;0;0;0;0;0;0;0;0;0;0;0;0;0;0;0;0;0;0
FR;8;2022-01-06;0;0;0;0;0;0;0;0;0;0;0;0;0;0;0;0;0;0
FR;8;2022-01-07;0;0;0;0;0;0;0;0;0;0;0;0;0;0;0;0;0;0
FR;8;2022-01-08;0;0;0;0;0;0;0;0;0;0;0;0;0;0;0;0;0;0
FR;8;2022-01-09;0;0;0;0;0;0;0;0;0;0;0;0;0;0;0;0;0;0
FR;8;2022-01-10;0;0;0;0;0;0;0;0;0;0;0;0;0;0;0;0;0;0
FR;8;2022-01-11;0;0;0;0;0;0;0;0;0;0;0;0;0;0;0;0;0;0
FR;8;2022-01-12;0;0;0;0;0;0;0;0;0;0;0;0;0;0;0;0;0;0
FR;8;2022-01-13;0;0;0;0;0;0;0;0;0;0;0;0;0;0;0;0;0;0
FR;8;2022-01-14;0;0;0;0;0;0;0;0;0;0;0;0;0;0;0;0;0;0
FR;8;2022-01-15;0;0;0;0;0;0;0;0;0;0;0;0;0;0;0;0;0;0
FR;8;2022-01-16;0;0;0;0;0;0;0;0;0;0;0;0;0;0;0;0;0;0
FR;8;2022-01-17;0;0;0;0;0;0;0;0;0;0;0;0;0;0;0;0;0;0
FR;8;2022-01-18;0;0;0;0;0;0;0;0;0;0;0;0;0;0;0;0;0;0
FR;8;2022-01-19;0;0;0;0;0;0;0;0;0;0;0;0;0;0;0;0;0;0
FR;8;2022-01-20;0;0;0;0;0;0;0;0;0;0;0;0;0;0;0;0;0;0
FR;8;2022-01-21;0;0;0;0;0;0;0;0;0;0;0;0;0;0;0;0;0;0
FR;8;2022-01-22;0;0;0;0;0;0;0;0;0;0;0;0;0;0;0;0;0;0
FR;8;2022-01-23;0;0;0;0;0;0;0;0;0;0;0;0;0;0;0;0;0;0
FR;8;2022-01-24;0;0;0;0;0;0;0;0;0;0;0;0;0;0;0;0;0;0
FR;8;2022-01-25;0;0;0;0;0;0;0;0;0;0;0;0;0;0;0;0;0;0
FR;8;2022-01-26;0;0;0;0;0;0;0;0;0;0;0;0;0;0;0;0;0;0
FR;8;2022-01-27;0;0;0;0;0;0;0;0;0;0;0;0;0;0;0;0;0;0
FR;8;2022-01-28;0;0;0;0;0;0;0;0;0;0;0;0;0;0;0;0;0;0
FR;8;2022-01-29;0;0;0;0;0;0;0;0;0;0;0;0;0;0;0;0;0;0
FR;8;2022-01-30;0;0;0;0;0;0;0;0;0;0;0;0;0;0;0;0;0;0
FR;8;2022-01-31;0;0;0;0;0;0;0;0;0;0;0;0;0;0;0;0;0;0
FR;8;2022-02-01;0;0;0;0;0;0;0;0;0;0;0;0;0;0;0;0;0;0
FR;8;2022-02-02;0;0;0;0;0;0;0;0;0;0;0;0;0;0;0;0;0;0
FR;8;2022-02-03;0;0;0;0;0;0;0;0;0;0;0;0;0;0;0;0;0;0
FR;8;2022-02-04;0;0;0;0;0;0;0;0;0;0;0;0;0;0;0;0;0;0
FR;8;2022-02-05;0;0;0;0;0;0;0;0;0;0;0;0;0;0;0;0;0;0
FR;8;2022-02-06;0;0;0;0;0;0;0;0;0;0;0;0;0;0;0;0;0;0
FR;8;2022-02-07;0;0;0;0;0;0;0;0;0;0;0;0;0;0;0;0;0;0
FR;8;2022-02-08;0;0;0;0;0;0;0;0;0;0;0;0;0;0;0;0;0;0
FR;8;2022-02-09;0;0;0;0;0;0;0;0;0;0;0;0;0;0;0;0;0;0
FR;8;2022-02-10;0;0;0;0;0;0;0;0;0;0;0;0;0;0;0;0;0;0
FR;8;2022-02-11;0;0;0;0;0;0;0;0;0;0;0;0;0;0;0;0;0;0
FR;8;2022-02-12;0;0;0;0;0;0;0;0;0;0;0;0;0;0;0;0;0;0
FR;8;2022-02-13;0;0;0;0;0;0;0;0;0;0;0;0;0;0;0;0;0;0
FR;8;2022-02-14;0;0;0;0;0;0;0;0;0;0;0;0;0;0;0;0;0;0
FR;8;2022-02-15;0;0;0;0;0;0;0;0;0;0;0;0;0;0;0;0;0;0
FR;8;2022-02-16;0;0;0;0;0;0;0;0;0;0;0;0;0;0;0;0;0;0
FR;8;2022-02-17;0;0;0;0;0;0;0;0;0;0;0;0;0;0;0;0;0;0
FR;8;2022-02-18;0;0;0;0;0;0;0;0;0;0;0;0;0;0;0;0;0;0
FR;8;2022-02-19;0;0;0;0;0;0;0;0;0;0;0;0;0;0;0;0;0;0
FR;8;2022-02-20;0;0;0;0;0;0;0;0;0;0;0;0;0;0;0;0;0;0
FR;8;2022-02-21;0;0;0;0;0;0;0;0;0;0;0;0;0;0;0;0;0;0
FR;8;2022-02-22;0;0;0;0;0;0;0;0;0;0;0;0;0;0;0;0;0;0
FR;8;2022-02-23;0;0;0;0;0;0;0;0;0;0;0;0;0;0;0;0;0;0
FR;8;2022-02-24;0;0;0;0;0;0;0;0;0;0;0;0;0;0;0;0;0;0
FR;8;2022-02-25;0;0;0;0;0;0;0;0;0;0;0;0;0;0;0;0;0;0
FR;8;2022-02-26;0;0;0;0;0;0;0;0;0;0;0;0;0;0;0;0;0;0
FR;8;2022-02-27;0;0;0;0;0;0;0;0;0;0;0;0;0;0;0;0;0;0
FR;8;2022-02-28;0;0;0;0;0;0;0;0;0;0;0;0;0;0;0;0;0;0
FR;8;2022-03-01;0;0;0;0;0;0;0;0;0;0;0;0;0;0;0;0;0;0
FR;8;2022-03-02;0;0;0;0;0;0;0;0;0;0;0;0;0;0;0;0;0;0
FR;8;2022-03-03;0;0;0;0;0;0;0;0;0;0;0;0;0;0;0;0;0;0
FR;8;2022-03-04;0;0;0;0;0;0;0;0;0;0;0;0;0;0;0;0;0;0
FR;8;2022-03-05;0;0;0;0;0;0;0;0;0;0;0;0;0;0;0;0;0;0
FR;8;2022-03-06;0;0;0;0;0;0;0;0;0;0;0;0;0;0;0;0;0;0
FR;8;2022-03-07;0;0;0;0;0;0;0;0;0;0;0;0;0;0;0;0;0;0
FR;8;2022-03-08;0;0;0;0;0;0;0;0;0;0;0;0;0;0;0;0;0;0
FR;8;2022-03-09;0;0;0;0;0;0;0;0;0;0;0;0;0;0;0;0;0;0
FR;8;2022-03-10;0;0;0;0;0;0;0;0;0;0;0;0;0;0;0;0;0;0
FR;8;2022-03-11;0;0;0;0;0;0;0;0;0;0;0;0;0;0;0;0;0;0
FR;8;2022-03-12;0;0;0;0;0;0;0;0;0;0;0;0;0;0;0;0;0;0
FR;8;2022-03-13;0;0;0;0;0;0;0;0;0;0;0;0;0;0;0;0;0;0
FR;8;2022-03-14;0;0;0;0;0;0;0;0;0;0;0;0;0;0;0;0;0;0
FR;8;2022-03-15;0;0;0;0;0;0;0;0;0;0;0;0;0;0;0;0;0;0
FR;8;2022-03-16;0;0;0;0;0;0;0;0;0;0;0;0;0;0;0;0;0;0
FR;8;2022-03-17;0;0;0;0;0;0;0;0;0;0;0;0;0;0;0;0;0;0
FR;8;2022-03-18;0;0;0;0;0;0;0;0;0;0;0;0;0;0;0;0;0;0
FR;8;2022-03-19;0;0;0;0;0;0;0;0;0;0;0;0;0;0;0;0;0;0
FR;8;2022-03-20;0;0;0;0;0;0;0;0;0;0;0;0;0;0;0;0;0;0
FR;8;2022-03-21;0;0;0;0;0;0;0;0;0;0;0;0;0;0;0;0;0;0
FR;8;2022-03-22;0;0;0;0;0;0;0;0;0;0;0;0;0;0;0;0;0;0
FR;8;2022-03-23;0;0;0;0;0;0;0;0;0;0;0;0;0;0;0;0;0;0
FR;8;2022-03-24;0;0;0;0;0;0;0;0;0;0;0;0;0;0;0;0;0;0
FR;8;2022-03-25;0;0;0;0;0;0;0;0;0;0;0;0;0;0;0;0;0;0
FR;8;2022-03-26;0;0;0;0;0;0;0;0;0;0;0;0;0;0;0;0;0;0
FR;8;2022-03-27;0;0;0;0;0;0;0;0;0;0;0;0;0;0;0;0;0;0
FR;8;2022-03-28;0;0;0;0;0;0;0;0;0;0;0;0;0;0;0;0;0;0
FR;8;2022-03-29;0;0;0;0;0;0;0;0;0;0;0;0;0;0;0;0;0;0
FR;8;2022-03-30;0;0;0;0;0;0;0;0;0;0;0;0;0;0;0;0;0;0
FR;8;2022-03-31;0;0;0;0;0;0;0;0;0;0;0;0;0;0;0;0;0;0
FR;8;2022-04-01;0;0;0;0;0;0;0;0;0;0;0;0;0;0;0;0;0;0
FR;8;2022-04-02;0;0;0;0;0;0;0;0;0;0;0;0;0;0;0;0;0;0
FR;8;2022-04-03;0;0;0;0;0;0;0;0;0;0;0;0;0;0;0;0;0;0
FR;8;2022-04-04;0;0;0;0;0;0;0;0;0;0;0;0;0;0;0;0;0;0
FR;8;2022-04-05;0;0;0;0;0;0;0;0;0;0;0;0;0;0;0;0;0;0
FR;8;2022-04-06;0;0;0;0;0;0;0;0;0;0;0;0;0;0;0;0;0;0
FR;8;2022-04-07;0;0;0;0;0;0;0;0;0;0;0;0;0;0;0;0;0;0
FR;8;2022-04-08;0;0;0;0;0;0;0;0;0;0;0;0;0;0;0;0;0;0
FR;8;2022-04-09;0;0;0;0;0;0;0;0;0;0;0;0;0;0;0;0;0;0
FR;8;2022-04-10;0;0;0;0;0;0;0;0;0;0;0;0;0;0;0;0;0;0
FR;8;2022-04-11;0;0;0;0;0;0;0;0;0;0;0;0;0;0;0;0;0;0
FR;8;2022-04-12;0;0;0;0;0;0;0;0;0;0;0;0;0;0;0;0;0;0
FR;8;2022-04-13;0;0;0;0;0;0;0;0;0;0;0;0;0;0;0;0;0;0
FR;8;2022-04-14;0;0;0;0;0;0;0;0;0;0;0;0;0;0;0;0;0;0
FR;8;2022-04-15;0;0;0;0;0;0;0;0;0;0;0;0;0;0;0;0;0;0
FR;8;2022-04-16;0;0;0;0;0;0;0;0;0;0;0;0;0;0;0;0;0;0
FR;8;2022-04-17;0;0;0;0;0;0;0;0;0;0;0;0;0;0;0;0;0;0
FR;8;2022-04-18;0;0;0;0;0;0;0;0;0;0;0;0;0;0;0;0;0;0
FR;8;2022-04-19;0;0;0;0;0;0;0;0;0;0;0;0;0;0;0;0;0;0
FR;8;2022-04-20;0;0;0;0;0;0;0;0;0;0;0;0;0;0;0;0;0;0
FR;8;2022-04-21;0;0;0;0;0;0;0;0;0;0;0;0;0;0;0;0;0;0
FR;8;2022-04-22;0;0;0;0;0;0;0;0;0;0;0;0;0;0;0;0;0;0
FR;8;2022-04-23;0;0;0;0;0;0;0;0;0;0;0;0;0;0;0;0;0;0
FR;8;2022-04-24;0;0;0;0;0;0;0;0;0;0;0;0;0;0;0;0;0;0
FR;8;2022-04-25;0;0;0;0;0;0;0;0;0;0;0;0;0;0;0;0;0;0
FR;8;2022-04-26;0;0;0;0;0;0;0;0;0;0;0;0;0;0;0;0;0;0
FR;8;2022-04-27;0;0;0;0;0;0;0;0;0;0;0;0;0;0;0;0;0;0
FR;8;2022-04-28;0;0;0;0;0;0;0;0;0;0;0;0;0;0;0;0;0;0
FR;8;2022-04-29;0;0;0;0;0;0;0;0;0;0;0;0;0;0;0;0;0;0
FR;8;2022-04-30;0;0;0;0;0;0;0;0;0;0;0;0;0;0;0;0;0;0
FR;8;2022-05-01;0;0;0;0;0;0;0;0;0;0;0;0;0;0;0;0;0;0
FR;8;2022-05-02;0;0;0;0;0;0;0;0;0;0;0;0;0;0;0;0;0;0
FR;8;2022-05-03;0;0;0;0;0;0;0;0;0;0;0;0;0;0;0;0;0;0
FR;8;2022-05-04;0;0;0;0;0;0;0;0;0;0;0;0;0;0;0;0;0;0
FR;8;2022-05-05;0;0;0;0;0;0;0;0;0;0;0;0;0;0;0;0;0;0
FR;8;2022-05-06;0;0;0;0;0;0;0;0;0;0;0;0;0;0;0;0;0;0
FR;8;2022-05-07;0;0;0;0;0;0;0;0;0;0;0;0;0;0;0;0;0;0
FR;8;2022-05-08;0;0;0;0;0;0;0;0;0;0;0;0;0;0;0;0;0;0
FR;8;2022-05-09;0;0;0;0;0;0;0;0;0;0;0;0;0;0;0;0;0;0
FR;8;2022-05-10;0;0;0;0;0;0;0;0;0;0;0;0;0;0;0;0;0;0
FR;8;2022-05-11;0;0;0;0;0;0;0;0;0;0;0;0;0;0;0;0;0;0
FR;8;2022-05-12;0;0;0;0;0;0;0;0;0;0;0;0;0;0;0;0;0;0
FR;8;2022-05-13;0;0;0;0;0;0;0;0;0;0;0;0;0;0;0;0;0;0
FR;8;2022-05-14;0;0;0;0;0;0;0;0;0;0;0;0;0;0;0;0;0;0
FR;8;2022-05-15;0;0;0;0;0;0;0;0;0;0;0;0;0;0;0;0;0;0
FR;8;2022-05-16;0;0;0;0;0;0;0;0;0;0;0;0;0;0;0;0;0;0
FR;8;2022-05-17;0;0;0;0;0;0;0;0;0;0;0;0;0;0;0;0;0;0
FR;8;2022-05-18;0;0;0;0;0;0;0;0;0;0;0;0;0;0;0;0;0;0
FR;8;2022-05-19;0;0;0;0;0;0;0;0;0;0;0;0;0;0;0;0;0;0
FR;8;2022-05-20;0;0;0;0;0;0;0;0;0;0;0;0;0;0;0;0;0;0
FR;8;2022-05-21;0;0;0;0;0;0;0;0;0;0;0;0;0;0;0;0;0;0
FR;8;2022-05-22;0;0;0;0;0;0;0;0;0;0;0;0;0;0;0;0;0;0
FR;8;2022-05-23;0;0;0;0;0;0;0;0;0;0;0;0;0;0;0;0;0;0
FR;8;2022-05-24;0;0;0;0;0;0;0;0;0;0;0;0;0;0;0;0;0;0
FR;8;2022-05-25;0;0;0;0;0;0;0;0;0;0;0;0;0;0;0;0;0;0
FR;8;2022-05-26;0;0;0;0;0;0;0;0;0;0;0;0;0;0;0;0;0;0
FR;8;2022-05-27;0;0;0;0;0;0;0;0;0;0;0;0;0;0;0;0;0;0
FR;8;2022-05-28;0;0;0;0;0;0;0;0;0;0;0;0;0;0;0;0;0;0
FR;8;2022-05-29;0;0;0;0;0;0;0;0;0;0;0;0;0;0;0;0;0;0
FR;8;2022-05-30;0;0;0;0;0;0;0;0;0;0;0;0;0;0;0;0;0;0
FR;8;2022-05-31;0;0;0;0;0;0;0;0;0;0;0;0;0;0;0;0;0;0
FR;8;2022-06-01;0;0;0;0;0;0;0;0;0;0;0;0;0;0;0;0;0;0
FR;8;2022-06-02;0;0;0;0;0;0;0;0;0;0;0;0;0;0;0;0;0;0
FR;8;2022-06-03;0;0;0;0;0;0;0;0;0;0;0;0;0;0;0;0;0;0
FR;8;2022-06-04;0;0;0;0;0;0;0;0;0;0;0;0;0;0;0;0;0;0
FR;8;2022-06-05;0;0;0;0;0;0;0;0;0;0;0;0;0;0;0;0;0;0
FR;8;2022-06-06;0;0;0;0;0;0;0;0;0;0;0;0;0;0;0;0;0;0
FR;8;2022-06-07;0;0;0;0;0;0;0;0;0;0;0;0;0;0;0;0;0;0
FR;8;2022-06-08;0;0;0;0;0;0;0;0;0;0;0;0;0;0;0;0;0;0
FR;8;2022-06-09;0;0;0;0;0;0;0;0;0;0;0;0;0;0;0;0;0;0
FR;8;2022-06-10;0;0;0;0;0;0;0;0;0;0;0;0;0;0;0;0;0;0
FR;8;2022-06-11;0;0;0;0;0;0;0;0;0;0;0;0;0;0;0;0;0;0
FR;8;2022-06-12;0;0;0;0;0;0;0;0;0;0;0;0;0;0;0;0;0;0
FR;8;2022-06-13;0;0;0;0;0;0;0;0;0;0;0;0;0;0;0;0;0;0
FR;8;2022-06-14;0;0;0;0;0;0;0;0;0;0;0;0;0;0;0;0;0;0
FR;8;2022-06-15;0;0;0;0;0;0;0;0;0;0;0;0;0;0;0;0;0;0
FR;8;2022-06-16;0;0;0;0;0;0;0;0;0;0;0;0;0;0;0;0;0;0
FR;8;2022-06-17;0;0;0;0;0;0;0;0;0;0;0;0;0;0;0;0;0;0
FR;8;2022-06-18;0;0;0;0;0;0;0;0;0;0;0;0;0;0;0;0;0;0
FR;8;2022-06-19;0;0;0;0;0;0;0;0;0;0;0;0;0;0;0;0;0;0
FR;8;2022-06-20;0;0;0;0;0;0;0;0;0;0;0;0;0;0;0;0;0;0
FR;8;2022-06-21;0;0;0;0;0;0;0;0;0;0;0;0;0;0;0;0;0;0
FR;8;2022-06-22;0;0;0;0;0;0;0;0;0;0;0;0;0;0;0;0;0;0
FR;8;2022-06-23;0;0;0;0;0;0;0;0;0;0;0;0;0;0;0;0;0;0
FR;8;2022-06-24;0;0;0;0;0;0;0;0;0;0;0;0;0;0;0;0;0;0
FR;8;2022-06-25;0;0;0;0;0;0;0;0;0;0;0;0;0;0;0;0;0;0
FR;8;2022-06-26;0;0;0;0;0;0;0;0;0;0;0;0;0;0;0;0;0;0
FR;8;2022-06-27;0;0;0;0;0;0;0;0;0;0;0;0;0;0;0;0;0;0
FR;8;2022-06-28;0;0;0;0;0;0;0;0;0;0;0;0;0;0;0;0;0;0
FR;8;2022-06-29;0;0;0;0;0;0;0;0;0;0;0;0;0;0;0;0;0;0
FR;8;2022-06-30;0;0;0;0;0;0;0;0;0;0;0;0;0;0;0;0;0;0
FR;8;2022-07-01;0;0;0;0;0;0;0;0;0;0;0;0;0;0;0;0;0;0
FR;8;2022-07-02;0;0;0;0;0;0;0;0;0;0;0;0;0;0;0;0;0;0
FR;8;2022-07-03;0;0;0;0;0;0;0;0;0;0;0;0;0;0;0;0;0;0
FR;8;2022-07-04;0;0;0;0;0;0;0;0;0;0;0;0;0;0;0;0;0;0
FR;8;2022-07-05;0;0;0;0;0;0;0;0;0;0;0;0;0;0;0;0;0;0
FR;8;2022-07-06;0;0;0;0;0;0;0;0;0;0;0;0;0;0;0;0;0;0
FR;8;2022-07-07;0;0;0;0;0;0;0;0;0;0;0;0;0;0;0;0;0;0
FR;8;2022-07-08;0;0;0;0;0;0;0;0;0;0;0;0;0;0;0;0;0;0
FR;8;2022-07-09;0;0;0;0;0;0;0;0;0;0;0;0;0;0;0;0;0;0
FR;8;2022-07-10;0;0;0;0;0;0;0;0;0;0;0;0;0;0;0;0;0;0
FR;8;2022-07-11;0;0;0;0;0;0;0;0;0;0;0;0;0;0;0;0;0;0
FR;8;2022-07-12;0;0;0;0;0;0;0;0;0;0;0;0;0;0;0;0;0;0
FR;8;2022-07-13;0;0;0;0;0;0;0;0;0;0;0;0;0;0;0;0;0;0
FR;8;2022-07-14;0;0;0;0;0;0;0;0;0;0;0;0;0;0;0;0;0;0
FR;8;2022-07-15;0;0;0;0;0;0;0;0;0;0;0;0;0;0;0;0;0;0
FR;8;2022-07-16;0;0;0;0;0;0;0;0;0;0;0;0;0;0;0;0;0;0
FR;8;2022-07-17;0;0;0;0;0;0;0;0;0;0;0;0;0;0;0;0;0;0
FR;8;2022-07-18;0;0;0;0;0;0;0;0;0;0;0;0;0;0;0;0;0;0
FR;8;2022-07-19;0;0;0;0;0;0;0;0;0;0;0;0;0;0;0;0;0;0
FR;8;2022-07-20;0;0;0;0;0;0;0;0;0;0;0;0;0;0;0;0;0;0
FR;8;2022-07-21;0;0;0;0;0;0;0;0;0;0;0;0;0;0;0;0;0;0
FR;8;2022-07-22;0;0;0;0;0;0;0;0;0;0;0;0;0;0;0;0;0;0
FR;8;2022-07-23;0;0;0;0;0;0;0;0;0;0;0;0;0;0;0;0;0;0
FR;8;2022-07-24;0;0;0;0;0;0;0;0;0;0;0;0;0;0;0;0;0;0
FR;8;2022-07-25;0;0;0;0;0;0;0;0;0;0;0;0;0;0;0;0;0;0
FR;8;2022-07-26;0;0;0;0;0;0;0;0;0;0;0;0;0;0;0;0;0;0
FR;8;2022-07-27;0;0;0;0;0;0;0;0;0;0;0;0;0;0;0;0;0;0
FR;8;2022-07-28;0;0;0;0;0;0;0;0;0;0;0;0;0;0;0;0;0;0
FR;8;2022-07-29;0;0;0;0;0;0;0;0;0;0;0;0;0;0;0;0;0;0
FR;8;2022-07-30;0;0;0;0;0;0;0;0;0;0;0;0;0;0;0;0;0;0
FR;8;2022-07-31;0;0;0;0;0;0;0;0;0;0;0;0;0;0;0;0;0;0
FR;8;2022-08-01;0;0;0;0;0;0;0;0;0;0;0;0;0;0;0;0;0;0
FR;8;2022-08-02;0;0;0;0;0;0;0;0;0;0;0;0;0;0;0;0;0;0
FR;8;2022-08-03;0;0;0;0;0;0;0;0;0;0;0;0;0;0;0;0;0;0
FR;8;2022-08-04;0;0;0;0;0;0;0;0;0;0;0;0;0;0;0;0;0;0
FR;8;2022-08-05;0;0;0;0;0;0;0;0;0;0;0;0;0;0;0;0;0;0
FR;8;2022-08-06;0;0;0;0;0;0;0;0;0;0;0;0;0;0;0;0;0;0
FR;8;2022-08-07;0;0;0;0;0;0;0;0;0;0;0;0;0;0;0;0;0;0
FR;8;2022-08-08;0;0;0;0;0;0;0;0;0;0;0;0;0;0;0;0;0;0
FR;8;2022-08-09;0;0;0;0;0;0;0;0;0;0;0;0;0;0;0;0;0;0
FR;8;2022-08-10;0;0;0;0;0;0;0;0;0;0;0;0;0;0;0;0;0;0
FR;8;2022-08-11;0;0;0;0;0;0;0;0;0;0;0;0;0;0;0;0;0;0
FR;8;2022-08-12;0;0;0;0;0;0;0;0;0;0;0;0;0;0;0;0;0;0
FR;8;2022-08-13;0;0;0;0;0;0;0;0;0;0;0;0;0;0;0;0;0;0
FR;8;2022-08-14;0;0;0;0;0;0;0;0;0;0;0;0;0;0;0;0;0;0
FR;8;2022-08-15;0;0;0;0;0;0;0;0;0;0;0;0;0;0;0;0;0;0
FR;8;2022-08-16;0;0;0;0;0;0;0;0;0;0;0;0;0;0;0;0;0;0
FR;8;2022-08-17;0;0;0;0;0;0;0;0;0;0;0;0;0;0;0;0;0;0
FR;8;2022-08-18;0;0;0;0;0;0;0;0;0;0;0;0;0;0;0;0;0;0
FR;8;2022-08-19;0;0;0;0;0;0;0;0;0;0;0;0;0;0;0;0;0;0
FR;8;2022-08-20;0;0;0;0;0;0;0;0;0;0;0;0;0;0;0;0;0;0
FR;8;2022-08-21;0;0;0;0;0;0;0;0;0;0;0;0;0;0;0;0;0;0
FR;8;2022-08-22;0;0;0;0;0;0;0;0;0;0;0;0;0;0;0;0;0;0
FR;8;2022-08-23;0;0;0;0;0;0;0;0;0;0;0;0;0;0;0;0;0;0
FR;8;2022-08-24;0;0;0;0;0;0;0;0;0;0;0;0;0;0;0;0;0;0
FR;8;2022-08-25;0;0;0;0;0;0;0;0;0;0;0;0;0;0;0;0;0;0
FR;8;2022-08-26;0;0;0;0;0;0;0;0;0;0;0;0;0;0;0;0;0;0
FR;8;2022-08-27;0;0;0;0;0;0;0;0;0;0;0;0;0;0;0;0;0;0
FR;8;2022-08-28;0;0;0;0;0;0;0;0;0;0;0;0;0;0;0;0;0;0
FR;8;2022-08-29;0;0;0;0;0;0;0;0;0;0;0;0;0;0;0;0;0;0
FR;8;2022-08-30;0;0;0;0;0;0;0;0;0;0;0;0;0;0;0;0;0;0
FR;8;2022-08-31;0;0;0;0;0;0;0;0;0;0;0;0;0;0;0;0;0;0
FR;8;2022-09-01;0;0;0;0;0;0;0;0;0;0;0;0;0;0;0;0;0;0
FR;8;2022-09-02;0;0;0;0;0;0;0;0;0;0;0;0;0;0;0;0;0;0
FR;8;2022-09-03;0;0;0;0;0;0;0;0;0;0;0;0;0;0;0;0;0;0
FR;8;2022-09-04;0;0;0;0;0;0;0;0;0;0;0;0;0;0;0;0;0;0
FR;8;2022-09-05;0;0;0;0;0;0;0;0;0;0;0;0;0;0;0;0;0;0
FR;8;2022-09-06;0;0;0;0;0;0;0;0;0;0;0;0;0;0;0;0;0;0
FR;8;2022-09-07;0;0;0;0;0;0;0;0;0;0;0;0;0;0;0;0;0;0
FR;8;2022-09-08;0;0;0;0;0;0;0;0;0;0;0;0;0;0;0;0;0;0
FR;8;2022-09-09;0;0;0;0;0;0;0;0;0;0;0;0;0;0;0;0;0;0
FR;8;2022-09-10;0;0;0;0;0;0;0;0;0;0;0;0;0;0;0;0;0;0
FR;8;2022-09-11;0;0;0;0;0;0;0;0;0;0;0;0;0;0;0;0;0;0
FR;8;2022-09-12;0;0;0;0;0;0;0;0;0;0;0;0;0;0;0;0;0;0
FR;8;2022-09-13;0;0;0;0;0;0;0;0;0;0;0;0;0;0;0;0;0;0
FR;8;2022-09-14;0;0;0;0;0;0;0;0;0;0;0;0;0;0;0;0;0;0
FR;8;2022-09-15;0;0;0;0;0;0;0;0;0;0;0;0;0;0;0;0;0;0
FR;8;2022-09-16;0;0;0;0;0;0;0;0;0;0;0;0;0;0;0;0;0;0
FR;8;2022-09-17;0;0;0;0;0;0;0;0;0;0;0;0;0;0;0;0;0;0
FR;8;2022-09-18;0;0;0;0;0;0;0;0;0;0;0;0;0;0;0;0;0;0
FR;8;2022-09-19;0;0;0;0;0;0;0;0;0;0;0;0;0;0;0;0;0;0
FR;8;2022-09-20;0;0;0;0;0;0;0;0;0;0;0;0;0;0;0;0;0;0
FR;8;2022-09-21;0;0;0;0;0;0;0;0;0;0;0;0;0;0;0;0;0;0
FR;8;2022-09-22;0;0;0;0;0;0;0;0;0;0;0;0;0;0;0;0;0;0
FR;8;2022-09-23;0;0;0;0;0;0;0;0;0;0;0;0;0;0;0;0;0;0
FR;8;2022-09-24;0;0;0;0;0;0;0;0;0;0;0;0;0;0;0;0;0;0
FR;8;2022-09-25;0;0;0;0;0;0;0;0;0;0;0;0;0;0;0;0;0;0
FR;8;2022-09-26;0;0;0;0;0;0;0;0;0;0;0;0;0;0;0;0;0;0
FR;8;2022-09-27;0;0;0;0;0;0;0;0;0;0;0;0;0;0;0;0;0;0
FR;8;2022-09-28;0;0;0;0;0;0;0;0;0;0;0;0;0;0;0;0;0;0
FR;8;2022-09-29;0;0;0;0;0;0;0;0;0;0;0;0;0;0;0;0;0;0
FR;8;2022-09-30;0;0;0;0;0;0;0;0;0;0;0;0;0;0;0;0;0;0
FR;8;2022-10-01;0;0;0;0;0;0;0;0;0;0;0;0;0;0;0;0;0;0
FR;8;2022-10-02;0;0;0;0;0;0;0;0;0;0;0;0;0;0;0;0;0;0
FR;8;2022-10-03;0;0;0;0;0;0;0;0;0;0;0;0;0;0;0;0;0;0
FR;8;2022-10-04;0;0;0;0;0;0;0;0;0;0;0;0;0;0;0;0;0;0
FR;8;2022-10-05;0;0;0;0;0;0;0;0;0;0;0;0;0;0;0;0;0;0
FR;8;2022-10-06;13;17;113;861;8;83;866;1059;110;13;17;113;861;8;83;866;1059;110
FR;8;2022-10-07;75;103;842;8012;63;699;8066;9845;1073;88;120;955;8873;71;782;8932;10904;1183
FR;8;2022-10-08;36;115;610;4057;50;516;4109;5310;676;124;235;1565;12930;121;1298;13041;16214;1859
FR;8;2022-10-09;17;22;145;885;13;132;913;1234;185;141;257;1710;13815;134;1430;13954;17448;2044
FR;8;2022-10-10;124;192;1351;12751;106;1044;12982;16301;2253;265;449;3061;26566;240;2474;26936;33749;4297
FR;8;2022-10-11;198;264;2476;26927;136;2012;27198;33964;4717;463;713;5537;53493;376;4486;54134;67713;9014
FR;8;2022-10-12;161;258;1831;18238;152;1441;18474;23474;3535;624;971;7368;71731;528;5927;72608;91187;12549
FR;8;2022-10-13;209;281;2512;28077;178;1905;28441;35580;5206;833;1252;9880;99808;706;7832;101049;126767;17755
FR;8;2022-10-14;257;419;3272;36247;241;2557;36672;45578;6307;1090;1671;13152;136055;947;10389;137721;172345;24062
FR;8;2022-10-15;105;182;1203;8806;79;1002;8932;11783;1829;1195;1853;14355;144861;1026;11391;146653;184128;25891
FR;8;2022-10-16;34;54;248;1522;26;215;1557;2179;402;1229;1907;14603;146383;1052;11606;148210;186307;26293
FR;8;2022-10-17;159;313;2101;21806;175;1631;22113;28302;4536;1388;2220;16704;168189;1227;13237;170323;214609;30829
FR;8;2022-10-18;274;350;3356;37862;227;2654;38245;50787;9815;1662;2570;20060;206051;1454;15891;208568;265396;40644
FR;8;2022-10-19;203;314;2632;28300;183;2187;28620;38730;7862;1865;2884;22692;234351;1637;18078;237188;304126;48506
FR;8;2022-10-20;257;368;3577;41211;229;2653;41816;55721;11167;2122;3252;26269;275562;1866;20731;279004;359847;59673
FR;8;2022-10-21;325;489;4461;49419;276;3475;50018;66308;12716;2447;3741;30730;324981;2142;24206;329022;426155;72389
FR;8;2022-10-22;127;168;1230;10665;111;927;10851;14746;2949;2574;3909;31960;335646;2253;25133;339873;440901;75338
FR;8;2022-10-23;50;53;266;1762;48;197;1841;2610;571;2624;3962;32226;337408;2301;25330;341714;443511;75909
FR;8;2022-10-24;231;311;2475;24045;174;2074;24343;33552;7084;2855;4273;34701;361453;2475;27404;366057;477063;82993
FR;8;2022-10-25;307;417;4082;43467;257;3138;44066;61316;14009;3162;4690;38783;404920;2732;30542;410123;538379;97002
FR;8;2022-10-26;228;343;2885;28761;186;2381;29040;41472;9963;3390;5033;41668;433681;2918;32923;439163;579851;106965
FR;8;2022-10-27;277;415;3330;36200;243;2636;36676;51266;11889;3667;5448;44998;469881;3161;35559;475839;631117;118854
FR;8;2022-10-28;329;466;3829;39480;258;2864;40203;55137;12001;3996;5914;48827;509361;3419;38423;516042;686254;130855
FR;8;2022-10-29;113;165;1074;8230;94;803;8374;11861;2667;4109;6079;49901;517591;3513;39226;524416;698115;133522
FR;8;2022-10-30;40;53;210;1348;38;180;1394;2063;485;4149;6132;50111;518939;3551;39406;525810;700178;134007
FR;8;2022-10-31;196;260;1665;14543;145;1277;14808;21209;5106;4345;6392;51776;533482;3696;40683;540618;721387;139113
FR;8;2022-11-01;49;43;137;963;25;171;978;1626;474;4394;6435;51913;534445;3721;40854;541596;723013;139587
FR;8;2022-11-02;199;371;2377;23320;205;1982;23714;35067;9304;4593;6806;54290;557765;3926;42836;565310;758080;148891
FR;8;2022-11-03;311;419;3487;36969;260;2604;37612;54691;14376;4904;7225;57777;594734;4186;45440;602922;812771;163267
FR;8;2022-11-04;356;497;3784;40210;262;2976;40733;57999;14179;5260;7722;61561;634944;4448;48416;643655;870770;177446
FR;8;2022-11-05;113;188;1103;8769;122;850;8936;12891;3070;5373;7910;62664;643713;4570;49266;652591;883661;180516
FR;8;2022-11-06;45;56;224;1409;38;205;1442;2250;593;5418;7966;62888;645122;4608;49471;654033;885911;181109
FR;8;2022-11-07;260;281;2324;24844;208;1799;25432;37630;10331;5678;8247;65212;669966;4816;51270;679465;923541;191440
FR;8;2022-11-08;366;507;4340;48401;308;3266;49380;71628;18820;6044;8754;69552;718367;5124;54536;728845;995169;210260
FR;8;2022-11-09;269;370;2879;29183;212;2263;29868;44486;12271;6313;9124;72431;747550;5336;56799;758713;1039655;222531
FR;8;2022-11-10;369;544;3958;40291;313;3028;41203;60577;16206;6682;9668;76389;787841;5649;59827;799916;1100232;238737
FR;8;2022-11-11;40;63;243;1480;34;204;1526;2676;933;6722;9731;76632;789321;5683;60031;801442;1102908;239670
FR;8;2022-11-12;84;165;881;6433;79;687;6636;9894;2552;6806;9896;77513;795754;5762;60718;808078;1112802;242222
FR;8;2022-11-13;36;54;213;1110;35;173;1162;1927;586;6842;9950;77726;796864;5797;60891;809240;1114729;242808
FR;8;2022-11-14;235;307;2242;22462;168;1725;23004;35116;10312;7077;10257;79968;819326;5965;62616;832244;1149845;253120
FR;8;2022-11-15;348;429;3766;42362;263;2871;43269;64818;18544;7425;10686;83734;861688;6228;65487;875513;1214663;271664
FR;8;2022-11-16;308;353;2621;26556;221;2158;27029;41770;12498;7733;11039;86355;888244;6449;67645;902542;1256433;284162
FR;8;2022-11-17;373;431;3386;36877;293;2617;37455;56665;16494;8106;11470;89741;925121;6742;70262;939997;1313098;300656
FR;8;2022-11-18;346;468;4073;42326;290;2977;43177;63687;17429;8452;11938;93814;967447;7032;73239;983174;1376785;318085
FR;8;2022-11-19;121;182;1198;8974;121;844;9156;13833;3795;8573;12120;95012;976421;7153;74083;992330;1390618;321880
FR;8;2022-11-20;35;54;260;1585;38;217;1653;2663;788;8608;12174;95272;978006;7191;74300;993983;1393281;322668
FR;8;2022-11-21;218;303;2078;20125;178;1601;20656;32173;9849;8826;12477;97350;998131;7369;75901;1014639;1425454;332517
FR;8;2022-11-22;338;408;3476;37566;252;2673;38083;58189;17322;9164;12885;100826;1035697;7621;78574;1052722;1483643;349839
FR;8;2022-11-23;234;327;2415;24440;192;2018;24869;39227;12258;9398;13212;103241;1060137;7813;80592;1077591;1522870;362097
FR;8;2022-11-24;349;391;3373;34920;238;2581;35608;55383;17095;9747;13603;106614;1095057;8051;83173;1113199;1578253;379192
FR;8;2022-11-25;311;428;3633;37739;291;2625;38537;57853;16567;10058;14031;110247;1132796;8342;85798;1151736;1636106;395759
FR;8;2022-11-26;172;195;1177;8819;127;898;8976;13689;3784;10230;14226;111424;1141615;8469;86696;1160712;1649795;399543
FR;8;2022-11-27;45;43;227;1545;38;180;1561;2472;721;10275;14269;111651;1143160;8507;86876;1162273;1652267;400264
FR;8;2022-11-28;184;301;2309;23380;172;1703;24044;37329;11508;10459;14570;113960;1166540;8679;88579;1186317;1689596;411772
FR;8;2022-11-29;293;428;3978;44084;217;2943;44770;69162;21326;10752;14998;117938;1210624;8896;91522;1231087;1758758;433098
FR;8;2022-11-30;283;412;3377;34888;228;2545;35652;54726;16411;11035;15410;121315;1245512;9124;94067;1266739;1813484;449509
FR;8;2022-12-01;334;476;4478;49380;274;3132;50156;77730;24279;11369;15886;125793;1294892;9398;97199;1316895;1891214;473788
FR;8;2022-12-02;410;521;5438;58452;307;3742;59629;89818;26257;11779;16407;131231;1353344;9705;100941;1376524;1981032;500045
FR;8;2022-12-03;178;218;1917;16860;108;1327;17272;25842;7207;11957;16625;133148;1370204;9813;102268;1393796;2006874;507252
FR;8;2022-12-04;53;90;489;4056;59;404;4116;6288;1756;12010;16715;133637;1374260;9872;102672;1397912;2013162;509008
FR;8;2022-12-05;294;406;3848;42365;249;2515;43288;66941;20989;12304;17121;137485;1416625;10121;105187;1441200;2080103;529997
FR;8;2022-12-06;428;552;6299;74323;311;4213;75742;117944;37743;12732;17673;143784;1490948;10432;109400;1516942;2198047;567740
FR;8;2022-12-07;364;438;4908;55030;266;3244;56116;87698;28143;13096;18111;148692;1545978;10698;112644;1573058;2285745;595883
FR;8;2022-12-08;454;539;6447;75453;297;4197;77035;120480;38987;13550;18650;155139;1621431;10995;116841;1650093;2406225;634870
FR;8;2022-12-09;546;605;8021;90901;357;5214;92668;143007;44857;14096;19255;163160;1712332;11352;122055;1742761;2549232;679727
FR;8;2022-12-10;264;352;3341;31718;219;2089;32564;48738;13994;14360;19607;166501;1744050;11571;124144;1775325;2597970;693721
FR;8;2022-12-11;90;105;937;7865;66;645;8083;11893;3145;14450;19712;167438;1751915;11637;124789;1783408;2609863;696866
FR;8;2022-12-12;356;464;5859;64347;255;3729;65859;103401;33615;14806;20176;173297;1816262;11892;128518;1849267;2713264;730481
FR;8;2022-12-13;537;611;8430;99122;358;5206;101562;160225;53122;15343;20787;181727;1915384;12250;133724;1950829;2873489;783603
FR;8;2022-12-14;457;534;6363;70057;307;4213;71637;113498;37378;15800;21321;188090;1985441;12557;137937;2022466;2986987;820981
FR;8;2022-12-15;493;660;8161;91747;375;5142;93958;149261;49820;16293;21981;196251;2077188;12932;143079;2116424;3136248;870801
FR;8;2022-12-16;580;712;8876;100313;388;5709;102443;161931;53404;16873;22693;205127;2177501;13320;148788;2218867;3298179;924205
FR;8;2022-12-17;234;308;3145;30071;190;2004;30842;46781;13830;17107;23001;208272;2207572;13510;150792;2249709;3344960;938035
FR;8;2022-12-18;63;94;732;5974;50;499;6122;9296;2646;17170;23095;209004;2213546;13560;151291;2255831;3354256;940681
FR;8;2022-12-19;401;453;5344;53768;265;3368;55331;87760;28879;17571;23548;214348;2267314;13825;154659;2311162;3442016;969560
FR;8;2022-12-20;555;582;7347;76591;349;4755;78687;127125;43355;18126;24130;221695;2343905;14174;159414;2389849;3569141;1012915
FR;8;2022-12-21;425;482;4970;48810;288;3325;50102;81791;28166;18551;24612;226665;2392715;14462;162739;2439951;3650932;1041081
FR;8;2022-12-22;463;526;4588;44283;315;3188;45502;74794;25949;19014;25138;231253;2436998;14777;165927;2485453;3725726;1067030
FR;8;2022-12-23;320;390;2886;25049;253;2101;25697;42323;14407;19334;25528;234139;2462047;15030;168028;2511150;3768049;1081437
FR;8;2022-12-24;70;70;395;2551;41;295;2665;4151;1174;19404;25598;234534;2464598;15071;168323;2513815;3772200;1082611
FR;8;2022-12-25;29;30;106;546;22;84;567;914;260;19433;25628;234640;2465144;15093;168407;2514382;3773114;1082871
FR;8;2022-12-26;244;278;2158;16090;180;1507;16704;26810;8504;19677;25906;236798;2481234;15273;169914;2531086;3799924;1091375
FR;8;2022-12-27;393;453;3776;32420;265;2534;33515;55321;19125;20070;26359;240574;2513654;15538;172448;2564601;3855245;1110500
FR;8;2022-12-28;344;343;2941;24666;192;2055;25254;41763;14334;20414;26702;243515;2538320;15730;174503;2589855;3897008;1124834
FR;8;2022-12-29;298;408;3159;25513;226;2187;26465;43973;15191;20712;27110;246674;2563833;15956;176690;2616320;3940981;1140025
FR;8;2022-12-30;299;344;2445;18677;217;1703;19319;31741;10611;21011;27454;249119;2582510;16173;178393;2635639;3972722;1150636
FR;8;2022-12-31;92;117;453;2959;75;364;3102;4755;1269;21103;27571;249572;2585469;16248;178757;2638741;3977477;1151905
FR;8;2023-01-01;17;30;112;661;14;85;684;995;225;21120;27601;249684;2586130;16262;178842;2639425;3978472;1152130
FR;8;2023-01-02;281;412;2267;18224;244;1614;18684;32077;11694;21401;28013;251951;2604354;16506;180456;2658109;4010549;1163824
FR;8;2023-01-03;473;543;4251;42808;323;2915;43724;80860;33898;21874;28556;256202;2647162;16829;183371;2701833;4091409;1197722
FR;8;2023-01-04;412;477;3494;29985;295;2424;30740;58278;24927;22286;29033;259696;2677147;17124;185795;2732573;4149687;1222649
FR;8;2023-01-05;504;599;4370;41814;401;2934;42708;82001;36039;22790;29632;264066;2718961;17525;188729;2775281;4231688;1258688
FR;8;2023-01-06;515;670;5108;46737;405;3346;47750;89696;38269;23305;30302;269174;2765698;17930;192075;2823031;4321384;1296957
FR;8;2023-01-07;219;289;1703;12300;182;1198;12614;22347;8435;23524;30591;270877;2777998;18112;193273;2835645;4343731;1305392
FR;8;2023-01-08;68;105;443;2744;64;312;2839;5094;1926;23592;30696;271320;2780742;18176;193585;2838484;4348825;1307318
FR;8;2023-01-09;404;480;2621;21481;312;1845;22051;44582;20466;23996;31176;273941;2802223;18488;195430;2860535;4393407;1327784
FR;8;2023-01-10;462;627;4348;40172;392;3065;40936;85038;40653;24458;31803;278289;2842395;18880;198495;2901471;4478445;1368437
FR;8;2023-01-11;349;460;2949;24113;287;2115;24624;51474;24443;24807;32263;281238;2866508;19167;200610;2926095;4529919;1392880
FR;8;2023-01-12;410;542;3657;33167;332;2574;33788;70819;34087;25217;32805;284895;2899675;19499;203184;2959883;4600738;1426967
FR;8;2023-01-13;447;590;4049;34891;339;2863;35485;72859;34132;25664;33395;288944;2934566;19838;206047;2995368;4673597;1461099
FR;8;2023-01-14;178;229;1340;8858;123;956;9040;17182;7106;25842;33624;290284;2943424;19961;207003;3004408;4690779;1468205
FR;8;2023-01-15;63;87;329;1479;53;244;1585;3186;1345;25905;33711;290613;2944903;20014;207247;3005993;4693965;1469550
FR;8;2023-01-16;267;339;1997;15749;198;1433;16010;35206;17560;26172;34050;292610;2960652;20212;208680;3022003;4729171;1487110
FR;8;2023-01-17;361;453;3248;28163;281;2321;28671;64506;33107;26533;34503;295858;2988815;20493;211001;3050674;4793677;1520217
FR;8;2023-01-18;266;407;2191;16822;247;1668;17066;38333;19344;26799;34910;298049;3005637;20740;212669;3067740;4832010;1539561
FR;8;2023-01-19;355;413;2666;22305;251;1949;22653;51213;26239;27154;35323;300715;3027942;20991;214618;3090393;4883223;1565800
FR;8;2023-01-20;405;506;3175;24804;306;2340;25286;56594;28587;27559;35829;303890;3052746;21297;216958;3115679;4939817;1594387
FR;8;2023-01-21;147;189;1004;6114;102;732;6241;12899;5829;27706;36018;304894;3058860;21399;217690;3121920;4952716;1600216
FR;8;2023-01-22;31;52;156;833;23;138;878;1880;844;27737;36070;305050;3059693;21422;217828;3122798;4954596;1601060
FR;8;2023-01-23;215;299;1588;10613;163;1162;10833;26664;14421;27952;36369;306638;3070306;21585;218990;3133631;4981260;1615481
FR;8;2023-01-24;305;419;2408;20002;250;1795;20263;49917;27441;28257;36788;309046;3090308;21835;220785;3153894;5031177;1642922
FR;8;2023-01-25;241;378;1799;12091;230;1323;12492;29958;15877;28498;37166;310845;3102399;22065;222108;3166386;5061135;1658799
FR;8;2023-01-26;299;383;2220;16482;262;1640;16759;41506;22718;28797;37549;313065;3118881;22327;223748;3183145;5102641;1681517
FR;8;2023-01-27;311;494;2459;17866;299;1841;18102;44176;23809;29108;38043;315524;3136747;22626;225589;3201247;5146817;1705326
FR;8;2023-01-28;125;187;766;4327;124;599;4442;9721;4591;29233;38230;316290;3141074;22750;226188;3205689;5156538;1709917
FR;8;2023-01-29;26;43;86;438;28;67;470;1058;513;29259;38273;316376;3141512;22778;226255;3206159;5157596;1710430
FR;8;2023-01-30;207;314;1227;7965;186;1012;8129;20455;11065;29466;38587;317603;3149477;22964;227267;3214288;5178051;1721495
FR;8;2023-01-31;272;381;1914;13587;234;1420;13813;36226;20702;29738;38968;319517;3163064;23198;228687;3228101;5214277;1742197
FR;8;2023-02-01;247;344;1331;8018;223;1089;8138;21686;12181;29985;39312;320848;3171082;23421;229776;3236239;5235963;1754378
FR;8;2023-02-02;257;383;1572;11462;231;1280;11684;31030;17705;30242;39695;322420;3182544;23652;231056;3247923;5266993;1772083
FR;8;2023-02-03;279;448;1847;12109;286;1437;12291;32951;18842;30521;40143;324267;3194653;23938;232493;3260214;5299944;1790925
FR;8;2023-02-04;118;159;568;2954;109;461;2996;7184;3656;30639;40302;324835;3197607;24047;232954;3263210;5307128;1794581
FR;8;2023-02-05;10;53;65;224;31;60;239;571;264;30649;40355;324900;3197831;24078;233014;3263449;5307699;1794845
FR;8;2023-02-06;184;241;941;5171;169;702;5355;15006;8717;30833;40596;325841;3203002;24247;233716;3268804;5322705;1803562
FR;8;2023-02-07;234;388;1456;9421;262;1182;9561;27542;16391;31067;40984;327297;3212423;24509;234898;3278365;5350247;1819953
FR;8;2023-02-08;172;250;1019;5839;171;808;5986;16524;9449;31239;41234;328316;3218262;24680;235706;3284351;5366771;1829402
FR;8;2023-02-09;236;384;1175;7544;246;983;7728;22227;13188;31475;41618;329491;3225806;24926;236689;3292079;5388998;1842590
FR;8;2023-02-10;277;362;1399;7953;244;1157;8087;23126;13500;31752;41980;330890;3233759;25170;237846;3300166;5412124;1856090
FR;8;2023-02-11;88;145;470;2015;100;402;2092;5228;2665;31840;42125;331360;3235774;25270;238248;3302258;5417352;1858755
FR;8;2023-02-12;26;31;51;163;25;45;184;425;189;31866;42156;331411;3235937;25295;238293;3302442;5417777;1858944
FR;8;2023-02-13;130;205;671;3165;128;607;3260;9295;5291;31996;42361;332082;3239102;25423;238900;3305702;5427072;1864235
FR;8;2023-02-14;190;264;1061;5700;160;891;5846;17108;10073;32186;42625;333143;3244802;25583;239791;3311548;5444180;1874308
FR;8;2023-02-15;164;254;847;3875;145;726;4047;11820;6845;32350;42879;333990;3248677;25728;240517;3315595;5456000;1881153
FR;8;2023-02-16;168;305;999;4918;172;853;5061;14620;8456;32518;43184;334989;3253595;25900;241370;3320656;5470620;1889609
FR;8;2023-02-17;227;317;1101;5202;223;941;5425;15938;9313;32745;43501;336090;3258797;26123;242311;3326081;5486558;1898922
FR;8;2023-02-18;95;130;395;1491;86;312;1565;3902;1969;32840;43631;336485;3260288;26209;242623;3327646;5490460;1900891
FR;8;2023-02-19;22;36;43;132;31;35;135;333;159;32862;43667;336528;3260420;26240;242658;3327781;5490793;1901050
FR;8;2023-02-20;140;257;637;2678;161;591;2793;8195;4665;33002;43924;337165;3263098;26401;243249;3330574;5498988;1905715
FR;8;2023-02-21;178;307;965;4292;163;840;4495;13563;7951;33180;44231;338130;3267390;26564;244089;3335069;5512551;1913666
FR;8;2023-02-22;156;255;663;2771;171;622;2804;8636;5042;33336;44486;338793;3270161;26735;244711;3337873;5521187;1918708
FR;8;2023-02-23;151;260;825;3780;153;736;3955;11832;6862;33487;44746;339618;3273941;26888;245447;3341828;5533019;1925570
FR;8;2023-02-24;158;311;953;4116;191;829;4305;12437;7064;33645;45057;340571;3278057;27079;246276;3346133;5545456;1932634
FR;8;2023-02-25;58;102;346;1058;69;276;1113;2942;1495;33703;45159;340917;3279115;27148;246552;3347246;5548398;1934129
FR;8;2023-02-26;14;21;31;95;22;28;108;249;106;33717;45180;340948;3279210;27170;246580;3347354;5548647;1934235
FR;8;2023-02-27;92;221;506;1829;152;481;1898;6240;3724;33809;45401;341454;3281039;27322;247061;3349252;5554887;1937959
FR;8;2023-02-28;157;257;758;3343;153;716;3476;11642;7145;33966;45658;342212;3284382;27475;247777;3352728;5566529;1945104
FR;8;2023-03-01;130;195;521;1830;145;459;1982;6235;3647;34096;45853;342733;3286212;27620;248236;3354710;5572764;1948751
FR;8;2023-03-02;129;218;715;2764;133;607;2956;9696;5903;34225;46071;343448;3288976;27753;248843;3357666;5582460;1954654
FR;8;2023-03-03;180;329;897;3411;218;794;3541;11296;6649;34405;46400;344345;3292387;27971;249637;3361207;5593756;1961303
FR;8;2023-03-04;58;135;311;975;81;295;981;2632;1296;34463;46535;344656;3293362;28052;249932;3362188;5596388;1962599
FR;8;2023-03-05;12;19;22;49;15;26;49;185;99;34475;46554;344678;3293411;28067;249958;3362237;5596573;1962698
FR;8;2023-03-06;118;178;414;1309;103;394;1370;4425;2523;34593;46732;345092;3294720;28170;250352;3363607;5600998;1965221
FR;8;2023-03-07;121;211;566;2159;127;523;2235;7520;4572;34714;46943;345658;3296879;28297;250875;3365842;5608518;1969793
FR;8;2023-03-08;93;175;449;1329;108;399;1417;4715;2746;34807;47118;346107;3298208;28405;251274;3367259;5613233;1972539
FR;8;2023-03-09;118;201;559;1869;123;524;1932;6759;4131;34925;47319;346666;3300077;28528;251798;3369191;5619992;1976670
FR;8;2023-03-10;201;332;773;2423;211;699;2559;8570;5072;35126;47651;347439;3302500;28739;252497;3371750;5628562;1981742
FR;8;2023-03-11;54;114;271;734;78;236;768;2152;1096;35180;47765;347710;3303234;28817;252733;3372518;5630714;1982838
FR;8;2023-03-12;6;10;23;60;8;22;61;172;85;35186;47775;347733;3303294;28825;252755;3372579;5630886;1982923
FR;8;2023-03-13;80;137;385;990;88;344;1067;3430;1929;35266;47912;348118;3304284;28913;253099;3373646;5634316;1984852
FR;8;2023-03-14;110;210;560;1733;124;544;1808;6367;3809;35376;48122;348678;3306017;29037;253643;3375454;5640683;1988661
FR;8;2023-03-15;105;166;407;1099;117;370;1171;4051;2362;35481;48288;349085;3307116;29154;254013;3376625;5644734;1991023
FR;8;2023-03-16;99;192;504;1496;124;461;1581;5575;3338;35580;48480;349589;3308612;29278;254474;3378206;5650309;1994361
FR;8;2023-03-17;139;220;643;1831;135;560;1978;6798;4015;35719;48700;350232;3310443;29413;255034;3380184;5657107;1998376
FR;8;2023-03-18;75;111;272;528;69;258;587;1850;944;35794;48811;350504;3310971;29482;255292;3380771;5658957;1999320
FR;8;2023-03-19;3;15;24;45;15;12;52;116;49;35797;48826;350528;3311016;29497;255304;3380823;5659073;1999369
FR;8;2023-03-20;85;171;404;922;95;402;1003;3499;1963;35882;48997;350932;3311938;29592;255706;3381826;5662572;2001332
FR;8;2023-03-21;126;202;570;1508;119;547;1679;6103;3631;36008;49199;351502;3313446;29711;256253;3383505;5668675;2004963
FR;8;2023-03-22;118;158;394;933;106;369;1046;3621;2080;36126;49357;351896;3314379;29817;256622;3384551;5672296;2007043
FR;8;2023-03-23;89;160;514;1277;90;457;1365;4853;2823;36215;49517;352410;3315656;29907;257079;3385916;5677149;2009866
FR;8;2023-03-24;143;265;695;1616;157;634;1786;6227;3551;36358;49782;353105;3317272;30064;257713;3387702;5683376;2013417
FR;8;2023-03-25;58;94;274;491;71;240;545;1616;760;36416;49876;353379;3317763;30135;257953;3388247;5684992;2014177
FR;8;2023-03-26;6;9;16;30;8;13;30;83;38;36422;49885;353395;3317793;30143;257966;3388277;5685075;2014215
FR;8;2023-03-27;108;170;406;789;124;385;877;3123;1739;36530;50055;353801;3318582;30267;258351;3389154;5688198;2015954
FR;8;2023-03-28;110;178;528;1451;95;485;1584;5794;3442;36640;50233;354329;3320033;30362;258836;3390738;5693992;2019396
FR;8;2023-03-29;90;168;369;890;87;361;1027;3544;1968;36730;50401;354698;3320923;30449;259197;3391765;5697536;2021364
FR;8;2023-03-30;99;172;484;1246;88;479;1389;5042;2878;36829;50573;355182;3322169;30537;259676;3393154;5702578;2024242
FR;8;2023-03-31;127;248;638;1618;167;556;1760;6374;3694;36956;50821;355820;3323787;30704;260232;3394914;5708952;2027936
FR;8;2023-04-01;57;105;283;537;52;241;625;1828;870;37013;50926;356103;3324324;30756;260473;3395539;5710780;2028806
FR;8;2023-04-02;5;21;20;34;12;26;36;106;44;37018;50947;356123;3324358;30768;260499;3395575;5710886;2028850
FR;8;2023-04-03;75;137;362;737;89;332;833;2942;1609;37093;51084;356485;3325095;30857;260831;3396408;5713828;2030459
FR;8;2023-04-04;77;179;461;1093;118;382;1244;4868;2883;37170;51263;356946;3326188;30975;261213;3397652;5718696;2033342
FR;8;2023-04-05;69;134;345;726;85;329;813;3140;1789;37239;51397;357291;3326914;31060;261542;3398465;5721836;2035131
FR;8;2023-04-06;91;118;367;952;73;333;1061;3928;2238;37330;51515;357658;3327866;31133;261875;3399526;5725764;2037369
FR;8;2023-04-07;119;213;489;1161;130;450;1281;4632;2579;37449;51728;358147;3329027;31263;262325;3400807;5730396;2039948
FR;8;2023-04-08;33;93;209;347;57;204;382;1215;538;37482;51821;358356;3329374;31320;262529;3401189;5731611;2040486
FR;8;2023-04-09;3;16;16;12;9;19;16;52;15;37485;51837;358372;3329386;31329;262548;3401205;5731663;2040501
FR;8;2023-04-10;6;11;24;27;5;23;36;88;25;37491;51848;358396;3329413;31334;262571;3401241;5731751;2040526
FR;8;2023-04-11;73;171;461;873;91;453;975;3960;2171;37564;52019;358857;3330286;31425;263024;3402216;5735711;2042697
FR;8;2023-04-12;76;143;317;659;95;310;711;2939;1646;37640;52162;359174;3330945;31520;263334;3402927;5738650;2044343
FR;8;2023-04-13;67;165;359;856;99;349;944;3941;2256;37707;52327;359533;3331801;31619;263683;3403871;5742591;2046599
FR;8;2023-04-14;119;191;467;1120;126;420;1193;4832;2784;37826;52518;360000;3332921;31745;264103;3405064;5747423;2049383
FR;8;2023-04-15;32;80;187;365;42;185;392;1354;627;37858;52598;360187;3333286;31787;264288;3405456;5748777;2050010
FR;8;2023-04-16;14;12;11;34;10;14;30;103;44;37872;52610;360198;3333320;31797;264302;3405486;5748880;2050054
FR;8;2023-04-17;56;132;279;552;70;291;642;2741;1479;37928;52742;360477;3333872;31867;264593;3406128;5751621;2051533
FR;8;2023-04-18;94;135;352;794;82;357;878;3854;2183;38022;52877;360829;3334666;31949;264950;3407006;5755475;2053716
FR;8;2023-04-19;61;91;264;550;60;238;642;2598;1367;38083;52968;361093;3335216;32009;265188;3407648;5758073;2055083
FR;8;2023-04-20;66;137;289;721;85;282;771;3186;1746;38149;53105;361382;3335937;32094;265470;3408419;5761259;2056829
FR;8;2023-04-21;84;173;386;886;92;385;1009;3987;2100;38233;53278;361768;3336823;32186;265855;3409428;5765246;2058929
FR;8;2023-04-22;25;65;128;232;38;139;255;1008;496;38258;53343;361896;3337055;32224;265994;3409683;5766254;2059425
FR;8;2023-04-23;2;5;12;16;4;12;19;60;21;38260;53348;361908;3337071;32228;266006;3409702;5766314;2059446
FR;8;2023-04-24;68;112;242;480;66;225;557;2173;1093;38328;53460;362150;3337551;32294;266231;3410259;5768487;2060539
FR;8;2023-04-25;81;132;322;740;82;333;790;3741;2022;38409;53592;362472;3338291;32376;266564;3411049;5772228;2062561
FR;8;2023-04-26;54;95;242;446;73;236;510;2265;1173;38463;53687;362714;3338737;32449;266800;3411559;5774493;2063734
FR;8;2023-04-27;83;116;279;691;69;283;757;3315;1753;38546;53803;362993;3339428;32518;267083;3412316;5777808;2065487
FR;8;2023-04-28;110;193;360;764;99;380;873;3921;1962;38656;53996;363353;3340192;32617;267463;3413189;5781729;2067449
FR;8;2023-04-29;51;57;126;234;42;115;274;992;453;38707;54053;363479;3340426;32659;267578;3413463;5782721;2067902
FR;8;2023-04-30;1;7;10;9;3;9;11;49;20;38708;54060;363489;3340435;32662;267587;3413474;5782770;2067922
FR;8;2023-05-01;9;6;11;7;3;12;8;47;14;38717;54066;363500;3340442;32665;267599;3413482;5782817;2067936
FR;8;2023-05-02;87;146;291;564;88;287;666;3171;1626;38804;54212;363791;3341006;32753;267886;3414148;5785988;2069562
FR;8;2023-05-03;78;92;211;417;64;209;462;2455;1235;38882;54304;364002;3341423;32817;268095;3414610;5788443;2070797
FR;8;2023-05-04;67;120;246;652;81;300;670;3598;1838;38949;54424;364248;3342075;32898;268395;3415280;5792041;2072635
FR;8;2023-05-05;89;149;298;709;85;337;791;4072;2123;39038;54573;364546;3342784;32983;268732;3416071;5796113;2074758
FR;8;2023-05-06;49;54;104;216;37;117;227;991;460;39087;54627;364650;3343000;33020;268849;3416298;5797104;2075218
FR;8;2023-05-07;4;5;7;11;3;6;13;65;20;39091;54632;364657;3343011;33023;268855;3416311;5797169;2075238
FR;8;2023-05-08;10;9;15;16;6;17;35;122;61;39101;54641;364672;3343027;33029;268872;3416346;5797291;2075299
FR;8;2023-05-09;62;92;200;465;64;207;506;3056;1531;39163;54733;364872;3343492;33093;269079;3416852;5800347;2076830
FR;8;2023-05-10;59;84;172;437;60;211;469;2813;1313;39222;54817;365044;3343929;33153;269290;3417321;5803160;2078143
FR;8;2023-05-11;61;78;197;544;57;182;612;3444;1684;39283;54895;365241;3344473;33210;269472;3417933;5806604;2079827
FR;8;2023-05-12;66;90;223;658;61;232;698;3866;1801;39349;54985;365464;3345131;33271;269704;3418631;5810470;2081628
FR;8;2023-05-13;27;43;93;183;26;102;198;892;370;39376;55028;365557;3345314;33297;269806;3418829;5811362;2081998
FR;8;2023-05-14;3;12;5;12;7;10;12;45;15;39379;55040;365562;3345326;33304;269816;3418841;5811407;2082013
FR;8;2023-05-15;36;59;137;345;35;132;387;2392;1111;39415;55099;365699;3345671;33339;269948;3419228;5813799;2083124
FR;9;2020-12-27;0;0;0;0;0;0;0;0;0;0;0;0;0;0;0;0;0;0
FR;9;2020-12-28;0;0;0;0;0;0;0;0;0;0;0;0;0;0;0;0;0;0
FR;9;2020-12-29;0;0;0;0;0;0;0;0;0;0;0;0;0;0;0;0;0;0
FR;9;2020-12-30;0;0;0;0;0;0;0;0;0;0;0;0;0;0;0;0;0;0
FR;9;2020-12-31;0;0;0;0;0;0;0;0;0;0;0;0;0;0;0;0;0;0
FR;9;2021-01-01;0;0;0;0;0;0;0;0;0;0;0;0;0;0;0;0;0;0
FR;9;2021-01-02;0;0;0;0;0;0;0;0;0;0;0;0;0;0;0;0;0;0
FR;9;2021-01-03;0;0;0;0;0;0;0;0;0;0;0;0;0;0;0;0;0;0
FR;9;2021-01-04;0;0;0;0;0;0;0;0;0;0;0;0;0;0;0;0;0;0
FR;9;2021-01-05;0;0;0;0;0;0;0;0;0;0;0;0;0;0;0;0;0;0
FR;9;2021-01-06;0;0;0;0;0;0;0;0;0;0;0;0;0;0;0;0;0;0
FR;9;2021-01-07;0;0;0;0;0;0;0;0;0;0;0;0;0;0;0;0;0;0
FR;9;2021-01-08;0;0;0;0;0;0;0;0;0;0;0;0;0;0;0;0;0;0
FR;9;2021-01-09;0;0;0;0;0;0;0;0;0;0;0;0;0;0;0;0;0;0
FR;9;2021-01-10;0;0;0;0;0;0;0;0;0;0;0;0;0;0;0;0;0;0
FR;9;2021-01-11;0;0;0;0;0;0;0;0;0;0;0;0;0;0;0;0;0;0
FR;9;2021-01-12;0;0;0;0;0;0;0;0;0;0;0;0;0;0;0;0;0;0
FR;9;2021-01-13;0;0;0;0;0;0;0;0;0;0;0;0;0;0;0;0;0;0
FR;9;2021-01-14;0;0;0;0;0;0;0;0;0;0;0;0;0;0;0;0;0;0
FR;9;2021-01-15;0;0;0;0;0;0;0;0;0;0;0;0;0;0;0;0;0;0
FR;9;2021-01-16;0;0;0;0;0;0;0;0;0;0;0;0;0;0;0;0;0;0
FR;9;2021-01-17;0;0;0;0;0;0;0;0;0;0;0;0;0;0;0;0;0;0
FR;9;2021-01-18;0;0;0;0;0;0;0;0;0;0;0;0;0;0;0;0;0;0
FR;9;2021-01-19;0;0;0;0;0;0;0;0;0;0;0;0;0;0;0;0;0;0
FR;9;2021-01-20;0;0;0;0;0;0;0;0;0;0;0;0;0;0;0;0;0;0
FR;9;2021-01-21;0;0;0;0;0;0;0;0;0;0;0;0;0;0;0;0;0;0
FR;9;2021-01-22;0;0;0;0;0;0;0;0;0;0;0;0;0;0;0;0;0;0
FR;9;2021-01-23;0;0;0;0;0;0;0;0;0;0;0;0;0;0;0;0;0;0
FR;9;2021-01-24;0;0;0;0;0;0;0;0;0;0;0;0;0;0;0;0;0;0
FR;9;2021-01-25;0;0;0;0;0;0;0;0;0;0;0;0;0;0;0;0;0;0
FR;9;2021-01-26;0;0;0;0;0;0;0;0;0;0;0;0;0;0;0;0;0;0
FR;9;2021-01-27;0;0;0;0;0;0;0;0;0;0;0;0;0;0;0;0;0;0
FR;9;2021-01-28;0;0;0;0;0;0;0;0;0;0;0;0;0;0;0;0;0;0
FR;9;2021-01-29;0;0;0;0;0;0;0;0;0;0;0;0;0;0;0;0;0;0
FR;9;2021-01-30;0;0;0;0;0;0;0;0;0;0;0;0;0;0;0;0;0;0
FR;9;2021-01-31;0;0;0;0;0;0;0;0;0;0;0;0;0;0;0;0;0;0
FR;9;2021-02-01;0;0;0;0;0;0;0;0;0;0;0;0;0;0;0;0;0;0
FR;9;2021-02-02;0;0;0;0;0;0;0;0;0;0;0;0;0;0;0;0;0;0
FR;9;2021-02-03;0;0;0;0;0;0;0;0;0;0;0;0;0;0;0;0;0;0
FR;9;2021-02-04;0;0;0;0;0;0;0;0;0;0;0;0;0;0;0;0;0;0
FR;9;2021-02-05;0;0;0;0;0;0;0;0;0;0;0;0;0;0;0;0;0;0
FR;9;2021-02-06;0;0;0;0;0;0;0;0;0;0;0;0;0;0;0;0;0;0
FR;9;2021-02-07;0;0;0;0;0;0;0;0;0;0;0;0;0;0;0;0;0;0
FR;9;2021-02-08;0;0;0;0;0;0;0;0;0;0;0;0;0;0;0;0;0;0
FR;9;2021-02-09;0;0;0;0;0;0;0;0;0;0;0;0;0;0;0;0;0;0
FR;9;2021-02-10;0;0;0;0;0;0;0;0;0;0;0;0;0;0;0;0;0;0
FR;9;2021-02-11;0;0;0;0;0;0;0;0;0;0;0;0;0;0;0;0;0;0
FR;9;2021-02-12;0;0;0;0;0;0;0;0;0;0;0;0;0;0;0;0;0;0
FR;9;2021-02-13;0;0;0;0;0;0;0;0;0;0;0;0;0;0;0;0;0;0
FR;9;2021-02-14;0;0;0;0;0;0;0;0;0;0;0;0;0;0;0;0;0;0
FR;9;2021-02-15;0;0;0;0;0;0;0;0;0;0;0;0;0;0;0;0;0;0
FR;9;2021-02-16;0;0;0;0;0;0;0;0;0;0;0;0;0;0;0;0;0;0
FR;9;2021-02-17;0;0;0;0;0;0;0;0;0;0;0;0;0;0;0;0;0;0
FR;9;2021-02-18;0;0;0;0;0;0;0;0;0;0;0;0;0;0;0;0;0;0
FR;9;2021-02-19;0;0;0;0;0;0;0;0;0;0;0;0;0;0;0;0;0;0
FR;9;2021-02-20;0;0;0;0;0;0;0;0;0;0;0;0;0;0;0;0;0;0
FR;9;2021-02-21;0;0;0;0;0;0;0;0;0;0;0;0;0;0;0;0;0;0
FR;9;2021-02-22;0;0;0;0;0;0;0;0;0;0;0;0;0;0;0;0;0;0
FR;9;2021-02-23;0;0;0;0;0;0;0;0;0;0;0;0;0;0;0;0;0;0
FR;9;2021-02-24;0;0;0;0;0;0;0;0;0;0;0;0;0;0;0;0;0;0
FR;9;2021-02-25;0;0;0;0;0;0;0;0;0;0;0;0;0;0;0;0;0;0
FR;9;2021-02-26;0;0;0;0;0;0;0;0;0;0;0;0;0;0;0;0;0;0
FR;9;2021-02-27;0;0;0;0;0;0;0;0;0;0;0;0;0;0;0;0;0;0
FR;9;2021-02-28;0;0;0;0;0;0;0;0;0;0;0;0;0;0;0;0;0;0
FR;9;2021-03-01;0;0;0;0;0;0;0;0;0;0;0;0;0;0;0;0;0;0
FR;9;2021-03-02;0;0;0;0;0;0;0;0;0;0;0;0;0;0;0;0;0;0
FR;9;2021-03-03;0;0;0;0;0;0;0;0;0;0;0;0;0;0;0;0;0;0
FR;9;2021-03-04;0;0;0;0;0;0;0;0;0;0;0;0;0;0;0;0;0;0
FR;9;2021-03-05;0;0;0;0;0;0;0;0;0;0;0;0;0;0;0;0;0;0
FR;9;2021-03-06;0;0;0;0;0;0;0;0;0;0;0;0;0;0;0;0;0;0
FR;9;2021-03-07;0;0;0;0;0;0;0;0;0;0;0;0;0;0;0;0;0;0
FR;9;2021-03-08;0;0;0;0;0;0;0;0;0;0;0;0;0;0;0;0;0;0
FR;9;2021-03-09;0;0;0;0;0;0;0;0;0;0;0;0;0;0;0;0;0;0
FR;9;2021-03-10;0;0;0;0;0;0;0;0;0;0;0;0;0;0;0;0;0;0
FR;9;2021-03-11;0;0;0;0;0;0;0;0;0;0;0;0;0;0;0;0;0;0
FR;9;2021-03-12;0;0;0;0;0;0;0;0;0;0;0;0;0;0;0;0;0;0
FR;9;2021-03-13;0;0;0;0;0;0;0;0;0;0;0;0;0;0;0;0;0;0
FR;9;2021-03-14;0;0;0;0;0;0;0;0;0;0;0;0;0;0;0;0;0;0
FR;9;2021-03-15;0;0;0;0;0;0;0;0;0;0;0;0;0;0;0;0;0;0
FR;9;2021-03-16;0;0;0;0;0;0;0;0;0;0;0;0;0;0;0;0;0;0
FR;9;2021-03-17;0;0;0;0;0;0;0;0;0;0;0;0;0;0;0;0;0;0
FR;9;2021-03-18;0;0;0;0;0;0;0;0;0;0;0;0;0;0;0;0;0;0
FR;9;2021-03-19;0;0;0;0;0;0;0;0;0;0;0;0;0;0;0;0;0;0
FR;9;2021-03-20;0;0;0;0;0;0;0;0;0;0;0;0;0;0;0;0;0;0
FR;9;2021-03-21;0;0;0;0;0;0;0;0;0;0;0;0;0;0;0;0;0;0
FR;9;2021-03-22;0;0;0;0;0;0;0;0;0;0;0;0;0;0;0;0;0;0
FR;9;2021-03-23;0;0;0;0;0;0;0;0;0;0;0;0;0;0;0;0;0;0
FR;9;2021-03-24;0;0;0;0;0;0;0;0;0;0;0;0;0;0;0;0;0;0
FR;9;2021-03-25;0;0;0;0;0;0;0;0;0;0;0;0;0;0;0;0;0;0
FR;9;2021-03-26;0;0;0;0;0;0;0;0;0;0;0;0;0;0;0;0;0;0
FR;9;2021-03-27;0;0;0;0;0;0;0;0;0;0;0;0;0;0;0;0;0;0
FR;9;2021-03-28;0;0;0;0;0;0;0;0;0;0;0;0;0;0;0;0;0;0
FR;9;2021-03-29;0;0;0;0;0;0;0;0;0;0;0;0;0;0;0;0;0;0
FR;9;2021-03-30;0;0;0;0;0;0;0;0;0;0;0;0;0;0;0;0;0;0
FR;9;2021-03-31;0;0;0;0;0;0;0;0;0;0;0;0;0;0;0;0;0;0
FR;9;2021-04-01;0;0;0;0;0;0;0;0;0;0;0;0;0;0;0;0;0;0
FR;9;2021-04-02;0;0;0;0;0;0;0;0;0;0;0;0;0;0;0;0;0;0
FR;9;2021-04-03;0;0;0;0;0;0;0;0;0;0;0;0;0;0;0;0;0;0
FR;9;2021-04-04;0;0;0;0;0;0;0;0;0;0;0;0;0;0;0;0;0;0
FR;9;2021-04-05;0;0;0;0;0;0;0;0;0;0;0;0;0;0;0;0;0;0
FR;9;2021-04-06;0;0;0;0;0;0;0;0;0;0;0;0;0;0;0;0;0;0
FR;9;2021-04-07;0;0;0;0;0;0;0;0;0;0;0;0;0;0;0;0;0;0
FR;9;2021-04-08;0;0;0;0;0;0;0;0;0;0;0;0;0;0;0;0;0;0
FR;9;2021-04-09;0;0;0;0;0;0;0;0;0;0;0;0;0;0;0;0;0;0
FR;9;2021-04-10;0;0;0;0;0;0;0;0;0;0;0;0;0;0;0;0;0;0
FR;9;2021-04-11;0;0;0;0;0;0;0;0;0;0;0;0;0;0;0;0;0;0
FR;9;2021-04-12;0;0;0;0;0;0;0;0;0;0;0;0;0;0;0;0;0;0
FR;9;2021-04-13;0;0;0;0;0;0;0;0;0;0;0;0;0;0;0;0;0;0
FR;9;2021-04-14;0;0;0;0;0;0;0;0;0;0;0;0;0;0;0;0;0;0
FR;9;2021-04-15;0;0;0;0;0;0;0;0;0;0;0;0;0;0;0;0;0;0
FR;9;2021-04-16;0;0;0;0;0;0;0;0;0;0;0;0;0;0;0;0;0;0
FR;9;2021-04-17;0;0;0;0;0;0;0;0;0;0;0;0;0;0;0;0;0;0
FR;9;2021-04-18;0;0;0;0;0;0;0;0;0;0;0;0;0;0;0;0;0;0
FR;9;2021-04-19;0;0;0;0;0;0;0;0;0;0;0;0;0;0;0;0;0;0
FR;9;2021-04-20;0;0;0;0;0;0;0;0;0;0;0;0;0;0;0;0;0;0
FR;9;2021-04-21;0;0;0;0;0;0;0;0;0;0;0;0;0;0;0;0;0;0
FR;9;2021-04-22;0;0;0;0;0;0;0;0;0;0;0;0;0;0;0;0;0;0
FR;9;2021-04-23;0;0;0;0;0;0;0;0;0;0;0;0;0;0;0;0;0;0
FR;9;2021-04-24;0;0;0;0;0;0;0;0;0;0;0;0;0;0;0;0;0;0
FR;9;2021-04-25;0;0;0;0;0;0;0;0;0;0;0;0;0;0;0;0;0;0
FR;9;2021-04-26;0;0;0;0;0;0;0;0;0;0;0;0;0;0;0;0;0;0
FR;9;2021-04-27;0;0;0;0;0;0;0;0;0;0;0;0;0;0;0;0;0;0
FR;9;2021-04-28;0;0;0;0;0;0;0;0;0;0;0;0;0;0;0;0;0;0
FR;9;2021-04-29;0;0;0;0;0;0;0;0;0;0;0;0;0;0;0;0;0;0
FR;9;2021-04-30;0;0;0;0;0;0;0;0;0;0;0;0;0;0;0;0;0;0
FR;9;2021-05-01;0;0;0;0;0;0;0;0;0;0;0;0;0;0;0;0;0;0
FR;9;2021-05-02;0;0;0;0;0;0;0;0;0;0;0;0;0;0;0;0;0;0
FR;9;2021-05-03;0;0;0;0;0;0;0;0;0;0;0;0;0;0;0;0;0;0
FR;9;2021-05-04;0;0;0;0;0;0;0;0;0;0;0;0;0;0;0;0;0;0
FR;9;2021-05-05;0;0;0;0;0;0;0;0;0;0;0;0;0;0;0;0;0;0
FR;9;2021-05-06;0;0;0;0;0;0;0;0;0;0;0;0;0;0;0;0;0;0
FR;9;2021-05-07;0;0;0;0;0;0;0;0;0;0;0;0;0;0;0;0;0;0
FR;9;2021-05-08;0;0;0;0;0;0;0;0;0;0;0;0;0;0;0;0;0;0
FR;9;2021-05-09;0;0;0;0;0;0;0;0;0;0;0;0;0;0;0;0;0;0
FR;9;2021-05-10;0;0;0;0;0;0;0;0;0;0;0;0;0;0;0;0;0;0
FR;9;2021-05-11;0;0;0;0;0;0;0;0;0;0;0;0;0;0;0;0;0;0
FR;9;2021-05-12;0;0;0;0;0;0;0;0;0;0;0;0;0;0;0;0;0;0
FR;9;2021-05-13;0;0;0;0;0;0;0;0;0;0;0;0;0;0;0;0;0;0
FR;9;2021-05-14;0;0;0;0;0;0;0;0;0;0;0;0;0;0;0;0;0;0
FR;9;2021-05-15;0;0;0;0;0;0;0;0;0;0;0;0;0;0;0;0;0;0
FR;9;2021-05-16;0;0;0;0;0;0;0;0;0;0;0;0;0;0;0;0;0;0
FR;9;2021-05-17;0;0;0;0;0;0;0;0;0;0;0;0;0;0;0;0;0;0
FR;9;2021-05-18;0;0;0;0;0;0;0;0;0;0;0;0;0;0;0;0;0;0
FR;9;2021-05-19;0;0;0;0;0;0;0;0;0;0;0;0;0;0;0;0;0;0
FR;9;2021-05-20;0;0;0;0;0;0;0;0;0;0;0;0;0;0;0;0;0;0
FR;9;2021-05-21;0;0;0;0;0;0;0;0;0;0;0;0;0;0;0;0;0;0
FR;9;2021-05-22;0;0;0;0;0;0;0;0;0;0;0;0;0;0;0;0;0;0
FR;9;2021-05-23;0;0;0;0;0;0;0;0;0;0;0;0;0;0;0;0;0;0
FR;9;2021-05-24;0;0;0;0;0;0;0;0;0;0;0;0;0;0;0;0;0;0
FR;9;2021-05-25;0;0;0;0;0;0;0;0;0;0;0;0;0;0;0;0;0;0
FR;9;2021-05-26;0;0;0;0;0;0;0;0;0;0;0;0;0;0;0;0;0;0
FR;9;2021-05-27;0;0;0;0;0;0;0;0;0;0;0;0;0;0;0;0;0;0
FR;9;2021-05-28;0;0;0;0;0;0;0;0;0;0;0;0;0;0;0;0;0;0
FR;9;2021-05-29;0;0;0;0;0;0;0;0;0;0;0;0;0;0;0;0;0;0
FR;9;2021-05-30;0;0;0;0;0;0;0;0;0;0;0;0;0;0;0;0;0;0
FR;9;2021-05-31;0;0;0;0;0;0;0;0;0;0;0;0;0;0;0;0;0;0
FR;9;2021-06-01;0;0;0;0;0;0;0;0;0;0;0;0;0;0;0;0;0;0
FR;9;2021-06-02;0;0;0;0;0;0;0;0;0;0;0;0;0;0;0;0;0;0
FR;9;2021-06-03;0;0;0;0;0;0;0;0;0;0;0;0;0;0;0;0;0;0
FR;9;2021-06-04;0;0;0;0;0;0;0;0;0;0;0;0;0;0;0;0;0;0
FR;9;2021-06-05;0;0;0;0;0;0;0;0;0;0;0;0;0;0;0;0;0;0
FR;9;2021-06-06;0;0;0;0;0;0;0;0;0;0;0;0;0;0;0;0;0;0
FR;9;2021-06-07;0;0;0;0;0;0;0;0;0;0;0;0;0;0;0;0;0;0
FR;9;2021-06-08;0;0;0;0;0;0;0;0;0;0;0;0;0;0;0;0;0;0
FR;9;2021-06-09;0;0;0;0;0;0;0;0;0;0;0;0;0;0;0;0;0;0
FR;9;2021-06-10;0;0;0;0;0;0;0;0;0;0;0;0;0;0;0;0;0;0
FR;9;2021-06-11;0;0;0;0;0;0;0;0;0;0;0;0;0;0;0;0;0;0
FR;9;2021-06-12;0;0;0;0;0;0;0;0;0;0;0;0;0;0;0;0;0;0
FR;9;2021-06-13;0;0;0;0;0;0;0;0;0;0;0;0;0;0;0;0;0;0
FR;9;2021-06-14;0;0;0;0;0;0;0;0;0;0;0;0;0;0;0;0;0;0
FR;9;2021-06-15;0;0;0;0;0;0;0;0;0;0;0;0;0;0;0;0;0;0
FR;9;2021-06-16;0;0;0;0;0;0;0;0;0;0;0;0;0;0;0;0;0;0
FR;9;2021-06-17;0;0;0;0;0;0;0;0;0;0;0;0;0;0;0;0;0;0
FR;9;2021-06-18;0;0;0;0;0;0;0;0;0;0;0;0;0;0;0;0;0;0
FR;9;2021-06-19;0;0;0;0;0;0;0;0;0;0;0;0;0;0;0;0;0;0
FR;9;2021-06-20;0;0;0;0;0;0;0;0;0;0;0;0;0;0;0;0;0;0
FR;9;2021-06-21;0;0;0;0;0;0;0;0;0;0;0;0;0;0;0;0;0;0
FR;9;2021-06-22;0;0;0;0;0;0;0;0;0;0;0;0;0;0;0;0;0;0
FR;9;2021-06-23;0;0;0;0;0;0;0;0;0;0;0;0;0;0;0;0;0;0
FR;9;2021-06-24;0;0;0;0;0;0;0;0;0;0;0;0;0;0;0;0;0;0
FR;9;2021-06-25;0;0;0;0;0;0;0;0;0;0;0;0;0;0;0;0;0;0
FR;9;2021-06-26;0;0;0;0;0;0;0;0;0;0;0;0;0;0;0;0;0;0
FR;9;2021-06-27;0;0;0;0;0;0;0;0;0;0;0;0;0;0;0;0;0;0
FR;9;2021-06-28;0;0;0;0;0;0;0;0;0;0;0;0;0;0;0;0;0;0
FR;9;2021-06-29;0;0;0;0;0;0;0;0;0;0;0;0;0;0;0;0;0;0
FR;9;2021-06-30;0;0;0;0;0;0;0;0;0;0;0;0;0;0;0;0;0;0
FR;9;2021-07-01;0;0;0;0;0;0;0;0;0;0;0;0;0;0;0;0;0;0
FR;9;2021-07-02;0;0;0;0;0;0;0;0;0;0;0;0;0;0;0;0;0;0
FR;9;2021-07-03;0;0;0;0;0;0;0;0;0;0;0;0;0;0;0;0;0;0
FR;9;2021-07-04;0;0;0;0;0;0;0;0;0;0;0;0;0;0;0;0;0;0
FR;9;2021-07-05;0;0;0;0;0;0;0;0;0;0;0;0;0;0;0;0;0;0
FR;9;2021-07-06;0;0;0;0;0;0;0;0;0;0;0;0;0;0;0;0;0;0
FR;9;2021-07-07;0;0;0;0;0;0;0;0;0;0;0;0;0;0;0;0;0;0
FR;9;2021-07-08;0;0;0;0;0;0;0;0;0;0;0;0;0;0;0;0;0;0
FR;9;2021-07-09;0;0;0;0;0;0;0;0;0;0;0;0;0;0;0;0;0;0
FR;9;2021-07-10;0;0;0;0;0;0;0;0;0;0;0;0;0;0;0;0;0;0
FR;9;2021-07-11;0;0;0;0;0;0;0;0;0;0;0;0;0;0;0;0;0;0
FR;9;2021-07-12;0;0;0;0;0;0;0;0;0;0;0;0;0;0;0;0;0;0
FR;9;2021-07-13;0;0;0;0;0;0;0;0;0;0;0;0;0;0;0;0;0;0
FR;9;2021-07-14;0;0;0;0;0;0;0;0;0;0;0;0;0;0;0;0;0;0
FR;9;2021-07-15;0;0;0;0;0;0;0;0;0;0;0;0;0;0;0;0;0;0
FR;9;2021-07-16;0;0;0;0;0;0;0;0;0;0;0;0;0;0;0;0;0;0
FR;9;2021-07-17;0;0;0;0;0;0;0;0;0;0;0;0;0;0;0;0;0;0
FR;9;2021-07-18;0;0;0;0;0;0;0;0;0;0;0;0;0;0;0;0;0;0
FR;9;2021-07-19;0;0;0;0;0;0;0;0;0;0;0;0;0;0;0;0;0;0
FR;9;2021-07-20;0;0;0;0;0;0;0;0;0;0;0;0;0;0;0;0;0;0
FR;9;2021-07-21;0;0;0;0;0;0;0;0;0;0;0;0;0;0;0;0;0;0
FR;9;2021-07-22;0;0;0;0;0;0;0;0;0;0;0;0;0;0;0;0;0;0
FR;9;2021-07-23;0;0;0;0;0;0;0;0;0;0;0;0;0;0;0;0;0;0
FR;9;2021-07-24;0;0;0;0;0;0;0;0;0;0;0;0;0;0;0;0;0;0
FR;9;2021-07-25;0;0;0;0;0;0;0;0;0;0;0;0;0;0;0;0;0;0
FR;9;2021-07-26;0;0;0;0;0;0;0;0;0;0;0;0;0;0;0;0;0;0
FR;9;2021-07-27;0;0;0;0;0;0;0;0;0;0;0;0;0;0;0;0;0;0
FR;9;2021-07-28;0;0;0;0;0;0;0;0;0;0;0;0;0;0;0;0;0;0
FR;9;2021-07-29;0;0;0;0;0;0;0;0;0;0;0;0;0;0;0;0;0;0
FR;9;2021-07-30;0;0;0;0;0;0;0;0;0;0;0;0;0;0;0;0;0;0
FR;9;2021-07-31;0;0;0;0;0;0;0;0;0;0;0;0;0;0;0;0;0;0
FR;9;2021-08-01;0;0;0;0;0;0;0;0;0;0;0;0;0;0;0;0;0;0
FR;9;2021-08-02;0;0;0;0;0;0;0;0;0;0;0;0;0;0;0;0;0;0
FR;9;2021-08-03;0;0;0;0;0;0;0;0;0;0;0;0;0;0;0;0;0;0
FR;9;2021-08-04;0;0;0;0;0;0;0;0;0;0;0;0;0;0;0;0;0;0
FR;9;2021-08-05;0;0;0;0;0;0;0;0;0;0;0;0;0;0;0;0;0;0
FR;9;2021-08-06;0;0;0;0;0;0;0;0;0;0;0;0;0;0;0;0;0;0
FR;9;2021-08-07;0;0;0;0;0;0;0;0;0;0;0;0;0;0;0;0;0;0
FR;9;2021-08-08;0;0;0;0;0;0;0;0;0;0;0;0;0;0;0;0;0;0
FR;9;2021-08-09;0;0;0;0;0;0;0;0;0;0;0;0;0;0;0;0;0;0
FR;9;2021-08-10;0;0;0;0;0;0;0;0;0;0;0;0;0;0;0;0;0;0
FR;9;2021-08-11;0;0;0;0;0;0;0;0;0;0;0;0;0;0;0;0;0;0
FR;9;2021-08-12;0;0;0;0;0;0;0;0;0;0;0;0;0;0;0;0;0;0
FR;9;2021-08-13;0;0;0;0;0;0;0;0;0;0;0;0;0;0;0;0;0;0
FR;9;2021-08-14;0;0;0;0;0;0;0;0;0;0;0;0;0;0;0;0;0;0
FR;9;2021-08-15;0;0;0;0;0;0;0;0;0;0;0;0;0;0;0;0;0;0
FR;9;2021-08-16;0;0;0;0;0;0;0;0;0;0;0;0;0;0;0;0;0;0
FR;9;2021-08-17;0;0;0;0;0;0;0;0;0;0;0;0;0;0;0;0;0;0
FR;9;2021-08-18;0;0;0;0;0;0;0;0;0;0;0;0;0;0;0;0;0;0
FR;9;2021-08-19;0;0;0;0;0;0;0;0;0;0;0;0;0;0;0;0;0;0
FR;9;2021-08-20;0;0;0;0;0;0;0;0;0;0;0;0;0;0;0;0;0;0
FR;9;2021-08-21;0;0;0;0;0;0;0;0;0;0;0;0;0;0;0;0;0;0
FR;9;2021-08-22;0;0;0;0;0;0;0;0;0;0;0;0;0;0;0;0;0;0
FR;9;2021-08-23;0;0;0;0;0;0;0;0;0;0;0;0;0;0;0;0;0;0
FR;9;2021-08-24;0;0;0;0;0;0;0;0;0;0;0;0;0;0;0;0;0;0
FR;9;2021-08-25;0;0;0;0;0;0;0;0;0;0;0;0;0;0;0;0;0;0
FR;9;2021-08-26;0;0;0;0;0;0;0;0;0;0;0;0;0;0;0;0;0;0
FR;9;2021-08-27;0;0;0;0;0;0;0;0;0;0;0;0;0;0;0;0;0;0
FR;9;2021-08-28;0;0;0;0;0;0;0;0;0;0;0;0;0;0;0;0;0;0
FR;9;2021-08-29;0;0;0;0;0;0;0;0;0;0;0;0;0;0;0;0;0;0
FR;9;2021-08-30;0;0;0;0;0;0;0;0;0;0;0;0;0;0;0;0;0;0
FR;9;2021-08-31;0;0;0;0;0;0;0;0;0;0;0;0;0;0;0;0;0;0
FR;9;2021-09-01;0;0;0;0;0;0;0;0;0;0;0;0;0;0;0;0;0;0
FR;9;2021-09-02;0;0;0;0;0;0;0;0;0;0;0;0;0;0;0;0;0;0
FR;9;2021-09-03;0;0;0;0;0;0;0;0;0;0;0;0;0;0;0;0;0;0
FR;9;2021-09-04;0;0;0;0;0;0;0;0;0;0;0;0;0;0;0;0;0;0
FR;9;2021-09-05;0;0;0;0;0;0;0;0;0;0;0;0;0;0;0;0;0;0
FR;9;2021-09-06;0;0;0;0;0;0;0;0;0;0;0;0;0;0;0;0;0;0
FR;9;2021-09-07;0;0;0;0;0;0;0;0;0;0;0;0;0;0;0;0;0;0
FR;9;2021-09-08;0;0;0;0;0;0;0;0;0;0;0;0;0;0;0;0;0;0
FR;9;2021-09-09;0;0;0;0;0;0;0;0;0;0;0;0;0;0;0;0;0;0
FR;9;2021-09-10;0;0;0;0;0;0;0;0;0;0;0;0;0;0;0;0;0;0
FR;9;2021-09-11;0;0;0;0;0;0;0;0;0;0;0;0;0;0;0;0;0;0
FR;9;2021-09-12;0;0;0;0;0;0;0;0;0;0;0;0;0;0;0;0;0;0
FR;9;2021-09-13;0;0;0;0;0;0;0;0;0;0;0;0;0;0;0;0;0;0
FR;9;2021-09-14;0;0;0;0;0;0;0;0;0;0;0;0;0;0;0;0;0;0
FR;9;2021-09-15;0;0;0;0;0;0;0;0;0;0;0;0;0;0;0;0;0;0
FR;9;2021-09-16;0;0;0;0;0;0;0;0;0;0;0;0;0;0;0;0;0;0
FR;9;2021-09-17;0;0;0;0;0;0;0;0;0;0;0;0;0;0;0;0;0;0
FR;9;2021-09-18;0;0;0;0;0;0;0;0;0;0;0;0;0;0;0;0;0;0
FR;9;2021-09-19;0;0;0;0;0;0;0;0;0;0;0;0;0;0;0;0;0;0
FR;9;2021-09-20;0;0;0;0;0;0;0;0;0;0;0;0;0;0;0;0;0;0
FR;9;2021-09-21;0;0;0;0;0;0;0;0;0;0;0;0;0;0;0;0;0;0
FR;9;2021-09-22;0;0;0;0;0;0;0;0;0;0;0;0;0;0;0;0;0;0
FR;9;2021-09-23;0;0;0;0;0;0;0;0;0;0;0;0;0;0;0;0;0;0
FR;9;2021-09-24;0;0;0;0;0;0;0;0;0;0;0;0;0;0;0;0;0;0
FR;9;2021-09-25;0;0;0;0;0;0;0;0;0;0;0;0;0;0;0;0;0;0
FR;9;2021-09-26;0;0;0;0;0;0;0;0;0;0;0;0;0;0;0;0;0;0
FR;9;2021-09-27;0;0;0;0;0;0;0;0;0;0;0;0;0;0;0;0;0;0
FR;9;2021-09-28;0;0;0;0;0;0;0;0;0;0;0;0;0;0;0;0;0;0
FR;9;2021-09-29;0;0;0;0;0;0;0;0;0;0;0;0;0;0;0;0;0;0
FR;9;2021-09-30;0;0;0;0;0;0;0;0;0;0;0;0;0;0;0;0;0;0
FR;9;2021-10-01;0;0;0;0;0;0;0;0;0;0;0;0;0;0;0;0;0;0
FR;9;2021-10-02;0;0;0;0;0;0;0;0;0;0;0;0;0;0;0;0;0;0
FR;9;2021-10-03;0;0;0;0;0;0;0;0;0;0;0;0;0;0;0;0;0;0
FR;9;2021-10-04;0;0;0;0;0;0;0;0;0;0;0;0;0;0;0;0;0;0
FR;9;2021-10-05;0;0;0;0;0;0;0;0;0;0;0;0;0;0;0;0;0;0
FR;9;2021-10-06;0;0;0;0;0;0;0;0;0;0;0;0;0;0;0;0;0;0
FR;9;2021-10-07;0;0;0;0;0;0;0;0;0;0;0;0;0;0;0;0;0;0
FR;9;2021-10-08;0;0;0;0;0;0;0;0;0;0;0;0;0;0;0;0;0;0
FR;9;2021-10-09;0;0;0;0;0;0;0;0;0;0;0;0;0;0;0;0;0;0
FR;9;2021-10-10;0;0;0;0;0;0;0;0;0;0;0;0;0;0;0;0;0;0
FR;9;2021-10-11;0;0;0;0;0;0;0;0;0;0;0;0;0;0;0;0;0;0
FR;9;2021-10-12;0;0;0;0;0;0;0;0;0;0;0;0;0;0;0;0;0;0
FR;9;2021-10-13;0;0;0;0;0;0;0;0;0;0;0;0;0;0;0;0;0;0
FR;9;2021-10-14;0;0;0;0;0;0;0;0;0;0;0;0;0;0;0;0;0;0
FR;9;2021-10-15;0;0;0;0;0;0;0;0;0;0;0;0;0;0;0;0;0;0
FR;9;2021-10-16;0;0;0;0;0;0;0;0;0;0;0;0;0;0;0;0;0;0
FR;9;2021-10-17;0;0;0;0;0;0;0;0;0;0;0;0;0;0;0;0;0;0
FR;9;2021-10-18;0;0;0;0;0;0;0;0;0;0;0;0;0;0;0;0;0;0
FR;9;2021-10-19;0;0;0;0;0;0;0;0;0;0;0;0;0;0;0;0;0;0
FR;9;2021-10-20;0;0;0;0;0;0;0;0;0;0;0;0;0;0;0;0;0;0
FR;9;2021-10-21;0;0;0;0;0;0;0;0;0;0;0;0;0;0;0;0;0;0
FR;9;2021-10-22;0;0;0;0;0;0;0;0;0;0;0;0;0;0;0;0;0;0
FR;9;2021-10-23;0;0;0;0;0;0;0;0;0;0;0;0;0;0;0;0;0;0
FR;9;2021-10-24;0;0;0;0;0;0;0;0;0;0;0;0;0;0;0;0;0;0
FR;9;2021-10-25;0;0;0;0;0;0;0;0;0;0;0;0;0;0;0;0;0;0
FR;9;2021-10-26;0;0;0;0;0;0;0;0;0;0;0;0;0;0;0;0;0;0
FR;9;2021-10-27;0;0;0;0;0;0;0;0;0;0;0;0;0;0;0;0;0;0
FR;9;2021-10-28;0;0;0;0;0;0;0;0;0;0;0;0;0;0;0;0;0;0
FR;9;2021-10-29;0;0;0;0;0;0;0;0;0;0;0;0;0;0;0;0;0;0
FR;9;2021-10-30;0;0;0;0;0;0;0;0;0;0;0;0;0;0;0;0;0;0
FR;9;2021-10-31;0;0;0;0;0;0;0;0;0;0;0;0;0;0;0;0;0;0
FR;9;2021-11-01;0;0;0;0;0;0;0;0;0;0;0;0;0;0;0;0;0;0
FR;9;2021-11-02;0;0;0;0;0;0;0;0;0;0;0;0;0;0;0;0;0;0
FR;9;2021-11-03;0;0;0;0;0;0;0;0;0;0;0;0;0;0;0;0;0;0
FR;9;2021-11-04;0;0;0;0;0;0;0;0;0;0;0;0;0;0;0;0;0;0
FR;9;2021-11-05;0;0;0;0;0;0;0;0;0;0;0;0;0;0;0;0;0;0
FR;9;2021-11-06;0;0;0;0;0;0;0;0;0;0;0;0;0;0;0;0;0;0
FR;9;2021-11-07;0;0;0;0;0;0;0;0;0;0;0;0;0;0;0;0;0;0
FR;9;2021-11-08;0;0;0;0;0;0;0;0;0;0;0;0;0;0;0;0;0;0
FR;9;2021-11-09;0;0;0;0;0;0;0;0;0;0;0;0;0;0;0;0;0;0
FR;9;2021-11-10;0;0;0;0;0;0;0;0;0;0;0;0;0;0;0;0;0;0
FR;9;2021-11-11;0;0;0;0;0;0;0;0;0;0;0;0;0;0;0;0;0;0
FR;9;2021-11-12;0;0;0;0;0;0;0;0;0;0;0;0;0;0;0;0;0;0
FR;9;2021-11-13;0;0;0;0;0;0;0;0;0;0;0;0;0;0;0;0;0;0
FR;9;2021-11-14;0;0;0;0;0;0;0;0;0;0;0;0;0;0;0;0;0;0
FR;9;2021-11-15;0;0;0;0;0;0;0;0;0;0;0;0;0;0;0;0;0;0
FR;9;2021-11-16;0;0;0;0;0;0;0;0;0;0;0;0;0;0;0;0;0;0
FR;9;2021-11-17;0;0;0;0;0;0;0;0;0;0;0;0;0;0;0;0;0;0
FR;9;2021-11-18;0;0;0;0;0;0;0;0;0;0;0;0;0;0;0;0;0;0
FR;9;2021-11-19;0;0;0;0;0;0;0;0;0;0;0;0;0;0;0;0;0;0
FR;9;2021-11-20;0;0;0;0;0;0;0;0;0;0;0;0;0;0;0;0;0;0
FR;9;2021-11-21;0;0;0;0;0;0;0;0;0;0;0;0;0;0;0;0;0;0
FR;9;2021-11-22;0;0;0;0;0;0;0;0;0;0;0;0;0;0;0;0;0;0
FR;9;2021-11-23;0;0;0;0;0;0;0;0;0;0;0;0;0;0;0;0;0;0
FR;9;2021-11-24;0;0;0;0;0;0;0;0;0;0;0;0;0;0;0;0;0;0
FR;9;2021-11-25;0;0;0;0;0;0;0;0;0;0;0;0;0;0;0;0;0;0
FR;9;2021-11-26;0;0;0;0;0;0;0;0;0;0;0;0;0;0;0;0;0;0
FR;9;2021-11-27;0;0;0;0;0;0;0;0;0;0;0;0;0;0;0;0;0;0
FR;9;2021-11-28;0;0;0;0;0;0;0;0;0;0;0;0;0;0;0;0;0;0
FR;9;2021-11-29;0;0;0;0;0;0;0;0;0;0;0;0;0;0;0;0;0;0
FR;9;2021-11-30;0;0;0;0;0;0;0;0;0;0;0;0;0;0;0;0;0;0
FR;9;2021-12-01;0;0;0;0;0;0;0;0;0;0;0;0;0;0;0;0;0;0
FR;9;2021-12-02;0;0;0;0;0;0;0;0;0;0;0;0;0;0;0;0;0;0
FR;9;2021-12-03;0;0;0;0;0;0;0;0;0;0;0;0;0;0;0;0;0;0
FR;9;2021-12-04;0;0;0;0;0;0;0;0;0;0;0;0;0;0;0;0;0;0
FR;9;2021-12-05;0;0;0;0;0;0;0;0;0;0;0;0;0;0;0;0;0;0
FR;9;2021-12-06;0;0;0;0;0;0;0;0;0;0;0;0;0;0;0;0;0;0
FR;9;2021-12-07;0;0;0;0;0;0;0;0;0;0;0;0;0;0;0;0;0;0
FR;9;2021-12-08;0;0;0;0;0;0;0;0;0;0;0;0;0;0;0;0;0;0
FR;9;2021-12-09;0;0;0;0;0;0;0;0;0;0;0;0;0;0;0;0;0;0
FR;9;2021-12-10;0;0;0;0;0;0;0;0;0;0;0;0;0;0;0;0;0;0
FR;9;2021-12-11;0;0;0;0;0;0;0;0;0;0;0;0;0;0;0;0;0;0
FR;9;2021-12-12;0;0;0;0;0;0;0;0;0;0;0;0;0;0;0;0;0;0
FR;9;2021-12-13;0;0;0;0;0;0;0;0;0;0;0;0;0;0;0;0;0;0
FR;9;2021-12-14;0;0;0;0;0;0;0;0;0;0;0;0;0;0;0;0;0;0
FR;9;2021-12-15;0;0;0;0;0;0;0;0;0;0;0;0;0;0;0;0;0;0
FR;9;2021-12-16;0;0;0;0;0;0;0;0;0;0;0;0;0;0;0;0;0;0
FR;9;2021-12-17;0;0;0;0;0;0;0;0;0;0;0;0;0;0;0;0;0;0
FR;9;2021-12-18;0;0;0;0;0;0;0;0;0;0;0;0;0;0;0;0;0;0
FR;9;2021-12-19;0;0;0;0;0;0;0;0;0;0;0;0;0;0;0;0;0;0
FR;9;2021-12-20;0;0;0;0;0;0;0;0;0;0;0;0;0;0;0;0;0;0
FR;9;2021-12-21;0;0;0;0;0;0;0;0;0;0;0;0;0;0;0;0;0;0
FR;9;2021-12-22;0;0;0;0;0;0;0;0;0;0;0;0;0;0;0;0;0;0
FR;9;2021-12-23;0;0;0;0;0;0;0;0;0;0;0;0;0;0;0;0;0;0
FR;9;2021-12-24;0;0;0;0;0;0;0;0;0;0;0;0;0;0;0;0;0;0
FR;9;2021-12-25;0;0;0;0;0;0;0;0;0;0;0;0;0;0;0;0;0;0
FR;9;2021-12-26;0;0;0;0;0;0;0;0;0;0;0;0;0;0;0;0;0;0
FR;9;2021-12-27;0;0;0;0;0;0;0;0;0;0;0;0;0;0;0;0;0;0
FR;9;2021-12-28;0;0;0;0;0;0;0;0;0;0;0;0;0;0;0;0;0;0
FR;9;2021-12-29;0;0;0;0;0;0;0;0;0;0;0;0;0;0;0;0;0;0
FR;9;2021-12-30;0;0;0;0;0;0;0;0;0;0;0;0;0;0;0;0;0;0
FR;9;2021-12-31;0;0;0;0;0;0;0;0;0;0;0;0;0;0;0;0;0;0
FR;9;2022-01-01;0;0;0;0;0;0;0;0;0;0;0;0;0;0;0;0;0;0
FR;9;2022-01-02;0;0;0;0;0;0;0;0;0;0;0;0;0;0;0;0;0;0
FR;9;2022-01-03;0;0;0;0;0;0;0;0;0;0;0;0;0;0;0;0;0;0
FR;9;2022-01-04;0;0;0;0;0;0;0;0;0;0;0;0;0;0;0;0;0;0
FR;9;2022-01-05;0;0;0;0;0;0;0;0;0;0;0;0;0;0;0;0;0;0
FR;9;2022-01-06;0;0;0;0;0;0;0;0;0;0;0;0;0;0;0;0;0;0
FR;9;2022-01-07;0;0;0;0;0;0;0;0;0;0;0;0;0;0;0;0;0;0
FR;9;2022-01-08;0;0;0;0;0;0;0;0;0;0;0;0;0;0;0;0;0;0
FR;9;2022-01-09;0;0;0;0;0;0;0;0;0;0;0;0;0;0;0;0;0;0
FR;9;2022-01-10;0;0;0;0;0;0;0;0;0;0;0;0;0;0;0;0;0;0
FR;9;2022-01-11;0;0;0;0;0;0;0;0;0;0;0;0;0;0;0;0;0;0
FR;9;2022-01-12;0;0;0;0;0;0;0;0;0;0;0;0;0;0;0;0;0;0
FR;9;2022-01-13;0;0;0;0;0;0;0;0;0;0;0;0;0;0;0;0;0;0
FR;9;2022-01-14;0;0;0;0;0;0;0;0;0;0;0;0;0;0;0;0;0;0
FR;9;2022-01-15;0;0;0;0;0;0;0;0;0;0;0;0;0;0;0;0;0;0
FR;9;2022-01-16;0;0;0;0;0;0;0;0;0;0;0;0;0;0;0;0;0;0
FR;9;2022-01-17;0;0;0;0;0;0;0;0;0;0;0;0;0;0;0;0;0;0
FR;9;2022-01-18;0;0;0;0;0;0;0;0;0;0;0;0;0;0;0;0;0;0
FR;9;2022-01-19;0;0;0;0;0;0;0;0;0;0;0;0;0;0;0;0;0;0
FR;9;2022-01-20;0;0;0;0;0;0;0;0;0;0;0;0;0;0;0;0;0;0
FR;9;2022-01-21;0;0;0;0;0;0;0;0;0;0;0;0;0;0;0;0;0;0
FR;9;2022-01-22;0;0;0;0;0;0;0;0;0;0;0;0;0;0;0;0;0;0
FR;9;2022-01-23;0;0;0;0;0;0;0;0;0;0;0;0;0;0;0;0;0;0
FR;9;2022-01-24;0;0;0;0;0;0;0;0;0;0;0;0;0;0;0;0;0;0
FR;9;2022-01-25;0;0;0;0;0;0;0;0;0;0;0;0;0;0;0;0;0;0
FR;9;2022-01-26;0;0;0;0;0;0;0;0;0;0;0;0;0;0;0;0;0;0
FR;9;2022-01-27;0;0;0;0;0;0;0;0;0;0;0;0;0;0;0;0;0;0
FR;9;2022-01-28;0;0;0;0;0;0;0;0;0;0;0;0;0;0;0;0;0;0
FR;9;2022-01-29;0;0;0;0;0;0;0;0;0;0;0;0;0;0;0;0;0;0
FR;9;2022-01-30;0;0;0;0;0;0;0;0;0;0;0;0;0;0;0;0;0;0
FR;9;2022-01-31;0;0;0;0;0;0;0;0;0;0;0;0;0;0;0;0;0;0
FR;9;2022-02-01;0;0;0;0;0;0;0;0;0;0;0;0;0;0;0;0;0;0
FR;9;2022-02-02;0;0;0;0;0;0;0;0;0;0;0;0;0;0;0;0;0;0
FR;9;2022-02-03;0;0;0;0;0;0;0;0;0;0;0;0;0;0;0;0;0;0
FR;9;2022-02-04;0;0;0;0;0;0;0;0;0;0;0;0;0;0;0;0;0;0
FR;9;2022-02-05;0;0;0;0;0;0;0;0;0;0;0;0;0;0;0;0;0;0
FR;9;2022-02-06;0;0;0;0;0;0;0;0;0;0;0;0;0;0;0;0;0;0
FR;9;2022-02-07;0;0;0;0;0;0;0;0;0;0;0;0;0;0;0;0;0;0
FR;9;2022-02-08;0;0;0;0;0;0;0;0;0;0;0;0;0;0;0;0;0;0
FR;9;2022-02-09;0;0;0;0;0;0;0;0;0;0;0;0;0;0;0;0;0;0
FR;9;2022-02-10;0;0;0;0;0;0;0;0;0;0;0;0;0;0;0;0;0;0
FR;9;2022-02-11;0;0;0;0;0;0;0;0;0;0;0;0;0;0;0;0;0;0
FR;9;2022-02-12;0;0;0;0;0;0;0;0;0;0;0;0;0;0;0;0;0;0
FR;9;2022-02-13;0;0;0;0;0;0;0;0;0;0;0;0;0;0;0;0;0;0
FR;9;2022-02-14;0;0;0;0;0;0;0;0;0;0;0;0;0;0;0;0;0;0
FR;9;2022-02-15;0;0;0;0;0;0;0;0;0;0;0;0;0;0;0;0;0;0
FR;9;2022-02-16;0;0;0;0;0;0;0;0;0;0;0;0;0;0;0;0;0;0
FR;9;2022-02-17;0;0;0;0;0;0;0;0;0;0;0;0;0;0;0;0;0;0
FR;9;2022-02-18;0;0;0;0;0;0;0;0;0;0;0;0;0;0;0;0;0;0
FR;9;2022-02-19;0;0;0;0;0;0;0;0;0;0;0;0;0;0;0;0;0;0
FR;9;2022-02-20;0;0;0;0;0;0;0;0;0;0;0;0;0;0;0;0;0;0
FR;9;2022-02-21;0;0;0;0;0;0;0;0;0;0;0;0;0;0;0;0;0;0
FR;9;2022-02-22;0;0;0;0;0;0;0;0;0;0;0;0;0;0;0;0;0;0
FR;9;2022-02-23;0;0;0;0;0;0;0;0;0;0;0;0;0;0;0;0;0;0
FR;9;2022-02-24;0;0;0;0;0;0;0;0;0;0;0;0;0;0;0;0;0;0
FR;9;2022-02-25;0;0;0;0;0;0;0;0;0;0;0;0;0;0;0;0;0;0
FR;9;2022-02-26;0;0;0;0;0;0;0;0;0;0;0;0;0;0;0;0;0;0
FR;9;2022-02-27;0;0;0;0;0;0;0;0;0;0;0;0;0;0;0;0;0;0
FR;9;2022-02-28;0;0;0;0;0;0;0;0;0;0;0;0;0;0;0;0;0;0
FR;9;2022-03-01;0;0;0;0;0;0;0;0;0;0;0;0;0;0;0;0;0;0
FR;9;2022-03-02;0;0;0;0;0;0;0;0;0;0;0;0;0;0;0;0;0;0
FR;9;2022-03-03;0;0;0;0;0;0;0;0;0;0;0;0;0;0;0;0;0;0
FR;9;2022-03-04;0;0;0;0;0;0;0;0;0;0;0;0;0;0;0;0;0;0
FR;9;2022-03-05;0;0;0;0;0;0;0;0;0;0;0;0;0;0;0;0;0;0
FR;9;2022-03-06;0;0;0;0;0;0;0;0;0;0;0;0;0;0;0;0;0;0
FR;9;2022-03-07;0;0;0;0;0;0;0;0;0;0;0;0;0;0;0;0;0;0
FR;9;2022-03-08;0;0;0;0;0;0;0;0;0;0;0;0;0;0;0;0;0;0
FR;9;2022-03-09;0;0;0;0;0;0;0;0;0;0;0;0;0;0;0;0;0;0
FR;9;2022-03-10;0;0;0;0;0;0;0;0;0;0;0;0;0;0;0;0;0;0
FR;9;2022-03-11;0;0;0;0;0;0;0;0;0;0;0;0;0;0;0;0;0;0
FR;9;2022-03-12;0;0;0;0;0;0;0;0;0;0;0;0;0;0;0;0;0;0
FR;9;2022-03-13;0;0;0;0;0;0;0;0;0;0;0;0;0;0;0;0;0;0
FR;9;2022-03-14;0;0;0;0;0;0;0;0;0;0;0;0;0;0;0;0;0;0
FR;9;2022-03-15;0;0;0;0;0;0;0;0;0;0;0;0;0;0;0;0;0;0
FR;9;2022-03-16;0;0;0;0;0;0;0;0;0;0;0;0;0;0;0;0;0;0
FR;9;2022-03-17;0;0;0;0;0;0;0;0;0;0;0;0;0;0;0;0;0;0
FR;9;2022-03-18;0;0;0;0;0;0;0;0;0;0;0;0;0;0;0;0;0;0
FR;9;2022-03-19;0;0;0;0;0;0;0;0;0;0;0;0;0;0;0;0;0;0
FR;9;2022-03-20;0;0;0;0;0;0;0;0;0;0;0;0;0;0;0;0;0;0
FR;9;2022-03-21;0;0;0;0;0;0;0;0;0;0;0;0;0;0;0;0;0;0
FR;9;2022-03-22;0;0;0;0;0;0;0;0;0;0;0;0;0;0;0;0;0;0
FR;9;2022-03-23;0;0;0;0;0;0;0;0;0;0;0;0;0;0;0;0;0;0
FR;9;2022-03-24;0;0;0;0;0;0;0;0;0;0;0;0;0;0;0;0;0;0
FR;9;2022-03-25;0;0;0;0;0;0;0;0;0;0;0;0;0;0;0;0;0;0
FR;9;2022-03-26;0;0;0;0;0;0;0;0;0;0;0;0;0;0;0;0;0;0
FR;9;2022-03-27;0;0;0;0;0;0;0;0;0;0;0;0;0;0;0;0;0;0
FR;9;2022-03-28;0;0;0;0;0;0;0;0;0;0;0;0;0;0;0;0;0;0
FR;9;2022-03-29;0;0;0;0;0;0;0;0;0;0;0;0;0;0;0;0;0;0
FR;9;2022-03-30;0;0;0;0;0;0;0;0;0;0;0;0;0;0;0;0;0;0
FR;9;2022-03-31;0;0;0;0;0;0;0;0;0;0;0;0;0;0;0;0;0;0
FR;9;2022-04-01;0;0;0;0;0;0;0;0;0;0;0;0;0;0;0;0;0;0
FR;9;2022-04-02;0;0;0;0;0;0;0;0;0;0;0;0;0;0;0;0;0;0
FR;9;2022-04-03;0;0;0;0;0;0;0;0;0;0;0;0;0;0;0;0;0;0
FR;9;2022-04-04;0;0;0;0;0;0;0;0;0;0;0;0;0;0;0;0;0;0
FR;9;2022-04-05;0;0;0;0;0;0;0;0;0;0;0;0;0;0;0;0;0;0
FR;9;2022-04-06;0;0;0;0;0;0;0;0;0;0;0;0;0;0;0;0;0;0
FR;9;2022-04-07;0;0;0;0;0;0;0;0;0;0;0;0;0;0;0;0;0;0
FR;9;2022-04-08;0;0;0;0;0;0;0;0;0;0;0;0;0;0;0;0;0;0
FR;9;2022-04-09;0;0;0;0;0;0;0;0;0;0;0;0;0;0;0;0;0;0
FR;9;2022-04-10;0;0;0;0;0;0;0;0;0;0;0;0;0;0;0;0;0;0
FR;9;2022-04-11;0;0;0;0;0;0;0;0;0;0;0;0;0;0;0;0;0;0
FR;9;2022-04-12;0;0;0;0;0;0;0;0;0;0;0;0;0;0;0;0;0;0
FR;9;2022-04-13;0;0;0;0;0;0;0;0;0;0;0;0;0;0;0;0;0;0
FR;9;2022-04-14;0;0;0;0;0;0;0;0;0;0;0;0;0;0;0;0;0;0
FR;9;2022-04-15;0;0;0;0;0;0;0;0;0;0;0;0;0;0;0;0;0;0
FR;9;2022-04-16;0;0;0;0;0;0;0;0;0;0;0;0;0;0;0;0;0;0
FR;9;2022-04-17;0;0;0;0;0;0;0;0;0;0;0;0;0;0;0;0;0;0
FR;9;2022-04-18;0;0;0;0;0;0;0;0;0;0;0;0;0;0;0;0;0;0
FR;9;2022-04-19;0;0;0;0;0;0;0;0;0;0;0;0;0;0;0;0;0;0
FR;9;2022-04-20;0;0;0;0;0;0;0;0;0;0;0;0;0;0;0;0;0;0
FR;9;2022-04-21;0;0;0;0;0;0;0;0;0;0;0;0;0;0;0;0;0;0
FR;9;2022-04-22;0;0;0;0;0;0;0;0;0;0;0;0;0;0;0;0;0;0
FR;9;2022-04-23;0;0;0;0;0;0;0;0;0;0;0;0;0;0;0;0;0;0
FR;9;2022-04-24;0;0;0;0;0;0;0;0;0;0;0;0;0;0;0;0;0;0
FR;9;2022-04-25;0;0;0;0;0;0;0;0;0;0;0;0;0;0;0;0;0;0
FR;9;2022-04-26;0;0;0;0;0;0;0;0;0;0;0;0;0;0;0;0;0;0
FR;9;2022-04-27;0;0;0;0;0;0;0;0;0;0;0;0;0;0;0;0;0;0
FR;9;2022-04-28;0;0;0;0;0;0;0;0;0;0;0;0;0;0;0;0;0;0
FR;9;2022-04-29;0;0;0;0;0;0;0;0;0;0;0;0;0;0;0;0;0;0
FR;9;2022-04-30;0;0;0;0;0;0;0;0;0;0;0;0;0;0;0;0;0;0
FR;9;2022-05-01;0;0;0;0;0;0;0;0;0;0;0;0;0;0;0;0;0;0
FR;9;2022-05-02;0;0;0;0;0;0;0;0;0;0;0;0;0;0;0;0;0;0
FR;9;2022-05-03;0;0;0;0;0;0;0;0;0;0;0;0;0;0;0;0;0;0
FR;9;2022-05-04;0;0;0;0;0;0;0;0;0;0;0;0;0;0;0;0;0;0
FR;9;2022-05-05;0;0;0;0;0;0;0;0;0;0;0;0;0;0;0;0;0;0
FR;9;2022-05-06;0;0;0;0;0;0;0;0;0;0;0;0;0;0;0;0;0;0
FR;9;2022-05-07;0;0;0;0;0;0;0;0;0;0;0;0;0;0;0;0;0;0
FR;9;2022-05-08;0;0;0;0;0;0;0;0;0;0;0;0;0;0;0;0;0;0
FR;9;2022-05-09;0;0;0;0;0;0;0;0;0;0;0;0;0;0;0;0;0;0
FR;9;2022-05-10;0;0;0;0;0;0;0;0;0;0;0;0;0;0;0;0;0;0
FR;9;2022-05-11;0;0;0;0;0;0;0;0;0;0;0;0;0;0;0;0;0;0
FR;9;2022-05-12;0;0;0;0;0;0;0;0;0;0;0;0;0;0;0;0;0;0
FR;9;2022-05-13;0;0;0;0;0;0;0;0;0;0;0;0;0;0;0;0;0;0
FR;9;2022-05-14;0;0;0;0;0;0;0;0;0;0;0;0;0;0;0;0;0;0
FR;9;2022-05-15;0;0;0;0;0;0;0;0;0;0;0;0;0;0;0;0;0;0
FR;9;2022-05-16;0;0;0;0;0;0;0;0;0;0;0;0;0;0;0;0;0;0
FR;9;2022-05-17;0;0;0;0;0;0;0;0;0;0;0;0;0;0;0;0;0;0
FR;9;2022-05-18;0;0;0;0;0;0;0;0;0;0;0;0;0;0;0;0;0;0
FR;9;2022-05-19;0;0;0;0;0;0;0;0;0;0;0;0;0;0;0;0;0;0
FR;9;2022-05-20;0;0;0;0;0;0;0;0;0;0;0;0;0;0;0;0;0;0
FR;9;2022-05-21;0;0;0;0;0;0;0;0;0;0;0;0;0;0;0;0;0;0
FR;9;2022-05-22;0;0;0;0;0;0;0;0;0;0;0;0;0;0;0;0;0;0
FR;9;2022-05-23;0;0;0;0;0;0;0;0;0;0;0;0;0;0;0;0;0;0
FR;9;2022-05-24;0;0;0;0;0;0;0;0;0;0;0;0;0;0;0;0;0;0
FR;9;2022-05-25;0;0;0;0;0;0;0;0;0;0;0;0;0;0;0;0;0;0
FR;9;2022-05-26;0;0;0;0;0;0;0;0;0;0;0;0;0;0;0;0;0;0
FR;9;2022-05-27;0;0;0;0;0;0;0;0;0;0;0;0;0;0;0;0;0;0
FR;9;2022-05-28;0;0;0;0;0;0;0;0;0;0;0;0;0;0;0;0;0;0
FR;9;2022-05-29;0;0;0;0;0;0;0;0;0;0;0;0;0;0;0;0;0;0
FR;9;2022-05-30;0;0;0;0;0;0;0;0;0;0;0;0;0;0;0;0;0;0
FR;9;2022-05-31;0;0;0;0;0;0;0;0;0;0;0;0;0;0;0;0;0;0
FR;9;2022-06-01;0;0;0;0;0;0;0;0;0;0;0;0;0;0;0;0;0;0
FR;9;2022-06-02;0;0;0;0;0;0;0;0;0;0;0;0;0;0;0;0;0;0
FR;9;2022-06-03;0;0;0;0;0;0;0;0;0;0;0;0;0;0;0;0;0;0
FR;9;2022-06-04;0;0;0;0;0;0;0;0;0;0;0;0;0;0;0;0;0;0
FR;9;2022-06-05;0;0;0;0;0;0;0;0;0;0;0;0;0;0;0;0;0;0
FR;9;2022-06-06;0;0;0;0;0;0;0;0;0;0;0;0;0;0;0;0;0;0
FR;9;2022-06-07;0;0;0;0;0;0;0;0;0;0;0;0;0;0;0;0;0;0
FR;9;2022-06-08;0;0;0;0;0;0;0;0;0;0;0;0;0;0;0;0;0;0
FR;9;2022-06-09;0;0;0;0;0;0;0;0;0;0;0;0;0;0;0;0;0;0
FR;9;2022-06-10;0;0;0;0;0;0;0;0;0;0;0;0;0;0;0;0;0;0
FR;9;2022-06-11;0;0;0;0;0;0;0;0;0;0;0;0;0;0;0;0;0;0
FR;9;2022-06-12;0;0;0;0;0;0;0;0;0;0;0;0;0;0;0;0;0;0
FR;9;2022-06-13;0;0;0;0;0;0;0;0;0;0;0;0;0;0;0;0;0;0
FR;9;2022-06-14;0;0;0;0;0;0;0;0;0;0;0;0;0;0;0;0;0;0
FR;9;2022-06-15;0;0;0;0;0;0;0;0;0;0;0;0;0;0;0;0;0;0
FR;9;2022-06-16;0;0;0;0;0;0;0;0;0;0;0;0;0;0;0;0;0;0
FR;9;2022-06-17;0;0;0;0;0;0;0;0;0;0;0;0;0;0;0;0;0;0
FR;9;2022-06-18;0;0;0;0;0;0;0;0;0;0;0;0;0;0;0;0;0;0
FR;9;2022-06-19;0;0;0;0;0;0;0;0;0;0;0;0;0;0;0;0;0;0
FR;9;2022-06-20;0;0;0;0;0;0;0;0;0;0;0;0;0;0;0;0;0;0
FR;9;2022-06-21;0;0;0;0;0;0;0;0;0;0;0;0;0;0;0;0;0;0
FR;9;2022-06-22;0;0;0;0;0;0;0;0;0;0;0;0;0;0;0;0;0;0
FR;9;2022-06-23;0;0;0;0;0;0;0;0;0;0;0;0;0;0;0;0;0;0
FR;9;2022-06-24;0;0;0;0;0;0;0;0;0;0;0;0;0;0;0;0;0;0
FR;9;2022-06-25;0;0;0;0;0;0;0;0;0;0;0;0;0;0;0;0;0;0
FR;9;2022-06-26;0;0;0;0;0;0;0;0;0;0;0;0;0;0;0;0;0;0
FR;9;2022-06-27;0;0;0;0;0;0;0;0;0;0;0;0;0;0;0;0;0;0
FR;9;2022-06-28;0;0;0;0;0;0;0;0;0;0;0;0;0;0;0;0;0;0
FR;9;2022-06-29;0;0;0;0;0;0;0;0;0;0;0;0;0;0;0;0;0;0
FR;9;2022-06-30;0;0;0;0;0;0;0;0;0;0;0;0;0;0;0;0;0;0
FR;9;2022-07-01;0;0;0;0;0;0;0;0;0;0;0;0;0;0;0;0;0;0
FR;9;2022-07-02;0;0;0;0;0;0;0;0;0;0;0;0;0;0;0;0;0;0
FR;9;2022-07-03;0;0;0;0;0;0;0;0;0;0;0;0;0;0;0;0;0;0
FR;9;2022-07-04;0;0;0;0;0;0;0;0;0;0;0;0;0;0;0;0;0;0
FR;9;2022-07-05;0;0;0;0;0;0;0;0;0;0;0;0;0;0;0;0;0;0
FR;9;2022-07-06;0;0;0;0;0;0;0;0;0;0;0;0;0;0;0;0;0;0
FR;9;2022-07-07;0;0;0;0;0;0;0;0;0;0;0;0;0;0;0;0;0;0
FR;9;2022-07-08;0;0;0;0;0;0;0;0;0;0;0;0;0;0;0;0;0;0
FR;9;2022-07-09;0;0;0;0;0;0;0;0;0;0;0;0;0;0;0;0;0;0
FR;9;2022-07-10;0;0;0;0;0;0;0;0;0;0;0;0;0;0;0;0;0;0
FR;9;2022-07-11;0;0;0;0;0;0;0;0;0;0;0;0;0;0;0;0;0;0
FR;9;2022-07-12;0;0;0;0;0;0;0;0;0;0;0;0;0;0;0;0;0;0
FR;9;2022-07-13;0;0;0;0;0;0;0;0;0;0;0;0;0;0;0;0;0;0
FR;9;2022-07-14;0;0;0;0;0;0;0;0;0;0;0;0;0;0;0;0;0;0
FR;9;2022-07-15;0;0;0;0;0;0;0;0;0;0;0;0;0;0;0;0;0;0
FR;9;2022-07-16;0;0;0;0;0;0;0;0;0;0;0;0;0;0;0;0;0;0
FR;9;2022-07-17;0;0;0;0;0;0;0;0;0;0;0;0;0;0;0;0;0;0
FR;9;2022-07-18;0;0;0;0;0;0;0;0;0;0;0;0;0;0;0;0;0;0
FR;9;2022-07-19;0;0;0;0;0;0;0;0;0;0;0;0;0;0;0;0;0;0
FR;9;2022-07-20;0;0;0;0;0;0;0;0;0;0;0;0;0;0;0;0;0;0
FR;9;2022-07-21;0;0;0;0;0;0;0;0;0;0;0;0;0;0;0;0;0;0
FR;9;2022-07-22;0;0;0;0;0;0;0;0;0;0;0;0;0;0;0;0;0;0
FR;9;2022-07-23;0;0;0;0;0;0;0;0;0;0;0;0;0;0;0;0;0;0
FR;9;2022-07-24;0;0;0;0;0;0;0;0;0;0;0;0;0;0;0;0;0;0
FR;9;2022-07-25;0;0;0;0;0;0;0;0;0;0;0;0;0;0;0;0;0;0
FR;9;2022-07-26;0;0;0;0;0;0;0;0;0;0;0;0;0;0;0;0;0;0
FR;9;2022-07-27;0;0;0;0;0;0;0;0;0;0;0;0;0;0;0;0;0;0
FR;9;2022-07-28;0;0;0;0;0;0;0;0;0;0;0;0;0;0;0;0;0;0
FR;9;2022-07-29;0;0;0;0;0;0;0;0;0;0;0;0;0;0;0;0;0;0
FR;9;2022-07-30;0;0;0;0;0;0;0;0;0;0;0;0;0;0;0;0;0;0
FR;9;2022-07-31;0;0;0;0;0;0;0;0;0;0;0;0;0;0;0;0;0;0
FR;9;2022-08-01;0;0;0;0;0;0;0;0;0;0;0;0;0;0;0;0;0;0
FR;9;2022-08-02;0;0;0;0;0;0;0;0;0;0;0;0;0;0;0;0;0;0
FR;9;2022-08-03;0;0;0;0;0;0;0;0;0;0;0;0;0;0;0;0;0;0
FR;9;2022-08-04;0;0;0;0;0;0;0;0;0;0;0;0;0;0;0;0;0;0
FR;9;2022-08-05;0;0;0;0;0;0;0;0;0;0;0;0;0;0;0;0;0;0
FR;9;2022-08-06;0;0;0;0;0;0;0;0;0;0;0;0;0;0;0;0;0;0
FR;9;2022-08-07;0;0;0;0;0;0;0;0;0;0;0;0;0;0;0;0;0;0
FR;9;2022-08-08;0;0;0;0;0;0;0;0;0;0;0;0;0;0;0;0;0;0
FR;9;2022-08-09;0;0;0;0;0;0;0;0;0;0;0;0;0;0;0;0;0;0
FR;9;2022-08-10;0;0;0;0;0;0;0;0;0;0;0;0;0;0;0;0;0;0
FR;9;2022-08-11;0;0;0;0;0;0;0;0;0;0;0;0;0;0;0;0;0;0
FR;9;2022-08-12;0;0;0;0;0;0;0;0;0;0;0;0;0;0;0;0;0;0
FR;9;2022-08-13;0;0;0;0;0;0;0;0;0;0;0;0;0;0;0;0;0;0
FR;9;2022-08-14;0;0;0;0;0;0;0;0;0;0;0;0;0;0;0;0;0;0
FR;9;2022-08-15;0;0;0;0;0;0;0;0;0;0;0;0;0;0;0;0;0;0
FR;9;2022-08-16;0;0;0;0;0;0;0;0;0;0;0;0;0;0;0;0;0;0
FR;9;2022-08-17;0;0;0;0;0;0;0;0;0;0;0;0;0;0;0;0;0;0
FR;9;2022-08-18;0;0;0;0;0;0;0;0;0;0;0;0;0;0;0;0;0;0
FR;9;2022-08-19;0;0;0;0;0;0;0;0;0;0;0;0;0;0;0;0;0;0
FR;9;2022-08-20;0;0;0;0;0;0;0;0;0;0;0;0;0;0;0;0;0;0
FR;9;2022-08-21;0;0;0;0;0;0;0;0;0;0;0;0;0;0;0;0;0;0
FR;9;2022-08-22;0;0;0;0;0;0;0;0;0;0;0;0;0;0;0;0;0;0
FR;9;2022-08-23;0;0;0;0;0;0;0;0;0;0;0;0;0;0;0;0;0;0
FR;9;2022-08-24;0;0;0;0;0;0;0;0;0;0;0;0;0;0;0;0;0;0
FR;9;2022-08-25;0;0;0;0;0;0;0;0;0;0;0;0;0;0;0;0;0;0
FR;9;2022-08-26;0;0;0;0;0;0;0;0;0;0;0;0;0;0;0;0;0;0
FR;9;2022-08-27;0;0;0;0;0;0;0;0;0;0;0;0;0;0;0;0;0;0
FR;9;2022-08-28;0;0;0;0;0;0;0;0;0;0;0;0;0;0;0;0;0;0
FR;9;2022-08-29;0;0;0;0;0;0;0;0;0;0;0;0;0;0;0;0;0;0
FR;9;2022-08-30;0;0;0;0;0;0;0;0;0;0;0;0;0;0;0;0;0;0
FR;9;2022-08-31;0;0;0;0;0;0;0;0;0;0;0;0;0;0;0;0;0;0
FR;9;2022-09-01;0;0;0;0;0;0;0;0;0;0;0;0;0;0;0;0;0;0
FR;9;2022-09-02;0;0;0;0;0;0;0;0;0;0;0;0;0;0;0;0;0;0
FR;9;2022-09-03;0;0;0;0;0;0;0;0;0;0;0;0;0;0;0;0;0;0
FR;9;2022-09-04;0;0;0;0;0;0;0;0;0;0;0;0;0;0;0;0;0;0
FR;9;2022-09-05;0;0;0;0;0;0;0;0;0;0;0;0;0;0;0;0;0;0
FR;9;2022-09-06;0;0;0;0;0;0;0;0;0;0;0;0;0;0;0;0;0;0
FR;9;2022-09-07;0;0;0;0;0;0;0;0;0;0;0;0;0;0;0;0;0;0
FR;9;2022-09-08;0;0;0;0;0;0;0;0;0;0;0;0;0;0;0;0;0;0
FR;9;2022-09-09;0;0;0;0;0;0;0;0;0;0;0;0;0;0;0;0;0;0
FR;9;2022-09-10;0;0;0;0;0;0;0;0;0;0;0;0;0;0;0;0;0;0
FR;9;2022-09-11;0;0;0;0;0;0;0;0;0;0;0;0;0;0;0;0;0;0
FR;9;2022-09-12;0;0;0;0;0;0;0;0;0;0;0;0;0;0;0;0;0;0
FR;9;2022-09-13;0;0;0;0;0;0;0;0;0;0;0;0;0;0;0;0;0;0
FR;9;2022-09-14;0;0;0;0;0;0;0;0;0;0;0;0;0;0;0;0;0;0
FR;9;2022-09-15;0;0;0;0;0;0;0;0;0;0;0;0;0;0;0;0;0;0
FR;9;2022-09-16;0;0;0;0;0;0;0;0;0;0;0;0;0;0;0;0;0;0
FR;9;2022-09-17;0;0;0;0;0;0;0;0;0;0;0;0;0;0;0;0;0;0
FR;9;2022-09-18;0;0;0;0;0;0;0;0;0;0;0;0;0;0;0;0;0;0
FR;9;2022-09-19;0;0;0;0;0;0;0;0;0;0;0;0;0;0;0;0;0;0
FR;9;2022-09-20;0;0;0;0;0;0;0;0;0;0;0;0;0;0;0;0;0;0
FR;9;2022-09-21;0;0;0;0;0;0;0;0;0;0;0;0;0;0;0;0;0;0
FR;9;2022-09-22;0;0;0;0;0;0;0;0;0;0;0;0;0;0;0;0;0;0
FR;9;2022-09-23;0;0;0;0;0;0;0;0;0;0;0;0;0;0;0;0;0;0
FR;9;2022-09-24;0;0;0;0;0;0;0;0;0;0;0;0;0;0;0;0;0;0
FR;9;2022-09-25;0;0;0;0;0;0;0;0;0;0;0;0;0;0;0;0;0;0
FR;9;2022-09-26;0;0;0;0;0;0;0;0;0;0;0;0;0;0;0;0;0;0
FR;9;2022-09-27;0;0;0;0;0;0;0;0;0;0;0;0;0;0;0;0;0;0
FR;9;2022-09-28;0;0;0;0;0;0;0;0;0;0;0;0;0;0;0;0;0;0
FR;9;2022-09-29;1;1;8;33;0;6;35;43;2;1;1;8;33;0;6;35;43;2
FR;9;2022-09-30;5;13;62;606;7;48;614;715;51;6;14;70;639;7;54;649;758;53
FR;9;2022-10-01;10;2;43;327;3;26;335;396;35;16;16;113;966;10;80;984;1154;88
FR;9;2022-10-02;2;1;5;50;0;4;51;66;11;18;17;118;1016;10;84;1035;1220;99
FR;9;2022-10-03;14;17;151;1714;11;129;1708;2074;234;32;34;269;2730;21;213;2743;3294;333
FR;9;2022-10-04;22;48;353;3954;18;228;4022;4704;450;54;82;622;6684;39;441;6765;7998;783
FR;9;2022-10-05;30;21;269;2998;18;203;3011;3656;433;84;103;891;9682;57;644;9776;11654;1216
FR;9;2022-10-06;23;35;400;4598;18;301;4631;5609;672;107;138;1291;14280;75;945;14407;17263;1888
FR;9;2022-10-07;29;50;499;5706;19;384;5720;7029;923;136;188;1790;19986;94;1329;20127;24292;2811
FR;9;2022-10-08;10;18;128;1090;8;86;1108;1389;191;146;206;1918;21076;102;1415;21235;25681;3002
FR;9;2022-10-09;1;7;22;197;1;29;198;277;50;147;213;1940;21273;103;1444;21433;25958;3052
FR;9;2022-10-10;11;26;207;2572;14;181;2576;3296;533;158;239;2147;23845;117;1625;24009;29254;3585
FR;9;2022-10-11;31;40;424;5043;27;312;5024;6198;851;189;279;2571;28888;144;1937;29033;35452;4436
FR;9;2022-10-12;22;26;297;2987;16;212;3044;3830;572;211;305;2868;31875;160;2149;32077;39282;5008
FR;9;2022-10-13;25;42;374;3980;16;245;4036;5027;740;236;347;3242;35855;176;2394;36113;44309;5748
FR;9;2022-10-14;27;26;381;4430;12;293;4414;5556;838;263;373;3623;40285;188;2687;40527;49865;6586
FR;9;2022-10-15;14;8;101;1052;7;79;1029;1308;198;277;381;3724;41337;195;2766;41556;51173;6784
FR;9;2022-10-16;4;1;9;132;2;12;126;168;28;281;382;3733;41469;197;2778;41682;51341;6812
FR;9;2022-10-17;4;22;165;1875;11;127;1883;2492;475;285;404;3898;43344;208;2905;43565;53833;7287
FR;9;2022-10-18;36;29;317;3430;17;237;3454;4663;963;321;433;4215;46774;225;3142;47019;58496;8250
FR;9;2022-10-19;22;19;262;2688;17;174;2717;3733;827;343;452;4477;49462;242;3316;49736;62229;9077
FR;9;2022-10-20;22;22;308;3628;8;233;3639;4813;933;365;474;4785;53090;250;3549;53375;67042;10010
FR;9;2022-10-21;14;32;327;3550;11;228;3556;4657;865;379;506;5112;56640;261;3777;56931;71699;10875
FR;9;2022-10-22;10;11;90;914;8;62;919;1193;207;389;517;5202;57554;269;3839;57850;72892;11082
FR;9;2022-10-23;2;2;17;100;2;10;105;148;33;391;519;5219;57654;271;3849;57955;73040;11115
FR;9;2022-10-24;7;17;159;1363;6;106;1434;1942;397;398;536;5378;59017;277;3955;59389;74982;11512
FR;9;2022-10-25;19;22;228;2841;16;188;2851;3938;896;417;558;5606;61858;293;4143;62240;78920;12408
FR;9;2022-10-26;14;16;169;1800;13;123;1812;2527;590;431;574;5775;63658;306;4266;64052;81447;12998
FR;9;2022-10-27;9;26;230;2303;15;173;2337;3210;689;440;600;6005;65961;321;4439;66389;84657;13687
FR;9;2022-10-28;18;27;224;2277;17;151;2303;3142;681;458;627;6229;68238;338;4590;68692;87799;14368
FR;9;2022-10-29;12;8;55;505;5;46;496;662;119;470;635;6284;68743;343;4636;69188;88461;14487
FR;9;2022-10-30;2;1;8;58;1;8;58;82;16;472;636;6292;68801;344;4644;69246;88543;14503
FR;9;2022-10-31;13;7;105;660;9;59;695;996;240;485;643;6397;69461;353;4703;69941;89539;14743
FR;9;2022-11-01;1;1;15;43;0;11;49;71;11;486;644;6412;69504;353;4714;69990;89610;14754
FR;9;2022-11-02;7;12;102;1027;4;76;1045;1577;452;493;656;6514;70531;357;4790;71035;91187;15206
FR;9;2022-11-03;17;18;157;1599;16;92;1647;2348;599;510;674;6671;72130;373;4882;72682;93535;15805
FR;9;2022-11-04;21;19;193;1751;15;120;1800;2536;611;531;693;6864;73881;388;5002;74482;96071;16416
FR;9;2022-11-05;8;10;58;403;9;39;424;573;107;539;703;6922;74284;397;5041;74906;96644;16523
FR;9;2022-11-06;5;4;5;62;6;2;61;88;25;544;707;6927;74346;403;5043;74967;96732;16548
FR;9;2022-11-07;16;19;89;942;16;110;941;1489;432;560;726;7016;75288;419;5153;75908;98221;16980
FR;9;2022-11-08;11;19;171;1827;13;137;1815;2660;703;571;745;7187;77115;432;5290;77723;100881;17683
FR;9;2022-11-09;16;16;123;1261;9;98;1322;1878;453;587;761;7310;78376;441;5388;79045;102759;18136
FR;9;2022-11-10;13;22;162;1623;14;137;1621;2281;519;600;783;7472;79999;455;5525;80666;105040;18655
FR;9;2022-11-11;1;1;13;81;1;6;83;124;35;601;784;7485;80080;456;5531;80749;105164;18690
FR;9;2022-11-12;5;8;44;259;7;19;278;395;97;606;792;7529;80339;463;5550;81027;105559;18787
FR;9;2022-11-13;2;0;4;30;0;4;31;51;16;608;792;7533;80369;463;5554;81058;105610;18803
FR;9;2022-11-14;11;12;56;713;11;44;722;1108;339;619;804;7589;81082;474;5598;81780;106718;19142
FR;9;2022-11-15;18;16;150;1346;7;103;1356;2103;638;637;820;7739;82428;481;5701;83136;108821;19780
FR;9;2022-11-16;10;5;99;979;8;58;997;1490;431;647;825;7838;83407;489;5759;84133;110311;20211
FR;9;2022-11-17;9;17;126;1086;11;78;1111;1695;501;656;842;7964;84493;500;5837;85244;112006;20712
FR;9;2022-11-18;7;16;120;1440;5;78;1455;2027;492;663;858;8084;85933;505;5915;86699;114033;21204
FR;9;2022-11-19;3;5;51;364;1;28;351;490;106;666;863;8135;86297;506;5943;87050;114523;21310
FR;9;2022-11-20;1;0;5;37;0;3;35;54;16;667;863;8140;86334;506;5946;87085;114577;21326
FR;9;2022-11-21;9;12;66;636;5;51;639;960;263;676;875;8206;86970;511;5997;87724;115537;21589
FR;9;2022-11-22;15;12;121;1037;13;74;1067;1592;449;691;887;8327;88007;524;6071;88791;117129;22038
FR;9;2022-11-23;7;10;69;734;5;33;761;1171;372;698;897;8396;88741;529;6104;89552;118300;22410
FR;9;2022-11-24;8;19;93;979;14;68;992;1472;406;706;916;8489;89720;543;6172;90544;119772;22816
FR;9;2022-11-25;8;11;107;1180;9;82;1195;1781;503;714;927;8596;90900;552;6254;91739;121553;23319
FR;9;2022-11-26;6;6;35;217;7;24;214;310;68;720;933;8631;91117;559;6278;91953;121863;23387
FR;9;2022-11-27;1;1;6;42;0;2;46;82;34;721;934;8637;91159;559;6280;91999;121945;23421
FR;9;2022-11-28;5;7;103;698;7;60;726;1135;344;726;941;8740;91857;566;6340;92725;123080;23765
FR;9;2022-11-29;6;18;142;1299;6;89;1327;1942;521;732;959;8882;93156;572;6429;94052;125022;24286
FR;9;2022-11-30;9;12;99;1032;5;76;1055;1606;470;741;971;8981;94188;577;6505;95107;126628;24756
FR;9;2022-12-01;16;14;112;1345;8;80;1331;1970;554;757;985;9093;95533;585;6585;96438;128598;25310
FR;9;2022-12-02;10;13;193;1817;10;107;1818;2631;700;767;998;9286;97350;595;6692;98256;131229;26010
FR;9;2022-12-03;7;9;79;619;5;41;632;887;208;774;1007;9365;97969;600;6733;98888;132116;26218
FR;9;2022-12-04;11;4;15;105;5;8;105;153;40;785;1011;9380;98074;605;6741;98993;132269;26258
FR;9;2022-12-05;21;24;144;1406;18;98;1421;2110;584;806;1035;9524;99480;623;6839;100414;134379;26842
FR;9;2022-12-06;30;21;264;2453;21;148;2548;3812;1097;836;1056;9788;101933;644;6987;102962;138191;27939
FR;9;2022-12-07;15;22;181;1848;20;112;1890;2826;814;851;1078;9969;103781;664;7099;104852;141017;28753
FR;9;2022-12-08;14;22;222;2404;15;125;2467;3701;1092;865;1100;10191;106185;679;7224;107319;144718;29845
FR;9;2022-12-09;14;25;287;2888;10;143;2986;4337;1200;879;1125;10478;109073;689;7367;110305;149055;31045
FR;9;2022-12-10;12;13;122;1324;5;56;1347;1819;410;891;1138;10600;110397;694;7423;111652;150874;31455
FR;9;2022-12-11;5;5;21;277;6;10;283;363;66;896;1143;10621;110674;700;7433;111935;151237;31521
FR;9;2022-12-12;17;14;215;1958;12;109;2032;2892;746;913;1157;10836;112632;712;7542;113967;154129;32267
FR;9;2022-12-13;28;23;317;3085;15;151;3221;4720;1337;941;1180;11153;115717;727;7693;117188;158849;33604
FR;9;2022-12-14;15;10;191;2335;8;94;2405;3505;989;956;1190;11344;118052;735;7787;119593;162354;34593
FR;9;2022-12-15;17;24;257;2611;13;138;2682;4069;1238;973;1214;11601;120663;748;7925;122275;166423;35831
FR;9;2022-12-16;15;29;294;3072;21;165;3155;4603;1274;988;1243;11895;123735;769;8090;125430;171026;37105
FR;9;2022-12-17;8;11;106;1193;6;50;1208;1664;402;996;1254;12001;124928;775;8140;126638;172690;37507
FR;9;2022-12-18;1;7;30;245;6;14;251;333;67;997;1261;12031;125173;781;8154;126889;173023;37574
FR;9;2022-12-19;20;21;149;1599;15;78;1631;2507;789;1017;1282;12180;126772;796;8232;128520;175530;38363
FR;9;2022-12-20;21;19;232;2306;6;115;2349;3708;1233;1038;1301;12412;129078;802;8347;130869;179238;39596
FR;9;2022-12-21;6;14;139;1501;7;66;1554;2402;775;1044;1315;12551;130579;809;8413;132423;181640;40371
FR;9;2022-12-22;19;9;136;1402;9;78;1418;2119;615;1063;1324;12687;131981;818;8491;133841;183759;40986
FR;9;2022-12-23;11;15;77;728;9;51;730;1092;305;1074;1339;12764;132709;827;8542;134571;184851;41291
FR;9;2022-12-24;1;5;13;96;4;6;98;138;34;1075;1344;12777;132805;831;8548;134669;184989;41325
FR;9;2022-12-25;1;0;5;5;0;4;6;12;2;1076;1344;12782;132810;831;8552;134675;185001;41327
FR;9;2022-12-26;17;8;64;547;11;37;554;829;235;1093;1352;12846;133357;842;8589;135229;185830;41562
FR;9;2022-12-27;12;30;97;882;14;69;917;1422;430;1105;1382;12943;134239;856;8658;136146;187252;41992
FR;9;2022-12-28;8;9;82;749;8;40;768;1185;372;1113;1391;13025;134988;864;8698;136914;188437;42364
FR;9;2022-12-29;9;14;92;720;10;51;753;1135;324;1122;1405;13117;135708;874;8749;137667;189572;42688
FR;9;2022-12-30;12;17;77;592;9;47;612;899;237;1134;1422;13194;136300;883;8796;138279;190471;42925
FR;9;2022-12-31;2;3;17;136;2;12;139;190;38;1136;1425;13211;136436;885;8808;138418;190661;42963
FR;9;2023-01-01;0;2;3;19;1;4;19;31;8;1136;1427;13214;136455;886;8812;138437;190692;42971
FR;9;2023-01-02;11;11;56;592;4;40;585;949;320;1147;1438;13270;137047;890;8852;139022;191641;43291
FR;9;2023-01-03;19;20;122;1079;20;75;1101;1940;749;1166;1458;13392;138126;910;8927;140123;193581;44040
FR;9;2023-01-04;21;18;113;846;8;73;898;1609;633;1187;1476;13505;138972;918;9000;141021;195190;44673
FR;9;2023-01-05;5;20;115;1059;11;65;1091;2048;882;1192;1496;13620;140031;929;9065;142112;197238;45555
FR;9;2023-01-06;13;17;152;1370;4;73;1388;2410;938;1205;1513;13772;141401;933;9138;143500;199648;46493
FR;9;2023-01-07;6;13;58;436;14;36;427;687;220;1211;1526;13830;141837;947;9174;143927;200335;46713
FR;9;2023-01-08;4;11;15;92;9;12;91;137;32;1215;1537;13845;141929;956;9186;144018;200472;46745
FR;9;2023-01-09;16;15;87;623;9;62;615;1276;586;1231;1552;13932;142552;965;9248;144633;201748;47331
FR;9;2023-01-10;13;12;154;979;11;74;1033;1990;871;1244;1564;14086;143531;976;9322;145666;203738;48202
FR;9;2023-01-11;19;9;74;680;10;49;689;1387;643;1263;1573;14160;144211;986;9371;146355;205125;48845
FR;9;2023-01-12;21;9;92;845;3;77;823;1688;775;1284;1582;14252;145056;989;9448;147178;206813;49620
FR;9;2023-01-13;15;19;106;888;12;73;910;1784;785;1299;1601;14358;145944;1001;9521;148088;208597;50405
FR;9;2023-01-14;9;9;55;294;5;33;299;585;247;1308;1610;14413;146238;1006;9554;148387;209182;50652
FR;9;2023-01-15;1;3;15;37;0;9;41;82;32;1309;1613;14428;146275;1006;9563;148428;209264;50684
FR;9;2023-01-16;6;15;54;366;13;24;383;785;371;1315;1628;14482;146641;1019;9587;148811;210049;51055
FR;9;2023-01-17;7;9;83;563;4;49;577;1244;609;1322;1637;14565;147204;1023;9636;149388;211293;51664
FR;9;2023-01-18;8;14;37;380;6;32;397;841;405;1330;1651;14602;147584;1029;9668;149785;212134;52069
FR;9;2023-01-19;10;9;58;477;8;30;478;1088;569;1340;1660;14660;148061;1037;9698;150263;213222;52638
FR;9;2023-01-20;15;19;96;578;16;57;595;1190;534;1355;1679;14756;148639;1053;9755;150858;214412;53172
FR;9;2023-01-21;8;15;20;192;11;13;190;347;140;1363;1694;14776;148831;1064;9768;151048;214759;53312
FR;9;2023-01-22;0;0;8;20;0;5;21;42;16;1363;1694;14784;148851;1064;9773;151069;214801;53328
FR;9;2023-01-23;4;15;27;253;9;25;242;563;287;1367;1709;14811;149104;1073;9798;151311;215364;53615
FR;9;2023-01-24;11;10;70;461;9;42;484;1162;633;1378;1719;14881;149565;1082;9840;151795;216526;54248
FR;9;2023-01-25;11;20;50;325;9;47;336;798;410;1389;1739;14931;149890;1091;9887;152131;217324;54658
FR;9;2023-01-26;7;17;64;391;8;50;390;967;515;1396;1756;14995;150281;1099;9937;152521;218291;55173
FR;9;2023-01-27;4;7;59;381;3;31;397;906;462;1400;1763;15054;150662;1102;9968;152918;219197;55635
FR;9;2023-01-28;3;6;31;128;5;27;120;265;116;1403;1769;15085;150790;1107;9995;153038;219462;55751
FR;9;2023-01-29;3;0;3;18;2;1;17;40;22;1406;1769;15088;150808;1109;9996;153055;219502;55773
FR;9;2023-01-30;4;6;31;192;5;11;211;501;272;1410;1775;15119;151000;1114;10007;153266;220003;56045
FR;9;2023-01-31;14;7;38;260;8;18;264;649;359;1424;1782;15157;151260;1122;10025;153530;220652;56404
FR;9;2023-02-01;5;7;26;173;4;20;179;519;309;1429;1789;15183;151433;1126;10045;153709;221171;56713
FR;9;2023-02-02;4;6;31;252;6;23;233;666;395;1433;1795;15214;151685;1132;10068;153942;221837;57108
FR;9;2023-02-03;8;13;42;289;10;37;275;677;355;1441;1808;15256;151974;1142;10105;154217;222514;57463
FR;9;2023-02-04;6;5;10;70;7;8;68;160;84;1447;1813;15266;152044;1149;10113;154285;222674;57547
FR;9;2023-02-05;1;1;4;7;0;4;7;17;6;1448;1814;15270;152051;1149;10117;154292;222691;57553
FR;9;2023-02-06;3;5;17;81;4;15;78;229;134;1451;1819;15287;152132;1153;10132;154370;222920;57687
FR;9;2023-02-07;3;5;30;139;3;21;134;424;263;1454;1824;15317;152271;1156;10153;154504;223344;57950
FR;9;2023-02-08;4;6;25;116;3;13;125;301;160;1458;1830;15342;152387;1159;10166;154629;223645;58110
FR;9;2023-02-09;8;3;20;138;4;14;123;339;198;1466;1833;15362;152525;1163;10180;154752;223984;58308
FR;9;2023-02-10;8;8;19;149;10;11;145;314;152;1474;1841;15381;152674;1173;10191;154897;224298;58460
FR;9;2023-02-11;5;4;14;42;3;9;47;84;28;1479;1845;15395;152716;1176;10200;154944;224382;58488
FR;9;2023-02-12;0;0;0;1;0;0;1;8;7;1479;1845;15395;152717;1176;10200;154945;224390;58495
FR;9;2023-02-13;3;8;5;50;8;4;45;107;55;1482;1853;15400;152767;1184;10204;154990;224497;58550
FR;9;2023-02-14;10;10;16;66;10;13;63;225;146;1492;1863;15416;152833;1194;10217;155053;224722;58696
FR;9;2023-02-15;1;5;16;52;3;12;50;162;99;1493;1868;15432;152885;1197;10229;155103;224884;58795
FR;9;2023-02-16;4;6;19;77;1;17;78;197;93;1497;1874;15451;152962;1198;10246;155181;225081;58888
FR;9;2023-02-17;6;4;15;62;5;11;64;178;99;1503;1878;15466;153024;1203;10257;155245;225259;58987
FR;9;2023-02-18;1;5;1;30;5;3;25;58;29;1504;1883;15467;153054;1208;10260;155270;225317;59016
FR;9;2023-02-19;1;0;0;1;0;0;1;3;2;1505;1883;15467;153055;1208;10260;155271;225320;59018
FR;9;2023-02-20;2;3;9;60;2;6;60;123;55;1507;1886;15476;153115;1210;10266;155331;225443;59073
FR;9;2023-02-21;6;9;11;65;7;10;65;160;83;1513;1895;15487;153180;1217;10276;155396;225603;59156
FR;9;2023-02-22;2;4;18;70;3;13;72;210;118;1515;1899;15505;153250;1220;10289;155468;225813;59274
FR;9;2023-02-23;5;3;17;63;1;12;69;146;61;1520;1902;15522;153313;1221;10301;155537;225959;59335
FR;9;2023-02-24;6;4;13;80;5;8;83;211;114;1526;1906;15535;153393;1226;10309;155620;226170;59449
FR;9;2023-02-25;2;2;10;14;4;4;23;43;16;1528;1908;15545;153407;1230;10313;155643;226213;59465
FR;9;2023-02-26;3;1;0;4;3;1;4;5;0;1531;1909;15545;153411;1233;10314;155647;226218;59465
FR;9;2023-02-27;2;3;5;17;3;2;19;49;26;1533;1912;15550;153428;1236;10316;155666;226267;59491
FR;9;2023-02-28;7;13;18;55;11;16;58;155;76;1540;1925;15568;153483;1247;10332;155724;226422;59567
FR;9;2023-03-01;0;9;6;20;7;7;20;78;48;1540;1934;15574;153503;1254;10339;155744;226500;59615
FR;9;2023-03-02;0;1;7;31;1;2;36;80;41;1540;1935;15581;153534;1255;10341;155780;226580;59656
FR;9;2023-03-03;1;4;9;47;3;7;48;122;67;1541;1939;15590;153581;1258;10348;155828;226702;59723
FR;9;2023-03-04;1;2;7;19;1;4;25;41;10;1542;1941;15597;153600;1259;10352;155853;226743;59733
FR;9;2023-03-05;0;1;1;0;1;0;1;8;7;1542;1942;15598;153600;1260;10352;155854;226751;59740
FR;9;2023-03-06;1;6;6;8;3;6;9;35;19;1543;1948;15604;153608;1263;10358;155863;226786;59759
FR;9;2023-03-07;2;4;8;20;0;9;24;69;34;1545;1952;15612;153628;1263;10367;155887;226855;59793
FR;9;2023-03-08;2;4;10;6;4;4;13;39;20;1547;1956;15622;153634;1267;10371;155900;226894;59813
FR;9;2023-03-09;1;3;9;12;2;6;17;65;42;1548;1959;15631;153646;1269;10377;155917;226959;59855
FR;9;2023-03-10;3;3;6;23;3;4;20;70;44;1551;1962;15637;153669;1272;10381;155937;227029;59899
FR;9;2023-03-11;2;3;4;8;2;1;11;15;3;1553;1965;15641;153677;1274;10382;155948;227044;59902
FR;9;2023-03-12;0;1;0;0;1;0;0;0;0;1553;1966;15641;153677;1275;10382;155948;227044;59902
FR;9;2023-03-13;3;5;9;34;3;4;14;49;29;1556;1971;15650;153711;1278;10386;155962;227093;59931
FR;9;2023-03-14;3;3;7;27;1;6;29;79;41;1559;1974;15657;153738;1279;10392;155991;227172;59972
FR;9;2023-03-15;0;6;4;15;4;4;17;47;24;1559;1980;15661;153753;1283;10396;156008;227219;59996
FR;9;2023-03-16;0;9;7;15;5;8;15;77;52;1559;1989;15668;153768;1288;10404;156023;227296;60048
FR;9;2023-03-17;0;7;6;40;3;8;27;113;71;1559;1996;15674;153808;1291;10412;156050;227409;60119
FR;9;2023-03-18;2;2;5;13;1;4;16;48;26;1561;1998;15679;153821;1292;10416;156066;227457;60145
FR;9;2023-03-19;0;1;0;0;1;0;0;0;0;1561;1999;15679;153821;1293;10416;156066;227457;60145
FR;9;2023-03-20;3;7;1;25;6;1;13;54;40;1564;2006;15680;153846;1299;10417;156079;227511;60185
FR;9;2023-03-21;1;1;6;16;1;1;21;69;47;1565;2007;15686;153862;1300;10418;156100;227580;60232
FR;9;2023-03-22;1;2;4;19;2;2;22;78;49;1566;2009;15690;153881;1302;10420;156122;227658;60281
FR;9;2023-03-23;0;6;7;22;4;7;21;56;25;1566;2015;15697;153903;1306;10427;156143;227714;60306
FR;9;2023-03-24;2;2;5;25;2;5;26;53;19;1568;2017;15702;153928;1308;10432;156169;227767;60325
FR;9;2023-03-25;0;0;4;6;0;3;8;16;5;1568;2017;15706;153934;1308;10435;156177;227783;60330
FR;9;2023-03-26;0;1;0;0;0;1;0;2;1;1568;2018;15706;153934;1308;10436;156177;227785;60331
FR;9;2023-03-27;0;3;4;8;2;2;12;32;15;1568;2021;15710;153942;1310;10438;156189;227817;60346
FR;9;2023-03-28;5;13;6;17;12;7;16;49;22;1573;2034;15716;153959;1322;10445;156205;227866;60368
FR;9;2023-03-29;3;6;8;5;2;8;8;28;12;1576;2040;15724;153964;1324;10453;156213;227894;60380
FR;9;2023-03-30;2;2;2;17;2;3;17;43;20;1578;2042;15726;153981;1326;10456;156230;227937;60400
FR;9;2023-03-31;1;3;2;18;1;6;15;45;22;1579;2045;15728;153999;1327;10462;156245;227982;60422
FR;9;2023-04-01;0;1;5;2;0;4;5;12;3;1579;2046;15733;154001;1327;10466;156250;227994;60425
FR;9;2023-04-02;3;1;1;0;0;2;0;4;2;1582;2047;15734;154001;1327;10468;156250;227998;60427
FR;9;2023-04-03;0;1;3;13;0;4;10;53;34;1582;2048;15737;154014;1327;10472;156260;228051;60461
FR;9;2023-04-04;4;4;11;18;2;7;22;61;29;1586;2052;15748;154032;1329;10479;156282;228112;60490
FR;9;2023-04-05;0;2;5;27;1;3;32;78;39;1586;2054;15753;154059;1330;10482;156314;228190;60529
FR;9;2023-04-06;0;0;4;13;0;2;16;42;23;1586;2054;15757;154072;1330;10484;156330;228232;60552
FR;9;2023-04-07;1;6;1;7;2;4;7;34;19;1587;2060;15758;154079;1332;10488;156337;228266;60571
FR;9;2023-04-08;0;1;2;1;0;1;3;7;2;1587;2061;15760;154080;1332;10489;156340;228273;60573
FR;9;2023-04-09;0;1;0;0;1;0;0;2;1;1587;2062;15760;154080;1333;10489;156340;228275;60574
FR;9;2023-04-10;0;1;1;5;1;1;5;6;0;1587;2063;15761;154085;1334;10490;156345;228281;60574
FR;9;2023-04-11;2;5;4;9;4;3;8;22;8;1589;2068;15765;154094;1338;10493;156353;228303;60582
FR;9;2023-04-12;1;2;6;8;2;4;10;41;24;1590;2070;15771;154102;1340;10497;156363;228344;60606
FR;9;2023-04-13;0;0;2;4;0;2;4;15;9;1590;2070;15773;154106;1340;10499;156367;228359;60615
FR;9;2023-04-14;1;4;7;10;1;6;12;38;13;1591;2074;15780;154116;1341;10505;156379;228397;60628
FR;9;2023-04-15;0;1;2;2;1;1;2;7;4;1591;2075;15782;154118;1342;10506;156381;228404;60632
FR;9;2023-04-16;0;1;0;0;1;0;0;0;0;1591;2076;15782;154118;1343;10506;156381;228404;60632
FR;9;2023-04-17;1;2;6;11;2;2;14;44;21;1592;2078;15788;154129;1345;10508;156395;228448;60653
FR;9;2023-04-18;2;1;3;8;1;2;9;34;21;1594;2079;15791;154137;1346;10510;156404;228482;60674
FR;9;2023-04-19;1;0;2;4;0;2;4;28;16;1595;2079;15793;154141;1346;10512;156408;228510;60690
FR;9;2023-04-20;1;0;2;6;0;2;6;24;13;1596;2079;15795;154147;1346;10514;156414;228534;60703
FR;9;2023-04-21;0;2;2;4;1;3;7;30;15;1596;2081;15797;154151;1347;10517;156421;228564;60718
FR;9;2023-04-22;0;1;0;2;1;0;2;3;1;1596;2082;15797;154153;1348;10517;156423;228567;60719
FR;9;2023-04-23;0;0;0;0;0;0;0;1;0;1596;2082;15797;154153;1348;10517;156423;228568;60719
FR;9;2023-04-24;1;3;3;13;3;3;11;26;9;1597;2085;15800;154166;1351;10520;156434;228594;60728
FR;9;2023-04-25;1;2;5;11;2;1;16;87;43;1598;2087;15805;154177;1353;10521;156450;228681;60771
FR;9;2023-04-26;5;0;4;9;0;5;4;13;3;1603;2087;15809;154186;1353;10526;156454;228694;60774
FR;9;2023-04-27;0;2;4;2;2;4;1;9;3;1603;2089;15813;154188;1355;10530;156455;228703;60777
FR;9;2023-04-28;0;0;0;0;0;0;0;4;4;1603;2089;15813;154188;1355;10530;156455;228707;60781
FR;9;2023-04-29;1;2;2;0;1;1;3;8;3;1604;2091;15815;154188;1356;10531;156458;228715;60784
FR;9;2023-04-30;0;1;0;0;1;0;0;0;0;1604;2092;15815;154188;1357;10531;156458;228715;60784
FR;9;2023-05-01;0;0;0;0;0;0;0;0;0;1604;2092;15815;154188;1357;10531;156458;228715;60784
FR;9;2023-05-02;1;1;3;2;0;3;3;18;7;1605;2093;15818;154190;1357;10534;156461;228733;60791
FR;9;2023-05-03;2;2;1;2;1;2;2;8;3;1607;2095;15819;154192;1358;10536;156463;228741;60794
FR;9;2023-05-04;0;1;2;2;1;2;3;9;2;1607;2096;15821;154194;1359;10538;156466;228750;60796
FR;9;2023-05-05;0;1;2;1;1;0;3;19;11;1607;2097;15823;154195;1360;10538;156469;228769;60807
FR;9;2023-05-06;0;1;0;0;1;0;0;3;2;1607;2098;15823;154195;1361;10538;156469;228772;60809
FR;9;2023-05-07;0;1;0;0;0;1;0;1;0;1607;2099;15823;154195;1361;10539;156469;228773;60809
FR;9;2023-05-08;0;0;0;0;0;0;0;0;0;1607;2099;15823;154195;1361;10539;156469;228773;60809
FR;9;2023-05-09;0;0;0;5;0;0;3;16;13;1607;2099;15823;154200;1361;10539;156472;228789;60822
FR;9;2023-05-10;1;0;0;0;0;0;0;8;3;1608;2099;15823;154200;1361;10539;156472;228797;60825
FR;9;2023-05-11;0;0;1;0;0;1;0;7;5;1608;2099;15824;154200;1361;10540;156472;228804;60830
FR;9;2023-05-12;1;1;4;1;0;3;3;14;7;1609;2100;15828;154201;1361;10543;156475;228818;60837
FR;9;2023-05-13;0;0;0;0;0;0;0;2;1;1609;2100;15828;154201;1361;10543;156475;228820;60838
FR;9;2023-05-14;0;0;0;0;0;0;0;0;0;1609;2100;15828;154201;1361;10543;156475;228820;60838
FR;9;2023-05-15;0;0;0;1;0;0;1;9;2;1609;2100;15828;154202;1361;10543;156476;228829;60840
FR;10;2020-12-27;0;0;0;0;0;0;0;0;0;0;0;0;0;0;0;0;0;0
FR;10;2020-12-28;0;0;0;0;0;0;0;0;0;0;0;0;0;0;0;0;0;0
FR;10;2020-12-29;0;0;0;0;0;0;0;0;0;0;0;0;0;0;0;0;0;0
FR;10;2020-12-30;0;0;0;0;0;0;0;0;0;0;0;0;0;0;0;0;0;0
FR;10;2020-12-31;0;0;0;0;0;0;0;0;0;0;0;0;0;0;0;0;0;0
FR;10;2021-01-01;0;0;0;0;0;0;0;0;0;0;0;0;0;0;0;0;0;0
FR;10;2021-01-02;0;0;0;0;0;0;0;0;0;0;0;0;0;0;0;0;0;0
FR;10;2021-01-03;0;0;0;0;0;0;0;0;0;0;0;0;0;0;0;0;0;0
FR;10;2021-01-04;0;0;0;0;0;0;0;0;0;0;0;0;0;0;0;0;0;0
FR;10;2021-01-05;0;0;0;0;0;0;0;0;0;0;0;0;0;0;0;0;0;0
FR;10;2021-01-06;0;0;0;0;0;0;0;0;0;0;0;0;0;0;0;0;0;0
FR;10;2021-01-07;0;0;0;0;0;0;0;0;0;0;0;0;0;0;0;0;0;0
FR;10;2021-01-08;0;0;0;0;0;0;0;0;0;0;0;0;0;0;0;0;0;0
FR;10;2021-01-09;0;0;0;0;0;0;0;0;0;0;0;0;0;0;0;0;0;0
FR;10;2021-01-10;0;0;0;0;0;0;0;0;0;0;0;0;0;0;0;0;0;0
FR;10;2021-01-11;0;0;0;0;0;0;0;0;0;0;0;0;0;0;0;0;0;0
FR;10;2021-01-12;0;0;0;0;0;0;0;0;0;0;0;0;0;0;0;0;0;0
FR;10;2021-01-13;0;0;0;0;0;0;0;0;0;0;0;0;0;0;0;0;0;0
FR;10;2021-01-14;0;0;0;0;0;0;0;0;0;0;0;0;0;0;0;0;0;0
FR;10;2021-01-15;0;0;0;0;0;0;0;0;0;0;0;0;0;0;0;0;0;0
FR;10;2021-01-16;0;0;0;0;0;0;0;0;0;0;0;0;0;0;0;0;0;0
FR;10;2021-01-17;0;0;0;0;0;0;0;0;0;0;0;0;0;0;0;0;0;0
FR;10;2021-01-18;0;0;0;0;0;0;0;0;0;0;0;0;0;0;0;0;0;0
FR;10;2021-01-19;0;0;0;0;0;0;0;0;0;0;0;0;0;0;0;0;0;0
FR;10;2021-01-20;0;0;0;0;0;0;0;0;0;0;0;0;0;0;0;0;0;0
FR;10;2021-01-21;0;0;0;0;0;0;0;0;0;0;0;0;0;0;0;0;0;0
FR;10;2021-01-22;0;0;0;0;0;0;0;0;0;0;0;0;0;0;0;0;0;0
FR;10;2021-01-23;0;0;0;0;0;0;0;0;0;0;0;0;0;0;0;0;0;0
FR;10;2021-01-24;0;0;0;0;0;0;0;0;0;0;0;0;0;0;0;0;0;0
FR;10;2021-01-25;0;0;0;0;0;0;0;0;0;0;0;0;0;0;0;0;0;0
FR;10;2021-01-26;0;0;0;0;0;0;0;0;0;0;0;0;0;0;0;0;0;0
FR;10;2021-01-27;0;0;0;0;0;0;0;0;0;0;0;0;0;0;0;0;0;0
FR;10;2021-01-28;0;0;0;0;0;0;0;0;0;0;0;0;0;0;0;0;0;0
FR;10;2021-01-29;0;0;0;0;0;0;0;0;0;0;0;0;0;0;0;0;0;0
FR;10;2021-01-30;0;0;0;0;0;0;0;0;0;0;0;0;0;0;0;0;0;0
FR;10;2021-01-31;0;0;0;0;0;0;0;0;0;0;0;0;0;0;0;0;0;0
FR;10;2021-02-01;0;0;0;0;0;0;0;0;0;0;0;0;0;0;0;0;0;0
FR;10;2021-02-02;0;0;0;0;0;0;0;0;0;0;0;0;0;0;0;0;0;0
FR;10;2021-02-03;0;0;0;0;0;0;0;0;0;0;0;0;0;0;0;0;0;0
FR;10;2021-02-04;0;0;0;0;0;0;0;0;0;0;0;0;0;0;0;0;0;0
FR;10;2021-02-05;0;0;0;0;0;0;0;0;0;0;0;0;0;0;0;0;0;0
FR;10;2021-02-06;0;0;0;0;0;0;0;0;0;0;0;0;0;0;0;0;0;0
FR;10;2021-02-07;0;0;0;0;0;0;0;0;0;0;0;0;0;0;0;0;0;0
FR;10;2021-02-08;0;0;0;0;0;0;0;0;0;0;0;0;0;0;0;0;0;0
FR;10;2021-02-09;0;0;0;0;0;0;0;0;0;0;0;0;0;0;0;0;0;0
FR;10;2021-02-10;0;0;0;0;0;0;0;0;0;0;0;0;0;0;0;0;0;0
FR;10;2021-02-11;0;0;0;0;0;0;0;0;0;0;0;0;0;0;0;0;0;0
FR;10;2021-02-12;0;0;0;0;0;0;0;0;0;0;0;0;0;0;0;0;0;0
FR;10;2021-02-13;0;0;0;0;0;0;0;0;0;0;0;0;0;0;0;0;0;0
FR;10;2021-02-14;0;0;0;0;0;0;0;0;0;0;0;0;0;0;0;0;0;0
FR;10;2021-02-15;0;0;0;0;0;0;0;0;0;0;0;0;0;0;0;0;0;0
FR;10;2021-02-16;0;0;0;0;0;0;0;0;0;0;0;0;0;0;0;0;0;0
FR;10;2021-02-17;0;0;0;0;0;0;0;0;0;0;0;0;0;0;0;0;0;0
FR;10;2021-02-18;0;0;0;0;0;0;0;0;0;0;0;0;0;0;0;0;0;0
FR;10;2021-02-19;0;0;0;0;0;0;0;0;0;0;0;0;0;0;0;0;0;0
FR;10;2021-02-20;0;0;0;0;0;0;0;0;0;0;0;0;0;0;0;0;0;0
FR;10;2021-02-21;0;0;0;0;0;0;0;0;0;0;0;0;0;0;0;0;0;0
FR;10;2021-02-22;0;0;0;0;0;0;0;0;0;0;0;0;0;0;0;0;0;0
FR;10;2021-02-23;0;0;0;0;0;0;0;0;0;0;0;0;0;0;0;0;0;0
FR;10;2021-02-24;0;0;0;0;0;0;0;0;0;0;0;0;0;0;0;0;0;0
FR;10;2021-02-25;0;0;0;0;0;0;0;0;0;0;0;0;0;0;0;0;0;0
FR;10;2021-02-26;0;0;0;0;0;0;0;0;0;0;0;0;0;0;0;0;0;0
FR;10;2021-02-27;0;0;0;0;0;0;0;0;0;0;0;0;0;0;0;0;0;0
FR;10;2021-02-28;0;0;0;0;0;0;0;0;0;0;0;0;0;0;0;0;0;0
FR;10;2021-03-01;0;0;0;0;0;0;0;0;0;0;0;0;0;0;0;0;0;0
FR;10;2021-03-02;0;0;0;0;0;0;0;0;0;0;0;0;0;0;0;0;0;0
FR;10;2021-03-03;0;0;0;0;0;0;0;0;0;0;0;0;0;0;0;0;0;0
FR;10;2021-03-04;0;0;0;0;0;0;0;0;0;0;0;0;0;0;0;0;0;0
FR;10;2021-03-05;0;0;0;0;0;0;0;0;0;0;0;0;0;0;0;0;0;0
FR;10;2021-03-06;0;0;0;0;0;0;0;0;0;0;0;0;0;0;0;0;0;0
FR;10;2021-03-07;0;0;0;0;0;0;0;0;0;0;0;0;0;0;0;0;0;0
FR;10;2021-03-08;0;0;0;0;0;0;0;0;0;0;0;0;0;0;0;0;0;0
FR;10;2021-03-09;0;0;0;0;0;0;0;0;0;0;0;0;0;0;0;0;0;0
FR;10;2021-03-10;0;0;0;0;0;0;0;0;0;0;0;0;0;0;0;0;0;0
FR;10;2021-03-11;0;0;0;0;0;0;0;0;0;0;0;0;0;0;0;0;0;0
FR;10;2021-03-12;0;0;0;0;0;0;0;0;0;0;0;0;0;0;0;0;0;0
FR;10;2021-03-13;0;0;0;0;0;0;0;0;0;0;0;0;0;0;0;0;0;0
FR;10;2021-03-14;0;0;0;0;0;0;0;0;0;0;0;0;0;0;0;0;0;0
FR;10;2021-03-15;0;0;0;0;0;0;0;0;0;0;0;0;0;0;0;0;0;0
FR;10;2021-03-16;0;0;0;0;0;0;0;0;0;0;0;0;0;0;0;0;0;0
FR;10;2021-03-17;0;0;0;0;0;0;0;0;0;0;0;0;0;0;0;0;0;0
FR;10;2021-03-18;0;0;0;0;0;0;0;0;0;0;0;0;0;0;0;0;0;0
FR;10;2021-03-19;0;0;0;0;0;0;0;0;0;0;0;0;0;0;0;0;0;0
FR;10;2021-03-20;0;0;0;0;0;0;0;0;0;0;0;0;0;0;0;0;0;0
FR;10;2021-03-21;0;0;0;0;0;0;0;0;0;0;0;0;0;0;0;0;0;0
FR;10;2021-03-22;0;0;0;0;0;0;0;0;0;0;0;0;0;0;0;0;0;0
FR;10;2021-03-23;0;0;0;0;0;0;0;0;0;0;0;0;0;0;0;0;0;0
FR;10;2021-03-24;0;0;0;0;0;0;0;0;0;0;0;0;0;0;0;0;0;0
FR;10;2021-03-25;0;0;0;0;0;0;0;0;0;0;0;0;0;0;0;0;0;0
FR;10;2021-03-26;0;0;0;0;0;0;0;0;0;0;0;0;0;0;0;0;0;0
FR;10;2021-03-27;0;0;0;0;0;0;0;0;0;0;0;0;0;0;0;0;0;0
FR;10;2021-03-28;0;0;0;0;0;0;0;0;0;0;0;0;0;0;0;0;0;0
FR;10;2021-03-29;0;0;0;0;0;0;0;0;0;0;0;0;0;0;0;0;0;0
FR;10;2021-03-30;0;0;0;0;0;0;0;0;0;0;0;0;0;0;0;0;0;0
FR;10;2021-03-31;0;0;0;0;0;0;0;0;0;0;0;0;0;0;0;0;0;0
FR;10;2021-04-01;0;0;0;0;0;0;0;0;0;0;0;0;0;0;0;0;0;0
FR;10;2021-04-02;0;0;0;0;0;0;0;0;0;0;0;0;0;0;0;0;0;0
FR;10;2021-04-03;0;0;0;0;0;0;0;0;0;0;0;0;0;0;0;0;0;0
FR;10;2021-04-04;0;0;0;0;0;0;0;0;0;0;0;0;0;0;0;0;0;0
FR;10;2021-04-05;0;0;0;0;0;0;0;0;0;0;0;0;0;0;0;0;0;0
FR;10;2021-04-06;0;0;0;0;0;0;0;0;0;0;0;0;0;0;0;0;0;0
FR;10;2021-04-07;0;0;0;0;0;0;0;0;0;0;0;0;0;0;0;0;0;0
FR;10;2021-04-08;0;0;0;0;0;0;0;0;0;0;0;0;0;0;0;0;0;0
FR;10;2021-04-09;0;0;0;0;0;0;0;0;0;0;0;0;0;0;0;0;0;0
FR;10;2021-04-10;0;0;0;0;0;0;0;0;0;0;0;0;0;0;0;0;0;0
FR;10;2021-04-11;0;0;0;0;0;0;0;0;0;0;0;0;0;0;0;0;0;0
FR;10;2021-04-12;0;0;0;0;0;0;0;0;0;0;0;0;0;0;0;0;0;0
FR;10;2021-04-13;0;0;0;0;0;0;0;0;0;0;0;0;0;0;0;0;0;0
FR;10;2021-04-14;0;0;0;0;0;0;0;0;0;0;0;0;0;0;0;0;0;0
FR;10;2021-04-15;0;0;0;0;0;0;0;0;0;0;0;0;0;0;0;0;0;0
FR;10;2021-04-16;0;0;0;0;0;0;0;0;0;0;0;0;0;0;0;0;0;0
FR;10;2021-04-17;0;0;0;0;0;0;0;0;0;0;0;0;0;0;0;0;0;0
FR;10;2021-04-18;0;0;0;0;0;0;0;0;0;0;0;0;0;0;0;0;0;0
FR;10;2021-04-19;0;0;0;0;0;0;0;0;0;0;0;0;0;0;0;0;0;0
FR;10;2021-04-20;0;0;0;0;0;0;0;0;0;0;0;0;0;0;0;0;0;0
FR;10;2021-04-21;0;0;0;0;0;0;0;0;0;0;0;0;0;0;0;0;0;0
FR;10;2021-04-22;0;0;0;0;0;0;0;0;0;0;0;0;0;0;0;0;0;0
FR;10;2021-04-23;0;0;0;0;0;0;0;0;0;0;0;0;0;0;0;0;0;0
FR;10;2021-04-24;0;0;0;0;0;0;0;0;0;0;0;0;0;0;0;0;0;0
FR;10;2021-04-25;0;0;0;0;0;0;0;0;0;0;0;0;0;0;0;0;0;0
FR;10;2021-04-26;0;0;0;0;0;0;0;0;0;0;0;0;0;0;0;0;0;0
FR;10;2021-04-27;0;0;0;0;0;0;0;0;0;0;0;0;0;0;0;0;0;0
FR;10;2021-04-28;0;0;0;0;0;0;0;0;0;0;0;0;0;0;0;0;0;0
FR;10;2021-04-29;0;0;0;0;0;0;0;0;0;0;0;0;0;0;0;0;0;0
FR;10;2021-04-30;0;0;0;0;0;0;0;0;0;0;0;0;0;0;0;0;0;0
FR;10;2021-05-01;0;0;0;0;0;0;0;0;0;0;0;0;0;0;0;0;0;0
FR;10;2021-05-02;0;0;0;0;0;0;0;0;0;0;0;0;0;0;0;0;0;0
FR;10;2021-05-03;0;0;0;0;0;0;0;0;0;0;0;0;0;0;0;0;0;0
FR;10;2021-05-04;0;0;0;0;0;0;0;0;0;0;0;0;0;0;0;0;0;0
FR;10;2021-05-05;0;0;0;0;0;0;0;0;0;0;0;0;0;0;0;0;0;0
FR;10;2021-05-06;0;0;0;0;0;0;0;0;0;0;0;0;0;0;0;0;0;0
FR;10;2021-05-07;0;0;0;0;0;0;0;0;0;0;0;0;0;0;0;0;0;0
FR;10;2021-05-08;0;0;0;0;0;0;0;0;0;0;0;0;0;0;0;0;0;0
FR;10;2021-05-09;0;0;0;0;0;0;0;0;0;0;0;0;0;0;0;0;0;0
FR;10;2021-05-10;0;0;0;0;0;0;0;0;0;0;0;0;0;0;0;0;0;0
FR;10;2021-05-11;0;0;0;0;0;0;0;0;0;0;0;0;0;0;0;0;0;0
FR;10;2021-05-12;0;0;0;0;0;0;0;0;0;0;0;0;0;0;0;0;0;0
FR;10;2021-05-13;0;0;0;0;0;0;0;0;0;0;0;0;0;0;0;0;0;0
FR;10;2021-05-14;0;0;0;0;0;0;0;0;0;0;0;0;0;0;0;0;0;0
FR;10;2021-05-15;0;0;0;0;0;0;0;0;0;0;0;0;0;0;0;0;0;0
FR;10;2021-05-16;0;0;0;0;0;0;0;0;0;0;0;0;0;0;0;0;0;0
FR;10;2021-05-17;0;0;0;0;0;0;0;0;0;0;0;0;0;0;0;0;0;0
FR;10;2021-05-18;0;0;0;0;0;0;0;0;0;0;0;0;0;0;0;0;0;0
FR;10;2021-05-19;0;0;0;0;0;0;0;0;0;0;0;0;0;0;0;0;0;0
FR;10;2021-05-20;0;0;0;0;0;0;0;0;0;0;0;0;0;0;0;0;0;0
FR;10;2021-05-21;0;0;0;0;0;0;0;0;0;0;0;0;0;0;0;0;0;0
FR;10;2021-05-22;0;0;0;0;0;0;0;0;0;0;0;0;0;0;0;0;0;0
FR;10;2021-05-23;0;0;0;0;0;0;0;0;0;0;0;0;0;0;0;0;0;0
FR;10;2021-05-24;0;0;0;0;0;0;0;0;0;0;0;0;0;0;0;0;0;0
FR;10;2021-05-25;0;0;0;0;0;0;0;0;0;0;0;0;0;0;0;0;0;0
FR;10;2021-05-26;0;0;0;0;0;0;0;0;0;0;0;0;0;0;0;0;0;0
FR;10;2021-05-27;0;0;0;0;0;0;0;0;0;0;0;0;0;0;0;0;0;0
FR;10;2021-05-28;0;0;0;0;0;0;0;0;0;0;0;0;0;0;0;0;0;0
FR;10;2021-05-29;0;0;0;0;0;0;0;0;0;0;0;0;0;0;0;0;0;0
FR;10;2021-05-30;0;0;0;0;0;0;0;0;0;0;0;0;0;0;0;0;0;0
FR;10;2021-05-31;0;0;0;0;0;0;0;0;0;0;0;0;0;0;0;0;0;0
FR;10;2021-06-01;0;0;0;0;0;0;0;0;0;0;0;0;0;0;0;0;0;0
FR;10;2021-06-02;0;0;0;0;0;0;0;0;0;0;0;0;0;0;0;0;0;0
FR;10;2021-06-03;0;0;0;0;0;0;0;0;0;0;0;0;0;0;0;0;0;0
FR;10;2021-06-04;0;0;0;0;0;0;0;0;0;0;0;0;0;0;0;0;0;0
FR;10;2021-06-05;0;0;0;0;0;0;0;0;0;0;0;0;0;0;0;0;0;0
FR;10;2021-06-06;0;0;0;0;0;0;0;0;0;0;0;0;0;0;0;0;0;0
FR;10;2021-06-07;0;0;0;0;0;0;0;0;0;0;0;0;0;0;0;0;0;0
FR;10;2021-06-08;0;0;0;0;0;0;0;0;0;0;0;0;0;0;0;0;0;0
FR;10;2021-06-09;0;0;0;0;0;0;0;0;0;0;0;0;0;0;0;0;0;0
FR;10;2021-06-10;0;0;0;0;0;0;0;0;0;0;0;0;0;0;0;0;0;0
FR;10;2021-06-11;0;0;0;0;0;0;0;0;0;0;0;0;0;0;0;0;0;0
FR;10;2021-06-12;0;0;0;0;0;0;0;0;0;0;0;0;0;0;0;0;0;0
FR;10;2021-06-13;0;0;0;0;0;0;0;0;0;0;0;0;0;0;0;0;0;0
FR;10;2021-06-14;0;0;0;0;0;0;0;0;0;0;0;0;0;0;0;0;0;0
FR;10;2021-06-15;0;0;0;0;0;0;0;0;0;0;0;0;0;0;0;0;0;0
FR;10;2021-06-16;0;0;0;0;0;0;0;0;0;0;0;0;0;0;0;0;0;0
FR;10;2021-06-17;0;0;0;0;0;0;0;0;0;0;0;0;0;0;0;0;0;0
FR;10;2021-06-18;0;0;0;0;0;0;0;0;0;0;0;0;0;0;0;0;0;0
FR;10;2021-06-19;0;0;0;0;0;0;0;0;0;0;0;0;0;0;0;0;0;0
FR;10;2021-06-20;0;0;0;0;0;0;0;0;0;0;0;0;0;0;0;0;0;0
FR;10;2021-06-21;0;0;0;0;0;0;0;0;0;0;0;0;0;0;0;0;0;0
FR;10;2021-06-22;0;0;0;0;0;0;0;0;0;0;0;0;0;0;0;0;0;0
FR;10;2021-06-23;0;0;0;0;0;0;0;0;0;0;0;0;0;0;0;0;0;0
FR;10;2021-06-24;0;0;0;0;0;0;0;0;0;0;0;0;0;0;0;0;0;0
FR;10;2021-06-25;0;0;0;0;0;0;0;0;0;0;0;0;0;0;0;0;0;0
FR;10;2021-06-26;0;0;0;0;0;0;0;0;0;0;0;0;0;0;0;0;0;0
FR;10;2021-06-27;0;0;0;0;0;0;0;0;0;0;0;0;0;0;0;0;0;0
FR;10;2021-06-28;0;0;0;0;0;0;0;0;0;0;0;0;0;0;0;0;0;0
FR;10;2021-06-29;0;0;0;0;0;0;0;0;0;0;0;0;0;0;0;0;0;0
FR;10;2021-06-30;0;0;0;0;0;0;0;0;0;0;0;0;0;0;0;0;0;0
FR;10;2021-07-01;0;0;0;0;0;0;0;0;0;0;0;0;0;0;0;0;0;0
FR;10;2021-07-02;0;0;0;0;0;0;0;0;0;0;0;0;0;0;0;0;0;0
FR;10;2021-07-03;0;0;0;0;0;0;0;0;0;0;0;0;0;0;0;0;0;0
FR;10;2021-07-04;0;0;0;0;0;0;0;0;0;0;0;0;0;0;0;0;0;0
FR;10;2021-07-05;0;0;0;0;0;0;0;0;0;0;0;0;0;0;0;0;0;0
FR;10;2021-07-06;0;0;0;0;0;0;0;0;0;0;0;0;0;0;0;0;0;0
FR;10;2021-07-07;0;0;0;0;0;0;0;0;0;0;0;0;0;0;0;0;0;0
FR;10;2021-07-08;0;0;0;0;0;0;0;0;0;0;0;0;0;0;0;0;0;0
FR;10;2021-07-09;0;0;0;0;0;0;0;0;0;0;0;0;0;0;0;0;0;0
FR;10;2021-07-10;0;0;0;0;0;0;0;0;0;0;0;0;0;0;0;0;0;0
FR;10;2021-07-11;0;0;0;0;0;0;0;0;0;0;0;0;0;0;0;0;0;0
FR;10;2021-07-12;0;0;0;0;0;0;0;0;0;0;0;0;0;0;0;0;0;0
FR;10;2021-07-13;0;0;0;0;0;0;0;0;0;0;0;0;0;0;0;0;0;0
FR;10;2021-07-14;0;0;0;0;0;0;0;0;0;0;0;0;0;0;0;0;0;0
FR;10;2021-07-15;0;0;0;0;0;0;0;0;0;0;0;0;0;0;0;0;0;0
FR;10;2021-07-16;0;0;0;0;0;0;0;0;0;0;0;0;0;0;0;0;0;0
FR;10;2021-07-17;0;0;0;0;0;0;0;0;0;0;0;0;0;0;0;0;0;0
FR;10;2021-07-18;0;0;0;0;0;0;0;0;0;0;0;0;0;0;0;0;0;0
FR;10;2021-07-19;0;0;0;0;0;0;0;0;0;0;0;0;0;0;0;0;0;0
FR;10;2021-07-20;0;0;0;0;0;0;0;0;0;0;0;0;0;0;0;0;0;0
FR;10;2021-07-21;0;0;0;0;0;0;0;0;0;0;0;0;0;0;0;0;0;0
FR;10;2021-07-22;0;0;0;0;0;0;0;0;0;0;0;0;0;0;0;0;0;0
FR;10;2021-07-23;0;0;0;0;0;0;0;0;0;0;0;0;0;0;0;0;0;0
FR;10;2021-07-24;0;0;0;0;0;0;0;0;0;0;0;0;0;0;0;0;0;0
FR;10;2021-07-25;0;0;0;0;0;0;0;0;0;0;0;0;0;0;0;0;0;0
FR;10;2021-07-26;0;0;0;0;0;0;0;0;0;0;0;0;0;0;0;0;0;0
FR;10;2021-07-27;0;0;0;0;0;0;0;0;0;0;0;0;0;0;0;0;0;0
FR;10;2021-07-28;0;0;0;0;0;0;0;0;0;0;0;0;0;0;0;0;0;0
FR;10;2021-07-29;0;0;0;0;0;0;0;0;0;0;0;0;0;0;0;0;0;0
FR;10;2021-07-30;0;0;0;0;0;0;0;0;0;0;0;0;0;0;0;0;0;0
FR;10;2021-07-31;0;0;0;0;0;0;0;0;0;0;0;0;0;0;0;0;0;0
FR;10;2021-08-01;0;0;0;0;0;0;0;0;0;0;0;0;0;0;0;0;0;0
FR;10;2021-08-02;0;0;0;0;0;0;0;0;0;0;0;0;0;0;0;0;0;0
FR;10;2021-08-03;0;0;0;0;0;0;0;0;0;0;0;0;0;0;0;0;0;0
FR;10;2021-08-04;0;0;0;0;0;0;0;0;0;0;0;0;0;0;0;0;0;0
FR;10;2021-08-05;0;0;0;0;0;0;0;0;0;0;0;0;0;0;0;0;0;0
FR;10;2021-08-06;0;0;0;0;0;0;0;0;0;0;0;0;0;0;0;0;0;0
FR;10;2021-08-07;0;0;0;0;0;0;0;0;0;0;0;0;0;0;0;0;0;0
FR;10;2021-08-08;0;0;0;0;0;0;0;0;0;0;0;0;0;0;0;0;0;0
FR;10;2021-08-09;0;0;0;0;0;0;0;0;0;0;0;0;0;0;0;0;0;0
FR;10;2021-08-10;0;0;0;0;0;0;0;0;0;0;0;0;0;0;0;0;0;0
FR;10;2021-08-11;0;0;0;0;0;0;0;0;0;0;0;0;0;0;0;0;0;0
FR;10;2021-08-12;0;0;0;0;0;0;0;0;0;0;0;0;0;0;0;0;0;0
FR;10;2021-08-13;0;0;0;0;0;0;0;0;0;0;0;0;0;0;0;0;0;0
FR;10;2021-08-14;0;0;0;0;0;0;0;0;0;0;0;0;0;0;0;0;0;0
FR;10;2021-08-15;0;0;0;0;0;0;0;0;0;0;0;0;0;0;0;0;0;0
FR;10;2021-08-16;0;0;0;0;0;0;0;0;0;0;0;0;0;0;0;0;0;0
FR;10;2021-08-17;0;0;0;0;0;0;0;0;0;0;0;0;0;0;0;0;0;0
FR;10;2021-08-18;0;0;0;0;0;0;0;0;0;0;0;0;0;0;0;0;0;0
FR;10;2021-08-19;0;0;0;0;0;0;0;0;0;0;0;0;0;0;0;0;0;0
FR;10;2021-08-20;0;0;0;0;0;0;0;0;0;0;0;0;0;0;0;0;0;0
FR;10;2021-08-21;0;0;0;0;0;0;0;0;0;0;0;0;0;0;0;0;0;0
FR;10;2021-08-22;0;0;0;0;0;0;0;0;0;0;0;0;0;0;0;0;0;0
FR;10;2021-08-23;0;0;0;0;0;0;0;0;0;0;0;0;0;0;0;0;0;0
FR;10;2021-08-24;0;0;0;0;0;0;0;0;0;0;0;0;0;0;0;0;0;0
FR;10;2021-08-25;0;0;0;0;0;0;0;0;0;0;0;0;0;0;0;0;0;0
FR;10;2021-08-26;0;0;0;0;0;0;0;0;0;0;0;0;0;0;0;0;0;0
FR;10;2021-08-27;0;0;0;0;0;0;0;0;0;0;0;0;0;0;0;0;0;0
FR;10;2021-08-28;0;0;0;0;0;0;0;0;0;0;0;0;0;0;0;0;0;0
FR;10;2021-08-29;0;0;0;0;0;0;0;0;0;0;0;0;0;0;0;0;0;0
FR;10;2021-08-30;0;0;0;0;0;0;0;0;0;0;0;0;0;0;0;0;0;0
FR;10;2021-08-31;0;0;0;0;0;0;0;0;0;0;0;0;0;0;0;0;0;0
FR;10;2021-09-01;0;0;0;0;0;0;0;0;0;0;0;0;0;0;0;0;0;0
FR;10;2021-09-02;0;0;0;0;0;0;0;0;0;0;0;0;0;0;0;0;0;0
FR;10;2021-09-03;0;0;0;0;0;0;0;0;0;0;0;0;0;0;0;0;0;0
FR;10;2021-09-04;0;0;0;0;0;0;0;0;0;0;0;0;0;0;0;0;0;0
FR;10;2021-09-05;0;0;0;0;0;0;0;0;0;0;0;0;0;0;0;0;0;0
FR;10;2021-09-06;0;0;0;0;0;0;0;0;0;0;0;0;0;0;0;0;0;0
FR;10;2021-09-07;0;0;0;0;0;0;0;0;0;0;0;0;0;0;0;0;0;0
FR;10;2021-09-08;0;0;0;0;0;0;0;0;0;0;0;0;0;0;0;0;0;0
FR;10;2021-09-09;0;0;0;0;0;0;0;0;0;0;0;0;0;0;0;0;0;0
FR;10;2021-09-10;0;0;0;0;0;0;0;0;0;0;0;0;0;0;0;0;0;0
FR;10;2021-09-11;0;0;0;0;0;0;0;0;0;0;0;0;0;0;0;0;0;0
FR;10;2021-09-12;0;0;0;0;0;0;0;0;0;0;0;0;0;0;0;0;0;0
FR;10;2021-09-13;0;0;0;0;0;0;0;0;0;0;0;0;0;0;0;0;0;0
FR;10;2021-09-14;0;0;0;0;0;0;0;0;0;0;0;0;0;0;0;0;0;0
FR;10;2021-09-15;0;0;0;0;0;0;0;0;0;0;0;0;0;0;0;0;0;0
FR;10;2021-09-16;0;0;0;0;0;0;0;0;0;0;0;0;0;0;0;0;0;0
FR;10;2021-09-17;0;0;0;0;0;0;0;0;0;0;0;0;0;0;0;0;0;0
FR;10;2021-09-18;0;0;0;0;0;0;0;0;0;0;0;0;0;0;0;0;0;0
FR;10;2021-09-19;0;0;0;0;0;0;0;0;0;0;0;0;0;0;0;0;0;0
FR;10;2021-09-20;0;0;0;0;0;0;0;0;0;0;0;0;0;0;0;0;0;0
FR;10;2021-09-21;0;0;0;0;0;0;0;0;0;0;0;0;0;0;0;0;0;0
FR;10;2021-09-22;0;0;0;0;0;0;0;0;0;0;0;0;0;0;0;0;0;0
FR;10;2021-09-23;0;0;0;0;0;0;0;0;0;0;0;0;0;0;0;0;0;0
FR;10;2021-09-24;0;0;0;0;0;0;0;0;0;0;0;0;0;0;0;0;0;0
FR;10;2021-09-25;0;0;0;0;0;0;0;0;0;0;0;0;0;0;0;0;0;0
FR;10;2021-09-26;0;0;0;0;0;0;0;0;0;0;0;0;0;0;0;0;0;0
FR;10;2021-09-27;0;0;0;0;0;0;0;0;0;0;0;0;0;0;0;0;0;0
FR;10;2021-09-28;0;0;0;0;0;0;0;0;0;0;0;0;0;0;0;0;0;0
FR;10;2021-09-29;0;0;0;0;0;0;0;0;0;0;0;0;0;0;0;0;0;0
FR;10;2021-09-30;0;0;0;0;0;0;0;0;0;0;0;0;0;0;0;0;0;0
FR;10;2021-10-01;0;0;0;0;0;0;0;0;0;0;0;0;0;0;0;0;0;0
FR;10;2021-10-02;0;0;0;0;0;0;0;0;0;0;0;0;0;0;0;0;0;0
FR;10;2021-10-03;0;0;0;0;0;0;0;0;0;0;0;0;0;0;0;0;0;0
FR;10;2021-10-04;0;0;0;0;0;0;0;0;0;0;0;0;0;0;0;0;0;0
FR;10;2021-10-05;0;0;0;0;0;0;0;0;0;0;0;0;0;0;0;0;0;0
FR;10;2021-10-06;0;0;0;0;0;0;0;0;0;0;0;0;0;0;0;0;0;0
FR;10;2021-10-07;0;0;0;0;0;0;0;0;0;0;0;0;0;0;0;0;0;0
FR;10;2021-10-08;0;0;0;0;0;0;0;0;0;0;0;0;0;0;0;0;0;0
FR;10;2021-10-09;0;0;0;0;0;0;0;0;0;0;0;0;0;0;0;0;0;0
FR;10;2021-10-10;0;0;0;0;0;0;0;0;0;0;0;0;0;0;0;0;0;0
FR;10;2021-10-11;0;0;0;0;0;0;0;0;0;0;0;0;0;0;0;0;0;0
FR;10;2021-10-12;0;0;0;0;0;0;0;0;0;0;0;0;0;0;0;0;0;0
FR;10;2021-10-13;0;0;0;0;0;0;0;0;0;0;0;0;0;0;0;0;0;0
FR;10;2021-10-14;0;0;0;0;0;0;0;0;0;0;0;0;0;0;0;0;0;0
FR;10;2021-10-15;0;0;0;0;0;0;0;0;0;0;0;0;0;0;0;0;0;0
FR;10;2021-10-16;0;0;0;0;0;0;0;0;0;0;0;0;0;0;0;0;0;0
FR;10;2021-10-17;0;0;0;0;0;0;0;0;0;0;0;0;0;0;0;0;0;0
FR;10;2021-10-18;0;0;0;0;0;0;0;0;0;0;0;0;0;0;0;0;0;0
FR;10;2021-10-19;0;0;0;0;0;0;0;0;0;0;0;0;0;0;0;0;0;0
FR;10;2021-10-20;0;0;0;0;0;0;0;0;0;0;0;0;0;0;0;0;0;0
FR;10;2021-10-21;0;0;0;0;0;0;0;0;0;0;0;0;0;0;0;0;0;0
FR;10;2021-10-22;0;0;0;0;0;0;0;0;0;0;0;0;0;0;0;0;0;0
FR;10;2021-10-23;0;0;0;0;0;0;0;0;0;0;0;0;0;0;0;0;0;0
FR;10;2021-10-24;0;0;0;0;0;0;0;0;0;0;0;0;0;0;0;0;0;0
FR;10;2021-10-25;0;0;0;0;0;0;0;0;0;0;0;0;0;0;0;0;0;0
FR;10;2021-10-26;0;0;0;0;0;0;0;0;0;0;0;0;0;0;0;0;0;0
FR;10;2021-10-27;0;0;0;0;0;0;0;0;0;0;0;0;0;0;0;0;0;0
FR;10;2021-10-28;0;0;0;0;0;0;0;0;0;0;0;0;0;0;0;0;0;0
FR;10;2021-10-29;0;0;0;0;0;0;0;0;0;0;0;0;0;0;0;0;0;0
FR;10;2021-10-30;0;0;0;0;0;0;0;0;0;0;0;0;0;0;0;0;0;0
FR;10;2021-10-31;0;0;0;0;0;0;0;0;0;0;0;0;0;0;0;0;0;0
FR;10;2021-11-01;0;0;0;0;0;0;0;0;0;0;0;0;0;0;0;0;0;0
FR;10;2021-11-02;0;0;0;0;0;0;0;0;0;0;0;0;0;0;0;0;0;0
FR;10;2021-11-03;0;0;0;0;0;0;0;0;0;0;0;0;0;0;0;0;0;0
FR;10;2021-11-04;0;0;0;0;0;0;0;0;0;0;0;0;0;0;0;0;0;0
FR;10;2021-11-05;0;0;0;0;0;0;0;0;0;0;0;0;0;0;0;0;0;0
FR;10;2021-11-06;0;0;0;0;0;0;0;0;0;0;0;0;0;0;0;0;0;0
FR;10;2021-11-07;0;0;0;0;0;0;0;0;0;0;0;0;0;0;0;0;0;0
FR;10;2021-11-08;0;0;0;0;0;0;0;0;0;0;0;0;0;0;0;0;0;0
FR;10;2021-11-09;0;0;0;0;0;0;0;0;0;0;0;0;0;0;0;0;0;0
FR;10;2021-11-10;0;0;0;0;0;0;0;0;0;0;0;0;0;0;0;0;0;0
FR;10;2021-11-11;0;0;0;0;0;0;0;0;0;0;0;0;0;0;0;0;0;0
FR;10;2021-11-12;0;0;0;0;0;0;0;0;0;0;0;0;0;0;0;0;0;0
FR;10;2021-11-13;0;0;0;0;0;0;0;0;0;0;0;0;0;0;0;0;0;0
FR;10;2021-11-14;0;0;0;0;0;0;0;0;0;0;0;0;0;0;0;0;0;0
FR;10;2021-11-15;0;0;0;0;0;0;0;0;0;0;0;0;0;0;0;0;0;0
FR;10;2021-11-16;0;0;0;0;0;0;0;0;0;0;0;0;0;0;0;0;0;0
FR;10;2021-11-17;0;0;0;0;0;0;0;0;0;0;0;0;0;0;0;0;0;0
FR;10;2021-11-18;0;0;0;0;0;0;0;0;0;0;0;0;0;0;0;0;0;0
FR;10;2021-11-19;0;0;0;0;0;0;0;0;0;0;0;0;0;0;0;0;0;0
FR;10;2021-11-20;0;0;0;0;0;0;0;0;0;0;0;0;0;0;0;0;0;0
FR;10;2021-11-21;0;0;0;0;0;0;0;0;0;0;0;0;0;0;0;0;0;0
FR;10;2021-11-22;0;0;0;0;0;0;0;0;0;0;0;0;0;0;0;0;0;0
FR;10;2021-11-23;0;0;0;0;0;0;0;0;0;0;0;0;0;0;0;0;0;0
FR;10;2021-11-24;0;0;0;0;0;0;0;0;0;0;0;0;0;0;0;0;0;0
FR;10;2021-11-25;0;0;0;0;0;0;0;0;0;0;0;0;0;0;0;0;0;0
FR;10;2021-11-26;0;0;0;0;0;0;0;0;0;0;0;0;0;0;0;0;0;0
FR;10;2021-11-27;0;0;0;0;0;0;0;0;0;0;0;0;0;0;0;0;0;0
FR;10;2021-11-28;0;0;0;0;0;0;0;0;0;0;0;0;0;0;0;0;0;0
FR;10;2021-11-29;0;0;0;0;0;0;0;0;0;0;0;0;0;0;0;0;0;0
FR;10;2021-11-30;0;0;0;0;0;0;0;0;0;0;0;0;0;0;0;0;0;0
FR;10;2021-12-01;0;0;0;0;0;0;0;0;0;0;0;0;0;0;0;0;0;0
FR;10;2021-12-02;0;0;0;0;0;0;0;0;0;0;0;0;0;0;0;0;0;0
FR;10;2021-12-03;0;0;0;0;0;0;0;0;0;0;0;0;0;0;0;0;0;0
FR;10;2021-12-04;0;0;0;0;0;0;0;0;0;0;0;0;0;0;0;0;0;0
FR;10;2021-12-05;0;0;0;0;0;0;0;0;0;0;0;0;0;0;0;0;0;0
FR;10;2021-12-06;0;0;0;0;0;0;0;0;0;0;0;0;0;0;0;0;0;0
FR;10;2021-12-07;0;0;0;0;0;0;0;0;0;0;0;0;0;0;0;0;0;0
FR;10;2021-12-08;0;0;0;0;0;0;0;0;0;0;0;0;0;0;0;0;0;0
FR;10;2021-12-09;0;0;0;0;0;0;0;0;0;0;0;0;0;0;0;0;0;0
FR;10;2021-12-10;0;0;0;0;0;0;0;0;0;0;0;0;0;0;0;0;0;0
FR;10;2021-12-11;0;0;0;0;0;0;0;0;0;0;0;0;0;0;0;0;0;0
FR;10;2021-12-12;0;0;0;0;0;0;0;0;0;0;0;0;0;0;0;0;0;0
FR;10;2021-12-13;0;0;0;0;0;0;0;0;0;0;0;0;0;0;0;0;0;0
FR;10;2021-12-14;0;0;0;0;0;0;0;0;0;0;0;0;0;0;0;0;0;0
FR;10;2021-12-15;0;0;0;0;0;0;0;0;0;0;0;0;0;0;0;0;0;0
FR;10;2021-12-16;0;0;0;0;0;0;0;0;0;0;0;0;0;0;0;0;0;0
FR;10;2021-12-17;0;0;0;0;0;0;0;0;0;0;0;0;0;0;0;0;0;0
FR;10;2021-12-18;0;0;0;0;0;0;0;0;0;0;0;0;0;0;0;0;0;0
FR;10;2021-12-19;0;0;0;0;0;0;0;0;0;0;0;0;0;0;0;0;0;0
FR;10;2021-12-20;0;0;0;0;0;0;0;0;0;0;0;0;0;0;0;0;0;0
FR;10;2021-12-21;0;0;0;0;0;0;0;0;0;0;0;0;0;0;0;0;0;0
FR;10;2021-12-22;0;0;0;0;0;0;0;0;0;0;0;0;0;0;0;0;0;0
FR;10;2021-12-23;0;0;0;0;0;0;0;0;0;0;0;0;0;0;0;0;0;0
FR;10;2021-12-24;0;0;0;0;0;0;0;0;0;0;0;0;0;0;0;0;0;0
FR;10;2021-12-25;0;0;0;0;0;0;0;0;0;0;0;0;0;0;0;0;0;0
FR;10;2021-12-26;0;0;0;0;0;0;0;0;0;0;0;0;0;0;0;0;0;0
FR;10;2021-12-27;0;0;0;0;0;0;0;0;0;0;0;0;0;0;0;0;0;0
FR;10;2021-12-28;0;0;0;0;0;0;0;0;0;0;0;0;0;0;0;0;0;0
FR;10;2021-12-29;0;0;0;0;0;0;0;0;0;0;0;0;0;0;0;0;0;0
FR;10;2021-12-30;0;0;0;0;0;0;0;0;0;0;0;0;0;0;0;0;0;0
FR;10;2021-12-31;0;0;0;0;0;0;0;0;0;0;0;0;0;0;0;0;0;0
FR;10;2022-01-01;0;0;0;0;0;0;0;0;0;0;0;0;0;0;0;0;0;0
FR;10;2022-01-02;0;0;0;0;0;0;0;0;0;0;0;0;0;0;0;0;0;0
FR;10;2022-01-03;0;0;0;0;0;0;0;0;0;0;0;0;0;0;0;0;0;0
FR;10;2022-01-04;0;0;0;0;0;0;0;0;0;0;0;0;0;0;0;0;0;0
FR;10;2022-01-05;0;0;0;0;0;0;0;0;0;0;0;0;0;0;0;0;0;0
FR;10;2022-01-06;0;0;0;0;0;0;0;0;0;0;0;0;0;0;0;0;0;0
FR;10;2022-01-07;0;0;0;0;0;0;0;0;0;0;0;0;0;0;0;0;0;0
FR;10;2022-01-08;0;0;0;0;0;0;0;0;0;0;0;0;0;0;0;0;0;0
FR;10;2022-01-09;0;0;0;0;0;0;0;0;0;0;0;0;0;0;0;0;0;0
FR;10;2022-01-10;0;0;0;0;0;0;0;0;0;0;0;0;0;0;0;0;0;0
FR;10;2022-01-11;0;0;0;0;0;0;0;0;0;0;0;0;0;0;0;0;0;0
FR;10;2022-01-12;0;0;0;0;0;0;0;0;0;0;0;0;0;0;0;0;0;0
FR;10;2022-01-13;0;0;0;0;0;0;0;0;0;0;0;0;0;0;0;0;0;0
FR;10;2022-01-14;0;0;0;0;0;0;0;0;0;0;0;0;0;0;0;0;0;0
FR;10;2022-01-15;0;0;0;0;0;0;0;0;0;0;0;0;0;0;0;0;0;0
FR;10;2022-01-16;0;0;0;0;0;0;0;0;0;0;0;0;0;0;0;0;0;0
FR;10;2022-01-17;0;0;0;0;0;0;0;0;0;0;0;0;0;0;0;0;0;0
FR;10;2022-01-18;0;0;0;0;0;0;0;0;0;0;0;0;0;0;0;0;0;0
FR;10;2022-01-19;0;0;0;0;0;0;0;0;0;0;0;0;0;0;0;0;0;0
FR;10;2022-01-20;0;0;0;0;0;0;0;0;0;0;0;0;0;0;0;0;0;0
FR;10;2022-01-21;0;0;0;0;0;0;0;0;0;0;0;0;0;0;0;0;0;0
FR;10;2022-01-22;0;0;0;0;0;0;0;0;0;0;0;0;0;0;0;0;0;0
FR;10;2022-01-23;0;0;0;0;0;0;0;0;0;0;0;0;0;0;0;0;0;0
FR;10;2022-01-24;0;0;0;0;0;0;0;0;0;0;0;0;0;0;0;0;0;0
FR;10;2022-01-25;0;0;0;0;0;0;0;0;0;0;0;0;0;0;0;0;0;0
FR;10;2022-01-26;0;0;0;0;0;0;0;0;0;0;0;0;0;0;0;0;0;0
FR;10;2022-01-27;0;0;0;0;0;0;0;0;0;0;0;0;0;0;0;0;0;0
FR;10;2022-01-28;0;0;0;0;0;0;0;0;0;0;0;0;0;0;0;0;0;0
FR;10;2022-01-29;0;0;0;0;0;0;0;0;0;0;0;0;0;0;0;0;0;0
FR;10;2022-01-30;0;0;0;0;0;0;0;0;0;0;0;0;0;0;0;0;0;0
FR;10;2022-01-31;0;0;0;0;0;0;0;0;0;0;0;0;0;0;0;0;0;0
FR;10;2022-02-01;0;0;0;0;0;0;0;0;0;0;0;0;0;0;0;0;0;0
FR;10;2022-02-02;0;0;0;0;0;0;0;0;0;0;0;0;0;0;0;0;0;0
FR;10;2022-02-03;0;0;0;0;0;0;0;0;0;0;0;0;0;0;0;0;0;0
FR;10;2022-02-04;0;0;0;0;0;0;0;0;0;0;0;0;0;0;0;0;0;0
FR;10;2022-02-05;0;0;0;0;0;0;0;0;0;0;0;0;0;0;0;0;0;0
FR;10;2022-02-06;0;0;0;0;0;0;0;0;0;0;0;0;0;0;0;0;0;0
FR;10;2022-02-07;0;0;0;0;0;0;0;0;0;0;0;0;0;0;0;0;0;0
FR;10;2022-02-08;0;0;0;0;0;0;0;0;0;0;0;0;0;0;0;0;0;0
FR;10;2022-02-09;0;0;0;0;0;0;0;0;0;0;0;0;0;0;0;0;0;0
FR;10;2022-02-10;0;0;0;0;0;0;0;0;0;0;0;0;0;0;0;0;0;0
FR;10;2022-02-11;0;0;0;0;0;0;0;0;0;0;0;0;0;0;0;0;0;0
FR;10;2022-02-12;0;0;0;0;0;0;0;0;0;0;0;0;0;0;0;0;0;0
FR;10;2022-02-13;0;0;0;0;0;0;0;0;0;0;0;0;0;0;0;0;0;0
FR;10;2022-02-14;0;0;0;0;0;0;0;0;0;0;0;0;0;0;0;0;0;0
FR;10;2022-02-15;0;0;0;0;0;0;0;0;0;0;0;0;0;0;0;0;0;0
FR;10;2022-02-16;0;0;0;0;0;0;0;0;0;0;0;0;0;0;0;0;0;0
FR;10;2022-02-17;0;0;0;0;0;0;0;0;0;0;0;0;0;0;0;0;0;0
FR;10;2022-02-18;0;0;0;0;0;0;0;0;0;0;0;0;0;0;0;0;0;0
FR;10;2022-02-19;0;0;0;0;0;0;0;0;0;0;0;0;0;0;0;0;0;0
FR;10;2022-02-20;0;0;0;0;0;0;0;0;0;0;0;0;0;0;0;0;0;0
FR;10;2022-02-21;0;0;0;0;0;0;0;0;0;0;0;0;0;0;0;0;0;0
FR;10;2022-02-22;0;0;0;0;0;0;0;0;0;0;0;0;0;0;0;0;0;0
FR;10;2022-02-23;0;0;0;0;0;0;0;0;0;0;0;0;0;0;0;0;0;0
FR;10;2022-02-24;0;0;0;0;0;0;0;0;0;0;0;0;0;0;0;0;0;0
FR;10;2022-02-25;0;0;0;0;0;0;0;0;0;0;0;0;0;0;0;0;0;0
FR;10;2022-02-26;0;0;0;0;0;0;0;0;0;0;0;0;0;0;0;0;0;0
FR;10;2022-02-27;0;0;0;0;0;0;0;0;0;0;0;0;0;0;0;0;0;0
FR;10;2022-02-28;0;0;0;0;0;0;0;0;0;0;0;0;0;0;0;0;0;0
FR;10;2022-03-01;0;0;0;0;0;0;0;0;0;0;0;0;0;0;0;0;0;0
FR;10;2022-03-02;0;0;0;0;0;0;0;0;0;0;0;0;0;0;0;0;0;0
FR;10;2022-03-03;0;0;0;0;0;0;0;0;0;0;0;0;0;0;0;0;0;0
FR;10;2022-03-04;0;0;0;0;0;0;0;0;0;0;0;0;0;0;0;0;0;0
FR;10;2022-03-05;0;0;0;0;0;0;0;0;0;0;0;0;0;0;0;0;0;0
FR;10;2022-03-06;0;0;0;0;0;0;0;0;0;0;0;0;0;0;0;0;0;0
FR;10;2022-03-07;0;0;0;0;0;0;0;0;0;0;0;0;0;0;0;0;0;0
FR;10;2022-03-08;0;0;0;0;0;0;0;0;0;0;0;0;0;0;0;0;0;0
FR;10;2022-03-09;0;0;0;0;0;0;0;0;0;0;0;0;0;0;0;0;0;0
FR;10;2022-03-10;0;0;0;0;0;0;0;0;0;0;0;0;0;0;0;0;0;0
FR;10;2022-03-11;0;0;0;0;0;0;0;0;0;0;0;0;0;0;0;0;0;0
FR;10;2022-03-12;0;0;0;0;0;0;0;0;0;0;0;0;0;0;0;0;0;0
FR;10;2022-03-13;0;0;0;0;0;0;0;0;0;0;0;0;0;0;0;0;0;0
FR;10;2022-03-14;0;0;0;0;0;0;0;0;0;0;0;0;0;0;0;0;0;0
FR;10;2022-03-15;0;0;0;0;0;0;0;0;0;0;0;0;0;0;0;0;0;0
FR;10;2022-03-16;0;0;0;0;0;0;0;0;0;0;0;0;0;0;0;0;0;0
FR;10;2022-03-17;0;0;0;0;0;0;0;0;0;0;0;0;0;0;0;0;0;0
FR;10;2022-03-18;0;0;0;0;0;0;0;0;0;0;0;0;0;0;0;0;0;0
FR;10;2022-03-19;0;0;0;0;0;0;0;0;0;0;0;0;0;0;0;0;0;0
FR;10;2022-03-20;0;0;0;0;0;0;0;0;0;0;0;0;0;0;0;0;0;0
FR;10;2022-03-21;0;0;0;0;0;0;0;0;0;0;0;0;0;0;0;0;0;0
FR;10;2022-03-22;0;0;0;0;0;0;0;0;0;0;0;0;0;0;0;0;0;0
FR;10;2022-03-23;0;0;0;0;0;0;0;0;0;0;0;0;0;0;0;0;0;0
FR;10;2022-03-24;0;0;0;0;0;0;0;0;0;0;0;0;0;0;0;0;0;0
FR;10;2022-03-25;0;0;0;0;0;0;0;0;0;0;0;0;0;0;0;0;0;0
FR;10;2022-03-26;0;0;0;0;0;0;0;0;0;0;0;0;0;0;0;0;0;0
FR;10;2022-03-27;0;0;0;0;0;0;0;0;0;0;0;0;0;0;0;0;0;0
FR;10;2022-03-28;0;0;0;0;0;0;0;0;0;0;0;0;0;0;0;0;0;0
FR;10;2022-03-29;0;0;0;0;0;0;0;0;0;0;0;0;0;0;0;0;0;0
FR;10;2022-03-30;0;0;0;0;0;0;0;0;0;0;0;0;0;0;0;0;0;0
FR;10;2022-03-31;0;0;0;0;0;0;0;0;0;0;0;0;0;0;0;0;0;0
FR;10;2022-04-01;0;0;0;0;0;0;0;0;0;0;0;0;0;0;0;0;0;0
FR;10;2022-04-02;0;0;0;0;0;0;0;0;0;0;0;0;0;0;0;0;0;0
FR;10;2022-04-03;0;0;0;0;0;0;0;0;0;0;0;0;0;0;0;0;0;0
FR;10;2022-04-04;0;0;0;0;0;0;0;0;0;0;0;0;0;0;0;0;0;0
FR;10;2022-04-05;0;0;0;0;0;0;0;0;0;0;0;0;0;0;0;0;0;0
FR;10;2022-04-06;0;0;0;0;0;0;0;0;0;0;0;0;0;0;0;0;0;0
FR;10;2022-04-07;0;0;0;0;0;0;0;0;0;0;0;0;0;0;0;0;0;0
FR;10;2022-04-08;0;0;0;0;0;0;0;0;0;0;0;0;0;0;0;0;0;0
FR;10;2022-04-09;0;0;0;0;0;0;0;0;0;0;0;0;0;0;0;0;0;0
FR;10;2022-04-10;0;0;0;0;0;0;0;0;0;0;0;0;0;0;0;0;0;0
FR;10;2022-04-11;0;0;0;0;0;0;0;0;0;0;0;0;0;0;0;0;0;0
FR;10;2022-04-12;0;0;0;0;0;0;0;0;0;0;0;0;0;0;0;0;0;0
FR;10;2022-04-13;0;0;0;0;0;0;0;0;0;0;0;0;0;0;0;0;0;0
FR;10;2022-04-14;0;0;0;0;0;0;0;0;0;0;0;0;0;0;0;0;0;0
FR;10;2022-04-15;0;0;0;0;0;0;0;0;0;0;0;0;0;0;0;0;0;0
FR;10;2022-04-16;0;0;0;0;0;0;0;0;0;0;0;0;0;0;0;0;0;0
FR;10;2022-04-17;0;0;0;0;0;0;0;0;0;0;0;0;0;0;0;0;0;0
FR;10;2022-04-18;0;0;0;0;0;0;0;0;0;0;0;0;0;0;0;0;0;0
FR;10;2022-04-19;0;0;0;0;0;0;0;0;0;0;0;0;0;0;0;0;0;0
FR;10;2022-04-20;0;0;0;0;0;0;0;0;0;0;0;0;0;0;0;0;0;0
FR;10;2022-04-21;0;0;0;0;0;0;0;0;0;0;0;0;0;0;0;0;0;0
FR;10;2022-04-22;0;0;0;0;0;0;0;0;0;0;0;0;0;0;0;0;0;0
FR;10;2022-04-23;0;0;0;0;0;0;0;0;0;0;0;0;0;0;0;0;0;0
FR;10;2022-04-24;0;0;0;0;0;0;0;0;0;0;0;0;0;0;0;0;0;0
FR;10;2022-04-25;0;0;0;0;0;0;0;0;0;0;0;0;0;0;0;0;0;0
FR;10;2022-04-26;0;0;0;0;0;0;0;0;0;0;0;0;0;0;0;0;0;0
FR;10;2022-04-27;0;0;0;0;0;0;0;0;0;0;0;0;0;0;0;0;0;0
FR;10;2022-04-28;0;0;0;0;0;0;0;0;0;0;0;0;0;0;0;0;0;0
FR;10;2022-04-29;0;0;0;0;0;0;0;0;0;0;0;0;0;0;0;0;0;0
FR;10;2022-04-30;0;0;0;0;0;0;0;0;0;0;0;0;0;0;0;0;0;0
FR;10;2022-05-01;0;0;0;0;0;0;0;0;0;0;0;0;0;0;0;0;0;0
FR;10;2022-05-02;0;0;0;0;0;0;0;0;0;0;0;0;0;0;0;0;0;0
FR;10;2022-05-03;0;0;0;0;0;0;0;0;0;0;0;0;0;0;0;0;0;0
FR;10;2022-05-04;0;0;0;0;0;0;0;0;0;0;0;0;0;0;0;0;0;0
FR;10;2022-05-05;0;0;0;0;0;0;0;0;0;0;0;0;0;0;0;0;0;0
FR;10;2022-05-06;0;0;0;0;0;0;0;0;0;0;0;0;0;0;0;0;0;0
FR;10;2022-05-07;0;0;0;0;0;0;0;0;0;0;0;0;0;0;0;0;0;0
FR;10;2022-05-08;0;0;0;0;0;0;0;0;0;0;0;0;0;0;0;0;0;0
FR;10;2022-05-09;0;0;0;0;0;0;0;0;0;0;0;0;0;0;0;0;0;0
FR;10;2022-05-10;0;0;0;0;0;0;0;0;0;0;0;0;0;0;0;0;0;0
FR;10;2022-05-11;0;0;0;0;0;0;0;0;0;0;0;0;0;0;0;0;0;0
FR;10;2022-05-12;0;0;0;0;0;0;0;0;0;0;0;0;0;0;0;0;0;0
FR;10;2022-05-13;0;0;0;0;0;0;0;0;0;0;0;0;0;0;0;0;0;0
FR;10;2022-05-14;0;0;0;0;0;0;0;0;0;0;0;0;0;0;0;0;0;0
FR;10;2022-05-15;0;0;0;0;0;0;0;0;0;0;0;0;0;0;0;0;0;0
FR;10;2022-05-16;0;0;0;0;0;0;0;0;0;0;0;0;0;0;0;0;0;0
FR;10;2022-05-17;0;0;0;0;0;0;0;0;0;0;0;0;0;0;0;0;0;0
FR;10;2022-05-18;0;0;0;0;0;0;0;0;0;0;0;0;0;0;0;0;0;0
FR;10;2022-05-19;0;0;0;0;0;0;0;0;0;0;0;0;0;0;0;0;0;0
FR;10;2022-05-20;0;0;0;0;0;0;0;0;0;0;0;0;0;0;0;0;0;0
FR;10;2022-05-21;0;0;0;0;0;0;0;0;0;0;0;0;0;0;0;0;0;0
FR;10;2022-05-22;0;0;0;0;0;0;0;0;0;0;0;0;0;0;0;0;0;0
FR;10;2022-05-23;0;0;0;0;0;0;0;0;0;0;0;0;0;0;0;0;0;0
FR;10;2022-05-24;0;0;0;0;0;0;0;0;0;0;0;0;0;0;0;0;0;0
FR;10;2022-05-25;0;0;0;0;0;0;0;0;0;0;0;0;0;0;0;0;0;0
FR;10;2022-05-26;0;0;0;0;0;0;0;0;0;0;0;0;0;0;0;0;0;0
FR;10;2022-05-27;0;0;0;0;0;0;0;0;0;0;0;0;0;0;0;0;0;0
FR;10;2022-05-28;0;0;0;0;0;0;0;0;0;0;0;0;0;0;0;0;0;0
FR;10;2022-05-29;0;0;0;0;0;0;0;0;0;0;0;0;0;0;0;0;0;0
FR;10;2022-05-30;0;0;0;0;0;0;0;0;0;0;0;0;0;0;0;0;0;0
FR;10;2022-05-31;0;0;0;0;0;0;0;0;0;0;0;0;0;0;0;0;0;0
FR;10;2022-06-01;0;0;0;0;0;0;0;0;0;0;0;0;0;0;0;0;0;0
FR;10;2022-06-02;0;0;0;0;0;0;0;0;0;0;0;0;0;0;0;0;0;0
FR;10;2022-06-03;0;0;0;0;0;0;0;0;0;0;0;0;0;0;0;0;0;0
FR;10;2022-06-04;0;0;0;0;0;0;0;0;0;0;0;0;0;0;0;0;0;0
FR;10;2022-06-05;0;0;0;0;0;0;0;0;0;0;0;0;0;0;0;0;0;0
FR;10;2022-06-06;0;0;0;0;0;0;0;0;0;0;0;0;0;0;0;0;0;0
FR;10;2022-06-07;0;0;0;0;0;0;0;0;0;0;0;0;0;0;0;0;0;0
FR;10;2022-06-08;0;0;0;0;0;0;0;0;0;0;0;0;0;0;0;0;0;0
FR;10;2022-06-09;0;0;0;0;0;0;0;0;0;0;0;0;0;0;0;0;0;0
FR;10;2022-06-10;0;0;0;0;0;0;0;0;0;0;0;0;0;0;0;0;0;0
FR;10;2022-06-11;0;0;0;0;0;0;0;0;0;0;0;0;0;0;0;0;0;0
FR;10;2022-06-12;0;0;0;0;0;0;0;0;0;0;0;0;0;0;0;0;0;0
FR;10;2022-06-13;0;0;0;0;0;0;0;0;0;0;0;0;0;0;0;0;0;0
FR;10;2022-06-14;0;0;0;0;0;0;0;0;0;0;0;0;0;0;0;0;0;0
FR;10;2022-06-15;0;0;0;0;0;0;0;0;0;0;0;0;0;0;0;0;0;0
FR;10;2022-06-16;0;0;0;0;0;0;0;0;0;0;0;0;0;0;0;0;0;0
FR;10;2022-06-17;0;0;0;0;0;0;0;0;0;0;0;0;0;0;0;0;0;0
FR;10;2022-06-18;0;0;0;0;0;0;0;0;0;0;0;0;0;0;0;0;0;0
FR;10;2022-06-19;0;0;0;0;0;0;0;0;0;0;0;0;0;0;0;0;0;0
FR;10;2022-06-20;0;0;0;0;0;0;0;0;0;0;0;0;0;0;0;0;0;0
FR;10;2022-06-21;0;0;0;0;0;0;0;0;0;0;0;0;0;0;0;0;0;0
FR;10;2022-06-22;0;0;0;0;0;0;0;0;0;0;0;0;0;0;0;0;0;0
FR;10;2022-06-23;0;0;0;0;0;0;0;0;0;0;0;0;0;0;0;0;0;0
FR;10;2022-06-24;0;0;0;0;0;0;0;0;0;0;0;0;0;0;0;0;0;0
FR;10;2022-06-25;0;0;0;0;0;0;0;0;0;0;0;0;0;0;0;0;0;0
FR;10;2022-06-26;0;0;0;0;0;0;0;0;0;0;0;0;0;0;0;0;0;0
FR;10;2022-06-27;0;0;0;0;0;0;0;0;0;0;0;0;0;0;0;0;0;0
FR;10;2022-06-28;0;0;0;0;0;0;0;0;0;0;0;0;0;0;0;0;0;0
FR;10;2022-06-29;0;0;0;0;0;0;0;0;0;0;0;0;0;0;0;0;0;0
FR;10;2022-06-30;0;0;0;0;0;0;0;0;0;0;0;0;0;0;0;0;0;0
FR;10;2022-07-01;0;0;0;0;0;0;0;0;0;0;0;0;0;0;0;0;0;0
FR;10;2022-07-02;0;0;0;0;0;0;0;0;0;0;0;0;0;0;0;0;0;0
FR;10;2022-07-03;0;0;0;0;0;0;0;0;0;0;0;0;0;0;0;0;0;0
FR;10;2022-07-04;0;0;0;0;0;0;0;0;0;0;0;0;0;0;0;0;0;0
FR;10;2022-07-05;0;0;0;0;0;0;0;0;0;0;0;0;0;0;0;0;0;0
FR;10;2022-07-06;0;0;0;0;0;0;0;0;0;0;0;0;0;0;0;0;0;0
FR;10;2022-07-07;0;0;0;0;0;0;0;0;0;0;0;0;0;0;0;0;0;0
FR;10;2022-07-08;0;0;0;0;0;0;0;0;0;0;0;0;0;0;0;0;0;0
FR;10;2022-07-09;0;0;0;0;0;0;0;0;0;0;0;0;0;0;0;0;0;0
FR;10;2022-07-10;0;0;0;0;0;0;0;0;0;0;0;0;0;0;0;0;0;0
FR;10;2022-07-11;0;0;0;0;0;0;0;0;0;0;0;0;0;0;0;0;0;0
FR;10;2022-07-12;0;0;0;0;0;0;0;0;0;0;0;0;0;0;0;0;0;0
FR;10;2022-07-13;0;0;0;0;0;0;0;0;0;0;0;0;0;0;0;0;0;0
FR;10;2022-07-14;0;0;0;0;0;0;0;0;0;0;0;0;0;0;0;0;0;0
FR;10;2022-07-15;0;0;0;0;0;0;0;0;0;0;0;0;0;0;0;0;0;0
FR;10;2022-07-16;0;0;0;0;0;0;0;0;0;0;0;0;0;0;0;0;0;0
FR;10;2022-07-17;0;0;0;0;0;0;0;0;0;0;0;0;0;0;0;0;0;0
FR;10;2022-07-18;0;0;0;0;0;0;0;0;0;0;0;0;0;0;0;0;0;0
FR;10;2022-07-19;0;0;0;0;0;0;0;0;0;0;0;0;0;0;0;0;0;0
FR;10;2022-07-20;0;0;0;0;0;0;0;0;0;0;0;0;0;0;0;0;0;0
FR;10;2022-07-21;0;0;0;0;0;0;0;0;0;0;0;0;0;0;0;0;0;0
FR;10;2022-07-22;0;0;0;0;0;0;0;0;0;0;0;0;0;0;0;0;0;0
FR;10;2022-07-23;0;0;0;0;0;0;0;0;0;0;0;0;0;0;0;0;0;0
FR;10;2022-07-24;0;0;0;0;0;0;0;0;0;0;0;0;0;0;0;0;0;0
FR;10;2022-07-25;0;0;0;0;0;0;0;0;0;0;0;0;0;0;0;0;0;0
FR;10;2022-07-26;0;0;0;0;0;0;0;0;0;0;0;0;0;0;0;0;0;0
FR;10;2022-07-27;0;0;0;0;0;0;0;0;0;0;0;0;0;0;0;0;0;0
FR;10;2022-07-28;0;0;0;0;0;0;0;0;0;0;0;0;0;0;0;0;0;0
FR;10;2022-07-29;0;0;0;0;0;0;0;0;0;0;0;0;0;0;0;0;0;0
FR;10;2022-07-30;0;0;0;0;0;0;0;0;0;0;0;0;0;0;0;0;0;0
FR;10;2022-07-31;0;0;0;0;0;0;0;0;0;0;0;0;0;0;0;0;0;0
FR;10;2022-08-01;0;0;0;0;0;0;0;0;0;0;0;0;0;0;0;0;0;0
FR;10;2022-08-02;0;0;0;0;0;0;0;0;0;0;0;0;0;0;0;0;0;0
FR;10;2022-08-03;0;0;0;0;0;0;0;0;0;0;0;0;0;0;0;0;0;0
FR;10;2022-08-04;0;0;0;0;0;0;0;0;0;0;0;0;0;0;0;0;0;0
FR;10;2022-08-05;0;0;0;0;0;0;0;0;0;0;0;0;0;0;0;0;0;0
FR;10;2022-08-06;0;0;0;0;0;0;0;0;0;0;0;0;0;0;0;0;0;0
FR;10;2022-08-07;0;0;0;0;0;0;0;0;0;0;0;0;0;0;0;0;0;0
FR;10;2022-08-08;0;0;0;0;0;0;0;0;0;0;0;0;0;0;0;0;0;0
FR;10;2022-08-09;0;0;0;0;0;0;0;0;0;0;0;0;0;0;0;0;0;0
FR;10;2022-08-10;0;0;0;0;0;0;0;0;0;0;0;0;0;0;0;0;0;0
FR;10;2022-08-11;0;0;0;0;0;0;0;0;0;0;0;0;0;0;0;0;0;0
FR;10;2022-08-12;0;0;0;0;0;0;0;0;0;0;0;0;0;0;0;0;0;0
FR;10;2022-08-13;0;0;0;0;0;0;0;0;0;0;0;0;0;0;0;0;0;0
FR;10;2022-08-14;0;0;0;0;0;0;0;0;0;0;0;0;0;0;0;0;0;0
FR;10;2022-08-15;0;0;0;0;0;0;0;0;0;0;0;0;0;0;0;0;0;0
FR;10;2022-08-16;0;0;0;0;0;0;0;0;0;0;0;0;0;0;0;0;0;0
FR;10;2022-08-17;0;0;0;0;0;0;0;0;0;0;0;0;0;0;0;0;0;0
FR;10;2022-08-18;0;0;0;0;0;0;0;0;0;0;0;0;0;0;0;0;0;0
FR;10;2022-08-19;0;0;0;0;0;0;0;0;0;0;0;0;0;0;0;0;0;0
FR;10;2022-08-20;0;0;0;0;0;0;0;0;0;0;0;0;0;0;0;0;0;0
FR;10;2022-08-21;0;0;0;0;0;0;0;0;0;0;0;0;0;0;0;0;0;0
FR;10;2022-08-22;0;0;0;0;0;0;0;0;0;0;0;0;0;0;0;0;0;0
FR;10;2022-08-23;0;0;0;0;0;0;0;0;0;0;0;0;0;0;0;0;0;0
FR;10;2022-08-24;0;0;0;0;0;0;0;0;0;0;0;0;0;0;0;0;0;0
FR;10;2022-08-25;0;0;0;0;0;0;0;0;0;0;0;0;0;0;0;0;0;0
FR;10;2022-08-26;0;0;0;0;0;0;0;0;0;0;0;0;0;0;0;0;0;0
FR;10;2022-08-27;0;0;0;0;0;0;0;0;0;0;0;0;0;0;0;0;0;0
FR;10;2022-08-28;0;0;0;0;0;0;0;0;0;0;0;0;0;0;0;0;0;0
FR;10;2022-08-29;0;0;0;0;0;0;0;0;0;0;0;0;0;0;0;0;0;0
FR;10;2022-08-30;0;0;0;0;0;0;0;0;0;0;0;0;0;0;0;0;0;0
FR;10;2022-08-31;0;0;0;0;0;0;0;0;0;0;0;0;0;0;0;0;0;0
FR;10;2022-09-01;0;0;0;0;0;0;0;0;0;0;0;0;0;0;0;0;0;0
FR;10;2022-09-02;0;0;0;0;0;0;0;0;0;0;0;0;0;0;0;0;0;0
FR;10;2022-09-03;0;0;0;0;0;0;0;0;0;0;0;0;0;0;0;0;0;0
FR;10;2022-09-04;0;0;0;0;0;0;0;0;0;0;0;0;0;0;0;0;0;0
FR;10;2022-09-05;0;0;0;0;0;0;0;0;0;0;0;0;0;0;0;0;0;0
FR;10;2022-09-06;0;0;0;0;0;0;0;0;0;0;0;0;0;0;0;0;0;0
FR;10;2022-09-07;0;0;0;0;0;0;0;0;0;0;0;0;0;0;0;0;0;0
FR;10;2022-09-08;0;0;0;0;0;0;0;0;0;0;0;0;0;0;0;0;0;0
FR;10;2022-09-09;0;0;0;0;0;0;0;0;0;0;0;0;0;0;0;0;0;0
FR;10;2022-09-10;0;0;0;0;0;0;0;0;0;0;0;0;0;0;0;0;0;0
FR;10;2022-09-11;0;0;0;0;0;0;0;0;0;0;0;0;0;0;0;0;0;0
FR;10;2022-09-12;0;0;0;0;0;0;0;0;0;0;0;0;0;0;0;0;0;0
FR;10;2022-09-13;0;0;0;0;0;0;0;0;0;0;0;0;0;0;0;0;0;0
FR;10;2022-09-14;0;0;0;0;0;0;0;0;0;0;0;0;0;0;0;0;0;0
FR;10;2022-09-15;0;0;0;0;0;0;0;0;0;0;0;0;0;0;0;0;0;0
FR;10;2022-09-16;0;0;0;0;0;0;0;0;0;0;0;0;0;0;0;0;0;0
FR;10;2022-09-17;0;0;0;0;0;0;0;0;0;0;0;0;0;0;0;0;0;0
FR;10;2022-09-18;0;0;0;0;0;0;0;0;0;0;0;0;0;0;0;0;0;0
FR;10;2022-09-19;0;0;0;0;0;0;0;0;0;0;0;0;0;0;0;0;0;0
FR;10;2022-09-20;0;0;0;0;0;0;0;0;0;0;0;0;0;0;0;0;0;0
FR;10;2022-09-21;0;0;0;0;0;0;0;0;0;0;0;0;0;0;0;0;0;0
FR;10;2022-09-22;0;0;0;0;0;0;0;0;0;0;0;0;0;0;0;0;0;0
FR;10;2022-09-23;0;0;0;0;0;0;0;0;0;0;0;0;0;0;0;0;0;0
FR;10;2022-09-24;0;0;0;0;0;0;0;0;0;0;0;0;0;0;0;0;0;0
FR;10;2022-09-25;0;0;0;0;0;0;0;0;0;0;0;0;0;0;0;0;0;0
FR;10;2022-09-26;0;0;0;0;0;0;0;0;0;0;0;0;0;0;0;0;0;0
FR;10;2022-09-27;0;0;0;0;0;0;0;0;0;0;0;0;0;0;0;0;0;0
FR;10;2022-09-28;0;0;0;0;0;0;0;0;0;0;0;0;0;0;0;0;0;0
FR;10;2022-09-29;0;0;0;0;0;0;0;0;0;0;0;0;0;0;0;0;0;0
FR;10;2022-09-30;0;0;0;0;0;0;0;0;0;0;0;0;0;0;0;0;0;0
FR;10;2022-10-01;0;0;0;0;0;0;0;0;0;0;0;0;0;0;0;0;0;0
FR;10;2022-10-02;0;0;0;0;0;0;0;0;0;0;0;0;0;0;0;0;0;0
FR;10;2022-10-03;0;0;0;0;0;0;0;0;0;0;0;0;0;0;0;0;0;0
FR;10;2022-10-04;0;0;0;0;0;0;0;0;0;0;0;0;0;0;0;0;0;0
FR;10;2022-10-05;0;0;0;0;0;0;0;0;0;0;0;0;0;0;0;0;0;0
FR;10;2022-10-06;0;0;0;0;0;0;0;0;0;0;0;0;0;0;0;0;0;0
FR;10;2022-10-07;0;0;0;0;0;0;0;0;0;0;0;0;0;0;0;0;0;0
FR;10;2022-10-08;0;0;0;0;0;0;0;0;0;0;0;0;0;0;0;0;0;0
FR;10;2022-10-09;0;0;0;0;0;0;0;0;0;0;0;0;0;0;0;0;0;0
FR;10;2022-10-10;0;0;0;0;0;0;0;0;0;0;0;0;0;0;0;0;0;0
FR;10;2022-10-11;0;0;0;0;0;0;0;0;0;0;0;0;0;0;0;0;0;0
FR;10;2022-10-12;0;0;0;0;0;0;0;0;0;0;0;0;0;0;0;0;0;0
FR;10;2022-10-13;0;0;0;0;0;0;0;0;0;0;0;0;0;0;0;0;0;0
FR;10;2022-10-14;0;0;0;0;0;0;0;0;0;0;0;0;0;0;0;0;0;0
FR;10;2022-10-15;0;0;0;0;0;0;0;0;0;0;0;0;0;0;0;0;0;0
FR;10;2022-10-16;0;0;0;0;0;0;0;0;0;0;0;0;0;0;0;0;0;0
FR;10;2022-10-17;0;0;0;0;0;0;0;0;0;0;0;0;0;0;0;0;0;0
FR;10;2022-10-18;0;0;0;0;0;0;0;0;0;0;0;0;0;0;0;0;0;0
FR;10;2022-10-19;0;0;0;0;0;0;0;0;0;0;0;0;0;0;0;0;0;0
FR;10;2022-10-20;0;0;0;0;0;0;0;0;0;0;0;0;0;0;0;0;0;0
FR;10;2022-10-21;0;0;0;0;0;0;0;0;0;0;0;0;0;0;0;0;0;0
FR;10;2022-10-22;0;0;0;0;0;0;0;0;0;0;0;0;0;0;0;0;0;0
FR;10;2022-10-23;0;0;0;0;0;0;0;0;0;0;0;0;0;0;0;0;0;0
FR;10;2022-10-24;0;0;0;0;0;0;0;0;0;0;0;0;0;0;0;0;0;0
FR;10;2022-10-25;0;0;0;0;0;0;0;0;0;0;0;0;0;0;0;0;0;0
FR;10;2022-10-26;0;0;0;0;0;0;0;0;0;0;0;0;0;0;0;0;0;0
FR;10;2022-10-27;0;0;0;0;0;0;0;0;0;0;0;0;0;0;0;0;0;0
FR;10;2022-10-28;0;0;0;0;0;0;0;0;0;0;0;0;0;0;0;0;0;0
FR;10;2022-10-29;0;0;0;0;0;0;0;0;0;0;0;0;0;0;0;0;0;0
FR;10;2022-10-30;0;0;0;0;0;0;0;0;0;0;0;0;0;0;0;0;0;0
FR;10;2022-10-31;0;0;0;0;0;0;0;0;0;0;0;0;0;0;0;0;0;0
FR;10;2022-11-01;0;0;0;0;0;0;0;0;0;0;0;0;0;0;0;0;0;0
FR;10;2022-11-02;0;0;0;0;0;0;0;0;0;0;0;0;0;0;0;0;0;0
FR;10;2022-11-03;0;0;0;0;0;0;0;0;0;0;0;0;0;0;0;0;0;0
FR;10;2022-11-04;0;0;0;0;0;0;0;0;0;0;0;0;0;0;0;0;0;0
FR;10;2022-11-05;0;0;0;0;0;0;0;0;0;0;0;0;0;0;0;0;0;0
FR;10;2022-11-06;0;0;0;0;0;0;0;0;0;0;0;0;0;0;0;0;0;0
FR;10;2022-11-07;0;0;0;0;0;0;0;0;0;0;0;0;0;0;0;0;0;0
FR;10;2022-11-08;0;0;0;0;0;0;0;0;0;0;0;0;0;0;0;0;0;0
FR;10;2022-11-09;0;0;0;0;0;0;0;0;0;0;0;0;0;0;0;0;0;0
FR;10;2022-11-10;0;0;0;0;0;0;0;0;0;0;0;0;0;0;0;0;0;0
FR;10;2022-11-11;0;0;0;0;0;0;0;0;0;0;0;0;0;0;0;0;0;0
FR;10;2022-11-12;0;0;0;0;0;0;0;0;0;0;0;0;0;0;0;0;0;0
FR;10;2022-11-13;0;0;0;0;0;0;0;0;0;0;0;0;0;0;0;0;0;0
FR;10;2022-11-14;0;0;0;0;0;0;0;0;0;0;0;0;0;0;0;0;0;0
FR;10;2022-11-15;0;0;0;0;0;0;0;0;0;0;0;0;0;0;0;0;0;0
FR;10;2022-11-16;0;0;0;0;0;0;0;0;0;0;0;0;0;0;0;0;0;0
FR;10;2022-11-17;0;0;0;0;0;0;0;0;0;0;0;0;0;0;0;0;0;0
FR;10;2022-11-18;0;0;0;0;0;0;0;0;0;0;0;0;0;0;0;0;0;0
FR;10;2022-11-19;0;0;0;0;0;0;0;0;0;0;0;0;0;0;0;0;0;0
FR;10;2022-11-20;0;0;0;0;0;0;0;0;0;0;0;0;0;0;0;0;0;0
FR;10;2022-11-21;0;0;0;0;0;0;0;0;0;0;0;0;0;0;0;0;0;0
FR;10;2022-11-22;0;0;0;0;0;0;0;0;0;0;0;0;0;0;0;0;0;0
FR;10;2022-11-23;0;0;0;0;0;0;0;0;0;0;0;0;0;0;0;0;0;0
FR;10;2022-11-24;0;0;0;0;0;0;0;0;0;0;0;0;0;0;0;0;0;0
FR;10;2022-11-25;0;0;0;0;0;0;0;0;0;0;0;0;0;0;0;0;0;0
FR;10;2022-11-26;0;0;0;0;0;0;0;0;0;0;0;0;0;0;0;0;0;0
FR;10;2022-11-27;0;0;0;0;0;0;0;0;0;0;0;0;0;0;0;0;0;0
FR;10;2022-11-28;0;0;0;0;0;0;0;0;0;0;0;0;0;0;0;0;0;0
FR;10;2022-11-29;0;0;0;0;0;0;0;0;0;0;0;0;0;0;0;0;0;0
FR;10;2022-11-30;0;0;0;0;0;0;0;0;0;0;0;0;0;0;0;0;0;0
FR;10;2022-12-01;0;0;0;0;0;0;0;0;0;0;0;0;0;0;0;0;0;0
FR;10;2022-12-02;0;0;0;0;0;0;0;0;0;0;0;0;0;0;0;0;0;0
FR;10;2022-12-03;0;0;0;0;0;0;0;0;0;0;0;0;0;0;0;0;0;0
FR;10;2022-12-04;0;0;0;0;0;0;0;0;0;0;0;0;0;0;0;0;0;0
FR;10;2022-12-05;0;0;0;0;0;0;0;0;0;0;0;0;0;0;0;0;0;0
FR;10;2022-12-06;0;0;0;0;0;0;0;0;0;0;0;0;0;0;0;0;0;0
FR;10;2022-12-07;0;0;0;0;0;0;0;0;0;0;0;0;0;0;0;0;0;0
FR;10;2022-12-08;0;0;0;0;0;0;0;0;0;0;0;0;0;0;0;0;0;0
FR;10;2022-12-09;0;0;0;0;0;0;0;0;0;0;0;0;0;0;0;0;0;0
FR;10;2022-12-10;0;0;0;0;0;0;0;0;0;0;0;0;0;0;0;0;0;0
FR;10;2022-12-11;0;0;0;0;0;0;0;0;0;0;0;0;0;0;0;0;0;0
FR;10;2022-12-12;0;0;0;0;0;0;0;0;0;0;0;0;0;0;0;0;0;0
FR;10;2022-12-13;0;0;0;0;0;0;0;0;0;0;0;0;0;0;0;0;0;0
FR;10;2022-12-14;0;0;0;0;0;0;0;0;0;0;0;0;0;0;0;0;0;0
FR;10;2022-12-15;0;0;0;0;0;0;0;0;0;0;0;0;0;0;0;0;0;0
FR;10;2022-12-16;0;0;0;0;0;0;0;0;0;0;0;0;0;0;0;0;0;0
FR;10;2022-12-17;0;0;0;0;0;0;0;0;0;0;0;0;0;0;0;0;0;0
FR;10;2022-12-18;0;0;0;0;0;0;0;0;0;0;0;0;0;0;0;0;0;0
FR;10;2022-12-19;0;0;0;0;0;0;0;0;0;0;0;0;0;0;0;0;0;0
FR;10;2022-12-20;0;0;0;0;0;0;0;0;0;0;0;0;0;0;0;0;0;0
FR;10;2022-12-21;0;0;1;0;0;1;0;0;0;0;0;1;0;0;1;0;0;0
FR;10;2022-12-22;0;0;0;1;0;0;1;0;0;0;0;1;1;0;1;1;0;0
FR;10;2022-12-23;0;0;1;14;0;2;14;0;7;0;0;2;15;0;3;15;0;7
FR;10;2022-12-24;0;0;0;3;0;0;3;0;1;0;0;2;18;0;3;18;0;8
FR;10;2022-12-25;0;0;0;0;0;0;0;0;0;0;0;2;18;0;3;18;0;8
FR;10;2022-12-26;3;1;11;35;0;8;39;0;5;3;1;13;53;0;11;57;0;13
FR;10;2022-12-27;1;1;14;35;1;11;38;0;10;4;2;27;88;1;22;95;0;23
FR;10;2022-12-28;0;0;2;15;0;1;14;0;3;4;2;29;103;1;23;109;0;26
FR;10;2022-12-29;0;0;6;48;0;1;48;0;17;4;2;35;151;1;24;157;0;43
FR;10;2022-12-30;0;1;5;33;0;8;31;0;6;4;3;40;184;1;32;188;0;49
FR;10;2022-12-31;0;0;3;12;0;4;10;0;4;4;3;43;196;1;36;198;0;53
FR;10;2023-01-01;0;0;1;6;0;0;7;0;2;4;3;44;202;1;36;205;0;55
FR;10;2023-01-02;0;4;4;37;1;6;36;0;21;4;7;48;239;2;42;241;0;76
FR;10;2023-01-03;1;2;6;63;2;5;64;0;25;5;9;54;302;4;47;305;0;101
FR;10;2023-01-04;0;1;7;52;0;6;53;0;53;5;10;61;354;4;53;358;0;154
FR;10;2023-01-05;1;2;16;74;0;12;76;0;37;6;12;77;428;4;65;434;0;191
FR;10;2023-01-06;2;3;16;107;2;13;107;0;52;8;15;93;535;6;78;541;0;243
FR;10;2023-01-07;3;1;3;41;1;3;40;0;13;11;16;96;576;7;81;581;0;256
FR;10;2023-01-08;1;0;0;9;0;0;7;0;5;12;16;96;585;7;81;588;0;261
FR;10;2023-01-09;3;2;7;67;1;7;66;0;26;15;18;103;652;8;88;654;0;287
FR;10;2023-01-10;6;1;21;118;0;13;124;0;57;21;19;124;770;8;101;778;0;344
FR;10;2023-01-11;5;4;19;77;1;16;79;0;38;26;23;143;847;9;117;857;0;382
FR;10;2023-01-12;13;1;7;77;2;3;80;0;51;39;24;150;924;11;120;937;0;433
FR;10;2023-01-13;0;6;15;122;1;8;129;0;77;39;30;165;1046;12;128;1066;0;510
FR;10;2023-01-14;2;1;8;43;0;5;47;0;3;41;31;173;1089;12;133;1113;0;513
FR;10;2023-01-15;0;0;2;10;0;1;7;0;8;41;31;175;1099;12;134;1120;0;521
FR;10;2023-01-16;0;1;11;70;1;7;73;0;68;41;32;186;1169;13;141;1193;0;589
FR;10;2023-01-17;0;7;22;109;2;11;118;0;61;41;39;208;1278;15;152;1311;0;650
FR;10;2023-01-18;2;1;13;92;1;9;104;0;15;43;40;221;1370;16;161;1415;0;665
FR;10;2023-01-19;6;6;24;142;3;22;135;0;56;49;46;245;1512;19;183;1550;0;721
FR;10;2023-01-20;2;1;11;111;0;9;106;0;73;51;47;256;1623;19;192;1656;0;794
FR;10;2023-01-21;2;1;5;26;0;5;23;0;15;53;48;261;1649;19;197;1679;0;809
FR;10;2023-01-22;0;0;0;5;0;0;5;0;0;53;48;261;1654;19;197;1684;0;809
FR;10;2023-01-23;1;2;5;62;1;5;59;0;23;54;50;266;1716;20;202;1743;0;832
FR;10;2023-01-24;6;6;27;148;2;19;152;0;75;60;56;293;1864;22;221;1895;0;907
FR;10;2023-01-25;2;1;9;81;1;5;82;0;55;62;57;302;1945;23;226;1977;0;962
FR;10;2023-01-26;4;5;33;147;1;22;159;0;52;66;62;335;2092;24;248;2136;0;1014
FR;10;2023-01-27;1;1;16;117;1;6;118;0;78;67;63;351;2209;25;254;2254;0;1092
FR;10;2023-01-28;0;1;3;18;1;1;21;0;15;67;64;354;2227;26;255;2275;0;1107
FR;10;2023-01-29;0;0;1;0;0;1;0;0;1;67;64;355;2227;26;256;2275;0;1108
FR;10;2023-01-30;2;1;11;60;1;5;63;0;40;69;65;366;2287;27;261;2338;0;1148
FR;10;2023-01-31;5;2;24;121;3;17;121;0;51;74;67;390;2408;30;278;2459;0;1199
FR;10;2023-02-01;0;2;11;49;2;10;49;0;28;74;69;401;2457;32;288;2508;0;1227
FR;10;2023-02-02;3;0;21;104;0;16;108;0;48;77;69;422;2561;32;304;2616;0;1275
FR;10;2023-02-03;6;5;18;48;4;11;51;0;64;83;74;440;2609;36;315;2667;0;1339
FR;10;2023-02-04;1;0;1;8;0;0;10;0;6;84;74;441;2617;36;315;2677;0;1345
FR;10;2023-02-05;7;1;2;3;2;1;4;0;5;91;75;443;2620;38;316;2681;0;1350
FR;10;2023-02-06;1;0;9;28;0;8;22;0;46;92;75;452;2648;38;324;2703;0;1396
FR;10;2023-02-07;2;2;2;12;1;3;12;0;13;94;77;454;2660;39;327;2715;0;1409
FR;10;2023-02-08;1;3;3;15;2;4;15;0;12;95;80;457;2675;41;331;2730;0;1421
FR;10;2023-02-09;2;1;11;91;2;7;97;0;41;97;81;468;2766;43;338;2827;0;1462
FR;10;2023-02-10;8;3;12;29;0;6;37;0;25;105;84;480;2795;43;344;2864;0;1487
FR;10;2023-02-11;1;0;2;2;0;2;2;0;1;106;84;482;2797;43;346;2866;0;1488
FR;10;2023-02-12;1;1;0;0;1;0;0;0;0;107;85;482;2797;44;346;2866;0;1488
FR;10;2023-02-13;3;1;9;15;0;7;18;0;10;110;86;491;2812;44;353;2884;0;1498
FR;10;2023-02-14;2;4;11;49;3;9;50;0;17;112;90;502;2861;47;362;2934;0;1515
FR;10;2023-02-15;7;3;2;10;2;3;8;0;8;119;93;504;2871;49;365;2942;0;1523
FR;10;2023-02-16;0;0;8;17;0;5;18;0;8;119;93;512;2888;49;370;2960;0;1531
FR;10;2023-02-17;13;5;7;28;5;2;22;0;17;132;98;519;2916;54;372;2982;0;1548
FR;10;2023-02-18;2;0;3;11;0;3;10;0;6;134;98;522;2927;54;375;2992;0;1554
FR;10;2023-02-19;0;0;0;0;0;0;0;0;0;134;98;522;2927;54;375;2992;0;1554
FR;10;2023-02-20;2;1;2;25;1;1;23;0;23;136;99;524;2952;55;376;3015;0;1577
FR;10;2023-02-21;2;3;12;27;1;6;35;0;30;138;102;536;2979;56;382;3050;0;1607
FR;10;2023-02-22;5;4;2;7;3;3;6;0;1;143;106;538;2986;59;385;3056;0;1608
FR;10;2023-02-23;3;2;17;31;2;14;37;0;12;146;108;555;3017;61;399;3093;0;1620
FR;10;2023-02-24;1;2;8;27;0;5;27;0;29;147;110;563;3044;61;404;3120;0;1649
FR;10;2023-02-25;0;0;2;3;0;2;3;0;7;147;110;565;3047;61;406;3123;0;1656
FR;10;2023-02-26;0;0;0;0;0;0;0;0;0;147;110;565;3047;61;406;3123;0;1656
FR;10;2023-02-27;3;3;3;20;4;3;21;0;15;150;113;568;3067;65;409;3144;0;1671
FR;10;2023-02-28;3;2;3;10;2;1;11;0;10;153;115;571;3077;67;410;3155;0;1681
FR;10;2023-03-01;2;6;34;12;6;33;12;0;14;155;121;605;3089;73;443;3167;0;1695
FR;10;2023-03-02;2;1;10;22;2;6;22;0;31;157;122;615;3111;75;449;3189;0;1726
FR;10;2023-03-03;7;2;5;21;0;6;20;0;18;164;124;620;3132;75;455;3209;0;1744
FR;10;2023-03-04;0;1;0;6;1;0;6;0;2;164;125;620;3138;76;455;3215;0;1746
FR;10;2023-03-05;0;0;0;1;0;0;0;0;2;164;125;620;3139;76;455;3215;0;1748
FR;10;2023-03-06;2;2;8;8;3;7;9;0;8;166;127;628;3147;79;462;3224;0;1756
FR;10;2023-03-07;2;3;0;11;1;2;11;0;8;168;130;628;3158;80;464;3235;0;1764
FR;10;2023-03-08;1;4;4;20;3;3;22;0;9;169;134;632;3178;83;467;3257;0;1773
FR;10;2023-03-09;0;3;1;9;1;2;8;0;8;169;137;633;3187;84;469;3265;0;1781
FR;10;2023-03-10;1;2;1;8;2;1;9;0;9;170;139;634;3195;86;470;3274;0;1790
FR;10;2023-03-11;2;1;5;4;0;3;7;0;2;172;140;639;3199;86;473;3281;0;1792
FR;10;2023-03-12;0;0;0;0;0;0;0;0;0;172;140;639;3199;86;473;3281;0;1792
FR;10;2023-03-13;0;2;2;3;2;2;3;0;5;172;142;641;3202;88;475;3284;0;1797
FR;10;2023-03-14;2;0;6;25;0;4;27;0;21;174;142;647;3227;88;479;3311;0;1818
FR;10;2023-03-15;0;2;5;5;1;7;4;0;6;174;144;652;3232;89;486;3315;0;1824
FR;10;2023-03-16;3;1;7;12;0;5;15;0;11;177;145;659;3244;89;491;3330;0;1835
FR;10;2023-03-17;3;5;8;18;4;4;22;0;19;180;150;667;3262;93;495;3352;0;1854
FR;10;2023-03-18;0;1;1;3;0;2;2;0;3;180;151;668;3265;93;497;3354;0;1857
FR;10;2023-03-19;6;0;0;0;0;0;0;0;0;186;151;668;3265;93;497;3354;0;1857
FR;10;2023-03-20;5;4;0;12;3;1;13;0;12;191;155;668;3277;96;498;3367;0;1869
FR;10;2023-03-21;1;2;2;7;0;3;9;0;14;192;157;670;3284;96;501;3376;0;1883
FR;10;2023-03-22;0;0;3;4;0;3;3;0;3;192;157;673;3288;96;504;3379;0;1886
FR;10;2023-03-23;9;9;4;6;9;1;8;0;13;201;166;677;3294;105;505;3387;0;1899
FR;10;2023-03-24;3;3;2;14;2;1;10;0;17;204;169;679;3308;107;506;3397;0;1916
FR;10;2023-03-25;1;3;0;4;1;3;5;0;8;205;172;679;3312;108;509;3402;0;1924
FR;10;2023-03-26;1;1;0;0;1;0;0;0;0;206;173;679;3312;109;509;3402;0;1924
FR;10;2023-03-27;0;2;3;4;2;3;2;0;16;206;175;682;3316;111;512;3404;0;1940
FR;10;2023-03-28;9;8;3;5;8;1;6;0;6;215;183;685;3321;119;513;3410;0;1946
FR;10;2023-03-29;7;7;3;2;6;4;2;0;6;222;190;688;3323;125;517;3412;0;1952
FR;10;2023-03-30;16;13;3;7;13;2;8;0;6;238;203;691;3330;138;519;3420;0;1958
FR;10;2023-03-31;8;6;4;12;5;4;13;0;19;246;209;695;3342;143;523;3433;0;1977
FR;10;2023-04-01;9;8;1;0;8;1;0;0;0;255;217;696;3342;151;524;3433;0;1977
FR;10;2023-04-02;1;0;0;0;0;0;0;0;1;256;217;696;3342;151;524;3433;0;1978
FR;10;2023-04-03;2;1;0;3;1;0;2;0;5;258;218;696;3345;152;524;3435;0;1983
FR;10;2023-04-04;0;1;0;3;1;0;3;0;5;258;219;696;3348;153;524;3438;0;1988
FR;10;2023-04-05;0;0;2;1;0;2;3;0;2;258;219;698;3349;153;526;3441;0;1990
FR;10;2023-04-06;2;2;4;4;2;1;7;0;2;260;221;702;3353;155;527;3448;0;1992
FR;10;2023-04-07;3;0;2;3;0;1;3;0;9;263;221;704;3356;155;528;3451;0;2001
FR;10;2023-04-08;0;0;1;0;0;1;0;0;0;263;221;705;3356;155;529;3451;0;2001
FR;10;2023-04-09;0;0;0;0;0;0;0;0;0;263;221;705;3356;155;529;3451;0;2001
FR;10;2023-04-10;0;0;2;0;0;0;2;0;0;263;221;707;3356;155;529;3453;0;2001
FR;10;2023-04-11;1;0;1;3;0;1;2;0;3;264;221;708;3359;155;530;3455;0;2004
FR;10;2023-04-12;0;0;2;1;0;1;2;0;4;264;221;710;3360;155;531;3457;0;2008
FR;10;2023-04-13;0;1;0;5;1;0;5;0;5;264;222;710;3365;156;531;3462;0;2013
FR;10;2023-04-14;3;0;1;7;0;1;4;0;5;267;222;711;3372;156;532;3466;0;2018
FR;10;2023-04-15;0;1;1;3;1;0;4;0;0;267;223;712;3375;157;532;3470;0;2018
FR;10;2023-04-16;0;0;0;2;0;0;2;0;0;267;223;712;3377;157;532;3472;0;2018
FR;10;2023-04-17;1;2;2;0;1;2;0;0;0;268;225;714;3377;158;534;3472;0;2018
FR;10;2023-04-18;2;2;1;3;2;1;0;0;2;270;227;715;3380;160;535;3472;0;2020
FR;10;2023-04-19;0;0;1;0;0;1;0;0;1;270;227;716;3380;160;536;3472;0;2021
FR;10;2023-04-20;0;2;1;1;1;2;1;0;2;270;229;717;3381;161;538;3473;0;2023
FR;10;2023-04-21;0;1;5;7;0;4;9;0;3;270;230;722;3388;161;542;3482;0;2026
FR;10;2023-04-22;1;1;0;2;1;0;2;0;1;271;231;722;3390;162;542;3484;0;2027
FR;10;2023-04-23;0;0;0;0;0;0;0;0;0;271;231;722;3390;162;542;3484;0;2027
FR;10;2023-04-24;0;1;0;0;1;0;0;0;4;271;232;722;3390;163;542;3484;0;2031
FR;10;2023-04-25;0;0;1;0;0;1;0;0;2;271;232;723;3390;163;543;3484;0;2033
FR;10;2023-04-26;1;0;2;1;1;2;1;0;1;272;232;725;3391;164;545;3485;0;2034
FR;10;2023-04-27;0;0;1;1;0;1;1;0;1;272;232;726;3392;164;546;3486;0;2035
FR;10;2023-04-28;0;1;3;5;1;0;6;0;6;272;233;729;3397;165;546;3492;0;2041
FR;10;2023-04-29;0;0;0;1;0;0;0;0;1;272;233;729;3398;165;546;3492;0;2042
FR;10;2023-04-30;0;0;0;0;0;0;0;0;0;272;233;729;3398;165;546;3492;0;2042
FR;10;2023-05-01;0;0;0;0;0;0;0;0;0;272;233;729;3398;165;546;3492;0;2042
FR;10;2023-05-02;2;1;0;2;2;0;2;0;4;274;234;729;3400;167;546;3494;0;2046
FR;10;2023-05-03;0;1;1;2;1;1;1;0;17;274;235;730;3402;168;547;3495;0;2063
FR;10;2023-05-04;0;1;1;0;1;1;0;0;1;274;236;731;3402;169;548;3495;0;2064
FR;10;2023-05-05;0;1;2;6;0;2;6;0;9;274;237;733;3408;169;550;3501;0;2073
FR;10;2023-05-06;0;0;3;3;0;2;4;0;1;274;237;736;3411;169;552;3505;0;2074
FR;10;2023-05-07;0;0;0;0;0;0;0;0;0;274;237;736;3411;169;552;3505;0;2074
FR;10;2023-05-08;0;0;0;0;0;0;0;0;0;274;237;736;3411;169;552;3505;0;2074
FR;10;2023-05-09;0;1;1;0;0;1;1;0;1;274;238;737;3411;169;553;3506;0;2075
FR;10;2023-05-10;15;5;1;1;5;0;2;0;0;289;243;738;3412;174;553;3508;0;2075
FR;10;2023-05-11;0;0;0;2;0;0;2;0;4;289;243;738;3414;174;553;3510;0;2079
FR;10;2023-05-12;1;0;1;6;0;2;5;0;9;290;243;739;3420;174;555;3515;0;2088
FR;10;2023-05-13;0;0;1;0;0;0;1;0;0;290;243;740;3420;174;555;3516;0;2088
FR;10;2023-05-14;0;0;0;0;0;0;0;0;0;290;243;740;3420;174;555;3516;0;2088
FR;10;2023-05-15;0;1;0;0;0;1;0;0;1;290;244;740;3420;174;556;3516;0;2089
FR;11;2020-12-27;0;0;0;0;0;0;0;0;0;0;0;0;0;0;0;0;0;0
FR;11;2020-12-28;0;0;0;0;0;0;0;0;0;0;0;0;0;0;0;0;0;0
FR;11;2020-12-29;0;0;0;0;0;0;0;0;0;0;0;0;0;0;0;0;0;0
FR;11;2020-12-30;0;0;0;0;0;0;0;0;0;0;0;0;0;0;0;0;0;0
FR;11;2020-12-31;0;0;0;0;0;0;0;0;0;0;0;0;0;0;0;0;0;0
FR;11;2021-01-01;0;0;0;0;0;0;0;0;0;0;0;0;0;0;0;0;0;0
FR;11;2021-01-02;0;0;0;0;0;0;0;0;0;0;0;0;0;0;0;0;0;0
FR;11;2021-01-03;0;0;0;0;0;0;0;0;0;0;0;0;0;0;0;0;0;0
FR;11;2021-01-04;0;0;0;0;0;0;0;0;0;0;0;0;0;0;0;0;0;0
FR;11;2021-01-05;0;0;0;0;0;0;0;0;0;0;0;0;0;0;0;0;0;0
FR;11;2021-01-06;0;0;0;0;0;0;0;0;0;0;0;0;0;0;0;0;0;0
FR;11;2021-01-07;0;0;0;0;0;0;0;0;0;0;0;0;0;0;0;0;0;0
FR;11;2021-01-08;0;0;0;0;0;0;0;0;0;0;0;0;0;0;0;0;0;0
FR;11;2021-01-09;0;0;0;0;0;0;0;0;0;0;0;0;0;0;0;0;0;0
FR;11;2021-01-10;0;0;0;0;0;0;0;0;0;0;0;0;0;0;0;0;0;0
FR;11;2021-01-11;0;0;0;0;0;0;0;0;0;0;0;0;0;0;0;0;0;0
FR;11;2021-01-12;0;0;0;0;0;0;0;0;0;0;0;0;0;0;0;0;0;0
FR;11;2021-01-13;0;0;0;0;0;0;0;0;0;0;0;0;0;0;0;0;0;0
FR;11;2021-01-14;0;0;0;0;0;0;0;0;0;0;0;0;0;0;0;0;0;0
FR;11;2021-01-15;0;0;0;0;0;0;0;0;0;0;0;0;0;0;0;0;0;0
FR;11;2021-01-16;0;0;0;0;0;0;0;0;0;0;0;0;0;0;0;0;0;0
FR;11;2021-01-17;0;0;0;0;0;0;0;0;0;0;0;0;0;0;0;0;0;0
FR;11;2021-01-18;0;0;0;0;0;0;0;0;0;0;0;0;0;0;0;0;0;0
FR;11;2021-01-19;0;0;0;0;0;0;0;0;0;0;0;0;0;0;0;0;0;0
FR;11;2021-01-20;0;0;0;0;0;0;0;0;0;0;0;0;0;0;0;0;0;0
FR;11;2021-01-21;0;0;0;0;0;0;0;0;0;0;0;0;0;0;0;0;0;0
FR;11;2021-01-22;0;0;0;0;0;0;0;0;0;0;0;0;0;0;0;0;0;0
FR;11;2021-01-23;0;0;0;0;0;0;0;0;0;0;0;0;0;0;0;0;0;0
FR;11;2021-01-24;0;0;0;0;0;0;0;0;0;0;0;0;0;0;0;0;0;0
FR;11;2021-01-25;0;0;0;0;0;0;0;0;0;0;0;0;0;0;0;0;0;0
FR;11;2021-01-26;0;0;0;0;0;0;0;0;0;0;0;0;0;0;0;0;0;0
FR;11;2021-01-27;0;0;0;0;0;0;0;0;0;0;0;0;0;0;0;0;0;0
FR;11;2021-01-28;0;0;0;0;0;0;0;0;0;0;0;0;0;0;0;0;0;0
FR;11;2021-01-29;0;0;0;0;0;0;0;0;0;0;0;0;0;0;0;0;0;0
FR;11;2021-01-30;0;0;0;0;0;0;0;0;0;0;0;0;0;0;0;0;0;0
FR;11;2021-01-31;0;0;0;0;0;0;0;0;0;0;0;0;0;0;0;0;0;0
FR;11;2021-02-01;0;0;0;0;0;0;0;0;0;0;0;0;0;0;0;0;0;0
FR;11;2021-02-02;0;0;0;0;0;0;0;0;0;0;0;0;0;0;0;0;0;0
FR;11;2021-02-03;0;0;0;0;0;0;0;0;0;0;0;0;0;0;0;0;0;0
FR;11;2021-02-04;0;0;0;0;0;0;0;0;0;0;0;0;0;0;0;0;0;0
FR;11;2021-02-05;0;0;0;0;0;0;0;0;0;0;0;0;0;0;0;0;0;0
FR;11;2021-02-06;0;0;0;0;0;0;0;0;0;0;0;0;0;0;0;0;0;0
FR;11;2021-02-07;0;0;0;0;0;0;0;0;0;0;0;0;0;0;0;0;0;0
FR;11;2021-02-08;0;0;0;0;0;0;0;0;0;0;0;0;0;0;0;0;0;0
FR;11;2021-02-09;0;0;0;0;0;0;0;0;0;0;0;0;0;0;0;0;0;0
FR;11;2021-02-10;0;0;0;0;0;0;0;0;0;0;0;0;0;0;0;0;0;0
FR;11;2021-02-11;0;0;0;0;0;0;0;0;0;0;0;0;0;0;0;0;0;0
FR;11;2021-02-12;0;0;0;0;0;0;0;0;0;0;0;0;0;0;0;0;0;0
FR;11;2021-02-13;0;0;0;0;0;0;0;0;0;0;0;0;0;0;0;0;0;0
FR;11;2021-02-14;0;0;0;0;0;0;0;0;0;0;0;0;0;0;0;0;0;0
FR;11;2021-02-15;0;0;0;0;0;0;0;0;0;0;0;0;0;0;0;0;0;0
FR;11;2021-02-16;0;0;0;0;0;0;0;0;0;0;0;0;0;0;0;0;0;0
FR;11;2021-02-17;0;0;0;0;0;0;0;0;0;0;0;0;0;0;0;0;0;0
FR;11;2021-02-18;0;0;0;0;0;0;0;0;0;0;0;0;0;0;0;0;0;0
FR;11;2021-02-19;0;0;0;0;0;0;0;0;0;0;0;0;0;0;0;0;0;0
FR;11;2021-02-20;0;0;0;0;0;0;0;0;0;0;0;0;0;0;0;0;0;0
FR;11;2021-02-21;0;0;0;0;0;0;0;0;0;0;0;0;0;0;0;0;0;0
FR;11;2021-02-22;0;0;0;0;0;0;0;0;0;0;0;0;0;0;0;0;0;0
FR;11;2021-02-23;0;0;0;0;0;0;0;0;0;0;0;0;0;0;0;0;0;0
FR;11;2021-02-24;0;0;0;0;0;0;0;0;0;0;0;0;0;0;0;0;0;0
FR;11;2021-02-25;0;0;0;0;0;0;0;0;0;0;0;0;0;0;0;0;0;0
FR;11;2021-02-26;0;0;0;0;0;0;0;0;0;0;0;0;0;0;0;0;0;0
FR;11;2021-02-27;0;0;0;0;0;0;0;0;0;0;0;0;0;0;0;0;0;0
FR;11;2021-02-28;0;0;0;0;0;0;0;0;0;0;0;0;0;0;0;0;0;0
FR;11;2021-03-01;0;0;0;0;0;0;0;0;0;0;0;0;0;0;0;0;0;0
FR;11;2021-03-02;0;0;0;0;0;0;0;0;0;0;0;0;0;0;0;0;0;0
FR;11;2021-03-03;0;0;0;0;0;0;0;0;0;0;0;0;0;0;0;0;0;0
FR;11;2021-03-04;0;0;0;0;0;0;0;0;0;0;0;0;0;0;0;0;0;0
FR;11;2021-03-05;0;0;0;0;0;0;0;0;0;0;0;0;0;0;0;0;0;0
FR;11;2021-03-06;0;0;0;0;0;0;0;0;0;0;0;0;0;0;0;0;0;0
FR;11;2021-03-07;0;0;0;0;0;0;0;0;0;0;0;0;0;0;0;0;0;0
FR;11;2021-03-08;0;0;0;0;0;0;0;0;0;0;0;0;0;0;0;0;0;0
FR;11;2021-03-09;0;0;0;0;0;0;0;0;0;0;0;0;0;0;0;0;0;0
FR;11;2021-03-10;0;0;0;0;0;0;0;0;0;0;0;0;0;0;0;0;0;0
FR;11;2021-03-11;0;0;0;0;0;0;0;0;0;0;0;0;0;0;0;0;0;0
FR;11;2021-03-12;0;0;0;0;0;0;0;0;0;0;0;0;0;0;0;0;0;0
FR;11;2021-03-13;0;0;0;0;0;0;0;0;0;0;0;0;0;0;0;0;0;0
FR;11;2021-03-14;0;0;0;0;0;0;0;0;0;0;0;0;0;0;0;0;0;0
FR;11;2021-03-15;0;0;0;0;0;0;0;0;0;0;0;0;0;0;0;0;0;0
FR;11;2021-03-16;0;0;0;0;0;0;0;0;0;0;0;0;0;0;0;0;0;0
FR;11;2021-03-17;0;0;0;0;0;0;0;0;0;0;0;0;0;0;0;0;0;0
FR;11;2021-03-18;0;0;0;0;0;0;0;0;0;0;0;0;0;0;0;0;0;0
FR;11;2021-03-19;0;0;0;0;0;0;0;0;0;0;0;0;0;0;0;0;0;0
FR;11;2021-03-20;0;0;0;0;0;0;0;0;0;0;0;0;0;0;0;0;0;0
FR;11;2021-03-21;0;0;0;0;0;0;0;0;0;0;0;0;0;0;0;0;0;0
FR;11;2021-03-22;0;0;0;0;0;0;0;0;0;0;0;0;0;0;0;0;0;0
FR;11;2021-03-23;0;0;0;0;0;0;0;0;0;0;0;0;0;0;0;0;0;0
FR;11;2021-03-24;0;0;0;0;0;0;0;0;0;0;0;0;0;0;0;0;0;0
FR;11;2021-03-25;0;0;0;0;0;0;0;0;0;0;0;0;0;0;0;0;0;0
FR;11;2021-03-26;0;0;0;0;0;0;0;0;0;0;0;0;0;0;0;0;0;0
FR;11;2021-03-27;0;0;0;0;0;0;0;0;0;0;0;0;0;0;0;0;0;0
FR;11;2021-03-28;0;0;0;0;0;0;0;0;0;0;0;0;0;0;0;0;0;0
FR;11;2021-03-29;0;0;0;0;0;0;0;0;0;0;0;0;0;0;0;0;0;0
FR;11;2021-03-30;0;0;0;0;0;0;0;0;0;0;0;0;0;0;0;0;0;0
FR;11;2021-03-31;0;0;0;0;0;0;0;0;0;0;0;0;0;0;0;0;0;0
FR;11;2021-04-01;0;0;0;0;0;0;0;0;0;0;0;0;0;0;0;0;0;0
FR;11;2021-04-02;0;0;0;0;0;0;0;0;0;0;0;0;0;0;0;0;0;0
FR;11;2021-04-03;0;0;0;0;0;0;0;0;0;0;0;0;0;0;0;0;0;0
FR;11;2021-04-04;0;0;0;0;0;0;0;0;0;0;0;0;0;0;0;0;0;0
FR;11;2021-04-05;0;0;0;0;0;0;0;0;0;0;0;0;0;0;0;0;0;0
FR;11;2021-04-06;0;0;0;0;0;0;0;0;0;0;0;0;0;0;0;0;0;0
FR;11;2021-04-07;0;0;0;0;0;0;0;0;0;0;0;0;0;0;0;0;0;0
FR;11;2021-04-08;0;0;0;0;0;0;0;0;0;0;0;0;0;0;0;0;0;0
FR;11;2021-04-09;0;0;0;0;0;0;0;0;0;0;0;0;0;0;0;0;0;0
FR;11;2021-04-10;0;0;0;0;0;0;0;0;0;0;0;0;0;0;0;0;0;0
FR;11;2021-04-11;0;0;0;0;0;0;0;0;0;0;0;0;0;0;0;0;0;0
FR;11;2021-04-12;0;0;0;0;0;0;0;0;0;0;0;0;0;0;0;0;0;0
FR;11;2021-04-13;0;0;0;0;0;0;0;0;0;0;0;0;0;0;0;0;0;0
FR;11;2021-04-14;0;0;0;0;0;0;0;0;0;0;0;0;0;0;0;0;0;0
FR;11;2021-04-15;0;0;0;0;0;0;0;0;0;0;0;0;0;0;0;0;0;0
FR;11;2021-04-16;0;0;0;0;0;0;0;0;0;0;0;0;0;0;0;0;0;0
FR;11;2021-04-17;0;0;0;0;0;0;0;0;0;0;0;0;0;0;0;0;0;0
FR;11;2021-04-18;0;0;0;0;0;0;0;0;0;0;0;0;0;0;0;0;0;0
FR;11;2021-04-19;0;0;0;0;0;0;0;0;0;0;0;0;0;0;0;0;0;0
FR;11;2021-04-20;0;0;0;0;0;0;0;0;0;0;0;0;0;0;0;0;0;0
FR;11;2021-04-21;0;0;0;0;0;0;0;0;0;0;0;0;0;0;0;0;0;0
FR;11;2021-04-22;0;0;0;0;0;0;0;0;0;0;0;0;0;0;0;0;0;0
FR;11;2021-04-23;0;0;0;0;0;0;0;0;0;0;0;0;0;0;0;0;0;0
FR;11;2021-04-24;0;0;0;0;0;0;0;0;0;0;0;0;0;0;0;0;0;0
FR;11;2021-04-25;0;0;0;0;0;0;0;0;0;0;0;0;0;0;0;0;0;0
FR;11;2021-04-26;0;0;0;0;0;0;0;0;0;0;0;0;0;0;0;0;0;0
FR;11;2021-04-27;0;0;0;0;0;0;0;0;0;0;0;0;0;0;0;0;0;0
FR;11;2021-04-28;0;0;0;0;0;0;0;0;0;0;0;0;0;0;0;0;0;0
FR;11;2021-04-29;0;0;0;0;0;0;0;0;0;0;0;0;0;0;0;0;0;0
FR;11;2021-04-30;0;0;0;0;0;0;0;0;0;0;0;0;0;0;0;0;0;0
FR;11;2021-05-01;0;0;0;0;0;0;0;0;0;0;0;0;0;0;0;0;0;0
FR;11;2021-05-02;0;0;0;0;0;0;0;0;0;0;0;0;0;0;0;0;0;0
FR;11;2021-05-03;0;0;0;0;0;0;0;0;0;0;0;0;0;0;0;0;0;0
FR;11;2021-05-04;0;0;0;0;0;0;0;0;0;0;0;0;0;0;0;0;0;0
FR;11;2021-05-05;0;0;0;0;0;0;0;0;0;0;0;0;0;0;0;0;0;0
FR;11;2021-05-06;0;0;0;0;0;0;0;0;0;0;0;0;0;0;0;0;0;0
FR;11;2021-05-07;0;0;0;0;0;0;0;0;0;0;0;0;0;0;0;0;0;0
FR;11;2021-05-08;0;0;0;0;0;0;0;0;0;0;0;0;0;0;0;0;0;0
FR;11;2021-05-09;0;0;0;0;0;0;0;0;0;0;0;0;0;0;0;0;0;0
FR;11;2021-05-10;0;0;0;0;0;0;0;0;0;0;0;0;0;0;0;0;0;0
FR;11;2021-05-11;0;0;0;0;0;0;0;0;0;0;0;0;0;0;0;0;0;0
FR;11;2021-05-12;0;0;0;0;0;0;0;0;0;0;0;0;0;0;0;0;0;0
FR;11;2021-05-13;0;0;0;0;0;0;0;0;0;0;0;0;0;0;0;0;0;0
FR;11;2021-05-14;0;0;0;0;0;0;0;0;0;0;0;0;0;0;0;0;0;0
FR;11;2021-05-15;0;0;0;0;0;0;0;0;0;0;0;0;0;0;0;0;0;0
FR;11;2021-05-16;0;0;0;0;0;0;0;0;0;0;0;0;0;0;0;0;0;0
FR;11;2021-05-17;0;0;0;0;0;0;0;0;0;0;0;0;0;0;0;0;0;0
FR;11;2021-05-18;0;0;0;0;0;0;0;0;0;0;0;0;0;0;0;0;0;0
FR;11;2021-05-19;0;0;0;0;0;0;0;0;0;0;0;0;0;0;0;0;0;0
FR;11;2021-05-20;0;0;0;0;0;0;0;0;0;0;0;0;0;0;0;0;0;0
FR;11;2021-05-21;0;0;0;0;0;0;0;0;0;0;0;0;0;0;0;0;0;0
FR;11;2021-05-22;0;0;0;0;0;0;0;0;0;0;0;0;0;0;0;0;0;0
FR;11;2021-05-23;0;0;0;0;0;0;0;0;0;0;0;0;0;0;0;0;0;0
FR;11;2021-05-24;0;0;0;0;0;0;0;0;0;0;0;0;0;0;0;0;0;0
FR;11;2021-05-25;0;0;0;0;0;0;0;0;0;0;0;0;0;0;0;0;0;0
FR;11;2021-05-26;0;0;0;0;0;0;0;0;0;0;0;0;0;0;0;0;0;0
FR;11;2021-05-27;0;0;0;0;0;0;0;0;0;0;0;0;0;0;0;0;0;0
FR;11;2021-05-28;0;0;0;0;0;0;0;0;0;0;0;0;0;0;0;0;0;0
FR;11;2021-05-29;0;0;0;0;0;0;0;0;0;0;0;0;0;0;0;0;0;0
FR;11;2021-05-30;0;0;0;0;0;0;0;0;0;0;0;0;0;0;0;0;0;0
FR;11;2021-05-31;0;0;0;0;0;0;0;0;0;0;0;0;0;0;0;0;0;0
FR;11;2021-06-01;0;0;0;0;0;0;0;0;0;0;0;0;0;0;0;0;0;0
FR;11;2021-06-02;0;0;0;0;0;0;0;0;0;0;0;0;0;0;0;0;0;0
FR;11;2021-06-03;0;0;0;0;0;0;0;0;0;0;0;0;0;0;0;0;0;0
FR;11;2021-06-04;0;0;0;0;0;0;0;0;0;0;0;0;0;0;0;0;0;0
FR;11;2021-06-05;0;0;0;0;0;0;0;0;0;0;0;0;0;0;0;0;0;0
FR;11;2021-06-06;0;0;0;0;0;0;0;0;0;0;0;0;0;0;0;0;0;0
FR;11;2021-06-07;0;0;0;0;0;0;0;0;0;0;0;0;0;0;0;0;0;0
FR;11;2021-06-08;0;0;0;0;0;0;0;0;0;0;0;0;0;0;0;0;0;0
FR;11;2021-06-09;0;0;0;0;0;0;0;0;0;0;0;0;0;0;0;0;0;0
FR;11;2021-06-10;0;0;0;0;0;0;0;0;0;0;0;0;0;0;0;0;0;0
FR;11;2021-06-11;0;0;0;0;0;0;0;0;0;0;0;0;0;0;0;0;0;0
FR;11;2021-06-12;0;0;0;0;0;0;0;0;0;0;0;0;0;0;0;0;0;0
FR;11;2021-06-13;0;0;0;0;0;0;0;0;0;0;0;0;0;0;0;0;0;0
FR;11;2021-06-14;0;0;0;0;0;0;0;0;0;0;0;0;0;0;0;0;0;0
FR;11;2021-06-15;0;0;0;0;0;0;0;0;0;0;0;0;0;0;0;0;0;0
FR;11;2021-06-16;0;0;0;0;0;0;0;0;0;0;0;0;0;0;0;0;0;0
FR;11;2021-06-17;0;0;0;0;0;0;0;0;0;0;0;0;0;0;0;0;0;0
FR;11;2021-06-18;0;0;0;0;0;0;0;0;0;0;0;0;0;0;0;0;0;0
FR;11;2021-06-19;0;0;0;0;0;0;0;0;0;0;0;0;0;0;0;0;0;0
FR;11;2021-06-20;0;0;0;0;0;0;0;0;0;0;0;0;0;0;0;0;0;0
FR;11;2021-06-21;0;0;0;0;0;0;0;0;0;0;0;0;0;0;0;0;0;0
FR;11;2021-06-22;0;0;0;0;0;0;0;0;0;0;0;0;0;0;0;0;0;0
FR;11;2021-06-23;0;0;0;0;0;0;0;0;0;0;0;0;0;0;0;0;0;0
FR;11;2021-06-24;0;0;0;0;0;0;0;0;0;0;0;0;0;0;0;0;0;0
FR;11;2021-06-25;0;0;0;0;0;0;0;0;0;0;0;0;0;0;0;0;0;0
FR;11;2021-06-26;0;0;0;0;0;0;0;0;0;0;0;0;0;0;0;0;0;0
FR;11;2021-06-27;0;0;0;0;0;0;0;0;0;0;0;0;0;0;0;0;0;0
FR;11;2021-06-28;0;0;0;0;0;0;0;0;0;0;0;0;0;0;0;0;0;0
FR;11;2021-06-29;0;0;0;0;0;0;0;0;0;0;0;0;0;0;0;0;0;0
FR;11;2021-06-30;0;0;0;0;0;0;0;0;0;0;0;0;0;0;0;0;0;0
FR;11;2021-07-01;0;0;0;0;0;0;0;0;0;0;0;0;0;0;0;0;0;0
FR;11;2021-07-02;0;0;0;0;0;0;0;0;0;0;0;0;0;0;0;0;0;0
FR;11;2021-07-03;0;0;0;0;0;0;0;0;0;0;0;0;0;0;0;0;0;0
FR;11;2021-07-04;0;0;0;0;0;0;0;0;0;0;0;0;0;0;0;0;0;0
FR;11;2021-07-05;0;0;0;0;0;0;0;0;0;0;0;0;0;0;0;0;0;0
FR;11;2021-07-06;0;0;0;0;0;0;0;0;0;0;0;0;0;0;0;0;0;0
FR;11;2021-07-07;0;0;0;0;0;0;0;0;0;0;0;0;0;0;0;0;0;0
FR;11;2021-07-08;0;0;0;0;0;0;0;0;0;0;0;0;0;0;0;0;0;0
FR;11;2021-07-09;0;0;0;0;0;0;0;0;0;0;0;0;0;0;0;0;0;0
FR;11;2021-07-10;0;0;0;0;0;0;0;0;0;0;0;0;0;0;0;0;0;0
FR;11;2021-07-11;0;0;0;0;0;0;0;0;0;0;0;0;0;0;0;0;0;0
FR;11;2021-07-12;0;0;0;0;0;0;0;0;0;0;0;0;0;0;0;0;0;0
FR;11;2021-07-13;0;0;0;0;0;0;0;0;0;0;0;0;0;0;0;0;0;0
FR;11;2021-07-14;0;0;0;0;0;0;0;0;0;0;0;0;0;0;0;0;0;0
FR;11;2021-07-15;0;0;0;0;0;0;0;0;0;0;0;0;0;0;0;0;0;0
FR;11;2021-07-16;0;0;0;0;0;0;0;0;0;0;0;0;0;0;0;0;0;0
FR;11;2021-07-17;0;0;0;0;0;0;0;0;0;0;0;0;0;0;0;0;0;0
FR;11;2021-07-18;0;0;0;0;0;0;0;0;0;0;0;0;0;0;0;0;0;0
FR;11;2021-07-19;0;0;0;0;0;0;0;0;0;0;0;0;0;0;0;0;0;0
FR;11;2021-07-20;0;0;0;0;0;0;0;0;0;0;0;0;0;0;0;0;0;0
FR;11;2021-07-21;0;0;0;0;0;0;0;0;0;0;0;0;0;0;0;0;0;0
FR;11;2021-07-22;0;0;0;0;0;0;0;0;0;0;0;0;0;0;0;0;0;0
FR;11;2021-07-23;0;0;0;0;0;0;0;0;0;0;0;0;0;0;0;0;0;0
FR;11;2021-07-24;0;0;0;0;0;0;0;0;0;0;0;0;0;0;0;0;0;0
FR;11;2021-07-25;0;0;0;0;0;0;0;0;0;0;0;0;0;0;0;0;0;0
FR;11;2021-07-26;0;0;0;0;0;0;0;0;0;0;0;0;0;0;0;0;0;0
FR;11;2021-07-27;0;0;0;0;0;0;0;0;0;0;0;0;0;0;0;0;0;0
FR;11;2021-07-28;0;0;0;0;0;0;0;0;0;0;0;0;0;0;0;0;0;0
FR;11;2021-07-29;0;0;0;0;0;0;0;0;0;0;0;0;0;0;0;0;0;0
FR;11;2021-07-30;0;0;0;0;0;0;0;0;0;0;0;0;0;0;0;0;0;0
FR;11;2021-07-31;0;0;0;0;0;0;0;0;0;0;0;0;0;0;0;0;0;0
FR;11;2021-08-01;0;0;0;0;0;0;0;0;0;0;0;0;0;0;0;0;0;0
FR;11;2021-08-02;0;0;0;0;0;0;0;0;0;0;0;0;0;0;0;0;0;0
FR;11;2021-08-03;0;0;0;0;0;0;0;0;0;0;0;0;0;0;0;0;0;0
FR;11;2021-08-04;0;0;0;0;0;0;0;0;0;0;0;0;0;0;0;0;0;0
FR;11;2021-08-05;0;0;0;0;0;0;0;0;0;0;0;0;0;0;0;0;0;0
FR;11;2021-08-06;0;0;0;0;0;0;0;0;0;0;0;0;0;0;0;0;0;0
FR;11;2021-08-07;0;0;0;0;0;0;0;0;0;0;0;0;0;0;0;0;0;0
FR;11;2021-08-08;0;0;0;0;0;0;0;0;0;0;0;0;0;0;0;0;0;0
FR;11;2021-08-09;0;0;0;0;0;0;0;0;0;0;0;0;0;0;0;0;0;0
FR;11;2021-08-10;0;0;0;0;0;0;0;0;0;0;0;0;0;0;0;0;0;0
FR;11;2021-08-11;0;0;0;0;0;0;0;0;0;0;0;0;0;0;0;0;0;0
FR;11;2021-08-12;0;0;0;0;0;0;0;0;0;0;0;0;0;0;0;0;0;0
FR;11;2021-08-13;0;0;0;0;0;0;0;0;0;0;0;0;0;0;0;0;0;0
FR;11;2021-08-14;0;0;0;0;0;0;0;0;0;0;0;0;0;0;0;0;0;0
FR;11;2021-08-15;0;0;0;0;0;0;0;0;0;0;0;0;0;0;0;0;0;0
FR;11;2021-08-16;0;0;0;0;0;0;0;0;0;0;0;0;0;0;0;0;0;0
FR;11;2021-08-17;0;0;0;0;0;0;0;0;0;0;0;0;0;0;0;0;0;0
FR;11;2021-08-18;0;0;0;0;0;0;0;0;0;0;0;0;0;0;0;0;0;0
FR;11;2021-08-19;0;0;0;0;0;0;0;0;0;0;0;0;0;0;0;0;0;0
FR;11;2021-08-20;0;0;0;0;0;0;0;0;0;0;0;0;0;0;0;0;0;0
FR;11;2021-08-21;0;0;0;0;0;0;0;0;0;0;0;0;0;0;0;0;0;0
FR;11;2021-08-22;0;0;0;0;0;0;0;0;0;0;0;0;0;0;0;0;0;0
FR;11;2021-08-23;0;0;0;0;0;0;0;0;0;0;0;0;0;0;0;0;0;0
FR;11;2021-08-24;0;0;0;0;0;0;0;0;0;0;0;0;0;0;0;0;0;0
FR;11;2021-08-25;0;0;0;0;0;0;0;0;0;0;0;0;0;0;0;0;0;0
FR;11;2021-08-26;0;0;0;0;0;0;0;0;0;0;0;0;0;0;0;0;0;0
FR;11;2021-08-27;0;0;0;0;0;0;0;0;0;0;0;0;0;0;0;0;0;0
FR;11;2021-08-28;0;0;0;0;0;0;0;0;0;0;0;0;0;0;0;0;0;0
FR;11;2021-08-29;0;0;0;0;0;0;0;0;0;0;0;0;0;0;0;0;0;0
FR;11;2021-08-30;0;0;0;0;0;0;0;0;0;0;0;0;0;0;0;0;0;0
FR;11;2021-08-31;0;0;0;0;0;0;0;0;0;0;0;0;0;0;0;0;0;0
FR;11;2021-09-01;0;0;0;0;0;0;0;0;0;0;0;0;0;0;0;0;0;0
FR;11;2021-09-02;0;0;0;0;0;0;0;0;0;0;0;0;0;0;0;0;0;0
FR;11;2021-09-03;0;0;0;0;0;0;0;0;0;0;0;0;0;0;0;0;0;0
FR;11;2021-09-04;0;0;0;0;0;0;0;0;0;0;0;0;0;0;0;0;0;0
FR;11;2021-09-05;0;0;0;0;0;0;0;0;0;0;0;0;0;0;0;0;0;0
FR;11;2021-09-06;0;0;0;0;0;0;0;0;0;0;0;0;0;0;0;0;0;0
FR;11;2021-09-07;0;0;0;0;0;0;0;0;0;0;0;0;0;0;0;0;0;0
FR;11;2021-09-08;0;0;0;0;0;0;0;0;0;0;0;0;0;0;0;0;0;0
FR;11;2021-09-09;0;0;0;0;0;0;0;0;0;0;0;0;0;0;0;0;0;0
FR;11;2021-09-10;0;0;0;0;0;0;0;0;0;0;0;0;0;0;0;0;0;0
FR;11;2021-09-11;0;0;0;0;0;0;0;0;0;0;0;0;0;0;0;0;0;0
FR;11;2021-09-12;0;0;0;0;0;0;0;0;0;0;0;0;0;0;0;0;0;0
FR;11;2021-09-13;0;0;0;0;0;0;0;0;0;0;0;0;0;0;0;0;0;0
FR;11;2021-09-14;0;0;0;0;0;0;0;0;0;0;0;0;0;0;0;0;0;0
FR;11;2021-09-15;0;0;0;0;0;0;0;0;0;0;0;0;0;0;0;0;0;0
FR;11;2021-09-16;0;0;0;0;0;0;0;0;0;0;0;0;0;0;0;0;0;0
FR;11;2021-09-17;0;0;0;0;0;0;0;0;0;0;0;0;0;0;0;0;0;0
FR;11;2021-09-18;0;0;0;0;0;0;0;0;0;0;0;0;0;0;0;0;0;0
FR;11;2021-09-19;0;0;0;0;0;0;0;0;0;0;0;0;0;0;0;0;0;0
FR;11;2021-09-20;0;0;0;0;0;0;0;0;0;0;0;0;0;0;0;0;0;0
FR;11;2021-09-21;0;0;0;0;0;0;0;0;0;0;0;0;0;0;0;0;0;0
FR;11;2021-09-22;0;0;0;0;0;0;0;0;0;0;0;0;0;0;0;0;0;0
FR;11;2021-09-23;0;0;0;0;0;0;0;0;0;0;0;0;0;0;0;0;0;0
FR;11;2021-09-24;0;0;0;0;0;0;0;0;0;0;0;0;0;0;0;0;0;0
FR;11;2021-09-25;0;0;0;0;0;0;0;0;0;0;0;0;0;0;0;0;0;0
FR;11;2021-09-26;0;0;0;0;0;0;0;0;0;0;0;0;0;0;0;0;0;0
FR;11;2021-09-27;0;0;0;0;0;0;0;0;0;0;0;0;0;0;0;0;0;0
FR;11;2021-09-28;0;0;0;0;0;0;0;0;0;0;0;0;0;0;0;0;0;0
FR;11;2021-09-29;0;0;0;0;0;0;0;0;0;0;0;0;0;0;0;0;0;0
FR;11;2021-09-30;0;0;0;0;0;0;0;0;0;0;0;0;0;0;0;0;0;0
FR;11;2021-10-01;0;0;0;0;0;0;0;0;0;0;0;0;0;0;0;0;0;0
FR;11;2021-10-02;0;0;0;0;0;0;0;0;0;0;0;0;0;0;0;0;0;0
FR;11;2021-10-03;0;0;0;0;0;0;0;0;0;0;0;0;0;0;0;0;0;0
FR;11;2021-10-04;0;0;0;0;0;0;0;0;0;0;0;0;0;0;0;0;0;0
FR;11;2021-10-05;0;0;0;0;0;0;0;0;0;0;0;0;0;0;0;0;0;0
FR;11;2021-10-06;0;0;0;0;0;0;0;0;0;0;0;0;0;0;0;0;0;0
FR;11;2021-10-07;0;0;0;0;0;0;0;0;0;0;0;0;0;0;0;0;0;0
FR;11;2021-10-08;0;0;0;0;0;0;0;0;0;0;0;0;0;0;0;0;0;0
FR;11;2021-10-09;0;0;0;0;0;0;0;0;0;0;0;0;0;0;0;0;0;0
FR;11;2021-10-10;0;0;0;0;0;0;0;0;0;0;0;0;0;0;0;0;0;0
FR;11;2021-10-11;0;0;0;0;0;0;0;0;0;0;0;0;0;0;0;0;0;0
FR;11;2021-10-12;0;0;0;0;0;0;0;0;0;0;0;0;0;0;0;0;0;0
FR;11;2021-10-13;0;0;0;0;0;0;0;0;0;0;0;0;0;0;0;0;0;0
FR;11;2021-10-14;0;0;0;0;0;0;0;0;0;0;0;0;0;0;0;0;0;0
FR;11;2021-10-15;0;0;0;0;0;0;0;0;0;0;0;0;0;0;0;0;0;0
FR;11;2021-10-16;0;0;0;0;0;0;0;0;0;0;0;0;0;0;0;0;0;0
FR;11;2021-10-17;0;0;0;0;0;0;0;0;0;0;0;0;0;0;0;0;0;0
FR;11;2021-10-18;0;0;0;0;0;0;0;0;0;0;0;0;0;0;0;0;0;0
FR;11;2021-10-19;0;0;0;0;0;0;0;0;0;0;0;0;0;0;0;0;0;0
FR;11;2021-10-20;0;0;0;0;0;0;0;0;0;0;0;0;0;0;0;0;0;0
FR;11;2021-10-21;0;0;0;0;0;0;0;0;0;0;0;0;0;0;0;0;0;0
FR;11;2021-10-22;0;0;0;0;0;0;0;0;0;0;0;0;0;0;0;0;0;0
FR;11;2021-10-23;0;0;0;0;0;0;0;0;0;0;0;0;0;0;0;0;0;0
FR;11;2021-10-24;0;0;0;0;0;0;0;0;0;0;0;0;0;0;0;0;0;0
FR;11;2021-10-25;0;0;0;0;0;0;0;0;0;0;0;0;0;0;0;0;0;0
FR;11;2021-10-26;0;0;0;0;0;0;0;0;0;0;0;0;0;0;0;0;0;0
FR;11;2021-10-27;0;0;0;0;0;0;0;0;0;0;0;0;0;0;0;0;0;0
FR;11;2021-10-28;0;0;0;0;0;0;0;0;0;0;0;0;0;0;0;0;0;0
FR;11;2021-10-29;0;0;0;0;0;0;0;0;0;0;0;0;0;0;0;0;0;0
FR;11;2021-10-30;0;0;0;0;0;0;0;0;0;0;0;0;0;0;0;0;0;0
FR;11;2021-10-31;0;0;0;0;0;0;0;0;0;0;0;0;0;0;0;0;0;0
FR;11;2021-11-01;0;0;0;0;0;0;0;0;0;0;0;0;0;0;0;0;0;0
FR;11;2021-11-02;0;0;0;0;0;0;0;0;0;0;0;0;0;0;0;0;0;0
FR;11;2021-11-03;0;0;0;0;0;0;0;0;0;0;0;0;0;0;0;0;0;0
FR;11;2021-11-04;0;0;0;0;0;0;0;0;0;0;0;0;0;0;0;0;0;0
FR;11;2021-11-05;0;0;0;0;0;0;0;0;0;0;0;0;0;0;0;0;0;0
FR;11;2021-11-06;0;0;0;0;0;0;0;0;0;0;0;0;0;0;0;0;0;0
FR;11;2021-11-07;0;0;0;0;0;0;0;0;0;0;0;0;0;0;0;0;0;0
FR;11;2021-11-08;0;0;0;0;0;0;0;0;0;0;0;0;0;0;0;0;0;0
FR;11;2021-11-09;0;0;0;0;0;0;0;0;0;0;0;0;0;0;0;0;0;0
FR;11;2021-11-10;0;0;0;0;0;0;0;0;0;0;0;0;0;0;0;0;0;0
FR;11;2021-11-11;0;0;0;0;0;0;0;0;0;0;0;0;0;0;0;0;0;0
FR;11;2021-11-12;0;0;0;0;0;0;0;0;0;0;0;0;0;0;0;0;0;0
FR;11;2021-11-13;0;0;0;0;0;0;0;0;0;0;0;0;0;0;0;0;0;0
FR;11;2021-11-14;0;0;0;0;0;0;0;0;0;0;0;0;0;0;0;0;0;0
FR;11;2021-11-15;0;0;0;0;0;0;0;0;0;0;0;0;0;0;0;0;0;0
FR;11;2021-11-16;0;0;0;0;0;0;0;0;0;0;0;0;0;0;0;0;0;0
FR;11;2021-11-17;0;0;0;0;0;0;0;0;0;0;0;0;0;0;0;0;0;0
FR;11;2021-11-18;0;0;0;0;0;0;0;0;0;0;0;0;0;0;0;0;0;0
FR;11;2021-11-19;0;0;0;0;0;0;0;0;0;0;0;0;0;0;0;0;0;0
FR;11;2021-11-20;0;0;0;0;0;0;0;0;0;0;0;0;0;0;0;0;0;0
FR;11;2021-11-21;0;0;0;0;0;0;0;0;0;0;0;0;0;0;0;0;0;0
FR;11;2021-11-22;0;0;0;0;0;0;0;0;0;0;0;0;0;0;0;0;0;0
FR;11;2021-11-23;0;0;0;0;0;0;0;0;0;0;0;0;0;0;0;0;0;0
FR;11;2021-11-24;0;0;0;0;0;0;0;0;0;0;0;0;0;0;0;0;0;0
FR;11;2021-11-25;0;0;0;0;0;0;0;0;0;0;0;0;0;0;0;0;0;0
FR;11;2021-11-26;0;0;0;0;0;0;0;0;0;0;0;0;0;0;0;0;0;0
FR;11;2021-11-27;0;0;0;0;0;0;0;0;0;0;0;0;0;0;0;0;0;0
FR;11;2021-11-28;0;0;0;0;0;0;0;0;0;0;0;0;0;0;0;0;0;0
FR;11;2021-11-29;0;0;0;0;0;0;0;0;0;0;0;0;0;0;0;0;0;0
FR;11;2021-11-30;0;0;0;0;0;0;0;0;0;0;0;0;0;0;0;0;0;0
FR;11;2021-12-01;0;0;0;0;0;0;0;0;0;0;0;0;0;0;0;0;0;0
FR;11;2021-12-02;0;0;0;0;0;0;0;0;0;0;0;0;0;0;0;0;0;0
FR;11;2021-12-03;0;0;0;0;0;0;0;0;0;0;0;0;0;0;0;0;0;0
FR;11;2021-12-04;0;0;0;0;0;0;0;0;0;0;0;0;0;0;0;0;0;0
FR;11;2021-12-05;0;0;0;0;0;0;0;0;0;0;0;0;0;0;0;0;0;0
FR;11;2021-12-06;0;0;0;0;0;0;0;0;0;0;0;0;0;0;0;0;0;0
FR;11;2021-12-07;0;0;0;0;0;0;0;0;0;0;0;0;0;0;0;0;0;0
FR;11;2021-12-08;0;0;0;0;0;0;0;0;0;0;0;0;0;0;0;0;0;0
FR;11;2021-12-09;0;0;0;0;0;0;0;0;0;0;0;0;0;0;0;0;0;0
FR;11;2021-12-10;0;0;0;0;0;0;0;0;0;0;0;0;0;0;0;0;0;0
FR;11;2021-12-11;0;0;0;0;0;0;0;0;0;0;0;0;0;0;0;0;0;0
FR;11;2021-12-12;0;0;0;0;0;0;0;0;0;0;0;0;0;0;0;0;0;0
FR;11;2021-12-13;0;0;0;0;0;0;0;0;0;0;0;0;0;0;0;0;0;0
FR;11;2021-12-14;0;0;0;0;0;0;0;0;0;0;0;0;0;0;0;0;0;0
FR;11;2021-12-15;0;0;0;0;0;0;0;0;0;0;0;0;0;0;0;0;0;0
FR;11;2021-12-16;0;0;0;0;0;0;0;0;0;0;0;0;0;0;0;0;0;0
FR;11;2021-12-17;0;0;0;0;0;0;0;0;0;0;0;0;0;0;0;0;0;0
FR;11;2021-12-18;0;0;0;0;0;0;0;0;0;0;0;0;0;0;0;0;0;0
FR;11;2021-12-19;0;0;0;0;0;0;0;0;0;0;0;0;0;0;0;0;0;0
FR;11;2021-12-20;0;0;0;0;0;0;0;0;0;0;0;0;0;0;0;0;0;0
FR;11;2021-12-21;0;0;0;0;0;0;0;0;0;0;0;0;0;0;0;0;0;0
FR;11;2021-12-22;0;0;0;0;0;0;0;0;0;0;0;0;0;0;0;0;0;0
FR;11;2021-12-23;0;0;0;0;0;0;0;0;0;0;0;0;0;0;0;0;0;0
FR;11;2021-12-24;0;0;0;0;0;0;0;0;0;0;0;0;0;0;0;0;0;0
FR;11;2021-12-25;0;0;0;0;0;0;0;0;0;0;0;0;0;0;0;0;0;0
FR;11;2021-12-26;0;0;0;0;0;0;0;0;0;0;0;0;0;0;0;0;0;0
FR;11;2021-12-27;0;0;0;0;0;0;0;0;0;0;0;0;0;0;0;0;0;0
FR;11;2021-12-28;0;0;0;0;0;0;0;0;0;0;0;0;0;0;0;0;0;0
FR;11;2021-12-29;0;0;0;0;0;0;0;0;0;0;0;0;0;0;0;0;0;0
FR;11;2021-12-30;0;0;0;0;0;0;0;0;0;0;0;0;0;0;0;0;0;0
FR;11;2021-12-31;0;0;0;0;0;0;0;0;0;0;0;0;0;0;0;0;0;0
FR;11;2022-01-01;0;0;0;0;0;0;0;0;0;0;0;0;0;0;0;0;0;0
FR;11;2022-01-02;0;0;0;0;0;0;0;0;0;0;0;0;0;0;0;0;0;0
FR;11;2022-01-03;0;0;0;0;0;0;0;0;0;0;0;0;0;0;0;0;0;0
FR;11;2022-01-04;0;0;0;0;0;0;0;0;0;0;0;0;0;0;0;0;0;0
FR;11;2022-01-05;0;0;0;0;0;0;0;0;0;0;0;0;0;0;0;0;0;0
FR;11;2022-01-06;0;0;0;0;0;0;0;0;0;0;0;0;0;0;0;0;0;0
FR;11;2022-01-07;0;0;0;0;0;0;0;0;0;0;0;0;0;0;0;0;0;0
FR;11;2022-01-08;0;0;0;0;0;0;0;0;0;0;0;0;0;0;0;0;0;0
FR;11;2022-01-09;0;0;0;0;0;0;0;0;0;0;0;0;0;0;0;0;0;0
FR;11;2022-01-10;0;0;0;0;0;0;0;0;0;0;0;0;0;0;0;0;0;0
FR;11;2022-01-11;0;0;0;0;0;0;0;0;0;0;0;0;0;0;0;0;0;0
FR;11;2022-01-12;0;0;0;0;0;0;0;0;0;0;0;0;0;0;0;0;0;0
FR;11;2022-01-13;0;0;0;0;0;0;0;0;0;0;0;0;0;0;0;0;0;0
FR;11;2022-01-14;0;0;0;0;0;0;0;0;0;0;0;0;0;0;0;0;0;0
FR;11;2022-01-15;0;0;0;0;0;0;0;0;0;0;0;0;0;0;0;0;0;0
FR;11;2022-01-16;0;0;0;0;0;0;0;0;0;0;0;0;0;0;0;0;0;0
FR;11;2022-01-17;0;0;0;0;0;0;0;0;0;0;0;0;0;0;0;0;0;0
FR;11;2022-01-18;0;0;0;0;0;0;0;0;0;0;0;0;0;0;0;0;0;0
FR;11;2022-01-19;0;0;0;0;0;0;0;0;0;0;0;0;0;0;0;0;0;0
FR;11;2022-01-20;0;0;0;0;0;0;0;0;0;0;0;0;0;0;0;0;0;0
FR;11;2022-01-21;0;0;0;0;0;0;0;0;0;0;0;0;0;0;0;0;0;0
FR;11;2022-01-22;0;0;0;0;0;0;0;0;0;0;0;0;0;0;0;0;0;0
FR;11;2022-01-23;0;0;0;0;0;0;0;0;0;0;0;0;0;0;0;0;0;0
FR;11;2022-01-24;0;0;0;0;0;0;0;0;0;0;0;0;0;0;0;0;0;0
FR;11;2022-01-25;0;0;0;0;0;0;0;0;0;0;0;0;0;0;0;0;0;0
FR;11;2022-01-26;0;0;0;0;0;0;0;0;0;0;0;0;0;0;0;0;0;0
FR;11;2022-01-27;0;0;0;0;0;0;0;0;0;0;0;0;0;0;0;0;0;0
FR;11;2022-01-28;0;0;0;0;0;0;0;0;0;0;0;0;0;0;0;0;0;0
FR;11;2022-01-29;0;0;0;0;0;0;0;0;0;0;0;0;0;0;0;0;0;0
FR;11;2022-01-30;0;0;0;0;0;0;0;0;0;0;0;0;0;0;0;0;0;0
FR;11;2022-01-31;0;0;0;0;0;0;0;0;0;0;0;0;0;0;0;0;0;0
FR;11;2022-02-01;0;0;0;0;0;0;0;0;0;0;0;0;0;0;0;0;0;0
FR;11;2022-02-02;0;0;0;0;0;0;0;0;0;0;0;0;0;0;0;0;0;0
FR;11;2022-02-03;0;0;0;0;0;0;0;0;0;0;0;0;0;0;0;0;0;0
FR;11;2022-02-04;0;0;0;0;0;0;0;0;0;0;0;0;0;0;0;0;0;0
FR;11;2022-02-05;0;0;0;0;0;0;0;0;0;0;0;0;0;0;0;0;0;0
FR;11;2022-02-06;0;0;0;0;0;0;0;0;0;0;0;0;0;0;0;0;0;0
FR;11;2022-02-07;0;0;0;0;0;0;0;0;0;0;0;0;0;0;0;0;0;0
FR;11;2022-02-08;0;0;0;0;0;0;0;0;0;0;0;0;0;0;0;0;0;0
FR;11;2022-02-09;0;0;0;0;0;0;0;0;0;0;0;0;0;0;0;0;0;0
FR;11;2022-02-10;0;0;0;0;0;0;0;0;0;0;0;0;0;0;0;0;0;0
FR;11;2022-02-11;0;0;0;0;0;0;0;0;0;0;0;0;0;0;0;0;0;0
FR;11;2022-02-12;0;0;0;0;0;0;0;0;0;0;0;0;0;0;0;0;0;0
FR;11;2022-02-13;0;0;0;0;0;0;0;0;0;0;0;0;0;0;0;0;0;0
FR;11;2022-02-14;0;0;0;0;0;0;0;0;0;0;0;0;0;0;0;0;0;0
FR;11;2022-02-15;0;0;0;0;0;0;0;0;0;0;0;0;0;0;0;0;0;0
FR;11;2022-02-16;0;0;0;0;0;0;0;0;0;0;0;0;0;0;0;0;0;0
FR;11;2022-02-17;0;0;0;0;0;0;0;0;0;0;0;0;0;0;0;0;0;0
FR;11;2022-02-18;0;0;0;0;0;0;0;0;0;0;0;0;0;0;0;0;0;0
FR;11;2022-02-19;0;0;0;0;0;0;0;0;0;0;0;0;0;0;0;0;0;0
FR;11;2022-02-20;0;0;0;0;0;0;0;0;0;0;0;0;0;0;0;0;0;0
FR;11;2022-02-21;0;0;0;0;0;0;0;0;0;0;0;0;0;0;0;0;0;0
FR;11;2022-02-22;0;0;0;0;0;0;0;0;0;0;0;0;0;0;0;0;0;0
FR;11;2022-02-23;0;0;0;0;0;0;0;0;0;0;0;0;0;0;0;0;0;0
FR;11;2022-02-24;0;0;0;0;0;0;0;0;0;0;0;0;0;0;0;0;0;0
FR;11;2022-02-25;0;0;0;0;0;0;0;0;0;0;0;0;0;0;0;0;0;0
FR;11;2022-02-26;0;0;0;0;0;0;0;0;0;0;0;0;0;0;0;0;0;0
FR;11;2022-02-27;0;0;0;0;0;0;0;0;0;0;0;0;0;0;0;0;0;0
FR;11;2022-02-28;0;0;0;0;0;0;0;0;0;0;0;0;0;0;0;0;0;0
FR;11;2022-03-01;0;0;0;0;0;0;0;0;0;0;0;0;0;0;0;0;0;0
FR;11;2022-03-02;0;0;0;0;0;0;0;0;0;0;0;0;0;0;0;0;0;0
FR;11;2022-03-03;0;0;0;0;0;0;0;0;0;0;0;0;0;0;0;0;0;0
FR;11;2022-03-04;0;0;0;0;0;0;0;0;0;0;0;0;0;0;0;0;0;0
FR;11;2022-03-05;0;0;0;0;0;0;0;0;0;0;0;0;0;0;0;0;0;0
FR;11;2022-03-06;0;0;0;0;0;0;0;0;0;0;0;0;0;0;0;0;0;0
FR;11;2022-03-07;0;0;0;0;0;0;0;0;0;0;0;0;0;0;0;0;0;0
FR;11;2022-03-08;0;0;0;0;0;0;0;0;0;0;0;0;0;0;0;0;0;0
FR;11;2022-03-09;0;0;0;0;0;0;0;0;0;0;0;0;0;0;0;0;0;0
FR;11;2022-03-10;0;0;0;0;0;0;0;0;0;0;0;0;0;0;0;0;0;0
FR;11;2022-03-11;0;0;0;0;0;0;0;0;0;0;0;0;0;0;0;0;0;0
FR;11;2022-03-12;0;0;0;0;0;0;0;0;0;0;0;0;0;0;0;0;0;0
FR;11;2022-03-13;0;0;0;0;0;0;0;0;0;0;0;0;0;0;0;0;0;0
FR;11;2022-03-14;0;0;0;0;0;0;0;0;0;0;0;0;0;0;0;0;0;0
FR;11;2022-03-15;0;0;0;0;0;0;0;0;0;0;0;0;0;0;0;0;0;0
FR;11;2022-03-16;0;0;0;0;0;0;0;0;0;0;0;0;0;0;0;0;0;0
FR;11;2022-03-17;0;0;0;0;0;0;0;0;0;0;0;0;0;0;0;0;0;0
FR;11;2022-03-18;0;0;0;0;0;0;0;0;0;0;0;0;0;0;0;0;0;0
FR;11;2022-03-19;0;0;0;0;0;0;0;0;0;0;0;0;0;0;0;0;0;0
FR;11;2022-03-20;0;0;0;0;0;0;0;0;0;0;0;0;0;0;0;0;0;0
FR;11;2022-03-21;0;0;0;0;0;0;0;0;0;0;0;0;0;0;0;0;0;0
FR;11;2022-03-22;0;0;0;0;0;0;0;0;0;0;0;0;0;0;0;0;0;0
FR;11;2022-03-23;0;0;0;0;0;0;0;0;0;0;0;0;0;0;0;0;0;0
FR;11;2022-03-24;0;0;0;0;0;0;0;0;0;0;0;0;0;0;0;0;0;0
FR;11;2022-03-25;0;0;0;0;0;0;0;0;0;0;0;0;0;0;0;0;0;0
FR;11;2022-03-26;0;0;0;0;0;0;0;0;0;0;0;0;0;0;0;0;0;0
FR;11;2022-03-27;0;0;0;0;0;0;0;0;0;0;0;0;0;0;0;0;0;0
FR;11;2022-03-28;0;0;0;0;0;0;0;0;0;0;0;0;0;0;0;0;0;0
FR;11;2022-03-29;0;0;0;0;0;0;0;0;0;0;0;0;0;0;0;0;0;0
FR;11;2022-03-30;0;0;0;0;0;0;0;0;0;0;0;0;0;0;0;0;0;0
FR;11;2022-03-31;0;0;0;0;0;0;0;0;0;0;0;0;0;0;0;0;0;0
FR;11;2022-04-01;0;0;0;0;0;0;0;0;0;0;0;0;0;0;0;0;0;0
FR;11;2022-04-02;0;0;0;0;0;0;0;0;0;0;0;0;0;0;0;0;0;0
FR;11;2022-04-03;0;0;0;0;0;0;0;0;0;0;0;0;0;0;0;0;0;0
FR;11;2022-04-04;0;0;0;0;0;0;0;0;0;0;0;0;0;0;0;0;0;0
FR;11;2022-04-05;0;0;0;0;0;0;0;0;0;0;0;0;0;0;0;0;0;0
FR;11;2022-04-06;0;0;0;0;0;0;0;0;0;0;0;0;0;0;0;0;0;0
FR;11;2022-04-07;0;0;0;0;0;0;0;0;0;0;0;0;0;0;0;0;0;0
FR;11;2022-04-08;0;0;0;0;0;0;0;0;0;0;0;0;0;0;0;0;0;0
FR;11;2022-04-09;0;0;0;0;0;0;0;0;0;0;0;0;0;0;0;0;0;0
FR;11;2022-04-10;0;0;0;0;0;0;0;0;0;0;0;0;0;0;0;0;0;0
FR;11;2022-04-11;0;0;0;0;0;0;0;0;0;0;0;0;0;0;0;0;0;0
FR;11;2022-04-12;0;0;0;0;0;0;0;0;0;0;0;0;0;0;0;0;0;0
FR;11;2022-04-13;0;0;0;0;0;0;0;0;0;0;0;0;0;0;0;0;0;0
FR;11;2022-04-14;0;0;0;0;0;0;0;0;0;0;0;0;0;0;0;0;0;0
FR;11;2022-04-15;0;0;0;0;0;0;0;0;0;0;0;0;0;0;0;0;0;0
FR;11;2022-04-16;0;0;0;0;0;0;0;0;0;0;0;0;0;0;0;0;0;0
FR;11;2022-04-17;0;0;0;0;0;0;0;0;0;0;0;0;0;0;0;0;0;0
FR;11;2022-04-18;0;0;0;0;0;0;0;0;0;0;0;0;0;0;0;0;0;0
FR;11;2022-04-19;0;0;0;0;0;0;0;0;0;0;0;0;0;0;0;0;0;0
FR;11;2022-04-20;0;0;0;0;0;0;0;0;0;0;0;0;0;0;0;0;0;0
FR;11;2022-04-21;0;0;0;0;0;0;0;0;0;0;0;0;0;0;0;0;0;0
FR;11;2022-04-22;0;0;0;0;0;0;0;0;0;0;0;0;0;0;0;0;0;0
FR;11;2022-04-23;0;0;0;0;0;0;0;0;0;0;0;0;0;0;0;0;0;0
FR;11;2022-04-24;0;0;0;0;0;0;0;0;0;0;0;0;0;0;0;0;0;0
FR;11;2022-04-25;0;0;0;0;0;0;0;0;0;0;0;0;0;0;0;0;0;0
FR;11;2022-04-26;0;0;0;0;0;0;0;0;0;0;0;0;0;0;0;0;0;0
FR;11;2022-04-27;0;0;0;0;0;0;0;0;0;0;0;0;0;0;0;0;0;0
FR;11;2022-04-28;0;0;0;0;0;0;0;0;0;0;0;0;0;0;0;0;0;0
FR;11;2022-04-29;0;0;0;0;0;0;0;0;0;0;0;0;0;0;0;0;0;0
FR;11;2022-04-30;0;0;0;0;0;0;0;0;0;0;0;0;0;0;0;0;0;0
FR;11;2022-05-01;0;0;0;0;0;0;0;0;0;0;0;0;0;0;0;0;0;0
FR;11;2022-05-02;0;0;0;0;0;0;0;0;0;0;0;0;0;0;0;0;0;0
FR;11;2022-05-03;0;0;0;0;0;0;0;0;0;0;0;0;0;0;0;0;0;0
FR;11;2022-05-04;0;0;0;0;0;0;0;0;0;0;0;0;0;0;0;0;0;0
FR;11;2022-05-05;0;0;0;0;0;0;0;0;0;0;0;0;0;0;0;0;0;0
FR;11;2022-05-06;0;0;0;0;0;0;0;0;0;0;0;0;0;0;0;0;0;0
FR;11;2022-05-07;0;0;0;0;0;0;0;0;0;0;0;0;0;0;0;0;0;0
FR;11;2022-05-08;0;0;0;0;0;0;0;0;0;0;0;0;0;0;0;0;0;0
FR;11;2022-05-09;0;0;0;0;0;0;0;0;0;0;0;0;0;0;0;0;0;0
FR;11;2022-05-10;0;0;0;0;0;0;0;0;0;0;0;0;0;0;0;0;0;0
FR;11;2022-05-11;0;0;0;0;0;0;0;0;0;0;0;0;0;0;0;0;0;0
FR;11;2022-05-12;0;0;0;0;0;0;0;0;0;0;0;0;0;0;0;0;0;0
FR;11;2022-05-13;0;0;0;0;0;0;0;0;0;0;0;0;0;0;0;0;0;0
FR;11;2022-05-14;0;0;0;0;0;0;0;0;0;0;0;0;0;0;0;0;0;0
FR;11;2022-05-15;0;0;0;0;0;0;0;0;0;0;0;0;0;0;0;0;0;0
FR;11;2022-05-16;0;0;0;0;0;0;0;0;0;0;0;0;0;0;0;0;0;0
FR;11;2022-05-17;0;0;0;0;0;0;0;0;0;0;0;0;0;0;0;0;0;0
FR;11;2022-05-18;0;0;0;0;0;0;0;0;0;0;0;0;0;0;0;0;0;0
FR;11;2022-05-19;0;0;0;0;0;0;0;0;0;0;0;0;0;0;0;0;0;0
FR;11;2022-05-20;0;0;0;0;0;0;0;0;0;0;0;0;0;0;0;0;0;0
FR;11;2022-05-21;0;0;0;0;0;0;0;0;0;0;0;0;0;0;0;0;0;0
FR;11;2022-05-22;0;0;0;0;0;0;0;0;0;0;0;0;0;0;0;0;0;0
FR;11;2022-05-23;0;0;0;0;0;0;0;0;0;0;0;0;0;0;0;0;0;0
FR;11;2022-05-24;0;0;0;0;0;0;0;0;0;0;0;0;0;0;0;0;0;0
FR;11;2022-05-25;0;0;0;0;0;0;0;0;0;0;0;0;0;0;0;0;0;0
FR;11;2022-05-26;0;0;0;0;0;0;0;0;0;0;0;0;0;0;0;0;0;0
FR;11;2022-05-27;0;0;0;0;0;0;0;0;0;0;0;0;0;0;0;0;0;0
FR;11;2022-05-28;0;0;0;0;0;0;0;0;0;0;0;0;0;0;0;0;0;0
FR;11;2022-05-29;0;0;0;0;0;0;0;0;0;0;0;0;0;0;0;0;0;0
FR;11;2022-05-30;0;0;0;0;0;0;0;0;0;0;0;0;0;0;0;0;0;0
FR;11;2022-05-31;0;0;0;0;0;0;0;0;0;0;0;0;0;0;0;0;0;0
FR;11;2022-06-01;0;0;0;0;0;0;0;0;0;0;0;0;0;0;0;0;0;0
FR;11;2022-06-02;0;0;0;0;0;0;0;0;0;0;0;0;0;0;0;0;0;0
FR;11;2022-06-03;0;0;0;0;0;0;0;0;0;0;0;0;0;0;0;0;0;0
FR;11;2022-06-04;0;0;0;0;0;0;0;0;0;0;0;0;0;0;0;0;0;0
FR;11;2022-06-05;0;0;0;0;0;0;0;0;0;0;0;0;0;0;0;0;0;0
FR;11;2022-06-06;0;0;0;0;0;0;0;0;0;0;0;0;0;0;0;0;0;0
FR;11;2022-06-07;0;0;0;0;0;0;0;0;0;0;0;0;0;0;0;0;0;0
FR;11;2022-06-08;0;0;0;0;0;0;0;0;0;0;0;0;0;0;0;0;0;0
FR;11;2022-06-09;0;0;0;0;0;0;0;0;0;0;0;0;0;0;0;0;0;0
FR;11;2022-06-10;0;0;0;0;0;0;0;0;0;0;0;0;0;0;0;0;0;0
FR;11;2022-06-11;0;0;0;0;0;0;0;0;0;0;0;0;0;0;0;0;0;0
FR;11;2022-06-12;0;0;0;0;0;0;0;0;0;0;0;0;0;0;0;0;0;0
FR;11;2022-06-13;0;0;0;0;0;0;0;0;0;0;0;0;0;0;0;0;0;0
FR;11;2022-06-14;0;0;0;0;0;0;0;0;0;0;0;0;0;0;0;0;0;0
FR;11;2022-06-15;0;0;0;0;0;0;0;0;0;0;0;0;0;0;0;0;0;0
FR;11;2022-06-16;0;0;0;0;0;0;0;0;0;0;0;0;0;0;0;0;0;0
FR;11;2022-06-17;0;0;0;0;0;0;0;0;0;0;0;0;0;0;0;0;0;0
FR;11;2022-06-18;0;0;0;0;0;0;0;0;0;0;0;0;0;0;0;0;0;0
FR;11;2022-06-19;0;0;0;0;0;0;0;0;0;0;0;0;0;0;0;0;0;0
FR;11;2022-06-20;0;0;0;0;0;0;0;0;0;0;0;0;0;0;0;0;0;0
FR;11;2022-06-21;0;0;0;0;0;0;0;0;0;0;0;0;0;0;0;0;0;0
FR;11;2022-06-22;0;0;0;0;0;0;0;0;0;0;0;0;0;0;0;0;0;0
FR;11;2022-06-23;0;0;0;0;0;0;0;0;0;0;0;0;0;0;0;0;0;0
FR;11;2022-06-24;0;0;0;0;0;0;0;0;0;0;0;0;0;0;0;0;0;0
FR;11;2022-06-25;0;0;0;0;0;0;0;0;0;0;0;0;0;0;0;0;0;0
FR;11;2022-06-26;0;0;0;0;0;0;0;0;0;0;0;0;0;0;0;0;0;0
FR;11;2022-06-27;0;0;0;0;0;0;0;0;0;0;0;0;0;0;0;0;0;0
FR;11;2022-06-28;0;0;0;0;0;0;0;0;0;0;0;0;0;0;0;0;0;0
FR;11;2022-06-29;0;0;0;0;0;0;0;0;0;0;0;0;0;0;0;0;0;0
FR;11;2022-06-30;0;0;0;0;0;0;0;0;0;0;0;0;0;0;0;0;0;0
FR;11;2022-07-01;0;0;0;0;0;0;0;0;0;0;0;0;0;0;0;0;0;0
FR;11;2022-07-02;0;0;0;0;0;0;0;0;0;0;0;0;0;0;0;0;0;0
FR;11;2022-07-03;0;0;0;0;0;0;0;0;0;0;0;0;0;0;0;0;0;0
FR;11;2022-07-04;0;0;0;0;0;0;0;0;0;0;0;0;0;0;0;0;0;0
FR;11;2022-07-05;0;0;0;0;0;0;0;0;0;0;0;0;0;0;0;0;0;0
FR;11;2022-07-06;0;0;0;0;0;0;0;0;0;0;0;0;0;0;0;0;0;0
FR;11;2022-07-07;0;0;0;0;0;0;0;0;0;0;0;0;0;0;0;0;0;0
FR;11;2022-07-08;0;0;0;0;0;0;0;0;0;0;0;0;0;0;0;0;0;0
FR;11;2022-07-09;0;0;0;0;0;0;0;0;0;0;0;0;0;0;0;0;0;0
FR;11;2022-07-10;0;0;0;0;0;0;0;0;0;0;0;0;0;0;0;0;0;0
FR;11;2022-07-11;0;0;0;0;0;0;0;0;0;0;0;0;0;0;0;0;0;0
FR;11;2022-07-12;0;0;0;0;0;0;0;0;0;0;0;0;0;0;0;0;0;0
FR;11;2022-07-13;0;0;0;0;0;0;0;0;0;0;0;0;0;0;0;0;0;0
FR;11;2022-07-14;0;0;0;0;0;0;0;0;0;0;0;0;0;0;0;0;0;0
FR;11;2022-07-15;0;0;0;0;0;0;0;0;0;0;0;0;0;0;0;0;0;0
FR;11;2022-07-16;0;0;0;0;0;0;0;0;0;0;0;0;0;0;0;0;0;0
FR;11;2022-07-17;0;0;0;0;0;0;0;0;0;0;0;0;0;0;0;0;0;0
FR;11;2022-07-18;0;0;0;0;0;0;0;0;0;0;0;0;0;0;0;0;0;0
FR;11;2022-07-19;0;0;0;0;0;0;0;0;0;0;0;0;0;0;0;0;0;0
FR;11;2022-07-20;0;0;0;0;0;0;0;0;0;0;0;0;0;0;0;0;0;0
FR;11;2022-07-21;0;0;0;0;0;0;0;0;0;0;0;0;0;0;0;0;0;0
FR;11;2022-07-22;0;0;0;0;0;0;0;0;0;0;0;0;0;0;0;0;0;0
FR;11;2022-07-23;0;0;0;0;0;0;0;0;0;0;0;0;0;0;0;0;0;0
FR;11;2022-07-24;0;0;0;0;0;0;0;0;0;0;0;0;0;0;0;0;0;0
FR;11;2022-07-25;0;0;0;0;0;0;0;0;0;0;0;0;0;0;0;0;0;0
FR;11;2022-07-26;0;0;0;0;0;0;0;0;0;0;0;0;0;0;0;0;0;0
FR;11;2022-07-27;0;0;0;0;0;0;0;0;0;0;0;0;0;0;0;0;0;0
FR;11;2022-07-28;0;0;0;0;0;0;0;0;0;0;0;0;0;0;0;0;0;0
FR;11;2022-07-29;0;0;0;0;0;0;0;0;0;0;0;0;0;0;0;0;0;0
FR;11;2022-07-30;0;0;0;0;0;0;0;0;0;0;0;0;0;0;0;0;0;0
FR;11;2022-07-31;0;0;0;0;0;0;0;0;0;0;0;0;0;0;0;0;0;0
FR;11;2022-08-01;0;0;0;0;0;0;0;0;0;0;0;0;0;0;0;0;0;0
FR;11;2022-08-02;0;0;0;0;0;0;0;0;0;0;0;0;0;0;0;0;0;0
FR;11;2022-08-03;0;0;0;0;0;0;0;0;0;0;0;0;0;0;0;0;0;0
FR;11;2022-08-04;0;0;0;0;0;0;0;0;0;0;0;0;0;0;0;0;0;0
FR;11;2022-08-05;0;0;0;0;0;0;0;0;0;0;0;0;0;0;0;0;0;0
FR;11;2022-08-06;0;0;0;0;0;0;0;0;0;0;0;0;0;0;0;0;0;0
FR;11;2022-08-07;0;0;0;0;0;0;0;0;0;0;0;0;0;0;0;0;0;0
FR;11;2022-08-08;0;0;0;0;0;0;0;0;0;0;0;0;0;0;0;0;0;0
FR;11;2022-08-09;0;0;0;0;0;0;0;0;0;0;0;0;0;0;0;0;0;0
FR;11;2022-08-10;0;0;0;0;0;0;0;0;0;0;0;0;0;0;0;0;0;0
FR;11;2022-08-11;0;0;0;0;0;0;0;0;0;0;0;0;0;0;0;0;0;0
FR;11;2022-08-12;0;0;0;0;0;0;0;0;0;0;0;0;0;0;0;0;0;0
FR;11;2022-08-13;0;0;0;0;0;0;0;0;0;0;0;0;0;0;0;0;0;0
FR;11;2022-08-14;0;0;0;0;0;0;0;0;0;0;0;0;0;0;0;0;0;0
FR;11;2022-08-15;0;0;0;0;0;0;0;0;0;0;0;0;0;0;0;0;0;0
FR;11;2022-08-16;0;0;0;0;0;0;0;0;0;0;0;0;0;0;0;0;0;0
FR;11;2022-08-17;0;0;0;0;0;0;0;0;0;0;0;0;0;0;0;0;0;0
FR;11;2022-08-18;0;0;0;0;0;0;0;0;0;0;0;0;0;0;0;0;0;0
FR;11;2022-08-19;0;0;0;0;0;0;0;0;0;0;0;0;0;0;0;0;0;0
FR;11;2022-08-20;0;0;0;0;0;0;0;0;0;0;0;0;0;0;0;0;0;0
FR;11;2022-08-21;0;0;0;0;0;0;0;0;0;0;0;0;0;0;0;0;0;0
FR;11;2022-08-22;0;0;0;0;0;0;0;0;0;0;0;0;0;0;0;0;0;0
FR;11;2022-08-23;0;0;0;0;0;0;0;0;0;0;0;0;0;0;0;0;0;0
FR;11;2022-08-24;0;0;0;0;0;0;0;0;0;0;0;0;0;0;0;0;0;0
FR;11;2022-08-25;0;0;0;0;0;0;0;0;0;0;0;0;0;0;0;0;0;0
FR;11;2022-08-26;0;0;0;0;0;0;0;0;0;0;0;0;0;0;0;0;0;0
FR;11;2022-08-27;0;0;0;0;0;0;0;0;0;0;0;0;0;0;0;0;0;0
FR;11;2022-08-28;0;0;0;0;0;0;0;0;0;0;0;0;0;0;0;0;0;0
FR;11;2022-08-29;0;0;0;0;0;0;0;0;0;0;0;0;0;0;0;0;0;0
FR;11;2022-08-30;0;0;0;0;0;0;0;0;0;0;0;0;0;0;0;0;0;0
FR;11;2022-08-31;0;0;0;0;0;0;0;0;0;0;0;0;0;0;0;0;0;0
FR;11;2022-09-01;0;0;0;0;0;0;0;0;0;0;0;0;0;0;0;0;0;0
FR;11;2022-09-02;0;0;0;0;0;0;0;0;0;0;0;0;0;0;0;0;0;0
FR;11;2022-09-03;0;0;0;0;0;0;0;0;0;0;0;0;0;0;0;0;0;0
FR;11;2022-09-04;0;0;0;0;0;0;0;0;0;0;0;0;0;0;0;0;0;0
FR;11;2022-09-05;0;0;0;0;0;0;0;0;0;0;0;0;0;0;0;0;0;0
FR;11;2022-09-06;0;0;0;0;0;0;0;0;0;0;0;0;0;0;0;0;0;0
FR;11;2022-09-07;0;0;0;0;0;0;0;0;0;0;0;0;0;0;0;0;0;0
FR;11;2022-09-08;0;0;0;0;0;0;0;0;0;0;0;0;0;0;0;0;0;0
FR;11;2022-09-09;0;0;0;0;0;0;0;0;0;0;0;0;0;0;0;0;0;0
FR;11;2022-09-10;0;0;0;0;0;0;0;0;0;0;0;0;0;0;0;0;0;0
FR;11;2022-09-11;0;0;0;0;0;0;0;0;0;0;0;0;0;0;0;0;0;0
FR;11;2022-09-12;0;0;0;0;0;0;0;0;0;0;0;0;0;0;0;0;0;0
FR;11;2022-09-13;0;0;0;0;0;0;0;0;0;0;0;0;0;0;0;0;0;0
FR;11;2022-09-14;0;0;0;0;0;0;0;0;0;0;0;0;0;0;0;0;0;0
FR;11;2022-09-15;0;0;0;0;0;0;0;0;0;0;0;0;0;0;0;0;0;0
FR;11;2022-09-16;0;0;0;0;0;0;0;0;0;0;0;0;0;0;0;0;0;0
FR;11;2022-09-17;0;0;0;0;0;0;0;0;0;0;0;0;0;0;0;0;0;0
FR;11;2022-09-18;0;0;0;0;0;0;0;0;0;0;0;0;0;0;0;0;0;0
FR;11;2022-09-19;0;0;0;0;0;0;0;0;0;0;0;0;0;0;0;0;0;0
FR;11;2022-09-20;0;0;0;0;0;0;0;0;0;0;0;0;0;0;0;0;0;0
FR;11;2022-09-21;0;0;0;0;0;0;0;0;0;0;0;0;0;0;0;0;0;0
FR;11;2022-09-22;0;0;0;0;0;0;0;0;0;0;0;0;0;0;0;0;0;0
FR;11;2022-09-23;0;0;0;0;0;0;0;0;0;0;0;0;0;0;0;0;0;0
FR;11;2022-09-24;0;0;0;0;0;0;0;0;0;0;0;0;0;0;0;0;0;0
FR;11;2022-09-25;0;0;0;0;0;0;0;0;0;0;0;0;0;0;0;0;0;0
FR;11;2022-09-26;0;0;0;0;0;0;0;0;0;0;0;0;0;0;0;0;0;0
FR;11;2022-09-27;0;0;0;0;0;0;0;0;0;0;0;0;0;0;0;0;0;0
FR;11;2022-09-28;0;0;0;0;0;0;0;0;0;0;0;0;0;0;0;0;0;0
FR;11;2022-09-29;0;0;0;0;0;0;0;0;0;0;0;0;0;0;0;0;0;0
FR;11;2022-09-30;0;0;0;0;0;0;0;0;0;0;0;0;0;0;0;0;0;0
FR;11;2022-10-01;0;0;0;0;0;0;0;0;0;0;0;0;0;0;0;0;0;0
FR;11;2022-10-02;0;0;0;0;0;0;0;0;0;0;0;0;0;0;0;0;0;0
FR;11;2022-10-03;0;0;0;0;0;0;0;0;0;0;0;0;0;0;0;0;0;0
FR;11;2022-10-04;0;0;0;0;0;0;0;0;0;0;0;0;0;0;0;0;0;0
FR;11;2022-10-05;0;0;0;0;0;0;0;0;0;0;0;0;0;0;0;0;0;0
FR;11;2022-10-06;0;0;0;0;0;0;0;0;0;0;0;0;0;0;0;0;0;0
FR;11;2022-10-07;0;0;0;0;0;0;0;0;0;0;0;0;0;0;0;0;0;0
FR;11;2022-10-08;0;0;0;0;0;0;0;0;0;0;0;0;0;0;0;0;0;0
FR;11;2022-10-09;0;0;0;0;0;0;0;0;0;0;0;0;0;0;0;0;0;0
FR;11;2022-10-10;0;0;0;0;0;0;0;0;0;0;0;0;0;0;0;0;0;0
FR;11;2022-10-11;0;0;0;0;0;0;0;0;0;0;0;0;0;0;0;0;0;0
FR;11;2022-10-12;0;0;0;0;0;0;0;0;0;0;0;0;0;0;0;0;0;0
FR;11;2022-10-13;0;0;0;0;0;0;0;0;0;0;0;0;0;0;0;0;0;0
FR;11;2022-10-14;0;0;0;0;0;0;0;0;0;0;0;0;0;0;0;0;0;0
FR;11;2022-10-15;0;0;0;0;0;0;0;0;0;0;0;0;0;0;0;0;0;0
FR;11;2022-10-16;0;0;0;0;0;0;0;0;0;0;0;0;0;0;0;0;0;0
FR;11;2022-10-17;0;0;0;0;0;0;0;0;0;0;0;0;0;0;0;0;0;0
FR;11;2022-10-18;0;0;0;0;0;0;0;0;0;0;0;0;0;0;0;0;0;0
FR;11;2022-10-19;0;0;0;0;0;0;0;0;0;0;0;0;0;0;0;0;0;0
FR;11;2022-10-20;0;0;0;0;0;0;0;0;0;0;0;0;0;0;0;0;0;0
FR;11;2022-10-21;0;0;0;0;0;0;0;0;0;0;0;0;0;0;0;0;0;0
FR;11;2022-10-22;0;0;0;0;0;0;0;0;0;0;0;0;0;0;0;0;0;0
FR;11;2022-10-23;0;0;0;0;0;0;0;0;0;0;0;0;0;0;0;0;0;0
FR;11;2022-10-24;0;0;0;0;0;0;0;0;0;0;0;0;0;0;0;0;0;0
FR;11;2022-10-25;0;0;0;0;0;0;0;0;0;0;0;0;0;0;0;0;0;0
FR;11;2022-10-26;0;0;0;0;0;0;0;0;0;0;0;0;0;0;0;0;0;0
FR;11;2022-10-27;0;0;0;0;0;0;0;0;0;0;0;0;0;0;0;0;0;0
FR;11;2022-10-28;0;0;0;0;0;0;0;0;0;0;0;0;0;0;0;0;0;0
FR;11;2022-10-29;0;0;0;0;0;0;0;0;0;0;0;0;0;0;0;0;0;0
FR;11;2022-10-30;0;0;0;0;0;0;0;0;0;0;0;0;0;0;0;0;0;0
FR;11;2022-10-31;0;0;0;0;0;0;0;0;0;0;0;0;0;0;0;0;0;0
FR;11;2022-11-01;0;0;0;0;0;0;0;0;0;0;0;0;0;0;0;0;0;0
FR;11;2022-11-02;0;0;0;0;0;0;0;0;0;0;0;0;0;0;0;0;0;0
FR;11;2022-11-03;0;0;0;0;0;0;0;0;0;0;0;0;0;0;0;0;0;0
FR;11;2022-11-04;0;0;0;0;0;0;0;0;0;0;0;0;0;0;0;0;0;0
FR;11;2022-11-05;0;0;0;0;0;0;0;0;0;0;0;0;0;0;0;0;0;0
FR;11;2022-11-06;0;0;0;0;0;0;0;0;0;0;0;0;0;0;0;0;0;0
FR;11;2022-11-07;0;0;0;0;0;0;0;0;0;0;0;0;0;0;0;0;0;0
FR;11;2022-11-08;0;0;0;0;0;0;0;0;0;0;0;0;0;0;0;0;0;0
FR;11;2022-11-09;0;0;0;0;0;0;0;0;0;0;0;0;0;0;0;0;0;0
FR;11;2022-11-10;0;0;0;0;0;0;0;0;0;0;0;0;0;0;0;0;0;0
FR;11;2022-11-11;0;0;0;0;0;0;0;0;0;0;0;0;0;0;0;0;0;0
FR;11;2022-11-12;0;0;0;0;0;0;0;0;0;0;0;0;0;0;0;0;0;0
FR;11;2022-11-13;0;0;0;0;0;0;0;0;0;0;0;0;0;0;0;0;0;0
FR;11;2022-11-14;0;0;0;0;0;0;0;0;0;0;0;0;0;0;0;0;0;0
FR;11;2022-11-15;0;0;0;0;0;0;0;0;0;0;0;0;0;0;0;0;0;0
FR;11;2022-11-16;0;0;0;0;0;0;0;0;0;0;0;0;0;0;0;0;0;0
FR;11;2022-11-17;0;0;0;0;0;0;0;0;0;0;0;0;0;0;0;0;0;0
FR;11;2022-11-18;0;0;0;0;0;0;0;0;0;0;0;0;0;0;0;0;0;0
FR;11;2022-11-19;0;0;0;0;0;0;0;0;0;0;0;0;0;0;0;0;0;0
FR;11;2022-11-20;0;0;0;0;0;0;0;0;0;0;0;0;0;0;0;0;0;0
FR;11;2022-11-21;0;0;0;0;0;0;0;0;0;0;0;0;0;0;0;0;0;0
FR;11;2022-11-22;0;0;0;0;0;0;0;0;0;0;0;0;0;0;0;0;0;0
FR;11;2022-11-23;0;0;0;0;0;0;0;0;0;0;0;0;0;0;0;0;0;0
FR;11;2022-11-24;0;0;0;0;0;0;0;0;0;0;0;0;0;0;0;0;0;0
FR;11;2022-11-25;0;0;0;0;0;0;0;0;0;0;0;0;0;0;0;0;0;0
FR;11;2022-11-26;0;0;0;0;0;0;0;0;0;0;0;0;0;0;0;0;0;0
FR;11;2022-11-27;0;0;0;0;0;0;0;0;0;0;0;0;0;0;0;0;0;0
FR;11;2022-11-28;0;0;0;0;0;0;0;0;0;0;0;0;0;0;0;0;0;0
FR;11;2022-11-29;0;0;0;0;0;0;0;0;0;0;0;0;0;0;0;0;0;0
FR;11;2022-11-30;0;0;0;0;0;0;0;0;0;0;0;0;0;0;0;0;0;0
FR;11;2022-12-01;0;0;0;0;0;0;0;0;0;0;0;0;0;0;0;0;0;0
FR;11;2022-12-02;0;0;0;0;0;0;0;0;0;0;0;0;0;0;0;0;0;0
FR;11;2022-12-03;0;0;0;0;0;0;0;0;0;0;0;0;0;0;0;0;0;0
FR;11;2022-12-04;0;0;0;0;0;0;0;0;0;0;0;0;0;0;0;0;0;0
FR;11;2022-12-05;0;0;0;0;0;0;0;0;0;0;0;0;0;0;0;0;0;0
FR;11;2022-12-06;0;0;0;0;0;0;0;0;0;0;0;0;0;0;0;0;0;0
FR;11;2022-12-07;0;0;0;0;0;0;0;0;0;0;0;0;0;0;0;0;0;0
FR;11;2022-12-08;0;0;0;0;0;0;0;0;0;0;0;0;0;0;0;0;0;0
FR;11;2022-12-09;0;0;0;0;0;0;0;0;0;0;0;0;0;0;0;0;0;0
FR;11;2022-12-10;0;0;0;0;0;0;0;0;0;0;0;0;0;0;0;0;0;0
FR;11;2022-12-11;0;0;0;0;0;0;0;0;0;0;0;0;0;0;0;0;0;0
FR;11;2022-12-12;0;0;0;0;0;0;0;0;0;0;0;0;0;0;0;0;0;0
FR;11;2022-12-13;0;0;0;0;0;0;0;0;0;0;0;0;0;0;0;0;0;0
FR;11;2022-12-14;0;0;0;0;0;0;0;0;0;0;0;0;0;0;0;0;0;0
FR;11;2022-12-15;0;0;0;0;0;0;0;0;0;0;0;0;0;0;0;0;0;0
FR;11;2022-12-16;0;0;0;0;0;0;0;0;0;0;0;0;0;0;0;0;0;0
FR;11;2022-12-17;0;0;0;0;0;0;0;0;0;0;0;0;0;0;0;0;0;0
FR;11;2022-12-18;0;0;0;0;0;0;0;0;0;0;0;0;0;0;0;0;0;0
FR;11;2022-12-19;0;0;0;0;0;0;0;0;0;0;0;0;0;0;0;0;0;0
FR;11;2022-12-20;0;0;0;0;0;0;0;0;0;0;0;0;0;0;0;0;0;0
FR;11;2022-12-21;0;0;0;0;0;0;0;0;0;0;0;0;0;0;0;0;0;0
FR;11;2022-12-22;0;0;0;0;0;0;0;0;0;0;0;0;0;0;0;0;0;0
FR;11;2022-12-23;0;0;0;0;0;0;0;0;0;0;0;0;0;0;0;0;0;0
FR;11;2022-12-24;0;0;0;0;0;0;0;0;0;0;0;0;0;0;0;0;0;0
FR;11;2022-12-25;0;0;0;0;0;0;0;0;0;0;0;0;0;0;0;0;0;0
FR;11;2022-12-26;0;0;0;0;0;0;0;0;0;0;0;0;0;0;0;0;0;0
FR;11;2022-12-27;0;0;0;0;0;0;0;0;0;0;0;0;0;0;0;0;0;0
FR;11;2022-12-28;0;0;0;0;0;0;0;0;0;0;0;0;0;0;0;0;0;0
FR;11;2022-12-29;0;0;0;0;0;0;0;0;0;0;0;0;0;0;0;0;0;0
FR;11;2022-12-30;0;0;0;0;0;0;0;0;0;0;0;0;0;0;0;0;0;0
FR;11;2022-12-31;0;0;0;0;0;0;0;0;0;0;0;0;0;0;0;0;0;0
FR;11;2023-01-01;0;0;0;0;0;0;0;0;0;0;0;0;0;0;0;0;0;0
FR;11;2023-01-02;0;0;0;0;0;0;0;0;0;0;0;0;0;0;0;0;0;0
FR;11;2023-01-03;0;0;0;0;0;0;0;0;0;0;0;0;0;0;0;0;0;0
FR;11;2023-01-04;0;0;0;0;0;0;0;0;0;0;0;0;0;0;0;0;0;0
FR;11;2023-01-05;0;0;0;0;0;0;0;0;0;0;0;0;0;0;0;0;0;0
FR;11;2023-01-06;0;0;0;0;0;0;0;0;0;0;0;0;0;0;0;0;0;0
FR;11;2023-01-07;0;0;0;0;0;0;0;0;0;0;0;0;0;0;0;0;0;0
FR;11;2023-01-08;0;0;0;0;0;0;0;0;0;0;0;0;0;0;0;0;0;0
FR;11;2023-01-09;0;0;0;0;0;0;0;0;0;0;0;0;0;0;0;0;0;0
FR;11;2023-01-10;0;0;0;0;0;0;0;0;0;0;0;0;0;0;0;0;0;0
FR;11;2023-01-11;0;0;0;0;0;0;0;0;0;0;0;0;0;0;0;0;0;0
FR;11;2023-01-12;0;0;0;0;0;0;0;0;0;0;0;0;0;0;0;0;0;0
FR;11;2023-01-13;0;0;0;0;0;0;0;0;0;0;0;0;0;0;0;0;0;0
FR;11;2023-01-14;0;0;0;0;0;0;0;0;0;0;0;0;0;0;0;0;0;0
FR;11;2023-01-15;0;0;0;0;0;0;0;0;0;0;0;0;0;0;0;0;0;0
FR;11;2023-01-16;0;0;0;0;0;0;0;0;0;0;0;0;0;0;0;0;0;0
FR;11;2023-01-17;0;0;0;0;0;0;0;0;0;0;0;0;0;0;0;0;0;0
FR;11;2023-01-18;0;0;0;0;0;0;0;0;0;0;0;0;0;0;0;0;0;0
FR;11;2023-01-19;0;0;0;0;0;0;0;0;0;0;0;0;0;0;0;0;0;0
FR;11;2023-01-20;0;0;0;0;0;0;0;0;0;0;0;0;0;0;0;0;0;0
FR;11;2023-01-21;0;0;0;0;0;0;0;0;0;0;0;0;0;0;0;0;0;0
FR;11;2023-01-22;0;0;0;0;0;0;0;0;0;0;0;0;0;0;0;0;0;0
FR;11;2023-01-23;0;0;0;0;0;0;0;0;0;0;0;0;0;0;0;0;0;0
FR;11;2023-01-24;0;0;0;0;0;0;0;0;0;0;0;0;0;0;0;0;0;0
FR;11;2023-01-25;0;0;0;0;0;0;0;0;0;0;0;0;0;0;0;0;0;0
FR;11;2023-01-26;0;0;0;0;0;0;0;0;0;0;0;0;0;0;0;0;0;0
FR;11;2023-01-27;0;0;0;0;0;0;0;0;0;0;0;0;0;0;0;0;0;0
FR;11;2023-01-28;0;0;0;0;0;0;0;0;0;0;0;0;0;0;0;0;0;0
FR;11;2023-01-29;0;0;0;0;0;0;0;0;0;0;0;0;0;0;0;0;0;0
FR;11;2023-01-30;0;0;0;0;0;0;0;0;0;0;0;0;0;0;0;0;0;0
FR;11;2023-01-31;0;0;0;0;0;0;0;0;0;0;0;0;0;0;0;0;0;0
FR;11;2023-02-01;0;0;0;0;0;0;0;0;0;0;0;0;0;0;0;0;0;0
FR;11;2023-02-02;0;0;0;0;0;0;0;0;0;0;0;0;0;0;0;0;0;0
FR;11;2023-02-03;0;0;0;0;0;0;0;0;0;0;0;0;0;0;0;0;0;0
FR;11;2023-02-04;0;0;0;0;0;0;0;0;0;0;0;0;0;0;0;0;0;0
FR;11;2023-02-05;0;0;0;0;0;0;0;0;0;0;0;0;0;0;0;0;0;0
FR;11;2023-02-06;1;0;0;0;0;0;0;0;0;1;0;0;0;0;0;0;0;0
FR;11;2023-02-07;0;0;0;0;0;0;0;0;0;1;0;0;0;0;0;0;0;0
FR;11;2023-02-08;2;0;0;0;0;0;0;0;0;3;0;0;0;0;0;0;0;0
FR;11;2023-02-09;2;0;0;0;0;0;0;0;0;5;0;0;0;0;0;0;0;0
FR;11;2023-02-10;0;0;0;0;0;0;0;0;0;5;0;0;0;0;0;0;0;0
FR;11;2023-02-11;0;0;0;0;0;0;0;0;0;5;0;0;0;0;0;0;0;0
FR;11;2023-02-12;0;0;0;0;0;0;0;0;0;5;0;0;0;0;0;0;0;0
FR;11;2023-02-13;2;0;0;0;0;0;0;0;0;7;0;0;0;0;0;0;0;0
FR;11;2023-02-14;0;0;0;0;0;0;0;0;0;7;0;0;0;0;0;0;0;0
FR;11;2023-02-15;2;0;0;0;0;0;0;0;0;9;0;0;0;0;0;0;0;0
FR;11;2023-02-16;0;0;0;0;0;0;0;0;0;9;0;0;0;0;0;0;0;0
FR;11;2023-02-17;0;0;0;0;0;0;0;0;0;9;0;0;0;0;0;0;0;0
FR;11;2023-02-18;0;0;0;0;0;0;0;0;0;9;0;0;0;0;0;0;0;0
FR;11;2023-02-19;0;0;0;0;0;0;0;0;0;9;0;0;0;0;0;0;0;0
FR;11;2023-02-20;0;0;0;0;0;0;0;0;0;9;0;0;0;0;0;0;0;0
FR;11;2023-02-21;1;0;0;0;0;0;0;0;0;10;0;0;0;0;0;0;0;0
FR;11;2023-02-22;0;0;0;0;0;0;0;0;0;10;0;0;0;0;0;0;0;0
FR;11;2023-02-23;0;0;0;0;0;0;0;0;0;10;0;0;0;0;0;0;0;0
FR;11;2023-02-24;0;0;0;0;0;0;0;0;0;10;0;0;0;0;0;0;0;0
FR;11;2023-02-25;0;0;0;0;0;0;0;0;0;10;0;0;0;0;0;0;0;0
FR;11;2023-02-26;0;0;2;0;0;2;0;0;0;10;0;2;0;0;2;0;0;0
FR;11;2023-02-27;0;0;0;0;0;0;0;0;0;10;0;2;0;0;2;0;0;0
FR;11;2023-02-28;1;1;0;0;1;0;0;0;0;11;1;2;0;1;2;0;0;0
FR;11;2023-03-01;0;1;0;0;1;0;0;0;0;11;2;2;0;2;2;0;0;0
FR;11;2023-03-02;0;0;0;0;0;0;0;0;0;11;2;2;0;2;2;0;0;0
FR;11;2023-03-03;0;0;0;0;0;0;0;0;0;11;2;2;0;2;2;0;0;0
FR;11;2023-03-04;2;1;0;0;1;0;0;0;0;13;3;2;0;3;2;0;0;0
FR;11;2023-03-05;0;0;0;0;0;0;0;0;0;13;3;2;0;3;2;0;0;0
FR;11;2023-03-06;4;0;1;0;1;1;0;0;0;17;3;3;0;4;3;0;0;0
FR;11;2023-03-07;0;1;0;0;1;0;0;0;0;17;4;3;0;5;3;0;0;0
FR;11;2023-03-08;1;1;0;0;1;0;0;0;0;18;5;3;0;6;3;0;0;0
FR;11;2023-03-09;0;0;0;0;0;0;0;0;0;18;5;3;0;6;3;0;0;0
FR;11;2023-03-10;0;0;0;0;0;0;0;0;0;18;5;3;0;6;3;0;0;0
FR;11;2023-03-11;2;0;0;0;0;0;0;0;0;20;5;3;0;6;3;0;0;0
FR;11;2023-03-12;0;1;0;0;1;0;0;0;0;20;6;3;0;7;3;0;0;0
FR;11;2023-03-13;0;0;0;0;0;0;0;0;0;20;6;3;0;7;3;0;0;0
FR;11;2023-03-14;0;0;0;0;0;0;0;0;0;20;6;3;0;7;3;0;0;0
FR;11;2023-03-15;0;1;0;0;1;0;0;0;0;20;7;3;0;8;3;0;0;0
FR;11;2023-03-16;0;0;0;0;0;0;0;0;0;20;7;3;0;8;3;0;0;0
FR;11;2023-03-17;0;0;0;0;0;0;0;0;0;20;7;3;0;8;3;0;0;0
FR;11;2023-03-18;1;0;0;0;0;0;0;0;0;21;7;3;0;8;3;0;0;0
FR;11;2023-03-19;0;0;0;0;0;0;0;0;0;21;7;3;0;8;3;0;0;0
FR;11;2023-03-20;0;0;0;0;0;0;0;0;0;21;7;3;0;8;3;0;0;0
FR;11;2023-03-21;1;0;0;0;0;0;0;0;0;22;7;3;0;8;3;0;0;0
FR;11;2023-03-22;2;0;0;0;0;0;0;0;0;24;7;3;0;8;3;0;0;0
FR;11;2023-03-23;0;0;0;1;0;0;1;0;0;24;7;3;1;8;3;1;0;0
FR;11;2023-03-24;0;0;0;0;0;0;0;0;0;24;7;3;1;8;3;1;0;0
FR;11;2023-03-25;1;1;0;0;1;0;0;0;0;25;8;3;1;9;3;1;0;0
FR;11;2023-03-26;0;0;0;0;0;0;0;0;0;25;8;3;1;9;3;1;0;0
FR;11;2023-03-27;0;1;0;0;0;1;0;0;0;25;9;3;1;9;4;1;0;0
FR;11;2023-03-28;0;0;0;0;0;0;0;0;0;25;9;3;1;9;4;1;0;0
FR;11;2023-03-29;0;1;0;0;1;0;0;0;0;25;10;3;1;10;4;1;0;0
FR;11;2023-03-30;1;1;0;0;1;0;0;0;0;26;11;3;1;11;4;1;0;0
FR;11;2023-03-31;0;0;0;0;0;0;0;0;0;26;11;3;1;11;4;1;0;0
FR;11;2023-04-01;0;2;0;0;2;0;0;0;0;26;13;3;1;13;4;1;0;0
FR;11;2023-04-02;0;0;0;0;0;0;0;0;0;26;13;3;1;13;4;1;0;0
FR;11;2023-04-03;0;3;0;0;3;0;0;0;0;26;16;3;1;16;4;1;0;0
FR;11;2023-04-04;0;0;0;0;0;0;0;0;0;26;16;3;1;16;4;1;0;0
FR;11;2023-04-05;0;0;0;0;0;0;0;0;0;26;16;3;1;16;4;1;0;0
FR;11;2023-04-06;0;0;0;0;0;0;0;0;0;26;16;3;1;16;4;1;0;0
FR;11;2023-04-07;0;1;0;0;1;0;0;0;0;26;17;3;1;17;4;1;0;0
FR;11;2023-04-08;0;0;0;0;0;0;0;0;0;26;17;3;1;17;4;1;0;0
FR;11;2023-04-09;0;0;0;0;0;0;0;0;0;26;17;3;1;17;4;1;0;0
FR;11;2023-04-10;0;0;0;0;0;0;0;0;0;26;17;3;1;17;4;1;0;0
FR;11;2023-04-11;0;1;0;0;1;0;0;0;0;26;18;3;1;18;4;1;0;0
FR;11;2023-04-12;1;1;0;0;1;0;0;0;0;27;19;3;1;19;4;1;0;0
FR;11;2023-04-13;0;0;0;0;0;0;0;0;0;27;19;3;1;19;4;1;0;0
FR;11;2023-04-14;0;0;0;0;0;0;0;0;0;27;19;3;1;19;4;1;0;0
FR;11;2023-04-15;0;1;0;0;1;0;0;0;0;27;20;3;1;20;4;1;0;0
FR;11;2023-04-16;0;0;0;0;0;0;0;0;0;27;20;3;1;20;4;1;0;0
FR;11;2023-04-17;0;1;0;0;1;0;0;0;0;27;21;3;1;21;4;1;0;0
FR;11;2023-04-18;0;0;0;0;0;0;0;0;0;27;21;3;1;21;4;1;0;0
FR;11;2023-04-19;1;0;0;0;0;0;0;0;0;28;21;3;1;21;4;1;0;0
FR;11;2023-04-20;0;1;0;0;1;0;0;0;0;28;22;3;1;22;4;1;0;0
FR;11;2023-04-21;2;0;0;0;0;0;0;0;0;30;22;3;1;22;4;1;0;0
FR;11;2023-04-22;0;2;0;0;2;0;0;0;0;30;24;3;1;24;4;1;0;0
FR;11;2023-04-23;0;0;0;0;0;0;0;0;0;30;24;3;1;24;4;1;0;0
FR;11;2023-04-24;0;0;1;0;0;1;0;0;0;30;24;4;1;24;5;1;0;0
FR;11;2023-04-25;0;0;0;0;0;0;0;0;0;30;24;4;1;24;5;1;0;0
FR;11;2023-04-26;0;0;0;0;0;0;0;0;0;30;24;4;1;24;5;1;0;0
FR;11;2023-04-27;0;0;0;0;0;0;0;0;0;30;24;4;1;24;5;1;0;0
FR;11;2023-04-28;0;0;0;0;0;0;0;0;0;30;24;4;1;24;5;1;0;0
FR;11;2023-04-29;0;0;0;0;0;0;0;0;0;30;24;4;1;24;5;1;0;0
FR;11;2023-04-30;0;0;0;0;0;0;0;0;0;30;24;4;1;24;5;1;0;0
FR;11;2023-05-01;0;0;0;0;0;0;0;0;0;30;24;4;1;24;5;1;0;0
FR;11;2023-05-02;0;0;0;0;0;0;0;0;0;30;24;4;1;24;5;1;0;0
FR;11;2023-05-03;0;0;2;0;0;2;0;0;0;30;24;6;1;24;7;1;0;0
FR;11;2023-05-04;0;0;0;0;0;0;0;0;0;30;24;6;1;24;7;1;0;0
FR;11;2023-05-05;0;0;0;0;0;0;0;0;0;30;24;6;1;24;7;1;0;0
FR;11;2023-05-06;0;0;0;0;0;0;0;0;0;30;24;6;1;24;7;1;0;0
FR;11;2023-05-07;0;0;0;0;0;0;0;0;0;30;24;6;1;24;7;1;0;0
FR;11;2023-05-08;0;0;0;0;0;0;0;0;0;30;24;6;1;24;7;1;0;0
FR;11;2023-05-09;0;0;0;0;0;0;0;0;0;30;24;6;1;24;7;1;0;0
FR;11;2023-05-10;2;2;0;0;2;0;0;0;0;32;26;6;1;26;7;1;0;0
FR;11;2023-05-11;0;0;0;0;0;0;0;0;0;32;26;6;1;26;7;1;0;0
FR;11;2023-05-12;0;0;0;0;0;0;0;0;0;32;26;6;1;26;7;1;0;0
FR;11;2023-05-13;0;0;0;0;0;0;0;0;0;32;26;6;1;26;7;1;0;0
FR;11;2023-05-14;0;0;0;0;0;0;0;0;0;32;26;6;1;26;7;1;0;0
FR;11;2023-05-15;0;0;0;0;0;0;0;0;0;32;26;6;1;26;7;1;0;0
FR;12;2020-12-27;0;0;0;0;0;0;0;0;0;0;0;0;0;0;0;0;0;0
FR;12;2020-12-28;0;0;0;0;0;0;0;0;0;0;0;0;0;0;0;0;0;0
FR;12;2020-12-29;0;0;0;0;0;0;0;0;0;0;0;0;0;0;0;0;0;0
FR;12;2020-12-30;0;0;0;0;0;0;0;0;0;0;0;0;0;0;0;0;0;0
FR;12;2020-12-31;0;0;0;0;0;0;0;0;0;0;0;0;0;0;0;0;0;0
FR;12;2021-01-01;0;0;0;0;0;0;0;0;0;0;0;0;0;0;0;0;0;0
FR;12;2021-01-02;0;0;0;0;0;0;0;0;0;0;0;0;0;0;0;0;0;0
FR;12;2021-01-03;0;0;0;0;0;0;0;0;0;0;0;0;0;0;0;0;0;0
FR;12;2021-01-04;0;0;0;0;0;0;0;0;0;0;0;0;0;0;0;0;0;0
FR;12;2021-01-05;0;0;0;0;0;0;0;0;0;0;0;0;0;0;0;0;0;0
FR;12;2021-01-06;0;0;0;0;0;0;0;0;0;0;0;0;0;0;0;0;0;0
FR;12;2021-01-07;0;0;0;0;0;0;0;0;0;0;0;0;0;0;0;0;0;0
FR;12;2021-01-08;0;0;0;0;0;0;0;0;0;0;0;0;0;0;0;0;0;0
FR;12;2021-01-09;0;0;0;0;0;0;0;0;0;0;0;0;0;0;0;0;0;0
FR;12;2021-01-10;0;0;0;0;0;0;0;0;0;0;0;0;0;0;0;0;0;0
FR;12;2021-01-11;0;0;0;0;0;0;0;0;0;0;0;0;0;0;0;0;0;0
FR;12;2021-01-12;0;0;0;0;0;0;0;0;0;0;0;0;0;0;0;0;0;0
FR;12;2021-01-13;0;0;0;0;0;0;0;0;0;0;0;0;0;0;0;0;0;0
FR;12;2021-01-14;0;0;0;0;0;0;0;0;0;0;0;0;0;0;0;0;0;0
FR;12;2021-01-15;0;0;0;0;0;0;0;0;0;0;0;0;0;0;0;0;0;0
FR;12;2021-01-16;0;0;0;0;0;0;0;0;0;0;0;0;0;0;0;0;0;0
FR;12;2021-01-17;0;0;0;0;0;0;0;0;0;0;0;0;0;0;0;0;0;0
FR;12;2021-01-18;0;0;0;0;0;0;0;0;0;0;0;0;0;0;0;0;0;0
FR;12;2021-01-19;0;0;0;0;0;0;0;0;0;0;0;0;0;0;0;0;0;0
FR;12;2021-01-20;0;0;0;0;0;0;0;0;0;0;0;0;0;0;0;0;0;0
FR;12;2021-01-21;0;0;0;0;0;0;0;0;0;0;0;0;0;0;0;0;0;0
FR;12;2021-01-22;0;0;0;0;0;0;0;0;0;0;0;0;0;0;0;0;0;0
FR;12;2021-01-23;0;0;0;0;0;0;0;0;0;0;0;0;0;0;0;0;0;0
FR;12;2021-01-24;0;0;0;0;0;0;0;0;0;0;0;0;0;0;0;0;0;0
FR;12;2021-01-25;0;0;0;0;0;0;0;0;0;0;0;0;0;0;0;0;0;0
FR;12;2021-01-26;0;0;0;0;0;0;0;0;0;0;0;0;0;0;0;0;0;0
FR;12;2021-01-27;0;0;0;0;0;0;0;0;0;0;0;0;0;0;0;0;0;0
FR;12;2021-01-28;0;0;0;0;0;0;0;0;0;0;0;0;0;0;0;0;0;0
FR;12;2021-01-29;0;0;0;0;0;0;0;0;0;0;0;0;0;0;0;0;0;0
FR;12;2021-01-30;0;0;0;0;0;0;0;0;0;0;0;0;0;0;0;0;0;0
FR;12;2021-01-31;0;0;0;0;0;0;0;0;0;0;0;0;0;0;0;0;0;0
FR;12;2021-02-01;0;0;0;0;0;0;0;0;0;0;0;0;0;0;0;0;0;0
FR;12;2021-02-02;0;0;0;0;0;0;0;0;0;0;0;0;0;0;0;0;0;0
FR;12;2021-02-03;0;0;0;0;0;0;0;0;0;0;0;0;0;0;0;0;0;0
FR;12;2021-02-04;0;0;0;0;0;0;0;0;0;0;0;0;0;0;0;0;0;0
FR;12;2021-02-05;0;0;0;0;0;0;0;0;0;0;0;0;0;0;0;0;0;0
FR;12;2021-02-06;0;0;0;0;0;0;0;0;0;0;0;0;0;0;0;0;0;0
FR;12;2021-02-07;0;0;0;0;0;0;0;0;0;0;0;0;0;0;0;0;0;0
FR;12;2021-02-08;0;0;0;0;0;0;0;0;0;0;0;0;0;0;0;0;0;0
FR;12;2021-02-09;0;0;0;0;0;0;0;0;0;0;0;0;0;0;0;0;0;0
FR;12;2021-02-10;0;0;0;0;0;0;0;0;0;0;0;0;0;0;0;0;0;0
FR;12;2021-02-11;0;0;0;0;0;0;0;0;0;0;0;0;0;0;0;0;0;0
FR;12;2021-02-12;0;0;0;0;0;0;0;0;0;0;0;0;0;0;0;0;0;0
FR;12;2021-02-13;0;0;0;0;0;0;0;0;0;0;0;0;0;0;0;0;0;0
FR;12;2021-02-14;0;0;0;0;0;0;0;0;0;0;0;0;0;0;0;0;0;0
FR;12;2021-02-15;0;0;0;0;0;0;0;0;0;0;0;0;0;0;0;0;0;0
FR;12;2021-02-16;0;0;0;0;0;0;0;0;0;0;0;0;0;0;0;0;0;0
FR;12;2021-02-17;0;0;0;0;0;0;0;0;0;0;0;0;0;0;0;0;0;0
FR;12;2021-02-18;0;0;0;0;0;0;0;0;0;0;0;0;0;0;0;0;0;0
FR;12;2021-02-19;0;0;0;0;0;0;0;0;0;0;0;0;0;0;0;0;0;0
FR;12;2021-02-20;0;0;0;0;0;0;0;0;0;0;0;0;0;0;0;0;0;0
FR;12;2021-02-21;0;0;0;0;0;0;0;0;0;0;0;0;0;0;0;0;0;0
FR;12;2021-02-22;0;0;0;0;0;0;0;0;0;0;0;0;0;0;0;0;0;0
FR;12;2021-02-23;0;0;0;0;0;0;0;0;0;0;0;0;0;0;0;0;0;0
FR;12;2021-02-24;0;0;0;0;0;0;0;0;0;0;0;0;0;0;0;0;0;0
FR;12;2021-02-25;0;0;0;0;0;0;0;0;0;0;0;0;0;0;0;0;0;0
FR;12;2021-02-26;0;0;0;0;0;0;0;0;0;0;0;0;0;0;0;0;0;0
FR;12;2021-02-27;0;0;0;0;0;0;0;0;0;0;0;0;0;0;0;0;0;0
FR;12;2021-02-28;0;0;0;0;0;0;0;0;0;0;0;0;0;0;0;0;0;0
FR;12;2021-03-01;0;0;0;0;0;0;0;0;0;0;0;0;0;0;0;0;0;0
FR;12;2021-03-02;0;0;0;0;0;0;0;0;0;0;0;0;0;0;0;0;0;0
FR;12;2021-03-03;0;0;0;0;0;0;0;0;0;0;0;0;0;0;0;0;0;0
FR;12;2021-03-04;0;0;0;0;0;0;0;0;0;0;0;0;0;0;0;0;0;0
FR;12;2021-03-05;0;0;0;0;0;0;0;0;0;0;0;0;0;0;0;0;0;0
FR;12;2021-03-06;0;0;0;0;0;0;0;0;0;0;0;0;0;0;0;0;0;0
FR;12;2021-03-07;0;0;0;0;0;0;0;0;0;0;0;0;0;0;0;0;0;0
FR;12;2021-03-08;0;0;0;0;0;0;0;0;0;0;0;0;0;0;0;0;0;0
FR;12;2021-03-09;0;0;0;0;0;0;0;0;0;0;0;0;0;0;0;0;0;0
FR;12;2021-03-10;0;0;0;0;0;0;0;0;0;0;0;0;0;0;0;0;0;0
FR;12;2021-03-11;0;0;0;0;0;0;0;0;0;0;0;0;0;0;0;0;0;0
FR;12;2021-03-12;0;0;0;0;0;0;0;0;0;0;0;0;0;0;0;0;0;0
FR;12;2021-03-13;0;0;0;0;0;0;0;0;0;0;0;0;0;0;0;0;0;0
FR;12;2021-03-14;0;0;0;0;0;0;0;0;0;0;0;0;0;0;0;0;0;0
FR;12;2021-03-15;0;0;0;0;0;0;0;0;0;0;0;0;0;0;0;0;0;0
FR;12;2021-03-16;0;0;0;0;0;0;0;0;0;0;0;0;0;0;0;0;0;0
FR;12;2021-03-17;0;0;0;0;0;0;0;0;0;0;0;0;0;0;0;0;0;0
FR;12;2021-03-18;0;0;0;0;0;0;0;0;0;0;0;0;0;0;0;0;0;0
FR;12;2021-03-19;0;0;0;0;0;0;0;0;0;0;0;0;0;0;0;0;0;0
FR;12;2021-03-20;0;0;0;0;0;0;0;0;0;0;0;0;0;0;0;0;0;0
FR;12;2021-03-21;0;0;0;0;0;0;0;0;0;0;0;0;0;0;0;0;0;0
FR;12;2021-03-22;0;0;0;0;0;0;0;0;0;0;0;0;0;0;0;0;0;0
FR;12;2021-03-23;0;0;0;0;0;0;0;0;0;0;0;0;0;0;0;0;0;0
FR;12;2021-03-24;0;0;0;0;0;0;0;0;0;0;0;0;0;0;0;0;0;0
FR;12;2021-03-25;0;0;0;0;0;0;0;0;0;0;0;0;0;0;0;0;0;0
FR;12;2021-03-26;0;0;0;0;0;0;0;0;0;0;0;0;0;0;0;0;0;0
FR;12;2021-03-27;0;0;0;0;0;0;0;0;0;0;0;0;0;0;0;0;0;0
FR;12;2021-03-28;0;0;0;0;0;0;0;0;0;0;0;0;0;0;0;0;0;0
FR;12;2021-03-29;0;0;0;0;0;0;0;0;0;0;0;0;0;0;0;0;0;0
FR;12;2021-03-30;0;0;0;0;0;0;0;0;0;0;0;0;0;0;0;0;0;0
FR;12;2021-03-31;0;0;0;0;0;0;0;0;0;0;0;0;0;0;0;0;0;0
FR;12;2021-04-01;0;0;0;0;0;0;0;0;0;0;0;0;0;0;0;0;0;0
FR;12;2021-04-02;0;0;0;0;0;0;0;0;0;0;0;0;0;0;0;0;0;0
FR;12;2021-04-03;0;0;0;0;0;0;0;0;0;0;0;0;0;0;0;0;0;0
FR;12;2021-04-04;0;0;0;0;0;0;0;0;0;0;0;0;0;0;0;0;0;0
FR;12;2021-04-05;0;0;0;0;0;0;0;0;0;0;0;0;0;0;0;0;0;0
FR;12;2021-04-06;0;0;0;0;0;0;0;0;0;0;0;0;0;0;0;0;0;0
FR;12;2021-04-07;0;0;0;0;0;0;0;0;0;0;0;0;0;0;0;0;0;0
FR;12;2021-04-08;0;0;0;0;0;0;0;0;0;0;0;0;0;0;0;0;0;0
FR;12;2021-04-09;0;0;0;0;0;0;0;0;0;0;0;0;0;0;0;0;0;0
FR;12;2021-04-10;0;0;0;0;0;0;0;0;0;0;0;0;0;0;0;0;0;0
FR;12;2021-04-11;0;0;0;0;0;0;0;0;0;0;0;0;0;0;0;0;0;0
FR;12;2021-04-12;0;0;0;0;0;0;0;0;0;0;0;0;0;0;0;0;0;0
FR;12;2021-04-13;0;0;0;0;0;0;0;0;0;0;0;0;0;0;0;0;0;0
FR;12;2021-04-14;0;0;0;0;0;0;0;0;0;0;0;0;0;0;0;0;0;0
FR;12;2021-04-15;0;0;0;0;0;0;0;0;0;0;0;0;0;0;0;0;0;0
FR;12;2021-04-16;0;0;0;0;0;0;0;0;0;0;0;0;0;0;0;0;0;0
FR;12;2021-04-17;0;0;0;0;0;0;0;0;0;0;0;0;0;0;0;0;0;0
FR;12;2021-04-18;0;0;0;0;0;0;0;0;0;0;0;0;0;0;0;0;0;0
FR;12;2021-04-19;0;0;0;0;0;0;0;0;0;0;0;0;0;0;0;0;0;0
FR;12;2021-04-20;0;0;0;0;0;0;0;0;0;0;0;0;0;0;0;0;0;0
FR;12;2021-04-21;0;0;0;0;0;0;0;0;0;0;0;0;0;0;0;0;0;0
FR;12;2021-04-22;0;0;0;0;0;0;0;0;0;0;0;0;0;0;0;0;0;0
FR;12;2021-04-23;0;0;0;0;0;0;0;0;0;0;0;0;0;0;0;0;0;0
FR;12;2021-04-24;0;0;0;0;0;0;0;0;0;0;0;0;0;0;0;0;0;0
FR;12;2021-04-25;0;0;0;0;0;0;0;0;0;0;0;0;0;0;0;0;0;0
FR;12;2021-04-26;0;0;0;0;0;0;0;0;0;0;0;0;0;0;0;0;0;0
FR;12;2021-04-27;0;0;0;0;0;0;0;0;0;0;0;0;0;0;0;0;0;0
FR;12;2021-04-28;0;0;0;0;0;0;0;0;0;0;0;0;0;0;0;0;0;0
FR;12;2021-04-29;0;0;0;0;0;0;0;0;0;0;0;0;0;0;0;0;0;0
FR;12;2021-04-30;0;0;0;0;0;0;0;0;0;0;0;0;0;0;0;0;0;0
FR;12;2021-05-01;0;0;0;0;0;0;0;0;0;0;0;0;0;0;0;0;0;0
FR;12;2021-05-02;0;0;0;0;0;0;0;0;0;0;0;0;0;0;0;0;0;0
FR;12;2021-05-03;0;0;0;0;0;0;0;0;0;0;0;0;0;0;0;0;0;0
FR;12;2021-05-04;0;0;0;0;0;0;0;0;0;0;0;0;0;0;0;0;0;0
FR;12;2021-05-05;0;0;0;0;0;0;0;0;0;0;0;0;0;0;0;0;0;0
FR;12;2021-05-06;0;0;0;0;0;0;0;0;0;0;0;0;0;0;0;0;0;0
FR;12;2021-05-07;0;0;0;0;0;0;0;0;0;0;0;0;0;0;0;0;0;0
FR;12;2021-05-08;0;0;0;0;0;0;0;0;0;0;0;0;0;0;0;0;0;0
FR;12;2021-05-09;0;0;0;0;0;0;0;0;0;0;0;0;0;0;0;0;0;0
FR;12;2021-05-10;0;0;0;0;0;0;0;0;0;0;0;0;0;0;0;0;0;0
FR;12;2021-05-11;0;0;0;0;0;0;0;0;0;0;0;0;0;0;0;0;0;0
FR;12;2021-05-12;0;0;0;0;0;0;0;0;0;0;0;0;0;0;0;0;0;0
FR;12;2021-05-13;0;0;0;0;0;0;0;0;0;0;0;0;0;0;0;0;0;0
FR;12;2021-05-14;0;0;0;0;0;0;0;0;0;0;0;0;0;0;0;0;0;0
FR;12;2021-05-15;0;0;0;0;0;0;0;0;0;0;0;0;0;0;0;0;0;0
FR;12;2021-05-16;0;0;0;0;0;0;0;0;0;0;0;0;0;0;0;0;0;0
FR;12;2021-05-17;0;0;0;0;0;0;0;0;0;0;0;0;0;0;0;0;0;0
FR;12;2021-05-18;0;0;0;0;0;0;0;0;0;0;0;0;0;0;0;0;0;0
FR;12;2021-05-19;0;0;0;0;0;0;0;0;0;0;0;0;0;0;0;0;0;0
FR;12;2021-05-20;0;0;0;0;0;0;0;0;0;0;0;0;0;0;0;0;0;0
FR;12;2021-05-21;0;0;0;0;0;0;0;0;0;0;0;0;0;0;0;0;0;0
FR;12;2021-05-22;0;0;0;0;0;0;0;0;0;0;0;0;0;0;0;0;0;0
FR;12;2021-05-23;0;0;0;0;0;0;0;0;0;0;0;0;0;0;0;0;0;0
FR;12;2021-05-24;0;0;0;0;0;0;0;0;0;0;0;0;0;0;0;0;0;0
FR;12;2021-05-25;0;0;0;0;0;0;0;0;0;0;0;0;0;0;0;0;0;0
FR;12;2021-05-26;0;0;0;0;0;0;0;0;0;0;0;0;0;0;0;0;0;0
FR;12;2021-05-27;0;0;0;0;0;0;0;0;0;0;0;0;0;0;0;0;0;0
FR;12;2021-05-28;0;0;0;0;0;0;0;0;0;0;0;0;0;0;0;0;0;0
FR;12;2021-05-29;0;0;0;0;0;0;0;0;0;0;0;0;0;0;0;0;0;0
FR;12;2021-05-30;0;0;0;0;0;0;0;0;0;0;0;0;0;0;0;0;0;0
FR;12;2021-05-31;0;0;0;0;0;0;0;0;0;0;0;0;0;0;0;0;0;0
FR;12;2021-06-01;0;0;0;0;0;0;0;0;0;0;0;0;0;0;0;0;0;0
FR;12;2021-06-02;0;0;0;0;0;0;0;0;0;0;0;0;0;0;0;0;0;0
FR;12;2021-06-03;0;0;0;0;0;0;0;0;0;0;0;0;0;0;0;0;0;0
FR;12;2021-06-04;0;0;0;0;0;0;0;0;0;0;0;0;0;0;0;0;0;0
FR;12;2021-06-05;0;0;0;0;0;0;0;0;0;0;0;0;0;0;0;0;0;0
FR;12;2021-06-06;0;0;0;0;0;0;0;0;0;0;0;0;0;0;0;0;0;0
FR;12;2021-06-07;0;0;0;0;0;0;0;0;0;0;0;0;0;0;0;0;0;0
FR;12;2021-06-08;0;0;0;0;0;0;0;0;0;0;0;0;0;0;0;0;0;0
FR;12;2021-06-09;0;0;0;0;0;0;0;0;0;0;0;0;0;0;0;0;0;0
FR;12;2021-06-10;0;0;0;0;0;0;0;0;0;0;0;0;0;0;0;0;0;0
FR;12;2021-06-11;0;0;0;0;0;0;0;0;0;0;0;0;0;0;0;0;0;0
FR;12;2021-06-12;0;0;0;0;0;0;0;0;0;0;0;0;0;0;0;0;0;0
FR;12;2021-06-13;0;0;0;0;0;0;0;0;0;0;0;0;0;0;0;0;0;0
FR;12;2021-06-14;0;0;0;0;0;0;0;0;0;0;0;0;0;0;0;0;0;0
FR;12;2021-06-15;0;0;0;0;0;0;0;0;0;0;0;0;0;0;0;0;0;0
FR;12;2021-06-16;0;0;0;0;0;0;0;0;0;0;0;0;0;0;0;0;0;0
FR;12;2021-06-17;0;0;0;0;0;0;0;0;0;0;0;0;0;0;0;0;0;0
FR;12;2021-06-18;0;0;0;0;0;0;0;0;0;0;0;0;0;0;0;0;0;0
FR;12;2021-06-19;0;0;0;0;0;0;0;0;0;0;0;0;0;0;0;0;0;0
FR;12;2021-06-20;0;0;0;0;0;0;0;0;0;0;0;0;0;0;0;0;0;0
FR;12;2021-06-21;0;0;0;0;0;0;0;0;0;0;0;0;0;0;0;0;0;0
FR;12;2021-06-22;0;0;0;0;0;0;0;0;0;0;0;0;0;0;0;0;0;0
FR;12;2021-06-23;0;0;0;0;0;0;0;0;0;0;0;0;0;0;0;0;0;0
FR;12;2021-06-24;0;0;0;0;0;0;0;0;0;0;0;0;0;0;0;0;0;0
FR;12;2021-06-25;0;0;0;0;0;0;0;0;0;0;0;0;0;0;0;0;0;0
FR;12;2021-06-26;0;0;0;0;0;0;0;0;0;0;0;0;0;0;0;0;0;0
FR;12;2021-06-27;0;0;0;0;0;0;0;0;0;0;0;0;0;0;0;0;0;0
FR;12;2021-06-28;0;0;0;0;0;0;0;0;0;0;0;0;0;0;0;0;0;0
FR;12;2021-06-29;0;0;0;0;0;0;0;0;0;0;0;0;0;0;0;0;0;0
FR;12;2021-06-30;0;0;0;0;0;0;0;0;0;0;0;0;0;0;0;0;0;0
FR;12;2021-07-01;0;0;0;0;0;0;0;0;0;0;0;0;0;0;0;0;0;0
FR;12;2021-07-02;0;0;0;0;0;0;0;0;0;0;0;0;0;0;0;0;0;0
FR;12;2021-07-03;0;0;0;0;0;0;0;0;0;0;0;0;0;0;0;0;0;0
FR;12;2021-07-04;0;0;0;0;0;0;0;0;0;0;0;0;0;0;0;0;0;0
FR;12;2021-07-05;0;0;0;0;0;0;0;0;0;0;0;0;0;0;0;0;0;0
FR;12;2021-07-06;0;0;0;0;0;0;0;0;0;0;0;0;0;0;0;0;0;0
FR;12;2021-07-07;0;0;0;0;0;0;0;0;0;0;0;0;0;0;0;0;0;0
FR;12;2021-07-08;0;0;0;0;0;0;0;0;0;0;0;0;0;0;0;0;0;0
FR;12;2021-07-09;0;0;0;0;0;0;0;0;0;0;0;0;0;0;0;0;0;0
FR;12;2021-07-10;0;0;0;0;0;0;0;0;0;0;0;0;0;0;0;0;0;0
FR;12;2021-07-11;0;0;0;0;0;0;0;0;0;0;0;0;0;0;0;0;0;0
FR;12;2021-07-12;0;0;0;0;0;0;0;0;0;0;0;0;0;0;0;0;0;0
FR;12;2021-07-13;0;0;0;0;0;0;0;0;0;0;0;0;0;0;0;0;0;0
FR;12;2021-07-14;0;0;0;0;0;0;0;0;0;0;0;0;0;0;0;0;0;0
FR;12;2021-07-15;0;0;0;0;0;0;0;0;0;0;0;0;0;0;0;0;0;0
FR;12;2021-07-16;0;0;0;0;0;0;0;0;0;0;0;0;0;0;0;0;0;0
FR;12;2021-07-17;0;0;0;0;0;0;0;0;0;0;0;0;0;0;0;0;0;0
FR;12;2021-07-18;0;0;0;0;0;0;0;0;0;0;0;0;0;0;0;0;0;0
FR;12;2021-07-19;0;0;0;0;0;0;0;0;0;0;0;0;0;0;0;0;0;0
FR;12;2021-07-20;0;0;0;0;0;0;0;0;0;0;0;0;0;0;0;0;0;0
FR;12;2021-07-21;0;0;0;0;0;0;0;0;0;0;0;0;0;0;0;0;0;0
FR;12;2021-07-22;0;0;0;0;0;0;0;0;0;0;0;0;0;0;0;0;0;0
FR;12;2021-07-23;0;0;0;0;0;0;0;0;0;0;0;0;0;0;0;0;0;0
FR;12;2021-07-24;0;0;0;0;0;0;0;0;0;0;0;0;0;0;0;0;0;0
FR;12;2021-07-25;0;0;0;0;0;0;0;0;0;0;0;0;0;0;0;0;0;0
FR;12;2021-07-26;0;0;0;0;0;0;0;0;0;0;0;0;0;0;0;0;0;0
FR;12;2021-07-27;0;0;0;0;0;0;0;0;0;0;0;0;0;0;0;0;0;0
FR;12;2021-07-28;0;0;0;0;0;0;0;0;0;0;0;0;0;0;0;0;0;0
FR;12;2021-07-29;0;0;0;0;0;0;0;0;0;0;0;0;0;0;0;0;0;0
FR;12;2021-07-30;0;0;0;0;0;0;0;0;0;0;0;0;0;0;0;0;0;0
FR;12;2021-07-31;0;0;0;0;0;0;0;0;0;0;0;0;0;0;0;0;0;0
FR;12;2021-08-01;0;0;0;0;0;0;0;0;0;0;0;0;0;0;0;0;0;0
FR;12;2021-08-02;0;0;0;0;0;0;0;0;0;0;0;0;0;0;0;0;0;0
FR;12;2021-08-03;0;0;0;0;0;0;0;0;0;0;0;0;0;0;0;0;0;0
FR;12;2021-08-04;0;0;0;0;0;0;0;0;0;0;0;0;0;0;0;0;0;0
FR;12;2021-08-05;0;0;0;0;0;0;0;0;0;0;0;0;0;0;0;0;0;0
FR;12;2021-08-06;0;0;0;0;0;0;0;0;0;0;0;0;0;0;0;0;0;0
FR;12;2021-08-07;0;0;0;0;0;0;0;0;0;0;0;0;0;0;0;0;0;0
FR;12;2021-08-08;0;0;0;0;0;0;0;0;0;0;0;0;0;0;0;0;0;0
FR;12;2021-08-09;0;0;0;0;0;0;0;0;0;0;0;0;0;0;0;0;0;0
FR;12;2021-08-10;0;0;0;0;0;0;0;0;0;0;0;0;0;0;0;0;0;0
FR;12;2021-08-11;0;0;0;0;0;0;0;0;0;0;0;0;0;0;0;0;0;0
FR;12;2021-08-12;0;0;0;0;0;0;0;0;0;0;0;0;0;0;0;0;0;0
FR;12;2021-08-13;0;0;0;0;0;0;0;0;0;0;0;0;0;0;0;0;0;0
FR;12;2021-08-14;0;0;0;0;0;0;0;0;0;0;0;0;0;0;0;0;0;0
FR;12;2021-08-15;0;0;0;0;0;0;0;0;0;0;0;0;0;0;0;0;0;0
FR;12;2021-08-16;0;0;0;0;0;0;0;0;0;0;0;0;0;0;0;0;0;0
FR;12;2021-08-17;0;0;0;0;0;0;0;0;0;0;0;0;0;0;0;0;0;0
FR;12;2021-08-18;0;0;0;0;0;0;0;0;0;0;0;0;0;0;0;0;0;0
FR;12;2021-08-19;0;0;0;0;0;0;0;0;0;0;0;0;0;0;0;0;0;0
FR;12;2021-08-20;0;0;0;0;0;0;0;0;0;0;0;0;0;0;0;0;0;0
FR;12;2021-08-21;0;0;0;0;0;0;0;0;0;0;0;0;0;0;0;0;0;0
FR;12;2021-08-22;0;0;0;0;0;0;0;0;0;0;0;0;0;0;0;0;0;0
FR;12;2021-08-23;0;0;0;0;0;0;0;0;0;0;0;0;0;0;0;0;0;0
FR;12;2021-08-24;0;0;0;0;0;0;0;0;0;0;0;0;0;0;0;0;0;0
FR;12;2021-08-25;0;0;0;0;0;0;0;0;0;0;0;0;0;0;0;0;0;0
FR;12;2021-08-26;0;0;0;0;0;0;0;0;0;0;0;0;0;0;0;0;0;0
FR;12;2021-08-27;0;0;0;0;0;0;0;0;0;0;0;0;0;0;0;0;0;0
FR;12;2021-08-28;0;0;0;0;0;0;0;0;0;0;0;0;0;0;0;0;0;0
FR;12;2021-08-29;0;0;0;0;0;0;0;0;0;0;0;0;0;0;0;0;0;0
FR;12;2021-08-30;0;0;0;0;0;0;0;0;0;0;0;0;0;0;0;0;0;0
FR;12;2021-08-31;0;0;0;0;0;0;0;0;0;0;0;0;0;0;0;0;0;0
FR;12;2021-09-01;0;0;0;0;0;0;0;0;0;0;0;0;0;0;0;0;0;0
FR;12;2021-09-02;0;0;0;0;0;0;0;0;0;0;0;0;0;0;0;0;0;0
FR;12;2021-09-03;0;0;0;0;0;0;0;0;0;0;0;0;0;0;0;0;0;0
FR;12;2021-09-04;0;0;0;0;0;0;0;0;0;0;0;0;0;0;0;0;0;0
FR;12;2021-09-05;0;0;0;0;0;0;0;0;0;0;0;0;0;0;0;0;0;0
FR;12;2021-09-06;0;0;0;0;0;0;0;0;0;0;0;0;0;0;0;0;0;0
FR;12;2021-09-07;0;0;0;0;0;0;0;0;0;0;0;0;0;0;0;0;0;0
FR;12;2021-09-08;0;0;0;0;0;0;0;0;0;0;0;0;0;0;0;0;0;0
FR;12;2021-09-09;0;0;0;0;0;0;0;0;0;0;0;0;0;0;0;0;0;0
FR;12;2021-09-10;0;0;0;0;0;0;0;0;0;0;0;0;0;0;0;0;0;0
FR;12;2021-09-11;0;0;0;0;0;0;0;0;0;0;0;0;0;0;0;0;0;0
FR;12;2021-09-12;0;0;0;0;0;0;0;0;0;0;0;0;0;0;0;0;0;0
FR;12;2021-09-13;0;0;0;0;0;0;0;0;0;0;0;0;0;0;0;0;0;0
FR;12;2021-09-14;0;0;0;0;0;0;0;0;0;0;0;0;0;0;0;0;0;0
FR;12;2021-09-15;0;0;0;0;0;0;0;0;0;0;0;0;0;0;0;0;0;0
FR;12;2021-09-16;0;0;0;0;0;0;0;0;0;0;0;0;0;0;0;0;0;0
FR;12;2021-09-17;0;0;0;0;0;0;0;0;0;0;0;0;0;0;0;0;0;0
FR;12;2021-09-18;0;0;0;0;0;0;0;0;0;0;0;0;0;0;0;0;0;0
FR;12;2021-09-19;0;0;0;0;0;0;0;0;0;0;0;0;0;0;0;0;0;0
FR;12;2021-09-20;0;0;0;0;0;0;0;0;0;0;0;0;0;0;0;0;0;0
FR;12;2021-09-21;0;0;0;0;0;0;0;0;0;0;0;0;0;0;0;0;0;0
FR;12;2021-09-22;0;0;0;0;0;0;0;0;0;0;0;0;0;0;0;0;0;0
FR;12;2021-09-23;0;0;0;0;0;0;0;0;0;0;0;0;0;0;0;0;0;0
FR;12;2021-09-24;0;0;0;0;0;0;0;0;0;0;0;0;0;0;0;0;0;0
FR;12;2021-09-25;0;0;0;0;0;0;0;0;0;0;0;0;0;0;0;0;0;0
FR;12;2021-09-26;0;0;0;0;0;0;0;0;0;0;0;0;0;0;0;0;0;0
FR;12;2021-09-27;0;0;0;0;0;0;0;0;0;0;0;0;0;0;0;0;0;0
FR;12;2021-09-28;0;0;0;0;0;0;0;0;0;0;0;0;0;0;0;0;0;0
FR;12;2021-09-29;0;0;0;0;0;0;0;0;0;0;0;0;0;0;0;0;0;0
FR;12;2021-09-30;0;0;0;0;0;0;0;0;0;0;0;0;0;0;0;0;0;0
FR;12;2021-10-01;0;0;0;0;0;0;0;0;0;0;0;0;0;0;0;0;0;0
FR;12;2021-10-02;0;0;0;0;0;0;0;0;0;0;0;0;0;0;0;0;0;0
FR;12;2021-10-03;0;0;0;0;0;0;0;0;0;0;0;0;0;0;0;0;0;0
FR;12;2021-10-04;0;0;0;0;0;0;0;0;0;0;0;0;0;0;0;0;0;0
FR;12;2021-10-05;0;0;0;0;0;0;0;0;0;0;0;0;0;0;0;0;0;0
FR;12;2021-10-06;0;0;0;0;0;0;0;0;0;0;0;0;0;0;0;0;0;0
FR;12;2021-10-07;0;0;0;0;0;0;0;0;0;0;0;0;0;0;0;0;0;0
FR;12;2021-10-08;0;0;0;0;0;0;0;0;0;0;0;0;0;0;0;0;0;0
FR;12;2021-10-09;0;0;0;0;0;0;0;0;0;0;0;0;0;0;0;0;0;0
FR;12;2021-10-10;0;0;0;0;0;0;0;0;0;0;0;0;0;0;0;0;0;0
FR;12;2021-10-11;0;0;0;0;0;0;0;0;0;0;0;0;0;0;0;0;0;0
FR;12;2021-10-12;0;0;0;0;0;0;0;0;0;0;0;0;0;0;0;0;0;0
FR;12;2021-10-13;0;0;0;0;0;0;0;0;0;0;0;0;0;0;0;0;0;0
FR;12;2021-10-14;0;0;0;0;0;0;0;0;0;0;0;0;0;0;0;0;0;0
FR;12;2021-10-15;0;0;0;0;0;0;0;0;0;0;0;0;0;0;0;0;0;0
FR;12;2021-10-16;0;0;0;0;0;0;0;0;0;0;0;0;0;0;0;0;0;0
FR;12;2021-10-17;0;0;0;0;0;0;0;0;0;0;0;0;0;0;0;0;0;0
FR;12;2021-10-18;0;0;0;0;0;0;0;0;0;0;0;0;0;0;0;0;0;0
FR;12;2021-10-19;0;0;0;0;0;0;0;0;0;0;0;0;0;0;0;0;0;0
FR;12;2021-10-20;0;0;0;0;0;0;0;0;0;0;0;0;0;0;0;0;0;0
FR;12;2021-10-21;0;0;0;0;0;0;0;0;0;0;0;0;0;0;0;0;0;0
FR;12;2021-10-22;0;0;0;0;0;0;0;0;0;0;0;0;0;0;0;0;0;0
FR;12;2021-10-23;0;0;0;0;0;0;0;0;0;0;0;0;0;0;0;0;0;0
FR;12;2021-10-24;0;0;0;0;0;0;0;0;0;0;0;0;0;0;0;0;0;0
FR;12;2021-10-25;0;0;0;0;0;0;0;0;0;0;0;0;0;0;0;0;0;0
FR;12;2021-10-26;0;0;0;0;0;0;0;0;0;0;0;0;0;0;0;0;0;0
FR;12;2021-10-27;0;0;0;0;0;0;0;0;0;0;0;0;0;0;0;0;0;0
FR;12;2021-10-28;0;0;0;0;0;0;0;0;0;0;0;0;0;0;0;0;0;0
FR;12;2021-10-29;0;0;0;0;0;0;0;0;0;0;0;0;0;0;0;0;0;0
FR;12;2021-10-30;0;0;0;0;0;0;0;0;0;0;0;0;0;0;0;0;0;0
FR;12;2021-10-31;0;0;0;0;0;0;0;0;0;0;0;0;0;0;0;0;0;0
FR;12;2021-11-01;0;0;0;0;0;0;0;0;0;0;0;0;0;0;0;0;0;0
FR;12;2021-11-02;0;0;0;0;0;0;0;0;0;0;0;0;0;0;0;0;0;0
FR;12;2021-11-03;0;0;0;0;0;0;0;0;0;0;0;0;0;0;0;0;0;0
FR;12;2021-11-04;0;0;0;0;0;0;0;0;0;0;0;0;0;0;0;0;0;0
FR;12;2021-11-05;0;0;0;0;0;0;0;0;0;0;0;0;0;0;0;0;0;0
FR;12;2021-11-06;0;0;0;0;0;0;0;0;0;0;0;0;0;0;0;0;0;0
FR;12;2021-11-07;0;0;0;0;0;0;0;0;0;0;0;0;0;0;0;0;0;0
FR;12;2021-11-08;0;0;0;0;0;0;0;0;0;0;0;0;0;0;0;0;0;0
FR;12;2021-11-09;0;0;0;0;0;0;0;0;0;0;0;0;0;0;0;0;0;0
FR;12;2021-11-10;0;0;0;0;0;0;0;0;0;0;0;0;0;0;0;0;0;0
FR;12;2021-11-11;0;0;0;0;0;0;0;0;0;0;0;0;0;0;0;0;0;0
FR;12;2021-11-12;0;0;0;0;0;0;0;0;0;0;0;0;0;0;0;0;0;0
FR;12;2021-11-13;0;0;0;0;0;0;0;0;0;0;0;0;0;0;0;0;0;0
FR;12;2021-11-14;0;0;0;0;0;0;0;0;0;0;0;0;0;0;0;0;0;0
FR;12;2021-11-15;0;0;0;0;0;0;0;0;0;0;0;0;0;0;0;0;0;0
FR;12;2021-11-16;0;0;0;0;0;0;0;0;0;0;0;0;0;0;0;0;0;0
FR;12;2021-11-17;0;0;0;0;0;0;0;0;0;0;0;0;0;0;0;0;0;0
FR;12;2021-11-18;0;0;0;0;0;0;0;0;0;0;0;0;0;0;0;0;0;0
FR;12;2021-11-19;0;0;0;0;0;0;0;0;0;0;0;0;0;0;0;0;0;0
FR;12;2021-11-20;0;0;0;0;0;0;0;0;0;0;0;0;0;0;0;0;0;0
FR;12;2021-11-21;0;0;0;0;0;0;0;0;0;0;0;0;0;0;0;0;0;0
FR;12;2021-11-22;0;0;0;0;0;0;0;0;0;0;0;0;0;0;0;0;0;0
FR;12;2021-11-23;0;0;0;0;0;0;0;0;0;0;0;0;0;0;0;0;0;0
FR;12;2021-11-24;0;0;0;0;0;0;0;0;0;0;0;0;0;0;0;0;0;0
FR;12;2021-11-25;0;0;0;0;0;0;0;0;0;0;0;0;0;0;0;0;0;0
FR;12;2021-11-26;0;0;0;0;0;0;0;0;0;0;0;0;0;0;0;0;0;0
FR;12;2021-11-27;0;0;0;0;0;0;0;0;0;0;0;0;0;0;0;0;0;0
FR;12;2021-11-28;0;0;0;0;0;0;0;0;0;0;0;0;0;0;0;0;0;0
FR;12;2021-11-29;0;0;0;0;0;0;0;0;0;0;0;0;0;0;0;0;0;0
FR;12;2021-11-30;0;0;0;0;0;0;0;0;0;0;0;0;0;0;0;0;0;0
FR;12;2021-12-01;0;0;0;0;0;0;0;0;0;0;0;0;0;0;0;0;0;0
FR;12;2021-12-02;0;0;0;0;0;0;0;0;0;0;0;0;0;0;0;0;0;0
FR;12;2021-12-03;0;0;0;0;0;0;0;0;0;0;0;0;0;0;0;0;0;0
FR;12;2021-12-04;0;0;0;0;0;0;0;0;0;0;0;0;0;0;0;0;0;0
FR;12;2021-12-05;0;0;0;0;0;0;0;0;0;0;0;0;0;0;0;0;0;0
FR;12;2021-12-06;0;0;0;0;0;0;0;0;0;0;0;0;0;0;0;0;0;0
FR;12;2021-12-07;0;0;0;0;0;0;0;0;0;0;0;0;0;0;0;0;0;0
FR;12;2021-12-08;0;0;0;0;0;0;0;0;0;0;0;0;0;0;0;0;0;0
FR;12;2021-12-09;0;0;0;0;0;0;0;0;0;0;0;0;0;0;0;0;0;0
FR;12;2021-12-10;0;0;0;0;0;0;0;0;0;0;0;0;0;0;0;0;0;0
FR;12;2021-12-11;0;0;0;0;0;0;0;0;0;0;0;0;0;0;0;0;0;0
FR;12;2021-12-12;0;0;0;0;0;0;0;0;0;0;0;0;0;0;0;0;0;0
FR;12;2021-12-13;0;0;0;0;0;0;0;0;0;0;0;0;0;0;0;0;0;0
FR;12;2021-12-14;0;0;0;0;0;0;0;0;0;0;0;0;0;0;0;0;0;0
FR;12;2021-12-15;0;0;0;0;0;0;0;0;0;0;0;0;0;0;0;0;0;0
FR;12;2021-12-16;0;0;0;0;0;0;0;0;0;0;0;0;0;0;0;0;0;0
FR;12;2021-12-17;0;0;0;0;0;0;0;0;0;0;0;0;0;0;0;0;0;0
FR;12;2021-12-18;0;0;0;0;0;0;0;0;0;0;0;0;0;0;0;0;0;0
FR;12;2021-12-19;0;0;0;0;0;0;0;0;0;0;0;0;0;0;0;0;0;0
FR;12;2021-12-20;0;0;0;0;0;0;0;0;0;0;0;0;0;0;0;0;0;0
FR;12;2021-12-21;0;0;0;0;0;0;0;0;0;0;0;0;0;0;0;0;0;0
FR;12;2021-12-22;0;0;0;0;0;0;0;0;0;0;0;0;0;0;0;0;0;0
FR;12;2021-12-23;0;0;0;0;0;0;0;0;0;0;0;0;0;0;0;0;0;0
FR;12;2021-12-24;0;0;0;0;0;0;0;0;0;0;0;0;0;0;0;0;0;0
FR;12;2021-12-25;0;0;0;0;0;0;0;0;0;0;0;0;0;0;0;0;0;0
FR;12;2021-12-26;0;0;0;0;0;0;0;0;0;0;0;0;0;0;0;0;0;0
FR;12;2021-12-27;0;0;0;0;0;0;0;0;0;0;0;0;0;0;0;0;0;0
FR;12;2021-12-28;0;0;0;0;0;0;0;0;0;0;0;0;0;0;0;0;0;0
FR;12;2021-12-29;0;0;0;0;0;0;0;0;0;0;0;0;0;0;0;0;0;0
FR;12;2021-12-30;0;0;0;0;0;0;0;0;0;0;0;0;0;0;0;0;0;0
FR;12;2021-12-31;0;0;0;0;0;0;0;0;0;0;0;0;0;0;0;0;0;0
FR;12;2022-01-01;0;0;0;0;0;0;0;0;0;0;0;0;0;0;0;0;0;0
FR;12;2022-01-02;0;0;0;0;0;0;0;0;0;0;0;0;0;0;0;0;0;0
FR;12;2022-01-03;0;0;0;0;0;0;0;0;0;0;0;0;0;0;0;0;0;0
FR;12;2022-01-04;0;0;0;0;0;0;0;0;0;0;0;0;0;0;0;0;0;0
FR;12;2022-01-05;0;0;0;0;0;0;0;0;0;0;0;0;0;0;0;0;0;0
FR;12;2022-01-06;0;0;0;0;0;0;0;0;0;0;0;0;0;0;0;0;0;0
FR;12;2022-01-07;0;0;0;0;0;0;0;0;0;0;0;0;0;0;0;0;0;0
FR;12;2022-01-08;0;0;0;0;0;0;0;0;0;0;0;0;0;0;0;0;0;0
FR;12;2022-01-09;0;0;0;0;0;0;0;0;0;0;0;0;0;0;0;0;0;0
FR;12;2022-01-10;0;0;0;0;0;0;0;0;0;0;0;0;0;0;0;0;0;0
FR;12;2022-01-11;0;0;0;0;0;0;0;0;0;0;0;0;0;0;0;0;0;0
FR;12;2022-01-12;0;0;0;0;0;0;0;0;0;0;0;0;0;0;0;0;0;0
FR;12;2022-01-13;0;0;0;0;0;0;0;0;0;0;0;0;0;0;0;0;0;0
FR;12;2022-01-14;0;0;0;0;0;0;0;0;0;0;0;0;0;0;0;0;0;0
FR;12;2022-01-15;0;0;0;0;0;0;0;0;0;0;0;0;0;0;0;0;0;0
FR;12;2022-01-16;0;0;0;0;0;0;0;0;0;0;0;0;0;0;0;0;0;0
FR;12;2022-01-17;0;0;0;0;0;0;0;0;0;0;0;0;0;0;0;0;0;0
FR;12;2022-01-18;0;0;0;0;0;0;0;0;0;0;0;0;0;0;0;0;0;0
FR;12;2022-01-19;0;0;0;0;0;0;0;0;0;0;0;0;0;0;0;0;0;0
FR;12;2022-01-20;0;0;0;0;0;0;0;0;0;0;0;0;0;0;0;0;0;0
FR;12;2022-01-21;0;0;0;0;0;0;0;0;0;0;0;0;0;0;0;0;0;0
FR;12;2022-01-22;0;0;0;0;0;0;0;0;0;0;0;0;0;0;0;0;0;0
FR;12;2022-01-23;0;0;0;0;0;0;0;0;0;0;0;0;0;0;0;0;0;0
FR;12;2022-01-24;0;0;0;0;0;0;0;0;0;0;0;0;0;0;0;0;0;0
FR;12;2022-01-25;0;0;0;0;0;0;0;0;0;0;0;0;0;0;0;0;0;0
FR;12;2022-01-26;0;0;0;0;0;0;0;0;0;0;0;0;0;0;0;0;0;0
FR;12;2022-01-27;0;0;0;0;0;0;0;0;0;0;0;0;0;0;0;0;0;0
FR;12;2022-01-28;0;0;0;0;0;0;0;0;0;0;0;0;0;0;0;0;0;0
FR;12;2022-01-29;0;0;0;0;0;0;0;0;0;0;0;0;0;0;0;0;0;0
FR;12;2022-01-30;0;0;0;0;0;0;0;0;0;0;0;0;0;0;0;0;0;0
FR;12;2022-01-31;0;0;0;0;0;0;0;0;0;0;0;0;0;0;0;0;0;0
FR;12;2022-02-01;0;0;0;0;0;0;0;0;0;0;0;0;0;0;0;0;0;0
FR;12;2022-02-02;0;0;0;0;0;0;0;0;0;0;0;0;0;0;0;0;0;0
FR;12;2022-02-03;0;0;0;0;0;0;0;0;0;0;0;0;0;0;0;0;0;0
FR;12;2022-02-04;0;0;0;0;0;0;0;0;0;0;0;0;0;0;0;0;0;0
FR;12;2022-02-05;0;0;0;0;0;0;0;0;0;0;0;0;0;0;0;0;0;0
FR;12;2022-02-06;0;0;0;0;0;0;0;0;0;0;0;0;0;0;0;0;0;0
FR;12;2022-02-07;0;0;0;0;0;0;0;0;0;0;0;0;0;0;0;0;0;0
FR;12;2022-02-08;0;0;0;0;0;0;0;0;0;0;0;0;0;0;0;0;0;0
FR;12;2022-02-09;0;0;0;0;0;0;0;0;0;0;0;0;0;0;0;0;0;0
FR;12;2022-02-10;0;0;0;0;0;0;0;0;0;0;0;0;0;0;0;0;0;0
FR;12;2022-02-11;0;0;0;0;0;0;0;0;0;0;0;0;0;0;0;0;0;0
FR;12;2022-02-12;0;0;0;0;0;0;0;0;0;0;0;0;0;0;0;0;0;0
FR;12;2022-02-13;0;0;0;0;0;0;0;0;0;0;0;0;0;0;0;0;0;0
FR;12;2022-02-14;0;0;0;0;0;0;0;0;0;0;0;0;0;0;0;0;0;0
FR;12;2022-02-15;0;0;0;0;0;0;0;0;0;0;0;0;0;0;0;0;0;0
FR;12;2022-02-16;0;0;0;0;0;0;0;0;0;0;0;0;0;0;0;0;0;0
FR;12;2022-02-17;0;0;0;0;0;0;0;0;0;0;0;0;0;0;0;0;0;0
FR;12;2022-02-18;0;0;0;0;0;0;0;0;0;0;0;0;0;0;0;0;0;0
FR;12;2022-02-19;0;0;0;0;0;0;0;0;0;0;0;0;0;0;0;0;0;0
FR;12;2022-02-20;0;0;0;0;0;0;0;0;0;0;0;0;0;0;0;0;0;0
FR;12;2022-02-21;0;0;0;0;0;0;0;0;0;0;0;0;0;0;0;0;0;0
FR;12;2022-02-22;0;0;0;0;0;0;0;0;0;0;0;0;0;0;0;0;0;0
FR;12;2022-02-23;0;0;0;0;0;0;0;0;0;0;0;0;0;0;0;0;0;0
FR;12;2022-02-24;0;0;0;0;0;0;0;0;0;0;0;0;0;0;0;0;0;0
FR;12;2022-02-25;0;0;0;0;0;0;0;0;0;0;0;0;0;0;0;0;0;0
FR;12;2022-02-26;0;0;0;0;0;0;0;0;0;0;0;0;0;0;0;0;0;0
FR;12;2022-02-27;0;0;0;0;0;0;0;0;0;0;0;0;0;0;0;0;0;0
FR;12;2022-02-28;0;0;0;0;0;0;0;0;0;0;0;0;0;0;0;0;0;0
FR;12;2022-03-01;0;0;0;0;0;0;0;0;0;0;0;0;0;0;0;0;0;0
FR;12;2022-03-02;0;0;0;0;0;0;0;0;0;0;0;0;0;0;0;0;0;0
FR;12;2022-03-03;0;0;0;0;0;0;0;0;0;0;0;0;0;0;0;0;0;0
FR;12;2022-03-04;0;0;0;0;0;0;0;0;0;0;0;0;0;0;0;0;0;0
FR;12;2022-03-05;0;0;0;0;0;0;0;0;0;0;0;0;0;0;0;0;0;0
FR;12;2022-03-06;0;0;0;0;0;0;0;0;0;0;0;0;0;0;0;0;0;0
FR;12;2022-03-07;0;0;0;0;0;0;0;0;0;0;0;0;0;0;0;0;0;0
FR;12;2022-03-08;0;0;0;0;0;0;0;0;0;0;0;0;0;0;0;0;0;0
FR;12;2022-03-09;0;0;0;0;0;0;0;0;0;0;0;0;0;0;0;0;0;0
FR;12;2022-03-10;0;0;0;0;0;0;0;0;0;0;0;0;0;0;0;0;0;0
FR;12;2022-03-11;0;0;0;0;0;0;0;0;0;0;0;0;0;0;0;0;0;0
FR;12;2022-03-12;0;0;0;0;0;0;0;0;0;0;0;0;0;0;0;0;0;0
FR;12;2022-03-13;0;0;0;0;0;0;0;0;0;0;0;0;0;0;0;0;0;0
FR;12;2022-03-14;0;0;0;0;0;0;0;0;0;0;0;0;0;0;0;0;0;0
FR;12;2022-03-15;0;0;0;0;0;0;0;0;0;0;0;0;0;0;0;0;0;0
FR;12;2022-03-16;0;0;0;0;0;0;0;0;0;0;0;0;0;0;0;0;0;0
FR;12;2022-03-17;0;0;0;0;0;0;0;0;0;0;0;0;0;0;0;0;0;0
FR;12;2022-03-18;0;0;0;0;0;0;0;0;0;0;0;0;0;0;0;0;0;0
FR;12;2022-03-19;0;0;0;0;0;0;0;0;0;0;0;0;0;0;0;0;0;0
FR;12;2022-03-20;0;0;0;0;0;0;0;0;0;0;0;0;0;0;0;0;0;0
FR;12;2022-03-21;0;0;0;0;0;0;0;0;0;0;0;0;0;0;0;0;0;0
FR;12;2022-03-22;0;0;0;0;0;0;0;0;0;0;0;0;0;0;0;0;0;0
FR;12;2022-03-23;0;0;0;0;0;0;0;0;0;0;0;0;0;0;0;0;0;0
FR;12;2022-03-24;0;0;0;0;0;0;0;0;0;0;0;0;0;0;0;0;0;0
FR;12;2022-03-25;0;0;0;0;0;0;0;0;0;0;0;0;0;0;0;0;0;0
FR;12;2022-03-26;0;0;0;0;0;0;0;0;0;0;0;0;0;0;0;0;0;0
FR;12;2022-03-27;0;0;0;0;0;0;0;0;0;0;0;0;0;0;0;0;0;0
FR;12;2022-03-28;0;0;0;0;0;0;0;0;0;0;0;0;0;0;0;0;0;0
FR;12;2022-03-29;0;0;0;0;0;0;0;0;0;0;0;0;0;0;0;0;0;0
FR;12;2022-03-30;0;0;0;0;0;0;0;0;0;0;0;0;0;0;0;0;0;0
FR;12;2022-03-31;0;0;0;0;0;0;0;0;0;0;0;0;0;0;0;0;0;0
FR;12;2022-04-01;0;0;0;0;0;0;0;0;0;0;0;0;0;0;0;0;0;0
FR;12;2022-04-02;0;0;0;0;0;0;0;0;0;0;0;0;0;0;0;0;0;0
FR;12;2022-04-03;0;0;0;0;0;0;0;0;0;0;0;0;0;0;0;0;0;0
FR;12;2022-04-04;0;0;0;0;0;0;0;0;0;0;0;0;0;0;0;0;0;0
FR;12;2022-04-05;0;0;0;0;0;0;0;0;0;0;0;0;0;0;0;0;0;0
FR;12;2022-04-06;0;0;0;0;0;0;0;0;0;0;0;0;0;0;0;0;0;0
FR;12;2022-04-07;0;0;0;0;0;0;0;0;0;0;0;0;0;0;0;0;0;0
FR;12;2022-04-08;0;0;0;0;0;0;0;0;0;0;0;0;0;0;0;0;0;0
FR;12;2022-04-09;0;0;0;0;0;0;0;0;0;0;0;0;0;0;0;0;0;0
FR;12;2022-04-10;0;0;0;0;0;0;0;0;0;0;0;0;0;0;0;0;0;0
FR;12;2022-04-11;0;0;0;0;0;0;0;0;0;0;0;0;0;0;0;0;0;0
FR;12;2022-04-12;0;0;0;0;0;0;0;0;0;0;0;0;0;0;0;0;0;0
FR;12;2022-04-13;0;0;0;0;0;0;0;0;0;0;0;0;0;0;0;0;0;0
FR;12;2022-04-14;0;0;0;0;0;0;0;0;0;0;0;0;0;0;0;0;0;0
FR;12;2022-04-15;0;0;0;0;0;0;0;0;0;0;0;0;0;0;0;0;0;0
FR;12;2022-04-16;0;0;0;0;0;0;0;0;0;0;0;0;0;0;0;0;0;0
FR;12;2022-04-17;0;0;0;0;0;0;0;0;0;0;0;0;0;0;0;0;0;0
FR;12;2022-04-18;0;0;0;0;0;0;0;0;0;0;0;0;0;0;0;0;0;0
FR;12;2022-04-19;0;0;0;0;0;0;0;0;0;0;0;0;0;0;0;0;0;0
FR;12;2022-04-20;0;0;0;0;0;0;0;0;0;0;0;0;0;0;0;0;0;0
FR;12;2022-04-21;0;0;0;0;0;0;0;0;0;0;0;0;0;0;0;0;0;0
FR;12;2022-04-22;0;0;0;0;0;0;0;0;0;0;0;0;0;0;0;0;0;0
FR;12;2022-04-23;0;0;0;0;0;0;0;0;0;0;0;0;0;0;0;0;0;0
FR;12;2022-04-24;0;0;0;0;0;0;0;0;0;0;0;0;0;0;0;0;0;0
FR;12;2022-04-25;0;0;0;0;0;0;0;0;0;0;0;0;0;0;0;0;0;0
FR;12;2022-04-26;0;0;0;0;0;0;0;0;0;0;0;0;0;0;0;0;0;0
FR;12;2022-04-27;0;0;0;0;0;0;0;0;0;0;0;0;0;0;0;0;0;0
FR;12;2022-04-28;0;0;0;0;0;0;0;0;0;0;0;0;0;0;0;0;0;0
FR;12;2022-04-29;0;0;0;0;0;0;0;0;0;0;0;0;0;0;0;0;0;0
FR;12;2022-04-30;0;0;0;0;0;0;0;0;0;0;0;0;0;0;0;0;0;0
FR;12;2022-05-01;0;0;0;0;0;0;0;0;0;0;0;0;0;0;0;0;0;0
FR;12;2022-05-02;0;0;0;0;0;0;0;0;0;0;0;0;0;0;0;0;0;0
FR;12;2022-05-03;0;0;0;0;0;0;0;0;0;0;0;0;0;0;0;0;0;0
FR;12;2022-05-04;0;0;0;0;0;0;0;0;0;0;0;0;0;0;0;0;0;0
FR;12;2022-05-05;0;0;0;0;0;0;0;0;0;0;0;0;0;0;0;0;0;0
FR;12;2022-05-06;0;0;0;0;0;0;0;0;0;0;0;0;0;0;0;0;0;0
FR;12;2022-05-07;0;0;0;0;0;0;0;0;0;0;0;0;0;0;0;0;0;0
FR;12;2022-05-08;0;0;0;0;0;0;0;0;0;0;0;0;0;0;0;0;0;0
FR;12;2022-05-09;0;0;0;0;0;0;0;0;0;0;0;0;0;0;0;0;0;0
FR;12;2022-05-10;0;0;0;0;0;0;0;0;0;0;0;0;0;0;0;0;0;0
FR;12;2022-05-11;0;0;0;0;0;0;0;0;0;0;0;0;0;0;0;0;0;0
FR;12;2022-05-12;0;0;0;0;0;0;0;0;0;0;0;0;0;0;0;0;0;0
FR;12;2022-05-13;0;0;0;0;0;0;0;0;0;0;0;0;0;0;0;0;0;0
FR;12;2022-05-14;0;0;0;0;0;0;0;0;0;0;0;0;0;0;0;0;0;0
FR;12;2022-05-15;0;0;0;0;0;0;0;0;0;0;0;0;0;0;0;0;0;0
FR;12;2022-05-16;0;0;0;0;0;0;0;0;0;0;0;0;0;0;0;0;0;0
FR;12;2022-05-17;0;0;0;0;0;0;0;0;0;0;0;0;0;0;0;0;0;0
FR;12;2022-05-18;0;0;0;0;0;0;0;0;0;0;0;0;0;0;0;0;0;0
FR;12;2022-05-19;0;0;0;0;0;0;0;0;0;0;0;0;0;0;0;0;0;0
FR;12;2022-05-20;0;0;0;0;0;0;0;0;0;0;0;0;0;0;0;0;0;0
FR;12;2022-05-21;0;0;0;0;0;0;0;0;0;0;0;0;0;0;0;0;0;0
FR;12;2022-05-22;0;0;0;0;0;0;0;0;0;0;0;0;0;0;0;0;0;0
FR;12;2022-05-23;0;0;0;0;0;0;0;0;0;0;0;0;0;0;0;0;0;0
FR;12;2022-05-24;0;0;0;0;0;0;0;0;0;0;0;0;0;0;0;0;0;0
FR;12;2022-05-25;0;0;0;0;0;0;0;0;0;0;0;0;0;0;0;0;0;0
FR;12;2022-05-26;0;0;0;0;0;0;0;0;0;0;0;0;0;0;0;0;0;0
FR;12;2022-05-27;0;0;0;0;0;0;0;0;0;0;0;0;0;0;0;0;0;0
FR;12;2022-05-28;0;0;0;0;0;0;0;0;0;0;0;0;0;0;0;0;0;0
FR;12;2022-05-29;0;0;0;0;0;0;0;0;0;0;0;0;0;0;0;0;0;0
FR;12;2022-05-30;0;0;0;0;0;0;0;0;0;0;0;0;0;0;0;0;0;0
FR;12;2022-05-31;0;0;0;0;0;0;0;0;0;0;0;0;0;0;0;0;0;0
FR;12;2022-06-01;0;0;0;0;0;0;0;0;0;0;0;0;0;0;0;0;0;0
FR;12;2022-06-02;0;0;0;0;0;0;0;0;0;0;0;0;0;0;0;0;0;0
FR;12;2022-06-03;0;0;0;0;0;0;0;0;0;0;0;0;0;0;0;0;0;0
FR;12;2022-06-04;0;0;0;0;0;0;0;0;0;0;0;0;0;0;0;0;0;0
FR;12;2022-06-05;0;0;0;0;0;0;0;0;0;0;0;0;0;0;0;0;0;0
FR;12;2022-06-06;0;0;0;0;0;0;0;0;0;0;0;0;0;0;0;0;0;0
FR;12;2022-06-07;0;0;0;0;0;0;0;0;0;0;0;0;0;0;0;0;0;0
FR;12;2022-06-08;0;0;0;0;0;0;0;0;0;0;0;0;0;0;0;0;0;0
FR;12;2022-06-09;0;0;0;0;0;0;0;0;0;0;0;0;0;0;0;0;0;0
FR;12;2022-06-10;0;0;0;0;0;0;0;0;0;0;0;0;0;0;0;0;0;0
FR;12;2022-06-11;0;0;0;0;0;0;0;0;0;0;0;0;0;0;0;0;0;0
FR;12;2022-06-12;0;0;0;0;0;0;0;0;0;0;0;0;0;0;0;0;0;0
FR;12;2022-06-13;0;0;0;0;0;0;0;0;0;0;0;0;0;0;0;0;0;0
FR;12;2022-06-14;0;0;0;0;0;0;0;0;0;0;0;0;0;0;0;0;0;0
FR;12;2022-06-15;0;0;0;0;0;0;0;0;0;0;0;0;0;0;0;0;0;0
FR;12;2022-06-16;0;0;0;0;0;0;0;0;0;0;0;0;0;0;0;0;0;0
FR;12;2022-06-17;0;0;0;0;0;0;0;0;0;0;0;0;0;0;0;0;0;0
FR;12;2022-06-18;0;0;0;0;0;0;0;0;0;0;0;0;0;0;0;0;0;0
FR;12;2022-06-19;0;0;0;0;0;0;0;0;0;0;0;0;0;0;0;0;0;0
FR;12;2022-06-20;0;0;0;0;0;0;0;0;0;0;0;0;0;0;0;0;0;0
FR;12;2022-06-21;0;0;0;0;0;0;0;0;0;0;0;0;0;0;0;0;0;0
FR;12;2022-06-22;0;0;0;0;0;0;0;0;0;0;0;0;0;0;0;0;0;0
FR;12;2022-06-23;0;0;0;0;0;0;0;0;0;0;0;0;0;0;0;0;0;0
FR;12;2022-06-24;0;0;0;0;0;0;0;0;0;0;0;0;0;0;0;0;0;0
FR;12;2022-06-25;0;0;0;0;0;0;0;0;0;0;0;0;0;0;0;0;0;0
FR;12;2022-06-26;0;0;0;0;0;0;0;0;0;0;0;0;0;0;0;0;0;0
FR;12;2022-06-27;0;0;0;0;0;0;0;0;0;0;0;0;0;0;0;0;0;0
FR;12;2022-06-28;0;0;0;0;0;0;0;0;0;0;0;0;0;0;0;0;0;0
FR;12;2022-06-29;0;0;0;0;0;0;0;0;0;0;0;0;0;0;0;0;0;0
FR;12;2022-06-30;0;0;0;0;0;0;0;0;0;0;0;0;0;0;0;0;0;0
FR;12;2022-07-01;0;0;0;0;0;0;0;0;0;0;0;0;0;0;0;0;0;0
FR;12;2022-07-02;0;0;0;0;0;0;0;0;0;0;0;0;0;0;0;0;0;0
FR;12;2022-07-03;0;0;0;0;0;0;0;0;0;0;0;0;0;0;0;0;0;0
FR;12;2022-07-04;0;0;0;0;0;0;0;0;0;0;0;0;0;0;0;0;0;0
FR;12;2022-07-05;0;0;0;0;0;0;0;0;0;0;0;0;0;0;0;0;0;0
FR;12;2022-07-06;0;0;0;0;0;0;0;0;0;0;0;0;0;0;0;0;0;0
FR;12;2022-07-07;0;0;0;0;0;0;0;0;0;0;0;0;0;0;0;0;0;0
FR;12;2022-07-08;0;0;0;0;0;0;0;0;0;0;0;0;0;0;0;0;0;0
FR;12;2022-07-09;0;0;0;0;0;0;0;0;0;0;0;0;0;0;0;0;0;0
FR;12;2022-07-10;0;0;0;0;0;0;0;0;0;0;0;0;0;0;0;0;0;0
FR;12;2022-07-11;0;0;0;0;0;0;0;0;0;0;0;0;0;0;0;0;0;0
FR;12;2022-07-12;0;0;0;0;0;0;0;0;0;0;0;0;0;0;0;0;0;0
FR;12;2022-07-13;0;0;0;0;0;0;0;0;0;0;0;0;0;0;0;0;0;0
FR;12;2022-07-14;0;0;0;0;0;0;0;0;0;0;0;0;0;0;0;0;0;0
FR;12;2022-07-15;0;0;0;0;0;0;0;0;0;0;0;0;0;0;0;0;0;0
FR;12;2022-07-16;0;0;0;0;0;0;0;0;0;0;0;0;0;0;0;0;0;0
FR;12;2022-07-17;0;0;0;0;0;0;0;0;0;0;0;0;0;0;0;0;0;0
FR;12;2022-07-18;0;0;0;0;0;0;0;0;0;0;0;0;0;0;0;0;0;0
FR;12;2022-07-19;0;0;0;0;0;0;0;0;0;0;0;0;0;0;0;0;0;0
FR;12;2022-07-20;0;0;0;0;0;0;0;0;0;0;0;0;0;0;0;0;0;0
FR;12;2022-07-21;0;0;0;0;0;0;0;0;0;0;0;0;0;0;0;0;0;0
FR;12;2022-07-22;0;0;0;0;0;0;0;0;0;0;0;0;0;0;0;0;0;0
FR;12;2022-07-23;0;0;0;0;0;0;0;0;0;0;0;0;0;0;0;0;0;0
FR;12;2022-07-24;0;0;0;0;0;0;0;0;0;0;0;0;0;0;0;0;0;0
FR;12;2022-07-25;0;0;0;0;0;0;0;0;0;0;0;0;0;0;0;0;0;0
FR;12;2022-07-26;0;0;0;0;0;0;0;0;0;0;0;0;0;0;0;0;0;0
FR;12;2022-07-27;0;0;0;0;0;0;0;0;0;0;0;0;0;0;0;0;0;0
FR;12;2022-07-28;0;0;0;0;0;0;0;0;0;0;0;0;0;0;0;0;0;0
FR;12;2022-07-29;0;0;0;0;0;0;0;0;0;0;0;0;0;0;0;0;0;0
FR;12;2022-07-30;0;0;0;0;0;0;0;0;0;0;0;0;0;0;0;0;0;0
FR;12;2022-07-31;0;0;0;0;0;0;0;0;0;0;0;0;0;0;0;0;0;0
FR;12;2022-08-01;0;0;0;0;0;0;0;0;0;0;0;0;0;0;0;0;0;0
FR;12;2022-08-02;0;0;0;0;0;0;0;0;0;0;0;0;0;0;0;0;0;0
FR;12;2022-08-03;0;0;0;0;0;0;0;0;0;0;0;0;0;0;0;0;0;0
FR;12;2022-08-04;0;0;0;0;0;0;0;0;0;0;0;0;0;0;0;0;0;0
FR;12;2022-08-05;0;0;0;0;0;0;0;0;0;0;0;0;0;0;0;0;0;0
FR;12;2022-08-06;0;0;0;0;0;0;0;0;0;0;0;0;0;0;0;0;0;0
FR;12;2022-08-07;0;0;0;0;0;0;0;0;0;0;0;0;0;0;0;0;0;0
FR;12;2022-08-08;0;0;0;0;0;0;0;0;0;0;0;0;0;0;0;0;0;0
FR;12;2022-08-09;0;0;0;0;0;0;0;0;0;0;0;0;0;0;0;0;0;0
FR;12;2022-08-10;0;0;0;0;0;0;0;0;0;0;0;0;0;0;0;0;0;0
FR;12;2022-08-11;0;0;0;0;0;0;0;0;0;0;0;0;0;0;0;0;0;0
FR;12;2022-08-12;0;0;0;0;0;0;0;0;0;0;0;0;0;0;0;0;0;0
FR;12;2022-08-13;0;0;0;0;0;0;0;0;0;0;0;0;0;0;0;0;0;0
FR;12;2022-08-14;0;0;0;0;0;0;0;0;0;0;0;0;0;0;0;0;0;0
FR;12;2022-08-15;0;0;0;0;0;0;0;0;0;0;0;0;0;0;0;0;0;0
FR;12;2022-08-16;0;0;0;0;0;0;0;0;0;0;0;0;0;0;0;0;0;0
FR;12;2022-08-17;0;0;0;0;0;0;0;0;0;0;0;0;0;0;0;0;0;0
FR;12;2022-08-18;0;0;0;0;0;0;0;0;0;0;0;0;0;0;0;0;0;0
FR;12;2022-08-19;0;0;0;0;0;0;0;0;0;0;0;0;0;0;0;0;0;0
FR;12;2022-08-20;0;0;0;0;0;0;0;0;0;0;0;0;0;0;0;0;0;0
FR;12;2022-08-21;0;0;0;0;0;0;0;0;0;0;0;0;0;0;0;0;0;0
FR;12;2022-08-22;0;0;0;0;0;0;0;0;0;0;0;0;0;0;0;0;0;0
FR;12;2022-08-23;0;0;0;0;0;0;0;0;0;0;0;0;0;0;0;0;0;0
FR;12;2022-08-24;0;0;0;0;0;0;0;0;0;0;0;0;0;0;0;0;0;0
FR;12;2022-08-25;0;0;0;0;0;0;0;0;0;0;0;0;0;0;0;0;0;0
FR;12;2022-08-26;0;0;0;0;0;0;0;0;0;0;0;0;0;0;0;0;0;0
FR;12;2022-08-27;0;0;0;0;0;0;0;0;0;0;0;0;0;0;0;0;0;0
FR;12;2022-08-28;0;0;0;0;0;0;0;0;0;0;0;0;0;0;0;0;0;0
FR;12;2022-08-29;0;0;0;0;0;0;0;0;0;0;0;0;0;0;0;0;0;0
FR;12;2022-08-30;0;0;0;0;0;0;0;0;0;0;0;0;0;0;0;0;0;0
FR;12;2022-08-31;0;0;0;0;0;0;0;0;0;0;0;0;0;0;0;0;0;0
FR;12;2022-09-01;0;0;0;0;0;0;0;0;0;0;0;0;0;0;0;0;0;0
FR;12;2022-09-02;0;0;0;0;0;0;0;0;0;0;0;0;0;0;0;0;0;0
FR;12;2022-09-03;0;0;0;0;0;0;0;0;0;0;0;0;0;0;0;0;0;0
FR;12;2022-09-04;0;0;0;0;0;0;0;0;0;0;0;0;0;0;0;0;0;0
FR;12;2022-09-05;0;0;0;0;0;0;0;0;0;0;0;0;0;0;0;0;0;0
FR;12;2022-09-06;0;0;0;0;0;0;0;0;0;0;0;0;0;0;0;0;0;0
FR;12;2022-09-07;0;0;0;0;0;0;0;0;0;0;0;0;0;0;0;0;0;0
FR;12;2022-09-08;0;0;0;0;0;0;0;0;0;0;0;0;0;0;0;0;0;0
FR;12;2022-09-09;0;0;0;0;0;0;0;0;0;0;0;0;0;0;0;0;0;0
FR;12;2022-09-10;0;0;0;0;0;0;0;0;0;0;0;0;0;0;0;0;0;0
FR;12;2022-09-11;0;0;0;0;0;0;0;0;0;0;0;0;0;0;0;0;0;0
FR;12;2022-09-12;0;0;0;0;0;0;0;0;0;0;0;0;0;0;0;0;0;0
FR;12;2022-09-13;0;0;0;0;0;0;0;0;0;0;0;0;0;0;0;0;0;0
FR;12;2022-09-14;0;0;0;0;0;0;0;0;0;0;0;0;0;0;0;0;0;0
FR;12;2022-09-15;0;0;0;0;0;0;0;0;0;0;0;0;0;0;0;0;0;0
FR;12;2022-09-16;0;0;0;0;0;0;0;0;0;0;0;0;0;0;0;0;0;0
FR;12;2022-09-17;0;0;0;0;0;0;0;0;0;0;0;0;0;0;0;0;0;0
FR;12;2022-09-18;0;0;0;0;0;0;0;0;0;0;0;0;0;0;0;0;0;0
FR;12;2022-09-19;0;0;0;0;0;0;0;0;0;0;0;0;0;0;0;0;0;0
FR;12;2022-09-20;0;0;0;0;0;0;0;0;0;0;0;0;0;0;0;0;0;0
FR;12;2022-09-21;0;0;0;0;0;0;0;0;0;0;0;0;0;0;0;0;0;0
FR;12;2022-09-22;0;0;0;0;0;0;0;0;0;0;0;0;0;0;0;0;0;0
FR;12;2022-09-23;0;0;0;0;0;0;0;0;0;0;0;0;0;0;0;0;0;0
FR;12;2022-09-24;0;0;0;0;0;0;0;0;0;0;0;0;0;0;0;0;0;0
FR;12;2022-09-25;0;0;0;0;0;0;0;0;0;0;0;0;0;0;0;0;0;0
FR;12;2022-09-26;0;0;0;0;0;0;0;0;0;0;0;0;0;0;0;0;0;0
FR;12;2022-09-27;0;0;0;0;0;0;0;0;0;0;0;0;0;0;0;0;0;0
FR;12;2022-09-28;0;0;0;0;0;0;0;0;0;0;0;0;0;0;0;0;0;0
FR;12;2022-09-29;0;0;0;0;0;0;0;0;0;0;0;0;0;0;0;0;0;0
FR;12;2022-09-30;0;0;0;0;0;0;0;0;0;0;0;0;0;0;0;0;0;0
FR;12;2022-10-01;0;0;0;0;0;0;0;0;0;0;0;0;0;0;0;0;0;0
FR;12;2022-10-02;0;0;0;0;0;0;0;0;0;0;0;0;0;0;0;0;0;0
FR;12;2022-10-03;0;0;0;0;0;0;0;0;0;0;0;0;0;0;0;0;0;0
FR;12;2022-10-04;0;0;0;0;0;0;0;0;0;0;0;0;0;0;0;0;0;0
FR;12;2022-10-05;0;0;0;0;0;0;0;0;0;0;0;0;0;0;0;0;0;0
FR;12;2022-10-06;0;0;0;0;0;0;0;0;0;0;0;0;0;0;0;0;0;0
FR;12;2022-10-07;0;0;0;0;0;0;0;0;0;0;0;0;0;0;0;0;0;0
FR;12;2022-10-08;0;0;0;0;0;0;0;0;0;0;0;0;0;0;0;0;0;0
FR;12;2022-10-09;0;0;0;0;0;0;0;0;0;0;0;0;0;0;0;0;0;0
FR;12;2022-10-10;0;0;0;0;0;0;0;0;0;0;0;0;0;0;0;0;0;0
FR;12;2022-10-11;0;0;0;0;0;0;0;0;0;0;0;0;0;0;0;0;0;0
FR;12;2022-10-12;0;0;0;0;0;0;0;0;0;0;0;0;0;0;0;0;0;0
FR;12;2022-10-13;0;0;0;0;0;0;0;0;0;0;0;0;0;0;0;0;0;0
FR;12;2022-10-14;0;0;0;0;0;0;0;0;0;0;0;0;0;0;0;0;0;0
FR;12;2022-10-15;0;0;0;0;0;0;0;0;0;0;0;0;0;0;0;0;0;0
FR;12;2022-10-16;0;0;0;0;0;0;0;0;0;0;0;0;0;0;0;0;0;0
FR;12;2022-10-17;0;0;0;0;0;0;0;0;0;0;0;0;0;0;0;0;0;0
FR;12;2022-10-18;0;0;0;0;0;0;0;0;0;0;0;0;0;0;0;0;0;0
FR;12;2022-10-19;0;0;0;0;0;0;0;0;0;0;0;0;0;0;0;0;0;0
FR;12;2022-10-20;0;0;0;0;0;0;0;0;0;0;0;0;0;0;0;0;0;0
FR;12;2022-10-21;0;0;0;0;0;0;0;0;0;0;0;0;0;0;0;0;0;0
FR;12;2022-10-22;0;0;0;0;0;0;0;0;0;0;0;0;0;0;0;0;0;0
FR;12;2022-10-23;0;0;0;0;0;0;0;0;0;0;0;0;0;0;0;0;0;0
FR;12;2022-10-24;0;0;0;0;0;0;0;0;0;0;0;0;0;0;0;0;0;0
FR;12;2022-10-25;0;0;0;0;0;0;0;0;0;0;0;0;0;0;0;0;0;0
FR;12;2022-10-26;0;0;0;0;0;0;0;0;0;0;0;0;0;0;0;0;0;0
FR;12;2022-10-27;0;0;0;0;0;0;0;0;0;0;0;0;0;0;0;0;0;0
FR;12;2022-10-28;0;0;0;0;0;0;0;0;0;0;0;0;0;0;0;0;0;0
FR;12;2022-10-29;0;0;0;0;0;0;0;0;0;0;0;0;0;0;0;0;0;0
FR;12;2022-10-30;0;0;0;0;0;0;0;0;0;0;0;0;0;0;0;0;0;0
FR;12;2022-10-31;0;0;0;0;0;0;0;0;0;0;0;0;0;0;0;0;0;0
FR;12;2022-11-01;0;0;0;0;0;0;0;0;0;0;0;0;0;0;0;0;0;0
FR;12;2022-11-02;0;0;0;0;0;0;0;0;0;0;0;0;0;0;0;0;0;0
FR;12;2022-11-03;0;0;0;0;0;0;0;0;0;0;0;0;0;0;0;0;0;0
FR;12;2022-11-04;0;0;0;0;0;0;0;0;0;0;0;0;0;0;0;0;0;0
FR;12;2022-11-05;0;0;0;0;0;0;0;0;0;0;0;0;0;0;0;0;0;0
FR;12;2022-11-06;0;0;0;0;0;0;0;0;0;0;0;0;0;0;0;0;0;0
FR;12;2022-11-07;0;0;0;0;0;0;0;0;0;0;0;0;0;0;0;0;0;0
FR;12;2022-11-08;0;0;0;0;0;0;0;0;0;0;0;0;0;0;0;0;0;0
FR;12;2022-11-09;0;0;0;0;0;0;0;0;0;0;0;0;0;0;0;0;0;0
FR;12;2022-11-10;0;0;0;0;0;0;0;0;0;0;0;0;0;0;0;0;0;0
FR;12;2022-11-11;0;0;0;0;0;0;0;0;0;0;0;0;0;0;0;0;0;0
FR;12;2022-11-12;0;0;0;0;0;0;0;0;0;0;0;0;0;0;0;0;0;0
FR;12;2022-11-13;0;0;0;0;0;0;0;0;0;0;0;0;0;0;0;0;0;0
FR;12;2022-11-14;0;0;0;0;0;0;0;0;0;0;0;0;0;0;0;0;0;0
FR;12;2022-11-15;0;0;0;0;0;0;0;0;0;0;0;0;0;0;0;0;0;0
FR;12;2022-11-16;0;0;0;0;0;0;0;0;0;0;0;0;0;0;0;0;0;0
FR;12;2022-11-17;0;0;0;0;0;0;0;0;0;0;0;0;0;0;0;0;0;0
FR;12;2022-11-18;0;0;0;0;0;0;0;0;0;0;0;0;0;0;0;0;0;0
FR;12;2022-11-19;0;0;0;0;0;0;0;0;0;0;0;0;0;0;0;0;0;0
FR;12;2022-11-20;0;0;0;0;0;0;0;0;0;0;0;0;0;0;0;0;0;0
FR;12;2022-11-21;0;0;0;0;0;0;0;0;0;0;0;0;0;0;0;0;0;0
FR;12;2022-11-22;0;0;0;0;0;0;0;0;0;0;0;0;0;0;0;0;0;0
FR;12;2022-11-23;0;0;0;0;0;0;0;0;0;0;0;0;0;0;0;0;0;0
FR;12;2022-11-24;0;0;0;0;0;0;0;0;0;0;0;0;0;0;0;0;0;0
FR;12;2022-11-25;0;0;0;0;0;0;0;0;0;0;0;0;0;0;0;0;0;0
FR;12;2022-11-26;0;0;0;0;0;0;0;0;0;0;0;0;0;0;0;0;0;0
FR;12;2022-11-27;0;0;0;0;0;0;0;0;0;0;0;0;0;0;0;0;0;0
FR;12;2022-11-28;0;0;0;0;0;0;0;0;0;0;0;0;0;0;0;0;0;0
FR;12;2022-11-29;0;0;0;0;0;0;0;0;0;0;0;0;0;0;0;0;0;0
FR;12;2022-11-30;0;0;0;0;0;0;0;0;0;0;0;0;0;0;0;0;0;0
FR;12;2022-12-01;0;0;0;0;0;0;0;0;0;0;0;0;0;0;0;0;0;0
FR;12;2022-12-02;0;0;0;0;0;0;0;0;0;0;0;0;0;0;0;0;0;0
FR;12;2022-12-03;0;0;0;0;0;0;0;0;0;0;0;0;0;0;0;0;0;0
FR;12;2022-12-04;0;0;0;0;0;0;0;0;0;0;0;0;0;0;0;0;0;0
FR;12;2022-12-05;0;0;0;0;0;0;0;0;0;0;0;0;0;0;0;0;0;0
FR;12;2022-12-06;0;0;0;0;0;0;0;0;0;0;0;0;0;0;0;0;0;0
FR;12;2022-12-07;0;0;0;0;0;0;0;0;0;0;0;0;0;0;0;0;0;0
FR;12;2022-12-08;0;0;0;0;0;0;0;0;0;0;0;0;0;0;0;0;0;0
FR;12;2022-12-09;0;0;0;0;0;0;0;0;0;0;0;0;0;0;0;0;0;0
FR;12;2022-12-10;0;0;0;0;0;0;0;0;0;0;0;0;0;0;0;0;0;0
FR;12;2022-12-11;0;0;0;0;0;0;0;0;0;0;0;0;0;0;0;0;0;0
FR;12;2022-12-12;0;0;0;0;0;0;0;0;0;0;0;0;0;0;0;0;0;0
FR;12;2022-12-13;0;0;0;0;0;0;0;0;0;0;0;0;0;0;0;0;0;0
FR;12;2022-12-14;0;0;0;0;0;0;0;0;0;0;0;0;0;0;0;0;0;0
FR;12;2022-12-15;0;0;0;0;0;0;0;0;0;0;0;0;0;0;0;0;0;0
FR;12;2022-12-16;0;0;0;0;0;0;0;0;0;0;0;0;0;0;0;0;0;0
FR;12;2022-12-17;0;0;0;0;0;0;0;0;0;0;0;0;0;0;0;0;0;0
FR;12;2022-12-18;0;0;0;0;0;0;0;0;0;0;0;0;0;0;0;0;0;0
FR;12;2022-12-19;0;0;0;0;0;0;0;0;0;0;0;0;0;0;0;0;0;0
FR;12;2022-12-20;0;0;0;0;0;0;0;0;0;0;0;0;0;0;0;0;0;0
FR;12;2022-12-21;0;0;0;0;0;0;0;0;0;0;0;0;0;0;0;0;0;0
FR;12;2022-12-22;0;0;0;0;0;0;0;0;0;0;0;0;0;0;0;0;0;0
FR;12;2022-12-23;0;0;0;0;0;0;0;0;0;0;0;0;0;0;0;0;0;0
FR;12;2022-12-24;0;0;0;0;0;0;0;0;0;0;0;0;0;0;0;0;0;0
FR;12;2022-12-25;0;0;0;0;0;0;0;0;0;0;0;0;0;0;0;0;0;0
FR;12;2022-12-26;0;0;0;0;0;0;0;0;0;0;0;0;0;0;0;0;0;0
FR;12;2022-12-27;0;0;0;0;0;0;0;0;0;0;0;0;0;0;0;0;0;0
FR;12;2022-12-28;0;0;0;0;0;0;0;0;0;0;0;0;0;0;0;0;0;0
FR;12;2022-12-29;0;0;0;0;0;0;0;0;0;0;0;0;0;0;0;0;0;0
FR;12;2022-12-30;0;0;0;0;0;0;0;0;0;0;0;0;0;0;0;0;0;0
FR;12;2022-12-31;0;0;0;0;0;0;0;0;0;0;0;0;0;0;0;0;0;0
FR;12;2023-01-01;0;0;0;0;0;0;0;0;0;0;0;0;0;0;0;0;0;0
FR;12;2023-01-02;0;0;0;0;0;0;0;0;0;0;0;0;0;0;0;0;0;0
FR;12;2023-01-03;0;0;0;0;0;0;0;0;0;0;0;0;0;0;0;0;0;0
FR;12;2023-01-04;0;0;0;0;0;0;0;0;0;0;0;0;0;0;0;0;0;0
FR;12;2023-01-05;0;0;0;0;0;0;0;0;0;0;0;0;0;0;0;0;0;0
FR;12;2023-01-06;0;0;0;0;0;0;0;0;0;0;0;0;0;0;0;0;0;0
FR;12;2023-01-07;0;0;0;0;0;0;0;0;0;0;0;0;0;0;0;0;0;0
FR;12;2023-01-08;0;0;0;0;0;0;0;0;0;0;0;0;0;0;0;0;0;0
FR;12;2023-01-09;0;0;0;0;0;0;0;0;0;0;0;0;0;0;0;0;0;0
FR;12;2023-01-10;0;0;0;0;0;0;0;0;0;0;0;0;0;0;0;0;0;0
FR;12;2023-01-11;0;0;0;0;0;0;0;0;0;0;0;0;0;0;0;0;0;0
FR;12;2023-01-12;0;0;0;0;0;0;0;0;0;0;0;0;0;0;0;0;0;0
FR;12;2023-01-13;0;0;0;0;0;0;0;0;0;0;0;0;0;0;0;0;0;0
FR;12;2023-01-14;0;0;0;0;0;0;0;0;0;0;0;0;0;0;0;0;0;0
FR;12;2023-01-15;0;0;0;0;0;0;0;0;0;0;0;0;0;0;0;0;0;0
FR;12;2023-01-16;0;0;0;0;0;0;0;0;0;0;0;0;0;0;0;0;0;0
FR;12;2023-01-17;0;0;0;0;0;0;0;0;0;0;0;0;0;0;0;0;0;0
FR;12;2023-01-18;0;0;0;0;0;0;0;0;0;0;0;0;0;0;0;0;0;0
FR;12;2023-01-19;0;0;0;0;0;0;0;0;0;0;0;0;0;0;0;0;0;0
FR;12;2023-01-20;0;0;0;0;0;0;0;0;0;0;0;0;0;0;0;0;0;0
FR;12;2023-01-21;0;0;0;0;0;0;0;0;0;0;0;0;0;0;0;0;0;0
FR;12;2023-01-22;0;0;0;0;0;0;0;0;0;0;0;0;0;0;0;0;0;0
FR;12;2023-01-23;0;0;0;0;0;0;0;0;0;0;0;0;0;0;0;0;0;0
FR;12;2023-01-24;0;0;0;0;0;0;0;0;0;0;0;0;0;0;0;0;0;0
FR;12;2023-01-25;0;0;0;0;0;0;0;0;0;0;0;0;0;0;0;0;0;0
FR;12;2023-01-26;0;0;0;0;0;0;0;0;0;0;0;0;0;0;0;0;0;0
FR;12;2023-01-27;0;0;0;0;0;0;0;0;0;0;0;0;0;0;0;0;0;0
FR;12;2023-01-28;0;0;0;0;0;0;0;0;0;0;0;0;0;0;0;0;0;0
FR;12;2023-01-29;0;0;0;0;0;0;0;0;0;0;0;0;0;0;0;0;0;0
FR;12;2023-01-30;0;0;0;0;0;0;0;0;0;0;0;0;0;0;0;0;0;0
FR;12;2023-01-31;0;0;0;0;0;0;0;0;0;0;0;0;0;0;0;0;0;0
FR;12;2023-02-01;0;0;0;0;0;0;0;0;0;0;0;0;0;0;0;0;0;0
FR;12;2023-02-02;0;0;0;1;0;0;0;2;2;0;0;0;1;0;0;0;2;2
FR;12;2023-02-03;0;1;6;57;0;4;58;141;77;0;1;6;58;0;4;58;143;79
FR;12;2023-02-04;1;3;6;51;1;5;52;110;52;1;4;12;109;1;9;110;253;131
FR;12;2023-02-05;0;0;0;0;0;0;0;1;1;1;4;12;109;1;9;110;254;132
FR;12;2023-02-06;3;2;13;63;0;11;69;154;69;4;6;25;172;1;20;179;408;201
FR;12;2023-02-07;2;7;18;95;4;13;98;237;121;6;13;43;267;5;33;277;645;322
FR;12;2023-02-08;1;3;10;62;1;10;69;170;89;7;16;53;329;6;43;346;815;411
FR;12;2023-02-09;5;3;12;75;2;13;78;284;190;12;19;65;404;8;56;424;1099;601
FR;12;2023-02-10;4;2;22;140;4;12;150;327;162;16;21;87;544;12;68;574;1426;763
FR;12;2023-02-11;0;2;8;59;1;3;58;123;60;16;23;95;603;13;71;632;1549;823
FR;12;2023-02-12;0;0;0;3;0;0;3;7;3;16;23;95;606;13;71;635;1556;826
FR;12;2023-02-13;0;0;17;78;0;8;85;217;114;16;23;112;684;13;79;720;1773;940
FR;12;2023-02-14;3;5;17;96;5;14;99;229;108;19;28;129;780;18;93;819;2002;1048
FR;12;2023-02-15;3;5;19;85;0;13;86;236;132;22;33;148;865;18;106;905;2238;1180
FR;12;2023-02-16;5;3;16;107;3;13;103;247;129;27;36;164;972;21;119;1008;2485;1309
FR;12;2023-02-17;2;4;12;115;3;11;110;280;153;29;40;176;1087;24;130;1118;2765;1462
FR;12;2023-02-18;1;4;10;51;2;12;52;102;36;30;44;186;1138;26;142;1170;2867;1498
FR;12;2023-02-19;0;0;0;2;0;0;1;2;1;30;44;186;1140;26;142;1171;2869;1499
FR;12;2023-02-20;10;2;11;65;6;11;69;218;131;40;46;197;1205;32;153;1240;3087;1630
FR;12;2023-02-21;6;6;19;98;4;14;94;280;167;46;52;216;1303;36;167;1334;3367;1797
FR;12;2023-02-22;2;4;19;74;2;20;78;231;125;48;56;235;1377;38;187;1412;3598;1922
FR;12;2023-02-23;4;3;20;88;2;16;87;265;155;52;59;255;1465;40;203;1499;3863;2077
FR;12;2023-02-24;3;7;20;135;3;17;142;360;189;55;66;275;1600;43;220;1641;4223;2266
FR;12;2023-02-25;7;1;19;92;1;10;106;200;77;62;67;294;1692;44;230;1747;4423;2343
FR;12;2023-02-26;0;0;0;0;0;0;0;2;2;62;67;294;1692;44;230;1747;4425;2345
FR;12;2023-02-27;6;10;20;92;8;16;95;270;156;68;77;314;1784;52;246;1842;4695;2501
FR;12;2023-02-28;6;9;21;125;0;23;128;385;227;74;86;335;1909;52;269;1970;5080;2728
FR;12;2023-03-01;3;7;23;78;2;18;91;292;175;77;93;358;1987;54;287;2061;5372;2903
FR;12;2023-03-02;9;9;21;110;6;18;117;304;163;86;102;379;2097;60;305;2178;5676;3066
FR;12;2023-03-03;10;8;45;142;7;39;148;418;220;96;110;424;2239;67;344;2326;6094;3286
FR;12;2023-03-04;3;2;12;55;0;10;53;119;49;99;112;436;2294;67;354;2379;6213;3335
FR;12;2023-03-05;0;1;1;2;1;1;2;8;5;99;113;437;2296;68;355;2381;6221;3340
FR;12;2023-03-06;4;5;27;74;2;20;82;268;157;103;118;464;2370;70;375;2463;6489;3497
FR;12;2023-03-07;6;10;29;130;9;24;132;356;191;109;128;493;2500;79;399;2595;6845;3688
FR;12;2023-03-08;4;7;27;71;5;22;77;249;137;113;135;520;2571;84;421;2672;7094;3825
FR;12;2023-03-09;4;8;18;91;4;22;85;323;197;117;143;538;2662;88;443;2757;7417;4022
FR;12;2023-03-10;11;7;23;137;9;23;133;368;209;128;150;561;2799;97;466;2890;7785;4231
FR;12;2023-03-11;1;4;15;45;4;9;50;132;72;129;154;576;2844;101;475;2940;7917;4303
FR;12;2023-03-12;0;2;0;2;0;2;1;5;2;129;156;576;2846;101;477;2941;7922;4305
FR;12;2023-03-13;3;4;32;102;1;28;104;296;157;132;160;608;2948;102;505;3045;8218;4462
FR;12;2023-03-14;3;7;16;85;2;15;83;322;210;135;167;624;3033;104;520;3128;8540;4672
FR;12;2023-03-15;1;4;20;66;2;19;69;225;124;136;171;644;3099;106;539;3197;8765;4796
FR;12;2023-03-16;5;5;20;100;5;13;116;300;157;141;176;664;3199;111;552;3313;9065;4953
FR;12;2023-03-17;4;11;30;112;4;28;113;388;224;145;187;694;3311;115;580;3426;9453;5177
FR;12;2023-03-18;1;4;21;53;4;17;59;144;64;146;191;715;3364;119;597;3485;9597;5241
FR;12;2023-03-19;0;0;0;6;0;0;5;10;5;146;191;715;3370;119;597;3490;9607;5246
FR;12;2023-03-20;9;8;27;87;7;23;90;258;134;155;199;742;3457;126;620;3580;9865;5380
FR;12;2023-03-21;2;7;42;81;3;36;93;355;209;157;206;784;3538;129;656;3673;10220;5589
FR;12;2023-03-22;6;4;36;50;5;29;58;241;139;163;210;820;3588;134;685;3731;10461;5728
FR;12;2023-03-23;3;8;26;80;5;25;82;264;147;166;218;846;3668;139;710;3813;10725;5875
FR;12;2023-03-24;6;2;25;99;3;22;109;347;203;172;220;871;3767;142;732;3922;11072;6078
FR;12;2023-03-25;7;8;25;61;3;14;75;162;62;179;228;896;3828;145;746;3997;11234;6140
FR;12;2023-03-26;0;1;0;1;1;0;1;7;6;179;229;896;3829;146;746;3998;11241;6146
FR;12;2023-03-27;5;10;28;77;7;23;85;283;159;184;239;924;3906;153;769;4083;11524;6305
FR;12;2023-03-28;2;5;29;95;2;25;91;344;207;186;244;953;4001;155;794;4174;11868;6512
FR;12;2023-03-29;4;7;18;52;4;20;56;201;105;190;251;971;4053;159;814;4230;12069;6617
FR;12;2023-03-30;9;2;27;65;4;19;81;281;168;199;253;998;4118;163;833;4311;12350;6785
FR;12;2023-03-31;4;14;41;120;4;39;126;421;231;203;267;1039;4238;167;872;4437;12771;7016
FR;12;2023-04-01;1;8;17;44;4;13;48;139;63;204;275;1056;4282;171;885;4485;12910;7079
FR;12;2023-04-02;0;1;1;0;0;2;0;5;3;204;276;1057;4282;171;887;4485;12915;7082
FR;12;2023-04-03;5;3;35;90;3;18;112;300;159;209;279;1092;4372;174;905;4597;13215;7241
FR;12;2023-04-04;4;7;22;85;0;26;87;383;247;213;286;1114;4457;174;931;4684;13598;7488
FR;12;2023-04-05;4;9;21;60;5;23;57;229;136;217;295;1135;4517;179;954;4741;13827;7624
FR;12;2023-04-06;10;8;25;57;3;23;67;280;164;227;303;1160;4574;182;977;4808;14107;7788
FR;12;2023-04-07;4;11;29;98;8;25;110;387;219;231;314;1189;4672;190;1002;4918;14494;8007
FR;12;2023-04-08;1;5;11;38;3;9;38;117;56;232;319;1200;4710;193;1011;4956;14611;8063
FR;12;2023-04-09;0;0;2;1;0;1;2;5;2;232;319;1202;4711;193;1012;4958;14616;8065
FR;12;2023-04-10;0;1;2;2;1;0;5;9;4;232;320;1204;4713;194;1012;4963;14625;8069
FR;12;2023-04-11;5;8;27;87;6;16;98;297;161;237;328;1231;4800;200;1028;5061;14922;8230
FR;12;2023-04-12;5;12;16;52;5;23;60;260;154;242;340;1247;4852;205;1051;5121;15182;8384
FR;12;2023-04-13;3;5;22;58;2;17;64;252;141;245;345;1269;4910;207;1068;5185;15434;8525
FR;12;2023-04-14;6;15;21;91;9;18;97;397;248;251;360;1290;5001;216;1086;5282;15831;8773
FR;12;2023-04-15;5;0;14;34;0;8;40;108;48;256;360;1304;5035;216;1094;5322;15939;8821
FR;12;2023-04-16;0;0;1;2;0;0;2;4;2;256;360;1305;5037;216;1094;5324;15943;8823
FR;12;2023-04-17;3;2;18;40;2;19;40;181;97;259;362;1323;5077;218;1113;5364;16124;8920
FR;12;2023-04-18;6;6;18;56;2;14;63;272;144;265;368;1341;5133;220;1127;5427;16396;9064
FR;12;2023-04-19;3;7;11;40;2;11;38;149;81;268;375;1352;5173;222;1138;5465;16545;9145
FR;12;2023-04-20;2;3;15;51;1;11;58;212;117;270;378;1367;5224;223;1149;5523;16757;9262
FR;12;2023-04-21;4;6;25;60;5;19;68;255;148;274;384;1392;5284;228;1168;5591;17012;9410
FR;12;2023-04-22;3;8;11;22;6;9;29;94;36;277;392;1403;5306;234;1177;5620;17106;9446
FR;12;2023-04-23;0;0;1;0;0;1;1;3;1;277;392;1404;5306;234;1178;5621;17109;9447
FR;12;2023-04-24;2;6;11;42;5;11;49;172;99;279;398;1415;5348;239;1189;5670;17281;9546
FR;12;2023-04-25;0;3;15;46;1;15;51;205;118;279;401;1430;5394;240;1204;5721;17486;9664
FR;12;2023-04-26;3;4;16;36;2;14;42;170;88;282;405;1446;5430;242;1218;5763;17656;9752
FR;12;2023-04-27;4;4;13;46;3;13;46;193;108;286;409;1459;5476;245;1231;5809;17849;9860
FR;12;2023-04-28;5;9;24;63;3;24;74;316;180;291;418;1483;5539;248;1255;5883;18165;10040
FR;12;2023-04-29;2;4;10;25;4;6;30;94;44;293;422;1493;5564;252;1261;5913;18259;10084
FR;12;2023-04-30;0;0;0;0;0;0;0;0;0;293;422;1493;5564;252;1261;5913;18259;10084
FR;12;2023-05-01;0;0;0;0;0;0;0;4;3;293;422;1493;5564;252;1261;5913;18263;10087
FR;12;2023-05-02;8;3;12;48;2;15;48;247;127;301;425;1505;5612;254;1276;5961;18510;10214
FR;12;2023-05-03;7;6;10;44;7;9;47;228;122;308;431;1515;5656;261;1285;6008;18738;10336
FR;12;2023-05-04;5;4;20;36;1;17;50;220;109;313;435;1535;5692;262;1302;6058;18958;10445
FR;12;2023-05-05;4;12;18;49;5;19;48;278;146;317;447;1553;5741;267;1321;6106;19236;10591
FR;12;2023-05-06;2;5;7;15;2;11;15;69;29;319;452;1560;5756;269;1332;6121;19305;10620
FR;12;2023-05-07;2;0;1;0;2;1;2;3;0;321;452;1561;5756;271;1333;6123;19308;10620
FR;12;2023-05-08;0;0;1;0;0;0;1;4;2;321;452;1562;5756;271;1333;6124;19312;10622
FR;12;2023-05-09;1;6;11;46;3;14;53;246;119;322;458;1573;5802;274;1347;6177;19558;10741
FR;12;2023-05-10;3;8;10;38;7;13;41;207;105;325;466;1583;5840;281;1360;6218;19765;10846
FR;12;2023-05-11;4;6;8;42;4;8;44;205;107;329;472;1591;5882;285;1368;6262;19970;10953
FR;12;2023-05-12;3;3;8;58;1;7;56;304;163;332;475;1599;5940;286;1375;6318;20274;11116
FR;12;2023-05-13;3;3;4;16;1;7;18;72;39;335;478;1603;5956;287;1382;6336;20346;11155
FR;12;2023-05-14;0;0;0;0;0;0;0;0;0;335;478;1603;5956;287;1382;6336;20346;11155
FR;12;2023-05-15;2;1;5;35;2;3;40;198;96;337;479;1608;5991;289;1385;6376;20544;11251
FR;0;2020-12-27;616;0;0;0;55;0;0;0;0;616;0;0;0;55;0;0;0;0
FR;0;2020-12-28;709;1;0;0;44;0;0;0;0;1325;1;0;0;99;0;0;0;0
FR;0;2020-12-29;389;0;0;0;19;0;0;0;0;1714;1;0;0;118;0;0;0;0
FR;0;2020-12-30;456;0;0;0;20;0;0;0;0;2170;1;0;0;138;0;0;0;0
FR;0;2020-12-31;451;1;0;0;21;0;0;0;0;2621;2;0;0;159;0;0;0;0
FR;0;2021-01-01;1199;2;0;0;66;0;0;0;0;3820;4;0;0;225;0;0;0;0
FR;0;2021-01-02;369;4;0;0;29;0;0;0;0;4189;8;0;0;254;0;0;0;0
FR;0;2021-01-03;419;0;0;0;23;0;0;0;0;4608;8;0;0;277;0;0;0;0
FR;0;2021-01-04;2150;5;0;0;51;0;0;0;0;6758;13;0;0;328;0;0;0;0
FR;0;2021-01-05;7793;6;0;0;128;0;0;0;0;14551;19;0;0;456;0;0;0;0
FR;0;2021-01-06;12491;23;0;0;128;0;0;0;0;27042;42;0;0;584;0;0;0;0
FR;0;2021-01-07;29480;24;0;0;159;0;0;0;0;56522;66;0;0;743;0;0;0;0
FR;0;2021-01-08;37170;36;0;0;205;0;0;0;0;93692;102;0;0;948;0;0;0;0
FR;0;2021-01-09;11221;9;0;0;77;0;0;0;0;104913;111;0;0;1025;0;0;0;0
FR;0;2021-01-10;6017;8;0;0;28;0;0;0;0;110930;119;0;0;1053;0;0;0;0
FR;0;2021-01-11;39956;39;0;0;232;0;0;0;0;150886;158;0;0;1285;0;0;0;0
FR;0;2021-01-12;62165;31;0;0;299;0;0;0;0;213051;189;0;0;1584;0;0;0;0
FR;0;2021-01-13;65150;62;0;0;433;0;0;0;0;278201;251;0;0;2017;0;0;0;0
FR;0;2021-01-14;83109;262;0;0;1170;0;0;0;0;361310;513;0;0;3187;0;0;0;0
FR;0;2021-01-15;69037;102;1;0;555;0;0;0;0;430347;615;1;0;3742;0;0;0;0
FR;0;2021-01-16;20219;73;0;0;183;0;0;0;0;450566;688;1;0;3925;0;0;0;0
FR;0;2021-01-17;10993;54;0;0;137;0;0;0;0;461559;742;1;0;4062;0;0;0;0
FR;0;2021-01-18;85924;179;0;0;614;0;0;0;0;547483;921;1;0;4676;0;0;0;0
FR;0;2021-01-19;130616;211;0;0;868;0;0;0;0;678099;1132;1;0;5544;0;0;0;0
FR;0;2021-01-20;137578;197;0;0;837;0;0;0;0;815677;1329;1;0;6381;0;0;0;0
FR;0;2021-01-21;158433;205;0;0;951;0;0;0;0;974110;1534;1;0;7332;0;0;0;0
FR;0;2021-01-22;121090;259;0;0;846;0;0;0;0;1095200;1793;1;0;8178;0;0;0;0
FR;0;2021-01-23;38492;86;0;0;223;0;0;0;0;1133692;1879;1;0;8401;0;0;0;0
FR;0;2021-01-24;9752;131;0;0;196;0;0;0;0;1143444;2010;1;0;8597;0;0;0;0
FR;0;2021-01-25;78256;1458;0;0;1809;0;0;0;0;1221700;3468;1;0;10406;0;0;0;0
FR;0;2021-01-26;100401;3711;1;0;4188;0;0;0;0;1322101;7179;2;0;14594;0;0;0;0
FR;0;2021-01-27;107266;6446;0;0;7162;0;0;0;0;1429367;13625;2;0;21756;0;0;0;0
FR;0;2021-01-28;124384;16424;0;0;17248;0;0;0;0;1553751;30049;2;0;39004;0;0;0;0
FR;0;2021-01-29;92204;18806;0;0;19382;0;0;0;0;1645955;48855;2;0;58386;0;0;0;0
FR;0;2021-01-30;29128;4541;0;0;4678;0;0;0;0;1675083;53396;2;0;63064;0;0;0;0
FR;0;2021-01-31;5240;1900;0;0;1945;0;0;0;0;1680323;55296;2;0;65009;0;0;0;0
FR;0;2021-02-01;53160;23056;0;0;23330;0;0;0;0;1733483;78352;2;0;88339;0;0;0;0
FR;0;2021-02-02;72337;38227;0;0;38719;0;0;0;0;1805820;116579;2;0;127058;0;0;0;0
FR;0;2021-02-03;72328;40290;0;0;40796;0;0;0;0;1878148;156869;2;0;167854;0;0;0;0
FR;0;2021-02-04;82097;55131;0;0;55726;0;0;0;0;1960245;212000;2;0;223580;0;0;0;0
FR;0;2021-02-05;68252;48252;0;0;48690;0;0;0;0;2028497;260252;2;0;272270;0;0;0;0
FR;0;2021-02-06;22949;11435;0;0;11673;0;0;0;0;2051446;271687;2;0;283943;0;0;0;0
FR;0;2021-02-07;5195;6077;0;0;6203;0;0;0;0;2056641;277764;2;0;290146;0;0;0;0
FR;0;2021-02-08;46856;48812;0;0;49300;0;0;0;0;2103497;326576;2;0;339446;0;0;0;0
FR;0;2021-02-09;66050;78471;0;0;79569;0;0;0;0;2169547;405047;2;0;419015;0;0;0;0
FR;0;2021-02-10;71049;83536;0;0;84835;0;0;0;0;2240596;488583;2;0;503850;0;0;0;0
FR;0;2021-02-11;87309;105692;0;0;107641;0;0;0;0;2327905;594275;2;0;611491;0;0;0;0
FR;0;2021-02-12;79358;76068;0;0;77815;0;0;0;0;2407263;670343;2;0;689306;0;0;0;0
FR;0;2021-02-13;22390;19533;0;0;19900;0;0;0;0;2429653;689876;2;0;709206;0;0;0;0
FR;0;2021-02-14;5080;7323;0;0;7451;0;0;0;0;2434733;697199;2;0;716657;0;0;0;0
FR;0;2021-02-15;38132;76796;0;0;77818;0;0;0;0;2472865;773995;2;0;794475;0;0;0;0
FR;0;2021-02-16;50420;99691;0;0;101044;0;0;0;0;2523285;873686;2;0;895519;0;0;0;0
FR;0;2021-02-17;50559;106933;20;0;108385;0;0;0;0;2573844;980619;22;0;1003904;0;0;0;0
FR;0;2021-02-18;69815;123749;0;0;125799;0;0;0;0;2643659;1104368;22;0;1129703;0;0;0;0
FR;0;2021-02-19;65093;92334;1;0;94224;0;0;0;0;2708752;1196702;23;0;1223927;0;0;0;0
FR;0;2021-02-20;18602;28546;0;0;28917;0;0;0;0;2727354;1225248;23;0;1252844;0;0;0;0
FR;0;2021-02-21;3335;6041;0;0;6146;0;0;0;0;2730689;1231289;23;0;1258990;0;0;0;0
FR;0;2021-02-22;37511;73172;2;0;74187;0;0;0;0;2768200;1304461;25;0;1333177;0;0;0;0
FR;0;2021-02-23;53803;85299;1;0;86822;0;0;0;0;2822003;1389760;26;0;1419999;0;0;0;0
FR;0;2021-02-24;60039;82931;1;0;84512;0;0;0;0;2882042;1472691;27;0;1504511;0;0;0;0
FR;0;2021-02-25;100612;91198;1;0;94197;0;0;0;0;2982654;1563889;28;0;1598708;0;0;0;0
FR;0;2021-02-26;113492;70751;1;0;73901;0;0;0;0;3096146;1634640;29;0;1672609;0;0;0;0
FR;0;2021-02-27;52131;22439;1;0;23685;0;0;0;0;3148277;1657079;30;0;1696294;0;0;0;0
FR;0;2021-02-28;6209;4116;2;0;4314;0;0;0;0;3154486;1661195;32;0;1700608;0;0;0;0
FR;0;2021-03-01;65946;54077;1;0;55950;0;0;0;0;3220432;1715272;33;0;1756558;0;0;0;0
FR;0;2021-03-02;101417;67183;3;0;70229;0;0;0;0;3321849;1782455;36;0;1826787;0;0;0;0
FR;0;2021-03-03;116565;65469;0;0;69162;0;0;0;0;3438414;1847924;36;0;1895949;0;0;0;0
FR;0;2021-03-04;163663;72638;3;0;78211;0;0;0;0;3602077;1920562;39;0;1974160;0;0;0;0
FR;0;2021-03-05;200962;62703;3;0;69437;0;0;0;0;3803039;1983265;42;0;2043597;0;0;0;0
FR;0;2021-03-06;207993;17482;3;0;22784;0;0;0;0;4011032;2000747;45;0;2066381;0;0;0;0
FR;0;2021-03-07;121293;3972;1;0;7266;0;0;0;0;4132325;2004719;46;0;2073647;0;0;0;0
FR;0;2021-03-08;107180;49550;2;0;53039;0;0;0;0;4239505;2054269;48;0;2126686;0;0;0;0
FR;0;2021-03-09;172487;56016;2;0;61515;0;0;0;0;4411992;2110285;50;0;2188201;0;0;0;0
FR;0;2021-03-10;179043;57056;5;0;62732;0;0;0;0;4591035;2167341;55;0;2250933;0;0;0;0
FR;0;2021-03-11;242933;64032;2;0;72129;0;0;0;0;4833968;2231373;57;0;2323062;0;0;0;0
FR;0;2021-03-12;294876;53373;1;0;62830;0;0;0;0;5128844;2284746;58;0;2385892;0;0;0;0
FR;0;2021-03-13;231445;15262;1;0;21240;0;0;0;0;5360289;2300008;59;0;2407132;0;0;0;0
FR;0;2021-03-14;63365;3041;1;0;5077;0;0;0;0;5423654;2303049;60;0;2412209;0;0;0;0
FR;0;2021-03-15;158700;31498;3;0;36153;0;0;0;0;5582354;2334547;63;0;2448362;0;0;0;0
FR;0;2021-03-16;141599;38816;6;0;42968;0;0;0;0;5723953;2373363;69;0;2491330;0;0;0;0
FR;0;2021-03-17;150519;37567;4;0;42336;0;0;0;0;5874472;2410930;73;0;2533666;0;0;0;0
FR;0;2021-03-18;167871;44324;5;0;49891;0;0;0;0;6042343;2455254;78;0;2583557;0;0;0;0
FR;0;2021-03-19;230056;36747;2;0;44106;0;0;0;0;6272399;2492001;80;0;2627663;0;0;0;0
FR;0;2021-03-20;166721;11385;1;0;16009;0;0;0;0;6439120;2503386;81;0;2643672;0;0;0;0
FR;0;2021-03-21;49959;2128;1;0;3887;0;0;0;0;6489079;2505514;82;0;2647559;0;0;0;0
FR;0;2021-03-22;170085;33532;2;0;39037;0;0;0;0;6659164;2539046;84;0;2686596;0;0;0;0
FR;0;2021-03-23;250442;42373;1;0;50220;0;0;0;0;6909606;2581419;85;0;2736816;0;0;0;0
FR;0;2021-03-24;256952;43612;0;0;51715;0;0;0;0;7166558;2625031;85;0;2788531;0;0;0;0
FR;0;2021-03-25;341875;45285;5;0;56285;0;0;0;0;7508433;2670316;90;0;2844816;0;0;0;0
FR;0;2021-03-26;358849;41806;5;1;53564;0;0;0;0;7867282;2712122;95;1;2898380;0;0;0;0
FR;0;2021-03-27;195297;16951;1;0;23395;0;0;0;0;8062579;2729073;96;1;2921775;0;0;0;0
FR;0;2021-03-28;59360;4587;3;0;6652;0;0;0;0;8121939;2733660;99;1;2928427;0;0;0;0
FR;0;2021-03-29;203028;53395;4;0;60160;0;0;0;0;8324967;2787055;103;1;2988587;0;0;0;0
FR;0;2021-03-30;285550;70040;5;0;80454;0;0;0;0;8610517;2857095;108;1;3069041;0;0;0;0
FR;0;2021-03-31;263083;74058;4;0;84730;0;0;0;0;8873600;2931153;112;1;3153771;0;0;0;0
FR;0;2021-04-01;315587;92817;11;0;106401;0;0;0;0;9189187;3023970;123;1;3260172;0;0;0;0
FR;0;2021-04-02;281384;94821;7;0;106654;0;0;0;0;9470571;3118791;130;1;3366826;0;0;0;0
FR;0;2021-04-03;141097;62607;6;0;67869;0;0;0;0;9611668;3181398;136;1;3434695;0;0;0;0
FR;0;2021-04-04;46551;19021;2;0;21074;0;0;0;0;9658219;3200419;138;1;3455769;0;0;0;0
FR;0;2021-04-05;63373;10402;11;0;13059;0;0;0;0;9721592;3210821;149;1;3468828;0;0;0;0
FR;0;2021-04-06;217275;113142;17;0;122010;0;0;0;0;9938867;3323963;166;1;3590838;0;0;0;0
FR;0;2021-04-07;260324;115284;17;0;126638;0;0;0;0;10199191;3439247;183;1;3717476;0;0;0;0
FR;0;2021-04-08;337917;123221;15;0;138853;0;0;0;0;10537108;3562468;198;1;3856329;0;0;0;0
FR;0;2021-04-09;410244;116883;49;0;134293;0;0;0;0;10947352;3679351;247;1;3990622;0;0;0;0
FR;0;2021-04-10;212665;82876;15;0;91269;0;0;0;0;11160017;3762227;262;1;4081891;0;0;0;0
FR;0;2021-04-11;56162;34179;7;0;36705;0;0;0;0;11216179;3796406;269;1;4118596;0;0;0;0
FR;0;2021-04-12;237130;115831;46;0;125442;0;0;0;0;11453309;3912237;315;1;4244038;0;0;0;0
FR;0;2021-04-13;309557;144155;98;1;157118;0;0;0;0;11762866;4056392;413;2;4401156;0;0;0;0
FR;0;2021-04-14;294609;139859;215;0;153239;0;0;0;0;12057475;4196251;628;2;4554395;0;0;0;0
FR;0;2021-04-15;337204;150542;340;0;166085;0;0;0;0;12394679;4346793;968;2;4720480;0;0;0;0
FR;0;2021-04-16;339363;147046;354;0;161705;0;0;0;0;12734042;4493839;1322;2;4882185;0;0;0;0
FR;0;2021-04-17;188689;89985;109;0;97684;0;0;0;0;12922731;4583824;1431;2;4979869;0;0;0;0
FR;0;2021-04-18;51644;35462;48;0;37884;0;0;0;0;12974375;4619286;1479;2;5017753;0;0;0;0
FR;0;2021-04-19;205750;138299;457;0;147459;0;0;0;0;13180125;4757585;1936;2;5165212;0;0;0;0
FR;0;2021-04-20;254495;172046;569;0;183706;0;0;0;0;13434620;4929631;2505;2;5348918;0;0;0;0
FR;0;2021-04-21;253346;170243;836;0;182267;0;0;0;0;13687966;5099874;3341;2;5531185;0;0;0;0
FR;0;2021-04-22;287634;190455;820;0;205050;0;0;0;0;13975600;5290329;4161;2;5736235;0;0;0;0
FR;0;2021-04-23;297686;184745;747;0;203505;0;0;0;0;14273286;5475074;4908;2;5939740;0;0;0;0
FR;0;2021-04-24;190483;112058;252;0;122512;0;0;0;0;14463769;5587132;5160;2;6062252;0;0;0;0
FR;0;2021-04-25;69577;38862;51;0;42593;0;0;0;0;14533346;5625994;5211;2;6104845;0;0;0;0
FR;0;2021-04-26;221007;158706;564;0;171907;0;0;0;0;14754353;5784700;5775;2;6276752;0;0;0;0
FR;0;2021-04-27;284658;188073;941;0;211390;0;0;0;0;15039011;5972773;6716;2;6488142;0;0;0;0
FR;0;2021-04-28;299597;184725;1427;1;209804;1;0;0;0;15338608;6157498;8143;3;6697946;1;0;0;0
FR;0;2021-04-29;357219;198321;1281;0;233408;0;0;0;0;15695827;6355819;9424;3;6931354;1;0;0;0
FR;0;2021-04-30;372270;186154;1124;1;225495;0;0;0;0;16068097;6541973;10548;4;7156849;1;0;0;0
FR;0;2021-05-01;167680;52539;179;0;63785;0;0;0;0;16235777;6594512;10727;4;7220634;1;0;0;0
FR;0;2021-05-02;91771;37869;83;0;43598;0;0;0;0;16327548;6632381;10810;4;7264232;1;0;0;0
FR;0;2021-05-03;288987;165120;843;0;185645;0;0;0;0;16616535;6797501;11653;4;7449877;1;0;0;0
FR;0;2021-05-04;315761;225639;1237;0;251812;0;0;0;0;16932296;7023140;12890;4;7701689;1;0;0;0
FR;0;2021-05-05;327323;226686;1316;0;251767;0;0;0;0;17259619;7249826;14206;4;7953456;1;0;0;0
FR;0;2021-05-06;379657;241293;1634;0;275542;0;0;0;0;17639276;7491119;15840;4;8228998;1;0;0;0
FR;0;2021-05-07;372840;258919;1225;0;299976;0;0;0;0;18012116;7750038;17065;4;8528974;1;0;0;0
FR;0;2021-05-08;222192;71521;300;0;86730;0;0;0;0;18234308;7821559;17365;4;8615704;1;0;0;0
FR;0;2021-05-09;129735;44488;243;0;53126;0;0;0;0;18364043;7866047;17608;4;8668830;1;0;0;0
FR;0;2021-05-10;313436;229739;1239;0;255520;0;0;0;0;18677479;8095786;18847;4;8924350;1;0;0;0
FR;0;2021-05-11;403987;258454;1566;0;296885;0;0;0;0;19081466;8354240;20413;4;9221235;1;0;0;0
FR;0;2021-05-12;434231;233897;1544;0;270185;0;0;0;0;19515697;8588137;21957;4;9491420;1;0;0;0
FR;0;2021-05-13;338643;56436;432;0;77929;0;0;0;0;19854340;8644573;22389;4;9569349;1;0;0;0
FR;0;2021-05-14;454194;167501;1130;0;203113;0;0;0;0;20308534;8812074;23519;4;9772462;1;0;0;0
FR;0;2021-05-15;375022;94403;445;0;120803;0;0;0;0;20683556;8906477;23964;4;9893265;1;0;0;0
FR;0;2021-05-16;202779;20694;168;0;34095;0;0;0;0;20886335;8927171;24132;4;9927360;1;0;0;0
FR;0;2021-05-17;376169;148882;1555;0;178672;0;0;0;0;21262504;9076053;25687;4;10106032;1;0;0;0
FR;0;2021-05-18;460231;154150;1991;0;193304;0;0;0;0;21722735;9230203;27678;4;10299336;1;0;0;0
FR;0;2021-05-19;467480;142580;2466;0;179845;0;0;0;0;22190215;9372783;30144;4;10479181;1;0;0;0
FR;0;2021-05-20;507610;160254;2340;0;204211;0;0;0;0;22697825;9533037;32484;4;10683392;1;0;0;0
FR;0;2021-05-21;489737;175271;1997;0;221817;0;0;0;0;23187562;9708308;34481;4;10905209;1;0;0;0
FR;0;2021-05-22;347231;80251;670;0;108683;0;0;0;0;23534793;9788559;35151;4;11013892;1;0;0;0
FR;0;2021-05-23;161719;14211;246;0;26680;0;0;0;0;23696512;9802770;35397;4;11040572;1;0;0;0
FR;0;2021-05-24;263222;33110;604;0;52945;0;0;0;0;23959734;9835880;36001;4;11093517;1;0;0;0
FR;0;2021-05-25;400322;190462;2357;1;227031;0;0;0;0;24360056;10026342;38358;5;11320548;1;0;0;0
FR;0;2021-05-26;413524;191298;2227;0;229348;0;0;0;0;24773580;10217640;40585;5;11549896;1;0;0;0
FR;0;2021-05-27;449888;220130;2163;0;267271;0;0;0;0;25223468;10437770;42748;5;11817167;1;0;0;0
FR;0;2021-05-28;429618;261169;1895;0;319269;0;0;0;0;25653086;10698939;44643;5;12136436;1;0;0;0
FR;0;2021-05-29;299011;150537;586;0;183390;0;0;0;0;25952097;10849476;45229;5;12319826;1;0;0;0
FR;0;2021-05-30;107156;32505;164;0;42089;0;0;0;0;26059253;10881981;45393;5;12361915;1;0;0;0
FR;0;2021-05-31;358084;203490;1474;1;241772;1;0;0;0;26417337;11085471;46867;6;12603687;2;0;0;0
FR;0;2021-06-01;431157;251297;1969;1;302943;1;0;0;0;26848494;11336768;48836;7;12906630;3;0;0;0
FR;0;2021-06-02;420191;232821;1986;0;280208;0;0;0;0;27268685;11569589;50822;7;13186838;3;0;0;0
FR;0;2021-06-03;465722;257781;1826;0;312557;0;0;0;0;27734407;11827370;52648;7;13499395;3;0;0;0
FR;0;2021-06-04;456311;305903;1735;1;363318;1;0;0;0;28190718;12133273;54383;8;13862713;4;0;0;0
FR;0;2021-06-05;304841;189571;653;0;222794;0;0;0;0;28495559;12322844;55036;8;14085507;4;0;0;0
FR;0;2021-06-06;133344;49020;227;0;61159;0;0;0;0;28628903;12371864;55263;8;14146666;4;0;0;0
FR;0;2021-06-07;340028;261515;1529;0;298607;0;0;0;0;28968931;12633379;56792;8;14445273;4;0;0;0
FR;0;2021-06-08;393974;291419;1806;0;338285;0;0;0;0;29362905;12924798;58598;8;14783558;4;0;0;0
FR;0;2021-06-09;384974;273777;1734;0;318172;0;0;0;0;29747879;13198575;60332;8;15101730;4;0;0;0
FR;0;2021-06-10;404263;286280;1728;1;335730;0;0;0;0;30152142;13484855;62060;9;15437460;4;0;0;0
FR;0;2021-06-11;386734;356531;1468;1;406977;0;0;0;0;30538876;13841386;63528;10;15844437;4;0;0;0
FR;0;2021-06-12;283300;210995;497;0;243141;0;0;0;0;30822176;14052381;64025;10;16087578;4;0;0;0
FR;0;2021-06-13;104907;73843;204;0;84836;0;0;0;0;30927083;14126224;64229;10;16172414;4;0;0;0
FR;0;2021-06-14;240891;354031;1429;1;383227;0;0;0;0;31167974;14480255;65658;11;16555641;4;0;0;0
FR;0;2021-06-15;308238;384328;1574;1;423103;0;0;0;0;31476212;14864583;67232;12;16978744;4;0;0;0
FR;0;2021-06-16;314027;357605;1419;1;395369;0;0;0;0;31790239;15222188;68651;13;17374113;4;0;0;0
FR;0;2021-06-17;317743;373168;1432;1;414366;0;0;0;0;32107982;15595356;70083;14;17788479;4;0;0;0
FR;0;2021-06-18;321785;442594;1342;1;486001;0;0;0;0;32429767;16037950;71425;15;18274480;4;0;0;0
FR;0;2021-06-19;224368;274028;449;0;301220;0;0;0;0;32654135;16311978;71874;15;18575700;4;0;0;0
FR;0;2021-06-20;74459;102288;131;0;111482;0;0;0;0;32728594;16414266;72005;15;18687182;4;0;0;0
FR;0;2021-06-21;195819;401757;1038;1;427722;1;0;0;0;32924413;16816023;73043;16;19114904;5;0;0;0
FR;0;2021-06-22;223244;467820;1266;10;500488;1;0;0;0;33147657;17283843;74309;26;19615392;6;0;0;0
FR;0;2021-06-23;234087;440133;1198;1;474244;1;0;0;0;33381744;17723976;75507;27;20089636;7;0;0;0
FR;0;2021-06-24;241909;409761;1359;0;447254;0;0;0;0;33623653;18133737;76866;27;20536890;7;0;0;0
FR;0;2021-06-25;227677;523087;1404;0;562087;0;0;0;0;33851330;18656824;78270;27;21098977;7;0;0;0
FR;0;2021-06-26;153295;371097;589;1;395904;0;0;0;0;34004625;19027921;78859;28;21494881;7;0;0;0
FR;0;2021-06-27;55924;155943;169;1;164853;0;0;0;0;34060549;19183864;79028;29;21659734;7;0;0;0
FR;0;2021-06-28;154813;452529;1178;0;478127;0;0;0;0;34215362;19636393;80206;29;22137861;7;0;0;0
FR;0;2021-06-29;182752;507849;2124;0;539220;0;0;0;0;34398114;20144242;82330;29;22677081;7;0;0;0
FR;0;2021-06-30;204047;485259;2016;21;519525;2;0;0;0;34602161;20629501;84346;50;23196606;9;0;0;0
FR;0;2021-07-01;231467;458567;2226;5;498506;0;0;0;0;34833628;21088068;86572;55;23695112;9;0;0;0
FR;0;2021-07-02;228707;520026;2120;5;562336;2;0;0;0;35062335;21608094;88692;60;24257448;11;0;0;0
FR;0;2021-07-03;142058;368759;908;3;395246;1;0;0;0;35204393;21976853;89600;63;24652694;12;0;0;0
FR;0;2021-07-04;56765;141007;265;0;150697;0;0;0;0;35261158;22117860;89865;63;24803391;12;0;0;0
FR;0;2021-07-05;168553;418659;1668;8;448601;0;0;0;0;35429711;22536519;91533;71;25251992;12;0;0;0
FR;0;2021-07-06;196812;474526;1830;45;511117;8;0;0;0;35626523;23011045;93363;116;25763109;20;0;0;0
FR;0;2021-07-07;213258;438962;1881;25;477424;2;0;0;0;35839781;23450007;95244;141;26240533;22;0;0;0
FR;0;2021-07-08;231680;424141;2090;20;468070;2;0;0;0;36071461;23874148;97334;161;26708603;24;0;0;0
FR;0;2021-07-09;228644;511068;2185;4;557354;1;0;0;0;36300105;24385216;99519;165;27265957;25;0;0;0
FR;0;2021-07-10;148640;339926;986;1;368866;0;0;0;0;36448745;24725142;100505;166;27634823;25;0;0;0
FR;0;2021-07-11;60217;110051;284;0;120961;0;0;0;0;36508962;24835193;100789;166;27755784;25;0;0;0
FR;0;2021-07-12;169443;477698;1766;4;512426;0;0;0;0;36678405;25312891;102555;170;28268210;25;0;0;0
FR;0;2021-07-13;287312;526599;2050;8;585618;0;0;0;0;36965717;25839490;104605;178;28853828;25;0;0;0
FR;0;2021-07-14;181123;157330;435;0;186638;0;0;0;0;37146840;25996820;105040;178;29040466;25;0;0;0
FR;0;2021-07-15;347131;501599;2100;1;571559;0;0;0;0;37493971;26498419;107140;179;29612025;25;0;0;0
FR;0;2021-07-16;380126;494963;2023;3;574135;1;0;0;0;37874097;26993382;109163;182;30186160;26;0;0;0
FR;0;2021-07-17;259757;319633;877;1;368592;0;0;0;0;38133854;27313015;110040;183;30554752;26;0;0;0
FR;0;2021-07-18;109747;114566;310;0;133003;0;0;0;0;38243601;27427581;110350;183;30687755;26;0;0;0
FR;0;2021-07-19;285528;423874;1631;3;478880;0;0;0;0;38529129;27851455;111981;186;31166635;26;0;0;0
FR;0;2021-07-20;376944;451205;1725;0;523536;0;0;0;0;38906073;28302660;113706;186;31690171;26;0;0;0
FR;0;2021-07-21;395847;406822;1550;4;481805;1;0;0;0;39301920;28709482;115256;190;32171976;27;0;0;0
FR;0;2021-07-22;441092;387299;1715;4;471766;1;0;0;0;39743012;29096781;116971;194;32643742;28;0;0;0
FR;0;2021-07-23;440353;421957;1883;4;509916;1;0;0;0;40183365;29518738;118854;198;33153658;29;0;0;0
FR;0;2021-07-24;285264;269308;804;1;321987;0;0;0;0;40468629;29788046;119658;199;33475645;29;0;0;0
FR;0;2021-07-25;121130;79920;234;0;100272;0;0;0;0;40589759;29867966;119892;199;33575917;29;0;0;0
FR;0;2021-07-26;347454;322133;1614;3;384685;1;0;0;0;40937213;30190099;121506;202;33960602;30;0;0;0
FR;0;2021-07-27;464124;319259;1698;4;400408;1;0;0;0;41401337;30509358;123204;206;34361010;31;0;0;0
FR;0;2021-07-28;459483;289371;1637;4;366981;1;0;0;0;41860820;30798729;124841;210;34727991;32;0;0;0
FR;0;2021-07-29;489867;276103;1797;2;356971;0;0;0;0;42350687;31074832;126638;212;35084962;32;0;0;0
FR;0;2021-07-30;461862;302331;1942;5;380810;1;0;0;0;42812549;31377163;128580;217;35465772;33;0;0;0
FR;0;2021-07-31;285426;185023;916;1;231509;0;0;0;0;43097975;31562186;129496;218;35697281;33;0;0;0
FR;0;2021-08-01;112053;49908;257;0;65685;0;0;0;0;43210028;31612094;129753;218;35762966;33;0;0;0
FR;0;2021-08-02;341676;234025;1603;2;284715;0;0;0;0;43551704;31846119;131356;220;36047681;33;0;0;0
FR;0;2021-08-03;398647;244431;1729;2;304503;1;0;0;0;43950351;32090550;133085;222;36352184;34;0;0;0
FR;0;2021-08-04;384888;209509;1594;6;265629;3;0;0;0;44335239;32300059;134679;228;36617813;37;0;0;0
FR;0;2021-08-05;366203;228339;1711;0;281712;0;0;0;0;44701442;32528398;136390;228;36899525;37;0;0;0
FR;0;2021-08-06;359761;271208;1835;4;326585;0;0;0;0;45061203;32799606;138225;232;37226110;37;0;0;0
FR;0;2021-08-07;213151;178315;756;5;210040;1;0;0;0;45274354;32977921;138981;237;37436150;38;0;0;0
FR;0;2021-08-08;74213;63191;276;0;73625;0;0;0;0;45348567;33041112;139257;237;37509775;38;0;0;0
FR;0;2021-08-09;258780;258575;1549;4;297487;2;0;0;0;45607347;33299687;140806;241;37807262;40;0;0;0
FR;0;2021-08-10;306900;277041;1662;2;323425;0;0;0;0;45914247;33576728;142468;243;38130687;40;0;0;0
FR;0;2021-08-11;279769;259540;1442;5;301609;0;0;0;0;46194016;33836268;143910;248;38432296;40;0;0;0
FR;0;2021-08-12;271576;277999;1669;3;320255;0;0;0;0;46465592;34114267;145579;251;38752551;40;0;0;0
FR;0;2021-08-13;252181;278121;1595;3;316955;2;0;0;0;46717773;34392388;147174;254;39069506;42;0;0;0
FR;0;2021-08-14;145366;197058;740;0;218979;0;0;0;0;46863139;34589446;147914;254;39288485;42;0;0;0
FR;0;2021-08-15;39403;50087;218;1;55667;0;0;0;0;46902542;34639533;148132;255;39344152;42;0;0;0
FR;0;2021-08-16;186196;317469;1543;0;345385;0;0;0;0;47088738;34957002;149675;255;39689537;42;0;0;0
FR;0;2021-08-17;215721;335794;1638;7;368826;0;0;0;0;47304459;35292796;151313;262;40058363;42;0;0;0
FR;0;2021-08-18;199083;324371;1599;7;354534;3;0;0;0;47503542;35617167;152912;269;40412897;45;0;0;0
FR;0;2021-08-19;192052;325393;1642;1;355950;0;0;0;0;47695594;35942560;154554;270;40768847;45;0;0;0
FR;0;2021-08-20;186494;366177;1823;3;396604;2;0;0;0;47882088;36308737;156377;273;41165451;47;0;0;0
FR;0;2021-08-21;104814;238130;709;0;254560;0;0;0;0;47986902;36546867;157086;273;41420011;47;0;0;0
FR;0;2021-08-22;31950;87210;256;1;92163;1;0;0;0;48018852;36634077;157342;274;41512174;48;0;0;0
FR;0;2021-08-23;140999;356996;1561;3;379585;0;0;0;0;48159851;36991073;158903;277;41891759;48;0;0;0
FR;0;2021-08-24;162522;376572;1850;5;402817;0;0;0;0;48322373;37367645;160753;282;42294576;48;0;0;0
FR;0;2021-08-25;151165;350710;2038;8;375397;2;0;0;0;48473538;37718355;162791;290;42669973;50;0;0;0
FR;0;2021-08-26;142898;342770;2564;10;367558;0;0;0;0;48616436;38061125;165355;300;43037531;50;0;0;0
FR;0;2021-08-27;148457;388240;2791;11;414875;1;0;0;0;48764893;38449365;168146;311;43452406;51;0;0;0
FR;0;2021-08-28;90682;249640;1407;0;264964;0;0;0;0;48855575;38699005;169553;311;43717370;51;0;0;0
FR;0;2021-08-29;27325;83357;518;1;88273;0;0;0;0;48882900;38782362;170071;312;43805643;51;0;0;0
FR;0;2021-08-30;117432;324581;4714;6;342389;5845;0;0;0;49000332;39106943;174785;318;44148032;5896;0;0;0
FR;0;2021-08-31;128834;334453;10189;19;353930;11769;2;0;0;49129166;39441396;184974;337;44501962;17665;2;0;0
FR;0;2021-09-01;136168;285663;22437;8;302403;24415;1;0;0;49265334;39727059;207411;345;44804365;42080;3;0;0
FR;0;2021-09-02;114653;247197;26525;20;262095;29010;0;0;0;49379987;39974256;233936;365;45066460;71090;3;0;0
FR;0;2021-09-03;118329;292650;29968;24;309307;33076;1;0;0;49498316;40266906;263904;389;45375767;104166;4;0;0
FR;0;2021-09-04;89894;217797;12587;12;230491;14157;7;0;0;49588210;40484703;276491;401;45606258;118323;11;0;0
FR;0;2021-09-05;21365;44796;4397;2;48279;4716;0;0;0;49609575;40529499;280888;403;45654537;123039;11;0;0
FR;0;2021-09-06;75702;180486;31957;16;190662;34305;2;0;0;49685277;40709985;312845;419;45845199;157344;13;0;0
FR;0;2021-09-07;80318;181179;33251;43;191037;36322;2;0;0;49765595;40891164;346096;462;46036236;193666;15;0;0
FR;0;2021-09-08;91013;206087;29666;28;216569;32571;4;0;0;49856608;41097251;375762;490;46252805;226237;19;0;0
FR;0;2021-09-09;76984;165313;33085;27;174117;36699;5;0;0;49933592;41262564;408847;517;46426922;262936;24;0;0
FR;0;2021-09-10;96051;203812;35743;28;214891;40788;7;0;0;50029643;41466376;444590;545;46641813;303724;31;0;0
FR;0;2021-09-11;67168;169342;12140;19;178186;14414;0;0;0;50096811;41635718;456730;564;46819999;318138;31;0;0
FR;0;2021-09-12;12830;32094;2784;1;34140;3190;2;0;0;50109641;41667812;459514;565;46854139;321328;33;0;0
FR;0;2021-09-13;64581;126155;41249;35;134170;44266;17;0;0;50174222;41793967;500763;600;46988309;365594;50;0;0
FR;0;2021-09-14;73504;129007;56391;80;135747;62447;44;0;0;50247726;41922974;557154;680;47124056;428041;94;0;0
FR;0;2021-09-15;76668;167729;55671;58;174674;54850;76;0;0;50324394;42090703;612825;738;47298730;482891;170;0;0
FR;0;2021-09-16;63897;114504;60099;82;117880;60174;64;0;0;50388291;42205207;672924;820;47416610;543065;234;0;0
FR;0;2021-09-17;75093;156855;53871;71;159731;57367;67;0;0;50463384;42362062;726795;891;47576341;600432;301;0;0
FR;0;2021-09-18;48244;139637;15603;25;144318;17321;20;0;0;50511628;42501699;742398;916;47720659;617753;321;0;0
FR;0;2021-09-19;7908;23647;2443;1;24877;2619;1;0;0;50519536;42525346;744841;917;47745536;620372;322;0;0
FR;0;2021-09-20;44580;93751;50087;72;96241;50347;34;0;0;50564116;42619097;794928;989;47841777;670719;356;0;0
FR;0;2021-09-21;45918;98365;62772;77;98382;63506;79;0;0;50610034;42717462;857700;1066;47940159;734225;435;0;0
FR;0;2021-09-22;48708;142400;55383;82;144845;55483;47;0;0;50658742;42859862;913083;1148;48085004;789708;482;0;0
FR;0;2021-09-23;43298;92067;62408;95;91274;63590;86;0;0;50702040;42951929;975491;1243;48176278;853298;568;0;0
FR;0;2021-09-24;52324;133297;54570;107;132395;59232;78;0;0;50754364;43085226;1030061;1350;48308673;912530;646;0;0
FR;0;2021-09-25;35225;115665;16276;36;118647;18316;22;0;0;50789589;43200891;1046337;1386;48427320;930846;668;0;0
FR;0;2021-09-26;5561;17804;2273;5;18691;2331;5;0;0;50795150;43218695;1048610;1391;48446011;933177;673;0;0
FR;0;2021-09-27;33986;76898;47205;97;78784;48190;81;0;1;50829136;43295593;1095815;1488;48524795;981367;754;0;1
FR;0;2021-09-28;36524;75245;54983;90;74328;56599;47;0;0;50865660;43370838;1150798;1578;48599123;1037966;801;0;1
FR;0;2021-09-29;44426;100689;53375;113;102847;54911;41;0;0;50910086;43471527;1204173;1691;48701970;1092877;842;0;1
FR;0;2021-09-30;36350;72980;57046;96;71483;59611;58;0;0;50946436;43544507;1261219;1787;48773453;1152488;900;0;1
FR;0;2021-10-01;61720;102862;57836;108;101414;64019;23;0;0;51008156;43647369;1319055;1895;48874867;1216507;923;0;1
FR;0;2021-10-02;39472;78460;20965;39;81737;23386;12;0;0;51047628;43725829;1340020;1934;48956604;1239893;935;0;1
FR;0;2021-10-03;5289;10491;2536;4;11257;2542;4;0;0;51052917;43736320;1342556;1938;48967861;1242435;939;0;1
FR;0;2021-10-04;35208;58503;52638;84;59504;54860;37;0;0;51088125;43794823;1395194;2022;49027365;1297295;976;0;1
FR;0;2021-10-05;33937;64380;61032;135;62110;65121;47;0;0;51122062;43859203;1456226;2157;49089475;1362416;1023;0;1
FR;0;2021-10-06;42728;79307;65763;112;80179;68384;29;0;0;51164790;43938510;1521989;2269;49169654;1430800;1052;0;1
FR;0;2021-10-07;30575;62285;65447;88;59502;68896;38;0;0;51195365;44000795;1587436;2357;49229156;1499696;1090;0;1
FR;0;2021-10-08;49486;91947;77773;111;89889;84807;39;0;0;51244851;44092742;1665209;2468;49319045;1584503;1129;0;1
FR;0;2021-10-09;33677;60949;31549;35;64139;33933;17;0;0;51278528;44153691;1696758;2503;49383184;1618436;1146;0;1
FR;0;2021-10-10;4722;7423;3199;9;7939;3475;2;0;0;51283250;44161114;1699957;2512;49391123;1621911;1148;0;1
FR;0;2021-10-11;30734;49886;61050;105;50601;64120;46;0;0;51313984;44211000;1761007;2617;49441724;1686031;1194;0;1
FR;0;2021-10-12;31650;54483;70635;141;51310;76050;27;0;0;51345634;44265483;1831642;2758;49493034;1762081;1221;0;1
FR;0;2021-10-13;40167;62854;74443;137;62802;79398;29;0;1;51385801;44328337;1906085;2895;49555836;1841479;1250;0;2
FR;0;2021-10-14;30364;52873;68779;116;49696;73870;31;0;0;51416165;44381210;1974864;3011;49605532;1915349;1281;0;2
FR;0;2021-10-15;44961;75235;93253;191;70330;103054;26;0;0;51461126;44456445;2068117;3202;49675862;2018403;1307;0;2
FR;0;2021-10-16;31335;44085;36701;45;46704;39651;15;0;0;51492461;44500530;2104818;3247;49722566;2058054;1322;0;2
FR;0;2021-10-17;3898;5229;3603;2;5676;3674;4;0;0;51496359;44505759;2108421;3249;49728242;2061728;1326;0;2
FR;0;2021-10-18;29217;42343;67521;134;42560;71383;27;0;0;51525576;44548102;2175942;3383;49770802;2133111;1353;0;2
FR;0;2021-10-19;27196;45548;76431;140;43206;81677;45;0;0;51552772;44593650;2252373;3523;49814008;2214788;1398;0;2
FR;0;2021-10-20;35347;52407;96960;181;51812;101579;45;0;0;51588119;44646057;2349333;3704;49865820;2316367;1443;0;2
FR;0;2021-10-21;26166;45172;83998;112;41968;89195;30;0;0;51614285;44691229;2433331;3816;49907788;2405562;1473;0;2
FR;0;2021-10-22;38450;62489;104928;200;59355;112655;61;0;0;51652735;44753718;2538259;4016;49967143;2518217;1534;0;2
FR;0;2021-10-23;27034;41205;45467;57;42426;48638;14;0;0;51679769;44794923;2583726;4073;50009569;2566855;1548;0;2
FR;0;2021-10-24;2947;4763;3686;6;5014;3923;1;0;0;51682716;44799686;2587412;4079;50014583;2570778;1549;0;2
FR;0;2021-10-25;26109;36209;82347;144;35482;86681;38;0;0;51708825;44835895;2669759;4223;50050065;2657459;1587;0;2
FR;0;2021-10-26;23770;34991;87283;166;32158;92412;34;0;0;51732595;44870886;2757042;4389;50082223;2749871;1621;0;2
FR;0;2021-10-27;30115;46298;109034;257;44038;114752;48;0;0;51762710;44917184;2866076;4646;50126261;2864623;1669;0;2
FR;0;2021-10-28;23611;34930;88744;153;31197;94542;35;0;0;51786321;44952114;2954820;4799;50157458;2959165;1704;0;2
FR;0;2021-10-29;31589;51451;117348;206;46498;125437;52;0;0;51817910;45003565;3072168;5005;50203956;3084602;1756;0;2
FR;0;2021-10-30;20578;33239;50361;76;32921;53430;20;0;0;51838488;45036804;3122529;5081;50236877;3138032;1776;0;2
FR;0;2021-10-31;2519;3732;3595;3;3844;3881;3;0;0;51841007;45040536;3126124;5084;50240721;3141913;1779;0;2
FR;0;2021-11-01;8544;4869;3224;3;5021;3586;10;0;0;51849551;45045405;3129348;5087;50245742;3145499;1789;0;2
FR;0;2021-11-02;26386;40098;93612;156;36237;99674;44;0;1;51875937;45085503;3222960;5243;50281979;3245173;1833;0;3
FR;0;2021-11-03;30133;47901;118932;222;43555;125908;64;0;0;51906070;45133404;3341892;5465;50325534;3371081;1897;0;3
FR;0;2021-11-04;23824;37461;107602;217;31574;114482;46;0;0;51929894;45170865;3449494;5682;50357108;3485563;1943;0;3
FR;0;2021-11-05;32419;52937;141679;236;44651;151469;54;0;0;51962313;45223802;3591173;5918;50401759;3637032;1997;0;3
FR;0;2021-11-06;21554;34551;64912;123;32384;68354;26;0;0;51983867;45258353;3656085;6041;50434143;3705386;2023;0;3
FR;0;2021-11-07;2430;4155;5209;6;4001;5598;7;0;0;51986297;45262508;3661294;6047;50438144;3710984;2030;0;3
FR;0;2021-11-08;20634;37740;127237;227;30948;134365;50;0;0;52006931;45300248;3788531;6274;50469092;3845349;2080;0;3
FR;0;2021-11-09;22444;44650;161742;339;32855;172356;65;0;0;52029375;45344898;3950273;6613;50501947;4017705;2145;0;3
FR;0;2021-11-10;31621;54876;187070;447;44022;198890;91;0;0;52060996;45399774;4137343;7060;50545969;4216595;2236;0;3
FR;0;2021-11-11;4750;6743;12999;28;5905;13982;17;0;0;52065746;45406517;4150342;7088;50551874;4230577;2253;0;3
FR;0;2021-11-12;29103;55050;183838;252;41714;197505;86;0;0;52094849;45461567;4334180;7340;50593588;4428082;2339;0;3
FR;0;2021-11-13;20356;32599;80730;118;28228;86354;44;0;0;52115205;45494166;4414910;7458;50621816;4514436;2383;0;3
FR;0;2021-11-14;2367;3854;7183;6;3362;7846;9;0;0;52117572;45498020;4422093;7464;50625178;4522282;2392;0;3
FR;0;2021-11-15;20524;38549;160911;314;27783;171651;77;0;0;52138096;45536569;4583004;7778;50652961;4693933;2469;0;3
FR;0;2021-11-16;23675;43823;200492;394;27699;215191;115;0;1;52161771;45580392;4783496;8172;50680660;4909124;2584;0;4
FR;0;2021-11-17;30545;50235;199905;406;36444;212971;98;0;0;52192316;45630627;4983401;8578;50717104;5122095;2682;0;4
FR;0;2021-11-18;23460;45683;191757;469;29391;205745;94;0;0;52215776;45676310;5175158;9047;50746495;5327840;2776;0;4
FR;0;2021-11-19;33696;61270;243294;551;39907;262314;147;0;0;52249472;45737580;5418452;9598;50786402;5590154;2923;0;4
FR;0;2021-11-20;25426;36658;102194;207;29266;109767;43;0;0;52274898;45774238;5520646;9805;50815668;5699921;2966;0;4
FR;0;2021-11-21;2665;4444;9683;19;3442;10609;19;0;0;52277563;45778682;5530329;9824;50819110;5710530;2985;0;4
FR;0;2021-11-22;22824;33110;180437;472;18912;194922;90;0;0;52300387;45811792;5710766;10296;50838022;5905452;3075;0;4
FR;0;2021-11-23;25736;45457;229495;549;24111;247986;85;0;0;52326123;45857249;5940261;10845;50862133;6153438;3160;0;4
FR;0;2021-11-24;31821;53591;224910;715;34471;243364;80;0;0;52357944;45910840;6165171;11560;50896604;6396802;3240;0;4
FR;0;2021-11-25;25654;49132;256030;739;25045;277941;112;0;0;52383598;45959972;6421201;12299;50921649;6674743;3352;0;4
FR;0;2021-11-26;33255;74669;379565;867;37391;414800;172;0;0;52416853;46034641;6800766;13166;50959040;7089543;3524;0;4
FR;0;2021-11-27;23508;49550;214980;391;28441;236785;135;0;0;52440361;46084191;7015746;13557;50987481;7326328;3659;0;4
FR;0;2021-11-28;3528;10444;56787;66;4057;63334;42;0;0;52443889;46094635;7072533;13623;50991538;7389662;3701;0;4
FR;0;2021-11-29;19449;54063;341575;864;23089;371915;178;0;0;52463338;46148698;7414108;14487;51014627;7761577;3879;0;4
FR;0;2021-11-30;24789;71793;457491;988;26791;500933;291;0;0;52488127;46220491;7871599;15475;51041418;8262510;4170;0;4
FR;0;2021-12-01;27400;75417;469225;1162;31307;511448;304;0;0;52515527;46295908;8340824;16637;51072725;8773958;4474;0;4
FR;0;2021-12-02;22133;71461;527255;1282;20997;575056;309;0;0;52537660;46367369;8868079;17919;51093722;9349014;4783;0;4
FR;0;2021-12-03;25581;92769;596539;1421;34328;651332;343;0;0;52563241;46460138;9464618;19340;51128050;10000346;5126;0;4
FR;0;2021-12-04;18342;60286;336314;692;25662;369890;197;0;0;52581583;46520424;9800932;20032;51153712;10370236;5323;0;4
FR;0;2021-12-05;4158;16083;95820;157;4852;107050;92;0;0;52585741;46536507;9896752;20189;51158564;10477286;5415;0;4
FR;0;2021-12-06;28452;72660;493294;1175;25217;540114;386;0;0;52614193;46609167;10390046;21364;51183781;11017400;5801;0;4
FR;0;2021-12-07;23569;91191;645586;1774;28508;706599;416;0;0;52637762;46700358;11035632;23138;51212289;11723999;6217;0;4
FR;0;2021-12-08;25525;91865;591907;1875;34937;647775;439;0;0;52663287;46792223;11627539;25013;51247226;12371774;6656;0;4
FR;0;2021-12-09;24088;94021;663383;2179;28967;726827;463;0;0;52687375;46886244;12290922;27192;51276193;13098601;7119;0;4
FR;0;2021-12-10;28080;110828;736224;2075;37932;806398;471;0;1;52715455;46997072;13027146;29267;51314125;13904999;7590;0;5
FR;0;2021-12-11;20255;76039;435254;990;29935;480481;343;0;0;52735710;47073111;13462400;30257;51344060;14385480;7933;0;5
FR;0;2021-12-12;5685;23103;142362;262;6384;159234;108;0;0;52741395;47096214;13604762;30519;51350444;14544714;8041;0;5
FR;0;2021-12-13;21371;90677;587853;1699;29631;649470;397;0;0;52762766;47186891;14192615;32218;51380075;15194184;8438;0;5
FR;0;2021-12-14;27991;118200;765823;2658;35395;847803;701;0;1;52790757;47305091;14958438;34876;51415470;16041987;9139;0;6
FR;0;2021-12-15;28459;114131;694534;2267;39487;769315;503;0;1;52819216;47419222;15652972;37143;51454957;16811302;9642;0;7
FR;0;2021-12-16;28061;115563;764270;2559;35077;844695;516;0;0;52847277;47534785;16417242;39702;51490034;17655997;10158;0;7
FR;0;2021-12-17;31667;128219;808042;2713;43320;892194;612;0;0;52878944;47663004;17225284;42415;51533354;18548191;10770;0;7
FR;0;2021-12-18;24945;81470;470065;1179;30041;522268;353;0;0;52903889;47744474;17695349;43594;51563395;19070459;11123;0;7
FR;0;2021-12-19;8771;28505;169449;376;7835;191055;143;0;0;52912660;47772979;17864798;43970;51571230;19261514;11266;0;7
FR;0;2021-12-20;31785;97020;591631;1789;33814;658849;503;0;0;52944445;47869999;18456429;45759;51605044;19920363;11769;0;7
FR;0;2021-12-21;39482;111840;682567;2391;38746;759701;607;0;0;52983927;47981839;19138996;48150;51643790;20680064;12376;0;7
FR;0;2021-12-22;39566;99106;575909;2169;37076;642226;687;0;2;53023493;48080945;19714905;50319;51680866;21322290;13063;0;9
FR;0;2021-12-23;33792;79318;441114;1659;30089;494451;589;0;0;53057285;48160263;20156019;51978;51710955;21816741;13652;0;9
FR;0;2021-12-24;10700;26013;111061;398;11637;126677;236;0;1;53067985;48186276;20267080;52376;51722592;21943418;13888;0;10
FR;0;2021-12-25;779;3565;7603;25;2046;9022;72;0;0;53068764;48189841;20274683;52401;51724638;21952440;13960;0;10
FR;0;2021-12-26;4699;11878;52126;142;4737;60170;170;0;0;53073463;48201719;20326809;52543;51729375;22012610;14130;0;10
FR;0;2021-12-27;30511;83904;453631;1364;33013;509279;665;0;0;53103974;48285623;20780440;53907;51762388;22521889;14795;0;10
FR;0;2021-12-28;38368;98787;564241;1769;35081;632337;1558;0;2;53142342;48384410;21344681;55676;51797469;23154226;16353;0;12
FR;0;2021-12-29;39882;88133;501291;1687;33082;561056;1738;0;1;53182224;48472543;21845972;57363;51830551;23715282;18091;0;13
FR;0;2021-12-30;35928;75050;421074;1520;29497;471181;1880;0;0;53218152;48547593;22267046;58883;51860048;24186463;19971;0;13
FR;0;2021-12-31;12053;25071;116896;405;11263;131678;741;0;0;53230205;48572664;22383942;59288;51871311;24318141;20712;0;13
FR;0;2022-01-01;1594;3214;8533;37;1805;9942;103;0;0;53231799;48575878;22392475;59325;51873116;24328083;20815;0;13
FR;0;2022-01-02;6131;13015;58437;126;5109;66976;408;0;0;53237930;48588893;22450912;59451;51878225;24395059;21223;0;13
FR;0;2022-01-03;39724;90134;494909;1597;36875;551787;2650;0;1;53277654;48679027;22945821;61048;51915100;24946846;23873;0;14
FR;0;2022-01-04;42314;110973;641487;2309;40641;714498;3836;0;3;53319968;48790000;23587308;63357;51955741;25661344;27709;0;17
FR;0;2022-01-05;61225;103579;569285;1985;43795;634320;3429;0;2;53381193;48893579;24156593;65342;51999536;26295664;31138;0;19
FR;0;2022-01-06;44320;110304;639069;2702;40220;711590;4557;0;2;53425513;49003883;24795662;68044;52039756;27007254;35695;0;21
FR;0;2022-01-07;50847;123275;711080;2811;46835;790564;4995;0;2;53476360;49127158;25506742;70855;52086591;27797818;40690;0;23
FR;0;2022-01-08;45015;80266;423847;1213;35045;472912;2447;0;3;53521375;49207424;25930589;72068;52121636;28270730;43137;0;26
FR;0;2022-01-09;15614;26593;128585;300;11483;145663;829;0;0;53536989;49234017;26059174;72368;52133119;28416393;43966;0;26
FR;0;2022-01-10;35424;93247;469402;1816;43020;522789;3722;0;1;53572413;49327264;26528576;74184;52176139;28939182;47688;0;27
FR;0;2022-01-11;41956;100433;548346;2310;42395;608593;5219;0;2;53614369;49427697;27076922;76494;52218534;29547775;52907;0;29
FR;0;2022-01-12;60424;95683;452751;1969;49481;504415;4497;0;8;53674793;49523380;27529673;78463;52268015;30052190;57404;0;37
FR;0;2022-01-13;38275;92515;487422;2084;40548;541105;5467;0;8;53713068;49615895;28017095;80547;52308563;30593295;62871;0;45
FR;0;2022-01-14;42590;103289;568676;2286;43497;629064;6463;0;2;53755658;49719184;28585771;82833;52352060;31222359;69334;0;47
FR;0;2022-01-15;39433;65878;340169;985;31446;377582;3296;0;1;53795091;49785062;28925940;83818;52383506;31599941;72630;0;48
FR;0;2022-01-16;11415;19195;87447;216;9019;99403;764;0;0;53806506;49804257;29013387;84034;52392525;31699344;73394;0;48
FR;0;2022-01-17;24755;59980;320336;1384;28037;354174;3960;0;4;53831261;49864237;29333723;85418;52420562;32053518;77354;0;52
FR;0;2022-01-18;28332;68677;361150;1802;32012;397597;5771;0;1;53859593;49932914;29694873;87220;52452574;32451115;83125;0;53
FR;0;2022-01-19;43231;67011;281355;1452;40387;311095;4392;0;5;53902824;49999925;29976228;88672;52492961;32762210;87517;0;58
FR;0;2022-01-20;23681;59589;299069;1750;29561;328537;5636;0;4;53926505;50059514;30275297;90422;52522522;33090747;93153;0;62
FR;0;2022-01-21;28215;68762;366413;2086;33069;401219;6580;0;3;53954720;50128276;30641710;92508;52555591;33491966;99733;0;65
FR;0;2022-01-22;27630;47972;218811;840;27303;241796;2838;0;2;53982350;50176248;30860521;93348;52582894;33733762;102571;0;67
FR;0;2022-01-23;6740;12964;48695;173;7503;55170;591;0;1;53989090;50189212;30909216;93521;52590397;33788932;103162;0;68
FR;0;2022-01-24;16286;47439;217356;1149;25402;239356;4102;0;3;54005376;50236651;31126572;94670;52615799;34028288;107264;0;71
FR;0;2022-01-25;19034;54313;243104;1548;28806;267102;6067;0;5;54024410;50290964;31369676;96218;52644605;34295390;113331;0;76
FR;0;2022-01-26;28148;60549;209319;1299;41361;229548;4479;0;3;54052558;50351513;31578995;97517;52685966;34524938;117810;0;79
FR;0;2022-01-27;16338;46487;207674;1287;26149;226064;5693;0;4;54068896;50398000;31786669;98804;52712115;34751002;123503;0;83
FR;0;2022-01-28;21594;78649;290091;1574;44970;321348;7411;0;4;54090490;50476649;32076760;100378;52757085;35072350;130914;0;87
FR;0;2022-01-29;18424;52847;184145;689;32750;204577;3255;0;2;54108914;50529496;32260905;101067;52789835;35276927;134169;0;89
FR;0;2022-01-30;4477;14463;39152;124;9130;45056;637;0;1;54113391;50543959;32300057;101191;52798965;35321983;134806;0;90
FR;0;2022-01-31;11261;43903;148219;742;26129;164720;4230;0;5;54124652;50587862;32448276;101933;52825094;35486703;139036;0;95
FR;0;2022-02-01;13652;48293;174148;1145;27329;191337;7036;0;1;54138304;50636155;32622424;103078;52852423;35678040;146072;0;96
FR;0;2022-02-02;20760;66295;171561;1034;46159;190080;5970;0;10;54159064;50702450;32793985;104112;52898582;35868120;152042;0;106
FR;0;2022-02-03;11758;44791;157585;990;25346;173286;6933;0;6;54170822;50747241;32951570;105102;52923928;36041406;158975;0;112
FR;0;2022-02-04;14647;67975;239263;1267;37598;264082;9153;0;6;54185469;50815216;33190833;106369;52961526;36305488;168128;0;118
FR;0;2022-02-05;12903;51439;153565;523;31977;172294;3784;0;3;54198372;50866655;33344398;106892;52993503;36477782;171912;0;121
FR;0;2022-02-06;2726;12168;28898;102;7289;33830;662;0;0;54201098;50878823;33373296;106994;53000792;36511612;172574;0;121
FR;0;2022-02-07;9618;46621;156905;594;24515;176304;5294;0;6;54210716;50925444;33530201;107588;53025307;36687916;177868;0;127
FR;0;2022-02-08;9816;43101;166663;870;20966;184458;7054;0;6;54220532;50968545;33696864;108458;53046273;36872374;184922;0;133
FR;0;2022-02-09;14464;58262;172360;876;35361;193068;5788;0;9;54234996;51026807;33869224;109334;53081634;37065442;190710;0;142
FR;0;2022-02-10;8732;39229;150244;881;18706;166722;6503;0;2;54243728;51066036;34019468;110215;53100340;37232164;197213;0;144
FR;0;2022-02-11;10864;55702;218522;1101;25845;243117;8322;0;3;54254592;51121738;34237990;111316;53126185;37475281;205535;0;147
FR;0;2022-02-12;8409;40970;134740;465;22637;151768;3509;0;4;54263001;51162708;34372730;111781;53148822;37627049;209044;0;151
FR;0;2022-02-13;1940;8605;26568;86;4411;30930;544;0;3;54264941;51171313;34399298;111867;53153233;37657979;209588;0;154
FR;0;2022-02-14;6997;35260;148389;487;14672;166385;4789;0;5;54271938;51206573;34547687;112354;53167905;37824364;214377;0;159
FR;0;2022-02-15;7070;36238;147003;751;16008;162588;6849;0;3;54279008;51242811;34694690;113105;53183913;37986952;221226;0;162
FR;0;2022-02-16;9417;42994;132550;722;25984;146770;5727;0;6;54288425;51285805;34827240;113827;53209897;38133722;226953;0;168
FR;0;2022-02-17;5582;24348;87318;587;13147;94893;5408;0;5;54294007;51310153;34914558;114414;53223044;38228615;232361;0;173
FR;0;2022-02-18;7003;33595;119671;807;18768;129336;7416;0;2;54301010;51343748;35034229;115221;53241812;38357951;239777;0;175
FR;0;2022-02-19;5371;24558;70030;371;15910;77340;3020;0;2;54306381;51368306;35104259;115592;53257722;38435291;242797;0;177
FR;0;2022-02-20;1152;4661;12175;39;2916;13957;460;0;1;54307533;51372967;35116434;115631;53260638;38449248;243257;0;178
FR;0;2022-02-21;4100;17896;61958;351;10173;67188;4059;0;2;54311633;51390863;35178392;115982;53270811;38516436;247316;0;180
FR;0;2022-02-22;4468;18668;60840;577;11270;64481;5255;0;1;54316101;51409531;35239232;116559;53282081;38580917;252571;0;181
FR;0;2022-02-23;6593;27365;66512;593;19633;71911;4595;0;3;54322694;51436896;35305744;117152;53301714;38652828;257166;0;184
FR;0;2022-02-24;3852;15563;50435;519;9523;53259;4531;0;2;54326546;51452459;35356179;117671;53311237;38706087;261697;0;186
FR;0;2022-02-25;5287;24299;76372;804;15274;80104;7336;0;7;54331833;51476758;35432551;118475;53326511;38786191;269033;0;193
FR;0;2022-02-26;3995;17772;47421;359;12174;51488;3083;0;3;54335828;51494530;35479972;118834;53338685;38837679;272116;0;196
FR;0;2022-02-27;881;3011;8040;47;1980;8949;531;0;0;54336709;51497541;35488012;118881;53340665;38846628;272647;0;196
FR;0;2022-02-28;3127;12562;40497;359;7596;42930;3858;0;0;54339836;51510103;35528509;119240;53348261;38889558;276505;0;196
FR;0;2022-03-01;4013;12615;44203;437;7639;44875;5518;0;6;54343849;51522718;35572712;119677;53355900;38934433;282023;0;202
FR;0;2022-03-02;5338;17901;47155;448;12961;49087;4931;0;2;54349187;51540619;35619867;120125;53368861;38983520;286954;0;204
FR;0;2022-03-03;2829;9362;29903;371;6260;30026;4050;0;2;54352016;51549981;35649770;120496;53375121;39013546;291004;0;206
FR;0;2022-03-04;3230;12520;40343;669;8519;39492;6235;0;4;54355246;51562501;35690113;121165;53383640;39053038;297239;0;210
FR;0;2022-03-05;3074;9291;24963;314;7133;25127;3135;0;1;54358320;51571792;35715076;121479;53390773;39078165;300374;0;211
FR;0;2022-03-06;522;1408;3199;43;1031;3442;379;0;0;54358842;51573200;35718275;121522;53391804;39081607;300753;0;211
FR;0;2022-03-07;2499;5636;18438;315;3853;17710;3307;0;4;54361341;51578836;35736713;121837;53395657;39099317;304060;0;215
FR;0;2022-03-08;2155;6080;19452;363;4334;17925;4093;0;3;54363496;51584916;35756165;122200;53399991;39117242;308153;0;218
FR;0;2022-03-09;3583;10573;22200;408;8800;21295;4042;0;4;54367079;51595489;35778365;122608;53408791;39138537;312195;0;222
FR;0;2022-03-10;1833;5848;17012;345;4397;15838;3408;0;3;54368912;51601337;35795377;122953;53413188;39154375;315603;0;225
FR;0;2022-03-11;2422;7568;24511;545;5446;22280;5479;0;2;54371334;51608905;35819888;123498;53418634;39176655;321082;0;227
FR;0;2022-03-12;2699;6777;17168;309;5495;16522;3137;0;2;54374033;51615682;35837056;123807;53424129;39193177;324219;0;229
FR;0;2022-03-13;406;795;2323;149;604;2272;537;0;0;54374439;51616477;35839379;123956;53424733;39195449;324756;0;229
FR;0;2022-03-14;1562;4277;14989;4412;2812;13842;7295;0;8;54376001;51620754;35854368;128368;53427545;39209291;332051;0;237
FR;0;2022-03-15;1751;6294;16387;7556;4809;14618;11036;0;9;54377752;51627048;35870755;135924;53432354;39223909;343087;0;246
FR;0;2022-03-16;3041;7414;19435;13141;6216;18113;16297;0;8;54380793;51634462;35890190;149065;53438570;39242022;359384;0;254
FR;0;2022-03-17;1465;3988;13157;10846;2809;11997;13314;0;9;54382258;51638450;35903347;159911;53441379;39254019;372698;0;263
FR;0;2022-03-18;2268;5758;20019;18307;4100;18115;22039;0;15;54384526;51644208;35923366;178218;53445479;39272134;394737;0;278
FR;0;2022-03-19;2294;4806;13116;9406;4142;12421;11409;0;6;54386820;51649014;35936482;187624;53449621;39284555;406146;0;284
FR;0;2022-03-20;301;738;1920;1074;530;1933;1340;0;2;54387121;51649752;35938402;188698;53450151;39286488;407486;0;286
FR;0;2022-03-21;1395;3222;12735;14951;2157;11961;16910;0;11;54388516;51652974;35951137;203649;53452308;39298449;424396;0;297
FR;0;2022-03-22;1557;3742;13808;20553;2581;12563;22845;0;5;54390073;51656716;35964945;224202;53454889;39311012;447241;0;302
FR;0;2022-03-23;2690;6300;17741;23152;5232;17249;25269;0;40;54392763;51663016;35982686;247354;53460121;39328261;472510;0;342
FR;0;2022-03-24;1411;3160;11600;17619;2248;10685;19394;0;23;54394174;51666176;35994286;264973;53462369;39338946;491904;0;365
FR;0;2022-03-25;2089;5160;18583;27775;3691;16920;30810;0;31;54396263;51671336;36012869;292748;53466060;39355866;522714;0;396
FR;0;2022-03-26;2232;4418;12080;12680;3866;11521;14402;0;26;54398495;51675754;36024949;305428;53469926;39367387;537116;0;422
FR;0;2022-03-27;365;693;1909;1483;515;1943;1740;0;1;54398860;51676447;36026858;306911;53470441;39369330;538856;0;423
FR;0;2022-03-28;1468;3082;11133;17490;2120;10621;19070;0;16;54400328;51679529;36037991;324401;53472561;39379951;557926;0;439
FR;0;2022-03-29;1452;3284;12913;27586;2098;12055;29285;0;34;54401780;51682813;36050904;351987;53474659;39392006;587211;0;473
FR;0;2022-03-30;2854;5589;15691;27435;4773;15091;29341;0;21;54404634;51688402;36066595;379422;53479432;39407097;616552;0;494
FR;0;2022-03-31;1615;3584;12991;25037;2569;12330;26647;0;43;54406249;51691986;36079586;404459;53482001;39419427;643199;0;537
FR;0;2022-04-01;2686;4588;20083;30897;2974;18725;33490;0;62;54408935;51696574;36099669;435356;53484975;39438152;676689;0;599
FR;0;2022-04-02;1532;2649;9054;10135;2009;8728;11297;0;29;54410467;51699223;36108723;445491;53486984;39446880;687986;0;628
FR;0;2022-04-03;294;516;1562;1171;360;1580;1382;0;2;54410761;51699739;36110285;446662;53487344;39448460;689368;0;630
FR;0;2022-04-04;4568;3032;12389;19129;2053;11597;20602;0;35;54415329;51702771;36122674;465791;53489397;39460057;709970;0;665
FR;0;2022-04-05;2608;3178;14352;34151;2055;13205;35769;0;85;54417937;51705949;36137026;499942;53491452;39473262;745739;0;750
FR;0;2022-04-06;2613;3964;13544;26544;3030;12819;28013;0;72;54420550;51709913;36150570;526486;53494482;39486081;773752;0;822
FR;0;2022-04-07;1989;3151;13686;33820;1999;12898;35178;0;76;54422539;51713064;36164256;560306;53496481;39498979;808930;0;898
FR;0;2022-04-08;2310;4344;19235;44015;2674;17861;46368;0;89;54424849;51717408;36183491;604321;53499155;39516840;855298;0;987
FR;0;2022-04-09;1373;2682;9315;13568;1904;8869;14800;0;30;54426222;51720090;36192806;617889;53501059;39525709;870098;0;1017
FR;0;2022-04-10;296;757;1985;2017;555;2007;2279;0;7;54426518;51720847;36194791;619906;53501614;39527716;872377;0;1024
FR;0;2022-04-11;1351;2634;11876;23934;1655;11483;25206;0;74;54427869;51723481;36206667;643840;53503269;39539199;897583;0;1098
FR;0;2022-04-12;1729;3083;14023;40928;1967;13395;41818;0;127;54429598;51726564;36220690;684768;53505236;39552594;939401;0;1225
FR;0;2022-04-13;1980;3722;13416;33118;2720;13037;34087;0;96;54431578;51730286;36234106;717886;53507956;39565631;973488;0;1321
FR;0;2022-04-14;1510;3016;13216;36354;1944;13074;37023;0;105;54433088;51733302;36247322;754240;53509900;39578705;1010511;0;1426
FR;0;2022-04-15;1883;3876;15645;35584;2618;14926;37235;0;115;54434971;51737178;36262967;789824;53512518;39593631;1047746;0;1541
FR;0;2022-04-16;1046;1834;6400;8553;1263;6263;9435;0;40;54436017;51739012;36269367;798377;53513781;39599894;1057181;0;1581
FR;0;2022-04-17;195;340;993;1174;224;1036;1242;0;7;54436212;51739352;36270360;799551;53514005;39600930;1058423;0;1588
FR;0;2022-04-18;201;561;2768;1072;358;2787;1287;0;5;54436413;51739913;36273128;800623;53514363;39603717;1059710;0;1593
FR;0;2022-04-19;1546;3031;12919;29690;1878;12480;30737;0;78;54437959;51742944;36286047;830313;53516241;39616197;1090447;0;1671
FR;0;2022-04-20;2008;3498;13308;29072;2611;12996;30088;0;96;54439967;51746442;36299355;859385;53518852;39629193;1120535;0;1767
FR;0;2022-04-21;1516;2856;12554;35211;1827;12647;35785;0;117;54441483;51749298;36311909;894596;53520679;39641840;1156320;0;1884
FR;0;2022-04-22;1880;3627;16480;37625;2402;15839;39164;0;131;54443363;51752925;36328389;932221;53523081;39657679;1195484;0;2015
FR;0;2022-04-23;1151;2071;7391;10659;1481;7242;11444;0;38;54444514;51754996;36335780;942880;53524562;39664921;1206928;0;2053
FR;0;2022-04-24;249;467;1478;1592;326;1414;1850;0;7;54444763;51755463;36337258;944472;53524888;39666335;1208778;0;2060
FR;0;2022-04-25;1308;2535;10687;21074;1615;10492;22096;0;79;54446071;51757998;36347945;965546;53526503;39676827;1230874;0;2139
FR;0;2022-04-26;1627;3008;13671;38665;1967;13114;39462;0;181;54447698;51761006;36361616;1004211;53528470;39689941;1270336;0;2320
FR;0;2022-04-27;1965;3068;11539;31087;2283;11596;31505;0;131;54449663;51764074;36373155;1035298;53530753;39701537;1301841;0;2451
FR;0;2022-04-28;1571;2781;12530;36265;1862;12271;36582;0;139;54451234;51766855;36385685;1071563;53532615;39713808;1338423;0;2590
FR;0;2022-04-29;2011;4834;15560;37281;3639;14937;38751;0;164;54453245;51771689;36401245;1108844;53536254;39728745;1377174;0;2754
FR;0;2022-04-30;1225;4702;6929;9717;4196;6758;10608;0;44;54454470;51776391;36408174;1118561;53540450;39735503;1387782;0;2798
FR;0;2022-05-01;220;325;916;1000;229;911;1141;0;6;54454690;51776716;36409090;1119561;53540679;39736414;1388923;0;2804
FR;0;2022-05-02;2365;2960;11160;18182;2056;10994;19026;0;69;54457055;51779676;36420250;1137743;53542735;39747408;1407949;0;2873
FR;0;2022-05-03;2065;3268;13726;34703;2128;13567;35624;0;163;54459120;51782944;36433976;1172446;53544863;39760975;1443573;0;3036
FR;0;2022-05-04;1924;3304;12187;25651;2304;12305;26202;0;110;54461044;51786248;36446163;1198097;53547167;39773280;1469775;0;3146
FR;0;2022-05-05;1796;3040;13070;33602;2018;12916;34270;0;180;54462840;51789288;36459233;1231699;53549185;39786196;1504045;0;3326
FR;0;2022-05-06;2218;3666;15356;36808;2325;14866;38270;0;182;54465058;51792954;36474589;1268507;53551510;39801062;1542315;0;3508
FR;0;2022-05-07;1210;1783;6464;9614;1255;6456;10339;0;48;54466268;51794737;36481053;1278121;53552765;39807518;1552654;0;3556
FR;0;2022-05-08;267;400;1175;1548;288;1236;1654;0;8;54466535;51795137;36482228;1279669;53553053;39808754;1554308;0;3564
FR;0;2022-05-09;1404;2307;9928;20259;1414;9799;21175;0;102;54467939;51797444;36492156;1299928;53554467;39818553;1575483;0;3666
FR;0;2022-05-10;1803;3432;13572;38999;2296;13128;40026;0;200;54469742;51800876;36505728;1338927;53556763;39831681;1615509;0;3866
FR;0;2022-05-11;2005;3022;10755;27942;2326;10701;28445;0;146;54471747;51803898;36516483;1366869;53559089;39842382;1643954;0;4012
FR;0;2022-05-12;1595;2745;11386;35758;1815;11055;36523;0;211;54473342;51806643;36527869;1402627;53560904;39853437;1680477;0;4223
FR;0;2022-05-13;1983;3224;13761;37981;2066;13350;39246;0;162;54475325;51809867;36541630;1440608;53562970;39866787;1719723;0;4385
FR;0;2022-05-14;1150;1647;5938;10778;1205;5801;11366;0;58;54476475;51811514;36547568;1451386;53564175;39872588;1731089;0;4443
FR;0;2022-05-15;283;479;1278;1440;302;1361;1593;0;6;54476758;51811993;36548846;1452826;53564477;39873949;1732682;0;4449
FR;0;2022-05-16;1196;2047;8694;21070;1248;8700;21597;0;128;54477954;51814040;36557540;1473896;53565725;39882649;1754279;0;4577
FR;0;2022-05-17;1592;2605;11828;37881;1671;11404;38723;0;180;54479546;51816645;36569368;1511777;53567396;39894053;1793002;0;4757
FR;0;2022-05-18;1816;2655;9694;27166;1957;9667;27785;0;109;54481362;51819300;36579062;1538943;53569353;39903720;1820787;0;4866
FR;0;2022-05-19;1451;2660;10580;35846;1636;10720;36037;0;162;54482813;51821960;36589642;1574789;53570989;39914440;1856824;0;5028
FR;0;2022-05-20;1876;3118;13426;39369;2080;12913;40389;0;168;54484689;51825078;36603068;1614158;53573069;39927353;1897213;0;5196
FR;0;2022-05-21;1159;1718;5662;9897;1314;5533;10534;0;45;54485848;51826796;36608730;1624055;53574383;39932886;1907747;0;5241
FR;0;2022-05-22;241;341;1031;1440;263;1017;1584;0;10;54486089;51827137;36609761;1625495;53574646;39933903;1909331;0;5251
FR;0;2022-05-23;1176;2127;8880;20375;1411;8830;21030;0;86;54487265;51829264;36618641;1645870;53576057;39942733;1930361;0;5337
FR;0;2022-05-24;1542;2759;11367;38882;1736;11239;39511;0;190;54488807;51832023;36630008;1684752;53577793;39953972;1969872;0;5527
FR;0;2022-05-25;1814;2837;9343;24847;2075;9481;25323;0;116;54490621;51834860;36639351;1709599;53579868;39963453;1995195;0;5643
FR;0;2022-05-26;216;430;1666;1201;293;1677;1344;0;26;54490837;51835290;36641017;1710800;53580161;39965130;1996539;0;5669
FR;0;2022-05-27;1390;2477;9266;21291;1670;9006;22325;0;94;54492227;51837767;36650283;1732091;53581831;39974136;2018864;0;5763
FR;0;2022-05-28;669;1272;3919;6795;852;3968;7204;0;38;54492896;51839039;36654202;1738886;53582683;39978104;2026068;0;5801
FR;0;2022-05-29;157;315;753;921;200;774;1033;0;4;54493053;51839354;36654955;1739807;53582883;39978878;2027101;0;5805
FR;0;2022-05-30;1026;1968;6995;19296;1248;7013;19808;0;91;54494079;51841322;36661950;1759103;53584131;39985891;2046909;0;5896
FR;0;2022-05-31;1488;2522;9823;35664;1649;9645;36295;0;171;54495567;51843844;36671773;1794767;53585780;39995536;2083204;0;6067
FR;0;2022-06-01;1752;3106;11029;24538;2254;10896;25491;0;122;54497319;51846950;36682802;1819305;53588034;40006432;2108695;0;6189
FR;0;2022-06-02;1480;2615;11310;35571;1716;10866;36516;0;174;54498799;51849565;36694112;1854876;53589750;40017298;2145211;0;6363
FR;0;2022-06-03;1728;3085;13424;38730;2054;12789;40000;0;176;54500527;51852650;36707536;1893606;53591804;40030087;2185211;0;6539
FR;0;2022-06-04;975;1517;5046;9113;1077;5117;9649;0;73;54501502;51854167;36712582;1902719;53592881;40035204;2194860;0;6612
FR;0;2022-06-05;181;336;876;1108;207;887;1230;0;4;54501683;51854503;36713458;1903827;53593088;40036091;2196090;0;6616
FR;0;2022-06-06;886;1255;2124;1329;1079;2141;1510;0;13;54502569;51855758;36715582;1905156;53594167;40038232;2197600;0;6629
FR;0;2022-06-07;1499;2713;9856;35598;1794;9434;36825;0;153;54504068;51858471;36725438;1940754;53595961;40047666;2234425;0;6782
FR;0;2022-06-08;1585;2698;9178;28790;1941;9021;29756;0;112;54505653;51861169;36734616;1969544;53597902;40056687;2264181;0;6894
FR;0;2022-06-09;1297;2442;10621;39505;1555;10266;40280;0;167;54506950;51863611;36745237;2009049;53599457;40066953;2304461;0;7061
FR;0;2022-06-10;1631;3194;13104;44828;2160;12666;46153;0;223;54508581;51866805;36758341;2053877;53601617;40079619;2350614;0;7284
FR;0;2022-06-11;962;1739;5432;11627;1125;5465;12212;0;55;54509543;51868544;36763773;2065504;53602742;40085084;2362826;0;7339
FR;0;2022-06-12;202;446;1079;1765;255;1143;1866;0;11;54509745;51868990;36764852;2067269;53602997;40086227;2364692;0;7350
FR;0;2022-06-13;1127;2069;7440;23183;1343;7270;24099;0;90;54510872;51871059;36772292;2090452;53604340;40093497;2388791;0;7440
FR;0;2022-06-14;1346;2550;10449;44949;1598;9807;46145;0;200;54512218;51873609;36782741;2135401;53605938;40103304;2434936;0;7640
FR;0;2022-06-15;1529;2465;9326;30907;1934;8965;31597;0;179;54513747;51876074;36792067;2166308;53607872;40112269;2466533;0;7819
FR;0;2022-06-16;1189;2041;9918;39932;1277;9327;40953;0;201;54514936;51878115;36801985;2206240;53609149;40121596;2507486;0;8020
FR;0;2022-06-17;1494;2859;12513;46699;1788;11920;47935;0;240;54516430;51880974;36814498;2252939;53610937;40133516;2555421;0;8260
FR;0;2022-06-18;857;1527;4566;11125;1038;4501;11719;0;67;54517287;51882501;36819064;2264064;53611975;40138017;2567140;0;8327
FR;0;2022-06-19;183;363;1059;1615;208;1131;1701;0;14;54517470;51882864;36820123;2265679;53612183;40139148;2568841;0;8341
FR;0;2022-06-20;1027;1928;8908;26079;1204;8569;27020;0;156;54518497;51884792;36829031;2291758;53613387;40147717;2595861;0;8497
FR;0;2022-06-21;1328;2404;10310;49898;1539;9339;51283;0;264;54519825;51887196;36839341;2341656;53614926;40157056;2647144;0;8761
FR;0;2022-06-22;1398;2519;8920;39065;1808;8430;40007;0;256;54521223;51889715;36848261;2380721;53616734;40165486;2687151;0;9017
FR;0;2022-06-23;1229;2370;10680;55113;1365;9886;56245;0;320;54522452;51892085;36858941;2435834;53618099;40175372;2743396;0;9337
FR;0;2022-06-24;1493;2996;13647;69187;1751;12308;71006;0;405;54523945;51895081;36872588;2505021;53619850;40187680;2814402;0;9742
FR;0;2022-06-25;939;1781;6236;19922;1112;5989;20777;0;177;54524884;51896862;36878824;2524943;53620962;40193669;2835179;0;9919
FR;0;2022-06-26;229;459;1953;3688;259;1818;3966;0;39;54525113;51897321;36880777;2528631;53621221;40195487;2839145;0;9958
FR;0;2022-06-27;1134;2026;10493;48488;1179;9636;49756;0;339;54526247;51899347;36891270;2577119;53622400;40205123;2888901;0;10297
FR;0;2022-06-28;1464;2816;14671;91410;1585;13088;93181;0;623;54527711;51902163;36905941;2668529;53623985;40218211;2982082;0;10920
FR;0;2022-06-29;1712;2835;12294;71899;1848;11242;73040;0;548;54529423;51904998;36918235;2740428;53625833;40229453;3055122;0;11468
FR;0;2022-06-30;1538;2737;14395;95167;1661;12476;97185;0;724;54530961;51907735;36932630;2835595;53627494;40241929;3152307;0;12192
FR;0;2022-07-01;2017;3806;21508;115937;2310;18859;118587;0;954;54532978;51911541;36954138;2951532;53629804;40260788;3270894;0;13146
FR;0;2022-07-02;1088;1859;8529;35755;1108;7705;36876;0;342;54534066;51913400;36962667;2987287;53630912;40268493;3307770;0;13488
FR;0;2022-07-03;294;539;2095;6456;319;1898;6805;0;79;54534360;51913939;36964762;2993743;53631231;40270391;3314575;0;13567
FR;0;2022-07-04;1968;3472;14716;79233;2338;12995;81305;0;639;54536328;51917411;36979478;3072976;53633569;40283386;3395880;0;14206
FR;0;2022-07-05;1799;3172;18842;133280;1804;16025;135571;0;1146;54538127;51920583;36998320;3206256;53635373;40299411;3531451;0;15352
FR;0;2022-07-06;1849;2790;15856;99602;1852;13649;101170;0;900;54539976;51923373;37014176;3305858;53637225;40313060;3632621;0;16252
FR;0;2022-07-07;1714;2872;18010;126041;1712;14790;128368;0;1179;54541690;51926245;37032186;3431899;53638937;40327850;3760989;0;17431
FR;0;2022-07-08;1894;3153;20756;137092;1857;16769;140084;0;1347;54543584;51929398;37052942;3568991;53640794;40344619;3901073;0;18778
FR;0;2022-07-09;868;1464;7746;37928;883;6693;38769;0;426;54544452;51930862;37060688;3606919;53641677;40351312;3939842;0;19204
FR;0;2022-07-10;272;687;2346;7004;441;2125;7395;0;94;54544724;51931549;37063034;3613923;53642118;40353437;3947237;0;19298
FR;0;2022-07-11;1458;2482;15020;88287;1404;12514;90474;0;801;54546182;51934031;37078054;3702210;53643522;40365951;4037711;0;20099
FR;0;2022-07-12;1844;3121;20537;143974;1717;16734;146678;0;1604;54548026;51937152;37098591;3846184;53645239;40382685;4184389;0;21703
FR;0;2022-07-13;1783;2755;15697;94543;1665;13278;96402;0;1080;54549809;51939907;37114288;3940727;53646904;40395963;4280791;0;22783
FR;0;2022-07-14;186;371;1955;5540;221;1834;5707;0;82;54549995;51940278;37116243;3946267;53647125;40397797;4286498;0;22865
FR;0;2022-07-15;1486;2575;15117;84465;1441;12600;86624;0;1035;54551481;51942853;37131360;4030732;53648566;40410397;4373122;0;23900
FR;0;2022-07-16;627;1193;5950;24982;699;5156;25674;0;327;54552108;51944046;37137310;4055714;53649265;40415553;4398796;0;24227
FR;0;2022-07-17;182;395;1738;4666;218;1570;4938;0;66;54552290;51944441;37139048;4060380;53649483;40417123;4403734;0;24293
FR;0;2022-07-18;1132;2252;11828;61810;1342;9978;63673;0;780;54553422;51946693;37150876;4122190;53650825;40427101;4467407;0;25073
FR;0;2022-07-19;1423;2355;15475;103709;1396;12296;105898;0;1459;54554845;51949048;37166351;4225899;53652221;40439397;4573305;0;26532
FR;0;2022-07-20;1429;2302;12969;77586;1470;10743;79173;0;1051;54556274;51951350;37179320;4303485;53653691;40450140;4652478;0;27583
FR;0;2022-07-21;1288;2172;13098;88244;1372;10500;89729;0;1316;54557562;51953522;37192418;4391729;53655063;40460640;4742207;0;28899
FR;0;2022-07-22;1433;2490;14832;89552;1469;11973;91418;0;1347;54558995;51956012;37207250;4481281;53656532;40472613;4833625;0;30246
FR;0;2022-07-23;684;1310;5536;22482;821;4858;23081;0;411;54559679;51957322;37212786;4503763;53657353;40477471;4856706;0;30657
FR;0;2022-07-24;186;353;1400;3905;204;1242;4132;0;72;54559865;51957675;37214186;4507668;53657557;40478713;4860838;0;30729
FR;0;2022-07-25;1061;1797;9493;48081;1149;7845;49518;0;737;54560926;51959472;37223679;4555749;53658706;40486558;4910356;0;31466
FR;0;2022-07-26;1300;2213;13306;85438;1321;10828;87135;0;1311;54562226;51961685;37236985;4641187;53660027;40497386;4997491;0;32777
FR;0;2022-07-27;1226;2008;10236;61318;1341;8530;62522;0;971;54563452;51963693;37247221;4702505;53661368;40505916;5060013;0;33748
FR;0;2022-07-28;1093;1864;10313;64413;1261;8224;65643;0;1046;54564545;51965557;37257534;4766918;53662629;40514140;5125656;0;34794
FR;0;2022-07-29;1282;2078;11011;65898;1387;8765;67328;0;1140;54565827;51967635;37268545;4832816;53664016;40522905;5192984;0;35934
FR;0;2022-07-30;503;867;3523;15283;604;2974;15666;0;303;54566330;51968502;37272068;4848099;53664620;40525879;5208650;0;36237
FR;0;2022-07-31;154;289;929;2439;185;788;2588;0;49;54566484;51968791;37272997;4850538;53664805;40526667;5211238;0;36286
FR;0;2022-08-01;1003;1669;7601;30240;1261;6400;31314;0;549;54567487;51970460;37280598;4880778;53666066;40533067;5242552;0;36835
FR;0;2022-08-02;1055;1650;8582;56131;1156;6895;56808;0;1170;54568542;51972110;37289180;4936909;53667222;40539962;5299360;0;38005
FR;0;2022-08-03;852;1266;6430;38683;903;5150;39421;0;702;54569394;51973376;37295610;4975592;53668125;40545112;5338781;0;38707
FR;0;2022-08-04;741;1187;6575;43161;783;5307;43726;0;917;54570135;51974563;37302185;5018753;53668908;40550419;5382507;0;39624
FR;0;2022-08-05;859;1364;7099;44975;972;5681;45630;0;993;54570994;51975927;37309284;5063728;53669880;40556100;5428137;0;40617
FR;0;2022-08-06;341;559;2101;9368;400;1759;9568;0;228;54571335;51976486;37311385;5073096;53670280;40557859;5437705;0;40845
FR;0;2022-08-07;104;160;536;1626;117;453;1702;0;38;54571439;51976646;37311921;5074722;53670397;40558312;5439407;0;40883
FR;0;2022-08-08;654;1165;4030;22109;921;3293;22544;0;490;54572093;51977811;37315951;5096831;53671318;40561605;5461951;0;41373
FR;0;2022-08-09;748;1167;5973;39963;854;4804;40446;0;844;54572841;51978978;37321924;5136794;53672172;40566409;5502397;0;42217
FR;0;2022-08-10;671;1291;4656;28058;1006;3797;28392;0;652;54573512;51980269;37326580;5164852;53673178;40570206;5530789;0;42869
FR;0;2022-08-11;640;1030;4493;29251;742;3713;29587;0;676;54574152;51981299;37331073;5194103;53673920;40573919;5560376;0;43545
FR;0;2022-08-12;849;1164;4748;28219;850;3919;28656;0;704;54575001;51982463;37335821;5222322;53674770;40577838;5589032;0;44249
FR;0;2022-08-13;359;428;1295;5260;325;1120;5419;0;121;54575360;51982891;37337116;5227582;53675095;40578958;5594451;0;44370
FR;0;2022-08-14;74;121;289;923;104;247;995;0;25;54575434;51983012;37337405;5228505;53675199;40579205;5595446;0;44395
FR;0;2022-08-15;117;232;610;564;198;558;618;0;19;54575551;51983244;37338015;5229069;53675397;40579763;5596064;0;44414
FR;0;2022-08-16;645;1078;3961;22179;840;3355;22372;0;615;54576196;51984322;37341976;5251248;53676237;40583118;5618436;0;45029
FR;0;2022-08-17;653;1041;3890;22900;816;3294;23141;0;620;54576849;51985363;37345866;5274148;53677053;40586412;5641577;0;45649
FR;0;2022-08-18;637;1002;4124;26308;806;3262;26541;0;673;54577486;51986365;37349990;5300456;53677859;40589674;5668118;0;46322
FR;0;2022-08-19;606;1167;4493;27259;875;3694;27565;0;766;54578092;51987532;37354483;5327715;53678734;40593368;5695683;0;47088
FR;0;2022-08-20;311;504;1356;5569;402;1171;5728;0;146;54578403;51988036;37355839;5333284;53679136;40594539;5701411;0;47234
FR;0;2022-08-21;97;135;305;1009;96;267;1044;0;27;54578500;51988171;37356144;5334293;53679232;40594806;5702455;0;47261
FR;0;2022-08-22;584;1002;3274;15358;781;2798;15688;0;425;54579084;51989173;37359418;5349651;53680013;40597604;5718143;0;47686
FR;0;2022-08-23;732;1180;4299;29002;853;3610;29091;0;870;54579816;51990353;37363717;5378653;53680866;40601214;5747234;0;48556
FR;0;2022-08-24;670;940;3498;19539;786;2860;19729;0;608;54580486;51991293;37367215;5398192;53681652;40604074;5766963;0;49164
FR;0;2022-08-25;626;1025;3947;23402;731;3295;23666;0;673;54581112;51992318;37371162;5421594;53682383;40607369;5790629;0;49837
FR;0;2022-08-26;862;1266;4478;25884;961;3671;26257;0;777;54581974;51993584;37375640;5447478;53683344;40611040;5816886;0;50614
FR;0;2022-08-27;299;500;1379;5469;362;1244;5533;0;194;54582273;51994084;37377019;5452947;53683706;40612284;5822419;0;50808
FR;0;2022-08-28;125;163;303;920;117;288;965;0;38;54582398;51994247;37377322;5453867;53683823;40612572;5823384;0;50846
FR;0;2022-08-29;623;970;3076;14679;770;2614;14985;0;433;54583021;51995217;37380398;5468546;53684593;40615186;5838369;0;51279
FR;0;2022-08-30;855;1224;4796;28553;900;3914;28883;0;823;54583876;51996441;37385194;5497099;53685493;40619100;5867252;0;52102
FR;0;2022-08-31;697;958;3207;17645;745;2718;17909;0;508;54584573;51997399;37388401;5514744;53686238;40621818;5885161;0;52610
FR;0;2022-09-01;757;997;4480;22500;709;3827;22766;0;623;54585330;51998396;37392881;5537244;53686947;40625645;5907927;0;53233
FR;0;2022-09-02;955;1159;5044;28613;847;4257;28907;0;914;54586285;51999555;37397925;5565857;53687794;40629902;5936834;0;54147
FR;0;2022-09-03;421;571;1919;6086;425;1666;6323;0;181;54586706;52000126;37399844;5571943;53688219;40631568;5943157;0;54328
FR;0;2022-09-04;135;150;351;876;85;347;945;0;24;54586841;52000276;37400195;5572819;53688304;40631915;5944102;0;54352
FR;0;2022-09-05;769;917;3178;16065;738;2658;16379;0;523;54587610;52001193;37403373;5588884;53689042;40634573;5960481;0;54875
FR;0;2022-09-06;918;1051;4740;31853;681;3873;32082;0;1040;54588528;52002244;37408113;5620737;53689723;40638446;5992563;0;55915
FR;0;2022-09-07;714;789;3000;16822;572;2481;16971;0;573;54589242;52003033;37411113;5637559;53690295;40640927;6009534;0;56488
FR;0;2022-09-08;633;862;3810;24866;597;3142;24957;0;818;54589875;52003895;37414923;5662425;53690892;40644069;6034491;0;57306
FR;0;2022-09-09;851;1022;4444;27660;664;3686;27836;0;951;54590726;52004917;37419367;5690085;53691556;40647755;6062327;0;58257
FR;0;2022-09-10;406;649;1739;5711;475;1539;5917;0;207;54591132;52005566;37421106;5695796;53692031;40649294;6068244;0;58464
FR;0;2022-09-11;124;131;324;657;93;307;716;0;17;54591256;52005697;37421430;5696453;53692124;40649601;6068960;0;58481
FR;0;2022-09-12;520;646;2690;13297;463;2295;13590;0;478;54591776;52006343;37424120;5709750;53692587;40651896;6082550;0;58959
FR;0;2022-09-13;681;873;3999;26521;562;3488;26398;0;875;54592457;52007216;37428119;5736271;53693149;40655384;6108948;0;59834
FR;0;2022-09-14;709;802;2968;16188;594;2485;16421;0;573;54593166;52008018;37431087;5752459;53693743;40657869;6125369;0;60407
FR;0;2022-09-15;578;848;3478;23586;600;2967;23655;0;728;54593744;52008866;37434565;5776045;53694343;40660836;6149024;0;61135
FR;0;2022-09-16;799;1050;4147;25919;734;3489;26139;0;932;54594543;52009916;37438712;5801964;53695077;40664325;6175163;0;62067
FR;0;2022-09-17;395;513;1454;6146;392;1284;6238;0;243;54594938;52010429;37440166;5808110;53695469;40665609;6181401;0;62310
FR;0;2022-09-18;117;144;323;962;123;291;1017;0;37;54595055;52010573;37440489;5809072;53695592;40665900;6182418;0;62347
FR;0;2022-09-19;482;648;2262;13219;451;1936;13402;0;436;54595537;52011221;37442751;5822291;53696043;40667836;6195820;0;62783
FR;0;2022-09-20;646;904;3790;26462;659;3157;26516;0;893;54596183;52012125;37446541;5848753;53696702;40670993;6222336;0;63676
FR;0;2022-09-21;591;776;2740;16258;580;2355;16249;0;587;54596774;52012901;37449281;5865011;53697282;40673348;6238585;0;64263
FR;0;2022-09-22;601;851;3425;23595;575;2798;23819;0;774;54597375;52013752;37452706;5888606;53697857;40676146;6262404;0;65037
FR;0;2022-09-23;838;1051;4495;28731;773;3764;28902;0;1021;54598213;52014803;37457201;5917337;53698630;40679910;6291306;0;66058
FR;0;2022-09-24;427;614;1648;6906;474;1421;7091;0;307;54598640;52015417;37458849;5924243;53699104;40681331;6298397;0;66365
FR;0;2022-09-25;99;194;336;1101;149;307;1143;0;37;54598739;52015611;37459185;5925344;53699253;40681638;6299540;0;66402
FR;0;2022-09-26;438;715;2299;13545;485;2019;13649;0;435;54599177;52016326;37461484;5938889;53699738;40683657;6313189;0;66837
FR;0;2022-09-27;614;844;3627;25944;614;2910;26099;0;959;54599791;52017170;37465111;5964833;53700352;40686567;6339288;0;67796
FR;0;2022-09-28;635;828;2557;15404;635;2305;15517;0;622;54600426;52017998;37467668;5980237;53700987;40688872;6354805;0;68418
FR;0;2022-09-29;566;768;3134;21052;546;2647;21081;43;810;54600992;52018766;37470802;6001289;53701533;40691519;6375886;43;69228
FR;0;2022-09-30;787;1125;3957;25563;845;3302;25831;715;1052;54601779;52019891;37474759;6026852;53702378;40694821;6401717;758;70280
FR;0;2022-10-01;431;681;2009;5975;529;1737;6212;396;318;54602210;52020572;37476768;6032827;53702907;40696558;6407929;1154;70598
FR;0;2022-10-02;63;136;218;639;97;215;665;66;42;54602273;52020708;37476986;6033466;53703004;40696773;6408594;1220;70640
FR;0;2022-10-03;612;947;2469;12053;780;2195;12231;2074;745;54602885;52021655;37479455;6045519;53703784;40698968;6420825;3294;71385
FR;0;2022-10-04;735;832;3394;23508;578;2785;23685;4704;1585;54603620;52022487;37482849;6069027;53704362;40701753;6444510;7998;72970
FR;0;2022-10-05;604;853;2448;14607;632;2163;14748;3656;1210;54604224;52023340;37485297;6083634;53704994;40703916;6459258;11654;74180
FR;0;2022-10-06;550;741;3090;21688;542;2522;21898;6668;1909;54604774;52024081;37488387;6105322;53705536;40706438;6481156;18322;76089
FR;0;2022-10-07;735;1013;4128;30310;740;3477;30398;16874;3205;54605509;52025094;37492515;6135632;53706276;40709915;6511554;35196;79294
FR;0;2022-10-08;355;521;1651;8432;383;1410;8601;6699;1170;54605864;52025615;37494166;6144064;53706659;40711325;6520155;41895;80464
FR;0;2022-10-09;109;143;337;1587;117;312;1650;1511;297;54605973;52025758;37494503;6145651;53706776;40711637;6521805;43406;80761
FR;0;2022-10-10;502;833;2932;20565;649;2523;20887;19597;3272;54606475;52026591;37497435;6166216;53707425;40714160;6542692;63003;84033
FR;0;2022-10-11;610;814;4269;40321;554;3572;40665;40162;6381;54607085;52027405;37501704;6206537;53707979;40717732;6583357;103165;90414
FR;0;2022-10-12;599;858;3268;26758;639;2776;27088;27304;4691;54607684;52028263;37504972;6233295;53708618;40720508;6610445;130469;95105
FR;0;2022-10-13;627;818;4017;38463;609;3138;38922;40607;6607;54608311;52029081;37508989;6271758;53709227;40723646;6649367;171076;101712
FR;0;2022-10-14;761;1074;4871;47668;783;3957;48143;51134;7863;54609072;52030155;37513860;6319426;53710010;40727603;6697510;222210;109575
FR;0;2022-10-15;368;588;1867;11851;427;1629;11965;13091;2274;54609440;52030743;37515727;6331277;53710437;40729232;6709475;235301;111849
FR;0;2022-10-16;92;136;372;1967;86;356;2012;2347;479;54609532;52030879;37516099;6333244;53710523;40729588;6711487;237648;112328
FR;0;2022-10-17;440;711;3044;26466;496;2487;26838;30794;5410;54609972;52031590;37519143;6359710;53711019;40732075;6738325;268442;117738
FR;0;2022-10-18;608;736;4706;46102;535;3762;46667;55450;11701;54610580;52032326;37523849;6405812;53711554;40735837;6784992;323892;129439
FR;0;2022-10-19;568;820;3644;34375;625;3074;34745;42463;9253;54611148;52033146;37527493;6440187;53712179;40738911;6819737;366355;138692
FR;0;2022-10-20;617;805;4843;49466;593;3730;50123;60534;12936;54611765;52033951;37532336;6489653;53712772;40742641;6869860;426889;151628
FR;0;2022-10-21;690;995;5710;57042;710;4519;57712;70965;14299;54612455;52034946;37538046;6546695;53713482;40747160;6927572;497854;165927
FR;0;2022-10-22;335;413;1654;12950;333;1320;13107;15939;3386;54612790;52035359;37539700;6559645;53713815;40748480;6940679;513793;169313
FR;0;2022-10-23;98;107;350;2064;102;266;2166;2758;631;54612888;52035466;37540050;6561709;53713917;40748746;6942845;516551;169944
FR;0;2022-10-24;552;597;3137;27135;422;2687;27563;35494;7809;54613440;52036063;37543187;6588844;53714339;40751433;6970408;552045;177753
FR;0;2022-10-25;598;726;4873;49117;535;3805;49791;65254;15449;54614038;52036789;37548060;6637961;53714874;40755238;7020199;617299;193202
FR;0;2022-10-26;534;645;3475;32622;484;2901;32928;43999;11023;54614572;52037434;37551535;6670583;53715358;40758139;7053127;661298;204225
FR;0;2022-10-27;592;698;4081;40795;499;3348;41272;54476;13137;54615164;52038132;37555616;6711378;53715857;40761487;7094399;715774;217362
FR;0;2022-10-28;704;869;4610;44190;633;3505;45009;58279;13188;54615868;52039001;37560226;6755568;53716490;40764992;7139408;774053;230550
FR;0;2022-10-29;260;364;1328;9498;262;1082;9632;12523;3012;54616128;52039365;37561554;6765066;53716752;40766074;7149040;786576;233562
FR;0;2022-10-30;87;120;287;1598;96;249;1646;2145;540;54616215;52039485;37561841;6766664;53716848;40766323;7150686;788721;234102
FR;0;2022-10-31;381;489;2075;16062;358;1626;16427;22205;5503;54616596;52039974;37563916;6782726;53717206;40767949;7167113;810926;239605
FR;0;2022-11-01;128;194;929;1123;152;962;1166;1697;504;54616724;52040168;37564845;6783849;53717358;40768911;7168279;812623;240109
FR;0;2022-11-02;519;676;3038;25403;505;2584;25879;36644;10135;54617243;52040844;37567883;6809252;53717863;40771495;7194158;849267;250244
FR;0;2022-11-03;646;703;4114;40064;537;3118;40796;57039;15379;54617889;52041547;37571997;6849316;53718400;40774613;7234954;906306;265623
FR;0;2022-11-04;659;831;4426;43659;578;3518;44279;60535;15248;54618548;52042378;37576423;6892975;53718978;40778131;7279233;966841;280871
FR;0;2022-11-05;255;376;1450;9717;299;1166;9926;13464;3294;54618803;52042754;37577873;6902692;53719277;40779297;7289159;980305;284165
FR;0;2022-11-06;94;119;263;1603;102;246;1632;2338;653;54618897;52042873;37578136;6904295;53719379;40779543;7290791;982643;284818
FR;0;2022-11-07;540;604;2763;26769;518;2249;27401;39119;11006;54619437;52043477;37580899;6931064;53719897;40781792;7318192;1021762;295824
FR;0;2022-11-08;667;818;5004;52000;605;3840;53004;74288;20078;54620104;52044295;37585903;6983064;53720502;40785632;7371196;1096050;315902
FR;0;2022-11-09;531;699;3363;31611;523;2691;32387;46364;13233;54620635;52044994;37589266;7014675;53721025;40788323;7403583;1142414;329135
FR;0;2022-11-10;628;984;4578;43680;735;3628;44581;62858;17354;54621263;52045978;37593844;7058355;53721760;40791951;7448164;1205272;346489
FR;0;2022-11-11;82;120;370;1665;88;313;1728;2800;1012;54621345;52046098;37594214;7060020;53721848;40792264;7449892;1208072;347501
FR;0;2022-11-12;212;351;1195;7102;259;979;7337;10289;2765;54621557;52046449;37595409;7067122;53722107;40793243;7457229;1218361;350266
FR;0;2022-11-13;73;115;249;1208;94;213;1262;1978;628;54621630;52046564;37595658;7068330;53722201;40793456;7458491;1220339;350894
FR;0;2022-11-14;447;531;2589;24005;378;2066;24630;36224;10907;54622077;52047095;37598247;7092335;53722579;40795522;7483121;1256563;361801
FR;0;2022-11-15;620;889;4330;45057;714;3373;46005;66921;19627;54622697;52047984;37602577;7137392;53723293;40798895;7529126;1323484;381428
FR;0;2022-11-16;564;680;3072;28596;551;2579;29132;43260;13315;54623261;52048664;37605649;7165988;53723844;40801474;7558258;1366744;394743
FR;0;2022-11-17;571;689;3826;39255;536;2986;39860;58360;17409;54623832;52049353;37609475;7205243;53724380;40804460;7598118;1425104;412152
FR;0;2022-11-18;627;786;4607;45145;601;3457;46051;65714;18349;54624459;52050139;37614082;7250388;53724981;40807917;7644169;1490818;430501
FR;0;2022-11-19;270;345;1502;9806;278;1098;10001;14323;4009;54624729;52050484;37615584;7260194;53725259;40809015;7654170;1505141;434510
FR;0;2022-11-20;79;189;305;1698;171;262;1772;2717;859;54624808;52050673;37615889;7261892;53725430;40809277;7655942;1507858;435369
FR;0;2022-11-21;437;516;2425;21449;354;1956;22019;33133;10348;54625245;52051189;37618314;7283341;53725784;40811233;7677961;1540991;445717
FR;0;2022-11-22;541;609;4035;39833;437;3169;40409;59781;18252;54625786;52051798;37622349;7323174;53726221;40814402;7718370;1600772;463969
FR;0;2022-11-23;476;568;2759;26029;415;2325;26520;40398;12888;54626262;52052366;37625108;7349203;53726636;40816727;7744890;1641170;476857
FR;0;2022-11-24;514;608;3768;37175;432;2964;37886;56855;17960;54626776;52052974;37628876;7386378;53727068;40819691;7782776;1698025;494817
FR;0;2022-11-25;581;733;4190;40153;587;3151;40996;59634;17476;54627357;52053707;37633066;7426531;53727655;40822842;7823772;1757659;512293
FR;0;2022-11-26;301;339;1335;9371;263;1064;9512;13999;3971;54627658;52054046;37634401;7435902;53727918;40823906;7833284;1771658;516264
FR;0;2022-11-27;74;88;268;1661;70;228;1689;2554;805;54627732;52054134;37634669;7437563;53727988;40824134;7834973;1774212;517069
FR;0;2022-11-28;420;482;2638;24800;363;1982;25539;38464;12200;54628152;52054616;37637307;7462363;53728351;40826116;7860512;1812676;529269
FR;0;2022-11-29;499;611;4401;46526;381;3291;47254;71104;22321;54628651;52055227;37641708;7508889;53728732;40829407;7907766;1883780;551590
FR;0;2022-11-30;508;703;3741;36930;504;2899;37736;56332;17235;54629159;52055930;37645449;7545819;53729236;40832306;7945502;1940112;568825
FR;0;2022-12-01;536;685;5323;51905;464;3915;52713;79700;25245;54629695;52056615;37650772;7597724;53729700;40836221;7998215;2019812;594070
FR;0;2022-12-02;646;750;6173;61545;535;4383;62777;92449;27457;54630341;52057365;37656945;7659269;53730235;40840604;8060992;2112261;621527
FR;0;2022-12-03;305;348;2287;18051;226;1629;18480;26729;7618;54630646;52057713;37659232;7677320;53730461;40842233;8079472;2138990;629145
FR;0;2022-12-04;97;125;524;4305;92;434;4356;6441;1856;54630743;52057838;37659756;7681625;53730553;40842667;8083828;2145431;631001
FR;0;2022-12-05;480;612;4314;44706;449;2924;45675;69051;21915;54631223;52058450;37664070;7726331;53731002;40845591;8129503;2214482;652916
FR;0;2022-12-06;634;770;6855;78300;509;4658;79821;121756;39600;54631857;52059220;37670925;7804631;53731511;40850249;8209324;2336238;692516
FR;0;2022-12-07;559;653;5366;58163;487;3613;59310;90524;29574;54632416;52059873;37676291;7862794;53731998;40853862;8268634;2426762;722090
FR;0;2022-12-08;611;723;6990;79677;463;4594;81370;124181;40873;54633027;52060596;37683281;7942471;53732461;40858456;8350004;2550943;762963
FR;0;2022-12-09;784;844;8683;95685;556;5736;97578;147344;46802;54633811;52061440;37691964;8038156;53733017;40864192;8447582;2698287;809765
FR;0;2022-12-10;409;533;3827;33958;377;2481;34855;50557;14712;54634220;52061973;37695791;8072114;53733394;40866673;8482437;2748844;824477
FR;0;2022-12-11;133;142;993;8362;101;688;8567;12256;3276;54634353;52062115;37696784;8080476;53733495;40867361;8491004;2761100;827753
FR;0;2022-12-12;523;595;6385;67483;386;4138;69078;106293;34846;54634876;52062710;37703169;8147959;53733881;40871499;8560082;2867393;862599
FR;0;2022-12-13;711;791;9054;103617;501;5645;106206;164945;55105;54635587;52063501;37712223;8251576;53734382;40877144;8666288;3032338;917704
FR;0;2022-12-14;593;725;6826;73347;488;4558;75026;117003;38770;54636180;52064226;37719049;8324923;53734870;40881702;8741314;3149341;956474
FR;0;2022-12-15;662;888;8901;95931;577;5726;98246;153330;51775;54636842;52065114;37727950;8420854;53735447;40887428;8839560;3302671;1008249
FR;0;2022-12-16;825;979;9783;104824;653;6464;107066;166534;55330;54637667;52066093;37737733;8525678;53736100;40893892;8946626;3469205;1063579
FR;0;2022-12-17;345;429;3504;31803;293;2296;32595;48445;14449;54638012;52066522;37741237;8557481;53736393;40896188;8979221;3517650;1078028
FR;0;2022-12-18;93;127;791;6334;81;544;6484;9629;2752;54638105;52066649;37742028;8563815;53736474;40896732;8985705;3527279;1080780
FR;0;2022-12-19;592;619;5756;56220;435;3683;57852;90267;30089;54638697;52067268;37747784;8620035;53736909;40900415;9043557;3617546;1110869
FR;0;2022-12-20;746;793;7953;79863;529;5248;82008;130833;45060;54639443;52068061;37755737;8699898;53737438;40905663;9125565;3748379;1155929
FR;0;2022-12-21;601;629;5339;50981;441;3590;52333;84193;29342;54640044;52068690;37761076;8750879;53737879;40909253;9177898;3832572;1185271
FR;0;2022-12-22;647;668;4916;46291;466;3437;47527;76913;26914;54640691;52069358;37765992;8797170;53738345;40912690;9225425;3909485;1212185
FR;0;2022-12-23;478;587;3450;26235;424;2633;26896;43415;14908;54641169;52069945;37769442;8823405;53738769;40915323;9252321;3952900;1227093
FR;0;2022-12-24;105;108;447;2708;80;338;2832;4289;1231;54641274;52070053;37769889;8826113;53738849;40915661;9255153;3957189;1228324
FR;0;2022-12-25;34;43;134;566;34;106;592;926;273;54641308;52070096;37770023;8826679;53738883;40915767;9255745;3958115;1228597
FR;0;2022-12-26;369;393;2500;16945;293;1829;17576;27639;8843;54641677;52070489;37772523;8843624;53739176;40917596;9273321;3985754;1237440
FR;0;2022-12-27;540;662;4219;33737;447;2955;34887;56743;19749;54642217;52071151;37776742;8877361;53739623;40920551;9308208;4042497;1257189
FR;0;2022-12-28;479;519;3241;25721;353;2317;26342;42948;14844;54642696;52071670;37779983;8903082;53739976;40922868;9334550;4085445;1272033
FR;0;2022-12-29;431;544;3424;26589;356;2408;27596;45108;15660;54643127;52072214;37783407;8929671;53740332;40925276;9362146;4130553;1287693
FR;0;2022-12-30;463;506;2632;19576;364;1868;20248;32640;11002;54643590;52072720;37786039;8949247;53740696;40927144;9382394;4163193;1298695
FR;0;2022-12-31;137;157;508;3189;121;413;3333;4945;1338;54643727;52072877;37786547;8952436;53740817;40927557;9385727;4168138;1300033
FR;0;2023-01-01;25;45;177;711;27;149;737;1026;246;54643752;52072922;37786724;8953147;53740844;40927706;9386464;4169164;1300279
FR;0;2023-01-02;730;585;3017;19046;411;2332;19526;33026;12101;54644482;52073507;37789741;8972193;53741255;40930038;9405990;4202190;1312380
FR;0;2023-01-03;671;689;4765;44191;469;3376;45136;82800;34831;54645153;52074196;37794506;9016384;53741724;40933414;9451126;4284990;1347211
FR;0;2023-01-04;543;608;3877;31104;417;2769;31918;59887;25826;54645696;52074804;37798383;9047488;53742141;40936183;9483044;4344877;1373037
FR;0;2023-01-05;668;765;4688;43313;565;3193;44246;84049;37175;54646364;52075569;37803071;9090801;53742706;40939376;9527290;4428926;1410212
FR;0;2023-01-06;748;860;5528;48578;581;3668;49637;92106;39513;54647112;52076429;37808599;9139379;53743287;40943044;9576927;4521032;1449725
FR;0;2023-01-07;349;412;1948;12935;301;1414;13256;23034;8767;54647461;52076841;37810547;9152314;53743588;40944458;9590183;4544066;1458492
FR;0;2023-01-08;104;144;496;2918;100;357;3015;5231;1992;54647565;52076985;37811043;9155232;53743688;40944815;9593198;4549297;1460484
FR;0;2023-01-09;583;637;2863;22350;459;2068;22932;45858;21215;54648148;52077622;37813906;9177582;53744147;40946883;9616130;4595155;1481699
FR;0;2023-01-10;618;795;4822;41577;554;3455;42407;87028;41788;54648766;52078417;37818728;9219159;53744701;40950338;9658537;4682183;1523487
FR;0;2023-01-11;505;603;3145;25102;440;2288;25636;52861;25235;54649271;52079020;37821873;9244261;53745141;40952626;9684173;4735044;1548722
FR;0;2023-01-12;604;694;3985;34350;472;2886;34974;72507;35102;54649875;52079714;37825858;9278611;53745613;40955512;9719147;4807551;1583824
FR;0;2023-01-13;790;811;4384;36237;565;3157;36885;74643;35217;54650665;52080525;37830242;9314848;53746178;40958669;9756032;4882194;1619041
FR;0;2023-01-14;354;346;1587;9308;237;1198;9500;17767;7419;54651019;52080871;37831829;9324156;53746415;40959867;9765532;4899961;1626460
FR;0;2023-01-15;100;136;378;1571;92;290;1682;3268;1415;54651119;52081007;37832207;9325727;53746507;40960157;9767214;4903229;1627875
FR;0;2023-01-16;425;480;2382;16347;333;1789;16609;35991;18102;54651544;52081487;37834589;9342074;53746840;40961946;9783823;4939220;1645977
FR;0;2023-01-17;504;597;3540;29063;412;2568;29626;65750;33910;54652048;52082084;37838129;9371137;53747252;40964514;9813449;5004970;1679887
FR;0;2023-01-18;471;562;2371;17448;409;1839;17763;39174;19886;54652519;52082646;37840500;9388585;53747661;40966353;9831212;5044144;1699773
FR;0;2023-01-19;506;521;2876;23075;355;2141;23420;52301;27012;54653025;52083167;37843376;9411660;53748016;40968494;9854632;5096445;1726785
FR;0;2023-01-20;636;704;3472;25811;503;2627;26296;57784;29431;54653661;52083871;37846848;9437471;53748519;40971121;9880928;5154229;1756216
FR;0;2023-01-21;261;306;1143;6423;221;881;6533;13246;6020;54653922;52084177;37847991;9443894;53748740;40972002;9887461;5167475;1762236
FR;0;2023-01-22;47;65;180;880;34;156;930;1922;874;54653969;52084242;37848171;9444774;53748774;40972158;9888391;5169397;1763110
FR;0;2023-01-23;324;414;1739;11042;272;1304;11267;27227;14820;54654293;52084656;37849910;9455816;53749046;40973462;9899658;5196624;1777930
FR;0;2023-01-24;478;533;2597;20752;377;1945;21055;51079;28342;54654771;52085189;37852507;9476568;53749423;40975407;9920713;5247703;1806272
FR;0;2023-01-25;408;555;1953;12616;399;1482;13046;30756;16453;54655179;52085744;37854460;9489184;53749822;40976889;9933759;5278459;1822725
FR;0;2023-01-26;435;530;2390;17190;384;1793;17503;42473;23404;54655614;52086274;37856850;9506374;53750206;40978682;9951262;5320932;1846129
FR;0;2023-01-27;527;967;2657;18538;791;2018;18787;45082;24580;54656141;52087241;37859507;9524912;53750997;40980700;9970049;5366014;1870709
FR;0;2023-01-28;237;291;867;4521;234;692;4640;9986;4751;54656378;52087532;37860374;9529433;53751231;40981392;9974689;5376000;1875460
FR;0;2023-01-29;42;72;124;466;55;102;504;1098;548;54656420;52087604;37860498;9529899;53751286;40981494;9975193;5377098;1876008
FR;0;2023-01-30;366;450;1346;8296;322;1113;8490;20956;11437;54656786;52088054;37861844;9538195;53751608;40982607;9983683;5398054;1887445
FR;0;2023-01-31;426;489;2051;14115;331;1534;14358;36875;21260;54657212;52088543;37863895;9552310;53751939;40984141;9998041;5434929;1908705
FR;0;2023-02-01;412;535;1726;8351;408;1472;8509;22205;12599;54657624;52089078;37865621;9560661;53752347;40985613;10006550;5457134;1921304
FR;0;2023-02-02;370;509;1730;11931;350;1437;12141;31698;18253;54657994;52089587;37867351;9572592;53752697;40987050;10018691;5488832;1939557
FR;0;2023-02-03;479;657;2064;12631;491;1648;12809;33769;19457;54658473;52090244;37869415;9585223;53753188;40988698;10031500;5522601;1959014
FR;0;2023-02-04;198;278;672;3136;239;565;3181;7454;3824;54658671;52090522;37870087;9588359;53753427;40989263;10034681;5530055;1962838
FR;0;2023-02-05;25;65;89;245;42;87;261;589;284;54658696;52090587;37870176;9588604;53753469;40989350;10034942;5530644;1963122
FR;0;2023-02-06;310;355;1102;5426;286;865;5611;15389;9055;54659006;52090942;37871278;9594030;53753755;40990215;10040553;5546033;1972177
FR;0;2023-02-07;350;498;1609;9751;367;1322;9908;28203;16906;54659356;52091440;37872887;9603781;53754122;40991537;10050461;5574236;1989083
FR;0;2023-02-08;301;394;1134;6066;312;921;6234;16995;9763;54659657;52091834;37874021;9609847;53754434;40992458;10056695;5591231;1998846
FR;0;2023-02-09;340;475;1307;7917;346;1114;8098;22850;13701;54659997;52092309;37875328;9617764;53754780;40993572;10064793;5614081;2012547
FR;0;2023-02-10;468;550;1521;8358;436;1278;8505;23767;13964;54660465;52092859;37876849;9626122;53755216;40994850;10073298;5637848;2026511
FR;0;2023-02-11;169;225;583;2149;182;512;2237;5435;2770;54660634;52093084;37877432;9628271;53755398;40995362;10075535;5643283;2029281
FR;0;2023-02-12;41;49;62;175;48;56;197;440;208;54660675;52093133;37877494;9628446;53755446;40995418;10075732;5643723;2029489
FR;0;2023-02-13;234;345;755;3355;270;687;3447;9619;5502;54660909;52093478;37878249;9631801;53755716;40996105;10079179;5653342;2034991
FR;0;2023-02-14;298;380;1184;5977;277;1011;6121;17562;10421;54661207;52093858;37879433;9637778;53755993;40997116;10085300;5670904;2045412
FR;0;2023-02-15;291;404;969;4077;299;845;4254;12218;7169;54661498;52094262;37880402;9641855;53756292;40997961;10089554;5683122;2052581
FR;0;2023-02-16;266;403;1162;5205;267;1017;5351;15064;8765;54661764;52094665;37881564;9647060;53756559;40998978;10094905;5698186;2061346
FR;0;2023-02-17;371;475;1319;5481;385;1158;5703;16396;9638;54662135;52095140;37882883;9652541;53756944;41000136;10100608;5714582;2070984
FR;0;2023-02-18;162;217;564;1627;172;493;1697;4062;2050;54662297;52095357;37883447;9654168;53757116;41000629;10102305;5718644;2073034
FR;0;2023-02-19;37;38;49;139;35;40;141;338;167;54662334;52095395;37883496;9654307;53757151;41000669;10102446;5718982;2073201
FR;0;2023-02-20;249;350;717;2859;263;675;2979;8536;4892;54662583;52095745;37884213;9657166;53757414;41001344;10105425;5727518;2078093
FR;0;2023-02-21;270;413;1074;4537;268;939;4745;14003;8272;54662853;52096158;37885287;9661703;53757682;41002283;10110170;5741521;2086365
FR;0;2023-02-22;244;373;740;2946;285;702;2985;9077;5313;54663097;52096531;37886027;9664649;53757967;41002985;10113155;5750598;2091678
FR;0;2023-02-23;227;362;934;4001;249;843;4184;12243;7148;54663324;52096893;37886961;9668650;53758216;41003828;10117339;5762841;2098826
FR;0;2023-02-24;291;471;1046;4414;349;919;4613;13008;7449;54663615;52097364;37888007;9673064;53758565;41004747;10121952;5775849;2106275
FR;0;2023-02-25;126;169;448;1192;148;364;1272;3185;1621;54663741;52097533;37888455;9674256;53758713;41005111;10123224;5779034;2107896
FR;0;2023-02-26;20;27;34;101;27;35;113;256;111;54663761;52097560;37888489;9674357;53758740;41005146;10123337;5779290;2108007
FR;0;2023-02-27;213;327;602;1995;254;584;2066;6559;3943;54663974;52097887;37889091;9676352;53758994;41005730;10125403;5785849;2111950
FR;0;2023-02-28;269;370;841;3587;252;808;3731;12182;7492;54664243;52098257;37889932;9679939;53759246;41006538;10129134;5798031;2119442
FR;0;2023-03-01;226;345;833;1996;284;761;2178;6605;3927;54664469;52098602;37890765;9681935;53759530;41007299;10131312;5804636;2123369
FR;0;2023-03-02;221;315;850;2986;228;729;3202;10080;6261;54664690;52098917;37891615;9684921;53759758;41008028;10134514;5814716;2129630
FR;0;2023-03-03;331;466;1033;3682;354;925;3822;11836;7008;54665021;52099383;37892648;9688603;53760112;41008953;10138336;5826552;2136638
FR;0;2023-03-04;131;218;408;1081;158;391;1096;2792;1372;54665152;52099601;37893056;9689684;53760270;41009344;10139432;5829344;2138010
FR;0;2023-03-05;23;26;29;52;23;32;53;201;113;54665175;52099627;37893085;9689736;53760293;41009376;10139485;5829545;2138123
FR;0;2023-03-06;225;268;539;1418;192;520;1495;4728;2724;54665400;52099895;37893624;9691154;53760485;41009896;10140980;5834273;2140847
FR;0;2023-03-07;190;316;656;2362;220;612;2453;7945;4882;54665590;52100211;37894280;9693516;53760705;41010508;10143433;5842218;2145729
FR;0;2023-03-08;161;284;525;1442;219;465;1551;5003;2920;54665751;52100495;37894805;9694958;53760924;41010973;10144984;5847221;2148649
FR;0;2023-03-09;168;281;633;2005;190;606;2076;7147;4405;54665919;52100776;37895438;9696963;53761114;41011579;10147060;5854368;2153054
FR;0;2023-03-10;323;457;893;2642;341;820;2778;9008;5368;54666242;52101233;37896331;9699605;53761455;41012399;10149838;5863376;2158422
FR;0;2023-03-11;126;175;352;801;133;311;853;2299;1179;54666368;52101408;37896683;9700406;53761588;41012710;10150691;5865675;2159601
FR;0;2023-03-12;10;25;30;62;24;30;63;177;87;54666378;52101433;37896713;9700468;53761612;41012740;10150754;5865852;2159688
FR;0;2023-03-13;143;223;472;1148;168;427;1206;3775;2141;54666521;52101656;37897185;9701616;53761780;41013167;10151960;5869627;2161829
FR;0;2023-03-14;197;280;647;1892;191;635;1971;6768;4112;54666718;52101936;37897832;9703508;53761971;41013802;10153931;5876395;2165941
FR;0;2023-03-15;159;259;513;1252;210;482;1334;4323;2565;54666877;52102195;37898345;9704760;53762181;41014284;10155265;5880718;2168506
FR;0;2023-03-16;174;268;627;1646;200;576;1755;5952;3578;54667051;52102463;37898972;9706406;53762381;41014860;10157020;5886670;2172084
FR;0;2023-03-17;280;356;797;2044;268;717;2187;7299;4367;54667331;52102819;37899769;9708450;53762649;41015577;10159207;5893969;2176451
FR;0;2023-03-18;123;163;452;607;114;440;679;2042;1043;54667454;52102982;37900221;9709057;53762763;41016017;10159886;5896011;2177494
FR;0;2023-03-19;20;19;26;53;20;13;60;126;54;54667474;52103001;37900247;9709110;53762783;41016030;10159946;5896137;2177548
FR;0;2023-03-20;150;262;485;1082;173;490;1157;3811;2177;54667624;52103263;37900732;9710192;53762956;41016520;10161103;5899948;2179725
FR;0;2023-03-21;211;281;668;1629;199;636;1826;6527;3928;54667835;52103544;37901400;9711821;53763155;41017156;10162929;5906475;2183653
FR;0;2023-03-22;195;244;481;1037;191;461;1156;3940;2288;54668030;52103788;37901881;9712858;53763346;41017617;10164085;5910415;2185941
FR;0;2023-03-23;165;240;592;1411;167;535;1504;5173;3056;54668195;52104028;37902473;9714269;53763513;41018152;10165589;5915588;2188997
FR;0;2023-03-24;239;394;924;1785;289;868;1968;6627;3815;54668434;52104422;37903397;9716054;53763802;41019020;10167557;5922215;2192812
FR;0;2023-03-25;126;170;353;574;139;314;649;1794;840;54668560;52104592;37903750;9716628;53763941;41019334;10168206;5924009;2193652
FR;0;2023-03-26;10;18;25;31;12;25;33;92;47;54668570;52104610;37903775;9716659;53763953;41019359;10168239;5924101;2193699
FR;0;2023-03-27;227;255;514;891;208;492;992;3438;1952;54668797;52104865;37904289;9717550;53764161;41019851;10169231;5927539;2195651
FR;0;2023-03-28;184;249;591;1591;169;545;1720;6187;3711;54668981;52105114;37904880;9719141;53764330;41020396;10170951;5933726;2199362
FR;0;2023-03-29;171;251;435;979;163;439;1120;3773;2105;54669152;52105365;37905315;9720120;53764493;41020835;10172071;5937499;2201467
FR;0;2023-03-30;190;242;575;1354;163;563;1521;5366;3102;54669342;52105607;37905890;9721474;53764656;41021398;10173592;5942865;2204569
FR;0;2023-03-31;213;366;718;1790;273;644;1930;6840;4012;54669555;52105973;37906608;9723264;53764929;41022042;10175522;5949705;2208581
FR;0;2023-04-01;108;195;437;594;134;393;698;1979;949;54669663;52106168;37907045;9723858;53765063;41022435;10176220;5951684;2209530
FR;0;2023-04-02;10;25;30;34;14;37;37;115;50;54669673;52106193;37907075;9723892;53765077;41022472;10176257;5951799;2209580
FR;0;2023-04-03;180;209;545;873;156;500;995;3295;1829;54669853;52106402;37907620;9724765;53765233;41022972;10177252;5955094;2211409
FR;0;2023-04-04;131;254;535;1216;174;464;1375;5312;3196;54669984;52106656;37908155;9725981;53765407;41023436;10178627;5960406;2214605
FR;0;2023-04-05;101;199;410;833;141;389;932;3447;1983;54670085;52106855;37908565;9726814;53765548;41023825;10179559;5963853;2216588
FR;0;2023-04-06;150;183;435;1038;126;399;1168;4250;2444;54670235;52107038;37909000;9727852;53765674;41024224;10180727;5968103;2219032
FR;0;2023-04-07;192;306;557;1287;216;522;1418;5053;2839;54670427;52107344;37909557;9729139;53765890;41024746;10182145;5973156;2221871
FR;0;2023-04-08;67;142;235;399;96;234;436;1339;609;54670494;52107486;37909792;9729538;53765986;41024980;10182581;5974495;2222480
FR;0;2023-04-09;4;19;19;15;11;22;20;59;19;54670498;52107505;37909811;9729553;53765997;41025002;10182601;5974554;2222499
FR;0;2023-04-10;12;29;51;35;23;49;49;103;30;54670510;52107534;37909862;9729588;53766020;41025051;10182650;5974657;2222529
FR;0;2023-04-11;125;250;515;984;164;496;1097;4279;2362;54670635;52107784;37910377;9730572;53766184;41025547;10183747;5978936;2224891
FR;0;2023-04-12;127;205;376;739;150;379;804;3240;1856;54670762;52107989;37910753;9731311;53766334;41025926;10184551;5982176;2226747
FR;0;2023-04-13;109;210;405;939;140;397;1030;4208;2439;54670871;52108199;37911158;9732250;53766474;41026323;10185581;5986384;2229186
FR;0;2023-04-14;197;290;626;1243;228;569;1327;5267;3068;54671068;52108489;37911784;9733493;53766702;41026892;10186908;5991651;2232254
FR;0;2023-04-15;75;117;219;414;81;214;448;1469;681;54671143;52108606;37912003;9733907;53766783;41027106;10187356;5993120;2232935
FR;0;2023-04-16;18;17;12;38;14;15;34;107;46;54671161;52108623;37912015;9733945;53766797;41027121;10187390;5993227;2232981
FR;0;2023-04-17;107;190;364;619;132;379;710;2966;1608;54671268;52108813;37912379;9734564;53766929;41027500;10188100;5996193;2234589
FR;0;2023-04-18;147;187;402;870;125;406;963;4160;2375;54671415;52109000;37912781;9735434;53767054;41027906;10189063;6000353;2236964
FR;0;2023-04-19;114;165;289;602;125;270;696;2775;1478;54671529;52109165;37913070;9736036;53767179;41028176;10189759;6003128;2238442
FR;0;2023-04-20;106;188;345;796;132;338;854;3422;1892;54671635;52109353;37913415;9736832;53767311;41028514;10190613;6006550;2240334
FR;0;2023-04-21;145;255;533;977;164;533;1117;4272;2285;54671780;52109608;37913948;9737809;53767475;41029047;10191730;6010822;2242619
FR;0;2023-04-22;55;107;160;266;73;176;294;1105;540;54671835;52109715;37914108;9738075;53767548;41029223;10192024;6011927;2243159
FR;0;2023-04-23;4;8;15;17;7;16;21;64;22;54671839;52109723;37914123;9738092;53767555;41029239;10192045;6011991;2243181
FR;0;2023-04-24;134;174;288;541;123;277;625;2371;1213;54671973;52109897;37914411;9738633;53767678;41029516;10192670;6014362;2244394
FR;0;2023-04-25;117;174;366;815;119;374;879;4033;2201;54672090;52110071;37914777;9739448;53767797;41029890;10193549;6018395;2246595
FR;0;2023-04-26;102;132;272;498;107;272;564;2448;1274;54672192;52110203;37915049;9739946;53767904;41030162;10194113;6020843;2247869
FR;0;2023-04-27;130;170;326;765;116;337;834;3517;1880;54672322;52110373;37915375;9740711;53768020;41030499;10194947;6024360;2249749
FR;0;2023-04-28;191;260;406;845;153;430;972;4241;2167;54672513;52110633;37915781;9741556;53768173;41030929;10195919;6028601;2251916
FR;0;2023-04-29;82;94;152;266;78;134;318;1094;510;54672595;52110727;37915933;9741822;53768251;41031063;10196237;6029695;2252426
FR;0;2023-04-30;7;8;10;10;4;9;12;49;20;54672602;52110735;37915943;9741832;53768255;41031072;10196249;6029744;2252446
FR;0;2023-05-01;9;14;22;7;11;23;8;51;17;54672611;52110749;37915965;9741839;53768266;41031095;10196257;6029795;2252463
FR;0;2023-05-02;194;196;354;624;142;352;735;3436;1785;54672805;52110945;37916319;9742463;53768408;41031447;10196992;6033231;2254248
FR;0;2023-05-03;143;133;243;468;100;247;516;2691;1388;54672948;52111078;37916562;9742931;53768508;41031694;10197508;6035922;2255636
FR;0;2023-05-04;94;163;297;714;122;366;759;3827;1968;54673042;52111241;37916859;9743645;53768630;41032060;10198267;6039749;2257604
FR;0;2023-05-05;122;197;335;768;126;369;855;4369;2297;54673164;52111438;37917194;9744413;53768756;41032429;10199122;6044118;2259901
FR;0;2023-05-06;64;70;119;237;50;138;250;1063;498;54673228;52111508;37917313;9744650;53768806;41032567;10199372;6045181;2260399
FR;0;2023-05-07;9;9;10;15;8;9;17;69;21;54673237;52111517;37917323;9744665;53768814;41032576;10199389;6045250;2260420
FR;0;2023-05-08;18;13;23;17;10;20;41;126;63;54673255;52111530;37917346;9744682;53768824;41032596;10199430;6045376;2260483
FR;0;2023-05-09;82;123;222;520;90;233;570;3318;1673;54673337;52111653;37917568;9745202;53768914;41032829;10200000;6048694;2262156
FR;0;2023-05-10;102;123;189;486;99;232;521;3028;1424;54673439;52111776;37917757;9745688;53769013;41033061;10200521;6051722;2263580
FR;0;2023-05-11;82;106;213;597;83;200;668;3656;1821;54673521;52111882;37917970;9746285;53769096;41033261;10201189;6055378;2265401
FR;0;2023-05-12;89;130;239;732;97;249;774;4184;1984;54673610;52112012;37918209;9747017;53769193;41033510;10201963;6059562;2267385
FR;0;2023-05-13;47;73;106;200;53;118;221;966;414;54673657;52112085;37918315;9747217;53769246;41033628;10202184;6060528;2267799
FR;0;2023-05-14;15;12;5;12;7;10;12;45;15;54673672;52112097;37918320;9747229;53769253;41033638;10202196;6060573;2267814
FR;0;2023-05-15;59;80;151;382;54;146;431;2599;1216;54673731;52112177;37918471;9747611;53769307;41033784;10202627;6063172;2269030
