fra;vaccin;jour;n_dose1;n_dose2;n_dose3;n_dose4;n_rappel;n_cum_dose1;n_cum_dose2;n_cum_dose3;n_cum_dose4;n_cum_rappel
FR;1;2020-12-27;601;0;0;0;0;601;0;0;0;0
FR;1;2020-12-28;663;1;0;0;0;1264;1;0;0;0
FR;1;2020-12-29;371;0;0;0;0;1635;1;0;0;0
FR;1;2020-12-30;436;0;0;0;0;2071;1;0;0;0
FR;1;2020-12-31;413;0;0;0;0;2484;1;0;0;0
FR;1;2021-01-01;1135;1;0;0;0;3619;2;0;0;0
FR;1;2021-01-02;356;3;0;0;0;3975;5;0;0;0
FR;1;2021-01-03;398;0;0;0;0;4373;5;0;0;0
FR;1;2021-01-04;2086;2;0;0;0;6459;7;0;0;0
FR;1;2021-01-05;7544;2;0;0;0;14003;9;0;0;0
FR;1;2021-01-06;12408;10;0;0;0;26411;19;0;0;0
FR;1;2021-01-07;29445;9;0;0;0;55856;28;0;0;0
FR;1;2021-01-08;37121;9;0;0;0;92977;37;0;0;0
FR;1;2021-01-09;11209;4;0;0;0;104186;41;0;0;0
FR;1;2021-01-10;5996;3;0;0;0;110182;44;0;0;0
FR;1;2021-01-11;39922;16;0;0;0;150104;60;0;0;0
FR;1;2021-01-12;62119;15;0;0;0;212223;75;0;0;0
FR;1;2021-01-13;65096;28;0;0;0;277319;103;0;0;0
FR;1;2021-01-14;81433;68;0;0;0;358752;171;0;0;0
FR;1;2021-01-15;68591;26;0;0;0;427343;197;0;0;0
FR;1;2021-01-16;19893;70;0;0;0;447236;267;0;0;0
FR;1;2021-01-17;10896;46;0;0;0;458132;313;0;0;0
FR;1;2021-01-18;82798;164;0;0;0;540930;477;0;0;0
FR;1;2021-01-19;125894;170;0;0;0;666824;647;0;0;0
FR;1;2021-01-20;132386;166;0;0;0;799210;813;0;0;0
FR;1;2021-01-21;153031;160;0;0;0;952241;973;0;0;0
FR;1;2021-01-22;115921;195;0;0;0;1068162;1168;0;0;0
FR;1;2021-01-23;36598;63;0;0;0;1104760;1231;0;0;0
FR;1;2021-01-24;9580;68;0;0;0;1114340;1299;0;0;0
FR;1;2021-01-25;74405;1259;0;0;0;1188745;2558;0;0;0
FR;1;2021-01-26;96436;3272;1;0;0;1285181;5830;1;0;0
FR;1;2021-01-27;103625;5889;0;0;0;1388806;11719;1;0;0
FR;1;2021-01-28;120577;14908;0;0;0;1509383;26627;1;0;0
FR;1;2021-01-29;88878;17693;0;0;0;1598261;44320;1;0;0
FR;1;2021-01-30;27980;4254;0;0;0;1626241;48574;1;0;0
FR;1;2021-01-31;5179;1730;0;0;0;1631420;50304;1;0;0
FR;1;2021-02-01;49702;21491;0;0;0;1681122;71795;1;0;0
FR;1;2021-02-02;67787;35608;0;0;0;1748909;107403;1;0;0
FR;1;2021-02-03;67068;37835;0;0;0;1815977;145238;1;0;0
FR;1;2021-02-04;77116;51354;0;0;0;1893093;196592;1;0;0
FR;1;2021-02-05;63405;46025;0;0;0;1956498;242617;1;0;0
FR;1;2021-02-06;19401;10743;0;0;0;1975899;253360;1;0;0
FR;1;2021-02-07;3658;5249;0;0;0;1979557;258609;1;0;0
FR;1;2021-02-08;36480;46804;0;0;0;2016037;305413;1;0;0
FR;1;2021-02-09;50788;74129;0;0;0;2066825;379542;1;0;0
FR;1;2021-02-10;52038;78901;0;0;0;2118863;458443;1;0;0
FR;1;2021-02-11;63347;100857;0;0;0;2182210;559300;1;0;0
FR;1;2021-02-12;55835;74573;0;0;0;2238045;633873;1;0;0
FR;1;2021-02-13;15450;19275;0;0;0;2253495;653148;1;0;0
FR;1;2021-02-14;3744;7176;0;0;0;2257239;660324;1;0;0
FR;1;2021-02-15;24127;73510;0;0;0;2281366;733834;1;0;0
FR;1;2021-02-16;32752;96512;0;0;0;2314118;830346;1;0;0
FR;1;2021-02-17;35092;100028;1;0;0;2349210;930374;2;0;0
FR;1;2021-02-18;49422;115023;0;0;0;2398632;1045397;2;0;0
FR;1;2021-02-19;45364;86606;1;0;0;2443996;1132003;3;0;0
FR;1;2021-02-20;13376;27062;0;0;0;2457372;1159065;3;0;0
FR;1;2021-02-21;2453;6230;0;0;0;2459825;1165295;3;0;0
FR;1;2021-02-22;24703;69380;2;0;0;2484528;1234675;5;0;0
FR;1;2021-02-23;37412;80701;1;0;0;2521940;1315376;6;0;0
FR;1;2021-02-24;40669;78118;1;0;0;2562609;1393494;7;0;0
FR;1;2021-02-25;50131;87931;1;0;0;2612740;1481425;8;0;0
FR;1;2021-02-26;47183;67607;1;0;0;2659923;1549032;9;0;0
FR;1;2021-02-27;15667;21080;0;0;0;2675590;1570112;9;0;0
FR;1;2021-02-28;3551;4265;1;0;0;2679141;1574377;10;0;0
FR;1;2021-03-01;40141;49536;1;0;0;2719282;1623913;11;0;0
FR;1;2021-03-02;55953;61809;2;0;0;2775235;1685722;13;0;0
FR;1;2021-03-03;61196;60595;0;0;0;2836431;1746317;13;0;0
FR;1;2021-03-04;72967;66018;3;0;0;2909398;1812335;16;0;0
FR;1;2021-03-05;74732;59049;3;0;0;2984130;1871384;19;0;0
FR;1;2021-03-06;82428;15999;2;0;0;3066558;1887383;21;0;0
FR;1;2021-03-07;63702;4958;1;0;0;3130260;1892341;22;0;0
FR;1;2021-03-08;60139;42060;2;0;0;3190399;1934401;24;0;0
FR;1;2021-03-09;85955;47994;1;0;0;3276354;1982395;25;0;0
FR;1;2021-03-10;90868;47946;5;0;0;3367222;2030341;30;0;0
FR;1;2021-03-11;105029;54088;1;0;0;3472251;2084429;31;0;0
FR;1;2021-03-12;104077;45108;1;0;0;3576328;2129537;32;0;0
FR;1;2021-03-13;89178;12690;1;0;0;3665506;2142227;33;0;0
FR;1;2021-03-14;44442;2918;1;0;0;3709948;2145145;34;0;0
FR;1;2021-03-15;95471;28676;3;0;0;3805419;2173821;37;0;0
FR;1;2021-03-16;123567;34484;5;0;0;3928986;2208305;42;0;0
FR;1;2021-03-17;129275;34218;4;0;0;4058261;2242523;46;0;0
FR;1;2021-03-18;142847;39570;5;0;0;4201108;2282093;51;0;0
FR;1;2021-03-19;136211;32564;2;0;0;4337319;2314657;53;0;0
FR;1;2021-03-20;75972;10008;1;0;0;4413291;2324665;54;0;0
FR;1;2021-03-21;26493;2370;1;0;0;4439784;2327035;55;0;0
FR;1;2021-03-22;114715;30860;2;0;0;4554499;2357895;57;0;0
FR;1;2021-03-23;142993;38138;1;0;0;4697492;2396033;58;0;0
FR;1;2021-03-24;141957;38609;0;0;0;4839449;2434642;58;0;0
FR;1;2021-03-25;164964;39601;4;0;0;5004413;2474243;62;0;0
FR;1;2021-03-26;166354;37491;4;1;0;5170767;2511734;66;1;0
FR;1;2021-03-27;110864;15278;1;0;0;5281631;2527012;67;1;0
FR;1;2021-03-28;42291;3850;3;0;0;5323922;2530862;70;1;0
FR;1;2021-03-29;129784;49702;4;0;0;5453706;2580564;74;1;0
FR;1;2021-03-30;167670;63514;4;0;0;5621376;2644078;78;1;0
FR;1;2021-03-31;170885;67163;4;0;0;5792261;2711241;82;1;0
FR;1;2021-04-01;194712;80499;11;0;0;5986973;2791740;93;1;0
FR;1;2021-04-02;164405;84886;7;0;0;6151378;2876626;100;1;0
FR;1;2021-04-03;88223;58030;5;0;0;6239601;2934656;105;1;0
FR;1;2021-04-04;33571;17700;0;0;0;6273172;2952356;105;1;0
FR;1;2021-04-05;46374;9987;11;0;0;6319546;2962343;116;1;0
FR;1;2021-04-06;160255;102003;17;0;0;6479801;3064346;133;1;0
FR;1;2021-04-07;196925;108184;16;0;0;6676726;3172530;149;1;0
FR;1;2021-04-08;222043;112646;13;0;0;6898769;3285176;162;1;0
FR;1;2021-04-09;214496;107316;21;0;0;7113265;3392492;183;1;0
FR;1;2021-04-10;117147;73235;14;0;0;7230412;3465727;197;1;0
FR;1;2021-04-11;40871;30141;6;0;0;7271283;3495868;203;1;0
FR;1;2021-04-12;168406;103860;45;0;0;7439689;3599728;248;1;0
FR;1;2021-04-13;203748;128012;97;1;0;7643437;3727740;345;2;0
FR;1;2021-04-14;208536;122658;206;0;0;7851973;3850398;551;2;0
FR;1;2021-04-15;221598;126986;311;0;0;8073571;3977384;862;2;0
FR;1;2021-04-16;206000;125153;307;0;0;8279571;4102537;1169;2;0
FR;1;2021-04-17;122055;67290;102;0;0;8401626;4169827;1271;2;0
FR;1;2021-04-18;35953;20945;41;0;0;8437579;4190772;1312;2;0
FR;1;2021-04-19;163704;121696;430;0;0;8601283;4312468;1742;2;0
FR;1;2021-04-20;189352;148756;530;0;0;8790635;4461224;2272;2;0
FR;1;2021-04-21;193926;146855;757;0;0;8984561;4608079;3029;2;0
FR;1;2021-04-22;208972;162956;777;0;0;9193533;4771035;3806;2;0
FR;1;2021-04-23;198911;157005;671;0;0;9392444;4928040;4477;2;0
FR;1;2021-04-24;126298;95452;147;0;0;9518742;5023492;4624;2;0
FR;1;2021-04-25;53615;30027;46;0;0;9572357;5053519;4670;2;0
FR;1;2021-04-26;181081;138296;539;0;0;9753438;5191815;5209;2;0
FR;1;2021-04-27;221313;161833;899;0;0;9974751;5353648;6108;2;0
FR;1;2021-04-28;238229;154967;1310;1;1;10212980;5508615;7418;3;1
FR;1;2021-04-29;270218;160273;1206;0;0;10483198;5668888;8624;3;1
FR;1;2021-04-30;271920;148071;1069;0;0;10755118;5816959;9693;3;1
FR;1;2021-05-01;141111;40637;172;0;0;10896229;5857596;9865;3;1
FR;1;2021-05-02;81509;28107;81;0;0;10977738;5885703;9946;3;1
FR;1;2021-05-03;250721;145390;799;0;0;11228459;6031093;10745;3;1
FR;1;2021-05-04;265796;186868;1197;0;0;11494255;6217961;11942;3;1
FR;1;2021-05-05;283795;184672;1264;0;0;11778050;6402633;13206;3;1
FR;1;2021-05-06;309880;183196;1498;0;0;12087930;6585829;14704;3;1
FR;1;2021-05-07;284030;195598;1125;0;0;12371960;6781427;15829;3;1
FR;1;2021-05-08;191634;48548;283;0;0;12563594;6829975;16112;3;1
FR;1;2021-05-09;114032;35920;236;0;0;12677626;6865895;16348;3;1
FR;1;2021-05-10;258127;193960;1182;0;0;12935753;7059855;17530;3;1
FR;1;2021-05-11;318805;210980;1462;0;0;13254558;7270835;18992;3;1
FR;1;2021-05-12;356556;185688;1399;0;0;13611114;7456523;20391;3;1
FR;1;2021-05-13;283397;47713;399;0;0;13894511;7504236;20790;3;1
FR;1;2021-05-14;370433;128564;990;0;0;14264944;7632800;21780;3;1
FR;1;2021-05-15;298044;66090;402;0;0;14562988;7698890;22182;3;1
FR;1;2021-05-16;157744;15547;158;0;0;14720732;7714437;22340;3;1
FR;1;2021-05-17;318877;116325;1436;0;0;15039609;7830762;23776;3;1
FR;1;2021-05-18;383227;111153;1795;0;0;15422836;7941915;25571;3;1
FR;1;2021-05-19;395170;102612;2173;0;0;15818006;8044527;27744;3;1
FR;1;2021-05-20;421681;96133;2041;0;0;16239687;8140660;29785;3;1
FR;1;2021-05-21;399714;97165;1755;0;0;16639401;8237825;31540;3;1
FR;1;2021-05-22;275642;42027;602;0;0;16915043;8279852;32142;3;1
FR;1;2021-05-23;122961;11158;224;0;0;17038004;8291010;32366;3;1
FR;1;2021-05-24;243959;26216;565;0;0;17281963;8317226;32931;3;1
FR;1;2021-05-25;366115;131632;2108;1;0;17648078;8448858;35039;4;1
FR;1;2021-05-26;380731;125810;1987;0;0;18028809;8574668;37026;4;1
FR;1;2021-05-27;406045;127960;1973;0;0;18434854;8702628;38999;4;1
FR;1;2021-05-28;365932;145271;1696;0;0;18800786;8847899;40695;4;1
FR;1;2021-05-29;253797;80817;525;0;0;19054583;8928716;41220;4;1
FR;1;2021-05-30;100932;22540;157;0;0;19155515;8951256;41377;4;1
FR;1;2021-05-31;314205;148749;1279;1;1;19469720;9100005;42656;5;2
FR;1;2021-06-01;361460;166478;1724;1;1;19831180;9266483;44380;6;3
FR;1;2021-06-02;364573;153122;1791;0;0;20195753;9419605;46171;6;3
FR;1;2021-06-03;390317;147549;1647;0;0;20586070;9567154;47818;6;3
FR;1;2021-06-04;363554;175535;1492;1;1;20949624;9742689;49310;7;4
FR;1;2021-06-05;258452;112656;596;0;0;21208076;9855345;49906;7;4
FR;1;2021-06-06;126739;37545;215;0;0;21334815;9892890;50121;7;4
FR;1;2021-06-07;300064;207791;1361;0;0;21634879;10100681;51482;7;4
FR;1;2021-06-08;330533;220771;1635;0;0;21965412;10321452;53117;7;4
FR;1;2021-06-09;336379;212224;1607;0;0;22301791;10533676;54724;7;4
FR;1;2021-06-10;343681;201865;1607;0;0;22645472;10735541;56331;7;4
FR;1;2021-06-11;311723;235270;1291;0;0;22957195;10970811;57622;7;4
FR;1;2021-06-12;244024;150652;431;0;0;23201219;11121463;58053;7;4
FR;1;2021-06-13;100315;60993;188;0;0;23301534;11182456;58241;7;4
FR;1;2021-06-14;207665;288818;1316;1;0;23509199;11471274;59557;8;4
FR;1;2021-06-15;256692;282143;1390;1;0;23765891;11753417;60947;9;4
FR;1;2021-06-16;273514;270570;1261;1;0;24039405;12023987;62208;10;4
FR;1;2021-06-17;268092;244729;1230;1;0;24307497;12268716;63438;11;4
FR;1;2021-06-18;260416;295618;1148;1;0;24567913;12564334;64586;12;4
FR;1;2021-06-19;193412;209472;387;0;0;24761325;12773806;64973;12;4
FR;1;2021-06-20;69649;89151;117;0;0;24830974;12862957;65090;12;4
FR;1;2021-06-21;172191;319774;929;1;1;25003165;13182731;66019;13;5
FR;1;2021-06-22;185679;347854;1095;10;2;25188844;13530585;67114;23;7
FR;1;2021-06-23;204042;339488;1048;0;0;25392886;13870073;68162;23;7
FR;1;2021-06-24;203396;282104;1166;0;0;25596282;14152177;69328;23;7
FR;1;2021-06-25;182491;371811;1196;0;0;25778773;14523988;70524;23;7
FR;1;2021-06-26;131344;278305;502;0;0;25910117;14802293;71026;23;7
FR;1;2021-06-27;52372;122907;145;0;0;25962489;14925200;71171;23;7
FR;1;2021-06-28;136505;368133;1057;0;0;26098994;15293333;72228;23;7
FR;1;2021-06-29;154743;390686;1849;0;0;26253737;15684019;74077;23;7
FR;1;2021-06-30;179905;379303;1662;4;2;26433642;16063322;75739;27;9
FR;1;2021-07-01;201257;332197;1886;5;1;26634899;16395519;77625;32;10
FR;1;2021-07-02;193508;367674;1764;5;3;26828407;16763193;79389;37;13
FR;1;2021-07-03;124371;280449;704;3;1;26952778;17043642;80093;40;14
FR;1;2021-07-04;53903;113693;244;0;0;27006681;17157335;80337;40;14
FR;1;2021-07-05;153650;356035;1500;8;2;27160331;17513370;81837;48;16
FR;1;2021-07-06;173292;382523;1601;45;8;27333623;17895893;83438;93;24
FR;1;2021-07-07;190571;362561;1656;24;5;27524194;18258454;85094;117;29
FR;1;2021-07-08;201374;323103;1825;20;7;27725568;18581557;86919;137;36
FR;1;2021-07-09;189711;387537;1851;3;2;27915279;18969094;88770;140;38
FR;1;2021-07-10;129869;281130;814;1;1;28045148;19250224;89584;141;39
FR;1;2021-07-11;57623;102498;261;0;0;28102771;19352722;89845;141;39
FR;1;2021-07-12;149465;417029;1578;4;0;28252236;19769751;91423;145;39
FR;1;2021-07-13;234058;439474;1805;8;2;28486294;20209225;93228;153;41
FR;1;2021-07-14;171724;151544;416;0;0;28658018;20360769;93644;153;41
FR;1;2021-07-15;279455;424761;1856;1;0;28937473;20785530;95500;154;41
FR;1;2021-07-16;290252;401233;1710;3;1;29227725;21186763;97210;157;42
FR;1;2021-07-17;217274;282119;754;1;0;29444999;21468882;97964;158;42
FR;1;2021-07-18;101960;107310;288;0;0;29546959;21576192;98252;158;42
FR;1;2021-07-19;238065;379210;1495;3;0;29785024;21955402;99747;161;42
FR;1;2021-07-20;305569;380755;1467;0;0;30090593;22336157;101214;161;42
FR;1;2021-07-21;333124;353461;1412;4;2;30423717;22689618;102626;165;44
FR;1;2021-07-22;364508;319276;1501;3;2;30788225;23008894;104127;168;46
FR;1;2021-07-23;348870;343630;1586;4;2;31137095;23352524;105713;172;48
FR;1;2021-07-24;238908;240994;696;1;0;31376003;23593518;106409;173;48
FR;1;2021-07-25;112746;76062;215;0;0;31488749;23669580;106624;173;48
FR;1;2021-07-26;298992;290070;1495;2;2;31787741;23959650;108119;175;50
FR;1;2021-07-27;385697;268743;1457;4;2;32173438;24228393;109576;179;52
FR;1;2021-07-28;390080;251456;1460;4;2;32563518;24479849;111036;183;54
FR;1;2021-07-29;406005;228270;1538;2;1;32969523;24708119;112574;185;55
FR;1;2021-07-30;370588;246999;1632;4;1;33340111;24955118;114206;189;56
FR;1;2021-07-31;243352;165116;793;1;0;33583463;25120234;114999;190;56
FR;1;2021-08-01;105519;47240;232;0;0;33688982;25167474;115231;190;56
FR;1;2021-08-02;297020;213226;1475;2;0;33986002;25380700;116706;192;56
FR;1;2021-08-03;331149;209225;1545;2;1;34317151;25589925;118251;194;57
FR;1;2021-08-04;327818;184350;1436;5;3;34644969;25774275;119687;199;60
FR;1;2021-08-05;301111;193560;1482;0;0;34946080;25967835;121169;199;60
FR;1;2021-08-06;290828;224526;1558;3;1;35236908;26192361;122727;202;61
FR;1;2021-08-07;182598;158828;654;4;3;35419506;26351189;123381;206;64
FR;1;2021-08-08;68833;59133;247;0;0;35488339;26410322;123628;206;64
FR;1;2021-08-09;222626;235924;1438;4;3;35710965;26646246;125066;210;67
FR;1;2021-08-10;252493;240667;1486;2;1;35963458;26886913;126552;212;68
FR;1;2021-08-11;236032;232390;1270;5;1;36199490;27119303;127822;217;69
FR;1;2021-08-12;220610;240240;1484;3;1;36420100;27359543;129306;220;70
FR;1;2021-08-13;201619;238540;1355;2;2;36621719;27598083;130661;222;72
FR;1;2021-08-14;122811;174167;645;0;0;36744530;27772250;131306;222;72
FR;1;2021-08-15;34656;46118;198;1;0;36779186;27818368;131504;223;72
FR;1;2021-08-16;156826;289870;1421;0;0;36936012;28108238;132925;223;72
FR;1;2021-08-17;171498;291613;1419;5;1;37107510;28399851;134344;228;73
FR;1;2021-08-18;161305;287020;1389;6;3;37268815;28686871;135733;234;76
FR;1;2021-08-19;148805;277725;1396;1;0;37417620;28964596;137129;235;76
FR;1;2021-08-20;140404;309055;1524;2;2;37558024;29273651;138653;237;78
FR;1;2021-08-21;84230;213257;586;0;0;37642254;29486908;139239;237;78
FR;1;2021-08-22;28543;82691;230;0;0;37670797;29569599;139469;237;78
FR;1;2021-08-23;118580;321167;1419;2;1;37789377;29890766;140888;239;79
FR;1;2021-08-24;126591;319918;1599;5;1;37915968;30210684;142487;244;80
FR;1;2021-08-25;121457;306589;1776;8;3;38037425;30517273;144263;252;83
FR;1;2021-08-26;106511;286202;2155;10;1;38143936;30803475;146418;262;84
FR;1;2021-08-27;107589;321484;2300;8;3;38251525;31124959;148718;270;87
FR;1;2021-08-28;70962;220703;1100;0;0;38322487;31345662;149818;270;87
FR;1;2021-08-29;24134;78151;467;1;0;38346621;31423813;150285;271;87
FR;1;2021-08-30;96806;286541;4307;6;5129;38443427;31710354;154592;277;5216
FR;1;2021-08-31;98028;276449;9285;15;10181;38541455;31986803;163877;292;15397
FR;1;2021-09-01;111928;245335;21101;7;22070;38653383;32232138;184978;299;37467
FR;1;2021-09-02;84695;198011;24521;11;25420;38738078;32430149;209499;310;62887
FR;1;2021-09-03;82279;227622;26943;20;27971;38820357;32657771;236442;330;90858
FR;1;2021-09-04;71539;189711;11138;11;11649;38891896;32847482;247580;341;102507
FR;1;2021-09-05;18594;41191;4121;2;4288;38910490;32888673;251701;343;106795
FR;1;2021-09-06;59451;151639;30171;15;31138;38969941;33040312;281872;358;137933
FR;1;2021-09-07;57133;139708;30199;27;31097;39027074;33180020;312071;385;169030
FR;1;2021-09-08;70956;173879;26916;20;27860;39098030;33353899;338987;405;196890
FR;1;2021-09-09;54169;124550;28596;23;29635;39152199;33478449;367583;428;226525
FR;1;2021-09-10;65730;152098;30427;22;31548;39217929;33630547;398010;450;258073
FR;1;2021-09-11;52218;146612;9727;14;10296;39270147;33777159;407737;464;268369
FR;1;2021-09-12;10761;29243;2481;1;2635;39280908;33806402;410218;465;271004
FR;1;2021-09-13;51325;104606;38724;28;39907;39332233;33911008;448942;493;310911
FR;1;2021-09-14;53160;96051;51248;65;52839;39385393;34007059;500190;558;363750
FR;1;2021-09-15;60338;139298;50458;55;46959;39445731;34146357;550648;613;410709
FR;1;2021-09-16;46525;81426;53283;71;49458;39492256;34227783;603931;684;460167
FR;1;2021-09-17;53098;109395;45041;60;42630;39545354;34337178;648972;744;502797
FR;1;2021-09-18;37829;118487;11789;19;11251;39583183;34455665;660761;763;514048
FR;1;2021-09-19;6489;21031;2037;1;1973;39589672;34476696;662798;764;516021
FR;1;2021-09-20;36422;74923;46169;66;44085;39626094;34551619;708967;830;560106
FR;1;2021-09-21;34114;68166;56224;71;52603;39660208;34619785;765191;901;612709
FR;1;2021-09-22;38736;118502;49830;76;46807;39698944;34738287;815021;977;659516
FR;1;2021-09-23;31917;62819;54455;85;50798;39730861;34801106;869476;1062;710314
FR;1;2021-09-24;36693;90040;43634;92;41864;39767554;34891146;913110;1154;752178
FR;1;2021-09-25;27622;96597;12297;27;12161;39795176;34987743;925407;1181;764339
FR;1;2021-09-26;4357;15198;1769;5;1695;39799533;35002941;927176;1186;766034
FR;1;2021-09-27;27304;60224;42878;89;41556;39826837;35063165;970054;1275;807590
FR;1;2021-09-28;26840;49444;47151;75;44362;39853677;35112609;1017205;1350;851952
FR;1;2021-09-29;35822;80386;47242;87;45515;39889499;35192995;1064447;1437;897467
FR;1;2021-09-30;26005;46749;47484;79;45355;39915504;35239744;1111931;1516;942822
FR;1;2021-10-01;47093;64981;44852;83;44397;39962597;35304725;1156783;1599;987219
FR;1;2021-10-02;32328;62328;16101;32;16292;39994925;35367053;1172884;1631;1003511
FR;1;2021-10-03;4318;8583;2031;3;2025;39999243;35375636;1174915;1634;1005536
FR;1;2021-10-04;28718;44408;47088;79;46897;40027961;35420044;1222003;1713;1052433
FR;1;2021-10-05;24186;41628;49825;116;49167;40052147;35461672;1271828;1829;1101600
FR;1;2021-10-06;34341;61301;57437;102;57110;40086488;35522973;1329265;1931;1158710
FR;1;2021-10-07;20919;39780;52988;76;51799;40107407;35562753;1382253;2007;1210509
FR;1;2021-10-08;34915;59583;60356;83;61047;40142322;35622336;1442609;2090;1271556
FR;1;2021-10-09;27414;47967;25473;30;25970;40169736;35670303;1468082;2120;1297526
FR;1;2021-10-10;3596;5772;2746;7;2845;40173332;35676075;1470828;2127;1300371
FR;1;2021-10-11;24683;38158;54558;88;55165;40198015;35714233;1525386;2215;1355536
FR;1;2021-10-12;23054;36579;58018;126;59072;40221069;35750812;1583404;2341;1414608
FR;1;2021-10-13;32785;47779;64141;124;65600;40253854;35798591;1647545;2465;1480208
FR;1;2021-10-14;21585;34738;53723;103;54284;40275439;35833329;1701268;2568;1534492
FR;1;2021-10-15;32539;48783;72292;165;74907;40307978;35882112;1773560;2733;1609399
FR;1;2021-10-16;25955;35268;34856;44;36384;40333933;35917380;1808416;2777;1645783
FR;1;2021-10-17;3096;4064;3406;2;3316;40337029;35921444;1811822;2779;1649099
FR;1;2021-10-18;23391;34914;66802;131;69645;40360420;35956358;1878624;2910;1718744
FR;1;2021-10-19;20565;34292;75623;136;79509;40380985;35990650;1954247;3046;1798253
FR;1;2021-10-20;29784;44176;96136;177;99748;40410769;36034826;2050383;3223;1898001
FR;1;2021-10-21;19558;35081;83115;107;86969;40430327;36069907;2133498;3330;1984970
FR;1;2021-10-22;29505;47611;103696;195;109561;40459832;36117518;2237194;3525;2094531
FR;1;2021-10-23;22989;35154;44846;57;47344;40482821;36152672;2282040;3582;2141875
FR;1;2021-10-24;2373;3877;3579;6;3733;40485194;36156549;2285619;3588;2145608
FR;1;2021-10-25;22382;30812;81988;143;85751;40507576;36187361;2367607;3731;2231359
FR;1;2021-10-26;19293;27675;86056;162;90265;40526869;36215036;2453663;3893;2321624
FR;1;2021-10-27;26126;39645;107749;252;112582;40552995;36254681;2561412;4145;2434206
FR;1;2021-10-28;18575;27044;86890;150;91559;40571570;36281725;2648302;4295;2525765
FR;1;2021-10-29;25860;40095;114780;200;121498;40597430;36321820;2763082;4495;2647263
FR;1;2021-10-30;17661;28587;49338;75;51909;40615091;36350407;2812420;4570;2699172
FR;1;2021-10-31;2052;3203;3442;2;3677;40617143;36353610;2815862;4572;2702849
FR;1;2021-11-01;7688;4193;3018;3;3263;40624831;36357803;2818880;4575;2706112
FR;1;2021-11-02;21806;33187;92335;157;97670;40646637;36390990;2911215;4732;2803782
FR;1;2021-11-03;26256;41495;117432;215;123771;40672893;36432485;3028647;4947;2927553
FR;1;2021-11-04;19473;30286;105723;213;111806;40692366;36462771;3134370;5160;3039359
FR;1;2021-11-05;26889;42253;138709;227;147281;40719255;36505024;3273079;5387;3186640
FR;1;2021-11-06;18795;29825;63436;123;66400;40738050;36534849;3336515;5510;3253040
FR;1;2021-11-07;1787;3360;4952;6;5294;40739837;36538209;3341467;5516;3258334
FR;1;2021-11-08;17634;32307;125895;224;132444;40757471;36570516;3467362;5740;3390778
FR;1;2021-11-09;19206;37701;159203;335;168898;40776677;36608217;3626565;6075;3559676
FR;1;2021-11-10;28634;49136;181807;440;192344;40805311;36657353;3808372;6515;3752020
FR;1;2021-11-11;3759;5912;12185;26;12994;40809070;36663265;3820557;6541;3765014
FR;1;2021-11-12;25924;46872;174735;243;186329;40834994;36710137;3995292;6784;3951343
FR;1;2021-11-13;18674;29252;76798;111;81736;40853668;36739389;4072090;6895;4033079
FR;1;2021-11-14;2013;3325;6811;5;7385;40855681;36742714;4078901;6900;4040464
FR;1;2021-11-15;18553;34897;156324;303;166080;40874234;36777611;4235225;7203;4206544
FR;1;2021-11-16;21031;37916;191995;376;204762;40895265;36815527;4427220;7579;4411306
FR;1;2021-11-17;28470;45735;193136;399;204902;40923735;36861262;4620356;7978;4616208
FR;1;2021-11-18;21037;38776;182375;457;194339;40944772;36900038;4802731;8435;4810547
FR;1;2021-11-19;30748;53376;230129;529;246540;40975520;36953414;5032860;8964;5057087
FR;1;2021-11-20;23666;33314;96935;201;103571;40999186;36986728;5129795;9165;5160658
FR;1;2021-11-21;2312;4017;9095;18;9969;41001498;36990745;5138890;9183;5170627
FR;1;2021-11-22;21324;30454;175781;465;189290;41022822;37021199;5314671;9648;5359917
FR;1;2021-11-23;23848;41155;221082;538;237765;41046670;37062354;5535753;10186;5597682
FR;1;2021-11-24;30251;49738;217248;702;234346;41076921;37112092;5753001;10888;5832028
FR;1;2021-11-25;23475;43956;244334;719;263894;41100396;37156048;5997335;11607;6095922
FR;1;2021-11-26;30576;66557;356658;832;388353;41130972;37222605;6353993;12439;6484275
FR;1;2021-11-27;21752;45357;202544;371;222510;41152724;37267962;6556537;12810;6706785
FR;1;2021-11-28;3136;9676;54750;63;61028;41155860;37277638;6611287;12873;6767813
FR;1;2021-11-29;17852;49511;326258;840;354234;41173712;37327149;6937545;13713;7122047
FR;1;2021-11-30;22685;64978;431017;948;470578;41196397;37392127;7368562;14661;7592625
FR;1;2021-12-01;24802;69355;442729;1130;481566;41221199;37461482;7811291;15791;8074191
FR;1;2021-12-02;19940;64408;489237;1227;532663;41241139;37525890;8300528;17018;8606854
FR;1;2021-12-03;22803;81811;542591;1306;591565;41263942;37607701;8843119;18324;9198419
FR;1;2021-12-04;16363;53928;299017;652;328848;41280305;37661629;9142136;18976;9527267
FR;1;2021-12-05;3622;13921;81495;143;91051;41283927;37675550;9223631;19119;9618318
FR;1;2021-12-06;19748;62778;415290;1065;455000;41303675;37738328;9638921;20184;10073318
FR;1;2021-12-07;19774;75820;522791;1531;572382;41323449;37814148;10161712;21715;10645700
FR;1;2021-12-08;21534;75776;458202;1543;501872;41344983;37889924;10619914;23258;11147572
FR;1;2021-12-09;19382;74102;492746;1625;540612;41364365;37964026;11112660;24883;11688184
FR;1;2021-12-10;22880;87634;547249;1584;599842;41387245;38051660;11659909;26467;12288026
FR;1;2021-12-11;16507;59014;302668;747;335417;41403752;38110674;11962577;27214;12623443
FR;1;2021-12-12;4342;16022;83175;179;94082;41408094;38126696;12045752;27393;12717525
FR;1;2021-12-13;15451;63824;366816;1094;406189;41423545;38190520;12412568;28487;13123714
FR;1;2021-12-14;20409;80277;464530;1738;515001;41443954;38270797;12877098;30225;13638715
FR;1;2021-12-15;21353;77464;408904;1307;452973;41465307;38348261;13286002;31532;14091688
FR;1;2021-12-16;19940;77380;451664;1574;500451;41485247;38425641;13737666;33106;14592139
FR;1;2021-12-17;22482;86705;479780;1732;530912;41507729;38512346;14217446;34838;15123051
FR;1;2021-12-18;17579;54704;257552;730;288464;41525308;38567050;14474998;35568;15411515
FR;1;2021-12-19;5536;17134;79128;194;90742;41530844;38584184;14554126;35762;15502257
FR;1;2021-12-20;20768;63156;316083;1081;355153;41551612;38647340;14870209;36843;15857410
FR;1;2021-12-21;26088;73192;372612;1421;417962;41577700;38720532;15242821;38264;16275372
FR;1;2021-12-22;24886;65982;310497;1215;349467;41602586;38786514;15553318;39479;16624839
FR;1;2021-12-23;21223;52344;241380;953;272980;41623809;38838858;15794698;40432;16897819
FR;1;2021-12-24;7098;18240;67100;256;77019;41630907;38857098;15861798;40688;16974838
FR;1;2021-12-25;498;2766;5566;15;6529;41631405;38859864;15867364;40703;16981367
FR;1;2021-12-26;2747;7595;26921;70;31445;41634152;38867459;15894285;40773;17012812
FR;1;2021-12-27;18133;53562;235010;707;265696;41652285;38921021;16129295;41480;17278508
FR;1;2021-12-28;23232;61989;291941;1025;330122;41675517;38983010;16421236;42505;17608630
FR;1;2021-12-29;22192;55520;254909;918;288128;41697709;39038530;16676145;43423;17896758
FR;1;2021-12-30;21216;46259;212082;857;239545;41718925;39084789;16888227;44280;18136303
FR;1;2021-12-31;7454;16617;61830;229;70357;41726379;39101406;16950057;44509;18206660
FR;1;2022-01-01;880;2475;5641;29;6572;41727259;39103881;16955698;44538;18213232
FR;1;2022-01-02;3041;8068;28869;50;33522;41730300;39111949;16984567;44588;18246754
FR;1;2022-01-03;19811;53793;228094;786;257488;41750111;39165742;17212661;45374;18504242
FR;1;2022-01-04;24885;64811;299140;1235;337175;41774996;39230553;17511801;46609;18841417
FR;1;2022-01-05;29641;63838;274759;1098;310097;41804637;39294391;17786560;47707;19151514
FR;1;2022-01-06;26469;65973;306789;1395;346420;41831106;39360364;18093349;49102;19497934
FR;1;2022-01-07;31281;74637;349746;1534;393828;41862387;39435001;18443095;50636;19891762
FR;1;2022-01-08;23339;51377;222457;695;251090;41885726;39486378;18665552;51331;20142852
FR;1;2022-01-09;7076;17200;66006;163;76153;41892802;39503578;18731558;51494;20219005
FR;1;2022-01-10;21370;55252;236679;952;267018;41914172;39558830;18968237;52446;20486023
FR;1;2022-01-11;26463;62985;282188;1277;317732;41940635;39621815;19250425;53723;20803755
FR;1;2022-01-12;28673;62187;246139;1102;277906;41969308;39684002;19496564;54825;21081661
FR;1;2022-01-13;24385;59861;262694;1252;296028;41993693;39743863;19759258;56077;21377689
FR;1;2022-01-14;27763;66524;313893;1366;351177;42021456;39810387;20073151;57443;21728866
FR;1;2022-01-15;19253;44302;199263;619;223835;42040709;39854689;20272414;58062;21952701
FR;1;2022-01-16;5132;12991;51495;135;59575;42045841;39867680;20323909;58197;22012276
FR;1;2022-01-17;16722;39705;184770;779;206825;42062563;39907385;20508679;58976;22219101
FR;1;2022-01-18;19235;45619;212335;1151;236958;42081798;39953004;20721014;60127;22456059
FR;1;2022-01-19;20126;43866;176030;895;197155;42101924;39996870;20897044;61022;22653214
FR;1;2022-01-20;16580;40348;183570;1137;204650;42118504;40037218;21080614;62159;22857864
FR;1;2022-01-21;19700;46946;228871;1404;253284;42138204;40084164;21309485;63563;23111148
FR;1;2022-01-22;13825;33185;144464;578;161361;42152029;40117349;21453949;64141;23272509
FR;1;2022-01-23;3343;8810;33399;130;38330;42155372;40126159;21487348;64271;23310839
FR;1;2022-01-24;11724;32619;142154;706;158247;42167096;40158778;21629502;64977;23469086
FR;1;2022-01-25;14088;37896;163331;1049;181513;42181184;40196674;21792833;66026;23650599
FR;1;2022-01-26;14818;37335;150190;931;166244;42196002;40234009;21943023;66957;23816843
FR;1;2022-01-27;12277;32801;143374;881;157851;42208279;40266810;22086397;67838;23974694
FR;1;2022-01-28;16246;53838;198236;1142;222453;42224525;40320648;22284633;68980;24197147
FR;1;2022-01-29;10256;35423;135171;522;151538;42234781;40356071;22419804;69502;24348685
FR;1;2022-01-30;2475;9310;29667;86;34467;42237256;40365381;22449471;69588;24383152
FR;1;2022-01-31;8725;32339;104295;530;117388;42245981;40397720;22553766;70118;24500540
FR;1;2022-02-01;10148;36237;127012;862;141220;42256129;40433957;22680778;70980;24641760
FR;1;2022-02-02;11370;41060;130287;780;145832;42267499;40475017;22811065;71760;24787592
FR;1;2022-02-03;8708;33360;116951;780;130349;42276207;40508377;22928016;72540;24917941
FR;1;2022-02-04;11372;48076;172514;965;192777;42287579;40556453;23100530;73505;25110718
FR;1;2022-02-05;7853;33910;117547;391;133050;42295432;40590363;23218077;73896;25243768
FR;1;2022-02-06;1690;8057;22734;83;26908;42297122;40598420;23240811;73979;25270676
FR;1;2022-02-07;7032;35338;119033;452;134963;42304154;40633758;23359844;74431;25405639
FR;1;2022-02-08;7548;31508;125594;693;140568;42311702;40665266;23485438;75124;25546207
FR;1;2022-02-09;8435;36052;135198;692;152409;42320137;40701318;23620636;75816;25698616
FR;1;2022-02-10;6559;29224;116287;673;130029;42326696;40730542;23736923;76489;25828645
FR;1;2022-02-11;8533;41302;165068;875;185272;42335229;40771844;23901991;77364;26013917
FR;1;2022-02-12;5285;27522;106670;378;120841;42340514;40799366;24008661;77742;26134758
FR;1;2022-02-13;1220;5696;21703;62;25314;42341734;40805062;24030364;77804;26160072
FR;1;2022-02-14;5356;27057;118029;388;133047;42347090;40832119;24148393;78192;26293119
FR;1;2022-02-15;5578;28066;118832;609;132418;42352668;40860185;24267225;78801;26425537
FR;1;2022-02-16;5634;28066;110367;592;122959;42358302;40888251;24377592;79393;26548496
FR;1;2022-02-17;4404;19077;73084;486;80128;42362706;40907328;24450676;79879;26628624
FR;1;2022-02-18;5485;26422;99138;668;108074;42368191;40933750;24549814;80547;26736698
FR;1;2022-02-19;3523;17075;59454;304;66024;42371714;40950825;24609268;80851;26802722
FR;1;2022-02-20;780;3223;10687;35;12308;42372494;40954048;24619955;80886;26815030
FR;1;2022-02-21;3347;14462;52789;286;57633;42375841;40968510;24672744;81172;26872663
FR;1;2022-02-22;3704;15344;51868;498;55588;42379545;40983854;24724612;81670;26928251
FR;1;2022-02-23;4152;17587;57440;508;62537;42383697;41001441;24782052;82178;26990788
FR;1;2022-02-24;3236;12726;43559;436;46336;42386933;41014167;24825611;82614;27037124
FR;1;2022-02-25;4389;19372;64834;695;68692;42391322;41033539;24890445;83309;27105816
FR;1;2022-02-26;2676;12653;41341;308;45093;42393998;41046192;24931786;83617;27150909
FR;1;2022-02-27;636;2166;7114;42;7979;42394634;41048358;24938900;83659;27158888
FR;1;2022-02-28;2560;10055;34913;300;37335;42397194;41058413;24973813;83959;27196223
FR;1;2022-03-01;2694;10359;38635;389;39555;42399888;41068772;25012448;84348;27235778
FR;1;2022-03-02;3426;11843;41799;390;43846;42403314;41080615;25054247;84738;27279624
FR;1;2022-03-03;2283;7492;26115;319;26428;42405597;41088107;25080362;85057;27306052
FR;1;2022-03-04;2645;10198;35384;575;34862;42408242;41098305;25115746;85632;27340914
FR;1;2022-03-05;1667;6289;21938;277;22323;42409909;41104594;25137684;85909;27363237
FR;1;2022-03-06;348;935;2914;37;3112;42410257;41105529;25140598;85946;27366349
FR;1;2022-03-07;1358;4550;16404;244;15857;42411615;41110079;25157002;86190;27382206
FR;1;2022-03-08;1528;5075;17121;307;15940;42413143;41115154;25174123;86497;27398146
FR;1;2022-03-09;1856;6429;19771;366;19116;42414999;41121583;25193894;86863;27417262
FR;1;2022-03-10;1292;4306;15182;304;14185;42416291;41125889;25209076;87167;27431447
FR;1;2022-03-11;1689;6130;21664;480;19813;42417980;41132019;25230740;87647;27451260
FR;1;2022-03-12;1226;4589;15350;276;14894;42419206;41136608;25246090;87923;27466154
FR;1;2022-03-13;239;601;2100;115;2047;42419445;41137209;25248190;88038;27468201
FR;1;2022-03-14;1058;3530;13357;3873;12482;42420503;41140739;25261547;91911;27480683
FR;1;2022-03-15;1254;3805;14514;6861;12991;42421757;41144544;25276061;98772;27493674
FR;1;2022-03-16;1599;4707;17309;11513;16358;42423356;41149251;25293370;110285;27510032
FR;1;2022-03-17;1088;3128;11671;9637;10764;42424444;41152379;25305041;119922;27520796
FR;1;2022-03-18;1656;4669;17900;16482;16327;42426100;41157048;25322941;136404;27537123
FR;1;2022-03-19;1109;3166;11878;8450;11343;42427209;41160214;25334819;144854;27548466
FR;1;2022-03-20;216;531;1714;1006;1746;42427425;41160745;25336533;145860;27550212
FR;1;2022-03-21;1032;2672;11456;13440;10801;42428457;41163417;25347989;159300;27561013
FR;1;2022-03-22;1184;3044;12213;18681;11199;42429641;41166461;25360202;177981;27572212
FR;1;2022-03-23;1457;4140;15936;20088;15616;42431098;41170601;25376138;198069;27587828
FR;1;2022-03-24;1067;2504;10324;16011;9575;42432165;41173105;25386462;214080;27597403
FR;1;2022-03-25;1489;4001;16632;25275;15296;42433654;41177106;25403094;239355;27612699
FR;1;2022-03-26;1095;2832;10834;11425;10492;42434749;41179938;25413928;250780;27623191
FR;1;2022-03-27;227;536;1721;1376;1773;42434976;41180474;25415649;252156;27624964
FR;1;2022-03-28;1029;2323;9896;15858;9514;42436005;41182797;25425545;268014;27634478
FR;1;2022-03-29;1109;2691;11488;25058;10852;42437114;41185488;25437033;293072;27645330
FR;1;2022-03-30;1588;3448;14079;24143;13609;42438702;41188936;25451112;317215;27658939
FR;1;2022-03-31;1254;2578;11517;22529;11021;42439956;41191514;25462629;339744;27669960
FR;1;2022-04-01;1638;3702;18378;28420;17228;42441594;41195216;25481007;368164;27687188
FR;1;2022-04-02;876;1850;8156;9202;7904;42442470;41197066;25489163;377366;27695092
FR;1;2022-04-03;183;362;1425;1056;1425;42442653;41197428;25490588;378422;27696517
FR;1;2022-04-04;1025;2110;11084;17593;10454;42443678;41199538;25501672;396015;27706971
FR;1;2022-04-05;1232;2465;12876;31087;11893;42444910;41202003;25514548;427102;27718864
FR;1;2022-04-06;1305;2676;12038;23727;11451;42446215;41204679;25526586;450829;27730315
FR;1;2022-04-07;1117;2454;12231;30804;11687;42447332;41207133;25538817;481633;27742002
FR;1;2022-04-08;1548;3447;17439;40303;16348;42448880;41210580;25556256;521936;27758350
FR;1;2022-04-09;796;1967;8375;12469;8068;42449676;41212547;25564631;534405;27766418
FR;1;2022-04-10;179;450;1815;1830;1847;42449855;41212997;25566446;536235;27768265
FR;1;2022-04-11;932;2085;10901;22101;10610;42450787;41215082;25577347;558336;27778875
FR;1;2022-04-12;1178;2367;12662;37688;12147;42451965;41217449;25590009;596024;27791022
FR;1;2022-04-13;1146;2569;12086;30215;11808;42453111;41220018;25602095;626239;27802830
FR;1;2022-04-14;1157;2272;11913;33161;11890;42454268;41222290;25614008;659400;27814720
FR;1;2022-04-15;1390;2751;14238;32852;13605;42455658;41225041;25628246;692252;27828325
FR;1;2022-04-16;643;1386;5800;7964;5722;42456301;41226427;25634046;700216;27834047
FR;1;2022-04-17;145;270;926;1099;968;42456446;41226697;25634972;701315;27835015
FR;1;2022-04-18;114;360;2587;967;2608;42456560;41227057;25637559;702282;27837623
FR;1;2022-04-19;1176;2464;11658;27519;11290;42457736;41229521;25649217;729801;27848913
FR;1;2022-04-20;1238;2492;11972;26462;11794;42458974;41232013;25661189;756263;27860707
FR;1;2022-04-21;1194;2310;11370;32688;11534;42460168;41234323;25672559;788951;27872241
FR;1;2022-04-22;1453;2926;15094;35180;14675;42461621;41237249;25687653;824131;27886916
FR;1;2022-04-23;720;1549;6692;9853;6595;42462341;41238798;25694345;833984;27893511
FR;1;2022-04-24;179;351;1361;1502;1313;42462520;41239149;25695706;835486;27894824
FR;1;2022-04-25;970;2009;9743;19451;9625;42463490;41241158;25705449;854937;27904449
FR;1;2022-04-26;1274;2552;12465;36094;12057;42464764;41243710;25717914;891031;27916506
FR;1;2022-04-27;1247;2342;10493;28575;10597;42466011;41246052;25728407;919606;27927103
FR;1;2022-04-28;1221;2252;11300;33581;11112;42467232;41248304;25739707;953187;27938215
FR;1;2022-04-29;1543;2860;14047;34937;13468;42468775;41251164;25753754;988124;27951683
FR;1;2022-04-30;795;1413;6213;9069;6043;42469570;41252577;25759967;997193;27957726
FR;1;2022-05-01;134;254;767;909;771;42469704;41252831;25760734;998102;27958497
FR;1;2022-05-02;862;1694;9010;16414;8922;42470566;41254525;25769744;1014516;27967419
FR;1;2022-05-03;1333;2448;11854;32106;11767;42471899;41256973;25781598;1046622;27979186
FR;1;2022-05-04;1245;2301;9680;23117;9822;42473144;41259274;25791278;1069739;27989008
FR;1;2022-05-05;1285;2244;10689;30847;10476;42474429;41261518;25801967;1100586;27999484
FR;1;2022-05-06;1634;3026;13521;34264;13091;42476063;41264544;25815488;1134850;28012575
FR;1;2022-05-07;805;1411;5587;8985;5630;42476868;41265955;25821075;1143835;28018205
FR;1;2022-05-08;177;290;914;1424;982;42477045;41266245;25821989;1145259;28019187
FR;1;2022-05-09;967;1726;7758;18633;7671;42478012;41267971;25829747;1163892;28026858
FR;1;2022-05-10;1312;2369;10997;35882;10636;42479324;41270340;25840744;1199774;28037494
FR;1;2022-05-11;1328;2073;8814;24995;8723;42480652;41272413;25849558;1224769;28046217
FR;1;2022-05-12;1201;2113;9659;32229;9272;42481853;41274526;25859217;1256998;28055489
FR;1;2022-05-13;1514;2554;11817;34605;11462;42483367;41277080;25871034;1291603;28066951
FR;1;2022-05-14;724;1219;4920;9906;4815;42484091;41278299;25875954;1301509;28071766
FR;1;2022-05-15;195;327;996;1287;1076;42484286;41278626;25876950;1302796;28072842
FR;1;2022-05-16;865;1493;6464;18423;6494;42485151;41280119;25883414;1321219;28079336
FR;1;2022-05-17;1118;1970;9216;33114;8871;42486269;41282089;25892630;1354333;28088207
FR;2;2020-12-27;0;0;0;0;0;0;0;0;0;0
FR;2;2020-12-28;0;0;0;0;0;0;0;0;0;0
FR;2;2020-12-29;0;0;0;0;0;0;0;0;0;0
FR;2;2020-12-30;0;0;0;0;0;0;0;0;0;0
FR;2;2020-12-31;0;0;0;0;0;0;0;0;0;0
FR;2;2021-01-01;0;0;0;0;0;0;0;0;0;0
FR;2;2021-01-02;0;0;0;0;0;0;0;0;0;0
FR;2;2021-01-03;0;0;0;0;0;0;0;0;0;0
FR;2;2021-01-04;0;0;0;0;0;0;0;0;0;0
FR;2;2021-01-05;0;0;0;0;0;0;0;0;0;0
FR;2;2021-01-06;0;0;0;0;0;0;0;0;0;0
FR;2;2021-01-07;0;0;0;0;0;0;0;0;0;0
FR;2;2021-01-08;0;0;0;0;0;0;0;0;0;0
FR;2;2021-01-09;0;0;0;0;0;0;0;0;0;0
FR;2;2021-01-10;0;0;0;0;0;0;0;0;0;0
FR;2;2021-01-11;0;0;0;0;0;0;0;0;0;0
FR;2;2021-01-12;0;0;0;0;0;0;0;0;0;0
FR;2;2021-01-13;0;0;0;0;0;0;0;0;0;0
FR;2;2021-01-14;1691;0;0;0;0;1691;0;0;0;0
FR;2;2021-01-15;394;0;0;0;0;2085;0;0;0;0
FR;2;2021-01-16;315;0;0;0;0;2400;0;0;0;0
FR;2;2021-01-17;80;0;0;0;0;2480;0;0;0;0
FR;2;2021-01-18;3073;2;0;0;0;5553;2;0;0;0
FR;2;2021-01-19;4675;0;0;0;0;10228;2;0;0;0
FR;2;2021-01-20;5135;4;0;0;0;15363;6;0;0;0
FR;2;2021-01-21;5336;8;0;0;0;20699;14;0;0;0
FR;2;2021-01-22;5115;3;0;0;0;25814;17;0;0;0
FR;2;2021-01-23;1866;0;0;0;0;27680;17;0;0;0
FR;2;2021-01-24;160;1;0;0;0;27840;18;0;0;0
FR;2;2021-01-25;3811;3;0;0;0;31651;21;0;0;0
FR;2;2021-01-26;3917;1;0;0;0;35568;22;0;0;0
FR;2;2021-01-27;3597;1;0;0;0;39165;23;0;0;0
FR;2;2021-01-28;3745;6;0;0;0;42910;29;0;0;0
FR;2;2021-01-29;3291;2;0;0;0;46201;31;0;0;0
FR;2;2021-01-30;1130;1;0;0;0;47331;32;0;0;0
FR;2;2021-01-31;45;1;0;0;0;47376;33;0;0;0
FR;2;2021-02-01;3399;2;0;0;0;50775;35;0;0;0
FR;2;2021-02-02;4487;10;0;0;0;55262;45;0;0;0
FR;2;2021-02-03;5216;6;0;0;0;60478;51;0;0;0
FR;2;2021-02-04;4930;10;0;0;0;65408;61;0;0;0
FR;2;2021-02-05;4810;13;0;0;0;70218;74;0;0;0
FR;2;2021-02-06;2040;12;0;0;0;72258;86;0;0;0
FR;2;2021-02-07;101;4;0;0;0;72359;90;0;0;0
FR;2;2021-02-08;7553;19;0;0;0;79912;109;0;0;0
FR;2;2021-02-09;8420;27;0;0;0;88332;136;0;0;0
FR;2;2021-02-10;9336;56;0;0;0;97668;192;0;0;0
FR;2;2021-02-11;10278;95;0;0;0;107946;287;0;0;0
FR;2;2021-02-12;10052;260;0;0;0;117998;547;0;0;0
FR;2;2021-02-13;3118;225;0;0;0;121116;772;0;0;0
FR;2;2021-02-14;354;8;0;0;0;121470;780;0;0;0
FR;2;2021-02-15;3454;3094;0;0;0;124924;3874;0;0;0
FR;2;2021-02-16;5066;4020;0;0;0;129990;7894;0;0;0
FR;2;2021-02-17;4251;4466;0;0;0;134241;12360;0;0;0
FR;2;2021-02-18;5399;5116;0;0;0;139640;17476;0;0;0
FR;2;2021-02-19;5324;4391;0;0;0;144964;21867;0;0;0
FR;2;2021-02-20;1868;1508;0;0;0;146832;23375;0;0;0
FR;2;2021-02-21;242;88;0;0;0;147074;23463;0;0;0
FR;2;2021-02-22;3611;3742;0;0;0;150685;27205;0;0;0
FR;2;2021-02-23;4952;3693;0;0;0;155637;30898;0;0;0
FR;2;2021-02-24;5009;3491;0;0;0;160646;34389;0;0;0
FR;2;2021-02-25;5481;3452;0;0;0;166127;37841;0;0;0
FR;2;2021-02-26;4356;3146;0;0;0;170483;40987;0;0;0
FR;2;2021-02-27;1623;1053;0;0;0;172106;42040;0;0;0
FR;2;2021-02-28;176;27;0;0;0;172282;42067;0;0;0
FR;2;2021-03-01;5174;3725;0;0;0;177456;45792;0;0;0
FR;2;2021-03-02;6528;4721;0;0;0;183984;50513;0;0;0
FR;2;2021-03-03;6533;4917;0;0;0;190517;55430;0;0;0
FR;2;2021-03-04;8394;4046;0;0;0;198911;59476;0;0;0
FR;2;2021-03-05;8026;4060;0;0;0;206937;63536;0;0;0
FR;2;2021-03-06;4783;1683;0;0;0;211720;65219;0;0;0
FR;2;2021-03-07;2371;31;0;0;0;214091;65250;0;0;0
FR;2;2021-03-08;4164;8330;0;0;0;218255;73580;0;0;0
FR;2;2021-03-09;7485;8490;1;0;0;225740;82070;1;0;0
FR;2;2021-03-10;7098;9137;0;0;0;232838;91207;1;0;0
FR;2;2021-03-11;9372;9234;1;0;0;242210;100441;2;0;0
FR;2;2021-03-12;7972;8219;0;0;0;250182;108660;2;0;0
FR;2;2021-03-13;10046;2552;0;0;0;260228;111212;2;0;0
FR;2;2021-03-14;4838;406;0;0;0;265066;111618;2;0;0
FR;2;2021-03-15;10905;3486;0;0;0;275971;115104;2;0;0
FR;2;2021-03-16;16760;4648;1;0;0;292731;119752;3;0;0
FR;2;2021-03-17;20223;3972;0;0;0;312954;123724;3;0;0
FR;2;2021-03-18;23363;4966;0;0;0;336317;128690;3;0;0
FR;2;2021-03-19;23299;4566;0;0;0;359616;133256;3;0;0
FR;2;2021-03-20;25441;1545;0;0;0;385057;134801;3;0;0
FR;2;2021-03-21;17669;149;0;0;0;402726;134950;3;0;0
FR;2;2021-03-22;17782;3138;0;0;0;420508;138088;3;0;0
FR;2;2021-03-23;22686;4201;0;0;0;443194;142289;3;0;0
FR;2;2021-03-24;23955;5012;0;0;0;467149;147301;3;0;0
FR;2;2021-03-25;26736;5135;1;0;0;493885;152436;4;0;0
FR;2;2021-03-26;26974;4198;0;0;0;520859;156634;4;0;0
FR;2;2021-03-27;15917;1328;0;0;0;536776;157962;4;0;0
FR;2;2021-03-28;10561;119;0;0;0;547337;158081;4;0;0
FR;2;2021-03-29;18984;4284;0;0;0;566321;162365;4;0;0
FR;2;2021-03-30;24575;6026;0;0;0;590896;168391;4;0;0
FR;2;2021-03-31;28553;5932;0;0;0;619449;174323;4;0;0
FR;2;2021-04-01;34546;8493;1;0;0;653995;182816;5;0;0
FR;2;2021-04-02;29975;7673;0;0;0;683970;190489;5;0;0
FR;2;2021-04-03;16952;3755;0;0;0;700922;194244;5;0;0
FR;2;2021-04-04;9305;1012;2;0;0;710227;195256;7;0;0
FR;2;2021-04-05;12443;805;0;0;0;722670;196061;7;0;0
FR;2;2021-04-06;27142;7023;0;0;0;749812;203084;7;0;0
FR;2;2021-04-07;30925;7145;1;0;0;780737;210229;8;0;0
FR;2;2021-04-08;36879;8734;1;0;0;817616;218963;9;0;0
FR;2;2021-04-09;33832;8548;28;0;0;851448;227511;37;0;0
FR;2;2021-04-10;19678;9049;1;0;0;871126;236560;38;0;0
FR;2;2021-04-11;7941;4255;1;0;0;879067;240815;39;0;0
FR;2;2021-04-12;17121;11145;0;0;0;896188;251960;39;0;0
FR;2;2021-04-13;19448;16213;1;0;0;915636;268173;40;0;0
FR;2;2021-04-14;18059;16297;7;0;0;933695;284470;47;0;0
FR;2;2021-04-15;22184;20942;27;0;0;955879;305412;74;0;0
FR;2;2021-04-16;20704;20130;45;0;0;976583;325542;119;0;0
FR;2;2021-04-17;13252;22430;5;0;0;989835;347972;124;0;0
FR;2;2021-04-18;5906;14393;6;0;0;995741;362365;130;0;0
FR;2;2021-04-19;16830;16267;24;0;0;1012571;378632;154;0;0
FR;2;2021-04-20;19317;21585;38;0;0;1031888;400217;192;0;0
FR;2;2021-04-21;20280;21698;76;0;0;1052168;421915;268;0;0
FR;2;2021-04-22;23809;24861;41;0;0;1075977;446776;309;0;0
FR;2;2021-04-23;24515;25346;76;0;0;1100492;472122;385;0;0
FR;2;2021-04-24;25300;15091;104;0;0;1125792;487213;489;0;0
FR;2;2021-04-25;9592;8600;5;0;0;1135384;495813;494;0;0
FR;2;2021-04-26;17157;17246;21;0;0;1152541;513059;515;0;0
FR;2;2021-04-27;19240;24224;40;0;0;1171781;537283;555;0;0
FR;2;2021-04-28;22331;26210;112;0;0;1194112;563493;667;0;0
FR;2;2021-04-29;25465;30147;69;0;0;1219577;593640;736;0;0
FR;2;2021-04-30;25529;27738;49;1;0;1245106;621378;785;1;0
FR;2;2021-05-01;14980;9877;6;0;0;1260086;631255;791;1;0
FR;2;2021-05-02;6635;9172;2;0;0;1266721;640427;793;1;0
FR;2;2021-05-03;20012;19257;40;0;0;1286733;659684;833;1;0
FR;2;2021-05-04;18280;29031;33;0;0;1305013;688715;866;1;0
FR;2;2021-05-05;18359;29383;48;0;0;1323372;718098;914;1;0
FR;2;2021-05-06;23538;35234;131;0;0;1346910;753332;1045;1;0
FR;2;2021-05-07;25322;33197;97;0;0;1372232;786529;1142;1;0
FR;2;2021-05-08;21336;9795;14;0;0;1393568;796324;1156;1;0
FR;2;2021-05-09;13162;7846;7;0;0;1406730;804170;1163;1;0
FR;2;2021-05-10;32937;22126;49;0;0;1439667;826296;1212;1;0
FR;2;2021-05-11;43595;21034;101;0;0;1483262;847330;1313;1;0
FR;2;2021-05-12;50039;19844;143;0;0;1533301;867174;1456;1;0
FR;2;2021-05-13;51288;5747;31;0;0;1584589;872921;1487;1;0
FR;2;2021-05-14;61343;12920;132;0;0;1645932;885841;1619;1;0
FR;2;2021-05-15;65923;7133;39;0;0;1711855;892974;1658;1;0
FR;2;2021-05-16;43580;2567;10;0;0;1755435;895541;1668;1;0
FR;2;2021-05-17;44742;12567;113;0;0;1800177;908108;1781;1;0
FR;2;2021-05-18;54632;12238;191;0;0;1854809;920346;1972;1;0
FR;2;2021-05-19;57162;10598;281;0;0;1911971;930944;2253;1;0
FR;2;2021-05-20;63429;10839;287;0;0;1975400;941783;2540;1;0
FR;2;2021-05-21;64288;11639;230;0;0;2039688;953422;2770;1;0
FR;2;2021-05-22;61477;4505;65;0;0;2101165;957927;2835;1;0
FR;2;2021-05-23;37531;570;22;0;0;2138696;958497;2857;1;0
FR;2;2021-05-24;17235;2033;34;0;0;2155931;960530;2891;1;0
FR;2;2021-05-25;21102;12224;240;0;0;2177033;972754;3131;1;0
FR;2;2021-05-26;19932;11448;229;0;0;2196965;984202;3360;1;0
FR;2;2021-05-27;22993;12663;182;0;0;2219958;996865;3542;1;0
FR;2;2021-05-28;29387;14945;190;0;0;2249345;1011810;3732;1;0
FR;2;2021-05-29;30415;8175;57;0;0;2279760;1019985;3789;1;0
FR;2;2021-05-30;4646;1814;6;0;0;2284406;1021799;3795;1;0
FR;2;2021-05-31;28584;18712;183;0;0;2312990;1040511;3978;1;0
FR;2;2021-06-01;45710;20007;224;0;0;2358700;1060518;4202;1;0
FR;2;2021-06-02;37461;19295;181;0;0;2396161;1079813;4383;1;0
FR;2;2021-06-03;51269;23323;161;0;0;2447430;1103136;4544;1;0
FR;2;2021-06-04;65508;24056;215;0;0;2512938;1127192;4759;1;0
FR;2;2021-06-05;34598;24030;51;0;0;2547536;1151222;4810;1;0
FR;2;2021-06-06;4953;6198;10;0;0;2552489;1157420;4820;1;0
FR;2;2021-06-07;28165;23040;146;0;0;2580654;1180460;4966;1;0
FR;2;2021-06-08;46368;22919;143;0;0;2627022;1203379;5109;1;0
FR;2;2021-06-09;34284;20918;107;0;0;2661306;1224297;5216;1;0
FR;2;2021-06-10;42635;19130;95;1;0;2703941;1243427;5311;2;0
FR;2;2021-06-11;55287;25220;134;0;0;2759228;1268647;5445;2;0
FR;2;2021-06-12;30559;19776;53;0;0;2789787;1288423;5498;2;0
FR;2;2021-06-13;3329;9186;13;0;0;2793116;1297609;5511;2;0
FR;2;2021-06-14;25295;24155;92;0;0;2818411;1321764;5603;2;0
FR;2;2021-06-15;39033;22844;154;0;0;2857444;1344608;5757;2;0
FR;2;2021-06-16;30158;21438;134;0;0;2887602;1366046;5891;2;0
FR;2;2021-06-17;36903;25863;150;0;0;2924505;1391909;6041;2;0
FR;2;2021-06-18;46845;28813;122;0;0;2971350;1420722;6163;2;0
FR;2;2021-06-19;24524;24892;39;0;0;2995874;1445614;6202;2;0
FR;2;2021-06-20;3742;10063;10;0;0;2999616;1455677;6212;2;0
FR;2;2021-06-21;17521;42839;87;0;0;3017137;1498516;6299;2;0
FR;2;2021-06-22;28353;49561;110;0;0;3045490;1548077;6409;2;0
FR;2;2021-06-23;21786;49554;106;1;1;3067276;1597631;6515;3;1
FR;2;2021-06-24;28375;50282;133;0;0;3095651;1647913;6648;3;1
FR;2;2021-06-25;33398;60392;127;0;0;3129049;1708305;6775;3;1
FR;2;2021-06-26;16379;59246;54;1;0;3145428;1767551;6829;4;1
FR;2;2021-06-27;2564;29322;22;1;0;3147992;1796873;6851;5;1
FR;2;2021-06-28;12637;54340;81;0;0;3160629;1851213;6932;5;1
FR;2;2021-06-29;19841;59886;178;0;0;3180470;1911099;7110;5;1
FR;2;2021-06-30;16321;57871;252;17;0;3196791;1968970;7362;22;1
FR;2;2021-07-01;20482;59893;227;0;0;3217273;2028863;7589;22;1
FR;2;2021-07-02;24069;62131;184;0;0;3241342;2090994;7773;22;1
FR;2;2021-07-03;12111;57086;153;0;0;3253453;2148080;7926;22;1
FR;2;2021-07-04;1958;23308;18;0;0;3255411;2171388;7944;22;1
FR;2;2021-07-05;9170;29365;106;0;0;3264581;2200753;8050;22;1
FR;2;2021-07-06;14574;36204;135;0;0;3279155;2236957;8185;22;1
FR;2;2021-07-07;14404;33670;139;0;0;3293559;2270627;8324;22;1
FR;2;2021-07-08;19713;40296;162;0;0;3313272;2310923;8486;22;1
FR;2;2021-07-09;27093;54268;202;1;0;3340365;2365191;8688;23;1
FR;2;2021-07-10;13383;33661;107;0;0;3353748;2398852;8795;23;1
FR;2;2021-07-11;1805;4349;16;0;0;3355553;2403201;8811;23;1
FR;2;2021-07-12;12960;37278;118;0;0;3368513;2440479;8929;23;1
FR;2;2021-07-13;37108;53217;150;0;0;3405621;2493696;9079;23;1
FR;2;2021-07-14;6607;3559;15;0;0;3412228;2497255;9094;23;1
FR;2;2021-07-15;47231;47024;156;0;0;3459459;2544279;9250;23;1
FR;2;2021-07-16;64306;55812;187;0;0;3523765;2600091;9437;23;1
FR;2;2021-07-17;31592;23933;96;0;0;3555357;2624024;9533;23;1
FR;2;2021-07-18;6087;4882;19;0;0;3561444;2628906;9552;23;1
FR;2;2021-07-19;32987;28680;94;0;0;3594431;2657586;9646;23;1
FR;2;2021-07-20;51989;44563;155;0;0;3646420;2702149;9801;23;1
FR;2;2021-07-21;45243;34757;93;0;0;3691663;2736906;9894;23;1
FR;2;2021-07-22;56272;41094;128;1;0;3747935;2778000;10022;24;1
FR;2;2021-07-23;68275;49084;170;0;0;3816210;2827084;10192;24;1
FR;2;2021-07-24;36165;21590;82;0;0;3852375;2848674;10274;24;1
FR;2;2021-07-25;6742;2654;10;0;0;3859117;2851328;10284;24;1
FR;2;2021-07-26;36295;22455;91;1;0;3895412;2873783;10375;25;1
FR;2;2021-07-27;62353;34623;180;0;0;3957765;2908406;10555;25;1
FR;2;2021-07-28;55296;26455;132;0;0;4013061;2934861;10687;25;1
FR;2;2021-07-29;68455;32786;189;0;0;4081516;2967647;10876;25;1
FR;2;2021-07-30;74430;37778;222;1;1;4155946;3005425;11098;26;2
FR;2;2021-07-31;34750;16185;104;0;0;4190696;3021610;11202;26;2
FR;2;2021-08-01;5397;2284;19;0;0;4196093;3023894;11221;26;2
FR;2;2021-08-02;35859;16202;101;0;0;4231952;3040096;11322;26;2
FR;2;2021-08-03;55958;28290;142;0;0;4287910;3068386;11464;26;2
FR;2;2021-08-04;46621;20864;128;1;0;4334531;3089250;11592;27;2
FR;2;2021-08-05;54617;31584;215;0;0;4389148;3120834;11807;27;2
FR;2;2021-08-06;58077;42392;242;1;0;4447225;3163226;12049;28;2
FR;2;2021-08-07;25132;17600;89;0;0;4472357;3180826;12138;28;2
FR;2;2021-08-08;3832;3671;21;0;0;4476189;3184497;12159;28;2
FR;2;2021-08-09;29296;21133;91;0;0;4505485;3205630;12250;28;2
FR;2;2021-08-10;44988;33511;154;0;0;4550473;3239141;12404;28;2
FR;2;2021-08-11;35264;25171;151;0;0;4585737;3264312;12555;28;2
FR;2;2021-08-12;41891;35728;162;0;0;4627628;3300040;12717;28;2
FR;2;2021-08-13;42585;37055;218;0;0;4670213;3337095;12935;28;2
FR;2;2021-08-14;18507;22254;93;0;0;4688720;3359349;13028;28;2
FR;2;2021-08-15;3815;3816;17;0;0;4692535;3363165;13045;28;2
FR;2;2021-08-16;25077;27198;110;0;0;4717612;3390363;13155;28;2
FR;2;2021-08-17;38249;43486;205;2;0;4755861;3433849;13360;30;2
FR;2;2021-08-18;32246;36371;195;1;1;4788107;3470220;13555;31;3
FR;2;2021-08-19;37427;46586;224;0;0;4825534;3516806;13779;31;3
FR;2;2021-08-20;40555;55606;269;1;0;4866089;3572412;14048;32;3
FR;2;2021-08-21;18116;24306;114;0;0;4884205;3596718;14162;32;3
FR;2;2021-08-22;2902;4318;22;1;1;4887107;3601036;14184;33;4
FR;2;2021-08-23;19238;35161;131;1;1;4906345;3636197;14315;34;5
FR;2;2021-08-24;31939;56032;235;0;0;4938284;3692229;14550;34;5
FR;2;2021-08-25;25926;43429;250;0;0;4964210;3735658;14800;34;5
FR;2;2021-08-26;32348;55791;387;0;0;4996558;3791449;15187;34;5
FR;2;2021-08-27;36992;65593;478;3;1;5033550;3857042;15665;37;6
FR;2;2021-08-28;17813;28471;300;0;0;5051363;3885513;15965;37;6
FR;2;2021-08-29;2655;5040;47;0;0;5054018;3890553;16012;37;6
FR;2;2021-08-30;18409;37751;399;0;754;5072427;3928304;16411;37;760
FR;2;2021-08-31;28077;57494;884;4;1537;5100504;3985798;17295;41;2297
FR;2;2021-09-01;21590;39842;1307;0;2091;5122094;4025640;18602;41;4388
FR;2;2021-09-02;25476;48612;1960;2;3290;5147570;4074252;20562;43;7678
FR;2;2021-09-03;33404;64472;2986;3;4826;5180974;4138724;23548;46;12504
FR;2;2021-09-04;16826;27702;1442;1;2354;5197800;4166426;24990;47;14858
FR;2;2021-09-05;2259;3606;264;0;411;5200059;4170032;25254;47;15269
FR;2;2021-09-06;14034;28732;1769;1;2930;5214093;4198764;27023;48;18199
FR;2;2021-09-07;21102;41051;3020;13;4855;5235195;4239815;30043;61;23054
FR;2;2021-09-08;17240;31932;2732;6;4468;5252435;4271747;32775;67;27522
FR;2;2021-09-09;20973;40433;4432;3;6755;5273408;4312180;37207;70;34277
FR;2;2021-09-10;28195;51137;5281;4;8821;5301603;4363317;42488;74;43098
FR;2;2021-09-11;13652;22353;2403;5;3937;5315255;4385670;44891;79;47035
FR;2;2021-09-12;1822;2791;284;0;505;5317077;4388461;45175;79;47540
FR;2;2021-09-13;11656;21448;2468;4;4008;5328733;4409909;47643;83;51548
FR;2;2021-09-14;18567;32767;5084;13;9034;5347300;4442676;52727;96;60582
FR;2;2021-09-15;14910;28283;5164;3;7780;5362210;4470959;57891;99;68362
FR;2;2021-09-16;16069;32766;6735;14;10529;5378279;4503725;64626;113;78891
FR;2;2021-09-17;20911;47083;8775;10;14571;5399190;4550808;73401;123;93462
FR;2;2021-09-18;9855;20929;3803;6;6023;5409045;4571737;77204;129;99485
FR;2;2021-09-19;1165;2649;395;0;645;5410210;4574386;77599;129;100130
FR;2;2021-09-20;7490;18786;3851;7;6153;5417700;4593172;81450;136;106283
FR;2;2021-09-21;11205;29996;6494;5;10738;5428905;4623168;87944;141;117021
FR;2;2021-09-22;9405;23550;5491;7;8512;5438310;4646718;93435;148;125533
FR;2;2021-09-23;10721;28873;7879;9;12637;5449031;4675591;101314;157;138170
FR;2;2021-09-24;15063;42863;10873;18;17189;5464094;4718454;112187;175;155359
FR;2;2021-09-25;7258;18730;3962;10;6083;5471352;4737184;116149;185;161442
FR;2;2021-09-26;1079;2559;494;0;632;5472431;4739743;116643;185;162074
FR;2;2021-09-27;6312;16451;4286;7;6550;5478743;4756194;120929;192;168624
FR;2;2021-09-28;9239;25549;7768;13;12070;5487982;4781743;128697;205;180694
FR;2;2021-09-29;8080;20211;6066;25;9261;5496062;4801954;134763;230;189955
FR;2;2021-09-30;9862;25783;9503;16;14075;5505924;4827737;144266;246;204030
FR;2;2021-10-01;13967;35635;12912;25;19228;5519891;4863372;157178;271;223258
FR;2;2021-10-02;6873;15878;4845;6;7011;5526764;4879250;162023;277;230269
FR;2;2021-10-03;841;1941;491;1;512;5527605;4881191;162514;278;230781
FR;2;2021-10-04;5817;13923;5514;5;7853;5533422;4895114;168028;283;238634
FR;2;2021-10-05;9052;22547;11121;19;15712;5542474;4917661;179149;302;254346
FR;2;2021-10-06;7778;17738;8238;11;11066;5550252;4935399;187387;313;265412
FR;2;2021-10-07;9193;22174;12378;15;16833;5559445;4957573;199765;328;282245
FR;2;2021-10-08;13423;32049;17345;27;23532;5572868;4989622;217110;355;305777
FR;2;2021-10-09;5999;12824;6041;6;7875;5578867;5002446;223151;361;313652
FR;2;2021-10-10;883;1635;436;2;633;5579750;5004081;223587;363;314285
FR;2;2021-10-11;5604;11606;6454;17;8837;5585354;5015687;230041;380;323122
FR;2;2021-10-12;8035;17753;12535;13;16726;5593389;5033440;242576;393;339848
FR;2;2021-10-13;6944;14851;10245;11;13608;5600333;5048291;252821;404;353456
FR;2;2021-10-14;8310;17939;14989;13;19449;5608643;5066230;267810;417;372905
FR;2;2021-10-15;11844;26275;20901;26;27942;5620487;5092505;288711;443;400847
FR;2;2021-10-16;5136;8723;1816;0;3205;5625623;5101228;290527;443;404052
FR;2;2021-10-17;651;1188;184;0;374;5626274;5102416;290711;443;404426
FR;2;2021-10-18;4558;7418;661;2;1671;5630832;5109834;291372;445;406097
FR;2;2021-10-19;6238;9894;729;5;2054;5637070;5119728;292101;450;408151
FR;2;2021-10-20;5161;8102;756;3;1685;5642231;5127830;292857;453;409836
FR;2;2021-10-21;6088;9968;779;5;2101;5648319;5137798;293636;458;411937
FR;2;2021-10-22;8446;14572;1147;4;2872;5656765;5152370;294783;462;414809
FR;2;2021-10-23;3840;5995;584;0;1234;5660605;5158365;295367;462;416043
FR;2;2021-10-24;494;888;100;0;203;5661099;5159253;295467;462;416246
FR;2;2021-10-25;3357;5372;301;1;826;5664456;5164625;295768;463;417072
FR;2;2021-10-26;4173;7256;1124;4;2004;5668629;5171881;296892;467;419076
FR;2;2021-10-27;3672;6627;1193;5;1998;5672301;5178508;298085;472;421074
FR;2;2021-10-28;4596;7694;1727;3;2745;5676897;5186202;299812;475;423819
FR;2;2021-10-29;5405;11078;2430;4;3667;5682302;5197280;302242;479;427486
FR;2;2021-10-30;2748;4433;972;1;1428;5685050;5201713;303214;480;428914
FR;2;2021-10-31;363;535;139;1;186;5685413;5202248;303353;481;429100
FR;2;2021-11-01;416;561;174;0;266;5685829;5202809;303527;481;429366
FR;2;2021-11-02;3287;6764;1179;0;1757;5689116;5209573;304706;481;431123
FR;2;2021-11-03;3337;6252;1383;2;1965;5692453;5215825;306089;483;433088
FR;2;2021-11-04;3985;7099;1760;4;2491;5696438;5222924;307849;487;435579
FR;2;2021-11-05;5226;10510;2863;5;3944;5701664;5233434;310712;492;439523
FR;2;2021-11-06;2594;4669;1397;0;1809;5704258;5238103;312109;492;441332
FR;2;2021-11-07;508;865;216;0;285;5704766;5238968;312325;492;441617
FR;2;2021-11-08;2575;5363;1201;3;1679;5707341;5244331;313526;495;443296
FR;2;2021-11-09;2749;6946;2391;6;3172;5710090;5251277;315917;501;446468
FR;2;2021-11-10;2584;5714;5093;6;6271;5712674;5256991;321010;507;452739
FR;2;2021-11-11;433;745;731;2;914;5713107;5257736;321741;509;453653
FR;2;2021-11-12;2951;8110;8963;8;10901;5716058;5265846;330704;517;464554
FR;2;2021-11-13;1534;3380;3865;7;4528;5717592;5269226;334569;524;469082
FR;2;2021-11-14;254;603;348;1;485;5717846;5269829;334917;525;469567
FR;2;2021-11-15;1620;3694;4434;9;5318;5719466;5273523;339351;534;474885
FR;2;2021-11-16;2183;5946;8293;14;10070;5721649;5279469;347644;548;484955
FR;2;2021-11-17;1740;4566;6619;8;7834;5723389;5284035;354263;556;492789
FR;2;2021-11-18;2189;5949;9169;11;10994;5725578;5289984;363432;567;503783
FR;2;2021-11-19;2697;7804;12958;19;15464;5728275;5297788;376390;586;519247
FR;2;2021-11-20;1564;3332;5168;5;6072;5729839;5301120;381558;591;525319
FR;2;2021-11-21;246;518;540;0;663;5730085;5301638;382098;591;525982
FR;2;2021-11-22;1275;2622;4469;5;5401;5731360;5304260;386567;596;531383
FR;2;2021-11-23;1613;4315;8186;9;9895;5732973;5308575;394753;605;541278
FR;2;2021-11-24;1418;3800;7462;14;8720;5734391;5312375;402215;619;549998
FR;2;2021-11-25;1812;4890;11446;21;13639;5736203;5317265;413661;640;563637
FR;2;2021-11-26;2537;7778;22649;31;26062;5738740;5325043;436310;671;589699
FR;2;2021-11-27;1497;4129;12255;18;13992;5740237;5329172;448565;689;603691
FR;2;2021-11-28;291;842;1965;3;2286;5740528;5330014;450530;692;605977
FR;2;2021-11-29;1444;4386;15073;23;17242;5741972;5334400;465603;715;623219
FR;2;2021-11-30;1913;6752;26220;36;29973;5743885;5341152;491823;751;653192
FR;2;2021-12-01;1903;6099;26182;29;29501;5745788;5347251;518005;780;682693
FR;2;2021-12-02;1908;6831;37684;52;41928;5747696;5354082;555689;832;724621
FR;2;2021-12-03;2550;10108;53586;112;59307;5750246;5364190;609275;944;783928
FR;2;2021-12-04;1849;6302;37089;38;40765;5752095;5370492;646364;982;824693
FR;2;2021-12-05;458;2263;14251;14;15987;5752553;5372755;660615;996;840680
FR;2;2021-12-06;2462;9895;77682;109;84730;5755015;5382650;738297;1105;925410
FR;2;2021-12-07;3445;15331;122408;238;133690;5758460;5397981;860705;1343;1059100
FR;2;2021-12-08;3717;16061;133169;330;145369;5762177;5414042;993874;1673;1204469
FR;2;2021-12-09;4543;19629;170142;554;185499;5766720;5433671;1164016;2227;1389968
FR;2;2021-12-10;4669;22812;188607;490;206039;5771389;5456483;1352623;2717;1596007
FR;2;2021-12-11;3681;16623;132419;239;144851;5775070;5473106;1485042;2956;1740858
FR;2;2021-12-12;1257;7129;59080;83;65126;5776327;5480235;1544122;3039;1805984
FR;2;2021-12-13;5525;26857;220652;604;242930;5781852;5507092;1764774;3643;2048914
FR;2;2021-12-14;7016;37535;300711;910;332186;5788868;5544627;2065485;4553;2381100
FR;2;2021-12-15;6559;36235;285168;955;315766;5795427;5580862;2350653;5508;2696866
FR;2;2021-12-16;7762;37922;312099;981;343679;5803189;5618784;2662752;6489;3040545
FR;2;2021-12-17;8680;41246;327828;975;360906;5811869;5660030;2990580;7464;3401451
FR;2;2021-12-18;6516;26561;212316;448;233613;5818385;5686591;3202896;7912;3635064
FR;2;2021-12-19;2600;11490;90201;184;100379;5820985;5698081;3293097;8096;3735443
FR;2;2021-12-20;9550;33606;275151;706;303316;5830535;5731687;3568248;8802;4038759
FR;2;2021-12-21;11555;38321;309587;969;341371;5842090;5770008;3877835;9771;4380130
FR;2;2021-12-22;10458;32859;265080;952;292470;5852548;5802867;4142915;10723;4672600
FR;2;2021-12-23;9426;26707;199456;700;221257;5861974;5829574;4342371;11423;4893857
FR;2;2021-12-24;2781;7496;43845;140;49560;5864755;5837070;4386216;11563;4943417
FR;2;2021-12-25;201;700;2000;10;2495;5864956;5837770;4388216;11573;4945912
FR;2;2021-12-26;1322;4216;25146;71;28677;5866278;5841986;4413362;11644;4974589
FR;2;2021-12-27;8075;29941;218377;659;243298;5874353;5871927;4631739;12303;5217887
FR;2;2021-12-28;9840;36339;272062;741;301948;5884193;5908266;4903801;13044;5519835
FR;2;2021-12-29;9492;32292;246103;766;272678;5893685;5940558;5149904;13810;5792513
FR;2;2021-12-30;9453;28140;208806;662;231466;5903138;5968698;5358710;14472;6023979
FR;2;2021-12-31;3008;8380;54978;177;61234;5906146;5977078;5413688;14649;6085213
FR;2;2022-01-01;227;693;2849;7;3345;5906373;5977771;5416537;14656;6088558
FR;2;2022-01-02;1505;4856;29504;75;33391;5907878;5982627;5446041;14731;6121949
FR;2;2022-01-03;9583;35370;266501;807;293863;5917461;6017997;5712542;15538;6415812
FR;2;2022-01-04;12842;45378;342059;1067;376943;5930303;6063375;6054601;16605;6792755
FR;2;2022-01-05;11269;38658;294150;885;323801;5941572;6102033;6348751;17490;7116556
FR;2;2022-01-06;13649;43494;331927;1298;364703;5955221;6145527;6680678;18788;7481259
FR;2;2022-01-07;14220;47637;361073;1270;396404;5969441;6193164;7041751;20058;7877663
FR;2;2022-01-08;7946;28151;201254;515;221684;5977387;6221315;7243005;20573;8099347
FR;2;2022-01-09;2749;8997;62517;137;69522;5980136;6230312;7305522;20710;8168869
FR;2;2022-01-10;10087;31916;232447;858;255031;5990223;6262228;7537969;21568;8423900
FR;2;2022-01-11;11470;36251;265879;1030;290571;6001693;6298479;7803848;22598;8714471
FR;2;2022-01-12;8759;29840;206297;862;226173;6010452;6328319;8010145;23460;8940644
FR;2;2022-01-13;9386;31344;224461;831;244807;6019838;6359663;8234606;24291;9185451
FR;2;2022-01-14;9743;35666;254517;919;277679;6029581;6395329;8489123;25210;9463130
FR;2;2022-01-15;5355;19454;140766;359;153635;6034936;6414783;8629889;25569;9616765
FR;2;2022-01-16;1512;5521;35870;80;39848;6036448;6420304;8665759;25649;9656613
FR;2;2022-01-17;5545;19301;135383;601;147246;6041993;6439605;8801142;26250;9803859
FR;2;2022-01-18;6417;21531;148608;648;160472;6048410;6461136;8949750;26898;9964331
FR;2;2022-01-19;4389;16360;105081;552;113699;6052799;6477496;9054831;27450;10078030
FR;2;2022-01-20;4867;17595;115273;603;123670;6057666;6495091;9170104;28053;10201700
FR;2;2022-01-21;5193;20064;137324;678;147744;6062859;6515155;9307428;28731;10349444
FR;2;2022-01-22;3025;10963;74254;259;80328;6065884;6526118;9381682;28990;10429772
FR;2;2022-01-23;722;2736;15236;41;16837;6066606;6528854;9396918;29031;10446609
FR;2;2022-01-24;3293;12826;75057;430;81017;6069899;6541680;9471975;29461;10527626
FR;2;2022-01-25;3570;14438;79611;495;85448;6073469;6556118;9551586;29956;10613074
FR;2;2022-01-26;2515;10661;58957;363;62982;6075984;6566779;9610543;30319;10676056
FR;2;2022-01-27;2683;11261;64163;388;67901;6078667;6578040;9674706;30707;10743957
FR;2;2022-01-28;3543;18389;91710;430;98960;6082210;6596429;9766416;31137;10842917
FR;2;2022-01-29;1890;9253;48834;164;52920;6084100;6605682;9815250;31301;10895837
FR;2;2022-01-30;466;2244;9453;38;10606;6084566;6607926;9824703;31339;10906443
FR;2;2022-01-31;1887;9590;43817;208;47340;6086453;6617516;9868520;31547;10953783
FR;2;2022-02-01;1912;10049;47018;278;50100;6088365;6627565;9915538;31825;11003883
FR;2;2022-02-02;1605;9032;41100;251;44174;6089970;6636597;9956638;32076;11048057
FR;2;2022-02-03;1722;8945;40506;204;42905;6091692;6645542;9997144;32280;11090962
FR;2;2022-02-04;2152;15220;66626;297;71348;6093844;6660762;10063770;32577;11162310
FR;2;2022-02-05;1362;8538;35934;131;39231;6095206;6669300;10099704;32708;11201541
FR;2;2022-02-06;274;1780;6124;16;6899;6095480;6671080;10105828;32724;11208440
FR;2;2022-02-07;1350;9609;37746;133;41304;6096830;6680689;10143574;32857;11249744
FR;2;2022-02-08;1298;9811;40926;173;43710;6098128;6690500;10184500;33030;11293454
FR;2;2022-02-09;1160;8812;37032;172;40451;6099288;6699312;10221532;33202;11333905
FR;2;2022-02-10;1023;7985;33831;203;36498;6100311;6707297;10255363;33405;11370403
FR;2;2022-02-11;1389;12077;53337;222;57682;6101700;6719374;10308700;33627;11428085
FR;2;2022-02-12;749;6528;27985;83;30802;6102449;6725902;10336685;33710;11458887
FR;2;2022-02-13;200;1335;4833;20;5574;6102649;6727237;10341518;33730;11464461
FR;2;2022-02-14;834;6726;30262;89;33225;6103483;6733963;10371780;33819;11497686
FR;2;2022-02-15;771;6447;28044;141;29981;6104254;6740410;10399824;33960;11527667
FR;2;2022-02-16;656;5340;22048;123;23607;6104910;6745750;10421872;34083;11551274
FR;2;2022-02-17;513;3770;14141;98;14604;6105423;6749520;10436013;34181;11565878
FR;2;2022-02-18;721;5361;20427;134;21124;6106144;6754881;10456440;34315;11587002
FR;2;2022-02-19;430;3046;10527;66;11241;6106574;6757927;10466967;34381;11598243
FR;2;2022-02-20;101;512;1456;3;1604;6106675;6758439;10468423;34384;11599847
FR;2;2022-02-21;420;2682;9116;65;9492;6107095;6761121;10477539;34449;11609339
FR;2;2022-02-22;390;2564;8887;76;8791;6107485;6763685;10486426;34525;11618130
FR;2;2022-02-23;432;2600;8985;82;9264;6107917;6766285;10495411;34607;11627394
FR;2;2022-02-24;313;2028;6795;81;6824;6108230;6768313;10502206;34688;11634218
FR;2;2022-02-25;455;3194;11412;108;11275;6108685;6771507;10513618;34796;11645493
FR;2;2022-02-26;294;1889;6035;49;6340;6108979;6773396;10519653;34845;11651833
FR;2;2022-02-27;75;312;905;5;948;6109054;6773708;10520558;34850;11652781
FR;2;2022-02-28;330;1680;5519;53;5527;6109384;6775388;10526077;34903;11658308
FR;2;2022-03-01;274;1557;5473;44;5191;6109658;6776945;10531550;34947;11663499
FR;2;2022-03-02;296;1429;5242;43;5082;6109954;6778374;10536792;34990;11668581
FR;2;2022-03-03;224;1100;3703;42;3478;6110178;6779474;10540495;35032;11672059
FR;2;2022-03-04;240;1461;4852;73;4497;6110418;6780935;10545347;35105;11676556
FR;2;2022-03-05;171;903;2973;32;2716;6110589;6781838;10548320;35137;11679272
FR;2;2022-03-06;40;181;277;5;316;6110629;6782019;10548597;35142;11679588
FR;2;2022-03-07;155;652;1981;69;1772;6110784;6782671;10550578;35211;11681360
FR;2;2022-03-08;143;652;2270;51;1902;6110927;6783323;10552848;35262;11683262
FR;2;2022-03-09;152;695;2341;37;2042;6111079;6784018;10555189;35299;11685304
FR;2;2022-03-10;119;592;1685;34;1457;6111198;6784610;10556874;35333;11686761
FR;2;2022-03-11;169;752;2767;57;2365;6111367;6785362;10559641;35390;11689126
FR;2;2022-03-12;143;480;1784;27;1553;6111510;6785842;10561425;35417;11690679
FR;2;2022-03-13;25;75;201;29;202;6111535;6785917;10561626;35446;11690881
FR;2;2022-03-14;124;464;1560;529;1289;6111659;6786381;10563186;35975;11692170
FR;2;2022-03-15;138;417;1705;688;1321;6111797;6786798;10564891;36663;11693491
FR;2;2022-03-16;140;461;2010;1611;1587;6111937;6787259;10566901;38274;11695078
FR;2;2022-03-17;93;411;1404;1192;1141;6112030;6787670;10568305;39466;11696219
FR;2;2022-03-18;143;489;2016;1787;1659;6112173;6788159;10570321;41253;11697878
FR;2;2022-03-19;108;318;1209;940;1013;6112281;6788477;10571530;42193;11698891
FR;2;2022-03-20;12;76;190;59;166;6112293;6788553;10571720;42252;11699057
FR;2;2022-03-21;96;301;1209;1481;1073;6112389;6788854;10572929;43733;11700130
FR;2;2022-03-22;116;382;1528;1827;1290;6112505;6789236;10574457;45560;11701420
FR;2;2022-03-23;137;343;1664;3031;1455;6112642;6789579;10576121;48591;11702875
FR;2;2022-03-24;114;290;1178;1546;994;6112756;6789869;10577299;50137;11703869
FR;2;2022-03-25;119;359;1801;2449;1471;6112875;6790228;10579100;52586;11705340
FR;2;2022-03-26;76;246;1201;1220;951;6112951;6790474;10580301;53806;11706291
FR;2;2022-03-27;19;36;150;98;130;6112970;6790510;10580451;53904;11706421
FR;2;2022-03-28;93;284;1133;1588;992;6113063;6790794;10581584;55492;11707413
FR;2;2022-03-29;105;257;1324;2462;1104;6113168;6791051;10582908;57954;11708517
FR;2;2022-03-30;90;312;1482;3183;1315;6113258;6791363;10584390;61137;11709832
FR;2;2022-03-31;103;279;1268;2312;1082;6113361;6791642;10585658;63449;11710914
FR;2;2022-04-01;118;313;1557;2340;1309;6113479;6791955;10587215;65789;11712223
FR;2;2022-04-02;72;160;845;889;737;6113551;6792115;10588060;66678;11712960
FR;2;2022-04-03;16;53;128;112;142;6113567;6792168;10588188;66790;11713102
FR;2;2022-04-04;106;224;981;1434;788;6113673;6792392;10589169;68224;11713890
FR;2;2022-04-05;142;286;1300;2868;1128;6113815;6792678;10590469;71092;11715018
FR;2;2022-04-06;87;242;1299;2497;1110;6113902;6792920;10591768;73589;11716128
FR;2;2022-04-07;118;214;1290;2681;1030;6114020;6793134;10593058;76270;11717158
FR;2;2022-04-08;123;327;1616;3207;1315;6114143;6793461;10594674;79477;11718473
FR;2;2022-04-09;90;218;896;1045;731;6114233;6793679;10595570;80522;11719204
FR;2;2022-04-10;36;43;142;161;115;6114269;6793722;10595712;80683;11719319
FR;2;2022-04-11;85;183;870;1516;769;6114354;6793905;10596582;82199;11720088
FR;2;2022-04-12;177;259;1169;2699;1041;6114531;6794164;10597751;84898;11721129
FR;2;2022-04-13;139;222;1107;2405;966;6114670;6794386;10598858;87303;11722095
FR;2;2022-04-14;114;216;1076;2653;906;6114784;6794602;10599934;89956;11723001
FR;2;2022-04-15;111;238;1184;2247;1041;6114895;6794840;10601118;92203;11724042
FR;2;2022-04-16;64;108;537;543;449;6114959;6794948;10601655;92746;11724491
FR;2;2022-04-17;13;26;57;53;53;6114972;6794974;10601712;92799;11724544
FR;2;2022-04-18;11;32;118;64;110;6114983;6795006;10601830;92863;11724654
FR;2;2022-04-19;108;235;1110;1686;942;6115091;6795241;10602940;94549;11725596
FR;2;2022-04-20;94;235;1088;2099;916;6115185;6795476;10604028;96648;11726512
FR;2;2022-04-21;108;228;970;1808;828;6115293;6795704;10604998;98456;11727340
FR;2;2022-04-22;96;265;1226;2055;1006;6115389;6795969;10606224;100511;11728346
FR;2;2022-04-23;66;153;644;762;573;6115455;6796122;10606868;101273;11728919
FR;2;2022-04-24;10;28;98;68;76;6115465;6796150;10606966;101341;11728995
FR;2;2022-04-25;99;199;792;1293;700;6115564;6796349;10607758;102634;11729695
FR;2;2022-04-26;103;182;1027;1895;867;6115667;6796531;10608785;104529;11730562
FR;2;2022-04-27;92;173;848;1655;751;6115759;6796704;10609633;106184;11731313
FR;2;2022-04-28;88;206;937;1848;814;6115847;6796910;10610570;108032;11732127
FR;2;2022-04-29;74;275;1113;1685;1024;6115921;6797185;10611683;109717;11733151
FR;2;2022-04-30;63;124;462;534;421;6115984;6797309;10612145;110251;11733572
FR;2;2022-05-01;14;22;79;42;80;6115998;6797331;10612224;110293;11733652
FR;2;2022-05-02;111;204;693;1179;595;6116109;6797535;10612917;111472;11734247
FR;2;2022-05-03;144;220;949;1728;890;6116253;6797755;10613866;113200;11735137
FR;2;2022-05-04;83;211;878;1749;823;6116336;6797966;10614744;114949;11735960
FR;2;2022-05-05;118;188;812;1648;723;6116454;6798154;10615556;116597;11736683
FR;2;2022-05-06;125;229;1071;1822;984;6116579;6798383;10616627;118419;11737667
FR;2;2022-05-07;39;94;460;502;397;6116618;6798477;10617087;118921;11738064
FR;2;2022-05-08;41;45;101;70;89;6116659;6798522;10617188;118991;11738153
FR;2;2022-05-09;96;160;600;897;552;6116755;6798682;10617788;119888;11738705
FR;2;2022-05-10;108;224;833;1713;786;6116863;6798906;10618621;121601;11739491
FR;2;2022-05-11;95;158;751;1735;717;6116958;6799064;10619372;123336;11740208
FR;2;2022-05-12;101;160;785;1946;743;6117059;6799224;10620157;125282;11740951
FR;2;2022-05-13;93;221;910;1839;845;6117152;6799445;10621067;127121;11741796
FR;2;2022-05-14;74;105;420;541;379;6117226;6799550;10621487;127662;11742175
FR;2;2022-05-15;23;34;86;86;97;6117249;6799584;10621573;127748;11742272
FR;2;2022-05-16;99;151;533;898;474;6117348;6799735;10622106;128646;11742746
FR;2;2022-05-17;81;168;598;1467;565;6117429;6799903;10622704;130113;11743311
FR;3;2020-12-27;0;0;0;0;0;0;0;0;0;0
FR;3;2020-12-28;0;0;0;0;0;0;0;0;0;0
FR;3;2020-12-29;0;0;0;0;0;0;0;0;0;0
FR;3;2020-12-30;0;0;0;0;0;0;0;0;0;0
FR;3;2020-12-31;0;0;0;0;0;0;0;0;0;0
FR;3;2021-01-01;0;0;0;0;0;0;0;0;0;0
FR;3;2021-01-02;0;0;0;0;0;0;0;0;0;0
FR;3;2021-01-03;0;0;0;0;0;0;0;0;0;0
FR;3;2021-01-04;0;0;0;0;0;0;0;0;0;0
FR;3;2021-01-05;0;0;0;0;0;0;0;0;0;0
FR;3;2021-01-06;0;0;0;0;0;0;0;0;0;0
FR;3;2021-01-07;0;0;0;0;0;0;0;0;0;0
FR;3;2021-01-08;0;0;0;0;0;0;0;0;0;0
FR;3;2021-01-09;0;0;0;0;0;0;0;0;0;0
FR;3;2021-01-10;0;0;0;0;0;0;0;0;0;0
FR;3;2021-01-11;0;0;0;0;0;0;0;0;0;0
FR;3;2021-01-12;0;0;0;0;0;0;0;0;0;0
FR;3;2021-01-13;0;0;0;0;0;0;0;0;0;0
FR;3;2021-01-14;0;0;0;0;0;0;0;0;0;0
FR;3;2021-01-15;0;0;0;0;0;0;0;0;0;0
FR;3;2021-01-16;0;0;0;0;0;0;0;0;0;0
FR;3;2021-01-17;0;0;0;0;0;0;0;0;0;0
FR;3;2021-01-18;0;0;0;0;0;0;0;0;0;0
FR;3;2021-01-19;0;0;0;0;0;0;0;0;0;0
FR;3;2021-01-20;0;0;0;0;0;0;0;0;0;0
FR;3;2021-01-21;0;0;0;0;0;0;0;0;0;0
FR;3;2021-01-22;0;0;0;0;0;0;0;0;0;0
FR;3;2021-01-23;0;0;0;0;0;0;0;0;0;0
FR;3;2021-01-24;0;0;0;0;0;0;0;0;0;0
FR;3;2021-01-25;0;0;0;0;0;0;0;0;0;0
FR;3;2021-01-26;0;0;0;0;0;0;0;0;0;0
FR;3;2021-01-27;0;0;0;0;0;0;0;0;0;0
FR;3;2021-01-28;0;0;0;0;0;0;0;0;0;0
FR;3;2021-01-29;0;0;0;0;0;0;0;0;0;0
FR;3;2021-01-30;0;0;0;0;0;0;0;0;0;0
FR;3;2021-01-31;0;0;0;0;0;0;0;0;0;0
FR;3;2021-02-01;0;0;0;0;0;0;0;0;0;0
FR;3;2021-02-02;0;0;0;0;0;0;0;0;0;0
FR;3;2021-02-03;0;0;0;0;0;0;0;0;0;0
FR;3;2021-02-04;0;0;0;0;0;0;0;0;0;0
FR;3;2021-02-05;0;0;0;0;0;0;0;0;0;0
FR;3;2021-02-06;1674;0;0;0;0;1674;0;0;0;0
FR;3;2021-02-07;1422;0;0;0;0;3096;0;0;0;0
FR;3;2021-02-08;2782;1;0;0;0;5878;1;0;0;0
FR;3;2021-02-09;6782;0;0;0;0;12660;1;0;0;0
FR;3;2021-02-10;9603;0;0;0;0;22263;1;0;0;0
FR;3;2021-02-11;13610;0;0;0;0;35873;1;0;0;0
FR;3;2021-02-12;13397;0;0;0;0;49270;1;0;0;0
FR;3;2021-02-13;3783;1;0;0;0;53053;2;0;0;0
FR;3;2021-02-14;972;0;0;0;0;54025;2;0;0;0
FR;3;2021-02-15;10486;0;0;0;0;64511;2;0;0;0
FR;3;2021-02-16;12542;1;0;0;0;77053;3;0;0;0
FR;3;2021-02-17;11150;0;0;0;0;88203;3;0;0;0
FR;3;2021-02-18;14934;2;0;0;0;103137;5;0;0;0
FR;3;2021-02-19;14359;1;0;0;0;117496;6;0;0;0
FR;3;2021-02-20;3329;0;0;0;0;120825;6;0;0;0
FR;3;2021-02-21;618;0;0;0;0;121443;6;0;0;0
FR;3;2021-02-22;9162;0;0;0;0;130605;6;0;0;0
FR;3;2021-02-23;11394;1;0;0;0;141999;7;0;0;0
FR;3;2021-02-24;14298;0;0;0;0;156297;7;0;0;0
FR;3;2021-02-25;44928;1;0;0;0;201225;8;0;0;0
FR;3;2021-02-26;61883;3;0;0;0;263108;11;0;0;0
FR;3;2021-02-27;34801;5;0;0;0;297909;16;0;0;0
FR;3;2021-02-28;2463;0;0;0;0;300372;16;0;0;0
FR;3;2021-03-01;20510;10;0;0;0;320882;26;0;0;0
FR;3;2021-03-02;38862;18;0;0;0;359744;44;0;0;0
FR;3;2021-03-03;48730;16;0;0;0;408474;60;0;0;0
FR;3;2021-03-04;82217;20;0;0;0;490691;80;0;0;0
FR;3;2021-03-05;118122;39;0;0;0;608813;119;0;0;0
FR;3;2021-03-06;120709;53;1;0;0;729522;172;1;0;0
FR;3;2021-03-07;55176;27;0;0;0;784698;199;1;0;0
FR;3;2021-03-08;42806;24;0;0;0;827504;223;1;0;0
FR;3;2021-03-09;78966;41;0;0;0;906470;264;1;0;0
FR;3;2021-03-10;80965;46;0;0;0;987435;310;1;0;0
FR;3;2021-03-11;128418;54;0;0;0;1115853;364;1;0;0
FR;3;2021-03-12;182719;89;0;0;0;1298572;453;1;0;0
FR;3;2021-03-13;132144;63;0;0;0;1430716;516;1;0;0
FR;3;2021-03-14;14054;4;0;0;0;1444770;520;1;0;0
FR;3;2021-03-15;52222;45;0;0;0;1496992;565;1;0;0
FR;3;2021-03-16;1209;24;0;0;0;1498201;589;1;0;0
FR;3;2021-03-17;942;29;0;0;0;1499143;618;1;0;0
FR;3;2021-03-18;1564;12;0;0;0;1500707;630;1;0;0
FR;3;2021-03-19;70447;49;0;0;0;1571154;679;1;0;0
FR;3;2021-03-20;65226;44;0;0;0;1636380;723;1;0;0
FR;3;2021-03-21;5755;5;0;0;0;1642135;728;1;0;0
FR;3;2021-03-22;37495;37;0;0;0;1679630;765;1;0;0
FR;3;2021-03-23;84650;61;0;0;0;1764280;826;1;0;0
FR;3;2021-03-24;90934;91;0;0;0;1855214;917;1;0;0
FR;3;2021-03-25;150043;126;0;0;0;2005257;1043;1;0;0
FR;3;2021-03-26;165413;152;0;0;0;2170670;1195;1;0;0
FR;3;2021-03-27;68456;99;0;0;0;2239126;1294;1;0;0
FR;3;2021-03-28;6469;19;0;0;0;2245595;1313;1;0;0
FR;3;2021-03-29;54158;75;0;0;0;2299753;1388;1;0;0
FR;3;2021-03-30;93159;100;0;0;0;2392912;1488;1;0;0
FR;3;2021-03-31;63522;92;0;0;0;2456434;1580;1;0;0
FR;3;2021-04-01;86121;103;0;0;0;2542555;1683;1;0;0
FR;3;2021-04-02;86890;152;0;0;0;2629445;1835;1;0;0
FR;3;2021-04-03;35871;115;0;0;0;2665316;1950;1;0;0
FR;3;2021-04-04;3570;18;0;0;0;2668886;1968;1;0;0
FR;3;2021-04-05;4487;28;0;0;0;2673373;1996;1;0;0
FR;3;2021-04-06;29741;83;0;0;0;2703114;2079;1;0;0
FR;3;2021-04-07;32334;79;0;0;0;2735448;2158;1;0;0
FR;3;2021-04-08;78810;242;0;0;0;2814258;2400;1;0;0
FR;3;2021-04-09;161746;414;0;0;0;2976004;2814;1;0;0
FR;3;2021-04-10;75753;330;0;0;0;3051757;3144;1;0;0
FR;3;2021-04-11;7308;45;0;0;0;3059065;3189;1;0;0
FR;3;2021-04-12;51467;206;0;0;0;3110532;3395;1;0;0
FR;3;2021-04-13;86218;318;0;0;0;3196750;3713;1;0;0
FR;3;2021-04-14;67834;341;0;0;0;3264584;4054;1;0;0
FR;3;2021-04-15;93220;369;0;0;0;3357804;4423;1;0;0
FR;3;2021-04-16;112515;579;0;0;0;3470319;5002;1;0;0
FR;3;2021-04-17;53311;324;1;0;0;3523630;5326;2;0;0
FR;3;2021-04-18;9741;35;0;0;0;3533371;5361;2;0;0
FR;3;2021-04-19;25102;237;0;0;0;3558473;5598;2;0;0
FR;3;2021-04-20;45669;397;0;0;0;3604142;5995;2;0;0
FR;3;2021-04-21;38966;466;0;0;0;3643108;6461;2;0;0
FR;3;2021-04-22;54701;784;0;0;0;3697809;7245;2;0;0
FR;3;2021-04-23;70479;1018;0;0;0;3768288;8263;2;0;0
FR;3;2021-04-24;37240;993;0;0;0;3805528;9256;2;0;0
FR;3;2021-04-25;6204;153;0;0;0;3811732;9409;2;0;0
FR;3;2021-04-26;19781;652;0;0;0;3831513;10061;2;0;0
FR;3;2021-04-27;34469;1259;0;0;0;3865982;11320;2;0;0
FR;3;2021-04-28;28963;1941;0;0;0;3894945;13261;2;0;0
FR;3;2021-04-29;45375;5956;0;0;0;3940320;19217;2;0;0
FR;3;2021-04-30;55451;8931;1;0;0;3995771;28148;3;0;0
FR;3;2021-05-01;9510;1976;0;0;0;4005281;30124;3;0;0
FR;3;2021-05-02;3070;488;0;0;0;4008351;30612;3;0;0
FR;3;2021-05-03;13057;3882;0;0;0;4021408;34494;3;0;0
FR;3;2021-05-04;23109;8412;0;0;0;4044517;42906;3;0;0
FR;3;2021-05-05;18752;10609;0;0;0;4063269;53515;3;0;0
FR;3;2021-05-06;34618;20893;0;0;0;4097887;74408;3;0;0
FR;3;2021-05-07;44201;28432;0;0;0;4142088;102840;3;0;0
FR;3;2021-05-08;6784;8905;0;0;0;4148872;111745;3;0;0
FR;3;2021-05-09;1792;2658;0;0;0;4150664;114403;3;0;0
FR;3;2021-05-10;14989;12596;0;0;0;4165653;126999;3;0;0
FR;3;2021-05-11;27092;25766;0;0;0;4192745;152765;3;0;0
FR;3;2021-05-12;17266;27492;0;0;0;4210011;180257;3;0;0
FR;3;2021-05-13;2277;3471;0;0;0;4212288;183728;3;0;0
FR;3;2021-05-14;14513;25746;0;0;0;4226801;209474;3;0;0
FR;3;2021-05-15;7230;20779;0;0;0;4234031;230253;3;0;0
FR;3;2021-05-16;975;2677;0;0;0;4235006;232930;3;0;0
FR;3;2021-05-17;7960;19931;0;0;0;4242966;252861;3;0;0
FR;3;2021-05-18;13409;29649;0;0;0;4256375;282510;3;0;0
FR;3;2021-05-19;9262;31593;0;0;0;4265637;314103;3;0;0
FR;3;2021-05-20;12801;53213;3;0;0;4278438;367316;6;0;0
FR;3;2021-05-21;12759;65518;2;0;0;4291197;432834;8;0;0
FR;3;2021-05-22;4960;33296;1;0;0;4296157;466130;9;0;0
FR;3;2021-05-23;649;2671;0;0;0;4296806;468801;9;0;0
FR;3;2021-05-24;879;4917;0;0;0;4297685;473718;9;0;0
FR;3;2021-05-25;5296;45227;1;0;0;4302981;518945;10;0;0
FR;3;2021-05-26;4968;51079;1;0;0;4307949;570024;11;0;0
FR;3;2021-05-27;6325;77855;3;0;0;4314274;647879;14;0;0
FR;3;2021-05-28;7539;99080;2;0;0;4321813;746959;16;0;0
FR;3;2021-05-29;3344;60302;1;0;0;4325157;807261;17;0;0
FR;3;2021-05-30;545;8224;0;0;0;4325702;815485;17;0;0
FR;3;2021-05-31;2434;35907;3;0;0;4328136;851392;20;0;0
FR;3;2021-06-01;3399;64753;10;0;0;4331535;916145;30;0;0
FR;3;2021-06-02;2726;58319;6;0;0;4334261;974464;36;0;0
FR;3;2021-06-03;3491;87498;10;0;0;4337752;1061962;46;0;0
FR;3;2021-06-04;4110;105091;22;0;0;4341862;1167053;68;0;0
FR;3;2021-06-05;1978;52229;4;0;0;4343840;1219282;72;0;0
FR;3;2021-06-06;505;5387;1;0;0;4344345;1224669;73;0;0
FR;3;2021-06-07;1468;31098;11;0;0;4345813;1255767;84;0;0
FR;3;2021-06-08;2047;47232;18;0;0;4347860;1302999;102;0;0
FR;3;2021-06-09;1787;42323;13;0;0;4349647;1345322;115;0;0
FR;3;2021-06-10;2242;67897;17;0;0;4351889;1413219;132;0;0
FR;3;2021-06-11;2471;96698;34;0;0;4354360;1509917;166;0;0
FR;3;2021-06-12;1174;40831;6;0;0;4355534;1550748;172;0;0
FR;3;2021-06-13;278;3802;3;0;0;4355812;1554550;175;0;0
FR;3;2021-06-14;1038;42610;17;0;0;4356850;1597160;192;0;0
FR;3;2021-06-15;1363;80621;20;0;0;4358213;1677781;212;0;0
FR;3;2021-06-16;1255;65697;19;0;0;4359468;1743478;231;0;0
FR;3;2021-06-17;1659;101804;41;0;0;4361127;1845282;272;0;0
FR;3;2021-06-18;1868;117915;61;0;0;4362995;1963197;333;0;0
FR;3;2021-06-19;801;39387;22;0;0;4363796;2002584;355;0;0
FR;3;2021-06-20;158;3374;0;0;0;4363954;2005958;355;0;0
FR;3;2021-06-21;768;39241;16;0;0;4364722;2045199;371;0;0
FR;3;2021-06-22;1060;69952;52;0;0;4365782;2115151;423;0;0
FR;3;2021-06-23;942;50824;39;0;0;4366724;2165975;462;0;0
FR;3;2021-06-24;1304;77145;48;0;0;4368028;2243120;510;0;0
FR;3;2021-06-25;1399;89967;73;0;0;4369427;2333087;583;0;0
FR;3;2021-06-26;625;33117;29;0;0;4370052;2366204;612;0;0
FR;3;2021-06-27;165;3994;1;0;0;4370217;2370198;613;0;0
FR;3;2021-06-28;648;30399;27;0;0;4370865;2400597;640;0;0
FR;3;2021-06-29;853;56166;95;0;0;4371718;2456763;735;0;0
FR;3;2021-06-30;900;45077;93;0;0;4372618;2501840;828;0;0
FR;3;2021-07-01;1160;65680;108;0;0;4373778;2567520;936;0;0
FR;3;2021-07-02;1299;90360;170;0;0;4375077;2657880;1106;0;0
FR;3;2021-07-03;600;31183;52;0;0;4375677;2689063;1158;0;0
FR;3;2021-07-04;141;4260;3;0;0;4375818;2693323;1161;0;0
FR;3;2021-07-05;608;33903;60;0;0;4376426;2727226;1221;0;0
FR;3;2021-07-06;956;56052;88;0;0;4377382;2783278;1309;0;0
FR;3;2021-07-07;869;43033;79;0;0;4378251;2826311;1388;0;0
FR;3;2021-07-08;1123;60722;99;0;0;4379374;2887033;1487;0;0
FR;3;2021-07-09;1258;68806;128;0;0;4380632;2955839;1615;0;0
FR;3;2021-07-10;640;25054;59;0;0;4381272;2980893;1674;0;0
FR;3;2021-07-11;127;3289;4;0;0;4381399;2984182;1678;0;0
FR;3;2021-07-12;659;23877;59;0;0;4382058;3008059;1737;0;0
FR;3;2021-07-13;1645;34724;90;0;0;4383703;3042783;1827;0;0
FR;3;2021-07-14;261;2631;2;0;0;4383964;3045414;1829;0;0
FR;3;2021-07-15;1932;30663;85;0;0;4385896;3076077;1914;0;0
FR;3;2021-07-16;2520;38861;122;0;0;4388416;3114938;2036;0;0
FR;3;2021-07-17;1046;13750;26;0;0;4389462;3128688;2062;0;0
FR;3;2021-07-18;262;2607;3;0;0;4389724;3131295;2065;0;0
FR;3;2021-07-19;1273;17198;37;0;0;4390997;3148493;2102;0;0
FR;3;2021-07-20;1823;27135;98;0;0;4392820;3175628;2200;0;0
FR;3;2021-07-21;1647;19706;44;0;0;4394467;3195334;2244;0;0
FR;3;2021-07-22;1848;27746;82;0;0;4396315;3223080;2326;0;0
FR;3;2021-07-23;2212;30446;117;0;0;4398527;3253526;2443;0;0
FR;3;2021-07-24;822;7008;25;0;0;4399349;3260534;2468;0;0
FR;3;2021-07-25;210;1342;1;0;0;4399559;3261876;2469;0;0
FR;3;2021-07-26;921;10706;28;0;0;4400480;3272582;2497;0;0
FR;3;2021-07-27;1165;16946;56;0;0;4401645;3289528;2553;0;0
FR;3;2021-07-28;988;12099;40;0;0;4402633;3301627;2593;0;0
FR;3;2021-07-29;1126;15846;63;0;0;4403759;3317473;2656;0;0
FR;3;2021-07-30;1125;18094;79;0;0;4404884;3335567;2735;0;0
FR;3;2021-07-31;406;3746;15;0;0;4405290;3339313;2750;0;0
FR;3;2021-08-01;113;485;1;0;0;4405403;3339798;2751;0;0
FR;3;2021-08-02;418;5155;22;0;0;4405821;3344953;2773;0;0
FR;3;2021-08-03;488;7589;27;0;0;4406309;3352542;2800;0;0
FR;3;2021-08-04;435;4887;26;0;0;4406744;3357429;2826;0;0
FR;3;2021-08-05;428;3740;12;0;0;4407172;3361169;2838;0;0
FR;3;2021-08-06;452;4795;30;0;0;4407624;3365964;2868;0;0
FR;3;2021-08-07;214;1925;11;0;0;4407838;3367889;2879;0;0
FR;3;2021-08-08;247;432;2;0;0;4408085;3368321;2881;0;0
FR;3;2021-08-09;313;2507;11;0;0;4408398;3370828;2892;0;0
FR;3;2021-08-10;362;3882;15;0;0;4408760;3374710;2907;0;0
FR;3;2021-08-11;285;2721;15;0;0;4409045;3377431;2922;0;0
FR;3;2021-08-12;276;2634;12;0;0;4409321;3380065;2934;0;0
FR;3;2021-08-13;277;2267;16;0;0;4409598;3382332;2950;0;0
FR;3;2021-08-14;169;917;1;0;0;4409767;3383249;2951;0;0
FR;3;2021-08-15;55;169;0;0;0;4409822;3383418;2951;0;0
FR;3;2021-08-16;123;1089;8;0;0;4409945;3384507;2959;0;0
FR;3;2021-08-17;186;1504;8;0;0;4410131;3386011;2967;0;0
FR;3;2021-08-18;199;1371;10;0;0;4410330;3387382;2977;0;0
FR;3;2021-08-19;165;1419;10;0;0;4410495;3388801;2987;0;0
FR;3;2021-08-20;166;1633;16;0;0;4410661;3390434;3003;0;0
FR;3;2021-08-21;93;587;2;0;0;4410754;3391021;3005;0;0
FR;3;2021-08-22;39;188;1;0;0;4410793;3391209;3006;0;0
FR;3;2021-08-23;140;929;7;0;0;4410933;3392138;3013;0;0
FR;3;2021-08-24;123;967;10;0;0;4411056;3393105;3023;0;0
FR;3;2021-08-25;136;842;2;0;0;4411192;3393947;3025;0;0
FR;3;2021-08-26;170;872;9;0;0;4411362;3394819;3034;0;0
FR;3;2021-08-27;172;964;9;0;0;4411534;3395783;3043;0;0
FR;3;2021-08-28;98;373;4;0;0;4411632;3396156;3047;0;0
FR;3;2021-08-29;127;133;1;0;0;4411759;3396289;3048;0;0
FR;3;2021-08-30;97;599;0;0;135;4411856;3396888;3048;0;135
FR;3;2021-08-31;127;715;7;0;154;4411983;3397603;3055;0;289
FR;3;2021-09-01;113;481;5;0;125;4412096;3398084;3060;0;414
FR;3;2021-09-02;99;634;22;0;121;4412195;3398718;3082;0;535
FR;3;2021-09-03;115;587;17;0;128;4412310;3399305;3099;0;663
FR;3;2021-09-04;51;299;3;0;58;4412361;3399604;3102;0;721
FR;3;2021-09-05;51;67;5;0;28;4412412;3399671;3107;0;749
FR;3;2021-09-06;113;395;4;0;144;4412525;3400066;3111;0;893
FR;3;2021-09-07;122;477;14;0;130;4412647;3400543;3125;0;1023
FR;3;2021-09-08;115;371;2;0;103;4412762;3400914;3127;0;1126
FR;3;2021-09-09;92;398;8;0;114;4412854;3401312;3135;0;1240
FR;3;2021-09-10;100;423;3;0;104;4412954;3401735;3138;0;1344
FR;3;2021-09-11;74;239;4;0;66;4413028;3401974;3142;0;1410
FR;3;2021-09-12;36;48;1;0;17;4413064;3402022;3143;0;1427
FR;3;2021-09-13;69;323;7;0;110;4413133;3402345;3150;0;1537
FR;3;2021-09-14;70;293;6;0;107;4413203;3402638;3156;0;1644
FR;3;2021-09-15;59;264;3;0;6;4413262;3402902;3159;0;1650
FR;3;2021-09-16;59;342;5;0;5;4413321;3403244;3164;0;1655
FR;3;2021-09-17;50;348;3;0;7;4413371;3403592;3167;0;1662
FR;3;2021-09-18;36;173;1;0;1;4413407;3403765;3168;0;1663
FR;3;2021-09-19;27;32;2;0;1;4413434;3403797;3170;0;1664
FR;3;2021-09-20;79;212;0;0;1;4413513;3404009;3170;0;1665
FR;3;2021-09-21;58;288;6;0;7;4413571;3404297;3176;0;1672
FR;3;2021-09-22;63;229;6;0;7;4413634;3404526;3182;0;1679
FR;3;2021-09-23;34;274;11;0;7;4413668;3404800;3193;0;1686
FR;3;2021-09-24;24;323;12;0;19;4413692;3405123;3205;0;1705
FR;3;2021-09-25;29;152;3;0;3;4413721;3405275;3208;0;1708
FR;3;2021-09-26;15;55;1;0;1;4413736;3405330;3209;0;1709
FR;3;2021-09-27;39;290;3;0;5;4413775;3405620;3212;0;1714
FR;3;2021-09-28;49;255;6;0;10;4413824;3405875;3218;0;1724
FR;3;2021-09-29;34;223;10;0;13;4413858;3406098;3228;0;1737
FR;3;2021-09-30;38;199;8;0;10;4413896;3406297;3236;0;1747
FR;3;2021-10-01;17;170;6;0;7;4413913;3406467;3242;0;1754
FR;3;2021-10-02;14;91;0;0;0;4413927;3406558;3242;0;1754
FR;3;2021-10-03;18;20;1;0;2;4413945;3406578;3243;0;1756
FR;3;2021-10-04;30;162;4;0;4;4413975;3406740;3247;0;1760
FR;3;2021-10-05;16;154;10;0;13;4413991;3406894;3257;0;1773
FR;3;2021-10-06;31;158;7;0;8;4414022;3407052;3264;0;1781
FR;3;2021-10-07;17;143;6;0;6;4414039;3407195;3270;0;1787
FR;3;2021-10-08;22;144;10;0;9;4414061;3407339;3280;0;1796
FR;3;2021-10-09;12;73;1;0;1;4414073;3407412;3281;0;1797
FR;3;2021-10-10;11;16;2;0;2;4414084;3407428;3283;0;1799
FR;3;2021-10-11;14;124;4;0;5;4414098;3407552;3287;0;1804
FR;3;2021-10-12;17;116;5;0;5;4414115;3407668;3292;0;1809
FR;3;2021-10-13;23;120;7;0;5;4414138;3407788;3299;0;1814
FR;3;2021-10-14;16;161;3;0;4;4414154;3407949;3302;0;1818
FR;3;2021-10-15;21;157;8;0;11;4414175;3408106;3310;0;1829
FR;3;2021-10-16;11;79;6;0;8;4414186;3408185;3316;0;1837
FR;3;2021-10-17;9;24;0;0;0;4414195;3408209;3316;0;1837
FR;3;2021-10-18;17;128;2;0;1;4414212;3408337;3318;0;1838
FR;3;2021-10-19;16;127;19;0;21;4414228;3408464;3337;0;1859
FR;3;2021-10-20;20;132;5;0;6;4414248;3408596;3342;0;1865
FR;3;2021-10-21;24;138;17;0;13;4414272;3408734;3359;0;1878
FR;3;2021-10-22;18;129;16;0;20;4414290;3408863;3375;0;1898
FR;3;2021-10-23;12;58;2;0;1;4414302;3408921;3377;0;1899
FR;3;2021-10-24;7;31;0;0;0;4414309;3408952;3377;0;1899
FR;3;2021-10-25;22;150;7;0;7;4414331;3409102;3384;0;1906
FR;3;2021-10-26;18;115;22;0;19;4414349;3409217;3406;0;1925
FR;3;2021-10-27;15;119;9;0;9;4414364;3409336;3415;0;1934
FR;3;2021-10-28;20;126;33;0;36;4414384;3409462;3448;0;1970
FR;3;2021-10-29;10;124;64;0;54;4414394;3409586;3512;0;2024
FR;3;2021-10-30;8;67;11;1;10;4414402;3409653;3523;1;2034
FR;3;2021-10-31;5;22;1;0;1;4414407;3409675;3524;1;2035
FR;3;2021-11-01;7;22;2;0;1;4414414;3409697;3526;1;2036
FR;3;2021-11-02;9;108;8;0;10;4414423;3409805;3534;1;2046
FR;3;2021-11-03;19;119;10;0;10;4414442;3409924;3544;1;2056
FR;3;2021-11-04;18;100;4;0;3;4414460;3410024;3548;1;2059
FR;3;2021-11-05;17;142;8;1;5;4414477;3410166;3556;2;2064
FR;3;2021-11-06;6;67;3;0;3;4414483;3410233;3559;2;2067
FR;3;2021-11-07;6;21;1;0;1;4414489;3410254;3560;2;2068
FR;3;2021-11-08;11;141;7;0;5;4414500;3410395;3567;2;2073
FR;3;2021-11-09;10;150;5;0;5;4414510;3410545;3572;2;2078
FR;3;2021-11-10;11;183;13;0;15;4414521;3410728;3585;2;2093
FR;3;2021-11-11;8;53;3;0;3;4414529;3410781;3588;2;2096
FR;3;2021-11-12;10;158;6;0;4;4414539;3410939;3594;2;2100
FR;3;2021-11-13;5;79;8;0;10;4414544;3411018;3602;2;2110
FR;3;2021-11-14;2;20;0;0;0;4414546;3411038;3602;2;2110
FR;3;2021-11-15;4;191;9;0;9;4414550;3411229;3611;2;2119
FR;3;2021-11-16;2;167;11;0;10;4414552;3411396;3622;2;2129
FR;3;2021-11-17;5;181;10;0;7;4414557;3411577;3632;2;2136
FR;3;2021-11-18;11;181;10;0;11;4414568;3411758;3642;2;2147
FR;3;2021-11-19;6;230;22;0;27;4414574;3411988;3664;2;2174
FR;3;2021-11-20;6;117;5;0;5;4414580;3412105;3669;2;2179
FR;3;2021-11-21;3;26;3;0;3;4414583;3412131;3672;2;2182
FR;3;2021-11-22;10;238;10;0;10;4414593;3412369;3682;2;2192
FR;3;2021-11-23;6;234;15;0;14;4414599;3412603;3697;2;2206
FR;3;2021-11-24;5;242;9;0;17;4414604;3412845;3706;2;2223
FR;3;2021-11-25;9;285;11;0;10;4414613;3413130;3717;2;2233
FR;3;2021-11-26;5;369;34;0;31;4414618;3413499;3751;2;2264
FR;3;2021-11-27;8;175;19;0;20;4414626;3413674;3770;2;2284
FR;3;2021-11-28;3;65;7;0;7;4414629;3413739;3777;2;2291
FR;3;2021-11-29;4;327;19;0;20;4414633;3414066;3796;2;2311
FR;3;2021-11-30;5;417;26;0;29;4414638;3414483;3822;2;2340
FR;3;2021-12-01;18;466;32;0;33;4414656;3414949;3854;2;2373
FR;3;2021-12-02;9;497;33;0;36;4414665;3415446;3887;2;2409
FR;3;2021-12-03;3;566;37;0;38;4414668;3416012;3924;2;2447
FR;3;2021-12-04;3;282;26;0;28;4414671;3416294;3950;2;2475
FR;3;2021-12-05;1;82;5;0;5;4414672;3416376;3955;2;2480
FR;3;2021-12-06;5;510;14;0;16;4414677;3416886;3969;2;2496
FR;3;2021-12-07;4;610;20;0;24;4414681;3417496;3989;2;2520
FR;3;2021-12-08;3;537;29;0;30;4414684;3418033;4018;2;2550
FR;3;2021-12-09;3;589;17;0;22;4414687;3418622;4035;2;2572
FR;3;2021-12-10;9;627;29;0;25;4414696;3419249;4064;2;2597
FR;3;2021-12-11;4;387;10;0;9;4414700;3419636;4074;2;2606
FR;3;2021-12-12;1;121;3;0;3;4414701;3419757;4077;2;2609
FR;3;2021-12-13;2;599;19;0;21;4414703;3420356;4096;2;2630
FR;3;2021-12-14;7;757;18;0;21;4414710;3421113;4114;2;2651
FR;3;2021-12-15;9;722;17;0;21;4414719;3421835;4131;2;2672
FR;3;2021-12-16;9;730;19;0;18;4414728;3422565;4150;2;2690
FR;3;2021-12-17;4;795;18;0;19;4414732;3423360;4168;2;2709
FR;3;2021-12-18;4;413;4;0;5;4414736;3423773;4172;2;2714
FR;3;2021-12-19;3;207;2;0;2;4414739;3423980;4174;2;2716
FR;3;2021-12-20;8;719;23;0;28;4414747;3424699;4197;2;2744
FR;3;2021-12-21;3;808;10;0;13;4414750;3425507;4207;2;2757
FR;3;2021-12-22;6;756;9;0;10;4414756;3426263;4216;2;2767
FR;3;2021-12-23;1;650;9;0;8;4414757;3426913;4225;2;2775
FR;3;2021-12-24;2;272;3;0;6;4414759;3427185;4228;2;2781
FR;3;2021-12-25;0;25;0;0;0;4414759;3427210;4228;2;2781
FR;3;2021-12-26;0;95;1;0;1;4414759;3427305;4229;2;2782
FR;3;2021-12-27;7;542;17;0;19;4414766;3427847;4246;2;2801
FR;3;2021-12-28;1;690;6;0;5;4414767;3428537;4252;2;2806
FR;3;2021-12-29;4;574;14;0;16;4414771;3429111;4266;2;2822
FR;3;2021-12-30;1;600;7;0;10;4414772;3429711;4273;2;2832
FR;3;2021-12-31;0;205;5;0;6;4414772;3429916;4278;2;2838
FR;3;2022-01-01;0;27;0;0;2;4414772;3429943;4278;2;2840
FR;3;2022-01-02;0;82;0;0;0;4414772;3430025;4278;2;2840
FR;3;2022-01-03;3;564;17;0;20;4414775;3430589;4295;2;2860
FR;3;2022-01-04;6;623;9;0;8;4414781;3431212;4304;2;2868
FR;3;2022-01-05;4;553;10;0;14;4414785;3431765;4314;2;2882
FR;3;2022-01-06;5;548;9;0;12;4414790;3432313;4323;2;2894
FR;3;2022-01-07;2;576;11;0;14;4414792;3432889;4334;2;2908
FR;3;2022-01-08;2;285;4;0;5;4414794;3433174;4338;2;2913
FR;3;2022-01-09;0;118;0;0;0;4414794;3433292;4338;2;2913
FR;3;2022-01-10;2;479;12;0;12;4414796;3433771;4350;2;2925
FR;3;2022-01-11;2;531;1;0;1;4414798;3434302;4351;2;2926
FR;3;2022-01-12;2;445;9;0;10;4414800;3434747;4360;2;2936
FR;3;2022-01-13;3;424;11;0;12;4414803;3435171;4371;2;2948
FR;3;2022-01-14;3;475;10;0;13;4414806;3435646;4381;2;2961
FR;3;2022-01-15;0;298;2;0;3;4414806;3435944;4383;2;2964
FR;3;2022-01-16;0;116;1;0;1;4414806;3436060;4384;2;2965
FR;3;2022-01-17;2;349;8;0;10;4414808;3436409;4392;2;2975
FR;3;2022-01-18;2;413;1;0;2;4414810;3436822;4393;2;2977
FR;3;2022-01-19;1;349;5;0;10;4414811;3437171;4398;2;2987
FR;3;2022-01-20;1;379;5;0;3;4414812;3437550;4403;2;2990
FR;3;2022-01-21;3;373;5;0;7;4414815;3437923;4408;2;2997
FR;3;2022-01-22;2;232;1;0;2;4414817;3438155;4409;2;2999
FR;3;2022-01-23;0;82;0;0;1;4414817;3438237;4409;2;3000
FR;3;2022-01-24;2;349;1;0;6;4414819;3438586;4410;2;3006
FR;3;2022-01-25;0;192;0;0;0;4414819;3438778;4410;2;3006
FR;3;2022-01-26;0;89;0;0;0;4414819;3438867;4410;2;3006
FR;3;2022-01-27;0;59;0;0;0;4414819;3438926;4410;2;3006
FR;3;2022-01-28;0;133;0;0;0;4414819;3439059;4410;2;3006
FR;3;2022-01-29;0;110;0;0;0;4414819;3439169;4410;2;3006
FR;3;2022-01-30;0;51;0;0;0;4414819;3439220;4410;2;3006
FR;3;2022-01-31;0;97;0;0;0;4414819;3439317;4410;2;3006
FR;3;2022-02-01;0;108;0;0;1;4414819;3439425;4410;2;3007
FR;3;2022-02-02;0;95;0;0;0;4414819;3439520;4410;2;3007
FR;3;2022-02-03;0;101;0;0;0;4414819;3439621;4410;2;3007
FR;3;2022-02-04;0;124;0;0;0;4414819;3439745;4410;2;3007
FR;3;2022-02-05;0;73;0;0;0;4414819;3439818;4410;2;3007
FR;3;2022-02-06;0;11;0;0;0;4414819;3439829;4410;2;3007
FR;3;2022-02-07;0;89;0;0;1;4414819;3439918;4410;2;3008
FR;3;2022-02-08;0;0;0;0;0;4414819;3439918;4410;2;3008
FR;3;2022-02-09;0;0;0;0;0;4414819;3439918;4410;2;3008
FR;3;2022-02-10;0;0;0;0;0;4414819;3439918;4410;2;3008
FR;3;2022-02-11;0;0;0;0;0;4414819;3439918;4410;2;3008
FR;3;2022-02-12;0;0;0;0;0;4414819;3439918;4410;2;3008
FR;3;2022-02-13;0;0;0;0;0;4414819;3439918;4410;2;3008
FR;3;2022-02-14;0;0;0;0;0;4414819;3439918;4410;2;3008
FR;3;2022-02-15;0;0;0;0;0;4414819;3439918;4410;2;3008
FR;3;2022-02-16;0;0;0;0;0;4414819;3439918;4410;2;3008
FR;3;2022-02-17;0;0;0;0;0;4414819;3439918;4410;2;3008
FR;3;2022-02-18;0;0;0;0;0;4414819;3439918;4410;2;3008
FR;3;2022-02-19;0;0;0;0;0;4414819;3439918;4410;2;3008
FR;3;2022-02-20;0;0;0;0;0;4414819;3439918;4410;2;3008
FR;3;2022-02-21;2;0;0;0;0;4414821;3439918;4410;2;3008
FR;3;2022-02-22;0;0;0;0;0;4414821;3439918;4410;2;3008
FR;3;2022-02-23;0;0;0;0;0;4414821;3439918;4410;2;3008
FR;3;2022-02-24;0;0;0;0;0;4414821;3439918;4410;2;3008
FR;3;2022-02-25;0;0;0;0;0;4414821;3439918;4410;2;3008
FR;3;2022-02-26;0;0;0;0;0;4414821;3439918;4410;2;3008
FR;3;2022-02-27;0;0;0;0;0;4414821;3439918;4410;2;3008
FR;3;2022-02-28;1;0;0;0;0;4414822;3439918;4410;2;3008
FR;3;2022-03-01;1;0;0;0;0;4414823;3439918;4410;2;3008
FR;3;2022-03-02;0;0;0;0;0;4414823;3439918;4410;2;3008
FR;3;2022-03-03;0;0;0;0;0;4414823;3439918;4410;2;3008
FR;3;2022-03-04;0;0;0;0;0;4414823;3439918;4410;2;3008
FR;3;2022-03-05;0;0;0;0;0;4414823;3439918;4410;2;3008
FR;3;2022-03-06;1;0;0;0;0;4414824;3439918;4410;2;3008
FR;3;2022-03-07;0;0;0;0;0;4414824;3439918;4410;2;3008
FR;3;2022-03-08;1;0;0;0;0;4414825;3439918;4410;2;3008
FR;3;2022-03-09;0;0;0;0;0;4414825;3439918;4410;2;3008
FR;3;2022-03-10;0;0;0;0;0;4414825;3439918;4410;2;3008
FR;3;2022-03-11;0;0;0;0;0;4414825;3439918;4410;2;3008
FR;3;2022-03-12;0;0;0;0;0;4414825;3439918;4410;2;3008
FR;3;2022-03-13;0;0;0;0;0;4414825;3439918;4410;2;3008
FR;3;2022-03-14;0;0;0;0;0;4414825;3439918;4410;2;3008
FR;3;2022-03-15;0;0;0;0;0;4414825;3439918;4410;2;3008
FR;3;2022-03-16;0;0;0;0;0;4414825;3439918;4410;2;3008
FR;3;2022-03-17;0;0;0;0;0;4414825;3439918;4410;2;3008
FR;3;2022-03-18;0;0;0;0;0;4414825;3439918;4410;2;3008
FR;3;2022-03-19;0;0;0;0;0;4414825;3439918;4410;2;3008
FR;3;2022-03-20;1;0;0;0;0;4414826;3439918;4410;2;3008
FR;3;2022-03-21;0;0;0;0;0;4414826;3439918;4410;2;3008
FR;3;2022-03-22;0;0;0;0;0;4414826;3439918;4410;2;3008
FR;3;2022-03-23;1;0;0;0;0;4414827;3439918;4410;2;3008
FR;3;2022-03-24;0;0;0;0;0;4414827;3439918;4410;2;3008
FR;3;2022-03-25;1;0;0;0;0;4414828;3439918;4410;2;3008
FR;3;2022-03-26;0;0;0;0;0;4414828;3439918;4410;2;3008
FR;3;2022-03-27;0;0;0;0;0;4414828;3439918;4410;2;3008
FR;3;2022-03-28;0;0;0;0;0;4414828;3439918;4410;2;3008
FR;3;2022-03-29;0;0;0;0;0;4414828;3439918;4410;2;3008
FR;3;2022-03-30;0;0;0;0;0;4414828;3439918;4410;2;3008
FR;3;2022-03-31;0;0;0;0;0;4414828;3439918;4410;2;3008
FR;3;2022-04-01;0;0;0;0;0;4414828;3439918;4410;2;3008
FR;3;2022-04-02;0;0;0;0;0;4414828;3439918;4410;2;3008
FR;3;2022-04-03;0;0;0;0;0;4414828;3439918;4410;2;3008
FR;3;2022-04-04;0;0;0;0;0;4414828;3439918;4410;2;3008
FR;3;2022-04-05;0;0;0;0;0;4414828;3439918;4410;2;3008
FR;3;2022-04-06;0;0;0;0;0;4414828;3439918;4410;2;3008
FR;3;2022-04-07;0;0;0;0;0;4414828;3439918;4410;2;3008
FR;3;2022-04-08;0;0;0;0;0;4414828;3439918;4410;2;3008
FR;3;2022-04-09;0;0;0;0;0;4414828;3439918;4410;2;3008
FR;3;2022-04-10;0;0;0;0;0;4414828;3439918;4410;2;3008
FR;3;2022-04-11;0;0;0;0;0;4414828;3439918;4410;2;3008
FR;3;2022-04-12;0;0;0;0;0;4414828;3439918;4410;2;3008
FR;3;2022-04-13;0;0;0;0;0;4414828;3439918;4410;2;3008
FR;3;2022-04-14;0;0;0;0;0;4414828;3439918;4410;2;3008
FR;3;2022-04-15;1;0;0;0;0;4414829;3439918;4410;2;3008
FR;3;2022-04-16;0;0;0;0;0;4414829;3439918;4410;2;3008
FR;3;2022-04-17;0;0;0;0;0;4414829;3439918;4410;2;3008
FR;3;2022-04-18;0;0;0;0;0;4414829;3439918;4410;2;3008
FR;3;2022-04-19;0;0;0;0;0;4414829;3439918;4410;2;3008
FR;3;2022-04-20;0;0;0;0;0;4414829;3439918;4410;2;3008
FR;3;2022-04-21;0;0;0;0;0;4414829;3439918;4410;2;3008
FR;3;2022-04-22;0;0;0;0;0;4414829;3439918;4410;2;3008
FR;3;2022-04-23;0;0;0;0;0;4414829;3439918;4410;2;3008
FR;3;2022-04-24;0;0;0;0;0;4414829;3439918;4410;2;3008
FR;3;2022-04-25;0;0;0;0;0;4414829;3439918;4410;2;3008
FR;3;2022-04-26;0;0;0;0;0;4414829;3439918;4410;2;3008
FR;3;2022-04-27;0;0;0;0;0;4414829;3439918;4410;2;3008
FR;3;2022-04-28;0;0;0;0;0;4414829;3439918;4410;2;3008
FR;3;2022-04-29;0;0;0;0;0;4414829;3439918;4410;2;3008
FR;3;2022-04-30;0;0;0;0;0;4414829;3439918;4410;2;3008
FR;3;2022-05-01;0;0;0;0;0;4414829;3439918;4410;2;3008
FR;3;2022-05-02;0;0;0;0;0;4414829;3439918;4410;2;3008
FR;3;2022-05-03;0;0;0;0;0;4414829;3439918;4410;2;3008
FR;3;2022-05-04;0;0;0;0;0;4414829;3439918;4410;2;3008
FR;3;2022-05-05;0;0;0;0;0;4414829;3439918;4410;2;3008
FR;3;2022-05-06;0;0;0;0;0;4414829;3439918;4410;2;3008
FR;3;2022-05-07;0;0;0;0;0;4414829;3439918;4410;2;3008
FR;3;2022-05-08;0;0;0;0;0;4414829;3439918;4410;2;3008
FR;3;2022-05-09;0;0;0;0;0;4414829;3439918;4410;2;3008
FR;3;2022-05-10;0;0;0;0;0;4414829;3439918;4410;2;3008
FR;3;2022-05-11;0;0;0;0;0;4414829;3439918;4410;2;3008
FR;3;2022-05-12;0;0;0;0;0;4414829;3439918;4410;2;3008
FR;3;2022-05-13;0;0;0;0;0;4414829;3439918;4410;2;3008
FR;3;2022-05-14;1;0;0;0;0;4414830;3439918;4410;2;3008
FR;3;2022-05-15;0;0;0;0;0;4414830;3439918;4410;2;3008
FR;3;2022-05-16;0;0;0;0;0;4414830;3439918;4410;2;3008
FR;3;2022-05-17;0;0;0;0;0;4414830;3439918;4410;2;3008
FR;4;2020-12-27;0;0;0;0;0;0;0;0;0;0
FR;4;2020-12-28;0;0;0;0;0;0;0;0;0;0
FR;4;2020-12-29;0;0;0;0;0;0;0;0;0;0
FR;4;2020-12-30;0;0;0;0;0;0;0;0;0;0
FR;4;2020-12-31;0;0;0;0;0;0;0;0;0;0
FR;4;2021-01-01;0;0;0;0;0;0;0;0;0;0
FR;4;2021-01-02;0;0;0;0;0;0;0;0;0;0
FR;4;2021-01-03;0;0;0;0;0;0;0;0;0;0
FR;4;2021-01-04;0;0;0;0;0;0;0;0;0;0
FR;4;2021-01-05;0;0;0;0;0;0;0;0;0;0
FR;4;2021-01-06;0;0;0;0;0;0;0;0;0;0
FR;4;2021-01-07;0;0;0;0;0;0;0;0;0;0
FR;4;2021-01-08;0;0;0;0;0;0;0;0;0;0
FR;4;2021-01-09;0;0;0;0;0;0;0;0;0;0
FR;4;2021-01-10;0;0;0;0;0;0;0;0;0;0
FR;4;2021-01-11;0;0;0;0;0;0;0;0;0;0
FR;4;2021-01-12;0;0;0;0;0;0;0;0;0;0
FR;4;2021-01-13;0;0;0;0;0;0;0;0;0;0
FR;4;2021-01-14;0;0;0;0;0;0;0;0;0;0
FR;4;2021-01-15;0;0;0;0;0;0;0;0;0;0
FR;4;2021-01-16;0;0;0;0;0;0;0;0;0;0
FR;4;2021-01-17;0;0;0;0;0;0;0;0;0;0
FR;4;2021-01-18;0;0;0;0;0;0;0;0;0;0
FR;4;2021-01-19;0;0;0;0;0;0;0;0;0;0
FR;4;2021-01-20;0;0;0;0;0;0;0;0;0;0
FR;4;2021-01-21;0;0;0;0;0;0;0;0;0;0
FR;4;2021-01-22;0;0;0;0;0;0;0;0;0;0
FR;4;2021-01-23;0;0;0;0;0;0;0;0;0;0
FR;4;2021-01-24;0;0;0;0;0;0;0;0;0;0
FR;4;2021-01-25;0;0;0;0;0;0;0;0;0;0
FR;4;2021-01-26;0;0;0;0;0;0;0;0;0;0
FR;4;2021-01-27;0;0;0;0;0;0;0;0;0;0
FR;4;2021-01-28;0;0;0;0;0;0;0;0;0;0
FR;4;2021-01-29;0;0;0;0;0;0;0;0;0;0
FR;4;2021-01-30;0;0;0;0;0;0;0;0;0;0
FR;4;2021-01-31;0;0;0;0;0;0;0;0;0;0
FR;4;2021-02-01;0;0;0;0;0;0;0;0;0;0
FR;4;2021-02-02;0;0;0;0;0;0;0;0;0;0
FR;4;2021-02-03;0;0;0;0;0;0;0;0;0;0
FR;4;2021-02-04;0;0;0;0;0;0;0;0;0;0
FR;4;2021-02-05;0;0;0;0;0;0;0;0;0;0
FR;4;2021-02-06;0;0;0;0;0;0;0;0;0;0
FR;4;2021-02-07;0;0;0;0;0;0;0;0;0;0
FR;4;2021-02-08;0;0;0;0;0;0;0;0;0;0
FR;4;2021-02-09;0;0;0;0;0;0;0;0;0;0
FR;4;2021-02-10;0;0;0;0;0;0;0;0;0;0
FR;4;2021-02-11;0;0;0;0;0;0;0;0;0;0
FR;4;2021-02-12;0;0;0;0;0;0;0;0;0;0
FR;4;2021-02-13;0;0;0;0;0;0;0;0;0;0
FR;4;2021-02-14;0;0;0;0;0;0;0;0;0;0
FR;4;2021-02-15;0;0;0;0;0;0;0;0;0;0
FR;4;2021-02-16;0;0;0;0;0;0;0;0;0;0
FR;4;2021-02-17;0;0;0;0;0;0;0;0;0;0
FR;4;2021-02-18;0;0;0;0;0;0;0;0;0;0
FR;4;2021-02-19;0;0;0;0;0;0;0;0;0;0
FR;4;2021-02-20;0;0;0;0;0;0;0;0;0;0
FR;4;2021-02-21;0;0;0;0;0;0;0;0;0;0
FR;4;2021-02-22;0;0;0;0;0;0;0;0;0;0
FR;4;2021-02-23;0;0;0;0;0;0;0;0;0;0
FR;4;2021-02-24;0;0;0;0;0;0;0;0;0;0
FR;4;2021-02-25;0;0;0;0;0;0;0;0;0;0
FR;4;2021-02-26;0;0;0;0;0;0;0;0;0;0
FR;4;2021-02-27;0;0;0;0;0;0;0;0;0;0
FR;4;2021-02-28;0;0;0;0;0;0;0;0;0;0
FR;4;2021-03-01;0;0;0;0;0;0;0;0;0;0
FR;4;2021-03-02;0;0;0;0;0;0;0;0;0;0
FR;4;2021-03-03;0;0;0;0;0;0;0;0;0;0
FR;4;2021-03-04;0;0;0;0;0;0;0;0;0;0
FR;4;2021-03-05;0;0;0;0;0;0;0;0;0;0
FR;4;2021-03-06;0;0;0;0;0;0;0;0;0;0
FR;4;2021-03-07;0;0;0;0;0;0;0;0;0;0
FR;4;2021-03-08;0;0;0;0;0;0;0;0;0;0
FR;4;2021-03-09;0;0;0;0;0;0;0;0;0;0
FR;4;2021-03-10;0;0;0;0;0;0;0;0;0;0
FR;4;2021-03-11;0;0;0;0;0;0;0;0;0;0
FR;4;2021-03-12;0;0;0;0;0;0;0;0;0;0
FR;4;2021-03-13;0;0;0;0;0;0;0;0;0;0
FR;4;2021-03-14;0;0;0;0;0;0;0;0;0;0
FR;4;2021-03-15;0;0;0;0;0;0;0;0;0;0
FR;4;2021-03-16;0;0;0;0;0;0;0;0;0;0
FR;4;2021-03-17;0;0;0;0;0;0;0;0;0;0
FR;4;2021-03-18;0;0;0;0;0;0;0;0;0;0
FR;4;2021-03-19;0;0;0;0;0;0;0;0;0;0
FR;4;2021-03-20;0;0;0;0;0;0;0;0;0;0
FR;4;2021-03-21;0;0;0;0;0;0;0;0;0;0
FR;4;2021-03-22;0;0;0;0;0;0;0;0;0;0
FR;4;2021-03-23;0;0;0;0;0;0;0;0;0;0
FR;4;2021-03-24;0;0;0;0;0;0;0;0;0;0
FR;4;2021-03-25;0;0;0;0;0;0;0;0;0;0
FR;4;2021-03-26;0;0;0;0;0;0;0;0;0;0
FR;4;2021-03-27;0;0;0;0;0;0;0;0;0;0
FR;4;2021-03-28;0;0;0;0;0;0;0;0;0;0
FR;4;2021-03-29;0;0;0;0;0;0;0;0;0;0
FR;4;2021-03-30;0;0;0;0;0;0;0;0;0;0
FR;4;2021-03-31;0;0;0;0;0;0;0;0;0;0
FR;4;2021-04-01;0;0;0;0;0;0;0;0;0;0
FR;4;2021-04-02;0;0;0;0;0;0;0;0;0;0
FR;4;2021-04-03;0;0;0;0;0;0;0;0;0;0
FR;4;2021-04-04;0;0;0;0;0;0;0;0;0;0
FR;4;2021-04-05;0;0;0;0;0;0;0;0;0;0
FR;4;2021-04-06;0;0;0;0;0;0;0;0;0;0
FR;4;2021-04-07;0;0;0;0;0;0;0;0;0;0
FR;4;2021-04-08;0;0;0;0;0;0;0;0;0;0
FR;4;2021-04-09;0;0;0;0;0;0;0;0;0;0
FR;4;2021-04-10;0;0;0;0;0;0;0;0;0;0
FR;4;2021-04-11;0;0;0;0;0;0;0;0;0;0
FR;4;2021-04-12;0;0;0;0;0;0;0;0;0;0
FR;4;2021-04-13;0;0;0;0;0;0;0;0;0;0
FR;4;2021-04-14;0;0;0;0;0;0;0;0;0;0
FR;4;2021-04-15;0;0;0;0;0;0;0;0;0;0
FR;4;2021-04-16;0;0;0;0;0;0;0;0;0;0
FR;4;2021-04-17;0;0;0;0;0;0;0;0;0;0
FR;4;2021-04-18;0;0;0;0;0;0;0;0;0;0
FR;4;2021-04-19;0;0;0;0;0;0;0;0;0;0
FR;4;2021-04-20;0;0;0;0;0;0;0;0;0;0
FR;4;2021-04-21;0;0;0;0;0;0;0;0;0;0
FR;4;2021-04-22;0;0;0;0;0;0;0;0;0;0
FR;4;2021-04-23;4022;0;0;0;0;4022;0;0;0;0
FR;4;2021-04-24;1569;0;0;0;0;5591;0;0;0;0
FR;4;2021-04-25;125;0;0;0;0;5716;0;0;0;0
FR;4;2021-04-26;2869;1;0;0;0;8585;1;0;0;0
FR;4;2021-04-27;9519;3;0;0;0;18104;4;0;0;0
FR;4;2021-04-28;9904;6;0;0;0;28008;10;0;0;0
FR;4;2021-04-29;15991;8;0;0;0;43999;18;0;0;0
FR;4;2021-04-30;19228;10;0;0;0;63227;28;0;0;0
FR;4;2021-05-01;1992;6;0;0;0;65219;34;0;0;0
FR;4;2021-05-02;482;0;0;0;0;65701;34;0;0;0
FR;4;2021-05-03;5057;2;0;0;0;70758;36;0;0;0
FR;4;2021-05-04;8397;10;0;0;0;79155;46;0;0;0
FR;4;2021-05-05;6182;7;0;0;0;85337;53;0;0;0
FR;4;2021-05-06;11378;11;0;0;0;96715;64;0;0;0
FR;4;2021-05-07;19119;9;0;0;0;115834;73;0;0;0
FR;4;2021-05-08;2377;6;0;0;0;118211;79;0;0;0
FR;4;2021-05-09;685;3;0;0;0;118896;82;0;0;0
FR;4;2021-05-10;7239;5;1;0;0;126135;87;1;0;0
FR;4;2021-05-11;14313;12;0;0;0;140448;99;1;0;0
FR;4;2021-05-12;10161;15;0;0;0;150609;114;1;0;0
FR;4;2021-05-13;1579;3;0;0;0;152188;117;1;0;0
FR;4;2021-05-14;7758;6;0;0;0;159946;123;1;0;0
FR;4;2021-05-15;3717;8;1;0;0;163663;131;2;0;0
FR;4;2021-05-16;417;1;0;0;0;164080;132;2;0;0
FR;4;2021-05-17;4475;6;0;0;0;168555;138;2;0;0
FR;4;2021-05-18;8750;10;0;0;0;177305;148;2;0;0
FR;4;2021-05-19;5690;7;0;0;0;182995;155;2;0;0
FR;4;2021-05-20;9478;7;0;0;0;192473;162;2;0;0
FR;4;2021-05-21;12790;30;0;0;0;205263;192;2;0;0
FR;4;2021-05-22;5057;15;0;0;0;210320;207;2;0;0
FR;4;2021-05-23;494;4;0;0;0;210814;211;2;0;0
FR;4;2021-05-24;1054;7;0;0;0;211868;218;2;0;0
FR;4;2021-05-25;7618;16;0;0;0;219486;234;2;0;0
FR;4;2021-05-26;7722;16;0;0;0;227208;250;2;0;0
FR;4;2021-05-27;14330;35;0;0;0;241538;285;2;0;0
FR;4;2021-05-28;26582;82;1;0;0;268120;367;3;0;0
FR;4;2021-05-29;11380;18;0;0;0;279500;385;3;0;0
FR;4;2021-05-30;971;6;0;0;0;280471;391;3;0;0
FR;4;2021-05-31;12685;21;0;0;0;293156;412;3;0;0
FR;4;2021-06-01;20248;46;1;0;0;313404;458;4;0;0
FR;4;2021-06-02;14516;33;0;0;0;327920;491;4;0;0
FR;4;2021-06-03;19408;24;1;0;0;347328;515;5;0;0
FR;4;2021-06-04;22507;47;0;0;0;369835;562;5;0;0
FR;4;2021-06-05;9712;32;0;0;0;379547;594;5;0;0
FR;4;2021-06-06;1039;1;0;0;0;380586;595;5;0;0
FR;4;2021-06-07;9225;19;0;0;0;389811;614;5;0;0
FR;4;2021-06-08;14606;31;0;0;0;404417;645;5;0;0
FR;4;2021-06-09;12202;25;0;0;0;416619;670;5;0;0
FR;4;2021-06-10;15397;30;0;0;0;432016;700;5;0;0
FR;4;2021-06-11;16978;56;0;0;0;448994;756;5;0;0
FR;4;2021-06-12;7444;27;0;0;0;456438;783;5;0;0
FR;4;2021-06-13;906;2;0;0;0;457344;785;5;0;0
FR;4;2021-06-14;6646;25;0;0;0;463990;810;5;0;0
FR;4;2021-06-15;10882;37;0;0;0;474872;847;5;0;0
FR;4;2021-06-16;8905;15;0;0;0;483777;862;5;0;0
FR;4;2021-06-17;10896;36;0;0;0;494673;898;5;0;0
FR;4;2021-06-18;12418;45;0;0;0;507091;943;5;0;0
FR;4;2021-06-19;5567;25;0;0;0;512658;968;5;0;0
FR;4;2021-06-20;817;5;0;0;0;513475;973;5;0;0
FR;4;2021-06-21;5080;20;0;0;0;518555;993;5;0;0
FR;4;2021-06-22;7906;28;2;0;0;526461;1021;7;0;0
FR;4;2021-06-23;7091;39;2;0;0;533552;1060;9;0;0
FR;4;2021-06-24;8645;45;1;0;0;542197;1105;10;0;0
FR;4;2021-06-25;10172;39;2;0;0;552369;1144;12;0;0
FR;4;2021-06-26;4841;21;0;0;0;557210;1165;12;0;0
FR;4;2021-06-27;760;3;0;0;0;557970;1168;12;0;0
FR;4;2021-06-28;4820;16;1;0;0;562790;1184;13;0;0
FR;4;2021-06-29;7096;27;2;0;0;569886;1211;15;0;0
FR;4;2021-06-30;6705;39;2;0;0;576591;1250;17;0;0
FR;4;2021-07-01;8190;40;0;0;0;584781;1290;17;0;0
FR;4;2021-07-02;9411;52;1;0;0;594192;1342;18;0;0
FR;4;2021-07-03;4843;19;0;0;0;599035;1361;18;0;0
FR;4;2021-07-04;686;5;0;0;0;599721;1366;18;0;0
FR;4;2021-07-05;4765;19;2;0;0;604486;1385;20;0;0
FR;4;2021-07-06;7717;28;4;0;0;612203;1413;24;0;0
FR;4;2021-07-07;7067;34;2;0;0;619270;1447;26;0;0
FR;4;2021-07-08;9218;40;2;0;0;628488;1487;28;0;0
FR;4;2021-07-09;10275;34;1;0;0;638763;1521;29;0;0
FR;4;2021-07-10;4634;14;2;0;0;643397;1535;31;0;0
FR;4;2021-07-11;582;4;1;0;0;643979;1539;32;0;0
FR;4;2021-07-12;5867;29;0;0;0;649846;1568;32;0;0
FR;4;2021-07-13;14229;29;0;0;0;664075;1597;32;0;0
FR;4;2021-07-14;2281;14;0;0;0;666356;1611;32;0;0
FR;4;2021-07-15;18231;36;0;0;0;684587;1647;32;0;0
FR;4;2021-07-16;22815;70;2;0;0;707402;1717;34;0;0
FR;4;2021-07-17;9735;20;0;0;0;717137;1737;34;0;0
FR;4;2021-07-18;1354;4;0;0;0;718491;1741;34;0;0
FR;4;2021-07-19;12978;28;1;0;0;731469;1769;35;0;0
FR;4;2021-07-20;17330;26;1;0;0;748799;1795;36;0;0
FR;4;2021-07-21;15604;33;0;0;0;764403;1828;36;0;0
FR;4;2021-07-22;18236;44;2;0;0;782639;1872;38;0;0
FR;4;2021-07-23;20404;58;7;0;0;803043;1930;45;0;0
FR;4;2021-07-24;9282;32;0;0;0;812325;1962;45;0;0
FR;4;2021-07-25;1350;8;0;0;0;813675;1970;45;0;0
FR;4;2021-07-26;11030;20;0;0;0;824705;1990;45;0;0
FR;4;2021-07-27;14661;35;3;0;0;839366;2025;48;0;0
FR;4;2021-07-28;12921;26;2;0;0;852287;2051;50;0;0
FR;4;2021-07-29;14079;54;4;0;0;866366;2105;54;0;0
FR;4;2021-07-30;15478;45;2;0;0;881844;2150;56;0;0
FR;4;2021-07-31;6830;14;2;0;0;888674;2164;58;0;0
FR;4;2021-08-01;903;1;0;0;0;889577;2165;58;0;0
FR;4;2021-08-02;7902;29;0;0;0;897479;2194;58;0;0
FR;4;2021-08-03;10788;32;2;0;0;908267;2226;60;0;0
FR;4;2021-08-04;9729;29;0;0;0;917996;2255;60;0;0
FR;4;2021-08-05;9811;41;0;0;0;927807;2296;60;0;0
FR;4;2021-08-06;10181;30;3;0;0;937988;2326;63;0;0
FR;4;2021-08-07;5088;30;1;0;0;943076;2356;64;0;0
FR;4;2021-08-08;1216;13;0;0;0;944292;2369;64;0;0
FR;4;2021-08-09;6334;31;0;0;0;950626;2400;64;0;0
FR;4;2021-08-10;8741;18;0;0;0;959367;2418;64;0;0
FR;4;2021-08-11;7929;33;4;0;0;967296;2451;68;0;0
FR;4;2021-08-12;8579;29;1;0;0;975875;2480;69;0;0
FR;4;2021-08-13;7545;24;0;1;0;983420;2504;69;1;0
FR;4;2021-08-14;3784;20;0;0;0;987204;2524;69;1;0
FR;4;2021-08-15;769;5;0;0;0;987973;2529;69;1;0
FR;4;2021-08-16;4003;16;0;0;0;991976;2545;69;1;0
FR;4;2021-08-17;5615;16;1;0;0;997591;2561;70;1;0
FR;4;2021-08-18;5161;34;0;0;0;1002752;2595;70;1;0
FR;4;2021-08-19;5473;34;3;0;0;1008225;2629;73;1;0
FR;4;2021-08-20;5208;23;1;0;0;1013433;2652;74;1;0
FR;4;2021-08-21;2307;21;1;0;0;1015740;2673;75;1;0
FR;4;2021-08-22;401;2;0;0;0;1016141;2675;75;1;0
FR;4;2021-08-23;2923;19;1;0;0;1019064;2694;76;1;0
FR;4;2021-08-24;3744;15;0;0;0;1022808;2709;76;1;0
FR;4;2021-08-25;3538;25;0;0;0;1026346;2734;76;1;0
FR;4;2021-08-26;3700;20;2;0;0;1030046;2754;78;1;0
FR;4;2021-08-27;3605;31;2;0;0;1033651;2785;80;1;0
FR;4;2021-08-28;1722;9;1;0;0;1035373;2794;81;1;0
FR;4;2021-08-29;387;7;1;0;0;1035760;2801;82;1;0
FR;4;2021-08-30;2008;24;0;0;14;1037768;2825;82;1;14
FR;4;2021-08-31;2479;20;0;0;13;1040247;2845;82;1;27
FR;4;2021-09-01;2077;38;1;0;21;1042324;2883;83;1;48
FR;4;2021-09-02;2301;31;4;0;18;1044625;2914;87;1;66
FR;4;2021-09-03;2357;44;5;0;32;1046982;2958;92;1;98
FR;4;2021-09-04;1374;17;0;0;7;1048356;2975;92;1;105
FR;4;2021-09-05;429;2;0;0;2;1048785;2977;92;1;107
FR;4;2021-09-06;1706;62;0;0;23;1050491;3039;92;1;130
FR;4;2021-09-07;1672;18;1;0;9;1052163;3057;93;1;139
FR;4;2021-09-08;1279;27;3;1;20;1053442;3084;96;2;159
FR;4;2021-09-09;1387;23;2;0;9;1054829;3107;98;2;168
FR;4;2021-09-10;1516;31;2;0;23;1056345;3138;100;2;191
FR;4;2021-09-11;737;11;0;0;3;1057082;3149;100;2;194
FR;4;2021-09-12;168;4;0;0;2;1057250;3153;100;2;196
FR;4;2021-09-13;1315;22;1;0;16;1058565;3175;101;2;212
FR;4;2021-09-14;1497;9;2;0;6;1060062;3184;103;2;218
FR;4;2021-09-15;1091;27;1;0;24;1061153;3211;104;2;242
FR;4;2021-09-16;1095;22;2;0;15;1062248;3233;106;2;257
FR;4;2021-09-17;891;21;1;0;12;1063139;3254;107;2;269
FR;4;2021-09-18;462;6;1;0;5;1063601;3260;108;2;274
FR;4;2021-09-19;182;3;0;0;2;1063783;3263;108;2;276
FR;4;2021-09-20;443;18;0;0;12;1064226;3281;108;2;288
FR;4;2021-09-21;423;11;0;0;7;1064649;3292;108;2;295
FR;4;2021-09-22;372;19;2;0;13;1065021;3311;110;2;308
FR;4;2021-09-23;477;16;1;0;15;1065498;3327;111;2;323
FR;4;2021-09-24;409;13;2;0;9;1065907;3340;113;2;332
FR;4;2021-09-25;281;9;1;0;4;1066188;3349;114;2;336
FR;4;2021-09-26;73;2;0;0;1;1066261;3351;114;2;337
FR;4;2021-09-27;261;10;1;0;8;1066522;3361;115;2;345
FR;4;2021-09-28;315;8;0;0;8;1066837;3369;115;2;353
FR;4;2021-09-29;372;19;1;0;13;1067209;3388;116;2;366
FR;4;2021-09-30;359;40;0;0;21;1067568;3428;116;2;387
FR;4;2021-10-01;407;49;0;0;43;1067975;3477;116;2;430
FR;4;2021-10-02;195;22;1;0;13;1068170;3499;117;2;443
FR;4;2021-10-03;84;1;0;0;0;1068254;3500;117;2;443
FR;4;2021-10-04;354;19;1;0;15;1068608;3519;118;2;458
FR;4;2021-10-05;275;19;2;0;15;1068883;3538;120;2;473
FR;4;2021-10-06;243;21;1;0;17;1069126;3559;121;2;490
FR;4;2021-10-07;254;25;2;0;13;1069380;3584;123;2;503
FR;4;2021-10-08;352;23;2;0;19;1069732;3607;125;2;522
FR;4;2021-10-09;192;6;6;0;7;1069924;3613;131;2;529
FR;4;2021-10-10;95;3;2;0;3;1070019;3616;133;2;532
FR;4;2021-10-11;246;15;1;0;14;1070265;3631;134;2;546
FR;4;2021-10-12;202;14;0;0;13;1070467;3645;134;2;559
FR;4;2021-10-13;218;27;1;0;24;1070685;3672;135;2;583
FR;4;2021-10-14;306;22;4;0;16;1070991;3694;139;2;599
FR;4;2021-10-15;322;24;5;0;25;1071313;3718;144;2;624
FR;4;2021-10-16;165;6;2;0;6;1071478;3724;146;2;630
FR;4;2021-10-17;70;2;0;0;1;1071548;3726;146;2;631
FR;4;2021-10-18;278;16;1;0;12;1071826;3742;147;2;643
FR;4;2021-10-19;209;14;2;0;15;1072035;3756;149;2;658
FR;4;2021-10-20;224;27;4;0;15;1072259;3783;153;2;673
FR;4;2021-10-21;234;17;0;0;13;1072493;3800;153;2;686
FR;4;2021-10-22;210;26;2;0;21;1072703;3826;155;2;707
FR;4;2021-10-23;115;16;1;0;15;1072818;3842;156;2;722
FR;4;2021-10-24;38;4;0;0;1;1072856;3846;156;2;723
FR;4;2021-10-25;209;7;2;0;9;1073065;3853;158;2;732
FR;4;2021-10-26;196;14;0;0;12;1073261;3867;158;2;744
FR;4;2021-10-27;190;11;4;0;11;1073451;3878;162;2;755
FR;4;2021-10-28;182;18;4;0;21;1073633;3896;166;2;776
FR;4;2021-10-29;220;15;2;0;13;1073853;3911;168;2;789
FR;4;2021-10-30;102;2;1;0;2;1073955;3913;169;2;791
FR;4;2021-10-31;56;3;2;0;3;1074011;3916;171;2;794
FR;4;2021-11-01;75;27;4;0;24;1074086;3943;175;2;818
FR;4;2021-11-02;153;20;2;0;21;1074239;3963;177;2;839
FR;4;2021-11-03;127;20;8;1;18;1074366;3983;185;3;857
FR;4;2021-11-04;175;13;1;0;10;1074541;3996;186;3;867
FR;4;2021-11-05;126;17;1;0;16;1074667;4013;187;3;883
FR;4;2021-11-06;77;6;1;0;6;1074744;4019;188;3;889
FR;4;2021-11-07;76;2;2;0;4;1074820;4021;190;3;893
FR;4;2021-11-08;158;20;1;0;20;1074978;4041;191;3;913
FR;4;2021-11-09;151;14;3;0;16;1075129;4055;194;3;929
FR;4;2021-11-10;113;28;6;0;30;1075242;4083;200;3;959
FR;4;2021-11-11;84;10;0;0;10;1075326;4093;200;3;969
FR;4;2021-11-12;97;18;2;0;17;1075423;4111;202;3;986
FR;4;2021-11-13;73;15;2;0;14;1075496;4126;204;3;1000
FR;4;2021-11-14;53;5;3;0;7;1075549;4131;207;3;1007
FR;4;2021-11-15;97;26;2;0;24;1075646;4157;209;3;1031
FR;4;2021-11-16;99;12;2;0;14;1075745;4169;211;3;1045
FR;4;2021-11-17;115;29;4;0;29;1075860;4198;215;3;1074
FR;4;2021-11-18;99;34;10;0;39;1075959;4232;225;3;1113
FR;4;2021-11-19;78;19;3;0;20;1076037;4251;228;3;1133
FR;4;2021-11-20;75;7;1;0;7;1076112;4258;229;3;1140
FR;4;2021-11-21;61;7;2;0;9;1076173;4265;231;3;1149
FR;4;2021-11-22;101;27;6;0;29;1076274;4292;237;3;1178
FR;4;2021-11-23;73;29;5;0;26;1076347;4321;242;3;1204
FR;4;2021-11-24;85;23;9;0;22;1076432;4344;251;3;1226
FR;4;2021-11-25;84;28;14;0;30;1076516;4372;265;3;1256
FR;4;2021-11-26;80;43;12;0;45;1076596;4415;277;3;1301
FR;4;2021-11-27;35;22;16;0;24;1076631;4437;293;3;1325
FR;4;2021-11-28;48;8;0;0;7;1076679;4445;293;3;1332
FR;4;2021-11-29;83;31;14;0;38;1076762;4476;307;3;1370
FR;4;2021-11-30;72;36;12;0;40;1076834;4512;319;3;1410
FR;4;2021-12-01;77;59;19;0;66;1076911;4571;338;3;1476
FR;4;2021-12-02;97;49;19;0;54;1077008;4620;357;3;1530
FR;4;2021-12-03;98;36;15;0;44;1077106;4656;372;3;1574
FR;4;2021-12-04;69;31;18;0;44;1077175;4687;390;3;1618
FR;4;2021-12-05;60;5;1;0;6;1077235;4692;391;3;1624
FR;4;2021-12-06;96;45;20;0;59;1077331;4737;411;3;1683
FR;4;2021-12-07;77;33;9;0;33;1077408;4770;420;3;1716
FR;4;2021-12-08;66;29;18;0;34;1077474;4799;438;3;1750
FR;4;2021-12-09;59;32;10;0;38;1077533;4831;448;3;1788
FR;4;2021-12-10;60;62;21;0;66;1077593;4893;469;3;1854
FR;4;2021-12-11;24;33;7;0;33;1077617;4926;476;3;1887
FR;4;2021-12-12;23;10;3;0;13;1077640;4936;479;3;1900
FR;4;2021-12-13;68;39;13;0;48;1077708;4975;492;3;1948
FR;4;2021-12-14;56;43;15;0;52;1077764;5018;507;3;2000
FR;4;2021-12-15;58;63;28;0;83;1077822;5081;535;3;2083
FR;4;2021-12-16;30;44;18;0;56;1077852;5125;553;3;2139
FR;4;2021-12-17;38;55;12;0;60;1077890;5180;565;3;2199
FR;4;2021-12-18;48;29;2;0;30;1077938;5209;567;3;2229
FR;4;2021-12-19;15;4;1;0;4;1077953;5213;568;3;2233
FR;4;2021-12-20;35;38;12;0;43;1077988;5251;580;3;2276
FR;4;2021-12-21;25;30;15;0;36;1078013;5281;595;3;2312
FR;4;2021-12-22;35;35;10;0;36;1078048;5316;605;3;2348
FR;4;2021-12-23;39;43;8;0;47;1078087;5359;613;3;2395
FR;4;2021-12-24;23;25;10;0;29;1078110;5384;623;3;2424
FR;4;2021-12-25;6;3;3;0;4;1078116;5387;626;3;2428
FR;4;2021-12-26;4;3;1;0;2;1078120;5390;627;3;2430
FR;4;2021-12-27;26;42;8;0;43;1078146;5432;635;3;2473
FR;4;2021-12-28;24;28;8;0;29;1078170;5460;643;3;2502
FR;4;2021-12-29;48;24;10;0;28;1078218;5484;653;3;2530
FR;4;2021-12-30;39;16;12;0;19;1078257;5500;665;3;2549
FR;4;2021-12-31;18;5;8;0;10;1078275;5505;673;3;2559
FR;4;2022-01-01;5;4;4;0;6;1078280;5509;677;3;2565
FR;4;2022-01-02;40;4;14;0;17;1078320;5513;691;3;2582
FR;4;2022-01-03;37;52;20;1;57;1078357;5565;711;4;2639
FR;4;2022-01-04;28;26;12;0;28;1078385;5591;723;4;2667
FR;4;2022-01-05;46;19;16;0;20;1078431;5610;739;4;2687
FR;4;2022-01-06;43;20;21;0;33;1078474;5630;760;4;2720
FR;4;2022-01-07;24;19;15;0;19;1078498;5649;775;4;2739
FR;4;2022-01-08;8;5;9;0;11;1078506;5654;784;4;2750
FR;4;2022-01-09;17;2;1;0;2;1078523;5656;785;4;2752
FR;4;2022-01-10;39;22;16;0;33;1078562;5678;801;4;2785
FR;4;2022-01-11;23;30;14;0;34;1078585;5708;815;4;2819
FR;4;2022-01-12;30;18;12;0;19;1078615;5726;827;4;2838
FR;4;2022-01-13;48;18;27;0;35;1078663;5744;854;4;2873
FR;4;2022-01-14;20;28;13;0;31;1078683;5772;867;4;2904
FR;4;2022-01-15;10;6;7;0;11;1078693;5778;874;4;2915
FR;4;2022-01-16;9;9;11;0;19;1078702;5787;885;4;2934
FR;4;2022-01-17;23;17;11;0;22;1078725;5804;896;4;2956
FR;4;2022-01-18;15;13;7;0;17;1078740;5817;903;4;2973
FR;4;2022-01-19;28;22;9;0;29;1078768;5839;912;4;3002
FR;4;2022-01-20;29;33;11;0;36;1078797;5872;923;4;3038
FR;4;2022-01-21;9;12;18;1;15;1078806;5884;941;5;3053
FR;4;2022-01-22;30;9;2;0;9;1078836;5893;943;5;3062
FR;4;2022-01-23;6;2;4;0;6;1078842;5895;947;5;3068
FR;4;2022-01-24;14;21;8;0;27;1078856;5916;955;5;3095
FR;4;2022-01-25;20;30;8;1;34;1078876;5946;963;6;3129
FR;4;2022-01-26;18;15;6;1;16;1078894;5961;969;7;3145
FR;4;2022-01-27;19;18;5;0;21;1078913;5979;974;7;3166
FR;4;2022-01-28;12;23;7;0;25;1078925;6002;981;7;3191
FR;4;2022-01-29;15;6;4;0;9;1078940;6008;985;7;3200
FR;4;2022-01-30;16;2;0;0;2;1078956;6010;985;7;3202
FR;4;2022-01-31;19;26;6;0;29;1078975;6036;991;7;3231
FR;4;2022-02-01;9;19;11;0;19;1078984;6055;1002;7;3250
FR;4;2022-02-02;16;11;10;2;16;1079000;6066;1012;9;3266
FR;4;2022-02-03;12;21;9;0;24;1079012;6087;1021;9;3290
FR;4;2022-02-04;6;5;7;0;9;1079018;6092;1028;9;3299
FR;4;2022-02-05;6;14;1;0;13;1079024;6106;1029;9;3312
FR;4;2022-02-06;5;2;1;0;2;1079029;6108;1030;9;3314
FR;4;2022-02-07;11;19;6;0;19;1079040;6127;1036;9;3333
FR;4;2022-02-08;14;18;12;1;19;1079054;6145;1048;10;3352
FR;4;2022-02-09;14;10;7;0;13;1079068;6155;1055;10;3365
FR;4;2022-02-10;18;23;9;0;24;1079086;6178;1064;10;3389
FR;4;2022-02-11;17;14;8;0;19;1079103;6192;1072;10;3408
FR;4;2022-02-12;23;7;1;0;6;1079126;6199;1073;10;3414
FR;4;2022-02-13;7;3;3;0;6;1079133;6202;1076;10;3420
FR;4;2022-02-14;18;10;7;0;13;1079151;6212;1083;10;3433
FR;4;2022-02-15;16;7;1;0;7;1079167;6219;1084;10;3440
FR;4;2022-02-16;11;9;10;0;15;1079178;6228;1094;10;3455
FR;4;2022-02-17;10;4;4;0;6;1079188;6232;1098;10;3461
FR;4;2022-02-18;17;13;6;0;17;1079205;6245;1104;10;3478
FR;4;2022-02-19;16;2;2;0;4;1079221;6247;1106;10;3482
FR;4;2022-02-20;7;2;0;0;1;1079228;6249;1106;10;3483
FR;4;2022-02-21;22;3;2;0;3;1079250;6252;1108;10;3486
FR;4;2022-02-22;8;4;8;0;8;1079258;6256;1116;10;3494
FR;4;2022-02-23;16;6;6;0;6;1079274;6262;1122;10;3500
FR;4;2022-02-24;8;3;2;0;3;1079282;6265;1124;10;3503
FR;4;2022-02-25;15;5;7;0;6;1079297;6270;1131;10;3509
FR;4;2022-02-26;26;3;0;0;3;1079323;6273;1131;10;3512
FR;4;2022-02-27;9;0;1;0;1;1079332;6273;1132;10;3513
FR;4;2022-02-28;14;3;2;0;3;1079346;6276;1134;10;3516
FR;4;2022-03-01;6;2;7;0;3;1079352;6278;1141;10;3519
FR;4;2022-03-02;9;1;3;0;3;1079361;6279;1144;10;3522
FR;4;2022-03-03;14;5;1;0;4;1079375;6284;1145;10;3526
FR;4;2022-03-04;6;6;2;1;5;1079381;6290;1147;11;3531
FR;4;2022-03-05;8;2;0;0;2;1079389;6292;1147;11;3533
FR;4;2022-03-06;4;0;1;0;1;1079393;6292;1148;11;3534
FR;4;2022-03-07;9;4;1;0;3;1079402;6296;1149;11;3537
FR;4;2022-03-08;13;2;0;0;2;1079415;6298;1149;11;3539
FR;4;2022-03-09;7;3;2;0;4;1079422;6301;1151;11;3543
FR;4;2022-03-10;5;1;5;0;2;1079427;6302;1156;11;3545
FR;4;2022-03-11;7;2;5;0;1;1079434;6304;1161;11;3546
FR;4;2022-03-12;9;2;0;0;0;1079443;6306;1161;11;3546
FR;4;2022-03-13;5;0;0;0;0;1079448;6306;1161;11;3546
FR;4;2022-03-14;4;1;0;0;1;1079452;6307;1161;11;3547
FR;4;2022-03-15;5;3;1;0;1;1079457;6310;1162;11;3548
FR;4;2022-03-16;6;3;3;0;3;1079463;6313;1165;11;3551
FR;4;2022-03-17;1;4;1;0;5;1079464;6317;1166;11;3556
FR;4;2022-03-18;7;2;0;0;2;1079471;6319;1166;11;3558
FR;4;2022-03-19;1;1;0;0;1;1079472;6320;1166;11;3559
FR;4;2022-03-20;2;0;1;0;0;1079474;6320;1167;11;3559
FR;4;2022-03-21;5;3;0;0;3;1079479;6323;1167;11;3562
FR;4;2022-03-22;2;2;0;0;2;1079481;6325;1167;11;3564
FR;4;2022-03-23;6;3;3;0;5;1079487;6328;1170;11;3569
FR;4;2022-03-24;2;4;3;1;5;1079489;6332;1173;12;3574
FR;4;2022-03-25;3;1;2;0;1;1079492;6333;1175;12;3575
FR;4;2022-03-26;5;5;0;0;5;1079497;6338;1175;12;3580
FR;4;2022-03-27;0;0;1;0;0;1079497;6338;1176;12;3580
FR;4;2022-03-28;4;1;1;0;1;1079501;6339;1177;12;3581
FR;4;2022-03-29;7;0;4;1;0;1079508;6339;1181;13;3581
FR;4;2022-03-30;1;4;0;0;4;1079509;6343;1181;13;3585
FR;4;2022-03-31;1;3;1;1;3;1079510;6346;1182;14;3588
FR;4;2022-04-01;13;3;5;0;6;1079523;6349;1187;14;3594
FR;4;2022-04-02;4;4;0;0;3;1079527;6353;1187;14;3597
FR;4;2022-04-03;0;0;0;0;0;1079527;6353;1187;14;3597
FR;4;2022-04-04;3;3;4;0;3;1079530;6356;1191;14;3600
FR;4;2022-04-05;3;4;1;1;2;1079533;6360;1192;15;3602
FR;4;2022-04-06;3;0;0;0;0;1079536;6360;1192;15;3602
FR;4;2022-04-07;3;2;1;2;3;1079539;6362;1193;17;3605
FR;4;2022-04-08;4;1;1;0;1;1079543;6363;1194;17;3606
FR;4;2022-04-09;0;0;1;1;1;1079543;6363;1195;18;3607
FR;4;2022-04-10;1;2;0;0;2;1079544;6365;1195;18;3609
FR;4;2022-04-11;2;2;4;0;4;1079546;6367;1199;18;3613
FR;4;2022-04-12;2;0;3;0;1;1079548;6367;1202;18;3614
FR;4;2022-04-13;2;5;1;0;6;1079550;6372;1203;18;3620
FR;4;2022-04-14;3;2;0;1;2;1079553;6374;1203;19;3622
FR;4;2022-04-15;0;7;1;0;8;1079553;6381;1204;19;3630
FR;4;2022-04-16;0;0;0;0;0;1079553;6381;1204;19;3630
FR;4;2022-04-17;1;0;0;0;0;1079554;6381;1204;19;3630
FR;4;2022-04-18;1;2;4;0;2;1079555;6383;1208;19;3632
FR;4;2022-04-19;1;0;1;0;0;1079556;6383;1209;19;3632
FR;4;2022-04-20;12;4;1;0;2;1079568;6387;1210;19;3634
FR;4;2022-04-21;5;2;0;0;2;1079573;6389;1210;19;3636
FR;4;2022-04-22;1;0;1;0;0;1079574;6389;1211;19;3636
FR;4;2022-04-23;1;3;1;0;4;1079575;6392;1212;19;3640
FR;4;2022-04-24;0;2;0;0;2;1079575;6394;1212;19;3642
FR;4;2022-04-25;2;4;2;0;6;1079577;6398;1214;19;3648
FR;4;2022-04-26;2;4;1;0;4;1079579;6402;1215;19;3652
FR;4;2022-04-27;3;0;0;0;0;1079582;6402;1215;19;3652
FR;4;2022-04-28;2;3;5;0;4;1079584;6405;1220;19;3656
FR;4;2022-04-29;2;2;0;0;1;1079586;6407;1220;19;3657
FR;4;2022-04-30;0;1;1;0;2;1079586;6408;1221;19;3659
FR;4;2022-05-01;0;0;0;0;0;1079586;6408;1221;19;3659
FR;4;2022-05-02;2;4;2;0;4;1079588;6412;1223;19;3663
FR;4;2022-05-03;0;3;1;0;3;1079588;6415;1224;19;3666
FR;4;2022-05-04;2;1;0;0;1;1079590;6416;1224;19;3667
FR;4;2022-05-05;2;1;1;0;1;1079592;6417;1225;19;3668
FR;4;2022-05-06;2;0;0;0;0;1079594;6417;1225;19;3668
FR;4;2022-05-07;0;0;0;0;0;1079594;6417;1225;19;3668
FR;4;2022-05-08;1;1;0;0;1;1079595;6418;1225;19;3669
FR;4;2022-05-09;2;0;0;0;0;1079597;6418;1225;19;3669
FR;4;2022-05-10;0;0;0;2;2;1079597;6418;1225;21;3671
FR;4;2022-05-11;2;0;0;0;0;1079599;6418;1225;21;3671
FR;4;2022-05-12;5;0;0;1;0;1079604;6418;1225;22;3671
FR;4;2022-05-13;0;0;0;0;0;1079604;6418;1225;22;3671
FR;4;2022-05-14;0;1;0;0;1;1079604;6419;1225;22;3672
FR;4;2022-05-15;0;0;0;0;0;1079604;6419;1225;22;3672
FR;4;2022-05-16;2;0;0;0;0;1079606;6419;1225;22;3672
FR;4;2022-05-17;2;0;0;0;0;1079608;6419;1225;22;3672
FR;5;2020-12-27;0;0;0;0;0;0;0;0;0;0
FR;5;2020-12-28;0;0;0;0;0;0;0;0;0;0
FR;5;2020-12-29;0;0;0;0;0;0;0;0;0;0
FR;5;2020-12-30;0;0;0;0;0;0;0;0;0;0
FR;5;2020-12-31;0;0;0;0;0;0;0;0;0;0
FR;5;2021-01-01;0;0;0;0;0;0;0;0;0;0
FR;5;2021-01-02;0;0;0;0;0;0;0;0;0;0
FR;5;2021-01-03;0;0;0;0;0;0;0;0;0;0
FR;5;2021-01-04;0;0;0;0;0;0;0;0;0;0
FR;5;2021-01-05;0;0;0;0;0;0;0;0;0;0
FR;5;2021-01-06;0;0;0;0;0;0;0;0;0;0
FR;5;2021-01-07;0;0;0;0;0;0;0;0;0;0
FR;5;2021-01-08;0;0;0;0;0;0;0;0;0;0
FR;5;2021-01-09;0;0;0;0;0;0;0;0;0;0
FR;5;2021-01-10;0;0;0;0;0;0;0;0;0;0
FR;5;2021-01-11;0;0;0;0;0;0;0;0;0;0
FR;5;2021-01-12;0;0;0;0;0;0;0;0;0;0
FR;5;2021-01-13;0;0;0;0;0;0;0;0;0;0
FR;5;2021-01-14;0;0;0;0;0;0;0;0;0;0
FR;5;2021-01-15;0;0;0;0;0;0;0;0;0;0
FR;5;2021-01-16;0;0;0;0;0;0;0;0;0;0
FR;5;2021-01-17;0;0;0;0;0;0;0;0;0;0
FR;5;2021-01-18;0;0;0;0;0;0;0;0;0;0
FR;5;2021-01-19;0;0;0;0;0;0;0;0;0;0
FR;5;2021-01-20;0;0;0;0;0;0;0;0;0;0
FR;5;2021-01-21;0;0;0;0;0;0;0;0;0;0
FR;5;2021-01-22;0;0;0;0;0;0;0;0;0;0
FR;5;2021-01-23;0;0;0;0;0;0;0;0;0;0
FR;5;2021-01-24;0;0;0;0;0;0;0;0;0;0
FR;5;2021-01-25;0;0;0;0;0;0;0;0;0;0
FR;5;2021-01-26;0;0;0;0;0;0;0;0;0;0
FR;5;2021-01-27;0;0;0;0;0;0;0;0;0;0
FR;5;2021-01-28;0;0;0;0;0;0;0;0;0;0
FR;5;2021-01-29;0;0;0;0;0;0;0;0;0;0
FR;5;2021-01-30;0;0;0;0;0;0;0;0;0;0
FR;5;2021-01-31;0;0;0;0;0;0;0;0;0;0
FR;5;2021-02-01;0;0;0;0;0;0;0;0;0;0
FR;5;2021-02-02;0;0;0;0;0;0;0;0;0;0
FR;5;2021-02-03;0;0;0;0;0;0;0;0;0;0
FR;5;2021-02-04;0;0;0;0;0;0;0;0;0;0
FR;5;2021-02-05;0;0;0;0;0;0;0;0;0;0
FR;5;2021-02-06;0;0;0;0;0;0;0;0;0;0
FR;5;2021-02-07;0;0;0;0;0;0;0;0;0;0
FR;5;2021-02-08;0;0;0;0;0;0;0;0;0;0
FR;5;2021-02-09;0;0;0;0;0;0;0;0;0;0
FR;5;2021-02-10;0;0;0;0;0;0;0;0;0;0
FR;5;2021-02-11;0;0;0;0;0;0;0;0;0;0
FR;5;2021-02-12;0;0;0;0;0;0;0;0;0;0
FR;5;2021-02-13;0;0;0;0;0;0;0;0;0;0
FR;5;2021-02-14;0;0;0;0;0;0;0;0;0;0
FR;5;2021-02-15;0;0;0;0;0;0;0;0;0;0
FR;5;2021-02-16;0;0;0;0;0;0;0;0;0;0
FR;5;2021-02-17;0;0;0;0;0;0;0;0;0;0
FR;5;2021-02-18;0;0;0;0;0;0;0;0;0;0
FR;5;2021-02-19;0;0;0;0;0;0;0;0;0;0
FR;5;2021-02-20;0;0;0;0;0;0;0;0;0;0
FR;5;2021-02-21;0;0;0;0;0;0;0;0;0;0
FR;5;2021-02-22;0;0;0;0;0;0;0;0;0;0
FR;5;2021-02-23;0;0;0;0;0;0;0;0;0;0
FR;5;2021-02-24;0;0;0;0;0;0;0;0;0;0
FR;5;2021-02-25;0;0;0;0;0;0;0;0;0;0
FR;5;2021-02-26;0;0;0;0;0;0;0;0;0;0
FR;5;2021-02-27;0;0;0;0;0;0;0;0;0;0
FR;5;2021-02-28;0;0;0;0;0;0;0;0;0;0
FR;5;2021-03-01;0;0;0;0;0;0;0;0;0;0
FR;5;2021-03-02;0;0;0;0;0;0;0;0;0;0
FR;5;2021-03-03;0;0;0;0;0;0;0;0;0;0
FR;5;2021-03-04;0;0;0;0;0;0;0;0;0;0
FR;5;2021-03-05;0;0;0;0;0;0;0;0;0;0
FR;5;2021-03-06;0;0;0;0;0;0;0;0;0;0
FR;5;2021-03-07;0;0;0;0;0;0;0;0;0;0
FR;5;2021-03-08;0;0;0;0;0;0;0;0;0;0
FR;5;2021-03-09;0;0;0;0;0;0;0;0;0;0
FR;5;2021-03-10;0;0;0;0;0;0;0;0;0;0
FR;5;2021-03-11;0;0;0;0;0;0;0;0;0;0
FR;5;2021-03-12;0;0;0;0;0;0;0;0;0;0
FR;5;2021-03-13;0;0;0;0;0;0;0;0;0;0
FR;5;2021-03-14;0;0;0;0;0;0;0;0;0;0
FR;5;2021-03-15;0;0;0;0;0;0;0;0;0;0
FR;5;2021-03-16;0;0;0;0;0;0;0;0;0;0
FR;5;2021-03-17;0;0;0;0;0;0;0;0;0;0
FR;5;2021-03-18;0;0;0;0;0;0;0;0;0;0
FR;5;2021-03-19;0;0;0;0;0;0;0;0;0;0
FR;5;2021-03-20;0;0;0;0;0;0;0;0;0;0
FR;5;2021-03-21;0;0;0;0;0;0;0;0;0;0
FR;5;2021-03-22;0;0;0;0;0;0;0;0;0;0
FR;5;2021-03-23;0;0;0;0;0;0;0;0;0;0
FR;5;2021-03-24;0;0;0;0;0;0;0;0;0;0
FR;5;2021-03-25;0;0;0;0;0;0;0;0;0;0
FR;5;2021-03-26;0;0;0;0;0;0;0;0;0;0
FR;5;2021-03-27;0;0;0;0;0;0;0;0;0;0
FR;5;2021-03-28;0;0;0;0;0;0;0;0;0;0
FR;5;2021-03-29;0;0;0;0;0;0;0;0;0;0
FR;5;2021-03-30;0;0;0;0;0;0;0;0;0;0
FR;5;2021-03-31;0;0;0;0;0;0;0;0;0;0
FR;5;2021-04-01;0;0;0;0;0;0;0;0;0;0
FR;5;2021-04-02;0;0;0;0;0;0;0;0;0;0
FR;5;2021-04-03;0;0;0;0;0;0;0;0;0;0
FR;5;2021-04-04;0;0;0;0;0;0;0;0;0;0
FR;5;2021-04-05;0;0;0;0;0;0;0;0;0;0
FR;5;2021-04-06;0;0;0;0;0;0;0;0;0;0
FR;5;2021-04-07;0;0;0;0;0;0;0;0;0;0
FR;5;2021-04-08;0;0;0;0;0;0;0;0;0;0
FR;5;2021-04-09;0;0;0;0;0;0;0;0;0;0
FR;5;2021-04-10;0;0;0;0;0;0;0;0;0;0
FR;5;2021-04-11;0;0;0;0;0;0;0;0;0;0
FR;5;2021-04-12;0;0;0;0;0;0;0;0;0;0
FR;5;2021-04-13;0;0;0;0;0;0;0;0;0;0
FR;5;2021-04-14;0;0;0;0;0;0;0;0;0;0
FR;5;2021-04-15;0;0;0;0;0;0;0;0;0;0
FR;5;2021-04-16;0;0;0;0;0;0;0;0;0;0
FR;5;2021-04-17;0;0;0;0;0;0;0;0;0;0
FR;5;2021-04-18;0;0;0;0;0;0;0;0;0;0
FR;5;2021-04-19;0;0;0;0;0;0;0;0;0;0
FR;5;2021-04-20;0;0;0;0;0;0;0;0;0;0
FR;5;2021-04-21;0;0;0;0;0;0;0;0;0;0
FR;5;2021-04-22;0;0;0;0;0;0;0;0;0;0
FR;5;2021-04-23;0;0;0;0;0;0;0;0;0;0
FR;5;2021-04-24;0;0;0;0;0;0;0;0;0;0
FR;5;2021-04-25;0;0;0;0;0;0;0;0;0;0
FR;5;2021-04-26;0;0;0;0;0;0;0;0;0;0
FR;5;2021-04-27;0;0;0;0;0;0;0;0;0;0
FR;5;2021-04-28;0;0;0;0;0;0;0;0;0;0
FR;5;2021-04-29;0;0;0;0;0;0;0;0;0;0
FR;5;2021-04-30;0;0;0;0;0;0;0;0;0;0
FR;5;2021-05-01;0;0;0;0;0;0;0;0;0;0
FR;5;2021-05-02;0;0;0;0;0;0;0;0;0;0
FR;5;2021-05-03;0;0;0;0;0;0;0;0;0;0
FR;5;2021-05-04;0;0;0;0;0;0;0;0;0;0
FR;5;2021-05-05;0;0;0;0;0;0;0;0;0;0
FR;5;2021-05-06;0;0;0;0;0;0;0;0;0;0
FR;5;2021-05-07;0;0;0;0;0;0;0;0;0;0
FR;5;2021-05-08;0;0;0;0;0;0;0;0;0;0
FR;5;2021-05-09;0;0;0;0;0;0;0;0;0;0
FR;5;2021-05-10;0;0;0;0;0;0;0;0;0;0
FR;5;2021-05-11;0;0;0;0;0;0;0;0;0;0
FR;5;2021-05-12;0;0;0;0;0;0;0;0;0;0
FR;5;2021-05-13;0;0;0;0;0;0;0;0;0;0
FR;5;2021-05-14;0;0;0;0;0;0;0;0;0;0
FR;5;2021-05-15;0;0;0;0;0;0;0;0;0;0
FR;5;2021-05-16;0;0;0;0;0;0;0;0;0;0
FR;5;2021-05-17;0;0;0;0;0;0;0;0;0;0
FR;5;2021-05-18;0;0;0;0;0;0;0;0;0;0
FR;5;2021-05-19;0;0;0;0;0;0;0;0;0;0
FR;5;2021-05-20;0;0;0;0;0;0;0;0;0;0
FR;5;2021-05-21;0;0;0;0;0;0;0;0;0;0
FR;5;2021-05-22;0;0;0;0;0;0;0;0;0;0
FR;5;2021-05-23;0;0;0;0;0;0;0;0;0;0
FR;5;2021-05-24;0;0;0;0;0;0;0;0;0;0
FR;5;2021-05-25;0;0;0;0;0;0;0;0;0;0
FR;5;2021-05-26;0;0;0;0;0;0;0;0;0;0
FR;5;2021-05-27;0;0;0;0;0;0;0;0;0;0
FR;5;2021-05-28;0;0;0;0;0;0;0;0;0;0
FR;5;2021-05-29;0;0;0;0;0;0;0;0;0;0
FR;5;2021-05-30;0;0;0;0;0;0;0;0;0;0
FR;5;2021-05-31;0;0;0;0;0;0;0;0;0;0
FR;5;2021-06-01;0;0;0;0;0;0;0;0;0;0
FR;5;2021-06-02;0;0;0;0;0;0;0;0;0;0
FR;5;2021-06-03;0;0;0;0;0;0;0;0;0;0
FR;5;2021-06-04;0;0;0;0;0;0;0;0;0;0
FR;5;2021-06-05;0;0;0;0;0;0;0;0;0;0
FR;5;2021-06-06;0;0;0;0;0;0;0;0;0;0
FR;5;2021-06-07;0;0;0;0;0;0;0;0;0;0
FR;5;2021-06-08;0;0;0;0;0;0;0;0;0;0
FR;5;2021-06-09;0;0;0;0;0;0;0;0;0;0
FR;5;2021-06-10;0;0;0;0;0;0;0;0;0;0
FR;5;2021-06-11;0;0;0;0;0;0;0;0;0;0
FR;5;2021-06-12;0;0;0;0;0;0;0;0;0;0
FR;5;2021-06-13;0;0;0;0;0;0;0;0;0;0
FR;5;2021-06-14;0;0;0;0;0;0;0;0;0;0
FR;5;2021-06-15;0;0;0;0;0;0;0;0;0;0
FR;5;2021-06-16;0;0;0;0;0;0;0;0;0;0
FR;5;2021-06-17;0;0;0;0;0;0;0;0;0;0
FR;5;2021-06-18;0;0;0;0;0;0;0;0;0;0
FR;5;2021-06-19;0;0;0;0;0;0;0;0;0;0
FR;5;2021-06-20;0;0;0;0;0;0;0;0;0;0
FR;5;2021-06-21;0;0;0;0;0;0;0;0;0;0
FR;5;2021-06-22;0;0;0;0;0;0;0;0;0;0
FR;5;2021-06-23;0;0;0;0;0;0;0;0;0;0
FR;5;2021-06-24;0;0;0;0;0;0;0;0;0;0
FR;5;2021-06-25;0;0;0;0;0;0;0;0;0;0
FR;5;2021-06-26;0;0;0;0;0;0;0;0;0;0
FR;5;2021-06-27;0;0;0;0;0;0;0;0;0;0
FR;5;2021-06-28;0;0;0;0;0;0;0;0;0;0
FR;5;2021-06-29;0;0;0;0;0;0;0;0;0;0
FR;5;2021-06-30;0;0;0;0;0;0;0;0;0;0
FR;5;2021-07-01;0;0;0;0;0;0;0;0;0;0
FR;5;2021-07-02;0;0;0;0;0;0;0;0;0;0
FR;5;2021-07-03;0;0;0;0;0;0;0;0;0;0
FR;5;2021-07-04;0;0;0;0;0;0;0;0;0;0
FR;5;2021-07-05;0;0;0;0;0;0;0;0;0;0
FR;5;2021-07-06;0;0;0;0;0;0;0;0;0;0
FR;5;2021-07-07;0;0;0;0;0;0;0;0;0;0
FR;5;2021-07-08;0;0;0;0;0;0;0;0;0;0
FR;5;2021-07-09;0;0;0;0;0;0;0;0;0;0
FR;5;2021-07-10;0;0;0;0;0;0;0;0;0;0
FR;5;2021-07-11;0;0;0;0;0;0;0;0;0;0
FR;5;2021-07-12;0;0;0;0;0;0;0;0;0;0
FR;5;2021-07-13;0;0;0;0;0;0;0;0;0;0
FR;5;2021-07-14;0;0;0;0;0;0;0;0;0;0
FR;5;2021-07-15;0;0;0;0;0;0;0;0;0;0
FR;5;2021-07-16;0;0;0;0;0;0;0;0;0;0
FR;5;2021-07-17;0;0;0;0;0;0;0;0;0;0
FR;5;2021-07-18;0;0;0;0;0;0;0;0;0;0
FR;5;2021-07-19;0;0;0;0;0;0;0;0;0;0
FR;5;2021-07-20;0;0;0;0;0;0;0;0;0;0
FR;5;2021-07-21;0;0;0;0;0;0;0;0;0;0
FR;5;2021-07-22;0;0;0;0;0;0;0;0;0;0
FR;5;2021-07-23;0;0;0;0;0;0;0;0;0;0
FR;5;2021-07-24;0;0;0;0;0;0;0;0;0;0
FR;5;2021-07-25;0;0;0;0;0;0;0;0;0;0
FR;5;2021-07-26;0;0;0;0;0;0;0;0;0;0
FR;5;2021-07-27;0;0;0;0;0;0;0;0;0;0
FR;5;2021-07-28;0;0;0;0;0;0;0;0;0;0
FR;5;2021-07-29;0;0;0;0;0;0;0;0;0;0
FR;5;2021-07-30;0;0;0;0;0;0;0;0;0;0
FR;5;2021-07-31;0;0;0;0;0;0;0;0;0;0
FR;5;2021-08-01;0;0;0;0;0;0;0;0;0;0
FR;5;2021-08-02;0;0;0;0;0;0;0;0;0;0
FR;5;2021-08-03;0;0;0;0;0;0;0;0;0;0
FR;5;2021-08-04;0;0;0;0;0;0;0;0;0;0
FR;5;2021-08-05;0;0;0;0;0;0;0;0;0;0
FR;5;2021-08-06;0;0;0;0;0;0;0;0;0;0
FR;5;2021-08-07;0;0;0;0;0;0;0;0;0;0
FR;5;2021-08-08;0;0;0;0;0;0;0;0;0;0
FR;5;2021-08-09;0;0;0;0;0;0;0;0;0;0
FR;5;2021-08-10;0;0;0;0;0;0;0;0;0;0
FR;5;2021-08-11;0;0;0;0;0;0;0;0;0;0
FR;5;2021-08-12;0;0;0;0;0;0;0;0;0;0
FR;5;2021-08-13;0;0;0;0;0;0;0;0;0;0
FR;5;2021-08-14;0;0;0;0;0;0;0;0;0;0
FR;5;2021-08-15;0;0;0;0;0;0;0;0;0;0
FR;5;2021-08-16;0;0;0;0;0;0;0;0;0;0
FR;5;2021-08-17;0;0;0;0;0;0;0;0;0;0
FR;5;2021-08-18;0;0;0;0;0;0;0;0;0;0
FR;5;2021-08-19;0;0;0;0;0;0;0;0;0;0
FR;5;2021-08-20;0;0;0;0;0;0;0;0;0;0
FR;5;2021-08-21;0;0;0;0;0;0;0;0;0;0
FR;5;2021-08-22;0;0;0;0;0;0;0;0;0;0
FR;5;2021-08-23;0;0;0;0;0;0;0;0;0;0
FR;5;2021-08-24;0;0;0;0;0;0;0;0;0;0
FR;5;2021-08-25;0;0;0;0;0;0;0;0;0;0
FR;5;2021-08-26;0;0;0;0;0;0;0;0;0;0
FR;5;2021-08-27;0;0;0;0;0;0;0;0;0;0
FR;5;2021-08-28;0;0;0;0;0;0;0;0;0;0
FR;5;2021-08-29;0;0;0;0;0;0;0;0;0;0
FR;5;2021-08-30;0;0;0;0;0;0;0;0;0;0
FR;5;2021-08-31;0;0;0;0;0;0;0;0;0;0
FR;5;2021-09-01;0;0;0;0;0;0;0;0;0;0
FR;5;2021-09-02;0;0;0;0;0;0;0;0;0;0
FR;5;2021-09-03;0;0;0;0;0;0;0;0;0;0
FR;5;2021-09-04;0;0;0;0;0;0;0;0;0;0
FR;5;2021-09-05;0;0;0;0;0;0;0;0;0;0
FR;5;2021-09-06;0;0;0;0;0;0;0;0;0;0
FR;5;2021-09-07;0;0;0;0;0;0;0;0;0;0
FR;5;2021-09-08;0;0;0;0;0;0;0;0;0;0
FR;5;2021-09-09;0;0;0;0;0;0;0;0;0;0
FR;5;2021-09-10;0;0;0;0;0;0;0;0;0;0
FR;5;2021-09-11;0;0;0;0;0;0;0;0;0;0
FR;5;2021-09-12;0;0;0;0;0;0;0;0;0;0
FR;5;2021-09-13;0;0;0;0;0;0;0;0;0;0
FR;5;2021-09-14;0;0;0;0;0;0;0;0;0;0
FR;5;2021-09-15;0;0;0;0;0;0;0;0;0;0
FR;5;2021-09-16;0;0;0;0;0;0;0;0;0;0
FR;5;2021-09-17;0;0;0;0;0;0;0;0;0;0
FR;5;2021-09-18;0;0;0;0;0;0;0;0;0;0
FR;5;2021-09-19;0;0;0;0;0;0;0;0;0;0
FR;5;2021-09-20;0;0;0;0;0;0;0;0;0;0
FR;5;2021-09-21;0;0;0;0;0;0;0;0;0;0
FR;5;2021-09-22;0;0;0;0;0;0;0;0;0;0
FR;5;2021-09-23;0;0;0;0;0;0;0;0;0;0
FR;5;2021-09-24;0;0;0;0;0;0;0;0;0;0
FR;5;2021-09-25;0;0;0;0;0;0;0;0;0;0
FR;5;2021-09-26;0;0;0;0;0;0;0;0;0;0
FR;5;2021-09-27;0;0;0;0;0;0;0;0;0;0
FR;5;2021-09-28;0;0;0;0;0;0;0;0;0;0
FR;5;2021-09-29;0;0;0;0;0;0;0;0;0;0
FR;5;2021-09-30;0;0;0;0;0;0;0;0;0;0
FR;5;2021-10-01;0;0;0;0;0;0;0;0;0;0
FR;5;2021-10-02;0;0;0;0;0;0;0;0;0;0
FR;5;2021-10-03;0;0;0;0;0;0;0;0;0;0
FR;5;2021-10-04;0;0;0;0;0;0;0;0;0;0
FR;5;2021-10-05;0;0;0;0;0;0;0;0;0;0
FR;5;2021-10-06;0;0;0;0;0;0;0;0;0;0
FR;5;2021-10-07;0;0;0;0;0;0;0;0;0;0
FR;5;2021-10-08;0;0;0;0;0;0;0;0;0;0
FR;5;2021-10-09;0;0;0;0;0;0;0;0;0;0
FR;5;2021-10-10;0;0;0;0;0;0;0;0;0;0
FR;5;2021-10-11;0;0;0;0;0;0;0;0;0;0
FR;5;2021-10-12;0;0;0;0;0;0;0;0;0;0
FR;5;2021-10-13;0;0;0;0;0;0;0;0;0;0
FR;5;2021-10-14;0;0;0;0;0;0;0;0;0;0
FR;5;2021-10-15;0;0;0;0;0;0;0;0;0;0
FR;5;2021-10-16;0;0;0;0;0;0;0;0;0;0
FR;5;2021-10-17;0;0;0;0;0;0;0;0;0;0
FR;5;2021-10-18;0;0;0;0;0;0;0;0;0;0
FR;5;2021-10-19;0;0;0;0;0;0;0;0;0;0
FR;5;2021-10-20;0;0;0;0;0;0;0;0;0;0
FR;5;2021-10-21;0;0;0;0;0;0;0;0;0;0
FR;5;2021-10-22;0;0;0;0;0;0;0;0;0;0
FR;5;2021-10-23;0;0;0;0;0;0;0;0;0;0
FR;5;2021-10-24;0;0;0;0;0;0;0;0;0;0
FR;5;2021-10-25;0;0;0;0;0;0;0;0;0;0
FR;5;2021-10-26;0;0;0;0;0;0;0;0;0;0
FR;5;2021-10-27;0;0;0;0;0;0;0;0;0;0
FR;5;2021-10-28;0;0;0;0;0;0;0;0;0;0
FR;5;2021-10-29;0;0;0;0;0;0;0;0;0;0
FR;5;2021-10-30;0;0;0;0;0;0;0;0;0;0
FR;5;2021-10-31;0;0;0;0;0;0;0;0;0;0
FR;5;2021-11-01;0;0;0;0;0;0;0;0;0;0
FR;5;2021-11-02;0;0;0;0;0;0;0;0;0;0
FR;5;2021-11-03;0;0;0;0;0;0;0;0;0;0
FR;5;2021-11-04;0;0;0;0;0;0;0;0;0;0
FR;5;2021-11-05;0;0;0;0;0;0;0;0;0;0
FR;5;2021-11-06;0;0;0;0;0;0;0;0;0;0
FR;5;2021-11-07;0;0;0;0;0;0;0;0;0;0
FR;5;2021-11-08;0;0;0;0;0;0;0;0;0;0
FR;5;2021-11-09;0;0;0;0;0;0;0;0;0;0
FR;5;2021-11-10;0;0;0;0;0;0;0;0;0;0
FR;5;2021-11-11;0;0;0;0;0;0;0;0;0;0
FR;5;2021-11-12;0;0;0;0;0;0;0;0;0;0
FR;5;2021-11-13;0;0;0;0;0;0;0;0;0;0
FR;5;2021-11-14;0;0;0;0;0;0;0;0;0;0
FR;5;2021-11-15;0;0;0;0;0;0;0;0;0;0
FR;5;2021-11-16;0;0;0;0;0;0;0;0;0;0
FR;5;2021-11-17;0;0;0;0;0;0;0;0;0;0
FR;5;2021-11-18;0;0;0;0;0;0;0;0;0;0
FR;5;2021-11-19;0;0;0;0;0;0;0;0;0;0
FR;5;2021-11-20;0;0;0;0;0;0;0;0;0;0
FR;5;2021-11-21;0;0;0;0;0;0;0;0;0;0
FR;5;2021-11-22;0;0;0;0;0;0;0;0;0;0
FR;5;2021-11-23;0;0;0;0;0;0;0;0;0;0
FR;5;2021-11-24;0;0;0;0;0;0;0;0;0;0
FR;5;2021-11-25;0;0;0;0;0;0;0;0;0;0
FR;5;2021-11-26;0;0;0;0;0;0;0;0;0;0
FR;5;2021-11-27;0;0;0;0;0;0;0;0;0;0
FR;5;2021-11-28;0;0;0;0;0;0;0;0;0;0
FR;5;2021-11-29;0;0;0;0;0;0;0;0;0;0
FR;5;2021-11-30;0;0;0;0;0;0;0;0;0;0
FR;5;2021-12-01;0;0;0;0;0;0;0;0;0;0
FR;5;2021-12-02;0;0;0;0;0;0;0;0;0;0
FR;5;2021-12-03;0;0;0;0;0;0;0;0;0;0
FR;5;2021-12-04;0;0;0;0;0;0;0;0;0;0
FR;5;2021-12-05;0;0;0;0;0;0;0;0;0;0
FR;5;2021-12-06;0;0;0;0;0;0;0;0;0;0
FR;5;2021-12-07;0;0;0;0;0;0;0;0;0;0
FR;5;2021-12-08;0;0;0;0;0;0;0;0;0;0
FR;5;2021-12-09;0;0;0;0;0;0;0;0;0;0
FR;5;2021-12-10;0;0;0;0;0;0;0;0;0;0
FR;5;2021-12-11;0;0;0;0;0;0;0;0;0;0
FR;5;2021-12-12;0;0;0;0;0;0;0;0;0;0
FR;5;2021-12-13;0;0;0;0;0;0;0;0;0;0
FR;5;2021-12-14;29;45;77;0;88;29;45;77;0;88
FR;5;2021-12-15;196;44;37;0;49;225;89;114;0;137
FR;5;2021-12-16;180;21;44;0;48;405;110;158;0;185
FR;5;2021-12-17;310;16;72;0;74;715;126;230;0;259
FR;5;2021-12-18;764;24;22;0;29;1479;150;252;0;288
FR;5;2021-12-19;586;15;15;0;17;2065;165;267;0;305
FR;5;2021-12-20;1223;31;35;0;38;3288;196;302;0;343
FR;5;2021-12-21;1535;22;54;1;60;4823;218;356;1;403
FR;5;2021-12-22;4069;40;37;0;46;8892;258;393;1;449
FR;5;2021-12-23;3042;16;21;0;25;11934;274;414;1;474
FR;5;2021-12-24;759;18;9;0;15;12693;292;423;1;489
FR;5;2021-12-25;61;5;1;0;2;12754;297;424;1;491
FR;5;2021-12-26;623;6;3;0;4;13377;303;427;1;495
FR;5;2021-12-27;4080;25;21;0;23;17457;328;448;1;518
FR;5;2021-12-28;5202;23;41;1;43;22659;351;489;2;561
FR;5;2021-12-29;8104;34;65;2;68;30763;385;554;4;629
FR;5;2021-12-30;5172;18;33;0;39;35935;403;587;4;668
FR;5;2021-12-31;1553;8;10;0;11;37488;411;597;4;679
FR;5;2022-01-01;185;2;2;0;3;37673;413;599;4;682
FR;5;2022-01-02;1489;1;1;0;1;39162;414;600;4;683
FR;5;2022-01-03;3058;36;33;0;32;42220;450;633;4;715
FR;5;2022-01-04;3034;39;33;0;42;45254;489;666;4;757
FR;5;2022-01-05;19324;203;97;1;108;64578;692;763;5;865
FR;5;2022-01-06;3742;133;122;0;142;68320;825;885;5;1007
FR;5;2022-01-07;5007;200;48;2;56;73327;1025;933;7;1063
FR;5;2022-01-08;13654;514;45;0;52;86981;1539;978;7;1115
FR;5;2022-01-09;5755;399;15;0;20;92736;1938;993;7;1135
FR;5;2022-01-10;3453;326;25;0;29;96189;2264;1018;7;1164
FR;5;2022-01-11;3668;284;38;0;41;99857;2548;1056;7;1205
FR;5;2022-01-12;22652;3003;90;0;113;122509;5551;1146;7;1318
FR;5;2022-01-13;4035;622;30;0;32;126544;6173;1176;7;1350
FR;5;2022-01-14;4843;581;44;0;51;131387;6754;1220;7;1401
FR;5;2022-01-15;14681;1746;38;3;49;146068;8500;1258;10;1450
FR;5;2022-01-16;4727;666;3;0;5;150795;9166;1261;10;1455
FR;5;2022-01-17;2293;715;26;0;29;153088;9881;1287;10;1484
FR;5;2022-01-18;2430;870;30;0;40;155518;10751;1317;10;1524
FR;5;2022-01-19;18480;6422;74;2;142;173998;17173;1391;12;1666
FR;5;2022-01-20;1920;1067;25;0;34;175918;18240;1416;12;1700
FR;5;2022-01-21;3076;1371;47;1;59;178994;19611;1463;13;1759
FR;5;2022-01-22;10721;3454;33;1;43;189715;23065;1496;14;1802
FR;5;2022-01-23;2629;1415;5;0;9;192344;24480;1501;14;1811
FR;5;2022-01-24;1159;1340;19;0;23;193503;25820;1520;14;1834
FR;5;2022-01-25;1219;1548;19;2;29;194722;27368;1539;16;1863
FR;5;2022-01-26;10751;12025;50;1;89;205473;39393;1589;17;1952
FR;5;2022-01-27;1291;1693;10;0;17;206764;41086;1599;17;1969
FR;5;2022-01-28;1695;3347;16;0;19;208459;44433;1615;17;1988
FR;5;2022-01-29;6237;8040;68;0;96;214696;52473;1683;17;2084
FR;5;2022-01-30;1509;2950;5;0;18;216205;55423;1688;17;2102
FR;5;2022-01-31;588;1773;23;0;24;216793;57196;1711;17;2126
FR;5;2022-02-01;712;1702;10;0;15;217505;58898;1721;17;2141
FR;5;2022-02-02;6957;15653;52;0;94;224462;74551;1773;17;2235
FR;5;2022-02-03;488;1690;14;0;13;224950;76241;1787;17;2248
FR;5;2022-02-04;941;3001;19;0;31;225891;79242;1806;17;2279
FR;5;2022-02-05;3532;8916;23;0;37;229423;88158;1829;17;2316
FR;5;2022-02-06;737;2397;10;0;19;230160;90555;1839;17;2335
FR;5;2022-02-07;883;1595;22;0;24;231043;92150;1861;17;2359
FR;5;2022-02-08;722;1285;18;0;20;231765;93435;1879;17;2379
FR;5;2022-02-09;4535;12875;44;0;76;236300;106310;1923;17;2455
FR;5;2022-02-10;646;1058;14;0;15;236946;107368;1937;17;2470
FR;5;2022-02-11;793;2026;16;0;21;237739;109394;1953;17;2491
FR;5;2022-02-12;2285;6811;33;0;53;240024;116205;1986;17;2544
FR;5;2022-02-13;465;1540;8;0;8;240489;117745;1994;17;2552
FR;5;2022-02-14;678;1288;10;0;13;241167;119033;2004;17;2565
FR;5;2022-02-15;482;885;9;0;14;241649;119918;2013;17;2579
FR;5;2022-02-16;2978;9123;41;1;58;244627;129041;2054;18;2637
FR;5;2022-02-17;435;805;6;0;7;245062;129846;2060;18;2644
FR;5;2022-02-18;650;1407;13;0;17;245712;131253;2073;18;2661
FR;5;2022-02-19;1371;4314;16;0;28;247083;135567;2089;18;2689
FR;5;2022-02-20;247;879;6;0;8;247330;136446;2095;18;2697
FR;5;2022-02-21;221;607;2;0;4;247551;137053;2097;18;2701
FR;5;2022-02-22;259;545;17;0;17;247810;137598;2114;18;2718
FR;5;2022-02-23;1908;6923;22;1;42;249718;144521;2136;19;2760
FR;5;2022-02-24;182;374;5;1;6;249900;144895;2141;20;2766
FR;5;2022-02-25;335;949;13;0;12;250235;145844;2154;20;2778
FR;5;2022-02-26;972;3067;10;0;14;251207;148911;2164;20;2792
FR;5;2022-02-27;147;506;0;0;3;251354;149417;2164;20;2795
FR;5;2022-02-28;161;369;1;0;1;251515;149786;2165;20;2796
FR;5;2022-03-01;128;279;6;0;7;251643;150065;2171;20;2803
FR;5;2022-03-02;1240;4150;28;3;40;252883;154215;2199;23;2843
FR;5;2022-03-03;121;250;6;0;9;253004;154465;2205;23;2852
FR;5;2022-03-04;193;488;13;0;14;253197;154953;2218;23;2866
FR;5;2022-03-05;676;1990;8;0;16;253873;156943;2226;23;2882
FR;5;2022-03-06;108;260;0;0;0;253981;157203;2226;23;2882
FR;5;2022-03-07;70;228;5;0;3;254051;157431;2231;23;2885
FR;5;2022-03-08;46;130;7;1;7;254097;157561;2238;24;2892
FR;5;2022-03-09;909;3076;23;0;35;255006;160637;2261;24;2927
FR;5;2022-03-10;82;200;8;0;11;255088;160837;2269;24;2938
FR;5;2022-03-11;147;369;13;1;15;255235;161206;2282;25;2953
FR;5;2022-03-12;758;1613;13;1;30;255993;162819;2295;26;2983
FR;5;2022-03-13;76;100;0;0;0;256069;162919;2295;26;2983
FR;5;2022-03-14;67;118;7;1;7;256136;163037;2302;27;2990
FR;5;2022-03-15;83;99;3;0;6;256219;163136;2305;27;2996
FR;5;2022-03-16;884;1822;15;3;34;257103;164958;2320;30;3030
FR;5;2022-03-17;66;123;8;4;10;257169;165081;2328;34;3040
FR;5;2022-03-18;172;318;13;4;18;257341;165399;2341;38;3058
FR;5;2022-03-19;749;1162;12;5;33;258090;166561;2353;43;3091
FR;5;2022-03-20;45;93;1;0;1;258135;166654;2354;43;3092
FR;5;2022-03-21;71;120;10;6;15;258206;166774;2364;49;3107
FR;5;2022-03-22;56;119;8;8;9;258262;166893;2372;57;3116
FR;5;2022-03-23;803;1460;14;8;36;259065;168353;2386;65;3152
FR;5;2022-03-24;68;93;8;7;7;259133;168446;2394;72;3159
FR;5;2022-03-25;222;289;14;8;18;259355;168735;2408;80;3177
FR;5;2022-03-26;706;853;12;5;26;260061;169588;2420;85;3203
FR;5;2022-03-27;74;78;0;0;3;260135;169666;2420;85;3206
FR;5;2022-03-28;81;91;1;2;3;260216;169757;2421;87;3209
FR;5;2022-03-29;71;82;10;4;12;260287;169839;2431;91;3221
FR;5;2022-03-30;820;1115;16;13;29;261107;170954;2447;104;3250
FR;5;2022-03-31;102;124;1;4;6;261209;171078;2448;108;3256
FR;5;2022-04-01;107;86;7;12;11;261316;171164;2455;120;3267
FR;5;2022-04-02;329;348;3;3;14;261645;171512;2458;123;3281
FR;5;2022-04-03;54;59;1;0;1;261699;171571;2459;123;3282
FR;5;2022-04-04;36;57;4;1;8;261735;171628;2463;124;3290
FR;5;2022-04-05;51;60;6;7;9;261786;171688;2469;131;3299
FR;5;2022-04-06;421;439;7;15;16;262207;172127;2476;146;3315
FR;5;2022-04-07;45;68;5;7;7;262252;172195;2481;153;3322
FR;5;2022-04-08;130;110;12;14;15;262382;172305;2493;167;3337
FR;5;2022-04-09;309;321;2;5;16;262691;172626;2495;172;3353
FR;5;2022-04-10;43;31;2;0;2;262734;172657;2497;172;3355
FR;5;2022-04-11;50;60;3;2;4;262784;172717;2500;174;3359
FR;5;2022-04-12;57;54;3;3;5;262841;172771;2503;177;3364
FR;5;2022-04-13;382;413;3;8;16;263223;173184;2506;185;3380
FR;5;2022-04-14;47;48;5;5;9;263270;173232;2511;190;3389
FR;5;2022-04-15;91;107;3;5;4;263361;173339;2514;195;3393
FR;5;2022-04-16;188;183;2;1;13;263549;173522;2516;196;3406
FR;5;2022-04-17;12;10;1;0;1;263561;173532;2517;196;3407
FR;5;2022-04-18;8;9;2;0;2;263569;173541;2519;196;3409
FR;5;2022-04-19;72;70;6;1;6;263641;173611;2525;197;3415
FR;5;2022-04-20;359;349;9;6;12;264000;173960;2534;203;3427
FR;5;2022-04-21;42;64;9;10;12;264042;174024;2543;213;3439
FR;5;2022-04-22;113;96;5;4;5;264155;174120;2548;217;3444
FR;5;2022-04-23;209;192;3;2;10;264364;174312;2551;219;3454
FR;5;2022-04-24;37;35;0;0;3;264401;174347;2551;219;3457
FR;5;2022-04-25;67;65;1;1;4;264468;174412;2552;220;3461
FR;5;2022-04-26;60;61;2;1;5;264528;174473;2554;221;3466
FR;5;2022-04-27;332;316;2;7;14;264860;174789;2556;228;3480
FR;5;2022-04-28;74;54;4;5;8;264934;174843;2560;233;3488
FR;5;2022-04-29;117;79;5;18;12;265051;174922;2565;251;3500
FR;5;2022-04-30;182;115;1;1;10;265233;175037;2566;252;3510
FR;5;2022-05-01;10;7;0;0;0;265243;175044;2566;252;3510
FR;5;2022-05-02;46;27;4;5;2;265289;175071;2570;257;3512
FR;5;2022-05-03;83;55;2;5;11;265372;175126;2572;262;3523
FR;5;2022-05-04;276;204;1;2;7;265648;175330;2573;264;3530
FR;5;2022-05-05;62;32;2;4;4;265710;175362;2575;268;3534
FR;5;2022-05-06;103;64;2;3;5;265813;175426;2577;271;3539
FR;5;2022-05-07;170;115;3;10;13;265983;175541;2580;281;3552
FR;5;2022-05-08;7;8;0;0;2;265990;175549;2580;281;3554
FR;5;2022-05-09;44;31;16;3;17;266034;175580;2596;284;3571
FR;5;2022-05-10;54;46;2;4;4;266088;175626;2598;288;3575
FR;5;2022-05-11;324;235;12;7;21;266412;175861;2610;295;3596
FR;5;2022-05-12;46;34;1;3;2;266458;175895;2611;298;3598
FR;5;2022-05-13;108;82;2;8;8;266566;175977;2613;306;3606
FR;5;2022-05-14;203;129;0;1;8;266769;176106;2613;307;3614
FR;5;2022-05-15;22;7;2;0;1;266791;176113;2615;307;3615
FR;5;2022-05-16;48;31;2;4;4;266839;176144;2617;311;3619
FR;5;2022-05-17;70;35;5;0;2;266909;176179;2622;311;3621
FR;6;2020-12-27;0;0;0;0;0;0;0;0;0;0
FR;6;2020-12-28;0;0;0;0;0;0;0;0;0;0
FR;6;2020-12-29;0;0;0;0;0;0;0;0;0;0
FR;6;2020-12-30;0;0;0;0;0;0;0;0;0;0
FR;6;2020-12-31;0;0;0;0;0;0;0;0;0;0
FR;6;2021-01-01;0;0;0;0;0;0;0;0;0;0
FR;6;2021-01-02;0;0;0;0;0;0;0;0;0;0
FR;6;2021-01-03;0;0;0;0;0;0;0;0;0;0
FR;6;2021-01-04;0;0;0;0;0;0;0;0;0;0
FR;6;2021-01-05;0;0;0;0;0;0;0;0;0;0
FR;6;2021-01-06;0;0;0;0;0;0;0;0;0;0
FR;6;2021-01-07;0;0;0;0;0;0;0;0;0;0
FR;6;2021-01-08;0;0;0;0;0;0;0;0;0;0
FR;6;2021-01-09;0;0;0;0;0;0;0;0;0;0
FR;6;2021-01-10;0;0;0;0;0;0;0;0;0;0
FR;6;2021-01-11;0;0;0;0;0;0;0;0;0;0
FR;6;2021-01-12;0;0;0;0;0;0;0;0;0;0
FR;6;2021-01-13;0;0;0;0;0;0;0;0;0;0
FR;6;2021-01-14;0;0;0;0;0;0;0;0;0;0
FR;6;2021-01-15;0;0;0;0;0;0;0;0;0;0
FR;6;2021-01-16;0;0;0;0;0;0;0;0;0;0
FR;6;2021-01-17;0;0;0;0;0;0;0;0;0;0
FR;6;2021-01-18;0;0;0;0;0;0;0;0;0;0
FR;6;2021-01-19;0;0;0;0;0;0;0;0;0;0
FR;6;2021-01-20;0;0;0;0;0;0;0;0;0;0
FR;6;2021-01-21;0;0;0;0;0;0;0;0;0;0
FR;6;2021-01-22;0;0;0;0;0;0;0;0;0;0
FR;6;2021-01-23;0;0;0;0;0;0;0;0;0;0
FR;6;2021-01-24;0;0;0;0;0;0;0;0;0;0
FR;6;2021-01-25;0;0;0;0;0;0;0;0;0;0
FR;6;2021-01-26;0;0;0;0;0;0;0;0;0;0
FR;6;2021-01-27;0;0;0;0;0;0;0;0;0;0
FR;6;2021-01-28;0;0;0;0;0;0;0;0;0;0
FR;6;2021-01-29;0;0;0;0;0;0;0;0;0;0
FR;6;2021-01-30;0;0;0;0;0;0;0;0;0;0
FR;6;2021-01-31;0;0;0;0;0;0;0;0;0;0
FR;6;2021-02-01;0;0;0;0;0;0;0;0;0;0
FR;6;2021-02-02;0;0;0;0;0;0;0;0;0;0
FR;6;2021-02-03;0;0;0;0;0;0;0;0;0;0
FR;6;2021-02-04;0;0;0;0;0;0;0;0;0;0
FR;6;2021-02-05;0;0;0;0;0;0;0;0;0;0
FR;6;2021-02-06;0;0;0;0;0;0;0;0;0;0
FR;6;2021-02-07;0;0;0;0;0;0;0;0;0;0
FR;6;2021-02-08;0;0;0;0;0;0;0;0;0;0
FR;6;2021-02-09;0;0;0;0;0;0;0;0;0;0
FR;6;2021-02-10;0;0;0;0;0;0;0;0;0;0
FR;6;2021-02-11;0;0;0;0;0;0;0;0;0;0
FR;6;2021-02-12;0;0;0;0;0;0;0;0;0;0
FR;6;2021-02-13;0;0;0;0;0;0;0;0;0;0
FR;6;2021-02-14;0;0;0;0;0;0;0;0;0;0
FR;6;2021-02-15;0;0;0;0;0;0;0;0;0;0
FR;6;2021-02-16;0;0;0;0;0;0;0;0;0;0
FR;6;2021-02-17;0;0;0;0;0;0;0;0;0;0
FR;6;2021-02-18;0;0;0;0;0;0;0;0;0;0
FR;6;2021-02-19;0;0;0;0;0;0;0;0;0;0
FR;6;2021-02-20;0;0;0;0;0;0;0;0;0;0
FR;6;2021-02-21;0;0;0;0;0;0;0;0;0;0
FR;6;2021-02-22;0;0;0;0;0;0;0;0;0;0
FR;6;2021-02-23;0;0;0;0;0;0;0;0;0;0
FR;6;2021-02-24;0;0;0;0;0;0;0;0;0;0
FR;6;2021-02-25;0;0;0;0;0;0;0;0;0;0
FR;6;2021-02-26;0;0;0;0;0;0;0;0;0;0
FR;6;2021-02-27;0;0;0;0;0;0;0;0;0;0
FR;6;2021-02-28;0;0;0;0;0;0;0;0;0;0
FR;6;2021-03-01;0;0;0;0;0;0;0;0;0;0
FR;6;2021-03-02;0;0;0;0;0;0;0;0;0;0
FR;6;2021-03-03;0;0;0;0;0;0;0;0;0;0
FR;6;2021-03-04;0;0;0;0;0;0;0;0;0;0
FR;6;2021-03-05;0;0;0;0;0;0;0;0;0;0
FR;6;2021-03-06;0;0;0;0;0;0;0;0;0;0
FR;6;2021-03-07;0;0;0;0;0;0;0;0;0;0
FR;6;2021-03-08;0;0;0;0;0;0;0;0;0;0
FR;6;2021-03-09;0;0;0;0;0;0;0;0;0;0
FR;6;2021-03-10;0;0;0;0;0;0;0;0;0;0
FR;6;2021-03-11;0;0;0;0;0;0;0;0;0;0
FR;6;2021-03-12;0;0;0;0;0;0;0;0;0;0
FR;6;2021-03-13;0;0;0;0;0;0;0;0;0;0
FR;6;2021-03-14;0;0;0;0;0;0;0;0;0;0
FR;6;2021-03-15;0;0;0;0;0;0;0;0;0;0
FR;6;2021-03-16;0;0;0;0;0;0;0;0;0;0
FR;6;2021-03-17;0;0;0;0;0;0;0;0;0;0
FR;6;2021-03-18;0;0;0;0;0;0;0;0;0;0
FR;6;2021-03-19;0;0;0;0;0;0;0;0;0;0
FR;6;2021-03-20;0;0;0;0;0;0;0;0;0;0
FR;6;2021-03-21;0;0;0;0;0;0;0;0;0;0
FR;6;2021-03-22;0;0;0;0;0;0;0;0;0;0
FR;6;2021-03-23;0;0;0;0;0;0;0;0;0;0
FR;6;2021-03-24;0;0;0;0;0;0;0;0;0;0
FR;6;2021-03-25;0;0;0;0;0;0;0;0;0;0
FR;6;2021-03-26;0;0;0;0;0;0;0;0;0;0
FR;6;2021-03-27;0;0;0;0;0;0;0;0;0;0
FR;6;2021-03-28;0;0;0;0;0;0;0;0;0;0
FR;6;2021-03-29;0;0;0;0;0;0;0;0;0;0
FR;6;2021-03-30;0;0;0;0;0;0;0;0;0;0
FR;6;2021-03-31;0;0;0;0;0;0;0;0;0;0
FR;6;2021-04-01;0;0;0;0;0;0;0;0;0;0
FR;6;2021-04-02;0;0;0;0;0;0;0;0;0;0
FR;6;2021-04-03;0;0;0;0;0;0;0;0;0;0
FR;6;2021-04-04;0;0;0;0;0;0;0;0;0;0
FR;6;2021-04-05;0;0;0;0;0;0;0;0;0;0
FR;6;2021-04-06;0;0;0;0;0;0;0;0;0;0
FR;6;2021-04-07;0;0;0;0;0;0;0;0;0;0
FR;6;2021-04-08;0;0;0;0;0;0;0;0;0;0
FR;6;2021-04-09;0;0;0;0;0;0;0;0;0;0
FR;6;2021-04-10;0;0;0;0;0;0;0;0;0;0
FR;6;2021-04-11;0;0;0;0;0;0;0;0;0;0
FR;6;2021-04-12;0;0;0;0;0;0;0;0;0;0
FR;6;2021-04-13;0;0;0;0;0;0;0;0;0;0
FR;6;2021-04-14;0;0;0;0;0;0;0;0;0;0
FR;6;2021-04-15;0;0;0;0;0;0;0;0;0;0
FR;6;2021-04-16;0;0;0;0;0;0;0;0;0;0
FR;6;2021-04-17;0;0;0;0;0;0;0;0;0;0
FR;6;2021-04-18;0;0;0;0;0;0;0;0;0;0
FR;6;2021-04-19;0;0;0;0;0;0;0;0;0;0
FR;6;2021-04-20;0;0;0;0;0;0;0;0;0;0
FR;6;2021-04-21;0;0;0;0;0;0;0;0;0;0
FR;6;2021-04-22;0;0;0;0;0;0;0;0;0;0
FR;6;2021-04-23;0;0;0;0;0;0;0;0;0;0
FR;6;2021-04-24;0;0;0;0;0;0;0;0;0;0
FR;6;2021-04-25;0;0;0;0;0;0;0;0;0;0
FR;6;2021-04-26;0;0;0;0;0;0;0;0;0;0
FR;6;2021-04-27;0;0;0;0;0;0;0;0;0;0
FR;6;2021-04-28;0;0;0;0;0;0;0;0;0;0
FR;6;2021-04-29;0;0;0;0;0;0;0;0;0;0
FR;6;2021-04-30;0;0;0;0;0;0;0;0;0;0
FR;6;2021-05-01;0;0;0;0;0;0;0;0;0;0
FR;6;2021-05-02;0;0;0;0;0;0;0;0;0;0
FR;6;2021-05-03;0;0;0;0;0;0;0;0;0;0
FR;6;2021-05-04;0;0;0;0;0;0;0;0;0;0
FR;6;2021-05-05;0;0;0;0;0;0;0;0;0;0
FR;6;2021-05-06;0;0;0;0;0;0;0;0;0;0
FR;6;2021-05-07;0;0;0;0;0;0;0;0;0;0
FR;6;2021-05-08;0;0;0;0;0;0;0;0;0;0
FR;6;2021-05-09;0;0;0;0;0;0;0;0;0;0
FR;6;2021-05-10;0;0;0;0;0;0;0;0;0;0
FR;6;2021-05-11;0;0;0;0;0;0;0;0;0;0
FR;6;2021-05-12;0;0;0;0;0;0;0;0;0;0
FR;6;2021-05-13;0;0;0;0;0;0;0;0;0;0
FR;6;2021-05-14;0;0;0;0;0;0;0;0;0;0
FR;6;2021-05-15;0;0;0;0;0;0;0;0;0;0
FR;6;2021-05-16;0;0;0;0;0;0;0;0;0;0
FR;6;2021-05-17;0;0;0;0;0;0;0;0;0;0
FR;6;2021-05-18;0;0;0;0;0;0;0;0;0;0
FR;6;2021-05-19;0;0;0;0;0;0;0;0;0;0
FR;6;2021-05-20;0;0;0;0;0;0;0;0;0;0
FR;6;2021-05-21;0;0;0;0;0;0;0;0;0;0
FR;6;2021-05-22;0;0;0;0;0;0;0;0;0;0
FR;6;2021-05-23;0;0;0;0;0;0;0;0;0;0
FR;6;2021-05-24;0;0;0;0;0;0;0;0;0;0
FR;6;2021-05-25;0;0;0;0;0;0;0;0;0;0
FR;6;2021-05-26;0;0;0;0;0;0;0;0;0;0
FR;6;2021-05-27;0;0;0;0;0;0;0;0;0;0
FR;6;2021-05-28;0;0;0;0;0;0;0;0;0;0
FR;6;2021-05-29;0;0;0;0;0;0;0;0;0;0
FR;6;2021-05-30;0;0;0;0;0;0;0;0;0;0
FR;6;2021-05-31;0;0;0;0;0;0;0;0;0;0
FR;6;2021-06-01;0;0;0;0;0;0;0;0;0;0
FR;6;2021-06-02;0;0;0;0;0;0;0;0;0;0
FR;6;2021-06-03;0;0;0;0;0;0;0;0;0;0
FR;6;2021-06-04;0;0;0;0;0;0;0;0;0;0
FR;6;2021-06-05;0;0;0;0;0;0;0;0;0;0
FR;6;2021-06-06;0;0;0;0;0;0;0;0;0;0
FR;6;2021-06-07;0;0;0;0;0;0;0;0;0;0
FR;6;2021-06-08;0;0;0;0;0;0;0;0;0;0
FR;6;2021-06-09;0;0;0;0;0;0;0;0;0;0
FR;6;2021-06-10;0;0;0;0;0;0;0;0;0;0
FR;6;2021-06-11;0;0;0;0;0;0;0;0;0;0
FR;6;2021-06-12;0;0;0;0;0;0;0;0;0;0
FR;6;2021-06-13;0;0;0;0;0;0;0;0;0;0
FR;6;2021-06-14;0;0;0;0;0;0;0;0;0;0
FR;6;2021-06-15;0;0;0;0;0;0;0;0;0;0
FR;6;2021-06-16;0;0;0;0;0;0;0;0;0;0
FR;6;2021-06-17;0;0;0;0;0;0;0;0;0;0
FR;6;2021-06-18;0;0;0;0;0;0;0;0;0;0
FR;6;2021-06-19;0;0;0;0;0;0;0;0;0;0
FR;6;2021-06-20;0;0;0;0;0;0;0;0;0;0
FR;6;2021-06-21;0;0;0;0;0;0;0;0;0;0
FR;6;2021-06-22;0;0;0;0;0;0;0;0;0;0
FR;6;2021-06-23;0;0;0;0;0;0;0;0;0;0
FR;6;2021-06-24;0;0;0;0;0;0;0;0;0;0
FR;6;2021-06-25;0;0;0;0;0;0;0;0;0;0
FR;6;2021-06-26;0;0;0;0;0;0;0;0;0;0
FR;6;2021-06-27;0;0;0;0;0;0;0;0;0;0
FR;6;2021-06-28;0;0;0;0;0;0;0;0;0;0
FR;6;2021-06-29;0;0;0;0;0;0;0;0;0;0
FR;6;2021-06-30;0;0;0;0;0;0;0;0;0;0
FR;6;2021-07-01;0;0;0;0;0;0;0;0;0;0
FR;6;2021-07-02;0;0;0;0;0;0;0;0;0;0
FR;6;2021-07-03;0;0;0;0;0;0;0;0;0;0
FR;6;2021-07-04;0;0;0;0;0;0;0;0;0;0
FR;6;2021-07-05;0;0;0;0;0;0;0;0;0;0
FR;6;2021-07-06;0;0;0;0;0;0;0;0;0;0
FR;6;2021-07-07;0;0;0;0;0;0;0;0;0;0
FR;6;2021-07-08;0;0;0;0;0;0;0;0;0;0
FR;6;2021-07-09;0;0;0;0;0;0;0;0;0;0
FR;6;2021-07-10;0;0;0;0;0;0;0;0;0;0
FR;6;2021-07-11;0;0;0;0;0;0;0;0;0;0
FR;6;2021-07-12;0;0;0;0;0;0;0;0;0;0
FR;6;2021-07-13;0;0;0;0;0;0;0;0;0;0
FR;6;2021-07-14;0;0;0;0;0;0;0;0;0;0
FR;6;2021-07-15;0;0;0;0;0;0;0;0;0;0
FR;6;2021-07-16;0;0;0;0;0;0;0;0;0;0
FR;6;2021-07-17;0;0;0;0;0;0;0;0;0;0
FR;6;2021-07-18;0;0;0;0;0;0;0;0;0;0
FR;6;2021-07-19;0;0;0;0;0;0;0;0;0;0
FR;6;2021-07-20;0;0;0;0;0;0;0;0;0;0
FR;6;2021-07-21;0;0;0;0;0;0;0;0;0;0
FR;6;2021-07-22;0;0;0;0;0;0;0;0;0;0
FR;6;2021-07-23;0;0;0;0;0;0;0;0;0;0
FR;6;2021-07-24;0;0;0;0;0;0;0;0;0;0
FR;6;2021-07-25;0;0;0;0;0;0;0;0;0;0
FR;6;2021-07-26;0;0;0;0;0;0;0;0;0;0
FR;6;2021-07-27;0;0;0;0;0;0;0;0;0;0
FR;6;2021-07-28;0;0;0;0;0;0;0;0;0;0
FR;6;2021-07-29;0;0;0;0;0;0;0;0;0;0
FR;6;2021-07-30;0;0;0;0;0;0;0;0;0;0
FR;6;2021-07-31;0;0;0;0;0;0;0;0;0;0
FR;6;2021-08-01;0;0;0;0;0;0;0;0;0;0
FR;6;2021-08-02;0;0;0;0;0;0;0;0;0;0
FR;6;2021-08-03;0;0;0;0;0;0;0;0;0;0
FR;6;2021-08-04;0;0;0;0;0;0;0;0;0;0
FR;6;2021-08-05;0;0;0;0;0;0;0;0;0;0
FR;6;2021-08-06;0;0;0;0;0;0;0;0;0;0
FR;6;2021-08-07;0;0;0;0;0;0;0;0;0;0
FR;6;2021-08-08;0;0;0;0;0;0;0;0;0;0
FR;6;2021-08-09;0;0;0;0;0;0;0;0;0;0
FR;6;2021-08-10;0;0;0;0;0;0;0;0;0;0
FR;6;2021-08-11;0;0;0;0;0;0;0;0;0;0
FR;6;2021-08-12;0;0;0;0;0;0;0;0;0;0
FR;6;2021-08-13;0;0;0;0;0;0;0;0;0;0
FR;6;2021-08-14;0;0;0;0;0;0;0;0;0;0
FR;6;2021-08-15;0;0;0;0;0;0;0;0;0;0
FR;6;2021-08-16;0;0;0;0;0;0;0;0;0;0
FR;6;2021-08-17;0;0;0;0;0;0;0;0;0;0
FR;6;2021-08-18;0;0;0;0;0;0;0;0;0;0
FR;6;2021-08-19;0;0;0;0;0;0;0;0;0;0
FR;6;2021-08-20;0;0;0;0;0;0;0;0;0;0
FR;6;2021-08-21;0;0;0;0;0;0;0;0;0;0
FR;6;2021-08-22;0;0;0;0;0;0;0;0;0;0
FR;6;2021-08-23;0;0;0;0;0;0;0;0;0;0
FR;6;2021-08-24;0;0;0;0;0;0;0;0;0;0
FR;6;2021-08-25;0;0;0;0;0;0;0;0;0;0
FR;6;2021-08-26;0;0;0;0;0;0;0;0;0;0
FR;6;2021-08-27;0;0;0;0;0;0;0;0;0;0
FR;6;2021-08-28;0;0;0;0;0;0;0;0;0;0
FR;6;2021-08-29;0;0;0;0;0;0;0;0;0;0
FR;6;2021-08-30;0;0;0;0;0;0;0;0;0;0
FR;6;2021-08-31;0;0;0;0;0;0;0;0;0;0
FR;6;2021-09-01;0;0;0;0;0;0;0;0;0;0
FR;6;2021-09-02;0;0;0;0;0;0;0;0;0;0
FR;6;2021-09-03;0;0;0;0;0;0;0;0;0;0
FR;6;2021-09-04;0;0;0;0;0;0;0;0;0;0
FR;6;2021-09-05;0;0;0;0;0;0;0;0;0;0
FR;6;2021-09-06;0;0;0;0;0;0;0;0;0;0
FR;6;2021-09-07;0;0;0;0;0;0;0;0;0;0
FR;6;2021-09-08;0;0;0;0;0;0;0;0;0;0
FR;6;2021-09-09;0;0;0;0;0;0;0;0;0;0
FR;6;2021-09-10;0;0;0;0;0;0;0;0;0;0
FR;6;2021-09-11;0;0;0;0;0;0;0;0;0;0
FR;6;2021-09-12;0;0;0;0;0;0;0;0;0;0
FR;6;2021-09-13;0;0;0;0;0;0;0;0;0;0
FR;6;2021-09-14;0;0;0;0;0;0;0;0;0;0
FR;6;2021-09-15;0;0;0;0;0;0;0;0;0;0
FR;6;2021-09-16;0;0;0;0;0;0;0;0;0;0
FR;6;2021-09-17;0;0;0;0;0;0;0;0;0;0
FR;6;2021-09-18;0;0;0;0;0;0;0;0;0;0
FR;6;2021-09-19;0;0;0;0;0;0;0;0;0;0
FR;6;2021-09-20;0;0;0;0;0;0;0;0;0;0
FR;6;2021-09-21;0;0;0;0;0;0;0;0;0;0
FR;6;2021-09-22;0;0;0;0;0;0;0;0;0;0
FR;6;2021-09-23;0;0;0;0;0;0;0;0;0;0
FR;6;2021-09-24;0;0;0;0;0;0;0;0;0;0
FR;6;2021-09-25;0;0;0;0;0;0;0;0;0;0
FR;6;2021-09-26;0;0;0;0;0;0;0;0;0;0
FR;6;2021-09-27;0;0;0;0;0;0;0;0;0;0
FR;6;2021-09-28;0;0;0;0;0;0;0;0;0;0
FR;6;2021-09-29;0;0;0;0;0;0;0;0;0;0
FR;6;2021-09-30;0;0;0;0;0;0;0;0;0;0
FR;6;2021-10-01;0;0;0;0;0;0;0;0;0;0
FR;6;2021-10-02;0;0;0;0;0;0;0;0;0;0
FR;6;2021-10-03;0;0;0;0;0;0;0;0;0;0
FR;6;2021-10-04;0;0;0;0;0;0;0;0;0;0
FR;6;2021-10-05;0;0;0;0;0;0;0;0;0;0
FR;6;2021-10-06;0;0;0;0;0;0;0;0;0;0
FR;6;2021-10-07;0;0;0;0;0;0;0;0;0;0
FR;6;2021-10-08;0;0;0;0;0;0;0;0;0;0
FR;6;2021-10-09;0;0;0;0;0;0;0;0;0;0
FR;6;2021-10-10;0;0;0;0;0;0;0;0;0;0
FR;6;2021-10-11;0;0;0;0;0;0;0;0;0;0
FR;6;2021-10-12;0;0;0;0;0;0;0;0;0;0
FR;6;2021-10-13;0;0;0;0;0;0;0;0;0;0
FR;6;2021-10-14;0;0;0;0;0;0;0;0;0;0
FR;6;2021-10-15;0;0;0;0;0;0;0;0;0;0
FR;6;2021-10-16;0;0;0;0;0;0;0;0;0;0
FR;6;2021-10-17;0;0;0;0;0;0;0;0;0;0
FR;6;2021-10-18;0;0;0;0;0;0;0;0;0;0
FR;6;2021-10-19;0;0;0;0;0;0;0;0;0;0
FR;6;2021-10-20;0;0;0;0;0;0;0;0;0;0
FR;6;2021-10-21;0;0;0;0;0;0;0;0;0;0
FR;6;2021-10-22;0;0;0;0;0;0;0;0;0;0
FR;6;2021-10-23;0;0;0;0;0;0;0;0;0;0
FR;6;2021-10-24;0;0;0;0;0;0;0;0;0;0
FR;6;2021-10-25;0;0;0;0;0;0;0;0;0;0
FR;6;2021-10-26;0;0;0;0;0;0;0;0;0;0
FR;6;2021-10-27;0;0;0;0;0;0;0;0;0;0
FR;6;2021-10-28;0;0;0;0;0;0;0;0;0;0
FR;6;2021-10-29;0;0;0;0;0;0;0;0;0;0
FR;6;2021-10-30;0;0;0;0;0;0;0;0;0;0
FR;6;2021-10-31;0;0;0;0;0;0;0;0;0;0
FR;6;2021-11-01;0;0;0;0;0;0;0;0;0;0
FR;6;2021-11-02;0;0;0;0;0;0;0;0;0;0
FR;6;2021-11-03;0;0;0;0;0;0;0;0;0;0
FR;6;2021-11-04;0;0;0;0;0;0;0;0;0;0
FR;6;2021-11-05;0;0;0;0;0;0;0;0;0;0
FR;6;2021-11-06;0;0;0;0;0;0;0;0;0;0
FR;6;2021-11-07;0;0;0;0;0;0;0;0;0;0
FR;6;2021-11-08;0;0;0;0;0;0;0;0;0;0
FR;6;2021-11-09;0;0;0;0;0;0;0;0;0;0
FR;6;2021-11-10;0;0;0;0;0;0;0;0;0;0
FR;6;2021-11-11;0;0;0;0;0;0;0;0;0;0
FR;6;2021-11-12;0;0;0;0;0;0;0;0;0;0
FR;6;2021-11-13;0;0;0;0;0;0;0;0;0;0
FR;6;2021-11-14;0;0;0;0;0;0;0;0;0;0
FR;6;2021-11-15;0;0;0;0;0;0;0;0;0;0
FR;6;2021-11-16;0;0;0;0;0;0;0;0;0;0
FR;6;2021-11-17;0;0;0;0;0;0;0;0;0;0
FR;6;2021-11-18;0;0;0;0;0;0;0;0;0;0
FR;6;2021-11-19;0;0;0;0;0;0;0;0;0;0
FR;6;2021-11-20;0;0;0;0;0;0;0;0;0;0
FR;6;2021-11-21;0;0;0;0;0;0;0;0;0;0
FR;6;2021-11-22;0;0;0;0;0;0;0;0;0;0
FR;6;2021-11-23;0;0;0;0;0;0;0;0;0;0
FR;6;2021-11-24;0;0;0;0;0;0;0;0;0;0
FR;6;2021-11-25;0;0;0;0;0;0;0;0;0;0
FR;6;2021-11-26;0;0;0;0;0;0;0;0;0;0
FR;6;2021-11-27;0;0;0;0;0;0;0;0;0;0
FR;6;2021-11-28;0;0;0;0;0;0;0;0;0;0
FR;6;2021-11-29;0;0;0;0;0;0;0;0;0;0
FR;6;2021-11-30;0;0;0;0;0;0;0;0;0;0
FR;6;2021-12-01;0;0;0;0;0;0;0;0;0;0
FR;6;2021-12-02;0;0;0;0;0;0;0;0;0;0
FR;6;2021-12-03;0;0;0;0;0;0;0;0;0;0
FR;6;2021-12-04;0;0;0;0;0;0;0;0;0;0
FR;6;2021-12-05;0;0;0;0;0;0;0;0;0;0
FR;6;2021-12-06;0;0;0;0;0;0;0;0;0;0
FR;6;2021-12-07;0;0;0;0;0;0;0;0;0;0
FR;6;2021-12-08;0;0;0;0;0;0;0;0;0;0
FR;6;2021-12-09;0;0;0;0;0;0;0;0;0;0
FR;6;2021-12-10;0;0;0;0;0;0;0;0;0;0
FR;6;2021-12-11;0;0;0;0;0;0;0;0;0;0
FR;6;2021-12-12;0;0;0;0;0;0;0;0;0;0
FR;6;2021-12-13;0;0;0;0;0;0;0;0;0;0
FR;6;2021-12-14;0;0;0;0;0;0;0;0;0;0
FR;6;2021-12-15;0;0;0;0;0;0;0;0;0;0
FR;6;2021-12-16;0;0;0;0;0;0;0;0;0;0
FR;6;2021-12-17;0;0;0;0;0;0;0;0;0;0
FR;6;2021-12-18;0;0;0;0;0;0;0;0;0;0
FR;6;2021-12-19;0;0;0;0;0;0;0;0;0;0
FR;6;2021-12-20;0;0;0;0;0;0;0;0;0;0
FR;6;2021-12-21;0;0;0;0;0;0;0;0;0;0
FR;6;2021-12-22;0;0;0;0;0;0;0;0;0;0
FR;6;2021-12-23;0;0;0;0;0;0;0;0;0;0
FR;6;2021-12-24;0;0;0;0;0;0;0;0;0;0
FR;6;2021-12-25;0;0;0;0;0;0;0;0;0;0
FR;6;2021-12-26;0;0;0;0;0;0;0;0;0;0
FR;6;2021-12-27;0;0;0;0;0;0;0;0;0;0
FR;6;2021-12-28;0;0;0;0;0;0;0;0;0;0
FR;6;2021-12-29;0;0;0;0;0;0;0;0;0;0
FR;6;2021-12-30;0;0;0;0;0;0;0;0;0;0
FR;6;2021-12-31;0;0;0;0;0;0;0;0;0;0
FR;6;2022-01-01;0;0;0;0;0;0;0;0;0;0
FR;6;2022-01-02;0;0;0;0;0;0;0;0;0;0
FR;6;2022-01-03;0;0;0;0;0;0;0;0;0;0
FR;6;2022-01-04;0;0;0;0;0;0;0;0;0;0
FR;6;2022-01-05;0;0;0;0;0;0;0;0;0;0
FR;6;2022-01-06;0;0;0;0;0;0;0;0;0;0
FR;6;2022-01-07;0;0;0;0;0;0;0;0;0;0
FR;6;2022-01-08;0;0;0;0;0;0;0;0;0;0
FR;6;2022-01-09;0;0;0;0;0;0;0;0;0;0
FR;6;2022-01-10;0;0;0;0;0;0;0;0;0;0
FR;6;2022-01-11;0;0;0;0;0;0;0;0;0;0
FR;6;2022-01-12;0;0;0;0;0;0;0;0;0;0
FR;6;2022-01-13;0;0;0;0;0;0;0;0;0;0
FR;6;2022-01-14;0;0;0;0;0;0;0;0;0;0
FR;6;2022-01-15;0;0;0;0;0;0;0;0;0;0
FR;6;2022-01-16;0;0;0;0;0;0;0;0;0;0
FR;6;2022-01-17;0;0;0;0;0;0;0;0;0;0
FR;6;2022-01-18;0;0;0;0;0;0;0;0;0;0
FR;6;2022-01-19;0;0;0;0;0;0;0;0;0;0
FR;6;2022-01-20;0;0;0;0;0;0;0;0;0;0
FR;6;2022-01-21;0;0;0;0;0;0;0;0;0;0
FR;6;2022-01-22;0;0;0;0;0;0;0;0;0;0
FR;6;2022-01-23;0;0;0;0;0;0;0;0;0;0
FR;6;2022-01-24;0;0;0;0;0;0;0;0;0;0
FR;6;2022-01-25;0;0;0;0;0;0;0;0;0;0
FR;6;2022-01-26;0;0;0;0;0;0;0;0;0;0
FR;6;2022-01-27;0;0;0;0;0;0;0;0;0;0
FR;6;2022-01-28;0;0;0;0;0;0;0;0;0;0
FR;6;2022-01-29;0;0;0;0;0;0;0;0;0;0
FR;6;2022-01-30;0;0;0;0;0;0;0;0;0;0
FR;6;2022-01-31;0;0;0;0;0;0;0;0;0;0
FR;6;2022-02-01;0;0;0;0;0;0;0;0;0;0
FR;6;2022-02-02;0;0;0;0;0;0;0;0;0;0
FR;6;2022-02-03;0;0;0;0;0;0;0;0;0;0
FR;6;2022-02-04;0;0;0;0;0;0;0;0;0;0
FR;6;2022-02-05;0;0;0;0;0;0;0;0;0;0
FR;6;2022-02-06;0;0;0;0;0;0;0;0;0;0
FR;6;2022-02-07;0;0;0;0;0;0;0;0;0;0
FR;6;2022-02-08;0;0;0;0;0;0;0;0;0;0
FR;6;2022-02-09;0;0;0;0;0;0;0;0;0;0
FR;6;2022-02-10;0;0;0;0;0;0;0;0;0;0
FR;6;2022-02-11;0;0;0;0;0;0;0;0;0;0
FR;6;2022-02-12;0;0;0;0;0;0;0;0;0;0
FR;6;2022-02-13;0;0;0;0;0;0;0;0;0;0
FR;6;2022-02-14;0;0;0;0;0;0;0;0;0;0
FR;6;2022-02-15;0;0;0;0;0;0;0;0;0;0
FR;6;2022-02-16;0;0;0;0;0;0;0;0;0;0
FR;6;2022-02-17;0;0;0;0;0;0;0;0;0;0
FR;6;2022-02-18;0;0;0;0;0;0;0;0;0;0
FR;6;2022-02-19;0;0;0;0;0;0;0;0;0;0
FR;6;2022-02-20;0;0;0;0;0;0;0;0;0;0
FR;6;2022-02-21;0;0;0;0;0;0;0;0;0;0
FR;6;2022-02-22;0;0;0;0;0;0;0;0;0;0
FR;6;2022-02-23;0;0;0;0;0;0;0;0;0;0
FR;6;2022-02-24;0;0;0;0;0;0;0;0;0;0
FR;6;2022-02-25;0;0;0;0;0;0;0;0;0;0
FR;6;2022-02-26;1;0;0;0;0;1;0;0;0;0
FR;6;2022-02-27;0;0;0;0;0;1;0;0;0;0
FR;6;2022-02-28;0;0;0;0;0;1;0;0;0;0
FR;6;2022-03-01;3;0;0;0;0;4;0;0;0;0
FR;6;2022-03-02;97;9;2;0;7;101;9;2;0;7
FR;6;2022-03-03;0;0;0;0;0;101;9;2;0;7
FR;6;2022-03-04;91;4;0;0;4;192;13;2;0;11
FR;6;2022-03-05;391;23;2;0;14;583;36;4;0;25
FR;6;2022-03-06;7;1;0;0;0;590;37;4;0;25
FR;6;2022-03-07;337;19;0;0;13;927;56;4;0;38
FR;6;2022-03-08;230;14;0;0;5;1157;70;4;0;43
FR;6;2022-03-09;519;29;2;0;21;1676;99;6;0;64
FR;6;2022-03-10;207;18;0;1;12;1883;117;6;1;76
FR;6;2022-03-11;328;21;6;0;21;2211;138;12;1;97
FR;6;2022-03-12;518;25;1;0;20;2729;163;13;1;117
FR;6;2022-03-13;40;2;0;0;1;2769;165;13;1;118
FR;6;2022-03-14;201;4;2;0;3;2970;169;15;1;121
FR;6;2022-03-15;112;11;2;0;9;3082;180;17;1;130
FR;6;2022-03-16;310;17;1;1;14;3392;197;18;2;144
FR;6;2022-03-17;117;6;1;2;4;3509;203;19;4;148
FR;6;2022-03-18;214;11;0;0;6;3723;214;19;4;154
FR;6;2022-03-19;307;19;2;0;9;4030;233;21;4;163
FR;6;2022-03-20;15;5;0;0;1;4045;238;21;4;164
FR;6;2022-03-21;132;23;1;0;4;4177;261;22;4;168
FR;6;2022-03-22;97;15;0;0;4;4274;276;22;4;172
FR;6;2022-03-23;226;108;3;0;14;4500;384;25;4;186
FR;6;2022-03-24;99;15;1;3;4;4599;399;26;7;190
FR;6;2022-03-25;203;141;2;1;15;4802;540;28;8;205
FR;6;2022-03-26;332;295;7;1;19;5134;835;35;9;224
FR;6;2022-03-27;32;30;1;0;1;5166;865;36;9;225
FR;6;2022-03-28;200;208;8;1;17;5366;1073;44;10;242
FR;6;2022-03-29;126;189;12;2;12;5492;1262;56;12;254
FR;6;2022-03-30;305;476;10;2;22;5797;1738;66;14;276
FR;6;2022-03-31;124;140;9;0;13;5921;1878;75;14;289
FR;6;2022-04-01;194;150;11;2;23;6115;2028;86;16;312
FR;6;2022-04-02;205;241;9;1;13;6320;2269;95;17;325
FR;6;2022-04-03;17;21;0;0;1;6337;2290;95;17;326
FR;6;2022-04-04;130;114;6;1;9;6467;2404;101;18;335
FR;6;2022-04-05;145;88;15;1;11;6612;2492;116;19;346
FR;6;2022-04-06;203;245;22;26;27;6815;2737;138;45;373
FR;6;2022-04-07;127;96;15;5;17;6942;2833;153;50;390
FR;6;2022-04-08;199;170;16;3;17;7141;3003;169;53;407
FR;6;2022-04-09;145;139;6;12;13;7286;3142;175;65;420
FR;6;2022-04-10;10;20;3;0;1;7296;3162;178;65;421
FR;6;2022-04-11;101;106;4;0;5;7397;3268;182;65;426
FR;6;2022-04-12;134;75;5;8;10;7531;3343;187;73;436
FR;6;2022-04-13;160;175;7;5;13;7691;3518;194;78;449
FR;6;2022-04-14;100;103;5;10;8;7791;3621;199;88;457
FR;6;2022-04-15;160;148;11;7;19;7951;3769;210;95;476
FR;6;2022-04-16;127;132;5;0;14;8078;3901;215;95;490
FR;6;2022-04-17;8;9;4;0;4;8086;3910;219;95;494
FR;6;2022-04-18;8;15;3;0;4;8094;3925;222;95;498
FR;6;2022-04-19;97;112;4;3;3;8191;4037;226;98;501
FR;6;2022-04-20;172;227;8;7;15;8363;4264;234;105;516
FR;6;2022-04-21;111;93;8;4;11;8474;4357;242;109;527
FR;6;2022-04-22;136;160;13;12;13;8610;4517;255;121;540
FR;6;2022-04-23;104;129;1;1;7;8714;4646;256;122;547
FR;6;2022-04-24;5;21;1;0;0;8719;4667;257;122;547
FR;6;2022-04-25;90;128;3;8;11;8809;4795;260;130;558
FR;6;2022-04-26;101;128;18;2;16;8910;4923;278;132;574
FR;6;2022-04-27;196;159;21;1;27;9106;5082;299;133;601
FR;6;2022-04-28;108;87;6;1;8;9214;5169;305;134;609
FR;6;2022-04-29;186;168;16;2;20;9400;5337;321;136;629
FR;6;2022-04-30;131;125;7;1;24;9531;5462;328;137;653
FR;6;2022-05-01;7;6;0;0;0;9538;5468;328;137;653
FR;6;2022-05-02;94;65;3;4;3;9632;5533;331;141;656
FR;6;2022-05-03;136;91;11;2;7;9768;5624;342;143;663
FR;6;2022-05-04;165;117;25;12;29;9933;5741;367;155;692
FR;6;2022-05-05;101;70;8;3;12;10034;5811;375;158;704
FR;6;2022-05-06;149;110;10;9;16;10183;5921;385;167;720
FR;6;2022-05-07;138;93;13;3;23;10321;6014;398;170;743
FR;6;2022-05-08;20;8;6;5;7;10341;6022;404;175;750
FR;6;2022-05-09;83;70;9;7;13;10424;6092;413;182;763
FR;6;2022-05-10;109;80;15;7;12;10533;6172;428;189;775
FR;6;2022-05-11;130;120;11;14;20;10663;6292;439;203;795
FR;6;2022-05-12;104;75;6;5;13;10767;6367;445;208;808
FR;6;2022-05-13;154;94;17;21;19;10921;6461;462;229;827
FR;6;2022-05-14;81;59;6;7;15;11002;6520;468;236;842
FR;6;2022-05-15;12;7;1;0;1;11014;6527;469;236;843
FR;6;2022-05-16;63;50;7;2;12;11077;6577;476;238;855
FR;6;2022-05-17;120;72;3;7;9;11197;6649;479;245;864
FR;0;2020-12-27;601;0;0;0;0;601;0;0;0;0
FR;0;2020-12-28;663;1;0;0;0;1264;1;0;0;0
FR;0;2020-12-29;371;0;0;0;0;1635;1;0;0;0
FR;0;2020-12-30;436;0;0;0;0;2071;1;0;0;0
FR;0;2020-12-31;413;0;0;0;0;2484;1;0;0;0
FR;0;2021-01-01;1135;1;0;0;0;3619;2;0;0;0
FR;0;2021-01-02;356;3;0;0;0;3975;5;0;0;0
FR;0;2021-01-03;398;0;0;0;0;4373;5;0;0;0
FR;0;2021-01-04;2086;2;0;0;0;6459;7;0;0;0
FR;0;2021-01-05;7544;2;0;0;0;14003;9;0;0;0
FR;0;2021-01-06;12408;10;0;0;0;26411;19;0;0;0
FR;0;2021-01-07;29445;9;0;0;0;55856;28;0;0;0
FR;0;2021-01-08;37121;9;0;0;0;92977;37;0;0;0
FR;0;2021-01-09;11209;4;0;0;0;104186;41;0;0;0
FR;0;2021-01-10;5996;3;0;0;0;110182;44;0;0;0
FR;0;2021-01-11;39922;16;0;0;0;150104;60;0;0;0
FR;0;2021-01-12;62119;15;0;0;0;212223;75;0;0;0
FR;0;2021-01-13;65096;28;0;0;0;277319;103;0;0;0
FR;0;2021-01-14;83124;68;0;0;0;360443;171;0;0;0
FR;0;2021-01-15;68985;26;0;0;0;429428;197;0;0;0
FR;0;2021-01-16;20208;70;0;0;0;449636;267;0;0;0
FR;0;2021-01-17;10976;46;0;0;0;460612;313;0;0;0
FR;0;2021-01-18;85871;166;0;0;0;546483;479;0;0;0
FR;0;2021-01-19;130569;170;0;0;0;677052;649;0;0;0
FR;0;2021-01-20;137521;170;0;0;0;814573;819;0;0;0
FR;0;2021-01-21;158367;168;0;0;0;972940;987;0;0;0
FR;0;2021-01-22;121036;198;0;0;0;1093976;1185;0;0;0
FR;0;2021-01-23;38464;63;0;0;0;1132440;1248;0;0;0
FR;0;2021-01-24;9740;69;0;0;0;1142180;1317;0;0;0
FR;0;2021-01-25;78216;1262;0;0;0;1220396;2579;0;0;0
FR;0;2021-01-26;100353;3273;1;0;0;1320749;5852;1;0;0
FR;0;2021-01-27;107222;5890;0;0;0;1427971;11742;1;0;0
FR;0;2021-01-28;124322;14914;0;0;0;1552293;26656;1;0;0
FR;0;2021-01-29;92169;17695;0;0;0;1644462;44351;1;0;0
FR;0;2021-01-30;29110;4255;0;0;0;1673572;48606;1;0;0
FR;0;2021-01-31;5224;1731;0;0;0;1678796;50337;1;0;0
FR;0;2021-02-01;53101;21493;0;0;0;1731897;71830;1;0;0
FR;0;2021-02-02;72274;35618;0;0;0;1804171;107448;1;0;0
FR;0;2021-02-03;72284;37841;0;0;0;1876455;145289;1;0;0
FR;0;2021-02-04;82046;51364;0;0;0;1958501;196653;1;0;0
FR;0;2021-02-05;68215;46038;0;0;0;2026716;242691;1;0;0
FR;0;2021-02-06;23115;10755;0;0;0;2049831;253446;1;0;0
FR;0;2021-02-07;5181;5253;0;0;0;2055012;258699;1;0;0
FR;0;2021-02-08;46815;46824;0;0;0;2101827;305523;1;0;0
FR;0;2021-02-09;65990;74156;0;0;0;2167817;379679;1;0;0
FR;0;2021-02-10;70977;78957;0;0;0;2238794;458636;1;0;0
FR;0;2021-02-11;87235;100952;0;0;0;2326029;559588;1;0;0
FR;0;2021-02-12;79284;74833;0;0;0;2405313;634421;1;0;0
FR;0;2021-02-13;22351;19501;0;0;0;2427664;653922;1;0;0
FR;0;2021-02-14;5070;7184;0;0;0;2432734;661106;1;0;0
FR;0;2021-02-15;38067;76604;0;0;0;2470801;737710;1;0;0
FR;0;2021-02-16;50360;100533;0;0;0;2521161;838243;1;0;0
FR;0;2021-02-17;50493;104494;1;0;0;2571654;942737;2;0;0
FR;0;2021-02-18;69755;120141;0;0;0;2641409;1062878;2;0;0
FR;0;2021-02-19;65047;90998;1;0;0;2706456;1153876;3;0;0
FR;0;2021-02-20;18573;28570;0;0;0;2725029;1182446;3;0;0
FR;0;2021-02-21;3313;6318;0;0;0;2728342;1188764;3;0;0
FR;0;2021-02-22;37476;73122;2;0;0;2765818;1261886;5;0;0
FR;0;2021-02-23;53758;84395;1;0;0;2819576;1346281;6;0;0
FR;0;2021-02-24;59976;81609;1;0;0;2879552;1427890;7;0;0
FR;0;2021-02-25;100540;91384;1;0;0;2980092;1519274;8;0;0
FR;0;2021-02-26;113422;70756;1;0;0;3093514;1590030;9;0;0
FR;0;2021-02-27;52091;22138;0;0;0;3145605;1612168;9;0;0
FR;0;2021-02-28;6190;4292;1;0;0;3151795;1616460;10;0;0
FR;0;2021-03-01;65825;53271;1;0;0;3217620;1669731;11;0;0
FR;0;2021-03-02;101343;66548;2;0;0;3318963;1736279;13;0;0
FR;0;2021-03-03;116459;65528;0;0;0;3435422;1801807;13;0;0
FR;0;2021-03-04;163578;70084;3;0;0;3599000;1871891;16;0;0
FR;0;2021-03-05;200880;63148;3;0;0;3799880;1935039;19;0;0
FR;0;2021-03-06;207920;17735;3;0;0;4007800;1952774;22;0;0
FR;0;2021-03-07;121249;5016;1;0;0;4129049;1957790;23;0;0
FR;0;2021-03-08;107109;50414;2;0;0;4236158;2008204;25;0;0
FR;0;2021-03-09;172406;56525;2;0;0;4408564;2064729;27;0;0
FR;0;2021-03-10;178931;57129;5;0;0;4587495;2121858;32;0;0
FR;0;2021-03-11;242819;63376;2;0;0;4830314;2185234;34;0;0
FR;0;2021-03-12;294768;53416;1;0;0;5125082;2238650;35;0;0
FR;0;2021-03-13;231369;15305;1;0;0;5356451;2253955;36;0;0
FR;0;2021-03-14;63334;3328;1;0;0;5419785;2257283;37;0;0
FR;0;2021-03-15;158598;32207;3;0;0;5578383;2289490;40;0;0
FR;0;2021-03-16;141536;39156;6;0;0;5719919;2328646;46;0;0
FR;0;2021-03-17;150440;38219;4;0;0;5870359;2366865;50;0;0
FR;0;2021-03-18;167774;44548;5;0;0;6038133;2411413;55;0;0
FR;0;2021-03-19;229957;37179;2;0;0;6268090;2448592;57;0;0
FR;0;2021-03-20;166639;11597;1;0;0;6434729;2460189;58;0;0
FR;0;2021-03-21;49917;2524;1;0;0;6484646;2462713;59;0;0
FR;0;2021-03-22;169992;34035;2;0;0;6654638;2496748;61;0;0
FR;0;2021-03-23;250329;42400;1;0;0;6904967;2539148;62;0;0
FR;0;2021-03-24;256846;43712;0;0;0;7161813;2582860;62;0;0
FR;0;2021-03-25;341743;44862;5;0;0;7503556;2627722;67;0;0
FR;0;2021-03-26;358741;41841;4;1;0;7862297;2669563;71;1;0
FR;0;2021-03-27;195237;16705;1;0;0;8057534;2686268;72;1;0
FR;0;2021-03-28;59321;3988;3;0;0;8116855;2690256;75;1;0
FR;0;2021-03-29;202926;54061;4;0;0;8319781;2744317;79;1;0
FR;0;2021-03-30;285404;69640;4;0;0;8605185;2813957;83;1;0
FR;0;2021-03-31;262960;73187;4;0;0;8868145;2887144;87;1;0
FR;0;2021-04-01;315379;89095;12;0;0;9183524;2976239;99;1;0
FR;0;2021-04-02;281270;92711;7;0;0;9464794;3068950;106;1;0
FR;0;2021-04-03;141046;61900;5;0;0;9605840;3130850;111;1;0
FR;0;2021-04-04;46446;18730;2;0;0;9652286;3149580;113;1;0
FR;0;2021-04-05;63304;10820;11;0;0;9715590;3160400;124;1;0
FR;0;2021-04-06;217138;109109;17;0;0;9932728;3269509;141;1;0
FR;0;2021-04-07;260184;115408;17;0;0;10192912;3384917;158;1;0
FR;0;2021-04-08;337732;121622;14;0;0;10530644;3506539;172;1;0
FR;0;2021-04-09;410074;116279;49;0;0;10940718;3622818;221;1;0
FR;0;2021-04-10;212578;82614;15;0;0;11153296;3705432;236;1;0
FR;0;2021-04-11;56120;34441;7;0;0;11209416;3739873;243;1;0
FR;0;2021-04-12;236994;115211;45;0;0;11446410;3855084;288;1;0
FR;0;2021-04-13;309414;144543;98;1;0;11755824;3999627;386;2;0
FR;0;2021-04-14;294429;139296;213;0;0;12050253;4138923;599;2;0
FR;0;2021-04-15;337002;148297;338;0;0;12387255;4287220;937;2;0
FR;0;2021-04-16;339219;145862;352;0;0;12726474;4433082;1289;2;0
FR;0;2021-04-17;188618;90044;108;0;0;12915092;4523126;1397;2;0
FR;0;2021-04-18;51600;35373;47;0;0;12966692;4558499;1444;2;0
FR;0;2021-04-19;205636;138200;454;0;0;13172328;4696699;1898;2;0
FR;0;2021-04-20;254338;170738;568;0;0;13426666;4867437;2466;2;0
FR;0;2021-04-21;253172;169019;833;0;0;13679838;5036456;3299;2;0
FR;0;2021-04-22;287482;188601;818;0;0;13967320;5225057;4117;2;0
FR;0;2021-04-23;297927;183369;747;0;0;14265247;5408426;4864;2;0
FR;0;2021-04-24;190407;111536;251;0;0;14455654;5519962;5115;2;0
FR;0;2021-04-25;69536;38780;51;0;0;14525190;5558742;5166;2;0
FR;0;2021-04-26;220888;156195;560;0;0;14746078;5714937;5726;2;0
FR;0;2021-04-27;284541;187319;939;0;0;15030619;5902256;6665;2;0
FR;0;2021-04-28;299427;183124;1422;1;1;15330046;6085380;8087;3;1
FR;0;2021-04-29;357049;196384;1275;0;0;15687095;6281764;9362;3;1
FR;0;2021-04-30;372128;184750;1119;1;0;16059223;6466514;10481;4;1
FR;0;2021-05-01;167593;52496;178;0;0;16226816;6519010;10659;4;1
FR;0;2021-05-02;91696;37767;83;0;0;16318512;6556777;10742;4;1
FR;0;2021-05-03;288847;168531;839;0;0;16607359;6725308;11581;4;1
FR;0;2021-05-04;315582;224321;1230;0;0;16922941;6949629;12811;4;1
FR;0;2021-05-05;327088;224671;1312;0;0;17250029;7174300;14123;4;1
FR;0;2021-05-06;379414;239334;1629;0;0;17629443;7413634;15752;4;1
FR;0;2021-05-07;372672;257237;1222;0;0;18002115;7670871;16974;4;1
FR;0;2021-05-08;222131;67254;297;0;0;18224246;7738125;17271;4;1
FR;0;2021-05-09;129671;46427;243;0;0;18353917;7784552;17514;4;1
FR;0;2021-05-10;313292;228687;1232;0;0;18667209;8013239;18746;4;1
FR;0;2021-05-11;403805;257792;1563;0;0;19071014;8271031;20309;4;1
FR;0;2021-05-12;434022;233039;1542;0;0;19505036;8504070;21851;4;1
FR;0;2021-05-13;338541;56934;430;0;0;19843577;8561004;22281;4;1
FR;0;2021-05-14;454047;167236;1122;0;0;20297624;8728240;23403;4;1
FR;0;2021-05-15;374914;94010;442;0;0;20672538;8822250;23845;4;1
FR;0;2021-05-16;202716;20792;168;0;0;20875254;8843042;24013;4;1
FR;0;2021-05-17;376054;148829;1549;0;0;21251308;8991871;25562;4;1
FR;0;2021-05-18;460018;153050;1986;0;0;21711326;9144921;27548;4;1
FR;0;2021-05-19;467284;144810;2454;0;0;22178610;9289731;30002;4;1
FR;0;2021-05-20;507389;160192;2331;0;0;22685999;9449923;32333;4;1
FR;0;2021-05-21;489551;174352;1987;0;0;23175550;9624275;34320;4;1
FR;0;2021-05-22;347136;79843;668;0;0;23522686;9704118;34988;4;1
FR;0;2021-05-23;161635;14403;246;0;0;23684321;9718521;35234;4;1
FR;0;2021-05-24;263127;33173;599;0;0;23947448;9751694;35833;4;1
FR;0;2021-05-25;400131;189099;2349;1;0;24347579;9940793;38182;5;1
FR;0;2021-05-26;413353;188353;2217;0;0;24760932;10129146;40399;5;1
FR;0;2021-05-27;449693;218514;2158;0;0;25210625;10347660;42557;5;1
FR;0;2021-05-28;429440;259378;1889;0;0;25640065;10607038;44446;5;1
FR;0;2021-05-29;298936;149312;583;0;0;25939001;10756350;45029;5;1
FR;0;2021-05-30;107094;32584;163;0;0;26046095;10788934;45192;5;1
FR;0;2021-05-31;357908;203389;1465;1;1;26404003;10992323;46657;6;2
FR;0;2021-06-01;430817;251284;1959;1;1;26834820;11243607;48616;7;3
FR;0;2021-06-02;419276;230769;1978;0;0;27254096;11474376;50594;7;3
FR;0;2021-06-03;464485;258394;1819;0;0;27718581;11732770;52413;7;3
FR;0;2021-06-04;455679;304729;1729;1;1;28174260;12037499;54142;8;4
FR;0;2021-06-05;304740;188947;651;0;0;28479000;12226446;54793;8;4
FR;0;2021-06-06;133236;49131;226;0;0;28612236;12275577;55019;8;4
FR;0;2021-06-07;338922;261948;1518;0;0;28951158;12537525;56537;8;4
FR;0;2021-06-08;393554;290953;1796;0;0;29344712;12828478;58333;8;4
FR;0;2021-06-09;384652;275490;1727;0;0;29729364;13103968;60060;8;4
FR;0;2021-06-10;403955;288922;1719;1;0;30133319;13392890;61779;9;4
FR;0;2021-06-11;386459;357244;1459;0;0;30519778;13750134;63238;9;4
FR;0;2021-06-12;283201;211286;490;0;0;30802979;13961420;63728;9;4
FR;0;2021-06-13;104828;73983;204;0;0;30907807;14035403;63932;9;4
FR;0;2021-06-14;240644;355608;1425;1;0;31148451;14391011;65357;10;4
FR;0;2021-06-15;307970;385645;1564;1;0;31456421;14776656;66921;11;4
FR;0;2021-06-16;313832;357720;1414;1;0;31770253;15134376;68335;12;4
FR;0;2021-06-17;317550;372432;1421;1;0;32087803;15506808;69756;13;4
FR;0;2021-06-18;321547;442391;1331;1;0;32409350;15949199;71087;14;4
FR;0;2021-06-19;224304;273776;448;0;0;32633654;16222975;71535;14;4
FR;0;2021-06-20;74366;102593;127;0;0;32708020;16325568;71662;14;4
FR;0;2021-06-21;195560;401874;1032;1;1;32903580;16727442;72694;15;5
FR;0;2021-06-22;222998;467395;1259;10;2;33126578;17194837;73953;25;7
FR;0;2021-06-23;233861;439905;1195;1;1;33360439;17634742;75148;26;8
FR;0;2021-06-24;241720;409576;1348;0;0;33602159;18044318;76496;26;8
FR;0;2021-06-25;227460;522209;1398;0;0;33829619;18566527;77894;26;8
FR;0;2021-06-26;153189;370689;585;1;0;33982808;18937216;78479;27;8
FR;0;2021-06-27;55861;156226;168;1;0;34038669;19093442;78647;28;8
FR;0;2021-06-28;154610;452888;1166;0;0;34193279;19546330;79813;28;8
FR;0;2021-06-29;182533;506765;2124;0;0;34375812;20053095;81937;28;8
FR;0;2021-06-30;203831;482290;2009;21;2;34579643;20535385;83946;49;10
FR;0;2021-07-01;231089;457810;2221;5;1;34810732;20993195;86167;54;11
FR;0;2021-07-02;228287;520217;2119;5;3;35039019;21513412;88286;59;14
FR;0;2021-07-03;141925;368737;909;3;1;35180944;21882149;89195;62;15
FR;0;2021-07-04;56688;141266;265;0;0;35237632;22023415;89460;62;15
FR;0;2021-07-05;168193;419322;1668;8;2;35405825;22442737;91128;70;17
FR;0;2021-07-06;196539;474807;1828;45;8;35602364;22917544;92956;115;25
FR;0;2021-07-07;212911;439298;1876;24;5;35815275;23356842;94832;139;30
FR;0;2021-07-08;231428;424161;2088;20;7;36046703;23781003;96920;159;37
FR;0;2021-07-09;228337;510645;2182;4;2;36275040;24291648;99102;163;39
FR;0;2021-07-10;148526;339859;982;1;1;36423566;24631507;100084;164;40
FR;0;2021-07-11;60137;110140;282;0;0;36483703;24741647;100366;164;40
FR;0;2021-07-12;168951;478213;1755;4;0;36652654;25219860;102121;168;40
FR;0;2021-07-13;287040;527444;2045;8;2;36939694;25747304;104166;176;42
FR;0;2021-07-14;180873;157748;433;0;0;37120567;25905052;104599;176;42
FR;0;2021-07-15;346849;502484;2097;1;0;37467416;26407536;106696;177;42
FR;0;2021-07-16;379893;495976;2021;3;1;37847309;26903512;108717;180;43
FR;0;2021-07-17;259647;319822;876;1;0;38106956;27223334;109593;181;43
FR;0;2021-07-18;109663;114803;310;0;0;38216619;27338137;109903;181;43
FR;0;2021-07-19;285303;425116;1627;3;0;38501922;27763253;111530;184;43
FR;0;2021-07-20;376711;452479;1721;0;0;38878633;28215732;113251;184;43
FR;0;2021-07-21;395618;407957;1549;4;2;39274251;28623689;114800;188;45
FR;0;2021-07-22;440864;388160;1713;4;2;39715115;29011849;116513;192;47
FR;0;2021-07-23;439761;423218;1880;4;2;40154876;29435067;118393;196;49
FR;0;2021-07-24;285177;269624;803;1;0;40440053;29704691;119196;197;49
FR;0;2021-07-25;121048;80066;226;0;0;40561101;29784757;119422;197;49
FR;0;2021-07-26;347238;323251;1614;3;2;40908339;30108008;121036;200;51
FR;0;2021-07-27;463876;320347;1696;4;2;41372215;30428355;122732;204;53
FR;0;2021-07-28;459285;290036;1634;4;2;41831500;30718391;124366;208;55
FR;0;2021-07-29;489665;276956;1794;2;1;42321165;30995347;126160;210;56
FR;0;2021-07-30;461621;302916;1935;5;2;42782786;31298263;128095;215;58
FR;0;2021-07-31;285338;185061;914;1;0;43068124;31483324;129009;216;58
FR;0;2021-08-01;111932;50010;252;0;0;43180056;31533334;129261;216;58
FR;0;2021-08-02;341199;234612;1598;2;0;43521255;31767946;130859;218;58
FR;0;2021-08-03;398383;245136;1716;2;1;43919638;32013082;132575;220;59
FR;0;2021-08-04;384603;210130;1590;6;3;44304241;32223212;134165;226;62
FR;0;2021-08-05;365967;228925;1709;0;0;44670208;32452137;135874;226;62
FR;0;2021-08-06;359538;271743;1833;4;1;45029746;32723880;137707;230;63
FR;0;2021-08-07;213032;178383;755;4;3;45242778;32902263;138462;234;66
FR;0;2021-08-08;74128;63249;270;0;0;45316906;32965512;138732;234;66
FR;0;2021-08-09;258569;259595;1540;4;3;45575475;33225107;140272;238;69
FR;0;2021-08-10;306584;278078;1655;2;1;45882059;33503185;141927;240;70
FR;0;2021-08-11;279510;260315;1440;5;1;46161569;33763500;143367;245;71
FR;0;2021-08-12;271356;278631;1659;3;1;46432925;34042131;145026;248;72
FR;0;2021-08-13;252026;277886;1589;3;2;46684951;34320017;146615;251;74
FR;0;2021-08-14;145271;197358;739;0;0;46830222;34517375;147354;251;74
FR;0;2021-08-15;39295;50108;215;1;0;46869517;34567483;147569;252;74
FR;0;2021-08-16;186029;318173;1539;0;0;47055546;34885656;149108;252;74
FR;0;2021-08-17;215548;336619;1633;7;1;47271094;35222275;150741;259;75
FR;0;2021-08-18;198911;324796;1594;7;4;47470005;35547071;152335;266;79
FR;0;2021-08-19;191870;325764;1633;1;0;47661875;35872835;153968;267;79
FR;0;2021-08-20;186333;366317;1810;3;2;47848208;36239152;155778;270;81
FR;0;2021-08-21;104746;238171;703;0;0;47952954;36477323;156481;270;81
FR;0;2021-08-22;31885;87199;253;1;1;47984839;36564522;156734;271;82
FR;0;2021-08-23;140881;357276;1558;3;2;48125720;36921798;158292;274;84
FR;0;2021-08-24;162397;376932;1844;5;1;48288117;37298730;160136;279;85
FR;0;2021-08-25;151057;350885;2028;8;3;48439174;37649615;162164;287;88
FR;0;2021-08-26;142729;342885;2553;10;1;48581903;37992500;164717;297;89
FR;0;2021-08-27;148358;388072;2789;11;4;48730261;38380572;167506;308;93
FR;0;2021-08-28;90595;249556;1405;0;0;48820856;38630128;168911;308;93
FR;0;2021-08-29;27303;83331;516;1;0;48848159;38713459;169427;309;93
FR;0;2021-08-30;117320;324915;4706;6;6032;48965479;39038374;174133;315;6125
FR;0;2021-08-31;128711;334678;10176;19;11885;49094190;39373052;184309;334;18010
FR;0;2021-09-01;135708;285696;22414;7;24307;49229898;39658748;206723;341;42317
FR;0;2021-09-02;112571;247288;26507;13;28849;49342469;39906036;233230;354;71166
FR;0;2021-09-03;118155;292725;29951;23;32957;49460624;40198761;263181;377;104123
FR;0;2021-09-04;89790;217729;12583;12;14068;49550414;40416490;275764;389;118191
FR;0;2021-09-05;21333;44866;4390;2;4729;49571747;40461356;280154;391;122920
FR;0;2021-09-06;75304;180828;31944;16;34235;49647051;40642184;312098;407;157155
FR;0;2021-09-07;80029;181254;33234;40;36091;49727080;40823438;345332;447;193246
FR;0;2021-09-08;89590;206209;29653;27;32451;49816670;41029647;374985;474;225697
FR;0;2021-09-09;76621;165404;33038;26;36513;49893291;41195051;408023;500;262210
FR;0;2021-09-10;95541;203689;35713;26;40496;49988832;41398740;443736;526;302706
FR;0;2021-09-11;66681;169215;12134;19;14302;50055513;41567955;455870;545;317008
FR;0;2021-09-12;12787;32086;2766;1;3159;50068300;41600041;458636;546;320167
FR;0;2021-09-13;64365;126399;41200;32;44041;50132665;41726440;499836;578;364208
FR;0;2021-09-14;73294;129120;56340;78;61986;50205959;41855560;556176;656;426194
FR;0;2021-09-15;76398;167872;55626;58;54769;50282357;42023432;611802;714;480963
FR;0;2021-09-16;63748;114556;60025;85;60007;50346105;42137988;671827;799;540970
FR;0;2021-09-17;74950;156847;53820;70;57220;50421055;42294835;725647;869;598190
FR;0;2021-09-18;48182;139595;15594;25;17280;50469237;42434430;741241;894;615470
FR;0;2021-09-19;7863;23715;2434;1;2621;50477100;42458145;743675;895;618091
FR;0;2021-09-20;44434;93939;50020;73;50251;50521534;42552084;793695;968;668342
FR;0;2021-09-21;45800;98461;62724;76;63355;50567334;42650545;856419;1044;731697
FR;0;2021-09-22;48576;142300;55329;83;55339;50615910;42792845;911748;1127;787036
FR;0;2021-09-23;43149;91982;62346;94;63457;50659059;42884827;974094;1221;850493
FR;0;2021-09-24;52189;133239;54521;110;59081;50711248;43018066;1028615;1331;909574
FR;0;2021-09-25;35190;115488;16263;37;18251;50746438;43133554;1044878;1368;927825
FR;0;2021-09-26;5524;17814;2264;5;2329;50751962;43151368;1047142;1373;930154
FR;0;2021-09-27;33916;76975;47168;96;48119;50785878;43228343;1094310;1469;978273
FR;0;2021-09-28;36443;75256;54925;88;56450;50822321;43303599;1149235;1557;1034723
FR;0;2021-09-29;44308;100839;53319;112;54802;50866629;43404438;1202554;1669;1089525
FR;0;2021-09-30;36264;72771;56995;95;59461;50902893;43477209;1259549;1764;1148986
FR;0;2021-10-01;61484;100835;57770;108;63675;50964377;43578044;1317319;1872;1212661
FR;0;2021-10-02;39410;78319;20947;38;23316;51003787;43656363;1338266;1910;1235977
FR;0;2021-10-03;5261;10545;2523;4;2539;51009048;43666908;1340789;1914;1238516
FR;0;2021-10-04;34919;58512;52607;84;54769;51043967;43725420;1393396;1998;1293285
FR;0;2021-10-05;33529;64348;60958;135;64907;51077496;43789768;1454354;2133;1358192
FR;0;2021-10-06;42393;79218;65683;113;68201;51119889;43868986;1520037;2246;1426393
FR;0;2021-10-07;30383;62122;65374;91;68651;51150272;43931108;1585411;2337;1495044
FR;0;2021-10-08;48712;91799;77713;110;84607;51198984;44022907;1663124;2447;1579651
FR;0;2021-10-09;33617;60870;31521;36;33853;51232601;44083777;1694645;2483;1613504
FR;0;2021-10-10;4585;7426;3186;9;3483;51237186;44091203;1697831;2492;1616987
FR;0;2021-10-11;30547;49903;61017;105;64021;51267733;44141106;1758848;2597;1681008
FR;0;2021-10-12;31308;54462;70558;139;75816;51299041;44195568;1829406;2736;1756824
FR;0;2021-10-13;39970;62777;74394;135;79237;51339011;44258345;1903800;2871;1836061
FR;0;2021-10-14;30217;52860;68719;116;73753;51369228;44311205;1972519;2987;1909814
FR;0;2021-10-15;44726;75239;93206;191;102885;51413954;44386444;2065725;3178;2012699
FR;0;2021-10-16;31267;44076;36680;44;39603;51445221;44430520;2102405;3222;2052302
FR;0;2021-10-17;3826;5278;3590;2;3691;51449047;44435798;2105995;3224;2055993
FR;0;2021-10-18;28244;42476;67466;133;71329;51477291;44478274;2173461;3357;2127322
FR;0;2021-10-19;27028;44327;76373;141;81599;51504319;44522601;2249834;3498;2208921
FR;0;2021-10-20;35189;52437;96901;180;101454;51539508;44575038;2346735;3678;2310375
FR;0;2021-10-21;25904;45204;83911;112;89096;51565412;44620242;2430646;3790;2399471
FR;0;2021-10-22;38179;62338;104861;199;112474;51603591;44682580;2535507;3989;2511945
FR;0;2021-10-23;26956;41223;45433;57;48594;51630547;44723803;2580940;4046;2560539
FR;0;2021-10-24;2912;4800;3679;6;3937;51633459;44728603;2584619;4052;2564476
FR;0;2021-10-25;25970;36341;82298;144;86593;51659429;44764944;2666917;4196;2651069
FR;0;2021-10-26;23680;35060;87202;166;92300;51683109;44800004;2754119;4362;2743369
FR;0;2021-10-27;30003;46402;108955;257;114600;51713112;44846406;2863074;4619;2857969
FR;0;2021-10-28;23373;34882;88654;153;94361;51736485;44881288;2951728;4772;2952330
FR;0;2021-10-29;31495;51312;117276;204;125232;51767980;44932600;3069004;4976;3077562
FR;0;2021-10-30;20519;33089;50322;77;53349;51788499;44965689;3119326;5053;3130911
FR;0;2021-10-31;2476;3763;3584;3;3867;51790975;44969452;3122910;5056;3134778
FR;0;2021-11-01;8186;4803;3198;3;3554;51799161;44974255;3126108;5059;3138332
FR;0;2021-11-02;25255;40079;93524;157;99458;51824416;45014334;3219632;5216;3237790
FR;0;2021-11-03;29739;47886;118833;218;125764;51854155;45062220;3338465;5434;3363554
FR;0;2021-11-04;23651;37498;107488;217;114310;51877806;45099718;3445953;5651;3477864
FR;0;2021-11-05;32258;52922;141581;233;151246;51910064;45152640;3587534;5884;3629110
FR;0;2021-11-06;21472;34567;64837;123;68218;51931536;45187207;3652371;6007;3697328
FR;0;2021-11-07;2377;4248;5171;6;5584;51933913;45191455;3657542;6013;3702912
FR;0;2021-11-08;20378;37831;127104;227;134148;51954291;45229286;3784646;6240;3837060
FR;0;2021-11-09;22116;44811;161602;341;172091;51976407;45274097;3946248;6581;4009151
FR;0;2021-11-10;31342;55061;186919;446;198660;52007749;45329158;4133167;7027;4207811
FR;0;2021-11-11;4284;6720;12919;28;13921;52012033;45335878;4146086;7055;4221732
FR;0;2021-11-12;28982;55158;183706;251;197251;52041015;45391036;4329792;7306;4418983
FR;0;2021-11-13;20286;32726;80673;118;86288;52061301;45423762;4410465;7424;4505271
FR;0;2021-11-14;2322;3953;7162;6;7877;52063623;45427715;4417627;7430;4513148
FR;0;2021-11-15;20274;38808;160769;312;171431;52083897;45466523;4578396;7742;4684579
FR;0;2021-11-16;23315;44041;200301;390;214856;52107212;45510564;4778697;8132;4899435
FR;0;2021-11-17;30330;50511;199769;407;212772;52137542;45561075;4978466;8539;5112207
FR;0;2021-11-18;23336;44940;191564;468;205383;52160878;45606015;5170030;9007;5317590
FR;0;2021-11-19;33529;61429;243112;548;262051;52194407;45667444;5413142;9555;5579641
FR;0;2021-11-20;25311;36770;102109;206;109655;52219718;45704214;5515251;9761;5689296
FR;0;2021-11-21;2622;4568;9640;18;10644;52222340;45708782;5524891;9779;5699940
FR;0;2021-11-22;22710;33341;180266;470;194730;52245050;45742123;5705157;10249;5894670
FR;0;2021-11-23;25540;45733;229288;547;247700;52270590;45787856;5934445;10796;6142370
FR;0;2021-11-24;31759;53803;224728;716;243105;52302349;45841659;6159173;11512;6385475
FR;0;2021-11-25;25380;49159;255805;740;277573;52327729;45890818;6414978;12252;6663048
FR;0;2021-11-26;33198;74747;379353;863;414491;52360927;45965565;6794331;13115;7077539
FR;0;2021-11-27;23292;49683;214834;389;236546;52384219;46015248;7009165;13504;7314085
FR;0;2021-11-28;3478;10591;56722;66;63328;52387697;46025839;7065887;13570;7377413
FR;0;2021-11-29;19383;54255;341364;863;371534;52407080;46080094;7407251;14433;7748947
FR;0;2021-11-30;24675;72183;457275;984;500620;52431755;46152277;7864526;15417;8249567
FR;0;2021-12-01;26800;75979;468962;1159;511166;52458555;46228256;8333488;16576;8760733
FR;0;2021-12-02;21954;71785;526973;1279;574681;52480509;46300041;8860461;17855;9335414
FR;0;2021-12-03;25454;92521;596229;1418;650954;52505963;46392562;9456690;19273;9986368
FR;0;2021-12-04;18284;60543;336150;690;369685;52524247;46453105;9792840;19963;10356053
FR;0;2021-12-05;4141;16271;95752;157;107049;52528388;46469376;9888592;20120;10463102
FR;0;2021-12-06;22311;73228;493006;1174;539805;52550699;46542604;10381598;21294;11002907
FR;0;2021-12-07;23300;91794;645228;1769;706129;52573999;46634398;11026826;23063;11709036
FR;0;2021-12-08;25320;92403;591418;1873;647305;52599319;46726801;11618244;24936;12356341
FR;0;2021-12-09;23987;94352;662915;2179;726171;52623306;46821153;12281159;27115;13082512
FR;0;2021-12-10;27618;111135;735906;2074;805972;52650924;46932288;13017065;29189;13888484
FR;0;2021-12-11;20216;76057;435104;986;480310;52671140;47008345;13452169;30175;14368794
FR;0;2021-12-12;5623;23282;142261;262;159224;52676763;47031627;13594430;30437;14528018
FR;0;2021-12-13;21046;91319;587500;1698;649188;52697809;47122946;14181930;32135;15177206
FR;0;2021-12-14;27517;118657;765351;2648;847348;52725326;47241603;14947281;34783;16024554
FR;0;2021-12-15;28175;114528;694154;2262;768892;52753501;47356131;15641435;37045;16793446
FR;0;2021-12-16;27921;116097;763844;2555;844252;52781422;47472228;16405279;39600;17637698
FR;0;2021-12-17;31514;128817;807710;2707;891971;52812936;47601045;17212989;42307;18529669
FR;0;2021-12-18;24911;81731;469896;1178;522141;52837847;47682776;17682885;43485;19051810
FR;0;2021-12-19;8740;28850;169347;378;191144;52846587;47711626;17852232;43863;19242954
FR;0;2021-12-20;31584;97550;591304;1787;658578;52878171;47809176;18443536;45650;19901532
FR;0;2021-12-21;39206;112373;682278;2391;759442;52917377;47921549;19125814;48041;20660974
FR;0;2021-12-22;39454;99672;575633;2167;642029;52956831;48021221;19701447;50208;21303003
FR;0;2021-12-23;33731;79760;440874;1653;494317;52990562;48100981;20142321;51861;21797320
FR;0;2021-12-24;10663;26051;110967;396;126629;53001225;48127032;20253288;52257;21923949
FR;0;2021-12-25;766;3499;7570;25;9030;53001991;48130531;20260858;52282;21932979
FR;0;2021-12-26;4696;11915;52072;141;60129;53006687;48142446;20312930;52423;21993108
FR;0;2021-12-27;30321;84112;453433;1366;509079;53037008;48226558;20766363;53789;22502187
FR;0;2021-12-28;38299;99069;564058;1767;632147;53075307;48325627;21330421;55556;23134334
FR;0;2021-12-29;39840;88444;501101;1686;560918;53115147;48414071;21831522;57242;23695252
FR;0;2021-12-30;35881;75033;420940;1519;471079;53151028;48489104;22252462;58761;24166331
FR;0;2021-12-31;12033;25215;116831;406;131618;53163061;48514319;22369293;59167;24297949
FR;0;2022-01-01;1297;3201;8496;36;9928;53164358;48517520;22377789;59203;24307877
FR;0;2022-01-02;6075;13011;58388;125;66931;53170433;48530531;22436177;59328;24374808
FR;0;2022-01-03;32492;89815;494665;1594;551460;53202925;48620346;22930842;60922;24926268
FR;0;2022-01-04;40795;110877;641253;2302;714196;53243720;48731223;23572095;63224;25640464
FR;0;2022-01-05;60284;103271;569032;1984;634040;53304004;48834494;24141127;65208;26274504
FR;0;2022-01-06;43908;110168;638868;2693;711310;53347912;48944662;24779995;67901;26985814
FR;0;2022-01-07;50534;123069;710893;2806;790321;53398446;49067731;25490888;70707;27776135
FR;0;2022-01-08;44949;80332;423769;1210;472842;53443395;49148063;25914657;71917;28248977
FR;0;2022-01-09;15597;26716;128539;300;145697;53458992;49174779;26043196;72217;28394674
FR;0;2022-01-10;34951;87995;469179;1810;522123;53493943;49262774;26512375;74027;28916797
FR;0;2022-01-11;41626;100081;548120;2307;608379;53535569;49362855;27060495;76334;29525176
FR;0;2022-01-12;60116;95493;452547;1964;504221;53595685;49458348;27513042;78298;30029397
FR;0;2022-01-13;37857;92269;487223;2083;540914;53633542;49550617;28000265;80381;30570311
FR;0;2022-01-14;42372;103274;568477;2285;628951;53675914;49653891;28568742;82666;31199262
FR;0;2022-01-15;39299;65806;340076;981;377533;53715213;49719697;28908818;83647;31576795
FR;0;2022-01-16;11380;19303;87380;215;99448;53726593;49739000;28996198;83862;31676243
FR;0;2022-01-17;24585;60087;320198;1380;354132;53751178;49799087;29316396;85242;32030375
FR;0;2022-01-18;28099;68446;360981;1799;397489;53779277;49867533;29677377;87041;32427864
FR;0;2022-01-19;43024;67019;281199;1449;311035;53822301;49934552;29958576;88490;32738899
FR;0;2022-01-20;23397;59422;298884;1740;328393;53845698;49993974;30257460;90230;33067292
FR;0;2022-01-21;27981;68766;366265;2084;401109;53873679;50062740;30623725;92314;33468401
FR;0;2022-01-22;27603;47843;218754;838;241743;53901282;50110583;30842479;93152;33710144
FR;0;2022-01-23;6700;13045;48644;171;55183;53907982;50123628;30891123;93323;33765327
FR;0;2022-01-24;16192;47155;217239;1136;239320;53924174;50170783;31108362;94459;34004647
FR;0;2022-01-25;18897;54104;242969;1547;267024;53943071;50224887;31351331;96006;34271671
FR;0;2022-01-26;28102;60125;209203;1296;229331;53971173;50285012;31560534;97302;34501002
FR;0;2022-01-27;16270;45832;207552;1269;225790;53987443;50330844;31768086;98571;34726792
FR;0;2022-01-28;21496;75730;289969;1572;321457;54008939;50406574;32058055;100143;35048249
FR;0;2022-01-29;18398;52832;184077;686;204563;54027337;50459406;32242132;100829;35252812
FR;0;2022-01-30;4466;14557;39125;124;45093;54031803;50473963;32281257;100953;35297905
FR;0;2022-01-31;11219;43825;148141;738;164781;54043022;50517788;32429398;101691;35462686
FR;0;2022-02-01;12781;48115;174051;1140;191355;54055803;50565903;32603449;102831;35654041
FR;0;2022-02-02;19948;65851;171449;1033;190116;54075751;50631754;32774898;103864;35844157
FR;0;2022-02-03;10930;44117;157480;984;173291;54086681;50675871;32932378;104848;36017448
FR;0;2022-02-04;14471;66426;239166;1262;264165;54101152;50742297;33171544;106110;36281613
FR;0;2022-02-05;12753;51451;153505;522;172331;54113905;50793748;33325049;106632;36453944
FR;0;2022-02-06;2706;12247;28869;99;33828;54116611;50805995;33353918;106731;36487772
FR;0;2022-02-07;9276;46650;156807;585;176311;54125887;50852645;33510725;107316;36664083
FR;0;2022-02-08;9582;42622;166550;867;184317;54135469;50895267;33677275;108183;36848400
FR;0;2022-02-09;14144;57749;172281;864;192949;54149613;50953016;33849556;109047;37041349
FR;0;2022-02-10;8246;38290;150141;876;166566;54157859;50991306;33999697;109923;37207915
FR;0;2022-02-11;10732;55419;218429;1097;242994;54168591;51046725;34218126;111020;37450909
FR;0;2022-02-12;8342;40868;134689;461;151702;54176933;51087593;34352815;111481;37602611
FR;0;2022-02-13;1892;8574;26547;82;30902;54178825;51096167;34379362;111563;37633513
FR;0;2022-02-14;6886;35081;148308;477;166298;54185711;51131248;34527670;112040;37799811
FR;0;2022-02-15;6847;35405;146886;750;162420;54192558;51166653;34674556;112790;37962231
FR;0;2022-02-16;9279;42538;132466;716;146639;54201837;51209191;34807022;113506;38108870
FR;0;2022-02-17;5362;23656;87235;584;94745;54207199;51232847;34894257;114090;38203615
FR;0;2022-02-18;6873;33203;119584;802;129232;54214072;51266050;35013841;114892;38332847
FR;0;2022-02-19;5340;24437;69999;370;77297;54219412;51290487;35083840;115262;38410144
FR;0;2022-02-20;1135;4616;12149;38;13921;54220547;51295103;35095989;115300;38424065
FR;0;2022-02-21;4012;17754;61909;351;67132;54224559;51312857;35157898;115651;38491197
FR;0;2022-02-22;4361;18457;60780;574;64404;54228920;51331314;35218678;116225;38555601
FR;0;2022-02-23;6508;27116;66453;591;71849;54235428;51358430;35285131;116816;38627450
FR;0;2022-02-24;3739;15131;50361;518;53169;54239167;51373561;35335492;117334;38680619
FR;0;2022-02-25;5194;23520;76266;803;79985;54244361;51397081;35411758;118137;38760604
FR;0;2022-02-26;3969;17612;47386;357;51450;54248330;51414693;35459144;118494;38812054
FR;0;2022-02-27;867;2984;8020;47;8931;54249197;51417677;35467164;118541;38820985
FR;0;2022-02-28;3066;12107;40435;353;42866;54252263;51429784;35507599;118894;38863851
FR;0;2022-03-01;3106;12197;44121;433;44756;54255369;51441981;35551720;119327;38908607
FR;0;2022-03-02;5068;17432;47074;436;48978;54260437;51459413;35598794;119763;38957585
FR;0;2022-03-03;2642;8847;29825;361;29919;54263079;51468260;35628619;120124;38987504
FR;0;2022-03-04;3175;12157;40251;649;39382;54266254;51480417;35668870;120773;39026886
FR;0;2022-03-05;2913;9207;24921;309;25071;54269167;51489624;35693791;121082;39051957
FR;0;2022-03-06;508;1377;3192;42;3429;54269675;51491001;35696983;121124;39055386
FR;0;2022-03-07;1929;5453;18391;313;17648;54271604;51496454;35715374;121437;39073034
FR;0;2022-03-08;1961;5873;19398;359;17856;54273565;51502327;35734772;121796;39090890
FR;0;2022-03-09;3443;10232;22139;403;21218;54277008;51512559;35756911;122199;39112108
FR;0;2022-03-10;1705;5117;16880;339;15667;54278713;51517676;35773791;122538;39127775
FR;0;2022-03-11;2340;7274;24455;538;22215;54281053;51524950;35798246;123076;39149990
FR;0;2022-03-12;2654;6709;17148;304;16497;54283707;51531659;35815394;123380;39166487
FR;0;2022-03-13;385;778;2301;144;2250;54284092;51532437;35817695;123524;39168737
FR;0;2022-03-14;1454;4117;14926;4403;13782;54285546;51536554;35832621;127927;39182519
FR;0;2022-03-15;1592;4335;16225;7549;14328;54287138;51540889;35848846;135476;39196847
FR;0;2022-03-16;2939;7010;19338;13128;17996;54290077;51547899;35868184;148604;39214843
FR;0;2022-03-17;1365;3672;13085;10835;11924;54291442;51551571;35881269;159439;39226767
FR;0;2022-03-18;2192;5489;19929;18273;18012;54293634;51557060;35901198;177712;39244779
FR;0;2022-03-19;2274;4666;13101;9395;12399;54295908;51561726;35914299;187107;39257178
FR;0;2022-03-20;291;705;1906;1065;1914;54296199;51562431;35916205;188172;39259092
FR;0;2022-03-21;1336;3119;12676;14927;11896;54297535;51565550;35928881;203099;39270988
FR;0;2022-03-22;1455;3562;13749;20516;12504;54298990;51569112;35942630;223615;39283492
FR;0;2022-03-23;2630;6054;17620;23127;17126;54301620;51575166;35960250;246742;39300618
FR;0;2022-03-24;1350;2906;11514;17568;10585;54302970;51578072;35971764;264310;39311203
FR;0;2022-03-25;2037;4791;18451;27733;16801;54305007;51582863;35990215;292043;39328004
FR;0;2022-03-26;2214;4231;12054;12651;11493;54307221;51587094;36002269;304694;39339497
FR;0;2022-03-27;352;680;1873;1474;1907;54307573;51587774;36004142;306168;39341404
FR;0;2022-03-28;1407;2907;11039;17449;10527;54308980;51590681;36015181;323617;39351931
FR;0;2022-03-29;1418;3219;12838;27527;11980;54310398;51593900;36028019;351144;39363911
FR;0;2022-03-30;2804;5355;15587;27341;14979;54313202;51599255;36043606;378485;39378890
FR;0;2022-03-31;1584;3124;12796;24846;12125;54314786;51602379;36056402;403331;39391015
FR;0;2022-04-01;2070;4254;19958;30774;18577;54316856;51606633;36076360;434105;39409592
FR;0;2022-04-02;1486;2603;9013;10095;8671;54318342;51609236;36085373;444200;39418263
FR;0;2022-04-03;270;495;1554;1168;1569;54318612;51609731;36086927;445368;39419832
FR;0;2022-04-04;1300;2508;12079;19029;11262;54319912;51612239;36099006;464397;39431094
FR;0;2022-04-05;1573;2903;14198;33964;13043;54321485;51615142;36113204;498361;39444137
FR;0;2022-04-06;2019;3602;13366;26265;12604;54323504;51618744;36126570;524626;39456741
FR;0;2022-04-07;1410;2834;13542;33499;12744;54324914;51621578;36140112;558125;39469485
FR;0;2022-04-08;2004;4055;19084;43527;17696;54326918;51625633;36159196;601652;39487181
FR;0;2022-04-09;1340;2645;9280;13532;8829;54328258;51628278;36168476;615184;39496010
FR;0;2022-04-10;269;546;1962;1991;1967;54328527;51628824;36170438;617175;39497977
FR;0;2022-04-11;1170;2436;11782;23619;11392;54329697;51631260;36182220;640794;39509369
FR;0;2022-04-12;1548;2755;13842;40398;13204;54331245;51634015;36196062;681192;39522573
FR;0;2022-04-13;1829;3384;13204;32633;12809;54333074;51637399;36209266;713825;39535382
FR;0;2022-04-14;1421;2641;12999;35830;12815;54334495;51640040;36222265;749655;39548197
FR;0;2022-04-15;1753;3251;15437;35111;14677;54336248;51643291;36237702;784766;39562874
FR;0;2022-04-16;1022;1809;6344;8508;6198;54337270;51645100;36244046;793274;39569072
FR;0;2022-04-17;179;315;988;1152;1026;54337449;51645415;36245034;794426;39570098
FR;0;2022-04-18;142;418;2714;1031;2726;54337591;51645833;36247748;795457;39572824
FR;0;2022-04-19;1454;2881;12779;29209;12241;54339045;51648714;36260527;824666;39585065
FR;0;2022-04-20;1875;3307;13078;28574;12739;54340920;51652021;36273605;853240;39597804
FR;0;2022-04-21;1460;2697;12357;34510;12387;54342380;51654718;36285962;887750;39610191
FR;0;2022-04-22;1799;3447;16339;37251;15699;54344179;51658165;36302301;925001;39625890
FR;0;2022-04-23;1100;2026;7341;10618;7189;54345279;51660191;36309642;935619;39633079
FR;0;2022-04-24;231;437;1460;1570;1394;54345510;51660628;36311102;937189;39634473
FR;0;2022-04-25;1228;2405;10541;20753;10346;54346738;51663033;36321643;957942;39644819
FR;0;2022-04-26;1540;2927;13513;37992;12949;54348278;51665960;36335156;995934;39657768
FR;0;2022-04-27;1870;2990;11364;30238;11389;54350148;51668950;36346520;1026172;39669157
FR;0;2022-04-28;1493;2602;12252;35435;11946;54351641;51671552;36358772;1061607;39681103
FR;0;2022-04-29;1922;3384;15181;36642;14525;54353563;51674936;36373953;1098249;39695628
FR;0;2022-04-30;1171;1778;6684;9605;6500;54354734;51676714;36380637;1107854;39702128
FR;0;2022-05-01;165;289;846;951;851;54354899;51677003;36381483;1108805;39702979
FR;0;2022-05-02;1115;1994;9712;17602;9526;54356014;51678997;36391195;1126407;39712505
FR;0;2022-05-03;1696;2817;12817;33841;12678;54357710;51681814;36404012;1160248;39725183
FR;0;2022-05-04;1771;2834;10584;24880;10682;54359481;51684648;36414596;1185128;39735865
FR;0;2022-05-05;1568;2535;11512;32502;11216;54361049;51687183;36426108;1217630;39747081
FR;0;2022-05-06;2013;3429;14604;36098;14096;54363062;51690612;36440712;1253728;39761177
FR;0;2022-05-07;1152;1713;6063;9500;6063;54364214;51692325;36446775;1263228;39767240
FR;0;2022-05-08;246;352;1021;1499;1081;54364460;51692677;36447796;1264727;39768321
FR;0;2022-05-09;1192;1987;8383;19540;8253;54365652;51694664;36456179;1284267;39776574
FR;0;2022-05-10;1583;2719;11847;37608;11440;54367235;51697383;36468026;1321875;39788014
FR;0;2022-05-11;1879;2586;9588;26751;9481;54369114;51699969;36477614;1348626;39797495
FR;0;2022-05-12;1457;2382;10451;34184;10030;54370571;51702351;36488065;1382810;39807525
FR;0;2022-05-13;1869;2951;12746;36473;12334;54372440;51705302;36500811;1419283;39819859
FR;0;2022-05-14;1083;1513;5346;10455;5218;54373523;51706815;36506157;1429738;39825077
FR;0;2022-05-15;252;375;1085;1373;1175;54373775;51707190;36507242;1431111;39826252
FR;0;2022-05-16;1077;1725;7006;19327;6984;54374852;51708915;36514248;1450438;39833236
FR;0;2022-05-17;1391;2245;9822;34588;9447;54376243;51711160;36524070;1485026;39842683
