fra;vaccin;jour;n_dose1;n_dose2;n_cum_dose1;n_cum_dose2
FR;1;2020-12-27;20;0;20;0
FR;1;2020-12-28;69;0;89;0
FR;1;2020-12-29;108;0;197;0
FR;1;2020-12-30;121;0;318;0
FR;1;2020-12-31;85;0;403;0
FR;1;2021-01-01;68;0;471;0
FR;1;2021-01-02;87;0;558;0
FR;1;2021-01-03;90;0;648;0
FR;1;2021-01-04;1477;0;2125;0
FR;1;2021-01-05;5394;0;7519;0
FR;1;2021-01-06;11294;0;18813;0
FR;1;2021-01-07;28554;0;47367;0
FR;1;2021-01-08;36233;0;83600;0
FR;1;2021-01-09;10914;0;94514;0
FR;1;2021-01-10;5619;0;100133;0
FR;1;2021-01-11;38972;0;139105;0
FR;1;2021-01-12;60844;0;199949;0
FR;1;2021-01-13;63745;0;263694;0
FR;1;2021-01-14;79699;0;343393;0
FR;1;2021-01-15;67251;0;410644;0
FR;1;2021-01-16;19523;78;430167;78
FR;1;2021-01-17;10465;42;440632;120
FR;1;2021-01-18;81448;163;522080;283
FR;1;2021-01-19;123922;127;646002;410
FR;1;2021-01-20;130226;159;776228;569
FR;1;2021-01-21;150203;135;926431;704
FR;1;2021-01-22;113732;162;1040163;866
FR;1;2021-01-23;36073;50;1076236;916
FR;1;2021-01-24;9260;27;1085496;943
FR;1;2021-01-25;73194;1218;1158690;2161
FR;1;2021-01-26;95055;3110;1253745;5271
FR;1;2021-01-27;102200;5597;1355945;10868
FR;1;2021-01-28;118804;14360;1474749;25228
FR;1;2021-01-29;87773;17292;1562522;42520
FR;1;2021-01-30;27579;4225;1590101;46745
FR;1;2021-01-31;4868;1679;1594969;48424
FR;1;2021-02-01;48289;21128;1643258;69552
FR;1;2021-02-02;66398;34568;1709656;104120
FR;1;2021-02-03;65954;36960;1775610;141080
FR;1;2021-02-04;75805;50057;1851415;191137
FR;1;2021-02-05;62499;45335;1913914;236472
FR;1;2021-02-06;19080;10396;1932994;246868
FR;1;2021-02-07;3433;5041;1936427;251909
FR;1;2021-02-08;35776;45985;1972203;297894
FR;1;2021-02-09;50011;72392;2022214;370286
FR;1;2021-02-10;50870;76646;2073084;446932
FR;1;2021-02-11;62168;99077;2135252;546009
FR;1;2021-02-12;54843;74038;2190095;620047
FR;1;2021-02-13;15133;19270;2205228;639317
FR;1;2021-02-14;3422;7190;2208650;646507
FR;1;2021-02-15;23576;73440;2232226;719947
FR;1;2021-02-16;32119;96865;2264345;816812
FR;1;2021-02-17;34379;98568;2298724;915380
FR;1;2021-02-18;48131;113474;2346855;1028854
FR;1;2021-02-19;44426;86413;2391281;1115267
FR;1;2021-02-20;13020;26920;2404301;1142187
FR;1;2021-02-21;2117;6287;2406418;1148474
FR;1;2021-02-22;24034;69415;2430452;1217889
FR;1;2021-02-23;36680;80365;2467132;1298254
FR;1;2021-02-24;39364;77662;2506496;1375916
FR;1;2021-02-25;48897;87994;2555393;1463910
FR;1;2021-02-26;46087;67887;2601480;1531797
FR;1;2021-02-27;15178;20931;2616658;1552728
FR;1;2021-02-28;3230;4386;2619888;1557114
FR;1;2021-03-01;38716;49030;2658604;1606144
FR;1;2021-03-02;54713;61505;2713317;1667649
FR;1;2021-03-03;59524;60651;2772841;1728300
FR;1;2021-03-04;71175;64894;2844016;1793194
FR;1;2021-03-05;73180;59273;2917196;1852467
FR;1;2021-03-06;81406;16093;2998602;1868560
FR;1;2021-03-07;62978;5423;3061580;1873983
FR;1;2021-03-08;58707;42477;3120287;1916460
FR;1;2021-03-09;84398;48318;3204685;1964778
FR;1;2021-03-10;89006;48067;3293691;2012845
FR;1;2021-03-11;103270;53861;3396961;2066706
FR;1;2021-03-12;102139;45268;3499100;2111974
FR;1;2021-03-13;87522;12720;3586622;2124694
FR;1;2021-03-14;43634;3031;3630256;2127725
FR;1;2021-03-15;93780;29151;3724036;2156876
FR;1;2021-03-16;121868;34906;3845904;2191782
FR;1;2021-03-17;127437;34868;3973341;2226650
FR;1;2021-03-18;140775;39750;4114116;2266400
FR;1;2021-03-19;134165;32913;4248281;2299313
FR;1;2021-03-20;74897;10212;4323178;2309525
FR;1;2021-03-21;25768;2477;4348946;2312002
FR;1;2021-03-22;112871;31190;4461817;2343192
FR;1;2021-03-23;140798;38173;4602615;2381365
FR;1;2021-03-24;139818;38790;4742433;2420155
FR;1;2021-03-25;162627;39619;4905060;2459774
FR;1;2021-03-26;164108;37495;5069168;2497269
FR;1;2021-03-27;109820;15256;5178988;2512525
FR;1;2021-03-28;41719;3624;5220707;2516149
FR;1;2021-03-29;128247;49969;5348954;2566118
FR;1;2021-03-30;165479;63596;5514433;2629714
FR;1;2021-03-31;168731;66913;5683164;2696627
FR;1;2021-04-01;191045;79253;5874209;2775880
FR;1;2021-04-02;162184;84318;6036393;2860198
FR;1;2021-04-03;87101;58185;6123494;2918383
FR;1;2021-04-04;32320;17732;6155814;2936115
FR;1;2021-04-05;42416;10177;6198230;2946292
FR;1;2021-04-06;157433;100887;6355663;3047179
FR;1;2021-04-07;193922;108269;6549585;3155448
FR;1;2021-04-08;218431;112406;6768016;3267854
FR;1;2021-04-09;211220;107518;6979236;3375372
FR;1;2021-04-10;116060;73463;7095296;3448835
FR;1;2021-04-11;40123;30288;7135419;3479123
FR;1;2021-04-12;166282;103796;7301701;3582919
FR;1;2021-04-13;200705;128258;7502406;3711177
FR;1;2021-04-14;205066;122820;7707472;3833997
FR;1;2021-04-15;217882;126760;7925354;3960757
FR;1;2021-04-16;203089;125149;8128443;4085906
FR;1;2021-04-17;120690;67480;8249133;4153386
FR;1;2021-04-18;35193;20993;8284326;4174379
FR;1;2021-04-19;161468;121928;8445794;4296307
FR;1;2021-04-20;186461;148797;8632255;4445104
FR;1;2021-04-21;191145;146751;8823400;4591855
FR;1;2021-04-22;205510;162650;9028910;4754505
FR;1;2021-04-23;195851;156935;9224761;4911440
FR;1;2021-04-24;124770;95509;9349531;5006949
FR;1;2021-04-25;52708;30140;9402239;5037089
FR;1;2021-04-26;177856;138281;9580095;5175370
FR;1;2021-04-27;218038;162005;9798133;5337375
FR;1;2021-04-28;234628;155135;10032761;5492510
FR;1;2021-04-29;266099;160093;10298860;5652603
FR;1;2021-04-30;267812;148175;10566672;5800778
FR;1;2021-05-01;137326;40719;10703998;5841497
FR;1;2021-05-02;80106;28163;10784104;5869660
FR;1;2021-05-03;245423;146546;11029527;6016206
FR;1;2021-05-04;260186;186875;11289713;6203081
FR;1;2021-05-05;276494;184601;11566207;6387682
FR;1;2021-05-06;303466;183071;11869673;6570753
FR;1;2021-05-07;278952;195762;12148625;6766515
FR;1;2021-05-08;180230;48333;12328855;6814848
FR;1;2021-05-09;112325;36234;12441180;6851082
FR;1;2021-05-10;249668;194294;12690848;7045376
FR;1;2021-05-11;312377;211454;13003225;7256830
FR;1;2021-05-12;346354;185959;13349579;7442789
FR;1;2021-05-13;277136;47682;13626715;7490471
FR;1;2021-05-14;360582;128938;13987297;7619409
FR;1;2021-05-15;289678;66172;14276975;7685581
FR;1;2021-05-16;155202;15588;14432177;7701169
FR;1;2021-05-17;311852;116747;14744029;7817916
FR;1;2021-05-18;370633;111414;15114662;7929330
FR;1;2021-05-19;385447;103010;15500109;8032340
FR;1;2021-05-20;410439;96414;15910548;8128754
FR;1;2021-05-21;389182;97509;16299730;8226263
FR;1;2021-05-22;270595;42184;16570325;8268447
FR;1;2021-05-23;120560;11247;16690885;8279694
FR;1;2021-05-24;238312;26381;16929197;8306075
FR;1;2021-05-25;357592;132070;17286789;8438145
FR;1;2021-05-26;366322;125830;17653111;8563975
FR;1;2021-05-27;395680;128419;18048791;8692394
FR;1;2021-05-28;356362;145714;18405153;8838108
FR;1;2021-05-29;249639;81075;18654792;8919183
FR;1;2021-05-30;98670;22616;18753462;8941799
FR;1;2021-05-31;307587;148957;19061049;9090756
FR;1;2021-06-01;344145;166963;19405194;9257719
FR;1;2021-06-02;344175;153481;19749369;9411200
FR;1;2021-06-03;375647;147918;20125016;9559118
FR;1;2021-06-04;348046;175814;20473062;9734932
FR;1;2021-06-05;250963;112885;20724025;9847817
FR;2;2020-12-27;0;0;0;0
FR;2;2020-12-28;0;0;0;0
FR;2;2020-12-29;0;0;0;0
FR;2;2020-12-30;0;0;0;0
FR;2;2020-12-31;0;0;0;0
FR;2;2021-01-01;0;0;0;0
FR;2;2021-01-02;0;0;0;0
FR;2;2021-01-03;0;0;0;0
FR;2;2021-01-04;0;0;0;0
FR;2;2021-01-05;0;0;0;0
FR;2;2021-01-06;0;0;0;0
FR;2;2021-01-07;0;0;0;0
FR;2;2021-01-08;0;0;0;0
FR;2;2021-01-09;0;0;0;0
FR;2;2021-01-10;0;0;0;0
FR;2;2021-01-11;0;0;0;0
FR;2;2021-01-12;0;0;0;0
FR;2;2021-01-13;0;0;0;0
FR;2;2021-01-14;147;0;147;0
FR;2;2021-01-15;217;0;364;0
FR;2;2021-01-16;185;0;549;0
FR;2;2021-01-17;3;0;552;0
FR;2;2021-01-18;2908;0;3460;0
FR;2;2021-01-19;4510;0;7970;0
FR;2;2021-01-20;4921;0;12891;0
FR;2;2021-01-21;5125;0;18016;0
FR;2;2021-01-22;4878;0;22894;0
FR;2;2021-01-23;1735;0;24629;0
FR;2;2021-01-24;102;0;24731;0
FR;2;2021-01-25;3634;0;28365;0
FR;2;2021-01-26;3747;0;32112;0
FR;2;2021-01-27;3440;0;35552;0
FR;2;2021-01-28;3513;0;39065;0
FR;2;2021-01-29;3082;0;42147;0
FR;2;2021-01-30;1065;0;43212;0
FR;2;2021-01-31;0;0;43212;0
FR;2;2021-02-01;3256;0;46468;0
FR;2;2021-02-02;4303;0;50771;0
FR;2;2021-02-03;5030;0;55801;0
FR;2;2021-02-04;4730;3;60531;3
FR;2;2021-02-05;4614;6;65145;9
FR;2;2021-02-06;1930;3;67075;12
FR;2;2021-02-07;42;0;67117;12
FR;2;2021-02-08;7417;8;74534;20
FR;2;2021-02-09;8254;15;82788;35
FR;2;2021-02-10;9136;49;91924;84
FR;2;2021-02-11;10052;67;101976;151
FR;2;2021-02-12;9805;238;111781;389
FR;2;2021-02-13;3015;222;114796;611
FR;2;2021-02-14;296;0;115092;611
FR;2;2021-02-15;3357;3067;118449;3678
FR;2;2021-02-16;4907;3881;123356;7559
FR;2;2021-02-17;4104;4403;127460;11962
FR;2;2021-02-18;5229;5089;132689;17051
FR;2;2021-02-19;5167;4323;137856;21374
FR;2;2021-02-20;1764;1509;139620;22883
FR;2;2021-02-21;197;86;139817;22969
FR;2;2021-02-22;3514;3723;143331;26692
FR;2;2021-02-23;4836;3693;148167;30385
FR;2;2021-02-24;4745;3468;152912;33853
FR;2;2021-02-25;5292;3426;158204;37279
FR;2;2021-02-26;4193;3125;162397;40404
FR;2;2021-02-27;1502;1042;163899;41446
FR;2;2021-02-28;99;28;163998;41474
FR;2;2021-03-01;4957;3764;168955;45238
FR;2;2021-03-02;6305;4728;175260;49966
FR;2;2021-03-03;6244;4883;181504;54849
FR;2;2021-03-04;8071;3967;189575;58816
FR;2;2021-03-05;7767;4060;197342;62876
FR;2;2021-03-06;4620;1682;201962;64558
FR;2;2021-03-07;2283;29;204245;64587
FR;2;2021-03-08;3979;8310;208224;72897
FR;2;2021-03-09;7265;8429;215489;81326
FR;2;2021-03-10;6860;9109;222349;90435
FR;2;2021-03-11;9052;9208;231401;99643
FR;2;2021-03-12;7717;8170;239118;107813
FR;2;2021-03-13;9867;2511;248985;110324
FR;2;2021-03-14;4753;402;253738;110726
FR;2;2021-03-15;10635;3484;264373;114210
FR;2;2021-03-16;16452;4621;280825;118831
FR;2;2021-03-17;19911;3952;300736;122783
FR;2;2021-03-18;22948;4910;323684;127693
FR;2;2021-03-19;22882;4537;346566;132230
FR;2;2021-03-20;25142;1540;371708;133770
FR;2;2021-03-21;17471;147;389179;133917
FR;2;2021-03-22;17388;3078;406567;136995
FR;2;2021-03-23;22267;4183;428834;141178
FR;2;2021-03-24;23544;4988;452378;146166
FR;2;2021-03-25;26272;5020;478650;151186
FR;2;2021-03-26;26582;4260;505232;155446
FR;2;2021-03-27;15638;1309;520870;156755
FR;2;2021-03-28;10391;94;531261;156849
FR;2;2021-03-29;18641;4280;549902;161129
FR;2;2021-03-30;24166;6002;574068;167131
FR;2;2021-03-31;28096;5956;602164;173087
FR;2;2021-04-01;33966;8495;636130;181582
FR;2;2021-04-02;29501;7661;665631;189243
FR;2;2021-04-03;16726;3582;682357;192825
FR;2;2021-04-04;9160;918;691517;193743
FR;2;2021-04-05;12117;811;703634;194554
FR;2;2021-04-06;26698;6934;730332;201488
FR;2;2021-04-07;30580;7174;760912;208662
FR;2;2021-04-08;36485;8817;797397;217479
FR;2;2021-04-09;33376;8602;830773;226081
FR;2;2021-04-10;19442;8968;850215;235049
FR;2;2021-04-11;7814;4271;858029;239320
FR;2;2021-04-12;16796;11254;874825;250574
FR;2;2021-04-13;19087;16426;893912;267000
FR;2;2021-04-14;17651;16284;911563;283284
FR;2;2021-04-15;21825;20757;933388;304041
FR;2;2021-04-16;20352;20073;953740;324114
FR;2;2021-04-17;13044;22462;966784;346576
FR;2;2021-04-18;5781;14405;972565;360981
FR;2;2021-04-19;16477;16262;989042;377243
FR;2;2021-04-20;18972;21595;1008014;398838
FR;2;2021-04-21;19677;21665;1027691;420503
FR;2;2021-04-22;23393;24861;1051084;445364
FR;2;2021-04-23;24191;25351;1075275;470715
FR;2;2021-04-24;25091;15111;1100366;485826
FR;2;2021-04-25;9473;8589;1109839;494415
FR;2;2021-04-26;16744;17195;1126583;511610
FR;2;2021-04-27;18941;24308;1145524;535918
FR;2;2021-04-28;21549;26189;1167073;562107
FR;2;2021-04-29;25069;30136;1192142;592243
FR;2;2021-04-30;25096;27783;1217238;620026
FR;2;2021-05-01;14761;9863;1231999;629889
FR;2;2021-05-02;6482;9184;1238481;639073
FR;2;2021-05-03;19450;19327;1257931;658400
FR;2;2021-05-04;17934;29056;1275865;687456
FR;2;2021-05-05;17912;29416;1293777;716872
FR;2;2021-05-06;23122;35293;1316899;752165
FR;2;2021-05-07;24748;33242;1341647;785407
FR;2;2021-05-08;20031;9704;1361678;795111
FR;2;2021-05-09;12902;7894;1374580;803005
FR;2;2021-05-10;32195;22221;1406775;825226
FR;2;2021-05-11;42824;21077;1449599;846303
FR;2;2021-05-12;48364;19907;1497963;866210
FR;2;2021-05-13;50456;5770;1548419;871980
FR;2;2021-05-14;60423;12955;1608842;884935
FR;2;2021-05-15;65192;7154;1674034;892089
FR;2;2021-05-16;42939;2575;1716973;894664
FR;2;2021-05-17;44052;12592;1761025;907256
FR;2;2021-05-18;53232;12254;1814257;919510
FR;2;2021-05-19;55668;10635;1869925;930145
FR;2;2021-05-20;62409;10897;1932334;941042
FR;2;2021-05-21;62274;11685;1994608;952727
FR;2;2021-05-22;60724;4528;2055332;957255
FR;2;2021-05-23;36906;577;2092238;957832
FR;2;2021-05-24;16817;2032;2109055;959864
FR;2;2021-05-25;20429;12241;2129484;972105
FR;2;2021-05-26;18422;11468;2147906;983573
FR;2;2021-05-27;22355;12666;2170261;996239
FR;2;2021-05-28;28159;14987;2198420;1011226
FR;2;2021-05-29;29750;8190;2228170;1019416
FR;2;2021-05-30;4444;1810;2232614;1021226
FR;2;2021-05-31;27504;18760;2260118;1039986
FR;2;2021-06-01;43879;20078;2303997;1060064
FR;2;2021-06-02;36016;19317;2340013;1079381
FR;2;2021-06-03;49755;23404;2389768;1102785
FR;2;2021-06-04;63333;24102;2453101;1126887
FR;2;2021-06-05;33052;24056;2486153;1150943
FR;3;2020-12-27;0;0;0;0
FR;3;2020-12-28;0;0;0;0
FR;3;2020-12-29;0;0;0;0
FR;3;2020-12-30;0;0;0;0
FR;3;2020-12-31;0;0;0;0
FR;3;2021-01-01;0;0;0;0
FR;3;2021-01-02;0;0;0;0
FR;3;2021-01-03;0;0;0;0
FR;3;2021-01-04;0;0;0;0
FR;3;2021-01-05;0;0;0;0
FR;3;2021-01-06;0;0;0;0
FR;3;2021-01-07;0;0;0;0
FR;3;2021-01-08;0;0;0;0
FR;3;2021-01-09;0;0;0;0
FR;3;2021-01-10;0;0;0;0
FR;3;2021-01-11;0;0;0;0
FR;3;2021-01-12;0;0;0;0
FR;3;2021-01-13;0;0;0;0
FR;3;2021-01-14;0;0;0;0
FR;3;2021-01-15;0;0;0;0
FR;3;2021-01-16;0;0;0;0
FR;3;2021-01-17;0;0;0;0
FR;3;2021-01-18;0;0;0;0
FR;3;2021-01-19;0;0;0;0
FR;3;2021-01-20;0;0;0;0
FR;3;2021-01-21;0;0;0;0
FR;3;2021-01-22;0;0;0;0
FR;3;2021-01-23;0;0;0;0
FR;3;2021-01-24;0;0;0;0
FR;3;2021-01-25;0;0;0;0
FR;3;2021-01-26;0;0;0;0
FR;3;2021-01-27;0;0;0;0
FR;3;2021-01-28;0;0;0;0
FR;3;2021-01-29;0;0;0;0
FR;3;2021-01-30;0;0;0;0
FR;3;2021-01-31;0;0;0;0
FR;3;2021-02-01;0;0;0;0
FR;3;2021-02-02;0;0;0;0
FR;3;2021-02-03;0;0;0;0
FR;3;2021-02-04;0;0;0;0
FR;3;2021-02-05;0;0;0;0
FR;3;2021-02-06;315;0;315;0
FR;3;2021-02-07;1348;0;1663;0
FR;3;2021-02-08;2633;0;4296;0
FR;3;2021-02-09;6637;0;10933;0
FR;3;2021-02-10;9225;0;20158;0
FR;3;2021-02-11;13340;0;33498;0
FR;3;2021-02-12;13035;0;46533;0
FR;3;2021-02-13;3509;0;50042;0
FR;3;2021-02-14;865;0;50907;0
FR;3;2021-02-15;10106;0;61013;0
FR;3;2021-02-16;12164;0;73177;0
FR;3;2021-02-17;10813;0;83990;0
FR;3;2021-02-18;14542;0;98532;0
FR;3;2021-02-19;14111;0;112643;0
FR;3;2021-02-20;3175;0;115818;0
FR;3;2021-02-21;544;0;116362;0
FR;3;2021-02-22;8904;0;125266;0
FR;3;2021-02-23;11098;0;136364;0
FR;3;2021-02-24;13876;0;150240;0
FR;3;2021-02-25;44321;0;194561;0
FR;3;2021-02-26;61373;0;255934;0
FR;3;2021-02-27;34426;7;290360;7
FR;3;2021-02-28;2340;0;292700;7
FR;3;2021-03-01;19877;10;312577;17
FR;3;2021-03-02;38298;13;350875;30
FR;3;2021-03-03;47757;17;398632;47
FR;3;2021-03-04;80982;20;479614;67
FR;3;2021-03-05;116740;60;596354;127
FR;3;2021-03-06;118752;49;715106;176
FR;3;2021-03-07;54430;29;769536;205
FR;3;2021-03-08;41972;21;811508;226
FR;3;2021-03-09;77881;31;889389;257
FR;3;2021-03-10;79673;39;969062;296
FR;3;2021-03-11;126966;49;1096028;345
FR;3;2021-03-12;181004;68;1277032;413
FR;3;2021-03-13;130750;53;1407782;466
FR;3;2021-03-14;13698;4;1421480;470
FR;3;2021-03-15;51211;38;1472691;508
FR;3;2021-03-16;905;14;1473596;522
FR;3;2021-03-17;620;6;1474216;528
FR;3;2021-03-18;1179;4;1475395;532
FR;3;2021-03-19;69372;36;1544767;568
FR;3;2021-03-20;64388;35;1609155;603
FR;3;2021-03-21;5482;4;1614637;607
FR;3;2021-03-22;36688;32;1651325;639
FR;3;2021-03-23;83441;50;1734766;689
FR;3;2021-03-24;89713;91;1824479;780
FR;3;2021-03-25;148331;115;1972810;895
FR;3;2021-03-26;163729;156;2136539;1051
FR;3;2021-03-27;67381;88;2203920;1139
FR;3;2021-03-28;6179;19;2210099;1158
FR;3;2021-03-29;53358;61;2263457;1219
FR;3;2021-03-30;92048;88;2355505;1307
FR;3;2021-03-31;62425;82;2417930;1389
FR;3;2021-04-01;84758;104;2502688;1493
FR;3;2021-04-02;85787;148;2588475;1641
FR;3;2021-04-03;35215;109;2623690;1750
FR;3;2021-04-04;3378;15;2627068;1765
FR;3;2021-04-05;4219;21;2631287;1786
FR;3;2021-04-06;28882;76;2660169;1862
FR;3;2021-04-07;31505;60;2691674;1922
FR;3;2021-04-08;77482;235;2769156;2157
FR;3;2021-04-09;159803;410;2928959;2567
FR;3;2021-04-10;74475;332;3003434;2899
FR;3;2021-04-11;7019;44;3010453;2943
FR;3;2021-04-12;50543;197;3060996;3140
FR;3;2021-04-13;85056;314;3146052;3454
FR;3;2021-04-14;66508;341;3212560;3795
FR;3;2021-04-15;91668;369;3304228;4164
FR;3;2021-04-16;111019;573;3415247;4737
FR;3;2021-04-17;52213;336;3467460;5073
FR;3;2021-04-18;9427;34;3476887;5107
FR;3;2021-04-19;24437;238;3501324;5345
FR;3;2021-04-20;44817;398;3546141;5743
FR;3;2021-04-21;38017;457;3584158;6200
FR;3;2021-04-22;53670;791;3637828;6991
FR;3;2021-04-23;69425;1021;3707253;8012
FR;3;2021-04-24;36492;985;3743745;8997
FR;3;2021-04-25;5910;158;3749655;9155
FR;3;2021-04-26;19080;664;3768735;9819
FR;3;2021-04-27;33697;1246;3802432;11065
FR;3;2021-04-28;28256;1926;3830688;12991
FR;3;2021-04-29;44526;5957;3875214;18948
FR;3;2021-04-30;54544;8932;3929758;27880
FR;3;2021-05-01;9166;1967;3938924;29847
FR;3;2021-05-02;2793;500;3941717;30347
FR;3;2021-05-03;12493;3881;3954210;34228
FR;3;2021-05-04;22393;8455;3976603;42683
FR;3;2021-05-05;18020;10573;3994623;53256
FR;3;2021-05-06;33864;20906;4028487;74162
FR;3;2021-05-07;43324;28410;4071811;102572
FR;3;2021-05-08;6339;8905;4078150;111477
FR;3;2021-05-09;1562;2655;4079712;114132
FR;3;2021-05-10;14397;12560;4094109;126692
FR;3;2021-05-11;26358;25739;4120467;152431
FR;3;2021-05-12;16697;27452;4137164;179883
FR;3;2021-05-13;1999;3480;4139163;183363
FR;3;2021-05-14;14035;25743;4153198;209106
FR;3;2021-05-15;6903;20735;4160101;229841
FR;3;2021-05-16;810;2680;4160911;232521
FR;3;2021-05-17;7488;19914;4168399;252435
FR;3;2021-05-18;12876;29636;4181275;282071
FR;3;2021-05-19;8780;31864;4190055;313935
FR;3;2021-05-20;12232;53223;4202287;367158
FR;3;2021-05-21;12216;65542;4214503;432700
FR;3;2021-05-22;4637;33300;4219140;466000
FR;3;2021-05-23;534;2665;4219674;468665
FR;3;2021-05-24;577;4920;4220251;473585
FR;3;2021-05-25;4813;45191;4225064;518776
FR;3;2021-05-26;4552;51054;4229616;569830
FR;3;2021-05-27;5886;77850;4235502;647680
FR;3;2021-05-28;7082;99108;4242584;746788
FR;3;2021-05-29;3045;60285;4245629;807073
FR;3;2021-05-30;367;8243;4245996;815316
FR;3;2021-05-31;2034;35995;4248030;851311
FR;3;2021-06-01;2932;64819;4250962;916130
FR;3;2021-06-02;2330;58361;4253292;974491
FR;3;2021-06-03;3106;87592;4256398;1062083
FR;3;2021-06-04;3728;105133;4260126;1167216
FR;3;2021-06-05;1697;52240;4261823;1219456
FR;4;2020-12-27;0;0;0;0
FR;4;2020-12-28;0;0;0;0
FR;4;2020-12-29;0;0;0;0
FR;4;2020-12-30;0;0;0;0
FR;4;2020-12-31;0;0;0;0
FR;4;2021-01-01;0;0;0;0
FR;4;2021-01-02;0;0;0;0
FR;4;2021-01-03;0;0;0;0
FR;4;2021-01-04;0;0;0;0
FR;4;2021-01-05;0;0;0;0
FR;4;2021-01-06;0;0;0;0
FR;4;2021-01-07;0;0;0;0
FR;4;2021-01-08;0;0;0;0
FR;4;2021-01-09;0;0;0;0
FR;4;2021-01-10;0;0;0;0
FR;4;2021-01-11;0;0;0;0
FR;4;2021-01-12;0;0;0;0
FR;4;2021-01-13;0;0;0;0
FR;4;2021-01-14;0;0;0;0
FR;4;2021-01-15;0;0;0;0
FR;4;2021-01-16;0;0;0;0
FR;4;2021-01-17;0;0;0;0
FR;4;2021-01-18;0;0;0;0
FR;4;2021-01-19;0;0;0;0
FR;4;2021-01-20;0;0;0;0
FR;4;2021-01-21;0;0;0;0
FR;4;2021-01-22;0;0;0;0
FR;4;2021-01-23;0;0;0;0
FR;4;2021-01-24;0;0;0;0
FR;4;2021-01-25;0;0;0;0
FR;4;2021-01-26;0;0;0;0
FR;4;2021-01-27;0;0;0;0
FR;4;2021-01-28;0;0;0;0
FR;4;2021-01-29;0;0;0;0
FR;4;2021-01-30;0;0;0;0
FR;4;2021-01-31;0;0;0;0
FR;4;2021-02-01;0;0;0;0
FR;4;2021-02-02;0;0;0;0
FR;4;2021-02-03;0;0;0;0
FR;4;2021-02-04;0;0;0;0
FR;4;2021-02-05;0;0;0;0
FR;4;2021-02-06;0;0;0;0
FR;4;2021-02-07;0;0;0;0
FR;4;2021-02-08;0;0;0;0
FR;4;2021-02-09;0;0;0;0
FR;4;2021-02-10;0;0;0;0
FR;4;2021-02-11;0;0;0;0
FR;4;2021-02-12;0;0;0;0
FR;4;2021-02-13;0;0;0;0
FR;4;2021-02-14;0;0;0;0
FR;4;2021-02-15;0;0;0;0
FR;4;2021-02-16;0;0;0;0
FR;4;2021-02-17;0;0;0;0
FR;4;2021-02-18;0;0;0;0
FR;4;2021-02-19;0;0;0;0
FR;4;2021-02-20;0;0;0;0
FR;4;2021-02-21;0;0;0;0
FR;4;2021-02-22;0;0;0;0
FR;4;2021-02-23;0;0;0;0
FR;4;2021-02-24;0;0;0;0
FR;4;2021-02-25;0;0;0;0
FR;4;2021-02-26;0;0;0;0
FR;4;2021-02-27;0;0;0;0
FR;4;2021-02-28;0;0;0;0
FR;4;2021-03-01;0;0;0;0
FR;4;2021-03-02;0;0;0;0
FR;4;2021-03-03;0;0;0;0
FR;4;2021-03-04;0;0;0;0
FR;4;2021-03-05;0;0;0;0
FR;4;2021-03-06;0;0;0;0
FR;4;2021-03-07;0;0;0;0
FR;4;2021-03-08;0;0;0;0
FR;4;2021-03-09;0;0;0;0
FR;4;2021-03-10;0;0;0;0
FR;4;2021-03-11;0;0;0;0
FR;4;2021-03-12;0;0;0;0
FR;4;2021-03-13;0;0;0;0
FR;4;2021-03-14;0;0;0;0
FR;4;2021-03-15;0;0;0;0
FR;4;2021-03-16;0;0;0;0
FR;4;2021-03-17;0;0;0;0
FR;4;2021-03-18;0;0;0;0
FR;4;2021-03-19;0;0;0;0
FR;4;2021-03-20;0;0;0;0
FR;4;2021-03-21;0;0;0;0
FR;4;2021-03-22;0;0;0;0
FR;4;2021-03-23;0;0;0;0
FR;4;2021-03-24;0;0;0;0
FR;4;2021-03-25;0;0;0;0
FR;4;2021-03-26;0;0;0;0
FR;4;2021-03-27;0;0;0;0
FR;4;2021-03-28;0;0;0;0
FR;4;2021-03-29;0;0;0;0
FR;4;2021-03-30;0;0;0;0
FR;4;2021-03-31;0;0;0;0
FR;4;2021-04-01;0;0;0;0
FR;4;2021-04-02;0;0;0;0
FR;4;2021-04-03;0;0;0;0
FR;4;2021-04-04;0;0;0;0
FR;4;2021-04-05;0;0;0;0
FR;4;2021-04-06;0;0;0;0
FR;4;2021-04-07;0;0;0;0
FR;4;2021-04-08;0;0;0;0
FR;4;2021-04-09;0;0;0;0
FR;4;2021-04-10;0;0;0;0
FR;4;2021-04-11;0;0;0;0
FR;4;2021-04-12;0;0;0;0
FR;4;2021-04-13;0;0;0;0
FR;4;2021-04-14;0;0;0;0
FR;4;2021-04-15;0;0;0;0
FR;4;2021-04-16;0;0;0;0
FR;4;2021-04-17;0;0;0;0
FR;4;2021-04-18;0;0;0;0
FR;4;2021-04-19;0;0;0;0
FR;4;2021-04-20;0;0;0;0
FR;4;2021-04-21;0;0;0;0
FR;4;2021-04-22;0;0;0;0
FR;4;2021-04-23;741;0;741;0
FR;4;2021-04-24;1552;0;2293;0
FR;4;2021-04-25;117;0;2410;0
FR;4;2021-04-26;2827;0;5237;0
FR;4;2021-04-27;9361;3;14598;3
FR;4;2021-04-28;9754;3;24352;6
FR;4;2021-04-29;15871;7;40223;13
FR;4;2021-04-30;19066;7;59289;20
FR;4;2021-05-01;1894;5;61183;25
FR;4;2021-05-02;439;0;61622;25
FR;4;2021-05-03;4921;1;66543;26
FR;4;2021-05-04;8245;8;74788;34
FR;4;2021-05-05;5997;7;80785;41
FR;4;2021-05-06;11250;11;92035;52
FR;4;2021-05-07;18896;8;110931;60
FR;4;2021-05-08;2251;4;113182;64
FR;4;2021-05-09;628;2;113810;66
FR;4;2021-05-10;7080;13;120890;79
FR;4;2021-05-11;14095;12;134985;91
FR;4;2021-05-12;9936;14;144921;105
FR;4;2021-05-13;1440;3;146361;108
FR;4;2021-05-14;7573;8;153934;116
FR;4;2021-05-15;3575;9;157509;125
FR;4;2021-05-16;352;1;157861;126
FR;4;2021-05-17;4237;2;162098;128
FR;4;2021-05-18;8533;10;170631;138
FR;4;2021-05-19;5502;5;176133;143
FR;4;2021-05-20;9168;7;185301;150
FR;4;2021-05-21;12497;25;197798;175
FR;4;2021-05-22;4907;13;202705;188
FR;4;2021-05-23;419;2;203124;190
FR;4;2021-05-24;931;3;204055;193
FR;4;2021-05-25;7357;16;211412;209
FR;4;2021-05-26;7497;12;218909;221
FR;4;2021-05-27;14023;34;232932;255
FR;4;2021-05-28;26154;74;259086;329
FR;4;2021-05-29;11072;18;270158;347
FR;4;2021-05-30;858;2;271016;349
FR;4;2021-05-31;12384;19;283400;368
FR;4;2021-06-01;19634;40;303034;408
FR;4;2021-06-02;14028;33;317062;441
FR;4;2021-06-03;18892;23;335954;464
FR;4;2021-06-04;21512;45;357466;509
FR;4;2021-06-05;8863;27;366329;536
FR;0;2020-12-27;20;0;20;0
FR;0;2020-12-28;69;0;89;0
FR;0;2020-12-29;108;0;197;0
FR;0;2020-12-30;121;0;318;0
FR;0;2020-12-31;85;0;403;0
FR;0;2021-01-01;68;0;471;0
FR;0;2021-01-02;87;0;558;0
FR;0;2021-01-03;90;0;648;0
FR;0;2021-01-04;1477;0;2125;0
FR;0;2021-01-05;5394;0;7519;0
FR;0;2021-01-06;11294;0;18813;0
FR;0;2021-01-07;28554;0;47367;0
FR;0;2021-01-08;36233;0;83600;0
FR;0;2021-01-09;10914;0;94514;0
FR;0;2021-01-10;5619;0;100133;0
FR;0;2021-01-11;38972;0;139105;0
FR;0;2021-01-12;60844;0;199949;0
FR;0;2021-01-13;63745;0;263694;0
FR;0;2021-01-14;79846;0;343540;0
FR;0;2021-01-15;67468;0;411008;0
FR;0;2021-01-16;19708;78;430716;78
FR;0;2021-01-17;10468;42;441184;120
FR;0;2021-01-18;84356;163;525540;283
FR;0;2021-01-19;128432;127;653972;410
FR;0;2021-01-20;135147;159;789119;569
FR;0;2021-01-21;155328;135;944447;704
FR;0;2021-01-22;118610;162;1063057;866
FR;0;2021-01-23;37808;50;1100865;916
FR;0;2021-01-24;9362;27;1110227;943
FR;0;2021-01-25;76828;1218;1187055;2161
FR;0;2021-01-26;98802;3110;1285857;5271
FR;0;2021-01-27;105640;5597;1391497;10868
FR;0;2021-01-28;122317;14360;1513814;25228
FR;0;2021-01-29;90855;17292;1604669;42520
FR;0;2021-01-30;28644;4225;1633313;46745
FR;0;2021-01-31;4868;1679;1638181;48424
FR;0;2021-02-01;51545;21128;1689726;69552
FR;0;2021-02-02;70701;34568;1760427;104120
FR;0;2021-02-03;70984;36960;1831411;141080
FR;0;2021-02-04;80535;50060;1911946;191140
FR;0;2021-02-05;67113;45341;1979059;236481
FR;0;2021-02-06;21325;10399;2000384;246880
FR;0;2021-02-07;4823;5041;2005207;251921
FR;0;2021-02-08;45826;45993;2051033;297914
FR;0;2021-02-09;64902;72407;2115935;370321
FR;0;2021-02-10;69231;76695;2185166;447016
FR;0;2021-02-11;85560;99144;2270726;546160
FR;0;2021-02-12;77683;74276;2348409;620436
FR;0;2021-02-13;21657;19492;2370066;639928
FR;0;2021-02-14;4583;7190;2374649;647118
FR;0;2021-02-15;37039;76507;2411688;723625
FR;0;2021-02-16;49190;100746;2460878;824371
FR;0;2021-02-17;49296;102971;2510174;927342
FR;0;2021-02-18;67902;118563;2578076;1045905
FR;0;2021-02-19;63704;90736;2641780;1136641
FR;0;2021-02-20;17959;28429;2659739;1165070
FR;0;2021-02-21;2858;6373;2662597;1171443
FR;0;2021-02-22;36452;73138;2699049;1244581
FR;0;2021-02-23;52614;84058;2751663;1328639
FR;0;2021-02-24;57985;81130;2809648;1409769
FR;0;2021-02-25;98510;91420;2908158;1501189
FR;0;2021-02-26;111653;71012;3019811;1572201
FR;0;2021-02-27;51106;21980;3070917;1594181
FR;0;2021-02-28;5669;4414;3076586;1598595
FR;0;2021-03-01;63550;52804;3140136;1651399
FR;0;2021-03-02;99316;66246;3239452;1717645
FR;0;2021-03-03;113525;65551;3352977;1783196
FR;0;2021-03-04;160228;68881;3513205;1852077
FR;0;2021-03-05;197687;63393;3710892;1915470
FR;0;2021-03-06;204778;17824;3915670;1933294
FR;0;2021-03-07;119691;5481;4035361;1938775
FR;0;2021-03-08;104658;50808;4140019;1989583
FR;0;2021-03-09;169544;56778;4309563;2046361
FR;0;2021-03-10;175539;57215;4485102;2103576
FR;0;2021-03-11;239288;63118;4724390;2166694
FR;0;2021-03-12;290860;53506;5015250;2220200
FR;0;2021-03-13;228139;15284;5243389;2235484
FR;0;2021-03-14;62085;3437;5305474;2238921
FR;0;2021-03-15;155626;32673;5461100;2271594
FR;0;2021-03-16;139225;39541;5600325;2311135
FR;0;2021-03-17;147968;38826;5748293;2349961
FR;0;2021-03-18;164902;44664;5913195;2394625
FR;0;2021-03-19;226419;37486;6139614;2432111
FR;0;2021-03-20;164427;11787;6304041;2443898
FR;0;2021-03-21;48721;2628;6352762;2446526
FR;0;2021-03-22;166947;34300;6519709;2480826
FR;0;2021-03-23;246506;42406;6766215;2523232
FR;0;2021-03-24;253075;43869;7019290;2567101
FR;0;2021-03-25;337230;44754;7356520;2611855
FR;0;2021-03-26;354419;41911;7710939;2653766
FR;0;2021-03-27;192839;16653;7903778;2670419
FR;0;2021-03-28;58289;3737;7962067;2674156
FR;0;2021-03-29;200246;54310;8162313;2728466
FR;0;2021-03-30;281693;69686;8444006;2798152
FR;0;2021-03-31;259252;72951;8703258;2871103
FR;0;2021-04-01;309769;87852;9013027;2958955
FR;0;2021-04-02;277472;92127;9290499;3051082
FR;0;2021-04-03;139042;61876;9429541;3112958
FR;0;2021-04-04;44858;18665;9474399;3131623
FR;0;2021-04-05;58752;11009;9533151;3142632
FR;0;2021-04-06;213013;107897;9746164;3250529
FR;0;2021-04-07;256007;115503;10002171;3366032
FR;0;2021-04-08;332398;121458;10334569;3487490
FR;0;2021-04-09;404399;116530;10738968;3604020
FR;0;2021-04-10;209977;82763;10948945;3686783
FR;0;2021-04-11;54956;34603;11003901;3721386
FR;0;2021-04-12;233621;115247;11237522;3836633
FR;0;2021-04-13;304848;144998;11542370;3981631
FR;0;2021-04-14;289225;139445;11831595;4121076
FR;0;2021-04-15;331375;147886;12162970;4268962
FR;0;2021-04-16;334460;145795;12497430;4414757
FR;0;2021-04-17;185947;90278;12683377;4505035
FR;0;2021-04-18;50401;35432;12733778;4540467
FR;0;2021-04-19;202382;138428;12936160;4678895
FR;0;2021-04-20;250250;170790;13186410;4849685
FR;0;2021-04-21;248839;168873;13435249;5018558
FR;0;2021-04-22;282573;188302;13717822;5206860
FR;0;2021-04-23;290208;183307;14008030;5390167
FR;0;2021-04-24;187905;111605;14195935;5501772
FR;0;2021-04-25;68208;38887;14264143;5540659
FR;0;2021-04-26;216507;156140;14480650;5696799
FR;0;2021-04-27;280037;187562;14760687;5884361
FR;0;2021-04-28;294187;183253;15054874;6067614
FR;0;2021-04-29;351565;196193;15406439;6263807
FR;0;2021-04-30;366518;184897;15772957;6448704
FR;0;2021-05-01;163147;52554;15936104;6501258
FR;0;2021-05-02;89820;37847;16025924;6539105
FR;0;2021-05-03;282287;169755;16308211;6708860
FR;0;2021-05-04;308758;224394;16616969;6933254
FR;0;2021-05-05;318423;224597;16935392;7157851
FR;0;2021-05-06;371702;239281;17307094;7397132
FR;0;2021-05-07;365920;257422;17673014;7654554
FR;0;2021-05-08;208851;66946;17881865;7721500
FR;0;2021-05-09;127417;46785;18009282;7768285
FR;0;2021-05-10;303340;229088;18312622;7997373
FR;0;2021-05-11;395654;258282;18708276;8255655
FR;0;2021-05-12;421351;233332;19129627;8488987
FR;0;2021-05-13;331031;56935;19460658;8545922
FR;0;2021-05-14;442613;167644;19903271;8713566
FR;0;2021-05-15;365348;94070;20268619;8807636
FR;0;2021-05-16;199303;20844;20467922;8828480
FR;0;2021-05-17;367629;149255;20835551;8977735
FR;0;2021-05-18;445274;153314;21280825;9131049
FR;0;2021-05-19;455397;145514;21736222;9276563
FR;0;2021-05-20;494248;160541;22230470;9437104
FR;0;2021-05-21;476169;174761;22706639;9611865
FR;0;2021-05-22;340863;80025;23047502;9691890
FR;0;2021-05-23;158419;14491;23205921;9706381
FR;0;2021-05-24;256637;33336;23462558;9739717
FR;0;2021-05-25;390191;189518;23852749;9929235
FR;0;2021-05-26;396793;188364;24249542;10117599
FR;0;2021-05-27;437944;218969;24687486;10336568
FR;0;2021-05-28;417757;259883;25105243;10596451
FR;0;2021-05-29;293506;149568;25398749;10746019
FR;0;2021-05-30;104339;32671;25503088;10778690
FR;0;2021-05-31;349509;203731;25852597;10982421
FR;0;2021-06-01;410590;251900;26263187;11234321
FR;0;2021-06-02;396549;231192;26659736;11465513
FR;0;2021-06-03;447400;258937;27107136;11724450
FR;0;2021-06-04;436619;305094;27543755;12029544
FR;0;2021-06-05;294575;189208;27838330;12218752
